01/01/2000,STJ,MO,ACE,CE,Federal Contract Tower,0,0,0,0,0,0,0,20,0,20,0,0,20,0,20,44,0,44,64
01/02/2000,STJ,MO,ACE,CE,Federal Contract Tower,0,0,2,0,2,0,0,25,0,25,0,0,27,0,27,14,0,14,41
01/03/2000,STJ,MO,ACE,CE,Federal Contract Tower,0,0,1,1,2,0,0,1,0,1,0,0,2,1,3,3,0,3,6
01/04/2000,STJ,MO,ACE,CE,Federal Contract Tower,0,0,11,15,26,0,0,28,7,35,0,0,39,22,61,41,38,79,140
01/05/2000,STJ,MO,ACE,CE,Federal Contract Tower,0,0,29,40,69,0,2,12,14,28,0,2,41,54,97,4,28,32,129
01/06/2000,STJ,MO,ACE,CE,Federal Contract Tower,0,0,10,14,24,0,1,36,27,64,0,1,46,41,88,24,6,30,118
01/07/2000,STJ,MO,ACE,CE,Federal Contract Tower,2,0,10,6,18,0,0,40,0,40,2,0,50,6,58,26,27,53,111
01/08/2000,STJ,MO,ACE,CE,Federal Contract Tower,1,0,9,2,12,17,0,12,0,29,18,0,21,2,41,15,0,15,56
01/09/2000,STJ,MO,ACE,CE,Federal Contract Tower,0,0,8,6,14,0,0,18,0,18,0,0,26,6,32,30,0,30,62
01/10/2000,STJ,MO,ACE,CE,Federal Contract Tower,0,0,4,0,4,0,0,17,0,17,0,0,21,0,21,32,14,46,67
01/11/2000,STJ,MO,ACE,CE,Federal Contract Tower,0,0,3,4,7,0,0,17,10,27,0,0,20,14,34,22,103,125,159
01/12/2000,STJ,MO,ACE,CE,Federal Contract Tower,0,0,4,5,9,0,0,25,11,36,0,0,29,16,45,34,24,58,103
01/13/2000,STJ,MO,ACE,CE,Federal Contract Tower,0,0,7,9,16,0,0,37,16,53,0,0,44,25,69,34,24,58,127
01/14/2000,STJ,MO,ACE,CE,Federal Contract Tower,0,0,16,17,33,0,0,24,0,24,0,0,40,17,57,17,17,34,91
01/15/2000,STJ,MO,ACE,CE,Federal Contract Tower,0,0,2,0,2,0,0,26,0,26,0,0,28,0,28,72,0,72,100
01/16/2000,STJ,MO,ACE,CE,Federal Contract Tower,0,0,2,1,3,0,0,41,1,42,0,0,43,2,45,24,0,24,69
01/17/2000,STJ,MO,ACE,CE,Federal Contract Tower,0,0,2,0,2,0,0,51,0,51,0,0,53,0,53,46,0,46,99
01/18/2000,STJ,MO,ACE,CE,Federal Contract Tower,0,0,9,14,23,0,2,40,2,44,0,2,49,16,67,46,20,66,133
01/19/2000,STJ,MO,ACE,CE,Federal Contract Tower,0,0,4,7,11,0,0,9,3,12,0,0,13,10,23,0,14,14,37
01/20/2000,STJ,MO,ACE,CE,Federal Contract Tower,0,0,3,4,7,0,0,37,15,52,0,0,40,19,59,58,39,97,156
01/21/2000,STJ,MO,ACE,CE,Federal Contract Tower,0,0,13,18,31,0,1,25,5,31,0,1,38,23,62,32,14,46,108
01/22/2000,STJ,MO,ACE,CE,Federal Contract Tower,0,0,1,1,2,0,0,71,0,71,0,0,72,1,73,40,0,40,113
01/23/2000,STJ,MO,ACE,CE,Federal Contract Tower,0,0,4,0,4,0,0,10,0,10,0,0,14,0,14,14,0,14,28
01/24/2000,STJ,MO,ACE,CE,Federal Contract Tower,0,0,12,18,30,0,0,61,4,65,0,0,73,22,95,19,0,19,114
01/25/2000,STJ,MO,ACE,CE,Federal Contract Tower,0,0,9,12,21,0,0,14,20,34,0,0,23,32,55,50,65,115,170
01/26/2000,STJ,MO,ACE,CE,Federal Contract Tower,0,0,12,16,28,0,0,16,7,23,0,0,28,23,51,12,10,22,73
01/27/2000,STJ,MO,ACE,CE,Federal Contract Tower,0,0,3,5,8,0,0,48,17,65,0,0,51,22,73,26,0,26,99
01/28/2000,STJ,MO,ACE,CE,Federal Contract Tower,0,0,0,2,2,0,0,5,0,5,0,0,5,2,7,28,0,28,35
01/29/2000,STJ,MO,ACE,CE,Federal Contract Tower,0,0,0,0,0,0,0,2,0,2,0,0,2,0,2,2,0,2,4
01/30/2000,STJ,MO,ACE,CE,Federal Contract Tower,0,0,2,4,6,3,0,16,0,19,3,0,18,4,25,2,0,2,27
01/31/2000,STJ,MO,ACE,CE,Federal Contract Tower,0,0,9,0,9,0,0,22,0,22,0,0,31,0,31,22,0,22,53
02/01/2000,STJ,MO,ACE,CE,Federal Contract Tower,0,0,8,4,12,0,0,11,0,11,0,0,19,4,23,55,29,84,107
02/02/2000,STJ,MO,ACE,CE,Federal Contract Tower,0,0,6,5,11,0,1,6,7,14,0,1,12,12,25,2,5,7,32
02/03/2000,STJ,MO,ACE,CE,Federal Contract Tower,1,0,18,14,33,1,0,9,14,24,2,0,27,28,57,25,13,38,95
02/04/2000,STJ,MO,ACE,CE,Federal Contract Tower,0,0,4,4,8,0,1,43,5,49,0,1,47,9,57,48,0,48,105
02/05/2000,STJ,MO,ACE,CE,Federal Contract Tower,0,0,9,1,10,0,1,81,0,82,0,1,90,1,92,67,0,67,159
02/06/2000,STJ,MO,ACE,CE,Federal Contract Tower,0,0,1,1,2,0,1,39,1,41,0,1,40,2,43,50,0,50,93
02/07/2000,STJ,MO,ACE,CE,Federal Contract Tower,0,0,3,3,6,0,0,37,21,58,0,0,40,24,64,58,4,62,126
02/08/2000,STJ,MO,ACE,CE,Federal Contract Tower,1,0,12,10,23,0,0,46,26,72,1,0,58,36,95,108,4,112,207
02/09/2000,STJ,MO,ACE,CE,Federal Contract Tower,0,0,15,16,31,0,0,0,7,7,0,0,15,23,38,105,18,123,161
02/10/2000,STJ,MO,ACE,CE,Federal Contract Tower,0,0,26,20,46,3,0,3,7,13,3,0,29,27,59,36,5,41,100
02/11/2000,STJ,MO,ACE,CE,Federal Contract Tower,0,0,4,0,4,0,0,21,0,21,0,0,25,0,25,49,0,49,74
02/12/2000,STJ,MO,ACE,CE,Federal Contract Tower,0,0,7,0,7,0,0,10,0,10,0,0,17,0,17,72,0,72,89
02/13/2000,STJ,MO,ACE,CE,Federal Contract Tower,0,0,4,3,7,0,0,2,0,2,0,0,6,3,9,10,0,10,19
02/14/2000,STJ,MO,ACE,CE,Federal Contract Tower,0,1,11,2,14,0,1,37,0,38,0,2,48,2,52,84,0,84,136
02/15/2000,STJ,MO,ACE,CE,Federal Contract Tower,0,0,19,0,19,2,0,31,0,33,2,0,50,0,52,44,56,100,152
02/16/2000,STJ,MO,ACE,CE,Federal Contract Tower,0,0,25,18,43,0,3,25,8,36,0,3,50,26,79,26,46,72,151
02/17/2000,STJ,MO,ACE,CE,Federal Contract Tower,0,0,0,1,1,0,0,0,0,0,0,0,0,1,1,14,0,14,15
02/18/2000,STJ,MO,ACE,CE,Federal Contract Tower,0,0,5,0,5,0,1,3,0,4,0,1,8,0,9,14,0,14,23
02/19/2000,STJ,MO,ACE,CE,Federal Contract Tower,0,0,4,1,5,1,0,20,0,21,1,0,24,1,26,132,0,132,158
02/20/2000,STJ,MO,ACE,CE,Federal Contract Tower,0,0,5,1,6,0,4,47,0,51,0,4,52,1,57,49,0,49,106
02/21/2000,STJ,MO,ACE,CE,Federal Contract Tower,0,0,6,1,7,0,0,52,0,52,0,0,58,1,59,38,0,38,97
02/22/2000,STJ,MO,ACE,CE,Federal Contract Tower,0,0,25,18,43,0,0,13,27,40,0,0,38,45,83,31,32,63,146
02/23/2000,STJ,MO,ACE,CE,Federal Contract Tower,0,0,14,10,24,0,3,11,4,18,0,3,25,14,42,18,24,42,84
02/24/2000,STJ,MO,ACE,CE,Federal Contract Tower,0,0,14,0,14,0,0,36,0,36,0,0,50,0,50,96,0,96,146
02/25/2000,STJ,MO,ACE,CE,Federal Contract Tower,0,0,8,2,10,0,0,9,0,9,0,0,17,2,19,5,1,6,25
02/26/2000,STJ,MO,ACE,CE,Federal Contract Tower,0,0,3,0,3,0,0,47,0,47,0,0,50,0,50,96,0,96,146
02/27/2000,STJ,MO,ACE,CE,Federal Contract Tower,0,0,3,0,3,0,0,80,0,80,0,0,83,0,83,25,0,25,108
02/28/2000,STJ,MO,ACE,CE,Federal Contract Tower,0,0,14,10,24,0,0,19,6,25,0,0,33,16,49,6,18,24,73
02/29/2000,STJ,MO,ACE,CE,Federal Contract Tower,0,0,6,4,10,0,0,12,19,31,0,0,18,23,41,14,37,51,92
03/01/2000,STJ,MO,ACE,CE,Federal Contract Tower,0,0,14,11,25,0,0,22,30,52,0,0,36,41,77,26,26,52,129
03/02/2000,STJ,MO,ACE,CE,Federal Contract Tower,1,0,8,1,10,3,0,19,0,22,4,0,27,1,32,57,34,91,123
03/03/2000,STJ,MO,ACE,CE,Federal Contract Tower,0,0,17,13,30,0,1,14,4,19,0,1,31,17,49,34,24,58,107
03/04/2000,STJ,MO,ACE,CE,Federal Contract Tower,0,0,7,5,12,0,0,23,6,29,0,0,30,11,41,122,42,164,205
03/05/2000,STJ,MO,ACE,CE,Federal Contract Tower,0,0,14,3,17,0,0,83,0,83,0,0,97,3,100,22,0,22,122
03/06/2000,STJ,MO,ACE,CE,Federal Contract Tower,1,0,12,8,21,1,0,20,6,27,2,0,32,14,48,33,10,43,91
03/07/2000,STJ,MO,ACE,CE,Federal Contract Tower,0,0,17,13,30,0,0,32,6,38,0,0,49,19,68,80,14,94,162
03/08/2000,STJ,MO,ACE,CE,Federal Contract Tower,0,0,6,5,11,0,0,8,2,10,0,0,14,7,21,0,4,4,25
03/09/2000,STJ,MO,ACE,CE,Federal Contract Tower,0,0,16,12,28,0,0,23,18,41,0,0,39,30,69,36,12,48,117
03/10/2000,STJ,MO,ACE,CE,Federal Contract Tower,0,1,12,9,22,0,0,16,6,22,0,1,28,15,44,27,24,51,95
03/11/2000,STJ,MO,ACE,CE,Federal Contract Tower,0,0,8,0,8,0,0,45,0,45,0,0,53,0,53,56,0,56,109
03/12/2000,STJ,MO,ACE,CE,Federal Contract Tower,0,0,7,1,8,0,0,25,0,25,0,0,32,1,33,2,0,2,35
03/13/2000,STJ,MO,ACE,CE,Federal Contract Tower,0,0,4,2,6,0,0,41,12,53,0,0,45,14,59,58,0,58,117
03/14/2000,STJ,MO,ACE,CE,Federal Contract Tower,0,0,23,15,38,0,0,11,10,21,0,0,34,25,59,52,27,79,138
03/15/2000,STJ,MO,ACE,CE,Federal Contract Tower,0,0,8,4,12,0,0,12,12,24,0,0,20,16,36,4,0,4,40
03/16/2000,STJ,MO,ACE,CE,Federal Contract Tower,0,0,22,16,38,0,0,25,9,34,0,0,47,25,72,48,9,57,129
03/17/2000,STJ,MO,ACE,CE,Federal Contract Tower,0,0,21,2,23,0,0,13,0,13,0,0,34,2,36,18,0,18,54
03/18/2000,STJ,MO,ACE,CE,Federal Contract Tower,0,0,16,0,16,0,0,12,0,12,0,0,28,0,28,10,0,10,38
03/19/2000,STJ,MO,ACE,CE,Federal Contract Tower,0,0,6,3,9,0,0,2,1,3,0,0,8,4,12,18,0,18,30
03/20/2000,STJ,MO,ACE,CE,Federal Contract Tower,0,0,10,2,12,0,0,11,0,11,0,0,21,2,23,12,0,12,35
03/21/2000,STJ,MO,ACE,CE,Federal Contract Tower,0,0,37,26,63,0,0,17,14,31,0,0,54,40,94,116,31,147,241
03/22/2000,STJ,MO,ACE,CE,Federal Contract Tower,0,0,25,18,43,0,0,12,6,18,0,0,37,24,61,0,73,73,134
03/23/2000,STJ,MO,ACE,CE,Federal Contract Tower,0,0,11,7,18,0,0,43,13,56,0,0,54,20,74,20,6,26,100
03/24/2000,STJ,MO,ACE,CE,Federal Contract Tower,0,0,10,7,17,0,0,41,1,42,0,0,51,8,59,62,48,110,169
03/25/2000,STJ,MO,ACE,CE,Federal Contract Tower,0,0,11,2,13,0,2,83,0,85,0,2,94,2,98,84,0,84,182
03/26/2000,STJ,MO,ACE,CE,Federal Contract Tower,0,0,7,2,9,0,0,43,0,43,0,0,50,2,52,27,0,27,79
03/27/2000,STJ,MO,ACE,CE,Federal Contract Tower,0,0,11,8,19,0,0,15,8,23,0,0,26,16,42,50,0,50,92
03/28/2000,STJ,MO,ACE,CE,Federal Contract Tower,0,0,11,1,12,0,2,0,0,2,0,2,11,1,14,93,44,137,151
03/29/2000,STJ,MO,ACE,CE,Federal Contract Tower,0,0,15,11,26,1,0,14,11,26,1,0,29,22,52,43,59,102,154
03/30/2000,STJ,MO,ACE,CE,Federal Contract Tower,0,0,8,5,13,0,1,34,6,41,0,1,42,11,54,48,15,63,117
03/31/2000,STJ,MO,ACE,CE,Federal Contract Tower,0,0,9,5,14,0,1,27,0,28,0,1,36,5,42,24,21,45,87
04/01/2000,STJ,MO,ACE,CE,Federal Contract Tower,0,0,18,2,20,0,0,37,0,37,0,0,55,2,57,40,0,40,97
04/02/2000,STJ,MO,ACE,CE,Federal Contract Tower,0,0,12,0,12,0,0,38,0,38,0,0,50,0,50,36,0,36,86
04/03/2000,STJ,MO,ACE,CE,Federal Contract Tower,0,0,14,0,14,0,0,36,0,36,0,0,50,0,50,36,0,36,86
04/04/2000,STJ,MO,ACE,CE,Federal Contract Tower,0,0,15,7,22,0,0,3,0,3,0,0,18,7,25,2,35,37,62
04/05/2000,STJ,MO,ACE,CE,Federal Contract Tower,0,0,10,7,17,0,0,0,3,3,0,0,10,10,20,21,21,42,62
04/06/2000,STJ,MO,ACE,CE,Federal Contract Tower,0,0,15,11,26,0,0,7,0,7,0,0,22,11,33,101,29,130,163
04/07/2000,STJ,MO,ACE,CE,Federal Contract Tower,0,0,2,2,4,0,0,6,2,8,0,0,8,4,12,16,0,16,28
04/08/2000,STJ,MO,ACE,CE,Federal Contract Tower,0,0,6,2,8,0,0,56,0,56,0,0,62,2,64,42,0,42,106
04/09/2000,STJ,MO,ACE,CE,Federal Contract Tower,0,0,13,0,13,0,0,62,0,62,0,0,75,0,75,8,0,8,83
04/10/2000,STJ,MO,ACE,CE,Federal Contract Tower,0,0,8,6,14,0,0,28,2,30,0,0,36,8,44,20,0,20,64
04/11/2000,STJ,MO,ACE,CE,Federal Contract Tower,0,1,19,15,35,0,0,5,5,10,0,1,24,20,45,57,2,59,104
04/12/2000,STJ,MO,ACE,CE,Federal Contract Tower,0,0,10,7,17,0,0,6,24,30,0,0,16,31,47,11,9,20,67
04/13/2000,STJ,MO,ACE,CE,Federal Contract Tower,0,0,13,9,22,0,0,2,0,2,0,0,15,9,24,7,23,30,54
04/14/2000,STJ,MO,ACE,CE,Federal Contract Tower,0,0,4,0,4,0,0,9,0,9,0,0,13,0,13,28,0,28,41
04/15/2000,STJ,MO,ACE,CE,Federal Contract Tower,0,0,12,0,12,0,0,12,0,12,0,0,24,0,24,66,0,66,90
04/16/2000,STJ,MO,ACE,CE,Federal Contract Tower,0,0,10,13,23,0,0,0,2,2,0,0,10,15,25,0,10,10,35
04/17/2000,STJ,MO,ACE,CE,Federal Contract Tower,0,0,13,2,15,0,0,17,0,17,0,0,30,2,32,30,1,31,63
04/18/2000,STJ,MO,ACE,CE,Federal Contract Tower,0,0,15,11,26,0,0,8,9,17,0,0,23,20,43,49,13,62,105
04/19/2000,STJ,MO,ACE,CE,Federal Contract Tower,0,0,17,12,29,0,0,13,13,26,0,0,30,25,55,10,10,20,75
04/20/2000,STJ,MO,ACE,CE,Federal Contract Tower,0,0,10,0,10,0,0,0,0,0,0,0,10,0,10,4,21,25,35
04/21/2000,STJ,MO,ACE,CE,Federal Contract Tower,0,0,7,2,9,0,0,41,0,41,0,0,48,2,50,53,0,53,103
04/22/2000,STJ,MO,ACE,CE,Federal Contract Tower,0,0,6,0,6,0,0,54,0,54,0,0,60,0,60,52,0,52,112
04/23/2000,STJ,MO,ACE,CE,Federal Contract Tower,0,0,2,1,3,0,0,8,0,8,0,0,10,1,11,0,0,0,11
04/24/2000,STJ,MO,ACE,CE,Federal Contract Tower,0,0,21,16,37,0,0,12,14,26,0,0,33,30,63,0,0,0,63
04/25/2000,STJ,MO,ACE,CE,Federal Contract Tower,0,0,11,7,18,0,0,27,13,40,0,0,38,20,58,19,50,69,127
04/26/2000,STJ,MO,ACE,CE,Federal Contract Tower,0,0,11,7,18,0,2,19,11,32,0,2,30,18,50,17,10,27,77
04/27/2000,STJ,MO,ACE,CE,Federal Contract Tower,0,0,8,6,14,0,2,10,9,21,0,2,18,15,35,21,15,36,71
04/28/2000,STJ,MO,ACE,CE,Federal Contract Tower,0,0,19,13,32,0,0,58,5,63,0,0,77,18,95,26,25,51,146
04/29/2000,STJ,MO,ACE,CE,Federal Contract Tower,0,0,12,4,16,0,8,49,0,57,0,8,61,4,73,72,2,74,147
04/30/2000,STJ,MO,ACE,CE,Federal Contract Tower,0,0,7,1,8,0,0,61,0,61,0,0,68,1,69,17,0,17,86
05/01/2000,STJ,MO,ACE,CE,Federal Contract Tower,0,0,4,0,4,0,0,6,0,6,0,0,10,0,10,2,6,8,18
05/02/2000,STJ,MO,ACE,CE,Federal Contract Tower,0,0,31,21,52,0,0,25,17,42,0,0,56,38,94,37,38,75,169
05/03/2000,STJ,MO,ACE,CE,Federal Contract Tower,0,0,6,5,11,0,0,21,32,53,0,0,27,37,64,0,43,43,107
05/04/2000,STJ,MO,ACE,CE,Federal Contract Tower,0,1,27,18,46,0,0,33,22,55,0,1,60,40,101,3,32,35,136
05/05/2000,STJ,MO,ACE,CE,Federal Contract Tower,0,0,20,2,22,0,0,43,0,43,0,0,63,2,65,89,0,89,154
05/06/2000,STJ,MO,ACE,CE,Federal Contract Tower,0,0,7,1,8,0,0,7,0,7,0,0,14,1,15,72,0,72,87
05/07/2000,STJ,MO,ACE,CE,Federal Contract Tower,0,0,11,6,17,0,0,30,0,30,0,0,41,6,47,56,0,56,103
05/08/2000,STJ,MO,ACE,CE,Federal Contract Tower,0,0,8,5,13,0,0,9,2,11,0,0,17,7,24,8,0,8,32
05/09/2000,STJ,MO,ACE,CE,Federal Contract Tower,0,0,4,2,6,0,0,14,6,20,0,0,18,8,26,0,19,19,45
05/10/2000,STJ,MO,ACE,CE,Federal Contract Tower,0,0,10,8,18,0,0,18,18,36,0,0,28,26,54,2,26,28,82
05/11/2000,STJ,MO,ACE,CE,Federal Contract Tower,0,0,8,10,18,0,0,0,10,10,0,0,8,20,28,19,21,40,68
05/12/2000,STJ,MO,ACE,CE,Federal Contract Tower,0,0,12,9,21,0,0,30,16,46,0,0,42,25,67,90,12,102,169
05/13/2000,STJ,MO,ACE,CE,Federal Contract Tower,0,1,10,2,13,0,3,16,0,19,0,4,26,2,32,36,0,36,68
05/14/2000,STJ,MO,ACE,CE,Federal Contract Tower,0,1,2,0,3,0,1,37,0,38,0,2,39,0,41,8,0,8,49
05/15/2000,STJ,MO,ACE,CE,Federal Contract Tower,0,0,9,1,10,4,0,19,0,23,4,0,28,1,33,29,7,36,69
05/16/2000,STJ,MO,ACE,CE,Federal Contract Tower,0,0,11,6,17,0,0,10,23,33,0,0,21,29,50,21,23,44,94
05/17/2000,STJ,MO,ACE,CE,Federal Contract Tower,0,0,12,8,20,0,0,5,14,19,0,0,17,22,39,0,11,11,50
05/18/2000,STJ,MO,ACE,CE,Federal Contract Tower,0,0,11,1,12,0,0,0,0,0,0,0,11,1,12,29,6,35,47
05/19/2000,STJ,MO,ACE,CE,Federal Contract Tower,0,0,5,3,8,0,0,66,9,75,0,0,71,12,83,66,0,66,149
05/20/2000,STJ,MO,ACE,CE,Federal Contract Tower,0,0,5,0,5,0,3,53,0,56,0,3,58,0,61,150,2,152,213
05/21/2000,STJ,MO,ACE,CE,Federal Contract Tower,0,0,5,3,8,0,0,39,0,39,0,0,44,3,47,32,0,32,79
05/22/2000,STJ,MO,ACE,CE,Federal Contract Tower,0,0,6,2,8,0,1,42,0,43,0,1,48,2,51,13,0,13,64
05/23/2000,STJ,MO,ACE,CE,Federal Contract Tower,0,0,13,8,21,0,0,9,4,13,0,0,22,12,34,20,4,24,58
05/24/2000,STJ,MO,ACE,CE,Federal Contract Tower,0,0,7,5,12,0,0,30,2,32,0,0,37,7,44,18,4,22,66
05/25/2000,STJ,MO,ACE,CE,Federal Contract Tower,0,0,11,7,18,0,1,27,0,28,0,1,38,7,46,66,60,126,172
05/26/2000,STJ,MO,ACE,CE,Federal Contract Tower,0,0,9,8,17,0,0,0,0,0,0,0,9,8,17,26,0,26,43
05/27/2000,STJ,MO,ACE,CE,Federal Contract Tower,0,0,13,1,14,0,0,31,0,31,0,0,44,1,45,0,0,0,45
05/28/2000,STJ,MO,ACE,CE,Federal Contract Tower,0,0,2,0,2,0,0,57,1,58,0,0,59,1,60,2,0,2,62
05/29/2000,STJ,MO,ACE,CE,Federal Contract Tower,0,0,3,1,4,0,2,31,0,33,0,2,34,1,37,14,0,14,51
05/30/2000,STJ,MO,ACE,CE,Federal Contract Tower,0,1,21,14,36,0,2,35,1,38,0,3,56,15,74,42,17,59,133
05/31/2000,STJ,MO,ACE,CE,Federal Contract Tower,0,0,13,9,22,0,0,14,5,19,0,0,27,14,41,15,26,41,82
06/01/2000,STJ,MO,ACE,CE,Federal Contract Tower,0,0,6,5,11,0,0,3,9,12,0,0,9,14,23,35,16,51,74
06/02/2000,STJ,MO,ACE,CE,Federal Contract Tower,0,0,6,5,11,0,0,18,14,32,0,0,24,19,43,31,5,36,79
06/03/2000,STJ,MO,ACE,CE,Federal Contract Tower,0,0,10,9,19,0,0,60,0,60,0,0,70,9,79,32,0,32,111
06/04/2000,STJ,MO,ACE,CE,Federal Contract Tower,0,1,6,5,12,0,1,15,0,16,0,2,21,5,28,41,1,42,70
06/05/2000,STJ,MO,ACE,CE,Federal Contract Tower,0,0,1,1,2,0,0,2,1,3,0,0,3,2,5,22,1,23,28
06/06/2000,STJ,MO,ACE,CE,Federal Contract Tower,0,0,6,5,11,0,0,11,6,17,0,0,17,11,28,1,14,15,43
06/07/2000,STJ,MO,ACE,CE,Federal Contract Tower,0,0,7,7,14,0,0,31,22,53,0,0,38,29,67,32,45,77,144
06/08/2000,STJ,MO,ACE,CE,Federal Contract Tower,0,0,8,8,16,0,0,24,2,26,0,0,32,10,42,4,9,13,55
06/09/2000,STJ,MO,ACE,CE,Federal Contract Tower,0,0,8,7,15,0,0,17,10,27,0,0,25,17,42,29,77,106,148
06/10/2000,STJ,MO,ACE,CE,Federal Contract Tower,0,0,2,2,4,0,0,25,3,28,0,0,27,5,32,24,0,24,56
06/11/2000,STJ,MO,ACE,CE,Federal Contract Tower,0,0,12,1,13,0,0,10,0,10,0,0,22,1,23,19,0,19,42
06/12/2000,STJ,MO,ACE,CE,Federal Contract Tower,0,0,7,7,14,0,0,4,4,8,0,0,11,11,22,43,13,56,78
06/13/2000,STJ,MO,ACE,CE,Federal Contract Tower,0,0,9,10,19,0,0,5,18,23,0,0,14,28,42,4,14,18,60
06/14/2000,STJ,MO,ACE,CE,Federal Contract Tower,0,0,18,17,35,0,0,16,6,22,0,0,34,23,57,8,16,24,81
06/15/2000,STJ,MO,ACE,CE,Federal Contract Tower,0,0,13,12,25,1,0,8,8,17,1,0,21,20,42,39,2,41,83
06/16/2000,STJ,MO,ACE,CE,Federal Contract Tower,0,0,20,9,29,0,0,26,0,26,0,0,46,9,55,20,6,26,81
06/17/2000,STJ,MO,ACE,CE,Federal Contract Tower,0,0,13,5,18,0,0,44,0,44,0,0,57,5,62,78,1,79,141
06/18/2000,STJ,MO,ACE,CE,Federal Contract Tower,0,0,7,3,10,0,0,53,0,53,0,0,60,3,63,23,0,23,86
06/19/2000,STJ,MO,ACE,CE,Federal Contract Tower,0,0,3,0,3,0,0,9,0,9,0,0,12,0,12,16,0,16,28
06/20/2000,STJ,MO,ACE,CE,Federal Contract Tower,0,0,10,8,18,1,0,9,3,13,1,0,19,11,31,21,6,27,58
06/21/2000,STJ,MO,ACE,CE,Federal Contract Tower,0,0,14,10,24,0,1,32,0,33,0,1,46,10,57,12,7,19,76
06/22/2000,STJ,MO,ACE,CE,Federal Contract Tower,0,0,30,28,58,0,2,0,2,4,0,2,30,30,62,37,15,52,114
06/23/2000,STJ,MO,ACE,CE,Federal Contract Tower,0,0,18,12,30,0,0,9,0,9,0,0,27,12,39,44,23,67,106
06/24/2000,STJ,MO,ACE,CE,Federal Contract Tower,0,0,10,2,12,0,0,59,0,59,0,0,69,2,71,10,0,10,81
06/25/2000,STJ,MO,ACE,CE,Federal Contract Tower,0,0,14,2,16,0,0,58,0,58,0,0,72,2,74,16,0,16,90
06/26/2000,STJ,MO,ACE,CE,Federal Contract Tower,0,0,13,10,23,0,0,7,5,12,0,0,20,15,35,35,26,61,96
06/27/2000,STJ,MO,ACE,CE,Federal Contract Tower,0,0,16,14,30,0,0,21,20,41,0,0,37,34,71,28,43,71,142
06/28/2000,STJ,MO,ACE,CE,Federal Contract Tower,0,0,14,11,25,0,0,58,15,73,0,0,72,26,98,54,29,83,181
06/29/2000,STJ,MO,ACE,CE,Federal Contract Tower,0,0,13,7,20,0,0,24,0,24,0,0,37,7,44,80,29,109,153
06/30/2000,STJ,MO,ACE,CE,Federal Contract Tower,0,0,25,6,31,0,0,12,0,12,0,0,37,6,43,51,1,52,95
07/01/2000,STJ,MO,ACE,CE,Federal Contract Tower,0,0,3,1,4,0,0,40,0,40,0,0,43,1,44,97,2,99,143
07/02/2000,STJ,MO,ACE,CE,Federal Contract Tower,0,1,14,2,17,0,0,16,0,16,0,1,30,2,33,0,0,0,33
07/03/2000,STJ,MO,ACE,CE,Federal Contract Tower,0,0,6,0,6,0,0,24,0,24,0,0,30,0,30,48,0,48,78
07/04/2000,STJ,MO,ACE,CE,Federal Contract Tower,0,0,3,0,3,0,0,6,0,6,0,0,9,0,9,6,0,6,15
07/05/2000,STJ,MO,ACE,CE,Federal Contract Tower,0,0,15,14,29,0,0,16,8,24,0,0,31,22,53,0,18,18,71
07/06/2000,STJ,MO,ACE,CE,Federal Contract Tower,0,0,11,9,20,0,0,7,0,7,0,0,18,9,27,24,2,26,53
07/07/2000,STJ,MO,ACE,CE,Federal Contract Tower,0,1,10,9,20,0,2,19,0,21,0,3,29,9,41,24,2,26,67
07/08/2000,STJ,MO,ACE,CE,Federal Contract Tower,0,0,10,8,18,0,0,33,2,35,0,0,43,10,53,8,0,8,61
07/09/2000,STJ,MO,ACE,CE,Federal Contract Tower,0,0,7,6,13,0,0,35,16,51,0,0,42,22,64,28,9,37,101
07/10/2000,STJ,MO,ACE,CE,Federal Contract Tower,0,0,5,0,5,1,0,14,0,15,1,0,19,0,20,10,0,10,30
07/11/2000,STJ,MO,ACE,CE,Federal Contract Tower,0,1,6,1,8,0,0,1,0,1,0,1,7,1,9,39,0,39,48
07/12/2000,STJ,MO,ACE,CE,Federal Contract Tower,0,0,9,8,17,0,0,15,16,31,0,0,24,24,48,12,28,40,88
07/13/2000,STJ,MO,ACE,CE,Federal Contract Tower,0,2,30,15,47,0,3,19,0,22,0,5,49,15,69,84,23,107,176
07/14/2000,STJ,MO,ACE,CE,Federal Contract Tower,0,0,5,4,9,0,0,18,9,27,0,0,23,13,36,57,16,73,109
07/15/2000,STJ,MO,ACE,CE,Federal Contract Tower,0,0,6,0,6,0,0,94,0,94,0,0,100,0,100,45,0,45,145
07/16/2000,STJ,MO,ACE,CE,Federal Contract Tower,0,1,5,2,8,0,2,73,0,75,0,3,78,2,83,18,0,18,101
07/17/2000,STJ,MO,ACE,CE,Federal Contract Tower,0,0,10,2,12,0,0,18,0,18,0,0,28,2,30,23,0,23,53
07/18/2000,STJ,MO,ACE,CE,Federal Contract Tower,0,0,21,19,40,0,0,0,14,14,0,0,21,33,54,72,0,72,126
07/19/2000,STJ,MO,ACE,CE,Federal Contract Tower,0,0,27,25,52,0,0,0,27,27,0,0,27,52,79,93,15,108,187
07/20/2000,STJ,MO,ACE,CE,Federal Contract Tower,0,0,10,8,18,0,1,31,3,35,0,1,41,11,53,51,16,67,120
07/21/2000,STJ,MO,ACE,CE,Federal Contract Tower,0,0,10,7,17,0,1,49,0,50,0,1,59,7,67,18,0,18,85
07/22/2000,STJ,MO,ACE,CE,Federal Contract Tower,0,0,7,3,10,0,3,56,0,59,0,3,63,3,69,96,0,96,165
07/23/2000,STJ,MO,ACE,CE,Federal Contract Tower,0,0,2,0,2,0,0,62,0,62,0,0,64,0,64,83,0,83,147
07/24/2000,STJ,MO,ACE,CE,Federal Contract Tower,0,0,8,3,11,0,0,28,0,28,0,0,36,3,39,30,2,32,71
07/25/2000,STJ,MO,ACE,CE,Federal Contract Tower,0,1,19,16,36,0,0,46,2,48,0,1,65,18,84,87,34,121,205
07/26/2000,STJ,MO,ACE,CE,Federal Contract Tower,0,0,13,11,24,0,0,33,33,66,0,0,46,44,90,26,54,80,170
07/27/2000,STJ,MO,ACE,CE,Federal Contract Tower,0,0,9,7,16,0,0,18,23,41,0,0,27,30,57,40,13,53,110
07/28/2000,STJ,MO,ACE,CE,Federal Contract Tower,0,0,7,5,12,0,0,8,0,8,0,0,15,5,20,41,4,45,65
07/29/2000,STJ,MO,ACE,CE,Federal Contract Tower,0,0,0,0,0,0,0,56,1,57,0,0,56,1,57,14,0,14,71
07/30/2000,STJ,MO,ACE,CE,Federal Contract Tower,0,0,0,0,0,0,0,76,0,76,0,0,76,0,76,32,0,32,108
07/31/2000,STJ,MO,ACE,CE,Federal Contract Tower,0,0,13,11,24,0,0,22,10,32,0,0,35,21,56,48,0,48,104
08/01/2000,STJ,MO,ACE,CE,Federal Contract Tower,0,0,19,21,40,0,0,39,15,54,0,0,58,36,94,18,24,42,136
08/02/2000,STJ,MO,ACE,CE,Federal Contract Tower,0,0,9,11,20,0,4,26,5,35,0,4,35,16,55,33,57,90,145
08/03/2000,STJ,MO,ACE,CE,Federal Contract Tower,0,0,12,12,24,0,0,22,2,24,0,0,34,14,48,42,2,44,92
08/04/2000,STJ,MO,ACE,CE,Federal Contract Tower,0,0,9,9,18,0,0,53,0,53,0,0,62,9,71,16,4,20,91
08/05/2000,STJ,MO,ACE,CE,Federal Contract Tower,0,0,3,2,5,0,0,21,0,21,0,0,24,2,26,33,11,44,70
08/06/2000,STJ,MO,ACE,CE,Federal Contract Tower,0,0,8,7,15,0,0,17,18,35,0,0,25,25,50,25,25,50,100
08/07/2000,STJ,MO,ACE,CE,Federal Contract Tower,0,0,9,9,18,0,0,29,7,36,0,0,38,16,54,26,10,36,90
08/08/2000,STJ,MO,ACE,CE,Federal Contract Tower,0,0,9,8,17,0,0,13,21,34,0,0,22,29,51,35,60,95,146
08/09/2000,STJ,MO,ACE,CE,Federal Contract Tower,0,0,12,12,24,0,0,29,23,52,0,0,41,35,76,15,38,53,129
08/10/2000,STJ,MO,ACE,CE,Federal Contract Tower,0,2,13,14,29,0,1,31,1,33,0,3,44,15,62,25,11,36,98
08/11/2000,STJ,MO,ACE,CE,Federal Contract Tower,0,2,14,15,31,0,2,26,12,40,0,4,40,27,71,25,14,39,110
08/12/2000,STJ,MO,ACE,CE,Federal Contract Tower,0,0,3,0,3,0,0,21,0,21,0,0,24,0,24,26,0,26,50
08/13/2000,STJ,MO,ACE,CE,Federal Contract Tower,0,0,4,4,8,0,0,37,1,38,0,0,41,5,46,6,0,6,52
08/14/2000,STJ,MO,ACE,CE,Federal Contract Tower,0,0,6,4,10,0,0,49,0,49,0,0,55,4,59,26,0,26,85
08/15/2000,STJ,MO,ACE,CE,Federal Contract Tower,0,0,15,16,31,0,0,7,11,18,0,0,22,27,49,22,12,34,83
08/16/2000,STJ,MO,ACE,CE,Federal Contract Tower,0,0,13,13,26,0,0,31,2,33,0,0,44,15,59,22,44,66,125
08/17/2000,STJ,MO,ACE,CE,Federal Contract Tower,0,0,11,11,22,0,0,12,7,19,0,0,23,18,41,36,4,40,81
08/18/2000,STJ,MO,ACE,CE,Federal Contract Tower,0,2,18,10,30,0,1,4,0,5,0,3,22,10,35,31,4,35,70
08/19/2000,STJ,MO,ACE,CE,Federal Contract Tower,0,0,6,0,6,0,11,0,0,11,0,11,6,0,17,0,0,0,17
08/20/2000,STJ,MO,ACE,CE,Federal Contract Tower,0,0,8,2,10,0,0,54,0,54,0,0,62,2,64,20,0,20,84
08/21/2000,STJ,MO,ACE,CE,Federal Contract Tower,0,0,9,8,17,0,1,45,0,46,0,1,54,8,63,40,4,44,107
08/22/2000,STJ,MO,ACE,CE,Federal Contract Tower,0,0,7,8,15,0,0,29,4,33,0,0,36,12,48,26,0,26,74
08/23/2000,STJ,MO,ACE,CE,Federal Contract Tower,0,0,13,14,27,2,0,29,18,49,2,0,42,32,76,6,64,70,146
08/24/2000,STJ,MO,ACE,CE,Federal Contract Tower,0,0,15,16,31,0,0,10,5,15,0,0,25,21,46,47,4,51,97
08/25/2000,STJ,MO,ACE,CE,Federal Contract Tower,0,0,9,5,14,0,0,25,0,25,0,0,34,5,39,46,0,46,85
08/26/2000,STJ,MO,ACE,CE,Federal Contract Tower,0,0,11,4,15,0,0,26,0,26,0,0,37,4,41,9,0,9,50
08/27/2000,STJ,MO,ACE,CE,Federal Contract Tower,0,0,6,4,10,0,0,20,0,20,0,0,26,4,30,4,0,4,34
08/28/2000,STJ,MO,ACE,CE,Federal Contract Tower,0,0,5,5,10,0,2,22,0,24,0,2,27,5,34,6,0,6,40
08/29/2000,STJ,MO,ACE,CE,Federal Contract Tower,0,0,14,16,30,0,0,6,0,6,0,0,20,16,36,45,6,51,87
08/30/2000,STJ,MO,ACE,CE,Federal Contract Tower,0,1,18,18,37,0,0,7,19,26,0,1,25,37,63,10,12,22,85
08/31/2000,STJ,MO,ACE,CE,Federal Contract Tower,0,0,11,11,22,0,0,2,5,7,0,0,13,16,29,29,24,53,82
09/01/2000,STJ,MO,ACE,CE,Federal Contract Tower,0,0,4,1,5,0,0,21,0,21,0,0,25,1,26,0,0,0,26
09/02/2000,STJ,MO,ACE,CE,Federal Contract Tower,0,0,5,0,5,0,0,35,0,35,0,0,40,0,40,0,0,0,40
09/03/2000,STJ,MO,ACE,CE,Federal Contract Tower,0,0,4,0,4,0,0,16,0,16,0,0,20,0,20,0,0,0,20
09/04/2000,STJ,MO,ACE,CE,Federal Contract Tower,0,0,4,0,4,0,0,30,0,30,0,0,34,0,34,12,0,12,46
09/05/2000,STJ,MO,ACE,CE,Federal Contract Tower,0,1,23,12,36,0,1,11,14,26,0,2,34,26,62,23,31,54,116
09/06/2000,STJ,MO,ACE,CE,Federal Contract Tower,0,0,16,9,25,0,0,42,16,58,0,0,58,25,83,28,4,32,115
09/07/2000,STJ,MO,ACE,CE,Federal Contract Tower,0,0,14,8,22,0,2,29,2,33,0,2,43,10,55,28,0,28,83
09/08/2000,STJ,MO,ACE,CE,Federal Contract Tower,0,0,26,12,38,0,0,11,0,11,0,0,37,12,49,40,6,46,95
09/09/2000,STJ,MO,ACE,CE,Federal Contract Tower,2,0,17,1,20,0,0,38,0,38,2,0,55,1,58,30,0,30,88
09/10/2000,STJ,MO,ACE,CE,Federal Contract Tower,1,0,4,3,8,1,0,26,1,28,2,0,30,4,36,10,26,36,72
09/11/2000,STJ,MO,ACE,CE,Federal Contract Tower,0,0,3,1,4,0,0,14,4,18,0,0,17,5,22,0,2,2,24
09/12/2000,STJ,MO,ACE,CE,Federal Contract Tower,0,0,17,10,27,0,0,8,4,12,0,0,25,14,39,60,58,118,157
09/13/2000,STJ,MO,ACE,CE,Federal Contract Tower,0,0,18,10,28,0,2,14,18,34,0,2,32,28,62,11,16,27,89
09/14/2000,STJ,MO,ACE,CE,Federal Contract Tower,0,1,14,8,23,0,2,15,12,29,0,3,29,20,52,10,7,17,69
09/15/2000,STJ,MO,ACE,CE,Federal Contract Tower,0,0,7,4,11,0,0,49,0,49,0,0,56,4,60,27,2,29,89
09/16/2000,STJ,MO,ACE,CE,Federal Contract Tower,0,0,4,0,4,0,0,55,0,55,0,0,59,0,59,36,2,38,97
09/17/2000,STJ,MO,ACE,CE,Federal Contract Tower,0,1,9,5,15,0,1,58,10,69,0,2,67,15,84,6,0,6,90
09/18/2000,STJ,MO,ACE,CE,Federal Contract Tower,0,1,11,2,14,0,2,17,0,19,0,3,28,2,33,9,4,13,46
09/19/2000,STJ,MO,ACE,CE,Federal Contract Tower,0,1,7,0,8,0,0,15,0,15,0,1,22,0,23,46,0,46,69
09/20/2000,STJ,MO,ACE,CE,Federal Contract Tower,0,0,8,3,11,0,0,17,1,18,0,0,25,4,29,0,0,0,29
09/21/2000,STJ,MO,ACE,CE,Federal Contract Tower,0,0,7,1,8,0,0,50,0,50,0,0,57,1,58,36,0,36,94
09/22/2000,STJ,MO,ACE,CE,Federal Contract Tower,0,0,8,1,9,0,0,6,0,6,0,0,14,1,15,32,0,32,47
09/23/2000,STJ,MO,ACE,CE,Federal Contract Tower,0,0,2,1,3,6,0,0,0,6,6,0,2,1,9,0,0,0,9
09/24/2000,STJ,MO,ACE,CE,Federal Contract Tower,0,0,8,3,11,0,0,41,10,51,0,0,49,13,62,12,6,18,80
09/25/2000,STJ,MO,ACE,CE,Federal Contract Tower,0,0,8,4,12,4,0,45,3,52,4,0,53,7,64,43,0,43,107
09/26/2000,STJ,MO,ACE,CE,Federal Contract Tower,0,1,7,3,11,0,0,35,11,46,0,1,42,14,57,34,0,34,91
09/27/2000,STJ,MO,ACE,CE,Federal Contract Tower,0,0,5,1,6,0,1,42,0,43,0,1,47,1,49,34,0,34,83
09/28/2000,STJ,MO,ACE,CE,Federal Contract Tower,0,0,12,2,14,2,0,20,0,22,2,0,32,2,36,37,8,45,81
09/29/2000,STJ,MO,ACE,CE,Federal Contract Tower,0,0,15,2,17,2,0,17,0,19,2,0,32,2,36,37,8,45,81
09/30/2000,STJ,MO,ACE,CE,Federal Contract Tower,0,0,2,0,2,2,0,33,0,35,2,0,35,0,37,37,8,45,82
10/01/2000,STJ,MO,ACE,CE,Federal Contract Tower,0,0,4,3,7,0,5,20,28,53,0,5,24,31,60,2,0,2,62
10/02/2000,STJ,MO,ACE,CE,Federal Contract Tower,0,0,3,2,5,0,0,19,8,27,0,0,22,10,32,130,33,163,195
10/03/2000,STJ,MO,ACE,CE,Federal Contract Tower,0,2,17,11,30,0,0,34,6,40,0,2,51,17,70,26,8,34,104
10/04/2000,STJ,MO,ACE,CE,Federal Contract Tower,0,0,19,13,32,0,0,8,12,20,0,0,27,25,52,1,24,25,77
10/05/2000,STJ,MO,ACE,CE,Federal Contract Tower,0,0,23,15,38,0,0,1,15,16,0,0,24,30,54,0,1,1,55
10/06/2000,STJ,MO,ACE,CE,Federal Contract Tower,0,0,14,9,23,0,0,49,4,53,0,0,63,13,76,29,14,43,119
10/07/2000,STJ,MO,ACE,CE,Federal Contract Tower,0,0,1,0,1,0,0,51,0,51,0,0,52,0,52,26,0,26,78
10/08/2000,STJ,MO,ACE,CE,Federal Contract Tower,0,0,7,3,10,0,0,67,0,67,0,0,74,3,77,22,5,27,104
10/09/2000,STJ,MO,ACE,CE,Federal Contract Tower,0,1,11,0,12,0,3,30,0,33,0,4,41,0,45,10,0,10,55
10/10/2000,STJ,MO,ACE,CE,Federal Contract Tower,0,1,11,7,19,0,0,13,1,14,0,1,24,8,33,36,14,50,83
10/11/2000,STJ,MO,ACE,CE,Federal Contract Tower,0,0,9,7,16,0,0,41,51,92,0,0,50,58,108,30,36,66,174
10/12/2000,STJ,MO,ACE,CE,Federal Contract Tower,0,1,8,5,14,0,1,17,3,21,0,2,25,8,35,6,10,16,51
10/13/2000,STJ,MO,ACE,CE,Federal Contract Tower,0,1,9,4,14,0,2,25,0,27,0,3,34,4,41,0,0,0,41
10/14/2000,STJ,MO,ACE,CE,Federal Contract Tower,0,0,6,4,10,0,0,40,0,40,0,0,46,4,50,36,0,36,86
10/15/2000,STJ,MO,ACE,CE,Federal Contract Tower,0,1,5,3,9,0,0,40,8,48,0,1,45,11,57,33,16,49,106
10/16/2000,STJ,MO,ACE,CE,Federal Contract Tower,0,0,4,2,6,0,0,30,15,45,0,0,34,17,51,30,4,34,85
10/17/2000,STJ,MO,ACE,CE,Federal Contract Tower,0,0,11,6,17,0,0,48,18,66,0,0,59,24,83,30,10,40,123
10/18/2000,STJ,MO,ACE,CE,Federal Contract Tower,0,0,31,19,50,1,0,30,45,76,1,0,61,64,126,34,24,58,184
10/19/2000,STJ,MO,ACE,CE,Federal Contract Tower,0,0,11,7,18,0,3,30,3,36,0,3,41,10,54,12,32,44,98
10/20/2000,STJ,MO,ACE,CE,Federal Contract Tower,0,0,2,0,2,0,0,48,9,57,0,0,50,9,59,24,14,38,97
10/21/2000,STJ,MO,ACE,CE,Federal Contract Tower,0,0,5,0,5,1,0,34,0,35,1,0,39,0,40,12,0,12,52
10/22/2000,STJ,MO,ACE,CE,Federal Contract Tower,0,0,5,3,8,0,2,0,0,2,0,2,5,3,10,0,0,0,10
10/23/2000,STJ,MO,ACE,CE,Federal Contract Tower,0,0,5,0,5,0,1,7,0,8,0,1,12,0,13,2,0,2,15
10/24/2000,STJ,MO,ACE,CE,Federal Contract Tower,0,1,15,8,24,0,0,27,46,73,0,1,42,54,97,17,52,69,166
10/25/2000,STJ,MO,ACE,CE,Federal Contract Tower,0,0,18,11,29,0,0,5,27,32,0,0,23,38,61,3,30,33,94
10/26/2000,STJ,MO,ACE,CE,Federal Contract Tower,0,1,19,11,31,0,1,7,6,14,0,2,26,17,45,37,10,47,92
10/27/2000,STJ,MO,ACE,CE,Federal Contract Tower,0,0,12,3,15,0,0,12,0,12,0,0,24,3,27,10,0,10,37
10/28/2000,STJ,MO,ACE,CE,Federal Contract Tower,0,0,44,0,44,0,0,3,0,3,0,0,47,0,47,28,0,28,75
10/29/2000,STJ,MO,ACE,CE,Federal Contract Tower,0,0,3,0,3,0,0,3,0,3,0,0,6,0,6,1,0,1,7
10/30/2000,STJ,MO,ACE,CE,Federal Contract Tower,0,1,19,12,32,0,0,37,12,49,0,1,56,24,81,36,0,36,117
10/31/2000,STJ,MO,ACE,CE,Federal Contract Tower,0,1,17,11,29,0,1,20,19,40,0,2,37,30,69,10,22,32,101
11/01/2000,STJ,MO,ACE,CE,Federal Contract Tower,0,0,10,8,18,0,1,6,2,9,0,1,16,10,27,10,24,34,61
11/02/2000,STJ,MO,ACE,CE,Federal Contract Tower,0,0,18,11,29,0,0,60,0,60,0,0,78,11,89,13,11,24,113
11/03/2000,STJ,MO,ACE,CE,Federal Contract Tower,0,0,14,9,23,0,0,29,0,29,0,0,43,9,52,15,27,42,94
11/04/2000,STJ,MO,ACE,CE,Federal Contract Tower,1,0,18,11,30,5,0,91,0,96,6,0,109,11,126,21,2,23,149
11/05/2000,STJ,MO,ACE,CE,Federal Contract Tower,0,0,26,19,45,0,0,1,13,14,0,0,27,32,59,48,0,48,107
11/06/2000,STJ,MO,ACE,CE,Federal Contract Tower,0,0,2,8,10,0,1,0,6,7,0,1,2,14,17,0,0,0,17
11/07/2000,STJ,MO,ACE,CE,Federal Contract Tower,0,0,14,10,24,0,0,11,5,16,0,0,25,15,40,5,43,48,88
11/08/2000,STJ,MO,ACE,CE,Federal Contract Tower,0,0,20,14,34,0,0,12,15,27,0,0,32,29,61,0,32,32,93
11/09/2000,STJ,MO,ACE,CE,Federal Contract Tower,0,0,5,2,7,0,0,28,0,28,0,0,33,2,35,46,0,46,81
11/10/2000,STJ,MO,ACE,CE,Federal Contract Tower,0,0,6,0,6,0,0,9,0,9,0,0,15,0,15,0,0,0,15
11/11/2000,STJ,MO,ACE,CE,Federal Contract Tower,0,0,5,2,7,0,0,15,0,15,0,0,20,2,22,0,0,0,22
11/12/2000,STJ,MO,ACE,CE,Federal Contract Tower,0,0,12,3,15,0,0,15,0,15,0,0,27,3,30,12,0,12,42
11/13/2000,STJ,MO,ACE,CE,Federal Contract Tower,0,0,4,0,4,0,0,9,0,9,0,0,13,0,13,10,0,10,23
11/14/2000,STJ,MO,ACE,CE,Federal Contract Tower,0,0,19,14,33,0,0,23,6,29,0,0,42,20,62,15,6,21,83
11/15/2000,STJ,MO,ACE,CE,Federal Contract Tower,0,0,21,15,36,0,0,14,3,17,0,0,35,18,53,25,25,50,103
11/16/2000,STJ,MO,ACE,CE,Federal Contract Tower,0,0,12,10,22,0,0,4,1,5,0,0,16,11,27,4,20,24,51
11/17/2000,STJ,MO,ACE,CE,Federal Contract Tower,0,0,11,2,13,0,0,46,0,46,0,0,57,2,59,22,0,22,81
11/18/2000,STJ,MO,ACE,CE,Federal Contract Tower,0,0,2,1,3,0,0,79,0,79,0,0,81,1,82,60,0,60,142
11/19/2000,STJ,MO,ACE,CE,Federal Contract Tower,0,0,2,2,4,0,0,33,0,33,0,0,35,2,37,34,2,36,73
11/20/2000,STJ,MO,ACE,CE,Federal Contract Tower,0,1,6,1,8,0,0,20,0,20,0,1,26,1,28,28,0,28,56
11/21/2000,STJ,MO,ACE,CE,Federal Contract Tower,0,1,4,1,6,0,1,34,30,65,0,2,38,31,71,0,22,22,93
11/22/2000,STJ,MO,ACE,CE,Federal Contract Tower,0,0,5,2,7,2,0,71,0,73,2,0,76,2,80,14,0,14,94
11/23/2000,STJ,MO,ACE,CE,Federal Contract Tower,0,0,7,0,7,0,0,31,0,31,0,0,38,0,38,48,0,48,86
11/24/2000,STJ,MO,ACE,CE,Federal Contract Tower,0,0,13,0,13,0,0,50,0,50,0,0,63,0,63,33,0,33,96
11/25/2000,STJ,MO,ACE,CE,Federal Contract Tower,0,0,5,0,5,0,0,41,0,41,0,0,46,0,46,41,0,41,87
11/26/2000,STJ,MO,ACE,CE,Federal Contract Tower,0,0,4,0,4,0,0,21,0,21,0,0,25,0,25,30,0,30,55
11/27/2000,STJ,MO,ACE,CE,Federal Contract Tower,0,0,9,4,13,1,0,33,0,34,1,0,42,4,47,34,5,39,86
11/28/2000,STJ,MO,ACE,CE,Federal Contract Tower,0,0,21,15,36,0,0,7,7,14,0,0,28,22,50,1,10,11,61
11/29/2000,STJ,MO,ACE,CE,Federal Contract Tower,0,1,26,22,49,0,13,0,49,62,0,14,26,71,111,0,46,46,157
11/30/2000,STJ,MO,ACE,CE,Federal Contract Tower,0,0,11,7,18,0,0,9,6,15,0,0,20,13,33,17,15,32,65
12/01/2000,STJ,MO,ACE,CE,Federal Contract Tower,0,0,3,2,5,0,0,0,4,4,0,0,3,6,9,27,0,27,36
12/02/2000,STJ,MO,ACE,CE,Federal Contract Tower,0,0,3,0,3,0,0,14,0,14,0,0,17,0,17,10,0,10,27
12/03/2000,STJ,MO,ACE,CE,Federal Contract Tower,0,0,8,8,16,0,0,45,4,49,0,0,53,12,65,4,6,10,75
12/04/2000,STJ,MO,ACE,CE,Federal Contract Tower,0,0,11,11,22,0,1,47,3,51,0,1,58,14,73,36,0,36,109
12/05/2000,STJ,MO,ACE,CE,Federal Contract Tower,1,0,23,20,44,1,0,5,19,25,2,0,28,39,69,28,70,98,167
12/06/2000,STJ,MO,ACE,CE,Federal Contract Tower,0,0,10,9,19,0,0,25,12,37,0,0,35,21,56,29,26,55,111
12/07/2000,STJ,MO,ACE,CE,Federal Contract Tower,0,0,8,7,15,0,0,35,7,42,0,0,43,14,57,9,12,21,78
12/08/2000,STJ,MO,ACE,CE,Federal Contract Tower,0,0,5,2,7,2,0,32,0,34,2,0,37,2,41,26,23,49,90
12/09/2000,STJ,MO,ACE,CE,Federal Contract Tower,0,0,8,1,9,0,0,35,0,35,0,0,43,1,44,22,0,22,66
12/10/2000,STJ,MO,ACE,CE,Federal Contract Tower,0,0,1,0,1,1,0,5,0,6,1,0,6,0,7,0,0,0,7
12/11/2000,STJ,MO,ACE,CE,Federal Contract Tower,0,0,0,0,0,0,0,1,0,1,0,0,1,0,1,0,0,0,1
12/12/2000,STJ,MO,ACE,CE,Federal Contract Tower,0,0,8,6,14,0,0,17,0,17,0,0,25,6,31,0,0,0,31
12/13/2000,STJ,MO,ACE,CE,Federal Contract Tower,0,0,0,0,0,0,0,0,0,0,0,0,0,0,0,0,0,0,0
12/14/2000,STJ,MO,ACE,CE,Federal Contract Tower,0,0,15,14,29,0,0,1,4,5,0,0,16,18,34,0,4,4,38
12/15/2000,STJ,MO,ACE,CE,Federal Contract Tower,0,1,1,0,2,0,1,4,2,7,0,2,5,2,9,0,0,0,9
12/16/2000,STJ,MO,ACE,CE,Federal Contract Tower,0,0,1,0,1,0,0,2,0,2,0,0,3,0,3,0,0,0,3
12/17/2000,STJ,MO,ACE,CE,Federal Contract Tower,0,0,1,1,2,0,0,15,0,15,0,0,16,1,17,4,0,4,21
12/18/2000,STJ,MO,ACE,CE,Federal Contract Tower,0,0,0,0,0,0,0,1,0,1,0,0,1,0,1,0,0,0,1
12/19/2000,STJ,MO,ACE,CE,Federal Contract Tower,0,0,20,25,45,0,0,0,0,0,0,0,20,25,45,42,10,52,97
12/20/2000,STJ,MO,ACE,CE,Federal Contract Tower,0,0,13,4,17,0,2,9,0,11,0,2,22,4,28,23,22,45,73
12/21/2000,STJ,MO,ACE,CE,Federal Contract Tower,0,0,7,6,13,0,4,13,0,17,0,4,20,6,30,12,0,12,42
12/22/2000,STJ,MO,ACE,CE,Federal Contract Tower,0,0,6,5,11,0,1,12,0,13,0,1,18,5,24,0,0,0,24
12/23/2000,STJ,MO,ACE,CE,Federal Contract Tower,0,0,7,0,7,0,0,27,0,27,0,0,34,0,34,4,0,4,38
12/24/2000,STJ,MO,ACE,CE,Federal Contract Tower,0,0,2,0,2,0,0,1,0,1,0,0,3,0,3,0,0,0,3
12/25/2000,STJ,MO,ACE,CE,Federal Contract Tower,0,0,0,0,0,0,0,6,0,6,0,0,6,0,6,0,0,0,6
12/26/2000,STJ,MO,ACE,CE,Federal Contract Tower,0,0,3,0,3,0,0,26,0,26,0,0,29,0,29,2,0,2,31
12/27/2000,STJ,MO,ACE,CE,Federal Contract Tower,0,0,17,15,32,0,1,19,7,27,0,1,36,22,59,6,12,18,77
12/28/2000,STJ,MO,ACE,CE,Federal Contract Tower,0,0,4,4,8,0,0,0,1,1,0,0,4,5,9,0,0,0,9
12/29/2000,STJ,MO,ACE,CE,Federal Contract Tower,0,0,3,0,3,0,0,14,0,14,0,0,17,0,17,0,0,0,17
12/30/2000,STJ,MO,ACE,CE,Federal Contract Tower,0,0,4,0,4,0,1,40,0,41,0,1,44,0,45,4,0,4,49
12/31/2000,STJ,MO,ACE,CE,Federal Contract Tower,0,0,3,0,3,0,0,9,0,9,0,0,12,0,12,0,0,0,12
01/01/2001,STJ,MO,ACE,CE,Federal Contract Tower,1,0,0,1,2,0,8,0,7,15,1,8,0,8,17,0,0,0,17
01/02/2001,STJ,MO,ACE,CE,Federal Contract Tower,0,0,11,10,21,0,0,19,2,21,0,0,30,12,42,20,22,42,84
01/03/2001,STJ,MO,ACE,CE,Federal Contract Tower,0,0,9,9,18,0,0,7,8,15,0,0,16,17,33,8,31,39,72
01/04/2001,STJ,MO,ACE,CE,Federal Contract Tower,0,1,5,1,7,0,2,29,0,31,0,3,34,1,38,36,1,37,75
01/05/2001,STJ,MO,ACE,CE,Federal Contract Tower,0,2,22,8,32,0,1,19,0,20,0,3,41,8,52,27,7,34,86
01/06/2001,STJ,MO,ACE,CE,Federal Contract Tower,0,1,2,2,5,0,0,77,0,77,0,1,79,2,82,68,0,68,150
01/07/2001,STJ,MO,ACE,CE,Federal Contract Tower,0,0,12,1,13,0,0,6,0,6,0,0,18,1,19,17,0,17,36
01/08/2001,STJ,MO,ACE,CE,Federal Contract Tower,0,0,0,0,0,0,0,20,9,29,0,0,20,9,29,11,10,21,50
01/09/2001,STJ,MO,ACE,CE,Federal Contract Tower,0,0,9,8,17,0,0,10,2,12,0,0,19,10,29,35,34,69,98
01/10/2001,STJ,MO,ACE,CE,Federal Contract Tower,0,1,27,25,53,0,0,7,27,34,0,1,34,52,87,8,30,38,125
01/11/2001,STJ,MO,ACE,CE,Federal Contract Tower,0,0,11,15,26,0,0,0,10,10,0,0,11,25,36,0,0,0,36
01/12/2001,STJ,MO,ACE,CE,Federal Contract Tower,0,0,4,2,6,0,0,3,0,3,0,0,7,2,9,0,0,0,9
01/13/2001,STJ,MO,ACE,CE,Federal Contract Tower,0,0,6,1,7,0,0,19,0,19,0,0,25,1,26,0,0,0,26
01/14/2001,STJ,MO,ACE,CE,Federal Contract Tower,0,1,7,2,10,0,0,12,0,12,0,1,19,2,22,6,0,6,28
01/15/2001,STJ,MO,ACE,CE,Federal Contract Tower,0,1,10,0,11,0,1,28,0,29,0,2,38,0,40,40,0,40,80
01/16/2001,STJ,MO,ACE,CE,Federal Contract Tower,0,2,14,22,38,0,0,0,11,11,0,2,14,33,49,39,5,44,93
01/17/2001,STJ,MO,ACE,CE,Federal Contract Tower,0,0,12,11,23,0,0,8,20,28,0,0,20,31,51,35,63,98,149
01/18/2001,STJ,MO,ACE,CE,Federal Contract Tower,0,0,18,10,28,0,0,17,0,17,0,0,35,10,45,10,16,26,71
01/19/2001,STJ,MO,ACE,CE,Federal Contract Tower,0,0,14,14,28,0,0,0,0,0,0,0,14,14,28,2,14,16,44
01/20/2001,STJ,MO,ACE,CE,Federal Contract Tower,0,0,5,0,5,0,1,44,0,45,0,1,49,0,50,52,0,52,102
01/21/2001,STJ,MO,ACE,CE,Federal Contract Tower,0,0,5,0,5,0,0,30,0,30,0,0,35,0,35,6,0,6,41
01/22/2001,STJ,MO,ACE,CE,Federal Contract Tower,0,0,6,4,10,0,0,17,10,27,0,0,23,14,37,20,12,32,69
01/23/2001,STJ,MO,ACE,CE,Federal Contract Tower,0,1,25,22,48,0,2,45,5,52,0,3,70,27,100,16,6,22,122
01/24/2001,STJ,MO,ACE,CE,Federal Contract Tower,0,1,18,16,35,0,0,14,2,16,0,1,32,18,51,40,58,98,149
01/25/2001,STJ,MO,ACE,CE,Federal Contract Tower,0,0,7,5,12,0,1,19,7,27,0,1,26,12,39,0,11,11,50
01/26/2001,STJ,MO,ACE,CE,Federal Contract Tower,0,0,7,1,8,0,2,3,0,5,0,2,10,1,13,0,0,0,13
01/27/2001,STJ,MO,ACE,CE,Federal Contract Tower,0,0,12,1,13,0,2,71,0,73,0,2,83,1,86,34,0,34,120
01/28/2001,STJ,MO,ACE,CE,Federal Contract Tower,0,0,0,0,0,0,0,0,0,0,0,0,0,0,0,0,0,0,0
01/29/2001,STJ,MO,ACE,CE,Federal Contract Tower,0,0,4,1,5,0,0,1,0,1,0,0,5,1,6,8,0,8,14
01/30/2001,STJ,MO,ACE,CE,Federal Contract Tower,0,0,6,21,27,0,0,0,12,12,0,0,6,33,39,20,14,34,73
01/31/2001,STJ,MO,ACE,CE,Federal Contract Tower,0,0,24,21,45,0,0,20,3,23,0,0,44,24,68,3,34,37,105
02/01/2001,STJ,MO,ACE,CE,Federal Contract Tower,0,0,9,8,17,0,0,8,5,13,0,0,17,13,30,28,0,28,58
02/02/2001,STJ,MO,ACE,CE,Federal Contract Tower,0,0,0,0,0,0,0,0,0,0,0,0,0,0,0,0,0,0,0
02/03/2001,STJ,MO,ACE,CE,Federal Contract Tower,0,0,6,5,11,1,0,42,7,50,1,0,48,12,61,6,13,19,80
02/04/2001,STJ,MO,ACE,CE,Federal Contract Tower,0,1,0,0,1,0,0,26,0,26,0,1,26,0,27,80,0,80,107
02/05/2001,STJ,MO,ACE,CE,Federal Contract Tower,0,0,3,2,5,0,0,32,4,36,0,0,35,6,41,2,12,14,55
02/06/2001,STJ,MO,ACE,CE,Federal Contract Tower,0,1,14,12,27,0,0,30,15,45,0,1,44,27,72,3,11,14,86
02/07/2001,STJ,MO,ACE,CE,Federal Contract Tower,0,0,13,16,29,0,0,0,15,15,0,0,13,31,44,6,30,36,80
02/08/2001,STJ,MO,ACE,CE,Federal Contract Tower,0,0,1,0,1,0,1,0,0,1,0,1,1,0,2,0,0,0,2
02/09/2001,STJ,MO,ACE,CE,Federal Contract Tower,0,0,2,0,2,0,0,2,0,2,0,0,4,0,4,0,0,0,4
02/10/2001,STJ,MO,ACE,CE,Federal Contract Tower,0,0,9,0,9,0,0,44,0,44,0,0,53,0,53,60,0,60,113
02/11/2001,STJ,MO,ACE,CE,Federal Contract Tower,0,0,7,0,7,0,0,5,0,5,0,0,12,0,12,7,0,7,19
02/12/2001,STJ,MO,ACE,CE,Federal Contract Tower,0,0,6,0,6,0,0,5,0,5,0,0,11,0,11,0,0,0,11
02/13/2001,STJ,MO,ACE,CE,Federal Contract Tower,0,0,5,6,11,0,0,13,38,51,0,0,18,44,62,4,1,5,67
02/14/2001,STJ,MO,ACE,CE,Federal Contract Tower,0,0,20,19,39,0,0,0,0,0,0,0,20,19,39,0,44,44,83
02/15/2001,STJ,MO,ACE,CE,Federal Contract Tower,0,0,30,0,30,1,0,18,0,19,1,0,48,0,49,31,0,31,80
02/16/2001,STJ,MO,ACE,CE,Federal Contract Tower,0,0,12,2,14,0,0,23,0,23,0,0,35,2,37,12,0,12,49
02/17/2001,STJ,MO,ACE,CE,Federal Contract Tower,0,0,4,0,4,0,0,32,0,32,0,0,36,0,36,53,0,53,89
02/18/2001,STJ,MO,ACE,CE,Federal Contract Tower,0,0,0,0,0,0,0,51,18,69,0,0,51,18,69,78,25,103,172
02/19/2001,STJ,MO,ACE,CE,Federal Contract Tower,0,0,4,3,7,0,0,34,13,47,0,0,38,16,54,34,0,34,88
02/20/2001,STJ,MO,ACE,CE,Federal Contract Tower,0,0,0,0,0,0,0,0,0,0,0,0,0,0,0,0,0,0,0
02/21/2001,STJ,MO,ACE,CE,Federal Contract Tower,0,0,0,0,0,0,0,0,0,0,0,0,0,0,0,0,0,0,0
02/22/2001,STJ,MO,ACE,CE,Federal Contract Tower,0,0,24,19,43,0,20,38,0,58,0,20,62,19,101,30,17,47,148
02/23/2001,STJ,MO,ACE,CE,Federal Contract Tower,0,0,0,0,0,0,0,7,6,13,0,0,7,6,13,0,0,0,13
02/24/2001,STJ,MO,ACE,CE,Federal Contract Tower,0,0,6,0,6,0,0,4,0,4,0,0,10,0,10,0,0,0,10
02/25/2001,STJ,MO,ACE,CE,Federal Contract Tower,0,0,0,0,0,0,0,22,1,23,0,0,22,1,23,6,0,6,29
02/26/2001,STJ,MO,ACE,CE,Federal Contract Tower,0,0,13,11,24,0,0,29,32,61,0,0,42,43,85,20,14,34,119
02/27/2001,STJ,MO,ACE,CE,Federal Contract Tower,0,0,3,0,3,0,0,0,0,0,0,0,3,0,3,0,0,0,3
02/28/2001,STJ,MO,ACE,CE,Federal Contract Tower,0,0,13,11,24,0,0,29,14,43,0,0,42,25,67,0,6,6,73
03/01/2001,STJ,MO,ACE,CE,Federal Contract Tower,0,0,4,1,5,0,0,5,0,5,0,0,9,1,10,56,0,56,66
03/02/2001,STJ,MO,ACE,CE,Federal Contract Tower,0,0,5,5,10,0,0,15,6,21,0,0,20,11,31,28,0,28,59
03/03/2001,STJ,MO,ACE,CE,Federal Contract Tower,0,0,4,4,8,0,0,71,0,71,0,0,75,4,79,21,0,21,100
03/04/2001,STJ,MO,ACE,CE,Federal Contract Tower,0,0,6,6,12,0,1,32,17,50,0,1,38,23,62,26,12,38,100
03/05/2001,STJ,MO,ACE,CE,Federal Contract Tower,0,0,7,8,15,0,2,71,12,85,0,2,78,20,100,53,11,64,164
03/06/2001,STJ,MO,ACE,CE,Federal Contract Tower,0,0,9,9,18,0,0,44,4,48,0,0,53,13,66,46,8,54,120
03/07/2001,STJ,MO,ACE,CE,Federal Contract Tower,0,0,17,17,34,0,0,2,6,8,0,0,19,23,42,18,6,24,66
03/08/2001,STJ,MO,ACE,CE,Federal Contract Tower,0,0,15,16,31,0,0,10,9,19,0,0,25,25,50,20,32,52,102
03/09/2001,STJ,MO,ACE,CE,Federal Contract Tower,0,0,10,11,21,0,0,28,7,35,0,0,38,18,56,26,10,36,92
03/10/2001,STJ,MO,ACE,CE,Federal Contract Tower,0,1,6,0,7,0,1,60,0,61,0,2,66,0,68,52,0,52,120
03/11/2001,STJ,MO,ACE,CE,Federal Contract Tower,0,0,11,2,13,0,0,32,0,32,0,0,43,2,45,22,0,22,67
03/12/2001,STJ,MO,ACE,CE,Federal Contract Tower,0,1,7,0,8,0,1,12,0,13,0,2,19,0,21,18,0,18,39
03/13/2001,STJ,MO,ACE,CE,Federal Contract Tower,0,0,12,13,25,0,0,31,2,33,0,0,43,15,58,10,18,28,86
03/14/2001,STJ,MO,ACE,CE,Federal Contract Tower,0,0,25,23,48,0,0,24,18,42,0,0,49,41,90,40,12,52,142
03/15/2001,STJ,MO,ACE,CE,Federal Contract Tower,0,0,7,8,15,0,0,0,4,4,0,0,7,12,19,0,0,0,19
03/16/2001,STJ,MO,ACE,CE,Federal Contract Tower,0,0,9,7,16,0,0,23,1,24,0,0,32,8,40,0,12,12,52
03/17/2001,STJ,MO,ACE,CE,Federal Contract Tower,0,0,2,1,3,2,0,54,0,56,2,0,56,1,59,49,0,49,108
03/18/2001,STJ,MO,ACE,CE,Federal Contract Tower,0,0,2,2,4,0,1,34,0,35,0,1,36,2,39,9,0,9,48
03/19/2001,STJ,MO,ACE,CE,Federal Contract Tower,0,0,5,4,9,0,0,33,11,44,0,0,38,15,53,12,0,12,65
03/20/2001,STJ,MO,ACE,CE,Federal Contract Tower,0,0,16,16,32,0,0,6,17,23,0,0,22,33,55,32,24,56,111
03/21/2001,STJ,MO,ACE,CE,Federal Contract Tower,0,0,0,0,0,0,0,18,31,49,0,0,18,31,49,13,41,54,103
03/22/2001,STJ,MO,ACE,CE,Federal Contract Tower,0,0,3,3,6,0,0,20,3,23,0,0,23,6,29,29,24,53,82
03/23/2001,STJ,MO,ACE,CE,Federal Contract Tower,0,0,0,0,0,0,0,6,2,8,0,0,6,2,8,0,5,5,13
03/24/2001,STJ,MO,ACE,CE,Federal Contract Tower,0,0,8,1,9,0,0,48,0,48,0,0,56,1,57,18,0,18,75
03/25/2001,STJ,MO,ACE,CE,Federal Contract Tower,0,0,7,4,11,0,1,60,0,61,0,1,67,4,72,0,0,0,72
03/26/2001,STJ,MO,ACE,CE,Federal Contract Tower,0,0,6,0,6,5,0,13,0,18,5,0,19,0,24,23,0,23,47
03/27/2001,STJ,MO,ACE,CE,Federal Contract Tower,0,0,11,11,22,0,0,38,14,52,0,0,49,25,74,32,44,76,150
03/28/2001,STJ,MO,ACE,CE,Federal Contract Tower,0,0,14,20,34,0,1,0,14,15,0,1,14,34,49,0,18,18,67
03/29/2001,STJ,MO,ACE,CE,Federal Contract Tower,0,0,11,11,22,0,0,26,4,30,0,0,37,15,52,23,8,31,83
03/30/2001,STJ,MO,ACE,CE,Federal Contract Tower,0,0,24,22,46,0,0,7,3,10,0,0,31,25,56,0,9,9,65
03/31/2001,STJ,MO,ACE,CE,Federal Contract Tower,0,0,3,0,3,0,0,11,0,11,0,0,14,0,14,0,0,0,14
04/01/2001,STJ,MO,ACE,CE,Federal Contract Tower,0,0,4,0,4,0,0,22,3,25,0,0,26,3,29,0,0,0,29
04/02/2001,STJ,MO,ACE,CE,Federal Contract Tower,0,0,5,4,9,0,1,48,0,49,0,1,53,4,58,12,0,12,70
04/03/2001,STJ,MO,ACE,CE,Federal Contract Tower,0,0,11,14,25,0,0,25,6,31,0,0,36,20,56,34,14,48,104
04/04/2001,STJ,MO,ACE,CE,Federal Contract Tower,0,0,13,0,13,0,0,27,0,27,0,0,40,0,40,24,0,24,64
04/05/2001,STJ,MO,ACE,CE,Federal Contract Tower,0,0,10,11,21,2,0,51,0,53,2,0,61,11,74,56,27,83,157
04/06/2001,STJ,MO,ACE,CE,Federal Contract Tower,0,0,11,4,15,0,0,33,7,40,0,0,44,11,55,7,0,7,62
04/07/2001,STJ,MO,ACE,CE,Federal Contract Tower,0,0,2,3,5,0,2,42,5,49,0,2,44,8,54,38,0,38,92
04/08/2001,STJ,MO,ACE,CE,Federal Contract Tower,0,0,4,0,4,0,0,25,5,30,0,0,29,5,34,6,0,6,40
04/09/2001,STJ,MO,ACE,CE,Federal Contract Tower,0,0,0,2,2,0,0,42,15,57,0,0,42,17,59,6,0,6,65
04/10/2001,STJ,MO,ACE,CE,Federal Contract Tower,0,0,17,2,19,0,0,24,34,58,0,0,41,36,77,20,32,52,129
04/11/2001,STJ,MO,ACE,CE,Federal Contract Tower,0,0,9,2,11,2,0,2,0,4,2,0,11,2,15,37,39,76,91
04/12/2001,STJ,MO,ACE,CE,Federal Contract Tower,0,0,11,15,26,0,0,11,6,17,0,0,22,21,43,0,2,2,45
04/13/2001,STJ,MO,ACE,CE,Federal Contract Tower,0,0,4,1,5,0,2,71,0,73,0,2,75,1,78,0,0,0,78
04/14/2001,STJ,MO,ACE,CE,Federal Contract Tower,0,0,4,0,4,0,0,41,2,43,0,0,45,2,47,8,0,8,55
04/15/2001,STJ,MO,ACE,CE,Federal Contract Tower,0,0,1,1,2,6,0,33,5,44,6,0,34,6,46,40,0,40,86
04/16/2001,STJ,MO,ACE,CE,Federal Contract Tower,0,0,4,5,9,0,0,12,0,12,0,0,16,5,21,39,0,39,60
04/17/2001,STJ,MO,ACE,CE,Federal Contract Tower,0,0,6,18,24,1,0,23,14,38,1,0,29,32,62,41,49,90,152
04/18/2001,STJ,MO,ACE,CE,Federal Contract Tower,0,0,23,23,46,0,1,9,0,10,0,1,32,23,56,42,44,86,142
04/19/2001,STJ,MO,ACE,CE,Federal Contract Tower,0,0,7,11,18,0,2,25,0,27,0,2,32,11,45,32,8,40,85
04/20/2001,STJ,MO,ACE,CE,Federal Contract Tower,0,0,10,9,19,0,0,27,5,32,0,0,37,14,51,20,8,28,79
04/21/2001,STJ,MO,ACE,CE,Federal Contract Tower,0,0,0,0,0,0,1,62,0,63,0,1,62,0,63,32,0,32,95
04/22/2001,STJ,MO,ACE,CE,Federal Contract Tower,0,0,1,0,1,0,2,48,0,50,0,2,49,0,51,2,0,2,53
04/23/2001,STJ,MO,ACE,CE,Federal Contract Tower,0,0,3,10,13,0,2,47,7,56,0,2,50,17,69,6,3,9,78
04/24/2001,STJ,MO,ACE,CE,Federal Contract Tower,0,0,5,7,12,0,0,27,9,36,0,0,32,16,48,14,25,39,87
04/25/2001,STJ,MO,ACE,CE,Federal Contract Tower,0,0,9,13,22,0,1,47,30,78,0,1,56,43,100,38,6,44,144
04/26/2001,STJ,MO,ACE,CE,Federal Contract Tower,0,0,10,4,14,3,0,18,4,25,3,0,28,8,39,62,25,87,126
04/27/2001,STJ,MO,ACE,CE,Federal Contract Tower,0,0,6,3,9,0,1,15,0,16,0,1,21,3,25,14,0,14,39
04/28/2001,STJ,MO,ACE,CE,Federal Contract Tower,0,0,0,0,0,0,1,56,6,63,0,1,56,6,63,36,0,36,99
04/29/2001,STJ,MO,ACE,CE,Federal Contract Tower,0,0,4,5,9,0,3,57,10,70,0,3,61,15,79,9,0,9,88
04/30/2001,STJ,MO,ACE,CE,Federal Contract Tower,0,0,6,4,10,0,6,21,2,29,0,6,27,6,39,40,0,40,79
05/01/2001,STJ,MO,ACE,CE,Federal Contract Tower,0,0,3,3,6,0,0,21,8,29,0,0,24,11,35,36,1,37,72
05/02/2001,STJ,MO,ACE,CE,Federal Contract Tower,0,0,9,8,17,0,0,1,4,5,0,0,10,12,22,0,0,0,22
05/03/2001,STJ,MO,ACE,CE,Federal Contract Tower,0,1,8,0,9,0,3,15,0,18,0,4,23,0,27,29,0,29,56
05/04/2001,STJ,MO,ACE,CE,Federal Contract Tower,0,1,1,0,2,0,2,12,0,14,0,3,13,0,16,0,0,0,16
05/05/2001,STJ,MO,ACE,CE,Federal Contract Tower,0,1,13,0,14,0,0,5,0,5,0,1,18,0,19,54,0,54,73
05/06/2001,STJ,MO,ACE,CE,Federal Contract Tower,0,1,5,8,14,0,0,0,11,11,0,1,5,19,25,0,0,0,25
05/07/2001,STJ,MO,ACE,CE,Federal Contract Tower,0,0,5,5,10,0,2,42,1,45,0,2,47,6,55,18,0,18,73
05/08/2001,STJ,MO,ACE,CE,Federal Contract Tower,0,0,6,6,12,0,0,23,6,29,0,0,29,12,41,26,0,26,67
05/09/2001,STJ,MO,ACE,CE,Federal Contract Tower,0,0,3,3,6,0,3,19,60,82,0,3,22,63,88,20,49,69,157
05/10/2001,STJ,MO,ACE,CE,Federal Contract Tower,0,0,7,13,20,0,0,0,0,0,0,0,7,13,20,2,23,25,45
05/11/2001,STJ,MO,ACE,CE,Federal Contract Tower,0,0,12,7,19,0,0,14,0,14,0,0,26,7,33,51,17,68,101
05/12/2001,STJ,MO,ACE,CE,Federal Contract Tower,0,0,18,0,18,0,1,76,0,77,0,1,94,0,95,5,0,5,100
05/13/2001,STJ,MO,ACE,CE,Federal Contract Tower,0,0,8,0,8,0,0,17,0,17,0,0,25,0,25,40,0,40,65
05/14/2001,STJ,MO,ACE,CE,Federal Contract Tower,0,0,10,7,17,3,2,15,12,32,3,2,25,19,49,67,0,67,116
05/15/2001,STJ,MO,ACE,CE,Federal Contract Tower,0,0,5,4,9,0,0,23,17,40,0,0,28,21,49,2,15,17,66
05/16/2001,STJ,MO,ACE,CE,Federal Contract Tower,0,0,0,0,0,0,2,31,34,67,0,2,31,34,67,0,66,66,133
05/17/2001,STJ,MO,ACE,CE,Federal Contract Tower,0,0,22,2,24,0,5,2,0,7,0,5,24,2,31,35,2,37,68
05/18/2001,STJ,MO,ACE,CE,Federal Contract Tower,0,0,6,5,11,0,0,27,7,34,0,0,33,12,45,40,28,68,113
05/19/2001,STJ,MO,ACE,CE,Federal Contract Tower,0,0,9,1,10,0,0,32,0,32,0,0,41,1,42,55,0,55,97
05/20/2001,STJ,MO,ACE,CE,Federal Contract Tower,0,0,5,3,8,0,0,1,7,8,0,0,6,10,16,0,6,6,22
05/21/2001,STJ,MO,ACE,CE,Federal Contract Tower,0,0,5,2,7,0,0,13,0,13,0,0,18,2,20,0,0,0,20
05/22/2001,STJ,MO,ACE,CE,Federal Contract Tower,0,0,11,9,20,0,4,7,38,49,0,4,18,47,69,0,24,24,93
05/23/2001,STJ,MO,ACE,CE,Federal Contract Tower,0,0,15,13,28,0,2,17,18,37,0,2,32,31,65,8,8,16,81
05/24/2001,STJ,MO,ACE,CE,Federal Contract Tower,0,0,27,8,35,0,0,0,0,0,0,0,27,8,35,5,23,28,63
05/25/2001,STJ,MO,ACE,CE,Federal Contract Tower,0,0,20,8,28,0,2,18,0,20,0,2,38,8,48,27,3,30,78
05/26/2001,STJ,MO,ACE,CE,Federal Contract Tower,0,0,29,0,29,0,5,13,0,18,0,5,42,0,47,8,0,8,55
05/27/2001,STJ,MO,ACE,CE,Federal Contract Tower,0,0,7,0,7,0,0,51,0,51,0,0,58,0,58,6,0,6,64
05/28/2001,STJ,MO,ACE,CE,Federal Contract Tower,0,0,15,3,18,0,0,56,0,56,0,0,71,3,74,48,0,48,122
05/29/2001,STJ,MO,ACE,CE,Federal Contract Tower,0,0,12,10,22,0,0,15,17,32,0,0,27,27,54,38,24,62,116
05/30/2001,STJ,MO,ACE,CE,Federal Contract Tower,0,0,7,5,12,0,2,8,17,27,0,2,15,22,39,0,0,0,39
05/31/2001,STJ,MO,ACE,CE,Federal Contract Tower,0,0,13,16,29,0,2,0,0,2,0,2,13,16,31,1,19,20,51
06/01/2001,STJ,MO,ACE,CE,Federal Contract Tower,0,0,10,1,11,2,0,37,23,62,2,0,47,24,73,36,12,48,121
06/02/2001,STJ,MO,ACE,CE,Federal Contract Tower,0,0,7,0,7,0,0,30,0,30,0,0,37,0,37,52,0,52,89
06/03/2001,STJ,MO,ACE,CE,Federal Contract Tower,0,0,2,1,3,0,0,3,0,3,0,0,5,1,6,0,0,0,6
06/04/2001,STJ,MO,ACE,CE,Federal Contract Tower,0,1,8,2,11,0,0,2,0,2,0,1,10,2,13,7,0,7,20
06/05/2001,STJ,MO,ACE,CE,Federal Contract Tower,0,1,2,11,14,0,0,9,16,25,0,1,11,27,39,22,39,61,100
06/06/2001,STJ,MO,ACE,CE,Federal Contract Tower,0,0,17,14,31,0,0,30,9,39,0,0,47,23,70,0,6,6,76
06/07/2001,STJ,MO,ACE,CE,Federal Contract Tower,0,0,17,6,23,0,0,23,7,30,0,0,40,13,53,63,10,73,126
06/08/2001,STJ,MO,ACE,CE,Federal Contract Tower,0,0,8,7,15,0,0,54,2,56,0,0,62,9,71,70,2,72,143
06/09/2001,STJ,MO,ACE,CE,Federal Contract Tower,0,0,8,0,8,0,1,41,0,42,0,1,49,0,50,38,0,38,88
06/10/2001,STJ,MO,ACE,CE,Federal Contract Tower,0,0,4,2,6,0,3,15,2,20,0,3,19,4,26,0,0,0,26
06/11/2001,STJ,MO,ACE,CE,Federal Contract Tower,0,0,5,3,8,0,0,53,26,79,0,0,58,29,87,10,0,10,97
06/12/2001,STJ,MO,ACE,CE,Federal Contract Tower,0,0,14,6,20,1,0,47,12,60,1,0,61,18,80,23,1,24,104
06/13/2001,STJ,MO,ACE,CE,Federal Contract Tower,0,0,8,10,18,0,0,21,34,55,0,0,29,44,73,12,49,61,134
06/14/2001,STJ,MO,ACE,CE,Federal Contract Tower,0,0,12,4,16,0,0,5,0,5,0,0,17,4,21,4,0,4,25
06/15/2001,STJ,MO,ACE,CE,Federal Contract Tower,0,0,4,2,6,0,0,44,3,47,0,0,48,5,53,32,2,34,87
06/16/2001,STJ,MO,ACE,CE,Federal Contract Tower,0,0,8,0,8,0,0,22,1,23,0,0,30,1,31,60,0,60,91
06/17/2001,STJ,MO,ACE,CE,Federal Contract Tower,0,0,10,1,11,0,0,50,1,51,0,0,60,2,62,8,0,8,70
06/18/2001,STJ,MO,ACE,CE,Federal Contract Tower,0,0,10,2,12,0,1,11,0,12,0,1,21,2,24,6,0,6,30
06/19/2001,STJ,MO,ACE,CE,Federal Contract Tower,0,0,5,7,12,0,0,2,5,7,0,0,7,12,19,0,0,0,19
06/20/2001,STJ,MO,ACE,CE,Federal Contract Tower,1,0,10,30,41,1,0,0,0,1,2,0,10,30,42,2,26,28,70
06/21/2001,STJ,MO,ACE,CE,Federal Contract Tower,0,0,21,19,40,0,0,43,0,43,0,0,64,19,83,30,30,60,143
06/22/2001,STJ,MO,ACE,CE,Federal Contract Tower,0,0,2,21,23,0,0,50,9,59,0,0,52,30,82,20,12,32,114
06/23/2001,STJ,MO,ACE,CE,Federal Contract Tower,0,0,8,0,8,1,0,25,0,26,1,0,33,0,34,86,0,86,120
06/24/2001,STJ,MO,ACE,CE,Federal Contract Tower,0,0,4,3,7,0,1,35,2,38,0,1,39,5,45,42,0,42,87
06/25/2001,STJ,MO,ACE,CE,Federal Contract Tower,0,0,10,1,11,0,2,28,20,50,0,2,38,21,61,35,3,38,99
06/26/2001,STJ,MO,ACE,CE,Federal Contract Tower,0,0,16,4,20,0,1,53,21,75,0,1,69,25,95,39,27,66,161
06/27/2001,STJ,MO,ACE,CE,Federal Contract Tower,0,0,7,16,23,0,1,18,16,35,0,1,25,32,58,16,50,66,124
06/28/2001,STJ,MO,ACE,CE,Federal Contract Tower,0,0,21,10,31,0,0,30,15,45,0,0,51,25,76,12,28,40,116
06/29/2001,STJ,MO,ACE,CE,Federal Contract Tower,0,0,12,15,27,0,1,34,15,50,0,1,46,30,77,54,26,80,157
06/30/2001,STJ,MO,ACE,CE,Federal Contract Tower,0,0,5,2,7,0,2,37,0,39,0,2,42,2,46,24,0,24,70
07/01/2001,STJ,MO,ACE,CE,Federal Contract Tower,0,0,5,2,7,0,0,21,1,22,0,0,26,3,29,0,0,0,29
07/02/2001,STJ,MO,ACE,CE,Federal Contract Tower,0,0,14,4,18,0,1,39,0,40,0,1,53,4,58,12,0,12,70
07/03/2001,STJ,MO,ACE,CE,Federal Contract Tower,0,0,4,12,16,0,0,32,8,40,0,0,36,20,56,34,14,48,104
07/04/2001,STJ,MO,ACE,CE,Federal Contract Tower,0,0,2,0,2,0,0,38,0,38,0,0,40,0,40,24,0,24,64
07/05/2001,STJ,MO,ACE,CE,Federal Contract Tower,0,0,22,4,26,2,0,39,7,48,2,0,61,11,74,56,27,83,157
07/06/2001,STJ,MO,ACE,CE,Federal Contract Tower,0,0,9,9,18,0,0,35,2,37,0,0,44,11,55,7,0,7,62
07/07/2001,STJ,MO,ACE,CE,Federal Contract Tower,0,2,2,6,10,0,0,42,2,44,0,2,44,8,54,38,0,38,92
07/08/2001,STJ,MO,ACE,CE,Federal Contract Tower,0,0,8,4,12,0,0,21,1,22,0,0,29,5,34,6,0,6,40
07/09/2001,STJ,MO,ACE,CE,Federal Contract Tower,0,0,6,0,6,0,0,36,17,53,0,0,42,17,59,6,0,6,65
07/10/2001,STJ,MO,ACE,CE,Federal Contract Tower,0,0,9,22,31,0,0,32,14,46,0,0,41,36,77,20,32,52,129
07/11/2001,STJ,MO,ACE,CE,Federal Contract Tower,0,0,8,2,10,2,0,3,0,5,2,0,11,2,15,37,39,76,91
07/12/2001,STJ,MO,ACE,CE,Federal Contract Tower,0,0,15,19,34,0,0,7,2,9,0,0,22,21,43,0,2,2,45
07/13/2001,STJ,MO,ACE,CE,Federal Contract Tower,0,0,15,0,15,0,2,60,1,63,0,2,75,1,78,0,0,0,78
07/14/2001,STJ,MO,ACE,CE,Federal Contract Tower,0,0,10,2,12,0,0,35,0,35,0,0,45,2,47,8,0,8,55
07/15/2001,STJ,MO,ACE,CE,Federal Contract Tower,0,0,5,4,9,6,0,29,2,37,6,0,34,6,46,40,0,40,86
07/16/2001,STJ,MO,ACE,CE,Federal Contract Tower,0,0,0,0,0,0,0,16,5,21,0,0,16,5,21,39,0,39,60
07/17/2001,STJ,MO,ACE,CE,Federal Contract Tower,0,0,11,30,41,1,0,18,2,21,1,0,29,32,62,41,49,90,152
07/18/2001,STJ,MO,ACE,CE,Federal Contract Tower,0,0,9,2,11,0,1,23,21,45,0,1,32,23,56,42,44,86,142
07/19/2001,STJ,MO,ACE,CE,Federal Contract Tower,0,0,6,9,15,0,2,26,2,30,0,2,32,11,45,32,8,40,85
07/20/2001,STJ,MO,ACE,CE,Federal Contract Tower,0,0,5,3,8,0,0,32,11,43,0,0,37,14,51,20,8,28,79
07/21/2001,STJ,MO,ACE,CE,Federal Contract Tower,0,0,9,0,9,0,1,53,0,54,0,1,62,0,63,32,0,32,95
07/22/2001,STJ,MO,ACE,CE,Federal Contract Tower,0,0,20,0,20,0,2,29,0,31,0,2,49,0,51,2,0,2,53
07/23/2001,STJ,MO,ACE,CE,Federal Contract Tower,0,0,23,5,28,0,2,27,12,41,0,2,50,17,69,6,3,9,78
07/24/2001,STJ,MO,ACE,CE,Federal Contract Tower,0,0,13,16,29,0,0,19,0,19,0,0,32,16,48,14,25,39,87
07/25/2001,STJ,MO,ACE,CE,Federal Contract Tower,0,0,15,22,37,0,1,41,21,63,0,1,56,43,100,38,6,44,144
07/26/2001,STJ,MO,ACE,CE,Federal Contract Tower,0,0,21,8,29,3,0,7,0,10,3,0,28,8,39,62,25,87,126
07/27/2001,STJ,MO,ACE,CE,Federal Contract Tower,0,1,9,3,13,0,0,12,0,12,0,1,21,3,25,14,0,14,39
07/28/2001,STJ,MO,ACE,CE,Federal Contract Tower,0,0,23,5,28,0,1,33,1,35,0,1,56,6,63,36,0,36,99
07/29/2001,STJ,MO,ACE,CE,Federal Contract Tower,0,3,14,5,22,0,0,47,10,57,0,3,61,15,79,9,0,9,88
07/30/2001,STJ,MO,ACE,CE,Federal Contract Tower,0,0,5,6,11,0,6,22,0,28,0,6,27,6,39,40,0,40,79
07/31/2001,STJ,MO,ACE,CE,Federal Contract Tower,0,0,26,11,37,0,1,25,4,30,0,1,51,15,67,33,8,41,108
08/01/2001,STJ,MO,ACE,CE,Federal Contract Tower,0,0,16,39,55,0,2,28,11,41,0,2,44,50,96,32,59,91,187
08/02/2001,STJ,MO,ACE,CE,Federal Contract Tower,0,0,12,36,48,0,0,16,14,30,0,0,28,50,78,8,46,54,132
08/03/2001,STJ,MO,ACE,CE,Federal Contract Tower,0,0,9,12,21,4,0,17,3,24,4,0,26,15,45,17,30,47,92
08/04/2001,STJ,MO,ACE,CE,Federal Contract Tower,0,0,10,6,16,0,0,8,5,13,0,0,18,11,29,20,6,26,55
08/05/2001,STJ,MO,ACE,CE,Federal Contract Tower,0,0,7,5,12,0,0,39,5,44,0,0,46,10,56,7,5,12,68
08/06/2001,STJ,MO,ACE,CE,Federal Contract Tower,0,0,10,4,14,0,2,28,12,42,0,2,38,16,56,10,0,10,66
08/07/2001,STJ,MO,ACE,CE,Federal Contract Tower,0,0,7,22,29,0,3,30,3,36,0,3,37,25,65,54,56,110,175
08/08/2001,STJ,MO,ACE,CE,Federal Contract Tower,0,0,16,7,23,0,2,20,17,39,0,2,36,24,62,51,52,103,165
08/09/2001,STJ,MO,ACE,CE,Federal Contract Tower,0,0,13,18,31,0,0,12,9,21,0,0,25,27,52,1,20,21,73
08/10/2001,STJ,MO,ACE,CE,Federal Contract Tower,0,0,8,9,17,0,0,26,0,26,0,0,34,9,43,69,10,79,122
08/11/2001,STJ,MO,ACE,CE,Federal Contract Tower,0,0,12,3,15,1,0,48,1,50,1,0,60,4,65,8,0,8,73
08/12/2001,STJ,MO,ACE,CE,Federal Contract Tower,0,0,10,3,13,0,0,22,0,22,0,0,32,3,35,37,0,37,72
08/13/2001,STJ,MO,ACE,CE,Federal Contract Tower,0,0,5,15,20,0,0,48,0,48,0,0,53,15,68,19,0,19,87
08/14/2001,STJ,MO,ACE,CE,Federal Contract Tower,0,0,5,18,23,1,0,32,8,41,1,0,37,26,64,15,38,53,117
08/15/2001,STJ,MO,ACE,CE,Federal Contract Tower,0,0,9,31,40,1,0,27,8,36,1,0,36,39,76,30,52,82,158
08/16/2001,STJ,MO,ACE,CE,Federal Contract Tower,0,0,18,6,24,1,0,30,0,31,1,0,48,6,55,27,23,50,105
08/17/2001,STJ,MO,ACE,CE,Federal Contract Tower,0,0,19,10,29,0,0,21,2,23,0,0,40,12,52,26,17,43,95
08/18/2001,STJ,MO,ACE,CE,Federal Contract Tower,0,0,2,0,2,0,0,37,0,37,0,0,39,0,39,42,0,42,81
08/19/2001,STJ,MO,ACE,CE,Federal Contract Tower,0,0,8,1,9,0,2,57,0,59,0,2,65,1,68,18,0,18,86
08/20/2001,STJ,MO,ACE,CE,Federal Contract Tower,0,0,11,0,11,0,0,27,7,34,0,0,38,7,45,18,0,18,63
08/21/2001,STJ,MO,ACE,CE,Federal Contract Tower,12,0,15,10,37,6,0,27,6,39,18,0,42,16,76,18,9,27,103
08/22/2001,STJ,MO,ACE,CE,Federal Contract Tower,1,0,13,12,26,4,0,28,20,52,5,0,41,32,78,14,32,46,124
08/23/2001,STJ,MO,ACE,CE,Federal Contract Tower,0,0,21,31,52,0,1,22,2,25,0,1,43,33,77,22,40,62,139
08/24/2001,STJ,MO,ACE,CE,Federal Contract Tower,4,0,8,12,24,1,0,0,0,1,5,0,8,12,25,1,21,22,47
08/25/2001,STJ,MO,ACE,CE,Federal Contract Tower,0,0,27,0,27,1,0,13,0,14,1,0,40,0,41,45,0,45,86
08/26/2001,STJ,MO,ACE,CE,Federal Contract Tower,0,0,6,4,10,0,0,37,1,38,0,0,43,5,48,14,0,14,62
08/27/2001,STJ,MO,ACE,CE,Federal Contract Tower,0,0,5,0,5,2,0,35,0,37,2,0,40,0,42,42,0,42,84
08/28/2001,STJ,MO,ACE,CE,Federal Contract Tower,0,0,17,35,52,0,4,25,3,32,0,4,42,38,84,51,56,107,191
08/29/2001,STJ,MO,ACE,CE,Federal Contract Tower,0,3,7,48,58,0,5,48,20,73,0,8,55,68,131,36,40,76,207
08/30/2001,STJ,MO,ACE,CE,Federal Contract Tower,0,0,11,7,18,0,0,25,3,28,0,0,36,10,46,28,16,44,90
08/31/2001,STJ,MO,ACE,CE,Federal Contract Tower,0,0,16,16,32,0,1,41,0,42,0,1,57,16,74,13,8,21,95
09/01/2001,STJ,MO,ACE,CE,Federal Contract Tower,0,0,3,0,3,0,1,47,0,48,0,1,50,0,51,17,0,17,68
09/02/2001,STJ,MO,ACE,CE,Federal Contract Tower,1,0,4,1,6,0,0,38,0,38,1,0,42,1,44,13,0,13,57
09/03/2001,STJ,MO,ACE,CE,Federal Contract Tower,0,0,14,0,14,0,0,55,0,55,0,0,69,0,69,3,0,3,72
09/04/2001,STJ,MO,ACE,CE,Federal Contract Tower,0,0,1,1,2,0,0,13,15,28,0,0,14,16,30,24,16,40,70
09/05/2001,STJ,MO,ACE,CE,Federal Contract Tower,0,0,20,19,39,0,0,23,27,50,0,0,43,46,89,28,62,90,179
09/06/2001,STJ,MO,ACE,CE,Federal Contract Tower,0,0,11,9,20,0,0,7,0,7,0,0,18,9,27,12,6,18,45
09/07/2001,STJ,MO,ACE,CE,Federal Contract Tower,0,0,6,5,11,0,0,20,48,68,0,0,26,53,79,2,28,30,109
09/08/2001,STJ,MO,ACE,CE,Federal Contract Tower,0,0,2,0,2,0,1,29,2,32,0,1,31,2,34,50,6,56,90
09/09/2001,STJ,MO,ACE,CE,Federal Contract Tower,0,0,7,10,17,0,2,19,4,25,0,2,26,14,42,0,10,10,52
09/10/2001,STJ,MO,ACE,CE,Federal Contract Tower,0,0,19,16,35,0,0,45,0,45,0,0,64,16,80,0,10,10,90
09/11/2001,STJ,MO,ACE,CE,Federal Contract Tower,0,0,4,1,5,0,0,0,0,0,0,0,4,1,5,0,0,0,5
09/12/2001,STJ,MO,ACE,CE,Federal Contract Tower,0,0,0,0,0,0,0,0,0,0,0,0,0,0,0,0,0,0,0
09/13/2001,STJ,MO,ACE,CE,Federal Contract Tower,0,0,0,0,0,0,0,0,3,3,0,0,0,3,3,0,0,0,3
09/14/2001,STJ,MO,ACE,CE,Federal Contract Tower,0,1,3,3,7,0,1,0,16,17,0,2,3,19,24,0,30,30,54
09/15/2001,STJ,MO,ACE,CE,Federal Contract Tower,0,0,1,1,2,0,0,3,6,9,0,0,4,7,11,0,0,0,11
09/16/2001,STJ,MO,ACE,CE,Federal Contract Tower,0,0,5,5,10,0,0,0,0,0,0,0,5,5,10,0,0,0,10
09/17/2001,STJ,MO,ACE,CE,Federal Contract Tower,0,1,10,14,25,0,0,0,1,1,0,1,10,15,26,0,0,0,26
09/18/2001,STJ,MO,ACE,CE,Federal Contract Tower,0,1,11,13,25,0,3,0,4,7,0,4,11,17,32,0,0,0,32
09/19/2001,STJ,MO,ACE,CE,Federal Contract Tower,0,1,26,17,44,0,2,5,44,51,0,3,31,61,95,2,31,33,128
09/20/2001,STJ,MO,ACE,CE,Federal Contract Tower,0,1,3,2,6,0,1,13,19,33,0,2,16,21,39,1,0,1,40
09/21/2001,STJ,MO,ACE,CE,Federal Contract Tower,0,0,8,8,16,0,0,26,32,58,0,0,34,40,74,0,0,0,74
09/22/2001,STJ,MO,ACE,CE,Federal Contract Tower,0,0,7,8,15,0,0,32,38,70,0,0,39,46,85,12,6,18,103
09/23/2001,STJ,MO,ACE,CE,Federal Contract Tower,0,0,13,11,24,1,0,2,6,9,1,0,15,17,33,1,4,5,38
09/24/2001,STJ,MO,ACE,CE,Federal Contract Tower,1,0,22,19,42,4,0,19,32,55,5,0,41,51,97,22,4,26,123
09/25/2001,STJ,MO,ACE,CE,Federal Contract Tower,1,0,23,20,44,5,0,32,58,95,6,0,55,78,139,51,34,85,224
09/26/2001,STJ,MO,ACE,CE,Federal Contract Tower,0,0,9,7,16,7,0,45,83,135,7,0,54,90,151,13,39,52,203
09/27/2001,STJ,MO,ACE,CE,Federal Contract Tower,0,0,10,8,18,0,0,32,54,86,0,0,42,62,104,62,28,90,194
09/28/2001,STJ,MO,ACE,CE,Federal Contract Tower,0,0,15,14,29,0,3,39,49,91,0,3,54,63,120,42,20,62,182
09/29/2001,STJ,MO,ACE,CE,Federal Contract Tower,0,0,11,9,20,0,2,31,53,86,0,2,42,62,106,75,0,75,181
09/30/2001,STJ,MO,ACE,CE,Federal Contract Tower,0,0,30,26,56,0,0,28,29,57,0,0,58,55,113,0,0,0,113
10/01/2001,STJ,MO,ACE,CE,Federal Contract Tower,7,0,30,2,39,1,7,26,0,34,8,7,56,2,73,16,8,24,97
10/02/2001,STJ,MO,ACE,CE,Federal Contract Tower,6,0,19,17,42,0,2,27,0,29,6,2,46,17,71,8,38,46,117
10/03/2001,STJ,MO,ACE,CE,Federal Contract Tower,0,0,29,13,42,0,1,33,11,45,0,1,62,24,87,8,16,24,111
10/04/2001,STJ,MO,ACE,CE,Federal Contract Tower,0,0,20,15,35,0,0,17,4,21,0,0,37,19,56,6,13,19,75
10/05/2001,STJ,MO,ACE,CE,Federal Contract Tower,2,0,10,8,20,0,5,14,0,19,2,5,24,8,39,44,10,54,93
10/06/2001,STJ,MO,ACE,CE,Federal Contract Tower,0,0,0,0,0,0,2,41,0,43,0,2,41,0,43,50,0,50,93
10/07/2001,STJ,MO,ACE,CE,Federal Contract Tower,0,0,16,0,16,0,1,34,0,35,0,1,50,0,51,12,0,12,63
10/08/2001,STJ,MO,ACE,CE,Federal Contract Tower,0,0,15,2,17,1,1,15,0,17,1,1,30,2,34,35,0,35,69
10/09/2001,STJ,MO,ACE,CE,Federal Contract Tower,0,0,9,15,24,0,0,12,9,21,0,0,21,24,45,7,11,18,63
10/10/2001,STJ,MO,ACE,CE,Federal Contract Tower,0,0,14,12,26,0,1,4,53,58,0,1,18,65,84,0,44,44,128
10/11/2001,STJ,MO,ACE,CE,Federal Contract Tower,0,0,27,10,37,0,2,32,4,38,0,2,59,14,75,8,10,18,93
10/12/2001,STJ,MO,ACE,CE,Federal Contract Tower,0,0,14,9,23,0,0,10,6,16,0,0,24,15,39,24,22,46,85
10/13/2001,STJ,MO,ACE,CE,Federal Contract Tower,0,0,12,0,12,0,2,4,0,6,0,2,16,0,18,26,0,26,44
10/14/2001,STJ,MO,ACE,CE,Federal Contract Tower,0,0,13,7,20,0,1,17,15,33,0,1,30,22,53,2,18,20,73
10/15/2001,STJ,MO,ACE,CE,Federal Contract Tower,3,0,15,2,20,9,1,5,3,18,12,1,20,5,38,44,2,46,84
10/16/2001,STJ,MO,ACE,CE,Federal Contract Tower,0,0,17,20,37,0,3,42,22,67,0,3,59,42,104,52,15,67,171
10/17/2001,STJ,MO,ACE,CE,Federal Contract Tower,1,0,31,2,34,5,1,15,0,21,6,1,46,2,55,17,12,29,84
10/18/2001,STJ,MO,ACE,CE,Federal Contract Tower,0,0,21,11,32,0,0,27,4,31,0,0,48,15,63,92,8,100,163
10/19/2001,STJ,MO,ACE,CE,Federal Contract Tower,0,0,15,3,18,0,4,35,1,40,0,4,50,4,58,64,14,78,136
10/20/2001,STJ,MO,ACE,CE,Federal Contract Tower,4,0,8,1,13,0,2,38,0,40,4,2,46,1,53,48,0,48,101
10/21/2001,STJ,MO,ACE,CE,Federal Contract Tower,0,0,11,5,16,0,0,8,0,8,0,0,19,5,24,34,0,34,58
10/22/2001,STJ,MO,ACE,CE,Federal Contract Tower,0,0,5,0,5,0,4,11,0,15,0,4,16,0,20,6,0,6,26
10/23/2001,STJ,MO,ACE,CE,Federal Contract Tower,0,0,20,9,29,2,0,15,0,17,2,0,35,9,46,6,2,8,54
10/24/2001,STJ,MO,ACE,CE,Federal Contract Tower,9,0,17,7,33,3,1,10,45,59,12,1,27,52,92,4,16,20,112
10/25/2001,STJ,MO,ACE,CE,Federal Contract Tower,0,0,12,9,21,0,1,6,2,9,0,1,18,11,30,0,8,8,38
10/26/2001,STJ,MO,ACE,CE,Federal Contract Tower,3,0,10,22,35,0,1,21,7,29,3,1,31,29,64,20,4,24,88
10/27/2001,STJ,MO,ACE,CE,Federal Contract Tower,2,0,11,0,13,1,1,34,0,36,3,1,45,0,49,26,0,26,75
10/28/2001,STJ,MO,ACE,CE,Federal Contract Tower,0,0,12,0,12,0,0,24,0,24,0,0,36,0,36,0,0,0,36
10/29/2001,STJ,MO,ACE,CE,Federal Contract Tower,0,0,29,2,31,0,0,47,3,50,0,0,76,5,81,34,2,36,117
10/30/2001,STJ,MO,ACE,CE,Federal Contract Tower,0,0,19,12,31,0,1,32,5,38,0,1,51,17,69,6,6,12,81
10/31/2001,STJ,MO,ACE,CE,Federal Contract Tower,0,0,14,12,26,0,1,0,23,24,0,1,14,35,50,0,39,39,89
11/01/2001,STJ,MO,ACE,CE,Federal Contract Tower,0,0,48,2,50,0,1,19,11,31,0,1,67,13,81,30,28,58,139
11/02/2001,STJ,MO,ACE,CE,Federal Contract Tower,1,0,14,6,21,6,2,64,0,72,7,2,78,6,93,8,0,8,101
11/03/2001,STJ,MO,ACE,CE,Federal Contract Tower,0,1,18,0,19,0,0,64,0,64,0,1,82,0,83,12,0,12,95
11/04/2001,STJ,MO,ACE,CE,Federal Contract Tower,1,0,12,2,15,2,0,9,0,11,3,0,21,2,26,30,0,30,56
11/05/2001,STJ,MO,ACE,CE,Federal Contract Tower,0,0,24,1,25,0,0,29,0,29,0,0,53,1,54,31,0,31,85
11/06/2001,STJ,MO,ACE,CE,Federal Contract Tower,0,0,19,12,31,0,3,13,2,18,0,3,32,14,49,30,31,61,110
11/07/2001,STJ,MO,ACE,CE,Federal Contract Tower,0,2,19,17,38,0,0,36,18,54,0,2,55,35,92,0,32,32,124
11/08/2001,STJ,MO,ACE,CE,Federal Contract Tower,0,1,9,5,15,0,0,37,5,42,0,1,46,10,57,14,10,24,81
11/09/2001,STJ,MO,ACE,CE,Federal Contract Tower,0,0,12,1,13,0,0,37,6,43,0,0,49,7,56,14,8,22,78
11/10/2001,STJ,MO,ACE,CE,Federal Contract Tower,0,1,7,1,9,0,0,67,2,69,0,1,74,3,78,68,2,70,148
11/11/2001,STJ,MO,ACE,CE,Federal Contract Tower,0,1,9,0,10,0,0,37,0,37,0,1,46,0,47,34,0,34,81
11/12/2001,STJ,MO,ACE,CE,Federal Contract Tower,0,0,5,0,5,0,0,31,0,31,0,0,36,0,36,27,0,27,63
11/13/2001,STJ,MO,ACE,CE,Federal Contract Tower,0,0,16,36,52,0,0,13,0,13,0,0,29,36,65,17,12,29,94
11/14/2001,STJ,MO,ACE,CE,Federal Contract Tower,0,1,23,22,46,0,5,13,8,26,0,6,36,30,72,14,48,62,134
11/15/2001,STJ,MO,ACE,CE,Federal Contract Tower,0,0,22,11,33,0,1,25,11,37,0,1,47,22,70,13,18,31,101
11/16/2001,STJ,MO,ACE,CE,Federal Contract Tower,4,0,60,8,72,0,0,8,0,8,4,0,68,8,80,34,10,44,124
11/17/2001,STJ,MO,ACE,CE,Federal Contract Tower,3,0,5,0,8,1,0,44,0,45,4,0,49,0,53,20,0,20,73
11/18/2001,STJ,MO,ACE,CE,Federal Contract Tower,0,0,24,1,25,0,1,18,0,19,0,1,42,1,44,30,0,30,74
11/19/2001,STJ,MO,ACE,CE,Federal Contract Tower,0,0,14,9,23,0,0,13,0,13,0,0,27,9,36,25,12,37,73
11/20/2001,STJ,MO,ACE,CE,Federal Contract Tower,5,0,24,19,48,0,0,30,3,33,5,0,54,22,81,4,16,20,101
11/21/2001,STJ,MO,ACE,CE,Federal Contract Tower,0,0,0,0,0,0,0,32,18,50,0,0,32,18,50,41,10,51,101
11/22/2001,STJ,MO,ACE,CE,Federal Contract Tower,0,0,3,0,3,0,0,10,0,10,0,0,13,0,13,23,0,23,36
11/23/2001,STJ,MO,ACE,CE,Federal Contract Tower,0,3,23,1,27,0,0,0,0,0,0,3,23,1,27,0,0,0,27
11/24/2001,STJ,MO,ACE,CE,Federal Contract Tower,0,0,3,0,3,0,1,1,0,2,0,1,4,0,5,44,0,44,49
11/25/2001,STJ,MO,ACE,CE,Federal Contract Tower,0,0,24,0,24,0,3,36,0,39,0,3,60,0,63,45,0,45,108
11/26/2001,STJ,MO,ACE,CE,Federal Contract Tower,0,0,7,0,7,0,1,17,0,18,0,1,24,0,25,28,0,28,53
11/27/2001,STJ,MO,ACE,CE,Federal Contract Tower,0,0,15,8,23,0,1,3,4,8,0,1,18,12,31,18,34,52,83
11/28/2001,STJ,MO,ACE,CE,Federal Contract Tower,0,0,15,23,38,0,0,4,9,13,0,0,19,32,51,2,2,4,55
11/29/2001,STJ,MO,ACE,CE,Federal Contract Tower,0,0,31,18,49,0,0,27,6,33,0,0,58,24,82,6,2,8,90
11/30/2001,STJ,MO,ACE,CE,Federal Contract Tower,0,0,37,20,57,0,0,13,0,13,0,0,50,20,70,0,10,10,80
12/01/2001,STJ,MO,ACE,CE,Federal Contract Tower,0,0,13,0,13,0,2,51,1,54,0,2,64,1,67,74,0,74,141
12/02/2001,STJ,MO,ACE,CE,Federal Contract Tower,0,0,5,4,9,0,0,24,0,24,0,0,29,4,33,58,0,58,91
12/03/2001,STJ,MO,ACE,CE,Federal Contract Tower,0,0,6,0,6,0,2,18,1,21,0,2,24,1,27,54,0,54,81
12/04/2001,STJ,MO,ACE,CE,Federal Contract Tower,0,0,10,23,33,0,1,6,2,9,0,1,16,25,42,5,19,24,66
12/05/2001,STJ,MO,ACE,CE,Federal Contract Tower,0,0,17,42,59,0,3,7,42,52,0,3,24,84,111,0,30,30,141
12/06/2001,STJ,MO,ACE,CE,Federal Contract Tower,0,0,17,13,30,0,0,12,0,12,0,0,29,13,42,32,19,51,93
12/07/2001,STJ,MO,ACE,CE,Federal Contract Tower,0,0,19,2,21,0,1,64,1,66,0,1,83,3,87,42,0,42,129
12/08/2001,STJ,MO,ACE,CE,Federal Contract Tower,0,0,5,0,5,0,0,36,0,36,0,0,41,0,41,54,0,54,95
12/09/2001,STJ,MO,ACE,CE,Federal Contract Tower,0,0,7,5,12,0,0,59,2,61,0,0,66,7,73,16,2,18,91
12/10/2001,STJ,MO,ACE,CE,Federal Contract Tower,0,0,7,0,7,0,1,29,0,30,0,1,36,0,37,55,0,55,92
12/11/2001,STJ,MO,ACE,CE,Federal Contract Tower,0,0,14,16,30,0,1,14,7,22,0,1,28,23,52,8,20,28,80
12/12/2001,STJ,MO,ACE,CE,Federal Contract Tower,0,0,9,0,9,0,0,0,0,0,0,0,9,0,9,0,0,0,9
12/13/2001,STJ,MO,ACE,CE,Federal Contract Tower,0,0,8,33,41,0,0,21,0,21,0,0,29,33,62,14,23,37,99
12/14/2001,STJ,MO,ACE,CE,Federal Contract Tower,0,0,10,19,29,0,0,24,2,26,0,0,34,21,55,0,0,0,55
12/15/2001,STJ,MO,ACE,CE,Federal Contract Tower,0,0,11,2,13,0,0,65,0,65,0,0,76,2,78,30,0,30,108
12/16/2001,STJ,MO,ACE,CE,Federal Contract Tower,0,0,4,1,5,0,0,2,0,2,0,0,6,1,7,0,0,0,7
12/17/2001,STJ,MO,ACE,CE,Federal Contract Tower,0,0,18,18,36,0,6,28,3,37,0,6,46,21,73,20,12,32,105
12/18/2001,STJ,MO,ACE,CE,Federal Contract Tower,0,0,9,26,35,0,2,33,2,37,0,2,42,28,72,5,25,30,102
12/19/2001,STJ,MO,ACE,CE,Federal Contract Tower,0,0,7,19,26,0,2,37,23,62,0,2,44,42,88,2,48,50,138
12/20/2001,STJ,MO,ACE,CE,Federal Contract Tower,0,0,13,6,19,0,0,40,0,40,0,0,53,6,59,19,11,30,89
12/21/2001,STJ,MO,ACE,CE,Federal Contract Tower,0,0,11,0,11,0,0,31,0,31,0,0,42,0,42,23,0,23,65
12/22/2001,STJ,MO,ACE,CE,Federal Contract Tower,0,0,4,0,4,0,0,2,0,2,0,0,6,0,6,0,0,0,6
12/23/2001,STJ,MO,ACE,CE,Federal Contract Tower,0,0,1,0,1,0,0,4,0,4,0,0,5,0,5,0,0,0,5
12/24/2001,STJ,MO,ACE,CE,Federal Contract Tower,4,0,3,0,7,0,0,3,0,3,4,0,6,0,10,30,0,30,40
12/25/2001,STJ,MO,ACE,CE,Federal Contract Tower,0,0,0,0,0,0,0,11,0,11,0,0,11,0,11,12,0,12,23
12/26/2001,STJ,MO,ACE,CE,Federal Contract Tower,0,0,5,8,13,0,0,29,25,54,0,0,34,33,67,0,18,18,85
12/27/2001,STJ,MO,ACE,CE,Federal Contract Tower,0,0,8,9,17,0,0,23,3,26,0,0,31,12,43,22,40,62,105
12/28/2001,STJ,MO,ACE,CE,Federal Contract Tower,0,0,7,0,7,0,0,75,37,112,0,0,82,37,119,22,34,56,175
12/29/2001,STJ,MO,ACE,CE,Federal Contract Tower,0,0,0,0,0,0,1,14,0,15,0,1,14,0,15,0,0,0,15
12/30/2001,STJ,MO,ACE,CE,Federal Contract Tower,0,0,3,0,3,0,2,12,0,14,0,2,15,0,17,20,0,20,37
12/31/2001,STJ,MO,ACE,CE,Federal Contract Tower,0,0,0,0,0,0,0,26,26,52,0,0,26,26,52,40,0,40,92
01/01/2002,STJ,MO,ACE,CE,Federal Contract Tower,0,0,0,0,0,0,6,4,0,10,0,6,4,0,10,16,0,16,26
01/02/2002,STJ,MO,ACE,CE,Federal Contract Tower,0,0,17,14,31,0,0,0,43,43,0,0,17,57,74,23,35,58,132
01/03/2002,STJ,MO,ACE,CE,Federal Contract Tower,0,0,2,1,3,0,3,43,0,46,0,3,45,1,49,6,0,6,55
01/04/2002,STJ,MO,ACE,CE,Federal Contract Tower,0,0,4,6,10,0,0,29,1,30,0,0,33,7,40,0,32,32,72
01/05/2002,STJ,MO,ACE,CE,Federal Contract Tower,0,0,1,0,1,0,0,13,0,13,0,0,14,0,14,18,0,18,32
01/06/2002,STJ,MO,ACE,CE,Federal Contract Tower,0,1,0,9,10,0,0,0,11,11,0,1,0,20,21,6,2,8,29
01/07/2002,STJ,MO,ACE,CE,Federal Contract Tower,0,0,0,0,0,0,0,31,0,31,0,0,31,0,31,46,0,46,77
01/08/2002,STJ,MO,ACE,CE,Federal Contract Tower,0,0,5,6,11,0,0,37,0,37,0,0,42,6,48,16,39,55,103
01/09/2002,STJ,MO,ACE,CE,Federal Contract Tower,0,0,7,8,15,0,0,16,11,27,0,0,23,19,42,9,36,45,87
01/10/2002,STJ,MO,ACE,CE,Federal Contract Tower,0,0,10,6,16,0,1,8,0,9,0,1,18,6,25,24,22,46,71
01/11/2002,STJ,MO,ACE,CE,Federal Contract Tower,0,0,9,4,13,0,0,21,2,23,0,0,30,6,36,4,16,20,56
01/12/2002,STJ,MO,ACE,CE,Federal Contract Tower,0,0,2,0,2,0,2,37,0,39,0,2,39,0,41,4,0,4,45
01/13/2002,STJ,MO,ACE,CE,Federal Contract Tower,0,0,11,3,14,0,0,17,1,18,0,0,28,4,32,30,0,30,62
01/14/2002,STJ,MO,ACE,CE,Federal Contract Tower,0,0,2,1,3,0,0,4,0,4,0,0,6,1,7,9,0,9,16
01/15/2002,STJ,MO,ACE,CE,Federal Contract Tower,0,0,7,2,9,0,0,19,0,19,0,0,26,2,28,26,30,56,84
01/16/2002,STJ,MO,ACE,CE,Federal Contract Tower,0,0,17,15,32,0,1,10,1,12,0,1,27,16,44,28,50,78,122
01/17/2002,STJ,MO,ACE,CE,Federal Contract Tower,0,0,6,7,13,0,0,9,0,9,0,0,15,7,22,9,3,12,34
01/18/2002,STJ,MO,ACE,CE,Federal Contract Tower,0,4,9,4,17,0,0,3,0,3,0,4,12,4,20,20,22,42,62
01/19/2002,STJ,MO,ACE,CE,Federal Contract Tower,0,0,5,0,5,0,0,9,0,9,0,0,14,0,14,22,0,22,36
01/20/2002,STJ,MO,ACE,CE,Federal Contract Tower,0,0,2,2,4,0,0,42,0,42,0,0,44,2,46,12,0,12,58
01/21/2002,STJ,MO,ACE,CE,Federal Contract Tower,0,0,5,1,6,0,2,2,1,5,0,2,7,2,11,1,0,1,12
01/22/2002,STJ,MO,ACE,CE,Federal Contract Tower,0,0,8,8,16,0,1,8,3,12,0,1,16,11,28,32,28,60,88
01/23/2002,STJ,MO,ACE,CE,Federal Contract Tower,0,1,10,7,18,3,0,5,8,16,3,1,15,15,34,21,63,84,118
01/24/2002,STJ,MO,ACE,CE,Federal Contract Tower,0,0,6,4,10,0,1,36,11,48,0,1,42,15,58,29,17,46,104
01/25/2002,STJ,MO,ACE,CE,Federal Contract Tower,0,0,0,0,0,0,1,12,12,25,0,1,12,12,25,35,4,39,64
01/26/2002,STJ,MO,ACE,CE,Federal Contract Tower,0,0,0,0,0,0,2,0,0,2,0,2,0,0,2,17,0,17,19
01/27/2002,STJ,MO,ACE,CE,Federal Contract Tower,0,0,0,1,1,0,1,1,0,2,0,1,1,1,3,81,1,82,85
01/28/2002,STJ,MO,ACE,CE,Federal Contract Tower,0,0,1,1,2,0,4,0,0,4,0,4,1,1,6,25,0,25,31
01/29/2002,STJ,MO,ACE,CE,Federal Contract Tower,0,0,0,0,0,0,12,0,0,12,0,12,0,0,12,0,0,0,12
01/30/2002,STJ,MO,ACE,CE,Federal Contract Tower,0,0,0,0,0,0,0,0,0,0,0,0,0,0,0,0,0,0,0
01/31/2002,STJ,MO,ACE,CE,Federal Contract Tower,0,0,0,0,0,0,0,1,1,2,0,0,1,1,2,0,0,0,2
02/01/2002,STJ,MO,ACE,CE,Federal Contract Tower,4,0,6,13,23,0,1,9,0,10,4,1,15,13,33,43,9,52,85
02/02/2002,STJ,MO,ACE,CE,Federal Contract Tower,0,0,3,2,5,0,1,13,0,14,0,1,16,2,19,20,1,21,40
02/03/2002,STJ,MO,ACE,CE,Federal Contract Tower,0,0,5,6,11,0,2,16,0,18,0,2,21,6,29,12,0,12,41
02/04/2002,STJ,MO,ACE,CE,Federal Contract Tower,0,4,7,4,15,0,0,16,0,16,0,4,23,4,31,6,0,6,37
02/05/2002,STJ,MO,ACE,CE,Federal Contract Tower,0,2,1,4,7,1,0,11,0,12,1,2,12,4,19,41,61,102,121
02/06/2002,STJ,MO,ACE,CE,Federal Contract Tower,0,0,6,10,16,0,0,0,5,5,0,0,6,15,21,47,9,56,77
02/07/2002,STJ,MO,ACE,CE,Federal Contract Tower,0,0,12,8,20,0,0,0,1,1,0,0,12,9,21,14,5,19,40
02/08/2002,STJ,MO,ACE,CE,Federal Contract Tower,0,4,15,2,21,0,5,38,0,43,0,9,53,2,64,42,14,56,120
02/09/2002,STJ,MO,ACE,CE,Federal Contract Tower,0,4,7,0,11,0,1,3,0,4,0,5,10,0,15,8,0,8,23
02/10/2002,STJ,MO,ACE,CE,Federal Contract Tower,0,0,3,2,5,0,0,0,0,0,0,0,3,2,5,0,0,0,5
02/11/2002,STJ,MO,ACE,CE,Federal Contract Tower,0,0,8,1,9,0,3,0,1,4,0,3,8,2,13,38,0,38,51
02/12/2002,STJ,MO,ACE,CE,Federal Contract Tower,0,0,12,3,15,0,0,2,0,2,0,0,14,3,17,31,18,49,66
02/13/2002,STJ,MO,ACE,CE,Federal Contract Tower,0,0,10,9,19,0,0,9,7,16,0,0,19,16,35,65,8,73,108
02/14/2002,STJ,MO,ACE,CE,Federal Contract Tower,0,2,9,4,15,0,0,1,0,1,0,2,10,4,16,38,19,57,73
02/15/2002,STJ,MO,ACE,CE,Federal Contract Tower,0,0,10,4,14,0,1,18,0,19,0,1,28,4,33,26,6,32,65
02/16/2002,STJ,MO,ACE,CE,Federal Contract Tower,0,0,10,1,11,0,0,44,0,44,0,0,54,1,55,31,0,31,86
02/17/2002,STJ,MO,ACE,CE,Federal Contract Tower,0,2,2,2,6,0,0,47,0,47,0,2,49,2,53,32,0,32,85
02/18/2002,STJ,MO,ACE,CE,Federal Contract Tower,0,0,6,1,7,0,0,2,0,2,0,0,8,1,9,11,0,11,20
02/19/2002,STJ,MO,ACE,CE,Federal Contract Tower,0,0,6,26,32,0,2,2,0,4,0,2,8,26,36,0,0,0,36
02/20/2002,STJ,MO,ACE,CE,Federal Contract Tower,0,0,9,24,33,0,0,4,7,11,0,0,13,31,44,23,31,54,98
02/21/2002,STJ,MO,ACE,CE,Federal Contract Tower,0,0,13,3,16,0,1,1,2,4,0,1,14,5,20,43,36,79,99
02/22/2002,STJ,MO,ACE,CE,Federal Contract Tower,0,0,16,14,30,0,3,15,6,24,0,3,31,20,54,28,31,59,113
02/23/2002,STJ,MO,ACE,CE,Federal Contract Tower,0,0,8,1,9,0,2,39,0,41,0,2,47,1,50,36,0,36,86
02/24/2002,STJ,MO,ACE,CE,Federal Contract Tower,0,0,1,3,4,0,1,1,1,3,0,1,2,4,7,14,0,14,21
02/25/2002,STJ,MO,ACE,CE,Federal Contract Tower,0,0,7,6,13,0,4,1,1,6,0,4,8,7,19,6,0,6,25
02/26/2002,STJ,MO,ACE,CE,Federal Contract Tower,0,0,0,0,0,0,1,9,1,11,0,1,9,1,11,6,0,6,17
02/27/2002,STJ,MO,ACE,CE,Federal Contract Tower,0,0,8,1,9,0,0,8,6,14,0,0,16,7,23,36,8,44,67
02/28/2002,STJ,MO,ACE,CE,Federal Contract Tower,0,0,8,9,17,0,0,14,1,15,0,0,22,10,32,64,0,64,96
03/01/2002,STJ,MO,ACE,CE,Federal Contract Tower,0,1,5,8,14,0,1,16,4,21,0,2,21,12,35,6,17,23,58
03/02/2002,STJ,MO,ACE,CE,Federal Contract Tower,0,0,1,1,2,0,0,0,1,1,0,0,1,2,3,0,0,0,3
03/03/2002,STJ,MO,ACE,CE,Federal Contract Tower,0,0,5,2,7,0,0,1,1,2,0,0,6,3,9,8,6,14,23
03/04/2002,STJ,MO,ACE,CE,Federal Contract Tower,0,0,6,2,8,0,0,12,1,13,0,0,18,3,21,29,0,29,50
03/05/2002,STJ,MO,ACE,CE,Federal Contract Tower,0,0,4,9,13,0,0,22,7,29,0,0,26,16,42,36,14,50,92
03/06/2002,STJ,MO,ACE,CE,Federal Contract Tower,0,0,6,4,10,0,0,4,6,10,0,0,10,10,20,22,14,36,56
03/07/2002,STJ,MO,ACE,CE,Federal Contract Tower,0,2,18,21,41,0,1,2,0,3,0,3,20,21,44,4,0,4,48
03/08/2002,STJ,MO,ACE,CE,Federal Contract Tower,0,0,12,8,20,0,0,3,0,3,0,0,15,8,23,1,29,30,53
03/09/2002,STJ,MO,ACE,CE,Federal Contract Tower,0,0,2,0,2,0,0,3,0,3,0,0,5,0,5,0,0,0,5
03/10/2002,STJ,MO,ACE,CE,Federal Contract Tower,0,0,11,1,12,0,0,40,0,40,0,0,51,1,52,36,0,36,88
03/11/2002,STJ,MO,ACE,CE,Federal Contract Tower,0,0,12,3,15,0,1,0,0,1,0,1,12,3,16,72,24,96,112
03/12/2002,STJ,MO,ACE,CE,Federal Contract Tower,0,0,8,11,19,0,0,9,0,9,0,0,17,11,28,16,65,81,109
03/13/2002,STJ,MO,ACE,CE,Federal Contract Tower,0,0,9,13,22,0,0,4,0,4,0,0,13,13,26,53,38,91,117
03/14/2002,STJ,MO,ACE,CE,Federal Contract Tower,0,0,7,9,16,0,0,1,0,1,0,0,8,9,17,11,4,15,32
03/15/2002,STJ,MO,ACE,CE,Federal Contract Tower,0,0,10,8,18,0,1,14,5,20,0,1,24,13,38,8,43,51,89
03/16/2002,STJ,MO,ACE,CE,Federal Contract Tower,0,0,2,0,2,0,3,40,0,43,0,3,42,0,45,24,0,24,69
03/17/2002,STJ,MO,ACE,CE,Federal Contract Tower,0,0,6,2,8,0,0,34,0,34,0,0,40,2,42,36,0,36,78
03/18/2002,STJ,MO,ACE,CE,Federal Contract Tower,0,0,9,0,9,0,0,11,18,29,0,0,20,18,38,20,0,20,58
03/19/2002,STJ,MO,ACE,CE,Federal Contract Tower,0,0,11,34,45,0,2,3,1,6,0,2,14,35,51,4,0,4,55
03/20/2002,STJ,MO,ACE,CE,Federal Contract Tower,0,0,18,19,37,0,0,0,0,0,0,0,18,19,37,41,51,92,129
03/21/2002,STJ,MO,ACE,CE,Federal Contract Tower,0,0,5,3,8,0,0,0,0,0,0,0,5,3,8,13,25,38,46
03/22/2002,STJ,MO,ACE,CE,Federal Contract Tower,0,0,7,8,15,0,4,18,0,22,0,4,25,8,37,28,14,42,79
03/23/2002,STJ,MO,ACE,CE,Federal Contract Tower,0,0,0,3,3,0,1,0,0,1,0,1,0,3,4,114,0,114,118
03/24/2002,STJ,MO,ACE,CE,Federal Contract Tower,0,0,5,2,7,0,0,1,0,1,0,0,6,2,8,0,0,0,8
03/25/2002,STJ,MO,ACE,CE,Federal Contract Tower,0,0,0,1,1,0,0,1,0,1,0,0,1,1,2,0,0,0,2
03/26/2002,STJ,MO,ACE,CE,Federal Contract Tower,0,0,7,6,13,0,0,3,0,3,0,0,10,6,16,52,56,108,124
03/27/2002,STJ,MO,ACE,CE,Federal Contract Tower,0,0,9,6,15,0,0,2,8,10,0,0,11,14,25,13,12,25,50
03/28/2002,STJ,MO,ACE,CE,Federal Contract Tower,0,0,10,10,20,0,0,17,0,17,0,0,27,10,37,37,30,67,104
03/29/2002,STJ,MO,ACE,CE,Federal Contract Tower,0,0,8,1,9,0,1,35,8,44,0,1,43,9,53,4,10,14,67
03/30/2002,STJ,MO,ACE,CE,Federal Contract Tower,0,0,8,1,9,0,3,42,0,45,0,3,50,1,54,56,0,56,110
03/31/2002,STJ,MO,ACE,CE,Federal Contract Tower,0,0,5,0,5,0,0,0,0,0,0,0,5,0,5,55,0,55,60
04/01/2002,STJ,MO,ACE,CE,Federal Contract Tower,0,0,6,0,6,0,0,1,0,1,0,0,7,0,7,60,0,60,67
04/02/2002,STJ,MO,ACE,CE,Federal Contract Tower,0,0,13,6,19,0,2,5,0,7,0,2,18,6,26,1,23,24,50
04/03/2002,STJ,MO,ACE,CE,Federal Contract Tower,0,0,8,12,20,0,2,40,0,42,0,2,48,12,62,38,20,58,120
04/04/2002,STJ,MO,ACE,CE,Federal Contract Tower,0,2,11,19,32,0,0,27,0,27,0,2,38,19,59,10,10,20,79
04/05/2002,STJ,MO,ACE,CE,Federal Contract Tower,0,0,2,15,17,0,0,27,0,27,0,0,29,15,44,29,33,62,106
04/06/2002,STJ,MO,ACE,CE,Federal Contract Tower,0,0,5,1,6,0,1,0,0,1,0,1,5,1,7,63,0,63,70
04/07/2002,STJ,MO,ACE,CE,Federal Contract Tower,0,0,10,3,13,0,0,0,0,0,0,0,10,3,13,21,0,21,34
04/08/2002,STJ,MO,ACE,CE,Federal Contract Tower,0,0,1,2,3,0,0,5,0,5,0,0,6,2,8,0,0,0,8
04/09/2002,STJ,MO,ACE,CE,Federal Contract Tower,0,0,7,10,17,0,0,5,0,5,0,0,12,10,22,56,21,77,99
04/10/2002,STJ,MO,ACE,CE,Federal Contract Tower,0,0,12,5,17,0,1,6,5,12,0,1,18,10,29,17,16,33,62
04/11/2002,STJ,MO,ACE,CE,Federal Contract Tower,0,0,20,10,30,0,0,0,0,0,0,0,20,10,30,23,14,37,67
04/12/2002,STJ,MO,ACE,CE,Federal Contract Tower,0,0,20,10,30,0,1,0,0,1,0,1,20,10,31,23,0,23,54
04/13/2002,STJ,MO,ACE,CE,Federal Contract Tower,0,0,2,0,2,0,1,21,0,22,0,1,23,0,24,25,0,25,49
04/14/2002,STJ,MO,ACE,CE,Federal Contract Tower,0,0,10,1,11,0,1,4,0,5,0,1,14,1,16,0,0,0,16
04/15/2002,STJ,MO,ACE,CE,Federal Contract Tower,0,0,8,0,8,0,1,0,0,1,0,1,8,0,9,19,0,19,28
04/16/2002,STJ,MO,ACE,CE,Federal Contract Tower,0,0,7,16,23,0,1,1,0,2,0,1,8,16,25,6,66,72,97
04/17/2002,STJ,MO,ACE,CE,Federal Contract Tower,0,0,8,6,14,0,0,3,0,3,0,0,11,6,17,21,14,35,52
04/18/2002,STJ,MO,ACE,CE,Federal Contract Tower,0,0,6,15,21,0,1,7,0,8,0,1,13,15,29,15,6,21,50
04/19/2002,STJ,MO,ACE,CE,Federal Contract Tower,0,0,5,3,8,0,0,20,0,20,0,0,25,3,28,23,0,23,51
04/20/2002,STJ,MO,ACE,CE,Federal Contract Tower,0,3,11,3,17,0,0,0,0,0,0,3,11,3,17,15,0,15,32
04/21/2002,STJ,MO,ACE,CE,Federal Contract Tower,0,0,5,0,5,0,0,1,0,1,0,0,6,0,6,17,0,17,23
04/22/2002,STJ,MO,ACE,CE,Federal Contract Tower,0,0,8,1,9,0,4,2,0,6,0,4,10,1,15,72,18,90,105
04/23/2002,STJ,MO,ACE,CE,Federal Contract Tower,0,0,9,7,16,0,0,10,0,10,0,0,19,7,26,45,27,72,98
04/24/2002,STJ,MO,ACE,CE,Federal Contract Tower,0,0,11,30,41,0,0,0,0,0,0,0,11,30,41,0,37,37,78
04/25/2002,STJ,MO,ACE,CE,Federal Contract Tower,0,0,9,6,15,0,0,27,5,32,0,0,36,11,47,44,3,47,94
04/26/2002,STJ,MO,ACE,CE,Federal Contract Tower,0,0,12,6,18,0,1,9,3,13,0,1,21,9,31,27,19,46,77
04/27/2002,STJ,MO,ACE,CE,Federal Contract Tower,0,0,1,0,1,0,0,0,1,1,0,0,1,1,2,0,0,0,2
04/28/2002,STJ,MO,ACE,CE,Federal Contract Tower,0,0,15,7,22,0,1,1,0,2,0,1,16,7,24,26,0,26,50
04/29/2002,STJ,MO,ACE,CE,Federal Contract Tower,0,0,4,11,15,0,1,4,4,9,0,1,8,15,24,111,1,112,136
04/30/2002,STJ,MO,ACE,CE,Federal Contract Tower,0,0,23,28,51,0,2,14,0,16,0,2,37,28,67,56,24,80,147
05/01/2002,STJ,MO,ACE,CE,Federal Contract Tower,0,0,11,32,43,0,0,0,5,5,0,0,11,37,48,23,4,27,75
05/02/2002,STJ,MO,ACE,CE,Federal Contract Tower,0,0,10,10,20,0,1,0,1,2,0,1,10,11,22,30,16,46,68
05/03/2002,STJ,MO,ACE,CE,Federal Contract Tower,0,0,6,2,8,0,0,40,1,41,0,0,46,3,49,0,35,35,84
05/04/2002,STJ,MO,ACE,CE,Federal Contract Tower,0,0,2,0,2,0,3,41,4,48,0,3,43,4,50,25,10,35,85
05/05/2002,STJ,MO,ACE,CE,Federal Contract Tower,0,0,5,0,5,0,0,1,1,2,0,0,6,1,7,46,18,64,71
05/06/2002,STJ,MO,ACE,CE,Federal Contract Tower,2,0,9,2,13,0,1,0,1,2,2,1,9,3,15,27,0,27,42
05/07/2002,STJ,MO,ACE,CE,Federal Contract Tower,0,0,9,13,22,0,0,1,0,1,0,0,10,13,23,40,35,75,98
05/08/2002,STJ,MO,ACE,CE,Federal Contract Tower,0,0,11,9,20,0,0,4,2,6,0,0,15,11,26,9,33,42,68
05/09/2002,STJ,MO,ACE,CE,Federal Contract Tower,0,0,16,11,27,0,0,13,2,15,0,0,29,13,42,37,20,57,99
05/10/2002,STJ,MO,ACE,CE,Federal Contract Tower,0,0,6,11,17,0,1,16,1,18,0,1,22,12,35,26,18,44,79
05/11/2002,STJ,MO,ACE,CE,Federal Contract Tower,0,0,4,1,5,0,1,4,0,5,0,1,8,1,10,1,0,1,11
05/12/2002,STJ,MO,ACE,CE,Federal Contract Tower,0,0,5,0,5,0,0,0,0,0,0,0,5,0,5,0,0,0,5
05/13/2002,STJ,MO,ACE,CE,Federal Contract Tower,0,0,0,9,9,0,1,2,0,3,0,1,2,9,12,69,15,84,96
05/14/2002,STJ,MO,ACE,CE,Federal Contract Tower,0,0,9,18,27,0,0,30,4,34,0,0,39,22,61,53,46,99,160
05/15/2002,STJ,MO,ACE,CE,Federal Contract Tower,0,0,5,14,19,0,2,15,7,24,0,2,20,21,43,9,30,39,82
05/16/2002,STJ,MO,ACE,CE,Federal Contract Tower,0,0,5,9,14,0,1,1,0,2,0,1,6,9,16,48,18,66,82
05/17/2002,STJ,MO,ACE,CE,Federal Contract Tower,0,0,6,1,7,0,0,23,0,23,0,0,29,1,30,10,8,18,48
05/18/2002,STJ,MO,ACE,CE,Federal Contract Tower,0,0,4,3,7,0,0,50,0,50,0,0,54,3,57,24,0,24,81
05/19/2002,STJ,MO,ACE,CE,Federal Contract Tower,0,0,2,0,2,0,0,8,0,8,0,0,10,0,10,56,1,57,67
05/20/2002,STJ,MO,ACE,CE,Federal Contract Tower,0,0,5,0,5,0,0,15,0,15,0,0,20,0,20,18,0,18,38
05/21/2002,STJ,MO,ACE,CE,Federal Contract Tower,0,0,5,1,6,0,0,22,2,24,0,0,27,3,30,23,57,80,110
05/22/2002,STJ,MO,ACE,CE,Federal Contract Tower,0,0,6,4,10,0,0,6,12,18,0,0,12,16,28,2,65,67,95
05/23/2002,STJ,MO,ACE,CE,Federal Contract Tower,0,4,8,21,33,0,0,4,0,4,0,4,12,21,37,9,0,9,46
05/24/2002,STJ,MO,ACE,CE,Federal Contract Tower,0,0,7,9,16,0,0,10,1,11,0,0,17,10,27,12,2,14,41
05/25/2002,STJ,MO,ACE,CE,Federal Contract Tower,0,0,5,1,6,0,1,48,2,51,0,1,53,3,57,34,0,34,91
05/26/2002,STJ,MO,ACE,CE,Federal Contract Tower,0,0,7,0,7,0,0,26,0,26,0,0,33,0,33,24,0,24,57
05/27/2002,STJ,MO,ACE,CE,Federal Contract Tower,0,0,5,1,6,0,0,37,0,37,0,0,42,1,43,10,0,10,53
05/28/2002,STJ,MO,ACE,CE,Federal Contract Tower,0,2,5,22,29,0,0,24,8,32,0,2,29,30,61,15,33,48,109
05/29/2002,STJ,MO,ACE,CE,Federal Contract Tower,0,0,7,9,16,0,0,11,2,13,0,0,18,11,29,20,25,45,74
05/30/2002,STJ,MO,ACE,CE,Federal Contract Tower,0,0,14,17,31,0,0,7,0,7,0,0,21,17,38,22,32,54,92
05/31/2002,STJ,MO,ACE,CE,Federal Contract Tower,0,0,15,15,30,0,0,28,0,28,0,0,43,15,58,17,32,49,107
06/01/2002,STJ,MO,ACE,CE,Federal Contract Tower,0,0,8,1,9,0,0,4,1,5,0,0,12,2,14,62,40,102,116
06/02/2002,STJ,MO,ACE,CE,Federal Contract Tower,0,0,8,12,20,1,0,23,7,31,1,0,31,19,51,12,23,35,86
06/03/2002,STJ,MO,ACE,CE,Federal Contract Tower,0,0,5,2,7,0,0,18,3,21,0,0,23,5,28,7,7,14,42
06/04/2002,STJ,MO,ACE,CE,Federal Contract Tower,0,0,4,25,29,0,0,0,15,15,0,0,4,40,44,0,30,30,74
06/05/2002,STJ,MO,ACE,CE,Federal Contract Tower,0,0,10,30,40,0,2,53,24,79,0,2,63,54,119,34,40,74,193
06/06/2002,STJ,MO,ACE,CE,Federal Contract Tower,0,0,23,8,31,0,0,21,0,21,0,0,44,8,52,12,27,39,91
06/07/2002,STJ,MO,ACE,CE,Federal Contract Tower,0,0,5,17,22,0,4,19,1,24,0,4,24,18,46,2,26,28,74
06/08/2002,STJ,MO,ACE,CE,Federal Contract Tower,0,0,7,8,15,0,2,41,0,43,0,2,48,8,58,62,0,62,120
06/09/2002,STJ,MO,ACE,CE,Federal Contract Tower,0,0,8,8,16,0,0,17,0,17,0,0,25,8,33,17,0,17,50
06/10/2002,STJ,MO,ACE,CE,Federal Contract Tower,0,0,8,9,17,0,1,15,4,20,0,1,23,13,37,7,0,7,44
06/11/2002,STJ,MO,ACE,CE,Federal Contract Tower,0,0,5,2,7,0,0,7,0,7,0,0,12,2,14,14,8,22,36
06/12/2002,STJ,MO,ACE,CE,Federal Contract Tower,0,1,9,5,15,0,0,5,1,6,0,1,14,6,21,46,25,71,92
06/13/2002,STJ,MO,ACE,CE,Federal Contract Tower,0,0,20,14,34,0,2,7,0,9,0,2,27,14,43,26,36,62,105
06/14/2002,STJ,MO,ACE,CE,Federal Contract Tower,0,0,3,10,13,0,1,3,2,6,0,1,6,12,19,62,0,62,81
06/15/2002,STJ,MO,ACE,CE,Federal Contract Tower,0,0,4,0,4,0,0,24,9,33,0,0,28,9,37,27,1,28,65
06/16/2002,STJ,MO,ACE,CE,Federal Contract Tower,0,0,10,2,12,0,0,15,0,15,0,0,25,2,27,66,4,70,97
06/17/2002,STJ,MO,ACE,CE,Federal Contract Tower,0,0,1,0,1,0,1,25,11,37,0,1,26,11,38,10,6,16,54
06/18/2002,STJ,MO,ACE,CE,Federal Contract Tower,0,0,9,15,24,0,0,12,0,12,0,0,21,15,36,11,48,59,95
06/19/2002,STJ,MO,ACE,CE,Federal Contract Tower,0,0,12,29,41,0,2,16,3,21,0,2,28,32,62,10,43,53,115
06/20/2002,STJ,MO,ACE,CE,Federal Contract Tower,0,0,7,24,31,0,1,40,5,46,0,1,47,29,77,14,34,48,125
06/21/2002,STJ,MO,ACE,CE,Federal Contract Tower,0,0,13,27,40,0,4,55,0,59,0,4,68,27,99,30,16,46,145
06/22/2002,STJ,MO,ACE,CE,Federal Contract Tower,0,0,5,1,6,0,1,55,0,56,0,1,60,1,62,74,0,74,136
06/23/2002,STJ,MO,ACE,CE,Federal Contract Tower,0,0,4,4,8,0,2,28,1,31,0,2,32,5,39,2,0,2,41
06/24/2002,STJ,MO,ACE,CE,Federal Contract Tower,0,0,7,8,15,0,0,28,0,28,0,0,35,8,43,22,14,36,79
06/25/2002,STJ,MO,ACE,CE,Federal Contract Tower,0,0,5,14,19,0,1,31,0,32,0,1,36,14,51,14,46,60,111
06/26/2002,STJ,MO,ACE,CE,Federal Contract Tower,0,0,11,16,27,0,0,12,0,12,0,0,23,16,39,19,12,31,70
06/27/2002,STJ,MO,ACE,CE,Federal Contract Tower,0,0,8,15,23,0,0,16,4,20,0,0,24,19,43,25,23,48,91
06/28/2002,STJ,MO,ACE,CE,Federal Contract Tower,0,0,14,1,15,0,2,7,0,9,0,2,21,1,24,14,0,14,38
06/29/2002,STJ,MO,ACE,CE,Federal Contract Tower,0,0,3,0,3,0,2,44,0,46,0,2,47,0,49,34,0,34,83
06/30/2002,STJ,MO,ACE,CE,Federal Contract Tower,0,0,13,1,14,0,0,15,0,15,0,0,28,1,29,21,1,22,51
07/01/2002,STJ,MO,ACE,CE,Federal Contract Tower,0,0,8,6,14,0,0,25,2,27,0,0,33,8,41,14,0,14,55
07/02/2002,STJ,MO,ACE,CE,Federal Contract Tower,0,0,18,33,51,0,1,20,0,21,0,1,38,33,72,56,9,65,137
07/03/2002,STJ,MO,ACE,CE,Federal Contract Tower,0,0,7,2,9,0,0,17,0,17,0,0,24,2,26,43,27,70,96
07/04/2002,STJ,MO,ACE,CE,Federal Contract Tower,0,0,2,0,2,0,0,27,0,27,0,0,29,0,29,80,0,80,109
07/05/2002,STJ,MO,ACE,CE,Federal Contract Tower,0,0,7,2,9,0,0,22,2,24,0,0,29,4,33,15,0,15,48
07/06/2002,STJ,MO,ACE,CE,Federal Contract Tower,0,0,8,0,8,0,1,20,2,23,0,1,28,2,31,24,0,24,55
07/07/2002,STJ,MO,ACE,CE,Federal Contract Tower,0,0,1,0,1,0,1,33,0,34,0,1,34,0,35,54,0,54,89
07/08/2002,STJ,MO,ACE,CE,Federal Contract Tower,0,0,6,14,20,0,0,27,1,28,0,0,33,15,48,42,0,42,90
07/09/2002,STJ,MO,ACE,CE,Federal Contract Tower,0,0,15,18,33,0,4,27,0,31,0,4,42,18,64,48,26,74,138
07/10/2002,STJ,MO,ACE,CE,Federal Contract Tower,0,0,4,14,18,0,1,14,2,17,0,1,18,16,35,4,14,18,53
07/11/2002,STJ,MO,ACE,CE,Federal Contract Tower,0,0,5,17,22,0,0,30,0,30,0,0,35,17,52,31,24,55,107
07/12/2002,STJ,MO,ACE,CE,Federal Contract Tower,0,0,16,3,19,0,0,9,0,9,0,0,25,3,28,0,0,0,28
07/13/2002,STJ,MO,ACE,CE,Federal Contract Tower,0,0,7,20,27,0,1,33,7,41,0,1,40,27,68,22,19,41,109
07/14/2002,STJ,MO,ACE,CE,Federal Contract Tower,0,0,6,3,9,0,1,42,1,44,0,1,48,4,53,14,0,14,67
07/15/2002,STJ,MO,ACE,CE,Federal Contract Tower,0,0,2,3,5,1,2,25,12,40,1,2,27,15,45,35,9,44,89
07/16/2002,STJ,MO,ACE,CE,Federal Contract Tower,0,0,7,15,22,0,0,25,0,25,0,0,32,15,47,21,25,46,93
07/17/2002,STJ,MO,ACE,CE,Federal Contract Tower,0,0,10,14,24,0,0,11,3,14,0,0,21,17,38,30,46,76,114
07/18/2002,STJ,MO,ACE,CE,Federal Contract Tower,0,0,10,9,19,0,0,36,6,42,0,0,46,15,61,26,30,56,117
07/19/2002,STJ,MO,ACE,CE,Federal Contract Tower,0,0,6,10,16,0,1,31,0,32,0,1,37,10,48,30,46,76,124
07/20/2002,STJ,MO,ACE,CE,Federal Contract Tower,0,0,3,1,4,0,1,45,0,46,0,1,48,1,50,20,0,20,70
07/21/2002,STJ,MO,ACE,CE,Federal Contract Tower,0,0,3,3,6,0,1,17,0,18,0,1,20,3,24,4,0,4,28
07/22/2002,STJ,MO,ACE,CE,Federal Contract Tower,0,0,8,2,10,0,1,25,5,31,0,1,33,7,41,1,0,1,42
07/23/2002,STJ,MO,ACE,CE,Federal Contract Tower,0,0,8,6,14,0,0,28,0,28,0,0,36,6,42,30,32,62,104
07/24/2002,STJ,MO,ACE,CE,Federal Contract Tower,0,0,6,2,8,0,0,39,1,40,0,0,45,3,48,7,7,14,62
07/25/2002,STJ,MO,ACE,CE,Federal Contract Tower,0,0,12,14,26,0,0,37,4,41,0,0,49,18,67,11,12,23,90
07/26/2002,STJ,MO,ACE,CE,Federal Contract Tower,0,0,13,7,20,0,0,35,4,39,0,0,48,11,59,21,0,21,80
07/27/2002,STJ,MO,ACE,CE,Federal Contract Tower,0,0,3,2,5,0,0,14,0,14,0,0,17,2,19,25,0,25,44
07/28/2002,STJ,MO,ACE,CE,Federal Contract Tower,0,0,7,2,9,0,0,50,1,51,0,0,57,3,60,2,0,2,62
07/29/2002,STJ,MO,ACE,CE,Federal Contract Tower,0,0,5,5,10,0,0,32,2,34,0,0,37,7,44,28,0,28,72
07/30/2002,STJ,MO,ACE,CE,Federal Contract Tower,0,0,9,12,21,0,2,21,5,28,0,2,30,17,49,17,33,50,99
07/31/2002,STJ,MO,ACE,CE,Federal Contract Tower,0,0,5,9,14,1,0,17,4,22,1,0,22,13,36,32,54,86,122
08/01/2002,STJ,MO,ACE,CE,Federal Contract Tower,0,1,14,0,15,0,20,21,5,46,0,21,35,5,61,38,25,63,124
08/02/2002,STJ,MO,ACE,CE,Federal Contract Tower,0,0,9,0,9,0,0,39,6,45,0,0,48,6,54,22,10,32,86
08/03/2002,STJ,MO,ACE,CE,Federal Contract Tower,0,0,8,0,8,0,0,44,12,56,0,0,52,12,64,68,9,77,141
08/04/2002,STJ,MO,ACE,CE,Federal Contract Tower,0,0,8,0,8,0,1,21,6,28,0,1,29,6,36,8,2,10,46
08/05/2002,STJ,MO,ACE,CE,Federal Contract Tower,0,0,10,0,10,0,0,8,0,8,0,0,18,0,18,21,0,21,39
08/06/2002,STJ,MO,ACE,CE,Federal Contract Tower,0,0,11,0,11,0,0,25,21,46,0,0,36,21,57,20,27,47,104
08/07/2002,STJ,MO,ACE,CE,Federal Contract Tower,0,0,10,0,10,0,0,11,6,17,0,0,21,6,27,25,6,31,58
08/08/2002,STJ,MO,ACE,CE,Federal Contract Tower,0,0,6,0,6,0,0,22,26,48,0,0,28,26,54,5,16,21,75
08/09/2002,STJ,MO,ACE,CE,Federal Contract Tower,0,0,19,0,19,0,0,28,9,37,0,0,47,9,56,16,0,16,72
08/10/2002,STJ,MO,ACE,CE,Federal Contract Tower,0,0,6,0,6,0,1,42,2,45,0,1,48,2,51,55,0,55,106
08/11/2002,STJ,MO,ACE,CE,Federal Contract Tower,0,0,5,0,5,0,0,34,2,36,0,0,39,2,41,0,0,0,41
08/12/2002,STJ,MO,ACE,CE,Federal Contract Tower,0,0,12,0,12,0,4,17,12,33,0,4,29,12,45,0,0,0,45
08/13/2002,STJ,MO,ACE,CE,Federal Contract Tower,0,0,22,0,22,0,0,3,15,18,0,0,25,15,40,4,0,4,44
08/14/2002,STJ,MO,ACE,CE,Federal Contract Tower,0,0,9,0,9,0,4,33,28,65,0,4,42,28,74,12,8,20,94
08/15/2002,STJ,MO,ACE,CE,Federal Contract Tower,0,0,11,0,11,0,0,19,20,39,0,0,30,20,50,5,9,14,64
08/16/2002,STJ,MO,ACE,CE,Federal Contract Tower,0,0,18,0,18,0,2,11,16,29,0,2,29,16,47,1,21,22,69
08/17/2002,STJ,MO,ACE,CE,Federal Contract Tower,0,0,9,0,9,0,0,28,1,29,0,0,37,1,38,19,0,19,57
08/18/2002,STJ,MO,ACE,CE,Federal Contract Tower,0,0,6,0,6,0,0,18,3,21,0,0,24,3,27,6,1,7,34
08/19/2002,STJ,MO,ACE,CE,Federal Contract Tower,0,0,8,0,8,0,0,24,14,38,0,0,32,14,46,14,0,14,60
08/20/2002,STJ,MO,ACE,CE,Federal Contract Tower,0,0,17,0,17,0,1,6,33,40,0,1,23,33,57,0,15,15,72
08/21/2002,STJ,MO,ACE,CE,Federal Contract Tower,0,0,10,0,10,0,0,10,12,22,0,0,20,12,32,29,5,34,66
08/22/2002,STJ,MO,ACE,CE,Federal Contract Tower,0,0,8,0,8,0,0,40,10,50,0,0,48,10,58,0,30,30,88
08/23/2002,STJ,MO,ACE,CE,Federal Contract Tower,0,0,13,0,13,0,0,19,10,29,0,0,32,10,42,12,5,17,59
08/24/2002,STJ,MO,ACE,CE,Federal Contract Tower,0,0,19,0,19,0,0,30,3,33,0,0,49,3,52,36,0,36,88
08/25/2002,STJ,MO,ACE,CE,Federal Contract Tower,0,0,8,0,8,0,2,64,5,71,0,2,72,5,79,55,4,59,138
08/26/2002,STJ,MO,ACE,CE,Federal Contract Tower,0,0,16,0,16,0,3,39,2,44,0,3,55,2,60,40,0,40,100
08/27/2002,STJ,MO,ACE,CE,Federal Contract Tower,0,0,12,0,12,0,2,32,27,61,0,2,44,27,73,4,50,54,127
08/28/2002,STJ,MO,ACE,CE,Federal Contract Tower,0,0,12,0,12,0,3,33,36,72,0,3,45,36,84,26,42,68,152
08/29/2002,STJ,MO,ACE,CE,Federal Contract Tower,0,0,9,0,9,0,0,33,18,51,0,0,42,18,60,49,5,54,114
08/30/2002,STJ,MO,ACE,CE,Federal Contract Tower,0,0,6,0,6,0,0,29,1,30,0,0,35,1,36,6,0,6,42
08/31/2002,STJ,MO,ACE,CE,Federal Contract Tower,0,0,14,0,14,0,2,31,0,33,0,2,45,0,47,37,0,37,84
09/01/2002,STJ,MO,ACE,CE,Federal Contract Tower,0,0,0,0,0,0,0,28,0,28,0,0,28,0,28,0,0,0,28
09/02/2002,STJ,MO,ACE,CE,Federal Contract Tower,0,0,6,0,6,0,0,26,0,26,0,0,32,0,32,17,0,17,49
09/03/2002,STJ,MO,ACE,CE,Federal Contract Tower,0,0,17,18,35,0,2,22,3,27,0,2,39,21,62,29,14,43,105
09/04/2002,STJ,MO,ACE,CE,Federal Contract Tower,0,0,10,4,14,0,1,12,3,16,0,1,22,7,30,25,11,36,66
09/05/2002,STJ,MO,ACE,CE,Federal Contract Tower,0,1,16,13,30,0,0,9,15,24,0,1,25,28,54,4,8,12,66
09/06/2002,STJ,MO,ACE,CE,Federal Contract Tower,0,0,8,10,18,0,0,19,1,20,0,0,27,11,38,2,0,2,40
09/07/2002,STJ,MO,ACE,CE,Federal Contract Tower,0,0,4,4,8,0,0,46,4,50,0,0,50,8,58,34,1,35,93
09/08/2002,STJ,MO,ACE,CE,Federal Contract Tower,0,0,8,13,21,1,0,40,11,52,1,0,48,24,73,17,38,55,128
09/09/2002,STJ,MO,ACE,CE,Federal Contract Tower,0,0,16,9,25,0,0,44,19,63,0,0,60,28,88,0,2,2,90
09/10/2002,STJ,MO,ACE,CE,Federal Contract Tower,0,0,22,17,39,0,0,14,19,33,0,0,36,36,72,0,5,5,77
09/11/2002,STJ,MO,ACE,CE,Federal Contract Tower,0,0,6,14,20,0,0,31,16,47,0,0,37,30,67,28,33,61,128
09/12/2002,STJ,MO,ACE,CE,Federal Contract Tower,0,0,10,20,30,0,0,38,6,44,0,0,48,26,74,21,12,33,107
09/13/2002,STJ,MO,ACE,CE,Federal Contract Tower,0,0,11,5,16,0,0,15,7,22,0,0,26,12,38,18,0,18,56
09/14/2002,STJ,MO,ACE,CE,Federal Contract Tower,0,0,16,2,18,0,1,10,0,11,0,1,26,2,29,8,0,8,37
09/15/2002,STJ,MO,ACE,CE,Federal Contract Tower,0,0,0,9,9,0,0,48,0,48,0,0,48,9,57,32,0,32,89
09/16/2002,STJ,MO,ACE,CE,Federal Contract Tower,0,0,4,4,8,0,2,29,2,33,0,2,33,6,41,27,15,42,83
09/17/2002,STJ,MO,ACE,CE,Federal Contract Tower,0,0,13,9,22,0,4,16,5,25,0,4,29,14,47,19,0,19,66
09/18/2002,STJ,MO,ACE,CE,Federal Contract Tower,0,0,12,1,13,0,2,12,1,15,0,2,24,2,28,6,0,6,34
09/19/2002,STJ,MO,ACE,CE,Federal Contract Tower,0,0,21,13,34,0,0,16,0,16,0,0,37,13,50,26,22,48,98
09/20/2002,STJ,MO,ACE,CE,Federal Contract Tower,0,0,4,5,9,0,0,16,0,16,0,0,20,5,25,40,0,40,65
09/21/2002,STJ,MO,ACE,CE,Federal Contract Tower,0,0,4,0,4,0,0,41,0,41,0,0,45,0,45,70,0,70,115
09/22/2002,STJ,MO,ACE,CE,Federal Contract Tower,0,0,10,2,12,0,0,42,2,44,0,0,52,4,56,26,0,26,82
09/23/2002,STJ,MO,ACE,CE,Federal Contract Tower,0,0,3,2,5,0,0,21,0,21,0,0,24,2,26,14,0,14,40
09/24/2002,STJ,MO,ACE,CE,Federal Contract Tower,0,0,9,14,23,0,2,10,0,12,0,2,19,14,35,4,19,23,58
09/25/2002,STJ,MO,ACE,CE,Federal Contract Tower,0,0,12,0,12,0,0,9,0,9,0,0,21,0,21,25,0,25,46
09/26/2002,STJ,MO,ACE,CE,Federal Contract Tower,0,0,13,0,13,0,0,21,1,22,0,0,34,1,35,38,0,38,73
09/27/2002,STJ,MO,ACE,CE,Federal Contract Tower,0,0,17,6,23,0,0,14,0,14,0,0,31,6,37,25,0,25,62
09/28/2002,STJ,MO,ACE,CE,Federal Contract Tower,0,0,11,0,11,0,0,24,0,24,0,0,35,0,35,15,0,15,50
09/29/2002,STJ,MO,ACE,CE,Federal Contract Tower,0,0,5,2,7,0,0,41,2,43,0,0,46,4,50,0,2,2,52
09/30/2002,STJ,MO,ACE,CE,Federal Contract Tower,0,0,11,0,11,0,0,31,0,31,0,0,42,0,42,5,0,5,47
10/01/2002,STJ,MO,ACE,CE,Federal Contract Tower,0,3,12,13,28,0,2,19,0,21,0,5,31,13,49,38,0,38,87
10/02/2002,STJ,MO,ACE,CE,Federal Contract Tower,0,0,8,8,16,0,0,2,4,6,0,0,10,12,22,15,0,15,37
10/03/2002,STJ,MO,ACE,CE,Federal Contract Tower,0,2,13,11,26,0,0,0,0,0,0,2,13,11,26,1,0,1,27
10/04/2002,STJ,MO,ACE,CE,Federal Contract Tower,0,0,10,6,16,0,0,15,0,15,0,0,25,6,31,0,8,8,39
10/05/2002,STJ,MO,ACE,CE,Federal Contract Tower,0,0,4,0,4,0,0,30,0,30,0,0,34,0,34,54,0,54,88
10/06/2002,STJ,MO,ACE,CE,Federal Contract Tower,0,0,5,0,5,0,6,13,2,21,0,6,18,2,26,21,0,21,47
10/07/2002,STJ,MO,ACE,CE,Federal Contract Tower,0,0,14,1,15,0,0,22,4,26,0,0,36,5,41,41,0,41,82
10/08/2002,STJ,MO,ACE,CE,Federal Contract Tower,0,0,7,5,12,0,0,32,15,47,0,0,39,20,59,8,48,56,115
10/09/2002,STJ,MO,ACE,CE,Federal Contract Tower,0,0,15,4,19,0,0,22,12,34,0,0,37,16,53,20,64,84,137
10/10/2002,STJ,MO,ACE,CE,Federal Contract Tower,0,0,11,17,28,0,0,17,3,20,0,0,28,20,48,21,36,57,105
10/11/2002,STJ,MO,ACE,CE,Federal Contract Tower,0,0,2,1,3,0,2,46,10,58,0,2,48,11,61,48,24,72,133
10/12/2002,STJ,MO,ACE,CE,Federal Contract Tower,0,0,2,0,2,0,5,14,1,20,0,5,16,1,22,0,0,0,22
10/13/2002,STJ,MO,ACE,CE,Federal Contract Tower,0,0,5,0,5,1,8,46,0,55,1,8,51,0,60,52,0,52,112
10/14/2002,STJ,MO,ACE,CE,Federal Contract Tower,0,0,19,1,20,0,0,4,0,4,0,0,23,1,24,6,0,6,30
10/15/2002,STJ,MO,ACE,CE,Federal Contract Tower,0,0,21,15,36,0,6,1,3,10,0,6,22,18,46,28,44,72,118
10/16/2002,STJ,MO,ACE,CE,Federal Contract Tower,0,0,0,0,0,1,4,32,26,63,1,4,32,26,63,19,11,30,93
10/17/2002,STJ,MO,ACE,CE,Federal Contract Tower,0,0,14,20,34,0,4,24,0,28,0,4,38,20,62,0,31,31,93
10/18/2002,STJ,MO,ACE,CE,Federal Contract Tower,0,0,8,9,17,0,1,28,3,32,0,1,36,12,49,30,2,32,81
10/19/2002,STJ,MO,ACE,CE,Federal Contract Tower,0,0,6,0,6,0,2,35,0,37,0,2,41,0,43,18,0,18,61
10/20/2002,STJ,MO,ACE,CE,Federal Contract Tower,0,0,10,2,12,0,3,70,0,73,0,3,80,2,85,26,0,26,111
10/21/2002,STJ,MO,ACE,CE,Federal Contract Tower,0,0,4,3,7,0,0,13,0,13,0,0,17,3,20,43,0,43,63
10/22/2002,STJ,MO,ACE,CE,Federal Contract Tower,0,0,10,10,20,0,1,2,0,3,0,1,12,10,23,12,49,61,84
10/23/2002,STJ,MO,ACE,CE,Federal Contract Tower,0,0,11,20,31,0,0,5,18,23,0,0,16,38,54,23,0,23,77
10/24/2002,STJ,MO,ACE,CE,Federal Contract Tower,0,0,17,8,25,0,0,0,1,1,0,0,17,9,26,0,0,0,26
10/25/2002,STJ,MO,ACE,CE,Federal Contract Tower,0,0,16,14,30,0,0,0,0,0,0,0,16,14,30,18,0,18,48
10/26/2002,STJ,MO,ACE,CE,Federal Contract Tower,0,0,9,2,11,0,2,20,0,22,0,2,29,2,33,39,0,39,72
10/27/2002,STJ,MO,ACE,CE,Federal Contract Tower,0,0,6,0,6,0,0,0,0,0,0,0,6,0,6,5,0,5,11
10/28/2002,STJ,MO,ACE,CE,Federal Contract Tower,0,0,17,3,20,0,0,0,0,0,0,0,17,3,20,0,0,0,20
10/29/2002,STJ,MO,ACE,CE,Federal Contract Tower,0,0,11,7,18,0,0,0,7,7,0,0,11,14,25,0,0,0,25
10/30/2002,STJ,MO,ACE,CE,Federal Contract Tower,0,1,7,10,18,0,1,2,1,4,0,2,9,11,22,0,0,0,22
10/31/2002,STJ,MO,ACE,CE,Federal Contract Tower,0,1,11,7,19,0,0,7,3,10,0,1,18,10,29,0,0,0,29
11/01/2002,STJ,MO,ACE,CE,Federal Contract Tower,0,0,11,10,21,0,0,14,33,47,0,0,25,43,68,65,34,99,167
11/02/2002,STJ,MO,ACE,CE,Federal Contract Tower,0,0,9,7,16,0,2,43,3,48,0,2,52,10,64,8,16,24,88
11/03/2002,STJ,MO,ACE,CE,Federal Contract Tower,0,0,7,0,7,0,0,6,0,6,0,0,13,0,13,4,0,4,17
11/04/2002,STJ,MO,ACE,CE,Federal Contract Tower,0,0,12,19,31,0,0,17,3,20,0,0,29,22,51,66,42,108,159
11/05/2002,STJ,MO,ACE,CE,Federal Contract Tower,0,0,3,10,13,0,0,0,0,0,0,0,3,10,13,0,15,15,28
11/06/2002,STJ,MO,ACE,CE,Federal Contract Tower,0,0,14,13,27,0,2,55,52,109,0,2,69,65,136,14,54,68,204
11/07/2002,STJ,MO,ACE,CE,Federal Contract Tower,0,0,10,4,14,0,2,44,0,46,0,2,54,4,60,16,13,29,89
11/08/2002,STJ,MO,ACE,CE,Federal Contract Tower,0,0,10,4,14,0,2,63,6,71,0,2,73,10,85,16,13,29,114
11/09/2002,STJ,MO,ACE,CE,Federal Contract Tower,0,0,1,0,1,0,0,32,0,32,0,0,33,0,33,54,0,54,87
11/10/2002,STJ,MO,ACE,CE,Federal Contract Tower,0,0,11,1,12,0,0,33,2,35,0,0,44,3,47,53,0,53,100
11/11/2002,STJ,MO,ACE,CE,Federal Contract Tower,0,0,6,2,8,0,0,12,0,12,0,0,18,2,20,8,0,8,28
11/12/2002,STJ,MO,ACE,CE,Federal Contract Tower,0,2,3,23,28,0,0,37,0,37,0,2,40,23,65,31,52,83,148
11/13/2002,STJ,MO,ACE,CE,Federal Contract Tower,0,0,8,5,13,0,0,32,16,48,0,0,40,21,61,8,32,40,101
11/14/2002,STJ,MO,ACE,CE,Federal Contract Tower,0,0,7,11,18,0,4,4,5,13,0,4,11,16,31,2,4,6,37
11/15/2002,STJ,MO,ACE,CE,Federal Contract Tower,0,0,8,8,16,0,0,24,3,27,0,0,32,11,43,6,23,29,72
11/16/2002,STJ,MO,ACE,CE,Federal Contract Tower,0,0,8,2,10,0,0,39,0,39,0,0,47,2,49,16,0,16,65
11/17/2002,STJ,MO,ACE,CE,Federal Contract Tower,0,0,8,4,12,0,0,18,0,18,0,0,26,4,30,20,5,25,55
11/18/2002,STJ,MO,ACE,CE,Federal Contract Tower,0,0,6,3,9,0,0,14,1,15,0,0,20,4,24,23,4,27,51
11/19/2002,STJ,MO,ACE,CE,Federal Contract Tower,0,0,7,10,17,0,2,32,3,37,0,2,39,13,54,7,23,30,84
11/20/2002,STJ,MO,ACE,CE,Federal Contract Tower,0,1,12,14,27,0,0,33,48,81,0,1,45,62,108,32,44,76,184
11/21/2002,STJ,MO,ACE,CE,Federal Contract Tower,0,0,8,4,12,0,1,6,7,14,0,1,14,11,26,0,29,29,55
11/22/2002,STJ,MO,ACE,CE,Federal Contract Tower,0,3,8,9,20,1,0,34,7,42,1,3,42,16,62,52,2,54,116
11/23/2002,STJ,MO,ACE,CE,Federal Contract Tower,0,0,4,3,7,0,0,72,73,145,0,0,76,76,152,32,0,32,184
11/24/2002,STJ,MO,ACE,CE,Federal Contract Tower,0,0,4,2,6,0,0,7,0,7,0,0,11,2,13,8,0,8,21
11/25/2002,STJ,MO,ACE,CE,Federal Contract Tower,0,0,3,1,4,0,0,24,0,24,0,0,27,1,28,47,0,47,75
11/26/2002,STJ,MO,ACE,CE,Federal Contract Tower,0,0,8,16,24,0,0,19,29,48,0,0,27,45,72,0,46,46,118
11/27/2002,STJ,MO,ACE,CE,Federal Contract Tower,0,0,15,10,25,1,0,19,2,22,1,0,34,12,47,8,10,18,65
11/28/2002,STJ,MO,ACE,CE,Federal Contract Tower,0,0,3,0,3,0,0,10,13,23,0,0,13,13,26,0,0,0,26
11/29/2002,STJ,MO,ACE,CE,Federal Contract Tower,0,0,3,0,3,0,0,29,1,30,0,0,32,1,33,36,0,36,69
11/30/2002,STJ,MO,ACE,CE,Federal Contract Tower,0,0,6,0,6,0,0,15,0,15,0,0,21,0,21,8,0,8,29
12/01/2002,STJ,MO,ACE,CE,Federal Contract Tower,0,0,3,2,5,0,0,22,0,22,0,0,25,2,27,32,0,32,59
12/02/2002,STJ,MO,ACE,CE,Federal Contract Tower,0,0,9,2,11,0,0,27,22,49,0,0,36,24,60,0,26,26,86
12/03/2002,STJ,MO,ACE,CE,Federal Contract Tower,0,0,9,20,29,0,0,9,21,30,0,0,18,41,59,4,74,78,137
12/04/2002,STJ,MO,ACE,CE,Federal Contract Tower,0,2,6,14,22,0,0,12,18,30,0,2,18,32,52,2,36,38,90
12/05/2002,STJ,MO,ACE,CE,Federal Contract Tower,0,0,0,0,0,0,0,26,23,49,0,0,26,23,49,33,44,77,126
12/06/2002,STJ,MO,ACE,CE,Federal Contract Tower,0,0,9,6,15,0,0,32,5,37,0,0,41,11,52,0,37,37,89
12/07/2002,STJ,MO,ACE,CE,Federal Contract Tower,0,0,10,1,11,0,0,55,0,55,0,0,65,1,66,22,0,22,88
12/08/2002,STJ,MO,ACE,CE,Federal Contract Tower,0,0,9,0,9,0,0,21,0,21,0,0,30,0,30,16,0,16,46
12/09/2002,STJ,MO,ACE,CE,Federal Contract Tower,0,0,3,0,3,0,0,29,0,29,0,0,32,0,32,16,0,16,48
12/10/2002,STJ,MO,ACE,CE,Federal Contract Tower,0,0,5,16,21,0,0,11,0,11,0,0,16,16,32,44,17,61,93
12/11/2002,STJ,MO,ACE,CE,Federal Contract Tower,0,2,13,15,30,0,1,2,11,14,0,3,15,26,44,0,17,17,61
12/12/2002,STJ,MO,ACE,CE,Federal Contract Tower,0,0,24,23,47,0,2,15,9,26,0,2,39,32,73,22,39,61,134
12/13/2002,STJ,MO,ACE,CE,Federal Contract Tower,0,0,20,2,22,2,0,43,1,46,2,0,63,3,68,30,0,30,98
12/14/2002,STJ,MO,ACE,CE,Federal Contract Tower,0,0,5,2,7,0,0,64,0,64,0,0,69,2,71,34,0,34,105
12/15/2002,STJ,MO,ACE,CE,Federal Contract Tower,0,0,1,1,2,0,2,30,2,34,0,2,31,3,36,19,0,19,55
12/16/2002,STJ,MO,ACE,CE,Federal Contract Tower,0,0,5,15,20,0,0,38,1,39,0,0,43,16,59,12,6,18,77
12/17/2002,STJ,MO,ACE,CE,Federal Contract Tower,0,0,9,11,20,0,4,0,1,5,0,4,9,12,25,7,7,14,39
12/18/2002,STJ,MO,ACE,CE,Federal Contract Tower,0,1,14,10,25,0,0,22,14,36,0,1,36,24,61,41,42,83,144
12/19/2002,STJ,MO,ACE,CE,Federal Contract Tower,0,0,9,7,16,0,2,30,0,32,0,2,39,7,48,21,28,49,97
12/20/2002,STJ,MO,ACE,CE,Federal Contract Tower,0,0,4,7,11,0,0,7,3,10,0,0,11,10,21,5,9,14,35
12/21/2002,STJ,MO,ACE,CE,Federal Contract Tower,0,0,9,1,10,0,0,52,2,54,0,0,61,3,64,10,0,10,74
12/22/2002,STJ,MO,ACE,CE,Federal Contract Tower,0,0,6,0,6,0,0,43,0,43,0,0,49,0,49,13,0,13,62
12/23/2002,STJ,MO,ACE,CE,Federal Contract Tower,0,0,3,0,3,0,0,16,0,16,0,0,19,0,19,26,0,26,45
12/24/2002,STJ,MO,ACE,CE,Federal Contract Tower,0,0,1,0,1,0,0,8,1,9,0,0,9,1,10,0,16,16,26
12/25/2002,STJ,MO,ACE,CE,Federal Contract Tower,0,0,0,0,0,0,2,11,0,13,0,2,11,0,13,0,12,12,25
12/26/2002,STJ,MO,ACE,CE,Federal Contract Tower,0,0,1,4,5,1,2,32,2,37,1,2,33,6,42,34,16,50,92
12/27/2002,STJ,MO,ACE,CE,Federal Contract Tower,0,0,9,10,19,0,0,8,1,9,0,0,17,11,28,29,12,41,69
12/28/2002,STJ,MO,ACE,CE,Federal Contract Tower,0,0,1,0,1,0,4,49,0,53,0,4,50,0,54,38,0,38,92
12/29/2002,STJ,MO,ACE,CE,Federal Contract Tower,0,0,0,0,0,0,0,43,0,43,0,0,43,0,43,34,0,34,77
12/30/2002,STJ,MO,ACE,CE,Federal Contract Tower,0,0,4,1,5,0,2,16,0,18,0,2,20,1,23,10,0,10,33
12/31/2002,STJ,MO,ACE,CE,Federal Contract Tower,0,0,3,5,8,0,0,49,0,49,0,0,52,5,57,34,30,64,121
01/01/2003,STJ,MO,ACE,CE,Federal Contract Tower,0,0,2,0,2,0,0,14,0,14,0,0,16,0,16,8,0,8,24
01/02/2003,STJ,MO,ACE,CE,Federal Contract Tower,0,0,7,1,8,0,0,16,11,27,0,0,23,12,35,14,26,40,75
01/03/2003,STJ,MO,ACE,CE,Federal Contract Tower,0,0,3,2,5,0,2,30,10,42,0,2,33,12,47,41,30,71,118
01/04/2003,STJ,MO,ACE,CE,Federal Contract Tower,0,0,1,0,1,0,0,55,0,55,0,0,56,0,56,39,0,39,95
01/05/2003,STJ,MO,ACE,CE,Federal Contract Tower,0,0,8,0,8,0,0,23,2,25,0,0,31,2,33,5,0,5,38
01/06/2003,STJ,MO,ACE,CE,Federal Contract Tower,0,0,3,0,3,0,0,28,35,63,0,0,31,35,66,11,32,43,109
01/07/2003,STJ,MO,ACE,CE,Federal Contract Tower,0,0,8,9,17,0,0,28,13,41,0,0,36,22,58,7,88,95,153
01/08/2003,STJ,MO,ACE,CE,Federal Contract Tower,0,0,6,5,11,0,0,31,15,46,0,0,37,20,57,59,61,120,177
01/09/2003,STJ,MO,ACE,CE,Federal Contract Tower,0,0,7,9,16,0,3,18,10,31,0,3,25,19,47,11,88,99,146
01/10/2003,STJ,MO,ACE,CE,Federal Contract Tower,0,0,8,9,17,0,0,32,0,32,0,0,40,9,49,19,2,21,70
01/11/2003,STJ,MO,ACE,CE,Federal Contract Tower,0,0,8,0,8,0,0,48,1,49,0,0,56,1,57,86,0,86,143
01/12/2003,STJ,MO,ACE,CE,Federal Contract Tower,0,0,1,0,1,0,0,28,0,28,0,0,29,0,29,26,0,26,55
01/13/2003,STJ,MO,ACE,CE,Federal Contract Tower,0,0,5,8,13,0,0,31,2,33,0,0,36,10,46,15,6,21,67
01/14/2003,STJ,MO,ACE,CE,Federal Contract Tower,0,0,3,2,5,0,0,29,9,38,0,0,32,11,43,16,68,84,127
01/15/2003,STJ,MO,ACE,CE,Federal Contract Tower,0,0,6,11,17,0,2,2,10,14,0,2,8,21,31,28,25,53,84
01/16/2003,STJ,MO,ACE,CE,Federal Contract Tower,0,0,3,2,5,0,1,2,1,4,0,1,5,3,9,0,40,40,49
01/17/2003,STJ,MO,ACE,CE,Federal Contract Tower,0,0,8,10,18,0,2,13,1,16,0,2,21,11,34,0,0,0,34
01/18/2003,STJ,MO,ACE,CE,Federal Contract Tower,0,0,4,1,5,0,0,12,0,12,0,0,16,1,17,24,0,24,41
01/19/2003,STJ,MO,ACE,CE,Federal Contract Tower,0,0,2,0,2,0,0,19,2,21,0,0,21,2,23,23,0,23,46
01/20/2003,STJ,MO,ACE,CE,Federal Contract Tower,0,0,7,0,7,0,0,45,0,45,0,0,52,0,52,22,0,22,74
01/21/2003,STJ,MO,ACE,CE,Federal Contract Tower,0,0,7,10,17,0,0,32,0,32,0,0,39,10,49,57,48,105,154
01/22/2003,STJ,MO,ACE,CE,Federal Contract Tower,0,0,4,0,4,0,2,8,0,10,0,2,12,0,14,0,0,0,14
01/23/2003,STJ,MO,ACE,CE,Federal Contract Tower,0,0,7,1,8,0,3,22,0,25,0,3,29,1,33,12,21,33,66
01/24/2003,STJ,MO,ACE,CE,Federal Contract Tower,0,0,2,4,6,0,1,29,1,31,0,1,31,5,37,0,0,0,37
01/25/2003,STJ,MO,ACE,CE,Federal Contract Tower,0,0,4,2,6,0,0,39,0,39,0,0,43,2,45,45,0,45,90
01/26/2003,STJ,MO,ACE,CE,Federal Contract Tower,0,0,2,7,9,0,0,8,0,8,0,0,10,7,17,69,0,69,86
01/27/2003,STJ,MO,ACE,CE,Federal Contract Tower,0,0,8,0,8,0,0,17,44,61,0,0,25,44,69,44,2,46,115
01/28/2003,STJ,MO,ACE,CE,Federal Contract Tower,0,0,17,41,58,0,2,5,8,15,0,2,22,49,73,16,35,51,124
01/29/2003,STJ,MO,ACE,CE,Federal Contract Tower,0,0,11,22,33,0,8,30,60,98,0,8,41,82,131,46,48,94,225
01/30/2003,STJ,MO,ACE,CE,Federal Contract Tower,0,0,12,6,18,0,0,26,10,36,0,0,38,16,54,10,26,36,90
01/31/2003,STJ,MO,ACE,CE,Federal Contract Tower,0,0,19,25,44,0,2,21,4,27,0,2,40,29,71,11,2,13,84
02/01/2003,STJ,MO,ACE,CE,Federal Contract Tower,0,0,8,2,10,0,4,27,2,33,0,4,35,4,43,32,0,32,75
02/02/2003,STJ,MO,ACE,CE,Federal Contract Tower,0,0,5,1,6,0,1,45,1,47,0,1,50,2,53,63,0,63,116
02/03/2003,STJ,MO,ACE,CE,Federal Contract Tower,0,0,5,0,5,0,0,0,0,0,0,0,5,0,5,6,0,6,11
02/04/2003,STJ,MO,ACE,CE,Federal Contract Tower,0,0,5,5,10,0,0,0,9,9,0,0,5,14,19,44,46,90,109
02/05/2003,STJ,MO,ACE,CE,Federal Contract Tower,0,2,9,18,29,0,0,25,9,34,0,2,34,27,63,12,18,30,93
02/06/2003,STJ,MO,ACE,CE,Federal Contract Tower,0,0,12,7,19,0,1,29,8,38,0,1,41,15,57,27,16,43,100
02/07/2003,STJ,MO,ACE,CE,Federal Contract Tower,0,0,6,10,16,0,0,7,10,17,0,0,13,20,33,26,24,50,83
02/08/2003,STJ,MO,ACE,CE,Federal Contract Tower,0,0,5,1,6,0,0,31,0,31,0,0,36,1,37,43,0,43,80
02/09/2003,STJ,MO,ACE,CE,Federal Contract Tower,0,0,16,1,17,0,0,33,0,33,0,0,49,1,50,20,0,20,70
02/10/2003,STJ,MO,ACE,CE,Federal Contract Tower,0,0,14,4,18,0,0,20,0,20,0,0,34,4,38,57,25,82,120
02/11/2003,STJ,MO,ACE,CE,Federal Contract Tower,0,0,20,2,22,0,1,15,4,20,0,1,35,6,42,28,29,57,99
02/12/2003,STJ,MO,ACE,CE,Federal Contract Tower,0,0,26,17,43,0,3,8,30,41,0,3,34,47,84,14,64,78,162
02/13/2003,STJ,MO,ACE,CE,Federal Contract Tower,0,0,10,3,13,0,1,51,4,56,0,1,61,7,69,34,43,77,146
02/14/2003,STJ,MO,ACE,CE,Federal Contract Tower,0,0,1,2,3,0,0,45,0,45,0,0,46,2,48,0,0,0,48
02/15/2003,STJ,MO,ACE,CE,Federal Contract Tower,0,0,2,2,4,0,0,0,0,0,0,0,2,2,4,0,0,0,4
02/16/2003,STJ,MO,ACE,CE,Federal Contract Tower,0,0,15,2,17,0,0,44,0,44,0,0,59,2,61,44,0,44,105
02/17/2003,STJ,MO,ACE,CE,Federal Contract Tower,0,0,5,7,12,0,0,47,3,50,0,0,52,10,62,53,0,53,115
02/18/2003,STJ,MO,ACE,CE,Federal Contract Tower,0,0,9,3,12,0,0,10,1,11,0,0,19,4,23,53,2,55,78
02/19/2003,STJ,MO,ACE,CE,Federal Contract Tower,0,0,12,7,19,0,2,25,26,53,0,2,37,33,72,48,25,73,145
02/20/2003,STJ,MO,ACE,CE,Federal Contract Tower,0,2,14,5,21,0,1,39,1,41,0,3,53,6,62,26,0,26,88
02/21/2003,STJ,MO,ACE,CE,Federal Contract Tower,0,0,10,35,45,0,1,32,5,38,0,1,42,40,83,80,21,101,184
02/22/2003,STJ,MO,ACE,CE,Federal Contract Tower,0,0,6,3,9,0,0,10,0,10,0,0,16,3,19,35,0,35,54
02/23/2003,STJ,MO,ACE,CE,Federal Contract Tower,0,0,3,1,4,0,0,2,0,2,0,0,5,1,6,5,0,5,11
02/24/2003,STJ,MO,ACE,CE,Federal Contract Tower,0,0,8,5,13,0,0,18,28,46,0,0,26,33,59,1,28,29,88
02/25/2003,STJ,MO,ACE,CE,Federal Contract Tower,0,0,8,6,14,0,0,16,25,41,0,0,24,31,55,64,74,138,193
02/26/2003,STJ,MO,ACE,CE,Federal Contract Tower,0,0,12,8,20,0,2,32,20,54,0,2,44,28,74,30,60,90,164
02/27/2003,STJ,MO,ACE,CE,Federal Contract Tower,0,0,8,8,16,0,3,3,0,6,0,3,11,8,22,0,20,20,42
02/28/2003,STJ,MO,ACE,CE,Federal Contract Tower,0,0,10,3,13,0,1,0,7,8,0,1,10,10,21,13,2,15,36
03/01/2003,STJ,MO,ACE,CE,Federal Contract Tower,0,0,11,0,11,0,0,0,0,0,0,0,11,0,11,6,0,6,17
03/02/2003,STJ,MO,ACE,CE,Federal Contract Tower,0,0,7,1,8,0,2,30,0,32,0,2,37,1,40,10,2,12,52
03/03/2003,STJ,MO,ACE,CE,Federal Contract Tower,0,0,12,6,18,0,0,20,18,38,0,0,32,24,56,30,36,66,122
03/04/2003,STJ,MO,ACE,CE,Federal Contract Tower,0,0,5,2,7,0,0,0,0,0,0,0,5,2,7,0,0,0,7
03/05/2003,STJ,MO,ACE,CE,Federal Contract Tower,0,0,5,1,6,0,2,4,0,6,0,2,9,1,12,0,0,0,12
03/06/2003,STJ,MO,ACE,CE,Federal Contract Tower,0,0,9,0,9,0,0,28,0,28,0,0,37,0,37,19,0,19,56
03/07/2003,STJ,MO,ACE,CE,Federal Contract Tower,0,2,7,0,9,0,6,33,0,39,0,8,40,0,48,20,0,20,68
03/08/2003,STJ,MO,ACE,CE,Federal Contract Tower,0,0,32,0,32,0,0,12,0,12,0,0,44,0,44,43,0,43,87
03/09/2003,STJ,MO,ACE,CE,Federal Contract Tower,0,0,4,2,6,0,2,33,0,35,0,2,37,2,41,12,0,12,53
03/10/2003,STJ,MO,ACE,CE,Federal Contract Tower,0,0,7,7,14,0,0,39,2,41,0,0,46,9,55,18,5,23,78
03/11/2003,STJ,MO,ACE,CE,Federal Contract Tower,0,0,10,0,10,0,3,30,5,38,0,3,40,5,48,48,0,48,96
03/12/2003,STJ,MO,ACE,CE,Federal Contract Tower,0,0,14,1,15,0,0,12,2,14,0,0,26,3,29,48,0,48,77
03/13/2003,STJ,MO,ACE,CE,Federal Contract Tower,0,0,11,0,11,0,0,11,0,11,0,0,22,0,22,26,0,26,48
03/14/2003,STJ,MO,ACE,CE,Federal Contract Tower,0,0,10,0,10,0,3,6,0,9,0,3,16,0,19,39,0,39,58
03/15/2003,STJ,MO,ACE,CE,Federal Contract Tower,0,0,2,1,3,0,0,38,4,42,0,0,40,5,45,37,0,37,82
03/16/2003,STJ,MO,ACE,CE,Federal Contract Tower,0,0,5,3,8,0,0,33,0,33,0,0,38,3,41,70,0,70,111
03/17/2003,STJ,MO,ACE,CE,Federal Contract Tower,0,0,1,1,2,0,2,31,0,33,0,2,32,1,35,25,0,25,60
03/18/2003,STJ,MO,ACE,CE,Federal Contract Tower,0,0,1,8,9,0,2,8,9,19,0,2,9,17,28,4,24,28,56
03/19/2003,STJ,MO,ACE,CE,Federal Contract Tower,0,0,8,0,8,0,0,0,0,0,0,0,8,0,8,0,0,0,8
03/20/2003,STJ,MO,ACE,CE,Federal Contract Tower,0,0,13,0,13,0,2,0,0,2,0,2,13,0,15,0,0,0,15
03/21/2003,STJ,MO,ACE,CE,Federal Contract Tower,0,0,11,2,13,0,0,16,16,32,0,0,27,18,45,30,0,30,75
03/22/2003,STJ,MO,ACE,CE,Federal Contract Tower,0,0,4,0,4,0,0,66,2,68,0,0,70,2,72,120,0,120,192
03/23/2003,STJ,MO,ACE,CE,Federal Contract Tower,0,0,5,0,5,0,0,28,0,28,0,0,33,0,33,53,0,53,86
03/24/2003,STJ,MO,ACE,CE,Federal Contract Tower,0,0,8,1,9,0,0,29,6,35,0,0,37,7,44,27,0,27,71
03/25/2003,STJ,MO,ACE,CE,Federal Contract Tower,0,0,8,4,12,0,2,33,9,44,0,2,41,13,56,64,32,96,152
03/26/2003,STJ,MO,ACE,CE,Federal Contract Tower,0,0,12,0,12,0,0,29,0,29,0,0,41,0,41,54,0,54,95
03/27/2003,STJ,MO,ACE,CE,Federal Contract Tower,0,0,5,4,9,0,0,7,14,21,0,0,12,18,30,5,8,13,43
03/28/2003,STJ,MO,ACE,CE,Federal Contract Tower,0,0,4,12,16,0,0,10,0,10,0,0,14,12,26,4,0,4,30
03/29/2003,STJ,MO,ACE,CE,Federal Contract Tower,0,2,4,0,6,0,1,15,0,16,0,3,19,0,22,38,0,38,60
03/30/2003,STJ,MO,ACE,CE,Federal Contract Tower,0,0,10,0,10,0,0,30,0,30,0,0,40,0,40,58,0,58,98
03/31/2003,STJ,MO,ACE,CE,Federal Contract Tower,0,0,7,0,7,0,0,29,0,29,0,0,36,0,36,2,0,2,38
04/01/2003,STJ,MO,ACE,CE,Federal Contract Tower,0,7,15,1,23,0,0,17,17,34,0,7,32,18,57,4,0,4,61
04/02/2003,STJ,MO,ACE,CE,Federal Contract Tower,0,2,14,1,17,0,0,28,1,29,0,2,42,2,46,20,0,20,66
04/03/2003,STJ,MO,ACE,CE,Federal Contract Tower,0,2,17,1,20,0,0,48,1,49,0,2,65,2,69,34,0,34,103
04/04/2003,STJ,MO,ACE,CE,Federal Contract Tower,0,0,8,1,9,0,0,0,0,0,0,0,8,1,9,3,0,3,12
04/05/2003,STJ,MO,ACE,CE,Federal Contract Tower,0,1,20,2,23,0,0,18,6,24,0,1,38,8,47,150,3,153,200
04/06/2003,STJ,MO,ACE,CE,Federal Contract Tower,0,1,0,0,1,0,0,0,0,0,0,1,0,0,1,0,0,0,1
04/07/2003,STJ,MO,ACE,CE,Federal Contract Tower,0,0,8,1,9,0,0,0,7,7,0,0,8,8,16,14,0,14,30
04/08/2003,STJ,MO,ACE,CE,Federal Contract Tower,0,2,12,1,15,0,0,17,35,52,0,2,29,36,67,34,24,58,125
04/09/2003,STJ,MO,ACE,CE,Federal Contract Tower,0,0,14,1,15,0,0,30,3,33,0,0,44,4,48,76,0,76,124
04/10/2003,STJ,MO,ACE,CE,Federal Contract Tower,0,2,13,1,16,0,0,33,0,33,0,2,46,1,49,17,0,17,66
04/11/2003,STJ,MO,ACE,CE,Federal Contract Tower,0,0,16,1,17,0,0,12,0,12,0,0,28,1,29,17,0,17,46
04/12/2003,STJ,MO,ACE,CE,Federal Contract Tower,0,0,15,2,17,0,0,35,0,35,0,0,50,2,52,102,0,102,154
04/13/2003,STJ,MO,ACE,CE,Federal Contract Tower,0,0,10,0,10,0,0,11,0,11,0,0,21,0,21,53,0,53,74
04/14/2003,STJ,MO,ACE,CE,Federal Contract Tower,0,2,10,2,14,0,0,17,5,22,0,2,27,7,36,0,0,0,36
04/15/2003,STJ,MO,ACE,CE,Federal Contract Tower,0,0,10,2,12,0,0,13,17,30,0,0,23,19,42,0,33,33,75
04/16/2003,STJ,MO,ACE,CE,Federal Contract Tower,0,0,14,1,15,0,0,0,0,0,0,0,14,1,15,41,4,45,60
04/17/2003,STJ,MO,ACE,CE,Federal Contract Tower,0,0,23,3,26,0,0,33,3,36,0,0,56,6,62,0,0,0,62
04/18/2003,STJ,MO,ACE,CE,Federal Contract Tower,0,0,5,0,5,0,0,0,0,0,0,0,5,0,5,0,0,0,5
04/19/2003,STJ,MO,ACE,CE,Federal Contract Tower,0,1,7,0,8,0,0,0,0,0,0,1,7,0,8,0,0,0,8
04/20/2003,STJ,MO,ACE,CE,Federal Contract Tower,0,0,13,0,13,0,0,11,0,11,0,0,24,0,24,8,0,8,32
04/21/2003,STJ,MO,ACE,CE,Federal Contract Tower,0,0,13,1,14,0,0,17,0,17,0,0,30,1,31,4,0,4,35
04/22/2003,STJ,MO,ACE,CE,Federal Contract Tower,0,0,19,3,22,0,0,29,1,30,0,0,48,4,52,62,0,62,114
04/23/2003,STJ,MO,ACE,CE,Federal Contract Tower,0,0,14,2,16,0,0,9,3,12,0,0,23,5,28,22,0,22,50
04/24/2003,STJ,MO,ACE,CE,Federal Contract Tower,0,1,11,1,13,0,0,17,1,18,0,1,28,2,31,32,0,32,63
04/25/2003,STJ,MO,ACE,CE,Federal Contract Tower,0,0,13,1,14,0,0,42,1,43,0,0,55,2,57,4,0,4,61
04/26/2003,STJ,MO,ACE,CE,Federal Contract Tower,0,0,10,0,10,0,0,36,0,36,0,0,46,0,46,93,0,93,139
04/27/2003,STJ,MO,ACE,CE,Federal Contract Tower,0,2,11,1,14,0,0,35,7,42,0,2,46,8,56,31,0,31,87
04/28/2003,STJ,MO,ACE,CE,Federal Contract Tower,0,0,11,1,12,0,0,0,0,0,0,0,11,1,12,0,0,0,12
04/29/2003,STJ,MO,ACE,CE,Federal Contract Tower,0,0,12,1,13,0,0,22,4,26,0,0,34,5,39,22,7,29,68
04/30/2003,STJ,MO,ACE,CE,Federal Contract Tower,0,0,0,1,1,0,0,0,8,8,0,0,0,9,9,2,4,6,15
05/01/2003,STJ,MO,ACE,CE,Federal Contract Tower,0,0,17,2,19,0,2,22,1,25,0,2,39,3,44,52,0,52,96
05/02/2003,STJ,MO,ACE,CE,Federal Contract Tower,0,0,3,0,3,0,2,28,0,30,0,2,31,0,33,34,0,34,67
05/03/2003,STJ,MO,ACE,CE,Federal Contract Tower,0,0,0,0,0,0,0,45,0,45,0,0,45,0,45,70,0,70,115
05/04/2003,STJ,MO,ACE,CE,Federal Contract Tower,0,0,2,1,3,0,1,3,0,4,0,1,5,1,7,0,0,0,7
05/05/2003,STJ,MO,ACE,CE,Federal Contract Tower,0,0,14,1,15,0,2,23,1,26,0,2,37,2,41,6,0,6,47
05/06/2003,STJ,MO,ACE,CE,Federal Contract Tower,0,1,13,1,15,0,3,40,5,48,0,4,53,6,63,40,17,57,120
05/07/2003,STJ,MO,ACE,CE,Federal Contract Tower,0,0,20,1,21,0,0,40,8,48,0,0,60,9,69,16,4,20,89
05/08/2003,STJ,MO,ACE,CE,Federal Contract Tower,0,0,12,0,12,0,0,0,4,4,0,0,12,4,16,0,0,0,16
05/09/2003,STJ,MO,ACE,CE,Federal Contract Tower,0,0,30,1,31,0,2,47,0,49,0,2,77,1,80,26,0,26,106
05/10/2003,STJ,MO,ACE,CE,Federal Contract Tower,0,1,6,0,7,0,0,19,0,19,0,1,25,0,26,13,0,13,39
05/11/2003,STJ,MO,ACE,CE,Federal Contract Tower,0,1,9,0,10,0,1,18,0,19,0,2,27,0,29,0,0,0,29
05/12/2003,STJ,MO,ACE,CE,Federal Contract Tower,0,0,22,0,22,0,0,52,8,60,0,0,74,8,82,53,1,54,136
05/13/2003,STJ,MO,ACE,CE,Federal Contract Tower,0,0,21,1,22,0,0,2,21,23,0,0,23,22,45,25,5,30,75
05/14/2003,STJ,MO,ACE,CE,Federal Contract Tower,0,0,9,2,11,0,2,23,0,25,0,2,32,2,36,30,0,30,66
05/15/2003,STJ,MO,ACE,CE,Federal Contract Tower,0,0,8,1,9,0,0,22,3,25,0,0,30,4,34,48,8,56,90
05/16/2003,STJ,MO,ACE,CE,Federal Contract Tower,0,0,15,0,15,0,0,6,0,6,0,0,21,0,21,10,0,10,31
05/17/2003,STJ,MO,ACE,CE,Federal Contract Tower,0,0,7,0,7,0,1,34,1,36,0,1,41,1,43,26,24,50,93
05/18/2003,STJ,MO,ACE,CE,Federal Contract Tower,0,0,9,1,10,0,2,56,1,59,0,2,65,2,69,9,2,11,80
05/19/2003,STJ,MO,ACE,CE,Federal Contract Tower,0,2,5,0,7,0,0,5,0,5,0,2,10,0,12,7,0,7,19
05/20/2003,STJ,MO,ACE,CE,Federal Contract Tower,0,1,19,6,26,0,2,35,4,41,0,3,54,10,67,44,15,59,126
05/21/2003,STJ,MO,ACE,CE,Federal Contract Tower,0,0,20,0,20,0,1,36,1,38,0,1,56,1,58,25,4,29,87
05/22/2003,STJ,MO,ACE,CE,Federal Contract Tower,0,0,25,0,25,0,0,53,0,53,0,0,78,0,78,41,0,41,119
05/23/2003,STJ,MO,ACE,CE,Federal Contract Tower,0,0,5,0,5,0,0,39,0,39,0,0,44,0,44,46,0,46,90
05/24/2003,STJ,MO,ACE,CE,Federal Contract Tower,0,0,19,0,19,0,0,8,0,8,0,0,27,0,27,13,0,13,40
05/25/2003,STJ,MO,ACE,CE,Federal Contract Tower,0,0,5,0,5,0,0,15,0,15,0,0,20,0,20,8,0,8,28
05/26/2003,STJ,MO,ACE,CE,Federal Contract Tower,0,0,3,0,3,0,0,44,0,44,0,0,47,0,47,10,0,10,57
05/27/2003,STJ,MO,ACE,CE,Federal Contract Tower,0,0,11,0,11,0,0,15,0,15,0,0,26,0,26,62,0,62,88
05/28/2003,STJ,MO,ACE,CE,Federal Contract Tower,0,0,13,1,14,0,0,14,0,14,0,0,27,1,28,7,0,7,35
05/29/2003,STJ,MO,ACE,CE,Federal Contract Tower,0,0,31,1,32,0,4,47,0,51,0,4,78,1,83,48,0,48,131
05/30/2003,STJ,MO,ACE,CE,Federal Contract Tower,0,0,4,5,9,0,4,24,5,33,0,4,28,10,42,38,20,58,100
05/31/2003,STJ,MO,ACE,CE,Federal Contract Tower,0,0,10,0,10,0,0,57,0,57,0,0,67,0,67,39,0,39,106
06/01/2003,STJ,MO,ACE,CE,Federal Contract Tower,0,0,8,0,8,0,0,48,0,48,0,0,56,0,56,4,0,4,60
06/02/2003,STJ,MO,ACE,CE,Federal Contract Tower,0,0,11,0,11,0,0,7,0,7,0,0,18,0,18,20,0,20,38
06/03/2003,STJ,MO,ACE,CE,Federal Contract Tower,0,4,11,4,19,0,0,28,0,28,0,4,39,4,47,36,0,36,83
06/04/2003,STJ,MO,ACE,CE,Federal Contract Tower,0,0,13,0,13,0,2,40,0,42,0,2,53,0,55,2,0,2,57
06/05/2003,STJ,MO,ACE,CE,Federal Contract Tower,0,0,10,1,11,0,0,34,0,34,0,0,44,1,45,62,0,62,107
06/06/2003,STJ,MO,ACE,CE,Federal Contract Tower,0,0,9,3,12,0,0,37,0,37,0,0,46,3,49,12,0,12,61
06/07/2003,STJ,MO,ACE,CE,Federal Contract Tower,0,0,9,0,9,0,0,25,2,27,0,0,34,2,36,59,0,59,95
06/08/2003,STJ,MO,ACE,CE,Federal Contract Tower,0,0,8,0,8,0,0,20,0,20,0,0,28,0,28,28,0,28,56
06/09/2003,STJ,MO,ACE,CE,Federal Contract Tower,0,0,7,1,8,0,0,26,8,34,0,0,33,9,42,0,0,0,42
06/10/2003,STJ,MO,ACE,CE,Federal Contract Tower,0,0,7,0,7,0,0,16,5,21,0,0,23,5,28,70,0,70,98
06/11/2003,STJ,MO,ACE,CE,Federal Contract Tower,0,0,8,2,10,0,0,14,0,14,0,0,22,2,24,20,0,20,44
06/12/2003,STJ,MO,ACE,CE,Federal Contract Tower,0,0,12,0,12,0,0,23,3,26,0,0,35,3,38,6,0,6,44
06/13/2003,STJ,MO,ACE,CE,Federal Contract Tower,0,0,24,0,24,0,0,33,4,37,0,0,57,4,61,36,0,36,97
06/14/2003,STJ,MO,ACE,CE,Federal Contract Tower,0,0,10,0,10,0,0,47,0,47,0,0,57,0,57,67,0,67,124
06/15/2003,STJ,MO,ACE,CE,Federal Contract Tower,0,0,10,7,17,0,0,42,2,44,0,0,52,9,61,40,0,40,101
06/16/2003,STJ,MO,ACE,CE,Federal Contract Tower,0,0,9,0,9,0,2,21,0,23,0,2,30,0,32,28,0,28,60
06/17/2003,STJ,MO,ACE,CE,Federal Contract Tower,0,0,9,2,11,0,2,44,0,46,0,2,53,2,57,42,0,42,99
06/18/2003,STJ,MO,ACE,CE,Federal Contract Tower,0,4,7,5,16,0,0,23,5,28,0,4,30,10,44,34,20,54,98
06/19/2003,STJ,MO,ACE,CE,Federal Contract Tower,0,0,13,12,25,0,1,31,13,45,0,1,44,25,70,17,18,35,105
06/20/2003,STJ,MO,ACE,CE,Federal Contract Tower,0,0,18,4,22,0,0,50,0,50,0,0,68,4,72,16,0,16,88
06/21/2003,STJ,MO,ACE,CE,Federal Contract Tower,0,0,11,2,13,0,0,25,0,25,0,0,36,2,38,27,0,27,65
06/22/2003,STJ,MO,ACE,CE,Federal Contract Tower,0,0,6,0,6,0,0,5,0,5,0,0,11,0,11,0,0,0,11
06/23/2003,STJ,MO,ACE,CE,Federal Contract Tower,0,0,13,0,13,0,0,10,7,17,0,0,23,7,30,70,0,70,100
06/24/2003,STJ,MO,ACE,CE,Federal Contract Tower,0,0,11,6,17,0,1,24,12,37,0,1,35,18,54,18,2,20,74
06/25/2003,STJ,MO,ACE,CE,Federal Contract Tower,0,0,3,2,5,0,0,5,0,5,0,0,8,2,10,0,0,0,10
06/26/2003,STJ,MO,ACE,CE,Federal Contract Tower,0,2,19,11,32,0,0,47,0,47,0,2,66,11,79,59,35,94,173
06/27/2003,STJ,MO,ACE,CE,Federal Contract Tower,0,0,11,0,11,0,1,67,1,69,0,1,78,1,80,30,0,30,110
06/28/2003,STJ,MO,ACE,CE,Federal Contract Tower,0,0,6,0,6,0,0,48,0,48,0,0,54,0,54,15,0,15,69
06/29/2003,STJ,MO,ACE,CE,Federal Contract Tower,0,0,5,2,7,0,0,39,0,39,0,0,44,2,46,52,0,52,98
06/30/2003,STJ,MO,ACE,CE,Federal Contract Tower,0,0,6,0,6,0,2,66,0,68,0,2,72,0,74,62,0,62,136
07/01/2003,STJ,MO,ACE,CE,Federal Contract Tower,0,2,9,0,11,0,0,39,0,39,0,2,48,0,50,46,0,46,96
07/02/2003,STJ,MO,ACE,CE,Federal Contract Tower,0,0,11,0,11,0,0,46,0,46,0,0,57,0,57,22,0,22,79
07/03/2003,STJ,MO,ACE,CE,Federal Contract Tower,0,0,8,0,8,0,0,26,0,26,0,0,34,0,34,68,0,68,102
07/04/2003,STJ,MO,ACE,CE,Federal Contract Tower,0,0,0,0,0,0,0,41,0,41,0,0,41,0,41,0,0,0,41
07/05/2003,STJ,MO,ACE,CE,Federal Contract Tower,0,1,0,0,1,0,1,27,0,28,0,2,27,0,29,15,0,15,44
07/06/2003,STJ,MO,ACE,CE,Federal Contract Tower,0,0,5,0,5,0,0,43,0,43,0,0,48,0,48,4,0,4,52
07/07/2003,STJ,MO,ACE,CE,Federal Contract Tower,0,2,9,0,11,0,0,10,0,10,0,2,19,0,21,0,0,0,21
07/08/2003,STJ,MO,ACE,CE,Federal Contract Tower,0,0,18,2,20,0,2,17,1,20,0,2,35,3,40,13,45,58,98
07/09/2003,STJ,MO,ACE,CE,Federal Contract Tower,0,0,3,9,12,0,0,26,1,27,0,0,29,10,39,6,5,11,50
07/10/2003,STJ,MO,ACE,CE,Federal Contract Tower,0,2,12,4,18,0,0,39,6,45,0,2,51,10,63,13,10,23,86
07/11/2003,STJ,MO,ACE,CE,Federal Contract Tower,0,0,12,8,20,0,2,46,1,49,0,2,58,9,69,30,0,30,99
07/12/2003,STJ,MO,ACE,CE,Federal Contract Tower,0,0,10,6,16,0,0,60,0,60,0,0,70,6,76,50,0,50,126
07/13/2003,STJ,MO,ACE,CE,Federal Contract Tower,0,0,5,0,5,0,1,40,0,41,0,1,45,0,46,38,0,38,84
07/14/2003,STJ,MO,ACE,CE,Federal Contract Tower,0,2,8,0,10,0,0,29,22,51,0,2,37,22,61,25,0,25,86
07/15/2003,STJ,MO,ACE,CE,Federal Contract Tower,0,0,14,7,21,0,0,27,10,37,0,0,41,17,58,3,3,6,64
07/16/2003,STJ,MO,ACE,CE,Federal Contract Tower,0,0,10,3,13,0,0,13,0,13,0,0,23,3,26,0,0,0,26
07/17/2003,STJ,MO,ACE,CE,Federal Contract Tower,0,0,21,5,26,0,0,32,4,36,0,0,53,9,62,82,8,90,152
07/18/2003,STJ,MO,ACE,CE,Federal Contract Tower,0,0,11,0,11,0,0,23,0,23,0,0,34,0,34,50,0,50,84
07/19/2003,STJ,MO,ACE,CE,Federal Contract Tower,0,0,23,0,23,0,2,20,0,22,0,2,43,0,45,8,0,8,53
07/20/2003,STJ,MO,ACE,CE,Federal Contract Tower,0,0,2,2,4,0,5,45,0,50,0,5,47,2,54,54,0,54,108
07/21/2003,STJ,MO,ACE,CE,Federal Contract Tower,0,0,8,0,8,0,0,46,0,46,0,0,54,0,54,38,0,38,92
07/22/2003,STJ,MO,ACE,CE,Federal Contract Tower,0,0,7,3,10,0,0,43,6,49,0,0,50,9,59,15,30,45,104
07/23/2003,STJ,MO,ACE,CE,Federal Contract Tower,0,0,15,6,21,0,0,47,13,60,0,0,62,19,81,19,50,69,150
07/24/2003,STJ,MO,ACE,CE,Federal Contract Tower,0,0,8,1,9,0,0,48,5,53,0,0,56,6,62,27,6,33,95
07/25/2003,STJ,MO,ACE,CE,Federal Contract Tower,0,0,6,3,9,0,4,41,1,46,0,4,47,4,55,44,0,44,99
07/26/2003,STJ,MO,ACE,CE,Federal Contract Tower,0,0,2,0,2,0,0,51,0,51,0,0,53,0,53,19,0,19,72
07/27/2003,STJ,MO,ACE,CE,Federal Contract Tower,0,0,30,0,30,0,2,115,0,117,0,2,145,0,147,4,0,4,151
07/28/2003,STJ,MO,ACE,CE,Federal Contract Tower,0,0,13,0,13,0,2,45,16,63,0,2,58,16,76,4,0,4,80
07/29/2003,STJ,MO,ACE,CE,Federal Contract Tower,0,0,18,0,18,0,2,40,8,50,0,2,58,8,68,2,0,2,70
07/30/2003,STJ,MO,ACE,CE,Federal Contract Tower,0,0,13,17,30,0,0,56,4,60,0,0,69,21,90,0,0,0,90
07/31/2003,STJ,MO,ACE,CE,Federal Contract Tower,0,0,6,0,6,0,1,44,0,45,0,1,50,0,51,2,0,2,53
08/01/2003,STJ,MO,ACE,CE,Federal Contract Tower,0,0,5,0,5,0,0,37,0,37,0,0,42,0,42,5,0,5,47
08/02/2003,STJ,MO,ACE,CE,Federal Contract Tower,0,0,4,0,4,0,2,92,0,94,0,2,96,0,98,12,0,12,110
08/03/2003,STJ,MO,ACE,CE,Federal Contract Tower,0,0,10,4,14,0,0,71,0,71,0,0,81,4,85,18,0,18,103
08/04/2003,STJ,MO,ACE,CE,Federal Contract Tower,0,4,13,2,19,0,2,38,6,46,0,6,51,8,65,20,0,20,85
08/05/2003,STJ,MO,ACE,CE,Federal Contract Tower,0,1,4,10,15,0,0,51,0,51,0,1,55,10,66,15,0,15,81
08/06/2003,STJ,MO,ACE,CE,Federal Contract Tower,0,0,15,11,26,0,0,51,3,54,0,0,66,14,80,7,0,7,87
08/07/2003,STJ,MO,ACE,CE,Federal Contract Tower,0,0,5,45,50,0,0,63,17,80,0,0,68,62,130,16,12,28,158
08/08/2003,STJ,MO,ACE,CE,Federal Contract Tower,0,0,12,6,18,0,0,23,2,25,0,0,35,8,43,12,2,14,57
08/09/2003,STJ,MO,ACE,CE,Federal Contract Tower,0,0,7,0,7,0,0,76,0,76,0,0,83,0,83,23,0,23,106
08/10/2003,STJ,MO,ACE,CE,Federal Contract Tower,0,0,13,1,14,0,0,46,1,47,0,0,59,2,61,6,0,6,67
08/11/2003,STJ,MO,ACE,CE,Federal Contract Tower,0,0,19,16,35,0,4,17,8,29,0,4,36,24,64,14,0,14,78
08/12/2003,STJ,MO,ACE,CE,Federal Contract Tower,0,0,12,7,19,0,3,52,4,59,0,3,64,11,78,5,20,25,103
08/13/2003,STJ,MO,ACE,CE,Federal Contract Tower,0,0,4,12,16,0,0,36,2,38,0,0,40,14,54,6,0,6,60
08/14/2003,STJ,MO,ACE,CE,Federal Contract Tower,0,0,20,2,22,0,1,33,0,34,0,1,53,2,56,25,6,31,87
08/15/2003,STJ,MO,ACE,CE,Federal Contract Tower,0,0,21,1,22,0,0,20,0,20,0,0,41,1,42,0,0,0,42
08/16/2003,STJ,MO,ACE,CE,Federal Contract Tower,0,1,10,2,13,0,0,51,1,52,0,1,61,3,65,36,0,36,101
08/17/2003,STJ,MO,ACE,CE,Federal Contract Tower,0,0,4,2,6,0,0,71,1,72,0,0,75,3,78,6,0,6,84
08/18/2003,STJ,MO,ACE,CE,Federal Contract Tower,0,0,7,2,9,0,0,25,0,25,0,0,32,2,34,6,0,6,40
08/19/2003,STJ,MO,ACE,CE,Federal Contract Tower,0,2,15,6,23,0,0,34,0,34,0,2,49,6,57,4,0,4,61
08/20/2003,STJ,MO,ACE,CE,Federal Contract Tower,0,0,9,6,15,0,0,24,9,33,0,0,33,15,48,30,3,33,81
08/21/2003,STJ,MO,ACE,CE,Federal Contract Tower,0,1,13,7,21,0,0,30,0,30,0,1,43,7,51,20,0,20,71
08/22/2003,STJ,MO,ACE,CE,Federal Contract Tower,0,0,1,18,19,0,2,59,0,61,0,2,60,18,80,6,10,16,96
08/23/2003,STJ,MO,ACE,CE,Federal Contract Tower,0,3,2,2,7,0,0,58,21,79,0,3,60,23,86,27,0,27,113
08/24/2003,STJ,MO,ACE,CE,Federal Contract Tower,0,0,3,1,4,0,0,60,7,67,0,0,63,8,71,0,0,0,71
08/25/2003,STJ,MO,ACE,CE,Federal Contract Tower,0,0,6,14,20,0,0,32,1,33,0,0,38,15,53,11,0,11,64
08/26/2003,STJ,MO,ACE,CE,Federal Contract Tower,0,0,9,8,17,0,0,48,0,48,0,0,57,8,65,8,9,17,82
08/27/2003,STJ,MO,ACE,CE,Federal Contract Tower,0,0,9,1,10,0,0,46,4,50,0,0,55,5,60,7,0,7,67
08/28/2003,STJ,MO,ACE,CE,Federal Contract Tower,0,3,13,2,18,0,0,19,0,19,0,3,32,2,37,4,0,4,41
08/29/2003,STJ,MO,ACE,CE,Federal Contract Tower,0,0,11,1,12,0,2,28,0,30,0,2,39,1,42,7,0,7,49
08/30/2003,STJ,MO,ACE,CE,Federal Contract Tower,0,0,12,0,12,0,0,45,0,45,0,0,57,0,57,47,0,47,104
08/31/2003,STJ,MO,ACE,CE,Federal Contract Tower,0,0,4,0,4,0,0,12,0,12,0,0,16,0,16,5,0,5,21
09/01/2003,STJ,MO,ACE,CE,Federal Contract Tower,0,0,23,3,26,0,0,18,1,19,0,0,41,4,45,22,0,22,67
09/02/2003,STJ,MO,ACE,CE,Federal Contract Tower,0,0,8,0,8,0,0,28,0,28,0,0,36,0,36,8,0,8,44
09/03/2003,STJ,MO,ACE,CE,Federal Contract Tower,0,0,17,25,42,0,0,44,0,44,0,0,61,25,86,22,46,68,154
09/04/2003,STJ,MO,ACE,CE,Federal Contract Tower,0,0,14,30,44,0,0,46,1,47,0,0,60,31,91,24,19,43,134
09/05/2003,STJ,MO,ACE,CE,Federal Contract Tower,0,0,6,22,28,0,0,14,3,17,0,0,20,25,45,46,23,69,114
09/06/2003,STJ,MO,ACE,CE,Federal Contract Tower,0,0,2,9,11,0,0,70,21,91,0,0,72,30,102,24,19,43,145
09/07/2003,STJ,MO,ACE,CE,Federal Contract Tower,0,0,12,8,20,0,0,135,28,163,0,0,147,36,183,32,8,40,223
09/08/2003,STJ,MO,ACE,CE,Federal Contract Tower,0,0,5,16,21,0,0,55,6,61,0,0,60,22,82,31,2,33,115
09/09/2003,STJ,MO,ACE,CE,Federal Contract Tower,0,1,6,30,37,0,0,24,10,34,0,1,30,40,71,2,92,94,165
09/10/2003,STJ,MO,ACE,CE,Federal Contract Tower,0,0,4,23,27,0,0,22,6,28,0,0,26,29,55,18,19,37,92
09/11/2003,STJ,MO,ACE,CE,Federal Contract Tower,0,0,5,7,12,0,0,20,7,27,0,0,25,14,39,8,2,10,49
09/12/2003,STJ,MO,ACE,CE,Federal Contract Tower,0,2,9,20,31,0,0,62,0,62,0,2,71,20,93,28,0,28,121
09/13/2003,STJ,MO,ACE,CE,Federal Contract Tower,0,0,5,0,5,0,0,2,0,2,0,0,7,0,7,35,0,35,42
09/14/2003,STJ,MO,ACE,CE,Federal Contract Tower,0,0,2,2,4,0,0,53,0,53,0,0,55,2,57,16,0,16,73
09/15/2003,STJ,MO,ACE,CE,Federal Contract Tower,0,0,5,2,7,0,2,42,11,55,0,2,47,13,62,28,10,38,100
09/16/2003,STJ,MO,ACE,CE,Federal Contract Tower,0,0,17,28,45,0,0,0,1,1,0,0,17,29,46,34,42,76,122
09/17/2003,STJ,MO,ACE,CE,Federal Contract Tower,0,0,17,7,24,0,0,11,18,29,0,0,28,25,53,18,32,50,103
09/18/2003,STJ,MO,ACE,CE,Federal Contract Tower,0,0,19,4,23,0,0,0,0,0,0,0,19,4,23,27,0,27,50
09/19/2003,STJ,MO,ACE,CE,Federal Contract Tower,0,0,4,18,22,0,0,37,11,48,0,0,41,29,70,20,14,34,104
09/20/2003,STJ,MO,ACE,CE,Federal Contract Tower,0,1,11,0,12,0,0,91,0,91,0,1,102,0,103,38,0,38,141
09/21/2003,STJ,MO,ACE,CE,Federal Contract Tower,0,0,4,2,6,0,0,0,5,5,0,0,4,7,11,32,0,32,43
09/22/2003,STJ,MO,ACE,CE,Federal Contract Tower,0,0,8,9,17,0,0,39,0,39,0,0,47,9,56,20,0,20,76
09/23/2003,STJ,MO,ACE,CE,Federal Contract Tower,0,0,19,17,36,0,0,36,18,54,0,0,55,35,90,12,32,44,134
09/24/2003,STJ,MO,ACE,CE,Federal Contract Tower,0,0,10,22,32,0,0,22,0,22,0,0,32,22,54,34,68,102,156
09/25/2003,STJ,MO,ACE,CE,Federal Contract Tower,0,0,12,29,41,0,0,73,13,86,0,0,85,42,127,46,88,134,261
09/26/2003,STJ,MO,ACE,CE,Federal Contract Tower,0,0,15,0,15,0,0,38,0,38,0,0,53,0,53,44,0,44,97
09/27/2003,STJ,MO,ACE,CE,Federal Contract Tower,0,0,12,0,12,0,0,49,0,49,0,0,61,0,61,54,0,54,115
09/28/2003,STJ,MO,ACE,CE,Federal Contract Tower,0,0,6,3,9,0,2,62,0,64,0,2,68,3,73,62,0,62,135
09/29/2003,STJ,MO,ACE,CE,Federal Contract Tower,0,0,11,0,11,0,6,72,0,78,0,6,83,0,89,36,0,36,125
09/30/2003,STJ,MO,ACE,CE,Federal Contract Tower,0,0,8,7,15,0,0,25,0,25,0,0,33,7,40,0,0,0,40
10/01/2003,STJ,MO,ACE,CE,Federal Contract Tower,0,0,20,24,44,0,0,0,11,11,0,0,20,35,55,14,21,35,90
10/02/2003,STJ,MO,ACE,CE,Federal Contract Tower,0,0,15,16,31,0,0,27,17,44,0,0,42,33,75,22,28,50,125
10/03/2003,STJ,MO,ACE,CE,Federal Contract Tower,0,0,13,12,25,0,0,16,0,16,0,0,29,12,41,13,0,13,54
10/04/2003,STJ,MO,ACE,CE,Federal Contract Tower,0,1,1,1,3,0,2,86,3,91,0,3,87,4,94,62,0,62,156
10/05/2003,STJ,MO,ACE,CE,Federal Contract Tower,0,0,2,3,5,0,0,65,1,66,0,0,67,4,71,36,0,36,107
10/06/2003,STJ,MO,ACE,CE,Federal Contract Tower,0,1,15,17,33,0,2,36,1,39,0,3,51,18,72,14,16,30,102
10/07/2003,STJ,MO,ACE,CE,Federal Contract Tower,0,0,10,12,22,0,0,24,20,44,0,0,34,32,66,4,26,30,96
10/08/2003,STJ,MO,ACE,CE,Federal Contract Tower,0,0,25,28,53,0,0,2,22,24,0,0,27,50,77,4,18,22,99
10/09/2003,STJ,MO,ACE,CE,Federal Contract Tower,0,0,24,25,49,0,0,9,8,17,0,0,33,33,66,5,55,60,126
10/10/2003,STJ,MO,ACE,CE,Federal Contract Tower,0,0,16,6,22,0,2,26,0,28,0,2,42,6,50,20,0,20,70
10/11/2003,STJ,MO,ACE,CE,Federal Contract Tower,0,0,4,0,4,0,1,10,0,11,0,1,14,0,15,14,0,14,29
10/12/2003,STJ,MO,ACE,CE,Federal Contract Tower,0,0,7,0,7,0,0,51,0,51,0,0,58,0,58,40,0,40,98
10/13/2003,STJ,MO,ACE,CE,Federal Contract Tower,0,0,5,0,5,0,0,16,0,16,0,0,21,0,21,26,0,26,47
10/14/2003,STJ,MO,ACE,CE,Federal Contract Tower,0,0,13,13,26,0,1,35,8,44,0,1,48,21,70,18,44,62,132
10/15/2003,STJ,MO,ACE,CE,Federal Contract Tower,0,0,17,17,34,0,0,21,3,24,0,0,38,20,58,6,16,22,80
10/16/2003,STJ,MO,ACE,CE,Federal Contract Tower,0,0,21,22,43,0,0,11,4,15,0,0,32,26,58,12,7,19,77
10/17/2003,STJ,MO,ACE,CE,Federal Contract Tower,0,0,3,1,4,0,2,66,0,68,0,2,69,1,72,56,0,56,128
10/18/2003,STJ,MO,ACE,CE,Federal Contract Tower,0,0,3,0,3,0,2,104,0,106,0,2,107,0,109,73,0,73,182
10/19/2003,STJ,MO,ACE,CE,Federal Contract Tower,0,0,1,1,2,0,0,62,0,62,0,0,63,1,64,16,0,16,80
10/20/2003,STJ,MO,ACE,CE,Federal Contract Tower,0,0,3,4,7,0,1,44,3,48,0,1,47,7,55,16,0,16,71
10/21/2003,STJ,MO,ACE,CE,Federal Contract Tower,0,0,11,13,24,0,0,27,16,43,0,0,38,29,67,8,26,34,101
10/22/2003,STJ,MO,ACE,CE,Federal Contract Tower,0,0,13,16,29,0,2,34,13,49,0,2,47,29,78,24,14,38,116
10/23/2003,STJ,MO,ACE,CE,Federal Contract Tower,0,0,13,15,28,0,6,31,8,45,0,6,44,23,73,6,7,13,86
10/24/2003,STJ,MO,ACE,CE,Federal Contract Tower,0,0,4,1,5,0,0,43,0,43,0,0,47,1,48,20,0,20,68
10/25/2003,STJ,MO,ACE,CE,Federal Contract Tower,0,0,1,2,3,0,0,40,1,41,0,0,41,3,44,33,0,33,77
10/26/2003,STJ,MO,ACE,CE,Federal Contract Tower,0,0,10,3,13,0,0,67,0,67,0,0,77,3,80,40,0,40,120
10/27/2003,STJ,MO,ACE,CE,Federal Contract Tower,0,0,10,4,14,0,3,54,0,57,0,3,64,4,71,8,0,8,79
10/28/2003,STJ,MO,ACE,CE,Federal Contract Tower,0,0,9,12,21,0,2,19,13,34,0,2,28,25,55,0,34,34,89
10/29/2003,STJ,MO,ACE,CE,Federal Contract Tower,0,0,9,10,19,0,0,30,6,36,0,0,39,16,55,5,45,50,105
10/30/2003,STJ,MO,ACE,CE,Federal Contract Tower,0,0,9,6,15,0,0,19,0,19,0,0,28,6,34,0,78,78,112
10/31/2003,STJ,MO,ACE,CE,Federal Contract Tower,0,0,2,1,3,0,0,49,0,49,0,0,51,1,52,12,0,12,64
11/01/2003,STJ,MO,ACE,CE,Federal Contract Tower,0,0,5,1,6,0,0,12,0,12,0,0,17,1,18,79,0,79,97
11/02/2003,STJ,MO,ACE,CE,Federal Contract Tower,0,0,5,0,5,0,0,7,0,7,0,0,12,0,12,0,0,0,12
11/03/2003,STJ,MO,ACE,CE,Federal Contract Tower,0,0,11,0,11,0,0,6,0,6,0,0,17,0,17,0,0,0,17
11/04/2003,STJ,MO,ACE,CE,Federal Contract Tower,0,0,15,12,27,0,0,0,29,29,0,0,15,41,56,0,4,4,60
11/05/2003,STJ,MO,ACE,CE,Federal Contract Tower,0,1,20,8,29,0,4,0,14,18,0,5,20,22,47,6,8,14,61
11/06/2003,STJ,MO,ACE,CE,Federal Contract Tower,0,1,24,8,33,0,3,13,11,27,0,4,37,19,60,26,12,38,98
11/07/2003,STJ,MO,ACE,CE,Federal Contract Tower,0,1,14,5,20,0,1,35,8,44,0,2,49,13,64,58,6,64,128
11/08/2003,STJ,MO,ACE,CE,Federal Contract Tower,0,0,13,0,13,0,0,59,0,59,0,0,72,0,72,34,0,34,106
11/09/2003,STJ,MO,ACE,CE,Federal Contract Tower,0,1,7,2,10,0,0,42,2,44,0,1,49,4,54,42,0,42,96
11/10/2003,STJ,MO,ACE,CE,Federal Contract Tower,0,0,17,1,18,0,0,9,0,9,0,0,26,1,27,0,0,0,27
11/11/2003,STJ,MO,ACE,CE,Federal Contract Tower,0,0,19,0,19,0,2,27,0,29,0,2,46,0,48,6,0,6,54
11/12/2003,STJ,MO,ACE,CE,Federal Contract Tower,0,0,7,3,10,0,0,13,3,16,0,0,20,6,26,0,6,6,32
11/13/2003,STJ,MO,ACE,CE,Federal Contract Tower,0,0,22,9,31,0,0,11,0,11,0,0,33,9,42,43,6,49,91
11/14/2003,STJ,MO,ACE,CE,Federal Contract Tower,0,0,27,3,30,0,2,8,0,10,0,2,35,3,40,10,0,10,50
11/15/2003,STJ,MO,ACE,CE,Federal Contract Tower,0,1,40,0,41,0,1,28,0,29,0,2,68,0,70,48,0,48,118
11/16/2003,STJ,MO,ACE,CE,Federal Contract Tower,0,0,13,0,13,0,2,54,0,56,0,2,67,0,69,72,0,72,141
11/17/2003,STJ,MO,ACE,CE,Federal Contract Tower,0,0,5,0,5,0,0,1,0,1,0,0,6,0,6,0,0,0,6
11/18/2003,STJ,MO,ACE,CE,Federal Contract Tower,0,0,9,3,12,0,0,13,23,36,0,0,22,26,48,40,32,72,120
11/19/2003,STJ,MO,ACE,CE,Federal Contract Tower,0,0,26,9,35,0,4,6,9,19,0,4,32,18,54,40,45,85,139
11/20/2003,STJ,MO,ACE,CE,Federal Contract Tower,0,0,17,5,22,0,1,33,46,80,0,1,50,51,102,56,15,71,173
11/21/2003,STJ,MO,ACE,CE,Federal Contract Tower,0,0,18,5,23,0,0,41,5,46,0,0,59,10,69,32,0,32,101
11/22/2003,STJ,MO,ACE,CE,Federal Contract Tower,0,0,6,1,7,0,0,36,1,37,0,0,42,2,44,44,0,44,88
11/23/2003,STJ,MO,ACE,CE,Federal Contract Tower,0,0,3,0,3,0,0,5,1,6,0,0,8,1,9,0,0,0,9
11/24/2003,STJ,MO,ACE,CE,Federal Contract Tower,0,0,35,0,35,0,3,8,0,11,0,3,43,0,46,4,0,4,50
11/25/2003,STJ,MO,ACE,CE,Federal Contract Tower,0,0,12,4,16,0,0,23,0,23,0,0,35,4,39,4,0,4,43
11/26/2003,STJ,MO,ACE,CE,Federal Contract Tower,0,0,15,4,19,0,1,18,0,19,0,1,33,4,38,26,0,26,64
11/27/2003,STJ,MO,ACE,CE,Federal Contract Tower,0,0,0,0,0,0,0,21,0,21,0,0,21,0,21,6,0,6,27
11/28/2003,STJ,MO,ACE,CE,Federal Contract Tower,0,0,1,0,1,0,4,21,0,25,0,4,22,0,26,13,0,13,39
11/29/2003,STJ,MO,ACE,CE,Federal Contract Tower,0,0,8,0,8,0,2,27,0,29,0,2,35,0,37,4,0,4,41
11/30/2003,STJ,MO,ACE,CE,Federal Contract Tower,0,0,14,1,15,0,0,33,0,33,0,0,47,1,48,25,0,25,73
12/01/2003,STJ,MO,ACE,CE,Federal Contract Tower,0,0,7,5,12,0,3,17,2,22,0,3,24,7,34,0,0,0,34
12/02/2003,STJ,MO,ACE,CE,Federal Contract Tower,0,0,4,2,6,0,1,12,1,14,0,1,16,3,20,9,0,9,29
12/03/2003,STJ,MO,ACE,CE,Federal Contract Tower,0,0,6,3,9,0,0,5,3,8,0,0,11,6,17,0,0,0,17
12/04/2003,STJ,MO,ACE,CE,Federal Contract Tower,0,1,26,19,46,0,1,0,5,6,0,2,26,24,52,4,16,20,72
12/05/2003,STJ,MO,ACE,CE,Federal Contract Tower,0,0,0,0,0,0,0,1,0,1,0,0,1,0,1,0,0,0,1
12/06/2003,STJ,MO,ACE,CE,Federal Contract Tower,0,0,6,0,6,0,0,43,0,43,0,0,49,0,49,15,0,15,64
12/07/2003,STJ,MO,ACE,CE,Federal Contract Tower,0,0,3,0,3,0,1,40,0,41,0,1,43,0,44,26,0,26,70
12/08/2003,STJ,MO,ACE,CE,Federal Contract Tower,0,0,6,1,7,0,1,33,0,34,0,1,39,1,41,19,0,19,60
12/09/2003,STJ,MO,ACE,CE,Federal Contract Tower,0,0,8,0,8,0,0,5,0,5,0,0,13,0,13,0,0,0,13
12/10/2003,STJ,MO,ACE,CE,Federal Contract Tower,0,0,1,0,1,0,0,11,0,11,0,0,12,0,12,0,0,0,12
12/11/2003,STJ,MO,ACE,CE,Federal Contract Tower,0,0,7,2,9,2,2,19,0,23,2,2,26,2,32,2,4,6,38
12/12/2003,STJ,MO,ACE,CE,Federal Contract Tower,0,0,8,2,10,0,0,22,0,22,0,0,30,2,32,12,6,18,50
12/13/2003,STJ,MO,ACE,CE,Federal Contract Tower,0,0,1,1,2,0,0,1,1,2,0,0,2,2,4,0,0,0,4
12/14/2003,STJ,MO,ACE,CE,Federal Contract Tower,0,0,1,0,1,0,0,1,0,1,0,0,2,0,2,0,0,0,2
12/15/2003,STJ,MO,ACE,CE,Federal Contract Tower,0,0,10,6,16,0,0,13,0,13,0,0,23,6,29,10,0,10,39
12/16/2003,STJ,MO,ACE,CE,Federal Contract Tower,0,0,13,9,22,0,2,3,9,14,0,2,16,18,36,5,21,26,62
12/17/2003,STJ,MO,ACE,CE,Federal Contract Tower,0,0,15,10,25,0,0,27,0,27,0,0,42,10,52,23,5,28,80
12/18/2003,STJ,MO,ACE,CE,Federal Contract Tower,0,0,9,7,16,1,0,11,11,23,1,0,20,18,39,12,22,34,73
12/19/2003,STJ,MO,ACE,CE,Federal Contract Tower,0,0,4,1,5,0,2,31,0,33,0,2,35,1,38,14,0,14,52
12/20/2003,STJ,MO,ACE,CE,Federal Contract Tower,0,0,4,0,4,0,0,58,0,58,0,0,62,0,62,37,0,37,99
12/21/2003,STJ,MO,ACE,CE,Federal Contract Tower,0,0,2,0,2,0,0,18,0,18,0,0,20,0,20,28,0,28,48
12/22/2003,STJ,MO,ACE,CE,Federal Contract Tower,0,0,7,7,14,0,0,0,12,12,0,0,7,19,26,35,26,61,87
12/23/2003,STJ,MO,ACE,CE,Federal Contract Tower,0,0,14,9,23,0,0,38,6,44,0,0,52,15,67,16,12,28,95
12/24/2003,STJ,MO,ACE,CE,Federal Contract Tower,0,0,7,0,7,0,1,23,0,24,0,1,30,0,31,29,0,29,60
12/25/2003,STJ,MO,ACE,CE,Federal Contract Tower,0,0,0,0,0,0,0,13,0,13,0,0,13,0,13,18,0,18,31
12/26/2003,STJ,MO,ACE,CE,Federal Contract Tower,0,0,5,0,5,0,2,21,0,23,0,2,26,0,28,12,0,12,40
12/27/2003,STJ,MO,ACE,CE,Federal Contract Tower,0,0,5,0,5,0,0,18,0,18,0,0,23,0,23,7,0,7,30
12/28/2003,STJ,MO,ACE,CE,Federal Contract Tower,0,0,7,3,10,0,0,43,0,43,0,0,50,3,53,11,0,11,64
12/29/2003,STJ,MO,ACE,CE,Federal Contract Tower,0,0,7,4,11,0,0,26,2,28,0,0,33,6,39,20,5,25,64
12/30/2003,STJ,MO,ACE,CE,Federal Contract Tower,0,0,14,8,22,0,0,14,30,44,0,0,28,38,66,15,20,35,101
12/31/2003,STJ,MO,ACE,CE,Federal Contract Tower,0,0,6,1,7,0,0,55,0,55,0,0,61,1,62,26,0,26,88
01/01/2004,STJ,MO,ACE,CE,Federal Contract Tower,0,0,3,0,3,0,0,15,0,15,0,0,18,0,18,0,0,0,18
01/02/2004,STJ,MO,ACE,CE,Federal Contract Tower,0,0,3,0,3,0,0,25,0,25,0,0,28,0,28,18,0,18,46
01/03/2004,STJ,MO,ACE,CE,Federal Contract Tower,0,0,3,0,3,0,0,26,0,26,0,0,29,0,29,5,0,5,34
01/04/2004,STJ,MO,ACE,CE,Federal Contract Tower,0,0,0,0,0,0,0,0,0,0,0,0,0,0,0,0,0,0,0
01/05/2004,STJ,MO,ACE,CE,Federal Contract Tower,0,0,7,2,9,0,0,10,5,15,0,0,17,7,24,0,0,0,24
01/06/2004,STJ,MO,ACE,CE,Federal Contract Tower,0,0,11,3,14,0,2,19,0,21,0,2,30,3,35,12,2,14,49
01/07/2004,STJ,MO,ACE,CE,Federal Contract Tower,0,0,10,4,14,0,1,14,1,16,0,1,24,5,30,1,0,1,31
01/08/2004,STJ,MO,ACE,CE,Federal Contract Tower,0,0,14,6,20,0,2,18,6,26,0,2,32,12,46,23,15,38,84
01/09/2004,STJ,MO,ACE,CE,Federal Contract Tower,0,0,5,0,5,0,2,17,0,19,0,2,22,0,24,0,0,0,24
01/10/2004,STJ,MO,ACE,CE,Federal Contract Tower,0,0,6,1,7,0,2,40,0,42,0,2,46,1,49,54,0,54,103
01/11/2004,STJ,MO,ACE,CE,Federal Contract Tower,0,0,3,0,3,0,0,32,0,32,0,0,35,0,35,16,0,16,51
01/12/2004,STJ,MO,ACE,CE,Federal Contract Tower,0,0,5,2,7,0,0,24,1,25,0,0,29,3,32,4,0,4,36
01/13/2004,STJ,MO,ACE,CE,Federal Contract Tower,0,0,8,6,14,0,3,0,2,5,0,3,8,8,19,63,0,63,82
01/14/2004,STJ,MO,ACE,CE,Federal Contract Tower,0,0,7,3,10,0,0,31,2,33,0,0,38,5,43,30,0,30,73
01/15/2004,STJ,MO,ACE,CE,Federal Contract Tower,0,0,14,6,20,0,0,54,3,57,0,0,68,9,77,18,2,20,97
01/16/2004,STJ,MO,ACE,CE,Federal Contract Tower,0,0,5,2,7,0,0,0,1,1,0,0,5,3,8,0,0,0,8
01/17/2004,STJ,MO,ACE,CE,Federal Contract Tower,0,0,4,1,5,0,0,3,1,4,0,0,7,2,9,4,0,4,13
01/18/2004,STJ,MO,ACE,CE,Federal Contract Tower,0,0,4,0,4,0,1,20,0,21,0,1,24,0,25,40,0,40,65
01/19/2004,STJ,MO,ACE,CE,Federal Contract Tower,0,0,5,0,5,0,0,35,0,35,0,0,40,0,40,12,0,12,52
01/20/2004,STJ,MO,ACE,CE,Federal Contract Tower,0,0,10,1,11,0,0,46,0,46,0,0,56,1,57,14,0,14,71
01/21/2004,STJ,MO,ACE,CE,Federal Contract Tower,0,0,11,3,14,0,0,18,6,24,0,0,29,9,38,10,6,16,54
01/22/2004,STJ,MO,ACE,CE,Federal Contract Tower,0,0,16,5,21,0,0,37,8,45,0,0,53,13,66,14,1,15,81
01/23/2004,STJ,MO,ACE,CE,Federal Contract Tower,0,0,6,2,8,0,0,2,2,4,0,0,8,4,12,8,8,16,28
01/24/2004,STJ,MO,ACE,CE,Federal Contract Tower,0,0,14,0,14,0,0,15,0,15,0,0,29,0,29,22,0,22,51
01/25/2004,STJ,MO,ACE,CE,Federal Contract Tower,0,0,0,0,0,0,0,0,0,0,0,0,0,0,0,0,0,0,0
01/26/2004,STJ,MO,ACE,CE,Federal Contract Tower,0,0,5,0,5,0,0,1,0,1,0,0,6,0,6,0,0,0,6
01/27/2004,STJ,MO,ACE,CE,Federal Contract Tower,0,0,6,2,8,0,2,14,0,16,0,2,20,2,24,0,0,0,24
01/28/2004,STJ,MO,ACE,CE,Federal Contract Tower,0,0,18,3,21,0,0,11,0,11,0,0,29,3,32,10,0,10,42
01/29/2004,STJ,MO,ACE,CE,Federal Contract Tower,0,0,8,2,10,0,2,10,1,13,0,2,18,3,23,0,0,0,23
01/30/2004,STJ,MO,ACE,CE,Federal Contract Tower,0,0,4,0,4,0,1,18,0,19,0,1,22,0,23,8,0,8,31
01/31/2004,STJ,MO,ACE,CE,Federal Contract Tower,0,0,4,0,4,0,2,16,2,20,0,2,20,2,24,12,0,12,36
02/01/2004,STJ,MO,ACE,CE,Federal Contract Tower,0,0,0,0,0,0,0,0,0,0,0,0,0,0,0,0,0,0,0
02/02/2004,STJ,MO,ACE,CE,Federal Contract Tower,0,1,1,0,2,0,1,1,1,3,0,2,2,1,5,0,0,0,5
02/03/2004,STJ,MO,ACE,CE,Federal Contract Tower,0,1,5,3,9,0,1,15,0,16,0,2,20,3,25,6,0,6,31
02/04/2004,STJ,MO,ACE,CE,Federal Contract Tower,0,0,3,2,5,0,0,5,0,5,0,0,8,2,10,0,0,0,10
02/05/2004,STJ,MO,ACE,CE,Federal Contract Tower,0,0,0,2,2,0,0,0,3,3,0,0,0,5,5,0,0,0,5
02/06/2004,STJ,MO,ACE,CE,Federal Contract Tower,0,1,7,5,13,0,3,5,0,8,0,4,12,5,21,3,0,3,24
02/07/2004,STJ,MO,ACE,CE,Federal Contract Tower,0,0,3,1,4,0,0,19,0,19,0,0,22,1,23,11,0,11,34
02/08/2004,STJ,MO,ACE,CE,Federal Contract Tower,0,0,3,2,5,0,0,14,2,16,0,0,17,4,21,0,0,0,21
02/09/2004,STJ,MO,ACE,CE,Federal Contract Tower,0,0,4,1,5,0,1,21,0,22,0,1,25,1,27,22,0,22,49
02/10/2004,STJ,MO,ACE,CE,Federal Contract Tower,0,0,15,13,28,0,3,10,12,25,0,3,25,25,53,17,15,32,85
02/11/2004,STJ,MO,ACE,CE,Federal Contract Tower,0,0,8,8,16,0,0,26,5,31,0,0,34,13,47,28,10,38,85
02/12/2004,STJ,MO,ACE,CE,Federal Contract Tower,0,0,16,14,30,0,2,8,19,29,0,2,24,33,59,12,16,28,87
02/13/2004,STJ,MO,ACE,CE,Federal Contract Tower,0,0,2,3,5,0,4,20,1,25,0,4,22,4,30,46,0,46,76
02/14/2004,STJ,MO,ACE,CE,Federal Contract Tower,0,0,2,1,3,0,0,74,0,74,0,0,76,1,77,24,0,24,101
02/15/2004,STJ,MO,ACE,CE,Federal Contract Tower,0,0,3,2,5,0,0,24,0,24,0,0,27,2,29,46,0,46,75
02/16/2004,STJ,MO,ACE,CE,Federal Contract Tower,0,0,3,0,3,0,2,21,0,23,0,2,24,0,26,14,0,14,40
02/17/2004,STJ,MO,ACE,CE,Federal Contract Tower,0,0,8,7,15,0,2,8,14,24,0,2,16,21,39,16,23,39,78
02/18/2004,STJ,MO,ACE,CE,Federal Contract Tower,0,0,10,10,20,0,0,22,14,36,0,0,32,24,56,0,29,29,85
02/19/2004,STJ,MO,ACE,CE,Federal Contract Tower,0,0,11,8,19,0,0,22,4,26,0,0,33,12,45,32,58,90,135
02/20/2004,STJ,MO,ACE,CE,Federal Contract Tower,0,0,2,0,2,0,0,6,0,6,0,0,8,0,8,3,22,25,33
02/21/2004,STJ,MO,ACE,CE,Federal Contract Tower,0,0,1,0,1,0,0,56,0,56,0,0,57,0,57,76,0,76,133
02/22/2004,STJ,MO,ACE,CE,Federal Contract Tower,0,0,3,0,3,0,2,22,0,24,0,2,25,0,27,26,14,40,67
02/23/2004,STJ,MO,ACE,CE,Federal Contract Tower,0,0,15,3,18,0,0,23,0,23,0,0,38,3,41,0,0,0,41
02/24/2004,STJ,MO,ACE,CE,Federal Contract Tower,0,1,24,22,47,0,1,0,39,40,0,2,24,61,87,24,34,58,145
02/25/2004,STJ,MO,ACE,CE,Federal Contract Tower,0,0,17,13,30,0,2,7,29,38,0,2,24,42,68,22,37,59,127
02/26/2004,STJ,MO,ACE,CE,Federal Contract Tower,0,0,22,18,40,0,4,32,10,46,0,4,54,28,86,41,62,103,189
02/27/2004,STJ,MO,ACE,CE,Federal Contract Tower,0,0,1,0,1,0,2,39,18,59,0,2,40,18,60,32,16,48,108
02/28/2004,STJ,MO,ACE,CE,Federal Contract Tower,0,0,0,0,0,0,2,30,0,32,0,2,30,0,32,30,0,30,62
02/29/2004,STJ,MO,ACE,CE,Federal Contract Tower,0,0,2,0,2,0,0,7,1,8,0,0,9,1,10,22,0,22,32
03/01/2004,STJ,MO,ACE,CE,Federal Contract Tower,0,0,5,3,8,0,0,0,0,0,0,0,5,3,8,0,0,0,8
03/02/2004,STJ,MO,ACE,CE,Federal Contract Tower,0,2,8,2,12,0,0,18,4,22,0,2,26,6,34,54,20,74,108
03/03/2004,STJ,MO,ACE,CE,Federal Contract Tower,0,0,8,2,10,0,0,2,0,2,0,0,10,2,12,0,0,0,12
03/04/2004,STJ,MO,ACE,CE,Federal Contract Tower,0,0,4,2,6,0,0,0,0,0,0,0,4,2,6,0,0,0,6
03/05/2004,STJ,MO,ACE,CE,Federal Contract Tower,0,0,6,1,7,0,0,0,0,0,0,0,6,1,7,0,2,2,9
03/06/2004,STJ,MO,ACE,CE,Federal Contract Tower,0,2,5,0,7,0,0,39,0,39,0,2,44,0,46,34,0,34,80
03/07/2004,STJ,MO,ACE,CE,Federal Contract Tower,0,2,5,1,8,0,0,5,1,6,0,2,10,2,14,0,0,0,14
03/08/2004,STJ,MO,ACE,CE,Federal Contract Tower,0,2,7,3,12,0,0,19,5,24,0,2,26,8,36,22,1,23,59
03/09/2004,STJ,MO,ACE,CE,Federal Contract Tower,0,6,5,3,14,0,0,29,8,37,0,6,34,11,51,4,0,4,55
03/10/2004,STJ,MO,ACE,CE,Federal Contract Tower,0,0,5,3,8,0,0,40,23,63,0,0,45,26,71,6,14,20,91
03/11/2004,STJ,MO,ACE,CE,Federal Contract Tower,0,4,7,3,14,0,0,20,19,39,0,4,27,22,53,12,22,34,87
03/12/2004,STJ,MO,ACE,CE,Federal Contract Tower,0,0,8,3,11,0,0,33,17,50,0,0,41,20,61,38,0,38,99
03/13/2004,STJ,MO,ACE,CE,Federal Contract Tower,0,0,5,2,7,0,0,20,0,20,0,0,25,2,27,11,0,11,38
03/14/2004,STJ,MO,ACE,CE,Federal Contract Tower,0,0,6,3,9,0,0,9,6,15,0,0,15,9,24,14,0,14,38
03/15/2004,STJ,MO,ACE,CE,Federal Contract Tower,0,0,5,3,8,0,0,4,1,5,0,0,9,4,13,7,0,7,20
03/16/2004,STJ,MO,ACE,CE,Federal Contract Tower,0,0,8,3,11,0,0,16,29,45,0,0,24,32,56,36,32,68,124
03/17/2004,STJ,MO,ACE,CE,Federal Contract Tower,0,0,8,3,11,0,0,16,14,30,0,0,24,17,41,12,34,46,87
03/18/2004,STJ,MO,ACE,CE,Federal Contract Tower,0,0,11,4,15,0,0,30,16,46,0,0,41,20,61,50,55,105,166
03/19/2004,STJ,MO,ACE,CE,Federal Contract Tower,0,2,9,4,15,0,0,37,12,49,0,2,46,16,64,54,10,64,128
03/20/2004,STJ,MO,ACE,CE,Federal Contract Tower,0,1,7,0,8,0,0,0,0,0,0,1,7,0,8,21,0,21,29
03/21/2004,STJ,MO,ACE,CE,Federal Contract Tower,0,1,6,0,7,0,0,30,0,30,0,1,36,0,37,16,0,16,53
03/22/2004,STJ,MO,ACE,CE,Federal Contract Tower,0,0,5,2,7,0,0,39,0,39,0,0,44,2,46,30,0,30,76
03/23/2004,STJ,MO,ACE,CE,Federal Contract Tower,0,0,6,3,9,0,0,8,23,31,0,0,14,26,40,5,45,50,90
03/24/2004,STJ,MO,ACE,CE,Federal Contract Tower,0,0,8,2,10,0,0,15,3,18,0,0,23,5,28,29,45,74,102
03/25/2004,STJ,MO,ACE,CE,Federal Contract Tower,0,0,6,1,7,0,0,20,35,55,0,0,26,36,62,8,14,22,84
03/26/2004,STJ,MO,ACE,CE,Federal Contract Tower,0,3,8,3,14,0,0,21,8,29,0,3,29,11,43,24,17,41,84
03/27/2004,STJ,MO,ACE,CE,Federal Contract Tower,0,0,6,0,6,0,0,2,0,2,0,0,8,0,8,0,0,0,8
03/28/2004,STJ,MO,ACE,CE,Federal Contract Tower,0,2,6,1,9,0,0,42,0,42,0,2,48,1,51,79,0,79,130
03/29/2004,STJ,MO,ACE,CE,Federal Contract Tower,0,0,9,2,11,0,0,18,0,18,0,0,27,2,29,38,0,38,67
03/30/2004,STJ,MO,ACE,CE,Federal Contract Tower,0,2,7,2,11,0,0,18,25,43,0,2,25,27,54,26,39,65,119
03/31/2004,STJ,MO,ACE,CE,Federal Contract Tower,0,2,8,3,13,0,0,22,27,49,0,2,30,30,62,24,58,82,144
04/01/2004,STJ,MO,ACE,CE,Federal Contract Tower,0,0,9,10,19,0,0,47,15,62,0,0,56,25,81,26,12,38,119
04/02/2004,STJ,MO,ACE,CE,Federal Contract Tower,0,0,3,4,7,0,0,48,13,61,0,0,51,17,68,19,11,30,98
04/03/2004,STJ,MO,ACE,CE,Federal Contract Tower,0,1,0,0,1,0,0,62,0,62,0,1,62,0,63,24,0,24,87
04/04/2004,STJ,MO,ACE,CE,Federal Contract Tower,0,1,4,5,10,0,1,47,7,55,0,2,51,12,65,22,0,22,87
04/05/2004,STJ,MO,ACE,CE,Federal Contract Tower,0,0,6,6,12,0,0,13,21,34,0,0,19,27,46,2,50,52,98
04/06/2004,STJ,MO,ACE,CE,Federal Contract Tower,0,0,30,27,57,0,1,0,0,1,0,1,30,27,58,40,62,102,160
04/07/2004,STJ,MO,ACE,CE,Federal Contract Tower,0,0,13,14,27,0,0,10,10,20,0,0,23,24,47,26,22,48,95
04/08/2004,STJ,MO,ACE,CE,Federal Contract Tower,0,0,6,6,12,0,0,37,1,38,0,0,43,7,50,33,0,33,83
04/09/2004,STJ,MO,ACE,CE,Federal Contract Tower,0,0,2,1,3,0,0,38,1,39,0,0,40,2,42,41,0,41,83
04/10/2004,STJ,MO,ACE,CE,Federal Contract Tower,0,0,1,0,1,0,2,35,0,37,0,2,36,0,38,19,0,19,57
04/11/2004,STJ,MO,ACE,CE,Federal Contract Tower,0,0,2,0,2,0,4,32,0,36,0,4,34,0,38,18,0,18,56
04/12/2004,STJ,MO,ACE,CE,Federal Contract Tower,0,0,14,15,29,0,1,44,1,46,0,1,58,16,75,8,0,8,83
04/13/2004,STJ,MO,ACE,CE,Federal Contract Tower,0,0,11,11,22,0,3,52,9,64,0,3,63,20,86,45,31,76,162
04/14/2004,STJ,MO,ACE,CE,Federal Contract Tower,0,0,10,9,19,0,0,43,23,66,0,0,53,32,85,48,19,67,152
04/15/2004,STJ,MO,ACE,CE,Federal Contract Tower,0,0,14,14,28,0,2,12,21,35,0,2,26,35,63,3,76,79,142
04/16/2004,STJ,MO,ACE,CE,Federal Contract Tower,0,0,7,7,14,0,2,23,4,29,0,2,30,11,43,60,7,67,110
04/17/2004,STJ,MO,ACE,CE,Federal Contract Tower,0,0,3,0,3,0,0,25,0,25,0,0,28,0,28,24,0,24,52
04/18/2004,STJ,MO,ACE,CE,Federal Contract Tower,0,0,2,1,3,0,1,14,0,15,0,1,16,1,18,2,0,2,20
04/19/2004,STJ,MO,ACE,CE,Federal Contract Tower,0,0,15,15,30,0,0,19,0,19,0,0,34,15,49,38,22,60,109
04/20/2004,STJ,MO,ACE,CE,Federal Contract Tower,0,0,7,5,12,1,2,16,0,19,1,2,23,5,31,0,16,16,47
04/21/2004,STJ,MO,ACE,CE,Federal Contract Tower,0,0,14,15,29,0,4,27,0,31,0,4,41,15,60,42,38,80,140
04/22/2004,STJ,MO,ACE,CE,Federal Contract Tower,0,0,16,19,35,0,0,29,0,29,0,0,45,19,64,24,6,30,94
04/23/2004,STJ,MO,ACE,CE,Federal Contract Tower,0,0,2,0,2,0,4,30,0,34,0,4,32,0,36,31,0,31,67
04/24/2004,STJ,MO,ACE,CE,Federal Contract Tower,0,0,0,0,0,0,0,9,0,9,0,0,9,0,9,12,0,12,21
04/25/2004,STJ,MO,ACE,CE,Federal Contract Tower,0,0,3,1,4,0,0,28,0,28,0,0,31,1,32,24,0,24,56
04/26/2004,STJ,MO,ACE,CE,Federal Contract Tower,0,0,6,2,8,0,0,38,0,38,0,0,44,2,46,24,0,24,70
04/27/2004,STJ,MO,ACE,CE,Federal Contract Tower,0,0,15,12,27,0,0,42,0,42,0,0,57,12,69,32,34,66,135
04/28/2004,STJ,MO,ACE,CE,Federal Contract Tower,0,0,13,16,29,0,0,16,6,22,0,0,29,22,51,10,6,16,67
04/29/2004,STJ,MO,ACE,CE,Federal Contract Tower,0,0,21,27,48,0,0,0,0,0,0,0,21,27,48,15,57,72,120
04/30/2004,STJ,MO,ACE,CE,Federal Contract Tower,0,0,7,6,13,0,0,2,0,2,0,0,9,6,15,0,0,0,15
05/01/2004,STJ,MO,ACE,CE,Federal Contract Tower,0,1,4,0,5,0,2,46,0,48,0,3,50,0,53,46,0,46,99
05/02/2004,STJ,MO,ACE,CE,Federal Contract Tower,0,1,7,6,14,0,1,39,0,40,0,2,46,6,54,26,0,26,80
05/03/2004,STJ,MO,ACE,CE,Federal Contract Tower,0,0,10,10,20,2,0,51,1,54,2,0,61,11,74,30,0,30,104
05/04/2004,STJ,MO,ACE,CE,Federal Contract Tower,0,0,16,8,24,0,0,13,0,13,0,0,29,8,37,3,19,22,59
05/05/2004,STJ,MO,ACE,CE,Federal Contract Tower,0,0,16,15,31,0,16,17,7,40,0,16,33,22,71,25,16,41,112
05/06/2004,STJ,MO,ACE,CE,Federal Contract Tower,0,0,16,15,31,0,0,21,3,24,0,0,37,18,55,20,1,21,76
05/07/2004,STJ,MO,ACE,CE,Federal Contract Tower,0,0,16,16,32,0,2,7,0,9,0,2,23,16,41,12,32,44,85
05/08/2004,STJ,MO,ACE,CE,Federal Contract Tower,0,0,4,4,8,0,0,28,0,28,0,0,32,4,36,15,0,15,51
05/09/2004,STJ,MO,ACE,CE,Federal Contract Tower,0,0,2,2,4,0,0,17,0,17,0,0,19,2,21,13,0,13,34
05/10/2004,STJ,MO,ACE,CE,Federal Contract Tower,0,0,1,0,1,0,0,24,0,24,0,0,25,0,25,32,0,32,57
05/11/2004,STJ,MO,ACE,CE,Federal Contract Tower,0,0,9,8,17,0,0,38,2,40,0,0,47,10,57,6,46,52,109
05/12/2004,STJ,MO,ACE,CE,Federal Contract Tower,0,0,4,1,5,0,0,52,0,52,0,0,56,1,57,10,0,10,67
05/13/2004,STJ,MO,ACE,CE,Federal Contract Tower,0,0,11,18,29,0,0,0,15,15,0,0,11,33,44,0,0,0,44
05/14/2004,STJ,MO,ACE,CE,Federal Contract Tower,0,0,6,5,11,0,0,10,29,39,0,0,16,34,50,12,20,32,82
05/15/2004,STJ,MO,ACE,CE,Federal Contract Tower,0,0,3,0,3,0,2,177,0,179,0,2,180,0,182,38,0,38,220
05/16/2004,STJ,MO,ACE,CE,Federal Contract Tower,0,0,3,0,3,0,2,34,0,36,0,2,37,0,39,44,0,44,83
05/17/2004,STJ,MO,ACE,CE,Federal Contract Tower,0,0,8,7,15,0,0,14,16,30,0,0,22,23,45,14,36,50,95
05/18/2004,STJ,MO,ACE,CE,Federal Contract Tower,0,0,12,10,22,0,0,2,17,19,0,0,14,27,41,54,24,78,119
05/19/2004,STJ,MO,ACE,CE,Federal Contract Tower,0,0,23,19,42,0,0,14,15,29,0,0,37,34,71,17,40,57,128
05/20/2004,STJ,MO,ACE,CE,Federal Contract Tower,0,0,14,12,26,0,0,33,16,49,0,0,47,28,75,32,72,104,179
05/21/2004,STJ,MO,ACE,CE,Federal Contract Tower,0,0,4,3,7,0,0,20,2,22,0,0,24,5,29,10,0,10,39
05/22/2004,STJ,MO,ACE,CE,Federal Contract Tower,0,0,4,0,4,0,0,29,0,29,0,0,33,0,33,34,0,34,67
05/23/2004,STJ,MO,ACE,CE,Federal Contract Tower,0,0,7,3,10,0,0,21,0,21,0,0,28,3,31,28,0,28,59
05/24/2004,STJ,MO,ACE,CE,Federal Contract Tower,0,0,4,0,4,0,0,31,0,31,0,0,35,0,35,20,0,20,55
05/25/2004,STJ,MO,ACE,CE,Federal Contract Tower,0,0,12,9,21,0,0,23,7,30,0,0,35,16,51,24,18,42,93
05/26/2004,STJ,MO,ACE,CE,Federal Contract Tower,0,0,19,16,35,0,0,52,16,68,0,0,71,32,103,14,4,18,121
05/27/2004,STJ,MO,ACE,CE,Federal Contract Tower,0,0,12,10,22,0,0,15,4,19,0,0,27,14,41,1,13,14,55
05/28/2004,STJ,MO,ACE,CE,Federal Contract Tower,0,0,8,7,15,0,0,7,2,9,0,0,15,9,24,76,15,91,115
05/29/2004,STJ,MO,ACE,CE,Federal Contract Tower,0,0,4,0,4,0,2,29,0,31,0,2,33,0,35,36,0,36,71
05/30/2004,STJ,MO,ACE,CE,Federal Contract Tower,0,0,2,0,2,0,2,24,0,26,0,2,26,0,28,20,0,20,48
05/31/2004,STJ,MO,ACE,CE,Federal Contract Tower,0,0,3,1,4,0,0,36,0,36,0,0,39,1,40,14,0,14,54
06/01/2004,STJ,MO,ACE,CE,Federal Contract Tower,0,1,7,6,14,0,0,41,2,43,0,1,48,8,57,8,10,18,75
06/02/2004,STJ,MO,ACE,CE,Federal Contract Tower,0,1,6,5,12,0,3,48,19,70,0,4,54,24,82,16,44,60,142
06/03/2004,STJ,MO,ACE,CE,Federal Contract Tower,0,0,19,19,38,0,0,55,36,91,0,0,74,55,129,29,25,54,183
06/04/2004,STJ,MO,ACE,CE,Federal Contract Tower,0,1,9,6,16,0,1,35,0,36,0,2,44,6,52,2,0,2,54
06/05/2004,STJ,MO,ACE,CE,Federal Contract Tower,0,0,3,2,5,0,0,61,9,70,0,0,64,11,75,32,7,39,114
06/06/2004,STJ,MO,ACE,CE,Federal Contract Tower,0,1,16,2,19,0,1,44,0,45,0,2,60,2,64,8,0,8,72
06/07/2004,STJ,MO,ACE,CE,Federal Contract Tower,0,1,7,6,14,0,3,19,10,32,0,4,26,16,46,16,18,34,80
06/08/2004,STJ,MO,ACE,CE,Federal Contract Tower,0,1,4,4,9,0,1,26,0,27,0,2,30,4,36,38,0,38,74
06/09/2004,STJ,MO,ACE,CE,Federal Contract Tower,0,0,9,4,13,0,0,2,0,2,0,0,11,4,15,0,0,0,15
06/10/2004,STJ,MO,ACE,CE,Federal Contract Tower,0,0,8,9,17,0,2,12,6,20,0,2,20,15,37,6,0,6,43
06/11/2004,STJ,MO,ACE,CE,Federal Contract Tower,0,0,8,3,11,0,0,19,0,19,0,0,27,3,30,15,0,15,45
06/12/2004,STJ,MO,ACE,CE,Federal Contract Tower,0,0,8,3,11,0,0,35,0,35,0,0,43,3,46,26,0,26,72
06/13/2004,STJ,MO,ACE,CE,Federal Contract Tower,0,0,3,3,6,0,0,31,0,31,0,0,34,3,37,41,0,41,78
06/14/2004,STJ,MO,ACE,CE,Federal Contract Tower,0,0,7,0,7,0,7,34,0,41,0,7,41,0,48,2,0,2,50
06/15/2004,STJ,MO,ACE,CE,Federal Contract Tower,0,0,16,17,33,0,2,17,11,30,0,2,33,28,63,18,36,54,117
06/16/2004,STJ,MO,ACE,CE,Federal Contract Tower,0,0,10,8,18,0,2,33,0,35,0,2,43,8,53,8,38,46,99
06/17/2004,STJ,MO,ACE,CE,Federal Contract Tower,0,0,13,14,27,0,2,40,1,43,0,2,53,15,70,52,2,54,124
06/18/2004,STJ,MO,ACE,CE,Federal Contract Tower,0,0,8,8,16,0,0,10,0,10,0,0,18,8,26,10,0,10,36
06/19/2004,STJ,MO,ACE,CE,Federal Contract Tower,0,0,4,2,6,0,0,53,0,53,0,0,57,2,59,18,0,18,77
06/20/2004,STJ,MO,ACE,CE,Federal Contract Tower,0,0,3,2,5,0,0,33,2,35,0,0,36,4,40,2,0,2,42
06/21/2004,STJ,MO,ACE,CE,Federal Contract Tower,0,0,2,0,2,0,1,39,8,48,0,1,41,8,50,28,4,32,82
06/22/2004,STJ,MO,ACE,CE,Federal Contract Tower,0,0,7,5,12,0,0,47,18,65,0,0,54,23,77,53,26,79,156
06/23/2004,STJ,MO,ACE,CE,Federal Contract Tower,0,0,15,1,16,0,4,36,0,40,0,4,51,1,56,40,0,40,96
06/24/2004,STJ,MO,ACE,CE,Federal Contract Tower,0,0,16,15,31,0,2,44,5,51,0,2,60,20,82,18,30,48,130
06/25/2004,STJ,MO,ACE,CE,Federal Contract Tower,0,0,4,1,5,0,4,47,0,51,0,4,51,1,56,40,0,40,96
06/26/2004,STJ,MO,ACE,CE,Federal Contract Tower,0,0,5,0,5,0,0,103,0,103,0,0,108,0,108,28,0,28,136
06/27/2004,STJ,MO,ACE,CE,Federal Contract Tower,0,0,6,4,10,0,0,18,1,19,0,0,24,5,29,0,0,0,29
06/28/2004,STJ,MO,ACE,CE,Federal Contract Tower,0,0,9,7,16,0,0,24,23,47,0,0,33,30,63,22,10,32,95
06/29/2004,STJ,MO,ACE,CE,Federal Contract Tower,0,0,22,20,42,0,4,24,24,52,0,4,46,44,94,12,30,42,136
06/30/2004,STJ,MO,ACE,CE,Federal Contract Tower,0,1,38,34,73,0,1,30,45,76,0,2,68,79,149,16,12,28,177
07/01/2004,STJ,MO,ACE,CE,Federal Contract Tower,0,0,20,15,35,0,0,19,5,24,0,0,39,20,59,12,0,12,71
07/02/2004,STJ,MO,ACE,CE,Federal Contract Tower,0,0,4,1,5,0,0,12,0,12,0,0,16,1,17,2,0,2,19
07/03/2004,STJ,MO,ACE,CE,Federal Contract Tower,0,0,4,0,4,0,0,26,0,26,0,0,30,0,30,38,0,38,68
07/04/2004,STJ,MO,ACE,CE,Federal Contract Tower,0,0,1,0,1,0,0,29,0,29,0,0,30,0,30,10,0,10,40
07/05/2004,STJ,MO,ACE,CE,Federal Contract Tower,0,0,4,1,5,0,0,24,0,24,0,0,28,1,29,12,0,12,41
07/06/2004,STJ,MO,ACE,CE,Federal Contract Tower,0,0,14,11,25,0,1,5,14,20,0,1,19,25,45,9,33,42,87
07/07/2004,STJ,MO,ACE,CE,Federal Contract Tower,0,0,28,21,49,0,0,31,19,50,0,0,59,40,99,12,8,20,119
07/08/2004,STJ,MO,ACE,CE,Federal Contract Tower,0,0,23,18,41,0,0,5,11,16,0,0,28,29,57,4,16,20,77
07/09/2004,STJ,MO,ACE,CE,Federal Contract Tower,0,0,22,16,38,0,0,22,0,22,0,0,44,16,60,20,21,41,101
07/10/2004,STJ,MO,ACE,CE,Federal Contract Tower,0,0,8,6,14,0,4,44,8,56,0,4,52,14,70,32,8,40,110
07/11/2004,STJ,MO,ACE,CE,Federal Contract Tower,0,0,2,2,4,0,2,48,0,50,0,2,50,2,54,12,2,14,68
07/12/2004,STJ,MO,ACE,CE,Federal Contract Tower,0,0,6,3,9,0,2,41,0,43,0,2,47,3,52,32,12,44,96
07/13/2004,STJ,MO,ACE,CE,Federal Contract Tower,0,0,5,5,10,0,4,24,2,30,0,4,29,7,40,18,18,36,76
07/14/2004,STJ,MO,ACE,CE,Federal Contract Tower,0,0,15,11,26,0,3,56,13,72,0,3,71,24,98,40,30,70,168
07/15/2004,STJ,MO,ACE,CE,Federal Contract Tower,0,0,31,23,54,0,0,34,0,34,0,0,65,23,88,27,50,77,165
07/16/2004,STJ,MO,ACE,CE,Federal Contract Tower,0,0,6,1,7,0,2,42,0,44,0,2,48,1,51,6,48,54,105
07/17/2004,STJ,MO,ACE,CE,Federal Contract Tower,0,0,4,0,4,0,0,52,0,52,0,0,56,0,56,48,0,48,104
07/18/2004,STJ,MO,ACE,CE,Federal Contract Tower,0,0,2,1,3,0,0,56,0,56,0,0,58,1,59,26,0,26,85
07/19/2004,STJ,MO,ACE,CE,Federal Contract Tower,0,0,2,0,2,0,3,28,1,32,0,3,30,1,34,9,0,9,43
07/20/2004,STJ,MO,ACE,CE,Federal Contract Tower,0,0,20,13,33,0,2,21,2,25,0,2,41,15,58,15,6,21,79
07/21/2004,STJ,MO,ACE,CE,Federal Contract Tower,0,0,9,5,14,0,2,25,9,36,0,2,34,14,50,6,16,22,72
07/22/2004,STJ,MO,ACE,CE,Federal Contract Tower,0,0,22,10,32,0,0,25,0,25,0,0,47,10,57,20,22,42,99
07/23/2004,STJ,MO,ACE,CE,Federal Contract Tower,0,0,6,1,7,0,4,10,0,14,0,4,16,1,21,27,0,27,48
07/24/2004,STJ,MO,ACE,CE,Federal Contract Tower,0,0,3,0,3,0,0,2,0,2,0,0,5,0,5,0,0,0,5
07/25/2004,STJ,MO,ACE,CE,Federal Contract Tower,0,0,18,5,23,0,0,46,0,46,0,0,64,5,69,34,2,36,105
07/26/2004,STJ,MO,ACE,CE,Federal Contract Tower,0,0,12,7,19,0,0,59,12,71,0,0,71,19,90,56,2,58,148
07/27/2004,STJ,MO,ACE,CE,Federal Contract Tower,0,0,19,13,32,0,0,65,1,66,0,0,84,14,98,81,10,91,189
07/28/2004,STJ,MO,ACE,CE,Federal Contract Tower,0,0,17,12,29,0,4,30,13,47,0,4,47,25,76,48,30,78,154
07/29/2004,STJ,MO,ACE,CE,Federal Contract Tower,0,0,15,10,25,0,0,24,2,26,0,0,39,12,51,48,0,48,99
07/30/2004,STJ,MO,ACE,CE,Federal Contract Tower,0,0,20,13,33,0,0,21,8,29,0,0,41,21,62,48,0,48,110
07/31/2004,STJ,MO,ACE,CE,Federal Contract Tower,0,0,5,0,5,0,1,56,0,57,0,1,61,0,62,22,0,22,84
08/01/2004,STJ,MO,ACE,CE,Federal Contract Tower,0,1,9,5,15,0,5,49,0,54,0,6,58,5,69,9,0,9,78
08/02/2004,STJ,MO,ACE,CE,Federal Contract Tower,0,0,2,0,2,0,0,24,0,24,0,0,26,0,26,2,0,2,28
08/03/2004,STJ,MO,ACE,CE,Federal Contract Tower,0,0,15,10,25,0,2,24,0,26,0,2,39,10,51,6,44,50,101
08/04/2004,STJ,MO,ACE,CE,Federal Contract Tower,0,0,10,7,17,0,2,15,0,17,0,2,25,7,34,0,14,14,48
08/05/2004,STJ,MO,ACE,CE,Federal Contract Tower,0,0,25,20,45,0,0,7,8,15,0,0,32,28,60,20,26,46,106
08/06/2004,STJ,MO,ACE,CE,Federal Contract Tower,0,0,8,6,14,0,0,25,0,25,0,0,33,6,39,6,10,16,55
08/07/2004,STJ,MO,ACE,CE,Federal Contract Tower,0,0,3,3,6,0,0,30,1,31,0,0,33,4,37,47,2,49,86
08/08/2004,STJ,MO,ACE,CE,Federal Contract Tower,0,0,3,0,3,0,0,40,0,40,0,0,43,0,43,26,0,26,69
08/09/2004,STJ,MO,ACE,CE,Federal Contract Tower,0,0,13,12,25,0,0,26,8,34,0,0,39,20,59,20,13,33,92
08/10/2004,STJ,MO,ACE,CE,Federal Contract Tower,0,0,13,11,24,0,5,25,11,41,0,5,38,22,65,22,2,24,89
08/11/2004,STJ,MO,ACE,CE,Federal Contract Tower,0,0,15,11,26,0,0,24,0,24,0,0,39,11,50,10,4,14,64
08/12/2004,STJ,MO,ACE,CE,Federal Contract Tower,0,0,25,21,46,0,2,13,20,35,0,2,38,41,81,32,16,48,129
08/13/2004,STJ,MO,ACE,CE,Federal Contract Tower,0,0,15,13,28,0,0,42,2,44,0,0,57,15,72,15,0,15,87
08/14/2004,STJ,MO,ACE,CE,Federal Contract Tower,0,0,2,3,5,0,2,39,0,41,0,2,41,3,46,9,0,9,55
08/15/2004,STJ,MO,ACE,CE,Federal Contract Tower,0,0,8,6,14,0,2,60,0,62,0,2,68,6,76,8,0,8,84
08/16/2004,STJ,MO,ACE,CE,Federal Contract Tower,0,0,1,1,2,0,2,28,4,34,0,2,29,5,36,0,4,4,40
08/17/2004,STJ,MO,ACE,CE,Federal Contract Tower,0,0,14,11,25,0,2,25,5,32,0,2,39,16,57,28,12,40,97
08/18/2004,STJ,MO,ACE,CE,Federal Contract Tower,0,0,14,5,19,0,7,59,0,66,0,7,73,5,85,50,8,58,143
08/19/2004,STJ,MO,ACE,CE,Federal Contract Tower,0,0,24,19,43,0,2,3,21,26,0,2,27,40,69,32,42,74,143
08/20/2004,STJ,MO,ACE,CE,Federal Contract Tower,0,0,17,12,29,0,0,17,8,25,0,0,34,20,54,22,0,22,76
08/21/2004,STJ,MO,ACE,CE,Federal Contract Tower,0,0,5,0,5,0,1,58,0,59,0,1,63,0,64,64,0,64,128
08/22/2004,STJ,MO,ACE,CE,Federal Contract Tower,0,0,4,0,4,0,3,69,0,72,0,3,73,0,76,18,0,18,94
08/23/2004,STJ,MO,ACE,CE,Federal Contract Tower,0,0,7,0,7,0,2,8,0,10,0,2,15,0,17,0,0,0,17
08/24/2004,STJ,MO,ACE,CE,Federal Contract Tower,0,0,6,2,8,0,2,6,0,8,0,2,12,2,16,20,0,20,36
08/25/2004,STJ,MO,ACE,CE,Federal Contract Tower,0,0,5,3,8,0,1,18,8,27,0,1,23,11,35,24,18,42,77
08/26/2004,STJ,MO,ACE,CE,Federal Contract Tower,0,0,4,3,7,0,1,52,7,60,0,1,56,10,67,16,68,84,151
08/27/2004,STJ,MO,ACE,CE,Federal Contract Tower,0,0,9,5,14,0,1,18,0,19,0,1,27,5,33,18,32,50,83
08/28/2004,STJ,MO,ACE,CE,Federal Contract Tower,0,0,11,0,11,0,1,32,0,33,0,1,43,0,44,24,18,42,86
08/29/2004,STJ,MO,ACE,CE,Federal Contract Tower,0,0,5,0,5,0,1,51,0,52,0,1,56,0,57,38,0,38,95
08/30/2004,STJ,MO,ACE,CE,Federal Contract Tower,0,0,4,1,5,0,1,27,0,28,0,1,31,1,33,10,0,10,43
08/31/2004,STJ,MO,ACE,CE,Federal Contract Tower,0,0,7,4,11,0,0,35,2,37,0,0,42,6,48,35,48,83,131
09/01/2004,STJ,MO,ACE,CE,Federal Contract Tower,0,1,11,20,32,0,1,23,10,34,0,2,34,30,66,22,12,34,100
09/02/2004,STJ,MO,ACE,CE,Federal Contract Tower,0,0,15,27,42,0,0,23,0,23,0,0,38,27,65,10,22,32,97
09/03/2004,STJ,MO,ACE,CE,Federal Contract Tower,0,1,8,8,17,0,1,42,0,43,0,2,50,8,60,42,4,46,106
09/04/2004,STJ,MO,ACE,CE,Federal Contract Tower,0,1,1,0,2,0,1,73,0,74,0,2,74,0,76,20,0,20,96
09/05/2004,STJ,MO,ACE,CE,Federal Contract Tower,0,0,0,0,0,0,0,28,0,28,0,0,28,0,28,6,0,6,34
09/06/2004,STJ,MO,ACE,CE,Federal Contract Tower,0,1,1,0,2,0,1,39,0,40,0,2,40,0,42,41,0,41,83
09/07/2004,STJ,MO,ACE,CE,Federal Contract Tower,0,2,24,43,69,0,2,25,20,47,0,4,49,63,116,10,54,64,180
09/08/2004,STJ,MO,ACE,CE,Federal Contract Tower,0,1,6,11,18,0,1,60,16,77,0,2,66,27,95,22,38,60,155
09/09/2004,STJ,MO,ACE,CE,Federal Contract Tower,0,0,11,17,28,0,4,24,1,29,0,4,35,18,57,20,26,46,103
09/10/2004,STJ,MO,ACE,CE,Federal Contract Tower,0,0,6,8,14,0,2,35,1,38,0,2,41,9,52,19,24,43,95
09/11/2004,STJ,MO,ACE,CE,Federal Contract Tower,0,0,2,2,4,0,0,48,6,54,0,0,50,8,58,50,13,63,121
09/12/2004,STJ,MO,ACE,CE,Federal Contract Tower,0,0,0,0,0,0,0,44,5,49,0,0,44,5,49,58,5,63,112
09/13/2004,STJ,MO,ACE,CE,Federal Contract Tower,0,0,7,11,18,0,1,51,9,61,0,1,58,20,79,38,2,40,119
09/14/2004,STJ,MO,ACE,CE,Federal Contract Tower,0,0,17,28,45,0,1,18,25,44,0,1,35,53,89,2,48,50,139
09/15/2004,STJ,MO,ACE,CE,Federal Contract Tower,0,0,12,19,31,0,0,14,4,18,0,0,26,23,49,6,24,30,79
09/16/2004,STJ,MO,ACE,CE,Federal Contract Tower,0,0,11,12,23,0,0,88,0,88,0,0,99,12,111,20,4,24,135
09/17/2004,STJ,MO,ACE,CE,Federal Contract Tower,0,0,1,2,3,0,0,47,4,51,0,0,48,6,54,14,2,16,70
09/18/2004,STJ,MO,ACE,CE,Federal Contract Tower,0,0,1,2,3,0,0,19,3,22,0,0,20,5,25,34,0,34,59
09/19/2004,STJ,MO,ACE,CE,Federal Contract Tower,0,0,1,2,3,0,1,80,2,83,0,1,81,4,86,16,0,16,102
09/20/2004,STJ,MO,ACE,CE,Federal Contract Tower,0,0,1,2,3,0,0,52,2,54,0,0,53,4,57,34,0,34,91
09/21/2004,STJ,MO,ACE,CE,Federal Contract Tower,0,0,2,4,6,0,2,28,22,52,0,2,30,26,58,14,20,34,92
09/22/2004,STJ,MO,ACE,CE,Federal Contract Tower,0,0,6,12,18,0,4,81,17,102,0,4,87,29,120,13,21,34,154
09/23/2004,STJ,MO,ACE,CE,Federal Contract Tower,0,0,2,4,6,0,5,54,24,83,0,5,56,28,89,12,20,32,121
09/24/2004,STJ,MO,ACE,CE,Federal Contract Tower,0,0,6,12,18,0,21,49,8,78,0,21,55,20,96,60,16,76,172
09/25/2004,STJ,MO,ACE,CE,Federal Contract Tower,0,0,0,0,0,0,0,66,0,66,0,0,66,0,66,81,0,81,147
09/26/2004,STJ,MO,ACE,CE,Federal Contract Tower,0,0,0,0,0,0,2,83,0,85,0,2,83,0,85,34,0,34,119
09/27/2004,STJ,MO,ACE,CE,Federal Contract Tower,0,0,0,0,0,0,0,83,0,83,0,0,83,0,83,42,0,42,125
09/28/2004,STJ,MO,ACE,CE,Federal Contract Tower,0,0,3,6,9,0,3,50,22,75,0,3,53,28,84,26,14,40,124
09/29/2004,STJ,MO,ACE,CE,Federal Contract Tower,0,0,6,12,18,0,0,27,20,47,0,0,33,32,65,18,18,36,101
09/30/2004,STJ,MO,ACE,CE,Federal Contract Tower,0,0,2,6,8,0,1,35,13,49,0,1,37,19,57,26,16,42,99
10/01/2004,STJ,MO,ACE,CE,Federal Contract Tower,0,2,4,2,8,0,1,25,2,28,0,3,29,4,36,22,2,24,60
10/02/2004,STJ,MO,ACE,CE,Federal Contract Tower,0,0,5,8,13,0,7,57,12,76,0,7,62,20,89,78,0,78,167
10/03/2004,STJ,MO,ACE,CE,Federal Contract Tower,0,0,3,10,13,0,0,46,7,53,0,0,49,17,66,10,0,10,76
10/04/2004,STJ,MO,ACE,CE,Federal Contract Tower,0,0,1,24,25,0,0,21,0,21,0,0,22,24,46,28,18,46,92
10/05/2004,STJ,MO,ACE,CE,Federal Contract Tower,0,0,16,21,37,0,2,43,0,45,0,2,59,21,82,35,18,53,135
10/06/2004,STJ,MO,ACE,CE,Federal Contract Tower,0,0,6,11,17,0,6,28,2,36,0,6,34,13,53,36,22,58,111
10/07/2004,STJ,MO,ACE,CE,Federal Contract Tower,0,0,6,5,11,0,3,1,2,6,0,3,7,7,17,0,0,0,17
10/08/2004,STJ,MO,ACE,CE,Federal Contract Tower,0,0,20,1,21,0,3,45,0,48,0,3,65,1,69,16,0,16,85
10/09/2004,STJ,MO,ACE,CE,Federal Contract Tower,0,3,9,0,12,0,5,23,0,28,0,8,32,0,40,48,0,48,88
10/10/2004,STJ,MO,ACE,CE,Federal Contract Tower,0,1,5,0,6,0,4,40,0,44,0,5,45,0,50,22,0,22,72
10/11/2004,STJ,MO,ACE,CE,Federal Contract Tower,0,0,15,9,24,0,1,12,2,15,0,1,27,11,39,6,0,6,45
10/12/2004,STJ,MO,ACE,CE,Federal Contract Tower,0,0,26,7,33,0,0,0,0,0,0,0,26,7,33,0,0,0,33
10/13/2004,STJ,MO,ACE,CE,Federal Contract Tower,0,0,13,12,25,0,5,4,6,15,0,5,17,18,40,20,14,34,74
10/14/2004,STJ,MO,ACE,CE,Federal Contract Tower,0,0,4,17,21,0,0,30,17,47,0,0,34,34,68,22,12,34,102
10/15/2004,STJ,MO,ACE,CE,Federal Contract Tower,0,0,14,4,18,0,1,17,4,22,0,1,31,8,40,6,2,8,48
10/16/2004,STJ,MO,ACE,CE,Federal Contract Tower,0,0,3,1,4,0,2,59,2,63,0,2,62,3,67,32,0,32,99
10/17/2004,STJ,MO,ACE,CE,Federal Contract Tower,0,0,8,7,15,0,2,60,2,64,0,2,68,9,79,32,4,36,115
10/18/2004,STJ,MO,ACE,CE,Federal Contract Tower,0,0,9,0,9,0,0,13,0,13,0,0,22,0,22,30,0,30,52
10/19/2004,STJ,MO,ACE,CE,Federal Contract Tower,0,0,11,7,18,0,0,12,12,24,0,0,23,19,42,4,4,8,50
10/20/2004,STJ,MO,ACE,CE,Federal Contract Tower,0,0,9,13,22,0,1,1,2,4,0,1,10,15,26,0,0,0,26
10/21/2004,STJ,MO,ACE,CE,Federal Contract Tower,0,0,15,2,17,0,0,5,0,5,0,0,20,2,22,0,0,0,22
10/22/2004,STJ,MO,ACE,CE,Federal Contract Tower,0,0,6,0,6,0,1,12,0,13,0,1,18,0,19,6,0,6,25
10/23/2004,STJ,MO,ACE,CE,Federal Contract Tower,0,0,11,0,11,0,1,28,0,29,0,1,39,0,40,28,0,28,68
10/24/2004,STJ,MO,ACE,CE,Federal Contract Tower,0,0,6,1,7,0,2,49,0,51,0,2,55,1,58,8,0,8,66
10/25/2004,STJ,MO,ACE,CE,Federal Contract Tower,0,0,13,7,20,0,2,53,0,55,0,2,66,7,75,48,0,48,123
10/26/2004,STJ,MO,ACE,CE,Federal Contract Tower,0,0,15,9,24,0,0,3,0,3,0,0,18,9,27,0,4,4,31
10/27/2004,STJ,MO,ACE,CE,Federal Contract Tower,0,1,10,13,24,0,0,1,3,4,0,1,11,16,28,8,0,8,36
10/28/2004,STJ,MO,ACE,CE,Federal Contract Tower,0,0,9,10,19,0,1,10,4,15,0,1,19,14,34,24,0,24,58
10/29/2004,STJ,MO,ACE,CE,Federal Contract Tower,0,0,5,5,10,0,1,31,4,36,0,1,36,9,46,8,0,8,54
10/30/2004,STJ,MO,ACE,CE,Federal Contract Tower,0,0,4,4,8,0,1,17,0,18,0,1,21,4,26,6,7,13,39
10/31/2004,STJ,MO,ACE,CE,Federal Contract Tower,0,0,15,0,15,0,2,66,0,68,0,2,81,0,83,102,0,102,185
11/01/2004,STJ,MO,ACE,CE,Federal Contract Tower,0,0,20,2,22,0,0,17,0,17,0,0,37,2,39,4,0,4,43
11/02/2004,STJ,MO,ACE,CE,Federal Contract Tower,0,0,18,2,20,1,1,0,32,34,1,1,18,34,54,33,0,33,87
11/03/2004,STJ,MO,ACE,CE,Federal Contract Tower,0,0,15,5,20,0,4,7,0,11,0,4,22,5,31,0,0,0,31
11/04/2004,STJ,MO,ACE,CE,Federal Contract Tower,0,0,14,23,37,0,0,25,21,46,0,0,39,44,83,13,46,59,142
11/05/2004,STJ,MO,ACE,CE,Federal Contract Tower,0,6,8,1,15,0,2,42,1,45,0,8,50,2,60,38,0,38,98
11/06/2004,STJ,MO,ACE,CE,Federal Contract Tower,0,0,8,1,9,0,0,60,0,60,0,0,68,1,69,34,0,34,103
11/07/2004,STJ,MO,ACE,CE,Federal Contract Tower,0,0,2,4,6,0,5,80,1,86,0,5,82,5,92,70,0,70,162
11/08/2004,STJ,MO,ACE,CE,Federal Contract Tower,0,0,12,2,14,0,2,56,0,58,0,2,68,2,72,34,0,34,106
11/09/2004,STJ,MO,ACE,CE,Federal Contract Tower,0,0,10,16,26,0,1,31,13,45,0,1,41,29,71,61,26,87,158
11/10/2004,STJ,MO,ACE,CE,Federal Contract Tower,0,0,7,22,29,0,1,33,11,45,0,1,40,33,74,60,40,100,174
11/11/2004,STJ,MO,ACE,CE,Federal Contract Tower,0,0,23,1,24,0,1,18,3,22,0,1,41,4,46,20,0,20,66
11/12/2004,STJ,MO,ACE,CE,Federal Contract Tower,0,0,18,9,27,0,0,44,0,44,0,0,62,9,71,58,2,60,131
11/13/2004,STJ,MO,ACE,CE,Federal Contract Tower,0,0,19,0,19,0,0,42,6,48,0,0,61,6,67,58,2,60,127
11/14/2004,STJ,MO,ACE,CE,Federal Contract Tower,0,0,10,0,10,0,0,30,0,30,0,0,40,0,40,72,0,72,112
11/15/2004,STJ,MO,ACE,CE,Federal Contract Tower,0,0,15,0,15,0,1,17,12,30,0,1,32,12,45,8,0,8,53
11/16/2004,STJ,MO,ACE,CE,Federal Contract Tower,0,0,8,18,26,0,0,8,1,9,0,0,16,19,35,0,8,8,43
11/17/2004,STJ,MO,ACE,CE,Federal Contract Tower,0,2,10,35,47,0,2,48,57,107,0,4,58,92,154,12,44,56,210
11/18/2004,STJ,MO,ACE,CE,Federal Contract Tower,0,0,23,8,31,0,1,10,0,11,0,1,33,8,42,10,0,10,52
11/19/2004,STJ,MO,ACE,CE,Federal Contract Tower,0,0,12,4,16,0,1,2,1,4,0,1,14,5,20,24,0,24,44
11/20/2004,STJ,MO,ACE,CE,Federal Contract Tower,0,0,11,0,11,0,2,66,0,68,0,2,77,0,79,38,0,38,117
11/21/2004,STJ,MO,ACE,CE,Federal Contract Tower,0,0,9,2,11,0,0,20,0,20,0,0,29,2,31,124,0,124,155
11/22/2004,STJ,MO,ACE,CE,Federal Contract Tower,0,0,10,5,15,0,1,32,0,33,0,1,42,5,48,20,6,26,74
11/23/2004,STJ,MO,ACE,CE,Federal Contract Tower,0,0,13,33,46,0,1,26,6,33,0,1,39,39,79,12,74,86,165
11/24/2004,STJ,MO,ACE,CE,Federal Contract Tower,0,0,8,15,23,0,0,20,10,30,0,0,28,25,53,27,24,51,104
11/25/2004,STJ,MO,ACE,CE,Federal Contract Tower,0,0,0,0,0,0,0,29,0,29,0,0,29,0,29,4,0,4,33
11/26/2004,STJ,MO,ACE,CE,Federal Contract Tower,0,2,7,0,9,0,0,26,0,26,0,2,33,0,35,38,0,38,73
11/27/2004,STJ,MO,ACE,CE,Federal Contract Tower,0,0,2,0,2,0,0,8,0,8,0,0,10,0,10,0,0,0,10
11/28/2004,STJ,MO,ACE,CE,Federal Contract Tower,0,0,8,0,8,0,0,18,0,18,0,0,26,0,26,10,0,10,36
11/29/2004,STJ,MO,ACE,CE,Federal Contract Tower,0,0,10,0,10,0,0,0,0,0,0,0,10,0,10,0,0,0,10
11/30/2004,STJ,MO,ACE,CE,Federal Contract Tower,0,0,9,10,19,0,0,5,2,7,0,0,14,12,26,0,10,10,36
12/01/2004,STJ,MO,ACE,CE,Federal Contract Tower,0,0,15,10,25,0,5,67,32,104,0,5,82,42,129,38,20,58,187
12/02/2004,STJ,MO,ACE,CE,Federal Contract Tower,0,0,5,8,13,0,3,82,27,112,0,3,87,35,125,30,36,66,191
12/03/2004,STJ,MO,ACE,CE,Federal Contract Tower,0,0,9,6,15,0,0,33,0,33,0,0,42,6,48,42,0,42,90
12/04/2004,STJ,MO,ACE,CE,Federal Contract Tower,0,0,3,1,4,0,0,56,0,56,0,0,59,1,60,70,0,70,130
12/05/2004,STJ,MO,ACE,CE,Federal Contract Tower,0,0,2,0,2,0,0,30,0,30,0,0,32,0,32,36,0,36,68
12/06/2004,STJ,MO,ACE,CE,Federal Contract Tower,0,2,7,1,10,0,0,1,0,1,0,2,8,1,11,0,0,0,11
12/07/2004,STJ,MO,ACE,CE,Federal Contract Tower,0,0,10,21,31,0,2,27,0,29,0,2,37,21,60,52,34,86,146
12/08/2004,STJ,MO,ACE,CE,Federal Contract Tower,0,1,16,8,25,0,1,29,5,35,0,2,45,13,60,38,25,63,123
12/09/2004,STJ,MO,ACE,CE,Federal Contract Tower,0,0,10,10,20,0,0,36,0,36,0,0,46,10,56,74,2,76,132
12/10/2004,STJ,MO,ACE,CE,Federal Contract Tower,0,0,4,1,5,0,0,5,0,5,0,0,9,1,10,26,0,26,36
12/11/2004,STJ,MO,ACE,CE,Federal Contract Tower,0,0,2,0,2,0,0,27,0,27,0,0,29,0,29,80,0,80,109
12/12/2004,STJ,MO,ACE,CE,Federal Contract Tower,0,0,0,6,6,0,0,12,3,15,0,0,12,9,21,38,4,42,63
12/13/2004,STJ,MO,ACE,CE,Federal Contract Tower,0,0,2,2,4,1,2,9,0,12,1,2,11,2,16,0,2,2,18
12/14/2004,STJ,MO,ACE,CE,Federal Contract Tower,0,0,8,13,21,0,2,20,0,22,0,2,28,13,43,48,50,98,141
12/15/2004,STJ,MO,ACE,CE,Federal Contract Tower,0,2,4,23,29,0,1,23,13,37,0,3,27,36,66,4,48,52,118
12/16/2004,STJ,MO,ACE,CE,Federal Contract Tower,0,0,11,8,19,0,4,67,40,111,0,4,78,48,130,60,22,82,212
12/17/2004,STJ,MO,ACE,CE,Federal Contract Tower,0,0,3,5,8,0,2,27,5,34,0,2,30,10,42,40,0,40,82
12/18/2004,STJ,MO,ACE,CE,Federal Contract Tower,0,0,8,0,8,0,0,41,0,41,0,0,49,0,49,54,0,54,103
12/19/2004,STJ,MO,ACE,CE,Federal Contract Tower,0,0,5,2,7,0,0,31,1,32,0,0,36,3,39,42,0,42,81
12/20/2004,STJ,MO,ACE,CE,Federal Contract Tower,0,8,6,4,18,0,0,16,7,23,0,8,22,11,41,26,2,28,69
12/21/2004,STJ,MO,ACE,CE,Federal Contract Tower,0,0,13,32,45,0,1,21,2,24,0,1,34,34,69,34,66,100,169
12/22/2004,STJ,MO,ACE,CE,Federal Contract Tower,0,0,2,22,24,0,3,26,12,41,0,3,28,34,65,46,64,110,175
12/23/2004,STJ,MO,ACE,CE,Federal Contract Tower,0,0,4,0,4,0,1,35,0,36,0,1,39,0,40,28,0,28,68
12/24/2004,STJ,MO,ACE,CE,Federal Contract Tower,0,0,2,0,2,0,0,10,0,10,0,0,12,0,12,3,0,3,15
12/25/2004,STJ,MO,ACE,CE,Federal Contract Tower,0,0,0,0,0,0,0,20,0,20,0,0,20,0,20,30,0,30,50
12/26/2004,STJ,MO,ACE,CE,Federal Contract Tower,0,0,3,0,3,0,0,54,0,54,0,0,57,0,57,42,0,42,99
12/27/2004,STJ,MO,ACE,CE,Federal Contract Tower,0,0,6,0,6,0,1,29,0,30,0,1,35,0,36,42,0,42,78
12/28/2004,STJ,MO,ACE,CE,Federal Contract Tower,0,0,12,32,44,0,1,33,9,43,0,1,45,41,87,54,32,86,173
12/29/2004,STJ,MO,ACE,CE,Federal Contract Tower,0,0,20,7,27,0,2,28,18,48,0,2,48,25,75,62,2,64,139
12/30/2004,STJ,MO,ACE,CE,Federal Contract Tower,0,0,1,0,1,0,5,1,0,6,0,5,2,0,7,0,0,0,7
12/31/2004,STJ,MO,ACE,CE,Federal Contract Tower,0,0,5,1,6,0,3,67,0,70,0,3,72,1,76,103,0,103,179
01/01/2005,STJ,MO,ACE,CE,Federal Contract Tower,0,0,2,0,2,0,2,0,2,4,0,2,2,2,6,0,0,0,6
01/02/2005,STJ,MO,ACE,CE,Federal Contract Tower,0,0,2,0,2,0,0,0,0,0,0,0,2,0,2,1,0,1,3
01/03/2005,STJ,MO,ACE,CE,Federal Contract Tower,0,0,3,0,3,0,1,1,0,2,0,1,4,0,5,4,0,4,9
01/04/2005,STJ,MO,ACE,CE,Federal Contract Tower,0,2,0,0,2,0,0,5,0,5,0,2,5,0,7,0,0,0,7
01/05/2005,STJ,MO,ACE,CE,Federal Contract Tower,0,0,0,0,0,0,0,0,0,0,0,0,0,0,0,0,0,0,0
01/06/2005,STJ,MO,ACE,CE,Federal Contract Tower,0,0,1,0,1,0,2,12,0,14,0,2,13,0,15,0,0,0,15
01/07/2005,STJ,MO,ACE,CE,Federal Contract Tower,0,0,19,0,19,0,2,15,0,17,0,2,34,0,36,0,0,0,36
01/08/2005,STJ,MO,ACE,CE,Federal Contract Tower,0,0,4,2,6,0,0,16,0,16,0,0,20,2,22,5,0,5,27
01/09/2005,STJ,MO,ACE,CE,Federal Contract Tower,0,0,1,2,3,0,0,0,0,0,0,0,1,2,3,6,0,6,9
01/10/2005,STJ,MO,ACE,CE,Federal Contract Tower,0,0,7,1,8,0,0,0,0,0,0,0,7,1,8,0,0,0,8
01/11/2005,STJ,MO,ACE,CE,Federal Contract Tower,0,0,1,0,1,0,2,9,0,11,0,2,10,0,12,0,0,0,12
01/12/2005,STJ,MO,ACE,CE,Federal Contract Tower,0,0,1,0,1,0,0,0,0,0,0,0,1,0,1,6,0,6,7
01/13/2005,STJ,MO,ACE,CE,Federal Contract Tower,0,0,7,10,17,0,2,12,0,14,0,2,19,10,31,0,0,0,31
01/14/2005,STJ,MO,ACE,CE,Federal Contract Tower,0,0,7,2,9,0,1,13,0,14,0,1,20,2,23,31,0,31,54
01/15/2005,STJ,MO,ACE,CE,Federal Contract Tower,0,0,11,0,11,0,1,14,0,15,0,1,25,0,26,10,0,10,36
01/16/2005,STJ,MO,ACE,CE,Federal Contract Tower,0,0,4,0,4,0,0,26,0,26,0,0,30,0,30,21,0,21,51
01/17/2005,STJ,MO,ACE,CE,Federal Contract Tower,0,0,2,0,2,0,0,10,0,10,0,0,12,0,12,36,0,36,48
01/18/2005,STJ,MO,ACE,CE,Federal Contract Tower,0,0,7,23,30,1,0,24,7,32,1,0,31,30,62,8,15,23,85
01/19/2005,STJ,MO,ACE,CE,Federal Contract Tower,0,0,7,14,21,0,0,43,16,59,0,0,50,30,80,52,68,120,200
01/20/2005,STJ,MO,ACE,CE,Federal Contract Tower,0,0,18,19,37,0,2,41,16,59,0,2,59,35,96,16,54,70,166
01/21/2005,STJ,MO,ACE,CE,Federal Contract Tower,0,0,6,14,20,0,2,0,0,2,0,2,6,14,22,0,4,4,26
01/22/2005,STJ,MO,ACE,CE,Federal Contract Tower,0,0,1,0,1,0,0,2,0,2,0,0,3,0,3,0,0,0,3
01/23/2005,STJ,MO,ACE,CE,Federal Contract Tower,0,0,0,0,0,0,1,25,0,26,0,1,25,0,26,32,0,32,58
01/24/2005,STJ,MO,ACE,CE,Federal Contract Tower,0,0,29,3,32,0,3,38,1,42,0,3,67,4,74,44,2,46,120
01/25/2005,STJ,MO,ACE,CE,Federal Contract Tower,0,0,18,4,22,0,0,48,16,64,0,0,66,20,86,42,2,44,130
01/26/2005,STJ,MO,ACE,CE,Federal Contract Tower,0,0,11,1,12,0,5,14,3,22,0,5,25,4,34,3,46,49,83
01/27/2005,STJ,MO,ACE,CE,Federal Contract Tower,0,0,9,1,10,0,1,8,0,9,0,1,17,1,19,22,0,22,41
01/28/2005,STJ,MO,ACE,CE,Federal Contract Tower,0,0,3,3,6,0,0,27,2,29,0,0,30,5,35,39,2,41,76
01/29/2005,STJ,MO,ACE,CE,Federal Contract Tower,0,0,1,2,3,0,0,4,0,4,0,0,5,2,7,0,0,0,7
01/30/2005,STJ,MO,ACE,CE,Federal Contract Tower,0,0,4,1,5,0,0,2,0,2,0,0,6,1,7,28,0,28,35
01/31/2005,STJ,MO,ACE,CE,Federal Contract Tower,0,1,7,28,36,0,0,5,4,9,0,1,12,32,45,8,2,10,55
02/01/2005,STJ,MO,ACE,CE,Federal Contract Tower,0,0,11,11,22,0,1,7,0,8,0,1,18,11,30,38,0,38,68
02/02/2005,STJ,MO,ACE,CE,Federal Contract Tower,0,0,8,20,28,0,1,30,16,47,0,1,38,36,75,32,65,97,172
02/03/2005,STJ,MO,ACE,CE,Federal Contract Tower,0,0,8,9,17,0,1,26,0,27,0,1,34,9,44,72,0,72,116
02/04/2005,STJ,MO,ACE,CE,Federal Contract Tower,0,0,15,10,25,0,1,26,2,29,0,1,41,12,54,61,44,105,159
02/05/2005,STJ,MO,ACE,CE,Federal Contract Tower,0,0,6,2,8,0,0,33,0,33,0,0,39,2,41,24,0,24,65
02/06/2005,STJ,MO,ACE,CE,Federal Contract Tower,0,0,2,2,4,0,0,0,0,0,0,0,2,2,4,0,0,0,4
02/07/2005,STJ,MO,ACE,CE,Federal Contract Tower,0,0,2,9,11,0,1,12,2,15,0,1,14,11,26,3,14,17,43
02/08/2005,STJ,MO,ACE,CE,Federal Contract Tower,0,0,3,1,4,0,0,3,8,11,0,0,6,9,15,22,0,22,37
02/09/2005,STJ,MO,ACE,CE,Federal Contract Tower,0,0,15,18,33,0,0,8,10,18,0,0,23,28,51,34,54,88,139
02/10/2005,STJ,MO,ACE,CE,Federal Contract Tower,0,0,13,8,21,0,0,30,1,31,0,0,43,9,52,18,0,18,70
02/11/2005,STJ,MO,ACE,CE,Federal Contract Tower,0,0,10,15,25,0,0,27,18,45,0,0,37,33,70,8,41,49,119
02/12/2005,STJ,MO,ACE,CE,Federal Contract Tower,0,0,11,0,11,0,0,24,8,32,0,0,35,8,43,12,0,12,55
02/13/2005,STJ,MO,ACE,CE,Federal Contract Tower,0,0,8,4,12,0,0,0,0,0,0,0,8,4,12,0,0,0,12
02/14/2005,STJ,MO,ACE,CE,Federal Contract Tower,0,0,17,8,25,0,2,35,15,52,0,2,52,23,77,39,35,74,151
02/15/2005,STJ,MO,ACE,CE,Federal Contract Tower,0,0,17,3,20,0,0,37,5,42,0,0,54,8,62,24,0,24,86
02/16/2005,STJ,MO,ACE,CE,Federal Contract Tower,0,0,0,16,16,1,0,18,4,23,1,0,18,20,39,33,72,105,144
02/17/2005,STJ,MO,ACE,CE,Federal Contract Tower,0,0,10,10,20,0,6,53,7,66,0,6,63,17,86,52,0,52,138
02/18/2005,STJ,MO,ACE,CE,Federal Contract Tower,0,0,12,6,18,0,0,28,18,46,0,0,40,24,64,22,10,32,96
02/19/2005,STJ,MO,ACE,CE,Federal Contract Tower,0,1,18,2,21,0,2,1,0,3,0,3,19,2,24,0,0,0,24
02/20/2005,STJ,MO,ACE,CE,Federal Contract Tower,0,0,14,0,14,0,2,7,0,9,0,2,21,0,23,66,0,66,89
02/21/2005,STJ,MO,ACE,CE,Federal Contract Tower,0,0,22,2,24,0,2,12,0,14,0,2,34,2,38,34,0,34,72
02/22/2005,STJ,MO,ACE,CE,Federal Contract Tower,0,0,14,1,15,0,0,12,0,12,0,0,26,1,27,51,0,51,78
02/23/2005,STJ,MO,ACE,CE,Federal Contract Tower,0,0,8,10,18,0,1,12,5,18,0,1,20,15,36,50,46,96,132
02/24/2005,STJ,MO,ACE,CE,Federal Contract Tower,0,0,10,0,10,0,2,26,2,30,0,2,36,2,40,31,0,31,71
02/25/2005,STJ,MO,ACE,CE,Federal Contract Tower,0,0,2,19,21,0,0,44,0,44,0,0,46,19,65,91,9,100,165
02/26/2005,STJ,MO,ACE,CE,Federal Contract Tower,0,0,7,0,7,0,0,62,0,62,0,0,69,0,69,40,0,40,109
02/27/2005,STJ,MO,ACE,CE,Federal Contract Tower,0,0,1,0,1,0,2,0,0,2,0,2,1,0,3,21,0,21,24
02/28/2005,STJ,MO,ACE,CE,Federal Contract Tower,0,1,9,26,36,1,0,25,6,32,1,1,34,32,68,18,32,50,118
03/01/2005,STJ,MO,ACE,CE,Federal Contract Tower,0,0,11,1,12,0,0,7,0,7,0,0,18,1,19,16,12,28,47
03/02/2005,STJ,MO,ACE,CE,Federal Contract Tower,0,0,7,14,21,0,2,27,8,37,0,2,34,22,58,36,39,75,133
03/03/2005,STJ,MO,ACE,CE,Federal Contract Tower,0,0,12,2,14,0,1,13,2,16,0,1,25,4,30,78,0,78,108
03/04/2005,STJ,MO,ACE,CE,Federal Contract Tower,0,0,1,0,1,0,0,26,2,28,0,0,27,2,29,13,16,29,58
03/05/2005,STJ,MO,ACE,CE,Federal Contract Tower,0,0,5,0,5,0,1,44,0,45,0,1,49,0,50,46,0,46,96
03/06/2005,STJ,MO,ACE,CE,Federal Contract Tower,0,0,1,0,1,0,3,47,0,50,0,3,48,0,51,26,0,26,77
03/07/2005,STJ,MO,ACE,CE,Federal Contract Tower,0,0,9,8,17,0,2,6,20,28,0,2,15,28,45,6,26,32,77
03/08/2005,STJ,MO,ACE,CE,Federal Contract Tower,0,0,8,0,8,0,1,44,2,47,0,1,52,2,55,2,0,2,57
03/09/2005,STJ,MO,ACE,CE,Federal Contract Tower,0,0,7,15,22,0,1,16,6,23,0,1,23,21,45,18,51,69,114
03/10/2005,STJ,MO,ACE,CE,Federal Contract Tower,0,0,7,17,24,0,0,4,0,4,0,0,11,17,28,0,2,2,30
03/11/2005,STJ,MO,ACE,CE,Federal Contract Tower,0,0,4,7,11,0,0,33,7,40,0,0,37,14,51,0,5,5,56
03/12/2005,STJ,MO,ACE,CE,Federal Contract Tower,0,0,13,0,13,0,0,31,0,31,0,0,44,0,44,24,0,24,68
03/13/2005,STJ,MO,ACE,CE,Federal Contract Tower,0,0,6,0,6,0,0,36,2,38,0,0,42,2,44,58,4,62,106
03/14/2005,STJ,MO,ACE,CE,Federal Contract Tower,0,0,6,23,29,0,1,26,27,54,0,1,32,50,83,6,79,85,168
03/15/2005,STJ,MO,ACE,CE,Federal Contract Tower,0,0,18,26,44,0,0,35,0,35,0,0,53,26,79,15,10,25,104
03/16/2005,STJ,MO,ACE,CE,Federal Contract Tower,0,0,16,19,35,0,1,42,11,54,0,1,58,30,89,16,49,65,154
03/17/2005,STJ,MO,ACE,CE,Federal Contract Tower,0,0,16,2,18,0,1,12,4,17,0,1,28,6,35,21,0,21,56
03/18/2005,STJ,MO,ACE,CE,Federal Contract Tower,0,2,6,16,24,0,0,10,0,10,0,2,16,16,34,5,32,37,71
03/19/2005,STJ,MO,ACE,CE,Federal Contract Tower,0,2,6,1,9,0,1,28,0,29,0,3,34,1,38,22,0,22,60
03/20/2005,STJ,MO,ACE,CE,Federal Contract Tower,0,0,4,4,8,0,0,26,0,26,0,0,30,4,34,24,0,24,58
03/21/2005,STJ,MO,ACE,CE,Federal Contract Tower,0,0,4,6,10,0,2,2,0,4,0,2,6,6,14,0,4,4,18
03/22/2005,STJ,MO,ACE,CE,Federal Contract Tower,0,0,0,0,0,0,0,6,0,6,0,0,6,0,6,0,0,0,6
03/23/2005,STJ,MO,ACE,CE,Federal Contract Tower,0,0,22,24,46,0,2,23,15,40,0,2,45,39,86,42,43,85,171
03/24/2005,STJ,MO,ACE,CE,Federal Contract Tower,0,0,10,0,10,0,0,0,0,0,0,0,10,0,10,0,0,0,10
03/25/2005,STJ,MO,ACE,CE,Federal Contract Tower,0,0,9,9,18,0,0,0,16,16,0,0,9,25,34,0,0,0,34
03/26/2005,STJ,MO,ACE,CE,Federal Contract Tower,0,0,8,0,8,0,0,31,1,32,0,0,39,1,40,51,0,51,91
03/27/2005,STJ,MO,ACE,CE,Federal Contract Tower,0,0,6,0,6,0,0,31,0,31,0,0,37,0,37,62,0,62,99
03/28/2005,STJ,MO,ACE,CE,Federal Contract Tower,0,0,20,10,30,0,1,30,14,45,0,1,50,24,75,41,17,58,133
03/29/2005,STJ,MO,ACE,CE,Federal Contract Tower,0,0,9,2,11,0,0,25,0,25,0,0,34,2,36,30,0,30,66
03/30/2005,STJ,MO,ACE,CE,Federal Contract Tower,0,0,9,5,14,0,1,0,2,3,0,1,9,7,17,0,10,10,27
03/31/2005,STJ,MO,ACE,CE,Federal Contract Tower,0,0,25,2,27,0,1,28,0,29,0,1,53,2,56,26,0,26,82
04/01/2005,STJ,MO,ACE,CE,Federal Contract Tower,0,0,3,10,13,0,2,27,0,29,0,2,30,10,42,32,2,34,76
04/02/2005,STJ,MO,ACE,CE,Federal Contract Tower,0,0,7,1,8,0,7,26,16,49,0,7,33,17,57,16,8,24,81
04/03/2005,STJ,MO,ACE,CE,Federal Contract Tower,0,0,4,0,4,0,4,65,0,69,0,4,69,0,73,52,0,52,125
04/04/2005,STJ,MO,ACE,CE,Federal Contract Tower,0,0,7,24,31,0,1,21,27,49,0,1,28,51,80,2,54,56,136
04/05/2005,STJ,MO,ACE,CE,Federal Contract Tower,0,0,3,4,7,0,1,17,3,21,0,1,20,7,28,0,2,2,30
04/06/2005,STJ,MO,ACE,CE,Federal Contract Tower,0,0,11,18,29,1,1,22,2,26,1,1,33,20,55,9,8,17,72
04/07/2005,STJ,MO,ACE,CE,Federal Contract Tower,0,2,12,9,23,0,0,5,0,5,0,2,17,9,28,0,0,0,28
04/08/2005,STJ,MO,ACE,CE,Federal Contract Tower,0,3,5,17,25,0,0,31,0,31,0,3,36,17,56,92,10,102,158
04/09/2005,STJ,MO,ACE,CE,Federal Contract Tower,0,0,4,0,4,0,1,23,1,25,0,1,27,1,29,58,0,58,87
04/10/2005,STJ,MO,ACE,CE,Federal Contract Tower,0,0,0,0,0,0,0,6,5,11,0,0,6,5,11,15,7,22,33
04/11/2005,STJ,MO,ACE,CE,Federal Contract Tower,0,0,5,15,20,0,5,30,6,41,0,5,35,21,61,10,26,36,97
04/12/2005,STJ,MO,ACE,CE,Federal Contract Tower,0,0,27,3,30,0,1,37,0,38,0,1,64,3,68,24,0,24,92
04/13/2005,STJ,MO,ACE,CE,Federal Contract Tower,0,4,19,6,29,0,0,14,17,31,0,4,33,23,60,12,34,46,106
04/14/2005,STJ,MO,ACE,CE,Federal Contract Tower,0,0,9,14,23,0,1,50,20,71,0,1,59,34,94,36,30,66,160
04/15/2005,STJ,MO,ACE,CE,Federal Contract Tower,0,0,0,6,6,0,0,22,8,30,0,0,22,14,36,24,0,24,60
04/16/2005,STJ,MO,ACE,CE,Federal Contract Tower,0,0,6,0,6,0,1,52,0,53,0,1,58,0,59,22,0,22,81
04/17/2005,STJ,MO,ACE,CE,Federal Contract Tower,0,0,1,3,4,0,0,26,0,26,0,0,27,3,30,56,0,56,86
04/18/2005,STJ,MO,ACE,CE,Federal Contract Tower,0,0,8,19,27,0,1,6,0,7,0,1,14,19,34,8,49,57,91
04/19/2005,STJ,MO,ACE,CE,Federal Contract Tower,0,0,11,0,11,0,1,31,0,32,0,1,42,0,43,0,0,0,43
04/20/2005,STJ,MO,ACE,CE,Federal Contract Tower,0,0,20,11,31,0,0,30,11,41,0,0,50,22,72,20,32,52,124
04/21/2005,STJ,MO,ACE,CE,Federal Contract Tower,0,0,11,1,12,0,0,1,0,1,0,0,12,1,13,0,0,0,13
04/22/2005,STJ,MO,ACE,CE,Federal Contract Tower,0,0,9,0,9,0,1,11,0,12,0,1,20,0,21,2,4,6,27
04/23/2005,STJ,MO,ACE,CE,Federal Contract Tower,0,0,3,0,3,0,0,14,2,16,0,0,17,2,19,22,0,22,41
04/24/2005,STJ,MO,ACE,CE,Federal Contract Tower,0,0,5,3,8,0,1,42,0,43,0,1,47,3,51,39,0,39,90
04/25/2005,STJ,MO,ACE,CE,Federal Contract Tower,0,0,15,8,23,0,1,4,7,12,0,1,19,15,35,10,24,34,69
04/26/2005,STJ,MO,ACE,CE,Federal Contract Tower,0,0,13,10,23,0,1,26,1,28,0,1,39,11,51,42,0,42,93
04/27/2005,STJ,MO,ACE,CE,Federal Contract Tower,0,0,19,11,30,0,1,42,19,62,0,1,61,30,92,35,26,61,153
04/28/2005,STJ,MO,ACE,CE,Federal Contract Tower,0,0,19,3,22,0,1,6,0,7,0,1,25,3,29,8,0,8,37
04/29/2005,STJ,MO,ACE,CE,Federal Contract Tower,0,0,5,1,6,0,0,1,0,1,0,0,6,1,7,4,0,4,11
04/30/2005,STJ,MO,ACE,CE,Federal Contract Tower,0,0,3,2,5,0,0,49,0,49,0,0,52,2,54,24,0,24,78
05/01/2005,STJ,MO,ACE,CE,Federal Contract Tower,0,0,3,0,3,0,0,35,0,35,0,0,38,0,38,0,0,0,38
05/02/2005,STJ,MO,ACE,CE,Federal Contract Tower,0,0,13,13,26,0,0,19,11,30,0,0,32,24,56,38,26,64,120
05/03/2005,STJ,MO,ACE,CE,Federal Contract Tower,0,0,22,6,28,0,3,26,10,39,0,3,48,16,67,15,8,23,90
05/04/2005,STJ,MO,ACE,CE,Federal Contract Tower,0,0,24,3,27,0,0,44,12,56,0,0,68,15,83,14,60,74,157
05/05/2005,STJ,MO,ACE,CE,Federal Contract Tower,0,0,9,4,13,0,0,22,0,22,0,0,31,4,35,23,3,26,61
05/06/2005,STJ,MO,ACE,CE,Federal Contract Tower,0,0,14,22,36,0,1,26,0,27,0,1,40,22,63,31,12,43,106
05/07/2005,STJ,MO,ACE,CE,Federal Contract Tower,0,0,6,0,6,0,0,6,0,6,0,0,12,0,12,14,0,14,26
05/08/2005,STJ,MO,ACE,CE,Federal Contract Tower,0,0,4,4,8,0,0,9,0,9,0,0,13,4,17,0,0,0,17
05/09/2005,STJ,MO,ACE,CE,Federal Contract Tower,0,0,11,3,14,0,1,32,9,42,0,1,43,12,56,24,72,96,152
05/10/2005,STJ,MO,ACE,CE,Federal Contract Tower,0,0,5,2,7,0,1,24,0,25,0,1,29,2,32,12,0,12,44
05/11/2005,STJ,MO,ACE,CE,Federal Contract Tower,0,0,3,8,11,0,0,0,0,0,0,0,3,8,11,0,0,0,11
05/12/2005,STJ,MO,ACE,CE,Federal Contract Tower,0,0,11,1,12,0,0,2,0,2,0,0,13,1,14,0,0,0,14
05/13/2005,STJ,MO,ACE,CE,Federal Contract Tower,0,0,16,13,29,0,0,15,0,15,0,0,31,13,44,4,30,34,78
05/14/2005,STJ,MO,ACE,CE,Federal Contract Tower,0,0,0,4,4,0,0,12,4,16,0,0,12,8,20,34,0,34,54
05/15/2005,STJ,MO,ACE,CE,Federal Contract Tower,0,0,3,1,4,0,0,63,2,65,0,0,66,3,69,24,0,24,93
05/16/2005,STJ,MO,ACE,CE,Federal Contract Tower,0,0,10,8,18,0,1,43,27,71,0,1,53,35,89,38,22,60,149
05/17/2005,STJ,MO,ACE,CE,Federal Contract Tower,0,0,14,2,16,0,1,38,7,46,0,1,52,9,62,10,10,20,82
05/18/2005,STJ,MO,ACE,CE,Federal Contract Tower,0,0,18,7,25,0,2,16,29,47,0,2,34,36,72,2,8,10,82
05/19/2005,STJ,MO,ACE,CE,Federal Contract Tower,0,0,13,2,15,0,1,25,0,26,0,1,38,2,41,10,10,20,61
05/20/2005,STJ,MO,ACE,CE,Federal Contract Tower,0,0,3,18,21,0,5,52,16,73,0,5,55,34,94,16,64,80,174
05/21/2005,STJ,MO,ACE,CE,Federal Contract Tower,0,0,3,0,3,0,1,31,0,32,0,1,34,0,35,8,0,8,43
05/22/2005,STJ,MO,ACE,CE,Federal Contract Tower,0,0,3,2,5,0,0,36,0,36,0,0,39,2,41,10,0,10,51
05/23/2005,STJ,MO,ACE,CE,Federal Contract Tower,0,0,24,23,47,0,1,19,26,46,0,1,43,49,93,28,57,85,178
05/24/2005,STJ,MO,ACE,CE,Federal Contract Tower,0,0,8,4,12,0,1,26,5,32,0,1,34,9,44,6,2,8,52
05/25/2005,STJ,MO,ACE,CE,Federal Contract Tower,0,0,17,18,35,0,0,43,4,47,0,0,60,22,82,14,4,18,100
05/26/2005,STJ,MO,ACE,CE,Federal Contract Tower,0,0,18,20,38,0,3,71,0,74,0,3,89,20,112,10,8,18,130
05/27/2005,STJ,MO,ACE,CE,Federal Contract Tower,0,0,19,2,21,0,5,23,0,28,0,5,42,2,49,14,0,14,63
05/28/2005,STJ,MO,ACE,CE,Federal Contract Tower,0,0,1,0,1,0,1,75,0,76,0,1,76,0,77,48,0,48,125
05/29/2005,STJ,MO,ACE,CE,Federal Contract Tower,0,0,2,2,4,0,0,37,0,37,0,0,39,2,41,14,0,14,55
05/30/2005,STJ,MO,ACE,CE,Federal Contract Tower,0,0,6,2,8,0,2,35,0,37,0,2,41,2,45,52,2,54,99
05/31/2005,STJ,MO,ACE,CE,Federal Contract Tower,0,0,8,15,23,0,3,24,0,27,0,3,32,15,50,34,0,34,84
06/01/2005,STJ,MO,ACE,CE,Federal Contract Tower,0,0,12,9,21,0,2,42,17,61,0,2,54,26,82,13,48,61,143
06/02/2005,STJ,MO,ACE,CE,Federal Contract Tower,0,0,8,4,12,0,2,50,11,63,0,2,58,15,75,30,0,30,105
06/03/2005,STJ,MO,ACE,CE,Federal Contract Tower,0,0,8,0,8,1,1,3,0,5,1,1,11,0,13,25,0,25,38
06/04/2005,STJ,MO,ACE,CE,Federal Contract Tower,0,0,11,1,12,0,0,20,3,23,0,0,31,4,35,18,2,20,55
06/05/2005,STJ,MO,ACE,CE,Federal Contract Tower,0,0,9,6,15,0,2,28,3,33,0,2,37,9,48,18,2,20,68
06/06/2005,STJ,MO,ACE,CE,Federal Contract Tower,0,0,15,25,40,0,4,19,8,31,0,4,34,33,71,43,67,110,181
06/07/2005,STJ,MO,ACE,CE,Federal Contract Tower,0,0,6,10,16,0,0,20,2,22,0,0,26,12,38,22,0,22,60
06/08/2005,STJ,MO,ACE,CE,Federal Contract Tower,0,0,10,27,37,0,6,11,9,26,0,6,21,36,63,8,22,30,93
06/09/2005,STJ,MO,ACE,CE,Federal Contract Tower,0,0,12,3,15,0,2,29,4,35,0,2,41,7,50,18,0,18,68
06/10/2005,STJ,MO,ACE,CE,Federal Contract Tower,0,0,3,6,9,0,1,19,10,30,0,1,22,16,39,3,5,8,47
06/11/2005,STJ,MO,ACE,CE,Federal Contract Tower,0,1,6,1,8,0,0,26,1,27,0,1,32,2,35,34,0,34,69
06/12/2005,STJ,MO,ACE,CE,Federal Contract Tower,0,0,3,1,4,0,0,11,1,12,0,0,14,2,16,49,0,49,65
06/13/2005,STJ,MO,ACE,CE,Federal Contract Tower,0,0,14,2,16,1,1,35,33,70,1,1,49,35,86,34,62,96,182
06/14/2005,STJ,MO,ACE,CE,Federal Contract Tower,0,0,12,8,20,0,1,11,10,22,0,1,23,18,42,0,0,0,42
06/15/2005,STJ,MO,ACE,CE,Federal Contract Tower,0,0,15,23,38,0,4,88,23,115,0,4,103,46,153,37,102,139,292
06/16/2005,STJ,MO,ACE,CE,Federal Contract Tower,0,0,12,4,16,0,5,73,0,78,0,5,85,4,94,20,6,26,120
06/17/2005,STJ,MO,ACE,CE,Federal Contract Tower,0,0,3,18,21,0,1,34,8,43,0,1,37,26,64,10,24,34,98
06/18/2005,STJ,MO,ACE,CE,Federal Contract Tower,0,0,7,0,7,0,0,27,0,27,0,0,34,0,34,26,0,26,60
06/19/2005,STJ,MO,ACE,CE,Federal Contract Tower,0,0,6,7,13,0,0,50,2,52,0,0,56,9,65,16,0,16,81
06/20/2005,STJ,MO,ACE,CE,Federal Contract Tower,0,0,19,14,33,0,2,59,27,88,0,2,78,41,121,10,70,80,201
06/21/2005,STJ,MO,ACE,CE,Federal Contract Tower,0,0,7,0,7,0,1,43,0,44,0,1,50,0,51,4,0,4,55
06/22/2005,STJ,MO,ACE,CE,Federal Contract Tower,0,0,17,11,28,0,1,33,7,41,0,1,50,18,69,24,36,60,129
06/23/2005,STJ,MO,ACE,CE,Federal Contract Tower,0,2,15,4,21,0,0,37,0,37,0,2,52,4,58,2,0,2,60
06/24/2005,STJ,MO,ACE,CE,Federal Contract Tower,0,0,16,16,32,0,0,21,0,21,0,0,37,16,53,4,2,6,59
06/25/2005,STJ,MO,ACE,CE,Federal Contract Tower,0,2,2,0,4,0,2,42,0,44,0,4,44,0,48,5,0,5,53
06/26/2005,STJ,MO,ACE,CE,Federal Contract Tower,0,0,4,2,6,0,0,160,0,160,0,0,164,2,166,3,0,3,169
06/27/2005,STJ,MO,ACE,CE,Federal Contract Tower,0,0,16,5,21,0,2,25,19,46,0,2,41,24,67,15,26,41,108
06/28/2005,STJ,MO,ACE,CE,Federal Contract Tower,0,0,15,1,16,0,1,24,6,31,0,1,39,7,47,23,0,23,70
06/29/2005,STJ,MO,ACE,CE,Federal Contract Tower,0,0,25,4,29,0,5,57,25,87,0,5,82,29,116,26,62,88,204
06/30/2005,STJ,MO,ACE,CE,Federal Contract Tower,0,0,16,1,17,0,3,17,6,26,0,3,33,7,43,6,0,6,49
07/01/2005,STJ,MO,ACE,CE,Federal Contract Tower,0,4,11,2,17,0,3,56,0,59,0,7,67,2,76,8,0,8,84
07/02/2005,STJ,MO,ACE,CE,Federal Contract Tower,0,0,2,0,2,0,2,51,0,53,0,2,53,0,55,40,0,40,95
07/03/2005,STJ,MO,ACE,CE,Federal Contract Tower,0,0,4,1,5,0,1,22,0,23,0,1,26,1,28,0,0,0,28
07/04/2005,STJ,MO,ACE,CE,Federal Contract Tower,0,0,5,0,5,0,0,24,2,26,0,0,29,2,31,16,0,16,47
07/05/2005,STJ,MO,ACE,CE,Federal Contract Tower,0,0,11,0,11,0,0,28,0,28,0,0,39,0,39,10,0,10,49
07/06/2005,STJ,MO,ACE,CE,Federal Contract Tower,0,0,13,17,30,0,3,26,18,47,0,3,39,35,77,35,63,98,175
07/07/2005,STJ,MO,ACE,CE,Federal Contract Tower,0,0,11,11,22,0,5,62,0,67,0,5,73,11,89,28,16,44,133
07/08/2005,STJ,MO,ACE,CE,Federal Contract Tower,0,1,14,7,22,0,1,24,8,33,0,2,38,15,55,5,10,15,70
07/09/2005,STJ,MO,ACE,CE,Federal Contract Tower,0,0,3,3,6,0,1,57,23,81,0,1,60,26,87,24,6,30,117
07/10/2005,STJ,MO,ACE,CE,Federal Contract Tower,0,0,5,3,8,0,1,57,9,67,0,1,62,12,75,12,4,16,91
07/11/2005,STJ,MO,ACE,CE,Federal Contract Tower,0,0,15,10,25,2,0,47,24,73,2,0,62,34,98,38,58,96,194
07/12/2005,STJ,MO,ACE,CE,Federal Contract Tower,0,0,8,10,18,0,1,19,2,22,0,1,27,12,40,10,5,15,55
07/13/2005,STJ,MO,ACE,CE,Federal Contract Tower,0,0,14,21,35,0,1,26,31,58,0,1,40,52,93,4,66,70,163
07/14/2005,STJ,MO,ACE,CE,Federal Contract Tower,0,2,11,2,15,0,0,38,0,38,0,2,49,2,53,9,0,9,62
07/15/2005,STJ,MO,ACE,CE,Federal Contract Tower,0,0,8,16,24,0,4,34,2,40,0,4,42,18,64,10,20,30,94
07/16/2005,STJ,MO,ACE,CE,Federal Contract Tower,0,0,3,0,3,0,4,24,2,30,0,4,27,2,33,20,0,20,53
07/17/2005,STJ,MO,ACE,CE,Federal Contract Tower,0,0,5,3,8,0,2,43,1,46,0,2,48,4,54,11,2,13,67
07/18/2005,STJ,MO,ACE,CE,Federal Contract Tower,0,0,22,11,33,0,1,22,0,23,0,1,44,11,56,12,44,56,112
07/19/2005,STJ,MO,ACE,CE,Federal Contract Tower,0,0,16,1,17,0,4,41,1,46,0,4,57,2,63,0,0,0,63
07/20/2005,STJ,MO,ACE,CE,Federal Contract Tower,0,4,12,24,40,0,0,25,16,41,0,4,37,40,81,4,52,56,137
07/21/2005,STJ,MO,ACE,CE,Federal Contract Tower,0,0,16,22,38,0,0,41,4,45,0,0,57,26,83,8,0,8,91
07/22/2005,STJ,MO,ACE,CE,Federal Contract Tower,0,0,9,8,17,0,4,16,10,30,0,4,25,18,47,1,30,31,78
07/23/2005,STJ,MO,ACE,CE,Federal Contract Tower,0,0,6,0,6,0,0,20,0,20,0,0,26,0,26,14,0,14,40
07/24/2005,STJ,MO,ACE,CE,Federal Contract Tower,0,0,7,0,7,0,1,23,0,24,0,1,30,0,31,0,0,0,31
07/25/2005,STJ,MO,ACE,CE,Federal Contract Tower,0,0,15,5,20,0,5,15,5,25,0,5,30,10,45,0,20,20,65
07/26/2005,STJ,MO,ACE,CE,Federal Contract Tower,0,0,13,0,13,0,0,10,0,10,0,0,23,0,23,15,0,15,38
07/27/2005,STJ,MO,ACE,CE,Federal Contract Tower,0,0,16,27,43,0,2,49,25,76,0,2,65,52,119,40,54,94,213
07/28/2005,STJ,MO,ACE,CE,Federal Contract Tower,0,0,11,17,28,0,1,42,12,55,0,1,53,29,83,12,6,18,101
07/29/2005,STJ,MO,ACE,CE,Federal Contract Tower,0,0,10,10,20,0,0,36,15,51,0,0,46,25,71,12,28,40,111
07/30/2005,STJ,MO,ACE,CE,Federal Contract Tower,0,0,2,6,8,0,0,46,0,46,0,0,48,6,54,28,0,28,82
07/31/2005,STJ,MO,ACE,CE,Federal Contract Tower,0,0,1,0,1,0,1,35,0,36,0,1,36,0,37,16,0,16,53
08/01/2005,STJ,MO,ACE,CE,Federal Contract Tower,0,0,21,3,24,0,1,56,35,92,0,1,77,38,116,41,22,63,179
08/02/2005,STJ,MO,ACE,CE,Federal Contract Tower,0,0,24,8,32,0,2,41,15,58,0,2,65,23,90,14,0,14,104
08/03/2005,STJ,MO,ACE,CE,Federal Contract Tower,0,0,13,5,18,0,0,26,22,48,0,0,39,27,66,2,26,28,94
08/04/2005,STJ,MO,ACE,CE,Federal Contract Tower,0,3,8,2,13,0,1,34,0,35,0,4,42,2,48,4,0,4,52
08/05/2005,STJ,MO,ACE,CE,Federal Contract Tower,0,0,6,0,6,0,0,76,10,86,0,0,82,10,92,30,22,52,144
08/06/2005,STJ,MO,ACE,CE,Federal Contract Tower,0,0,5,0,5,0,1,56,7,64,0,1,61,7,69,9,14,23,92
08/07/2005,STJ,MO,ACE,CE,Federal Contract Tower,0,0,13,1,14,0,0,26,0,26,0,0,39,1,40,0,0,0,40
08/08/2005,STJ,MO,ACE,CE,Federal Contract Tower,0,0,16,7,23,0,2,31,13,46,0,2,47,20,69,34,38,72,141
08/09/2005,STJ,MO,ACE,CE,Federal Contract Tower,0,0,14,3,17,0,0,23,1,24,0,0,37,4,41,11,0,11,52
08/10/2005,STJ,MO,ACE,CE,Federal Contract Tower,0,0,14,9,23,0,4,24,18,46,0,4,38,27,69,20,44,64,133
08/11/2005,STJ,MO,ACE,CE,Federal Contract Tower,0,0,9,12,21,0,0,23,18,41,0,0,32,30,62,26,2,28,90
08/12/2005,STJ,MO,ACE,CE,Federal Contract Tower,0,0,13,33,46,0,0,15,3,18,0,0,28,36,64,10,8,18,82
08/13/2005,STJ,MO,ACE,CE,Federal Contract Tower,0,0,5,1,6,0,0,1,0,1,0,0,6,1,7,0,0,0,7
08/14/2005,STJ,MO,ACE,CE,Federal Contract Tower,0,0,5,3,8,0,0,34,0,34,0,0,39,3,42,41,0,41,83
08/15/2005,STJ,MO,ACE,CE,Federal Contract Tower,0,0,18,14,32,0,3,21,23,47,0,3,39,37,79,35,28,63,142
08/16/2005,STJ,MO,ACE,CE,Federal Contract Tower,0,0,14,11,25,0,0,21,0,21,0,0,35,11,46,16,6,22,68
08/17/2005,STJ,MO,ACE,CE,Federal Contract Tower,0,0,11,10,21,0,0,32,3,35,0,0,43,13,56,8,0,8,64
08/18/2005,STJ,MO,ACE,CE,Federal Contract Tower,0,0,5,8,13,0,0,26,0,26,0,0,31,8,39,6,0,6,45
08/19/2005,STJ,MO,ACE,CE,Federal Contract Tower,0,0,12,22,34,0,0,19,2,21,0,0,31,24,55,24,14,38,93
08/20/2005,STJ,MO,ACE,CE,Federal Contract Tower,0,0,10,11,21,0,0,0,0,0,0,0,10,11,21,57,0,57,78
08/21/2005,STJ,MO,ACE,CE,Federal Contract Tower,0,0,8,8,16,0,1,45,1,47,0,1,53,9,63,14,0,14,77
08/22/2005,STJ,MO,ACE,CE,Federal Contract Tower,0,0,25,9,34,0,0,41,35,76,0,0,66,44,110,5,18,23,133
08/23/2005,STJ,MO,ACE,CE,Federal Contract Tower,0,0,6,1,7,0,1,23,0,24,0,1,29,1,31,30,0,30,61
08/24/2005,STJ,MO,ACE,CE,Federal Contract Tower,0,2,11,28,41,0,0,1,9,10,0,2,12,37,51,4,2,6,57
08/25/2005,STJ,MO,ACE,CE,Federal Contract Tower,0,0,11,2,13,0,0,46,2,48,0,0,57,4,61,14,0,14,75
08/26/2005,STJ,MO,ACE,CE,Federal Contract Tower,0,0,9,4,13,0,2,10,5,17,0,2,19,9,30,6,6,12,42
08/27/2005,STJ,MO,ACE,CE,Federal Contract Tower,0,0,4,9,13,0,0,57,2,59,0,0,61,11,72,58,2,60,132
08/28/2005,STJ,MO,ACE,CE,Federal Contract Tower,0,0,5,13,18,0,2,90,0,92,0,2,95,13,110,10,0,10,120
08/29/2005,STJ,MO,ACE,CE,Federal Contract Tower,0,0,8,27,35,0,0,38,3,41,0,0,46,30,76,30,40,70,146
08/30/2005,STJ,MO,ACE,CE,Federal Contract Tower,0,0,16,12,28,0,3,31,2,36,0,3,47,14,64,6,0,6,70
08/31/2005,STJ,MO,ACE,CE,Federal Contract Tower,0,0,10,33,43,0,4,40,0,44,0,4,50,33,87,5,2,7,94
09/01/2005,STJ,MO,ACE,CE,Federal Contract Tower,0,0,19,3,22,0,1,44,9,54,0,1,63,12,76,8,0,8,84
09/02/2005,STJ,MO,ACE,CE,Federal Contract Tower,0,0,9,5,14,0,0,30,3,33,0,0,39,8,47,6,0,6,53
09/03/2005,STJ,MO,ACE,CE,Federal Contract Tower,0,0,12,6,18,0,1,22,1,24,0,1,34,7,42,4,0,4,46
09/04/2005,STJ,MO,ACE,CE,Federal Contract Tower,0,0,3,4,7,0,1,41,1,43,0,1,44,5,50,9,0,9,59
09/05/2005,STJ,MO,ACE,CE,Federal Contract Tower,0,0,6,0,6,0,0,28,0,28,0,0,34,0,34,38,0,38,72
09/06/2005,STJ,MO,ACE,CE,Federal Contract Tower,0,0,21,4,25,0,0,35,0,35,0,0,56,4,60,25,0,25,85
09/07/2005,STJ,MO,ACE,CE,Federal Contract Tower,0,2,8,23,33,0,0,17,3,20,0,2,25,26,53,4,0,4,57
09/08/2005,STJ,MO,ACE,CE,Federal Contract Tower,0,0,27,16,43,0,5,13,6,24,0,5,40,22,67,15,1,16,83
09/09/2005,STJ,MO,ACE,CE,Federal Contract Tower,0,0,13,5,18,0,0,47,7,54,0,0,60,12,72,14,0,14,86
09/10/2005,STJ,MO,ACE,CE,Federal Contract Tower,0,0,9,2,11,0,0,55,1,56,0,0,64,3,67,14,0,14,81
09/11/2005,STJ,MO,ACE,CE,Federal Contract Tower,0,0,3,9,12,0,3,87,8,98,0,3,90,17,110,26,0,26,136
09/12/2005,STJ,MO,ACE,CE,Federal Contract Tower,0,0,5,8,13,0,0,7,1,8,0,0,12,9,21,0,4,4,25
09/13/2005,STJ,MO,ACE,CE,Federal Contract Tower,0,0,18,7,25,0,2,32,2,36,0,2,50,9,61,11,2,13,74
09/14/2005,STJ,MO,ACE,CE,Federal Contract Tower,0,0,12,8,20,0,1,38,3,42,0,1,50,11,62,16,38,54,116
09/15/2005,STJ,MO,ACE,CE,Federal Contract Tower,0,0,14,4,18,0,0,2,0,2,0,0,16,4,20,0,0,0,20
09/16/2005,STJ,MO,ACE,CE,Federal Contract Tower,0,0,16,4,20,0,1,27,2,30,0,1,43,6,50,37,0,37,87
09/17/2005,STJ,MO,ACE,CE,Federal Contract Tower,0,0,4,5,9,0,1,43,4,48,0,1,47,9,57,8,0,8,65
09/18/2005,STJ,MO,ACE,CE,Federal Contract Tower,0,0,9,0,9,0,0,53,0,53,0,0,62,0,62,18,0,18,80
09/19/2005,STJ,MO,ACE,CE,Federal Contract Tower,0,0,11,7,18,0,0,14,13,27,0,0,25,20,45,15,10,25,70
09/20/2005,STJ,MO,ACE,CE,Federal Contract Tower,0,1,10,7,18,0,4,48,4,56,0,5,58,11,74,32,6,38,112
09/21/2005,STJ,MO,ACE,CE,Federal Contract Tower,0,1,11,9,21,0,2,32,32,66,0,3,43,41,87,12,30,42,129
09/22/2005,STJ,MO,ACE,CE,Federal Contract Tower,0,1,16,11,28,0,2,31,0,33,0,3,47,11,61,38,0,38,99
09/23/2005,STJ,MO,ACE,CE,Federal Contract Tower,0,0,14,11,25,0,0,12,0,12,0,0,26,11,37,0,0,0,37
09/24/2005,STJ,MO,ACE,CE,Federal Contract Tower,0,0,8,2,10,0,4,152,0,156,0,4,160,2,166,36,0,36,202
09/25/2005,STJ,MO,ACE,CE,Federal Contract Tower,0,0,5,2,7,0,3,27,0,30,0,3,32,2,37,30,0,30,67
09/26/2005,STJ,MO,ACE,CE,Federal Contract Tower,0,0,18,33,51,0,1,16,0,17,0,1,34,33,68,15,0,15,83
09/27/2005,STJ,MO,ACE,CE,Federal Contract Tower,0,1,27,21,49,0,0,32,3,35,0,1,59,24,84,14,0,14,98
09/28/2005,STJ,MO,ACE,CE,Federal Contract Tower,0,0,10,1,11,0,2,5,0,7,0,2,15,1,18,6,0,6,24
09/29/2005,STJ,MO,ACE,CE,Federal Contract Tower,0,0,13,3,16,0,1,43,8,52,0,1,56,11,68,20,0,20,88
09/30/2005,STJ,MO,ACE,CE,Federal Contract Tower,0,0,31,1,32,0,2,16,0,18,0,2,47,1,50,6,0,6,56
10/01/2005,STJ,MO,ACE,CE,Federal Contract Tower,0,0,4,2,6,0,1,45,2,48,0,1,49,4,54,16,2,18,72
10/02/2005,STJ,MO,ACE,CE,Federal Contract Tower,0,0,6,0,6,0,1,16,0,17,0,1,22,0,23,8,0,8,31
10/03/2005,STJ,MO,ACE,CE,Federal Contract Tower,0,0,10,13,23,0,1,25,45,71,0,1,35,58,94,8,18,26,120
10/04/2005,STJ,MO,ACE,CE,Federal Contract Tower,0,0,11,0,11,0,0,35,0,35,0,0,46,0,46,18,0,18,64
10/05/2005,STJ,MO,ACE,CE,Federal Contract Tower,0,0,12,29,41,0,0,18,15,33,0,0,30,44,74,30,76,106,180
10/06/2005,STJ,MO,ACE,CE,Federal Contract Tower,0,0,15,2,17,0,1,32,0,33,0,1,47,2,50,14,0,14,64
10/07/2005,STJ,MO,ACE,CE,Federal Contract Tower,0,0,10,8,18,0,1,45,16,62,0,1,55,24,80,8,34,42,122
10/08/2005,STJ,MO,ACE,CE,Federal Contract Tower,0,0,6,2,8,0,2,40,1,43,0,2,46,3,51,40,0,40,91
10/09/2005,STJ,MO,ACE,CE,Federal Contract Tower,0,0,5,1,6,0,2,66,2,70,0,2,71,3,76,20,0,20,96
10/10/2005,STJ,MO,ACE,CE,Federal Contract Tower,0,1,2,4,7,0,0,36,1,37,0,1,38,5,44,12,0,12,56
10/11/2005,STJ,MO,ACE,CE,Federal Contract Tower,0,0,10,16,26,0,1,28,0,29,0,1,38,16,55,4,8,12,67
10/12/2005,STJ,MO,ACE,CE,Federal Contract Tower,0,0,10,12,22,0,3,65,16,84,0,3,75,28,106,14,41,55,161
10/13/2005,STJ,MO,ACE,CE,Federal Contract Tower,0,0,16,0,16,0,0,49,0,49,0,0,65,0,65,18,0,18,83
10/14/2005,STJ,MO,ACE,CE,Federal Contract Tower,0,0,24,28,52,0,1,19,0,20,0,1,43,28,72,4,66,70,142
10/15/2005,STJ,MO,ACE,CE,Federal Contract Tower,0,0,4,2,6,0,0,48,2,50,0,0,52,4,56,18,0,18,74
10/16/2005,STJ,MO,ACE,CE,Federal Contract Tower,0,1,6,0,7,0,0,44,0,44,0,1,50,0,51,6,0,6,57
10/17/2005,STJ,MO,ACE,CE,Federal Contract Tower,0,0,13,16,29,0,6,32,42,80,0,6,45,58,109,34,30,64,173
10/18/2005,STJ,MO,ACE,CE,Federal Contract Tower,0,0,20,0,20,0,3,49,1,53,0,3,69,1,73,32,0,32,105
10/19/2005,STJ,MO,ACE,CE,Federal Contract Tower,0,0,14,4,18,0,1,18,2,21,0,1,32,6,39,1,14,15,54
10/20/2005,STJ,MO,ACE,CE,Federal Contract Tower,0,0,5,4,9,0,0,3,0,3,0,0,8,4,12,0,0,0,12
10/21/2005,STJ,MO,ACE,CE,Federal Contract Tower,0,0,13,24,37,0,2,50,21,73,0,2,63,45,110,20,2,22,132
10/22/2005,STJ,MO,ACE,CE,Federal Contract Tower,0,0,7,0,7,0,0,22,0,22,0,0,29,0,29,19,0,19,48
10/23/2005,STJ,MO,ACE,CE,Federal Contract Tower,0,0,6,9,15,0,1,42,0,43,0,1,48,9,58,46,0,46,104
10/24/2005,STJ,MO,ACE,CE,Federal Contract Tower,0,0,21,14,35,0,0,26,34,60,0,0,47,48,95,12,40,52,147
10/25/2005,STJ,MO,ACE,CE,Federal Contract Tower,0,0,16,2,18,0,0,39,0,39,0,0,55,2,57,38,0,38,95
10/26/2005,STJ,MO,ACE,CE,Federal Contract Tower,0,0,22,20,42,0,0,65,20,85,0,0,87,40,127,28,37,65,192
10/27/2005,STJ,MO,ACE,CE,Federal Contract Tower,0,0,13,10,23,0,1,62,1,64,0,1,75,11,87,20,0,20,107
10/28/2005,STJ,MO,ACE,CE,Federal Contract Tower,0,0,22,15,37,0,1,72,22,95,0,1,94,37,132,20,52,72,204
10/29/2005,STJ,MO,ACE,CE,Federal Contract Tower,0,0,5,0,5,0,0,40,0,40,0,0,45,0,45,70,0,70,115
10/30/2005,STJ,MO,ACE,CE,Federal Contract Tower,0,0,12,7,19,0,0,20,0,20,0,0,32,7,39,18,0,18,57
10/31/2005,STJ,MO,ACE,CE,Federal Contract Tower,0,0,8,18,26,0,0,10,26,36,0,0,18,44,62,8,0,8,70
11/01/2005,STJ,MO,ACE,CE,Federal Contract Tower,0,0,19,7,26,0,0,27,8,35,0,0,46,15,61,26,8,34,95
11/02/2005,STJ,MO,ACE,CE,Federal Contract Tower,0,0,17,36,53,0,5,23,25,53,0,5,40,61,106,21,16,37,143
11/03/2005,STJ,MO,ACE,CE,Federal Contract Tower,0,0,19,1,20,0,4,32,2,38,0,4,51,3,58,28,0,28,86
11/04/2005,STJ,MO,ACE,CE,Federal Contract Tower,0,0,7,0,7,0,2,39,0,41,0,2,46,0,48,44,0,44,92
11/05/2005,STJ,MO,ACE,CE,Federal Contract Tower,0,0,7,2,9,0,0,49,7,56,0,0,56,9,65,36,0,36,101
11/06/2005,STJ,MO,ACE,CE,Federal Contract Tower,0,0,12,6,18,0,0,51,1,52,0,0,63,7,70,66,0,66,136
11/07/2005,STJ,MO,ACE,CE,Federal Contract Tower,0,0,11,13,24,0,0,49,19,68,0,0,60,32,92,10,6,16,108
11/08/2005,STJ,MO,ACE,CE,Federal Contract Tower,0,2,14,4,20,0,2,51,4,57,0,4,65,8,77,46,2,48,125
11/09/2005,STJ,MO,ACE,CE,Federal Contract Tower,0,0,13,22,35,0,1,13,57,71,0,1,26,79,106,4,20,24,130
11/10/2005,STJ,MO,ACE,CE,Federal Contract Tower,0,2,22,9,33,0,0,56,3,59,0,2,78,12,92,30,0,30,122
11/11/2005,STJ,MO,ACE,CE,Federal Contract Tower,2,0,6,1,9,0,0,17,4,21,2,0,23,5,30,12,0,12,42
11/12/2005,STJ,MO,ACE,CE,Federal Contract Tower,0,0,1,0,1,0,2,2,0,4,0,2,3,0,5,0,0,0,5
11/13/2005,STJ,MO,ACE,CE,Federal Contract Tower,0,0,9,1,10,0,0,55,2,57,0,0,64,3,67,79,0,79,146
11/14/2005,STJ,MO,ACE,CE,Federal Contract Tower,0,0,15,13,28,0,1,10,2,13,0,1,25,15,41,14,6,20,61
11/15/2005,STJ,MO,ACE,CE,Federal Contract Tower,0,0,8,0,8,0,0,0,0,0,0,0,8,0,8,0,0,0,8
11/16/2005,STJ,MO,ACE,CE,Federal Contract Tower,0,0,21,8,29,0,1,27,30,58,0,1,48,38,87,16,52,68,155
11/17/2005,STJ,MO,ACE,CE,Federal Contract Tower,0,0,4,0,4,0,0,23,0,23,0,0,27,0,27,14,0,14,41
11/18/2005,STJ,MO,ACE,CE,Federal Contract Tower,0,0,3,16,19,0,0,66,25,91,0,0,69,41,110,42,20,62,172
11/19/2005,STJ,MO,ACE,CE,Federal Contract Tower,0,0,6,0,6,0,1,28,4,33,0,1,34,4,39,26,0,26,65
11/20/2005,STJ,MO,ACE,CE,Federal Contract Tower,0,2,2,0,4,0,0,34,0,34,0,2,36,0,38,31,0,31,69
11/21/2005,STJ,MO,ACE,CE,Federal Contract Tower,0,0,22,12,34,0,3,57,9,69,0,3,79,21,103,20,44,64,167
11/22/2005,STJ,MO,ACE,CE,Federal Contract Tower,0,0,11,18,29,0,0,12,14,26,0,0,23,32,55,36,29,65,120
11/23/2005,STJ,MO,ACE,CE,Federal Contract Tower,0,0,22,0,22,0,0,41,0,41,0,0,63,0,63,20,0,20,83
11/24/2005,STJ,MO,ACE,CE,Federal Contract Tower,0,0,0,0,0,0,0,9,0,9,0,0,9,0,9,26,0,26,35
11/25/2005,STJ,MO,ACE,CE,Federal Contract Tower,0,0,4,0,4,0,0,48,0,48,0,0,52,0,52,26,0,26,78
11/26/2005,STJ,MO,ACE,CE,Federal Contract Tower,0,0,3,0,3,0,0,35,2,37,0,0,38,2,40,38,0,38,78
11/27/2005,STJ,MO,ACE,CE,Federal Contract Tower,0,0,4,0,4,0,0,0,0,0,0,0,4,0,4,2,0,2,6
11/28/2005,STJ,MO,ACE,CE,Federal Contract Tower,0,0,8,0,8,0,1,5,0,6,0,1,13,0,14,0,0,0,14
11/29/2005,STJ,MO,ACE,CE,Federal Contract Tower,0,0,16,0,16,0,0,22,0,22,0,0,38,0,38,12,0,12,50
11/30/2005,STJ,MO,ACE,CE,Federal Contract Tower,0,0,13,34,47,0,7,28,41,76,0,7,41,75,123,24,24,48,171
12/01/2005,STJ,MO,ACE,CE,Federal Contract Tower,0,0,8,1,9,0,2,16,0,18,0,2,24,1,27,14,0,14,41
12/02/2005,STJ,MO,ACE,CE,Federal Contract Tower,2,0,1,32,35,0,0,33,10,43,2,0,34,42,78,23,24,47,125
12/03/2005,STJ,MO,ACE,CE,Federal Contract Tower,0,0,5,15,20,0,3,19,10,32,0,3,24,25,52,32,10,42,94
12/04/2005,STJ,MO,ACE,CE,Federal Contract Tower,0,0,4,1,5,0,2,21,7,30,0,2,25,8,35,19,4,23,58
12/05/2005,STJ,MO,ACE,CE,Federal Contract Tower,0,0,4,16,20,0,2,19,31,52,0,2,23,47,72,6,10,16,88
12/06/2005,STJ,MO,ACE,CE,Federal Contract Tower,0,0,19,13,32,0,2,8,0,10,0,2,27,13,42,30,4,34,76
12/07/2005,STJ,MO,ACE,CE,Federal Contract Tower,0,0,2,1,3,0,0,0,0,0,0,0,2,1,3,0,0,0,3
12/08/2005,STJ,MO,ACE,CE,Federal Contract Tower,2,1,7,0,10,0,3,5,0,8,2,4,12,0,18,0,0,0,18
12/09/2005,STJ,MO,ACE,CE,Federal Contract Tower,0,0,9,0,9,0,1,11,0,12,0,1,20,0,21,11,0,11,32
12/10/2005,STJ,MO,ACE,CE,Federal Contract Tower,0,0,6,0,6,0,2,16,0,18,0,2,22,0,24,8,0,8,32
12/11/2005,STJ,MO,ACE,CE,Federal Contract Tower,0,0,17,2,19,0,0,39,0,39,0,0,56,2,58,16,0,16,74
12/12/2005,STJ,MO,ACE,CE,Federal Contract Tower,0,0,23,6,29,0,3,30,19,52,0,3,53,25,81,32,38,70,151
12/13/2005,STJ,MO,ACE,CE,Federal Contract Tower,0,0,13,4,17,0,0,33,14,47,0,0,46,18,64,20,0,20,84
12/14/2005,STJ,MO,ACE,CE,Federal Contract Tower,0,0,8,33,41,0,1,13,29,43,0,1,21,62,84,6,30,36,120
12/15/2005,STJ,MO,ACE,CE,Federal Contract Tower,0,1,14,7,22,0,1,8,0,9,0,2,22,7,31,26,0,26,57
12/16/2005,STJ,MO,ACE,CE,Federal Contract Tower,0,0,15,13,28,0,1,35,40,76,0,1,50,53,104,14,32,46,150
12/17/2005,STJ,MO,ACE,CE,Federal Contract Tower,0,0,0,0,0,0,0,0,0,0,0,0,0,0,0,0,0,0,0
12/18/2005,STJ,MO,ACE,CE,Federal Contract Tower,0,0,2,2,4,0,0,13,0,13,0,0,15,2,17,29,0,29,46
12/19/2005,STJ,MO,ACE,CE,Federal Contract Tower,0,2,5,12,19,0,5,35,4,44,0,7,40,16,63,16,2,18,81
12/20/2005,STJ,MO,ACE,CE,Federal Contract Tower,0,0,20,30,50,0,0,25,11,36,0,0,45,41,86,52,22,74,160
12/21/2005,STJ,MO,ACE,CE,Federal Contract Tower,0,0,14,18,32,0,4,11,17,32,0,4,25,35,64,9,38,47,111
12/22/2005,STJ,MO,ACE,CE,Federal Contract Tower,0,0,18,1,19,0,0,44,2,46,0,0,62,3,65,40,0,40,105
12/23/2005,STJ,MO,ACE,CE,Federal Contract Tower,0,0,3,4,7,0,0,29,2,31,0,0,32,6,38,20,12,32,70
12/24/2005,STJ,MO,ACE,CE,Federal Contract Tower,0,0,0,0,0,0,0,0,0,0,0,0,0,0,0,0,0,0,0
12/25/2005,STJ,MO,ACE,CE,Federal Contract Tower,0,0,0,0,0,0,1,13,0,14,0,1,13,0,14,0,0,0,14
12/26/2005,STJ,MO,ACE,CE,Federal Contract Tower,0,4,4,0,8,0,1,81,0,82,0,5,85,0,90,54,0,54,144
12/27/2005,STJ,MO,ACE,CE,Federal Contract Tower,0,0,9,0,9,0,0,54,0,54,0,0,63,0,63,20,0,20,83
12/28/2005,STJ,MO,ACE,CE,Federal Contract Tower,0,0,26,12,38,0,1,9,13,23,0,1,35,25,61,18,16,34,95
12/29/2005,STJ,MO,ACE,CE,Federal Contract Tower,0,1,16,8,25,0,0,18,3,21,0,1,34,11,46,6,19,25,71
12/30/2005,STJ,MO,ACE,CE,Federal Contract Tower,0,2,15,0,17,0,0,28,0,28,0,2,43,0,45,18,0,18,63
12/31/2005,STJ,MO,ACE,CE,Federal Contract Tower,0,0,19,0,19,0,0,58,0,58,0,0,77,0,77,52,0,52,129
01/01/2006,STJ,MO,ACE,CE,Federal Contract Tower,0,0,3,0,3,0,0,15,0,15,0,0,18,0,18,50,0,50,68
01/02/2006,STJ,MO,ACE,CE,Federal Contract Tower,0,0,5,0,5,0,2,0,0,2,0,2,5,0,7,0,0,0,7
01/03/2006,STJ,MO,ACE,CE,Federal Contract Tower,0,0,27,2,29,0,3,13,0,16,0,3,40,2,45,16,0,16,61
01/04/2006,STJ,MO,ACE,CE,Federal Contract Tower,0,0,13,10,23,0,1,28,24,53,0,1,41,34,76,20,40,60,136
01/05/2006,STJ,MO,ACE,CE,Federal Contract Tower,0,0,9,0,9,0,2,19,0,21,0,2,28,0,30,50,0,50,80
01/06/2006,STJ,MO,ACE,CE,Federal Contract Tower,0,0,9,22,31,0,0,26,7,33,0,0,35,29,64,19,16,35,99
01/07/2006,STJ,MO,ACE,CE,Federal Contract Tower,0,0,4,0,4,0,0,89,0,89,0,0,93,0,93,88,0,88,181
01/08/2006,STJ,MO,ACE,CE,Federal Contract Tower,0,0,1,4,5,0,2,24,0,26,0,2,25,4,31,12,0,12,43
01/09/2006,STJ,MO,ACE,CE,Federal Contract Tower,0,0,27,15,42,0,0,8,20,28,0,0,35,35,70,2,22,24,94
01/10/2006,STJ,MO,ACE,CE,Federal Contract Tower,0,0,13,0,13,0,0,30,0,30,0,0,43,0,43,4,0,4,47
01/11/2006,STJ,MO,ACE,CE,Federal Contract Tower,0,0,24,4,28,0,2,47,38,87,0,2,71,42,115,14,36,50,165
01/12/2006,STJ,MO,ACE,CE,Federal Contract Tower,0,0,19,0,19,0,0,30,0,30,0,0,49,0,49,26,0,26,75
01/13/2006,STJ,MO,ACE,CE,Federal Contract Tower,0,0,8,14,22,0,0,9,4,13,0,0,17,18,35,4,12,16,51
01/14/2006,STJ,MO,ACE,CE,Federal Contract Tower,0,0,6,0,6,0,1,61,0,62,0,1,67,0,68,42,0,42,110
01/15/2006,STJ,MO,ACE,CE,Federal Contract Tower,0,0,4,0,4,0,4,24,0,28,0,4,28,0,32,22,0,22,54
01/16/2006,STJ,MO,ACE,CE,Federal Contract Tower,0,0,18,0,18,0,2,2,0,4,0,2,20,0,22,7,0,7,29
01/17/2006,STJ,MO,ACE,CE,Federal Contract Tower,0,1,13,9,23,0,1,21,1,23,0,2,34,10,46,4,10,14,60
01/18/2006,STJ,MO,ACE,CE,Federal Contract Tower,0,0,5,13,18,0,1,35,17,53,0,1,40,30,71,13,58,71,142
01/19/2006,STJ,MO,ACE,CE,Federal Contract Tower,0,6,22,3,31,0,1,34,3,38,0,7,56,6,69,26,0,26,95
01/20/2006,STJ,MO,ACE,CE,Federal Contract Tower,0,0,3,3,6,0,0,2,0,2,0,0,5,3,8,0,0,0,8
01/21/2006,STJ,MO,ACE,CE,Federal Contract Tower,0,0,4,0,4,0,1,11,0,12,0,1,15,0,16,12,0,12,28
01/22/2006,STJ,MO,ACE,CE,Federal Contract Tower,0,0,7,0,7,0,0,24,0,24,0,0,31,0,31,72,0,72,103
01/23/2006,STJ,MO,ACE,CE,Federal Contract Tower,0,0,20,30,50,1,3,3,6,13,1,3,23,36,63,14,40,54,117
01/24/2006,STJ,MO,ACE,CE,Federal Contract Tower,0,2,11,0,13,0,0,19,0,19,0,2,30,0,32,10,0,10,42
01/25/2006,STJ,MO,ACE,CE,Federal Contract Tower,0,0,23,10,33,0,3,44,0,47,0,3,67,10,80,50,13,63,143
01/26/2006,STJ,MO,ACE,CE,Federal Contract Tower,0,0,14,2,16,0,4,27,0,31,0,4,41,2,47,6,0,6,53
01/27/2006,STJ,MO,ACE,CE,Federal Contract Tower,0,0,14,24,38,0,2,40,1,43,0,2,54,25,81,18,50,68,149
01/28/2006,STJ,MO,ACE,CE,Federal Contract Tower,0,0,4,0,4,0,0,0,0,0,0,0,4,0,4,0,0,0,4
01/29/2006,STJ,MO,ACE,CE,Federal Contract Tower,0,4,12,0,16,0,0,42,0,42,0,4,54,0,58,52,0,52,110
01/30/2006,STJ,MO,ACE,CE,Federal Contract Tower,0,0,18,5,23,0,1,24,22,47,0,1,42,27,70,2,44,46,116
01/31/2006,STJ,MO,ACE,CE,Federal Contract Tower,0,0,7,1,8,0,2,38,0,40,0,2,45,1,48,18,0,18,66
02/01/2006,STJ,MO,ACE,CE,Federal Contract Tower,0,1,39,29,69,0,1,33,25,59,0,2,72,54,128,34,36,70,198
02/02/2006,STJ,MO,ACE,CE,Federal Contract Tower,0,0,25,12,37,0,1,41,7,49,0,1,66,19,86,10,8,18,104
02/03/2006,STJ,MO,ACE,CE,Federal Contract Tower,0,0,14,20,34,0,2,28,0,30,0,2,42,20,64,18,8,26,90
02/04/2006,STJ,MO,ACE,CE,Federal Contract Tower,0,0,7,0,7,0,0,22,0,22,0,0,29,0,29,16,0,16,45
02/05/2006,STJ,MO,ACE,CE,Federal Contract Tower,0,0,7,3,10,0,0,29,2,31,0,0,36,5,41,20,0,20,61
02/06/2006,STJ,MO,ACE,CE,Federal Contract Tower,0,2,8,4,14,0,1,33,8,42,0,3,41,12,56,0,6,6,62
02/07/2006,STJ,MO,ACE,CE,Federal Contract Tower,0,0,15,4,19,0,1,31,0,32,0,1,46,4,51,0,0,0,51
02/08/2006,STJ,MO,ACE,CE,Federal Contract Tower,0,0,21,15,36,0,2,23,14,39,0,2,44,29,75,2,14,16,91
02/09/2006,STJ,MO,ACE,CE,Federal Contract Tower,0,0,9,0,9,1,0,43,0,44,1,0,52,0,53,16,0,16,69
02/10/2006,STJ,MO,ACE,CE,Federal Contract Tower,0,0,17,57,74,0,3,25,0,28,0,3,42,57,102,16,28,44,146
02/11/2006,STJ,MO,ACE,CE,Federal Contract Tower,0,0,2,0,2,0,0,1,0,1,0,0,3,0,3,0,0,0,3
02/12/2006,STJ,MO,ACE,CE,Federal Contract Tower,0,0,6,3,9,0,0,23,0,23,0,0,29,3,32,2,0,2,34
02/13/2006,STJ,MO,ACE,CE,Federal Contract Tower,0,0,6,26,32,0,0,16,26,42,0,0,22,52,74,0,26,26,100
02/14/2006,STJ,MO,ACE,CE,Federal Contract Tower,0,2,4,4,10,0,1,52,0,53,0,3,56,4,63,38,0,38,101
02/15/2006,STJ,MO,ACE,CE,Federal Contract Tower,0,0,6,5,11,0,5,15,24,44,0,5,21,29,55,2,28,30,85
02/16/2006,STJ,MO,ACE,CE,Federal Contract Tower,0,0,5,1,6,0,1,14,0,15,0,1,19,1,21,10,0,10,31
02/17/2006,STJ,MO,ACE,CE,Federal Contract Tower,0,0,9,11,20,0,2,11,5,18,0,2,20,16,38,4,30,34,72
02/18/2006,STJ,MO,ACE,CE,Federal Contract Tower,0,0,0,0,0,0,0,13,0,13,0,0,13,0,13,22,0,22,35
02/19/2006,STJ,MO,ACE,CE,Federal Contract Tower,0,0,3,0,3,0,3,24,0,27,0,3,27,0,30,54,0,54,84
02/20/2006,STJ,MO,ACE,CE,Federal Contract Tower,0,0,16,0,16,0,3,19,0,22,0,3,35,0,38,21,0,21,59
02/21/2006,STJ,MO,ACE,CE,Federal Contract Tower,0,0,8,18,26,0,2,27,0,29,0,2,35,18,55,29,14,43,98
02/22/2006,STJ,MO,ACE,CE,Federal Contract Tower,0,0,21,15,36,0,0,34,54,88,0,0,55,69,124,6,72,78,202
02/23/2006,STJ,MO,ACE,CE,Federal Contract Tower,0,0,26,2,28,0,1,35,0,36,0,1,61,2,64,22,0,22,86
02/24/2006,STJ,MO,ACE,CE,Federal Contract Tower,0,0,30,14,44,0,1,19,1,21,0,1,49,15,65,13,0,13,78
02/25/2006,STJ,MO,ACE,CE,Federal Contract Tower,0,0,3,0,3,0,1,32,1,34,0,1,35,1,37,26,0,26,63
02/26/2006,STJ,MO,ACE,CE,Federal Contract Tower,0,0,3,1,4,0,0,85,2,87,0,0,88,3,91,4,0,4,95
02/27/2006,STJ,MO,ACE,CE,Federal Contract Tower,0,0,10,5,15,0,2,40,57,99,0,2,50,62,114,44,10,54,168
02/28/2006,STJ,MO,ACE,CE,Federal Contract Tower,0,0,34,1,35,0,1,15,0,16,0,1,49,1,51,66,0,66,117
03/01/2006,STJ,MO,ACE,CE,Federal Contract Tower,0,0,15,35,50,0,1,26,34,61,0,1,41,69,111,34,28,62,173
03/02/2006,STJ,MO,ACE,CE,Federal Contract Tower,0,0,21,21,42,0,0,17,1,18,0,0,38,22,60,2,2,4,64
03/03/2006,STJ,MO,ACE,CE,Federal Contract Tower,0,0,10,42,52,0,1,58,12,71,0,1,68,54,123,20,28,48,171
03/04/2006,STJ,MO,ACE,CE,Federal Contract Tower,0,0,3,3,6,0,1,10,3,14,0,1,13,6,20,20,2,22,42
03/05/2006,STJ,MO,ACE,CE,Federal Contract Tower,0,0,8,10,18,0,0,40,15,55,0,0,48,25,73,62,0,62,135
03/06/2006,STJ,MO,ACE,CE,Federal Contract Tower,0,0,10,12,22,0,1,34,61,96,0,1,44,73,118,8,29,37,155
03/07/2006,STJ,MO,ACE,CE,Federal Contract Tower,0,0,14,4,18,0,2,15,1,18,0,2,29,5,36,4,0,4,40
03/08/2006,STJ,MO,ACE,CE,Federal Contract Tower,0,0,20,2,22,0,0,11,8,19,0,0,31,10,41,0,6,6,47
03/09/2006,STJ,MO,ACE,CE,Federal Contract Tower,0,0,7,4,11,0,1,10,3,14,0,1,17,7,25,6,0,6,31
03/10/2006,STJ,MO,ACE,CE,Federal Contract Tower,0,4,11,28,43,0,1,25,4,30,0,5,36,32,73,22,32,54,127
03/11/2006,STJ,MO,ACE,CE,Federal Contract Tower,0,1,2,3,6,0,0,40,0,40,0,1,42,3,46,27,0,27,73
03/12/2006,STJ,MO,ACE,CE,Federal Contract Tower,0,0,2,0,2,0,0,2,0,2,0,0,4,0,4,0,0,0,4
03/13/2006,STJ,MO,ACE,CE,Federal Contract Tower,0,0,9,10,19,0,3,27,50,80,0,3,36,60,99,0,66,66,165
03/14/2006,STJ,MO,ACE,CE,Federal Contract Tower,0,0,11,8,19,0,0,48,32,80,0,0,59,40,99,10,0,10,109
03/15/2006,STJ,MO,ACE,CE,Federal Contract Tower,0,0,12,27,39,0,1,36,35,72,0,1,48,62,111,14,54,68,179
03/16/2006,STJ,MO,ACE,CE,Federal Contract Tower,0,0,11,1,12,0,1,11,1,13,0,1,22,2,25,8,4,12,37
03/17/2006,STJ,MO,ACE,CE,Federal Contract Tower,0,0,4,13,17,0,1,24,9,34,0,1,28,22,51,15,24,39,90
03/18/2006,STJ,MO,ACE,CE,Federal Contract Tower,0,0,5,0,5,0,0,22,0,22,0,0,27,0,27,0,0,0,27
03/19/2006,STJ,MO,ACE,CE,Federal Contract Tower,0,0,3,1,4,0,3,11,0,14,0,3,14,1,18,12,0,12,30
03/20/2006,STJ,MO,ACE,CE,Federal Contract Tower,0,0,0,0,0,0,2,2,0,4,0,2,2,0,4,0,0,0,4
03/21/2006,STJ,MO,ACE,CE,Federal Contract Tower,0,0,3,0,3,0,0,15,0,15,0,0,18,0,18,20,0,20,38
03/22/2006,STJ,MO,ACE,CE,Federal Contract Tower,0,0,14,11,25,0,0,9,6,15,0,0,23,17,40,27,25,52,92
03/23/2006,STJ,MO,ACE,CE,Federal Contract Tower,0,4,16,11,31,0,20,43,0,63,0,24,59,11,94,12,2,14,108
03/24/2006,STJ,MO,ACE,CE,Federal Contract Tower,0,0,22,38,60,0,1,17,0,18,0,1,39,38,78,25,64,89,167
03/25/2006,STJ,MO,ACE,CE,Federal Contract Tower,0,1,7,0,8,0,1,121,1,123,0,2,128,1,131,114,0,114,245
03/26/2006,STJ,MO,ACE,CE,Federal Contract Tower,0,0,3,2,5,0,1,53,2,56,0,1,56,4,61,43,0,43,104
03/27/2006,STJ,MO,ACE,CE,Federal Contract Tower,0,0,11,3,14,0,5,8,22,35,0,5,19,25,49,8,34,42,91
03/28/2006,STJ,MO,ACE,CE,Federal Contract Tower,0,0,36,0,36,0,0,63,4,67,0,0,99,4,103,26,2,28,131
03/29/2006,STJ,MO,ACE,CE,Federal Contract Tower,0,0,8,18,26,0,1,24,41,66,0,1,32,59,92,6,60,66,158
03/30/2006,STJ,MO,ACE,CE,Federal Contract Tower,0,0,3,1,4,0,0,0,0,0,0,0,3,1,4,0,0,0,4
03/31/2006,STJ,MO,ACE,CE,Federal Contract Tower,0,0,9,11,20,0,0,18,10,28,0,0,27,21,48,4,37,41,89
04/01/2006,STJ,MO,ACE,CE,Federal Contract Tower,0,0,9,7,16,0,1,70,2,73,0,1,79,9,89,54,17,71,160
04/02/2006,STJ,MO,ACE,CE,Federal Contract Tower,0,0,6,7,13,0,1,9,9,19,0,1,15,16,32,22,26,48,80
04/03/2006,STJ,MO,ACE,CE,Federal Contract Tower,0,0,7,33,40,0,1,35,18,54,0,1,42,51,94,26,56,82,176
04/04/2006,STJ,MO,ACE,CE,Federal Contract Tower,0,0,6,16,22,0,0,34,6,40,0,0,40,22,62,6,0,6,68
04/05/2006,STJ,MO,ACE,CE,Federal Contract Tower,0,0,13,9,22,0,2,14,36,52,0,2,27,45,74,0,88,88,162
04/06/2006,STJ,MO,ACE,CE,Federal Contract Tower,0,0,6,0,6,0,1,8,0,9,0,1,14,0,15,28,0,28,43
04/07/2006,STJ,MO,ACE,CE,Federal Contract Tower,0,0,8,12,20,0,2,33,3,38,0,2,41,15,58,14,28,42,100
04/08/2006,STJ,MO,ACE,CE,Federal Contract Tower,0,0,30,0,30,0,0,90,0,90,0,0,120,0,120,60,0,60,180
04/09/2006,STJ,MO,ACE,CE,Federal Contract Tower,0,0,9,0,9,0,0,70,0,70,0,0,79,0,79,16,0,16,95
04/10/2006,STJ,MO,ACE,CE,Federal Contract Tower,0,0,27,3,30,0,6,44,11,61,0,6,71,14,91,20,32,52,143
04/11/2006,STJ,MO,ACE,CE,Federal Contract Tower,0,0,19,33,52,0,0,23,9,32,0,0,42,42,84,42,0,42,126
04/12/2006,STJ,MO,ACE,CE,Federal Contract Tower,0,0,14,4,18,0,0,38,8,46,0,0,52,12,64,6,39,45,109
04/13/2006,STJ,MO,ACE,CE,Federal Contract Tower,0,0,14,26,40,0,2,39,0,41,0,2,53,26,81,26,12,38,119
04/14/2006,STJ,MO,ACE,CE,Federal Contract Tower,0,0,8,17,25,0,3,18,0,21,0,3,26,17,46,7,26,33,79
04/15/2006,STJ,MO,ACE,CE,Federal Contract Tower,0,0,1,1,2,0,4,20,0,24,0,4,21,1,26,34,0,34,60
04/16/2006,STJ,MO,ACE,CE,Federal Contract Tower,0,0,2,0,2,0,0,20,0,20,0,0,22,0,22,0,0,0,22
04/17/2006,STJ,MO,ACE,CE,Federal Contract Tower,0,0,19,16,35,0,1,7,0,8,0,1,26,16,43,8,12,20,63
04/18/2006,STJ,MO,ACE,CE,Federal Contract Tower,0,2,16,0,18,0,0,30,0,30,0,2,46,0,48,23,0,23,71
04/19/2006,STJ,MO,ACE,CE,Federal Contract Tower,0,0,15,4,19,0,0,34,2,36,0,0,49,6,55,8,16,24,79
04/20/2006,STJ,MO,ACE,CE,Federal Contract Tower,0,2,32,25,59,0,0,33,0,33,0,2,65,25,92,10,4,14,106
04/21/2006,STJ,MO,ACE,CE,Federal Contract Tower,0,0,22,0,22,0,2,29,12,43,0,2,51,12,65,24,44,68,133
04/22/2006,STJ,MO,ACE,CE,Federal Contract Tower,0,0,5,1,6,0,1,77,0,78,0,1,82,1,84,32,0,32,116
04/23/2006,STJ,MO,ACE,CE,Federal Contract Tower,0,0,8,1,9,0,0,27,0,27,0,0,35,1,36,44,0,44,80
04/24/2006,STJ,MO,ACE,CE,Federal Contract Tower,0,0,12,5,17,0,1,12,34,47,0,1,24,39,64,16,40,56,120
04/25/2006,STJ,MO,ACE,CE,Federal Contract Tower,0,0,14,0,14,0,1,0,7,8,0,1,14,7,22,0,0,0,22
04/26/2006,STJ,MO,ACE,CE,Federal Contract Tower,0,1,15,25,41,0,0,24,31,55,0,1,39,56,96,76,44,120,216
04/27/2006,STJ,MO,ACE,CE,Federal Contract Tower,0,0,9,5,14,0,3,24,0,27,0,3,33,5,41,55,1,56,97
04/28/2006,STJ,MO,ACE,CE,Federal Contract Tower,0,0,6,46,52,0,1,6,0,7,0,1,12,46,59,12,18,30,89
04/29/2006,STJ,MO,ACE,CE,Federal Contract Tower,0,0,12,0,12,0,2,0,0,2,0,2,12,0,14,0,0,0,14
04/30/2006,STJ,MO,ACE,CE,Federal Contract Tower,0,0,3,3,6,0,1,7,0,8,0,1,10,3,14,0,0,0,14
05/01/2006,STJ,MO,ACE,CE,Federal Contract Tower,0,2,17,12,31,2,0,28,10,40,2,2,45,22,71,21,34,55,126
05/02/2006,STJ,MO,ACE,CE,Federal Contract Tower,0,0,13,0,13,0,0,34,0,34,0,0,47,0,47,50,0,50,97
05/03/2006,STJ,MO,ACE,CE,Federal Contract Tower,0,0,15,8,23,0,2,16,10,28,0,2,31,18,51,4,44,48,99
05/04/2006,STJ,MO,ACE,CE,Federal Contract Tower,0,0,16,6,22,0,1,42,3,46,0,1,58,9,68,42,0,42,110
05/05/2006,STJ,MO,ACE,CE,Federal Contract Tower,0,0,14,20,34,0,0,35,3,38,0,0,49,23,72,25,32,57,129
05/06/2006,STJ,MO,ACE,CE,Federal Contract Tower,0,0,4,0,4,0,0,24,0,24,0,0,28,0,28,43,0,43,71
05/07/2006,STJ,MO,ACE,CE,Federal Contract Tower,0,0,8,0,8,0,0,23,13,36,0,0,31,13,44,32,0,32,76
05/08/2006,STJ,MO,ACE,CE,Federal Contract Tower,0,0,7,15,22,0,0,18,33,51,0,0,25,48,73,28,18,46,119
05/09/2006,STJ,MO,ACE,CE,Federal Contract Tower,0,0,19,11,30,0,0,20,1,21,0,0,39,12,51,2,4,6,57
05/10/2006,STJ,MO,ACE,CE,Federal Contract Tower,0,0,9,17,26,0,0,16,1,17,0,0,25,18,43,17,12,29,72
05/11/2006,STJ,MO,ACE,CE,Federal Contract Tower,0,0,5,8,13,0,0,5,2,7,0,0,10,10,20,7,4,11,31
05/12/2006,STJ,MO,ACE,CE,Federal Contract Tower,0,0,10,0,10,0,2,21,0,23,0,2,31,0,33,10,0,10,43
05/13/2006,STJ,MO,ACE,CE,Federal Contract Tower,0,0,4,0,4,0,2,38,0,40,0,2,42,0,44,26,0,26,70
05/14/2006,STJ,MO,ACE,CE,Federal Contract Tower,0,0,9,2,11,0,0,19,0,19,0,0,28,2,30,2,0,2,32
05/15/2006,STJ,MO,ACE,CE,Federal Contract Tower,0,0,16,0,16,0,1,8,0,9,0,1,24,0,25,17,0,17,42
05/16/2006,STJ,MO,ACE,CE,Federal Contract Tower,0,2,15,5,22,0,2,38,10,50,0,4,53,15,72,36,10,46,118
05/17/2006,STJ,MO,ACE,CE,Federal Contract Tower,0,0,14,13,27,0,4,38,0,42,0,4,52,13,69,22,53,75,144
05/18/2006,STJ,MO,ACE,CE,Federal Contract Tower,0,0,11,7,18,0,1,31,24,56,0,1,42,31,74,18,12,30,104
05/19/2006,STJ,MO,ACE,CE,Federal Contract Tower,0,0,21,1,22,0,0,32,0,32,0,0,53,1,54,44,0,44,98
05/20/2006,STJ,MO,ACE,CE,Federal Contract Tower,0,0,7,1,8,0,0,25,1,26,0,0,32,2,34,24,9,33,67
05/21/2006,STJ,MO,ACE,CE,Federal Contract Tower,0,0,2,0,2,0,1,56,0,57,0,1,58,0,59,8,0,8,67
05/22/2006,STJ,MO,ACE,CE,Federal Contract Tower,0,0,6,14,20,0,1,34,32,67,0,1,40,46,87,28,12,40,127
05/23/2006,STJ,MO,ACE,CE,Federal Contract Tower,0,0,9,14,23,0,2,11,0,13,0,2,20,14,36,37,16,53,89
05/24/2006,STJ,MO,ACE,CE,Federal Contract Tower,0,0,18,13,31,0,0,12,20,32,0,0,30,33,63,18,5,23,86
05/25/2006,STJ,MO,ACE,CE,Federal Contract Tower,0,0,11,7,18,0,0,28,12,40,0,0,39,19,58,28,22,50,108
05/26/2006,STJ,MO,ACE,CE,Federal Contract Tower,0,0,29,0,29,1,0,72,0,73,1,0,101,0,102,8,0,8,110
05/27/2006,STJ,MO,ACE,CE,Federal Contract Tower,0,14,3,0,17,0,0,17,0,17,0,14,20,0,34,14,0,14,48
05/28/2006,STJ,MO,ACE,CE,Federal Contract Tower,0,0,2,1,3,0,0,14,0,14,0,0,16,1,17,65,0,65,82
05/29/2006,STJ,MO,ACE,CE,Federal Contract Tower,0,0,4,1,5,0,0,27,1,28,0,0,31,2,33,0,0,0,33
05/30/2006,STJ,MO,ACE,CE,Federal Contract Tower,0,0,4,11,15,0,2,24,5,31,0,2,28,16,46,30,27,57,103
05/31/2006,STJ,MO,ACE,CE,Federal Contract Tower,0,0,13,11,24,0,1,9,0,10,0,1,22,11,34,2,0,2,36
06/01/2006,STJ,MO,ACE,CE,Federal Contract Tower,0,0,9,12,21,0,0,67,5,72,0,0,76,17,93,38,0,38,131
06/02/2006,STJ,MO,ACE,CE,Federal Contract Tower,0,0,11,4,15,0,0,22,3,25,0,0,33,7,40,66,6,72,112
06/03/2006,STJ,MO,ACE,CE,Federal Contract Tower,0,0,18,2,20,0,0,49,4,53,0,0,67,6,73,24,12,36,109
06/04/2006,STJ,MO,ACE,CE,Federal Contract Tower,0,0,0,1,1,0,0,24,0,24,0,0,24,1,25,26,0,26,51
06/05/2006,STJ,MO,ACE,CE,Federal Contract Tower,0,0,4,4,8,0,0,18,0,18,0,0,22,4,26,4,2,6,32
06/06/2006,STJ,MO,ACE,CE,Federal Contract Tower,0,0,5,12,17,0,1,11,14,26,0,1,16,26,43,22,12,34,77
06/07/2006,STJ,MO,ACE,CE,Federal Contract Tower,0,0,11,12,23,0,1,27,2,30,0,1,38,14,53,50,14,64,117
06/08/2006,STJ,MO,ACE,CE,Federal Contract Tower,0,0,5,4,9,0,0,27,3,30,0,0,32,7,39,12,18,30,69
06/09/2006,STJ,MO,ACE,CE,Federal Contract Tower,0,0,15,1,16,0,2,33,2,37,0,2,48,3,53,30,0,30,83
06/10/2006,STJ,MO,ACE,CE,Federal Contract Tower,0,0,8,0,8,0,3,40,2,45,0,3,48,2,53,72,0,72,125
06/11/2006,STJ,MO,ACE,CE,Federal Contract Tower,0,0,9,9,18,0,1,8,0,9,0,1,17,9,27,28,0,28,55
06/12/2006,STJ,MO,ACE,CE,Federal Contract Tower,0,0,14,9,23,0,1,15,6,22,0,1,29,15,45,8,8,16,61
06/13/2006,STJ,MO,ACE,CE,Federal Contract Tower,0,0,17,11,28,0,0,33,16,49,0,0,50,27,77,27,38,65,142
06/14/2006,STJ,MO,ACE,CE,Federal Contract Tower,0,0,14,5,19,0,1,41,0,42,0,1,55,5,61,1,12,13,74
06/15/2006,STJ,MO,ACE,CE,Federal Contract Tower,0,0,7,24,31,0,0,21,2,23,0,0,28,26,54,6,20,26,80
06/16/2006,STJ,MO,ACE,CE,Federal Contract Tower,0,0,19,2,21,0,2,0,0,2,0,2,19,2,23,15,0,15,38
06/17/2006,STJ,MO,ACE,CE,Federal Contract Tower,0,0,5,0,5,0,2,38,1,41,0,2,43,1,46,22,0,22,68
06/18/2006,STJ,MO,ACE,CE,Federal Contract Tower,0,0,5,2,7,0,0,32,0,32,0,0,37,2,39,28,0,28,67
06/19/2006,STJ,MO,ACE,CE,Federal Contract Tower,0,0,14,6,20,0,1,42,10,53,0,1,56,16,73,40,17,57,130
06/20/2006,STJ,MO,ACE,CE,Federal Contract Tower,0,2,14,19,35,0,0,22,11,33,0,2,36,30,68,8,14,22,90
06/21/2006,STJ,MO,ACE,CE,Federal Contract Tower,0,0,7,16,23,0,2,27,15,44,0,2,34,31,67,26,18,44,111
06/22/2006,STJ,MO,ACE,CE,Federal Contract Tower,0,0,8,9,17,0,0,37,0,37,0,0,45,9,54,22,12,34,88
06/23/2006,STJ,MO,ACE,CE,Federal Contract Tower,0,0,16,3,19,0,0,21,0,21,0,0,37,3,40,72,0,72,112
06/24/2006,STJ,MO,ACE,CE,Federal Contract Tower,0,0,14,1,15,0,0,39,1,40,0,0,53,2,55,30,0,30,85
06/25/2006,STJ,MO,ACE,CE,Federal Contract Tower,0,0,7,1,8,0,0,45,0,45,0,0,52,1,53,66,0,66,119
06/26/2006,STJ,MO,ACE,CE,Federal Contract Tower,0,0,9,3,12,0,5,39,0,44,0,5,48,3,56,4,0,4,60
06/27/2006,STJ,MO,ACE,CE,Federal Contract Tower,0,0,10,3,13,0,3,23,0,26,0,3,33,3,39,12,0,12,51
06/28/2006,STJ,MO,ACE,CE,Federal Contract Tower,0,0,17,3,20,0,1,38,1,40,0,1,55,4,60,24,14,38,98
06/29/2006,STJ,MO,ACE,CE,Federal Contract Tower,0,0,35,33,68,0,3,33,11,47,0,3,68,44,115,31,66,97,212
06/30/2006,STJ,MO,ACE,CE,Federal Contract Tower,0,0,14,0,14,0,2,14,0,16,0,2,28,0,30,15,0,15,45
07/01/2006,STJ,MO,ACE,CE,Federal Contract Tower,0,0,4,0,4,0,2,70,4,76,0,2,74,4,80,60,0,60,140
07/02/2006,STJ,MO,ACE,CE,Federal Contract Tower,0,0,4,0,4,0,0,36,0,36,0,0,40,0,40,10,0,10,50
07/03/2006,STJ,MO,ACE,CE,Federal Contract Tower,0,0,2,0,2,0,2,18,0,20,0,2,20,0,22,32,0,32,54
07/04/2006,STJ,MO,ACE,CE,Federal Contract Tower,0,0,6,0,6,0,2,33,0,35,0,2,39,0,41,34,0,34,75
07/05/2006,STJ,MO,ACE,CE,Federal Contract Tower,0,0,18,13,31,0,0,27,3,30,0,0,45,16,61,31,26,57,118
07/06/2006,STJ,MO,ACE,CE,Federal Contract Tower,0,0,17,20,37,0,0,21,0,21,0,0,38,20,58,54,48,102,160
07/07/2006,STJ,MO,ACE,CE,Federal Contract Tower,0,0,10,16,26,0,4,102,13,119,0,4,112,29,145,8,38,46,191
07/08/2006,STJ,MO,ACE,CE,Federal Contract Tower,0,0,2,2,4,0,0,164,10,174,0,0,166,12,178,160,44,204,382
07/09/2006,STJ,MO,ACE,CE,Federal Contract Tower,0,0,14,4,18,0,0,66,7,73,0,0,80,11,91,202,22,224,315
07/10/2006,STJ,MO,ACE,CE,Federal Contract Tower,0,0,20,11,31,0,5,15,0,20,0,5,35,11,51,6,4,10,61
07/11/2006,STJ,MO,ACE,CE,Federal Contract Tower,0,0,20,9,29,0,1,13,0,14,0,1,33,9,43,24,6,30,73
07/12/2006,STJ,MO,ACE,CE,Federal Contract Tower,0,0,11,15,26,0,1,17,7,25,0,1,28,22,51,34,38,72,123
07/13/2006,STJ,MO,ACE,CE,Federal Contract Tower,0,0,31,25,56,0,1,19,0,20,0,1,50,25,76,18,12,30,106
07/14/2006,STJ,MO,ACE,CE,Federal Contract Tower,0,0,10,3,13,0,0,36,5,41,0,0,46,8,54,34,0,34,88
07/15/2006,STJ,MO,ACE,CE,Federal Contract Tower,0,0,5,1,6,0,1,33,0,34,0,1,38,1,40,44,0,44,84
07/16/2006,STJ,MO,ACE,CE,Federal Contract Tower,0,2,10,1,13,0,1,38,0,39,0,3,48,1,52,26,0,26,78
07/17/2006,STJ,MO,ACE,CE,Federal Contract Tower,0,0,8,19,27,0,0,14,11,25,0,0,22,30,52,18,93,111,163
07/18/2006,STJ,MO,ACE,CE,Federal Contract Tower,0,1,11,23,35,0,0,14,22,36,0,1,25,45,71,26,34,60,131
07/19/2006,STJ,MO,ACE,CE,Federal Contract Tower,0,0,10,13,23,0,4,10,18,32,0,4,20,31,55,40,18,58,113
07/20/2006,STJ,MO,ACE,CE,Federal Contract Tower,0,0,12,27,39,0,1,19,2,22,0,1,31,29,61,14,6,20,81
07/21/2006,STJ,MO,ACE,CE,Federal Contract Tower,0,0,11,7,18,0,0,15,1,16,0,0,26,8,34,18,0,18,52
07/22/2006,STJ,MO,ACE,CE,Federal Contract Tower,0,0,12,0,12,0,0,79,0,79,0,0,91,0,91,58,0,58,149
07/23/2006,STJ,MO,ACE,CE,Federal Contract Tower,0,0,8,12,20,0,1,49,0,50,0,1,57,12,70,32,0,32,102
07/24/2006,STJ,MO,ACE,CE,Federal Contract Tower,0,0,12,24,36,0,0,14,12,26,0,0,26,36,62,24,0,24,86
07/25/2006,STJ,MO,ACE,CE,Federal Contract Tower,0,0,14,17,31,0,8,21,17,46,0,8,35,34,77,34,58,92,169
07/26/2006,STJ,MO,ACE,CE,Federal Contract Tower,0,0,10,27,37,0,1,25,1,27,0,1,35,28,64,10,22,32,96
07/27/2006,STJ,MO,ACE,CE,Federal Contract Tower,0,0,19,3,22,0,3,20,0,23,0,3,39,3,45,16,16,32,77
07/28/2006,STJ,MO,ACE,CE,Federal Contract Tower,0,0,11,23,34,0,0,20,1,21,0,0,31,24,55,20,0,20,75
07/29/2006,STJ,MO,ACE,CE,Federal Contract Tower,0,0,6,1,7,0,0,35,1,36,0,0,41,2,43,32,0,32,75
07/30/2006,STJ,MO,ACE,CE,Federal Contract Tower,0,0,4,1,5,0,0,30,0,30,0,0,34,1,35,14,0,14,49
07/31/2006,STJ,MO,ACE,CE,Federal Contract Tower,0,0,10,21,31,0,1,8,6,15,0,1,18,27,46,0,9,9,55
08/01/2006,STJ,MO,ACE,CE,Federal Contract Tower,0,0,9,40,49,0,2,26,0,28,0,2,35,40,77,18,16,34,111
08/02/2006,STJ,MO,ACE,CE,Federal Contract Tower,0,1,4,22,27,0,0,29,7,36,0,1,33,29,63,10,10,20,83
08/03/2006,STJ,MO,ACE,CE,Federal Contract Tower,0,0,10,9,19,0,1,17,5,23,0,1,27,14,42,34,14,48,90
08/04/2006,STJ,MO,ACE,CE,Federal Contract Tower,0,1,9,12,22,0,1,50,1,52,0,2,59,13,74,34,0,34,108
08/05/2006,STJ,MO,ACE,CE,Federal Contract Tower,0,0,4,0,4,0,1,48,0,49,0,1,52,0,53,16,0,16,69
08/06/2006,STJ,MO,ACE,CE,Federal Contract Tower,0,0,5,2,7,0,1,40,0,41,0,1,45,2,48,22,0,22,70
08/07/2006,STJ,MO,ACE,CE,Federal Contract Tower,0,0,5,4,9,0,5,13,0,18,0,5,18,4,27,16,0,16,43
08/08/2006,STJ,MO,ACE,CE,Federal Contract Tower,0,0,9,25,34,0,1,14,7,22,0,1,23,32,56,46,14,60,116
08/09/2006,STJ,MO,ACE,CE,Federal Contract Tower,0,0,17,32,49,0,0,20,0,20,0,0,37,32,69,26,40,66,135
08/10/2006,STJ,MO,ACE,CE,Federal Contract Tower,0,0,11,4,15,0,0,25,5,30,0,0,36,9,45,6,0,6,51
08/11/2006,STJ,MO,ACE,CE,Federal Contract Tower,0,4,13,10,27,0,0,28,4,32,0,4,41,14,59,32,8,40,99
08/12/2006,STJ,MO,ACE,CE,Federal Contract Tower,0,0,8,0,8,0,3,20,0,23,0,3,28,0,31,42,0,42,73
08/13/2006,STJ,MO,ACE,CE,Federal Contract Tower,0,0,9,2,11,0,0,32,0,32,0,0,41,2,43,0,0,0,43
08/14/2006,STJ,MO,ACE,CE,Federal Contract Tower,0,0,12,27,39,0,0,24,19,43,0,0,36,46,82,9,58,67,149
08/15/2006,STJ,MO,ACE,CE,Federal Contract Tower,0,0,12,29,41,0,1,23,0,24,0,1,35,29,65,28,12,40,105
08/16/2006,STJ,MO,ACE,CE,Federal Contract Tower,0,1,20,16,37,0,1,35,9,45,0,2,55,25,82,44,32,76,158
08/17/2006,STJ,MO,ACE,CE,Federal Contract Tower,0,4,10,23,37,0,3,15,2,20,0,7,25,25,57,12,24,36,93
08/18/2006,STJ,MO,ACE,CE,Federal Contract Tower,0,0,25,7,32,0,1,8,1,10,0,1,33,8,42,7,0,7,49
08/19/2006,STJ,MO,ACE,CE,Federal Contract Tower,0,0,2,4,6,0,0,4,1,5,0,0,6,5,11,9,0,9,20
08/20/2006,STJ,MO,ACE,CE,Federal Contract Tower,0,0,9,2,11,0,0,29,2,31,0,0,38,4,42,20,0,20,62
08/21/2006,STJ,MO,ACE,CE,Federal Contract Tower,0,0,20,2,22,0,1,24,19,44,0,1,44,21,66,50,4,54,120
08/22/2006,STJ,MO,ACE,CE,Federal Contract Tower,0,0,29,35,64,0,4,36,32,72,0,4,65,67,136,56,62,118,254
08/23/2006,STJ,MO,ACE,CE,Federal Contract Tower,0,0,13,22,35,0,1,30,0,31,0,1,43,22,66,6,14,20,86
08/24/2006,STJ,MO,ACE,CE,Federal Contract Tower,0,0,12,22,34,0,2,40,4,46,0,2,52,26,80,0,18,18,98
08/25/2006,STJ,MO,ACE,CE,Federal Contract Tower,0,4,15,6,25,0,3,27,1,31,0,7,42,7,56,10,0,10,66
08/26/2006,STJ,MO,ACE,CE,Federal Contract Tower,0,0,15,1,16,0,0,9,0,9,0,0,24,1,25,18,0,18,43
08/27/2006,STJ,MO,ACE,CE,Federal Contract Tower,0,0,18,2,20,0,0,11,0,11,0,0,29,2,31,6,0,6,37
08/28/2006,STJ,MO,ACE,CE,Federal Contract Tower,0,0,27,69,96,0,2,2,0,4,0,2,29,69,100,6,0,6,106
08/29/2006,STJ,MO,ACE,CE,Federal Contract Tower,0,0,8,16,24,0,0,12,5,17,0,0,20,21,41,20,16,36,77
08/30/2006,STJ,MO,ACE,CE,Federal Contract Tower,0,0,11,9,20,0,0,21,7,28,0,0,32,16,48,26,4,30,78
08/31/2006,STJ,MO,ACE,CE,Federal Contract Tower,0,0,11,9,20,0,0,28,2,30,0,0,39,11,50,30,14,44,94
09/01/2006,STJ,MO,ACE,CE,Federal Contract Tower,0,0,11,1,12,0,0,36,0,36,0,0,47,1,48,34,0,34,82
09/02/2006,STJ,MO,ACE,CE,Federal Contract Tower,0,0,11,1,12,0,1,18,0,19,0,1,29,1,31,14,0,14,45
09/03/2006,STJ,MO,ACE,CE,Federal Contract Tower,0,0,19,0,19,0,5,26,0,31,0,5,45,0,50,42,0,42,92
09/04/2006,STJ,MO,ACE,CE,Federal Contract Tower,0,0,9,0,9,0,3,28,0,31,0,3,37,0,40,40,0,40,80
09/05/2006,STJ,MO,ACE,CE,Federal Contract Tower,0,0,3,26,29,0,1,25,6,32,0,1,28,32,61,22,50,72,133
09/06/2006,STJ,MO,ACE,CE,Federal Contract Tower,0,0,10,19,29,0,0,46,14,60,0,0,56,33,89,38,16,54,143
09/07/2006,STJ,MO,ACE,CE,Federal Contract Tower,0,0,9,11,20,0,1,54,5,60,0,1,63,16,80,8,20,28,108
09/08/2006,STJ,MO,ACE,CE,Federal Contract Tower,0,0,13,11,24,0,2,54,2,58,0,2,67,13,82,20,8,28,110
09/09/2006,STJ,MO,ACE,CE,Federal Contract Tower,0,0,2,2,4,0,0,27,0,27,0,0,29,2,31,10,0,10,41
09/10/2006,STJ,MO,ACE,CE,Federal Contract Tower,0,0,2,4,6,0,0,2,1,3,0,0,4,5,9,0,0,0,9
09/11/2006,STJ,MO,ACE,CE,Federal Contract Tower,0,1,32,11,44,0,1,20,1,22,0,2,52,12,66,0,0,0,66
09/12/2006,STJ,MO,ACE,CE,Federal Contract Tower,0,0,26,5,31,0,1,31,4,36,0,1,57,9,67,8,28,36,103
09/13/2006,STJ,MO,ACE,CE,Federal Contract Tower,0,3,31,15,49,0,0,29,3,32,0,3,60,18,81,34,26,60,141
09/14/2006,STJ,MO,ACE,CE,Federal Contract Tower,0,4,27,6,37,0,0,42,6,48,0,4,69,12,85,10,12,22,107
09/15/2006,STJ,MO,ACE,CE,Federal Contract Tower,0,0,4,18,22,1,0,18,2,21,1,0,22,20,43,6,0,6,49
09/16/2006,STJ,MO,ACE,CE,Federal Contract Tower,0,0,7,0,7,0,2,31,0,33,0,2,38,0,40,13,0,13,53
09/17/2006,STJ,MO,ACE,CE,Federal Contract Tower,0,0,12,2,14,0,1,13,1,15,0,1,25,3,29,36,0,36,65
09/18/2006,STJ,MO,ACE,CE,Federal Contract Tower,0,0,5,11,16,0,1,44,5,50,0,1,49,16,66,26,20,46,112
09/19/2006,STJ,MO,ACE,CE,Federal Contract Tower,0,0,16,8,24,0,0,43,7,50,0,0,59,15,74,28,14,42,116
09/20/2006,STJ,MO,ACE,CE,Federal Contract Tower,0,0,12,7,19,0,0,26,0,26,0,0,38,7,45,66,0,66,111
09/21/2006,STJ,MO,ACE,CE,Federal Contract Tower,0,0,6,16,22,0,0,11,12,23,0,0,17,28,45,8,20,28,73
09/22/2006,STJ,MO,ACE,CE,Federal Contract Tower,0,2,5,4,11,0,0,32,0,32,0,2,37,4,43,12,10,22,65
09/23/2006,STJ,MO,ACE,CE,Federal Contract Tower,0,0,8,6,14,0,0,16,0,16,0,0,24,6,30,6,0,6,36
09/24/2006,STJ,MO,ACE,CE,Federal Contract Tower,0,0,5,16,21,0,5,26,0,31,0,5,31,16,52,54,0,54,106
09/25/2006,STJ,MO,ACE,CE,Federal Contract Tower,0,0,17,7,24,0,0,35,7,42,0,0,52,14,66,38,16,54,120
09/26/2006,STJ,MO,ACE,CE,Federal Contract Tower,0,0,7,11,18,0,5,58,21,84,0,5,65,32,102,2,8,10,112
09/27/2006,STJ,MO,ACE,CE,Federal Contract Tower,0,0,18,25,43,0,0,43,13,56,0,0,61,38,99,22,28,50,149
09/28/2006,STJ,MO,ACE,CE,Federal Contract Tower,0,0,7,4,11,0,0,32,2,34,0,0,39,6,45,68,0,68,113
09/29/2006,STJ,MO,ACE,CE,Federal Contract Tower,0,0,16,4,20,0,1,30,0,31,0,1,46,4,51,34,0,34,85
09/30/2006,STJ,MO,ACE,CE,Federal Contract Tower,0,0,3,0,3,0,1,43,0,44,0,1,46,0,47,22,0,22,69
10/01/2006,STJ,MO,ACE,CE,Federal Contract Tower,0,0,8,1,9,0,6,10,0,16,0,6,18,1,25,24,0,24,49
10/02/2006,STJ,MO,ACE,CE,Federal Contract Tower,0,0,15,5,20,0,0,19,6,25,0,0,34,11,45,8,0,8,53
10/03/2006,STJ,MO,ACE,CE,Federal Contract Tower,0,0,17,18,35,0,6,51,16,73,0,6,68,34,108,2,56,58,166
10/04/2006,STJ,MO,ACE,CE,Federal Contract Tower,0,0,18,12,30,0,0,25,1,26,0,0,43,13,56,36,20,56,112
10/05/2006,STJ,MO,ACE,CE,Federal Contract Tower,0,0,24,11,35,0,1,38,22,61,0,1,62,33,96,8,70,78,174
10/06/2006,STJ,MO,ACE,CE,Federal Contract Tower,0,2,7,7,16,0,3,60,2,65,0,5,67,9,81,34,0,34,115
10/07/2006,STJ,MO,ACE,CE,Federal Contract Tower,0,0,2,0,2,0,1,34,2,37,0,1,36,2,39,30,0,30,69
10/08/2006,STJ,MO,ACE,CE,Federal Contract Tower,0,0,14,0,14,0,0,58,0,58,0,0,72,0,72,42,0,42,114
10/09/2006,STJ,MO,ACE,CE,Federal Contract Tower,0,1,10,0,11,0,0,27,0,27,0,1,37,0,38,16,0,16,54
10/10/2006,STJ,MO,ACE,CE,Federal Contract Tower,0,0,19,24,43,0,0,7,15,22,0,0,26,39,65,0,0,0,65
10/11/2006,STJ,MO,ACE,CE,Federal Contract Tower,0,0,21,29,50,0,1,10,20,31,0,1,31,49,81,40,0,40,121
10/12/2006,STJ,MO,ACE,CE,Federal Contract Tower,0,0,22,19,41,0,4,45,32,81,0,4,67,51,122,24,40,64,186
10/13/2006,STJ,MO,ACE,CE,Federal Contract Tower,0,0,22,0,22,0,1,32,14,47,0,1,54,14,69,6,0,6,75
10/14/2006,STJ,MO,ACE,CE,Federal Contract Tower,0,0,11,2,13,0,5,75,1,81,0,5,86,3,94,20,0,20,114
10/15/2006,STJ,MO,ACE,CE,Federal Contract Tower,0,0,3,1,4,0,0,6,0,6,0,0,9,1,10,0,0,0,10
10/16/2006,STJ,MO,ACE,CE,Federal Contract Tower,0,0,36,10,46,0,0,0,10,10,0,0,36,20,56,12,0,12,68
10/17/2006,STJ,MO,ACE,CE,Federal Contract Tower,0,0,11,21,32,0,1,12,12,25,0,1,23,33,57,16,34,50,107
10/18/2006,STJ,MO,ACE,CE,Federal Contract Tower,0,0,3,27,30,0,0,1,4,5,0,0,4,31,35,0,0,0,35
10/19/2006,STJ,MO,ACE,CE,Federal Contract Tower,0,0,19,25,44,0,1,59,9,69,0,1,78,34,113,52,122,174,287
10/20/2006,STJ,MO,ACE,CE,Federal Contract Tower,0,0,16,5,21,0,0,70,7,77,0,0,86,12,98,30,0,30,128
10/21/2006,STJ,MO,ACE,CE,Federal Contract Tower,0,0,1,0,1,0,0,1,0,1,0,0,2,0,2,0,0,0,2
10/22/2006,STJ,MO,ACE,CE,Federal Contract Tower,0,0,9,1,10,0,0,31,0,31,0,0,40,1,41,10,0,10,51
10/23/2006,STJ,MO,ACE,CE,Federal Contract Tower,0,0,12,12,24,0,0,36,7,43,0,0,48,19,67,14,2,16,83
10/24/2006,STJ,MO,ACE,CE,Federal Contract Tower,0,0,6,19,25,0,0,56,16,72,0,0,62,35,97,16,47,63,160
10/25/2006,STJ,MO,ACE,CE,Federal Contract Tower,0,0,30,9,39,0,0,18,3,21,0,0,48,12,60,30,46,76,136
10/26/2006,STJ,MO,ACE,CE,Federal Contract Tower,0,0,27,12,39,0,2,5,2,9,0,2,32,14,48,10,0,10,58
10/27/2006,STJ,MO,ACE,CE,Federal Contract Tower,0,0,23,1,24,0,2,14,13,29,0,2,37,14,53,7,0,7,60
10/28/2006,STJ,MO,ACE,CE,Federal Contract Tower,0,0,11,1,12,0,0,62,31,93,0,0,73,32,105,52,32,84,189
10/29/2006,STJ,MO,ACE,CE,Federal Contract Tower,0,0,9,1,10,0,1,58,0,59,0,1,67,1,69,28,3,31,100
10/30/2006,STJ,MO,ACE,CE,Federal Contract Tower,0,0,16,17,33,0,0,22,6,28,0,0,38,23,61,6,0,6,67
10/31/2006,STJ,MO,ACE,CE,Federal Contract Tower,0,0,12,10,22,0,1,34,13,48,0,1,46,23,70,42,66,108,178
11/01/2006,STJ,MO,ACE,CE,Federal Contract Tower,0,0,28,14,42,0,2,54,12,68,0,2,82,26,110,28,44,72,182
11/02/2006,STJ,MO,ACE,CE,Federal Contract Tower,0,2,19,7,28,0,2,70,37,109,0,4,89,44,137,42,52,94,231
11/03/2006,STJ,MO,ACE,CE,Federal Contract Tower,0,0,49,5,54,0,3,82,15,100,0,3,131,20,154,46,4,50,204
11/04/2006,STJ,MO,ACE,CE,Federal Contract Tower,0,0,7,0,7,0,3,31,8,42,0,3,38,8,49,18,0,18,67
11/05/2006,STJ,MO,ACE,CE,Federal Contract Tower,0,0,15,1,16,0,1,67,0,68,0,1,82,1,84,26,0,26,110
11/06/2006,STJ,MO,ACE,CE,Federal Contract Tower,0,0,9,21,30,0,0,10,6,16,0,0,19,27,46,0,29,29,75
11/07/2006,STJ,MO,ACE,CE,Federal Contract Tower,0,0,22,9,31,0,2,24,13,39,0,2,46,22,70,56,80,136,206
11/08/2006,STJ,MO,ACE,CE,Federal Contract Tower,0,0,20,20,40,0,2,44,0,46,0,2,64,20,86,40,22,62,148
11/09/2006,STJ,MO,ACE,CE,Federal Contract Tower,0,0,15,5,20,0,0,63,30,93,0,0,78,35,113,24,16,40,153
11/10/2006,STJ,MO,ACE,CE,Federal Contract Tower,0,0,11,1,12,0,2,24,0,26,0,2,35,1,38,20,0,20,58
11/11/2006,STJ,MO,ACE,CE,Federal Contract Tower,0,0,13,1,14,0,3,37,0,40,0,3,50,1,54,45,0,45,99
11/12/2006,STJ,MO,ACE,CE,Federal Contract Tower,0,0,4,1,5,0,1,25,0,26,0,1,29,1,31,25,0,25,56
11/13/2006,STJ,MO,ACE,CE,Federal Contract Tower,0,0,15,12,27,0,0,29,1,30,0,0,44,13,57,42,14,56,113
11/14/2006,STJ,MO,ACE,CE,Federal Contract Tower,0,0,28,20,48,0,3,31,16,50,0,3,59,36,98,74,30,104,202
11/15/2006,STJ,MO,ACE,CE,Federal Contract Tower,0,2,12,2,16,0,0,18,0,18,0,2,30,2,34,0,0,0,34
11/16/2006,STJ,MO,ACE,CE,Federal Contract Tower,0,0,19,4,23,0,0,39,0,39,0,0,58,4,62,82,0,82,144
11/17/2006,STJ,MO,ACE,CE,Federal Contract Tower,1,2,14,3,20,0,0,37,1,38,1,2,51,4,58,44,0,44,102
11/18/2006,STJ,MO,ACE,CE,Federal Contract Tower,0,0,13,0,13,0,0,80,0,80,0,0,93,0,93,46,0,46,139
11/19/2006,STJ,MO,ACE,CE,Federal Contract Tower,0,0,6,6,12,0,1,57,0,58,0,1,63,6,70,30,0,30,100
11/20/2006,STJ,MO,ACE,CE,Federal Contract Tower,0,0,9,9,18,0,5,45,11,61,0,5,54,20,79,42,34,76,155
11/21/2006,STJ,MO,ACE,CE,Federal Contract Tower,0,0,16,4,20,0,3,36,13,52,0,3,52,17,72,44,26,70,142
11/22/2006,STJ,MO,ACE,CE,Federal Contract Tower,0,0,7,13,20,0,12,67,0,79,0,12,74,13,99,72,18,90,189
11/23/2006,STJ,MO,ACE,CE,Federal Contract Tower,0,0,1,0,1,0,0,25,0,25,0,0,26,0,26,20,0,20,46
11/24/2006,STJ,MO,ACE,CE,Federal Contract Tower,0,0,5,0,5,0,3,47,0,50,0,3,52,0,55,46,0,46,101
11/25/2006,STJ,MO,ACE,CE,Federal Contract Tower,2,0,6,0,8,0,1,25,0,26,2,1,31,0,34,2,0,2,36
11/26/2006,STJ,MO,ACE,CE,Federal Contract Tower,0,0,11,0,11,0,0,20,0,20,0,0,31,0,31,17,0,17,48
11/27/2006,STJ,MO,ACE,CE,Federal Contract Tower,0,0,8,6,14,0,0,0,0,0,0,0,8,6,14,0,0,0,14
11/28/2006,STJ,MO,ACE,CE,Federal Contract Tower,0,1,15,9,25,0,1,26,24,51,0,2,41,33,76,0,26,26,102
11/29/2006,STJ,MO,ACE,CE,Federal Contract Tower,0,0,6,0,6,0,0,2,0,2,0,0,8,0,8,0,0,0,8
11/30/2006,STJ,MO,ACE,CE,Federal Contract Tower,0,0,8,0,8,0,1,2,8,11,0,1,10,8,19,0,0,0,19
12/01/2006,STJ,MO,ACE,CE,Federal Contract Tower,2,0,6,3,11,0,12,30,2,44,2,12,36,5,55,48,2,50,105
12/02/2006,STJ,MO,ACE,CE,Federal Contract Tower,0,0,13,1,14,0,0,28,0,28,0,0,41,1,42,8,0,8,50
12/03/2006,STJ,MO,ACE,CE,Federal Contract Tower,0,0,11,4,15,0,0,19,0,19,0,0,30,4,34,26,0,26,60
12/04/2006,STJ,MO,ACE,CE,Federal Contract Tower,0,0,10,32,42,0,1,41,12,54,0,1,51,44,96,38,78,116,212
12/05/2006,STJ,MO,ACE,CE,Federal Contract Tower,0,2,7,10,19,0,0,48,37,85,0,2,55,47,104,18,32,50,154
12/06/2006,STJ,MO,ACE,CE,Federal Contract Tower,0,0,25,9,34,0,2,28,9,39,0,2,53,18,73,38,36,74,147
12/07/2006,STJ,MO,ACE,CE,Federal Contract Tower,0,0,21,13,34,0,4,36,24,64,0,4,57,37,98,61,74,135,233
12/08/2006,STJ,MO,ACE,CE,Federal Contract Tower,0,0,23,7,30,0,0,12,0,12,0,0,35,7,42,34,0,34,76
12/09/2006,STJ,MO,ACE,CE,Federal Contract Tower,2,0,3,0,5,0,0,41,0,41,2,0,44,0,46,56,0,56,102
12/10/2006,STJ,MO,ACE,CE,Federal Contract Tower,0,0,3,0,3,0,0,27,0,27,0,0,30,0,30,23,0,23,53
12/11/2006,STJ,MO,ACE,CE,Federal Contract Tower,0,3,4,16,23,0,0,9,4,13,0,3,13,20,36,30,4,34,70
12/12/2006,STJ,MO,ACE,CE,Federal Contract Tower,0,0,7,26,33,0,0,9,12,21,0,0,16,38,54,26,40,66,120
12/13/2006,STJ,MO,ACE,CE,Federal Contract Tower,0,0,14,11,25,0,1,46,0,47,0,1,60,11,72,32,16,48,120
12/14/2006,STJ,MO,ACE,CE,Federal Contract Tower,2,0,15,18,35,0,2,48,15,65,2,2,63,33,100,36,82,118,218
12/15/2006,STJ,MO,ACE,CE,Federal Contract Tower,0,0,20,4,24,0,0,51,1,52,0,0,71,5,76,34,0,34,110
12/16/2006,STJ,MO,ACE,CE,Federal Contract Tower,4,0,3,0,7,0,0,43,0,43,4,0,46,0,50,72,0,72,122
12/17/2006,STJ,MO,ACE,CE,Federal Contract Tower,0,0,9,2,11,0,0,11,0,11,0,0,20,2,22,36,0,36,58
12/18/2006,STJ,MO,ACE,CE,Federal Contract Tower,0,0,7,12,19,0,0,31,3,34,0,0,38,15,53,14,40,54,107
12/19/2006,STJ,MO,ACE,CE,Federal Contract Tower,0,0,23,24,47,0,9,77,62,148,0,9,100,86,195,2,28,30,225
12/20/2006,STJ,MO,ACE,CE,Federal Contract Tower,0,3,21,0,24,0,0,3,0,3,0,3,24,0,27,0,0,0,27
12/21/2006,STJ,MO,ACE,CE,Federal Contract Tower,0,0,7,1,8,0,2,6,0,8,0,2,13,1,16,0,0,0,16
12/22/2006,STJ,MO,ACE,CE,Federal Contract Tower,0,1,20,11,32,0,0,10,0,10,0,1,30,11,42,8,0,8,50
12/23/2006,STJ,MO,ACE,CE,Federal Contract Tower,0,1,9,0,10,0,0,90,0,90,0,1,99,0,100,30,0,30,130
12/24/2006,STJ,MO,ACE,CE,Federal Contract Tower,0,2,2,0,4,0,0,77,0,77,0,2,79,0,81,38,0,38,119
12/25/2006,STJ,MO,ACE,CE,Federal Contract Tower,0,0,0,0,0,0,1,5,0,6,0,1,5,0,6,0,0,0,6
12/26/2006,STJ,MO,ACE,CE,Federal Contract Tower,0,0,8,0,8,0,1,16,0,17,0,1,24,0,25,36,0,36,61
12/27/2006,STJ,MO,ACE,CE,Federal Contract Tower,0,0,8,7,15,0,0,40,0,40,0,0,48,7,55,12,38,50,105
12/28/2006,STJ,MO,ACE,CE,Federal Contract Tower,0,0,13,10,23,0,0,42,33,75,0,0,55,43,98,12,60,72,170
12/29/2006,STJ,MO,ACE,CE,Federal Contract Tower,0,0,14,0,14,0,2,16,0,18,0,2,30,0,32,10,0,10,42
12/30/2006,STJ,MO,ACE,CE,Federal Contract Tower,0,0,1,0,1,0,0,0,0,0,0,0,1,0,1,0,0,0,1
12/31/2006,STJ,MO,ACE,CE,Federal Contract Tower,0,0,2,0,2,0,0,1,0,1,0,0,3,0,3,0,0,0,3
01/01/2007,STJ,MO,ACE,CE,Federal Contract Tower,0,0,3,0,3,0,0,28,0,28,0,0,31,0,31,24,0,24,55
01/02/2007,STJ,MO,ACE,CE,Federal Contract Tower,0,0,7,0,7,0,0,26,0,26,0,0,33,0,33,6,0,6,39
01/03/2007,STJ,MO,ACE,CE,Federal Contract Tower,0,0,10,2,12,0,4,40,32,76,0,4,50,34,88,12,4,16,104
01/04/2007,STJ,MO,ACE,CE,Federal Contract Tower,0,0,12,5,17,0,0,22,27,49,0,0,34,32,66,0,42,42,108
01/05/2007,STJ,MO,ACE,CE,Federal Contract Tower,0,1,26,2,29,0,0,29,0,29,0,1,55,2,58,8,0,8,66
01/06/2007,STJ,MO,ACE,CE,Federal Contract Tower,0,0,3,1,4,0,4,34,1,39,0,4,37,2,43,76,0,76,119
01/07/2007,STJ,MO,ACE,CE,Federal Contract Tower,0,0,3,0,3,0,0,17,1,18,0,0,20,1,21,20,0,20,41
01/08/2007,STJ,MO,ACE,CE,Federal Contract Tower,0,0,5,16,21,0,0,23,12,35,0,0,28,28,56,20,38,58,114
01/09/2007,STJ,MO,ACE,CE,Federal Contract Tower,0,0,18,14,32,0,0,39,14,53,0,0,57,28,85,4,26,30,115
01/10/2007,STJ,MO,ACE,CE,Federal Contract Tower,0,0,10,19,29,0,2,27,16,45,0,2,37,35,74,10,22,32,106
01/11/2007,STJ,MO,ACE,CE,Federal Contract Tower,0,0,5,38,43,0,0,11,34,45,0,0,16,72,88,12,28,40,128
01/12/2007,STJ,MO,ACE,CE,Federal Contract Tower,0,4,4,1,9,0,1,2,0,3,0,5,6,1,12,0,0,0,12
01/13/2007,STJ,MO,ACE,CE,Federal Contract Tower,0,0,0,0,0,0,0,2,0,2,0,0,2,0,2,10,0,10,12
01/14/2007,STJ,MO,ACE,CE,Federal Contract Tower,0,0,1,0,1,0,0,0,0,0,0,0,1,0,1,0,0,0,1
01/15/2007,STJ,MO,ACE,CE,Federal Contract Tower,0,0,2,0,2,0,0,7,0,7,0,0,9,0,9,0,0,0,9
01/16/2007,STJ,MO,ACE,CE,Federal Contract Tower,0,0,11,2,13,0,0,12,1,13,0,0,23,3,26,4,0,4,30
01/17/2007,STJ,MO,ACE,CE,Federal Contract Tower,0,0,11,13,24,0,0,17,0,17,0,0,28,13,41,0,8,8,49
01/18/2007,STJ,MO,ACE,CE,Federal Contract Tower,0,0,6,14,20,0,1,23,0,24,0,1,29,14,44,10,0,10,54
01/19/2007,STJ,MO,ACE,CE,Federal Contract Tower,0,0,9,7,16,0,1,28,0,29,0,1,37,7,45,0,0,0,45
01/20/2007,STJ,MO,ACE,CE,Federal Contract Tower,0,0,8,0,8,0,1,39,0,40,0,1,47,0,48,26,0,26,74
01/21/2007,STJ,MO,ACE,CE,Federal Contract Tower,0,0,1,4,5,0,0,1,0,1,0,0,2,4,6,0,0,0,6
01/22/2007,STJ,MO,ACE,CE,Federal Contract Tower,0,0,6,8,14,0,2,14,0,16,0,2,20,8,30,0,0,0,30
01/23/2007,STJ,MO,ACE,CE,Federal Contract Tower,0,0,19,8,27,0,2,65,19,86,0,2,84,27,113,0,80,80,193
01/24/2007,STJ,MO,ACE,CE,Federal Contract Tower,0,0,13,16,29,0,2,41,19,62,0,2,54,35,91,10,4,14,105
01/25/2007,STJ,MO,ACE,CE,Federal Contract Tower,0,4,24,19,47,0,0,34,5,39,0,4,58,24,86,0,6,6,92
01/26/2007,STJ,MO,ACE,CE,Federal Contract Tower,0,4,9,3,16,0,0,50,0,50,0,4,59,3,66,24,0,24,90
01/27/2007,STJ,MO,ACE,CE,Federal Contract Tower,0,1,8,1,10,0,0,27,0,27,0,1,35,1,37,4,0,4,41
01/28/2007,STJ,MO,ACE,CE,Federal Contract Tower,0,0,13,0,13,0,0,34,0,34,0,0,47,0,47,4,0,4,51
01/29/2007,STJ,MO,ACE,CE,Federal Contract Tower,0,2,3,13,18,0,2,29,41,72,0,4,32,54,90,10,40,50,140
01/30/2007,STJ,MO,ACE,CE,Federal Contract Tower,0,0,14,10,24,0,0,18,30,48,0,0,32,40,72,4,104,108,180
01/31/2007,STJ,MO,ACE,CE,Federal Contract Tower,0,2,12,2,16,0,0,12,3,15,0,2,24,5,31,0,6,6,37
02/01/2007,STJ,MO,ACE,CE,Federal Contract Tower,0,0,13,5,18,0,0,34,17,51,0,0,47,22,69,34,4,38,107
02/02/2007,STJ,MO,ACE,CE,Federal Contract Tower,0,8,7,12,27,0,1,31,11,43,0,9,38,23,70,6,0,6,76
02/03/2007,STJ,MO,ACE,CE,Federal Contract Tower,0,1,4,0,5,0,3,31,0,34,0,4,35,0,39,2,0,2,41
02/04/2007,STJ,MO,ACE,CE,Federal Contract Tower,0,0,3,4,7,0,1,20,1,22,0,1,23,5,29,2,0,2,31
02/05/2007,STJ,MO,ACE,CE,Federal Contract Tower,0,0,5,2,7,0,1,23,11,35,0,1,28,13,42,14,2,16,58
02/06/2007,STJ,MO,ACE,CE,Federal Contract Tower,0,0,21,20,41,0,1,20,43,64,0,1,41,63,105,10,52,62,167
02/07/2007,STJ,MO,ACE,CE,Federal Contract Tower,0,2,13,23,38,0,1,21,23,45,0,3,34,46,83,10,28,38,121
02/08/2007,STJ,MO,ACE,CE,Federal Contract Tower,0,0,9,19,28,0,3,22,23,48,0,3,31,42,76,10,72,82,158
02/09/2007,STJ,MO,ACE,CE,Federal Contract Tower,0,0,16,4,20,0,1,15,0,16,0,1,31,4,36,18,0,18,54
02/10/2007,STJ,MO,ACE,CE,Federal Contract Tower,0,0,1,0,1,0,1,46,0,47,0,1,47,0,48,12,0,12,60
02/11/2007,STJ,MO,ACE,CE,Federal Contract Tower,0,0,10,4,14,0,0,32,0,32,0,0,42,4,46,14,0,14,60
02/12/2007,STJ,MO,ACE,CE,Federal Contract Tower,0,0,3,2,5,0,0,0,1,1,0,0,3,3,6,0,0,0,6
02/13/2007,STJ,MO,ACE,CE,Federal Contract Tower,0,0,4,1,5,0,1,8,3,12,0,1,12,4,17,0,0,0,17
02/14/2007,STJ,MO,ACE,CE,Federal Contract Tower,0,0,13,9,22,0,3,20,9,32,0,3,33,18,54,4,0,4,58
02/15/2007,STJ,MO,ACE,CE,Federal Contract Tower,0,2,17,3,22,0,1,27,0,28,0,3,44,3,50,20,0,20,70
02/16/2007,STJ,MO,ACE,CE,Federal Contract Tower,0,0,23,2,25,0,1,5,0,6,0,1,28,2,31,18,0,18,49
02/17/2007,STJ,MO,ACE,CE,Federal Contract Tower,0,0,3,2,5,0,1,23,0,24,0,1,26,2,29,0,0,0,29
02/18/2007,STJ,MO,ACE,CE,Federal Contract Tower,0,0,8,0,8,0,2,36,0,38,0,2,44,0,46,44,0,44,90
02/19/2007,STJ,MO,ACE,CE,Federal Contract Tower,0,0,18,0,18,0,4,27,0,31,0,4,45,0,49,12,0,12,61
02/20/2007,STJ,MO,ACE,CE,Federal Contract Tower,0,0,18,4,22,0,2,16,77,95,0,2,34,81,117,0,42,42,159
02/21/2007,STJ,MO,ACE,CE,Federal Contract Tower,0,0,9,6,15,0,1,59,7,67,0,1,68,13,82,22,16,38,120
02/22/2007,STJ,MO,ACE,CE,Federal Contract Tower,0,0,20,12,32,0,1,51,69,121,0,1,71,81,153,42,30,72,225
02/23/2007,STJ,MO,ACE,CE,Federal Contract Tower,0,0,10,1,11,0,0,12,5,17,0,0,22,6,28,4,0,4,32
02/24/2007,STJ,MO,ACE,CE,Federal Contract Tower,0,0,0,2,2,0,0,2,0,2,0,0,2,2,4,0,0,0,4
02/25/2007,STJ,MO,ACE,CE,Federal Contract Tower,0,0,1,1,2,0,0,8,0,8,0,0,9,1,10,0,0,0,10
02/26/2007,STJ,MO,ACE,CE,Federal Contract Tower,0,0,3,11,14,0,2,17,9,28,0,2,20,20,42,74,30,104,146
02/27/2007,STJ,MO,ACE,CE,Federal Contract Tower,0,0,12,13,25,0,0,64,14,78,0,0,76,27,103,26,52,78,181
02/28/2007,STJ,MO,ACE,CE,Federal Contract Tower,0,0,5,29,34,0,0,18,11,29,0,0,23,40,63,0,22,22,85
03/01/2007,STJ,MO,ACE,CE,Federal Contract Tower,0,0,0,0,0,0,0,8,0,8,0,0,8,0,8,0,0,0,8
03/02/2007,STJ,MO,ACE,CE,Federal Contract Tower,0,0,8,2,10,0,0,0,0,0,0,0,8,2,10,0,0,0,10
03/03/2007,STJ,MO,ACE,CE,Federal Contract Tower,0,0,0,0,0,0,0,8,0,8,0,0,8,0,8,8,0,8,16
03/04/2007,STJ,MO,ACE,CE,Federal Contract Tower,0,0,4,2,6,0,5,31,0,36,0,5,35,2,42,18,0,18,60
03/05/2007,STJ,MO,ACE,CE,Federal Contract Tower,0,0,5,4,9,0,0,33,8,41,0,0,38,12,50,34,20,54,104
03/06/2007,STJ,MO,ACE,CE,Federal Contract Tower,0,0,12,7,19,0,1,21,12,34,0,1,33,19,53,10,21,31,84
03/07/2007,STJ,MO,ACE,CE,Federal Contract Tower,0,0,9,12,21,0,0,11,0,11,0,0,20,12,32,44,6,50,82
03/08/2007,STJ,MO,ACE,CE,Federal Contract Tower,0,0,24,10,34,0,1,16,7,24,0,1,40,17,58,18,42,60,118
03/09/2007,STJ,MO,ACE,CE,Federal Contract Tower,0,0,12,3,15,0,0,23,1,24,0,0,35,4,39,32,0,32,71
03/10/2007,STJ,MO,ACE,CE,Federal Contract Tower,0,0,11,1,12,0,2,84,0,86,0,2,95,1,98,68,0,68,166
03/11/2007,STJ,MO,ACE,CE,Federal Contract Tower,0,0,4,1,5,0,1,16,0,17,0,1,20,1,22,27,0,27,49
03/12/2007,STJ,MO,ACE,CE,Federal Contract Tower,0,0,9,33,42,0,0,23,5,28,0,0,32,38,70,6,24,30,100
03/13/2007,STJ,MO,ACE,CE,Federal Contract Tower,0,0,14,5,19,0,1,27,53,81,0,1,41,58,100,0,44,44,144
03/14/2007,STJ,MO,ACE,CE,Federal Contract Tower,0,0,18,8,26,0,0,20,11,31,0,0,38,19,57,28,24,52,109
03/15/2007,STJ,MO,ACE,CE,Federal Contract Tower,0,13,12,2,27,0,0,25,2,27,0,13,37,4,54,2,14,16,70
03/16/2007,STJ,MO,ACE,CE,Federal Contract Tower,0,0,16,8,24,0,0,28,4,32,0,0,44,12,56,78,4,82,138
03/17/2007,STJ,MO,ACE,CE,Federal Contract Tower,0,0,7,4,11,0,0,20,16,36,0,0,27,20,47,32,0,32,79
03/18/2007,STJ,MO,ACE,CE,Federal Contract Tower,0,0,6,0,6,0,0,15,0,15,0,0,21,0,21,16,0,16,37
03/19/2007,STJ,MO,ACE,CE,Federal Contract Tower,0,4,10,22,36,0,0,38,4,42,0,4,48,26,78,22,60,82,160
03/20/2007,STJ,MO,ACE,CE,Federal Contract Tower,0,0,15,12,27,0,13,35,6,54,0,13,50,18,81,18,2,20,101
03/21/2007,STJ,MO,ACE,CE,Federal Contract Tower,0,2,2,5,9,0,0,12,3,15,0,2,14,8,24,0,26,26,50
03/22/2007,STJ,MO,ACE,CE,Federal Contract Tower,0,0,13,3,16,0,0,37,11,48,0,0,50,14,64,26,0,26,90
03/23/2007,STJ,MO,ACE,CE,Federal Contract Tower,0,0,13,6,19,0,3,17,20,40,0,3,30,26,59,18,10,28,87
03/24/2007,STJ,MO,ACE,CE,Federal Contract Tower,0,0,3,1,4,0,0,36,0,36,0,0,39,1,40,40,0,40,80
03/25/2007,STJ,MO,ACE,CE,Federal Contract Tower,0,0,0,0,0,0,1,19,0,20,0,1,19,0,20,0,0,0,20
03/26/2007,STJ,MO,ACE,CE,Federal Contract Tower,0,1,9,27,37,0,0,21,4,25,0,1,30,31,62,18,30,48,110
03/27/2007,STJ,MO,ACE,CE,Federal Contract Tower,0,2,14,8,24,0,0,19,21,40,0,2,33,29,64,32,44,76,140
03/28/2007,STJ,MO,ACE,CE,Federal Contract Tower,0,0,11,17,28,0,2,28,11,41,0,2,39,28,69,0,22,22,91
03/29/2007,STJ,MO,ACE,CE,Federal Contract Tower,0,0,22,11,33,0,6,6,1,13,0,6,28,12,46,28,29,57,103
03/30/2007,STJ,MO,ACE,CE,Federal Contract Tower,0,0,12,2,14,0,1,17,0,18,0,1,29,2,32,0,0,0,32
03/31/2007,STJ,MO,ACE,CE,Federal Contract Tower,0,0,4,0,4,0,0,17,0,17,0,0,21,0,21,10,0,10,31
04/01/2007,STJ,MO,ACE,CE,Federal Contract Tower,0,0,0,3,3,0,0,33,1,34,0,0,33,4,37,6,0,6,43
04/02/2007,STJ,MO,ACE,CE,Federal Contract Tower,0,0,7,10,17,0,0,25,0,25,0,0,32,10,42,43,2,45,87
04/03/2007,STJ,MO,ACE,CE,Federal Contract Tower,0,0,21,0,21,0,3,11,17,31,0,3,32,17,52,2,22,24,76
04/04/2007,STJ,MO,ACE,CE,Federal Contract Tower,0,0,7,22,29,0,1,36,4,41,0,1,43,26,70,0,40,40,110
04/05/2007,STJ,MO,ACE,CE,Federal Contract Tower,0,0,4,15,19,0,5,24,17,46,0,5,28,32,65,22,38,60,125
04/06/2007,STJ,MO,ACE,CE,Federal Contract Tower,0,0,9,0,9,0,0,31,0,31,0,0,40,0,40,0,0,0,40
04/07/2007,STJ,MO,ACE,CE,Federal Contract Tower,0,0,0,0,0,0,1,13,0,14,0,1,13,0,14,10,0,10,24
04/08/2007,STJ,MO,ACE,CE,Federal Contract Tower,0,0,3,2,5,0,0,14,1,15,0,0,17,3,20,36,0,36,56
04/09/2007,STJ,MO,ACE,CE,Federal Contract Tower,0,0,15,34,49,0,1,44,6,51,0,1,59,40,100,10,10,20,120
04/10/2007,STJ,MO,ACE,CE,Federal Contract Tower,0,0,19,0,19,0,4,21,0,25,0,4,40,0,44,0,0,0,44
04/11/2007,STJ,MO,ACE,CE,Federal Contract Tower,0,0,11,23,34,0,0,6,0,6,0,0,17,23,40,4,2,6,46
04/12/2007,STJ,MO,ACE,CE,Federal Contract Tower,0,0,19,10,29,0,0,43,8,51,0,0,62,18,80,30,0,30,110
04/13/2007,STJ,MO,ACE,CE,Federal Contract Tower,0,0,7,10,17,0,4,19,7,30,0,4,26,17,47,33,10,43,90
04/14/2007,STJ,MO,ACE,CE,Federal Contract Tower,0,0,7,0,7,0,1,11,19,31,0,1,18,19,38,36,0,36,74
04/15/2007,STJ,MO,ACE,CE,Federal Contract Tower,0,0,17,1,18,0,2,55,0,57,0,2,72,1,75,42,0,42,117
04/16/2007,STJ,MO,ACE,CE,Federal Contract Tower,0,0,16,24,40,0,0,53,7,60,0,0,69,31,100,62,28,90,190
04/17/2007,STJ,MO,ACE,CE,Federal Contract Tower,0,0,9,12,21,0,1,36,50,87,0,1,45,62,108,52,40,92,200
04/18/2007,STJ,MO,ACE,CE,Federal Contract Tower,0,0,26,8,34,0,2,14,5,21,0,2,40,13,55,12,13,25,80
04/19/2007,STJ,MO,ACE,CE,Federal Contract Tower,0,0,23,13,36,0,2,17,34,53,0,2,40,47,89,12,34,46,135
04/20/2007,STJ,MO,ACE,CE,Federal Contract Tower,0,0,14,0,14,0,2,50,16,68,0,2,64,16,82,18,0,18,100
04/21/2007,STJ,MO,ACE,CE,Federal Contract Tower,0,0,5,0,5,0,0,45,0,45,0,0,50,0,50,20,0,20,70
04/22/2007,STJ,MO,ACE,CE,Federal Contract Tower,0,0,3,3,6,0,4,10,0,14,0,4,13,3,20,0,0,0,20
04/23/2007,STJ,MO,ACE,CE,Federal Contract Tower,0,0,22,30,52,0,1,48,9,58,0,1,70,39,110,30,70,100,210
04/24/2007,STJ,MO,ACE,CE,Federal Contract Tower,0,0,5,14,19,0,0,5,15,20,0,0,10,29,39,0,0,0,39
04/25/2007,STJ,MO,ACE,CE,Federal Contract Tower,0,2,26,9,37,0,0,3,0,3,0,2,29,9,40,0,4,4,44
04/26/2007,STJ,MO,ACE,CE,Federal Contract Tower,0,0,28,21,49,0,6,38,24,68,0,6,66,45,117,16,60,76,193
04/27/2007,STJ,MO,ACE,CE,Federal Contract Tower,0,0,14,1,15,0,3,29,15,47,0,3,43,16,62,2,0,2,64
04/28/2007,STJ,MO,ACE,CE,Federal Contract Tower,0,0,3,0,3,0,2,18,0,20,0,2,21,0,23,39,1,40,63
04/29/2007,STJ,MO,ACE,CE,Federal Contract Tower,0,0,5,8,13,0,0,35,0,35,0,0,40,8,48,73,2,75,123
04/30/2007,STJ,MO,ACE,CE,Federal Contract Tower,0,0,13,17,30,1,3,64,0,68,1,3,77,17,98,41,27,68,166
05/01/2007,STJ,MO,ACE,CE,Federal Contract Tower,0,0,13,3,16,0,3,20,12,35,0,3,33,15,51,32,140,172,223
05/02/2007,STJ,MO,ACE,CE,Federal Contract Tower,0,0,10,41,51,0,0,16,21,37,0,0,26,62,88,34,38,72,160
05/03/2007,STJ,MO,ACE,CE,Federal Contract Tower,0,0,28,12,40,0,0,0,0,0,0,0,28,12,40,0,0,0,40
05/04/2007,STJ,MO,ACE,CE,Federal Contract Tower,0,0,9,10,19,0,1,25,14,40,0,1,34,24,59,38,16,54,113
05/05/2007,STJ,MO,ACE,CE,Federal Contract Tower,0,0,2,5,7,0,0,11,8,19,0,0,13,13,26,30,8,38,64
05/06/2007,STJ,MO,ACE,CE,Federal Contract Tower,0,0,1,1,2,0,0,1,0,1,0,0,2,1,3,0,0,0,3
05/07/2007,STJ,MO,ACE,CE,Federal Contract Tower,0,0,8,9,17,0,0,108,17,125,0,0,116,26,142,12,6,18,160
05/08/2007,STJ,MO,ACE,CE,Federal Contract Tower,0,0,6,5,11,0,1,49,7,57,0,1,55,12,68,2,10,12,80
05/09/2007,STJ,MO,ACE,CE,Federal Contract Tower,0,0,7,4,11,0,5,63,1,69,0,5,70,5,80,30,0,30,110
05/10/2007,STJ,MO,ACE,CE,Federal Contract Tower,0,0,16,2,18,0,1,73,8,82,0,1,89,10,100,60,0,60,160
05/11/2007,STJ,MO,ACE,CE,Federal Contract Tower,0,0,11,3,14,0,2,40,1,43,0,2,51,4,57,10,0,10,67
05/12/2007,STJ,MO,ACE,CE,Federal Contract Tower,0,0,1,1,2,0,1,67,2,70,0,1,68,3,72,62,0,62,134
05/13/2007,STJ,MO,ACE,CE,Federal Contract Tower,0,0,6,2,8,0,0,47,0,47,0,0,53,2,55,0,0,0,55
05/14/2007,STJ,MO,ACE,CE,Federal Contract Tower,0,0,6,12,18,0,1,4,7,12,0,1,10,19,30,8,24,32,62
05/15/2007,STJ,MO,ACE,CE,Federal Contract Tower,0,0,10,7,17,0,2,7,7,16,0,2,17,14,33,0,99,99,132
05/16/2007,STJ,MO,ACE,CE,Federal Contract Tower,0,0,29,2,31,0,3,29,10,42,0,3,58,12,73,34,8,42,115
05/17/2007,STJ,MO,ACE,CE,Federal Contract Tower,0,0,11,9,20,0,2,23,24,49,0,2,34,33,69,36,30,66,135
05/18/2007,STJ,MO,ACE,CE,Federal Contract Tower,0,0,5,4,9,0,0,48,0,48,0,0,53,4,57,12,0,12,69
05/19/2007,STJ,MO,ACE,CE,Federal Contract Tower,0,0,2,1,3,0,2,68,0,70,0,2,70,1,73,46,0,46,119
05/20/2007,STJ,MO,ACE,CE,Federal Contract Tower,0,0,0,2,2,0,0,51,1,52,0,0,51,3,54,6,0,6,60
05/21/2007,STJ,MO,ACE,CE,Federal Contract Tower,0,0,6,19,25,0,0,24,8,32,0,0,30,27,57,26,35,61,118
05/22/2007,STJ,MO,ACE,CE,Federal Contract Tower,0,0,13,8,21,0,5,6,6,17,0,5,19,14,38,27,74,101,139
05/23/2007,STJ,MO,ACE,CE,Federal Contract Tower,0,0,17,9,26,0,1,20,0,21,0,1,37,9,47,36,26,62,109
05/24/2007,STJ,MO,ACE,CE,Federal Contract Tower,0,0,8,2,10,0,0,14,5,19,0,0,22,7,29,0,46,46,75
05/25/2007,STJ,MO,ACE,CE,Federal Contract Tower,0,0,8,2,10,0,3,28,0,31,0,3,36,2,41,6,0,6,47
05/26/2007,STJ,MO,ACE,CE,Federal Contract Tower,0,0,4,0,4,0,0,3,0,3,0,0,7,0,7,0,0,0,7
05/27/2007,STJ,MO,ACE,CE,Federal Contract Tower,0,0,13,3,16,0,1,11,0,12,0,1,24,3,28,28,0,28,56
05/28/2007,STJ,MO,ACE,CE,Federal Contract Tower,0,0,3,0,3,0,0,7,0,7,0,0,10,0,10,10,0,10,20
05/29/2007,STJ,MO,ACE,CE,Federal Contract Tower,0,0,15,5,20,0,5,32,15,52,0,5,47,20,72,24,22,46,118
05/30/2007,STJ,MO,ACE,CE,Federal Contract Tower,0,0,6,13,19,0,0,4,7,11,0,0,10,20,30,8,19,27,57
05/31/2007,STJ,MO,ACE,CE,Federal Contract Tower,0,0,13,31,44,0,2,80,59,141,0,2,93,90,185,20,30,50,235
06/01/2007,STJ,MO,ACE,CE,Federal Contract Tower,0,0,15,0,15,0,5,26,0,31,0,5,41,0,46,14,0,14,60
06/02/2007,STJ,MO,ACE,CE,Federal Contract Tower,0,0,11,2,13,0,1,42,0,43,0,1,53,2,56,32,0,32,88
06/03/2007,STJ,MO,ACE,CE,Federal Contract Tower,0,0,10,3,13,0,0,21,1,22,0,0,31,4,35,30,2,32,67
06/04/2007,STJ,MO,ACE,CE,Federal Contract Tower,0,0,4,13,17,0,1,22,10,33,0,1,26,23,50,6,24,30,80
06/05/2007,STJ,MO,ACE,CE,Federal Contract Tower,0,0,15,17,32,0,2,53,50,105,0,2,68,67,137,8,82,90,227
06/06/2007,STJ,MO,ACE,CE,Federal Contract Tower,0,0,8,9,17,0,3,21,0,24,0,3,29,9,41,1,45,46,87
06/07/2007,STJ,MO,ACE,CE,Federal Contract Tower,0,0,3,21,24,0,2,1,6,9,0,2,4,27,33,4,18,22,55
06/08/2007,STJ,MO,ACE,CE,Federal Contract Tower,0,2,17,0,19,0,1,64,0,65,0,3,81,0,84,6,0,6,90
06/09/2007,STJ,MO,ACE,CE,Federal Contract Tower,0,0,10,0,10,0,0,45,0,45,0,0,55,0,55,44,0,44,99
06/10/2007,STJ,MO,ACE,CE,Federal Contract Tower,0,0,6,1,7,0,0,10,0,10,0,0,16,1,17,16,0,16,33
06/11/2007,STJ,MO,ACE,CE,Federal Contract Tower,0,0,9,4,13,0,1,23,5,29,0,1,32,9,42,28,54,82,124
06/12/2007,STJ,MO,ACE,CE,Federal Contract Tower,0,0,36,20,56,0,0,28,16,44,0,0,64,36,100,20,18,38,138
06/13/2007,STJ,MO,ACE,CE,Federal Contract Tower,0,0,15,7,22,0,3,31,19,53,0,3,46,26,75,12,38,50,125
06/14/2007,STJ,MO,ACE,CE,Federal Contract Tower,0,0,11,13,24,0,3,34,18,55,0,3,45,31,79,42,22,64,143
06/15/2007,STJ,MO,ACE,CE,Federal Contract Tower,0,1,9,12,22,0,0,16,3,19,0,1,25,15,41,30,16,46,87
06/16/2007,STJ,MO,ACE,CE,Federal Contract Tower,0,0,6,0,6,0,2,42,0,44,0,2,48,0,50,40,0,40,90
06/17/2007,STJ,MO,ACE,CE,Federal Contract Tower,0,0,4,1,5,0,1,6,0,7,0,1,10,1,12,56,0,56,68
06/18/2007,STJ,MO,ACE,CE,Federal Contract Tower,0,1,1,6,8,0,1,4,1,6,0,2,5,7,14,8,30,38,52
06/19/2007,STJ,MO,ACE,CE,Federal Contract Tower,0,1,10,37,48,0,0,48,0,48,0,1,58,37,96,23,59,82,178
06/20/2007,STJ,MO,ACE,CE,Federal Contract Tower,0,0,10,25,35,0,1,21,3,25,0,1,31,28,60,25,16,41,101
06/21/2007,STJ,MO,ACE,CE,Federal Contract Tower,0,0,22,16,38,0,3,27,4,34,0,3,49,20,72,33,55,88,160
06/22/2007,STJ,MO,ACE,CE,Federal Contract Tower,0,0,21,6,27,0,1,20,1,22,0,1,41,7,49,8,12,20,69
06/23/2007,STJ,MO,ACE,CE,Federal Contract Tower,0,0,5,4,9,0,4,27,1,32,0,4,32,5,41,34,2,36,77
06/24/2007,STJ,MO,ACE,CE,Federal Contract Tower,0,0,16,3,19,0,2,58,0,60,0,2,74,3,79,14,0,14,93
06/25/2007,STJ,MO,ACE,CE,Federal Contract Tower,0,0,6,9,15,0,0,19,0,19,0,0,25,9,34,6,22,28,62
06/26/2007,STJ,MO,ACE,CE,Federal Contract Tower,0,0,22,2,24,0,5,21,37,63,0,5,43,39,87,40,34,74,161
06/27/2007,STJ,MO,ACE,CE,Federal Contract Tower,0,0,6,6,12,0,0,21,39,60,0,0,27,45,72,0,48,48,120
06/28/2007,STJ,MO,ACE,CE,Federal Contract Tower,0,0,31,12,43,1,0,27,4,32,1,0,58,16,75,43,48,91,166
06/29/2007,STJ,MO,ACE,CE,Federal Contract Tower,0,0,20,1,21,0,0,25,0,25,0,0,45,1,46,34,0,34,80
06/30/2007,STJ,MO,ACE,CE,Federal Contract Tower,0,0,13,1,14,0,2,32,0,34,0,2,45,1,48,32,0,32,80
07/01/2007,STJ,MO,ACE,CE,Federal Contract Tower,0,0,3,3,6,0,0,30,2,32,0,0,33,5,38,30,2,32,70
07/02/2007,STJ,MO,ACE,CE,Federal Contract Tower,0,0,7,2,9,0,0,53,0,53,0,0,60,2,62,18,0,18,80
07/03/2007,STJ,MO,ACE,CE,Federal Contract Tower,0,0,9,31,40,0,0,46,4,50,0,0,55,35,90,34,46,80,170
07/04/2007,STJ,MO,ACE,CE,Federal Contract Tower,0,0,6,0,6,0,3,49,0,52,0,3,55,0,58,32,0,32,90
07/05/2007,STJ,MO,ACE,CE,Federal Contract Tower,0,0,7,8,15,0,0,54,12,66,0,0,61,20,81,10,16,26,107
07/06/2007,STJ,MO,ACE,CE,Federal Contract Tower,0,0,5,13,18,0,0,25,2,27,0,0,30,15,45,58,2,60,105
07/07/2007,STJ,MO,ACE,CE,Federal Contract Tower,0,0,5,2,7,0,1,37,0,38,0,1,42,2,45,16,0,16,61
07/08/2007,STJ,MO,ACE,CE,Federal Contract Tower,0,0,6,13,19,0,1,21,0,22,0,1,27,13,41,19,1,20,61
07/09/2007,STJ,MO,ACE,CE,Federal Contract Tower,0,2,8,23,33,0,1,31,15,47,0,3,39,38,80,10,20,30,110
07/10/2007,STJ,MO,ACE,CE,Federal Contract Tower,0,0,14,3,17,0,2,18,4,24,0,2,32,7,41,6,30,36,77
07/11/2007,STJ,MO,ACE,CE,Federal Contract Tower,0,0,15,2,17,0,0,28,3,31,0,0,43,5,48,16,6,22,70
07/12/2007,STJ,MO,ACE,CE,Federal Contract Tower,0,0,12,28,40,0,0,19,13,32,0,0,31,41,72,38,24,62,134
07/13/2007,STJ,MO,ACE,CE,Federal Contract Tower,0,0,7,13,20,0,0,28,7,35,0,0,35,20,55,50,7,57,112
07/14/2007,STJ,MO,ACE,CE,Federal Contract Tower,0,0,3,3,6,0,1,52,7,60,0,1,55,10,66,44,4,48,114
07/15/2007,STJ,MO,ACE,CE,Federal Contract Tower,0,0,4,2,6,0,2,30,6,38,0,2,34,8,44,6,2,8,52
07/16/2007,STJ,MO,ACE,CE,Federal Contract Tower,0,0,18,13,31,0,1,22,10,33,0,1,40,23,64,6,36,42,106
07/17/2007,STJ,MO,ACE,CE,Federal Contract Tower,0,0,15,10,25,0,0,32,25,57,0,0,47,35,82,20,72,92,174
07/18/2007,STJ,MO,ACE,CE,Federal Contract Tower,0,3,7,10,20,0,1,17,0,18,0,4,24,10,38,30,2,32,70
07/19/2007,STJ,MO,ACE,CE,Federal Contract Tower,0,0,23,6,29,0,1,5,8,14,0,1,28,14,43,44,11,55,98
07/20/2007,STJ,MO,ACE,CE,Federal Contract Tower,0,0,4,3,7,0,0,44,1,45,0,0,48,4,52,36,4,40,92
07/21/2007,STJ,MO,ACE,CE,Federal Contract Tower,0,0,4,0,4,0,4,22,0,26,0,4,26,0,30,10,0,10,40
07/22/2007,STJ,MO,ACE,CE,Federal Contract Tower,0,0,9,4,13,0,2,52,1,55,0,2,61,5,68,14,0,14,82
07/23/2007,STJ,MO,ACE,CE,Federal Contract Tower,0,0,7,9,16,0,1,5,2,8,0,1,12,11,24,0,14,14,38
07/24/2007,STJ,MO,ACE,CE,Federal Contract Tower,0,0,11,13,24,0,1,34,10,45,0,1,45,23,69,14,35,49,118
07/25/2007,STJ,MO,ACE,CE,Federal Contract Tower,0,0,14,12,26,0,0,50,18,68,0,0,64,30,94,16,0,16,110
07/26/2007,STJ,MO,ACE,CE,Federal Contract Tower,0,0,13,5,18,0,0,45,19,64,0,0,58,24,82,0,0,0,82
07/27/2007,STJ,MO,ACE,CE,Federal Contract Tower,0,0,4,7,11,0,1,28,4,33,0,1,32,11,44,28,0,28,72
07/28/2007,STJ,MO,ACE,CE,Federal Contract Tower,0,0,6,4,10,0,0,24,1,25,0,0,30,5,35,0,0,0,35
07/29/2007,STJ,MO,ACE,CE,Federal Contract Tower,0,0,1,0,1,0,0,22,0,22,0,0,23,0,23,20,0,20,43
07/30/2007,STJ,MO,ACE,CE,Federal Contract Tower,0,0,12,1,13,0,1,35,0,36,0,1,47,1,49,6,2,8,57
07/31/2007,STJ,MO,ACE,CE,Federal Contract Tower,0,0,11,20,31,0,0,37,7,44,0,0,48,27,75,29,32,61,136
08/01/2007,STJ,MO,ACE,CE,Federal Contract Tower,0,0,21,11,32,0,3,19,2,24,0,3,40,13,56,2,16,18,74
08/02/2007,STJ,MO,ACE,CE,Federal Contract Tower,0,1,19,19,39,0,2,17,5,24,0,3,36,24,63,24,60,84,147
08/03/2007,STJ,MO,ACE,CE,Federal Contract Tower,0,0,10,9,19,0,2,29,0,31,0,2,39,9,50,10,0,10,60
08/04/2007,STJ,MO,ACE,CE,Federal Contract Tower,0,0,6,0,6,0,6,22,0,28,0,6,28,0,34,2,0,2,36
08/05/2007,STJ,MO,ACE,CE,Federal Contract Tower,0,0,8,19,27,0,2,12,19,33,0,2,20,38,60,10,50,60,120
08/06/2007,STJ,MO,ACE,CE,Federal Contract Tower,0,0,13,6,19,0,3,15,0,18,0,3,28,6,37,10,30,40,77
08/07/2007,STJ,MO,ACE,CE,Federal Contract Tower,0,0,7,12,19,0,3,35,5,43,0,3,42,17,62,38,91,129,191
08/08/2007,STJ,MO,ACE,CE,Federal Contract Tower,0,0,10,12,22,0,1,16,7,24,0,1,26,19,46,4,10,14,60
08/09/2007,STJ,MO,ACE,CE,Federal Contract Tower,0,1,15,29,45,0,4,24,0,28,0,5,39,29,73,6,36,42,115
08/10/2007,STJ,MO,ACE,CE,Federal Contract Tower,0,0,6,3,9,0,1,28,3,32,0,1,34,6,41,25,8,33,74
08/11/2007,STJ,MO,ACE,CE,Federal Contract Tower,0,1,3,0,4,0,4,42,0,46,0,5,45,0,50,20,0,20,70
08/12/2007,STJ,MO,ACE,CE,Federal Contract Tower,0,0,7,2,9,0,0,38,0,38,0,0,45,2,47,30,0,30,77
08/13/2007,STJ,MO,ACE,CE,Federal Contract Tower,0,0,8,20,28,0,1,37,0,38,0,1,45,20,66,20,44,64,130
08/14/2007,STJ,MO,ACE,CE,Federal Contract Tower,0,0,11,24,35,0,1,34,0,35,0,1,45,24,70,46,74,120,190
08/15/2007,STJ,MO,ACE,CE,Federal Contract Tower,0,0,10,13,23,0,1,32,0,33,0,1,42,13,56,10,44,54,110
08/16/2007,STJ,MO,ACE,CE,Federal Contract Tower,0,0,17,24,41,0,1,43,6,50,0,1,60,30,91,3,62,65,156
08/17/2007,STJ,MO,ACE,CE,Federal Contract Tower,0,0,23,2,25,0,0,16,1,17,0,0,39,3,42,78,2,80,122
08/18/2007,STJ,MO,ACE,CE,Federal Contract Tower,0,0,7,2,9,0,1,24,6,31,0,1,31,8,40,40,0,40,80
08/19/2007,STJ,MO,ACE,CE,Federal Contract Tower,0,0,4,2,6,0,1,33,0,34,0,1,37,2,40,40,0,40,80
08/20/2007,STJ,MO,ACE,CE,Federal Contract Tower,0,0,12,6,18,0,0,22,0,22,0,0,34,6,40,20,20,40,80
08/21/2007,STJ,MO,ACE,CE,Federal Contract Tower,0,0,14,5,19,0,0,36,0,36,0,0,50,5,55,47,97,144,199
08/22/2007,STJ,MO,ACE,CE,Federal Contract Tower,0,0,11,18,29,0,1,13,0,14,0,1,24,18,43,8,38,46,89
08/23/2007,STJ,MO,ACE,CE,Federal Contract Tower,0,0,2,10,12,0,1,44,22,67,0,1,46,32,79,22,10,32,111
08/24/2007,STJ,MO,ACE,CE,Federal Contract Tower,0,0,7,1,8,0,0,16,0,16,0,0,23,1,24,6,0,6,30
08/25/2007,STJ,MO,ACE,CE,Federal Contract Tower,0,0,6,0,6,0,1,17,3,21,0,1,23,3,27,55,14,69,96
08/26/2007,STJ,MO,ACE,CE,Federal Contract Tower,0,0,9,0,9,0,2,19,0,21,0,2,28,0,30,29,0,29,59
08/27/2007,STJ,MO,ACE,CE,Federal Contract Tower,0,2,16,6,24,0,2,22,0,24,0,4,38,6,48,18,34,52,100
08/28/2007,STJ,MO,ACE,CE,Federal Contract Tower,0,1,26,7,34,0,1,37,2,40,0,2,63,9,74,32,100,132,206
08/29/2007,STJ,MO,ACE,CE,Federal Contract Tower,0,2,10,9,21,0,2,26,1,29,0,4,36,10,50,6,4,10,60
08/30/2007,STJ,MO,ACE,CE,Federal Contract Tower,0,0,16,1,17,0,1,36,10,47,0,1,52,11,64,8,48,56,120
08/31/2007,STJ,MO,ACE,CE,Federal Contract Tower,0,1,12,25,38,0,0,50,0,50,0,1,62,25,88,60,12,72,160
09/01/2007,STJ,MO,ACE,CE,Federal Contract Tower,0,0,3,0,3,0,2,45,0,47,0,2,48,0,50,20,0,20,70
09/02/2007,STJ,MO,ACE,CE,Federal Contract Tower,0,0,3,0,3,0,0,45,0,45,0,0,48,0,48,12,0,12,60
09/03/2007,STJ,MO,ACE,CE,Federal Contract Tower,0,0,1,0,1,0,4,25,0,29,0,4,26,0,30,10,0,10,40
09/04/2007,STJ,MO,ACE,CE,Federal Contract Tower,0,0,8,2,10,0,3,30,0,33,0,3,38,2,43,14,58,72,115
09/05/2007,STJ,MO,ACE,CE,Federal Contract Tower,0,0,17,7,24,1,3,17,23,44,1,3,34,30,68,4,8,12,80
09/06/2007,STJ,MO,ACE,CE,Federal Contract Tower,0,0,12,1,13,0,2,11,0,13,0,2,23,1,26,6,0,6,32
09/07/2007,STJ,MO,ACE,CE,Federal Contract Tower,0,0,6,2,8,0,0,18,0,18,0,0,24,2,26,10,24,34,60
09/08/2007,STJ,MO,ACE,CE,Federal Contract Tower,0,0,12,16,28,0,1,42,1,44,0,1,54,17,72,28,10,38,110
09/09/2007,STJ,MO,ACE,CE,Federal Contract Tower,0,0,13,2,15,0,0,26,0,26,0,0,39,2,41,4,0,4,45
09/10/2007,STJ,MO,ACE,CE,Federal Contract Tower,0,0,16,12,28,0,0,28,8,36,0,0,44,20,64,10,6,16,80
09/11/2007,STJ,MO,ACE,CE,Federal Contract Tower,0,0,11,8,19,0,2,45,0,47,0,2,56,8,66,0,48,48,114
09/12/2007,STJ,MO,ACE,CE,Federal Contract Tower,0,0,13,5,18,0,1,31,0,32,0,1,44,5,50,20,40,60,110
09/13/2007,STJ,MO,ACE,CE,Federal Contract Tower,0,0,24,14,38,0,2,23,1,26,0,2,47,15,64,4,78,82,146
09/14/2007,STJ,MO,ACE,CE,Federal Contract Tower,0,2,6,2,10,0,0,25,0,25,0,2,31,2,35,44,16,60,95
09/15/2007,STJ,MO,ACE,CE,Federal Contract Tower,0,2,11,4,17,0,0,33,3,36,0,2,44,7,53,40,32,72,125
09/16/2007,STJ,MO,ACE,CE,Federal Contract Tower,0,0,6,0,6,0,0,29,0,29,0,0,35,0,35,12,0,12,47
09/17/2007,STJ,MO,ACE,CE,Federal Contract Tower,0,2,6,3,11,0,0,19,0,19,0,2,25,3,30,4,26,30,60
09/18/2007,STJ,MO,ACE,CE,Federal Contract Tower,0,0,7,0,7,0,0,19,2,21,0,0,26,2,28,14,8,22,50
09/19/2007,STJ,MO,ACE,CE,Federal Contract Tower,0,0,17,9,26,0,4,20,0,24,0,4,37,9,50,4,46,50,100
09/20/2007,STJ,MO,ACE,CE,Federal Contract Tower,0,0,4,13,17,0,5,32,0,37,0,5,36,13,54,0,6,6,60
09/21/2007,STJ,MO,ACE,CE,Federal Contract Tower,0,0,12,1,13,0,0,35,2,37,0,0,47,3,50,30,0,30,80
09/22/2007,STJ,MO,ACE,CE,Federal Contract Tower,0,0,12,0,12,0,1,63,0,64,0,1,75,0,76,32,0,32,108
09/23/2007,STJ,MO,ACE,CE,Federal Contract Tower,0,0,12,1,13,0,0,39,0,39,0,0,51,1,52,24,0,24,76
09/24/2007,STJ,MO,ACE,CE,Federal Contract Tower,0,0,13,15,28,0,0,21,3,24,0,0,34,18,52,2,46,48,100
09/25/2007,STJ,MO,ACE,CE,Federal Contract Tower,0,0,11,11,22,0,0,2,0,2,0,0,13,11,24,24,77,101,125
09/26/2007,STJ,MO,ACE,CE,Federal Contract Tower,0,0,11,13,24,0,1,19,2,22,0,1,30,15,46,12,12,24,70
09/27/2007,STJ,MO,ACE,CE,Federal Contract Tower,0,0,17,3,20,0,2,36,0,38,0,2,53,3,58,8,4,12,70
09/28/2007,STJ,MO,ACE,CE,Federal Contract Tower,0,0,6,1,7,0,0,27,0,27,0,0,33,1,34,4,0,4,38
09/29/2007,STJ,MO,ACE,CE,Federal Contract Tower,0,2,4,1,7,0,0,8,1,9,0,2,12,2,16,5,0,5,21
09/30/2007,STJ,MO,ACE,CE,Federal Contract Tower,0,0,3,1,4,0,0,8,0,8,0,0,11,1,12,0,0,0,12
10/01/2007,STJ,MO,ACE,CE,Federal Contract Tower,0,0,12,3,15,0,1,36,4,41,0,1,48,7,56,2,2,4,60
10/02/2007,STJ,MO,ACE,CE,Federal Contract Tower,0,0,16,3,19,0,3,11,0,14,0,3,27,3,33,8,41,49,82
10/03/2007,STJ,MO,ACE,CE,Federal Contract Tower,0,0,22,25,47,0,0,22,1,23,0,0,44,26,70,9,44,53,123
10/04/2007,STJ,MO,ACE,CE,Federal Contract Tower,0,0,20,25,45,0,0,18,48,66,0,0,38,73,111,0,40,40,151
10/05/2007,STJ,MO,ACE,CE,Federal Contract Tower,0,0,9,15,24,0,3,21,0,24,0,3,30,15,48,2,30,32,80
10/06/2007,STJ,MO,ACE,CE,Federal Contract Tower,0,0,1,0,1,0,1,24,0,25,0,1,25,0,26,4,0,4,30
10/07/2007,STJ,MO,ACE,CE,Federal Contract Tower,0,0,4,0,4,0,1,23,0,24,0,1,27,0,28,2,0,2,30
10/08/2007,STJ,MO,ACE,CE,Federal Contract Tower,0,2,9,0,11,0,1,18,0,19,0,3,27,0,30,8,0,8,38
10/09/2007,STJ,MO,ACE,CE,Federal Contract Tower,0,0,10,9,19,0,5,20,0,25,0,5,30,9,44,28,53,81,125
10/10/2007,STJ,MO,ACE,CE,Federal Contract Tower,0,0,11,29,40,0,4,28,0,32,0,4,39,29,72,27,26,53,125
10/11/2007,STJ,MO,ACE,CE,Federal Contract Tower,0,0,10,10,20,0,2,19,1,22,0,2,29,11,42,12,26,38,80
10/12/2007,STJ,MO,ACE,CE,Federal Contract Tower,0,0,27,12,39,0,0,31,31,62,0,0,58,43,101,29,26,55,156
10/13/2007,STJ,MO,ACE,CE,Federal Contract Tower,0,0,3,0,3,0,7,6,0,13,0,7,9,0,16,0,0,0,16
10/14/2007,STJ,MO,ACE,CE,Federal Contract Tower,0,0,7,5,12,0,0,11,1,12,0,0,18,6,24,2,4,6,30
10/15/2007,STJ,MO,ACE,CE,Federal Contract Tower,0,2,13,8,23,0,0,23,0,23,0,2,36,8,46,0,24,24,70
10/16/2007,STJ,MO,ACE,CE,Federal Contract Tower,0,0,14,10,24,0,2,46,8,56,0,2,60,18,80,10,50,60,140
10/17/2007,STJ,MO,ACE,CE,Federal Contract Tower,0,0,3,0,3,0,0,2,0,2,0,0,5,0,5,0,0,0,5
10/18/2007,STJ,MO,ACE,CE,Federal Contract Tower,0,1,7,11,19,0,0,11,0,11,0,1,18,11,30,0,4,4,34
10/19/2007,STJ,MO,ACE,CE,Federal Contract Tower,0,1,13,1,15,0,0,15,0,15,0,1,28,1,30,10,10,20,50
10/20/2007,STJ,MO,ACE,CE,Federal Contract Tower,0,0,4,1,5,0,4,72,1,77,0,4,76,2,82,38,0,38,120
10/21/2007,STJ,MO,ACE,CE,Federal Contract Tower,0,0,4,0,4,0,0,45,1,46,0,0,49,1,50,30,0,30,80
10/22/2007,STJ,MO,ACE,CE,Federal Contract Tower,0,0,14,10,24,0,0,34,0,34,0,0,48,10,58,0,42,42,100
10/23/2007,STJ,MO,ACE,CE,Federal Contract Tower,0,0,8,26,34,0,1,36,9,46,0,1,44,35,80,10,120,130,210
10/24/2007,STJ,MO,ACE,CE,Federal Contract Tower,0,0,11,16,27,0,1,28,0,29,0,1,39,16,56,2,134,136,192
10/25/2007,STJ,MO,ACE,CE,Federal Contract Tower,0,0,14,15,29,0,0,31,0,31,0,0,45,15,60,18,54,72,132
10/26/2007,STJ,MO,ACE,CE,Federal Contract Tower,0,0,19,7,26,0,3,19,0,22,0,3,38,7,48,60,2,62,110
10/27/2007,STJ,MO,ACE,CE,Federal Contract Tower,0,0,7,0,7,0,2,75,0,77,0,2,82,0,84,10,0,10,94
10/28/2007,STJ,MO,ACE,CE,Federal Contract Tower,0,0,2,0,2,0,0,55,1,56,0,0,57,1,58,42,0,42,100
10/29/2007,STJ,MO,ACE,CE,Federal Contract Tower,0,0,18,10,28,0,1,31,0,32,0,1,49,10,60,41,48,89,149
10/30/2007,STJ,MO,ACE,CE,Federal Contract Tower,0,6,18,34,58,1,0,13,24,38,1,6,31,58,96,4,30,34,130
10/31/2007,STJ,MO,ACE,CE,Federal Contract Tower,0,0,13,15,28,0,0,26,46,72,0,0,39,61,100,30,30,60,160
11/01/2007,STJ,MO,ACE,CE,Federal Contract Tower,0,0,8,15,23,0,0,27,0,27,0,0,35,15,50,16,24,40,90
11/02/2007,STJ,MO,ACE,CE,Federal Contract Tower,0,0,14,9,23,0,1,48,0,49,0,1,62,9,72,108,20,128,200
11/03/2007,STJ,MO,ACE,CE,Federal Contract Tower,0,0,6,1,7,0,3,51,0,54,0,3,57,1,61,37,2,39,100
11/04/2007,STJ,MO,ACE,CE,Federal Contract Tower,0,0,2,4,6,0,0,30,16,46,0,0,32,20,52,18,10,28,80
11/05/2007,STJ,MO,ACE,CE,Federal Contract Tower,0,0,19,9,28,0,1,19,0,20,0,1,38,9,48,4,38,42,90
11/06/2007,STJ,MO,ACE,CE,Federal Contract Tower,0,0,13,5,18,0,0,12,2,14,0,0,25,7,32,29,37,66,98
11/07/2007,STJ,MO,ACE,CE,Federal Contract Tower,0,0,4,4,8,0,0,40,0,40,0,0,44,4,48,28,44,72,120
11/08/2007,STJ,MO,ACE,CE,Federal Contract Tower,0,0,16,6,22,0,1,21,0,22,0,1,37,6,44,6,10,16,60
11/09/2007,STJ,MO,ACE,CE,Federal Contract Tower,0,2,20,9,31,0,2,73,4,79,0,4,93,13,110,50,50,100,210
11/10/2007,STJ,MO,ACE,CE,Federal Contract Tower,0,0,14,6,20,0,1,24,4,29,0,1,38,10,49,24,0,24,73
11/11/2007,STJ,MO,ACE,CE,Federal Contract Tower,0,2,9,1,12,0,0,8,0,8,0,2,17,1,20,30,0,30,50
11/12/2007,STJ,MO,ACE,CE,Federal Contract Tower,0,0,9,0,9,0,0,7,0,7,0,0,16,0,16,50,0,50,66
11/13/2007,STJ,MO,ACE,CE,Federal Contract Tower,0,0,15,20,35,0,0,31,0,31,0,0,46,20,66,4,60,64,130
11/14/2007,STJ,MO,ACE,CE,Federal Contract Tower,0,0,3,2,5,0,0,19,0,19,0,0,22,2,24,0,22,22,46
11/15/2007,STJ,MO,ACE,CE,Federal Contract Tower,0,0,16,13,29,0,2,26,1,29,0,2,42,14,58,40,38,78,136
11/16/2007,STJ,MO,ACE,CE,Federal Contract Tower,0,3,13,3,19,0,3,29,0,32,0,6,42,3,51,6,0,6,57
11/17/2007,STJ,MO,ACE,CE,Federal Contract Tower,0,0,6,0,6,0,0,82,0,82,0,0,88,0,88,70,0,70,158
11/18/2007,STJ,MO,ACE,CE,Federal Contract Tower,0,0,14,1,15,0,0,4,0,4,0,0,18,1,19,38,0,38,57
11/19/2007,STJ,MO,ACE,CE,Federal Contract Tower,0,2,12,14,28,0,1,18,1,20,0,3,30,15,48,70,2,72,120
11/20/2007,STJ,MO,ACE,CE,Federal Contract Tower,0,1,10,0,11,0,1,12,8,21,0,2,22,8,32,31,0,31,63
11/21/2007,STJ,MO,ACE,CE,Federal Contract Tower,0,0,2,6,8,0,0,0,2,2,0,0,2,8,10,0,0,0,10
11/22/2007,STJ,MO,ACE,CE,Federal Contract Tower,0,0,2,0,2,0,1,7,0,8,0,1,9,0,10,0,0,0,10
11/23/2007,STJ,MO,ACE,CE,Federal Contract Tower,2,0,2,0,4,0,1,55,0,56,2,1,57,0,60,40,0,40,100
11/24/2007,STJ,MO,ACE,CE,Federal Contract Tower,1,0,7,0,8,0,3,13,2,18,1,3,20,2,26,26,1,27,53
11/25/2007,STJ,MO,ACE,CE,Federal Contract Tower,0,0,2,0,2,0,1,55,0,56,0,1,57,0,58,12,0,12,70
11/26/2007,STJ,MO,ACE,CE,Federal Contract Tower,0,0,11,10,21,0,0,35,0,35,0,0,46,10,56,32,12,44,100
11/27/2007,STJ,MO,ACE,CE,Federal Contract Tower,0,0,16,11,27,0,2,36,0,38,0,2,52,11,65,29,70,99,164
11/28/2007,STJ,MO,ACE,CE,Federal Contract Tower,0,6,2,2,10,0,1,20,3,24,0,7,22,5,34,4,42,46,80
11/29/2007,STJ,MO,ACE,CE,Federal Contract Tower,0,30,14,9,53,0,0,44,0,44,0,30,58,9,97,34,50,84,181
11/30/2007,STJ,MO,ACE,CE,Federal Contract Tower,2,0,12,15,29,0,0,46,5,51,2,0,58,20,80,30,0,30,110
12/01/2007,STJ,MO,ACE,CE,Federal Contract Tower,0,0,0,0,0,0,0,19,45,64,0,0,19,45,64,8,61,69,133
12/02/2007,STJ,MO,ACE,CE,Federal Contract Tower,0,0,0,0,0,1,2,33,40,76,1,2,33,40,76,8,51,59,135
12/03/2007,STJ,MO,ACE,CE,Federal Contract Tower,0,0,10,12,22,0,0,39,2,41,0,0,49,14,63,0,0,0,63
12/04/2007,STJ,MO,ACE,CE,Federal Contract Tower,0,0,7,5,12,0,2,22,0,24,0,2,29,5,36,39,4,43,79
12/05/2007,STJ,MO,ACE,CE,Federal Contract Tower,0,1,11,3,15,1,0,13,2,16,1,1,24,5,31,0,34,34,65
12/06/2007,STJ,MO,ACE,CE,Federal Contract Tower,0,1,2,0,3,0,0,7,0,7,0,1,9,0,10,0,0,0,10
12/07/2007,STJ,MO,ACE,CE,Federal Contract Tower,2,1,2,1,6,0,0,2,0,2,2,1,4,1,8,0,0,0,8
12/08/2007,STJ,MO,ACE,CE,Federal Contract Tower,0,0,0,2,2,0,0,0,0,0,0,0,0,2,2,0,0,0,2
12/09/2007,STJ,MO,ACE,CE,Federal Contract Tower,0,0,0,1,1,0,0,0,0,0,0,0,0,1,1,0,0,0,1
12/10/2007,STJ,MO,ACE,CE,Federal Contract Tower,0,0,10,2,12,0,1,0,0,1,0,1,10,2,13,0,0,0,13
12/11/2007,STJ,MO,ACE,CE,Federal Contract Tower,0,0,0,0,0,0,0,0,0,0,0,0,0,0,0,0,0,0,0
12/12/2007,STJ,MO,ACE,CE,Federal Contract Tower,0,0,6,0,6,0,0,5,0,5,0,0,11,0,11,12,0,12,23
12/13/2007,STJ,MO,ACE,CE,Federal Contract Tower,0,0,16,2,18,0,0,28,2,30,0,0,44,4,48,28,2,30,78
12/14/2007,STJ,MO,ACE,CE,Federal Contract Tower,0,0,9,1,10,0,2,20,0,22,0,2,29,1,32,19,0,19,51
12/15/2007,STJ,MO,ACE,CE,Federal Contract Tower,0,0,1,3,4,0,0,0,0,0,0,0,1,3,4,0,0,0,4
12/16/2007,STJ,MO,ACE,CE,Federal Contract Tower,0,0,2,1,3,0,1,16,0,17,0,1,18,1,20,13,0,13,33
12/17/2007,STJ,MO,ACE,CE,Federal Contract Tower,0,0,23,9,32,0,3,24,0,27,0,3,47,9,59,20,50,70,129
12/18/2007,STJ,MO,ACE,CE,Federal Contract Tower,0,0,6,6,12,0,3,32,0,35,0,3,38,6,47,18,112,130,177
12/19/2007,STJ,MO,ACE,CE,Federal Contract Tower,0,0,14,17,31,0,0,29,0,29,0,0,43,17,60,10,100,110,170
12/20/2007,STJ,MO,ACE,CE,Federal Contract Tower,0,0,19,9,28,0,3,41,0,44,0,3,60,9,72,18,60,78,150
12/21/2007,STJ,MO,ACE,CE,Federal Contract Tower,0,0,7,4,11,0,0,17,0,17,0,0,24,4,28,16,26,42,70
12/22/2007,STJ,MO,ACE,CE,Federal Contract Tower,0,0,1,0,1,0,1,0,0,1,0,1,1,0,2,0,0,0,2
12/23/2007,STJ,MO,ACE,CE,Federal Contract Tower,0,0,2,0,2,0,1,7,0,8,0,1,9,0,10,0,0,0,10
12/24/2007,STJ,MO,ACE,CE,Federal Contract Tower,0,0,3,0,3,0,0,37,0,37,0,0,40,0,40,30,0,30,70
12/25/2007,STJ,MO,ACE,CE,Federal Contract Tower,0,0,2,0,2,0,0,18,0,18,0,0,20,0,20,20,0,20,40
12/26/2007,STJ,MO,ACE,CE,Federal Contract Tower,0,0,4,0,4,0,0,6,0,6,0,0,10,0,10,30,0,30,40
12/27/2007,STJ,MO,ACE,CE,Federal Contract Tower,0,0,6,0,6,0,0,0,0,0,0,0,6,0,6,0,0,0,6
12/28/2007,STJ,MO,ACE,CE,Federal Contract Tower,0,0,0,0,0,0,1,3,0,4,0,1,3,0,4,32,0,32,36
12/29/2007,STJ,MO,ACE,CE,Federal Contract Tower,0,0,3,0,3,0,3,42,0,45,0,3,45,0,48,22,0,22,70
12/30/2007,STJ,MO,ACE,CE,Federal Contract Tower,0,0,7,0,7,0,0,16,0,16,0,0,23,0,23,40,0,40,63
12/31/2007,STJ,MO,ACE,CE,Federal Contract Tower,0,0,0,0,0,0,0,17,0,17,0,0,17,0,17,16,0,16,33
01/01/2008,STJ,MO,ACE,CE,Federal Contract Tower,0,0,1,0,1,0,0,3,0,3,0,0,4,0,4,0,0,0,4
01/02/2008,STJ,MO,ACE,CE,Federal Contract Tower,0,0,15,1,16,0,1,32,0,33,0,1,47,1,49,24,0,24,73
01/03/2008,STJ,MO,ACE,CE,Federal Contract Tower,0,0,11,8,19,0,1,13,7,21,0,1,24,15,40,24,39,63,103
01/04/2008,STJ,MO,ACE,CE,Federal Contract Tower,0,0,3,4,7,0,0,32,1,33,0,0,35,5,40,32,8,40,80
01/05/2008,STJ,MO,ACE,CE,Federal Contract Tower,0,2,6,2,10,0,0,19,1,20,0,2,25,3,30,10,0,10,40
01/06/2008,STJ,MO,ACE,CE,Federal Contract Tower,0,0,6,2,8,0,0,36,0,36,0,0,42,2,44,48,0,48,92
01/07/2008,STJ,MO,ACE,CE,Federal Contract Tower,0,0,9,9,18,0,0,14,0,14,0,0,23,9,32,18,120,138,170
01/08/2008,STJ,MO,ACE,CE,Federal Contract Tower,0,0,7,10,17,0,1,18,0,19,0,1,25,10,36,0,94,94,130
01/09/2008,STJ,MO,ACE,CE,Federal Contract Tower,0,1,13,6,20,0,1,23,0,24,0,2,36,6,44,2,94,96,140
01/10/2008,STJ,MO,ACE,CE,Federal Contract Tower,0,0,13,6,19,0,0,9,0,9,0,0,22,6,28,0,18,18,46
01/11/2008,STJ,MO,ACE,CE,Federal Contract Tower,0,0,6,0,6,0,0,38,0,38,0,0,44,0,44,46,0,46,90
01/12/2008,STJ,MO,ACE,CE,Federal Contract Tower,0,0,1,0,1,0,0,29,0,29,0,0,30,0,30,30,0,30,60
01/13/2008,STJ,MO,ACE,CE,Federal Contract Tower,0,2,3,0,5,0,0,55,0,55,0,2,58,0,60,30,0,30,90
01/14/2008,STJ,MO,ACE,CE,Federal Contract Tower,0,0,5,10,15,0,1,30,0,31,0,1,35,10,46,8,6,14,60
01/15/2008,STJ,MO,ACE,CE,Federal Contract Tower,0,0,13,5,18,0,1,17,0,18,0,1,30,5,36,14,10,24,60
01/16/2008,STJ,MO,ACE,CE,Federal Contract Tower,0,2,6,8,16,0,1,11,0,12,0,3,17,8,28,2,10,12,40
01/17/2008,STJ,MO,ACE,CE,Federal Contract Tower,0,0,18,6,24,0,2,11,3,16,0,2,29,9,40,14,26,40,80
01/18/2008,STJ,MO,ACE,CE,Federal Contract Tower,0,0,3,2,5,0,3,5,1,9,0,3,8,3,14,0,0,0,14
01/19/2008,STJ,MO,ACE,CE,Federal Contract Tower,0,0,15,2,17,0,3,4,0,7,0,3,19,2,24,36,0,36,60
01/20/2008,STJ,MO,ACE,CE,Federal Contract Tower,0,0,0,1,1,0,0,4,0,4,0,0,4,1,5,24,0,24,29
01/21/2008,STJ,MO,ACE,CE,Federal Contract Tower,0,0,9,1,10,0,0,13,0,13,0,0,22,1,23,16,0,16,39
01/22/2008,STJ,MO,ACE,CE,Federal Contract Tower,0,1,9,3,13,0,0,8,17,25,0,1,17,20,38,22,60,82,120
01/23/2008,STJ,MO,ACE,CE,Federal Contract Tower,0,0,9,7,16,0,0,12,0,12,0,0,21,7,28,4,78,82,110
01/24/2008,STJ,MO,ACE,CE,Federal Contract Tower,0,0,16,19,35,0,0,21,4,25,0,0,37,23,60,22,98,120,180
01/25/2008,STJ,MO,ACE,CE,Federal Contract Tower,0,0,8,3,11,0,1,10,0,11,0,1,18,3,22,2,6,8,30
01/26/2008,STJ,MO,ACE,CE,Federal Contract Tower,0,0,9,0,9,0,0,31,0,31,0,0,40,0,40,50,0,50,90
01/27/2008,STJ,MO,ACE,CE,Federal Contract Tower,0,0,4,3,7,0,1,62,0,63,0,1,66,3,70,30,0,30,100
01/28/2008,STJ,MO,ACE,CE,Federal Contract Tower,0,0,2,10,12,0,3,8,0,11,0,3,10,10,23,4,76,80,103
01/29/2008,STJ,MO,ACE,CE,Federal Contract Tower,0,0,2,0,2,0,0,3,0,3,0,0,5,0,5,0,0,0,5
01/30/2008,STJ,MO,ACE,CE,Federal Contract Tower,0,0,22,10,32,0,1,3,0,4,0,1,25,10,36,10,54,64,100
01/31/2008,STJ,MO,ACE,CE,Federal Contract Tower,0,0,5,4,9,0,0,11,0,11,0,0,16,4,20,8,32,40,60
02/01/2008,STJ,MO,ACE,CE,Federal Contract Tower,0,2,3,3,8,0,0,32,0,32,0,2,35,3,40,10,0,10,50
02/02/2008,STJ,MO,ACE,CE,Federal Contract Tower,0,0,1,1,2,0,1,43,0,44,0,1,44,1,46,46,0,46,92
02/03/2008,STJ,MO,ACE,CE,Federal Contract Tower,0,0,9,2,11,0,0,1,0,1,0,0,10,2,12,0,0,0,12
02/04/2008,STJ,MO,ACE,CE,Federal Contract Tower,0,0,11,0,11,0,3,2,0,5,0,3,13,0,16,22,0,22,38
02/05/2008,STJ,MO,ACE,CE,Federal Contract Tower,0,0,3,0,3,0,0,0,0,0,0,0,3,0,3,0,0,0,3
02/06/2008,STJ,MO,ACE,CE,Federal Contract Tower,0,0,3,0,3,0,0,0,0,0,0,0,3,0,3,0,0,0,3
02/07/2008,STJ,MO,ACE,CE,Federal Contract Tower,0,0,8,12,20,0,1,30,3,34,0,1,38,15,54,0,36,36,90
02/08/2008,STJ,MO,ACE,CE,Federal Contract Tower,0,2,8,3,13,0,2,33,2,37,0,4,41,5,50,10,10,20,70
02/09/2008,STJ,MO,ACE,CE,Federal Contract Tower,0,0,3,0,3,0,3,34,0,37,0,3,37,0,40,10,0,10,50
02/10/2008,STJ,MO,ACE,CE,Federal Contract Tower,0,0,6,0,6,0,1,63,0,64,0,1,69,0,70,30,0,30,100
02/11/2008,STJ,MO,ACE,CE,Federal Contract Tower,0,0,5,7,12,0,1,1,0,2,0,1,6,7,14,0,68,68,82
02/12/2008,STJ,MO,ACE,CE,Federal Contract Tower,0,0,6,10,16,0,3,16,0,19,0,3,22,10,35,3,104,107,142
02/13/2008,STJ,MO,ACE,CE,Federal Contract Tower,0,0,12,7,19,0,1,27,0,28,0,1,39,7,47,42,41,83,130
02/14/2008,STJ,MO,ACE,CE,Federal Contract Tower,0,0,11,21,32,0,0,11,11,22,0,0,22,32,54,0,20,20,74
02/15/2008,STJ,MO,ACE,CE,Federal Contract Tower,0,0,10,6,16,0,0,23,0,23,0,0,33,6,39,8,0,8,47
02/16/2008,STJ,MO,ACE,CE,Federal Contract Tower,0,1,10,0,11,0,0,57,2,59,0,1,67,2,70,40,0,40,110
02/17/2008,STJ,MO,ACE,CE,Federal Contract Tower,0,1,2,1,4,0,0,2,0,2,0,1,4,1,6,0,0,0,6
02/18/2008,STJ,MO,ACE,CE,Federal Contract Tower,0,0,5,4,9,0,0,11,0,11,0,0,16,4,20,10,0,10,30
02/19/2008,STJ,MO,ACE,CE,Federal Contract Tower,0,0,17,19,36,0,2,14,8,24,0,2,31,27,60,36,30,66,126
02/20/2008,STJ,MO,ACE,CE,Federal Contract Tower,0,1,9,21,31,0,0,17,10,27,0,1,26,31,58,2,10,12,70
02/21/2008,STJ,MO,ACE,CE,Federal Contract Tower,0,1,11,5,17,0,1,6,7,14,0,2,17,12,31,0,0,0,31
02/22/2008,STJ,MO,ACE,CE,Federal Contract Tower,0,0,6,9,15,0,0,2,0,2,0,0,8,9,17,1,44,45,62
02/23/2008,STJ,MO,ACE,CE,Federal Contract Tower,0,0,10,0,10,0,0,15,0,15,0,0,25,0,25,68,0,68,93
02/24/2008,STJ,MO,ACE,CE,Federal Contract Tower,0,0,4,1,5,0,0,15,0,15,0,0,19,1,20,0,0,0,20
02/25/2008,STJ,MO,ACE,CE,Federal Contract Tower,0,0,17,0,17,0,1,2,0,3,0,1,19,0,20,2,0,2,22
02/26/2008,STJ,MO,ACE,CE,Federal Contract Tower,0,0,3,15,18,0,0,14,19,33,0,0,17,34,51,40,45,85,136
02/27/2008,STJ,MO,ACE,CE,Federal Contract Tower,0,0,6,21,27,0,0,58,15,73,0,0,64,36,100,24,76,100,200
02/28/2008,STJ,MO,ACE,CE,Federal Contract Tower,0,0,8,14,22,0,0,7,9,16,0,0,15,23,38,24,28,52,90
02/29/2008,STJ,MO,ACE,CE,Federal Contract Tower,0,0,7,6,13,0,0,38,3,41,0,0,45,9,54,50,0,50,104
03/01/2008,STJ,MO,ACE,CE,Federal Contract Tower,0,0,2,0,2,0,0,15,0,15,0,0,17,0,17,14,0,14,31
03/02/2008,STJ,MO,ACE,CE,Federal Contract Tower,0,0,11,0,11,0,0,7,0,7,0,0,18,0,18,4,0,4,22
03/03/2008,STJ,MO,ACE,CE,Federal Contract Tower,0,0,2,47,49,0,0,0,0,0,0,0,2,47,49,4,7,11,60
03/04/2008,STJ,MO,ACE,CE,Federal Contract Tower,0,2,5,20,27,0,0,21,13,34,0,2,26,33,61,46,70,116,177
03/05/2008,STJ,MO,ACE,CE,Federal Contract Tower,0,0,18,24,42,0,1,4,13,18,0,1,22,37,60,12,18,30,90
03/06/2008,STJ,MO,ACE,CE,Federal Contract Tower,0,0,14,45,59,0,2,49,38,89,0,2,63,83,148,30,64,94,242
03/07/2008,STJ,MO,ACE,CE,Federal Contract Tower,0,0,3,5,8,0,0,1,1,2,0,0,4,6,10,0,0,0,10
03/08/2008,STJ,MO,ACE,CE,Federal Contract Tower,0,0,5,1,6,0,1,38,3,42,0,1,43,4,48,6,0,6,54
03/09/2008,STJ,MO,ACE,CE,Federal Contract Tower,0,0,13,1,14,0,0,47,2,49,0,0,60,3,63,40,4,44,107
03/10/2008,STJ,MO,ACE,CE,Federal Contract Tower,0,0,10,17,27,0,2,10,1,13,0,2,20,18,40,40,130,170,210
03/11/2008,STJ,MO,ACE,CE,Federal Contract Tower,2,1,5,28,36,0,6,18,0,24,2,7,23,28,60,22,26,48,108
03/12/2008,STJ,MO,ACE,CE,Federal Contract Tower,0,4,12,3,19,0,2,34,0,36,0,6,46,3,55,46,0,46,101
03/13/2008,STJ,MO,ACE,CE,Federal Contract Tower,0,0,16,18,34,0,3,13,3,19,0,3,29,21,53,18,64,82,135
03/14/2008,STJ,MO,ACE,CE,Federal Contract Tower,0,0,3,1,4,0,0,2,0,2,0,0,5,1,6,14,0,14,20
03/15/2008,STJ,MO,ACE,CE,Federal Contract Tower,0,0,5,1,6,0,0,5,0,5,0,0,10,1,11,20,0,20,31
03/16/2008,STJ,MO,ACE,CE,Federal Contract Tower,0,0,4,2,6,0,0,15,0,15,0,0,19,2,21,8,0,8,29
03/17/2008,STJ,MO,ACE,CE,Federal Contract Tower,0,2,9,37,48,0,0,3,0,3,0,2,12,37,51,0,0,0,51
03/18/2008,STJ,MO,ACE,CE,Federal Contract Tower,0,0,8,14,22,0,0,3,6,9,0,0,11,20,31,0,64,64,95
03/19/2008,STJ,MO,ACE,CE,Federal Contract Tower,0,2,15,23,40,0,1,27,14,42,0,3,42,37,82,48,80,128,210
03/20/2008,STJ,MO,ACE,CE,Federal Contract Tower,0,4,29,10,43,0,1,23,14,38,0,5,52,24,81,50,50,100,181
03/21/2008,STJ,MO,ACE,CE,Federal Contract Tower,0,0,8,0,8,0,2,30,0,32,0,2,38,0,40,0,0,0,40
03/22/2008,STJ,MO,ACE,CE,Federal Contract Tower,0,0,6,0,6,0,0,34,0,34,0,0,40,0,40,90,0,90,130
03/23/2008,STJ,MO,ACE,CE,Federal Contract Tower,0,0,9,0,9,0,0,5,0,5,0,0,14,0,14,6,0,6,20
03/24/2008,STJ,MO,ACE,CE,Federal Contract Tower,0,0,6,28,34,0,2,10,0,12,0,2,16,28,46,26,40,66,112
03/25/2008,STJ,MO,ACE,CE,Federal Contract Tower,1,0,9,18,28,0,4,31,7,42,1,4,40,25,70,30,50,80,150
03/26/2008,STJ,MO,ACE,CE,Federal Contract Tower,0,0,9,16,25,0,0,24,18,42,0,0,33,34,67,10,13,23,90
03/27/2008,STJ,MO,ACE,CE,Federal Contract Tower,0,0,11,17,28,0,0,1,13,14,0,0,12,30,42,0,10,10,52
03/28/2008,STJ,MO,ACE,CE,Federal Contract Tower,0,0,10,34,44,0,1,23,0,24,0,1,33,34,68,22,20,42,110
03/29/2008,STJ,MO,ACE,CE,Federal Contract Tower,0,0,11,2,13,0,0,11,2,13,0,0,22,4,26,10,6,16,42
03/30/2008,STJ,MO,ACE,CE,Federal Contract Tower,0,0,5,4,9,0,1,3,0,4,0,1,8,4,13,0,0,0,13
03/31/2008,STJ,MO,ACE,CE,Federal Contract Tower,0,0,7,14,21,0,0,1,0,1,0,0,8,14,22,3,50,53,75
04/01/2008,STJ,MO,ACE,CE,Federal Contract Tower,0,0,4,11,15,0,0,6,25,31,0,0,10,36,46,13,85,98,144
04/02/2008,STJ,MO,ACE,CE,Federal Contract Tower,0,0,10,14,24,0,0,0,0,0,0,0,10,14,24,50,10,60,84
04/03/2008,STJ,MO,ACE,CE,Federal Contract Tower,0,2,12,10,24,0,0,4,3,7,0,2,16,13,31,0,0,0,31
04/04/2008,STJ,MO,ACE,CE,Federal Contract Tower,0,0,8,6,14,0,0,18,9,27,0,0,26,15,41,60,34,94,135
04/05/2008,STJ,MO,ACE,CE,Federal Contract Tower,0,0,2,2,4,0,4,32,0,36,0,4,34,2,40,30,0,30,70
04/06/2008,STJ,MO,ACE,CE,Federal Contract Tower,0,0,5,0,5,0,0,9,0,9,0,0,14,0,14,6,0,6,20
04/07/2008,STJ,MO,ACE,CE,Federal Contract Tower,0,1,4,5,10,0,0,21,0,21,0,1,25,5,31,4,0,4,35
04/08/2008,STJ,MO,ACE,CE,Federal Contract Tower,0,0,15,4,19,0,0,0,0,0,0,0,15,4,19,0,0,0,19
04/09/2008,STJ,MO,ACE,CE,Federal Contract Tower,0,0,7,8,15,0,0,23,4,27,0,0,30,12,42,14,34,48,90
04/10/2008,STJ,MO,ACE,CE,Federal Contract Tower,0,0,5,3,8,0,0,0,0,0,0,0,5,3,8,0,0,0,8
04/11/2008,STJ,MO,ACE,CE,Federal Contract Tower,0,0,6,0,6,0,0,30,0,30,0,0,36,0,36,0,0,0,36
04/12/2008,STJ,MO,ACE,CE,Federal Contract Tower,0,0,2,0,2,0,0,2,0,2,0,0,4,0,4,0,0,0,4
04/13/2008,STJ,MO,ACE,CE,Federal Contract Tower,0,0,5,8,13,0,0,8,0,8,0,0,13,8,21,0,0,0,21
04/14/2008,STJ,MO,ACE,CE,Federal Contract Tower,0,0,5,28,33,0,0,41,0,41,0,0,46,28,74,29,24,53,127
04/15/2008,STJ,MO,ACE,CE,Federal Contract Tower,0,0,11,14,25,0,3,20,22,45,0,3,31,36,70,1,52,53,123
04/16/2008,STJ,MO,ACE,CE,Federal Contract Tower,0,0,13,3,16,0,0,22,2,24,0,0,35,5,40,9,0,9,49
04/17/2008,STJ,MO,ACE,CE,Federal Contract Tower,0,0,1,3,4,0,16,0,0,16,0,16,1,3,20,0,10,10,30
04/18/2008,STJ,MO,ACE,CE,Federal Contract Tower,0,0,12,4,16,0,0,1,0,1,0,0,13,4,17,0,0,0,17
04/19/2008,STJ,MO,ACE,CE,Federal Contract Tower,0,1,16,0,17,0,0,18,0,18,0,1,34,0,35,65,0,65,100
04/20/2008,STJ,MO,ACE,CE,Federal Contract Tower,0,0,15,1,16,0,0,32,0,32,0,0,47,1,48,8,0,8,56
04/21/2008,STJ,MO,ACE,CE,Federal Contract Tower,0,0,7,21,28,0,1,7,10,18,0,1,14,31,46,20,62,82,128
04/22/2008,STJ,MO,ACE,CE,Federal Contract Tower,0,0,13,6,19,0,2,5,0,7,0,2,18,6,26,63,51,114,140
04/23/2008,STJ,MO,ACE,CE,Federal Contract Tower,0,0,23,4,27,0,1,6,0,7,0,1,29,4,34,16,30,46,80
04/24/2008,STJ,MO,ACE,CE,Federal Contract Tower,0,0,12,12,24,0,1,23,2,26,0,1,35,14,50,10,0,10,60
04/25/2008,STJ,MO,ACE,CE,Federal Contract Tower,0,0,11,0,11,0,0,0,0,0,0,0,11,0,11,0,0,0,11
04/26/2008,STJ,MO,ACE,CE,Federal Contract Tower,0,0,4,2,6,0,2,37,1,40,0,2,41,3,46,24,0,24,70
04/27/2008,STJ,MO,ACE,CE,Federal Contract Tower,0,0,8,2,10,0,0,7,0,7,0,0,15,2,17,48,0,48,65
04/28/2008,STJ,MO,ACE,CE,Federal Contract Tower,0,0,14,9,23,0,2,9,8,19,0,2,23,17,42,0,36,36,78
04/29/2008,STJ,MO,ACE,CE,Federal Contract Tower,0,0,16,22,38,0,1,25,22,48,0,1,41,44,86,4,68,72,158
04/30/2008,STJ,MO,ACE,CE,Federal Contract Tower,0,0,10,3,13,0,4,23,0,27,0,4,33,3,40,0,14,14,54
05/01/2008,STJ,MO,ACE,CE,Federal Contract Tower,0,0,12,20,32,0,2,15,28,45,0,2,27,48,77,6,27,33,110
05/02/2008,STJ,MO,ACE,CE,Federal Contract Tower,0,0,9,3,12,0,2,14,0,16,0,2,23,3,28,0,0,0,28
05/03/2008,STJ,MO,ACE,CE,Federal Contract Tower,0,0,3,10,13,0,0,13,14,27,0,0,16,24,40,12,8,20,60
05/04/2008,STJ,MO,ACE,CE,Federal Contract Tower,0,0,2,4,6,0,0,59,6,65,0,0,61,10,71,54,8,62,133
05/05/2008,STJ,MO,ACE,CE,Federal Contract Tower,0,0,8,10,18,0,0,32,13,45,0,0,40,23,63,26,23,49,112
05/06/2008,STJ,MO,ACE,CE,Federal Contract Tower,0,0,5,8,13,0,4,16,17,37,0,4,21,25,50,11,72,83,133
05/07/2008,STJ,MO,ACE,CE,Federal Contract Tower,0,0,13,22,35,0,0,11,22,33,0,0,24,44,68,10,32,42,110
05/08/2008,STJ,MO,ACE,CE,Federal Contract Tower,0,0,24,30,54,0,2,25,10,37,0,2,49,40,91,31,22,53,144
05/09/2008,STJ,MO,ACE,CE,Federal Contract Tower,0,0,4,1,5,0,0,6,21,27,0,0,10,22,32,14,10,24,56
05/10/2008,STJ,MO,ACE,CE,Federal Contract Tower,0,0,1,1,2,0,0,6,1,7,0,0,7,2,9,20,0,20,29
05/11/2008,STJ,MO,ACE,CE,Federal Contract Tower,0,0,2,2,4,0,0,4,0,4,0,0,6,2,8,0,0,0,8
05/12/2008,STJ,MO,ACE,CE,Federal Contract Tower,0,0,9,10,19,0,0,28,8,36,0,0,37,18,55,15,66,81,136
05/13/2008,STJ,MO,ACE,CE,Federal Contract Tower,0,0,10,17,27,0,3,12,12,27,0,3,22,29,54,14,60,74,128
05/14/2008,STJ,MO,ACE,CE,Federal Contract Tower,0,0,19,17,36,0,0,14,12,26,0,0,33,29,62,50,20,70,132
05/15/2008,STJ,MO,ACE,CE,Federal Contract Tower,0,0,11,24,35,0,2,24,51,77,0,2,35,75,112,10,18,28,140
05/16/2008,STJ,MO,ACE,CE,Federal Contract Tower,2,0,15,6,23,0,3,34,4,41,2,3,49,10,64,12,13,25,89
05/17/2008,STJ,MO,ACE,CE,Federal Contract Tower,0,0,5,4,9,0,6,48,9,63,0,6,53,13,72,58,0,58,130
05/18/2008,STJ,MO,ACE,CE,Federal Contract Tower,0,0,2,1,3,0,1,55,1,57,0,1,57,2,60,14,0,14,74
05/19/2008,STJ,MO,ACE,CE,Federal Contract Tower,0,0,14,16,30,0,0,22,1,23,0,0,36,17,53,10,0,10,63
05/20/2008,STJ,MO,ACE,CE,Federal Contract Tower,0,0,9,5,14,0,0,16,1,17,0,0,25,6,31,0,0,0,31
05/21/2008,STJ,MO,ACE,CE,Federal Contract Tower,0,0,9,12,21,0,2,37,0,39,0,2,46,12,60,38,38,76,136
05/22/2008,STJ,MO,ACE,CE,Federal Contract Tower,0,0,8,1,9,0,0,8,0,8,0,0,16,1,17,0,0,0,17
05/23/2008,STJ,MO,ACE,CE,Federal Contract Tower,0,4,2,1,7,0,0,22,2,24,0,4,24,3,31,4,0,4,35
05/24/2008,STJ,MO,ACE,CE,Federal Contract Tower,0,2,2,0,4,0,0,24,0,24,0,2,26,0,28,12,0,12,40
05/25/2008,STJ,MO,ACE,CE,Federal Contract Tower,0,0,4,2,6,0,0,7,0,7,0,0,11,2,13,19,0,19,32
05/26/2008,STJ,MO,ACE,CE,Federal Contract Tower,0,0,5,1,6,0,0,13,1,14,0,0,18,2,20,0,0,0,20
05/27/2008,STJ,MO,ACE,CE,Federal Contract Tower,0,0,26,4,30,0,0,11,3,14,0,0,37,7,44,10,8,18,62
05/28/2008,STJ,MO,ACE,CE,Federal Contract Tower,0,0,25,10,35,1,0,15,0,16,1,0,40,10,51,9,35,44,95
05/29/2008,STJ,MO,ACE,CE,Federal Contract Tower,0,0,9,15,24,0,1,34,1,36,0,1,43,16,60,40,38,78,138
05/30/2008,STJ,MO,ACE,CE,Federal Contract Tower,0,0,13,5,18,0,2,32,8,42,0,2,45,13,60,30,20,50,110
05/31/2008,STJ,MO,ACE,CE,Federal Contract Tower,0,0,5,0,5,0,1,32,0,33,0,1,37,0,38,52,0,52,90
06/01/2008,STJ,MO,ACE,CE,Federal Contract Tower,0,0,3,1,4,0,1,38,1,40,0,1,41,2,44,12,0,12,56
06/02/2008,STJ,MO,ACE,CE,Federal Contract Tower,0,0,5,0,5,0,0,9,0,9,0,0,14,0,14,28,38,66,80
06/03/2008,STJ,MO,ACE,CE,Federal Contract Tower,0,0,8,5,13,0,0,32,5,37,0,0,40,10,50,11,34,45,95
06/04/2008,STJ,MO,ACE,CE,Federal Contract Tower,0,0,12,8,20,1,0,12,0,13,1,0,24,8,33,60,49,109,142
06/05/2008,STJ,MO,ACE,CE,Federal Contract Tower,0,1,14,6,21,0,0,9,9,18,0,1,23,15,39,10,36,46,85
06/06/2008,STJ,MO,ACE,CE,Federal Contract Tower,0,0,13,1,14,0,0,12,0,12,0,0,25,1,26,20,0,20,46
06/07/2008,STJ,MO,ACE,CE,Federal Contract Tower,0,0,5,0,5,0,0,10,16,26,0,0,15,16,31,6,26,32,63
06/08/2008,STJ,MO,ACE,CE,Federal Contract Tower,0,0,4,3,7,0,0,9,0,9,0,0,13,3,16,10,10,20,36
06/09/2008,STJ,MO,ACE,CE,Federal Contract Tower,0,0,9,14,23,0,2,9,0,11,0,2,18,14,34,26,77,103,137
06/10/2008,STJ,MO,ACE,CE,Federal Contract Tower,0,0,20,24,44,0,1,21,10,32,0,1,41,34,76,80,60,140,216
06/11/2008,STJ,MO,ACE,CE,Federal Contract Tower,0,0,8,7,15,0,0,13,0,13,0,0,21,7,28,1,48,49,77
06/12/2008,STJ,MO,ACE,CE,Federal Contract Tower,0,0,10,0,10,0,0,7,0,7,0,0,17,0,17,36,19,55,72
06/13/2008,STJ,MO,ACE,CE,Federal Contract Tower,0,0,14,11,25,0,2,25,2,29,0,2,39,13,54,2,7,9,63
06/14/2008,STJ,MO,ACE,CE,Federal Contract Tower,0,0,14,1,15,0,1,56,0,57,0,1,70,1,72,22,0,22,94
06/15/2008,STJ,MO,ACE,CE,Federal Contract Tower,0,0,6,4,10,0,0,9,0,9,0,0,15,4,19,16,0,16,35
06/16/2008,STJ,MO,ACE,CE,Federal Contract Tower,0,1,14,3,18,0,0,15,0,15,0,1,29,3,33,59,1,60,93
06/17/2008,STJ,MO,ACE,CE,Federal Contract Tower,0,2,20,24,46,1,2,31,7,41,1,4,51,31,87,30,46,76,163
06/18/2008,STJ,MO,ACE,CE,Federal Contract Tower,0,2,10,7,19,0,1,7,0,8,0,3,17,7,27,29,26,55,82
06/19/2008,STJ,MO,ACE,CE,Federal Contract Tower,0,0,26,4,30,0,0,0,0,0,0,0,26,4,30,30,44,74,104
06/20/2008,STJ,MO,ACE,CE,Federal Contract Tower,0,2,10,7,19,0,0,21,3,24,0,2,31,10,43,48,10,58,101
06/21/2008,STJ,MO,ACE,CE,Federal Contract Tower,0,0,9,0,9,0,5,18,0,23,0,5,27,0,32,38,0,38,70
06/22/2008,STJ,MO,ACE,CE,Federal Contract Tower,0,0,7,1,8,0,0,47,0,47,0,0,54,1,55,47,0,47,102
06/23/2008,STJ,MO,ACE,CE,Federal Contract Tower,0,0,2,7,9,0,0,9,0,9,0,0,11,7,18,44,50,94,112
06/24/2008,STJ,MO,ACE,CE,Federal Contract Tower,0,0,12,18,30,0,0,1,14,15,0,0,13,32,45,26,86,112,157
06/25/2008,STJ,MO,ACE,CE,Federal Contract Tower,0,0,16,6,22,0,2,11,0,13,0,2,27,6,35,37,35,72,107
06/26/2008,STJ,MO,ACE,CE,Federal Contract Tower,0,0,11,23,34,0,3,3,0,6,0,3,14,23,40,18,22,40,80
06/27/2008,STJ,MO,ACE,CE,Federal Contract Tower,0,0,17,2,19,0,1,15,0,16,0,1,32,2,35,30,1,31,66
06/28/2008,STJ,MO,ACE,CE,Federal Contract Tower,0,0,10,6,16,0,0,32,0,32,0,0,42,6,48,16,0,16,64
06/29/2008,STJ,MO,ACE,CE,Federal Contract Tower,0,0,2,1,3,0,0,38,0,38,0,0,40,1,41,0,0,0,41
06/30/2008,STJ,MO,ACE,CE,Federal Contract Tower,0,0,6,17,23,0,1,24,0,25,0,1,30,17,48,30,78,108,156
07/01/2008,STJ,MO,ACE,CE,Federal Contract Tower,0,1,9,15,25,0,4,31,20,55,0,5,40,35,80,50,100,150,230
07/02/2008,STJ,MO,ACE,CE,Federal Contract Tower,0,2,14,7,23,0,4,31,20,55,0,6,45,27,78,16,31,47,125
07/03/2008,STJ,MO,ACE,CE,Federal Contract Tower,0,0,7,8,15,0,0,26,8,34,0,0,33,16,49,31,0,31,80
07/04/2008,STJ,MO,ACE,CE,Federal Contract Tower,0,0,4,0,4,0,0,34,0,34,0,0,38,0,38,12,0,12,50
07/05/2008,STJ,MO,ACE,CE,Federal Contract Tower,0,0,1,1,2,0,2,35,1,38,0,2,36,2,40,6,0,6,46
07/06/2008,STJ,MO,ACE,CE,Federal Contract Tower,0,0,10,2,12,0,0,71,2,73,0,0,81,4,85,10,20,30,115
07/07/2008,STJ,MO,ACE,CE,Federal Contract Tower,0,1,4,15,20,0,1,17,4,22,0,2,21,19,42,10,24,34,76
07/08/2008,STJ,MO,ACE,CE,Federal Contract Tower,0,0,24,8,32,0,0,36,11,47,0,0,60,19,79,7,18,25,104
07/09/2008,STJ,MO,ACE,CE,Federal Contract Tower,0,0,25,22,47,0,0,57,23,80,0,0,82,45,127,20,0,20,147
07/10/2008,STJ,MO,ACE,CE,Federal Contract Tower,0,0,5,2,7,0,0,42,30,72,0,0,47,32,79,34,42,76,155
07/11/2008,STJ,MO,ACE,CE,Federal Contract Tower,0,0,4,2,6,0,0,12,21,33,0,0,16,23,39,10,12,22,61
07/12/2008,STJ,MO,ACE,CE,Federal Contract Tower,0,0,8,9,17,0,0,33,9,42,0,0,41,18,59,7,22,29,88
07/13/2008,STJ,MO,ACE,CE,Federal Contract Tower,0,0,6,1,7,0,1,93,7,101,0,1,99,8,108,38,0,38,146
07/14/2008,STJ,MO,ACE,CE,Federal Contract Tower,0,0,5,6,11,0,0,22,8,30,0,0,27,14,41,10,4,14,55
07/15/2008,STJ,MO,ACE,CE,Federal Contract Tower,0,0,15,12,27,0,0,46,18,64,0,0,61,30,91,6,42,48,139
07/16/2008,STJ,MO,ACE,CE,Federal Contract Tower,0,0,17,13,30,0,0,37,9,46,0,0,54,22,76,20,25,45,121
07/17/2008,STJ,MO,ACE,CE,Federal Contract Tower,0,0,10,32,42,0,0,37,22,59,0,0,47,54,101,22,39,61,162
07/18/2008,STJ,MO,ACE,CE,Federal Contract Tower,0,0,13,2,15,0,0,33,2,35,0,0,46,4,50,24,0,24,74
07/19/2008,STJ,MO,ACE,CE,Federal Contract Tower,0,2,4,0,6,0,3,32,0,35,0,5,36,0,41,30,0,30,71
07/20/2008,STJ,MO,ACE,CE,Federal Contract Tower,0,0,4,0,4,0,0,50,0,50,0,0,54,0,54,2,0,2,56
07/21/2008,STJ,MO,ACE,CE,Federal Contract Tower,0,0,8,32,40,1,0,20,9,30,1,0,28,41,70,42,53,95,165
07/22/2008,STJ,MO,ACE,CE,Federal Contract Tower,0,0,12,7,19,0,0,20,7,27,0,0,32,14,46,23,32,55,101
07/23/2008,STJ,MO,ACE,CE,Federal Contract Tower,0,7,19,34,60,0,2,15,16,33,0,9,34,50,93,33,29,62,155
07/24/2008,STJ,MO,ACE,CE,Federal Contract Tower,0,0,14,23,37,0,1,21,17,39,0,1,35,40,76,24,70,94,170
07/25/2008,STJ,MO,ACE,CE,Federal Contract Tower,0,0,10,23,33,0,1,35,8,44,0,1,45,31,77,39,7,46,123
07/26/2008,STJ,MO,ACE,CE,Federal Contract Tower,0,0,6,2,8,0,2,44,2,48,0,2,50,4,56,26,0,26,82
07/27/2008,STJ,MO,ACE,CE,Federal Contract Tower,0,0,7,1,8,0,0,59,1,60,0,0,66,2,68,40,0,40,108
07/28/2008,STJ,MO,ACE,CE,Federal Contract Tower,0,0,8,5,13,0,0,23,4,27,0,0,31,9,40,22,6,28,68
07/29/2008,STJ,MO,ACE,CE,Federal Contract Tower,0,0,2,10,12,0,0,20,14,34,0,0,22,24,46,15,13,28,74
07/30/2008,STJ,MO,ACE,CE,Federal Contract Tower,0,2,13,10,25,0,2,20,13,35,0,4,33,23,60,40,2,42,102
07/31/2008,STJ,MO,ACE,CE,Federal Contract Tower,0,0,26,29,55,0,1,51,30,82,0,1,77,59,137,70,100,170,307
08/01/2008,STJ,MO,ACE,CE,Federal Contract Tower,0,0,16,18,34,0,0,18,15,33,0,0,34,33,67,48,0,48,115
08/02/2008,STJ,MO,ACE,CE,Federal Contract Tower,0,0,7,5,12,0,0,61,7,68,0,0,68,12,80,25,8,33,113
08/03/2008,STJ,MO,ACE,CE,Federal Contract Tower,0,0,7,1,8,0,0,48,2,50,0,0,55,3,58,38,0,38,96
08/04/2008,STJ,MO,ACE,CE,Federal Contract Tower,0,0,2,20,22,0,5,23,26,54,0,5,25,46,76,28,34,62,138
08/05/2008,STJ,MO,ACE,CE,Federal Contract Tower,0,0,14,16,30,0,0,29,23,52,0,0,43,39,82,20,108,128,210
08/06/2008,STJ,MO,ACE,CE,Federal Contract Tower,0,0,9,12,21,0,0,12,5,17,0,0,21,17,38,29,51,80,118
08/07/2008,STJ,MO,ACE,CE,Federal Contract Tower,0,5,11,25,41,0,1,31,18,50,0,6,42,43,91,32,70,102,193
08/08/2008,STJ,MO,ACE,CE,Federal Contract Tower,0,1,8,0,9,0,2,36,0,38,0,3,44,0,47,86,0,86,133
08/09/2008,STJ,MO,ACE,CE,Federal Contract Tower,0,0,5,0,5,0,0,22,0,22,0,0,27,0,27,62,0,62,89
08/10/2008,STJ,MO,ACE,CE,Federal Contract Tower,0,0,4,4,8,0,3,87,6,96,0,3,91,10,104,36,0,36,140
08/11/2008,STJ,MO,ACE,CE,Federal Contract Tower,0,0,7,13,20,0,1,32,17,50,0,1,39,30,70,14,62,76,146
08/12/2008,STJ,MO,ACE,CE,Federal Contract Tower,0,0,7,18,25,0,1,20,22,43,0,1,27,40,68,34,90,124,192
08/13/2008,STJ,MO,ACE,CE,Federal Contract Tower,0,0,14,25,39,0,1,18,23,42,0,1,32,48,81,24,88,112,193
08/14/2008,STJ,MO,ACE,CE,Federal Contract Tower,0,0,14,3,17,0,0,16,3,19,0,0,30,6,36,16,32,48,84
08/15/2008,STJ,MO,ACE,CE,Federal Contract Tower,0,8,8,9,25,0,5,23,4,32,0,13,31,13,57,20,4,24,81
08/16/2008,STJ,MO,ACE,CE,Federal Contract Tower,0,0,2,13,15,0,0,22,7,29,0,0,24,20,44,30,1,31,75
08/17/2008,STJ,MO,ACE,CE,Federal Contract Tower,0,0,6,1,7,0,0,40,2,42,0,0,46,3,49,14,1,15,64
08/18/2008,STJ,MO,ACE,CE,Federal Contract Tower,0,0,11,22,33,0,1,19,8,28,0,1,30,30,61,12,90,102,163
08/19/2008,STJ,MO,ACE,CE,Federal Contract Tower,0,0,15,29,44,0,7,35,35,77,0,7,50,64,121,32,39,71,192
08/20/2008,STJ,MO,ACE,CE,Federal Contract Tower,0,14,27,57,98,0,8,36,63,107,0,22,63,120,205,40,40,80,285
08/21/2008,STJ,MO,ACE,CE,Federal Contract Tower,0,0,21,30,51,0,0,21,30,51,0,0,42,60,102,25,17,42,144
08/22/2008,STJ,MO,ACE,CE,Federal Contract Tower,0,0,10,3,13,0,2,43,5,50,0,2,53,8,63,40,10,50,113
08/23/2008,STJ,MO,ACE,CE,Federal Contract Tower,0,0,8,1,9,0,0,46,1,47,0,0,54,2,56,38,0,38,94
08/24/2008,STJ,MO,ACE,CE,Federal Contract Tower,0,0,5,1,6,0,0,20,3,23,0,0,25,4,29,24,0,24,53
08/25/2008,STJ,MO,ACE,CE,Federal Contract Tower,0,0,10,8,18,0,1,34,7,42,0,1,44,15,60,8,31,39,99
08/26/2008,STJ,MO,ACE,CE,Federal Contract Tower,0,0,11,9,20,0,3,54,16,73,0,3,65,25,93,17,73,90,183
08/27/2008,STJ,MO,ACE,CE,Federal Contract Tower,0,0,21,17,38,0,1,48,18,67,0,1,69,35,105,20,10,30,135
08/28/2008,STJ,MO,ACE,CE,Federal Contract Tower,0,3,15,14,32,0,5,54,25,84,0,8,69,39,116,10,20,30,146
08/29/2008,STJ,MO,ACE,CE,Federal Contract Tower,0,0,9,3,12,0,2,78,1,81,0,2,87,4,93,44,0,44,137
08/30/2008,STJ,MO,ACE,CE,Federal Contract Tower,0,0,3,0,3,0,0,67,0,67,0,0,70,0,70,3,0,3,73
08/31/2008,STJ,MO,ACE,CE,Federal Contract Tower,0,0,3,0,3,0,3,7,0,10,0,3,10,0,13,40,0,40,53
09/01/2008,STJ,MO,ACE,CE,Federal Contract Tower,0,0,6,0,6,0,0,29,1,30,0,0,35,1,36,20,0,20,56
09/02/2008,STJ,MO,ACE,CE,Federal Contract Tower,0,0,8,1,9,0,0,21,4,25,0,0,29,5,34,9,0,9,43
09/03/2008,STJ,MO,ACE,CE,Federal Contract Tower,0,0,5,12,17,0,0,19,12,31,0,0,24,24,48,9,2,11,59
09/04/2008,STJ,MO,ACE,CE,Federal Contract Tower,0,0,28,19,47,0,0,46,19,65,0,0,74,38,112,10,0,10,122
09/05/2008,STJ,MO,ACE,CE,Federal Contract Tower,0,0,17,0,17,0,0,42,0,42,0,0,59,0,59,10,0,10,69
09/06/2008,STJ,MO,ACE,CE,Federal Contract Tower,0,0,10,0,10,0,4,29,0,33,0,4,39,0,43,16,0,16,59
09/07/2008,STJ,MO,ACE,CE,Federal Contract Tower,0,0,12,6,18,0,1,24,6,31,0,1,36,12,49,31,0,31,80
09/08/2008,STJ,MO,ACE,CE,Federal Contract Tower,0,0,5,10,15,0,0,9,10,19,0,0,14,20,34,10,0,10,44
09/09/2008,STJ,MO,ACE,CE,Federal Contract Tower,0,0,10,19,29,0,0,35,18,53,0,0,45,37,82,28,24,52,134
09/10/2008,STJ,MO,ACE,CE,Federal Contract Tower,0,0,20,6,26,0,2,48,6,56,0,2,68,12,82,50,0,50,132
09/11/2008,STJ,MO,ACE,CE,Federal Contract Tower,0,0,13,0,13,0,0,25,0,25,0,0,38,0,38,10,0,10,48
09/12/2008,STJ,MO,ACE,CE,Federal Contract Tower,0,0,3,5,8,0,0,3,5,8,0,0,6,10,16,0,0,0,16
09/13/2008,STJ,MO,ACE,CE,Federal Contract Tower,0,0,2,0,2,0,0,10,0,10,0,0,12,0,12,0,0,0,12
09/14/2008,STJ,MO,ACE,CE,Federal Contract Tower,0,0,5,2,7,0,0,14,2,16,0,0,19,4,23,0,0,0,23
09/15/2008,STJ,MO,ACE,CE,Federal Contract Tower,0,0,6,5,11,0,0,59,2,61,0,0,65,7,72,51,18,69,141
09/16/2008,STJ,MO,ACE,CE,Federal Contract Tower,0,0,7,13,20,0,0,51,17,68,0,0,58,30,88,25,64,89,177
09/17/2008,STJ,MO,ACE,CE,Federal Contract Tower,0,0,6,13,19,0,1,29,20,50,0,1,35,33,69,10,50,60,129
09/18/2008,STJ,MO,ACE,CE,Federal Contract Tower,0,1,7,17,25,0,1,35,44,80,0,2,42,61,105,10,48,58,163
09/19/2008,STJ,MO,ACE,CE,Federal Contract Tower,0,0,5,2,7,0,3,38,6,47,0,3,43,8,54,30,2,32,86
09/20/2008,STJ,MO,ACE,CE,Federal Contract Tower,0,0,4,0,4,0,4,46,0,50,0,4,50,0,54,58,0,58,112
09/21/2008,STJ,MO,ACE,CE,Federal Contract Tower,0,0,11,1,12,0,0,48,1,49,0,0,59,2,61,28,0,28,89
09/22/2008,STJ,MO,ACE,CE,Federal Contract Tower,0,0,11,3,14,0,2,31,10,43,0,2,42,13,57,34,11,45,102
09/23/2008,STJ,MO,ACE,CE,Federal Contract Tower,0,1,11,0,12,0,3,39,17,59,0,4,50,17,71,2,0,2,73
09/24/2008,STJ,MO,ACE,CE,Federal Contract Tower,0,0,17,6,23,0,1,41,8,50,0,1,58,14,73,44,0,44,117
09/25/2008,STJ,MO,ACE,CE,Federal Contract Tower,0,0,9,2,11,0,3,22,8,33,0,3,31,10,44,48,0,48,92
09/26/2008,STJ,MO,ACE,CE,Federal Contract Tower,0,2,9,2,13,0,2,37,3,42,0,4,46,5,55,38,0,38,93
09/27/2008,STJ,MO,ACE,CE,Federal Contract Tower,0,0,2,0,2,0,0,30,0,30,0,0,32,0,32,70,0,70,102
09/28/2008,STJ,MO,ACE,CE,Federal Contract Tower,0,0,7,3,10,0,0,47,3,50,0,0,54,6,60,50,0,50,110
09/29/2008,STJ,MO,ACE,CE,Federal Contract Tower,0,0,3,1,4,0,0,18,1,19,0,0,21,2,23,37,0,37,60
09/30/2008,STJ,MO,ACE,CE,Federal Contract Tower,0,4,15,1,20,0,2,35,3,40,0,6,50,4,60,12,0,12,72
10/01/2008,STJ,MO,ACE,CE,Federal Contract Tower,0,0,8,14,22,0,1,24,9,34,0,1,32,23,56,62,32,94,150
10/02/2008,STJ,MO,ACE,CE,Federal Contract Tower,0,0,24,11,35,0,0,43,30,73,0,0,67,41,108,43,56,99,207
10/03/2008,STJ,MO,ACE,CE,Federal Contract Tower,0,0,12,2,14,0,0,67,2,69,0,0,79,4,83,32,0,32,115
10/04/2008,STJ,MO,ACE,CE,Federal Contract Tower,0,0,6,0,6,0,1,42,0,43,0,1,48,0,49,28,0,28,77
10/05/2008,STJ,MO,ACE,CE,Federal Contract Tower,0,0,6,0,6,0,0,12,0,12,0,0,18,0,18,20,0,20,38
10/06/2008,STJ,MO,ACE,CE,Federal Contract Tower,0,0,8,15,23,0,0,14,5,19,0,0,22,20,42,3,22,25,67
10/07/2008,STJ,MO,ACE,CE,Federal Contract Tower,0,0,24,8,32,0,1,30,9,40,0,1,54,17,72,0,47,47,119
10/08/2008,STJ,MO,ACE,CE,Federal Contract Tower,0,0,18,3,21,0,0,44,9,53,0,0,62,12,74,28,22,50,124
10/09/2008,STJ,MO,ACE,CE,Federal Contract Tower,0,0,15,35,50,0,0,55,65,120,0,0,70,100,170,4,70,74,244
10/10/2008,STJ,MO,ACE,CE,Federal Contract Tower,0,0,6,5,11,0,2,51,5,58,0,2,57,10,69,17,0,17,86
10/11/2008,STJ,MO,ACE,CE,Federal Contract Tower,0,0,4,0,4,0,0,60,0,60,0,0,64,0,64,80,0,80,144
10/12/2008,STJ,MO,ACE,CE,Federal Contract Tower,0,0,9,0,9,0,0,33,0,33,0,0,42,0,42,7,0,7,49
10/13/2008,STJ,MO,ACE,CE,Federal Contract Tower,0,0,11,1,12,0,0,18,1,19,0,0,29,2,31,0,0,0,31
10/14/2008,STJ,MO,ACE,CE,Federal Contract Tower,0,0,29,10,39,0,0,40,7,47,0,0,69,17,86,24,6,30,116
10/15/2008,STJ,MO,ACE,CE,Federal Contract Tower,0,0,12,18,30,0,0,14,21,35,0,0,26,39,65,9,20,29,94
10/16/2008,STJ,MO,ACE,CE,Federal Contract Tower,0,0,16,19,35,0,0,68,27,95,0,0,84,46,130,70,39,109,239
10/17/2008,STJ,MO,ACE,CE,Federal Contract Tower,0,0,13,1,14,0,0,26,1,27,0,0,39,2,41,44,0,44,85
10/18/2008,STJ,MO,ACE,CE,Federal Contract Tower,0,0,9,8,17,0,1,37,10,48,0,1,46,18,65,22,0,22,87
10/19/2008,STJ,MO,ACE,CE,Federal Contract Tower,0,0,6,1,7,0,0,35,1,36,0,0,41,2,43,0,0,0,43
10/20/2008,STJ,MO,ACE,CE,Federal Contract Tower,0,0,10,21,31,0,3,39,9,51,0,3,49,30,82,28,50,78,160
10/21/2008,STJ,MO,ACE,CE,Federal Contract Tower,0,0,2,0,2,0,0,32,7,39,0,0,34,7,41,25,44,69,110
10/22/2008,STJ,MO,ACE,CE,Federal Contract Tower,0,2,9,0,11,0,0,2,0,2,0,2,11,0,13,6,0,6,19
10/23/2008,STJ,MO,ACE,CE,Federal Contract Tower,0,2,9,0,11,0,2,21,0,23,0,4,30,0,34,2,0,2,36
10/24/2008,STJ,MO,ACE,CE,Federal Contract Tower,0,0,15,0,15,0,1,29,4,34,0,1,44,4,49,34,0,34,83
10/25/2008,STJ,MO,ACE,CE,Federal Contract Tower,0,0,12,0,12,0,0,60,0,60,0,0,72,0,72,60,0,60,132
10/26/2008,STJ,MO,ACE,CE,Federal Contract Tower,0,0,4,3,7,0,0,19,9,28,0,0,23,12,35,10,2,12,47
10/27/2008,STJ,MO,ACE,CE,Federal Contract Tower,0,0,11,14,25,0,2,21,17,40,0,2,32,31,65,2,0,2,67
10/28/2008,STJ,MO,ACE,CE,Federal Contract Tower,0,0,12,12,24,0,3,63,11,77,0,3,75,23,101,20,0,20,121
10/29/2008,STJ,MO,ACE,CE,Federal Contract Tower,0,0,18,11,29,0,2,74,12,88,0,2,92,23,117,38,0,38,155
10/30/2008,STJ,MO,ACE,CE,Federal Contract Tower,0,0,15,4,19,0,1,42,4,47,0,1,57,8,66,26,0,26,92
10/31/2008,STJ,MO,ACE,CE,Federal Contract Tower,0,0,7,0,7,0,0,38,0,38,0,0,45,0,45,22,0,22,67
11/01/2008,STJ,MO,ACE,CE,Federal Contract Tower,0,0,17,11,28,0,1,62,11,74,0,1,79,22,102,16,0,16,118
11/02/2008,STJ,MO,ACE,CE,Federal Contract Tower,0,0,3,4,7,0,0,45,5,50,0,0,48,9,57,20,0,20,77
11/03/2008,STJ,MO,ACE,CE,Federal Contract Tower,0,0,10,0,10,0,1,27,0,28,0,1,37,0,38,17,0,17,55
11/04/2008,STJ,MO,ACE,CE,Federal Contract Tower,0,0,4,4,8,0,2,22,4,28,0,2,26,8,36,42,0,42,78
11/05/2008,STJ,MO,ACE,CE,Federal Contract Tower,0,0,6,0,6,0,1,8,0,9,0,1,14,0,15,0,0,0,15
11/06/2008,STJ,MO,ACE,CE,Federal Contract Tower,0,0,6,1,7,0,0,11,1,12,0,0,17,2,19,0,0,0,19
11/07/2008,STJ,MO,ACE,CE,Federal Contract Tower,0,0,11,2,13,0,0,20,2,22,0,0,31,4,35,4,0,4,39
11/08/2008,STJ,MO,ACE,CE,Federal Contract Tower,0,0,1,0,1,0,0,10,0,10,0,0,11,0,11,20,0,20,31
11/09/2008,STJ,MO,ACE,CE,Federal Contract Tower,0,0,3,1,4,0,0,45,2,47,0,0,48,3,51,34,0,34,85
11/10/2008,STJ,MO,ACE,CE,Federal Contract Tower,0,0,7,0,7,0,2,19,0,21,0,2,26,0,28,12,0,12,40
11/11/2008,STJ,MO,ACE,CE,Federal Contract Tower,0,0,5,0,5,0,0,5,0,5,0,0,10,0,10,0,0,0,10
11/12/2008,STJ,MO,ACE,CE,Federal Contract Tower,0,0,6,25,31,0,1,17,24,42,0,1,23,49,73,23,43,66,139
11/13/2008,STJ,MO,ACE,CE,Federal Contract Tower,0,0,4,34,38,0,0,17,57,74,0,0,21,91,112,20,94,114,226
11/14/2008,STJ,MO,ACE,CE,Federal Contract Tower,0,0,2,2,4,0,0,7,2,9,0,0,9,4,13,44,0,44,57
11/15/2008,STJ,MO,ACE,CE,Federal Contract Tower,0,0,5,0,5,0,1,13,0,14,0,1,18,0,19,1,0,1,20
11/16/2008,STJ,MO,ACE,CE,Federal Contract Tower,0,0,9,0,9,0,2,52,0,54,0,2,61,0,63,46,0,46,109
11/17/2008,STJ,MO,ACE,CE,Federal Contract Tower,0,0,2,4,6,0,1,21,4,26,0,1,23,8,32,32,4,36,68
11/18/2008,STJ,MO,ACE,CE,Federal Contract Tower,0,2,16,2,20,1,1,29,8,39,1,3,45,10,59,20,72,92,151
11/19/2008,STJ,MO,ACE,CE,Federal Contract Tower,0,0,11,14,25,0,2,57,12,71,0,2,68,26,96,4,37,41,137
11/20/2008,STJ,MO,ACE,CE,Federal Contract Tower,0,0,28,15,43,0,1,38,47,86,0,1,66,62,129,16,34,50,179
11/21/2008,STJ,MO,ACE,CE,Federal Contract Tower,0,0,20,1,21,0,0,60,1,61,0,0,80,2,82,6,0,6,88
11/22/2008,STJ,MO,ACE,CE,Federal Contract Tower,0,0,3,0,3,0,0,30,0,30,0,0,33,0,33,20,0,20,53
11/23/2008,STJ,MO,ACE,CE,Federal Contract Tower,0,0,8,0,8,0,2,48,0,50,0,2,56,0,58,20,0,20,78
11/24/2008,STJ,MO,ACE,CE,Federal Contract Tower,0,0,3,26,29,0,0,18,30,48,0,0,21,56,77,13,68,81,158
11/25/2008,STJ,MO,ACE,CE,Federal Contract Tower,0,0,15,33,48,0,2,33,31,66,0,2,48,64,114,49,44,93,207
11/26/2008,STJ,MO,ACE,CE,Federal Contract Tower,0,0,4,3,7,0,4,35,6,45,0,4,39,9,52,46,14,60,112
11/27/2008,STJ,MO,ACE,CE,Federal Contract Tower,0,0,0,0,0,0,0,15,0,15,0,0,15,0,15,4,0,4,19
11/28/2008,STJ,MO,ACE,CE,Federal Contract Tower,0,0,2,1,3,1,0,1,1,3,1,0,3,2,6,0,0,0,6
11/29/2008,STJ,MO,ACE,CE,Federal Contract Tower,0,0,0,0,0,0,0,0,0,0,0,0,0,0,0,0,0,0,0
11/30/2008,STJ,MO,ACE,CE,Federal Contract Tower,0,0,2,0,2,0,0,4,0,4,0,0,6,0,6,0,0,0,6
12/01/2008,STJ,MO,ACE,CE,Federal Contract Tower,0,0,7,22,29,0,0,12,23,35,0,0,19,45,64,8,61,69,133
12/02/2008,STJ,MO,ACE,CE,Federal Contract Tower,0,0,8,12,20,1,2,25,28,56,1,2,33,40,76,8,51,59,135
12/03/2008,STJ,MO,ACE,CE,Federal Contract Tower,0,0,8,16,24,0,0,9,25,34,0,0,17,41,58,2,8,10,68
12/04/2008,STJ,MO,ACE,CE,Federal Contract Tower,0,6,14,13,33,0,14,28,28,70,0,20,42,41,103,8,32,40,143
12/05/2008,STJ,MO,ACE,CE,Federal Contract Tower,2,0,11,13,26,2,1,42,18,63,4,1,53,31,89,16,0,16,105
12/06/2008,STJ,MO,ACE,CE,Federal Contract Tower,0,0,3,0,3,0,0,15,1,16,0,0,18,1,19,16,0,16,35
12/07/2008,STJ,MO,ACE,CE,Federal Contract Tower,0,0,2,3,5,0,0,33,3,36,0,0,35,6,41,24,0,24,65
12/08/2008,STJ,MO,ACE,CE,Federal Contract Tower,0,0,3,6,9,0,0,12,10,22,0,0,15,16,31,24,20,44,75
12/09/2008,STJ,MO,ACE,CE,Federal Contract Tower,0,0,6,1,7,0,2,17,1,20,0,2,23,2,27,0,0,0,27
12/10/2008,STJ,MO,ACE,CE,Federal Contract Tower,0,0,6,1,7,1,4,19,5,29,1,4,25,6,36,11,42,53,89
12/11/2008,STJ,MO,ACE,CE,Federal Contract Tower,0,0,17,31,48,0,0,36,53,89,0,0,53,84,137,6,36,42,179
12/12/2008,STJ,MO,ACE,CE,Federal Contract Tower,0,0,16,17,33,0,1,72,17,90,0,1,88,34,123,23,0,23,146
12/13/2008,STJ,MO,ACE,CE,Federal Contract Tower,0,0,2,1,3,0,0,5,1,6,0,0,7,2,9,6,0,6,15
12/14/2008,STJ,MO,ACE,CE,Federal Contract Tower,0,0,1,1,2,0,1,10,1,12,0,1,11,2,14,0,0,0,14
12/15/2008,STJ,MO,ACE,CE,Federal Contract Tower,0,0,5,26,31,0,0,11,25,36,0,0,16,51,67,0,24,24,91
12/16/2008,STJ,MO,ACE,CE,Federal Contract Tower,0,0,1,0,1,0,0,1,0,1,0,0,2,0,2,0,0,0,2
12/17/2008,STJ,MO,ACE,CE,Federal Contract Tower,0,0,11,7,18,0,0,18,11,29,0,0,29,18,47,5,11,16,63
12/18/2008,STJ,MO,ACE,CE,Federal Contract Tower,0,0,1,3,4,0,0,1,3,4,0,0,2,6,8,0,2,2,10
12/19/2008,STJ,MO,ACE,CE,Federal Contract Tower,0,0,5,1,6,0,0,8,1,9,0,0,13,2,15,0,0,0,15
12/20/2008,STJ,MO,ACE,CE,Federal Contract Tower,0,0,4,0,4,0,0,5,0,5,0,0,9,0,9,1,0,1,10
12/21/2008,STJ,MO,ACE,CE,Federal Contract Tower,0,0,2,1,3,0,1,2,1,4,0,1,4,2,7,0,0,0,7
12/22/2008,STJ,MO,ACE,CE,Federal Contract Tower,0,0,3,2,5,0,2,20,12,34,0,2,23,14,39,6,6,12,51
12/23/2008,STJ,MO,ACE,CE,Federal Contract Tower,0,0,4,0,4,0,2,7,0,9,0,2,11,0,13,10,0,10,23
12/24/2008,STJ,MO,ACE,CE,Federal Contract Tower,0,0,0,0,0,0,1,4,0,5,0,1,4,0,5,0,0,0,5
12/25/2008,STJ,MO,ACE,CE,Federal Contract Tower,0,0,0,0,0,0,0,0,0,0,0,0,0,0,0,11,0,11,11
12/26/2008,STJ,MO,ACE,CE,Federal Contract Tower,0,0,11,0,11,0,1,18,0,19,0,1,29,0,30,0,0,0,30
12/27/2008,STJ,MO,ACE,CE,Federal Contract Tower,0,0,2,0,2,0,0,2,0,2,0,0,4,0,4,2,0,2,6
12/28/2008,STJ,MO,ACE,CE,Federal Contract Tower,0,0,12,0,12,0,0,40,0,40,0,0,52,0,52,12,0,12,64
12/29/2008,STJ,MO,ACE,CE,Federal Contract Tower,0,0,10,5,15,0,2,30,6,38,0,2,40,11,53,31,3,34,87
12/30/2008,STJ,MO,ACE,CE,Federal Contract Tower,0,0,10,25,35,0,0,38,22,60,0,0,48,47,95,24,70,94,189
12/31/2008,STJ,MO,ACE,CE,Federal Contract Tower,0,0,1,0,1,0,0,16,0,16,0,0,17,0,17,16,0,16,33
01/01/2009,STJ,MO,ACE,CE,Federal Contract Tower,0,0,0,0,0,0,0,20,0,20,0,0,20,0,20,10,0,10,30
01/02/2009,STJ,MO,ACE,CE,Federal Contract Tower,0,0,39,2,41,0,0,0,0,0,0,0,39,2,41,59,0,59,100
01/03/2009,STJ,MO,ACE,CE,Federal Contract Tower,0,0,12,0,12,0,0,0,0,0,0,0,12,0,12,38,0,38,50
01/04/2009,STJ,MO,ACE,CE,Federal Contract Tower,0,0,36,4,40,0,0,0,0,0,0,0,36,4,40,50,0,50,90
01/05/2009,STJ,MO,ACE,CE,Federal Contract Tower,0,2,18,55,75,0,0,0,0,0,0,2,18,55,75,20,42,62,137
01/06/2009,STJ,MO,ACE,CE,Federal Contract Tower,0,0,91,45,136,0,0,0,0,0,0,0,91,45,136,10,40,50,186
01/07/2009,STJ,MO,ACE,CE,Federal Contract Tower,0,2,31,32,65,0,0,0,0,0,0,2,31,32,65,26,34,60,125
01/08/2009,STJ,MO,ACE,CE,Federal Contract Tower,0,2,34,45,81,0,0,0,0,0,0,2,34,45,81,26,12,38,119
01/09/2009,STJ,MO,ACE,CE,Federal Contract Tower,0,1,30,17,48,0,0,0,0,0,0,1,30,17,48,20,6,26,74
01/10/2009,STJ,MO,ACE,CE,Federal Contract Tower,0,0,12,0,12,0,0,0,0,0,0,0,12,0,12,6,0,6,18
01/11/2009,STJ,MO,ACE,CE,Federal Contract Tower,0,0,29,1,30,0,0,0,0,0,0,0,29,1,30,90,0,90,120
01/12/2009,STJ,MO,ACE,CE,Federal Contract Tower,0,0,18,18,36,0,0,0,0,0,0,0,18,18,36,0,4,4,40
01/13/2009,STJ,MO,ACE,CE,Federal Contract Tower,0,2,27,26,55,0,0,0,0,0,0,2,27,26,55,20,38,58,113
01/14/2009,STJ,MO,ACE,CE,Federal Contract Tower,0,3,21,14,38,0,0,0,0,0,0,3,21,14,38,0,24,24,62
01/15/2009,STJ,MO,ACE,CE,Federal Contract Tower,0,1,22,15,38,0,0,0,0,0,0,1,22,15,38,4,4,8,46
01/16/2009,STJ,MO,ACE,CE,Federal Contract Tower,0,1,15,0,16,0,0,0,0,0,0,1,15,0,16,4,0,4,20
01/17/2009,STJ,MO,ACE,CE,Federal Contract Tower,0,0,24,1,25,0,0,0,0,0,0,0,24,1,25,34,0,34,59
01/18/2009,STJ,MO,ACE,CE,Federal Contract Tower,0,1,27,1,29,0,0,0,0,0,0,1,27,1,29,24,0,24,53
01/19/2009,STJ,MO,ACE,CE,Federal Contract Tower,0,0,52,3,55,0,0,0,0,0,0,0,52,3,55,33,0,33,88
01/20/2009,STJ,MO,ACE,CE,Federal Contract Tower,0,0,34,14,48,0,0,0,0,0,0,0,34,14,48,14,63,77,125
01/21/2009,STJ,MO,ACE,CE,Federal Contract Tower,0,10,43,18,71,0,0,0,0,0,0,10,43,18,71,38,54,92,163
01/22/2009,STJ,MO,ACE,CE,Federal Contract Tower,0,2,63,44,109,0,0,0,0,0,0,2,63,44,109,32,100,132,241
01/23/2009,STJ,MO,ACE,CE,Federal Contract Tower,0,3,14,0,17,0,0,0,0,0,0,3,14,0,17,2,0,2,19
01/24/2009,STJ,MO,ACE,CE,Federal Contract Tower,0,0,23,2,25,0,0,0,0,0,0,0,23,2,25,20,0,20,45
01/25/2009,STJ,MO,ACE,CE,Federal Contract Tower,0,1,9,0,10,0,0,0,0,0,0,1,9,0,10,0,0,0,10
01/26/2009,STJ,MO,ACE,CE,Federal Contract Tower,0,0,6,7,13,0,0,0,0,0,0,0,6,7,13,0,0,0,13
01/27/2009,STJ,MO,ACE,CE,Federal Contract Tower,0,0,10,7,17,0,0,0,0,0,0,0,10,7,17,0,62,62,79
01/28/2009,STJ,MO,ACE,CE,Federal Contract Tower,0,0,31,13,44,0,0,0,0,0,0,0,31,13,44,38,44,82,126
01/29/2009,STJ,MO,ACE,CE,Federal Contract Tower,0,1,30,35,66,0,0,0,0,0,0,1,30,35,66,4,80,84,150
01/30/2009,STJ,MO,ACE,CE,Federal Contract Tower,0,0,33,5,38,0,0,0,0,0,0,0,33,5,38,22,0,22,60
01/31/2009,STJ,MO,ACE,CE,Federal Contract Tower,0,0,21,0,21,0,0,0,0,0,0,0,21,0,21,14,0,14,35
02/01/2009,STJ,MO,ACE,CE,Federal Contract Tower,0,0,4,2,6,0,0,30,2,32,0,0,34,4,38,27,0,27,65
02/02/2009,STJ,MO,ACE,CE,Federal Contract Tower,0,0,6,10,16,0,0,15,26,41,0,0,21,36,57,12,18,30,87
02/03/2009,STJ,MO,ACE,CE,Federal Contract Tower,0,0,3,17,20,0,0,0,0,0,0,0,3,17,20,0,0,0,20
02/04/2009,STJ,MO,ACE,CE,Federal Contract Tower,0,0,8,22,30,0,0,35,36,71,0,0,43,58,101,24,20,44,145
02/05/2009,STJ,MO,ACE,CE,Federal Contract Tower,0,0,25,18,43,0,4,44,35,83,0,4,69,53,126,8,18,26,152
02/06/2009,STJ,MO,ACE,CE,Federal Contract Tower,0,0,8,2,10,0,0,21,3,24,0,0,29,5,34,0,0,0,34
02/07/2009,STJ,MO,ACE,CE,Federal Contract Tower,0,0,8,1,9,0,1,51,1,53,0,1,59,2,62,62,0,62,124
02/08/2009,STJ,MO,ACE,CE,Federal Contract Tower,0,0,7,2,9,0,0,12,2,14,0,0,19,4,23,6,0,6,29
02/09/2009,STJ,MO,ACE,CE,Federal Contract Tower,0,0,2,7,9,0,0,2,5,7,0,0,4,12,16,0,15,15,31
02/10/2009,STJ,MO,ACE,CE,Federal Contract Tower,0,0,7,26,33,0,1,4,18,23,0,1,11,44,56,0,6,6,62
02/11/2009,STJ,MO,ACE,CE,Federal Contract Tower,0,0,1,14,15,0,0,34,42,76,0,0,35,56,91,30,62,92,183
02/12/2009,STJ,MO,ACE,CE,Federal Contract Tower,0,0,6,32,38,0,0,19,1,20,0,0,25,33,58,0,0,0,58
02/13/2009,STJ,MO,ACE,CE,Federal Contract Tower,0,0,15,1,16,0,1,26,1,28,0,1,41,2,44,32,0,32,76
02/14/2009,STJ,MO,ACE,CE,Federal Contract Tower,0,0,13,1,14,0,0,34,0,34,0,0,47,1,48,20,0,20,68
02/15/2009,STJ,MO,ACE,CE,Federal Contract Tower,0,0,3,0,3,0,0,0,0,0,0,0,3,0,3,0,0,0,3
02/16/2009,STJ,MO,ACE,CE,Federal Contract Tower,0,0,6,0,6,0,4,19,0,23,0,4,25,0,29,22,0,22,51
02/17/2009,STJ,MO,ACE,CE,Federal Contract Tower,0,0,9,16,25,0,1,25,54,80,0,1,34,70,105,52,44,96,201
02/18/2009,STJ,MO,ACE,CE,Federal Contract Tower,0,0,0,18,18,0,0,1,24,25,0,0,1,42,43,0,20,20,63
02/19/2009,STJ,MO,ACE,CE,Federal Contract Tower,0,0,11,35,46,0,4,27,64,95,0,4,38,99,141,16,110,126,267
02/20/2009,STJ,MO,ACE,CE,Federal Contract Tower,0,0,20,5,25,0,0,59,4,63,0,0,79,9,88,38,0,38,126
02/21/2009,STJ,MO,ACE,CE,Federal Contract Tower,0,2,5,0,7,0,2,15,0,17,0,4,20,0,24,20,0,20,44
02/22/2009,STJ,MO,ACE,CE,Federal Contract Tower,0,0,0,0,0,0,3,32,0,35,0,3,32,0,35,44,0,44,79
02/23/2009,STJ,MO,ACE,CE,Federal Contract Tower,0,0,5,5,10,0,0,15,16,31,0,0,20,21,41,16,51,67,108
02/24/2009,STJ,MO,ACE,CE,Federal Contract Tower,0,0,13,7,20,0,0,20,21,41,0,0,33,28,61,17,36,53,114
02/25/2009,STJ,MO,ACE,CE,Federal Contract Tower,0,0,7,2,9,0,2,49,18,69,0,2,56,20,78,18,14,32,110
02/26/2009,STJ,MO,ACE,CE,Federal Contract Tower,0,0,16,19,35,0,0,12,34,46,0,0,28,53,81,0,0,0,81
02/27/2009,STJ,MO,ACE,CE,Federal Contract Tower,0,0,10,1,11,0,10,62,13,85,0,10,72,14,96,4,4,8,104
02/28/2009,STJ,MO,ACE,CE,Federal Contract Tower,0,0,1,0,1,0,0,1,0,1,0,0,2,0,2,0,0,0,2
03/01/2009,STJ,MO,ACE,CE,Federal Contract Tower,0,1,2,1,4,0,1,34,1,36,0,2,36,2,40,34,0,34,74
03/02/2009,STJ,MO,ACE,CE,Federal Contract Tower,0,0,14,9,23,0,0,30,16,46,0,0,44,25,69,6,30,36,105
03/03/2009,STJ,MO,ACE,CE,Federal Contract Tower,0,0,4,12,16,0,2,32,26,60,0,2,36,38,76,89,44,133,209
03/04/2009,STJ,MO,ACE,CE,Federal Contract Tower,0,0,8,2,10,0,2,29,12,43,0,2,37,14,53,42,2,44,97
03/05/2009,STJ,MO,ACE,CE,Federal Contract Tower,0,0,0,0,0,0,1,13,10,24,0,1,13,10,24,18,0,18,42
03/06/2009,STJ,MO,ACE,CE,Federal Contract Tower,0,0,0,0,0,0,1,49,4,54,0,1,49,4,54,70,0,70,124
03/07/2009,STJ,MO,ACE,CE,Federal Contract Tower,0,0,7,3,10,0,0,22,4,26,0,0,29,7,36,42,0,42,78
03/08/2009,STJ,MO,ACE,CE,Federal Contract Tower,0,0,1,8,9,0,0,1,14,15,0,0,2,22,24,26,14,40,64
03/09/2009,STJ,MO,ACE,CE,Federal Contract Tower,0,0,4,3,7,0,4,18,3,25,0,4,22,6,32,0,0,0,32
03/10/2009,STJ,MO,ACE,CE,Federal Contract Tower,0,0,10,4,14,0,0,10,4,14,0,0,20,8,28,0,0,0,28
03/11/2009,STJ,MO,ACE,CE,Federal Contract Tower,0,0,3,3,6,0,0,22,10,32,0,0,25,13,38,68,24,92,130
03/12/2009,STJ,MO,ACE,CE,Federal Contract Tower,0,0,15,4,19,0,0,36,6,42,0,0,51,10,61,46,18,64,125
03/13/2009,STJ,MO,ACE,CE,Federal Contract Tower,0,2,16,3,21,0,2,47,3,52,0,4,63,6,73,40,0,40,113
03/14/2009,STJ,MO,ACE,CE,Federal Contract Tower,0,0,3,2,5,0,1,14,2,17,0,1,17,4,22,76,0,76,98
03/15/2009,STJ,MO,ACE,CE,Federal Contract Tower,0,0,8,0,8,0,2,35,1,38,0,2,43,1,46,37,0,37,83
03/16/2009,STJ,MO,ACE,CE,Federal Contract Tower,0,0,6,8,14,0,1,29,10,40,0,1,35,18,54,40,20,60,114
03/17/2009,STJ,MO,ACE,CE,Federal Contract Tower,0,0,16,6,22,0,0,32,0,32,0,0,48,6,54,70,16,86,140
03/18/2009,STJ,MO,ACE,CE,Federal Contract Tower,0,0,15,18,33,0,1,21,29,51,0,1,36,47,84,26,44,70,154
03/19/2009,STJ,MO,ACE,CE,Federal Contract Tower,0,0,8,13,21,0,0,44,16,60,0,0,52,29,81,28,34,62,143
03/20/2009,STJ,MO,ACE,CE,Federal Contract Tower,0,0,15,0,15,0,2,30,0,32,0,2,45,0,47,40,0,40,87
03/21/2009,STJ,MO,ACE,CE,Federal Contract Tower,0,0,4,0,4,0,2,16,0,18,0,2,20,0,22,48,0,48,70
03/22/2009,STJ,MO,ACE,CE,Federal Contract Tower,0,0,6,1,7,0,3,23,1,27,0,3,29,2,34,22,0,22,56
03/23/2009,STJ,MO,ACE,CE,Federal Contract Tower,0,0,6,12,18,0,0,7,14,21,0,0,13,26,39,2,24,26,65
03/24/2009,STJ,MO,ACE,CE,Federal Contract Tower,0,0,21,7,28,0,1,30,11,42,0,1,51,18,70,2,44,46,116
03/25/2009,STJ,MO,ACE,CE,Federal Contract Tower,0,1,3,32,36,0,1,24,61,86,0,2,27,93,122,32,28,60,182
03/26/2009,STJ,MO,ACE,CE,Federal Contract Tower,0,0,15,36,51,0,0,34,42,76,0,0,49,78,127,21,80,101,228
03/27/2009,STJ,MO,ACE,CE,Federal Contract Tower,0,0,2,4,6,0,0,2,16,18,0,0,4,20,24,0,6,6,30
03/28/2009,STJ,MO,ACE,CE,Federal Contract Tower,0,0,1,0,1,0,0,1,0,1,0,0,2,0,2,0,0,0,2
03/29/2009,STJ,MO,ACE,CE,Federal Contract Tower,0,0,7,3,10,0,0,30,2,32,0,0,37,5,42,90,0,90,132
03/30/2009,STJ,MO,ACE,CE,Federal Contract Tower,0,0,6,20,26,0,1,12,36,49,0,1,18,56,75,0,64,64,139
03/31/2009,STJ,MO,ACE,CE,Federal Contract Tower,0,0,10,8,18,0,2,16,12,30,0,2,26,20,48,0,0,0,48
04/01/2009,STJ,MO,ACE,CE,Federal Contract Tower,0,0,8,16,24,0,0,50,25,75,0,0,58,41,99,36,16,52,151
04/02/2009,STJ,MO,ACE,CE,Federal Contract Tower,0,0,1,8,9,0,0,7,28,35,0,0,8,36,44,6,10,16,60
04/03/2009,STJ,MO,ACE,CE,Federal Contract Tower,0,0,15,6,21,0,0,56,6,62,0,0,71,12,83,40,0,40,123
04/04/2009,STJ,MO,ACE,CE,Federal Contract Tower,0,0,2,0,2,0,1,9,0,10,0,1,11,0,12,0,0,0,12
04/05/2009,STJ,MO,ACE,CE,Federal Contract Tower,0,0,2,6,8,0,0,2,5,7,0,0,4,11,15,0,0,0,15
04/06/2009,STJ,MO,ACE,CE,Federal Contract Tower,0,0,4,0,4,0,0,10,11,21,0,0,14,11,25,0,0,0,25
04/07/2009,STJ,MO,ACE,CE,Federal Contract Tower,0,0,10,11,21,0,1,52,23,76,0,1,62,34,97,38,2,40,137
04/08/2009,STJ,MO,ACE,CE,Federal Contract Tower,0,0,6,9,15,0,0,44,38,82,0,0,50,47,97,52,6,58,155
04/09/2009,STJ,MO,ACE,CE,Federal Contract Tower,0,0,10,19,29,0,0,18,33,51,0,0,28,52,80,0,30,30,110
04/10/2009,STJ,MO,ACE,CE,Federal Contract Tower,0,0,4,0,4,0,0,19,1,20,0,0,23,1,24,30,0,30,54
04/11/2009,STJ,MO,ACE,CE,Federal Contract Tower,0,0,2,0,2,0,0,71,0,71,0,0,73,0,73,132,0,132,205
04/12/2009,STJ,MO,ACE,CE,Federal Contract Tower,0,0,7,1,8,0,0,12,1,13,0,0,19,2,21,2,0,2,23
04/13/2009,STJ,MO,ACE,CE,Federal Contract Tower,0,0,7,23,30,0,3,9,29,41,0,3,16,52,71,0,17,17,88
04/14/2009,STJ,MO,ACE,CE,Federal Contract Tower,0,0,19,24,43,0,0,61,54,115,0,0,80,78,158,156,74,230,388
04/15/2009,STJ,MO,ACE,CE,Federal Contract Tower,0,0,10,9,19,0,2,46,25,73,0,2,56,34,92,98,12,110,202
04/16/2009,STJ,MO,ACE,CE,Federal Contract Tower,0,1,10,18,29,0,2,28,45,75,0,3,38,63,104,10,12,22,126
04/17/2009,STJ,MO,ACE,CE,Federal Contract Tower,0,0,2,11,13,0,2,22,3,27,0,2,24,14,40,28,0,28,68
04/18/2009,STJ,MO,ACE,CE,Federal Contract Tower,0,0,0,3,3,0,0,8,3,11,0,0,8,6,14,0,0,0,14
04/19/2009,STJ,MO,ACE,CE,Federal Contract Tower,0,0,1,4,5,0,2,7,3,12,0,2,8,7,17,0,0,0,17
04/20/2009,STJ,MO,ACE,CE,Federal Contract Tower,0,0,5,23,28,0,1,15,24,40,0,1,20,47,68,2,15,17,85
04/21/2009,STJ,MO,ACE,CE,Federal Contract Tower,0,0,15,9,24,0,1,28,37,66,0,1,43,46,90,0,60,60,150
04/22/2009,STJ,MO,ACE,CE,Federal Contract Tower,0,17,4,8,29,0,17,49,29,95,0,34,53,37,124,44,2,46,170
04/23/2009,STJ,MO,ACE,CE,Federal Contract Tower,0,0,18,24,42,0,1,38,48,87,0,1,56,72,129,96,50,146,275
04/24/2009,STJ,MO,ACE,CE,Federal Contract Tower,0,0,0,0,0,0,0,25,12,37,0,0,25,12,37,6,24,30,67
04/25/2009,STJ,MO,ACE,CE,Federal Contract Tower,0,0,15,1,16,0,0,19,1,20,0,0,34,2,36,45,1,46,82
04/26/2009,STJ,MO,ACE,CE,Federal Contract Tower,0,0,2,0,2,0,0,9,0,9,0,0,11,0,11,4,0,4,15
04/27/2009,STJ,MO,ACE,CE,Federal Contract Tower,0,0,6,28,34,0,0,6,33,39,0,0,12,61,73,0,0,0,73
04/28/2009,STJ,MO,ACE,CE,Federal Contract Tower,0,0,15,27,42,0,0,46,58,104,0,0,61,85,146,106,80,186,332
04/29/2009,STJ,MO,ACE,CE,Federal Contract Tower,0,0,6,6,12,0,0,7,6,13,0,0,13,12,25,0,0,0,25
04/30/2009,STJ,MO,ACE,CE,Federal Contract Tower,0,0,10,28,38,0,1,13,23,37,0,1,23,51,75,10,36,46,121
05/01/2009,STJ,MO,ACE,CE,Federal Contract Tower,0,0,11,12,23,0,0,22,4,26,0,0,33,16,49,9,0,9,58
05/02/2009,STJ,MO,ACE,CE,Federal Contract Tower,0,0,7,1,8,0,1,115,26,142,0,1,122,27,150,30,10,40,190
05/03/2009,STJ,MO,ACE,CE,Federal Contract Tower,0,0,7,5,12,0,1,49,0,50,0,1,56,5,62,70,0,70,132
05/04/2009,STJ,MO,ACE,CE,Federal Contract Tower,0,2,29,8,39,0,0,0,0,0,0,2,29,8,39,1,30,31,70
05/05/2009,STJ,MO,ACE,CE,Federal Contract Tower,0,0,8,13,21,0,0,28,23,51,0,0,36,36,72,46,44,90,162
05/06/2009,STJ,MO,ACE,CE,Federal Contract Tower,0,0,7,3,10,0,3,14,2,19,0,3,21,5,29,14,1,15,44
05/07/2009,STJ,MO,ACE,CE,Federal Contract Tower,0,0,8,7,15,0,0,22,8,30,0,0,30,15,45,8,7,15,60
05/08/2009,STJ,MO,ACE,CE,Federal Contract Tower,0,0,10,14,24,0,0,16,11,27,0,0,26,25,51,6,8,14,65
05/09/2009,STJ,MO,ACE,CE,Federal Contract Tower,0,0,2,2,4,0,0,36,0,36,0,0,38,2,40,30,0,30,70
05/10/2009,STJ,MO,ACE,CE,Federal Contract Tower,0,0,1,11,12,0,0,13,2,15,0,0,14,13,27,38,0,38,65
05/11/2009,STJ,MO,ACE,CE,Federal Contract Tower,0,0,6,38,44,0,0,18,3,21,0,0,24,41,65,22,60,82,147
05/12/2009,STJ,MO,ACE,CE,Federal Contract Tower,0,2,10,10,22,0,0,12,0,12,0,2,22,10,34,0,10,10,44
05/13/2009,STJ,MO,ACE,CE,Federal Contract Tower,0,0,10,13,23,0,2,16,1,19,0,2,26,14,42,0,13,13,55
05/14/2009,STJ,MO,ACE,CE,Federal Contract Tower,0,0,19,29,48,0,0,30,4,34,0,0,49,33,82,57,49,106,188
05/15/2009,STJ,MO,ACE,CE,Federal Contract Tower,0,0,8,4,12,0,2,9,0,11,0,2,17,4,23,0,0,0,23
05/16/2009,STJ,MO,ACE,CE,Federal Contract Tower,0,0,8,0,8,0,1,26,2,29,0,1,34,2,37,0,0,0,37
05/17/2009,STJ,MO,ACE,CE,Federal Contract Tower,0,0,10,3,13,0,0,40,0,40,0,0,50,3,53,28,0,28,81
05/18/2009,STJ,MO,ACE,CE,Federal Contract Tower,0,0,5,5,10,0,0,21,0,21,0,0,26,5,31,4,21,25,56
05/19/2009,STJ,MO,ACE,CE,Federal Contract Tower,0,0,6,15,21,0,1,34,17,52,0,1,40,32,73,12,22,34,107
05/20/2009,STJ,MO,ACE,CE,Federal Contract Tower,0,0,7,11,18,0,3,32,25,60,0,3,39,36,78,27,24,51,129
05/21/2009,STJ,MO,ACE,CE,Federal Contract Tower,0,0,9,14,23,0,0,8,8,16,0,0,17,22,39,43,49,92,131
05/22/2009,STJ,MO,ACE,CE,Federal Contract Tower,0,0,8,0,8,0,0,26,0,26,0,0,34,0,34,12,2,14,48
05/23/2009,STJ,MO,ACE,CE,Federal Contract Tower,0,0,5,1,6,0,20,33,0,53,0,20,38,1,59,32,0,32,91
05/24/2009,STJ,MO,ACE,CE,Federal Contract Tower,0,0,7,0,7,0,1,56,0,57,0,1,63,0,64,8,0,8,72
05/25/2009,STJ,MO,ACE,CE,Federal Contract Tower,0,0,3,2,5,0,2,12,0,14,0,2,15,2,19,8,18,26,45
05/26/2009,STJ,MO,ACE,CE,Federal Contract Tower,0,0,11,15,26,0,1,4,5,10,0,1,15,20,36,12,0,12,48
05/27/2009,STJ,MO,ACE,CE,Federal Contract Tower,0,2,9,19,30,0,1,8,13,22,0,3,17,32,52,12,14,26,78
05/28/2009,STJ,MO,ACE,CE,Federal Contract Tower,0,0,6,28,34,0,2,22,9,33,0,2,28,37,67,52,52,104,171
05/29/2009,STJ,MO,ACE,CE,Federal Contract Tower,0,0,6,3,9,0,2,33,0,35,0,2,39,3,44,50,0,50,94
05/30/2009,STJ,MO,ACE,CE,Federal Contract Tower,0,0,7,0,7,0,1,24,2,27,0,1,31,2,34,16,0,16,50
05/31/2009,STJ,MO,ACE,CE,Federal Contract Tower,0,0,3,4,7,0,0,25,0,25,0,0,28,4,32,33,0,33,65
06/01/2009,STJ,MO,ACE,CE,Federal Contract Tower,0,0,6,32,38,0,3,25,47,75,0,3,31,79,113,5,26,31,144
06/02/2009,STJ,MO,ACE,CE,Federal Contract Tower,0,0,6,6,12,0,1,7,12,20,0,1,13,18,32,0,19,19,51
06/03/2009,STJ,MO,ACE,CE,Federal Contract Tower,0,0,18,44,62,0,2,33,40,75,0,2,51,84,137,20,38,58,195
06/04/2009,STJ,MO,ACE,CE,Federal Contract Tower,0,0,26,33,59,0,1,69,70,140,0,1,95,103,199,4,40,44,243
06/05/2009,STJ,MO,ACE,CE,Federal Contract Tower,0,0,16,3,19,0,2,66,2,70,0,2,82,5,89,20,0,20,109
06/06/2009,STJ,MO,ACE,CE,Federal Contract Tower,0,0,0,2,2,0,1,30,2,33,0,1,30,4,35,40,22,62,97
06/07/2009,STJ,MO,ACE,CE,Federal Contract Tower,0,0,2,3,5,0,0,14,3,17,0,0,16,6,22,7,0,7,29
06/08/2009,STJ,MO,ACE,CE,Federal Contract Tower,0,0,8,12,20,0,1,19,14,34,0,1,27,26,54,6,24,30,84
06/09/2009,STJ,MO,ACE,CE,Federal Contract Tower,0,0,6,11,17,0,0,13,15,28,0,0,19,26,45,25,25,50,95
06/10/2009,STJ,MO,ACE,CE,Federal Contract Tower,0,0,27,19,46,0,0,35,17,52,0,0,62,36,98,22,20,42,140
06/11/2009,STJ,MO,ACE,CE,Federal Contract Tower,0,0,17,18,35,0,0,35,23,58,0,0,52,41,93,9,32,41,134
06/12/2009,STJ,MO,ACE,CE,Federal Contract Tower,0,2,23,1,26,0,5,61,1,67,0,7,84,2,93,36,0,36,129
06/13/2009,STJ,MO,ACE,CE,Federal Contract Tower,0,0,7,0,7,0,0,24,0,24,0,0,31,0,31,28,0,28,59
06/14/2009,STJ,MO,ACE,CE,Federal Contract Tower,0,0,8,1,9,0,3,23,3,29,0,3,31,4,38,38,0,38,76
06/15/2009,STJ,MO,ACE,CE,Federal Contract Tower,0,0,18,8,26,0,0,28,10,38,0,0,46,18,64,17,2,19,83
06/16/2009,STJ,MO,ACE,CE,Federal Contract Tower,0,0,16,4,20,0,0,40,36,76,0,0,56,40,96,54,32,86,182
06/17/2009,STJ,MO,ACE,CE,Federal Contract Tower,0,0,9,3,12,0,0,52,13,65,0,0,61,16,77,10,20,30,107
06/18/2009,STJ,MO,ACE,CE,Federal Contract Tower,0,0,17,10,27,0,1,47,23,71,0,1,64,33,98,18,26,44,142
06/19/2009,STJ,MO,ACE,CE,Federal Contract Tower,0,0,12,8,20,0,2,38,9,49,0,2,50,17,69,38,12,50,119
06/20/2009,STJ,MO,ACE,CE,Federal Contract Tower,0,0,7,0,7,0,0,59,0,59,0,0,66,0,66,52,0,52,118
06/21/2009,STJ,MO,ACE,CE,Federal Contract Tower,0,0,2,2,4,0,1,31,4,36,0,1,33,6,40,20,0,20,60
06/22/2009,STJ,MO,ACE,CE,Federal Contract Tower,0,0,9,2,11,0,2,34,12,48,0,2,43,14,59,37,27,64,123
06/23/2009,STJ,MO,ACE,CE,Federal Contract Tower,0,0,19,5,24,0,0,63,29,92,0,0,82,34,116,14,50,64,180
06/24/2009,STJ,MO,ACE,CE,Federal Contract Tower,0,0,7,5,12,0,1,28,15,44,0,1,35,20,56,2,0,2,58
06/25/2009,STJ,MO,ACE,CE,Federal Contract Tower,0,0,7,6,13,0,2,23,11,36,0,2,30,17,49,30,2,32,81
06/26/2009,STJ,MO,ACE,CE,Federal Contract Tower,0,0,14,9,23,0,0,50,7,57,0,0,64,16,80,44,0,44,124
06/27/2009,STJ,MO,ACE,CE,Federal Contract Tower,0,0,15,0,15,0,1,54,0,55,0,1,69,0,70,24,0,24,94
06/28/2009,STJ,MO,ACE,CE,Federal Contract Tower,0,0,2,1,3,0,0,39,2,41,0,0,41,3,44,48,0,48,92
06/29/2009,STJ,MO,ACE,CE,Federal Contract Tower,0,0,19,0,19,0,1,52,2,55,0,1,71,2,74,10,28,38,112
06/30/2009,STJ,MO,ACE,CE,Federal Contract Tower,0,0,27,36,63,0,2,59,40,101,0,2,86,76,164,48,7,55,219
07/01/2009,STJ,MO,ACE,CE,Federal Contract Tower,0,14,4,19,37,0,14,18,24,56,0,28,22,43,93,24,27,51,144
07/02/2009,STJ,MO,ACE,CE,Federal Contract Tower,0,0,3,3,6,0,1,42,1,44,0,1,45,4,50,0,0,0,50
07/03/2009,STJ,MO,ACE,CE,Federal Contract Tower,0,0,6,0,6,0,0,13,0,13,0,0,19,0,19,2,0,2,21
07/04/2009,STJ,MO,ACE,CE,Federal Contract Tower,0,0,3,0,3,0,0,14,0,14,0,0,17,0,17,0,0,0,17
07/05/2009,STJ,MO,ACE,CE,Federal Contract Tower,0,0,3,1,4,0,0,31,1,32,0,0,34,2,36,14,0,14,50
07/06/2009,STJ,MO,ACE,CE,Federal Contract Tower,0,0,17,3,20,0,1,49,7,57,0,1,66,10,77,10,27,37,114
07/07/2009,STJ,MO,ACE,CE,Federal Contract Tower,0,0,12,10,22,0,1,39,16,56,0,1,51,26,78,28,7,35,113
07/08/2009,STJ,MO,ACE,CE,Federal Contract Tower,0,4,13,8,25,0,5,39,8,52,0,9,52,16,77,16,0,16,93
07/09/2009,STJ,MO,ACE,CE,Federal Contract Tower,0,0,7,3,10,1,4,35,11,51,1,4,42,14,61,21,54,75,136
07/10/2009,STJ,MO,ACE,CE,Federal Contract Tower,0,0,8,5,13,0,1,33,7,41,0,1,41,12,54,12,0,12,66
07/11/2009,STJ,MO,ACE,CE,Federal Contract Tower,0,0,4,11,15,0,1,45,20,66,0,1,49,31,81,12,0,12,93
07/12/2009,STJ,MO,ACE,CE,Federal Contract Tower,0,0,5,1,6,0,2,23,1,26,0,2,28,2,32,22,0,22,54
07/13/2009,STJ,MO,ACE,CE,Federal Contract Tower,0,0,11,32,43,0,1,21,30,52,0,1,32,62,95,14,11,25,120
07/14/2009,STJ,MO,ACE,CE,Federal Contract Tower,0,0,10,12,22,0,0,15,50,65,0,0,25,62,87,14,48,62,149
07/15/2009,STJ,MO,ACE,CE,Federal Contract Tower,0,0,2,13,15,0,1,63,14,78,0,1,65,27,93,46,40,86,179
07/16/2009,STJ,MO,ACE,CE,Federal Contract Tower,0,0,6,9,15,0,2,37,33,72,0,2,43,42,87,10,0,10,97
07/17/2009,STJ,MO,ACE,CE,Federal Contract Tower,0,0,4,0,4,0,0,30,0,30,0,0,34,0,34,30,0,30,64
07/18/2009,STJ,MO,ACE,CE,Federal Contract Tower,0,0,8,1,9,0,0,111,1,112,0,0,119,2,121,48,0,48,169
07/19/2009,STJ,MO,ACE,CE,Federal Contract Tower,0,0,6,0,6,0,0,104,0,104,0,0,110,0,110,64,0,64,174
07/20/2009,STJ,MO,ACE,CE,Federal Contract Tower,0,4,5,8,17,0,5,40,7,52,0,9,45,15,69,0,12,12,81
07/21/2009,STJ,MO,ACE,CE,Federal Contract Tower,0,0,22,16,38,0,3,26,28,57,0,3,48,44,95,30,100,130,225
07/22/2009,STJ,MO,ACE,CE,Federal Contract Tower,0,8,20,4,32,0,10,103,5,118,0,18,123,9,150,29,5,34,184
07/23/2009,STJ,MO,ACE,CE,Federal Contract Tower,0,0,20,18,38,0,0,82,31,113,0,0,102,49,151,20,42,62,213
07/24/2009,STJ,MO,ACE,CE,Federal Contract Tower,0,0,13,5,18,0,2,36,5,43,0,2,49,10,61,46,0,46,107
07/25/2009,STJ,MO,ACE,CE,Federal Contract Tower,0,0,8,0,8,0,3,105,0,108,0,3,113,0,116,62,0,62,178
07/26/2009,STJ,MO,ACE,CE,Federal Contract Tower,0,0,1,0,1,0,0,41,0,41,0,0,42,0,42,51,0,51,93
07/27/2009,STJ,MO,ACE,CE,Federal Contract Tower,0,0,11,9,20,0,2,52,12,66,0,2,63,21,86,28,0,28,114
07/28/2009,STJ,MO,ACE,CE,Federal Contract Tower,0,0,11,5,16,0,3,22,31,56,0,3,33,36,72,0,40,40,112
07/29/2009,STJ,MO,ACE,CE,Federal Contract Tower,0,0,14,1,15,0,0,54,1,55,0,0,68,2,70,24,0,24,94
07/30/2009,STJ,MO,ACE,CE,Federal Contract Tower,0,0,31,2,33,0,0,50,25,75,0,0,81,27,108,10,22,32,140
07/31/2009,STJ,MO,ACE,CE,Federal Contract Tower,0,0,25,9,34,0,3,68,11,82,0,3,93,20,116,51,4,55,171
08/01/2009,STJ,MO,ACE,CE,Federal Contract Tower,0,0,0,0,0,0,1,34,0,35,0,1,34,0,35,0,10,10,45
08/02/2009,STJ,MO,ACE,CE,Federal Contract Tower,0,0,10,0,10,0,0,52,0,52,0,0,62,0,62,34,0,34,96
08/03/2009,STJ,MO,ACE,CE,Federal Contract Tower,0,0,4,5,9,0,0,35,23,58,0,0,39,28,67,20,2,22,89
08/04/2009,STJ,MO,ACE,CE,Federal Contract Tower,0,5,11,9,25,0,0,32,18,50,0,5,43,27,75,6,54,60,135
08/05/2009,STJ,MO,ACE,CE,Federal Contract Tower,0,0,4,9,13,0,7,16,13,36,0,7,20,22,49,0,4,4,53
08/06/2009,STJ,MO,ACE,CE,Federal Contract Tower,0,0,11,7,18,0,0,41,24,65,0,0,52,31,83,4,22,26,109
08/07/2009,STJ,MO,ACE,CE,Federal Contract Tower,0,0,7,7,14,0,2,30,9,41,0,2,37,16,55,0,0,0,55
08/08/2009,STJ,MO,ACE,CE,Federal Contract Tower,0,0,1,1,2,0,0,17,2,19,0,0,18,3,21,0,0,0,21
08/09/2009,STJ,MO,ACE,CE,Federal Contract Tower,0,0,14,0,14,0,0,33,0,33,0,0,47,0,47,4,0,4,51
08/10/2009,STJ,MO,ACE,CE,Federal Contract Tower,0,0,12,17,29,0,0,46,20,66,0,0,58,37,95,16,2,18,113
08/11/2009,STJ,MO,ACE,CE,Federal Contract Tower,0,0,11,3,14,0,2,48,10,60,0,2,59,13,74,20,34,54,128
08/12/2009,STJ,MO,ACE,CE,Federal Contract Tower,0,0,10,15,25,0,0,59,13,72,0,0,69,28,97,12,0,12,109
08/13/2009,STJ,MO,ACE,CE,Federal Contract Tower,0,0,12,13,25,0,0,35,26,61,0,0,47,39,86,36,22,58,144
08/14/2009,STJ,MO,ACE,CE,Federal Contract Tower,0,0,0,0,0,0,0,46,14,60,0,0,46,14,60,42,8,50,110
08/15/2009,STJ,MO,ACE,CE,Federal Contract Tower,0,0,7,1,8,0,0,23,1,24,0,0,30,2,32,18,0,18,50
08/16/2009,STJ,MO,ACE,CE,Federal Contract Tower,0,0,10,0,10,0,0,15,0,15,0,0,25,0,25,8,0,8,33
08/17/2009,STJ,MO,ACE,CE,Federal Contract Tower,0,0,17,2,19,0,0,34,20,54,0,0,51,22,73,50,36,86,159
08/18/2009,STJ,MO,ACE,CE,Federal Contract Tower,0,0,16,11,27,0,1,57,38,96,0,1,73,49,123,22,32,54,177
08/19/2009,STJ,MO,ACE,CE,Federal Contract Tower,0,0,10,20,30,0,1,20,22,43,0,1,30,42,73,10,38,48,121
08/20/2009,STJ,MO,ACE,CE,Federal Contract Tower,0,2,7,27,36,0,3,30,37,70,0,5,37,64,106,0,16,16,122
08/21/2009,STJ,MO,ACE,CE,Federal Contract Tower,0,0,8,0,8,0,3,39,0,42,0,3,47,0,50,24,0,24,74
08/22/2009,STJ,MO,ACE,CE,Federal Contract Tower,0,0,9,0,9,0,0,90,0,90,0,0,99,0,99,68,0,68,167
08/23/2009,STJ,MO,ACE,CE,Federal Contract Tower,0,0,15,3,18,0,1,58,3,62,0,1,73,6,80,88,0,88,168
08/24/2009,STJ,MO,ACE,CE,Federal Contract Tower,0,0,12,8,20,0,3,53,7,63,0,3,65,15,83,0,24,24,107
08/25/2009,STJ,MO,ACE,CE,Federal Contract Tower,0,0,15,9,24,0,4,33,46,83,0,4,48,55,107,42,40,82,189
08/26/2009,STJ,MO,ACE,CE,Federal Contract Tower,0,0,12,9,21,0,1,15,4,20,0,1,27,13,41,16,26,42,83
08/27/2009,STJ,MO,ACE,CE,Federal Contract Tower,0,0,29,26,55,0,0,35,37,72,0,0,64,63,127,16,12,28,155
08/28/2009,STJ,MO,ACE,CE,Federal Contract Tower,0,0,8,0,8,0,0,19,0,19,0,0,27,0,27,24,0,24,51
08/29/2009,STJ,MO,ACE,CE,Federal Contract Tower,0,0,7,0,7,0,3,27,0,30,0,3,34,0,37,60,0,60,97
08/30/2009,STJ,MO,ACE,CE,Federal Contract Tower,0,0,2,0,2,0,0,62,0,62,0,0,64,0,64,28,0,28,92
08/31/2009,STJ,MO,ACE,CE,Federal Contract Tower,0,0,0,0,0,0,1,32,9,42,0,1,32,9,42,28,20,48,90
09/01/2009,STJ,MO,ACE,CE,Federal Contract Tower,0,0,18,5,23,1,2,39,26,68,1,2,57,31,91,12,16,28,119
09/02/2009,STJ,MO,ACE,CE,Federal Contract Tower,0,0,14,9,23,0,0,26,9,35,0,0,40,18,58,32,0,32,90
09/03/2009,STJ,MO,ACE,CE,Federal Contract Tower,0,0,11,17,28,0,0,20,20,40,0,0,31,37,68,12,20,32,100
09/04/2009,STJ,MO,ACE,CE,Federal Contract Tower,0,0,14,0,14,0,1,49,0,50,0,1,63,0,64,16,0,16,80
09/05/2009,STJ,MO,ACE,CE,Federal Contract Tower,0,0,6,0,6,0,0,31,0,31,0,0,37,0,37,24,0,24,61
09/06/2009,STJ,MO,ACE,CE,Federal Contract Tower,0,0,6,0,6,0,0,38,0,38,0,0,44,0,44,0,0,0,44
09/07/2009,STJ,MO,ACE,CE,Federal Contract Tower,0,0,20,1,21,0,0,31,1,32,0,0,51,2,53,8,0,8,61
09/08/2009,STJ,MO,ACE,CE,Federal Contract Tower,0,0,4,4,8,0,0,37,22,59,0,0,41,26,67,40,0,40,107
09/09/2009,STJ,MO,ACE,CE,Federal Contract Tower,0,0,7,13,20,0,0,14,11,25,0,0,21,24,45,11,0,11,56
09/10/2009,STJ,MO,ACE,CE,Federal Contract Tower,0,0,26,23,49,0,0,45,28,73,0,0,71,51,122,46,42,88,210
09/11/2009,STJ,MO,ACE,CE,Federal Contract Tower,0,0,13,2,15,0,2,54,2,58,0,2,67,4,73,19,0,19,92
09/12/2009,STJ,MO,ACE,CE,Federal Contract Tower,0,0,20,0,20,0,0,19,1,20,0,0,39,1,40,0,0,0,40
09/13/2009,STJ,MO,ACE,CE,Federal Contract Tower,0,0,9,0,9,0,0,33,0,33,0,0,42,0,42,22,0,22,64
09/14/2009,STJ,MO,ACE,CE,Federal Contract Tower,0,0,11,46,57,0,3,43,35,81,0,3,54,81,138,22,60,82,220
09/15/2009,STJ,MO,ACE,CE,Federal Contract Tower,0,0,10,23,33,0,0,29,35,64,0,0,39,58,97,58,50,108,205
09/16/2009,STJ,MO,ACE,CE,Federal Contract Tower,0,1,24,31,56,0,1,24,31,56,0,2,48,62,112,12,36,48,160
09/17/2009,STJ,MO,ACE,CE,Federal Contract Tower,0,0,19,35,54,0,1,47,47,95,0,1,66,82,149,44,72,116,265
09/18/2009,STJ,MO,ACE,CE,Federal Contract Tower,0,0,5,6,11,0,0,36,10,46,0,0,41,16,57,4,17,21,78
09/19/2009,STJ,MO,ACE,CE,Federal Contract Tower,0,2,63,0,65,0,2,63,0,65,0,4,126,0,130,32,0,32,162
09/20/2009,STJ,MO,ACE,CE,Federal Contract Tower,0,0,4,0,4,0,2,44,0,46,0,2,48,0,50,30,0,30,80
09/21/2009,STJ,MO,ACE,CE,Federal Contract Tower,0,0,0,2,2,0,0,2,2,4,0,0,2,4,6,12,0,12,18
09/22/2009,STJ,MO,ACE,CE,Federal Contract Tower,0,0,14,48,62,0,2,30,52,84,0,2,44,100,146,60,112,172,318
09/23/2009,STJ,MO,ACE,CE,Federal Contract Tower,0,2,11,9,22,0,2,32,10,44,0,4,43,19,66,20,6,26,92
09/24/2009,STJ,MO,ACE,CE,Federal Contract Tower,0,0,14,30,44,0,0,37,48,85,0,0,51,78,129,46,56,102,231
09/25/2009,STJ,MO,ACE,CE,Federal Contract Tower,0,3,44,21,68,0,3,44,21,68,0,6,88,42,136,60,2,62,198
09/26/2009,STJ,MO,ACE,CE,Federal Contract Tower,0,0,8,0,8,0,0,84,21,105,0,0,92,21,113,76,2,78,191
09/27/2009,STJ,MO,ACE,CE,Federal Contract Tower,0,0,4,1,5,0,1,48,1,50,0,1,52,2,55,10,0,10,65
09/28/2009,STJ,MO,ACE,CE,Federal Contract Tower,0,0,16,26,42,0,1,46,34,81,0,1,62,60,123,0,44,44,167
09/29/2009,STJ,MO,ACE,CE,Federal Contract Tower,0,0,9,16,25,0,1,44,34,79,0,1,53,50,104,46,60,106,210
09/30/2009,STJ,MO,ACE,CE,Federal Contract Tower,0,0,2,0,2,0,0,62,0,62,0,0,64,0,64,28,0,28,92
10/01/2009,STJ,MO,ACE,CE,Federal Contract Tower,0,0,4,26,30,0,0,6,34,40,0,0,10,60,70,16,54,70,140
10/02/2009,STJ,MO,ACE,CE,Federal Contract Tower,0,3,11,0,14,0,3,11,0,14,0,6,22,0,28,0,0,0,28
10/03/2009,STJ,MO,ACE,CE,Federal Contract Tower,0,0,9,0,9,0,0,36,4,40,0,0,45,4,49,20,0,20,69
10/04/2009,STJ,MO,ACE,CE,Federal Contract Tower,0,0,11,2,13,0,0,66,12,78,0,0,77,14,91,22,18,40,131
10/05/2009,STJ,MO,ACE,CE,Federal Contract Tower,0,0,6,26,32,0,0,24,36,60,0,0,30,62,92,30,64,94,186
10/06/2009,STJ,MO,ACE,CE,Federal Contract Tower,0,0,0,6,6,0,0,17,15,32,0,0,17,21,38,0,38,38,76
10/07/2009,STJ,MO,ACE,CE,Federal Contract Tower,0,0,6,7,13,0,1,31,15,47,0,1,37,22,60,30,24,54,114
10/08/2009,STJ,MO,ACE,CE,Federal Contract Tower,0,1,4,2,7,0,1,3,2,6,0,2,7,4,13,0,0,0,13
10/09/2009,STJ,MO,ACE,CE,Federal Contract Tower,0,0,4,5,9,0,2,24,8,34,0,2,28,13,43,26,60,86,129
10/10/2009,STJ,MO,ACE,CE,Federal Contract Tower,0,0,3,2,5,0,1,13,2,16,0,1,16,4,21,53,0,53,74
10/11/2009,STJ,MO,ACE,CE,Federal Contract Tower,0,0,4,1,5,0,0,26,1,27,0,0,30,2,32,12,0,12,44
10/12/2009,STJ,MO,ACE,CE,Federal Contract Tower,0,0,8,0,8,0,1,19,0,20,0,1,27,0,28,2,0,2,30
10/13/2009,STJ,MO,ACE,CE,Federal Contract Tower,0,0,56,0,56,0,1,0,0,1,0,1,56,0,57,0,0,0,57
10/14/2009,STJ,MO,ACE,CE,Federal Contract Tower,0,0,24,20,44,0,1,19,6,26,0,1,43,26,70,18,12,30,100
10/15/2009,STJ,MO,ACE,CE,Federal Contract Tower,0,3,5,25,33,0,5,26,24,55,0,8,31,49,88,0,0,0,88
10/16/2009,STJ,MO,ACE,CE,Federal Contract Tower,0,0,58,1,59,0,4,8,40,52,0,4,66,41,111,16,8,24,135
10/17/2009,STJ,MO,ACE,CE,Federal Contract Tower,0,0,13,1,14,0,0,58,1,59,0,0,71,2,73,4,0,4,77
10/18/2009,STJ,MO,ACE,CE,Federal Contract Tower,0,2,38,1,41,0,0,58,1,59,0,2,96,2,100,32,0,32,132
10/19/2009,STJ,MO,ACE,CE,Federal Contract Tower,0,0,10,30,40,0,2,38,1,41,0,2,48,31,81,0,0,0,81
10/20/2009,STJ,MO,ACE,CE,Federal Contract Tower,0,0,7,2,9,0,0,26,11,37,0,0,33,13,46,22,56,78,124
10/21/2009,STJ,MO,ACE,CE,Federal Contract Tower,0,0,7,19,26,0,2,23,12,37,0,2,30,31,63,24,76,100,163
10/22/2009,STJ,MO,ACE,CE,Federal Contract Tower,0,0,5,0,5,0,0,9,0,9,0,0,14,0,14,0,0,0,14
10/23/2009,STJ,MO,ACE,CE,Federal Contract Tower,0,0,11,1,12,0,0,16,1,17,0,0,27,2,29,18,0,18,47
10/24/2009,STJ,MO,ACE,CE,Federal Contract Tower,0,0,4,0,4,0,0,3,61,64,0,0,7,61,68,66,0,66,134
10/25/2009,STJ,MO,ACE,CE,Federal Contract Tower,0,0,4,1,5,0,2,30,1,33,0,2,34,2,38,22,0,22,60
10/26/2009,STJ,MO,ACE,CE,Federal Contract Tower,0,0,5,9,14,0,0,19,5,24,0,0,24,14,38,16,66,82,120
10/27/2009,STJ,MO,ACE,CE,Federal Contract Tower,0,0,10,7,17,0,0,29,4,33,0,0,39,11,50,4,24,28,78
10/28/2009,STJ,MO,ACE,CE,Federal Contract Tower,0,0,4,25,29,4,2,12,10,28,4,2,16,35,57,38,52,90,147
10/29/2009,STJ,MO,ACE,CE,Federal Contract Tower,0,0,3,50,53,0,0,3,50,53,0,0,6,100,106,0,0,0,106
10/30/2009,STJ,MO,ACE,CE,Federal Contract Tower,0,0,12,1,13,0,1,28,13,42,0,1,40,14,55,0,4,4,59
10/31/2009,STJ,MO,ACE,CE,Federal Contract Tower,0,0,41,2,43,0,0,41,2,43,0,0,82,4,86,77,0,77,163
11/01/2009,STJ,MO,ACE,CE,Federal Contract Tower,0,0,41,1,42,0,1,41,1,43,0,1,82,2,85,35,0,35,120
11/02/2009,STJ,MO,ACE,CE,Federal Contract Tower,0,0,0,0,0,0,0,16,11,27,0,0,16,11,27,22,47,69,96
11/03/2009,STJ,MO,ACE,CE,Federal Contract Tower,0,0,8,20,28,0,0,34,26,60,0,0,42,46,88,8,86,94,182
11/04/2009,STJ,MO,ACE,CE,Federal Contract Tower,0,0,8,3,11,0,1,28,7,36,0,1,36,10,47,38,26,64,111
11/05/2009,STJ,MO,ACE,CE,Federal Contract Tower,0,0,8,12,20,0,2,32,34,68,0,2,40,46,88,18,12,30,118
11/06/2009,STJ,MO,ACE,CE,Federal Contract Tower,0,0,12,5,17,0,3,40,9,52,0,3,52,14,69,16,2,18,87
11/07/2009,STJ,MO,ACE,CE,Federal Contract Tower,0,0,5,0,5,0,0,67,0,67,0,0,72,0,72,34,0,34,106
11/08/2009,STJ,MO,ACE,CE,Federal Contract Tower,0,0,4,4,8,0,6,24,3,33,0,6,28,7,41,34,11,45,86
11/09/2009,STJ,MO,ACE,CE,Federal Contract Tower,0,0,7,2,9,0,0,10,5,15,0,0,17,7,24,10,48,58,82
11/10/2009,STJ,MO,ACE,CE,Federal Contract Tower,0,4,36,29,69,0,0,0,0,0,0,4,36,29,69,16,14,30,99
11/11/2009,STJ,MO,ACE,CE,Federal Contract Tower,0,2,31,0,33,0,0,0,0,0,0,2,31,0,33,47,0,47,80
11/12/2009,STJ,MO,ACE,CE,Federal Contract Tower,0,2,47,14,63,0,0,0,14,14,0,2,47,28,77,24,7,31,108
11/13/2009,STJ,MO,ACE,CE,Federal Contract Tower,0,0,5,5,10,0,1,20,7,28,0,1,25,12,38,13,2,15,53
11/14/2009,STJ,MO,ACE,CE,Federal Contract Tower,0,1,12,1,14,0,2,17,1,20,0,3,29,2,34,0,0,0,34
11/15/2009,STJ,MO,ACE,CE,Federal Contract Tower,0,1,0,3,4,0,1,8,3,12,0,2,8,6,16,0,0,0,16
11/16/2009,STJ,MO,ACE,CE,Federal Contract Tower,0,0,8,1,9,0,0,8,1,9,0,0,16,2,18,0,0,0,18
11/17/2009,STJ,MO,ACE,CE,Federal Contract Tower,0,0,5,10,15,0,0,5,10,15,0,0,10,20,30,0,0,0,30
11/18/2009,STJ,MO,ACE,CE,Federal Contract Tower,0,0,11,8,19,0,0,0,0,0,0,0,11,8,19,0,0,0,19
11/19/2009,STJ,MO,ACE,CE,Federal Contract Tower,0,2,32,13,47,0,0,0,0,0,0,2,32,13,47,31,82,113,160
11/20/2009,STJ,MO,ACE,CE,Federal Contract Tower,0,0,23,15,38,0,0,0,0,0,0,0,23,15,38,48,2,50,88
11/21/2009,STJ,MO,ACE,CE,Federal Contract Tower,0,1,18,0,19,0,0,0,0,0,0,1,18,0,19,94,0,94,113
11/22/2009,STJ,MO,ACE,CE,Federal Contract Tower,0,2,14,2,18,0,0,0,0,0,0,2,14,2,18,25,0,25,43
11/23/2009,STJ,MO,ACE,CE,Federal Contract Tower,0,1,9,4,14,0,0,0,0,0,0,1,9,4,14,26,54,80,94
11/24/2009,STJ,MO,ACE,CE,Federal Contract Tower,0,0,8,16,24,0,0,0,0,0,0,0,8,16,24,27,17,44,68
11/25/2009,STJ,MO,ACE,CE,Federal Contract Tower,0,0,5,4,9,0,1,29,10,40,0,1,34,14,49,30,30,60,109
11/26/2009,STJ,MO,ACE,CE,Federal Contract Tower,0,3,9,0,12,0,0,0,0,0,0,3,9,0,12,2,0,2,14
11/27/2009,STJ,MO,ACE,CE,Federal Contract Tower,0,2,44,1,47,0,0,0,0,0,0,2,44,1,47,48,0,48,95
11/28/2009,STJ,MO,ACE,CE,Federal Contract Tower,0,0,49,0,49,0,0,0,0,0,0,0,49,0,49,11,0,11,60
11/29/2009,STJ,MO,ACE,CE,Federal Contract Tower,0,0,0,0,0,0,0,6,0,6,0,0,6,0,6,8,0,8,14
11/30/2009,STJ,MO,ACE,CE,Federal Contract Tower,0,1,31,12,44,0,0,0,0,0,0,1,31,12,44,10,0,10,54
12/01/2009,STJ,MO,ACE,CE,Federal Contract Tower,0,0,0,0,0,0,0,0,0,0,0,0,0,0,0,10,0,10,10
12/02/2009,STJ,MO,ACE,CE,Federal Contract Tower,0,0,11,4,15,0,0,16,8,24,0,0,27,12,39,7,4,11,50
12/03/2009,STJ,MO,ACE,CE,Federal Contract Tower,0,0,7,12,19,0,0,14,10,24,0,0,21,22,43,8,0,8,51
12/04/2009,STJ,MO,ACE,CE,Federal Contract Tower,0,0,4,10,14,0,1,25,10,36,0,1,29,20,50,8,6,14,64
12/05/2009,STJ,MO,ACE,CE,Federal Contract Tower,0,0,9,0,9,0,0,29,0,29,0,0,38,0,38,22,0,22,60
12/06/2009,STJ,MO,ACE,CE,Federal Contract Tower,0,0,5,3,8,0,0,20,3,23,0,0,25,6,31,2,0,2,33
12/07/2009,STJ,MO,ACE,CE,Federal Contract Tower,0,3,6,26,35,0,0,0,0,0,0,3,6,26,35,2,44,46,81
12/08/2009,STJ,MO,ACE,CE,Federal Contract Tower,0,0,3,0,3,0,0,0,0,0,0,0,3,0,3,0,0,0,3
12/09/2009,STJ,MO,ACE,CE,Federal Contract Tower,2,2,14,0,18,0,0,0,0,0,2,2,14,0,18,0,0,0,18
12/10/2009,STJ,MO,ACE,CE,Federal Contract Tower,0,2,9,2,13,0,0,0,0,0,0,2,9,2,13,0,0,0,13
12/11/2009,STJ,MO,ACE,CE,Federal Contract Tower,0,0,0,0,0,0,2,27,23,52,0,2,27,23,52,0,0,0,52
12/12/2009,STJ,MO,ACE,CE,Federal Contract Tower,0,0,14,2,16,0,0,32,2,34,0,0,46,4,50,8,0,8,58
12/13/2009,STJ,MO,ACE,CE,Federal Contract Tower,0,0,3,0,3,0,0,14,0,14,0,0,17,0,17,2,0,2,19
12/14/2009,STJ,MO,ACE,CE,Federal Contract Tower,0,0,8,19,27,0,0,0,30,30,0,0,8,49,57,7,16,23,80
12/15/2009,STJ,MO,ACE,CE,Federal Contract Tower,0,0,6,15,21,0,1,22,15,38,0,1,28,30,59,11,35,46,105
12/16/2009,STJ,MO,ACE,CE,Federal Contract Tower,0,0,26,14,40,0,0,0,0,0,0,0,26,14,40,36,38,74,114
12/17/2009,STJ,MO,ACE,CE,Federal Contract Tower,0,0,19,14,33,0,0,41,26,67,0,0,60,40,100,14,66,80,180
12/18/2009,STJ,MO,ACE,CE,Federal Contract Tower,0,1,11,2,14,0,0,0,0,0,0,1,11,2,14,12,0,12,26
12/19/2009,STJ,MO,ACE,CE,Federal Contract Tower,0,0,6,0,6,0,0,17,0,17,0,0,23,0,23,2,0,2,25
12/20/2009,STJ,MO,ACE,CE,Federal Contract Tower,0,0,0,0,0,0,0,29,0,29,0,0,29,0,29,16,0,16,45
12/21/2009,STJ,MO,ACE,CE,Federal Contract Tower,0,0,10,18,28,0,0,33,27,60,0,0,43,45,88,22,42,64,152
12/22/2009,STJ,MO,ACE,CE,Federal Contract Tower,0,0,7,8,15,0,0,19,15,34,0,0,26,23,49,36,10,46,95
12/23/2009,STJ,MO,ACE,CE,Federal Contract Tower,0,0,0,2,2,0,0,0,0,0,0,0,0,2,2,0,0,0,2
12/24/2009,STJ,MO,ACE,CE,Federal Contract Tower,0,0,0,0,0,0,0,0,0,0,0,0,0,0,0,0,0,0,0
12/25/2009,STJ,MO,ACE,CE,Federal Contract Tower,0,0,0,0,0,0,0,0,0,0,0,0,0,0,0,0,0,0,0
12/26/2009,STJ,MO,ACE,CE,Federal Contract Tower,0,0,0,0,0,0,0,0,0,0,0,0,0,0,0,0,0,0,0
12/27/2009,STJ,MO,ACE,CE,Federal Contract Tower,0,0,5,0,5,0,0,0,0,0,0,0,5,0,5,4,0,4,9
12/28/2009,STJ,MO,ACE,CE,Federal Contract Tower,0,0,8,1,9,0,0,1,1,2,0,0,9,2,11,4,0,4,15
12/29/2009,STJ,MO,ACE,CE,Federal Contract Tower,0,1,4,0,5,0,0,0,0,0,0,1,4,0,5,36,0,36,41
12/30/2009,STJ,MO,ACE,CE,Federal Contract Tower,0,0,5,0,5,0,0,0,0,0,0,0,5,0,5,0,0,0,5
12/31/2009,STJ,MO,ACE,CE,Federal Contract Tower,0,0,1,0,1,0,0,10,0,10,0,0,11,0,11,14,0,14,25
01/01/2010,STJ,MO,ACE,CE,Federal Contract Tower,0,3,9,0,12,0,0,0,0,0,0,3,9,0,12,0,0,0,12
01/02/2010,STJ,MO,ACE,CE,Federal Contract Tower,0,0,6,1,7,0,0,16,1,17,0,0,22,2,24,2,2,4,28
01/03/2010,STJ,MO,ACE,CE,Federal Contract Tower,0,0,0,0,0,0,2,2,0,4,0,2,2,0,4,0,0,0,4
01/04/2010,STJ,MO,ACE,CE,Federal Contract Tower,0,0,15,5,20,0,0,0,0,0,0,0,15,5,20,0,0,0,20
01/05/2010,STJ,MO,ACE,CE,Federal Contract Tower,0,0,8,0,8,0,1,15,0,16,0,1,23,0,24,8,0,8,32
01/06/2010,STJ,MO,ACE,CE,Federal Contract Tower,0,0,6,0,6,0,1,4,2,7,0,1,10,2,13,0,0,0,13
01/07/2010,STJ,MO,ACE,CE,Federal Contract Tower,0,0,3,0,3,0,0,0,0,0,0,0,3,0,3,2,0,2,5
01/08/2010,STJ,MO,ACE,CE,Federal Contract Tower,0,3,5,3,11,0,0,0,0,0,0,3,5,3,11,2,0,2,13
01/09/2010,STJ,MO,ACE,CE,Federal Contract Tower,0,0,2,0,2,0,0,0,0,0,0,0,2,0,2,0,0,0,2
01/10/2010,STJ,MO,ACE,CE,Federal Contract Tower,0,0,2,1,3,0,0,0,0,0,0,0,2,1,3,0,2,2,5
01/11/2010,STJ,MO,ACE,CE,Federal Contract Tower,0,1,24,1,26,0,0,0,0,0,0,1,24,1,26,0,3,3,29
01/12/2010,STJ,MO,ACE,CE,Federal Contract Tower,0,0,9,12,21,0,0,9,10,19,0,0,18,22,40,0,0,0,40
01/13/2010,STJ,MO,ACE,CE,Federal Contract Tower,0,0,14,4,18,0,0,32,5,37,0,0,46,9,55,10,0,10,65
01/14/2010,STJ,MO,ACE,CE,Federal Contract Tower,0,0,6,7,13,0,0,0,0,0,0,0,6,7,13,16,0,16,29
01/15/2010,STJ,MO,ACE,CE,Federal Contract Tower,0,0,0,2,2,0,0,0,0,0,0,0,0,2,2,0,0,0,2
01/16/2010,STJ,MO,ACE,CE,Federal Contract Tower,0,0,1,0,1,0,0,0,0,0,0,0,1,0,1,0,0,0,1
01/17/2010,STJ,MO,ACE,CE,Federal Contract Tower,0,0,3,0,3,0,0,0,0,0,0,0,3,0,3,0,0,0,3
01/18/2010,STJ,MO,ACE,CE,Federal Contract Tower,0,0,1,1,2,0,0,0,0,0,0,0,1,1,2,0,0,0,2
01/19/2010,STJ,MO,ACE,CE,Federal Contract Tower,0,0,11,19,30,0,0,0,0,0,0,0,11,19,30,0,0,0,30
01/20/2010,STJ,MO,ACE,CE,Federal Contract Tower,0,0,3,14,17,0,0,0,0,0,0,0,3,14,17,1,0,1,18
01/21/2010,STJ,MO,ACE,CE,Federal Contract Tower,1,1,26,61,89,0,0,0,0,0,1,1,26,61,89,0,0,0,89
01/22/2010,STJ,MO,ACE,CE,Federal Contract Tower,0,0,7,1,8,0,0,7,1,8,0,0,14,2,16,0,0,0,16
01/23/2010,STJ,MO,ACE,CE,Federal Contract Tower,0,0,8,0,8,0,2,22,0,24,0,2,30,0,32,20,0,20,52
01/24/2010,STJ,MO,ACE,CE,Federal Contract Tower,0,0,7,0,7,0,0,10,0,10,0,0,17,0,17,13,0,13,30
01/25/2010,STJ,MO,ACE,CE,Federal Contract Tower,0,0,4,22,26,0,0,4,43,47,0,0,8,65,73,6,20,26,99
01/26/2010,STJ,MO,ACE,CE,Federal Contract Tower,0,2,29,31,62,0,0,0,0,0,0,2,29,31,62,4,83,87,149
01/27/2010,STJ,MO,ACE,CE,Federal Contract Tower,0,0,19,18,37,0,0,6,6,12,0,0,25,24,49,11,15,26,75
01/28/2010,STJ,MO,ACE,CE,Federal Contract Tower,0,0,37,35,72,0,0,0,0,0,0,0,37,35,72,0,52,52,124
01/29/2010,STJ,MO,ACE,CE,Federal Contract Tower,0,0,26,25,51,0,0,0,0,0,0,0,26,25,51,14,1,15,66
01/30/2010,STJ,MO,ACE,CE,Federal Contract Tower,0,0,58,0,58,0,0,0,0,0,0,0,58,0,58,50,0,50,108
01/31/2010,STJ,MO,ACE,CE,Federal Contract Tower,0,0,46,0,46,0,0,0,0,0,0,0,46,0,46,54,0,54,100
02/01/2010,STJ,MO,ACE,CE,Federal Contract Tower,0,0,11,42,53,0,0,0,0,0,0,0,11,42,53,0,4,4,57
02/02/2010,STJ,MO,ACE,CE,Federal Contract Tower,0,0,12,13,25,0,0,56,25,81,0,0,68,38,106,38,40,78,184
02/03/2010,STJ,MO,ACE,CE,Federal Contract Tower,0,0,25,29,54,40,58,0,0,98,40,58,25,29,152,11,41,52,204
02/04/2010,STJ,MO,ACE,CE,Federal Contract Tower,0,0,11,11,22,0,0,15,24,39,0,0,26,35,61,38,60,98,159
02/05/2010,STJ,MO,ACE,CE,Federal Contract Tower,0,0,4,3,7,0,0,0,0,0,0,0,4,3,7,0,0,0,7
02/06/2010,STJ,MO,ACE,CE,Federal Contract Tower,0,0,12,8,20,0,1,15,4,20,0,1,27,12,40,30,2,32,72
02/07/2010,STJ,MO,ACE,CE,Federal Contract Tower,0,0,2,0,2,0,0,0,0,0,0,0,2,0,2,0,0,0,2
02/08/2010,STJ,MO,ACE,CE,Federal Contract Tower,0,0,8,7,15,0,0,0,0,0,0,0,8,7,15,16,0,16,31
02/09/2010,STJ,MO,ACE,CE,Federal Contract Tower,0,0,0,0,0,0,0,6,16,22,0,0,6,16,22,4,50,54,76
02/10/2010,STJ,MO,ACE,CE,Federal Contract Tower,0,0,2,12,14,0,1,11,15,27,0,1,13,27,41,15,41,56,97
02/11/2010,STJ,MO,ACE,CE,Federal Contract Tower,0,0,3,11,14,0,3,16,24,43,0,3,19,35,57,6,50,56,113
02/12/2010,STJ,MO,ACE,CE,Federal Contract Tower,0,0,15,5,20,0,1,26,5,32,0,1,41,10,52,52,2,54,106
02/13/2010,STJ,MO,ACE,CE,Federal Contract Tower,0,0,13,2,15,0,0,24,2,26,0,0,37,4,41,26,0,26,67
02/14/2010,STJ,MO,ACE,CE,Federal Contract Tower,0,0,8,0,8,0,0,7,0,7,0,0,15,0,15,8,0,8,23
02/15/2010,STJ,MO,ACE,CE,Federal Contract Tower,0,0,5,1,6,0,0,0,0,0,0,0,5,1,6,18,0,18,24
02/16/2010,STJ,MO,ACE,CE,Federal Contract Tower,0,0,7,3,10,0,0,17,15,32,0,0,24,18,42,0,42,42,84
02/17/2010,STJ,MO,ACE,CE,Federal Contract Tower,0,0,7,25,32,0,0,25,33,58,0,0,32,58,90,26,4,30,120
02/18/2010,STJ,MO,ACE,CE,Federal Contract Tower,0,5,14,4,23,0,6,36,5,47,0,11,50,9,70,24,4,28,98
02/19/2010,STJ,MO,ACE,CE,Federal Contract Tower,0,0,3,2,5,0,0,5,2,7,0,0,8,4,12,0,0,0,12
02/20/2010,STJ,MO,ACE,CE,Federal Contract Tower,0,0,1,0,1,0,0,0,0,0,0,0,1,0,1,0,0,0,1
02/21/2010,STJ,MO,ACE,CE,Federal Contract Tower,0,0,1,0,1,0,0,1,0,1,0,0,2,0,2,0,0,0,2
02/22/2010,STJ,MO,ACE,CE,Federal Contract Tower,0,2,5,8,15,0,0,10,9,19,0,2,15,17,34,4,0,4,38
02/23/2010,STJ,MO,ACE,CE,Federal Contract Tower,0,0,7,16,23,0,0,14,34,48,0,0,21,50,71,14,40,54,125
02/24/2010,STJ,MO,ACE,CE,Federal Contract Tower,0,0,0,0,0,0,0,0,0,0,0,0,0,0,0,6,26,32,32
02/25/2010,STJ,MO,ACE,CE,Federal Contract Tower,0,0,28,8,36,0,0,37,18,55,0,0,65,26,91,6,32,38,129
02/26/2010,STJ,MO,ACE,CE,Federal Contract Tower,0,0,6,17,23,0,5,16,31,52,0,5,22,48,75,38,18,56,131
02/27/2010,STJ,MO,ACE,CE,Federal Contract Tower,0,0,12,1,13,0,0,67,1,68,0,0,79,2,81,102,0,102,183
02/28/2010,STJ,MO,ACE,CE,Federal Contract Tower,0,0,5,1,6,0,0,29,1,30,0,0,34,2,36,70,0,70,106
03/01/2010,STJ,MO,ACE,CE,Federal Contract Tower,0,0,8,29,37,0,0,26,38,64,0,0,34,67,101,20,86,106,207
03/02/2010,STJ,MO,ACE,CE,Federal Contract Tower,0,0,19,9,28,0,0,45,20,65,0,0,64,29,93,36,72,108,201
03/03/2010,STJ,MO,ACE,CE,Federal Contract Tower,0,0,5,15,20,0,0,14,19,33,0,0,19,34,53,30,14,44,97
03/04/2010,STJ,MO,ACE,CE,Federal Contract Tower,0,0,11,26,37,0,0,41,44,85,0,0,52,70,122,18,24,42,164
03/05/2010,STJ,MO,ACE,CE,Federal Contract Tower,0,0,5,6,11,0,2,12,7,21,0,2,17,13,32,6,0,6,38
03/06/2010,STJ,MO,ACE,CE,Federal Contract Tower,0,0,5,6,11,0,0,13,24,37,0,0,18,30,48,4,0,4,52
03/07/2010,STJ,MO,ACE,CE,Federal Contract Tower,0,0,5,3,8,0,0,23,6,29,0,0,28,9,37,20,0,20,57
03/08/2010,STJ,MO,ACE,CE,Federal Contract Tower,0,0,6,4,10,0,0,17,10,27,0,0,23,14,37,6,83,89,126
03/09/2010,STJ,MO,ACE,CE,Federal Contract Tower,0,0,10,12,22,0,0,8,11,19,0,0,18,23,41,0,16,16,57
03/10/2010,STJ,MO,ACE,CE,Federal Contract Tower,0,0,10,12,22,0,1,22,5,28,0,1,32,17,50,10,24,34,84
03/11/2010,STJ,MO,ACE,CE,Federal Contract Tower,0,0,9,9,18,0,0,12,13,25,0,0,21,22,43,2,8,10,53
03/12/2010,STJ,MO,ACE,CE,Federal Contract Tower,0,0,5,1,6,0,0,10,1,11,0,0,15,2,17,0,0,0,17
03/13/2010,STJ,MO,ACE,CE,Federal Contract Tower,0,0,2,1,3,0,0,4,1,5,0,0,6,2,8,0,0,0,8
03/14/2010,STJ,MO,ACE,CE,Federal Contract Tower,0,0,26,0,26,0,0,10,0,10,0,0,36,0,36,10,0,10,46
03/15/2010,STJ,MO,ACE,CE,Federal Contract Tower,0,0,10,20,30,0,0,14,20,34,0,0,24,40,64,15,8,23,87
03/16/2010,STJ,MO,ACE,CE,Federal Contract Tower,0,1,7,15,23,0,1,9,19,29,0,2,16,34,52,0,22,22,74
03/17/2010,STJ,MO,ACE,CE,Federal Contract Tower,0,0,9,9,18,0,0,6,50,56,0,0,15,59,74,6,9,15,89
03/18/2010,STJ,MO,ACE,CE,Federal Contract Tower,0,0,15,3,18,0,0,73,33,106,0,0,88,36,124,30,50,80,204
03/19/2010,STJ,MO,ACE,CE,Federal Contract Tower,0,0,17,6,23,0,2,28,17,47,0,2,45,23,70,2,8,10,80
03/20/2010,STJ,MO,ACE,CE,Federal Contract Tower,0,0,1,0,1,0,2,2,0,4,0,2,3,0,5,0,0,0,5
03/21/2010,STJ,MO,ACE,CE,Federal Contract Tower,0,10,11,17,38,0,0,0,0,0,0,10,11,17,38,2,0,2,40
03/22/2010,STJ,MO,ACE,CE,Federal Contract Tower,0,0,20,20,40,0,0,0,0,0,0,0,20,20,40,6,18,24,64
03/23/2010,STJ,MO,ACE,CE,Federal Contract Tower,0,0,50,35,85,0,0,0,0,0,0,0,50,35,85,52,46,98,183
03/24/2010,STJ,MO,ACE,CE,Federal Contract Tower,0,2,19,38,59,0,0,0,0,0,0,2,19,38,59,0,0,0,59
03/25/2010,STJ,MO,ACE,CE,Federal Contract Tower,0,0,8,10,18,0,22,24,21,67,0,22,32,31,85,0,34,34,119
03/26/2010,STJ,MO,ACE,CE,Federal Contract Tower,0,0,21,11,32,0,0,65,20,85,0,0,86,31,117,16,0,16,133
03/27/2010,STJ,MO,ACE,CE,Federal Contract Tower,0,0,3,2,5,0,0,0,0,0,0,0,3,2,5,14,0,14,19
03/28/2010,STJ,MO,ACE,CE,Federal Contract Tower,0,0,3,1,4,0,0,10,1,11,0,0,13,2,15,19,0,19,34
03/29/2010,STJ,MO,ACE,CE,Federal Contract Tower,0,0,41,4,45,0,0,50,0,50,0,0,91,4,95,8,3,11,106
03/30/2010,STJ,MO,ACE,CE,Federal Contract Tower,0,0,8,10,18,0,2,20,15,37,0,2,28,25,55,18,78,96,151
03/31/2010,STJ,MO,ACE,CE,Federal Contract Tower,0,0,0,0,0,0,0,18,16,34,0,0,18,16,34,24,4,28,62
04/01/2010,STJ,MO,ACE,CE,Federal Contract Tower,0,0,2,0,2,0,2,7,2,11,0,2,9,2,13,8,6,14,27
04/02/2010,STJ,MO,ACE,CE,Federal Contract Tower,0,0,2,0,2,0,0,3,2,5,0,0,5,2,7,8,6,14,21
04/03/2010,STJ,MO,ACE,CE,Federal Contract Tower,0,0,0,0,0,0,0,49,8,57,0,0,49,8,57,54,0,54,111
04/04/2010,STJ,MO,ACE,CE,Federal Contract Tower,0,1,16,0,17,0,0,0,0,0,0,1,16,0,17,14,0,14,31
04/05/2010,STJ,MO,ACE,CE,Federal Contract Tower,0,2,9,23,34,0,0,2,16,18,0,2,11,39,52,1,21,22,74
04/06/2010,STJ,MO,ACE,CE,Federal Contract Tower,0,0,5,11,16,0,0,11,17,28,0,0,16,28,44,5,11,16,60
04/07/2010,STJ,MO,ACE,CE,Federal Contract Tower,0,1,14,31,46,0,0,0,0,0,0,1,14,31,46,0,6,6,52
04/08/2010,STJ,MO,ACE,CE,Federal Contract Tower,0,0,8,4,12,0,0,29,7,36,0,0,37,11,48,14,22,36,84
04/09/2010,STJ,MO,ACE,CE,Federal Contract Tower,0,0,5,0,5,0,2,49,11,62,0,2,54,11,67,38,97,135,202
04/10/2010,STJ,MO,ACE,CE,Federal Contract Tower,0,0,0,0,0,0,0,44,11,55,0,0,44,11,55,32,68,100,155
04/11/2010,STJ,MO,ACE,CE,Federal Contract Tower,0,0,39,3,42,0,0,18,0,18,0,0,57,3,60,6,0,6,66
04/12/2010,STJ,MO,ACE,CE,Federal Contract Tower,0,0,16,26,42,0,0,16,25,41,0,0,32,51,83,6,25,31,114
04/13/2010,STJ,MO,ACE,CE,Federal Contract Tower,0,0,6,8,14,0,0,13,14,27,0,0,19,22,41,0,24,24,65
04/14/2010,STJ,MO,ACE,CE,Federal Contract Tower,0,0,17,0,17,0,0,28,0,28,0,0,45,0,45,20,0,20,65
04/15/2010,STJ,MO,ACE,CE,Federal Contract Tower,0,0,0,0,0,0,0,28,21,49,0,0,28,21,49,46,10,56,105
04/16/2010,STJ,MO,ACE,CE,Federal Contract Tower,0,1,22,20,43,0,0,0,0,0,0,1,22,20,43,30,2,32,75
04/17/2010,STJ,MO,ACE,CE,Federal Contract Tower,0,0,7,0,7,0,1,31,0,32,0,1,38,0,39,38,0,38,77
04/18/2010,STJ,MO,ACE,CE,Federal Contract Tower,0,2,8,1,11,0,3,56,1,60,0,5,64,2,71,70,0,70,141
04/19/2010,STJ,MO,ACE,CE,Federal Contract Tower,0,0,2,25,27,0,1,27,23,51,0,1,29,48,78,14,36,50,128
04/20/2010,STJ,MO,ACE,CE,Federal Contract Tower,0,0,12,8,20,0,0,30,30,60,0,0,42,38,80,34,70,104,184
04/21/2010,STJ,MO,ACE,CE,Federal Contract Tower,0,0,0,0,0,0,0,21,25,46,0,0,21,25,46,20,26,46,92
04/22/2010,STJ,MO,ACE,CE,Federal Contract Tower,0,0,9,2,11,0,1,10,2,13,0,1,19,4,24,0,0,0,24
04/23/2010,STJ,MO,ACE,CE,Federal Contract Tower,0,0,4,14,18,0,0,10,15,25,0,0,14,29,43,28,0,28,71
04/24/2010,STJ,MO,ACE,CE,Federal Contract Tower,0,0,11,5,16,0,0,0,0,0,0,0,11,5,16,20,0,20,36
04/25/2010,STJ,MO,ACE,CE,Federal Contract Tower,0,0,6,1,7,0,0,2,0,2,0,0,8,1,9,0,0,0,9
04/26/2010,STJ,MO,ACE,CE,Federal Contract Tower,0,2,12,9,23,0,0,4,4,8,0,2,16,13,31,0,56,56,87
04/27/2010,STJ,MO,ACE,CE,Federal Contract Tower,0,0,14,17,31,0,1,28,30,59,0,1,42,47,90,24,42,66,156
04/28/2010,STJ,MO,ACE,CE,Federal Contract Tower,0,0,10,15,25,0,0,38,24,62,0,0,48,39,87,28,0,28,115
04/29/2010,STJ,MO,ACE,CE,Federal Contract Tower,0,3,8,7,18,0,4,34,14,52,0,7,42,21,70,14,26,40,110
04/30/2010,STJ,MO,ACE,CE,Federal Contract Tower,0,2,8,24,34,0,3,47,47,97,0,5,55,71,131,70,136,206,337
05/01/2010,STJ,MO,ACE,CE,Federal Contract Tower,0,1,107,20,128,0,0,4,1,5,0,1,111,21,133,140,40,180,313
05/02/2010,STJ,MO,ACE,CE,Federal Contract Tower,0,3,12,24,39,0,1,145,33,179,0,4,157,57,218,82,12,94,312
05/03/2010,STJ,MO,ACE,CE,Federal Contract Tower,0,0,10,25,35,0,0,29,26,55,0,0,39,51,90,0,8,8,98
05/04/2010,STJ,MO,ACE,CE,Federal Contract Tower,0,0,7,18,25,0,3,27,30,60,0,3,34,48,85,16,30,46,131
05/05/2010,STJ,MO,ACE,CE,Federal Contract Tower,0,0,9,17,26,0,0,50,19,69,0,0,59,36,95,4,100,104,199
05/06/2010,STJ,MO,ACE,CE,Federal Contract Tower,0,0,5,0,5,0,4,24,8,36,0,4,29,8,41,28,44,72,113
05/07/2010,STJ,MO,ACE,CE,Federal Contract Tower,0,0,3,3,6,0,1,12,3,16,0,1,15,6,22,4,0,4,26
05/08/2010,STJ,MO,ACE,CE,Federal Contract Tower,0,0,12,0,12,0,0,31,1,32,0,0,43,1,44,44,0,44,88
05/09/2010,STJ,MO,ACE,CE,Federal Contract Tower,0,0,5,0,5,0,0,0,0,0,0,0,5,0,5,34,0,34,39
05/10/2010,STJ,MO,ACE,CE,Federal Contract Tower,0,0,3,7,10,0,0,4,7,11,0,0,7,14,21,0,0,0,21
05/11/2010,STJ,MO,ACE,CE,Federal Contract Tower,0,8,17,16,41,0,0,0,0,0,0,8,17,16,41,10,12,22,63
05/12/2010,STJ,MO,ACE,CE,Federal Contract Tower,0,0,9,0,9,0,0,9,0,9,0,0,18,0,18,0,0,0,18
05/13/2010,STJ,MO,ACE,CE,Federal Contract Tower,0,0,9,8,17,0,1,14,11,26,0,1,23,19,43,20,0,20,63
05/14/2010,STJ,MO,ACE,CE,Federal Contract Tower,0,0,23,12,35,0,1,54,12,67,0,1,77,24,102,106,0,106,208
05/15/2010,STJ,MO,ACE,CE,Federal Contract Tower,0,0,18,0,18,0,0,0,0,0,0,0,18,0,18,10,0,10,28
05/16/2010,STJ,MO,ACE,CE,Federal Contract Tower,0,0,14,0,14,0,0,0,0,0,0,0,14,0,14,0,0,0,14
05/17/2010,STJ,MO,ACE,CE,Federal Contract Tower,0,1,18,18,37,0,1,29,20,50,0,2,47,38,87,30,10,40,127
05/18/2010,STJ,MO,ACE,CE,Federal Contract Tower,0,0,7,9,16,0,4,50,16,70,0,4,57,25,86,18,42,60,146
05/19/2010,STJ,MO,ACE,CE,Federal Contract Tower,0,0,6,23,29,0,0,28,4,32,0,0,34,27,61,14,46,60,121
05/20/2010,STJ,MO,ACE,CE,Federal Contract Tower,0,0,8,11,19,0,0,11,18,29,0,0,19,29,48,0,0,0,48
05/21/2010,STJ,MO,ACE,CE,Federal Contract Tower,0,0,22,4,26,0,0,56,4,60,0,0,78,8,86,70,0,70,156
05/22/2010,STJ,MO,ACE,CE,Federal Contract Tower,0,0,3,0,3,0,1,31,0,32,0,1,34,0,35,28,0,28,63
05/23/2010,STJ,MO,ACE,CE,Federal Contract Tower,0,0,22,2,24,0,0,32,0,32,0,0,54,2,56,9,2,11,67
05/24/2010,STJ,MO,ACE,CE,Federal Contract Tower,0,0,5,12,17,0,0,20,14,34,0,0,25,26,51,34,30,64,115
05/25/2010,STJ,MO,ACE,CE,Federal Contract Tower,0,0,9,9,18,0,1,33,10,44,0,1,42,19,62,29,50,79,141
05/26/2010,STJ,MO,ACE,CE,Federal Contract Tower,0,0,30,31,61,0,0,0,0,0,0,0,30,31,61,0,58,58,119
05/27/2010,STJ,MO,ACE,CE,Federal Contract Tower,0,1,11,12,24,0,4,44,11,59,0,5,55,23,83,52,0,52,135
05/28/2010,STJ,MO,ACE,CE,Federal Contract Tower,0,2,9,7,18,0,3,40,3,46,0,5,49,10,64,0,16,16,80
05/29/2010,STJ,MO,ACE,CE,Federal Contract Tower,0,1,1,0,2,0,2,43,0,45,0,3,44,0,47,42,0,42,89
05/30/2010,STJ,MO,ACE,CE,Federal Contract Tower,0,0,7,0,7,0,0,37,1,38,0,0,44,1,45,46,0,46,91
05/31/2010,STJ,MO,ACE,CE,Federal Contract Tower,0,1,24,1,26,0,0,12,0,12,0,1,36,1,38,12,0,12,50
06/01/2010,STJ,MO,ACE,CE,Federal Contract Tower,0,0,4,18,22,0,0,32,11,43,0,0,36,29,65,25,154,179,244
06/02/2010,STJ,MO,ACE,CE,Federal Contract Tower,0,0,10,18,28,0,1,23,12,36,0,1,33,30,64,16,90,106,170
06/03/2010,STJ,MO,ACE,CE,Federal Contract Tower,0,0,10,7,17,0,1,83,36,120,0,1,93,43,137,24,70,94,231
06/04/2010,STJ,MO,ACE,CE,Federal Contract Tower,0,1,12,1,14,0,3,48,2,53,0,4,60,3,67,12,0,12,79
06/05/2010,STJ,MO,ACE,CE,Federal Contract Tower,0,0,6,2,8,0,1,42,10,53,0,1,48,12,61,4,0,4,65
06/06/2010,STJ,MO,ACE,CE,Federal Contract Tower,0,0,4,0,4,0,0,50,13,63,0,0,54,13,67,30,0,30,97
06/07/2010,STJ,MO,ACE,CE,Federal Contract Tower,0,0,7,15,22,0,0,17,24,41,0,0,24,39,63,42,32,74,137
06/08/2010,STJ,MO,ACE,CE,Federal Contract Tower,0,0,4,12,16,0,0,14,11,25,0,0,18,23,41,8,27,35,76
06/09/2010,STJ,MO,ACE,CE,Federal Contract Tower,0,0,7,10,17,0,0,24,12,36,0,0,31,22,53,10,15,25,78
06/10/2010,STJ,MO,ACE,CE,Federal Contract Tower,0,0,7,2,9,0,0,27,28,55,0,0,34,30,64,26,48,74,138
06/11/2010,STJ,MO,ACE,CE,Federal Contract Tower,0,0,12,5,17,0,0,39,4,43,0,0,51,9,60,10,0,10,70
06/12/2010,STJ,MO,ACE,CE,Federal Contract Tower,0,0,2,0,2,0,0,13,0,13,0,0,15,0,15,34,0,34,49
06/13/2010,STJ,MO,ACE,CE,Federal Contract Tower,0,0,3,2,5,0,0,11,4,15,0,0,14,6,20,24,0,24,44
06/14/2010,STJ,MO,ACE,CE,Federal Contract Tower,0,0,13,5,18,0,0,32,18,50,0,0,45,23,68,40,20,60,128
06/15/2010,STJ,MO,ACE,CE,Federal Contract Tower,0,0,5,22,27,0,0,25,20,45,0,0,30,42,72,18,44,62,134
06/16/2010,STJ,MO,ACE,CE,Federal Contract Tower,0,0,4,12,16,0,1,21,15,37,0,1,25,27,53,18,56,74,127
06/17/2010,STJ,MO,ACE,CE,Federal Contract Tower,0,0,8,10,18,0,0,68,17,85,0,0,76,27,103,22,26,48,151
06/18/2010,STJ,MO,ACE,CE,Federal Contract Tower,0,0,5,6,11,0,0,58,5,63,0,0,63,11,74,36,0,36,110
06/19/2010,STJ,MO,ACE,CE,Federal Contract Tower,0,0,4,2,6,0,0,38,1,39,0,0,42,3,45,6,0,6,51
06/20/2010,STJ,MO,ACE,CE,Federal Contract Tower,0,0,4,1,5,0,0,23,1,24,0,0,27,2,29,26,0,26,55
06/21/2010,STJ,MO,ACE,CE,Federal Contract Tower,0,0,3,5,8,0,2,31,14,47,0,2,34,19,55,12,12,24,79
06/22/2010,STJ,MO,ACE,CE,Federal Contract Tower,0,0,10,5,15,0,1,38,17,56,0,1,48,22,71,22,26,48,119
06/23/2010,STJ,MO,ACE,CE,Federal Contract Tower,0,0,13,5,18,0,3,35,13,51,0,3,48,18,69,0,31,31,100
06/24/2010,STJ,MO,ACE,CE,Federal Contract Tower,0,0,13,5,18,0,0,79,28,107,0,0,92,33,125,36,58,94,219
06/25/2010,STJ,MO,ACE,CE,Federal Contract Tower,0,0,11,3,14,0,2,57,3,62,0,2,68,6,76,42,0,42,118
06/26/2010,STJ,MO,ACE,CE,Federal Contract Tower,0,0,10,2,12,0,2,35,7,44,0,2,45,9,56,56,0,56,112
06/27/2010,STJ,MO,ACE,CE,Federal Contract Tower,0,0,1,1,2,0,4,31,1,36,0,4,32,2,38,14,0,14,52
06/28/2010,STJ,MO,ACE,CE,Federal Contract Tower,0,1,15,17,33,0,2,55,22,79,0,3,70,39,112,22,54,76,188
06/29/2010,STJ,MO,ACE,CE,Federal Contract Tower,0,0,15,11,26,0,1,52,7,60,0,1,67,18,86,38,42,80,166
06/30/2010,STJ,MO,ACE,CE,Federal Contract Tower,0,0,5,20,25,0,0,62,6,68,0,0,67,26,93,62,66,128,221
07/01/2010,STJ,MO,ACE,CE,Federal Contract Tower,0,0,15,0,15,0,0,44,0,44,0,0,59,0,59,32,0,32,91
07/02/2010,STJ,MO,ACE,CE,Federal Contract Tower,0,0,14,1,15,0,0,29,1,30,0,0,43,2,45,42,0,42,87
07/03/2010,STJ,MO,ACE,CE,Federal Contract Tower,0,2,4,0,6,0,2,29,0,31,0,4,33,0,37,20,0,20,57
07/04/2010,STJ,MO,ACE,CE,Federal Contract Tower,0,0,7,0,7,0,0,10,0,10,0,0,17,0,17,0,0,0,17
07/05/2010,STJ,MO,ACE,CE,Federal Contract Tower,0,0,3,0,3,0,0,5,0,5,0,0,8,0,8,0,0,0,8
07/06/2010,STJ,MO,ACE,CE,Federal Contract Tower,0,0,7,13,20,1,1,27,11,40,1,1,34,24,60,82,18,100,160
07/07/2010,STJ,MO,ACE,CE,Federal Contract Tower,0,0,36,36,72,0,0,0,0,0,0,0,36,36,72,48,8,56,128
07/08/2010,STJ,MO,ACE,CE,Federal Contract Tower,0,0,15,22,37,0,0,44,20,64,0,0,59,42,101,60,122,182,283
07/09/2010,STJ,MO,ACE,CE,Federal Contract Tower,0,0,19,2,21,0,3,59,4,66,0,3,78,6,87,68,0,68,155
07/10/2010,STJ,MO,ACE,CE,Federal Contract Tower,0,0,10,0,10,0,0,82,4,86,0,0,92,4,96,46,28,74,170
07/11/2010,STJ,MO,ACE,CE,Federal Contract Tower,0,0,4,8,12,0,0,22,11,33,0,0,26,19,45,6,6,12,57
07/12/2010,STJ,MO,ACE,CE,Federal Contract Tower,0,0,12,40,52,0,0,27,13,40,0,0,39,53,92,4,104,108,200
07/13/2010,STJ,MO,ACE,CE,Federal Contract Tower,0,0,8,2,10,0,0,33,8,41,0,0,41,10,51,40,90,130,181
07/14/2010,STJ,MO,ACE,CE,Federal Contract Tower,0,0,6,5,11,0,1,18,0,19,0,1,24,5,30,14,100,114,144
07/15/2010,STJ,MO,ACE,CE,Federal Contract Tower,0,0,13,10,23,0,0,48,2,50,0,0,61,12,73,70,138,208,281
07/16/2010,STJ,MO,ACE,CE,Federal Contract Tower,0,0,5,1,6,0,3,40,5,48,0,3,45,6,54,28,8,36,90
07/17/2010,STJ,MO,ACE,CE,Federal Contract Tower,0,0,11,0,11,0,1,59,0,60,0,1,70,0,71,50,0,50,121
07/18/2010,STJ,MO,ACE,CE,Federal Contract Tower,0,0,11,0,11,0,0,35,0,35,0,0,46,0,46,20,0,20,66
07/19/2010,STJ,MO,ACE,CE,Federal Contract Tower,0,0,13,32,45,0,1,29,34,64,0,1,42,66,109,32,76,108,217
07/20/2010,STJ,MO,ACE,CE,Federal Contract Tower,0,0,4,13,17,0,0,0,0,0,0,0,4,13,17,24,34,58,75
07/21/2010,STJ,MO,ACE,CE,Federal Contract Tower,0,0,7,20,27,0,2,28,11,41,0,2,35,31,68,63,95,158,226
07/22/2010,STJ,MO,ACE,CE,Federal Contract Tower,0,0,13,5,18,0,1,25,12,38,0,1,38,17,56,20,88,108,164
07/23/2010,STJ,MO,ACE,CE,Federal Contract Tower,0,0,14,5,19,0,2,49,4,55,0,2,63,9,74,20,0,20,94
07/24/2010,STJ,MO,ACE,CE,Federal Contract Tower,0,0,4,0,4,0,0,50,0,50,0,0,54,0,54,32,0,32,86
07/25/2010,STJ,MO,ACE,CE,Federal Contract Tower,0,0,4,1,5,0,0,39,1,40,0,0,43,2,45,0,0,0,45
07/26/2010,STJ,MO,ACE,CE,Federal Contract Tower,0,0,4,24,28,0,0,14,38,52,0,0,18,62,80,6,44,50,130
07/27/2010,STJ,MO,ACE,CE,Federal Contract Tower,0,0,14,19,33,0,3,36,10,49,0,3,50,29,82,58,80,138,220
07/28/2010,STJ,MO,ACE,CE,Federal Contract Tower,0,0,7,23,30,0,0,30,27,57,0,0,37,50,87,26,72,98,185
07/29/2010,STJ,MO,ACE,CE,Federal Contract Tower,0,0,13,7,20,1,2,36,17,56,1,2,49,24,76,4,44,48,124
07/30/2010,STJ,MO,ACE,CE,Federal Contract Tower,0,1,31,1,33,0,0,0,0,0,0,1,31,1,33,0,0,0,33
07/31/2010,STJ,MO,ACE,CE,Federal Contract Tower,0,0,6,0,6,0,0,44,0,44,0,0,50,0,50,20,0,20,70
08/01/2010,STJ,MO,ACE,CE,Federal Contract Tower,0,0,6,1,7,0,0,37,1,38,0,0,43,2,45,12,0,12,57
08/02/2010,STJ,MO,ACE,CE,Federal Contract Tower,0,0,11,16,27,0,1,30,21,52,0,1,41,37,79,20,50,70,149
08/03/2010,STJ,MO,ACE,CE,Federal Contract Tower,0,24,10,1,35,0,2,21,3,26,0,26,31,4,61,54,14,68,129
08/04/2010,STJ,MO,ACE,CE,Federal Contract Tower,0,0,5,17,22,0,1,18,12,31,0,1,23,29,53,24,48,72,125
08/05/2010,STJ,MO,ACE,CE,Federal Contract Tower,0,0,7,8,15,0,1,31,7,39,0,1,38,15,54,18,16,34,88
08/06/2010,STJ,MO,ACE,CE,Federal Contract Tower,0,0,11,20,31,0,0,50,16,66,0,0,61,36,97,46,128,174,271
08/07/2010,STJ,MO,ACE,CE,Federal Contract Tower,0,0,5,1,6,0,0,49,13,62,0,0,54,14,68,24,108,132,200
08/08/2010,STJ,MO,ACE,CE,Federal Contract Tower,0,0,9,1,10,0,2,17,1,20,0,2,26,2,30,26,0,26,56
08/09/2010,STJ,MO,ACE,CE,Federal Contract Tower,0,0,10,26,36,0,0,27,19,46,0,0,37,45,82,14,34,48,130
08/10/2010,STJ,MO,ACE,CE,Federal Contract Tower,0,0,12,28,40,0,1,23,3,27,0,1,35,31,67,26,98,124,191
08/11/2010,STJ,MO,ACE,CE,Federal Contract Tower,0,2,3,8,13,0,2,29,8,39,0,4,32,16,52,18,52,70,122
08/12/2010,STJ,MO,ACE,CE,Federal Contract Tower,0,0,7,7,14,0,0,40,7,47,0,0,47,14,61,46,48,94,155
08/13/2010,STJ,MO,ACE,CE,Federal Contract Tower,0,0,0,0,0,0,0,0,0,0,0,0,0,0,0,14,0,14,14
08/14/2010,STJ,MO,ACE,CE,Federal Contract Tower,0,0,9,4,13,0,1,48,12,61,0,1,57,16,74,16,54,70,144
08/15/2010,STJ,MO,ACE,CE,Federal Contract Tower,0,2,2,2,6,0,3,33,4,40,0,5,35,6,46,40,0,40,86
08/16/2010,STJ,MO,ACE,CE,Federal Contract Tower,0,0,8,14,22,0,0,55,17,72,0,0,63,31,94,42,36,78,172
08/17/2010,STJ,MO,ACE,CE,Federal Contract Tower,0,0,2,21,23,0,2,30,7,39,0,2,32,28,62,20,48,68,130
08/18/2010,STJ,MO,ACE,CE,Federal Contract Tower,0,0,14,18,32,0,0,95,11,106,0,0,109,29,138,40,12,52,190
08/19/2010,STJ,MO,ACE,CE,Federal Contract Tower,0,0,22,12,34,0,1,44,8,53,0,1,66,20,87,16,60,76,163
08/20/2010,STJ,MO,ACE,CE,Federal Contract Tower,0,0,21,0,21,0,0,0,0,0,0,0,21,0,21,59,0,59,80
08/21/2010,STJ,MO,ACE,CE,Federal Contract Tower,0,0,25,3,28,0,0,45,3,48,0,0,70,6,76,26,0,26,102
08/22/2010,STJ,MO,ACE,CE,Federal Contract Tower,0,0,2,0,2,0,1,25,0,26,0,1,27,0,28,23,0,23,51
08/23/2010,STJ,MO,ACE,CE,Federal Contract Tower,0,0,7,27,34,0,2,28,28,58,0,2,35,55,92,56,50,106,198
08/24/2010,STJ,MO,ACE,CE,Federal Contract Tower,0,0,8,9,17,0,0,20,4,24,0,0,28,13,41,26,38,64,105
08/25/2010,STJ,MO,ACE,CE,Federal Contract Tower,0,0,14,5,19,0,1,53,3,57,0,1,67,8,76,80,20,100,176
08/26/2010,STJ,MO,ACE,CE,Federal Contract Tower,0,0,10,32,42,0,1,42,8,51,0,1,52,40,93,26,84,110,203
08/27/2010,STJ,MO,ACE,CE,Federal Contract Tower,0,0,28,1,29,0,0,46,1,47,0,0,74,2,76,44,0,44,120
08/28/2010,STJ,MO,ACE,CE,Federal Contract Tower,0,0,6,2,8,0,1,41,2,44,0,1,47,4,52,38,0,38,90
08/29/2010,STJ,MO,ACE,CE,Federal Contract Tower,0,0,1,0,1,0,1,25,0,26,0,1,26,0,27,0,0,0,27
08/30/2010,STJ,MO,ACE,CE,Federal Contract Tower,0,0,2,15,17,0,4,16,13,33,0,4,18,28,50,12,34,46,96
08/31/2010,STJ,MO,ACE,CE,Federal Contract Tower,0,0,5,15,20,0,2,20,1,23,0,2,25,16,43,8,86,94,137
09/01/2010,STJ,MO,ACE,CE,Federal Contract Tower,0,0,12,14,26,0,1,17,15,33,0,1,29,29,59,6,4,10,69
09/02/2010,STJ,MO,ACE,CE,Federal Contract Tower,0,0,10,24,34,0,0,23,12,35,0,0,33,36,69,2,74,76,145
09/03/2010,STJ,MO,ACE,CE,Federal Contract Tower,0,0,10,7,17,0,1,34,1,36,0,1,44,8,53,75,8,83,136
09/04/2010,STJ,MO,ACE,CE,Federal Contract Tower,0,0,12,0,12,0,2,62,0,64,0,2,74,0,76,74,0,74,150
09/05/2010,STJ,MO,ACE,CE,Federal Contract Tower,0,0,2,0,2,0,1,38,0,39,0,1,40,0,41,4,0,4,45
09/06/2010,STJ,MO,ACE,CE,Federal Contract Tower,0,0,3,0,3,0,0,11,0,11,0,0,14,0,14,2,0,2,16
09/07/2010,STJ,MO,ACE,CE,Federal Contract Tower,0,0,1,4,5,0,0,19,22,41,0,0,20,26,46,44,20,64,110
09/08/2010,STJ,MO,ACE,CE,Federal Contract Tower,0,0,4,5,9,0,0,30,23,53,0,0,34,28,62,18,30,48,110
09/09/2010,STJ,MO,ACE,CE,Federal Contract Tower,0,0,10,21,31,0,0,18,33,51,0,0,28,54,82,0,34,34,116
09/10/2010,STJ,MO,ACE,CE,Federal Contract Tower,0,0,12,6,18,0,0,26,8,34,0,0,38,14,52,12,0,12,64
09/11/2010,STJ,MO,ACE,CE,Federal Contract Tower,0,0,39,0,39,0,2,78,0,80,0,2,117,0,119,20,0,20,139
09/12/2010,STJ,MO,ACE,CE,Federal Contract Tower,0,0,4,0,4,0,0,60,0,60,0,0,64,0,64,70,0,70,134
09/13/2010,STJ,MO,ACE,CE,Federal Contract Tower,0,0,8,32,40,0,1,30,22,53,0,1,38,54,93,42,66,108,201
09/14/2010,STJ,MO,ACE,CE,Federal Contract Tower,0,1,17,4,22,0,1,32,1,34,0,2,49,5,56,5,50,55,111
09/15/2010,STJ,MO,ACE,CE,Federal Contract Tower,0,0,5,3,8,0,0,17,1,18,0,0,22,4,26,14,40,54,80
09/16/2010,STJ,MO,ACE,CE,Federal Contract Tower,0,0,25,11,36,0,0,41,8,49,0,0,66,19,85,48,46,94,179
09/17/2010,STJ,MO,ACE,CE,Federal Contract Tower,0,0,13,11,24,0,0,30,7,37,0,0,43,18,61,62,39,101,162
09/18/2010,STJ,MO,ACE,CE,Federal Contract Tower,0,0,1,0,1,0,0,16,0,16,0,0,17,0,17,0,0,0,17
09/19/2010,STJ,MO,ACE,CE,Federal Contract Tower,0,0,10,0,10,0,0,15,0,15,0,0,25,0,25,22,0,22,47
09/20/2010,STJ,MO,ACE,CE,Federal Contract Tower,0,0,19,17,36,0,1,41,21,63,0,1,60,38,99,23,37,60,159
09/21/2010,STJ,MO,ACE,CE,Federal Contract Tower,0,0,13,3,16,0,0,19,2,21,0,0,32,5,37,12,48,60,97
09/22/2010,STJ,MO,ACE,CE,Federal Contract Tower,0,0,15,19,34,0,2,28,18,48,0,2,43,37,82,4,62,66,148
09/23/2010,STJ,MO,ACE,CE,Federal Contract Tower,0,0,8,8,16,0,0,12,13,25,0,0,20,21,41,0,8,8,49
09/24/2010,STJ,MO,ACE,CE,Federal Contract Tower,0,0,63,28,91,0,0,0,0,0,0,0,63,28,91,18,4,22,113
09/25/2010,STJ,MO,ACE,CE,Federal Contract Tower,0,0,1,0,1,0,0,10,1,11,0,0,11,1,12,20,4,24,36
09/26/2010,STJ,MO,ACE,CE,Federal Contract Tower,0,0,5,0,5,0,0,26,0,26,0,0,31,0,31,28,0,28,59
09/27/2010,STJ,MO,ACE,CE,Federal Contract Tower,0,2,9,13,24,0,3,24,18,45,0,5,33,31,69,42,28,70,139
09/28/2010,STJ,MO,ACE,CE,Federal Contract Tower,0,0,8,16,24,0,2,37,23,62,0,2,45,39,86,12,36,48,134
09/29/2010,STJ,MO,ACE,CE,Federal Contract Tower,0,0,11,9,20,0,0,42,10,52,0,0,53,19,72,28,0,28,100
09/30/2010,STJ,MO,ACE,CE,Federal Contract Tower,0,0,8,8,16,0,3,21,8,32,0,3,29,16,48,28,0,28,76
10/01/2010,STJ,MO,ACE,CE,Federal Contract Tower,0,0,4,1,5,1,29,1,0,31,1,29,5,1,36,28,0,28,64
10/02/2010,STJ,MO,ACE,CE,Federal Contract Tower,0,0,11,0,11,0,3,23,0,26,0,3,34,0,37,34,0,34,71
10/03/2010,STJ,MO,ACE,CE,Federal Contract Tower,0,0,10,0,10,0,1,42,0,43,0,1,52,0,53,16,0,16,69
10/04/2010,STJ,MO,ACE,CE,Federal Contract Tower,0,0,3,22,25,0,1,28,38,67,0,1,31,60,92,60,36,96,188
10/05/2010,STJ,MO,ACE,CE,Federal Contract Tower,0,0,6,2,8,0,1,31,4,36,0,1,37,6,44,44,52,96,140
10/06/2010,STJ,MO,ACE,CE,Federal Contract Tower,0,0,13,2,15,0,5,31,14,50,0,5,44,16,65,4,36,40,105
10/07/2010,STJ,MO,ACE,CE,Federal Contract Tower,0,0,24,6,30,0,0,56,24,80,0,0,80,30,110,24,92,116,226
10/08/2010,STJ,MO,ACE,CE,Federal Contract Tower,0,0,8,4,12,0,4,28,4,36,0,4,36,8,48,24,0,24,72
10/09/2010,STJ,MO,ACE,CE,Federal Contract Tower,0,0,2,0,2,0,0,40,0,40,0,0,42,0,42,50,0,50,92
10/10/2010,STJ,MO,ACE,CE,Federal Contract Tower,0,0,10,0,10,0,0,35,0,35,0,0,45,0,45,18,0,18,63
10/11/2010,STJ,MO,ACE,CE,Federal Contract Tower,0,0,12,0,12,0,4,17,0,21,0,4,29,0,33,4,0,4,37
10/12/2010,STJ,MO,ACE,CE,Federal Contract Tower,0,0,16,43,59,0,0,38,30,68,0,0,54,73,127,6,70,76,203
10/13/2010,STJ,MO,ACE,CE,Federal Contract Tower,0,3,45,31,79,0,0,0,0,0,0,3,45,31,79,26,0,26,105
10/14/2010,STJ,MO,ACE,CE,Federal Contract Tower,0,0,13,5,18,0,0,26,19,45,0,0,39,24,63,12,76,88,151
10/15/2010,STJ,MO,ACE,CE,Federal Contract Tower,0,1,48,0,49,0,0,0,0,0,0,1,48,0,49,48,0,48,97
10/16/2010,STJ,MO,ACE,CE,Federal Contract Tower,0,0,12,0,12,0,0,39,0,39,0,0,51,0,51,64,0,64,115
10/17/2010,STJ,MO,ACE,CE,Federal Contract Tower,0,0,3,0,3,0,0,24,0,24,0,0,27,0,27,6,0,6,33
10/18/2010,STJ,MO,ACE,CE,Federal Contract Tower,0,0,5,11,16,0,0,15,15,30,0,0,20,26,46,42,62,104,150
10/19/2010,STJ,MO,ACE,CE,Federal Contract Tower,0,0,31,8,39,0,0,0,0,0,0,0,31,8,39,19,42,61,100
10/20/2010,STJ,MO,ACE,CE,Federal Contract Tower,0,0,6,11,17,0,1,26,12,39,0,1,32,23,56,8,78,86,142
10/21/2010,STJ,MO,ACE,CE,Federal Contract Tower,0,0,8,47,55,0,1,30,50,81,0,1,38,97,136,0,78,78,214
10/22/2010,STJ,MO,ACE,CE,Federal Contract Tower,0,0,5,18,23,0,0,29,22,51,0,0,34,40,74,38,2,40,114
10/23/2010,STJ,MO,ACE,CE,Federal Contract Tower,0,0,10,0,10,0,0,20,0,20,0,0,30,0,30,52,0,52,82
10/24/2010,STJ,MO,ACE,CE,Federal Contract Tower,0,0,10,0,10,0,1,30,2,33,0,1,40,2,43,0,0,0,43
10/25/2010,STJ,MO,ACE,CE,Federal Contract Tower,0,0,6,39,45,0,1,18,62,81,0,1,24,101,126,20,88,108,234
10/26/2010,STJ,MO,ACE,CE,Federal Contract Tower,0,0,4,8,12,0,3,6,7,16,0,3,10,15,28,0,2,2,30
10/27/2010,STJ,MO,ACE,CE,Federal Contract Tower,0,0,11,12,23,0,0,14,2,16,0,0,25,14,39,2,24,26,65
10/28/2010,STJ,MO,ACE,CE,Federal Contract Tower,0,0,7,6,13,0,1,24,6,31,0,1,31,12,44,0,0,0,44
10/29/2010,STJ,MO,ACE,CE,Federal Contract Tower,0,0,65,2,67,0,0,0,0,0,0,0,65,2,67,37,0,37,104
10/30/2010,STJ,MO,ACE,CE,Federal Contract Tower,0,0,8,0,8,0,0,62,0,62,0,0,70,0,70,38,0,38,108
10/31/2010,STJ,MO,ACE,CE,Federal Contract Tower,0,0,6,0,6,0,0,40,0,40,0,0,46,0,46,20,0,20,66
11/01/2010,STJ,MO,ACE,CE,Federal Contract Tower,0,1,25,34,60,0,0,0,0,0,0,1,25,34,60,22,0,22,82
11/02/2010,STJ,MO,ACE,CE,Federal Contract Tower,0,0,28,4,32,0,1,14,10,25,0,1,42,14,57,35,53,88,145
11/03/2010,STJ,MO,ACE,CE,Federal Contract Tower,2,1,20,21,44,2,1,27,25,55,4,2,47,46,99,18,52,70,169
11/04/2010,STJ,MO,ACE,CE,Federal Contract Tower,0,0,10,14,24,0,2,29,22,53,0,2,39,36,77,6,28,34,111
11/05/2010,STJ,MO,ACE,CE,Federal Contract Tower,0,1,40,5,46,0,0,0,0,0,0,1,40,5,46,22,6,28,74
11/06/2010,STJ,MO,ACE,CE,Federal Contract Tower,0,0,15,14,29,0,0,38,8,46,0,0,53,22,75,20,16,36,111
11/07/2010,STJ,MO,ACE,CE,Federal Contract Tower,0,0,2,1,3,0,0,12,2,14,0,0,14,3,17,9,0,9,26
11/08/2010,STJ,MO,ACE,CE,Federal Contract Tower,2,0,12,6,20,2,4,30,14,50,4,4,42,20,70,4,16,20,90
11/09/2010,STJ,MO,ACE,CE,Federal Contract Tower,0,0,8,15,23,2,0,30,6,38,2,0,38,21,61,0,10,10,71
11/10/2010,STJ,MO,ACE,CE,Federal Contract Tower,0,0,13,8,21,0,1,17,4,22,0,1,30,12,43,38,60,98,141
11/11/2010,STJ,MO,ACE,CE,Federal Contract Tower,0,0,10,0,10,0,2,18,0,20,0,2,28,0,30,82,0,82,112
11/12/2010,STJ,MO,ACE,CE,Federal Contract Tower,0,0,23,0,23,0,0,23,0,23,0,0,46,0,46,0,0,0,46
11/13/2010,STJ,MO,ACE,CE,Federal Contract Tower,0,0,5,0,5,0,0,10,0,10,0,0,15,0,15,0,0,0,15
11/14/2010,STJ,MO,ACE,CE,Federal Contract Tower,0,0,8,0,8,0,0,40,0,40,0,0,48,0,48,14,0,14,62
11/15/2010,STJ,MO,ACE,CE,Federal Contract Tower,0,0,8,6,14,0,0,26,6,32,0,0,34,12,46,40,0,40,86
11/16/2010,STJ,MO,ACE,CE,Federal Contract Tower,0,0,5,19,24,0,0,24,21,45,0,0,29,40,69,59,1,60,129
11/17/2010,STJ,MO,ACE,CE,Federal Contract Tower,0,0,5,0,5,0,0,8,0,8,0,0,13,0,13,12,0,12,25
11/18/2010,STJ,MO,ACE,CE,Federal Contract Tower,0,2,14,13,29,0,3,34,17,54,0,5,48,30,83,32,20,52,135
11/19/2010,STJ,MO,ACE,CE,Federal Contract Tower,0,4,43,6,53,0,0,0,0,0,0,4,43,6,53,19,6,25,78
11/20/2010,STJ,MO,ACE,CE,Federal Contract Tower,0,1,31,0,32,0,0,20,0,20,0,1,51,0,52,15,0,15,67
11/21/2010,STJ,MO,ACE,CE,Federal Contract Tower,0,0,4,0,4,0,2,11,0,13,0,2,15,0,17,10,0,10,27
11/22/2010,STJ,MO,ACE,CE,Federal Contract Tower,0,0,2,0,2,0,1,9,0,10,0,1,11,0,12,18,0,18,30
11/23/2010,STJ,MO,ACE,CE,Federal Contract Tower,0,0,16,9,25,0,0,26,11,37,0,0,42,20,62,31,0,31,93
11/24/2010,STJ,MO,ACE,CE,Federal Contract Tower,0,0,11,0,11,0,0,0,0,0,0,0,11,0,11,11,0,11,22
11/25/2010,STJ,MO,ACE,CE,Federal Contract Tower,0,0,3,0,3,0,0,8,0,8,0,0,11,0,11,2,0,2,13
11/26/2010,STJ,MO,ACE,CE,Federal Contract Tower,0,0,8,0,8,0,0,30,0,30,0,0,38,0,38,40,0,40,78
11/27/2010,STJ,MO,ACE,CE,Federal Contract Tower,0,0,5,0,5,0,0,51,0,51,0,0,56,0,56,12,0,12,68
11/28/2010,STJ,MO,ACE,CE,Federal Contract Tower,0,0,10,0,10,0,0,22,0,22,0,0,32,0,32,0,0,0,32
11/29/2010,STJ,MO,ACE,CE,Federal Contract Tower,0,0,12,2,14,0,5,19,3,27,0,5,31,5,41,1,4,5,46
11/30/2010,STJ,MO,ACE,CE,Federal Contract Tower,0,0,6,10,16,0,0,9,9,18,0,0,15,19,34,0,16,16,50
12/01/2010,STJ,MO,ACE,CE,Federal Contract Tower,0,0,12,1,13,0,0,32,2,34,0,0,44,3,47,20,0,20,67
12/02/2010,STJ,MO,ACE,CE,Federal Contract Tower,0,0,17,20,37,0,2,41,29,72,0,2,58,49,109,64,14,78,187
12/03/2010,STJ,MO,ACE,CE,Federal Contract Tower,0,0,13,1,14,0,1,28,1,30,0,1,41,2,44,13,6,19,63
12/04/2010,STJ,MO,ACE,CE,Federal Contract Tower,0,0,2,0,2,0,0,14,0,14,0,0,16,0,16,0,0,0,16
12/05/2010,STJ,MO,ACE,CE,Federal Contract Tower,0,0,3,0,3,0,0,29,0,29,0,0,32,0,32,12,0,12,44
12/06/2010,STJ,MO,ACE,CE,Federal Contract Tower,0,4,3,2,9,0,3,34,10,47,0,7,37,12,56,52,28,80,136
12/07/2010,STJ,MO,ACE,CE,Federal Contract Tower,0,1,25,5,31,0,0,20,0,20,0,1,45,5,51,45,5,50,101
12/08/2010,STJ,MO,ACE,CE,Federal Contract Tower,0,0,41,1,42,0,0,0,0,0,0,0,41,1,42,10,0,10,52
12/09/2010,STJ,MO,ACE,CE,Federal Contract Tower,0,2,14,20,36,0,2,30,26,58,0,4,44,46,94,28,4,32,126
12/10/2010,STJ,MO,ACE,CE,Federal Contract Tower,0,0,35,43,78,0,0,0,0,0,0,0,35,43,78,7,0,7,85
12/11/2010,STJ,MO,ACE,CE,Federal Contract Tower,0,0,1,0,1,0,0,1,0,1,0,0,2,0,2,0,0,0,2
12/12/2010,STJ,MO,ACE,CE,Federal Contract Tower,0,0,1,0,1,0,0,0,0,0,0,0,1,0,1,0,0,0,1
12/13/2010,STJ,MO,ACE,CE,Federal Contract Tower,0,0,6,13,19,0,0,17,14,31,0,0,23,27,50,24,2,26,76
12/14/2010,STJ,MO,ACE,CE,Federal Contract Tower,0,0,14,0,14,0,0,33,0,33,0,0,47,0,47,11,0,11,58
12/15/2010,STJ,MO,ACE,CE,Federal Contract Tower,0,2,5,0,7,0,2,7,0,9,0,4,12,0,16,8,0,8,24
12/16/2010,STJ,MO,ACE,CE,Federal Contract Tower,0,0,2,5,7,0,0,11,5,16,0,0,13,10,23,12,2,14,37
12/17/2010,STJ,MO,ACE,CE,Federal Contract Tower,0,0,11,0,11,0,0,22,0,22,0,0,33,0,33,40,0,40,73
12/18/2010,STJ,MO,ACE,CE,Federal Contract Tower,0,0,4,0,4,0,0,24,0,24,0,0,28,0,28,56,0,56,84
12/19/2010,STJ,MO,ACE,CE,Federal Contract Tower,0,0,2,0,2,0,3,11,0,14,0,3,13,0,16,18,0,18,34
12/20/2010,STJ,MO,ACE,CE,Federal Contract Tower,0,0,1,0,1,0,0,18,0,18,0,0,19,0,19,18,0,18,37
12/21/2010,STJ,MO,ACE,CE,Federal Contract Tower,0,0,11,0,11,0,0,31,0,31,0,0,42,0,42,4,0,4,46
12/22/2010,STJ,MO,ACE,CE,Federal Contract Tower,0,0,13,0,13,0,1,28,0,29,0,1,41,0,42,34,0,34,76
12/23/2010,STJ,MO,ACE,CE,Federal Contract Tower,0,0,5,0,5,0,0,10,0,10,0,0,15,0,15,14,0,14,29
12/24/2010,STJ,MO,ACE,CE,Federal Contract Tower,0,0,0,0,0,0,0,0,0,0,0,0,0,0,0,0,0,0,0
12/25/2010,STJ,MO,ACE,CE,Federal Contract Tower,0,0,0,0,0,0,0,2,0,2,0,0,2,0,2,0,0,0,2
12/26/2010,STJ,MO,ACE,CE,Federal Contract Tower,0,0,6,0,6,0,0,14,0,14,0,0,20,0,20,4,0,4,24
12/27/2010,STJ,MO,ACE,CE,Federal Contract Tower,0,0,15,0,15,0,0,0,0,0,0,0,15,0,15,7,0,7,22
12/28/2010,STJ,MO,ACE,CE,Federal Contract Tower,0,0,34,0,34,0,0,0,0,0,0,0,34,0,34,15,0,15,49
12/29/2010,STJ,MO,ACE,CE,Federal Contract Tower,0,0,2,0,2,0,0,0,0,0,0,0,2,0,2,0,0,0,2
12/30/2010,STJ,MO,ACE,CE,Federal Contract Tower,0,0,4,0,4,0,2,8,0,10,0,2,12,0,14,10,0,10,24
12/31/2010,STJ,MO,ACE,CE,Federal Contract Tower,0,0,1,0,1,0,0,1,0,1,0,0,2,0,2,2,0,2,4
01/01/2011,STJ,MO,ACE,CE,Federal Contract Tower,0,0,2,0,2,0,0,8,0,8,0,0,10,0,10,0,0,0,10
01/02/2011,STJ,MO,ACE,CE,Federal Contract Tower,0,0,1,0,1,0,0,30,0,30,0,0,31,0,31,20,0,20,51
01/03/2011,STJ,MO,ACE,CE,Federal Contract Tower,0,0,7,0,7,0,2,36,0,38,0,2,43,0,45,32,0,32,77
01/04/2011,STJ,MO,ACE,CE,Federal Contract Tower,0,0,36,2,38,0,0,0,0,0,0,0,36,2,38,11,2,13,51
01/05/2011,STJ,MO,ACE,CE,Federal Contract Tower,0,0,7,7,14,0,0,22,8,30,0,0,29,15,44,14,0,14,58
01/06/2011,STJ,MO,ACE,CE,Federal Contract Tower,0,0,6,4,10,0,0,24,4,28,0,0,30,8,38,52,0,52,90
01/07/2011,STJ,MO,ACE,CE,Federal Contract Tower,0,0,4,6,10,0,0,8,6,14,0,0,12,12,24,0,0,0,24
01/08/2011,STJ,MO,ACE,CE,Federal Contract Tower,0,0,1,0,1,0,0,12,0,12,0,0,13,0,13,40,0,40,53
01/09/2011,STJ,MO,ACE,CE,Federal Contract Tower,0,0,1,2,3,0,0,12,2,14,0,0,13,4,17,0,0,0,17
01/10/2011,STJ,MO,ACE,CE,Federal Contract Tower,0,0,2,1,3,0,0,0,0,0,0,0,2,1,3,0,0,0,3
01/11/2011,STJ,MO,ACE,CE,Federal Contract Tower,0,0,7,0,7,0,0,0,0,0,0,0,7,0,7,0,0,0,7
01/12/2011,STJ,MO,ACE,CE,Federal Contract Tower,0,0,9,0,9,0,0,0,0,0,0,0,9,0,9,0,0,0,9
01/13/2011,STJ,MO,ACE,CE,Federal Contract Tower,0,0,4,2,6,0,0,10,3,13,0,0,14,5,19,0,2,2,21
01/14/2011,STJ,MO,ACE,CE,Federal Contract Tower,0,0,4,2,6,0,3,14,0,17,0,3,18,2,23,16,0,16,39
01/15/2011,STJ,MO,ACE,CE,Federal Contract Tower,0,0,2,0,2,0,0,12,0,12,0,0,14,0,14,100,0,100,114
01/16/2011,STJ,MO,ACE,CE,Federal Contract Tower,0,0,23,0,23,0,0,0,0,0,0,0,23,0,23,79,0,79,102
01/17/2011,STJ,MO,ACE,CE,Federal Contract Tower,0,0,0,1,1,0,0,0,0,0,0,0,0,1,1,3,0,3,4
01/18/2011,STJ,MO,ACE,CE,Federal Contract Tower,0,0,16,11,27,0,0,0,0,0,0,0,16,11,27,2,4,6,33
01/19/2011,STJ,MO,ACE,CE,Federal Contract Tower,0,0,5,0,5,0,0,12,0,12,0,0,17,0,17,8,0,8,25
01/20/2011,STJ,MO,ACE,CE,Federal Contract Tower,0,0,6,4,10,0,0,15,4,19,0,0,21,8,29,28,0,28,57
01/21/2011,STJ,MO,ACE,CE,Federal Contract Tower,0,0,6,6,12,0,0,12,6,18,0,0,18,12,30,0,0,0,30
01/22/2011,STJ,MO,ACE,CE,Federal Contract Tower,0,0,1,1,2,0,0,9,1,10,0,0,10,2,12,74,0,74,86
01/23/2011,STJ,MO,ACE,CE,Federal Contract Tower,0,0,0,0,0,0,0,0,0,0,0,0,0,0,0,0,0,0,0
01/24/2011,STJ,MO,ACE,CE,Federal Contract Tower,0,0,7,1,8,0,0,19,1,20,0,0,26,2,28,14,0,14,42
01/25/2011,STJ,MO,ACE,CE,Federal Contract Tower,0,0,31,11,42,0,0,0,0,0,0,0,31,11,42,25,26,51,93
01/26/2011,STJ,MO,ACE,CE,Federal Contract Tower,0,0,6,16,22,0,0,12,12,24,0,0,18,28,46,28,0,28,74
01/27/2011,STJ,MO,ACE,CE,Federal Contract Tower,0,0,4,1,5,0,1,32,7,40,0,1,36,8,45,36,8,44,89
01/28/2011,STJ,MO,ACE,CE,Federal Contract Tower,0,0,6,0,6,0,0,29,0,29,0,0,35,0,35,108,0,108,143
01/29/2011,STJ,MO,ACE,CE,Federal Contract Tower,0,0,2,0,2,0,2,63,1,66,0,2,65,1,68,12,0,12,80
01/30/2011,STJ,MO,ACE,CE,Federal Contract Tower,0,0,5,0,5,0,0,15,0,15,0,0,20,0,20,12,0,12,32
01/31/2011,STJ,MO,ACE,CE,Federal Contract Tower,0,0,0,0,0,0,0,0,0,0,0,0,0,0,0,0,0,0,0
02/01/2011,STJ,MO,ACE,CE,Federal Contract Tower,0,0,0,0,0,0,0,0,0,0,0,0,0,0,0,0,0,0,0
02/02/2011,STJ,MO,ACE,CE,Federal Contract Tower,0,0,5,1,6,0,0,3,1,4,0,0,8,2,10,0,0,0,10
02/03/2011,STJ,MO,ACE,CE,Federal Contract Tower,0,0,6,8,14,0,0,12,18,30,0,0,18,26,44,0,10,10,54
02/04/2011,STJ,MO,ACE,CE,Federal Contract Tower,0,0,2,1,3,0,0,32,1,33,0,0,34,2,36,22,2,24,60
02/05/2011,STJ,MO,ACE,CE,Federal Contract Tower,0,0,3,0,3,0,0,42,0,42,0,0,45,0,45,42,0,42,87
02/06/2011,STJ,MO,ACE,CE,Federal Contract Tower,0,0,1,1,2,0,0,3,1,4,0,0,4,2,6,6,0,6,12
02/07/2011,STJ,MO,ACE,CE,Federal Contract Tower,0,4,12,14,30,0,4,23,14,41,0,8,35,28,71,14,6,20,91
02/08/2011,STJ,MO,ACE,CE,Federal Contract Tower,0,0,8,9,17,0,0,0,0,0,0,0,8,9,17,0,59,59,76
02/09/2011,STJ,MO,ACE,CE,Federal Contract Tower,0,2,9,10,21,0,0,0,0,0,0,2,9,10,21,10,4,14,35
02/10/2011,STJ,MO,ACE,CE,Federal Contract Tower,0,0,10,9,19,1,0,21,14,36,1,0,31,23,55,12,30,42,97
02/11/2011,STJ,MO,ACE,CE,Federal Contract Tower,0,0,4,5,9,0,0,17,5,22,0,0,21,10,31,30,0,30,61
02/12/2011,STJ,MO,ACE,CE,Federal Contract Tower,0,0,1,0,1,0,0,23,0,23,0,0,24,0,24,61,0,61,85
02/13/2011,STJ,MO,ACE,CE,Federal Contract Tower,0,0,7,1,8,0,0,48,2,50,0,0,55,3,58,32,0,32,90
02/14/2011,STJ,MO,ACE,CE,Federal Contract Tower,0,0,1,9,10,0,1,25,16,42,0,1,26,25,52,21,28,49,101
02/15/2011,STJ,MO,ACE,CE,Federal Contract Tower,0,0,8,8,16,0,1,19,10,30,0,1,27,18,46,6,30,36,82
02/16/2011,STJ,MO,ACE,CE,Federal Contract Tower,0,0,5,0,5,0,0,7,1,8,0,0,12,1,13,0,0,0,13
02/17/2011,STJ,MO,ACE,CE,Federal Contract Tower,0,0,14,11,25,0,0,21,24,45,0,0,35,35,70,18,18,36,106
02/18/2011,STJ,MO,ACE,CE,Federal Contract Tower,0,0,11,0,11,0,0,42,0,42,0,0,53,0,53,26,0,26,79
02/19/2011,STJ,MO,ACE,CE,Federal Contract Tower,0,0,2,0,2,0,1,14,0,15,0,1,16,0,17,16,0,16,33
02/20/2011,STJ,MO,ACE,CE,Federal Contract Tower,0,0,4,0,4,0,0,0,0,0,0,0,4,0,4,30,0,30,34
02/21/2011,STJ,MO,ACE,CE,Federal Contract Tower,0,0,4,0,4,0,0,18,0,18,0,0,22,0,22,10,0,10,32
02/22/2011,STJ,MO,ACE,CE,Federal Contract Tower,1,0,11,15,27,1,1,23,24,49,2,1,34,39,76,13,40,53,129
02/23/2011,STJ,MO,ACE,CE,Federal Contract Tower,0,0,11,20,31,0,1,29,26,56,0,1,40,46,87,36,92,128,215
02/24/2011,STJ,MO,ACE,CE,Federal Contract Tower,0,0,2,0,2,0,0,0,0,0,0,0,2,0,2,0,0,0,2
02/25/2011,STJ,MO,ACE,CE,Federal Contract Tower,0,0,12,2,14,0,0,17,2,19,0,0,29,4,33,23,0,23,56
02/26/2011,STJ,MO,ACE,CE,Federal Contract Tower,0,0,3,0,3,0,0,8,0,8,0,0,11,0,11,32,0,32,43
02/27/2011,STJ,MO,ACE,CE,Federal Contract Tower,2,0,13,0,15,2,0,13,0,15,4,0,26,0,30,0,0,0,30
02/28/2011,STJ,MO,ACE,CE,Federal Contract Tower,0,0,2,11,13,0,0,34,26,60,0,0,36,37,73,54,40,94,167
03/01/2011,STJ,MO,ACE,CE,Federal Contract Tower,0,0,2,7,9,0,0,36,8,44,0,0,38,15,53,76,58,134,187
03/02/2011,STJ,MO,ACE,CE,Federal Contract Tower,0,0,11,16,27,0,3,29,19,51,0,3,40,35,78,6,22,28,106
03/03/2011,STJ,MO,ACE,CE,Federal Contract Tower,0,0,7,9,16,0,2,21,25,48,0,2,28,34,64,72,50,122,186
03/04/2011,STJ,MO,ACE,CE,Federal Contract Tower,0,0,6,3,9,0,0,14,3,17,0,0,20,6,26,8,0,8,34
03/05/2011,STJ,MO,ACE,CE,Federal Contract Tower,0,0,10,6,16,0,0,36,18,54,0,0,46,24,70,28,32,60,130
03/06/2011,STJ,MO,ACE,CE,Federal Contract Tower,0,0,4,2,6,0,0,45,2,47,0,0,49,4,53,6,53,59,112
03/07/2011,STJ,MO,ACE,CE,Federal Contract Tower,0,0,10,20,30,0,0,23,23,46,0,0,33,43,76,10,28,38,114
03/08/2011,STJ,MO,ACE,CE,Federal Contract Tower,0,0,5,16,21,0,0,5,11,16,0,0,10,27,37,0,1,1,38
03/09/2011,STJ,MO,ACE,CE,Federal Contract Tower,0,0,6,39,45,0,0,0,0,0,0,0,6,39,45,8,0,8,53
03/10/2011,STJ,MO,ACE,CE,Federal Contract Tower,0,0,8,4,12,0,0,28,22,50,0,0,36,26,62,22,49,71,133
03/11/2011,STJ,MO,ACE,CE,Federal Contract Tower,0,1,33,0,34,0,0,0,0,0,0,1,33,0,34,7,1,8,42
03/12/2011,STJ,MO,ACE,CE,Federal Contract Tower,0,0,2,2,4,0,0,30,2,32,0,0,32,4,36,40,0,40,76
03/13/2011,STJ,MO,ACE,CE,Federal Contract Tower,0,0,5,3,8,0,0,10,0,10,0,0,15,3,18,0,0,0,18
03/14/2011,STJ,MO,ACE,CE,Federal Contract Tower,0,0,12,21,33,0,0,24,25,49,0,0,36,46,82,2,19,21,103
03/15/2011,STJ,MO,ACE,CE,Federal Contract Tower,0,0,12,16,28,0,1,24,20,45,0,1,36,36,73,1,62,63,136
03/16/2011,STJ,MO,ACE,CE,Federal Contract Tower,0,10,8,8,26,0,11,28,13,52,0,21,36,21,78,40,36,76,154
03/17/2011,STJ,MO,ACE,CE,Federal Contract Tower,1,0,9,6,16,1,0,17,6,24,2,0,26,12,40,0,0,0,40
03/18/2011,STJ,MO,ACE,CE,Federal Contract Tower,0,0,7,6,13,0,0,38,6,44,0,0,45,12,57,30,0,30,87
03/19/2011,STJ,MO,ACE,CE,Federal Contract Tower,0,0,4,0,4,0,0,24,0,24,0,0,28,0,28,28,0,28,56
03/20/2011,STJ,MO,ACE,CE,Federal Contract Tower,10,0,4,0,14,6,1,14,1,22,16,1,18,1,36,6,0,6,42
03/21/2011,STJ,MO,ACE,CE,Federal Contract Tower,2,0,2,12,16,2,1,18,20,41,4,1,20,32,57,21,44,65,122
03/22/2011,STJ,MO,ACE,CE,Federal Contract Tower,1,4,8,17,30,0,0,9,22,31,1,4,17,39,61,0,64,64,125
03/23/2011,STJ,MO,ACE,CE,Federal Contract Tower,0,0,5,8,13,0,0,8,8,16,0,0,13,16,29,0,0,0,29
03/24/2011,STJ,MO,ACE,CE,Federal Contract Tower,0,0,9,9,18,0,0,35,14,49,0,0,44,23,67,38,20,58,125
03/25/2011,STJ,MO,ACE,CE,Federal Contract Tower,0,0,10,8,18,0,0,0,0,0,0,0,10,8,18,0,0,0,18
03/26/2011,STJ,MO,ACE,CE,Federal Contract Tower,2,0,1,0,3,2,0,1,0,3,4,0,2,0,6,10,0,10,16
03/27/2011,STJ,MO,ACE,CE,Federal Contract Tower,0,1,31,1,33,0,0,0,0,0,0,1,31,1,33,61,0,61,94
03/28/2011,STJ,MO,ACE,CE,Federal Contract Tower,0,0,13,8,21,0,0,23,20,43,0,0,36,28,64,14,80,94,158
03/29/2011,STJ,MO,ACE,CE,Federal Contract Tower,0,0,11,30,41,0,0,2,10,12,0,0,13,40,53,13,40,53,106
03/30/2011,STJ,MO,ACE,CE,Federal Contract Tower,0,2,19,7,28,0,0,22,4,26,0,2,41,11,54,12,9,21,75
03/31/2011,STJ,MO,ACE,CE,Federal Contract Tower,0,0,10,4,14,0,3,13,9,25,0,3,23,13,39,5,68,73,112
04/01/2011,STJ,MO,ACE,CE,Federal Contract Tower,0,0,2,1,3,0,0,12,1,13,0,0,14,2,16,8,0,8,24
04/02/2011,STJ,MO,ACE,CE,Federal Contract Tower,0,0,8,0,8,0,3,69,0,72,0,3,77,0,80,82,0,82,162
04/03/2011,STJ,MO,ACE,CE,Federal Contract Tower,0,0,1,1,2,0,0,4,1,5,0,0,5,2,7,0,0,0,7
04/04/2011,STJ,MO,ACE,CE,Federal Contract Tower,0,0,0,7,7,0,0,1,18,19,0,0,1,25,26,17,12,29,55
04/05/2011,STJ,MO,ACE,CE,Federal Contract Tower,0,0,6,7,13,0,0,17,16,33,0,0,23,23,46,3,23,26,72
04/06/2011,STJ,MO,ACE,CE,Federal Contract Tower,0,0,3,10,13,0,1,22,15,38,0,1,25,25,51,36,24,60,111
04/07/2011,STJ,MO,ACE,CE,Federal Contract Tower,0,0,19,6,25,0,0,0,0,0,0,0,19,6,25,2,0,2,27
04/08/2011,STJ,MO,ACE,CE,Federal Contract Tower,0,0,15,0,15,0,0,0,0,0,0,0,15,0,15,2,0,2,17
04/09/2011,STJ,MO,ACE,CE,Federal Contract Tower,0,0,10,0,10,0,0,32,0,32,0,0,42,0,42,75,0,75,117
04/10/2011,STJ,MO,ACE,CE,Federal Contract Tower,0,0,2,0,2,0,2,9,0,11,0,2,11,0,13,0,0,0,13
04/11/2011,STJ,MO,ACE,CE,Federal Contract Tower,0,0,5,17,22,0,3,22,28,53,0,3,27,45,75,7,28,35,110
04/12/2011,STJ,MO,ACE,CE,Federal Contract Tower,0,0,10,2,12,0,0,45,2,47,0,0,55,4,59,36,65,101,160
04/13/2011,STJ,MO,ACE,CE,Federal Contract Tower,0,0,4,8,12,0,0,39,7,46,0,0,43,15,58,12,4,16,74
04/14/2011,STJ,MO,ACE,CE,Federal Contract Tower,0,0,1,10,11,0,0,5,19,24,0,0,6,29,35,14,14,28,63
04/15/2011,STJ,MO,ACE,CE,Federal Contract Tower,0,0,2,2,4,0,0,0,0,0,0,0,2,2,4,0,0,0,4
04/16/2011,STJ,MO,ACE,CE,Federal Contract Tower,0,0,4,1,5,0,0,29,1,30,0,0,33,2,35,35,0,35,70
04/17/2011,STJ,MO,ACE,CE,Federal Contract Tower,0,0,5,0,5,0,3,52,0,55,0,3,57,0,60,30,0,30,90
04/18/2011,STJ,MO,ACE,CE,Federal Contract Tower,0,0,17,13,30,0,3,25,22,50,0,3,42,35,80,44,36,80,160
04/19/2011,STJ,MO,ACE,CE,Federal Contract Tower,0,0,2,0,2,0,0,0,0,0,0,0,2,0,2,0,0,0,2
04/20/2011,STJ,MO,ACE,CE,Federal Contract Tower,0,0,3,0,3,0,2,8,2,12,0,2,11,2,15,0,0,0,15
04/21/2011,STJ,MO,ACE,CE,Federal Contract Tower,0,0,7,7,14,0,1,42,24,67,0,1,49,31,81,34,31,65,146
04/22/2011,STJ,MO,ACE,CE,Federal Contract Tower,0,0,12,0,12,0,0,12,0,12,0,0,24,0,24,0,0,0,24
04/23/2011,STJ,MO,ACE,CE,Federal Contract Tower,0,0,4,3,7,0,0,78,2,80,0,0,82,5,87,54,0,54,141
04/24/2011,STJ,MO,ACE,CE,Federal Contract Tower,0,0,3,0,3,0,0,18,0,18,0,0,21,0,21,14,0,14,35
04/25/2011,STJ,MO,ACE,CE,Federal Contract Tower,0,0,8,0,8,0,0,0,0,0,0,0,8,0,8,0,0,0,8
04/26/2011,STJ,MO,ACE,CE,Federal Contract Tower,0,0,12,21,33,0,0,27,34,61,0,0,39,55,94,6,24,30,124
04/27/2011,STJ,MO,ACE,CE,Federal Contract Tower,0,0,11,10,21,0,0,24,16,40,0,0,35,26,61,32,30,62,123
04/28/2011,STJ,MO,ACE,CE,Federal Contract Tower,0,0,6,6,12,0,3,33,14,50,0,3,39,20,62,0,55,55,117
04/29/2011,STJ,MO,ACE,CE,Federal Contract Tower,0,0,6,8,14,0,0,41,14,55,0,0,47,22,69,36,0,36,105
04/30/2011,STJ,MO,ACE,CE,Federal Contract Tower,0,0,2,1,3,0,1,19,2,22,0,1,21,3,25,26,0,26,51
05/01/2011,STJ,MO,ACE,CE,Federal Contract Tower,0,0,3,1,4,1,0,22,0,23,1,0,25,1,27,34,0,34,61
05/02/2011,STJ,MO,ACE,CE,Federal Contract Tower,0,0,8,5,13,0,0,25,20,45,0,0,33,25,58,10,14,24,82
05/03/2011,STJ,MO,ACE,CE,Federal Contract Tower,0,0,6,8,14,0,1,32,16,49,0,1,38,24,63,20,5,25,88
05/04/2011,STJ,MO,ACE,CE,Federal Contract Tower,0,0,29,15,44,0,0,0,0,0,0,0,29,15,44,10,1,11,55
05/05/2011,STJ,MO,ACE,CE,Federal Contract Tower,0,0,10,5,15,0,2,25,21,48,0,2,35,26,63,2,24,26,89
05/06/2011,STJ,MO,ACE,CE,Federal Contract Tower,0,0,1,4,5,0,1,23,5,29,0,1,24,9,34,28,0,28,62
05/07/2011,STJ,MO,ACE,CE,Federal Contract Tower,0,0,2,0,2,0,4,42,0,46,0,4,44,0,48,42,0,42,90
05/08/2011,STJ,MO,ACE,CE,Federal Contract Tower,0,0,3,0,3,0,3,17,1,21,0,3,20,1,24,0,0,0,24
05/09/2011,STJ,MO,ACE,CE,Federal Contract Tower,1,0,8,11,20,0,0,20,35,55,1,0,28,46,75,24,3,27,102
05/10/2011,STJ,MO,ACE,CE,Federal Contract Tower,1,0,18,26,45,0,0,0,0,0,1,0,18,26,45,16,23,39,84
05/11/2011,STJ,MO,ACE,CE,Federal Contract Tower,0,0,5,8,13,0,0,30,35,65,0,0,35,43,78,8,0,8,86
05/12/2011,STJ,MO,ACE,CE,Federal Contract Tower,0,0,1,5,6,0,3,8,11,22,0,3,9,16,28,24,54,78,106
05/13/2011,STJ,MO,ACE,CE,Federal Contract Tower,0,0,11,2,13,0,0,17,2,19,0,0,28,4,32,6,0,6,38
05/14/2011,STJ,MO,ACE,CE,Federal Contract Tower,0,0,3,0,3,0,2,10,0,12,0,2,13,0,15,28,0,28,43
05/15/2011,STJ,MO,ACE,CE,Federal Contract Tower,0,0,4,2,6,0,0,12,0,12,0,0,16,2,18,12,0,12,30
05/16/2011,STJ,MO,ACE,CE,Federal Contract Tower,0,0,16,11,27,0,0,91,22,113,0,0,107,33,140,40,17,57,197
05/17/2011,STJ,MO,ACE,CE,Federal Contract Tower,0,0,7,5,12,0,2,49,17,68,0,2,56,22,80,34,8,42,122
05/18/2011,STJ,MO,ACE,CE,Federal Contract Tower,0,0,5,7,12,0,0,46,6,52,0,0,51,13,64,12,2,14,78
05/19/2011,STJ,MO,ACE,CE,Federal Contract Tower,0,0,6,17,23,0,0,7,11,18,0,0,13,28,41,0,0,0,41
05/20/2011,STJ,MO,ACE,CE,Federal Contract Tower,0,0,3,3,6,0,0,4,3,7,0,0,7,6,13,26,0,26,39
05/21/2011,STJ,MO,ACE,CE,Federal Contract Tower,0,0,7,0,7,0,0,22,0,22,0,0,29,0,29,26,0,26,55
05/22/2011,STJ,MO,ACE,CE,Federal Contract Tower,0,0,6,2,8,0,0,19,2,21,0,0,25,4,29,20,0,20,49
05/23/2011,STJ,MO,ACE,CE,Federal Contract Tower,0,0,13,6,19,0,0,41,35,76,0,0,54,41,95,17,10,27,122
05/24/2011,STJ,MO,ACE,CE,Federal Contract Tower,0,0,6,7,13,0,0,16,8,24,0,0,22,15,37,10,30,40,77
05/25/2011,STJ,MO,ACE,CE,Federal Contract Tower,0,0,5,4,9,0,0,16,8,24,0,0,21,12,33,10,30,40,73
05/26/2011,STJ,MO,ACE,CE,Federal Contract Tower,0,0,7,3,10,0,0,29,24,53,0,0,36,27,63,29,25,54,117
05/27/2011,STJ,MO,ACE,CE,Federal Contract Tower,0,0,6,1,7,0,0,10,1,11,0,0,16,2,18,70,0,70,88
05/28/2011,STJ,MO,ACE,CE,Federal Contract Tower,0,0,1,1,2,0,0,21,1,22,0,0,22,2,24,32,0,32,56
05/29/2011,STJ,MO,ACE,CE,Federal Contract Tower,0,0,4,0,4,0,0,10,0,10,0,0,14,0,14,2,0,2,16
05/30/2011,STJ,MO,ACE,CE,Federal Contract Tower,0,0,2,0,2,0,0,10,0,10,0,0,12,0,12,0,0,0,12
05/31/2011,STJ,MO,ACE,CE,Federal Contract Tower,0,0,8,8,16,0,6,33,24,63,0,6,41,32,79,42,60,102,181
06/01/2011,STJ,MO,ACE,CE,Federal Contract Tower,0,0,9,15,24,0,1,26,22,49,0,1,35,37,73,6,49,55,128
06/02/2011,STJ,MO,ACE,CE,Federal Contract Tower,0,0,12,16,28,0,0,38,22,60,0,0,50,38,88,24,2,26,114
06/03/2011,STJ,MO,ACE,CE,Federal Contract Tower,0,0,7,4,11,0,0,11,4,15,0,0,18,8,26,5,57,62,88
06/04/2011,STJ,MO,ACE,CE,Federal Contract Tower,0,0,2,1,3,0,2,33,1,36,0,2,35,2,39,22,6,28,67
06/05/2011,STJ,MO,ACE,CE,Federal Contract Tower,0,0,3,2,5,0,2,36,15,53,0,2,39,17,58,0,0,0,58
06/06/2011,STJ,MO,ACE,CE,Federal Contract Tower,0,0,8,41,49,0,0,0,0,0,0,0,8,41,49,37,60,97,146
06/07/2011,STJ,MO,ACE,CE,Federal Contract Tower,0,0,9,27,36,0,0,31,39,70,0,0,40,66,106,4,38,42,148
06/08/2011,STJ,MO,ACE,CE,Federal Contract Tower,0,0,4,18,22,0,2,33,29,64,0,2,37,47,86,31,11,42,128
06/09/2011,STJ,MO,ACE,CE,Federal Contract Tower,0,0,4,18,22,0,2,34,20,56,0,2,38,38,78,20,50,70,148
06/10/2011,STJ,MO,ACE,CE,Federal Contract Tower,0,0,13,0,13,0,1,39,2,42,0,1,52,2,55,28,0,28,83
06/11/2011,STJ,MO,ACE,CE,Federal Contract Tower,0,0,6,4,10,0,0,45,4,49,0,0,51,8,59,26,0,26,85
06/12/2011,STJ,MO,ACE,CE,Federal Contract Tower,0,0,3,1,4,0,0,9,3,12,0,0,12,4,16,16,0,16,32
06/13/2011,STJ,MO,ACE,CE,Federal Contract Tower,0,0,13,19,32,0,1,27,40,68,0,1,40,59,100,32,14,46,146
06/14/2011,STJ,MO,ACE,CE,Federal Contract Tower,0,0,8,7,15,0,1,29,13,43,0,1,37,20,58,6,4,10,68
06/15/2011,STJ,MO,ACE,CE,Federal Contract Tower,0,0,6,14,20,0,2,38,15,55,0,2,44,29,75,2,14,16,91
06/16/2011,STJ,MO,ACE,CE,Federal Contract Tower,0,0,11,12,23,0,0,39,14,53,0,0,50,26,76,30,28,58,134
06/17/2011,STJ,MO,ACE,CE,Federal Contract Tower,0,0,2,1,3,0,0,33,1,34,0,0,35,2,37,0,0,0,37
06/18/2011,STJ,MO,ACE,CE,Federal Contract Tower,2,2,9,10,23,2,4,58,12,76,4,6,67,22,99,14,0,14,113
06/19/2011,STJ,MO,ACE,CE,Federal Contract Tower,0,0,4,0,4,0,0,50,0,50,0,0,54,0,54,0,0,0,54
06/20/2011,STJ,MO,ACE,CE,Federal Contract Tower,0,0,5,3,8,0,1,24,15,40,0,1,29,18,48,6,26,32,80
06/21/2011,STJ,MO,ACE,CE,Federal Contract Tower,0,0,13,16,29,0,0,50,38,88,0,0,63,54,117,16,18,34,151
06/22/2011,STJ,MO,ACE,CE,Federal Contract Tower,0,0,15,6,21,0,0,28,7,35,0,0,43,13,56,4,8,12,68
06/23/2011,STJ,MO,ACE,CE,Federal Contract Tower,0,0,11,3,14,0,2,101,20,123,0,2,112,23,137,14,56,70,207
06/24/2011,STJ,MO,ACE,CE,Federal Contract Tower,2,1,83,27,113,0,0,0,0,0,2,1,83,27,113,22,5,27,140
06/25/2011,STJ,MO,ACE,CE,Federal Contract Tower,0,0,16,1,17,0,0,0,0,0,0,0,16,1,17,40,4,44,61
06/26/2011,STJ,MO,ACE,CE,Federal Contract Tower,0,0,11,0,11,0,3,20,2,25,0,3,31,2,36,9,0,9,45
06/27/2011,STJ,MO,ACE,CE,Federal Contract Tower,0,0,2,0,2,0,3,14,5,22,0,3,16,5,24,0,0,0,24
06/28/2011,STJ,MO,ACE,CE,Federal Contract Tower,0,0,0,1,1,0,5,38,2,45,0,5,38,3,46,2,0,2,48
06/29/2011,STJ,MO,ACE,CE,Federal Contract Tower,0,0,0,0,0,0,0,44,19,63,0,0,44,19,63,25,10,35,98
06/30/2011,STJ,MO,ACE,CE,Federal Contract Tower,0,0,6,4,10,0,3,29,13,45,0,3,35,17,55,34,20,54,109
07/01/2011,STJ,MO,ACE,CE,Federal Contract Tower,0,0,4,2,6,0,0,29,8,37,0,0,33,10,43,2,1,3,46
07/02/2011,STJ,MO,ACE,CE,Federal Contract Tower,0,0,4,0,4,0,1,56,0,57,0,1,60,0,61,18,0,18,79
07/03/2011,STJ,MO,ACE,CE,Federal Contract Tower,0,0,0,0,0,0,1,14,0,15,0,1,14,0,15,13,0,13,28
07/04/2011,STJ,MO,ACE,CE,Federal Contract Tower,0,0,2,0,2,0,0,30,0,30,0,0,32,0,32,14,0,14,46
07/05/2011,STJ,MO,ACE,CE,Federal Contract Tower,0,0,5,0,5,0,1,33,0,34,0,1,38,0,39,2,0,2,41
07/06/2011,STJ,MO,ACE,CE,Federal Contract Tower,0,0,0,0,0,0,1,33,0,34,0,1,33,0,34,2,0,2,36
07/07/2011,STJ,MO,ACE,CE,Federal Contract Tower,0,0,28,12,40,0,0,0,0,0,0,0,28,12,40,3,0,3,43
07/08/2011,STJ,MO,ACE,CE,Federal Contract Tower,0,2,62,6,70,0,0,0,0,0,0,2,62,6,70,56,2,58,128
07/09/2011,STJ,MO,ACE,CE,Federal Contract Tower,0,0,2,0,2,0,0,66,2,68,0,0,68,2,70,4,0,4,74
07/10/2011,STJ,MO,ACE,CE,Federal Contract Tower,0,0,1,0,1,0,0,41,0,41,0,0,42,0,42,4,0,4,46
07/11/2011,STJ,MO,ACE,CE,Federal Contract Tower,0,2,11,2,15,0,2,42,8,52,0,4,53,10,67,4,1,5,72
07/12/2011,STJ,MO,ACE,CE,Federal Contract Tower,0,0,0,0,0,0,0,7,11,18,0,0,7,11,18,46,0,46,64
07/13/2011,STJ,MO,ACE,CE,Federal Contract Tower,0,0,5,0,5,0,0,69,2,71,0,0,74,2,76,0,0,0,76
07/14/2011,STJ,MO,ACE,CE,Federal Contract Tower,0,0,6,2,8,0,1,61,3,65,0,1,67,5,73,25,13,38,111
07/15/2011,STJ,MO,ACE,CE,Federal Contract Tower,0,0,6,0,6,0,1,66,9,76,0,1,72,9,82,16,0,16,98
07/16/2011,STJ,MO,ACE,CE,Federal Contract Tower,0,0,0,0,0,0,0,0,0,0,0,0,0,0,0,0,0,0,0
07/17/2011,STJ,MO,ACE,CE,Federal Contract Tower,0,0,0,0,0,0,0,2,0,2,0,0,2,0,2,0,0,0,2
07/18/2011,STJ,MO,ACE,CE,Federal Contract Tower,0,0,1,7,8,0,0,32,6,38,0,0,33,13,46,7,13,20,66
07/19/2011,STJ,MO,ACE,CE,Federal Contract Tower,0,0,0,0,0,0,0,2,50,52,0,0,2,50,52,2,0,2,54
07/20/2011,STJ,MO,ACE,CE,Federal Contract Tower,0,0,9,0,9,0,1,56,6,63,0,1,65,6,72,0,0,0,72
07/21/2011,STJ,MO,ACE,CE,Federal Contract Tower,0,0,3,4,7,0,0,49,18,67,0,0,52,22,74,8,4,12,86
07/22/2011,STJ,MO,ACE,CE,Federal Contract Tower,0,0,47,2,49,0,0,0,0,0,0,0,47,2,49,2,0,2,51
07/23/2011,STJ,MO,ACE,CE,Federal Contract Tower,0,0,3,0,3,0,1,30,2,33,0,1,33,2,36,14,0,14,50
07/24/2011,STJ,MO,ACE,CE,Federal Contract Tower,0,0,23,0,23,0,0,0,0,0,0,0,23,0,23,5,0,5,28
07/25/2011,STJ,MO,ACE,CE,Federal Contract Tower,0,0,2,2,4,0,1,49,2,52,0,1,51,4,56,28,6,34,90
07/26/2011,STJ,MO,ACE,CE,Federal Contract Tower,0,0,11,0,11,0,0,1,23,24,0,0,12,23,35,0,0,0,35
07/27/2011,STJ,MO,ACE,CE,Federal Contract Tower,0,0,8,1,9,0,2,32,3,37,0,2,40,4,46,15,0,15,61
07/28/2011,STJ,MO,ACE,CE,Federal Contract Tower,0,0,11,0,11,0,0,60,0,60,0,0,71,0,71,20,6,26,97
07/29/2011,STJ,MO,ACE,CE,Federal Contract Tower,0,0,2,2,4,0,0,22,10,32,0,0,24,12,36,24,0,24,60
07/30/2011,STJ,MO,ACE,CE,Federal Contract Tower,0,0,0,0,0,0,0,41,0,41,0,0,41,0,41,16,0,16,57
07/31/2011,STJ,MO,ACE,CE,Federal Contract Tower,0,0,2,0,2,0,0,30,0,30,0,0,32,0,32,24,0,24,56
08/01/2011,STJ,MO,ACE,CE,Federal Contract Tower,0,0,9,2,11,0,0,48,4,52,0,0,57,6,63,18,12,30,93
08/02/2011,STJ,MO,ACE,CE,Federal Contract Tower,0,0,2,2,4,0,3,49,9,61,0,3,51,11,65,12,4,16,81
08/03/2011,STJ,MO,ACE,CE,Federal Contract Tower,0,0,6,9,15,0,3,73,9,85,0,3,79,18,100,8,10,18,118
08/04/2011,STJ,MO,ACE,CE,Federal Contract Tower,0,0,1,3,4,0,2,61,7,70,0,2,62,10,74,21,10,31,105
08/05/2011,STJ,MO,ACE,CE,Federal Contract Tower,0,0,6,0,6,0,0,28,11,39,0,0,34,11,45,10,0,10,55
08/06/2011,STJ,MO,ACE,CE,Federal Contract Tower,0,0,1,0,1,0,1,37,0,38,0,1,38,0,39,20,0,20,59
08/07/2011,STJ,MO,ACE,CE,Federal Contract Tower,0,0,8,0,8,0,2,29,0,31,0,2,37,0,39,0,0,0,39
08/08/2011,STJ,MO,ACE,CE,Federal Contract Tower,1,0,8,0,9,1,0,55,4,60,2,0,63,4,69,8,16,24,93
08/09/2011,STJ,MO,ACE,CE,Federal Contract Tower,0,0,0,6,6,0,0,52,6,58,0,0,52,12,64,38,0,38,102
08/10/2011,STJ,MO,ACE,CE,Federal Contract Tower,0,0,5,4,9,0,0,67,4,71,0,0,72,8,80,4,6,10,90
08/11/2011,STJ,MO,ACE,CE,Federal Contract Tower,0,0,12,0,12,0,0,73,0,73,0,0,85,0,85,22,18,40,125
08/12/2011,STJ,MO,ACE,CE,Federal Contract Tower,0,0,1,0,1,0,0,26,0,26,0,0,27,0,27,8,0,8,35
08/13/2011,STJ,MO,ACE,CE,Federal Contract Tower,0,0,1,2,3,0,0,64,2,66,0,0,65,4,69,6,0,6,75
08/14/2011,STJ,MO,ACE,CE,Federal Contract Tower,0,0,3,0,3,0,2,30,0,32,0,2,33,0,35,8,0,8,43
08/15/2011,STJ,MO,ACE,CE,Federal Contract Tower,0,0,2,0,2,0,0,14,0,14,0,0,16,0,16,14,0,14,30
08/16/2011,STJ,MO,ACE,CE,Federal Contract Tower,0,0,6,2,8,0,1,34,2,37,0,1,40,4,45,14,0,14,59
08/17/2011,STJ,MO,ACE,CE,Federal Contract Tower,0,0,8,2,10,0,1,64,4,69,0,1,72,6,79,2,18,20,99
08/18/2011,STJ,MO,ACE,CE,Federal Contract Tower,0,0,8,2,10,0,0,73,4,77,0,0,81,6,87,25,2,27,114
08/19/2011,STJ,MO,ACE,CE,Federal Contract Tower,0,0,7,0,7,0,2,72,13,87,0,2,79,13,94,17,0,17,111
08/20/2011,STJ,MO,ACE,CE,Federal Contract Tower,0,0,6,0,6,0,2,32,0,34,0,2,38,0,40,12,0,12,52
08/21/2011,STJ,MO,ACE,CE,Federal Contract Tower,0,0,2,0,2,0,2,42,0,44,0,2,44,0,46,16,0,16,62
08/22/2011,STJ,MO,ACE,CE,Federal Contract Tower,0,0,3,4,7,0,1,40,4,45,0,1,43,8,52,15,10,25,77
08/23/2011,STJ,MO,ACE,CE,Federal Contract Tower,0,0,2,2,4,0,1,56,0,57,0,1,58,2,61,35,5,40,101
08/24/2011,STJ,MO,ACE,CE,Federal Contract Tower,0,0,7,2,9,0,3,72,9,84,0,3,79,11,93,20,0,20,113
08/25/2011,STJ,MO,ACE,CE,Federal Contract Tower,0,0,5,10,15,0,2,69,37,108,0,2,74,47,123,20,0,20,143
08/26/2011,STJ,MO,ACE,CE,Federal Contract Tower,0,0,9,8,17,0,1,42,8,51,0,1,51,16,68,10,0,10,78
08/27/2011,STJ,MO,ACE,CE,Federal Contract Tower,0,0,8,0,8,0,0,68,0,68,0,0,76,0,76,14,0,14,90
08/28/2011,STJ,MO,ACE,CE,Federal Contract Tower,0,0,6,0,6,0,0,28,0,28,0,0,34,0,34,12,0,12,46
08/29/2011,STJ,MO,ACE,CE,Federal Contract Tower,0,0,14,21,35,0,0,44,17,61,0,0,58,38,96,16,20,36,132
08/30/2011,STJ,MO,ACE,CE,Federal Contract Tower,0,0,7,0,7,0,4,34,6,44,0,4,41,6,51,12,0,12,63
08/31/2011,STJ,MO,ACE,CE,Federal Contract Tower,0,0,9,1,10,0,0,50,6,56,0,0,59,7,66,13,6,19,85
09/01/2011,STJ,MO,ACE,CE,Federal Contract Tower,0,0,14,4,18,0,0,43,10,53,0,0,57,14,71,12,0,12,83
09/02/2011,STJ,MO,ACE,CE,Federal Contract Tower,0,0,0,0,0,0,0,68,0,68,0,0,68,0,68,13,0,13,81
09/03/2011,STJ,MO,ACE,CE,Federal Contract Tower,0,0,28,0,28,0,0,0,0,0,0,0,28,0,28,1,0,1,29
09/04/2011,STJ,MO,ACE,CE,Federal Contract Tower,0,0,1,0,1,0,0,25,0,25,0,0,26,0,26,12,0,12,38
09/05/2011,STJ,MO,ACE,CE,Federal Contract Tower,0,0,1,0,1,0,0,44,0,44,0,0,45,0,45,22,0,22,67
09/06/2011,STJ,MO,ACE,CE,Federal Contract Tower,0,0,4,3,7,0,0,46,7,53,0,0,50,10,60,6,10,16,76
09/07/2011,STJ,MO,ACE,CE,Federal Contract Tower,0,0,7,7,14,0,0,71,22,93,0,0,78,29,107,18,16,34,141
09/08/2011,STJ,MO,ACE,CE,Federal Contract Tower,0,0,12,5,17,0,0,48,8,56,0,0,60,13,73,14,2,16,89
09/09/2011,STJ,MO,ACE,CE,Federal Contract Tower,0,0,6,0,6,0,0,33,0,33,0,0,39,0,39,19,0,19,58
09/10/2011,STJ,MO,ACE,CE,Federal Contract Tower,0,0,5,0,5,0,0,36,14,50,0,0,41,14,55,8,6,14,69
09/11/2011,STJ,MO,ACE,CE,Federal Contract Tower,0,0,2,1,3,0,0,39,5,44,0,0,41,6,47,36,2,38,85
09/12/2011,STJ,MO,ACE,CE,Federal Contract Tower,0,0,5,6,11,0,0,37,8,45,0,0,42,14,56,16,0,16,72
09/13/2011,STJ,MO,ACE,CE,Federal Contract Tower,0,0,7,4,11,0,0,35,5,40,0,0,42,9,51,12,0,12,63
09/14/2011,STJ,MO,ACE,CE,Federal Contract Tower,0,0,8,7,15,1,0,23,34,58,1,0,31,41,73,4,36,40,113
09/15/2011,STJ,MO,ACE,CE,Federal Contract Tower,0,0,5,4,9,0,0,47,37,84,0,0,52,41,93,0,38,38,131
09/16/2011,STJ,MO,ACE,CE,Federal Contract Tower,0,0,5,2,7,0,0,14,2,16,0,0,19,4,23,17,1,18,41
09/17/2011,STJ,MO,ACE,CE,Federal Contract Tower,0,0,11,0,11,0,0,20,0,20,0,0,31,0,31,0,0,0,31
09/18/2011,STJ,MO,ACE,CE,Federal Contract Tower,0,0,3,0,3,0,0,3,0,3,0,0,6,0,6,0,0,0,6
09/19/2011,STJ,MO,ACE,CE,Federal Contract Tower,0,0,2,6,8,0,0,17,7,24,0,0,19,13,32,18,0,18,50
09/20/2011,STJ,MO,ACE,CE,Federal Contract Tower,0,0,10,6,16,0,0,27,8,35,0,0,37,14,51,46,49,95,146
09/21/2011,STJ,MO,ACE,CE,Federal Contract Tower,0,0,2,3,5,0,0,23,16,39,0,0,25,19,44,16,42,58,102
09/22/2011,STJ,MO,ACE,CE,Federal Contract Tower,0,0,20,4,24,0,0,70,30,100,0,0,90,34,124,66,74,140,264
09/23/2011,STJ,MO,ACE,CE,Federal Contract Tower,0,0,49,4,53,0,0,26,2,28,0,0,75,6,81,7,4,11,92
09/24/2011,STJ,MO,ACE,CE,Federal Contract Tower,0,0,5,1,6,0,0,44,1,45,0,0,49,2,51,6,0,6,57
09/25/2011,STJ,MO,ACE,CE,Federal Contract Tower,0,0,3,1,4,0,0,41,2,43,0,0,44,3,47,7,0,7,54
09/26/2011,STJ,MO,ACE,CE,Federal Contract Tower,0,0,17,3,20,0,0,49,4,53,0,0,66,7,73,36,2,38,111
09/27/2011,STJ,MO,ACE,CE,Federal Contract Tower,0,0,10,0,10,0,0,31,2,33,0,0,41,2,43,12,0,12,55
09/28/2011,STJ,MO,ACE,CE,Federal Contract Tower,0,0,21,0,21,1,0,49,0,50,1,0,70,0,71,22,0,22,93
09/29/2011,STJ,MO,ACE,CE,Federal Contract Tower,0,0,7,1,8,0,0,29,1,30,0,0,36,2,38,20,0,20,58
09/30/2011,STJ,MO,ACE,CE,Federal Contract Tower,0,0,9,1,10,0,2,29,1,32,0,2,38,2,42,21,0,21,63
10/01/2011,STJ,MO,ACE,CE,Federal Contract Tower,0,0,15,0,15,0,3,43,12,58,0,3,58,12,73,18,16,34,107
10/02/2011,STJ,MO,ACE,CE,Federal Contract Tower,0,0,4,0,4,0,0,17,0,17,0,0,21,0,21,14,0,14,35
10/03/2011,STJ,MO,ACE,CE,Federal Contract Tower,0,0,4,7,11,0,1,25,18,44,0,1,29,25,55,19,20,39,94
10/04/2011,STJ,MO,ACE,CE,Federal Contract Tower,0,0,11,21,32,0,0,36,17,53,0,0,47,38,85,15,34,49,134
10/05/2011,STJ,MO,ACE,CE,Federal Contract Tower,0,0,11,19,30,0,3,54,13,70,0,3,65,32,100,18,42,60,160
10/06/2011,STJ,MO,ACE,CE,Federal Contract Tower,0,2,14,4,20,0,2,30,18,50,0,4,44,22,70,0,54,54,124
10/07/2011,STJ,MO,ACE,CE,Federal Contract Tower,0,0,10,0,10,0,0,29,0,29,0,0,39,0,39,34,0,34,73
10/08/2011,STJ,MO,ACE,CE,Federal Contract Tower,0,0,2,0,2,0,1,13,0,14,0,1,15,0,16,16,0,16,32
10/09/2011,STJ,MO,ACE,CE,Federal Contract Tower,0,0,4,0,4,0,1,17,0,18,0,1,21,0,22,6,0,6,28
10/10/2011,STJ,MO,ACE,CE,Federal Contract Tower,0,0,12,0,12,0,0,25,10,35,0,0,37,10,47,0,0,0,47
10/11/2011,STJ,MO,ACE,CE,Federal Contract Tower,0,0,9,12,21,0,0,29,10,39,0,0,38,22,60,22,18,40,100
10/12/2011,STJ,MO,ACE,CE,Federal Contract Tower,0,0,6,21,27,0,1,21,21,43,0,1,27,42,70,54,18,72,142
10/13/2011,STJ,MO,ACE,CE,Federal Contract Tower,0,2,3,2,7,0,3,29,24,56,0,5,32,26,63,22,4,26,89
10/14/2011,STJ,MO,ACE,CE,Federal Contract Tower,0,0,12,0,12,0,1,21,1,23,0,1,33,1,35,7,0,7,42
10/15/2011,STJ,MO,ACE,CE,Federal Contract Tower,0,0,2,1,3,0,0,27,1,28,0,0,29,2,31,24,0,24,55
10/16/2011,STJ,MO,ACE,CE,Federal Contract Tower,0,0,7,0,7,0,0,32,0,32,0,0,39,0,39,6,0,6,45
10/17/2011,STJ,MO,ACE,CE,Federal Contract Tower,0,0,7,5,12,0,1,17,13,31,0,1,24,18,43,4,4,8,51
10/18/2011,STJ,MO,ACE,CE,Federal Contract Tower,0,0,10,6,16,0,0,19,9,28,0,0,29,15,44,12,4,16,60
10/19/2011,STJ,MO,ACE,CE,Federal Contract Tower,0,1,8,13,22,0,5,20,22,47,0,6,28,35,69,10,2,12,81
10/20/2011,STJ,MO,ACE,CE,Federal Contract Tower,0,0,7,2,9,0,0,26,13,39,0,0,33,15,48,32,2,34,82
10/21/2011,STJ,MO,ACE,CE,Federal Contract Tower,0,0,13,3,16,0,1,45,6,52,0,1,58,9,68,48,0,48,116
10/22/2011,STJ,MO,ACE,CE,Federal Contract Tower,0,0,2,0,2,0,0,34,0,34,0,0,36,0,36,20,0,20,56
10/23/2011,STJ,MO,ACE,CE,Federal Contract Tower,0,0,1,0,1,0,0,32,1,33,0,0,33,1,34,8,0,8,42
10/24/2011,STJ,MO,ACE,CE,Federal Contract Tower,0,0,4,10,14,0,3,38,19,60,0,3,42,29,74,40,16,56,130
10/25/2011,STJ,MO,ACE,CE,Federal Contract Tower,0,0,8,9,17,0,0,19,15,34,0,0,27,24,51,0,0,0,51
10/26/2011,STJ,MO,ACE,CE,Federal Contract Tower,0,0,4,16,20,0,0,18,21,39,0,0,22,37,59,20,4,24,83
10/27/2011,STJ,MO,ACE,CE,Federal Contract Tower,0,0,4,13,17,0,4,33,42,79,0,4,37,55,96,32,57,89,185
10/28/2011,STJ,MO,ACE,CE,Federal Contract Tower,0,0,3,2,5,0,0,32,3,35,0,0,35,5,40,46,0,46,86
10/29/2011,STJ,MO,ACE,CE,Federal Contract Tower,0,0,1,0,1,0,1,35,0,36,0,1,36,0,37,46,0,46,83
10/30/2011,STJ,MO,ACE,CE,Federal Contract Tower,0,0,3,0,3,0,0,30,0,30,0,0,33,0,33,19,0,19,52
10/31/2011,STJ,MO,ACE,CE,Federal Contract Tower,0,0,5,7,12,0,0,29,6,35,0,0,34,13,47,54,0,54,101
11/01/2011,STJ,MO,ACE,CE,Federal Contract Tower,0,0,11,14,25,0,2,26,13,41,0,2,37,27,66,12,26,38,104
11/02/2011,STJ,MO,ACE,CE,Federal Contract Tower,0,0,8,13,21,0,0,22,15,37,0,0,30,28,58,12,0,12,70
11/03/2011,STJ,MO,ACE,CE,Federal Contract Tower,0,0,8,12,20,0,4,14,12,30,0,4,22,24,50,10,0,10,60
11/04/2011,STJ,MO,ACE,CE,Federal Contract Tower,0,0,14,5,19,0,3,26,4,33,0,3,40,9,52,52,0,52,104
11/05/2011,STJ,MO,ACE,CE,Federal Contract Tower,0,0,5,1,6,0,0,17,2,19,0,0,22,3,25,6,0,6,31
11/06/2011,STJ,MO,ACE,CE,Federal Contract Tower,0,2,6,10,18,0,3,34,15,52,0,5,40,25,70,22,24,46,116
11/07/2011,STJ,MO,ACE,CE,Federal Contract Tower,0,0,6,9,15,0,0,9,16,25,0,0,15,25,40,14,12,26,66
11/08/2011,STJ,MO,ACE,CE,Federal Contract Tower,0,0,3,24,27,0,0,3,25,28,0,0,6,49,55,8,2,10,65
11/09/2011,STJ,MO,ACE,CE,Federal Contract Tower,0,0,6,11,17,0,0,16,26,42,0,0,22,37,59,5,73,78,137
11/10/2011,STJ,MO,ACE,CE,Federal Contract Tower,0,0,10,12,22,0,1,27,20,48,0,1,37,32,70,10,0,10,80
11/11/2011,STJ,MO,ACE,CE,Federal Contract Tower,0,0,6,0,6,0,2,19,0,21,0,2,25,0,27,10,0,10,37
11/12/2011,STJ,MO,ACE,CE,Federal Contract Tower,0,0,4,0,4,0,2,18,0,20,0,2,22,0,24,56,0,56,80
11/13/2011,STJ,MO,ACE,CE,Federal Contract Tower,0,0,3,0,3,0,4,24,0,28,0,4,27,0,31,54,0,54,85
11/14/2011,STJ,MO,ACE,CE,Federal Contract Tower,0,0,5,12,17,0,0,24,25,49,0,0,29,37,66,12,30,42,108
11/15/2011,STJ,MO,ACE,CE,Federal Contract Tower,0,0,22,34,56,0,0,37,34,71,0,0,59,68,127,34,45,79,206
11/16/2011,STJ,MO,ACE,CE,Federal Contract Tower,0,0,18,34,52,0,0,0,0,0,0,0,18,34,52,22,7,29,81
11/17/2011,STJ,MO,ACE,CE,Federal Contract Tower,0,0,17,3,20,0,0,35,3,38,0,0,52,6,58,22,0,22,80
11/18/2011,STJ,MO,ACE,CE,Federal Contract Tower,0,0,2,3,5,0,0,24,7,31,0,0,26,10,36,22,2,24,60
11/19/2011,STJ,MO,ACE,CE,Federal Contract Tower,0,0,3,0,3,0,1,11,0,12,0,1,14,0,15,0,0,0,15
11/20/2011,STJ,MO,ACE,CE,Federal Contract Tower,0,0,2,0,2,0,0,23,0,23,0,0,25,0,25,8,0,8,33
11/21/2011,STJ,MO,ACE,CE,Federal Contract Tower,0,0,9,0,9,1,2,12,0,15,1,2,21,0,24,48,0,48,72
11/22/2011,STJ,MO,ACE,CE,Federal Contract Tower,0,0,13,11,24,0,0,0,0,0,0,0,13,11,24,0,0,0,24
11/23/2011,STJ,MO,ACE,CE,Federal Contract Tower,0,0,13,0,13,0,1,33,0,34,0,1,46,0,47,16,0,16,63
11/24/2011,STJ,MO,ACE,CE,Federal Contract Tower,1,0,1,0,2,0,2,5,0,7,1,2,6,0,9,0,0,0,9
11/25/2011,STJ,MO,ACE,CE,Federal Contract Tower,0,0,4,0,4,0,0,5,0,5,0,0,9,0,9,0,0,0,9
11/26/2011,STJ,MO,ACE,CE,Federal Contract Tower,0,0,2,0,2,0,0,0,0,0,0,0,2,0,2,0,0,0,2
11/27/2011,STJ,MO,ACE,CE,Federal Contract Tower,0,2,24,0,26,0,0,0,0,0,0,2,24,0,26,17,0,17,43
11/28/2011,STJ,MO,ACE,CE,Federal Contract Tower,0,0,8,18,26,0,0,21,44,65,0,0,29,62,91,16,62,78,169
11/29/2011,STJ,MO,ACE,CE,Federal Contract Tower,0,0,6,8,14,1,0,11,18,30,1,0,17,26,44,28,16,44,88
11/30/2011,STJ,MO,ACE,CE,Federal Contract Tower,0,0,6,10,16,0,1,23,28,52,0,1,29,38,68,18,18,36,104
12/01/2011,STJ,MO,ACE,CE,Federal Contract Tower,0,0,9,0,9,0,1,23,11,35,0,1,32,11,44,0,4,4,48
12/02/2011,STJ,MO,ACE,CE,Federal Contract Tower,0,0,21,4,25,0,0,19,4,23,0,0,40,8,48,0,0,0,48
12/03/2011,STJ,MO,ACE,CE,Federal Contract Tower,0,0,4,5,9,0,0,0,0,0,0,0,4,5,9,0,0,0,9
12/04/2011,STJ,MO,ACE,CE,Federal Contract Tower,0,0,0,0,0,0,0,27,1,28,0,0,27,1,28,24,0,24,52
12/05/2011,STJ,MO,ACE,CE,Federal Contract Tower,0,0,14,12,26,0,3,16,23,42,0,3,30,35,68,0,45,45,113
12/06/2011,STJ,MO,ACE,CE,Federal Contract Tower,0,0,7,9,16,0,2,20,11,33,0,2,27,20,49,6,0,6,55
12/07/2011,STJ,MO,ACE,CE,Federal Contract Tower,0,0,10,7,17,0,1,18,10,29,0,1,28,17,46,10,12,22,68
12/08/2011,STJ,MO,ACE,CE,Federal Contract Tower,0,0,16,32,48,2,19,49,70,140,2,19,65,102,188,18,10,28,216
12/09/2011,STJ,MO,ACE,CE,Federal Contract Tower,0,0,8,4,12,0,2,24,4,30,0,2,32,8,42,12,6,18,60
12/10/2011,STJ,MO,ACE,CE,Federal Contract Tower,0,0,1,0,1,0,0,6,0,6,0,0,7,0,7,47,0,47,54
12/11/2011,STJ,MO,ACE,CE,Federal Contract Tower,0,0,3,0,3,0,0,7,0,7,0,0,10,0,10,10,0,10,20
12/12/2011,STJ,MO,ACE,CE,Federal Contract Tower,0,1,21,15,37,0,0,0,0,0,0,1,21,15,37,19,70,89,126
12/13/2011,STJ,MO,ACE,CE,Federal Contract Tower,0,0,4,34,38,0,0,4,34,38,0,0,8,68,76,0,0,0,76
12/14/2011,STJ,MO,ACE,CE,Federal Contract Tower,0,0,10,10,20,0,0,0,0,0,0,0,10,10,20,8,8,16,36
12/15/2011,STJ,MO,ACE,CE,Federal Contract Tower,0,0,11,3,14,0,2,17,13,32,0,2,28,16,46,14,56,70,116
12/16/2011,STJ,MO,ACE,CE,Federal Contract Tower,0,0,8,2,10,0,0,46,4,50,0,0,54,6,60,8,0,8,68
12/17/2011,STJ,MO,ACE,CE,Federal Contract Tower,0,0,3,0,3,0,0,43,0,43,0,0,46,0,46,48,0,48,94
12/18/2011,STJ,MO,ACE,CE,Federal Contract Tower,0,0,2,3,5,0,2,21,0,23,0,2,23,3,28,0,0,0,28
12/19/2011,STJ,MO,ACE,CE,Federal Contract Tower,1,0,6,0,7,0,4,11,0,15,1,4,17,0,22,24,0,24,46
12/20/2011,STJ,MO,ACE,CE,Federal Contract Tower,1,0,3,0,4,0,0,0,0,0,1,0,3,0,4,0,0,0,4
12/21/2011,STJ,MO,ACE,CE,Federal Contract Tower,0,0,8,15,23,0,4,37,19,60,0,4,45,34,83,26,38,64,147
12/22/2011,STJ,MO,ACE,CE,Federal Contract Tower,0,0,6,8,14,0,0,14,6,20,0,0,20,14,34,12,0,12,46
12/23/2011,STJ,MO,ACE,CE,Federal Contract Tower,0,2,7,0,9,0,4,33,0,37,0,6,40,0,46,48,6,54,100
12/24/2011,STJ,MO,ACE,CE,Federal Contract Tower,0,0,6,0,6,0,0,30,0,30,0,0,36,0,36,12,0,12,48
12/25/2011,STJ,MO,ACE,CE,Federal Contract Tower,0,0,0,0,0,0,0,3,0,3,0,0,3,0,3,0,0,0,3
12/26/2011,STJ,MO,ACE,CE,Federal Contract Tower,0,0,4,0,4,0,2,35,0,37,0,2,39,0,41,26,0,26,67
12/27/2011,STJ,MO,ACE,CE,Federal Contract Tower,0,1,33,7,41,0,0,0,0,0,0,1,33,7,41,20,30,50,91
12/28/2011,STJ,MO,ACE,CE,Federal Contract Tower,0,0,12,3,15,0,0,42,22,64,0,0,54,25,79,47,44,91,170
12/29/2011,STJ,MO,ACE,CE,Federal Contract Tower,0,0,41,43,84,0,0,36,31,67,0,0,77,74,151,11,11,22,173
12/30/2011,STJ,MO,ACE,CE,Federal Contract Tower,0,0,4,0,4,0,0,13,0,13,0,0,17,0,17,0,0,0,17
12/31/2011,STJ,MO,ACE,CE,Federal Contract Tower,0,0,0,0,0,0,0,12,1,13,0,0,12,1,13,24,13,37,50
01/01/2012,STJ,MO,ACE,CE,Federal Contract Tower,0,0,5,0,5,0,0,9,0,9,0,0,14,0,14,8,0,8,22
01/02/2012,STJ,MO,ACE,CE,Federal Contract Tower,0,0,1,2,3,0,2,14,2,18,0,2,15,4,21,12,0,12,33
01/03/2012,STJ,MO,ACE,CE,Federal Contract Tower,0,0,8,3,11,0,0,21,10,31,0,0,29,13,42,12,19,31,73
01/04/2012,STJ,MO,ACE,CE,Federal Contract Tower,0,0,2,8,10,0,1,20,19,40,0,1,22,27,50,28,64,92,142
01/05/2012,STJ,MO,ACE,CE,Federal Contract Tower,0,0,2,4,6,0,2,24,18,44,0,2,26,22,50,46,40,86,136
01/06/2012,STJ,MO,ACE,CE,Federal Contract Tower,0,0,9,9,18,0,1,24,11,36,0,1,33,20,54,39,14,53,107
01/07/2012,STJ,MO,ACE,CE,Federal Contract Tower,0,0,0,0,0,0,0,26,0,26,0,0,26,0,26,0,0,0,26
01/08/2012,STJ,MO,ACE,CE,Federal Contract Tower,0,0,4,1,5,0,0,19,1,20,0,0,23,2,25,18,0,18,43
01/09/2012,STJ,MO,ACE,CE,Federal Contract Tower,0,0,3,5,8,1,3,24,26,54,1,3,27,31,62,23,63,86,148
01/10/2012,STJ,MO,ACE,CE,Federal Contract Tower,0,0,12,17,29,2,0,49,22,73,2,0,61,39,102,24,2,26,128
01/11/2012,STJ,MO,ACE,CE,Federal Contract Tower,0,0,9,9,18,0,1,16,12,29,0,1,25,21,47,10,3,13,60
01/12/2012,STJ,MO,ACE,CE,Federal Contract Tower,0,0,7,7,14,0,0,8,6,14,0,0,15,13,28,0,0,0,28
01/13/2012,STJ,MO,ACE,CE,Federal Contract Tower,0,0,7,6,13,0,0,25,12,37,0,0,32,18,50,18,8,26,76
01/14/2012,STJ,MO,ACE,CE,Federal Contract Tower,0,0,2,0,2,0,1,36,0,37,0,1,38,0,39,0,0,0,39
01/15/2012,STJ,MO,ACE,CE,Federal Contract Tower,0,0,1,1,2,0,0,11,1,12,0,0,12,2,14,0,0,0,14
01/16/2012,STJ,MO,ACE,CE,Federal Contract Tower,0,0,1,0,1,0,1,20,0,21,0,1,21,0,22,20,0,20,42
01/17/2012,STJ,MO,ACE,CE,Federal Contract Tower,0,0,11,3,14,0,1,13,4,18,0,1,24,7,32,10,14,24,56
01/18/2012,STJ,MO,ACE,CE,Federal Contract Tower,0,0,7,13,20,0,1,13,15,29,0,1,20,28,49,0,34,34,83
01/19/2012,STJ,MO,ACE,CE,Federal Contract Tower,0,0,4,2,6,0,0,10,25,35,0,0,14,27,41,0,36,36,77
01/20/2012,STJ,MO,ACE,CE,Federal Contract Tower,0,0,6,4,10,0,0,6,4,10,0,0,12,8,20,0,0,0,20
01/21/2012,STJ,MO,ACE,CE,Federal Contract Tower,0,0,2,0,2,0,0,12,0,12,0,0,14,0,14,31,0,31,45
01/22/2012,STJ,MO,ACE,CE,Federal Contract Tower,0,0,0,1,1,0,0,0,0,0,0,0,0,1,1,0,1,1,2
01/23/2012,STJ,MO,ACE,CE,Federal Contract Tower,0,2,2,13,17,0,2,22,17,41,0,4,24,30,58,24,20,44,102
01/24/2012,STJ,MO,ACE,CE,Federal Contract Tower,0,0,14,16,30,0,1,33,18,52,0,1,47,34,82,16,62,78,160
01/25/2012,STJ,MO,ACE,CE,Federal Contract Tower,0,0,12,31,43,0,0,23,35,58,0,0,35,66,101,14,45,59,160
01/26/2012,STJ,MO,ACE,CE,Federal Contract Tower,0,0,7,12,19,0,0,13,22,35,0,0,20,34,54,0,24,24,78
01/27/2012,STJ,MO,ACE,CE,Federal Contract Tower,0,0,5,3,8,0,0,8,6,14,0,0,13,9,22,2,0,2,24
01/28/2012,STJ,MO,ACE,CE,Federal Contract Tower,0,0,6,0,6,0,0,41,0,41,0,0,47,0,47,3,0,3,50
01/29/2012,STJ,MO,ACE,CE,Federal Contract Tower,0,0,4,2,6,0,0,33,2,35,0,0,37,4,41,56,0,56,97
01/30/2012,STJ,MO,ACE,CE,Federal Contract Tower,0,0,7,9,16,0,0,23,8,31,0,0,30,17,47,0,58,58,105
01/31/2012,STJ,MO,ACE,CE,Federal Contract Tower,0,0,3,13,16,0,6,13,10,29,0,6,16,23,45,18,84,102,147
02/01/2012,STJ,MO,ACE,CE,Federal Contract Tower,0,0,4,6,10,0,3,32,20,55,0,3,36,26,65,28,19,47,112
02/02/2012,STJ,MO,ACE,CE,Federal Contract Tower,0,0,9,8,17,0,2,37,11,50,0,2,46,19,67,28,76,104,171
02/03/2012,STJ,MO,ACE,CE,Federal Contract Tower,0,0,1,0,1,0,0,2,0,2,0,0,3,0,3,0,0,0,3
02/04/2012,STJ,MO,ACE,CE,Federal Contract Tower,0,0,1,0,1,0,0,3,0,3,0,0,4,0,4,0,0,0,4
02/05/2012,STJ,MO,ACE,CE,Federal Contract Tower,0,1,4,1,6,0,1,46,1,48,0,2,50,2,54,52,0,52,106
02/06/2012,STJ,MO,ACE,CE,Federal Contract Tower,0,0,14,9,23,0,0,31,17,48,0,0,45,26,71,12,30,42,113
02/07/2012,STJ,MO,ACE,CE,Federal Contract Tower,0,0,6,24,30,0,0,6,24,30,0,0,12,48,60,0,0,0,60
02/08/2012,STJ,MO,ACE,CE,Federal Contract Tower,0,0,5,12,17,0,0,16,14,30,0,0,21,26,47,25,19,44,91
02/09/2012,STJ,MO,ACE,CE,Federal Contract Tower,0,0,10,10,20,0,2,17,22,41,0,2,27,32,61,4,70,74,135
02/10/2012,STJ,MO,ACE,CE,Federal Contract Tower,0,0,11,3,14,0,0,20,4,24,0,0,31,7,38,0,0,0,38
02/11/2012,STJ,MO,ACE,CE,Federal Contract Tower,0,0,6,0,6,0,3,27,0,30,0,3,33,0,36,2,15,17,53
02/12/2012,STJ,MO,ACE,CE,Federal Contract Tower,0,0,2,0,2,0,1,32,0,33,0,1,34,0,35,40,0,40,75
02/13/2012,STJ,MO,ACE,CE,Federal Contract Tower,0,0,2,5,7,0,0,2,5,7,0,0,4,10,14,0,0,0,14
02/14/2012,STJ,MO,ACE,CE,Federal Contract Tower,0,0,6,26,32,0,0,28,40,68,0,0,34,66,100,7,42,49,149
02/15/2012,STJ,MO,ACE,CE,Federal Contract Tower,0,0,3,4,7,0,0,5,4,9,0,0,8,8,16,0,0,0,16
02/16/2012,STJ,MO,ACE,CE,Federal Contract Tower,0,0,9,10,19,0,2,33,24,59,0,2,42,34,78,36,20,56,134
02/17/2012,STJ,MO,ACE,CE,Federal Contract Tower,0,0,10,12,22,0,8,40,12,60,0,8,50,24,82,12,0,12,94
02/18/2012,STJ,MO,ACE,CE,Federal Contract Tower,0,0,2,2,4,0,2,26,2,30,0,2,28,4,34,52,0,52,86
02/19/2012,STJ,MO,ACE,CE,Federal Contract Tower,0,0,7,0,7,0,1,42,0,43,0,1,49,0,50,78,0,78,128
02/20/2012,STJ,MO,ACE,CE,Federal Contract Tower,0,0,10,0,10,0,2,24,0,26,0,2,34,0,36,0,0,0,36
02/21/2012,STJ,MO,ACE,CE,Federal Contract Tower,0,0,6,15,21,0,1,9,19,29,0,1,15,34,50,4,0,4,54
02/22/2012,STJ,MO,ACE,CE,Federal Contract Tower,0,0,6,14,20,0,0,27,17,44,0,0,33,31,64,26,44,70,134
02/23/2012,STJ,MO,ACE,CE,Federal Contract Tower,0,0,4,14,18,0,2,7,17,26,0,2,11,31,44,12,6,18,62
02/24/2012,STJ,MO,ACE,CE,Federal Contract Tower,0,0,3,1,4,0,2,5,1,8,0,2,8,2,12,0,0,0,12
02/25/2012,STJ,MO,ACE,CE,Federal Contract Tower,0,0,7,1,8,0,0,44,1,45,0,0,51,2,53,8,8,16,69
02/26/2012,STJ,MO,ACE,CE,Federal Contract Tower,0,0,7,1,8,0,0,16,3,19,0,0,23,4,27,22,0,22,49
02/27/2012,STJ,MO,ACE,CE,Federal Contract Tower,0,0,1,8,9,0,0,18,24,42,0,0,19,32,51,0,54,54,105
02/28/2012,STJ,MO,ACE,CE,Federal Contract Tower,0,0,6,13,19,0,2,11,33,46,0,2,17,46,65,0,14,14,79
02/29/2012,STJ,MO,ACE,CE,Federal Contract Tower,0,0,5,3,8,0,2,6,3,11,0,2,11,6,19,0,0,0,19
03/01/2012,STJ,MO,ACE,CE,Federal Contract Tower,0,0,10,11,21,0,1,55,88,144,0,1,65,99,165,16,36,52,217
03/02/2012,STJ,MO,ACE,CE,Federal Contract Tower,0,0,4,0,4,0,0,5,0,5,0,0,9,0,9,0,0,0,9
03/03/2012,STJ,MO,ACE,CE,Federal Contract Tower,0,0,0,0,0,0,3,15,14,32,0,3,15,14,32,0,6,6,38
03/04/2012,STJ,MO,ACE,CE,Federal Contract Tower,0,0,1,1,2,0,0,21,3,24,0,0,22,4,26,26,0,26,52
03/05/2012,STJ,MO,ACE,CE,Federal Contract Tower,0,0,14,20,34,0,1,32,28,61,0,1,46,48,95,18,20,38,133
03/06/2012,STJ,MO,ACE,CE,Federal Contract Tower,0,0,5,7,12,2,2,11,20,35,2,2,16,27,47,0,6,6,53
03/07/2012,STJ,MO,ACE,CE,Federal Contract Tower,0,0,16,27,43,0,0,0,0,0,0,0,16,27,43,0,31,31,74
03/08/2012,STJ,MO,ACE,CE,Federal Contract Tower,0,0,11,11,22,0,0,29,26,55,0,0,40,37,77,26,18,44,121
03/09/2012,STJ,MO,ACE,CE,Federal Contract Tower,0,0,1,4,5,0,3,43,5,51,0,3,44,9,56,8,0,8,64
03/10/2012,STJ,MO,ACE,CE,Federal Contract Tower,0,0,2,2,4,0,0,33,2,35,0,0,35,4,39,18,0,18,57
03/11/2012,STJ,MO,ACE,CE,Federal Contract Tower,0,0,1,2,3,0,0,6,2,8,0,0,7,4,11,0,0,0,11
03/12/2012,STJ,MO,ACE,CE,Federal Contract Tower,0,0,13,10,23,0,2,31,14,47,0,2,44,24,70,4,8,12,82
03/13/2012,STJ,MO,ACE,CE,Federal Contract Tower,0,0,5,17,22,0,2,25,50,77,0,2,30,67,99,13,26,39,138
03/14/2012,STJ,MO,ACE,CE,Federal Contract Tower,0,2,24,42,68,0,0,12,21,33,0,2,36,63,101,0,15,15,116
03/15/2012,STJ,MO,ACE,CE,Federal Contract Tower,0,0,22,9,31,0,2,29,40,71,0,2,51,49,102,15,52,67,169
03/16/2012,STJ,MO,ACE,CE,Federal Contract Tower,0,0,9,3,12,0,1,26,3,30,0,1,35,6,42,12,0,12,54
03/17/2012,STJ,MO,ACE,CE,Federal Contract Tower,0,0,2,2,4,0,0,8,4,12,0,0,10,6,16,0,0,0,16
03/18/2012,STJ,MO,ACE,CE,Federal Contract Tower,0,0,3,0,3,0,1,5,0,6,0,1,8,0,9,0,0,0,9
03/19/2012,STJ,MO,ACE,CE,Federal Contract Tower,0,0,1,8,9,0,0,4,7,11,0,0,5,15,20,6,0,6,26
03/20/2012,STJ,MO,ACE,CE,Federal Contract Tower,0,0,8,50,58,0,0,0,0,0,0,0,8,50,58,0,0,0,58
03/21/2012,STJ,MO,ACE,CE,Federal Contract Tower,0,0,7,31,38,0,0,14,30,44,0,0,21,61,82,0,0,0,82
03/22/2012,STJ,MO,ACE,CE,Federal Contract Tower,0,0,5,16,21,0,0,13,41,54,0,0,18,57,75,14,18,32,107
03/23/2012,STJ,MO,ACE,CE,Federal Contract Tower,0,0,21,1,22,0,2,37,1,40,0,2,58,2,62,10,0,10,72
03/24/2012,STJ,MO,ACE,CE,Federal Contract Tower,0,0,3,1,4,0,0,60,1,61,0,0,63,2,65,20,0,20,85
03/25/2012,STJ,MO,ACE,CE,Federal Contract Tower,0,0,2,1,3,0,1,37,1,39,0,1,39,2,42,4,0,4,46
03/26/2012,STJ,MO,ACE,CE,Federal Contract Tower,0,2,37,22,61,0,0,26,40,66,0,2,63,62,127,8,17,25,152
03/27/2012,STJ,MO,ACE,CE,Federal Contract Tower,0,0,5,8,13,0,0,14,20,34,0,0,19,28,47,0,0,0,47
03/28/2012,STJ,MO,ACE,CE,Federal Contract Tower,0,0,15,7,22,0,3,43,33,79,0,3,58,40,101,4,10,14,115
03/29/2012,STJ,MO,ACE,CE,Federal Contract Tower,0,0,8,4,12,0,0,23,4,27,0,0,31,8,39,8,0,8,47
03/30/2012,STJ,MO,ACE,CE,Federal Contract Tower,0,0,12,3,15,0,1,33,3,37,0,1,45,6,52,18,0,18,70
03/31/2012,STJ,MO,ACE,CE,Federal Contract Tower,0,0,6,5,11,0,2,64,5,71,0,2,70,10,82,38,0,38,120
04/01/2012,STJ,MO,ACE,CE,Federal Contract Tower,0,0,6,2,8,0,0,26,2,28,0,0,32,4,36,22,0,22,58
04/02/2012,STJ,MO,ACE,CE,Federal Contract Tower,0,0,15,12,27,0,0,46,55,101,0,0,61,67,128,6,36,42,170
04/03/2012,STJ,MO,ACE,CE,Federal Contract Tower,0,0,5,7,12,0,0,29,20,49,0,0,34,27,61,0,20,20,81
04/04/2012,STJ,MO,ACE,CE,Federal Contract Tower,0,0,12,75,87,0,0,6,7,13,0,0,18,82,100,2,8,10,110
04/05/2012,STJ,MO,ACE,CE,Federal Contract Tower,0,0,19,14,33,0,4,33,18,55,0,4,52,32,88,10,20,30,118
04/06/2012,STJ,MO,ACE,CE,Federal Contract Tower,0,0,4,4,8,0,5,53,6,64,0,5,57,10,72,34,0,34,106
04/07/2012,STJ,MO,ACE,CE,Federal Contract Tower,0,0,2,0,2,0,0,14,0,14,0,0,16,0,16,0,0,0,16
04/08/2012,STJ,MO,ACE,CE,Federal Contract Tower,0,0,2,2,4,0,0,19,4,23,0,0,21,6,27,19,2,21,48
04/09/2012,STJ,MO,ACE,CE,Federal Contract Tower,0,0,7,33,40,0,4,29,53,86,0,4,36,86,126,24,64,88,214
04/10/2012,STJ,MO,ACE,CE,Federal Contract Tower,0,0,9,26,35,0,0,46,37,83,0,0,55,63,118,4,8,12,130
04/11/2012,STJ,MO,ACE,CE,Federal Contract Tower,0,0,6,18,24,0,0,36,19,55,0,0,42,37,79,12,0,12,91
04/12/2012,STJ,MO,ACE,CE,Federal Contract Tower,0,0,15,1,16,0,8,27,3,38,0,8,42,4,54,24,0,24,78
04/13/2012,STJ,MO,ACE,CE,Federal Contract Tower,0,0,4,2,6,0,4,15,17,36,0,4,19,19,42,0,0,0,42
04/14/2012,STJ,MO,ACE,CE,Federal Contract Tower,0,1,2,5,8,0,0,12,10,22,0,1,14,15,30,11,0,11,41
04/15/2012,STJ,MO,ACE,CE,Federal Contract Tower,0,0,0,5,5,0,0,1,5,6,0,0,1,10,11,0,0,0,11
04/16/2012,STJ,MO,ACE,CE,Federal Contract Tower,0,0,12,5,17,0,0,26,25,51,0,0,38,30,68,2,16,18,86
04/17/2012,STJ,MO,ACE,CE,Federal Contract Tower,0,0,18,18,36,0,3,51,25,79,0,3,69,43,115,4,62,66,181
04/18/2012,STJ,MO,ACE,CE,Federal Contract Tower,0,0,4,20,24,0,2,34,50,86,0,2,38,70,110,8,50,58,168
04/19/2012,STJ,MO,ACE,CE,Federal Contract Tower,0,0,8,11,19,0,2,22,15,39,0,2,30,26,58,12,1,13,71
04/20/2012,STJ,MO,ACE,CE,Federal Contract Tower,0,0,6,9,15,0,3,18,27,48,0,3,24,36,63,0,0,0,63
04/21/2012,STJ,MO,ACE,CE,Federal Contract Tower,0,0,8,4,12,0,1,75,4,80,0,1,83,8,92,11,0,11,103
04/22/2012,STJ,MO,ACE,CE,Federal Contract Tower,0,0,2,1,3,0,1,16,1,18,0,1,18,2,21,0,0,0,21
04/23/2012,STJ,MO,ACE,CE,Federal Contract Tower,0,0,63,66,129,0,0,28,20,48,0,0,91,86,177,22,21,43,220
04/24/2012,STJ,MO,ACE,CE,Federal Contract Tower,0,2,16,26,44,0,0,4,20,24,0,2,20,46,68,7,14,21,89
04/25/2012,STJ,MO,ACE,CE,Federal Contract Tower,0,0,7,14,21,0,2,42,6,50,0,2,49,20,71,24,41,65,136
04/26/2012,STJ,MO,ACE,CE,Federal Contract Tower,0,0,7,14,21,0,6,27,12,45,0,6,34,26,66,1,56,57,123
04/27/2012,STJ,MO,ACE,CE,Federal Contract Tower,0,0,4,5,9,0,2,4,5,11,0,2,8,10,20,0,0,0,20
04/28/2012,STJ,MO,ACE,CE,Federal Contract Tower,0,0,6,1,7,0,0,17,1,18,0,0,23,2,25,6,0,6,31
04/29/2012,STJ,MO,ACE,CE,Federal Contract Tower,0,0,3,2,5,0,0,3,2,5,0,0,6,4,10,0,0,0,10
04/30/2012,STJ,MO,ACE,CE,Federal Contract Tower,0,0,7,10,17,0,0,16,10,26,0,0,23,20,43,4,0,4,47
05/01/2012,STJ,MO,ACE,CE,Federal Contract Tower,0,1,30,4,35,0,0,11,3,14,0,1,41,7,49,4,0,4,53
05/02/2012,STJ,MO,ACE,CE,Federal Contract Tower,0,6,29,18,53,0,0,24,8,32,0,6,53,26,85,12,13,25,110
05/03/2012,STJ,MO,ACE,CE,Federal Contract Tower,0,0,10,12,22,0,0,82,45,127,0,0,92,57,149,2,8,10,159
05/04/2012,STJ,MO,ACE,CE,Federal Contract Tower,0,0,82,45,127,0,0,2,8,10,0,0,84,53,137,6,8,14,151
05/05/2012,STJ,MO,ACE,CE,Federal Contract Tower,0,0,1,0,1,0,1,99,9,109,0,1,100,9,110,114,28,142,252
05/06/2012,STJ,MO,ACE,CE,Federal Contract Tower,0,0,2,5,7,0,0,59,21,80,0,0,61,26,87,124,12,136,223
05/07/2012,STJ,MO,ACE,CE,Federal Contract Tower,0,0,5,13,18,0,0,26,20,46,0,0,31,33,64,16,2,18,82
05/08/2012,STJ,MO,ACE,CE,Federal Contract Tower,0,0,5,20,25,0,2,43,28,73,0,2,48,48,98,10,18,28,126
05/09/2012,STJ,MO,ACE,CE,Federal Contract Tower,0,0,4,4,8,0,0,41,10,51,0,0,45,14,59,12,8,20,79
05/10/2012,STJ,MO,ACE,CE,Federal Contract Tower,0,0,7,23,30,0,18,55,47,120,0,18,62,70,150,22,12,34,184
05/11/2012,STJ,MO,ACE,CE,Federal Contract Tower,0,0,10,4,14,0,5,40,5,50,0,5,50,9,64,30,0,30,94
05/12/2012,STJ,MO,ACE,CE,Federal Contract Tower,0,0,6,0,6,0,1,29,0,30,0,1,35,0,36,9,0,9,45
05/13/2012,STJ,MO,ACE,CE,Federal Contract Tower,0,0,36,0,36,0,0,1,0,1,0,0,37,0,37,31,0,31,68
05/14/2012,STJ,MO,ACE,CE,Federal Contract Tower,0,0,36,28,64,0,0,17,45,62,0,0,53,73,126,3,20,23,149
05/15/2012,STJ,MO,ACE,CE,Federal Contract Tower,0,0,3,21,24,0,3,38,39,80,0,3,41,60,104,6,28,34,138
05/16/2012,STJ,MO,ACE,CE,Federal Contract Tower,0,0,1,11,12,0,0,33,18,51,0,0,34,29,63,16,50,66,129
05/17/2012,STJ,MO,ACE,CE,Federal Contract Tower,0,3,19,30,52,0,0,4,22,26,0,3,23,52,78,4,22,26,104
05/18/2012,STJ,MO,ACE,CE,Federal Contract Tower,0,0,6,33,39,0,2,16,33,51,0,2,22,66,90,3,0,3,93
05/19/2012,STJ,MO,ACE,CE,Federal Contract Tower,0,0,5,0,5,0,0,14,0,14,0,0,19,0,19,3,0,3,22
05/20/2012,STJ,MO,ACE,CE,Federal Contract Tower,0,0,3,2,5,0,0,25,2,27,0,0,28,4,32,27,0,27,59
05/21/2012,STJ,MO,ACE,CE,Federal Contract Tower,0,0,12,14,26,0,0,33,14,47,0,0,45,28,73,12,0,12,85
05/22/2012,STJ,MO,ACE,CE,Federal Contract Tower,0,0,17,32,49,0,2,15,31,48,0,2,32,63,97,22,43,65,162
05/23/2012,STJ,MO,ACE,CE,Federal Contract Tower,0,2,16,43,61,0,0,0,20,20,0,2,16,63,81,11,23,34,115
05/24/2012,STJ,MO,ACE,CE,Federal Contract Tower,0,0,10,16,26,0,4,36,30,70,0,4,46,46,96,15,30,45,141
05/25/2012,STJ,MO,ACE,CE,Federal Contract Tower,0,0,21,2,23,0,0,47,2,49,0,0,68,4,72,0,0,0,72
05/26/2012,STJ,MO,ACE,CE,Federal Contract Tower,0,0,3,0,3,0,4,16,0,20,0,4,19,0,23,8,0,8,31
05/27/2012,STJ,MO,ACE,CE,Federal Contract Tower,0,0,5,5,10,0,0,8,4,12,0,0,13,9,22,0,0,0,22
05/28/2012,STJ,MO,ACE,CE,Federal Contract Tower,0,3,17,0,20,0,0,1,0,1,0,3,18,0,21,16,0,16,37
05/29/2012,STJ,MO,ACE,CE,Federal Contract Tower,0,0,5,14,19,0,1,32,10,43,0,1,37,24,62,10,4,14,76
05/30/2012,STJ,MO,ACE,CE,Federal Contract Tower,0,3,18,34,55,0,0,28,37,65,0,3,46,71,120,2,7,9,129
05/31/2012,STJ,MO,ACE,CE,Federal Contract Tower,0,0,3,10,13,0,1,14,12,27,0,1,17,22,40,2,0,2,42
06/01/2012,STJ,MO,ACE,CE,Federal Contract Tower,0,0,3,7,10,0,0,45,9,54,0,0,48,16,64,16,0,16,80
06/02/2012,STJ,MO,ACE,CE,Federal Contract Tower,0,0,9,0,9,0,1,30,0,31,0,1,39,0,40,28,0,28,68
06/03/2012,STJ,MO,ACE,CE,Federal Contract Tower,0,0,24,0,24,0,0,31,0,31,0,0,55,0,55,0,0,0,55
06/04/2012,STJ,MO,ACE,CE,Federal Contract Tower,0,0,13,5,18,0,0,33,5,38,0,0,46,10,56,26,0,26,82
06/05/2012,STJ,MO,ACE,CE,Federal Contract Tower,0,0,10,10,20,0,1,34,12,47,0,1,44,22,67,48,14,62,129
06/06/2012,STJ,MO,ACE,CE,Federal Contract Tower,0,0,32,9,41,0,0,26,18,44,0,0,58,27,85,8,10,18,103
06/07/2012,STJ,MO,ACE,CE,Federal Contract Tower,0,0,7,5,12,1,4,63,17,85,1,4,70,22,97,62,72,134,231
06/08/2012,STJ,MO,ACE,CE,Federal Contract Tower,0,0,7,2,9,0,0,30,2,32,0,0,37,4,41,58,0,58,99
06/09/2012,STJ,MO,ACE,CE,Federal Contract Tower,0,0,5,9,14,0,3,31,23,57,0,3,36,32,71,6,10,16,87
06/10/2012,STJ,MO,ACE,CE,Federal Contract Tower,0,0,4,2,6,0,1,15,2,18,0,1,19,4,24,4,0,4,28
06/11/2012,STJ,MO,ACE,CE,Federal Contract Tower,0,0,5,25,30,0,0,9,57,66,0,0,14,82,96,14,32,46,142
06/12/2012,STJ,MO,ACE,CE,Federal Contract Tower,0,3,34,44,81,0,1,10,24,35,0,4,44,68,116,28,54,82,198
06/13/2012,STJ,MO,ACE,CE,Federal Contract Tower,0,0,11,2,13,0,0,25,10,35,0,0,36,12,48,0,14,14,62
06/14/2012,STJ,MO,ACE,CE,Federal Contract Tower,0,0,16,25,41,0,2,24,69,95,0,2,40,94,136,12,70,82,218
06/15/2012,STJ,MO,ACE,CE,Federal Contract Tower,0,0,16,1,17,0,0,38,1,39,0,0,54,2,56,14,0,14,70
06/16/2012,STJ,MO,ACE,CE,Federal Contract Tower,0,0,3,0,3,0,0,24,0,24,0,0,27,0,27,10,0,10,37
06/17/2012,STJ,MO,ACE,CE,Federal Contract Tower,0,0,4,1,5,0,0,23,1,24,0,0,27,2,29,7,0,7,36
06/18/2012,STJ,MO,ACE,CE,Federal Contract Tower,0,0,12,11,23,0,0,16,39,55,0,0,28,50,78,10,10,20,98
06/19/2012,STJ,MO,ACE,CE,Federal Contract Tower,0,0,8,12,20,0,0,12,16,28,0,0,20,28,48,0,62,62,110
06/20/2012,STJ,MO,ACE,CE,Federal Contract Tower,0,0,3,12,15,0,1,14,18,33,0,1,17,30,48,2,35,37,85
06/21/2012,STJ,MO,ACE,CE,Federal Contract Tower,0,0,16,19,35,0,2,46,26,74,0,2,62,45,109,68,88,156,265
06/22/2012,STJ,MO,ACE,CE,Federal Contract Tower,0,0,8,25,33,0,0,39,6,45,0,0,47,31,78,26,20,46,124
06/23/2012,STJ,MO,ACE,CE,Federal Contract Tower,0,0,0,1,1,0,0,7,1,8,0,0,7,2,9,0,0,0,9
06/24/2012,STJ,MO,ACE,CE,Federal Contract Tower,0,0,1,1,2,0,0,10,1,11,0,0,11,2,13,2,0,2,15
06/25/2012,STJ,MO,ACE,CE,Federal Contract Tower,0,0,7,8,15,0,0,36,31,67,0,0,43,39,82,0,12,12,94
06/26/2012,STJ,MO,ACE,CE,Federal Contract Tower,0,0,11,6,17,0,2,12,10,24,0,2,23,16,41,0,30,30,71
06/27/2012,STJ,MO,ACE,CE,Federal Contract Tower,0,0,8,8,16,0,0,24,14,38,0,0,32,22,54,32,25,57,111
06/28/2012,STJ,MO,ACE,CE,Federal Contract Tower,0,2,15,11,28,0,2,9,6,17,0,4,24,17,45,12,65,77,122
06/29/2012,STJ,MO,ACE,CE,Federal Contract Tower,0,0,44,18,62,0,2,7,14,23,0,2,51,32,85,14,0,14,99
06/30/2012,STJ,MO,ACE,CE,Federal Contract Tower,0,0,2,1,3,0,2,19,1,22,0,2,21,2,25,16,0,16,41
07/01/2012,STJ,MO,ACE,CE,Federal Contract Tower,0,0,0,0,0,0,0,63,0,63,0,0,63,0,63,28,0,28,91
07/02/2012,STJ,MO,ACE,CE,Federal Contract Tower,0,0,6,4,10,0,1,40,6,47,0,1,46,10,57,8,0,8,65
07/03/2012,STJ,MO,ACE,CE,Federal Contract Tower,0,0,1,10,11,0,0,38,14,52,0,0,39,24,63,16,0,16,79
07/04/2012,STJ,MO,ACE,CE,Federal Contract Tower,0,3,2,1,6,0,2,20,1,23,0,5,22,2,29,8,0,8,37
07/05/2012,STJ,MO,ACE,CE,Federal Contract Tower,0,2,2,2,6,0,2,32,2,36,0,4,34,4,42,12,0,12,54
07/06/2012,STJ,MO,ACE,CE,Federal Contract Tower,0,0,6,8,14,0,0,48,10,58,0,0,54,18,72,6,4,10,82
07/07/2012,STJ,MO,ACE,CE,Federal Contract Tower,0,0,1,0,1,0,0,50,0,50,0,0,51,0,51,6,0,6,57
07/08/2012,STJ,MO,ACE,CE,Federal Contract Tower,0,0,2,1,3,0,0,31,1,32,0,0,33,2,35,10,0,10,45
07/09/2012,STJ,MO,ACE,CE,Federal Contract Tower,0,0,4,24,28,0,0,4,24,28,0,0,8,48,56,26,66,92,148
07/10/2012,STJ,MO,ACE,CE,Federal Contract Tower,0,0,8,34,42,0,1,49,41,91,0,1,57,75,133,8,59,67,200
07/11/2012,STJ,MO,ACE,CE,Federal Contract Tower,0,0,5,12,17,0,0,26,16,42,0,0,31,28,59,16,10,26,85
07/12/2012,STJ,MO,ACE,CE,Federal Contract Tower,0,0,5,10,15,0,4,44,20,68,0,4,49,30,83,40,16,56,139
07/13/2012,STJ,MO,ACE,CE,Federal Contract Tower,0,0,10,4,14,0,0,22,4,26,0,0,32,8,40,6,0,6,46
07/14/2012,STJ,MO,ACE,CE,Federal Contract Tower,0,0,2,0,2,0,0,39,0,39,0,0,41,0,41,28,0,28,69
07/15/2012,STJ,MO,ACE,CE,Federal Contract Tower,0,0,7,2,9,0,0,17,2,19,0,0,24,4,28,12,2,14,42
07/16/2012,STJ,MO,ACE,CE,Federal Contract Tower,0,0,13,7,20,0,0,28,20,48,0,0,41,27,68,2,22,24,92
07/17/2012,STJ,MO,ACE,CE,Federal Contract Tower,0,0,5,4,9,0,5,25,6,36,0,5,30,10,45,12,32,44,89
07/18/2012,STJ,MO,ACE,CE,Federal Contract Tower,0,0,9,22,31,0,4,27,32,63,0,4,36,54,94,4,74,78,172
07/19/2012,STJ,MO,ACE,CE,Federal Contract Tower,0,0,7,13,20,0,1,37,40,78,0,1,44,53,98,34,32,66,164
07/20/2012,STJ,MO,ACE,CE,Federal Contract Tower,0,2,24,4,30,0,0,6,4,10,0,2,30,8,40,0,0,0,40
07/21/2012,STJ,MO,ACE,CE,Federal Contract Tower,0,0,3,16,19,0,0,33,24,57,0,0,36,40,76,12,0,12,88
07/22/2012,STJ,MO,ACE,CE,Federal Contract Tower,0,0,3,1,4,0,0,13,1,14,0,0,16,2,18,12,0,12,30
07/23/2012,STJ,MO,ACE,CE,Federal Contract Tower,0,2,19,27,48,0,0,6,8,14,0,2,25,35,62,7,23,30,92
07/24/2012,STJ,MO,ACE,CE,Federal Contract Tower,0,0,9,1,10,0,0,37,11,48,0,0,46,12,58,18,52,70,128
07/25/2012,STJ,MO,ACE,CE,Federal Contract Tower,0,0,15,3,18,0,0,34,13,47,0,0,49,16,65,2,40,42,107
07/26/2012,STJ,MO,ACE,CE,Federal Contract Tower,0,0,6,9,15,0,1,38,39,78,0,1,44,48,93,21,36,57,150
07/27/2012,STJ,MO,ACE,CE,Federal Contract Tower,0,0,9,1,10,0,1,33,1,35,0,1,42,2,45,13,0,13,58
07/28/2012,STJ,MO,ACE,CE,Federal Contract Tower,0,0,0,0,0,0,2,15,1,18,0,2,15,1,18,27,0,27,45
07/29/2012,STJ,MO,ACE,CE,Federal Contract Tower,0,0,19,1,20,0,0,14,0,14,0,0,33,1,34,6,1,7,41
07/30/2012,STJ,MO,ACE,CE,Federal Contract Tower,0,0,9,15,24,0,2,22,16,40,0,2,31,31,64,10,34,44,108
07/31/2012,STJ,MO,ACE,CE,Federal Contract Tower,0,0,7,21,28,0,2,26,18,46,0,2,33,39,74,6,50,56,130
08/01/2012,STJ,MO,ACE,CE,Federal Contract Tower,0,2,8,22,32,0,2,44,47,93,0,4,52,69,125,2,17,19,144
08/02/2012,STJ,MO,ACE,CE,Federal Contract Tower,0,0,8,5,13,0,2,34,50,86,0,2,42,55,99,6,16,22,121
08/03/2012,STJ,MO,ACE,CE,Federal Contract Tower,0,0,46,12,58,0,0,15,8,23,0,0,61,20,81,16,2,18,99
08/04/2012,STJ,MO,ACE,CE,Federal Contract Tower,0,0,5,10,15,0,1,23,21,45,0,1,28,31,60,0,10,10,70
08/05/2012,STJ,MO,ACE,CE,Federal Contract Tower,0,0,3,1,4,0,3,31,1,35,0,3,34,2,39,18,0,18,57
08/06/2012,STJ,MO,ACE,CE,Federal Contract Tower,0,0,5,5,10,0,0,21,22,43,0,0,26,27,53,14,34,48,101
08/07/2012,STJ,MO,ACE,CE,Federal Contract Tower,0,0,13,23,36,0,0,13,23,36,0,0,26,46,72,70,28,98,170
08/08/2012,STJ,MO,ACE,CE,Federal Contract Tower,0,0,11,5,16,0,0,26,8,34,0,0,37,13,50,0,20,20,70
08/09/2012,STJ,MO,ACE,CE,Federal Contract Tower,0,0,11,4,15,0,4,16,37,57,0,4,27,41,72,8,4,12,84
08/10/2012,STJ,MO,ACE,CE,Federal Contract Tower,0,0,0,0,0,0,4,32,0,36,0,4,32,0,36,8,0,8,44
08/11/2012,STJ,MO,ACE,CE,Federal Contract Tower,0,0,6,0,6,0,2,31,0,33,0,2,37,0,39,46,0,46,85
08/12/2012,STJ,MO,ACE,CE,Federal Contract Tower,0,0,4,1,5,0,0,9,0,9,0,0,13,1,14,14,0,14,28
08/13/2012,STJ,MO,ACE,CE,Federal Contract Tower,0,0,4,7,11,0,2,16,11,29,0,2,20,18,40,6,22,28,68
08/14/2012,STJ,MO,ACE,CE,Federal Contract Tower,0,0,6,2,8,0,0,50,44,94,0,0,56,46,102,20,4,24,126
08/15/2012,STJ,MO,ACE,CE,Federal Contract Tower,0,0,13,5,18,0,1,38,26,65,0,1,51,31,83,24,14,38,121
08/16/2012,STJ,MO,ACE,CE,Federal Contract Tower,0,0,6,9,15,0,0,16,14,30,0,0,22,23,45,6,28,34,79
08/17/2012,STJ,MO,ACE,CE,Federal Contract Tower,0,0,7,11,18,0,1,60,0,61,0,1,67,11,79,37,14,51,130
08/18/2012,STJ,MO,ACE,CE,Federal Contract Tower,0,0,2,0,2,0,0,74,0,74,0,0,76,0,76,28,0,28,104
08/19/2012,STJ,MO,ACE,CE,Federal Contract Tower,0,0,6,1,7,0,2,18,0,20,0,2,24,1,27,38,0,38,65
08/20/2012,STJ,MO,ACE,CE,Federal Contract Tower,0,0,18,3,21,0,1,6,0,7,0,1,24,3,28,2,0,2,30
08/21/2012,STJ,MO,ACE,CE,Federal Contract Tower,0,0,9,1,10,0,1,8,1,10,0,1,17,2,20,37,0,37,57
08/22/2012,STJ,MO,ACE,CE,Federal Contract Tower,0,0,11,6,17,5,0,0,0,5,5,0,11,6,22,34,13,47,69
08/23/2012,STJ,MO,ACE,CE,Federal Contract Tower,0,0,7,10,17,0,0,21,50,71,0,0,28,60,88,4,28,32,120
08/24/2012,STJ,MO,ACE,CE,Federal Contract Tower,0,0,8,5,13,0,0,21,0,21,0,0,29,5,34,16,0,16,50
08/25/2012,STJ,MO,ACE,CE,Federal Contract Tower,0,0,3,1,4,0,0,6,0,6,0,0,9,1,10,0,0,0,10
08/26/2012,STJ,MO,ACE,CE,Federal Contract Tower,0,0,6,2,8,0,1,19,1,21,0,1,25,3,29,15,2,17,46
08/27/2012,STJ,MO,ACE,CE,Federal Contract Tower,0,0,9,14,23,0,2,22,8,32,0,2,31,22,55,8,14,22,77
08/28/2012,STJ,MO,ACE,CE,Federal Contract Tower,0,0,7,7,14,0,0,25,0,25,0,0,32,7,39,16,52,68,107
08/29/2012,STJ,MO,ACE,CE,Federal Contract Tower,0,0,11,5,16,0,0,31,7,38,0,0,42,12,54,21,15,36,90
08/30/2012,STJ,MO,ACE,CE,Federal Contract Tower,0,0,5,16,21,0,0,12,1,13,0,0,17,17,34,0,16,16,50
08/31/2012,STJ,MO,ACE,CE,Federal Contract Tower,0,0,6,2,8,0,0,9,0,9,0,0,15,2,17,4,0,4,21
09/01/2012,STJ,MO,ACE,CE,Federal Contract Tower,0,0,5,0,5,0,0,5,0,5,0,0,10,0,10,0,0,0,10
09/02/2012,STJ,MO,ACE,CE,Federal Contract Tower,0,0,3,0,3,0,0,17,0,17,0,0,20,0,20,14,0,14,34
09/03/2012,STJ,MO,ACE,CE,Federal Contract Tower,0,0,18,1,19,0,0,4,1,5,0,0,22,2,24,18,0,18,42
09/04/2012,STJ,MO,ACE,CE,Federal Contract Tower,0,0,8,1,9,2,0,0,0,2,2,0,8,1,11,20,0,20,31
09/05/2012,STJ,MO,ACE,CE,Federal Contract Tower,0,0,7,8,15,0,3,19,4,26,0,3,26,12,41,16,12,28,69
09/06/2012,STJ,MO,ACE,CE,Federal Contract Tower,0,0,10,5,15,0,0,9,7,16,0,0,19,12,31,11,18,29,60
09/07/2012,STJ,MO,ACE,CE,Federal Contract Tower,0,0,11,0,11,0,1,16,0,17,0,1,27,0,28,22,0,22,50
09/08/2012,STJ,MO,ACE,CE,Federal Contract Tower,0,0,1,7,8,0,2,31,7,40,0,2,32,14,48,16,4,20,68
09/09/2012,STJ,MO,ACE,CE,Federal Contract Tower,0,0,3,9,12,0,1,32,1,34,0,1,35,10,46,6,10,16,62
09/10/2012,STJ,MO,ACE,CE,Federal Contract Tower,0,0,5,21,26,0,0,10,7,17,0,0,15,28,43,22,27,49,92
09/11/2012,STJ,MO,ACE,CE,Federal Contract Tower,0,0,1,10,11,0,0,9,1,10,0,0,10,11,21,13,23,36,57
09/12/2012,STJ,MO,ACE,CE,Federal Contract Tower,0,0,13,9,22,0,1,30,5,36,0,1,43,14,58,30,16,46,104
09/13/2012,STJ,MO,ACE,CE,Federal Contract Tower,0,0,9,15,24,0,1,7,0,8,0,1,16,15,32,14,0,14,46
09/14/2012,STJ,MO,ACE,CE,Federal Contract Tower,0,0,12,11,23,0,0,21,1,22,0,0,33,12,45,40,8,48,93
09/15/2012,STJ,MO,ACE,CE,Federal Contract Tower,0,0,6,4,10,0,1,66,0,67,0,1,72,4,77,20,0,20,97
09/16/2012,STJ,MO,ACE,CE,Federal Contract Tower,0,0,3,1,4,0,0,4,0,4,0,0,7,1,8,10,0,10,18
09/17/2012,STJ,MO,ACE,CE,Federal Contract Tower,0,0,4,17,21,0,1,3,5,9,0,1,7,22,30,0,44,44,74
09/18/2012,STJ,MO,ACE,CE,Federal Contract Tower,0,0,11,6,17,0,1,33,1,35,0,1,44,7,52,21,39,60,112
09/19/2012,STJ,MO,ACE,CE,Federal Contract Tower,0,0,6,14,20,0,0,24,24,48,0,0,30,38,68,6,12,18,86
09/20/2012,STJ,MO,ACE,CE,Federal Contract Tower,0,0,10,1,11,0,1,29,28,58,0,1,39,29,69,16,36,52,121
09/21/2012,STJ,MO,ACE,CE,Federal Contract Tower,0,0,3,0,3,0,0,15,0,15,0,0,18,0,18,0,0,0,18
09/22/2012,STJ,MO,ACE,CE,Federal Contract Tower,0,1,3,1,5,0,1,43,0,44,0,2,46,1,49,30,0,30,79
09/23/2012,STJ,MO,ACE,CE,Federal Contract Tower,0,0,2,0,2,0,2,14,0,16,0,2,16,0,18,10,0,10,28
09/24/2012,STJ,MO,ACE,CE,Federal Contract Tower,0,0,12,6,18,0,0,32,8,40,0,0,44,14,58,0,0,0,58
09/25/2012,STJ,MO,ACE,CE,Federal Contract Tower,0,0,7,8,15,0,4,12,11,27,0,4,19,19,42,16,22,38,80
09/26/2012,STJ,MO,ACE,CE,Federal Contract Tower,0,0,5,3,8,0,0,9,0,9,0,0,14,3,17,10,0,10,27
09/27/2012,STJ,MO,ACE,CE,Federal Contract Tower,0,0,11,0,11,0,1,41,0,42,0,1,52,0,53,6,0,6,59
09/28/2012,STJ,MO,ACE,CE,Federal Contract Tower,0,0,15,15,30,0,0,17,7,24,0,0,32,22,54,15,12,27,81
09/29/2012,STJ,MO,ACE,CE,Federal Contract Tower,0,0,4,2,6,0,1,38,4,43,0,1,42,6,49,8,0,8,57
09/30/2012,STJ,MO,ACE,CE,Federal Contract Tower,0,0,1,0,1,0,0,37,0,37,0,0,38,0,38,8,0,8,46
10/01/2012,STJ,MO,ACE,CE,Federal Contract Tower,0,0,17,0,17,0,2,11,0,13,0,2,28,0,30,7,0,7,37
10/02/2012,STJ,MO,ACE,CE,Federal Contract Tower,0,0,9,6,15,0,2,49,4,55,0,2,58,10,70,31,6,37,107
10/03/2012,STJ,MO,ACE,CE,Federal Contract Tower,0,0,13,6,19,1,2,18,9,30,1,2,31,15,49,4,0,4,53
10/04/2012,STJ,MO,ACE,CE,Federal Contract Tower,0,0,12,2,14,0,0,6,0,6,0,0,18,2,20,0,0,0,20
10/05/2012,STJ,MO,ACE,CE,Federal Contract Tower,0,2,4,0,6,0,0,8,0,8,0,2,12,0,14,4,0,4,18
10/06/2012,STJ,MO,ACE,CE,Federal Contract Tower,0,0,4,0,4,0,2,40,0,42,0,2,44,0,46,8,0,8,54
10/07/2012,STJ,MO,ACE,CE,Federal Contract Tower,0,0,2,0,2,0,2,27,0,29,0,2,29,0,31,30,0,30,61
10/08/2012,STJ,MO,ACE,CE,Federal Contract Tower,0,0,10,0,10,0,0,6,0,6,0,0,16,0,16,12,0,12,28
10/09/2012,STJ,MO,ACE,CE,Federal Contract Tower,0,0,5,0,5,0,0,23,1,24,0,0,28,1,29,11,0,11,40
10/10/2012,STJ,MO,ACE,CE,Federal Contract Tower,0,0,7,5,12,0,0,12,3,15,0,0,19,8,27,22,0,22,49
10/11/2012,STJ,MO,ACE,CE,Federal Contract Tower,0,0,6,9,15,0,3,13,1,17,0,3,19,10,32,16,0,16,48
10/12/2012,STJ,MO,ACE,CE,Federal Contract Tower,0,0,5,2,7,0,2,14,0,16,0,2,19,2,23,0,0,0,23
10/13/2012,STJ,MO,ACE,CE,Federal Contract Tower,0,0,5,2,7,0,0,6,7,13,0,0,11,9,20,8,14,22,42
10/14/2012,STJ,MO,ACE,CE,Federal Contract Tower,0,0,1,7,8,0,0,0,0,0,0,0,1,7,8,5,1,6,14
10/15/2012,STJ,MO,ACE,CE,Federal Contract Tower,0,0,9,6,15,0,0,22,4,26,0,0,31,10,41,0,0,0,41
10/16/2012,STJ,MO,ACE,CE,Federal Contract Tower,0,0,2,12,14,0,0,15,0,15,0,0,17,12,29,0,0,0,29
10/17/2012,STJ,MO,ACE,CE,Federal Contract Tower,0,5,0,4,9,0,0,8,4,12,0,5,8,8,21,0,0,0,21
10/18/2012,STJ,MO,ACE,CE,Federal Contract Tower,0,0,8,4,12,0,0,12,9,21,0,0,20,13,33,0,2,2,35
10/19/2012,STJ,MO,ACE,CE,Federal Contract Tower,0,0,11,12,23,0,0,6,0,6,0,0,17,12,29,6,0,6,35
10/20/2012,STJ,MO,ACE,CE,Federal Contract Tower,0,0,17,2,19,0,0,63,0,63,0,0,80,2,82,8,2,10,92
10/21/2012,STJ,MO,ACE,CE,Federal Contract Tower,0,1,2,1,4,0,2,37,1,40,0,3,39,2,44,32,0,32,76
10/22/2012,STJ,MO,ACE,CE,Federal Contract Tower,0,2,26,4,32,0,0,14,0,14,0,2,40,4,46,14,0,14,60
10/23/2012,STJ,MO,ACE,CE,Federal Contract Tower,0,0,12,5,17,0,0,5,17,22,0,0,17,22,39,30,78,108,147
10/24/2012,STJ,MO,ACE,CE,Federal Contract Tower,0,0,16,12,28,0,0,11,20,31,0,0,27,32,59,0,11,11,70
10/25/2012,STJ,MO,ACE,CE,Federal Contract Tower,0,0,10,21,31,0,0,6,5,11,0,0,16,26,42,0,26,26,68
10/26/2012,STJ,MO,ACE,CE,Federal Contract Tower,0,0,12,2,14,0,0,19,0,19,0,0,31,2,33,0,0,0,33
10/27/2012,STJ,MO,ACE,CE,Federal Contract Tower,0,0,4,0,4,0,2,14,0,16,0,2,18,0,20,14,0,14,34
10/28/2012,STJ,MO,ACE,CE,Federal Contract Tower,0,0,1,0,1,0,0,22,0,22,0,0,23,0,23,20,0,20,43
10/29/2012,STJ,MO,ACE,CE,Federal Contract Tower,0,0,6,7,13,0,0,6,0,6,0,0,12,7,19,0,0,0,19
10/30/2012,STJ,MO,ACE,CE,Federal Contract Tower,0,0,23,23,46,0,0,6,5,11,0,0,29,28,57,2,10,12,69
10/31/2012,STJ,MO,ACE,CE,Federal Contract Tower,0,0,21,15,36,0,0,3,4,7,0,0,24,19,43,1,45,46,89
11/01/2012,STJ,MO,ACE,CE,Federal Contract Tower,0,0,7,7,14,0,1,13,14,28,0,1,20,21,42,0,33,33,75
11/02/2012,STJ,MO,ACE,CE,Federal Contract Tower,0,0,14,8,22,0,0,12,0,12,0,0,26,8,34,0,0,0,34
11/03/2012,STJ,MO,ACE,CE,Federal Contract Tower,0,0,7,6,13,0,0,35,7,42,0,0,42,13,55,6,26,32,87
11/04/2012,STJ,MO,ACE,CE,Federal Contract Tower,0,0,5,5,10,0,1,21,7,29,0,1,26,12,39,10,12,22,61
11/05/2012,STJ,MO,ACE,CE,Federal Contract Tower,0,0,1,0,1,0,0,0,0,0,0,0,1,0,1,6,0,6,7
11/06/2012,STJ,MO,ACE,CE,Federal Contract Tower,0,0,8,8,16,0,0,7,18,25,0,0,15,26,41,6,60,66,107
11/07/2012,STJ,MO,ACE,CE,Federal Contract Tower,0,0,15,4,19,0,0,24,4,28,0,0,39,8,47,18,34,52,99
11/08/2012,STJ,MO,ACE,CE,Federal Contract Tower,0,0,6,8,14,0,0,15,1,16,0,0,21,9,30,0,0,0,30
11/09/2012,STJ,MO,ACE,CE,Federal Contract Tower,0,0,3,0,3,0,1,17,0,18,0,1,20,0,21,38,0,38,59
11/10/2012,STJ,MO,ACE,CE,Federal Contract Tower,0,0,11,0,11,0,1,9,0,10,0,1,20,0,21,2,0,2,23
11/11/2012,STJ,MO,ACE,CE,Federal Contract Tower,0,0,2,0,2,0,0,1,0,1,0,0,3,0,3,8,0,8,11
11/12/2012,STJ,MO,ACE,CE,Federal Contract Tower,0,2,13,0,15,0,0,18,0,18,0,2,31,0,33,10,0,10,43
11/13/2012,STJ,MO,ACE,CE,Federal Contract Tower,0,0,13,9,22,0,3,33,19,55,0,3,46,28,77,8,30,38,115
11/14/2012,STJ,MO,ACE,CE,Federal Contract Tower,0,0,7,15,22,0,3,34,9,46,0,3,41,24,68,0,34,34,102
11/15/2012,STJ,MO,ACE,CE,Federal Contract Tower,0,0,9,4,13,0,2,17,15,34,0,2,26,19,47,0,82,82,129
11/16/2012,STJ,MO,ACE,CE,Federal Contract Tower,0,0,8,19,27,0,0,34,1,35,0,0,42,20,62,18,6,24,86
11/17/2012,STJ,MO,ACE,CE,Federal Contract Tower,1,0,3,0,4,0,0,23,0,23,1,0,26,0,27,12,0,12,39
11/18/2012,STJ,MO,ACE,CE,Federal Contract Tower,0,0,5,0,5,0,0,29,0,29,0,0,34,0,34,18,0,18,52
11/19/2012,STJ,MO,ACE,CE,Federal Contract Tower,0,0,7,0,7,0,0,20,0,20,0,0,27,0,27,24,2,26,53
11/20/2012,STJ,MO,ACE,CE,Federal Contract Tower,0,0,10,12,22,0,0,26,15,41,0,0,36,27,63,8,34,42,105
11/21/2012,STJ,MO,ACE,CE,Federal Contract Tower,0,0,2,1,3,0,1,22,1,24,0,1,24,2,27,2,0,2,29
11/22/2012,STJ,MO,ACE,CE,Federal Contract Tower,0,0,2,1,3,0,0,12,0,12,0,0,14,1,15,0,0,0,15
11/23/2012,STJ,MO,ACE,CE,Federal Contract Tower,0,0,10,0,10,4,0,11,0,15,4,0,21,0,25,10,0,10,35
11/24/2012,STJ,MO,ACE,CE,Federal Contract Tower,0,0,7,0,7,0,0,19,0,19,0,0,26,0,26,6,0,6,32
11/25/2012,STJ,MO,ACE,CE,Federal Contract Tower,0,0,2,0,2,0,0,28,0,28,0,0,30,0,30,52,0,52,82
11/26/2012,STJ,MO,ACE,CE,Federal Contract Tower,0,0,3,0,3,0,0,15,0,15,0,0,18,0,18,6,0,6,24
11/27/2012,STJ,MO,ACE,CE,Federal Contract Tower,0,0,11,6,17,0,0,22,13,35,0,0,33,19,52,0,24,24,76
11/28/2012,STJ,MO,ACE,CE,Federal Contract Tower,0,0,11,14,25,0,0,15,10,25,0,0,26,24,50,10,28,38,88
11/29/2012,STJ,MO,ACE,CE,Federal Contract Tower,0,0,3,6,9,0,1,30,6,37,0,1,33,12,46,2,28,30,76
11/30/2012,STJ,MO,ACE,CE,Federal Contract Tower,0,0,10,2,12,0,1,36,2,39,0,1,46,4,51,22,0,22,73
12/01/2012,STJ,MO,ACE,CE,Federal Contract Tower,0,0,12,1,13,0,0,5,0,5,0,0,17,1,18,0,0,0,18
12/02/2012,STJ,MO,ACE,CE,Federal Contract Tower,0,0,5,2,7,0,0,25,1,26,0,0,30,3,33,22,0,22,55
12/03/2012,STJ,MO,ACE,CE,Federal Contract Tower,0,0,5,3,8,0,0,8,2,10,0,0,13,5,18,0,0,0,18
12/04/2012,STJ,MO,ACE,CE,Federal Contract Tower,0,0,6,11,17,0,0,22,17,39,0,0,28,28,56,0,0,0,56
12/05/2012,STJ,MO,ACE,CE,Federal Contract Tower,0,0,9,4,13,0,0,21,26,47,0,0,30,30,60,6,8,14,74
12/06/2012,STJ,MO,ACE,CE,Federal Contract Tower,0,0,13,5,18,0,2,17,64,83,0,2,30,69,101,14,22,36,137
12/07/2012,STJ,MO,ACE,CE,Federal Contract Tower,0,0,17,8,25,0,0,6,8,14,0,0,23,16,39,0,0,0,39
12/08/2012,STJ,MO,ACE,CE,Federal Contract Tower,0,0,5,2,7,0,0,15,0,15,0,0,20,2,22,24,0,24,46
12/09/2012,STJ,MO,ACE,CE,Federal Contract Tower,0,0,3,0,3,0,1,3,0,4,0,1,6,0,7,0,0,0,7
12/10/2012,STJ,MO,ACE,CE,Federal Contract Tower,0,0,8,0,8,0,0,5,10,15,0,0,13,10,23,6,0,6,29
12/11/2012,STJ,MO,ACE,CE,Federal Contract Tower,0,0,5,16,21,0,0,22,28,50,0,0,27,44,71,10,20,30,101
12/12/2012,STJ,MO,ACE,CE,Federal Contract Tower,0,0,4,12,16,0,1,9,10,20,0,1,13,22,36,0,50,50,86
12/13/2012,STJ,MO,ACE,CE,Federal Contract Tower,0,0,7,9,16,0,0,40,17,57,0,0,47,26,73,6,26,32,105
12/14/2012,STJ,MO,ACE,CE,Federal Contract Tower,0,0,8,2,10,0,2,10,0,12,0,2,18,2,22,22,0,22,44
12/15/2012,STJ,MO,ACE,CE,Federal Contract Tower,0,0,6,0,6,0,0,1,0,1,0,0,7,0,7,0,0,0,7
12/16/2012,STJ,MO,ACE,CE,Federal Contract Tower,0,0,3,3,6,0,0,0,0,0,0,0,3,3,6,0,0,0,6
12/17/2012,STJ,MO,ACE,CE,Federal Contract Tower,0,0,5,2,7,0,0,1,0,1,0,0,6,2,8,0,0,0,8
12/18/2012,STJ,MO,ACE,CE,Federal Contract Tower,0,0,13,7,20,0,0,28,56,84,0,0,41,63,104,2,0,2,106
12/19/2012,STJ,MO,ACE,CE,Federal Contract Tower,0,0,6,17,23,0,0,8,17,25,0,0,14,34,48,0,42,42,90
12/20/2012,STJ,MO,ACE,CE,Federal Contract Tower,0,0,6,4,10,0,1,19,13,33,0,1,25,17,43,4,20,24,67
12/21/2012,STJ,MO,ACE,CE,Federal Contract Tower,0,0,9,0,9,0,0,9,0,9,0,0,18,0,18,16,0,16,34
12/22/2012,STJ,MO,ACE,CE,Federal Contract Tower,0,0,3,0,3,0,0,19,0,19,0,0,22,0,22,18,0,18,40
12/23/2012,STJ,MO,ACE,CE,Federal Contract Tower,0,0,2,0,2,0,0,5,0,5,0,0,7,0,7,18,0,18,25
12/24/2012,STJ,MO,ACE,CE,Federal Contract Tower,0,1,8,0,9,0,0,1,0,1,0,1,9,0,10,2,0,2,12
12/25/2012,STJ,MO,ACE,CE,Federal Contract Tower,0,0,1,0,1,0,0,0,0,0,0,0,1,0,1,0,0,0,1
12/26/2012,STJ,MO,ACE,CE,Federal Contract Tower,0,0,0,0,0,0,0,0,0,0,0,0,0,0,0,0,0,0,0
12/27/2012,STJ,MO,ACE,CE,Federal Contract Tower,0,0,1,0,1,0,0,10,0,10,0,0,11,0,11,8,0,8,19
12/28/2012,STJ,MO,ACE,CE,Federal Contract Tower,0,0,2,1,3,0,0,0,0,0,0,0,2,1,3,0,0,0,3
12/29/2012,STJ,MO,ACE,CE,Federal Contract Tower,0,0,0,0,0,0,2,12,0,14,0,2,12,0,14,36,0,36,50
12/30/2012,STJ,MO,ACE,CE,Federal Contract Tower,0,0,0,0,0,0,0,21,0,21,0,0,21,0,21,54,0,54,75
12/31/2012,STJ,MO,ACE,CE,Federal Contract Tower,0,0,7,2,9,0,0,9,2,11,0,0,16,4,20,5,0,5,25
01/01/2013,STJ,MO,ACE,CE,Federal Contract Tower,0,0,0,0,0,0,0,5,0,5,0,0,5,0,5,33,0,33,38
01/02/2013,STJ,MO,ACE,CE,Federal Contract Tower,0,0,1,0,1,0,0,3,0,3,0,0,4,0,4,44,0,44,48
01/03/2013,STJ,MO,ACE,CE,Federal Contract Tower,0,2,6,2,10,0,2,11,0,13,0,4,17,2,23,4,0,4,27
01/04/2013,STJ,MO,ACE,CE,Federal Contract Tower,0,0,1,6,7,0,2,31,0,33,0,2,32,6,40,24,0,24,64
01/05/2013,STJ,MO,ACE,CE,Federal Contract Tower,0,0,4,0,4,0,0,1,0,1,0,0,5,0,5,0,0,0,5
01/06/2013,STJ,MO,ACE,CE,Federal Contract Tower,0,0,1,0,1,0,4,21,0,25,0,4,22,0,26,31,0,31,57
01/07/2013,STJ,MO,ACE,CE,Federal Contract Tower,0,0,12,1,13,0,2,10,0,12,0,2,22,1,25,0,0,0,25
01/08/2013,STJ,MO,ACE,CE,Federal Contract Tower,0,0,15,5,20,0,4,50,18,72,0,4,65,23,92,8,54,62,154
01/09/2013,STJ,MO,ACE,CE,Federal Contract Tower,0,0,32,14,46,0,2,21,9,32,0,2,53,23,78,45,22,67,145
01/10/2013,STJ,MO,ACE,CE,Federal Contract Tower,0,0,0,0,0,0,0,6,19,25,0,0,6,19,25,0,0,0,25
01/11/2013,STJ,MO,ACE,CE,Federal Contract Tower,0,0,8,2,10,0,4,2,0,6,0,4,10,2,16,33,0,33,49
01/12/2013,STJ,MO,ACE,CE,Federal Contract Tower,0,0,2,0,2,0,0,14,0,14,0,0,16,0,16,10,0,10,26
01/13/2013,STJ,MO,ACE,CE,Federal Contract Tower,0,0,5,1,6,0,0,13,1,14,0,0,18,2,20,16,0,16,36
01/14/2013,STJ,MO,ACE,CE,Federal Contract Tower,0,0,1,12,13,0,0,13,1,14,0,0,14,13,27,4,0,4,31
01/15/2013,STJ,MO,ACE,CE,Federal Contract Tower,0,0,7,7,14,0,0,25,14,39,0,0,32,21,53,12,52,64,117
01/16/2013,STJ,MO,ACE,CE,Federal Contract Tower,0,0,9,10,19,0,0,8,12,20,0,0,17,22,39,6,44,50,89
01/17/2013,STJ,MO,ACE,CE,Federal Contract Tower,0,0,6,2,8,0,0,23,7,30,0,0,29,9,38,4,68,72,110
01/18/2013,STJ,MO,ACE,CE,Federal Contract Tower,0,0,2,0,2,0,2,9,1,12,0,2,11,1,14,0,0,0,14
01/19/2013,STJ,MO,ACE,CE,Federal Contract Tower,0,0,8,0,8,0,0,47,0,47,0,0,55,0,55,22,0,22,77
01/20/2013,STJ,MO,ACE,CE,Federal Contract Tower,0,0,2,0,2,0,0,20,0,20,0,0,22,0,22,0,0,0,22
01/21/2013,STJ,MO,ACE,CE,Federal Contract Tower,0,0,4,0,4,0,0,3,0,3,0,0,7,0,7,0,0,0,7
01/22/2013,STJ,MO,ACE,CE,Federal Contract Tower,0,0,20,11,31,0,1,8,9,18,0,1,28,20,49,22,38,60,109
01/23/2013,STJ,MO,ACE,CE,Federal Contract Tower,0,0,18,7,25,0,0,29,0,29,0,0,47,7,54,18,64,82,136
01/24/2013,STJ,MO,ACE,CE,Federal Contract Tower,0,0,5,11,16,0,2,12,12,26,0,2,17,23,42,0,80,80,122
01/25/2013,STJ,MO,ACE,CE,Federal Contract Tower,0,0,5,2,7,0,0,16,1,17,0,0,21,3,24,44,0,44,68
01/26/2013,STJ,MO,ACE,CE,Federal Contract Tower,0,0,1,2,3,0,0,23,0,23,0,0,24,2,26,8,0,8,34
01/27/2013,STJ,MO,ACE,CE,Federal Contract Tower,0,0,2,1,3,0,0,0,0,0,0,0,2,1,3,0,0,0,3
01/28/2013,STJ,MO,ACE,CE,Federal Contract Tower,0,3,15,2,20,0,0,10,0,10,0,3,25,2,30,14,0,14,44
01/29/2013,STJ,MO,ACE,CE,Federal Contract Tower,0,0,2,30,32,0,0,0,0,0,0,0,2,30,32,0,0,0,32
01/30/2013,STJ,MO,ACE,CE,Federal Contract Tower,0,0,4,0,4,0,0,1,0,1,0,0,5,0,5,0,0,0,5
01/31/2013,STJ,MO,ACE,CE,Federal Contract Tower,0,0,22,10,32,0,0,5,2,7,0,0,27,12,39,7,44,51,90
02/01/2013,STJ,MO,ACE,CE,Federal Contract Tower,0,0,4,1,5,0,0,14,17,31,0,0,18,18,36,24,0,24,60
02/02/2013,STJ,MO,ACE,CE,Federal Contract Tower,0,0,3,0,3,0,0,20,0,20,0,0,23,0,23,12,0,12,35
02/03/2013,STJ,MO,ACE,CE,Federal Contract Tower,0,0,4,1,5,0,2,32,0,34,0,2,36,1,39,42,0,42,81
02/04/2013,STJ,MO,ACE,CE,Federal Contract Tower,0,0,4,11,15,0,1,15,11,27,0,1,19,22,42,32,0,32,74
02/05/2013,STJ,MO,ACE,CE,Federal Contract Tower,0,0,16,5,21,0,2,34,6,42,0,2,50,11,63,12,56,68,131
02/06/2013,STJ,MO,ACE,CE,Federal Contract Tower,0,0,3,6,9,0,0,14,27,41,0,0,17,33,50,32,34,66,116
02/07/2013,STJ,MO,ACE,CE,Federal Contract Tower,0,0,9,16,25,0,0,19,7,26,0,0,28,23,51,16,16,32,83
02/08/2013,STJ,MO,ACE,CE,Federal Contract Tower,0,0,8,3,11,0,0,18,3,21,0,0,26,6,32,26,4,30,62
02/09/2013,STJ,MO,ACE,CE,Federal Contract Tower,0,0,1,2,3,0,0,13,0,13,0,0,14,2,16,12,0,12,28
02/10/2013,STJ,MO,ACE,CE,Federal Contract Tower,0,0,2,0,2,0,0,0,0,0,0,0,2,0,2,0,0,0,2
02/11/2013,STJ,MO,ACE,CE,Federal Contract Tower,0,0,3,5,8,0,0,9,0,9,0,0,12,5,17,59,0,59,76
02/12/2013,STJ,MO,ACE,CE,Federal Contract Tower,0,0,4,12,16,0,1,14,11,26,0,1,18,23,42,2,22,24,66
02/13/2013,STJ,MO,ACE,CE,Federal Contract Tower,0,0,4,10,14,0,1,10,9,20,0,1,14,19,34,22,20,42,76
02/14/2013,STJ,MO,ACE,CE,Federal Contract Tower,0,0,8,0,8,0,0,3,3,6,0,0,11,3,14,0,0,0,14
02/15/2013,STJ,MO,ACE,CE,Federal Contract Tower,0,0,5,1,6,0,1,9,4,14,0,1,14,5,20,22,10,32,52
02/16/2013,STJ,MO,ACE,CE,Federal Contract Tower,0,0,2,0,2,0,0,57,0,57,0,0,59,0,59,0,0,0,59
02/17/2013,STJ,MO,ACE,CE,Federal Contract Tower,0,0,1,0,1,0,0,39,0,39,0,0,40,0,40,48,0,48,88
02/18/2013,STJ,MO,ACE,CE,Federal Contract Tower,0,0,1,0,1,0,1,2,0,3,0,1,3,0,4,0,0,0,4
02/19/2013,STJ,MO,ACE,CE,Federal Contract Tower,0,0,5,12,17,0,1,10,5,16,0,1,15,17,33,18,42,60,93
02/20/2013,STJ,MO,ACE,CE,Federal Contract Tower,0,0,3,4,7,0,1,17,5,23,0,1,20,9,30,26,36,62,92
02/21/2013,STJ,MO,ACE,CE,Federal Contract Tower,0,0,0,0,0,0,0,0,0,0,0,0,0,0,0,0,0,0,0
02/22/2013,STJ,MO,ACE,CE,Federal Contract Tower,0,0,4,2,6,0,1,0,0,1,0,1,4,2,7,0,0,0,7
02/23/2013,STJ,MO,ACE,CE,Federal Contract Tower,0,0,0,1,1,0,0,9,0,9,0,0,9,1,10,28,0,28,38
02/24/2013,STJ,MO,ACE,CE,Federal Contract Tower,0,0,2,0,2,0,1,30,0,31,0,1,32,0,33,8,0,8,41
02/25/2013,STJ,MO,ACE,CE,Federal Contract Tower,0,0,3,0,3,0,0,8,2,10,0,0,11,2,13,5,0,5,18
02/26/2013,STJ,MO,ACE,CE,Federal Contract Tower,0,0,3,0,3,0,0,0,0,0,0,0,3,0,3,0,0,0,3
02/27/2013,STJ,MO,ACE,CE,Federal Contract Tower,0,0,4,0,4,0,0,0,0,0,0,0,4,0,4,0,0,0,4
02/28/2013,STJ,MO,ACE,CE,Federal Contract Tower,0,0,10,0,10,0,0,5,0,5,0,0,15,0,15,0,0,0,15
03/01/2013,STJ,MO,ACE,CE,Federal Contract Tower,0,0,4,0,4,0,0,3,7,10,0,0,7,7,14,0,78,78,92
03/02/2013,STJ,MO,ACE,CE,Federal Contract Tower,0,0,3,0,3,0,2,20,2,24,0,2,23,2,27,32,48,80,107
03/03/2013,STJ,MO,ACE,CE,Federal Contract Tower,0,0,6,0,6,0,3,21,0,24,0,3,27,0,30,2,0,2,32
03/04/2013,STJ,MO,ACE,CE,Federal Contract Tower,0,0,6,0,6,0,0,0,0,0,0,0,6,0,6,10,0,10,16
03/05/2013,STJ,MO,ACE,CE,Federal Contract Tower,0,0,9,6,15,0,0,4,3,7,0,0,13,9,22,2,4,6,28
03/06/2013,STJ,MO,ACE,CE,Federal Contract Tower,0,0,6,4,10,0,0,5,5,10,0,0,11,9,20,34,26,60,80
03/07/2013,STJ,MO,ACE,CE,Federal Contract Tower,0,0,5,7,12,0,0,12,7,19,0,0,17,14,31,36,8,44,75
03/08/2013,STJ,MO,ACE,CE,Federal Contract Tower,0,0,3,1,4,0,2,8,0,10,0,2,11,1,14,48,0,48,62
03/09/2013,STJ,MO,ACE,CE,Federal Contract Tower,0,0,8,0,8,0,0,0,0,0,0,0,8,0,8,0,0,0,8
03/10/2013,STJ,MO,ACE,CE,Federal Contract Tower,0,0,0,0,0,0,0,0,0,0,0,0,0,0,0,0,0,0,0
03/11/2013,STJ,MO,ACE,CE,Federal Contract Tower,0,0,4,0,4,0,0,4,0,4,0,0,8,0,8,40,0,40,48
03/12/2013,STJ,MO,ACE,CE,Federal Contract Tower,0,0,10,4,14,0,0,6,15,21,0,0,16,19,35,0,32,32,67
03/13/2013,STJ,MO,ACE,CE,Federal Contract Tower,0,0,11,9,20,0,2,35,8,45,0,2,46,17,65,6,14,20,85
03/14/2013,STJ,MO,ACE,CE,Federal Contract Tower,0,0,10,10,20,0,1,25,12,38,0,1,35,22,58,18,28,46,104
03/15/2013,STJ,MO,ACE,CE,Federal Contract Tower,0,0,6,10,16,0,0,14,1,15,0,0,20,11,31,16,22,38,69
03/16/2013,STJ,MO,ACE,CE,Federal Contract Tower,0,0,2,0,2,0,1,4,0,5,0,1,6,0,7,18,0,18,25
03/17/2013,STJ,MO,ACE,CE,Federal Contract Tower,6,0,0,0,6,0,1,1,0,2,6,1,1,0,8,0,0,0,8
03/18/2013,STJ,MO,ACE,CE,Federal Contract Tower,0,0,10,0,10,0,1,3,0,4,0,1,13,0,14,8,0,8,22
03/19/2013,STJ,MO,ACE,CE,Federal Contract Tower,0,0,4,0,4,0,0,16,15,31,0,0,20,15,35,32,8,40,75
03/20/2013,STJ,MO,ACE,CE,Federal Contract Tower,0,2,3,11,16,0,0,12,8,20,0,2,15,19,36,4,24,28,64
03/21/2013,STJ,MO,ACE,CE,Federal Contract Tower,0,0,4,4,8,0,0,5,5,10,0,0,9,9,18,10,4,14,32
03/22/2013,STJ,MO,ACE,CE,Federal Contract Tower,0,0,5,2,7,0,0,6,0,6,0,0,11,2,13,20,0,20,33
03/23/2013,STJ,MO,ACE,CE,Federal Contract Tower,0,0,2,0,2,0,0,0,0,0,0,0,2,0,2,0,0,0,2
03/24/2013,STJ,MO,ACE,CE,Federal Contract Tower,0,0,2,2,4,0,0,0,0,0,0,0,2,2,4,0,0,0,4
03/25/2013,STJ,MO,ACE,CE,Federal Contract Tower,0,0,3,0,3,0,0,5,0,5,0,0,8,0,8,0,0,0,8
03/26/2013,STJ,MO,ACE,CE,Federal Contract Tower,0,0,8,2,10,0,0,19,0,19,0,0,27,2,29,52,0,52,81
03/27/2013,STJ,MO,ACE,CE,Federal Contract Tower,0,0,15,8,23,0,0,11,10,21,0,0,26,18,44,24,0,24,68
03/28/2013,STJ,MO,ACE,CE,Federal Contract Tower,0,0,7,6,13,0,1,23,0,24,0,1,30,6,37,41,10,51,88
03/29/2013,STJ,MO,ACE,CE,Federal Contract Tower,0,0,1,4,5,0,0,7,39,46,0,0,8,43,51,32,14,46,97
03/30/2013,STJ,MO,ACE,CE,Federal Contract Tower,0,0,6,0,6,0,0,24,0,24,0,0,30,0,30,0,0,0,30
03/31/2013,STJ,MO,ACE,CE,Federal Contract Tower,0,0,1,0,1,0,0,13,0,13,0,0,14,0,14,2,0,2,16
04/01/2013,STJ,MO,ACE,CE,Federal Contract Tower,0,0,10,2,12,0,0,26,0,26,0,0,36,2,38,22,0,22,60
04/02/2013,STJ,MO,ACE,CE,Federal Contract Tower,0,0,4,7,11,0,0,20,2,22,0,0,24,9,33,9,6,15,48
04/03/2013,STJ,MO,ACE,CE,Federal Contract Tower,0,0,11,15,26,0,1,13,5,19,0,1,24,20,45,2,34,36,81
04/04/2013,STJ,MO,ACE,CE,Federal Contract Tower,0,0,16,9,25,0,0,28,10,38,0,0,44,19,63,8,16,24,87
04/05/2013,STJ,MO,ACE,CE,Federal Contract Tower,0,0,9,5,14,0,3,19,0,22,0,3,28,5,36,20,10,30,66
04/06/2013,STJ,MO,ACE,CE,Federal Contract Tower,0,0,3,11,14,0,0,7,2,9,0,0,10,13,23,2,8,10,33
04/07/2013,STJ,MO,ACE,CE,Federal Contract Tower,0,0,2,0,2,0,0,16,0,16,0,0,18,0,18,8,0,8,26
04/08/2013,STJ,MO,ACE,CE,Federal Contract Tower,0,0,6,2,8,0,1,8,0,9,0,1,14,2,17,2,0,2,19
04/09/2013,STJ,MO,ACE,CE,Federal Contract Tower,0,0,8,10,18,0,0,5,8,13,0,0,13,18,31,14,30,44,75
04/10/2013,STJ,MO,ACE,CE,Federal Contract Tower,0,0,7,14,21,0,0,1,0,1,0,0,8,14,22,8,0,8,30
04/11/2013,STJ,MO,ACE,CE,Federal Contract Tower,0,0,4,4,8,0,0,0,16,16,0,0,4,20,24,0,66,66,90
04/12/2013,STJ,MO,ACE,CE,Federal Contract Tower,0,0,9,3,12,0,4,7,0,11,0,4,16,3,23,9,6,15,38
04/13/2013,STJ,MO,ACE,CE,Federal Contract Tower,0,0,1,1,2,0,0,29,0,29,0,0,30,1,31,16,0,16,47
04/14/2013,STJ,MO,ACE,CE,Federal Contract Tower,0,0,0,0,0,0,0,0,0,0,0,0,0,0,0,0,0,0,0
04/15/2013,STJ,MO,ACE,CE,Federal Contract Tower,0,0,1,5,6,0,0,5,0,5,0,0,6,5,11,28,0,28,39
04/16/2013,STJ,MO,ACE,CE,Federal Contract Tower,0,0,11,2,13,0,0,10,3,13,0,0,21,5,26,8,64,72,98
04/17/2013,STJ,MO,ACE,CE,Federal Contract Tower,0,0,7,1,8,0,0,0,0,0,0,0,7,1,8,0,0,0,8
04/18/2013,STJ,MO,ACE,CE,Federal Contract Tower,0,0,13,15,28,0,1,1,15,17,0,1,14,30,45,3,32,35,80
04/19/2013,STJ,MO,ACE,CE,Federal Contract Tower,0,0,3,6,9,0,0,6,0,6,0,0,9,6,15,0,0,0,15
04/20/2013,STJ,MO,ACE,CE,Federal Contract Tower,0,0,4,1,5,0,0,41,0,41,0,0,45,1,46,20,0,20,66
04/21/2013,STJ,MO,ACE,CE,Federal Contract Tower,0,0,1,1,2,0,0,18,0,18,0,0,19,1,20,6,0,6,26
04/22/2013,STJ,MO,ACE,CE,Federal Contract Tower,0,0,10,0,10,0,0,14,0,14,0,0,24,0,24,7,0,7,31
04/23/2013,STJ,MO,ACE,CE,Federal Contract Tower,0,0,9,0,9,0,0,0,0,0,0,0,9,0,9,0,0,0,9
04/24/2013,STJ,MO,ACE,CE,Federal Contract Tower,0,0,3,12,15,0,0,21,1,22,0,0,24,13,37,25,41,66,103
04/25/2013,STJ,MO,ACE,CE,Federal Contract Tower,0,0,9,6,15,0,0,61,19,80,0,0,70,25,95,16,58,74,169
04/26/2013,STJ,MO,ACE,CE,Federal Contract Tower,0,0,10,6,16,0,2,4,0,6,0,2,14,6,22,2,12,14,36
04/27/2013,STJ,MO,ACE,CE,Federal Contract Tower,0,0,9,2,11,0,0,3,0,3,0,0,12,2,14,45,0,45,59
04/28/2013,STJ,MO,ACE,CE,Federal Contract Tower,0,0,4,1,5,0,1,15,2,18,0,1,19,3,23,14,0,14,37
04/29/2013,STJ,MO,ACE,CE,Federal Contract Tower,0,0,12,0,12,0,2,18,0,20,0,2,30,0,32,32,0,32,64
04/30/2013,STJ,MO,ACE,CE,Federal Contract Tower,0,0,7,8,15,0,0,9,4,13,0,0,16,12,28,0,40,40,68
05/01/2013,STJ,MO,ACE,CE,Federal Contract Tower,0,0,6,17,23,0,0,11,4,15,0,0,17,21,38,8,82,90,128
05/02/2013,STJ,MO,ACE,CE,Federal Contract Tower,0,0,9,0,9,0,0,0,0,0,0,0,9,0,9,0,0,0,9
05/03/2013,STJ,MO,ACE,CE,Federal Contract Tower,0,0,2,12,14,0,0,0,1,1,0,0,2,13,15,0,6,6,21
05/04/2013,STJ,MO,ACE,CE,Federal Contract Tower,0,0,2,0,2,0,0,0,0,0,0,0,2,0,2,0,0,0,2
05/05/2013,STJ,MO,ACE,CE,Federal Contract Tower,0,0,1,3,4,0,0,3,0,3,0,0,4,3,7,4,0,4,11
05/06/2013,STJ,MO,ACE,CE,Federal Contract Tower,0,0,1,17,18,0,0,6,0,6,0,0,7,17,24,35,10,45,69
05/07/2013,STJ,MO,ACE,CE,Federal Contract Tower,0,0,9,14,23,0,0,34,8,42,0,0,43,22,65,22,24,46,111
05/08/2013,STJ,MO,ACE,CE,Federal Contract Tower,0,0,0,0,0,0,0,24,18,42,0,0,24,18,42,0,54,54,96
05/09/2013,STJ,MO,ACE,CE,Federal Contract Tower,0,0,2,19,21,0,1,16,6,23,0,1,18,25,44,8,20,28,72
05/10/2013,STJ,MO,ACE,CE,Federal Contract Tower,0,0,8,5,13,0,2,21,1,24,0,2,29,6,37,28,4,32,69
05/11/2013,STJ,MO,ACE,CE,Federal Contract Tower,0,0,4,2,6,0,0,29,0,29,0,0,33,2,35,0,0,0,35
05/12/2013,STJ,MO,ACE,CE,Federal Contract Tower,0,0,1,0,1,0,0,27,0,27,0,0,28,0,28,36,0,36,64
05/13/2013,STJ,MO,ACE,CE,Federal Contract Tower,0,0,8,4,12,0,0,39,0,39,0,0,47,4,51,38,0,38,89
05/14/2013,STJ,MO,ACE,CE,Federal Contract Tower,0,0,3,12,15,0,0,23,16,39,0,0,26,28,54,0,16,16,70
05/15/2013,STJ,MO,ACE,CE,Federal Contract Tower,0,0,16,6,22,0,0,7,4,11,0,0,23,10,33,10,42,52,85
05/16/2013,STJ,MO,ACE,CE,Federal Contract Tower,0,0,8,15,23,0,0,20,11,31,0,0,28,26,54,25,39,64,118
05/17/2013,STJ,MO,ACE,CE,Federal Contract Tower,0,0,5,7,12,0,0,20,1,21,0,0,25,8,33,14,14,28,61
05/18/2013,STJ,MO,ACE,CE,Federal Contract Tower,0,0,2,0,2,0,0,37,0,37,0,0,39,0,39,12,0,12,51
05/19/2013,STJ,MO,ACE,CE,Federal Contract Tower,0,0,5,0,5,0,0,5,0,5,0,0,10,0,10,0,0,0,10
05/20/2013,STJ,MO,ACE,CE,Federal Contract Tower,0,0,9,1,10,0,1,28,1,30,0,1,37,2,40,0,0,0,40
05/21/2013,STJ,MO,ACE,CE,Federal Contract Tower,0,0,11,8,19,0,1,18,15,34,0,1,29,23,53,0,18,18,71
05/22/2013,STJ,MO,ACE,CE,Federal Contract Tower,0,0,6,3,9,0,1,21,10,32,0,1,27,13,41,30,8,38,79
05/23/2013,STJ,MO,ACE,CE,Federal Contract Tower,0,0,6,3,9,0,1,13,7,21,0,1,19,10,30,25,0,25,55
05/24/2013,STJ,MO,ACE,CE,Federal Contract Tower,0,0,8,6,14,0,0,36,1,37,0,0,44,7,51,20,2,22,73
05/25/2013,STJ,MO,ACE,CE,Federal Contract Tower,0,0,4,1,5,0,0,15,0,15,0,0,19,1,20,6,6,12,32
05/26/2013,STJ,MO,ACE,CE,Federal Contract Tower,0,0,2,0,2,0,0,9,0,9,0,0,11,0,11,16,0,16,27
05/27/2013,STJ,MO,ACE,CE,Federal Contract Tower,0,0,3,0,3,0,0,0,0,0,0,0,3,0,3,0,0,0,3
05/28/2013,STJ,MO,ACE,CE,Federal Contract Tower,0,0,4,5,9,0,0,13,8,21,0,0,17,13,30,10,0,10,40
05/29/2013,STJ,MO,ACE,CE,Federal Contract Tower,0,0,8,24,32,0,0,20,10,30,0,0,28,34,62,32,34,66,128
05/30/2013,STJ,MO,ACE,CE,Federal Contract Tower,0,0,10,2,12,0,0,4,2,6,0,0,14,4,18,0,38,38,56
05/31/2013,STJ,MO,ACE,CE,Federal Contract Tower,0,0,6,3,9,0,4,18,2,24,0,4,24,5,33,2,12,14,47
06/01/2013,STJ,MO,ACE,CE,Federal Contract Tower,0,0,11,1,12,0,0,14,0,14,0,0,25,1,26,4,0,4,30
06/02/2013,STJ,MO,ACE,CE,Federal Contract Tower,0,0,5,1,6,0,0,21,0,21,0,0,26,1,27,26,0,26,53
06/03/2013,STJ,MO,ACE,CE,Federal Contract Tower,0,0,6,0,6,0,0,18,0,18,0,0,24,0,24,38,0,38,62
06/04/2013,STJ,MO,ACE,CE,Federal Contract Tower,0,0,4,9,13,0,0,12,8,20,0,0,16,17,33,4,42,46,79
06/05/2013,STJ,MO,ACE,CE,Federal Contract Tower,0,0,2,15,17,0,1,12,1,14,0,1,14,16,31,28,92,120,151
06/06/2013,STJ,MO,ACE,CE,Federal Contract Tower,0,0,13,0,13,0,0,36,2,38,0,0,49,2,51,40,0,40,91
06/07/2013,STJ,MO,ACE,CE,Federal Contract Tower,0,0,12,2,14,0,3,38,0,41,0,3,50,2,55,40,0,40,95
06/08/2013,STJ,MO,ACE,CE,Federal Contract Tower,0,0,1,0,1,0,0,34,0,34,0,0,35,0,35,12,0,12,47
06/09/2013,STJ,MO,ACE,CE,Federal Contract Tower,0,0,6,0,6,0,0,10,0,10,0,0,16,0,16,16,0,16,32
06/10/2013,STJ,MO,ACE,CE,Federal Contract Tower,0,0,4,3,7,0,0,28,1,29,0,0,32,4,36,27,8,35,71
06/11/2013,STJ,MO,ACE,CE,Federal Contract Tower,0,0,7,15,22,0,0,6,9,15,0,0,13,24,37,2,42,44,81
06/12/2013,STJ,MO,ACE,CE,Federal Contract Tower,0,0,12,6,18,0,0,13,22,35,0,0,25,28,53,32,46,78,131
06/13/2013,STJ,MO,ACE,CE,Federal Contract Tower,0,0,7,8,15,0,0,31,72,103,0,0,38,80,118,4,25,29,147
06/14/2013,STJ,MO,ACE,CE,Federal Contract Tower,0,0,6,7,13,0,0,21,0,21,0,0,27,7,34,14,0,14,48
06/15/2013,STJ,MO,ACE,CE,Federal Contract Tower,0,0,0,0,0,0,0,21,0,21,0,0,21,0,21,8,0,8,29
06/16/2013,STJ,MO,ACE,CE,Federal Contract Tower,0,0,7,1,8,0,2,16,0,18,0,2,23,1,26,14,0,14,40
06/17/2013,STJ,MO,ACE,CE,Federal Contract Tower,0,0,0,0,0,0,0,13,0,13,0,0,13,0,13,6,0,6,19
06/18/2013,STJ,MO,ACE,CE,Federal Contract Tower,0,0,12,10,22,0,0,50,17,67,0,0,62,27,89,14,36,50,139
06/19/2013,STJ,MO,ACE,CE,Federal Contract Tower,0,0,14,8,22,0,0,29,12,41,0,0,43,20,63,11,42,53,116
06/20/2013,STJ,MO,ACE,CE,Federal Contract Tower,0,0,7,15,22,0,2,11,5,18,0,2,18,20,40,0,56,56,96
06/21/2013,STJ,MO,ACE,CE,Federal Contract Tower,0,1,6,5,12,0,0,23,3,26,0,1,29,8,38,16,8,24,62
06/22/2013,STJ,MO,ACE,CE,Federal Contract Tower,0,0,3,2,5,0,0,17,0,17,0,0,20,2,22,0,0,0,22
06/23/2013,STJ,MO,ACE,CE,Federal Contract Tower,0,0,3,1,4,0,0,4,0,4,0,0,7,1,8,0,0,0,8
06/24/2013,STJ,MO,ACE,CE,Federal Contract Tower,0,0,9,0,9,0,0,16,0,16,0,0,25,0,25,12,0,12,37
06/25/2013,STJ,MO,ACE,CE,Federal Contract Tower,0,0,9,7,16,0,0,7,0,7,0,0,16,7,23,0,38,38,61
06/26/2013,STJ,MO,ACE,CE,Federal Contract Tower,0,0,3,3,6,0,0,21,22,43,0,0,24,25,49,18,42,60,109
06/27/2013,STJ,MO,ACE,CE,Federal Contract Tower,0,0,5,14,19,0,0,10,8,18,0,0,15,22,37,0,20,20,57
06/28/2013,STJ,MO,ACE,CE,Federal Contract Tower,0,0,4,1,5,0,0,42,24,66,0,0,46,25,71,18,6,24,95
06/29/2013,STJ,MO,ACE,CE,Federal Contract Tower,0,0,5,2,7,0,1,24,0,25,0,1,29,2,32,2,0,2,34
06/30/2013,STJ,MO,ACE,CE,Federal Contract Tower,0,0,3,0,3,0,0,22,0,22,0,0,25,0,25,0,0,0,25
07/01/2013,STJ,MO,ACE,CE,Federal Contract Tower,0,0,2,0,2,0,0,14,0,14,0,0,16,0,16,44,0,44,60
07/02/2013,STJ,MO,ACE,CE,Federal Contract Tower,0,0,8,0,8,0,2,24,0,26,0,2,32,0,34,30,0,30,64
07/03/2013,STJ,MO,ACE,CE,Federal Contract Tower,0,0,2,6,8,0,0,23,8,31,0,0,25,14,39,98,32,130,169
07/04/2013,STJ,MO,ACE,CE,Federal Contract Tower,0,0,0,0,0,0,0,15,0,15,0,0,15,0,15,0,0,0,15
07/05/2013,STJ,MO,ACE,CE,Federal Contract Tower,0,0,17,0,17,0,0,28,0,28,0,0,45,0,45,50,0,50,95
07/06/2013,STJ,MO,ACE,CE,Federal Contract Tower,0,0,4,0,4,0,0,28,0,28,0,0,32,0,32,12,0,12,44
07/07/2013,STJ,MO,ACE,CE,Federal Contract Tower,0,0,5,0,5,0,0,10,0,10,0,0,15,0,15,8,0,8,23
07/08/2013,STJ,MO,ACE,CE,Federal Contract Tower,0,0,3,0,3,0,0,21,0,21,0,0,24,0,24,18,0,18,42
07/09/2013,STJ,MO,ACE,CE,Federal Contract Tower,0,0,7,12,19,0,0,17,25,42,0,0,24,37,61,12,42,54,115
07/10/2013,STJ,MO,ACE,CE,Federal Contract Tower,0,0,4,16,20,0,0,29,4,33,0,0,33,20,53,6,70,76,129
07/11/2013,STJ,MO,ACE,CE,Federal Contract Tower,0,0,6,4,10,0,4,32,2,38,0,4,38,6,48,32,36,68,116
07/12/2013,STJ,MO,ACE,CE,Federal Contract Tower,0,0,3,3,6,0,1,92,0,93,0,1,95,3,99,24,8,32,131
07/13/2013,STJ,MO,ACE,CE,Federal Contract Tower,0,0,6,3,9,0,0,85,0,85,0,0,91,3,94,16,0,16,110
07/14/2013,STJ,MO,ACE,CE,Federal Contract Tower,0,0,5,0,5,0,0,13,0,13,0,0,18,0,18,0,0,0,18
07/15/2013,STJ,MO,ACE,CE,Federal Contract Tower,0,0,12,4,16,0,1,33,0,34,0,1,45,4,50,0,0,0,50
07/16/2013,STJ,MO,ACE,CE,Federal Contract Tower,0,0,6,12,18,0,2,35,14,51,0,2,41,26,69,16,18,34,103
07/17/2013,STJ,MO,ACE,CE,Federal Contract Tower,0,0,5,16,21,0,2,26,17,45,0,2,31,33,66,16,38,54,120
07/18/2013,STJ,MO,ACE,CE,Federal Contract Tower,0,0,6,11,17,0,0,50,14,64,0,0,56,25,81,2,26,28,109
07/19/2013,STJ,MO,ACE,CE,Federal Contract Tower,0,0,2,7,9,0,0,18,0,18,0,0,20,7,27,10,2,12,39
07/20/2013,STJ,MO,ACE,CE,Federal Contract Tower,0,0,2,1,3,0,0,42,0,42,0,0,44,1,45,6,0,6,51
07/21/2013,STJ,MO,ACE,CE,Federal Contract Tower,0,0,6,2,8,0,0,29,0,29,0,0,35,2,37,8,0,8,45
07/22/2013,STJ,MO,ACE,CE,Federal Contract Tower,0,0,6,5,11,0,1,27,0,28,0,1,33,5,39,18,0,18,57
07/23/2013,STJ,MO,ACE,CE,Federal Contract Tower,0,0,6,6,12,1,0,38,20,59,1,0,44,26,71,36,22,58,129
07/24/2013,STJ,MO,ACE,CE,Federal Contract Tower,0,0,6,5,11,0,0,42,7,49,0,0,48,12,60,8,42,50,110
07/25/2013,STJ,MO,ACE,CE,Federal Contract Tower,0,0,3,7,10,0,0,54,10,64,0,0,57,17,74,10,50,60,134
07/26/2013,STJ,MO,ACE,CE,Federal Contract Tower,0,0,8,4,12,0,1,49,16,66,0,1,57,20,78,28,0,28,106
07/27/2013,STJ,MO,ACE,CE,Federal Contract Tower,0,0,0,0,0,0,0,102,0,102,0,0,102,0,102,2,0,2,104
07/28/2013,STJ,MO,ACE,CE,Federal Contract Tower,0,0,1,0,1,0,0,53,0,53,0,0,54,0,54,32,0,32,86
07/29/2013,STJ,MO,ACE,CE,Federal Contract Tower,0,0,10,0,10,0,0,0,0,0,0,0,10,0,10,0,0,0,10
07/30/2013,STJ,MO,ACE,CE,Federal Contract Tower,0,0,9,20,29,0,2,76,7,85,0,2,85,27,114,4,25,29,143
07/31/2013,STJ,MO,ACE,CE,Federal Contract Tower,0,0,12,17,29,0,0,27,19,46,0,0,39,36,75,0,42,42,117
08/01/2013,STJ,MO,ACE,CE,Federal Contract Tower,0,2,26,13,41,0,0,46,11,57,0,2,72,24,98,8,56,64,162
08/02/2013,STJ,MO,ACE,CE,Federal Contract Tower,0,5,19,15,39,0,0,31,3,34,0,5,50,18,73,16,10,26,99
08/03/2013,STJ,MO,ACE,CE,Federal Contract Tower,0,0,5,2,7,0,2,32,5,39,0,2,37,7,46,24,0,24,70
08/04/2013,STJ,MO,ACE,CE,Federal Contract Tower,0,0,3,0,3,0,0,18,0,18,0,0,21,0,21,0,0,0,21
08/05/2013,STJ,MO,ACE,CE,Federal Contract Tower,0,0,10,0,10,0,2,58,0,60,0,2,68,0,70,14,4,18,88
08/06/2013,STJ,MO,ACE,CE,Federal Contract Tower,0,0,12,20,32,0,0,46,7,53,0,0,58,27,85,10,45,55,140
08/07/2013,STJ,MO,ACE,CE,Federal Contract Tower,0,0,3,19,22,0,0,32,5,37,0,0,35,24,59,14,33,47,106
08/08/2013,STJ,MO,ACE,CE,Federal Contract Tower,0,0,5,15,20,0,1,29,6,36,0,1,34,21,56,30,69,99,155
08/09/2013,STJ,MO,ACE,CE,Federal Contract Tower,0,0,9,12,21,0,0,69,12,81,0,0,78,24,102,28,18,46,148
08/10/2013,STJ,MO,ACE,CE,Federal Contract Tower,0,0,5,0,5,0,0,79,0,79,0,0,84,0,84,28,0,28,112
08/11/2013,STJ,MO,ACE,CE,Federal Contract Tower,0,0,7,0,7,0,1,46,2,49,0,1,53,2,56,10,4,14,70
08/12/2013,STJ,MO,ACE,CE,Federal Contract Tower,0,0,6,4,10,0,1,7,0,8,0,1,13,4,18,0,0,0,18
08/13/2013,STJ,MO,ACE,CE,Federal Contract Tower,0,0,10,12,22,0,0,45,12,57,0,0,55,24,79,47,34,81,160
08/14/2013,STJ,MO,ACE,CE,Federal Contract Tower,0,0,7,4,11,0,0,39,22,61,0,0,46,26,72,32,4,36,108
08/15/2013,STJ,MO,ACE,CE,Federal Contract Tower,0,6,9,18,33,0,1,12,22,35,0,7,21,40,68,2,44,46,114
08/16/2013,STJ,MO,ACE,CE,Federal Contract Tower,0,0,11,4,15,0,1,39,1,41,0,1,50,5,56,20,6,26,82
08/17/2013,STJ,MO,ACE,CE,Federal Contract Tower,0,0,2,0,2,0,4,41,0,45,0,4,43,0,47,2,0,2,49
08/18/2013,STJ,MO,ACE,CE,Federal Contract Tower,0,0,1,1,2,0,0,40,1,41,0,0,41,2,43,31,0,31,74
08/19/2013,STJ,MO,ACE,CE,Federal Contract Tower,0,0,5,4,9,0,0,30,0,30,0,0,35,4,39,46,0,46,85
08/20/2013,STJ,MO,ACE,CE,Federal Contract Tower,0,0,1,11,12,0,0,20,7,27,0,0,21,18,39,16,24,40,79
08/21/2013,STJ,MO,ACE,CE,Federal Contract Tower,0,0,10,8,18,0,0,32,2,34,0,0,42,10,52,0,28,28,80
08/22/2013,STJ,MO,ACE,CE,Federal Contract Tower,0,0,8,12,20,0,0,55,12,67,0,0,63,24,87,56,54,110,197
08/23/2013,STJ,MO,ACE,CE,Federal Contract Tower,0,0,2,7,9,0,1,21,1,23,0,1,23,8,32,0,2,2,34
08/24/2013,STJ,MO,ACE,CE,Federal Contract Tower,0,0,3,0,3,0,0,15,0,15,0,0,18,0,18,56,0,56,74
08/25/2013,STJ,MO,ACE,CE,Federal Contract Tower,0,0,2,0,2,0,0,13,0,13,0,0,15,0,15,0,0,0,15
08/26/2013,STJ,MO,ACE,CE,Federal Contract Tower,0,3,10,6,19,0,0,28,1,29,0,3,38,7,48,4,0,4,52
08/27/2013,STJ,MO,ACE,CE,Federal Contract Tower,0,0,34,10,44,0,0,24,3,27,0,0,58,13,71,18,53,71,142
08/28/2013,STJ,MO,ACE,CE,Federal Contract Tower,0,0,8,13,21,0,1,20,5,26,0,1,28,18,47,20,30,50,97
08/29/2013,STJ,MO,ACE,CE,Federal Contract Tower,0,0,5,1,6,0,0,25,0,25,0,0,30,1,31,14,0,14,45
08/30/2013,STJ,MO,ACE,CE,Federal Contract Tower,0,0,3,3,6,0,0,7,0,7,0,0,10,3,13,31,0,31,44
08/31/2013,STJ,MO,ACE,CE,Federal Contract Tower,0,0,5,0,5,0,0,25,0,25,0,0,30,0,30,12,0,12,42
09/01/2013,STJ,MO,ACE,CE,Federal Contract Tower,0,0,3,2,5,0,0,3,0,3,0,0,6,2,8,0,0,0,8
09/02/2013,STJ,MO,ACE,CE,Federal Contract Tower,0,0,5,0,5,0,3,14,0,17,0,3,19,0,22,10,0,10,32
09/03/2013,STJ,MO,ACE,CE,Federal Contract Tower,0,0,3,12,15,0,0,15,10,25,0,0,18,22,40,54,44,98,138
09/04/2013,STJ,MO,ACE,CE,Federal Contract Tower,0,0,7,6,13,0,0,22,6,28,0,0,29,12,41,12,28,40,81
09/05/2013,STJ,MO,ACE,CE,Federal Contract Tower,0,0,7,1,8,0,2,19,5,26,0,2,26,6,34,14,44,58,92
09/06/2013,STJ,MO,ACE,CE,Federal Contract Tower,0,1,12,5,18,0,0,30,3,33,0,1,42,8,51,13,0,13,64
09/07/2013,STJ,MO,ACE,CE,Federal Contract Tower,0,0,2,10,12,0,0,10,6,16,0,0,12,16,28,18,30,48,76
09/08/2013,STJ,MO,ACE,CE,Federal Contract Tower,0,0,0,4,4,0,0,10,2,12,0,0,10,6,16,18,0,18,34
09/09/2013,STJ,MO,ACE,CE,Federal Contract Tower,0,0,4,2,6,0,2,12,0,14,0,2,16,2,20,8,0,8,28
09/10/2013,STJ,MO,ACE,CE,Federal Contract Tower,0,0,15,10,25,0,0,30,8,38,0,0,45,18,63,24,22,46,109
09/11/2013,STJ,MO,ACE,CE,Federal Contract Tower,0,0,8,14,22,0,0,20,4,24,0,0,28,18,46,34,74,108,154
09/12/2013,STJ,MO,ACE,CE,Federal Contract Tower,0,0,3,8,11,0,0,17,11,28,0,0,20,19,39,30,66,96,135
09/13/2013,STJ,MO,ACE,CE,Federal Contract Tower,0,0,4,9,13,0,0,13,0,13,0,0,17,9,26,30,4,34,60
09/14/2013,STJ,MO,ACE,CE,Federal Contract Tower,0,0,9,1,10,0,0,41,0,41,0,0,50,1,51,8,0,8,59
09/15/2013,STJ,MO,ACE,CE,Federal Contract Tower,0,0,1,2,3,0,0,13,0,13,0,0,14,2,16,8,0,8,24
09/16/2013,STJ,MO,ACE,CE,Federal Contract Tower,0,0,13,6,19,0,0,27,0,27,0,0,40,6,46,19,0,19,65
09/17/2013,STJ,MO,ACE,CE,Federal Contract Tower,0,0,13,14,27,0,0,8,6,14,0,0,21,20,41,2,30,32,73
09/18/2013,STJ,MO,ACE,CE,Federal Contract Tower,0,0,9,3,12,0,0,17,15,32,0,0,26,18,44,14,42,56,100
09/19/2013,STJ,MO,ACE,CE,Federal Contract Tower,0,0,9,8,17,0,0,8,2,10,0,0,17,10,27,6,6,12,39
09/20/2013,STJ,MO,ACE,CE,Federal Contract Tower,0,0,13,1,14,0,0,38,1,39,0,0,51,2,53,0,0,0,53
09/21/2013,STJ,MO,ACE,CE,Federal Contract Tower,0,0,1,1,2,0,0,31,3,34,0,0,32,4,36,0,0,0,36
09/22/2013,STJ,MO,ACE,CE,Federal Contract Tower,0,0,4,0,4,0,2,32,0,34,0,2,36,0,38,2,0,2,40
09/23/2013,STJ,MO,ACE,CE,Federal Contract Tower,0,0,6,4,10,0,0,5,0,5,0,0,11,4,15,24,0,24,39
09/24/2013,STJ,MO,ACE,CE,Federal Contract Tower,0,0,11,7,18,0,0,0,0,0,0,0,11,7,18,44,18,62,80
09/25/2013,STJ,MO,ACE,CE,Federal Contract Tower,0,0,15,10,25,0,0,21,0,21,0,0,36,10,46,20,0,20,66
09/26/2013,STJ,MO,ACE,CE,Federal Contract Tower,0,0,9,10,19,0,0,16,13,29,0,0,25,23,48,10,6,16,64
09/27/2013,STJ,MO,ACE,CE,Federal Contract Tower,0,0,10,2,12,0,0,11,4,15,0,0,21,6,27,4,37,41,68
09/28/2013,STJ,MO,ACE,CE,Federal Contract Tower,0,0,3,1,4,0,0,8,0,8,0,0,11,1,12,8,0,8,20
09/29/2013,STJ,MO,ACE,CE,Federal Contract Tower,0,0,0,0,0,0,2,26,0,28,0,2,26,0,28,32,0,32,60
09/30/2013,STJ,MO,ACE,CE,Federal Contract Tower,0,0,5,0,5,0,0,33,0,33,0,0,38,0,38,36,0,36,74
10/01/2013,STJ,MO,ACE,CE,Federal Contract Tower,0,0,20,0,20,0,0,7,0,7,0,0,27,0,27,8,0,8,35
10/02/2013,STJ,MO,ACE,CE,Federal Contract Tower,0,0,17,4,21,0,0,11,0,11,0,0,28,4,32,28,0,28,60
10/03/2013,STJ,MO,ACE,CE,Federal Contract Tower,0,2,6,0,8,0,0,3,0,3,0,2,9,0,11,0,0,0,11
10/04/2013,STJ,MO,ACE,CE,Federal Contract Tower,0,1,10,0,11,0,0,11,0,11,0,1,21,0,22,0,0,0,22
10/05/2013,STJ,MO,ACE,CE,Federal Contract Tower,0,0,1,0,1,0,0,10,0,10,0,0,11,0,11,0,0,0,11
10/06/2013,STJ,MO,ACE,CE,Federal Contract Tower,0,0,0,0,0,0,2,8,0,10,0,2,8,0,10,14,0,14,24
10/07/2013,STJ,MO,ACE,CE,Federal Contract Tower,0,0,15,12,27,0,0,32,0,32,0,0,47,12,59,34,0,34,93
10/08/2013,STJ,MO,ACE,CE,Federal Contract Tower,0,0,8,2,10,0,0,12,2,14,0,0,20,4,24,20,0,20,44
10/09/2013,STJ,MO,ACE,CE,Federal Contract Tower,0,0,9,2,11,0,2,23,0,25,0,2,32,2,36,14,0,14,50
10/10/2013,STJ,MO,ACE,CE,Federal Contract Tower,0,0,7,0,7,0,2,32,0,34,0,2,39,0,41,44,0,44,85
10/11/2013,STJ,MO,ACE,CE,Federal Contract Tower,0,0,12,0,12,0,0,14,0,14,0,0,26,0,26,2,0,2,28
10/12/2013,STJ,MO,ACE,CE,Federal Contract Tower,0,0,4,0,4,0,0,41,0,41,0,0,45,0,45,44,0,44,89
10/13/2013,STJ,MO,ACE,CE,Federal Contract Tower,0,0,3,0,3,0,0,27,0,27,0,0,30,0,30,24,0,24,54
10/14/2013,STJ,MO,ACE,CE,Federal Contract Tower,0,1,7,0,8,0,0,12,0,12,0,1,19,0,20,14,0,14,34
10/15/2013,STJ,MO,ACE,CE,Federal Contract Tower,0,0,5,0,5,0,0,12,0,12,0,0,17,0,17,6,0,6,23
10/16/2013,STJ,MO,ACE,CE,Federal Contract Tower,0,0,16,0,16,0,0,18,10,28,0,0,34,10,44,22,28,50,94
10/17/2013,STJ,MO,ACE,CE,Federal Contract Tower,0,0,8,0,8,0,0,14,12,26,0,0,22,12,34,6,24,30,64
10/18/2013,STJ,MO,ACE,CE,Federal Contract Tower,0,0,12,0,12,0,0,4,0,4,0,0,16,0,16,12,0,12,28
10/19/2013,STJ,MO,ACE,CE,Federal Contract Tower,0,0,6,0,6,0,0,29,0,29,0,0,35,0,35,6,0,6,41
10/20/2013,STJ,MO,ACE,CE,Federal Contract Tower,0,0,3,0,3,0,2,19,0,21,0,2,22,0,24,0,0,0,24
10/21/2013,STJ,MO,ACE,CE,Federal Contract Tower,0,1,17,0,18,0,0,29,0,29,0,1,46,0,47,2,0,2,49
10/22/2013,STJ,MO,ACE,CE,Federal Contract Tower,0,0,10,3,13,0,3,13,5,21,0,3,23,8,34,0,14,14,48
10/23/2013,STJ,MO,ACE,CE,Federal Contract Tower,0,0,26,9,35,0,1,17,3,21,0,1,43,12,56,6,40,46,102
10/24/2013,STJ,MO,ACE,CE,Federal Contract Tower,0,0,10,2,12,0,0,8,20,28,0,0,18,22,40,12,48,60,100
10/25/2013,STJ,MO,ACE,CE,Federal Contract Tower,0,0,6,2,8,0,0,13,0,13,0,0,19,2,21,28,0,28,49
10/26/2013,STJ,MO,ACE,CE,Federal Contract Tower,0,0,4,0,4,0,2,27,0,29,0,2,31,0,33,14,0,14,47
10/27/2013,STJ,MO,ACE,CE,Federal Contract Tower,0,0,4,0,4,0,0,26,0,26,0,0,30,0,30,20,0,20,50
10/28/2013,STJ,MO,ACE,CE,Federal Contract Tower,0,0,9,0,9,0,0,23,0,23,0,0,32,0,32,38,0,38,70
10/29/2013,STJ,MO,ACE,CE,Federal Contract Tower,0,0,10,12,22,0,0,2,0,2,0,0,12,12,24,8,0,8,32
10/30/2013,STJ,MO,ACE,CE,Federal Contract Tower,0,0,3,0,3,0,0,0,0,0,0,0,3,0,3,0,0,0,3
10/31/2013,STJ,MO,ACE,CE,Federal Contract Tower,0,0,13,13,26,0,0,14,0,14,0,0,27,13,40,0,19,19,59
11/01/2013,STJ,MO,ACE,CE,Federal Contract Tower,0,0,11,1,12,0,1,22,15,38,0,1,33,16,50,8,52,60,110
11/02/2013,STJ,MO,ACE,CE,Federal Contract Tower,0,0,5,9,14,0,2,37,5,44,0,2,42,14,58,14,2,16,74
11/03/2013,STJ,MO,ACE,CE,Federal Contract Tower,0,0,4,1,5,0,1,7,0,8,0,1,11,1,13,12,0,12,25
11/04/2013,STJ,MO,ACE,CE,Federal Contract Tower,0,0,5,4,9,0,0,19,0,19,0,0,24,4,28,40,0,40,68
11/05/2013,STJ,MO,ACE,CE,Federal Contract Tower,0,0,6,0,6,0,0,1,0,1,0,0,7,0,7,0,0,0,7
11/06/2013,STJ,MO,ACE,CE,Federal Contract Tower,0,0,9,7,16,0,0,19,28,47,0,0,28,35,63,0,10,10,73
11/07/2013,STJ,MO,ACE,CE,Federal Contract Tower,0,0,5,7,12,0,1,19,22,42,0,1,24,29,54,30,6,36,90
11/08/2013,STJ,MO,ACE,CE,Federal Contract Tower,0,0,7,0,7,0,6,4,0,10,0,6,11,0,17,0,0,0,17
11/09/2013,STJ,MO,ACE,CE,Federal Contract Tower,0,0,4,1,5,0,4,60,0,64,0,4,64,1,69,56,0,56,125
11/10/2013,STJ,MO,ACE,CE,Federal Contract Tower,0,0,0,0,0,0,0,20,0,20,0,0,20,0,20,10,0,10,30
11/11/2013,STJ,MO,ACE,CE,Federal Contract Tower,0,0,4,0,4,0,0,10,5,15,0,0,14,5,19,0,0,0,19
11/12/2013,STJ,MO,ACE,CE,Federal Contract Tower,0,0,9,8,17,0,0,14,11,25,0,0,23,19,42,19,22,41,83
11/13/2013,STJ,MO,ACE,CE,Federal Contract Tower,0,0,5,17,22,0,0,19,11,30,0,0,24,28,52,0,42,42,94
11/14/2013,STJ,MO,ACE,CE,Federal Contract Tower,0,0,10,10,20,0,0,7,9,16,0,0,17,19,36,4,80,84,120
11/15/2013,STJ,MO,ACE,CE,Federal Contract Tower,0,0,1,6,7,0,0,16,16,32,0,0,17,22,39,11,18,29,68
11/16/2013,STJ,MO,ACE,CE,Federal Contract Tower,0,0,0,0,0,0,1,4,0,5,0,1,4,0,5,2,0,2,7
11/17/2013,STJ,MO,ACE,CE,Federal Contract Tower,0,0,0,1,1,0,0,0,0,0,0,0,0,1,1,0,0,0,1
11/18/2013,STJ,MO,ACE,CE,Federal Contract Tower,0,0,19,0,19,0,1,22,0,23,0,1,41,0,42,32,0,32,74
11/19/2013,STJ,MO,ACE,CE,Federal Contract Tower,0,7,9,5,21,0,0,11,12,23,0,7,20,17,44,36,30,66,110
11/20/2013,STJ,MO,ACE,CE,Federal Contract Tower,0,0,7,18,25,0,0,19,7,26,0,0,26,25,51,4,16,20,71
11/21/2013,STJ,MO,ACE,CE,Federal Contract Tower,0,0,12,10,22,0,0,1,0,1,0,0,13,10,23,0,0,0,23
11/22/2013,STJ,MO,ACE,CE,Federal Contract Tower,0,0,9,3,12,0,3,7,0,10,0,3,16,3,22,42,0,42,64
11/23/2013,STJ,MO,ACE,CE,Federal Contract Tower,0,0,1,1,2,0,0,19,0,19,0,0,20,1,21,14,0,14,35
11/24/2013,STJ,MO,ACE,CE,Federal Contract Tower,0,0,4,0,4,0,0,14,0,14,0,0,18,0,18,20,0,20,38
11/25/2013,STJ,MO,ACE,CE,Federal Contract Tower,0,0,1,2,3,0,0,7,0,7,0,0,8,2,10,26,0,26,36
11/26/2013,STJ,MO,ACE,CE,Federal Contract Tower,0,0,7,8,15,0,0,9,7,16,0,0,16,15,31,6,60,66,97
11/27/2013,STJ,MO,ACE,CE,Federal Contract Tower,0,0,2,5,7,0,3,20,14,37,0,3,22,19,44,0,34,34,78
11/28/2013,STJ,MO,ACE,CE,Federal Contract Tower,0,0,9,0,9,0,0,0,0,0,0,0,9,0,9,0,0,0,9
11/29/2013,STJ,MO,ACE,CE,Federal Contract Tower,0,0,0,0,0,0,0,38,0,38,0,0,38,0,38,6,0,6,44
11/30/2013,STJ,MO,ACE,CE,Federal Contract Tower,0,0,3,0,3,0,0,29,0,29,0,0,32,0,32,2,0,2,34
12/01/2013,STJ,MO,ACE,CE,Federal Contract Tower,0,0,1,0,1,0,0,19,0,19,0,0,20,0,20,18,0,18,38
12/02/2013,STJ,MO,ACE,CE,Federal Contract Tower,0,0,4,6,10,0,0,16,0,16,0,0,20,6,26,18,0,18,44
12/03/2013,STJ,MO,ACE,CE,Federal Contract Tower,0,0,10,10,20,0,0,13,19,32,0,0,23,29,52,16,32,48,100
12/04/2013,STJ,MO,ACE,CE,Federal Contract Tower,0,0,6,8,14,0,0,0,2,2,0,0,6,10,16,0,6,6,22
12/05/2013,STJ,MO,ACE,CE,Federal Contract Tower,0,0,7,7,14,0,0,11,28,39,0,0,18,35,53,0,2,2,55
12/06/2013,STJ,MO,ACE,CE,Federal Contract Tower,0,0,6,2,8,0,0,6,29,35,0,0,12,31,43,6,14,20,63
12/07/2013,STJ,MO,ACE,CE,Federal Contract Tower,0,0,5,8,13,0,0,20,3,23,0,0,25,11,36,4,18,22,58
12/08/2013,STJ,MO,ACE,CE,Federal Contract Tower,0,0,0,1,1,0,0,0,0,0,0,0,0,1,1,0,0,0,1
12/09/2013,STJ,MO,ACE,CE,Federal Contract Tower,0,0,4,6,10,0,1,11,0,12,0,1,15,6,22,0,0,0,22
12/10/2013,STJ,MO,ACE,CE,Federal Contract Tower,0,0,8,13,21,0,0,12,11,23,0,0,20,24,44,8,18,26,70
12/11/2013,STJ,MO,ACE,CE,Federal Contract Tower,0,0,14,6,20,0,0,16,7,23,0,0,30,13,43,10,48,58,101
12/12/2013,STJ,MO,ACE,CE,Federal Contract Tower,0,0,16,6,22,0,0,18,16,34,0,0,34,22,56,8,74,82,138
12/13/2013,STJ,MO,ACE,CE,Federal Contract Tower,0,0,0,7,7,0,0,2,1,3,0,0,2,8,10,0,22,22,32
12/14/2013,STJ,MO,ACE,CE,Federal Contract Tower,0,0,4,2,6,0,0,1,0,1,0,0,5,2,7,0,0,0,7
12/15/2013,STJ,MO,ACE,CE,Federal Contract Tower,0,0,2,1,3,0,0,22,0,22,0,0,24,1,25,10,2,12,37
12/16/2013,STJ,MO,ACE,CE,Federal Contract Tower,0,0,13,1,14,0,0,11,0,11,0,0,24,1,25,16,0,16,41
12/17/2013,STJ,MO,ACE,CE,Federal Contract Tower,0,0,23,18,41,0,0,25,7,32,0,0,48,25,73,8,18,26,99
12/18/2013,STJ,MO,ACE,CE,Federal Contract Tower,0,0,9,10,19,0,0,14,27,41,0,0,23,37,60,6,32,38,98
12/19/2013,STJ,MO,ACE,CE,Federal Contract Tower,0,0,6,0,6,1,1,3,0,5,1,1,9,0,11,5,0,5,16
12/20/2013,STJ,MO,ACE,CE,Federal Contract Tower,0,0,0,0,0,0,0,1,0,1,0,0,1,0,1,0,0,0,1
12/21/2013,STJ,MO,ACE,CE,Federal Contract Tower,0,0,0,0,0,0,0,0,0,0,0,0,0,0,0,0,0,0,0
12/22/2013,STJ,MO,ACE,CE,Federal Contract Tower,0,0,0,0,0,0,1,1,0,2,0,1,1,0,2,0,0,0,2
12/23/2013,STJ,MO,ACE,CE,Federal Contract Tower,0,0,3,0,3,0,0,0,0,0,0,0,3,0,3,0,0,0,3
12/24/2013,STJ,MO,ACE,CE,Federal Contract Tower,0,0,0,0,0,0,0,0,0,0,0,0,0,0,0,0,0,0,0
12/25/2013,STJ,MO,ACE,CE,Federal Contract Tower,0,0,0,0,0,0,0,0,0,0,0,0,0,0,0,0,0,0,0
12/26/2013,STJ,MO,ACE,CE,Federal Contract Tower,0,2,4,0,6,0,1,15,0,16,0,3,19,0,22,18,0,18,40
12/27/2013,STJ,MO,ACE,CE,Federal Contract Tower,0,2,4,10,16,0,0,26,1,27,0,2,30,11,43,78,4,82,125
12/28/2013,STJ,MO,ACE,CE,Federal Contract Tower,0,0,7,0,7,0,2,31,0,33,0,2,38,0,40,20,0,20,60
12/29/2013,STJ,MO,ACE,CE,Federal Contract Tower,0,0,3,0,3,0,0,3,4,7,0,0,6,4,10,0,0,0,10
12/30/2013,STJ,MO,ACE,CE,Federal Contract Tower,0,0,9,0,9,0,0,13,0,13,0,0,22,0,22,8,0,8,30
12/31/2013,STJ,MO,ACE,CE,Federal Contract Tower,0,0,2,5,7,0,1,13,2,16,0,1,15,7,23,11,4,15,38
01/01/2014,STJ,MO,ACE,CE,Federal Contract Tower,0,0,0,0,0,0,0,0,0,0,0,0,0,0,0,0,0,0,0
01/02/2014,STJ,MO,ACE,CE,Federal Contract Tower,0,0,6,0,6,0,0,0,0,0,0,0,6,0,6,0,0,0,6
01/03/2014,STJ,MO,ACE,CE,Federal Contract Tower,0,0,3,0,3,0,1,8,0,9,0,1,11,0,12,18,0,18,30
01/04/2014,STJ,MO,ACE,CE,Federal Contract Tower,0,0,2,2,4,0,0,3,2,5,0,0,5,4,9,0,0,0,9
01/05/2014,STJ,MO,ACE,CE,Federal Contract Tower,0,0,0,0,0,0,0,0,0,0,0,0,0,0,0,0,0,0,0
01/06/2014,STJ,MO,ACE,CE,Federal Contract Tower,0,2,4,0,6,0,0,4,0,4,0,2,8,0,10,0,0,0,10
01/07/2014,STJ,MO,ACE,CE,Federal Contract Tower,0,0,6,0,6,0,0,8,8,16,0,0,14,8,22,4,32,36,58
01/08/2014,STJ,MO,ACE,CE,Federal Contract Tower,0,0,12,19,31,0,0,3,14,17,0,0,15,33,48,0,62,62,110
01/09/2014,STJ,MO,ACE,CE,Federal Contract Tower,0,0,4,23,27,0,0,2,2,4,0,0,6,25,31,8,28,36,67
01/10/2014,STJ,MO,ACE,CE,Federal Contract Tower,0,0,2,2,4,0,0,0,0,0,0,0,2,2,4,0,0,0,4
01/11/2014,STJ,MO,ACE,CE,Federal Contract Tower,0,0,7,0,7,0,0,24,0,24,0,0,31,0,31,26,0,26,57
01/12/2014,STJ,MO,ACE,CE,Federal Contract Tower,0,0,1,2,3,0,0,13,0,13,0,0,14,2,16,14,0,14,30
01/13/2014,STJ,MO,ACE,CE,Federal Contract Tower,0,0,7,0,7,0,0,23,0,23,0,0,30,0,30,12,0,12,42
01/14/2014,STJ,MO,ACE,CE,Federal Contract Tower,0,1,6,4,11,0,1,5,28,34,0,2,11,32,45,0,38,38,83
01/15/2014,STJ,MO,ACE,CE,Federal Contract Tower,0,0,6,23,29,0,1,21,11,33,0,1,27,34,62,6,36,42,104
01/16/2014,STJ,MO,ACE,CE,Federal Contract Tower,0,0,5,6,11,0,1,4,11,16,0,1,9,17,27,5,4,9,36
01/17/2014,STJ,MO,ACE,CE,Federal Contract Tower,0,0,5,1,6,0,0,2,0,2,0,0,7,1,8,0,0,0,8
01/18/2014,STJ,MO,ACE,CE,Federal Contract Tower,0,0,3,0,3,0,0,5,0,5,0,0,8,0,8,10,0,10,18
01/19/2014,STJ,MO,ACE,CE,Federal Contract Tower,0,0,3,1,4,0,0,10,0,10,0,0,13,1,14,16,0,16,30
01/20/2014,STJ,MO,ACE,CE,Federal Contract Tower,0,0,0,1,1,0,0,18,0,18,0,0,18,1,19,16,0,16,35
01/21/2014,STJ,MO,ACE,CE,Federal Contract Tower,0,0,7,9,16,0,0,6,6,12,0,0,13,15,28,0,44,44,72
01/22/2014,STJ,MO,ACE,CE,Federal Contract Tower,0,0,8,17,25,0,0,0,0,0,0,0,8,17,25,2,44,46,71
01/23/2014,STJ,MO,ACE,CE,Federal Contract Tower,0,0,3,11,14,0,0,5,8,13,0,0,8,19,27,4,64,68,95
01/24/2014,STJ,MO,ACE,CE,Federal Contract Tower,0,0,4,2,6,0,0,5,3,8,0,0,9,5,14,0,0,0,14
01/25/2014,STJ,MO,ACE,CE,Federal Contract Tower,0,0,2,0,2,0,0,5,0,5,0,0,7,0,7,56,0,56,63
01/26/2014,STJ,MO,ACE,CE,Federal Contract Tower,0,0,3,1,4,0,0,13,0,13,0,0,16,1,17,6,0,6,23
01/27/2014,STJ,MO,ACE,CE,Federal Contract Tower,0,0,10,8,18,0,0,9,0,9,0,0,19,8,27,0,0,0,27
01/28/2014,STJ,MO,ACE,CE,Federal Contract Tower,0,2,6,15,23,0,2,10,1,13,0,4,16,16,36,14,34,48,84
01/29/2014,STJ,MO,ACE,CE,Federal Contract Tower,0,1,1,2,4,0,1,14,0,15,0,2,15,2,19,8,0,8,27
01/30/2014,STJ,MO,ACE,CE,Federal Contract Tower,0,0,2,12,14,0,2,6,16,24,0,2,8,28,38,10,14,24,62
01/31/2014,STJ,MO,ACE,CE,Federal Contract Tower,0,0,8,3,11,0,0,0,0,0,0,0,8,3,11,0,0,0,11
02/01/2014,STJ,MO,ACE,CE,Federal Contract Tower,0,0,14,1,15,0,0,2,0,2,0,0,16,1,17,4,0,4,21
02/02/2014,STJ,MO,ACE,CE,Federal Contract Tower,0,0,2,1,3,0,0,6,0,6,0,0,8,1,9,4,0,4,13
02/03/2014,STJ,MO,ACE,CE,Federal Contract Tower,0,0,9,0,9,0,0,9,0,9,0,0,18,0,18,12,0,12,30
02/04/2014,STJ,MO,ACE,CE,Federal Contract Tower,0,0,1,0,1,0,0,0,0,0,0,0,1,0,1,0,0,0,1
02/05/2014,STJ,MO,ACE,CE,Federal Contract Tower,0,0,3,2,5,0,1,2,0,3,0,1,5,2,8,0,0,0,8
02/06/2014,STJ,MO,ACE,CE,Federal Contract Tower,0,0,2,0,2,0,1,11,0,12,0,1,13,0,14,0,0,0,14
02/07/2014,STJ,MO,ACE,CE,Federal Contract Tower,0,0,8,2,10,0,0,3,0,3,0,0,11,2,13,4,6,10,23
02/08/2014,STJ,MO,ACE,CE,Federal Contract Tower,0,0,2,0,2,0,0,5,0,5,0,0,7,0,7,9,0,9,16
02/09/2014,STJ,MO,ACE,CE,Federal Contract Tower,0,0,0,1,1,0,0,0,0,0,0,0,0,1,1,0,0,0,1
02/10/2014,STJ,MO,ACE,CE,Federal Contract Tower,0,0,9,2,11,0,0,4,0,4,0,0,13,2,15,0,0,0,15
02/11/2014,STJ,MO,ACE,CE,Federal Contract Tower,0,0,9,11,20,0,0,5,18,23,0,0,14,29,43,4,70,74,117
02/12/2014,STJ,MO,ACE,CE,Federal Contract Tower,0,0,8,8,16,0,0,7,0,7,0,0,15,8,23,14,10,24,47
02/13/2014,STJ,MO,ACE,CE,Federal Contract Tower,0,0,3,12,15,0,0,10,1,11,0,0,13,13,26,20,22,42,68
02/14/2014,STJ,MO,ACE,CE,Federal Contract Tower,0,0,9,0,9,0,1,3,1,5,0,1,12,1,14,0,0,0,14
02/15/2014,STJ,MO,ACE,CE,Federal Contract Tower,0,0,1,0,1,0,0,14,0,14,0,0,15,0,15,4,0,4,19
02/16/2014,STJ,MO,ACE,CE,Federal Contract Tower,0,0,5,1,6,0,0,1,0,1,0,0,6,1,7,4,0,4,11
02/17/2014,STJ,MO,ACE,CE,Federal Contract Tower,0,0,3,0,3,0,0,15,0,15,0,0,18,0,18,8,0,8,26
02/18/2014,STJ,MO,ACE,CE,Federal Contract Tower,0,0,10,5,15,0,1,12,4,17,0,1,22,9,32,2,26,28,60
02/19/2014,STJ,MO,ACE,CE,Federal Contract Tower,0,0,12,14,26,0,2,12,11,25,0,2,24,25,51,12,72,84,135
02/20/2014,STJ,MO,ACE,CE,Federal Contract Tower,0,0,4,2,6,0,0,0,6,6,0,0,4,8,12,0,0,0,12
02/21/2014,STJ,MO,ACE,CE,Federal Contract Tower,0,0,6,6,12,0,2,22,6,30,0,2,28,12,42,0,28,28,70
02/22/2014,STJ,MO,ACE,CE,Federal Contract Tower,0,0,2,1,3,0,0,32,1,33,0,0,34,2,36,30,0,30,66
02/23/2014,STJ,MO,ACE,CE,Federal Contract Tower,0,0,3,1,4,0,0,20,0,20,0,0,23,1,24,12,0,12,36
02/24/2014,STJ,MO,ACE,CE,Federal Contract Tower,0,0,25,0,25,0,0,3,0,3,0,0,28,0,28,0,0,0,28
02/25/2014,STJ,MO,ACE,CE,Federal Contract Tower,0,0,10,3,13,0,0,1,3,4,0,0,11,6,17,0,2,2,19
02/26/2014,STJ,MO,ACE,CE,Federal Contract Tower,0,0,9,4,13,0,0,4,4,8,0,0,13,8,21,0,0,0,21
02/27/2014,STJ,MO,ACE,CE,Federal Contract Tower,0,0,7,7,14,0,0,10,0,10,0,0,17,7,24,1,4,5,29
02/28/2014,STJ,MO,ACE,CE,Federal Contract Tower,0,0,10,16,26,0,4,10,5,19,0,4,20,21,45,16,16,32,77
03/01/2014,STJ,MO,ACE,CE,Federal Contract Tower,0,0,4,2,6,0,0,4,0,4,0,0,8,2,10,0,0,0,10
03/02/2014,STJ,MO,ACE,CE,Federal Contract Tower,0,0,3,0,3,0,0,2,0,2,0,0,5,0,5,0,0,0,5
03/03/2014,STJ,MO,ACE,CE,Federal Contract Tower,0,0,0,4,4,0,0,12,0,12,0,0,12,4,16,6,0,6,22
03/04/2014,STJ,MO,ACE,CE,Federal Contract Tower,0,0,3,13,16,0,0,9,11,20,0,0,12,24,36,10,32,42,78
03/05/2014,STJ,MO,ACE,CE,Federal Contract Tower,0,0,5,18,23,0,0,0,0,0,0,0,5,18,23,0,8,8,31
03/06/2014,STJ,MO,ACE,CE,Federal Contract Tower,0,2,6,13,21,0,0,20,28,48,0,2,26,41,69,10,34,44,113
03/07/2014,STJ,MO,ACE,CE,Federal Contract Tower,0,0,5,4,9,0,1,5,6,12,0,1,10,10,21,20,0,20,41
03/08/2014,STJ,MO,ACE,CE,Federal Contract Tower,0,0,5,0,5,0,0,3,0,3,0,0,8,0,8,50,0,50,58
03/09/2014,STJ,MO,ACE,CE,Federal Contract Tower,0,0,2,0,2,0,0,18,0,18,0,0,20,0,20,16,0,16,36
03/10/2014,STJ,MO,ACE,CE,Federal Contract Tower,0,0,2,11,13,0,1,42,0,43,0,1,44,11,56,42,2,44,100
03/11/2014,STJ,MO,ACE,CE,Federal Contract Tower,0,0,9,12,21,0,0,4,18,22,0,0,13,30,43,0,26,26,69
03/12/2014,STJ,MO,ACE,CE,Federal Contract Tower,0,0,9,5,14,0,0,1,0,1,0,0,10,5,15,0,17,17,32
03/13/2014,STJ,MO,ACE,CE,Federal Contract Tower,0,0,9,6,15,0,2,20,6,28,0,2,29,12,43,10,42,52,95
03/14/2014,STJ,MO,ACE,CE,Federal Contract Tower,0,0,6,4,10,0,1,14,0,15,0,1,20,4,25,10,0,10,35
03/15/2014,STJ,MO,ACE,CE,Federal Contract Tower,0,0,3,0,3,0,0,32,0,32,0,0,35,0,35,62,0,62,97
03/16/2014,STJ,MO,ACE,CE,Federal Contract Tower,0,0,5,1,6,0,0,2,0,2,0,0,7,1,8,0,0,0,8
03/17/2014,STJ,MO,ACE,CE,Federal Contract Tower,0,0,14,8,22,0,0,13,0,13,0,0,27,8,35,8,0,8,43
03/18/2014,STJ,MO,ACE,CE,Federal Contract Tower,0,0,3,7,10,0,0,8,5,13,0,0,11,12,23,4,40,44,67
03/19/2014,STJ,MO,ACE,CE,Federal Contract Tower,0,0,2,30,32,0,1,12,6,19,0,1,14,36,51,0,32,32,83
03/20/2014,STJ,MO,ACE,CE,Federal Contract Tower,1,0,8,14,23,0,0,20,11,31,1,0,28,25,54,0,64,64,118
03/21/2014,STJ,MO,ACE,CE,Federal Contract Tower,0,0,6,4,10,0,0,10,1,11,0,0,16,5,21,0,8,8,29
03/22/2014,STJ,MO,ACE,CE,Federal Contract Tower,0,0,8,0,8,0,2,16,0,18,0,2,24,0,26,6,0,6,32
03/23/2014,STJ,MO,ACE,CE,Federal Contract Tower,0,0,1,0,1,0,0,24,2,26,0,0,25,2,27,4,0,4,31
03/24/2014,STJ,MO,ACE,CE,Federal Contract Tower,0,0,4,3,7,0,0,17,0,17,0,0,21,3,24,0,0,0,24
03/25/2014,STJ,MO,ACE,CE,Federal Contract Tower,0,0,1,5,6,0,0,15,5,20,0,0,16,10,26,18,2,20,46
03/26/2014,STJ,MO,ACE,CE,Federal Contract Tower,0,0,5,21,26,0,0,15,2,17,0,0,20,23,43,0,19,19,62
03/27/2014,STJ,MO,ACE,CE,Federal Contract Tower,0,0,5,0,5,0,1,1,0,2,0,1,6,0,7,0,0,0,7
03/28/2014,STJ,MO,ACE,CE,Federal Contract Tower,0,0,5,5,10,0,0,19,1,20,0,0,24,6,30,12,2,14,44
03/29/2014,STJ,MO,ACE,CE,Federal Contract Tower,0,0,4,0,4,0,0,41,0,41,0,0,45,0,45,22,0,22,67
03/30/2014,STJ,MO,ACE,CE,Federal Contract Tower,0,0,5,1,6,0,0,5,0,5,0,0,10,1,11,4,0,4,15
03/31/2014,STJ,MO,ACE,CE,Federal Contract Tower,0,0,6,5,11,0,0,0,0,0,0,0,6,5,11,1,0,1,12
04/01/2014,STJ,MO,ACE,CE,Federal Contract Tower,0,0,9,10,19,0,0,14,6,20,0,0,23,16,39,20,18,38,77
04/02/2014,STJ,MO,ACE,CE,Federal Contract Tower,0,0,4,0,4,0,0,0,0,0,0,0,4,0,4,0,0,0,4
04/03/2014,STJ,MO,ACE,CE,Federal Contract Tower,0,0,11,7,18,0,0,0,0,0,0,0,11,7,18,0,0,0,18
04/04/2014,STJ,MO,ACE,CE,Federal Contract Tower,0,0,6,3,9,0,0,13,2,15,0,0,19,5,24,0,32,32,56
04/05/2014,STJ,MO,ACE,CE,Federal Contract Tower,0,0,4,4,8,0,0,108,15,123,0,0,112,19,131,4,0,4,135
04/06/2014,STJ,MO,ACE,CE,Federal Contract Tower,0,0,4,2,6,0,0,16,14,30,0,0,20,16,36,4,25,29,65
04/07/2014,STJ,MO,ACE,CE,Federal Contract Tower,0,0,6,4,10,0,0,15,0,15,0,0,21,4,25,10,0,10,35
04/08/2014,STJ,MO,ACE,CE,Federal Contract Tower,0,0,11,12,23,0,0,14,8,22,0,0,25,20,45,11,54,65,110
04/09/2014,STJ,MO,ACE,CE,Federal Contract Tower,0,0,7,12,19,0,1,15,11,27,0,1,22,23,46,19,65,84,130
04/10/2014,STJ,MO,ACE,CE,Federal Contract Tower,0,0,15,11,26,0,4,29,25,58,0,4,44,36,84,24,48,72,156
04/11/2014,STJ,MO,ACE,CE,Federal Contract Tower,0,0,16,9,25,0,0,27,1,28,0,0,43,10,53,34,9,43,96
04/12/2014,STJ,MO,ACE,CE,Federal Contract Tower,0,0,3,2,5,0,0,0,0,0,0,0,3,2,5,2,12,14,19
04/13/2014,STJ,MO,ACE,CE,Federal Contract Tower,0,0,2,1,3,0,0,0,0,0,0,0,2,1,3,0,0,0,3
04/14/2014,STJ,MO,ACE,CE,Federal Contract Tower,0,0,1,0,1,0,0,1,0,1,0,0,2,0,2,0,0,0,2
04/15/2014,STJ,MO,ACE,CE,Federal Contract Tower,0,0,3,2,5,0,0,21,19,40,0,0,24,21,45,4,38,42,87
04/16/2014,STJ,MO,ACE,CE,Federal Contract Tower,0,0,10,13,23,0,0,6,7,13,0,0,16,20,36,0,26,26,62
04/17/2014,STJ,MO,ACE,CE,Federal Contract Tower,0,0,2,7,9,0,1,17,6,24,0,1,19,13,33,12,34,46,79
04/18/2014,STJ,MO,ACE,CE,Federal Contract Tower,0,0,9,2,11,0,0,15,2,17,0,0,24,4,28,4,18,22,50
04/19/2014,STJ,MO,ACE,CE,Federal Contract Tower,0,0,5,1,6,0,1,28,0,29,0,1,33,1,35,8,0,8,43
04/20/2014,STJ,MO,ACE,CE,Federal Contract Tower,0,0,3,0,3,0,0,9,0,9,0,0,12,0,12,0,0,0,12
04/21/2014,STJ,MO,ACE,CE,Federal Contract Tower,0,0,5,5,10,0,0,5,1,6,0,0,10,6,16,12,0,12,28
04/22/2014,STJ,MO,ACE,CE,Federal Contract Tower,0,0,3,9,12,0,0,21,8,29,0,0,24,17,41,16,38,54,95
04/23/2014,STJ,MO,ACE,CE,Federal Contract Tower,0,0,6,6,12,0,0,8,13,21,0,0,14,19,33,0,12,12,45
04/24/2014,STJ,MO,ACE,CE,Federal Contract Tower,0,0,6,7,13,0,0,1,10,11,0,0,7,17,24,0,38,38,62
04/25/2014,STJ,MO,ACE,CE,Federal Contract Tower,0,0,8,2,10,0,2,20,0,22,0,2,28,2,32,2,0,2,34
04/26/2014,STJ,MO,ACE,CE,Federal Contract Tower,0,0,4,1,5,0,1,16,0,17,0,1,20,1,22,14,0,14,36
04/27/2014,STJ,MO,ACE,CE,Federal Contract Tower,0,0,1,1,2,0,2,2,0,4,0,2,3,1,6,0,0,0,6
04/28/2014,STJ,MO,ACE,CE,Federal Contract Tower,0,0,4,4,8,0,0,6,1,7,0,0,10,5,15,0,0,0,15
04/29/2014,STJ,MO,ACE,CE,Federal Contract Tower,0,0,9,14,23,0,0,0,0,0,0,0,9,14,23,0,20,20,43
04/30/2014,STJ,MO,ACE,CE,Federal Contract Tower,0,0,3,9,12,0,0,10,0,10,0,0,13,9,22,0,8,8,30
05/01/2014,STJ,MO,ACE,CE,Federal Contract Tower,0,0,18,1,19,0,0,6,2,8,0,0,24,3,27,0,0,0,27
05/02/2014,STJ,MO,ACE,CE,Federal Contract Tower,0,0,8,7,15,0,1,14,0,15,0,1,22,7,30,34,0,34,64
05/03/2014,STJ,MO,ACE,CE,Federal Contract Tower,0,0,4,3,7,0,2,30,0,32,0,2,34,3,39,18,2,20,59
05/04/2014,STJ,MO,ACE,CE,Federal Contract Tower,0,0,0,1,1,0,0,11,7,18,0,0,11,8,19,6,7,13,32
05/05/2014,STJ,MO,ACE,CE,Federal Contract Tower,0,0,8,0,8,0,0,26,0,26,0,0,34,0,34,16,0,16,50
05/06/2014,STJ,MO,ACE,CE,Federal Contract Tower,0,0,9,13,22,0,0,19,9,28,0,0,28,22,50,0,21,21,71
05/07/2014,STJ,MO,ACE,CE,Federal Contract Tower,0,0,20,4,24,0,2,16,12,30,0,2,36,16,54,0,39,39,93
05/08/2014,STJ,MO,ACE,CE,Federal Contract Tower,0,0,5,13,18,0,1,11,22,34,0,1,16,35,52,0,32,32,84
05/09/2014,STJ,MO,ACE,CE,Federal Contract Tower,0,0,12,1,13,0,0,19,3,22,0,0,31,4,35,26,4,30,65
05/10/2014,STJ,MO,ACE,CE,Federal Contract Tower,0,0,2,0,2,0,0,19,0,19,0,0,21,0,21,4,0,4,25
05/11/2014,STJ,MO,ACE,CE,Federal Contract Tower,0,0,7,0,7,0,1,2,0,3,0,1,9,0,10,30,0,30,40
05/12/2014,STJ,MO,ACE,CE,Federal Contract Tower,0,0,6,7,13,0,0,3,0,3,0,0,9,7,16,0,0,0,16
05/13/2014,STJ,MO,ACE,CE,Federal Contract Tower,0,0,9,2,11,0,0,10,7,17,0,0,19,9,28,10,44,54,82
05/14/2014,STJ,MO,ACE,CE,Federal Contract Tower,0,0,2,3,5,0,0,22,24,46,0,0,24,27,51,6,14,20,71
05/15/2014,STJ,MO,ACE,CE,Federal Contract Tower,0,0,7,5,12,0,0,25,0,25,0,0,32,5,37,0,37,37,74
05/16/2014,STJ,MO,ACE,CE,Federal Contract Tower,0,0,2,3,5,0,0,25,0,25,0,0,27,3,30,6,0,6,36
05/17/2014,STJ,MO,ACE,CE,Federal Contract Tower,0,0,10,0,10,0,1,40,0,41,0,1,50,0,51,46,0,46,97
05/18/2014,STJ,MO,ACE,CE,Federal Contract Tower,0,0,2,3,5,0,0,25,0,25,0,0,27,3,30,20,10,30,60
05/19/2014,STJ,MO,ACE,CE,Federal Contract Tower,0,0,14,7,21,0,0,1,0,1,0,0,15,7,22,4,0,4,26
05/20/2014,STJ,MO,ACE,CE,Federal Contract Tower,0,0,7,7,14,0,2,24,9,35,0,2,31,16,49,10,26,36,85
05/21/2014,STJ,MO,ACE,CE,Federal Contract Tower,0,0,7,15,22,0,2,22,5,29,0,2,29,20,51,6,60,66,117
05/22/2014,STJ,MO,ACE,CE,Federal Contract Tower,0,0,5,1,6,0,0,18,14,32,0,0,23,15,38,15,70,85,123
05/23/2014,STJ,MO,ACE,CE,Federal Contract Tower,0,0,14,2,16,0,0,26,0,26,0,0,40,2,42,0,0,0,42
05/24/2014,STJ,MO,ACE,CE,Federal Contract Tower,0,0,2,0,2,0,0,6,0,6,0,0,8,0,8,10,0,10,18
05/25/2014,STJ,MO,ACE,CE,Federal Contract Tower,0,0,2,1,3,0,0,9,0,9,0,0,11,1,12,8,0,8,20
05/26/2014,STJ,MO,ACE,CE,Federal Contract Tower,0,0,4,1,5,0,0,15,0,15,0,0,19,1,20,20,0,20,40
05/27/2014,STJ,MO,ACE,CE,Federal Contract Tower,0,0,30,9,39,0,0,24,30,54,0,0,54,39,93,16,16,32,125
05/28/2014,STJ,MO,ACE,CE,Federal Contract Tower,0,0,16,17,33,0,0,26,23,49,0,0,42,40,82,4,24,28,110
05/29/2014,STJ,MO,ACE,CE,Federal Contract Tower,0,0,6,2,8,0,0,27,7,34,0,0,33,9,42,2,12,14,56
05/30/2014,STJ,MO,ACE,CE,Federal Contract Tower,0,0,7,9,16,0,0,10,1,11,0,0,17,10,27,10,22,32,59
05/31/2014,STJ,MO,ACE,CE,Federal Contract Tower,0,0,0,2,2,0,0,23,0,23,0,0,23,2,25,18,0,18,43
06/01/2014,STJ,MO,ACE,CE,Federal Contract Tower,0,0,2,0,2,0,2,15,0,17,0,2,17,0,19,34,0,34,53
06/02/2014,STJ,MO,ACE,CE,Federal Contract Tower,0,0,8,16,24,0,6,18,0,24,0,6,26,16,48,16,2,18,66
06/03/2014,STJ,MO,ACE,CE,Federal Contract Tower,0,1,22,8,31,0,0,10,3,13,0,1,32,11,44,14,8,22,66
06/04/2014,STJ,MO,ACE,CE,Federal Contract Tower,0,0,3,16,19,0,0,12,0,12,0,0,15,16,31,0,42,42,73
06/05/2014,STJ,MO,ACE,CE,Federal Contract Tower,0,0,12,4,16,0,0,8,6,14,0,0,20,10,30,10,32,42,72
06/06/2014,STJ,MO,ACE,CE,Federal Contract Tower,0,0,13,8,21,0,0,22,2,24,0,0,35,10,45,0,4,4,49
06/07/2014,STJ,MO,ACE,CE,Federal Contract Tower,0,0,2,10,12,0,2,2,0,4,0,2,4,10,16,0,0,0,16
06/08/2014,STJ,MO,ACE,CE,Federal Contract Tower,0,0,10,1,11,0,0,13,0,13,0,0,23,1,24,33,0,33,57
06/09/2014,STJ,MO,ACE,CE,Federal Contract Tower,0,0,6,3,9,0,0,12,0,12,0,0,18,3,21,8,0,8,29
06/10/2014,STJ,MO,ACE,CE,Federal Contract Tower,0,1,5,10,16,0,0,12,2,14,0,1,17,12,30,8,44,52,82
06/11/2014,STJ,MO,ACE,CE,Federal Contract Tower,0,0,7,12,19,0,0,40,25,65,0,0,47,37,84,16,18,34,118
06/12/2014,STJ,MO,ACE,CE,Federal Contract Tower,0,0,7,4,11,0,0,13,14,27,0,0,20,18,38,14,60,74,112
06/13/2014,STJ,MO,ACE,CE,Federal Contract Tower,0,0,9,2,11,1,0,40,0,41,1,0,49,2,52,26,0,26,78
06/14/2014,STJ,MO,ACE,CE,Federal Contract Tower,0,0,7,0,7,0,0,11,0,11,0,0,18,0,18,0,0,0,18
06/15/2014,STJ,MO,ACE,CE,Federal Contract Tower,0,0,1,0,1,0,0,4,0,4,0,0,5,0,5,0,0,0,5
06/16/2014,STJ,MO,ACE,CE,Federal Contract Tower,0,0,3,5,8,0,0,6,0,6,0,0,9,5,14,0,0,0,14
06/17/2014,STJ,MO,ACE,CE,Federal Contract Tower,0,0,12,10,22,0,0,10,2,12,0,0,22,12,34,2,30,32,66
06/18/2014,STJ,MO,ACE,CE,Federal Contract Tower,0,0,5,10,15,0,0,7,8,15,0,0,12,18,30,0,28,28,58
06/19/2014,STJ,MO,ACE,CE,Federal Contract Tower,0,0,8,16,24,0,1,7,7,15,0,1,15,23,39,16,42,58,97
06/20/2014,STJ,MO,ACE,CE,Federal Contract Tower,0,0,4,8,12,0,0,33,0,33,0,0,37,8,45,2,2,4,49
06/21/2014,STJ,MO,ACE,CE,Federal Contract Tower,0,0,7,2,9,0,0,22,0,22,0,0,29,2,31,0,0,0,31
06/22/2014,STJ,MO,ACE,CE,Federal Contract Tower,0,0,0,2,2,0,0,21,0,21,0,0,21,2,23,12,0,12,35
06/23/2014,STJ,MO,ACE,CE,Federal Contract Tower,0,0,6,1,7,0,1,28,0,29,0,1,34,1,36,10,0,10,46
06/24/2014,STJ,MO,ACE,CE,Federal Contract Tower,0,0,10,6,16,0,1,48,16,65,0,1,58,22,81,4,4,8,89
06/25/2014,STJ,MO,ACE,CE,Federal Contract Tower,0,0,10,5,15,0,0,37,5,42,0,0,47,10,57,40,0,40,97
06/26/2014,STJ,MO,ACE,CE,Federal Contract Tower,0,0,11,11,22,0,0,17,5,22,0,0,28,16,44,16,48,64,108
06/27/2014,STJ,MO,ACE,CE,Federal Contract Tower,0,0,2,3,5,0,0,11,1,12,0,0,13,4,17,0,4,4,21
06/28/2014,STJ,MO,ACE,CE,Federal Contract Tower,0,0,0,1,1,0,0,5,0,5,0,0,5,1,6,0,0,0,6
06/29/2014,STJ,MO,ACE,CE,Federal Contract Tower,0,0,3,3,6,0,3,19,0,22,0,3,22,3,28,8,0,8,36
06/30/2014,STJ,MO,ACE,CE,Federal Contract Tower,0,0,9,0,9,0,1,10,0,11,0,1,19,0,20,20,0,20,40
07/01/2014,STJ,MO,ACE,CE,Federal Contract Tower,0,0,3,3,6,0,2,21,0,23,0,2,24,3,29,42,0,42,71
07/02/2014,STJ,MO,ACE,CE,Federal Contract Tower,0,0,5,2,7,0,1,16,2,19,0,1,21,4,26,18,0,18,44
07/03/2014,STJ,MO,ACE,CE,Federal Contract Tower,0,0,5,0,5,0,4,24,0,28,0,4,29,0,33,8,0,8,41
07/04/2014,STJ,MO,ACE,CE,Federal Contract Tower,0,0,1,0,1,0,0,27,0,27,0,0,28,0,28,6,0,6,34
07/05/2014,STJ,MO,ACE,CE,Federal Contract Tower,0,2,2,0,4,0,0,0,0,0,0,2,2,0,4,0,0,0,4
07/06/2014,STJ,MO,ACE,CE,Federal Contract Tower,0,0,10,1,11,0,4,19,0,23,0,4,29,1,34,26,0,26,60
07/07/2014,STJ,MO,ACE,CE,Federal Contract Tower,0,0,6,0,6,0,0,43,0,43,0,0,49,0,49,12,0,12,61
07/08/2014,STJ,MO,ACE,CE,Federal Contract Tower,0,0,7,14,21,0,4,30,13,47,0,4,37,27,68,14,38,52,120
07/09/2014,STJ,MO,ACE,CE,Federal Contract Tower,0,0,14,5,19,0,1,45,4,50,0,1,59,9,69,26,12,38,107
07/10/2014,STJ,MO,ACE,CE,Federal Contract Tower,0,0,4,3,7,0,1,40,24,65,0,1,44,27,72,24,44,68,140
07/11/2014,STJ,MO,ACE,CE,Federal Contract Tower,0,0,11,1,12,0,1,38,12,51,0,1,49,13,63,0,18,18,81
07/12/2014,STJ,MO,ACE,CE,Federal Contract Tower,0,0,7,0,7,0,2,63,0,65,0,2,70,0,72,16,0,16,88
07/13/2014,STJ,MO,ACE,CE,Federal Contract Tower,0,0,5,1,6,0,0,73,0,73,0,0,78,1,79,6,0,6,85
07/14/2014,STJ,MO,ACE,CE,Federal Contract Tower,0,0,6,4,10,0,0,12,0,12,0,0,18,4,22,12,0,12,34
07/15/2014,STJ,MO,ACE,CE,Federal Contract Tower,0,0,7,4,11,0,0,66,14,80,0,0,73,18,91,20,20,40,131
07/16/2014,STJ,MO,ACE,CE,Federal Contract Tower,0,0,14,4,18,0,0,97,14,111,0,0,111,18,129,98,34,132,261
07/17/2014,STJ,MO,ACE,CE,Federal Contract Tower,0,0,8,4,12,0,0,76,19,95,0,0,84,23,107,37,26,63,170
07/18/2014,STJ,MO,ACE,CE,Federal Contract Tower,0,0,12,0,12,0,2,55,0,57,0,2,67,0,69,0,0,0,69
07/19/2014,STJ,MO,ACE,CE,Federal Contract Tower,0,0,0,0,0,0,1,35,0,36,0,1,35,0,36,0,0,0,36
07/20/2014,STJ,MO,ACE,CE,Federal Contract Tower,0,0,3,2,5,0,1,22,0,23,0,1,25,2,28,16,0,16,44
07/21/2014,STJ,MO,ACE,CE,Federal Contract Tower,0,0,9,3,12,0,2,16,0,18,0,2,25,3,30,0,0,0,30
07/22/2014,STJ,MO,ACE,CE,Federal Contract Tower,0,0,5,0,5,0,0,28,2,30,0,0,33,2,35,18,0,18,53
07/23/2014,STJ,MO,ACE,CE,Federal Contract Tower,0,0,17,2,19,0,0,36,16,52,0,0,53,18,71,22,6,28,99
07/24/2014,STJ,MO,ACE,CE,Federal Contract Tower,0,0,11,3,14,0,2,29,14,45,0,2,40,17,59,6,38,44,103
07/25/2014,STJ,MO,ACE,CE,Federal Contract Tower,0,2,6,7,15,0,0,4,1,5,0,2,10,8,20,0,6,6,26
07/26/2014,STJ,MO,ACE,CE,Federal Contract Tower,0,0,9,1,10,0,0,44,0,44,0,0,53,1,54,23,0,23,77
07/27/2014,STJ,MO,ACE,CE,Federal Contract Tower,0,0,2,0,2,0,4,42,0,46,0,4,44,0,48,118,0,118,166
07/28/2014,STJ,MO,ACE,CE,Federal Contract Tower,0,0,6,3,9,0,2,29,1,32,0,2,35,4,41,6,0,6,47
07/29/2014,STJ,MO,ACE,CE,Federal Contract Tower,0,0,8,3,11,0,0,10,3,13,0,0,18,6,24,18,7,25,49
07/30/2014,STJ,MO,ACE,CE,Federal Contract Tower,0,0,9,7,16,0,0,21,11,32,0,0,30,18,48,8,15,23,71
07/31/2014,STJ,MO,ACE,CE,Federal Contract Tower,0,0,24,14,38,0,0,50,6,56,0,0,74,20,94,15,32,47,141
08/01/2014,STJ,MO,ACE,CE,Federal Contract Tower,0,0,10,8,18,0,0,54,9,63,0,0,64,17,81,18,18,36,117
08/02/2014,STJ,MO,ACE,CE,Federal Contract Tower,0,0,3,0,3,0,0,46,4,50,0,0,49,4,53,50,0,50,103
08/03/2014,STJ,MO,ACE,CE,Federal Contract Tower,0,0,6,0,6,0,0,9,2,11,0,0,15,2,17,6,0,6,23
08/04/2014,STJ,MO,ACE,CE,Federal Contract Tower,0,0,11,0,11,0,1,32,0,33,0,1,43,0,44,12,0,12,56
08/05/2014,STJ,MO,ACE,CE,Federal Contract Tower,0,0,4,1,5,0,0,32,12,44,0,0,36,13,49,0,20,20,69
08/06/2014,STJ,MO,ACE,CE,Federal Contract Tower,0,0,2,0,2,0,0,36,22,58,0,0,38,22,60,31,20,51,111
08/07/2014,STJ,MO,ACE,CE,Federal Contract Tower,0,0,6,3,9,0,4,19,7,30,0,4,25,10,39,0,52,52,91
08/08/2014,STJ,MO,ACE,CE,Federal Contract Tower,0,0,10,11,21,0,0,26,2,28,0,0,36,13,49,4,4,8,57
08/09/2014,STJ,MO,ACE,CE,Federal Contract Tower,0,0,14,1,15,0,1,9,2,12,0,1,23,3,27,0,18,18,45
08/10/2014,STJ,MO,ACE,CE,Federal Contract Tower,0,0,5,1,6,0,0,1,0,1,0,0,6,1,7,0,0,0,7
08/11/2014,STJ,MO,ACE,CE,Federal Contract Tower,0,0,9,0,9,0,1,22,0,23,0,1,31,0,32,16,0,16,48
08/12/2014,STJ,MO,ACE,CE,Federal Contract Tower,0,0,11,14,25,0,1,35,11,47,0,1,46,25,72,22,34,56,128
08/13/2014,STJ,MO,ACE,CE,Federal Contract Tower,0,0,5,2,7,0,0,42,22,64,0,0,47,24,71,6,56,62,133
08/14/2014,STJ,MO,ACE,CE,Federal Contract Tower,0,0,7,0,7,0,1,47,3,51,0,1,54,3,58,22,46,68,126
08/15/2014,STJ,MO,ACE,CE,Federal Contract Tower,0,0,5,5,10,0,0,25,1,26,0,0,30,6,36,4,0,4,40
08/16/2014,STJ,MO,ACE,CE,Federal Contract Tower,0,0,8,0,8,0,0,20,0,20,0,0,28,0,28,8,0,8,36
08/17/2014,STJ,MO,ACE,CE,Federal Contract Tower,0,0,6,1,7,0,2,14,0,16,0,2,20,1,23,8,0,8,31
08/18/2014,STJ,MO,ACE,CE,Federal Contract Tower,0,0,8,3,11,0,2,21,0,23,0,2,29,3,34,4,0,4,38
08/19/2014,STJ,MO,ACE,CE,Federal Contract Tower,0,0,7,10,17,0,0,16,12,28,0,0,23,22,45,4,8,12,57
08/20/2014,STJ,MO,ACE,CE,Federal Contract Tower,0,0,8,4,12,0,0,14,26,40,0,0,22,30,52,12,26,38,90
08/21/2014,STJ,MO,ACE,CE,Federal Contract Tower,0,0,5,4,9,0,0,12,23,35,0,0,17,27,44,8,37,45,89
08/22/2014,STJ,MO,ACE,CE,Federal Contract Tower,0,1,10,0,11,0,0,14,0,14,0,1,24,0,25,0,42,42,67
08/23/2014,STJ,MO,ACE,CE,Federal Contract Tower,0,0,1,0,1,0,2,47,0,49,0,2,48,0,50,4,0,4,54
08/24/2014,STJ,MO,ACE,CE,Federal Contract Tower,0,0,3,0,3,0,3,18,0,21,0,3,21,0,24,24,0,24,48
08/25/2014,STJ,MO,ACE,CE,Federal Contract Tower,0,0,4,4,8,0,1,18,1,20,0,1,22,5,28,8,0,8,36
08/26/2014,STJ,MO,ACE,CE,Federal Contract Tower,0,0,5,0,5,0,0,5,0,5,0,0,10,0,10,0,0,0,10
08/27/2014,STJ,MO,ACE,CE,Federal Contract Tower,0,0,6,2,8,0,4,21,2,27,0,4,27,4,35,57,0,57,92
08/28/2014,STJ,MO,ACE,CE,Federal Contract Tower,0,0,16,1,17,0,2,24,2,28,0,2,40,3,45,17,0,17,62
08/29/2014,STJ,MO,ACE,CE,Federal Contract Tower,0,0,9,2,11,0,0,21,0,21,0,0,30,2,32,6,0,6,38
08/30/2014,STJ,MO,ACE,CE,Federal Contract Tower,0,0,4,0,4,0,2,39,0,41,0,2,43,0,45,15,0,15,60
08/31/2014,STJ,MO,ACE,CE,Federal Contract Tower,0,0,2,0,2,0,0,23,0,23,0,0,25,0,25,22,0,22,47
09/01/2014,STJ,MO,ACE,CE,Federal Contract Tower,0,0,9,0,9,0,0,22,0,22,0,0,31,0,31,2,0,2,33
09/02/2014,STJ,MO,ACE,CE,Federal Contract Tower,0,0,2,8,10,0,0,32,8,40,0,0,34,16,50,30,10,40,90
09/03/2014,STJ,MO,ACE,CE,Federal Contract Tower,0,0,5,18,23,0,0,8,0,8,0,0,13,18,31,20,0,20,51
09/04/2014,STJ,MO,ACE,CE,Federal Contract Tower,0,0,5,2,7,0,0,23,3,26,0,0,28,5,33,16,32,48,81
09/05/2014,STJ,MO,ACE,CE,Federal Contract Tower,0,0,2,3,5,0,0,6,0,6,0,0,8,3,11,8,0,8,19
09/06/2014,STJ,MO,ACE,CE,Federal Contract Tower,0,0,3,0,3,0,1,49,0,50,0,1,52,0,53,28,0,28,81
09/07/2014,STJ,MO,ACE,CE,Federal Contract Tower,0,0,0,0,0,0,2,28,0,30,0,2,28,0,30,32,0,32,62
09/08/2014,STJ,MO,ACE,CE,Federal Contract Tower,0,0,9,0,9,0,0,27,0,27,0,0,36,0,36,10,0,10,46
09/09/2014,STJ,MO,ACE,CE,Federal Contract Tower,0,0,14,12,26,0,0,23,1,24,0,0,37,13,50,0,4,4,54
09/10/2014,STJ,MO,ACE,CE,Federal Contract Tower,0,0,14,13,27,0,0,4,0,4,0,0,18,13,31,0,0,0,31
09/11/2014,STJ,MO,ACE,CE,Federal Contract Tower,0,0,7,10,17,0,0,21,9,30,0,0,28,19,47,0,24,24,71
09/12/2014,STJ,MO,ACE,CE,Federal Contract Tower,0,0,4,14,18,0,0,5,1,6,0,0,9,15,24,6,0,6,30
09/13/2014,STJ,MO,ACE,CE,Federal Contract Tower,0,0,14,0,14,0,0,34,2,36,0,0,48,2,50,6,4,10,60
09/14/2014,STJ,MO,ACE,CE,Federal Contract Tower,0,0,1,0,1,0,0,23,0,23,0,0,24,0,24,2,0,2,26
09/15/2014,STJ,MO,ACE,CE,Federal Contract Tower,0,0,12,3,15,0,1,5,0,6,0,1,17,3,21,0,0,0,21
09/16/2014,STJ,MO,ACE,CE,Federal Contract Tower,0,0,12,12,24,0,1,30,11,42,0,1,42,23,66,2,34,36,102
09/17/2014,STJ,MO,ACE,CE,Federal Contract Tower,0,0,8,19,27,0,0,24,0,24,0,0,32,19,51,8,2,10,61
09/18/2014,STJ,MO,ACE,CE,Federal Contract Tower,0,0,3,4,7,0,1,6,6,13,0,1,9,10,20,14,16,30,50
09/19/2014,STJ,MO,ACE,CE,Federal Contract Tower,0,0,17,16,33,6,0,0,0,6,6,0,17,16,39,14,0,14,53
09/20/2014,STJ,MO,ACE,CE,Federal Contract Tower,0,0,3,0,3,0,1,4,0,5,0,1,7,0,8,6,0,6,14
09/21/2014,STJ,MO,ACE,CE,Federal Contract Tower,0,0,0,0,0,0,0,20,0,20,0,0,20,0,20,22,0,22,42
09/22/2014,STJ,MO,ACE,CE,Federal Contract Tower,0,0,6,7,13,0,0,39,2,41,0,0,45,9,54,12,0,12,66
09/23/2014,STJ,MO,ACE,CE,Federal Contract Tower,0,0,7,0,7,0,0,22,0,22,0,0,29,0,29,0,0,0,29
09/24/2014,STJ,MO,ACE,CE,Federal Contract Tower,0,0,6,0,6,0,0,47,0,47,0,0,53,0,53,12,0,12,65
09/25/2014,STJ,MO,ACE,CE,Federal Contract Tower,0,0,8,0,8,0,1,40,2,43,0,1,48,2,51,4,0,4,55
09/26/2014,STJ,MO,ACE,CE,Federal Contract Tower,0,0,21,0,21,0,3,29,6,38,0,3,50,6,59,10,0,10,69
09/27/2014,STJ,MO,ACE,CE,Federal Contract Tower,0,0,6,0,6,0,0,29,0,29,0,0,35,0,35,14,0,14,49
09/28/2014,STJ,MO,ACE,CE,Federal Contract Tower,0,0,10,0,10,0,2,18,0,20,0,2,28,0,30,30,0,30,60
09/29/2014,STJ,MO,ACE,CE,Federal Contract Tower,0,0,6,0,6,0,1,26,2,29,0,1,32,2,35,24,0,24,59
09/30/2014,STJ,MO,ACE,CE,Federal Contract Tower,0,0,5,9,14,0,5,17,10,32,0,5,22,19,46,16,0,16,62
10/01/2014,STJ,MO,ACE,CE,Federal Contract Tower,0,0,6,21,27,0,0,7,2,9,0,0,13,23,36,0,15,15,51
10/02/2014,STJ,MO,ACE,CE,Federal Contract Tower,0,0,3,9,12,0,1,9,0,10,0,1,12,9,22,0,13,13,35
10/03/2014,STJ,MO,ACE,CE,Federal Contract Tower,0,0,14,2,16,0,3,6,0,9,0,3,20,2,25,8,0,8,33
10/04/2014,STJ,MO,ACE,CE,Federal Contract Tower,0,0,2,0,2,0,0,15,18,33,0,0,17,18,35,2,0,2,37
10/05/2014,STJ,MO,ACE,CE,Federal Contract Tower,0,0,4,0,4,0,0,27,0,27,0,0,31,0,31,0,0,0,31
10/06/2014,STJ,MO,ACE,CE,Federal Contract Tower,0,0,7,9,16,0,0,23,13,36,0,0,30,22,52,8,10,18,70
10/07/2014,STJ,MO,ACE,CE,Federal Contract Tower,0,0,14,7,21,0,0,27,9,36,0,0,41,16,57,6,6,12,69
10/08/2014,STJ,MO,ACE,CE,Federal Contract Tower,0,0,14,14,28,0,0,33,11,44,0,0,47,25,72,16,38,54,126
10/09/2014,STJ,MO,ACE,CE,Federal Contract Tower,0,0,14,0,14,0,0,2,0,2,0,0,16,0,16,6,0,6,22
10/10/2014,STJ,MO,ACE,CE,Federal Contract Tower,0,0,2,0,2,0,0,11,0,11,0,0,13,0,13,0,0,0,13
10/11/2014,STJ,MO,ACE,CE,Federal Contract Tower,0,2,8,0,10,0,0,43,0,43,0,2,51,0,53,34,0,34,87
10/12/2014,STJ,MO,ACE,CE,Federal Contract Tower,0,0,3,0,3,0,4,4,0,8,0,4,7,0,11,0,0,0,11
10/13/2014,STJ,MO,ACE,CE,Federal Contract Tower,0,0,9,1,10,0,0,0,0,0,0,0,9,1,10,0,0,0,10
10/14/2014,STJ,MO,ACE,CE,Federal Contract Tower,0,0,9,6,15,0,0,1,10,11,0,0,10,16,26,0,16,16,42
10/15/2014,STJ,MO,ACE,CE,Federal Contract Tower,0,0,19,17,36,0,0,27,23,50,0,0,46,40,86,36,16,52,138
10/16/2014,STJ,MO,ACE,CE,Federal Contract Tower,0,0,11,10,21,0,1,28,12,41,0,1,39,22,62,16,36,52,114
10/17/2014,STJ,MO,ACE,CE,Federal Contract Tower,0,0,0,0,0,0,0,34,2,36,0,0,34,2,36,36,12,48,84
10/18/2014,STJ,MO,ACE,CE,Federal Contract Tower,0,0,5,2,7,0,0,27,0,27,0,0,32,2,34,44,0,44,78
10/19/2014,STJ,MO,ACE,CE,Federal Contract Tower,0,0,2,0,2,0,0,45,0,45,0,0,47,0,47,4,0,4,51
10/20/2014,STJ,MO,ACE,CE,Federal Contract Tower,0,0,3,7,10,0,0,33,0,33,0,0,36,7,43,24,0,24,67
10/21/2014,STJ,MO,ACE,CE,Federal Contract Tower,0,0,14,12,26,0,2,24,7,33,0,2,38,19,59,2,40,42,101
10/22/2014,STJ,MO,ACE,CE,Federal Contract Tower,0,0,7,7,14,0,0,34,34,68,0,0,41,41,82,8,30,38,120
10/23/2014,STJ,MO,ACE,CE,Federal Contract Tower,0,0,10,11,21,0,0,23,9,32,0,0,33,20,53,36,60,96,149
10/24/2014,STJ,MO,ACE,CE,Federal Contract Tower,0,0,8,3,11,0,0,17,2,19,0,0,25,5,30,0,0,0,30
10/25/2014,STJ,MO,ACE,CE,Federal Contract Tower,0,0,1,0,1,0,0,30,0,30,0,0,31,0,31,40,0,40,71
10/26/2014,STJ,MO,ACE,CE,Federal Contract Tower,0,0,3,4,7,0,0,19,4,23,0,0,22,8,30,6,0,6,36
10/27/2014,STJ,MO,ACE,CE,Federal Contract Tower,0,0,1,6,7,0,2,12,0,14,0,2,13,6,21,0,0,0,21
10/28/2014,STJ,MO,ACE,CE,Federal Contract Tower,0,0,2,12,14,0,0,21,30,51,0,0,23,42,65,14,4,18,83
10/29/2014,STJ,MO,ACE,CE,Federal Contract Tower,0,0,16,7,23,0,0,41,13,54,0,0,57,20,77,14,56,70,147
10/30/2014,STJ,MO,ACE,CE,Federal Contract Tower,0,0,4,7,11,0,2,12,18,32,0,2,16,25,43,22,22,44,87
10/31/2014,STJ,MO,ACE,CE,Federal Contract Tower,0,0,1,7,8,0,2,18,1,21,0,2,19,8,29,4,0,4,33
11/01/2014,STJ,MO,ACE,CE,Federal Contract Tower,0,0,2,0,2,0,1,20,0,21,0,1,22,0,23,44,0,44,67
11/02/2014,STJ,MO,ACE,CE,Federal Contract Tower,0,0,2,5,7,0,1,3,0,4,0,1,5,5,11,0,0,0,11
11/03/2014,STJ,MO,ACE,CE,Federal Contract Tower,0,0,2,0,2,0,1,6,0,7,0,1,8,0,9,6,0,6,15
11/04/2014,STJ,MO,ACE,CE,Federal Contract Tower,0,0,6,4,10,0,0,17,16,33,0,0,23,20,43,14,26,40,83
11/05/2014,STJ,MO,ACE,CE,Federal Contract Tower,0,0,5,10,15,0,0,21,7,28,0,0,26,17,43,2,56,58,101
11/06/2014,STJ,MO,ACE,CE,Federal Contract Tower,0,0,7,7,14,0,0,1,12,13,0,0,8,19,27,18,47,65,92
11/07/2014,STJ,MO,ACE,CE,Federal Contract Tower,0,0,5,1,6,0,0,19,2,21,0,0,24,3,27,16,0,16,43
11/08/2014,STJ,MO,ACE,CE,Federal Contract Tower,0,0,2,0,2,0,4,16,0,20,0,4,18,0,22,16,0,16,38
11/09/2014,STJ,MO,ACE,CE,Federal Contract Tower,0,0,5,0,5,0,0,15,0,15,0,0,20,0,20,16,0,16,36
11/10/2014,STJ,MO,ACE,CE,Federal Contract Tower,0,0,4,0,4,0,0,14,0,14,0,0,18,0,18,18,0,18,36
11/11/2014,STJ,MO,ACE,CE,Federal Contract Tower,0,0,5,1,6,0,0,4,0,4,0,0,9,1,10,6,0,6,16
11/12/2014,STJ,MO,ACE,CE,Federal Contract Tower,0,0,11,9,20,0,1,9,13,23,0,1,20,22,43,2,54,56,99
11/13/2014,STJ,MO,ACE,CE,Federal Contract Tower,0,0,6,8,14,0,0,5,28,33,0,0,11,36,47,8,22,30,77
11/14/2014,STJ,MO,ACE,CE,Federal Contract Tower,0,0,4,3,7,0,1,13,0,14,0,1,17,3,21,8,0,8,29
11/15/2014,STJ,MO,ACE,CE,Federal Contract Tower,0,0,3,0,3,0,0,9,12,21,0,0,12,12,24,2,0,2,26
11/16/2014,STJ,MO,ACE,CE,Federal Contract Tower,0,0,3,1,4,0,0,7,0,7,0,0,10,1,11,8,0,8,19
11/17/2014,STJ,MO,ACE,CE,Federal Contract Tower,0,0,5,1,6,0,1,4,0,5,0,1,9,1,11,0,0,0,11
11/18/2014,STJ,MO,ACE,CE,Federal Contract Tower,0,0,7,3,10,0,0,7,10,17,0,0,14,13,27,0,10,10,37
11/19/2014,STJ,MO,ACE,CE,Federal Contract Tower,0,0,14,6,20,0,0,10,3,13,0,0,24,9,33,12,0,12,45
11/20/2014,STJ,MO,ACE,CE,Federal Contract Tower,0,0,5,4,9,0,1,29,21,51,0,1,34,25,60,14,36,50,110
11/21/2014,STJ,MO,ACE,CE,Federal Contract Tower,0,0,2,4,6,0,0,12,0,12,0,0,14,4,18,4,0,4,22
11/22/2014,STJ,MO,ACE,CE,Federal Contract Tower,0,0,13,0,13,0,0,0,0,0,0,0,13,0,13,0,0,0,13
11/23/2014,STJ,MO,ACE,CE,Federal Contract Tower,0,0,1,1,2,0,0,0,0,0,0,0,1,1,2,0,0,0,2
11/24/2014,STJ,MO,ACE,CE,Federal Contract Tower,0,0,2,6,8,0,0,4,2,6,0,0,6,8,14,8,0,8,22
11/25/2014,STJ,MO,ACE,CE,Federal Contract Tower,0,0,13,1,14,0,0,19,18,37,0,0,32,19,51,2,20,22,73
11/26/2014,STJ,MO,ACE,CE,Federal Contract Tower,0,0,4,7,11,0,0,3,4,7,0,0,7,11,18,0,0,0,18
11/27/2014,STJ,MO,ACE,CE,Federal Contract Tower,0,0,1,0,1,0,0,13,0,13,0,0,14,0,14,10,0,10,24
11/28/2014,STJ,MO,ACE,CE,Federal Contract Tower,0,0,4,0,4,0,1,18,0,19,0,1,22,0,23,10,0,10,33
11/29/2014,STJ,MO,ACE,CE,Federal Contract Tower,0,0,1,0,1,0,0,22,0,22,0,0,23,0,23,2,0,2,25
11/30/2014,STJ,MO,ACE,CE,Federal Contract Tower,0,0,2,0,2,0,0,5,0,5,0,0,7,0,7,0,0,0,7
12/01/2014,STJ,MO,ACE,CE,Federal Contract Tower,0,0,5,5,10,0,0,1,7,8,0,0,6,12,18,0,0,0,18
12/02/2014,STJ,MO,ACE,CE,Federal Contract Tower,0,0,4,19,23,1,0,18,7,26,1,0,22,26,49,10,30,40,89
12/03/2014,STJ,MO,ACE,CE,Federal Contract Tower,0,0,10,7,17,0,0,10,14,24,0,0,20,21,41,26,90,116,157
12/04/2014,STJ,MO,ACE,CE,Federal Contract Tower,0,0,4,25,29,0,0,4,7,11,0,0,8,32,40,20,12,32,72
12/05/2014,STJ,MO,ACE,CE,Federal Contract Tower,0,0,1,0,1,0,0,0,0,0,0,0,1,0,1,0,0,0,1
12/06/2014,STJ,MO,ACE,CE,Federal Contract Tower,0,0,5,0,5,0,0,0,0,0,0,0,5,0,5,0,0,0,5
12/07/2014,STJ,MO,ACE,CE,Federal Contract Tower,0,0,2,3,5,0,0,0,0,0,0,0,2,3,5,0,0,0,5
12/08/2014,STJ,MO,ACE,CE,Federal Contract Tower,0,0,9,12,21,0,4,29,6,39,0,4,38,18,60,6,0,6,66
12/09/2014,STJ,MO,ACE,CE,Federal Contract Tower,0,0,23,17,40,0,0,2,3,5,0,0,25,20,45,8,12,20,65
12/10/2014,STJ,MO,ACE,CE,Federal Contract Tower,0,0,8,39,47,0,0,0,7,7,0,0,8,46,54,0,20,20,74
12/11/2014,STJ,MO,ACE,CE,Federal Contract Tower,0,0,6,26,32,0,0,0,0,0,0,0,6,26,32,0,0,0,32
12/12/2014,STJ,MO,ACE,CE,Federal Contract Tower,0,0,5,3,8,0,0,19,4,23,0,0,24,7,31,14,2,16,47
12/13/2014,STJ,MO,ACE,CE,Federal Contract Tower,0,0,3,12,15,0,0,0,0,0,0,0,3,12,15,0,0,0,15
12/14/2014,STJ,MO,ACE,CE,Federal Contract Tower,0,0,8,0,8,0,0,3,0,3,0,0,11,0,11,40,0,40,51
12/15/2014,STJ,MO,ACE,CE,Federal Contract Tower,0,0,12,5,17,0,0,4,0,4,0,0,16,5,21,20,0,20,41
12/16/2014,STJ,MO,ACE,CE,Federal Contract Tower,0,0,6,5,11,0,1,6,23,30,0,1,12,28,41,0,16,16,57
12/17/2014,STJ,MO,ACE,CE,Federal Contract Tower,0,0,11,8,19,0,0,22,10,32,0,0,33,18,51,14,26,40,91
12/18/2014,STJ,MO,ACE,CE,Federal Contract Tower,0,0,4,0,4,0,0,0,0,0,0,0,4,0,4,0,0,0,4
12/19/2014,STJ,MO,ACE,CE,Federal Contract Tower,0,0,7,1,8,0,0,2,0,2,0,0,9,1,10,0,0,0,10
12/20/2014,STJ,MO,ACE,CE,Federal Contract Tower,0,0,5,0,5,0,0,11,0,11,0,0,16,0,16,22,0,22,38
12/21/2014,STJ,MO,ACE,CE,Federal Contract Tower,0,0,2,0,2,0,0,2,0,2,0,0,4,0,4,18,0,18,22
12/22/2014,STJ,MO,ACE,CE,Federal Contract Tower,0,2,0,0,2,0,0,0,0,0,0,2,0,0,2,0,0,0,2
12/23/2014,STJ,MO,ACE,CE,Federal Contract Tower,0,0,7,6,13,0,0,6,0,6,0,0,13,6,19,2,0,2,21
12/24/2014,STJ,MO,ACE,CE,Federal Contract Tower,0,0,0,0,0,0,2,5,0,7,0,2,5,0,7,0,0,0,7
12/25/2014,STJ,MO,ACE,CE,Federal Contract Tower,0,0,1,0,1,0,2,6,0,8,0,2,7,0,9,0,0,0,9
12/26/2014,STJ,MO,ACE,CE,Federal Contract Tower,0,1,5,0,6,0,0,4,0,4,0,1,9,0,10,4,0,4,14
12/27/2014,STJ,MO,ACE,CE,Federal Contract Tower,0,1,6,0,7,0,0,6,0,6,0,1,12,0,13,0,0,0,13
12/28/2014,STJ,MO,ACE,CE,Federal Contract Tower,0,0,1,0,1,0,0,57,0,57,0,0,58,0,58,28,0,28,86
12/29/2014,STJ,MO,ACE,CE,Federal Contract Tower,0,0,2,0,2,0,0,25,0,25,0,0,27,0,27,12,0,12,39
12/30/2014,STJ,MO,ACE,CE,Federal Contract Tower,0,0,8,4,12,0,0,20,15,35,0,0,28,19,47,16,14,30,77
12/31/2014,STJ,MO,ACE,CE,Federal Contract Tower,0,0,3,0,3,0,1,7,0,8,0,1,10,0,11,0,0,0,11
01/01/2015,STJ,MO,ACE,CE,Federal Contract Tower,0,0,5,0,5,0,0,4,0,4,0,0,9,0,9,0,0,0,9
01/02/2015,STJ,MO,ACE,CE,Federal Contract Tower,0,0,7,0,7,0,2,27,0,29,0,2,34,0,36,10,0,10,46
01/03/2015,STJ,MO,ACE,CE,Federal Contract Tower,0,0,6,0,6,0,0,2,0,2,0,0,8,0,8,22,0,22,30
01/04/2015,STJ,MO,ACE,CE,Federal Contract Tower,0,0,2,2,4,0,0,4,0,4,0,0,6,2,8,0,0,0,8
01/05/2015,STJ,MO,ACE,CE,Federal Contract Tower,0,0,5,0,5,0,0,20,0,20,0,0,25,0,25,6,0,6,31
01/06/2015,STJ,MO,ACE,CE,Federal Contract Tower,0,0,11,4,15,0,1,20,0,21,0,1,31,4,36,2,0,2,38
01/07/2015,STJ,MO,ACE,CE,Federal Contract Tower,0,0,9,1,10,0,0,4,1,5,0,0,13,2,15,0,0,0,15
01/08/2015,STJ,MO,ACE,CE,Federal Contract Tower,0,0,12,2,14,0,0,4,0,4,0,0,16,2,18,0,0,0,18
01/09/2015,STJ,MO,ACE,CE,Federal Contract Tower,0,0,7,8,15,0,5,6,1,12,0,5,13,9,27,0,0,0,27
01/10/2015,STJ,MO,ACE,CE,Federal Contract Tower,0,0,1,0,1,0,1,34,0,35,0,1,35,0,36,4,0,4,40
01/11/2015,STJ,MO,ACE,CE,Federal Contract Tower,0,0,1,0,1,0,0,26,0,26,0,0,27,0,27,24,0,24,51
01/12/2015,STJ,MO,ACE,CE,Federal Contract Tower,0,0,2,1,3,0,0,8,10,18,0,0,10,11,21,0,8,8,29
01/13/2015,STJ,MO,ACE,CE,Federal Contract Tower,0,0,3,0,3,0,0,5,0,5,0,0,8,0,8,18,0,18,26
01/14/2015,STJ,MO,ACE,CE,Federal Contract Tower,0,0,7,6,13,0,1,1,0,2,0,1,8,6,15,0,0,0,15
01/15/2015,STJ,MO,ACE,CE,Federal Contract Tower,0,0,6,0,6,0,2,11,0,13,0,2,17,0,19,0,0,0,19
01/16/2015,STJ,MO,ACE,CE,Federal Contract Tower,0,0,2,2,4,0,0,28,0,28,0,0,30,2,32,12,0,12,44
01/17/2015,STJ,MO,ACE,CE,Federal Contract Tower,0,0,2,0,2,0,0,7,0,7,0,0,9,0,9,0,0,0,9
01/18/2015,STJ,MO,ACE,CE,Federal Contract Tower,0,0,4,0,4,0,0,30,0,30,0,0,34,0,34,30,0,30,64
01/19/2015,STJ,MO,ACE,CE,Federal Contract Tower,0,0,3,0,3,0,0,26,0,26,0,0,29,0,29,62,0,62,91
01/20/2015,STJ,MO,ACE,CE,Federal Contract Tower,0,0,7,9,16,0,1,14,10,25,0,1,21,19,41,4,48,52,93
01/21/2015,STJ,MO,ACE,CE,Federal Contract Tower,0,0,10,23,33,0,0,5,8,13,0,0,15,31,46,0,47,47,93
01/22/2015,STJ,MO,ACE,CE,Federal Contract Tower,0,0,11,5,16,0,0,11,30,41,0,0,22,35,57,26,90,116,173
01/23/2015,STJ,MO,ACE,CE,Federal Contract Tower,0,0,5,7,12,0,0,13,23,36,0,0,18,30,48,10,18,28,76
01/24/2015,STJ,MO,ACE,CE,Federal Contract Tower,0,0,4,0,4,0,0,20,0,20,0,0,24,0,24,12,0,12,36
01/25/2015,STJ,MO,ACE,CE,Federal Contract Tower,0,0,5,0,5,0,0,0,0,0,0,0,5,0,5,18,0,18,23
01/26/2015,STJ,MO,ACE,CE,Federal Contract Tower,0,0,1,0,1,0,0,8,2,10,0,0,9,2,11,0,0,0,11
01/27/2015,STJ,MO,ACE,CE,Federal Contract Tower,0,0,9,5,14,0,0,19,24,43,0,0,28,29,57,4,42,46,103
01/28/2015,STJ,MO,ACE,CE,Federal Contract Tower,0,0,3,14,17,0,2,29,18,49,0,2,32,32,66,0,44,44,110
01/29/2015,STJ,MO,ACE,CE,Federal Contract Tower,0,0,5,15,20,0,0,4,21,25,0,0,9,36,45,10,26,36,81
01/30/2015,STJ,MO,ACE,CE,Federal Contract Tower,0,0,3,1,4,0,0,7,1,8,0,0,10,2,12,12,0,12,24
01/31/2015,STJ,MO,ACE,CE,Federal Contract Tower,0,0,2,0,2,0,0,0,0,0,0,0,2,0,2,0,0,0,2
02/02/2015,STJ,MO,ACE,CE,Federal Contract Tower,0,0,7,0,7,0,0,1,0,1,0,0,8,0,8,0,0,0,8
02/03/2015,STJ,MO,ACE,CE,Federal Contract Tower,0,0,7,0,7,0,2,6,0,8,0,2,13,0,15,22,0,22,37
02/04/2015,STJ,MO,ACE,CE,Federal Contract Tower,0,0,11,2,13,0,0,20,2,22,0,0,31,4,35,0,0,0,35
02/05/2015,STJ,MO,ACE,CE,Federal Contract Tower,0,0,7,0,7,0,0,4,14,18,0,0,11,14,25,0,26,26,51
02/06/2015,STJ,MO,ACE,CE,Federal Contract Tower,0,0,5,3,8,0,0,7,21,28,0,0,12,24,36,0,4,4,40
02/07/2015,STJ,MO,ACE,CE,Federal Contract Tower,0,0,14,0,14,0,0,29,0,29,0,0,43,0,43,6,0,6,49
02/08/2015,STJ,MO,ACE,CE,Federal Contract Tower,0,0,2,3,5,0,1,33,0,34,0,1,35,3,39,26,0,26,65
02/09/2015,STJ,MO,ACE,CE,Federal Contract Tower,0,0,0,4,4,0,0,5,0,5,0,0,5,4,9,0,0,0,9
02/10/2015,STJ,MO,ACE,CE,Federal Contract Tower,0,0,16,12,28,0,0,16,9,25,0,0,32,21,53,40,30,70,123
02/11/2015,STJ,MO,ACE,CE,Federal Contract Tower,0,0,10,18,28,0,0,6,21,27,0,0,16,39,55,0,0,0,55
02/12/2015,STJ,MO,ACE,CE,Federal Contract Tower,0,0,2,5,7,0,0,7,25,32,0,0,9,30,39,18,24,42,81
02/13/2015,STJ,MO,ACE,CE,Federal Contract Tower,0,0,12,2,14,0,2,27,0,29,0,2,39,2,43,4,0,4,47
02/14/2015,STJ,MO,ACE,CE,Federal Contract Tower,0,0,3,0,3,0,0,6,0,6,0,0,9,0,9,2,0,2,11
02/15/2015,STJ,MO,ACE,CE,Federal Contract Tower,0,0,1,0,1,0,2,3,0,5,0,2,4,0,6,0,0,0,6
02/16/2015,STJ,MO,ACE,CE,Federal Contract Tower,0,0,2,0,2,0,0,0,0,0,0,0,2,0,2,0,0,0,2
02/17/2015,STJ,MO,ACE,CE,Federal Contract Tower,0,0,5,6,11,0,0,1,1,2,0,0,6,7,13,14,0,14,27
02/18/2015,STJ,MO,ACE,CE,Federal Contract Tower,0,0,8,0,8,0,0,16,2,18,0,0,24,2,26,18,0,18,44
02/19/2015,STJ,MO,ACE,CE,Federal Contract Tower,0,0,2,1,3,0,0,6,0,6,0,0,8,1,9,6,0,6,15
02/20/2015,STJ,MO,ACE,CE,Federal Contract Tower,0,0,0,18,18,0,0,0,0,0,0,0,0,18,18,0,0,0,18
02/21/2015,STJ,MO,ACE,CE,Federal Contract Tower,0,0,3,0,3,0,1,19,0,20,0,1,22,0,23,30,0,30,53
02/22/2015,STJ,MO,ACE,CE,Federal Contract Tower,0,0,3,1,4,0,0,5,0,5,0,0,8,1,9,0,4,4,13
02/23/2015,STJ,MO,ACE,CE,Federal Contract Tower,0,0,3,2,5,0,0,7,0,7,0,0,10,2,12,0,0,0,12
02/24/2015,STJ,MO,ACE,CE,Federal Contract Tower,0,0,4,0,4,0,0,7,0,7,0,0,11,0,11,6,0,6,17
02/25/2015,STJ,MO,ACE,CE,Federal Contract Tower,0,0,10,10,20,0,0,9,8,17,0,0,19,18,37,4,22,26,63
02/26/2015,STJ,MO,ACE,CE,Federal Contract Tower,0,0,6,0,6,0,0,1,0,1,0,0,7,0,7,0,0,0,7
02/27/2015,STJ,MO,ACE,CE,Federal Contract Tower,0,0,5,2,7,0,0,7,4,11,0,0,12,6,18,8,20,28,46
02/28/2015,STJ,MO,ACE,CE,Federal Contract Tower,0,0,2,0,2,0,0,2,0,2,0,0,4,0,4,0,0,0,4
03/01/2015,STJ,MO,ACE,CE,Federal Contract Tower,0,0,5,1,6,0,1,4,0,5,0,1,9,1,11,6,0,6,17
03/02/2015,STJ,MO,ACE,CE,Federal Contract Tower,0,0,5,10,15,0,0,9,10,19,0,0,14,20,34,23,42,65,99
03/03/2015,STJ,MO,ACE,CE,Federal Contract Tower,0,0,3,7,10,0,0,2,15,17,0,0,5,22,27,8,14,22,49
03/04/2015,STJ,MO,ACE,CE,Federal Contract Tower,0,0,0,3,3,0,0,5,23,28,0,0,5,26,31,0,3,3,34
03/05/2015,STJ,MO,ACE,CE,Federal Contract Tower,0,0,5,11,16,0,0,10,28,38,0,0,15,39,54,30,16,46,100
03/06/2015,STJ,MO,ACE,CE,Federal Contract Tower,0,0,10,2,12,0,2,14,6,22,0,2,24,8,34,2,0,2,36
03/07/2015,STJ,MO,ACE,CE,Federal Contract Tower,0,0,5,1,6,0,0,54,2,56,0,0,59,3,62,22,0,22,84
03/08/2015,STJ,MO,ACE,CE,Federal Contract Tower,0,0,1,0,1,0,0,21,0,21,0,0,22,0,22,24,0,24,46
03/09/2015,STJ,MO,ACE,CE,Federal Contract Tower,0,0,6,5,11,0,0,26,6,32,0,0,32,11,43,58,2,60,103
03/10/2015,STJ,MO,ACE,CE,Federal Contract Tower,0,0,6,7,13,0,0,13,11,24,0,0,19,18,37,31,28,59,96
03/11/2015,STJ,MO,ACE,CE,Federal Contract Tower,0,0,8,3,11,0,0,17,8,25,0,0,25,11,36,16,6,22,58
03/12/2015,STJ,MO,ACE,CE,Federal Contract Tower,0,1,1,10,12,0,0,23,19,42,0,1,24,29,54,26,46,72,126
03/13/2015,STJ,MO,ACE,CE,Federal Contract Tower,0,0,2,11,13,0,0,22,8,30,0,0,24,19,43,4,28,32,75
03/14/2015,STJ,MO,ACE,CE,Federal Contract Tower,0,0,3,0,3,0,4,21,0,25,0,4,24,0,28,6,0,6,34
03/15/2015,STJ,MO,ACE,CE,Federal Contract Tower,0,0,0,0,0,0,1,10,0,11,0,1,10,0,11,8,0,8,19
03/16/2015,STJ,MO,ACE,CE,Federal Contract Tower,0,0,0,1,1,0,0,6,0,6,0,0,6,1,7,0,0,0,7
03/17/2015,STJ,MO,ACE,CE,Federal Contract Tower,0,0,6,9,15,0,4,12,6,22,0,4,18,15,37,4,0,4,41
03/18/2015,STJ,MO,ACE,CE,Federal Contract Tower,0,0,5,16,21,0,0,3,6,9,0,0,8,22,30,0,26,26,56
03/19/2015,STJ,MO,ACE,CE,Federal Contract Tower,0,0,4,10,14,0,0,0,0,0,0,0,4,10,14,0,0,0,14
03/20/2015,STJ,MO,ACE,CE,Federal Contract Tower,0,0,5,3,8,0,4,28,17,49,0,4,33,20,57,28,30,58,115
03/21/2015,STJ,MO,ACE,CE,Federal Contract Tower,0,0,11,0,11,0,0,38,0,38,0,0,49,0,49,20,0,20,69
03/22/2015,STJ,MO,ACE,CE,Federal Contract Tower,0,0,5,0,5,0,2,29,0,31,0,2,34,0,36,14,0,14,50
03/23/2015,STJ,MO,ACE,CE,Federal Contract Tower,0,0,3,12,15,0,0,12,4,16,0,0,15,16,31,2,0,2,33
03/24/2015,STJ,MO,ACE,CE,Federal Contract Tower,0,0,2,6,8,0,0,0,0,0,0,0,2,6,8,0,0,0,8
03/25/2015,STJ,MO,ACE,CE,Federal Contract Tower,0,0,13,2,15,0,0,3,0,3,0,0,16,2,18,0,0,0,18
03/26/2015,STJ,MO,ACE,CE,Federal Contract Tower,0,0,11,1,12,0,0,14,28,42,0,0,25,29,54,28,10,38,92
03/27/2015,STJ,MO,ACE,CE,Federal Contract Tower,0,0,1,2,3,0,0,25,0,25,0,0,26,2,28,68,0,68,96
03/28/2015,STJ,MO,ACE,CE,Federal Contract Tower,0,0,2,0,2,0,0,19,0,19,0,0,21,0,21,8,0,8,29
03/29/2015,STJ,MO,ACE,CE,Federal Contract Tower,0,0,2,0,2,0,0,12,0,12,0,0,14,0,14,2,0,2,16
03/30/2015,STJ,MO,ACE,CE,Federal Contract Tower,0,0,2,4,6,0,6,15,0,21,0,6,17,4,27,32,0,32,59
03/31/2015,STJ,MO,ACE,CE,Federal Contract Tower,0,0,10,8,18,0,1,29,2,32,0,1,39,10,50,42,0,42,92
04/01/2015,STJ,MO,ACE,CE,Federal Contract Tower,0,0,17,11,28,0,2,5,12,19,0,2,22,23,47,8,16,24,71
04/02/2015,STJ,MO,ACE,CE,Federal Contract Tower,0,0,5,2,7,0,0,12,4,16,0,0,17,6,23,2,10,12,35
04/03/2015,STJ,MO,ACE,CE,Federal Contract Tower,0,0,5,3,8,0,1,8,6,15,0,1,13,9,23,0,26,26,49
04/04/2015,STJ,MO,ACE,CE,Federal Contract Tower,0,0,1,0,1,0,0,35,0,35,0,0,36,0,36,0,0,0,36
04/05/2015,STJ,MO,ACE,CE,Federal Contract Tower,0,0,3,0,3,0,0,3,0,3,0,0,6,0,6,0,0,0,6
04/06/2015,STJ,MO,ACE,CE,Federal Contract Tower,0,0,5,0,5,0,0,0,0,0,0,0,5,0,5,0,0,0,5
04/07/2015,STJ,MO,ACE,CE,Federal Contract Tower,0,0,13,16,29,0,0,8,3,11,0,0,21,19,40,8,4,12,52
04/08/2015,STJ,MO,ACE,CE,Federal Contract Tower,0,0,14,0,14,0,0,0,0,0,0,0,14,0,14,0,0,0,14
04/09/2015,STJ,MO,ACE,CE,Federal Contract Tower,0,1,4,1,6,0,1,6,19,26,0,2,10,20,32,0,4,4,36
04/10/2015,STJ,MO,ACE,CE,Federal Contract Tower,0,0,13,18,31,0,0,22,6,28,0,0,35,24,59,12,0,12,71
04/11/2015,STJ,MO,ACE,CE,Federal Contract Tower,0,0,8,3,11,0,0,27,2,29,0,0,35,5,40,16,6,22,62
04/12/2015,STJ,MO,ACE,CE,Federal Contract Tower,0,0,5,1,6,0,2,5,0,7,0,2,10,1,13,12,0,12,25
04/13/2015,STJ,MO,ACE,CE,Federal Contract Tower,0,1,6,4,11,0,0,19,12,31,0,1,25,16,42,0,0,0,42
04/14/2015,STJ,MO,ACE,CE,Federal Contract Tower,0,0,6,21,27,0,1,25,14,40,0,1,31,35,67,14,24,38,105
04/15/2015,STJ,MO,ACE,CE,Federal Contract Tower,0,0,12,11,23,0,4,9,23,36,0,4,21,34,59,0,20,20,79
04/16/2015,STJ,MO,ACE,CE,Federal Contract Tower,0,0,4,9,13,0,2,26,22,50,0,2,30,31,63,20,24,44,107
04/17/2015,STJ,MO,ACE,CE,Federal Contract Tower,0,0,5,3,8,0,0,25,2,27,0,0,30,5,35,0,0,0,35
04/18/2015,STJ,MO,ACE,CE,Federal Contract Tower,0,0,1,0,1,0,0,6,0,6,0,0,7,0,7,14,0,14,21
04/19/2015,STJ,MO,ACE,CE,Federal Contract Tower,0,0,6,0,6,0,0,0,0,0,0,0,6,0,6,0,0,0,6
04/20/2015,STJ,MO,ACE,CE,Federal Contract Tower,0,0,5,4,9,0,0,5,0,5,0,0,10,4,14,0,0,0,14
04/21/2015,STJ,MO,ACE,CE,Federal Contract Tower,0,0,6,2,8,0,0,14,12,26,0,0,20,14,34,24,10,34,68
04/22/2015,STJ,MO,ACE,CE,Federal Contract Tower,0,0,12,0,12,0,0,31,0,31,0,0,43,0,43,21,0,21,64
04/23/2015,STJ,MO,ACE,CE,Federal Contract Tower,0,1,13,0,14,0,1,16,0,17,0,2,29,0,31,8,6,14,45
04/24/2015,STJ,MO,ACE,CE,Federal Contract Tower,0,0,4,2,6,0,0,27,1,28,0,0,31,3,34,0,0,0,34
04/25/2015,STJ,MO,ACE,CE,Federal Contract Tower,0,0,7,0,7,0,0,3,0,3,0,0,10,0,10,0,0,0,10
04/26/2015,STJ,MO,ACE,CE,Federal Contract Tower,0,0,5,0,5,0,2,12,0,14,0,2,17,0,19,4,0,4,23
04/27/2015,STJ,MO,ACE,CE,Federal Contract Tower,0,0,5,0,5,0,2,17,0,19,0,2,22,0,24,6,0,6,30
04/28/2015,STJ,MO,ACE,CE,Federal Contract Tower,0,0,8,10,18,0,1,22,10,33,0,1,30,20,51,6,0,6,57
04/29/2015,STJ,MO,ACE,CE,Federal Contract Tower,0,0,3,4,7,0,1,18,2,21,0,1,21,6,28,6,10,16,44
04/30/2015,STJ,MO,ACE,CE,Federal Contract Tower,0,0,10,8,18,0,1,30,4,35,0,1,40,12,53,12,48,60,113
05/01/2015,STJ,MO,ACE,CE,Federal Contract Tower,0,0,2,0,2,0,0,33,0,33,0,0,35,0,35,42,0,42,77
05/02/2015,STJ,MO,ACE,CE,Federal Contract Tower,0,0,6,6,12,0,0,7,2,9,0,0,13,8,21,14,18,32,53
05/03/2015,STJ,MO,ACE,CE,Federal Contract Tower,0,0,2,4,6,0,6,22,0,28,0,6,24,4,34,8,36,44,78
05/04/2015,STJ,MO,ACE,CE,Federal Contract Tower,0,0,4,4,8,0,0,25,0,25,0,0,29,4,33,16,0,16,49
05/05/2015,STJ,MO,ACE,CE,Federal Contract Tower,0,0,2,0,2,0,4,23,0,27,0,4,25,0,29,14,0,14,43
05/06/2015,STJ,MO,ACE,CE,Federal Contract Tower,0,0,8,0,8,0,0,0,3,3,0,0,8,3,11,0,0,0,11
05/07/2015,STJ,MO,ACE,CE,Federal Contract Tower,0,0,8,2,10,0,5,8,0,13,0,5,16,2,23,6,0,6,29
05/08/2015,STJ,MO,ACE,CE,Federal Contract Tower,1,0,11,0,12,0,1,28,0,29,1,1,39,0,41,8,0,8,49
05/09/2015,STJ,MO,ACE,CE,Federal Contract Tower,0,0,4,0,4,0,0,12,0,12,0,0,16,0,16,0,0,0,16
05/10/2015,STJ,MO,ACE,CE,Federal Contract Tower,0,0,0,0,0,0,1,2,0,3,0,1,2,0,3,0,0,0,3
05/11/2015,STJ,MO,ACE,CE,Federal Contract Tower,0,0,18,13,31,0,0,5,1,6,0,0,23,14,37,6,6,12,49
05/12/2015,STJ,MO,ACE,CE,Federal Contract Tower,0,0,11,6,17,0,1,34,6,41,0,1,45,12,58,34,12,46,104
05/13/2015,STJ,MO,ACE,CE,Federal Contract Tower,0,0,6,5,11,0,2,20,10,32,0,2,26,15,43,2,22,24,67
05/14/2015,STJ,MO,ACE,CE,Federal Contract Tower,0,0,19,2,21,0,0,1,0,1,0,0,20,2,22,0,0,0,22
05/15/2015,STJ,MO,ACE,CE,Federal Contract Tower,0,0,12,2,14,0,0,6,2,8,0,0,18,4,22,38,0,38,60
05/16/2015,STJ,MO,ACE,CE,Federal Contract Tower,0,0,2,0,2,0,0,16,0,16,0,0,18,0,18,34,0,34,52
05/17/2015,STJ,MO,ACE,CE,Federal Contract Tower,0,0,4,3,7,0,0,6,0,6,0,0,10,3,13,2,0,2,15
05/18/2015,STJ,MO,ACE,CE,Federal Contract Tower,0,0,6,0,6,0,0,27,0,27,0,0,33,0,33,10,0,10,43
05/19/2015,STJ,MO,ACE,CE,Federal Contract Tower,0,0,15,0,15,0,0,15,0,15,0,0,30,0,30,26,0,26,56
05/20/2015,STJ,MO,ACE,CE,Federal Contract Tower,0,0,6,1,7,0,0,3,0,3,0,0,9,1,10,0,0,0,10
05/21/2015,STJ,MO,ACE,CE,Federal Contract Tower,0,0,16,0,16,0,1,36,0,37,0,1,52,0,53,10,0,10,63
05/22/2015,STJ,MO,ACE,CE,Federal Contract Tower,0,0,19,0,19,0,0,17,0,17,0,0,36,0,36,0,0,0,36
05/23/2015,STJ,MO,ACE,CE,Federal Contract Tower,0,0,2,0,2,0,1,17,0,18,0,1,19,0,20,10,0,10,30
05/24/2015,STJ,MO,ACE,CE,Federal Contract Tower,0,0,0,0,0,0,0,0,0,0,0,0,0,0,0,0,0,0,0
05/25/2015,STJ,MO,ACE,CE,Federal Contract Tower,0,0,1,0,1,0,0,6,0,6,0,0,7,0,7,4,0,4,11
05/26/2015,STJ,MO,ACE,CE,Federal Contract Tower,0,0,14,1,15,0,6,9,0,15,0,6,23,1,30,14,0,14,44
05/27/2015,STJ,MO,ACE,CE,Federal Contract Tower,0,0,16,5,21,0,0,40,6,46,0,0,56,11,67,38,18,56,123
05/28/2015,STJ,MO,ACE,CE,Federal Contract Tower,0,0,2,2,4,0,0,16,4,20,0,0,18,6,24,10,12,22,46
05/29/2015,STJ,MO,ACE,CE,Federal Contract Tower,0,0,7,1,8,0,0,1,3,4,0,0,8,4,12,0,0,0,12
05/30/2015,STJ,MO,ACE,CE,Federal Contract Tower,0,0,2,2,4,0,1,9,0,10,0,1,11,2,14,10,0,10,24
05/31/2015,STJ,MO,ACE,CE,Federal Contract Tower,2,0,5,0,7,0,0,37,0,37,2,0,42,0,44,18,0,18,62
06/01/2015,STJ,MO,ACE,CE,Federal Contract Tower,0,0,3,1,4,0,0,15,1,16,0,0,18,2,20,8,0,8,28
06/02/2015,STJ,MO,ACE,CE,Federal Contract Tower,0,0,14,6,20,0,0,16,3,19,0,0,30,9,39,14,2,16,55
06/03/2015,STJ,MO,ACE,CE,Federal Contract Tower,0,0,4,5,9,0,1,7,0,8,0,1,11,5,17,0,4,4,21
06/04/2015,STJ,MO,ACE,CE,Federal Contract Tower,0,0,5,0,5,0,0,20,0,20,0,0,25,0,25,0,0,0,25
06/05/2015,STJ,MO,ACE,CE,Federal Contract Tower,0,0,4,2,6,0,0,26,0,26,0,0,30,2,32,2,0,2,34
06/06/2015,STJ,MO,ACE,CE,Federal Contract Tower,0,0,4,4,8,0,0,20,5,25,0,0,24,9,33,24,0,24,57
06/07/2015,STJ,MO,ACE,CE,Federal Contract Tower,0,0,1,0,1,0,1,12,0,13,0,1,13,0,14,26,0,26,40
06/08/2015,STJ,MO,ACE,CE,Federal Contract Tower,0,0,5,7,12,0,2,44,8,54,0,2,49,15,66,4,0,4,70
06/09/2015,STJ,MO,ACE,CE,Federal Contract Tower,0,0,5,1,6,0,1,66,1,68,0,1,71,2,74,26,48,74,148
06/10/2015,STJ,MO,ACE,CE,Federal Contract Tower,0,0,1,13,14,0,0,29,11,40,0,0,30,24,54,6,22,28,82
06/11/2015,STJ,MO,ACE,CE,Federal Contract Tower,0,0,4,8,12,0,0,17,14,31,0,0,21,22,43,0,12,12,55
06/12/2015,STJ,MO,ACE,CE,Federal Contract Tower,0,0,8,8,16,0,0,16,0,16,0,0,24,8,32,12,0,12,44
06/13/2015,STJ,MO,ACE,CE,Federal Contract Tower,0,1,3,0,4,0,0,58,0,58,0,1,61,0,62,34,0,34,96
06/14/2015,STJ,MO,ACE,CE,Federal Contract Tower,0,0,1,1,2,0,0,22,0,22,0,0,23,1,24,18,0,18,42
06/16/2015,STJ,MO,ACE,CE,Federal Contract Tower,0,0,0,1,1,0,0,38,5,43,0,0,38,6,44,18,6,24,68
06/17/2015,STJ,MO,ACE,CE,Federal Contract Tower,0,0,7,0,7,0,0,36,5,41,0,0,43,5,48,18,2,20,68
06/18/2015,STJ,MO,ACE,CE,Federal Contract Tower,0,0,11,5,16,0,0,21,4,25,0,0,32,9,41,4,68,72,113
06/19/2015,STJ,MO,ACE,CE,Federal Contract Tower,0,0,6,7,13,0,0,56,4,60,0,0,62,11,73,14,0,14,87
06/20/2015,STJ,MO,ACE,CE,Federal Contract Tower,0,0,4,2,6,0,0,27,0,27,0,0,31,2,33,40,0,40,73
06/21/2015,STJ,MO,ACE,CE,Federal Contract Tower,0,0,0,0,0,0,0,4,0,4,0,0,4,0,4,0,0,0,4
06/22/2015,STJ,MO,ACE,CE,Federal Contract Tower,0,0,8,1,9,0,0,8,0,8,0,0,16,1,17,4,0,4,21
06/23/2015,STJ,MO,ACE,CE,Federal Contract Tower,0,0,12,0,12,0,0,16,0,16,0,0,28,0,28,20,8,28,56
06/24/2015,STJ,MO,ACE,CE,Federal Contract Tower,0,0,16,8,24,0,3,31,9,43,0,3,47,17,67,20,14,34,101
06/25/2015,STJ,MO,ACE,CE,Federal Contract Tower,0,0,13,0,13,0,2,33,0,35,0,2,46,0,48,38,0,38,86
06/26/2015,STJ,MO,ACE,CE,Federal Contract Tower,0,0,4,2,6,0,0,8,2,10,0,0,12,4,16,0,0,0,16
06/27/2015,STJ,MO,ACE,CE,Federal Contract Tower,0,0,5,0,5,0,0,47,0,47,0,0,52,0,52,6,0,6,58
06/28/2015,STJ,MO,ACE,CE,Federal Contract Tower,0,0,2,0,2,0,0,7,0,7,0,0,9,0,9,0,0,0,9
06/29/2015,STJ,MO,ACE,CE,Federal Contract Tower,0,0,5,0,5,0,0,47,0,47,0,0,52,0,52,42,0,42,94
06/30/2015,STJ,MO,ACE,CE,Federal Contract Tower,0,0,7,5,12,0,3,15,14,32,0,3,22,19,44,0,12,12,56
07/01/2015,STJ,MO,ACE,CE,Federal Contract Tower,0,0,10,2,12,0,7,18,0,25,0,7,28,2,37,26,0,26,63
07/02/2015,STJ,MO,ACE,CE,Federal Contract Tower,0,0,3,8,11,0,0,8,0,8,0,0,11,8,19,0,0,0,19
07/03/2015,STJ,MO,ACE,CE,Federal Contract Tower,0,0,3,0,3,0,0,68,0,68,0,0,71,0,71,62,0,62,133
07/04/2015,STJ,MO,ACE,CE,Federal Contract Tower,0,0,2,1,3,0,5,21,0,26,0,5,23,1,29,32,0,32,61
07/05/2015,STJ,MO,ACE,CE,Federal Contract Tower,0,0,4,0,4,0,0,21,0,21,0,0,25,0,25,8,0,8,33
07/06/2015,STJ,MO,ACE,CE,Federal Contract Tower,0,0,3,11,14,0,0,9,0,9,0,0,12,11,23,0,6,6,29
07/07/2015,STJ,MO,ACE,CE,Federal Contract Tower,0,0,3,3,6,0,0,35,0,35,0,0,38,3,41,4,0,4,45
07/08/2015,STJ,MO,ACE,CE,Federal Contract Tower,0,0,7,15,22,0,0,15,0,15,0,0,22,15,37,10,20,30,67
07/09/2015,STJ,MO,ACE,CE,Federal Contract Tower,0,0,8,1,9,0,0,115,10,125,0,0,123,11,134,14,20,34,168
07/10/2015,STJ,MO,ACE,CE,Federal Contract Tower,0,0,4,1,5,0,0,25,66,91,0,0,29,67,96,2,10,12,108
07/11/2015,STJ,MO,ACE,CE,Federal Contract Tower,0,0,1,7,8,0,1,68,2,71,0,1,69,9,79,14,28,42,121
07/12/2015,STJ,MO,ACE,CE,Federal Contract Tower,0,0,3,0,3,0,0,28,0,28,0,0,31,0,31,4,0,4,35
07/13/2015,STJ,MO,ACE,CE,Federal Contract Tower,0,0,3,13,16,0,0,23,0,23,0,0,26,13,39,0,20,20,59
07/14/2015,STJ,MO,ACE,CE,Federal Contract Tower,0,0,7,1,8,0,0,39,1,40,0,0,46,2,48,38,0,38,86
07/15/2015,STJ,MO,ACE,CE,Federal Contract Tower,0,0,9,0,9,0,0,32,0,32,0,0,41,0,41,30,0,30,71
07/16/2015,STJ,MO,ACE,CE,Federal Contract Tower,0,0,7,0,7,0,1,42,0,43,0,1,49,0,50,30,0,30,80
07/17/2015,STJ,MO,ACE,CE,Federal Contract Tower,0,0,7,1,8,0,1,69,2,72,0,1,76,3,80,20,2,22,102
07/18/2015,STJ,MO,ACE,CE,Federal Contract Tower,0,0,6,0,6,0,0,47,0,47,0,0,53,0,53,6,0,6,59
07/19/2015,STJ,MO,ACE,CE,Federal Contract Tower,0,0,2,0,2,0,0,12,0,12,0,0,14,0,14,0,0,0,14
07/20/2015,STJ,MO,ACE,CE,Federal Contract Tower,0,0,9,3,12,0,0,45,1,46,0,0,54,4,58,34,0,34,92
07/21/2015,STJ,MO,ACE,CE,Federal Contract Tower,0,0,7,11,18,0,2,41,17,60,0,2,48,28,78,18,20,38,116
07/22/2015,STJ,MO,ACE,CE,Federal Contract Tower,0,0,8,6,14,0,3,31,19,53,0,3,39,25,67,10,48,58,125
07/23/2015,STJ,MO,ACE,CE,Federal Contract Tower,0,0,12,11,23,0,1,49,15,65,0,1,61,26,88,20,66,86,174
07/24/2015,STJ,MO,ACE,CE,Federal Contract Tower,0,0,8,4,12,0,0,51,0,51,0,0,59,4,63,12,0,12,75
07/25/2015,STJ,MO,ACE,CE,Federal Contract Tower,1,0,0,4,5,0,1,24,1,26,1,1,24,5,31,18,0,18,49
07/26/2015,STJ,MO,ACE,CE,Federal Contract Tower,0,0,2,0,2,0,0,45,0,45,0,0,47,0,47,68,0,68,115
07/27/2015,STJ,MO,ACE,CE,Federal Contract Tower,0,0,12,3,15,0,0,44,0,44,0,0,56,3,59,22,0,22,81
07/28/2015,STJ,MO,ACE,CE,Federal Contract Tower,0,0,11,8,19,0,0,29,4,33,0,0,40,12,52,8,10,18,70
07/29/2015,STJ,MO,ACE,CE,Federal Contract Tower,0,0,10,7,17,0,2,37,2,41,0,2,47,9,58,46,54,100,158
07/30/2015,STJ,MO,ACE,CE,Federal Contract Tower,0,0,5,7,12,0,0,24,10,34,0,0,29,17,46,16,16,32,78
07/31/2015,STJ,MO,ACE,CE,Federal Contract Tower,0,0,10,3,13,0,2,52,2,56,0,2,62,5,69,16,12,28,97
08/01/2015,STJ,MO,ACE,CE,Federal Contract Tower,0,0,1,0,1,0,4,52,0,56,0,4,53,0,57,4,0,4,61
08/02/2015,STJ,MO,ACE,CE,Federal Contract Tower,0,0,2,0,2,0,0,12,0,12,0,0,14,0,14,0,0,0,14
08/03/2015,STJ,MO,ACE,CE,Federal Contract Tower,0,0,5,0,5,0,2,22,0,24,0,2,27,0,29,32,0,32,61
08/04/2015,STJ,MO,ACE,CE,Federal Contract Tower,0,0,8,17,25,0,0,14,9,23,0,0,22,26,48,12,22,34,82
08/05/2015,STJ,MO,ACE,CE,Federal Contract Tower,0,0,11,21,32,0,0,32,6,38,0,0,43,27,70,10,50,60,130
08/06/2015,STJ,MO,ACE,CE,Federal Contract Tower,0,0,14,18,32,0,0,37,9,46,0,0,51,27,78,32,40,72,150
08/07/2015,STJ,MO,ACE,CE,Federal Contract Tower,0,0,3,15,18,0,0,90,6,96,0,0,93,21,114,40,36,76,190
08/08/2015,STJ,MO,ACE,CE,Federal Contract Tower,0,0,5,9,14,0,0,9,1,10,0,0,14,10,24,8,0,8,32
08/09/2015,STJ,MO,ACE,CE,Federal Contract Tower,0,0,3,0,3,0,0,21,0,21,0,0,24,0,24,0,0,0,24
08/10/2015,STJ,MO,ACE,CE,Federal Contract Tower,0,0,11,0,11,0,0,0,0,0,0,0,11,0,11,32,0,32,43
08/11/2015,STJ,MO,ACE,CE,Federal Contract Tower,0,0,14,8,22,0,1,56,6,63,0,1,70,14,85,16,32,48,133
08/12/2015,STJ,MO,ACE,CE,Federal Contract Tower,0,0,12,6,18,0,0,26,12,38,0,0,38,18,56,30,36,66,122
08/13/2015,STJ,MO,ACE,CE,Federal Contract Tower,0,0,10,4,14,0,0,28,14,42,0,0,38,18,56,8,62,70,126
08/14/2015,STJ,MO,ACE,CE,Federal Contract Tower,0,0,8,14,22,0,0,53,15,68,0,0,61,29,90,44,6,50,140
08/15/2015,STJ,MO,ACE,CE,Federal Contract Tower,0,0,1,1,2,0,0,27,0,27,0,0,28,1,29,30,0,30,59
08/16/2015,STJ,MO,ACE,CE,Federal Contract Tower,0,0,6,0,6,0,0,36,0,36,0,0,42,0,42,8,0,8,50
08/17/2015,STJ,MO,ACE,CE,Federal Contract Tower,0,0,1,5,6,0,0,25,0,25,0,0,26,5,31,14,0,14,45
08/18/2015,STJ,MO,ACE,CE,Federal Contract Tower,0,0,1,17,18,0,0,8,3,11,0,0,9,20,29,0,16,16,45
08/19/2015,STJ,MO,ACE,CE,Federal Contract Tower,0,0,2,4,6,0,0,12,20,32,0,0,14,24,38,4,14,18,56
08/20/2015,STJ,MO,ACE,CE,Federal Contract Tower,0,0,4,3,7,0,2,45,24,71,0,2,49,27,78,24,66,90,168
08/21/2015,STJ,MO,ACE,CE,Federal Contract Tower,0,0,8,4,12,0,2,54,7,63,0,2,62,11,75,22,6,28,103
08/22/2015,STJ,MO,ACE,CE,Federal Contract Tower,0,0,10,0,10,0,1,21,2,24,0,1,31,2,34,10,4,14,48
08/23/2015,STJ,MO,ACE,CE,Federal Contract Tower,0,0,1,1,2,0,3,15,0,18,0,3,16,1,20,10,0,10,30
08/24/2015,STJ,MO,ACE,CE,Federal Contract Tower,0,0,3,3,6,0,0,40,0,40,0,0,43,3,46,16,0,16,62
08/25/2015,STJ,MO,ACE,CE,Federal Contract Tower,0,0,9,9,18,0,0,17,8,25,0,0,26,17,43,30,34,64,107
08/26/2015,STJ,MO,ACE,CE,Federal Contract Tower,0,0,12,6,18,0,0,45,10,55,0,0,57,16,73,36,50,86,159
08/27/2015,STJ,MO,ACE,CE,Federal Contract Tower,0,0,2,17,19,0,0,14,10,24,0,0,16,27,43,4,46,50,93
08/28/2015,STJ,MO,ACE,CE,Federal Contract Tower,0,0,5,7,12,0,2,32,0,34,0,2,37,7,46,0,0,0,46
08/29/2015,STJ,MO,ACE,CE,Federal Contract Tower,0,0,2,0,2,0,2,0,0,2,0,2,2,0,4,25,0,25,29
08/30/2015,STJ,MO,ACE,CE,Federal Contract Tower,0,0,3,0,3,0,0,27,6,33,0,0,30,6,36,16,0,16,52
08/31/2015,STJ,MO,ACE,CE,Federal Contract Tower,0,0,8,0,8,0,0,21,10,31,0,0,29,10,39,20,2,22,61
09/01/2015,STJ,MO,ACE,CE,Federal Contract Tower,0,0,9,7,16,0,0,15,5,20,0,0,24,12,36,6,6,12,48
09/02/2015,STJ,MO,ACE,CE,Federal Contract Tower,0,0,4,4,8,0,0,18,42,60,0,0,22,46,68,14,0,14,82
09/03/2015,STJ,MO,ACE,CE,Federal Contract Tower,0,0,7,13,20,0,2,34,59,95,0,2,41,72,115,2,12,14,129
09/04/2015,STJ,MO,ACE,CE,Federal Contract Tower,0,0,6,0,6,0,3,52,4,59,0,3,58,4,65,20,0,20,85
09/05/2015,STJ,MO,ACE,CE,Federal Contract Tower,0,0,7,0,7,0,1,35,0,36,0,1,42,0,43,8,0,8,51
09/06/2015,STJ,MO,ACE,CE,Federal Contract Tower,0,0,23,0,23,0,0,5,0,5,0,0,28,0,28,8,0,8,36
09/07/2015,STJ,MO,ACE,CE,Federal Contract Tower,0,0,3,0,3,0,2,39,0,41,0,2,42,0,44,0,0,0,44
09/08/2015,STJ,MO,ACE,CE,Federal Contract Tower,0,0,4,14,18,0,0,6,7,13,0,0,10,21,31,8,15,23,54
09/09/2015,STJ,MO,ACE,CE,Federal Contract Tower,0,0,0,8,8,0,0,35,23,58,0,0,35,31,66,30,47,77,143
09/10/2015,STJ,MO,ACE,CE,Federal Contract Tower,0,0,2,10,12,0,0,26,5,31,0,0,28,15,43,4,46,50,93
09/11/2015,STJ,MO,ACE,CE,Federal Contract Tower,0,0,7,1,8,0,0,18,4,22,0,0,25,5,30,0,0,0,30
09/12/2015,STJ,MO,ACE,CE,Federal Contract Tower,0,0,6,3,9,0,0,18,14,32,0,0,24,17,41,14,10,24,65
09/13/2015,STJ,MO,ACE,CE,Federal Contract Tower,0,0,1,3,4,0,0,19,0,19,0,0,20,3,23,2,0,2,25
09/14/2015,STJ,MO,ACE,CE,Federal Contract Tower,0,0,3,4,7,0,0,10,0,10,0,0,13,4,17,6,0,6,23
09/15/2015,STJ,MO,ACE,CE,Federal Contract Tower,0,0,6,14,20,0,2,18,14,34,0,2,24,28,54,8,3,11,65
09/16/2015,STJ,MO,ACE,CE,Federal Contract Tower,0,0,10,16,26,0,1,31,32,64,0,1,41,48,90,12,58,70,160
09/17/2015,STJ,MO,ACE,CE,Federal Contract Tower,0,0,12,4,16,0,1,21,1,23,0,1,33,5,39,10,18,28,67
09/18/2015,STJ,MO,ACE,CE,Federal Contract Tower,0,0,11,5,16,0,0,19,1,20,0,0,30,6,36,10,16,26,62
09/19/2015,STJ,MO,ACE,CE,Federal Contract Tower,0,0,1,0,1,0,0,25,0,25,0,0,26,0,26,4,0,4,30
09/20/2015,STJ,MO,ACE,CE,Federal Contract Tower,0,0,1,1,2,0,0,20,0,20,0,0,21,1,22,4,0,4,26
09/21/2015,STJ,MO,ACE,CE,Federal Contract Tower,0,0,4,5,9,0,0,15,0,15,0,0,19,5,24,42,0,42,66
09/22/2015,STJ,MO,ACE,CE,Federal Contract Tower,0,0,4,10,14,0,0,24,12,36,0,0,28,22,50,32,18,50,100
09/23/2015,STJ,MO,ACE,CE,Federal Contract Tower,0,0,9,22,31,0,3,16,11,30,0,3,25,33,61,0,22,22,83
09/24/2015,STJ,MO,ACE,CE,Federal Contract Tower,0,0,18,5,23,0,0,25,9,34,0,0,43,14,57,6,54,60,117
09/25/2015,STJ,MO,ACE,CE,Federal Contract Tower,0,0,1,7,8,0,0,25,2,27,0,0,26,9,35,40,60,100,135
09/26/2015,STJ,MO,ACE,CE,Federal Contract Tower,0,0,1,0,1,0,2,29,0,31,0,2,30,0,32,10,0,10,42
09/27/2015,STJ,MO,ACE,CE,Federal Contract Tower,0,0,8,0,8,0,0,18,0,18,0,0,26,0,26,36,0,36,62
09/28/2015,STJ,MO,ACE,CE,Federal Contract Tower,0,0,3,0,3,0,0,10,0,10,0,0,13,0,13,12,0,12,25
09/29/2015,STJ,MO,ACE,CE,Federal Contract Tower,0,0,13,3,16,0,0,4,0,4,0,0,17,3,20,0,0,0,20
09/30/2015,STJ,MO,ACE,CE,Federal Contract Tower,0,0,6,12,18,0,4,38,0,42,0,4,44,12,60,18,32,50,110
10/01/2015,STJ,MO,ACE,CE,Federal Contract Tower,0,0,14,1,15,0,1,12,36,49,0,1,26,37,64,1,0,1,65
10/02/2015,STJ,MO,ACE,CE,Federal Contract Tower,0,0,5,0,5,0,1,25,0,26,0,1,30,0,31,6,0,6,37
10/03/2015,STJ,MO,ACE,CE,Federal Contract Tower,0,0,4,0,4,0,2,25,0,27,0,2,29,0,31,0,0,0,31
10/04/2015,STJ,MO,ACE,CE,Federal Contract Tower,0,0,4,0,4,0,0,16,0,16,0,0,20,0,20,14,0,14,34
10/05/2015,STJ,MO,ACE,CE,Federal Contract Tower,0,0,6,0,6,0,0,10,0,10,0,0,16,0,16,8,0,8,24
10/06/2015,STJ,MO,ACE,CE,Federal Contract Tower,0,0,11,0,11,0,0,30,0,30,0,0,41,0,41,0,22,22,63
10/07/2015,STJ,MO,ACE,CE,Federal Contract Tower,0,0,8,14,22,0,0,12,17,29,0,0,20,31,51,20,12,32,83
10/08/2015,STJ,MO,ACE,CE,Federal Contract Tower,0,0,9,0,9,0,0,8,0,8,0,0,17,0,17,0,0,0,17
10/09/2015,STJ,MO,ACE,CE,Federal Contract Tower,0,0,8,0,8,0,0,16,0,16,0,0,24,0,24,26,0,26,50
10/10/2015,STJ,MO,ACE,CE,Federal Contract Tower,0,0,1,0,1,0,2,24,0,26,0,2,25,0,27,18,0,18,45
10/11/2015,STJ,MO,ACE,CE,Federal Contract Tower,0,0,10,0,10,0,0,16,0,16,0,0,26,0,26,22,0,22,48
10/12/2015,STJ,MO,ACE,CE,Federal Contract Tower,0,0,9,3,12,0,0,10,3,13,0,0,19,6,25,0,2,2,27
10/13/2015,STJ,MO,ACE,CE,Federal Contract Tower,0,0,4,17,21,0,0,33,21,54,0,0,37,38,75,2,65,67,142
10/14/2015,STJ,MO,ACE,CE,Federal Contract Tower,0,0,11,11,22,0,3,32,6,41,0,3,43,17,63,22,14,36,99
10/15/2015,STJ,MO,ACE,CE,Federal Contract Tower,0,0,7,13,20,0,2,14,10,26,0,2,21,23,46,2,24,26,72
10/16/2015,STJ,MO,ACE,CE,Federal Contract Tower,0,0,7,15,22,0,3,72,4,79,0,3,79,19,101,34,2,36,137
10/17/2015,STJ,MO,ACE,CE,Federal Contract Tower,0,0,3,2,5,0,4,13,0,17,0,4,16,2,22,0,0,0,22
10/18/2015,STJ,MO,ACE,CE,Federal Contract Tower,0,0,3,0,3,0,0,10,0,10,0,0,13,0,13,0,0,0,13
10/19/2015,STJ,MO,ACE,CE,Federal Contract Tower,0,0,6,4,10,0,0,14,0,14,0,0,20,4,24,8,0,8,32
10/20/2015,STJ,MO,ACE,CE,Federal Contract Tower,0,0,2,10,12,0,0,2,6,8,0,0,4,16,20,10,33,43,63
10/21/2015,STJ,MO,ACE,CE,Federal Contract Tower,0,0,8,11,19,0,0,15,10,25,0,0,23,21,44,10,53,63,107
10/22/2015,STJ,MO,ACE,CE,Federal Contract Tower,0,0,7,9,16,0,0,6,8,14,0,0,13,17,30,6,40,46,76
10/23/2015,STJ,MO,ACE,CE,Federal Contract Tower,0,0,1,17,18,0,0,5,3,8,0,0,6,20,26,15,0,15,41
10/24/2015,STJ,MO,ACE,CE,Federal Contract Tower,0,0,0,0,0,0,0,2,0,2,0,0,2,0,2,40,0,40,42
10/25/2015,STJ,MO,ACE,CE,Federal Contract Tower,0,2,4,0,6,0,0,38,0,38,0,2,42,0,44,15,0,15,59
10/26/2015,STJ,MO,ACE,CE,Federal Contract Tower,0,0,4,2,6,0,0,23,14,37,0,0,27,16,43,1,36,37,80
10/27/2015,STJ,MO,ACE,CE,Federal Contract Tower,0,0,9,1,10,0,0,0,0,0,0,0,9,1,10,0,0,0,10
10/28/2015,STJ,MO,ACE,CE,Federal Contract Tower,0,0,3,27,30,0,0,15,17,32,0,0,18,44,62,10,35,45,107
10/29/2015,STJ,MO,ACE,CE,Federal Contract Tower,0,0,10,37,47,0,0,16,11,27,0,0,26,48,74,0,74,74,148
10/30/2015,STJ,MO,ACE,CE,Federal Contract Tower,0,0,8,2,10,0,1,11,0,12,0,1,19,2,22,0,0,0,22
10/31/2015,STJ,MO,ACE,CE,Federal Contract Tower,0,0,6,1,7,0,0,14,0,14,0,0,20,1,21,20,0,20,41
11/01/2015,STJ,MO,ACE,CE,Federal Contract Tower,0,0,7,4,11,0,4,34,0,38,0,4,41,4,49,56,0,56,105
11/02/2015,STJ,MO,ACE,CE,Federal Contract Tower,0,0,7,1,8,0,0,24,2,26,0,0,31,3,34,2,0,2,36
11/03/2015,STJ,MO,ACE,CE,Federal Contract Tower,0,0,17,8,25,0,0,28,8,36,0,0,45,16,61,0,2,2,63
11/04/2015,STJ,MO,ACE,CE,Federal Contract Tower,0,0,5,19,24,0,0,11,0,11,0,0,16,19,35,0,6,6,41
11/05/2015,STJ,MO,ACE,CE,Federal Contract Tower,0,0,3,9,12,0,0,4,0,4,0,0,7,9,16,0,16,16,32
11/06/2015,STJ,MO,ACE,CE,Federal Contract Tower,0,0,3,2,5,0,0,21,13,34,0,0,24,15,39,20,79,99,138
11/07/2015,STJ,MO,ACE,CE,Federal Contract Tower,0,0,9,0,9,0,1,42,21,64,0,1,51,21,73,28,34,62,135
11/08/2015,STJ,MO,ACE,CE,Federal Contract Tower,0,0,5,0,5,0,0,19,0,19,0,0,24,0,24,10,0,10,34
11/09/2015,STJ,MO,ACE,CE,Federal Contract Tower,0,0,8,2,10,0,0,21,2,23,0,0,29,4,33,2,0,2,35
11/10/2015,STJ,MO,ACE,CE,Federal Contract Tower,0,0,6,17,23,0,0,14,17,31,0,0,20,34,54,24,18,42,96
11/11/2015,STJ,MO,ACE,CE,Federal Contract Tower,0,0,6,2,8,0,0,4,0,4,0,0,10,2,12,0,0,0,12
11/12/2015,STJ,MO,ACE,CE,Federal Contract Tower,0,0,6,3,9,0,1,13,25,39,0,1,19,28,48,2,12,14,62
11/13/2015,STJ,MO,ACE,CE,Federal Contract Tower,0,0,4,1,5,0,0,21,0,21,0,0,25,1,26,14,0,14,40
11/14/2015,STJ,MO,ACE,CE,Federal Contract Tower,0,0,2,0,2,0,0,44,0,44,0,0,46,0,46,18,0,18,64
11/15/2015,STJ,MO,ACE,CE,Federal Contract Tower,0,0,4,2,6,0,0,6,0,6,0,0,10,2,12,0,0,0,12
11/16/2015,STJ,MO,ACE,CE,Federal Contract Tower,0,0,6,5,11,0,0,0,0,0,0,0,6,5,11,0,0,0,11
11/17/2015,STJ,MO,ACE,CE,Federal Contract Tower,0,0,5,26,31,0,0,6,0,6,0,0,11,26,37,0,6,6,43
11/18/2015,STJ,MO,ACE,CE,Federal Contract Tower,0,0,3,18,21,0,0,2,7,9,0,0,5,25,30,0,30,30,60
11/19/2015,STJ,MO,ACE,CE,Federal Contract Tower,0,0,4,3,7,0,0,22,12,34,0,0,26,15,41,2,44,46,87
11/20/2015,STJ,MO,ACE,CE,Federal Contract Tower,0,0,7,3,10,0,1,18,1,20,0,1,25,4,30,10,0,10,40
11/21/2015,STJ,MO,ACE,CE,Federal Contract Tower,0,0,3,1,4,0,0,14,0,14,0,0,17,1,18,18,0,18,36
11/22/2015,STJ,MO,ACE,CE,Federal Contract Tower,0,0,3,0,3,0,3,30,0,33,0,3,33,0,36,26,0,26,62
11/23/2015,STJ,MO,ACE,CE,Federal Contract Tower,0,0,11,1,12,0,0,35,4,39,0,0,46,5,51,13,22,35,86
11/24/2015,STJ,MO,ACE,CE,Federal Contract Tower,0,0,3,5,8,0,0,15,9,24,0,0,18,14,32,0,23,23,55
11/25/2015,STJ,MO,ACE,CE,Federal Contract Tower,0,0,4,2,6,0,2,4,1,7,0,2,8,3,13,30,2,32,45
11/26/2015,STJ,MO,ACE,CE,Federal Contract Tower,0,0,0,0,0,0,0,0,0,0,0,0,0,0,0,0,0,0,0
11/27/2015,STJ,MO,ACE,CE,Federal Contract Tower,0,1,1,0,2,0,0,0,0,0,0,1,1,0,2,0,0,0,2
11/28/2015,STJ,MO,ACE,CE,Federal Contract Tower,0,0,1,2,3,0,0,2,0,2,0,0,3,2,5,0,0,0,5
11/29/2015,STJ,MO,ACE,CE,Federal Contract Tower,0,0,3,0,3,0,0,0,0,0,0,0,3,0,3,0,0,0,3
11/30/2015,STJ,MO,ACE,CE,Federal Contract Tower,0,0,0,0,0,0,0,0,0,0,0,0,0,0,0,0,0,0,0
12/01/2015,STJ,MO,ACE,CE,Federal Contract Tower,0,0,6,0,6,0,0,2,0,2,0,0,8,0,8,0,0,0,8
12/02/2015,STJ,MO,ACE,CE,Federal Contract Tower,0,0,6,3,9,0,1,2,7,10,0,1,8,10,19,2,30,32,51
12/03/2015,STJ,MO,ACE,CE,Federal Contract Tower,0,0,12,0,12,0,0,33,6,39,0,0,45,6,51,4,2,6,57
12/04/2015,STJ,MO,ACE,CE,Federal Contract Tower,0,0,10,4,14,0,0,6,4,10,0,0,16,8,24,14,8,22,46
12/05/2015,STJ,MO,ACE,CE,Federal Contract Tower,0,0,2,0,2,0,0,30,2,32,0,0,32,2,34,0,16,16,50
12/06/2015,STJ,MO,ACE,CE,Federal Contract Tower,0,0,5,0,5,0,1,4,0,5,0,1,9,0,10,2,0,2,12
12/07/2015,STJ,MO,ACE,CE,Federal Contract Tower,0,0,3,3,6,0,0,13,1,14,0,0,16,4,20,0,0,0,20
12/08/2015,STJ,MO,ACE,CE,Federal Contract Tower,0,0,12,8,20,0,0,24,8,32,0,0,36,16,52,9,77,86,138
12/09/2015,STJ,MO,ACE,CE,Federal Contract Tower,0,0,4,16,20,0,2,14,22,38,0,2,18,38,58,0,94,94,152
12/10/2015,STJ,MO,ACE,CE,Federal Contract Tower,0,0,5,8,13,0,2,10,38,50,0,2,15,46,63,12,42,54,117
12/11/2015,STJ,MO,ACE,CE,Federal Contract Tower,0,0,5,6,11,0,1,6,2,9,0,1,11,8,20,6,0,6,26
12/12/2015,STJ,MO,ACE,CE,Federal Contract Tower,0,0,8,0,8,0,0,3,0,3,0,0,11,0,11,0,0,0,11
12/13/2015,STJ,MO,ACE,CE,Federal Contract Tower,0,0,1,0,1,0,0,0,0,0,0,0,1,0,1,0,0,0,1
12/14/2015,STJ,MO,ACE,CE,Federal Contract Tower,0,0,9,6,15,0,0,3,1,4,0,0,12,7,19,0,0,0,19
12/15/2015,STJ,MO,ACE,CE,Federal Contract Tower,0,0,12,7,19,0,0,0,7,7,0,0,12,14,26,0,0,0,26
12/16/2015,STJ,MO,ACE,CE,Federal Contract Tower,0,0,13,20,33,0,0,0,0,0,0,0,13,20,33,0,2,2,35
12/17/2015,STJ,MO,ACE,CE,Federal Contract Tower,0,0,11,11,22,0,0,5,5,10,0,0,16,16,32,0,9,9,41
12/18/2015,STJ,MO,ACE,CE,Federal Contract Tower,0,0,10,4,14,0,2,10,0,12,0,2,20,4,26,10,0,10,36
12/19/2015,STJ,MO,ACE,CE,Federal Contract Tower,0,0,9,0,9,0,0,20,0,20,0,0,29,0,29,18,0,18,47
12/20/2015,STJ,MO,ACE,CE,Federal Contract Tower,0,0,4,2,6,0,0,2,0,2,0,0,6,2,8,0,0,0,8
12/21/2015,STJ,MO,ACE,CE,Federal Contract Tower,0,0,4,0,4,0,0,1,0,1,0,0,5,0,5,0,0,0,5
12/22/2015,STJ,MO,ACE,CE,Federal Contract Tower,0,0,4,0,4,0,2,6,11,19,0,2,10,11,23,0,0,0,23
12/23/2015,STJ,MO,ACE,CE,Federal Contract Tower,0,0,4,30,34,0,0,0,0,0,0,0,4,30,34,0,10,10,44
12/24/2015,STJ,MO,ACE,CE,Federal Contract Tower,0,0,4,0,4,0,0,12,0,12,0,0,16,0,16,0,0,0,16
12/25/2015,STJ,MO,ACE,CE,Federal Contract Tower,0,0,0,0,0,0,0,1,0,1,0,0,1,0,1,0,0,0,1
12/26/2015,STJ,MO,ACE,CE,Federal Contract Tower,0,0,0,0,0,0,0,0,0,0,0,0,0,0,0,0,0,0,0
12/27/2015,STJ,MO,ACE,CE,Federal Contract Tower,0,0,4,0,4,0,0,2,0,2,0,0,6,0,6,0,0,0,6
12/28/2015,STJ,MO,ACE,CE,Federal Contract Tower,0,0,3,0,3,0,0,0,0,0,0,0,3,0,3,0,0,0,3
12/29/2015,STJ,MO,ACE,CE,Federal Contract Tower,0,0,1,4,5,0,2,2,15,19,0,2,3,19,24,2,12,14,38
12/30/2015,STJ,MO,ACE,CE,Federal Contract Tower,0,0,9,20,29,0,0,12,13,25,0,0,21,33,54,11,1,12,66
12/31/2015,STJ,MO,ACE,CE,Federal Contract Tower,0,0,7,0,7,0,1,8,0,9,0,1,15,0,16,6,0,6,22
01/01/2016,STJ,MO,ACE,CE,Federal Contract Tower,0,0,3,0,3,0,0,6,0,6,0,0,9,0,9,0,0,0,9
01/02/2016,STJ,MO,ACE,CE,Federal Contract Tower,0,0,2,0,2,0,0,10,0,10,0,0,12,0,12,6,0,6,18
01/03/2016,STJ,MO,ACE,CE,Federal Contract Tower,0,0,4,0,4,0,0,32,0,32,0,0,36,0,36,0,0,0,36
01/04/2016,STJ,MO,ACE,CE,Federal Contract Tower,0,0,3,0,3,0,1,3,0,4,0,1,6,0,7,0,0,0,7
01/05/2016,STJ,MO,ACE,CE,Federal Contract Tower,0,1,1,17,19,0,0,13,12,25,0,1,14,29,44,0,34,34,78
01/06/2016,STJ,MO,ACE,CE,Federal Contract Tower,0,0,1,26,27,0,0,2,0,2,0,0,3,26,29,0,6,6,35
01/07/2016,STJ,MO,ACE,CE,Federal Contract Tower,0,0,8,1,9,0,0,0,0,0,0,0,8,1,9,0,0,0,9
01/08/2016,STJ,MO,ACE,CE,Federal Contract Tower,0,0,3,2,5,0,0,0,0,0,0,0,3,2,5,0,0,0,5
01/09/2016,STJ,MO,ACE,CE,Federal Contract Tower,0,0,0,1,1,0,0,0,0,0,0,0,0,1,1,0,0,0,1
01/10/2016,STJ,MO,ACE,CE,Federal Contract Tower,0,0,5,2,7,0,0,4,0,4,0,0,9,2,11,0,0,0,11
01/11/2016,STJ,MO,ACE,CE,Federal Contract Tower,0,0,5,0,5,0,0,14,0,14,0,0,19,0,19,14,0,14,33
01/12/2016,STJ,MO,ACE,CE,Federal Contract Tower,0,0,3,9,12,0,3,16,9,28,0,3,19,18,40,0,10,10,50
01/13/2016,STJ,MO,ACE,CE,Federal Contract Tower,0,0,8,28,36,0,1,32,10,43,0,1,40,38,79,0,40,40,119
01/14/2016,STJ,MO,ACE,CE,Federal Contract Tower,0,0,3,1,4,0,0,18,2,20,0,0,21,3,24,14,0,14,38
01/15/2016,STJ,MO,ACE,CE,Federal Contract Tower,0,0,3,0,3,0,2,7,0,9,0,2,10,0,12,2,0,2,14
01/16/2016,STJ,MO,ACE,CE,Federal Contract Tower,0,0,1,0,1,0,0,18,0,18,0,0,19,0,19,6,0,6,25
01/17/2016,STJ,MO,ACE,CE,Federal Contract Tower,0,0,1,0,1,0,2,0,0,2,0,2,1,0,3,0,0,0,3
01/18/2016,STJ,MO,ACE,CE,Federal Contract Tower,0,2,8,0,10,0,2,10,1,13,0,4,18,1,23,0,0,0,23
01/19/2016,STJ,MO,ACE,CE,Federal Contract Tower,0,0,5,1,6,0,0,0,0,0,0,0,5,1,6,0,0,0,6
01/20/2016,STJ,MO,ACE,CE,Federal Contract Tower,0,0,7,5,12,0,0,0,0,0,0,0,7,5,12,0,0,0,12
01/21/2016,STJ,MO,ACE,CE,Federal Contract Tower,0,0,4,0,4,0,0,0,0,0,0,0,4,0,4,0,0,0,4
01/22/2016,STJ,MO,ACE,CE,Federal Contract Tower,0,0,1,0,1,0,0,2,1,3,0,0,3,1,4,0,0,0,4
01/23/2016,STJ,MO,ACE,CE,Federal Contract Tower,0,0,2,0,2,0,0,0,0,0,0,0,2,0,2,0,0,0,2
01/24/2016,STJ,MO,ACE,CE,Federal Contract Tower,0,0,3,1,4,0,0,12,0,12,0,0,15,1,16,10,0,10,26
01/25/2016,STJ,MO,ACE,CE,Federal Contract Tower,0,0,5,1,6,0,0,1,0,1,0,0,6,1,7,0,0,0,7
01/26/2016,STJ,MO,ACE,CE,Federal Contract Tower,0,0,4,0,4,0,0,3,0,3,0,0,7,0,7,0,0,0,7
01/27/2016,STJ,MO,ACE,CE,Federal Contract Tower,0,0,9,7,16,0,1,25,3,29,0,1,34,10,45,4,14,18,63
01/28/2016,STJ,MO,ACE,CE,Federal Contract Tower,0,0,17,7,24,0,0,20,0,20,0,0,37,7,44,10,0,10,54
01/29/2016,STJ,MO,ACE,CE,Federal Contract Tower,0,0,4,0,4,0,0,18,0,18,0,0,22,0,22,32,0,32,54
01/30/2016,STJ,MO,ACE,CE,Federal Contract Tower,0,0,5,1,6,0,0,60,0,60,0,0,65,1,66,82,0,82,148
01/31/2016,STJ,MO,ACE,CE,Federal Contract Tower,0,0,4,0,4,0,0,28,0,28,0,0,32,0,32,32,0,32,64
02/01/2016,STJ,MO,ACE,CE,Federal Contract Tower,0,0,3,0,3,0,1,8,0,9,0,1,11,0,12,0,0,0,12
02/02/2016,STJ,MO,ACE,CE,Federal Contract Tower,0,0,3,16,19,0,0,0,5,5,0,0,3,21,24,0,49,49,73
02/03/2016,STJ,MO,ACE,CE,Federal Contract Tower,0,0,2,24,26,0,1,4,9,14,0,1,6,33,40,3,58,61,101
02/04/2016,STJ,MO,ACE,CE,Federal Contract Tower,0,0,2,4,6,0,0,25,20,45,0,0,27,24,51,4,12,16,67
02/05/2016,STJ,MO,ACE,CE,Federal Contract Tower,0,0,7,3,10,0,0,29,2,31,0,0,36,5,41,20,32,52,93
02/06/2016,STJ,MO,ACE,CE,Federal Contract Tower,0,0,9,0,9,0,0,40,1,41,0,0,49,1,50,16,0,16,66
02/07/2016,STJ,MO,ACE,CE,Federal Contract Tower,0,0,1,4,5,0,1,3,0,4,0,1,4,4,9,0,0,0,9
02/08/2016,STJ,MO,ACE,CE,Federal Contract Tower,0,0,3,0,3,0,0,0,0,0,0,0,3,0,3,0,0,0,3
02/09/2016,STJ,MO,ACE,CE,Federal Contract Tower,0,0,8,5,13,0,0,4,17,21,0,0,12,22,34,0,33,33,67
02/10/2016,STJ,MO,ACE,CE,Federal Contract Tower,0,0,9,9,18,0,0,9,2,11,0,0,18,11,29,6,56,62,91
02/11/2016,STJ,MO,ACE,CE,Federal Contract Tower,0,1,2,7,10,0,0,9,7,16,0,1,11,14,26,10,14,24,50
02/12/2016,STJ,MO,ACE,CE,Federal Contract Tower,0,0,7,2,9,0,0,6,0,6,0,0,13,2,15,0,0,0,15
02/13/2016,STJ,MO,ACE,CE,Federal Contract Tower,0,0,13,0,13,0,0,12,0,12,0,0,25,0,25,0,0,0,25
02/14/2016,STJ,MO,ACE,CE,Federal Contract Tower,0,0,3,0,3,0,0,10,0,10,0,0,13,0,13,0,0,0,13
02/15/2016,STJ,MO,ACE,CE,Federal Contract Tower,0,0,6,0,6,0,1,27,0,28,0,1,33,0,34,24,0,24,58
02/16/2016,STJ,MO,ACE,CE,Federal Contract Tower,0,0,1,13,14,2,1,1,1,5,2,1,2,14,19,0,31,31,50
02/17/2016,STJ,MO,ACE,CE,Federal Contract Tower,0,0,2,18,20,0,1,20,5,26,0,1,22,23,46,24,66,90,136
02/18/2016,STJ,MO,ACE,CE,Federal Contract Tower,0,0,6,31,37,0,3,8,13,24,0,3,14,44,61,0,78,78,139
02/19/2016,STJ,MO,ACE,CE,Federal Contract Tower,0,0,8,3,11,0,0,6,0,6,0,0,14,3,17,26,4,30,47
02/20/2016,STJ,MO,ACE,CE,Federal Contract Tower,0,0,4,0,4,0,0,38,1,39,0,0,42,1,43,0,0,0,43
02/21/2016,STJ,MO,ACE,CE,Federal Contract Tower,0,0,6,0,6,0,0,52,0,52,0,0,58,0,58,32,0,32,90
02/22/2016,STJ,MO,ACE,CE,Federal Contract Tower,0,0,11,4,15,0,0,7,0,7,0,0,18,4,22,0,6,6,28
02/23/2016,STJ,MO,ACE,CE,Federal Contract Tower,0,0,9,8,17,0,0,10,14,24,0,0,19,22,41,16,68,84,125
02/24/2016,STJ,MO,ACE,CE,Federal Contract Tower,0,0,4,29,33,0,0,2,12,14,0,0,6,41,47,0,54,54,101
02/25/2016,STJ,MO,ACE,CE,Federal Contract Tower,0,0,5,4,9,0,0,7,14,21,0,0,12,18,30,8,20,28,58
02/26/2016,STJ,MO,ACE,CE,Federal Contract Tower,0,0,1,1,2,0,2,14,12,28,0,2,15,13,30,0,8,8,38
02/27/2016,STJ,MO,ACE,CE,Federal Contract Tower,0,0,2,0,2,0,0,0,0,0,0,0,2,0,2,30,0,30,32
02/28/2016,STJ,MO,ACE,CE,Federal Contract Tower,0,0,0,0,0,0,0,7,0,7,0,0,7,0,7,0,0,0,7
02/29/2016,STJ,MO,ACE,CE,Federal Contract Tower,0,0,5,4,9,0,0,12,0,12,0,0,17,4,21,0,2,2,23
03/01/2016,STJ,MO,ACE,CE,Federal Contract Tower,0,0,12,15,27,0,0,8,13,21,0,0,20,28,48,6,32,38,86
03/02/2016,STJ,MO,ACE,CE,Federal Contract Tower,0,0,12,9,21,0,0,7,4,11,0,0,19,13,32,6,60,66,98
03/03/2016,STJ,MO,ACE,CE,Federal Contract Tower,0,0,6,3,9,0,0,5,29,34,0,0,11,32,43,0,18,18,61
03/04/2016,STJ,MO,ACE,CE,Federal Contract Tower,0,0,10,1,11,0,3,25,21,49,0,3,35,22,60,8,40,48,108
03/05/2016,STJ,MO,ACE,CE,Federal Contract Tower,0,0,6,0,6,0,2,39,19,60,0,2,45,19,66,6,26,32,98
03/06/2016,STJ,MO,ACE,CE,Federal Contract Tower,0,0,2,0,2,0,0,5,0,5,0,0,7,0,7,0,0,0,7
03/07/2016,STJ,MO,ACE,CE,Federal Contract Tower,0,0,2,6,8,0,0,3,0,3,0,0,5,6,11,24,0,24,35
03/08/2016,STJ,MO,ACE,CE,Federal Contract Tower,0,0,9,3,12,0,1,6,4,11,0,1,15,7,23,2,4,6,29
03/09/2016,STJ,MO,ACE,CE,Federal Contract Tower,0,0,7,12,19,0,0,10,6,16,0,0,17,18,35,8,72,80,115
03/10/2016,STJ,MO,ACE,CE,Federal Contract Tower,0,0,4,15,19,0,4,19,13,36,0,4,23,28,55,10,40,50,105
03/11/2016,STJ,MO,ACE,CE,Federal Contract Tower,0,0,15,3,18,0,3,29,5,37,0,3,44,8,55,24,16,40,95
03/12/2016,STJ,MO,ACE,CE,Federal Contract Tower,0,0,11,12,23,0,0,0,0,0,0,0,11,12,23,0,0,0,23
03/13/2016,STJ,MO,ACE,CE,Federal Contract Tower,0,0,4,0,4,0,0,0,0,0,0,0,4,0,4,0,0,0,4
03/14/2016,STJ,MO,ACE,CE,Federal Contract Tower,0,0,5,3,8,0,0,12,2,14,0,0,17,5,22,0,4,4,26
03/15/2016,STJ,MO,ACE,CE,Federal Contract Tower,0,0,7,10,17,0,0,3,12,15,0,0,10,22,32,0,29,29,61
03/16/2016,STJ,MO,ACE,CE,Federal Contract Tower,0,0,7,8,15,0,4,12,13,29,0,4,19,21,44,2,45,47,91
03/17/2016,STJ,MO,ACE,CE,Federal Contract Tower,0,0,9,11,20,0,0,14,11,25,0,0,23,22,45,10,38,48,93
03/18/2016,STJ,MO,ACE,CE,Federal Contract Tower,0,0,15,2,17,0,0,32,0,32,0,0,47,2,49,22,0,22,71
03/19/2016,STJ,MO,ACE,CE,Federal Contract Tower,0,0,4,0,4,0,0,13,2,15,0,0,17,2,19,38,0,38,57
03/20/2016,STJ,MO,ACE,CE,Federal Contract Tower,0,0,1,0,1,0,0,31,0,31,0,0,32,0,32,30,0,30,62
03/21/2016,STJ,MO,ACE,CE,Federal Contract Tower,0,0,4,0,4,0,0,13,0,13,0,0,17,0,17,18,0,18,35
03/22/2016,STJ,MO,ACE,CE,Federal Contract Tower,0,0,18,14,32,0,1,18,6,25,0,1,36,20,57,6,26,32,89
03/23/2016,STJ,MO,ACE,CE,Federal Contract Tower,0,0,10,4,14,1,0,8,9,18,1,0,18,13,32,2,26,28,60
03/24/2016,STJ,MO,ACE,CE,Federal Contract Tower,0,0,7,24,31,0,0,7,8,15,0,0,14,32,46,10,38,48,94
03/25/2016,STJ,MO,ACE,CE,Federal Contract Tower,0,0,10,2,12,0,1,25,1,27,0,1,35,3,39,22,0,22,61
03/26/2016,STJ,MO,ACE,CE,Federal Contract Tower,0,0,12,1,13,0,0,2,4,6,0,0,14,5,19,14,0,14,33
03/27/2016,STJ,MO,ACE,CE,Federal Contract Tower,0,0,4,0,4,0,0,2,0,2,0,0,6,0,6,0,0,0,6
03/28/2016,STJ,MO,ACE,CE,Federal Contract Tower,0,0,8,0,8,0,1,16,0,17,0,1,24,0,25,21,0,21,46
03/29/2016,STJ,MO,ACE,CE,Federal Contract Tower,1,0,16,2,19,0,1,14,21,36,1,1,30,23,55,4,28,32,87
03/30/2016,STJ,MO,ACE,CE,Federal Contract Tower,0,0,10,25,35,0,0,4,15,19,0,0,14,40,54,0,32,32,86
03/31/2016,STJ,MO,ACE,CE,Federal Contract Tower,0,0,2,21,23,0,0,4,15,19,0,0,6,36,42,0,62,62,104
04/01/2016,STJ,MO,ACE,CE,Federal Contract Tower,0,0,3,3,6,0,2,5,0,7,0,2,8,3,13,0,0,0,13
04/02/2016,STJ,MO,ACE,CE,Federal Contract Tower,0,0,7,1,8,0,0,10,3,13,0,0,17,4,21,0,0,0,21
04/03/2016,STJ,MO,ACE,CE,Federal Contract Tower,0,0,2,0,2,0,0,7,0,7,0,0,9,0,9,0,0,0,9
04/04/2016,STJ,MO,ACE,CE,Federal Contract Tower,0,0,1,9,10,0,0,32,3,35,0,0,33,12,45,23,2,25,70
04/05/2016,STJ,MO,ACE,CE,Federal Contract Tower,0,0,5,11,16,0,0,17,17,34,0,0,22,28,50,2,49,51,101
04/06/2016,STJ,MO,ACE,CE,Federal Contract Tower,0,0,9,6,15,0,1,8,4,13,0,1,17,10,28,22,2,24,52
04/07/2016,STJ,MO,ACE,CE,Federal Contract Tower,0,0,7,20,27,0,0,1,8,9,0,0,8,28,36,0,10,10,46
04/08/2016,STJ,MO,ACE,CE,Federal Contract Tower,0,0,22,6,28,0,4,8,2,14,0,4,30,8,42,16,8,24,66
04/09/2016,STJ,MO,ACE,CE,Federal Contract Tower,0,0,6,1,7,0,2,17,0,19,0,2,23,1,26,6,0,6,32
04/10/2016,STJ,MO,ACE,CE,Federal Contract Tower,0,0,1,0,1,0,0,9,1,10,0,0,10,1,11,10,0,10,21
04/11/2016,STJ,MO,ACE,CE,Federal Contract Tower,0,0,5,4,9,0,0,9,0,9,0,0,14,4,18,20,0,20,38
04/12/2016,STJ,MO,ACE,CE,Federal Contract Tower,0,0,8,14,22,0,2,29,30,61,0,2,37,44,83,20,40,60,143
04/13/2016,STJ,MO,ACE,CE,Federal Contract Tower,0,0,11,20,31,0,2,25,30,57,0,2,36,50,88,30,44,74,162
04/14/2016,STJ,MO,ACE,CE,Federal Contract Tower,0,0,4,7,11,0,1,22,28,51,0,1,26,35,62,22,16,38,100
04/15/2016,STJ,MO,ACE,CE,Federal Contract Tower,0,0,1,0,1,0,2,12,14,28,0,2,13,14,29,20,12,32,61
04/16/2016,STJ,MO,ACE,CE,Federal Contract Tower,0,0,1,2,3,0,0,14,0,14,0,0,15,2,17,6,0,6,23
04/17/2016,STJ,MO,ACE,CE,Federal Contract Tower,0,0,1,0,1,0,4,8,0,12,0,4,9,0,13,0,0,0,13
04/18/2016,STJ,MO,ACE,CE,Federal Contract Tower,0,0,4,4,8,0,0,0,0,0,0,0,4,4,8,0,0,0,8
04/19/2016,STJ,MO,ACE,CE,Federal Contract Tower,0,0,13,19,32,0,0,11,21,32,0,0,24,40,64,16,40,56,120
04/20/2016,STJ,MO,ACE,CE,Federal Contract Tower,0,0,7,15,22,0,0,2,9,11,0,0,9,24,33,0,25,25,58
04/21/2016,STJ,MO,ACE,CE,Federal Contract Tower,0,0,8,12,20,0,2,9,7,18,0,2,17,19,38,2,26,28,66
04/22/2016,STJ,MO,ACE,CE,Federal Contract Tower,0,0,7,4,11,0,0,32,0,32,0,0,39,4,43,24,0,24,67
04/23/2016,STJ,MO,ACE,CE,Federal Contract Tower,0,0,3,0,3,0,4,98,0,102,0,4,101,0,105,46,0,46,151
04/24/2016,STJ,MO,ACE,CE,Federal Contract Tower,0,0,1,3,4,0,0,8,0,8,0,0,9,3,12,0,0,0,12
04/25/2016,STJ,MO,ACE,CE,Federal Contract Tower,0,0,11,3,14,0,1,10,0,11,0,1,21,3,25,10,0,10,35
04/26/2016,STJ,MO,ACE,CE,Federal Contract Tower,0,0,5,3,8,0,0,6,7,13,0,0,11,10,21,0,6,6,27
04/27/2016,STJ,MO,ACE,CE,Federal Contract Tower,0,0,3,4,7,0,0,3,13,16,0,0,6,17,23,8,34,42,65
04/28/2016,STJ,MO,ACE,CE,Federal Contract Tower,0,0,6,12,18,0,3,8,12,23,0,3,14,24,41,16,98,114,155
04/29/2016,STJ,MO,ACE,CE,Federal Contract Tower,0,0,31,8,39,0,0,4,4,8,0,0,35,12,47,2,6,8,55
04/30/2016,STJ,MO,ACE,CE,Federal Contract Tower,0,0,0,0,0,0,0,19,2,21,0,0,19,2,21,16,6,22,43
05/01/2016,STJ,MO,ACE,CE,Federal Contract Tower,0,0,2,1,3,0,0,2,0,2,0,0,4,1,5,0,0,0,5
05/02/2016,STJ,MO,ACE,CE,Federal Contract Tower,0,0,12,2,14,0,0,27,0,27,0,0,39,2,41,3,0,3,44
05/03/2016,STJ,MO,ACE,CE,Federal Contract Tower,0,1,12,17,30,0,3,42,23,68,0,4,54,40,98,20,34,54,152
05/04/2016,STJ,MO,ACE,CE,Federal Contract Tower,0,0,8,13,21,0,0,12,8,20,0,0,20,21,41,4,28,32,73
05/05/2016,STJ,MO,ACE,CE,Federal Contract Tower,0,0,13,11,24,0,1,47,10,58,0,1,60,21,82,8,38,46,128
05/06/2016,STJ,MO,ACE,CE,Federal Contract Tower,0,0,14,6,20,0,0,27,1,28,0,0,41,7,48,0,18,18,66
05/07/2016,STJ,MO,ACE,CE,Federal Contract Tower,0,2,28,0,30,0,0,4,1,5,0,2,32,1,35,18,0,18,53
05/08/2016,STJ,MO,ACE,CE,Federal Contract Tower,0,0,1,4,5,0,0,4,0,4,0,0,5,4,9,0,0,0,9
05/09/2016,STJ,MO,ACE,CE,Federal Contract Tower,0,0,0,0,0,0,1,17,0,18,0,1,17,0,18,12,0,12,30
05/10/2016,STJ,MO,ACE,CE,Federal Contract Tower,0,0,6,2,8,0,1,35,9,45,0,1,41,11,53,38,20,58,111
05/11/2016,STJ,MO,ACE,CE,Federal Contract Tower,0,0,1,5,6,0,2,6,22,30,0,2,7,27,36,0,36,36,72
05/12/2016,STJ,MO,ACE,CE,Federal Contract Tower,0,0,8,3,11,0,0,37,26,63,0,0,45,29,74,22,50,72,146
05/13/2016,STJ,MO,ACE,CE,Federal Contract Tower,0,0,12,8,20,0,2,10,0,12,0,2,22,8,32,8,0,8,40
05/14/2016,STJ,MO,ACE,CE,Federal Contract Tower,0,0,5,1,6,0,0,29,0,29,0,0,34,1,35,32,0,32,67
05/15/2016,STJ,MO,ACE,CE,Federal Contract Tower,0,0,3,2,5,0,2,31,0,33,0,2,34,2,38,12,0,12,50
05/16/2016,STJ,MO,ACE,CE,Federal Contract Tower,0,0,10,5,15,0,0,4,0,4,0,0,14,5,19,8,0,8,27
05/17/2016,STJ,MO,ACE,CE,Federal Contract Tower,0,0,12,19,31,0,0,9,8,17,0,0,21,27,48,24,27,51,99
05/18/2016,STJ,MO,ACE,CE,Federal Contract Tower,0,0,4,10,14,0,0,21,24,45,0,0,25,34,59,8,72,80,139
05/19/2016,STJ,MO,ACE,CE,Federal Contract Tower,0,0,8,9,17,0,1,26,22,49,0,1,34,31,66,2,84,86,152
05/20/2016,STJ,MO,ACE,CE,Federal Contract Tower,0,0,6,9,15,0,1,12,9,22,0,1,18,18,37,8,2,10,47
05/21/2016,STJ,MO,ACE,CE,Federal Contract Tower,0,0,2,1,3,1,0,27,0,28,1,0,29,1,31,49,0,49,80
05/22/2016,STJ,MO,ACE,CE,Federal Contract Tower,0,0,2,3,5,0,2,6,0,8,0,2,8,3,13,8,0,8,21
05/23/2016,STJ,MO,ACE,CE,Federal Contract Tower,0,0,3,0,3,0,0,3,0,3,0,0,6,0,6,4,0,4,10
05/24/2016,STJ,MO,ACE,CE,Federal Contract Tower,0,0,11,12,23,0,0,15,8,23,0,0,26,20,46,8,38,46,92
05/25/2016,STJ,MO,ACE,CE,Federal Contract Tower,0,0,11,3,14,0,2,5,8,15,0,2,16,11,29,0,6,6,35
05/26/2016,STJ,MO,ACE,CE,Federal Contract Tower,0,0,7,0,7,0,0,5,0,5,0,0,12,0,12,0,0,0,12
05/27/2016,STJ,MO,ACE,CE,Federal Contract Tower,0,0,1,1,2,0,1,16,0,17,0,1,17,1,19,18,0,18,37
05/28/2016,STJ,MO,ACE,CE,Federal Contract Tower,0,0,2,0,2,0,4,7,0,11,0,4,9,0,13,2,0,2,15
05/29/2016,STJ,MO,ACE,CE,Federal Contract Tower,0,0,5,0,5,0,6,30,0,36,0,6,35,0,41,4,0,4,45
05/30/2016,STJ,MO,ACE,CE,Federal Contract Tower,0,0,4,0,4,0,0,46,0,46,0,0,50,0,50,14,0,14,64
05/31/2016,STJ,MO,ACE,CE,Federal Contract Tower,0,0,9,5,14,0,0,8,9,17,0,0,17,14,31,18,35,53,84
06/01/2016,STJ,MO,ACE,CE,Federal Contract Tower,0,0,10,20,30,0,0,21,27,48,0,0,31,47,78,0,22,22,100
06/02/2016,STJ,MO,ACE,CE,Federal Contract Tower,0,0,6,4,10,0,1,36,16,53,0,1,42,20,63,34,58,92,155
06/03/2016,STJ,MO,ACE,CE,Federal Contract Tower,0,0,2,5,7,0,4,19,11,34,0,4,21,16,41,2,12,14,55
06/04/2016,STJ,MO,ACE,CE,Federal Contract Tower,0,0,2,2,4,0,0,12,2,14,0,0,14,4,18,16,2,18,36
06/05/2016,STJ,MO,ACE,CE,Federal Contract Tower,0,0,5,5,10,0,0,26,3,29,0,0,31,8,39,0,0,0,39
06/06/2016,STJ,MO,ACE,CE,Federal Contract Tower,0,0,12,2,14,0,0,5,0,5,0,0,17,2,19,0,0,0,19
06/07/2016,STJ,MO,ACE,CE,Federal Contract Tower,0,0,2,11,13,0,0,26,9,35,0,0,28,20,48,26,26,52,100
06/08/2016,STJ,MO,ACE,CE,Federal Contract Tower,0,0,7,5,12,0,0,18,6,24,0,0,25,11,36,8,22,30,66
06/09/2016,STJ,MO,ACE,CE,Federal Contract Tower,0,0,10,4,14,0,0,14,8,22,0,0,24,12,36,2,34,36,72
06/10/2016,STJ,MO,ACE,CE,Federal Contract Tower,0,0,7,1,8,1,1,19,0,21,1,1,26,1,29,16,0,16,45
06/11/2016,STJ,MO,ACE,CE,Federal Contract Tower,0,1,32,0,33,0,0,1,1,2,0,1,33,1,35,12,0,12,47
06/12/2016,STJ,MO,ACE,CE,Federal Contract Tower,0,0,2,0,2,0,0,39,0,39,0,0,41,0,41,40,0,40,81
06/13/2016,STJ,MO,ACE,CE,Federal Contract Tower,0,0,3,10,13,0,0,28,0,28,0,0,31,10,41,20,4,24,65
06/14/2016,STJ,MO,ACE,CE,Federal Contract Tower,0,0,3,22,25,0,0,12,4,16,0,0,15,26,41,22,30,52,93
06/15/2016,STJ,MO,ACE,CE,Federal Contract Tower,0,0,14,25,39,0,0,22,14,36,0,0,36,39,75,10,22,32,107
06/16/2016,STJ,MO,ACE,CE,Federal Contract Tower,0,0,9,4,13,0,0,21,33,54,0,0,30,37,67,42,44,86,153
06/17/2016,STJ,MO,ACE,CE,Federal Contract Tower,0,0,11,0,11,0,3,17,0,20,0,3,28,0,31,4,0,4,35
06/18/2016,STJ,MO,ACE,CE,Federal Contract Tower,0,0,2,7,9,0,0,14,0,14,0,0,16,7,23,12,0,12,35
06/19/2016,STJ,MO,ACE,CE,Federal Contract Tower,0,2,4,0,6,0,3,20,1,24,0,5,24,1,30,4,0,4,34
06/20/2016,STJ,MO,ACE,CE,Federal Contract Tower,0,0,14,5,19,0,1,9,0,10,0,1,23,5,29,0,0,0,29
06/22/2016,STJ,MO,ACE,CE,Federal Contract Tower,0,0,1,1,2,0,2,2,0,4,0,2,3,1,6,0,0,0,6
06/23/2016,STJ,MO,ACE,CE,Federal Contract Tower,0,0,0,0,0,0,3,2,0,5,0,3,2,0,5,0,0,0,5
06/24/2016,STJ,MO,ACE,CE,Federal Contract Tower,0,0,0,0,0,0,2,0,0,2,0,2,0,0,2,0,0,0,2
06/25/2016,STJ,MO,ACE,CE,Federal Contract Tower,0,0,3,0,3,0,0,17,0,17,0,0,20,0,20,16,0,16,36
06/26/2016,STJ,MO,ACE,CE,Federal Contract Tower,0,0,1,0,1,0,2,20,1,23,0,2,21,1,24,20,0,20,44
06/27/2016,STJ,MO,ACE,CE,Federal Contract Tower,0,0,0,0,0,0,0,19,0,19,0,0,19,0,19,8,0,8,27
06/28/2016,STJ,MO,ACE,CE,Federal Contract Tower,0,0,8,31,39,0,0,16,5,21,0,0,24,36,60,8,14,22,82
06/29/2016,STJ,MO,ACE,CE,Federal Contract Tower,0,0,13,11,24,0,0,21,6,27,0,0,34,17,51,2,40,42,93
06/30/2016,STJ,MO,ACE,CE,Federal Contract Tower,0,0,6,1,7,0,0,43,0,43,0,0,49,1,50,0,0,0,50
07/01/2016,STJ,MO,ACE,CE,Federal Contract Tower,0,0,16,1,17,0,1,49,0,50,0,1,65,1,67,66,0,66,133
07/02/2016,STJ,MO,ACE,CE,Federal Contract Tower,0,0,10,1,11,0,0,0,0,0,0,0,10,1,11,0,0,0,11
07/03/2016,STJ,MO,ACE,CE,Federal Contract Tower,0,0,18,0,18,0,0,0,0,0,0,0,18,0,18,0,0,0,18
07/04/2016,STJ,MO,ACE,CE,Federal Contract Tower,0,0,1,0,1,0,2,27,0,29,0,2,28,0,30,6,0,6,36
07/05/2016,STJ,MO,ACE,CE,Federal Contract Tower,0,0,19,2,21,0,3,14,0,17,0,3,33,2,38,8,0,8,46
07/06/2016,STJ,MO,ACE,CE,Federal Contract Tower,0,0,13,2,15,0,1,24,0,25,0,1,37,2,40,0,0,0,40
07/07/2016,STJ,MO,ACE,CE,Federal Contract Tower,0,0,16,0,16,0,4,23,0,27,0,4,39,0,43,0,0,0,43
07/08/2016,STJ,MO,ACE,CE,Federal Contract Tower,0,0,12,20,32,0,5,36,6,47,0,5,48,26,79,73,19,92,171
07/09/2016,STJ,MO,ACE,CE,Federal Contract Tower,0,0,2,2,4,0,2,26,6,34,0,2,28,8,38,32,0,32,70
07/10/2016,STJ,MO,ACE,CE,Federal Contract Tower,0,0,0,0,0,0,0,30,0,30,0,0,30,0,30,4,0,4,34
07/11/2016,STJ,MO,ACE,CE,Federal Contract Tower,0,0,6,1,7,0,0,11,0,11,0,0,17,1,18,0,0,0,18
07/12/2016,STJ,MO,ACE,CE,Federal Contract Tower,0,0,7,9,16,0,0,43,26,69,0,0,50,35,85,10,46,56,141
07/13/2016,STJ,MO,ACE,CE,Federal Contract Tower,0,0,38,20,58,0,0,73,35,108,0,0,111,55,166,20,6,26,192
07/14/2016,STJ,MO,ACE,CE,Federal Contract Tower,0,0,16,6,22,0,0,37,21,58,0,0,53,27,80,30,60,90,170
07/15/2016,STJ,MO,ACE,CE,Federal Contract Tower,0,0,9,4,13,0,0,98,8,106,0,0,107,12,119,28,4,32,151
07/16/2016,STJ,MO,ACE,CE,Federal Contract Tower,0,0,3,1,4,0,0,220,0,220,0,0,223,1,224,10,4,14,238
07/17/2016,STJ,MO,ACE,CE,Federal Contract Tower,0,0,6,1,7,0,5,10,0,15,0,5,16,1,22,12,0,12,34
07/18/2016,STJ,MO,ACE,CE,Federal Contract Tower,0,0,3,2,5,0,0,13,1,14,0,0,16,3,19,0,0,0,19
07/19/2016,STJ,MO,ACE,CE,Federal Contract Tower,0,0,7,12,19,0,0,82,20,102,0,0,89,32,121,8,88,96,217
07/20/2016,STJ,MO,ACE,CE,Federal Contract Tower,0,0,10,17,27,0,0,49,23,72,0,0,59,40,99,0,16,16,115
07/21/2016,STJ,MO,ACE,CE,Federal Contract Tower,0,0,7,3,10,0,1,47,16,64,0,1,54,19,74,18,50,68,142
07/22/2016,STJ,MO,ACE,CE,Federal Contract Tower,0,0,20,5,25,1,0,17,2,20,1,0,37,7,45,14,0,14,59
07/23/2016,STJ,MO,ACE,CE,Federal Contract Tower,0,0,1,1,2,0,3,31,0,34,0,3,32,1,36,0,0,0,36
07/24/2016,STJ,MO,ACE,CE,Federal Contract Tower,0,0,2,1,3,0,4,13,0,17,0,4,15,1,20,2,0,2,22
07/25/2016,STJ,MO,ACE,CE,Federal Contract Tower,0,0,6,6,12,0,0,31,0,31,0,0,37,6,43,2,0,2,45
07/26/2016,STJ,MO,ACE,CE,Federal Contract Tower,0,0,10,41,51,1,0,48,19,68,1,0,58,60,119,27,75,102,221
07/27/2016,STJ,MO,ACE,CE,Federal Contract Tower,0,0,4,3,7,0,0,25,24,49,0,0,29,27,56,14,48,62,118
07/28/2016,STJ,MO,ACE,CE,Federal Contract Tower,0,0,7,4,11,0,1,28,39,68,0,1,35,43,79,0,82,82,161
07/29/2016,STJ,MO,ACE,CE,Federal Contract Tower,0,0,3,2,5,0,0,48,0,48,0,0,51,2,53,12,4,16,69
07/30/2016,STJ,MO,ACE,CE,Federal Contract Tower,0,0,76,0,76,0,0,14,0,14,0,0,90,0,90,4,0,4,94
07/31/2016,STJ,MO,ACE,CE,Federal Contract Tower,0,0,1,0,1,0,1,8,0,9,0,1,9,0,10,8,0,8,18
08/01/2016,STJ,MO,ACE,CE,Federal Contract Tower,0,0,5,0,5,0,0,14,0,14,0,0,19,0,19,18,0,18,37
08/02/2016,STJ,MO,ACE,CE,Federal Contract Tower,0,0,5,16,21,0,0,21,31,52,0,0,26,47,73,14,24,38,111
08/03/2016,STJ,MO,ACE,CE,Federal Contract Tower,0,0,21,9,30,0,0,25,34,59,0,0,46,43,89,0,48,48,137
08/04/2016,STJ,MO,ACE,CE,Federal Contract Tower,0,0,16,4,20,0,0,33,17,50,0,0,49,21,70,0,0,0,70
08/05/2016,STJ,MO,ACE,CE,Federal Contract Tower,0,0,5,7,12,0,0,12,10,22,0,0,17,17,34,0,22,22,56
08/06/2016,STJ,MO,ACE,CE,Federal Contract Tower,0,0,2,1,3,0,0,45,0,45,0,0,47,1,48,48,0,48,96
08/07/2016,STJ,MO,ACE,CE,Federal Contract Tower,0,0,10,0,10,0,0,5,0,5,0,0,15,0,15,2,0,2,17
08/08/2016,STJ,MO,ACE,CE,Federal Contract Tower,0,0,43,8,51,0,0,22,2,24,0,0,65,10,75,14,15,29,104
08/09/2016,STJ,MO,ACE,CE,Federal Contract Tower,0,0,9,18,27,0,0,20,11,31,0,0,29,29,58,0,44,44,102
08/10/2016,STJ,MO,ACE,CE,Federal Contract Tower,0,0,3,17,20,0,0,33,32,65,0,0,36,49,85,6,38,44,129
08/11/2016,STJ,MO,ACE,CE,Federal Contract Tower,0,0,4,4,8,0,0,24,36,60,0,0,28,40,68,0,48,48,116
08/12/2016,STJ,MO,ACE,CE,Federal Contract Tower,0,0,1,3,4,0,0,15,4,19,0,0,16,7,23,4,0,4,27
08/13/2016,STJ,MO,ACE,CE,Federal Contract Tower,0,0,2,0,2,0,0,38,0,38,0,0,40,0,40,42,0,42,82
08/14/2016,STJ,MO,ACE,CE,Federal Contract Tower,0,0,1,5,6,0,3,53,0,56,0,3,54,5,62,0,0,0,62
08/15/2016,STJ,MO,ACE,CE,Federal Contract Tower,0,0,0,12,12,0,0,18,5,23,0,0,18,17,35,42,20,62,97
08/16/2016,STJ,MO,ACE,CE,Federal Contract Tower,0,0,12,14,26,0,0,27,20,47,0,0,39,34,73,14,74,88,161
08/17/2016,STJ,MO,ACE,CE,Federal Contract Tower,0,0,11,9,20,2,0,54,36,92,2,0,65,45,112,6,82,88,200
08/18/2016,STJ,MO,ACE,CE,Federal Contract Tower,0,0,10,7,17,0,9,21,79,109,0,9,31,86,126,0,92,92,218
08/19/2016,STJ,MO,ACE,CE,Federal Contract Tower,0,0,5,4,9,0,0,14,8,22,0,0,19,12,31,4,22,26,57
08/20/2016,STJ,MO,ACE,CE,Federal Contract Tower,0,0,5,1,6,0,2,14,0,16,0,2,19,1,22,14,0,14,36
08/21/2016,STJ,MO,ACE,CE,Federal Contract Tower,0,0,33,0,33,0,0,8,0,8,0,0,41,0,41,22,0,22,63
08/22/2016,STJ,MO,ACE,CE,Federal Contract Tower,0,0,8,6,14,0,0,14,5,19,0,0,22,11,33,0,0,0,33
08/23/2016,STJ,MO,ACE,CE,Federal Contract Tower,0,0,0,0,0,0,0,0,0,0,0,0,0,0,0,5,0,5,5
08/24/2016,STJ,MO,ACE,CE,Federal Contract Tower,0,0,8,5,13,0,0,7,5,12,0,0,15,10,25,8,4,12,37
08/25/2016,STJ,MO,ACE,CE,Federal Contract Tower,0,0,10,6,16,0,0,14,2,16,0,0,24,8,32,20,6,26,58
08/26/2016,STJ,MO,ACE,CE,Federal Contract Tower,0,0,8,9,17,0,0,55,13,68,0,0,63,22,85,93,50,143,228
08/27/2016,STJ,MO,ACE,CE,Federal Contract Tower,0,0,3,0,3,0,3,110,12,125,0,3,113,12,128,72,52,124,252
08/28/2016,STJ,MO,ACE,CE,Federal Contract Tower,0,0,3,1,4,0,0,59,5,64,0,0,62,6,68,0,0,0,68
08/29/2016,STJ,MO,ACE,CE,Federal Contract Tower,0,0,9,6,15,0,1,23,0,24,0,1,32,6,39,6,8,14,53
08/30/2016,STJ,MO,ACE,CE,Federal Contract Tower,0,0,5,8,13,0,0,7,9,16,0,0,12,17,29,4,34,38,67
08/31/2016,STJ,MO,ACE,CE,Federal Contract Tower,0,0,11,11,22,0,2,82,10,94,0,2,93,21,116,0,42,42,158
09/01/2016,STJ,MO,ACE,CE,Federal Contract Tower,0,0,15,4,19,0,0,34,6,40,0,0,49,10,59,0,28,28,87
09/02/2016,STJ,MO,ACE,CE,Federal Contract Tower,0,0,8,1,9,0,1,48,0,49,0,1,56,1,58,8,0,8,66
09/03/2016,STJ,MO,ACE,CE,Federal Contract Tower,0,0,9,0,9,0,0,29,0,29,0,0,38,0,38,22,0,22,60
09/04/2016,STJ,MO,ACE,CE,Federal Contract Tower,0,0,0,1,1,0,1,22,0,23,0,1,22,1,24,18,4,22,46
09/05/2016,STJ,MO,ACE,CE,Federal Contract Tower,0,0,4,0,4,0,0,21,0,21,0,0,25,0,25,18,0,18,43
09/06/2016,STJ,MO,ACE,CE,Federal Contract Tower,0,0,7,13,20,0,0,13,11,24,0,0,20,24,44,0,52,52,96
09/07/2016,STJ,MO,ACE,CE,Federal Contract Tower,0,0,2,5,7,0,0,9,8,17,0,0,11,13,24,6,26,32,56
09/08/2016,STJ,MO,ACE,CE,Federal Contract Tower,0,0,4,11,15,0,0,6,13,19,0,0,10,24,34,18,50,68,102
09/09/2016,STJ,MO,ACE,CE,Federal Contract Tower,0,0,7,4,11,0,0,22,1,23,0,0,29,5,34,0,0,0,34
09/10/2016,STJ,MO,ACE,CE,Federal Contract Tower,0,0,5,2,7,0,1,13,1,15,0,1,18,3,22,0,0,0,22
09/11/2016,STJ,MO,ACE,CE,Federal Contract Tower,0,0,4,3,7,0,0,32,1,33,0,0,36,4,40,12,0,12,52
09/12/2016,STJ,MO,ACE,CE,Federal Contract Tower,0,0,3,0,3,0,0,5,6,11,0,0,8,6,14,2,0,2,16
09/13/2016,STJ,MO,ACE,CE,Federal Contract Tower,0,0,9,4,13,0,0,0,6,6,0,0,9,10,19,0,5,5,24
09/14/2016,STJ,MO,ACE,CE,Federal Contract Tower,0,0,11,17,28,0,2,13,3,18,0,2,24,20,46,0,16,16,62
09/15/2016,STJ,MO,ACE,CE,Federal Contract Tower,0,0,3,2,5,0,0,24,7,31,0,0,27,9,36,18,4,22,58
09/16/2016,STJ,MO,ACE,CE,Federal Contract Tower,0,0,6,2,8,0,2,11,1,14,0,2,17,3,22,6,0,6,28
09/17/2016,STJ,MO,ACE,CE,Federal Contract Tower,0,0,0,0,0,0,0,1,7,8,0,0,1,7,8,8,0,8,16
09/18/2016,STJ,MO,ACE,CE,Federal Contract Tower,0,0,3,0,3,0,0,20,0,20,0,0,23,0,23,0,0,0,23
09/19/2016,STJ,MO,ACE,CE,Federal Contract Tower,0,0,0,0,0,0,0,51,0,51,0,0,51,0,51,8,0,8,59
09/20/2016,STJ,MO,ACE,CE,Federal Contract Tower,0,0,8,2,10,0,0,26,0,26,0,0,34,2,36,8,0,8,44
09/21/2016,STJ,MO,ACE,CE,Federal Contract Tower,0,0,4,9,13,0,0,20,12,32,0,0,24,21,45,6,42,48,93
09/22/2016,STJ,MO,ACE,CE,Federal Contract Tower,0,0,10,5,15,0,2,13,37,52,0,2,23,42,67,4,48,52,119
09/23/2016,STJ,MO,ACE,CE,Federal Contract Tower,0,0,3,3,6,0,0,15,0,15,0,0,18,3,21,0,0,0,21
09/24/2016,STJ,MO,ACE,CE,Federal Contract Tower,0,0,1,0,1,2,0,17,0,19,2,0,18,0,20,4,0,4,24
09/25/2016,STJ,MO,ACE,CE,Federal Contract Tower,0,0,5,3,8,0,0,1,0,1,0,0,6,3,9,0,0,0,9
09/26/2016,STJ,MO,ACE,CE,Federal Contract Tower,0,0,17,3,20,0,1,21,0,22,0,1,38,3,42,12,0,12,54
09/27/2016,STJ,MO,ACE,CE,Federal Contract Tower,0,0,6,16,22,0,1,37,22,60,0,1,43,38,82,0,34,34,116
09/28/2016,STJ,MO,ACE,CE,Federal Contract Tower,0,0,10,13,23,0,0,4,12,16,0,0,14,25,39,0,50,50,89
09/29/2016,STJ,MO,ACE,CE,Federal Contract Tower,0,0,11,11,22,0,2,17,20,39,0,2,28,31,61,16,50,66,127
09/30/2016,STJ,MO,ACE,CE,Federal Contract Tower,0,0,15,1,16,0,1,15,5,21,0,1,30,6,37,12,30,42,79
10/01/2016,STJ,MO,ACE,CE,Federal Contract Tower,0,0,1,0,1,0,0,8,0,8,0,0,9,0,9,22,0,22,31
10/02/2016,STJ,MO,ACE,CE,Federal Contract Tower,0,0,7,0,7,0,0,18,0,18,0,0,25,0,25,0,0,0,25
10/03/2016,STJ,MO,ACE,CE,Federal Contract Tower,0,0,10,10,20,0,0,13,0,13,0,0,23,10,33,2,0,2,35
10/04/2016,STJ,MO,ACE,CE,Federal Contract Tower,0,0,7,7,14,0,5,8,3,16,0,5,15,10,30,0,16,16,46
10/05/2016,STJ,MO,ACE,CE,Federal Contract Tower,0,0,10,2,12,0,1,14,2,17,0,1,24,4,29,10,8,18,47
10/06/2016,STJ,MO,ACE,CE,Federal Contract Tower,0,0,10,9,19,0,0,4,10,14,0,0,14,19,33,0,18,18,51
10/07/2016,STJ,MO,ACE,CE,Federal Contract Tower,0,0,4,0,4,0,1,20,0,21,0,1,24,0,25,18,0,18,43
10/08/2016,STJ,MO,ACE,CE,Federal Contract Tower,0,0,3,0,3,0,3,24,0,27,0,3,27,0,30,26,0,26,56
10/09/2016,STJ,MO,ACE,CE,Federal Contract Tower,0,0,0,0,0,0,0,17,0,17,0,0,17,0,17,16,0,16,33
10/10/2016,STJ,MO,ACE,CE,Federal Contract Tower,0,0,0,11,11,0,0,3,0,3,0,0,3,11,14,6,4,10,24
10/11/2016,STJ,MO,ACE,CE,Federal Contract Tower,0,0,5,14,19,0,0,15,29,44,0,0,20,43,63,3,30,33,96
10/12/2016,STJ,MO,ACE,CE,Federal Contract Tower,0,0,4,16,20,0,0,2,25,27,0,0,6,41,47,0,14,14,61
10/13/2016,STJ,MO,ACE,CE,Federal Contract Tower,0,0,8,4,12,0,0,15,20,35,0,0,23,24,47,20,32,52,99
10/14/2016,STJ,MO,ACE,CE,Federal Contract Tower,0,0,4,2,6,0,0,6,0,6,0,0,10,2,12,26,0,26,38
10/15/2016,STJ,MO,ACE,CE,Federal Contract Tower,0,0,8,2,10,8,0,17,0,25,8,0,25,2,35,14,0,14,49
10/16/2016,STJ,MO,ACE,CE,Federal Contract Tower,0,0,6,1,7,0,1,13,0,14,0,1,19,1,21,3,0,3,24
10/17/2016,STJ,MO,ACE,CE,Federal Contract Tower,0,0,13,4,17,0,1,6,0,7,0,1,19,4,24,0,0,0,24
10/18/2016,STJ,MO,ACE,CE,Federal Contract Tower,0,0,15,10,25,0,2,9,4,15,0,2,24,14,40,24,44,68,108
10/19/2016,STJ,MO,ACE,CE,Federal Contract Tower,0,0,9,3,12,0,0,16,9,25,0,0,25,12,37,12,30,42,79
10/20/2016,STJ,MO,ACE,CE,Federal Contract Tower,0,0,4,20,24,0,1,9,9,19,0,1,13,29,43,6,44,50,93
10/21/2016,STJ,MO,ACE,CE,Federal Contract Tower,0,0,15,10,25,0,0,37,1,38,0,0,52,11,63,1,2,3,66
10/22/2016,STJ,MO,ACE,CE,Federal Contract Tower,0,0,0,2,2,0,1,35,0,36,0,1,35,2,38,16,0,16,54
10/23/2016,STJ,MO,ACE,CE,Federal Contract Tower,0,0,6,1,7,0,0,6,0,6,0,0,12,1,13,2,0,2,15
10/24/2016,STJ,MO,ACE,CE,Federal Contract Tower,0,0,0,0,0,0,1,40,0,41,0,1,40,0,41,16,0,16,57
10/25/2016,STJ,MO,ACE,CE,Federal Contract Tower,0,0,10,12,22,0,0,9,11,20,0,0,19,23,42,10,36,46,88
10/26/2016,STJ,MO,ACE,CE,Federal Contract Tower,0,0,7,10,17,0,0,3,8,11,0,0,10,18,28,0,46,46,74
10/27/2016,STJ,MO,ACE,CE,Federal Contract Tower,0,0,10,10,20,0,2,22,25,49,0,2,32,35,69,8,24,32,101
10/28/2016,STJ,MO,ACE,CE,Federal Contract Tower,0,0,5,1,6,0,2,17,1,20,0,2,22,2,26,20,20,40,66
10/29/2016,STJ,MO,ACE,CE,Federal Contract Tower,0,0,6,0,6,0,2,26,0,28,0,2,32,0,34,16,0,16,50
10/30/2016,STJ,MO,ACE,CE,Federal Contract Tower,0,0,10,2,12,0,2,1,0,3,0,2,11,2,15,0,0,0,15
10/31/2016,STJ,MO,ACE,CE,Federal Contract Tower,0,0,6,0,6,0,0,13,0,13,0,0,19,0,19,0,0,0,19
11/01/2016,STJ,MO,ACE,CE,Federal Contract Tower,0,0,6,11,17,0,0,21,17,38,0,0,27,28,55,16,62,78,133
11/02/2016,STJ,MO,ACE,CE,Federal Contract Tower,0,0,4,2,6,0,0,2,0,2,0,0,6,2,8,0,0,0,8
11/03/2016,STJ,MO,ACE,CE,Federal Contract Tower,0,1,6,14,21,0,0,37,2,39,0,1,43,16,60,12,24,36,96
11/04/2016,STJ,MO,ACE,CE,Federal Contract Tower,0,0,7,1,8,0,2,22,24,48,0,2,29,25,56,24,42,66,122
11/05/2016,STJ,MO,ACE,CE,Federal Contract Tower,0,0,5,0,5,0,1,22,0,23,0,1,27,0,28,46,34,80,108
11/06/2016,STJ,MO,ACE,CE,Federal Contract Tower,0,0,4,0,4,0,0,16,0,16,0,0,20,0,20,6,0,6,26
11/07/2016,STJ,MO,ACE,CE,Federal Contract Tower,0,0,6,5,11,0,1,12,1,14,0,1,18,6,25,16,0,16,41
11/08/2016,STJ,MO,ACE,CE,Federal Contract Tower,0,0,12,4,16,0,4,7,17,28,0,4,19,21,44,0,76,76,120
11/09/2016,STJ,MO,ACE,CE,Federal Contract Tower,0,0,2,4,6,0,1,10,33,44,0,1,12,37,50,8,75,83,133
11/10/2016,STJ,MO,ACE,CE,Federal Contract Tower,0,0,2,4,6,0,1,10,33,44,0,1,12,37,50,8,75,83,133
11/11/2016,STJ,MO,ACE,CE,Federal Contract Tower,0,0,3,0,3,0,0,25,0,25,0,0,28,0,28,0,0,0,28
11/12/2016,STJ,MO,ACE,CE,Federal Contract Tower,0,0,5,0,5,0,2,30,0,32,0,2,35,0,37,28,0,28,65
11/13/2016,STJ,MO,ACE,CE,Federal Contract Tower,0,0,3,1,4,0,2,24,0,26,0,2,27,1,30,0,0,0,30
11/14/2016,STJ,MO,ACE,CE,Federal Contract Tower,0,0,13,5,18,0,0,15,0,15,0,0,28,5,33,24,0,24,57
11/15/2016,STJ,MO,ACE,CE,Federal Contract Tower,0,0,7,12,19,0,2,14,16,32,0,2,21,28,51,16,34,50,101
11/16/2016,STJ,MO,ACE,CE,Federal Contract Tower,0,0,5,4,9,0,2,6,9,17,0,2,11,13,26,6,52,58,84
11/17/2016,STJ,MO,ACE,CE,Federal Contract Tower,0,0,9,9,18,0,0,9,4,13,0,0,18,13,31,0,34,34,65
11/18/2016,STJ,MO,ACE,CE,Federal Contract Tower,0,0,7,5,12,0,2,12,0,14,0,2,19,5,26,0,0,0,26
11/19/2016,STJ,MO,ACE,CE,Federal Contract Tower,0,0,5,0,5,0,0,16,0,16,0,0,21,0,21,12,0,12,33
11/20/2016,STJ,MO,ACE,CE,Federal Contract Tower,0,1,4,0,5,0,0,15,4,19,0,1,19,4,24,8,0,8,32
11/21/2016,STJ,MO,ACE,CE,Federal Contract Tower,0,0,13,0,13,0,0,22,0,22,0,0,35,0,35,44,0,44,79
11/22/2016,STJ,MO,ACE,CE,Federal Contract Tower,0,0,10,8,18,0,0,2,10,12,0,0,12,18,30,0,44,44,74
11/23/2016,STJ,MO,ACE,CE,Federal Contract Tower,0,0,11,1,12,0,0,1,0,1,0,0,12,1,13,0,0,0,13
11/24/2016,STJ,MO,ACE,CE,Federal Contract Tower,0,0,0,0,0,0,0,0,0,0,0,0,0,0,0,0,0,0,0
11/25/2016,STJ,MO,ACE,CE,Federal Contract Tower,0,0,5,0,5,0,0,14,0,14,0,0,19,0,19,38,0,38,57
11/26/2016,STJ,MO,ACE,CE,Federal Contract Tower,0,0,7,0,7,0,0,22,0,22,0,0,29,0,29,26,0,26,55
11/27/2016,STJ,MO,ACE,CE,Federal Contract Tower,0,1,3,0,4,0,0,0,0,0,0,1,3,0,4,0,0,0,4
11/28/2016,STJ,MO,ACE,CE,Federal Contract Tower,0,0,7,2,9,0,0,41,1,42,0,0,48,3,51,0,0,0,51
11/29/2016,STJ,MO,ACE,CE,Federal Contract Tower,0,0,19,12,31,0,0,11,2,13,0,0,30,14,44,0,41,41,85
11/30/2016,STJ,MO,ACE,CE,Federal Contract Tower,0,0,6,6,12,0,0,3,15,18,0,0,9,21,30,0,24,24,54
12/01/2016,STJ,MO,ACE,CE,Federal Contract Tower,0,0,14,10,24,0,2,14,10,26,0,2,28,20,50,20,104,124,174
12/02/2016,STJ,MO,ACE,CE,Federal Contract Tower,0,0,11,13,24,0,2,27,4,33,0,2,38,17,57,18,12,30,87
12/03/2016,STJ,MO,ACE,CE,Federal Contract Tower,0,0,9,3,12,0,0,27,2,29,0,0,36,5,41,32,12,44,85
12/04/2016,STJ,MO,ACE,CE,Federal Contract Tower,0,0,2,0,2,0,0,5,0,5,0,0,7,0,7,0,0,0,7
12/05/2016,STJ,MO,ACE,CE,Federal Contract Tower,0,0,12,4,16,0,1,12,8,21,0,1,24,12,37,14,4,18,55
12/06/2016,STJ,MO,ACE,CE,Federal Contract Tower,0,0,13,10,23,0,0,8,4,12,0,0,21,14,35,0,38,38,73
12/07/2016,STJ,MO,ACE,CE,Federal Contract Tower,0,0,5,6,11,0,0,6,0,6,0,0,11,6,17,8,14,22,39
12/08/2016,STJ,MO,ACE,CE,Federal Contract Tower,0,0,10,4,14,0,0,7,7,14,0,0,17,11,28,0,22,22,50
12/09/2016,STJ,MO,ACE,CE,Federal Contract Tower,0,0,6,1,7,0,0,10,2,12,0,0,16,3,19,2,4,6,25
12/10/2016,STJ,MO,ACE,CE,Federal Contract Tower,0,0,3,0,3,0,0,2,6,8,0,0,5,6,11,21,1,22,33
12/11/2016,STJ,MO,ACE,CE,Federal Contract Tower,0,0,4,2,6,0,0,0,0,0,0,0,4,2,6,0,0,0,6
12/12/2016,STJ,MO,ACE,CE,Federal Contract Tower,0,0,6,1,7,0,1,19,1,21,0,1,25,2,28,10,0,10,38
12/13/2016,STJ,MO,ACE,CE,Federal Contract Tower,0,0,21,8,29,0,0,11,10,21,0,0,32,18,50,6,30,36,86
12/14/2016,STJ,MO,ACE,CE,Federal Contract Tower,0,0,7,8,15,0,0,13,17,30,0,0,20,25,45,0,52,52,97
12/15/2016,STJ,MO,ACE,CE,Federal Contract Tower,0,0,3,4,7,0,1,6,2,9,0,1,9,6,16,0,20,20,36
12/16/2016,STJ,MO,ACE,CE,Federal Contract Tower,0,0,2,0,2,0,0,0,0,0,0,0,2,0,2,0,0,0,2
12/17/2016,STJ,MO,ACE,CE,Federal Contract Tower,0,0,0,0,0,0,0,0,0,0,0,0,0,0,0,0,0,0,0
12/18/2016,STJ,MO,ACE,CE,Federal Contract Tower,0,0,1,0,1,0,0,6,0,6,0,0,7,0,7,0,0,0,7
12/19/2016,STJ,MO,ACE,CE,Federal Contract Tower,0,0,12,0,12,0,2,6,0,8,0,2,18,0,20,0,0,0,20
12/20/2016,STJ,MO,ACE,CE,Federal Contract Tower,0,0,9,3,12,0,1,12,3,16,0,1,21,6,28,10,6,16,44
12/21/2016,STJ,MO,ACE,CE,Federal Contract Tower,0,0,19,18,37,0,0,3,18,21,0,0,22,36,58,2,50,52,110
12/22/2016,STJ,MO,ACE,CE,Federal Contract Tower,0,0,8,0,8,0,2,36,0,38,0,2,44,0,46,18,0,18,64
12/23/2016,STJ,MO,ACE,CE,Federal Contract Tower,0,0,4,1,5,0,0,0,1,1,0,0,4,2,6,0,4,4,10
12/24/2016,STJ,MO,ACE,CE,Federal Contract Tower,0,0,2,0,2,0,0,0,0,0,0,0,2,0,2,0,0,0,2
12/26/2016,STJ,MO,ACE,CE,Federal Contract Tower,0,0,4,0,4,0,0,15,0,15,0,0,19,0,19,14,0,14,33
12/27/2016,STJ,MO,ACE,CE,Federal Contract Tower,0,0,9,8,17,0,4,19,4,27,0,4,28,12,44,0,22,22,66
12/28/2016,STJ,MO,ACE,CE,Federal Contract Tower,0,0,8,4,12,0,1,17,9,27,0,1,25,13,39,0,58,58,97
12/29/2016,STJ,MO,ACE,CE,Federal Contract Tower,0,0,6,8,14,0,4,12,3,19,0,4,18,11,33,0,8,8,41
12/30/2016,STJ,MO,ACE,CE,Federal Contract Tower,0,0,11,0,11,0,2,14,2,18,0,2,25,2,29,12,0,12,41
12/31/2016,STJ,MO,ACE,CE,Federal Contract Tower,0,0,1,0,1,0,0,10,0,10,0,0,11,0,11,8,0,8,19
01/01/2017,STJ,MO,ACE,CE,Federal Contract Tower,0,0,0,0,0,0,1,3,0,4,0,1,3,0,4,0,0,0,4
01/02/2017,STJ,MO,ACE,CE,Federal Contract Tower,0,0,2,0,2,0,0,0,0,0,0,0,2,0,2,0,0,0,2
01/03/2017,STJ,MO,ACE,CE,Federal Contract Tower,0,0,8,4,12,0,0,2,0,2,0,0,10,4,14,0,6,6,20
01/04/2017,STJ,MO,ACE,CE,Federal Contract Tower,0,0,7,0,7,0,0,2,0,2,0,0,9,0,9,0,0,0,9
01/05/2017,STJ,MO,ACE,CE,Federal Contract Tower,0,0,6,1,7,0,0,1,0,1,0,0,7,1,8,0,18,18,26
01/06/2017,STJ,MO,ACE,CE,Federal Contract Tower,0,0,6,2,8,0,0,8,0,8,0,0,14,2,16,6,0,6,22
01/07/2017,STJ,MO,ACE,CE,Federal Contract Tower,0,0,1,2,3,0,2,15,0,17,0,2,16,2,20,6,0,6,26
01/08/2017,STJ,MO,ACE,CE,Federal Contract Tower,0,0,3,0,3,0,0,4,0,4,0,0,7,0,7,0,0,0,7
01/09/2017,STJ,MO,ACE,CE,Federal Contract Tower,0,0,6,2,8,0,0,5,0,5,0,0,11,2,13,36,0,36,49
01/10/2017,STJ,MO,ACE,CE,Federal Contract Tower,0,0,8,0,8,0,0,7,0,7,0,0,15,0,15,2,0,2,17
01/11/2017,STJ,MO,ACE,CE,Federal Contract Tower,0,0,7,1,8,0,0,7,6,13,0,0,14,7,21,28,20,48,69
01/12/2017,STJ,MO,ACE,CE,Federal Contract Tower,0,0,10,4,14,0,0,23,12,35,0,0,33,16,49,4,20,24,73
01/13/2017,STJ,MO,ACE,CE,Federal Contract Tower,0,0,3,0,3,0,0,2,0,2,0,0,5,0,5,0,0,0,5
01/14/2017,STJ,MO,ACE,CE,Federal Contract Tower,0,0,4,0,4,0,1,2,0,3,0,1,6,0,7,12,0,12,19
01/15/2017,STJ,MO,ACE,CE,Federal Contract Tower,0,0,0,0,0,0,0,0,0,0,0,0,0,0,0,0,0,0,0
01/16/2017,STJ,MO,ACE,CE,Federal Contract Tower,0,0,1,0,1,0,0,0,0,0,0,0,1,0,1,0,0,0,1
01/17/2017,STJ,MO,ACE,CE,Federal Contract Tower,0,0,13,5,18,0,0,2,2,4,0,0,15,7,22,0,22,22,44
01/18/2017,STJ,MO,ACE,CE,Federal Contract Tower,0,0,15,13,28,0,0,13,5,18,0,0,28,18,46,8,18,26,72
01/19/2017,STJ,MO,ACE,CE,Federal Contract Tower,0,0,13,0,13,0,0,0,0,0,0,0,13,0,13,0,0,0,13
01/20/2017,STJ,MO,ACE,CE,Federal Contract Tower,0,0,8,2,10,0,0,0,0,0,0,0,8,2,10,0,0,0,10
01/21/2017,STJ,MO,ACE,CE,Federal Contract Tower,0,0,5,2,7,0,0,26,0,26,0,0,31,2,33,8,0,8,41
01/22/2017,STJ,MO,ACE,CE,Federal Contract Tower,0,1,5,0,6,0,0,0,0,0,0,1,5,0,6,0,0,0,6
01/23/2017,STJ,MO,ACE,CE,Federal Contract Tower,0,0,16,0,16,0,0,12,0,12,0,0,28,0,28,0,0,0,28
01/24/2017,STJ,MO,ACE,CE,Federal Contract Tower,0,0,3,6,9,0,1,5,14,20,0,1,8,20,29,0,24,24,53
01/25/2017,STJ,MO,ACE,CE,Federal Contract Tower,0,0,10,3,13,0,0,2,0,2,0,0,12,3,15,16,0,16,31
01/26/2017,STJ,MO,ACE,CE,Federal Contract Tower,0,0,4,10,14,0,0,10,13,23,0,0,14,23,37,0,14,14,51
01/27/2017,STJ,MO,ACE,CE,Federal Contract Tower,0,0,20,3,23,0,2,14,19,35,0,2,34,22,58,0,0,0,58
01/29/2017,STJ,MO,ACE,CE,Federal Contract Tower,0,0,3,9,12,0,0,2,0,2,0,0,5,9,14,0,0,0,14
01/30/2017,STJ,MO,ACE,CE,Federal Contract Tower,0,0,7,0,7,0,1,17,0,18,0,1,24,0,25,0,0,0,25
02/01/2017,STJ,MO,ACE,CE,Federal Contract Tower,0,0,5,11,16,0,1,18,33,52,0,1,23,44,68,6,46,52,120
02/02/2017,STJ,MO,ACE,CE,Federal Contract Tower,0,0,6,12,18,0,0,3,7,10,0,0,9,19,28,2,100,102,130
02/03/2017,STJ,MO,ACE,CE,Federal Contract Tower,0,0,9,1,10,0,0,18,4,22,0,0,27,5,32,14,12,26,58
02/04/2017,STJ,MO,ACE,CE,Federal Contract Tower,0,0,0,0,0,0,3,1,2,6,0,3,1,2,6,0,0,0,6
02/05/2017,STJ,MO,ACE,CE,Federal Contract Tower,0,0,5,1,6,0,0,27,0,27,0,0,32,1,33,6,0,6,39
02/06/2017,STJ,MO,ACE,CE,Federal Contract Tower,0,0,6,5,11,0,0,3,4,7,0,0,9,9,18,2,0,2,20
02/07/2017,STJ,MO,ACE,CE,Federal Contract Tower,0,0,14,13,27,0,0,0,10,10,0,0,14,23,37,0,32,32,69
02/08/2017,STJ,MO,ACE,CE,Federal Contract Tower,0,0,7,29,36,0,0,5,4,9,0,0,12,33,45,0,60,60,105
02/09/2017,STJ,MO,ACE,CE,Federal Contract Tower,0,0,5,0,5,0,1,7,29,37,0,1,12,29,42,18,86,104,146
02/10/2017,STJ,MO,ACE,CE,Federal Contract Tower,0,0,11,1,12,0,0,14,1,15,0,0,25,2,27,6,4,10,37
02/11/2017,STJ,MO,ACE,CE,Federal Contract Tower,0,2,21,1,24,0,0,5,1,6,0,2,26,2,30,38,0,38,68
02/12/2017,STJ,MO,ACE,CE,Federal Contract Tower,0,0,4,0,4,0,1,6,0,7,0,1,10,0,11,2,0,2,13
02/13/2017,STJ,MO,ACE,CE,Federal Contract Tower,0,0,4,5,9,0,0,6,0,6,0,0,10,5,15,6,0,6,21
02/14/2017,STJ,MO,ACE,CE,Federal Contract Tower,0,0,13,0,13,0,7,18,6,31,0,7,31,6,44,0,24,24,68
02/15/2017,STJ,MO,ACE,CE,Federal Contract Tower,0,0,18,5,23,0,0,17,17,34,0,0,35,22,57,12,64,76,133
02/16/2017,STJ,MO,ACE,CE,Federal Contract Tower,0,0,3,6,9,0,0,6,5,11,0,0,9,11,20,4,24,28,48
02/17/2017,STJ,MO,ACE,CE,Federal Contract Tower,0,0,9,4,13,0,0,16,0,16,0,0,25,4,29,18,2,20,49
02/18/2017,STJ,MO,ACE,CE,Federal Contract Tower,0,0,7,1,8,0,2,59,0,61,0,2,66,1,69,80,0,80,149
02/19/2017,STJ,MO,ACE,CE,Federal Contract Tower,0,0,12,0,12,0,2,11,0,13,0,2,23,0,25,0,0,0,25
02/20/2017,STJ,MO,ACE,CE,Federal Contract Tower,0,0,7,0,7,0,5,2,0,7,0,5,9,0,14,2,0,2,16
02/21/2017,STJ,MO,ACE,CE,Federal Contract Tower,0,0,7,3,10,0,0,34,22,56,0,0,41,25,66,4,94,98,164
02/22/2017,STJ,MO,ACE,CE,Federal Contract Tower,0,0,7,18,25,0,0,11,12,23,0,0,18,30,48,22,66,88,136
02/23/2017,STJ,MO,ACE,CE,Federal Contract Tower,0,0,10,14,24,0,2,4,4,10,0,2,14,18,34,4,28,32,66
02/24/2017,STJ,MO,ACE,CE,Federal Contract Tower,0,0,4,2,6,0,1,0,0,1,0,1,4,2,7,0,0,0,7
02/25/2017,STJ,MO,ACE,CE,Federal Contract Tower,0,0,5,0,5,0,0,14,5,19,0,0,19,5,24,42,0,42,66
02/26/2017,STJ,MO,ACE,CE,Federal Contract Tower,0,0,6,2,8,0,0,12,0,12,0,0,18,2,20,6,0,6,26
02/27/2017,STJ,MO,ACE,CE,Federal Contract Tower,0,0,8,2,10,0,2,12,10,24,0,2,20,12,34,5,6,11,45
02/28/2017,STJ,MO,ACE,CE,Federal Contract Tower,0,0,3,13,16,0,0,16,4,20,0,0,19,17,36,4,80,84,120
03/01/2017,STJ,MO,ACE,CE,Federal Contract Tower,0,0,5,28,33,0,0,6,10,16,0,0,11,38,49,0,48,48,97
03/02/2017,STJ,MO,ACE,CE,Federal Contract Tower,0,0,4,3,7,0,0,6,3,9,0,0,10,6,16,26,0,26,42
03/03/2017,STJ,MO,ACE,CE,Federal Contract Tower,0,0,3,0,3,0,1,12,10,23,0,1,15,10,26,12,60,72,98
03/04/2017,STJ,MO,ACE,CE,Federal Contract Tower,0,0,4,1,5,0,0,7,14,21,0,0,11,15,26,0,36,36,62
03/05/2017,STJ,MO,ACE,CE,Federal Contract Tower,0,0,2,5,7,0,0,0,2,2,0,0,2,7,9,0,8,8,17
03/06/2017,STJ,MO,ACE,CE,Federal Contract Tower,0,0,7,1,8,0,0,2,0,2,0,0,9,1,10,0,0,0,10
03/07/2017,STJ,MO,ACE,CE,Federal Contract Tower,0,0,8,3,11,0,0,9,5,14,0,0,17,8,25,1,14,15,40
03/08/2017,STJ,MO,ACE,CE,Federal Contract Tower,0,0,3,12,15,0,1,29,8,38,0,1,32,20,53,30,47,77,130
03/09/2017,STJ,MO,ACE,CE,Federal Contract Tower,0,0,7,2,9,0,2,25,11,38,0,2,32,13,47,0,52,52,99
03/10/2017,STJ,MO,ACE,CE,Federal Contract Tower,0,0,9,1,10,0,0,12,4,16,0,0,21,5,26,24,14,38,64
03/11/2017,STJ,MO,ACE,CE,Federal Contract Tower,0,0,0,0,0,0,0,0,0,0,0,0,0,0,0,0,0,0,0
03/12/2017,STJ,MO,ACE,CE,Federal Contract Tower,0,0,0,2,2,4,0,0,0,4,4,0,0,2,6,10,0,10,16
03/13/2017,STJ,MO,ACE,CE,Federal Contract Tower,0,0,3,0,3,0,0,2,0,2,0,0,5,0,5,14,0,14,19
03/14/2017,STJ,MO,ACE,CE,Federal Contract Tower,0,0,8,13,21,0,0,3,16,19,0,0,11,29,40,0,16,16,56
03/15/2017,STJ,MO,ACE,CE,Federal Contract Tower,0,0,4,11,15,0,0,11,12,23,0,0,15,23,38,12,28,40,78
03/16/2017,STJ,MO,ACE,CE,Federal Contract Tower,0,0,5,0,5,0,0,16,15,31,0,0,21,15,36,5,45,50,86
03/17/2017,STJ,MO,ACE,CE,Federal Contract Tower,0,0,6,1,7,0,0,14,0,14,0,0,20,1,21,10,0,10,31
03/18/2017,STJ,MO,ACE,CE,Federal Contract Tower,0,0,2,0,2,0,1,32,0,33,0,1,34,0,35,18,0,18,53
03/19/2017,STJ,MO,ACE,CE,Federal Contract Tower,0,0,6,1,7,0,0,18,0,18,0,0,24,1,25,6,0,6,31
03/20/2017,STJ,MO,ACE,CE,Federal Contract Tower,0,0,14,0,14,0,4,21,0,25,0,4,35,0,39,10,0,10,49
03/21/2017,STJ,MO,ACE,CE,Federal Contract Tower,0,0,3,16,19,0,0,11,6,17,0,0,14,22,36,0,48,48,84
03/22/2017,STJ,MO,ACE,CE,Federal Contract Tower,0,0,21,9,30,0,0,18,19,37,0,0,39,28,67,26,40,66,133
03/23/2017,STJ,MO,ACE,CE,Federal Contract Tower,0,0,8,8,16,0,1,8,11,20,0,1,16,19,36,0,62,62,98
03/24/2017,STJ,MO,ACE,CE,Federal Contract Tower,0,0,2,0,2,0,0,5,0,5,0,0,7,0,7,4,0,4,11
03/25/2017,STJ,MO,ACE,CE,Federal Contract Tower,0,0,6,2,8,0,0,3,0,3,0,0,9,2,11,0,0,0,11
03/26/2017,STJ,MO,ACE,CE,Federal Contract Tower,0,0,0,0,0,0,0,4,0,4,0,0,4,0,4,0,0,0,4
03/27/2017,STJ,MO,ACE,CE,Federal Contract Tower,0,0,14,0,14,0,0,2,0,2,0,0,16,0,16,4,0,4,20
03/28/2017,STJ,MO,ACE,CE,Federal Contract Tower,0,0,7,28,35,0,0,4,1,5,0,0,11,29,40,0,14,14,54
03/29/2017,STJ,MO,ACE,CE,Federal Contract Tower,0,0,3,42,45,0,0,0,0,0,0,0,3,42,45,0,0,0,45
03/30/2017,STJ,MO,ACE,CE,Federal Contract Tower,0,0,26,21,47,0,0,0,0,0,0,0,26,21,47,0,0,0,47
03/31/2017,STJ,MO,ACE,CE,Federal Contract Tower,0,0,3,8,11,0,0,10,4,14,0,0,13,12,25,0,0,0,25
04/01/2017,STJ,MO,ACE,CE,Federal Contract Tower,0,0,0,3,3,0,1,8,0,9,0,1,8,3,12,14,0,14,26
04/02/2017,STJ,MO,ACE,CE,Federal Contract Tower,0,0,7,1,8,0,0,1,0,1,0,0,8,1,9,0,0,0,9
04/03/2017,STJ,MO,ACE,CE,Federal Contract Tower,0,0,0,0,0,0,1,0,0,1,0,1,0,0,1,0,0,0,1
04/04/2017,STJ,MO,ACE,CE,Federal Contract Tower,0,0,3,27,30,0,0,2,0,2,0,0,5,27,32,22,24,46,78
04/05/2017,STJ,MO,ACE,CE,Federal Contract Tower,0,0,2,17,19,0,0,1,1,2,0,0,3,18,21,0,27,27,48
04/06/2017,STJ,MO,ACE,CE,Federal Contract Tower,0,0,11,1,12,0,4,17,35,56,0,4,28,36,68,10,62,72,140
04/07/2017,STJ,MO,ACE,CE,Federal Contract Tower,0,0,9,2,11,0,0,30,4,34,0,0,39,6,45,22,8,30,75
04/08/2017,STJ,MO,ACE,CE,Federal Contract Tower,0,0,2,4,6,0,0,14,0,14,0,0,16,4,20,20,6,26,46
04/09/2017,STJ,MO,ACE,CE,Federal Contract Tower,0,0,0,0,0,0,0,5,0,5,0,0,5,0,5,0,0,0,5
04/10/2017,STJ,MO,ACE,CE,Federal Contract Tower,0,0,2,3,5,0,4,8,0,12,0,4,10,3,17,0,0,0,17
04/11/2017,STJ,MO,ACE,CE,Federal Contract Tower,0,0,10,19,29,0,0,33,9,42,0,0,43,28,71,10,18,28,99
04/12/2017,STJ,MO,ACE,CE,Federal Contract Tower,0,0,10,22,32,0,4,20,12,36,0,4,30,34,68,26,48,74,142
04/13/2017,STJ,MO,ACE,CE,Federal Contract Tower,0,0,14,2,16,0,2,22,12,36,0,2,36,14,52,0,28,28,80
04/14/2017,STJ,MO,ACE,CE,Federal Contract Tower,0,0,6,4,10,0,2,4,0,6,0,2,10,4,16,0,0,0,16
04/15/2017,STJ,MO,ACE,CE,Federal Contract Tower,0,0,2,1,3,0,0,38,0,38,0,0,40,1,41,20,0,20,61
04/16/2017,STJ,MO,ACE,CE,Federal Contract Tower,0,0,0,0,0,0,1,11,0,12,0,1,11,0,12,16,0,16,28
04/17/2017,STJ,MO,ACE,CE,Federal Contract Tower,0,0,5,4,9,0,4,12,8,24,0,4,17,12,33,42,26,68,101
04/18/2017,STJ,MO,ACE,CE,Federal Contract Tower,0,0,19,8,27,0,0,14,17,31,0,0,33,25,58,18,24,42,100
04/19/2017,STJ,MO,ACE,CE,Federal Contract Tower,0,0,3,21,24,0,0,13,11,24,0,0,16,32,48,10,18,28,76
04/20/2017,STJ,MO,ACE,CE,Federal Contract Tower,0,0,11,5,16,0,1,24,4,29,0,1,35,9,45,12,66,78,123
04/21/2017,STJ,MO,ACE,CE,Federal Contract Tower,0,0,7,0,7,0,0,14,0,14,0,0,21,0,21,0,0,0,21
04/22/2017,STJ,MO,ACE,CE,Federal Contract Tower,0,0,0,2,2,0,0,7,0,7,0,0,7,2,9,8,0,8,17
04/23/2017,STJ,MO,ACE,CE,Federal Contract Tower,0,0,1,1,2,0,0,23,0,23,0,0,24,1,25,38,0,38,63
04/24/2017,STJ,MO,ACE,CE,Federal Contract Tower,0,0,4,2,6,0,0,10,0,10,0,0,14,2,16,0,0,0,16
04/25/2017,STJ,MO,ACE,CE,Federal Contract Tower,0,0,10,2,12,0,2,13,1,16,0,2,23,3,28,6,0,6,34
04/26/2017,STJ,MO,ACE,CE,Federal Contract Tower,0,0,9,0,9,0,0,9,0,9,0,0,18,0,18,18,0,18,36
04/27/2017,STJ,MO,ACE,CE,Federal Contract Tower,0,0,10,2,12,0,0,13,2,15,0,0,23,4,27,26,0,26,53
04/28/2017,STJ,MO,ACE,CE,Federal Contract Tower,0,0,3,3,6,0,0,0,0,0,0,0,3,3,6,0,0,0,6
04/29/2017,STJ,MO,ACE,CE,Federal Contract Tower,0,0,2,0,2,0,0,1,0,1,0,0,3,0,3,0,0,0,3
04/30/2017,STJ,MO,ACE,CE,Federal Contract Tower,0,0,2,0,2,0,0,0,0,0,0,0,2,0,2,0,0,0,2
05/01/2017,STJ,MO,ACE,CE,Federal Contract Tower,0,0,4,2,6,0,0,2,0,2,0,0,6,2,8,0,0,0,8
05/02/2017,STJ,MO,ACE,CE,Federal Contract Tower,0,0,8,4,12,0,2,15,8,25,0,2,23,12,37,38,38,76,113
05/03/2017,STJ,MO,ACE,CE,Federal Contract Tower,0,0,7,8,15,0,0,12,11,23,0,0,19,19,38,12,24,36,74
05/04/2017,STJ,MO,ACE,CE,Federal Contract Tower,0,0,18,5,23,0,0,0,0,0,0,0,18,5,23,0,6,6,29
05/05/2017,STJ,MO,ACE,CE,Federal Contract Tower,0,0,15,0,15,0,4,36,0,40,0,4,51,0,55,22,0,22,77
05/06/2017,STJ,MO,ACE,CE,Federal Contract Tower,0,0,2,0,2,0,1,22,3,26,0,1,24,3,28,57,0,57,85
05/07/2017,STJ,MO,ACE,CE,Federal Contract Tower,0,0,5,0,5,0,1,19,0,20,0,1,24,0,25,22,0,22,47
05/08/2017,STJ,MO,ACE,CE,Federal Contract Tower,0,0,13,1,14,0,2,38,0,40,0,2,51,1,54,22,0,22,76
05/09/2017,STJ,MO,ACE,CE,Federal Contract Tower,0,0,14,11,25,0,0,35,4,39,0,0,49,15,64,54,30,84,148
05/10/2017,STJ,MO,ACE,CE,Federal Contract Tower,0,0,13,8,21,0,0,3,9,12,0,0,16,17,33,0,10,10,43
05/11/2017,STJ,MO,ACE,CE,Federal Contract Tower,0,0,0,0,0,0,0,0,0,0,0,0,0,0,0,0,40,40,40
05/12/2017,STJ,MO,ACE,CE,Federal Contract Tower,0,0,5,5,10,0,4,10,14,28,0,4,15,19,38,12,2,14,52
05/13/2017,STJ,MO,ACE,CE,Federal Contract Tower,0,0,42,0,42,0,0,6,0,6,0,0,48,0,48,14,0,14,62
05/14/2017,STJ,MO,ACE,CE,Federal Contract Tower,0,0,2,1,3,0,0,6,0,6,0,0,8,1,9,0,0,0,9
05/15/2017,STJ,MO,ACE,CE,Federal Contract Tower,0,0,10,0,10,0,4,37,0,41,0,4,47,0,51,18,0,18,69
05/16/2017,STJ,MO,ACE,CE,Federal Contract Tower,0,4,9,3,16,0,1,1,9,11,0,5,10,12,27,0,12,12,39
05/17/2017,STJ,MO,ACE,CE,Federal Contract Tower,0,0,7,7,14,0,0,3,6,9,0,0,10,13,23,0,2,2,25
05/19/2017,STJ,MO,ACE,CE,Federal Contract Tower,0,0,2,0,2,0,0,2,0,2,0,0,4,0,4,1,0,1,5
05/20/2017,STJ,MO,ACE,CE,Federal Contract Tower,0,0,6,0,6,0,0,0,0,0,0,0,6,0,6,2,0,2,8
05/21/2017,STJ,MO,ACE,CE,Federal Contract Tower,0,0,0,0,0,0,0,16,0,16,0,0,16,0,16,4,0,4,20
05/22/2017,STJ,MO,ACE,CE,Federal Contract Tower,0,0,4,0,4,0,0,3,0,3,0,0,7,0,7,2,0,2,9
05/23/2017,STJ,MO,ACE,CE,Federal Contract Tower,0,0,9,10,19,0,0,16,10,26,0,0,25,20,45,13,67,80,125
05/24/2017,STJ,MO,ACE,CE,Federal Contract Tower,0,0,10,19,29,0,0,4,4,8,0,0,14,23,37,10,68,78,115
05/25/2017,STJ,MO,ACE,CE,Federal Contract Tower,0,0,5,12,17,0,0,31,9,40,0,0,36,21,57,32,32,64,121
05/26/2017,STJ,MO,ACE,CE,Federal Contract Tower,0,0,5,0,5,0,0,27,0,27,0,0,32,0,32,28,0,28,60
05/27/2017,STJ,MO,ACE,CE,Federal Contract Tower,0,0,2,0,2,0,0,9,0,9,0,0,11,0,11,0,0,0,11
05/28/2017,STJ,MO,ACE,CE,Federal Contract Tower,0,0,0,0,0,0,5,16,0,21,0,5,16,0,21,16,0,16,37
05/29/2017,STJ,MO,ACE,CE,Federal Contract Tower,0,0,1,0,1,0,0,14,0,14,0,0,15,0,15,46,0,46,61
05/30/2017,STJ,MO,ACE,CE,Federal Contract Tower,0,0,2,10,12,0,4,19,8,31,0,4,21,18,43,18,60,78,121
05/31/2017,STJ,MO,ACE,CE,Federal Contract Tower,0,0,7,10,17,0,1,20,2,23,0,1,27,12,40,46,78,124,164
06/01/2017,STJ,MO,ACE,CE,Federal Contract Tower,1,0,4,4,9,0,1,19,19,39,1,1,23,23,48,4,40,44,92
06/02/2017,STJ,MO,ACE,CE,Federal Contract Tower,0,0,12,2,14,0,0,94,2,96,0,0,106,4,110,18,0,18,128
06/03/2017,STJ,MO,ACE,CE,Federal Contract Tower,0,0,11,2,13,0,0,18,7,25,0,0,29,9,38,30,2,32,70
06/04/2017,STJ,MO,ACE,CE,Federal Contract Tower,0,0,5,1,6,0,2,14,3,19,0,2,19,4,25,2,0,2,27
06/05/2017,STJ,MO,ACE,CE,Federal Contract Tower,0,0,0,0,0,0,1,14,5,20,0,1,14,5,20,10,24,34,54
06/06/2017,STJ,MO,ACE,CE,Federal Contract Tower,0,0,6,6,12,0,0,11,3,14,0,0,17,9,26,38,34,72,98
06/07/2017,STJ,MO,ACE,CE,Federal Contract Tower,0,0,0,0,0,0,0,41,2,43,0,0,41,2,43,20,0,20,63
06/08/2017,STJ,MO,ACE,CE,Federal Contract Tower,0,0,14,1,15,0,0,5,8,13,0,0,19,9,28,29,28,57,85
06/09/2017,STJ,MO,ACE,CE,Federal Contract Tower,0,0,2,1,3,0,0,21,1,22,0,0,23,2,25,74,0,74,99
06/10/2017,STJ,MO,ACE,CE,Federal Contract Tower,0,0,0,3,3,0,0,0,0,0,0,0,0,3,3,28,0,28,31
06/11/2017,STJ,MO,ACE,CE,Federal Contract Tower,0,0,8,0,8,0,0,6,0,6,0,0,14,0,14,0,0,0,14
06/12/2017,STJ,MO,ACE,CE,Federal Contract Tower,0,0,11,9,20,0,0,6,2,8,0,0,17,11,28,14,14,28,56
06/13/2017,STJ,MO,ACE,CE,Federal Contract Tower,0,0,4,6,10,0,0,11,2,13,0,0,15,8,23,6,22,28,51
06/14/2017,STJ,MO,ACE,CE,Federal Contract Tower,0,0,2,10,12,0,0,3,12,15,0,0,5,22,27,16,22,38,65
06/15/2017,STJ,MO,ACE,CE,Federal Contract Tower,0,0,17,4,21,0,0,35,12,47,0,0,52,16,68,48,20,68,136
06/16/2017,STJ,MO,ACE,CE,Federal Contract Tower,0,0,1,2,3,0,1,53,2,56,0,1,54,4,59,52,10,62,121
06/17/2017,STJ,MO,ACE,CE,Federal Contract Tower,0,0,3,0,3,0,1,28,0,29,0,1,31,0,32,12,0,12,44
06/18/2017,STJ,MO,ACE,CE,Federal Contract Tower,0,0,6,1,7,0,0,33,0,33,0,0,39,1,40,20,0,20,60
06/19/2017,STJ,MO,ACE,CE,Federal Contract Tower,0,0,5,2,7,0,0,35,0,35,0,0,40,2,42,96,0,96,138
06/20/2017,STJ,MO,ACE,CE,Federal Contract Tower,0,0,4,7,11,0,4,28,24,56,0,4,32,31,67,23,42,65,132
06/21/2017,STJ,MO,ACE,CE,Federal Contract Tower,0,0,6,6,12,0,1,11,21,33,0,1,17,27,45,16,48,64,109
06/22/2017,STJ,MO,ACE,CE,Federal Contract Tower,0,0,6,7,13,0,1,17,20,38,0,1,23,27,51,24,78,102,153
06/23/2017,STJ,MO,ACE,CE,Federal Contract Tower,0,0,4,8,12,0,0,27,5,32,0,0,31,13,44,6,34,40,84
06/24/2017,STJ,MO,ACE,CE,Federal Contract Tower,0,0,4,0,4,0,2,50,0,52,0,2,54,0,56,16,0,16,72
06/25/2017,STJ,MO,ACE,CE,Federal Contract Tower,0,0,4,1,5,0,3,21,0,24,0,3,25,1,29,42,0,42,71
06/26/2017,STJ,MO,ACE,CE,Federal Contract Tower,0,0,5,0,5,0,0,17,0,17,0,0,22,0,22,0,0,0,22
06/27/2017,STJ,MO,ACE,CE,Federal Contract Tower,0,0,7,8,15,0,2,17,16,35,0,2,24,24,50,14,34,48,98
06/28/2017,STJ,MO,ACE,CE,Federal Contract Tower,0,0,4,1,5,0,2,0,16,18,0,2,4,17,23,0,52,52,75
06/29/2017,STJ,MO,ACE,CE,Federal Contract Tower,0,0,9,1,10,0,0,12,23,35,0,0,21,24,45,6,28,34,79
06/30/2017,STJ,MO,ACE,CE,Federal Contract Tower,0,12,8,0,20,0,1,42,0,43,0,13,50,0,63,20,8,28,91
07/01/2017,STJ,MO,ACE,CE,Federal Contract Tower,0,0,0,0,0,0,0,69,0,69,0,0,69,0,69,46,0,46,115
07/02/2017,STJ,MO,ACE,CE,Federal Contract Tower,0,0,0,0,0,0,0,7,0,7,0,0,7,0,7,30,0,30,37
07/03/2017,STJ,MO,ACE,CE,Federal Contract Tower,0,0,3,0,3,0,0,36,0,36,0,0,39,0,39,56,0,56,95
07/04/2017,STJ,MO,ACE,CE,Federal Contract Tower,0,0,5,0,5,0,1,16,0,17,0,1,21,0,22,2,0,2,24
07/05/2017,STJ,MO,ACE,CE,Federal Contract Tower,0,0,3,0,3,0,0,26,0,26,0,0,29,0,29,0,0,0,29
07/06/2017,STJ,MO,ACE,CE,Federal Contract Tower,0,0,7,25,32,0,1,60,7,68,0,1,67,32,100,16,30,46,146
07/07/2017,STJ,MO,ACE,CE,Federal Contract Tower,0,0,3,0,3,0,0,41,0,41,0,0,44,0,44,6,0,6,50
07/08/2017,STJ,MO,ACE,CE,Federal Contract Tower,0,0,2,0,2,0,0,28,6,34,0,0,30,6,36,12,2,14,50
07/09/2017,STJ,MO,ACE,CE,Federal Contract Tower,0,0,2,1,3,0,0,43,2,45,0,0,45,3,48,16,0,16,64
07/10/2017,STJ,MO,ACE,CE,Federal Contract Tower,0,0,6,0,6,0,0,11,0,11,0,0,17,0,17,4,0,4,21
07/11/2017,STJ,MO,ACE,CE,Federal Contract Tower,0,0,9,14,23,0,5,17,12,34,0,5,26,26,57,26,34,60,117
07/12/2017,STJ,MO,ACE,CE,Federal Contract Tower,0,0,4,16,20,0,2,13,20,35,0,2,17,36,55,12,10,22,77
07/13/2017,STJ,MO,ACE,CE,Federal Contract Tower,0,0,4,6,10,0,0,44,7,51,0,0,48,13,61,10,34,44,105
07/14/2017,STJ,MO,ACE,CE,Federal Contract Tower,0,0,6,11,17,0,0,58,3,61,0,0,64,14,78,10,8,18,96
07/15/2017,STJ,MO,ACE,CE,Federal Contract Tower,0,0,0,0,0,0,0,70,0,70,0,0,70,0,70,28,0,28,98
07/16/2017,STJ,MO,ACE,CE,Federal Contract Tower,0,0,2,0,2,0,0,45,0,45,0,0,47,0,47,6,0,6,53
07/17/2017,STJ,MO,ACE,CE,Federal Contract Tower,0,0,7,2,9,0,2,51,0,53,0,2,58,2,62,52,0,52,114
07/18/2017,STJ,MO,ACE,CE,Federal Contract Tower,0,0,6,12,18,0,2,49,6,57,0,2,55,18,75,34,40,74,149
07/19/2017,STJ,MO,ACE,CE,Federal Contract Tower,0,0,16,7,23,0,0,27,42,69,0,0,43,49,92,0,38,38,130
07/20/2017,STJ,MO,ACE,CE,Federal Contract Tower,0,0,7,9,16,0,0,57,41,98,0,0,64,50,114,36,66,102,216
07/21/2017,STJ,MO,ACE,CE,Federal Contract Tower,0,0,8,2,10,0,2,26,2,30,0,2,34,4,40,16,0,16,56
07/22/2017,STJ,MO,ACE,CE,Federal Contract Tower,0,0,6,0,6,0,0,20,0,20,0,0,26,0,26,0,0,0,26
07/23/2017,STJ,MO,ACE,CE,Federal Contract Tower,0,0,8,2,10,0,0,53,0,53,0,0,61,2,63,10,0,10,73
07/24/2017,STJ,MO,ACE,CE,Federal Contract Tower,0,0,6,5,11,0,0,20,0,20,0,0,26,5,31,39,0,39,70
07/25/2017,STJ,MO,ACE,CE,Federal Contract Tower,0,0,10,12,22,0,4,19,15,38,0,4,29,27,60,8,10,18,78
07/26/2017,STJ,MO,ACE,CE,Federal Contract Tower,0,0,12,10,22,0,0,29,40,69,0,0,41,50,91,0,32,32,123
07/27/2017,STJ,MO,ACE,CE,Federal Contract Tower,0,0,15,14,29,0,1,29,11,41,0,1,44,25,70,47,103,150,220
07/28/2017,STJ,MO,ACE,CE,Federal Contract Tower,0,0,8,12,20,0,0,42,0,42,0,0,50,12,62,17,0,17,79
07/29/2017,STJ,MO,ACE,CE,Federal Contract Tower,0,0,1,0,1,0,1,40,0,41,0,1,41,0,42,8,0,8,50
07/30/2017,STJ,MO,ACE,CE,Federal Contract Tower,0,0,13,1,14,0,0,56,0,56,0,0,69,1,70,82,0,82,152
07/31/2017,STJ,MO,ACE,CE,Federal Contract Tower,0,0,4,0,4,0,0,35,0,35,0,0,39,0,39,12,0,12,51
08/01/2017,STJ,MO,ACE,CE,Federal Contract Tower,0,0,9,8,17,0,1,50,18,69,0,1,59,26,86,50,18,68,154
08/02/2017,STJ,MO,ACE,CE,Federal Contract Tower,0,0,9,13,22,0,1,25,19,45,0,1,34,32,67,4,65,69,136
08/03/2017,STJ,MO,ACE,CE,Federal Contract Tower,0,0,5,15,20,0,2,14,17,33,0,2,19,32,53,44,72,116,169
08/04/2017,STJ,MO,ACE,CE,Federal Contract Tower,0,0,9,6,15,0,3,53,2,58,0,3,62,8,73,8,8,16,89
08/05/2017,STJ,MO,ACE,CE,Federal Contract Tower,0,0,0,5,5,0,0,8,2,10,0,0,8,7,15,2,0,2,17
08/06/2017,STJ,MO,ACE,CE,Federal Contract Tower,0,0,26,0,26,0,0,19,0,19,0,0,45,0,45,4,0,4,49
08/07/2017,STJ,MO,ACE,CE,Federal Contract Tower,0,0,6,0,6,0,0,33,0,33,0,0,39,0,39,14,0,14,53
08/08/2017,STJ,MO,ACE,CE,Federal Contract Tower,0,0,10,7,17,0,3,54,14,71,0,3,64,21,88,50,34,84,172
08/09/2017,STJ,MO,ACE,CE,Federal Contract Tower,0,0,3,10,13,0,2,11,6,19,0,2,14,16,32,0,46,46,78
08/10/2017,STJ,MO,ACE,CE,Federal Contract Tower,0,0,11,7,18,0,0,29,18,47,0,0,40,25,65,6,6,12,77
08/11/2017,STJ,MO,ACE,CE,Federal Contract Tower,0,0,5,0,5,0,3,23,33,59,0,3,28,33,64,26,4,30,94
08/12/2017,STJ,MO,ACE,CE,Federal Contract Tower,0,0,3,0,3,0,1,72,0,73,0,1,75,0,76,24,0,24,100
08/13/2017,STJ,MO,ACE,CE,Federal Contract Tower,0,0,5,0,5,0,1,13,0,14,0,1,18,0,19,70,0,70,89
08/14/2017,STJ,MO,ACE,CE,Federal Contract Tower,0,0,8,5,13,0,1,42,3,46,0,1,50,8,59,0,0,0,59
08/15/2017,STJ,MO,ACE,CE,Federal Contract Tower,0,0,13,17,30,0,1,36,12,49,0,1,49,29,79,10,14,24,103
08/16/2017,STJ,MO,ACE,CE,Federal Contract Tower,0,0,8,21,29,0,0,5,16,21,0,0,13,37,50,16,24,40,90
08/17/2017,STJ,MO,ACE,CE,Federal Contract Tower,0,0,10,5,15,0,2,24,13,39,0,2,34,18,54,18,36,54,108
08/18/2017,STJ,MO,ACE,CE,Federal Contract Tower,0,0,7,7,14,0,0,31,0,31,0,0,38,7,45,2,0,2,47
08/19/2017,STJ,MO,ACE,CE,Federal Contract Tower,0,0,7,0,7,0,0,57,0,57,0,0,64,0,64,10,0,10,74
08/20/2017,STJ,MO,ACE,CE,Federal Contract Tower,0,0,4,2,6,0,0,10,0,10,0,0,14,2,16,0,0,0,16
08/21/2017,STJ,MO,ACE,CE,Federal Contract Tower,0,0,22,3,25,0,2,103,3,108,0,2,125,6,133,0,0,0,133
08/22/2017,STJ,MO,ACE,CE,Federal Contract Tower,0,0,14,6,20,0,2,12,7,21,0,2,26,13,41,20,7,27,68
08/23/2017,STJ,MO,ACE,CE,Federal Contract Tower,0,0,11,8,19,0,0,19,0,19,0,0,30,8,38,32,56,88,126
08/24/2017,STJ,MO,ACE,CE,Federal Contract Tower,0,0,8,22,30,0,0,13,11,24,0,0,21,33,54,48,30,78,132
08/25/2017,STJ,MO,ACE,CE,Federal Contract Tower,0,0,4,2,6,0,0,7,0,7,0,0,11,2,13,0,10,10,23
08/26/2017,STJ,MO,ACE,CE,Federal Contract Tower,0,0,4,0,4,0,1,20,0,21,0,1,24,0,25,10,0,10,35
08/27/2017,STJ,MO,ACE,CE,Federal Contract Tower,0,0,3,4,7,0,0,3,0,3,0,0,6,4,10,8,0,8,18
08/28/2017,STJ,MO,ACE,CE,Federal Contract Tower,0,0,4,6,10,0,0,20,0,20,0,0,24,6,30,8,0,8,38
08/29/2017,STJ,MO,ACE,CE,Federal Contract Tower,0,0,13,10,23,0,0,20,5,25,0,0,33,15,48,42,15,57,105
08/30/2017,STJ,MO,ACE,CE,Federal Contract Tower,0,0,7,7,14,0,0,8,9,17,0,0,15,16,31,14,20,34,65
08/31/2017,STJ,MO,ACE,CE,Federal Contract Tower,0,0,4,5,9,0,2,38,12,52,0,2,42,17,61,22,28,50,111
09/01/2017,STJ,MO,ACE,CE,Federal Contract Tower,0,0,4,5,9,0,3,36,10,49,0,3,40,15,58,20,0,20,78
09/02/2017,STJ,MO,ACE,CE,Federal Contract Tower,0,0,3,0,3,0,0,19,0,19,0,0,22,0,22,38,0,38,60
09/03/2017,STJ,MO,ACE,CE,Federal Contract Tower,0,0,5,0,5,0,0,22,0,22,0,0,27,0,27,2,0,2,29
09/04/2017,STJ,MO,ACE,CE,Federal Contract Tower,0,4,0,10,14,0,0,0,0,0,0,4,0,10,14,0,0,0,14
09/05/2017,STJ,MO,ACE,CE,Federal Contract Tower,0,0,9,20,29,0,3,19,28,50,0,3,28,48,79,7,42,49,128
09/06/2017,STJ,MO,ACE,CE,Federal Contract Tower,0,0,13,2,15,0,2,10,4,16,0,2,23,6,31,0,4,4,35
09/07/2017,STJ,MO,ACE,CE,Federal Contract Tower,0,0,2,3,5,0,0,27,15,42,0,0,29,18,47,0,28,28,75
09/08/2017,STJ,MO,ACE,CE,Federal Contract Tower,0,0,4,2,6,0,0,12,5,17,0,0,16,7,23,20,30,50,73
09/09/2017,STJ,MO,ACE,CE,Federal Contract Tower,0,0,5,0,5,0,1,96,6,103,0,1,101,6,108,10,0,10,118
09/10/2017,STJ,MO,ACE,CE,Federal Contract Tower,0,0,0,3,3,0,0,13,7,20,0,0,13,10,23,0,0,0,23
09/11/2017,STJ,MO,ACE,CE,Federal Contract Tower,0,0,9,11,20,0,0,24,12,36,0,0,33,23,56,12,60,72,128
09/12/2017,STJ,MO,ACE,CE,Federal Contract Tower,0,0,7,14,21,0,0,24,8,32,0,0,31,22,53,2,20,22,75
09/13/2017,STJ,MO,ACE,CE,Federal Contract Tower,0,0,4,8,12,0,2,18,5,25,0,2,22,13,37,12,16,28,65
09/14/2017,STJ,MO,ACE,CE,Federal Contract Tower,0,0,12,3,15,0,3,14,2,19,0,3,26,5,34,16,10,26,60
09/15/2017,STJ,MO,ACE,CE,Federal Contract Tower,0,1,17,7,25,0,0,10,21,31,0,1,27,28,56,0,0,0,56
09/16/2017,STJ,MO,ACE,CE,Federal Contract Tower,0,0,3,1,4,0,0,12,0,12,0,0,15,1,16,0,0,0,16
09/17/2017,STJ,MO,ACE,CE,Federal Contract Tower,0,0,10,6,16,0,0,2,0,2,0,0,12,6,18,0,0,0,18
09/18/2017,STJ,MO,ACE,CE,Federal Contract Tower,0,0,6,2,8,0,0,2,1,3,0,0,8,3,11,0,0,0,11
09/19/2017,STJ,MO,ACE,CE,Federal Contract Tower,0,0,6,4,10,0,0,18,0,18,0,0,24,4,28,2,0,2,30
09/20/2017,STJ,MO,ACE,CE,Federal Contract Tower,0,0,6,9,15,0,0,15,6,21,0,0,21,15,36,16,2,18,54
09/21/2017,STJ,MO,ACE,CE,Federal Contract Tower,0,0,11,2,13,0,2,14,23,39,0,2,25,25,52,22,26,48,100
09/22/2017,STJ,MO,ACE,CE,Federal Contract Tower,0,0,8,0,8,0,0,8,5,13,0,0,16,5,21,0,0,0,21
09/23/2017,STJ,MO,ACE,CE,Federal Contract Tower,0,0,4,1,5,0,0,44,0,44,0,0,48,1,49,12,0,12,61
09/24/2017,STJ,MO,ACE,CE,Federal Contract Tower,0,0,3,1,4,0,0,12,0,12,0,0,15,1,16,0,4,4,20
09/25/2017,STJ,MO,ACE,CE,Federal Contract Tower,0,0,3,34,37,0,1,5,4,10,0,1,8,38,47,28,0,28,75
09/26/2017,STJ,MO,ACE,CE,Federal Contract Tower,0,0,7,18,25,0,0,0,0,0,0,0,7,18,25,34,0,34,59
09/27/2017,STJ,MO,ACE,CE,Federal Contract Tower,0,0,11,1,12,0,2,15,0,17,0,2,26,1,29,12,0,12,41
09/28/2017,STJ,MO,ACE,CE,Federal Contract Tower,0,0,11,8,19,0,2,30,20,52,0,2,41,28,71,48,4,52,123
09/29/2017,STJ,MO,ACE,CE,Federal Contract Tower,0,0,10,7,17,0,2,58,2,62,0,2,68,9,79,71,0,71,150
09/30/2017,STJ,MO,ACE,CE,Federal Contract Tower,0,0,14,0,14,0,0,99,0,99,0,0,113,0,113,14,0,14,127
10/01/2017,STJ,MO,ACE,CE,Federal Contract Tower,0,0,6,1,7,0,0,55,0,55,0,0,61,1,62,0,0,0,62
10/02/2017,STJ,MO,ACE,CE,Federal Contract Tower,0,0,7,1,8,0,0,15,0,15,0,0,22,1,23,6,0,6,29
10/03/2017,STJ,MO,ACE,CE,Federal Contract Tower,0,0,11,14,25,0,2,4,5,11,0,2,15,19,36,0,14,14,50
10/04/2017,STJ,MO,ACE,CE,Federal Contract Tower,0,0,1,7,8,0,0,2,2,4,0,0,3,9,12,22,8,30,42
10/05/2017,STJ,MO,ACE,CE,Federal Contract Tower,0,0,3,0,3,0,0,0,0,0,0,0,3,0,3,0,0,0,3
10/06/2017,STJ,MO,ACE,CE,Federal Contract Tower,0,0,7,2,9,0,0,1,0,1,0,0,8,2,10,14,0,14,24
10/07/2017,STJ,MO,ACE,CE,Federal Contract Tower,0,0,5,0,5,0,0,4,0,4,0,0,9,0,9,4,0,4,13
10/09/2017,STJ,MO,ACE,CE,Federal Contract Tower,0,0,8,0,8,0,1,16,1,18,0,1,24,1,26,16,2,18,44
10/10/2017,STJ,MO,ACE,CE,Federal Contract Tower,0,0,4,22,26,0,0,0,0,0,0,0,4,22,26,16,10,26,52
10/11/2017,STJ,MO,ACE,CE,Federal Contract Tower,0,0,14,17,31,0,0,19,15,34,0,0,33,32,65,32,62,94,159
10/12/2017,STJ,MO,ACE,CE,Federal Contract Tower,0,0,6,16,22,0,1,10,19,30,0,1,16,35,52,26,62,88,140
10/13/2017,STJ,MO,ACE,CE,Federal Contract Tower,0,0,8,1,9,0,0,27,25,52,0,0,35,26,61,8,22,30,91
10/14/2017,STJ,MO,ACE,CE,Federal Contract Tower,0,0,2,2,4,0,0,1,0,1,0,0,3,2,5,4,0,4,9
10/15/2017,STJ,MO,ACE,CE,Federal Contract Tower,0,0,5,0,5,0,0,5,2,7,0,0,10,2,12,4,0,4,16
10/16/2017,STJ,MO,ACE,CE,Federal Contract Tower,0,0,15,5,20,0,2,18,0,20,0,2,33,5,40,1,0,1,41
10/17/2017,STJ,MO,ACE,CE,Federal Contract Tower,0,0,17,6,23,0,1,11,8,20,0,1,28,14,43,2,6,8,51
10/18/2017,STJ,MO,ACE,CE,Federal Contract Tower,0,0,6,0,6,0,0,22,4,26,0,0,28,4,32,32,0,32,64
10/19/2017,STJ,MO,ACE,CE,Federal Contract Tower,0,2,13,2,17,0,1,25,4,30,0,3,38,6,47,28,2,30,77
10/20/2017,STJ,MO,ACE,CE,Federal Contract Tower,0,0,12,10,22,0,1,6,8,15,0,1,18,18,37,0,24,24,61
10/21/2017,STJ,MO,ACE,CE,Federal Contract Tower,0,0,10,0,10,0,0,3,0,3,0,0,13,0,13,6,0,6,19
10/22/2017,STJ,MO,ACE,CE,Federal Contract Tower,0,0,7,3,10,0,0,10,0,10,0,0,17,3,20,40,26,66,86
10/23/2017,STJ,MO,ACE,CE,Federal Contract Tower,0,0,6,2,8,5,0,0,0,5,5,0,6,2,13,10,0,10,23
10/24/2017,STJ,MO,ACE,CE,Federal Contract Tower,0,0,8,8,16,0,0,4,6,10,0,0,12,14,26,0,20,20,46
10/25/2017,STJ,MO,ACE,CE,Federal Contract Tower,0,0,11,1,12,0,0,34,16,50,0,0,45,17,62,0,28,28,90
10/26/2017,STJ,MO,ACE,CE,Federal Contract Tower,0,0,9,3,12,0,0,9,9,18,0,0,18,12,30,22,40,62,92
10/27/2017,STJ,MO,ACE,CE,Federal Contract Tower,0,0,7,2,9,0,0,0,0,0,0,0,7,2,9,0,12,12,21
10/28/2017,STJ,MO,ACE,CE,Federal Contract Tower,0,0,1,0,1,0,2,15,0,17,0,2,16,0,18,16,0,16,34
10/29/2017,STJ,MO,ACE,CE,Federal Contract Tower,0,0,2,2,4,0,0,23,16,39,0,0,25,18,43,18,0,18,61
10/30/2017,STJ,MO,ACE,CE,Federal Contract Tower,0,0,1,2,3,0,0,12,3,15,0,0,13,5,18,0,14,14,32
10/31/2017,STJ,MO,ACE,CE,Federal Contract Tower,0,0,5,6,11,0,1,11,4,16,0,1,16,10,27,8,12,20,47
11/01/2017,STJ,MO,ACE,CE,Federal Contract Tower,0,0,12,0,12,0,0,1,0,1,0,0,13,0,13,16,0,16,29
11/02/2017,STJ,MO,ACE,CE,Federal Contract Tower,0,0,3,7,10,0,0,0,0,0,0,0,3,7,10,0,0,0,10
11/03/2017,STJ,MO,ACE,CE,Federal Contract Tower,0,0,0,0,0,0,0,0,0,0,0,0,0,0,0,16,10,26,26
11/04/2017,STJ,MO,ACE,CE,Federal Contract Tower,0,0,11,12,23,0,0,5,1,6,0,0,16,13,29,4,0,4,33
11/05/2017,STJ,MO,ACE,CE,Federal Contract Tower,0,0,10,1,11,0,0,7,0,7,0,0,17,1,18,6,0,6,24
11/06/2017,STJ,MO,ACE,CE,Federal Contract Tower,0,0,11,5,16,0,3,15,6,24,0,3,26,11,40,22,14,36,76
11/07/2017,STJ,MO,ACE,CE,Federal Contract Tower,0,0,18,1,19,0,0,16,2,18,0,0,34,3,37,10,6,16,53
11/08/2017,STJ,MO,ACE,CE,Federal Contract Tower,0,0,21,1,22,0,0,14,16,30,0,0,35,17,52,30,0,30,82
11/09/2017,STJ,MO,ACE,CE,Federal Contract Tower,0,0,0,0,0,0,0,0,0,0,0,0,0,0,0,17,0,17,17
11/10/2017,STJ,MO,ACE,CE,Federal Contract Tower,0,0,0,0,0,0,0,0,0,0,0,0,0,0,0,4,0,4,4
11/11/2017,STJ,MO,ACE,CE,Federal Contract Tower,0,0,2,0,2,0,2,5,0,7,0,2,7,0,9,4,0,4,13
11/12/2017,STJ,MO,ACE,CE,Federal Contract Tower,0,0,4,1,5,0,0,1,0,1,0,0,5,1,6,4,0,4,10
11/13/2017,STJ,MO,ACE,CE,Federal Contract Tower,0,0,0,0,0,0,0,0,0,0,0,0,0,0,0,8,0,8,8
11/14/2017,STJ,MO,ACE,CE,Federal Contract Tower,0,0,10,18,28,0,0,0,0,0,0,0,10,18,28,0,0,0,28
11/15/2017,STJ,MO,ACE,CE,Federal Contract Tower,0,0,11,3,14,0,0,18,12,30,0,0,29,15,44,0,60,60,104
11/16/2017,STJ,MO,ACE,CE,Federal Contract Tower,0,0,0,0,0,0,0,0,0,0,0,0,0,0,0,16,28,44,44
11/17/2017,STJ,MO,ACE,CE,Federal Contract Tower,0,0,0,0,0,0,0,0,0,0,0,0,0,0,0,8,2,10,10
11/18/2017,STJ,MO,ACE,CE,Federal Contract Tower,0,0,0,0,0,0,0,0,0,0,0,0,0,0,0,4,0,4,4
11/19/2017,STJ,MO,ACE,CE,Federal Contract Tower,0,0,0,0,0,0,0,0,0,0,0,0,0,0,0,14,6,20,20
11/20/2017,STJ,MO,ACE,CE,Federal Contract Tower,0,0,0,0,0,0,0,0,0,0,0,0,0,0,0,14,0,14,14
11/21/2017,STJ,MO,ACE,CE,Federal Contract Tower,0,0,19,10,29,0,12,9,19,40,0,12,28,29,69,18,52,70,139
11/22/2017,STJ,MO,ACE,CE,Federal Contract Tower,0,0,5,6,11,0,0,21,2,23,0,0,26,8,34,36,14,50,84
11/23/2017,STJ,MO,ACE,CE,Federal Contract Tower,0,0,0,0,0,0,1,13,0,14,0,1,13,0,14,12,0,12,26
11/24/2017,STJ,MO,ACE,CE,Federal Contract Tower,0,0,0,0,0,0,0,0,0,0,0,0,0,0,0,0,0,0,0
11/25/2017,STJ,MO,ACE,CE,Federal Contract Tower,0,0,5,0,5,0,2,32,0,34,0,2,37,0,39,36,0,36,75
11/26/2017,STJ,MO,ACE,CE,Federal Contract Tower,0,0,3,0,3,0,1,10,0,11,0,1,13,0,14,0,0,0,14
11/27/2017,STJ,MO,ACE,CE,Federal Contract Tower,0,0,12,2,14,0,0,11,4,15,0,0,23,6,29,16,0,16,45
11/28/2017,STJ,MO,ACE,CE,Federal Contract Tower,0,0,13,5,18,0,0,10,7,17,0,0,23,12,35,2,42,44,79
11/29/2017,STJ,MO,ACE,CE,Federal Contract Tower,0,0,6,4,10,0,1,16,7,24,0,1,22,11,34,10,26,36,70
11/30/2017,STJ,MO,ACE,CE,Federal Contract Tower,0,0,2,19,21,0,1,15,19,35,0,1,17,38,56,10,32,42,98
12/01/2017,STJ,MO,ACE,CE,Federal Contract Tower,0,0,0,0,0,0,0,0,0,0,0,0,0,0,0,0,10,10,10
12/02/2017,STJ,MO,ACE,CE,Federal Contract Tower,0,0,0,0,0,0,0,0,0,0,0,0,0,0,0,16,0,16,16
12/03/2017,STJ,MO,ACE,CE,Federal Contract Tower,0,0,2,0,2,0,4,14,0,18,0,4,16,0,20,0,0,0,20
12/04/2017,STJ,MO,ACE,CE,Federal Contract Tower,0,0,0,0,0,0,0,0,0,0,0,0,0,0,0,0,0,0,0
12/05/2017,STJ,MO,ACE,CE,Federal Contract Tower,0,0,11,6,17,0,0,6,7,13,0,0,17,13,30,0,10,10,40
12/06/2017,STJ,MO,ACE,CE,Federal Contract Tower,0,0,6,8,14,0,0,9,28,37,0,0,15,36,51,14,12,26,77
12/07/2017,STJ,MO,ACE,CE,Federal Contract Tower,0,0,9,5,14,0,0,18,32,50,0,0,27,37,64,14,10,24,88
12/08/2017,STJ,MO,ACE,CE,Federal Contract Tower,0,0,1,3,4,0,0,17,2,19,0,0,18,5,23,20,0,20,43
12/09/2017,STJ,MO,ACE,CE,Federal Contract Tower,0,0,3,0,3,0,0,16,0,16,0,0,19,0,19,18,0,18,37
12/10/2017,STJ,MO,ACE,CE,Federal Contract Tower,0,0,0,0,0,0,0,0,0,0,0,0,0,0,0,10,0,10,10
12/11/2017,STJ,MO,ACE,CE,Federal Contract Tower,0,0,8,5,13,0,0,0,0,0,0,0,8,5,13,0,0,0,13
12/12/2017,STJ,MO,ACE,CE,Federal Contract Tower,0,0,10,2,12,0,2,8,0,10,0,2,18,2,22,22,30,52,74
12/13/2017,STJ,MO,ACE,CE,Federal Contract Tower,0,0,12,3,15,0,0,0,13,13,0,0,12,16,28,0,20,20,48
12/14/2017,STJ,MO,ACE,CE,Federal Contract Tower,0,0,5,4,9,0,5,20,9,34,0,5,25,13,43,28,12,40,83
12/15/2017,STJ,MO,ACE,CE,Federal Contract Tower,0,0,7,3,10,0,1,11,0,12,0,1,18,3,22,10,26,36,58
12/16/2017,STJ,MO,ACE,CE,Federal Contract Tower,0,0,2,0,2,0,2,20,0,22,0,2,22,0,24,26,0,26,50
12/17/2017,STJ,MO,ACE,CE,Federal Contract Tower,0,0,0,0,0,0,0,0,0,0,0,0,0,0,0,6,0,6,6
12/18/2017,STJ,MO,ACE,CE,Federal Contract Tower,0,0,6,0,6,0,0,7,0,7,0,0,13,0,13,0,0,0,13
12/19/2017,STJ,MO,ACE,CE,Federal Contract Tower,0,0,7,16,23,0,4,10,10,24,0,4,17,26,47,8,24,32,79
12/20/2017,STJ,MO,ACE,CE,Federal Contract Tower,0,0,5,16,21,0,1,16,18,35,0,1,21,34,56,12,40,52,108
12/21/2017,STJ,MO,ACE,CE,Federal Contract Tower,0,0,9,9,18,0,0,1,0,1,0,0,10,9,19,0,0,0,19
12/22/2017,STJ,MO,ACE,CE,Federal Contract Tower,0,0,3,2,5,0,0,3,0,3,0,0,6,2,8,14,0,14,22
12/23/2017,STJ,MO,ACE,CE,Federal Contract Tower,0,0,3,0,3,0,1,6,0,7,0,1,9,0,10,14,0,14,24
12/24/2017,STJ,MO,ACE,CE,Federal Contract Tower,0,0,0,0,0,0,0,4,0,4,0,0,4,0,4,0,0,0,4
12/25/2017,STJ,MO,ACE,CE,Federal Contract Tower,0,0,0,0,0,0,0,2,0,2,0,0,2,0,2,0,0,0,2
12/26/2017,STJ,MO,ACE,CE,Federal Contract Tower,0,0,6,0,6,0,0,0,0,0,0,0,6,0,6,0,0,0,6
12/27/2017,STJ,MO,ACE,CE,Federal Contract Tower,0,0,1,8,9,0,0,6,14,20,0,0,7,22,29,6,34,40,69
12/28/2017,STJ,MO,ACE,CE,Federal Contract Tower,0,0,4,0,4,0,3,14,13,30,0,3,18,13,34,4,24,28,62
12/29/2017,STJ,MO,ACE,CE,Federal Contract Tower,0,0,0,0,0,0,0,5,0,5,0,0,5,0,5,0,0,0,5
12/30/2017,STJ,MO,ACE,CE,Federal Contract Tower,0,0,2,0,2,0,1,0,0,1,0,1,2,0,3,0,0,0,3
12/31/2017,STJ,MO,ACE,CE,Federal Contract Tower,0,0,6,0,6,0,0,2,0,2,0,0,8,0,8,0,0,0,8
01/01/2018,STJ,MO,ACE,CE,Federal Contract Tower,0,0,0,0,0,0,2,5,0,7,0,2,5,0,7,0,0,0,7
01/02/2018,STJ,MO,ACE,CE,Federal Contract Tower,0,0,1,0,1,0,0,3,2,5,0,0,4,2,6,0,0,0,6
01/03/2018,STJ,MO,ACE,CE,Federal Contract Tower,0,0,5,0,5,0,3,3,0,6,0,3,8,0,11,0,0,0,11
01/04/2018,STJ,MO,ACE,CE,Federal Contract Tower,0,0,0,0,0,0,0,13,0,13,0,0,13,0,13,6,0,6,19
01/05/2018,STJ,MO,ACE,CE,Federal Contract Tower,0,0,4,8,12,0,1,16,4,21,0,1,20,12,33,0,14,14,47
01/06/2018,STJ,MO,ACE,CE,Federal Contract Tower,0,0,18,0,18,0,4,18,14,36,0,4,36,14,54,14,30,44,98
01/07/2018,STJ,MO,ACE,CE,Federal Contract Tower,0,0,0,0,0,0,0,0,0,0,0,0,0,0,0,0,0,0,0
01/08/2018,STJ,MO,ACE,CE,Federal Contract Tower,0,0,3,0,3,0,0,21,0,21,0,0,24,0,24,26,0,26,50
01/09/2018,STJ,MO,ACE,CE,Federal Contract Tower,0,0,2,18,20,0,0,15,16,31,0,0,17,34,51,40,74,114,165
01/10/2018,STJ,MO,ACE,CE,Federal Contract Tower,0,0,7,21,28,0,4,5,8,17,0,4,12,29,45,0,30,30,75
01/11/2018,STJ,MO,ACE,CE,Federal Contract Tower,0,0,2,0,2,0,0,0,0,0,0,0,2,0,2,0,0,0,2
01/12/2018,STJ,MO,ACE,CE,Federal Contract Tower,0,0,9,0,9,0,4,14,2,20,0,4,23,2,29,14,0,14,43
01/13/2018,STJ,MO,ACE,CE,Federal Contract Tower,0,1,2,0,3,0,0,3,0,3,0,1,5,0,6,12,0,12,18
01/14/2018,STJ,MO,ACE,CE,Federal Contract Tower,0,0,1,0,1,0,1,2,0,3,0,1,3,0,4,0,0,0,4
01/15/2018,STJ,MO,ACE,CE,Federal Contract Tower,0,0,4,1,5,0,0,8,0,8,0,0,12,1,13,2,0,2,15
01/16/2018,STJ,MO,ACE,CE,Federal Contract Tower,0,0,3,3,6,0,0,4,0,4,0,0,7,3,10,0,0,0,10
01/17/2018,STJ,MO,ACE,CE,Federal Contract Tower,0,0,4,2,6,0,0,9,0,9,0,0,13,2,15,8,0,8,23
01/18/2018,STJ,MO,ACE,CE,Federal Contract Tower,0,0,13,1,14,0,0,16,8,24,0,0,29,9,38,6,8,14,52
01/19/2018,STJ,MO,ACE,CE,Federal Contract Tower,0,0,6,6,12,0,2,7,2,11,0,2,13,8,23,4,8,12,35
01/20/2018,STJ,MO,ACE,CE,Federal Contract Tower,0,0,7,0,7,0,0,11,0,11,0,0,18,0,18,30,0,30,48
01/21/2018,STJ,MO,ACE,CE,Federal Contract Tower,0,0,4,0,4,0,0,2,0,2,0,0,6,0,6,0,0,0,6
01/22/2018,STJ,MO,ACE,CE,Federal Contract Tower,0,0,1,0,1,0,0,0,0,0,0,0,1,0,1,0,0,0,1
01/23/2018,STJ,MO,ACE,CE,Federal Contract Tower,0,0,8,1,9,0,0,7,6,13,0,0,15,7,22,14,0,14,36
01/24/2018,STJ,MO,ACE,CE,Federal Contract Tower,0,0,13,2,15,0,4,20,0,24,0,4,33,2,39,54,0,54,93
01/25/2018,STJ,MO,ACE,CE,Federal Contract Tower,0,0,1,0,1,0,1,11,0,12,0,1,12,0,13,4,0,4,17
01/26/2018,STJ,MO,ACE,CE,Federal Contract Tower,0,0,5,7,12,0,1,3,2,6,0,1,8,9,18,0,12,12,30
01/27/2018,STJ,MO,ACE,CE,Federal Contract Tower,0,0,16,0,16,0,0,16,0,16,0,0,32,0,32,44,0,44,76
01/28/2018,STJ,MO,ACE,CE,Federal Contract Tower,0,0,5,0,5,0,0,15,0,15,0,0,20,0,20,0,0,0,20
01/29/2018,STJ,MO,ACE,CE,Federal Contract Tower,0,0,0,0,0,0,0,5,1,6,0,0,5,1,6,22,0,22,28
01/30/2018,STJ,MO,ACE,CE,Federal Contract Tower,0,0,6,18,24,0,2,12,15,29,0,2,18,33,53,4,68,72,125
01/31/2018,STJ,MO,ACE,CE,Federal Contract Tower,0,0,3,10,13,0,0,30,19,49,0,0,33,29,62,8,50,58,120
02/01/2018,STJ,MO,ACE,CE,Federal Contract Tower,0,0,9,21,30,0,0,2,9,11,0,0,11,30,41,12,32,44,85
02/02/2018,STJ,MO,ACE,CE,Federal Contract Tower,0,0,5,8,13,0,0,10,3,13,0,0,15,11,26,4,10,14,40
02/03/2018,STJ,MO,ACE,CE,Federal Contract Tower,0,0,1,0,1,0,0,9,0,9,0,0,10,0,10,0,0,0,10
02/04/2018,STJ,MO,ACE,CE,Federal Contract Tower,0,0,1,0,1,0,0,3,0,3,0,0,4,0,4,0,0,0,4
02/05/2018,STJ,MO,ACE,CE,Federal Contract Tower,0,0,4,4,8,0,2,1,0,3,0,2,5,4,11,0,0,0,11
02/06/2018,STJ,MO,ACE,CE,Federal Contract Tower,0,0,4,0,4,0,2,2,0,4,0,2,6,0,8,8,0,8,16
02/07/2018,STJ,MO,ACE,CE,Federal Contract Tower,0,0,1,2,3,0,0,7,32,39,0,0,8,34,42,10,30,40,82
02/08/2018,STJ,MO,ACE,CE,Federal Contract Tower,0,0,4,2,6,0,0,9,21,30,0,0,13,23,36,0,24,24,60
02/09/2018,STJ,MO,ACE,CE,Federal Contract Tower,0,0,7,5,12,0,1,8,14,23,0,1,15,19,35,10,32,42,77
02/10/2018,STJ,MO,ACE,CE,Federal Contract Tower,0,0,9,9,18,0,0,7,15,22,0,0,16,24,40,0,16,16,56
02/11/2018,STJ,MO,ACE,CE,Federal Contract Tower,0,0,0,0,0,0,0,5,0,5,0,0,5,0,5,2,0,2,7
02/12/2018,STJ,MO,ACE,CE,Federal Contract Tower,0,1,2,4,7,0,2,13,4,19,0,3,15,8,26,36,2,38,64
02/13/2018,STJ,MO,ACE,CE,Federal Contract Tower,0,0,8,5,13,0,1,9,14,24,0,1,17,19,37,10,26,36,73
02/14/2018,STJ,MO,ACE,CE,Federal Contract Tower,0,0,15,17,32,0,0,14,35,49,0,0,29,52,81,14,44,58,139
02/15/2018,STJ,MO,ACE,CE,Federal Contract Tower,0,0,3,7,10,0,0,13,9,22,0,0,16,16,32,11,15,26,58
02/16/2018,STJ,MO,ACE,CE,Federal Contract Tower,0,0,7,2,9,0,3,9,3,15,0,3,16,5,24,16,24,40,64
02/17/2018,STJ,MO,ACE,CE,Federal Contract Tower,0,0,5,3,8,0,0,4,0,4,0,0,9,3,12,14,0,14,26
02/18/2018,STJ,MO,ACE,CE,Federal Contract Tower,0,0,3,1,4,0,1,15,0,16,0,1,18,1,20,4,0,4,24
02/19/2018,STJ,MO,ACE,CE,Federal Contract Tower,0,0,8,0,8,0,0,0,0,0,0,0,8,0,8,0,0,0,8
02/20/2018,STJ,MO,ACE,CE,Federal Contract Tower,0,0,1,0,1,0,0,0,0,0,0,0,1,0,1,0,0,0,1
02/21/2018,STJ,MO,ACE,CE,Federal Contract Tower,0,0,7,16,23,0,2,6,4,12,0,2,13,20,35,6,0,6,41
02/22/2018,STJ,MO,ACE,CE,Federal Contract Tower,0,0,1,1,2,0,0,0,0,0,0,0,1,1,2,0,0,0,2
02/23/2018,STJ,MO,ACE,CE,Federal Contract Tower,0,0,14,9,23,0,2,6,0,8,0,2,20,9,31,13,0,13,44
02/24/2018,STJ,MO,ACE,CE,Federal Contract Tower,0,0,1,2,3,0,0,0,0,0,0,0,1,2,3,0,0,0,3
02/25/2018,STJ,MO,ACE,CE,Federal Contract Tower,0,0,3,1,4,0,0,18,0,18,0,0,21,1,22,12,0,12,34
02/26/2018,STJ,MO,ACE,CE,Federal Contract Tower,0,0,9,9,18,0,0,20,0,20,0,0,29,9,38,36,12,48,86
02/27/2018,STJ,MO,ACE,CE,Federal Contract Tower,0,0,6,5,11,0,2,10,4,16,0,2,16,9,27,7,16,23,50
02/28/2018,STJ,MO,ACE,CE,Federal Contract Tower,0,0,6,30,36,0,1,2,4,7,0,1,8,34,43,5,4,9,52
03/01/2018,STJ,MO,ACE,CE,Federal Contract Tower,0,0,8,1,9,0,2,18,12,32,0,2,26,13,41,37,66,103,144
03/02/2018,STJ,MO,ACE,CE,Federal Contract Tower,0,0,5,2,7,0,1,18,1,20,0,1,23,3,27,30,20,50,77
03/03/2018,STJ,MO,ACE,CE,Federal Contract Tower,0,0,7,13,20,0,2,7,13,22,0,2,14,26,42,6,36,42,84
03/04/2018,STJ,MO,ACE,CE,Federal Contract Tower,0,0,3,0,3,0,0,4,0,4,0,0,7,0,7,0,0,0,7
03/05/2018,STJ,MO,ACE,CE,Federal Contract Tower,0,0,7,5,12,0,0,0,0,0,0,0,7,5,12,8,6,14,26
03/06/2018,STJ,MO,ACE,CE,Federal Contract Tower,0,0,7,0,7,0,0,0,0,0,0,0,7,0,7,0,0,0,7
03/07/2018,STJ,MO,ACE,CE,Federal Contract Tower,0,0,9,4,13,0,0,8,3,11,0,0,17,7,24,6,6,12,36
03/08/2018,STJ,MO,ACE,CE,Federal Contract Tower,0,0,5,3,8,0,1,21,7,29,0,1,26,10,37,60,50,110,147
03/09/2018,STJ,MO,ACE,CE,Federal Contract Tower,0,0,7,2,9,0,2,5,19,26,0,2,12,21,35,4,26,30,65
03/10/2018,STJ,MO,ACE,CE,Federal Contract Tower,0,0,0,0,0,0,0,10,0,10,0,0,10,0,10,36,0,36,46
03/11/2018,STJ,MO,ACE,CE,Federal Contract Tower,0,0,2,0,2,0,0,2,0,2,0,0,4,0,4,0,0,0,4
03/12/2018,STJ,MO,ACE,CE,Federal Contract Tower,0,0,5,5,10,0,0,4,0,4,0,0,9,5,14,12,0,12,26
03/13/2018,STJ,MO,ACE,CE,Federal Contract Tower,0,0,12,6,18,0,0,9,6,15,0,0,21,12,33,22,22,44,77
03/14/2018,STJ,MO,ACE,CE,Federal Contract Tower,0,0,8,3,11,0,1,11,2,14,0,1,19,5,25,0,36,36,61
03/15/2018,STJ,MO,ACE,CE,Federal Contract Tower,0,0,2,8,10,0,0,15,4,19,0,0,17,12,29,34,4,38,67
03/16/2018,STJ,MO,ACE,CE,Federal Contract Tower,0,0,4,2,6,0,0,0,0,0,0,0,4,2,6,0,0,0,6
03/17/2018,STJ,MO,ACE,CE,Federal Contract Tower,0,0,11,0,11,0,2,3,0,5,0,2,14,0,16,4,0,4,20
03/18/2018,STJ,MO,ACE,CE,Federal Contract Tower,0,0,9,0,9,0,0,8,0,8,0,0,17,0,17,8,0,8,25
03/19/2018,STJ,MO,ACE,CE,Federal Contract Tower,0,0,7,0,7,0,0,3,0,3,0,0,10,0,10,0,0,0,10
03/20/2018,STJ,MO,ACE,CE,Federal Contract Tower,0,0,3,14,17,0,0,5,2,7,0,0,8,16,24,14,2,16,40
03/21/2018,STJ,MO,ACE,CE,Federal Contract Tower,0,0,15,3,18,0,1,12,0,13,0,1,27,3,31,35,0,35,66
03/22/2018,STJ,MO,ACE,CE,Federal Contract Tower,0,0,8,2,10,0,4,16,14,34,0,4,24,16,44,8,0,8,52
03/23/2018,STJ,MO,ACE,CE,Federal Contract Tower,0,0,4,4,8,0,0,3,6,9,0,0,7,10,17,2,6,8,25
03/24/2018,STJ,MO,ACE,CE,Federal Contract Tower,0,0,14,0,14,0,0,8,0,8,0,0,22,0,22,12,0,12,34
03/25/2018,STJ,MO,ACE,CE,Federal Contract Tower,0,0,2,1,3,0,0,8,0,8,0,0,10,1,11,2,0,2,13
03/26/2018,STJ,MO,ACE,CE,Federal Contract Tower,0,0,7,1,8,0,0,0,0,0,0,0,7,1,8,0,0,0,8
03/27/2018,STJ,MO,ACE,CE,Federal Contract Tower,0,0,7,0,7,0,1,6,2,9,0,1,13,2,16,6,2,8,24
03/28/2018,STJ,MO,ACE,CE,Federal Contract Tower,0,0,0,0,0,0,0,0,0,0,0,0,0,0,0,91,2,93,93
03/29/2018,STJ,MO,ACE,CE,Federal Contract Tower,0,0,11,0,11,0,4,6,0,10,0,4,17,0,21,14,0,14,35
03/30/2018,STJ,MO,ACE,CE,Federal Contract Tower,0,0,3,2,5,0,1,29,2,32,0,1,32,4,37,32,12,44,81
03/31/2018,STJ,MO,ACE,CE,Federal Contract Tower,0,0,0,0,0,0,4,12,0,16,0,4,12,0,16,8,0,8,24
04/01/2018,STJ,MO,ACE,CE,Federal Contract Tower,0,0,2,0,2,0,0,0,0,0,0,0,2,0,2,0,0,0,2
04/02/2018,STJ,MO,ACE,CE,Federal Contract Tower,0,0,3,2,5,0,0,0,0,0,0,0,3,2,5,0,0,0,5
04/03/2018,STJ,MO,ACE,CE,Federal Contract Tower,0,0,6,0,6,0,0,0,0,0,0,0,6,0,6,0,0,0,6
04/04/2018,STJ,MO,ACE,CE,Federal Contract Tower,0,0,8,0,8,0,0,15,0,15,0,0,23,0,23,8,0,8,31
04/05/2018,STJ,MO,ACE,CE,Federal Contract Tower,0,0,6,0,6,0,2,20,0,22,0,2,26,0,28,4,0,4,32
04/06/2018,STJ,MO,ACE,CE,Federal Contract Tower,0,0,7,0,7,0,0,5,3,8,0,0,12,3,15,0,5,5,20
04/07/2018,STJ,MO,ACE,CE,Federal Contract Tower,0,0,6,4,10,0,0,22,6,28,0,0,28,10,38,48,24,72,110
04/08/2018,STJ,MO,ACE,CE,Federal Contract Tower,0,0,0,0,0,0,1,0,0,1,0,1,0,0,1,0,0,0,1
04/09/2018,STJ,MO,ACE,CE,Federal Contract Tower,0,0,2,0,2,0,0,2,0,2,0,0,4,0,4,0,0,0,4
04/10/2018,STJ,MO,ACE,CE,Federal Contract Tower,0,0,8,7,15,0,2,15,28,45,0,2,23,35,60,26,72,98,158
04/11/2018,STJ,MO,ACE,CE,Federal Contract Tower,0,0,6,14,20,0,2,14,6,22,0,2,20,20,42,22,55,77,119
04/12/2018,STJ,MO,ACE,CE,Federal Contract Tower,0,0,4,0,4,0,0,18,9,27,0,0,22,9,31,8,56,64,95
04/13/2018,STJ,MO,ACE,CE,Federal Contract Tower,0,0,0,0,0,0,0,5,0,5,0,0,5,0,5,15,0,15,20
04/14/2018,STJ,MO,ACE,CE,Federal Contract Tower,0,0,4,2,6,0,0,3,0,3,0,0,7,2,9,4,0,4,13
04/15/2018,STJ,MO,ACE,CE,Federal Contract Tower,0,0,1,0,1,0,0,2,0,2,0,0,3,0,3,0,0,0,3
04/16/2018,STJ,MO,ACE,CE,Federal Contract Tower,0,0,9,7,16,0,2,22,4,28,0,2,31,11,44,18,34,52,96
04/17/2018,STJ,MO,ACE,CE,Federal Contract Tower,0,0,5,0,5,0,1,10,4,15,0,1,15,4,20,14,0,14,34
04/19/2018,STJ,MO,ACE,CE,Federal Contract Tower,0,0,3,1,4,0,0,20,12,32,0,0,23,13,36,0,8,8,44
04/20/2018,STJ,MO,ACE,CE,Federal Contract Tower,0,0,3,0,3,0,0,10,4,14,0,0,13,4,17,64,4,68,85
04/22/2018,STJ,MO,ACE,CE,Federal Contract Tower,0,0,0,0,0,0,0,13,0,13,0,0,13,0,13,2,0,2,15
04/23/2018,STJ,MO,ACE,CE,Federal Contract Tower,0,0,13,7,20,0,0,15,4,19,0,0,28,11,39,28,11,39,78
04/24/2018,STJ,MO,ACE,CE,Federal Contract Tower,0,0,21,2,23,0,4,14,0,18,0,4,35,2,41,34,0,34,75
04/25/2018,STJ,MO,ACE,CE,Federal Contract Tower,0,0,6,0,6,0,0,4,0,4,0,0,10,0,10,0,0,0,10
04/26/2018,STJ,MO,ACE,CE,Federal Contract Tower,0,0,19,0,19,0,0,61,3,64,0,0,80,3,83,12,0,12,95
04/27/2018,STJ,MO,ACE,CE,Federal Contract Tower,0,0,9,3,12,0,0,230,0,230,0,0,239,3,242,6,0,6,248
04/28/2018,STJ,MO,ACE,CE,Federal Contract Tower,0,0,0,0,0,0,2,236,0,238,0,2,236,0,238,26,0,26,264
04/29/2018,STJ,MO,ACE,CE,Federal Contract Tower,0,0,8,1,9,0,2,117,0,119,0,2,125,1,128,0,0,0,128
04/30/2018,STJ,MO,ACE,CE,Federal Contract Tower,0,0,2,0,2,0,0,10,0,10,0,0,12,0,12,0,0,0,12
05/01/2018,STJ,MO,ACE,CE,Federal Contract Tower,0,0,5,0,5,0,2,2,0,4,0,2,7,0,9,0,0,0,9
05/02/2018,STJ,MO,ACE,CE,Federal Contract Tower,0,0,17,0,17,0,0,17,0,17,0,0,34,0,34,0,0,0,34
05/03/2018,STJ,MO,ACE,CE,Federal Contract Tower,0,0,6,3,9,0,0,1,0,1,0,0,7,3,10,0,0,0,10
05/04/2018,STJ,MO,ACE,CE,Federal Contract Tower,0,0,11,5,16,0,3,14,6,23,0,3,25,11,39,22,4,26,65
05/05/2018,STJ,MO,ACE,CE,Federal Contract Tower,0,0,0,0,0,0,0,41,2,43,0,0,41,2,43,0,0,0,43
05/06/2018,STJ,MO,ACE,CE,Federal Contract Tower,0,0,5,0,5,0,0,4,0,4,0,0,9,0,9,28,0,28,37
05/07/2018,STJ,MO,ACE,CE,Federal Contract Tower,0,0,11,2,13,0,1,8,2,11,0,1,19,4,24,6,0,6,30
05/08/2018,STJ,MO,ACE,CE,Federal Contract Tower,0,0,5,14,19,0,3,6,9,18,0,3,11,23,37,6,28,34,71
05/09/2018,STJ,MO,ACE,CE,Federal Contract Tower,0,0,10,11,21,0,1,2,0,3,0,1,12,11,24,16,2,18,42
05/10/2018,STJ,MO,ACE,CE,Federal Contract Tower,0,0,17,3,20,0,1,10,0,11,0,1,27,3,31,4,16,20,51
05/11/2018,STJ,MO,ACE,CE,Federal Contract Tower,0,0,12,0,12,0,0,8,2,10,0,0,20,2,22,21,4,25,47
05/12/2018,STJ,MO,ACE,CE,Federal Contract Tower,0,0,0,0,0,0,0,9,0,9,0,0,9,0,9,0,0,0,9
05/13/2018,STJ,MO,ACE,CE,Federal Contract Tower,0,0,2,0,2,0,2,6,0,8,0,2,8,0,10,0,0,0,10
05/14/2018,STJ,MO,ACE,CE,Federal Contract Tower,0,0,6,3,9,0,1,9,2,12,0,1,15,5,21,8,0,8,29
05/15/2018,STJ,MO,ACE,CE,Federal Contract Tower,0,0,14,4,18,0,1,10,0,11,0,1,24,4,29,6,0,6,35
05/16/2018,STJ,MO,ACE,CE,Federal Contract Tower,0,0,5,4,9,0,0,14,15,29,0,0,19,19,38,0,0,0,38
05/17/2018,STJ,MO,ACE,CE,Federal Contract Tower,0,0,10,1,11,0,0,35,16,51,0,0,45,17,62,0,0,0,62
05/18/2018,STJ,MO,ACE,CE,Federal Contract Tower,0,0,5,5,10,0,0,19,1,20,0,0,24,6,30,41,4,45,75
05/19/2018,STJ,MO,ACE,CE,Federal Contract Tower,0,0,6,0,6,0,0,8,0,8,0,0,14,0,14,3,0,3,17
05/20/2018,STJ,MO,ACE,CE,Federal Contract Tower,0,0,4,4,8,0,0,0,0,0,0,0,4,4,8,0,0,0,8
05/21/2018,STJ,MO,ACE,CE,Federal Contract Tower,0,0,9,0,9,0,0,10,0,10,0,0,19,0,19,18,0,18,37
05/22/2018,STJ,MO,ACE,CE,Federal Contract Tower,0,0,11,5,16,0,2,31,2,35,0,2,42,7,51,24,6,30,81
05/23/2018,STJ,MO,ACE,CE,Federal Contract Tower,0,0,7,1,8,0,0,19,2,21,0,0,26,3,29,28,20,48,77
05/24/2018,STJ,MO,ACE,CE,Federal Contract Tower,0,0,9,4,13,0,4,13,5,22,0,4,22,9,35,38,4,42,77
05/25/2018,STJ,MO,ACE,CE,Federal Contract Tower,0,0,2,0,2,0,6,15,0,21,0,6,17,0,23,32,0,32,55
05/26/2018,STJ,MO,ACE,CE,Federal Contract Tower,0,0,2,0,2,0,4,26,0,30,0,4,28,0,32,10,0,10,42
05/27/2018,STJ,MO,ACE,CE,Federal Contract Tower,0,0,0,0,0,0,2,13,0,15,0,2,13,0,15,2,0,2,17
05/28/2018,STJ,MO,ACE,CE,Federal Contract Tower,0,0,3,2,5,0,3,20,0,23,0,3,23,2,28,0,0,0,28
05/29/2018,STJ,MO,ACE,CE,Federal Contract Tower,0,0,1,4,5,0,0,15,0,15,0,0,16,4,20,28,2,30,50
05/30/2018,STJ,MO,ACE,CE,Federal Contract Tower,0,0,12,24,36,0,0,6,9,15,0,0,18,33,51,16,26,42,93
05/31/2018,STJ,MO,ACE,CE,Federal Contract Tower,0,0,12,0,12,0,10,12,7,29,0,10,24,7,41,20,22,42,83
06/01/2018,STJ,MO,ACE,CE,Federal Contract Tower,0,0,11,5,16,0,3,15,13,31,0,3,26,18,47,10,2,12,59
06/02/2018,STJ,MO,ACE,CE,Federal Contract Tower,0,0,3,0,3,0,0,2,0,2,0,0,5,0,5,0,0,0,5
06/03/2018,STJ,MO,ACE,CE,Federal Contract Tower,0,0,9,1,10,0,0,30,0,30,0,0,39,1,40,18,0,18,58
06/04/2018,STJ,MO,ACE,CE,Federal Contract Tower,0,0,5,5,10,0,0,14,0,14,0,0,19,5,24,26,3,29,53
06/05/2018,STJ,MO,ACE,CE,Federal Contract Tower,0,0,2,8,10,0,2,13,2,17,0,2,15,10,27,31,84,115,142
06/06/2018,STJ,MO,ACE,CE,Federal Contract Tower,0,1,8,3,12,0,3,51,4,58,0,4,59,7,70,40,12,52,122
06/07/2018,STJ,MO,ACE,CE,Federal Contract Tower,0,0,11,3,14,0,0,20,0,20,0,0,31,3,34,6,0,6,40
06/08/2018,STJ,MO,ACE,CE,Federal Contract Tower,0,0,11,2,13,0,1,19,8,28,0,1,30,10,41,10,12,22,63
06/09/2018,STJ,MO,ACE,CE,Federal Contract Tower,0,0,4,0,4,0,3,21,0,24,0,3,25,0,28,2,0,2,30
06/10/2018,STJ,MO,ACE,CE,Federal Contract Tower,0,0,5,0,5,0,4,10,0,14,0,4,15,0,19,0,0,0,19
06/11/2018,STJ,MO,ACE,CE,Federal Contract Tower,0,0,6,4,10,0,0,8,0,8,0,0,14,4,18,0,0,0,18
06/12/2018,STJ,MO,ACE,CE,Federal Contract Tower,0,0,11,2,13,0,1,26,3,30,0,1,37,5,43,2,0,2,45
06/13/2018,STJ,MO,ACE,CE,Federal Contract Tower,0,0,12,1,13,0,0,18,0,18,0,0,30,1,31,16,0,16,47
06/14/2018,STJ,MO,ACE,CE,Federal Contract Tower,0,0,9,3,12,0,2,30,0,32,0,2,39,3,44,28,6,34,78
06/15/2018,STJ,MO,ACE,CE,Federal Contract Tower,0,0,4,0,4,0,3,125,0,128,0,3,129,0,132,20,0,20,152
06/16/2018,STJ,MO,ACE,CE,Federal Contract Tower,0,0,4,0,4,0,0,11,0,11,0,0,15,0,15,16,0,16,31
06/17/2018,STJ,MO,ACE,CE,Federal Contract Tower,0,0,0,1,1,0,0,13,2,15,0,0,13,3,16,4,0,4,20
06/18/2018,STJ,MO,ACE,CE,Federal Contract Tower,0,0,6,0,6,0,1,21,0,22,0,1,27,0,28,2,0,2,30
06/19/2018,STJ,MO,ACE,CE,Federal Contract Tower,0,0,2,0,2,0,0,7,0,7,0,0,9,0,9,14,0,14,23
06/20/2018,STJ,MO,ACE,CE,Federal Contract Tower,0,0,9,8,17,0,0,7,7,14,0,0,16,15,31,1,33,34,65
06/21/2018,STJ,MO,ACE,CE,Federal Contract Tower,0,0,11,9,20,0,2,7,44,53,0,2,18,53,73,12,34,46,119
06/22/2018,STJ,MO,ACE,CE,Federal Contract Tower,0,0,7,3,10,0,0,4,2,6,0,0,11,5,16,7,8,15,31
06/23/2018,STJ,MO,ACE,CE,Federal Contract Tower,0,0,3,0,3,0,0,11,0,11,0,0,14,0,14,24,0,24,38
06/24/2018,STJ,MO,ACE,CE,Federal Contract Tower,0,0,1,0,1,0,0,13,0,13,0,0,14,0,14,10,0,10,24
06/25/2018,STJ,MO,ACE,CE,Federal Contract Tower,0,0,4,1,5,0,1,36,0,37,0,1,40,1,42,0,0,0,42
06/26/2018,STJ,MO,ACE,CE,Federal Contract Tower,0,0,11,1,12,0,0,37,3,40,0,0,48,4,52,28,12,40,92
06/27/2018,STJ,MO,ACE,CE,Federal Contract Tower,0,0,20,5,25,0,4,46,11,61,0,4,66,16,86,16,52,68,154
06/28/2018,STJ,MO,ACE,CE,Federal Contract Tower,0,0,8,12,20,0,0,12,10,22,0,0,20,22,42,4,2,6,48
06/29/2018,STJ,MO,ACE,CE,Federal Contract Tower,0,0,3,0,3,0,6,24,1,31,0,6,27,1,34,0,0,0,34
06/30/2018,STJ,MO,ACE,CE,Federal Contract Tower,0,0,7,0,7,0,1,18,0,19,0,1,25,0,26,4,0,4,30
07/01/2018,STJ,MO,ACE,CE,Federal Contract Tower,0,0,0,0,0,0,0,6,0,6,0,0,6,0,6,42,0,42,48
07/02/2018,STJ,MO,ACE,CE,Federal Contract Tower,0,0,6,2,8,0,0,62,2,64,0,0,68,4,72,30,28,58,130
07/03/2018,STJ,MO,ACE,CE,Federal Contract Tower,0,0,3,2,5,0,2,15,9,26,0,2,18,11,31,8,8,16,47
07/04/2018,STJ,MO,ACE,CE,Federal Contract Tower,0,0,0,1,1,0,0,6,44,50,0,0,6,45,51,26,0,26,77
07/06/2018,STJ,MO,ACE,CE,Federal Contract Tower,0,0,8,3,11,0,1,92,5,98,0,1,100,8,109,26,20,46,155
07/07/2018,STJ,MO,ACE,CE,Federal Contract Tower,0,0,8,0,8,0,11,65,0,76,0,11,73,0,84,26,0,26,110
07/08/2018,STJ,MO,ACE,CE,Federal Contract Tower,0,0,0,0,0,0,0,23,0,23,0,0,23,0,23,8,0,8,31
07/09/2018,STJ,MO,ACE,CE,Federal Contract Tower,0,0,8,2,10,0,6,25,0,31,0,6,33,2,41,16,0,16,57
07/10/2018,STJ,MO,ACE,CE,Federal Contract Tower,0,0,6,2,8,0,0,16,1,17,0,0,22,3,25,70,0,70,95
07/11/2018,STJ,MO,ACE,CE,Federal Contract Tower,0,0,12,0,12,0,0,56,14,70,0,0,68,14,82,40,8,48,130
07/12/2018,STJ,MO,ACE,CE,Federal Contract Tower,0,0,7,6,13,0,2,22,12,36,0,2,29,18,49,16,30,46,95
07/13/2018,STJ,MO,ACE,CE,Federal Contract Tower,0,0,5,9,14,0,2,7,0,9,0,2,12,9,23,21,0,21,44
07/14/2018,STJ,MO,ACE,CE,Federal Contract Tower,0,0,11,6,17,0,0,30,10,40,0,0,41,16,57,12,24,36,93
07/15/2018,STJ,MO,ACE,CE,Federal Contract Tower,0,0,3,1,4,0,2,25,0,27,0,2,28,1,31,2,0,2,33
07/18/2018,STJ,MO,ACE,CE,Federal Contract Tower,0,0,1,17,18,0,4,3,17,24,0,4,4,34,42,12,22,34,76
07/19/2018,STJ,MO,ACE,CE,Federal Contract Tower,0,0,18,9,27,0,5,21,14,40,0,5,39,23,67,18,44,62,129
07/20/2018,STJ,MO,ACE,CE,Federal Contract Tower,0,0,5,3,8,0,2,38,0,40,0,2,43,3,48,30,0,30,78
07/21/2018,STJ,MO,ACE,CE,Federal Contract Tower,0,0,0,6,6,0,0,37,0,37,0,0,37,6,43,22,0,22,65
07/22/2018,STJ,MO,ACE,CE,Federal Contract Tower,0,0,1,4,5,0,0,27,0,27,0,0,28,4,32,12,0,12,44
07/23/2018,STJ,MO,ACE,CE,Federal Contract Tower,0,0,1,3,4,0,6,47,0,53,0,6,48,3,57,6,0,6,63
07/24/2018,STJ,MO,ACE,CE,Federal Contract Tower,0,0,6,4,10,0,0,10,1,11,0,0,16,5,21,6,2,8,29
07/25/2018,STJ,MO,ACE,CE,Federal Contract Tower,0,0,15,6,21,0,0,18,0,18,0,0,33,6,39,36,10,46,85
07/26/2018,STJ,MO,ACE,CE,Federal Contract Tower,0,0,6,2,8,0,4,9,7,20,0,4,15,9,28,18,16,34,62
07/27/2018,STJ,MO,ACE,CE,Federal Contract Tower,0,0,6,10,16,0,2,28,11,41,0,2,34,21,57,0,6,6,63
07/28/2018,STJ,MO,ACE,CE,Federal Contract Tower,0,0,3,0,3,0,1,32,0,33,0,1,35,0,36,6,0,6,42
07/29/2018,STJ,MO,ACE,CE,Federal Contract Tower,0,0,4,1,5,0,0,35,0,35,0,0,39,1,40,2,0,2,42
07/30/2018,STJ,MO,ACE,CE,Federal Contract Tower,0,0,7,0,7,0,0,19,0,19,0,0,26,0,26,2,0,2,28
07/31/2018,STJ,MO,ACE,CE,Federal Contract Tower,0,0,4,1,5,0,1,36,7,44,0,1,40,8,49,30,20,50,99
08/01/2018,STJ,MO,ACE,CE,Federal Contract Tower,0,0,9,4,13,0,0,15,9,24,0,0,24,13,37,48,8,56,93
08/02/2018,STJ,MO,ACE,CE,Federal Contract Tower,0,0,9,8,17,0,2,28,29,59,0,2,37,37,76,34,38,72,148
08/03/2018,STJ,MO,ACE,CE,Federal Contract Tower,0,0,8,2,10,0,0,12,8,20,0,0,20,10,30,28,0,28,58
08/04/2018,STJ,MO,ACE,CE,Federal Contract Tower,0,0,9,0,9,0,0,22,0,22,0,0,31,0,31,6,0,6,37
08/05/2018,STJ,MO,ACE,CE,Federal Contract Tower,0,0,5,0,5,0,0,7,0,7,0,0,12,0,12,4,0,4,16
08/06/2018,STJ,MO,ACE,CE,Federal Contract Tower,0,0,4,5,9,0,0,13,5,18,0,0,17,10,27,16,6,22,49
08/07/2018,STJ,MO,ACE,CE,Federal Contract Tower,0,0,6,0,6,0,4,18,0,22,0,4,24,0,28,22,0,22,50
08/08/2018,STJ,MO,ACE,CE,Federal Contract Tower,0,0,1,19,20,0,1,21,18,40,0,1,22,37,60,14,62,76,136
08/09/2018,STJ,MO,ACE,CE,Federal Contract Tower,0,0,5,0,5,0,0,27,18,45,0,0,32,18,50,16,34,50,100
08/10/2018,STJ,MO,ACE,CE,Federal Contract Tower,0,0,12,5,17,0,0,8,14,22,0,0,20,19,39,18,42,60,99
08/11/2018,STJ,MO,ACE,CE,Federal Contract Tower,0,0,0,0,0,0,0,28,0,28,0,0,28,0,28,8,0,8,36
08/12/2018,STJ,MO,ACE,CE,Federal Contract Tower,0,0,1,1,2,0,0,32,1,33,0,0,33,2,35,14,0,14,49
08/13/2018,STJ,MO,ACE,CE,Federal Contract Tower,0,0,0,6,6,0,1,17,4,22,0,1,17,10,28,10,6,16,44
08/14/2018,STJ,MO,ACE,CE,Federal Contract Tower,0,0,4,2,6,0,2,0,0,2,0,2,4,2,8,0,0,0,8
08/15/2018,STJ,MO,ACE,CE,Federal Contract Tower,0,0,13,16,29,0,0,31,17,48,0,0,44,33,77,20,38,58,135
08/16/2018,STJ,MO,ACE,CE,Federal Contract Tower,0,0,9,9,18,0,2,48,28,78,0,2,57,37,96,16,54,70,166
08/17/2018,STJ,MO,ACE,CE,Federal Contract Tower,0,0,0,5,5,0,0,87,0,87,0,0,87,5,92,0,0,0,92
08/18/2018,STJ,MO,ACE,CE,Federal Contract Tower,0,0,0,0,0,0,1,24,0,25,0,1,24,0,25,14,0,14,39
08/19/2018,STJ,MO,ACE,CE,Federal Contract Tower,0,0,0,0,0,0,0,7,0,7,0,0,7,0,7,2,0,2,9
08/20/2018,STJ,MO,ACE,CE,Federal Contract Tower,0,0,5,5,10,0,0,2,0,2,0,0,7,5,12,0,0,0,12
08/21/2018,STJ,MO,ACE,CE,Federal Contract Tower,0,0,3,1,4,0,0,31,1,32,0,0,34,2,36,28,4,32,68
08/22/2018,STJ,MO,ACE,CE,Federal Contract Tower,0,0,15,11,26,1,4,39,9,53,1,4,54,20,79,12,0,12,91
08/23/2018,STJ,MO,ACE,CE,Federal Contract Tower,0,0,7,9,16,0,1,9,0,10,0,1,16,9,26,0,12,12,38
08/24/2018,STJ,MO,ACE,CE,Federal Contract Tower,0,0,11,10,21,0,2,92,25,119,0,2,103,35,140,68,68,136,276
08/25/2018,STJ,MO,ACE,CE,Federal Contract Tower,0,0,17,0,17,0,0,121,3,124,0,0,138,3,141,12,0,12,153
08/26/2018,STJ,MO,ACE,CE,Federal Contract Tower,0,0,8,11,19,0,0,38,6,44,0,0,46,17,63,112,0,112,175
08/27/2018,STJ,MO,ACE,CE,Federal Contract Tower,0,0,5,4,9,0,2,9,1,12,0,2,14,5,21,0,0,0,21
08/28/2018,STJ,MO,ACE,CE,Federal Contract Tower,0,0,5,10,15,0,0,4,5,9,0,0,9,15,24,14,20,34,58
08/29/2018,STJ,MO,ACE,CE,Federal Contract Tower,0,0,10,15,25,0,0,17,23,40,0,0,27,38,65,52,48,100,165
08/30/2018,STJ,MO,ACE,CE,Federal Contract Tower,0,0,17,1,18,0,0,6,2,8,0,0,23,3,26,18,0,18,44
08/31/2018,STJ,MO,ACE,CE,Federal Contract Tower,0,0,5,0,5,0,1,21,0,22,0,1,26,0,27,16,0,16,43
09/01/2018,STJ,MO,ACE,CE,Federal Contract Tower,0,0,2,0,2,0,0,39,0,39,0,0,41,0,41,10,0,10,51
09/02/2018,STJ,MO,ACE,CE,Federal Contract Tower,0,0,2,0,2,0,0,3,0,3,0,0,5,0,5,2,0,2,7
09/03/2018,STJ,MO,ACE,CE,Federal Contract Tower,0,0,3,0,3,0,1,12,0,13,0,1,15,0,16,24,0,24,40
09/04/2018,STJ,MO,ACE,CE,Federal Contract Tower,0,0,3,15,18,0,4,30,2,36,0,4,33,17,54,24,8,32,86
09/05/2018,STJ,MO,ACE,CE,Federal Contract Tower,0,0,2,15,17,0,0,3,0,3,0,0,5,15,20,0,8,8,28
09/06/2018,STJ,MO,ACE,CE,Federal Contract Tower,0,0,10,37,47,0,0,2,0,2,0,0,12,37,49,0,0,0,49
09/07/2018,STJ,MO,ACE,CE,Federal Contract Tower,0,0,6,4,10,0,0,4,4,8,0,0,10,8,18,0,0,0,18
09/08/2018,STJ,MO,ACE,CE,Federal Contract Tower,0,0,6,4,10,0,0,5,4,9,0,0,11,8,19,0,12,12,31
09/09/2018,STJ,MO,ACE,CE,Federal Contract Tower,0,0,2,3,5,0,2,28,1,31,0,2,30,4,36,12,2,14,50
09/10/2018,STJ,MO,ACE,CE,Federal Contract Tower,0,0,3,0,3,0,0,27,0,27,0,0,30,0,30,0,0,0,30
09/11/2018,STJ,MO,ACE,CE,Federal Contract Tower,0,0,3,4,7,0,2,64,14,80,0,2,67,18,87,16,48,64,151
09/12/2018,STJ,MO,ACE,CE,Federal Contract Tower,0,0,6,7,13,0,1,11,11,23,0,1,17,18,36,4,6,10,46
09/13/2018,STJ,MO,ACE,CE,Federal Contract Tower,0,0,7,3,10,0,0,15,22,37,0,0,22,25,47,16,24,40,87
09/14/2018,STJ,MO,ACE,CE,Federal Contract Tower,0,0,12,14,26,0,0,22,0,22,0,0,34,14,48,24,0,24,72
09/15/2018,STJ,MO,ACE,CE,Federal Contract Tower,0,0,2,0,2,0,3,17,0,20,0,3,19,0,22,2,0,2,24
09/16/2018,STJ,MO,ACE,CE,Federal Contract Tower,0,0,1,0,1,0,1,29,0,30,0,1,30,0,31,0,0,0,31
09/17/2018,STJ,MO,ACE,CE,Federal Contract Tower,0,0,13,6,19,0,0,15,6,21,0,0,28,12,40,30,6,36,76
09/18/2018,STJ,MO,ACE,CE,Federal Contract Tower,0,0,12,0,12,0,1,47,0,48,0,1,59,0,60,46,0,46,106
09/19/2018,STJ,MO,ACE,CE,Federal Contract Tower,0,0,9,1,10,0,2,25,9,36,0,2,34,10,46,28,4,32,78
09/20/2018,STJ,MO,ACE,CE,Federal Contract Tower,0,0,3,0,3,0,0,12,14,26,0,0,15,14,29,60,6,66,95
09/21/2018,STJ,MO,ACE,CE,Federal Contract Tower,0,0,5,6,11,0,0,30,0,30,0,0,35,6,41,48,0,48,89
09/22/2018,STJ,MO,ACE,CE,Federal Contract Tower,0,0,2,8,10,0,1,23,0,24,0,1,25,8,34,30,0,30,64
09/23/2018,STJ,MO,ACE,CE,Federal Contract Tower,0,0,5,1,6,0,1,17,0,18,0,1,22,1,24,12,0,12,36
09/24/2018,STJ,MO,ACE,CE,Federal Contract Tower,0,0,3,7,10,0,2,17,6,25,0,2,20,13,35,38,16,54,89
09/25/2018,STJ,MO,ACE,CE,Federal Contract Tower,0,0,13,5,18,0,0,3,4,7,0,0,16,9,25,0,16,16,41
09/26/2018,STJ,MO,ACE,CE,Federal Contract Tower,0,0,11,6,17,0,3,62,20,85,0,3,73,26,102,44,8,52,154
09/27/2018,STJ,MO,ACE,CE,Federal Contract Tower,0,0,12,8,20,0,2,83,27,112,0,2,95,35,132,24,30,54,186
09/28/2018,STJ,MO,ACE,CE,Federal Contract Tower,0,0,6,2,8,0,6,128,0,134,0,6,134,2,142,30,0,30,172
09/29/2018,STJ,MO,ACE,CE,Federal Contract Tower,0,0,15,0,15,0,0,15,0,15,0,0,30,0,30,24,0,24,54
09/30/2018,STJ,MO,ACE,CE,Federal Contract Tower,0,0,2,3,5,0,0,0,0,0,0,0,2,3,5,0,0,0,5
10/01/2018,STJ,MO,ACE,CE,Federal Contract Tower,0,0,3,1,4,0,0,1,0,1,0,0,4,1,5,36,0,36,41
10/02/2018,STJ,MO,ACE,CE,Federal Contract Tower,0,0,12,15,27,0,0,13,3,16,0,0,25,18,43,6,26,32,75
10/03/2018,STJ,MO,ACE,CE,Federal Contract Tower,0,0,0,0,0,0,0,13,2,15,0,0,13,2,15,0,0,0,15
10/04/2018,STJ,MO,ACE,CE,Federal Contract Tower,0,0,5,4,9,0,0,18,4,22,0,0,23,8,31,56,8,64,95
10/05/2018,STJ,MO,ACE,CE,Federal Contract Tower,0,0,9,1,10,0,0,1,0,1,0,0,10,1,11,0,0,0,11
10/06/2018,STJ,MO,ACE,CE,Federal Contract Tower,0,0,2,0,2,0,0,0,0,0,0,0,2,0,2,0,0,0,2
10/07/2018,STJ,MO,ACE,CE,Federal Contract Tower,0,0,5,0,5,0,0,0,0,0,0,0,5,0,5,0,0,0,5
10/08/2018,STJ,MO,ACE,CE,Federal Contract Tower,0,0,2,4,6,0,2,4,0,6,0,2,6,4,12,20,0,20,32
10/09/2018,STJ,MO,ACE,CE,Federal Contract Tower,0,0,3,0,3,0,0,0,0,0,0,0,3,0,3,0,0,0,3
10/10/2018,STJ,MO,ACE,CE,Federal Contract Tower,0,0,12,11,23,0,0,4,3,7,0,0,16,14,30,0,6,6,36
10/11/2018,STJ,MO,ACE,CE,Federal Contract Tower,0,0,13,1,14,0,2,47,10,59,0,2,60,11,73,56,10,66,139
10/12/2018,STJ,MO,ACE,CE,Federal Contract Tower,0,0,6,1,7,0,0,0,0,0,0,0,6,1,7,0,0,0,7
10/13/2018,STJ,MO,ACE,CE,Federal Contract Tower,0,0,1,5,6,0,0,10,0,10,0,0,11,5,16,0,0,0,16
10/14/2018,STJ,MO,ACE,CE,Federal Contract Tower,0,0,8,4,12,0,0,0,0,0,0,0,8,4,12,0,0,0,12
10/15/2018,STJ,MO,ACE,CE,Federal Contract Tower,0,0,6,8,14,0,1,26,0,27,0,1,32,8,41,34,12,46,87
10/16/2018,STJ,MO,ACE,CE,Federal Contract Tower,0,0,5,5,10,0,1,25,1,27,0,1,30,6,37,52,16,68,105
10/17/2018,STJ,MO,ACE,CE,Federal Contract Tower,0,0,8,0,8,0,1,12,0,13,0,1,20,0,21,18,2,20,41
10/18/2018,STJ,MO,ACE,CE,Federal Contract Tower,0,0,1,0,1,0,0,28,19,47,0,0,29,19,48,50,4,54,102
10/19/2018,STJ,MO,ACE,CE,Federal Contract Tower,0,0,8,4,12,0,0,5,0,5,0,0,13,4,17,0,0,0,17
10/20/2018,STJ,MO,ACE,CE,Federal Contract Tower,0,0,11,0,11,0,0,78,0,78,0,0,89,0,89,20,0,20,109
10/21/2018,STJ,MO,ACE,CE,Federal Contract Tower,0,0,5,0,5,0,0,15,0,15,0,0,20,0,20,22,0,22,42
10/22/2018,STJ,MO,ACE,CE,Federal Contract Tower,0,0,3,0,3,0,0,26,0,26,0,0,29,0,29,18,0,18,47
10/23/2018,STJ,MO,ACE,CE,Federal Contract Tower,0,0,10,14,24,0,0,39,6,45,0,0,49,20,69,76,10,86,155
10/24/2018,STJ,MO,ACE,CE,Federal Contract Tower,0,0,11,7,18,0,0,30,10,40,0,0,41,17,58,0,38,38,96
10/25/2018,STJ,MO,ACE,CE,Federal Contract Tower,0,0,13,12,25,0,2,13,2,17,0,2,26,14,42,22,4,26,68
10/26/2018,STJ,MO,ACE,CE,Federal Contract Tower,10,0,0,10,20,0,1,10,0,11,10,1,10,10,31,0,9,9,40
10/27/2018,STJ,MO,ACE,CE,Federal Contract Tower,0,0,5,0,5,0,4,43,0,47,0,4,48,0,52,22,0,22,74
10/28/2018,STJ,MO,ACE,CE,Federal Contract Tower,0,0,6,3,9,0,0,6,0,6,0,0,12,3,15,10,0,10,25
10/29/2018,STJ,MO,ACE,CE,Federal Contract Tower,0,0,6,0,6,0,0,14,6,20,0,0,20,6,26,0,3,3,29
10/30/2018,STJ,MO,ACE,CE,Federal Contract Tower,0,0,16,2,18,0,0,1,0,1,0,0,17,2,19,8,0,8,27
10/31/2018,STJ,MO,ACE,CE,Federal Contract Tower,0,0,4,0,4,0,0,9,0,9,0,0,13,0,13,12,0,12,25
11/01/2018,STJ,MO,ACE,CE,Federal Contract Tower,0,0,7,11,18,0,3,16,27,46,0,3,23,38,64,8,97,105,169
11/02/2018,STJ,MO,ACE,CE,Federal Contract Tower,0,0,21,2,23,0,0,10,0,10,0,0,31,2,33,0,40,40,73
11/03/2018,STJ,MO,ACE,CE,Federal Contract Tower,0,0,0,4,4,0,1,18,5,24,0,1,18,9,28,2,20,22,50
11/04/2018,STJ,MO,ACE,CE,Federal Contract Tower,0,0,5,1,6,0,2,0,0,2,0,2,5,1,8,0,0,0,8
11/05/2018,STJ,MO,ACE,CE,Federal Contract Tower,0,0,6,7,13,0,1,1,0,2,0,1,7,7,15,5,0,5,20
11/06/2018,STJ,MO,ACE,CE,Federal Contract Tower,0,0,12,6,18,0,1,18,1,20,0,1,30,7,38,4,28,32,70
11/07/2018,STJ,MO,ACE,CE,Federal Contract Tower,0,0,4,11,15,0,2,23,18,43,0,2,27,29,58,14,22,36,94
11/08/2018,STJ,MO,ACE,CE,Federal Contract Tower,0,0,5,2,7,0,0,4,2,6,0,0,9,4,13,22,0,22,35
11/09/2018,STJ,MO,ACE,CE,Federal Contract Tower,0,0,10,1,11,0,0,3,0,3,0,0,13,1,14,0,0,0,14
11/10/2018,STJ,MO,ACE,CE,Federal Contract Tower,0,0,5,0,5,0,0,15,0,15,0,0,20,0,20,28,0,28,48
11/11/2018,STJ,MO,ACE,CE,Federal Contract Tower,0,0,4,0,4,0,0,0,0,0,0,0,4,0,4,0,0,0,4
11/12/2018,STJ,MO,ACE,CE,Federal Contract Tower,0,0,6,4,10,0,2,4,0,6,0,2,10,4,16,10,0,10,26
11/13/2018,STJ,MO,ACE,CE,Federal Contract Tower,0,0,13,2,15,0,2,13,0,15,0,2,26,2,30,0,0,0,30
11/14/2018,STJ,MO,ACE,CE,Federal Contract Tower,0,0,5,1,6,0,3,9,14,26,0,3,14,15,32,16,28,44,76
11/15/2018,STJ,MO,ACE,CE,Federal Contract Tower,0,0,3,8,11,0,4,21,0,25,0,4,24,8,36,16,68,84,120
11/16/2018,STJ,MO,ACE,CE,Federal Contract Tower,0,0,4,7,11,0,2,30,2,34,0,2,34,9,45,4,24,28,73
11/17/2018,STJ,MO,ACE,CE,Federal Contract Tower,0,0,0,1,1,0,0,3,0,3,0,0,3,1,4,0,0,0,4
11/18/2018,STJ,MO,ACE,CE,Federal Contract Tower,0,0,1,0,1,0,1,20,0,21,0,1,21,0,22,10,0,10,32
11/19/2018,STJ,MO,ACE,CE,Federal Contract Tower,0,0,11,3,14,0,3,3,0,6,0,3,14,3,20,0,26,26,46
11/20/2018,STJ,MO,ACE,CE,Federal Contract Tower,0,0,7,9,16,1,3,24,6,34,1,3,31,15,50,23,30,53,103
11/21/2018,STJ,MO,ACE,CE,Federal Contract Tower,0,0,6,13,19,0,1,23,6,30,0,1,29,19,49,18,22,40,89
11/22/2018,STJ,MO,ACE,CE,Federal Contract Tower,0,0,0,0,0,0,4,25,0,29,0,4,25,0,29,26,0,26,55
11/23/2018,STJ,MO,ACE,CE,Federal Contract Tower,0,0,2,0,2,0,1,2,0,3,0,1,4,0,5,0,0,0,5
11/24/2018,STJ,MO,ACE,CE,Federal Contract Tower,0,0,2,0,2,0,0,26,0,26,0,0,28,0,28,16,0,16,44
11/26/2018,STJ,MO,ACE,CE,Federal Contract Tower,0,0,4,1,5,0,1,2,1,4,0,1,6,2,9,0,0,0,9
11/27/2018,STJ,MO,ACE,CE,Federal Contract Tower,0,0,4,1,5,0,2,10,4,16,0,2,14,5,21,0,0,0,21
11/28/2018,STJ,MO,ACE,CE,Federal Contract Tower,0,0,4,3,7,0,1,8,5,14,0,1,12,8,21,10,4,14,35
11/29/2018,STJ,MO,ACE,CE,Federal Contract Tower,0,0,15,13,28,0,6,14,18,38,0,6,29,31,66,24,54,78,144
11/30/2018,STJ,MO,ACE,CE,Federal Contract Tower,0,0,4,1,5,0,0,4,0,4,0,0,8,1,9,0,0,0,9
12/01/2018,STJ,MO,ACE,CE,Federal Contract Tower,0,0,2,0,2,0,0,0,0,0,0,0,2,0,2,0,0,0,2
12/02/2018,STJ,MO,ACE,CE,Federal Contract Tower,0,0,2,3,5,0,0,0,0,0,0,0,2,3,5,0,0,0,5
12/03/2018,STJ,MO,ACE,CE,Federal Contract Tower,0,0,5,0,5,0,0,2,0,2,0,0,7,0,7,0,0,0,7
12/04/2018,STJ,MO,ACE,CE,Federal Contract Tower,0,0,9,11,20,0,0,1,1,2,0,0,10,12,22,48,10,58,80
12/05/2018,STJ,MO,ACE,CE,Federal Contract Tower,0,0,4,1,5,0,0,13,0,13,0,0,17,1,18,26,0,26,44
12/06/2018,STJ,MO,ACE,CE,Federal Contract Tower,0,0,8,1,9,0,0,7,2,9,0,0,15,3,18,22,0,22,40
12/07/2018,STJ,MO,ACE,CE,Federal Contract Tower,0,0,9,2,11,0,0,11,0,11,0,0,20,2,22,10,6,16,38
12/08/2018,STJ,MO,ACE,CE,Federal Contract Tower,0,0,11,0,11,0,12,0,2,14,0,12,11,2,25,0,2,2,27
12/09/2018,STJ,MO,ACE,CE,Federal Contract Tower,0,0,0,1,1,0,0,18,2,20,0,0,18,3,21,2,0,2,23
12/10/2018,STJ,MO,ACE,CE,Federal Contract Tower,0,0,12,4,16,0,2,15,0,17,0,2,27,4,33,16,0,16,49
12/11/2018,STJ,MO,ACE,CE,Federal Contract Tower,0,0,9,2,11,0,0,12,0,12,0,0,21,2,23,10,0,10,33
12/12/2018,STJ,MO,ACE,CE,Federal Contract Tower,0,0,2,5,7,0,2,16,16,34,0,2,18,21,41,24,6,30,71
12/13/2018,STJ,MO,ACE,CE,Federal Contract Tower,0,0,5,7,12,0,0,2,0,2,0,0,7,7,14,36,18,54,68
12/14/2018,STJ,MO,ACE,CE,Federal Contract Tower,0,0,16,0,16,0,2,29,0,31,0,2,45,0,47,18,0,18,65
12/15/2018,STJ,MO,ACE,CE,Federal Contract Tower,0,0,7,0,7,0,2,42,0,44,0,2,49,0,51,34,0,34,85
12/16/2018,STJ,MO,ACE,CE,Federal Contract Tower,0,0,2,2,4,2,0,16,0,18,2,0,18,2,22,22,0,22,44
12/17/2018,STJ,MO,ACE,CE,Federal Contract Tower,0,0,6,4,10,0,3,29,0,32,0,3,35,4,42,32,2,34,76
12/18/2018,STJ,MO,ACE,CE,Federal Contract Tower,0,0,11,0,11,0,6,10,8,24,0,6,21,8,35,32,0,32,67
12/19/2018,STJ,MO,ACE,CE,Federal Contract Tower,0,0,8,19,27,0,2,20,26,48,0,2,28,45,75,8,30,38,113
12/20/2018,STJ,MO,ACE,CE,Federal Contract Tower,0,0,9,14,23,0,2,6,16,24,0,2,15,30,47,0,34,34,81
12/21/2018,STJ,MO,ACE,CE,Federal Contract Tower,0,0,1,0,1,0,0,6,0,6,0,0,7,0,7,0,0,0,7
12/22/2018,STJ,MO,ACE,CE,Federal Contract Tower,0,0,6,0,6,0,0,15,0,15,0,0,21,0,21,42,0,42,63
12/23/2018,STJ,MO,ACE,CE,Federal Contract Tower,0,0,1,0,1,0,1,7,0,8,0,1,8,0,9,38,0,38,47
12/24/2018,STJ,MO,ACE,CE,Federal Contract Tower,0,0,1,0,1,0,0,6,0,6,0,0,7,0,7,10,0,10,17
12/25/2018,STJ,MO,ACE,CE,Federal Contract Tower,0,0,0,0,0,0,0,2,0,2,0,0,2,0,2,0,0,0,2
12/26/2018,STJ,MO,ACE,CE,Federal Contract Tower,0,0,4,4,8,0,0,0,0,0,0,0,4,4,8,0,0,0,8
12/27/2018,STJ,MO,ACE,CE,Federal Contract Tower,0,0,7,8,15,0,0,0,8,8,0,0,7,16,23,0,0,0,23
12/28/2018,STJ,MO,ACE,CE,Federal Contract Tower,0,0,0,2,2,0,1,8,0,9,0,1,8,2,11,12,0,12,23
12/29/2018,STJ,MO,ACE,CE,Federal Contract Tower,0,0,3,0,3,0,0,2,0,2,0,0,5,0,5,0,0,0,5
12/30/2018,STJ,MO,ACE,CE,Federal Contract Tower,0,0,1,0,1,0,0,9,0,9,0,0,10,0,10,6,0,6,16
12/31/2018,STJ,MO,ACE,CE,Federal Contract Tower,0,0,2,0,2,0,0,0,0,0,0,0,2,0,2,0,0,0,2
01/01/2019,STJ,MO,ACE,CE,Federal Contract Tower,0,0,0,0,0,0,0,0,0,0,0,0,0,0,0,0,0,0,0
01/02/2019,STJ,MO,ACE,CE,Federal Contract Tower,0,0,5,2,7,0,0,8,2,10,0,0,13,4,17,16,0,16,33
01/03/2019,STJ,MO,ACE,CE,Federal Contract Tower,0,0,10,4,14,0,3,47,3,53,0,3,57,7,67,0,23,23,90
01/04/2019,STJ,MO,ACE,CE,Federal Contract Tower,0,0,0,11,11,0,2,20,4,26,0,2,20,15,37,34,76,110,147
01/05/2019,STJ,MO,ACE,CE,Federal Contract Tower,0,0,6,0,6,0,2,22,0,24,0,2,28,0,30,12,0,12,42
01/06/2019,STJ,MO,ACE,CE,Federal Contract Tower,0,0,4,1,5,0,0,23,0,23,0,0,27,1,28,0,0,0,28
01/07/2019,STJ,MO,ACE,CE,Federal Contract Tower,0,0,11,0,11,0,0,6,4,10,0,0,17,4,21,0,0,0,21
01/08/2019,STJ,MO,ACE,CE,Federal Contract Tower,0,0,8,5,13,0,3,12,2,17,0,3,20,7,30,6,31,37,67
01/09/2019,STJ,MO,ACE,CE,Federal Contract Tower,0,0,10,5,15,0,2,15,7,24,0,2,25,12,39,20,14,34,73
01/10/2019,STJ,MO,ACE,CE,Federal Contract Tower,0,0,17,4,21,0,2,14,11,27,0,2,31,15,48,14,32,46,94
01/11/2019,STJ,MO,ACE,CE,Federal Contract Tower,0,0,1,4,5,0,0,1,0,1,0,0,2,4,6,1,6,7,13
01/12/2019,STJ,MO,ACE,CE,Federal Contract Tower,0,0,3,1,4,0,0,0,0,0,0,0,3,1,4,0,0,0,4
01/13/2019,STJ,MO,ACE,CE,Federal Contract Tower,0,0,0,0,0,0,0,0,0,0,0,0,0,0,0,0,0,0,0
01/14/2019,STJ,MO,ACE,CE,Federal Contract Tower,0,0,1,2,3,0,0,0,0,0,0,0,1,2,3,0,0,0,3
01/15/2019,STJ,MO,ACE,CE,Federal Contract Tower,0,0,6,0,6,0,0,0,0,0,0,0,6,0,6,0,0,0,6
01/16/2019,STJ,MO,ACE,CE,Federal Contract Tower,0,0,4,0,4,0,0,0,0,0,0,0,4,0,4,0,0,0,4
01/17/2019,STJ,MO,ACE,CE,Federal Contract Tower,0,0,5,2,7,0,0,4,0,4,0,0,9,2,11,8,0,8,19
01/18/2019,STJ,MO,ACE,CE,Federal Contract Tower,4,0,2,1,7,0,0,0,0,0,4,0,2,1,7,0,0,0,7
01/19/2019,STJ,MO,ACE,CE,Federal Contract Tower,0,0,2,0,2,0,4,0,0,4,0,4,2,0,6,0,0,0,6
01/20/2019,STJ,MO,ACE,CE,Federal Contract Tower,0,0,2,1,3,0,0,4,0,4,0,0,6,1,7,4,0,4,11
01/21/2019,STJ,MO,ACE,CE,Federal Contract Tower,0,0,7,0,7,0,0,1,0,1,0,0,8,0,8,0,0,0,8
01/22/2019,STJ,MO,ACE,CE,Federal Contract Tower,0,0,8,0,8,0,0,0,0,0,0,0,8,0,8,0,0,0,8
01/23/2019,STJ,MO,ACE,CE,Federal Contract Tower,0,0,4,11,15,0,1,10,6,17,0,1,14,17,32,4,14,18,50
01/24/2019,STJ,MO,ACE,CE,Federal Contract Tower,0,0,2,6,8,0,2,10,9,21,0,2,12,15,29,4,47,51,80
01/25/2019,STJ,MO,ACE,CE,Federal Contract Tower,0,0,4,3,7,0,0,10,3,13,0,0,14,6,20,0,0,0,20
01/26/2019,STJ,MO,ACE,CE,Federal Contract Tower,0,0,1,1,2,0,2,6,0,8,0,2,7,1,10,6,0,6,16
01/27/2019,STJ,MO,ACE,CE,Federal Contract Tower,0,0,5,0,5,0,0,5,0,5,0,0,10,0,10,0,0,0,10
01/28/2019,STJ,MO,ACE,CE,Federal Contract Tower,0,0,1,0,1,0,0,0,0,0,0,0,1,0,1,0,0,0,1
01/29/2019,STJ,MO,ACE,CE,Federal Contract Tower,0,0,1,6,7,0,2,3,0,5,0,2,4,6,12,20,10,30,42
01/30/2019,STJ,MO,ACE,CE,Federal Contract Tower,0,0,3,0,3,0,0,2,0,2,0,0,5,0,5,0,0,0,5
01/31/2019,STJ,MO,ACE,CE,Federal Contract Tower,0,0,1,0,1,0,4,10,0,14,0,4,11,0,15,28,0,28,43
02/01/2019,STJ,MO,ACE,CE,Federal Contract Tower,0,1,14,4,19,0,0,16,3,19,0,1,30,7,38,10,0,10,48
02/02/2019,STJ,MO,ACE,CE,Federal Contract Tower,0,0,3,0,3,0,0,0,0,0,0,0,3,0,3,0,0,0,3
02/03/2019,STJ,MO,ACE,CE,Federal Contract Tower,0,0,4,0,4,0,2,0,0,2,0,2,4,0,6,0,0,0,6
02/04/2019,STJ,MO,ACE,CE,Federal Contract Tower,0,0,4,10,14,0,0,0,0,0,0,0,4,10,14,0,14,14,28
02/05/2019,STJ,MO,ACE,CE,Federal Contract Tower,0,0,6,0,6,0,0,0,0,0,0,0,6,0,6,2,0,2,8
02/06/2019,STJ,MO,ACE,CE,Federal Contract Tower,0,0,2,0,2,0,0,0,0,0,0,0,2,0,2,0,0,0,2
02/07/2019,STJ,MO,ACE,CE,Federal Contract Tower,0,0,2,0,2,0,0,0,0,0,0,0,2,0,2,0,0,0,2
02/08/2019,STJ,MO,ACE,CE,Federal Contract Tower,0,0,14,8,22,0,0,7,3,10,0,0,21,11,32,6,4,10,42
02/09/2019,STJ,MO,ACE,CE,Federal Contract Tower,0,0,0,0,0,0,0,13,0,13,0,0,13,0,13,0,0,0,13
02/10/2019,STJ,MO,ACE,CE,Federal Contract Tower,0,0,1,2,3,0,2,0,0,2,0,2,1,2,5,0,0,0,5
02/11/2019,STJ,MO,ACE,CE,Federal Contract Tower,0,0,0,0,0,0,0,0,0,0,0,0,0,0,0,0,0,0,0
02/12/2019,STJ,MO,ACE,CE,Federal Contract Tower,0,0,3,12,15,0,0,0,9,9,0,0,3,21,24,0,10,10,34
02/13/2019,STJ,MO,ACE,CE,Federal Contract Tower,0,0,4,13,17,0,4,28,11,43,0,4,32,24,60,6,6,12,72
02/14/2019,STJ,MO,ACE,CE,Federal Contract Tower,0,0,10,5,15,0,0,8,0,8,0,0,18,5,23,0,0,0,23
02/15/2019,STJ,MO,ACE,CE,Federal Contract Tower,0,0,6,4,10,0,0,1,0,1,0,0,7,4,11,0,0,0,11
02/16/2019,STJ,MO,ACE,CE,Federal Contract Tower,0,0,1,0,1,0,0,0,0,0,0,0,1,0,1,0,0,0,1
02/17/2019,STJ,MO,ACE,CE,Federal Contract Tower,0,0,1,1,2,0,0,0,0,0,0,0,1,1,2,0,0,0,2
02/18/2019,STJ,MO,ACE,CE,Federal Contract Tower,0,0,2,0,2,0,3,4,0,7,0,3,6,0,9,14,0,14,23
02/19/2019,STJ,MO,ACE,CE,Federal Contract Tower,0,0,2,8,10,0,2,11,2,15,0,2,13,10,25,20,10,30,55
02/20/2019,STJ,MO,ACE,CE,Federal Contract Tower,0,0,5,5,10,0,1,4,6,11,0,1,9,11,21,0,32,32,53
02/21/2019,STJ,MO,ACE,CE,Federal Contract Tower,0,0,6,13,19,0,9,26,34,69,0,9,32,47,88,34,64,98,186
02/22/2019,STJ,MO,ACE,CE,Federal Contract Tower,0,0,7,16,23,0,0,4,6,10,0,0,11,22,33,8,94,102,135
02/23/2019,STJ,MO,ACE,CE,Federal Contract Tower,0,0,0,0,0,0,0,0,0,0,0,0,0,0,0,0,0,0,0
02/24/2019,STJ,MO,ACE,CE,Federal Contract Tower,0,0,3,1,4,0,2,3,0,5,0,2,6,1,9,10,0,10,19
02/25/2019,STJ,MO,ACE,CE,Federal Contract Tower,0,0,5,2,7,0,1,9,2,12,0,1,14,4,19,42,0,42,61
02/26/2019,STJ,MO,ACE,CE,Federal Contract Tower,0,0,10,5,15,0,6,4,0,10,0,6,14,5,25,2,0,2,27
02/27/2019,STJ,MO,ACE,CE,Federal Contract Tower,0,2,1,5,8,0,2,16,0,18,0,4,17,5,26,6,16,22,48
02/28/2019,STJ,MO,ACE,CE,Federal Contract Tower,0,0,5,0,5,0,1,21,12,34,0,1,26,12,39,30,90,120,159
03/01/2019,STJ,MO,ACE,CE,Federal Contract Tower,0,0,1,13,14,0,0,8,4,12,0,0,9,17,26,50,86,136,162
03/02/2019,STJ,MO,ACE,CE,Federal Contract Tower,0,0,1,2,3,0,0,6,6,12,0,0,7,8,15,10,0,10,25
03/03/2019,STJ,MO,ACE,CE,Federal Contract Tower,0,0,2,0,2,0,0,0,0,0,0,0,2,0,2,0,0,0,2
03/04/2019,STJ,MO,ACE,CE,Federal Contract Tower,0,0,4,5,9,0,0,17,0,17,0,0,21,5,26,8,0,8,34
03/05/2019,STJ,MO,ACE,CE,Federal Contract Tower,0,0,19,6,25,0,2,14,3,19,0,2,33,9,44,28,18,46,90
03/06/2019,STJ,MO,ACE,CE,Federal Contract Tower,0,0,4,9,13,0,0,32,38,70,0,0,36,47,83,16,42,58,141
03/07/2019,STJ,MO,ACE,CE,Federal Contract Tower,0,1,6,0,7,0,0,6,6,12,0,1,12,6,19,16,0,16,35
03/08/2019,STJ,MO,ACE,CE,Federal Contract Tower,0,0,0,0,0,0,5,0,0,5,0,5,0,0,5,0,0,0,5
03/09/2019,STJ,MO,ACE,CE,Federal Contract Tower,0,0,2,0,2,0,0,0,0,0,0,0,2,0,2,0,0,0,2
03/10/2019,STJ,MO,ACE,CE,Federal Contract Tower,0,0,2,0,2,0,0,10,0,10,0,0,12,0,12,28,0,28,40
03/11/2019,STJ,MO,ACE,CE,Federal Contract Tower,0,0,14,7,21,0,6,29,6,41,0,6,43,13,62,110,24,134,196
03/12/2019,STJ,MO,ACE,CE,Federal Contract Tower,0,0,5,1,6,0,0,3,0,3,0,0,8,1,9,24,0,24,33
03/13/2019,STJ,MO,ACE,CE,Federal Contract Tower,0,0,3,16,19,0,0,4,4,8,0,0,7,20,27,0,50,50,77
03/14/2019,STJ,MO,ACE,CE,Federal Contract Tower,0,0,8,8,16,0,0,0,0,0,0,0,8,8,16,0,0,0,16
03/15/2019,STJ,MO,ACE,CE,Federal Contract Tower,0,0,16,5,21,0,3,39,7,49,0,3,55,12,70,26,6,32,102
03/16/2019,STJ,MO,ACE,CE,Federal Contract Tower,0,0,2,0,2,0,0,43,0,43,0,0,45,0,45,18,0,18,63
03/17/2019,STJ,MO,ACE,CE,Federal Contract Tower,0,0,3,0,3,0,0,35,0,35,0,0,38,0,38,30,0,30,68
03/18/2019,STJ,MO,ACE,CE,Federal Contract Tower,0,0,11,0,11,0,0,34,2,36,0,0,45,2,47,10,0,10,57
03/19/2019,STJ,MO,ACE,CE,Federal Contract Tower,0,0,6,0,6,0,1,23,2,26,0,1,29,2,32,0,0,0,32
03/20/2019,STJ,MO,ACE,CE,Federal Contract Tower,0,0,1,0,1,0,2,22,0,24,0,2,23,0,25,0,0,0,25
03/21/2019,STJ,MO,ACE,CE,Federal Contract Tower,0,0,9,0,9,0,0,27,6,33,0,0,36,6,42,4,4,8,50
03/25/2019,STJ,MO,ACE,CE,Federal Contract Tower,0,0,1,0,1,0,0,15,0,15,0,0,16,0,16,4,0,4,20
03/26/2019,STJ,MO,ACE,CE,Federal Contract Tower,0,0,6,0,6,0,0,29,6,35,0,0,35,6,41,40,0,40,81
03/27/2019,STJ,MO,ACE,CE,Federal Contract Tower,0,0,4,2,6,0,0,14,10,24,0,0,18,12,30,0,29,29,59
03/28/2019,STJ,MO,ACE,CE,Federal Contract Tower,0,0,10,0,10,0,2,14,0,16,0,2,24,0,26,10,0,10,36
03/29/2019,STJ,MO,ACE,CE,Federal Contract Tower,0,0,3,0,3,0,0,1,0,1,0,0,4,0,4,0,0,0,4
03/30/2019,STJ,MO,ACE,CE,Federal Contract Tower,0,0,0,0,0,0,1,2,0,3,0,1,2,0,3,16,0,16,19
03/31/2019,STJ,MO,ACE,CE,Federal Contract Tower,0,0,2,0,2,0,5,38,0,43,0,5,40,0,45,34,0,34,79
04/01/2019,STJ,MO,ACE,CE,Federal Contract Tower,0,0,6,4,10,0,2,25,1,28,0,2,31,5,38,9,2,11,49
04/02/2019,STJ,MO,ACE,CE,Federal Contract Tower,0,0,7,3,10,0,0,2,20,22,0,0,9,23,32,90,0,90,122
04/03/2019,STJ,MO,ACE,CE,Federal Contract Tower,0,0,0,2,2,0,0,14,9,23,0,0,14,11,25,8,32,40,65
04/04/2019,STJ,MO,ACE,CE,Federal Contract Tower,0,0,9,9,18,0,0,2,10,12,0,0,11,19,30,0,27,27,57
04/05/2019,STJ,MO,ACE,CE,Federal Contract Tower,0,0,10,0,10,0,0,13,0,13,0,0,23,0,23,8,18,26,49
04/06/2019,STJ,MO,ACE,CE,Federal Contract Tower,0,0,6,0,6,0,1,28,1,30,0,1,34,1,36,22,45,67,103
04/07/2019,STJ,MO,ACE,CE,Federal Contract Tower,0,0,3,1,4,0,0,4,0,4,0,0,7,1,8,0,0,0,8
04/08/2019,STJ,MO,ACE,CE,Federal Contract Tower,0,0,6,4,10,0,0,26,0,26,0,0,32,4,36,0,6,6,42
04/09/2019,STJ,MO,ACE,CE,Federal Contract Tower,0,0,10,1,11,0,1,27,0,28,0,1,37,1,39,8,32,40,79
04/10/2019,STJ,MO,ACE,CE,Federal Contract Tower,0,0,6,7,13,0,2,2,16,20,0,2,8,23,33,0,46,46,79
04/11/2019,STJ,MO,ACE,CE,Federal Contract Tower,0,0,5,1,6,0,0,5,0,5,0,0,10,1,11,0,0,0,11
04/12/2019,STJ,MO,ACE,CE,Federal Contract Tower,0,0,3,4,7,0,0,7,2,9,0,0,10,6,16,0,0,0,16
04/13/2019,STJ,MO,ACE,CE,Federal Contract Tower,0,0,1,0,1,0,0,32,0,32,0,0,33,0,33,28,0,28,61
04/14/2019,STJ,MO,ACE,CE,Federal Contract Tower,0,0,2,0,2,0,0,8,0,8,0,0,10,0,10,14,0,14,24
04/15/2019,STJ,MO,ACE,CE,Federal Contract Tower,0,0,3,1,4,0,2,23,0,25,0,2,26,1,29,22,0,22,51
04/16/2019,STJ,MO,ACE,CE,Federal Contract Tower,0,0,6,8,14,0,0,10,6,16,0,0,16,14,30,10,0,10,40
04/17/2019,STJ,MO,ACE,CE,Federal Contract Tower,0,0,27,9,36,0,0,7,8,15,0,0,34,17,51,0,48,48,99
04/18/2019,STJ,MO,ACE,CE,Federal Contract Tower,0,0,11,6,17,0,0,18,27,45,0,0,29,33,62,6,84,90,152
04/19/2019,STJ,MO,ACE,CE,Federal Contract Tower,0,0,3,3,6,0,2,23,3,28,0,2,26,6,34,19,10,29,63
04/20/2019,STJ,MO,ACE,CE,Federal Contract Tower,0,0,2,0,2,0,0,39,0,39,0,0,41,0,41,33,0,33,74
04/21/2019,STJ,MO,ACE,CE,Federal Contract Tower,0,0,0,0,0,0,1,0,0,1,0,1,0,0,1,0,0,0,1
04/22/2019,STJ,MO,ACE,CE,Federal Contract Tower,0,0,3,0,3,0,0,1,13,14,0,0,4,13,17,12,0,12,29
04/23/2019,STJ,MO,ACE,CE,Federal Contract Tower,0,0,10,9,19,0,0,0,1,1,0,0,10,10,20,12,24,36,56
04/24/2019,STJ,MO,ACE,CE,Federal Contract Tower,0,0,5,17,22,0,0,10,6,16,0,0,15,23,38,24,56,80,118
04/25/2019,STJ,MO,ACE,CE,Federal Contract Tower,0,0,8,8,16,0,0,20,20,40,0,0,28,28,56,20,32,52,108
04/26/2019,STJ,MO,ACE,CE,Federal Contract Tower,0,0,2,11,13,0,1,70,2,73,0,1,72,13,86,16,0,16,102
04/27/2019,STJ,MO,ACE,CE,Federal Contract Tower,0,0,0,1,1,0,1,1,0,2,0,1,1,1,3,0,0,0,3
04/28/2019,STJ,MO,ACE,CE,Federal Contract Tower,0,0,0,1,1,0,0,8,0,8,0,0,8,1,9,0,0,0,9
04/29/2019,STJ,MO,ACE,CE,Federal Contract Tower,0,0,4,0,4,0,0,16,0,16,0,0,20,0,20,38,0,38,58
04/30/2019,STJ,MO,ACE,CE,Federal Contract Tower,0,0,6,0,6,0,0,0,0,0,0,0,6,0,6,0,0,0,6
05/01/2019,STJ,MO,ACE,CE,Federal Contract Tower,0,0,13,16,29,0,0,15,0,15,0,0,28,16,44,8,13,21,65
05/02/2019,STJ,MO,ACE,CE,Federal Contract Tower,0,0,17,15,32,0,0,50,14,64,0,0,67,29,96,30,6,36,132
05/03/2019,STJ,MO,ACE,CE,Federal Contract Tower,0,0,15,1,16,0,0,99,6,105,0,0,114,7,121,8,1,9,130
05/04/2019,STJ,MO,ACE,CE,Federal Contract Tower,0,0,4,6,10,0,0,163,6,169,0,0,167,12,179,47,26,73,252
05/05/2019,STJ,MO,ACE,CE,Federal Contract Tower,0,0,10,0,10,0,2,92,0,94,0,2,102,0,104,30,0,30,134
05/06/2019,STJ,MO,ACE,CE,Federal Contract Tower,0,0,5,5,10,0,0,27,0,27,0,0,32,5,37,50,0,50,87
05/07/2019,STJ,MO,ACE,CE,Federal Contract Tower,0,0,6,0,6,0,0,0,0,0,0,0,6,0,6,0,0,0,6
05/08/2019,STJ,MO,ACE,CE,Federal Contract Tower,0,0,12,0,12,0,2,11,0,13,0,2,23,0,25,14,0,14,39
05/09/2019,STJ,MO,ACE,CE,Federal Contract Tower,0,0,2,1,3,0,0,15,0,15,0,0,17,1,18,20,0,20,38
05/10/2019,STJ,MO,ACE,CE,Federal Contract Tower,0,0,5,1,6,0,0,30,0,30,0,0,35,1,36,34,30,64,100
05/11/2019,STJ,MO,ACE,CE,Federal Contract Tower,0,0,7,0,7,0,0,21,0,21,0,0,28,0,28,0,0,0,28
05/12/2019,STJ,MO,ACE,CE,Federal Contract Tower,0,0,1,0,1,0,0,0,0,0,0,0,1,0,1,0,0,0,1
05/13/2019,STJ,MO,ACE,CE,Federal Contract Tower,0,0,2,4,6,0,0,15,0,15,0,0,17,4,21,40,0,40,61
05/14/2019,STJ,MO,ACE,CE,Federal Contract Tower,0,0,7,4,11,0,0,15,2,17,0,0,22,6,28,42,0,42,70
05/15/2019,STJ,MO,ACE,CE,Federal Contract Tower,0,0,18,0,18,0,1,27,0,28,0,1,45,0,46,10,0,10,56
05/16/2019,STJ,MO,ACE,CE,Federal Contract Tower,0,2,17,3,22,0,0,20,5,25,0,2,37,8,47,14,2,16,63
05/17/2019,STJ,MO,ACE,CE,Federal Contract Tower,0,1,5,4,10,0,0,38,6,44,0,1,43,10,54,18,4,22,76
05/18/2019,STJ,MO,ACE,CE,Federal Contract Tower,0,0,4,0,4,0,0,14,0,14,0,0,18,0,18,28,0,28,46
05/19/2019,STJ,MO,ACE,CE,Federal Contract Tower,0,0,2,0,2,0,0,12,0,12,0,0,14,0,14,0,0,0,14
05/20/2019,STJ,MO,ACE,CE,Federal Contract Tower,0,0,7,0,7,0,0,14,0,14,0,0,21,0,21,16,0,16,37
05/21/2019,STJ,MO,ACE,CE,Federal Contract Tower,0,0,2,0,2,0,0,0,0,0,0,0,2,0,2,0,0,0,2
05/22/2019,STJ,MO,ACE,CE,Federal Contract Tower,0,0,12,5,17,0,1,35,2,38,0,1,47,7,55,34,10,44,99
05/23/2019,STJ,MO,ACE,CE,Federal Contract Tower,0,0,11,2,13,0,4,40,1,45,0,4,51,3,58,28,0,28,86
05/24/2019,STJ,MO,ACE,CE,Federal Contract Tower,0,0,2,0,2,0,0,14,0,14,0,0,16,0,16,18,0,18,34
05/25/2019,STJ,MO,ACE,CE,Federal Contract Tower,0,0,2,0,2,0,0,5,0,5,0,0,7,0,7,16,0,16,23
05/26/2019,STJ,MO,ACE,CE,Federal Contract Tower,0,0,1,0,1,0,0,21,0,21,0,0,22,0,22,14,0,14,36
05/27/2019,STJ,MO,ACE,CE,Federal Contract Tower,0,0,2,0,2,0,2,3,0,5,0,2,5,0,7,4,0,4,11
05/28/2019,STJ,MO,ACE,CE,Federal Contract Tower,0,0,4,0,4,0,0,0,0,0,0,0,4,0,4,2,0,2,6
05/29/2019,STJ,MO,ACE,CE,Federal Contract Tower,0,0,6,8,14,0,0,16,3,19,0,0,22,11,33,12,6,18,51
05/30/2019,STJ,MO,ACE,CE,Federal Contract Tower,0,0,6,3,9,0,0,60,0,60,0,0,66,3,69,30,18,48,117
05/31/2019,STJ,MO,ACE,CE,Federal Contract Tower,0,0,63,0,63,0,0,8,0,8,0,0,71,0,71,77,0,77,148
06/01/2019,STJ,MO,ACE,CE,Federal Contract Tower,0,0,26,0,26,0,0,0,0,0,0,0,26,0,26,18,0,18,44
06/02/2019,STJ,MO,ACE,CE,Federal Contract Tower,0,0,6,5,11,0,0,7,11,18,0,0,13,16,29,14,3,17,46
06/03/2019,STJ,MO,ACE,CE,Federal Contract Tower,0,0,8,0,8,0,0,5,0,5,0,0,13,0,13,60,0,60,73
06/04/2019,STJ,MO,ACE,CE,Federal Contract Tower,0,0,8,3,11,0,3,52,15,70,0,3,60,18,81,60,14,74,155
06/05/2019,STJ,MO,ACE,CE,Federal Contract Tower,0,0,9,4,13,0,0,14,9,23,0,0,23,13,36,28,84,112,148
06/06/2019,STJ,MO,ACE,CE,Federal Contract Tower,0,0,3,2,5,0,2,21,21,44,0,2,24,23,49,46,79,125,174
06/07/2019,STJ,MO,ACE,CE,Federal Contract Tower,0,0,2,1,3,0,0,25,1,26,0,0,27,2,29,14,1,15,44
06/08/2019,STJ,MO,ACE,CE,Federal Contract Tower,0,0,0,0,0,0,1,33,0,34,0,1,33,0,34,22,0,22,56
06/09/2019,STJ,MO,ACE,CE,Federal Contract Tower,0,0,5,2,7,0,0,6,0,6,0,0,11,2,13,2,0,2,15
06/10/2019,STJ,MO,ACE,CE,Federal Contract Tower,0,0,7,0,7,0,0,21,0,21,0,0,28,0,28,24,0,24,52
06/11/2019,STJ,MO,ACE,CE,Federal Contract Tower,0,0,7,5,12,0,0,19,5,24,0,0,26,10,36,32,4,36,72
06/12/2019,STJ,MO,ACE,CE,Federal Contract Tower,0,0,9,4,13,0,0,14,6,20,0,0,23,10,33,20,16,36,69
06/13/2019,STJ,MO,ACE,CE,Federal Contract Tower,0,0,14,3,17,0,0,8,20,28,0,0,22,23,45,20,90,110,155
06/14/2019,STJ,MO,ACE,CE,Federal Contract Tower,0,0,6,2,8,0,0,14,2,16,0,0,20,4,24,20,2,22,46
06/15/2019,STJ,MO,ACE,CE,Federal Contract Tower,0,0,4,0,4,0,0,40,0,40,0,0,44,0,44,2,0,2,46
06/16/2019,STJ,MO,ACE,CE,Federal Contract Tower,0,0,1,0,1,0,0,10,0,10,0,0,11,0,11,0,0,0,11
06/17/2019,STJ,MO,ACE,CE,Federal Contract Tower,0,0,7,8,15,0,0,17,0,17,0,0,24,8,32,27,4,31,63
06/18/2019,STJ,MO,ACE,CE,Federal Contract Tower,0,0,5,2,7,0,0,41,5,46,0,0,46,7,53,36,14,50,103
06/19/2019,STJ,MO,ACE,CE,Federal Contract Tower,0,0,9,18,27,0,0,12,2,14,0,0,21,20,41,36,28,64,105
06/20/2019,STJ,MO,ACE,CE,Federal Contract Tower,0,0,3,5,8,0,2,97,21,120,0,2,100,26,128,58,77,135,263
06/21/2019,STJ,MO,ACE,CE,Federal Contract Tower,0,0,3,0,3,0,0,5,0,5,0,0,8,0,8,0,12,12,20
06/22/2019,STJ,MO,ACE,CE,Federal Contract Tower,0,0,5,0,5,0,4,0,32,36,0,4,5,32,41,54,0,54,95
06/23/2019,STJ,MO,ACE,CE,Federal Contract Tower,0,0,7,1,8,0,0,4,0,4,0,0,11,1,12,2,0,2,14
06/24/2019,STJ,MO,ACE,CE,Federal Contract Tower,0,0,9,0,9,0,0,44,0,44,0,0,53,0,53,16,0,16,69
06/25/2019,STJ,MO,ACE,CE,Federal Contract Tower,0,0,14,4,18,0,0,101,7,108,0,0,115,11,126,28,18,46,172
06/26/2019,STJ,MO,ACE,CE,Federal Contract Tower,0,0,10,10,20,0,0,67,28,95,0,0,77,38,115,30,32,62,177
06/27/2019,STJ,MO,ACE,CE,Federal Contract Tower,0,0,8,14,22,0,1,35,27,63,0,1,43,41,85,18,82,100,185
06/28/2019,STJ,MO,ACE,CE,Federal Contract Tower,0,0,10,5,15,0,0,75,8,83,0,0,85,13,98,17,24,41,139
06/29/2019,STJ,MO,ACE,CE,Federal Contract Tower,0,0,3,0,3,0,2,54,0,56,0,2,57,0,59,45,0,45,104
06/30/2019,STJ,MO,ACE,CE,Federal Contract Tower,0,0,0,0,0,0,0,10,0,10,0,0,10,0,10,1,0,1,11
07/01/2019,STJ,MO,ACE,CE,Federal Contract Tower,0,0,5,0,5,0,0,7,2,9,0,0,12,2,14,42,0,42,56
07/02/2019,STJ,MO,ACE,CE,Federal Contract Tower,0,0,5,0,5,0,2,36,0,38,0,2,41,0,43,28,0,28,71
07/03/2019,STJ,MO,ACE,CE,Federal Contract Tower,0,0,2,0,2,0,0,58,0,58,0,0,60,0,60,19,0,19,79
07/04/2019,STJ,MO,ACE,CE,Federal Contract Tower,0,0,0,0,0,0,0,7,0,7,0,0,7,0,7,8,0,8,15
07/05/2019,STJ,MO,ACE,CE,Federal Contract Tower,0,0,5,11,16,0,0,1,0,1,0,0,6,11,17,0,0,0,17
07/06/2019,STJ,MO,ACE,CE,Federal Contract Tower,0,0,9,0,9,0,0,19,0,19,0,0,28,0,28,10,0,10,38
07/07/2019,STJ,MO,ACE,CE,Federal Contract Tower,0,0,5,0,5,0,6,6,0,12,0,6,11,0,17,6,0,6,23
07/08/2019,STJ,MO,ACE,CE,Federal Contract Tower,0,0,5,3,8,0,2,21,4,27,0,2,26,7,35,26,10,36,71
07/09/2019,STJ,MO,ACE,CE,Federal Contract Tower,0,0,7,1,8,0,0,14,0,14,0,0,21,1,22,16,0,16,38
07/10/2019,STJ,MO,ACE,CE,Federal Contract Tower,0,0,11,4,15,0,0,19,6,25,0,0,30,10,40,0,8,8,48
07/11/2019,STJ,MO,ACE,CE,Federal Contract Tower,0,0,6,1,7,0,0,26,3,29,0,0,32,4,36,14,4,18,54
07/12/2019,STJ,MO,ACE,CE,Federal Contract Tower,0,0,9,3,12,0,0,37,10,47,0,0,46,13,59,26,6,32,91
07/13/2019,STJ,MO,ACE,CE,Federal Contract Tower,0,0,4,0,4,0,1,62,18,81,0,1,66,18,85,8,44,52,137
07/14/2019,STJ,MO,ACE,CE,Federal Contract Tower,0,0,7,0,7,0,0,43,0,43,0,0,50,0,50,12,0,12,62
07/15/2019,STJ,MO,ACE,CE,Federal Contract Tower,0,0,1,5,6,0,1,32,0,33,0,1,33,5,39,20,8,28,67
07/16/2019,STJ,MO,ACE,CE,Federal Contract Tower,0,0,8,5,13,0,1,20,4,25,0,1,28,9,38,4,36,40,78
07/17/2019,STJ,MO,ACE,CE,Federal Contract Tower,0,0,2,4,6,0,0,32,33,65,0,0,34,37,71,2,52,54,125
07/18/2019,STJ,MO,ACE,CE,Federal Contract Tower,0,0,10,2,12,0,0,15,24,39,0,0,25,26,51,18,36,54,105
07/19/2019,STJ,MO,ACE,CE,Federal Contract Tower,0,0,9,0,9,0,1,23,0,24,0,1,32,0,33,22,0,22,55
07/20/2019,STJ,MO,ACE,CE,Federal Contract Tower,0,0,7,6,13,0,0,37,0,37,0,0,44,6,50,0,0,0,50
07/21/2019,STJ,MO,ACE,CE,Federal Contract Tower,0,0,0,0,0,0,0,19,0,19,0,0,19,0,19,8,0,8,27
07/22/2019,STJ,MO,ACE,CE,Federal Contract Tower,0,2,2,6,10,0,1,19,0,20,0,3,21,6,30,0,0,0,30
07/23/2019,STJ,MO,ACE,CE,Federal Contract Tower,0,0,3,8,11,0,2,34,1,37,0,2,37,9,48,6,22,28,76
07/24/2019,STJ,MO,ACE,CE,Federal Contract Tower,0,0,8,5,13,0,0,32,24,56,0,0,40,29,69,12,42,54,123
07/25/2019,STJ,MO,ACE,CE,Federal Contract Tower,0,0,10,12,22,5,2,18,8,33,5,2,28,20,55,24,48,72,127
07/26/2019,STJ,MO,ACE,CE,Federal Contract Tower,0,0,5,4,9,0,2,43,1,46,0,2,48,5,55,16,2,18,73
07/27/2019,STJ,MO,ACE,CE,Federal Contract Tower,0,0,11,2,13,0,0,34,0,34,0,0,45,2,47,2,0,2,49
07/28/2019,STJ,MO,ACE,CE,Federal Contract Tower,0,0,5,0,5,0,0,14,0,14,0,0,19,0,19,4,0,4,23
07/29/2019,STJ,MO,ACE,CE,Federal Contract Tower,0,0,6,0,6,0,0,9,0,9,0,0,15,0,15,0,0,0,15
07/30/2019,STJ,MO,ACE,CE,Federal Contract Tower,0,0,11,4,15,0,0,18,0,18,0,0,29,4,33,24,2,26,59
07/31/2019,STJ,MO,ACE,CE,Federal Contract Tower,0,0,19,11,30,0,0,8,2,10,0,0,27,13,40,6,46,52,92
08/01/2019,STJ,MO,ACE,CE,Federal Contract Tower,0,0,12,7,19,0,2,32,0,34,0,2,44,7,53,48,36,84,137
08/02/2019,STJ,MO,ACE,CE,Federal Contract Tower,0,0,7,2,9,0,0,13,4,17,0,0,20,6,26,48,42,90,116
08/03/2019,STJ,MO,ACE,CE,Federal Contract Tower,0,0,7,2,9,0,2,17,17,36,0,2,24,19,45,14,16,30,75
08/04/2019,STJ,MO,ACE,CE,Federal Contract Tower,0,0,15,1,16,0,0,16,1,17,0,0,31,2,33,28,0,28,61
08/05/2019,STJ,MO,ACE,CE,Federal Contract Tower,0,0,13,0,13,0,3,14,0,17,0,3,27,0,30,2,0,2,32
08/06/2019,STJ,MO,ACE,CE,Federal Contract Tower,0,0,13,8,21,0,1,20,0,21,0,1,33,8,42,38,16,54,96
08/07/2019,STJ,MO,ACE,CE,Federal Contract Tower,0,0,7,2,9,0,0,5,1,6,0,0,12,3,15,20,0,20,35
08/08/2019,STJ,MO,ACE,CE,Federal Contract Tower,0,0,12,0,12,0,1,14,2,17,0,1,26,2,29,4,0,4,33
08/09/2019,STJ,MO,ACE,CE,Federal Contract Tower,0,0,14,0,14,0,5,26,0,31,0,5,40,0,45,30,0,30,75
08/10/2019,STJ,MO,ACE,CE,Federal Contract Tower,1,0,0,0,1,0,4,13,0,17,1,4,13,0,18,8,0,8,26
08/11/2019,STJ,MO,ACE,CE,Federal Contract Tower,0,0,3,1,4,0,0,6,0,6,0,0,9,1,10,0,0,0,10
08/12/2019,STJ,MO,ACE,CE,Federal Contract Tower,0,0,1,2,3,0,0,9,0,9,0,0,10,2,12,0,0,0,12
08/13/2019,STJ,MO,ACE,CE,Federal Contract Tower,0,0,7,4,11,0,0,22,0,22,0,0,29,4,33,0,12,12,45
08/14/2019,STJ,MO,ACE,CE,Federal Contract Tower,0,0,13,11,24,0,4,31,5,40,0,4,44,16,64,40,14,54,118
08/15/2019,STJ,MO,ACE,CE,Federal Contract Tower,0,0,3,6,9,0,0,17,9,26,0,0,20,15,35,24,14,38,73
08/16/2019,STJ,MO,ACE,CE,Federal Contract Tower,0,0,11,3,14,0,3,17,14,34,0,3,28,17,48,44,57,101,149
08/17/2019,STJ,MO,ACE,CE,Federal Contract Tower,0,0,10,16,26,0,2,29,2,33,0,2,39,18,59,38,0,38,97
08/18/2019,STJ,MO,ACE,CE,Federal Contract Tower,0,0,6,0,6,0,0,9,0,9,0,0,15,0,15,30,0,30,45
08/19/2019,STJ,MO,ACE,CE,Federal Contract Tower,0,0,10,3,13,0,0,35,0,35,0,0,45,3,48,16,0,16,64
08/20/2019,STJ,MO,ACE,CE,Federal Contract Tower,0,0,13,1,14,0,0,6,0,6,0,0,19,1,20,16,0,16,36
08/21/2019,STJ,MO,ACE,CE,Federal Contract Tower,0,0,4,16,20,0,0,3,1,4,0,0,7,17,24,10,34,44,68
08/22/2019,STJ,MO,ACE,CE,Federal Contract Tower,0,0,12,11,23,0,0,16,11,27,0,0,28,22,50,18,46,64,114
08/23/2019,STJ,MO,ACE,CE,Federal Contract Tower,0,0,3,4,7,0,0,28,11,39,0,0,31,15,46,66,4,70,116
08/24/2019,STJ,MO,ACE,CE,Federal Contract Tower,0,0,3,0,3,0,1,13,0,14,0,1,16,0,17,22,0,22,39
08/25/2019,STJ,MO,ACE,CE,Federal Contract Tower,0,0,6,0,6,0,0,0,0,0,0,0,6,0,6,12,0,12,18
08/26/2019,STJ,MO,ACE,CE,Federal Contract Tower,0,0,7,0,7,0,0,3,0,3,0,0,10,0,10,0,0,0,10
08/27/2019,STJ,MO,ACE,CE,Federal Contract Tower,0,0,10,6,16,0,7,5,1,13,0,7,15,7,29,30,10,40,69
08/28/2019,STJ,MO,ACE,CE,Federal Contract Tower,0,0,10,9,19,0,0,21,2,23,0,0,31,11,42,68,115,183,225
08/29/2019,STJ,MO,ACE,CE,Federal Contract Tower,0,0,8,5,13,0,1,13,0,14,0,1,21,5,27,64,18,82,109
08/30/2019,STJ,MO,ACE,CE,Federal Contract Tower,0,0,10,0,10,0,0,29,0,29,0,0,39,0,39,60,0,60,99
08/31/2019,STJ,MO,ACE,CE,Federal Contract Tower,0,0,7,3,10,0,0,23,1,24,0,0,30,4,34,64,0,64,98
09/01/2019,STJ,MO,ACE,CE,Federal Contract Tower,0,0,1,0,1,0,0,11,0,11,0,0,12,0,12,14,0,14,26
09/02/2019,STJ,MO,ACE,CE,Federal Contract Tower,0,0,6,0,6,0,0,18,0,18,0,0,24,0,24,68,0,68,92
09/03/2019,STJ,MO,ACE,CE,Federal Contract Tower,0,0,5,7,12,0,2,8,0,10,0,2,13,7,22,24,18,42,64
09/04/2019,STJ,MO,ACE,CE,Federal Contract Tower,0,0,18,15,33,0,0,21,5,26,0,0,39,20,59,72,70,142,201
09/05/2019,STJ,MO,ACE,CE,Federal Contract Tower,0,0,13,1,14,0,0,12,10,22,0,0,25,11,36,60,54,114,150
09/06/2019,STJ,MO,ACE,CE,Federal Contract Tower,0,0,9,2,11,0,2,13,0,15,0,2,22,2,26,44,0,44,70
09/07/2019,STJ,MO,ACE,CE,Federal Contract Tower,0,0,6,1,7,0,1,28,1,30,0,1,34,2,37,30,18,48,85
09/08/2019,STJ,MO,ACE,CE,Federal Contract Tower,0,0,6,0,6,0,0,7,0,7,0,0,13,0,13,2,0,2,15
09/09/2019,STJ,MO,ACE,CE,Federal Contract Tower,0,0,4,0,4,0,0,10,0,10,0,0,14,0,14,8,0,8,22
09/10/2019,STJ,MO,ACE,CE,Federal Contract Tower,0,0,8,1,9,0,0,16,0,16,0,0,24,1,25,34,10,44,69
09/11/2019,STJ,MO,ACE,CE,Federal Contract Tower,0,0,3,3,6,0,8,33,1,42,0,8,36,4,48,20,0,20,68
09/12/2019,STJ,MO,ACE,CE,Federal Contract Tower,0,0,7,1,8,0,0,8,0,8,0,0,15,1,16,12,0,12,28
09/13/2019,STJ,MO,ACE,CE,Federal Contract Tower,0,0,9,4,13,0,6,44,0,50,0,6,53,4,63,34,0,34,97
09/14/2019,STJ,MO,ACE,CE,Federal Contract Tower,0,0,5,4,9,0,1,24,6,31,0,1,29,10,40,6,32,38,78
09/15/2019,STJ,MO,ACE,CE,Federal Contract Tower,0,0,3,0,3,0,1,13,0,14,0,1,16,0,17,14,0,14,31
09/16/2019,STJ,MO,ACE,CE,Federal Contract Tower,0,0,10,1,11,0,2,3,0,5,0,2,13,1,16,14,0,14,30
09/17/2019,STJ,MO,ACE,CE,Federal Contract Tower,0,0,7,3,10,0,0,15,0,15,0,0,22,3,25,10,0,10,35
09/18/2019,STJ,MO,ACE,CE,Federal Contract Tower,0,0,7,0,7,0,2,52,10,64,0,2,59,10,71,30,0,30,101
09/19/2019,STJ,MO,ACE,CE,Federal Contract Tower,0,0,9,10,19,0,0,17,0,17,0,0,26,10,36,22,10,32,68
09/20/2019,STJ,MO,ACE,CE,Federal Contract Tower,0,0,10,2,12,0,0,18,0,18,0,0,28,2,30,18,0,18,48
09/21/2019,STJ,MO,ACE,CE,Federal Contract Tower,0,0,1,1,2,0,2,1,0,3,0,2,2,1,5,0,0,0,5
09/22/2019,STJ,MO,ACE,CE,Federal Contract Tower,0,0,7,1,8,0,0,1,0,1,0,0,8,1,9,0,0,0,9
09/23/2019,STJ,MO,ACE,CE,Federal Contract Tower,0,0,6,4,10,0,0,30,0,30,0,0,36,4,40,14,0,14,54
09/24/2019,STJ,MO,ACE,CE,Federal Contract Tower,0,0,10,6,16,0,0,11,0,11,0,0,21,6,27,32,22,54,81
09/25/2019,STJ,MO,ACE,CE,Federal Contract Tower,0,0,3,2,5,0,2,14,2,18,0,2,17,4,23,14,14,28,51
09/26/2019,STJ,MO,ACE,CE,Federal Contract Tower,0,0,7,3,10,0,0,22,0,22,0,0,29,3,32,20,22,42,74
09/27/2019,STJ,MO,ACE,CE,Federal Contract Tower,0,0,8,4,12,0,0,16,1,17,0,0,24,5,29,2,8,10,39
09/28/2019,STJ,MO,ACE,CE,Federal Contract Tower,0,0,1,0,1,0,0,2,0,2,0,0,3,0,3,0,0,0,3
09/29/2019,STJ,MO,ACE,CE,Federal Contract Tower,0,0,8,0,8,0,4,5,0,9,0,4,13,0,17,2,0,2,19
09/30/2019,STJ,MO,ACE,CE,Federal Contract Tower,0,0,8,3,11,0,4,15,1,20,0,4,23,4,31,8,0,8,39
10/01/2019,STJ,MO,ACE,CE,Federal Contract Tower,0,0,8,1,9,0,0,8,0,8,0,0,16,1,17,12,0,12,29
10/02/2019,STJ,MO,ACE,CE,Federal Contract Tower,0,0,4,0,4,0,0,0,0,0,0,0,4,0,4,0,0,0,4
10/03/2019,STJ,MO,ACE,CE,Federal Contract Tower,0,0,20,2,22,0,2,60,4,66,0,2,80,6,88,24,68,92,180
10/04/2019,STJ,MO,ACE,CE,Federal Contract Tower,0,0,8,12,20,0,1,127,1,129,0,1,135,13,149,14,24,38,187
10/05/2019,STJ,MO,ACE,CE,Federal Contract Tower,0,0,14,13,27,0,0,64,6,70,0,0,78,19,97,2,0,2,99
10/06/2019,STJ,MO,ACE,CE,Federal Contract Tower,0,0,16,0,16,0,0,89,0,89,0,0,105,0,105,12,0,12,117
10/07/2019,STJ,MO,ACE,CE,Federal Contract Tower,0,2,20,0,22,0,0,3,3,6,0,2,23,3,28,42,0,42,70
10/08/2019,STJ,MO,ACE,CE,Federal Contract Tower,0,0,11,1,12,0,4,28,5,37,0,4,39,6,49,42,15,57,106
10/09/2019,STJ,MO,ACE,CE,Federal Contract Tower,0,0,12,4,16,0,3,8,10,21,0,3,20,14,37,0,44,44,81
10/10/2019,STJ,MO,ACE,CE,Federal Contract Tower,0,0,5,17,22,0,0,2,0,2,0,0,7,17,24,0,0,0,24
10/11/2019,STJ,MO,ACE,CE,Federal Contract Tower,0,4,14,0,18,0,0,0,0,0,0,4,14,0,18,0,0,0,18
10/12/2019,STJ,MO,ACE,CE,Federal Contract Tower,0,0,1,0,1,0,0,8,0,8,0,0,9,0,9,24,0,24,33
10/13/2019,STJ,MO,ACE,CE,Federal Contract Tower,0,0,5,0,5,0,2,15,0,17,0,2,20,0,22,12,0,12,34
10/16/2019,STJ,MO,ACE,CE,Federal Contract Tower,0,0,14,9,23,0,4,11,5,20,0,4,25,14,43,12,66,78,121
10/17/2019,STJ,MO,ACE,CE,Federal Contract Tower,0,0,6,6,12,0,3,29,16,48,0,3,35,22,60,62,54,116,176
10/18/2019,STJ,MO,ACE,CE,Federal Contract Tower,0,0,7,3,10,0,5,0,30,35,0,5,7,33,45,17,10,27,72
10/19/2019,STJ,MO,ACE,CE,Federal Contract Tower,0,0,0,0,0,0,2,16,0,18,0,2,16,0,18,36,0,36,54
10/20/2019,STJ,MO,ACE,CE,Federal Contract Tower,0,0,6,4,10,0,2,4,0,6,0,2,10,4,16,10,0,10,26
10/21/2019,STJ,MO,ACE,CE,Federal Contract Tower,0,0,2,0,2,0,0,14,1,15,0,0,16,1,17,6,0,6,23
10/22/2019,STJ,MO,ACE,CE,Federal Contract Tower,0,0,7,4,11,0,1,1,2,4,0,1,8,6,15,10,0,10,25
10/23/2019,STJ,MO,ACE,CE,Federal Contract Tower,0,0,10,3,13,0,2,54,13,69,0,2,64,16,82,14,38,52,134
10/24/2019,STJ,MO,ACE,CE,Federal Contract Tower,0,0,8,4,12,0,2,58,11,71,0,2,66,15,83,14,28,42,125
10/25/2019,STJ,MO,ACE,CE,Federal Contract Tower,0,0,9,14,23,0,2,26,10,38,0,2,35,24,61,30,8,38,99
10/26/2019,STJ,MO,ACE,CE,Federal Contract Tower,0,0,1,0,1,0,0,98,0,98,0,0,99,0,99,2,0,2,101
10/27/2019,STJ,MO,ACE,CE,Federal Contract Tower,0,0,8,0,8,0,0,8,0,8,0,0,16,0,16,0,0,0,16
10/28/2019,STJ,MO,ACE,CE,Federal Contract Tower,0,0,7,2,9,0,4,8,0,12,0,4,15,2,21,0,2,2,23
10/29/2019,STJ,MO,ACE,CE,Federal Contract Tower,0,0,5,8,13,0,0,2,2,4,0,0,7,10,17,30,12,42,59
10/30/2019,STJ,MO,ACE,CE,Federal Contract Tower,0,10,9,23,42,0,0,2,2,4,0,10,11,25,46,2,46,48,94
10/31/2019,STJ,MO,ACE,CE,Federal Contract Tower,0,1,7,5,13,0,0,4,0,4,0,1,11,5,17,30,16,46,63
11/01/2019,STJ,MO,ACE,CE,Federal Contract Tower,0,0,15,0,15,0,2,22,14,38,0,2,37,14,53,12,52,64,117
11/02/2019,STJ,MO,ACE,CE,Federal Contract Tower,0,0,6,1,7,0,2,18,22,42,0,2,24,23,49,22,32,54,103
11/03/2019,STJ,MO,ACE,CE,Federal Contract Tower,0,0,11,0,11,0,0,10,0,10,0,0,21,0,21,2,0,2,23
11/04/2019,STJ,MO,ACE,CE,Federal Contract Tower,0,0,3,4,7,0,0,17,0,17,0,0,20,4,24,30,0,30,54
11/05/2019,STJ,MO,ACE,CE,Federal Contract Tower,0,0,9,0,9,0,0,20,0,20,0,0,29,0,29,48,0,48,77
11/06/2019,STJ,MO,ACE,CE,Federal Contract Tower,0,0,7,25,32,0,0,14,20,34,0,0,21,45,66,22,80,102,168
11/07/2019,STJ,MO,ACE,CE,Federal Contract Tower,0,0,10,19,29,0,1,19,28,48,0,1,29,47,77,20,56,76,153
11/08/2019,STJ,MO,ACE,CE,Federal Contract Tower,0,0,9,0,9,0,0,16,0,16,0,0,25,0,25,20,0,20,45
11/09/2019,STJ,MO,ACE,CE,Federal Contract Tower,0,0,3,1,4,0,3,19,0,22,0,3,22,1,26,56,0,56,82
11/10/2019,STJ,MO,ACE,CE,Federal Contract Tower,0,0,6,1,7,0,0,13,0,13,0,0,19,1,20,26,0,26,46
11/11/2019,STJ,MO,ACE,CE,Federal Contract Tower,0,0,5,5,10,0,0,1,0,1,0,0,6,5,11,2,0,2,13
11/12/2019,STJ,MO,ACE,CE,Federal Contract Tower,0,0,9,7,16,0,0,21,4,25,0,0,30,11,41,0,8,8,49
11/13/2019,STJ,MO,ACE,CE,Federal Contract Tower,0,0,2,4,6,0,0,8,4,12,0,0,10,8,18,34,6,40,58
11/14/2019,STJ,MO,ACE,CE,Federal Contract Tower,0,0,16,10,26,0,0,5,14,19,0,0,21,24,45,26,48,74,119
11/15/2019,STJ,MO,ACE,CE,Federal Contract Tower,0,0,0,3,3,0,0,19,5,24,0,0,19,8,27,35,14,49,76
11/16/2019,STJ,MO,ACE,CE,Federal Contract Tower,0,0,3,3,6,0,0,10,0,10,0,0,13,3,16,14,0,14,30
11/17/2019,STJ,MO,ACE,CE,Federal Contract Tower,0,0,3,4,7,0,0,13,0,13,0,0,16,4,20,10,0,10,30
11/18/2019,STJ,MO,ACE,CE,Federal Contract Tower,0,0,1,2,3,0,0,12,9,21,0,0,13,11,24,36,0,36,60
11/19/2019,STJ,MO,ACE,CE,Federal Contract Tower,0,0,17,7,24,0,0,17,3,20,0,0,34,10,44,22,8,30,74
11/20/2019,STJ,MO,ACE,CE,Federal Contract Tower,0,0,15,11,26,0,0,5,18,23,0,0,20,29,49,10,84,94,143
11/21/2019,STJ,MO,ACE,CE,Federal Contract Tower,0,0,2,21,23,0,1,3,6,10,0,1,5,27,33,8,26,34,67
11/22/2019,STJ,MO,ACE,CE,Federal Contract Tower,0,0,7,8,15,0,6,0,4,10,0,6,7,12,25,6,12,18,43
11/23/2019,STJ,MO,ACE,CE,Federal Contract Tower,0,0,0,1,1,0,0,32,0,32,0,0,32,1,33,32,0,32,65
11/24/2019,STJ,MO,ACE,CE,Federal Contract Tower,0,0,5,0,5,0,0,16,0,16,0,0,21,0,21,14,0,14,35
11/25/2019,STJ,MO,ACE,CE,Federal Contract Tower,0,0,9,0,9,0,0,10,0,10,0,0,19,0,19,46,0,46,65
11/26/2019,STJ,MO,ACE,CE,Federal Contract Tower,0,0,8,18,26,0,2,2,0,4,0,2,10,18,30,0,0,0,30
11/27/2019,STJ,MO,ACE,CE,Federal Contract Tower,0,0,1,8,9,0,4,7,4,15,0,4,8,12,24,2,18,20,44
11/28/2019,STJ,MO,ACE,CE,Federal Contract Tower,0,0,0,0,0,0,0,0,0,0,0,0,0,0,0,0,0,0,0
11/29/2019,STJ,MO,ACE,CE,Federal Contract Tower,0,0,0,0,0,0,0,0,0,0,0,0,0,0,0,0,0,0,0
11/30/2019,STJ,MO,ACE,CE,Federal Contract Tower,0,0,4,0,4,0,0,1,0,1,0,0,5,0,5,0,0,0,5
12/01/2019,STJ,MO,ACE,CE,Federal Contract Tower,0,0,2,0,2,0,0,0,0,0,0,0,2,0,2,0,0,0,2
12/02/2019,STJ,MO,ACE,CE,Federal Contract Tower,0,0,2,9,11,0,3,22,7,32,0,3,24,16,43,62,18,80,123
12/03/2019,STJ,MO,ACE,CE,Federal Contract Tower,0,0,18,4,22,0,0,14,1,15,0,0,32,5,37,36,32,68,105
12/04/2019,STJ,MO,ACE,CE,Federal Contract Tower,0,0,7,21,28,0,2,6,12,20,0,2,13,33,48,0,80,80,128
12/05/2019,STJ,MO,ACE,CE,Federal Contract Tower,0,0,6,12,18,0,0,13,5,18,0,0,19,17,36,14,62,76,112
12/06/2019,STJ,MO,ACE,CE,Federal Contract Tower,0,0,3,1,4,0,2,8,10,20,0,2,11,11,24,6,20,26,50
12/07/2019,STJ,MO,ACE,CE,Federal Contract Tower,0,0,5,0,5,0,0,21,6,27,0,0,26,6,32,16,16,32,64
12/08/2019,STJ,MO,ACE,CE,Federal Contract Tower,0,0,2,0,2,0,0,11,0,11,0,0,13,0,13,18,0,18,31
12/09/2019,STJ,MO,ACE,CE,Federal Contract Tower,0,0,5,5,10,0,2,0,0,2,0,2,5,5,12,0,0,0,12
12/10/2019,STJ,MO,ACE,CE,Federal Contract Tower,0,1,7,0,8,0,0,6,1,7,0,1,13,1,15,4,0,4,19
12/11/2019,STJ,MO,ACE,CE,Federal Contract Tower,0,0,4,2,6,0,0,5,0,5,0,0,9,2,11,12,32,44,55
12/12/2019,STJ,MO,ACE,CE,Federal Contract Tower,0,0,7,3,10,0,2,3,31,36,0,2,10,34,46,2,28,30,76
12/13/2019,STJ,MO,ACE,CE,Federal Contract Tower,0,0,7,1,8,0,1,5,4,10,0,1,12,5,18,2,8,10,28
12/14/2019,STJ,MO,ACE,CE,Federal Contract Tower,0,0,4,0,4,0,0,14,0,14,0,0,18,0,18,10,0,10,28
12/15/2019,STJ,MO,ACE,CE,Federal Contract Tower,0,0,0,2,2,0,0,0,0,0,0,0,0,2,2,0,0,0,2
12/16/2019,STJ,MO,ACE,CE,Federal Contract Tower,0,0,4,8,12,0,0,4,0,4,0,0,8,8,16,4,0,4,20
12/17/2019,STJ,MO,ACE,CE,Federal Contract Tower,0,0,1,1,2,0,2,6,11,19,0,2,7,12,21,14,74,88,109
12/18/2019,STJ,MO,ACE,CE,Federal Contract Tower,0,0,6,18,24,0,0,9,9,18,0,0,15,27,42,42,26,68,110
12/19/2019,STJ,MO,ACE,CE,Federal Contract Tower,0,0,5,8,13,0,0,10,14,24,0,0,15,22,37,12,14,26,63
12/20/2019,STJ,MO,ACE,CE,Federal Contract Tower,0,0,3,9,12,0,0,12,0,12,0,0,15,9,24,8,10,18,42
12/21/2019,STJ,MO,ACE,CE,Federal Contract Tower,0,0,8,0,8,0,0,14,0,14,0,0,22,0,22,16,0,16,38
12/22/2019,STJ,MO,ACE,CE,Federal Contract Tower,0,0,6,0,6,0,0,5,0,5,0,0,11,0,11,8,0,8,19
12/23/2019,STJ,MO,ACE,CE,Federal Contract Tower,0,0,5,0,5,0,1,17,0,18,0,1,22,0,23,40,0,40,63
12/24/2019,STJ,MO,ACE,CE,Federal Contract Tower,0,0,5,0,5,0,3,12,0,15,0,3,17,0,20,16,0,16,36
12/25/2019,STJ,MO,ACE,CE,Federal Contract Tower,0,0,2,0,2,0,2,4,0,6,0,2,6,0,8,0,0,0,8
12/26/2019,STJ,MO,ACE,CE,Federal Contract Tower,0,0,2,0,2,0,0,2,0,2,0,0,4,0,4,0,0,0,4
12/27/2019,STJ,MO,ACE,CE,Federal Contract Tower,0,0,5,4,9,0,0,2,1,3,0,0,7,5,12,34,10,44,56
12/28/2019,STJ,MO,ACE,CE,Federal Contract Tower,0,0,1,0,1,0,0,0,0,0,0,0,1,0,1,0,0,0,1
12/29/2019,STJ,MO,ACE,CE,Federal Contract Tower,0,0,1,0,1,0,0,4,0,4,0,0,5,0,5,0,0,0,5
12/30/2019,STJ,MO,ACE,CE,Federal Contract Tower,0,0,8,1,9,0,0,4,0,4,0,0,12,1,13,8,6,14,27
12/31/2019,STJ,MO,ACE,CE,Federal Contract Tower,0,0,1,0,1,0,0,14,0,14,0,0,15,0,15,30,0,30,45
01/01/2020,STJ,MO,ACE,CE,Federal Contract Tower,0,0,2,0,2,0,0,9,0,9,0,0,11,0,11,6,0,6,17
01/02/2020,STJ,MO,ACE,CE,Federal Contract Tower,0,0,6,0,6,0,2,7,0,9,0,2,13,0,15,62,0,62,77
01/03/2020,STJ,MO,ACE,CE,Federal Contract Tower,0,0,5,4,9,0,2,4,0,6,0,2,9,4,15,21,12,33,48
01/04/2020,STJ,MO,ACE,CE,Federal Contract Tower,0,0,1,0,1,0,2,11,0,13,0,2,12,0,14,8,0,8,22
01/05/2020,STJ,MO,ACE,CE,Federal Contract Tower,0,0,2,1,3,0,0,3,0,3,0,0,5,1,6,0,0,0,6
01/06/2020,STJ,MO,ACE,CE,Federal Contract Tower,0,0,3,0,3,0,1,16,0,17,0,1,19,0,20,26,0,26,46
01/07/2020,STJ,MO,ACE,CE,Federal Contract Tower,0,0,3,11,14,0,1,9,5,15,0,1,12,16,29,12,40,52,81
01/08/2020,STJ,MO,ACE,CE,Federal Contract Tower,0,0,7,4,11,0,2,6,16,24,0,2,13,20,35,16,18,34,69
01/09/2020,STJ,MO,ACE,CE,Federal Contract Tower,0,0,4,4,8,0,0,0,4,4,0,0,4,8,12,2,60,62,74
01/10/2020,STJ,MO,ACE,CE,Federal Contract Tower,0,0,2,2,4,0,0,0,0,0,0,0,2,2,4,0,0,0,4
01/11/2020,STJ,MO,ACE,CE,Federal Contract Tower,0,0,1,0,1,0,0,0,0,0,0,0,1,0,1,0,0,0,1
01/12/2020,STJ,MO,ACE,CE,Federal Contract Tower,0,0,5,4,9,0,0,0,0,0,0,0,5,4,9,0,0,0,9
01/13/2020,STJ,MO,ACE,CE,Federal Contract Tower,0,0,8,2,10,0,0,0,0,0,0,0,8,2,10,0,0,0,10
01/14/2020,STJ,MO,ACE,CE,Federal Contract Tower,0,2,9,4,15,0,0,0,0,0,0,2,9,4,15,20,0,20,35
01/15/2020,STJ,MO,ACE,CE,Federal Contract Tower,0,0,3,2,5,0,0,4,0,4,0,0,7,2,9,0,0,0,9
01/16/2020,STJ,MO,ACE,CE,Federal Contract Tower,0,0,18,2,20,0,0,3,0,3,0,0,21,2,23,6,6,12,35
01/17/2020,STJ,MO,ACE,CE,Federal Contract Tower,0,0,2,0,2,0,0,0,0,0,0,0,2,0,2,0,0,0,2
01/18/2020,STJ,MO,ACE,CE,Federal Contract Tower,0,0,0,0,0,0,0,0,0,0,0,0,0,0,0,0,0,0,0
01/19/2020,STJ,MO,ACE,CE,Federal Contract Tower,0,0,2,0,2,0,2,2,0,4,0,2,4,0,6,0,0,0,6
01/20/2020,STJ,MO,ACE,CE,Federal Contract Tower,0,0,8,1,9,0,0,0,0,0,0,0,8,1,9,0,0,0,9
01/21/2020,STJ,MO,ACE,CE,Federal Contract Tower,0,0,1,9,10,0,2,3,0,5,0,2,4,9,15,0,12,12,27
01/22/2020,STJ,MO,ACE,CE,Federal Contract Tower,0,0,4,0,4,0,0,0,0,0,0,0,4,0,4,0,0,0,4
01/23/2020,STJ,MO,ACE,CE,Federal Contract Tower,0,0,1,0,1,0,0,0,0,0,0,0,1,0,1,0,0,0,1
01/24/2020,STJ,MO,ACE,CE,Federal Contract Tower,0,0,5,4,9,0,0,0,0,0,0,0,5,4,9,0,0,0,9
01/25/2020,STJ,MO,ACE,CE,Federal Contract Tower,0,0,0,0,0,0,0,0,0,0,0,0,0,0,0,0,0,0,0
01/26/2020,STJ,MO,ACE,CE,Federal Contract Tower,0,0,2,0,2,0,0,0,0,0,0,0,2,0,2,0,0,0,2
01/27/2020,STJ,MO,ACE,CE,Federal Contract Tower,0,0,12,2,14,0,0,3,0,3,0,0,15,2,17,16,0,16,33
01/28/2020,STJ,MO,ACE,CE,Federal Contract Tower,0,0,7,18,25,0,0,0,0,0,0,0,7,18,25,2,0,2,27
01/29/2020,STJ,MO,ACE,CE,Federal Contract Tower,0,0,10,13,23,0,1,4,0,5,0,1,14,13,28,12,44,56,84
01/30/2020,STJ,MO,ACE,CE,Federal Contract Tower,0,0,5,9,14,0,2,3,2,7,0,2,8,11,21,46,48,94,115
01/31/2020,STJ,MO,ACE,CE,Federal Contract Tower,0,0,2,9,11,0,0,1,0,1,0,0,3,9,12,0,0,0,12
02/01/2020,STJ,MO,ACE,CE,Federal Contract Tower,0,0,5,0,5,0,3,23,0,26,0,3,28,0,31,75,0,75,106
02/02/2020,STJ,MO,ACE,CE,Federal Contract Tower,0,0,4,0,4,0,0,12,0,12,0,0,16,0,16,6,0,6,22
02/03/2020,STJ,MO,ACE,CE,Federal Contract Tower,0,0,8,4,12,0,0,3,0,3,0,0,11,4,15,48,0,48,63
02/04/2020,STJ,MO,ACE,CE,Federal Contract Tower,0,0,1,4,5,0,0,2,0,2,0,0,3,4,7,12,0,12,19
02/05/2020,STJ,MO,ACE,CE,Federal Contract Tower,0,0,2,8,10,0,0,0,15,15,0,0,2,23,25,0,34,34,59
02/06/2020,STJ,MO,ACE,CE,Federal Contract Tower,0,0,2,4,6,0,0,24,30,54,0,0,26,34,60,26,103,129,189
02/07/2020,STJ,MO,ACE,CE,Federal Contract Tower,0,0,4,8,12,0,0,2,5,7,0,0,6,13,19,2,4,6,25
02/08/2020,STJ,MO,ACE,CE,Federal Contract Tower,0,0,10,0,10,0,0,16,4,20,0,0,26,4,30,26,0,26,56
02/09/2020,STJ,MO,ACE,CE,Federal Contract Tower,0,0,3,1,4,0,0,0,0,0,0,0,3,1,4,0,0,0,4
02/13/2020,STJ,MO,ACE,CE,Federal Contract Tower,0,0,2,1,3,0,0,0,0,0,0,0,2,1,3,0,0,0,3
02/14/2020,STJ,MO,ACE,CE,Federal Contract Tower,0,0,9,3,12,0,2,4,1,7,0,2,13,4,19,20,0,20,39
02/15/2020,STJ,MO,ACE,CE,Federal Contract Tower,0,0,2,0,2,0,2,5,0,7,0,2,7,0,9,28,0,28,37
02/16/2020,STJ,MO,ACE,CE,Federal Contract Tower,0,0,3,0,3,0,1,17,0,18,0,1,20,0,21,24,0,24,45
02/17/2020,STJ,MO,ACE,CE,Federal Contract Tower,0,0,5,0,5,0,0,9,0,9,0,0,14,0,14,8,0,8,22
02/18/2020,STJ,MO,ACE,CE,Federal Contract Tower,0,0,7,6,13,0,0,19,6,25,0,0,26,12,38,18,46,64,102
02/19/2020,STJ,MO,ACE,CE,Federal Contract Tower,0,0,7,15,22,0,4,11,16,31,0,4,18,31,53,0,34,34,87
02/20/2020,STJ,MO,ACE,CE,Federal Contract Tower,0,0,7,11,18,0,2,14,25,41,0,2,21,36,59,28,84,112,171
02/21/2020,STJ,MO,ACE,CE,Federal Contract Tower,0,0,12,4,16,0,0,7,0,7,0,0,19,4,23,30,0,30,53
02/22/2020,STJ,MO,ACE,CE,Federal Contract Tower,0,0,2,0,2,0,1,14,0,15,0,1,16,0,17,22,0,22,39
02/23/2020,STJ,MO,ACE,CE,Federal Contract Tower,0,0,3,1,4,0,0,19,0,19,0,0,22,1,23,18,0,18,41
02/24/2020,STJ,MO,ACE,CE,Federal Contract Tower,0,0,8,2,10,0,0,2,0,2,0,0,10,2,12,10,10,20,32
02/25/2020,STJ,MO,ACE,CE,Federal Contract Tower,0,0,6,5,11,0,0,4,3,7,0,0,10,8,18,12,26,38,56
02/26/2020,STJ,MO,ACE,CE,Federal Contract Tower,0,0,7,9,16,0,0,11,11,22,0,0,18,20,38,4,44,48,86
02/27/2020,STJ,MO,ACE,CE,Federal Contract Tower,0,0,7,3,10,0,0,19,10,29,0,0,26,13,39,44,45,89,128
02/28/2020,STJ,MO,ACE,CE,Federal Contract Tower,0,0,13,2,15,0,1,10,1,12,0,1,23,3,27,14,6,20,47
02/29/2020,STJ,MO,ACE,CE,Federal Contract Tower,0,0,2,0,2,0,6,30,0,36,0,6,32,0,38,40,0,40,78
03/01/2020,STJ,MO,ACE,CE,Federal Contract Tower,0,0,2,1,3,0,0,7,0,7,0,0,9,1,10,0,0,0,10
03/02/2020,STJ,MO,ACE,CE,Federal Contract Tower,0,2,10,8,20,0,2,13,4,19,0,4,23,12,39,28,20,48,87
03/03/2020,STJ,MO,ACE,CE,Federal Contract Tower,0,0,15,7,22,0,0,20,1,21,0,0,35,8,43,18,22,40,83
03/04/2020,STJ,MO,ACE,CE,Federal Contract Tower,0,0,8,17,25,0,1,23,15,39,0,1,31,32,64,8,28,36,100
03/05/2020,STJ,MO,ACE,CE,Federal Contract Tower,0,0,4,7,11,0,0,3,23,26,0,0,7,30,37,0,35,35,72
03/06/2020,STJ,MO,ACE,CE,Federal Contract Tower,0,0,3,5,8,0,0,18,13,31,0,0,21,18,39,44,52,96,135
03/07/2020,STJ,MO,ACE,CE,Federal Contract Tower,0,0,1,0,1,0,0,5,0,5,0,0,6,0,6,0,0,0,6
03/08/2020,STJ,MO,ACE,CE,Federal Contract Tower,0,0,1,1,2,0,0,4,0,4,0,0,5,1,6,0,0,0,6
03/09/2020,STJ,MO,ACE,CE,Federal Contract Tower,0,0,0,0,0,0,0,8,3,11,0,0,8,3,11,0,0,0,11
03/10/2020,STJ,MO,ACE,CE,Federal Contract Tower,0,0,7,14,21,0,2,16,6,24,0,2,23,20,45,60,50,110,155
03/11/2020,STJ,MO,ACE,CE,Federal Contract Tower,0,0,9,11,20,0,0,11,8,19,0,0,20,19,39,2,48,50,89
03/12/2020,STJ,MO,ACE,CE,Federal Contract Tower,0,0,3,7,10,0,2,6,24,32,0,2,9,31,42,36,112,148,190
03/13/2020,STJ,MO,ACE,CE,Federal Contract Tower,0,0,4,10,14,0,0,23,8,31,0,0,27,18,45,12,10,22,67
03/14/2020,STJ,MO,ACE,CE,Federal Contract Tower,0,0,2,0,2,0,0,0,0,0,0,0,2,0,2,0,0,0,2
03/15/2020,STJ,MO,ACE,CE,Federal Contract Tower,0,0,1,0,1,0,0,4,0,4,0,0,5,0,5,10,0,10,15
03/16/2020,STJ,MO,ACE,CE,Federal Contract Tower,0,0,5,1,6,0,0,0,0,0,0,0,5,1,6,0,0,0,6
03/17/2020,STJ,MO,ACE,CE,Federal Contract Tower,0,0,2,1,3,0,2,10,0,12,0,2,12,1,15,12,0,12,27
03/18/2020,STJ,MO,ACE,CE,Federal Contract Tower,0,0,2,12,14,0,0,0,0,0,0,0,2,12,14,0,0,0,14
03/19/2020,STJ,MO,ACE,CE,Federal Contract Tower,0,0,2,0,2,0,0,2,0,2,0,0,4,0,4,2,0,2,6
03/20/2020,STJ,MO,ACE,CE,Federal Contract Tower,0,0,5,1,6,0,0,4,0,4,0,0,9,1,10,2,0,2,12
03/21/2020,STJ,MO,ACE,CE,Federal Contract Tower,0,0,1,0,1,0,0,31,0,31,0,0,32,0,32,30,0,30,62
03/22/2020,STJ,MO,ACE,CE,Federal Contract Tower,0,0,1,0,1,0,0,0,0,0,0,0,1,0,1,0,0,0,1
03/23/2020,STJ,MO,ACE,CE,Federal Contract Tower,0,0,7,0,7,0,7,8,0,15,0,7,15,0,22,18,0,18,40
03/24/2020,STJ,MO,ACE,CE,Federal Contract Tower,0,0,0,0,0,0,0,0,0,0,0,0,0,0,0,7,0,7,7
03/25/2020,STJ,MO,ACE,CE,Federal Contract Tower,0,0,11,0,11,0,0,5,0,5,0,0,16,0,16,0,0,0,16
03/26/2020,STJ,MO,ACE,CE,Federal Contract Tower,0,0,3,6,9,0,0,7,2,9,0,0,10,8,18,0,0,0,18
03/27/2020,STJ,MO,ACE,CE,Federal Contract Tower,0,2,1,0,3,0,0,0,0,0,0,2,1,0,3,0,0,0,3
03/28/2020,STJ,MO,ACE,CE,Federal Contract Tower,0,0,2,0,2,0,0,0,0,0,0,0,2,0,2,0,0,0,2
03/29/2020,STJ,MO,ACE,CE,Federal Contract Tower,0,0,0,0,0,0,0,6,0,6,0,0,6,0,6,0,0,0,6
03/30/2020,STJ,MO,ACE,CE,Federal Contract Tower,0,0,1,0,1,0,2,24,0,26,0,2,25,0,27,28,0,28,55
03/31/2020,STJ,MO,ACE,CE,Federal Contract Tower,0,0,2,3,5,0,2,38,4,44,0,2,40,7,49,32,4,36,85
04/01/2020,STJ,MO,ACE,CE,Federal Contract Tower,0,0,7,5,12,0,1,12,2,15,0,1,19,7,27,17,4,21,48
04/02/2020,STJ,MO,ACE,CE,Federal Contract Tower,0,0,0,1,1,0,0,2,1,3,0,0,2,2,4,6,0,6,10
04/03/2020,STJ,MO,ACE,CE,Federal Contract Tower,0,0,1,2,3,0,0,1,0,1,0,0,2,2,4,0,0,0,4
04/04/2020,STJ,MO,ACE,CE,Federal Contract Tower,0,0,0,0,0,0,0,3,0,3,0,0,3,0,3,6,0,6,9
04/05/2020,STJ,MO,ACE,CE,Federal Contract Tower,0,0,0,0,0,0,0,26,0,26,0,0,26,0,26,2,0,2,28
04/06/2020,STJ,MO,ACE,CE,Federal Contract Tower,0,0,4,0,4,0,0,0,0,0,0,0,4,0,4,0,0,0,4
04/07/2020,STJ,MO,ACE,CE,Federal Contract Tower,0,0,2,0,2,0,0,12,0,12,0,0,14,0,14,2,0,2,16
04/08/2020,STJ,MO,ACE,CE,Federal Contract Tower,0,0,2,4,6,0,0,17,5,22,0,0,19,9,28,6,4,10,38
04/09/2020,STJ,MO,ACE,CE,Federal Contract Tower,0,0,0,4,4,0,0,8,2,10,0,0,8,6,14,10,2,12,26
04/10/2020,STJ,MO,ACE,CE,Federal Contract Tower,0,0,1,2,3,0,1,18,5,24,0,1,19,7,27,36,8,44,71
04/11/2020,STJ,MO,ACE,CE,Federal Contract Tower,0,0,5,0,5,0,0,2,0,2,0,0,7,0,7,0,0,0,7
04/12/2020,STJ,MO,ACE,CE,Federal Contract Tower,0,0,0,0,0,0,0,0,0,0,0,0,0,0,0,0,0,0,0
04/13/2020,STJ,MO,ACE,CE,Federal Contract Tower,0,0,1,0,1,0,0,7,0,7,0,0,8,0,8,0,0,0,8
04/14/2020,STJ,MO,ACE,CE,Federal Contract Tower,0,0,3,0,3,0,0,15,0,15,0,0,18,0,18,7,0,7,25
04/15/2020,STJ,MO,ACE,CE,Federal Contract Tower,0,0,6,4,10,0,0,30,6,36,0,0,36,10,46,14,2,16,62
04/16/2020,STJ,MO,ACE,CE,Federal Contract Tower,0,0,0,0,0,0,0,2,0,2,0,0,2,0,2,0,0,0,2
04/17/2020,STJ,MO,ACE,CE,Federal Contract Tower,0,0,2,5,7,0,0,2,9,11,0,0,4,14,18,0,22,22,40
04/18/2020,STJ,MO,ACE,CE,Federal Contract Tower,0,0,0,0,0,0,0,17,0,17,0,0,17,0,17,24,0,24,41
04/19/2020,STJ,MO,ACE,CE,Federal Contract Tower,0,0,1,0,1,0,0,9,0,9,0,0,10,0,10,6,0,6,16
04/20/2020,STJ,MO,ACE,CE,Federal Contract Tower,0,0,1,0,1,0,0,14,0,14,0,0,15,0,15,30,0,30,45
04/21/2020,STJ,MO,ACE,CE,Federal Contract Tower,0,0,4,0,4,0,2,37,0,39,0,2,41,0,43,32,0,32,75
04/22/2020,STJ,MO,ACE,CE,Federal Contract Tower,0,0,1,0,1,0,0,4,0,4,0,0,5,0,5,38,0,38,43
04/23/2020,STJ,MO,ACE,CE,Federal Contract Tower,0,0,2,14,16,0,3,5,26,34,0,3,7,40,50,26,90,116,166
04/24/2020,STJ,MO,ACE,CE,Federal Contract Tower,0,2,0,0,2,0,0,0,0,0,0,2,0,0,2,0,0,0,2
04/25/2020,STJ,MO,ACE,CE,Federal Contract Tower,0,0,2,0,2,0,0,0,0,0,0,0,2,0,2,24,0,24,26
04/26/2020,STJ,MO,ACE,CE,Federal Contract Tower,0,0,1,0,1,0,0,22,0,22,0,0,23,0,23,26,0,26,49
04/27/2020,STJ,MO,ACE,CE,Federal Contract Tower,0,0,5,0,5,0,4,7,0,11,0,4,12,0,16,2,0,2,18
04/28/2020,STJ,MO,ACE,CE,Federal Contract Tower,0,0,0,0,0,0,0,0,0,0,0,0,0,0,0,8,0,8,8
04/29/2020,STJ,MO,ACE,CE,Federal Contract Tower,0,0,2,0,2,0,0,0,0,0,0,0,2,0,2,0,0,0,2
04/30/2020,STJ,MO,ACE,CE,Federal Contract Tower,0,0,10,12,22,0,1,9,15,25,0,1,19,27,47,2,60,62,109
05/01/2020,STJ,MO,ACE,CE,Federal Contract Tower,0,0,6,0,6,0,1,7,0,8,0,1,13,0,14,6,0,6,20
05/02/2020,STJ,MO,ACE,CE,Federal Contract Tower,0,0,1,0,1,0,0,8,0,8,0,0,9,0,9,28,0,28,37
05/03/2020,STJ,MO,ACE,CE,Federal Contract Tower,0,0,3,0,3,0,0,6,0,6,0,0,9,0,9,12,0,12,21
05/04/2020,STJ,MO,ACE,CE,Federal Contract Tower,0,0,1,0,1,0,0,1,0,1,0,0,2,0,2,4,0,4,6
05/05/2020,STJ,MO,ACE,CE,Federal Contract Tower,0,0,2,0,2,0,2,5,0,7,0,2,7,0,9,6,0,6,15
05/06/2020,STJ,MO,ACE,CE,Federal Contract Tower,0,0,7,26,33,0,0,8,8,16,0,0,15,34,49,2,74,76,125
05/07/2020,STJ,MO,ACE,CE,Federal Contract Tower,0,0,4,19,23,0,1,10,9,20,0,1,14,28,43,9,40,49,92
05/08/2020,STJ,MO,ACE,CE,Federal Contract Tower,0,0,6,16,22,0,0,8,0,8,0,0,14,16,30,16,10,26,56
05/09/2020,STJ,MO,ACE,CE,Federal Contract Tower,0,0,0,0,0,0,1,18,0,19,0,1,18,0,19,22,0,22,41
05/10/2020,STJ,MO,ACE,CE,Federal Contract Tower,0,0,3,0,3,0,2,2,0,4,0,2,5,0,7,0,0,0,7
05/11/2020,STJ,MO,ACE,CE,Federal Contract Tower,0,0,10,0,10,0,1,3,0,4,0,1,13,0,14,4,0,4,18
05/12/2020,STJ,MO,ACE,CE,Federal Contract Tower,0,0,3,1,4,0,0,9,1,10,0,0,12,2,14,16,0,16,30
05/13/2020,STJ,MO,ACE,CE,Federal Contract Tower,0,0,5,53,58,0,0,0,0,0,0,0,5,53,58,0,12,12,70
05/14/2020,STJ,MO,ACE,CE,Federal Contract Tower,0,0,0,12,12,0,0,5,12,17,0,0,5,24,29,0,62,62,91
05/15/2020,STJ,MO,ACE,CE,Federal Contract Tower,0,0,9,4,13,0,0,9,1,10,0,0,18,5,23,2,2,4,27
05/16/2020,STJ,MO,ACE,CE,Federal Contract Tower,0,0,0,0,0,0,0,3,0,3,0,0,3,0,3,6,0,6,9
05/17/2020,STJ,MO,ACE,CE,Federal Contract Tower,0,0,0,0,0,0,1,9,0,10,0,1,9,0,10,2,0,2,12
05/18/2020,STJ,MO,ACE,CE,Federal Contract Tower,0,0,5,0,5,0,0,2,6,8,0,0,7,6,13,12,0,12,25
05/19/2020,STJ,MO,ACE,CE,Federal Contract Tower,0,0,13,2,15,0,0,28,0,28,0,0,41,2,43,22,0,22,65
05/20/2020,STJ,MO,ACE,CE,Federal Contract Tower,0,0,5,41,46,0,2,13,2,17,0,2,18,43,63,0,24,24,87
05/21/2020,STJ,MO,ACE,CE,Federal Contract Tower,0,0,14,20,34,0,0,5,22,27,0,0,19,42,61,6,83,89,150
05/22/2020,STJ,MO,ACE,CE,Federal Contract Tower,0,0,0,0,0,0,0,6,0,6,0,0,6,0,6,4,0,4,10
05/23/2020,STJ,MO,ACE,CE,Federal Contract Tower,0,0,1,0,1,0,2,26,0,28,0,2,27,0,29,28,0,28,57
05/24/2020,STJ,MO,ACE,CE,Federal Contract Tower,0,0,0,0,0,0,0,10,0,10,0,0,10,0,10,0,0,0,10
05/25/2020,STJ,MO,ACE,CE,Federal Contract Tower,0,0,0,0,0,0,2,1,0,3,0,2,1,0,3,0,0,0,3
05/26/2020,STJ,MO,ACE,CE,Federal Contract Tower,0,0,4,0,4,0,0,2,0,2,0,0,6,0,6,0,0,0,6
05/27/2020,STJ,MO,ACE,CE,Federal Contract Tower,0,0,4,31,35,0,0,3,8,11,0,0,7,39,46,2,58,60,106
05/28/2020,STJ,MO,ACE,CE,Federal Contract Tower,0,0,3,16,19,0,3,3,18,24,0,3,6,34,43,10,103,113,156
05/29/2020,STJ,MO,ACE,CE,Federal Contract Tower,0,0,6,1,7,0,0,46,5,51,0,0,52,6,58,26,8,34,92
05/30/2020,STJ,MO,ACE,CE,Federal Contract Tower,0,0,6,0,6,0,0,19,2,21,0,0,25,2,27,16,2,18,45
05/31/2020,STJ,MO,ACE,CE,Federal Contract Tower,0,0,0,0,0,0,0,19,2,21,0,0,19,2,21,22,0,22,43
06/01/2020,STJ,MO,ACE,CE,Federal Contract Tower,0,0,1,0,1,0,6,2,0,8,0,6,3,0,9,0,0,0,9
06/02/2020,STJ,MO,ACE,CE,Federal Contract Tower,0,0,7,0,7,0,0,8,2,10,0,0,15,2,17,15,2,17,34
06/03/2020,STJ,MO,ACE,CE,Federal Contract Tower,0,0,2,12,14,0,2,8,2,12,0,2,10,14,26,40,28,68,94
06/04/2020,STJ,MO,ACE,CE,Federal Contract Tower,0,0,8,17,25,0,0,2,6,8,0,0,10,23,33,2,18,20,53
06/05/2020,STJ,MO,ACE,CE,Federal Contract Tower,0,0,6,0,6,0,0,8,0,8,0,0,14,0,14,2,0,2,16
06/06/2020,STJ,MO,ACE,CE,Federal Contract Tower,0,0,1,1,2,0,3,7,0,10,0,3,8,1,12,22,0,22,34
06/07/2020,STJ,MO,ACE,CE,Federal Contract Tower,0,0,1,0,1,0,0,5,0,5,0,0,6,0,6,6,0,6,12
06/08/2020,STJ,MO,ACE,CE,Federal Contract Tower,0,0,6,4,10,0,6,5,0,11,0,6,11,4,21,0,2,2,23
06/09/2020,STJ,MO,ACE,CE,Federal Contract Tower,0,0,2,0,2,0,0,13,0,13,0,0,15,0,15,26,0,26,41
06/10/2020,STJ,MO,ACE,CE,Federal Contract Tower,0,0,4,7,11,0,0,5,7,12,0,0,9,14,23,2,10,12,35
06/11/2020,STJ,MO,ACE,CE,Federal Contract Tower,0,0,10,2,12,0,0,19,0,19,0,0,29,2,31,42,0,42,73
06/12/2020,STJ,MO,ACE,CE,Federal Contract Tower,0,0,7,0,7,0,2,22,4,28,0,2,29,4,35,20,0,20,55
06/13/2020,STJ,MO,ACE,CE,Federal Contract Tower,0,0,2,0,2,0,0,8,0,8,0,0,10,0,10,12,0,12,22
06/14/2020,STJ,MO,ACE,CE,Federal Contract Tower,0,0,1,0,1,0,3,17,0,20,0,3,18,0,21,20,0,20,41
06/15/2020,STJ,MO,ACE,CE,Federal Contract Tower,0,0,4,2,6,0,2,17,0,19,0,2,21,2,25,20,8,28,53
06/16/2020,STJ,MO,ACE,CE,Federal Contract Tower,0,0,8,5,13,0,2,14,4,20,0,2,22,9,33,39,4,43,76
06/17/2020,STJ,MO,ACE,CE,Federal Contract Tower,0,0,9,3,12,0,6,8,7,21,0,6,17,10,33,46,42,88,121
06/18/2020,STJ,MO,ACE,CE,Federal Contract Tower,0,0,12,7,19,0,0,16,5,21,0,0,28,12,40,37,36,73,113
06/19/2020,STJ,MO,ACE,CE,Federal Contract Tower,0,0,5,0,5,0,0,0,0,0,0,0,5,0,5,12,0,12,17
06/20/2020,STJ,MO,ACE,CE,Federal Contract Tower,0,0,2,0,2,0,0,1,0,1,0,0,3,0,3,0,0,0,3
06/21/2020,STJ,MO,ACE,CE,Federal Contract Tower,0,0,2,0,2,0,2,16,0,18,0,2,18,0,20,28,0,28,48
06/22/2020,STJ,MO,ACE,CE,Federal Contract Tower,0,0,5,0,5,0,0,5,4,9,0,0,10,4,14,0,12,12,26
06/23/2020,STJ,MO,ACE,CE,Federal Contract Tower,0,0,7,2,9,0,0,5,1,6,0,0,12,3,15,30,8,38,53
06/24/2020,STJ,MO,ACE,CE,Federal Contract Tower,0,0,14,13,27,0,0,25,1,26,0,0,39,14,53,40,2,42,95
06/25/2020,STJ,MO,ACE,CE,Federal Contract Tower,0,0,8,21,29,0,5,21,1,27,0,5,29,22,56,58,16,74,130
06/26/2020,STJ,MO,ACE,CE,Federal Contract Tower,0,0,10,0,10,0,0,124,0,124,0,0,134,0,134,48,0,48,182
06/27/2020,STJ,MO,ACE,CE,Federal Contract Tower,0,0,4,0,4,0,1,66,0,67,0,1,70,0,71,35,0,35,106
06/28/2020,STJ,MO,ACE,CE,Federal Contract Tower,0,0,4,0,4,0,2,33,0,35,0,2,37,0,39,72,0,72,111
06/29/2020,STJ,MO,ACE,CE,Federal Contract Tower,0,0,7,1,8,0,0,10,1,11,0,0,17,2,19,10,8,18,37
06/30/2020,STJ,MO,ACE,CE,Federal Contract Tower,0,0,15,16,31,0,4,51,5,60,0,4,66,21,91,8,48,56,147
07/01/2020,STJ,MO,ACE,CE,Federal Contract Tower,0,0,5,6,11,0,1,12,0,13,0,1,17,6,24,20,0,20,44
07/02/2020,STJ,MO,ACE,CE,Federal Contract Tower,0,0,10,0,10,0,4,46,0,50,0,4,56,0,60,8,0,8,68
07/03/2020,STJ,MO,ACE,CE,Federal Contract Tower,0,0,4,0,4,0,3,68,0,71,0,3,72,0,75,13,0,13,88
07/04/2020,STJ,MO,ACE,CE,Federal Contract Tower,0,0,4,0,4,0,0,21,0,21,0,0,25,0,25,0,0,0,25
07/05/2020,STJ,MO,ACE,CE,Federal Contract Tower,0,0,5,0,5,0,1,17,0,18,0,1,22,0,23,0,0,0,23
07/06/2020,STJ,MO,ACE,CE,Federal Contract Tower,0,0,1,2,3,0,1,27,0,28,0,1,28,2,31,2,0,2,33
07/07/2020,STJ,MO,ACE,CE,Federal Contract Tower,0,0,10,8,18,0,0,22,0,22,0,0,32,8,40,24,0,24,64
07/08/2020,STJ,MO,ACE,CE,Federal Contract Tower,0,0,9,5,14,0,2,19,7,28,0,2,28,12,42,10,52,62,104
07/09/2020,STJ,MO,ACE,CE,Federal Contract Tower,0,0,2,2,4,0,2,19,4,25,0,2,21,6,29,60,24,84,113
07/10/2020,STJ,MO,ACE,CE,Federal Contract Tower,0,0,3,0,3,0,0,30,0,30,0,0,33,0,33,64,0,64,97
07/11/2020,STJ,MO,ACE,CE,Federal Contract Tower,0,0,2,0,2,0,2,39,0,41,0,2,41,0,43,21,0,21,64
07/12/2020,STJ,MO,ACE,CE,Federal Contract Tower,0,0,2,0,2,0,2,46,0,48,0,2,48,0,50,12,0,12,62
07/13/2020,STJ,MO,ACE,CE,Federal Contract Tower,0,0,6,2,8,0,1,11,6,18,0,1,17,8,26,16,8,24,50
07/14/2020,STJ,MO,ACE,CE,Federal Contract Tower,0,0,11,8,19,0,0,27,0,27,0,0,38,8,46,12,0,12,58
07/15/2020,STJ,MO,ACE,CE,Federal Contract Tower,0,0,2,12,14,0,1,14,2,17,0,1,16,14,31,0,6,6,37
07/16/2020,STJ,MO,ACE,CE,Federal Contract Tower,0,0,6,15,21,0,2,39,12,53,0,2,45,27,74,20,44,64,138
07/17/2020,STJ,MO,ACE,CE,Federal Contract Tower,0,0,7,0,7,0,0,129,0,129,0,0,136,0,136,24,0,24,160
07/18/2020,STJ,MO,ACE,CE,Federal Contract Tower,0,0,4,0,4,0,3,9,0,12,0,3,13,0,16,0,0,0,16
07/19/2020,STJ,MO,ACE,CE,Federal Contract Tower,0,0,5,0,5,0,0,12,0,12,0,0,17,0,17,0,0,0,17
07/20/2020,STJ,MO,ACE,CE,Federal Contract Tower,0,0,4,22,26,0,2,6,4,12,0,2,10,26,38,4,36,40,78
07/21/2020,STJ,MO,ACE,CE,Federal Contract Tower,0,0,5,6,11,0,0,8,1,9,0,0,13,7,20,0,8,8,28
07/22/2020,STJ,MO,ACE,CE,Federal Contract Tower,0,0,2,7,9,0,4,14,19,37,0,4,16,26,46,8,36,44,90
07/23/2020,STJ,MO,ACE,CE,Federal Contract Tower,0,0,14,13,27,0,0,22,21,43,0,0,36,34,70,26,68,94,164
07/24/2020,STJ,MO,ACE,CE,Federal Contract Tower,0,0,8,0,8,0,3,22,2,27,0,3,30,2,35,4,0,4,39
07/25/2020,STJ,MO,ACE,CE,Federal Contract Tower,0,0,4,0,4,0,0,19,2,21,0,0,23,2,25,2,0,2,27
07/26/2020,STJ,MO,ACE,CE,Federal Contract Tower,0,0,5,0,5,0,0,6,0,6,0,0,11,0,11,4,0,4,15
07/27/2020,STJ,MO,ACE,CE,Federal Contract Tower,0,0,2,2,4,0,4,2,0,6,0,4,4,2,10,0,0,0,10
07/28/2020,STJ,MO,ACE,CE,Federal Contract Tower,0,0,2,0,2,0,4,9,1,14,0,4,11,1,16,52,2,54,70
07/29/2020,STJ,MO,ACE,CE,Federal Contract Tower,0,0,2,3,5,0,0,3,5,8,0,0,5,8,13,30,8,38,51
07/30/2020,STJ,MO,ACE,CE,Federal Contract Tower,0,0,5,0,5,0,0,1,0,1,0,0,6,0,6,0,0,0,6
07/31/2020,STJ,MO,ACE,CE,Federal Contract Tower,0,0,3,6,9,0,0,32,6,38,0,0,35,12,47,21,0,21,68
08/01/2020,STJ,MO,ACE,CE,Federal Contract Tower,0,0,8,0,8,0,0,2,0,2,0,0,10,0,10,44,0,44,54
08/02/2020,STJ,MO,ACE,CE,Federal Contract Tower,0,0,2,0,2,0,0,4,0,4,0,0,6,0,6,39,0,39,45
08/03/2020,STJ,MO,ACE,CE,Federal Contract Tower,0,0,4,0,4,0,1,21,0,22,0,1,25,0,26,30,0,30,56
08/04/2020,STJ,MO,ACE,CE,Federal Contract Tower,0,0,2,0,2,0,3,40,18,61,0,3,42,18,63,60,42,102,165
08/05/2020,STJ,MO,ACE,CE,Federal Contract Tower,0,0,4,3,7,0,5,23,5,33,0,5,27,8,40,18,28,46,86
08/06/2020,STJ,MO,ACE,CE,Federal Contract Tower,0,0,11,0,11,0,2,27,14,43,0,2,38,14,54,20,62,82,136
08/07/2020,STJ,MO,ACE,CE,Federal Contract Tower,0,0,6,0,6,0,0,6,0,6,0,0,12,0,12,0,0,0,12
08/08/2020,STJ,MO,ACE,CE,Federal Contract Tower,0,0,2,0,2,0,0,3,0,3,0,0,5,0,5,12,0,12,17
08/09/2020,STJ,MO,ACE,CE,Federal Contract Tower,0,0,4,0,4,0,0,4,0,4,0,0,8,0,8,0,0,0,8
08/10/2020,STJ,MO,ACE,CE,Federal Contract Tower,0,0,6,0,6,0,2,9,0,11,0,2,15,0,17,0,0,0,17
08/11/2020,STJ,MO,ACE,CE,Federal Contract Tower,0,0,9,0,9,0,1,24,0,25,0,1,33,0,34,28,0,28,62
08/12/2020,STJ,MO,ACE,CE,Federal Contract Tower,0,0,6,10,16,0,0,24,11,35,0,0,30,21,51,20,32,52,103
08/13/2020,STJ,MO,ACE,CE,Federal Contract Tower,0,0,5,6,11,0,2,17,2,21,0,2,22,8,32,12,17,29,61
08/14/2020,STJ,MO,ACE,CE,Federal Contract Tower,0,0,4,2,6,0,2,33,0,35,0,2,37,2,41,6,0,6,47
08/15/2020,STJ,MO,ACE,CE,Federal Contract Tower,0,0,6,0,6,0,0,9,0,9,0,0,15,0,15,0,0,0,15
08/16/2020,STJ,MO,ACE,CE,Federal Contract Tower,0,0,1,0,1,0,0,16,0,16,0,0,17,0,17,0,0,0,17
08/17/2020,STJ,MO,ACE,CE,Federal Contract Tower,0,0,1,3,4,0,0,25,0,25,0,0,26,3,29,4,0,4,33
08/18/2020,STJ,MO,ACE,CE,Federal Contract Tower,0,0,8,2,10,0,4,22,19,45,0,4,30,21,55,34,52,86,141
08/19/2020,STJ,MO,ACE,CE,Federal Contract Tower,0,0,7,0,7,0,6,17,34,57,0,6,24,34,64,2,26,28,92
08/20/2020,STJ,MO,ACE,CE,Federal Contract Tower,0,0,1,0,1,0,0,11,17,28,0,0,12,17,29,4,28,32,61
08/21/2020,STJ,MO,ACE,CE,Federal Contract Tower,0,0,10,6,16,0,4,23,8,35,0,4,33,14,51,18,22,40,91
08/22/2020,STJ,MO,ACE,CE,Federal Contract Tower,0,0,0,0,0,0,3,13,0,16,0,3,13,0,16,10,0,10,26
08/23/2020,STJ,MO,ACE,CE,Federal Contract Tower,0,0,10,0,10,0,0,8,0,8,0,0,18,0,18,0,0,0,18
08/24/2020,STJ,MO,ACE,CE,Federal Contract Tower,0,0,3,5,8,0,0,12,14,26,0,0,15,19,34,0,2,2,36
08/25/2020,STJ,MO,ACE,CE,Federal Contract Tower,0,0,12,0,12,0,1,18,0,19,0,1,30,0,31,12,0,12,43
08/26/2020,STJ,MO,ACE,CE,Federal Contract Tower,0,0,7,10,17,0,2,12,0,14,0,2,19,10,31,25,8,33,64
08/27/2020,STJ,MO,ACE,CE,Federal Contract Tower,0,0,2,1,3,0,0,11,0,11,0,0,13,1,14,0,0,0,14
08/28/2020,STJ,MO,ACE,CE,Federal Contract Tower,0,3,33,2,38,0,0,5,10,15,0,3,38,12,53,8,8,16,69
08/29/2020,STJ,MO,ACE,CE,Federal Contract Tower,0,0,2,6,8,0,0,2,3,5,0,0,4,9,13,62,6,68,81
08/30/2020,STJ,MO,ACE,CE,Federal Contract Tower,0,0,8,0,8,0,4,22,0,26,0,4,30,0,34,12,0,12,46
08/31/2020,STJ,MO,ACE,CE,Federal Contract Tower,0,0,1,0,1,0,0,4,18,22,0,0,5,18,23,0,16,16,39
09/01/2020,STJ,MO,ACE,CE,Federal Contract Tower,0,0,4,4,8,0,0,2,0,2,0,0,6,4,10,12,0,12,22
09/02/2020,STJ,MO,ACE,CE,Federal Contract Tower,0,0,7,5,12,0,2,32,6,40,0,2,39,11,52,0,24,24,76
09/03/2020,STJ,MO,ACE,CE,Federal Contract Tower,0,0,5,1,6,0,0,14,15,29,0,0,19,16,35,0,10,10,45
09/04/2020,STJ,MO,ACE,CE,Federal Contract Tower,0,0,6,0,6,0,0,17,0,17,0,0,23,0,23,2,0,2,25
09/05/2020,STJ,MO,ACE,CE,Federal Contract Tower,0,0,9,0,9,0,0,0,0,0,0,0,9,0,9,10,0,10,19
09/06/2020,STJ,MO,ACE,CE,Federal Contract Tower,0,0,1,0,1,0,0,3,0,3,0,0,4,0,4,0,0,0,4
09/07/2020,STJ,MO,ACE,CE,Federal Contract Tower,0,0,3,0,3,0,2,4,0,6,0,2,7,0,9,26,0,26,35
09/08/2020,STJ,MO,ACE,CE,Federal Contract Tower,0,0,10,18,28,0,0,0,0,0,0,0,10,18,28,0,0,0,28
09/09/2020,STJ,MO,ACE,CE,Federal Contract Tower,0,0,4,0,4,0,0,0,0,0,0,0,4,0,4,0,0,0,4
09/10/2020,STJ,MO,ACE,CE,Federal Contract Tower,0,0,3,5,8,0,0,2,0,2,0,0,5,5,10,0,0,0,10
09/11/2020,STJ,MO,ACE,CE,Federal Contract Tower,0,0,8,1,9,0,0,0,0,0,0,0,8,1,9,0,0,0,9
09/12/2020,STJ,MO,ACE,CE,Federal Contract Tower,0,0,0,2,2,0,0,3,3,6,0,0,3,5,8,22,22,44,52
09/13/2020,STJ,MO,ACE,CE,Federal Contract Tower,0,0,8,0,8,0,0,23,0,23,0,0,31,0,31,62,0,62,93
09/14/2020,STJ,MO,ACE,CE,Federal Contract Tower,0,0,2,2,4,0,0,58,0,58,0,0,60,2,62,6,0,6,68
09/15/2020,STJ,MO,ACE,CE,Federal Contract Tower,0,0,7,5,12,0,1,15,1,17,0,1,22,6,29,16,4,20,49
09/16/2020,STJ,MO,ACE,CE,Federal Contract Tower,0,0,1,3,4,0,0,9,11,20,0,0,10,14,24,1,16,17,41
09/17/2020,STJ,MO,ACE,CE,Federal Contract Tower,0,0,8,0,8,0,1,27,6,34,0,1,35,6,42,18,36,54,96
09/18/2020,STJ,MO,ACE,CE,Federal Contract Tower,0,0,9,0,9,0,0,12,0,12,0,0,21,0,21,2,0,2,23
09/19/2020,STJ,MO,ACE,CE,Federal Contract Tower,0,0,1,1,2,0,1,2,0,3,0,1,3,1,5,24,0,24,29
09/20/2020,STJ,MO,ACE,CE,Federal Contract Tower,0,0,4,1,5,0,3,1,0,4,0,3,5,1,9,16,0,16,25
09/21/2020,STJ,MO,ACE,CE,Federal Contract Tower,0,0,1,4,5,0,2,5,0,7,0,2,6,4,12,4,0,4,16
09/22/2020,STJ,MO,ACE,CE,Federal Contract Tower,0,0,4,10,14,0,2,28,10,40,0,2,32,20,54,32,26,58,112
09/23/2020,STJ,MO,ACE,CE,Federal Contract Tower,0,0,20,0,20,0,0,4,2,6,0,0,24,2,26,10,10,20,46
09/24/2020,STJ,MO,ACE,CE,Federal Contract Tower,0,0,15,4,19,0,0,30,12,42,0,0,45,16,61,2,50,52,113
09/25/2020,STJ,MO,ACE,CE,Federal Contract Tower,0,0,9,2,11,0,0,23,0,23,0,0,32,2,34,14,0,14,48
09/26/2020,STJ,MO,ACE,CE,Federal Contract Tower,0,0,1,2,3,0,0,4,0,4,0,0,5,2,7,2,0,2,9
09/27/2020,STJ,MO,ACE,CE,Federal Contract Tower,0,0,1,0,1,0,0,1,0,1,0,0,2,0,2,0,0,0,2
09/28/2020,STJ,MO,ACE,CE,Federal Contract Tower,0,0,9,0,9,0,0,12,0,12,0,0,21,0,21,18,0,18,39
09/29/2020,STJ,MO,ACE,CE,Federal Contract Tower,0,0,11,3,14,0,2,11,0,13,0,2,22,3,27,14,0,14,41
09/30/2020,STJ,MO,ACE,CE,Federal Contract Tower,0,0,3,4,7,0,0,5,0,5,0,0,8,4,12,6,0,6,18
10/01/2020,STJ,MO,ACE,CE,Federal Contract Tower,0,0,12,1,13,0,0,6,5,11,0,0,18,6,24,6,0,6,30
10/02/2020,STJ,MO,ACE,CE,Federal Contract Tower,0,0,7,0,7,0,1,26,3,30,0,1,33,3,37,6,50,56,93
10/03/2020,STJ,MO,ACE,CE,Federal Contract Tower,0,0,6,0,6,0,0,7,2,9,0,0,13,2,15,25,2,27,42
10/04/2020,STJ,MO,ACE,CE,Federal Contract Tower,0,0,5,16,21,0,0,8,2,10,0,0,13,18,31,36,2,38,69
10/05/2020,STJ,MO,ACE,CE,Federal Contract Tower,0,0,16,0,16,0,0,9,2,11,0,0,25,2,27,2,0,2,29
10/06/2020,STJ,MO,ACE,CE,Federal Contract Tower,0,0,11,4,15,0,0,20,0,20,0,0,31,4,35,6,0,6,41
10/07/2020,STJ,MO,ACE,CE,Federal Contract Tower,0,0,11,1,12,0,0,8,0,8,0,0,19,1,20,16,24,40,60
10/08/2020,STJ,MO,ACE,CE,Federal Contract Tower,0,0,8,14,22,0,2,76,4,82,0,2,84,18,104,16,6,22,126
10/09/2020,STJ,MO,ACE,CE,Federal Contract Tower,0,0,14,2,16,0,0,74,0,74,0,0,88,2,90,42,6,48,138
10/10/2020,STJ,MO,ACE,CE,Federal Contract Tower,0,0,3,1,4,0,0,1,0,1,0,0,4,1,5,126,0,126,131
10/11/2020,STJ,MO,ACE,CE,Federal Contract Tower,0,0,11,0,11,0,0,47,0,47,0,0,58,0,58,2,0,2,60
10/12/2020,STJ,MO,ACE,CE,Federal Contract Tower,0,0,3,0,3,0,1,15,0,16,0,1,18,0,19,0,0,0,19
10/13/2020,STJ,MO,ACE,CE,Federal Contract Tower,0,0,4,0,4,0,4,14,0,18,0,4,18,0,22,38,0,38,60
10/14/2020,STJ,MO,ACE,CE,Federal Contract Tower,0,0,7,9,16,0,1,1,2,4,0,1,8,11,20,6,34,40,60
10/15/2020,STJ,MO,ACE,CE,Federal Contract Tower,0,0,2,2,4,0,1,10,0,11,0,1,12,2,15,0,6,6,21
10/16/2020,STJ,MO,ACE,CE,Federal Contract Tower,0,0,7,0,7,0,1,18,0,19,0,1,25,0,26,4,0,4,30
10/17/2020,STJ,MO,ACE,CE,Federal Contract Tower,0,0,4,0,4,0,0,3,0,3,0,0,7,0,7,0,0,0,7
10/18/2020,STJ,MO,ACE,CE,Federal Contract Tower,0,0,3,1,4,0,0,2,0,2,0,0,5,1,6,0,0,0,6
10/19/2020,STJ,MO,ACE,CE,Federal Contract Tower,0,0,4,2,6,0,0,1,0,1,0,0,5,2,7,4,0,4,11
10/20/2020,STJ,MO,ACE,CE,Federal Contract Tower,0,0,10,5,15,0,0,0,0,0,0,0,10,5,15,0,0,0,15
10/21/2020,STJ,MO,ACE,CE,Federal Contract Tower,0,0,8,11,19,0,0,0,0,0,0,0,8,11,19,1,6,7,26
10/22/2020,STJ,MO,ACE,CE,Federal Contract Tower,0,0,7,0,7,0,0,2,0,2,0,0,9,0,9,0,0,0,9
10/23/2020,STJ,MO,ACE,CE,Federal Contract Tower,0,0,6,2,8,0,0,1,0,1,0,0,7,2,9,2,0,2,11
10/24/2020,STJ,MO,ACE,CE,Federal Contract Tower,0,0,2,0,2,0,0,7,0,7,0,0,9,0,9,44,0,44,53
10/25/2020,STJ,MO,ACE,CE,Federal Contract Tower,0,0,7,2,9,0,0,0,0,0,0,0,7,2,9,0,0,0,9
10/26/2020,STJ,MO,ACE,CE,Federal Contract Tower,0,0,2,0,2,0,0,1,0,1,0,0,3,0,3,0,0,0,3
10/27/2020,STJ,MO,ACE,CE,Federal Contract Tower,0,0,8,4,12,0,0,10,0,10,0,0,18,4,22,16,40,56,78
10/28/2020,STJ,MO,ACE,CE,Federal Contract Tower,0,0,4,2,6,0,0,7,0,7,0,0,11,2,13,56,4,60,73
10/29/2020,STJ,MO,ACE,CE,Federal Contract Tower,0,0,13,6,19,0,7,2,20,29,0,7,15,26,48,8,104,112,160
10/30/2020,STJ,MO,ACE,CE,Federal Contract Tower,0,0,10,5,15,0,0,2,1,3,0,0,12,6,18,25,0,25,43
10/31/2020,STJ,MO,ACE,CE,Federal Contract Tower,0,0,2,0,2,0,0,3,0,3,0,0,5,0,5,5,0,5,10
11/01/2020,STJ,MO,ACE,CE,Federal Contract Tower,0,0,3,0,3,0,3,6,0,9,0,3,9,0,12,10,0,10,22
11/02/2020,STJ,MO,ACE,CE,Federal Contract Tower,0,0,13,4,17,0,0,8,0,8,0,0,21,4,25,20,0,20,45
11/03/2020,STJ,MO,ACE,CE,Federal Contract Tower,0,1,3,1,5,0,1,10,0,11,0,2,13,1,16,12,0,12,28
11/04/2020,STJ,MO,ACE,CE,Federal Contract Tower,0,0,1,0,1,0,0,2,1,3,0,0,3,1,4,22,0,22,26
11/05/2020,STJ,MO,ACE,CE,Federal Contract Tower,0,0,13,7,20,0,0,3,0,3,0,0,16,7,23,34,0,34,57
11/06/2020,STJ,MO,ACE,CE,Federal Contract Tower,0,0,9,0,9,0,0,13,0,13,0,0,22,0,22,16,0,16,38
11/07/2020,STJ,MO,ACE,CE,Federal Contract Tower,0,0,7,0,7,0,0,6,0,6,0,0,13,0,13,0,0,0,13
11/08/2020,STJ,MO,ACE,CE,Federal Contract Tower,0,0,3,0,3,0,0,1,0,1,0,0,4,0,4,0,0,0,4
11/09/2020,STJ,MO,ACE,CE,Federal Contract Tower,0,0,5,2,7,0,0,0,0,0,0,0,5,2,7,0,0,0,7
11/10/2020,STJ,MO,ACE,CE,Federal Contract Tower,0,0,2,1,3,0,2,1,0,3,0,2,3,1,6,0,0,0,6
11/11/2020,STJ,MO,ACE,CE,Federal Contract Tower,0,0,6,2,8,0,0,13,4,17,0,0,19,6,25,40,4,44,69
11/12/2020,STJ,MO,ACE,CE,Federal Contract Tower,0,0,3,12,15,0,0,3,11,14,0,0,6,23,29,12,22,34,63
11/13/2020,STJ,MO,ACE,CE,Federal Contract Tower,0,0,6,0,6,0,4,11,0,15,0,4,17,0,21,22,0,22,43
11/14/2020,STJ,MO,ACE,CE,Federal Contract Tower,0,0,3,0,3,0,3,0,0,3,0,3,3,0,6,2,0,2,8
11/15/2020,STJ,MO,ACE,CE,Federal Contract Tower,0,0,6,2,8,0,0,3,0,3,0,0,9,2,11,4,0,4,15
11/16/2020,STJ,MO,ACE,CE,Federal Contract Tower,0,0,7,2,9,0,0,6,0,6,0,0,13,2,15,26,0,26,41
11/17/2020,STJ,MO,ACE,CE,Federal Contract Tower,0,0,7,0,7,0,0,9,0,9,0,0,16,0,16,24,0,24,40
11/18/2020,STJ,MO,ACE,CE,Federal Contract Tower,0,0,8,3,11,0,0,1,0,1,0,0,9,3,12,2,0,2,14
11/19/2020,STJ,MO,ACE,CE,Federal Contract Tower,0,0,12,0,12,0,1,4,0,5,0,1,16,0,17,9,2,11,28
11/20/2020,STJ,MO,ACE,CE,Federal Contract Tower,0,0,0,0,0,0,0,3,4,7,0,0,3,4,7,35,12,47,54
11/21/2020,STJ,MO,ACE,CE,Federal Contract Tower,0,0,2,1,3,0,0,1,0,1,0,0,3,1,4,23,0,23,27
11/22/2020,STJ,MO,ACE,CE,Federal Contract Tower,0,0,7,0,7,0,2,20,0,22,0,2,27,0,29,18,0,18,47
11/23/2020,STJ,MO,ACE,CE,Federal Contract Tower,0,0,6,0,6,0,0,3,0,3,0,0,9,0,9,0,0,0,9
11/24/2020,STJ,MO,ACE,CE,Federal Contract Tower,0,0,5,5,10,0,0,0,0,0,0,0,5,5,10,0,0,0,10
11/25/2020,STJ,MO,ACE,CE,Federal Contract Tower,0,0,4,7,11,0,0,1,2,3,0,0,5,9,14,0,4,4,18
11/26/2020,STJ,MO,ACE,CE,Federal Contract Tower,0,0,0,0,0,0,4,10,0,14,0,4,10,0,14,10,0,10,24
11/27/2020,STJ,MO,ACE,CE,Federal Contract Tower,0,0,3,0,3,0,0,9,0,9,0,0,12,0,12,28,0,28,40
11/28/2020,STJ,MO,ACE,CE,Federal Contract Tower,0,0,2,0,2,0,0,4,0,4,0,0,6,0,6,34,0,34,40
11/29/2020,STJ,MO,ACE,CE,Federal Contract Tower,0,0,4,0,4,0,2,1,0,3,0,2,5,0,7,3,0,3,10
11/30/2020,STJ,MO,ACE,CE,Federal Contract Tower,0,0,5,0,5,0,0,8,0,8,0,0,13,0,13,0,0,0,13
12/01/2020,STJ,MO,ACE,CE,Federal Contract Tower,0,0,3,0,3,0,0,9,0,9,0,0,12,0,12,36,16,52,64
12/02/2020,STJ,MO,ACE,CE,Federal Contract Tower,0,0,10,0,10,0,0,19,9,28,0,0,29,9,38,18,18,36,74
12/03/2020,STJ,MO,ACE,CE,Federal Contract Tower,0,0,6,1,7,0,0,14,0,14,0,0,20,1,21,25,0,25,46
12/04/2020,STJ,MO,ACE,CE,Federal Contract Tower,0,0,7,1,8,0,1,13,0,14,0,1,20,1,22,14,0,14,36
12/05/2020,STJ,MO,ACE,CE,Federal Contract Tower,0,0,0,6,6,0,0,7,7,14,0,0,7,13,20,10,20,30,50
12/06/2020,STJ,MO,ACE,CE,Federal Contract Tower,0,0,3,3,6,0,3,19,6,28,0,3,22,9,34,0,18,18,52
12/07/2020,STJ,MO,ACE,CE,Federal Contract Tower,0,0,2,4,6,0,0,8,0,8,0,0,10,4,14,8,0,8,22
12/08/2020,STJ,MO,ACE,CE,Federal Contract Tower,0,0,5,3,8,0,0,11,4,15,0,0,16,7,23,10,20,30,53
12/09/2020,STJ,MO,ACE,CE,Federal Contract Tower,0,0,6,8,14,0,0,21,18,39,0,0,27,26,53,28,22,50,103
12/10/2020,STJ,MO,ACE,CE,Federal Contract Tower,0,0,8,0,8,0,0,13,21,34,0,0,21,21,42,24,12,36,78
12/11/2020,STJ,MO,ACE,CE,Federal Contract Tower,0,0,1,9,10,0,0,0,0,0,0,0,1,9,10,0,0,0,10
12/12/2020,STJ,MO,ACE,CE,Federal Contract Tower,0,0,1,0,1,0,0,0,0,0,0,0,1,0,1,0,0,0,1
12/13/2020,STJ,MO,ACE,CE,Federal Contract Tower,0,0,3,1,4,0,0,18,0,18,0,0,21,1,22,6,0,6,28
12/14/2020,STJ,MO,ACE,CE,Federal Contract Tower,0,0,2,2,4,0,1,4,0,5,0,1,6,2,9,14,0,14,23
12/15/2020,STJ,MO,ACE,CE,Federal Contract Tower,0,0,8,0,8,0,0,4,0,4,0,0,12,0,12,10,2,12,24
12/16/2020,STJ,MO,ACE,CE,Federal Contract Tower,0,0,2,1,3,0,0,0,0,0,0,0,2,1,3,0,0,0,3
12/17/2020,STJ,MO,ACE,CE,Federal Contract Tower,0,0,10,1,11,0,2,13,6,21,0,2,23,7,32,4,36,40,72
12/18/2020,STJ,MO,ACE,CE,Federal Contract Tower,0,0,8,8,16,0,0,4,0,4,0,0,12,8,20,0,12,12,32
12/19/2020,STJ,MO,ACE,CE,Federal Contract Tower,0,0,1,0,1,0,0,1,0,1,0,0,2,0,2,8,12,20,22
12/20/2020,STJ,MO,ACE,CE,Federal Contract Tower,0,0,2,0,2,0,2,18,0,20,0,2,20,0,22,8,0,8,30
12/21/2020,STJ,MO,ACE,CE,Federal Contract Tower,0,0,1,0,1,0,0,3,0,3,0,0,4,0,4,1,0,1,5
12/22/2020,STJ,MO,ACE,CE,Federal Contract Tower,0,0,17,0,17,0,3,18,4,25,0,3,35,4,42,8,0,8,50
12/23/2020,STJ,MO,ACE,CE,Federal Contract Tower,0,0,2,0,2,0,0,1,0,1,0,0,3,0,3,0,0,0,3
12/24/2020,STJ,MO,ACE,CE,Federal Contract Tower,0,0,0,0,0,0,0,2,0,2,0,0,2,0,2,0,0,0,2
12/25/2020,STJ,MO,ACE,CE,Federal Contract Tower,0,0,0,0,0,0,0,6,0,6,0,0,6,0,6,6,0,6,12
12/26/2020,STJ,MO,ACE,CE,Federal Contract Tower,0,0,6,0,6,0,0,6,0,6,0,0,12,0,12,20,0,20,32
12/27/2020,STJ,MO,ACE,CE,Federal Contract Tower,0,0,2,0,2,0,1,4,0,5,0,1,6,0,7,0,0,0,7
12/28/2020,STJ,MO,ACE,CE,Federal Contract Tower,0,0,5,0,5,0,3,12,0,15,0,3,17,0,20,28,0,28,48
12/29/2020,STJ,MO,ACE,CE,Federal Contract Tower,0,0,2,0,2,0,0,0,0,0,0,0,2,0,2,0,0,0,2
12/30/2020,STJ,MO,ACE,CE,Federal Contract Tower,0,0,5,0,5,0,0,2,14,16,0,0,7,14,21,0,26,26,47
12/31/2020,STJ,MO,ACE,CE,Federal Contract Tower,0,0,3,0,3,0,0,1,0,1,0,0,4,0,4,0,0,0,4
01/01/2021,STJ,MO,ACE,CE,Federal Contract Tower,0,0,0,0,0,0,0,0,0,0,0,0,0,0,0,0,0,0,0
01/02/2021,STJ,MO,ACE,CE,Federal Contract Tower,0,0,4,0,4,0,0,1,0,1,0,0,5,0,5,0,0,0,5
01/03/2021,STJ,MO,ACE,CE,Federal Contract Tower,0,0,2,0,2,0,0,0,0,0,0,0,2,0,2,0,0,0,2
01/04/2021,STJ,MO,ACE,CE,Federal Contract Tower,0,0,2,0,2,0,0,7,0,7,0,0,9,0,9,4,0,4,13
01/05/2021,STJ,MO,ACE,CE,Federal Contract Tower,0,0,4,0,4,0,0,8,0,8,0,0,12,0,12,36,0,36,48
01/06/2021,STJ,MO,ACE,CE,Federal Contract Tower,0,0,1,0,1,0,0,2,0,2,0,0,3,0,3,0,0,0,3
01/07/2021,STJ,MO,ACE,CE,Federal Contract Tower,0,0,3,0,3,0,0,2,0,2,0,0,5,0,5,0,0,0,5
01/08/2021,STJ,MO,ACE,CE,Federal Contract Tower,0,0,4,0,4,0,1,5,0,6,0,1,9,0,10,0,0,0,10
01/09/2021,STJ,MO,ACE,CE,Federal Contract Tower,0,0,0,9,9,0,0,2,8,10,0,0,2,17,19,26,26,52,71
01/10/2021,STJ,MO,ACE,CE,Federal Contract Tower,0,1,3,17,21,0,0,0,1,1,0,1,3,18,22,0,6,6,28
01/11/2021,STJ,MO,ACE,CE,Federal Contract Tower,0,0,7,3,10,0,1,10,0,11,0,1,17,3,21,16,20,36,57
01/12/2021,STJ,MO,ACE,CE,Federal Contract Tower,0,0,7,1,8,0,0,10,20,30,0,0,17,21,38,24,28,52,90
01/13/2021,STJ,MO,ACE,CE,Federal Contract Tower,0,0,8,0,8,0,0,4,2,6,0,0,12,2,14,36,12,48,62
01/14/2021,STJ,MO,ACE,CE,Federal Contract Tower,0,0,2,4,6,0,0,0,4,4,0,0,2,8,10,0,8,8,18
01/15/2021,STJ,MO,ACE,CE,Federal Contract Tower,0,0,0,0,0,0,0,0,0,0,0,0,0,0,0,0,0,0,0
01/16/2021,STJ,MO,ACE,CE,Federal Contract Tower,0,0,2,3,5,0,1,5,0,6,0,1,7,3,11,16,0,16,27
01/17/2021,STJ,MO,ACE,CE,Federal Contract Tower,0,0,1,0,1,0,2,6,0,8,0,2,7,0,9,0,0,0,9
01/18/2021,STJ,MO,ACE,CE,Federal Contract Tower,0,0,4,8,12,0,0,12,0,12,0,0,16,8,24,30,6,36,60
01/19/2021,STJ,MO,ACE,CE,Federal Contract Tower,0,0,10,13,23,0,1,9,6,16,0,1,19,19,39,6,62,68,107
01/20/2021,STJ,MO,ACE,CE,Federal Contract Tower,0,0,7,14,21,0,0,8,1,9,0,0,15,15,30,8,44,52,82
01/21/2021,STJ,MO,ACE,CE,Federal Contract Tower,0,0,6,14,20,0,2,23,14,39,0,2,29,28,59,10,54,64,123
01/22/2021,STJ,MO,ACE,CE,Federal Contract Tower,0,0,4,1,5,0,2,18,3,23,0,2,22,4,28,26,0,26,54
01/23/2021,STJ,MO,ACE,CE,Federal Contract Tower,0,0,1,0,1,0,1,6,0,7,0,1,7,0,8,74,0,74,82
01/24/2021,STJ,MO,ACE,CE,Federal Contract Tower,0,0,2,6,8,0,0,0,0,0,0,0,2,6,8,0,0,0,8
01/25/2021,STJ,MO,ACE,CE,Federal Contract Tower,0,0,0,2,2,0,0,0,0,0,0,0,0,2,2,0,0,0,2
01/26/2021,STJ,MO,ACE,CE,Federal Contract Tower,0,0,9,0,9,0,0,2,0,2,0,0,11,0,11,0,0,0,11
01/27/2021,STJ,MO,ACE,CE,Federal Contract Tower,0,0,4,5,9,0,0,0,4,4,0,0,4,9,13,0,38,38,51
01/28/2021,STJ,MO,ACE,CE,Federal Contract Tower,0,0,3,16,19,0,0,3,14,17,0,0,6,30,36,0,47,47,83
01/29/2021,STJ,MO,ACE,CE,Federal Contract Tower,0,0,3,4,7,0,0,2,0,2,0,0,5,4,9,44,0,44,53
01/30/2021,STJ,MO,ACE,CE,Federal Contract Tower,0,0,2,0,2,0,0,2,0,2,0,0,4,0,4,22,0,22,26
01/31/2021,STJ,MO,ACE,CE,Federal Contract Tower,0,0,1,0,1,0,0,0,0,0,0,0,1,0,1,0,0,0,1
02/01/2021,STJ,MO,ACE,CE,Federal Contract Tower,0,0,3,0,3,0,0,2,0,2,0,0,5,0,5,42,0,42,47
02/02/2021,STJ,MO,ACE,CE,Federal Contract Tower,0,0,11,0,11,0,0,1,0,1,0,0,12,0,12,15,0,15,27
02/03/2021,STJ,MO,ACE,CE,Federal Contract Tower,0,0,8,1,9,0,0,13,7,20,0,0,21,8,29,35,30,65,94
02/04/2021,STJ,MO,ACE,CE,Federal Contract Tower,0,0,9,1,10,0,1,0,4,5,0,1,9,5,15,0,22,22,37
02/05/2021,STJ,MO,ACE,CE,Federal Contract Tower,0,0,8,5,13,0,0,9,9,18,0,0,17,14,31,2,12,14,45
02/06/2021,STJ,MO,ACE,CE,Federal Contract Tower,0,0,3,0,3,0,0,0,0,0,0,0,3,0,3,0,0,0,3
02/07/2021,STJ,MO,ACE,CE,Federal Contract Tower,0,0,1,1,2,0,0,0,0,0,0,0,1,1,2,0,0,0,2
02/08/2021,STJ,MO,ACE,CE,Federal Contract Tower,2,0,7,0,9,0,0,0,0,0,2,0,7,0,9,4,0,4,13
02/09/2021,STJ,MO,ACE,CE,Federal Contract Tower,0,0,4,0,4,0,1,6,0,7,0,1,10,0,11,24,0,24,35
02/10/2021,STJ,MO,ACE,CE,Federal Contract Tower,0,0,8,14,22,0,0,0,8,8,0,0,8,22,30,0,30,30,60
02/11/2021,STJ,MO,ACE,CE,Federal Contract Tower,0,0,6,7,13,0,0,4,4,8,0,0,10,11,21,12,68,80,101
02/12/2021,STJ,MO,ACE,CE,Federal Contract Tower,0,0,3,0,3,0,3,7,3,13,0,3,10,3,16,0,2,2,18
02/13/2021,STJ,MO,ACE,CE,Federal Contract Tower,0,0,2,1,3,0,0,0,0,0,0,0,2,1,3,12,0,12,15
02/14/2021,STJ,MO,ACE,CE,Federal Contract Tower,0,0,1,0,1,0,0,0,0,0,0,0,1,0,1,0,0,0,1
02/15/2021,STJ,MO,ACE,CE,Federal Contract Tower,0,0,2,0,2,0,0,0,0,0,0,0,2,0,2,0,0,0,2
02/16/2021,STJ,MO,ACE,CE,Federal Contract Tower,0,0,9,1,10,0,1,0,0,1,0,1,9,1,11,0,0,0,11
02/17/2021,STJ,MO,ACE,CE,Federal Contract Tower,0,0,0,1,1,0,0,2,0,2,0,0,2,1,3,0,0,0,3
02/18/2021,STJ,MO,ACE,CE,Federal Contract Tower,0,0,4,3,7,0,0,4,10,14,0,0,8,13,21,2,20,22,43
02/19/2021,STJ,MO,ACE,CE,Federal Contract Tower,0,0,1,2,3,0,2,13,0,15,0,2,14,2,18,16,0,16,34
02/20/2021,STJ,MO,ACE,CE,Federal Contract Tower,0,0,3,0,3,0,1,2,0,3,0,1,5,0,6,36,0,36,42
02/21/2021,STJ,MO,ACE,CE,Federal Contract Tower,0,0,4,0,4,0,0,0,0,0,0,0,4,0,4,2,0,2,6
02/22/2021,STJ,MO,ACE,CE,Federal Contract Tower,0,0,11,0,11,0,0,4,8,12,0,0,15,8,23,0,0,0,23
02/23/2021,STJ,MO,ACE,CE,Federal Contract Tower,0,0,10,1,11,0,0,23,8,31,0,0,33,9,42,46,16,62,104
02/24/2021,STJ,MO,ACE,CE,Federal Contract Tower,0,0,3,2,5,0,1,1,4,6,0,1,4,6,11,7,23,30,41
02/25/2021,STJ,MO,ACE,CE,Federal Contract Tower,0,0,9,12,21,0,0,8,3,11,0,0,17,15,32,30,34,64,96
02/26/2021,STJ,MO,ACE,CE,Federal Contract Tower,0,0,2,3,5,0,1,8,4,13,0,1,10,7,18,18,108,126,144
02/27/2021,STJ,MO,ACE,CE,Federal Contract Tower,0,0,5,0,5,0,0,0,0,0,0,0,5,0,5,9,0,9,14
02/28/2021,STJ,MO,ACE,CE,Federal Contract Tower,0,0,1,1,2,0,2,1,0,3,0,2,2,1,5,12,0,12,17
03/01/2021,STJ,MO,ACE,CE,Federal Contract Tower,0,0,6,7,13,0,1,14,0,15,0,1,20,7,28,28,0,28,56
03/02/2021,STJ,MO,ACE,CE,Federal Contract Tower,0,0,7,0,7,0,0,13,10,23,0,0,20,10,30,30,38,68,98
03/03/2021,STJ,MO,ACE,CE,Federal Contract Tower,0,0,10,6,16,0,2,14,8,24,0,2,24,14,40,7,102,109,149
03/04/2021,STJ,MO,ACE,CE,Federal Contract Tower,0,0,7,2,9,0,3,13,9,25,0,3,20,11,34,66,16,82,116
03/05/2021,STJ,MO,ACE,CE,Federal Contract Tower,0,0,4,10,14,0,3,23,10,36,0,3,27,20,50,10,16,26,76
03/06/2021,STJ,MO,ACE,CE,Federal Contract Tower,0,0,7,4,11,0,3,17,14,34,0,3,24,18,45,34,30,64,109
03/07/2021,STJ,MO,ACE,CE,Federal Contract Tower,0,0,1,0,1,0,2,9,0,11,0,2,10,0,12,0,0,0,12
03/08/2021,STJ,MO,ACE,CE,Federal Contract Tower,0,0,6,3,9,0,0,14,0,14,0,0,20,3,23,12,0,12,35
03/09/2021,STJ,MO,ACE,CE,Federal Contract Tower,0,0,10,8,18,0,4,4,0,8,0,4,14,8,26,6,30,36,62
03/10/2021,STJ,MO,ACE,CE,Federal Contract Tower,0,0,2,5,7,0,0,1,24,25,0,0,3,29,32,0,30,30,62
03/11/2021,STJ,MO,ACE,CE,Federal Contract Tower,0,0,5,3,8,0,4,9,16,29,0,4,14,19,37,32,34,66,103
03/12/2021,STJ,MO,ACE,CE,Federal Contract Tower,0,0,9,9,18,0,0,3,7,10,0,0,12,16,28,1,32,33,61
03/13/2021,STJ,MO,ACE,CE,Federal Contract Tower,0,0,2,0,2,0,0,0,0,0,0,0,2,0,2,12,0,12,14
03/14/2021,STJ,MO,ACE,CE,Federal Contract Tower,0,0,0,0,0,0,0,0,0,0,0,0,0,0,0,0,0,0,0
03/15/2021,STJ,MO,ACE,CE,Federal Contract Tower,0,0,10,5,15,0,0,2,0,2,0,0,12,5,17,0,0,0,17
03/16/2021,STJ,MO,ACE,CE,Federal Contract Tower,0,0,3,34,37,0,0,4,0,4,0,0,7,34,41,0,2,2,43
03/17/2021,STJ,MO,ACE,CE,Federal Contract Tower,0,0,4,9,13,0,0,0,4,4,0,0,4,13,17,0,0,0,17
03/18/2021,STJ,MO,ACE,CE,Federal Contract Tower,0,0,3,2,5,0,0,0,6,6,0,0,3,8,11,0,40,40,51
03/19/2021,STJ,MO,ACE,CE,Federal Contract Tower,0,0,9,4,13,0,1,12,0,13,0,1,21,4,26,42,0,42,68
03/20/2021,STJ,MO,ACE,CE,Federal Contract Tower,0,0,1,0,1,0,2,24,0,26,0,2,25,0,27,66,0,66,93
03/21/2021,STJ,MO,ACE,CE,Federal Contract Tower,0,0,4,2,6,0,0,4,4,8,0,0,8,6,14,4,0,4,18
03/22/2021,STJ,MO,ACE,CE,Federal Contract Tower,0,0,10,1,11,0,1,12,0,13,0,1,22,1,24,34,0,34,58
03/23/2021,STJ,MO,ACE,CE,Federal Contract Tower,0,0,6,4,10,0,3,2,0,5,0,3,8,4,15,0,0,0,15
03/24/2021,STJ,MO,ACE,CE,Federal Contract Tower,0,0,22,19,41,0,0,7,4,11,0,0,29,23,52,12,40,52,104
03/25/2021,STJ,MO,ACE,CE,Federal Contract Tower,0,0,8,4,12,0,0,3,4,7,0,0,11,8,19,0,24,24,43
03/26/2021,STJ,MO,ACE,CE,Federal Contract Tower,0,0,8,0,8,0,0,24,0,24,0,0,32,0,32,0,0,0,32
03/27/2021,STJ,MO,ACE,CE,Federal Contract Tower,0,0,1,2,3,0,0,4,0,4,0,0,5,2,7,0,0,0,7
03/28/2021,STJ,MO,ACE,CE,Federal Contract Tower,0,0,5,0,5,0,0,11,0,11,0,0,16,0,16,20,0,20,36
03/29/2021,STJ,MO,ACE,CE,Federal Contract Tower,0,0,3,1,4,0,0,8,0,8,0,0,11,1,12,0,0,0,12
03/30/2021,STJ,MO,ACE,CE,Federal Contract Tower,0,0,14,12,26,0,0,16,2,18,0,0,30,14,44,0,36,36,80
03/31/2021,STJ,MO,ACE,CE,Federal Contract Tower,0,0,2,12,14,0,0,9,8,17,0,0,11,20,31,22,28,50,81
04/01/2021,STJ,MO,ACE,CE,Federal Contract Tower,0,0,2,4,6,0,4,32,6,42,0,4,34,10,48,86,34,120,168
04/02/2021,STJ,MO,ACE,CE,Federal Contract Tower,0,0,7,1,8,0,2,1,7,10,0,2,8,8,18,0,0,0,18
04/03/2021,STJ,MO,ACE,CE,Federal Contract Tower,0,0,1,2,3,0,0,3,0,3,0,0,4,2,6,10,2,12,18
04/04/2021,STJ,MO,ACE,CE,Federal Contract Tower,0,0,18,0,18,0,0,1,0,1,0,0,19,0,19,12,0,12,31
04/05/2021,STJ,MO,ACE,CE,Federal Contract Tower,0,0,4,7,11,0,8,22,0,30,0,8,26,7,41,6,0,6,47
04/06/2021,STJ,MO,ACE,CE,Federal Contract Tower,0,0,2,6,8,0,1,2,7,10,0,1,4,13,18,2,32,34,52
04/07/2021,STJ,MO,ACE,CE,Federal Contract Tower,0,0,6,0,6,0,0,0,0,0,0,0,6,0,6,1,0,1,7
04/08/2021,STJ,MO,ACE,CE,Federal Contract Tower,0,0,13,14,27,0,0,0,4,4,0,0,13,18,31,0,28,28,59
04/09/2021,STJ,MO,ACE,CE,Federal Contract Tower,0,0,3,0,3,0,0,16,1,17,0,0,19,1,20,32,9,41,61
04/10/2021,STJ,MO,ACE,CE,Federal Contract Tower,0,0,1,7,8,0,0,5,9,14,0,0,6,16,22,14,0,14,36
04/11/2021,STJ,MO,ACE,CE,Federal Contract Tower,0,1,38,6,45,0,0,4,0,4,0,1,42,6,49,12,0,12,61
04/12/2021,STJ,MO,ACE,CE,Federal Contract Tower,0,0,4,3,7,0,1,8,0,9,0,1,12,3,16,4,0,4,20
04/13/2021,STJ,MO,ACE,CE,Federal Contract Tower,0,0,21,12,33,0,1,10,5,16,0,1,31,17,49,14,16,30,79
04/14/2021,STJ,MO,ACE,CE,Federal Contract Tower,0,0,2,1,3,0,4,14,12,30,0,4,16,13,33,9,68,77,110
04/15/2021,STJ,MO,ACE,CE,Federal Contract Tower,0,0,5,11,16,0,3,24,4,31,0,3,29,15,47,44,4,48,95
04/16/2021,STJ,MO,ACE,CE,Federal Contract Tower,0,0,5,5,10,0,0,5,0,5,0,0,10,5,15,18,0,18,33
04/17/2021,STJ,MO,ACE,CE,Federal Contract Tower,0,0,6,0,6,0,0,5,0,5,0,0,11,0,11,10,0,10,21
04/18/2021,STJ,MO,ACE,CE,Federal Contract Tower,0,4,13,0,17,0,0,1,1,2,0,4,14,1,19,12,0,12,31
04/19/2021,STJ,MO,ACE,CE,Federal Contract Tower,0,0,11,2,13,0,0,7,3,10,0,0,18,5,23,6,14,20,43
04/20/2021,STJ,MO,ACE,CE,Federal Contract Tower,0,0,4,5,9,0,0,4,1,5,0,0,8,6,14,0,0,0,14
04/21/2021,STJ,MO,ACE,CE,Federal Contract Tower,0,0,14,4,18,0,0,15,6,21,0,0,29,10,39,16,0,16,55
04/22/2021,STJ,MO,ACE,CE,Federal Contract Tower,0,0,10,0,10,0,0,88,0,88,0,0,98,0,98,18,0,18,116
04/23/2021,STJ,MO,ACE,CE,Federal Contract Tower,0,0,7,0,7,0,0,81,1,82,0,0,88,1,89,8,0,8,97
04/24/2021,STJ,MO,ACE,CE,Federal Contract Tower,0,0,4,2,6,0,0,132,0,132,0,0,136,2,138,54,0,54,192
04/25/2021,STJ,MO,ACE,CE,Federal Contract Tower,0,0,9,2,11,0,0,72,0,72,0,0,81,2,83,4,0,4,87
04/26/2021,STJ,MO,ACE,CE,Federal Contract Tower,0,0,0,0,0,0,0,4,0,4,0,0,4,0,4,0,0,0,4
04/27/2021,STJ,MO,ACE,CE,Federal Contract Tower,0,0,5,5,10,0,0,5,0,5,0,0,10,5,15,0,0,0,15
04/28/2021,STJ,MO,ACE,CE,Federal Contract Tower,0,0,13,28,41,0,0,0,4,4,0,0,13,32,45,0,20,20,65
04/29/2021,STJ,MO,ACE,CE,Federal Contract Tower,0,1,4,3,8,0,1,29,3,33,0,2,33,6,41,20,10,30,71
04/30/2021,STJ,MO,ACE,CE,Federal Contract Tower,0,0,6,5,11,0,0,40,1,41,0,0,46,6,52,12,6,18,70
05/01/2021,STJ,MO,ACE,CE,Federal Contract Tower,0,0,7,4,11,0,0,59,4,63,0,0,66,8,74,62,10,72,146
05/02/2021,STJ,MO,ACE,CE,Federal Contract Tower,0,0,9,0,9,0,0,49,6,55,0,0,58,6,64,124,0,124,188
05/03/2021,STJ,MO,ACE,CE,Federal Contract Tower,0,0,5,16,21,0,1,15,0,16,0,1,20,16,37,12,0,12,49
05/04/2021,STJ,MO,ACE,CE,Federal Contract Tower,0,0,4,7,11,0,1,14,8,23,0,1,18,15,34,2,16,18,52
05/05/2021,STJ,MO,ACE,CE,Federal Contract Tower,0,0,3,10,13,0,3,23,7,33,0,3,26,17,46,34,74,108,154
05/06/2021,STJ,MO,ACE,CE,Federal Contract Tower,0,0,15,7,22,0,2,14,17,33,0,2,29,24,55,8,72,80,135
05/07/2021,STJ,MO,ACE,CE,Federal Contract Tower,0,0,3,2,5,0,0,12,0,12,0,0,15,2,17,17,12,29,46
05/08/2021,STJ,MO,ACE,CE,Federal Contract Tower,0,0,5,0,5,0,0,16,2,18,0,0,21,2,23,12,0,12,35
05/09/2021,STJ,MO,ACE,CE,Federal Contract Tower,0,0,3,0,3,0,0,1,0,1,0,0,4,0,4,0,0,0,4
05/10/2021,STJ,MO,ACE,CE,Federal Contract Tower,0,0,4,3,7,0,0,8,0,8,0,0,12,3,15,34,2,36,51
05/11/2021,STJ,MO,ACE,CE,Federal Contract Tower,0,0,6,9,15,0,2,2,1,5,0,2,8,10,20,25,10,35,55
05/12/2021,STJ,MO,ACE,CE,Federal Contract Tower,0,0,7,19,26,0,0,14,19,33,0,0,21,38,59,12,44,56,115
05/13/2021,STJ,MO,ACE,CE,Federal Contract Tower,0,0,3,13,16,1,3,14,22,40,1,3,17,35,56,2,54,56,112
05/14/2021,STJ,MO,ACE,CE,Federal Contract Tower,0,0,10,13,23,0,6,11,0,17,0,6,21,13,40,14,10,24,64
05/15/2021,STJ,MO,ACE,CE,Federal Contract Tower,0,2,5,0,7,0,0,6,0,6,0,2,11,0,13,10,0,10,23
05/16/2021,STJ,MO,ACE,CE,Federal Contract Tower,0,0,2,2,4,0,0,0,0,0,0,0,2,2,4,0,0,0,4
05/17/2021,STJ,MO,ACE,CE,Federal Contract Tower,0,0,8,3,11,0,0,10,0,10,0,0,18,3,21,28,0,28,49
05/18/2021,STJ,MO,ACE,CE,Federal Contract Tower,0,0,7,0,7,0,0,9,0,9,0,0,16,0,16,0,0,0,16
05/19/2021,STJ,MO,ACE,CE,Federal Contract Tower,0,0,5,1,6,0,0,23,0,23,0,0,28,1,29,0,0,0,29
05/20/2021,STJ,MO,ACE,CE,Federal Contract Tower,0,0,10,7,17,0,0,1,0,1,0,0,11,7,18,2,0,2,20
05/21/2021,STJ,MO,ACE,CE,Federal Contract Tower,0,0,15,2,17,0,0,12,0,12,0,0,27,2,29,12,0,12,41
05/22/2021,STJ,MO,ACE,CE,Federal Contract Tower,0,0,4,0,4,0,0,0,0,0,0,0,4,0,4,14,0,14,18
05/23/2021,STJ,MO,ACE,CE,Federal Contract Tower,0,0,5,2,7,0,0,15,0,15,0,0,20,2,22,26,2,28,50
05/24/2021,STJ,MO,ACE,CE,Federal Contract Tower,0,0,11,0,11,0,0,15,0,15,0,0,26,0,26,0,0,0,26
05/25/2021,STJ,MO,ACE,CE,Federal Contract Tower,0,1,15,1,17,0,0,4,1,5,0,1,19,2,22,10,8,18,40
05/26/2021,STJ,MO,ACE,CE,Federal Contract Tower,0,0,10,5,15,0,1,28,8,37,0,1,38,13,52,36,40,76,128
05/27/2021,STJ,MO,ACE,CE,Federal Contract Tower,0,0,7,1,8,0,1,19,7,27,0,1,26,8,35,18,6,24,59
05/28/2021,STJ,MO,ACE,CE,Federal Contract Tower,0,0,4,0,4,0,0,8,0,8,0,0,12,0,12,0,0,0,12
05/29/2021,STJ,MO,ACE,CE,Federal Contract Tower,0,0,0,0,0,0,0,6,0,6,0,0,6,0,6,30,0,30,36
05/30/2021,STJ,MO,ACE,CE,Federal Contract Tower,0,0,0,0,0,0,2,15,0,17,0,2,15,0,17,14,0,14,31
05/31/2021,STJ,MO,ACE,CE,Federal Contract Tower,0,0,3,0,3,0,0,1,0,1,0,0,4,0,4,0,0,0,4
06/01/2021,STJ,MO,ACE,CE,Federal Contract Tower,0,0,9,7,16,0,2,6,0,8,0,2,15,7,24,24,28,52,76
06/02/2021,STJ,MO,ACE,CE,Federal Contract Tower,0,0,10,8,18,0,1,8,0,9,0,1,18,8,27,18,0,18,45
06/03/2021,STJ,MO,ACE,CE,Federal Contract Tower,0,0,4,3,7,0,1,17,0,18,0,1,21,3,25,6,0,6,31
06/04/2021,STJ,MO,ACE,CE,Federal Contract Tower,0,0,4,1,5,0,0,12,0,12,0,0,16,1,17,19,0,19,36
06/05/2021,STJ,MO,ACE,CE,Federal Contract Tower,0,0,5,4,9,0,0,46,1,47,0,0,51,5,56,30,0,30,86
06/06/2021,STJ,MO,ACE,CE,Federal Contract Tower,0,0,5,1,6,0,0,0,0,0,0,0,5,1,6,4,0,4,10
06/07/2021,STJ,MO,ACE,CE,Federal Contract Tower,0,0,2,2,4,0,0,24,2,26,0,0,26,4,30,34,0,34,64
06/08/2021,STJ,MO,ACE,CE,Federal Contract Tower,0,0,15,4,19,0,1,17,5,23,0,1,32,9,42,6,0,6,48
06/09/2021,STJ,MO,ACE,CE,Federal Contract Tower,0,0,5,7,12,0,2,16,11,29,0,2,21,18,41,14,112,126,167
06/10/2021,STJ,MO,ACE,CE,Federal Contract Tower,0,0,6,6,12,0,5,48,17,70,0,5,54,23,82,56,56,112,194
06/11/2021,STJ,MO,ACE,CE,Federal Contract Tower,0,0,7,0,7,0,0,50,1,51,0,0,57,1,58,34,30,64,122
06/12/2021,STJ,MO,ACE,CE,Federal Contract Tower,0,0,2,0,2,0,1,109,2,112,0,1,111,2,114,102,0,102,216
06/13/2021,STJ,MO,ACE,CE,Federal Contract Tower,0,0,2,1,3,0,2,42,0,44,0,2,44,1,47,44,0,44,91
06/14/2021,STJ,MO,ACE,CE,Federal Contract Tower,0,0,6,5,11,0,2,5,0,7,0,2,11,5,18,16,0,16,34
06/15/2021,STJ,MO,ACE,CE,Federal Contract Tower,0,0,7,5,12,0,0,12,3,15,0,0,19,8,27,44,14,58,85
06/16/2021,STJ,MO,ACE,CE,Federal Contract Tower,0,0,9,6,15,0,4,44,29,77,0,4,53,35,92,4,44,48,140
06/17/2021,STJ,MO,ACE,CE,Federal Contract Tower,0,0,12,4,16,0,2,32,21,55,0,2,44,25,71,22,22,44,115
06/18/2021,STJ,MO,ACE,CE,Federal Contract Tower,0,0,8,0,8,0,0,18,0,18,0,0,26,0,26,12,0,12,38
06/19/2021,STJ,MO,ACE,CE,Federal Contract Tower,0,0,1,2,3,0,0,16,2,18,0,0,17,4,21,26,1,27,48
06/20/2021,STJ,MO,ACE,CE,Federal Contract Tower,0,0,3,1,4,0,0,9,0,9,0,0,12,1,13,0,0,0,13
06/21/2021,STJ,MO,ACE,CE,Federal Contract Tower,0,0,8,2,10,0,2,3,0,5,0,2,11,2,15,10,0,10,25
06/22/2021,STJ,MO,ACE,CE,Federal Contract Tower,0,0,1,3,4,0,2,47,1,50,0,2,48,4,54,25,24,49,103
06/23/2021,STJ,MO,ACE,CE,Federal Contract Tower,0,0,7,11,18,0,1,17,22,40,0,1,24,33,58,18,12,30,88
06/24/2021,STJ,MO,ACE,CE,Federal Contract Tower,0,0,7,1,8,0,0,66,5,71,0,0,73,6,79,8,18,26,105
06/25/2021,STJ,MO,ACE,CE,Federal Contract Tower,0,0,7,3,10,0,0,3,0,3,0,0,10,3,13,0,0,0,13
06/26/2021,STJ,MO,ACE,CE,Federal Contract Tower,0,0,2,0,2,0,2,6,0,8,0,2,8,0,10,0,0,0,10
06/27/2021,STJ,MO,ACE,CE,Federal Contract Tower,0,0,1,1,2,0,3,42,0,45,0,3,43,1,47,22,0,22,69
06/28/2021,STJ,MO,ACE,CE,Federal Contract Tower,0,0,4,1,5,0,5,29,0,34,0,5,33,1,39,30,0,30,69
06/29/2021,STJ,MO,ACE,CE,Federal Contract Tower,0,0,1,18,19,0,0,5,0,5,0,0,6,18,24,0,2,2,26
06/30/2021,STJ,MO,ACE,CE,Federal Contract Tower,0,0,4,22,26,0,0,6,14,20,0,0,10,36,46,0,28,28,74
07/01/2021,STJ,MO,ACE,CE,Federal Contract Tower,0,0,10,2,12,0,0,86,1,87,0,0,96,3,99,37,0,37,136
07/02/2021,STJ,MO,ACE,CE,Federal Contract Tower,0,0,18,0,18,0,0,34,0,34,0,0,52,0,52,20,0,20,72
07/03/2021,STJ,MO,ACE,CE,Federal Contract Tower,0,0,2,1,3,0,2,11,0,13,0,2,13,1,16,64,0,64,80
07/04/2021,STJ,MO,ACE,CE,Federal Contract Tower,0,0,4,0,4,0,4,0,0,4,0,4,4,0,8,30,0,30,38
07/05/2021,STJ,MO,ACE,CE,Federal Contract Tower,0,0,9,0,9,0,0,4,0,4,0,0,13,0,13,48,0,48,61
07/06/2021,STJ,MO,ACE,CE,Federal Contract Tower,0,0,9,1,10,0,1,29,0,30,0,1,38,1,40,10,0,10,50
07/07/2021,STJ,MO,ACE,CE,Federal Contract Tower,0,0,5,0,5,0,4,3,4,11,0,4,8,4,16,30,0,30,46
07/08/2021,STJ,MO,ACE,CE,Federal Contract Tower,0,0,6,4,10,0,1,49,0,50,0,1,55,4,60,44,0,44,104
07/09/2021,STJ,MO,ACE,CE,Federal Contract Tower,0,0,11,7,18,0,3,31,0,34,0,3,42,7,52,6,0,6,58
07/10/2021,STJ,MO,ACE,CE,Federal Contract Tower,0,0,3,0,3,0,0,8,0,8,0,0,11,0,11,16,0,16,27
07/11/2021,STJ,MO,ACE,CE,Federal Contract Tower,0,0,7,1,8,0,0,13,0,13,0,0,20,1,21,2,0,2,23
07/12/2021,STJ,MO,ACE,CE,Federal Contract Tower,0,0,6,0,6,0,0,70,0,70,0,0,76,0,76,28,0,28,104
07/13/2021,STJ,MO,ACE,CE,Federal Contract Tower,0,0,8,3,11,0,3,36,0,39,0,3,44,3,50,68,8,76,126
07/14/2021,STJ,MO,ACE,CE,Federal Contract Tower,0,0,7,19,26,0,4,13,10,27,0,4,20,29,53,32,21,53,106
07/15/2021,STJ,MO,ACE,CE,Federal Contract Tower,0,0,11,14,25,0,0,10,20,30,0,0,21,34,55,0,42,42,97
07/16/2021,STJ,MO,ACE,CE,Federal Contract Tower,0,0,9,1,10,0,0,1,1,2,0,0,10,2,12,38,2,40,52
07/17/2021,STJ,MO,ACE,CE,Federal Contract Tower,0,0,4,0,4,0,0,21,0,21,0,0,25,0,25,6,0,6,31
07/18/2021,STJ,MO,ACE,CE,Federal Contract Tower,0,0,2,0,2,0,0,51,0,51,0,0,53,0,53,24,0,24,77
07/19/2021,STJ,MO,ACE,CE,Federal Contract Tower,0,0,6,11,17,0,0,34,0,34,0,0,40,11,51,34,2,36,87
07/20/2021,STJ,MO,ACE,CE,Federal Contract Tower,0,0,6,10,16,0,2,32,13,47,0,2,38,23,63,20,22,42,105
07/21/2021,STJ,MO,ACE,CE,Federal Contract Tower,0,0,17,8,25,0,2,42,28,72,0,2,59,36,97,34,56,90,187
07/22/2021,STJ,MO,ACE,CE,Federal Contract Tower,0,0,7,5,12,0,0,70,34,104,0,0,77,39,116,14,42,56,172
07/23/2021,STJ,MO,ACE,CE,Federal Contract Tower,0,0,10,9,19,0,2,14,0,16,0,2,24,9,35,6,22,28,63
07/24/2021,STJ,MO,ACE,CE,Federal Contract Tower,0,0,7,7,14,0,0,11,0,11,0,0,18,7,25,18,4,22,47
07/25/2021,STJ,MO,ACE,CE,Federal Contract Tower,0,0,5,1,6,0,0,37,0,37,0,0,42,1,43,26,0,26,69
07/26/2021,STJ,MO,ACE,CE,Federal Contract Tower,0,0,5,4,9,0,2,13,0,15,0,2,18,4,24,10,0,10,34
07/27/2021,STJ,MO,ACE,CE,Federal Contract Tower,0,0,6,14,20,0,2,25,10,37,0,2,31,24,57,28,18,46,103
07/28/2021,STJ,MO,ACE,CE,Federal Contract Tower,0,0,4,17,21,0,0,35,16,51,0,0,39,33,72,24,42,66,138
07/29/2021,STJ,MO,ACE,CE,Federal Contract Tower,0,0,10,3,13,0,0,14,0,14,0,0,24,3,27,2,0,2,29
07/30/2021,STJ,MO,ACE,CE,Federal Contract Tower,0,0,11,2,13,0,0,43,3,46,0,0,54,5,59,8,12,20,79
07/31/2021,STJ,MO,ACE,CE,Federal Contract Tower,0,0,2,3,5,0,0,7,0,7,0,0,9,3,12,26,0,26,38
08/01/2021,STJ,MO,ACE,CE,Federal Contract Tower,0,0,1,0,1,0,0,55,0,55,0,0,56,0,56,26,0,26,82
08/02/2021,STJ,MO,ACE,CE,Federal Contract Tower,0,0,6,2,8,0,2,16,0,18,0,2,22,2,26,14,0,14,40
08/03/2021,STJ,MO,ACE,CE,Federal Contract Tower,0,0,10,3,13,0,2,6,0,8,0,2,16,3,21,22,0,22,43
08/04/2021,STJ,MO,ACE,CE,Federal Contract Tower,0,0,9,10,19,0,4,15,12,31,0,4,24,22,50,2,26,28,78
08/05/2021,STJ,MO,ACE,CE,Federal Contract Tower,0,0,6,16,22,0,0,56,4,60,0,0,62,20,82,16,28,44,126
08/06/2021,STJ,MO,ACE,CE,Federal Contract Tower,0,0,1,1,2,0,0,7,0,7,0,0,8,1,9,11,0,11,20
08/07/2021,STJ,MO,ACE,CE,Federal Contract Tower,0,0,0,0,0,0,0,10,0,10,0,0,10,0,10,10,0,10,20
08/08/2021,STJ,MO,ACE,CE,Federal Contract Tower,0,0,1,0,1,0,0,22,0,22,0,0,23,0,23,8,0,8,31
08/09/2021,STJ,MO,ACE,CE,Federal Contract Tower,0,0,6,0,6,0,0,25,2,27,0,0,31,2,33,22,0,22,55
08/10/2021,STJ,MO,ACE,CE,Federal Contract Tower,0,0,4,0,4,0,2,4,0,6,0,2,8,0,10,10,0,10,20
08/11/2021,STJ,MO,ACE,CE,Federal Contract Tower,0,0,1,8,9,0,4,12,8,24,0,4,13,16,33,8,16,24,57
08/12/2021,STJ,MO,ACE,CE,Federal Contract Tower,0,0,6,2,8,0,0,12,13,25,0,0,18,15,33,22,8,30,63
08/13/2021,STJ,MO,ACE,CE,Federal Contract Tower,0,0,8,9,17,0,3,17,2,22,0,3,25,11,39,6,2,8,47
08/14/2021,STJ,MO,ACE,CE,Federal Contract Tower,0,0,10,24,34,0,0,13,0,13,0,0,23,24,47,20,0,20,67
08/15/2021,STJ,MO,ACE,CE,Federal Contract Tower,0,0,5,0,5,0,2,54,0,56,0,2,59,0,61,30,0,30,91
08/16/2021,STJ,MO,ACE,CE,Federal Contract Tower,0,0,6,1,7,0,4,17,1,22,0,4,23,2,29,24,0,24,53
08/17/2021,STJ,MO,ACE,CE,Federal Contract Tower,0,0,11,3,14,0,0,0,0,0,0,0,11,3,14,20,0,20,34
08/18/2021,STJ,MO,ACE,CE,Federal Contract Tower,0,2,4,10,16,0,0,17,27,44,0,2,21,37,60,20,16,36,96
08/19/2021,STJ,MO,ACE,CE,Federal Contract Tower,0,0,11,13,24,0,8,13,24,45,0,8,24,37,69,12,132,144,213
08/20/2021,STJ,MO,ACE,CE,Federal Contract Tower,0,0,7,8,15,0,0,8,2,10,0,0,15,10,25,32,2,34,59
08/21/2021,STJ,MO,ACE,CE,Federal Contract Tower,0,0,7,1,8,0,4,8,0,12,0,4,15,1,20,30,0,30,50
08/22/2021,STJ,MO,ACE,CE,Federal Contract Tower,0,0,7,1,8,0,1,20,0,21,0,1,27,1,29,26,0,26,55
08/23/2021,STJ,MO,ACE,CE,Federal Contract Tower,0,0,10,2,12,0,0,11,0,11,0,0,21,2,23,2,0,2,25
08/24/2021,STJ,MO,ACE,CE,Federal Contract Tower,0,0,3,0,3,0,0,20,0,20,0,0,23,0,23,6,0,6,29
08/25/2021,STJ,MO,ACE,CE,Federal Contract Tower,0,0,5,2,7,0,0,9,0,9,0,0,14,2,16,0,0,0,16
08/26/2021,STJ,MO,ACE,CE,Federal Contract Tower,0,0,4,10,14,0,4,17,14,35,0,4,21,24,49,10,34,44,93
08/27/2021,STJ,MO,ACE,CE,Federal Contract Tower,0,0,8,3,11,0,4,19,0,23,0,4,27,3,34,6,0,6,40
08/28/2021,STJ,MO,ACE,CE,Federal Contract Tower,0,0,8,0,8,0,0,23,0,23,0,0,31,0,31,40,0,40,71
08/29/2021,STJ,MO,ACE,CE,Federal Contract Tower,0,0,2,0,2,0,0,18,0,18,0,0,20,0,20,42,0,42,62
08/30/2021,STJ,MO,ACE,CE,Federal Contract Tower,0,0,2,0,2,0,0,40,0,40,0,0,42,0,42,40,0,40,82
08/31/2021,STJ,MO,ACE,CE,Federal Contract Tower,0,0,6,0,6,0,0,13,0,13,0,0,19,0,19,34,0,34,53
09/01/2021,STJ,MO,ACE,CE,Federal Contract Tower,0,0,9,5,14,0,0,23,16,39,0,0,32,21,53,4,16,20,73
09/02/2021,STJ,MO,ACE,CE,Federal Contract Tower,0,0,8,1,9,0,1,15,11,27,0,1,23,12,36,19,18,37,73
09/03/2021,STJ,MO,ACE,CE,Federal Contract Tower,0,0,9,8,17,0,0,12,0,12,0,0,21,8,29,28,0,28,57
09/04/2021,STJ,MO,ACE,CE,Federal Contract Tower,0,0,4,0,4,0,0,4,0,4,0,0,8,0,8,0,0,0,8
09/05/2021,STJ,MO,ACE,CE,Federal Contract Tower,0,0,4,0,4,0,0,11,0,11,0,0,15,0,15,22,0,22,37
09/06/2021,STJ,MO,ACE,CE,Federal Contract Tower,0,0,12,0,12,0,1,23,0,24,0,1,35,0,36,48,0,48,84
09/07/2021,STJ,MO,ACE,CE,Federal Contract Tower,0,0,3,0,3,0,3,15,0,18,0,3,18,0,21,0,0,0,21
09/08/2021,STJ,MO,ACE,CE,Federal Contract Tower,0,0,17,4,21,0,0,10,27,37,0,0,27,31,58,14,14,28,86
09/09/2021,STJ,MO,ACE,CE,Federal Contract Tower,0,0,11,3,14,0,2,27,8,37,0,2,38,11,51,20,54,74,125
09/10/2021,STJ,MO,ACE,CE,Federal Contract Tower,0,0,17,6,23,0,2,34,0,36,0,2,51,6,59,16,0,16,75
09/11/2021,STJ,MO,ACE,CE,Federal Contract Tower,0,0,10,0,10,0,0,5,12,17,0,0,15,12,27,40,0,40,67
09/12/2021,STJ,MO,ACE,CE,Federal Contract Tower,0,0,5,5,10,0,2,7,11,20,0,2,12,16,30,22,20,42,72
09/13/2021,STJ,MO,ACE,CE,Federal Contract Tower,0,0,8,1,9,0,4,8,1,13,0,4,16,2,22,14,0,14,36
09/14/2021,STJ,MO,ACE,CE,Federal Contract Tower,0,0,8,10,18,0,0,37,12,49,0,0,45,22,67,34,52,86,153
09/15/2021,STJ,MO,ACE,CE,Federal Contract Tower,0,0,5,2,7,0,0,19,21,40,0,0,24,23,47,4,20,24,71
09/16/2021,STJ,MO,ACE,CE,Federal Contract Tower,0,0,19,6,25,0,10,11,23,44,0,10,30,29,69,52,26,78,147
09/17/2021,STJ,MO,ACE,CE,Federal Contract Tower,0,0,8,3,11,0,0,22,2,24,0,0,30,5,35,18,0,18,53
09/18/2021,STJ,MO,ACE,CE,Federal Contract Tower,0,0,5,6,11,0,4,27,0,31,0,4,32,6,42,16,0,16,58
09/19/2021,STJ,MO,ACE,CE,Federal Contract Tower,0,0,6,0,6,0,2,30,0,32,0,2,36,0,38,10,0,10,48
09/20/2021,STJ,MO,ACE,CE,Federal Contract Tower,0,0,14,4,18,0,0,9,0,9,0,0,23,4,27,18,2,20,47
09/21/2021,STJ,MO,ACE,CE,Federal Contract Tower,0,0,12,0,12,0,0,6,0,6,0,0,18,0,18,0,0,0,18
09/22/2021,STJ,MO,ACE,CE,Federal Contract Tower,0,0,3,0,3,0,6,9,0,15,0,6,12,0,18,46,0,46,64
09/23/2021,STJ,MO,ACE,CE,Federal Contract Tower,0,0,12,0,12,0,0,96,0,96,0,0,108,0,108,10,0,10,118
09/24/2021,STJ,MO,ACE,CE,Federal Contract Tower,0,0,9,3,12,0,1,126,5,132,0,1,135,8,144,28,0,28,172
09/25/2021,STJ,MO,ACE,CE,Federal Contract Tower,0,0,1,0,1,0,2,96,0,98,0,2,97,0,99,10,0,10,109
09/26/2021,STJ,MO,ACE,CE,Federal Contract Tower,0,0,6,2,8,0,0,56,0,56,0,0,62,2,64,0,0,0,64
09/27/2021,STJ,MO,ACE,CE,Federal Contract Tower,0,0,9,0,9,0,0,3,0,3,0,0,12,0,12,32,0,32,44
09/28/2021,STJ,MO,ACE,CE,Federal Contract Tower,0,0,10,0,10,0,3,44,5,52,0,3,54,5,62,17,0,17,79
09/29/2021,STJ,MO,ACE,CE,Federal Contract Tower,0,0,6,0,6,0,0,18,0,18,0,0,24,0,24,28,0,28,52
09/30/2021,STJ,MO,ACE,CE,Federal Contract Tower,0,0,4,0,4,0,0,6,0,6,0,0,10,0,10,0,0,0,10
10/01/2021,STJ,MO,ACE,CE,Federal Contract Tower,0,2,14,10,26,0,0,3,2,5,0,2,17,12,31,0,14,14,45
10/02/2021,STJ,MO,ACE,CE,Federal Contract Tower,0,0,3,0,3,0,4,8,0,12,0,4,11,0,15,34,0,34,49
10/03/2021,STJ,MO,ACE,CE,Federal Contract Tower,0,0,12,2,14,0,8,7,0,15,0,8,19,2,29,6,0,6,35
10/04/2021,STJ,MO,ACE,CE,Federal Contract Tower,0,0,4,9,13,0,3,20,10,33,0,3,24,19,46,4,22,26,72
10/05/2021,STJ,MO,ACE,CE,Federal Contract Tower,0,0,4,16,20,0,0,7,6,13,0,0,11,22,33,18,44,62,95
10/06/2021,STJ,MO,ACE,CE,Federal Contract Tower,0,0,6,7,13,0,4,12,10,26,0,4,18,17,39,26,16,42,81
10/07/2021,STJ,MO,ACE,CE,Federal Contract Tower,0,0,5,7,12,0,0,6,27,33,0,0,11,34,45,4,70,74,119
10/08/2021,STJ,MO,ACE,CE,Federal Contract Tower,0,0,5,2,7,0,2,13,4,19,0,2,18,6,26,16,20,36,62
10/09/2021,STJ,MO,ACE,CE,Federal Contract Tower,0,0,1,1,2,0,7,19,2,28,0,7,20,3,30,30,0,30,60
10/10/2021,STJ,MO,ACE,CE,Federal Contract Tower,0,0,10,0,10,0,0,15,0,15,0,0,25,0,25,4,0,4,29
10/11/2021,STJ,MO,ACE,CE,Federal Contract Tower,0,0,2,4,6,0,0,3,0,3,0,0,5,4,9,0,0,0,9
10/12/2021,STJ,MO,ACE,CE,Federal Contract Tower,0,0,6,19,25,0,0,15,13,28,0,0,21,32,53,24,64,88,141
10/13/2021,STJ,MO,ACE,CE,Federal Contract Tower,0,0,7,18,25,0,10,12,15,37,0,10,19,33,62,0,20,20,82
10/14/2021,STJ,MO,ACE,CE,Federal Contract Tower,0,0,10,3,13,0,2,12,19,33,0,2,22,22,46,22,38,60,106
10/15/2021,STJ,MO,ACE,CE,Federal Contract Tower,0,0,6,3,9,0,2,11,2,15,0,2,17,5,24,18,36,54,78
10/16/2021,STJ,MO,ACE,CE,Federal Contract Tower,0,0,1,1,2,0,1,19,0,20,0,1,20,1,22,0,0,0,22
10/17/2021,STJ,MO,ACE,CE,Federal Contract Tower,0,0,6,0,6,0,3,28,0,31,0,3,34,0,37,22,0,22,59
10/18/2021,STJ,MO,ACE,CE,Federal Contract Tower,0,0,6,0,6,0,0,24,0,24,0,0,30,0,30,8,0,8,38
10/19/2021,STJ,MO,ACE,CE,Federal Contract Tower,0,0,6,11,17,0,2,16,12,30,0,2,22,23,47,16,64,80,127
10/20/2021,STJ,MO,ACE,CE,Federal Contract Tower,0,0,11,13,24,0,0,12,14,26,0,0,23,27,50,0,10,10,60
10/21/2021,STJ,MO,ACE,CE,Federal Contract Tower,0,0,13,2,15,0,3,18,1,22,0,3,31,3,37,12,56,68,105
10/22/2021,STJ,MO,ACE,CE,Federal Contract Tower,0,0,8,0,8,0,0,12,0,12,0,0,20,0,20,10,26,36,56
10/23/2021,STJ,MO,ACE,CE,Federal Contract Tower,0,0,7,0,7,0,0,3,5,8,0,0,10,5,15,2,0,2,17
10/24/2021,STJ,MO,ACE,CE,Federal Contract Tower,0,0,8,3,11,0,0,0,0,0,0,0,8,3,11,0,0,0,11
10/25/2021,STJ,MO,ACE,CE,Federal Contract Tower,0,2,4,7,13,0,1,10,0,11,0,3,14,7,24,8,0,8,32
10/26/2021,STJ,MO,ACE,CE,Federal Contract Tower,0,0,11,11,22,0,2,10,2,14,0,2,21,13,36,0,24,24,60
10/27/2021,STJ,MO,ACE,CE,Federal Contract Tower,0,0,10,7,17,0,0,0,0,0,0,0,10,7,17,0,10,10,27
10/28/2021,STJ,MO,ACE,CE,Federal Contract Tower,0,0,6,13,19,0,0,0,0,0,0,0,6,13,19,0,0,0,19
10/29/2021,STJ,MO,ACE,CE,Federal Contract Tower,0,0,8,11,19,0,0,2,0,2,0,0,10,11,21,14,0,14,35
10/30/2021,STJ,MO,ACE,CE,Federal Contract Tower,0,0,3,0,3,0,4,30,0,34,0,4,33,0,37,28,0,28,65
10/31/2021,STJ,MO,ACE,CE,Federal Contract Tower,0,0,2,0,2,0,2,23,0,25,0,2,25,0,27,18,0,18,45
11/01/2021,STJ,MO,ACE,CE,Federal Contract Tower,0,0,2,0,2,0,0,7,0,7,0,0,9,0,9,2,0,2,11
11/02/2021,STJ,MO,ACE,CE,Federal Contract Tower,0,0,9,8,17,0,0,5,9,14,0,0,14,17,31,12,69,81,112
11/03/2021,STJ,MO,ACE,CE,Federal Contract Tower,0,0,2,3,5,0,0,5,15,20,0,0,7,18,25,0,38,38,63
11/04/2021,STJ,MO,ACE,CE,Federal Contract Tower,0,0,10,3,13,0,0,9,13,22,0,0,19,16,35,2,40,42,77
11/05/2021,STJ,MO,ACE,CE,Federal Contract Tower,0,0,13,0,13,0,0,8,8,16,0,0,21,8,29,4,28,32,61
11/06/2021,STJ,MO,ACE,CE,Federal Contract Tower,0,0,7,7,14,0,1,57,18,76,0,1,64,25,90,12,10,22,112
11/07/2021,STJ,MO,ACE,CE,Federal Contract Tower,0,0,5,0,5,0,0,36,0,36,0,0,41,0,41,38,0,38,79
11/08/2021,STJ,MO,ACE,CE,Federal Contract Tower,0,0,5,4,9,0,0,6,1,7,0,0,11,5,16,28,10,38,54
11/09/2021,STJ,MO,ACE,CE,Federal Contract Tower,0,0,5,0,5,0,0,19,11,30,0,0,24,11,35,12,36,48,83
11/10/2021,STJ,MO,ACE,CE,Federal Contract Tower,0,0,2,9,11,0,0,0,0,0,0,0,2,9,11,0,4,4,15
11/11/2021,STJ,MO,ACE,CE,Federal Contract Tower,0,0,3,0,3,0,0,7,0,7,0,0,10,0,10,12,0,12,22
11/12/2021,STJ,MO,ACE,CE,Federal Contract Tower,0,0,1,0,1,0,4,4,8,16,0,4,5,8,17,2,4,6,23
11/13/2021,STJ,MO,ACE,CE,Federal Contract Tower,0,0,9,0,9,0,0,9,0,9,0,0,18,0,18,14,0,14,32
11/14/2021,STJ,MO,ACE,CE,Federal Contract Tower,0,7,7,0,14,0,2,1,0,3,0,9,8,0,17,0,0,0,17
11/15/2021,STJ,MO,ACE,CE,Federal Contract Tower,0,0,3,3,6,0,0,10,0,10,0,0,13,3,16,28,0,28,44
11/16/2021,STJ,MO,ACE,CE,Federal Contract Tower,0,0,13,11,24,0,0,9,1,10,0,0,22,12,34,6,60,66,100
11/17/2021,STJ,MO,ACE,CE,Federal Contract Tower,0,0,3,13,16,0,0,7,0,7,0,0,10,13,23,10,60,70,93
11/18/2021,STJ,MO,ACE,CE,Federal Contract Tower,0,0,9,0,9,0,0,14,13,27,0,0,23,13,36,18,26,44,80
11/19/2021,STJ,MO,ACE,CE,Federal Contract Tower,0,0,12,16,28,0,0,3,0,3,0,0,15,16,31,10,14,24,55
11/20/2021,STJ,MO,ACE,CE,Federal Contract Tower,0,0,8,0,8,0,1,15,0,16,0,1,23,0,24,42,0,42,66
11/21/2021,STJ,MO,ACE,CE,Federal Contract Tower,0,0,9,0,9,0,1,6,0,7,0,1,15,0,16,0,0,0,16
11/22/2021,STJ,MO,ACE,CE,Federal Contract Tower,0,0,9,15,24,0,1,9,12,22,0,1,18,27,46,32,20,52,98
11/23/2021,STJ,MO,ACE,CE,Federal Contract Tower,0,0,9,10,19,0,0,13,6,19,0,0,22,16,38,24,64,88,126
11/24/2021,STJ,MO,ACE,CE,Federal Contract Tower,0,0,5,1,6,0,0,11,0,11,0,0,16,1,17,0,0,0,17
11/25/2021,STJ,MO,ACE,CE,Federal Contract Tower,0,0,3,0,3,0,0,0,0,0,0,0,3,0,3,4,0,4,7
11/26/2021,STJ,MO,ACE,CE,Federal Contract Tower,0,0,9,0,9,0,2,4,0,6,0,2,13,0,15,10,0,10,25
11/27/2021,STJ,MO,ACE,CE,Federal Contract Tower,0,0,4,0,4,0,1,11,0,12,0,1,15,0,16,14,0,14,30
11/28/2021,STJ,MO,ACE,CE,Federal Contract Tower,0,0,7,0,7,0,0,27,0,27,0,0,34,0,34,42,0,42,76
11/29/2021,STJ,MO,ACE,CE,Federal Contract Tower,0,0,8,0,8,0,1,5,0,6,0,1,13,0,14,14,0,14,28
11/30/2021,STJ,MO,ACE,CE,Federal Contract Tower,0,0,1,16,17,0,0,17,5,22,0,0,18,21,39,44,72,116,155
12/01/2021,STJ,MO,ACE,CE,Federal Contract Tower,0,0,12,5,17,0,2,10,4,16,0,2,22,9,33,24,2,26,59
12/02/2021,STJ,MO,ACE,CE,Federal Contract Tower,0,0,5,6,11,0,0,18,8,26,0,0,23,14,37,24,44,68,105
12/03/2021,STJ,MO,ACE,CE,Federal Contract Tower,0,0,6,2,8,0,0,25,0,25,0,0,31,2,33,0,6,6,39
12/04/2021,STJ,MO,ACE,CE,Federal Contract Tower,0,0,5,0,5,0,0,20,0,20,0,0,25,0,25,4,0,4,29
12/05/2021,STJ,MO,ACE,CE,Federal Contract Tower,0,0,5,1,6,0,6,17,5,28,0,6,22,6,34,28,0,28,62
12/06/2021,STJ,MO,ACE,CE,Federal Contract Tower,0,0,8,4,12,0,0,5,1,6,0,0,13,5,18,22,0,22,40
12/07/2021,STJ,MO,ACE,CE,Federal Contract Tower,0,0,6,10,16,0,1,7,18,26,0,1,13,28,42,0,32,32,74
12/08/2021,STJ,MO,ACE,CE,Federal Contract Tower,0,0,0,10,10,0,2,18,22,42,0,2,18,32,52,32,10,42,94
12/09/2021,STJ,MO,ACE,CE,Federal Contract Tower,0,0,13,0,13,0,0,19,27,46,0,0,32,27,59,24,8,32,91
12/10/2021,STJ,MO,ACE,CE,Federal Contract Tower,0,0,3,2,5,0,0,2,0,2,0,0,5,2,7,0,0,0,7
12/11/2021,STJ,MO,ACE,CE,Federal Contract Tower,0,0,5,4,9,0,0,14,0,14,0,0,19,4,23,22,0,22,45
12/12/2021,STJ,MO,ACE,CE,Federal Contract Tower,0,0,3,1,4,0,0,13,0,13,0,0,16,1,17,0,0,0,17
12/13/2021,STJ,MO,ACE,CE,Federal Contract Tower,0,0,2,4,6,0,1,2,0,3,0,1,4,4,9,42,0,42,51
12/14/2021,STJ,MO,ACE,CE,Federal Contract Tower,0,0,7,14,21,0,1,3,12,16,0,1,10,26,37,12,12,24,61
12/15/2021,STJ,MO,ACE,CE,Federal Contract Tower,0,0,2,0,2,0,0,0,0,0,0,0,2,0,2,0,0,0,2
12/16/2021,STJ,MO,ACE,CE,Federal Contract Tower,0,0,13,3,16,0,4,10,14,28,0,4,23,17,44,22,86,108,152
12/17/2021,STJ,MO,ACE,CE,Federal Contract Tower,0,0,5,1,6,0,0,13,6,19,0,0,18,7,25,8,8,16,41
12/18/2021,STJ,MO,ACE,CE,Federal Contract Tower,0,0,4,1,5,0,0,0,0,0,0,0,4,1,5,12,0,12,17
12/19/2021,STJ,MO,ACE,CE,Federal Contract Tower,0,0,3,0,3,0,0,3,0,3,0,0,6,0,6,16,0,16,22
12/20/2021,STJ,MO,ACE,CE,Federal Contract Tower,0,0,2,12,14,0,1,14,14,29,0,1,16,26,43,0,12,12,55
12/21/2021,STJ,MO,ACE,CE,Federal Contract Tower,0,0,4,11,15,0,0,19,11,30,0,0,23,22,45,40,48,88,133
12/22/2021,STJ,MO,ACE,CE,Federal Contract Tower,0,0,1,6,7,0,1,18,18,37,0,1,19,24,44,8,28,36,80
12/23/2021,STJ,MO,ACE,CE,Federal Contract Tower,0,0,5,0,5,0,3,15,0,18,0,3,20,0,23,38,0,38,61
12/24/2021,STJ,MO,ACE,CE,Federal Contract Tower,0,0,1,0,1,0,0,0,0,0,0,0,1,0,1,0,0,0,1
12/25/2021,STJ,MO,ACE,CE,Federal Contract Tower,0,0,2,0,2,0,1,2,0,3,0,1,4,0,5,0,0,0,5
12/26/2021,STJ,MO,ACE,CE,Federal Contract Tower,0,2,2,0,4,0,0,8,0,8,0,2,10,0,12,0,0,0,12
12/27/2021,STJ,MO,ACE,CE,Federal Contract Tower,0,0,0,8,8,0,4,4,3,11,0,4,4,11,19,2,4,6,25
12/28/2021,STJ,MO,ACE,CE,Federal Contract Tower,0,0,4,16,20,0,0,5,0,5,0,0,9,16,25,0,24,24,49
12/29/2021,STJ,MO,ACE,CE,Federal Contract Tower,0,0,2,8,10,0,1,6,25,32,0,1,8,33,42,4,32,36,78
12/30/2021,STJ,MO,ACE,CE,Federal Contract Tower,0,0,3,0,3,0,0,7,0,7,0,0,10,0,10,46,0,46,56
12/31/2021,STJ,MO,ACE,CE,Federal Contract Tower,0,0,7,0,7,0,0,10,0,10,0,0,17,0,17,22,0,22,39
01/01/2022,STJ,MO,ACE,CE,Federal Contract Tower,0,0,0,0,0,0,0,0,0,0,0,0,0,0,0,0,0,0,0
01/02/2022,STJ,MO,ACE,CE,Federal Contract Tower,0,0,4,0,4,0,0,0,0,0,0,0,4,0,4,0,0,0,4
01/03/2022,STJ,MO,ACE,CE,Federal Contract Tower,0,0,4,0,4,0,2,5,0,7,0,2,9,0,11,18,0,18,29
01/04/2022,STJ,MO,ACE,CE,Federal Contract Tower,0,0,7,1,8,0,2,12,1,15,0,2,19,2,23,14,0,14,37
01/05/2022,STJ,MO,ACE,CE,Federal Contract Tower,0,0,7,0,7,0,1,1,2,4,0,1,8,2,11,2,0,2,13
01/06/2022,STJ,MO,ACE,CE,Federal Contract Tower,0,0,3,1,4,0,4,7,0,11,0,4,10,1,15,0,0,0,15
01/07/2022,STJ,MO,ACE,CE,Federal Contract Tower,0,0,4,1,5,0,1,3,1,5,0,1,7,2,10,10,4,14,24
01/08/2022,STJ,MO,ACE,CE,Federal Contract Tower,0,0,2,0,2,0,1,2,0,3,0,1,4,0,5,0,0,0,5
01/09/2022,STJ,MO,ACE,CE,Federal Contract Tower,0,0,3,1,4,0,0,20,0,20,0,0,23,1,24,34,0,34,58
01/10/2022,STJ,MO,ACE,CE,Federal Contract Tower,0,0,7,0,7,0,4,8,6,18,0,4,15,6,25,22,66,88,113
01/11/2022,STJ,MO,ACE,CE,Federal Contract Tower,0,0,9,2,11,0,4,0,0,4,0,4,9,2,15,0,0,0,15
01/12/2022,STJ,MO,ACE,CE,Federal Contract Tower,0,0,4,4,8,0,0,11,15,26,0,0,15,19,34,2,22,24,58
01/13/2022,STJ,MO,ACE,CE,Federal Contract Tower,0,0,10,8,18,0,0,21,6,27,0,0,31,14,45,18,8,26,71
01/14/2022,STJ,MO,ACE,CE,Federal Contract Tower,0,0,5,0,5,0,0,2,0,2,0,0,7,0,7,8,0,8,15
01/15/2022,STJ,MO,ACE,CE,Federal Contract Tower,0,0,0,0,0,0,0,0,0,0,0,0,0,0,0,0,0,0,0
01/16/2022,STJ,MO,ACE,CE,Federal Contract Tower,0,0,5,0,5,0,0,0,0,0,0,0,5,0,5,0,0,0,5
01/17/2022,STJ,MO,ACE,CE,Federal Contract Tower,0,0,4,0,4,0,5,8,1,14,0,5,12,1,18,10,0,10,28
01/18/2022,STJ,MO,ACE,CE,Federal Contract Tower,0,0,6,6,12,0,2,13,15,30,0,2,19,21,42,42,26,68,110
01/19/2022,STJ,MO,ACE,CE,Federal Contract Tower,0,0,9,8,17,0,0,10,2,12,0,0,19,10,29,2,22,24,53
01/20/2022,STJ,MO,ACE,CE,Federal Contract Tower,0,0,4,0,4,0,0,13,7,20,0,0,17,7,24,12,54,66,90
01/21/2022,STJ,MO,ACE,CE,Federal Contract Tower,0,0,2,2,4,0,1,11,7,19,0,1,13,9,23,8,6,14,37
01/22/2022,STJ,MO,ACE,CE,Federal Contract Tower,0,0,5,0,5,0,0,24,8,32,0,0,29,8,37,20,0,20,57
01/23/2022,STJ,MO,ACE,CE,Federal Contract Tower,0,0,1,0,1,0,0,23,0,23,0,0,24,0,24,30,0,30,54
01/24/2022,STJ,MO,ACE,CE,Federal Contract Tower,0,0,6,1,7,0,0,18,1,19,0,0,24,2,26,20,0,20,46
01/25/2022,STJ,MO,ACE,CE,Federal Contract Tower,0,0,13,16,29,0,3,11,10,24,0,3,24,26,53,14,36,50,103
01/26/2022,STJ,MO,ACE,CE,Federal Contract Tower,0,0,3,3,6,0,1,9,4,14,0,1,12,7,20,0,12,12,32
01/27/2022,STJ,MO,ACE,CE,Federal Contract Tower,0,0,5,9,14,0,0,16,20,36,0,0,21,29,50,18,46,64,114
01/28/2022,STJ,MO,ACE,CE,Federal Contract Tower,0,0,6,4,10,0,6,17,9,32,0,6,23,13,42,34,6,40,82
01/29/2022,STJ,MO,ACE,CE,Federal Contract Tower,0,0,8,0,8,0,0,35,0,35,0,0,43,0,43,40,0,40,83
01/30/2022,STJ,MO,ACE,CE,Federal Contract Tower,0,0,3,0,3,0,2,38,0,40,0,2,41,0,43,20,0,20,63
01/31/2022,STJ,MO,ACE,CE,Federal Contract Tower,0,0,2,0,2,0,2,13,2,17,0,2,15,2,19,38,0,38,57
02/01/2022,STJ,MO,ACE,CE,Federal Contract Tower,0,0,4,10,14,0,0,10,31,41,0,0,14,41,55,34,78,112,167
02/02/2022,STJ,MO,ACE,CE,Federal Contract Tower,0,0,1,0,1,0,0,0,0,0,0,0,1,0,1,0,0,0,1
02/03/2022,STJ,MO,ACE,CE,Federal Contract Tower,0,0,2,2,4,0,0,2,16,18,0,0,4,18,22,2,38,40,62
02/04/2022,STJ,MO,ACE,CE,Federal Contract Tower,0,0,3,2,5,0,4,11,8,23,0,4,14,10,28,2,16,18,46
02/05/2022,STJ,MO,ACE,CE,Federal Contract Tower,0,0,6,0,6,0,0,11,4,15,0,0,17,4,21,0,4,4,25
02/06/2022,STJ,MO,ACE,CE,Federal Contract Tower,0,0,6,0,6,0,4,43,0,47,0,4,49,0,53,16,0,16,69
02/07/2022,STJ,MO,ACE,CE,Federal Contract Tower,0,0,9,6,15,0,0,32,9,41,0,0,41,15,56,26,10,36,92
02/08/2022,STJ,MO,ACE,CE,Federal Contract Tower,0,0,5,8,13,0,0,38,13,51,0,0,43,21,64,22,36,58,122
02/09/2022,STJ,MO,ACE,CE,Federal Contract Tower,0,0,10,1,11,0,0,13,4,17,0,0,23,5,28,6,0,6,34
02/10/2022,STJ,MO,ACE,CE,Federal Contract Tower,0,0,4,1,5,0,1,12,4,17,0,1,16,5,22,20,0,20,42
02/11/2022,STJ,MO,ACE,CE,Federal Contract Tower,0,0,9,11,20,0,0,8,0,8,0,0,17,11,28,0,24,24,52
02/12/2022,STJ,MO,ACE,CE,Federal Contract Tower,0,0,11,1,12,0,2,6,0,8,0,2,17,1,20,36,0,36,56
02/13/2022,STJ,MO,ACE,CE,Federal Contract Tower,0,0,2,2,4,0,0,14,0,14,0,0,16,2,18,8,0,8,26
02/14/2022,STJ,MO,ACE,CE,Federal Contract Tower,0,0,4,0,4,0,2,9,4,15,0,2,13,4,19,12,0,12,31
02/15/2022,STJ,MO,ACE,CE,Federal Contract Tower,0,0,6,0,6,0,2,7,2,11,0,2,13,2,17,26,0,26,43
02/16/2022,STJ,MO,ACE,CE,Federal Contract Tower,0,0,4,8,12,0,3,9,20,32,0,3,13,28,44,4,30,34,78
02/17/2022,STJ,MO,ACE,CE,Federal Contract Tower,0,0,2,0,2,0,1,0,0,1,0,1,2,0,3,0,0,0,3
02/18/2022,STJ,MO,ACE,CE,Federal Contract Tower,0,0,12,1,13,0,0,14,0,14,0,0,26,1,27,0,0,0,27
02/19/2022,STJ,MO,ACE,CE,Federal Contract Tower,0,0,5,2,7,0,0,33,1,34,0,0,38,3,41,6,0,6,47
02/20/2022,STJ,MO,ACE,CE,Federal Contract Tower,0,3,1,0,4,0,0,7,0,7,0,3,8,0,11,0,0,0,11
02/21/2022,STJ,MO,ACE,CE,Federal Contract Tower,0,0,5,0,5,0,1,21,0,22,0,1,26,0,27,42,0,42,69
02/22/2022,STJ,MO,ACE,CE,Federal Contract Tower,0,0,9,0,9,0,0,0,0,0,0,0,9,0,9,0,0,0,9
02/23/2022,STJ,MO,ACE,CE,Federal Contract Tower,0,0,8,0,8,0,0,11,0,11,0,0,19,0,19,32,0,32,51
02/24/2022,STJ,MO,ACE,CE,Federal Contract Tower,0,0,2,0,2,0,0,2,0,2,0,0,4,0,4,0,0,0,4
02/25/2022,STJ,MO,ACE,CE,Federal Contract Tower,0,0,10,2,12,0,1,19,0,20,0,1,29,2,32,14,0,14,46
02/26/2022,STJ,MO,ACE,CE,Federal Contract Tower,0,0,7,2,9,0,1,24,6,31,0,1,31,8,40,34,20,54,94
02/27/2022,STJ,MO,ACE,CE,Federal Contract Tower,0,0,6,0,6,0,0,21,2,23,0,0,27,2,29,14,0,14,43
02/28/2022,STJ,MO,ACE,CE,Federal Contract Tower,0,2,4,1,7,0,1,27,5,33,0,3,31,6,40,26,8,34,74
03/01/2022,STJ,MO,ACE,CE,Federal Contract Tower,0,0,5,1,6,0,0,27,8,35,0,0,32,9,41,42,52,94,135
03/02/2022,STJ,MO,ACE,CE,Federal Contract Tower,0,0,3,2,5,0,2,37,16,55,0,2,40,18,60,6,30,36,96
03/03/2022,STJ,MO,ACE,CE,Federal Contract Tower,0,0,5,0,5,0,0,14,50,64,0,0,19,50,69,10,36,46,115
03/04/2022,STJ,MO,ACE,CE,Federal Contract Tower,0,0,4,0,4,0,3,13,19,35,0,3,17,19,39,0,28,28,67
03/05/2022,STJ,MO,ACE,CE,Federal Contract Tower,0,0,1,1,2,0,2,4,0,6,0,2,5,1,8,0,6,6,14
03/06/2022,STJ,MO,ACE,CE,Federal Contract Tower,0,0,6,0,6,0,2,2,0,4,0,2,8,0,10,4,2,6,16
03/07/2022,STJ,MO,ACE,CE,Federal Contract Tower,0,0,1,2,3,0,0,2,0,2,0,0,3,2,5,14,0,14,19
03/08/2022,STJ,MO,ACE,CE,Federal Contract Tower,0,0,1,2,3,0,0,18,2,20,0,0,19,4,23,48,0,48,71
03/09/2022,STJ,MO,ACE,CE,Federal Contract Tower,0,0,2,26,28,0,0,24,24,48,0,0,26,50,76,8,54,62,138
03/10/2022,STJ,MO,ACE,CE,Federal Contract Tower,0,0,2,0,2,0,0,0,0,0,0,0,2,0,2,0,0,0,2
03/11/2022,STJ,MO,ACE,CE,Federal Contract Tower,0,0,4,3,7,0,0,13,1,14,0,0,17,4,21,4,0,4,25
03/12/2022,STJ,MO,ACE,CE,Federal Contract Tower,0,0,2,0,2,0,0,14,0,14,0,0,16,0,16,2,0,2,18
03/13/2022,STJ,MO,ACE,CE,Federal Contract Tower,0,1,4,0,5,0,2,33,0,35,0,3,37,0,40,16,0,16,56
03/14/2022,STJ,MO,ACE,CE,Federal Contract Tower,0,0,1,3,4,0,0,7,0,7,0,0,8,3,11,40,0,40,51
03/15/2022,STJ,MO,ACE,CE,Federal Contract Tower,0,0,7,4,11,0,2,24,15,41,0,2,31,19,52,42,104,146,198
03/16/2022,STJ,MO,ACE,CE,Federal Contract Tower,0,0,5,6,11,0,1,18,18,37,0,1,23,24,48,14,36,50,98
03/17/2022,STJ,MO,ACE,CE,Federal Contract Tower,0,0,4,6,10,0,2,9,0,11,0,2,13,6,21,16,0,16,37
03/18/2022,STJ,MO,ACE,CE,Federal Contract Tower,0,0,4,12,16,0,0,0,0,0,0,0,4,12,16,0,0,0,16
03/19/2022,STJ,MO,ACE,CE,Federal Contract Tower,0,0,4,1,5,0,0,24,0,24,0,0,28,1,29,38,0,38,67
03/20/2022,STJ,MO,ACE,CE,Federal Contract Tower,0,0,3,1,4,0,0,8,0,8,0,0,11,1,12,16,0,16,28
03/21/2022,STJ,MO,ACE,CE,Federal Contract Tower,0,0,0,1,1,0,0,0,0,0,0,0,0,1,1,10,0,10,11
03/22/2022,STJ,MO,ACE,CE,Federal Contract Tower,0,0,7,2,9,0,0,0,0,0,0,0,7,2,9,0,0,0,9
03/23/2022,STJ,MO,ACE,CE,Federal Contract Tower,0,0,4,2,6,0,0,0,0,0,0,0,4,2,6,0,0,0,6
03/24/2022,STJ,MO,ACE,CE,Federal Contract Tower,0,0,5,14,19,0,2,3,16,21,0,2,8,30,40,2,28,30,70
03/25/2022,STJ,MO,ACE,CE,Federal Contract Tower,0,0,12,0,12,0,1,11,0,12,0,1,23,0,24,2,0,2,26
03/26/2022,STJ,MO,ACE,CE,Federal Contract Tower,0,0,4,0,4,0,1,17,0,18,0,1,21,0,22,14,0,14,36
03/27/2022,STJ,MO,ACE,CE,Federal Contract Tower,0,0,0,0,0,0,0,23,1,24,0,0,23,1,24,12,0,12,36
03/28/2022,STJ,MO,ACE,CE,Federal Contract Tower,0,0,10,7,17,0,0,19,7,26,0,0,29,14,43,10,24,34,77
03/29/2022,STJ,MO,ACE,CE,Federal Contract Tower,0,0,6,0,6,0,0,1,7,8,0,0,7,7,14,0,24,24,38
03/30/2022,STJ,MO,ACE,CE,Federal Contract Tower,0,0,4,16,20,0,2,1,2,5,0,2,5,18,25,0,8,8,33
03/31/2022,STJ,MO,ACE,CE,Federal Contract Tower,0,0,3,5,8,0,0,11,16,27,0,0,14,21,35,0,52,52,87
04/01/2022,STJ,MO,ACE,CE,Federal Contract Tower,0,0,19,4,23,0,0,17,0,17,0,0,36,4,40,30,0,30,70
04/02/2022,STJ,MO,ACE,CE,Federal Contract Tower,0,0,6,6,12,0,0,10,12,22,0,0,16,18,34,28,2,30,64
04/03/2022,STJ,MO,ACE,CE,Federal Contract Tower,0,0,11,12,23,0,0,14,21,35,0,0,25,33,58,6,6,12,70
04/04/2022,STJ,MO,ACE,CE,Federal Contract Tower,0,0,5,11,16,0,6,23,12,41,0,6,28,23,57,76,20,96,153
04/05/2022,STJ,MO,ACE,CE,Federal Contract Tower,0,0,13,3,16,0,2,4,1,7,0,2,17,4,23,2,2,4,27
04/06/2022,STJ,MO,ACE,CE,Federal Contract Tower,0,0,3,0,3,0,2,9,23,34,0,2,12,23,37,0,24,24,61
04/07/2022,STJ,MO,ACE,CE,Federal Contract Tower,0,0,5,5,10,0,0,2,0,2,0,0,7,5,12,2,0,2,14
04/08/2022,STJ,MO,ACE,CE,Federal Contract Tower,0,0,3,0,3,0,1,9,12,22,0,1,12,12,25,6,0,6,31
04/09/2022,STJ,MO,ACE,CE,Federal Contract Tower,0,0,5,0,5,0,0,17,0,17,0,0,22,0,22,62,0,62,84
04/10/2022,STJ,MO,ACE,CE,Federal Contract Tower,0,0,3,1,4,0,0,10,0,10,0,0,13,1,14,2,0,2,16
04/11/2022,STJ,MO,ACE,CE,Federal Contract Tower,0,0,13,4,17,0,4,17,0,21,0,4,30,4,38,26,0,26,64
04/12/2022,STJ,MO,ACE,CE,Federal Contract Tower,0,0,1,7,8,0,0,1,0,1,0,0,2,7,9,0,8,8,17
04/13/2022,STJ,MO,ACE,CE,Federal Contract Tower,0,0,9,4,13,0,3,9,6,18,0,3,18,10,31,0,32,32,63
04/14/2022,STJ,MO,ACE,CE,Federal Contract Tower,0,0,8,4,12,0,2,9,10,21,0,2,17,14,33,9,18,27,60
04/15/2022,STJ,MO,ACE,CE,Federal Contract Tower,0,0,8,10,18,0,0,37,2,39,0,0,45,12,57,18,24,42,99
04/16/2022,STJ,MO,ACE,CE,Federal Contract Tower,0,0,6,1,7,0,0,11,0,11,0,0,17,1,18,26,0,26,44
04/17/2022,STJ,MO,ACE,CE,Federal Contract Tower,0,0,0,0,0,0,0,0,0,0,0,0,0,0,0,0,0,0,0
04/18/2022,STJ,MO,ACE,CE,Federal Contract Tower,0,0,7,1,8,0,0,5,2,7,0,0,12,3,15,2,2,4,19
04/19/2022,STJ,MO,ACE,CE,Federal Contract Tower,0,0,3,5,8,0,0,14,6,20,0,0,17,11,28,6,14,20,48
04/20/2022,STJ,MO,ACE,CE,Federal Contract Tower,0,0,10,6,16,0,0,0,2,2,0,0,10,8,18,0,0,0,18
04/21/2022,STJ,MO,ACE,CE,Federal Contract Tower,0,0,8,2,10,0,0,6,2,8,0,0,14,4,18,0,16,16,34
04/22/2022,STJ,MO,ACE,CE,Federal Contract Tower,0,0,6,3,9,0,0,1,1,2,0,0,7,4,11,2,0,2,13
04/23/2022,STJ,MO,ACE,CE,Federal Contract Tower,0,0,3,0,3,0,0,0,0,0,0,0,3,0,3,0,0,0,3
04/24/2022,STJ,MO,ACE,CE,Federal Contract Tower,0,0,4,2,6,0,0,12,0,12,0,0,16,2,18,0,0,0,18
04/25/2022,STJ,MO,ACE,CE,Federal Contract Tower,0,0,8,1,9,0,2,14,1,17,0,2,22,2,26,6,2,8,34
04/26/2022,STJ,MO,ACE,CE,Federal Contract Tower,0,0,5,1,6,1,0,20,2,23,1,0,25,3,29,0,54,54,83
04/27/2022,STJ,MO,ACE,CE,Federal Contract Tower,0,0,8,7,15,0,2,15,0,17,0,2,23,7,32,16,22,38,70
04/28/2022,STJ,MO,ACE,CE,Federal Contract Tower,0,0,6,2,8,0,4,7,12,23,0,4,13,14,31,10,36,46,77
04/29/2022,STJ,MO,ACE,CE,Federal Contract Tower,0,0,3,6,9,0,0,0,0,0,0,0,3,6,9,2,22,24,33
05/01/2022,STJ,MO,ACE,CE,Federal Contract Tower,0,0,5,18,23,0,1,5,4,10,0,1,10,22,33,16,0,16,49
05/02/2022,STJ,MO,ACE,CE,Federal Contract Tower,0,0,10,4,14,0,2,7,14,23,0,2,17,18,37,6,32,38,75
05/03/2022,STJ,MO,ACE,CE,Federal Contract Tower,0,0,4,9,13,0,0,11,4,15,0,0,15,13,28,58,30,88,116
05/04/2022,STJ,MO,ACE,CE,Federal Contract Tower,0,0,10,0,10,0,0,9,0,9,0,0,19,0,19,4,0,4,23
05/05/2022,STJ,MO,ACE,CE,Federal Contract Tower,0,0,10,20,30,0,0,0,0,0,0,0,10,20,30,0,0,0,30
05/06/2022,STJ,MO,ACE,CE,Federal Contract Tower,0,0,9,1,10,0,0,22,0,22,0,0,31,1,32,20,0,20,52
05/07/2022,STJ,MO,ACE,CE,Federal Contract Tower,0,0,0,0,0,0,0,4,0,4,0,0,4,0,4,22,0,22,26
05/08/2022,STJ,MO,ACE,CE,Federal Contract Tower,0,2,7,0,9,0,1,5,0,6,0,3,12,0,15,0,0,0,15
05/09/2022,STJ,MO,ACE,CE,Federal Contract Tower,0,0,3,0,3,0,2,0,0,2,0,2,3,0,5,2,0,2,7
05/10/2022,STJ,MO,ACE,CE,Federal Contract Tower,0,0,6,3,9,0,2,26,3,31,0,2,32,6,40,22,34,56,96
05/11/2022,STJ,MO,ACE,CE,Federal Contract Tower,0,0,5,3,8,0,6,21,11,38,0,6,26,14,46,30,14,44,90
05/12/2022,STJ,MO,ACE,CE,Federal Contract Tower,0,0,5,11,16,0,0,8,10,18,0,0,13,21,34,6,42,48,82
05/13/2022,STJ,MO,ACE,CE,Federal Contract Tower,0,0,6,2,8,0,2,10,2,14,0,2,16,4,22,6,22,28,50
05/14/2022,STJ,MO,ACE,CE,Federal Contract Tower,0,0,6,1,7,0,2,12,0,14,0,2,18,1,21,0,0,0,21
05/15/2022,STJ,MO,ACE,CE,Federal Contract Tower,0,0,1,3,4,0,0,7,0,7,0,0,8,3,11,0,0,0,11
05/16/2022,STJ,MO,ACE,CE,Federal Contract Tower,0,0,8,3,11,0,0,25,6,31,0,0,33,9,42,34,22,56,98
05/17/2022,STJ,MO,ACE,CE,Federal Contract Tower,0,0,12,7,19,0,2,15,1,18,0,2,27,8,37,30,0,30,67
05/18/2022,STJ,MO,ACE,CE,Federal Contract Tower,0,0,5,10,15,0,1,41,4,46,0,1,46,14,61,36,30,66,127
05/19/2022,STJ,MO,ACE,CE,Federal Contract Tower,0,0,6,0,6,0,0,10,0,10,0,0,16,0,16,46,26,72,88
05/20/2022,STJ,MO,ACE,CE,Federal Contract Tower,0,0,7,2,9,0,0,16,0,16,0,0,23,2,25,14,0,14,39
05/21/2022,STJ,MO,ACE,CE,Federal Contract Tower,0,0,10,0,10,0,0,7,0,7,0,0,17,0,17,0,0,0,17
05/22/2022,STJ,MO,ACE,CE,Federal Contract Tower,0,0,8,0,8,0,2,35,0,37,0,2,43,0,45,18,0,18,63
05/23/2022,STJ,MO,ACE,CE,Federal Contract Tower,0,0,2,4,6,0,0,21,3,24,0,0,23,7,30,20,10,30,60
05/24/2022,STJ,MO,ACE,CE,Federal Contract Tower,0,0,5,38,43,0,0,2,2,4,0,0,7,40,47,0,2,2,49
05/25/2022,STJ,MO,ACE,CE,Federal Contract Tower,0,0,6,15,21,0,0,0,2,2,0,0,6,17,23,0,22,22,45
05/26/2022,STJ,MO,ACE,CE,Federal Contract Tower,0,0,18,4,22,0,0,3,0,3,0,0,21,4,25,6,2,8,33
05/27/2022,STJ,MO,ACE,CE,Federal Contract Tower,0,0,13,2,15,0,0,112,0,112,0,0,125,2,127,58,0,58,185
05/28/2022,STJ,MO,ACE,CE,Federal Contract Tower,0,0,6,0,6,0,5,125,0,130,0,5,131,0,136,6,0,6,142
05/29/2022,STJ,MO,ACE,CE,Federal Contract Tower,0,0,3,0,3,0,4,47,0,51,0,4,50,0,54,0,0,0,54
05/30/2022,STJ,MO,ACE,CE,Federal Contract Tower,0,0,0,0,0,0,0,4,0,4,0,0,4,0,4,0,0,0,4
05/31/2022,STJ,MO,ACE,CE,Federal Contract Tower,0,0,8,8,16,0,0,10,9,19,0,0,18,17,35,0,18,18,53
06/01/2022,STJ,MO,ACE,CE,Federal Contract Tower,0,0,9,0,9,0,0,13,0,13,0,0,22,0,22,12,0,12,34
06/02/2022,STJ,MO,ACE,CE,Federal Contract Tower,0,0,6,0,6,0,0,50,16,66,0,0,56,16,72,54,8,62,134
06/03/2022,STJ,MO,ACE,CE,Federal Contract Tower,0,0,1,4,5,0,3,102,4,109,0,3,103,8,114,16,22,38,152
06/04/2022,STJ,MO,ACE,CE,Federal Contract Tower,0,0,4,0,4,0,0,11,6,17,0,0,15,6,21,6,20,26,47
06/05/2022,STJ,MO,ACE,CE,Federal Contract Tower,0,0,4,1,5,0,0,15,1,16,0,0,19,2,21,2,0,2,23
06/06/2022,STJ,MO,ACE,CE,Federal Contract Tower,0,0,13,1,14,0,0,24,0,24,0,0,37,1,38,32,0,32,70
06/07/2022,STJ,MO,ACE,CE,Federal Contract Tower,0,0,12,11,23,0,2,14,7,23,0,2,26,18,46,25,24,49,95
06/08/2022,STJ,MO,ACE,CE,Federal Contract Tower,0,0,6,6,12,0,2,32,15,49,0,2,38,21,61,8,34,42,103
06/09/2022,STJ,MO,ACE,CE,Federal Contract Tower,0,0,6,0,6,0,2,26,0,28,0,2,32,0,34,52,0,52,86
06/10/2022,STJ,MO,ACE,CE,Federal Contract Tower,0,0,5,0,5,0,4,46,0,50,0,4,51,0,55,2,0,2,57
06/11/2022,STJ,MO,ACE,CE,Federal Contract Tower,0,0,4,0,4,0,2,25,0,27,0,2,29,0,31,52,0,52,83
06/12/2022,STJ,MO,ACE,CE,Federal Contract Tower,0,1,1,2,4,0,0,5,0,5,0,1,6,2,9,0,0,0,9
06/13/2022,STJ,MO,ACE,CE,Federal Contract Tower,0,0,4,8,12,0,0,7,2,9,0,0,11,10,21,12,0,12,33
06/14/2022,STJ,MO,ACE,CE,Federal Contract Tower,0,0,2,5,7,0,0,8,10,18,0,0,10,15,25,2,6,8,33
06/15/2022,STJ,MO,ACE,CE,Federal Contract Tower,0,0,7,6,13,0,0,11,10,21,0,0,18,16,34,0,30,30,64
06/16/2022,STJ,MO,ACE,CE,Federal Contract Tower,0,0,4,22,26,0,0,16,17,33,0,0,20,39,59,36,42,78,137
06/17/2022,STJ,MO,ACE,CE,Federal Contract Tower,0,0,7,2,9,0,0,57,0,57,0,0,64,2,66,54,0,54,120
06/18/2022,STJ,MO,ACE,CE,Federal Contract Tower,0,0,4,2,6,0,2,124,0,126,0,2,128,2,132,2,0,2,134
06/20/2022,STJ,MO,ACE,CE,Federal Contract Tower,0,0,6,2,8,0,0,8,0,8,0,0,14,2,16,10,0,10,26
06/21/2022,STJ,MO,ACE,CE,Federal Contract Tower,7,0,3,0,10,0,2,45,4,51,7,2,48,4,61,6,14,20,81
06/22/2022,STJ,MO,ACE,CE,Federal Contract Tower,0,0,6,4,10,0,2,37,0,39,0,2,43,4,49,32,0,32,81
06/23/2022,STJ,MO,ACE,CE,Federal Contract Tower,0,0,5,0,5,0,0,19,0,19,0,0,24,0,24,22,0,22,46
06/24/2022,STJ,MO,ACE,CE,Federal Contract Tower,0,0,5,3,8,0,0,10,0,10,0,0,15,3,18,18,0,18,36
06/25/2022,STJ,MO,ACE,CE,Federal Contract Tower,0,0,2,3,5,0,4,112,0,116,0,4,114,3,121,0,0,0,121
06/26/2022,STJ,MO,ACE,CE,Federal Contract Tower,0,0,2,0,2,0,2,11,0,13,0,2,13,0,15,0,0,0,15
06/27/2022,STJ,MO,ACE,CE,Federal Contract Tower,0,0,5,6,11,0,5,35,0,40,0,5,40,6,51,18,0,18,69
06/28/2022,STJ,MO,ACE,CE,Federal Contract Tower,0,0,16,0,16,0,3,130,4,137,0,3,146,4,153,0,14,14,167
06/29/2022,STJ,MO,ACE,CE,Federal Contract Tower,0,0,4,9,13,0,0,28,1,29,0,0,32,10,42,8,6,14,56
06/30/2022,STJ,MO,ACE,CE,Federal Contract Tower,0,0,2,2,4,0,0,7,0,7,0,0,9,2,11,0,0,0,11
07/01/2022,STJ,MO,ACE,CE,Federal Contract Tower,0,0,2,1,3,0,1,12,0,13,0,1,14,1,16,16,0,16,32
07/02/2022,STJ,MO,ACE,CE,Federal Contract Tower,0,0,0,0,0,0,1,2,0,3,0,1,2,0,3,0,0,0,3
07/03/2022,STJ,MO,ACE,CE,Federal Contract Tower,0,0,0,0,0,0,0,1,0,1,0,0,1,0,1,0,0,0,1
07/04/2022,STJ,MO,ACE,CE,Federal Contract Tower,0,0,4,1,5,0,0,10,0,10,0,0,14,1,15,0,0,0,15
07/05/2022,STJ,MO,ACE,CE,Federal Contract Tower,0,0,3,0,3,0,0,9,0,9,0,0,12,0,12,36,0,36,48
07/06/2022,STJ,MO,ACE,CE,Federal Contract Tower,0,0,6,2,8,0,0,19,2,21,0,0,25,4,29,8,10,18,47
07/07/2022,STJ,MO,ACE,CE,Federal Contract Tower,0,0,10,1,11,0,0,26,4,30,0,0,36,5,41,6,0,6,47
07/08/2022,STJ,MO,ACE,CE,Federal Contract Tower,0,0,7,0,7,0,0,42,2,44,0,0,49,2,51,36,0,36,87
07/09/2022,STJ,MO,ACE,CE,Federal Contract Tower,0,0,8,0,8,0,4,57,2,63,0,4,65,2,71,8,0,8,79
07/10/2022,STJ,MO,ACE,CE,Federal Contract Tower,0,0,5,1,6,0,0,46,0,46,0,0,51,1,52,0,0,0,52
07/11/2022,STJ,MO,ACE,CE,Federal Contract Tower,0,0,5,2,7,0,0,78,2,80,0,0,83,4,87,16,10,26,113
07/12/2022,STJ,MO,ACE,CE,Federal Contract Tower,0,0,5,3,8,0,0,62,2,64,0,0,67,5,72,22,56,78,150
07/13/2022,STJ,MO,ACE,CE,Federal Contract Tower,0,0,7,13,20,0,0,48,2,50,0,0,55,15,70,50,26,76,146
07/14/2022,STJ,MO,ACE,CE,Federal Contract Tower,0,0,1,2,3,0,2,28,6,36,0,2,29,8,39,20,8,28,67
07/15/2022,STJ,MO,ACE,CE,Federal Contract Tower,0,0,2,2,4,0,0,20,0,20,0,0,22,2,24,14,0,14,38
07/16/2022,STJ,MO,ACE,CE,Federal Contract Tower,0,0,3,0,3,0,0,18,0,18,0,0,21,0,21,22,0,22,43
07/17/2022,STJ,MO,ACE,CE,Federal Contract Tower,0,0,5,0,5,0,2,53,0,55,0,2,58,0,60,0,0,0,60
07/18/2022,STJ,MO,ACE,CE,Federal Contract Tower,0,0,1,3,4,0,2,66,0,68,0,2,67,3,72,30,0,30,102
07/19/2022,STJ,MO,ACE,CE,Federal Contract Tower,0,0,5,9,14,0,0,37,8,45,0,0,42,17,59,30,12,42,101
07/20/2022,STJ,MO,ACE,CE,Federal Contract Tower,0,0,11,13,24,0,2,23,15,40,0,2,34,28,64,26,20,46,110
07/21/2022,STJ,MO,ACE,CE,Federal Contract Tower,0,0,6,12,18,0,0,35,4,39,0,0,41,16,57,20,34,54,111
07/22/2022,STJ,MO,ACE,CE,Federal Contract Tower,0,0,8,2,10,0,0,18,2,20,0,0,26,4,30,30,20,50,80
07/23/2022,STJ,MO,ACE,CE,Federal Contract Tower,0,0,5,1,6,0,6,6,0,12,0,6,11,1,18,0,0,0,18
07/24/2022,STJ,MO,ACE,CE,Federal Contract Tower,0,0,4,0,4,0,5,48,0,53,0,5,52,0,57,0,0,0,57
07/25/2022,STJ,MO,ACE,CE,Federal Contract Tower,0,0,3,17,20,0,0,3,2,5,0,0,6,19,25,0,6,6,31
07/26/2022,STJ,MO,ACE,CE,Federal Contract Tower,0,0,12,19,31,0,1,9,0,10,0,1,21,19,41,4,0,4,45
07/27/2022,STJ,MO,ACE,CE,Federal Contract Tower,0,0,8,10,18,0,0,27,2,29,0,0,35,12,47,16,12,28,75
07/28/2022,STJ,MO,ACE,CE,Federal Contract Tower,0,0,14,6,20,0,0,26,12,38,0,0,40,18,58,12,40,52,110
07/29/2022,STJ,MO,ACE,CE,Federal Contract Tower,0,0,5,2,7,0,0,25,2,27,0,0,30,4,34,27,0,27,61
07/30/2022,STJ,MO,ACE,CE,Federal Contract Tower,0,0,9,0,9,0,0,61,0,61,0,0,70,0,70,0,0,0,70
07/31/2022,STJ,MO,ACE,CE,Federal Contract Tower,0,2,6,0,8,0,2,20,0,22,0,4,26,0,30,18,0,18,48
08/01/2022,STJ,MO,ACE,CE,Federal Contract Tower,0,0,2,1,3,0,0,15,3,18,0,0,17,4,21,24,0,24,45
08/02/2022,STJ,MO,ACE,CE,Federal Contract Tower,0,0,9,4,13,0,0,18,18,36,0,0,27,22,49,20,30,50,99
08/03/2022,STJ,MO,ACE,CE,Federal Contract Tower,0,0,10,1,11,0,0,4,2,6,0,0,14,3,17,0,4,4,21
08/04/2022,STJ,MO,ACE,CE,Federal Contract Tower,0,0,5,6,11,0,0,30,22,52,0,0,35,28,63,26,32,58,121
08/05/2022,STJ,MO,ACE,CE,Federal Contract Tower,0,0,7,4,11,0,0,12,2,14,0,0,19,6,25,6,2,8,33
08/06/2022,STJ,MO,ACE,CE,Federal Contract Tower,0,0,7,3,10,0,0,14,0,14,0,0,21,3,24,0,0,0,24
08/07/2022,STJ,MO,ACE,CE,Federal Contract Tower,0,1,2,2,5,0,2,24,11,37,0,3,26,13,42,8,6,14,56
08/08/2022,STJ,MO,ACE,CE,Federal Contract Tower,0,0,5,5,10,0,0,0,8,8,0,0,5,13,18,0,4,4,22
08/09/2022,STJ,MO,ACE,CE,Federal Contract Tower,0,0,6,0,6,0,2,10,2,14,0,2,16,2,20,43,8,51,71
08/10/2022,STJ,MO,ACE,CE,Federal Contract Tower,0,0,13,12,25,0,2,41,0,43,0,2,54,12,68,4,0,4,72
08/11/2022,STJ,MO,ACE,CE,Federal Contract Tower,0,0,1,8,9,0,3,3,1,7,0,3,4,9,16,13,32,45,61
08/12/2022,STJ,MO,ACE,CE,Federal Contract Tower,0,0,9,0,9,0,1,16,0,17,0,1,25,0,26,6,2,8,34
08/13/2022,STJ,MO,ACE,CE,Federal Contract Tower,0,0,4,8,12,0,0,18,6,24,0,0,22,14,36,2,0,2,38
08/14/2022,STJ,MO,ACE,CE,Federal Contract Tower,0,0,6,0,6,0,0,22,0,22,0,0,28,0,28,20,0,20,48
08/15/2022,STJ,MO,ACE,CE,Federal Contract Tower,0,0,4,4,8,0,0,3,0,3,0,0,7,4,11,26,0,26,37
08/16/2022,STJ,MO,ACE,CE,Federal Contract Tower,0,1,3,29,33,0,1,2,0,3,0,2,5,29,36,0,0,0,36
08/17/2022,STJ,MO,ACE,CE,Federal Contract Tower,0,2,10,3,15,0,2,27,20,49,0,4,37,23,64,8,46,54,118
08/18/2022,STJ,MO,ACE,CE,Federal Contract Tower,0,0,10,6,16,0,0,7,9,16,0,0,17,15,32,26,28,54,86
08/19/2022,STJ,MO,ACE,CE,Federal Contract Tower,0,0,10,0,10,0,2,10,0,12,0,2,20,0,22,17,0,17,39
08/20/2022,STJ,MO,ACE,CE,Federal Contract Tower,0,0,22,0,22,0,4,8,0,12,0,4,30,0,34,12,0,12,46
08/21/2022,STJ,MO,ACE,CE,Federal Contract Tower,0,1,4,0,5,0,1,25,0,26,0,2,29,0,31,8,0,8,39
08/22/2022,STJ,MO,ACE,CE,Federal Contract Tower,0,0,9,12,21,0,1,15,14,30,0,1,24,26,51,16,16,32,83
08/23/2022,STJ,MO,ACE,CE,Federal Contract Tower,0,0,5,9,14,0,2,7,4,13,0,2,12,13,27,38,30,68,95
08/24/2022,STJ,MO,ACE,CE,Federal Contract Tower,0,0,3,15,18,0,0,37,17,54,0,0,40,32,72,32,14,46,118
08/25/2022,STJ,MO,ACE,CE,Federal Contract Tower,0,0,3,3,6,0,1,11,14,26,0,1,14,17,32,58,44,102,134
08/26/2022,STJ,MO,ACE,CE,Federal Contract Tower,0,14,0,4,18,1,0,4,0,5,1,14,4,4,23,9,1,10,33
08/27/2022,STJ,MO,ACE,CE,Federal Contract Tower,0,0,1,2,3,0,2,28,0,30,0,2,29,2,33,46,0,46,79
08/28/2022,STJ,MO,ACE,CE,Federal Contract Tower,0,0,1,1,2,0,0,12,0,12,0,0,13,1,14,0,0,0,14
08/29/2022,STJ,MO,ACE,CE,Federal Contract Tower,0,0,3,10,13,0,0,2,0,2,0,0,5,10,15,16,0,16,31
08/30/2022,STJ,MO,ACE,CE,Federal Contract Tower,0,3,7,10,20,0,1,11,20,32,0,4,18,30,52,46,40,86,138
08/31/2022,STJ,MO,ACE,CE,Federal Contract Tower,0,0,8,8,16,0,0,23,18,41,0,0,31,26,57,2,20,22,79
09/01/2022,STJ,MO,ACE,CE,Federal Contract Tower,0,0,8,5,13,0,1,20,12,33,0,1,28,17,46,34,34,68,114
09/02/2022,STJ,MO,ACE,CE,Federal Contract Tower,0,0,15,1,16,1,4,17,3,25,1,4,32,4,41,6,4,10,51
09/03/2022,STJ,MO,ACE,CE,Federal Contract Tower,0,0,6,0,6,0,6,8,0,14,0,6,14,0,20,16,0,16,36
09/04/2022,STJ,MO,ACE,CE,Federal Contract Tower,0,1,7,0,8,0,1,8,0,9,0,2,15,0,17,8,0,8,25
09/05/2022,STJ,MO,ACE,CE,Federal Contract Tower,0,0,7,0,7,0,0,3,0,3,0,0,10,0,10,0,0,0,10
09/06/2022,STJ,MO,ACE,CE,Federal Contract Tower,0,0,10,22,32,0,0,5,0,5,0,0,15,22,37,16,8,24,61
09/07/2022,STJ,MO,ACE,CE,Federal Contract Tower,0,0,7,4,11,0,0,20,4,24,0,0,27,8,35,10,10,20,55
09/08/2022,STJ,MO,ACE,CE,Federal Contract Tower,0,0,6,9,15,0,0,9,12,21,0,0,15,21,36,18,26,44,80
09/09/2022,STJ,MO,ACE,CE,Federal Contract Tower,0,0,6,14,20,0,0,18,1,19,0,0,24,15,39,28,20,48,87
09/10/2022,STJ,MO,ACE,CE,Federal Contract Tower,0,0,1,2,3,0,0,0,4,4,0,0,1,6,7,0,0,0,7
09/11/2022,STJ,MO,ACE,CE,Federal Contract Tower,0,0,10,0,10,0,0,10,0,10,0,0,20,0,20,36,0,36,56
09/12/2022,STJ,MO,ACE,CE,Federal Contract Tower,0,0,4,3,7,0,0,15,1,16,0,0,19,4,23,20,6,26,49
09/13/2022,STJ,MO,ACE,CE,Federal Contract Tower,0,0,7,8,15,0,0,10,6,16,0,0,17,14,31,34,32,66,97
09/14/2022,STJ,MO,ACE,CE,Federal Contract Tower,0,0,11,7,18,0,0,15,20,35,0,0,26,27,53,4,27,31,84
09/15/2022,STJ,MO,ACE,CE,Federal Contract Tower,0,0,10,1,11,0,1,18,18,37,0,1,28,19,48,20,30,50,98
09/16/2022,STJ,MO,ACE,CE,Federal Contract Tower,0,0,11,1,12,0,0,29,0,29,0,0,40,1,41,35,0,35,76
09/17/2022,STJ,MO,ACE,CE,Federal Contract Tower,0,0,0,0,0,0,0,6,0,6,0,0,6,0,6,0,0,0,6
09/18/2022,STJ,MO,ACE,CE,Federal Contract Tower,0,0,14,0,14,0,0,17,0,17,0,0,31,0,31,10,0,10,41
09/19/2022,STJ,MO,ACE,CE,Federal Contract Tower,0,0,8,5,13,0,0,15,12,27,0,0,23,17,40,22,34,56,96
09/20/2022,STJ,MO,ACE,CE,Federal Contract Tower,0,0,10,16,26,0,0,25,12,37,0,0,35,28,63,22,34,56,119
09/21/2022,STJ,MO,ACE,CE,Federal Contract Tower,0,0,4,4,8,0,0,9,15,24,0,0,13,19,32,14,26,40,72
09/22/2022,STJ,MO,ACE,CE,Federal Contract Tower,0,0,2,2,4,0,0,26,8,34,0,0,28,10,38,14,8,22,60
09/23/2022,STJ,MO,ACE,CE,Federal Contract Tower,0,0,14,0,14,0,0,0,2,2,0,0,14,2,16,0,0,0,16
09/24/2022,STJ,MO,ACE,CE,Federal Contract Tower,0,0,3,0,3,0,0,16,2,18,0,0,19,2,21,8,6,14,35
09/25/2022,STJ,MO,ACE,CE,Federal Contract Tower,0,0,4,3,7,0,0,9,1,10,0,0,13,4,17,6,2,8,25
09/26/2022,STJ,MO,ACE,CE,Federal Contract Tower,0,0,5,17,22,0,0,20,1,21,0,0,25,18,43,18,0,18,61
09/27/2022,STJ,MO,ACE,CE,Federal Contract Tower,0,0,6,0,6,0,0,26,0,26,0,0,32,0,32,36,0,36,68
09/28/2022,STJ,MO,ACE,CE,Federal Contract Tower,0,0,11,4,15,0,0,11,0,11,0,0,22,4,26,9,0,9,35
10/01/2022,STJ,MO,ACE,CE,Federal Contract Tower,0,0,3,0,3,0,0,18,0,18,0,0,21,0,21,38,0,38,59
10/02/2022,STJ,MO,ACE,CE,Federal Contract Tower,0,0,2,0,2,0,0,29,2,31,0,0,31,2,33,32,0,32,65
10/03/2022,STJ,MO,ACE,CE,Federal Contract Tower,0,0,4,4,8,0,0,20,2,22,0,0,24,6,30,20,2,22,52
10/04/2022,STJ,MO,ACE,CE,Federal Contract Tower,0,0,7,1,8,0,0,11,0,11,0,0,18,1,19,4,0,4,23
10/05/2022,STJ,MO,ACE,CE,Federal Contract Tower,0,0,9,4,13,0,0,17,14,31,0,0,26,18,44,8,2,10,54
10/06/2022,STJ,MO,ACE,CE,Federal Contract Tower,0,2,15,0,17,0,0,47,17,64,0,2,62,17,81,36,0,36,117
10/07/2022,STJ,MO,ACE,CE,Federal Contract Tower,0,0,10,0,10,0,0,83,0,83,0,0,93,0,93,16,0,16,109
10/08/2022,STJ,MO,ACE,CE,Federal Contract Tower,0,0,6,0,6,0,0,109,0,109,0,0,115,0,115,16,0,16,131
10/09/2022,STJ,MO,ACE,CE,Federal Contract Tower,0,0,18,0,18,0,0,67,0,67,0,0,85,0,85,4,0,4,89
10/10/2022,STJ,MO,ACE,CE,Federal Contract Tower,0,0,3,3,6,0,0,19,0,19,0,0,22,3,25,6,0,6,31
10/11/2022,STJ,MO,ACE,CE,Federal Contract Tower,0,0,6,3,9,0,0,2,0,2,0,0,8,3,11,0,0,0,11
10/12/2022,STJ,MO,ACE,CE,Federal Contract Tower,0,0,4,0,4,0,0,12,0,12,0,0,16,0,16,8,0,8,24
10/13/2022,STJ,MO,ACE,CE,Federal Contract Tower,0,0,6,6,12,0,0,3,0,3,0,0,9,6,15,6,0,6,21
10/14/2022,STJ,MO,ACE,CE,Federal Contract Tower,0,0,7,2,9,0,0,8,0,8,0,0,15,2,17,0,0,0,17
10/15/2022,STJ,MO,ACE,CE,Federal Contract Tower,0,0,4,0,4,0,0,11,0,11,0,0,15,0,15,6,0,6,21
10/16/2022,STJ,MO,ACE,CE,Federal Contract Tower,0,0,3,0,3,0,0,17,0,17,0,0,20,0,20,12,22,34,54
10/18/2022,STJ,MO,ACE,CE,Federal Contract Tower,0,0,7,4,11,0,0,11,0,11,0,0,18,4,22,14,0,14,36
10/19/2022,STJ,MO,ACE,CE,Federal Contract Tower,0,0,14,8,22,0,0,12,1,13,0,0,26,9,35,10,18,28,63
10/20/2022,STJ,MO,ACE,CE,Federal Contract Tower,0,0,5,1,6,0,0,24,11,35,0,0,29,12,41,14,0,14,55
10/21/2022,STJ,MO,ACE,CE,Federal Contract Tower,0,0,19,1,20,0,0,24,0,24,0,0,43,1,44,30,0,30,74
10/22/2022,STJ,MO,ACE,CE,Federal Contract Tower,0,0,10,3,13,0,0,17,1,18,0,0,27,4,31,18,10,28,59
10/23/2022,STJ,MO,ACE,CE,Federal Contract Tower,0,2,1,2,5,0,0,2,0,2,0,2,3,2,7,0,0,0,7
10/24/2022,STJ,MO,ACE,CE,Federal Contract Tower,0,0,5,2,7,0,0,1,0,1,0,0,6,2,8,0,0,0,8
10/25/2022,STJ,MO,ACE,CE,Federal Contract Tower,0,0,4,8,12,0,2,12,0,14,0,2,16,8,26,16,0,16,42
10/26/2022,STJ,MO,ACE,CE,Federal Contract Tower,0,0,9,15,24,0,0,37,2,39,0,0,46,17,63,100,0,100,163
10/27/2022,STJ,MO,ACE,CE,Federal Contract Tower,0,0,5,0,5,0,0,4,0,4,0,0,9,0,9,8,0,8,17
10/28/2022,STJ,MO,ACE,CE,Federal Contract Tower,0,0,7,2,9,0,0,23,16,39,0,0,30,18,48,30,0,30,78
10/29/2022,STJ,MO,ACE,CE,Federal Contract Tower,0,0,7,8,15,0,0,23,0,23,0,0,30,8,38,24,6,30,68
10/30/2022,STJ,MO,ACE,CE,Federal Contract Tower,0,0,5,1,6,0,0,29,0,29,0,0,34,1,35,26,0,26,61
10/31/2022,STJ,MO,ACE,CE,Federal Contract Tower,0,0,7,6,13,0,0,22,0,22,0,0,29,6,35,66,0,66,101
11/01/2022,STJ,MO,ACE,CE,Federal Contract Tower,0,0,12,0,12,0,0,18,0,18,0,0,30,0,30,52,0,52,82
11/02/2022,STJ,MO,ACE,CE,Federal Contract Tower,0,0,6,1,7,0,2,4,8,14,0,2,10,9,21,6,4,10,31
11/03/2022,STJ,MO,ACE,CE,Federal Contract Tower,0,0,8,0,8,0,0,2,14,16,0,0,10,14,24,0,0,0,24
11/04/2022,STJ,MO,ACE,CE,Federal Contract Tower,0,0,4,1,5,0,0,0,0,0,0,0,4,1,5,0,0,0,5
11/05/2022,STJ,MO,ACE,CE,Federal Contract Tower,0,0,3,1,4,0,0,2,0,2,0,0,5,1,6,0,0,0,6
11/06/2022,STJ,MO,ACE,CE,Federal Contract Tower,0,0,7,0,7,0,0,33,0,33,0,0,40,0,40,12,0,12,52
11/07/2022,STJ,MO,ACE,CE,Federal Contract Tower,0,0,10,4,14,0,0,9,15,24,0,0,19,19,38,24,4,28,66
11/08/2022,STJ,MO,ACE,CE,Federal Contract Tower,0,0,5,0,5,0,0,4,2,6,0,0,9,2,11,16,0,16,27
11/09/2022,STJ,MO,ACE,CE,Federal Contract Tower,0,0,7,0,7,0,0,2,0,2,0,0,9,0,9,0,0,0,9
11/10/2022,STJ,MO,ACE,CE,Federal Contract Tower,0,0,0,0,0,0,0,0,0,0,0,0,0,0,0,10,0,10,10
11/11/2022,STJ,MO,ACE,CE,Federal Contract Tower,0,0,0,0,0,0,0,5,0,5,0,0,5,0,5,10,0,10,15
11/12/2022,STJ,MO,ACE,CE,Federal Contract Tower,0,0,4,0,4,0,0,8,0,8,0,0,12,0,12,6,0,6,18
11/13/2022,STJ,MO,ACE,CE,Federal Contract Tower,0,0,8,0,8,0,2,11,0,13,0,2,19,0,21,8,0,8,29
11/14/2022,STJ,MO,ACE,CE,Federal Contract Tower,0,0,2,0,2,0,0,5,0,5,0,0,7,0,7,21,0,21,28
11/15/2022,STJ,MO,ACE,CE,Federal Contract Tower,0,0,2,4,6,0,0,3,0,3,0,0,5,4,9,17,0,17,26
11/16/2022,STJ,MO,ACE,CE,Federal Contract Tower,0,0,3,0,3,0,0,2,0,2,0,0,5,0,5,0,0,0,5
11/17/2022,STJ,MO,ACE,CE,Federal Contract Tower,0,0,6,2,8,0,2,6,0,8,0,2,12,2,16,8,0,8,24
11/18/2022,STJ,MO,ACE,CE,Federal Contract Tower,0,0,5,0,5,0,0,11,0,11,0,0,16,0,16,12,0,12,28
11/19/2022,STJ,MO,ACE,CE,Federal Contract Tower,0,0,4,0,4,0,0,1,0,1,0,0,5,0,5,0,0,0,5
11/20/2022,STJ,MO,ACE,CE,Federal Contract Tower,0,0,10,0,10,0,0,24,0,24,0,0,34,0,34,10,0,10,44
11/21/2022,STJ,MO,ACE,CE,Federal Contract Tower,0,0,4,0,4,0,0,9,0,9,0,0,13,0,13,45,2,47,60
11/22/2022,STJ,MO,ACE,CE,Federal Contract Tower,0,0,6,2,8,0,0,20,9,29,0,0,26,11,37,32,0,32,69
11/23/2022,STJ,MO,ACE,CE,Federal Contract Tower,0,0,6,8,14,0,0,28,1,29,0,0,34,9,43,24,22,46,89
11/24/2022,STJ,MO,ACE,CE,Federal Contract Tower,0,0,0,0,0,0,0,0,0,0,0,0,0,0,0,0,0,0,0
11/25/2022,STJ,MO,ACE,CE,Federal Contract Tower,0,0,1,0,1,0,0,8,0,8,0,0,9,0,9,0,0,0,9
11/26/2022,STJ,MO,ACE,CE,Federal Contract Tower,0,0,3,0,3,0,0,22,0,22,0,0,25,0,25,4,0,4,29
11/27/2022,STJ,MO,ACE,CE,Federal Contract Tower,0,0,0,0,0,0,0,0,0,0,0,0,0,0,0,2,0,2,2
11/28/2022,STJ,MO,ACE,CE,Federal Contract Tower,0,0,6,0,6,0,0,10,0,10,0,0,16,0,16,8,0,8,24
11/29/2022,STJ,MO,ACE,CE,Federal Contract Tower,0,0,3,9,12,0,0,0,0,0,0,0,3,9,12,0,0,0,12
11/30/2022,STJ,MO,ACE,CE,Federal Contract Tower,0,0,5,1,6,0,0,4,5,9,0,0,9,6,15,10,42,52,67
12/01/2022,STJ,MO,ACE,CE,Federal Contract Tower,0,0,5,3,8,0,0,4,4,8,0,0,9,7,16,2,8,10,26
12/03/2022,STJ,MO,ACE,CE,Federal Contract Tower,0,0,5,0,5,0,0,19,10,29,0,0,24,10,34,16,4,20,54
12/04/2022,STJ,MO,ACE,CE,Federal Contract Tower,0,2,6,0,8,0,0,11,0,11,0,2,17,0,19,4,0,4,23
12/05/2022,STJ,MO,ACE,CE,Federal Contract Tower,0,0,7,8,15,0,0,6,9,15,0,0,13,17,30,40,4,44,74
12/06/2022,STJ,MO,ACE,CE,Federal Contract Tower,0,0,12,15,27,0,0,10,8,18,0,0,22,23,45,30,32,62,107
12/07/2022,STJ,MO,ACE,CE,Federal Contract Tower,0,0,9,15,24,0,0,5,15,20,0,0,14,30,44,30,20,50,94
12/08/2022,STJ,MO,ACE,CE,Federal Contract Tower,0,0,5,0,5,0,0,0,0,0,0,0,5,0,5,0,0,0,5
12/09/2022,STJ,MO,ACE,CE,Federal Contract Tower,0,0,6,8,14,0,0,3,0,3,0,0,9,8,17,0,0,0,17
12/10/2022,STJ,MO,ACE,CE,Federal Contract Tower,0,0,3,0,3,0,0,2,0,2,0,0,5,0,5,10,0,10,15
12/11/2022,STJ,MO,ACE,CE,Federal Contract Tower,0,0,0,0,0,0,0,3,2,5,0,0,3,2,5,0,0,0,5
12/12/2022,STJ,MO,ACE,CE,Federal Contract Tower,0,0,8,27,35,0,0,0,0,0,0,0,8,27,35,0,0,0,35
12/13/2022,STJ,MO,ACE,CE,Federal Contract Tower,0,0,6,2,8,0,0,0,0,0,0,0,6,2,8,0,0,0,8
12/14/2022,STJ,MO,ACE,CE,Federal Contract Tower,0,0,9,2,11,0,0,18,9,27,0,0,27,11,38,60,22,82,120
12/15/2022,STJ,MO,ACE,CE,Federal Contract Tower,0,0,8,0,8,0,0,2,6,8,0,0,10,6,16,0,12,12,28
12/16/2022,STJ,MO,ACE,CE,Federal Contract Tower,0,0,3,2,5,0,0,0,0,0,0,0,3,2,5,0,0,0,5
12/17/2022,STJ,MO,ACE,CE,Federal Contract Tower,0,0,7,0,7,0,0,3,0,3,0,0,10,0,10,0,0,0,10
12/18/2022,STJ,MO,ACE,CE,Federal Contract Tower,0,2,4,0,6,0,8,33,0,41,0,10,37,0,47,6,0,6,53
12/19/2022,STJ,MO,ACE,CE,Federal Contract Tower,0,0,0,7,7,0,0,0,4,4,0,0,0,11,11,0,0,0,11
12/20/2022,STJ,MO,ACE,CE,Federal Contract Tower,0,0,0,2,2,0,0,25,0,25,0,0,25,2,27,14,0,14,41
12/21/2022,STJ,MO,ACE,CE,Federal Contract Tower,0,0,5,6,11,0,0,4,11,15,0,0,9,17,26,2,32,34,60
12/22/2022,STJ,MO,ACE,CE,Federal Contract Tower,0,0,2,0,2,0,0,0,0,0,0,0,2,0,2,0,0,0,2
12/23/2022,STJ,MO,ACE,CE,Federal Contract Tower,0,0,4,0,4,0,0,2,0,2,0,0,6,0,6,0,0,0,6
12/24/2022,STJ,MO,ACE,CE,Federal Contract Tower,0,0,2,0,2,0,0,2,0,2,0,0,4,0,4,0,0,0,4
12/25/2022,STJ,MO,ACE,CE,Federal Contract Tower,0,0,1,0,1,0,0,2,0,2,0,0,3,0,3,0,0,0,3
12/26/2022,STJ,MO,ACE,CE,Federal Contract Tower,0,0,2,0,2,0,0,3,0,3,0,0,5,0,5,4,0,4,9
12/27/2022,STJ,MO,ACE,CE,Federal Contract Tower,0,0,5,1,6,0,0,4,8,12,0,0,9,9,18,16,32,48,66
12/28/2022,STJ,MO,ACE,CE,Federal Contract Tower,0,0,4,0,4,0,0,7,0,7,0,0,11,0,11,0,0,0,11
12/29/2022,STJ,MO,ACE,CE,Federal Contract Tower,0,0,5,2,7,0,0,7,7,14,0,0,12,9,21,12,16,28,49
12/30/2022,STJ,MO,ACE,CE,Federal Contract Tower,0,0,4,0,4,0,0,2,29,31,0,0,6,29,35,28,0,28,63
12/31/2022,STJ,MO,ACE,CE,Federal Contract Tower,0,0,9,0,9,0,0,10,0,10,0,0,19,0,19,14,0,14,33
01/01/2023,STJ,MO,ACE,CE,Federal Contract Tower,0,0,0,0,0,0,0,10,0,10,0,0,10,0,10,10,0,10,20
01/02/2023,STJ,MO,ACE,CE,Federal Contract Tower,0,0,6,0,6,0,0,0,0,0,0,0,6,0,6,0,0,0,6
01/03/2023,STJ,MO,ACE,CE,Federal Contract Tower,0,0,4,9,13,0,0,1,3,4,0,0,5,12,17,0,68,68,85
01/04/2023,STJ,MO,ACE,CE,Federal Contract Tower,0,0,6,4,10,0,0,9,9,18,0,0,15,13,28,0,54,54,82
01/05/2023,STJ,MO,ACE,CE,Federal Contract Tower,0,0,7,0,7,0,0,4,6,10,0,0,11,6,17,54,28,82,99
01/06/2023,STJ,MO,ACE,CE,Federal Contract Tower,0,0,7,2,9,0,1,29,0,30,0,1,36,2,39,38,0,38,77
01/07/2023,STJ,MO,ACE,CE,Federal Contract Tower,0,0,1,0,1,0,0,15,8,23,0,0,16,8,24,0,14,14,38
01/08/2023,STJ,MO,ACE,CE,Federal Contract Tower,0,0,1,5,6,0,0,18,4,22,0,0,19,9,28,8,30,38,66
01/09/2023,STJ,MO,ACE,CE,Federal Contract Tower,0,0,4,1,5,0,0,6,12,18,0,0,10,13,23,6,16,22,45
01/10/2023,STJ,MO,ACE,CE,Federal Contract Tower,0,0,2,3,5,0,0,24,8,32,0,0,26,11,37,62,26,88,125
01/11/2023,STJ,MO,ACE,CE,Federal Contract Tower,0,0,9,5,14,0,0,12,2,14,0,0,21,7,28,46,52,98,126
01/12/2023,STJ,MO,ACE,CE,Federal Contract Tower,0,0,9,0,9,0,0,0,5,5,0,0,9,5,14,0,28,28,42
01/13/2023,STJ,MO,ACE,CE,Federal Contract Tower,0,0,11,0,11,0,0,1,1,2,0,0,12,1,13,0,0,0,13
01/14/2023,STJ,MO,ACE,CE,Federal Contract Tower,0,0,4,0,4,0,0,9,0,9,0,0,13,0,13,22,0,22,35
01/15/2023,STJ,MO,ACE,CE,Federal Contract Tower,0,0,4,0,4,0,0,4,0,4,0,0,8,0,8,0,0,0,8
01/16/2023,STJ,MO,ACE,CE,Federal Contract Tower,0,0,14,0,14,0,0,7,0,7,0,0,21,0,21,3,0,3,24
01/17/2023,STJ,MO,ACE,CE,Federal Contract Tower,0,0,9,13,22,0,0,5,7,12,0,0,14,20,34,20,32,52,86
01/18/2023,STJ,MO,ACE,CE,Federal Contract Tower,0,0,4,0,4,0,0,0,0,0,0,0,4,0,4,0,0,0,4
01/19/2023,STJ,MO,ACE,CE,Federal Contract Tower,0,0,3,18,21,0,0,4,8,12,0,0,7,26,33,0,30,30,63
01/20/2023,STJ,MO,ACE,CE,Federal Contract Tower,0,0,6,0,6,0,0,5,0,5,0,0,11,0,11,0,0,0,11
01/21/2023,STJ,MO,ACE,CE,Federal Contract Tower,0,0,1,0,1,0,0,5,0,5,0,0,6,0,6,10,0,10,16
01/22/2023,STJ,MO,ACE,CE,Federal Contract Tower,0,0,2,0,2,0,0,0,0,0,0,0,2,0,2,0,0,0,2
01/23/2023,STJ,MO,ACE,CE,Federal Contract Tower,0,0,5,0,5,0,0,5,2,7,0,0,10,2,12,10,10,20,32
01/24/2023,STJ,MO,ACE,CE,Federal Contract Tower,0,0,5,0,5,0,0,5,8,13,0,0,10,8,18,18,22,40,58
01/25/2023,STJ,MO,ACE,CE,Federal Contract Tower,0,0,1,11,12,0,0,1,10,11,0,0,2,21,23,0,28,28,51
01/26/2023,STJ,MO,ACE,CE,Federal Contract Tower,0,0,5,0,5,0,0,13,9,22,0,0,18,9,27,6,28,34,61
01/27/2023,STJ,MO,ACE,CE,Federal Contract Tower,0,0,8,0,8,0,0,5,0,5,0,0,13,0,13,28,0,28,41
01/28/2023,STJ,MO,ACE,CE,Federal Contract Tower,0,0,9,0,9,0,0,8,0,8,0,0,17,0,17,18,0,18,35
01/29/2023,STJ,MO,ACE,CE,Federal Contract Tower,0,0,2,0,2,0,0,9,0,9,0,0,11,0,11,8,0,8,19
01/30/2023,STJ,MO,ACE,CE,Federal Contract Tower,0,0,8,17,25,0,0,0,15,15,0,0,8,32,40,0,74,74,114
01/31/2023,STJ,MO,ACE,CE,Federal Contract Tower,0,0,7,4,11,0,0,6,15,21,0,0,13,19,32,12,12,24,56
02/01/2023,STJ,MO,ACE,CE,Federal Contract Tower,0,0,0,5,5,0,0,9,5,14,0,0,9,10,19,0,8,8,27
02/02/2023,STJ,MO,ACE,CE,Federal Contract Tower,0,0,7,2,9,0,0,13,3,16,0,0,20,5,25,10,26,36,61
02/03/2023,STJ,MO,ACE,CE,Federal Contract Tower,0,0,17,2,19,0,0,9,4,13,0,0,26,6,32,34,2,36,68
02/04/2023,STJ,MO,ACE,CE,Federal Contract Tower,0,0,3,0,3,0,0,0,0,0,0,0,3,0,3,0,0,0,3
02/05/2023,STJ,MO,ACE,CE,Federal Contract Tower,0,0,7,0,7,0,2,32,0,34,0,2,39,0,41,18,0,18,59
02/06/2023,STJ,MO,ACE,CE,Federal Contract Tower,0,0,2,9,11,0,0,0,10,10,0,0,2,19,21,0,24,24,45
02/07/2023,STJ,MO,ACE,CE,Federal Contract Tower,0,0,12,15,27,0,0,12,9,21,0,0,24,24,48,22,26,48,96
02/08/2023,STJ,MO,ACE,CE,Federal Contract Tower,0,0,6,6,12,0,0,2,4,6,0,0,8,10,18,0,26,26,44
02/09/2023,STJ,MO,ACE,CE,Federal Contract Tower,0,0,10,0,10,0,0,4,0,4,0,0,14,0,14,4,30,34,48
02/10/2023,STJ,MO,ACE,CE,Federal Contract Tower,0,0,9,6,15,0,0,2,12,14,0,0,11,18,29,0,0,0,29
02/11/2023,STJ,MO,ACE,CE,Federal Contract Tower,0,0,5,0,5,0,2,22,0,24,0,2,27,0,29,10,0,10,39
02/12/2023,STJ,MO,ACE,CE,Federal Contract Tower,0,0,5,3,8,0,2,16,2,20,0,2,21,5,28,50,10,60,88
02/13/2023,STJ,MO,ACE,CE,Federal Contract Tower,0,0,11,1,12,0,0,12,0,12,0,0,23,1,24,44,0,44,68
02/14/2023,STJ,MO,ACE,CE,Federal Contract Tower,0,0,0,2,2,0,0,2,1,3,0,0,2,3,5,0,0,0,5
02/15/2023,STJ,MO,ACE,CE,Federal Contract Tower,0,0,2,16,18,0,0,10,4,14,0,0,12,20,32,4,8,12,44
02/16/2023,STJ,MO,ACE,CE,Federal Contract Tower,0,0,1,0,1,0,0,0,0,0,0,0,1,0,1,0,0,0,1
02/17/2023,STJ,MO,ACE,CE,Federal Contract Tower,0,0,10,3,13,0,2,7,0,9,0,2,17,3,22,16,0,16,38
02/18/2023,STJ,MO,ACE,CE,Federal Contract Tower,0,0,6,1,7,0,0,4,0,4,0,0,10,1,11,12,0,12,23
02/19/2023,STJ,MO,ACE,CE,Federal Contract Tower,0,0,12,0,12,0,0,20,0,20,0,0,32,0,32,18,0,18,50
02/20/2023,STJ,MO,ACE,CE,Federal Contract Tower,0,0,4,0,4,0,0,8,0,8,0,0,12,0,12,18,0,18,30
02/21/2023,STJ,MO,ACE,CE,Federal Contract Tower,0,0,22,18,40,0,0,22,8,30,0,0,44,26,70,24,68,92,162
02/22/2023,STJ,MO,ACE,CE,Federal Contract Tower,0,0,11,7,18,0,0,0,1,1,0,0,11,8,19,0,20,20,39
02/23/2023,STJ,MO,ACE,CE,Federal Contract Tower,0,0,8,2,10,0,0,3,16,19,0,0,11,18,29,6,46,52,81
02/24/2023,STJ,MO,ACE,CE,Federal Contract Tower,0,0,4,0,4,0,0,10,0,10,0,0,14,0,14,8,0,8,22
02/25/2023,STJ,MO,ACE,CE,Federal Contract Tower,0,0,11,0,11,0,0,19,0,19,0,0,30,0,30,28,0,28,58
02/26/2023,STJ,MO,ACE,CE,Federal Contract Tower,0,0,6,1,7,0,0,0,0,0,0,0,6,1,7,0,0,0,7
02/27/2023,STJ,MO,ACE,CE,Federal Contract Tower,0,0,13,6,19,0,0,1,11,12,0,0,14,17,31,0,16,16,47
02/28/2023,STJ,MO,ACE,CE,Federal Contract Tower,0,0,8,14,22,0,0,6,13,19,0,0,14,27,41,16,20,36,77
03/01/2023,STJ,MO,ACE,CE,Federal Contract Tower,0,0,8,6,14,0,0,15,8,23,0,0,23,14,37,36,18,54,91
03/02/2023,STJ,MO,ACE,CE,Federal Contract Tower,0,0,1,4,5,0,0,2,17,19,0,0,3,21,24,0,64,64,88
03/03/2023,STJ,MO,ACE,CE,Federal Contract Tower,0,0,6,0,6,0,0,7,21,28,0,0,13,21,34,18,60,78,112
03/04/2023,STJ,MO,ACE,CE,Federal Contract Tower,0,0,8,2,10,0,0,19,42,61,0,0,27,44,71,34,86,120,191
03/05/2023,STJ,MO,ACE,CE,Federal Contract Tower,0,0,5,0,5,0,0,12,2,14,0,0,17,2,19,0,0,0,19
03/06/2023,STJ,MO,ACE,CE,Federal Contract Tower,0,0,12,6,18,0,0,6,14,20,0,0,18,20,38,0,0,0,38
03/07/2023,STJ,MO,ACE,CE,Federal Contract Tower,0,0,7,11,18,0,0,2,18,20,0,0,9,29,38,4,20,24,62
03/08/2023,STJ,MO,ACE,CE,Federal Contract Tower,0,0,3,55,58,0,0,1,0,1,0,0,4,55,59,0,0,0,59
03/09/2023,STJ,MO,ACE,CE,Federal Contract Tower,0,0,4,8,12,0,0,0,0,0,0,0,4,8,12,0,14,14,26
03/10/2023,STJ,MO,ACE,CE,Federal Contract Tower,0,0,6,0,6,0,0,2,0,2,0,0,8,0,8,32,18,50,58
03/11/2023,STJ,MO,ACE,CE,Federal Contract Tower,0,0,3,0,3,0,0,0,0,0,0,0,3,0,3,0,0,0,3
03/12/2023,STJ,MO,ACE,CE,Federal Contract Tower,0,0,2,0,2,0,0,9,0,9,0,0,11,0,11,10,0,10,21
03/13/2023,STJ,MO,ACE,CE,Federal Contract Tower,0,0,2,10,12,0,0,4,2,6,0,0,6,12,18,16,2,18,36
03/14/2023,STJ,MO,ACE,CE,Federal Contract Tower,0,0,8,12,20,0,0,22,38,60,0,0,30,50,80,30,24,54,134
03/15/2023,STJ,MO,ACE,CE,Federal Contract Tower,0,0,1,8,9,0,0,3,18,21,0,0,4,26,30,0,24,24,54
03/16/2023,STJ,MO,ACE,CE,Federal Contract Tower,0,0,3,0,3,0,0,0,0,0,0,0,3,0,3,0,0,0,3
03/17/2023,STJ,MO,ACE,CE,Federal Contract Tower,0,0,6,2,8,0,0,2,5,7,0,0,8,7,15,0,0,0,15
03/18/2023,STJ,MO,ACE,CE,Federal Contract Tower,0,0,3,0,3,0,0,0,0,0,0,0,3,0,3,0,0,0,3
03/19/2023,STJ,MO,ACE,CE,Federal Contract Tower,0,0,9,1,10,0,0,25,0,25,0,0,34,1,35,10,0,10,45
03/20/2023,STJ,MO,ACE,CE,Federal Contract Tower,0,0,2,7,9,0,2,8,5,15,0,2,10,12,24,0,15,15,39
03/21/2023,STJ,MO,ACE,CE,Federal Contract Tower,0,0,2,45,47,0,0,0,20,20,0,0,2,65,67,0,0,0,67
03/22/2023,STJ,MO,ACE,CE,Federal Contract Tower,0,0,5,8,13,0,0,0,0,0,0,0,5,8,13,0,2,2,15
03/23/2023,STJ,MO,ACE,CE,Federal Contract Tower,0,0,12,9,21,0,0,2,0,2,0,0,14,9,23,6,22,28,51
03/24/2023,STJ,MO,ACE,CE,Federal Contract Tower,0,0,2,0,2,0,0,7,0,7,0,0,9,0,9,0,0,0,9
03/25/2023,STJ,MO,ACE,CE,Federal Contract Tower,0,0,1,1,2,0,0,25,4,29,0,0,26,5,31,26,2,28,59
03/26/2023,STJ,MO,ACE,CE,Federal Contract Tower,0,2,7,0,9,0,0,0,0,0,0,2,7,0,9,0,0,0,9
03/27/2023,STJ,MO,ACE,CE,Federal Contract Tower,0,0,6,8,14,0,0,7,0,7,0,0,13,8,21,42,24,66,87
03/28/2023,STJ,MO,ACE,CE,Federal Contract Tower,0,0,4,32,36,0,0,18,6,24,0,0,22,38,60,56,84,140,200
03/29/2023,STJ,MO,ACE,CE,Federal Contract Tower,0,0,10,3,13,0,0,11,1,12,0,0,21,4,25,17,4,21,46
03/30/2023,STJ,MO,ACE,CE,Federal Contract Tower,0,0,4,4,8,0,0,1,0,1,0,0,5,4,9,0,0,0,9
03/31/2023,STJ,MO,ACE,CE,Federal Contract Tower,0,0,4,0,4,0,0,1,1,2,0,0,5,1,6,2,0,2,8
04/01/2023,STJ,MO,ACE,CE,Federal Contract Tower,0,2,5,1,8,0,0,17,16,33,0,2,22,17,41,12,0,12,53
04/02/2023,STJ,MO,ACE,CE,Federal Contract Tower,0,0,2,10,12,0,0,14,20,34,0,0,16,30,46,6,8,14,60
04/03/2023,STJ,MO,ACE,CE,Federal Contract Tower,0,0,9,0,9,0,0,12,17,29,0,0,21,17,38,9,0,9,47
04/04/2023,STJ,MO,ACE,CE,Federal Contract Tower,0,0,1,8,9,0,0,0,8,8,0,0,1,16,17,0,24,24,41
04/05/2023,STJ,MO,ACE,CE,Federal Contract Tower,0,0,7,2,9,0,0,7,0,7,0,0,14,2,16,0,0,0,16
04/06/2023,STJ,MO,ACE,CE,Federal Contract Tower,0,0,8,0,8,0,0,23,13,36,0,0,31,13,44,44,12,56,100
04/07/2023,STJ,MO,ACE,CE,Federal Contract Tower,0,0,5,1,6,0,1,30,0,31,0,1,35,1,37,58,0,58,95
04/08/2023,STJ,MO,ACE,CE,Federal Contract Tower,0,0,6,0,6,0,0,20,1,21,0,0,26,1,27,30,0,30,57
04/09/2023,STJ,MO,ACE,CE,Federal Contract Tower,0,2,5,0,7,0,4,16,0,20,0,6,21,0,27,6,0,6,33
04/10/2023,STJ,MO,ACE,CE,Federal Contract Tower,0,0,6,5,11,0,0,7,7,14,0,0,13,12,25,0,8,8,33
04/11/2023,STJ,MO,ACE,CE,Federal Contract Tower,0,0,2,2,4,0,0,10,54,64,0,0,12,56,68,12,32,44,112
04/12/2023,STJ,MO,ACE,CE,Federal Contract Tower,0,0,0,1,1,0,0,15,35,50,0,0,15,36,51,44,36,80,131
04/13/2023,STJ,MO,ACE,CE,Federal Contract Tower,0,0,3,0,3,0,1,9,21,31,0,1,12,21,34,2,56,58,92
04/14/2023,STJ,MO,ACE,CE,Federal Contract Tower,0,0,4,2,6,1,1,19,0,21,1,1,23,2,27,20,0,20,47
04/15/2023,STJ,MO,ACE,CE,Federal Contract Tower,0,0,1,0,1,0,0,1,0,1,0,0,2,0,2,0,0,0,2
04/16/2023,STJ,MO,ACE,CE,Federal Contract Tower,0,0,2,0,2,0,0,0,0,0,0,0,2,0,2,0,0,0,2
04/17/2023,STJ,MO,ACE,CE,Federal Contract Tower,0,0,4,2,6,0,0,15,0,15,0,0,19,2,21,14,4,18,39
04/18/2023,STJ,MO,ACE,CE,Federal Contract Tower,0,0,5,1,6,0,0,13,27,40,0,0,18,28,46,4,68,72,118
04/19/2023,STJ,MO,ACE,CE,Federal Contract Tower,0,0,8,1,9,0,0,3,100,103,0,0,11,101,112,0,170,170,282
04/20/2023,STJ,MO,ACE,CE,Federal Contract Tower,0,0,7,1,8,0,0,2,24,26,0,0,9,25,34,0,16,16,50
04/21/2023,STJ,MO,ACE,CE,Federal Contract Tower,0,0,12,2,14,0,0,13,0,13,0,0,25,2,27,12,0,12,39
04/22/2023,STJ,MO,ACE,CE,Federal Contract Tower,0,0,4,0,4,0,0,4,0,4,0,0,8,0,8,0,0,0,8
04/23/2023,STJ,MO,ACE,CE,Federal Contract Tower,0,2,3,0,5,0,0,30,0,30,0,2,33,0,35,14,0,14,49
04/24/2023,STJ,MO,ACE,CE,Federal Contract Tower,0,0,2,4,6,0,2,12,13,27,0,2,14,17,33,40,0,40,73
04/25/2023,STJ,MO,ACE,CE,Federal Contract Tower,0,0,8,4,12,0,2,29,25,56,0,2,37,29,68,32,10,42,110
04/26/2023,STJ,MO,ACE,CE,Federal Contract Tower,0,0,3,2,5,0,0,28,12,40,0,0,31,14,45,22,2,24,69
04/27/2023,STJ,MO,ACE,CE,Federal Contract Tower,0,0,10,0,10,0,0,21,15,36,0,0,31,15,46,38,16,54,100
04/28/2023,STJ,MO,ACE,CE,Federal Contract Tower,0,0,6,5,11,0,0,13,0,13,0,0,19,5,24,2,0,2,26
04/29/2023,STJ,MO,ACE,CE,Federal Contract Tower,0,0,2,0,2,0,0,22,0,22,0,0,24,0,24,24,0,24,48
04/30/2023,STJ,MO,ACE,CE,Federal Contract Tower,0,1,4,0,5,0,0,1,0,1,0,1,5,0,6,0,0,0,6
05/01/2023,STJ,MO,ACE,CE,Federal Contract Tower,0,0,15,4,19,0,0,15,0,15,0,0,30,4,34,0,8,8,42
05/02/2023,STJ,MO,ACE,CE,Federal Contract Tower,0,0,3,1,4,0,0,18,17,35,0,0,21,18,39,8,6,14,53
05/03/2023,STJ,MO,ACE,CE,Federal Contract Tower,0,0,12,2,14,0,0,24,2,26,0,0,36,4,40,18,4,22,62
05/04/2023,STJ,MO,ACE,CE,Federal Contract Tower,0,0,14,1,15,0,0,42,1,43,0,0,56,2,58,8,14,22,80
05/05/2023,STJ,MO,ACE,CE,Federal Contract Tower,0,0,2,3,5,0,0,52,8,60,0,0,54,11,65,14,0,14,79
05/06/2023,STJ,MO,ACE,CE,Federal Contract Tower,0,0,11,6,17,0,0,78,24,102,0,0,89,30,119,28,40,68,187
05/07/2023,STJ,MO,ACE,CE,Federal Contract Tower,0,0,14,1,15,0,0,79,8,87,0,0,93,9,102,0,0,0,102
05/08/2023,STJ,MO,ACE,CE,Federal Contract Tower,0,0,4,3,7,0,0,16,15,31,0,0,20,18,38,16,18,34,72
05/09/2023,STJ,MO,ACE,CE,Federal Contract Tower,0,0,12,0,12,0,0,29,30,59,0,0,41,30,71,0,44,44,115
05/10/2023,STJ,MO,ACE,CE,Federal Contract Tower,0,0,5,3,8,0,0,10,10,20,0,0,15,13,28,4,18,22,50
05/11/2023,STJ,MO,ACE,CE,Federal Contract Tower,0,0,6,10,16,0,0,0,3,3,0,0,6,13,19,0,12,12,31
05/12/2023,STJ,MO,ACE,CE,Federal Contract Tower,0,0,3,0,3,0,0,3,0,3,0,0,6,0,6,2,0,2,8
05/13/2023,STJ,MO,ACE,CE,Federal Contract Tower,0,0,3,1,4,0,0,17,0,17,0,0,20,1,21,2,0,2,23
05/14/2023,STJ,MO,ACE,CE,Federal Contract Tower,0,0,4,0,4,0,0,18,0,18,0,0,22,0,22,0,0,0,22
05/15/2023,STJ,MO,ACE,CE,Federal Contract Tower,0,0,3,3,6,0,0,0,0,0,0,0,3,3,6,0,0,0,6
05/16/2023,STJ,MO,ACE,CE,Federal Contract Tower,0,0,6,6,12,0,0,14,20,34,0,0,20,26,46,36,38,74,120
05/17/2023,STJ,MO,ACE,CE,Federal Contract Tower,0,0,4,5,9,0,0,21,0,21,0,0,25,5,30,22,4,26,56
05/18/2023,STJ,MO,ACE,CE,Federal Contract Tower,0,0,5,8,13,0,0,11,4,15,0,0,16,12,28,22,0,22,50
05/19/2023,STJ,MO,ACE,CE,Federal Contract Tower,0,0,7,2,9,0,0,9,0,9,0,0,16,2,18,0,0,0,18
05/20/2023,STJ,MO,ACE,CE,Federal Contract Tower,0,0,4,0,4,0,0,54,0,54,0,0,58,0,58,72,0,72,130
05/21/2023,STJ,MO,ACE,CE,Federal Contract Tower,0,0,0,0,0,0,0,26,0,26,0,0,26,0,26,2,0,2,28
05/22/2023,STJ,MO,ACE,CE,Federal Contract Tower,0,0,12,5,17,0,0,13,11,24,0,0,25,16,41,22,14,36,77
05/23/2023,STJ,MO,ACE,CE,Federal Contract Tower,0,0,14,9,23,0,0,33,21,54,0,0,47,30,77,10,30,40,117
05/24/2023,STJ,MO,ACE,CE,Federal Contract Tower,0,0,6,8,14,0,0,20,4,24,0,0,26,12,38,10,26,36,74
05/25/2023,STJ,MO,ACE,CE,Federal Contract Tower,0,0,5,0,5,0,0,30,20,50,0,0,35,20,55,18,42,60,115
05/26/2023,STJ,MO,ACE,CE,Federal Contract Tower,0,0,7,0,7,1,0,10,0,11,1,0,17,0,18,0,0,0,18
05/27/2023,STJ,MO,ACE,CE,Federal Contract Tower,0,0,0,0,0,0,0,22,0,22,0,0,22,0,22,16,0,16,38
05/28/2023,STJ,MO,ACE,CE,Federal Contract Tower,0,0,0,1,1,0,0,20,0,20,0,0,20,1,21,10,0,10,31
05/29/2023,STJ,MO,ACE,CE,Federal Contract Tower,0,0,2,1,3,0,0,13,0,13,0,0,15,1,16,10,0,10,26
05/30/2023,STJ,MO,ACE,CE,Federal Contract Tower,0,0,8,4,12,0,0,8,12,20,0,0,16,16,32,4,26,30,62
05/31/2023,STJ,MO,ACE,CE,Federal Contract Tower,0,0,0,2,2,0,0,34,0,34,0,0,34,2,36,14,0,14,50
06/01/2023,STJ,MO,ACE,CE,Federal Contract Tower,0,0,9,1,10,0,0,44,9,53,0,0,53,10,63,12,52,64,127
06/02/2023,STJ,MO,ACE,CE,Federal Contract Tower,0,0,8,0,8,0,0,16,0,16,0,0,24,0,24,14,0,14,38
06/03/2023,STJ,MO,ACE,CE,Federal Contract Tower,0,0,9,1,10,0,0,8,0,8,0,0,17,1,18,0,0,0,18
06/04/2023,STJ,MO,ACE,CE,Federal Contract Tower,0,1,2,0,3,0,0,12,0,12,0,1,14,0,15,6,0,6,21
06/05/2023,STJ,MO,ACE,CE,Federal Contract Tower,0,0,4,2,6,0,0,1,3,4,0,0,5,5,10,4,2,6,16
06/06/2023,STJ,MO,ACE,CE,Federal Contract Tower,0,0,12,14,26,0,0,23,26,49,0,0,35,40,75,12,20,32,107
06/07/2023,STJ,MO,ACE,CE,Federal Contract Tower,0,0,4,2,6,0,0,10,4,14,0,0,14,6,20,2,4,6,26
06/08/2023,STJ,MO,ACE,CE,Federal Contract Tower,7,0,0,2,9,0,0,33,4,37,7,0,33,6,46,0,0,0,46
06/09/2023,STJ,MO,ACE,CE,Federal Contract Tower,0,0,7,5,12,0,0,29,24,53,0,0,36,29,65,6,35,41,106
06/10/2023,STJ,MO,ACE,CE,Federal Contract Tower,0,0,0,3,3,0,0,68,0,68,0,0,68,3,71,0,0,0,71
06/11/2023,STJ,MO,ACE,CE,Federal Contract Tower,0,2,2,0,4,0,0,5,0,5,0,2,7,0,9,2,0,2,11
06/12/2023,STJ,MO,ACE,CE,Federal Contract Tower,0,0,5,1,6,0,0,41,5,46,0,0,46,6,52,36,0,36,88
06/13/2023,STJ,MO,ACE,CE,Federal Contract Tower,0,0,7,0,7,0,0,34,14,48,0,0,41,14,55,8,24,32,87
06/14/2023,STJ,MO,ACE,CE,Federal Contract Tower,0,0,6,1,7,0,0,67,37,104,0,0,73,38,111,62,20,82,193
06/15/2023,STJ,MO,ACE,CE,Federal Contract Tower,0,0,2,2,4,0,0,93,42,135,0,0,95,44,139,22,16,38,177
06/16/2023,STJ,MO,ACE,CE,Federal Contract Tower,0,0,5,0,5,0,0,75,0,75,0,0,80,0,80,0,0,0,80
06/17/2023,STJ,MO,ACE,CE,Federal Contract Tower,0,0,3,0,3,0,0,20,0,20,0,0,23,0,23,4,0,4,27
06/18/2023,STJ,MO,ACE,CE,Federal Contract Tower,0,0,2,0,2,0,0,5,0,5,0,0,7,0,7,0,0,0,7
06/19/2023,STJ,MO,ACE,CE,Federal Contract Tower,0,0,7,2,9,0,0,4,0,4,0,0,11,2,13,11,0,11,24
06/20/2023,STJ,MO,ACE,CE,Federal Contract Tower,0,0,4,2,6,0,0,31,14,45,0,0,35,16,51,22,6,28,79
06/21/2023,STJ,MO,ACE,CE,Federal Contract Tower,0,0,10,3,13,0,0,27,7,34,0,0,37,10,47,14,0,14,61
06/22/2023,STJ,MO,ACE,CE,Federal Contract Tower,0,0,5,0,5,0,0,19,6,25,0,0,24,6,30,30,58,88,118
06/23/2023,STJ,MO,ACE,CE,Federal Contract Tower,0,0,4,2,6,0,0,27,1,28,0,0,31,3,34,6,0,6,40
06/24/2023,STJ,MO,ACE,CE,Federal Contract Tower,0,0,4,0,4,0,0,5,0,5,0,0,9,0,9,0,0,0,9
06/25/2023,STJ,MO,ACE,CE,Federal Contract Tower,0,0,3,0,3,0,0,5,0,5,0,0,8,0,8,0,0,0,8
06/26/2023,STJ,MO,ACE,CE,Federal Contract Tower,0,0,4,2,6,0,0,7,4,11,0,0,11,6,17,8,12,20,37
06/27/2023,STJ,MO,ACE,CE,Federal Contract Tower,0,0,9,6,15,0,0,23,31,54,0,0,32,37,69,40,24,64,133
06/28/2023,STJ,MO,ACE,CE,Federal Contract Tower,0,0,9,1,10,0,0,1,1,2,0,0,10,2,12,0,0,0,12
06/29/2023,STJ,MO,ACE,CE,Federal Contract Tower,0,0,9,6,15,0,0,12,14,26,0,0,21,20,41,4,14,18,59
06/30/2023,STJ,MO,ACE,CE,Federal Contract Tower,0,0,9,1,10,0,1,9,0,10,0,1,18,1,20,8,0,8,28
07/01/2023,STJ,MO,ACE,CE,Federal Contract Tower,0,0,6,0,6,0,0,7,1,8,0,0,13,1,14,0,0,0,14
07/02/2023,STJ,MO,ACE,CE,Federal Contract Tower,0,0,2,0,2,0,0,24,0,24,0,0,26,0,26,0,0,0,26
07/03/2023,STJ,MO,ACE,CE,Federal Contract Tower,0,0,0,0,0,0,0,55,0,55,0,0,55,0,55,56,0,56,111
07/04/2023,STJ,MO,ACE,CE,Federal Contract Tower,0,0,7,0,7,0,0,39,0,39,0,0,46,0,46,10,0,10,56
07/05/2023,STJ,MO,ACE,CE,Federal Contract Tower,0,0,6,6,12,0,0,22,4,26,0,0,28,10,38,4,0,4,42
07/06/2023,STJ,MO,ACE,CE,Federal Contract Tower,0,0,8,2,10,0,0,71,31,102,0,0,79,33,112,48,56,104,216
07/07/2023,STJ,MO,ACE,CE,Federal Contract Tower,0,0,1,3,4,0,0,25,0,25,0,0,26,3,29,42,0,42,71
07/08/2023,STJ,MO,ACE,CE,Federal Contract Tower,0,0,5,1,6,0,0,28,2,30,0,0,33,3,36,0,4,4,40
07/09/2023,STJ,MO,ACE,CE,Federal Contract Tower,0,0,6,0,6,0,3,94,0,97,0,3,100,0,103,16,0,16,119
07/10/2023,STJ,MO,ACE,CE,Federal Contract Tower,0,0,0,1,1,0,0,32,12,44,0,0,32,13,45,18,4,22,67
07/11/2023,STJ,MO,ACE,CE,Federal Contract Tower,0,0,5,16,21,0,66,18,0,84,0,66,23,16,105,14,34,48,153
07/12/2023,STJ,MO,ACE,CE,Federal Contract Tower,0,0,6,3,9,0,0,48,0,48,0,0,54,3,57,16,0,16,73
07/13/2023,STJ,MO,ACE,CE,Federal Contract Tower,0,0,9,17,26,0,0,31,18,49,0,0,40,35,75,10,14,24,99
07/14/2023,STJ,MO,ACE,CE,Federal Contract Tower,0,0,2,0,2,0,0,17,0,17,0,0,19,0,19,8,0,8,27
07/15/2023,STJ,MO,ACE,CE,Federal Contract Tower,0,0,0,0,0,0,0,60,0,60,0,0,60,0,60,22,0,22,82
07/16/2023,STJ,MO,ACE,CE,Federal Contract Tower,0,0,0,1,1,0,0,10,0,10,0,0,10,1,11,6,0,6,17
07/17/2023,STJ,MO,ACE,CE,Federal Contract Tower,0,0,4,5,9,0,0,29,0,29,0,0,33,5,38,10,2,12,50
07/18/2023,STJ,MO,ACE,CE,Federal Contract Tower,0,0,4,4,8,0,0,15,0,15,0,0,19,4,23,28,0,28,51
07/19/2023,STJ,MO,ACE,CE,Federal Contract Tower,0,0,13,2,15,0,0,40,0,40,0,0,53,2,55,38,0,38,93
07/20/2023,STJ,MO,ACE,CE,Federal Contract Tower,0,0,7,5,12,0,0,66,0,66,0,0,73,5,78,24,0,24,102
07/21/2023,STJ,MO,ACE,CE,Federal Contract Tower,0,0,9,2,11,0,0,35,1,36,0,0,44,3,47,10,0,10,57
07/22/2023,STJ,MO,ACE,CE,Federal Contract Tower,0,0,5,2,7,0,0,36,0,36,0,0,41,2,43,12,0,12,55
07/23/2023,STJ,MO,ACE,CE,Federal Contract Tower,0,1,3,0,4,0,1,22,0,23,0,2,25,0,27,16,0,16,43
07/24/2023,STJ,MO,ACE,CE,Federal Contract Tower,0,0,4,0,4,0,0,14,5,19,0,0,18,5,23,14,4,18,41
07/25/2023,STJ,MO,ACE,CE,Federal Contract Tower,0,0,4,2,6,0,0,10,3,13,0,0,14,5,19,12,0,12,31
07/26/2023,STJ,MO,ACE,CE,Federal Contract Tower,0,0,2,11,13,0,0,14,8,22,0,0,16,19,35,22,0,22,57
07/27/2023,STJ,MO,ACE,CE,Federal Contract Tower,0,0,5,0,5,0,0,32,0,32,0,0,37,0,37,16,0,16,53
07/28/2023,STJ,MO,ACE,CE,Federal Contract Tower,0,0,7,4,11,0,0,29,12,41,0,0,36,16,52,10,24,34,86
07/29/2023,STJ,MO,ACE,CE,Federal Contract Tower,0,0,4,0,4,0,0,7,1,8,0,0,11,1,12,0,0,0,12
07/30/2023,STJ,MO,ACE,CE,Federal Contract Tower,0,0,0,0,0,0,0,28,0,28,0,0,28,0,28,0,0,0,28
07/31/2023,STJ,MO,ACE,CE,Federal Contract Tower,0,0,4,2,6,0,0,5,16,21,0,0,9,18,27,4,0,4,31
08/01/2023,STJ,MO,ACE,CE,Federal Contract Tower,0,0,0,1,1,0,0,30,17,47,0,0,30,18,48,8,4,12,60
08/02/2023,STJ,MO,ACE,CE,Federal Contract Tower,0,0,2,1,3,0,0,15,5,20,0,0,17,6,23,4,6,10,33
08/03/2023,STJ,MO,ACE,CE,Federal Contract Tower,0,0,5,2,7,0,0,19,1,20,0,0,24,3,27,0,4,4,31
08/04/2023,STJ,MO,ACE,CE,Federal Contract Tower,0,0,10,1,11,0,0,17,0,17,0,0,27,1,28,0,0,0,28
08/05/2023,STJ,MO,ACE,CE,Federal Contract Tower,0,0,4,4,8,0,0,10,4,14,0,0,14,8,22,0,2,2,24
08/06/2023,STJ,MO,ACE,CE,Federal Contract Tower,0,0,4,0,4,0,0,15,2,17,0,0,19,2,21,6,0,6,27
08/07/2023,STJ,MO,ACE,CE,Federal Contract Tower,0,0,5,5,10,0,0,38,2,40,0,0,43,7,50,4,0,4,54
08/08/2023,STJ,MO,ACE,CE,Federal Contract Tower,0,0,6,1,7,1,0,31,31,63,1,0,37,32,70,3,26,29,99
08/09/2023,STJ,MO,ACE,CE,Federal Contract Tower,0,0,2,0,2,0,0,7,0,7,0,0,9,0,9,0,0,0,9
08/10/2023,STJ,MO,ACE,CE,Federal Contract Tower,0,0,11,2,13,0,0,39,13,52,0,0,50,15,65,8,22,30,95
08/11/2023,STJ,MO,ACE,CE,Federal Contract Tower,0,0,4,0,4,0,0,24,0,24,0,0,28,0,28,16,0,16,44
08/12/2023,STJ,MO,ACE,CE,Federal Contract Tower,0,0,6,0,6,0,0,28,0,28,0,0,34,0,34,30,0,30,64
08/13/2023,STJ,MO,ACE,CE,Federal Contract Tower,0,0,1,0,1,0,0,3,0,3,0,0,4,0,4,0,0,0,4
08/14/2023,STJ,MO,ACE,CE,Federal Contract Tower,0,0,2,5,7,0,0,6,9,15,0,0,8,14,22,6,0,6,28
08/15/2023,STJ,MO,ACE,CE,Federal Contract Tower,0,0,10,16,26,0,0,52,23,75,0,0,62,39,101,6,12,18,119
08/16/2023,STJ,MO,ACE,CE,Federal Contract Tower,0,0,2,12,14,0,4,20,50,74,0,4,22,62,88,10,6,16,104
08/17/2023,STJ,MO,ACE,CE,Federal Contract Tower,0,0,9,17,26,0,2,39,34,75,0,2,48,51,101,28,20,48,149
08/18/2023,STJ,MO,ACE,CE,Federal Contract Tower,0,0,4,0,4,0,0,27,3,30,0,0,31,3,34,0,0,0,34
08/19/2023,STJ,MO,ACE,CE,Federal Contract Tower,0,0,2,0,2,0,0,6,0,6,0,0,8,0,8,8,0,8,16
08/20/2023,STJ,MO,ACE,CE,Federal Contract Tower,0,0,0,0,0,0,0,14,0,14,0,0,14,0,14,6,0,6,20
08/21/2023,STJ,MO,ACE,CE,Federal Contract Tower,0,0,1,3,4,0,0,4,2,6,0,0,5,5,10,0,0,0,10
08/22/2023,STJ,MO,ACE,CE,Federal Contract Tower,0,0,2,7,9,0,0,7,41,48,0,0,9,48,57,0,6,6,63
08/23/2023,STJ,MO,ACE,CE,Federal Contract Tower,0,0,0,2,2,0,0,21,2,23,0,0,21,4,25,6,0,6,31
08/24/2023,STJ,MO,ACE,CE,Federal Contract Tower,0,0,6,6,12,0,0,26,17,43,0,0,32,23,55,4,10,14,69
08/25/2023,STJ,MO,ACE,CE,Federal Contract Tower,0,0,6,4,10,0,0,2,1,3,0,0,8,5,13,4,2,6,19
08/28/2023,STJ,MO,ACE,CE,Federal Contract Tower,0,0,5,1,6,0,0,23,61,84,0,0,28,62,90,0,20,20,110
08/29/2023,STJ,MO,ACE,CE,Federal Contract Tower,0,0,5,6,11,0,0,16,26,42,0,0,21,32,53,16,32,48,101
08/30/2023,STJ,MO,ACE,CE,Federal Contract Tower,0,0,7,2,9,0,0,25,13,38,0,0,32,15,47,10,0,10,57
08/31/2023,STJ,MO,ACE,CE,Federal Contract Tower,0,0,3,0,3,0,0,12,26,38,0,0,15,26,41,0,10,10,51
