01/01/2000,STL,MO,ACE,CE,Combined TRACON& Tower with Radar,503,117,20,4,644,69,0,0,0,69,572,117,20,4,713,18,0,18,731
01/02/2000,STL,MO,ACE,CE,Combined TRACON& Tower with Radar,822,252,21,2,1097,49,33,0,0,82,871,285,21,2,1179,0,0,0,1179
01/03/2000,STL,MO,ACE,CE,Combined TRACON& Tower with Radar,852,232,22,0,1106,57,0,0,0,57,909,232,22,0,1163,0,0,0,1163
01/04/2000,STL,MO,ACE,CE,Combined TRACON& Tower with Radar,1029,322,37,5,1393,3,1,0,0,4,1032,323,37,5,1397,0,0,0,1397
01/05/2000,STL,MO,ACE,CE,Combined TRACON& Tower with Radar,1045,320,53,8,1426,2,28,0,5,35,1047,348,53,13,1461,0,0,0,1461
01/06/2000,STL,MO,ACE,CE,Combined TRACON& Tower with Radar,1021,322,58,8,1409,0,18,26,2,46,1021,340,84,10,1455,0,0,0,1455
01/07/2000,STL,MO,ACE,CE,Combined TRACON& Tower with Radar,1019,322,57,8,1406,0,19,0,1,20,1019,341,57,9,1426,0,0,0,1426
01/08/2000,STL,MO,ACE,CE,Combined TRACON& Tower with Radar,848,201,33,6,1088,26,0,0,0,26,874,201,33,6,1114,0,0,0,1114
01/09/2000,STL,MO,ACE,CE,Combined TRACON& Tower with Radar,878,239,37,9,1163,3,0,1,2,6,881,239,38,11,1169,0,0,0,1169
01/10/2000,STL,MO,ACE,CE,Combined TRACON& Tower with Radar,987,310,53,8,1358,0,30,0,12,42,987,340,53,20,1400,0,0,0,1400
01/11/2000,STL,MO,ACE,CE,Combined TRACON& Tower with Radar,999,328,60,8,1395,0,15,59,8,82,999,343,119,16,1477,8,0,8,1485
01/12/2000,STL,MO,ACE,CE,Combined TRACON& Tower with Radar,987,311,57,7,1362,0,34,10,2,46,987,345,67,9,1408,8,0,8,1416
01/13/2000,STL,MO,ACE,CE,Combined TRACON& Tower with Radar,993,317,57,7,1374,0,23,27,2,52,993,340,84,9,1426,14,0,14,1440
01/14/2000,STL,MO,ACE,CE,Combined TRACON& Tower with Radar,1004,313,58,7,1382,0,27,4,6,37,1004,340,62,13,1419,0,0,0,1419
01/15/2000,STL,MO,ACE,CE,Combined TRACON& Tower with Radar,817,210,46,2,1075,65,0,17,0,82,882,210,63,2,1157,8,0,8,1165
01/16/2000,STL,MO,ACE,CE,Combined TRACON& Tower with Radar,859,257,48,3,1167,35,0,11,0,46,894,257,59,3,1213,0,0,0,1213
01/17/2000,STL,MO,ACE,CE,Combined TRACON& Tower with Radar,839,231,23,2,1095,3,0,0,0,3,842,231,23,2,1098,0,0,0,1098
01/18/2000,STL,MO,ACE,CE,Combined TRACON& Tower with Radar,1054,318,45,8,1425,0,0,0,5,5,1054,318,45,13,1430,0,0,0,1430
01/19/2000,STL,MO,ACE,CE,Combined TRACON& Tower with Radar,983,296,55,6,1340,0,0,23,0,23,983,296,78,6,1363,8,0,8,1371
01/20/2000,STL,MO,ACE,CE,Combined TRACON& Tower with Radar,962,307,57,7,1333,0,0,26,3,29,962,307,83,10,1362,8,0,8,1370
01/21/2000,STL,MO,ACE,CE,Combined TRACON& Tower with Radar,1005,315,59,7,1386,0,0,37,13,50,1005,315,96,20,1436,2,0,2,1438
01/22/2000,STL,MO,ACE,CE,Combined TRACON& Tower with Radar,742,190,26,5,963,40,0,0,2,42,782,190,26,7,1005,0,0,0,1005
01/23/2000,STL,MO,ACE,CE,Combined TRACON& Tower with Radar,840,256,39,5,1140,20,2,0,0,22,860,258,39,5,1162,2,0,2,1164
01/24/2000,STL,MO,ACE,CE,Combined TRACON& Tower with Radar,968,297,47,7,1319,0,26,0,6,32,968,323,47,13,1351,4,0,4,1355
01/25/2000,STL,MO,ACE,CE,Combined TRACON& Tower with Radar,892,289,52,3,1236,0,31,19,0,50,892,320,71,3,1286,0,0,0,1286
01/26/2000,STL,MO,ACE,CE,Combined TRACON& Tower with Radar,961,305,54,5,1325,0,20,18,0,38,961,325,72,5,1363,4,0,4,1367
01/27/2000,STL,MO,ACE,CE,Combined TRACON& Tower with Radar,938,298,53,8,1297,0,27,26,0,53,938,325,79,8,1350,24,0,24,1374
01/28/2000,STL,MO,ACE,CE,Combined TRACON& Tower with Radar,943,288,47,5,1283,6,19,0,0,25,949,307,47,5,1308,6,0,6,1314
01/29/2000,STL,MO,ACE,CE,Combined TRACON& Tower with Radar,699,144,31,3,877,82,0,0,0,82,781,144,31,3,959,0,0,0,959
01/30/2000,STL,MO,ACE,CE,Combined TRACON& Tower with Radar,813,237,32,2,1084,25,0,0,0,25,838,237,32,2,1109,0,0,0,1109
01/31/2000,STL,MO,ACE,CE,Combined TRACON& Tower with Radar,986,302,54,6,1348,0,12,1,0,13,986,314,55,6,1361,8,0,8,1369
02/01/2000,STL,MO,ACE,CE,Combined TRACON& Tower with Radar,1025,336,68,5,1434,0,5,16,1,22,1025,341,84,6,1456,0,0,0,1456
02/02/2000,STL,MO,ACE,CE,Combined TRACON& Tower with Radar,1005,330,59,9,1403,0,7,9,0,16,1005,337,68,9,1419,16,0,16,1435
02/03/2000,STL,MO,ACE,CE,Combined TRACON& Tower with Radar,965,306,54,2,1327,0,19,24,0,43,965,325,78,2,1370,0,0,0,1370
02/04/2000,STL,MO,ACE,CE,Combined TRACON& Tower with Radar,990,317,54,7,1368,0,0,0,0,0,990,317,54,7,1368,0,0,0,1368
02/05/2000,STL,MO,ACE,CE,Combined TRACON& Tower with Radar,825,205,45,8,1083,28,0,26,1,55,853,205,71,9,1138,4,0,4,1142
02/06/2000,STL,MO,ACE,CE,Combined TRACON& Tower with Radar,892,255,41,11,1199,0,1,8,0,9,892,256,49,11,1208,0,0,0,1208
02/07/2000,STL,MO,ACE,CE,Combined TRACON& Tower with Radar,925,299,40,6,1270,0,23,0,0,23,925,322,40,6,1293,32,0,32,1325
02/08/2000,STL,MO,ACE,CE,Combined TRACON& Tower with Radar,1007,322,58,9,1396,0,6,21,7,34,1007,328,79,16,1430,8,0,8,1438
02/09/2000,STL,MO,ACE,CE,Combined TRACON& Tower with Radar,994,323,58,8,1383,0,22,31,5,58,994,345,89,13,1441,0,0,0,1441
02/10/2000,STL,MO,ACE,CE,Combined TRACON& Tower with Radar,996,328,59,8,1391,0,24,24,4,52,996,352,83,12,1443,0,0,0,1443
02/11/2000,STL,MO,ACE,CE,Combined TRACON& Tower with Radar,1005,324,58,5,1392,0,15,31,0,46,1005,339,89,5,1438,0,0,0,1438
02/12/2000,STL,MO,ACE,CE,Combined TRACON& Tower with Radar,781,217,21,4,1023,71,0,0,0,71,852,217,21,4,1094,0,0,0,1094
02/13/2000,STL,MO,ACE,CE,Combined TRACON& Tower with Radar,804,210,32,4,1050,68,0,0,0,68,872,210,32,4,1118,0,0,0,1118
02/14/2000,STL,MO,ACE,CE,Combined TRACON& Tower with Radar,985,314,47,6,1352,0,0,0,0,0,985,314,47,6,1352,0,0,0,1352
02/15/2000,STL,MO,ACE,CE,Combined TRACON& Tower with Radar,1003,327,59,8,1397,0,21,24,5,50,1003,348,83,13,1447,12,0,12,1459
02/16/2000,STL,MO,ACE,CE,Combined TRACON& Tower with Radar,941,313,57,8,1319,0,29,11,6,46,941,342,68,14,1365,8,0,8,1373
02/17/2000,STL,MO,ACE,CE,Combined TRACON& Tower with Radar,896,286,52,6,1240,0,25,8,0,33,896,311,60,6,1273,0,0,0,1273
02/18/2000,STL,MO,ACE,CE,Combined TRACON& Tower with Radar,910,236,38,1,1185,55,0,0,0,55,965,236,38,1,1240,0,0,0,1240
02/19/2000,STL,MO,ACE,CE,Combined TRACON& Tower with Radar,852,207,40,7,1106,40,0,0,3,43,892,207,40,10,1149,0,0,0,1149
02/20/2000,STL,MO,ACE,CE,Combined TRACON& Tower with Radar,853,260,46,3,1162,39,0,0,0,39,892,260,46,3,1201,0,0,0,1201
02/21/2000,STL,MO,ACE,CE,Combined TRACON& Tower with Radar,992,313,50,3,1358,0,10,0,0,10,992,323,50,3,1368,0,0,0,1368
02/22/2000,STL,MO,ACE,CE,Combined TRACON& Tower with Radar,1005,331,59,9,1404,0,13,25,2,40,1005,344,84,11,1444,12,0,12,1456
02/23/2000,STL,MO,ACE,CE,Combined TRACON& Tower with Radar,948,302,49,8,1307,0,25,0,3,28,948,327,49,11,1335,0,0,0,1335
02/24/2000,STL,MO,ACE,CE,Combined TRACON& Tower with Radar,957,330,51,9,1347,0,11,0,11,22,957,341,51,20,1369,0,6,6,1375
02/25/2000,STL,MO,ACE,CE,Combined TRACON& Tower with Radar,978,339,56,17,1390,0,1,5,2,8,978,340,61,19,1398,0,0,0,1398
02/26/2000,STL,MO,ACE,CE,Combined TRACON& Tower with Radar,819,223,30,7,1079,46,0,0,3,49,865,223,30,10,1128,0,0,0,1128
02/27/2000,STL,MO,ACE,CE,Combined TRACON& Tower with Radar,901,266,44,7,1218,8,0,0,6,14,909,266,44,13,1232,0,0,0,1232
02/28/2000,STL,MO,ACE,CE,Combined TRACON& Tower with Radar,994,319,58,8,1379,0,17,20,5,42,994,336,78,13,1421,0,0,0,1421
02/29/2000,STL,MO,ACE,CE,Combined TRACON& Tower with Radar,1011,326,58,8,1403,0,26,26,9,61,1011,352,84,17,1464,2,0,2,1466
03/01/2000,STL,MO,ACE,CE,Combined TRACON& Tower with Radar,1020,327,65,13,1425,0,29,25,3,57,1020,356,90,16,1482,0,0,0,1482
03/02/2000,STL,MO,ACE,CE,Combined TRACON& Tower with Radar,1002,307,61,12,1382,0,6,18,1,25,1002,313,79,13,1407,0,0,0,1407
03/03/2000,STL,MO,ACE,CE,Combined TRACON& Tower with Radar,997,306,61,12,1376,13,4,0,3,20,1010,310,61,15,1396,0,0,0,1396
03/04/2000,STL,MO,ACE,CE,Combined TRACON& Tower with Radar,829,209,51,5,1094,53,0,14,0,67,882,209,65,5,1161,0,0,0,1161
03/05/2000,STL,MO,ACE,CE,Combined TRACON& Tower with Radar,888,245,24,10,1167,2,0,7,1,10,890,245,31,11,1177,0,0,0,1177
03/06/2000,STL,MO,ACE,CE,Combined TRACON& Tower with Radar,985,308,57,12,1362,0,11,0,10,21,985,319,57,22,1383,2,0,2,1385
03/07/2000,STL,MO,ACE,CE,Combined TRACON& Tower with Radar,979,309,62,12,1362,0,83,7,5,95,979,392,69,17,1457,0,0,0,1457
03/08/2000,STL,MO,ACE,CE,Combined TRACON& Tower with Radar,978,307,51,9,1345,0,24,0,0,24,978,331,51,9,1369,0,0,0,1369
03/09/2000,STL,MO,ACE,CE,Combined TRACON& Tower with Radar,1028,321,65,9,1423,0,1,22,0,23,1028,322,87,9,1446,0,0,0,1446
03/10/2000,STL,MO,ACE,CE,Combined TRACON& Tower with Radar,1004,314,64,8,1390,0,9,14,0,23,1004,323,78,8,1413,0,0,0,1413
03/11/2000,STL,MO,ACE,CE,Combined TRACON& Tower with Radar,742,172,24,1,939,85,0,0,0,85,827,172,24,1,1024,0,0,0,1024
03/12/2000,STL,MO,ACE,CE,Combined TRACON& Tower with Radar,858,251,34,10,1153,13,0,0,0,13,871,251,34,10,1166,0,0,0,1166
03/13/2000,STL,MO,ACE,CE,Combined TRACON& Tower with Radar,1000,318,65,12,1395,0,2,3,2,7,1000,320,68,14,1402,0,0,0,1402
03/14/2000,STL,MO,ACE,CE,Combined TRACON& Tower with Radar,992,317,64,12,1385,0,12,27,10,49,992,329,91,22,1434,0,0,0,1434
03/15/2000,STL,MO,ACE,CE,Combined TRACON& Tower with Radar,1003,311,63,12,1389,0,2,21,5,28,1003,313,84,17,1417,0,0,0,1417
03/16/2000,STL,MO,ACE,CE,Combined TRACON& Tower with Radar,993,309,62,11,1375,0,31,14,0,45,993,340,76,11,1420,0,0,0,1420
03/17/2000,STL,MO,ACE,CE,Combined TRACON& Tower with Radar,1017,312,63,12,1404,0,25,1,8,34,1017,337,64,20,1438,3,0,3,1441
03/18/2000,STL,MO,ACE,CE,Combined TRACON& Tower with Radar,804,201,49,1,1055,70,0,6,0,76,874,201,55,1,1131,6,0,6,1137
03/19/2000,STL,MO,ACE,CE,Combined TRACON& Tower with Radar,848,257,38,2,1145,97,0,0,0,97,945,257,38,2,1242,0,0,0,1242
03/20/2000,STL,MO,ACE,CE,Combined TRACON& Tower with Radar,1003,291,42,11,1347,0,0,0,0,0,1003,291,42,11,1347,0,0,0,1347
03/21/2000,STL,MO,ACE,CE,Combined TRACON& Tower with Radar,983,318,65,11,1377,0,3,9,2,14,983,321,74,13,1391,0,0,0,1391
03/22/2000,STL,MO,ACE,CE,Combined TRACON& Tower with Radar,1018,314,64,11,1407,0,9,28,7,44,1018,323,92,18,1451,6,0,6,1457
03/23/2000,STL,MO,ACE,CE,Combined TRACON& Tower with Radar,1022,317,64,11,1414,0,18,26,3,47,1022,335,90,14,1461,4,0,4,1465
03/24/2000,STL,MO,ACE,CE,Combined TRACON& Tower with Radar,1038,326,66,12,1442,0,0,20,12,32,1038,326,86,24,1474,2,0,2,1476
03/25/2000,STL,MO,ACE,CE,Combined TRACON& Tower with Radar,798,211,50,8,1067,49,0,0,1,50,847,211,50,9,1117,2,0,2,1119
03/26/2000,STL,MO,ACE,CE,Combined TRACON& Tower with Radar,822,238,31,7,1098,47,0,0,0,47,869,238,31,7,1145,0,0,0,1145
03/27/2000,STL,MO,ACE,CE,Combined TRACON& Tower with Radar,1030,315,52,11,1408,3,1,0,8,12,1033,316,52,19,1420,0,0,0,1420
03/28/2000,STL,MO,ACE,CE,Combined TRACON& Tower with Radar,1016,312,63,11,1402,0,8,6,1,15,1016,320,69,12,1417,0,0,0,1417
03/29/2000,STL,MO,ACE,CE,Combined TRACON& Tower with Radar,1010,320,65,11,1406,0,5,44,5,54,1010,325,109,16,1460,0,0,0,1460
03/30/2000,STL,MO,ACE,CE,Combined TRACON& Tower with Radar,1002,306,62,6,1376,5,17,10,0,32,1007,323,72,6,1408,12,0,12,1420
03/31/2000,STL,MO,ACE,CE,Combined TRACON& Tower with Radar,1021,313,63,10,1407,0,19,23,0,42,1021,332,86,10,1449,2,0,2,1451
04/01/2000,STL,MO,ACE,CE,Combined TRACON& Tower with Radar,821,206,49,1,1077,50,0,7,0,57,871,206,56,1,1134,0,0,0,1134
04/02/2000,STL,MO,ACE,CE,Combined TRACON& Tower with Radar,923,260,28,6,1217,0,2,5,0,7,923,262,33,6,1224,0,0,0,1224
04/03/2000,STL,MO,ACE,CE,Combined TRACON& Tower with Radar,983,313,61,11,1368,0,7,11,8,26,983,320,72,19,1394,4,0,4,1398
04/04/2000,STL,MO,ACE,CE,Combined TRACON& Tower with Radar,1018,340,75,6,1439,0,2,9,3,14,1018,342,84,9,1453,0,0,0,1453
04/05/2000,STL,MO,ACE,CE,Combined TRACON& Tower with Radar,1009,318,63,11,1401,0,15,8,0,23,1009,333,71,11,1424,0,0,0,1424
04/06/2000,STL,MO,ACE,CE,Combined TRACON& Tower with Radar,1016,326,65,11,1418,0,13,36,5,54,1016,339,101,16,1472,0,0,0,1472
04/07/2000,STL,MO,ACE,CE,Combined TRACON& Tower with Radar,946,292,58,10,1306,0,0,13,6,19,946,292,71,16,1325,0,0,0,1325
04/08/2000,STL,MO,ACE,CE,Combined TRACON& Tower with Radar,795,218,29,10,1052,0,0,0,8,8,795,218,29,18,1060,0,0,0,1060
04/09/2000,STL,MO,ACE,CE,Combined TRACON& Tower with Radar,861,250,39,10,1160,24,0,0,1,25,885,250,39,11,1185,0,0,0,1185
04/10/2000,STL,MO,ACE,CE,Combined TRACON& Tower with Radar,1003,317,58,12,1390,0,7,0,8,15,1003,324,58,20,1405,0,0,0,1405
04/11/2000,STL,MO,ACE,CE,Combined TRACON& Tower with Radar,991,310,61,12,1374,0,22,3,6,31,991,332,64,18,1405,0,0,0,1405
04/12/2000,STL,MO,ACE,CE,Combined TRACON& Tower with Radar,1015,344,89,20,1468,0,2,10,0,12,1015,346,99,20,1480,0,0,0,1480
04/13/2000,STL,MO,ACE,CE,Combined TRACON& Tower with Radar,997,322,63,12,1394,0,22,30,11,63,997,344,93,23,1457,0,0,0,1457
04/14/2000,STL,MO,ACE,CE,Combined TRACON& Tower with Radar,1018,323,63,12,1416,0,19,17,4,40,1018,342,80,16,1456,0,0,0,1456
04/15/2000,STL,MO,ACE,CE,Combined TRACON& Tower with Radar,814,227,41,3,1085,51,0,0,0,51,865,227,41,3,1136,2,0,2,1138
04/16/2000,STL,MO,ACE,CE,Combined TRACON& Tower with Radar,773,211,47,5,1036,42,0,1,0,43,815,211,48,5,1079,0,0,0,1079
04/17/2000,STL,MO,ACE,CE,Combined TRACON& Tower with Radar,1052,324,57,12,1445,3,10,0,5,18,1055,334,57,17,1463,0,0,0,1463
04/18/2000,STL,MO,ACE,CE,Combined TRACON& Tower with Radar,1023,326,64,12,1425,0,19,16,5,40,1023,345,80,17,1465,2,0,2,1467
04/19/2000,STL,MO,ACE,CE,Combined TRACON& Tower with Radar,975,311,61,11,1358,0,17,11,10,38,975,328,72,21,1396,0,0,0,1396
04/20/2000,STL,MO,ACE,CE,Combined TRACON& Tower with Radar,973,299,59,10,1341,3,0,8,6,17,976,299,67,16,1358,2,0,2,1360
04/21/2000,STL,MO,ACE,CE,Combined TRACON& Tower with Radar,1037,344,46,15,1442,0,1,4,2,7,1037,345,50,17,1449,0,0,0,1449
04/22/2000,STL,MO,ACE,CE,Combined TRACON& Tower with Radar,826,225,43,3,1097,65,0,0,0,65,891,225,43,3,1162,0,0,0,1162
04/23/2000,STL,MO,ACE,CE,Combined TRACON& Tower with Radar,852,263,26,1,1142,42,3,0,0,45,894,266,26,1,1187,0,0,0,1187
04/24/2000,STL,MO,ACE,CE,Combined TRACON& Tower with Radar,991,306,52,5,1354,15,18,0,0,33,1006,324,52,5,1387,0,0,0,1387
04/25/2000,STL,MO,ACE,CE,Combined TRACON& Tower with Radar,1025,331,65,11,1432,0,6,39,7,52,1025,337,104,18,1484,8,0,8,1492
04/26/2000,STL,MO,ACE,CE,Combined TRACON& Tower with Radar,1018,332,64,11,1425,0,1,29,10,40,1018,333,93,21,1465,0,0,0,1465
04/27/2000,STL,MO,ACE,CE,Combined TRACON& Tower with Radar,1030,328,64,10,1432,0,1,32,0,33,1030,329,96,10,1465,0,0,0,1465
04/28/2000,STL,MO,ACE,CE,Combined TRACON& Tower with Radar,1027,324,64,11,1426,0,8,20,3,31,1027,332,84,14,1457,4,0,4,1461
04/29/2000,STL,MO,ACE,CE,Combined TRACON& Tower with Radar,764,215,29,0,1008,36,0,0,0,36,800,215,29,0,1044,0,0,0,1044
04/30/2000,STL,MO,ACE,CE,Combined TRACON& Tower with Radar,866,262,48,1,1177,28,0,0,0,28,894,262,48,1,1205,0,0,0,1205
05/01/2000,STL,MO,ACE,CE,Combined TRACON& Tower with Radar,988,304,59,13,1364,0,14,0,1,15,988,318,59,14,1379,0,0,0,1379
05/02/2000,STL,MO,ACE,CE,Combined TRACON& Tower with Radar,998,322,67,14,1401,0,26,41,5,72,998,348,108,19,1473,0,0,0,1473
05/03/2000,STL,MO,ACE,CE,Combined TRACON& Tower with Radar,958,305,64,13,1340,0,20,15,9,44,958,325,79,22,1384,1,0,1,1385
05/04/2000,STL,MO,ACE,CE,Combined TRACON& Tower with Radar,996,320,67,14,1397,0,16,31,4,51,996,336,98,18,1448,0,0,0,1448
05/05/2000,STL,MO,ACE,CE,Combined TRACON& Tower with Radar,1021,322,68,14,1425,0,11,21,6,38,1021,333,89,20,1463,0,0,0,1463
05/06/2000,STL,MO,ACE,CE,Combined TRACON& Tower with Radar,751,199,36,8,994,43,0,0,0,43,794,199,36,8,1037,1,0,1,1038
05/07/2000,STL,MO,ACE,CE,Combined TRACON& Tower with Radar,867,250,38,6,1161,24,0,0,0,24,891,250,38,6,1185,0,0,0,1185
05/08/2000,STL,MO,ACE,CE,Combined TRACON& Tower with Radar,989,309,57,13,1368,0,11,0,2,13,989,320,57,15,1381,0,0,0,1381
05/09/2000,STL,MO,ACE,CE,Combined TRACON& Tower with Radar,993,311,61,13,1378,0,23,0,2,25,993,334,61,15,1403,0,0,0,1403
05/10/2000,STL,MO,ACE,CE,Combined TRACON& Tower with Radar,964,309,67,14,1354,0,38,15,10,63,964,347,82,24,1417,2,0,2,1419
05/11/2000,STL,MO,ACE,CE,Combined TRACON& Tower with Radar,1020,331,82,13,1446,0,1,3,0,4,1020,332,85,13,1450,0,0,0,1450
05/12/2000,STL,MO,ACE,CE,Combined TRACON& Tower with Radar,966,295,63,13,1337,54,37,22,0,113,1020,332,85,13,1450,0,0,0,1450
05/13/2000,STL,MO,ACE,CE,Combined TRACON& Tower with Radar,852,211,36,12,1111,83,0,0,2,85,935,211,36,14,1196,0,0,0,1196
05/14/2000,STL,MO,ACE,CE,Combined TRACON& Tower with Radar,836,251,28,3,1118,59,0,0,0,59,895,251,28,3,1177,0,0,0,1177
05/15/2000,STL,MO,ACE,CE,Combined TRACON& Tower with Radar,1000,310,57,9,1376,0,18,0,0,18,1000,328,57,9,1394,0,0,0,1394
05/16/2000,STL,MO,ACE,CE,Combined TRACON& Tower with Radar,1012,320,68,13,1413,0,34,20,0,54,1012,354,88,13,1467,0,0,0,1467
05/17/2000,STL,MO,ACE,CE,Combined TRACON& Tower with Radar,1000,317,69,14,1400,0,20,31,2,53,1000,337,100,16,1453,0,0,0,1453
05/18/2000,STL,MO,ACE,CE,Combined TRACON& Tower with Radar,948,298,64,8,1318,0,4,39,0,43,948,302,103,8,1361,4,0,4,1365
05/19/2000,STL,MO,ACE,CE,Combined TRACON& Tower with Radar,1048,325,72,15,1460,0,0,43,1,44,1048,325,115,16,1504,0,0,0,1504
05/20/2000,STL,MO,ACE,CE,Combined TRACON& Tower with Radar,876,228,58,12,1174,44,0,4,17,65,920,228,62,29,1239,16,0,16,1255
05/21/2000,STL,MO,ACE,CE,Combined TRACON& Tower with Radar,876,252,46,12,1186,19,0,0,2,21,895,252,46,14,1207,0,0,0,1207
05/22/2000,STL,MO,ACE,CE,Combined TRACON& Tower with Radar,907,275,57,13,1252,1,0,0,11,12,908,275,57,24,1264,0,0,0,1264
05/23/2000,STL,MO,ACE,CE,Combined TRACON& Tower with Radar,970,300,64,14,1348,0,6,14,0,20,970,306,78,14,1368,10,0,10,1378
05/24/2000,STL,MO,ACE,CE,Combined TRACON& Tower with Radar,985,310,67,14,1376,0,17,30,6,53,985,327,97,20,1429,2,0,2,1431
05/25/2000,STL,MO,ACE,CE,Combined TRACON& Tower with Radar,1029,311,68,9,1417,0,0,78,0,78,1029,311,146,9,1495,8,0,8,1503
05/26/2000,STL,MO,ACE,CE,Combined TRACON& Tower with Radar,743,198,49,2,992,42,0,8,0,50,785,198,57,2,1042,0,0,0,1042
05/27/2000,STL,MO,ACE,CE,Combined TRACON& Tower with Radar,788,177,29,10,1004,102,0,0,1,103,890,177,29,11,1107,0,0,0,1107
05/28/2000,STL,MO,ACE,CE,Combined TRACON& Tower with Radar,707,207,18,2,934,35,0,0,0,35,742,207,18,2,969,0,0,0,969
05/29/2000,STL,MO,ACE,CE,Combined TRACON& Tower with Radar,869,266,39,11,1185,17,7,0,0,24,886,273,39,11,1209,0,0,0,1209
05/30/2000,STL,MO,ACE,CE,Combined TRACON& Tower with Radar,999,314,62,13,1388,0,12,0,7,19,999,326,62,20,1407,0,0,0,1407
05/31/2000,STL,MO,ACE,CE,Combined TRACON& Tower with Radar,981,312,66,10,1369,0,25,19,0,44,981,337,85,10,1413,0,0,0,1413
06/01/2000,STL,MO,ACE,CE,Combined TRACON& Tower with Radar,1049,323,73,10,1455,0,0,19,1,20,1049,323,92,11,1475,4,0,4,1479
06/02/2000,STL,MO,ACE,CE,Combined TRACON& Tower with Radar,1028,327,69,10,1434,0,1,12,19,32,1028,328,81,29,1466,2,0,2,1468
06/03/2000,STL,MO,ACE,CE,Combined TRACON& Tower with Radar,896,231,43,7,1177,6,0,7,9,22,902,231,50,16,1199,0,0,0,1199
06/04/2000,STL,MO,ACE,CE,Combined TRACON& Tower with Radar,775,232,42,7,1056,46,0,0,8,54,821,232,42,15,1110,0,0,0,1110
06/05/2000,STL,MO,ACE,CE,Combined TRACON& Tower with Radar,1077,330,75,11,1493,0,0,12,2,14,1077,330,87,13,1507,0,0,0,1507
06/06/2000,STL,MO,ACE,CE,Combined TRACON& Tower with Radar,1026,334,72,10,1442,0,15,10,10,35,1026,349,82,20,1477,0,0,0,1477
06/07/2000,STL,MO,ACE,CE,Combined TRACON& Tower with Radar,1032,335,73,10,1450,0,8,30,8,46,1032,343,103,18,1496,0,0,0,1496
06/08/2000,STL,MO,ACE,CE,Combined TRACON& Tower with Radar,1040,342,75,10,1467,0,2,23,7,32,1040,344,98,17,1499,0,0,0,1499
06/09/2000,STL,MO,ACE,CE,Combined TRACON& Tower with Radar,1026,331,72,10,1439,0,11,18,2,31,1026,342,90,12,1470,2,0,2,1472
06/10/2000,STL,MO,ACE,CE,Combined TRACON& Tower with Radar,838,225,45,6,1114,70,0,0,0,70,908,225,45,6,1184,0,0,0,1184
06/11/2000,STL,MO,ACE,CE,Combined TRACON& Tower with Radar,844,250,31,3,1128,36,0,0,0,36,880,250,31,3,1164,0,0,0,1164
06/12/2000,STL,MO,ACE,CE,Combined TRACON& Tower with Radar,980,292,67,9,1348,21,0,7,0,28,1001,292,74,9,1376,0,0,0,1376
06/13/2000,STL,MO,ACE,CE,Combined TRACON& Tower with Radar,994,318,68,11,1391,0,16,29,4,49,994,334,97,15,1440,0,0,0,1440
06/14/2000,STL,MO,ACE,CE,Combined TRACON& Tower with Radar,895,282,61,10,1248,1,0,15,0,16,896,282,76,10,1264,0,0,0,1264
06/15/2000,STL,MO,ACE,CE,Combined TRACON& Tower with Radar,1028,342,73,11,1454,0,13,43,1,57,1028,355,116,12,1511,0,0,0,1511
06/16/2000,STL,MO,ACE,CE,Combined TRACON& Tower with Radar,806,259,55,6,1126,0,14,21,0,35,806,273,76,6,1161,0,0,0,1161
06/17/2000,STL,MO,ACE,CE,Combined TRACON& Tower with Radar,992,237,37,13,1279,6,0,0,0,6,998,237,37,13,1285,0,0,0,1285
06/18/2000,STL,MO,ACE,CE,Combined TRACON& Tower with Radar,845,268,35,3,1151,50,1,0,0,51,895,269,35,3,1202,0,0,0,1202
06/19/2000,STL,MO,ACE,CE,Combined TRACON& Tower with Radar,1012,320,68,11,1411,0,10,0,2,12,1012,330,68,13,1423,0,0,0,1423
06/20/2000,STL,MO,ACE,CE,Combined TRACON& Tower with Radar,942,300,65,9,1316,0,0,6,0,6,942,300,71,9,1322,0,0,0,1322
06/21/2000,STL,MO,ACE,CE,Combined TRACON& Tower with Radar,1034,335,73,12,1454,0,0,15,3,18,1034,335,88,15,1472,0,0,0,1472
06/22/2000,STL,MO,ACE,CE,Combined TRACON& Tower with Radar,1025,336,72,6,1439,0,23,18,0,41,1025,359,90,6,1480,0,0,0,1480
06/23/2000,STL,MO,ACE,CE,Combined TRACON& Tower with Radar,1016,326,69,11,1422,0,8,33,10,51,1016,334,102,21,1473,0,0,0,1473
06/24/2000,STL,MO,ACE,CE,Combined TRACON& Tower with Radar,826,213,43,5,1087,87,0,0,0,87,913,213,43,5,1174,0,0,0,1174
06/25/2000,STL,MO,ACE,CE,Combined TRACON& Tower with Radar,816,259,41,3,1119,38,1,0,0,39,854,260,41,3,1158,0,0,0,1158
06/26/2000,STL,MO,ACE,CE,Combined TRACON& Tower with Radar,1024,327,53,2,1406,0,10,0,0,10,1024,337,53,2,1416,0,0,0,1416
06/27/2000,STL,MO,ACE,CE,Combined TRACON& Tower with Radar,1007,328,71,10,1416,0,47,23,5,75,1007,375,94,15,1491,0,0,0,1491
06/28/2000,STL,MO,ACE,CE,Combined TRACON& Tower with Radar,1042,336,72,10,1460,0,9,4,0,13,1042,345,76,10,1473,0,0,0,1473
06/29/2000,STL,MO,ACE,CE,Combined TRACON& Tower with Radar,1017,329,70,10,1426,0,0,38,4,42,1017,329,108,14,1468,0,0,0,1468
06/30/2000,STL,MO,ACE,CE,Combined TRACON& Tower with Radar,1046,338,73,10,1467,0,3,23,9,35,1046,341,96,19,1502,0,0,0,1502
07/01/2000,STL,MO,ACE,CE,Combined TRACON& Tower with Radar,890,235,41,8,1174,46,0,0,0,46,936,235,41,8,1220,0,0,0,1220
07/02/2000,STL,MO,ACE,CE,Combined TRACON& Tower with Radar,801,232,43,8,1084,35,0,3,0,38,836,232,46,8,1122,0,0,0,1122
07/03/2000,STL,MO,ACE,CE,Combined TRACON& Tower with Radar,786,236,31,7,1060,12,13,0,0,25,798,249,31,7,1085,2,0,2,1087
07/04/2000,STL,MO,ACE,CE,Combined TRACON& Tower with Radar,842,234,22,9,1107,43,0,0,2,45,885,234,22,11,1152,0,0,0,1152
07/05/2000,STL,MO,ACE,CE,Combined TRACON& Tower with Radar,1007,312,56,11,1386,0,15,6,4,25,1007,327,62,15,1411,0,0,0,1411
07/06/2000,STL,MO,ACE,CE,Combined TRACON& Tower with Radar,1036,321,58,8,1423,0,9,33,0,42,1036,330,91,8,1465,0,0,0,1465
07/07/2000,STL,MO,ACE,CE,Combined TRACON& Tower with Radar,1030,312,56,11,1409,0,31,4,10,45,1030,343,60,21,1454,0,0,0,1454
07/08/2000,STL,MO,ACE,CE,Combined TRACON& Tower with Radar,868,235,46,5,1154,55,0,5,0,60,923,235,51,5,1214,0,0,0,1214
07/09/2000,STL,MO,ACE,CE,Combined TRACON& Tower with Radar,900,268,39,8,1215,12,0,0,0,12,912,268,39,8,1227,0,0,0,1227
07/10/2000,STL,MO,ACE,CE,Combined TRACON& Tower with Radar,984,300,39,11,1334,0,27,0,3,30,984,327,39,14,1364,0,0,0,1364
07/11/2000,STL,MO,ACE,CE,Combined TRACON& Tower with Radar,1033,311,58,5,1407,7,9,4,0,20,1040,320,62,5,1427,0,4,4,1431
07/12/2000,STL,MO,ACE,CE,Combined TRACON& Tower with Radar,939,299,55,10,1303,0,34,22,0,56,939,333,77,10,1359,0,0,0,1359
07/13/2000,STL,MO,ACE,CE,Combined TRACON& Tower with Radar,1011,336,68,10,1425,0,3,7,0,10,1011,339,75,10,1435,0,0,0,1435
07/14/2000,STL,MO,ACE,CE,Combined TRACON& Tower with Radar,991,340,44,21,1396,0,5,3,3,11,991,345,47,24,1407,0,0,0,1407
07/15/2000,STL,MO,ACE,CE,Combined TRACON& Tower with Radar,879,214,42,9,1144,56,0,0,6,62,935,214,42,15,1206,8,0,8,1214
07/16/2000,STL,MO,ACE,CE,Combined TRACON& Tower with Radar,877,245,37,9,1168,30,0,0,1,31,907,245,37,10,1199,2,0,2,1201
07/17/2000,STL,MO,ACE,CE,Combined TRACON& Tower with Radar,994,308,56,11,1369,0,12,10,1,23,994,320,66,12,1392,0,0,0,1392
07/18/2000,STL,MO,ACE,CE,Combined TRACON& Tower with Radar,943,312,76,14,1345,0,4,5,2,11,943,316,81,16,1356,0,0,0,1356
07/19/2000,STL,MO,ACE,CE,Combined TRACON& Tower with Radar,1108,339,62,12,1521,0,0,36,5,41,1108,339,98,17,1562,0,0,0,1562
07/20/2000,STL,MO,ACE,CE,Combined TRACON& Tower with Radar,1012,320,58,11,1401,0,27,25,1,53,1012,347,83,12,1454,0,0,0,1454
07/21/2000,STL,MO,ACE,CE,Combined TRACON& Tower with Radar,1066,322,58,11,1457,18,17,8,1,44,1084,339,66,12,1501,0,0,0,1501
07/22/2000,STL,MO,ACE,CE,Combined TRACON& Tower with Radar,872,221,48,9,1150,52,0,4,2,58,924,221,52,11,1208,4,0,4,1212
07/23/2000,STL,MO,ACE,CE,Combined TRACON& Tower with Radar,872,256,48,2,1178,32,0,3,0,35,904,256,51,2,1213,4,0,4,1217
07/24/2000,STL,MO,ACE,CE,Combined TRACON& Tower with Radar,1011,308,53,10,1382,0,25,0,0,25,1011,333,53,10,1407,0,0,0,1407
07/25/2000,STL,MO,ACE,CE,Combined TRACON& Tower with Radar,956,303,54,8,1321,0,82,20,0,102,956,385,74,8,1423,0,0,0,1423
07/26/2000,STL,MO,ACE,CE,Combined TRACON& Tower with Radar,1020,325,59,12,1416,0,32,31,5,68,1020,357,90,17,1484,6,0,6,1490
07/27/2000,STL,MO,ACE,CE,Combined TRACON& Tower with Radar,664,227,57,6,954,0,0,0,0,0,664,227,57,6,954,0,0,0,954
07/28/2000,STL,MO,ACE,CE,Combined TRACON& Tower with Radar,778,197,42,8,1025,0,0,38,4,42,778,197,80,12,1067,0,0,0,1067
07/29/2000,STL,MO,ACE,CE,Combined TRACON& Tower with Radar,940,229,43,10,1222,42,0,0,7,49,982,229,43,17,1271,4,0,4,1275
07/30/2000,STL,MO,ACE,CE,Combined TRACON& Tower with Radar,893,277,53,10,1233,0,0,8,14,22,893,277,61,24,1255,0,0,0,1255
07/31/2000,STL,MO,ACE,CE,Combined TRACON& Tower with Radar,996,306,55,11,1368,0,0,8,1,9,996,306,63,12,1377,2,0,2,1379
08/01/2000,STL,MO,ACE,CE,Combined TRACON& Tower with Radar,1034,341,67,10,1452,0,0,31,0,31,1034,341,98,10,1483,0,0,0,1483
08/02/2000,STL,MO,ACE,CE,Combined TRACON& Tower with Radar,1001,333,65,9,1408,0,14,51,0,65,1001,347,116,9,1473,0,0,0,1473
08/03/2000,STL,MO,ACE,CE,Combined TRACON& Tower with Radar,1030,333,65,10,1438,0,19,11,4,34,1030,352,76,14,1472,0,0,0,1472
08/04/2000,STL,MO,ACE,CE,Combined TRACON& Tower with Radar,1057,338,66,10,1471,0,29,17,1,47,1057,367,83,11,1518,0,0,0,1518
08/05/2000,STL,MO,ACE,CE,Combined TRACON& Tower with Radar,851,225,42,4,1122,88,0,0,0,88,939,225,42,4,1210,0,0,0,1210
08/06/2000,STL,MO,ACE,CE,Combined TRACON& Tower with Radar,861,256,37,5,1159,51,0,0,0,51,912,256,37,5,1210,0,0,0,1210
08/07/2000,STL,MO,ACE,CE,Combined TRACON& Tower with Radar,898,287,38,9,1232,23,9,0,0,32,921,296,38,9,1264,8,0,8,1272
08/08/2000,STL,MO,ACE,CE,Combined TRACON& Tower with Radar,1070,341,65,11,1487,16,0,6,13,35,1086,341,71,24,1522,0,0,0,1522
08/09/2000,STL,MO,ACE,CE,Combined TRACON& Tower with Radar,1025,337,60,7,1429,0,8,0,0,8,1025,345,60,7,1437,0,0,0,1437
08/10/2000,STL,MO,ACE,CE,Combined TRACON& Tower with Radar,1052,338,65,11,1466,0,19,0,1,20,1052,357,65,12,1486,4,0,4,1490
08/11/2000,STL,MO,ACE,CE,Combined TRACON& Tower with Radar,1010,332,63,11,1416,0,20,9,9,38,1010,352,72,20,1454,4,0,4,1458
08/12/2000,STL,MO,ACE,CE,Combined TRACON& Tower with Radar,861,233,48,8,1150,56,0,0,0,56,917,233,48,8,1206,2,0,2,1208
08/13/2000,STL,MO,ACE,CE,Combined TRACON& Tower with Radar,873,263,33,5,1174,33,0,0,0,33,906,263,33,5,1207,0,0,0,1207
08/14/2000,STL,MO,ACE,CE,Combined TRACON& Tower with Radar,1012,323,47,11,1393,0,15,0,4,19,1012,338,47,15,1412,0,0,0,1412
08/15/2000,STL,MO,ACE,CE,Combined TRACON& Tower with Radar,1027,338,64,7,1436,0,10,36,0,46,1027,348,100,7,1482,0,0,0,1482
08/16/2000,STL,MO,ACE,CE,Combined TRACON& Tower with Radar,1019,341,65,11,1436,0,5,34,7,46,1019,346,99,18,1482,8,0,8,1490
08/17/2000,STL,MO,ACE,CE,Combined TRACON& Tower with Radar,943,321,62,10,1336,0,16,44,7,67,943,337,106,17,1403,6,0,6,1409
08/18/2000,STL,MO,ACE,CE,Combined TRACON& Tower with Radar,1086,359,69,12,1526,0,0,36,0,36,1086,359,105,12,1562,0,0,0,1562
08/19/2000,STL,MO,ACE,CE,Combined TRACON& Tower with Radar,849,230,52,8,1139,68,0,10,0,78,917,230,62,8,1217,0,0,0,1217
08/20/2000,STL,MO,ACE,CE,Combined TRACON& Tower with Radar,876,268,49,9,1202,40,0,0,3,43,916,268,49,12,1245,0,0,0,1245
08/21/2000,STL,MO,ACE,CE,Combined TRACON& Tower with Radar,982,312,41,10,1345,29,1,0,4,34,1011,313,41,14,1379,0,0,0,1379
08/22/2000,STL,MO,ACE,CE,Combined TRACON& Tower with Radar,1058,340,67,11,1476,0,0,7,9,16,1058,340,74,20,1492,0,0,0,1492
08/23/2000,STL,MO,ACE,CE,Combined TRACON& Tower with Radar,993,331,63,10,1397,0,16,12,5,33,993,347,75,15,1430,9,0,9,1439
08/24/2000,STL,MO,ACE,CE,Combined TRACON& Tower with Radar,1014,342,65,2,1423,0,16,27,0,43,1014,358,92,2,1466,0,0,0,1466
08/25/2000,STL,MO,ACE,CE,Combined TRACON& Tower with Radar,1029,336,64,10,1439,0,7,42,8,57,1029,343,106,18,1496,10,0,10,1506
08/26/2000,STL,MO,ACE,CE,Combined TRACON& Tower with Radar,832,265,32,8,1137,74,20,0,2,96,906,285,32,10,1233,2,0,2,1235
08/27/2000,STL,MO,ACE,CE,Combined TRACON& Tower with Radar,873,268,36,8,1185,18,0,0,0,18,891,268,36,8,1203,0,0,0,1203
08/28/2000,STL,MO,ACE,CE,Combined TRACON& Tower with Radar,991,315,39,9,1354,9,6,0,5,20,1000,321,39,14,1374,0,0,0,1374
08/29/2000,STL,MO,ACE,CE,Combined TRACON& Tower with Radar,1010,329,64,10,1413,0,9,17,6,32,1010,338,81,16,1445,1,0,1,1446
08/30/2000,STL,MO,ACE,CE,Combined TRACON& Tower with Radar,1011,331,65,10,1417,0,0,20,2,22,1011,331,85,12,1439,6,2,8,1447
08/31/2000,STL,MO,ACE,CE,Combined TRACON& Tower with Radar,939,317,61,9,1326,0,22,13,3,38,939,339,74,12,1364,0,0,0,1364
09/01/2000,STL,MO,ACE,CE,Combined TRACON& Tower with Radar,1017,335,65,11,1428,0,15,39,1,55,1017,350,104,12,1483,0,0,0,1483
09/02/2000,STL,MO,ACE,CE,Combined TRACON& Tower with Radar,719,190,38,4,951,70,0,0,0,70,789,190,38,4,1021,0,0,0,1021
09/03/2000,STL,MO,ACE,CE,Combined TRACON& Tower with Radar,639,193,28,5,865,51,0,0,0,51,690,193,28,5,916,0,0,0,916
09/04/2000,STL,MO,ACE,CE,Combined TRACON& Tower with Radar,824,227,51,8,1110,55,0,2,0,57,879,227,53,8,1167,0,0,0,1167
09/05/2000,STL,MO,ACE,CE,Combined TRACON& Tower with Radar,981,315,61,11,1368,9,2,15,2,28,990,317,76,13,1396,0,0,0,1396
09/06/2000,STL,MO,ACE,CE,Combined TRACON& Tower with Radar,1005,330,63,10,1408,0,5,12,8,25,1005,335,75,18,1433,0,0,0,1433
09/07/2000,STL,MO,ACE,CE,Combined TRACON& Tower with Radar,1025,330,63,10,1428,5,0,11,4,20,1030,330,74,14,1448,0,0,0,1448
09/08/2000,STL,MO,ACE,CE,Combined TRACON& Tower with Radar,1031,332,64,10,1437,5,5,6,6,22,1036,337,70,16,1459,0,0,0,1459
09/09/2000,STL,MO,ACE,CE,Combined TRACON& Tower with Radar,872,233,49,9,1163,19,0,0,2,21,891,233,49,11,1184,5,0,5,1189
09/10/2000,STL,MO,ACE,CE,Combined TRACON& Tower with Radar,839,261,43,8,1151,6,0,0,1,7,845,261,43,9,1158,0,0,0,1158
09/11/2000,STL,MO,ACE,CE,Combined TRACON& Tower with Radar,953,314,45,10,1322,0,18,0,1,19,953,332,45,11,1341,0,0,0,1341
09/12/2000,STL,MO,ACE,CE,Combined TRACON& Tower with Radar,1024,326,66,6,1422,0,0,27,0,27,1024,326,93,6,1449,0,0,0,1449
09/13/2000,STL,MO,ACE,CE,Combined TRACON& Tower with Radar,1002,342,92,11,1447,0,1,13,1,15,1002,343,105,12,1462,0,0,0,1462
09/14/2000,STL,MO,ACE,CE,Combined TRACON& Tower with Radar,986,326,57,9,1378,0,14,0,0,14,986,340,57,9,1392,0,0,0,1392
09/15/2000,STL,MO,ACE,CE,Combined TRACON& Tower with Radar,1002,338,66,10,1416,0,18,31,4,53,1002,356,97,14,1469,0,0,0,1469
09/16/2000,STL,MO,ACE,CE,Combined TRACON& Tower with Radar,818,247,43,5,1113,46,0,0,0,46,864,247,43,5,1159,0,0,0,1159
09/17/2000,STL,MO,ACE,CE,Combined TRACON& Tower with Radar,870,267,52,8,1197,5,0,0,0,5,875,267,52,8,1202,0,0,0,1202
09/18/2000,STL,MO,ACE,CE,Combined TRACON& Tower with Radar,989,321,56,10,1376,0,15,0,6,21,989,336,56,16,1397,0,0,0,1397
09/19/2000,STL,MO,ACE,CE,Combined TRACON& Tower with Radar,1002,327,64,10,1403,0,10,22,4,36,1002,337,86,14,1439,0,0,0,1439
09/20/2000,STL,MO,ACE,CE,Combined TRACON& Tower with Radar,988,344,66,12,1410,0,27,16,29,72,988,371,82,41,1482,0,0,0,1482
09/21/2000,STL,MO,ACE,CE,Combined TRACON& Tower with Radar,1002,331,64,10,1407,0,12,22,0,34,1002,343,86,10,1441,0,0,0,1441
09/22/2000,STL,MO,ACE,CE,Combined TRACON& Tower with Radar,1002,328,63,7,1400,0,27,0,0,27,1002,355,63,7,1427,8,0,8,1435
09/23/2000,STL,MO,ACE,CE,Combined TRACON& Tower with Radar,836,255,45,4,1140,39,0,0,0,39,875,255,45,4,1179,0,0,0,1179
09/24/2000,STL,MO,ACE,CE,Combined TRACON& Tower with Radar,871,272,41,10,1194,22,0,0,1,23,893,272,41,11,1217,0,0,0,1217
09/25/2000,STL,MO,ACE,CE,Combined TRACON& Tower with Radar,996,295,59,3,1353,2,0,0,0,2,998,295,59,3,1355,0,0,0,1355
09/26/2000,STL,MO,ACE,CE,Combined TRACON& Tower with Radar,1007,342,65,9,1423,0,12,12,0,24,1007,354,77,9,1447,0,0,0,1447
09/27/2000,STL,MO,ACE,CE,Combined TRACON& Tower with Radar,996,327,56,9,1388,0,15,0,0,15,996,342,56,9,1403,0,0,0,1403
09/28/2000,STL,MO,ACE,CE,Combined TRACON& Tower with Radar,934,310,60,8,1312,0,35,0,0,35,934,345,60,8,1347,0,0,0,1347
09/29/2000,STL,MO,ACE,CE,Combined TRACON& Tower with Radar,987,327,64,10,1388,0,26,10,0,36,987,353,74,10,1424,9,2,11,1435
09/30/2000,STL,MO,ACE,CE,Combined TRACON& Tower with Radar,850,253,38,2,1143,40,0,0,0,40,890,253,38,2,1183,0,0,0,1183
10/01/2000,STL,MO,ACE,CE,Combined TRACON& Tower with Radar,836,281,33,3,1153,32,0,0,0,32,868,281,33,3,1185,0,0,0,1185
10/02/2000,STL,MO,ACE,CE,Combined TRACON& Tower with Radar,1002,355,46,8,1411,0,5,0,0,5,1002,360,46,8,1416,0,0,0,1416
10/03/2000,STL,MO,ACE,CE,Combined TRACON& Tower with Radar,982,359,65,10,1416,0,9,14,5,28,982,368,79,15,1444,0,0,0,1444
10/04/2000,STL,MO,ACE,CE,Combined TRACON& Tower with Radar,914,324,58,9,1305,0,8,0,1,9,914,332,58,10,1314,0,0,0,1314
10/05/2000,STL,MO,ACE,CE,Combined TRACON& Tower with Radar,940,331,53,4,1328,0,35,0,0,35,940,366,53,4,1363,0,0,0,1363
10/06/2000,STL,MO,ACE,CE,Combined TRACON& Tower with Radar,1028,367,65,11,1471,0,9,20,1,30,1028,376,85,12,1501,0,0,0,1501
10/07/2000,STL,MO,ACE,CE,Combined TRACON& Tower with Radar,821,255,36,4,1116,48,0,0,0,48,869,255,36,4,1164,0,0,0,1164
10/08/2000,STL,MO,ACE,CE,Combined TRACON& Tower with Radar,819,283,36,2,1140,40,0,0,0,40,859,283,36,2,1180,0,0,0,1180
10/09/2000,STL,MO,ACE,CE,Combined TRACON& Tower with Radar,967,346,46,9,1368,0,4,0,0,4,967,350,46,9,1372,0,0,0,1372
10/10/2000,STL,MO,ACE,CE,Combined TRACON& Tower with Radar,974,348,58,6,1386,0,18,0,0,18,974,366,58,6,1404,0,0,0,1404
10/11/2000,STL,MO,ACE,CE,Combined TRACON& Tower with Radar,962,354,64,10,1390,0,16,22,2,40,962,370,86,12,1430,0,0,0,1430
10/12/2000,STL,MO,ACE,CE,Combined TRACON& Tower with Radar,956,354,64,10,1384,0,20,29,3,52,956,374,93,13,1436,0,0,0,1436
10/13/2000,STL,MO,ACE,CE,Combined TRACON& Tower with Radar,984,362,64,11,1421,0,32,26,15,73,984,394,90,26,1494,0,0,0,1494
10/14/2000,STL,MO,ACE,CE,Combined TRACON& Tower with Radar,863,273,40,9,1185,9,0,0,8,17,872,273,40,17,1202,0,0,0,1202
10/15/2000,STL,MO,ACE,CE,Combined TRACON& Tower with Radar,773,269,39,4,1085,38,0,0,0,38,811,269,39,4,1123,0,0,0,1123
10/16/2000,STL,MO,ACE,CE,Combined TRACON& Tower with Radar,780,276,41,4,1101,0,14,0,0,14,780,290,41,4,1115,0,0,0,1115
10/17/2000,STL,MO,ACE,CE,Combined TRACON& Tower with Radar,1065,348,67,6,1486,0,0,23,0,23,1065,348,90,6,1509,0,0,0,1509
10/18/2000,STL,MO,ACE,CE,Combined TRACON& Tower with Radar,984,372,67,11,1434,0,9,38,7,54,984,381,105,18,1488,0,0,0,1488
10/19/2000,STL,MO,ACE,CE,Combined TRACON& Tower with Radar,962,346,62,10,1380,0,23,7,1,31,962,369,69,11,1411,0,0,0,1411
10/20/2000,STL,MO,ACE,CE,Combined TRACON& Tower with Radar,933,338,61,10,1342,0,21,0,13,34,933,359,61,23,1376,0,0,0,1376
10/21/2000,STL,MO,ACE,CE,Combined TRACON& Tower with Radar,832,262,45,7,1146,46,0,0,0,46,878,262,45,7,1192,2,0,2,1194
10/22/2000,STL,MO,ACE,CE,Combined TRACON& Tower with Radar,829,285,48,5,1167,39,0,0,0,39,868,285,48,5,1206,0,0,0,1206
10/23/2000,STL,MO,ACE,CE,Combined TRACON& Tower with Radar,960,341,55,10,1366,0,21,0,10,31,960,362,55,20,1397,0,4,4,1401
10/24/2000,STL,MO,ACE,CE,Combined TRACON& Tower with Radar,987,355,62,0,1404,0,10,24,0,34,987,365,86,0,1438,0,0,0,1438
10/25/2000,STL,MO,ACE,CE,Combined TRACON& Tower with Radar,1002,361,64,10,1437,0,0,27,5,32,1002,361,91,15,1469,0,0,0,1469
10/26/2000,STL,MO,ACE,CE,Combined TRACON& Tower with Radar,979,354,63,9,1405,0,0,36,1,37,979,354,99,10,1442,16,0,16,1458
10/27/2000,STL,MO,ACE,CE,Combined TRACON& Tower with Radar,990,360,64,9,1423,0,8,6,1,15,990,368,70,10,1438,0,0,0,1438
10/28/2000,STL,MO,ACE,CE,Combined TRACON& Tower with Radar,811,244,46,3,1104,72,0,0,0,72,883,244,46,3,1176,8,0,8,1184
10/29/2000,STL,MO,ACE,CE,Combined TRACON& Tower with Radar,800,266,29,7,1102,53,0,0,2,55,853,266,29,9,1157,2,0,2,1159
10/30/2000,STL,MO,ACE,CE,Combined TRACON& Tower with Radar,952,353,56,3,1364,0,1,8,1,10,952,354,64,4,1374,0,0,0,1374
10/31/2000,STL,MO,ACE,CE,Combined TRACON& Tower with Radar,942,330,59,7,1338,5,18,2,0,25,947,348,61,7,1363,0,0,0,1363
11/01/2000,STL,MO,ACE,CE,Combined TRACON& Tower with Radar,994,330,60,11,1395,0,17,13,9,39,994,347,73,20,1434,0,0,0,1434
11/02/2000,STL,MO,ACE,CE,Combined TRACON& Tower with Radar,1000,348,94,15,1457,0,2,5,2,9,1000,350,99,17,1466,0,0,0,1466
11/03/2000,STL,MO,ACE,CE,Combined TRACON& Tower with Radar,1000,335,61,11,1407,0,13,11,15,39,1000,348,72,26,1446,0,0,0,1446
11/04/2000,STL,MO,ACE,CE,Combined TRACON& Tower with Radar,841,243,45,9,1138,29,0,0,9,38,870,243,45,18,1176,0,0,0,1176
11/05/2000,STL,MO,ACE,CE,Combined TRACON& Tower with Radar,823,269,44,9,1145,21,8,0,9,38,844,277,44,18,1183,0,0,0,1183
11/06/2000,STL,MO,ACE,CE,Combined TRACON& Tower with Radar,801,253,43,9,1106,16,0,0,1,17,817,253,43,10,1123,0,0,0,1123
11/07/2000,STL,MO,ACE,CE,Combined TRACON& Tower with Radar,1022,338,61,11,1432,0,2,12,11,25,1022,340,73,22,1457,0,0,0,1457
11/08/2000,STL,MO,ACE,CE,Combined TRACON& Tower with Radar,997,337,61,12,1407,0,1,51,5,57,997,338,112,17,1464,10,0,10,1474
11/09/2000,STL,MO,ACE,CE,Combined TRACON& Tower with Radar,887,259,44,10,1200,0,0,0,0,0,887,259,44,10,1200,0,0,0,1200
11/10/2000,STL,MO,ACE,CE,Combined TRACON& Tower with Radar,930,326,59,8,1323,0,4,24,0,28,930,330,83,8,1351,0,0,0,1351
11/11/2000,STL,MO,ACE,CE,Combined TRACON& Tower with Radar,815,250,43,6,1114,59,0,0,0,59,874,250,43,6,1173,0,0,0,1173
11/12/2000,STL,MO,ACE,CE,Combined TRACON& Tower with Radar,845,264,45,5,1159,19,0,0,0,19,864,264,45,5,1178,0,0,0,1178
11/13/2000,STL,MO,ACE,CE,Combined TRACON& Tower with Radar,978,328,59,12,1377,0,3,4,7,14,978,331,63,19,1391,0,0,0,1391
11/14/2000,STL,MO,ACE,CE,Combined TRACON& Tower with Radar,998,332,59,8,1397,0,6,10,0,16,998,338,69,8,1413,0,0,0,1413
11/15/2000,STL,MO,ACE,CE,Combined TRACON& Tower with Radar,1013,335,61,11,1420,0,8,41,0,49,1013,343,102,11,1469,0,0,0,1469
11/16/2000,STL,MO,ACE,CE,Combined TRACON& Tower with Radar,974,337,61,12,1384,0,25,48,0,73,974,362,109,12,1457,4,0,4,1461
11/17/2000,STL,MO,ACE,CE,Combined TRACON& Tower with Radar,1023,339,61,11,1434,0,4,25,4,33,1023,343,86,15,1467,0,0,0,1467
11/18/2000,STL,MO,ACE,CE,Combined TRACON& Tower with Radar,833,250,49,2,1134,22,0,3,0,25,855,250,52,2,1159,0,0,0,1159
11/19/2000,STL,MO,ACE,CE,Combined TRACON& Tower with Radar,846,268,37,4,1155,39,0,0,0,39,885,268,37,4,1194,0,0,0,1194
11/20/2000,STL,MO,ACE,CE,Combined TRACON& Tower with Radar,975,327,55,11,1368,0,18,0,20,38,975,345,55,31,1406,0,0,0,1406
11/21/2000,STL,MO,ACE,CE,Combined TRACON& Tower with Radar,978,329,59,11,1377,0,16,13,6,35,978,345,72,17,1412,0,0,0,1412
11/22/2000,STL,MO,ACE,CE,Combined TRACON& Tower with Radar,1015,352,51,16,1434,0,1,7,3,11,1015,353,58,19,1445,6,0,6,1451
11/23/2000,STL,MO,ACE,CE,Combined TRACON& Tower with Radar,665,218,28,5,916,31,8,0,0,39,696,226,28,5,955,0,0,0,955
11/24/2000,STL,MO,ACE,CE,Combined TRACON& Tower with Radar,619,200,35,0,854,18,0,0,0,18,637,200,35,0,872,0,0,0,872
11/25/2000,STL,MO,ACE,CE,Combined TRACON& Tower with Radar,732,220,32,4,988,63,0,0,0,63,795,220,32,4,1051,0,0,0,1051
11/26/2000,STL,MO,ACE,CE,Combined TRACON& Tower with Radar,866,268,34,8,1176,35,0,0,0,35,901,268,34,8,1211,0,0,0,1211
11/27/2000,STL,MO,ACE,CE,Combined TRACON& Tower with Radar,979,327,51,7,1364,0,17,0,0,17,979,344,51,7,1381,0,0,0,1381
11/28/2000,STL,MO,ACE,CE,Combined TRACON& Tower with Radar,996,337,62,11,1406,0,12,9,10,31,996,349,71,21,1437,0,0,0,1437
11/29/2000,STL,MO,ACE,CE,Combined TRACON& Tower with Radar,997,339,62,12,1410,0,14,18,7,39,997,353,80,19,1449,0,0,0,1449
11/30/2000,STL,MO,ACE,CE,Combined TRACON& Tower with Radar,991,334,61,11,1397,0,17,17,7,41,991,351,78,18,1438,0,0,0,1438
12/01/2000,STL,MO,ACE,CE,Combined TRACON& Tower with Radar,987,323,51,6,1367,0,24,0,0,24,987,347,51,6,1391,0,0,0,1391
12/02/2000,STL,MO,ACE,CE,Combined TRACON& Tower with Radar,810,245,20,5,1080,163,0,0,0,163,973,245,20,5,1243,0,0,0,1243
12/03/2000,STL,MO,ACE,CE,Combined TRACON& Tower with Radar,862,275,27,7,1171,27,0,0,1,28,889,275,27,8,1199,0,0,0,1199
12/04/2000,STL,MO,ACE,CE,Combined TRACON& Tower with Radar,970,321,44,8,1343,0,22,0,12,34,970,343,44,20,1377,0,0,0,1377
12/05/2000,STL,MO,ACE,CE,Combined TRACON& Tower with Radar,657,226,36,6,925,0,0,0,11,11,657,226,36,17,936,3,0,3,939
12/06/2000,STL,MO,ACE,CE,Combined TRACON& Tower with Radar,984,345,70,13,1412,1,2,4,5,12,985,347,74,18,1424,0,0,0,1424
12/07/2000,STL,MO,ACE,CE,Combined TRACON& Tower with Radar,977,331,52,9,1369,0,20,25,12,57,977,351,77,21,1426,0,0,0,1426
12/08/2000,STL,MO,ACE,CE,Combined TRACON& Tower with Radar,994,362,76,11,1443,2,3,11,3,19,996,365,87,14,1462,0,0,0,1462
12/09/2000,STL,MO,ACE,CE,Combined TRACON& Tower with Radar,800,250,41,5,1096,42,0,2,0,44,842,250,43,5,1140,8,0,8,1148
12/10/2000,STL,MO,ACE,CE,Combined TRACON& Tower with Radar,876,282,34,5,1197,0,0,0,0,0,876,282,34,5,1197,0,0,0,1197
12/11/2000,STL,MO,ACE,CE,Combined TRACON& Tower with Radar,745,190,31,1,967,48,0,0,0,48,793,190,31,1,1015,0,0,0,1015
12/12/2000,STL,MO,ACE,CE,Combined TRACON& Tower with Radar,939,335,53,8,1335,0,31,45,7,83,939,366,98,15,1418,0,0,0,1418
12/13/2000,STL,MO,ACE,CE,Combined TRACON& Tower with Radar,468,109,24,2,603,47,0,12,0,59,515,109,36,2,662,0,0,0,662
12/14/2000,STL,MO,ACE,CE,Combined TRACON& Tower with Radar,966,319,51,7,1343,0,1,4,1,6,966,320,55,8,1349,0,0,0,1349
12/15/2000,STL,MO,ACE,CE,Combined TRACON& Tower with Radar,682,197,36,3,918,40,0,0,0,40,722,197,36,3,958,0,0,0,958
12/16/2000,STL,MO,ACE,CE,Combined TRACON& Tower with Radar,716,216,18,4,954,44,0,0,0,44,760,216,18,4,998,0,0,0,998
12/17/2000,STL,MO,ACE,CE,Combined TRACON& Tower with Radar,816,245,20,5,1086,66,0,0,0,66,882,245,20,5,1152,0,0,0,1152
12/18/2000,STL,MO,ACE,CE,Combined TRACON& Tower with Radar,800,268,40,7,1115,0,0,0,4,4,800,268,40,11,1119,0,0,0,1119
12/19/2000,STL,MO,ACE,CE,Combined TRACON& Tower with Radar,1035,340,53,7,1435,0,0,8,0,8,1035,340,61,7,1443,0,0,0,1443
12/20/2000,STL,MO,ACE,CE,Combined TRACON& Tower with Radar,954,324,50,9,1337,0,46,23,8,77,954,370,73,17,1414,0,0,0,1414
12/21/2000,STL,MO,ACE,CE,Combined TRACON& Tower with Radar,1001,338,52,1,1392,0,14,2,0,16,1001,352,54,1,1408,0,0,0,1408
12/22/2000,STL,MO,ACE,CE,Combined TRACON& Tower with Radar,896,355,58,7,1316,1,1,7,0,9,897,356,65,7,1325,0,0,0,1325
12/23/2000,STL,MO,ACE,CE,Combined TRACON& Tower with Radar,847,261,32,6,1146,26,0,0,0,26,873,261,32,6,1172,0,0,0,1172
12/24/2000,STL,MO,ACE,CE,Combined TRACON& Tower with Radar,732,193,13,3,941,1,2,0,0,3,733,195,13,3,944,0,0,0,944
12/25/2000,STL,MO,ACE,CE,Combined TRACON& Tower with Radar,717,196,15,0,928,1,1,0,0,2,718,197,15,0,930,0,0,0,930
12/26/2000,STL,MO,ACE,CE,Combined TRACON& Tower with Radar,808,264,29,7,1108,0,17,0,8,25,808,281,29,15,1133,0,0,0,1133
12/27/2000,STL,MO,ACE,CE,Combined TRACON& Tower with Radar,936,338,35,8,1317,1,1,2,0,4,937,339,37,8,1321,0,0,0,1321
12/28/2000,STL,MO,ACE,CE,Combined TRACON& Tower with Radar,917,304,31,8,1260,0,40,0,9,49,917,344,31,17,1309,0,0,0,1309
12/29/2000,STL,MO,ACE,CE,Combined TRACON& Tower with Radar,834,248,24,3,1109,1,1,4,0,6,835,249,28,3,1115,0,0,0,1115
12/30/2000,STL,MO,ACE,CE,Combined TRACON& Tower with Radar,816,233,37,2,1088,0,2,4,0,6,816,235,41,2,1094,0,0,0,1094
12/31/2000,STL,MO,ACE,CE,Combined TRACON& Tower with Radar,702,207,11,3,923,41,0,0,0,41,743,207,11,3,964,0,0,0,964
01/01/2001,STL,MO,ACE,CE,Combined TRACON& Tower with Radar,722,239,22,1,984,59,0,0,0,59,781,239,22,1,1043,2,0,2,1045
01/02/2001,STL,MO,ACE,CE,Combined TRACON& Tower with Radar,921,333,40,4,1298,7,20,0,0,27,928,353,40,4,1325,0,0,0,1325
01/03/2001,STL,MO,ACE,CE,Combined TRACON& Tower with Radar,993,360,56,7,1416,0,11,0,4,15,993,371,56,11,1431,0,0,0,1431
01/04/2001,STL,MO,ACE,CE,Combined TRACON& Tower with Radar,999,356,55,6,1416,29,0,0,0,29,1028,356,55,6,1445,0,0,0,1445
01/05/2001,STL,MO,ACE,CE,Combined TRACON& Tower with Radar,977,361,58,7,1403,0,3,5,14,22,977,364,63,21,1425,0,0,0,1425
01/06/2001,STL,MO,ACE,CE,Combined TRACON& Tower with Radar,815,247,41,4,1107,33,0,0,0,33,848,247,41,4,1140,6,0,6,1146
01/07/2001,STL,MO,ACE,CE,Combined TRACON& Tower with Radar,820,267,43,2,1132,41,0,0,0,41,861,267,43,2,1173,0,0,0,1173
01/08/2001,STL,MO,ACE,CE,Combined TRACON& Tower with Radar,950,358,32,9,1349,4,0,0,0,4,954,358,32,9,1353,0,0,0,1353
01/09/2001,STL,MO,ACE,CE,Combined TRACON& Tower with Radar,979,354,54,7,1394,18,12,0,8,38,997,366,54,15,1432,14,0,14,1446
01/10/2001,STL,MO,ACE,CE,Combined TRACON& Tower with Radar,964,366,60,7,1397,0,0,23,3,26,964,366,83,10,1423,10,0,10,1433
01/11/2001,STL,MO,ACE,CE,Combined TRACON& Tower with Radar,975,358,57,8,1398,0,7,17,2,26,975,365,74,10,1424,0,0,0,1424
01/12/2001,STL,MO,ACE,CE,Combined TRACON& Tower with Radar,980,314,44,16,1354,3,0,0,1,4,983,314,44,17,1358,0,0,0,1358
01/13/2001,STL,MO,ACE,CE,Combined TRACON& Tower with Radar,791,239,28,6,1064,86,0,0,0,86,877,239,28,6,1150,0,0,0,1150
01/14/2001,STL,MO,ACE,CE,Combined TRACON& Tower with Radar,854,257,22,2,1135,3,0,0,0,3,857,257,22,2,1138,0,0,0,1138
01/15/2001,STL,MO,ACE,CE,Combined TRACON& Tower with Radar,956,348,55,2,1361,0,2,0,0,2,956,350,55,2,1363,2,0,2,1365
01/16/2001,STL,MO,ACE,CE,Combined TRACON& Tower with Radar,972,369,54,4,1399,4,0,6,0,10,976,369,60,4,1409,8,0,8,1417
01/17/2001,STL,MO,ACE,CE,Combined TRACON& Tower with Radar,987,366,60,8,1421,0,20,7,8,35,987,386,67,16,1456,4,0,4,1460
01/18/2001,STL,MO,ACE,CE,Combined TRACON& Tower with Radar,973,359,58,8,1398,0,10,17,6,33,973,369,75,14,1431,8,0,8,1439
01/19/2001,STL,MO,ACE,CE,Combined TRACON& Tower with Radar,974,372,60,9,1415,0,4,2,11,17,974,376,62,20,1432,6,0,6,1438
01/20/2001,STL,MO,ACE,CE,Combined TRACON& Tower with Radar,799,266,47,2,1114,36,0,19,0,55,835,266,66,2,1169,0,0,0,1169
01/21/2001,STL,MO,ACE,CE,Combined TRACON& Tower with Radar,808,278,31,3,1120,52,0,0,0,52,860,278,31,3,1172,2,0,2,1174
01/22/2001,STL,MO,ACE,CE,Combined TRACON& Tower with Radar,953,345,46,8,1352,0,27,0,6,33,953,372,46,14,1385,0,0,0,1385
01/23/2001,STL,MO,ACE,CE,Combined TRACON& Tower with Radar,969,357,58,8,1392,0,18,31,5,54,969,375,89,13,1446,6,0,6,1452
01/24/2001,STL,MO,ACE,CE,Combined TRACON& Tower with Radar,916,344,54,8,1322,0,38,0,8,46,916,382,54,16,1368,5,0,5,1373
01/25/2001,STL,MO,ACE,CE,Combined TRACON& Tower with Radar,990,365,60,7,1422,0,22,24,2,48,990,387,84,9,1470,4,0,4,1474
01/26/2001,STL,MO,ACE,CE,Combined TRACON& Tower with Radar,959,346,37,7,1349,0,7,0,0,7,959,353,37,7,1356,4,0,4,1360
01/27/2001,STL,MO,ACE,CE,Combined TRACON& Tower with Radar,820,294,50,6,1170,0,0,9,2,11,820,294,59,8,1181,0,0,0,1181
01/28/2001,STL,MO,ACE,CE,Combined TRACON& Tower with Radar,763,269,11,5,1048,67,0,0,1,68,830,269,11,6,1116,0,0,0,1116
01/29/2001,STL,MO,ACE,CE,Combined TRACON& Tower with Radar,785,271,24,1,1081,28,0,0,0,28,813,271,24,1,1109,0,0,0,1109
01/30/2001,STL,MO,ACE,CE,Combined TRACON& Tower with Radar,991,360,50,7,1408,0,1,0,1,2,991,361,50,8,1410,2,0,2,1412
01/31/2001,STL,MO,ACE,CE,Combined TRACON& Tower with Radar,912,349,57,2,1320,0,16,11,0,27,912,365,68,2,1347,0,0,0,1347
02/01/2001,STL,MO,ACE,CE,Combined TRACON& Tower with Radar,979,390,61,7,1437,0,12,15,0,27,979,402,76,7,1464,0,0,0,1464
02/02/2001,STL,MO,ACE,CE,Combined TRACON& Tower with Radar,978,385,41,9,1413,0,2,19,3,24,978,387,60,12,1437,0,0,0,1437
02/03/2001,STL,MO,ACE,CE,Combined TRACON& Tower with Radar,796,274,46,4,1120,36,0,0,0,36,832,274,46,4,1156,0,0,0,1156
02/04/2001,STL,MO,ACE,CE,Combined TRACON& Tower with Radar,826,297,48,7,1178,38,0,2,1,41,864,297,50,8,1219,0,0,0,1219
02/05/2001,STL,MO,ACE,CE,Combined TRACON& Tower with Radar,942,355,37,8,1342,0,23,0,2,25,942,378,37,10,1367,0,0,0,1367
02/06/2001,STL,MO,ACE,CE,Combined TRACON& Tower with Radar,993,382,60,3,1438,0,0,0,0,0,993,382,60,3,1438,0,0,0,1438
02/07/2001,STL,MO,ACE,CE,Combined TRACON& Tower with Radar,967,362,58,8,1395,4,7,10,1,22,971,369,68,9,1417,0,0,0,1417
02/08/2001,STL,MO,ACE,CE,Combined TRACON& Tower with Radar,897,355,58,4,1314,0,0,39,0,39,897,355,97,4,1353,0,0,0,1353
02/09/2001,STL,MO,ACE,CE,Combined TRACON& Tower with Radar,840,274,30,7,1151,33,0,0,2,35,873,274,30,9,1186,0,0,0,1186
02/10/2001,STL,MO,ACE,CE,Combined TRACON& Tower with Radar,824,283,48,7,1162,49,0,0,1,50,873,283,48,8,1212,0,0,0,1212
02/11/2001,STL,MO,ACE,CE,Combined TRACON& Tower with Radar,818,307,31,3,1159,52,0,0,0,52,870,307,31,3,1211,0,0,0,1211
02/12/2001,STL,MO,ACE,CE,Combined TRACON& Tower with Radar,950,359,33,7,1349,0,30,0,4,34,950,389,33,11,1383,0,0,0,1383
02/13/2001,STL,MO,ACE,CE,Combined TRACON& Tower with Radar,898,338,54,5,1295,0,15,4,0,19,898,353,58,5,1314,0,0,0,1314
02/14/2001,STL,MO,ACE,CE,Combined TRACON& Tower with Radar,844,306,46,3,1199,4,0,0,0,4,848,306,46,3,1203,0,0,0,1203
02/15/2001,STL,MO,ACE,CE,Combined TRACON& Tower with Radar,945,338,45,4,1332,51,0,0,0,51,996,338,45,4,1383,0,0,0,1383
02/16/2001,STL,MO,ACE,CE,Combined TRACON& Tower with Radar,998,375,59,5,1437,0,4,15,0,19,998,379,74,5,1456,0,0,0,1456
02/17/2001,STL,MO,ACE,CE,Combined TRACON& Tower with Radar,805,276,40,4,1125,42,0,0,0,42,847,276,40,4,1167,0,0,0,1167
02/18/2001,STL,MO,ACE,CE,Combined TRACON& Tower with Radar,810,297,23,6,1136,53,0,0,1,54,863,297,23,7,1190,0,0,0,1190
02/19/2001,STL,MO,ACE,CE,Combined TRACON& Tower with Radar,938,360,58,3,1359,0,18,0,0,18,938,378,58,3,1377,6,0,6,1383
02/20/2001,STL,MO,ACE,CE,Combined TRACON& Tower with Radar,967,376,60,8,1411,0,5,30,10,45,967,381,90,18,1456,0,0,0,1456
02/21/2001,STL,MO,ACE,CE,Combined TRACON& Tower with Radar,947,365,58,7,1377,0,21,24,6,51,947,386,82,13,1428,0,0,0,1428
02/22/2001,STL,MO,ACE,CE,Combined TRACON& Tower with Radar,999,380,63,5,1447,0,0,9,0,9,999,380,72,5,1456,0,0,0,1456
02/23/2001,STL,MO,ACE,CE,Combined TRACON& Tower with Radar,975,372,58,9,1414,0,0,20,0,20,975,372,78,9,1434,0,0,0,1434
02/24/2001,STL,MO,ACE,CE,Combined TRACON& Tower with Radar,709,229,26,6,970,79,0,0,1,80,788,229,26,7,1050,0,0,0,1050
02/25/2001,STL,MO,ACE,CE,Combined TRACON& Tower with Radar,858,307,25,7,1197,37,0,0,9,46,895,307,25,16,1243,0,0,0,1243
02/26/2001,STL,MO,ACE,CE,Combined TRACON& Tower with Radar,949,356,29,8,1342,10,35,0,12,57,959,391,29,20,1399,0,0,0,1399
02/27/2001,STL,MO,ACE,CE,Combined TRACON& Tower with Radar,845,325,51,2,1223,0,40,6,0,46,845,365,57,2,1269,0,0,0,1269
02/28/2001,STL,MO,ACE,CE,Combined TRACON& Tower with Radar,990,374,59,9,1432,0,0,24,5,29,990,374,83,14,1461,0,0,0,1461
03/01/2001,STL,MO,ACE,CE,Combined TRACON& Tower with Radar,965,383,71,9,1428,0,0,16,7,23,965,383,87,16,1451,0,0,0,1451
03/02/2001,STL,MO,ACE,CE,Combined TRACON& Tower with Radar,980,401,68,16,1465,4,0,6,1,11,984,401,74,17,1476,0,0,0,1476
03/03/2001,STL,MO,ACE,CE,Combined TRACON& Tower with Radar,851,267,40,12,1170,4,0,2,0,6,855,267,42,12,1176,0,0,0,1176
03/04/2001,STL,MO,ACE,CE,Combined TRACON& Tower with Radar,838,304,47,7,1196,39,0,0,0,39,877,304,47,7,1235,4,0,4,1239
03/05/2001,STL,MO,ACE,CE,Combined TRACON& Tower with Radar,921,357,52,9,1339,12,11,0,1,24,933,368,52,10,1363,0,0,0,1363
03/06/2001,STL,MO,ACE,CE,Combined TRACON& Tower with Radar,961,377,70,9,1417,0,4,19,6,29,961,381,89,15,1446,0,0,0,1446
03/07/2001,STL,MO,ACE,CE,Combined TRACON& Tower with Radar,978,391,72,9,1450,0,4,32,8,44,978,395,104,17,1494,0,0,0,1494
03/08/2001,STL,MO,ACE,CE,Combined TRACON& Tower with Radar,983,389,72,9,1453,0,14,15,2,31,983,403,87,11,1484,0,0,0,1484
03/09/2001,STL,MO,ACE,CE,Combined TRACON& Tower with Radar,997,397,73,10,1477,0,12,18,4,34,997,409,91,14,1511,0,0,0,1511
03/10/2001,STL,MO,ACE,CE,Combined TRACON& Tower with Radar,795,268,45,7,1115,55,0,0,0,55,850,268,45,7,1170,0,0,0,1170
03/11/2001,STL,MO,ACE,CE,Combined TRACON& Tower with Radar,829,315,26,9,1179,61,0,0,5,66,890,315,26,14,1245,2,0,2,1247
03/12/2001,STL,MO,ACE,CE,Combined TRACON& Tower with Radar,943,376,41,10,1370,0,7,0,7,14,943,383,41,17,1384,0,0,0,1384
03/13/2001,STL,MO,ACE,CE,Combined TRACON& Tower with Radar,985,385,65,10,1445,0,13,0,1,14,985,398,65,11,1459,0,0,0,1459
03/14/2001,STL,MO,ACE,CE,Combined TRACON& Tower with Radar,981,383,69,10,1443,0,23,14,12,49,981,406,83,22,1492,4,0,4,1496
03/15/2001,STL,MO,ACE,CE,Combined TRACON& Tower with Radar,948,367,67,5,1387,11,13,11,0,35,959,380,78,5,1422,0,0,0,1422
03/16/2001,STL,MO,ACE,CE,Combined TRACON& Tower with Radar,973,387,61,5,1426,0,0,0,0,0,973,387,61,5,1426,0,0,0,1426
03/17/2001,STL,MO,ACE,CE,Combined TRACON& Tower with Radar,876,280,35,6,1197,3,0,5,0,8,879,280,40,6,1205,0,0,0,1205
03/18/2001,STL,MO,ACE,CE,Combined TRACON& Tower with Radar,826,300,31,1,1158,76,0,0,0,76,902,300,31,1,1234,0,0,0,1234
03/19/2001,STL,MO,ACE,CE,Combined TRACON& Tower with Radar,951,369,54,9,1383,15,20,0,1,36,966,389,54,10,1419,2,0,2,1421
03/20/2001,STL,MO,ACE,CE,Combined TRACON& Tower with Radar,984,386,70,9,1449,0,9,30,0,39,984,395,100,9,1488,2,0,2,1490
03/21/2001,STL,MO,ACE,CE,Combined TRACON& Tower with Radar,976,383,70,9,1438,0,3,5,3,11,976,386,75,12,1449,0,0,0,1449
03/22/2001,STL,MO,ACE,CE,Combined TRACON& Tower with Radar,986,383,70,9,1448,0,11,17,1,29,986,394,87,10,1477,0,0,0,1477
03/23/2001,STL,MO,ACE,CE,Combined TRACON& Tower with Radar,991,391,71,9,1462,0,9,41,22,72,991,400,112,31,1534,0,0,0,1534
03/24/2001,STL,MO,ACE,CE,Combined TRACON& Tower with Radar,810,279,50,3,1142,39,0,0,0,39,849,279,50,3,1181,6,0,6,1187
03/25/2001,STL,MO,ACE,CE,Combined TRACON& Tower with Radar,862,315,42,2,1221,23,0,0,0,23,885,315,42,2,1244,2,0,2,1246
03/26/2001,STL,MO,ACE,CE,Combined TRACON& Tower with Radar,957,370,50,9,1386,14,7,0,6,27,971,377,50,15,1413,0,0,0,1413
03/27/2001,STL,MO,ACE,CE,Combined TRACON& Tower with Radar,964,372,68,9,1413,13,18,0,1,32,977,390,68,10,1445,2,0,2,1447
03/28/2001,STL,MO,ACE,CE,Combined TRACON& Tower with Radar,978,379,70,8,1435,0,0,2,0,2,978,379,72,8,1437,6,0,6,1443
03/29/2001,STL,MO,ACE,CE,Combined TRACON& Tower with Radar,973,389,72,4,1438,0,19,12,0,31,973,408,84,4,1469,0,0,0,1469
03/30/2001,STL,MO,ACE,CE,Combined TRACON& Tower with Radar,1015,397,72,10,1494,0,4,0,0,4,1015,401,72,10,1498,2,0,2,1500
03/31/2001,STL,MO,ACE,CE,Combined TRACON& Tower with Radar,762,245,55,2,1064,92,0,4,0,96,854,245,59,2,1160,0,0,0,1160
04/01/2001,STL,MO,ACE,CE,Combined TRACON& Tower with Radar,804,293,41,2,1140,53,0,0,0,53,857,293,41,2,1193,0,0,0,1193
04/02/2001,STL,MO,ACE,CE,Combined TRACON& Tower with Radar,939,371,61,10,1381,12,5,0,6,23,951,376,61,16,1404,12,0,12,1416
04/03/2001,STL,MO,ACE,CE,Combined TRACON& Tower with Radar,973,394,66,7,1440,4,0,4,0,8,977,394,70,7,1448,0,0,0,1448
04/04/2001,STL,MO,ACE,CE,Combined TRACON& Tower with Radar,964,381,69,11,1425,1,10,23,6,40,965,391,92,17,1465,0,0,0,1465
04/05/2001,STL,MO,ACE,CE,Combined TRACON& Tower with Radar,970,395,71,12,1448,0,18,4,2,24,970,413,75,14,1472,16,0,16,1488
04/06/2001,STL,MO,ACE,CE,Combined TRACON& Tower with Radar,986,398,66,12,1462,0,0,0,12,12,986,398,66,24,1474,30,0,30,1504
04/07/2001,STL,MO,ACE,CE,Combined TRACON& Tower with Radar,787,262,29,9,1087,82,0,0,3,85,869,262,29,12,1172,0,0,0,1172
04/08/2001,STL,MO,ACE,CE,Combined TRACON& Tower with Radar,836,298,30,10,1174,55,0,0,6,61,891,298,30,16,1235,2,0,2,1237
04/09/2001,STL,MO,ACE,CE,Combined TRACON& Tower with Radar,924,363,56,11,1354,8,17,0,3,28,932,380,56,14,1382,0,0,0,1382
04/10/2001,STL,MO,ACE,CE,Combined TRACON& Tower with Radar,895,355,65,9,1324,0,26,4,0,30,895,381,69,9,1354,0,0,0,1354
04/11/2001,STL,MO,ACE,CE,Combined TRACON& Tower with Radar,874,357,65,9,1305,0,13,33,0,46,874,370,98,9,1351,10,0,10,1361
04/12/2001,STL,MO,ACE,CE,Combined TRACON& Tower with Radar,908,372,68,11,1359,0,28,23,3,54,908,400,91,14,1413,14,0,14,1427
04/13/2001,STL,MO,ACE,CE,Combined TRACON& Tower with Radar,948,373,68,7,1396,2,19,8,0,29,950,392,76,7,1425,10,0,10,1435
04/14/2001,STL,MO,ACE,CE,Combined TRACON& Tower with Radar,748,261,38,2,1049,80,0,0,0,80,828,261,38,2,1129,0,0,0,1129
04/15/2001,STL,MO,ACE,CE,Combined TRACON& Tower with Radar,851,293,25,2,1171,4,1,1,0,6,855,294,26,2,1177,0,0,0,1177
04/16/2001,STL,MO,ACE,CE,Combined TRACON& Tower with Radar,930,366,66,10,1372,4,15,6,0,25,934,381,72,10,1397,18,0,18,1415
04/17/2001,STL,MO,ACE,CE,Combined TRACON& Tower with Radar,968,389,71,7,1435,0,5,18,0,23,968,394,89,7,1458,0,0,0,1458
04/18/2001,STL,MO,ACE,CE,Combined TRACON& Tower with Radar,976,405,74,12,1467,0,14,23,4,41,976,419,97,16,1508,10,0,10,1518
04/19/2001,STL,MO,ACE,CE,Combined TRACON& Tower with Radar,904,332,67,11,1314,0,0,34,0,34,904,332,101,11,1348,2,0,2,1350
04/20/2001,STL,MO,ACE,CE,Combined TRACON& Tower with Radar,959,393,70,12,1434,0,0,0,15,15,959,393,70,27,1449,2,0,2,1451
04/21/2001,STL,MO,ACE,CE,Combined TRACON& Tower with Radar,779,266,49,2,1096,69,0,0,0,69,848,266,49,2,1165,0,0,0,1165
04/22/2001,STL,MO,ACE,CE,Combined TRACON& Tower with Radar,796,297,32,5,1130,55,0,0,0,55,851,297,32,5,1185,0,0,0,1185
04/23/2001,STL,MO,ACE,CE,Combined TRACON& Tower with Radar,932,368,36,11,1347,15,19,0,2,36,947,387,36,13,1383,0,0,0,1383
04/24/2001,STL,MO,ACE,CE,Combined TRACON& Tower with Radar,981,390,68,11,1450,0,10,0,7,17,981,400,68,18,1467,0,0,0,1467
04/25/2001,STL,MO,ACE,CE,Combined TRACON& Tower with Radar,962,398,72,10,1442,0,0,26,0,26,962,398,98,10,1468,0,0,0,1468
04/26/2001,STL,MO,ACE,CE,Combined TRACON& Tower with Radar,916,388,66,11,1381,0,2,0,1,3,916,390,66,12,1384,2,0,2,1386
04/27/2001,STL,MO,ACE,CE,Combined TRACON& Tower with Radar,929,373,67,11,1380,0,19,7,11,37,929,392,74,22,1417,0,0,0,1417
04/28/2001,STL,MO,ACE,CE,Combined TRACON& Tower with Radar,769,275,56,9,1109,61,0,34,2,97,830,275,90,11,1206,0,0,0,1206
04/29/2001,STL,MO,ACE,CE,Combined TRACON& Tower with Radar,812,300,52,8,1172,49,0,0,6,55,861,300,52,14,1227,0,0,0,1227
04/30/2001,STL,MO,ACE,CE,Combined TRACON& Tower with Radar,946,373,55,10,1384,10,21,0,11,42,956,394,55,21,1426,0,0,0,1426
05/01/2001,STL,MO,ACE,CE,Combined TRACON& Tower with Radar,994,401,68,13,1476,0,9,6,7,22,994,410,74,20,1498,0,0,0,1498
05/02/2001,STL,MO,ACE,CE,Combined TRACON& Tower with Radar,996,407,69,7,1479,0,23,5,0,28,996,430,74,7,1507,0,0,0,1507
05/03/2001,STL,MO,ACE,CE,Combined TRACON& Tower with Radar,839,343,46,5,1233,0,14,0,0,14,839,357,46,5,1247,0,12,12,1259
05/04/2001,STL,MO,ACE,CE,Combined TRACON& Tower with Radar,1006,407,69,13,1495,0,10,7,8,25,1006,417,76,21,1520,2,0,2,1522
05/05/2001,STL,MO,ACE,CE,Combined TRACON& Tower with Radar,791,267,33,10,1101,77,0,0,12,89,868,267,33,22,1190,0,0,0,1190
05/06/2001,STL,MO,ACE,CE,Combined TRACON& Tower with Radar,843,332,40,11,1226,40,0,0,18,58,883,332,40,29,1284,0,0,0,1284
05/07/2001,STL,MO,ACE,CE,Combined TRACON& Tower with Radar,956,388,56,11,1411,0,29,0,0,29,956,417,56,11,1440,0,0,0,1440
05/08/2001,STL,MO,ACE,CE,Combined TRACON& Tower with Radar,994,419,71,13,1497,0,10,23,4,37,994,429,94,17,1534,0,0,0,1534
05/09/2001,STL,MO,ACE,CE,Combined TRACON& Tower with Radar,994,404,68,13,1479,0,9,23,9,41,994,413,91,22,1520,0,0,0,1520
05/10/2001,STL,MO,ACE,CE,Combined TRACON& Tower with Radar,999,409,70,13,1491,0,11,9,11,31,999,420,79,24,1522,4,0,4,1526
05/11/2001,STL,MO,ACE,CE,Combined TRACON& Tower with Radar,1017,409,69,12,1507,0,9,10,0,19,1017,418,79,12,1526,0,0,0,1526
05/12/2001,STL,MO,ACE,CE,Combined TRACON& Tower with Radar,782,280,54,10,1126,85,0,39,9,133,867,280,93,19,1259,0,0,0,1259
05/13/2001,STL,MO,ACE,CE,Combined TRACON& Tower with Radar,876,316,25,4,1221,3,0,3,0,6,879,316,28,4,1227,0,0,0,1227
05/14/2001,STL,MO,ACE,CE,Combined TRACON& Tower with Radar,968,386,43,3,1400,8,26,0,0,34,976,412,43,3,1434,0,0,0,1434
05/15/2001,STL,MO,ACE,CE,Combined TRACON& Tower with Radar,977,397,68,13,1455,0,28,1,2,31,977,425,69,15,1486,0,0,0,1486
05/16/2001,STL,MO,ACE,CE,Combined TRACON& Tower with Radar,1005,410,70,13,1498,0,4,13,8,25,1005,414,83,21,1523,2,0,2,1525
05/17/2001,STL,MO,ACE,CE,Combined TRACON& Tower with Radar,956,382,66,9,1413,0,10,20,0,30,956,392,86,9,1443,0,0,0,1443
05/18/2001,STL,MO,ACE,CE,Combined TRACON& Tower with Radar,1025,399,70,12,1506,0,0,2,0,2,1025,399,72,12,1508,0,0,0,1508
05/19/2001,STL,MO,ACE,CE,Combined TRACON& Tower with Radar,833,275,44,5,1157,62,0,0,0,62,895,275,44,5,1219,4,0,4,1223
05/20/2001,STL,MO,ACE,CE,Combined TRACON& Tower with Radar,807,304,21,8,1140,58,0,0,0,58,865,304,21,8,1198,0,0,0,1198
05/21/2001,STL,MO,ACE,CE,Combined TRACON& Tower with Radar,973,387,49,12,1421,0,41,0,4,45,973,428,49,16,1466,0,0,0,1466
05/22/2001,STL,MO,ACE,CE,Combined TRACON& Tower with Radar,977,400,68,10,1455,0,9,24,0,33,977,409,92,10,1488,4,0,4,1492
05/23/2001,STL,MO,ACE,CE,Combined TRACON& Tower with Radar,983,391,66,13,1453,0,24,14,2,40,983,415,80,15,1493,0,0,0,1493
05/24/2001,STL,MO,ACE,CE,Combined TRACON& Tower with Radar,997,403,68,13,1481,0,19,11,1,31,997,422,79,14,1512,0,0,0,1512
05/25/2001,STL,MO,ACE,CE,Combined TRACON& Tower with Radar,978,381,69,12,1440,0,0,13,10,23,978,381,82,22,1463,0,0,0,1463
05/26/2001,STL,MO,ACE,CE,Combined TRACON& Tower with Radar,725,229,31,1,986,84,0,0,0,84,809,229,31,1,1070,2,0,2,1072
05/27/2001,STL,MO,ACE,CE,Combined TRACON& Tower with Radar,683,252,16,3,954,56,0,0,0,56,739,252,16,3,1010,0,0,0,1010
05/28/2001,STL,MO,ACE,CE,Combined TRACON& Tower with Radar,811,314,29,7,1161,45,0,0,0,45,856,314,29,7,1206,0,0,0,1206
05/29/2001,STL,MO,ACE,CE,Combined TRACON& Tower with Radar,973,388,59,11,1431,7,14,0,5,26,980,402,59,16,1457,4,0,4,1461
05/30/2001,STL,MO,ACE,CE,Combined TRACON& Tower with Radar,981,400,69,12,1462,0,18,8,9,35,981,418,77,21,1497,0,0,0,1497
05/31/2001,STL,MO,ACE,CE,Combined TRACON& Tower with Radar,967,369,63,8,1407,0,0,0,0,0,967,369,63,8,1407,0,0,0,1407
06/01/2001,STL,MO,ACE,CE,Combined TRACON& Tower with Radar,1001,384,63,14,1462,0,29,0,2,31,1001,413,63,16,1493,0,0,0,1493
06/02/2001,STL,MO,ACE,CE,Combined TRACON& Tower with Radar,851,278,54,2,1185,56,0,0,0,56,907,278,54,2,1241,4,0,4,1245
06/03/2001,STL,MO,ACE,CE,Combined TRACON& Tower with Radar,824,301,28,5,1158,67,0,0,0,67,891,301,28,5,1225,2,0,2,1227
06/04/2001,STL,MO,ACE,CE,Combined TRACON& Tower with Radar,696,253,22,6,977,11,0,0,0,11,707,253,22,6,988,0,0,0,988
06/05/2001,STL,MO,ACE,CE,Combined TRACON& Tower with Radar,1085,409,73,5,1572,0,13,10,0,23,1085,422,83,5,1595,0,0,0,1595
06/06/2001,STL,MO,ACE,CE,Combined TRACON& Tower with Radar,1012,394,63,15,1484,0,23,0,7,30,1012,417,63,22,1514,0,0,0,1514
06/07/2001,STL,MO,ACE,CE,Combined TRACON& Tower with Radar,997,387,69,14,1467,0,19,35,10,64,997,406,104,24,1531,0,0,0,1531
06/08/2001,STL,MO,ACE,CE,Combined TRACON& Tower with Radar,1007,409,74,15,1505,0,4,18,3,25,1007,413,92,18,1530,0,0,0,1530
06/09/2001,STL,MO,ACE,CE,Combined TRACON& Tower with Radar,830,262,45,12,1149,65,0,0,7,72,895,262,45,19,1221,8,0,8,1229
06/10/2001,STL,MO,ACE,CE,Combined TRACON& Tower with Radar,888,314,43,13,1258,20,0,0,21,41,908,314,43,34,1299,0,0,0,1299
06/11/2001,STL,MO,ACE,CE,Combined TRACON& Tower with Radar,984,378,55,15,1432,0,11,0,5,16,984,389,55,20,1448,0,0,0,1448
06/12/2001,STL,MO,ACE,CE,Combined TRACON& Tower with Radar,997,388,58,10,1453,0,22,0,0,22,997,410,58,10,1475,2,0,2,1477
06/13/2001,STL,MO,ACE,CE,Combined TRACON& Tower with Radar,989,377,64,13,1443,0,31,0,0,31,989,408,64,13,1474,4,0,4,1478
06/14/2001,STL,MO,ACE,CE,Combined TRACON& Tower with Radar,984,371,65,10,1430,0,19,15,0,34,984,390,80,10,1464,0,0,0,1464
06/15/2001,STL,MO,ACE,CE,Combined TRACON& Tower with Radar,949,365,45,14,1373,0,27,0,5,32,949,392,45,19,1405,0,0,0,1405
06/16/2001,STL,MO,ACE,CE,Combined TRACON& Tower with Radar,927,280,40,14,1261,32,0,0,35,67,959,280,40,49,1328,0,0,0,1328
06/17/2001,STL,MO,ACE,CE,Combined TRACON& Tower with Radar,884,321,45,8,1258,41,0,0,0,41,925,321,45,8,1299,0,0,0,1299
06/18/2001,STL,MO,ACE,CE,Combined TRACON& Tower with Radar,976,367,64,15,1422,9,2,4,4,19,985,369,68,19,1441,2,0,2,1443
06/19/2001,STL,MO,ACE,CE,Combined TRACON& Tower with Radar,1011,384,67,8,1470,0,8,8,0,16,1011,392,75,8,1486,4,0,4,1490
06/20/2001,STL,MO,ACE,CE,Combined TRACON& Tower with Radar,920,346,37,12,1315,0,35,0,0,35,920,381,37,12,1350,2,0,2,1352
06/21/2001,STL,MO,ACE,CE,Combined TRACON& Tower with Radar,1004,365,62,4,1435,0,0,0,0,0,1004,365,62,4,1435,4,0,4,1439
06/22/2001,STL,MO,ACE,CE,Combined TRACON& Tower with Radar,1002,389,68,14,1473,0,6,18,8,32,1002,395,86,22,1505,4,0,4,1509
06/23/2001,STL,MO,ACE,CE,Combined TRACON& Tower with Radar,838,263,55,6,1162,92,0,3,0,95,930,263,58,6,1257,0,0,0,1257
06/24/2001,STL,MO,ACE,CE,Combined TRACON& Tower with Radar,861,308,40,12,1221,64,0,0,0,64,925,308,40,12,1285,0,0,0,1285
06/25/2001,STL,MO,ACE,CE,Combined TRACON& Tower with Radar,981,400,56,16,1453,0,2,0,0,2,981,402,56,16,1455,0,0,0,1455
06/26/2001,STL,MO,ACE,CE,Combined TRACON& Tower with Radar,985,379,66,14,1444,0,19,32,8,59,985,398,98,22,1503,14,0,14,1517
06/27/2001,STL,MO,ACE,CE,Combined TRACON& Tower with Radar,975,382,66,14,1437,0,1,28,4,33,975,383,94,18,1470,6,0,6,1476
06/28/2001,STL,MO,ACE,CE,Combined TRACON& Tower with Radar,935,372,61,14,1382,0,32,0,6,38,935,404,61,20,1420,0,0,0,1420
06/29/2001,STL,MO,ACE,CE,Combined TRACON& Tower with Radar,1022,390,69,14,1495,0,22,13,17,52,1022,412,82,31,1547,0,0,0,1547
06/30/2001,STL,MO,ACE,CE,Combined TRACON& Tower with Radar,857,266,56,8,1187,70,0,12,0,82,927,266,68,8,1269,6,0,6,1275
07/01/2001,STL,MO,ACE,CE,Combined TRACON& Tower with Radar,841,297,22,10,1170,52,0,0,4,56,893,297,22,14,1226,0,0,0,1226
07/02/2001,STL,MO,ACE,CE,Combined TRACON& Tower with Radar,961,362,58,6,1387,16,10,13,0,39,977,372,71,6,1426,2,0,2,1428
07/03/2001,STL,MO,ACE,CE,Combined TRACON& Tower with Radar,949,366,60,11,1386,0,4,11,3,18,949,370,71,14,1404,0,0,0,1404
07/04/2001,STL,MO,ACE,CE,Combined TRACON& Tower with Radar,804,269,17,9,1099,75,0,0,0,75,879,269,17,9,1174,0,0,0,1174
07/05/2001,STL,MO,ACE,CE,Combined TRACON& Tower with Radar,951,352,51,8,1362,30,0,0,0,30,981,352,51,8,1392,2,0,2,1394
07/06/2001,STL,MO,ACE,CE,Combined TRACON& Tower with Radar,1008,381,56,9,1454,12,5,0,0,17,1020,386,56,9,1471,0,0,0,1471
07/07/2001,STL,MO,ACE,CE,Combined TRACON& Tower with Radar,873,270,49,8,1200,67,0,0,0,67,940,270,49,8,1267,0,0,0,1267
07/08/2001,STL,MO,ACE,CE,Combined TRACON& Tower with Radar,911,316,25,9,1261,1,1,10,0,12,912,317,35,9,1273,0,0,0,1273
07/09/2001,STL,MO,ACE,CE,Combined TRACON& Tower with Radar,988,380,61,11,1440,0,25,3,2,30,988,405,64,13,1470,0,0,0,1470
07/10/2001,STL,MO,ACE,CE,Combined TRACON& Tower with Radar,1011,399,64,11,1485,0,11,13,4,28,1011,410,77,15,1513,0,0,0,1513
07/11/2001,STL,MO,ACE,CE,Combined TRACON& Tower with Radar,1007,406,72,13,1498,1,1,9,4,15,1008,407,81,17,1513,0,0,0,1513
07/12/2001,STL,MO,ACE,CE,Combined TRACON& Tower with Radar,934,357,55,8,1354,0,44,0,0,44,934,401,55,8,1398,0,0,0,1398
07/13/2001,STL,MO,ACE,CE,Combined TRACON& Tower with Radar,1030,389,63,11,1493,1,19,1,9,30,1031,408,64,20,1523,0,0,0,1523
07/14/2001,STL,MO,ACE,CE,Combined TRACON& Tower with Radar,863,280,53,9,1205,64,0,1,6,71,927,280,54,15,1276,0,0,0,1276
07/15/2001,STL,MO,ACE,CE,Combined TRACON& Tower with Radar,881,324,37,7,1249,42,0,0,0,42,923,324,37,7,1291,0,0,0,1291
07/16/2001,STL,MO,ACE,CE,Combined TRACON& Tower with Radar,1005,390,51,11,1457,0,17,0,3,20,1005,407,51,14,1477,0,0,0,1477
07/17/2001,STL,MO,ACE,CE,Combined TRACON& Tower with Radar,992,391,63,7,1453,0,11,21,0,32,992,402,84,7,1485,0,0,0,1485
07/18/2001,STL,MO,ACE,CE,Combined TRACON& Tower with Radar,905,344,55,7,1311,0,6,8,0,14,905,350,63,7,1325,16,0,16,1341
07/19/2001,STL,MO,ACE,CE,Combined TRACON& Tower with Radar,959,354,58,7,1378,37,0,2,0,39,996,354,60,7,1417,2,0,2,1419
07/20/2001,STL,MO,ACE,CE,Combined TRACON& Tower with Radar,942,370,47,7,1366,0,19,0,0,19,942,389,47,7,1385,4,0,4,1389
07/21/2001,STL,MO,ACE,CE,Combined TRACON& Tower with Radar,874,285,47,5,1211,114,0,0,0,114,988,285,47,5,1325,0,0,0,1325
07/22/2001,STL,MO,ACE,CE,Combined TRACON& Tower with Radar,872,323,31,4,1230,15,0,0,0,15,887,323,31,4,1245,0,0,0,1245
07/23/2001,STL,MO,ACE,CE,Combined TRACON& Tower with Radar,953,369,40,12,1374,0,24,0,15,39,953,393,40,27,1413,0,0,0,1413
07/24/2001,STL,MO,ACE,CE,Combined TRACON& Tower with Radar,1067,416,66,13,1562,0,11,26,0,37,1067,427,92,13,1599,0,0,0,1599
07/25/2001,STL,MO,ACE,CE,Combined TRACON& Tower with Radar,1019,398,63,12,1492,0,12,0,6,18,1019,410,63,18,1510,4,0,4,1514
07/26/2001,STL,MO,ACE,CE,Combined TRACON& Tower with Radar,1037,390,62,12,1501,1,16,3,11,31,1038,406,65,23,1532,0,0,0,1532
07/27/2001,STL,MO,ACE,CE,Combined TRACON& Tower with Radar,1058,398,56,12,1524,8,24,0,1,33,1066,422,56,13,1557,2,0,2,1559
07/28/2001,STL,MO,ACE,CE,Combined TRACON& Tower with Radar,866,282,37,10,1195,74,0,0,3,77,940,282,37,13,1272,0,0,0,1272
07/29/2001,STL,MO,ACE,CE,Combined TRACON& Tower with Radar,888,317,24,11,1240,23,0,0,12,35,911,317,24,23,1275,0,0,0,1275
07/30/2001,STL,MO,ACE,CE,Combined TRACON& Tower with Radar,995,390,61,12,1458,0,21,4,6,31,995,411,65,18,1489,0,0,0,1489
07/31/2001,STL,MO,ACE,CE,Combined TRACON& Tower with Radar,1017,415,61,8,1501,0,2,7,1,10,1017,417,68,9,1511,0,0,0,1511
08/01/2001,STL,MO,ACE,CE,Combined TRACON& Tower with Radar,948,387,63,14,1412,0,19,3,2,24,948,406,66,16,1436,0,0,0,1436
08/02/2001,STL,MO,ACE,CE,Combined TRACON& Tower with Radar,995,389,63,11,1458,1,13,4,0,18,996,402,67,11,1476,22,0,22,1498
08/03/2001,STL,MO,ACE,CE,Combined TRACON& Tower with Radar,1026,401,62,14,1503,21,16,0,0,37,1047,417,62,14,1540,0,0,0,1540
08/04/2001,STL,MO,ACE,CE,Combined TRACON& Tower with Radar,842,265,45,11,1163,85,0,0,0,85,927,265,45,11,1248,0,0,0,1248
08/05/2001,STL,MO,ACE,CE,Combined TRACON& Tower with Radar,837,316,25,9,1187,68,0,0,0,68,905,316,25,9,1255,0,0,0,1255
08/06/2001,STL,MO,ACE,CE,Combined TRACON& Tower with Radar,974,381,49,14,1418,3,14,0,16,33,977,395,49,30,1451,0,0,0,1451
08/07/2001,STL,MO,ACE,CE,Combined TRACON& Tower with Radar,1006,422,69,15,1512,0,0,15,7,22,1006,422,84,22,1534,0,0,0,1534
08/08/2001,STL,MO,ACE,CE,Combined TRACON& Tower with Radar,943,375,56,14,1388,0,27,0,8,35,943,402,56,22,1423,2,0,2,1425
08/09/2001,STL,MO,ACE,CE,Combined TRACON& Tower with Radar,967,377,58,14,1416,1,0,0,0,1,968,377,58,14,1417,36,0,36,1453
08/10/2001,STL,MO,ACE,CE,Combined TRACON& Tower with Radar,1035,414,69,15,1533,0,0,3,6,9,1035,414,72,21,1542,8,0,8,1550
08/11/2001,STL,MO,ACE,CE,Combined TRACON& Tower with Radar,852,275,36,12,1175,89,0,0,21,110,941,275,36,33,1285,0,0,0,1285
08/12/2001,STL,MO,ACE,CE,Combined TRACON& Tower with Radar,886,317,39,13,1255,30,0,0,24,54,916,317,39,37,1309,0,0,0,1309
08/13/2001,STL,MO,ACE,CE,Combined TRACON& Tower with Radar,945,370,41,13,1369,9,18,0,6,33,954,388,41,19,1402,0,0,0,1402
08/14/2001,STL,MO,ACE,CE,Combined TRACON& Tower with Radar,1003,393,60,14,1470,4,16,0,4,24,1007,409,60,18,1494,0,0,0,1494
08/15/2001,STL,MO,ACE,CE,Combined TRACON& Tower with Radar,1027,402,65,13,1507,0,14,22,0,36,1027,416,87,13,1543,0,0,0,1543
08/16/2001,STL,MO,ACE,CE,Combined TRACON& Tower with Radar,998,395,55,13,1461,0,12,0,0,12,998,407,55,13,1473,0,0,0,1473
08/17/2001,STL,MO,ACE,CE,Combined TRACON& Tower with Radar,1021,408,66,9,1504,0,22,16,0,38,1021,430,82,9,1542,0,0,0,1542
08/18/2001,STL,MO,ACE,CE,Combined TRACON& Tower with Radar,853,259,34,10,1156,77,0,0,0,77,930,259,34,10,1233,8,0,8,1241
08/19/2001,STL,MO,ACE,CE,Combined TRACON& Tower with Radar,885,319,29,7,1240,2,0,5,0,7,887,319,34,7,1247,0,0,0,1247
08/20/2001,STL,MO,ACE,CE,Combined TRACON& Tower with Radar,983,385,52,11,1431,27,23,0,0,50,1010,408,52,11,1481,0,0,0,1481
08/21/2001,STL,MO,ACE,CE,Combined TRACON& Tower with Radar,1010,412,67,13,1502,0,16,0,0,16,1010,428,67,13,1518,2,0,2,1520
08/22/2001,STL,MO,ACE,CE,Combined TRACON& Tower with Radar,979,398,65,13,1455,0,15,7,7,29,979,413,72,20,1484,0,0,0,1484
08/23/2001,STL,MO,ACE,CE,Combined TRACON& Tower with Radar,916,371,54,8,1349,0,23,0,0,23,916,394,54,8,1372,0,10,10,1382
08/24/2001,STL,MO,ACE,CE,Combined TRACON& Tower with Radar,1018,401,65,13,1497,0,11,3,0,14,1018,412,68,13,1511,0,0,0,1511
08/25/2001,STL,MO,ACE,CE,Combined TRACON& Tower with Radar,807,266,40,4,1117,102,0,0,0,102,909,266,40,4,1219,0,0,0,1219
08/26/2001,STL,MO,ACE,CE,Combined TRACON& Tower with Radar,869,319,36,2,1226,51,0,0,0,51,920,319,36,2,1277,0,0,0,1277
08/27/2001,STL,MO,ACE,CE,Combined TRACON& Tower with Radar,989,394,50,12,1445,0,20,0,0,20,989,414,50,12,1465,0,0,0,1465
08/28/2001,STL,MO,ACE,CE,Combined TRACON& Tower with Radar,988,392,64,12,1456,0,20,3,0,23,988,412,67,12,1479,0,0,0,1479
08/29/2001,STL,MO,ACE,CE,Combined TRACON& Tower with Radar,1004,402,64,14,1484,0,38,9,0,47,1004,440,73,14,1531,0,0,0,1531
08/30/2001,STL,MO,ACE,CE,Combined TRACON& Tower with Radar,952,380,60,9,1401,0,6,19,0,25,952,386,79,9,1426,0,0,0,1426
08/31/2001,STL,MO,ACE,CE,Combined TRACON& Tower with Radar,1054,394,68,15,1531,0,0,26,5,31,1054,394,94,20,1562,0,0,0,1562
09/01/2001,STL,MO,ACE,CE,Combined TRACON& Tower with Radar,720,240,33,8,1001,45,0,0,0,45,765,240,33,8,1046,6,0,6,1052
09/02/2001,STL,MO,ACE,CE,Combined TRACON& Tower with Radar,675,236,25,6,942,40,0,0,0,40,715,236,25,6,982,0,0,0,982
09/03/2001,STL,MO,ACE,CE,Combined TRACON& Tower with Radar,826,271,40,7,1144,63,0,0,0,63,889,271,40,7,1207,4,0,4,1211
09/04/2001,STL,MO,ACE,CE,Combined TRACON& Tower with Radar,988,350,48,10,1396,0,37,0,10,47,988,387,48,20,1443,4,0,4,1447
09/05/2001,STL,MO,ACE,CE,Combined TRACON& Tower with Radar,999,358,61,10,1428,0,38,4,4,46,999,396,65,14,1474,0,0,0,1474
09/06/2001,STL,MO,ACE,CE,Combined TRACON& Tower with Radar,915,342,57,10,1324,0,45,15,2,62,915,387,72,12,1386,0,0,0,1386
09/07/2001,STL,MO,ACE,CE,Combined TRACON& Tower with Radar,876,333,56,9,1274,0,45,16,11,72,876,378,72,20,1346,6,0,6,1352
09/08/2001,STL,MO,ACE,CE,Combined TRACON& Tower with Radar,880,275,32,2,1189,75,0,0,0,75,955,275,32,2,1264,0,0,0,1264
09/09/2001,STL,MO,ACE,CE,Combined TRACON& Tower with Radar,863,300,28,2,1193,5,0,0,0,5,868,300,28,2,1198,0,0,0,1198
09/10/2001,STL,MO,ACE,CE,Combined TRACON& Tower with Radar,983,365,62,10,1420,0,33,13,3,49,983,398,75,13,1469,2,0,2,1471
09/11/2001,STL,MO,ACE,CE,Combined TRACON& Tower with Radar,227,72,12,2,313,2,0,8,1,11,229,72,20,3,324,0,0,0,324
09/12/2001,STL,MO,ACE,CE,Combined TRACON& Tower with Radar,0,0,11,0,11,0,2,11,0,13,0,2,22,0,24,0,0,0,24
09/13/2001,STL,MO,ACE,CE,Combined TRACON& Tower with Radar,140,135,13,9,297,0,2,1,4,7,140,137,14,13,304,0,0,0,304
09/14/2001,STL,MO,ACE,CE,Combined TRACON& Tower with Radar,652,262,33,7,954,0,105,0,8,113,652,367,33,15,1067,0,0,0,1067
09/15/2001,STL,MO,ACE,CE,Combined TRACON& Tower with Radar,742,225,45,7,1019,40,0,7,2,49,782,225,52,9,1068,0,0,0,1068
09/16/2001,STL,MO,ACE,CE,Combined TRACON& Tower with Radar,774,270,31,8,1083,32,0,0,4,36,806,270,31,12,1119,0,0,0,1119
09/17/2001,STL,MO,ACE,CE,Combined TRACON& Tower with Radar,888,309,29,7,1233,2,0,0,0,2,890,309,29,7,1235,0,0,0,1235
09/18/2001,STL,MO,ACE,CE,Combined TRACON& Tower with Radar,770,279,46,5,1100,0,19,2,0,21,770,298,48,5,1121,0,0,0,1121
09/19/2001,STL,MO,ACE,CE,Combined TRACON& Tower with Radar,857,321,54,9,1241,0,0,10,7,17,857,321,64,16,1258,0,0,0,1258
09/20/2001,STL,MO,ACE,CE,Combined TRACON& Tower with Radar,896,324,56,9,1285,0,0,18,13,31,896,324,74,22,1316,0,0,0,1316
09/21/2001,STL,MO,ACE,CE,Combined TRACON& Tower with Radar,940,317,53,9,1319,8,0,0,11,19,948,317,53,20,1338,0,0,0,1338
09/22/2001,STL,MO,ACE,CE,Combined TRACON& Tower with Radar,759,219,33,4,1015,67,0,0,0,67,826,219,33,4,1082,0,0,0,1082
09/23/2001,STL,MO,ACE,CE,Combined TRACON& Tower with Radar,787,242,30,5,1064,18,0,0,0,18,805,242,30,5,1082,0,0,0,1082
09/24/2001,STL,MO,ACE,CE,Combined TRACON& Tower with Radar,892,315,38,9,1254,12,0,0,7,19,904,315,38,16,1273,0,0,0,1273
09/25/2001,STL,MO,ACE,CE,Combined TRACON& Tower with Radar,911,320,56,9,1296,0,0,4,2,6,911,320,60,11,1302,0,0,0,1302
09/26/2001,STL,MO,ACE,CE,Combined TRACON& Tower with Radar,924,314,69,13,1320,0,1,1,1,3,924,315,70,14,1323,10,0,10,1333
09/27/2001,STL,MO,ACE,CE,Combined TRACON& Tower with Radar,924,340,58,10,1332,0,0,1,6,7,924,340,59,16,1339,0,0,0,1339
09/28/2001,STL,MO,ACE,CE,Combined TRACON& Tower with Radar,872,310,47,7,1236,0,10,0,0,10,872,320,47,7,1246,0,0,0,1246
09/29/2001,STL,MO,ACE,CE,Combined TRACON& Tower with Radar,774,223,34,3,1034,67,0,0,0,67,841,223,34,3,1101,0,0,0,1101
09/30/2001,STL,MO,ACE,CE,Combined TRACON& Tower with Radar,809,261,45,4,1119,18,0,0,0,18,827,261,45,4,1137,0,0,0,1137
10/01/2001,STL,MO,ACE,CE,Combined TRACON& Tower with Radar,889,296,61,8,1254,12,5,1,0,18,901,301,62,8,1272,0,0,0,1272
10/02/2001,STL,MO,ACE,CE,Combined TRACON& Tower with Radar,923,316,66,10,1315,0,6,2,4,12,923,322,68,14,1327,0,0,0,1327
10/03/2001,STL,MO,ACE,CE,Combined TRACON& Tower with Radar,922,313,66,10,1311,0,4,10,3,17,922,317,76,13,1328,0,0,0,1328
10/04/2001,STL,MO,ACE,CE,Combined TRACON& Tower with Radar,917,313,65,10,1305,0,6,7,1,14,917,319,72,11,1319,0,0,0,1319
10/05/2001,STL,MO,ACE,CE,Combined TRACON& Tower with Radar,909,303,47,6,1265,37,7,0,0,44,946,310,47,6,1309,0,0,0,1309
10/06/2001,STL,MO,ACE,CE,Combined TRACON& Tower with Radar,779,225,33,2,1039,53,0,0,0,53,832,225,33,2,1092,0,0,0,1092
10/07/2001,STL,MO,ACE,CE,Combined TRACON& Tower with Radar,769,236,25,4,1034,46,0,0,0,46,815,236,25,4,1080,0,0,0,1080
10/08/2001,STL,MO,ACE,CE,Combined TRACON& Tower with Radar,854,284,32,3,1173,40,21,0,0,61,894,305,32,3,1234,0,0,0,1234
10/09/2001,STL,MO,ACE,CE,Combined TRACON& Tower with Radar,906,301,51,9,1267,7,20,0,5,32,913,321,51,14,1299,0,0,0,1299
10/10/2001,STL,MO,ACE,CE,Combined TRACON& Tower with Radar,893,306,57,0,1256,0,6,0,0,6,893,312,57,0,1262,0,0,0,1262
10/11/2001,STL,MO,ACE,CE,Combined TRACON& Tower with Radar,911,305,63,8,1287,11,13,7,0,31,922,318,70,8,1318,0,0,0,1318
10/12/2001,STL,MO,ACE,CE,Combined TRACON& Tower with Radar,842,305,63,4,1214,0,21,3,0,24,842,326,66,4,1238,0,0,0,1238
10/13/2001,STL,MO,ACE,CE,Combined TRACON& Tower with Radar,786,214,26,5,1031,88,0,0,0,88,874,214,26,5,1119,0,0,0,1119
10/14/2001,STL,MO,ACE,CE,Combined TRACON& Tower with Radar,797,247,40,8,1092,15,0,0,6,21,812,247,40,14,1113,0,0,0,1113
10/15/2001,STL,MO,ACE,CE,Combined TRACON& Tower with Radar,902,302,37,9,1250,5,10,0,6,21,907,312,37,15,1271,2,0,2,1273
10/16/2001,STL,MO,ACE,CE,Combined TRACON& Tower with Radar,938,318,57,9,1322,0,3,0,7,10,938,321,57,16,1332,0,0,0,1332
10/17/2001,STL,MO,ACE,CE,Combined TRACON& Tower with Radar,927,314,65,9,1315,0,15,16,1,32,927,329,81,10,1347,0,0,0,1347
10/18/2001,STL,MO,ACE,CE,Combined TRACON& Tower with Radar,921,316,66,9,1312,0,14,13,2,29,921,330,79,11,1341,0,0,0,1341
10/19/2001,STL,MO,ACE,CE,Combined TRACON& Tower with Radar,924,316,66,9,1315,0,4,14,6,24,924,320,80,15,1339,0,0,0,1339
10/20/2001,STL,MO,ACE,CE,Combined TRACON& Tower with Radar,801,228,47,8,1084,31,0,0,5,36,832,228,47,13,1120,0,0,0,1120
10/21/2001,STL,MO,ACE,CE,Combined TRACON& Tower with Radar,828,255,54,8,1145,1,0,0,8,9,829,255,54,16,1154,0,0,0,1154
10/22/2001,STL,MO,ACE,CE,Combined TRACON& Tower with Radar,908,304,60,9,1281,1,5,0,3,9,909,309,60,12,1290,0,0,0,1290
10/23/2001,STL,MO,ACE,CE,Combined TRACON& Tower with Radar,916,311,64,6,1297,0,3,6,0,9,916,314,70,6,1306,0,0,0,1306
10/24/2001,STL,MO,ACE,CE,Combined TRACON& Tower with Radar,851,280,43,8,1182,19,0,0,1,20,870,280,43,9,1202,0,0,0,1202
10/25/2001,STL,MO,ACE,CE,Combined TRACON& Tower with Radar,955,328,68,10,1361,0,0,0,10,10,955,328,68,20,1371,0,0,0,1371
10/26/2001,STL,MO,ACE,CE,Combined TRACON& Tower with Radar,929,316,66,9,1320,0,5,1,5,11,929,321,67,14,1331,0,0,0,1331
10/27/2001,STL,MO,ACE,CE,Combined TRACON& Tower with Radar,778,227,41,7,1053,56,0,0,0,56,834,227,41,7,1109,0,0,0,1109
10/28/2001,STL,MO,ACE,CE,Combined TRACON& Tower with Radar,753,251,42,7,1053,28,0,0,0,28,781,251,42,7,1081,0,0,0,1081
10/29/2001,STL,MO,ACE,CE,Combined TRACON& Tower with Radar,879,296,56,10,1241,0,29,0,1,30,879,325,56,11,1271,0,0,0,1271
10/30/2001,STL,MO,ACE,CE,Combined TRACON& Tower with Radar,904,324,36,14,1278,0,2,6,6,14,904,326,42,20,1292,0,0,0,1292
10/31/2001,STL,MO,ACE,CE,Combined TRACON& Tower with Radar,918,306,59,10,1293,0,16,0,2,18,918,322,59,12,1311,0,0,0,1311
11/01/2001,STL,MO,ACE,CE,Combined TRACON& Tower with Radar,883,336,52,10,1281,0,12,0,3,15,883,348,52,13,1296,0,0,0,1296
11/02/2001,STL,MO,ACE,CE,Combined TRACON& Tower with Radar,871,333,55,10,1269,0,22,8,3,33,871,355,63,13,1302,0,0,0,1302
11/03/2001,STL,MO,ACE,CE,Combined TRACON& Tower with Radar,711,253,31,7,1002,54,0,0,0,54,765,253,31,7,1056,0,0,0,1056
11/04/2001,STL,MO,ACE,CE,Combined TRACON& Tower with Radar,782,265,49,9,1105,20,0,13,5,38,802,265,62,14,1143,0,0,0,1143
11/05/2001,STL,MO,ACE,CE,Combined TRACON& Tower with Radar,845,322,54,9,1230,0,20,4,9,33,845,342,58,18,1263,0,0,0,1263
11/06/2001,STL,MO,ACE,CE,Combined TRACON& Tower with Radar,884,339,57,10,1290,0,18,12,11,41,884,357,69,21,1331,0,0,0,1331
11/07/2001,STL,MO,ACE,CE,Combined TRACON& Tower with Radar,880,335,56,10,1281,0,3,14,5,22,880,338,70,15,1303,0,0,0,1303
11/08/2001,STL,MO,ACE,CE,Combined TRACON& Tower with Radar,842,329,56,10,1237,0,11,12,0,23,842,340,68,10,1260,2,0,2,1262
11/09/2001,STL,MO,ACE,CE,Combined TRACON& Tower with Radar,880,335,55,10,1280,0,15,8,8,31,880,350,63,18,1311,0,0,0,1311
11/10/2001,STL,MO,ACE,CE,Combined TRACON& Tower with Radar,770,239,27,3,1039,3,0,9,0,12,773,239,36,3,1051,0,0,0,1051
11/11/2001,STL,MO,ACE,CE,Combined TRACON& Tower with Radar,719,259,44,2,1024,58,0,0,0,58,777,259,44,2,1082,0,0,0,1082
11/12/2001,STL,MO,ACE,CE,Combined TRACON& Tower with Radar,828,311,52,4,1195,24,17,2,0,43,852,328,54,4,1238,0,0,0,1238
11/13/2001,STL,MO,ACE,CE,Combined TRACON& Tower with Radar,879,338,56,10,1283,0,16,5,8,29,879,354,61,18,1312,0,0,0,1312
11/14/2001,STL,MO,ACE,CE,Combined TRACON& Tower with Radar,832,326,55,9,1222,0,19,14,1,34,832,345,69,10,1256,0,0,0,1256
11/15/2001,STL,MO,ACE,CE,Combined TRACON& Tower with Radar,850,345,54,10,1259,0,0,0,5,5,850,345,54,15,1264,0,0,0,1264
11/16/2001,STL,MO,ACE,CE,Combined TRACON& Tower with Radar,865,331,56,10,1262,0,0,5,2,7,865,331,61,12,1269,0,0,0,1269
11/17/2001,STL,MO,ACE,CE,Combined TRACON& Tower with Radar,728,227,39,8,1002,71,0,0,2,73,799,227,39,10,1075,0,0,0,1075
11/18/2001,STL,MO,ACE,CE,Combined TRACON& Tower with Radar,732,249,27,4,1012,40,0,0,0,40,772,249,27,4,1052,0,0,0,1052
11/19/2001,STL,MO,ACE,CE,Combined TRACON& Tower with Radar,849,321,26,9,1205,0,8,0,4,12,849,329,26,13,1217,0,0,0,1217
11/20/2001,STL,MO,ACE,CE,Combined TRACON& Tower with Radar,886,341,57,10,1294,0,0,1,12,13,886,341,58,22,1307,0,0,0,1307
11/21/2001,STL,MO,ACE,CE,Combined TRACON& Tower with Radar,844,329,50,10,1233,0,0,0,1,1,844,329,50,11,1234,0,0,0,1234
11/22/2001,STL,MO,ACE,CE,Combined TRACON& Tower with Radar,574,213,21,0,808,39,0,0,0,39,613,213,21,0,847,0,0,0,847
11/23/2001,STL,MO,ACE,CE,Combined TRACON& Tower with Radar,539,226,27,0,792,2,0,9,0,11,541,226,36,0,803,0,0,0,803
11/24/2001,STL,MO,ACE,CE,Combined TRACON& Tower with Radar,633,215,28,7,883,51,0,0,0,51,684,215,28,7,934,0,0,0,934
11/25/2001,STL,MO,ACE,CE,Combined TRACON& Tower with Radar,781,268,46,3,1098,7,0,0,0,7,788,268,46,3,1105,0,0,0,1105
11/26/2001,STL,MO,ACE,CE,Combined TRACON& Tower with Radar,841,316,53,4,1214,4,20,3,0,27,845,336,56,4,1241,0,0,0,1241
11/27/2001,STL,MO,ACE,CE,Combined TRACON& Tower with Radar,910,343,55,10,1318,0,0,0,6,6,910,343,55,16,1324,0,0,0,1324
11/28/2001,STL,MO,ACE,CE,Combined TRACON& Tower with Radar,877,313,46,3,1239,2,0,0,0,2,879,313,46,3,1241,0,0,0,1241
11/29/2001,STL,MO,ACE,CE,Combined TRACON& Tower with Radar,855,320,48,2,1225,18,0,0,0,18,873,320,48,2,1243,0,0,0,1243
11/30/2001,STL,MO,ACE,CE,Combined TRACON& Tower with Radar,894,339,58,7,1298,0,0,0,0,0,894,339,58,7,1298,0,0,0,1298
12/01/2001,STL,MO,ACE,CE,Combined TRACON& Tower with Radar,716,237,38,7,998,35,0,1,10,46,751,237,39,17,1044,0,0,0,1044
12/02/2001,STL,MO,ACE,CE,Combined TRACON& Tower with Radar,707,280,25,6,1018,39,0,0,3,42,746,280,25,9,1060,1,0,1,1061
12/03/2001,STL,MO,ACE,CE,Combined TRACON& Tower with Radar,840,338,44,8,1230,0,12,12,1,25,840,350,56,9,1255,2,0,2,1257
12/04/2001,STL,MO,ACE,CE,Combined TRACON& Tower with Radar,857,349,45,8,1259,0,8,13,9,30,857,357,58,17,1289,0,0,0,1289
12/05/2001,STL,MO,ACE,CE,Combined TRACON& Tower with Radar,836,338,38,8,1220,0,11,0,13,24,836,349,38,21,1244,0,0,0,1244
12/06/2001,STL,MO,ACE,CE,Combined TRACON& Tower with Radar,865,354,46,8,1273,0,4,12,5,21,865,358,58,13,1294,0,0,0,1294
12/07/2001,STL,MO,ACE,CE,Combined TRACON& Tower with Radar,863,358,47,8,1276,0,25,22,6,53,863,383,69,14,1329,0,0,0,1329
12/08/2001,STL,MO,ACE,CE,Combined TRACON& Tower with Radar,706,229,24,4,963,50,0,0,0,50,756,229,24,4,1013,0,0,0,1013
12/09/2001,STL,MO,ACE,CE,Combined TRACON& Tower with Radar,735,263,28,5,1031,41,0,0,0,41,776,263,28,5,1072,0,0,0,1072
12/10/2001,STL,MO,ACE,CE,Combined TRACON& Tower with Radar,839,339,45,7,1230,0,19,21,2,42,839,358,66,9,1272,0,0,0,1272
12/11/2001,STL,MO,ACE,CE,Combined TRACON& Tower with Radar,851,336,44,7,1238,12,10,6,1,29,863,346,50,8,1267,0,0,0,1267
12/12/2001,STL,MO,ACE,CE,Combined TRACON& Tower with Radar,783,310,39,5,1137,18,6,0,0,24,801,316,39,5,1161,0,0,0,1161
12/13/2001,STL,MO,ACE,CE,Combined TRACON& Tower with Radar,896,378,49,8,1331,0,0,14,5,19,896,378,63,13,1350,0,0,0,1350
12/14/2001,STL,MO,ACE,CE,Combined TRACON& Tower with Radar,858,311,48,6,1223,0,0,12,0,12,858,311,60,6,1235,0,0,0,1235
12/15/2001,STL,MO,ACE,CE,Combined TRACON& Tower with Radar,684,245,34,4,967,65,0,0,0,65,749,245,34,4,1032,0,0,0,1032
12/16/2001,STL,MO,ACE,CE,Combined TRACON& Tower with Radar,695,268,14,4,981,54,0,0,0,54,749,268,14,4,1035,0,0,0,1035
12/17/2001,STL,MO,ACE,CE,Combined TRACON& Tower with Radar,830,337,43,7,1217,0,0,0,5,5,830,337,43,12,1222,4,0,4,1226
12/18/2001,STL,MO,ACE,CE,Combined TRACON& Tower with Radar,857,366,48,7,1278,0,4,49,1,54,857,370,97,8,1332,2,0,2,1334
12/19/2001,STL,MO,ACE,CE,Combined TRACON& Tower with Radar,848,358,41,6,1253,0,18,0,0,18,848,376,41,6,1271,2,0,2,1273
12/20/2001,STL,MO,ACE,CE,Combined TRACON& Tower with Radar,857,354,45,8,1264,0,11,20,9,40,857,365,65,17,1304,4,0,4,1308
12/21/2001,STL,MO,ACE,CE,Combined TRACON& Tower with Radar,817,348,44,7,1216,0,23,13,0,36,817,371,57,7,1252,2,0,2,1254
12/22/2001,STL,MO,ACE,CE,Combined TRACON& Tower with Radar,680,248,15,0,943,73,0,0,0,73,753,248,15,0,1016,0,0,0,1016
12/23/2001,STL,MO,ACE,CE,Combined TRACON& Tower with Radar,735,283,12,1,1031,3,1,0,0,4,738,284,12,1,1035,0,0,0,1035
12/24/2001,STL,MO,ACE,CE,Combined TRACON& Tower with Radar,657,237,21,3,918,3,1,0,0,4,660,238,21,3,922,0,0,0,922
12/25/2001,STL,MO,ACE,CE,Combined TRACON& Tower with Radar,605,236,16,1,858,40,0,0,0,40,645,236,16,1,898,0,0,0,898
12/26/2001,STL,MO,ACE,CE,Combined TRACON& Tower with Radar,777,307,23,7,1114,7,28,0,0,35,784,335,23,7,1149,4,0,4,1153
12/27/2001,STL,MO,ACE,CE,Combined TRACON& Tower with Radar,865,345,43,7,1260,0,17,1,0,18,865,362,44,7,1278,0,0,0,1278
12/28/2001,STL,MO,ACE,CE,Combined TRACON& Tower with Radar,845,357,24,8,1234,3,1,8,0,12,848,358,32,8,1246,0,0,0,1246
12/29/2001,STL,MO,ACE,CE,Combined TRACON& Tower with Radar,687,234,31,5,957,57,0,0,0,57,744,234,31,5,1014,0,0,0,1014
12/30/2001,STL,MO,ACE,CE,Combined TRACON& Tower with Radar,708,279,13,2,1002,31,4,0,0,35,739,283,13,2,1037,0,0,0,1037
12/31/2001,STL,MO,ACE,CE,Combined TRACON& Tower with Radar,673,259,16,4,952,39,0,0,0,39,712,259,16,4,991,2,0,2,993
01/01/2002,STL,MO,ACE,CE,Combined TRACON& Tower with Radar,638,241,25,0,904,54,0,0,0,54,692,241,25,0,958,0,0,0,958
01/02/2002,STL,MO,ACE,CE,Combined TRACON& Tower with Radar,799,350,42,5,1196,14,4,0,0,18,813,354,42,5,1214,0,0,0,1214
01/03/2002,STL,MO,ACE,CE,Combined TRACON& Tower with Radar,808,353,39,6,1206,8,0,0,2,10,816,353,39,8,1216,0,0,0,1216
01/04/2002,STL,MO,ACE,CE,Combined TRACON& Tower with Radar,880,368,50,7,1305,1,0,8,0,9,881,368,58,7,1314,0,0,0,1314
01/05/2002,STL,MO,ACE,CE,Combined TRACON& Tower with Radar,733,238,18,5,994,3,0,5,0,8,736,238,23,5,1002,0,0,0,1002
01/06/2002,STL,MO,ACE,CE,Combined TRACON& Tower with Radar,694,274,14,0,982,36,0,0,0,36,730,274,14,0,1018,0,0,0,1018
01/07/2002,STL,MO,ACE,CE,Combined TRACON& Tower with Radar,844,374,38,4,1260,3,0,1,0,4,847,374,39,4,1264,0,0,0,1264
01/08/2002,STL,MO,ACE,CE,Combined TRACON& Tower with Radar,848,377,49,6,1280,0,14,0,8,22,848,391,49,14,1302,0,0,0,1302
01/09/2002,STL,MO,ACE,CE,Combined TRACON& Tower with Radar,852,387,51,6,1296,0,15,8,5,28,852,402,59,11,1324,0,0,0,1324
01/10/2002,STL,MO,ACE,CE,Combined TRACON& Tower with Radar,858,382,50,6,1296,0,17,3,10,30,858,399,53,16,1326,0,0,0,1326
01/11/2002,STL,MO,ACE,CE,Combined TRACON& Tower with Radar,853,378,49,6,1286,0,16,10,0,26,853,394,59,6,1312,0,2,2,1314
01/12/2002,STL,MO,ACE,CE,Combined TRACON& Tower with Radar,738,265,23,2,1028,3,0,2,0,5,741,265,25,2,1033,0,0,0,1033
01/13/2002,STL,MO,ACE,CE,Combined TRACON& Tower with Radar,701,300,25,5,1031,62,0,0,1,63,763,300,25,6,1094,0,0,0,1094
01/14/2002,STL,MO,ACE,CE,Combined TRACON& Tower with Radar,814,335,48,6,1203,0,0,10,2,12,814,335,58,8,1215,0,0,0,1215
01/15/2002,STL,MO,ACE,CE,Combined TRACON& Tower with Radar,836,380,50,6,1272,0,22,3,10,35,836,402,53,16,1307,0,0,0,1307
01/16/2002,STL,MO,ACE,CE,Combined TRACON& Tower with Radar,849,377,50,6,1282,0,25,1,7,33,849,402,51,13,1315,0,8,8,1323
01/17/2002,STL,MO,ACE,CE,Combined TRACON& Tower with Radar,856,378,50,6,1290,0,17,7,1,25,856,395,57,7,1315,0,0,0,1315
01/18/2002,STL,MO,ACE,CE,Combined TRACON& Tower with Radar,827,402,53,10,1292,3,0,5,5,13,830,402,58,15,1305,0,0,0,1305
01/19/2002,STL,MO,ACE,CE,Combined TRACON& Tower with Radar,691,261,28,5,985,57,0,0,0,57,748,261,28,5,1042,0,0,0,1042
01/20/2002,STL,MO,ACE,CE,Combined TRACON& Tower with Radar,724,304,32,4,1064,32,0,0,0,32,756,304,32,4,1096,0,0,0,1096
01/21/2002,STL,MO,ACE,CE,Combined TRACON& Tower with Radar,811,384,36,3,1234,2,0,6,0,8,813,384,42,3,1242,0,0,0,1242
01/22/2002,STL,MO,ACE,CE,Combined TRACON& Tower with Radar,829,362,47,3,1241,13,18,0,0,31,842,380,47,3,1272,0,0,0,1272
01/23/2002,STL,MO,ACE,CE,Combined TRACON& Tower with Radar,835,377,50,5,1267,0,14,4,0,18,835,391,54,5,1285,0,0,0,1285
01/24/2002,STL,MO,ACE,CE,Combined TRACON& Tower with Radar,777,363,48,7,1195,0,22,7,4,33,777,385,55,11,1228,6,0,6,1234
01/25/2002,STL,MO,ACE,CE,Combined TRACON& Tower with Radar,892,394,52,7,1345,0,0,0,11,11,892,394,52,18,1356,0,0,0,1356
01/26/2002,STL,MO,ACE,CE,Combined TRACON& Tower with Radar,703,258,36,1,998,48,0,0,0,48,751,258,36,1,1046,0,0,0,1046
01/27/2002,STL,MO,ACE,CE,Combined TRACON& Tower with Radar,739,306,41,6,1092,26,0,0,2,28,765,306,41,8,1120,0,0,0,1120
01/28/2002,STL,MO,ACE,CE,Combined TRACON& Tower with Radar,831,384,51,7,1273,0,4,10,2,16,831,388,61,9,1289,0,0,0,1289
01/29/2002,STL,MO,ACE,CE,Combined TRACON& Tower with Radar,827,375,48,3,1253,0,6,0,0,6,827,381,48,3,1259,0,0,0,1259
01/30/2002,STL,MO,ACE,CE,Combined TRACON& Tower with Radar,754,329,31,0,1114,30,5,0,0,35,784,334,31,0,1149,0,0,0,1149
01/31/2002,STL,MO,ACE,CE,Combined TRACON& Tower with Radar,746,314,28,3,1091,16,0,0,0,16,762,314,28,3,1107,0,0,0,1107
02/01/2002,STL,MO,ACE,CE,Combined TRACON& Tower with Radar,866,400,47,7,1320,27,0,0,5,32,893,400,47,12,1352,0,0,0,1352
02/02/2002,STL,MO,ACE,CE,Combined TRACON& Tower with Radar,686,267,39,6,998,52,0,0,3,55,738,267,39,9,1053,0,0,0,1053
02/03/2002,STL,MO,ACE,CE,Combined TRACON& Tower with Radar,689,312,26,3,1030,41,0,0,0,41,730,312,26,3,1071,0,0,0,1071
02/04/2002,STL,MO,ACE,CE,Combined TRACON& Tower with Radar,831,402,56,7,1296,0,23,2,1,26,831,425,58,8,1322,0,0,0,1322
02/05/2002,STL,MO,ACE,CE,Combined TRACON& Tower with Radar,819,394,56,7,1276,0,10,9,0,19,819,404,65,7,1295,0,0,0,1295
02/06/2002,STL,MO,ACE,CE,Combined TRACON& Tower with Radar,828,391,55,7,1281,0,13,8,1,22,828,404,63,8,1303,0,0,0,1303
02/07/2002,STL,MO,ACE,CE,Combined TRACON& Tower with Radar,835,404,63,12,1314,0,2,6,4,12,835,406,69,16,1326,0,0,0,1326
02/08/2002,STL,MO,ACE,CE,Combined TRACON& Tower with Radar,831,393,55,7,1286,0,18,19,3,40,831,411,74,10,1326,0,0,0,1326
02/09/2002,STL,MO,ACE,CE,Combined TRACON& Tower with Radar,649,260,42,5,956,79,0,8,59,146,728,260,50,64,1102,0,0,0,1102
02/10/2002,STL,MO,ACE,CE,Combined TRACON& Tower with Radar,689,311,25,6,1031,92,0,0,28,120,781,311,25,34,1151,0,0,0,1151
02/11/2002,STL,MO,ACE,CE,Combined TRACON& Tower with Radar,817,399,48,4,1268,0,2,4,1,7,817,401,52,5,1275,0,0,0,1275
02/12/2002,STL,MO,ACE,CE,Combined TRACON& Tower with Radar,830,411,62,8,1311,0,3,0,0,3,830,414,62,8,1314,0,0,0,1314
02/13/2002,STL,MO,ACE,CE,Combined TRACON& Tower with Radar,841,407,57,7,1312,0,18,19,4,41,841,425,76,11,1353,0,0,0,1353
02/14/2002,STL,MO,ACE,CE,Combined TRACON& Tower with Radar,832,393,55,7,1287,0,24,0,11,35,832,417,55,18,1322,0,0,0,1322
02/15/2002,STL,MO,ACE,CE,Combined TRACON& Tower with Radar,827,408,51,11,1297,0,2,6,4,12,827,410,57,15,1309,0,0,0,1309
02/16/2002,STL,MO,ACE,CE,Combined TRACON& Tower with Radar,672,262,45,4,983,56,0,31,40,127,728,262,76,44,1110,0,0,0,1110
02/17/2002,STL,MO,ACE,CE,Combined TRACON& Tower with Radar,691,322,46,5,1064,70,9,56,55,190,761,331,102,60,1254,0,0,0,1254
02/18/2002,STL,MO,ACE,CE,Combined TRACON& Tower with Radar,814,380,53,6,1253,2,34,4,4,44,816,414,57,10,1297,0,0,0,1297
02/19/2002,STL,MO,ACE,CE,Combined TRACON& Tower with Radar,815,400,31,1,1247,0,8,0,0,8,815,408,31,1,1255,0,0,0,1255
02/20/2002,STL,MO,ACE,CE,Combined TRACON& Tower with Radar,844,434,49,6,1333,0,0,0,0,0,844,434,49,6,1333,0,0,0,1333
02/21/2002,STL,MO,ACE,CE,Combined TRACON& Tower with Radar,798,386,54,6,1244,0,25,12,0,37,798,411,66,6,1281,0,0,0,1281
02/22/2002,STL,MO,ACE,CE,Combined TRACON& Tower with Radar,845,411,54,11,1321,0,1,8,4,13,845,412,62,15,1334,0,0,0,1334
02/23/2002,STL,MO,ACE,CE,Combined TRACON& Tower with Radar,730,264,30,9,1033,0,1,8,3,12,730,265,38,12,1045,0,0,0,1045
02/24/2002,STL,MO,ACE,CE,Combined TRACON& Tower with Radar,728,323,27,4,1082,34,0,0,0,34,762,323,27,4,1116,0,0,0,1116
02/25/2002,STL,MO,ACE,CE,Combined TRACON& Tower with Radar,762,372,24,2,1160,0,9,0,0,9,762,381,24,2,1169,0,0,0,1169
02/26/2002,STL,MO,ACE,CE,Combined TRACON& Tower with Radar,802,375,52,7,1236,47,14,11,1,73,849,389,63,8,1309,0,0,0,1309
02/27/2002,STL,MO,ACE,CE,Combined TRACON& Tower with Radar,831,422,42,8,1303,0,2,0,2,4,831,424,42,10,1307,0,0,0,1307
02/28/2002,STL,MO,ACE,CE,Combined TRACON& Tower with Radar,831,407,57,7,1302,0,22,10,1,33,831,429,67,8,1335,0,0,0,1335
03/01/2002,STL,MO,ACE,CE,Combined TRACON& Tower with Radar,827,395,54,7,1283,0,24,10,0,34,827,419,64,7,1317,0,0,0,1317
03/02/2002,STL,MO,ACE,CE,Combined TRACON& Tower with Radar,580,213,10,2,805,73,0,0,0,73,653,213,10,2,878,0,0,0,878
03/03/2002,STL,MO,ACE,CE,Combined TRACON& Tower with Radar,732,310,25,3,1070,2,0,1,0,3,734,310,26,3,1073,0,0,0,1073
03/04/2002,STL,MO,ACE,CE,Combined TRACON& Tower with Radar,803,380,44,9,1236,0,16,0,1,17,803,396,44,10,1253,0,0,0,1253
03/05/2002,STL,MO,ACE,CE,Combined TRACON& Tower with Radar,817,383,40,9,1249,0,17,0,7,24,817,400,40,16,1273,0,0,0,1273
03/06/2002,STL,MO,ACE,CE,Combined TRACON& Tower with Radar,854,406,57,10,1327,0,45,53,54,152,854,451,110,64,1479,0,0,0,1479
03/07/2002,STL,MO,ACE,CE,Combined TRACON& Tower with Radar,825,385,48,9,1267,0,26,0,7,33,825,411,48,16,1300,0,0,0,1300
03/08/2002,STL,MO,ACE,CE,Combined TRACON& Tower with Radar,786,371,40,8,1205,0,29,0,2,31,786,400,40,10,1236,0,4,4,1240
03/09/2002,STL,MO,ACE,CE,Combined TRACON& Tower with Radar,659,248,14,7,928,78,0,0,2,80,737,248,14,9,1008,0,0,0,1008
03/10/2002,STL,MO,ACE,CE,Combined TRACON& Tower with Radar,731,325,37,7,1100,0,0,0,13,13,731,325,37,20,1113,0,14,14,1127
03/11/2002,STL,MO,ACE,CE,Combined TRACON& Tower with Radar,800,375,53,8,1236,0,27,1,0,28,800,402,54,8,1264,0,0,0,1264
03/12/2002,STL,MO,ACE,CE,Combined TRACON& Tower with Radar,818,392,54,9,1273,0,23,19,5,47,818,415,73,14,1320,0,0,0,1320
03/13/2002,STL,MO,ACE,CE,Combined TRACON& Tower with Radar,838,401,57,9,1305,0,9,3,0,12,838,410,60,9,1317,0,0,0,1317
03/14/2002,STL,MO,ACE,CE,Combined TRACON& Tower with Radar,830,400,56,9,1295,0,22,31,5,58,830,422,87,14,1353,0,0,0,1353
03/15/2002,STL,MO,ACE,CE,Combined TRACON& Tower with Radar,823,410,57,7,1297,0,7,8,0,15,823,417,65,7,1312,0,0,0,1312
03/16/2002,STL,MO,ACE,CE,Combined TRACON& Tower with Radar,661,245,43,7,956,143,0,6,42,191,804,245,49,49,1147,0,0,0,1147
03/17/2002,STL,MO,ACE,CE,Combined TRACON& Tower with Radar,734,313,39,3,1089,0,0,0,0,0,734,313,39,3,1089,0,0,0,1089
03/18/2002,STL,MO,ACE,CE,Combined TRACON& Tower with Radar,797,371,49,8,1225,8,25,0,12,45,805,396,49,20,1270,0,4,4,1274
03/19/2002,STL,MO,ACE,CE,Combined TRACON& Tower with Radar,820,381,52,6,1259,6,17,0,0,23,826,398,52,6,1282,0,0,0,1282
03/20/2002,STL,MO,ACE,CE,Combined TRACON& Tower with Radar,817,394,55,10,1276,0,0,15,10,25,817,394,70,20,1301,0,0,0,1301
03/21/2002,STL,MO,ACE,CE,Combined TRACON& Tower with Radar,823,407,56,10,1296,0,13,14,3,30,823,420,70,13,1326,0,0,0,1326
03/22/2002,STL,MO,ACE,CE,Combined TRACON& Tower with Radar,825,387,52,10,1274,0,15,0,4,19,825,402,52,14,1293,0,0,0,1293
03/23/2002,STL,MO,ACE,CE,Combined TRACON& Tower with Radar,682,234,37,2,955,35,0,0,0,35,717,234,37,2,990,0,0,0,990
03/24/2002,STL,MO,ACE,CE,Combined TRACON& Tower with Radar,689,297,30,8,1024,40,0,0,8,48,729,297,30,16,1072,0,0,0,1072
03/25/2002,STL,MO,ACE,CE,Combined TRACON& Tower with Radar,753,350,42,3,1148,33,9,0,0,42,786,359,42,3,1190,0,0,0,1190
03/26/2002,STL,MO,ACE,CE,Combined TRACON& Tower with Radar,795,380,44,9,1228,0,27,0,7,34,795,407,44,16,1262,0,0,0,1262
03/27/2002,STL,MO,ACE,CE,Combined TRACON& Tower with Radar,829,393,54,10,1286,0,25,1,10,36,829,418,55,20,1322,2,0,2,1324
03/28/2002,STL,MO,ACE,CE,Combined TRACON& Tower with Radar,823,382,47,9,1261,4,22,0,6,32,827,404,47,15,1293,0,0,0,1293
03/29/2002,STL,MO,ACE,CE,Combined TRACON& Tower with Radar,822,384,45,5,1256,0,0,0,0,0,822,384,45,5,1256,2,0,2,1258
03/30/2002,STL,MO,ACE,CE,Combined TRACON& Tower with Radar,646,236,34,1,917,84,0,0,0,84,730,236,34,1,1001,0,0,0,1001
03/31/2002,STL,MO,ACE,CE,Combined TRACON& Tower with Radar,672,309,17,1,999,49,0,0,0,49,721,309,17,1,1048,0,0,0,1048
04/01/2002,STL,MO,ACE,CE,Combined TRACON& Tower with Radar,796,384,44,7,1231,1,20,0,1,22,797,404,44,8,1253,0,0,0,1253
04/02/2002,STL,MO,ACE,CE,Combined TRACON& Tower with Radar,804,387,41,7,1239,3,28,0,3,34,807,415,41,10,1273,0,0,0,1273
04/03/2002,STL,MO,ACE,CE,Combined TRACON& Tower with Radar,810,390,56,7,1263,6,12,0,1,19,816,402,56,8,1282,0,8,8,1290
04/04/2002,STL,MO,ACE,CE,Combined TRACON& Tower with Radar,836,405,62,8,1311,0,0,8,5,13,836,405,70,13,1324,0,2,2,1326
04/05/2002,STL,MO,ACE,CE,Combined TRACON& Tower with Radar,830,406,57,8,1301,0,0,0,10,10,830,406,57,18,1311,0,0,0,1311
04/06/2002,STL,MO,ACE,CE,Combined TRACON& Tower with Radar,639,244,47,4,934,91,0,14,0,105,730,244,61,4,1039,0,0,0,1039
04/07/2002,STL,MO,ACE,CE,Combined TRACON& Tower with Radar,671,301,34,5,1011,52,0,0,0,52,723,301,34,5,1063,0,0,0,1063
04/08/2002,STL,MO,ACE,CE,Combined TRACON& Tower with Radar,808,390,40,8,1246,0,21,0,21,42,808,411,40,29,1288,0,0,0,1288
04/09/2002,STL,MO,ACE,CE,Combined TRACON& Tower with Radar,827,420,64,8,1319,0,2,40,55,97,827,422,104,63,1416,0,0,0,1416
04/10/2002,STL,MO,ACE,CE,Combined TRACON& Tower with Radar,822,396,60,8,1286,2,30,9,0,41,824,426,69,8,1327,0,0,0,1327
04/11/2002,STL,MO,ACE,CE,Combined TRACON& Tower with Radar,839,414,63,8,1324,0,14,5,5,24,839,428,68,13,1348,0,0,0,1348
04/12/2002,STL,MO,ACE,CE,Combined TRACON& Tower with Radar,784,383,61,8,1236,0,0,2,2,4,784,383,63,10,1240,0,2,2,1242
04/13/2002,STL,MO,ACE,CE,Combined TRACON& Tower with Radar,626,206,37,5,874,117,0,0,0,117,743,206,37,5,991,0,0,0,991
04/14/2002,STL,MO,ACE,CE,Combined TRACON& Tower with Radar,715,319,47,5,1086,23,0,0,0,23,738,319,47,5,1109,0,0,0,1109
04/15/2002,STL,MO,ACE,CE,Combined TRACON& Tower with Radar,830,405,62,8,1305,0,31,70,60,161,830,436,132,68,1466,0,0,0,1466
04/16/2002,STL,MO,ACE,CE,Combined TRACON& Tower with Radar,834,411,46,7,1298,0,22,0,37,59,834,433,46,44,1357,0,0,0,1357
04/17/2002,STL,MO,ACE,CE,Combined TRACON& Tower with Radar,826,413,64,7,1310,0,3,16,8,27,826,416,80,15,1337,0,4,4,1341
04/18/2002,STL,MO,ACE,CE,Combined TRACON& Tower with Radar,833,411,63,7,1314,0,9,16,8,33,833,420,79,15,1347,0,0,0,1347
04/19/2002,STL,MO,ACE,CE,Combined TRACON& Tower with Radar,716,363,56,5,1140,0,26,8,0,34,716,389,64,5,1174,0,0,0,1174
04/20/2002,STL,MO,ACE,CE,Combined TRACON& Tower with Radar,678,253,25,0,956,126,0,0,0,126,804,253,25,0,1082,0,0,0,1082
04/21/2002,STL,MO,ACE,CE,Combined TRACON& Tower with Radar,676,305,29,3,1013,155,0,0,0,155,831,305,29,3,1168,0,0,0,1168
04/22/2002,STL,MO,ACE,CE,Combined TRACON& Tower with Radar,806,390,59,7,1262,0,23,4,3,30,806,413,63,10,1292,0,0,0,1292
04/23/2002,STL,MO,ACE,CE,Combined TRACON& Tower with Radar,816,391,60,7,1274,35,34,49,1,119,851,425,109,8,1393,0,0,0,1393
04/24/2002,STL,MO,ACE,CE,Combined TRACON& Tower with Radar,803,385,49,7,1244,4,5,0,10,19,807,390,49,17,1263,0,0,0,1263
04/25/2002,STL,MO,ACE,CE,Combined TRACON& Tower with Radar,838,429,66,7,1340,0,0,54,5,59,838,429,120,12,1399,0,0,0,1399
04/26/2002,STL,MO,ACE,CE,Combined TRACON& Tower with Radar,831,406,62,7,1306,0,20,4,5,29,831,426,66,12,1335,0,0,0,1335
04/27/2002,STL,MO,ACE,CE,Combined TRACON& Tower with Radar,618,241,27,5,891,89,0,0,2,91,707,241,27,7,982,0,0,0,982
04/28/2002,STL,MO,ACE,CE,Combined TRACON& Tower with Radar,705,342,53,0,1100,0,0,31,0,31,705,342,84,0,1131,0,0,0,1131
04/29/2002,STL,MO,ACE,CE,Combined TRACON& Tower with Radar,806,399,61,0,1266,0,46,91,0,137,806,445,152,0,1403,2,0,2,1405
04/30/2002,STL,MO,ACE,CE,Combined TRACON& Tower with Radar,809,399,61,1,1270,0,65,57,0,122,809,464,118,1,1392,0,0,0,1392
05/01/2002,STL,MO,ACE,CE,Combined TRACON& Tower with Radar,790,408,44,1,1243,25,19,0,1,45,815,427,44,2,1288,0,0,0,1288
05/02/2002,STL,MO,ACE,CE,Combined TRACON& Tower with Radar,880,501,57,5,1443,4,7,42,0,53,884,508,99,5,1496,0,0,0,1496
05/03/2002,STL,MO,ACE,CE,Combined TRACON& Tower with Radar,821,433,57,2,1313,0,32,14,30,76,821,465,71,32,1389,2,0,2,1391
05/04/2002,STL,MO,ACE,CE,Combined TRACON& Tower with Radar,689,249,27,0,965,4,4,102,0,110,693,253,129,0,1075,0,0,0,1075
05/05/2002,STL,MO,ACE,CE,Combined TRACON& Tower with Radar,681,344,47,1,1073,50,0,40,0,90,731,344,87,1,1163,0,0,0,1163
05/06/2002,STL,MO,ACE,CE,Combined TRACON& Tower with Radar,831,420,56,1,1308,8,0,5,0,13,839,420,61,1,1321,0,0,0,1321
05/07/2002,STL,MO,ACE,CE,Combined TRACON& Tower with Radar,827,427,56,1,1311,1,25,31,0,57,828,452,87,1,1368,0,2,2,1370
05/08/2002,STL,MO,ACE,CE,Combined TRACON& Tower with Radar,847,455,60,1,1363,0,11,20,0,31,847,466,80,1,1394,0,0,0,1394
05/09/2002,STL,MO,ACE,CE,Combined TRACON& Tower with Radar,845,449,59,2,1355,0,24,55,4,83,845,473,114,6,1438,0,0,0,1438
05/10/2002,STL,MO,ACE,CE,Combined TRACON& Tower with Radar,826,436,57,0,1319,0,36,77,0,113,826,472,134,0,1432,2,0,2,1434
05/11/2002,STL,MO,ACE,CE,Combined TRACON& Tower with Radar,694,250,19,0,963,5,2,13,0,20,699,252,32,0,983,0,0,0,983
05/12/2002,STL,MO,ACE,CE,Combined TRACON& Tower with Radar,614,280,14,0,908,49,0,0,0,49,663,280,14,0,957,0,0,0,957
05/13/2002,STL,MO,ACE,CE,Combined TRACON& Tower with Radar,886,456,61,2,1405,0,0,38,0,38,886,456,99,2,1443,0,0,0,1443
05/14/2002,STL,MO,ACE,CE,Combined TRACON& Tower with Radar,847,457,59,0,1363,0,6,108,0,114,847,463,167,0,1477,0,0,0,1477
05/15/2002,STL,MO,ACE,CE,Combined TRACON& Tower with Radar,825,452,58,2,1337,0,2,73,0,75,825,454,131,2,1412,0,0,0,1412
05/16/2002,STL,MO,ACE,CE,Combined TRACON& Tower with Radar,903,477,62,0,1442,0,9,12,0,21,903,486,74,0,1463,0,0,0,1463
05/17/2002,STL,MO,ACE,CE,Combined TRACON& Tower with Radar,867,448,35,1,1351,55,11,0,0,66,922,459,35,1,1417,0,0,0,1417
05/18/2002,STL,MO,ACE,CE,Combined TRACON& Tower with Radar,628,252,43,1,924,204,0,65,0,269,832,252,108,1,1193,0,0,0,1193
05/19/2002,STL,MO,ACE,CE,Combined TRACON& Tower with Radar,693,355,48,1,1097,35,0,60,0,95,728,355,108,1,1192,0,0,0,1192
05/20/2002,STL,MO,ACE,CE,Combined TRACON& Tower with Radar,822,470,43,9,1344,5,18,66,1,90,827,488,109,10,1434,8,0,8,1442
05/21/2002,STL,MO,ACE,CE,Combined TRACON& Tower with Radar,801,430,57,2,1290,0,30,73,1,104,801,460,130,3,1394,0,0,0,1394
05/22/2002,STL,MO,ACE,CE,Combined TRACON& Tower with Radar,804,424,56,0,1284,0,56,83,0,139,804,480,139,0,1423,0,0,0,1423
05/23/2002,STL,MO,ACE,CE,Combined TRACON& Tower with Radar,860,464,61,0,1385,0,0,61,0,61,860,464,122,0,1446,0,0,0,1446
05/24/2002,STL,MO,ACE,CE,Combined TRACON& Tower with Radar,904,486,64,2,1456,0,0,36,22,58,904,486,100,24,1514,0,0,0,1514
05/25/2002,STL,MO,ACE,CE,Combined TRACON& Tower with Radar,618,232,41,0,891,100,0,0,0,100,718,232,41,0,991,0,0,0,991
05/26/2002,STL,MO,ACE,CE,Combined TRACON& Tower with Radar,568,250,40,0,858,73,0,22,0,95,641,250,62,0,953,0,0,0,953
05/27/2002,STL,MO,ACE,CE,Combined TRACON& Tower with Radar,666,328,46,0,1040,66,0,3,0,69,732,328,49,0,1109,0,0,0,1109
05/28/2002,STL,MO,ACE,CE,Combined TRACON& Tower with Radar,890,458,61,1,1410,10,26,3,0,39,900,484,64,1,1449,0,0,0,1449
05/29/2002,STL,MO,ACE,CE,Combined TRACON& Tower with Radar,798,416,55,1,1270,0,19,7,0,26,798,435,62,1,1296,0,0,0,1296
05/30/2002,STL,MO,ACE,CE,Combined TRACON& Tower with Radar,818,438,58,2,1316,0,39,25,0,64,818,477,83,2,1380,0,0,0,1380
05/31/2002,STL,MO,ACE,CE,Combined TRACON& Tower with Radar,812,432,57,2,1303,0,31,18,0,49,812,463,75,2,1352,0,0,0,1352
06/01/2002,STL,MO,ACE,CE,Combined TRACON& Tower with Radar,847,415,54,1,1317,0,60,51,0,111,847,475,105,1,1428,0,0,0,1428
06/02/2002,STL,MO,ACE,CE,Combined TRACON& Tower with Radar,654,234,40,0,928,80,0,53,0,133,734,234,93,0,1061,2,0,2,1063
06/03/2002,STL,MO,ACE,CE,Combined TRACON& Tower with Radar,864,412,52,0,1328,0,27,47,0,74,864,439,99,0,1402,4,0,4,1406
06/04/2002,STL,MO,ACE,CE,Combined TRACON& Tower with Radar,846,402,51,1,1300,0,42,46,0,88,846,444,97,1,1388,2,0,2,1390
06/05/2002,STL,MO,ACE,CE,Combined TRACON& Tower with Radar,850,409,53,2,1314,0,11,0,0,11,850,420,53,2,1325,0,0,0,1325
06/06/2002,STL,MO,ACE,CE,Combined TRACON& Tower with Radar,869,418,53,1,1341,0,32,49,0,81,869,450,102,1,1422,4,0,4,1426
06/07/2002,STL,MO,ACE,CE,Combined TRACON& Tower with Radar,859,403,51,2,1315,0,40,54,0,94,859,443,105,2,1409,0,0,0,1409
06/08/2002,STL,MO,ACE,CE,Combined TRACON& Tower with Radar,624,235,38,1,898,98,0,32,0,130,722,235,70,1,1028,0,0,0,1028
06/09/2002,STL,MO,ACE,CE,Combined TRACON& Tower with Radar,710,331,42,0,1083,31,3,0,0,34,741,334,42,0,1117,0,0,0,1117
06/10/2002,STL,MO,ACE,CE,Combined TRACON& Tower with Radar,780,364,42,2,1188,2,32,0,0,34,782,396,42,2,1222,0,0,0,1222
06/11/2002,STL,MO,ACE,CE,Combined TRACON& Tower with Radar,693,336,43,2,1074,0,30,28,1,59,693,366,71,3,1133,0,0,0,1133
06/12/2002,STL,MO,ACE,CE,Combined TRACON& Tower with Radar,912,445,57,0,1414,0,20,53,0,73,912,465,110,0,1487,4,0,4,1491
06/13/2002,STL,MO,ACE,CE,Combined TRACON& Tower with Radar,839,425,41,4,1309,2,2,42,0,46,841,427,83,4,1355,2,0,2,1357
06/14/2002,STL,MO,ACE,CE,Combined TRACON& Tower with Radar,850,418,54,2,1324,0,23,69,1,93,850,441,123,3,1417,0,0,0,1417
06/15/2002,STL,MO,ACE,CE,Combined TRACON& Tower with Radar,635,221,22,1,879,105,0,0,0,105,740,221,22,1,984,0,0,0,984
06/16/2002,STL,MO,ACE,CE,Combined TRACON& Tower with Radar,763,316,21,2,1102,2,4,49,0,55,765,320,70,2,1157,0,0,0,1157
06/17/2002,STL,MO,ACE,CE,Combined TRACON& Tower with Radar,847,402,51,2,1302,0,11,44,0,55,847,413,95,2,1357,0,0,0,1357
06/18/2002,STL,MO,ACE,CE,Combined TRACON& Tower with Radar,850,396,50,2,1298,5,15,63,0,83,855,411,113,2,1381,0,0,0,1381
06/19/2002,STL,MO,ACE,CE,Combined TRACON& Tower with Radar,879,411,52,2,1344,0,6,91,3,100,879,417,143,5,1444,0,0,0,1444
06/20/2002,STL,MO,ACE,CE,Combined TRACON& Tower with Radar,881,423,54,2,1360,0,0,64,5,69,881,423,118,7,1429,0,0,0,1429
06/21/2002,STL,MO,ACE,CE,Combined TRACON& Tower with Radar,861,420,54,2,1337,0,17,37,2,56,861,437,91,4,1393,0,0,0,1393
06/22/2002,STL,MO,ACE,CE,Combined TRACON& Tower with Radar,660,229,40,1,930,108,0,51,0,159,768,229,91,1,1089,0,0,0,1089
06/23/2002,STL,MO,ACE,CE,Combined TRACON& Tower with Radar,721,317,43,1,1082,55,0,13,2,70,776,317,56,3,1152,0,0,0,1152
06/24/2002,STL,MO,ACE,CE,Combined TRACON& Tower with Radar,827,389,49,2,1267,0,42,35,1,78,827,431,84,3,1345,0,0,0,1345
06/25/2002,STL,MO,ACE,CE,Combined TRACON& Tower with Radar,842,402,51,2,1297,0,46,38,0,84,842,448,89,2,1381,0,0,0,1381
06/26/2002,STL,MO,ACE,CE,Combined TRACON& Tower with Radar,867,431,55,2,1355,0,8,32,4,44,867,439,87,6,1399,0,0,0,1399
06/27/2002,STL,MO,ACE,CE,Combined TRACON& Tower with Radar,831,406,51,2,1290,0,30,42,0,72,831,436,93,2,1362,0,0,0,1362
06/28/2002,STL,MO,ACE,CE,Combined TRACON& Tower with Radar,900,430,55,2,1387,0,24,46,2,72,900,454,101,4,1459,0,0,0,1459
06/29/2002,STL,MO,ACE,CE,Combined TRACON& Tower with Radar,677,236,40,1,954,103,0,40,0,143,780,236,80,1,1097,0,0,0,1097
06/30/2002,STL,MO,ACE,CE,Combined TRACON& Tower with Radar,754,310,23,1,1088,19,0,0,1,20,773,310,23,2,1108,0,0,0,1108
07/01/2002,STL,MO,ACE,CE,Combined TRACON& Tower with Radar,837,391,49,3,1280,0,21,29,0,50,837,412,78,3,1330,0,0,0,1330
07/02/2002,STL,MO,ACE,CE,Combined TRACON& Tower with Radar,824,400,50,3,1277,0,35,62,0,97,824,435,112,3,1374,2,0,2,1376
07/03/2002,STL,MO,ACE,CE,Combined TRACON& Tower with Radar,857,399,50,4,1310,0,38,21,0,59,857,437,71,4,1369,0,0,0,1369
07/04/2002,STL,MO,ACE,CE,Combined TRACON& Tower with Radar,701,275,40,1,1017,64,0,30,0,94,765,275,70,1,1111,0,0,0,1111
07/05/2002,STL,MO,ACE,CE,Combined TRACON& Tower with Radar,680,264,39,1,984,70,0,20,0,90,750,264,59,1,1074,0,0,0,1074
07/06/2002,STL,MO,ACE,CE,Combined TRACON& Tower with Radar,623,227,36,1,887,95,0,45,0,140,718,227,81,1,1027,0,0,0,1027
07/07/2002,STL,MO,ACE,CE,Combined TRACON& Tower with Radar,720,328,41,2,1091,48,3,28,0,79,768,331,69,2,1170,0,0,0,1170
07/08/2002,STL,MO,ACE,CE,Combined TRACON& Tower with Radar,867,403,51,2,1323,0,26,51,0,77,867,429,102,2,1400,0,0,0,1400
07/09/2002,STL,MO,ACE,CE,Combined TRACON& Tower with Radar,845,411,52,3,1311,0,23,63,2,88,845,434,115,5,1399,0,0,0,1399
07/10/2002,STL,MO,ACE,CE,Combined TRACON& Tower with Radar,807,383,49,2,1241,0,0,17,0,17,807,383,66,2,1258,0,0,0,1258
07/11/2002,STL,MO,ACE,CE,Combined TRACON& Tower with Radar,889,405,51,3,1348,0,38,12,2,52,889,443,63,5,1400,0,2,2,1402
07/12/2002,STL,MO,ACE,CE,Combined TRACON& Tower with Radar,846,408,51,3,1308,0,5,34,0,39,846,413,85,3,1347,0,4,4,1351
07/13/2002,STL,MO,ACE,CE,Combined TRACON& Tower with Radar,660,230,38,1,929,92,0,33,0,125,752,230,71,1,1054,0,0,0,1054
07/14/2002,STL,MO,ACE,CE,Combined TRACON& Tower with Radar,716,326,41,2,1085,47,6,59,0,112,763,332,100,2,1197,0,0,0,1197
07/15/2002,STL,MO,ACE,CE,Combined TRACON& Tower with Radar,836,381,47,2,1266,29,29,71,0,129,865,410,118,2,1395,0,8,8,1403
07/16/2002,STL,MO,ACE,CE,Combined TRACON& Tower with Radar,852,413,52,3,1320,0,13,62,0,75,852,426,114,3,1395,0,2,2,1397
07/17/2002,STL,MO,ACE,CE,Combined TRACON& Tower with Radar,867,404,52,3,1326,0,22,49,2,73,867,426,101,5,1399,0,0,0,1399
07/18/2002,STL,MO,ACE,CE,Combined TRACON& Tower with Radar,836,387,49,3,1275,0,42,40,4,86,836,429,89,7,1361,0,0,0,1361
07/19/2002,STL,MO,ACE,CE,Combined TRACON& Tower with Radar,906,412,53,3,1374,0,15,26,9,50,906,427,79,12,1424,0,0,0,1424
07/20/2002,STL,MO,ACE,CE,Combined TRACON& Tower with Radar,697,234,41,1,973,83,0,23,0,106,780,234,64,1,1079,0,0,0,1079
07/21/2002,STL,MO,ACE,CE,Combined TRACON& Tower with Radar,741,304,43,2,1090,18,0,45,0,63,759,304,88,2,1153,0,0,0,1153
07/22/2002,STL,MO,ACE,CE,Combined TRACON& Tower with Radar,813,369,48,2,1232,3,20,25,0,48,816,389,73,2,1280,0,6,6,1286
07/23/2002,STL,MO,ACE,CE,Combined TRACON& Tower with Radar,870,405,52,1,1328,0,16,60,0,76,870,421,112,1,1404,0,4,4,1408
07/24/2002,STL,MO,ACE,CE,Combined TRACON& Tower with Radar,862,407,52,3,1324,0,41,75,2,118,862,448,127,5,1442,0,0,0,1442
07/25/2002,STL,MO,ACE,CE,Combined TRACON& Tower with Radar,870,404,51,2,1327,0,37,47,0,84,870,441,98,2,1411,0,0,0,1411
07/26/2002,STL,MO,ACE,CE,Combined TRACON& Tower with Radar,857,390,50,3,1300,0,37,32,0,69,857,427,82,3,1369,0,0,0,1369
07/27/2002,STL,MO,ACE,CE,Combined TRACON& Tower with Radar,668,237,39,1,945,95,0,27,0,122,763,237,66,1,1067,4,0,4,1071
07/28/2002,STL,MO,ACE,CE,Combined TRACON& Tower with Radar,766,308,36,2,1112,1,5,58,0,64,767,313,94,2,1176,0,0,0,1176
07/29/2002,STL,MO,ACE,CE,Combined TRACON& Tower with Radar,767,313,48,2,1130,0,0,46,0,46,767,313,94,2,1176,6,0,6,1182
07/30/2002,STL,MO,ACE,CE,Combined TRACON& Tower with Radar,880,402,51,2,1335,0,15,49,0,64,880,417,100,2,1399,0,8,8,1407
07/31/2002,STL,MO,ACE,CE,Combined TRACON& Tower with Radar,857,392,49,3,1301,0,22,49,0,71,857,414,98,3,1372,0,6,6,1378
08/01/2002,STL,MO,ACE,CE,Combined TRACON& Tower with Radar,699,339,36,2,1076,0,20,44,1,65,699,359,80,3,1141,0,0,0,1141
08/02/2002,STL,MO,ACE,CE,Combined TRACON& Tower with Radar,826,393,37,3,1259,4,17,0,64,85,830,410,37,67,1344,0,0,0,1344
08/03/2002,STL,MO,ACE,CE,Combined TRACON& Tower with Radar,830,399,43,3,1275,0,16,32,3,51,830,415,75,6,1326,0,0,0,1326
08/04/2002,STL,MO,ACE,CE,Combined TRACON& Tower with Radar,709,309,36,2,1056,38,0,35,0,73,747,309,71,2,1129,0,0,0,1129
08/05/2002,STL,MO,ACE,CE,Combined TRACON& Tower with Radar,813,388,41,2,1244,0,13,42,0,55,813,401,83,2,1299,0,6,6,1305
08/06/2002,STL,MO,ACE,CE,Combined TRACON& Tower with Radar,813,386,41,2,1242,10,26,35,0,71,823,412,76,2,1313,0,0,0,1313
08/07/2002,STL,MO,ACE,CE,Combined TRACON& Tower with Radar,810,400,42,3,1255,0,25,63,0,88,810,425,105,3,1343,0,2,2,1345
08/08/2002,STL,MO,ACE,CE,Combined TRACON& Tower with Radar,822,390,41,4,1257,3,31,49,0,83,825,421,90,4,1340,0,0,0,1340
08/09/2002,STL,MO,ACE,CE,Combined TRACON& Tower with Radar,822,396,42,3,1263,0,23,67,0,90,822,419,109,3,1353,0,0,0,1353
08/10/2002,STL,MO,ACE,CE,Combined TRACON& Tower with Radar,663,263,34,1,961,57,0,31,0,88,720,263,65,1,1049,0,0,0,1049
08/11/2002,STL,MO,ACE,CE,Combined TRACON& Tower with Radar,718,338,37,2,1095,33,0,11,0,44,751,338,48,2,1139,0,0,0,1139
08/12/2002,STL,MO,ACE,CE,Combined TRACON& Tower with Radar,795,385,41,4,1225,0,12,19,4,35,795,397,60,8,1260,0,0,0,1260
08/13/2002,STL,MO,ACE,CE,Combined TRACON& Tower with Radar,807,392,41,3,1243,0,12,5,0,17,807,404,46,3,1260,0,0,0,1260
08/14/2002,STL,MO,ACE,CE,Combined TRACON& Tower with Radar,830,414,45,4,1293,0,0,30,0,30,830,414,75,4,1323,0,0,0,1323
08/15/2002,STL,MO,ACE,CE,Combined TRACON& Tower with Radar,827,417,44,2,1290,0,13,35,0,48,827,430,79,2,1338,0,0,0,1338
08/16/2002,STL,MO,ACE,CE,Combined TRACON& Tower with Radar,825,409,43,4,1281,0,20,28,2,50,825,429,71,6,1331,0,0,0,1331
08/17/2002,STL,MO,ACE,CE,Combined TRACON& Tower with Radar,688,235,34,3,960,79,0,0,0,79,767,235,34,3,1039,0,0,0,1039
08/18/2002,STL,MO,ACE,CE,Combined TRACON& Tower with Radar,735,303,23,2,1063,3,1,9,0,13,738,304,32,2,1076,0,0,0,1076
08/19/2002,STL,MO,ACE,CE,Combined TRACON& Tower with Radar,794,382,40,2,1218,0,17,23,0,40,794,399,63,2,1258,0,0,0,1258
08/20/2002,STL,MO,ACE,CE,Combined TRACON& Tower with Radar,811,406,43,4,1264,0,13,63,0,76,811,419,106,4,1340,0,0,0,1340
08/21/2002,STL,MO,ACE,CE,Combined TRACON& Tower with Radar,831,409,43,4,1287,0,23,71,2,96,831,432,114,6,1383,2,0,2,1385
08/22/2002,STL,MO,ACE,CE,Combined TRACON& Tower with Radar,809,416,44,3,1272,0,24,63,0,87,809,440,107,3,1359,2,0,2,1361
08/23/2002,STL,MO,ACE,CE,Combined TRACON& Tower with Radar,815,383,42,2,1242,0,0,28,0,28,815,383,70,2,1270,0,0,0,1270
08/24/2002,STL,MO,ACE,CE,Combined TRACON& Tower with Radar,643,229,33,2,907,93,0,37,0,130,736,229,70,2,1037,0,0,0,1037
08/25/2002,STL,MO,ACE,CE,Combined TRACON& Tower with Radar,749,308,28,2,1087,3,0,44,0,47,752,308,72,2,1134,0,0,0,1134
08/26/2002,STL,MO,ACE,CE,Combined TRACON& Tower with Radar,798,383,40,3,1224,0,41,49,1,91,798,424,89,4,1315,10,0,10,1325
08/27/2002,STL,MO,ACE,CE,Combined TRACON& Tower with Radar,805,382,40,3,1230,9,32,49,0,90,814,414,89,3,1320,0,0,0,1320
08/28/2002,STL,MO,ACE,CE,Combined TRACON& Tower with Radar,823,397,42,3,1265,0,29,74,0,103,823,426,116,3,1368,0,0,0,1368
08/29/2002,STL,MO,ACE,CE,Combined TRACON& Tower with Radar,836,412,43,3,1294,0,17,89,2,108,836,429,132,5,1402,0,0,0,1402
08/30/2002,STL,MO,ACE,CE,Combined TRACON& Tower with Radar,821,389,41,3,1254,0,25,53,5,83,821,414,94,8,1337,0,0,0,1337
08/31/2002,STL,MO,ACE,CE,Combined TRACON& Tower with Radar,569,222,29,2,822,73,0,64,0,137,642,222,93,2,959,0,0,0,959
09/01/2002,STL,MO,ACE,CE,Combined TRACON& Tower with Radar,548,229,26,1,804,43,0,25,0,68,591,229,51,1,872,0,0,0,872
09/02/2002,STL,MO,ACE,CE,Combined TRACON& Tower with Radar,669,305,32,3,1009,52,0,37,0,89,721,305,69,3,1098,18,0,18,1116
09/03/2002,STL,MO,ACE,CE,Combined TRACON& Tower with Radar,777,404,51,5,1237,1,11,56,0,68,778,415,107,5,1305,0,0,0,1305
09/04/2002,STL,MO,ACE,CE,Combined TRACON& Tower with Radar,789,403,41,2,1235,0,13,66,0,79,789,416,107,2,1314,0,0,0,1314
09/05/2002,STL,MO,ACE,CE,Combined TRACON& Tower with Radar,791,397,41,5,1234,0,29,73,0,102,791,426,114,5,1336,0,0,0,1336
09/06/2002,STL,MO,ACE,CE,Combined TRACON& Tower with Radar,792,401,41,5,1239,0,32,91,0,123,792,433,132,5,1362,0,0,0,1362
09/07/2002,STL,MO,ACE,CE,Combined TRACON& Tower with Radar,643,273,32,3,951,47,0,43,0,90,690,273,75,3,1041,0,0,0,1041
09/08/2002,STL,MO,ACE,CE,Combined TRACON& Tower with Radar,697,343,35,4,1079,14,0,34,0,48,711,343,69,4,1127,0,0,0,1127
09/09/2002,STL,MO,ACE,CE,Combined TRACON& Tower with Radar,768,399,41,3,1211,0,13,67,0,80,768,412,108,3,1291,0,0,0,1291
09/10/2002,STL,MO,ACE,CE,Combined TRACON& Tower with Radar,689,356,36,4,1085,0,17,56,1,74,689,373,92,5,1159,0,0,0,1159
09/11/2002,STL,MO,ACE,CE,Combined TRACON& Tower with Radar,608,303,31,3,945,9,4,49,2,64,617,307,80,5,1009,0,0,0,1009
09/12/2002,STL,MO,ACE,CE,Combined TRACON& Tower with Radar,768,391,40,4,1203,0,27,66,0,93,768,418,106,4,1296,0,0,0,1296
09/13/2002,STL,MO,ACE,CE,Combined TRACON& Tower with Radar,783,407,41,4,1235,0,30,51,0,81,783,437,92,4,1316,8,0,8,1324
09/14/2002,STL,MO,ACE,CE,Combined TRACON& Tower with Radar,630,289,32,3,954,65,0,19,0,84,695,289,51,3,1038,0,0,0,1038
09/15/2002,STL,MO,ACE,CE,Combined TRACON& Tower with Radar,716,350,37,4,1107,0,0,9,1,10,716,350,46,5,1117,0,0,0,1117
09/16/2002,STL,MO,ACE,CE,Combined TRACON& Tower with Radar,775,401,40,5,1221,0,33,39,0,72,775,434,79,5,1293,0,0,0,1293
09/17/2002,STL,MO,ACE,CE,Combined TRACON& Tower with Radar,783,401,40,5,1229,0,9,27,5,41,783,410,67,10,1270,0,0,0,1270
09/18/2002,STL,MO,ACE,CE,Combined TRACON& Tower with Radar,796,414,42,5,1257,0,37,18,3,58,796,451,60,8,1315,0,0,0,1315
09/19/2002,STL,MO,ACE,CE,Combined TRACON& Tower with Radar,755,382,40,2,1179,0,0,10,0,10,755,382,50,2,1189,0,0,0,1189
09/20/2002,STL,MO,ACE,CE,Combined TRACON& Tower with Radar,838,428,45,5,1316,0,0,29,0,29,838,428,74,5,1345,0,0,0,1345
09/21/2002,STL,MO,ACE,CE,Combined TRACON& Tower with Radar,653,279,33,3,968,39,0,70,0,109,692,279,103,3,1077,0,0,0,1077
09/22/2002,STL,MO,ACE,CE,Combined TRACON& Tower with Radar,697,324,36,4,1061,25,0,29,0,54,722,324,65,4,1115,0,0,0,1115
09/23/2002,STL,MO,ACE,CE,Combined TRACON& Tower with Radar,768,397,40,4,1209,0,25,80,0,105,768,422,120,4,1314,0,0,0,1314
09/24/2002,STL,MO,ACE,CE,Combined TRACON& Tower with Radar,793,404,41,5,1243,0,30,66,0,96,793,434,107,5,1339,0,10,10,1349
09/25/2002,STL,MO,ACE,CE,Combined TRACON& Tower with Radar,786,410,42,5,1243,0,39,63,0,102,786,449,105,5,1345,0,0,0,1345
09/26/2002,STL,MO,ACE,CE,Combined TRACON& Tower with Radar,786,411,42,5,1244,0,38,63,0,101,786,449,105,5,1345,0,0,0,1345
09/27/2002,STL,MO,ACE,CE,Combined TRACON& Tower with Radar,820,419,44,6,1289,0,0,90,3,93,820,419,134,9,1382,0,0,0,1382
09/28/2002,STL,MO,ACE,CE,Combined TRACON& Tower with Radar,654,324,32,5,1015,160,95,102,4,361,814,419,134,9,1376,0,0,0,1376
09/29/2002,STL,MO,ACE,CE,Combined TRACON& Tower with Radar,787,327,37,5,1156,0,1,59,0,60,787,328,96,5,1216,0,0,0,1216
09/30/2002,STL,MO,ACE,CE,Combined TRACON& Tower with Radar,769,385,38,5,1197,0,32,48,2,82,769,417,86,7,1279,0,0,0,1279
10/01/2002,STL,MO,ACE,CE,Combined TRACON& Tower with Radar,782,418,41,4,1245,0,7,63,0,70,782,425,104,4,1315,0,0,0,1315
10/02/2002,STL,MO,ACE,CE,Combined TRACON& Tower with Radar,792,431,43,7,1273,0,13,47,0,60,792,444,90,7,1333,0,12,12,1345
10/03/2002,STL,MO,ACE,CE,Combined TRACON& Tower with Radar,819,431,43,8,1301,0,0,28,0,28,819,431,71,8,1329,0,0,0,1329
10/04/2002,STL,MO,ACE,CE,Combined TRACON& Tower with Radar,798,440,43,8,1289,0,0,36,0,36,798,440,79,8,1325,0,0,0,1325
10/05/2002,STL,MO,ACE,CE,Combined TRACON& Tower with Radar,650,341,34,4,1029,53,0,14,0,67,703,341,48,4,1096,0,0,0,1096
10/06/2002,STL,MO,ACE,CE,Combined TRACON& Tower with Radar,668,340,22,4,1034,35,0,0,0,35,703,340,22,4,1069,0,0,0,1069
10/07/2002,STL,MO,ACE,CE,Combined TRACON& Tower with Radar,761,414,41,4,1220,0,25,74,0,99,761,439,115,4,1319,0,14,14,1333
10/08/2002,STL,MO,ACE,CE,Combined TRACON& Tower with Radar,786,418,41,8,1253,3,17,54,0,74,789,435,95,8,1327,0,4,4,1331
10/09/2002,STL,MO,ACE,CE,Combined TRACON& Tower with Radar,789,435,43,6,1273,0,17,61,0,78,789,452,104,6,1351,0,4,4,1355
10/10/2002,STL,MO,ACE,CE,Combined TRACON& Tower with Radar,773,426,42,5,1246,0,23,73,0,96,773,449,115,5,1342,0,0,0,1342
10/11/2002,STL,MO,ACE,CE,Combined TRACON& Tower with Radar,778,442,43,4,1267,0,4,31,0,35,778,446,74,4,1302,0,0,0,1302
10/12/2002,STL,MO,ACE,CE,Combined TRACON& Tower with Radar,639,284,33,3,959,31,0,0,0,31,670,284,33,3,990,0,0,0,990
10/13/2002,STL,MO,ACE,CE,Combined TRACON& Tower with Radar,669,345,36,4,1054,32,0,16,0,48,701,345,52,4,1102,0,0,0,1102
10/14/2002,STL,MO,ACE,CE,Combined TRACON& Tower with Radar,750,400,40,4,1194,0,19,59,0,78,750,419,99,4,1272,0,6,6,1278
10/15/2002,STL,MO,ACE,CE,Combined TRACON& Tower with Radar,768,431,39,5,1243,2,3,47,0,52,770,434,86,5,1295,0,0,0,1295
10/16/2002,STL,MO,ACE,CE,Combined TRACON& Tower with Radar,772,430,44,6,1252,0,11,83,0,94,772,441,127,6,1346,0,10,10,1356
10/17/2002,STL,MO,ACE,CE,Combined TRACON& Tower with Radar,777,452,45,5,1279,0,6,36,0,42,777,458,81,5,1321,0,0,0,1321
10/18/2002,STL,MO,ACE,CE,Combined TRACON& Tower with Radar,767,420,43,7,1237,0,20,19,1,40,767,440,62,8,1277,0,0,0,1277
10/19/2002,STL,MO,ACE,CE,Combined TRACON& Tower with Radar,633,285,33,4,955,73,0,38,0,111,706,285,71,4,1066,0,0,0,1066
10/20/2002,STL,MO,ACE,CE,Combined TRACON& Tower with Radar,670,338,35,4,1047,30,0,24,0,54,700,338,59,4,1101,0,0,0,1101
10/21/2002,STL,MO,ACE,CE,Combined TRACON& Tower with Radar,686,338,36,4,1064,42,0,27,0,69,728,338,63,4,1133,58,0,58,1191
10/22/2002,STL,MO,ACE,CE,Combined TRACON& Tower with Radar,772,426,42,4,1244,0,30,34,0,64,772,456,76,4,1308,20,0,20,1328
10/23/2002,STL,MO,ACE,CE,Combined TRACON& Tower with Radar,773,410,41,4,1228,0,40,26,0,66,773,450,67,4,1294,18,0,18,1312
10/24/2002,STL,MO,ACE,CE,Combined TRACON& Tower with Radar,784,424,42,4,1254,0,14,46,0,60,784,438,88,4,1314,4,0,4,1318
10/25/2002,STL,MO,ACE,CE,Combined TRACON& Tower with Radar,775,411,34,4,1224,15,17,0,0,32,790,428,34,4,1256,0,0,0,1256
10/26/2002,STL,MO,ACE,CE,Combined TRACON& Tower with Radar,672,258,18,5,953,2,0,0,0,2,674,258,18,5,955,0,0,0,955
10/27/2002,STL,MO,ACE,CE,Combined TRACON& Tower with Radar,645,317,40,3,1005,2,0,18,0,20,647,317,58,3,1025,0,0,0,1025
10/28/2002,STL,MO,ACE,CE,Combined TRACON& Tower with Radar,726,385,28,4,1143,7,37,0,0,44,733,422,28,4,1187,0,0,0,1187
10/29/2002,STL,MO,ACE,CE,Combined TRACON& Tower with Radar,757,401,39,4,1201,21,7,2,0,30,778,408,41,4,1231,0,0,0,1231
10/30/2002,STL,MO,ACE,CE,Combined TRACON& Tower with Radar,782,415,41,5,1243,0,13,21,0,34,782,428,62,5,1277,0,0,0,1277
10/31/2002,STL,MO,ACE,CE,Combined TRACON& Tower with Radar,779,446,39,6,1270,0,0,0,0,0,779,446,39,6,1270,2,0,2,1272
11/01/2002,STL,MO,ACE,CE,Combined TRACON& Tower with Radar,763,446,39,5,1253,0,0,9,1,10,763,446,48,6,1263,0,0,0,1263
11/02/2002,STL,MO,ACE,CE,Combined TRACON& Tower with Radar,548,286,29,3,866,52,0,59,1,112,600,286,88,4,978,0,0,0,978
11/03/2002,STL,MO,ACE,CE,Combined TRACON& Tower with Radar,608,367,16,4,995,40,1,0,2,43,648,368,16,6,1038,0,0,0,1038
11/04/2002,STL,MO,ACE,CE,Combined TRACON& Tower with Radar,760,465,39,6,1270,0,28,31,1,60,760,493,70,7,1330,6,0,6,1336
11/05/2002,STL,MO,ACE,CE,Combined TRACON& Tower with Radar,732,451,38,4,1225,0,1,26,0,27,732,452,64,4,1252,0,0,0,1252
11/06/2002,STL,MO,ACE,CE,Combined TRACON& Tower with Radar,736,458,39,6,1239,0,13,37,1,51,736,471,76,7,1290,0,0,0,1290
11/07/2002,STL,MO,ACE,CE,Combined TRACON& Tower with Radar,754,461,39,6,1260,0,39,70,0,109,754,500,109,6,1369,0,0,0,1369
11/08/2002,STL,MO,ACE,CE,Combined TRACON& Tower with Radar,735,469,40,5,1249,0,7,57,0,64,735,476,97,5,1313,0,0,0,1313
11/09/2002,STL,MO,ACE,CE,Combined TRACON& Tower with Radar,555,283,29,4,871,58,0,16,1,75,613,283,45,5,946,0,0,0,946
11/10/2002,STL,MO,ACE,CE,Combined TRACON& Tower with Radar,646,347,15,4,1012,5,0,34,0,39,651,347,49,4,1051,0,0,0,1051
11/11/2002,STL,MO,ACE,CE,Combined TRACON& Tower with Radar,730,448,33,4,1215,0,13,0,0,13,730,461,33,4,1228,0,0,0,1228
11/12/2002,STL,MO,ACE,CE,Combined TRACON& Tower with Radar,729,451,38,6,1224,0,24,48,2,74,729,475,86,8,1298,0,0,0,1298
11/13/2002,STL,MO,ACE,CE,Combined TRACON& Tower with Radar,734,469,40,6,1249,0,11,76,0,87,734,480,116,6,1336,0,0,0,1336
11/14/2002,STL,MO,ACE,CE,Combined TRACON& Tower with Radar,744,470,40,6,1260,0,14,54,3,71,744,484,94,9,1331,0,0,0,1331
11/15/2002,STL,MO,ACE,CE,Combined TRACON& Tower with Radar,733,465,39,6,1243,0,15,2,0,17,733,480,41,6,1260,0,0,0,1260
11/16/2002,STL,MO,ACE,CE,Combined TRACON& Tower with Radar,603,288,19,3,913,5,0,35,0,40,608,288,54,3,953,0,0,0,953
11/17/2002,STL,MO,ACE,CE,Combined TRACON& Tower with Radar,635,367,33,4,1039,34,0,36,0,70,669,367,69,4,1109,0,18,18,1127
11/18/2002,STL,MO,ACE,CE,Combined TRACON& Tower with Radar,714,442,37,4,1197,0,40,57,0,97,714,482,94,4,1294,0,0,0,1294
11/19/2002,STL,MO,ACE,CE,Combined TRACON& Tower with Radar,748,458,39,5,1250,0,4,57,2,63,748,462,96,7,1313,18,0,18,1331
11/20/2002,STL,MO,ACE,CE,Combined TRACON& Tower with Radar,745,466,39,5,1255,0,12,95,0,107,745,478,134,5,1362,2,0,2,1364
11/21/2002,STL,MO,ACE,CE,Combined TRACON& Tower with Radar,746,459,39,4,1248,0,16,20,0,36,746,475,59,4,1284,0,0,0,1284
11/22/2002,STL,MO,ACE,CE,Combined TRACON& Tower with Radar,752,469,40,4,1265,0,5,62,0,67,752,474,102,4,1332,8,0,8,1340
11/23/2002,STL,MO,ACE,CE,Combined TRACON& Tower with Radar,552,292,29,3,876,54,0,62,0,116,606,292,91,3,992,0,0,0,992
11/24/2002,STL,MO,ACE,CE,Combined TRACON& Tower with Radar,612,347,31,4,994,60,0,17,0,77,672,347,48,4,1071,0,0,0,1071
11/25/2002,STL,MO,ACE,CE,Combined TRACON& Tower with Radar,729,440,37,5,1211,0,13,36,0,49,729,453,73,5,1260,17,0,17,1277
11/26/2002,STL,MO,ACE,CE,Combined TRACON& Tower with Radar,730,439,37,4,1210,3,12,31,0,46,733,451,68,4,1256,0,0,0,1256
11/27/2002,STL,MO,ACE,CE,Combined TRACON& Tower with Radar,740,444,38,4,1226,6,21,28,0,55,746,465,66,4,1281,0,0,0,1281
11/28/2002,STL,MO,ACE,CE,Combined TRACON& Tower with Radar,452,271,7,2,732,31,0,0,0,31,483,271,7,2,763,4,0,4,767
11/29/2002,STL,MO,ACE,CE,Combined TRACON& Tower with Radar,478,285,17,3,783,4,1,26,0,31,482,286,43,3,814,0,0,0,814
11/30/2002,STL,MO,ACE,CE,Combined TRACON& Tower with Radar,578,288,14,4,884,4,0,16,0,20,582,288,30,4,904,0,0,0,904
12/01/2002,STL,MO,ACE,CE,Combined TRACON& Tower with Radar,648,392,28,1,1069,10,0,59,3,72,658,392,87,4,1141,0,0,0,1141
12/02/2002,STL,MO,ACE,CE,Combined TRACON& Tower with Radar,684,449,30,1,1164,0,16,63,4,83,684,465,93,5,1247,2,0,2,1249
12/03/2002,STL,MO,ACE,CE,Combined TRACON& Tower with Radar,729,464,31,1,1225,0,25,56,3,84,729,489,87,4,1309,8,0,8,1317
12/04/2002,STL,MO,ACE,CE,Combined TRACON& Tower with Radar,618,377,27,0,1022,18,0,4,0,22,636,377,31,0,1044,0,0,0,1044
12/05/2002,STL,MO,ACE,CE,Combined TRACON& Tower with Radar,733,485,32,1,1251,0,42,49,1,92,733,527,81,2,1343,10,0,10,1353
12/06/2002,STL,MO,ACE,CE,Combined TRACON& Tower with Radar,733,486,32,0,1251,0,9,76,0,85,733,495,108,0,1336,0,0,0,1336
12/07/2002,STL,MO,ACE,CE,Combined TRACON& Tower with Radar,579,322,22,1,924,6,0,50,0,56,585,322,72,1,980,0,0,0,980
12/08/2002,STL,MO,ACE,CE,Combined TRACON& Tower with Radar,628,370,20,0,1018,6,0,37,0,43,634,370,57,0,1061,0,0,0,1061
12/09/2002,STL,MO,ACE,CE,Combined TRACON& Tower with Radar,712,453,30,1,1196,0,10,58,1,69,712,463,88,2,1265,0,0,0,1265
12/10/2002,STL,MO,ACE,CE,Combined TRACON& Tower with Radar,704,459,31,1,1195,0,28,51,0,79,704,487,82,1,1274,0,0,0,1274
12/11/2002,STL,MO,ACE,CE,Combined TRACON& Tower with Radar,718,476,32,1,1227,0,32,59,0,91,718,508,91,1,1318,0,0,0,1318
12/12/2002,STL,MO,ACE,CE,Combined TRACON& Tower with Radar,730,486,33,0,1249,0,0,42,0,42,730,486,75,0,1291,0,0,0,1291
12/13/2002,STL,MO,ACE,CE,Combined TRACON& Tower with Radar,717,453,27,0,1197,11,20,0,0,31,728,473,27,0,1228,0,0,0,1228
12/14/2002,STL,MO,ACE,CE,Combined TRACON& Tower with Radar,577,301,10,0,888,6,1,38,0,45,583,302,48,0,933,0,0,0,933
12/15/2002,STL,MO,ACE,CE,Combined TRACON& Tower with Radar,605,371,26,0,1002,29,0,45,0,74,634,371,71,0,1076,0,0,0,1076
12/16/2002,STL,MO,ACE,CE,Combined TRACON& Tower with Radar,702,452,30,1,1185,0,13,46,2,61,702,465,76,3,1246,0,0,0,1246
12/17/2002,STL,MO,ACE,CE,Combined TRACON& Tower with Radar,656,404,18,0,1078,35,0,0,0,35,691,404,18,0,1113,0,0,0,1113
12/18/2002,STL,MO,ACE,CE,Combined TRACON& Tower with Radar,633,397,22,1,1053,23,0,0,0,23,656,397,22,1,1076,0,0,0,1076
12/19/2002,STL,MO,ACE,CE,Combined TRACON& Tower with Radar,746,475,32,2,1255,0,0,38,2,40,746,475,70,4,1295,0,0,0,1295
12/20/2002,STL,MO,ACE,CE,Combined TRACON& Tower with Radar,735,491,32,2,1260,0,0,59,4,63,735,491,91,6,1323,0,0,0,1323
12/21/2002,STL,MO,ACE,CE,Combined TRACON& Tower with Radar,537,314,22,0,873,32,0,44,0,76,569,314,66,0,949,0,0,0,949
12/22/2002,STL,MO,ACE,CE,Combined TRACON& Tower with Radar,605,379,25,0,1009,17,0,9,0,26,622,379,34,0,1035,0,0,0,1035
12/23/2002,STL,MO,ACE,CE,Combined TRACON& Tower with Radar,680,429,28,0,1137,0,31,13,0,44,680,460,41,0,1181,0,0,0,1181
12/24/2002,STL,MO,ACE,CE,Combined TRACON& Tower with Radar,436,260,13,0,709,30,0,0,0,30,466,260,13,0,739,0,0,0,739
12/25/2002,STL,MO,ACE,CE,Combined TRACON& Tower with Radar,564,316,6,0,886,5,0,0,0,5,569,316,6,0,891,2,0,2,893
12/26/2002,STL,MO,ACE,CE,Combined TRACON& Tower with Radar,686,437,29,0,1152,0,14,6,0,20,686,451,35,0,1172,0,0,0,1172
12/27/2002,STL,MO,ACE,CE,Combined TRACON& Tower with Radar,730,459,31,0,1220,2,10,1,0,13,732,469,32,0,1233,0,14,14,1247
12/28/2002,STL,MO,ACE,CE,Combined TRACON& Tower with Radar,554,296,19,0,869,5,0,34,0,39,559,296,53,0,908,0,0,0,908
12/29/2002,STL,MO,ACE,CE,Combined TRACON& Tower with Radar,626,372,27,0,1025,2,0,22,1,25,628,372,49,1,1050,0,0,0,1050
12/30/2002,STL,MO,ACE,CE,Combined TRACON& Tower with Radar,689,433,12,1,1135,7,20,0,0,27,696,453,12,1,1162,0,0,0,1162
12/31/2002,STL,MO,ACE,CE,Combined TRACON& Tower with Radar,563,341,24,0,928,45,0,28,0,73,608,341,52,0,1001,4,0,4,1005
01/01/2003,STL,MO,ACE,CE,Combined TRACON& Tower with Radar,522,330,16,0,868,28,1,0,0,29,550,331,16,0,897,0,0,0,897
01/02/2003,STL,MO,ACE,CE,Combined TRACON& Tower with Radar,610,385,8,0,1003,13,7,0,0,20,623,392,8,0,1023,0,0,0,1023
01/03/2003,STL,MO,ACE,CE,Combined TRACON& Tower with Radar,704,443,27,0,1174,14,21,7,0,42,718,464,34,0,1216,2,0,2,1218
01/04/2003,STL,MO,ACE,CE,Combined TRACON& Tower with Radar,520,300,20,0,840,45,0,28,0,73,565,300,48,0,913,0,0,0,913
01/05/2003,STL,MO,ACE,CE,Combined TRACON& Tower with Radar,582,367,15,0,964,26,1,0,0,27,608,368,15,0,991,0,0,0,991
01/06/2003,STL,MO,ACE,CE,Combined TRACON& Tower with Radar,710,450,23,1,1184,0,22,0,0,22,710,472,23,1,1206,0,0,0,1206
01/07/2003,STL,MO,ACE,CE,Combined TRACON& Tower with Radar,721,468,29,0,1218,0,9,36,0,45,721,477,65,0,1263,6,0,6,1269
01/08/2003,STL,MO,ACE,CE,Combined TRACON& Tower with Radar,726,461,28,2,1217,0,17,46,0,63,726,478,74,2,1280,4,0,4,1284
01/09/2003,STL,MO,ACE,CE,Combined TRACON& Tower with Radar,707,457,29,0,1193,0,15,46,0,61,707,472,75,0,1254,4,0,4,1258
01/10/2003,STL,MO,ACE,CE,Combined TRACON& Tower with Radar,718,480,34,0,1232,0,5,30,0,35,718,485,64,0,1267,0,0,0,1267
01/11/2003,STL,MO,ACE,CE,Combined TRACON& Tower with Radar,492,262,18,0,772,0,8,58,0,66,492,270,76,0,838,0,0,0,838
01/12/2003,STL,MO,ACE,CE,Combined TRACON& Tower with Radar,574,357,23,0,954,11,0,33,0,44,585,357,56,0,998,0,0,0,998
01/13/2003,STL,MO,ACE,CE,Combined TRACON& Tower with Radar,686,448,27,1,1162,0,14,44,0,58,686,462,71,1,1220,0,0,0,1220
01/14/2003,STL,MO,ACE,CE,Combined TRACON& Tower with Radar,714,457,37,0,1208,0,4,46,0,50,714,461,83,0,1258,0,0,0,1258
01/15/2003,STL,MO,ACE,CE,Combined TRACON& Tower with Radar,707,461,29,2,1199,0,16,45,1,62,707,477,74,3,1261,2,0,2,1263
01/16/2003,STL,MO,ACE,CE,Combined TRACON& Tower with Radar,643,378,26,2,1049,0,3,2,0,5,643,381,28,2,1054,0,0,0,1054
01/17/2003,STL,MO,ACE,CE,Combined TRACON& Tower with Radar,716,491,51,1,1259,0,8,29,0,37,716,499,80,1,1296,0,0,0,1296
01/18/2003,STL,MO,ACE,CE,Combined TRACON& Tower with Radar,448,239,12,1,700,36,0,0,3,39,484,239,12,4,739,0,0,0,739
01/19/2003,STL,MO,ACE,CE,Combined TRACON& Tower with Radar,589,360,16,0,965,0,0,32,0,32,589,360,48,0,997,0,0,0,997
01/20/2003,STL,MO,ACE,CE,Combined TRACON& Tower with Radar,690,434,28,1,1153,0,14,40,1,55,690,448,68,2,1208,0,0,0,1208
01/21/2003,STL,MO,ACE,CE,Combined TRACON& Tower with Radar,707,445,28,1,1181,2,10,57,2,71,709,455,85,3,1252,0,0,0,1252
01/22/2003,STL,MO,ACE,CE,Combined TRACON& Tower with Radar,628,396,26,1,1051,0,0,15,5,20,628,396,41,6,1071,0,0,0,1071
01/23/2003,STL,MO,ACE,CE,Combined TRACON& Tower with Radar,726,475,30,1,1232,0,11,31,2,44,726,486,61,3,1276,6,2,8,1284
01/24/2003,STL,MO,ACE,CE,Combined TRACON& Tower with Radar,730,467,30,1,1228,0,1,20,0,21,730,468,50,1,1249,0,0,0,1249
01/25/2003,STL,MO,ACE,CE,Combined TRACON& Tower with Radar,458,267,18,0,743,17,0,39,0,56,475,267,57,0,799,4,0,4,803
01/26/2003,STL,MO,ACE,CE,Combined TRACON& Tower with Radar,583,362,28,0,973,0,3,15,0,18,583,365,43,0,991,0,0,0,991
01/27/2003,STL,MO,ACE,CE,Combined TRACON& Tower with Radar,691,453,29,1,1174,0,17,51,2,70,691,470,80,3,1244,0,0,0,1244
01/28/2003,STL,MO,ACE,CE,Combined TRACON& Tower with Radar,716,480,31,1,1228,0,2,48,3,53,716,482,79,4,1281,2,0,2,1283
01/29/2003,STL,MO,ACE,CE,Combined TRACON& Tower with Radar,718,464,29,1,1212,0,11,23,0,34,718,475,52,1,1246,0,0,0,1246
01/30/2003,STL,MO,ACE,CE,Combined TRACON& Tower with Radar,708,464,30,1,1203,0,25,27,3,55,708,489,57,4,1258,0,0,0,1258
01/31/2003,STL,MO,ACE,CE,Combined TRACON& Tower with Radar,710,480,22,0,1212,0,1,0,0,1,710,481,22,0,1213,0,0,0,1213
02/01/2003,STL,MO,ACE,CE,Combined TRACON& Tower with Radar,437,259,18,0,714,30,0,66,0,96,467,259,84,0,810,0,2,2,812
02/02/2003,STL,MO,ACE,CE,Combined TRACON& Tower with Radar,565,368,24,1,958,14,7,21,0,42,579,375,45,1,1000,0,0,0,1000
02/03/2003,STL,MO,ACE,CE,Combined TRACON& Tower with Radar,678,445,30,0,1153,0,0,4,0,4,678,445,34,0,1157,4,0,4,1161
02/04/2003,STL,MO,ACE,CE,Combined TRACON& Tower with Radar,702,485,36,5,1228,0,6,43,0,49,702,491,79,5,1277,0,0,0,1277
02/05/2003,STL,MO,ACE,CE,Combined TRACON& Tower with Radar,704,469,32,1,1206,0,2,0,0,2,704,471,32,1,1208,2,0,2,1210
02/06/2003,STL,MO,ACE,CE,Combined TRACON& Tower with Radar,651,429,28,0,1108,0,20,1,2,23,651,449,29,2,1131,0,0,0,1131
02/07/2003,STL,MO,ACE,CE,Combined TRACON& Tower with Radar,704,475,31,0,1210,0,18,39,0,57,704,493,70,0,1267,0,0,0,1267
02/08/2003,STL,MO,ACE,CE,Combined TRACON& Tower with Radar,450,256,20,0,726,16,0,41,0,57,466,256,61,0,783,4,0,4,787
02/09/2003,STL,MO,ACE,CE,Combined TRACON& Tower with Radar,547,353,24,0,924,15,0,17,0,32,562,353,41,0,956,0,0,0,956
02/10/2003,STL,MO,ACE,CE,Combined TRACON& Tower with Radar,697,465,31,0,1193,0,16,24,0,40,697,481,55,0,1233,0,0,0,1233
02/11/2003,STL,MO,ACE,CE,Combined TRACON& Tower with Radar,697,471,32,0,1200,0,5,11,1,17,697,476,43,1,1217,0,0,0,1217
02/12/2003,STL,MO,ACE,CE,Combined TRACON& Tower with Radar,714,499,34,0,1247,0,14,78,1,93,714,513,112,1,1340,0,0,0,1340
02/13/2003,STL,MO,ACE,CE,Combined TRACON& Tower with Radar,713,477,32,0,1222,0,23,43,0,66,713,500,75,0,1288,0,0,0,1288
02/14/2003,STL,MO,ACE,CE,Combined TRACON& Tower with Radar,640,408,8,0,1056,9,0,0,0,9,649,408,8,0,1065,0,0,0,1065
02/15/2003,STL,MO,ACE,CE,Combined TRACON& Tower with Radar,460,243,9,0,712,71,0,0,0,71,531,243,9,0,783,6,0,6,789
02/16/2003,STL,MO,ACE,CE,Combined TRACON& Tower with Radar,447,278,8,0,733,45,0,0,0,45,492,278,8,0,778,0,0,0,778
02/17/2003,STL,MO,ACE,CE,Combined TRACON& Tower with Radar,628,463,30,1,1122,0,2,6,0,8,628,465,36,1,1130,4,0,4,1134
02/18/2003,STL,MO,ACE,CE,Combined TRACON& Tower with Radar,668,466,30,1,1165,0,19,41,1,61,668,485,71,2,1226,0,0,0,1226
02/19/2003,STL,MO,ACE,CE,Combined TRACON& Tower with Radar,721,484,32,1,1238,0,23,29,2,54,721,507,61,3,1292,0,0,0,1292
02/20/2003,STL,MO,ACE,CE,Combined TRACON& Tower with Radar,764,507,33,1,1305,0,13,40,2,55,764,520,73,3,1360,0,6,6,1366
02/21/2003,STL,MO,ACE,CE,Combined TRACON& Tower with Radar,719,479,32,0,1230,0,9,19,0,28,719,488,51,0,1258,0,0,0,1258
02/22/2003,STL,MO,ACE,CE,Combined TRACON& Tower with Radar,444,247,13,0,704,37,0,0,0,37,481,247,13,0,741,0,0,0,741
02/23/2003,STL,MO,ACE,CE,Combined TRACON& Tower with Radar,496,325,14,1,836,21,9,0,1,31,517,334,14,2,867,0,0,0,867
02/24/2003,STL,MO,ACE,CE,Combined TRACON& Tower with Radar,746,480,32,0,1258,1,0,30,0,31,747,480,62,0,1289,2,0,2,1291
02/25/2003,STL,MO,ACE,CE,Combined TRACON& Tower with Radar,699,470,31,1,1201,0,19,41,0,60,699,489,72,1,1261,0,0,0,1261
02/26/2003,STL,MO,ACE,CE,Combined TRACON& Tower with Radar,700,464,31,0,1195,0,25,12,0,37,700,489,43,0,1232,0,2,2,1234
02/27/2003,STL,MO,ACE,CE,Combined TRACON& Tower with Radar,689,454,30,0,1173,0,21,3,0,24,689,475,33,0,1197,0,0,0,1197
02/28/2003,STL,MO,ACE,CE,Combined TRACON& Tower with Radar,705,474,31,0,1210,0,30,39,0,69,705,504,70,0,1279,0,0,0,1279
03/01/2003,STL,MO,ACE,CE,Combined TRACON& Tower with Radar,445,266,21,0,732,45,0,2,0,47,490,266,23,0,779,0,0,0,779
03/02/2003,STL,MO,ACE,CE,Combined TRACON& Tower with Radar,560,370,19,2,951,7,0,0,2,9,567,370,19,4,960,0,0,0,960
03/03/2003,STL,MO,ACE,CE,Combined TRACON& Tower with Radar,679,483,32,2,1196,0,0,34,2,36,679,483,66,4,1232,24,0,24,1256
03/04/2003,STL,MO,ACE,CE,Combined TRACON& Tower with Radar,688,471,31,1,1191,11,0,37,0,48,699,471,68,1,1239,0,0,0,1239
03/05/2003,STL,MO,ACE,CE,Combined TRACON& Tower with Radar,701,492,33,0,1226,0,0,12,0,12,701,492,45,0,1238,0,0,0,1238
03/06/2003,STL,MO,ACE,CE,Combined TRACON& Tower with Radar,712,488,32,0,1232,2,17,33,0,52,714,505,65,0,1284,0,0,0,1284
03/07/2003,STL,MO,ACE,CE,Combined TRACON& Tower with Radar,736,508,33,2,1279,0,11,53,7,71,736,519,86,9,1350,0,0,0,1350
03/08/2003,STL,MO,ACE,CE,Combined TRACON& Tower with Radar,431,262,20,0,713,45,0,30,0,75,476,262,50,0,788,0,0,0,788
03/09/2003,STL,MO,ACE,CE,Combined TRACON& Tower with Radar,554,384,18,0,956,3,0,22,0,25,557,384,40,0,981,0,0,0,981
03/10/2003,STL,MO,ACE,CE,Combined TRACON& Tower with Radar,667,501,23,0,1191,2,4,27,0,33,669,505,50,0,1224,0,0,0,1224
03/11/2003,STL,MO,ACE,CE,Combined TRACON& Tower with Radar,712,506,33,2,1253,0,9,48,0,57,712,515,81,2,1310,0,0,0,1310
03/12/2003,STL,MO,ACE,CE,Combined TRACON& Tower with Radar,716,501,33,0,1250,0,16,50,0,66,716,517,83,0,1316,0,4,4,1320
03/13/2003,STL,MO,ACE,CE,Combined TRACON& Tower with Radar,694,469,32,0,1195,0,0,5,0,5,694,469,37,0,1200,0,0,0,1200
03/14/2003,STL,MO,ACE,CE,Combined TRACON& Tower with Radar,719,491,33,0,1243,1,11,18,0,30,720,502,51,0,1273,0,0,0,1273
03/15/2003,STL,MO,ACE,CE,Combined TRACON& Tower with Radar,450,270,22,0,742,39,0,31,0,70,489,270,53,0,812,4,0,4,816
03/16/2003,STL,MO,ACE,CE,Combined TRACON& Tower with Radar,572,391,27,1,991,91,98,46,0,235,663,489,73,1,1226,4,0,4,1230
03/17/2003,STL,MO,ACE,CE,Combined TRACON& Tower with Radar,663,469,32,1,1165,0,20,41,0,61,663,489,73,1,1226,0,0,0,1226
03/18/2003,STL,MO,ACE,CE,Combined TRACON& Tower with Radar,679,471,32,0,1182,0,12,16,0,28,679,483,48,0,1210,0,0,0,1210
03/19/2003,STL,MO,ACE,CE,Combined TRACON& Tower with Radar,681,465,32,0,1178,0,14,5,0,19,681,479,37,0,1197,0,0,0,1197
03/20/2003,STL,MO,ACE,CE,Combined TRACON& Tower with Radar,726,498,34,1,1259,0,24,5,0,29,726,522,39,1,1288,0,0,0,1288
03/21/2003,STL,MO,ACE,CE,Combined TRACON& Tower with Radar,732,516,35,0,1283,2,11,45,0,58,734,527,80,0,1341,0,0,0,1341
03/22/2003,STL,MO,ACE,CE,Combined TRACON& Tower with Radar,477,277,17,0,771,2,12,56,0,70,479,289,73,0,841,8,0,8,849
03/23/2003,STL,MO,ACE,CE,Combined TRACON& Tower with Radar,555,379,26,0,960,22,0,40,0,62,577,379,66,0,1022,0,0,0,1022
03/24/2003,STL,MO,ACE,CE,Combined TRACON& Tower with Radar,690,488,33,1,1212,0,23,42,7,72,690,511,75,8,1284,8,0,8,1292
03/25/2003,STL,MO,ACE,CE,Combined TRACON& Tower with Radar,703,493,33,0,1229,0,12,21,0,33,703,505,54,0,1262,0,0,0,1262
03/26/2003,STL,MO,ACE,CE,Combined TRACON& Tower with Radar,701,496,33,0,1230,0,18,72,0,90,701,514,105,0,1320,0,0,0,1320
03/27/2003,STL,MO,ACE,CE,Combined TRACON& Tower with Radar,685,475,22,0,1182,0,27,0,0,27,685,502,22,0,1209,8,0,8,1217
03/28/2003,STL,MO,ACE,CE,Combined TRACON& Tower with Radar,720,502,33,2,1257,0,0,1,11,12,720,502,34,13,1269,2,0,2,1271
03/29/2003,STL,MO,ACE,CE,Combined TRACON& Tower with Radar,472,263,14,0,749,2,1,26,0,29,474,264,40,0,778,0,0,0,778
03/30/2003,STL,MO,ACE,CE,Combined TRACON& Tower with Radar,583,378,15,5,981,2,1,58,0,61,585,379,73,5,1042,12,0,12,1054
03/31/2003,STL,MO,ACE,CE,Combined TRACON& Tower with Radar,694,478,31,2,1205,0,0,31,15,46,694,478,62,17,1251,0,4,4,1255
04/01/2003,STL,MO,ACE,CE,Combined TRACON& Tower with Radar,717,487,35,10,1249,3,0,51,4,58,720,487,86,14,1307,0,2,2,1309
04/02/2003,STL,MO,ACE,CE,Combined TRACON& Tower with Radar,713,490,34,10,1247,0,0,49,12,61,713,490,83,22,1308,0,2,2,1310
04/03/2003,STL,MO,ACE,CE,Combined TRACON& Tower with Radar,697,487,34,10,1228,0,0,85,4,89,697,487,119,14,1317,12,0,12,1329
04/04/2003,STL,MO,ACE,CE,Combined TRACON& Tower with Radar,679,454,33,7,1173,24,0,21,0,45,703,454,54,7,1218,0,0,0,1218
04/05/2003,STL,MO,ACE,CE,Combined TRACON& Tower with Radar,475,271,30,10,786,1,1,44,0,46,476,272,74,10,832,0,0,0,832
04/06/2003,STL,MO,ACE,CE,Combined TRACON& Tower with Radar,493,339,9,3,844,28,19,0,0,47,521,358,9,3,891,0,0,0,891
04/07/2003,STL,MO,ACE,CE,Combined TRACON& Tower with Radar,648,467,33,7,1155,0,14,11,0,25,648,481,44,7,1180,0,0,0,1180
04/08/2003,STL,MO,ACE,CE,Combined TRACON& Tower with Radar,669,483,34,9,1195,0,0,2,0,2,669,483,36,9,1197,0,0,0,1197
04/09/2003,STL,MO,ACE,CE,Combined TRACON& Tower with Radar,668,465,31,8,1172,0,27,39,8,74,668,492,70,16,1246,0,0,0,1246
04/10/2003,STL,MO,ACE,CE,Combined TRACON& Tower with Radar,671,494,36,12,1213,1,9,66,3,79,672,503,102,15,1292,0,0,0,1292
04/11/2003,STL,MO,ACE,CE,Combined TRACON& Tower with Radar,663,462,32,8,1165,0,20,68,1,89,663,482,100,9,1254,0,0,0,1254
04/12/2003,STL,MO,ACE,CE,Combined TRACON& Tower with Radar,442,273,20,1,736,9,0,65,0,74,451,273,85,1,810,2,0,2,812
04/13/2003,STL,MO,ACE,CE,Combined TRACON& Tower with Radar,532,368,25,6,931,13,10,41,0,64,545,378,66,6,995,0,8,8,1003
04/14/2003,STL,MO,ACE,CE,Combined TRACON& Tower with Radar,647,452,31,8,1138,0,12,67,2,81,647,464,98,10,1219,0,4,4,1223
04/15/2003,STL,MO,ACE,CE,Combined TRACON& Tower with Radar,661,464,32,8,1165,0,0,43,4,47,661,464,75,12,1212,0,10,10,1222
04/16/2003,STL,MO,ACE,CE,Combined TRACON& Tower with Radar,660,450,31,8,1149,0,0,12,23,35,660,450,43,31,1184,0,0,0,1184
04/17/2003,STL,MO,ACE,CE,Combined TRACON& Tower with Radar,677,490,35,9,1211,0,0,40,3,43,677,490,75,12,1254,0,0,0,1254
04/18/2003,STL,MO,ACE,CE,Combined TRACON& Tower with Radar,663,467,28,5,1163,1,3,21,4,29,664,470,49,9,1192,12,0,12,1204
04/19/2003,STL,MO,ACE,CE,Combined TRACON& Tower with Radar,406,272,10,1,689,39,0,0,0,39,445,272,10,1,728,2,0,2,730
04/20/2003,STL,MO,ACE,CE,Combined TRACON& Tower with Radar,518,358,19,3,898,20,13,0,0,33,538,371,19,3,931,0,0,0,931
04/21/2003,STL,MO,ACE,CE,Combined TRACON& Tower with Radar,643,456,26,7,1132,1,3,28,2,34,644,459,54,9,1166,0,0,0,1166
04/22/2003,STL,MO,ACE,CE,Combined TRACON& Tower with Radar,662,465,44,20,1191,1,3,56,12,72,663,468,100,32,1263,0,0,0,1263
04/23/2003,STL,MO,ACE,CE,Combined TRACON& Tower with Radar,651,465,43,10,1169,1,4,66,4,75,652,469,109,14,1244,0,0,0,1244
04/24/2003,STL,MO,ACE,CE,Combined TRACON& Tower with Radar,641,453,32,1,1127,0,27,9,0,36,641,480,41,1,1163,0,0,0,1163
04/25/2003,STL,MO,ACE,CE,Combined TRACON& Tower with Radar,670,489,30,3,1192,1,0,0,0,1,671,489,30,3,1193,0,0,0,1193
04/26/2003,STL,MO,ACE,CE,Combined TRACON& Tower with Radar,458,266,17,3,744,0,10,62,5,77,458,276,79,8,821,0,0,0,821
04/27/2003,STL,MO,ACE,CE,Combined TRACON& Tower with Radar,530,365,26,6,927,6,14,58,5,83,536,379,84,11,1010,6,0,6,1016
04/28/2003,STL,MO,ACE,CE,Combined TRACON& Tower with Radar,643,443,31,3,1120,6,23,42,0,71,649,466,73,3,1191,0,0,0,1191
04/29/2003,STL,MO,ACE,CE,Combined TRACON& Tower with Radar,664,457,32,8,1161,2,7,74,1,84,666,464,106,9,1245,0,0,0,1245
04/30/2003,STL,MO,ACE,CE,Combined TRACON& Tower with Radar,647,462,32,8,1149,0,1,6,3,10,647,463,38,11,1159,0,0,0,1159
05/01/2003,STL,MO,ACE,CE,Combined TRACON& Tower with Radar,666,475,33,7,1181,0,14,34,0,48,666,489,67,7,1229,0,0,0,1229
05/02/2003,STL,MO,ACE,CE,Combined TRACON& Tower with Radar,683,487,50,11,1231,0,6,10,1,17,683,493,60,12,1248,0,0,0,1248
05/03/2003,STL,MO,ACE,CE,Combined TRACON& Tower with Radar,424,292,19,3,738,7,0,54,0,61,431,292,73,3,799,6,0,6,805
05/04/2003,STL,MO,ACE,CE,Combined TRACON& Tower with Radar,516,356,11,1,884,24,2,0,0,26,540,358,11,1,910,0,0,0,910
05/05/2003,STL,MO,ACE,CE,Combined TRACON& Tower with Radar,646,485,31,16,1178,0,4,55,7,66,646,489,86,23,1244,0,0,0,1244
05/06/2003,STL,MO,ACE,CE,Combined TRACON& Tower with Radar,628,420,37,15,1100,0,6,25,1,32,628,426,62,16,1132,0,0,0,1132
05/07/2003,STL,MO,ACE,CE,Combined TRACON& Tower with Radar,694,503,35,10,1242,0,20,26,2,48,694,523,61,12,1290,8,0,8,1298
05/08/2003,STL,MO,ACE,CE,Combined TRACON& Tower with Radar,671,480,45,13,1209,0,2,8,1,11,671,482,53,14,1220,10,0,10,1230
05/09/2003,STL,MO,ACE,CE,Combined TRACON& Tower with Radar,666,495,61,16,1238,0,3,36,1,40,666,498,97,17,1278,8,0,8,1286
05/10/2003,STL,MO,ACE,CE,Combined TRACON& Tower with Radar,405,255,18,0,678,44,0,0,0,44,449,255,18,0,722,0,0,0,722
05/11/2003,STL,MO,ACE,CE,Combined TRACON& Tower with Radar,560,384,26,2,972,38,0,1,0,39,598,384,27,2,1011,0,0,0,1011
05/12/2003,STL,MO,ACE,CE,Combined TRACON& Tower with Radar,641,471,33,9,1154,0,15,66,8,89,641,486,99,17,1243,0,18,18,1261
05/13/2003,STL,MO,ACE,CE,Combined TRACON& Tower with Radar,663,467,33,9,1172,0,0,54,12,66,663,467,87,21,1238,0,0,0,1238
05/14/2003,STL,MO,ACE,CE,Combined TRACON& Tower with Radar,660,483,59,11,1213,0,7,25,0,32,660,490,84,11,1245,0,0,0,1245
05/15/2003,STL,MO,ACE,CE,Combined TRACON& Tower with Radar,681,496,35,10,1222,0,2,53,7,62,681,498,88,17,1284,0,2,2,1286
05/16/2003,STL,MO,ACE,CE,Combined TRACON& Tower with Radar,670,467,31,8,1176,0,8,6,0,14,670,475,37,8,1190,0,0,0,1190
05/17/2003,STL,MO,ACE,CE,Combined TRACON& Tower with Radar,436,276,19,0,731,34,0,3,0,37,470,276,22,0,768,0,0,0,768
05/18/2003,STL,MO,ACE,CE,Combined TRACON& Tower with Radar,536,371,24,0,931,11,6,5,0,22,547,377,29,0,953,0,0,0,953
05/19/2003,STL,MO,ACE,CE,Combined TRACON& Tower with Radar,647,456,31,9,1143,0,27,17,6,50,647,483,48,15,1193,0,0,0,1193
05/20/2003,STL,MO,ACE,CE,Combined TRACON& Tower with Radar,664,482,33,10,1189,0,0,54,8,62,664,482,87,18,1251,4,0,4,1255
05/21/2003,STL,MO,ACE,CE,Combined TRACON& Tower with Radar,658,467,32,9,1166,0,22,89,2,113,658,489,121,11,1279,0,0,0,1279
05/22/2003,STL,MO,ACE,CE,Combined TRACON& Tower with Radar,668,478,33,9,1188,0,27,80,11,118,668,505,113,20,1306,0,0,0,1306
05/23/2003,STL,MO,ACE,CE,Combined TRACON& Tower with Radar,686,481,32,7,1206,0,9,68,0,77,686,490,100,7,1283,0,0,0,1283
05/24/2003,STL,MO,ACE,CE,Combined TRACON& Tower with Radar,402,254,18,4,678,26,0,64,1,91,428,254,82,5,769,8,0,8,777
05/25/2003,STL,MO,ACE,CE,Combined TRACON& Tower with Radar,452,303,21,1,777,43,0,2,0,45,495,303,23,1,822,0,0,0,822
05/26/2003,STL,MO,ACE,CE,Combined TRACON& Tower with Radar,545,371,26,2,944,33,0,37,0,70,578,371,63,2,1014,6,0,6,1020
05/27/2003,STL,MO,ACE,CE,Combined TRACON& Tower with Radar,638,452,31,8,1129,0,23,46,0,69,638,475,77,8,1198,0,0,0,1198
05/28/2003,STL,MO,ACE,CE,Combined TRACON& Tower with Radar,666,478,34,8,1186,0,9,50,6,65,666,487,84,14,1251,0,0,0,1251
05/29/2003,STL,MO,ACE,CE,Combined TRACON& Tower with Radar,663,486,34,8,1191,0,2,79,16,97,663,488,113,24,1288,0,4,4,1292
05/30/2003,STL,MO,ACE,CE,Combined TRACON& Tower with Radar,668,472,33,8,1181,0,8,30,3,41,668,480,63,11,1222,0,0,0,1222
05/31/2003,STL,MO,ACE,CE,Combined TRACON& Tower with Radar,433,284,20,0,737,16,0,18,0,34,449,284,38,0,771,0,0,0,771
06/01/2003,STL,MO,ACE,CE,Combined TRACON& Tower with Radar,507,361,25,0,893,65,11,9,0,85,572,372,34,0,978,0,0,0,978
06/02/2003,STL,MO,ACE,CE,Combined TRACON& Tower with Radar,651,462,32,8,1153,12,23,20,0,55,663,485,52,8,1208,0,0,0,1208
06/03/2003,STL,MO,ACE,CE,Combined TRACON& Tower with Radar,668,507,36,14,1225,0,0,9,0,9,668,507,45,14,1234,146,0,146,1380
06/04/2003,STL,MO,ACE,CE,Combined TRACON& Tower with Radar,676,492,34,13,1215,0,4,82,11,97,676,496,116,24,1312,8,0,8,1320
06/05/2003,STL,MO,ACE,CE,Combined TRACON& Tower with Radar,684,485,34,13,1216,0,17,79,4,100,684,502,113,17,1316,0,0,0,1316
06/06/2003,STL,MO,ACE,CE,Combined TRACON& Tower with Radar,696,495,35,10,1236,0,0,16,0,16,696,495,51,10,1252,0,0,0,1252
06/07/2003,STL,MO,ACE,CE,Combined TRACON& Tower with Radar,430,283,23,3,739,28,0,25,0,53,458,283,48,3,792,0,0,0,792
06/08/2003,STL,MO,ACE,CE,Combined TRACON& Tower with Radar,544,386,29,2,961,0,0,22,0,22,544,386,51,2,983,0,0,0,983
06/09/2003,STL,MO,ACE,CE,Combined TRACON& Tower with Radar,649,471,34,12,1166,0,72,1,5,78,649,543,35,17,1244,0,0,0,1244
06/10/2003,STL,MO,ACE,CE,Combined TRACON& Tower with Radar,641,470,37,14,1162,3,0,9,1,13,644,470,46,15,1175,0,0,0,1175
06/11/2003,STL,MO,ACE,CE,Combined TRACON& Tower with Radar,683,483,35,13,1214,3,36,1,1,41,686,519,36,14,1255,0,0,0,1255
06/12/2003,STL,MO,ACE,CE,Combined TRACON& Tower with Radar,646,463,33,6,1148,0,0,22,0,22,646,463,55,6,1170,0,0,0,1170
06/13/2003,STL,MO,ACE,CE,Combined TRACON& Tower with Radar,711,519,37,6,1273,3,4,11,0,18,714,523,48,6,1291,0,0,0,1291
06/14/2003,STL,MO,ACE,CE,Combined TRACON& Tower with Radar,523,309,18,2,852,3,1,25,0,29,526,310,43,2,881,10,0,10,891
06/15/2003,STL,MO,ACE,CE,Combined TRACON& Tower with Radar,591,412,29,6,1038,44,0,21,0,65,635,412,50,6,1103,0,0,0,1103
06/16/2003,STL,MO,ACE,CE,Combined TRACON& Tower with Radar,677,478,33,14,1202,6,0,31,16,53,683,478,64,30,1255,0,2,2,1257
06/17/2003,STL,MO,ACE,CE,Combined TRACON& Tower with Radar,690,488,34,13,1225,1,11,31,5,48,691,499,65,18,1273,0,14,14,1287
06/18/2003,STL,MO,ACE,CE,Combined TRACON& Tower with Radar,680,484,34,13,1211,0,14,70,10,94,680,498,104,23,1305,0,0,0,1305
06/19/2003,STL,MO,ACE,CE,Combined TRACON& Tower with Radar,690,490,34,13,1227,0,11,44,1,56,690,501,78,14,1283,0,0,0,1283
06/20/2003,STL,MO,ACE,CE,Combined TRACON& Tower with Radar,672,491,26,15,1204,3,3,56,2,64,675,494,82,17,1268,0,0,0,1268
06/21/2003,STL,MO,ACE,CE,Combined TRACON& Tower with Radar,519,324,13,50,906,3,9,71,3,86,522,333,84,53,992,8,0,8,1000
06/22/2003,STL,MO,ACE,CE,Combined TRACON& Tower with Radar,605,410,30,11,1056,10,0,49,31,90,615,410,79,42,1146,0,0,0,1146
06/23/2003,STL,MO,ACE,CE,Combined TRACON& Tower with Radar,645,465,32,8,1150,0,23,38,0,61,645,488,70,8,1211,0,6,6,1217
06/24/2003,STL,MO,ACE,CE,Combined TRACON& Tower with Radar,678,489,34,13,1214,0,0,48,0,48,678,489,82,13,1262,0,0,0,1262
06/25/2003,STL,MO,ACE,CE,Combined TRACON& Tower with Radar,647,463,33,9,1152,0,0,45,0,45,647,463,78,9,1197,0,0,0,1197
06/26/2003,STL,MO,ACE,CE,Combined TRACON& Tower with Radar,720,508,37,14,1279,0,0,29,2,31,720,508,66,16,1310,0,0,0,1310
06/27/2003,STL,MO,ACE,CE,Combined TRACON& Tower with Radar,691,500,35,2,1228,3,1,73,4,81,694,501,108,6,1309,0,2,2,1311
06/28/2003,STL,MO,ACE,CE,Combined TRACON& Tower with Radar,511,322,19,0,852,3,6,45,0,54,514,328,64,0,906,0,0,0,906
06/29/2003,STL,MO,ACE,CE,Combined TRACON& Tower with Radar,621,426,26,2,1075,11,0,0,0,11,632,426,26,2,1086,0,0,0,1086
06/30/2003,STL,MO,ACE,CE,Combined TRACON& Tower with Radar,660,466,32,11,1169,2,7,28,0,37,662,473,60,11,1206,0,0,0,1206
07/01/2003,STL,MO,ACE,CE,Combined TRACON& Tower with Radar,657,473,36,9,1175,0,23,37,0,60,657,496,73,9,1235,0,0,0,1235
07/02/2003,STL,MO,ACE,CE,Combined TRACON& Tower with Radar,673,478,36,12,1199,0,9,74,4,87,673,487,110,16,1286,0,0,0,1286
07/03/2003,STL,MO,ACE,CE,Combined TRACON& Tower with Radar,692,488,18,6,1204,0,8,52,2,62,692,496,70,8,1266,0,0,0,1266
07/04/2003,STL,MO,ACE,CE,Combined TRACON& Tower with Radar,459,297,8,2,766,0,10,48,3,61,459,307,56,5,827,10,0,10,837
07/05/2003,STL,MO,ACE,CE,Combined TRACON& Tower with Radar,433,265,24,3,725,40,0,4,0,44,473,265,28,3,769,0,0,0,769
07/06/2003,STL,MO,ACE,CE,Combined TRACON& Tower with Radar,569,399,31,1,1000,26,2,42,0,70,595,401,73,1,1070,0,0,0,1070
07/07/2003,STL,MO,ACE,CE,Combined TRACON& Tower with Radar,668,473,30,10,1181,0,10,34,7,51,668,483,64,17,1232,0,0,0,1232
07/08/2003,STL,MO,ACE,CE,Combined TRACON& Tower with Radar,659,477,36,11,1183,0,9,35,9,53,659,486,71,20,1236,0,0,0,1236
07/09/2003,STL,MO,ACE,CE,Combined TRACON& Tower with Radar,678,492,37,11,1218,0,11,40,10,61,678,503,77,21,1279,0,0,0,1279
07/10/2003,STL,MO,ACE,CE,Combined TRACON& Tower with Radar,684,503,38,8,1233,0,22,20,0,42,684,525,58,8,1275,0,0,0,1275
07/11/2003,STL,MO,ACE,CE,Combined TRACON& Tower with Radar,693,498,38,11,1240,0,9,79,0,88,693,507,117,11,1328,8,0,8,1336
07/12/2003,STL,MO,ACE,CE,Combined TRACON& Tower with Radar,498,337,27,8,870,16,0,49,24,89,514,337,76,32,959,4,0,4,963
07/13/2003,STL,MO,ACE,CE,Combined TRACON& Tower with Radar,544,382,30,9,965,70,32,31,19,152,614,414,61,28,1117,24,0,24,1141
07/14/2003,STL,MO,ACE,CE,Combined TRACON& Tower with Radar,643,455,35,8,1141,0,19,60,0,79,643,474,95,8,1220,0,0,0,1220
07/15/2003,STL,MO,ACE,CE,Combined TRACON& Tower with Radar,674,484,37,9,1204,0,0,55,0,55,674,484,92,9,1259,0,0,0,1259
07/16/2003,STL,MO,ACE,CE,Combined TRACON& Tower with Radar,679,482,37,11,1209,0,28,51,0,79,679,510,88,11,1288,0,0,0,1288
07/17/2003,STL,MO,ACE,CE,Combined TRACON& Tower with Radar,666,493,38,5,1202,0,0,43,0,43,666,493,81,5,1245,0,0,0,1245
07/18/2003,STL,MO,ACE,CE,Combined TRACON& Tower with Radar,661,443,30,10,1144,36,0,0,0,36,697,443,30,10,1180,0,0,0,1180
07/19/2003,STL,MO,ACE,CE,Combined TRACON& Tower with Radar,531,335,28,3,897,0,0,27,0,27,531,335,55,3,924,0,0,0,924
07/20/2003,STL,MO,ACE,CE,Combined TRACON& Tower with Radar,600,408,31,5,1044,12,0,52,0,64,612,408,83,5,1108,0,0,0,1108
07/21/2003,STL,MO,ACE,CE,Combined TRACON& Tower with Radar,649,464,42,13,1168,1,6,39,2,48,650,470,81,15,1216,0,0,0,1216
07/22/2003,STL,MO,ACE,CE,Combined TRACON& Tower with Radar,668,484,36,12,1200,0,15,55,8,78,668,499,91,20,1278,0,12,12,1290
07/23/2003,STL,MO,ACE,CE,Combined TRACON& Tower with Radar,671,472,35,12,1190,15,18,52,2,87,686,490,87,14,1277,0,0,0,1277
07/24/2003,STL,MO,ACE,CE,Combined TRACON& Tower with Radar,671,494,37,13,1215,0,0,62,1,63,671,494,99,14,1278,0,0,0,1278
07/25/2003,STL,MO,ACE,CE,Combined TRACON& Tower with Radar,675,475,35,12,1197,12,7,74,1,94,687,482,109,13,1291,0,0,0,1291
07/26/2003,STL,MO,ACE,CE,Combined TRACON& Tower with Radar,497,335,26,3,861,28,0,68,0,96,525,335,94,3,957,0,4,4,961
07/27/2003,STL,MO,ACE,CE,Combined TRACON& Tower with Radar,577,406,30,1,1014,36,16,35,0,87,613,422,65,1,1101,0,0,0,1101
07/28/2003,STL,MO,ACE,CE,Combined TRACON& Tower with Radar,656,469,35,12,1172,0,17,15,3,35,656,486,50,15,1207,0,0,0,1207
07/29/2003,STL,MO,ACE,CE,Combined TRACON& Tower with Radar,661,508,35,18,1222,1,3,46,2,52,662,511,81,20,1274,0,0,0,1274
07/30/2003,STL,MO,ACE,CE,Combined TRACON& Tower with Radar,673,474,35,12,1194,0,7,44,4,55,673,481,79,16,1249,0,0,0,1249
07/31/2003,STL,MO,ACE,CE,Combined TRACON& Tower with Radar,681,485,37,8,1211,0,0,23,0,23,681,485,60,8,1234,4,0,4,1238
08/01/2003,STL,MO,ACE,CE,Combined TRACON& Tower with Radar,667,486,33,9,1195,0,0,42,0,42,667,486,75,9,1237,12,0,12,1249
08/02/2003,STL,MO,ACE,CE,Combined TRACON& Tower with Radar,482,334,23,4,843,44,0,18,0,62,526,334,41,4,905,0,0,0,905
08/03/2003,STL,MO,ACE,CE,Combined TRACON& Tower with Radar,592,416,28,9,1045,17,0,32,9,58,609,416,60,18,1103,0,0,0,1103
08/04/2003,STL,MO,ACE,CE,Combined TRACON& Tower with Radar,674,466,31,9,1180,3,2,32,5,42,677,468,63,14,1222,0,0,0,1222
08/05/2003,STL,MO,ACE,CE,Combined TRACON& Tower with Radar,676,488,32,11,1207,0,14,46,2,62,676,502,78,13,1269,0,6,6,1275
08/06/2003,STL,MO,ACE,CE,Combined TRACON& Tower with Radar,683,490,32,11,1216,0,15,33,0,48,683,505,65,11,1264,0,0,0,1264
08/07/2003,STL,MO,ACE,CE,Combined TRACON& Tower with Radar,700,502,33,9,1244,0,7,58,0,65,700,509,91,9,1309,0,0,0,1309
08/08/2003,STL,MO,ACE,CE,Combined TRACON& Tower with Radar,680,488,32,11,1211,2,13,28,1,44,682,501,60,12,1255,0,0,0,1255
08/09/2003,STL,MO,ACE,CE,Combined TRACON& Tower with Radar,514,335,17,3,869,3,1,32,0,36,517,336,49,3,905,0,0,0,905
08/10/2003,STL,MO,ACE,CE,Combined TRACON& Tower with Radar,603,427,28,2,1060,6,0,53,0,59,609,427,81,2,1119,0,0,0,1119
08/11/2003,STL,MO,ACE,CE,Combined TRACON& Tower with Radar,645,465,30,10,1150,0,20,29,9,58,645,485,59,19,1208,0,0,0,1208
08/12/2003,STL,MO,ACE,CE,Combined TRACON& Tower with Radar,669,480,32,10,1191,11,7,14,14,46,680,487,46,24,1237,0,0,0,1237
08/13/2003,STL,MO,ACE,CE,Combined TRACON& Tower with Radar,675,490,32,11,1208,0,1,32,11,44,675,491,64,22,1252,0,0,0,1252
08/14/2003,STL,MO,ACE,CE,Combined TRACON& Tower with Radar,666,498,33,11,1208,0,8,37,0,45,666,506,70,11,1253,0,0,0,1253
08/15/2003,STL,MO,ACE,CE,Combined TRACON& Tower with Radar,653,504,33,8,1198,0,5,72,0,77,653,509,105,8,1275,0,0,0,1275
08/16/2003,STL,MO,ACE,CE,Combined TRACON& Tower with Radar,472,331,23,1,827,31,0,51,0,82,503,331,74,1,909,6,0,6,915
08/17/2003,STL,MO,ACE,CE,Combined TRACON& Tower with Radar,591,424,29,1,1045,14,3,43,0,60,605,427,72,1,1105,0,0,0,1105
08/18/2003,STL,MO,ACE,CE,Combined TRACON& Tower with Radar,666,485,33,9,1193,0,13,37,0,50,666,498,70,9,1243,2,0,2,1245
08/19/2003,STL,MO,ACE,CE,Combined TRACON& Tower with Radar,671,491,33,11,1206,0,0,47,7,54,671,491,80,18,1260,0,0,0,1260
08/20/2003,STL,MO,ACE,CE,Combined TRACON& Tower with Radar,684,497,34,11,1226,0,6,36,4,46,684,503,70,15,1272,0,16,16,1288
08/21/2003,STL,MO,ACE,CE,Combined TRACON& Tower with Radar,696,498,35,11,1240,0,0,36,2,38,696,498,71,13,1278,0,26,26,1304
08/22/2003,STL,MO,ACE,CE,Combined TRACON& Tower with Radar,687,498,34,11,1230,0,0,64,6,70,687,498,98,17,1300,0,2,2,1302
08/23/2003,STL,MO,ACE,CE,Combined TRACON& Tower with Radar,495,339,24,8,866,25,0,51,1,77,520,339,75,9,943,4,0,4,947
08/24/2003,STL,MO,ACE,CE,Combined TRACON& Tower with Radar,580,415,28,6,1029,31,3,34,0,68,611,418,62,6,1097,0,0,0,1097
08/25/2003,STL,MO,ACE,CE,Combined TRACON& Tower with Radar,655,480,33,10,1178,0,2,23,10,35,655,482,56,20,1213,0,0,0,1213
08/26/2003,STL,MO,ACE,CE,Combined TRACON& Tower with Radar,675,490,33,10,1208,0,9,35,4,48,675,499,68,14,1256,0,0,0,1256
08/27/2003,STL,MO,ACE,CE,Combined TRACON& Tower with Radar,689,498,35,10,1232,0,0,50,8,58,689,498,85,18,1290,4,0,4,1294
08/28/2003,STL,MO,ACE,CE,Combined TRACON& Tower with Radar,659,501,34,10,1204,0,5,29,10,44,659,506,63,20,1248,0,6,6,1254
08/29/2003,STL,MO,ACE,CE,Combined TRACON& Tower with Radar,663,485,33,2,1183,0,15,14,0,29,663,500,47,2,1212,0,0,0,1212
08/30/2003,STL,MO,ACE,CE,Combined TRACON& Tower with Radar,480,316,22,2,820,2,3,19,0,24,482,319,41,2,844,0,0,0,844
08/31/2003,STL,MO,ACE,CE,Combined TRACON& Tower with Radar,351,255,12,0,618,0,23,0,0,23,351,278,12,0,641,0,0,0,641
09/01/2003,STL,MO,ACE,CE,Combined TRACON& Tower with Radar,586,390,8,0,984,3,0,0,0,3,589,390,8,0,987,0,0,0,987
09/02/2003,STL,MO,ACE,CE,Combined TRACON& Tower with Radar,612,448,26,0,1086,23,25,0,0,48,635,473,26,0,1134,0,0,0,1134
09/03/2003,STL,MO,ACE,CE,Combined TRACON& Tower with Radar,646,485,33,11,1175,0,0,31,8,39,646,485,64,19,1214,0,0,0,1214
09/04/2003,STL,MO,ACE,CE,Combined TRACON& Tower with Radar,651,481,48,8,1188,3,8,73,0,84,654,489,121,8,1272,0,0,0,1272
09/05/2003,STL,MO,ACE,CE,Combined TRACON& Tower with Radar,650,475,33,11,1169,8,9,60,13,90,658,484,93,24,1259,0,2,2,1261
09/06/2003,STL,MO,ACE,CE,Combined TRACON& Tower with Radar,430,272,15,5,722,3,0,0,0,3,433,272,15,5,725,0,0,0,725
09/07/2003,STL,MO,ACE,CE,Combined TRACON& Tower with Radar,513,372,26,9,920,22,0,12,6,40,535,372,38,15,960,0,0,0,960
09/08/2003,STL,MO,ACE,CE,Combined TRACON& Tower with Radar,626,458,31,11,1126,6,11,55,3,75,632,469,86,14,1201,0,0,0,1201
09/09/2003,STL,MO,ACE,CE,Combined TRACON& Tower with Radar,650,482,33,11,1176,0,2,48,16,66,650,484,81,27,1242,0,0,0,1242
09/10/2003,STL,MO,ACE,CE,Combined TRACON& Tower with Radar,636,477,33,11,1157,0,7,68,0,75,636,484,101,11,1232,10,0,10,1242
09/11/2003,STL,MO,ACE,CE,Combined TRACON& Tower with Radar,459,348,24,8,839,0,0,52,11,63,459,348,76,19,902,4,0,4,906
09/12/2003,STL,MO,ACE,CE,Combined TRACON& Tower with Radar,636,466,32,10,1144,8,3,15,0,26,644,469,47,10,1170,0,0,0,1170
09/13/2003,STL,MO,ACE,CE,Combined TRACON& Tower with Radar,435,284,18,1,738,3,0,8,0,11,438,284,26,1,749,0,0,0,749
09/14/2003,STL,MO,ACE,CE,Combined TRACON& Tower with Radar,535,365,20,10,930,3,0,16,1,20,538,365,36,11,950,0,0,0,950
09/15/2003,STL,MO,ACE,CE,Combined TRACON& Tower with Radar,604,444,30,10,1088,0,20,48,6,74,604,464,78,16,1162,0,0,0,1162
09/16/2003,STL,MO,ACE,CE,Combined TRACON& Tower with Radar,643,470,32,11,1156,0,8,56,9,73,643,478,88,20,1229,0,0,0,1229
09/17/2003,STL,MO,ACE,CE,Combined TRACON& Tower with Radar,641,476,33,11,1161,0,19,71,6,96,641,495,104,17,1257,0,0,0,1257
09/18/2003,STL,MO,ACE,CE,Combined TRACON& Tower with Radar,612,471,32,11,1126,0,18,47,2,67,612,489,79,13,1193,0,0,0,1193
09/19/2003,STL,MO,ACE,CE,Combined TRACON& Tower with Radar,629,486,33,10,1158,0,2,51,0,53,629,488,84,10,1211,8,0,8,1219
09/20/2003,STL,MO,ACE,CE,Combined TRACON& Tower with Radar,402,278,21,2,703,30,0,50,0,80,432,278,71,2,783,2,0,2,785
09/21/2003,STL,MO,ACE,CE,Combined TRACON& Tower with Radar,524,377,28,4,933,2,0,24,0,26,526,377,52,4,959,0,0,0,959
09/22/2003,STL,MO,ACE,CE,Combined TRACON& Tower with Radar,625,465,32,12,1134,0,0,29,3,32,625,465,61,15,1166,0,0,0,1166
09/23/2003,STL,MO,ACE,CE,Combined TRACON& Tower with Radar,634,475,33,12,1154,0,6,54,9,69,634,481,87,21,1223,0,0,0,1223
09/24/2003,STL,MO,ACE,CE,Combined TRACON& Tower with Radar,644,489,31,10,1174,3,1,36,0,40,647,490,67,10,1214,6,0,6,1220
09/25/2003,STL,MO,ACE,CE,Combined TRACON& Tower with Radar,657,488,34,6,1185,0,7,46,0,53,657,495,80,6,1238,0,0,0,1238
09/26/2003,STL,MO,ACE,CE,Combined TRACON& Tower with Radar,599,437,30,5,1071,9,7,6,0,22,608,444,36,5,1093,0,0,0,1093
09/27/2003,STL,MO,ACE,CE,Combined TRACON& Tower with Radar,451,306,23,8,788,18,0,54,5,77,469,306,77,13,865,0,0,0,865
09/28/2003,STL,MO,ACE,CE,Combined TRACON& Tower with Radar,521,375,27,9,932,0,0,40,3,43,521,375,67,12,975,0,0,0,975
09/29/2003,STL,MO,ACE,CE,Combined TRACON& Tower with Radar,615,462,32,11,1120,0,7,57,1,65,615,469,89,12,1185,4,0,4,1189
09/30/2003,STL,MO,ACE,CE,Combined TRACON& Tower with Radar,646,476,33,7,1162,0,11,35,0,46,646,487,68,7,1208,0,0,0,1208
10/01/2003,STL,MO,ACE,CE,Combined TRACON& Tower with Radar,640,482,37,8,1167,7,6,34,0,47,647,488,71,8,1214,0,0,0,1214
10/02/2003,STL,MO,ACE,CE,Combined TRACON& Tower with Radar,636,480,37,8,1161,3,11,80,0,94,639,491,117,8,1255,0,0,0,1255
10/03/2003,STL,MO,ACE,CE,Combined TRACON& Tower with Radar,667,493,40,5,1205,0,0,15,0,15,667,493,55,5,1220,10,0,10,1230
10/04/2003,STL,MO,ACE,CE,Combined TRACON& Tower with Radar,430,298,25,6,759,25,0,45,5,75,455,298,70,11,834,6,0,6,840
10/05/2003,STL,MO,ACE,CE,Combined TRACON& Tower with Radar,525,393,31,6,955,4,0,39,0,43,529,393,70,6,998,0,0,0,998
10/06/2003,STL,MO,ACE,CE,Combined TRACON& Tower with Radar,610,460,35,9,1114,11,31,48,1,91,621,491,83,10,1205,0,2,2,1207
10/07/2003,STL,MO,ACE,CE,Combined TRACON& Tower with Radar,644,500,39,9,1192,0,2,61,4,67,644,502,100,13,1259,0,0,0,1259
10/08/2003,STL,MO,ACE,CE,Combined TRACON& Tower with Radar,632,497,38,9,1176,0,7,46,3,56,632,504,84,12,1232,12,0,12,1244
10/09/2003,STL,MO,ACE,CE,Combined TRACON& Tower with Radar,634,478,37,5,1154,8,22,1,0,31,642,500,38,5,1185,0,0,0,1185
10/10/2003,STL,MO,ACE,CE,Combined TRACON& Tower with Radar,647,488,38,4,1177,9,18,29,0,56,656,506,67,4,1233,6,0,6,1239
10/11/2003,STL,MO,ACE,CE,Combined TRACON& Tower with Radar,404,290,24,0,718,30,0,5,0,35,434,290,29,0,753,0,0,0,753
10/12/2003,STL,MO,ACE,CE,Combined TRACON& Tower with Radar,523,395,31,3,952,23,8,24,0,55,546,403,55,3,1007,0,2,2,1009
10/13/2003,STL,MO,ACE,CE,Combined TRACON& Tower with Radar,619,466,36,4,1125,5,23,49,0,77,624,489,85,4,1202,0,0,0,1202
10/14/2003,STL,MO,ACE,CE,Combined TRACON& Tower with Radar,634,478,36,7,1155,10,19,8,0,37,644,497,44,7,1192,0,0,0,1192
10/15/2003,STL,MO,ACE,CE,Combined TRACON& Tower with Radar,645,491,37,10,1183,0,12,80,7,99,645,503,117,17,1282,0,0,0,1282
10/16/2003,STL,MO,ACE,CE,Combined TRACON& Tower with Radar,649,498,38,10,1195,0,0,51,3,54,649,498,89,13,1249,0,0,0,1249
10/17/2003,STL,MO,ACE,CE,Combined TRACON& Tower with Radar,653,511,38,11,1213,0,0,38,3,41,653,511,76,14,1254,0,0,0,1254
10/18/2003,STL,MO,ACE,CE,Combined TRACON& Tower with Radar,431,298,24,7,760,11,0,57,3,71,442,298,81,10,831,0,0,0,831
10/19/2003,STL,MO,ACE,CE,Combined TRACON& Tower with Radar,522,392,29,8,951,9,13,39,15,76,531,405,68,23,1027,0,0,0,1027
10/20/2003,STL,MO,ACE,CE,Combined TRACON& Tower with Radar,641,487,37,8,1173,0,10,30,0,40,641,497,67,8,1213,0,4,4,1217
10/21/2003,STL,MO,ACE,CE,Combined TRACON& Tower with Radar,648,502,38,10,1198,0,8,56,7,71,648,510,94,17,1269,0,4,4,1273
10/22/2003,STL,MO,ACE,CE,Combined TRACON& Tower with Radar,653,500,39,11,1203,0,0,56,15,71,653,500,95,26,1274,2,0,2,1276
10/23/2003,STL,MO,ACE,CE,Combined TRACON& Tower with Radar,655,493,37,10,1195,0,19,52,7,78,655,512,89,17,1273,0,0,0,1273
10/24/2003,STL,MO,ACE,CE,Combined TRACON& Tower with Radar,655,495,37,10,1197,0,13,31,4,48,655,508,68,14,1245,0,0,0,1245
10/25/2003,STL,MO,ACE,CE,Combined TRACON& Tower with Radar,427,283,24,0,734,12,0,14,0,26,439,283,38,0,760,0,0,0,760
10/26/2003,STL,MO,ACE,CE,Combined TRACON& Tower with Radar,553,399,31,4,987,0,0,16,0,16,553,399,47,4,1003,0,0,0,1003
10/27/2003,STL,MO,ACE,CE,Combined TRACON& Tower with Radar,635,477,36,5,1153,0,10,31,0,41,635,487,67,5,1194,0,0,0,1194
10/28/2003,STL,MO,ACE,CE,Combined TRACON& Tower with Radar,643,491,37,10,1181,0,0,35,5,40,643,491,72,15,1221,0,0,0,1221
10/29/2003,STL,MO,ACE,CE,Combined TRACON& Tower with Radar,635,494,37,9,1175,0,15,69,4,88,635,509,106,13,1263,0,0,0,1263
10/30/2003,STL,MO,ACE,CE,Combined TRACON& Tower with Radar,649,496,37,9,1191,0,15,36,5,56,649,511,73,14,1247,0,0,0,1247
10/31/2003,STL,MO,ACE,CE,Combined TRACON& Tower with Radar,573,457,35,9,1074,0,0,18,2,20,573,457,53,11,1094,0,0,0,1094
11/01/2003,STL,MO,ACE,CE,Combined TRACON& Tower with Radar,251,296,16,7,570,27,8,0,0,35,278,304,16,7,605,0,0,0,605
11/02/2003,STL,MO,ACE,CE,Combined TRACON& Tower with Radar,290,363,28,12,693,0,0,20,7,27,290,363,48,19,720,0,0,0,720
11/03/2003,STL,MO,ACE,CE,Combined TRACON& Tower with Radar,323,401,30,13,767,0,8,21,16,45,323,409,51,29,812,0,0,0,812
11/04/2003,STL,MO,ACE,CE,Combined TRACON& Tower with Radar,348,397,31,13,789,7,0,36,3,46,355,397,67,16,835,10,0,10,845
11/05/2003,STL,MO,ACE,CE,Combined TRACON& Tower with Radar,340,400,30,11,781,10,8,20,0,38,350,408,50,11,819,0,0,0,819
11/06/2003,STL,MO,ACE,CE,Combined TRACON& Tower with Radar,353,408,32,11,804,0,0,14,0,14,353,408,46,11,818,0,0,0,818
11/07/2003,STL,MO,ACE,CE,Combined TRACON& Tower with Radar,352,414,31,13,810,6,1,42,15,64,358,415,73,28,874,0,0,0,874
11/08/2003,STL,MO,ACE,CE,Combined TRACON& Tower with Radar,267,301,24,9,601,30,0,34,0,64,297,301,58,9,665,0,0,0,665
11/09/2003,STL,MO,ACE,CE,Combined TRACON& Tower with Radar,288,339,25,11,663,14,21,27,0,62,302,360,52,11,725,0,0,0,725
11/10/2003,STL,MO,ACE,CE,Combined TRACON& Tower with Radar,319,383,29,12,743,0,16,27,5,48,319,399,56,17,791,0,0,0,791
11/11/2003,STL,MO,ACE,CE,Combined TRACON& Tower with Radar,341,393,31,8,773,0,0,25,0,25,341,393,56,8,798,0,0,0,798
11/12/2003,STL,MO,ACE,CE,Combined TRACON& Tower with Radar,350,427,32,14,823,0,2,12,6,20,350,429,44,20,843,4,0,4,847
11/13/2003,STL,MO,ACE,CE,Combined TRACON& Tower with Radar,344,420,31,14,809,0,4,69,6,79,344,424,100,20,888,0,6,6,894
11/14/2003,STL,MO,ACE,CE,Combined TRACON& Tower with Radar,360,423,32,12,827,0,0,28,0,28,360,423,60,12,855,0,6,6,861
11/15/2003,STL,MO,ACE,CE,Combined TRACON& Tower with Radar,280,303,12,6,601,7,0,0,0,7,287,303,12,6,608,0,0,0,608
11/16/2003,STL,MO,ACE,CE,Combined TRACON& Tower with Radar,306,358,26,13,703,5,7,17,3,32,311,365,43,16,735,10,0,10,745
11/17/2003,STL,MO,ACE,CE,Combined TRACON& Tower with Radar,319,382,23,9,733,0,22,0,0,22,319,404,23,9,755,12,0,12,767
11/18/2003,STL,MO,ACE,CE,Combined TRACON& Tower with Radar,352,401,31,7,791,0,0,2,0,2,352,401,33,7,793,6,0,6,799
11/19/2003,STL,MO,ACE,CE,Combined TRACON& Tower with Radar,350,420,31,15,816,0,0,79,13,92,350,420,110,28,908,0,2,2,910
11/20/2003,STL,MO,ACE,CE,Combined TRACON& Tower with Radar,348,412,30,15,805,0,0,53,6,59,348,412,83,21,864,0,12,12,876
11/21/2003,STL,MO,ACE,CE,Combined TRACON& Tower with Radar,352,412,30,14,808,2,7,68,11,88,354,419,98,25,896,2,0,2,898
11/22/2003,STL,MO,ACE,CE,Combined TRACON& Tower with Radar,278,320,23,6,627,11,0,27,0,38,289,320,50,6,665,6,0,6,671
11/23/2003,STL,MO,ACE,CE,Combined TRACON& Tower with Radar,296,348,14,10,668,0,18,0,0,18,296,366,14,10,686,0,0,0,686
11/24/2003,STL,MO,ACE,CE,Combined TRACON& Tower with Radar,317,401,29,14,761,0,8,21,2,31,317,409,50,16,792,3,17,20,812
11/25/2003,STL,MO,ACE,CE,Combined TRACON& Tower with Radar,351,421,31,15,818,0,0,35,2,37,351,421,66,17,855,0,0,0,855
11/26/2003,STL,MO,ACE,CE,Combined TRACON& Tower with Radar,342,400,29,8,779,9,19,13,0,41,351,419,42,8,820,2,0,2,822
11/27/2003,STL,MO,ACE,CE,Combined TRACON& Tower with Radar,218,255,17,2,492,5,17,0,0,22,223,272,17,2,514,0,0,0,514
11/28/2003,STL,MO,ACE,CE,Combined TRACON& Tower with Radar,221,285,14,6,526,0,9,0,0,9,221,294,14,6,535,8,0,8,543
11/29/2003,STL,MO,ACE,CE,Combined TRACON& Tower with Radar,257,301,22,7,587,14,14,28,0,56,271,315,50,7,643,0,0,0,643
11/30/2003,STL,MO,ACE,CE,Combined TRACON& Tower with Radar,303,363,26,12,704,0,10,23,1,34,303,373,49,13,738,0,0,0,738
12/01/2003,STL,MO,ACE,CE,Combined TRACON& Tower with Radar,325,395,26,13,759,0,14,35,0,49,325,409,61,13,808,2,0,2,810
12/02/2003,STL,MO,ACE,CE,Combined TRACON& Tower with Radar,345,415,27,14,801,10,13,19,2,44,355,428,46,16,845,0,0,0,845
12/03/2003,STL,MO,ACE,CE,Combined TRACON& Tower with Radar,347,417,20,13,797,15,3,0,0,18,362,420,20,13,815,0,0,0,815
12/04/2003,STL,MO,ACE,CE,Combined TRACON& Tower with Radar,346,419,29,9,803,0,0,7,0,7,346,419,36,9,810,0,0,0,810
12/05/2003,STL,MO,ACE,CE,Combined TRACON& Tower with Radar,344,407,24,14,789,0,0,0,1,1,344,407,24,15,790,0,0,0,790
12/06/2003,STL,MO,ACE,CE,Combined TRACON& Tower with Radar,279,298,22,11,610,3,0,24,4,31,282,298,46,15,641,2,0,2,643
12/07/2003,STL,MO,ACE,CE,Combined TRACON& Tower with Radar,292,351,23,6,672,8,1,29,0,38,300,352,52,6,710,0,0,0,710
12/08/2003,STL,MO,ACE,CE,Combined TRACON& Tower with Radar,317,391,25,13,746,0,14,18,11,43,317,405,43,24,789,0,0,0,789
12/09/2003,STL,MO,ACE,CE,Combined TRACON& Tower with Radar,321,386,25,4,736,15,24,3,0,42,336,410,28,4,778,0,0,0,778
12/10/2003,STL,MO,ACE,CE,Combined TRACON& Tower with Radar,343,407,29,15,794,0,0,14,5,19,343,407,43,20,813,0,0,0,813
12/11/2003,STL,MO,ACE,CE,Combined TRACON& Tower with Radar,355,431,29,15,830,0,0,81,16,97,355,431,110,31,927,4,0,4,931
12/12/2003,STL,MO,ACE,CE,Combined TRACON& Tower with Radar,355,421,28,14,818,6,0,64,9,79,361,421,92,23,897,8,0,8,905
12/13/2003,STL,MO,ACE,CE,Combined TRACON& Tower with Radar,248,296,14,6,564,42,5,0,0,47,290,301,14,6,611,0,0,0,611
12/14/2003,STL,MO,ACE,CE,Combined TRACON& Tower with Radar,292,358,15,8,673,0,6,0,0,6,292,364,15,8,679,0,0,0,679
12/15/2003,STL,MO,ACE,CE,Combined TRACON& Tower with Radar,325,396,25,14,760,0,14,27,12,53,325,410,52,26,813,0,0,0,813
12/16/2003,STL,MO,ACE,CE,Combined TRACON& Tower with Radar,354,424,27,15,820,0,4,12,8,24,354,428,39,23,844,0,0,0,844
12/17/2003,STL,MO,ACE,CE,Combined TRACON& Tower with Radar,357,434,28,16,835,0,0,69,5,74,357,434,97,21,909,0,4,4,913
12/18/2003,STL,MO,ACE,CE,Combined TRACON& Tower with Radar,354,434,28,16,832,0,0,20,3,23,354,434,48,19,855,2,0,2,857
12/19/2003,STL,MO,ACE,CE,Combined TRACON& Tower with Radar,362,425,29,16,832,0,0,24,6,30,362,425,53,22,862,34,0,34,896
12/20/2003,STL,MO,ACE,CE,Combined TRACON& Tower with Radar,280,321,21,8,630,20,0,46,0,66,300,321,67,8,696,0,0,0,696
12/21/2003,STL,MO,ACE,CE,Combined TRACON& Tower with Radar,297,362,23,10,692,0,27,16,0,43,297,389,39,10,735,0,0,0,735
12/22/2003,STL,MO,ACE,CE,Combined TRACON& Tower with Radar,314,399,25,14,752,0,27,2,0,29,314,426,27,14,781,0,0,0,781
12/23/2003,STL,MO,ACE,CE,Combined TRACON& Tower with Radar,343,416,26,15,800,0,17,1,7,25,343,433,27,22,825,0,0,0,825
12/24/2003,STL,MO,ACE,CE,Combined TRACON& Tower with Radar,276,324,21,11,632,15,0,28,0,43,291,324,49,11,675,4,0,4,679
12/25/2003,STL,MO,ACE,CE,Combined TRACON& Tower with Radar,220,264,17,6,507,14,6,2,0,22,234,270,19,6,529,0,0,0,529
12/26/2003,STL,MO,ACE,CE,Combined TRACON& Tower with Radar,301,361,22,7,691,0,27,26,0,53,301,388,48,7,744,0,0,0,744
12/27/2003,STL,MO,ACE,CE,Combined TRACON& Tower with Radar,261,309,20,6,596,23,0,12,0,35,284,309,32,6,631,0,0,0,631
12/28/2003,STL,MO,ACE,CE,Combined TRACON& Tower with Radar,291,349,7,8,655,4,31,0,0,35,295,380,7,8,690,0,0,0,690
12/29/2003,STL,MO,ACE,CE,Combined TRACON& Tower with Radar,312,390,24,13,739,0,22,20,6,48,312,412,44,19,787,0,0,0,787
12/30/2003,STL,MO,ACE,CE,Combined TRACON& Tower with Radar,336,402,25,13,776,10,5,36,4,55,346,407,61,17,831,0,0,0,831
12/31/2003,STL,MO,ACE,CE,Combined TRACON& Tower with Radar,269,322,21,4,616,15,0,38,0,53,284,322,59,4,669,0,0,0,669
01/01/2004,STL,MO,ACE,CE,Combined TRACON& Tower with Radar,226,272,4,7,509,15,2,0,0,17,241,274,4,7,526,0,0,0,526
01/02/2004,STL,MO,ACE,CE,Combined TRACON& Tower with Radar,288,346,22,8,664,15,6,7,0,28,303,352,29,8,692,0,0,0,692
01/03/2004,STL,MO,ACE,CE,Combined TRACON& Tower with Radar,254,304,19,6,583,29,0,0,0,29,283,304,19,6,612,0,0,0,612
01/04/2004,STL,MO,ACE,CE,Combined TRACON& Tower with Radar,277,338,9,7,631,0,19,0,0,19,277,357,9,7,650,0,0,0,650
01/05/2004,STL,MO,ACE,CE,Combined TRACON& Tower with Radar,309,390,25,13,737,0,9,3,7,19,309,399,28,20,756,0,0,0,756
01/06/2004,STL,MO,ACE,CE,Combined TRACON& Tower with Radar,339,416,26,14,795,0,8,31,15,54,339,424,57,29,849,0,0,0,849
01/07/2004,STL,MO,ACE,CE,Combined TRACON& Tower with Radar,343,427,27,14,811,0,7,37,5,49,343,434,64,19,860,0,0,0,860
01/08/2004,STL,MO,ACE,CE,Combined TRACON& Tower with Radar,338,434,28,4,804,0,0,11,0,11,338,434,39,4,815,0,0,0,815
01/09/2004,STL,MO,ACE,CE,Combined TRACON& Tower with Radar,336,403,26,13,778,13,8,20,8,49,349,411,46,21,827,0,0,0,827
01/10/2004,STL,MO,ACE,CE,Combined TRACON& Tower with Radar,256,282,20,10,568,15,0,59,2,76,271,282,79,12,644,6,0,6,650
01/11/2004,STL,MO,ACE,CE,Combined TRACON& Tower with Radar,290,348,22,6,666,3,10,22,0,35,293,358,44,6,701,0,0,0,701
01/12/2004,STL,MO,ACE,CE,Combined TRACON& Tower with Radar,312,403,25,13,753,0,12,47,14,73,312,415,72,27,826,0,30,30,856
01/13/2004,STL,MO,ACE,CE,Combined TRACON& Tower with Radar,346,421,27,14,808,0,19,32,12,63,346,440,59,26,871,0,2,2,873
01/14/2004,STL,MO,ACE,CE,Combined TRACON& Tower with Radar,349,411,26,15,801,0,0,37,3,40,349,411,63,18,841,2,6,8,849
01/15/2004,STL,MO,ACE,CE,Combined TRACON& Tower with Radar,345,446,27,7,825,0,2,58,0,60,345,448,85,7,885,0,0,0,885
01/16/2004,STL,MO,ACE,CE,Combined TRACON& Tower with Radar,352,422,26,15,815,0,6,15,0,21,352,428,41,15,836,0,0,0,836
01/17/2004,STL,MO,ACE,CE,Combined TRACON& Tower with Radar,234,256,12,10,512,37,0,0,3,40,271,256,12,13,552,0,0,0,552
01/18/2004,STL,MO,ACE,CE,Combined TRACON& Tower with Radar,294,362,18,11,685,0,0,0,0,0,294,362,18,11,685,0,0,0,685
01/19/2004,STL,MO,ACE,CE,Combined TRACON& Tower with Radar,317,398,24,11,750,0,15,26,0,41,317,413,50,11,791,0,0,0,791
01/20/2004,STL,MO,ACE,CE,Combined TRACON& Tower with Radar,341,413,25,9,788,0,0,39,0,39,341,413,64,9,827,0,0,0,827
01/21/2004,STL,MO,ACE,CE,Combined TRACON& Tower with Radar,336,405,25,14,780,0,14,42,0,56,336,419,67,14,836,0,8,8,844
01/22/2004,STL,MO,ACE,CE,Combined TRACON& Tower with Radar,339,432,26,10,807,0,3,35,0,38,339,435,61,10,845,0,0,0,845
01/23/2004,STL,MO,ACE,CE,Combined TRACON& Tower with Radar,325,429,27,16,797,0,0,38,3,41,325,429,65,19,838,0,0,0,838
01/24/2004,STL,MO,ACE,CE,Combined TRACON& Tower with Radar,241,266,18,10,535,29,0,35,15,79,270,266,53,25,614,0,8,8,622
01/25/2004,STL,MO,ACE,CE,Combined TRACON& Tower with Radar,118,122,7,0,247,38,0,0,0,38,156,122,7,0,285,0,0,0,285
01/26/2004,STL,MO,ACE,CE,Combined TRACON& Tower with Radar,275,324,7,10,616,24,0,0,0,24,299,324,7,10,640,0,0,0,640
01/27/2004,STL,MO,ACE,CE,Combined TRACON& Tower with Radar,286,354,18,7,665,0,29,0,0,29,286,383,18,7,694,0,0,0,694
01/28/2004,STL,MO,ACE,CE,Combined TRACON& Tower with Radar,335,408,25,14,782,0,8,26,1,35,335,416,51,15,817,0,18,18,835
01/29/2004,STL,MO,ACE,CE,Combined TRACON& Tower with Radar,331,413,25,13,782,0,8,22,0,30,331,421,47,13,812,6,0,6,818
01/30/2004,STL,MO,ACE,CE,Combined TRACON& Tower with Radar,350,417,26,14,807,0,0,19,3,22,350,417,45,17,829,0,2,2,831
01/31/2004,STL,MO,ACE,CE,Combined TRACON& Tower with Radar,239,282,17,9,547,24,0,32,1,57,263,282,49,10,604,0,0,0,604
02/01/2004,STL,MO,ACE,CE,Combined TRACON& Tower with Radar,293,349,18,7,667,0,24,0,0,24,293,373,18,7,691,4,0,4,695
02/02/2004,STL,MO,ACE,CE,Combined TRACON& Tower with Radar,299,358,17,6,680,0,23,0,0,23,299,381,17,6,703,0,0,0,703
02/03/2004,STL,MO,ACE,CE,Combined TRACON& Tower with Radar,342,417,28,14,801,0,2,17,2,21,342,419,45,16,822,4,0,4,826
02/04/2004,STL,MO,ACE,CE,Combined TRACON& Tower with Radar,346,410,28,14,798,3,7,36,4,50,349,417,64,18,848,0,0,0,848
02/05/2004,STL,MO,ACE,CE,Combined TRACON& Tower with Radar,315,370,22,10,717,7,0,0,0,7,322,370,22,10,724,0,0,0,724
02/06/2004,STL,MO,ACE,CE,Combined TRACON& Tower with Radar,343,415,25,15,798,0,0,0,0,0,343,415,25,15,798,0,0,0,798
02/07/2004,STL,MO,ACE,CE,Combined TRACON& Tower with Radar,255,286,21,10,572,21,0,16,12,49,276,286,37,22,621,6,0,6,627
02/08/2004,STL,MO,ACE,CE,Combined TRACON& Tower with Radar,297,358,24,12,691,0,3,20,6,29,297,361,44,18,720,1,6,7,727
02/09/2004,STL,MO,ACE,CE,Combined TRACON& Tower with Radar,317,403,27,14,761,0,16,26,14,56,317,419,53,28,817,0,0,0,817
02/10/2004,STL,MO,ACE,CE,Combined TRACON& Tower with Radar,338,438,30,15,821,0,0,60,10,70,338,438,90,25,891,0,0,0,891
02/11/2004,STL,MO,ACE,CE,Combined TRACON& Tower with Radar,342,421,28,15,806,0,4,59,3,66,342,425,87,18,872,0,6,6,878
02/12/2004,STL,MO,ACE,CE,Combined TRACON& Tower with Radar,341,425,29,15,810,0,0,37,8,45,341,425,66,23,855,0,0,0,855
02/13/2004,STL,MO,ACE,CE,Combined TRACON& Tower with Radar,350,419,28,14,811,0,1,40,3,44,350,420,68,17,855,0,0,0,855
02/14/2004,STL,MO,ACE,CE,Combined TRACON& Tower with Radar,251,289,20,6,566,0,0,49,0,49,251,289,69,6,615,1,0,1,616
02/15/2004,STL,MO,ACE,CE,Combined TRACON& Tower with Radar,273,321,22,7,623,6,47,28,0,81,279,368,50,7,704,0,0,0,704
02/16/2004,STL,MO,ACE,CE,Combined TRACON& Tower with Radar,325,395,27,9,756,0,20,45,0,65,325,415,72,9,821,0,0,0,821
02/17/2004,STL,MO,ACE,CE,Combined TRACON& Tower with Radar,340,428,29,16,813,0,0,70,7,77,340,428,99,23,890,0,0,0,890
02/18/2004,STL,MO,ACE,CE,Combined TRACON& Tower with Radar,359,450,29,17,855,0,0,51,0,51,359,450,80,17,906,0,8,8,914
02/19/2004,STL,MO,ACE,CE,Combined TRACON& Tower with Radar,345,427,28,15,815,0,0,5,0,5,345,427,33,15,820,2,0,2,822
02/20/2004,STL,MO,ACE,CE,Combined TRACON& Tower with Radar,347,407,27,15,796,0,0,23,1,24,347,407,50,16,820,0,0,0,820
02/21/2004,STL,MO,ACE,CE,Combined TRACON& Tower with Radar,259,298,20,6,583,16,0,20,0,36,275,298,40,6,619,8,0,8,627
02/22/2004,STL,MO,ACE,CE,Combined TRACON& Tower with Radar,352,397,23,6,778,16,0,0,0,16,368,397,23,6,794,0,0,0,794
02/23/2004,STL,MO,ACE,CE,Combined TRACON& Tower with Radar,321,392,25,15,753,0,10,9,6,25,321,402,34,21,778,0,0,0,778
02/24/2004,STL,MO,ACE,CE,Combined TRACON& Tower with Radar,344,405,26,15,790,11,7,10,1,29,355,412,36,16,819,0,0,0,819
02/25/2004,STL,MO,ACE,CE,Combined TRACON& Tower with Radar,341,401,26,15,783,1,21,28,6,56,342,422,54,21,839,0,14,14,853
02/26/2004,STL,MO,ACE,CE,Combined TRACON& Tower with Radar,333,392,25,15,765,16,6,73,2,97,349,398,98,17,862,0,0,0,862
02/27/2004,STL,MO,ACE,CE,Combined TRACON& Tower with Radar,345,407,26,15,793,23,15,61,3,102,368,422,87,18,895,8,0,8,903
02/28/2004,STL,MO,ACE,CE,Combined TRACON& Tower with Radar,254,291,18,7,570,16,0,0,0,16,270,291,18,7,586,0,0,0,586
02/29/2004,STL,MO,ACE,CE,Combined TRACON& Tower with Radar,287,338,22,7,654,0,42,16,0,58,287,380,38,7,712,0,0,0,712
03/01/2004,STL,MO,ACE,CE,Combined TRACON& Tower with Radar,336,424,30,15,805,0,0,1,8,9,336,424,31,23,814,0,2,2,816
03/02/2004,STL,MO,ACE,CE,Combined TRACON& Tower with Radar,345,423,30,15,813,0,7,13,0,20,345,430,43,15,833,0,0,0,833
03/03/2004,STL,MO,ACE,CE,Combined TRACON& Tower with Radar,339,411,29,15,794,13,13,7,1,34,352,424,36,16,828,0,0,0,828
03/04/2004,STL,MO,ACE,CE,Combined TRACON& Tower with Radar,325,394,28,8,755,8,31,1,0,40,333,425,29,8,795,0,0,0,795
03/05/2004,STL,MO,ACE,CE,Combined TRACON& Tower with Radar,334,405,29,14,782,0,10,14,0,24,334,415,43,14,806,2,0,2,808
03/06/2004,STL,MO,ACE,CE,Combined TRACON& Tower with Radar,269,301,23,11,604,12,0,33,9,54,281,301,56,20,658,8,0,8,666
03/07/2004,STL,MO,ACE,CE,Combined TRACON& Tower with Radar,298,367,26,13,704,0,5,0,9,14,298,372,26,22,718,0,0,0,718
03/08/2004,STL,MO,ACE,CE,Combined TRACON& Tower with Radar,331,424,30,15,800,0,12,21,1,34,331,436,51,16,834,0,2,2,836
03/09/2004,STL,MO,ACE,CE,Combined TRACON& Tower with Radar,350,422,30,15,817,0,0,5,4,9,350,422,35,19,826,0,0,0,826
03/10/2004,STL,MO,ACE,CE,Combined TRACON& Tower with Radar,357,443,31,16,847,0,2,33,3,38,357,445,64,19,885,0,0,0,885
03/11/2004,STL,MO,ACE,CE,Combined TRACON& Tower with Radar,346,432,31,15,824,0,6,9,3,18,346,438,40,18,842,0,2,2,844
03/12/2004,STL,MO,ACE,CE,Combined TRACON& Tower with Radar,370,428,32,16,846,0,0,36,8,44,370,428,68,24,890,4,0,4,894
03/13/2004,STL,MO,ACE,CE,Combined TRACON& Tower with Radar,251,293,22,10,576,32,0,6,0,38,283,293,28,10,614,0,0,0,614
03/14/2004,STL,MO,ACE,CE,Combined TRACON& Tower with Radar,292,354,24,6,676,7,28,8,0,43,299,382,32,6,719,0,0,0,719
03/15/2004,STL,MO,ACE,CE,Combined TRACON& Tower with Radar,325,403,28,15,771,0,24,8,5,37,325,427,36,20,808,0,10,10,818
03/16/2004,STL,MO,ACE,CE,Combined TRACON& Tower with Radar,342,420,29,16,807,0,9,2,0,11,342,429,31,16,818,0,0,0,818
03/17/2004,STL,MO,ACE,CE,Combined TRACON& Tower with Radar,378,439,31,17,865,5,0,20,5,30,383,439,51,22,895,0,0,0,895
03/18/2004,STL,MO,ACE,CE,Combined TRACON& Tower with Radar,384,442,32,13,871,3,0,54,0,57,387,442,86,13,928,0,0,0,928
03/19/2004,STL,MO,ACE,CE,Combined TRACON& Tower with Radar,352,424,29,16,821,10,2,40,10,62,362,426,69,26,883,0,0,0,883
03/20/2004,STL,MO,ACE,CE,Combined TRACON& Tower with Radar,263,293,22,11,589,26,0,6,0,32,289,293,28,11,621,0,0,0,621
03/21/2004,STL,MO,ACE,CE,Combined TRACON& Tower with Radar,296,357,24,12,689,3,25,21,0,49,299,382,45,12,738,10,0,10,748
03/22/2004,STL,MO,ACE,CE,Combined TRACON& Tower with Radar,320,403,28,15,766,0,32,37,2,71,320,435,65,17,837,16,0,16,853
03/23/2004,STL,MO,ACE,CE,Combined TRACON& Tower with Radar,343,424,29,13,809,0,2,16,0,18,343,426,45,13,827,0,0,0,827
03/24/2004,STL,MO,ACE,CE,Combined TRACON& Tower with Radar,355,436,30,15,836,0,0,13,0,13,355,436,43,15,849,0,0,0,849
03/25/2004,STL,MO,ACE,CE,Combined TRACON& Tower with Radar,341,440,31,17,829,0,0,22,0,22,341,440,53,17,851,0,0,0,851
03/26/2004,STL,MO,ACE,CE,Combined TRACON& Tower with Radar,363,430,30,8,831,1,0,9,0,10,364,430,39,8,841,0,0,0,841
03/27/2004,STL,MO,ACE,CE,Combined TRACON& Tower with Radar,274,299,23,9,605,31,0,17,0,48,305,299,40,9,653,4,0,4,657
03/28/2004,STL,MO,ACE,CE,Combined TRACON& Tower with Radar,301,374,21,7,703,0,14,0,0,14,301,388,21,7,717,0,0,0,717
03/29/2004,STL,MO,ACE,CE,Combined TRACON& Tower with Radar,341,418,29,16,804,0,6,18,2,26,341,424,47,18,830,18,0,18,848
03/30/2004,STL,MO,ACE,CE,Combined TRACON& Tower with Radar,320,385,26,14,745,15,39,10,4,68,335,424,36,18,813,0,0,0,813
03/31/2004,STL,MO,ACE,CE,Combined TRACON& Tower with Radar,353,418,31,13,815,0,0,15,0,15,353,418,46,13,830,0,0,0,830
04/01/2004,STL,MO,ACE,CE,Combined TRACON& Tower with Radar,349,429,32,14,824,0,0,47,5,52,349,429,79,19,876,4,0,4,880
04/02/2004,STL,MO,ACE,CE,Combined TRACON& Tower with Radar,354,428,31,14,827,0,8,50,6,64,354,436,81,20,891,0,0,0,891
04/03/2004,STL,MO,ACE,CE,Combined TRACON& Tower with Radar,271,306,24,7,608,17,0,31,0,48,288,306,55,7,656,0,0,0,656
04/04/2004,STL,MO,ACE,CE,Combined TRACON& Tower with Radar,292,368,27,7,694,0,25,35,0,60,292,393,62,7,754,0,0,0,754
04/05/2004,STL,MO,ACE,CE,Combined TRACON& Tower with Radar,317,395,29,13,754,0,48,29,5,82,317,443,58,18,836,0,0,0,836
04/06/2004,STL,MO,ACE,CE,Combined TRACON& Tower with Radar,350,435,32,14,831,0,0,33,8,41,350,435,65,22,872,0,0,0,872
04/07/2004,STL,MO,ACE,CE,Combined TRACON& Tower with Radar,362,433,33,13,841,0,0,32,0,32,362,433,65,13,873,0,0,0,873
04/08/2004,STL,MO,ACE,CE,Combined TRACON& Tower with Radar,354,424,31,14,823,13,10,45,10,78,367,434,76,24,901,0,12,12,913
04/09/2004,STL,MO,ACE,CE,Combined TRACON& Tower with Radar,352,421,31,14,818,9,0,31,4,44,361,421,62,18,862,0,0,0,862
04/10/2004,STL,MO,ACE,CE,Combined TRACON& Tower with Radar,241,282,16,9,548,31,0,0,0,31,272,282,16,9,579,0,0,0,579
04/11/2004,STL,MO,ACE,CE,Combined TRACON& Tower with Radar,290,347,25,8,670,11,29,3,0,43,301,376,28,8,713,0,0,0,713
04/12/2004,STL,MO,ACE,CE,Combined TRACON& Tower with Radar,326,393,29,13,761,0,24,2,6,32,326,417,31,19,793,0,0,0,793
04/13/2004,STL,MO,ACE,CE,Combined TRACON& Tower with Radar,358,428,31,14,831,0,1,5,4,10,358,429,36,18,841,2,0,2,843
04/14/2004,STL,MO,ACE,CE,Combined TRACON& Tower with Radar,360,431,32,9,832,1,4,40,0,45,361,435,72,9,877,0,0,0,877
04/15/2004,STL,MO,ACE,CE,Combined TRACON& Tower with Radar,353,423,31,14,821,11,10,23,0,44,364,433,54,14,865,0,4,4,869
04/16/2004,STL,MO,ACE,CE,Combined TRACON& Tower with Radar,358,436,31,12,837,0,11,69,0,80,358,447,100,12,917,0,0,0,917
04/17/2004,STL,MO,ACE,CE,Combined TRACON& Tower with Radar,260,286,22,11,579,18,0,32,0,50,278,286,54,11,629,4,0,4,633
04/18/2004,STL,MO,ACE,CE,Combined TRACON& Tower with Radar,298,374,27,12,711,0,11,21,0,32,298,385,48,12,743,0,0,0,743
04/19/2004,STL,MO,ACE,CE,Combined TRACON& Tower with Radar,333,398,28,14,773,0,16,5,0,21,333,414,33,14,794,0,0,0,794
04/20/2004,STL,MO,ACE,CE,Combined TRACON& Tower with Radar,341,407,29,8,785,6,16,10,0,32,347,423,39,8,817,0,0,0,817
04/21/2004,STL,MO,ACE,CE,Combined TRACON& Tower with Radar,354,426,30,12,822,0,5,13,0,18,354,431,43,12,840,0,0,0,840
04/22/2004,STL,MO,ACE,CE,Combined TRACON& Tower with Radar,349,416,29,12,806,12,20,5,0,37,361,436,34,12,843,0,0,0,843
04/23/2004,STL,MO,ACE,CE,Combined TRACON& Tower with Radar,349,416,29,9,803,12,0,15,0,27,361,416,44,9,830,0,0,0,830
04/24/2004,STL,MO,ACE,CE,Combined TRACON& Tower with Radar,255,290,21,11,577,28,0,2,9,39,283,290,23,20,616,0,0,0,616
04/25/2004,STL,MO,ACE,CE,Combined TRACON& Tower with Radar,300,375,27,10,712,0,12,2,0,14,300,387,29,10,726,4,0,4,730
04/26/2004,STL,MO,ACE,CE,Combined TRACON& Tower with Radar,325,409,29,14,777,0,11,27,0,38,325,420,56,14,815,2,2,4,819
04/27/2004,STL,MO,ACE,CE,Combined TRACON& Tower with Radar,357,426,32,16,831,0,0,39,4,43,357,426,71,20,874,8,0,8,882
04/28/2004,STL,MO,ACE,CE,Combined TRACON& Tower with Radar,355,441,32,16,844,0,0,25,6,31,355,441,57,22,875,0,0,0,875
04/29/2004,STL,MO,ACE,CE,Combined TRACON& Tower with Radar,371,449,33,16,869,0,0,30,9,39,371,449,63,25,908,0,16,16,924
04/30/2004,STL,MO,ACE,CE,Combined TRACON& Tower with Radar,352,420,32,10,814,0,0,0,0,0,352,420,32,10,814,0,0,0,814
05/01/2004,STL,MO,ACE,CE,Combined TRACON& Tower with Radar,258,285,20,1,564,22,0,0,0,22,280,285,20,1,586,0,0,0,586
05/02/2004,STL,MO,ACE,CE,Combined TRACON& Tower with Radar,305,361,27,0,693,0,20,6,0,26,305,381,33,0,719,0,0,0,719
05/03/2004,STL,MO,ACE,CE,Combined TRACON& Tower with Radar,335,409,30,9,783,0,13,33,4,50,335,422,63,13,833,0,0,0,833
05/04/2004,STL,MO,ACE,CE,Combined TRACON& Tower with Radar,355,426,32,9,822,0,0,22,10,32,355,426,54,19,854,0,4,4,858
05/05/2004,STL,MO,ACE,CE,Combined TRACON& Tower with Radar,370,439,33,9,851,0,0,46,8,54,370,439,79,17,905,0,0,0,905
05/06/2004,STL,MO,ACE,CE,Combined TRACON& Tower with Radar,368,446,34,9,857,0,0,44,2,46,368,446,78,11,903,0,0,0,903
05/07/2004,STL,MO,ACE,CE,Combined TRACON& Tower with Radar,377,435,34,10,856,0,0,43,1,44,377,435,77,11,900,0,0,0,900
05/08/2004,STL,MO,ACE,CE,Combined TRACON& Tower with Radar,269,279,24,3,575,18,0,28,0,46,287,279,52,3,621,0,0,0,621
05/09/2004,STL,MO,ACE,CE,Combined TRACON& Tower with Radar,294,353,12,0,659,0,17,0,0,17,294,370,12,0,676,0,0,0,676
05/10/2004,STL,MO,ACE,CE,Combined TRACON& Tower with Radar,333,418,31,9,791,0,3,10,2,15,333,421,41,11,806,0,0,0,806
05/11/2004,STL,MO,ACE,CE,Combined TRACON& Tower with Radar,344,424,32,9,809,0,12,28,12,52,344,436,60,21,861,2,0,2,863
05/12/2004,STL,MO,ACE,CE,Combined TRACON& Tower with Radar,356,424,32,9,821,0,0,24,9,33,356,424,56,18,854,0,0,0,854
05/13/2004,STL,MO,ACE,CE,Combined TRACON& Tower with Radar,331,434,32,7,804,0,14,29,0,43,331,448,61,7,847,0,0,0,847
05/14/2004,STL,MO,ACE,CE,Combined TRACON& Tower with Radar,379,429,26,10,844,0,0,0,7,7,379,429,26,17,851,0,0,0,851
05/15/2004,STL,MO,ACE,CE,Combined TRACON& Tower with Radar,261,291,24,5,581,39,0,18,0,57,300,291,42,5,638,0,0,0,638
05/16/2004,STL,MO,ACE,CE,Combined TRACON& Tower with Radar,302,364,26,8,700,0,28,10,0,38,302,392,36,8,738,0,0,0,738
05/17/2004,STL,MO,ACE,CE,Combined TRACON& Tower with Radar,327,412,30,10,779,0,10,9,8,27,327,422,39,18,806,0,0,0,806
05/18/2004,STL,MO,ACE,CE,Combined TRACON& Tower with Radar,354,420,30,10,814,0,5,31,0,36,354,425,61,10,850,0,0,0,850
05/19/2004,STL,MO,ACE,CE,Combined TRACON& Tower with Radar,349,410,30,10,799,4,23,5,15,47,353,433,35,25,846,16,0,16,862
05/20/2004,STL,MO,ACE,CE,Combined TRACON& Tower with Radar,368,441,32,11,852,0,0,46,14,60,368,441,78,25,912,12,0,12,924
05/21/2004,STL,MO,ACE,CE,Combined TRACON& Tower with Radar,358,434,31,10,833,0,7,43,8,58,358,441,74,18,891,8,0,8,899
05/22/2004,STL,MO,ACE,CE,Combined TRACON& Tower with Radar,269,294,23,3,589,22,0,25,0,47,291,294,48,3,636,50,0,50,686
05/23/2004,STL,MO,ACE,CE,Combined TRACON& Tower with Radar,293,349,25,0,667,0,34,1,0,35,293,383,26,0,702,50,0,50,752
05/24/2004,STL,MO,ACE,CE,Combined TRACON& Tower with Radar,333,421,30,10,794,0,21,25,5,51,333,442,55,15,845,0,2,2,847
05/25/2004,STL,MO,ACE,CE,Combined TRACON& Tower with Radar,344,404,29,3,780,4,5,18,0,27,348,409,47,3,807,0,0,0,807
05/26/2004,STL,MO,ACE,CE,Combined TRACON& Tower with Radar,327,385,24,1,737,26,42,0,0,68,353,427,24,1,805,0,0,0,805
05/27/2004,STL,MO,ACE,CE,Combined TRACON& Tower with Radar,334,397,29,4,764,0,14,23,0,37,334,411,52,4,801,0,0,0,801
05/28/2004,STL,MO,ACE,CE,Combined TRACON& Tower with Radar,386,461,33,11,891,0,2,41,1,44,386,463,74,12,935,4,0,4,939
05/29/2004,STL,MO,ACE,CE,Combined TRACON& Tower with Radar,233,252,20,2,507,42,0,1,0,43,275,252,21,2,550,2,0,2,552
05/30/2004,STL,MO,ACE,CE,Combined TRACON& Tower with Radar,210,234,9,1,454,40,0,0,0,40,250,234,9,1,494,0,0,0,494
05/31/2004,STL,MO,ACE,CE,Combined TRACON& Tower with Radar,289,340,24,2,655,4,41,18,0,63,293,381,42,2,718,0,4,4,722
06/01/2004,STL,MO,ACE,CE,Combined TRACON& Tower with Radar,336,387,32,10,765,0,35,28,0,63,336,422,60,10,828,0,2,2,830
06/02/2004,STL,MO,ACE,CE,Combined TRACON& Tower with Radar,366,415,34,12,827,0,26,38,4,68,366,441,72,16,895,0,0,0,895
06/03/2004,STL,MO,ACE,CE,Combined TRACON& Tower with Radar,367,415,34,12,828,0,32,50,14,96,367,447,84,26,924,0,0,0,924
06/04/2004,STL,MO,ACE,CE,Combined TRACON& Tower with Radar,364,414,34,12,824,0,29,54,3,86,364,443,88,15,910,0,0,0,910
06/05/2004,STL,MO,ACE,CE,Combined TRACON& Tower with Radar,293,296,26,9,624,0,0,20,6,26,293,296,46,15,650,12,0,12,662
06/06/2004,STL,MO,ACE,CE,Combined TRACON& Tower with Radar,301,353,29,10,693,0,27,10,41,78,301,380,39,51,771,8,4,12,783
06/07/2004,STL,MO,ACE,CE,Combined TRACON& Tower with Radar,334,381,31,11,757,0,40,34,1,75,334,421,65,12,832,0,0,0,832
06/08/2004,STL,MO,ACE,CE,Combined TRACON& Tower with Radar,357,411,34,11,813,0,39,23,1,63,357,450,57,12,876,0,2,2,878
06/09/2004,STL,MO,ACE,CE,Combined TRACON& Tower with Radar,343,410,34,11,798,0,10,15,0,25,343,420,49,11,823,0,0,0,823
06/10/2004,STL,MO,ACE,CE,Combined TRACON& Tower with Radar,356,410,34,11,811,0,40,10,5,55,356,450,44,16,866,8,0,8,874
06/11/2004,STL,MO,ACE,CE,Combined TRACON& Tower with Radar,375,401,33,7,816,0,38,17,0,55,375,439,50,7,871,0,0,0,871
06/12/2004,STL,MO,ACE,CE,Combined TRACON& Tower with Radar,277,289,24,0,590,8,22,4,0,34,285,311,28,0,624,6,0,6,630
06/13/2004,STL,MO,ACE,CE,Combined TRACON& Tower with Radar,290,349,28,2,669,0,45,0,0,45,290,394,28,2,714,0,0,0,714
06/14/2004,STL,MO,ACE,CE,Combined TRACON& Tower with Radar,326,376,30,11,743,0,43,17,2,62,326,419,47,13,805,0,0,0,805
06/15/2004,STL,MO,ACE,CE,Combined TRACON& Tower with Radar,365,397,32,3,797,0,36,33,0,69,365,433,65,3,866,0,0,0,866
06/16/2004,STL,MO,ACE,CE,Combined TRACON& Tower with Radar,351,394,31,4,780,0,48,19,0,67,351,442,50,4,847,0,4,4,851
06/17/2004,STL,MO,ACE,CE,Combined TRACON& Tower with Radar,368,409,33,12,822,0,18,40,0,58,368,427,73,12,880,0,0,0,880
06/18/2004,STL,MO,ACE,CE,Combined TRACON& Tower with Radar,371,397,32,12,812,0,44,16,4,64,371,441,48,16,876,0,0,0,876
06/19/2004,STL,MO,ACE,CE,Combined TRACON& Tower with Radar,271,282,22,2,577,4,22,12,0,38,275,304,34,2,615,4,0,4,619
06/20/2004,STL,MO,ACE,CE,Combined TRACON& Tower with Radar,292,327,26,1,646,0,73,21,0,94,292,400,47,1,740,0,0,0,740
06/21/2004,STL,MO,ACE,CE,Combined TRACON& Tower with Radar,334,381,30,12,757,0,50,8,0,58,334,431,38,12,815,0,2,2,817
06/22/2004,STL,MO,ACE,CE,Combined TRACON& Tower with Radar,368,417,33,13,831,0,27,36,10,73,368,444,69,23,904,0,8,8,912
06/23/2004,STL,MO,ACE,CE,Combined TRACON& Tower with Radar,366,430,35,13,844,0,0,42,0,42,366,430,77,13,886,2,0,2,888
06/24/2004,STL,MO,ACE,CE,Combined TRACON& Tower with Radar,364,417,33,13,827,0,32,47,6,85,364,449,80,19,912,2,0,2,914
06/25/2004,STL,MO,ACE,CE,Combined TRACON& Tower with Radar,373,417,33,13,836,0,30,57,5,92,373,447,90,18,928,16,0,16,944
06/26/2004,STL,MO,ACE,CE,Combined TRACON& Tower with Radar,280,293,23,0,596,0,14,43,0,57,280,307,66,0,653,0,0,0,653
06/27/2004,STL,MO,ACE,CE,Combined TRACON& Tower with Radar,297,338,27,0,662,0,51,36,0,87,297,389,63,0,749,0,0,0,749
06/28/2004,STL,MO,ACE,CE,Combined TRACON& Tower with Radar,335,405,32,11,783,0,25,50,5,80,335,430,82,16,863,18,0,18,881
06/29/2004,STL,MO,ACE,CE,Combined TRACON& Tower with Radar,348,397,32,11,788,0,33,47,8,88,348,430,79,19,876,14,0,14,890
06/30/2004,STL,MO,ACE,CE,Combined TRACON& Tower with Radar,354,402,32,11,799,0,39,46,11,96,354,441,78,22,895,0,0,0,895
07/01/2004,STL,MO,ACE,CE,Combined TRACON& Tower with Radar,356,430,33,11,830,0,0,31,3,34,356,430,64,14,864,2,8,10,874
07/02/2004,STL,MO,ACE,CE,Combined TRACON& Tower with Radar,351,402,28,6,787,2,34,0,0,36,353,436,28,6,823,2,0,2,825
07/03/2004,STL,MO,ACE,CE,Combined TRACON& Tower with Radar,237,272,11,5,525,25,14,0,0,39,262,286,11,5,564,0,0,0,564
07/04/2004,STL,MO,ACE,CE,Combined TRACON& Tower with Radar,211,243,19,2,475,2,42,11,0,55,213,285,30,2,530,0,0,0,530
07/05/2004,STL,MO,ACE,CE,Combined TRACON& Tower with Radar,269,309,19,1,598,13,44,0,0,57,282,353,19,1,655,6,0,6,661
07/06/2004,STL,MO,ACE,CE,Combined TRACON& Tower with Radar,351,402,31,7,791,1,40,0,0,41,352,442,31,7,832,0,0,0,832
07/07/2004,STL,MO,ACE,CE,Combined TRACON& Tower with Radar,355,408,31,10,804,10,0,40,9,59,365,408,71,19,863,0,0,0,863
07/08/2004,STL,MO,ACE,CE,Combined TRACON& Tower with Radar,369,438,33,11,851,0,8,37,0,45,369,446,70,11,896,0,0,0,896
07/09/2004,STL,MO,ACE,CE,Combined TRACON& Tower with Radar,352,412,31,10,805,0,41,14,2,57,352,453,45,12,862,0,0,0,862
07/10/2004,STL,MO,ACE,CE,Combined TRACON& Tower with Radar,268,307,24,8,607,12,0,9,6,27,280,307,33,14,634,0,0,0,634
07/11/2004,STL,MO,ACE,CE,Combined TRACON& Tower with Radar,293,363,28,9,693,0,26,11,13,50,293,389,39,22,743,0,0,0,743
07/12/2004,STL,MO,ACE,CE,Combined TRACON& Tower with Radar,331,402,31,10,774,0,71,13,0,84,331,473,44,10,858,0,0,0,858
07/13/2004,STL,MO,ACE,CE,Combined TRACON& Tower with Radar,353,426,32,12,823,0,4,14,3,21,353,430,46,15,844,0,0,0,844
07/14/2004,STL,MO,ACE,CE,Combined TRACON& Tower with Radar,354,422,31,11,818,0,0,42,0,42,354,422,73,11,860,0,0,0,860
07/15/2004,STL,MO,ACE,CE,Combined TRACON& Tower with Radar,360,435,33,12,840,0,0,14,8,22,360,435,47,20,862,0,0,0,862
07/16/2004,STL,MO,ACE,CE,Combined TRACON& Tower with Radar,348,411,30,5,794,0,35,37,0,72,348,446,67,5,866,0,0,0,866
07/17/2004,STL,MO,ACE,CE,Combined TRACON& Tower with Radar,273,295,23,2,593,8,0,1,0,9,281,295,24,2,602,0,0,0,602
07/18/2004,STL,MO,ACE,CE,Combined TRACON& Tower with Radar,293,353,26,5,677,0,48,41,0,89,293,401,67,5,766,0,0,0,766
07/19/2004,STL,MO,ACE,CE,Combined TRACON& Tower with Radar,331,407,30,11,779,0,15,5,9,29,331,422,35,20,808,0,0,0,808
07/20/2004,STL,MO,ACE,CE,Combined TRACON& Tower with Radar,276,363,32,12,683,0,0,17,28,45,276,363,49,40,728,4,0,4,732
07/21/2004,STL,MO,ACE,CE,Combined TRACON& Tower with Radar,352,445,33,12,842,0,1,43,4,48,352,446,76,16,890,0,4,4,894
07/22/2004,STL,MO,ACE,CE,Combined TRACON& Tower with Radar,353,436,32,12,833,0,10,31,3,44,353,446,63,15,877,0,0,0,877
07/23/2004,STL,MO,ACE,CE,Combined TRACON& Tower with Radar,365,436,32,12,845,0,4,23,6,33,365,440,55,18,878,0,0,0,878
07/24/2004,STL,MO,ACE,CE,Combined TRACON& Tower with Radar,261,297,22,3,583,25,3,36,0,64,286,300,58,3,647,0,0,0,647
07/25/2004,STL,MO,ACE,CE,Combined TRACON& Tower with Radar,292,346,26,1,665,0,29,10,0,39,292,375,36,1,704,0,0,0,704
07/26/2004,STL,MO,ACE,CE,Combined TRACON& Tower with Radar,327,425,32,12,796,0,31,39,3,73,327,456,71,15,869,0,0,0,869
07/27/2004,STL,MO,ACE,CE,Combined TRACON& Tower with Radar,352,421,31,11,815,0,6,32,3,41,352,427,63,14,856,0,0,0,856
07/28/2004,STL,MO,ACE,CE,Combined TRACON& Tower with Radar,345,419,31,11,806,0,25,63,7,95,345,444,94,18,901,0,0,0,901
07/29/2004,STL,MO,ACE,CE,Combined TRACON& Tower with Radar,350,432,32,3,817,0,20,50,0,70,350,452,82,3,887,0,0,0,887
07/30/2004,STL,MO,ACE,CE,Combined TRACON& Tower with Radar,356,416,31,6,809,0,17,5,0,22,356,433,36,6,831,0,0,0,831
07/31/2004,STL,MO,ACE,CE,Combined TRACON& Tower with Radar,269,299,23,2,593,5,0,33,0,38,274,299,56,2,631,0,0,0,631
08/01/2004,STL,MO,ACE,CE,Combined TRACON& Tower with Radar,286,369,30,4,689,0,11,60,0,71,286,380,90,4,760,10,0,10,770
08/02/2004,STL,MO,ACE,CE,Combined TRACON& Tower with Radar,329,417,33,8,787,0,6,30,1,37,329,423,63,9,824,0,0,0,824
08/03/2004,STL,MO,ACE,CE,Combined TRACON& Tower with Radar,357,427,36,8,828,0,0,55,6,61,357,427,91,14,889,2,0,2,891
08/04/2004,STL,MO,ACE,CE,Combined TRACON& Tower with Radar,353,430,34,6,823,11,4,13,0,28,364,434,47,6,851,0,12,12,863
08/05/2004,STL,MO,ACE,CE,Combined TRACON& Tower with Radar,365,445,36,8,854,5,16,21,10,52,370,461,57,18,906,0,0,0,906
08/06/2004,STL,MO,ACE,CE,Combined TRACON& Tower with Radar,356,434,35,8,833,6,23,28,9,66,362,457,63,17,899,0,0,0,899
08/07/2004,STL,MO,ACE,CE,Combined TRACON& Tower with Radar,249,305,24,5,583,24,0,32,5,61,273,305,56,10,644,0,0,0,644
08/08/2004,STL,MO,ACE,CE,Combined TRACON& Tower with Radar,294,377,30,7,708,0,21,31,7,59,294,398,61,14,767,0,0,0,767
08/09/2004,STL,MO,ACE,CE,Combined TRACON& Tower with Radar,334,413,33,7,787,0,17,21,0,38,334,430,54,7,825,0,0,0,825
08/10/2004,STL,MO,ACE,CE,Combined TRACON& Tower with Radar,349,426,34,7,816,2,14,25,0,41,351,440,59,7,857,0,0,0,857
08/11/2004,STL,MO,ACE,CE,Combined TRACON& Tower with Radar,353,431,36,2,822,0,0,57,0,57,353,431,93,2,879,0,0,0,879
08/12/2004,STL,MO,ACE,CE,Combined TRACON& Tower with Radar,353,430,36,4,823,0,0,43,0,43,353,430,79,4,866,0,0,0,866
08/13/2004,STL,MO,ACE,CE,Combined TRACON& Tower with Radar,353,437,35,8,833,0,0,45,1,46,353,437,80,9,879,4,0,4,883
08/14/2004,STL,MO,ACE,CE,Combined TRACON& Tower with Radar,256,295,25,6,582,11,0,32,6,49,267,295,57,12,631,0,0,0,631
08/15/2004,STL,MO,ACE,CE,Combined TRACON& Tower with Radar,289,351,27,2,669,1,20,36,0,57,290,371,63,2,726,0,0,0,726
08/16/2004,STL,MO,ACE,CE,Combined TRACON& Tower with Radar,329,419,33,9,790,0,8,23,5,36,329,427,56,14,826,0,0,0,826
08/17/2004,STL,MO,ACE,CE,Combined TRACON& Tower with Radar,351,423,33,7,814,1,0,17,0,18,352,423,50,7,832,0,0,0,832
08/18/2004,STL,MO,ACE,CE,Combined TRACON& Tower with Radar,350,425,33,8,816,0,0,41,0,41,350,425,74,8,857,0,10,10,867
08/19/2004,STL,MO,ACE,CE,Combined TRACON& Tower with Radar,354,454,36,9,853,0,0,32,0,32,354,454,68,9,885,0,0,0,885
08/20/2004,STL,MO,ACE,CE,Combined TRACON& Tower with Radar,354,430,33,8,825,6,24,7,0,37,360,454,40,8,862,0,0,0,862
08/21/2004,STL,MO,ACE,CE,Combined TRACON& Tower with Radar,257,311,24,7,599,22,0,28,5,55,279,311,52,12,654,8,0,8,662
08/22/2004,STL,MO,ACE,CE,Combined TRACON& Tower with Radar,287,358,16,4,665,0,27,0,0,27,287,385,16,4,692,0,0,0,692
08/23/2004,STL,MO,ACE,CE,Combined TRACON& Tower with Radar,322,391,30,8,751,3,15,2,3,23,325,406,32,11,774,0,4,4,778
08/24/2004,STL,MO,ACE,CE,Combined TRACON& Tower with Radar,351,435,32,6,824,0,11,0,0,11,351,446,32,6,835,0,0,0,835
08/25/2004,STL,MO,ACE,CE,Combined TRACON& Tower with Radar,338,394,32,8,772,4,0,16,7,27,342,394,48,15,799,0,0,0,799
08/26/2004,STL,MO,ACE,CE,Combined TRACON& Tower with Radar,391,451,37,10,889,11,0,21,2,34,402,451,58,12,923,0,0,0,923
08/27/2004,STL,MO,ACE,CE,Combined TRACON& Tower with Radar,349,433,34,8,824,0,14,8,1,23,349,447,42,9,847,4,0,4,851
08/28/2004,STL,MO,ACE,CE,Combined TRACON& Tower with Radar,256,294,18,2,570,16,0,0,0,16,272,294,18,2,586,0,0,0,586
08/29/2004,STL,MO,ACE,CE,Combined TRACON& Tower with Radar,295,360,21,2,678,0,21,0,0,21,295,381,21,2,699,0,0,0,699
08/30/2004,STL,MO,ACE,CE,Combined TRACON& Tower with Radar,327,414,32,8,781,0,3,17,3,23,327,417,49,11,804,0,8,8,812
08/31/2004,STL,MO,ACE,CE,Combined TRACON& Tower with Radar,358,431,34,8,831,0,0,46,6,52,358,431,80,14,883,0,0,0,883
09/01/2004,STL,MO,ACE,CE,Combined TRACON& Tower with Radar,346,416,35,16,813,0,27,39,0,66,346,443,74,16,879,2,0,2,881
09/02/2004,STL,MO,ACE,CE,Combined TRACON& Tower with Radar,353,394,33,12,792,0,54,27,0,81,353,448,60,12,873,0,4,4,877
09/03/2004,STL,MO,ACE,CE,Combined TRACON& Tower with Radar,347,405,34,13,799,0,51,35,0,86,347,456,69,13,885,0,0,0,885
09/04/2004,STL,MO,ACE,CE,Combined TRACON& Tower with Radar,224,237,20,2,483,0,25,25,0,50,224,262,45,2,533,0,0,0,533
09/05/2004,STL,MO,ACE,CE,Combined TRACON& Tower with Radar,197,230,19,2,448,0,56,11,0,67,197,286,30,2,515,0,0,0,515
09/06/2004,STL,MO,ACE,CE,Combined TRACON& Tower with Radar,276,309,26,0,611,0,68,14,0,82,276,377,40,0,693,0,0,0,693
09/07/2004,STL,MO,ACE,CE,Combined TRACON& Tower with Radar,322,372,31,15,740,0,57,12,2,71,322,429,43,17,811,0,0,0,811
09/08/2004,STL,MO,ACE,CE,Combined TRACON& Tower with Radar,352,414,34,17,817,0,22,68,3,93,352,436,102,20,910,0,0,0,910
09/09/2004,STL,MO,ACE,CE,Combined TRACON& Tower with Radar,354,423,35,17,829,0,13,37,0,50,354,436,72,17,879,0,0,0,879
09/10/2004,STL,MO,ACE,CE,Combined TRACON& Tower with Radar,363,406,34,17,820,0,48,55,0,103,363,454,89,17,923,8,0,8,931
09/11/2004,STL,MO,ACE,CE,Combined TRACON& Tower with Radar,255,280,23,11,569,0,20,26,13,59,255,300,49,24,628,2,0,2,630
09/12/2004,STL,MO,ACE,CE,Combined TRACON& Tower with Radar,289,335,28,14,666,0,43,42,9,94,289,378,70,23,760,0,0,0,760
09/13/2004,STL,MO,ACE,CE,Combined TRACON& Tower with Radar,322,380,30,17,749,0,54,3,12,69,322,434,33,29,818,19,2,21,839
09/14/2004,STL,MO,ACE,CE,Combined TRACON& Tower with Radar,343,395,32,17,787,0,40,37,9,86,343,435,69,26,873,0,0,0,873
09/15/2004,STL,MO,ACE,CE,Combined TRACON& Tower with Radar,344,413,33,18,808,0,25,24,18,67,344,438,57,36,875,0,0,0,875
09/16/2004,STL,MO,ACE,CE,Combined TRACON& Tower with Radar,359,398,32,18,807,0,42,40,7,89,359,440,72,25,896,0,0,0,896
09/17/2004,STL,MO,ACE,CE,Combined TRACON& Tower with Radar,345,379,30,17,771,0,57,40,2,99,345,436,70,19,870,10,0,10,880
09/18/2004,STL,MO,ACE,CE,Combined TRACON& Tower with Radar,259,270,22,12,563,0,13,50,6,69,259,283,72,18,632,2,0,2,634
09/19/2004,STL,MO,ACE,CE,Combined TRACON& Tower with Radar,294,325,26,5,650,0,42,57,0,99,294,367,83,5,749,6,0,6,755
09/20/2004,STL,MO,ACE,CE,Combined TRACON& Tower with Radar,328,357,24,13,722,0,66,0,0,66,328,423,24,13,788,22,0,22,810
09/21/2004,STL,MO,ACE,CE,Combined TRACON& Tower with Radar,350,398,30,18,796,0,42,0,2,44,350,440,30,20,840,64,0,64,904
09/22/2004,STL,MO,ACE,CE,Combined TRACON& Tower with Radar,342,401,32,18,793,0,27,59,16,102,342,428,91,34,895,16,0,16,911
09/23/2004,STL,MO,ACE,CE,Combined TRACON& Tower with Radar,343,412,33,18,806,0,42,53,10,105,343,454,86,28,911,12,0,12,923
09/24/2004,STL,MO,ACE,CE,Combined TRACON& Tower with Radar,353,403,33,18,807,0,36,10,14,60,353,439,43,32,867,54,0,54,921
09/25/2004,STL,MO,ACE,CE,Combined TRACON& Tower with Radar,250,273,22,12,557,0,20,35,1,56,250,293,57,13,613,2,0,2,615
09/26/2004,STL,MO,ACE,CE,Combined TRACON& Tower with Radar,276,361,57,17,711,0,0,0,0,0,276,361,57,17,711,0,0,0,711
09/27/2004,STL,MO,ACE,CE,Combined TRACON& Tower with Radar,313,362,29,16,720,0,64,32,7,103,313,426,61,23,823,0,0,0,823
09/28/2004,STL,MO,ACE,CE,Combined TRACON& Tower with Radar,346,377,30,17,770,0,46,5,0,51,346,423,35,17,821,0,0,0,821
09/29/2004,STL,MO,ACE,CE,Combined TRACON& Tower with Radar,349,393,31,11,784,0,31,42,0,73,349,424,73,11,857,2,0,2,859
09/30/2004,STL,MO,ACE,CE,Combined TRACON& Tower with Radar,371,395,32,16,814,0,31,63,0,94,371,426,95,16,908,22,0,22,930
10/01/2004,STL,MO,ACE,CE,Towers with Radar,353,431,33,10,827,0,3,31,0,34,353,434,64,10,861,0,0,0,861
10/02/2004,STL,MO,ACE,CE,Towers with Radar,263,288,17,19,587,0,4,35,0,39,263,292,52,19,626,0,0,0,626
10/03/2004,STL,MO,ACE,CE,Towers with Radar,296,370,10,27,703,0,1,30,0,31,296,371,40,27,734,4,0,4,738
10/04/2004,STL,MO,ACE,CE,Towers with Radar,326,421,21,27,795,0,1,41,4,46,326,422,62,31,841,0,0,0,841
10/05/2004,STL,MO,ACE,CE,Towers with Radar,355,481,49,24,909,0,4,42,1,47,355,485,91,25,956,0,0,0,956
10/06/2004,STL,MO,ACE,CE,Towers with Radar,350,428,41,28,847,0,4,41,1,46,350,432,82,29,893,0,0,0,893
10/07/2004,STL,MO,ACE,CE,Towers with Radar,356,422,28,18,824,0,22,11,1,34,356,444,39,19,858,0,0,0,858
10/08/2004,STL,MO,ACE,CE,Towers with Radar,371,411,3,12,797,0,12,2,0,14,371,423,5,12,811,0,0,0,811
10/09/2004,STL,MO,ACE,CE,Towers with Radar,278,287,18,15,598,0,0,8,2,10,278,287,26,17,608,0,0,0,608
10/10/2004,STL,MO,ACE,CE,Towers with Radar,295,375,4,14,688,0,3,19,0,22,295,378,23,14,710,0,0,0,710
10/11/2004,STL,MO,ACE,CE,Towers with Radar,329,420,27,9,785,0,0,9,0,9,329,420,36,9,794,0,0,0,794
10/12/2004,STL,MO,ACE,CE,Towers with Radar,354,421,33,11,819,0,0,1,0,1,354,421,34,11,820,0,0,0,820
10/13/2004,STL,MO,ACE,CE,Towers with Radar,356,426,36,21,839,0,4,7,0,11,356,430,43,21,850,0,0,0,850
10/14/2004,STL,MO,ACE,CE,Towers with Radar,345,429,27,17,818,0,0,1,0,1,345,429,28,17,819,0,0,0,819
10/15/2004,STL,MO,ACE,CE,Towers with Radar,366,432,52,30,880,0,8,39,4,51,366,440,91,34,931,16,2,18,949
10/16/2004,STL,MO,ACE,CE,Towers with Radar,264,307,34,12,617,0,0,24,0,24,264,307,58,12,641,0,0,0,641
10/17/2004,STL,MO,ACE,CE,Towers with Radar,299,365,26,19,709,0,3,30,1,34,299,368,56,20,743,0,0,0,743
10/18/2004,STL,MO,ACE,CE,Towers with Radar,270,307,34,12,623,0,0,24,0,24,270,307,58,12,647,0,0,0,647
10/19/2004,STL,MO,ACE,CE,Towers with Radar,270,307,34,12,623,0,0,24,0,24,270,307,58,12,647,0,0,0,647
10/20/2004,STL,MO,ACE,CE,Towers with Radar,357,402,57,17,833,0,1,0,0,1,357,403,57,17,834,0,0,0,834
10/21/2004,STL,MO,ACE,CE,Towers with Radar,357,409,67,23,856,0,0,1,0,1,357,409,68,23,857,0,0,0,857
10/22/2004,STL,MO,ACE,CE,Towers with Radar,358,415,42,29,844,0,2,2,3,7,358,417,44,32,851,0,0,0,851
10/23/2004,STL,MO,ACE,CE,Towers with Radar,268,283,19,19,589,0,6,19,3,28,268,289,38,22,617,0,0,0,617
10/24/2004,STL,MO,ACE,CE,Towers with Radar,299,383,13,16,711,0,0,0,0,0,299,383,13,16,711,56,0,56,767
10/25/2004,STL,MO,ACE,CE,Towers with Radar,331,430,28,23,812,0,4,31,2,37,331,434,59,25,849,0,0,0,849
10/26/2004,STL,MO,ACE,CE,Towers with Radar,370,432,81,14,897,0,1,2,0,3,370,433,83,14,900,0,0,0,900
10/27/2004,STL,MO,ACE,CE,Towers with Radar,362,439,66,14,881,0,0,0,0,0,362,439,66,14,881,0,0,0,881
10/28/2004,STL,MO,ACE,CE,Towers with Radar,358,442,73,18,891,0,1,6,0,7,358,443,79,18,898,20,0,20,918
10/29/2004,STL,MO,ACE,CE,Towers with Radar,358,429,27,28,842,0,6,29,4,39,358,435,56,32,881,0,0,0,881
10/30/2004,STL,MO,ACE,CE,Towers with Radar,280,284,8,12,584,0,10,18,0,28,280,294,26,12,612,0,0,0,612
10/31/2004,STL,MO,ACE,CE,Towers with Radar,279,366,17,17,679,0,1,22,0,23,279,367,39,17,702,0,0,0,702
11/01/2004,STL,MO,ACE,CE,Towers with Radar,324,419,19,22,784,0,1,1,0,2,324,420,20,22,786,0,0,0,786
11/02/2004,STL,MO,ACE,CE,Towers with Radar,350,412,41,25,828,0,0,2,1,3,350,412,43,26,831,0,0,0,831
11/03/2004,STL,MO,ACE,CE,Towers with Radar,349,411,44,16,820,0,0,3,0,3,349,411,47,16,823,0,0,0,823
11/04/2004,STL,MO,ACE,CE,Towers with Radar,341,417,56,20,834,0,0,2,2,4,341,417,58,22,838,0,6,6,844
11/05/2004,STL,MO,ACE,CE,Towers with Radar,354,454,37,21,866,0,1,64,7,72,354,455,101,28,938,4,0,4,942
11/06/2004,STL,MO,ACE,CE,Towers with Radar,273,286,18,26,603,0,4,40,0,44,273,290,58,26,647,0,0,0,647
11/07/2004,STL,MO,ACE,CE,Towers with Radar,298,374,19,18,709,0,4,32,1,37,298,378,51,19,746,0,0,0,746
11/08/2004,STL,MO,ACE,CE,Towers with Radar,319,428,32,23,802,0,1,29,1,31,319,429,61,24,833,0,0,0,833
11/09/2004,STL,MO,ACE,CE,Towers with Radar,346,437,38,16,837,0,3,28,1,32,346,440,66,17,869,0,0,0,869
11/10/2004,STL,MO,ACE,CE,Towers with Radar,353,429,59,25,866,0,12,29,3,44,353,441,88,28,910,0,0,0,910
11/11/2004,STL,MO,ACE,CE,Towers with Radar,357,431,31,9,828,0,0,1,0,1,357,431,32,9,829,0,0,0,829
11/12/2004,STL,MO,ACE,CE,Towers with Radar,353,432,39,23,847,0,4,21,9,34,353,436,60,32,881,0,0,0,881
11/13/2004,STL,MO,ACE,CE,Towers with Radar,263,288,16,14,581,0,5,28,0,33,263,293,44,14,614,0,0,0,614
11/14/2004,STL,MO,ACE,CE,Towers with Radar,294,383,12,17,706,0,6,30,0,36,294,389,42,17,742,0,0,0,742
11/15/2004,STL,MO,ACE,CE,Towers with Radar,317,416,26,21,780,0,1,17,0,18,317,417,43,21,798,1,0,1,799
11/16/2004,STL,MO,ACE,CE,Towers with Radar,350,427,40,24,841,0,2,12,0,14,350,429,52,24,855,0,2,2,857
11/17/2004,STL,MO,ACE,CE,Towers with Radar,343,438,46,17,844,0,4,28,1,33,343,442,74,18,877,0,4,4,881
11/18/2004,STL,MO,ACE,CE,Towers with Radar,347,457,33,22,859,0,1,6,0,7,347,458,39,22,866,0,0,0,866
11/19/2004,STL,MO,ACE,CE,Towers with Radar,352,455,46,23,876,0,2,1,0,3,352,457,47,23,879,0,0,0,879
11/20/2004,STL,MO,ACE,CE,Towers with Radar,265,291,17,13,586,0,2,17,2,21,265,293,34,15,607,8,0,8,615
11/21/2004,STL,MO,ACE,CE,Towers with Radar,285,377,7,11,680,0,0,0,0,0,285,377,7,11,680,12,0,12,692
11/22/2004,STL,MO,ACE,CE,Towers with Radar,355,371,11,18,755,0,2,0,1,3,355,373,11,19,758,0,0,0,758
11/23/2004,STL,MO,ACE,CE,Towers with Radar,380,391,43,22,836,0,0,0,0,0,380,391,43,22,836,0,0,0,836
11/24/2004,STL,MO,ACE,CE,Towers with Radar,396,364,17,9,786,0,0,0,0,0,396,364,17,9,786,0,0,0,786
11/25/2004,STL,MO,ACE,CE,Towers with Radar,265,239,7,7,518,0,0,1,0,1,265,239,8,7,519,0,0,0,519
11/26/2004,STL,MO,ACE,CE,Towers with Radar,253,257,5,7,522,0,1,18,0,19,253,258,23,7,541,4,0,4,545
11/27/2004,STL,MO,ACE,CE,Towers with Radar,286,258,10,7,561,0,1,0,0,1,286,259,10,7,562,0,0,0,562
11/28/2004,STL,MO,ACE,CE,Towers with Radar,326,365,15,12,718,0,1,29,0,30,326,366,44,12,748,0,0,0,748
11/29/2004,STL,MO,ACE,CE,Towers with Radar,364,394,20,13,791,0,0,1,0,1,364,394,21,13,792,0,0,0,792
11/30/2004,STL,MO,ACE,CE,Towers with Radar,384,391,20,11,806,0,0,0,0,0,384,391,20,11,806,0,0,0,806
12/01/2004,STL,MO,ACE,CE,Towers with Radar,376,391,32,30,829,0,9,38,8,55,376,400,70,38,884,0,8,8,892
12/02/2004,STL,MO,ACE,CE,Towers with Radar,368,420,47,24,859,0,0,0,0,0,368,420,47,24,859,0,0,0,859
12/03/2004,STL,MO,ACE,CE,Towers with Radar,379,399,56,27,861,0,1,31,7,39,379,400,87,34,900,4,0,4,904
12/04/2004,STL,MO,ACE,CE,Towers with Radar,297,261,21,34,613,0,4,30,0,34,297,265,51,34,647,0,8,8,655
12/05/2004,STL,MO,ACE,CE,Towers with Radar,328,336,21,14,699,0,1,10,0,11,328,337,31,14,710,0,0,0,710
12/06/2004,STL,MO,ACE,CE,Towers with Radar,367,392,36,22,817,0,0,0,0,0,367,392,36,22,817,68,0,68,885
12/07/2004,STL,MO,ACE,CE,Towers with Radar,380,383,30,28,821,0,0,0,0,0,380,383,30,28,821,86,0,86,907
12/08/2004,STL,MO,ACE,CE,Towers with Radar,384,383,30,28,825,0,0,0,0,0,384,383,30,28,825,2,7,9,834
12/09/2004,STL,MO,ACE,CE,Towers with Radar,386,397,53,26,862,0,4,27,3,34,386,401,80,29,896,2,3,5,901
12/10/2004,STL,MO,ACE,CE,Towers with Radar,383,374,31,20,808,0,0,0,0,0,383,374,31,20,808,0,0,0,808
12/11/2004,STL,MO,ACE,CE,Towers with Radar,295,238,21,15,569,0,0,0,0,0,295,238,21,15,569,0,0,0,569
12/12/2004,STL,MO,ACE,CE,Towers with Radar,314,346,16,11,687,0,0,8,0,8,314,346,24,11,695,0,0,0,695
12/13/2004,STL,MO,ACE,CE,Towers with Radar,363,393,35,25,816,0,2,10,0,12,363,395,45,25,828,0,0,0,828
12/14/2004,STL,MO,ACE,CE,Towers with Radar,381,382,37,29,829,0,2,31,1,34,381,384,68,30,863,0,0,0,863
12/15/2004,STL,MO,ACE,CE,Towers with Radar,384,391,46,25,846,0,2,16,0,18,384,393,62,25,864,0,0,0,864
12/16/2004,STL,MO,ACE,CE,Towers with Radar,376,404,36,34,850,0,2,21,4,27,376,406,57,38,877,0,0,0,877
12/17/2004,STL,MO,ACE,CE,Towers with Radar,392,403,33,18,846,0,5,27,4,36,392,408,60,22,882,0,0,0,882
12/18/2004,STL,MO,ACE,CE,Towers with Radar,302,264,10,12,588,0,4,34,0,38,302,268,44,12,626,0,0,0,626
12/19/2004,STL,MO,ACE,CE,Towers with Radar,307,334,6,13,660,0,0,5,0,5,307,334,11,13,665,0,0,0,665
12/20/2004,STL,MO,ACE,CE,Towers with Radar,353,372,24,27,776,0,0,11,0,11,353,372,35,27,787,0,0,0,787
12/21/2004,STL,MO,ACE,CE,Towers with Radar,388,399,37,19,843,0,4,29,6,39,388,403,66,25,882,0,0,0,882
12/22/2004,STL,MO,ACE,CE,Towers with Radar,367,362,22,12,763,0,2,10,0,12,367,364,32,12,775,0,0,0,775
12/23/2004,STL,MO,ACE,CE,Towers with Radar,351,374,25,6,756,0,1,13,0,14,351,375,38,6,770,0,0,0,770
12/24/2004,STL,MO,ACE,CE,Towers with Radar,341,295,16,9,661,0,3,20,1,24,341,298,36,10,685,0,0,0,685
12/25/2004,STL,MO,ACE,CE,Towers with Radar,272,196,4,10,482,0,0,7,0,7,272,196,11,10,489,0,0,0,489
12/26/2004,STL,MO,ACE,CE,Towers with Radar,310,334,32,13,689,0,0,0,0,0,310,334,32,13,689,0,0,0,689
12/27/2004,STL,MO,ACE,CE,Towers with Radar,365,400,37,14,816,0,0,0,0,0,365,400,37,14,816,0,0,0,816
12/28/2004,STL,MO,ACE,CE,Towers with Radar,382,400,50,14,846,0,0,0,0,0,382,400,50,14,846,0,0,0,846
12/29/2004,STL,MO,ACE,CE,Towers with Radar,383,397,16,18,814,0,0,1,0,1,383,397,17,18,815,0,0,0,815
12/30/2004,STL,MO,ACE,CE,Towers with Radar,371,395,7,8,781,0,3,4,0,7,371,398,11,8,788,0,0,0,788
12/31/2004,STL,MO,ACE,CE,Towers with Radar,335,262,11,6,614,0,2,11,0,13,335,264,22,6,627,0,0,0,627
01/01/2005,STL,MO,ACE,CE,Towers with Radar,290,200,3,13,506,0,0,0,0,0,290,200,3,13,506,0,0,0,506
01/02/2005,STL,MO,ACE,CE,Towers with Radar,325,340,16,12,693,0,0,0,0,0,325,340,16,12,693,0,0,0,693
01/03/2005,STL,MO,ACE,CE,Towers with Radar,362,388,14,13,777,0,0,0,0,0,362,388,14,13,777,0,0,0,777
01/04/2005,STL,MO,ACE,CE,Towers with Radar,386,367,25,7,785,0,0,0,0,0,386,367,25,7,785,0,0,0,785
01/05/2005,STL,MO,ACE,CE,Towers with Radar,383,347,27,11,768,0,4,0,0,4,383,351,27,11,772,0,0,0,772
01/06/2005,STL,MO,ACE,CE,Towers with Radar,384,392,30,16,822,0,1,2,0,3,384,393,32,16,825,0,0,0,825
01/07/2005,STL,MO,ACE,CE,Towers with Radar,393,388,29,18,828,0,0,0,0,0,393,388,29,18,828,0,0,0,828
01/08/2005,STL,MO,ACE,CE,Towers with Radar,315,253,12,16,596,0,0,3,0,3,315,253,15,16,599,6,0,6,605
01/09/2005,STL,MO,ACE,CE,Towers with Radar,327,337,14,15,693,0,5,10,0,15,327,342,24,15,708,0,0,0,708
01/10/2005,STL,MO,ACE,CE,Towers with Radar,385,361,17,14,777,0,0,0,0,0,385,361,17,14,777,0,0,0,777
01/11/2005,STL,MO,ACE,CE,Towers with Radar,388,354,35,12,789,0,0,0,0,0,388,354,35,12,789,0,0,0,789
01/12/2005,STL,MO,ACE,CE,Towers with Radar,381,365,37,13,796,0,0,0,0,0,381,365,37,13,796,0,0,0,796
01/13/2005,STL,MO,ACE,CE,Towers with Radar,391,373,41,4,809,0,0,0,0,0,391,373,41,4,809,0,0,0,809
01/14/2005,STL,MO,ACE,CE,Towers with Radar,399,408,42,16,865,0,9,16,4,29,399,417,58,20,894,8,0,8,902
01/15/2005,STL,MO,ACE,CE,Towers with Radar,313,255,27,25,620,2,0,0,0,2,315,255,27,25,622,0,0,0,622
01/16/2005,STL,MO,ACE,CE,Towers with Radar,332,333,7,17,689,0,1,19,1,21,332,334,26,18,710,0,0,0,710
01/17/2005,STL,MO,ACE,CE,Towers with Radar,365,382,23,10,780,0,14,12,0,26,365,396,35,10,806,0,0,0,806
01/18/2005,STL,MO,ACE,CE,Towers with Radar,395,389,31,18,833,0,6,20,2,28,395,395,51,20,861,8,0,8,869
01/19/2005,STL,MO,ACE,CE,Towers with Radar,393,372,51,13,829,0,0,0,0,0,393,372,51,13,829,2,0,2,831
01/20/2005,STL,MO,ACE,CE,Towers with Radar,391,405,51,15,862,0,0,0,0,0,391,405,51,15,862,0,0,0,862
01/21/2005,STL,MO,ACE,CE,Towers with Radar,395,373,39,18,825,0,0,0,0,0,395,373,39,18,825,0,0,0,825
01/22/2005,STL,MO,ACE,CE,Towers with Radar,322,219,6,18,565,0,0,0,1,1,322,219,6,19,566,0,0,0,566
01/23/2005,STL,MO,ACE,CE,Towers with Radar,315,313,12,14,654,0,0,16,0,16,315,313,28,14,670,0,0,0,670
01/24/2005,STL,MO,ACE,CE,Towers with Radar,382,384,20,27,813,0,8,37,10,55,382,392,57,37,868,0,4,4,872
01/25/2005,STL,MO,ACE,CE,Towers with Radar,387,396,39,23,845,0,4,27,2,33,387,400,66,25,878,0,0,0,878
01/26/2005,STL,MO,ACE,CE,Towers with Radar,382,398,42,29,851,0,0,1,1,2,382,398,43,30,853,0,0,0,853
01/27/2005,STL,MO,ACE,CE,Towers with Radar,392,412,45,20,869,0,4,23,2,29,392,416,68,22,898,0,0,0,898
01/28/2005,STL,MO,ACE,CE,Towers with Radar,398,386,31,34,849,0,2,18,2,22,398,388,49,36,871,0,0,0,871
01/29/2005,STL,MO,ACE,CE,Towers with Radar,302,221,10,17,550,0,0,0,0,0,302,221,10,17,550,0,0,0,550
01/30/2005,STL,MO,ACE,CE,Towers with Radar,331,343,9,16,699,0,3,11,0,14,331,346,20,16,713,0,0,0,713
01/31/2005,STL,MO,ACE,CE,Towers with Radar,378,385,14,31,808,0,1,1,1,3,378,386,15,32,811,0,0,0,811
02/01/2005,STL,MO,ACE,CE,Towers with Radar,399,388,31,27,845,0,2,20,5,27,399,390,51,32,872,8,0,8,880
02/02/2005,STL,MO,ACE,CE,Towers with Radar,406,386,32,13,837,0,0,0,0,0,406,386,32,13,837,0,0,0,837
02/03/2005,STL,MO,ACE,CE,Towers with Radar,410,397,24,33,864,0,0,0,0,0,410,397,24,33,864,0,0,0,864
02/04/2005,STL,MO,ACE,CE,Towers with Radar,406,398,27,23,854,0,1,37,0,38,406,399,64,23,892,2,0,2,894
02/05/2005,STL,MO,ACE,CE,Towers with Radar,334,239,38,16,627,0,2,38,0,40,334,241,76,16,667,0,0,0,667
02/06/2005,STL,MO,ACE,CE,Towers with Radar,337,329,12,14,692,0,1,3,0,4,337,330,15,14,696,0,0,0,696
02/07/2005,STL,MO,ACE,CE,Towers with Radar,386,377,24,18,805,0,0,0,0,0,386,377,24,18,805,0,0,0,805
02/08/2005,STL,MO,ACE,CE,Towers with Radar,401,374,38,26,839,0,0,2,0,2,401,374,40,26,841,0,0,0,841
02/09/2005,STL,MO,ACE,CE,Towers with Radar,418,408,31,17,874,0,0,5,0,5,418,408,36,17,879,0,0,0,879
02/10/2005,STL,MO,ACE,CE,Towers with Radar,414,393,50,28,885,0,4,26,3,33,414,397,76,31,918,4,0,4,922
02/11/2005,STL,MO,ACE,CE,Towers with Radar,402,401,41,26,870,0,6,57,2,65,402,407,98,28,935,6,0,6,941
02/12/2005,STL,MO,ACE,CE,Towers with Radar,335,240,12,30,617,0,3,29,0,32,335,243,41,30,649,6,0,6,655
02/13/2005,STL,MO,ACE,CE,Towers with Radar,333,331,12,31,707,0,0,0,0,0,333,331,12,31,707,0,0,0,707
02/14/2005,STL,MO,ACE,CE,Towers with Radar,384,378,20,27,809,0,0,11,1,12,384,378,31,28,821,0,0,0,821
02/15/2005,STL,MO,ACE,CE,Towers with Radar,407,386,28,23,844,0,3,18,1,22,407,389,46,24,866,0,4,4,870
02/16/2005,STL,MO,ACE,CE,Towers with Radar,403,388,57,28,876,0,0,0,0,0,403,388,57,28,876,0,0,0,876
02/17/2005,STL,MO,ACE,CE,Towers with Radar,404,393,66,32,895,0,0,0,0,0,404,393,66,32,895,0,0,0,895
02/18/2005,STL,MO,ACE,CE,Towers with Radar,414,388,27,72,901,0,5,37,7,49,414,393,64,79,950,2,0,2,952
02/19/2005,STL,MO,ACE,CE,Towers with Radar,322,237,9,17,585,0,0,7,2,9,322,237,16,19,594,0,0,0,594
02/20/2005,STL,MO,ACE,CE,Towers with Radar,312,326,3,15,656,0,0,3,0,3,312,326,6,15,659,0,0,0,659
02/21/2005,STL,MO,ACE,CE,Towers with Radar,374,376,14,14,778,0,1,1,0,2,374,377,15,14,780,2,0,2,782
02/22/2005,STL,MO,ACE,CE,Towers with Radar,415,397,29,22,863,0,0,12,2,14,415,397,41,24,877,0,2,2,879
02/23/2005,STL,MO,ACE,CE,Towers with Radar,411,383,31,23,848,0,0,17,1,18,411,383,48,24,866,2,0,2,868
02/24/2005,STL,MO,ACE,CE,Towers with Radar,396,369,31,28,824,0,0,8,1,9,396,369,39,29,833,0,0,0,833
02/25/2005,STL,MO,ACE,CE,Towers with Radar,411,389,32,25,857,0,4,44,4,52,411,393,76,29,909,0,0,0,909
02/26/2005,STL,MO,ACE,CE,Towers with Radar,348,235,17,21,621,0,7,44,0,51,348,242,61,21,672,0,0,0,672
02/27/2005,STL,MO,ACE,CE,Towers with Radar,338,324,21,20,703,0,1,6,0,7,338,325,27,20,710,0,0,0,710
02/28/2005,STL,MO,ACE,CE,Towers with Radar,375,343,31,20,769,0,0,2,0,2,375,343,33,20,771,0,0,0,771
03/01/2005,STL,MO,ACE,CE,Towers with Radar,403,355,22,30,810,0,0,22,1,23,403,355,44,31,833,0,6,6,839
03/02/2005,STL,MO,ACE,CE,Towers with Radar,407,379,75,30,891,4,0,0,0,4,411,379,75,30,895,0,0,0,895
03/03/2005,STL,MO,ACE,CE,Towers with Radar,417,394,75,31,917,0,0,0,0,0,417,394,75,31,917,12,0,12,929
03/04/2005,STL,MO,ACE,CE,Towers with Radar,416,390,29,32,867,0,5,37,9,51,416,395,66,41,918,12,0,12,930
03/05/2005,STL,MO,ACE,CE,Towers with Radar,330,247,17,29,623,0,2,21,0,23,330,249,38,29,646,2,0,2,648
03/06/2005,STL,MO,ACE,CE,Towers with Radar,340,322,22,24,708,0,5,26,5,36,340,327,48,29,744,0,0,0,744
03/07/2005,STL,MO,ACE,CE,Towers with Radar,390,378,18,24,810,0,3,13,0,16,390,381,31,24,826,0,0,0,826
03/08/2005,STL,MO,ACE,CE,Towers with Radar,406,381,30,27,844,4,5,18,0,27,410,386,48,27,871,0,4,4,875
03/09/2005,STL,MO,ACE,CE,Towers with Radar,402,404,44,24,874,4,2,16,1,23,406,406,60,25,897,12,0,12,909
03/10/2005,STL,MO,ACE,CE,Towers with Radar,402,389,38,34,863,0,2,8,0,10,402,391,46,34,873,0,0,0,873
03/11/2005,STL,MO,ACE,CE,Towers with Radar,429,368,47,27,871,0,13,4,3,20,429,381,51,30,891,40,0,40,931
03/12/2005,STL,MO,ACE,CE,Towers with Radar,327,242,19,21,609,0,0,29,0,29,327,242,48,21,638,0,0,0,638
03/13/2005,STL,MO,ACE,CE,Towers with Radar,346,327,20,18,711,0,4,28,6,38,346,331,48,24,749,0,0,0,749
03/14/2005,STL,MO,ACE,CE,Towers with Radar,389,405,22,31,847,0,0,25,2,27,389,405,47,33,874,4,0,4,878
03/15/2005,STL,MO,ACE,CE,Towers with Radar,415,405,33,26,879,0,2,30,1,33,415,407,63,27,912,0,0,0,912
03/16/2005,STL,MO,ACE,CE,Towers with Radar,415,381,49,37,882,0,3,27,2,32,415,384,76,39,914,2,0,2,916
03/17/2005,STL,MO,ACE,CE,Towers with Radar,408,392,41,27,868,0,3,32,1,36,408,395,73,28,904,0,2,2,906
03/18/2005,STL,MO,ACE,CE,Towers with Radar,415,385,42,28,870,0,2,33,0,35,415,387,75,28,905,0,0,0,905
03/19/2005,STL,MO,ACE,CE,Towers with Radar,334,256,21,17,628,0,0,8,0,8,334,256,29,17,636,4,0,4,640
03/20/2005,STL,MO,ACE,CE,Towers with Radar,345,327,9,16,697,0,2,32,0,34,345,329,41,16,731,0,0,0,731
03/21/2005,STL,MO,ACE,CE,Towers with Radar,399,391,31,29,850,0,0,21,1,22,399,391,52,30,872,0,0,0,872
03/22/2005,STL,MO,ACE,CE,Towers with Radar,412,381,21,17,831,0,0,0,0,0,412,381,21,17,831,0,0,0,831
03/23/2005,STL,MO,ACE,CE,Towers with Radar,411,375,36,22,844,0,0,1,0,1,411,375,37,22,845,0,0,0,845
03/24/2005,STL,MO,ACE,CE,Towers with Radar,425,381,47,22,875,0,1,1,0,2,425,382,48,22,877,0,0,0,877
03/25/2005,STL,MO,ACE,CE,Towers with Radar,414,374,28,27,843,0,0,1,0,1,414,374,29,27,844,0,0,0,844
03/26/2005,STL,MO,ACE,CE,Towers with Radar,338,238,11,16,603,0,0,0,0,0,338,238,11,16,603,0,0,0,603
03/27/2005,STL,MO,ACE,CE,Towers with Radar,334,309,10,18,671,0,1,4,0,5,334,310,14,18,676,0,0,0,676
03/28/2005,STL,MO,ACE,CE,Towers with Radar,390,366,19,28,803,0,4,50,2,56,390,370,69,30,859,10,0,10,869
03/29/2005,STL,MO,ACE,CE,Towers with Radar,410,386,26,0,822,0,13,0,0,13,410,399,26,0,835,4,0,4,839
03/30/2005,STL,MO,ACE,CE,Towers with Radar,433,367,32,29,861,0,0,7,2,9,433,367,39,31,870,0,0,0,870
03/31/2005,STL,MO,ACE,CE,Towers with Radar,437,396,59,24,916,0,5,25,0,30,437,401,84,24,946,2,0,2,948
04/01/2005,STL,MO,ACE,CE,Towers with Radar,448,391,85,27,951,0,5,15,2,22,448,396,100,29,973,0,0,0,973
04/02/2005,STL,MO,ACE,CE,Towers with Radar,334,287,107,24,752,0,4,38,2,44,334,291,145,26,796,0,0,0,796
04/03/2005,STL,MO,ACE,CE,Towers with Radar,357,348,74,33,812,0,5,41,0,46,357,353,115,33,858,0,0,0,858
04/04/2005,STL,MO,ACE,CE,Towers with Radar,401,401,97,15,914,0,3,24,0,27,401,404,121,15,941,0,0,0,941
04/05/2005,STL,MO,ACE,CE,Towers with Radar,441,433,177,22,1073,0,0,1,1,2,441,433,178,23,1075,4,0,4,1079
04/06/2005,STL,MO,ACE,CE,Towers with Radar,405,392,37,37,871,0,0,5,1,6,405,392,42,38,877,0,0,0,877
04/07/2005,STL,MO,ACE,CE,Towers with Radar,401,375,49,25,850,0,1,4,0,5,401,376,53,25,855,0,0,0,855
04/08/2005,STL,MO,ACE,CE,Towers with Radar,419,391,38,31,879,0,4,41,4,49,419,395,79,35,928,8,0,8,936
04/09/2005,STL,MO,ACE,CE,Towers with Radar,328,250,21,16,615,0,2,50,1,53,328,252,71,17,668,0,0,0,668
04/10/2005,STL,MO,ACE,CE,Towers with Radar,340,316,23,13,692,0,3,22,0,25,340,319,45,13,717,0,0,0,717
04/11/2005,STL,MO,ACE,CE,Towers with Radar,377,377,17,16,787,0,0,3,0,3,377,377,20,16,790,0,0,0,790
04/12/2005,STL,MO,ACE,CE,Towers with Radar,405,389,28,26,848,0,2,4,0,6,405,391,32,26,854,0,0,0,854
04/13/2005,STL,MO,ACE,CE,Towers with Radar,407,388,35,18,848,0,3,9,0,12,407,391,44,18,860,0,0,0,860
04/14/2005,STL,MO,ACE,CE,Towers with Radar,408,398,32,28,866,0,8,40,3,51,408,406,72,31,917,0,0,0,917
04/15/2005,STL,MO,ACE,CE,Towers with Radar,410,388,32,30,860,0,7,54,4,65,410,395,86,34,925,0,0,0,925
04/16/2005,STL,MO,ACE,CE,Towers with Radar,325,258,18,17,618,0,4,27,0,31,325,262,45,17,649,6,0,6,655
04/17/2005,STL,MO,ACE,CE,Towers with Radar,343,341,10,17,711,0,3,23,5,31,343,344,33,22,742,0,0,0,742
04/18/2005,STL,MO,ACE,CE,Towers with Radar,395,381,28,26,830,0,0,24,1,25,395,381,52,27,855,0,0,0,855
04/19/2005,STL,MO,ACE,CE,Towers with Radar,406,393,36,21,856,0,0,10,2,12,406,393,46,23,868,0,0,0,868
04/20/2005,STL,MO,ACE,CE,Towers with Radar,405,378,43,26,852,0,3,14,1,18,405,381,57,27,870,0,0,0,870
04/21/2005,STL,MO,ACE,CE,Towers with Radar,408,383,42,21,854,0,1,3,1,5,408,384,45,22,859,0,0,0,859
04/22/2005,STL,MO,ACE,CE,Towers with Radar,413,395,25,22,855,0,0,1,3,4,413,395,26,25,859,8,0,8,867
04/23/2005,STL,MO,ACE,CE,Towers with Radar,323,244,9,18,594,0,0,5,0,5,323,244,14,18,599,0,0,0,599
04/24/2005,STL,MO,ACE,CE,Towers with Radar,349,331,13,13,706,0,1,21,1,23,349,332,34,14,729,0,0,0,729
04/25/2005,STL,MO,ACE,CE,Towers with Radar,388,380,20,20,808,0,0,30,1,31,388,380,50,21,839,0,0,0,839
04/26/2005,STL,MO,ACE,CE,Towers with Radar,427,389,39,31,886,0,3,37,2,42,427,392,76,33,928,0,0,0,928
04/27/2005,STL,MO,ACE,CE,Towers with Radar,402,389,39,26,856,0,4,37,6,47,402,393,76,32,903,0,0,0,903
04/28/2005,STL,MO,ACE,CE,Towers with Radar,412,384,46,18,860,0,0,8,0,8,412,384,54,18,868,0,0,0,868
04/29/2005,STL,MO,ACE,CE,Towers with Radar,418,380,31,27,856,0,1,0,0,1,418,381,31,27,857,0,0,0,857
04/30/2005,STL,MO,ACE,CE,Towers with Radar,326,243,17,45,631,0,3,21,5,29,326,246,38,50,660,0,0,0,660
05/01/2005,STL,MO,ACE,CE,Towers with Radar,350,327,16,39,732,0,1,12,3,16,350,328,28,42,748,0,0,0,748
05/02/2005,STL,MO,ACE,CE,Towers with Radar,387,389,25,32,833,0,2,18,1,21,387,391,43,33,854,0,0,0,854
05/03/2005,STL,MO,ACE,CE,Towers with Radar,403,393,42,30,868,0,3,1,3,7,403,396,43,33,875,0,6,6,881
05/04/2005,STL,MO,ACE,CE,Towers with Radar,407,398,43,34,882,0,7,48,0,55,407,405,91,34,937,0,0,0,937
05/05/2005,STL,MO,ACE,CE,Towers with Radar,414,395,46,24,879,0,1,33,1,35,414,396,79,25,914,2,0,2,916
05/06/2005,STL,MO,ACE,CE,Towers with Radar,418,390,33,29,870,0,2,41,2,45,418,392,74,31,915,0,0,0,915
05/07/2005,STL,MO,ACE,CE,Towers with Radar,328,250,25,30,633,0,5,29,0,34,328,255,54,30,667,2,0,2,669
05/08/2005,STL,MO,ACE,CE,Towers with Radar,343,337,9,24,713,0,1,14,0,15,343,338,23,24,728,0,0,0,728
05/09/2005,STL,MO,ACE,CE,Towers with Radar,387,402,30,23,842,0,0,13,6,19,387,402,43,29,861,5,0,5,866
05/10/2005,STL,MO,ACE,CE,Towers with Radar,398,406,28,31,863,0,1,25,4,30,398,407,53,35,893,8,0,8,901
05/11/2005,STL,MO,ACE,CE,Towers with Radar,398,398,44,33,873,0,2,36,1,39,398,400,80,34,912,0,0,0,912
05/12/2005,STL,MO,ACE,CE,Towers with Radar,410,403,34,27,874,0,4,14,1,19,410,407,48,28,893,0,0,0,893
05/13/2005,STL,MO,ACE,CE,Towers with Radar,417,381,30,28,856,0,1,15,23,39,417,382,45,51,895,0,0,0,895
05/14/2005,STL,MO,ACE,CE,Towers with Radar,325,256,13,25,619,0,1,12,1,14,325,257,25,26,633,0,0,0,633
05/15/2005,STL,MO,ACE,CE,Towers with Radar,353,348,13,20,734,0,3,43,0,46,353,351,56,20,780,0,0,0,780
05/16/2005,STL,MO,ACE,CE,Towers with Radar,388,386,30,31,835,0,6,36,1,43,388,392,66,32,878,6,0,6,884
05/17/2005,STL,MO,ACE,CE,Towers with Radar,404,396,42,30,872,0,4,35,1,40,404,400,77,31,912,0,0,0,912
05/18/2005,STL,MO,ACE,CE,Towers with Radar,401,390,39,35,865,0,3,28,1,32,401,393,67,36,897,0,0,0,897
05/19/2005,STL,MO,ACE,CE,Towers with Radar,422,404,45,24,895,0,0,15,0,15,422,404,60,24,910,2,0,2,912
05/20/2005,STL,MO,ACE,CE,Towers with Radar,409,402,27,22,860,0,2,12,0,14,409,404,39,22,874,0,0,0,874
05/21/2005,STL,MO,ACE,CE,Towers with Radar,325,260,21,19,625,0,2,31,0,33,325,262,52,19,658,0,0,0,658
05/22/2005,STL,MO,ACE,CE,Towers with Radar,353,336,17,19,725,0,1,13,0,14,353,337,30,19,739,0,0,0,739
05/23/2005,STL,MO,ACE,CE,Towers with Radar,382,387,19,35,823,0,3,26,7,36,382,390,45,42,859,2,0,2,861
05/24/2005,STL,MO,ACE,CE,Towers with Radar,402,399,38,29,868,0,6,33,3,42,402,405,71,32,910,0,0,0,910
05/25/2005,STL,MO,ACE,CE,Towers with Radar,397,402,40,25,864,0,12,30,1,43,397,414,70,26,907,0,0,0,907
05/26/2005,STL,MO,ACE,CE,Towers with Radar,403,407,37,30,877,0,1,31,2,34,403,408,68,32,911,7,0,7,918
05/27/2005,STL,MO,ACE,CE,Towers with Radar,413,391,29,26,859,0,0,27,2,29,413,391,56,28,888,0,0,0,888
05/28/2005,STL,MO,ACE,CE,Towers with Radar,323,246,21,28,618,0,2,36,0,38,323,248,57,28,656,0,0,0,656
05/29/2005,STL,MO,ACE,CE,Towers with Radar,312,264,6,17,599,0,1,19,0,20,312,265,25,17,619,0,0,0,619
05/30/2005,STL,MO,ACE,CE,Towers with Radar,359,327,23,24,733,0,6,21,0,27,359,333,44,24,760,3,0,3,763
05/31/2005,STL,MO,ACE,CE,Towers with Radar,381,395,25,17,818,0,4,31,2,37,381,399,56,19,855,0,0,0,855
06/01/2005,STL,MO,ACE,CE,Towers with Radar,415,405,37,28,885,0,1,33,4,38,415,406,70,32,923,10,0,10,933
06/02/2005,STL,MO,ACE,CE,Towers with Radar,410,413,35,33,891,0,1,17,1,19,410,414,52,34,910,0,0,0,910
06/03/2005,STL,MO,ACE,CE,Towers with Radar,407,397,27,34,865,0,2,15,0,17,407,399,42,34,882,0,0,0,882
06/04/2005,STL,MO,ACE,CE,Towers with Radar,334,257,18,42,651,0,0,14,0,14,334,257,32,42,665,0,0,0,665
06/05/2005,STL,MO,ACE,CE,Towers with Radar,366,349,15,66,796,0,0,5,7,12,366,349,20,73,808,0,0,0,808
06/06/2005,STL,MO,ACE,CE,Towers with Radar,383,389,37,21,830,0,2,27,2,31,383,391,64,23,861,0,0,0,861
06/07/2005,STL,MO,ACE,CE,Towers with Radar,420,408,41,29,898,0,8,25,0,33,420,416,66,29,931,0,0,0,931
06/08/2005,STL,MO,ACE,CE,Towers with Radar,404,344,42,32,822,0,3,17,0,20,404,347,59,32,842,8,0,8,850
06/09/2005,STL,MO,ACE,CE,Towers with Radar,422,424,50,30,926,0,0,16,6,22,422,424,66,36,948,4,0,4,952
06/10/2005,STL,MO,ACE,CE,Towers with Radar,425,422,44,32,923,0,0,14,8,22,425,422,58,40,945,0,0,0,945
06/11/2005,STL,MO,ACE,CE,Towers with Radar,360,268,15,19,662,0,0,10,0,10,360,268,25,19,672,4,0,4,676
06/12/2005,STL,MO,ACE,CE,Towers with Radar,367,356,23,23,769,0,3,14,0,17,367,359,37,23,786,0,0,0,786
06/13/2005,STL,MO,ACE,CE,Towers with Radar,372,373,26,26,797,0,2,15,1,18,372,375,41,27,815,0,0,0,815
06/14/2005,STL,MO,ACE,CE,Towers with Radar,434,416,42,28,920,0,4,23,3,30,434,420,65,31,950,8,0,8,958
06/15/2005,STL,MO,ACE,CE,Towers with Radar,418,403,38,42,901,0,2,25,1,28,418,405,63,43,929,1,0,1,930
06/16/2005,STL,MO,ACE,CE,Towers with Radar,412,394,41,23,870,0,3,42,1,46,412,397,83,24,916,2,0,2,918
06/17/2005,STL,MO,ACE,CE,Towers with Radar,422,405,27,25,879,2,5,32,2,41,424,410,59,27,920,0,0,0,920
06/18/2005,STL,MO,ACE,CE,Towers with Radar,359,262,17,21,659,0,4,43,0,47,359,266,60,21,706,0,0,0,706
06/19/2005,STL,MO,ACE,CE,Towers with Radar,356,350,19,16,741,0,3,41,0,44,356,353,60,16,785,0,0,0,785
06/20/2005,STL,MO,ACE,CE,Towers with Radar,393,408,36,23,860,0,4,25,0,29,393,412,61,23,889,3,0,3,892
06/21/2005,STL,MO,ACE,CE,Towers with Radar,409,399,44,33,885,0,3,44,1,48,409,402,88,34,933,2,0,2,935
06/22/2005,STL,MO,ACE,CE,Towers with Radar,418,400,40,38,896,0,5,29,2,36,418,405,69,40,932,0,0,0,932
06/23/2005,STL,MO,ACE,CE,Towers with Radar,424,416,53,34,927,0,3,34,1,38,424,419,87,35,965,0,0,0,965
06/24/2005,STL,MO,ACE,CE,Towers with Radar,431,391,47,28,897,0,7,43,4,54,431,398,90,32,951,2,0,2,953
06/25/2005,STL,MO,ACE,CE,Towers with Radar,353,257,15,20,645,0,3,33,0,36,353,260,48,20,681,0,0,0,681
06/26/2005,STL,MO,ACE,CE,Towers with Radar,362,356,6,20,744,0,3,31,0,34,362,359,37,20,778,0,0,0,778
06/27/2005,STL,MO,ACE,CE,Towers with Radar,390,401,24,34,849,0,0,30,1,31,390,401,54,35,880,0,0,0,880
06/28/2005,STL,MO,ACE,CE,Towers with Radar,415,404,29,28,876,0,2,28,2,32,415,406,57,30,908,0,0,0,908
06/29/2005,STL,MO,ACE,CE,Towers with Radar,412,385,53,35,885,0,4,28,4,36,412,389,81,39,921,0,0,0,921
06/30/2005,STL,MO,ACE,CE,Towers with Radar,422,403,32,32,889,0,3,22,1,26,422,406,54,33,915,3,0,3,918
07/01/2005,STL,MO,ACE,CE,Towers with Radar,420,402,37,17,876,0,2,45,1,48,420,404,82,18,924,2,0,2,926
07/02/2005,STL,MO,ACE,CE,Towers with Radar,347,260,13,12,632,0,4,44,3,51,347,264,57,15,683,0,0,0,683
07/03/2005,STL,MO,ACE,CE,Towers with Radar,312,286,11,11,620,0,10,31,1,42,312,296,42,12,662,0,0,0,662
07/04/2005,STL,MO,ACE,CE,Towers with Radar,351,283,2,11,647,0,4,10,1,15,351,287,12,12,662,0,0,0,662
07/05/2005,STL,MO,ACE,CE,Towers with Radar,378,387,35,14,814,0,1,26,1,28,378,388,61,15,842,2,0,2,844
07/06/2005,STL,MO,ACE,CE,Towers with Radar,410,406,35,20,871,0,4,37,0,41,410,410,72,20,912,0,0,0,912
07/07/2005,STL,MO,ACE,CE,Towers with Radar,401,402,41,14,858,0,3,33,3,39,401,405,74,17,897,4,0,4,901
07/08/2005,STL,MO,ACE,CE,Towers with Radar,409,414,38,13,874,0,3,74,0,77,409,417,112,13,951,15,0,15,966
07/09/2005,STL,MO,ACE,CE,Towers with Radar,353,259,26,16,654,0,5,35,6,46,353,264,61,22,700,0,0,0,700
07/10/2005,STL,MO,ACE,CE,Towers with Radar,369,346,28,23,766,0,1,40,1,42,369,347,68,24,808,2,0,2,810
07/11/2005,STL,MO,ACE,CE,Towers with Radar,396,392,34,16,838,0,1,11,1,13,396,393,45,17,851,1,0,1,852
07/12/2005,STL,MO,ACE,CE,Towers with Radar,414,390,38,9,851,0,0,0,0,0,414,390,38,9,851,0,0,0,851
07/13/2005,STL,MO,ACE,CE,Towers with Radar,399,390,37,11,837,0,1,3,1,5,399,391,40,12,842,0,0,0,842
07/14/2005,STL,MO,ACE,CE,Towers with Radar,415,411,37,12,875,0,1,13,3,17,415,412,50,15,892,0,0,0,892
07/15/2005,STL,MO,ACE,CE,Towers with Radar,418,397,28,9,852,0,8,16,1,25,418,405,44,10,877,0,0,0,877
07/16/2005,STL,MO,ACE,CE,Towers with Radar,349,273,11,9,642,0,4,16,1,21,349,277,27,10,663,0,0,0,663
07/17/2005,STL,MO,ACE,CE,Towers with Radar,349,341,12,13,715,0,0,24,0,24,349,341,36,13,739,0,0,0,739
07/18/2005,STL,MO,ACE,CE,Towers with Radar,383,409,47,11,850,0,3,21,2,26,383,412,68,13,876,3,0,3,879
07/19/2005,STL,MO,ACE,CE,Towers with Radar,416,419,49,17,901,0,3,39,2,44,416,422,88,19,945,2,0,2,947
07/20/2005,STL,MO,ACE,CE,Towers with Radar,410,416,35,16,877,0,2,31,3,36,410,418,66,19,913,1,0,1,914
07/21/2005,STL,MO,ACE,CE,Towers with Radar,425,404,52,10,891,0,3,40,3,46,425,407,92,13,937,0,0,0,937
07/22/2005,STL,MO,ACE,CE,Towers with Radar,431,410,27,19,887,0,4,35,1,40,431,414,62,20,927,0,0,0,927
07/23/2005,STL,MO,ACE,CE,Towers with Radar,350,256,16,10,632,0,2,36,0,38,350,258,52,10,670,0,0,0,670
07/24/2005,STL,MO,ACE,CE,Towers with Radar,363,358,10,10,741,0,6,46,0,52,363,364,56,10,793,1,0,1,794
07/25/2005,STL,MO,ACE,CE,Towers with Radar,394,400,19,16,829,0,5,20,0,25,394,405,39,16,854,3,0,3,857
07/26/2005,STL,MO,ACE,CE,Towers with Radar,413,409,41,20,883,0,3,14,1,18,413,412,55,21,901,6,0,6,907
07/27/2005,STL,MO,ACE,CE,Towers with Radar,421,392,38,19,870,0,0,0,0,0,421,392,38,19,870,0,0,0,870
07/28/2005,STL,MO,ACE,CE,Towers with Radar,419,415,41,20,895,0,8,45,1,54,419,423,86,21,949,4,0,4,953
07/29/2005,STL,MO,ACE,CE,Towers with Radar,412,417,45,19,893,0,11,35,3,49,412,428,80,22,942,14,0,14,956
07/30/2005,STL,MO,ACE,CE,Towers with Radar,361,260,15,9,645,0,2,38,0,40,361,262,53,9,685,1,0,1,686
07/31/2005,STL,MO,ACE,CE,Towers with Radar,359,356,20,10,745,0,0,0,0,0,359,356,20,10,745,10,0,10,755
08/01/2005,STL,MO,ACE,CE,Towers with Radar,404,402,34,28,868,0,2,39,1,42,404,404,73,29,910,0,0,0,910
08/02/2005,STL,MO,ACE,CE,Towers with Radar,409,391,43,17,860,0,0,0,0,0,409,391,43,17,860,7,0,7,867
08/03/2005,STL,MO,ACE,CE,Towers with Radar,415,406,35,23,879,0,6,23,1,30,415,412,58,24,909,0,0,0,909
08/04/2005,STL,MO,ACE,CE,Towers with Radar,399,412,40,17,868,0,2,12,1,15,399,414,52,18,883,0,0,0,883
08/05/2005,STL,MO,ACE,CE,Towers with Radar,412,409,36,17,874,0,2,14,0,16,412,411,50,17,890,0,0,0,890
08/06/2005,STL,MO,ACE,CE,Towers with Radar,334,268,17,16,635,0,4,34,0,38,334,272,51,16,673,2,0,2,675
08/07/2005,STL,MO,ACE,CE,Towers with Radar,361,357,14,30,762,0,8,26,0,34,361,365,40,30,796,2,0,2,798
08/08/2005,STL,MO,ACE,CE,Towers with Radar,382,389,44,13,828,0,5,23,1,29,382,394,67,14,857,0,0,0,857
08/09/2005,STL,MO,ACE,CE,Towers with Radar,398,405,49,15,867,0,3,33,0,36,398,408,82,15,903,0,0,0,903
08/10/2005,STL,MO,ACE,CE,Towers with Radar,405,401,42,25,873,0,4,19,2,25,405,405,61,27,898,5,0,5,903
08/11/2005,STL,MO,ACE,CE,Towers with Radar,415,398,52,13,878,0,0,19,2,21,415,398,71,15,899,2,0,2,901
08/12/2005,STL,MO,ACE,CE,Towers with Radar,409,390,33,13,845,0,5,26,5,36,409,395,59,18,881,2,0,2,883
08/13/2005,STL,MO,ACE,CE,Towers with Radar,345,252,14,10,621,0,1,14,0,15,345,253,28,10,636,0,0,0,636
08/14/2005,STL,MO,ACE,CE,Towers with Radar,348,331,19,7,705,0,0,4,0,4,348,331,23,7,709,0,0,0,709
08/15/2005,STL,MO,ACE,CE,Towers with Radar,381,392,32,15,820,0,0,1,0,1,381,392,33,15,821,0,0,0,821
08/16/2005,STL,MO,ACE,CE,Towers with Radar,404,400,23,13,840,0,0,21,0,21,404,400,44,13,861,0,0,0,861
08/17/2005,STL,MO,ACE,CE,Towers with Radar,412,392,41,22,867,0,6,21,2,29,412,398,62,24,896,5,0,5,901
08/18/2005,STL,MO,ACE,CE,Towers with Radar,406,397,43,14,860,0,8,16,0,24,406,405,59,14,884,0,0,0,884
08/19/2005,STL,MO,ACE,CE,Towers with Radar,406,402,38,21,867,0,6,27,0,33,406,408,65,21,900,2,0,2,902
08/20/2005,STL,MO,ACE,CE,Towers with Radar,341,259,18,10,628,0,2,19,2,23,341,261,37,12,651,1,0,1,652
08/21/2005,STL,MO,ACE,CE,Towers with Radar,356,343,17,7,723,0,3,33,0,36,356,346,50,7,759,2,0,2,761
08/22/2005,STL,MO,ACE,CE,Towers with Radar,383,389,26,14,812,0,0,20,2,22,383,389,46,16,834,5,0,5,839
08/23/2005,STL,MO,ACE,CE,Towers with Radar,395,374,31,24,824,0,3,20,2,25,395,377,51,26,849,4,0,4,853
08/24/2005,STL,MO,ACE,CE,Towers with Radar,403,375,38,20,836,0,1,15,2,18,403,376,53,22,854,0,0,0,854
08/25/2005,STL,MO,ACE,CE,Towers with Radar,399,396,37,17,849,0,1,4,0,5,399,397,41,17,854,0,0,0,854
08/26/2005,STL,MO,ACE,CE,Towers with Radar,394,402,37,14,847,0,3,9,2,14,394,405,46,16,861,1,0,1,862
08/27/2005,STL,MO,ACE,CE,Towers with Radar,320,261,23,8,612,0,1,17,0,18,320,262,40,8,630,0,0,0,630
08/28/2005,STL,MO,ACE,CE,Towers with Radar,344,334,15,11,704,0,3,25,0,28,344,337,40,11,732,0,0,0,732
08/29/2005,STL,MO,ACE,CE,Towers with Radar,372,369,34,16,791,0,0,26,3,29,372,369,60,19,820,2,0,2,822
08/30/2005,STL,MO,ACE,CE,Towers with Radar,413,380,35,16,844,0,2,19,0,21,413,382,54,16,865,14,0,14,879
08/31/2005,STL,MO,ACE,CE,Towers with Radar,406,388,44,17,855,0,4,32,5,41,406,392,76,22,896,2,0,2,898
09/01/2005,STL,MO,ACE,CE,Towers with Radar,405,400,37,21,863,0,2,36,4,42,405,402,73,25,905,0,0,0,905
09/02/2005,STL,MO,ACE,CE,Towers with Radar,407,398,26,23,854,0,6,30,3,39,407,404,56,26,893,0,0,0,893
09/03/2005,STL,MO,ACE,CE,Towers with Radar,298,235,21,11,565,0,0,26,0,26,298,235,47,11,591,16,0,16,607
09/04/2005,STL,MO,ACE,CE,Towers with Radar,287,277,5,11,580,0,4,14,0,18,287,281,19,11,598,2,0,2,600
09/05/2005,STL,MO,ACE,CE,Towers with Radar,354,347,9,8,718,0,8,33,0,41,354,355,42,8,759,0,0,0,759
09/06/2005,STL,MO,ACE,CE,Towers with Radar,382,388,34,20,824,0,1,40,1,42,382,389,74,21,866,0,0,0,866
09/07/2005,STL,MO,ACE,CE,Towers with Radar,397,386,41,19,843,0,2,26,2,30,397,388,67,21,873,0,0,0,873
09/08/2005,STL,MO,ACE,CE,Towers with Radar,393,392,46,24,855,0,1,33,6,40,393,393,79,30,895,0,0,0,895
09/09/2005,STL,MO,ACE,CE,Towers with Radar,395,396,33,24,848,0,5,24,3,32,395,401,57,27,880,0,0,0,880
09/10/2005,STL,MO,ACE,CE,Towers with Radar,304,250,14,28,596,0,4,38,0,42,304,254,52,28,638,4,0,4,642
09/11/2005,STL,MO,ACE,CE,Towers with Radar,331,334,15,32,712,0,4,16,1,21,331,338,31,33,733,2,0,2,735
09/12/2005,STL,MO,ACE,CE,Towers with Radar,380,375,31,13,799,0,4,37,1,42,380,379,68,14,841,0,0,0,841
09/13/2005,STL,MO,ACE,CE,Towers with Radar,391,368,47,19,825,0,6,18,2,26,391,374,65,21,851,0,0,0,851
09/14/2005,STL,MO,ACE,CE,Towers with Radar,391,374,56,14,835,0,1,7,0,8,391,375,63,14,843,0,0,0,843
09/15/2005,STL,MO,ACE,CE,Towers with Radar,377,380,34,11,802,0,1,4,0,5,377,381,38,11,807,0,0,0,807
09/16/2005,STL,MO,ACE,CE,Towers with Radar,399,397,45,25,866,0,1,5,0,6,399,398,50,25,872,0,0,0,872
09/17/2005,STL,MO,ACE,CE,Towers with Radar,312,245,24,16,597,0,2,30,3,35,312,247,54,19,632,2,0,2,634
09/18/2005,STL,MO,ACE,CE,Towers with Radar,335,338,21,13,707,0,4,16,0,20,335,342,37,13,727,4,0,4,731
09/19/2005,STL,MO,ACE,CE,Towers with Radar,366,375,6,22,769,0,3,4,1,8,366,378,10,23,777,0,0,0,777
09/20/2005,STL,MO,ACE,CE,Towers with Radar,368,392,35,26,821,0,4,19,4,27,368,396,54,30,848,0,0,0,848
09/21/2005,STL,MO,ACE,CE,Towers with Radar,398,398,62,28,886,0,15,31,2,48,398,413,93,30,934,0,0,0,934
09/22/2005,STL,MO,ACE,CE,Towers with Radar,375,407,52,14,848,0,3,32,2,37,375,410,84,16,885,2,0,2,887
09/23/2005,STL,MO,ACE,CE,Towers with Radar,402,375,53,18,848,0,1,13,0,14,402,376,66,18,862,0,0,0,862
09/24/2005,STL,MO,ACE,CE,Towers with Radar,320,228,23,9,580,0,0,22,12,34,320,228,45,21,614,4,0,4,618
09/25/2005,STL,MO,ACE,CE,Towers with Radar,340,331,16,12,699,0,0,3,0,3,340,331,19,12,702,10,0,10,712
09/26/2005,STL,MO,ACE,CE,Towers with Radar,382,383,34,25,824,0,1,7,0,8,382,384,41,25,832,2,0,2,834
09/27/2005,STL,MO,ACE,CE,Towers with Radar,392,387,35,14,828,0,1,28,3,32,392,388,63,17,860,0,0,0,860
09/28/2005,STL,MO,ACE,CE,Towers with Radar,397,374,40,13,824,0,3,9,3,15,397,377,49,16,839,0,0,0,839
09/29/2005,STL,MO,ACE,CE,Towers with Radar,398,389,41,10,838,0,4,43,0,47,398,393,84,10,885,5,0,5,890
09/30/2005,STL,MO,ACE,CE,Towers with Radar,408,388,45,15,856,0,11,53,5,69,408,399,98,20,925,4,0,4,929
10/01/2005,STL,MO,ACE,CE,Towers with Radar,313,257,25,28,623,0,5,29,0,34,313,262,54,28,657,8,0,8,665
10/02/2005,STL,MO,ACE,CE,Towers with Radar,337,337,19,27,720,0,1,17,0,18,337,338,36,27,738,0,0,0,738
10/03/2005,STL,MO,ACE,CE,Towers with Radar,392,398,24,21,835,0,4,14,1,19,392,402,38,22,854,0,0,0,854
10/04/2005,STL,MO,ACE,CE,Towers with Radar,394,382,35,20,831,0,4,21,1,26,394,386,56,21,857,0,0,0,857
10/05/2005,STL,MO,ACE,CE,Towers with Radar,401,401,46,23,871,0,0,10,0,10,401,401,56,23,881,0,0,0,881
10/06/2005,STL,MO,ACE,CE,Towers with Radar,400,407,36,31,874,0,1,17,3,21,400,408,53,34,895,0,0,0,895
10/07/2005,STL,MO,ACE,CE,Towers with Radar,406,388,31,24,849,0,1,49,2,52,406,389,80,26,901,0,0,0,901
10/08/2005,STL,MO,ACE,CE,Towers with Radar,318,243,32,11,604,0,3,27,0,30,318,246,59,11,634,0,0,0,634
10/09/2005,STL,MO,ACE,CE,Towers with Radar,338,318,19,12,687,0,1,35,0,36,338,319,54,12,723,0,0,0,723
10/10/2005,STL,MO,ACE,CE,Towers with Radar,372,382,30,8,792,0,2,22,0,24,372,384,52,8,816,0,0,0,816
10/11/2005,STL,MO,ACE,CE,Towers with Radar,394,381,46,12,833,0,1,8,0,9,394,382,54,12,842,0,0,0,842
10/12/2005,STL,MO,ACE,CE,Towers with Radar,401,388,35,27,851,0,5,15,1,21,401,393,50,28,872,0,0,0,872
10/13/2005,STL,MO,ACE,CE,Towers with Radar,386,408,36,21,851,0,4,26,0,30,386,412,62,21,881,0,0,0,881
10/14/2005,STL,MO,ACE,CE,Towers with Radar,404,399,35,24,862,0,4,24,1,29,404,403,59,25,891,0,0,0,891
10/15/2005,STL,MO,ACE,CE,Towers with Radar,311,242,10,15,578,0,7,40,0,47,311,249,50,15,625,0,0,0,625
10/16/2005,STL,MO,ACE,CE,Towers with Radar,350,335,14,11,710,0,4,30,0,34,350,339,44,11,744,0,0,0,744
10/17/2005,STL,MO,ACE,CE,Towers with Radar,383,396,24,29,832,0,4,24,1,29,383,400,48,30,861,0,0,0,861
10/18/2005,STL,MO,ACE,CE,Towers with Radar,396,393,36,27,852,0,3,39,1,43,396,396,75,28,895,0,0,0,895
10/19/2005,STL,MO,ACE,CE,Towers with Radar,400,399,53,26,878,0,7,34,6,47,400,406,87,32,925,0,0,0,925
10/20/2005,STL,MO,ACE,CE,Towers with Radar,394,396,60,26,876,0,1,7,0,8,394,397,67,26,884,0,0,0,884
10/21/2005,STL,MO,ACE,CE,Towers with Radar,408,391,46,24,869,0,0,1,0,1,408,391,47,24,870,0,0,0,870
10/22/2005,STL,MO,ACE,CE,Towers with Radar,330,249,21,18,618,0,6,22,0,28,330,255,43,18,646,7,0,7,653
10/23/2005,STL,MO,ACE,CE,Towers with Radar,340,325,8,13,686,0,3,6,0,9,340,328,14,13,695,0,0,0,695
10/24/2005,STL,MO,ACE,CE,Towers with Radar,375,388,24,19,806,0,3,13,1,17,375,391,37,20,823,0,0,0,823
10/25/2005,STL,MO,ACE,CE,Towers with Radar,389,379,26,24,818,0,2,18,3,23,389,381,44,27,841,0,0,0,841
10/26/2005,STL,MO,ACE,CE,Towers with Radar,396,391,49,22,858,0,7,24,1,32,396,398,73,23,890,0,2,2,892
10/27/2005,STL,MO,ACE,CE,Towers with Radar,398,408,40,16,862,0,4,32,5,41,398,412,72,21,903,0,0,0,903
10/28/2005,STL,MO,ACE,CE,Towers with Radar,408,396,39,21,864,0,1,36,3,40,408,397,75,24,904,0,0,0,904
10/29/2005,STL,MO,ACE,CE,Towers with Radar,308,239,36,9,592,0,5,33,0,38,308,244,69,9,630,0,0,0,630
10/30/2005,STL,MO,ACE,CE,Towers with Radar,329,343,27,10,709,0,0,0,0,0,329,343,27,10,709,0,0,0,709
10/31/2005,STL,MO,ACE,CE,Towers with Radar,347,374,19,10,750,0,2,0,0,2,347,376,19,10,752,0,0,0,752
11/01/2005,STL,MO,ACE,CE,Towers with Radar,391,368,40,23,822,0,3,25,7,35,391,371,65,30,857,2,0,2,859
11/02/2005,STL,MO,ACE,CE,Towers with Radar,392,385,38,29,844,0,9,36,3,48,392,394,74,32,892,0,0,0,892
11/03/2005,STL,MO,ACE,CE,Towers with Radar,391,398,38,31,858,0,2,25,8,35,391,400,63,39,893,4,0,4,897
11/04/2005,STL,MO,ACE,CE,Towers with Radar,390,396,29,15,830,0,1,37,3,41,390,397,66,18,871,10,0,10,881
11/05/2005,STL,MO,ACE,CE,Towers with Radar,292,235,19,17,563,0,0,9,0,9,292,235,28,17,572,6,0,6,578
11/06/2005,STL,MO,ACE,CE,Towers with Radar,330,329,9,32,700,0,1,21,0,22,330,330,30,32,722,0,0,0,722
11/07/2005,STL,MO,ACE,CE,Towers with Radar,383,393,27,26,829,0,4,32,2,38,383,397,59,28,867,1,0,1,868
11/08/2005,STL,MO,ACE,CE,Towers with Radar,389,377,39,22,827,0,2,22,1,25,389,379,61,23,852,0,0,0,852
11/09/2005,STL,MO,ACE,CE,Towers with Radar,384,383,48,28,843,0,3,17,3,23,384,386,65,31,866,0,0,0,866
11/10/2005,STL,MO,ACE,CE,Towers with Radar,387,406,40,10,843,0,5,41,0,46,387,411,81,10,889,0,0,0,889
11/11/2005,STL,MO,ACE,CE,Towers with Radar,401,388,36,14,839,0,7,24,1,32,401,395,60,15,871,0,0,0,871
11/12/2005,STL,MO,ACE,CE,Towers with Radar,311,235,24,9,579,0,2,7,0,9,311,237,31,9,588,0,0,0,588
11/13/2005,STL,MO,ACE,CE,Towers with Radar,334,330,7,10,681,0,0,22,0,22,334,330,29,10,703,0,0,0,703
11/14/2005,STL,MO,ACE,CE,Towers with Radar,379,386,24,17,806,0,2,9,0,11,379,388,33,17,817,2,0,2,819
11/15/2005,STL,MO,ACE,CE,Towers with Radar,372,325,35,11,743,0,1,0,0,1,372,326,35,11,744,0,0,0,744
11/16/2005,STL,MO,ACE,CE,Towers with Radar,396,365,44,23,828,0,2,8,3,13,396,367,52,26,841,4,0,4,845
11/17/2005,STL,MO,ACE,CE,Towers with Radar,405,396,49,31,881,0,6,35,8,49,405,402,84,39,930,12,0,12,942
11/18/2005,STL,MO,ACE,CE,Towers with Radar,392,387,32,24,835,0,4,28,2,34,392,391,60,26,869,4,0,4,873
11/19/2005,STL,MO,ACE,CE,Towers with Radar,312,239,20,9,580,0,2,20,0,22,312,241,40,9,602,0,0,0,602
11/20/2005,STL,MO,ACE,CE,Towers with Radar,332,339,9,8,688,0,2,11,0,13,332,341,20,8,701,0,0,0,701
11/21/2005,STL,MO,ACE,CE,Towers with Radar,370,367,30,19,786,0,2,29,0,31,370,369,59,19,817,0,0,0,817
11/22/2005,STL,MO,ACE,CE,Towers with Radar,385,377,25,19,806,0,0,22,2,24,385,377,47,21,830,3,0,3,833
11/23/2005,STL,MO,ACE,CE,Towers with Radar,394,387,18,9,808,0,4,23,2,29,394,391,41,11,837,0,0,0,837
11/24/2005,STL,MO,ACE,CE,Towers with Radar,285,246,5,6,542,0,0,12,0,12,285,246,17,6,554,0,0,0,554
11/25/2005,STL,MO,ACE,CE,Towers with Radar,288,253,13,16,570,0,1,18,4,23,288,254,31,20,593,9,0,9,602
11/26/2005,STL,MO,ACE,CE,Towers with Radar,311,248,17,8,584,0,2,16,0,18,311,250,33,8,602,0,0,0,602
11/27/2005,STL,MO,ACE,CE,Towers with Radar,327,336,15,11,689,0,0,2,0,2,327,336,17,11,691,0,0,0,691
11/28/2005,STL,MO,ACE,CE,Towers with Radar,382,374,20,19,795,0,1,1,0,2,382,375,21,19,797,0,0,0,797
11/29/2005,STL,MO,ACE,CE,Towers with Radar,388,373,38,19,818,0,1,1,0,2,388,374,39,19,820,0,0,0,820
11/30/2005,STL,MO,ACE,CE,Towers with Radar,399,393,52,18,862,0,1,16,2,19,399,394,68,20,881,0,0,0,881
12/01/2005,STL,MO,ACE,CE,Towers with Radar,374,386,33,22,815,0,1,3,1,5,374,387,36,23,820,0,0,0,820
12/02/2005,STL,MO,ACE,CE,Towers with Radar,390,383,49,29,851,0,4,24,2,30,390,387,73,31,881,0,0,0,881
12/03/2005,STL,MO,ACE,CE,Towers with Radar,294,217,21,27,559,0,1,2,2,5,294,218,23,29,564,0,0,0,564
12/04/2005,STL,MO,ACE,CE,Towers with Radar,328,309,11,12,660,0,1,2,0,3,328,310,13,12,663,0,0,0,663
12/05/2005,STL,MO,ACE,CE,Towers with Radar,369,354,29,18,770,0,1,25,1,27,369,355,54,19,797,0,0,0,797
12/06/2005,STL,MO,ACE,CE,Towers with Radar,369,363,30,22,784,0,3,11,0,14,369,366,41,22,798,0,0,0,798
12/07/2005,STL,MO,ACE,CE,Towers with Radar,369,354,33,26,782,0,5,18,3,26,369,359,51,29,808,0,0,0,808
12/08/2005,STL,MO,ACE,CE,Towers with Radar,372,330,26,9,737,0,1,3,0,4,372,331,29,9,741,0,0,0,741
12/09/2005,STL,MO,ACE,CE,Towers with Radar,401,386,31,14,832,0,2,18,0,20,401,388,49,14,852,1,0,1,853
12/10/2005,STL,MO,ACE,CE,Towers with Radar,306,226,17,10,559,0,3,16,0,19,306,229,33,10,578,0,0,0,578
12/11/2005,STL,MO,ACE,CE,Towers with Radar,330,322,17,12,681,0,0,14,0,14,330,322,31,12,695,0,0,0,695
12/12/2005,STL,MO,ACE,CE,Towers with Radar,368,367,25,18,778,0,3,6,0,9,368,370,31,18,787,0,0,0,787
12/13/2005,STL,MO,ACE,CE,Towers with Radar,392,366,31,31,820,0,2,27,5,34,392,368,58,36,854,3,0,3,857
12/14/2005,STL,MO,ACE,CE,Towers with Radar,378,374,42,20,814,0,0,2,0,2,378,374,44,20,816,0,0,0,816
12/15/2005,STL,MO,ACE,CE,Towers with Radar,375,375,38,28,816,0,2,20,3,25,375,377,58,31,841,0,0,0,841
12/16/2005,STL,MO,ACE,CE,Towers with Radar,382,374,35,18,809,0,2,20,0,22,382,376,55,18,831,8,0,8,839
12/17/2005,STL,MO,ACE,CE,Towers with Radar,324,253,17,11,605,0,4,26,1,31,324,257,43,12,636,0,0,0,636
12/18/2005,STL,MO,ACE,CE,Towers with Radar,350,326,10,14,700,0,1,9,0,10,350,327,19,14,710,0,0,0,710
12/19/2005,STL,MO,ACE,CE,Towers with Radar,376,372,22,21,791,0,4,18,1,23,376,376,40,22,814,0,0,0,814
12/20/2005,STL,MO,ACE,CE,Towers with Radar,385,384,28,25,822,0,5,22,2,29,385,389,50,27,851,8,0,8,859
12/21/2005,STL,MO,ACE,CE,Towers with Radar,409,379,33,20,841,0,13,27,4,44,409,392,60,24,885,5,0,5,890
12/22/2005,STL,MO,ACE,CE,Towers with Radar,394,376,34,17,821,0,1,23,0,24,394,377,57,17,845,0,0,0,845
12/23/2005,STL,MO,ACE,CE,Towers with Radar,416,369,15,25,825,0,9,22,0,31,416,378,37,25,856,0,0,0,856
12/24/2005,STL,MO,ACE,CE,Towers with Radar,316,227,11,9,563,0,0,1,0,1,316,227,12,9,564,0,0,0,564
12/25/2005,STL,MO,ACE,CE,Towers with Radar,315,277,4,8,604,0,0,0,0,0,315,277,4,8,604,0,0,0,604
12/26/2005,STL,MO,ACE,CE,Towers with Radar,377,345,9,11,742,0,2,7,0,9,377,347,16,11,751,0,0,0,751
12/27/2005,STL,MO,ACE,CE,Towers with Radar,376,360,16,10,762,0,1,18,0,19,376,361,34,10,781,0,0,0,781
12/28/2005,STL,MO,ACE,CE,Towers with Radar,387,363,10,10,770,0,0,0,0,0,387,363,10,10,770,0,0,0,770
12/29/2005,STL,MO,ACE,CE,Towers with Radar,395,357,14,17,783,0,0,4,0,4,395,357,18,17,787,2,0,2,789
12/30/2005,STL,MO,ACE,CE,Towers with Radar,393,367,21,24,805,0,1,2,0,3,393,368,23,24,808,0,0,0,808
12/31/2005,STL,MO,ACE,CE,Towers with Radar,318,227,13,12,570,0,0,24,0,24,318,227,37,12,594,0,0,0,594
01/01/2006,STL,MO,ACE,CE,Towers with Radar,328,289,3,11,631,0,0,9,0,9,328,289,12,11,640,4,0,4,644
01/02/2006,STL,MO,ACE,CE,Towers with Radar,367,334,12,11,724,0,0,0,0,0,367,334,12,11,724,0,0,0,724
01/03/2006,STL,MO,ACE,CE,Towers with Radar,390,348,14,15,767,0,0,3,0,3,390,348,17,15,770,0,0,0,770
01/04/2006,STL,MO,ACE,CE,Towers with Radar,396,358,21,26,801,0,1,3,0,4,396,359,24,26,805,0,0,0,805
01/05/2006,STL,MO,ACE,CE,Towers with Radar,396,360,31,19,806,0,1,1,1,3,396,361,32,20,809,0,0,0,809
01/06/2006,STL,MO,ACE,CE,Towers with Radar,392,363,26,20,801,0,0,14,8,22,392,363,40,28,823,6,0,6,829
01/07/2006,STL,MO,ACE,CE,Towers with Radar,323,238,19,9,589,0,3,20,0,23,323,241,39,9,612,0,0,0,612
01/08/2006,STL,MO,ACE,CE,Towers with Radar,352,325,5,8,690,0,0,13,0,13,352,325,18,8,703,0,0,0,703
01/09/2006,STL,MO,ACE,CE,Towers with Radar,378,381,17,25,801,0,0,5,0,5,378,381,22,25,806,0,0,0,806
01/10/2006,STL,MO,ACE,CE,Towers with Radar,387,353,30,10,780,0,0,0,0,0,387,353,30,10,780,0,0,0,780
01/11/2006,STL,MO,ACE,CE,Towers with Radar,390,341,32,27,790,0,1,13,0,14,390,342,45,27,804,2,0,2,806
01/12/2006,STL,MO,ACE,CE,Towers with Radar,385,371,38,33,827,0,3,26,3,32,385,374,64,36,859,14,0,14,873
01/13/2006,STL,MO,ACE,CE,Towers with Radar,381,354,33,6,774,0,0,1,0,1,381,354,34,6,775,0,0,0,775
01/14/2006,STL,MO,ACE,CE,Towers with Radar,324,237,19,16,596,0,1,24,3,28,324,238,43,19,624,0,0,0,624
01/15/2006,STL,MO,ACE,CE,Towers with Radar,344,312,8,14,678,0,1,21,0,22,344,313,29,14,700,0,0,0,700
01/16/2006,STL,MO,ACE,CE,Towers with Radar,381,355,25,10,771,0,1,12,0,13,381,356,37,10,784,0,0,0,784
01/17/2006,STL,MO,ACE,CE,Towers with Radar,387,347,28,13,775,0,5,7,1,13,387,352,35,14,788,0,0,0,788
01/18/2006,STL,MO,ACE,CE,Towers with Radar,380,361,43,22,806,0,4,18,2,24,380,365,61,24,830,0,0,0,830
01/19/2006,STL,MO,ACE,CE,Towers with Radar,383,364,33,22,802,0,4,16,3,23,383,368,49,25,825,3,0,3,828
01/20/2006,STL,MO,ACE,CE,Towers with Radar,387,358,27,18,790,0,0,4,1,5,387,358,31,19,795,0,0,0,795
01/21/2006,STL,MO,ACE,CE,Towers with Radar,333,232,19,16,600,0,0,2,0,2,333,232,21,16,602,0,0,0,602
01/22/2006,STL,MO,ACE,CE,Towers with Radar,348,315,9,15,687,0,0,4,0,4,348,315,13,15,691,0,0,0,691
01/23/2006,STL,MO,ACE,CE,Towers with Radar,370,353,34,11,768,0,0,5,0,5,370,353,39,11,773,0,0,0,773
01/24/2006,STL,MO,ACE,CE,Towers with Radar,394,351,47,14,806,0,3,13,2,18,394,354,60,16,824,3,0,3,827
01/25/2006,STL,MO,ACE,CE,Towers with Radar,385,342,40,17,784,0,3,28,0,31,385,345,68,17,815,0,0,0,815
01/26/2006,STL,MO,ACE,CE,Towers with Radar,396,355,31,12,794,0,0,27,0,27,396,355,58,12,821,0,0,0,821
01/27/2006,STL,MO,ACE,CE,Towers with Radar,396,355,22,13,786,0,3,15,1,19,396,358,37,14,805,0,0,0,805
01/28/2006,STL,MO,ACE,CE,Towers with Radar,326,226,13,9,574,0,0,0,0,0,326,226,13,9,574,0,0,0,574
01/29/2006,STL,MO,ACE,CE,Towers with Radar,352,317,6,9,684,0,0,0,0,0,352,317,6,9,684,0,0,0,684
01/30/2006,STL,MO,ACE,CE,Towers with Radar,378,364,33,14,789,0,2,12,1,15,378,366,45,15,804,1,0,1,805
01/31/2006,STL,MO,ACE,CE,Towers with Radar,416,344,37,15,812,0,15,30,0,45,416,359,67,15,857,0,0,0,857
02/01/2006,STL,MO,ACE,CE,Towers with Radar,399,346,32,17,794,0,6,31,3,40,399,352,63,20,834,2,0,2,836
02/02/2006,STL,MO,ACE,CE,Towers with Radar,403,359,32,12,806,0,2,5,0,7,403,361,37,12,813,12,0,12,825
02/03/2006,STL,MO,ACE,CE,Towers with Radar,391,369,50,29,839,0,12,19,9,40,391,381,69,38,879,0,0,0,879
02/04/2006,STL,MO,ACE,CE,Towers with Radar,336,227,12,18,593,0,2,4,0,6,336,229,16,18,599,0,0,0,599
02/05/2006,STL,MO,ACE,CE,Towers with Radar,346,314,12,14,686,0,2,15,0,17,346,316,27,14,703,0,0,0,703
02/06/2006,STL,MO,ACE,CE,Towers with Radar,374,357,38,18,787,0,0,21,4,25,374,357,59,22,812,3,0,3,815
02/07/2006,STL,MO,ACE,CE,Towers with Radar,382,355,43,19,799,0,1,16,0,17,382,356,59,19,816,0,0,0,816
02/08/2006,STL,MO,ACE,CE,Towers with Radar,390,336,39,11,776,0,0,4,0,4,390,336,43,11,780,0,0,0,780
02/09/2006,STL,MO,ACE,CE,Towers with Radar,404,368,48,29,849,0,11,26,4,41,404,379,74,33,890,6,0,6,896
02/10/2006,STL,MO,ACE,CE,Towers with Radar,386,385,33,21,825,0,11,20,0,31,386,396,53,21,856,0,0,0,856
02/11/2006,STL,MO,ACE,CE,Towers with Radar,333,227,7,21,588,0,0,5,0,5,333,227,12,21,593,0,0,0,593
02/12/2006,STL,MO,ACE,CE,Towers with Radar,312,288,10,12,622,0,0,0,0,0,312,288,10,12,622,0,0,0,622
02/13/2006,STL,MO,ACE,CE,Towers with Radar,379,351,25,17,772,0,1,20,0,21,379,352,45,17,793,0,0,0,793
02/14/2006,STL,MO,ACE,CE,Towers with Radar,386,351,30,24,791,0,5,27,2,34,386,356,57,26,825,6,0,6,831
02/15/2006,STL,MO,ACE,CE,Towers with Radar,389,350,33,26,798,0,1,9,9,19,389,351,42,35,817,8,0,8,825
02/16/2006,STL,MO,ACE,CE,Towers with Radar,385,330,31,24,770,0,0,0,1,1,385,330,31,25,771,0,0,0,771
02/17/2006,STL,MO,ACE,CE,Towers with Radar,408,366,42,18,834,0,1,23,1,25,408,367,65,19,859,0,0,0,859
02/18/2006,STL,MO,ACE,CE,Towers with Radar,332,243,28,16,619,0,0,0,0,0,332,243,28,16,619,9,0,9,628
02/19/2006,STL,MO,ACE,CE,Towers with Radar,341,314,10,14,679,0,1,13,0,14,341,315,23,14,693,0,0,0,693
02/20/2006,STL,MO,ACE,CE,Towers with Radar,384,363,29,10,786,0,2,14,0,16,384,365,43,10,802,0,0,0,802
02/21/2006,STL,MO,ACE,CE,Towers with Radar,392,355,36,20,803,0,1,12,4,17,392,356,48,24,820,2,0,2,822
02/22/2006,STL,MO,ACE,CE,Towers with Radar,389,376,37,22,824,0,1,30,3,34,389,377,67,25,858,4,0,4,862
02/23/2006,STL,MO,ACE,CE,Towers with Radar,402,372,36,25,835,0,2,35,2,39,402,374,71,27,874,0,0,0,874
02/24/2006,STL,MO,ACE,CE,Towers with Radar,400,373,35,26,834,0,3,24,4,31,400,376,59,30,865,4,0,4,869
02/25/2006,STL,MO,ACE,CE,Towers with Radar,334,251,11,12,608,0,3,22,0,25,334,254,33,12,633,0,0,0,633
02/26/2006,STL,MO,ACE,CE,Towers with Radar,344,313,13,9,679,0,3,23,0,26,344,316,36,9,705,0,0,0,705
02/27/2006,STL,MO,ACE,CE,Towers with Radar,381,370,36,29,816,0,3,18,2,23,381,373,54,31,839,0,0,0,839
02/28/2006,STL,MO,ACE,CE,Towers with Radar,388,369,33,22,812,0,2,37,5,44,388,371,70,27,856,0,0,0,856
03/01/2006,STL,MO,ACE,CE,Towers with Radar,407,373,32,25,837,0,1,37,3,41,407,374,69,28,878,0,0,0,878
03/02/2006,STL,MO,ACE,CE,Towers with Radar,392,373,36,24,825,0,2,19,1,22,392,375,55,25,847,0,0,0,847
03/03/2006,STL,MO,ACE,CE,Towers with Radar,410,364,41,26,841,0,4,49,2,55,410,368,90,28,896,4,0,4,900
03/04/2006,STL,MO,ACE,CE,Towers with Radar,332,242,21,23,618,0,1,29,0,30,332,243,50,23,648,2,0,2,650
03/05/2006,STL,MO,ACE,CE,Towers with Radar,355,312,21,24,712,0,0,1,0,1,355,312,22,24,713,0,0,0,713
03/06/2006,STL,MO,ACE,CE,Towers with Radar,401,361,22,20,804,0,0,12,0,12,401,361,34,20,816,3,0,3,819
03/07/2006,STL,MO,ACE,CE,Towers with Radar,399,365,44,24,832,0,3,18,2,23,399,368,62,26,855,2,0,2,857
03/08/2006,STL,MO,ACE,CE,Towers with Radar,406,376,43,12,837,0,1,3,0,4,406,377,46,12,841,1,0,1,842
03/09/2006,STL,MO,ACE,CE,Towers with Radar,406,358,24,14,802,0,0,3,0,3,406,358,27,14,805,0,0,0,805
03/10/2006,STL,MO,ACE,CE,Towers with Radar,412,367,33,25,837,0,7,36,3,46,412,374,69,28,883,1,0,1,884
03/11/2006,STL,MO,ACE,CE,Towers with Radar,337,241,19,9,606,0,2,15,0,17,337,243,34,9,623,0,0,0,623
03/12/2006,STL,MO,ACE,CE,Towers with Radar,347,309,10,11,677,0,2,2,0,4,347,311,12,11,681,0,0,0,681
03/13/2006,STL,MO,ACE,CE,Towers with Radar,390,368,27,24,809,0,0,8,2,10,390,368,35,26,819,0,0,0,819
03/14/2006,STL,MO,ACE,CE,Towers with Radar,400,373,60,30,863,0,1,12,2,15,400,374,72,32,878,0,0,0,878
03/15/2006,STL,MO,ACE,CE,Towers with Radar,396,369,40,30,835,0,2,24,0,26,396,371,64,30,861,0,0,0,861
03/16/2006,STL,MO,ACE,CE,Towers with Radar,400,380,33,24,837,0,3,18,0,21,400,383,51,24,858,1,0,1,859
03/17/2006,STL,MO,ACE,CE,Towers with Radar,408,380,40,30,858,0,0,21,3,24,408,380,61,33,882,0,0,0,882
03/18/2006,STL,MO,ACE,CE,Towers with Radar,333,260,8,12,613,0,4,37,1,42,333,264,45,13,655,2,0,2,657
03/19/2006,STL,MO,ACE,CE,Towers with Radar,343,329,9,14,695,0,1,15,0,16,343,330,24,14,711,0,0,0,711
03/20/2006,STL,MO,ACE,CE,Towers with Radar,385,361,23,10,779,0,1,3,0,4,385,362,26,10,783,0,0,0,783
03/21/2006,STL,MO,ACE,CE,Towers with Radar,410,358,28,19,815,0,0,0,0,0,410,358,28,19,815,0,0,0,815
03/22/2006,STL,MO,ACE,CE,Towers with Radar,405,356,32,40,833,0,0,25,2,27,405,356,57,42,860,0,0,0,860
03/23/2006,STL,MO,ACE,CE,Towers with Radar,398,375,39,28,840,0,6,18,2,26,398,381,57,30,866,4,0,4,870
03/24/2006,STL,MO,ACE,CE,Towers with Radar,414,367,24,18,823,0,2,21,0,23,414,369,45,18,846,0,0,0,846
03/25/2006,STL,MO,ACE,CE,Towers with Radar,331,241,21,11,604,0,2,18,0,20,331,243,39,11,624,0,0,0,624
03/26/2006,STL,MO,ACE,CE,Towers with Radar,353,327,17,12,709,0,1,20,0,21,353,328,37,12,730,2,0,2,732
03/27/2006,STL,MO,ACE,CE,Towers with Radar,391,370,25,17,803,0,2,4,0,6,391,372,29,17,809,0,1,1,810
03/28/2006,STL,MO,ACE,CE,Towers with Radar,397,369,28,25,819,0,2,6,0,8,397,371,34,25,827,0,0,0,827
03/29/2006,STL,MO,ACE,CE,Towers with Radar,405,373,25,23,826,0,0,35,5,40,405,373,60,28,866,2,0,2,868
03/30/2006,STL,MO,ACE,CE,Towers with Radar,399,373,29,23,824,0,2,9,1,12,399,375,38,24,836,0,0,0,836
03/31/2006,STL,MO,ACE,CE,Towers with Radar,398,377,55,21,851,0,0,1,2,3,398,377,56,23,854,0,0,0,854
04/01/2006,STL,MO,ACE,CE,Towers with Radar,339,253,26,21,639,0,1,36,1,38,339,254,62,22,677,4,0,4,681
04/02/2006,STL,MO,ACE,CE,Towers with Radar,358,298,10,9,675,0,0,0,0,0,358,298,10,9,675,0,0,0,675
04/03/2006,STL,MO,ACE,CE,Towers with Radar,406,376,25,22,829,0,1,19,4,24,406,377,44,26,853,0,3,3,856
04/04/2006,STL,MO,ACE,CE,Towers with Radar,397,383,42,27,849,0,4,46,5,55,397,387,88,32,904,0,0,0,904
04/05/2006,STL,MO,ACE,CE,Towers with Radar,396,362,30,23,811,0,7,41,2,50,396,369,71,25,861,9,0,9,870
04/06/2006,STL,MO,ACE,CE,Towers with Radar,401,368,33,15,817,0,1,7,1,9,401,369,40,16,826,2,0,2,828
04/07/2006,STL,MO,ACE,CE,Towers with Radar,409,373,24,21,827,0,2,19,2,23,409,375,43,23,850,0,0,0,850
04/08/2006,STL,MO,ACE,CE,Towers with Radar,347,250,18,16,631,0,2,29,0,31,347,252,47,16,662,0,0,0,662
04/09/2006,STL,MO,ACE,CE,Towers with Radar,354,324,16,11,705,0,4,55,0,59,354,328,71,11,764,0,0,0,764
04/10/2006,STL,MO,ACE,CE,Towers with Radar,393,378,26,22,819,0,7,35,4,46,393,385,61,26,865,0,0,0,865
04/11/2006,STL,MO,ACE,CE,Towers with Radar,404,377,37,21,839,0,0,18,1,19,404,377,55,22,858,0,0,0,858
04/12/2006,STL,MO,ACE,CE,Towers with Radar,399,345,36,24,804,0,3,27,2,32,399,348,63,26,836,0,0,0,836
04/13/2006,STL,MO,ACE,CE,Towers with Radar,395,370,48,18,831,0,3,44,3,50,395,373,92,21,881,0,0,0,881
04/14/2006,STL,MO,ACE,CE,Towers with Radar,407,354,31,25,817,0,3,19,0,22,407,357,50,25,839,0,0,0,839
04/15/2006,STL,MO,ACE,CE,Towers with Radar,341,230,13,11,595,0,3,14,0,17,341,233,27,11,612,0,0,0,612
04/16/2006,STL,MO,ACE,CE,Towers with Radar,358,305,5,7,675,0,2,13,0,15,358,307,18,7,690,0,0,0,690
04/17/2006,STL,MO,ACE,CE,Towers with Radar,382,368,23,15,788,0,0,4,1,5,382,368,27,16,793,0,0,0,793
04/18/2006,STL,MO,ACE,CE,Towers with Radar,404,354,53,18,829,0,2,27,3,32,404,356,80,21,861,12,0,12,873
04/19/2006,STL,MO,ACE,CE,Towers with Radar,386,363,43,17,809,0,1,19,0,20,386,364,62,17,829,16,0,16,845
04/20/2006,STL,MO,ACE,CE,Towers with Radar,389,373,50,22,834,0,2,30,2,34,389,375,80,24,868,2,0,2,870
04/21/2006,STL,MO,ACE,CE,Towers with Radar,408,364,38,21,831,0,1,21,5,27,408,365,59,26,858,0,0,0,858
04/22/2006,STL,MO,ACE,CE,Towers with Radar,341,239,30,21,631,0,3,37,0,40,341,242,67,21,671,0,0,0,671
04/23/2006,STL,MO,ACE,CE,Towers with Radar,365,312,15,14,706,0,1,16,1,18,365,313,31,15,724,0,0,0,724
04/24/2006,STL,MO,ACE,CE,Towers with Radar,379,362,26,19,786,0,3,14,1,18,379,365,40,20,804,6,0,6,810
04/25/2006,STL,MO,ACE,CE,Towers with Radar,395,357,32,16,800,0,1,3,0,4,395,358,35,16,804,0,0,0,804
04/26/2006,STL,MO,ACE,CE,Towers with Radar,400,369,63,24,856,0,3,28,2,33,400,372,91,26,889,8,0,8,897
04/27/2006,STL,MO,ACE,CE,Towers with Radar,405,368,38,18,829,0,5,39,2,46,405,373,77,20,875,6,0,6,881
04/28/2006,STL,MO,ACE,CE,Towers with Radar,409,366,36,24,835,0,1,27,3,31,409,367,63,27,866,3,0,3,869
04/29/2006,STL,MO,ACE,CE,Towers with Radar,399,244,10,14,667,0,0,0,0,0,399,244,10,14,667,0,0,0,667
04/30/2006,STL,MO,ACE,CE,Towers with Radar,354,319,14,11,698,0,0,2,0,2,354,319,16,11,700,0,0,0,700
05/01/2006,STL,MO,ACE,CE,Towers with Radar,387,360,24,20,791,0,1,8,0,9,387,361,32,20,800,0,0,0,800
05/02/2006,STL,MO,ACE,CE,Towers with Radar,393,358,43,17,811,0,3,47,3,53,393,361,90,20,864,3,0,3,867
05/03/2006,STL,MO,ACE,CE,Towers with Radar,394,364,39,15,812,0,3,18,2,23,394,367,57,17,835,2,0,2,837
05/04/2006,STL,MO,ACE,CE,Towers with Radar,393,374,41,20,828,0,2,25,1,28,393,376,66,21,856,4,0,4,860
05/05/2006,STL,MO,ACE,CE,Towers with Radar,399,366,52,21,838,0,5,33,3,41,399,371,85,24,879,17,0,17,896
05/06/2006,STL,MO,ACE,CE,Towers with Radar,333,228,26,11,598,0,2,29,0,31,333,230,55,11,629,5,0,5,634
05/07/2006,STL,MO,ACE,CE,Towers with Radar,348,326,17,8,699,0,8,22,0,30,348,334,39,8,729,0,0,0,729
05/08/2006,STL,MO,ACE,CE,Towers with Radar,393,378,30,18,819,0,2,19,1,22,393,380,49,19,841,0,0,0,841
05/09/2006,STL,MO,ACE,CE,Towers with Radar,391,369,36,9,805,0,2,9,0,11,391,371,45,9,816,0,0,0,816
05/10/2006,STL,MO,ACE,CE,Towers with Radar,392,372,46,9,819,0,2,6,1,9,392,374,52,10,828,0,0,0,828
05/11/2006,STL,MO,ACE,CE,Towers with Radar,399,379,72,24,874,0,1,14,4,19,399,380,86,28,893,1,0,1,894
05/12/2006,STL,MO,ACE,CE,Towers with Radar,401,384,56,11,852,0,1,19,3,23,401,385,75,14,875,0,0,0,875
05/13/2006,STL,MO,ACE,CE,Towers with Radar,345,229,28,12,614,0,2,13,0,15,345,231,41,12,629,0,0,0,629
05/14/2006,STL,MO,ACE,CE,Towers with Radar,355,318,9,7,689,0,0,8,0,8,355,318,17,7,697,0,0,0,697
05/15/2006,STL,MO,ACE,CE,Towers with Radar,380,368,27,15,790,0,0,3,0,3,380,368,30,15,793,0,0,0,793
05/16/2006,STL,MO,ACE,CE,Towers with Radar,394,363,42,26,825,0,2,7,1,10,394,365,49,27,835,1,0,1,836
05/17/2006,STL,MO,ACE,CE,Towers with Radar,425,378,34,23,860,0,0,20,4,24,425,378,54,27,884,0,0,0,884
05/18/2006,STL,MO,ACE,CE,Towers with Radar,397,374,44,23,838,0,4,23,2,29,397,378,67,25,867,0,0,0,867
05/19/2006,STL,MO,ACE,CE,Towers with Radar,401,388,30,19,838,0,4,36,1,41,401,392,66,20,879,0,0,0,879
05/20/2006,STL,MO,ACE,CE,Towers with Radar,344,244,19,15,622,0,1,35,0,36,344,245,54,15,658,0,0,0,658
05/21/2006,STL,MO,ACE,CE,Towers with Radar,342,324,13,7,686,0,5,27,0,32,342,329,40,7,718,0,0,0,718
05/22/2006,STL,MO,ACE,CE,Towers with Radar,384,370,15,12,781,0,1,25,2,28,384,371,40,14,809,0,0,0,809
05/23/2006,STL,MO,ACE,CE,Towers with Radar,395,360,53,17,825,0,1,35,2,38,395,361,88,19,863,0,0,0,863
05/24/2006,STL,MO,ACE,CE,Towers with Radar,388,380,44,20,832,0,2,24,1,27,388,382,68,21,859,0,0,0,859
05/25/2006,STL,MO,ACE,CE,Towers with Radar,417,372,37,28,854,0,4,23,7,34,417,376,60,35,888,1,0,1,889
05/26/2006,STL,MO,ACE,CE,Towers with Radar,407,378,29,22,836,0,0,48,0,48,407,378,77,22,884,4,0,4,888
05/27/2006,STL,MO,ACE,CE,Towers with Radar,338,234,15,11,598,0,0,24,0,24,338,234,39,11,622,2,0,2,624
05/28/2006,STL,MO,ACE,CE,Towers with Radar,314,251,6,8,579,0,3,24,0,27,314,254,30,8,606,5,0,5,611
05/29/2006,STL,MO,ACE,CE,Towers with Radar,371,339,6,18,734,0,1,25,0,26,371,340,31,18,760,0,0,0,760
05/30/2006,STL,MO,ACE,CE,Towers with Radar,390,390,28,19,827,0,1,18,2,21,390,391,46,21,848,0,0,0,848
05/31/2006,STL,MO,ACE,CE,Towers with Radar,399,373,35,15,822,0,2,13,4,19,399,375,48,19,841,0,0,0,841
06/01/2006,STL,MO,ACE,CE,Towers with Radar,392,356,33,25,806,0,0,8,1,9,392,356,41,26,815,6,0,6,821
06/02/2006,STL,MO,ACE,CE,Towers with Radar,398,361,42,35,836,0,5,32,3,40,398,366,74,38,876,14,0,14,890
06/03/2006,STL,MO,ACE,CE,Towers with Radar,342,237,17,22,618,0,3,39,2,44,342,240,56,24,662,2,0,2,664
06/04/2006,STL,MO,ACE,CE,Towers with Radar,353,320,11,27,711,0,1,22,0,23,353,321,33,27,734,0,0,0,734
06/05/2006,STL,MO,ACE,CE,Towers with Radar,381,357,20,24,782,0,1,31,2,34,381,358,51,26,816,8,0,8,824
06/06/2006,STL,MO,ACE,CE,Towers with Radar,393,365,43,25,826,0,2,22,10,34,393,367,65,35,860,16,0,16,876
06/07/2006,STL,MO,ACE,CE,Towers with Radar,390,380,41,16,827,0,5,25,3,33,390,385,66,19,860,0,0,0,860
06/08/2006,STL,MO,ACE,CE,Towers with Radar,395,376,40,26,837,0,9,47,7,63,395,385,87,33,900,1,0,1,901
06/09/2006,STL,MO,ACE,CE,Towers with Radar,394,362,26,14,796,0,9,43,0,52,394,371,69,14,848,1,0,1,849
06/10/2006,STL,MO,ACE,CE,Towers with Radar,343,236,23,8,610,0,2,20,0,22,343,238,43,8,632,0,0,0,632
06/11/2006,STL,MO,ACE,CE,Towers with Radar,351,324,7,8,690,0,0,5,0,5,351,324,12,8,695,0,0,0,695
06/12/2006,STL,MO,ACE,CE,Towers with Radar,381,356,31,16,784,0,3,19,0,22,381,359,50,16,806,0,0,0,806
06/13/2006,STL,MO,ACE,CE,Towers with Radar,389,359,39,26,813,0,2,30,2,34,389,361,69,28,847,8,0,8,855
06/14/2006,STL,MO,ACE,CE,Towers with Radar,399,358,31,18,806,0,0,0,0,0,399,358,31,18,806,28,0,28,834
06/15/2006,STL,MO,ACE,CE,Towers with Radar,401,370,33,23,827,0,0,0,0,0,401,370,33,23,827,10,0,10,837
06/16/2006,STL,MO,ACE,CE,Towers with Radar,398,349,40,26,813,0,5,40,1,46,398,354,80,27,859,0,0,0,859
06/17/2006,STL,MO,ACE,CE,Towers with Radar,354,239,20,14,627,0,20,0,0,20,354,259,20,14,647,2,0,2,649
06/18/2006,STL,MO,ACE,CE,Towers with Radar,354,317,9,13,693,0,1,19,0,20,354,318,28,13,713,0,0,0,713
06/19/2006,STL,MO,ACE,CE,Towers with Radar,384,356,35,20,795,0,5,34,0,39,384,361,69,20,834,0,0,0,834
06/20/2006,STL,MO,ACE,CE,Towers with Radar,393,366,47,17,823,0,6,22,1,29,393,372,69,18,852,0,0,0,852
06/21/2006,STL,MO,ACE,CE,Towers with Radar,386,357,37,25,805,0,2,30,4,36,386,359,67,29,841,9,0,9,850
06/22/2006,STL,MO,ACE,CE,Towers with Radar,387,343,34,18,782,0,4,20,1,25,387,347,54,19,807,0,0,0,807
06/23/2006,STL,MO,ACE,CE,Towers with Radar,407,380,35,21,843,0,5,17,3,25,407,385,52,24,868,1,0,1,869
06/24/2006,STL,MO,ACE,CE,Towers with Radar,360,249,18,14,641,0,2,24,1,27,360,251,42,15,668,0,0,0,668
06/25/2006,STL,MO,ACE,CE,Towers with Radar,347,322,22,18,709,0,3,25,1,29,347,325,47,19,738,2,0,2,740
06/26/2006,STL,MO,ACE,CE,Towers with Radar,388,359,37,25,809,0,3,16,1,20,388,362,53,26,829,0,0,0,829
06/27/2006,STL,MO,ACE,CE,Towers with Radar,389,352,38,29,808,0,5,26,3,34,389,357,64,32,842,0,0,0,842
06/28/2006,STL,MO,ACE,CE,Towers with Radar,394,330,40,20,784,0,7,28,2,37,394,337,68,22,821,0,0,0,821
06/29/2006,STL,MO,ACE,CE,Towers with Radar,395,363,43,20,821,0,16,53,2,71,395,379,96,22,892,0,0,0,892
06/30/2006,STL,MO,ACE,CE,Towers with Radar,399,349,57,24,829,0,2,30,1,33,399,351,87,25,862,0,0,0,862
07/01/2006,STL,MO,ACE,CE,Towers with Radar,359,241,24,9,633,0,11,32,0,43,359,252,56,9,676,0,0,0,676
07/02/2006,STL,MO,ACE,CE,Towers with Radar,322,290,5,9,626,0,0,23,0,23,322,290,28,9,649,0,0,0,649
07/03/2006,STL,MO,ACE,CE,Towers with Radar,329,304,5,13,651,0,6,25,0,31,329,310,30,13,682,2,0,2,684
07/04/2006,STL,MO,ACE,CE,Towers with Radar,332,300,11,14,657,0,3,13,1,17,332,303,24,15,674,0,0,0,674
07/05/2006,STL,MO,ACE,CE,Towers with Radar,371,340,22,18,751,0,0,20,2,22,371,340,42,20,773,0,0,0,773
07/06/2006,STL,MO,ACE,CE,Towers with Radar,381,348,30,23,782,0,5,29,3,37,381,353,59,26,819,4,0,4,823
07/07/2006,STL,MO,ACE,CE,Towers with Radar,396,356,26,24,802,0,2,35,2,39,396,358,61,26,841,6,0,6,847
07/08/2006,STL,MO,ACE,CE,Towers with Radar,368,243,14,37,662,0,1,38,2,41,368,244,52,39,703,0,0,0,703
07/09/2006,STL,MO,ACE,CE,Towers with Radar,338,333,18,12,701,0,2,28,0,30,338,335,46,12,731,0,0,0,731
07/10/2006,STL,MO,ACE,CE,Towers with Radar,375,354,33,22,784,0,0,10,5,15,375,354,43,27,799,4,0,4,803
07/11/2006,STL,MO,ACE,CE,Towers with Radar,374,339,55,15,783,0,0,9,0,9,374,339,64,15,792,0,0,0,792
07/12/2006,STL,MO,ACE,CE,Towers with Radar,385,361,29,22,797,0,1,17,3,21,385,362,46,25,818,0,0,0,818
07/13/2006,STL,MO,ACE,CE,Towers with Radar,386,373,27,26,812,0,2,22,1,25,386,375,49,27,837,4,0,4,841
07/14/2006,STL,MO,ACE,CE,Towers with Radar,393,367,35,21,816,0,5,22,3,30,393,372,57,24,846,0,0,0,846
07/15/2006,STL,MO,ACE,CE,Towers with Radar,374,256,20,33,683,0,2,36,3,41,374,258,56,36,724,0,0,0,724
07/16/2006,STL,MO,ACE,CE,Towers with Radar,348,318,18,11,695,0,0,36,0,36,348,318,54,11,731,0,0,0,731
07/17/2006,STL,MO,ACE,CE,Towers with Radar,377,355,25,20,777,0,2,47,4,53,377,357,72,24,830,0,0,0,830
07/18/2006,STL,MO,ACE,CE,Towers with Radar,375,338,34,24,771,1,5,31,5,42,376,343,65,29,813,8,0,8,821
07/19/2006,STL,MO,ACE,CE,Towers with Radar,366,326,41,22,755,0,1,22,2,25,366,327,63,24,780,0,0,0,780
07/20/2006,STL,MO,ACE,CE,Towers with Radar,394,380,53,18,845,0,4,17,1,22,394,384,70,19,867,0,0,0,867
07/21/2006,STL,MO,ACE,CE,Towers with Radar,396,343,29,12,780,0,0,6,1,7,396,343,35,13,787,0,0,0,787
07/22/2006,STL,MO,ACE,CE,Towers with Radar,353,256,20,11,640,0,3,28,0,31,353,259,48,11,671,0,0,0,671
07/23/2006,STL,MO,ACE,CE,Towers with Radar,339,317,17,11,684,0,6,43,0,49,339,323,60,11,733,0,0,0,733
07/24/2006,STL,MO,ACE,CE,Towers with Radar,375,375,47,27,824,0,2,10,2,14,375,377,57,29,838,0,0,0,838
07/25/2006,STL,MO,ACE,CE,Towers with Radar,384,374,32,19,809,0,2,37,3,42,384,376,69,22,851,0,0,0,851
07/26/2006,STL,MO,ACE,CE,Towers with Radar,387,356,27,15,785,0,4,27,1,32,387,360,54,16,817,0,0,0,817
07/27/2006,STL,MO,ACE,CE,Towers with Radar,371,361,40,23,795,0,2,12,2,16,371,363,52,25,811,3,0,3,814
07/28/2006,STL,MO,ACE,CE,Towers with Radar,399,339,42,25,805,0,1,22,0,23,399,340,64,25,828,2,0,2,830
07/29/2006,STL,MO,ACE,CE,Towers with Radar,356,243,13,18,630,0,1,26,0,27,356,244,39,18,657,0,0,0,657
07/30/2006,STL,MO,ACE,CE,Towers with Radar,349,301,19,13,682,0,3,28,0,31,349,304,47,13,713,0,0,0,713
07/31/2006,STL,MO,ACE,CE,Towers with Radar,379,355,28,28,790,0,5,23,0,28,379,360,51,28,818,2,0,2,820
08/01/2006,STL,MO,ACE,CE,Towers with Radar,380,339,51,19,789,0,5,25,5,35,380,344,76,24,824,4,0,4,828
08/02/2006,STL,MO,ACE,CE,Towers with Radar,383,346,32,23,784,0,3,20,4,27,383,349,52,27,811,2,0,2,813
08/03/2006,STL,MO,ACE,CE,Towers with Radar,400,355,32,22,809,0,13,22,0,35,400,368,54,22,844,0,0,0,844
08/04/2006,STL,MO,ACE,CE,Towers with Radar,397,349,24,30,800,0,8,49,0,57,397,357,73,30,857,0,0,0,857
08/05/2006,STL,MO,ACE,CE,Towers with Radar,348,251,10,19,628,0,7,24,0,31,348,258,34,19,659,0,0,0,659
08/06/2006,STL,MO,ACE,CE,Towers with Radar,345,317,7,29,698,0,0,0,0,0,345,317,7,29,698,0,0,0,698
08/07/2006,STL,MO,ACE,CE,Towers with Radar,373,340,25,22,760,0,1,23,1,25,373,341,48,23,785,3,0,3,788
08/08/2006,STL,MO,ACE,CE,Towers with Radar,381,352,33,25,791,0,3,10,2,15,381,355,43,27,806,1,0,1,807
08/09/2006,STL,MO,ACE,CE,Towers with Radar,389,340,44,22,795,0,2,13,2,17,389,342,57,24,812,0,0,0,812
08/10/2006,STL,MO,ACE,CE,Towers with Radar,382,348,38,11,779,0,4,16,0,20,382,352,54,11,799,0,0,0,799
08/11/2006,STL,MO,ACE,CE,Towers with Radar,403,352,36,34,825,0,2,12,0,14,403,354,48,34,839,0,0,0,839
08/12/2006,STL,MO,ACE,CE,Towers with Radar,344,249,16,13,622,0,0,11,2,13,344,249,27,15,635,0,0,0,635
08/13/2006,STL,MO,ACE,CE,Towers with Radar,352,322,9,12,695,0,2,34,0,36,352,324,43,12,731,0,0,0,731
08/14/2006,STL,MO,ACE,CE,Towers with Radar,370,342,29,29,770,0,6,10,2,18,370,348,39,31,788,1,0,1,789
08/15/2006,STL,MO,ACE,CE,Towers with Radar,387,348,44,23,802,0,4,42,4,50,387,352,86,27,852,7,0,7,859
08/16/2006,STL,MO,ACE,CE,Towers with Radar,385,306,39,69,799,0,4,29,3,36,385,310,68,72,835,8,0,8,843
08/17/2006,STL,MO,ACE,CE,Towers with Radar,387,272,38,120,817,0,3,28,3,34,387,275,66,123,851,6,0,6,857
08/18/2006,STL,MO,ACE,CE,Towers with Radar,389,268,21,112,790,0,4,25,1,30,389,272,46,113,820,3,0,3,823
08/19/2006,STL,MO,ACE,CE,Towers with Radar,340,162,23,84,609,0,0,7,0,7,340,162,30,84,616,0,0,0,616
08/20/2006,STL,MO,ACE,CE,Towers with Radar,337,225,12,94,668,0,0,7,0,7,337,225,19,94,675,0,0,0,675
08/21/2006,STL,MO,ACE,CE,Towers with Radar,384,275,31,111,801,0,0,19,1,20,384,275,50,112,821,0,0,0,821
08/22/2006,STL,MO,ACE,CE,Towers with Radar,383,268,48,120,819,0,3,25,3,31,383,271,73,123,850,0,0,0,850
08/23/2006,STL,MO,ACE,CE,Towers with Radar,390,265,31,116,802,0,5,25,0,30,390,270,56,116,832,0,0,0,832
08/24/2006,STL,MO,ACE,CE,Towers with Radar,376,271,45,112,804,0,3,30,1,34,376,274,75,113,838,2,0,2,840
08/25/2006,STL,MO,ACE,CE,Towers with Radar,400,265,29,103,797,0,4,23,0,27,400,269,52,103,824,0,0,0,824
08/26/2006,STL,MO,ACE,CE,Towers with Radar,342,170,15,82,609,0,2,13,0,15,342,172,28,82,624,6,0,6,630
08/27/2006,STL,MO,ACE,CE,Towers with Radar,341,207,12,97,657,0,0,7,2,9,341,207,19,99,666,0,0,0,666
08/28/2006,STL,MO,ACE,CE,Towers with Radar,373,281,25,109,788,0,0,5,1,6,373,281,30,110,794,2,0,2,796
08/29/2006,STL,MO,ACE,CE,Towers with Radar,375,271,38,110,794,0,5,5,0,10,375,276,43,110,804,0,0,0,804
08/30/2006,STL,MO,ACE,CE,Towers with Radar,378,267,47,108,800,0,3,7,0,10,378,270,54,108,810,0,0,0,810
08/31/2006,STL,MO,ACE,CE,Towers with Radar,387,280,40,116,823,0,1,11,3,15,387,281,51,119,838,2,0,2,840
09/01/2006,STL,MO,ACE,CE,Towers with Radar,388,256,49,115,808,0,4,23,2,29,388,260,72,117,837,0,0,0,837
09/02/2006,STL,MO,ACE,CE,Towers with Radar,329,158,15,84,586,0,3,18,0,21,329,161,33,84,607,0,0,0,607
09/03/2006,STL,MO,ACE,CE,Towers with Radar,285,181,4,99,569,0,3,15,0,18,285,184,19,99,587,0,0,0,587
09/04/2006,STL,MO,ACE,CE,Towers with Radar,341,232,14,97,684,0,4,16,0,20,341,236,30,97,704,0,0,0,704
09/05/2006,STL,MO,ACE,CE,Towers with Radar,367,259,36,112,774,0,0,10,4,14,367,259,46,116,788,0,0,0,788
09/06/2006,STL,MO,ACE,CE,Towers with Radar,395,271,32,104,802,0,7,26,4,37,395,278,58,108,839,0,0,0,839
09/07/2006,STL,MO,ACE,CE,Towers with Radar,387,266,62,110,825,0,2,36,3,41,387,268,98,113,866,0,5,5,871
09/08/2006,STL,MO,ACE,CE,Towers with Radar,392,260,47,118,817,0,2,38,5,45,392,262,85,123,862,1,0,1,863
09/09/2006,STL,MO,ACE,CE,Towers with Radar,319,151,15,91,576,0,6,25,0,31,319,157,40,91,607,0,0,0,607
09/10/2006,STL,MO,ACE,CE,Towers with Radar,339,212,12,113,676,0,1,24,0,25,339,213,36,113,701,10,0,10,711
09/11/2006,STL,MO,ACE,CE,Towers with Radar,368,248,22,110,748,0,0,6,1,7,368,248,28,111,755,0,1,1,756
09/12/2006,STL,MO,ACE,CE,Towers with Radar,407,258,53,104,822,0,0,1,0,1,407,258,54,104,823,0,0,0,823
09/13/2006,STL,MO,ACE,CE,Towers with Radar,338,232,45,93,708,0,0,7,0,7,338,232,52,93,715,1,0,1,716
09/14/2006,STL,MO,ACE,CE,Towers with Radar,394,276,58,108,836,0,2,26,1,29,394,278,84,109,865,4,0,4,869
09/15/2006,STL,MO,ACE,CE,Towers with Radar,404,280,36,106,826,0,6,35,0,41,404,286,71,106,867,0,0,0,867
09/16/2006,STL,MO,ACE,CE,Towers with Radar,324,156,24,79,583,0,8,28,0,36,324,164,52,79,619,0,0,0,619
09/17/2006,STL,MO,ACE,CE,Towers with Radar,335,202,20,91,648,0,0,20,0,20,335,202,40,91,668,19,0,19,687
09/18/2006,STL,MO,ACE,CE,Towers with Radar,400,274,32,109,815,0,1,23,3,27,400,275,55,112,842,0,0,0,842
09/19/2006,STL,MO,ACE,CE,Towers with Radar,388,254,42,106,790,0,1,24,3,28,388,255,66,109,818,2,0,2,820
09/20/2006,STL,MO,ACE,CE,Towers with Radar,387,261,36,106,790,0,7,32,6,45,387,268,68,112,835,0,0,0,835
09/21/2006,STL,MO,ACE,CE,Towers with Radar,397,255,40,108,800,0,1,29,2,32,397,256,69,110,832,1,0,1,833
09/22/2006,STL,MO,ACE,CE,Towers with Radar,386,260,42,97,785,0,0,5,2,7,386,260,47,99,792,0,0,0,792
09/23/2006,STL,MO,ACE,CE,Towers with Radar,318,150,13,75,556,0,0,0,0,0,318,150,13,75,556,0,0,0,556
09/24/2006,STL,MO,ACE,CE,Towers with Radar,347,210,22,89,668,0,1,9,1,11,347,211,31,90,679,0,0,0,679
09/25/2006,STL,MO,ACE,CE,Towers with Radar,378,263,22,103,766,0,2,42,0,44,378,265,64,103,810,16,0,16,826
09/26/2006,STL,MO,ACE,CE,Towers with Radar,388,251,33,108,780,0,5,31,3,39,388,256,64,111,819,5,0,5,824
09/27/2006,STL,MO,ACE,CE,Towers with Radar,392,242,53,107,794,0,1,33,1,35,392,243,86,108,829,0,0,0,829
09/28/2006,STL,MO,ACE,CE,Towers with Radar,385,249,43,96,773,0,1,28,5,34,385,250,71,101,807,6,0,6,813
09/29/2006,STL,MO,ACE,CE,Towers with Radar,402,256,41,111,810,0,3,25,2,30,402,259,66,113,840,4,0,4,844
09/30/2006,STL,MO,ACE,CE,Towers with Radar,314,155,25,78,572,0,4,27,0,31,314,159,52,78,603,0,0,0,603
10/01/2006,STL,MO,ACE,CE,Towers with Radar,337,212,22,95,666,0,2,38,2,42,337,214,60,97,708,12,0,12,720
10/02/2006,STL,MO,ACE,CE,Towers with Radar,391,260,41,113,805,0,3,31,0,34,391,263,72,113,839,16,0,16,855
10/03/2006,STL,MO,ACE,CE,Towers with Radar,406,261,37,100,804,0,1,22,0,23,406,262,59,100,827,0,0,0,827
10/04/2006,STL,MO,ACE,CE,Towers with Radar,386,257,31,100,774,0,2,8,0,10,386,259,39,100,784,0,0,0,784
10/05/2006,STL,MO,ACE,CE,Towers with Radar,397,273,49,105,824,0,8,18,0,26,397,281,67,105,850,0,0,0,850
10/06/2006,STL,MO,ACE,CE,Towers with Radar,387,259,43,101,790,0,5,35,0,40,387,264,78,101,830,0,0,0,830
10/07/2006,STL,MO,ACE,CE,Towers with Radar,327,162,12,81,582,0,2,32,2,36,327,164,44,83,618,0,10,10,628
10/08/2006,STL,MO,ACE,CE,Towers with Radar,346,218,18,90,672,0,4,25,1,30,346,222,43,91,702,0,0,0,702
10/09/2006,STL,MO,ACE,CE,Towers with Radar,390,271,25,98,784,0,5,20,4,29,390,276,45,102,813,4,0,4,817
10/10/2006,STL,MO,ACE,CE,Towers with Radar,374,254,28,91,747,0,1,19,2,22,374,255,47,93,769,18,0,18,787
10/11/2006,STL,MO,ACE,CE,Towers with Radar,405,277,49,99,830,0,1,6,2,9,405,278,55,101,839,0,0,0,839
10/12/2006,STL,MO,ACE,CE,Towers with Radar,386,277,61,98,822,0,7,14,0,21,386,284,75,98,843,2,0,2,845
10/13/2006,STL,MO,ACE,CE,Towers with Radar,405,267,53,104,829,0,3,34,0,37,405,270,87,104,866,0,0,0,866
10/14/2006,STL,MO,ACE,CE,Towers with Radar,317,164,28,77,586,0,4,32,1,37,317,168,60,78,623,10,0,10,633
10/15/2006,STL,MO,ACE,CE,Towers with Radar,349,213,16,103,681,0,4,21,0,25,349,217,37,103,706,4,0,4,710
10/16/2006,STL,MO,ACE,CE,Towers with Radar,370,251,33,95,749,0,0,0,0,0,370,251,33,95,749,0,0,0,749
10/17/2006,STL,MO,ACE,CE,Towers with Radar,389,234,49,105,777,0,3,3,0,6,389,237,52,105,783,0,0,0,783
10/18/2006,STL,MO,ACE,CE,Towers with Radar,410,268,41,111,830,0,1,2,0,3,410,269,43,111,833,0,0,0,833
10/19/2006,STL,MO,ACE,CE,Towers with Radar,396,274,53,100,823,0,2,8,2,12,396,276,61,102,835,0,0,0,835
10/20/2006,STL,MO,ACE,CE,Towers with Radar,397,268,43,102,810,0,4,30,6,40,397,272,73,108,850,0,0,0,850
10/21/2006,STL,MO,ACE,CE,Towers with Radar,322,162,15,75,574,0,3,16,3,22,322,165,31,78,596,0,0,0,596
10/22/2006,STL,MO,ACE,CE,Towers with Radar,346,209,14,87,656,0,2,11,0,13,346,211,25,87,669,0,0,0,669
10/23/2006,STL,MO,ACE,CE,Towers with Radar,385,262,30,103,780,0,0,17,7,24,385,262,47,110,804,10,0,10,814
10/24/2006,STL,MO,ACE,CE,Towers with Radar,394,270,49,108,821,0,4,25,4,33,394,274,74,112,854,0,4,4,858
10/25/2006,STL,MO,ACE,CE,Towers with Radar,413,270,88,105,876,0,0,8,0,8,413,270,96,105,884,2,0,2,886
10/26/2006,STL,MO,ACE,CE,Towers with Radar,381,255,57,91,784,0,0,0,0,0,381,255,57,91,784,0,0,0,784
10/27/2006,STL,MO,ACE,CE,Towers with Radar,406,264,37,89,796,0,0,0,0,0,406,264,37,89,796,0,0,0,796
10/28/2006,STL,MO,ACE,CE,Towers with Radar,332,174,18,78,602,0,3,29,3,35,332,177,47,81,637,0,0,0,637
10/29/2006,STL,MO,ACE,CE,Towers with Radar,347,214,16,92,669,0,3,19,1,23,347,217,35,93,692,0,0,0,692
10/30/2006,STL,MO,ACE,CE,Towers with Radar,381,246,25,102,754,0,0,13,2,15,381,246,38,104,769,6,0,6,775
10/31/2006,STL,MO,ACE,CE,Towers with Radar,393,258,36,113,800,0,6,16,1,23,393,264,52,114,823,3,0,3,826
11/01/2006,STL,MO,ACE,CE,Towers with Radar,397,249,35,113,794,0,2,29,2,33,397,251,64,115,827,8,0,8,835
11/02/2006,STL,MO,ACE,CE,Towers with Radar,387,258,50,113,808,0,8,25,2,35,387,266,75,115,843,1,0,1,844
11/03/2006,STL,MO,ACE,CE,Towers with Radar,396,257,28,112,793,0,4,38,0,42,396,261,66,112,835,1,0,1,836
11/04/2006,STL,MO,ACE,CE,Towers with Radar,330,176,20,80,606,0,0,0,0,0,330,176,20,80,606,4,0,4,610
11/05/2006,STL,MO,ACE,CE,Towers with Radar,348,205,12,108,673,0,6,7,0,13,348,211,19,108,686,0,0,0,686
11/06/2006,STL,MO,ACE,CE,Towers with Radar,380,242,37,103,762,0,1,7,0,8,380,243,44,103,770,3,0,3,773
11/07/2006,STL,MO,ACE,CE,Towers with Radar,378,228,38,103,747,0,0,2,0,2,378,228,40,103,749,0,0,0,749
11/08/2006,STL,MO,ACE,CE,Towers with Radar,386,280,55,100,821,0,4,33,1,38,386,284,88,101,859,0,0,0,859
11/09/2006,STL,MO,ACE,CE,Towers with Radar,391,271,50,102,814,0,1,45,1,47,391,272,95,103,861,17,0,17,878
11/10/2006,STL,MO,ACE,CE,Towers with Radar,374,239,20,97,730,0,0,4,2,6,374,239,24,99,736,0,0,0,736
11/11/2006,STL,MO,ACE,CE,Towers with Radar,314,148,22,81,565,0,1,4,0,5,314,149,26,81,570,0,0,0,570
11/12/2006,STL,MO,ACE,CE,Towers with Radar,332,198,17,95,642,0,1,21,0,22,332,199,38,95,664,0,0,0,664
11/13/2006,STL,MO,ACE,CE,Towers with Radar,368,259,22,105,754,0,1,10,3,14,368,260,32,108,768,4,0,4,772
11/14/2006,STL,MO,ACE,CE,Towers with Radar,394,249,26,102,771,0,0,2,0,2,394,249,28,102,773,0,0,0,773
11/15/2006,STL,MO,ACE,CE,Towers with Radar,372,256,23,96,747,0,0,0,0,0,372,256,23,96,747,0,0,0,747
11/16/2006,STL,MO,ACE,CE,Towers with Radar,382,253,34,108,777,0,3,12,0,15,382,256,46,108,792,6,0,6,798
11/17/2006,STL,MO,ACE,CE,Towers with Radar,374,251,26,112,763,0,3,28,5,36,374,254,54,117,799,2,0,2,801
11/18/2006,STL,MO,ACE,CE,Towers with Radar,315,150,14,80,559,0,3,7,2,12,315,153,21,82,571,0,0,0,571
11/19/2006,STL,MO,ACE,CE,Towers with Radar,337,197,6,97,637,0,2,12,0,14,337,199,18,97,651,0,0,0,651
11/20/2006,STL,MO,ACE,CE,Towers with Radar,375,238,18,102,733,0,4,32,3,39,375,242,50,105,772,0,0,0,772
11/21/2006,STL,MO,ACE,CE,Towers with Radar,388,265,28,107,788,0,2,32,2,36,388,267,60,109,824,5,0,5,829
11/22/2006,STL,MO,ACE,CE,Towers with Radar,394,264,28,98,784,0,6,33,1,40,394,270,61,99,824,8,0,8,832
11/23/2006,STL,MO,ACE,CE,Towers with Radar,293,174,6,59,532,0,6,18,0,24,293,180,24,59,556,0,0,0,556
11/24/2006,STL,MO,ACE,CE,Towers with Radar,315,172,25,62,574,0,3,45,0,48,315,175,70,62,622,0,0,0,622
11/25/2006,STL,MO,ACE,CE,Towers with Radar,318,162,20,82,582,0,2,11,4,17,318,164,31,86,599,0,0,0,599
11/26/2006,STL,MO,ACE,CE,Towers with Radar,353,213,24,94,684,0,4,20,4,28,353,217,44,98,712,11,0,11,723
11/27/2006,STL,MO,ACE,CE,Towers with Radar,373,253,30,116,772,0,2,11,2,15,373,255,41,118,787,0,0,0,787
11/28/2006,STL,MO,ACE,CE,Towers with Radar,392,256,44,112,804,0,3,7,0,10,392,259,51,112,814,0,0,0,814
11/29/2006,STL,MO,ACE,CE,Towers with Radar,395,246,26,114,781,0,2,4,3,9,395,248,30,117,790,7,0,7,797
11/30/2006,STL,MO,ACE,CE,Towers with Radar,130,69,19,34,252,0,0,0,0,0,130,69,19,34,252,0,0,0,252
12/01/2006,STL,MO,ACE,CE,Towers with Radar,234,110,21,17,382,0,2,1,0,3,234,112,22,17,385,0,0,0,385
12/02/2006,STL,MO,ACE,CE,Towers with Radar,317,130,11,72,530,0,3,5,4,12,317,133,16,76,542,0,0,0,542
12/03/2006,STL,MO,ACE,CE,Towers with Radar,341,177,5,90,613,0,5,8,0,13,341,182,13,90,626,0,0,0,626
12/04/2006,STL,MO,ACE,CE,Towers with Radar,361,236,25,104,726,0,4,11,2,17,361,240,36,106,743,1,0,1,744
12/05/2006,STL,MO,ACE,CE,Towers with Radar,389,243,41,113,786,0,5,21,2,28,389,248,62,115,814,4,0,4,818
12/06/2006,STL,MO,ACE,CE,Towers with Radar,381,251,37,107,776,0,2,17,1,20,381,253,54,108,796,2,0,2,798
12/07/2006,STL,MO,ACE,CE,Towers with Radar,388,255,45,113,801,0,0,0,0,0,388,255,45,113,801,0,0,0,801
12/08/2006,STL,MO,ACE,CE,Towers with Radar,392,257,28,104,781,0,2,28,2,32,392,259,56,106,813,4,0,4,817
12/09/2006,STL,MO,ACE,CE,Towers with Radar,309,153,16,85,563,0,0,0,0,0,309,153,16,85,563,5,0,5,568
12/10/2006,STL,MO,ACE,CE,Towers with Radar,345,206,8,98,657,0,0,0,0,0,345,206,8,98,657,26,0,26,683
12/11/2006,STL,MO,ACE,CE,Towers with Radar,369,250,23,113,755,0,0,0,0,0,369,250,23,113,755,0,0,0,755
12/12/2006,STL,MO,ACE,CE,Towers with Radar,386,251,30,112,779,0,0,0,0,0,386,251,30,112,779,0,0,0,779
12/13/2006,STL,MO,ACE,CE,Towers with Radar,386,238,43,104,771,0,1,33,1,35,386,239,76,105,806,1,0,1,807
12/14/2006,STL,MO,ACE,CE,Towers with Radar,373,256,45,112,786,0,2,26,5,33,373,258,71,117,819,11,0,11,830
12/15/2006,STL,MO,ACE,CE,Towers with Radar,393,255,34,105,787,0,3,24,2,29,393,258,58,107,816,2,0,2,818
12/16/2006,STL,MO,ACE,CE,Towers with Radar,319,160,13,81,573,0,1,8,0,9,319,161,21,81,582,0,0,0,582
12/17/2006,STL,MO,ACE,CE,Towers with Radar,337,202,5,90,634,0,1,10,1,12,337,203,15,91,646,0,0,0,646
12/18/2006,STL,MO,ACE,CE,Towers with Radar,364,247,22,105,738,0,2,17,2,21,364,249,39,107,759,2,0,2,761
12/19/2006,STL,MO,ACE,CE,Towers with Radar,381,244,32,110,767,0,8,34,2,44,381,252,66,112,811,8,0,8,819
12/20/2006,STL,MO,ACE,CE,Towers with Radar,385,234,34,88,741,0,0,2,0,2,385,234,36,88,743,0,0,0,743
12/21/2006,STL,MO,ACE,CE,Towers with Radar,389,255,25,99,768,0,0,5,0,5,389,255,30,99,773,0,0,0,773
12/22/2006,STL,MO,ACE,CE,Towers with Radar,391,240,26,93,750,0,2,15,0,17,391,242,41,93,767,0,0,0,767
12/23/2006,STL,MO,ACE,CE,Towers with Radar,334,169,24,78,605,0,1,20,0,21,334,170,44,78,626,0,0,0,626
12/24/2006,STL,MO,ACE,CE,Towers with Radar,304,172,7,75,558,0,1,12,0,13,304,173,19,75,571,0,0,0,571
12/25/2006,STL,MO,ACE,CE,Towers with Radar,302,199,5,67,573,0,0,0,0,0,302,199,5,67,573,0,0,0,573
12/26/2006,STL,MO,ACE,CE,Towers with Radar,356,236,9,86,687,0,1,12,0,13,356,237,21,86,700,0,0,0,700
12/27/2006,STL,MO,ACE,CE,Towers with Radar,388,256,12,95,751,0,2,19,1,22,388,258,31,96,773,0,0,0,773
12/28/2006,STL,MO,ACE,CE,Towers with Radar,380,232,14,102,728,0,2,16,0,18,380,234,30,102,746,2,0,2,748
12/29/2006,STL,MO,ACE,CE,Towers with Radar,359,231,16,97,703,0,6,15,0,21,359,237,31,97,724,0,0,0,724
12/30/2006,STL,MO,ACE,CE,Towers with Radar,340,148,17,76,581,0,1,7,0,8,340,149,24,76,589,0,0,0,589
12/31/2006,STL,MO,ACE,CE,Towers with Radar,304,174,1,79,558,0,1,0,0,1,304,175,1,79,559,0,0,0,559
01/01/2007,STL,MO,ACE,CE,Towers with Radar,332,198,4,78,612,0,0,7,0,7,332,198,11,78,619,0,0,0,619
01/02/2007,STL,MO,ACE,CE,Towers with Radar,363,245,24,91,723,0,1,21,0,22,363,246,45,91,745,5,0,5,750
01/03/2007,STL,MO,ACE,CE,Towers with Radar,389,251,17,99,756,0,1,18,1,20,389,252,35,100,776,0,0,0,776
01/04/2007,STL,MO,ACE,CE,Towers with Radar,375,256,22,100,753,0,0,5,0,5,375,256,27,100,758,0,0,0,758
01/05/2007,STL,MO,ACE,CE,Towers with Radar,388,251,20,98,757,0,2,0,0,2,388,253,20,98,759,0,0,0,759
01/06/2007,STL,MO,ACE,CE,Towers with Radar,309,162,15,94,580,0,2,12,1,15,309,164,27,95,595,0,0,0,595
01/07/2007,STL,MO,ACE,CE,Towers with Radar,343,204,10,108,665,0,2,10,0,12,343,206,20,108,677,1,0,1,678
01/08/2007,STL,MO,ACE,CE,Towers with Radar,370,249,18,97,734,0,3,18,1,22,370,252,36,98,756,0,0,0,756
01/09/2007,STL,MO,ACE,CE,Towers with Radar,379,248,20,109,756,0,5,7,3,15,379,253,27,112,771,13,0,13,784
01/10/2007,STL,MO,ACE,CE,Towers with Radar,387,251,25,103,766,0,4,29,2,35,387,255,54,105,801,0,0,0,801
01/11/2007,STL,MO,ACE,CE,Towers with Radar,387,256,31,110,784,0,3,2,2,7,387,259,33,112,791,5,0,5,796
01/12/2007,STL,MO,ACE,CE,Towers with Radar,308,199,19,81,607,0,0,0,0,0,308,199,19,81,607,0,0,0,607
01/13/2007,STL,MO,ACE,CE,Towers with Radar,202,87,2,44,335,0,0,0,0,0,202,87,2,44,335,0,0,0,335
01/14/2007,STL,MO,ACE,CE,Towers with Radar,276,104,8,84,472,0,0,0,0,0,276,104,8,84,472,0,0,0,472
01/15/2007,STL,MO,ACE,CE,Towers with Radar,346,216,20,91,673,0,0,0,0,0,346,216,20,91,673,0,0,0,673
01/16/2007,STL,MO,ACE,CE,Towers with Radar,393,223,30,94,740,0,0,5,0,5,393,223,35,94,745,0,0,0,745
01/17/2007,STL,MO,ACE,CE,Towers with Radar,366,242,39,104,751,0,2,16,4,22,366,244,55,108,773,0,0,0,773
01/18/2007,STL,MO,ACE,CE,Towers with Radar,395,250,33,95,773,0,1,6,1,8,395,251,39,96,781,2,0,2,783
01/19/2007,STL,MO,ACE,CE,Towers with Radar,387,247,20,106,760,0,1,30,1,32,387,248,50,107,792,6,0,6,798
01/20/2007,STL,MO,ACE,CE,Towers with Radar,305,159,2,75,541,0,0,0,2,2,305,159,2,77,543,0,0,0,543
01/21/2007,STL,MO,ACE,CE,Towers with Radar,292,196,9,84,581,0,0,0,0,0,292,196,9,84,581,0,0,0,581
01/22/2007,STL,MO,ACE,CE,Towers with Radar,388,258,17,97,760,0,2,2,0,4,388,260,19,97,764,0,0,0,764
01/23/2007,STL,MO,ACE,CE,Towers with Radar,384,257,37,106,784,0,3,18,3,24,384,260,55,109,808,6,0,6,814
01/24/2007,STL,MO,ACE,CE,Towers with Radar,394,253,34,89,770,0,2,8,1,11,394,255,42,90,781,0,0,0,781
01/25/2007,STL,MO,ACE,CE,Towers with Radar,389,272,24,95,780,0,2,14,1,17,389,274,38,96,797,1,0,1,798
01/26/2007,STL,MO,ACE,CE,Towers with Radar,387,266,23,97,773,0,2,23,3,28,387,268,46,100,801,0,0,0,801
01/27/2007,STL,MO,ACE,CE,Towers with Radar,313,153,12,75,553,0,2,11,0,13,313,155,23,75,566,0,0,0,566
01/28/2007,STL,MO,ACE,CE,Towers with Radar,337,206,6,85,634,0,1,3,0,4,337,207,9,85,638,0,0,0,638
01/29/2007,STL,MO,ACE,CE,Towers with Radar,373,239,18,102,732,0,14,20,1,35,373,253,38,103,767,6,0,6,773
01/30/2007,STL,MO,ACE,CE,Towers with Radar,381,239,27,105,752,0,1,9,0,10,381,240,36,105,762,0,0,0,762
01/31/2007,STL,MO,ACE,CE,Towers with Radar,389,240,26,104,759,0,1,22,1,24,389,241,48,105,783,12,0,12,795
02/01/2007,STL,MO,ACE,CE,Towers with Radar,379,243,22,103,747,0,1,3,0,4,379,244,25,103,751,0,0,0,751
02/02/2007,STL,MO,ACE,CE,Towers with Radar,389,247,23,105,764,0,1,16,3,20,389,248,39,108,784,0,0,0,784
02/03/2007,STL,MO,ACE,CE,Towers with Radar,306,164,22,84,576,0,0,21,1,22,306,164,43,85,598,0,0,0,598
02/04/2007,STL,MO,ACE,CE,Towers with Radar,331,210,7,95,643,0,1,11,0,12,331,211,18,95,655,5,0,5,660
02/05/2007,STL,MO,ACE,CE,Towers with Radar,375,243,16,105,739,0,10,14,1,25,375,253,30,106,764,0,0,0,764
02/06/2007,STL,MO,ACE,CE,Towers with Radar,376,250,27,100,753,0,2,13,0,15,376,252,40,100,768,0,0,0,768
02/07/2007,STL,MO,ACE,CE,Towers with Radar,389,264,32,97,782,0,1,18,2,21,389,265,50,99,803,0,0,0,803
02/08/2007,STL,MO,ACE,CE,Towers with Radar,395,241,46,95,777,0,2,17,0,19,395,243,63,95,796,0,0,0,796
02/09/2007,STL,MO,ACE,CE,Towers with Radar,394,252,26,103,775,0,2,15,4,21,394,254,41,107,796,10,0,10,806
02/10/2007,STL,MO,ACE,CE,Towers with Radar,314,160,18,72,564,0,1,35,0,36,314,161,53,72,600,8,0,8,608
02/11/2007,STL,MO,ACE,CE,Towers with Radar,335,211,8,87,641,0,0,27,2,29,335,211,35,89,670,1,0,1,671
02/12/2007,STL,MO,ACE,CE,Towers with Radar,371,247,31,94,743,0,0,1,0,1,371,247,32,94,744,0,0,0,744
02/13/2007,STL,MO,ACE,CE,Towers with Radar,247,146,23,47,463,0,0,0,0,0,247,146,23,47,463,0,0,0,463
02/14/2007,STL,MO,ACE,CE,Towers with Radar,339,228,31,62,660,0,1,12,0,13,339,229,43,62,673,0,0,0,673
02/15/2007,STL,MO,ACE,CE,Towers with Radar,380,253,35,91,759,0,2,19,0,21,380,255,54,91,780,0,0,0,780
02/16/2007,STL,MO,ACE,CE,Towers with Radar,392,250,24,104,770,0,1,15,4,20,392,251,39,108,790,0,0,0,790
02/17/2007,STL,MO,ACE,CE,Towers with Radar,306,150,18,79,553,0,1,3,0,4,306,151,21,79,557,0,0,0,557
02/18/2007,STL,MO,ACE,CE,Towers with Radar,333,211,8,89,641,0,0,17,1,18,333,211,25,90,659,0,0,0,659
02/19/2007,STL,MO,ACE,CE,Towers with Radar,371,257,29,103,760,0,4,13,4,21,371,261,42,107,781,0,0,0,781
02/20/2007,STL,MO,ACE,CE,Towers with Radar,389,245,38,97,769,0,1,24,0,25,389,246,62,97,794,0,0,0,794
02/21/2007,STL,MO,ACE,CE,Towers with Radar,396,250,37,99,782,0,4,29,0,33,396,254,66,99,815,0,0,0,815
02/22/2007,STL,MO,ACE,CE,Towers with Radar,386,256,33,108,783,0,1,27,2,30,386,257,60,110,813,0,0,0,813
02/23/2007,STL,MO,ACE,CE,Towers with Radar,386,281,34,109,810,0,0,22,0,22,386,281,56,109,832,0,0,0,832
02/24/2007,STL,MO,ACE,CE,Towers with Radar,274,141,17,74,506,0,0,1,0,1,274,141,18,74,507,0,0,0,507
02/25/2007,STL,MO,ACE,CE,Towers with Radar,311,201,10,73,595,0,1,2,0,3,311,202,12,73,598,0,0,0,598
02/26/2007,STL,MO,ACE,CE,Towers with Radar,373,249,21,101,744,0,6,12,3,21,373,255,33,104,765,1,0,1,766
02/27/2007,STL,MO,ACE,CE,Towers with Radar,375,260,19,101,755,0,1,31,2,34,375,261,50,103,789,4,0,4,793
02/28/2007,STL,MO,ACE,CE,Towers with Radar,361,377,26,11,775,0,0,2,1,3,361,377,28,12,778,0,0,0,778
03/01/2007,STL,MO,ACE,CE,Towers with Radar,365,350,37,7,759,0,0,2,0,2,365,350,39,7,761,0,0,0,761
03/02/2007,STL,MO,ACE,CE,Towers with Radar,364,371,30,12,777,0,3,4,4,11,364,374,34,16,788,0,0,0,788
03/03/2007,STL,MO,ACE,CE,Towers with Radar,283,219,17,8,527,0,0,0,0,0,283,219,17,8,527,0,0,0,527
03/04/2007,STL,MO,ACE,CE,Towers with Radar,319,306,18,11,654,0,0,1,1,2,319,306,19,12,656,0,0,0,656
03/05/2007,STL,MO,ACE,CE,Towers with Radar,354,371,33,9,767,0,0,3,6,9,354,371,36,15,776,0,0,0,776
03/06/2007,STL,MO,ACE,CE,Towers with Radar,363,366,32,10,771,1,1,4,8,14,364,367,36,18,785,0,7,7,792
03/07/2007,STL,MO,ACE,CE,Towers with Radar,365,368,36,9,778,2,0,4,2,8,367,368,40,11,786,0,1,1,787
03/08/2007,STL,MO,ACE,CE,Towers with Radar,367,374,38,9,788,0,0,0,0,0,367,374,38,9,788,0,0,0,788
03/09/2007,STL,MO,ACE,CE,Towers with Radar,378,326,27,3,734,0,0,0,1,1,378,326,27,4,735,0,2,2,737
03/10/2007,STL,MO,ACE,CE,Towers with Radar,296,230,27,15,568,0,0,9,1,10,296,230,36,16,578,13,0,13,591
03/11/2007,STL,MO,ACE,CE,Towers with Radar,316,279,7,2,604,0,0,1,1,2,316,279,8,3,606,0,0,0,606
03/12/2007,STL,MO,ACE,CE,Towers with Radar,358,322,25,11,716,0,0,3,1,4,358,322,28,12,720,2,4,6,726
03/13/2007,STL,MO,ACE,CE,Towers with Radar,351,321,41,8,721,0,1,6,1,8,351,322,47,9,729,0,3,3,732
03/14/2007,STL,MO,ACE,CE,Towers with Radar,371,325,26,5,727,0,0,6,6,12,371,325,32,11,739,0,0,0,739
03/15/2007,STL,MO,ACE,CE,Towers with Radar,373,330,34,22,759,0,0,5,2,7,373,330,39,24,766,0,0,0,766
03/16/2007,STL,MO,ACE,CE,Towers with Radar,348,275,35,10,668,0,1,10,2,13,348,276,45,12,681,0,0,0,681
03/17/2007,STL,MO,ACE,CE,Towers with Radar,305,213,8,3,529,0,0,1,0,1,305,213,9,3,530,0,0,0,530
03/18/2007,STL,MO,ACE,CE,Towers with Radar,323,284,13,0,620,0,0,1,0,1,323,284,14,0,621,0,0,0,621
03/19/2007,STL,MO,ACE,CE,Towers with Radar,364,314,24,6,708,0,0,0,0,0,364,314,24,6,708,0,0,0,708
03/20/2007,STL,MO,ACE,CE,Towers with Radar,362,330,24,15,731,0,0,0,0,0,362,330,24,15,731,0,0,0,731
03/21/2007,STL,MO,ACE,CE,Towers with Radar,375,331,19,11,736,0,1,8,2,11,375,332,27,13,747,0,0,0,747
03/22/2007,STL,MO,ACE,CE,Towers with Radar,363,311,30,4,708,0,0,0,1,1,363,311,30,5,709,0,0,0,709
03/23/2007,STL,MO,ACE,CE,Towers with Radar,369,328,27,7,731,0,1,5,0,6,369,329,32,7,737,0,0,0,737
03/24/2007,STL,MO,ACE,CE,Towers with Radar,330,225,16,4,575,0,0,1,0,1,330,225,17,4,576,0,0,0,576
03/25/2007,STL,MO,ACE,CE,Towers with Radar,333,289,14,1,637,0,0,0,0,0,333,289,14,1,637,0,0,0,637
03/26/2007,STL,MO,ACE,CE,Towers with Radar,353,317,28,13,711,0,0,9,5,14,353,317,37,18,725,0,0,0,725
03/27/2007,STL,MO,ACE,CE,Towers with Radar,374,316,35,8,733,0,0,5,1,6,374,316,40,9,739,0,0,0,739
03/28/2007,STL,MO,ACE,CE,Towers with Radar,362,326,30,7,725,0,0,0,2,2,362,326,30,9,727,0,4,4,731
03/29/2007,STL,MO,ACE,CE,Towers with Radar,363,328,32,11,734,0,0,5,3,8,363,328,37,14,742,0,0,0,742
03/30/2007,STL,MO,ACE,CE,Towers with Radar,358,328,29,11,726,0,0,5,3,8,358,328,34,14,734,0,0,0,734
03/31/2007,STL,MO,ACE,CE,Towers with Radar,328,233,17,0,578,0,0,1,0,1,328,233,18,0,579,0,0,0,579
04/01/2007,STL,MO,ACE,CE,Towers with Radar,326,287,12,2,627,0,0,0,0,0,326,287,12,2,627,0,0,0,627
04/02/2007,STL,MO,ACE,CE,Towers with Radar,356,314,20,24,714,0,0,6,1,7,356,314,26,25,721,0,2,2,723
04/03/2007,STL,MO,ACE,CE,Towers with Radar,350,303,27,9,689,0,0,1,1,2,350,303,28,10,691,0,0,0,691
04/04/2007,STL,MO,ACE,CE,Towers with Radar,380,338,39,18,775,0,0,2,9,11,380,338,41,27,786,0,0,0,786
04/05/2007,STL,MO,ACE,CE,Towers with Radar,371,335,31,21,758,0,0,1,2,3,371,335,32,23,761,0,6,6,767
04/06/2007,STL,MO,ACE,CE,Towers with Radar,371,320,18,16,725,0,0,2,4,6,371,320,20,20,731,1,2,3,734
04/07/2007,STL,MO,ACE,CE,Towers with Radar,305,226,10,2,543,0,0,7,0,7,305,226,17,2,550,0,0,0,550
04/08/2007,STL,MO,ACE,CE,Towers with Radar,329,287,3,0,619,0,0,0,0,0,329,287,3,0,619,0,0,0,619
04/09/2007,STL,MO,ACE,CE,Towers with Radar,355,318,25,19,717,0,0,4,2,6,355,318,29,21,723,0,5,5,728
04/10/2007,STL,MO,ACE,CE,Towers with Radar,361,314,19,11,705,0,0,1,0,1,361,314,20,11,706,0,0,0,706
04/11/2007,STL,MO,ACE,CE,Towers with Radar,354,319,45,6,724,0,1,0,2,3,354,320,45,8,727,0,0,0,727
04/12/2007,STL,MO,ACE,CE,Towers with Radar,369,315,31,19,734,0,1,3,1,5,369,316,34,20,739,2,6,8,747
04/13/2007,STL,MO,ACE,CE,Towers with Radar,369,323,27,13,732,0,0,2,1,3,369,323,29,14,735,4,1,5,740
04/14/2007,STL,MO,ACE,CE,Towers with Radar,317,226,16,1,560,0,0,1,0,1,317,226,17,1,561,0,0,0,561
04/15/2007,STL,MO,ACE,CE,Towers with Radar,324,274,32,11,641,0,1,1,0,2,324,275,33,11,643,0,0,0,643
04/16/2007,STL,MO,ACE,CE,Towers with Radar,356,322,32,6,716,0,0,3,1,4,356,322,35,7,720,0,5,5,725
04/17/2007,STL,MO,ACE,CE,Towers with Radar,368,319,39,14,740,0,0,2,0,2,368,319,41,14,742,0,0,0,742
04/18/2007,STL,MO,ACE,CE,Towers with Radar,372,322,56,6,756,0,0,2,4,6,372,322,58,10,762,0,0,0,762
04/19/2007,STL,MO,ACE,CE,Towers with Radar,371,318,50,12,751,0,0,6,0,6,371,318,56,12,757,0,0,0,757
04/20/2007,STL,MO,ACE,CE,Towers with Radar,364,320,41,15,740,0,0,9,4,13,364,320,50,19,753,0,0,0,753
04/21/2007,STL,MO,ACE,CE,Towers with Radar,302,219,18,5,544,0,0,6,0,6,302,219,24,5,550,0,0,0,550
04/22/2007,STL,MO,ACE,CE,Towers with Radar,330,290,12,0,632,0,0,0,0,0,330,290,12,0,632,0,0,0,632
04/23/2007,STL,MO,ACE,CE,Towers with Radar,365,317,37,11,730,0,0,1,2,3,365,317,38,13,733,0,10,10,743
04/24/2007,STL,MO,ACE,CE,Towers with Radar,351,309,24,5,689,0,0,0,3,3,351,309,24,8,692,0,4,4,696
04/25/2007,STL,MO,ACE,CE,Towers with Radar,362,316,31,5,714,0,0,4,4,8,362,316,35,9,722,0,0,0,722
04/26/2007,STL,MO,ACE,CE,Towers with Radar,363,313,33,8,717,0,0,0,0,0,363,313,33,8,717,0,0,0,717
04/27/2007,STL,MO,ACE,CE,Towers with Radar,368,323,44,15,750,0,0,0,0,0,368,323,44,15,750,0,0,0,750
04/28/2007,STL,MO,ACE,CE,Towers with Radar,301,224,15,1,541,0,0,0,0,0,301,224,15,1,541,0,0,0,541
04/29/2007,STL,MO,ACE,CE,Towers with Radar,333,282,17,9,641,0,0,0,0,0,333,282,17,9,641,0,0,0,641
04/30/2007,STL,MO,ACE,CE,Towers with Radar,356,304,26,10,696,0,1,13,11,25,356,305,39,21,721,0,4,4,725
05/01/2007,STL,MO,ACE,CE,Towers with Radar,363,307,42,15,727,0,0,1,2,3,363,307,43,17,730,3,2,5,735
05/02/2007,STL,MO,ACE,CE,Towers with Radar,362,329,42,8,741,0,0,3,0,3,362,329,45,8,744,0,0,0,744
05/03/2007,STL,MO,ACE,CE,Towers with Radar,375,320,47,7,749,0,0,3,0,3,375,320,50,7,752,0,0,0,752
05/04/2007,STL,MO,ACE,CE,Towers with Radar,372,319,32,5,728,0,0,0,0,0,372,319,32,5,728,0,0,0,728
05/05/2007,STL,MO,ACE,CE,Towers with Radar,300,217,26,13,556,0,0,1,0,1,300,217,27,13,557,0,6,6,563
05/06/2007,STL,MO,ACE,CE,Towers with Radar,328,283,15,8,634,0,0,2,0,2,328,283,17,8,636,0,0,0,636
05/07/2007,STL,MO,ACE,CE,Towers with Radar,372,323,29,7,731,0,1,8,5,14,372,324,37,12,745,0,0,0,745
05/08/2007,STL,MO,ACE,CE,Towers with Radar,374,325,34,8,741,0,2,4,1,7,374,327,38,9,748,0,0,0,748
05/09/2007,STL,MO,ACE,CE,Towers with Radar,381,334,40,15,770,0,0,4,5,9,381,334,44,20,779,0,0,0,779
05/10/2007,STL,MO,ACE,CE,Towers with Radar,384,332,39,2,757,0,0,3,2,5,384,332,42,4,762,0,0,0,762
05/11/2007,STL,MO,ACE,CE,Towers with Radar,374,350,30,9,763,0,0,7,0,7,374,350,37,9,770,0,0,0,770
05/12/2007,STL,MO,ACE,CE,Towers with Radar,313,225,8,1,547,0,0,9,0,9,313,225,17,1,556,0,0,0,556
05/13/2007,STL,MO,ACE,CE,Towers with Radar,328,288,8,4,628,0,0,11,0,11,328,288,19,4,639,0,0,0,639
05/14/2007,STL,MO,ACE,CE,Towers with Radar,369,318,33,9,729,0,1,9,3,13,369,319,42,12,742,0,4,4,746
05/15/2007,STL,MO,ACE,CE,Towers with Radar,374,327,46,4,751,0,0,0,1,1,374,327,46,5,752,0,0,0,752
05/16/2007,STL,MO,ACE,CE,Towers with Radar,372,324,68,9,773,0,1,4,4,9,372,325,72,13,782,0,0,0,782
05/17/2007,STL,MO,ACE,CE,Towers with Radar,381,322,53,16,772,0,0,7,0,7,381,322,60,16,779,0,0,0,779
05/18/2007,STL,MO,ACE,CE,Towers with Radar,373,314,41,7,735,0,1,5,2,8,373,315,46,9,743,0,0,0,743
05/19/2007,STL,MO,ACE,CE,Towers with Radar,301,222,18,0,541,0,0,2,0,2,301,222,20,0,543,0,0,0,543
05/20/2007,STL,MO,ACE,CE,Towers with Radar,329,281,26,2,638,0,0,3,0,3,329,281,29,2,641,0,0,0,641
05/21/2007,STL,MO,ACE,CE,Towers with Radar,372,317,29,13,731,0,1,2,5,8,372,318,31,18,739,0,0,0,739
05/22/2007,STL,MO,ACE,CE,Towers with Radar,375,328,44,11,758,0,0,11,8,19,375,328,55,19,777,0,0,0,777
05/23/2007,STL,MO,ACE,CE,Towers with Radar,376,328,57,28,789,0,0,10,3,13,376,328,67,31,802,0,0,0,802
05/24/2007,STL,MO,ACE,CE,Towers with Radar,362,330,42,15,749,0,0,7,7,14,362,330,49,22,763,0,0,0,763
05/25/2007,STL,MO,ACE,CE,Towers with Radar,393,327,24,10,754,0,0,8,1,9,393,327,32,11,763,0,0,0,763
05/26/2007,STL,MO,ACE,CE,Towers with Radar,301,199,16,4,520,0,0,2,0,2,301,199,18,4,522,0,0,0,522
05/27/2007,STL,MO,ACE,CE,Towers with Radar,286,209,2,0,497,0,0,0,0,0,286,209,2,0,497,0,0,0,497
05/28/2007,STL,MO,ACE,CE,Towers with Radar,337,272,6,3,618,0,0,0,0,0,337,272,6,3,618,0,0,0,618
05/29/2007,STL,MO,ACE,CE,Towers with Radar,364,316,34,3,717,0,0,2,2,4,364,316,36,5,721,0,0,0,721
05/30/2007,STL,MO,ACE,CE,Towers with Radar,372,331,46,8,757,0,0,4,0,4,372,331,50,8,761,0,0,0,761
05/31/2007,STL,MO,ACE,CE,Towers with Radar,374,329,42,2,747,0,0,3,0,3,374,329,45,2,750,0,0,0,750
06/01/2007,STL,MO,ACE,CE,Towers with Radar,375,307,38,5,725,0,0,9,1,10,375,307,47,6,735,0,0,0,735
06/02/2007,STL,MO,ACE,CE,Towers with Radar,303,225,9,0,537,0,0,1,0,1,303,225,10,0,538,0,0,0,538
06/03/2007,STL,MO,ACE,CE,Towers with Radar,337,277,10,4,628,0,0,2,0,2,337,277,12,4,630,0,0,0,630
06/04/2007,STL,MO,ACE,CE,Towers with Radar,361,322,28,4,715,0,0,10,1,11,361,322,38,5,726,0,0,0,726
06/05/2007,STL,MO,ACE,CE,Towers with Radar,375,323,35,4,737,0,0,5,4,9,375,323,40,8,746,0,0,0,746
06/06/2007,STL,MO,ACE,CE,Towers with Radar,374,325,45,15,759,0,0,1,6,7,374,325,46,21,766,0,5,5,771
06/07/2007,STL,MO,ACE,CE,Towers with Radar,370,332,40,6,748,0,0,9,3,12,370,332,49,9,760,0,0,0,760
06/08/2007,STL,MO,ACE,CE,Towers with Radar,355,304,40,7,706,0,0,5,0,5,355,304,45,7,711,2,2,4,715
06/09/2007,STL,MO,ACE,CE,Towers with Radar,312,235,18,8,573,0,0,6,0,6,312,235,24,8,579,0,0,0,579
06/10/2007,STL,MO,ACE,CE,Towers with Radar,335,285,16,6,642,0,0,1,1,2,335,285,17,7,644,0,0,0,644
06/11/2007,STL,MO,ACE,CE,Towers with Radar,370,317,22,13,722,0,0,1,0,1,370,317,23,13,723,0,0,0,723
06/12/2007,STL,MO,ACE,CE,Towers with Radar,359,310,26,3,698,0,0,11,0,11,359,310,37,3,709,22,0,22,731
06/13/2007,STL,MO,ACE,CE,Towers with Radar,368,318,42,9,737,0,0,2,5,7,368,318,44,14,744,0,0,0,744
06/14/2007,STL,MO,ACE,CE,Towers with Radar,385,322,30,9,746,0,1,1,2,4,385,323,31,11,750,0,7,7,757
06/15/2007,STL,MO,ACE,CE,Towers with Radar,375,330,37,22,764,0,1,4,2,7,375,331,41,24,771,0,5,5,776
06/16/2007,STL,MO,ACE,CE,Towers with Radar,308,236,18,5,567,0,0,1,3,4,308,236,19,8,571,0,0,0,571
06/17/2007,STL,MO,ACE,CE,Towers with Radar,335,291,11,2,639,0,0,3,0,3,335,291,14,2,642,0,0,0,642
06/18/2007,STL,MO,ACE,CE,Towers with Radar,362,324,24,7,717,0,1,0,1,2,362,325,24,8,719,0,0,0,719
06/19/2007,STL,MO,ACE,CE,Towers with Radar,367,311,27,7,712,0,1,2,0,3,367,312,29,7,715,0,0,0,715
06/20/2007,STL,MO,ACE,CE,Towers with Radar,372,343,58,51,824,0,1,0,4,5,372,344,58,55,829,0,0,0,829
06/21/2007,STL,MO,ACE,CE,Towers with Radar,381,333,52,19,785,0,1,5,4,10,381,334,57,23,795,0,0,0,795
06/22/2007,STL,MO,ACE,CE,Towers with Radar,377,327,43,7,754,0,1,0,3,4,377,328,43,10,758,2,1,3,761
06/23/2007,STL,MO,ACE,CE,Towers with Radar,308,241,26,0,575,0,0,2,0,2,308,241,28,0,577,0,0,0,577
06/24/2007,STL,MO,ACE,CE,Towers with Radar,335,302,13,0,650,0,0,2,0,2,335,302,15,0,652,0,0,0,652
06/25/2007,STL,MO,ACE,CE,Towers with Radar,360,325,28,26,739,0,0,7,0,7,360,325,35,26,746,0,8,8,754
06/26/2007,STL,MO,ACE,CE,Towers with Radar,365,331,30,9,735,0,0,3,5,8,365,331,33,14,743,0,0,0,743
06/27/2007,STL,MO,ACE,CE,Towers with Radar,350,313,48,13,724,0,0,0,7,7,350,313,48,20,731,0,6,6,737
06/28/2007,STL,MO,ACE,CE,Towers with Radar,361,332,40,17,750,0,2,1,5,8,361,334,41,22,758,0,12,12,770
06/29/2007,STL,MO,ACE,CE,Towers with Radar,367,335,43,11,756,0,0,0,0,0,367,335,43,11,756,0,8,8,764
06/30/2007,STL,MO,ACE,CE,Towers with Radar,309,249,9,2,569,0,0,0,0,0,309,249,9,2,569,0,0,0,569
07/01/2007,STL,MO,ACE,CE,Towers with Radar,338,295,10,3,646,0,0,5,1,6,338,295,15,4,652,8,0,8,660
07/02/2007,STL,MO,ACE,CE,Towers with Radar,358,322,8,8,696,0,0,1,0,1,358,322,9,8,697,0,0,0,697
07/03/2007,STL,MO,ACE,CE,Towers with Radar,360,281,19,1,661,0,0,3,1,4,360,281,22,2,665,0,0,0,665
07/04/2007,STL,MO,ACE,CE,Towers with Radar,311,231,10,0,552,0,0,3,0,3,311,231,13,0,555,0,0,0,555
07/05/2007,STL,MO,ACE,CE,Towers with Radar,264,238,10,4,516,0,0,2,0,2,264,238,12,4,518,0,8,8,526
07/06/2007,STL,MO,ACE,CE,Towers with Radar,369,322,27,14,732,0,0,0,0,0,369,322,27,14,732,2,14,16,748
07/07/2007,STL,MO,ACE,CE,Towers with Radar,305,244,13,3,565,0,0,1,0,1,305,244,14,3,566,0,0,0,566
07/08/2007,STL,MO,ACE,CE,Towers with Radar,334,276,17,2,629,0,0,3,0,3,334,276,20,2,632,0,0,0,632
07/09/2007,STL,MO,ACE,CE,Towers with Radar,361,325,18,5,709,0,1,0,2,3,361,326,18,7,712,0,0,0,712
07/10/2007,STL,MO,ACE,CE,Towers with Radar,383,328,33,21,765,0,0,1,0,1,383,328,34,21,766,0,8,8,774
07/11/2007,STL,MO,ACE,CE,Towers with Radar,373,329,49,14,765,0,0,2,0,2,373,329,51,14,767,0,0,0,767
07/12/2007,STL,MO,ACE,CE,Towers with Radar,373,344,31,10,758,0,0,4,0,4,373,344,35,10,762,0,0,0,762
07/13/2007,STL,MO,ACE,CE,Towers with Radar,371,329,33,11,744,0,1,3,1,5,371,330,36,12,749,0,0,0,749
07/14/2007,STL,MO,ACE,CE,Towers with Radar,302,236,17,5,560,0,0,3,0,3,302,236,20,5,563,0,0,0,563
07/15/2007,STL,MO,ACE,CE,Towers with Radar,336,289,13,14,652,0,0,0,0,0,336,289,13,14,652,0,8,8,660
07/16/2007,STL,MO,ACE,CE,Towers with Radar,370,327,22,9,728,0,0,3,17,20,370,327,25,26,748,0,0,0,748
07/17/2007,STL,MO,ACE,CE,Towers with Radar,364,331,37,10,742,0,0,3,0,3,364,331,40,10,745,0,0,0,745
07/18/2007,STL,MO,ACE,CE,Towers with Radar,373,323,39,9,744,0,0,4,3,7,373,323,43,12,751,0,0,0,751
07/19/2007,STL,MO,ACE,CE,Towers with Radar,386,323,45,5,759,0,0,6,5,11,386,323,51,10,770,2,12,14,784
07/20/2007,STL,MO,ACE,CE,Towers with Radar,377,328,44,5,754,0,0,3,1,4,377,328,47,6,758,0,0,0,758
07/21/2007,STL,MO,ACE,CE,Towers with Radar,303,235,16,2,556,0,0,4,0,4,303,235,20,2,560,0,0,0,560
07/22/2007,STL,MO,ACE,CE,Towers with Radar,343,295,14,5,657,0,0,3,0,3,343,295,17,5,660,0,0,0,660
07/23/2007,STL,MO,ACE,CE,Towers with Radar,369,327,29,12,737,0,0,2,3,5,369,327,31,15,742,6,8,14,756
07/24/2007,STL,MO,ACE,CE,Towers with Radar,371,339,49,7,766,0,0,8,8,16,371,339,57,15,782,8,0,8,790
07/25/2007,STL,MO,ACE,CE,Towers with Radar,370,336,31,11,748,0,0,4,4,8,370,336,35,15,756,0,8,8,764
07/26/2007,STL,MO,ACE,CE,Towers with Radar,378,334,65,19,796,0,0,12,0,12,378,334,77,19,808,2,8,10,818
07/27/2007,STL,MO,ACE,CE,Towers with Radar,364,322,48,10,744,0,0,2,0,2,364,322,50,10,746,0,2,2,748
07/28/2007,STL,MO,ACE,CE,Towers with Radar,300,252,19,0,571,0,0,4,0,4,300,252,23,0,575,0,0,0,575
07/29/2007,STL,MO,ACE,CE,Towers with Radar,321,284,21,1,627,0,0,2,0,2,321,284,23,1,629,0,0,0,629
07/30/2007,STL,MO,ACE,CE,Towers with Radar,367,329,31,18,745,0,0,9,2,11,367,329,40,20,756,0,4,4,760
07/31/2007,STL,MO,ACE,CE,Towers with Radar,357,335,41,11,744,0,0,3,0,3,357,335,44,11,747,0,8,8,755
08/01/2007,STL,MO,ACE,CE,Towers with Radar,368,327,47,11,753,0,0,8,0,8,368,327,55,11,761,0,4,4,765
08/02/2007,STL,MO,ACE,CE,Towers with Radar,376,332,59,5,772,0,0,9,4,13,376,332,68,9,785,0,0,0,785
08/03/2007,STL,MO,ACE,CE,Towers with Radar,366,329,41,15,751,0,0,4,2,6,366,329,45,17,757,1,15,16,773
08/04/2007,STL,MO,ACE,CE,Towers with Radar,304,242,12,2,560,0,0,0,0,0,304,242,12,2,560,0,0,0,560
08/05/2007,STL,MO,ACE,CE,Towers with Radar,342,280,23,7,652,0,0,2,0,2,342,280,25,7,654,0,8,8,662
08/06/2007,STL,MO,ACE,CE,Towers with Radar,367,322,33,8,730,0,0,4,4,8,367,322,37,12,738,0,0,0,738
08/07/2007,STL,MO,ACE,CE,Towers with Radar,362,333,37,2,734,0,0,8,3,11,362,333,45,5,745,4,6,10,755
08/08/2007,STL,MO,ACE,CE,Towers with Radar,383,332,56,9,780,0,0,7,0,7,383,332,63,9,787,0,1,1,788
08/09/2007,STL,MO,ACE,CE,Towers with Radar,389,323,59,10,781,0,0,5,0,5,389,323,64,10,786,0,4,4,790
08/10/2007,STL,MO,ACE,CE,Towers with Radar,373,336,27,14,750,0,0,5,1,6,373,336,32,15,756,6,0,6,762
08/11/2007,STL,MO,ACE,CE,Towers with Radar,307,242,18,8,575,0,0,0,2,2,307,242,18,10,577,0,0,0,577
08/12/2007,STL,MO,ACE,CE,Towers with Radar,347,301,10,11,669,0,0,2,6,8,347,301,12,17,677,0,0,0,677
08/13/2007,STL,MO,ACE,CE,Towers with Radar,371,327,22,8,728,0,0,3,1,4,371,327,25,9,732,2,15,17,749
08/14/2007,STL,MO,ACE,CE,Towers with Radar,366,333,37,9,745,0,0,4,3,7,366,333,41,12,752,2,6,8,760
08/15/2007,STL,MO,ACE,CE,Towers with Radar,375,336,48,5,764,0,0,0,1,1,375,336,48,6,765,0,0,0,765
08/16/2007,STL,MO,ACE,CE,Towers with Radar,368,323,48,8,747,0,0,9,9,18,368,323,57,17,765,1,1,2,767
08/17/2007,STL,MO,ACE,CE,Towers with Radar,364,326,52,9,751,0,0,7,2,9,364,326,59,11,760,0,0,0,760
08/18/2007,STL,MO,ACE,CE,Towers with Radar,313,230,14,9,566,0,0,7,0,7,313,230,21,9,573,0,6,6,579
08/19/2007,STL,MO,ACE,CE,Towers with Radar,332,295,17,2,646,0,0,5,0,5,332,295,22,2,651,0,0,0,651
08/20/2007,STL,MO,ACE,CE,Towers with Radar,373,340,23,4,740,0,0,5,0,5,373,340,28,4,745,0,0,0,745
08/21/2007,STL,MO,ACE,CE,Towers with Radar,370,306,41,7,724,0,0,3,9,12,370,306,44,16,736,0,8,8,744
08/22/2007,STL,MO,ACE,CE,Towers with Radar,387,327,50,15,779,0,1,8,12,21,387,328,58,27,800,0,4,4,804
08/23/2007,STL,MO,ACE,CE,Towers with Radar,381,328,46,6,761,0,0,5,1,6,381,328,51,7,767,0,0,0,767
08/24/2007,STL,MO,ACE,CE,Towers with Radar,378,319,30,1,728,0,0,2,0,2,378,319,32,1,730,0,0,0,730
08/25/2007,STL,MO,ACE,CE,Towers with Radar,306,237,9,3,555,0,0,0,1,1,306,237,9,4,556,0,0,0,556
08/26/2007,STL,MO,ACE,CE,Towers with Radar,340,295,16,1,652,0,0,0,0,0,340,295,16,1,652,0,0,0,652
08/27/2007,STL,MO,ACE,CE,Towers with Radar,370,323,24,6,723,0,0,12,1,13,370,323,36,7,736,0,0,0,736
08/28/2007,STL,MO,ACE,CE,Towers with Radar,368,326,36,9,739,0,0,5,1,6,368,326,41,10,745,0,0,0,745
08/29/2007,STL,MO,ACE,CE,Towers with Radar,372,340,46,7,765,0,0,1,2,3,372,340,47,9,768,1,11,12,780
08/30/2007,STL,MO,ACE,CE,Towers with Radar,379,335,51,6,771,0,0,1,4,5,379,335,52,10,776,0,4,4,780
08/31/2007,STL,MO,ACE,CE,Towers with Radar,383,334,48,5,770,0,3,2,1,6,383,337,50,6,776,0,0,0,776
09/01/2007,STL,MO,ACE,CE,Towers with Radar,286,195,34,0,515,0,0,4,0,4,286,195,38,0,519,0,0,0,519
09/02/2007,STL,MO,ACE,CE,Towers with Radar,275,208,9,2,494,0,0,2,1,3,275,208,11,3,497,0,0,0,497
09/03/2007,STL,MO,ACE,CE,Towers with Radar,331,293,5,2,631,0,0,2,0,2,331,293,7,2,633,0,0,0,633
09/04/2007,STL,MO,ACE,CE,Towers with Radar,372,328,36,14,750,0,0,2,2,4,372,328,38,16,754,0,0,0,754
09/05/2007,STL,MO,ACE,CE,Towers with Radar,372,328,43,9,752,0,0,1,4,5,372,328,44,13,757,0,0,0,757
09/06/2007,STL,MO,ACE,CE,Towers with Radar,392,335,42,4,773,0,0,7,0,7,392,335,49,4,780,0,0,0,780
09/07/2007,STL,MO,ACE,CE,Towers with Radar,371,337,27,8,743,0,0,0,2,2,371,337,27,10,745,0,8,8,753
09/08/2007,STL,MO,ACE,CE,Towers with Radar,284,216,16,8,524,0,0,2,0,2,284,216,18,8,526,0,0,0,526
09/09/2007,STL,MO,ACE,CE,Towers with Radar,337,293,18,11,659,0,0,1,0,1,337,293,19,11,660,0,0,0,660
09/10/2007,STL,MO,ACE,CE,Towers with Radar,359,321,33,8,721,0,0,4,10,14,359,321,37,18,735,0,12,12,747
09/11/2007,STL,MO,ACE,CE,Towers with Radar,359,327,54,7,747,0,0,6,11,17,359,327,60,18,764,3,2,5,769
09/12/2007,STL,MO,ACE,CE,Towers with Radar,372,329,40,8,749,0,0,6,2,8,372,329,46,10,757,0,6,6,763
09/13/2007,STL,MO,ACE,CE,Towers with Radar,370,328,42,15,755,0,0,9,5,14,370,328,51,20,769,4,16,20,789
09/14/2007,STL,MO,ACE,CE,Towers with Radar,372,331,36,6,745,0,0,6,1,7,372,331,42,7,752,0,6,6,758
09/15/2007,STL,MO,ACE,CE,Towers with Radar,284,214,14,4,516,0,0,2,2,4,284,214,16,6,520,0,0,0,520
09/16/2007,STL,MO,ACE,CE,Towers with Radar,341,284,19,2,646,1,0,0,0,1,342,284,19,2,647,0,4,4,651
09/17/2007,STL,MO,ACE,CE,Towers with Radar,370,326,39,5,740,0,0,6,0,6,370,326,45,5,746,0,0,0,746
09/18/2007,STL,MO,ACE,CE,Towers with Radar,375,317,57,7,756,0,0,2,5,7,375,317,59,12,763,0,5,5,768
09/19/2007,STL,MO,ACE,CE,Towers with Radar,374,324,34,8,740,0,0,3,10,13,374,324,37,18,753,2,6,8,761
09/20/2007,STL,MO,ACE,CE,Towers with Radar,376,323,49,12,760,0,0,5,0,5,376,323,54,12,765,2,8,10,775
09/21/2007,STL,MO,ACE,CE,Towers with Radar,373,319,40,10,742,0,0,10,0,10,373,319,50,10,752,2,6,8,760
09/22/2007,STL,MO,ACE,CE,Towers with Radar,281,221,16,1,519,0,0,2,0,2,281,221,18,1,521,2,2,4,525
09/23/2007,STL,MO,ACE,CE,Towers with Radar,340,283,17,4,644,0,0,2,0,2,340,283,19,4,646,0,0,0,646
09/24/2007,STL,MO,ACE,CE,Towers with Radar,363,322,13,5,703,0,0,11,2,13,363,322,24,7,716,0,0,0,716
09/25/2007,STL,MO,ACE,CE,Towers with Radar,377,323,29,7,736,0,0,5,0,5,377,323,34,7,741,0,0,0,741
09/26/2007,STL,MO,ACE,CE,Towers with Radar,374,316,37,9,736,0,0,3,0,3,374,316,40,9,739,0,4,4,743
09/27/2007,STL,MO,ACE,CE,Towers with Radar,372,329,42,4,747,0,1,9,1,11,372,330,51,5,758,0,8,8,766
09/28/2007,STL,MO,ACE,CE,Towers with Radar,373,325,47,10,755,0,0,11,1,12,373,325,58,11,767,4,6,10,777
09/29/2007,STL,MO,ACE,CE,Towers with Radar,293,214,16,3,526,0,0,4,2,6,293,214,20,5,532,6,0,6,538
09/30/2007,STL,MO,ACE,CE,Towers with Radar,335,296,25,3,659,0,0,3,1,4,335,296,28,4,663,0,0,0,663
10/01/2007,STL,MO,ACE,CE,Towers with Radar,365,325,23,7,720,0,0,5,1,6,366,328,28,8,730,0,0,0,754
10/02/2007,STL,MO,ACE,CE,Towers with Radar,370,309,34,3,716,0,0,2,5,7,370,310,36,8,724,0,5,5,767
10/03/2007,STL,MO,ACE,CE,Towers with Radar,377,333,60,5,775,0,0,6,3,9,377,334,66,8,785,0,4,4,800
10/04/2007,STL,MO,ACE,CE,Towers with Radar,375,332,53,12,772,0,0,2,0,2,375,334,55,12,776,0,10,10,807
10/05/2007,STL,MO,ACE,CE,Towers with Radar,361,327,39,6,733,0,0,10,1,11,361,331,49,7,748,0,0,0,790
10/06/2007,STL,MO,ACE,CE,Towers with Radar,279,222,18,4,523,0,0,10,1,11,280,223,28,5,536,4,9,13,572
10/07/2007,STL,MO,ACE,CE,Towers with Radar,330,299,24,0,653,0,0,3,0,3,330,300,27,0,657,0,0,0,663
10/08/2007,STL,MO,ACE,CE,Towers with Radar,361,325,33,3,722,0,0,7,0,7,361,330,40,3,734,0,8,8,763
10/09/2007,STL,MO,ACE,CE,Towers with Radar,363,323,48,16,750,0,0,4,6,10,363,325,52,22,762,0,33,33,824
10/10/2007,STL,MO,ACE,CE,Towers with Radar,376,344,61,13,794,0,0,4,5,9,376,344,65,18,803,0,8,8,844
10/11/2007,STL,MO,ACE,CE,Towers with Radar,373,320,52,13,758,0,1,1,1,3,373,322,53,14,762,0,8,8,795
10/12/2007,STL,MO,ACE,CE,Towers with Radar,364,326,34,14,738,0,1,7,2,10,364,335,41,16,756,0,8,8,792
10/13/2007,STL,MO,ACE,CE,Towers with Radar,281,232,20,20,553,0,0,2,11,13,281,232,22,31,566,0,0,0,574
10/14/2007,STL,MO,ACE,CE,Towers with Radar,333,302,12,4,651,0,0,6,4,10,333,303,18,8,662,0,1,1,685
10/15/2007,STL,MO,ACE,CE,Towers with Radar,360,318,31,8,717,0,0,1,7,8,360,320,32,15,727,0,13,13,763
10/16/2007,STL,MO,ACE,CE,Towers with Radar,362,339,48,9,758,0,0,2,2,4,363,342,50,11,766,0,8,8,800
10/17/2007,STL,MO,ACE,CE,Towers with Radar,376,326,46,16,764,0,0,0,0,0,376,327,46,16,765,0,0,0,772
10/18/2007,STL,MO,ACE,CE,Towers with Radar,370,334,48,12,764,0,1,2,3,6,371,338,50,15,774,0,8,8,805
10/19/2007,STL,MO,ACE,CE,Towers with Radar,371,321,39,11,742,0,2,0,0,2,371,326,39,11,747,0,0,0,804
10/20/2007,STL,MO,ACE,CE,Towers with Radar,278,228,20,2,528,0,0,4,0,4,278,229,24,2,533,0,0,0,551
10/21/2007,STL,MO,ACE,CE,Towers with Radar,327,288,27,0,642,0,0,3,0,3,327,293,30,0,650,0,0,0,670
10/22/2007,STL,MO,ACE,CE,Towers with Radar,364,329,24,10,727,0,0,2,2,4,366,335,26,12,739,0,12,12,788
10/23/2007,STL,MO,ACE,CE,Towers with Radar,366,336,46,10,758,0,0,7,2,9,366,336,53,12,767,0,8,8,787
10/24/2007,STL,MO,ACE,CE,Towers with Radar,369,328,41,13,751,0,0,9,1,10,370,329,50,14,763,0,8,8,783
10/25/2007,STL,MO,ACE,CE,Towers with Radar,368,345,40,13,766,0,0,2,0,2,368,346,42,13,769,0,0,0,779
10/26/2007,STL,MO,ACE,CE,Towers with Radar,369,331,50,16,766,0,0,0,0,0,369,337,50,16,772,0,0,0,797
10/27/2007,STL,MO,ACE,CE,Towers with Radar,285,222,22,0,529,0,0,6,0,6,285,224,28,0,537,0,0,0,552
10/28/2007,STL,MO,ACE,CE,Towers with Radar,336,298,23,6,663,0,0,9,0,9,336,299,32,6,673,6,4,10,689
10/29/2007,STL,MO,ACE,CE,Towers with Radar,362,335,37,17,751,0,0,2,0,2,362,342,39,17,760,0,14,14,800
10/30/2007,STL,MO,ACE,CE,Towers with Radar,365,326,48,8,747,0,0,7,2,9,365,329,55,10,759,0,4,4,792
10/31/2007,STL,MO,ACE,CE,Towers with Radar,362,324,43,9,738,0,0,6,2,8,363,334,49,11,757,0,8,8,796
11/01/2007,STL,MO,ACE,CE,Towers with Radar,365,341,53,15,774,0,0,7,2,9,366,343,60,17,786,0,0,0,810
11/02/2007,STL,MO,ACE,CE,Towers with Radar,377,342,40,11,770,0,0,0,9,9,377,352,40,20,789,0,0,0,823
11/03/2007,STL,MO,ACE,CE,Towers with Radar,275,220,15,3,513,0,0,2,7,9,277,221,17,10,525,8,0,8,549
11/04/2007,STL,MO,ACE,CE,Towers with Radar,336,310,18,6,670,0,0,9,0,9,339,313,27,6,685,0,0,0,710
11/05/2007,STL,MO,ACE,CE,Towers with Radar,372,329,41,9,751,0,0,2,1,3,372,334,43,10,759,0,12,12,795
11/06/2007,STL,MO,ACE,CE,Towers with Radar,369,341,45,6,761,0,0,14,0,14,369,342,59,6,776,2,4,6,802
11/07/2007,STL,MO,ACE,CE,Towers with Radar,380,342,47,3,772,0,0,3,2,5,380,345,50,5,780,0,2,2,816
11/08/2007,STL,MO,ACE,CE,Towers with Radar,376,341,67,4,788,0,0,13,3,16,377,344,80,7,808,0,10,10,858
11/09/2007,STL,MO,ACE,CE,Towers with Radar,378,345,41,4,768,0,0,6,1,7,378,351,47,5,781,18,0,18,827
11/10/2007,STL,MO,ACE,CE,Towers with Radar,290,239,25,0,554,0,0,3,0,3,290,239,28,0,557,0,0,0,570
11/11/2007,STL,MO,ACE,CE,Towers with Radar,341,311,11,2,665,0,0,9,1,10,342,314,20,3,679,0,0,0,696
11/12/2007,STL,MO,ACE,CE,Towers with Radar,369,343,30,4,746,0,0,1,0,1,370,347,31,4,752,0,0,0,768
11/13/2007,STL,MO,ACE,CE,Towers with Radar,376,330,59,6,771,0,0,6,1,7,376,334,65,7,782,0,4,4,829
11/14/2007,STL,MO,ACE,CE,Towers with Radar,384,347,57,3,791,0,0,1,0,1,384,352,58,3,797,0,4,4,823
11/15/2007,STL,MO,ACE,CE,Towers with Radar,389,352,38,3,782,0,0,6,4,10,389,356,44,7,796,0,0,0,820
11/16/2007,STL,MO,ACE,CE,Towers with Radar,384,343,38,5,770,0,0,3,2,5,385,346,41,7,779,0,0,0,820
11/17/2007,STL,MO,ACE,CE,Towers with Radar,289,229,23,2,543,0,0,2,2,4,289,232,25,4,550,6,0,6,576
11/18/2007,STL,MO,ACE,CE,Towers with Radar,339,306,12,4,661,0,0,6,0,6,339,306,18,4,667,2,12,14,693
11/19/2007,STL,MO,ACE,CE,Towers with Radar,369,337,30,6,742,0,0,9,3,12,370,342,39,9,760,4,4,8,798
11/20/2007,STL,MO,ACE,CE,Towers with Radar,381,341,47,5,774,0,0,5,3,8,382,347,52,8,789,0,8,8,834
11/21/2007,STL,MO,ACE,CE,Towers with Radar,390,341,26,0,757,0,0,0,0,0,390,346,26,0,762,0,0,0,777
11/22/2007,STL,MO,ACE,CE,Towers with Radar,245,172,7,0,424,0,0,2,0,2,247,177,9,0,433,0,0,0,442
11/23/2007,STL,MO,ACE,CE,Towers with Radar,295,153,15,0,463,0,0,4,0,4,295,154,19,0,468,0,0,0,491
11/24/2007,STL,MO,ACE,CE,Towers with Radar,294,241,14,0,549,0,0,0,0,0,295,242,14,0,551,0,0,0,572
11/25/2007,STL,MO,ACE,CE,Towers with Radar,342,316,17,0,675,0,0,1,0,1,342,316,18,0,676,0,0,0,683
11/26/2007,STL,MO,ACE,CE,Towers with Radar,371,322,20,1,714,0,0,0,0,0,371,327,20,1,719,0,0,0,728
11/27/2007,STL,MO,ACE,CE,Towers with Radar,380,351,38,6,775,0,0,4,9,13,381,354,42,15,792,0,0,0,828
11/28/2007,STL,MO,ACE,CE,Towers with Radar,383,347,37,9,776,0,0,0,0,0,384,352,37,9,782,0,8,8,824
11/29/2007,STL,MO,ACE,CE,Towers with Radar,375,341,47,8,771,0,0,5,0,5,375,346,52,8,781,0,8,8,818
11/30/2007,STL,MO,ACE,CE,Towers with Radar,380,335,39,4,758,0,0,2,1,3,380,338,41,5,764,0,8,8,792
12/01/2007,STL,MO,ACE,CE,Towers with Radar,291,214,26,0,531,0,0,1,0,1,291,214,27,0,532,4,8,12,545
12/02/2007,STL,MO,ACE,CE,Towers with Radar,331,306,6,3,646,0,0,0,0,0,331,314,6,3,654,0,0,0,665
12/03/2007,STL,MO,ACE,CE,Towers with Radar,362,332,27,6,727,0,0,5,2,7,362,334,32,8,736,0,0,0,777
12/04/2007,STL,MO,ACE,CE,Towers with Radar,374,328,48,2,752,0,0,1,2,3,375,333,49,4,761,0,2,2,786
12/05/2007,STL,MO,ACE,CE,Towers with Radar,365,333,45,3,746,0,0,0,0,0,365,339,45,3,752,0,0,0,771
12/06/2007,STL,MO,ACE,CE,Towers with Radar,372,341,36,2,751,0,0,0,0,0,373,341,36,2,752,0,0,0,760
12/07/2007,STL,MO,ACE,CE,Towers with Radar,376,349,31,1,757,0,0,0,0,0,376,354,31,1,762,0,0,0,774
12/08/2007,STL,MO,ACE,CE,Towers with Radar,274,233,22,0,529,0,0,0,0,0,275,234,22,0,531,0,0,0,531
12/09/2007,STL,MO,ACE,CE,Towers with Radar,298,284,9,0,591,0,0,0,0,0,300,289,9,0,598,0,0,0,603
12/10/2007,STL,MO,ACE,CE,Towers with Radar,342,303,25,1,671,0,0,0,0,0,344,308,25,1,678,0,0,0,695
12/11/2007,STL,MO,ACE,CE,Towers with Radar,345,266,38,1,650,0,0,0,0,0,348,275,38,1,662,0,0,0,685
12/12/2007,STL,MO,ACE,CE,Towers with Radar,376,334,51,0,761,0,0,0,0,0,376,335,51,0,762,0,0,0,766
12/13/2007,STL,MO,ACE,CE,Towers with Radar,361,337,41,5,744,0,0,3,0,3,361,344,44,5,754,0,0,0,807
12/14/2007,STL,MO,ACE,CE,Towers with Radar,371,343,41,16,771,0,0,8,0,8,371,343,49,16,779,0,12,12,814
12/15/2007,STL,MO,ACE,CE,Towers with Radar,273,219,8,0,500,0,0,0,0,0,273,219,8,0,500,0,0,0,500
12/16/2007,STL,MO,ACE,CE,Towers with Radar,310,292,2,0,604,0,2,2,0,4,310,295,4,0,609,0,0,0,625
12/17/2007,STL,MO,ACE,CE,Towers with Radar,370,340,19,7,736,0,0,2,4,6,370,345,21,11,747,0,0,0,770
12/18/2007,STL,MO,ACE,CE,Towers with Radar,374,355,42,5,776,0,0,2,5,7,374,357,44,10,785,0,0,0,810
12/19/2007,STL,MO,ACE,CE,Towers with Radar,376,354,54,6,790,0,0,4,4,8,376,360,58,10,804,0,10,10,845
12/20/2007,STL,MO,ACE,CE,Towers with Radar,369,315,51,1,736,0,0,0,0,0,369,316,51,1,737,0,0,0,741
12/21/2007,STL,MO,ACE,CE,Towers with Radar,380,335,28,2,745,0,0,0,0,0,381,341,28,2,752,0,0,0,760
12/22/2007,STL,MO,ACE,CE,Towers with Radar,306,250,24,0,580,0,0,0,0,0,306,253,24,0,583,0,0,0,589
12/23/2007,STL,MO,ACE,CE,Towers with Radar,320,305,6,1,632,0,0,6,2,8,320,311,12,3,646,0,0,0,655
12/24/2007,STL,MO,ACE,CE,Towers with Radar,273,239,12,0,524,0,1,0,0,1,273,241,12,0,526,0,0,0,540
12/25/2007,STL,MO,ACE,CE,Towers with Radar,266,236,8,0,510,0,0,0,0,0,266,236,8,0,510,0,0,0,517
12/26/2007,STL,MO,ACE,CE,Towers with Radar,357,341,18,0,716,0,0,1,0,1,357,346,19,0,722,0,0,0,740
12/27/2007,STL,MO,ACE,CE,Towers with Radar,359,348,23,2,732,0,0,0,0,0,360,355,23,2,740,0,0,0,750
12/28/2007,STL,MO,ACE,CE,Towers with Radar,360,344,23,0,727,0,0,1,0,1,360,347,24,0,731,0,0,0,743
12/29/2007,STL,MO,ACE,CE,Towers with Radar,297,255,12,0,564,0,1,3,0,4,297,257,15,0,569,0,0,0,579
12/30/2007,STL,MO,ACE,CE,Towers with Radar,292,313,2,0,607,0,2,2,0,4,292,318,4,0,614,0,0,0,620
12/31/2007,STL,MO,ACE,CE,Towers with Radar,292,260,8,0,560,0,0,0,0,0,294,261,8,0,563,0,0,0,574
01/01/2008,STL,MO,ACE,CE,Towers with Radar,292,269,3,0,564,0,0,0,0,0,292,269,3,0,564,0,0,0,570
01/02/2008,STL,MO,ACE,CE,Towers with Radar,358,346,21,0,725,0,0,0,0,0,358,348,21,0,727,0,0,0,759
01/03/2008,STL,MO,ACE,CE,Towers with Radar,361,346,22,0,729,0,0,2,0,2,361,346,24,0,731,0,0,0,761
01/04/2008,STL,MO,ACE,CE,Towers with Radar,362,353,23,6,744,0,0,3,2,5,362,354,26,8,750,0,0,0,773
01/05/2008,STL,MO,ACE,CE,Towers with Radar,285,256,19,1,561,0,0,0,0,0,285,258,19,1,563,0,0,0,579
01/06/2008,STL,MO,ACE,CE,Towers with Radar,306,307,9,0,622,0,0,2,1,3,306,312,11,1,630,0,0,0,643
01/07/2008,STL,MO,ACE,CE,Towers with Radar,350,333,16,4,703,0,0,4,6,10,350,337,20,10,717,0,0,0,755
01/08/2008,STL,MO,ACE,CE,Towers with Radar,353,334,23,0,710,0,0,0,0,0,354,342,23,0,719,0,0,0,744
01/09/2008,STL,MO,ACE,CE,Towers with Radar,365,339,34,6,744,0,0,4,2,6,365,339,38,8,750,0,0,0,776
01/10/2008,STL,MO,ACE,CE,Towers with Radar,360,338,34,16,748,0,0,0,0,0,362,343,34,16,755,0,0,0,778
01/11/2008,STL,MO,ACE,CE,Towers with Radar,357,355,21,14,747,0,1,0,1,2,357,360,21,15,753,0,10,10,801
01/12/2008,STL,MO,ACE,CE,Towers with Radar,277,233,8,8,526,0,1,2,2,5,277,234,10,10,531,0,0,0,543
01/13/2008,STL,MO,ACE,CE,Towers with Radar,310,316,2,8,636,0,0,0,0,0,310,318,2,8,638,0,0,0,647
01/14/2008,STL,MO,ACE,CE,Towers with Radar,346,333,16,13,708,0,0,2,1,3,346,336,18,14,714,10,0,10,744
01/15/2008,STL,MO,ACE,CE,Towers with Radar,352,334,33,9,728,0,0,0,2,2,353,335,33,11,732,0,9,9,770
01/16/2008,STL,MO,ACE,CE,Towers with Radar,356,337,36,11,740,0,0,10,0,10,356,338,46,11,751,0,14,14,786
01/17/2008,STL,MO,ACE,CE,Towers with Radar,352,354,32,9,747,0,0,2,0,2,353,359,34,9,755,0,8,8,785
01/18/2008,STL,MO,ACE,CE,Towers with Radar,360,345,21,20,746,0,1,1,1,3,360,349,22,21,752,0,10,10,796
01/19/2008,STL,MO,ACE,CE,Towers with Radar,252,221,10,0,483,0,0,1,0,1,252,224,11,0,487,0,0,0,495
01/20/2008,STL,MO,ACE,CE,Towers with Radar,307,299,10,2,618,0,0,0,2,2,308,303,10,4,625,0,0,0,634
01/21/2008,STL,MO,ACE,CE,Towers with Radar,344,334,34,2,714,0,0,2,0,2,344,334,36,2,716,0,0,0,727
01/22/2008,STL,MO,ACE,CE,Towers with Radar,345,328,39,5,717,0,0,1,0,1,345,332,40,5,722,0,12,12,761
01/23/2008,STL,MO,ACE,CE,Towers with Radar,358,339,40,23,760,0,1,2,2,5,358,345,42,25,770,0,8,8,804
01/24/2008,STL,MO,ACE,CE,Towers with Radar,359,359,27,10,755,0,0,13,1,14,359,361,40,11,771,0,8,8,805
01/25/2008,STL,MO,ACE,CE,Towers with Radar,357,347,20,13,737,0,0,2,20,22,357,347,22,33,759,0,22,22,793
01/26/2008,STL,MO,ACE,CE,Towers with Radar,257,230,7,2,496,0,0,1,0,1,257,233,8,2,500,0,0,0,521
01/27/2008,STL,MO,ACE,CE,Towers with Radar,310,290,17,2,619,0,0,2,0,2,310,292,19,2,623,0,0,0,647
01/28/2008,STL,MO,ACE,CE,Towers with Radar,338,332,20,3,693,0,0,2,0,2,339,335,22,3,699,0,0,0,712
01/29/2008,STL,MO,ACE,CE,Towers with Radar,356,312,36,6,710,0,0,0,1,1,356,320,36,7,719,0,0,0,752
01/30/2008,STL,MO,ACE,CE,Towers with Radar,361,348,27,7,743,0,0,4,3,7,362,352,31,10,755,0,16,16,785
01/31/2008,STL,MO,ACE,CE,Towers with Radar,332,314,37,0,683,0,0,0,0,0,335,315,37,0,687,0,0,0,692
02/01/2008,STL,MO,ACE,CE,Towers with Radar,335,304,26,2,667,0,0,2,0,2,336,312,28,2,678,0,0,0,697
02/02/2008,STL,MO,ACE,CE,Towers with Radar,261,236,24,8,529,0,0,0,0,0,261,236,24,8,529,0,0,0,543
02/03/2008,STL,MO,ACE,CE,Towers with Radar,304,301,9,11,625,0,0,0,0,0,304,301,9,11,625,0,0,0,625
02/04/2008,STL,MO,ACE,CE,Towers with Radar,357,318,34,3,712,0,1,4,0,5,358,324,38,3,723,0,8,8,756
02/05/2008,STL,MO,ACE,CE,Towers with Radar,343,313,54,0,710,0,0,0,0,0,344,315,54,0,713,0,0,0,715
02/06/2008,STL,MO,ACE,CE,Towers with Radar,351,310,45,10,716,0,0,3,0,3,353,321,48,10,732,0,0,0,759
02/07/2008,STL,MO,ACE,CE,Towers with Radar,377,340,48,20,785,0,0,0,0,0,377,343,48,20,788,0,2,2,813
02/08/2008,STL,MO,ACE,CE,Towers with Radar,354,358,35,8,755,0,1,5,3,9,355,361,40,11,767,0,0,0,794
02/09/2008,STL,MO,ACE,CE,Towers with Radar,261,234,11,0,506,0,0,3,0,3,261,237,14,0,512,0,0,0,526
02/10/2008,STL,MO,ACE,CE,Towers with Radar,309,301,13,0,623,0,0,1,0,1,309,304,14,0,627,0,0,0,640
02/11/2008,STL,MO,ACE,CE,Towers with Radar,302,251,22,1,576,0,0,0,0,0,302,251,22,1,576,0,0,0,586
02/12/2008,STL,MO,ACE,CE,Towers with Radar,341,321,31,8,701,0,0,0,0,0,341,324,31,8,704,0,0,0,725
02/13/2008,STL,MO,ACE,CE,Towers with Radar,346,341,36,8,731,0,2,3,0,5,347,345,39,8,739,0,0,0,774
02/14/2008,STL,MO,ACE,CE,Towers with Radar,367,365,38,10,780,0,0,1,4,5,367,373,39,14,793,0,0,0,817
02/15/2008,STL,MO,ACE,CE,Towers with Radar,354,347,33,7,741,0,0,2,1,3,354,349,35,8,746,2,12,14,778
02/16/2008,STL,MO,ACE,CE,Towers with Radar,255,237,11,0,503,0,0,0,0,0,255,237,11,0,503,0,0,0,507
02/17/2008,STL,MO,ACE,CE,Towers with Radar,294,286,9,0,589,0,0,0,0,0,296,290,9,0,595,0,0,0,604
02/18/2008,STL,MO,ACE,CE,Towers with Radar,361,341,39,0,741,0,0,4,1,5,361,347,43,1,752,0,0,0,768
02/19/2008,STL,MO,ACE,CE,Towers with Radar,354,361,47,1,763,0,0,7,1,8,354,363,54,2,773,0,0,0,798
02/20/2008,STL,MO,ACE,CE,Towers with Radar,354,354,43,5,756,0,0,5,0,5,356,357,48,5,766,0,0,0,780
02/21/2008,STL,MO,ACE,CE,Towers with Radar,160,149,29,0,338,0,0,0,0,0,161,149,29,0,339,0,0,0,339
02/22/2008,STL,MO,ACE,CE,Towers with Radar,338,295,29,0,662,0,0,0,0,0,338,296,29,0,663,0,0,0,671
02/23/2008,STL,MO,ACE,CE,Towers with Radar,263,244,22,6,535,0,0,0,3,3,264,246,22,9,541,0,12,12,575
02/24/2008,STL,MO,ACE,CE,Towers with Radar,310,312,7,2,631,0,0,1,0,1,310,318,8,2,638,0,0,0,654
02/25/2008,STL,MO,ACE,CE,Towers with Radar,340,343,29,5,717,0,0,0,0,0,341,344,29,5,719,0,0,0,720
02/26/2008,STL,MO,ACE,CE,Towers with Radar,340,352,34,0,726,0,0,2,0,2,342,354,36,0,732,0,0,0,747
02/27/2008,STL,MO,ACE,CE,Towers with Radar,362,365,47,14,788,0,0,7,0,7,362,370,54,14,800,0,6,6,833
02/28/2008,STL,MO,ACE,CE,Towers with Radar,362,364,46,8,780,0,0,6,10,16,362,365,52,18,797,0,10,10,831
02/29/2008,STL,MO,ACE,CE,Towers with Radar,360,363,23,12,758,0,0,4,2,6,360,368,27,14,769,0,0,0,807
03/01/2008,STL,MO,ACE,CE,Towers with Radar,268,243,10,16,537,0,1,4,0,5,269,244,14,16,543,0,8,8,564
03/02/2008,STL,MO,ACE,CE,Towers with Radar,315,304,19,9,647,0,0,3,0,3,315,306,22,9,652,0,12,12,675
03/03/2008,STL,MO,ACE,CE,Towers with Radar,311,332,22,0,665,0,0,0,0,0,312,335,22,0,669,0,0,0,680
03/04/2008,STL,MO,ACE,CE,Towers with Radar,204,170,24,0,398,0,0,0,0,0,206,175,24,0,405,0,0,0,410
03/05/2008,STL,MO,ACE,CE,Towers with Radar,360,346,46,2,754,0,0,6,0,6,361,349,52,2,764,0,8,8,790
03/06/2008,STL,MO,ACE,CE,Towers with Radar,349,358,44,8,759,0,0,3,1,4,350,361,47,9,767,0,0,0,791
03/07/2008,STL,MO,ACE,CE,Towers with Radar,349,355,36,7,747,0,0,0,8,8,349,355,36,15,755,0,0,0,773
03/08/2008,STL,MO,ACE,CE,Towers with Radar,271,227,11,2,511,0,0,2,0,2,271,229,13,2,515,0,0,0,527
03/09/2008,STL,MO,ACE,CE,Towers with Radar,316,303,12,1,632,0,0,0,0,0,316,305,12,1,634,0,0,0,647
03/10/2008,STL,MO,ACE,CE,Towers with Radar,356,350,27,4,737,0,0,10,2,12,356,358,37,6,757,0,12,12,789
03/11/2008,STL,MO,ACE,CE,Towers with Radar,347,345,55,4,751,0,7,4,0,11,347,357,59,4,767,6,10,16,826
03/12/2008,STL,MO,ACE,CE,Towers with Radar,347,355,41,12,755,0,0,8,3,11,349,356,49,15,769,0,4,4,794
03/13/2008,STL,MO,ACE,CE,Towers with Radar,361,364,39,14,778,0,0,8,5,13,361,368,47,19,795,0,0,0,815
03/14/2008,STL,MO,ACE,CE,Towers with Radar,360,358,36,9,763,0,0,4,0,4,360,359,40,9,768,0,0,0,781
03/15/2008,STL,MO,ACE,CE,Towers with Radar,264,245,18,3,530,0,0,3,0,3,265,248,21,3,537,0,0,0,546
03/16/2008,STL,MO,ACE,CE,Towers with Radar,320,315,8,0,643,0,0,1,0,1,320,315,9,0,644,0,0,0,647
03/17/2008,STL,MO,ACE,CE,Towers with Radar,347,341,22,2,712,0,0,0,0,0,347,341,22,2,712,0,0,0,718
03/18/2008,STL,MO,ACE,CE,Towers with Radar,333,329,26,1,689,0,0,0,0,0,333,331,26,1,691,0,0,0,701
03/19/2008,STL,MO,ACE,CE,Towers with Radar,368,368,37,9,782,0,0,6,2,8,368,369,43,11,791,0,0,0,802
03/20/2008,STL,MO,ACE,CE,Towers with Radar,372,358,35,10,775,0,0,3,3,6,373,358,38,13,782,0,0,0,792
03/21/2008,STL,MO,ACE,CE,Towers with Radar,355,342,32,8,737,0,1,3,0,4,355,345,35,8,743,0,0,0,757
03/22/2008,STL,MO,ACE,CE,Towers with Radar,272,246,13,1,532,0,0,0,0,0,273,248,13,1,535,0,0,0,544
03/23/2008,STL,MO,ACE,CE,Towers with Radar,325,307,7,1,640,0,0,1,0,1,326,310,8,1,645,0,0,0,654
03/24/2008,STL,MO,ACE,CE,Towers with Radar,355,371,30,8,764,0,0,4,1,5,355,374,34,9,772,0,0,0,793
03/25/2008,STL,MO,ACE,CE,Towers with Radar,356,380,41,10,787,0,0,3,3,6,356,382,44,13,795,0,0,0,818
03/26/2008,STL,MO,ACE,CE,Towers with Radar,343,384,34,7,768,0,1,0,7,8,343,385,34,14,776,0,0,0,781
03/27/2008,STL,MO,ACE,CE,Towers with Radar,344,379,44,8,775,0,0,0,0,0,344,380,44,8,776,0,0,0,779
03/28/2008,STL,MO,ACE,CE,Towers with Radar,370,371,34,5,780,0,0,2,0,2,370,372,36,5,783,0,0,0,790
03/29/2008,STL,MO,ACE,CE,Towers with Radar,274,260,23,5,562,0,0,3,0,3,275,260,26,5,566,0,0,0,569
03/30/2008,STL,MO,ACE,CE,Towers with Radar,318,337,6,3,664,0,0,0,0,0,318,337,6,3,664,0,0,0,666
03/31/2008,STL,MO,ACE,CE,Towers with Radar,343,344,24,2,713,0,0,2,0,2,344,349,26,2,721,0,0,0,737
04/01/2008,STL,MO,ACE,CE,Towers with Radar,378,379,39,3,799,0,0,1,1,2,378,382,40,4,804,0,0,0,818
04/02/2008,STL,MO,ACE,CE,Towers with Radar,362,394,73,8,837,0,0,2,2,4,362,395,75,10,842,0,10,10,873
04/03/2008,STL,MO,ACE,CE,Towers with Radar,356,388,54,5,803,0,0,0,0,0,357,388,54,5,804,0,0,0,807
04/04/2008,STL,MO,ACE,CE,Towers with Radar,355,371,42,4,772,0,0,0,0,0,355,374,42,4,775,0,0,0,802
04/05/2008,STL,MO,ACE,CE,Towers with Radar,272,261,18,0,551,0,0,9,0,9,272,262,27,0,561,0,0,0,567
04/06/2008,STL,MO,ACE,CE,Towers with Radar,323,329,20,2,674,0,0,2,0,2,323,329,22,2,676,0,0,0,681
04/07/2008,STL,MO,ACE,CE,Towers with Radar,352,370,38,1,761,0,0,4,1,5,352,373,42,2,769,0,0,0,795
04/08/2008,STL,MO,ACE,CE,Towers with Radar,332,380,30,0,742,0,0,2,0,2,332,381,32,0,745,0,0,0,757
04/09/2008,STL,MO,ACE,CE,Towers with Radar,304,392,38,3,737,0,0,1,18,19,304,394,39,21,758,0,0,0,777
04/10/2008,STL,MO,ACE,CE,Towers with Radar,292,368,41,1,702,0,1,0,0,1,292,372,41,1,706,0,0,0,711
04/11/2008,STL,MO,ACE,CE,Towers with Radar,342,359,35,8,744,0,0,0,2,2,342,364,35,10,751,0,0,0,775
04/12/2008,STL,MO,ACE,CE,Towers with Radar,269,254,12,4,539,0,0,2,0,2,269,258,14,4,545,0,0,0,561
04/13/2008,STL,MO,ACE,CE,Towers with Radar,330,322,17,2,671,0,0,0,0,0,331,323,17,2,673,0,0,0,683
04/14/2008,STL,MO,ACE,CE,Towers with Radar,364,373,35,9,781,0,0,2,1,3,364,374,37,10,785,0,0,0,798
04/15/2008,STL,MO,ACE,CE,Towers with Radar,362,383,43,6,794,0,2,5,1,8,362,385,48,7,802,0,6,6,819
04/16/2008,STL,MO,ACE,CE,Towers with Radar,366,306,43,6,721,0,2,2,11,15,366,311,45,17,739,0,0,0,771
04/17/2008,STL,MO,ACE,CE,Towers with Radar,370,350,39,8,767,0,1,1,0,2,371,355,40,8,774,0,0,0,801
04/18/2008,STL,MO,ACE,CE,Towers with Radar,372,357,35,10,774,0,0,0,0,0,373,359,35,10,777,0,0,0,798
04/19/2008,STL,MO,ACE,CE,Towers with Radar,275,255,20,0,550,0,0,1,0,1,275,257,21,0,553,0,0,0,572
04/20/2008,STL,MO,ACE,CE,Towers with Radar,334,330,7,0,671,0,0,1,0,1,334,333,8,0,675,0,0,0,688
04/21/2008,STL,MO,ACE,CE,Towers with Radar,362,374,25,9,770,0,0,0,10,10,362,375,25,19,781,0,12,12,805
04/22/2008,STL,MO,ACE,CE,Towers with Radar,358,375,31,3,767,0,0,4,0,4,358,375,35,3,771,0,0,0,794
04/23/2008,STL,MO,ACE,CE,Towers with Radar,375,375,25,5,780,0,2,4,4,10,375,377,29,9,790,0,0,0,806
04/24/2008,STL,MO,ACE,CE,Towers with Radar,374,366,39,5,784,0,0,1,0,1,374,372,40,5,791,0,0,0,815
04/25/2008,STL,MO,ACE,CE,Towers with Radar,358,360,33,7,758,0,0,2,0,2,358,367,35,7,767,0,0,0,789
04/26/2008,STL,MO,ACE,CE,Towers with Radar,291,248,19,0,558,0,0,0,0,0,291,249,19,0,559,0,0,0,581
04/27/2008,STL,MO,ACE,CE,Towers with Radar,334,309,8,0,651,0,0,0,0,0,334,312,8,0,654,0,0,0,670
04/28/2008,STL,MO,ACE,CE,Towers with Radar,363,347,22,6,738,0,0,0,4,4,363,349,22,10,744,0,0,0,772
04/29/2008,STL,MO,ACE,CE,Towers with Radar,369,359,37,14,779,0,0,13,1,14,370,360,50,15,795,0,0,0,814
04/30/2008,STL,MO,ACE,CE,Towers with Radar,370,367,36,8,781,0,0,7,1,8,370,367,43,9,789,0,0,0,808
05/01/2008,STL,MO,ACE,CE,Towers with Radar,368,371,38,8,785,0,0,0,4,4,368,373,38,12,791,0,0,0,815
05/02/2008,STL,MO,ACE,CE,Towers with Radar,356,337,29,6,728,0,0,5,0,5,356,340,34,6,736,0,0,0,760
05/03/2008,STL,MO,ACE,CE,Towers with Radar,299,245,11,12,567,0,0,3,2,5,299,246,14,14,573,0,0,0,592
05/04/2008,STL,MO,ACE,CE,Towers with Radar,336,310,20,10,676,0,0,2,0,2,336,313,22,10,681,0,0,0,700
05/05/2008,STL,MO,ACE,CE,Towers with Radar,364,358,33,8,763,0,1,1,6,8,364,361,34,14,773,0,0,0,802
05/06/2008,STL,MO,ACE,CE,Towers with Radar,362,361,28,1,752,0,0,7,4,11,363,364,35,5,767,0,0,0,805
05/07/2008,STL,MO,ACE,CE,Towers with Radar,371,358,27,4,760,0,0,0,0,0,371,361,27,4,763,0,0,0,797
05/08/2008,STL,MO,ACE,CE,Towers with Radar,369,367,37,13,786,0,0,2,0,2,369,371,39,13,792,0,0,0,802
05/09/2008,STL,MO,ACE,CE,Towers with Radar,371,352,26,9,758,0,0,0,0,0,371,352,26,9,758,0,0,0,764
05/10/2008,STL,MO,ACE,CE,Towers with Radar,297,252,12,0,561,0,1,1,0,2,297,253,13,0,563,0,0,0,570
05/11/2008,STL,MO,ACE,CE,Towers with Radar,333,307,12,0,652,0,0,2,0,2,333,311,14,0,658,0,0,0,671
05/12/2008,STL,MO,ACE,CE,Towers with Radar,364,345,32,8,749,0,1,3,3,7,364,347,35,11,757,0,0,0,775
05/13/2008,STL,MO,ACE,CE,Towers with Radar,379,357,33,7,776,0,0,0,0,0,379,359,33,7,778,0,0,0,784
05/14/2008,STL,MO,ACE,CE,Towers with Radar,375,361,22,8,766,0,0,0,1,1,375,371,22,9,777,0,0,0,804
05/15/2008,STL,MO,ACE,CE,Towers with Radar,379,356,37,4,776,0,0,3,0,3,379,357,40,4,780,0,0,0,788
05/16/2008,STL,MO,ACE,CE,Towers with Radar,371,344,23,10,748,0,0,3,2,5,371,349,26,12,758,0,0,0,807
05/17/2008,STL,MO,ACE,CE,Towers with Radar,292,236,12,0,540,0,0,2,0,2,294,236,14,0,544,0,0,0,556
05/18/2008,STL,MO,ACE,CE,Towers with Radar,342,318,6,0,666,1,0,1,0,2,343,324,7,0,674,0,0,0,695
05/19/2008,STL,MO,ACE,CE,Towers with Radar,370,342,17,7,736,0,1,2,1,4,370,344,19,8,741,0,0,0,753
05/20/2008,STL,MO,ACE,CE,Towers with Radar,372,356,40,8,776,0,0,2,1,3,372,360,42,9,783,0,0,0,818
05/21/2008,STL,MO,ACE,CE,Towers with Radar,372,384,37,7,800,0,0,2,6,8,372,387,39,13,811,0,0,0,846
05/22/2008,STL,MO,ACE,CE,Towers with Radar,378,366,38,7,789,0,0,3,0,3,378,366,41,7,792,0,0,0,805
05/23/2008,STL,MO,ACE,CE,Towers with Radar,387,366,22,7,782,0,0,2,0,2,387,368,24,7,786,0,0,0,809
05/24/2008,STL,MO,ACE,CE,Towers with Radar,304,230,9,0,543,0,0,5,0,5,304,231,14,0,549,0,0,0,561
05/25/2008,STL,MO,ACE,CE,Towers with Radar,265,233,4,0,502,0,0,3,0,3,266,234,7,0,507,0,0,0,512
05/26/2008,STL,MO,ACE,CE,Towers with Radar,335,305,18,1,659,0,0,2,0,2,335,308,20,1,664,0,0,0,681
05/27/2008,STL,MO,ACE,CE,Towers with Radar,355,359,24,0,738,0,1,4,0,5,356,360,28,0,744,0,0,0,755
05/28/2008,STL,MO,ACE,CE,Towers with Radar,384,364,32,7,787,0,0,6,1,7,384,366,38,8,796,0,0,0,807
05/29/2008,STL,MO,ACE,CE,Towers with Radar,378,366,63,12,819,0,1,2,0,3,379,367,65,12,823,0,0,0,833
05/30/2008,STL,MO,ACE,CE,Towers with Radar,373,351,26,8,758,0,1,4,0,5,373,354,30,8,765,0,0,0,792
05/31/2008,STL,MO,ACE,CE,Towers with Radar,307,257,13,0,577,0,0,3,1,4,307,260,16,1,584,0,0,0,598
06/01/2008,STL,MO,ACE,CE,Towers with Radar,341,289,12,2,644,0,0,4,0,4,341,292,16,2,651,0,0,0,669
06/02/2008,STL,MO,ACE,CE,Towers with Radar,372,333,25,6,736,0,0,3,0,3,372,337,28,6,743,0,13,13,781
06/03/2008,STL,MO,ACE,CE,Towers with Radar,381,327,24,4,736,0,2,0,5,7,381,332,24,9,746,0,0,0,763
06/04/2008,STL,MO,ACE,CE,Towers with Radar,378,314,33,7,732,0,0,0,1,1,379,317,33,8,737,0,0,0,763
06/05/2008,STL,MO,ACE,CE,Towers with Radar,380,339,26,10,755,0,0,0,2,2,380,342,26,12,760,0,0,0,798
06/06/2008,STL,MO,ACE,CE,Towers with Radar,382,335,30,4,751,0,0,1,0,1,382,338,31,4,755,0,0,0,765
06/07/2008,STL,MO,ACE,CE,Towers with Radar,325,234,11,6,576,0,0,0,0,0,325,236,11,6,578,0,0,0,600
06/08/2008,STL,MO,ACE,CE,Towers with Radar,370,289,17,8,684,0,1,0,0,1,370,293,17,8,688,0,0,0,705
06/09/2008,STL,MO,ACE,CE,Towers with Radar,389,329,34,5,757,0,0,0,0,0,389,330,34,5,758,0,0,0,780
06/10/2008,STL,MO,ACE,CE,Towers with Radar,375,340,25,4,744,0,1,7,0,8,375,342,32,4,753,0,0,0,779
06/11/2008,STL,MO,ACE,CE,Towers with Radar,391,340,38,5,774,0,0,6,4,10,391,344,44,9,788,0,0,0,817
06/12/2008,STL,MO,ACE,CE,Towers with Radar,387,345,29,15,776,0,0,0,2,2,387,350,29,17,783,0,0,0,832
06/13/2008,STL,MO,ACE,CE,Towers with Radar,387,322,23,0,732,0,0,0,0,0,387,326,23,0,736,0,0,0,756
06/14/2008,STL,MO,ACE,CE,Towers with Radar,321,232,10,1,564,0,0,2,0,2,321,233,12,1,567,0,0,0,582
06/15/2008,STL,MO,ACE,CE,Towers with Radar,345,299,16,1,661,0,0,2,0,2,345,301,18,1,665,0,0,0,677
06/16/2008,STL,MO,ACE,CE,Towers with Radar,368,331,26,9,734,0,0,1,0,1,368,333,27,9,737,0,0,0,759
06/17/2008,STL,MO,ACE,CE,Towers with Radar,384,339,20,6,749,0,0,0,2,2,384,341,20,8,753,0,0,0,790
06/18/2008,STL,MO,ACE,CE,Towers with Radar,381,351,33,8,773,0,0,8,0,8,381,353,41,8,783,0,0,0,814
06/19/2008,STL,MO,ACE,CE,Towers with Radar,380,343,33,6,762,0,0,8,1,9,380,345,41,7,773,0,0,0,819
06/20/2008,STL,MO,ACE,CE,Towers with Radar,390,336,29,10,765,0,0,0,1,1,390,339,29,11,769,0,0,0,790
06/21/2008,STL,MO,ACE,CE,Towers with Radar,310,234,10,2,556,0,0,0,2,2,310,239,10,4,563,0,0,0,585
06/22/2008,STL,MO,ACE,CE,Towers with Radar,337,294,23,0,654,0,0,0,2,2,337,295,23,2,657,0,0,0,673
06/23/2008,STL,MO,ACE,CE,Towers with Radar,370,330,29,9,738,0,0,1,6,7,370,335,30,15,750,0,6,6,797
06/24/2008,STL,MO,ACE,CE,Towers with Radar,385,352,25,4,766,0,3,1,1,5,385,355,26,5,771,0,0,0,786
06/25/2008,STL,MO,ACE,CE,Towers with Radar,382,356,32,4,774,0,0,1,0,1,382,363,33,4,782,0,0,0,819
06/26/2008,STL,MO,ACE,CE,Towers with Radar,396,352,35,6,789,0,0,4,0,4,396,355,39,6,796,0,0,0,843
06/27/2008,STL,MO,ACE,CE,Towers with Radar,378,342,26,4,750,0,0,2,3,5,378,346,28,7,759,0,0,0,792
06/28/2008,STL,MO,ACE,CE,Towers with Radar,312,237,12,1,562,0,0,0,1,1,312,240,12,2,566,0,0,0,582
06/29/2008,STL,MO,ACE,CE,Towers with Radar,342,294,8,2,646,0,0,2,0,2,342,296,10,2,650,0,0,0,661
06/30/2008,STL,MO,ACE,CE,Towers with Radar,369,331,22,6,728,0,0,3,0,3,369,335,25,6,735,0,0,0,768
07/01/2008,STL,MO,ACE,CE,Towers with Radar,384,333,35,8,760,0,0,12,1,13,384,333,47,9,773,0,5,5,778
07/02/2008,STL,MO,ACE,CE,Towers with Radar,390,330,25,7,752,0,1,1,2,4,390,331,26,9,756,0,0,0,756
07/03/2008,STL,MO,ACE,CE,Towers with Radar,389,316,20,14,739,0,0,1,1,2,389,316,21,15,741,0,0,0,741
07/04/2008,STL,MO,ACE,CE,Towers with Radar,269,197,8,0,474,0,0,0,0,0,269,197,8,0,474,0,0,0,474
07/05/2008,STL,MO,ACE,CE,Towers with Radar,303,215,6,0,524,0,0,6,0,6,303,215,12,0,530,0,0,0,530
07/06/2008,STL,MO,ACE,CE,Towers with Radar,333,300,16,0,649,0,0,3,0,3,333,300,19,0,652,0,0,0,652
07/07/2008,STL,MO,ACE,CE,Towers with Radar,375,326,20,6,727,0,0,1,3,4,375,326,21,9,731,0,0,0,731
07/08/2008,STL,MO,ACE,CE,Towers with Radar,373,320,22,7,722,0,1,1,1,3,373,321,23,8,725,0,0,0,725
07/09/2008,STL,MO,ACE,CE,Towers with Radar,380,316,23,9,728,0,0,4,0,4,380,316,27,9,732,0,0,0,732
07/10/2008,STL,MO,ACE,CE,Towers with Radar,383,322,32,5,742,0,2,7,4,13,383,324,39,9,755,0,0,0,755
07/11/2008,STL,MO,ACE,CE,Towers with Radar,396,325,33,10,764,0,0,2,1,3,396,325,35,11,767,0,0,0,767
07/12/2008,STL,MO,ACE,CE,Towers with Radar,302,230,10,5,547,0,0,2,0,2,302,230,12,5,549,0,0,0,549
07/13/2008,STL,MO,ACE,CE,Towers with Radar,328,282,10,5,625,0,0,0,0,0,328,282,10,5,625,0,0,0,625
07/14/2008,STL,MO,ACE,CE,Towers with Radar,377,329,31,9,746,0,1,9,0,10,377,330,40,9,756,0,6,6,762
07/15/2008,STL,MO,ACE,CE,Towers with Radar,383,323,21,8,735,0,0,12,0,12,383,323,33,8,747,0,0,0,747
07/16/2008,STL,MO,ACE,CE,Towers with Radar,384,324,25,8,741,0,0,1,2,3,384,324,26,10,744,0,0,0,744
07/17/2008,STL,MO,ACE,CE,Towers with Radar,379,338,31,10,758,0,1,12,5,18,379,339,43,15,776,0,0,0,776
07/18/2008,STL,MO,ACE,CE,Towers with Radar,385,338,29,7,759,0,1,1,0,2,385,339,30,7,761,0,0,0,761
07/19/2008,STL,MO,ACE,CE,Towers with Radar,308,227,15,5,555,0,0,2,0,2,308,227,17,5,557,0,0,0,557
07/20/2008,STL,MO,ACE,CE,Towers with Radar,336,285,13,16,650,0,0,3,0,3,336,285,16,16,653,32,0,32,685
07/21/2008,STL,MO,ACE,CE,Towers with Radar,376,318,30,15,739,0,0,3,1,4,376,318,33,16,743,0,26,26,769
07/22/2008,STL,MO,ACE,CE,Towers with Radar,371,322,38,9,740,0,0,9,0,9,371,322,47,9,749,8,8,16,765
07/23/2008,STL,MO,ACE,CE,Towers with Radar,380,317,21,4,722,0,0,2,0,2,380,317,23,4,724,0,0,0,724
07/24/2008,STL,MO,ACE,CE,Towers with Radar,382,327,30,12,751,0,0,3,1,4,382,327,33,13,755,0,0,0,755
07/25/2008,STL,MO,ACE,CE,Towers with Radar,386,332,24,6,748,0,0,7,0,7,386,332,31,6,755,0,0,0,755
07/26/2008,STL,MO,ACE,CE,Towers with Radar,313,227,10,0,550,0,1,0,1,2,313,228,10,1,552,0,0,0,552
07/27/2008,STL,MO,ACE,CE,Towers with Radar,333,285,16,2,636,0,0,4,2,6,333,285,20,4,642,0,0,0,642
07/28/2008,STL,MO,ACE,CE,Towers with Radar,376,344,35,2,757,0,0,3,1,4,376,344,38,3,761,0,0,0,761
07/29/2008,STL,MO,ACE,CE,Towers with Radar,388,331,50,9,778,0,1,1,2,4,388,332,51,11,782,0,0,0,782
07/30/2008,STL,MO,ACE,CE,Towers with Radar,378,327,27,9,741,0,0,0,3,3,378,327,27,12,744,0,20,20,764
07/31/2008,STL,MO,ACE,CE,Towers with Radar,390,342,33,7,772,0,1,3,0,4,390,343,36,7,776,0,0,0,776
08/01/2008,STL,MO,ACE,CE,Towers with Radar,386,331,17,4,738,0,1,2,0,3,386,332,19,4,741,0,0,0,741
08/02/2008,STL,MO,ACE,CE,Towers with Radar,304,223,14,10,551,0,0,3,0,3,304,223,17,10,554,0,0,0,554
08/03/2008,STL,MO,ACE,CE,Towers with Radar,340,288,22,6,656,0,0,14,0,14,340,288,36,6,670,37,12,49,719
08/04/2008,STL,MO,ACE,CE,Towers with Radar,388,330,38,7,763,0,1,2,4,7,388,331,40,11,770,0,0,0,770
08/05/2008,STL,MO,ACE,CE,Towers with Radar,410,331,31,5,777,0,0,7,1,8,410,331,38,6,785,0,0,0,785
08/06/2008,STL,MO,ACE,CE,Towers with Radar,381,326,43,6,756,0,0,1,1,2,381,326,44,7,758,0,0,0,758
08/07/2008,STL,MO,ACE,CE,Towers with Radar,389,339,36,4,768,0,1,4,2,7,389,340,40,6,775,0,0,0,775
08/08/2008,STL,MO,ACE,CE,Towers with Radar,378,318,25,6,727,0,0,6,1,7,378,318,31,7,734,0,0,0,734
08/09/2008,STL,MO,ACE,CE,Towers with Radar,304,224,10,0,538,0,0,4,0,4,304,224,14,0,542,0,0,0,542
08/10/2008,STL,MO,ACE,CE,Towers with Radar,326,280,15,2,623,0,0,4,0,4,326,280,19,2,627,0,0,0,627
08/11/2008,STL,MO,ACE,CE,Towers with Radar,376,316,24,6,722,0,0,10,0,10,376,316,34,6,732,0,0,0,732
08/12/2008,STL,MO,ACE,CE,Towers with Radar,371,328,27,14,740,0,0,0,2,2,371,328,27,16,742,0,9,9,751
08/13/2008,STL,MO,ACE,CE,Towers with Radar,378,321,36,8,743,0,0,3,0,3,378,321,39,8,746,0,0,0,746
08/14/2008,STL,MO,ACE,CE,Towers with Radar,375,319,40,4,738,0,0,2,0,2,375,319,42,4,740,0,0,0,740
08/15/2008,STL,MO,ACE,CE,Towers with Radar,379,319,26,2,726,0,0,3,0,3,379,319,29,2,729,0,0,0,729
08/16/2008,STL,MO,ACE,CE,Towers with Radar,309,222,13,0,544,0,0,6,1,7,309,222,19,1,551,0,0,0,551
08/17/2008,STL,MO,ACE,CE,Towers with Radar,333,282,11,1,627,0,2,4,0,6,333,284,15,1,633,0,0,0,633
08/18/2008,STL,MO,ACE,CE,Towers with Radar,375,322,29,10,736,0,1,11,0,12,375,323,40,10,748,0,12,12,760
08/19/2008,STL,MO,ACE,CE,Towers with Radar,363,323,34,9,729,0,0,6,1,7,363,323,40,10,736,0,3,3,739
08/20/2008,STL,MO,ACE,CE,Towers with Radar,371,326,46,8,751,0,0,5,4,9,371,326,51,12,760,0,0,0,760
08/21/2008,STL,MO,ACE,CE,Towers with Radar,372,322,38,6,738,0,0,2,1,3,372,322,40,7,741,0,0,0,741
08/22/2008,STL,MO,ACE,CE,Towers with Radar,377,324,27,4,732,0,2,0,1,3,377,326,27,5,735,0,0,0,735
08/23/2008,STL,MO,ACE,CE,Towers with Radar,289,218,16,4,527,0,0,2,1,3,289,218,18,5,530,0,0,0,530
08/24/2008,STL,MO,ACE,CE,Towers with Radar,323,289,13,0,625,0,0,0,0,0,323,289,13,0,625,0,0,0,625
08/25/2008,STL,MO,ACE,CE,Towers with Radar,363,308,20,10,701,0,1,4,1,6,363,309,24,11,707,0,0,0,707
08/26/2008,STL,MO,ACE,CE,Towers with Radar,360,329,29,5,723,0,1,0,1,2,360,330,29,6,725,0,0,0,725
08/27/2008,STL,MO,ACE,CE,Towers with Radar,371,329,26,9,735,0,0,6,2,8,371,329,32,11,743,0,0,0,743
08/28/2008,STL,MO,ACE,CE,Towers with Radar,361,334,26,5,726,0,2,0,2,4,361,336,26,7,730,0,0,0,730
08/29/2008,STL,MO,ACE,CE,Towers with Radar,371,323,17,6,717,0,0,0,1,1,371,323,17,7,718,0,0,0,718
08/30/2008,STL,MO,ACE,CE,Towers with Radar,275,211,13,1,500,0,0,3,0,3,275,211,16,1,503,0,0,0,503
08/31/2008,STL,MO,ACE,CE,Towers with Radar,232,224,24,4,484,0,0,5,0,5,232,224,29,4,489,0,0,0,489
09/01/2008,STL,MO,ACE,CE,Towers with Radar,319,267,17,1,604,0,0,2,0,2,319,267,19,1,606,0,0,0,606
09/02/2008,STL,MO,ACE,CE,Towers with Radar,363,301,41,2,707,0,2,3,2,7,363,303,44,4,714,0,0,0,714
09/03/2008,STL,MO,ACE,CE,Towers with Radar,377,306,38,3,724,0,0,4,0,4,377,306,42,3,728,0,0,0,728
09/04/2008,STL,MO,ACE,CE,Towers with Radar,365,295,34,7,701,0,0,0,0,0,365,295,34,7,701,0,0,0,701
09/05/2008,STL,MO,ACE,CE,Towers with Radar,371,307,30,7,715,0,0,4,0,4,371,307,34,7,719,0,0,0,719
09/06/2008,STL,MO,ACE,CE,Towers with Radar,269,195,9,4,477,0,0,2,0,2,269,195,11,4,479,0,0,0,479
09/07/2008,STL,MO,ACE,CE,Towers with Radar,330,285,22,14,651,0,0,2,2,4,330,285,24,16,655,0,0,0,655
09/08/2008,STL,MO,ACE,CE,Towers with Radar,369,299,18,10,696,0,0,0,1,1,369,299,18,11,697,0,12,12,709
09/09/2008,STL,MO,ACE,CE,Towers with Radar,362,295,33,6,696,0,0,3,0,3,362,295,36,6,699,0,0,0,699
09/10/2008,STL,MO,ACE,CE,Towers with Radar,368,304,41,4,717,0,0,0,0,0,368,304,41,4,717,0,0,0,717
09/11/2008,STL,MO,ACE,CE,Towers with Radar,367,307,35,9,718,0,0,0,0,0,367,307,35,9,718,0,0,0,718
09/12/2008,STL,MO,ACE,CE,Towers with Radar,367,298,34,9,708,0,0,5,1,6,367,298,39,10,714,0,0,0,714
09/13/2008,STL,MO,ACE,CE,Towers with Radar,251,190,12,1,454,0,0,2,0,2,251,190,14,1,456,0,0,0,456
09/14/2008,STL,MO,ACE,CE,Towers with Radar,323,259,13,1,596,0,0,0,0,0,323,259,13,1,596,0,0,0,596
09/15/2008,STL,MO,ACE,CE,Towers with Radar,365,294,34,4,697,0,0,0,0,0,365,294,34,4,697,0,0,0,697
09/16/2008,STL,MO,ACE,CE,Towers with Radar,360,297,35,10,702,0,0,5,3,8,360,297,40,13,710,0,0,0,710
09/17/2008,STL,MO,ACE,CE,Towers with Radar,368,301,38,7,714,0,1,10,1,12,368,302,48,8,726,0,0,0,726
09/18/2008,STL,MO,ACE,CE,Towers with Radar,366,305,29,8,708,0,1,8,0,9,366,306,37,8,717,0,0,0,717
09/19/2008,STL,MO,ACE,CE,Towers with Radar,375,306,31,11,723,0,1,2,0,3,375,307,33,11,726,0,0,0,726
09/20/2008,STL,MO,ACE,CE,Towers with Radar,271,196,24,8,499,0,0,0,3,3,271,196,24,11,502,0,22,22,524
09/21/2008,STL,MO,ACE,CE,Towers with Radar,337,267,15,0,619,0,0,0,0,0,337,267,15,0,619,0,0,0,619
09/22/2008,STL,MO,ACE,CE,Towers with Radar,372,289,26,4,691,0,0,0,2,2,372,289,26,6,693,0,0,0,693
09/23/2008,STL,MO,ACE,CE,Towers with Radar,364,301,40,10,715,0,0,10,4,14,364,301,50,14,729,0,12,12,741
09/24/2008,STL,MO,ACE,CE,Towers with Radar,371,304,45,9,729,0,2,5,5,12,371,306,50,14,741,0,0,0,741
09/25/2008,STL,MO,ACE,CE,Towers with Radar,364,304,38,13,719,0,0,11,5,16,364,304,49,18,735,0,0,0,735
09/26/2008,STL,MO,ACE,CE,Towers with Radar,366,299,50,2,717,0,0,2,3,5,366,299,52,5,722,0,0,0,722
09/27/2008,STL,MO,ACE,CE,Towers with Radar,270,206,14,2,492,0,0,5,0,5,270,206,19,2,497,0,0,0,497
09/28/2008,STL,MO,ACE,CE,Towers with Radar,330,268,17,1,616,0,0,2,0,2,330,268,19,1,618,0,0,0,618
09/29/2008,STL,MO,ACE,CE,Towers with Radar,371,298,15,11,695,0,0,0,4,4,371,298,15,15,699,0,36,36,735
09/30/2008,STL,MO,ACE,CE,Towers with Radar,360,305,25,6,696,0,0,3,1,4,360,305,28,7,700,0,0,0,700
10/01/2008,STL,MO,ACE,CE,Towers with Radar,370,301,36,5,712,0,0,17,2,19,370,301,53,7,731,0,0,0,731
10/02/2008,STL,MO,ACE,CE,Towers with Radar,372,314,48,7,741,0,2,3,0,5,372,316,51,7,746,0,0,0,746
10/03/2008,STL,MO,ACE,CE,Towers with Radar,367,297,33,12,709,0,0,7,0,7,367,297,40,12,716,0,0,0,716
10/04/2008,STL,MO,ACE,CE,Towers with Radar,264,196,14,5,479,0,0,0,0,0,264,196,14,5,479,0,0,0,479
10/05/2008,STL,MO,ACE,CE,Towers with Radar,324,263,27,6,620,0,0,14,0,14,324,263,41,6,634,34,2,36,670
10/06/2008,STL,MO,ACE,CE,Towers with Radar,369,295,35,3,702,0,0,7,1,8,369,295,42,4,710,0,0,0,710
10/07/2008,STL,MO,ACE,CE,Towers with Radar,358,299,17,1,675,0,0,0,0,0,358,299,17,1,675,0,0,0,675
10/08/2008,STL,MO,ACE,CE,Towers with Radar,371,296,22,2,691,0,0,10,0,10,371,296,32,2,701,0,0,0,701
10/09/2008,STL,MO,ACE,CE,Towers with Radar,373,287,33,8,701,0,0,3,1,4,373,287,36,9,705,0,0,0,705
10/10/2008,STL,MO,ACE,CE,Towers with Radar,374,294,17,3,688,0,0,18,2,20,374,294,35,5,708,20,0,20,728
10/11/2008,STL,MO,ACE,CE,Towers with Radar,268,192,10,2,472,1,0,2,0,3,269,192,12,2,475,0,0,0,475
10/12/2008,STL,MO,ACE,CE,Towers with Radar,327,256,8,2,593,0,0,3,0,3,327,256,11,2,596,0,0,0,596
10/13/2008,STL,MO,ACE,CE,Towers with Radar,370,282,29,0,681,0,0,8,0,8,370,282,37,0,689,0,0,0,689
10/14/2008,STL,MO,ACE,CE,Towers with Radar,365,291,32,3,691,0,0,2,0,2,365,291,34,3,693,0,0,0,693
10/15/2008,STL,MO,ACE,CE,Towers with Radar,375,287,27,13,702,0,0,4,0,4,375,287,31,13,706,0,0,0,706
10/16/2008,STL,MO,ACE,CE,Towers with Radar,374,304,39,6,723,0,0,2,1,3,374,304,41,7,726,0,0,0,726
10/17/2008,STL,MO,ACE,CE,Towers with Radar,373,289,47,2,711,0,1,9,3,13,373,290,56,5,724,0,0,0,724
10/18/2008,STL,MO,ACE,CE,Towers with Radar,264,190,18,2,474,0,1,2,0,3,264,191,20,2,477,0,0,0,477
10/19/2008,STL,MO,ACE,CE,Towers with Radar,328,257,27,2,614,0,0,7,0,7,328,257,34,2,621,0,0,0,621
10/20/2008,STL,MO,ACE,CE,Towers with Radar,371,283,27,15,696,0,0,4,1,5,371,283,31,16,701,0,14,14,715
10/21/2008,STL,MO,ACE,CE,Towers with Radar,365,281,27,11,684,0,0,1,10,11,365,281,28,21,695,0,13,13,708
10/22/2008,STL,MO,ACE,CE,Towers with Radar,364,297,35,2,698,0,0,1,0,1,364,297,36,2,699,0,0,0,699
10/23/2008,STL,MO,ACE,CE,Towers with Radar,369,313,45,1,728,0,0,1,0,1,369,313,46,1,729,0,0,0,729
10/24/2008,STL,MO,ACE,CE,Towers with Radar,371,312,27,5,715,0,0,0,0,0,371,312,27,5,715,0,0,0,715
10/25/2008,STL,MO,ACE,CE,Towers with Radar,270,190,12,2,474,0,0,3,2,5,270,190,15,4,479,0,0,0,479
10/26/2008,STL,MO,ACE,CE,Towers with Radar,327,266,20,3,616,0,0,1,0,1,327,266,21,3,617,0,0,0,617
10/27/2008,STL,MO,ACE,CE,Towers with Radar,369,274,37,2,682,0,1,4,1,6,369,275,41,3,688,0,0,0,688
10/28/2008,STL,MO,ACE,CE,Towers with Radar,367,284,39,2,692,0,1,2,1,4,367,285,41,3,696,0,0,0,696
10/29/2008,STL,MO,ACE,CE,Towers with Radar,369,290,28,10,697,0,1,2,1,4,369,291,30,11,701,0,0,0,701
10/30/2008,STL,MO,ACE,CE,Towers with Radar,372,295,29,5,701,0,2,9,1,12,372,297,38,6,713,0,0,0,713
10/31/2008,STL,MO,ACE,CE,Towers with Radar,360,301,22,13,696,0,1,3,3,7,360,302,25,16,703,0,26,26,729
11/01/2008,STL,MO,ACE,CE,Towers with Radar,258,198,12,8,476,0,1,2,0,3,258,199,14,8,479,0,0,0,479
11/02/2008,STL,MO,ACE,CE,Towers with Radar,297,248,14,14,573,0,0,2,0,2,297,248,16,14,575,0,11,11,586
11/03/2008,STL,MO,ACE,CE,Towers with Radar,352,280,17,3,652,0,0,2,5,7,352,280,19,8,659,0,4,4,663
11/04/2008,STL,MO,ACE,CE,Towers with Radar,343,266,19,9,637,0,1,67,2,70,343,267,86,11,707,8,6,14,721
11/05/2008,STL,MO,ACE,CE,Towers with Radar,351,276,38,2,667,0,0,0,0,0,351,276,38,2,667,0,0,0,667
11/06/2008,STL,MO,ACE,CE,Towers with Radar,345,273,40,4,662,0,1,3,0,4,345,274,43,4,666,0,0,0,666
11/07/2008,STL,MO,ACE,CE,Towers with Radar,352,273,31,7,663,0,1,1,0,2,352,274,32,7,665,0,0,0,665
11/08/2008,STL,MO,ACE,CE,Towers with Radar,240,192,11,0,443,0,2,2,0,4,240,194,13,0,447,0,0,0,447
11/09/2008,STL,MO,ACE,CE,Towers with Radar,305,233,15,2,555,0,0,0,0,0,305,233,15,2,555,0,0,0,555
11/10/2008,STL,MO,ACE,CE,Towers with Radar,348,268,24,1,641,0,0,9,0,9,348,268,33,1,650,2,2,4,654
11/11/2008,STL,MO,ACE,CE,Towers with Radar,345,264,19,0,628,0,1,0,0,1,345,265,19,0,629,0,0,0,629
11/12/2008,STL,MO,ACE,CE,Towers with Radar,348,276,33,10,667,0,1,2,0,3,348,277,35,10,670,0,0,0,670
11/13/2008,STL,MO,ACE,CE,Towers with Radar,355,280,34,14,683,0,1,2,4,7,355,281,36,18,690,0,0,0,690
11/14/2008,STL,MO,ACE,CE,Towers with Radar,358,267,25,2,652,0,1,2,0,3,358,268,27,2,655,0,0,0,655
11/15/2008,STL,MO,ACE,CE,Towers with Radar,236,182,6,0,424,0,1,0,0,1,236,183,6,0,425,0,0,0,425
11/16/2008,STL,MO,ACE,CE,Towers with Radar,307,243,4,3,557,0,0,2,1,3,307,243,6,4,560,0,0,0,560
11/17/2008,STL,MO,ACE,CE,Towers with Radar,348,270,22,6,646,0,0,9,0,9,348,270,31,6,655,2,0,2,657
11/18/2008,STL,MO,ACE,CE,Towers with Radar,341,261,38,3,643,0,3,3,1,7,341,264,41,4,650,0,0,0,650
11/19/2008,STL,MO,ACE,CE,Towers with Radar,351,269,35,10,665,0,1,9,0,10,351,270,44,10,675,0,0,0,675
11/20/2008,STL,MO,ACE,CE,Towers with Radar,349,280,24,8,661,0,3,3,2,8,349,283,27,10,669,0,0,0,669
11/21/2008,STL,MO,ACE,CE,Towers with Radar,346,274,30,4,654,0,2,15,5,22,346,276,45,9,676,0,0,0,676
11/22/2008,STL,MO,ACE,CE,Towers with Radar,240,188,19,0,447,0,0,2,0,2,240,188,21,0,449,0,0,0,449
11/23/2008,STL,MO,ACE,CE,Towers with Radar,306,231,7,0,544,0,0,0,0,0,306,231,7,0,544,0,0,0,544
11/24/2008,STL,MO,ACE,CE,Towers with Radar,349,270,18,13,650,0,0,3,0,3,349,270,21,13,653,0,0,0,653
11/25/2008,STL,MO,ACE,CE,Towers with Radar,351,274,25,4,654,0,0,2,3,5,351,274,27,7,659,0,0,0,659
11/26/2008,STL,MO,ACE,CE,Towers with Radar,351,275,24,1,651,0,0,2,1,3,351,275,26,2,654,0,0,0,654
11/27/2008,STL,MO,ACE,CE,Towers with Radar,211,163,7,0,381,0,0,5,0,5,211,163,12,0,386,0,0,0,386
11/28/2008,STL,MO,ACE,CE,Towers with Radar,265,189,8,2,464,0,0,6,0,6,265,189,14,2,470,0,0,0,470
11/29/2008,STL,MO,ACE,CE,Towers with Radar,272,189,9,0,470,0,0,1,0,1,272,189,10,0,471,0,0,0,471
11/30/2008,STL,MO,ACE,CE,Towers with Radar,316,253,18,0,587,0,0,0,0,0,316,253,18,0,587,0,0,0,587
12/01/2008,STL,MO,ACE,CE,Towers with Radar,357,280,22,4,663,0,0,0,0,0,357,280,22,4,663,0,0,0,663
12/02/2008,STL,MO,ACE,CE,Towers with Radar,353,265,31,10,659,0,0,4,8,12,353,265,35,18,671,0,0,0,671
12/03/2008,STL,MO,ACE,CE,Towers with Radar,342,261,33,2,638,0,0,0,1,1,342,261,33,3,639,0,0,0,639
12/04/2008,STL,MO,ACE,CE,Towers with Radar,347,278,28,5,658,0,0,0,0,0,347,278,28,5,658,0,0,0,658
12/05/2008,STL,MO,ACE,CE,Towers with Radar,345,265,16,7,633,0,0,6,0,6,345,265,22,7,639,0,0,0,639
12/06/2008,STL,MO,ACE,CE,Towers with Radar,234,168,12,0,414,0,0,2,0,2,234,168,14,0,416,0,0,0,416
12/07/2008,STL,MO,ACE,CE,Towers with Radar,307,232,15,4,558,0,0,3,2,5,307,232,18,6,563,0,0,0,563
12/08/2008,STL,MO,ACE,CE,Towers with Radar,338,271,39,9,657,0,0,2,1,3,338,271,41,10,660,0,0,0,660
12/09/2008,STL,MO,ACE,CE,Towers with Radar,344,258,27,2,631,0,0,0,1,1,344,258,27,3,632,0,0,0,632
12/10/2008,STL,MO,ACE,CE,Towers with Radar,352,264,35,10,661,0,0,10,3,13,352,264,45,13,674,0,30,30,704
12/11/2008,STL,MO,ACE,CE,Towers with Radar,340,257,12,6,615,0,0,5,0,5,340,257,17,6,620,0,0,0,620
12/12/2008,STL,MO,ACE,CE,Towers with Radar,345,269,31,14,659,0,0,5,6,11,345,269,36,20,670,4,0,4,674
12/13/2008,STL,MO,ACE,CE,Towers with Radar,235,176,8,10,429,0,0,1,0,1,235,176,9,10,430,4,14,18,448
12/14/2008,STL,MO,ACE,CE,Towers with Radar,294,227,6,3,530,0,0,0,0,0,294,227,6,3,530,0,0,0,530
12/15/2008,STL,MO,ACE,CE,Towers with Radar,323,258,26,2,609,0,0,0,0,0,323,258,26,2,609,0,0,0,609
12/16/2008,STL,MO,ACE,CE,Towers with Radar,336,246,12,2,596,0,0,0,0,0,336,246,12,2,596,0,0,0,596
12/17/2008,STL,MO,ACE,CE,Towers with Radar,333,291,34,2,660,0,0,0,0,0,333,291,34,2,660,0,0,0,660
12/18/2008,STL,MO,ACE,CE,Towers with Radar,336,275,20,5,636,0,0,0,0,0,336,275,20,5,636,0,0,0,636
12/19/2008,STL,MO,ACE,CE,Towers with Radar,319,233,33,11,596,0,0,0,2,2,319,233,33,13,598,0,16,16,614
12/20/2008,STL,MO,ACE,CE,Towers with Radar,256,185,9,0,450,0,0,0,0,0,256,185,9,0,450,0,0,0,450
12/21/2008,STL,MO,ACE,CE,Towers with Radar,298,226,11,0,535,0,0,2,1,3,298,226,13,1,538,0,0,0,538
12/22/2008,STL,MO,ACE,CE,Towers with Radar,328,286,31,1,646,0,0,7,3,10,328,286,38,4,656,0,0,0,656
12/23/2008,STL,MO,ACE,CE,Towers with Radar,320,252,13,0,585,0,0,0,0,0,320,252,13,0,585,0,0,0,585
12/24/2008,STL,MO,ACE,CE,Towers with Radar,288,221,9,0,518,0,0,0,0,0,288,221,9,0,518,0,0,0,518
12/25/2008,STL,MO,ACE,CE,Towers with Radar,259,212,3,0,474,0,0,0,0,0,259,212,3,0,474,0,0,0,474
12/26/2008,STL,MO,ACE,CE,Towers with Radar,344,284,13,0,641,0,0,1,0,1,344,284,14,0,642,0,0,0,642
12/27/2008,STL,MO,ACE,CE,Towers with Radar,272,171,5,0,448,0,0,0,0,0,272,171,5,0,448,0,0,0,448
12/28/2008,STL,MO,ACE,CE,Towers with Radar,309,239,8,0,556,0,0,2,0,2,309,239,10,0,558,0,0,0,558
12/29/2008,STL,MO,ACE,CE,Towers with Radar,329,279,19,3,630,0,0,4,0,4,329,279,23,3,634,0,0,0,634
12/30/2008,STL,MO,ACE,CE,Towers with Radar,326,272,20,1,619,0,0,6,0,6,326,272,26,1,625,0,0,0,625
12/31/2008,STL,MO,ACE,CE,Towers with Radar,274,227,6,0,507,0,0,1,0,1,274,227,7,0,508,0,0,0,508
01/01/2009,STL,MO,ACE,CE,Towers with Radar,269,221,3,0,493,0,0,2,0,2,269,221,5,0,495,0,0,0,495
01/02/2009,STL,MO,ACE,CE,Towers with Radar,319,262,8,0,589,0,0,6,0,6,319,262,14,0,595,0,0,0,595
01/03/2009,STL,MO,ACE,CE,Towers with Radar,270,203,7,0,480,0,0,1,0,1,270,203,8,0,481,0,0,0,481
01/04/2009,STL,MO,ACE,CE,Towers with Radar,300,244,6,1,551,0,0,1,0,1,300,244,7,1,552,0,0,0,552
01/05/2009,STL,MO,ACE,CE,Towers with Radar,331,277,14,1,623,0,0,2,0,2,331,277,16,1,625,0,0,0,625
01/06/2009,STL,MO,ACE,CE,Towers with Radar,333,265,14,0,612,0,0,1,0,1,333,265,15,0,613,0,0,0,613
01/07/2009,STL,MO,ACE,CE,Towers with Radar,331,259,20,6,616,0,0,2,1,3,331,259,22,7,619,0,0,0,619
01/08/2009,STL,MO,ACE,CE,Towers with Radar,339,263,14,6,622,0,2,4,3,9,339,265,18,9,631,0,9,9,640
01/09/2009,STL,MO,ACE,CE,Towers with Radar,331,262,21,2,616,0,1,0,1,2,331,263,21,3,618,0,0,0,618
01/10/2009,STL,MO,ACE,CE,Towers with Radar,225,172,10,1,408,0,0,0,0,0,225,172,10,1,408,0,0,0,408
01/11/2009,STL,MO,ACE,CE,Towers with Radar,275,233,13,0,521,0,0,2,2,4,275,233,15,2,525,0,0,0,525
01/12/2009,STL,MO,ACE,CE,Towers with Radar,319,267,28,3,617,0,0,2,0,2,319,267,30,3,619,0,0,0,619
01/13/2009,STL,MO,ACE,CE,Towers with Radar,324,254,31,1,610,0,0,0,0,0,324,254,31,1,610,0,0,0,610
01/14/2009,STL,MO,ACE,CE,Towers with Radar,325,256,23,2,606,0,0,0,2,2,325,256,23,4,608,0,0,0,608
01/15/2009,STL,MO,ACE,CE,Towers with Radar,322,263,22,3,610,0,0,3,0,3,322,263,25,3,613,0,0,0,613
01/16/2009,STL,MO,ACE,CE,Towers with Radar,330,265,15,0,610,0,0,0,0,0,330,265,15,0,610,0,0,0,610
01/17/2009,STL,MO,ACE,CE,Towers with Radar,234,171,11,17,433,0,0,2,5,7,234,171,13,22,440,4,23,27,467
01/18/2009,STL,MO,ACE,CE,Towers with Radar,278,236,6,0,520,0,0,1,0,1,278,236,7,0,521,0,0,0,521
01/19/2009,STL,MO,ACE,CE,Towers with Radar,331,268,16,0,615,0,0,0,0,0,331,268,16,0,615,0,0,0,615
01/20/2009,STL,MO,ACE,CE,Towers with Radar,331,249,22,5,607,0,0,2,0,2,331,249,24,5,609,0,0,0,609
01/21/2009,STL,MO,ACE,CE,Towers with Radar,332,256,27,1,616,0,0,11,3,14,332,256,38,4,630,0,0,0,630
01/22/2009,STL,MO,ACE,CE,Towers with Radar,336,261,36,4,637,0,0,8,1,9,336,261,44,5,646,0,0,0,646
01/23/2009,STL,MO,ACE,CE,Towers with Radar,332,259,25,5,621,0,0,2,5,7,332,259,27,10,628,0,0,0,628
01/24/2009,STL,MO,ACE,CE,Towers with Radar,227,180,4,2,413,0,0,1,0,1,227,180,5,2,414,0,0,0,414
01/25/2009,STL,MO,ACE,CE,Towers with Radar,281,230,5,1,517,0,0,2,0,2,281,230,7,1,519,0,0,0,519
01/26/2009,STL,MO,ACE,CE,Towers with Radar,310,270,22,1,603,0,0,3,0,3,310,270,25,1,606,0,0,0,606
01/27/2009,STL,MO,ACE,CE,Towers with Radar,287,191,11,0,489,0,0,0,0,0,287,191,11,0,489,0,0,0,489
01/28/2009,STL,MO,ACE,CE,Towers with Radar,305,228,16,1,550,0,0,6,3,9,305,228,22,4,559,0,0,0,559
01/29/2009,STL,MO,ACE,CE,Towers with Radar,322,263,19,7,611,0,0,0,1,1,322,263,19,8,612,0,0,0,612
01/30/2009,STL,MO,ACE,CE,Towers with Radar,333,264,25,6,628,0,0,4,2,6,333,264,29,8,634,0,0,0,634
01/31/2009,STL,MO,ACE,CE,Towers with Radar,227,178,18,1,424,0,0,1,1,2,227,178,19,2,426,0,0,0,426
02/01/2009,STL,MO,ACE,CE,Towers with Radar,274,237,5,1,517,0,0,0,13,13,274,237,5,14,530,0,0,0,530
02/02/2009,STL,MO,ACE,CE,Towers with Radar,324,261,13,2,600,0,0,2,3,5,324,261,15,5,605,0,0,0,605
02/03/2009,STL,MO,ACE,CE,Towers with Radar,316,241,28,5,590,0,0,4,0,4,316,241,32,5,594,0,0,0,594
02/04/2009,STL,MO,ACE,CE,Towers with Radar,330,251,24,2,607,0,0,6,1,7,330,251,30,3,614,0,0,0,614
02/05/2009,STL,MO,ACE,CE,Towers with Radar,333,258,18,2,611,0,0,9,2,11,333,258,27,4,622,0,0,0,622
02/06/2009,STL,MO,ACE,CE,Towers with Radar,332,258,22,5,617,0,0,6,0,6,332,258,28,5,623,0,0,0,623
02/07/2009,STL,MO,ACE,CE,Towers with Radar,223,176,19,3,421,0,0,1,1,2,223,176,20,4,423,0,0,0,423
02/08/2009,STL,MO,ACE,CE,Towers with Radar,281,232,11,2,526,0,0,0,0,0,281,232,11,2,526,0,0,0,526
02/09/2009,STL,MO,ACE,CE,Towers with Radar,326,261,20,1,608,0,1,0,0,1,326,262,20,1,609,0,0,0,609
02/10/2009,STL,MO,ACE,CE,Towers with Radar,329,253,25,2,609,0,0,2,2,4,329,253,27,4,613,0,0,0,613
02/11/2009,STL,MO,ACE,CE,Towers with Radar,325,256,26,3,610,0,0,0,0,0,325,256,26,3,610,0,0,0,610
02/12/2009,STL,MO,ACE,CE,Towers with Radar,328,256,46,9,639,0,0,7,1,8,328,256,53,10,647,0,0,0,647
02/13/2009,STL,MO,ACE,CE,Towers with Radar,331,260,17,6,614,0,1,3,0,4,331,261,20,6,618,0,0,0,618
02/14/2009,STL,MO,ACE,CE,Towers with Radar,224,187,6,0,417,0,0,3,1,4,224,187,9,1,421,0,0,0,421
02/15/2009,STL,MO,ACE,CE,Towers with Radar,269,248,12,0,529,0,0,0,1,1,269,248,12,1,530,0,0,0,530
02/16/2009,STL,MO,ACE,CE,Towers with Radar,322,268,22,2,614,0,0,4,2,6,322,268,26,4,620,0,12,12,632
02/17/2009,STL,MO,ACE,CE,Towers with Radar,323,277,24,0,624,0,0,0,0,0,323,277,24,0,624,0,0,0,624
02/18/2009,STL,MO,ACE,CE,Towers with Radar,334,248,29,2,613,0,0,0,0,0,334,248,29,2,613,0,0,0,613
02/19/2009,STL,MO,ACE,CE,Towers with Radar,335,257,34,4,630,0,1,9,0,10,335,258,43,4,640,0,0,0,640
02/20/2009,STL,MO,ACE,CE,Towers with Radar,337,273,22,5,637,0,0,6,1,7,337,273,28,6,644,0,0,0,644
02/21/2009,STL,MO,ACE,CE,Towers with Radar,238,184,5,6,433,0,1,4,4,9,238,185,9,10,442,0,0,0,442
02/22/2009,STL,MO,ACE,CE,Towers with Radar,274,242,16,4,536,0,0,5,0,5,274,242,21,4,541,0,0,0,541
02/23/2009,STL,MO,ACE,CE,Towers with Radar,318,260,18,9,605,0,0,0,3,3,318,260,18,12,608,0,0,0,608
02/24/2009,STL,MO,ACE,CE,Towers with Radar,323,257,27,3,610,0,0,5,1,6,323,257,32,4,616,0,0,0,616
02/25/2009,STL,MO,ACE,CE,Towers with Radar,334,264,27,4,629,0,0,1,0,1,334,264,28,4,630,0,0,0,630
02/26/2009,STL,MO,ACE,CE,Towers with Radar,328,261,29,11,629,0,0,0,2,2,328,261,29,13,631,0,0,0,631
02/27/2009,STL,MO,ACE,CE,Towers with Radar,333,262,17,7,619,0,0,0,0,0,333,262,17,7,619,0,0,0,619
02/28/2009,STL,MO,ACE,CE,Towers with Radar,223,188,5,0,416,0,0,0,0,0,223,188,5,0,416,0,0,0,416
03/01/2009,STL,MO,ACE,CE,Towers with Radar,262,228,10,0,500,0,0,3,0,3,262,228,13,0,503,0,0,0,503
03/02/2009,STL,MO,ACE,CE,Towers with Radar,315,234,26,5,580,0,0,3,1,4,315,234,29,6,584,0,0,0,584
03/03/2009,STL,MO,ACE,CE,Towers with Radar,321,265,19,5,610,0,0,0,0,0,321,265,19,5,610,0,2,2,612
03/04/2009,STL,MO,ACE,CE,Towers with Radar,335,266,30,4,635,0,2,2,0,4,335,268,32,4,639,0,0,0,639
03/05/2009,STL,MO,ACE,CE,Towers with Radar,330,259,20,3,612,0,1,0,1,2,330,260,20,4,614,0,0,0,614
03/06/2009,STL,MO,ACE,CE,Towers with Radar,333,265,20,7,625,0,0,2,0,2,333,265,22,7,627,0,0,0,627
03/07/2009,STL,MO,ACE,CE,Towers with Radar,245,184,7,3,439,0,0,0,0,0,245,184,7,3,439,0,0,0,439
03/08/2009,STL,MO,ACE,CE,Towers with Radar,304,245,13,3,565,0,0,1,1,2,304,245,14,4,567,0,0,0,567
03/09/2009,STL,MO,ACE,CE,Towers with Radar,330,258,22,4,614,0,0,0,0,0,330,258,22,4,614,0,0,0,614
03/10/2009,STL,MO,ACE,CE,Towers with Radar,322,253,30,0,605,0,0,2,0,2,322,253,32,0,607,0,0,0,607
03/11/2009,STL,MO,ACE,CE,Towers with Radar,340,250,26,2,618,0,0,1,0,1,340,250,27,2,619,0,0,0,619
03/12/2009,STL,MO,ACE,CE,Towers with Radar,338,268,17,12,635,0,1,3,2,6,338,269,20,14,641,0,0,0,641
03/13/2009,STL,MO,ACE,CE,Towers with Radar,339,261,22,1,623,0,0,5,2,7,339,261,27,3,630,0,0,0,630
03/14/2009,STL,MO,ACE,CE,Towers with Radar,240,197,6,1,444,0,0,9,0,9,240,197,15,1,453,0,0,0,453
03/15/2009,STL,MO,ACE,CE,Towers with Radar,301,236,7,0,544,0,0,1,0,1,301,236,8,0,545,0,0,0,545
03/16/2009,STL,MO,ACE,CE,Towers with Radar,334,271,24,4,633,0,0,4,3,7,334,271,28,7,640,0,0,0,640
03/17/2009,STL,MO,ACE,CE,Towers with Radar,339,256,19,2,616,0,0,0,2,2,339,256,19,4,618,0,6,6,624
03/18/2009,STL,MO,ACE,CE,Towers with Radar,335,255,23,4,617,0,0,2,0,2,335,255,25,4,619,0,0,0,619
03/19/2009,STL,MO,ACE,CE,Towers with Radar,335,276,27,10,648,0,0,0,1,1,335,276,27,11,649,0,0,0,649
03/20/2009,STL,MO,ACE,CE,Towers with Radar,339,255,22,6,622,0,0,5,3,8,339,255,27,9,630,0,16,16,646
03/21/2009,STL,MO,ACE,CE,Towers with Radar,245,187,14,1,447,0,0,0,0,0,245,187,14,1,447,0,0,0,447
03/22/2009,STL,MO,ACE,CE,Towers with Radar,293,246,9,1,549,0,0,0,0,0,293,246,9,1,549,0,0,0,549
03/23/2009,STL,MO,ACE,CE,Towers with Radar,339,267,17,4,627,0,0,4,1,5,339,267,21,5,632,0,0,0,632
03/24/2009,STL,MO,ACE,CE,Towers with Radar,344,257,10,2,613,0,0,0,0,0,344,257,10,2,613,2,0,2,615
03/25/2009,STL,MO,ACE,CE,Towers with Radar,337,264,14,1,616,0,0,2,0,2,337,264,16,1,618,0,0,0,618
03/26/2009,STL,MO,ACE,CE,Towers with Radar,327,257,18,3,605,0,0,8,1,9,327,257,26,4,614,0,0,0,614
03/27/2009,STL,MO,ACE,CE,Towers with Radar,344,262,13,9,628,0,0,0,2,2,344,262,13,11,630,0,0,0,630
03/28/2009,STL,MO,ACE,CE,Towers with Radar,249,191,6,0,446,0,0,0,0,0,249,191,6,0,446,0,0,0,446
03/29/2009,STL,MO,ACE,CE,Towers with Radar,288,222,16,1,527,0,0,1,0,1,288,222,17,1,528,0,0,0,528
03/30/2009,STL,MO,ACE,CE,Towers with Radar,329,274,31,3,637,0,1,3,1,5,329,275,34,4,642,0,0,0,642
03/31/2009,STL,MO,ACE,CE,Towers with Radar,344,259,19,1,623,0,0,7,0,7,344,259,26,1,630,0,0,0,630
04/01/2009,STL,MO,ACE,CE,Towers with Radar,328,256,22,6,612,0,0,2,5,7,328,256,24,11,619,0,0,0,619
04/02/2009,STL,MO,ACE,CE,Towers with Radar,340,260,26,5,631,0,0,2,1,3,340,260,28,6,634,0,0,0,634
04/03/2009,STL,MO,ACE,CE,Towers with Radar,342,262,21,5,630,0,0,10,0,10,342,262,31,5,640,0,0,0,640
04/04/2009,STL,MO,ACE,CE,Towers with Radar,253,191,17,1,462,0,0,2,0,2,253,191,19,1,464,0,0,0,464
04/05/2009,STL,MO,ACE,CE,Towers with Radar,296,251,5,3,555,0,0,0,0,0,296,251,5,3,555,0,0,0,555
04/06/2009,STL,MO,ACE,CE,Towers with Radar,340,269,14,1,624,0,0,3,0,3,340,269,17,1,627,0,0,0,627
04/07/2009,STL,MO,ACE,CE,Towers with Radar,323,273,25,1,622,0,0,1,0,1,323,273,26,1,623,0,0,0,623
04/08/2009,STL,MO,ACE,CE,Towers with Radar,345,265,26,6,642,0,0,6,0,6,345,265,32,6,648,0,0,0,648
04/09/2009,STL,MO,ACE,CE,Towers with Radar,342,265,35,4,646,0,0,0,2,2,342,265,35,6,648,0,0,0,648
04/10/2009,STL,MO,ACE,CE,Towers with Radar,333,256,16,0,605,0,0,0,0,0,333,256,16,0,605,0,0,0,605
04/11/2009,STL,MO,ACE,CE,Towers with Radar,241,182,15,0,438,0,0,5,0,5,241,182,20,0,443,0,0,0,443
04/12/2009,STL,MO,ACE,CE,Towers with Radar,291,225,9,0,525,0,0,0,0,0,291,225,9,0,525,0,0,0,525
04/13/2009,STL,MO,ACE,CE,Towers with Radar,326,261,20,2,609,0,0,0,0,0,326,261,20,2,609,0,0,0,609
04/14/2009,STL,MO,ACE,CE,Towers with Radar,333,258,22,4,617,0,0,0,0,0,333,258,22,4,617,0,0,0,617
04/15/2009,STL,MO,ACE,CE,Towers with Radar,335,267,25,5,632,0,0,4,1,5,335,267,29,6,637,0,0,0,637
04/16/2009,STL,MO,ACE,CE,Towers with Radar,340,257,33,6,636,0,0,4,0,4,340,257,37,6,640,0,0,0,640
04/17/2009,STL,MO,ACE,CE,Towers with Radar,335,262,30,10,637,0,0,2,34,36,335,262,32,44,673,0,0,0,673
04/18/2009,STL,MO,ACE,CE,Towers with Radar,249,185,9,0,443,0,0,0,0,0,249,185,9,0,443,0,0,0,443
04/19/2009,STL,MO,ACE,CE,Towers with Radar,298,234,8,1,541,0,0,0,0,0,298,234,8,1,541,0,0,0,541
04/20/2009,STL,MO,ACE,CE,Towers with Radar,342,244,23,3,612,0,0,4,0,4,342,244,27,3,616,0,0,0,616
04/21/2009,STL,MO,ACE,CE,Towers with Radar,333,246,26,3,608,0,0,5,0,5,333,246,31,3,613,0,0,0,613
04/22/2009,STL,MO,ACE,CE,Towers with Radar,337,270,25,7,639,0,1,8,2,11,337,271,33,9,650,0,0,0,650
04/23/2009,STL,MO,ACE,CE,Towers with Radar,339,272,23,3,637,0,0,8,1,9,339,272,31,4,646,0,0,0,646
04/24/2009,STL,MO,ACE,CE,Towers with Radar,349,262,22,6,639,0,0,3,2,5,349,262,25,8,644,0,0,0,644
04/25/2009,STL,MO,ACE,CE,Towers with Radar,263,172,14,6,455,0,0,0,0,0,263,172,14,6,455,0,0,0,455
04/26/2009,STL,MO,ACE,CE,Towers with Radar,316,237,13,3,569,0,2,4,2,8,316,239,17,5,577,0,0,0,577
04/27/2009,STL,MO,ACE,CE,Towers with Radar,336,257,25,3,621,0,0,4,0,4,336,257,29,3,625,0,0,0,625
04/28/2009,STL,MO,ACE,CE,Towers with Radar,328,255,24,3,610,0,0,0,0,0,328,255,24,3,610,0,0,0,610
04/29/2009,STL,MO,ACE,CE,Towers with Radar,332,255,21,5,613,0,0,5,9,14,332,255,26,14,627,0,0,0,627
04/30/2009,STL,MO,ACE,CE,Towers with Radar,339,262,31,6,638,0,0,5,1,6,339,262,36,7,644,0,0,0,644
05/01/2009,STL,MO,ACE,CE,Towers with Radar,332,262,14,5,613,0,0,2,0,2,332,262,16,5,615,0,0,0,615
05/02/2009,STL,MO,ACE,CE,Towers with Radar,245,194,3,2,444,0,0,6,0,6,245,194,9,2,450,0,0,0,450
05/03/2009,STL,MO,ACE,CE,Towers with Radar,305,231,19,0,555,0,0,3,0,3,305,231,22,0,558,0,0,0,558
05/04/2009,STL,MO,ACE,CE,Towers with Radar,333,259,21,7,620,0,0,0,5,5,333,259,21,12,625,0,0,0,625
05/05/2009,STL,MO,ACE,CE,Towers with Radar,332,263,30,6,631,0,0,4,2,6,332,263,34,8,637,0,14,14,651
05/06/2009,STL,MO,ACE,CE,Towers with Radar,335,262,31,6,634,0,0,1,1,2,335,262,32,7,636,0,0,0,636
05/07/2009,STL,MO,ACE,CE,Towers with Radar,346,252,38,4,640,0,0,0,0,0,346,252,38,4,640,0,0,0,640
05/08/2009,STL,MO,ACE,CE,Towers with Radar,335,252,20,2,609,0,0,0,1,1,335,252,20,3,610,0,0,0,610
05/09/2009,STL,MO,ACE,CE,Towers with Radar,243,183,6,3,435,0,0,0,0,0,243,183,6,3,435,0,0,0,435
05/10/2009,STL,MO,ACE,CE,Towers with Radar,292,236,11,0,539,0,0,0,0,0,292,236,11,0,539,0,0,0,539
05/11/2009,STL,MO,ACE,CE,Towers with Radar,325,260,23,4,612,0,1,8,1,10,325,261,31,5,622,0,0,0,622
05/12/2009,STL,MO,ACE,CE,Towers with Radar,333,251,28,1,613,0,0,2,3,5,333,251,30,4,618,0,0,0,618
05/13/2009,STL,MO,ACE,CE,Towers with Radar,332,249,26,1,608,0,0,0,0,0,332,249,26,1,608,0,0,0,608
05/14/2009,STL,MO,ACE,CE,Towers with Radar,339,256,50,2,647,0,0,2,3,5,339,256,52,5,652,0,0,0,652
05/15/2009,STL,MO,ACE,CE,Towers with Radar,339,257,38,4,638,0,0,1,2,3,339,257,39,6,641,0,0,0,641
05/16/2009,STL,MO,ACE,CE,Towers with Radar,252,172,20,0,444,0,0,0,0,0,252,172,20,0,444,0,0,0,444
05/17/2009,STL,MO,ACE,CE,Towers with Radar,295,243,16,1,555,0,0,6,8,14,295,243,22,9,569,0,0,0,569
05/18/2009,STL,MO,ACE,CE,Towers with Radar,330,261,24,1,616,0,0,1,1,2,330,261,25,2,618,0,0,0,618
05/19/2009,STL,MO,ACE,CE,Towers with Radar,331,260,21,0,612,0,0,14,0,14,331,260,35,0,626,0,0,0,626
05/20/2009,STL,MO,ACE,CE,Towers with Radar,338,267,25,3,633,0,0,14,3,17,338,267,39,6,650,0,0,0,650
05/21/2009,STL,MO,ACE,CE,Towers with Radar,345,271,43,5,664,0,0,8,3,11,345,271,51,8,675,0,0,0,675
05/22/2009,STL,MO,ACE,CE,Towers with Radar,344,268,12,8,632,0,0,5,0,5,344,268,17,8,637,0,0,0,637
05/23/2009,STL,MO,ACE,CE,Towers with Radar,257,173,5,0,435,0,0,5,0,5,257,173,10,0,440,0,0,0,440
05/24/2009,STL,MO,ACE,CE,Towers with Radar,258,205,4,1,468,0,0,3,0,3,258,205,7,1,471,0,0,0,471
05/25/2009,STL,MO,ACE,CE,Towers with Radar,300,242,9,0,551,0,0,0,0,0,300,242,9,0,551,0,0,0,551
05/26/2009,STL,MO,ACE,CE,Towers with Radar,347,253,25,0,625,0,0,0,0,0,347,253,25,0,625,0,0,0,625
05/27/2009,STL,MO,ACE,CE,Towers with Radar,347,265,23,1,636,0,0,3,1,4,347,265,26,2,640,0,0,0,640
05/28/2009,STL,MO,ACE,CE,Towers with Radar,344,264,14,3,625,0,0,0,0,0,344,264,14,3,625,0,0,0,625
05/29/2009,STL,MO,ACE,CE,Towers with Radar,342,254,22,0,618,0,0,3,0,3,342,254,25,0,621,0,0,0,621
05/30/2009,STL,MO,ACE,CE,Towers with Radar,264,177,5,0,446,0,0,2,0,2,264,177,7,0,448,0,0,0,448
05/31/2009,STL,MO,ACE,CE,Towers with Radar,305,233,9,4,551,0,0,4,0,4,305,233,13,4,555,0,0,0,555
06/01/2009,STL,MO,ACE,CE,Towers with Radar,363,266,22,5,656,0,0,4,3,7,363,266,26,8,663,0,0,0,663
06/02/2009,STL,MO,ACE,CE,Towers with Radar,343,268,21,2,634,0,0,0,0,0,343,268,21,2,634,0,0,0,634
06/03/2009,STL,MO,ACE,CE,Towers with Radar,349,260,22,4,635,0,0,2,0,2,349,260,24,4,637,0,0,0,637
06/04/2009,STL,MO,ACE,CE,Towers with Radar,357,254,28,5,644,0,0,4,1,5,357,254,32,6,649,0,0,0,649
06/05/2009,STL,MO,ACE,CE,Towers with Radar,359,252,22,1,634,0,0,8,0,8,359,252,30,1,642,0,0,0,642
06/06/2009,STL,MO,ACE,CE,Towers with Radar,268,171,10,1,450,0,0,1,0,1,268,171,11,1,451,0,0,0,451
06/07/2009,STL,MO,ACE,CE,Towers with Radar,319,226,14,1,560,0,0,0,0,0,319,226,14,1,560,0,0,0,560
06/08/2009,STL,MO,ACE,CE,Towers with Radar,356,236,22,4,618,0,0,3,1,4,356,236,25,5,622,0,0,0,622
06/09/2009,STL,MO,ACE,CE,Towers with Radar,351,232,40,2,625,0,0,2,0,2,351,232,42,2,627,0,0,0,627
06/10/2009,STL,MO,ACE,CE,Towers with Radar,365,248,27,2,642,0,0,3,1,4,365,248,30,3,646,0,0,0,646
06/11/2009,STL,MO,ACE,CE,Towers with Radar,349,242,34,5,630,0,0,3,1,4,349,242,37,6,634,0,0,0,634
06/12/2009,STL,MO,ACE,CE,Towers with Radar,368,230,23,4,625,0,0,0,2,2,368,230,23,6,627,0,0,0,627
06/13/2009,STL,MO,ACE,CE,Towers with Radar,275,171,9,1,456,0,0,5,0,5,275,171,14,1,461,0,0,0,461
06/14/2009,STL,MO,ACE,CE,Towers with Radar,318,215,25,0,558,0,0,8,0,8,318,215,33,0,566,0,0,0,566
06/15/2009,STL,MO,ACE,CE,Towers with Radar,362,233,19,2,616,0,0,1,0,1,362,233,20,2,617,0,0,0,617
06/16/2009,STL,MO,ACE,CE,Towers with Radar,360,234,24,1,619,0,0,0,2,2,360,234,24,3,621,0,0,0,621
06/17/2009,STL,MO,ACE,CE,Towers with Radar,365,244,25,3,637,0,0,8,2,10,365,244,33,5,647,0,0,0,647
06/18/2009,STL,MO,ACE,CE,Towers with Radar,358,229,27,6,620,0,0,6,2,8,358,229,33,8,628,0,0,0,628
06/19/2009,STL,MO,ACE,CE,Towers with Radar,380,234,24,2,640,0,0,2,0,2,380,234,26,2,642,0,0,0,642
06/20/2009,STL,MO,ACE,CE,Towers with Radar,283,167,11,0,461,0,0,1,0,1,283,167,12,0,462,0,0,0,462
06/21/2009,STL,MO,ACE,CE,Towers with Radar,324,212,7,1,544,0,0,0,0,0,324,212,7,1,544,0,0,0,544
06/22/2009,STL,MO,ACE,CE,Towers with Radar,353,238,19,2,612,0,2,2,1,5,353,240,21,3,617,0,0,0,617
06/23/2009,STL,MO,ACE,CE,Towers with Radar,360,247,37,1,645,0,2,0,1,3,360,249,37,2,648,0,0,0,648
06/24/2009,STL,MO,ACE,CE,Towers with Radar,377,238,25,2,642,0,0,0,1,1,377,238,25,3,643,0,0,0,643
06/25/2009,STL,MO,ACE,CE,Towers with Radar,363,241,29,3,636,0,0,7,1,8,363,241,36,4,644,0,0,0,644
06/26/2009,STL,MO,ACE,CE,Towers with Radar,360,236,27,7,630,0,0,0,1,1,360,236,27,8,631,0,0,0,631
06/27/2009,STL,MO,ACE,CE,Towers with Radar,272,179,7,0,458,0,0,3,0,3,272,179,10,0,461,0,0,0,461
06/28/2009,STL,MO,ACE,CE,Towers with Radar,327,218,7,5,557,0,0,2,1,3,327,218,9,6,560,0,0,0,560
06/29/2009,STL,MO,ACE,CE,Towers with Radar,355,228,17,6,606,0,0,2,1,3,355,228,19,7,609,0,0,0,609
06/30/2009,STL,MO,ACE,CE,Towers with Radar,346,211,26,0,583,0,0,12,0,12,346,211,38,0,595,0,0,0,595
07/01/2009,STL,MO,ACE,CE,Towers with Radar,358,247,30,1,636,0,0,4,2,6,358,247,34,3,642,0,0,0,642
07/02/2009,STL,MO,ACE,CE,Towers with Radar,357,236,24,3,620,0,0,3,1,4,357,236,27,4,624,0,0,0,624
07/03/2009,STL,MO,ACE,CE,Towers with Radar,340,196,6,0,542,0,0,2,0,2,340,196,8,0,544,0,0,0,544
07/04/2009,STL,MO,ACE,CE,Towers with Radar,228,122,5,0,355,0,0,0,0,0,228,122,5,0,355,0,0,0,355
07/05/2009,STL,MO,ACE,CE,Towers with Radar,312,212,12,2,538,0,0,0,0,0,312,212,12,2,538,0,0,0,538
07/06/2009,STL,MO,ACE,CE,Towers with Radar,358,233,18,1,610,0,2,2,0,4,358,235,20,1,614,0,0,0,614
07/07/2009,STL,MO,ACE,CE,Towers with Radar,353,234,34,1,622,0,0,2,1,3,353,234,36,2,625,0,0,0,625
07/08/2009,STL,MO,ACE,CE,Towers with Radar,357,240,21,5,623,0,0,3,0,3,357,240,24,5,626,0,0,0,626
07/09/2009,STL,MO,ACE,CE,Towers with Radar,355,240,27,2,624,0,0,0,0,0,355,240,27,2,624,0,0,0,624
07/10/2009,STL,MO,ACE,CE,Towers with Radar,358,247,18,4,627,0,0,5,2,7,358,247,23,6,634,0,0,0,634
07/11/2009,STL,MO,ACE,CE,Towers with Radar,278,168,9,1,456,0,0,2,2,4,278,168,11,3,460,0,0,0,460
07/12/2009,STL,MO,ACE,CE,Towers with Radar,323,224,25,1,573,0,0,0,0,0,323,224,25,1,573,0,0,0,573
07/13/2009,STL,MO,ACE,CE,Towers with Radar,358,232,23,6,619,0,0,8,4,12,358,232,31,10,631,0,10,10,641
07/14/2009,STL,MO,ACE,CE,Towers with Radar,359,248,26,3,636,0,0,2,0,2,359,248,28,3,638,0,0,0,638
07/15/2009,STL,MO,ACE,CE,Towers with Radar,360,274,46,9,689,0,0,0,0,0,360,274,46,9,689,0,0,0,689
07/16/2009,STL,MO,ACE,CE,Towers with Radar,352,243,36,0,631,0,0,5,0,5,352,243,41,0,636,0,0,0,636
07/17/2009,STL,MO,ACE,CE,Towers with Radar,356,234,33,2,625,0,0,9,1,10,356,234,42,3,635,0,0,0,635
07/18/2009,STL,MO,ACE,CE,Towers with Radar,265,181,9,4,459,0,0,2,0,2,265,181,11,4,461,0,0,0,461
07/19/2009,STL,MO,ACE,CE,Towers with Radar,318,214,13,2,547,0,0,2,0,2,318,214,15,2,549,0,0,0,549
07/20/2009,STL,MO,ACE,CE,Towers with Radar,348,245,27,6,626,0,0,2,5,7,348,245,29,11,633,0,0,0,633
07/21/2009,STL,MO,ACE,CE,Towers with Radar,353,246,21,5,625,0,0,0,2,2,353,246,21,7,627,0,0,0,627
07/22/2009,STL,MO,ACE,CE,Towers with Radar,362,240,29,1,632,0,2,8,0,10,362,242,37,1,642,0,0,0,642
07/23/2009,STL,MO,ACE,CE,Towers with Radar,355,242,22,9,628,0,0,0,0,0,355,242,22,9,628,0,0,0,628
07/24/2009,STL,MO,ACE,CE,Towers with Radar,365,250,32,2,649,0,0,7,0,7,365,250,39,2,656,0,0,0,656
07/25/2009,STL,MO,ACE,CE,Towers with Radar,270,184,6,5,465,0,0,2,9,11,270,184,8,14,476,0,18,18,494
07/26/2009,STL,MO,ACE,CE,Towers with Radar,325,214,21,0,560,0,0,5,0,5,325,214,26,0,565,0,0,0,565
07/27/2009,STL,MO,ACE,CE,Towers with Radar,354,239,26,3,622,0,2,0,1,3,354,241,26,4,625,0,0,0,625
07/28/2009,STL,MO,ACE,CE,Towers with Radar,354,244,26,3,627,0,0,1,0,1,354,244,27,3,628,0,0,0,628
07/29/2009,STL,MO,ACE,CE,Towers with Radar,363,238,22,1,624,0,0,9,1,10,363,238,31,2,634,0,0,0,634
07/30/2009,STL,MO,ACE,CE,Towers with Radar,365,241,23,0,629,0,0,3,0,3,365,241,26,0,632,0,0,0,632
07/31/2009,STL,MO,ACE,CE,Towers with Radar,360,230,23,7,620,0,0,3,1,4,360,230,26,8,624,0,0,0,624
08/01/2009,STL,MO,ACE,CE,Towers with Radar,266,176,6,3,451,0,0,1,0,1,266,176,7,3,452,0,0,0,452
08/02/2009,STL,MO,ACE,CE,Towers with Radar,318,205,13,1,537,0,0,3,0,3,318,205,16,1,540,0,0,0,540
08/03/2009,STL,MO,ACE,CE,Towers with Radar,364,243,14,4,625,0,0,3,2,5,364,243,17,6,630,0,0,0,630
08/04/2009,STL,MO,ACE,CE,Towers with Radar,369,239,36,6,650,0,0,2,3,5,369,239,38,9,655,0,0,0,655
08/05/2009,STL,MO,ACE,CE,Towers with Radar,360,242,23,11,636,0,0,6,0,6,360,242,29,11,642,0,0,0,642
08/06/2009,STL,MO,ACE,CE,Towers with Radar,359,237,22,3,621,0,0,3,2,5,359,237,25,5,626,0,0,0,626
08/07/2009,STL,MO,ACE,CE,Towers with Radar,362,237,19,3,621,0,0,2,1,3,362,237,21,4,624,0,0,0,624
08/08/2009,STL,MO,ACE,CE,Towers with Radar,273,172,17,4,466,0,0,2,2,4,273,172,19,6,470,0,0,0,470
08/09/2009,STL,MO,ACE,CE,Towers with Radar,327,211,17,5,560,0,0,18,0,18,327,211,35,5,578,0,0,0,578
08/10/2009,STL,MO,ACE,CE,Towers with Radar,353,246,14,4,617,0,0,1,1,2,353,246,15,5,619,0,0,0,619
08/11/2009,STL,MO,ACE,CE,Towers with Radar,352,235,20,4,611,0,0,5,0,5,352,235,25,4,616,0,0,0,616
08/12/2009,STL,MO,ACE,CE,Towers with Radar,356,236,26,4,622,0,0,0,2,2,356,236,26,6,624,0,0,0,624
08/13/2009,STL,MO,ACE,CE,Towers with Radar,357,240,44,5,646,0,0,16,1,17,357,240,60,6,663,0,0,0,663
08/14/2009,STL,MO,ACE,CE,Towers with Radar,361,233,26,5,625,0,0,5,4,9,361,233,31,9,634,0,0,0,634
08/15/2009,STL,MO,ACE,CE,Towers with Radar,278,179,8,2,467,0,0,2,0,2,278,179,10,2,469,0,0,0,469
08/16/2009,STL,MO,ACE,CE,Towers with Radar,306,205,18,1,530,0,0,5,1,6,306,205,23,2,536,0,0,0,536
08/17/2009,STL,MO,ACE,CE,Towers with Radar,347,227,15,1,590,0,0,4,1,5,347,227,19,2,595,0,0,0,595
08/18/2009,STL,MO,ACE,CE,Towers with Radar,351,230,28,4,613,0,0,0,1,1,351,230,28,5,614,0,0,0,614
08/19/2009,STL,MO,ACE,CE,Towers with Radar,359,235,21,0,615,0,0,0,0,0,359,235,21,0,615,0,0,0,615
08/20/2009,STL,MO,ACE,CE,Towers with Radar,360,239,23,5,627,0,1,0,0,1,360,240,23,5,628,0,0,0,628
08/21/2009,STL,MO,ACE,CE,Towers with Radar,350,228,25,8,611,0,0,2,3,5,350,228,27,11,616,0,0,0,616
08/22/2009,STL,MO,ACE,CE,Towers with Radar,269,163,7,1,440,0,0,5,1,6,269,163,12,2,446,0,0,0,446
08/23/2009,STL,MO,ACE,CE,Towers with Radar,311,215,6,4,536,0,0,5,0,5,311,215,11,4,541,0,0,0,541
08/24/2009,STL,MO,ACE,CE,Towers with Radar,348,229,20,10,607,0,0,2,5,7,348,229,22,15,614,0,0,0,614
08/25/2009,STL,MO,ACE,CE,Towers with Radar,351,221,26,6,604,0,0,8,2,10,351,221,34,8,614,0,0,0,614
08/26/2009,STL,MO,ACE,CE,Towers with Radar,354,221,33,5,613,0,0,5,2,7,354,221,38,7,620,0,0,0,620
08/27/2009,STL,MO,ACE,CE,Towers with Radar,352,212,27,4,595,0,0,4,5,9,352,212,31,9,604,0,0,0,604
08/28/2009,STL,MO,ACE,CE,Towers with Radar,369,211,22,1,603,0,0,1,0,1,369,211,23,1,604,0,0,0,604
08/29/2009,STL,MO,ACE,CE,Towers with Radar,259,157,7,5,428,0,0,3,0,3,259,157,10,5,431,0,0,0,431
08/30/2009,STL,MO,ACE,CE,Towers with Radar,304,198,11,1,514,0,0,1,0,1,304,198,12,1,515,0,0,0,515
08/31/2009,STL,MO,ACE,CE,Towers with Radar,351,222,20,0,593,0,0,2,0,2,351,222,22,0,595,0,0,0,595
09/01/2009,STL,MO,ACE,CE,Towers with Radar,338,208,22,7,575,2,0,8,0,10,340,208,30,7,585,0,0,0,585
09/02/2009,STL,MO,ACE,CE,Towers with Radar,352,216,42,1,611,0,0,8,2,10,352,216,50,3,621,0,0,0,621
09/03/2009,STL,MO,ACE,CE,Towers with Radar,354,211,23,4,592,0,0,1,1,2,354,211,24,5,594,0,0,0,594
09/04/2009,STL,MO,ACE,CE,Towers with Radar,358,213,27,1,599,0,0,6,2,8,358,213,33,3,607,0,0,0,607
09/05/2009,STL,MO,ACE,CE,Towers with Radar,249,133,6,0,388,0,0,0,0,0,249,133,6,0,388,0,0,0,388
09/06/2009,STL,MO,ACE,CE,Towers with Radar,227,138,11,0,376,0,0,0,0,0,227,138,11,0,376,0,0,0,376
09/07/2009,STL,MO,ACE,CE,Towers with Radar,316,179,9,3,507,0,0,3,0,3,316,179,12,3,510,0,0,0,510
09/08/2009,STL,MO,ACE,CE,Towers with Radar,343,227,17,5,592,0,0,2,1,3,343,227,19,6,595,0,0,0,595
09/09/2009,STL,MO,ACE,CE,Towers with Radar,349,213,45,2,609,0,0,1,2,3,349,213,46,4,612,0,16,16,628
09/10/2009,STL,MO,ACE,CE,Towers with Radar,351,221,36,1,609,0,0,5,0,5,351,221,41,1,614,0,0,0,614
09/11/2009,STL,MO,ACE,CE,Towers with Radar,351,194,25,0,570,0,0,5,0,5,351,194,30,0,575,0,0,0,575
09/12/2009,STL,MO,ACE,CE,Towers with Radar,259,136,15,5,415,0,0,2,1,3,259,136,17,6,418,0,0,0,418
09/13/2009,STL,MO,ACE,CE,Towers with Radar,310,176,19,7,512,0,0,1,0,1,310,176,20,7,513,0,0,0,513
09/14/2009,STL,MO,ACE,CE,Towers with Radar,346,203,16,5,570,0,0,4,0,4,346,203,20,5,574,0,0,0,574
09/15/2009,STL,MO,ACE,CE,Towers with Radar,343,213,28,13,597,0,0,0,1,1,343,213,28,14,598,0,0,0,598
09/16/2009,STL,MO,ACE,CE,Towers with Radar,352,211,40,4,607,0,0,2,1,3,352,211,42,5,610,0,0,0,610
09/17/2009,STL,MO,ACE,CE,Towers with Radar,353,225,19,3,600,0,0,6,1,7,353,225,25,4,607,0,0,0,607
09/18/2009,STL,MO,ACE,CE,Towers with Radar,359,206,24,7,596,0,0,3,2,5,359,206,27,9,601,0,0,0,601
09/19/2009,STL,MO,ACE,CE,Towers with Radar,255,166,12,0,433,0,0,6,2,8,255,166,18,2,441,0,0,0,441
09/20/2009,STL,MO,ACE,CE,Towers with Radar,309,187,14,1,511,0,0,1,0,1,309,187,15,1,512,0,0,0,512
09/21/2009,STL,MO,ACE,CE,Towers with Radar,344,205,25,0,574,0,0,3,0,3,344,205,28,0,577,0,0,0,577
09/22/2009,STL,MO,ACE,CE,Towers with Radar,342,196,26,2,566,0,0,6,0,6,342,196,32,2,572,0,0,0,572
09/23/2009,STL,MO,ACE,CE,Towers with Radar,348,204,31,0,583,0,0,6,0,6,348,204,37,0,589,0,0,0,589
09/24/2009,STL,MO,ACE,CE,Towers with Radar,349,227,29,0,605,0,0,16,0,16,349,227,45,0,621,0,0,0,621
09/25/2009,STL,MO,ACE,CE,Towers with Radar,348,221,26,8,603,0,0,2,3,5,348,221,28,11,608,0,0,0,608
09/26/2009,STL,MO,ACE,CE,Towers with Radar,260,156,16,0,432,0,0,3,0,3,260,156,19,0,435,0,0,0,435
09/27/2009,STL,MO,ACE,CE,Towers with Radar,307,188,14,4,513,0,0,6,3,9,307,188,20,7,522,0,0,0,522
09/28/2009,STL,MO,ACE,CE,Towers with Radar,341,209,22,4,576,0,0,2,0,2,341,209,24,4,578,0,0,0,578
09/29/2009,STL,MO,ACE,CE,Towers with Radar,343,205,33,1,582,0,0,0,0,0,343,205,33,1,582,0,0,0,582
09/30/2009,STL,MO,ACE,CE,Towers with Radar,351,203,30,2,586,0,0,16,0,16,351,203,46,2,602,0,0,0,602
10/01/2009,STL,MO,ACE,CE,Towers with Radar,344,207,34,3,588,0,0,1,1,2,344,207,35,4,590,0,0,0,590
10/02/2009,STL,MO,ACE,CE,Towers with Radar,354,212,28,0,594,0,0,6,0,6,354,212,34,0,600,0,0,0,600
10/03/2009,STL,MO,ACE,CE,Towers with Radar,254,152,10,0,416,0,0,1,0,1,254,152,11,0,417,0,0,0,417
10/04/2009,STL,MO,ACE,CE,Towers with Radar,314,195,14,0,523,0,0,4,0,4,314,195,18,0,527,0,0,0,527
10/05/2009,STL,MO,ACE,CE,Towers with Radar,345,208,26,4,583,0,0,7,1,8,345,208,33,5,591,0,0,0,591
10/06/2009,STL,MO,ACE,CE,Towers with Radar,333,192,35,3,563,0,0,0,0,0,333,192,35,3,563,0,0,0,563
10/07/2009,STL,MO,ACE,CE,Towers with Radar,346,212,43,1,602,0,0,7,0,7,346,212,50,1,609,0,0,0,609
10/08/2009,STL,MO,ACE,CE,Towers with Radar,351,212,26,0,589,0,0,0,0,0,351,212,26,0,589,0,0,0,589
10/09/2009,STL,MO,ACE,CE,Towers with Radar,359,212,14,2,587,0,0,0,0,0,359,212,14,2,587,0,0,0,587
10/10/2009,STL,MO,ACE,CE,Towers with Radar,262,145,7,0,414,0,0,3,0,3,262,145,10,0,417,0,0,0,417
10/11/2009,STL,MO,ACE,CE,Towers with Radar,306,186,9,0,501,0,0,2,0,2,306,186,11,0,503,0,0,0,503
10/12/2009,STL,MO,ACE,CE,Towers with Radar,344,214,28,1,587,0,0,10,0,10,344,214,38,1,597,0,0,0,597
10/13/2009,STL,MO,ACE,CE,Towers with Radar,341,201,24,1,567,0,0,0,0,0,341,201,24,1,567,0,0,0,567
10/14/2009,STL,MO,ACE,CE,Towers with Radar,350,202,34,4,590,0,0,0,0,0,350,202,34,4,590,0,0,0,590
10/15/2009,STL,MO,ACE,CE,Towers with Radar,339,216,27,4,586,0,0,0,0,0,339,216,27,4,586,0,0,0,586
10/16/2009,STL,MO,ACE,CE,Towers with Radar,352,224,29,0,605,0,0,2,0,2,352,224,31,0,607,10,0,10,617
10/17/2009,STL,MO,ACE,CE,Towers with Radar,250,154,8,1,413,0,0,4,0,4,250,154,12,1,417,0,0,0,417
10/18/2009,STL,MO,ACE,CE,Towers with Radar,305,185,19,0,509,0,0,0,0,0,305,185,19,0,509,0,0,0,509
10/19/2009,STL,MO,ACE,CE,Towers with Radar,342,220,24,11,597,0,0,1,3,4,342,220,25,14,601,0,0,0,601
10/20/2009,STL,MO,ACE,CE,Towers with Radar,341,204,45,10,600,0,0,1,1,2,341,204,46,11,602,0,0,0,602
10/21/2009,STL,MO,ACE,CE,Towers with Radar,344,205,25,3,577,0,0,4,1,5,344,205,29,4,582,0,0,0,582
10/22/2009,STL,MO,ACE,CE,Towers with Radar,341,224,35,3,603,0,0,2,0,2,341,224,37,3,605,0,0,0,605
10/23/2009,STL,MO,ACE,CE,Towers with Radar,350,212,21,2,585,0,0,0,0,0,350,212,21,2,585,0,0,0,585
10/24/2009,STL,MO,ACE,CE,Towers with Radar,248,155,20,1,424,0,0,5,0,5,248,155,25,1,429,0,0,0,429
10/25/2009,STL,MO,ACE,CE,Towers with Radar,302,198,22,0,522,0,0,3,0,3,302,198,25,0,525,0,0,0,525
10/26/2009,STL,MO,ACE,CE,Towers with Radar,348,209,39,5,601,0,0,1,0,1,348,209,40,5,602,0,0,0,602
10/27/2009,STL,MO,ACE,CE,Towers with Radar,343,197,29,0,569,0,0,0,0,0,343,197,29,0,569,0,0,0,569
10/28/2009,STL,MO,ACE,CE,Towers with Radar,339,215,41,5,600,0,0,3,2,5,339,215,44,7,605,0,0,0,605
10/29/2009,STL,MO,ACE,CE,Towers with Radar,336,209,22,4,571,0,0,0,0,0,336,209,22,4,571,0,0,0,571
10/30/2009,STL,MO,ACE,CE,Towers with Radar,350,212,16,4,582,0,0,0,1,1,350,212,16,5,583,0,0,0,583
10/31/2009,STL,MO,ACE,CE,Towers with Radar,245,140,6,5,396,0,0,4,10,14,245,140,10,15,410,0,18,18,428
11/01/2009,STL,MO,ACE,CE,Towers with Radar,301,188,12,4,505,0,0,3,3,6,301,188,15,7,511,0,6,6,517
11/02/2009,STL,MO,ACE,CE,Towers with Radar,345,213,30,2,590,0,0,1,1,2,345,213,31,3,592,0,0,0,592
11/03/2009,STL,MO,ACE,CE,Towers with Radar,335,210,30,4,579,0,0,14,3,17,335,210,44,7,596,0,0,0,596
11/04/2009,STL,MO,ACE,CE,Towers with Radar,347,216,30,5,598,0,0,1,6,7,347,216,31,11,605,0,10,10,615
11/05/2009,STL,MO,ACE,CE,Towers with Radar,351,210,35,3,599,0,0,8,0,8,351,210,43,3,607,0,0,0,607
11/06/2009,STL,MO,ACE,CE,Towers with Radar,351,217,30,6,604,0,0,1,6,7,351,217,31,12,611,0,0,0,611
11/07/2009,STL,MO,ACE,CE,Towers with Radar,247,157,12,4,420,0,1,2,0,3,247,158,14,4,423,0,0,0,423
11/08/2009,STL,MO,ACE,CE,Towers with Radar,302,203,8,0,513,0,4,16,2,22,302,207,24,2,535,14,0,14,549
11/09/2009,STL,MO,ACE,CE,Towers with Radar,347,234,28,1,610,0,5,0,0,5,347,239,28,1,615,0,0,0,615
11/10/2009,STL,MO,ACE,CE,Towers with Radar,334,227,24,0,585,0,0,2,0,2,334,227,26,0,587,0,0,0,587
11/11/2009,STL,MO,ACE,CE,Towers with Radar,347,224,23,1,595,0,4,11,1,16,347,228,34,2,611,0,0,0,611
11/12/2009,STL,MO,ACE,CE,Towers with Radar,348,231,40,5,624,0,2,9,1,12,348,233,49,6,636,0,0,0,636
11/13/2009,STL,MO,ACE,CE,Towers with Radar,351,216,21,13,601,0,3,8,4,15,351,219,29,17,616,0,29,29,645
11/14/2009,STL,MO,ACE,CE,Towers with Radar,253,155,9,0,417,0,2,2,0,4,253,157,11,0,421,0,0,0,421
11/15/2009,STL,MO,ACE,CE,Towers with Radar,305,198,15,2,520,0,0,0,0,0,305,198,15,2,520,0,0,0,520
11/16/2009,STL,MO,ACE,CE,Towers with Radar,342,235,20,0,597,0,0,0,0,0,342,235,20,0,597,0,0,0,597
11/17/2009,STL,MO,ACE,CE,Towers with Radar,337,227,42,4,610,0,0,0,0,0,337,227,42,4,610,0,0,0,610
11/18/2009,STL,MO,ACE,CE,Towers with Radar,344,222,40,4,610,0,0,1,0,1,344,222,41,4,611,0,0,0,611
11/19/2009,STL,MO,ACE,CE,Towers with Radar,329,208,39,7,583,0,0,2,0,2,329,208,41,7,585,0,0,0,585
11/20/2009,STL,MO,ACE,CE,Towers with Radar,334,223,35,4,596,0,1,8,0,9,334,224,43,4,605,0,0,0,605
11/21/2009,STL,MO,ACE,CE,Towers with Radar,240,150,10,0,400,0,0,4,0,4,240,150,14,0,404,0,0,0,404
11/22/2009,STL,MO,ACE,CE,Towers with Radar,282,192,11,8,493,0,1,1,2,4,282,193,12,10,497,0,0,0,497
11/23/2009,STL,MO,ACE,CE,Towers with Radar,319,207,22,0,548,0,4,1,0,5,319,211,23,0,553,0,0,0,553
11/24/2009,STL,MO,ACE,CE,Towers with Radar,335,221,21,4,581,0,0,0,1,1,335,221,21,5,582,0,0,0,582
11/25/2009,STL,MO,ACE,CE,Towers with Radar,338,225,16,6,585,0,1,2,1,4,338,226,18,7,589,0,0,0,589
11/26/2009,STL,MO,ACE,CE,Towers with Radar,194,144,4,0,342,0,0,0,0,0,194,144,4,0,342,0,0,0,342
11/27/2009,STL,MO,ACE,CE,Towers with Radar,252,161,19,0,432,0,7,5,0,12,252,168,24,0,444,0,0,0,444
11/28/2009,STL,MO,ACE,CE,Towers with Radar,273,167,8,0,448,0,0,5,0,5,273,167,13,0,453,0,0,0,453
11/29/2009,STL,MO,ACE,CE,Towers with Radar,325,211,28,0,564,0,0,1,0,1,325,211,29,0,565,0,0,0,565
11/30/2009,STL,MO,ACE,CE,Towers with Radar,327,230,19,0,576,0,5,5,0,10,327,235,24,0,586,0,0,0,586
12/01/2009,STL,MO,ACE,CE,Towers with Radar,325,216,37,2,580,0,6,18,0,24,325,222,55,2,604,0,0,0,604
12/02/2009,STL,MO,ACE,CE,Towers with Radar,327,227,24,3,581,0,3,4,0,7,327,230,28,3,588,0,0,0,588
12/03/2009,STL,MO,ACE,CE,Towers with Radar,330,211,23,12,576,0,2,9,1,12,330,213,32,13,588,0,0,0,588
12/04/2009,STL,MO,ACE,CE,Towers with Radar,322,209,17,5,553,0,2,3,0,5,322,211,20,5,558,0,0,0,558
12/05/2009,STL,MO,ACE,CE,Towers with Radar,229,150,10,0,389,0,2,1,0,3,229,152,11,0,392,0,0,0,392
12/06/2009,STL,MO,ACE,CE,Towers with Radar,287,193,5,1,486,0,3,4,0,7,287,196,9,1,493,0,0,0,493
12/07/2009,STL,MO,ACE,CE,Towers with Radar,324,222,32,2,580,0,0,0,0,0,324,222,32,2,580,0,0,0,580
12/08/2009,STL,MO,ACE,CE,Towers with Radar,309,211,33,0,553,0,1,0,0,1,309,212,33,0,554,0,0,0,554
12/09/2009,STL,MO,ACE,CE,Towers with Radar,329,210,19,3,561,0,0,2,0,2,329,210,21,3,563,0,0,0,563
12/10/2009,STL,MO,ACE,CE,Towers with Radar,327,224,42,17,610,0,5,0,5,10,327,229,42,22,620,0,0,0,620
12/11/2009,STL,MO,ACE,CE,Towers with Radar,331,234,23,7,595,0,4,0,2,6,331,238,23,9,601,0,0,0,601
12/12/2009,STL,MO,ACE,CE,Towers with Radar,230,158,9,8,405,0,0,2,3,5,230,158,11,11,410,0,0,0,410
12/13/2009,STL,MO,ACE,CE,Towers with Radar,285,199,12,0,496,0,0,0,0,0,285,199,12,0,496,0,0,0,496
12/14/2009,STL,MO,ACE,CE,Towers with Radar,321,230,25,10,586,0,0,0,3,3,321,230,25,13,589,0,0,0,589
12/15/2009,STL,MO,ACE,CE,Towers with Radar,321,209,47,10,587,0,5,1,1,7,321,214,48,11,594,0,0,0,594
12/16/2009,STL,MO,ACE,CE,Towers with Radar,334,235,35,0,604,0,3,1,3,7,334,238,36,3,611,0,0,0,611
12/17/2009,STL,MO,ACE,CE,Towers with Radar,319,222,36,4,581,0,7,5,2,14,319,229,41,6,595,0,0,0,595
12/18/2009,STL,MO,ACE,CE,Towers with Radar,328,231,26,4,589,0,3,0,2,5,328,234,26,6,594,0,0,0,594
12/19/2009,STL,MO,ACE,CE,Towers with Radar,230,148,10,2,390,0,0,0,0,0,230,148,10,2,390,0,0,0,390
12/20/2009,STL,MO,ACE,CE,Towers with Radar,262,175,9,3,449,0,0,0,0,0,262,175,9,3,449,0,0,0,449
12/21/2009,STL,MO,ACE,CE,Towers with Radar,320,232,8,2,562,0,2,0,0,2,320,234,8,2,564,0,0,0,564
12/22/2009,STL,MO,ACE,CE,Towers with Radar,321,222,16,0,559,0,0,0,0,0,321,222,16,0,559,0,0,0,559
12/23/2009,STL,MO,ACE,CE,Towers with Radar,311,217,6,0,534,0,0,0,0,0,311,217,6,0,534,0,0,0,534
12/24/2009,STL,MO,ACE,CE,Towers with Radar,267,161,7,0,435,0,0,0,0,0,267,161,7,0,435,0,0,0,435
12/25/2009,STL,MO,ACE,CE,Towers with Radar,233,130,1,0,364,0,0,0,0,0,233,130,1,0,364,0,0,0,364
12/26/2009,STL,MO,ACE,CE,Towers with Radar,262,161,11,3,437,0,0,0,0,0,262,161,11,3,437,0,0,0,437
12/27/2009,STL,MO,ACE,CE,Towers with Radar,306,195,10,2,513,0,0,0,0,0,306,195,10,2,513,0,0,0,513
12/28/2009,STL,MO,ACE,CE,Towers with Radar,322,216,8,2,548,0,1,0,0,1,322,217,8,2,549,0,0,0,549
12/29/2009,STL,MO,ACE,CE,Towers with Radar,316,215,11,0,542,0,3,2,0,5,316,218,13,0,547,0,0,0,547
12/30/2009,STL,MO,ACE,CE,Towers with Radar,330,225,7,0,562,0,0,0,0,0,330,225,7,0,562,0,0,0,562
12/31/2009,STL,MO,ACE,CE,Towers with Radar,237,172,8,0,417,0,2,0,0,2,237,174,8,0,419,0,0,0,419
01/01/2010,STL,MO,ACE,CE,Towers with Radar,231,178,5,0,414,0,2,0,0,2,231,180,5,0,416,0,0,0,416
01/02/2010,STL,MO,ACE,CE,Towers with Radar,264,170,10,0,444,0,0,0,0,0,264,170,10,0,444,0,0,0,444
01/03/2010,STL,MO,ACE,CE,Towers with Radar,294,196,11,0,501,0,6,6,0,12,294,202,17,0,513,0,0,0,513
01/04/2010,STL,MO,ACE,CE,Towers with Radar,319,201,17,0,537,0,8,2,0,10,319,209,19,0,547,0,0,0,547
01/05/2010,STL,MO,ACE,CE,Towers with Radar,315,192,17,0,524,0,10,7,0,17,315,202,24,0,541,0,0,0,541
01/06/2010,STL,MO,ACE,CE,Towers with Radar,319,205,14,1,539,0,4,2,1,7,319,209,16,2,546,0,0,0,546
01/07/2010,STL,MO,ACE,CE,Towers with Radar,294,203,11,0,508,0,0,0,0,0,294,203,11,0,508,0,0,0,508
01/08/2010,STL,MO,ACE,CE,Towers with Radar,326,210,14,0,550,0,0,2,0,2,326,210,16,0,552,0,0,0,552
01/09/2010,STL,MO,ACE,CE,Towers with Radar,235,140,12,0,387,0,0,2,0,2,235,140,14,0,389,0,0,0,389
01/10/2010,STL,MO,ACE,CE,Towers with Radar,279,177,13,0,469,0,1,2,0,3,279,178,15,0,472,0,0,0,472
01/11/2010,STL,MO,ACE,CE,Towers with Radar,323,211,16,0,550,0,2,0,0,2,323,213,16,0,552,0,0,0,552
01/12/2010,STL,MO,ACE,CE,Towers with Radar,315,206,28,8,557,0,4,6,2,12,315,210,34,10,569,0,0,0,569
01/13/2010,STL,MO,ACE,CE,Towers with Radar,327,217,25,5,574,0,6,6,1,13,327,223,31,6,587,0,0,0,587
01/14/2010,STL,MO,ACE,CE,Towers with Radar,323,220,17,5,565,0,0,4,0,4,323,220,21,5,569,0,0,0,569
01/15/2010,STL,MO,ACE,CE,Towers with Radar,334,214,21,1,570,0,0,0,0,0,334,214,21,1,570,0,0,0,570
01/16/2010,STL,MO,ACE,CE,Towers with Radar,215,126,8,0,349,0,0,0,0,0,215,126,8,0,349,0,0,0,349
01/17/2010,STL,MO,ACE,CE,Towers with Radar,280,180,13,0,473,0,0,0,0,0,280,180,13,0,473,0,0,0,473
01/18/2010,STL,MO,ACE,CE,Towers with Radar,314,210,16,0,540,0,0,3,0,3,314,210,19,0,543,0,0,0,543
01/19/2010,STL,MO,ACE,CE,Towers with Radar,320,193,23,0,536,0,0,0,0,0,320,193,23,0,536,0,0,0,536
01/20/2010,STL,MO,ACE,CE,Towers with Radar,316,126,8,0,450,0,0,0,0,0,316,126,8,0,450,0,0,0,450
01/21/2010,STL,MO,ACE,CE,Towers with Radar,321,213,21,0,555,0,0,0,0,0,321,213,21,0,555,0,0,0,555
01/22/2010,STL,MO,ACE,CE,Towers with Radar,330,214,12,0,556,0,0,0,0,0,330,214,12,0,556,0,0,0,556
01/23/2010,STL,MO,ACE,CE,Towers with Radar,214,140,8,0,362,0,0,0,0,0,214,140,8,0,362,0,0,0,362
01/24/2010,STL,MO,ACE,CE,Towers with Radar,273,180,12,4,469,0,0,0,0,0,273,180,12,4,469,0,0,0,469
01/25/2010,STL,MO,ACE,CE,Towers with Radar,323,206,15,0,544,0,0,5,1,6,323,206,20,1,550,0,0,0,550
01/26/2010,STL,MO,ACE,CE,Towers with Radar,311,204,31,16,562,0,0,3,6,9,311,204,34,22,571,0,0,0,571
01/27/2010,STL,MO,ACE,CE,Towers with Radar,326,208,31,3,568,0,3,0,0,3,326,211,31,3,571,0,0,0,571
01/28/2010,STL,MO,ACE,CE,Towers with Radar,335,212,24,13,584,0,7,2,1,10,335,219,26,14,594,0,12,12,606
01/29/2010,STL,MO,ACE,CE,Towers with Radar,319,199,18,1,537,0,6,0,0,6,319,205,18,1,543,0,0,0,543
01/30/2010,STL,MO,ACE,CE,Towers with Radar,212,122,5,19,358,0,2,0,2,4,212,124,5,21,362,0,0,0,362
01/31/2010,STL,MO,ACE,CE,Towers with Radar,281,182,8,1,472,0,3,8,2,13,281,185,16,3,485,22,0,22,507
02/01/2010,STL,MO,ACE,CE,Towers with Radar,314,218,24,0,556,0,5,4,0,9,314,223,28,0,565,0,0,0,565
02/02/2010,STL,MO,ACE,CE,Towers with Radar,316,208,36,2,562,0,0,0,0,0,316,208,36,2,562,0,0,0,562
02/03/2010,STL,MO,ACE,CE,Towers with Radar,325,211,30,7,573,0,7,0,1,8,325,218,30,8,581,0,0,0,581
02/04/2010,STL,MO,ACE,CE,Towers with Radar,329,222,30,10,591,0,1,2,5,8,329,223,32,15,599,0,0,0,599
02/05/2010,STL,MO,ACE,CE,Towers with Radar,314,202,20,0,536,0,0,0,0,0,314,202,20,0,536,0,0,0,536
02/06/2010,STL,MO,ACE,CE,Towers with Radar,201,135,9,1,346,0,0,3,0,3,201,135,12,1,349,0,0,0,349
02/07/2010,STL,MO,ACE,CE,Towers with Radar,263,181,4,8,456,0,0,4,4,8,263,181,8,12,464,18,12,30,494
02/08/2010,STL,MO,ACE,CE,Towers with Radar,317,204,27,0,548,0,0,0,0,0,317,204,27,0,548,0,0,0,548
02/09/2010,STL,MO,ACE,CE,Towers with Radar,289,196,15,0,500,0,4,0,0,4,289,200,15,0,504,0,0,0,504
02/10/2010,STL,MO,ACE,CE,Towers with Radar,284,186,24,7,501,0,4,0,1,5,284,190,24,8,506,0,0,0,506
02/11/2010,STL,MO,ACE,CE,Towers with Radar,297,208,38,6,549,0,14,1,1,16,297,222,39,7,565,0,23,23,588
02/12/2010,STL,MO,ACE,CE,Towers with Radar,307,222,27,0,556,0,0,3,0,3,307,222,30,0,559,0,0,0,559
02/13/2010,STL,MO,ACE,CE,Towers with Radar,225,164,7,3,399,0,0,1,0,1,225,164,8,3,400,0,0,0,400
02/14/2010,STL,MO,ACE,CE,Towers with Radar,269,163,8,0,440,0,0,0,0,0,269,163,8,0,440,0,0,0,440
02/15/2010,STL,MO,ACE,CE,Towers with Radar,312,205,27,0,544,0,0,2,0,2,312,205,29,0,546,0,0,0,546
02/16/2010,STL,MO,ACE,CE,Towers with Radar,322,216,24,2,564,0,2,2,0,4,322,218,26,2,568,0,0,0,568
02/17/2010,STL,MO,ACE,CE,Towers with Radar,325,219,29,4,577,0,5,4,0,9,325,224,33,4,586,0,0,0,586
02/18/2010,STL,MO,ACE,CE,Towers with Radar,326,214,47,8,595,0,5,5,0,10,326,219,52,8,605,0,10,10,615
02/19/2010,STL,MO,ACE,CE,Towers with Radar,324,220,27,2,573,0,0,4,0,4,324,220,31,2,577,0,0,0,577
02/20/2010,STL,MO,ACE,CE,Towers with Radar,243,163,7,0,413,0,0,4,0,4,243,163,11,0,417,0,0,0,417
02/21/2010,STL,MO,ACE,CE,Towers with Radar,281,185,15,0,481,0,0,0,0,0,281,185,15,0,481,0,0,0,481
02/22/2010,STL,MO,ACE,CE,Towers with Radar,318,227,23,0,568,0,0,0,0,0,318,227,23,0,568,0,0,0,568
02/23/2010,STL,MO,ACE,CE,Towers with Radar,322,212,22,5,561,0,8,1,1,10,322,220,23,6,571,0,0,0,571
02/24/2010,STL,MO,ACE,CE,Towers with Radar,324,214,25,11,574,0,9,3,1,13,324,223,28,12,587,0,0,0,587
02/25/2010,STL,MO,ACE,CE,Towers with Radar,314,190,37,4,545,0,9,5,0,14,314,199,42,4,559,0,0,0,559
02/26/2010,STL,MO,ACE,CE,Towers with Radar,308,186,18,7,519,0,11,9,0,20,308,197,27,7,539,0,0,0,539
02/27/2010,STL,MO,ACE,CE,Towers with Radar,230,148,10,4,392,0,6,0,0,6,230,154,10,4,398,0,0,0,398
02/28/2010,STL,MO,ACE,CE,Towers with Radar,279,181,16,3,479,0,5,4,0,9,279,186,20,3,488,16,4,20,508
03/01/2010,STL,MO,ACE,CE,Towers with Radar,322,221,17,4,564,0,2,0,0,2,322,223,17,4,566,0,0,0,566
03/02/2010,STL,MO,ACE,CE,Towers with Radar,313,221,25,4,563,0,6,2,0,8,313,227,27,4,571,0,0,0,571
03/03/2010,STL,MO,ACE,CE,Towers with Radar,327,215,30,1,573,0,7,3,0,10,327,222,33,1,583,0,0,0,583
03/04/2010,STL,MO,ACE,CE,Towers with Radar,330,210,28,5,573,0,10,8,0,18,330,220,36,5,591,0,0,0,591
03/05/2010,STL,MO,ACE,CE,Towers with Radar,335,213,20,11,579,0,8,6,0,14,335,221,26,11,593,0,0,0,593
03/06/2010,STL,MO,ACE,CE,Towers with Radar,233,154,7,2,396,0,1,0,0,1,233,155,7,2,397,0,0,0,397
03/07/2010,STL,MO,ACE,CE,Towers with Radar,279,189,9,8,485,0,0,4,0,4,279,189,13,8,489,8,12,20,509
03/08/2010,STL,MO,ACE,CE,Towers with Radar,328,212,23,4,567,0,1,2,6,9,328,213,25,10,576,0,0,0,576
03/09/2010,STL,MO,ACE,CE,Towers with Radar,320,223,33,1,577,0,0,0,0,0,320,223,33,1,577,0,0,0,577
03/10/2010,STL,MO,ACE,CE,Towers with Radar,334,213,22,10,579,0,1,3,2,6,334,214,25,12,585,0,0,0,585
03/11/2010,STL,MO,ACE,CE,Towers with Radar,329,222,27,8,586,0,0,2,3,5,329,222,29,11,591,0,0,0,591
03/12/2010,STL,MO,ACE,CE,Towers with Radar,330,219,28,4,581,0,0,2,1,3,330,219,30,5,584,0,0,0,584
03/13/2010,STL,MO,ACE,CE,Towers with Radar,233,149,6,2,390,0,0,0,0,0,233,149,6,2,390,0,0,0,390
03/14/2010,STL,MO,ACE,CE,Towers with Radar,294,181,10,0,485,0,0,0,0,0,294,181,10,0,485,0,0,0,485
03/15/2010,STL,MO,ACE,CE,Towers with Radar,331,225,17,4,577,0,2,3,6,11,331,227,20,10,588,0,0,0,588
03/16/2010,STL,MO,ACE,CE,Towers with Radar,333,222,17,6,578,0,3,1,0,4,333,225,18,6,582,0,0,0,582
03/17/2010,STL,MO,ACE,CE,Towers with Radar,337,215,29,3,584,0,0,4,2,6,337,215,33,5,590,0,0,0,590
03/18/2010,STL,MO,ACE,CE,Towers with Radar,333,228,43,5,609,0,5,3,1,9,333,233,46,6,618,0,0,0,618
03/19/2010,STL,MO,ACE,CE,Towers with Radar,341,233,20,6,600,0,7,6,1,14,341,240,26,7,614,0,0,0,614
03/20/2010,STL,MO,ACE,CE,Towers with Radar,258,154,13,0,425,0,0,0,0,0,258,154,13,0,425,0,0,0,425
03/21/2010,STL,MO,ACE,CE,Towers with Radar,303,190,12,0,505,0,0,0,0,0,303,190,12,0,505,0,0,0,505
03/22/2010,STL,MO,ACE,CE,Towers with Radar,335,219,23,3,580,0,3,2,1,6,335,222,25,4,586,0,0,0,586
03/23/2010,STL,MO,ACE,CE,Towers with Radar,327,214,25,1,567,0,6,2,0,8,327,220,27,1,575,0,0,0,575
03/24/2010,STL,MO,ACE,CE,Towers with Radar,337,232,26,10,605,0,3,11,2,16,337,235,37,12,621,0,0,0,621
03/25/2010,STL,MO,ACE,CE,Towers with Radar,336,227,20,1,584,0,0,1,0,1,336,227,21,1,585,0,0,0,585
03/26/2010,STL,MO,ACE,CE,Towers with Radar,340,220,32,7,599,0,10,4,3,17,340,230,36,10,616,0,9,9,625
03/27/2010,STL,MO,ACE,CE,Towers with Radar,258,158,14,3,433,0,3,6,1,10,258,161,20,4,443,10,8,18,461
03/28/2010,STL,MO,ACE,CE,Towers with Radar,300,195,14,0,509,0,0,2,0,2,300,195,16,0,511,0,0,0,511
03/29/2010,STL,MO,ACE,CE,Towers with Radar,333,220,12,0,565,0,5,3,2,10,333,225,15,2,575,0,0,0,575
03/30/2010,STL,MO,ACE,CE,Towers with Radar,339,206,21,2,568,0,10,9,1,20,339,216,30,3,588,0,0,0,588
03/31/2010,STL,MO,ACE,CE,Towers with Radar,335,234,26,0,595,0,7,19,0,26,335,241,45,0,621,0,0,0,621
04/01/2010,STL,MO,ACE,CE,Towers with Radar,340,221,19,3,583,0,4,4,2,10,340,225,23,5,593,0,0,0,593
04/02/2010,STL,MO,ACE,CE,Towers with Radar,335,225,13,1,574,0,4,8,0,12,335,229,21,1,586,0,0,0,586
04/03/2010,STL,MO,ACE,CE,Towers with Radar,244,159,9,1,413,0,1,4,0,5,244,160,13,1,418,0,0,0,418
04/04/2010,STL,MO,ACE,CE,Towers with Radar,290,187,7,0,484,0,1,3,0,4,290,188,10,0,488,0,0,0,488
04/05/2010,STL,MO,ACE,CE,Towers with Radar,336,226,31,0,593,0,0,0,0,0,336,226,31,0,593,0,0,0,593
04/06/2010,STL,MO,ACE,CE,Towers with Radar,341,144,31,0,516,0,1,8,2,11,341,145,39,2,527,0,0,0,527
04/07/2010,STL,MO,ACE,CE,Towers with Radar,334,141,25,0,500,0,2,4,0,6,334,143,29,0,506,0,0,0,506
04/08/2010,STL,MO,ACE,CE,Towers with Radar,336,151,21,10,518,0,1,2,2,5,336,152,23,12,523,0,0,0,523
04/09/2010,STL,MO,ACE,CE,Towers with Radar,345,131,29,2,507,0,6,4,0,10,345,137,33,2,517,0,0,0,517
04/10/2010,STL,MO,ACE,CE,Towers with Radar,241,93,11,0,345,0,3,0,2,5,241,96,11,2,350,0,0,0,350
04/11/2010,STL,MO,ACE,CE,Towers with Radar,290,106,8,7,411,0,6,0,1,7,290,112,8,8,418,0,0,0,418
04/12/2010,STL,MO,ACE,CE,Towers with Radar,344,131,14,3,492,0,11,8,1,20,344,142,22,4,512,0,0,0,512
04/13/2010,STL,MO,ACE,CE,Towers with Radar,339,130,39,7,515,0,7,10,6,23,339,137,49,13,538,0,8,8,546
04/14/2010,STL,MO,ACE,CE,Towers with Radar,341,145,31,0,517,0,6,15,0,21,341,151,46,0,538,46,0,46,584
04/15/2010,STL,MO,ACE,CE,Towers with Radar,342,139,18,0,499,0,7,4,0,11,342,146,22,0,510,0,0,0,510
04/16/2010,STL,MO,ACE,CE,Towers with Radar,346,137,13,1,497,0,1,2,4,7,346,138,15,5,504,0,0,0,504
04/17/2010,STL,MO,ACE,CE,Towers with Radar,242,90,6,0,338,0,3,2,4,9,242,93,8,4,347,0,0,0,347
04/18/2010,STL,MO,ACE,CE,Towers with Radar,297,102,8,10,417,0,3,2,0,5,297,105,10,10,422,0,0,0,422
04/19/2010,STL,MO,ACE,CE,Towers with Radar,337,140,24,3,504,0,10,5,4,19,337,150,29,7,523,0,0,0,523
04/20/2010,STL,MO,ACE,CE,Towers with Radar,328,140,15,6,489,0,6,14,2,22,328,146,29,8,511,6,8,14,525
04/21/2010,STL,MO,ACE,CE,Towers with Radar,337,134,22,5,498,0,7,2,0,9,337,141,24,5,507,0,0,0,507
04/22/2010,STL,MO,ACE,CE,Towers with Radar,334,141,33,10,518,0,6,10,5,21,334,147,43,15,539,16,16,32,571
04/23/2010,STL,MO,ACE,CE,Towers with Radar,342,137,22,2,503,0,0,0,1,1,342,137,22,3,504,0,0,0,504
04/24/2010,STL,MO,ACE,CE,Towers with Radar,241,95,7,1,344,0,0,0,0,0,241,95,7,1,344,0,0,0,344
04/25/2010,STL,MO,ACE,CE,Towers with Radar,292,104,14,1,411,0,0,0,0,0,292,104,14,1,411,0,0,0,411
04/26/2010,STL,MO,ACE,CE,Towers with Radar,339,140,26,3,508,0,1,1,0,2,339,141,27,3,510,0,0,0,510
04/27/2010,STL,MO,ACE,CE,Towers with Radar,332,133,21,0,486,0,1,3,0,4,332,134,24,0,490,0,0,0,490
04/28/2010,STL,MO,ACE,CE,Towers with Radar,342,140,31,5,518,0,1,11,6,18,342,141,42,11,536,0,24,24,560
04/29/2010,STL,MO,ACE,CE,Towers with Radar,338,132,35,2,507,0,6,2,0,8,338,138,37,2,515,0,0,0,515
04/30/2010,STL,MO,ACE,CE,Towers with Radar,347,134,26,8,515,0,2,0,0,2,347,136,26,8,517,0,0,0,517
05/01/2010,STL,MO,ACE,CE,Towers with Radar,253,85,15,0,353,0,2,0,0,2,253,87,15,0,355,0,0,0,355
05/02/2010,STL,MO,ACE,CE,Towers with Radar,289,102,26,2,419,0,4,15,0,19,289,106,41,2,438,0,0,0,438
05/03/2010,STL,MO,ACE,CE,Towers with Radar,327,134,28,0,489,0,7,4,0,11,327,141,32,0,500,6,0,6,506
05/04/2010,STL,MO,ACE,CE,Towers with Radar,327,144,38,1,510,0,7,3,3,13,327,151,41,4,523,0,0,0,523
05/05/2010,STL,MO,ACE,CE,Towers with Radar,331,148,34,1,514,0,9,5,0,14,331,157,39,1,528,0,0,0,528
05/06/2010,STL,MO,ACE,CE,Towers with Radar,329,143,21,2,495,0,7,0,1,8,329,150,21,3,503,0,0,0,503
05/07/2010,STL,MO,ACE,CE,Towers with Radar,331,138,24,0,493,0,2,0,0,2,331,140,24,0,495,0,0,0,495
05/08/2010,STL,MO,ACE,CE,Towers with Radar,243,104,15,0,362,0,0,2,0,2,243,104,17,0,364,0,0,0,364
05/09/2010,STL,MO,ACE,CE,Towers with Radar,304,103,11,0,418,0,3,0,0,3,304,106,11,0,421,0,0,0,421
05/10/2010,STL,MO,ACE,CE,Towers with Radar,357,149,21,0,527,0,2,0,0,2,357,151,21,0,529,0,0,0,529
05/11/2010,STL,MO,ACE,CE,Towers with Radar,350,148,25,3,526,0,1,0,0,1,350,149,25,3,527,0,14,14,541
05/12/2010,STL,MO,ACE,CE,Towers with Radar,350,141,20,1,512,0,0,0,0,0,350,141,20,1,512,0,0,0,512
05/13/2010,STL,MO,ACE,CE,Towers with Radar,357,136,42,5,540,0,1,1,5,7,357,137,43,10,547,0,20,20,567
05/14/2010,STL,MO,ACE,CE,Towers with Radar,345,145,19,5,514,0,1,5,1,7,345,146,24,6,521,0,6,6,527
05/15/2010,STL,MO,ACE,CE,Towers with Radar,268,100,7,0,375,0,0,1,0,1,268,100,8,0,376,0,0,0,376
05/16/2010,STL,MO,ACE,CE,Towers with Radar,304,109,17,0,430,0,0,0,0,0,304,109,17,0,430,0,0,0,430
05/17/2010,STL,MO,ACE,CE,Towers with Radar,348,147,22,1,518,0,0,0,0,0,348,147,22,1,518,0,0,0,518
05/18/2010,STL,MO,ACE,CE,Towers with Radar,352,140,32,2,526,0,4,4,0,8,352,144,36,2,534,0,0,0,534
05/19/2010,STL,MO,ACE,CE,Towers with Radar,358,145,31,9,543,0,2,5,2,9,358,147,36,11,552,0,0,0,552
05/20/2010,STL,MO,ACE,CE,Towers with Radar,351,148,35,1,535,0,0,3,0,3,351,148,38,1,538,0,0,0,538
05/21/2010,STL,MO,ACE,CE,Towers with Radar,355,148,30,1,534,0,0,5,1,6,355,148,35,2,540,0,0,0,540
05/22/2010,STL,MO,ACE,CE,Towers with Radar,265,98,25,1,389,0,0,12,0,12,265,98,37,1,401,0,0,0,401
05/23/2010,STL,MO,ACE,CE,Towers with Radar,308,113,12,3,436,0,2,4,2,8,308,115,16,5,444,0,0,0,444
05/24/2010,STL,MO,ACE,CE,Towers with Radar,352,147,13,3,515,0,3,1,0,4,352,150,14,3,519,0,0,0,519
05/25/2010,STL,MO,ACE,CE,Towers with Radar,357,137,30,0,524,0,5,6,0,11,357,142,36,0,535,0,0,0,535
05/26/2010,STL,MO,ACE,CE,Towers with Radar,360,150,29,3,542,0,2,2,0,4,360,152,31,3,546,0,0,0,546
05/27/2010,STL,MO,ACE,CE,Towers with Radar,357,143,28,5,533,0,5,0,0,5,357,148,28,5,538,0,6,6,544
05/28/2010,STL,MO,ACE,CE,Towers with Radar,359,141,27,1,528,0,3,5,1,9,359,144,32,2,537,0,0,0,537
05/29/2010,STL,MO,ACE,CE,Towers with Radar,264,94,5,0,363,0,0,7,0,7,264,94,12,0,370,0,0,0,370
05/30/2010,STL,MO,ACE,CE,Towers with Radar,251,87,11,2,351,0,0,3,0,3,251,87,14,2,354,0,0,0,354
05/31/2010,STL,MO,ACE,CE,Towers with Radar,341,122,4,0,467,0,2,0,0,2,341,124,4,0,469,0,0,0,469
06/01/2010,STL,MO,ACE,CE,Towers with Radar,354,136,21,5,516,0,6,9,1,16,354,142,30,6,532,0,0,0,532
06/02/2010,STL,MO,ACE,CE,Towers with Radar,360,148,24,1,533,0,1,8,0,9,360,149,32,1,542,0,0,0,542
06/03/2010,STL,MO,ACE,CE,Towers with Radar,367,137,30,4,538,0,2,2,1,5,367,139,32,5,543,0,0,0,543
06/04/2010,STL,MO,ACE,CE,Towers with Radar,358,143,19,7,527,0,0,4,1,5,358,143,23,8,532,0,0,0,532
06/05/2010,STL,MO,ACE,CE,Towers with Radar,279,103,15,1,398,0,0,5,0,5,279,103,20,1,403,0,0,0,403
06/06/2010,STL,MO,ACE,CE,Towers with Radar,311,99,12,2,424,0,0,2,0,2,311,99,14,2,426,0,0,0,426
06/07/2010,STL,MO,ACE,CE,Towers with Radar,361,131,26,3,521,0,4,2,1,7,361,135,28,4,528,0,0,0,528
06/08/2010,STL,MO,ACE,CE,Towers with Radar,360,139,21,2,522,0,2,2,1,5,360,141,23,3,527,0,0,0,527
06/09/2010,STL,MO,ACE,CE,Towers with Radar,360,143,20,3,526,0,2,1,0,3,360,145,21,3,529,0,0,0,529
06/10/2010,STL,MO,ACE,CE,Towers with Radar,360,133,19,4,516,0,3,4,2,9,360,136,23,6,525,0,0,0,525
06/11/2010,STL,MO,ACE,CE,Towers with Radar,364,136,28,1,529,0,0,2,0,2,364,136,30,1,531,0,0,0,531
06/12/2010,STL,MO,ACE,CE,Towers with Radar,291,93,10,0,394,0,2,0,0,2,291,95,10,0,396,0,0,0,396
06/13/2010,STL,MO,ACE,CE,Towers with Radar,318,109,8,2,437,0,1,0,0,1,318,110,8,2,438,0,0,0,438
06/14/2010,STL,MO,ACE,CE,Towers with Radar,362,142,22,3,529,0,0,0,1,1,362,142,22,4,530,0,0,0,530
06/15/2010,STL,MO,ACE,CE,Towers with Radar,357,139,23,2,521,0,2,1,0,3,357,141,24,2,524,0,0,0,524
06/16/2010,STL,MO,ACE,CE,Towers with Radar,360,138,35,5,538,0,4,11,2,17,360,142,46,7,555,0,0,0,555
06/17/2010,STL,MO,ACE,CE,Towers with Radar,364,141,22,2,529,0,0,5,2,7,364,141,27,4,536,24,76,100,636
06/18/2010,STL,MO,ACE,CE,Towers with Radar,366,131,13,4,514,0,0,0,0,0,366,131,13,4,514,0,0,0,514
06/19/2010,STL,MO,ACE,CE,Towers with Radar,295,102,12,0,409,0,1,2,0,3,295,103,14,0,412,0,0,0,412
06/20/2010,STL,MO,ACE,CE,Towers with Radar,317,113,19,1,450,0,0,2,0,2,317,113,21,1,452,0,0,0,452
06/21/2010,STL,MO,ACE,CE,Towers with Radar,352,133,31,1,517,0,3,12,0,15,352,136,43,1,532,0,0,0,532
06/22/2010,STL,MO,ACE,CE,Towers with Radar,364,137,36,5,542,0,1,7,2,10,364,138,43,7,552,0,0,0,552
06/23/2010,STL,MO,ACE,CE,Towers with Radar,345,144,37,3,529,0,4,1,0,5,345,148,38,3,534,0,0,0,534
06/24/2010,STL,MO,ACE,CE,Towers with Radar,372,141,29,0,542,0,11,3,0,14,372,152,32,0,556,0,0,0,556
06/25/2010,STL,MO,ACE,CE,Towers with Radar,360,127,25,6,518,0,5,2,2,9,360,132,27,8,527,0,0,0,527
06/26/2010,STL,MO,ACE,CE,Towers with Radar,292,99,12,1,404,0,4,4,0,8,292,103,16,1,412,0,0,0,412
06/27/2010,STL,MO,ACE,CE,Towers with Radar,323,98,10,1,432,0,0,0,0,0,323,98,10,1,432,0,0,0,432
06/28/2010,STL,MO,ACE,CE,Towers with Radar,347,145,21,2,515,0,3,2,0,5,347,148,23,2,520,0,0,0,520
06/29/2010,STL,MO,ACE,CE,Towers with Radar,360,141,28,4,533,0,3,0,0,3,360,144,28,4,536,0,0,0,536
06/30/2010,STL,MO,ACE,CE,Towers with Radar,362,134,20,5,521,0,6,10,0,16,362,140,30,5,537,0,0,0,537
07/01/2010,STL,MO,ACE,CE,Towers with Radar,365,148,26,7,546,0,7,4,2,13,365,155,30,9,559,0,0,0,559
07/02/2010,STL,MO,ACE,CE,Towers with Radar,362,147,18,4,531,0,6,10,0,16,362,153,28,4,547,0,0,0,547
07/03/2010,STL,MO,ACE,CE,Towers with Radar,278,99,14,1,392,0,3,6,1,10,278,102,20,2,402,0,0,0,402
07/04/2010,STL,MO,ACE,CE,Towers with Radar,247,82,4,0,333,0,2,1,1,4,247,84,5,1,337,0,0,0,337
07/05/2010,STL,MO,ACE,CE,Towers with Radar,329,123,2,1,455,0,4,3,0,7,329,127,5,1,462,0,0,0,462
07/06/2010,STL,MO,ACE,CE,Towers with Radar,364,137,17,1,519,0,0,1,0,1,364,137,18,1,520,0,0,0,520
07/07/2010,STL,MO,ACE,CE,Towers with Radar,358,147,18,3,526,0,9,2,2,13,358,156,20,5,539,0,0,0,539
07/08/2010,STL,MO,ACE,CE,Towers with Radar,348,141,27,1,517,0,0,0,1,1,348,141,27,2,518,0,0,0,518
07/09/2010,STL,MO,ACE,CE,Towers with Radar,356,144,27,8,535,0,0,0,1,1,356,144,27,9,536,0,0,0,536
07/10/2010,STL,MO,ACE,CE,Towers with Radar,283,107,14,2,406,0,3,2,0,5,283,110,16,2,411,0,0,0,411
07/11/2010,STL,MO,ACE,CE,Towers with Radar,320,117,18,0,455,0,1,4,0,5,320,118,22,0,460,0,0,0,460
07/12/2010,STL,MO,ACE,CE,Towers with Radar,351,144,31,4,530,0,0,1,0,1,351,144,32,4,531,0,0,0,531
07/13/2010,STL,MO,ACE,CE,Towers with Radar,357,134,28,1,520,0,2,5,0,7,357,136,33,1,527,0,0,0,527
07/14/2010,STL,MO,ACE,CE,Towers with Radar,361,139,26,2,528,0,2,0,3,5,361,141,26,5,533,0,0,0,533
07/15/2010,STL,MO,ACE,CE,Towers with Radar,356,152,21,8,537,0,3,0,1,4,356,155,21,9,541,0,0,0,541
07/16/2010,STL,MO,ACE,CE,Towers with Radar,353,139,32,2,526,0,5,5,0,10,353,144,37,2,536,0,0,0,536
07/17/2010,STL,MO,ACE,CE,Towers with Radar,285,102,13,0,400,0,3,3,0,6,285,105,16,0,406,0,0,0,406
07/18/2010,STL,MO,ACE,CE,Towers with Radar,320,110,15,2,447,0,1,3,0,4,320,111,18,2,451,0,0,0,451
07/19/2010,STL,MO,ACE,CE,Towers with Radar,360,136,26,5,527,0,0,1,2,3,360,136,27,7,530,0,0,0,530
07/20/2010,STL,MO,ACE,CE,Towers with Radar,364,134,28,1,527,0,1,4,1,6,364,135,32,2,533,0,0,0,533
07/21/2010,STL,MO,ACE,CE,Towers with Radar,370,149,44,0,563,0,0,2,1,3,370,149,46,1,566,0,0,0,566
07/22/2010,STL,MO,ACE,CE,Towers with Radar,365,145,33,3,546,0,9,8,0,17,365,154,41,3,563,0,0,0,563
07/23/2010,STL,MO,ACE,CE,Towers with Radar,368,145,35,2,550,0,6,3,0,9,368,151,38,2,559,0,0,0,559
07/24/2010,STL,MO,ACE,CE,Towers with Radar,299,107,9,7,422,0,1,0,3,4,299,108,9,10,426,0,0,0,426
07/25/2010,STL,MO,ACE,CE,Towers with Radar,319,108,19,3,449,0,0,0,1,1,319,108,19,4,450,0,0,0,450
07/26/2010,STL,MO,ACE,CE,Towers with Radar,349,139,20,8,516,0,0,1,1,2,349,139,21,9,518,0,0,0,518
07/27/2010,STL,MO,ACE,CE,Towers with Radar,372,145,26,5,548,0,0,0,1,1,372,145,26,6,549,0,0,0,549
07/28/2010,STL,MO,ACE,CE,Towers with Radar,356,140,40,7,543,0,1,5,4,10,356,141,45,11,553,0,0,0,553
07/29/2010,STL,MO,ACE,CE,Towers with Radar,359,141,40,5,545,0,2,11,0,13,359,143,51,5,558,0,0,0,558
07/30/2010,STL,MO,ACE,CE,Towers with Radar,365,146,16,3,530,0,0,3,0,3,365,146,19,3,533,0,0,0,533
07/31/2010,STL,MO,ACE,CE,Towers with Radar,281,104,10,3,398,0,1,1,0,2,281,105,11,3,400,0,0,0,400
08/01/2010,STL,MO,ACE,CE,Towers with Radar,317,111,13,4,445,0,0,3,0,3,317,111,16,4,448,0,0,0,448
08/02/2010,STL,MO,ACE,CE,Towers with Radar,356,150,29,14,549,0,1,2,0,3,356,151,31,14,552,0,0,0,552
08/03/2010,STL,MO,ACE,CE,Towers with Radar,354,138,33,8,533,0,4,11,0,15,354,142,44,8,548,0,0,0,548
08/04/2010,STL,MO,ACE,CE,Towers with Radar,360,151,28,4,543,1,0,1,0,2,361,151,29,4,545,0,0,0,545
08/05/2010,STL,MO,ACE,CE,Towers with Radar,361,148,21,2,532,0,2,0,0,2,361,150,21,2,534,0,0,0,534
08/06/2010,STL,MO,ACE,CE,Towers with Radar,354,139,20,6,519,0,3,1,0,4,354,142,21,6,523,0,0,0,523
08/07/2010,STL,MO,ACE,CE,Towers with Radar,289,107,10,4,410,0,2,3,0,5,289,109,13,4,415,0,0,0,415
08/08/2010,STL,MO,ACE,CE,Towers with Radar,316,118,15,10,459,0,2,2,0,4,316,120,17,10,463,0,0,0,463
08/09/2010,STL,MO,ACE,CE,Towers with Radar,355,142,21,6,524,0,0,2,3,5,355,142,23,9,529,0,0,0,529
08/10/2010,STL,MO,ACE,CE,Towers with Radar,352,137,34,3,526,0,1,0,1,2,352,138,34,4,528,0,0,0,528
08/11/2010,STL,MO,ACE,CE,Towers with Radar,361,140,28,4,533,0,5,10,1,16,361,145,38,5,549,0,0,0,549
08/12/2010,STL,MO,ACE,CE,Towers with Radar,352,148,31,10,541,0,1,11,1,13,352,149,42,11,554,0,0,0,554
08/13/2010,STL,MO,ACE,CE,Towers with Radar,368,148,20,8,544,0,1,2,1,4,368,149,22,9,548,0,0,0,548
08/14/2010,STL,MO,ACE,CE,Towers with Radar,281,101,8,0,390,0,0,6,0,6,281,101,14,0,396,0,0,0,396
08/15/2010,STL,MO,ACE,CE,Towers with Radar,305,115,23,5,448,0,1,0,1,2,305,116,23,6,450,0,0,0,450
08/16/2010,STL,MO,ACE,CE,Towers with Radar,353,136,23,7,519,0,4,5,0,9,353,140,28,7,528,0,0,0,528
08/17/2010,STL,MO,ACE,CE,Towers with Radar,354,138,16,6,514,0,3,3,0,6,354,141,19,6,520,0,0,0,520
08/18/2010,STL,MO,ACE,CE,Towers with Radar,358,133,17,2,510,0,4,7,1,12,358,137,24,3,522,0,0,0,522
08/19/2010,STL,MO,ACE,CE,Towers with Radar,353,137,29,8,527,0,5,3,2,10,353,142,32,10,537,0,0,0,537
08/20/2010,STL,MO,ACE,CE,Towers with Radar,349,146,18,4,517,0,0,3,0,3,349,146,21,4,520,0,0,0,520
08/21/2010,STL,MO,ACE,CE,Towers with Radar,283,96,13,8,400,0,0,0,0,0,283,96,13,8,400,0,0,0,400
08/22/2010,STL,MO,ACE,CE,Towers with Radar,303,106,19,3,431,0,0,0,1,1,303,106,19,4,432,0,0,0,432
08/23/2010,STL,MO,ACE,CE,Towers with Radar,344,135,33,12,524,0,4,4,4,12,344,139,37,16,536,0,0,0,536
08/24/2010,STL,MO,ACE,CE,Towers with Radar,351,134,13,7,505,0,1,6,2,9,351,135,19,9,514,0,0,0,514
08/25/2010,STL,MO,ACE,CE,Towers with Radar,354,139,23,5,521,0,4,1,5,10,354,143,24,10,531,0,0,0,531
08/26/2010,STL,MO,ACE,CE,Towers with Radar,349,142,37,9,537,0,6,3,2,11,349,148,40,11,548,0,0,0,548
08/27/2010,STL,MO,ACE,CE,Towers with Radar,354,143,36,8,541,0,3,20,0,23,354,146,56,8,564,6,0,6,570
08/28/2010,STL,MO,ACE,CE,Towers with Radar,267,96,9,1,373,0,1,10,0,11,267,97,19,1,384,0,0,0,384
08/29/2010,STL,MO,ACE,CE,Towers with Radar,298,106,19,1,424,0,0,4,0,4,298,106,23,1,428,0,0,0,428
08/30/2010,STL,MO,ACE,CE,Towers with Radar,350,140,20,2,512,0,0,3,0,3,350,140,23,2,515,0,0,0,515
08/31/2010,STL,MO,ACE,CE,Towers with Radar,352,139,23,4,518,0,0,0,5,5,352,139,23,9,523,0,0,0,523
09/01/2010,STL,MO,ACE,CE,Towers with Radar,362,141,10,1,514,0,0,8,0,8,362,141,18,1,522,0,0,0,522
09/02/2010,STL,MO,ACE,CE,Towers with Radar,361,145,30,5,541,0,0,2,4,6,361,145,32,9,547,0,12,12,559
09/03/2010,STL,MO,ACE,CE,Towers with Radar,351,148,20,2,521,0,1,3,0,4,351,149,23,2,525,0,8,8,533
09/04/2010,STL,MO,ACE,CE,Towers with Radar,262,95,7,0,364,0,1,4,0,5,262,96,11,0,369,0,0,0,369
09/05/2010,STL,MO,ACE,CE,Towers with Radar,254,83,3,0,340,0,0,4,0,4,254,83,7,0,344,0,0,0,344
09/06/2010,STL,MO,ACE,CE,Towers with Radar,308,132,10,0,450,0,0,2,0,2,308,132,12,0,452,0,0,0,452
09/07/2010,STL,MO,ACE,CE,Towers with Radar,365,136,14,0,515,0,8,2,0,10,365,144,16,0,525,0,0,0,525
09/08/2010,STL,MO,ACE,CE,Towers with Radar,365,142,22,16,545,0,3,14,2,19,365,145,36,18,564,0,0,0,564
09/09/2010,STL,MO,ACE,CE,Towers with Radar,363,137,38,11,549,0,1,2,0,3,363,138,40,11,552,0,0,0,552
09/10/2010,STL,MO,ACE,CE,Towers with Radar,367,144,21,6,538,0,0,0,0,0,367,144,21,6,538,0,0,0,538
09/11/2010,STL,MO,ACE,CE,Towers with Radar,280,81,15,2,378,0,0,4,0,4,280,81,19,2,382,0,0,0,382
09/12/2010,STL,MO,ACE,CE,Towers with Radar,318,101,27,3,449,0,0,0,1,1,318,101,27,4,450,0,0,0,450
09/13/2010,STL,MO,ACE,CE,Towers with Radar,365,135,22,0,522,0,5,0,1,6,365,140,22,1,528,0,0,0,528
09/14/2010,STL,MO,ACE,CE,Towers with Radar,366,133,23,7,529,0,4,1,7,12,366,137,24,14,541,0,0,0,541
09/15/2010,STL,MO,ACE,CE,Towers with Radar,369,132,22,2,525,0,2,0,0,2,369,134,22,2,527,0,0,0,527
09/16/2010,STL,MO,ACE,CE,Towers with Radar,357,142,37,11,547,0,0,7,1,8,357,142,44,12,555,0,0,0,555
09/17/2010,STL,MO,ACE,CE,Towers with Radar,370,144,18,2,534,0,0,6,0,6,370,144,24,2,540,0,0,0,540
09/18/2010,STL,MO,ACE,CE,Towers with Radar,285,95,14,2,396,0,0,0,0,0,285,95,14,2,396,0,0,0,396
09/19/2010,STL,MO,ACE,CE,Towers with Radar,315,99,17,3,434,0,0,4,0,4,315,99,21,3,438,0,0,0,438
09/20/2010,STL,MO,ACE,CE,Towers with Radar,362,148,18,0,528,0,0,5,2,7,362,148,23,2,535,0,0,0,535
09/21/2010,STL,MO,ACE,CE,Towers with Radar,364,140,45,2,551,0,2,7,0,9,364,142,52,2,560,0,0,0,560
09/22/2010,STL,MO,ACE,CE,Towers with Radar,363,141,27,4,535,0,1,0,0,1,363,142,27,4,536,0,0,0,536
09/23/2010,STL,MO,ACE,CE,Towers with Radar,365,152,49,10,576,0,10,2,1,13,365,162,51,11,589,0,0,0,589
09/24/2010,STL,MO,ACE,CE,Towers with Radar,367,140,31,6,544,0,1,2,0,3,367,141,33,6,547,0,0,0,547
09/25/2010,STL,MO,ACE,CE,Towers with Radar,276,93,13,2,384,0,2,4,0,6,276,95,17,2,390,0,0,0,390
09/26/2010,STL,MO,ACE,CE,Towers with Radar,331,108,21,4,464,0,1,2,0,3,331,109,23,4,467,0,0,0,467
09/27/2010,STL,MO,ACE,CE,Towers with Radar,368,129,23,8,528,0,10,10,1,21,368,139,33,9,549,0,0,0,549
09/28/2010,STL,MO,ACE,CE,Towers with Radar,364,145,27,5,541,0,3,8,1,12,364,148,35,6,553,0,0,0,553
09/29/2010,STL,MO,ACE,CE,Towers with Radar,366,138,48,3,555,0,3,2,0,5,366,141,50,3,560,0,0,0,560
09/30/2010,STL,MO,ACE,CE,Towers with Radar,366,129,30,8,533,0,0,1,0,1,366,129,31,8,534,0,0,0,534
10/01/2010,STL,MO,ACE,CE,Towers with Radar,367,132,28,5,532,0,3,3,0,6,367,135,31,5,538,0,0,0,538
10/02/2010,STL,MO,ACE,CE,Towers with Radar,272,90,17,0,379,0,0,1,0,1,272,90,18,0,380,0,0,0,380
10/03/2010,STL,MO,ACE,CE,Towers with Radar,327,103,19,3,452,0,2,2,0,4,327,105,21,3,456,0,0,0,456
10/04/2010,STL,MO,ACE,CE,Towers with Radar,368,129,35,4,536,0,6,4,0,10,368,135,39,4,546,0,0,0,546
10/05/2010,STL,MO,ACE,CE,Towers with Radar,357,141,46,2,546,0,3,9,0,12,357,144,55,2,558,0,0,0,558
10/06/2010,STL,MO,ACE,CE,Towers with Radar,368,131,47,4,550,0,3,7,0,10,368,134,54,4,560,0,0,0,560
10/07/2010,STL,MO,ACE,CE,Towers with Radar,366,154,31,8,559,0,3,8,0,11,366,157,39,8,570,0,0,0,570
10/08/2010,STL,MO,ACE,CE,Towers with Radar,369,150,35,2,556,0,4,2,6,12,369,154,37,8,568,22,44,66,634
10/09/2010,STL,MO,ACE,CE,Towers with Radar,278,94,6,3,381,0,4,4,0,8,278,98,10,3,389,0,0,0,389
10/10/2010,STL,MO,ACE,CE,Towers with Radar,339,103,6,1,449,0,2,2,0,4,339,105,8,1,453,0,0,0,453
10/11/2010,STL,MO,ACE,CE,Towers with Radar,359,138,13,1,511,0,4,0,6,10,359,142,13,7,521,0,0,0,521
10/12/2010,STL,MO,ACE,CE,Towers with Radar,367,140,21,7,535,0,0,6,0,6,367,140,27,7,541,0,0,0,541
10/13/2010,STL,MO,ACE,CE,Towers with Radar,364,151,29,5,549,0,1,2,0,3,364,152,31,5,552,0,0,0,552
10/14/2010,STL,MO,ACE,CE,Towers with Radar,371,146,36,10,563,0,0,4,2,6,371,146,40,12,569,0,0,0,569
10/15/2010,STL,MO,ACE,CE,Towers with Radar,364,141,21,8,534,0,3,6,1,10,364,144,27,9,544,0,0,0,544
10/16/2010,STL,MO,ACE,CE,Towers with Radar,277,92,9,2,380,0,1,4,0,5,277,93,13,2,385,0,0,0,385
10/17/2010,STL,MO,ACE,CE,Towers with Radar,329,101,18,0,448,0,6,0,0,6,329,107,18,0,454,0,0,0,454
10/18/2010,STL,MO,ACE,CE,Towers with Radar,367,140,26,5,538,0,7,0,2,9,367,147,26,7,547,0,0,0,547
10/19/2010,STL,MO,ACE,CE,Towers with Radar,367,143,31,2,543,0,3,4,2,9,367,146,35,4,552,0,0,0,552
10/20/2010,STL,MO,ACE,CE,Towers with Radar,371,143,39,4,557,0,5,2,0,7,371,148,41,4,564,0,0,0,564
10/21/2010,STL,MO,ACE,CE,Towers with Radar,367,140,44,2,553,0,5,2,0,7,367,145,46,2,560,0,0,0,560
10/22/2010,STL,MO,ACE,CE,Towers with Radar,370,144,34,10,558,0,1,5,1,7,370,145,39,11,565,0,0,0,565
10/23/2010,STL,MO,ACE,CE,Towers with Radar,283,89,12,2,386,0,0,2,0,2,283,89,14,2,388,0,0,0,388
10/24/2010,STL,MO,ACE,CE,Towers with Radar,329,106,16,0,451,0,1,3,4,8,329,107,19,4,459,0,0,0,459
10/25/2010,STL,MO,ACE,CE,Towers with Radar,362,149,24,5,540,0,1,0,3,4,362,150,24,8,544,0,0,0,544
10/26/2010,STL,MO,ACE,CE,Towers with Radar,357,134,27,2,520,0,0,0,4,4,357,134,27,6,524,0,0,0,524
10/27/2010,STL,MO,ACE,CE,Towers with Radar,352,133,28,3,516,0,3,1,1,5,352,136,29,4,521,0,0,0,521
10/28/2010,STL,MO,ACE,CE,Towers with Radar,369,145,40,5,559,0,0,2,1,3,369,145,42,6,562,0,0,0,562
10/29/2010,STL,MO,ACE,CE,Towers with Radar,362,147,31,0,540,0,0,4,0,4,362,147,35,0,544,0,0,0,544
10/30/2010,STL,MO,ACE,CE,Towers with Radar,277,96,11,0,384,0,1,1,0,2,277,97,12,0,386,0,0,0,386
10/31/2010,STL,MO,ACE,CE,Towers with Radar,327,98,12,0,437,0,3,2,0,5,327,101,14,0,442,0,0,0,442
11/01/2010,STL,MO,ACE,CE,Towers with Radar,371,152,38,9,570,0,8,4,1,13,371,160,42,10,583,0,0,0,583
11/02/2010,STL,MO,ACE,CE,Towers with Radar,375,145,39,1,560,0,3,1,4,8,375,148,40,5,568,0,0,0,568
11/03/2010,STL,MO,ACE,CE,Towers with Radar,374,144,40,1,559,0,3,2,3,8,374,147,42,4,567,0,0,0,567
11/04/2010,STL,MO,ACE,CE,Towers with Radar,380,144,42,3,569,0,4,0,1,5,380,148,42,4,574,0,0,0,574
11/05/2010,STL,MO,ACE,CE,Towers with Radar,383,153,41,5,582,0,0,2,0,2,383,153,43,5,584,0,0,0,584
11/06/2010,STL,MO,ACE,CE,Towers with Radar,285,99,11,0,395,0,1,3,4,8,285,100,14,4,403,14,0,14,417
11/07/2010,STL,MO,ACE,CE,Towers with Radar,341,104,20,0,465,0,1,3,1,5,341,105,23,1,470,0,0,0,470
11/08/2010,STL,MO,ACE,CE,Towers with Radar,376,142,40,1,559,0,1,3,0,4,376,143,43,1,563,0,0,0,563
11/09/2010,STL,MO,ACE,CE,Towers with Radar,377,140,37,1,555,0,2,4,0,6,377,142,41,1,561,0,0,0,561
11/10/2010,STL,MO,ACE,CE,Towers with Radar,384,138,47,4,573,0,0,1,0,1,384,138,48,4,574,0,0,0,574
11/11/2010,STL,MO,ACE,CE,Towers with Radar,377,151,39,0,567,0,1,6,0,7,377,152,45,0,574,0,0,0,574
11/12/2010,STL,MO,ACE,CE,Towers with Radar,382,138,30,6,556,0,0,8,3,11,382,138,38,9,567,0,6,6,573
11/13/2010,STL,MO,ACE,CE,Towers with Radar,276,91,3,2,372,0,0,1,0,1,276,91,4,2,373,0,0,0,373
11/14/2010,STL,MO,ACE,CE,Towers with Radar,348,96,19,0,463,0,3,2,0,5,348,99,21,0,468,0,0,0,468
11/15/2010,STL,MO,ACE,CE,Towers with Radar,376,141,19,2,538,0,4,3,0,7,376,145,22,2,545,0,0,0,545
11/16/2010,STL,MO,ACE,CE,Towers with Radar,378,145,42,10,575,0,2,3,2,7,378,147,45,12,582,0,0,0,582
11/17/2010,STL,MO,ACE,CE,Towers with Radar,378,133,24,0,535,0,2,4,0,6,378,135,28,0,541,0,0,0,541
11/18/2010,STL,MO,ACE,CE,Towers with Radar,378,146,25,6,555,0,0,2,0,2,378,146,27,6,557,0,0,0,557
11/19/2010,STL,MO,ACE,CE,Towers with Radar,391,146,22,0,559,0,0,4,0,4,391,146,26,0,563,0,0,0,563
11/20/2010,STL,MO,ACE,CE,Towers with Radar,281,102,12,3,398,0,0,6,0,6,281,102,18,3,404,0,0,0,404
11/21/2010,STL,MO,ACE,CE,Towers with Radar,347,94,11,3,455,0,1,7,0,8,347,95,18,3,463,0,0,0,463
11/22/2010,STL,MO,ACE,CE,Towers with Radar,388,122,25,2,537,0,1,7,1,9,388,123,32,3,546,16,0,16,562
11/23/2010,STL,MO,ACE,CE,Towers with Radar,392,154,28,16,590,0,1,9,2,12,392,155,37,18,602,0,0,0,602
11/24/2010,STL,MO,ACE,CE,Towers with Radar,388,147,13,0,548,0,0,0,0,0,388,147,13,0,548,0,0,0,548
11/25/2010,STL,MO,ACE,CE,Towers with Radar,226,78,0,0,304,0,0,0,0,0,226,78,0,0,304,0,0,0,304
11/26/2010,STL,MO,ACE,CE,Towers with Radar,285,96,9,0,390,0,0,4,2,6,285,96,13,2,396,0,0,0,396
11/27/2010,STL,MO,ACE,CE,Towers with Radar,305,119,9,0,433,0,0,2,0,2,305,119,11,0,435,0,0,0,435
11/28/2010,STL,MO,ACE,CE,Towers with Radar,366,136,27,0,529,0,0,0,0,0,366,136,27,0,529,0,0,0,529
11/29/2010,STL,MO,ACE,CE,Towers with Radar,387,139,29,2,557,0,0,2,0,2,387,139,31,2,559,0,0,0,559
11/30/2010,STL,MO,ACE,CE,Towers with Radar,374,141,24,1,540,0,0,2,0,2,374,141,26,1,542,0,0,0,542
12/01/2010,STL,MO,ACE,CE,Towers with Radar,378,139,21,9,547,0,1,4,0,5,378,140,25,9,552,0,0,0,552
12/02/2010,STL,MO,ACE,CE,Towers with Radar,381,153,35,6,575,0,2,1,0,3,381,155,36,6,578,0,0,0,578
12/03/2010,STL,MO,ACE,CE,Towers with Radar,382,151,19,1,553,0,0,7,0,7,382,151,26,1,560,0,0,0,560
12/04/2010,STL,MO,ACE,CE,Towers with Radar,272,93,8,0,373,0,0,2,0,2,272,93,10,0,375,0,0,0,375
12/05/2010,STL,MO,ACE,CE,Towers with Radar,349,91,12,2,454,0,0,2,0,2,349,91,14,2,456,0,0,0,456
12/06/2010,STL,MO,ACE,CE,Towers with Radar,373,136,36,5,550,0,2,0,0,2,373,138,36,5,552,0,0,0,552
12/07/2010,STL,MO,ACE,CE,Towers with Radar,376,135,34,1,546,0,3,2,0,5,376,138,36,1,551,0,0,0,551
12/08/2010,STL,MO,ACE,CE,Towers with Radar,381,136,32,7,556,0,3,2,1,6,381,139,34,8,562,0,0,0,562
12/09/2010,STL,MO,ACE,CE,Towers with Radar,391,140,25,10,566,0,2,1,0,3,391,142,26,10,569,0,0,0,569
12/10/2010,STL,MO,ACE,CE,Towers with Radar,384,138,23,7,552,0,3,6,2,11,384,141,29,9,563,24,18,42,605
12/11/2010,STL,MO,ACE,CE,Towers with Radar,271,92,9,0,372,0,0,0,0,0,271,92,9,0,372,0,0,0,372
12/12/2010,STL,MO,ACE,CE,Towers with Radar,308,92,6,0,406,0,0,0,0,0,308,92,6,0,406,0,0,0,406
12/13/2010,STL,MO,ACE,CE,Towers with Radar,373,128,21,1,523,0,8,8,2,18,373,136,29,3,541,0,0,0,541
12/14/2010,STL,MO,ACE,CE,Towers with Radar,373,150,35,3,561,0,0,12,0,12,373,150,47,3,573,0,0,0,573
12/15/2010,STL,MO,ACE,CE,Towers with Radar,366,157,26,1,550,0,2,0,3,5,366,159,26,4,555,0,0,0,555
12/16/2010,STL,MO,ACE,CE,Towers with Radar,373,157,35,3,568,0,0,0,0,0,373,157,35,3,568,0,0,0,568
12/17/2010,STL,MO,ACE,CE,Towers with Radar,389,162,20,3,574,0,0,14,4,18,389,162,34,7,592,0,0,0,592
12/18/2010,STL,MO,ACE,CE,Towers with Radar,293,105,9,0,407,0,0,2,0,2,293,105,11,0,409,0,0,0,409
12/19/2010,STL,MO,ACE,CE,Towers with Radar,335,126,22,2,485,0,0,3,0,3,335,126,25,2,488,12,0,12,500
12/20/2010,STL,MO,ACE,CE,Towers with Radar,370,145,20,2,537,0,2,0,2,4,370,147,20,4,541,0,0,0,541
12/21/2010,STL,MO,ACE,CE,Towers with Radar,374,134,18,5,531,0,0,0,2,2,374,134,18,7,533,0,0,0,533
12/22/2010,STL,MO,ACE,CE,Towers with Radar,396,153,7,2,558,0,0,0,0,0,396,153,7,2,558,0,0,0,558
12/23/2010,STL,MO,ACE,CE,Towers with Radar,394,137,16,0,547,0,1,0,0,1,394,138,16,0,548,0,0,0,548
12/24/2010,STL,MO,ACE,CE,Towers with Radar,276,108,7,0,391,0,0,0,0,0,276,108,7,0,391,0,0,0,391
12/25/2010,STL,MO,ACE,CE,Towers with Radar,248,84,4,0,336,0,0,0,0,0,248,84,4,0,336,0,0,0,336
12/26/2010,STL,MO,ACE,CE,Towers with Radar,336,102,9,0,447,0,0,0,0,0,336,102,9,0,447,0,0,0,447
12/27/2010,STL,MO,ACE,CE,Towers with Radar,355,121,21,0,497,0,2,0,0,2,355,123,21,0,499,0,0,0,499
12/28/2010,STL,MO,ACE,CE,Towers with Radar,382,133,11,0,526,0,1,0,0,1,382,134,11,0,527,0,0,0,527
12/29/2010,STL,MO,ACE,CE,Towers with Radar,376,142,7,0,525,0,0,0,0,0,376,142,7,0,525,0,0,0,525
12/30/2010,STL,MO,ACE,CE,Towers with Radar,382,142,12,0,536,0,0,2,0,2,382,142,14,0,538,0,0,0,538
12/31/2010,STL,MO,ACE,CE,Towers with Radar,288,103,5,0,396,0,0,2,0,2,288,103,7,0,398,0,0,0,398
01/01/2011,STL,MO,ACE,CE,Towers with Radar,266,105,6,0,377,0,1,0,0,1,266,106,6,0,378,0,0,0,378
01/02/2011,STL,MO,ACE,CE,Towers with Radar,357,123,6,0,486,0,2,2,0,4,357,125,8,0,490,0,0,0,490
01/03/2011,STL,MO,ACE,CE,Towers with Radar,376,152,20,0,548,0,4,2,0,6,376,156,22,0,554,0,0,0,554
01/04/2011,STL,MO,ACE,CE,Towers with Radar,384,143,15,0,542,0,3,4,0,7,384,146,19,0,549,0,0,0,549
01/05/2011,STL,MO,ACE,CE,Towers with Radar,378,138,7,0,523,0,3,10,0,13,378,141,17,0,536,0,0,0,536
01/06/2011,STL,MO,ACE,CE,Towers with Radar,382,149,18,5,554,0,0,2,0,2,382,149,20,5,556,0,0,0,556
01/07/2011,STL,MO,ACE,CE,Towers with Radar,385,138,34,0,557,0,0,0,0,0,385,138,34,0,557,0,0,0,557
01/08/2011,STL,MO,ACE,CE,Towers with Radar,266,100,5,4,375,0,0,4,0,4,266,100,9,4,379,0,0,0,379
01/09/2011,STL,MO,ACE,CE,Towers with Radar,331,105,6,0,442,0,0,3,0,3,331,105,9,0,445,0,0,0,445
01/10/2011,STL,MO,ACE,CE,Towers with Radar,345,127,25,2,499,0,1,6,0,7,345,128,31,2,506,0,0,0,506
01/11/2011,STL,MO,ACE,CE,Towers with Radar,326,118,23,2,469,0,0,1,0,1,326,118,24,2,470,0,0,0,470
01/12/2011,STL,MO,ACE,CE,Towers with Radar,347,128,25,2,502,0,0,1,0,1,347,128,26,2,503,0,0,0,503
01/13/2011,STL,MO,ACE,CE,Towers with Radar,382,138,29,2,551,0,2,1,0,3,382,140,30,2,554,0,0,0,554
01/14/2011,STL,MO,ACE,CE,Towers with Radar,378,149,20,6,553,0,1,1,0,2,378,150,21,6,555,0,0,0,555
01/15/2011,STL,MO,ACE,CE,Towers with Radar,249,102,10,0,361,0,0,3,0,3,249,102,13,0,364,0,0,0,364
01/16/2011,STL,MO,ACE,CE,Towers with Radar,334,108,5,3,450,0,0,3,0,3,334,108,8,3,453,0,0,0,453
01/17/2011,STL,MO,ACE,CE,Towers with Radar,362,143,22,0,527,0,0,7,0,7,362,143,29,0,534,0,0,0,534
01/18/2011,STL,MO,ACE,CE,Towers with Radar,369,135,33,0,537,0,0,0,0,0,369,135,33,0,537,0,0,0,537
01/19/2011,STL,MO,ACE,CE,Towers with Radar,363,130,17,4,514,0,0,13,0,13,363,130,30,4,527,0,0,0,527
01/20/2011,STL,MO,ACE,CE,Towers with Radar,372,117,16,0,505,0,0,2,0,2,372,117,18,0,507,0,0,0,507
01/21/2011,STL,MO,ACE,CE,Towers with Radar,379,136,21,3,539,0,1,3,0,4,379,137,24,3,543,0,0,0,543
01/22/2011,STL,MO,ACE,CE,Towers with Radar,249,109,4,3,365,0,2,2,0,4,249,111,6,3,369,0,0,0,369
01/23/2011,STL,MO,ACE,CE,Towers with Radar,332,100,7,0,439,0,0,0,0,0,332,100,7,0,439,0,0,0,439
01/24/2011,STL,MO,ACE,CE,Towers with Radar,367,142,37,9,555,0,3,7,7,17,367,145,44,16,572,0,0,0,572
01/25/2011,STL,MO,ACE,CE,Towers with Radar,368,132,23,9,532,0,0,5,1,6,368,132,28,10,538,0,0,0,538
01/26/2011,STL,MO,ACE,CE,Towers with Radar,340,136,29,0,505,0,0,4,0,4,340,136,33,0,509,0,0,0,509
01/27/2011,STL,MO,ACE,CE,Towers with Radar,368,142,32,7,549,0,1,19,1,21,368,143,51,8,570,0,0,0,570
01/28/2011,STL,MO,ACE,CE,Towers with Radar,371,146,32,0,549,0,2,2,0,4,371,148,34,0,553,0,0,0,553
01/29/2011,STL,MO,ACE,CE,Towers with Radar,244,105,12,0,361,0,1,2,0,3,244,106,14,0,364,0,0,0,364
01/30/2011,STL,MO,ACE,CE,Towers with Radar,330,115,11,2,458,0,0,1,0,1,330,115,12,2,459,0,0,0,459
01/31/2011,STL,MO,ACE,CE,Towers with Radar,232,99,14,0,345,0,0,0,0,0,232,99,14,0,345,0,0,0,345
02/01/2011,STL,MO,ACE,CE,Towers with Radar,22,5,1,0,28,0,0,0,0,0,22,5,1,0,28,0,0,0,28
02/02/2011,STL,MO,ACE,CE,Towers with Radar,202,70,18,2,292,0,0,1,0,1,202,70,19,2,293,0,0,0,293
02/03/2011,STL,MO,ACE,CE,Towers with Radar,366,130,27,7,530,0,2,2,0,4,366,132,29,7,534,0,0,0,534
02/04/2011,STL,MO,ACE,CE,Towers with Radar,359,127,22,16,524,0,1,2,2,5,359,128,24,18,529,0,0,0,529
02/05/2011,STL,MO,ACE,CE,Towers with Radar,245,108,18,1,372,0,1,4,1,6,245,109,22,2,378,0,0,0,378
02/06/2011,STL,MO,ACE,CE,Towers with Radar,326,105,13,3,447,0,1,1,0,2,326,106,14,3,449,0,0,0,449
02/07/2011,STL,MO,ACE,CE,Towers with Radar,359,142,36,4,541,0,0,2,0,2,359,142,38,4,543,0,0,0,543
02/08/2011,STL,MO,ACE,CE,Towers with Radar,360,146,27,6,539,0,2,4,5,11,360,148,31,11,550,0,0,0,550
02/09/2011,STL,MO,ACE,CE,Towers with Radar,359,136,33,3,531,0,2,2,0,4,359,138,35,3,535,0,0,0,535
02/10/2011,STL,MO,ACE,CE,Towers with Radar,372,144,25,13,554,0,4,4,0,8,372,148,29,13,562,0,0,0,562
02/11/2011,STL,MO,ACE,CE,Towers with Radar,371,152,18,0,541,0,1,5,0,6,371,153,23,0,547,0,0,0,547
02/12/2011,STL,MO,ACE,CE,Towers with Radar,247,102,13,6,368,0,3,3,0,6,247,105,16,6,374,0,0,0,374
02/13/2011,STL,MO,ACE,CE,Towers with Radar,328,110,10,0,448,0,0,2,0,2,328,110,12,0,450,0,0,0,450
02/14/2011,STL,MO,ACE,CE,Towers with Radar,366,147,13,8,534,0,5,1,0,6,366,152,14,8,540,0,0,0,540
02/15/2011,STL,MO,ACE,CE,Towers with Radar,366,149,54,8,577,0,6,12,1,19,366,155,66,9,596,0,0,0,596
02/16/2011,STL,MO,ACE,CE,Towers with Radar,390,147,24,9,570,0,1,11,1,13,390,148,35,10,583,0,0,0,583
02/17/2011,STL,MO,ACE,CE,Towers with Radar,373,149,22,10,554,0,1,6,4,11,373,150,28,14,565,0,0,0,565
02/18/2011,STL,MO,ACE,CE,Towers with Radar,376,153,28,0,557,0,2,4,1,7,376,155,32,1,564,0,0,0,564
02/19/2011,STL,MO,ACE,CE,Towers with Radar,260,110,8,0,378,0,0,0,0,0,260,110,8,0,378,0,0,0,378
02/20/2011,STL,MO,ACE,CE,Towers with Radar,305,109,18,0,432,0,1,1,0,2,305,110,19,0,434,0,0,0,434
02/21/2011,STL,MO,ACE,CE,Towers with Radar,361,155,22,2,540,0,0,0,0,0,361,155,22,2,540,0,0,0,540
02/22/2011,STL,MO,ACE,CE,Towers with Radar,365,146,32,4,547,0,1,5,2,8,365,147,37,6,555,0,0,0,555
02/23/2011,STL,MO,ACE,CE,Towers with Radar,365,160,47,3,575,0,1,2,1,4,365,161,49,4,579,0,0,0,579
02/24/2011,STL,MO,ACE,CE,Towers with Radar,370,143,30,3,546,0,0,0,0,0,370,143,30,3,546,0,0,0,546
02/25/2011,STL,MO,ACE,CE,Towers with Radar,364,149,22,1,536,0,0,11,0,11,364,149,33,1,547,0,0,0,547
02/26/2011,STL,MO,ACE,CE,Towers with Radar,272,118,16,0,406,0,0,0,0,0,272,118,16,0,406,0,0,0,406
02/27/2011,STL,MO,ACE,CE,Towers with Radar,331,128,16,0,475,0,0,0,0,0,331,128,16,0,475,0,0,0,475
02/28/2011,STL,MO,ACE,CE,Towers with Radar,369,153,28,11,561,0,3,0,2,5,369,156,28,13,566,0,0,0,566
03/01/2011,STL,MO,ACE,CE,Towers with Radar,371,157,22,6,556,0,2,7,0,9,371,159,29,6,565,0,0,0,565
03/02/2011,STL,MO,ACE,CE,Towers with Radar,367,160,26,5,558,0,4,9,2,15,367,164,35,7,573,12,0,12,585
03/03/2011,STL,MO,ACE,CE,Towers with Radar,367,166,35,9,577,0,1,9,1,11,367,167,44,10,588,0,0,0,588
03/04/2011,STL,MO,ACE,CE,Towers with Radar,372,148,16,0,536,0,0,2,0,2,372,148,18,0,538,0,0,0,538
03/05/2011,STL,MO,ACE,CE,Towers with Radar,268,115,6,0,389,0,0,0,0,0,268,115,6,0,389,0,0,0,389
03/06/2011,STL,MO,ACE,CE,Towers with Radar,318,122,5,0,445,0,0,2,0,2,318,122,7,0,447,0,0,0,447
03/07/2011,STL,MO,ACE,CE,Towers with Radar,365,149,17,3,534,0,4,6,1,11,365,153,23,4,545,0,0,0,545
03/08/2011,STL,MO,ACE,CE,Towers with Radar,372,148,29,2,551,0,1,2,0,3,372,149,31,2,554,0,0,0,554
03/09/2011,STL,MO,ACE,CE,Towers with Radar,373,157,30,2,562,0,0,2,0,2,373,157,32,2,564,0,0,0,564
03/10/2011,STL,MO,ACE,CE,Towers with Radar,376,158,28,11,573,0,0,10,1,11,376,158,38,12,584,0,0,0,584
03/11/2011,STL,MO,ACE,CE,Towers with Radar,367,172,22,12,573,0,0,13,0,13,367,172,35,12,586,0,0,0,586
03/12/2011,STL,MO,ACE,CE,Towers with Radar,286,121,13,1,421,0,1,5,0,6,286,122,18,1,427,0,0,0,427
03/13/2011,STL,MO,ACE,CE,Towers with Radar,340,129,10,1,480,0,0,2,0,2,340,129,12,1,482,0,0,0,482
03/14/2011,STL,MO,ACE,CE,Towers with Radar,306,131,24,0,461,0,0,0,0,0,306,131,24,0,461,0,0,0,461
03/15/2011,STL,MO,ACE,CE,Towers with Radar,378,159,13,0,550,0,2,2,0,4,378,161,15,0,554,0,0,0,554
03/16/2011,STL,MO,ACE,CE,Towers with Radar,374,167,40,3,584,0,3,7,1,11,374,170,47,4,595,0,0,0,595
03/17/2011,STL,MO,ACE,CE,Towers with Radar,375,157,22,7,561,0,4,4,1,9,375,161,26,8,570,0,16,16,586
03/18/2011,STL,MO,ACE,CE,Towers with Radar,381,156,18,1,556,0,0,4,0,4,381,156,22,1,560,8,8,16,576
03/19/2011,STL,MO,ACE,CE,Towers with Radar,284,121,7,2,414,0,0,0,0,0,284,121,7,2,414,0,0,0,414
03/20/2011,STL,MO,ACE,CE,Towers with Radar,344,125,11,3,483,0,0,4,0,4,344,125,15,3,487,0,0,0,487
03/21/2011,STL,MO,ACE,CE,Towers with Radar,372,164,21,0,557,0,6,6,0,12,372,170,27,0,569,0,0,0,569
03/22/2011,STL,MO,ACE,CE,Towers with Radar,373,158,16,0,547,0,0,5,1,6,373,158,21,1,553,24,0,24,577
03/23/2011,STL,MO,ACE,CE,Towers with Radar,373,149,37,6,565,0,2,1,0,3,373,151,38,6,568,0,6,6,574
03/24/2011,STL,MO,ACE,CE,Towers with Radar,378,166,23,5,572,0,0,8,2,10,378,166,31,7,582,0,0,0,582
03/25/2011,STL,MO,ACE,CE,Towers with Radar,377,163,26,0,566,0,0,2,0,2,377,163,28,0,568,0,0,0,568
03/26/2011,STL,MO,ACE,CE,Towers with Radar,286,117,16,0,419,0,0,1,1,2,286,117,17,1,421,0,0,0,421
03/27/2011,STL,MO,ACE,CE,Towers with Radar,349,133,10,2,494,0,0,4,0,4,349,133,14,2,498,0,0,0,498
03/28/2011,STL,MO,ACE,CE,Towers with Radar,379,165,19,2,565,0,4,8,7,19,379,169,27,9,584,0,0,0,584
03/29/2011,STL,MO,ACE,CE,Towers with Radar,386,160,35,1,582,0,0,1,0,1,386,160,36,1,583,0,0,0,583
03/30/2011,STL,MO,ACE,CE,Towers with Radar,383,164,39,4,590,0,1,9,1,11,383,165,48,5,601,0,0,0,601
03/31/2011,STL,MO,ACE,CE,Towers with Radar,376,173,28,13,590,0,3,6,0,9,376,176,34,13,599,0,0,0,599
04/01/2011,STL,MO,ACE,CE,Towers with Radar,391,155,19,6,571,0,1,1,3,5,391,156,20,9,576,0,0,0,576
04/02/2011,STL,MO,ACE,CE,Towers with Radar,266,106,17,1,390,0,5,3,0,8,266,111,20,1,398,0,0,0,398
04/03/2011,STL,MO,ACE,CE,Towers with Radar,333,132,16,0,481,0,9,0,0,9,333,141,16,0,490,0,0,0,490
04/04/2011,STL,MO,ACE,CE,Towers with Radar,383,157,20,0,560,0,1,1,0,2,383,158,21,0,562,0,0,0,562
04/05/2011,STL,MO,ACE,CE,Towers with Radar,358,154,28,1,541,0,5,1,0,6,358,159,29,1,547,0,0,0,547
04/06/2011,STL,MO,ACE,CE,Towers with Radar,379,163,55,6,603,0,3,6,3,12,379,166,61,9,615,0,0,0,615
04/07/2011,STL,MO,ACE,CE,Towers with Radar,381,157,24,3,565,0,5,3,3,11,381,162,27,6,576,0,0,0,576
04/08/2011,STL,MO,ACE,CE,Towers with Radar,373,161,21,2,557,0,0,1,2,3,373,161,22,4,560,0,0,0,560
04/09/2011,STL,MO,ACE,CE,Towers with Radar,290,105,10,0,405,0,4,2,1,7,290,109,12,1,412,0,0,0,412
04/10/2011,STL,MO,ACE,CE,Towers with Radar,329,132,13,0,474,0,4,4,0,8,329,136,17,0,482,0,0,0,482
04/11/2011,STL,MO,ACE,CE,Towers with Radar,370,151,29,2,552,0,2,0,0,2,370,153,29,2,554,0,0,0,554
04/12/2011,STL,MO,ACE,CE,Towers with Radar,361,158,29,1,549,0,7,6,2,15,361,165,35,3,564,0,0,0,564
04/13/2011,STL,MO,ACE,CE,Towers with Radar,368,153,23,3,547,0,6,5,3,14,368,159,28,6,561,0,0,0,561
04/14/2011,STL,MO,ACE,CE,Towers with Radar,379,161,33,4,577,0,2,10,2,14,379,163,43,6,591,0,0,0,591
04/15/2011,STL,MO,ACE,CE,Towers with Radar,375,163,23,0,561,0,0,0,0,0,375,163,23,0,561,0,0,0,561
04/16/2011,STL,MO,ACE,CE,Towers with Radar,286,107,10,2,405,0,1,0,0,1,286,108,10,2,406,0,0,0,406
04/17/2011,STL,MO,ACE,CE,Towers with Radar,331,120,4,0,455,0,4,4,0,8,331,124,8,0,463,0,0,0,463
04/18/2011,STL,MO,ACE,CE,Towers with Radar,372,157,31,4,564,0,0,2,0,2,372,157,33,4,566,0,0,0,566
04/19/2011,STL,MO,ACE,CE,Towers with Radar,343,126,21,1,491,0,0,2,0,2,343,126,23,1,493,0,0,0,493
04/20/2011,STL,MO,ACE,CE,Towers with Radar,380,157,24,2,563,0,1,4,0,5,380,158,28,2,568,0,0,0,568
04/21/2011,STL,MO,ACE,CE,Towers with Radar,380,154,40,9,583,0,1,9,1,11,380,155,49,10,594,0,10,10,604
04/22/2011,STL,MO,ACE,CE,Towers with Radar,307,128,2,0,437,0,0,0,0,0,307,128,2,0,437,0,0,0,437
04/23/2011,STL,MO,ACE,CE,Towers with Radar,9,11,9,0,29,0,0,5,6,11,9,11,14,6,40,0,0,0,40
04/24/2011,STL,MO,ACE,CE,Towers with Radar,255,85,6,0,346,0,0,0,0,0,255,85,6,0,346,0,0,0,346
04/25/2011,STL,MO,ACE,CE,Towers with Radar,363,103,24,0,490,0,0,10,0,10,363,103,34,0,500,0,0,0,500
04/26/2011,STL,MO,ACE,CE,Towers with Radar,365,144,24,1,534,0,3,8,1,12,365,147,32,2,546,0,0,0,546
04/27/2011,STL,MO,ACE,CE,Towers with Radar,389,161,19,1,570,0,1,1,1,3,389,162,20,2,573,0,0,0,573
04/28/2011,STL,MO,ACE,CE,Towers with Radar,374,145,38,18,575,0,2,4,1,7,374,147,42,19,582,0,0,0,582
04/29/2011,STL,MO,ACE,CE,Towers with Radar,390,153,52,3,598,0,6,18,1,25,390,159,70,4,623,0,0,0,623
04/30/2011,STL,MO,ACE,CE,Towers with Radar,288,105,16,0,409,0,2,4,0,6,288,107,20,0,415,0,0,0,415
05/01/2011,STL,MO,ACE,CE,Towers with Radar,328,129,14,1,472,0,1,6,0,7,328,130,20,1,479,0,0,0,479
05/02/2011,STL,MO,ACE,CE,Towers with Radar,376,161,11,0,548,0,0,1,0,1,376,161,12,0,549,0,0,0,549
05/03/2011,STL,MO,ACE,CE,Towers with Radar,380,157,55,6,598,0,9,4,6,19,380,166,59,12,617,0,0,0,617
05/04/2011,STL,MO,ACE,CE,Towers with Radar,384,157,32,2,575,0,8,6,0,14,384,165,38,2,589,0,0,0,589
05/05/2011,STL,MO,ACE,CE,Towers with Radar,389,153,43,2,587,0,3,9,4,16,389,156,52,6,603,0,0,0,603
05/06/2011,STL,MO,ACE,CE,Towers with Radar,390,148,29,9,576,0,3,6,0,9,390,151,35,9,585,0,0,0,585
05/07/2011,STL,MO,ACE,CE,Towers with Radar,288,103,13,2,406,0,2,5,0,7,288,105,18,2,413,0,0,0,413
05/08/2011,STL,MO,ACE,CE,Towers with Radar,343,114,16,1,474,0,4,0,0,4,343,118,16,1,478,0,0,0,478
05/09/2011,STL,MO,ACE,CE,Towers with Radar,378,157,23,0,558,0,1,6,2,9,378,158,29,2,567,0,0,0,567
05/10/2011,STL,MO,ACE,CE,Towers with Radar,369,148,33,4,554,0,1,5,1,7,369,149,38,5,561,0,0,0,561
05/11/2011,STL,MO,ACE,CE,Towers with Radar,376,154,30,7,567,0,1,7,0,8,376,155,37,7,575,0,0,0,575
05/12/2011,STL,MO,ACE,CE,Towers with Radar,382,162,42,6,592,0,4,3,5,12,382,166,45,11,604,0,0,0,604
05/13/2011,STL,MO,ACE,CE,Towers with Radar,387,161,19,4,571,0,0,8,0,8,387,161,27,4,579,0,0,0,579
05/14/2011,STL,MO,ACE,CE,Towers with Radar,282,106,10,0,398,0,0,0,0,0,282,106,10,0,398,0,0,0,398
05/15/2011,STL,MO,ACE,CE,Towers with Radar,341,118,13,1,473,0,0,0,0,0,341,118,13,1,473,0,0,0,473
05/16/2011,STL,MO,ACE,CE,Towers with Radar,380,147,34,1,562,0,8,1,0,9,380,155,35,1,571,0,0,0,571
05/17/2011,STL,MO,ACE,CE,Towers with Radar,377,145,20,3,545,0,6,6,1,13,377,151,26,4,558,0,0,0,558
05/18/2011,STL,MO,ACE,CE,Towers with Radar,379,154,36,1,570,0,5,7,8,20,379,159,43,9,590,0,0,0,590
05/19/2011,STL,MO,ACE,CE,Towers with Radar,389,156,34,4,583,0,1,2,0,3,389,157,36,4,586,0,0,0,586
05/20/2011,STL,MO,ACE,CE,Towers with Radar,389,147,33,4,573,0,3,1,2,6,389,150,34,6,579,0,0,0,579
05/21/2011,STL,MO,ACE,CE,Towers with Radar,287,104,8,0,399,0,3,2,0,5,287,107,10,0,404,0,0,0,404
05/22/2011,STL,MO,ACE,CE,Towers with Radar,333,111,20,0,464,0,2,0,0,2,333,113,20,0,466,0,0,0,466
05/23/2011,STL,MO,ACE,CE,Towers with Radar,377,148,31,0,556,0,5,3,0,8,377,153,34,0,564,0,0,0,564
05/24/2011,STL,MO,ACE,CE,Towers with Radar,365,157,26,5,553,0,0,7,0,7,365,157,33,5,560,0,0,0,560
05/25/2011,STL,MO,ACE,CE,Towers with Radar,342,112,24,6,484,0,0,9,2,11,342,112,33,8,495,0,0,0,495
05/26/2011,STL,MO,ACE,CE,Towers with Radar,391,168,26,0,585,0,0,0,0,0,391,168,26,0,585,0,0,0,585
05/27/2011,STL,MO,ACE,CE,Towers with Radar,394,158,30,2,584,0,3,4,2,9,394,161,34,4,593,0,0,0,593
05/28/2011,STL,MO,ACE,CE,Towers with Radar,284,96,6,0,386,0,4,0,0,4,284,100,6,0,390,0,0,0,390
05/29/2011,STL,MO,ACE,CE,Towers with Radar,275,95,3,0,373,0,1,0,0,1,275,96,3,0,374,0,0,0,374
05/30/2011,STL,MO,ACE,CE,Towers with Radar,340,133,7,0,480,0,4,1,0,5,340,137,8,0,485,0,0,0,485
05/31/2011,STL,MO,ACE,CE,Towers with Radar,376,160,15,0,551,0,5,2,0,7,376,165,17,0,558,0,0,0,558
06/01/2011,STL,MO,ACE,CE,Towers with Radar,377,145,23,10,555,0,5,7,1,13,377,150,30,11,568,0,0,0,568
06/02/2011,STL,MO,ACE,CE,Towers with Radar,391,153,20,5,569,0,4,4,1,9,391,157,24,6,578,0,0,0,578
06/03/2011,STL,MO,ACE,CE,Towers with Radar,396,156,28,9,589,0,3,4,5,12,396,159,32,14,601,0,0,0,601
06/04/2011,STL,MO,ACE,CE,Towers with Radar,286,102,8,1,397,0,2,3,0,5,286,104,11,1,402,0,0,0,402
06/05/2011,STL,MO,ACE,CE,Towers with Radar,346,123,14,2,485,0,0,2,0,2,346,123,16,2,487,0,0,0,487
06/06/2011,STL,MO,ACE,CE,Towers with Radar,387,145,21,0,553,0,6,4,4,14,387,151,25,4,567,0,0,0,567
06/07/2011,STL,MO,ACE,CE,Towers with Radar,373,149,21,6,549,0,11,5,2,18,373,160,26,8,567,0,0,0,567
06/08/2011,STL,MO,ACE,CE,Towers with Radar,384,143,30,4,561,0,5,10,1,16,384,148,40,5,577,0,0,0,577
06/09/2011,STL,MO,ACE,CE,Towers with Radar,368,163,33,7,571,0,3,4,3,10,368,166,37,10,581,0,0,0,581
06/10/2011,STL,MO,ACE,CE,Towers with Radar,388,160,25,9,582,0,0,2,5,7,388,160,27,14,589,0,0,0,589
06/11/2011,STL,MO,ACE,CE,Towers with Radar,318,109,19,0,446,0,0,3,2,5,318,109,22,2,451,0,0,0,451
06/12/2011,STL,MO,ACE,CE,Towers with Radar,341,129,8,2,480,0,4,3,0,7,341,133,11,2,487,0,0,0,487
06/13/2011,STL,MO,ACE,CE,Towers with Radar,384,172,32,0,588,0,1,7,0,8,384,173,39,0,596,0,0,0,596
06/14/2011,STL,MO,ACE,CE,Towers with Radar,378,160,31,4,573,0,2,1,0,3,378,162,32,4,576,0,0,0,576
06/15/2011,STL,MO,ACE,CE,Towers with Radar,378,156,44,9,587,0,3,8,0,11,378,159,52,9,598,0,0,0,598
06/16/2011,STL,MO,ACE,CE,Towers with Radar,383,162,33,5,583,0,7,4,0,11,383,169,37,5,594,0,0,0,594
06/17/2011,STL,MO,ACE,CE,Towers with Radar,385,166,19,6,576,0,1,3,0,4,385,167,22,6,580,0,0,0,580
06/18/2011,STL,MO,ACE,CE,Towers with Radar,317,99,18,0,434,0,0,1,0,1,317,99,19,0,435,0,0,0,435
06/19/2011,STL,MO,ACE,CE,Towers with Radar,343,128,15,1,487,0,1,0,0,1,343,129,15,1,488,0,0,0,488
06/20/2011,STL,MO,ACE,CE,Towers with Radar,381,158,36,4,579,0,6,3,0,9,381,164,39,4,588,0,0,0,588
06/21/2011,STL,MO,ACE,CE,Towers with Radar,387,157,31,4,579,0,1,3,0,4,387,158,34,4,583,0,0,0,583
06/22/2011,STL,MO,ACE,CE,Towers with Radar,380,163,36,23,602,0,1,6,7,14,380,164,42,30,616,0,0,0,616
06/23/2011,STL,MO,ACE,CE,Towers with Radar,378,162,35,3,578,0,2,5,4,11,378,164,40,7,589,0,0,0,589
06/24/2011,STL,MO,ACE,CE,Towers with Radar,385,160,18,5,568,0,1,2,4,7,385,161,20,9,575,0,0,0,575
06/25/2011,STL,MO,ACE,CE,Towers with Radar,308,105,14,2,429,0,1,1,1,3,308,106,15,3,432,0,0,0,432
06/26/2011,STL,MO,ACE,CE,Towers with Radar,338,135,26,8,507,0,0,2,0,2,338,135,28,8,509,0,0,0,509
06/27/2011,STL,MO,ACE,CE,Towers with Radar,388,156,33,5,582,0,2,0,0,2,388,158,33,5,584,0,12,12,596
06/28/2011,STL,MO,ACE,CE,Towers with Radar,385,160,25,2,572,0,2,6,0,8,385,162,31,2,580,0,0,0,580
06/29/2011,STL,MO,ACE,CE,Towers with Radar,382,171,33,10,596,0,1,13,3,17,382,172,46,13,613,0,0,0,613
06/30/2011,STL,MO,ACE,CE,Towers with Radar,376,165,35,9,585,0,5,10,4,19,376,170,45,13,604,0,6,6,610
07/01/2011,STL,MO,ACE,CE,Towers with Radar,400,160,26,4,590,0,10,1,5,16,400,170,27,9,606,0,0,0,606
07/02/2011,STL,MO,ACE,CE,Towers with Radar,302,99,11,2,414,0,1,3,2,6,302,100,14,4,420,0,0,0,420
07/03/2011,STL,MO,ACE,CE,Towers with Radar,262,77,5,2,346,0,1,2,2,5,262,78,7,4,351,0,0,0,351
07/04/2011,STL,MO,ACE,CE,Towers with Radar,333,133,4,2,472,0,0,1,3,4,333,133,5,5,476,0,0,0,476
07/05/2011,STL,MO,ACE,CE,Towers with Radar,381,159,17,5,562,0,9,16,0,25,381,168,33,5,587,0,0,0,587
07/06/2011,STL,MO,ACE,CE,Towers with Radar,390,168,15,8,581,0,5,14,3,22,390,173,29,11,603,8,0,8,611
07/07/2011,STL,MO,ACE,CE,Towers with Radar,382,163,18,2,565,0,1,2,0,3,382,164,20,2,568,0,0,0,568
07/08/2011,STL,MO,ACE,CE,Towers with Radar,387,160,26,8,581,0,1,12,1,14,387,161,38,9,595,0,0,0,595
07/09/2011,STL,MO,ACE,CE,Towers with Radar,340,106,24,0,470,0,3,3,0,6,340,109,27,0,476,0,0,0,476
07/10/2011,STL,MO,ACE,CE,Towers with Radar,344,130,9,0,483,0,6,4,0,10,344,136,13,0,493,0,0,0,493
07/11/2011,STL,MO,ACE,CE,Towers with Radar,380,149,19,6,554,0,10,4,2,16,380,159,23,8,570,0,0,0,570
07/12/2011,STL,MO,ACE,CE,Towers with Radar,385,151,19,2,557,0,5,1,0,6,385,156,20,2,563,0,0,0,563
07/13/2011,STL,MO,ACE,CE,Towers with Radar,385,157,16,2,560,0,1,9,0,10,385,158,25,2,570,0,0,0,570
07/14/2011,STL,MO,ACE,CE,Towers with Radar,381,155,29,2,567,0,2,2,0,4,381,157,31,2,571,0,0,0,571
07/15/2011,STL,MO,ACE,CE,Towers with Radar,387,161,30,4,582,0,1,7,5,13,387,162,37,9,595,0,0,0,595
07/16/2011,STL,MO,ACE,CE,Towers with Radar,307,95,11,0,413,0,3,3,0,6,307,98,14,0,419,0,0,0,419
07/17/2011,STL,MO,ACE,CE,Towers with Radar,343,145,20,0,508,0,1,1,0,2,343,146,21,0,510,0,0,0,510
07/18/2011,STL,MO,ACE,CE,Towers with Radar,385,158,18,0,561,0,4,8,3,15,385,162,26,3,576,0,0,0,576
07/19/2011,STL,MO,ACE,CE,Towers with Radar,371,154,27,9,561,0,4,2,2,8,371,158,29,11,569,0,0,0,569
07/20/2011,STL,MO,ACE,CE,Towers with Radar,390,177,28,6,601,0,5,5,1,11,390,182,33,7,612,0,0,0,612
07/21/2011,STL,MO,ACE,CE,Towers with Radar,379,173,27,5,584,0,5,2,0,7,379,178,29,5,591,0,0,0,591
07/22/2011,STL,MO,ACE,CE,Towers with Radar,396,171,30,5,602,0,2,7,1,10,396,173,37,6,612,0,0,0,612
07/23/2011,STL,MO,ACE,CE,Towers with Radar,312,107,9,0,428,0,1,2,0,3,312,108,11,0,431,0,0,0,431
07/24/2011,STL,MO,ACE,CE,Towers with Radar,345,140,20,1,506,0,0,3,0,3,345,140,23,1,509,0,0,0,509
07/25/2011,STL,MO,ACE,CE,Towers with Radar,370,145,28,7,550,0,3,1,6,10,370,148,29,13,560,0,0,0,560
07/26/2011,STL,MO,ACE,CE,Towers with Radar,384,161,20,12,577,0,10,0,0,10,384,171,20,12,587,0,0,0,587
07/27/2011,STL,MO,ACE,CE,Towers with Radar,379,168,36,0,583,0,3,6,0,9,379,171,42,0,592,0,0,0,592
07/28/2011,STL,MO,ACE,CE,Towers with Radar,375,168,28,8,579,0,6,12,6,24,375,174,40,14,603,0,0,0,603
07/29/2011,STL,MO,ACE,CE,Towers with Radar,389,167,30,8,594,0,0,1,0,1,389,167,31,8,595,0,0,0,595
07/30/2011,STL,MO,ACE,CE,Towers with Radar,312,103,7,0,422,0,0,4,0,4,312,103,11,0,426,0,0,0,426
07/31/2011,STL,MO,ACE,CE,Towers with Radar,351,131,7,7,496,0,0,4,0,4,351,131,11,7,500,0,0,0,500
08/01/2011,STL,MO,ACE,CE,Towers with Radar,378,161,13,4,556,0,5,13,2,20,378,166,26,6,576,24,20,44,620
08/02/2011,STL,MO,ACE,CE,Towers with Radar,387,164,25,2,578,0,3,10,0,13,387,167,35,2,591,0,0,0,591
08/03/2011,STL,MO,ACE,CE,Towers with Radar,386,153,29,8,576,0,3,7,0,10,386,156,36,8,586,0,0,0,586
08/04/2011,STL,MO,ACE,CE,Towers with Radar,384,163,30,4,581,0,7,4,0,11,384,170,34,4,592,0,0,0,592
08/05/2011,STL,MO,ACE,CE,Towers with Radar,390,171,19,0,580,0,2,8,0,10,390,173,27,0,590,0,0,0,590
08/06/2011,STL,MO,ACE,CE,Towers with Radar,311,102,5,0,418,0,0,1,0,1,311,102,6,0,419,0,0,0,419
08/07/2011,STL,MO,ACE,CE,Towers with Radar,354,129,10,0,493,0,1,2,0,3,354,130,12,0,496,0,0,0,496
08/08/2011,STL,MO,ACE,CE,Towers with Radar,379,155,16,12,562,0,3,3,5,11,379,158,19,17,573,0,0,0,573
08/09/2011,STL,MO,ACE,CE,Towers with Radar,379,159,18,0,556,0,4,2,0,6,379,163,20,0,562,0,0,0,562
08/10/2011,STL,MO,ACE,CE,Towers with Radar,383,168,27,0,578,0,6,16,0,22,383,174,43,0,600,0,0,0,600
08/11/2011,STL,MO,ACE,CE,Towers with Radar,381,171,31,5,588,0,4,4,0,8,381,175,35,5,596,0,0,0,596
08/12/2011,STL,MO,ACE,CE,Towers with Radar,397,160,20,12,589,0,3,1,3,7,397,163,21,15,596,0,0,0,596
08/13/2011,STL,MO,ACE,CE,Towers with Radar,318,99,11,0,428,0,1,4,0,5,318,100,15,0,433,0,0,0,433
08/14/2011,STL,MO,ACE,CE,Towers with Radar,324,129,11,4,468,0,0,7,0,7,324,129,18,4,475,0,0,0,475
08/15/2011,STL,MO,ACE,CE,Towers with Radar,382,155,13,0,550,0,4,1,3,8,382,159,14,3,558,0,12,12,570
08/16/2011,STL,MO,ACE,CE,Towers with Radar,372,161,33,1,567,0,4,4,0,8,372,165,37,1,575,0,0,0,575
08/17/2011,STL,MO,ACE,CE,Towers with Radar,377,151,26,10,564,0,1,4,0,5,377,152,30,10,569,0,0,0,569
08/18/2011,STL,MO,ACE,CE,Towers with Radar,376,158,23,11,568,0,2,1,1,4,376,160,24,12,572,0,0,0,572
08/19/2011,STL,MO,ACE,CE,Towers with Radar,374,159,22,2,557,0,0,0,0,0,374,159,22,2,557,0,0,0,557
08/20/2011,STL,MO,ACE,CE,Towers with Radar,290,106,6,0,402,0,2,0,0,2,290,108,6,0,404,0,0,0,404
08/21/2011,STL,MO,ACE,CE,Towers with Radar,308,132,8,3,451,0,1,7,1,9,308,133,15,4,460,0,0,0,460
08/22/2011,STL,MO,ACE,CE,Towers with Radar,374,157,17,16,564,0,3,20,6,29,374,160,37,22,593,0,0,0,593
08/23/2011,STL,MO,ACE,CE,Towers with Radar,369,150,28,2,549,0,4,1,3,8,369,154,29,5,557,0,0,0,557
08/24/2011,STL,MO,ACE,CE,Towers with Radar,383,154,30,4,571,0,6,4,0,10,383,160,34,4,581,0,0,0,581
08/25/2011,STL,MO,ACE,CE,Towers with Radar,368,165,42,10,585,0,4,7,0,11,368,169,49,10,596,0,0,0,596
08/26/2011,STL,MO,ACE,CE,Towers with Radar,379,175,26,15,595,0,0,3,0,3,379,175,29,15,598,0,0,0,598
08/27/2011,STL,MO,ACE,CE,Towers with Radar,260,100,12,2,374,0,2,9,0,11,260,102,21,2,385,0,0,0,385
08/28/2011,STL,MO,ACE,CE,Towers with Radar,284,117,11,11,423,0,0,3,0,3,284,117,14,11,426,0,0,0,426
08/29/2011,STL,MO,ACE,CE,Towers with Radar,373,149,10,4,536,0,4,6,1,11,373,153,16,5,547,0,0,0,547
08/30/2011,STL,MO,ACE,CE,Towers with Radar,368,129,22,8,527,0,4,6,2,12,368,133,28,10,539,12,0,12,551
08/31/2011,STL,MO,ACE,CE,Towers with Radar,384,144,29,2,559,0,1,6,0,7,384,145,35,2,566,0,0,0,566
09/01/2011,STL,MO,ACE,CE,Towers with Radar,382,154,24,5,565,0,0,5,2,7,382,154,29,7,572,0,0,0,572
09/02/2011,STL,MO,ACE,CE,Towers with Radar,392,164,22,5,583,0,1,5,1,7,392,165,27,6,590,0,0,0,590
09/03/2011,STL,MO,ACE,CE,Towers with Radar,260,88,7,0,355,0,0,0,0,0,260,88,7,0,355,0,0,0,355
09/04/2011,STL,MO,ACE,CE,Towers with Radar,256,92,3,0,351,0,0,3,0,3,256,92,6,0,354,0,0,0,354
09/05/2011,STL,MO,ACE,CE,Towers with Radar,337,132,12,0,481,0,2,3,0,5,337,134,15,0,486,0,0,0,486
09/06/2011,STL,MO,ACE,CE,Towers with Radar,376,154,13,5,548,0,0,3,0,3,376,154,16,5,551,0,0,0,551
09/07/2011,STL,MO,ACE,CE,Towers with Radar,370,150,20,11,551,0,0,6,4,10,370,150,26,15,561,0,0,0,561
09/08/2011,STL,MO,ACE,CE,Towers with Radar,376,156,28,8,568,0,2,12,1,15,376,158,40,9,583,0,0,0,583
09/09/2011,STL,MO,ACE,CE,Towers with Radar,380,154,17,2,553,0,0,1,0,1,380,154,18,2,554,0,0,0,554
09/10/2011,STL,MO,ACE,CE,Towers with Radar,273,101,15,0,389,0,0,2,4,6,273,101,17,4,395,0,0,0,395
09/11/2011,STL,MO,ACE,CE,Towers with Radar,336,126,8,5,475,0,1,1,1,3,336,127,9,6,478,0,0,0,478
09/12/2011,STL,MO,ACE,CE,Towers with Radar,378,163,14,4,559,0,1,6,7,14,378,164,20,11,573,0,0,0,573
09/13/2011,STL,MO,ACE,CE,Towers with Radar,372,138,22,3,535,0,0,12,0,12,372,138,34,3,547,0,0,0,547
09/14/2011,STL,MO,ACE,CE,Towers with Radar,376,151,22,0,549,0,0,1,0,1,376,151,23,0,550,0,0,0,550
09/15/2011,STL,MO,ACE,CE,Towers with Radar,385,153,40,17,595,0,2,10,3,15,385,155,50,20,610,0,0,0,610
09/16/2011,STL,MO,ACE,CE,Towers with Radar,374,164,24,4,566,0,0,5,3,8,374,164,29,7,574,0,0,0,574
09/17/2011,STL,MO,ACE,CE,Towers with Radar,271,96,8,2,377,0,1,0,0,1,271,97,8,2,378,0,0,0,378
09/18/2011,STL,MO,ACE,CE,Towers with Radar,321,131,9,0,461,0,0,0,0,0,321,131,9,0,461,0,0,0,461
09/19/2011,STL,MO,ACE,CE,Towers with Radar,382,152,26,18,578,0,0,2,0,2,382,152,28,18,580,0,0,0,580
09/20/2011,STL,MO,ACE,CE,Towers with Radar,379,140,36,4,559,0,2,7,0,9,379,142,43,4,568,0,0,0,568
09/21/2011,STL,MO,ACE,CE,Towers with Radar,370,156,33,13,572,0,3,9,0,12,370,159,42,13,584,0,0,0,584
09/22/2011,STL,MO,ACE,CE,Towers with Radar,383,156,28,9,576,0,3,11,0,14,383,159,39,9,590,0,0,0,590
09/23/2011,STL,MO,ACE,CE,Towers with Radar,379,161,24,6,570,0,0,1,0,1,379,161,25,6,571,0,0,0,571
09/24/2011,STL,MO,ACE,CE,Towers with Radar,273,110,8,0,391,0,0,5,0,5,273,110,13,0,396,0,0,0,396
09/25/2011,STL,MO,ACE,CE,Towers with Radar,336,121,9,0,466,0,0,3,0,3,336,121,12,0,469,0,0,0,469
09/26/2011,STL,MO,ACE,CE,Towers with Radar,371,143,33,1,548,0,0,2,0,2,371,143,35,1,550,0,0,0,550
09/27/2011,STL,MO,ACE,CE,Towers with Radar,377,144,31,3,555,0,0,25,1,26,377,144,56,4,581,0,0,0,581
09/28/2011,STL,MO,ACE,CE,Towers with Radar,371,153,31,1,556,0,0,14,0,14,371,153,45,1,570,0,0,0,570
09/29/2011,STL,MO,ACE,CE,Towers with Radar,377,147,26,4,554,0,3,3,0,6,377,150,29,4,560,0,0,0,560
09/30/2011,STL,MO,ACE,CE,Towers with Radar,381,149,30,3,563,0,3,10,0,13,381,152,40,3,576,0,0,0,576
10/01/2011,STL,MO,ACE,CE,Towers with Radar,268,96,9,2,375,0,0,6,2,8,268,96,15,4,383,0,0,0,383
10/02/2011,STL,MO,ACE,CE,Towers with Radar,323,124,10,0,457,0,0,4,0,4,323,124,14,0,461,0,0,0,461
10/03/2011,STL,MO,ACE,CE,Towers with Radar,368,162,18,6,554,0,5,3,1,9,368,167,21,7,563,0,0,0,563
10/04/2011,STL,MO,ACE,CE,Towers with Radar,365,153,26,5,549,0,0,9,1,10,365,153,35,6,559,0,0,0,559
10/05/2011,STL,MO,ACE,CE,Towers with Radar,372,151,29,1,553,0,8,22,2,32,372,159,51,3,585,52,0,52,637
10/06/2011,STL,MO,ACE,CE,Towers with Radar,368,153,30,9,560,0,2,3,0,5,368,155,33,9,565,0,0,0,565
10/07/2011,STL,MO,ACE,CE,Towers with Radar,376,147,13,13,549,0,0,7,3,10,376,147,20,16,559,0,0,0,559
10/08/2011,STL,MO,ACE,CE,Towers with Radar,271,89,6,2,368,0,7,9,0,16,271,96,15,2,384,0,0,0,384
10/09/2011,STL,MO,ACE,CE,Towers with Radar,318,111,8,2,439,0,3,2,0,5,318,114,10,2,444,0,0,0,444
10/10/2011,STL,MO,ACE,CE,Towers with Radar,369,145,17,0,531,0,1,5,0,6,369,146,22,0,537,0,0,0,537
10/11/2011,STL,MO,ACE,CE,Towers with Radar,373,141,35,8,557,0,0,2,2,4,373,141,37,10,561,0,0,0,561
10/12/2011,STL,MO,ACE,CE,Towers with Radar,372,149,32,3,556,0,0,2,0,2,372,149,34,3,558,0,0,0,558
10/13/2011,STL,MO,ACE,CE,Towers with Radar,371,154,24,6,555,0,0,6,0,6,371,154,30,6,561,0,0,0,561
10/14/2011,STL,MO,ACE,CE,Towers with Radar,371,160,24,7,562,0,3,1,5,9,371,163,25,12,571,0,0,0,571
10/15/2011,STL,MO,ACE,CE,Towers with Radar,277,95,13,0,385,0,6,4,0,10,277,101,17,0,395,0,0,0,395
10/16/2011,STL,MO,ACE,CE,Towers with Radar,329,121,17,1,468,0,7,7,0,14,329,128,24,1,482,0,0,0,482
10/17/2011,STL,MO,ACE,CE,Towers with Radar,366,146,18,1,531,0,0,0,0,0,366,146,18,1,531,0,0,0,531
10/18/2011,STL,MO,ACE,CE,Towers with Radar,364,141,33,0,538,0,0,2,0,2,364,141,35,0,540,0,0,0,540
10/19/2011,STL,MO,ACE,CE,Towers with Radar,371,149,40,3,563,0,0,3,0,3,371,149,43,3,566,0,0,0,566
10/20/2011,STL,MO,ACE,CE,Towers with Radar,376,157,43,7,583,0,5,3,0,8,376,162,46,7,591,0,0,0,591
10/21/2011,STL,MO,ACE,CE,Towers with Radar,386,160,35,5,586,0,4,3,0,7,386,164,38,5,593,0,0,0,593
10/22/2011,STL,MO,ACE,CE,Towers with Radar,271,98,19,0,388,0,0,2,0,2,271,98,21,0,390,0,0,0,390
10/23/2011,STL,MO,ACE,CE,Towers with Radar,327,120,26,2,475,0,0,5,0,5,327,120,31,2,480,0,0,0,480
10/24/2011,STL,MO,ACE,CE,Towers with Radar,370,138,16,0,524,0,8,12,0,20,370,146,28,0,544,14,0,14,558
10/25/2011,STL,MO,ACE,CE,Towers with Radar,369,154,26,6,555,0,5,3,2,10,369,159,29,8,565,0,0,0,565
10/26/2011,STL,MO,ACE,CE,Towers with Radar,375,155,34,0,564,0,0,2,0,2,375,155,36,0,566,0,0,0,566
10/27/2011,STL,MO,ACE,CE,Towers with Radar,375,159,37,10,581,0,3,5,1,9,375,162,42,11,590,0,0,0,590
10/28/2011,STL,MO,ACE,CE,Towers with Radar,373,180,51,6,610,0,2,1,0,3,373,182,52,6,613,0,0,0,613
10/29/2011,STL,MO,ACE,CE,Towers with Radar,270,102,35,1,408,0,0,1,0,1,270,102,36,1,409,0,0,0,409
10/30/2011,STL,MO,ACE,CE,Towers with Radar,316,120,13,2,451,0,0,3,0,3,316,120,16,2,454,0,0,0,454
10/31/2011,STL,MO,ACE,CE,Towers with Radar,361,124,14,1,500,0,8,5,1,14,361,132,19,2,514,0,0,0,514
11/01/2011,STL,MO,ACE,CE,Towers with Radar,366,138,18,0,522,0,5,4,0,9,366,143,22,0,531,0,0,0,531
11/02/2011,STL,MO,ACE,CE,Towers with Radar,368,143,32,3,546,0,4,9,1,14,368,147,41,4,560,0,0,0,560
11/03/2011,STL,MO,ACE,CE,Towers with Radar,378,157,21,1,557,0,0,0,0,0,378,157,21,1,557,0,0,0,557
11/04/2011,STL,MO,ACE,CE,Towers with Radar,374,170,25,6,575,0,1,12,2,15,374,171,37,8,590,0,0,0,590
11/05/2011,STL,MO,ACE,CE,Towers with Radar,274,101,5,2,382,0,2,0,0,2,274,103,5,2,384,0,0,0,384
11/06/2011,STL,MO,ACE,CE,Towers with Radar,319,116,8,0,443,0,1,0,5,6,319,117,8,5,449,0,0,0,449
11/07/2011,STL,MO,ACE,CE,Towers with Radar,364,148,22,0,534,0,2,2,0,4,364,150,24,0,538,0,0,0,538
11/08/2011,STL,MO,ACE,CE,Towers with Radar,352,141,19,1,513,0,0,7,0,7,352,141,26,1,520,0,0,0,520
11/09/2011,STL,MO,ACE,CE,Towers with Radar,359,162,39,8,568,0,1,7,0,8,359,163,46,8,576,0,0,0,576
11/10/2011,STL,MO,ACE,CE,Towers with Radar,368,157,26,4,555,0,9,8,4,21,368,166,34,8,576,0,0,0,576
11/11/2011,STL,MO,ACE,CE,Towers with Radar,374,158,30,0,562,0,3,7,0,10,374,161,37,0,572,0,0,0,572
11/12/2011,STL,MO,ACE,CE,Towers with Radar,261,99,4,2,366,0,2,2,0,4,261,101,6,2,370,0,0,0,370
11/13/2011,STL,MO,ACE,CE,Towers with Radar,323,117,9,1,450,0,0,0,0,0,323,117,9,1,450,0,0,0,450
11/14/2011,STL,MO,ACE,CE,Towers with Radar,367,150,13,0,530,0,3,3,0,6,367,153,16,0,536,0,0,0,536
11/15/2011,STL,MO,ACE,CE,Towers with Radar,354,142,35,14,545,0,2,0,0,2,354,144,35,14,547,0,0,0,547
11/16/2011,STL,MO,ACE,CE,Towers with Radar,363,145,23,1,532,0,1,3,0,4,363,146,26,1,536,0,0,0,536
11/17/2011,STL,MO,ACE,CE,Towers with Radar,374,141,31,10,556,0,6,3,3,12,374,147,34,13,568,0,0,0,568
11/18/2011,STL,MO,ACE,CE,Towers with Radar,368,166,27,9,570,0,0,7,0,7,368,166,34,9,577,0,0,0,577
11/19/2011,STL,MO,ACE,CE,Towers with Radar,271,101,15,0,387,0,2,2,0,4,271,103,17,0,391,0,0,0,391
11/20/2011,STL,MO,ACE,CE,Towers with Radar,312,115,14,0,441,0,0,0,0,0,312,115,14,0,441,0,0,0,441
11/21/2011,STL,MO,ACE,CE,Towers with Radar,353,135,23,3,514,0,0,0,0,0,353,135,23,3,514,0,0,0,514
11/22/2011,STL,MO,ACE,CE,Towers with Radar,381,136,33,1,551,0,0,0,0,0,381,136,33,1,551,0,0,0,551
11/23/2011,STL,MO,ACE,CE,Towers with Radar,393,150,12,11,566,0,0,0,0,0,393,150,12,11,566,0,0,0,566
11/24/2011,STL,MO,ACE,CE,Towers with Radar,211,98,4,0,313,0,2,2,0,4,211,100,6,0,317,0,0,0,317
11/25/2011,STL,MO,ACE,CE,Towers with Radar,260,110,14,1,385,0,1,4,2,7,260,111,18,3,392,0,0,0,392
11/26/2011,STL,MO,ACE,CE,Towers with Radar,300,109,6,1,416,0,1,0,0,1,300,110,6,1,417,0,0,0,417
11/27/2011,STL,MO,ACE,CE,Towers with Radar,373,136,6,0,515,0,0,1,0,1,373,136,7,0,516,0,0,0,516
11/28/2011,STL,MO,ACE,CE,Towers with Radar,383,159,21,6,569,0,0,3,0,3,383,159,24,6,572,0,0,0,572
11/29/2011,STL,MO,ACE,CE,Towers with Radar,359,136,29,11,535,0,1,0,1,2,359,137,29,12,537,0,0,0,537
11/30/2011,STL,MO,ACE,CE,Towers with Radar,369,141,26,17,553,0,11,8,2,21,369,152,34,19,574,0,0,0,574
12/01/2011,STL,MO,ACE,CE,Towers with Radar,371,157,29,1,558,0,9,10,1,20,371,166,39,2,578,0,0,0,578
12/02/2011,STL,MO,ACE,CE,Towers with Radar,376,154,17,9,556,0,2,3,3,8,376,156,20,12,564,0,0,0,564
12/03/2011,STL,MO,ACE,CE,Towers with Radar,272,85,10,11,378,0,3,7,1,11,272,88,17,12,389,2,44,46,435
12/04/2011,STL,MO,ACE,CE,Towers with Radar,316,117,15,2,450,0,0,0,0,0,316,117,15,2,450,0,0,0,450
12/05/2011,STL,MO,ACE,CE,Towers with Radar,363,145,25,0,533,0,0,0,0,0,363,145,25,0,533,0,0,0,533
12/06/2011,STL,MO,ACE,CE,Towers with Radar,348,151,19,0,518,0,0,0,0,0,348,151,19,0,518,0,0,0,518
12/07/2011,STL,MO,ACE,CE,Towers with Radar,375,154,18,11,558,0,2,50,1,53,375,156,68,12,611,20,0,20,631
12/08/2011,STL,MO,ACE,CE,Towers with Radar,369,151,38,5,563,0,6,8,0,14,369,157,46,5,577,0,0,0,577
12/09/2011,STL,MO,ACE,CE,Towers with Radar,371,158,40,9,578,0,0,2,0,2,371,158,42,9,580,26,6,32,612
12/10/2011,STL,MO,ACE,CE,Towers with Radar,266,91,12,0,369,0,4,8,0,12,266,95,20,0,381,22,0,22,403
12/11/2011,STL,MO,ACE,CE,Towers with Radar,321,114,6,7,448,0,5,0,2,7,321,119,6,9,455,0,0,0,455
12/12/2011,STL,MO,ACE,CE,Towers with Radar,357,152,24,4,537,0,7,4,1,12,357,159,28,5,549,0,0,0,549
12/13/2011,STL,MO,ACE,CE,Towers with Radar,365,157,25,6,553,0,0,0,0,0,365,157,25,6,553,0,0,0,553
12/14/2011,STL,MO,ACE,CE,Towers with Radar,369,165,23,0,557,0,0,0,0,0,369,165,23,0,557,0,0,0,557
12/15/2011,STL,MO,ACE,CE,Towers with Radar,371,161,35,2,569,0,0,10,0,10,371,161,45,2,579,0,0,0,579
12/16/2011,STL,MO,ACE,CE,Towers with Radar,377,150,20,0,547,0,11,9,2,22,377,161,29,2,569,0,0,0,569
12/17/2011,STL,MO,ACE,CE,Towers with Radar,271,92,14,2,379,0,13,5,0,18,271,105,19,2,397,0,0,0,397
12/18/2011,STL,MO,ACE,CE,Towers with Radar,332,100,13,1,446,0,7,8,0,15,332,107,21,1,461,12,0,12,473
12/19/2011,STL,MO,ACE,CE,Towers with Radar,363,143,23,1,530,0,0,1,0,1,363,143,24,1,531,0,0,0,531
12/20/2011,STL,MO,ACE,CE,Towers with Radar,378,147,17,0,542,0,0,0,0,0,378,147,17,0,542,0,0,0,542
12/21/2011,STL,MO,ACE,CE,Towers with Radar,376,142,19,0,537,0,0,4,0,4,376,142,23,0,541,22,0,22,563
12/22/2011,STL,MO,ACE,CE,Towers with Radar,391,139,9,0,539,0,0,2,0,2,391,139,11,0,541,0,0,0,541
12/23/2011,STL,MO,ACE,CE,Towers with Radar,395,142,13,14,564,0,1,0,0,1,395,143,13,14,565,0,0,0,565
12/24/2011,STL,MO,ACE,CE,Towers with Radar,253,75,6,0,334,0,6,2,0,8,253,81,8,0,342,0,0,0,342
12/25/2011,STL,MO,ACE,CE,Towers with Radar,243,86,4,0,333,0,2,2,0,4,243,88,6,0,337,0,0,0,337
12/26/2011,STL,MO,ACE,CE,Towers with Radar,359,144,4,0,507,0,2,3,0,5,359,146,7,0,512,0,0,0,512
12/27/2011,STL,MO,ACE,CE,Towers with Radar,380,150,23,0,553,0,1,0,0,1,380,151,23,0,554,0,0,0,554
12/28/2011,STL,MO,ACE,CE,Towers with Radar,389,137,5,0,531,0,5,11,0,16,389,142,16,0,547,26,0,26,573
12/29/2011,STL,MO,ACE,CE,Towers with Radar,373,136,6,0,515,0,1,0,0,1,373,137,6,0,516,0,0,0,516
12/30/2011,STL,MO,ACE,CE,Towers with Radar,360,148,4,0,512,0,0,0,0,0,360,148,4,0,512,0,0,0,512
12/31/2011,STL,MO,ACE,CE,Towers with Radar,259,75,5,0,339,0,1,0,0,1,259,76,5,0,340,0,0,0,340
01/01/2012,STL,MO,ACE,CE,Towers with Radar,265,107,4,0,376,0,1,0,0,1,265,108,4,0,377,0,0,0,377
01/02/2012,STL,MO,ACE,CE,Towers with Radar,371,156,13,0,540,0,1,0,0,1,371,157,13,0,541,0,0,0,541
01/03/2012,STL,MO,ACE,CE,Towers with Radar,362,138,12,0,512,0,6,0,0,6,362,144,12,0,518,0,0,0,518
01/04/2012,STL,MO,ACE,CE,Towers with Radar,373,139,27,3,542,0,7,10,0,17,373,146,37,3,559,0,0,0,559
01/05/2012,STL,MO,ACE,CE,Towers with Radar,367,131,21,17,536,0,25,4,1,30,367,156,25,18,566,0,0,0,566
01/06/2012,STL,MO,ACE,CE,Towers with Radar,366,149,28,4,547,0,8,9,2,19,366,157,37,6,566,0,0,0,566
01/07/2012,STL,MO,ACE,CE,Towers with Radar,265,85,9,18,377,0,2,2,1,5,265,87,11,19,382,0,0,0,382
01/08/2012,STL,MO,ACE,CE,Towers with Radar,311,115,12,0,438,0,2,0,0,2,311,117,12,0,440,0,0,0,440
01/09/2012,STL,MO,ACE,CE,Towers with Radar,353,158,25,3,539,0,8,6,0,14,353,166,31,3,553,0,0,0,553
01/10/2012,STL,MO,ACE,CE,Towers with Radar,360,123,18,6,507,0,15,6,0,21,360,138,24,6,528,0,0,0,528
01/11/2012,STL,MO,ACE,CE,Towers with Radar,360,137,20,6,523,0,1,2,2,5,360,138,22,8,528,0,0,0,528
01/12/2012,STL,MO,ACE,CE,Towers with Radar,367,140,21,0,528,0,0,0,0,0,367,140,21,0,528,0,0,0,528
01/13/2012,STL,MO,ACE,CE,Towers with Radar,359,152,23,5,539,0,2,2,1,5,359,154,25,6,544,0,0,0,544
01/14/2012,STL,MO,ACE,CE,Towers with Radar,241,88,10,6,345,0,1,4,1,6,241,89,14,7,351,6,0,6,357
01/15/2012,STL,MO,ACE,CE,Towers with Radar,294,105,5,2,406,0,4,0,2,6,294,109,5,4,412,0,0,0,412
01/16/2012,STL,MO,ACE,CE,Towers with Radar,351,152,25,2,530,0,6,3,0,9,351,158,28,2,539,0,0,0,539
01/17/2012,STL,MO,ACE,CE,Towers with Radar,357,146,13,3,519,0,0,0,0,0,357,146,13,3,519,0,0,0,519
01/18/2012,STL,MO,ACE,CE,Towers with Radar,360,133,26,1,520,0,9,5,0,14,360,142,31,1,534,9,0,9,543
01/19/2012,STL,MO,ACE,CE,Towers with Radar,355,146,37,4,542,0,4,2,0,6,355,150,39,4,548,0,0,0,548
01/20/2012,STL,MO,ACE,CE,Towers with Radar,367,128,15,8,518,0,0,1,1,2,367,128,16,9,520,0,0,0,520
01/21/2012,STL,MO,ACE,CE,Towers with Radar,243,89,14,0,346,0,0,4,0,4,243,89,18,0,350,0,0,0,350
01/22/2012,STL,MO,ACE,CE,Towers with Radar,305,106,7,1,419,0,0,0,0,0,305,106,7,1,419,0,0,0,419
01/23/2012,STL,MO,ACE,CE,Towers with Radar,350,150,19,1,520,0,1,2,0,3,350,151,21,1,523,0,0,0,523
01/24/2012,STL,MO,ACE,CE,Towers with Radar,350,116,26,14,506,0,13,5,1,19,350,129,31,15,525,0,26,26,551
01/25/2012,STL,MO,ACE,CE,Towers with Radar,357,144,29,0,530,0,3,1,0,4,357,147,30,0,534,0,0,0,534
01/26/2012,STL,MO,ACE,CE,Towers with Radar,360,137,22,0,519,0,0,0,0,0,360,137,22,0,519,0,0,0,519
01/27/2012,STL,MO,ACE,CE,Towers with Radar,357,151,22,1,531,0,2,2,0,4,357,153,24,1,535,0,0,0,535
01/28/2012,STL,MO,ACE,CE,Towers with Radar,249,84,9,4,346,0,4,2,0,6,249,88,11,4,352,0,0,0,352
01/29/2012,STL,MO,ACE,CE,Towers with Radar,306,103,10,3,422,0,4,3,0,7,306,107,13,3,429,0,0,0,429
01/30/2012,STL,MO,ACE,CE,Towers with Radar,351,144,12,3,510,0,10,4,0,14,351,154,16,3,524,0,0,0,524
01/31/2012,STL,MO,ACE,CE,Towers with Radar,356,128,30,0,514,0,1,4,0,5,356,129,34,0,519,0,0,0,519
02/01/2012,STL,MO,ACE,CE,Towers with Radar,365,130,23,5,523,0,13,2,0,15,365,143,25,5,538,0,0,0,538
02/02/2012,STL,MO,ACE,CE,Towers with Radar,366,150,21,13,550,0,20,4,0,24,366,170,25,13,574,10,18,28,602
02/03/2012,STL,MO,ACE,CE,Towers with Radar,354,155,20,6,535,0,2,6,0,8,354,157,26,6,543,0,0,0,543
02/04/2012,STL,MO,ACE,CE,Towers with Radar,249,86,7,4,346,0,0,0,0,0,249,86,7,4,346,0,0,0,346
02/05/2012,STL,MO,ACE,CE,Towers with Radar,302,129,10,2,443,0,0,0,0,0,302,129,10,2,443,0,0,0,443
02/06/2012,STL,MO,ACE,CE,Towers with Radar,358,155,13,5,531,0,1,4,0,5,358,156,17,5,536,0,0,0,536
02/07/2012,STL,MO,ACE,CE,Towers with Radar,349,141,22,0,512,0,2,5,0,7,349,143,27,0,519,0,0,0,519
02/08/2012,STL,MO,ACE,CE,Towers with Radar,365,138,21,3,527,0,0,0,0,0,365,138,21,3,527,0,0,0,527
02/09/2012,STL,MO,ACE,CE,Towers with Radar,364,157,30,3,554,0,2,0,0,2,364,159,30,3,556,0,0,0,556
02/10/2012,STL,MO,ACE,CE,Towers with Radar,373,150,21,1,545,0,0,0,0,0,373,150,21,1,545,0,0,0,545
02/11/2012,STL,MO,ACE,CE,Towers with Radar,249,94,9,3,355,0,1,2,3,6,249,95,11,6,361,0,0,0,361
02/12/2012,STL,MO,ACE,CE,Towers with Radar,319,106,12,0,437,0,0,6,0,6,319,106,18,0,443,0,0,0,443
02/13/2012,STL,MO,ACE,CE,Towers with Radar,355,145,4,0,504,0,0,1,0,1,355,145,5,0,505,0,0,0,505
02/14/2012,STL,MO,ACE,CE,Towers with Radar,374,133,14,0,521,0,0,0,0,0,374,133,14,0,521,0,0,0,521
02/15/2012,STL,MO,ACE,CE,Towers with Radar,376,146,24,1,547,0,0,0,1,1,376,146,24,2,548,0,0,0,548
02/16/2012,STL,MO,ACE,CE,Towers with Radar,362,184,15,8,569,0,0,1,0,1,362,184,16,8,570,0,0,0,570
02/17/2012,STL,MO,ACE,CE,Towers with Radar,375,160,25,10,570,0,1,23,3,27,375,161,48,13,597,0,0,0,597
02/18/2012,STL,MO,ACE,CE,Towers with Radar,243,103,9,5,360,0,0,4,0,4,243,103,13,5,364,0,0,0,364
02/19/2012,STL,MO,ACE,CE,Towers with Radar,299,127,10,0,436,0,1,7,0,8,299,128,17,0,444,0,0,0,444
02/20/2012,STL,MO,ACE,CE,Towers with Radar,357,149,13,6,525,0,13,7,3,23,357,162,20,9,548,0,0,0,548
02/21/2012,STL,MO,ACE,CE,Towers with Radar,356,152,27,6,541,0,6,3,0,9,356,158,30,6,550,0,0,0,550
02/22/2012,STL,MO,ACE,CE,Towers with Radar,363,154,24,6,547,0,9,14,3,26,363,163,38,9,573,0,0,0,573
02/23/2012,STL,MO,ACE,CE,Towers with Radar,359,158,31,12,560,0,3,3,1,7,359,161,34,13,567,0,0,0,567
02/24/2012,STL,MO,ACE,CE,Towers with Radar,360,172,13,2,547,0,2,7,0,9,360,174,20,2,556,0,0,0,556
02/25/2012,STL,MO,ACE,CE,Towers with Radar,259,84,13,3,359,0,2,5,0,7,259,86,18,3,366,20,26,46,412
02/26/2012,STL,MO,ACE,CE,Towers with Radar,324,112,16,4,456,0,2,5,0,7,324,114,21,4,463,0,0,0,463
02/27/2012,STL,MO,ACE,CE,Towers with Radar,366,140,17,4,527,0,25,7,3,35,366,165,24,7,562,0,0,0,562
02/28/2012,STL,MO,ACE,CE,Towers with Radar,361,159,12,2,534,0,6,1,0,7,361,165,13,2,541,0,0,0,541
02/29/2012,STL,MO,ACE,CE,Towers with Radar,363,156,10,1,530,0,10,6,0,16,363,166,16,1,546,0,0,0,546
03/01/2012,STL,MO,ACE,CE,Towers with Radar,369,163,28,2,562,0,14,7,0,21,369,177,35,2,583,0,0,0,583
03/02/2012,STL,MO,ACE,CE,Towers with Radar,378,165,14,3,560,0,3,0,0,3,378,168,14,3,563,0,0,0,563
03/03/2012,STL,MO,ACE,CE,Towers with Radar,256,103,8,2,369,0,0,3,0,3,256,103,11,2,372,0,0,0,372
03/04/2012,STL,MO,ACE,CE,Towers with Radar,320,129,8,2,459,0,1,2,0,3,320,130,10,2,462,0,0,0,462
03/05/2012,STL,MO,ACE,CE,Towers with Radar,368,150,15,6,539,0,12,6,0,18,368,162,21,6,557,0,0,0,557
03/06/2012,STL,MO,ACE,CE,Towers with Radar,368,132,18,0,518,0,17,1,2,20,368,149,19,2,538,0,0,0,538
03/07/2012,STL,MO,ACE,CE,Towers with Radar,371,161,19,1,552,0,5,5,0,10,371,166,24,1,562,0,0,0,562
03/08/2012,STL,MO,ACE,CE,Towers with Radar,372,167,18,8,565,0,3,1,0,4,372,170,19,8,569,0,0,0,569
03/09/2012,STL,MO,ACE,CE,Towers with Radar,384,165,27,5,581,0,5,2,0,7,384,170,29,5,588,0,0,0,588
03/10/2012,STL,MO,ACE,CE,Towers with Radar,293,91,13,2,399,0,3,6,0,9,293,94,19,2,408,0,0,0,408
03/11/2012,STL,MO,ACE,CE,Towers with Radar,347,119,7,0,473,0,0,0,0,0,347,119,7,0,473,0,0,0,473
03/12/2012,STL,MO,ACE,CE,Towers with Radar,383,148,21,4,556,0,6,1,0,7,383,154,22,4,563,0,0,0,563
03/13/2012,STL,MO,ACE,CE,Towers with Radar,375,133,24,4,536,0,14,5,0,19,375,147,29,4,555,0,0,0,555
03/14/2012,STL,MO,ACE,CE,Towers with Radar,382,151,25,2,560,0,6,4,0,10,382,157,29,2,570,0,0,0,570
03/15/2012,STL,MO,ACE,CE,Towers with Radar,382,161,28,9,580,0,3,3,0,6,382,164,31,9,586,0,0,0,586
03/16/2012,STL,MO,ACE,CE,Towers with Radar,396,164,16,3,579,0,4,4,7,15,396,168,20,10,594,0,0,0,594
03/17/2012,STL,MO,ACE,CE,Towers with Radar,290,86,16,0,392,0,1,0,0,1,290,87,16,0,393,0,0,0,393
03/18/2012,STL,MO,ACE,CE,Towers with Radar,348,132,17,2,499,0,1,0,0,1,348,133,17,2,500,0,0,0,500
03/19/2012,STL,MO,ACE,CE,Towers with Radar,375,150,22,10,557,0,7,5,1,13,375,157,27,11,570,0,0,0,570
03/20/2012,STL,MO,ACE,CE,Towers with Radar,371,143,14,11,539,0,17,0,4,21,371,160,14,15,560,0,0,0,560
03/21/2012,STL,MO,ACE,CE,Towers with Radar,383,161,24,4,572,0,4,2,0,6,383,165,26,4,578,0,0,0,578
03/22/2012,STL,MO,ACE,CE,Towers with Radar,390,158,35,0,583,0,1,0,0,1,390,159,35,0,584,0,0,0,584
03/23/2012,STL,MO,ACE,CE,Towers with Radar,396,160,20,1,577,0,1,1,1,3,396,161,21,2,580,0,0,0,580
03/24/2012,STL,MO,ACE,CE,Towers with Radar,301,84,15,0,400,0,3,1,0,4,301,87,16,0,404,0,0,0,404
03/25/2012,STL,MO,ACE,CE,Towers with Radar,348,140,19,2,509,0,1,2,0,3,348,141,21,2,512,0,0,0,512
03/26/2012,STL,MO,ACE,CE,Towers with Radar,374,159,10,6,549,0,9,10,0,19,374,168,20,6,568,38,19,57,625
03/27/2012,STL,MO,ACE,CE,Towers with Radar,375,147,27,11,560,0,15,4,2,21,375,162,31,13,581,0,18,18,599
03/28/2012,STL,MO,ACE,CE,Towers with Radar,380,148,20,5,553,0,14,8,2,24,380,162,28,7,577,0,0,0,577
03/29/2012,STL,MO,ACE,CE,Towers with Radar,386,180,16,5,587,0,5,8,0,13,386,185,24,5,600,0,0,0,600
03/30/2012,STL,MO,ACE,CE,Towers with Radar,387,151,19,0,557,0,11,5,0,16,387,162,24,0,573,0,0,0,573
03/31/2012,STL,MO,ACE,CE,Towers with Radar,296,90,18,3,407,0,4,2,1,7,296,94,20,4,414,0,0,0,414
04/01/2012,STL,MO,ACE,CE,Towers with Radar,346,119,19,0,484,0,4,2,0,6,346,123,21,0,490,0,0,0,490
04/02/2012,STL,MO,ACE,CE,Towers with Radar,381,151,15,5,552,0,17,4,1,22,381,168,19,6,574,0,0,0,574
04/03/2012,STL,MO,ACE,CE,Towers with Radar,367,148,32,4,551,0,11,4,1,16,367,159,36,5,567,0,0,0,567
04/04/2012,STL,MO,ACE,CE,Towers with Radar,365,171,25,2,563,0,0,0,0,0,365,171,25,2,563,0,0,0,563
04/05/2012,STL,MO,ACE,CE,Towers with Radar,372,164,35,2,573,0,1,0,0,1,372,165,35,2,574,0,0,0,574
04/06/2012,STL,MO,ACE,CE,Towers with Radar,378,154,7,15,554,0,9,5,3,17,378,163,12,18,571,0,0,0,571
04/07/2012,STL,MO,ACE,CE,Towers with Radar,294,85,12,0,391,0,2,5,0,7,294,87,17,0,398,0,0,0,398
04/08/2012,STL,MO,ACE,CE,Towers with Radar,312,109,6,0,427,0,3,6,0,9,312,112,12,0,436,0,0,0,436
04/09/2012,STL,MO,ACE,CE,Towers with Radar,374,144,12,7,537,0,15,4,0,19,374,159,16,7,556,0,0,0,556
04/10/2012,STL,MO,ACE,CE,Towers with Radar,368,159,20,1,548,0,16,4,0,20,368,175,24,1,568,0,0,0,568
04/11/2012,STL,MO,ACE,CE,Towers with Radar,380,156,41,0,577,0,19,13,0,32,380,175,54,0,609,0,0,0,609
04/12/2012,STL,MO,ACE,CE,Towers with Radar,392,156,35,2,585,0,16,18,0,34,392,172,53,2,619,0,0,0,619
04/13/2012,STL,MO,ACE,CE,Towers with Radar,393,159,19,0,571,0,1,0,0,1,393,160,19,0,572,0,0,0,572
04/14/2012,STL,MO,ACE,CE,Towers with Radar,287,88,26,0,401,0,0,4,0,4,287,88,30,0,405,0,0,0,405
04/15/2012,STL,MO,ACE,CE,Towers with Radar,339,106,16,0,461,0,1,3,0,4,339,107,19,0,465,0,0,0,465
04/16/2012,STL,MO,ACE,CE,Towers with Radar,391,181,23,2,597,0,7,8,0,15,391,188,31,2,612,0,0,0,612
04/17/2012,STL,MO,ACE,CE,Towers with Radar,374,148,24,0,546,0,14,33,0,47,374,162,57,0,593,0,0,0,593
04/18/2012,STL,MO,ACE,CE,Towers with Radar,378,159,43,8,588,0,17,8,4,29,378,176,51,12,617,0,0,0,617
04/19/2012,STL,MO,ACE,CE,Towers with Radar,386,159,23,15,583,0,14,19,2,35,386,173,42,17,618,0,0,0,618
04/20/2012,STL,MO,ACE,CE,Towers with Radar,383,163,26,0,572,0,4,0,1,5,383,167,26,1,577,0,0,0,577
04/21/2012,STL,MO,ACE,CE,Towers with Radar,286,90,15,0,391,0,6,2,0,8,286,96,17,0,399,0,0,0,399
04/22/2012,STL,MO,ACE,CE,Towers with Radar,338,121,14,0,473,0,0,2,0,2,338,121,16,0,475,0,0,0,475
04/23/2012,STL,MO,ACE,CE,Towers with Radar,383,150,25,5,563,0,10,2,0,12,383,160,27,5,575,0,0,0,575
04/24/2012,STL,MO,ACE,CE,Towers with Radar,368,152,22,4,546,0,29,5,0,34,368,181,27,4,580,0,0,0,580
04/25/2012,STL,MO,ACE,CE,Towers with Radar,383,153,33,3,572,0,17,2,1,20,383,170,35,4,592,0,0,0,592
04/26/2012,STL,MO,ACE,CE,Towers with Radar,394,155,35,16,600,0,10,15,2,27,394,165,50,18,627,0,0,0,627
04/27/2012,STL,MO,ACE,CE,Towers with Radar,385,159,24,4,572,0,9,5,0,14,385,168,29,4,586,0,0,0,586
04/28/2012,STL,MO,ACE,CE,Towers with Radar,291,92,21,0,404,0,0,0,0,0,291,92,21,0,404,0,0,0,404
04/29/2012,STL,MO,ACE,CE,Towers with Radar,345,117,15,0,477,0,0,0,0,0,345,117,15,0,477,0,0,0,477
04/30/2012,STL,MO,ACE,CE,Towers with Radar,376,157,32,1,566,0,4,0,0,4,376,161,32,1,570,0,0,0,570
05/01/2012,STL,MO,ACE,CE,Towers with Radar,373,156,24,4,557,0,11,3,6,20,373,167,27,10,577,0,0,0,577
05/02/2012,STL,MO,ACE,CE,Towers with Radar,377,162,28,3,570,0,17,1,2,20,377,179,29,5,590,6,4,10,600
05/03/2012,STL,MO,ACE,CE,Towers with Radar,384,162,11,3,560,0,3,3,0,6,384,165,14,3,566,6,4,10,576
05/04/2012,STL,MO,ACE,CE,Towers with Radar,376,160,20,1,557,0,1,5,0,6,376,161,25,1,563,0,0,0,563
05/05/2012,STL,MO,ACE,CE,Towers with Radar,289,88,21,0,398,0,4,2,0,6,289,92,23,0,404,6,4,10,414
05/06/2012,STL,MO,ACE,CE,Towers with Radar,338,117,18,0,473,0,0,0,0,0,338,117,18,0,473,6,4,10,483
05/07/2012,STL,MO,ACE,CE,Towers with Radar,383,165,14,3,565,0,1,0,0,1,383,166,14,3,566,6,4,10,576
05/08/2012,STL,MO,ACE,CE,Towers with Radar,376,155,25,7,563,0,13,7,0,20,376,168,32,7,583,6,4,10,593
05/09/2012,STL,MO,ACE,CE,Towers with Radar,363,164,39,1,567,0,12,9,0,21,363,176,48,1,588,6,4,10,598
05/10/2012,STL,MO,ACE,CE,Towers with Radar,387,159,29,7,582,0,9,12,1,22,387,168,41,8,604,6,4,10,614
05/11/2012,STL,MO,ACE,CE,Towers with Radar,376,168,28,7,579,0,6,3,0,9,376,174,31,7,588,6,4,10,598
05/12/2012,STL,MO,ACE,CE,Towers with Radar,282,93,10,0,385,0,7,0,0,7,282,100,10,0,392,0,0,0,392
05/13/2012,STL,MO,ACE,CE,Towers with Radar,331,125,13,0,469,0,1,0,0,1,331,126,13,0,470,0,0,0,470
05/14/2012,STL,MO,ACE,CE,Towers with Radar,377,148,23,5,553,0,20,3,2,25,377,168,26,7,578,28,0,28,606
05/15/2012,STL,MO,ACE,CE,Towers with Radar,378,145,27,0,550,0,27,9,0,36,378,172,36,0,586,0,0,0,586
05/16/2012,STL,MO,ACE,CE,Towers with Radar,374,159,34,6,573,0,9,1,2,12,374,168,35,8,585,0,0,0,585
05/17/2012,STL,MO,ACE,CE,Towers with Radar,382,152,38,6,578,0,19,2,3,24,382,171,40,9,602,0,4,4,606
05/18/2012,STL,MO,ACE,CE,Towers with Radar,379,166,34,3,582,0,13,4,0,17,379,179,38,3,599,0,0,0,599
05/19/2012,STL,MO,ACE,CE,Towers with Radar,285,102,11,1,399,0,6,6,0,12,285,108,17,1,411,0,0,0,411
05/20/2012,STL,MO,ACE,CE,Towers with Radar,335,127,17,2,481,0,3,0,0,3,335,130,17,2,484,0,0,0,484
05/21/2012,STL,MO,ACE,CE,Towers with Radar,378,145,17,5,545,0,14,5,1,20,378,159,22,6,565,0,0,0,565
05/22/2012,STL,MO,ACE,CE,Towers with Radar,369,143,19,10,541,0,14,7,1,22,369,157,26,11,563,0,0,0,563
05/23/2012,STL,MO,ACE,CE,Towers with Radar,377,151,12,3,543,0,15,9,0,24,377,166,21,3,567,0,0,0,567
05/24/2012,STL,MO,ACE,CE,Towers with Radar,390,149,37,1,577,0,13,4,1,18,390,162,41,2,595,0,0,0,595
05/25/2012,STL,MO,ACE,CE,Towers with Radar,383,165,18,3,569,0,2,2,0,4,383,167,20,3,573,0,0,0,573
05/26/2012,STL,MO,ACE,CE,Towers with Radar,272,85,12,2,371,0,8,4,0,12,272,93,16,2,383,0,0,0,383
05/27/2012,STL,MO,ACE,CE,Towers with Radar,271,84,1,2,358,0,8,0,0,8,271,92,1,2,366,0,0,0,366
05/28/2012,STL,MO,ACE,CE,Towers with Radar,333,133,6,3,475,0,8,12,0,20,333,141,18,3,495,0,0,0,495
05/29/2012,STL,MO,ACE,CE,Towers with Radar,363,156,25,3,547,0,12,6,1,19,363,168,31,4,566,0,0,0,566
05/30/2012,STL,MO,ACE,CE,Towers with Radar,371,154,22,11,558,0,13,8,2,23,371,167,30,13,581,0,0,0,581
05/31/2012,STL,MO,ACE,CE,Towers with Radar,378,167,25,2,572,0,2,3,0,5,378,169,28,2,577,0,0,0,577
06/01/2012,STL,MO,ACE,CE,Towers with Radar,381,163,28,7,579,0,1,13,0,14,381,164,41,7,593,0,0,0,593
06/02/2012,STL,MO,ACE,CE,Towers with Radar,285,89,12,1,387,0,5,5,0,10,285,94,17,1,397,0,0,0,397
06/03/2012,STL,MO,ACE,CE,Towers with Radar,342,113,11,0,466,0,9,5,0,14,342,122,16,0,480,0,0,0,480
06/04/2012,STL,MO,ACE,CE,Towers with Radar,384,156,24,0,564,0,8,4,0,12,384,164,28,0,576,0,0,0,576
06/05/2012,STL,MO,ACE,CE,Towers with Radar,377,145,23,4,549,0,11,12,2,25,377,156,35,6,574,0,0,0,574
06/06/2012,STL,MO,ACE,CE,Towers with Radar,373,156,19,6,554,0,12,6,7,25,373,168,25,13,579,0,0,0,579
06/07/2012,STL,MO,ACE,CE,Towers with Radar,399,155,31,11,596,0,12,2,2,16,399,167,33,13,612,0,0,0,612
06/08/2012,STL,MO,ACE,CE,Towers with Radar,398,156,29,3,586,0,10,6,1,17,398,166,35,4,603,0,0,0,603
06/09/2012,STL,MO,ACE,CE,Towers with Radar,308,97,5,0,410,0,6,3,0,9,308,103,8,0,419,0,0,0,419
06/10/2012,STL,MO,ACE,CE,Towers with Radar,350,130,11,2,493,0,5,2,0,7,350,135,13,2,500,0,0,0,500
06/11/2012,STL,MO,ACE,CE,Towers with Radar,399,153,17,1,570,0,2,1,1,4,399,155,18,2,574,0,0,0,574
06/12/2012,STL,MO,ACE,CE,Towers with Radar,380,160,17,13,570,0,8,10,1,19,380,168,27,14,589,0,0,0,589
06/13/2012,STL,MO,ACE,CE,Towers with Radar,392,158,26,6,582,0,13,5,4,22,392,171,31,10,604,0,12,12,616
06/14/2012,STL,MO,ACE,CE,Towers with Radar,382,164,23,0,569,0,11,2,0,13,382,175,25,0,582,0,0,0,582
06/15/2012,STL,MO,ACE,CE,Towers with Radar,397,146,11,2,556,0,10,0,0,10,397,156,11,2,566,0,0,0,566
06/16/2012,STL,MO,ACE,CE,Towers with Radar,319,101,4,0,424,0,3,2,0,5,319,104,6,0,429,0,0,0,429
06/17/2012,STL,MO,ACE,CE,Towers with Radar,347,131,20,2,500,0,1,1,0,2,347,132,21,2,502,0,0,0,502
06/18/2012,STL,MO,ACE,CE,Towers with Radar,391,155,14,4,564,0,9,5,1,15,391,164,19,5,579,0,0,0,579
06/19/2012,STL,MO,ACE,CE,Towers with Radar,391,165,16,5,577,0,10,4,0,14,391,175,20,5,591,0,0,0,591
06/20/2012,STL,MO,ACE,CE,Towers with Radar,381,163,15,5,564,0,8,8,1,17,381,171,23,6,581,0,0,0,581
06/21/2012,STL,MO,ACE,CE,Towers with Radar,390,154,18,3,565,0,5,13,4,22,390,159,31,7,587,0,0,0,587
06/22/2012,STL,MO,ACE,CE,Towers with Radar,380,159,21,1,561,0,13,10,2,25,380,172,31,3,586,0,0,0,586
06/23/2012,STL,MO,ACE,CE,Towers with Radar,319,87,9,0,415,0,12,9,0,21,319,99,18,0,436,0,0,0,436
06/24/2012,STL,MO,ACE,CE,Towers with Radar,345,118,16,0,479,0,11,1,0,12,345,129,17,0,491,0,0,0,491
06/25/2012,STL,MO,ACE,CE,Towers with Radar,385,155,18,3,561,0,9,5,1,15,385,164,23,4,576,0,0,0,576
06/26/2012,STL,MO,ACE,CE,Towers with Radar,388,161,33,1,583,0,11,7,3,21,388,172,40,4,604,0,0,0,604
06/27/2012,STL,MO,ACE,CE,Towers with Radar,386,164,23,0,573,0,13,4,4,21,386,177,27,4,594,0,0,0,594
06/28/2012,STL,MO,ACE,CE,Towers with Radar,399,141,37,6,583,0,15,2,1,18,399,156,39,7,601,0,0,0,601
06/29/2012,STL,MO,ACE,CE,Towers with Radar,399,167,29,2,597,0,10,1,4,15,399,177,30,6,612,0,0,0,612
06/30/2012,STL,MO,ACE,CE,Towers with Radar,314,102,9,0,425,0,5,4,0,9,314,107,13,0,434,0,0,0,434
07/01/2012,STL,MO,ACE,CE,Towers with Radar,352,120,6,0,478,0,1,6,0,7,352,121,12,0,485,0,0,0,485
07/02/2012,STL,MO,ACE,CE,Towers with Radar,359,137,12,1,509,0,8,4,8,20,359,145,16,9,529,0,0,0,529
07/03/2012,STL,MO,ACE,CE,Towers with Radar,348,131,29,0,508,0,14,5,4,23,348,145,34,4,531,0,0,0,531
07/04/2012,STL,MO,ACE,CE,Towers with Radar,315,107,4,0,426,0,13,1,0,14,315,120,5,0,440,0,0,0,440
07/05/2012,STL,MO,ACE,CE,Towers with Radar,343,133,14,3,493,0,11,8,2,21,343,144,22,5,514,0,0,0,514
07/06/2012,STL,MO,ACE,CE,Towers with Radar,345,141,12,0,498,0,7,9,0,16,345,148,21,0,514,0,0,0,514
07/07/2012,STL,MO,ACE,CE,Towers with Radar,305,98,9,0,412,0,1,2,0,3,305,99,11,0,415,0,0,0,415
07/08/2012,STL,MO,ACE,CE,Towers with Radar,347,141,20,0,508,0,2,3,0,5,347,143,23,0,513,0,0,0,513
07/09/2012,STL,MO,ACE,CE,Towers with Radar,375,172,17,12,576,0,3,5,1,9,375,175,22,13,585,0,0,0,585
07/10/2012,STL,MO,ACE,CE,Towers with Radar,374,173,20,3,570,0,9,6,1,16,374,182,26,4,586,0,0,0,586
07/11/2012,STL,MO,ACE,CE,Towers with Radar,376,174,32,6,588,0,5,3,1,9,376,179,35,7,597,0,0,0,597
07/12/2012,STL,MO,ACE,CE,Towers with Radar,383,170,30,1,584,0,5,13,0,18,383,175,43,1,602,0,0,0,602
07/13/2012,STL,MO,ACE,CE,Towers with Radar,376,160,14,0,550,0,2,23,16,41,376,162,37,16,591,0,0,0,591
07/14/2012,STL,MO,ACE,CE,Towers with Radar,316,99,11,0,426,0,0,0,0,0,316,99,11,0,426,0,0,0,426
07/15/2012,STL,MO,ACE,CE,Towers with Radar,333,127,20,0,480,0,6,2,0,8,333,133,22,0,488,0,0,0,488
07/16/2012,STL,MO,ACE,CE,Towers with Radar,374,171,22,5,572,0,9,8,1,18,374,180,30,6,590,32,0,32,622
07/17/2012,STL,MO,ACE,CE,Towers with Radar,375,172,27,9,583,0,9,1,3,13,375,181,28,12,596,0,0,0,596
07/18/2012,STL,MO,ACE,CE,Towers with Radar,361,166,25,2,554,0,10,9,4,23,361,176,34,6,577,0,14,14,591
07/19/2012,STL,MO,ACE,CE,Towers with Radar,384,163,22,5,574,0,18,2,1,21,384,181,24,6,595,13,0,13,608
07/20/2012,STL,MO,ACE,CE,Towers with Radar,383,187,30,7,607,0,1,8,0,9,383,188,38,7,616,0,0,0,616
07/21/2012,STL,MO,ACE,CE,Towers with Radar,311,103,7,0,421,0,6,0,0,6,311,109,7,0,427,0,0,0,427
07/22/2012,STL,MO,ACE,CE,Towers with Radar,344,132,7,0,483,0,6,2,0,8,344,138,9,0,491,0,0,0,491
07/23/2012,STL,MO,ACE,CE,Towers with Radar,372,161,11,5,549,0,14,1,1,16,372,175,12,6,565,0,0,0,565
07/24/2012,STL,MO,ACE,CE,Towers with Radar,374,157,20,4,555,0,16,3,3,22,374,173,23,7,577,0,10,10,587
07/25/2012,STL,MO,ACE,CE,Towers with Radar,371,169,28,5,573,0,13,2,0,15,371,182,30,5,588,0,0,0,588
07/26/2012,STL,MO,ACE,CE,Towers with Radar,366,161,31,3,561,0,8,0,0,8,366,169,31,3,569,0,0,0,569
07/27/2012,STL,MO,ACE,CE,Towers with Radar,375,174,35,0,584,0,5,4,0,9,375,179,39,0,593,8,0,8,601
07/28/2012,STL,MO,ACE,CE,Towers with Radar,319,91,9,0,419,0,7,0,0,7,319,98,9,0,426,0,0,0,426
07/29/2012,STL,MO,ACE,CE,Towers with Radar,341,139,10,2,492,0,4,1,0,5,341,143,11,2,497,0,0,0,497
07/30/2012,STL,MO,ACE,CE,Towers with Radar,369,154,15,1,539,0,14,5,1,20,369,168,20,2,559,0,0,0,559
07/31/2012,STL,MO,ACE,CE,Towers with Radar,366,151,16,6,539,0,17,14,0,31,366,168,30,6,570,0,0,0,570
08/01/2012,STL,MO,ACE,CE,Towers with Radar,369,180,24,3,576,1,10,10,0,21,370,190,34,3,597,0,0,0,597
08/02/2012,STL,MO,ACE,CE,Towers with Radar,376,160,23,1,560,0,10,5,0,15,376,170,28,1,575,0,0,0,575
08/03/2012,STL,MO,ACE,CE,Towers with Radar,381,172,15,8,576,0,5,3,0,8,381,177,18,8,584,0,0,0,584
08/04/2012,STL,MO,ACE,CE,Towers with Radar,319,92,14,5,430,0,0,1,0,1,319,92,15,5,431,0,0,0,431
08/05/2012,STL,MO,ACE,CE,Towers with Radar,345,132,7,0,484,0,5,7,0,12,345,137,14,0,496,0,0,0,496
08/06/2012,STL,MO,ACE,CE,Towers with Radar,374,167,17,0,558,0,10,2,0,12,374,177,19,0,570,0,0,0,570
08/07/2012,STL,MO,ACE,CE,Towers with Radar,375,158,25,5,563,0,14,4,1,19,375,172,29,6,582,0,0,0,582
08/08/2012,STL,MO,ACE,CE,Towers with Radar,376,163,24,0,563,0,18,1,0,19,376,181,25,0,582,0,0,0,582
08/09/2012,STL,MO,ACE,CE,Towers with Radar,361,160,31,5,557,0,9,6,4,19,361,169,37,9,576,0,0,0,576
08/10/2012,STL,MO,ACE,CE,Towers with Radar,366,164,22,4,556,0,3,1,2,6,366,167,23,6,562,0,0,0,562
08/11/2012,STL,MO,ACE,CE,Towers with Radar,311,100,9,7,427,0,4,11,0,15,311,104,20,7,442,0,0,0,442
08/12/2012,STL,MO,ACE,CE,Towers with Radar,324,133,7,1,465,0,5,0,0,5,324,138,7,1,470,0,0,0,470
08/13/2012,STL,MO,ACE,CE,Towers with Radar,368,159,17,8,552,0,2,2,2,6,368,161,19,10,558,0,0,0,558
08/14/2012,STL,MO,ACE,CE,Towers with Radar,363,161,19,6,549,0,8,6,7,21,363,169,25,13,570,0,0,0,570
08/15/2012,STL,MO,ACE,CE,Towers with Radar,378,149,25,6,558,0,16,5,2,23,378,165,30,8,581,0,0,0,581
08/16/2012,STL,MO,ACE,CE,Towers with Radar,383,158,31,5,577,0,7,0,2,9,383,165,31,7,586,0,0,0,586
08/17/2012,STL,MO,ACE,CE,Towers with Radar,377,163,29,7,576,0,11,0,3,14,377,174,29,10,590,0,0,0,590
08/18/2012,STL,MO,ACE,CE,Towers with Radar,253,121,13,3,390,0,8,4,3,15,253,129,17,6,405,0,0,0,405
08/19/2012,STL,MO,ACE,CE,Towers with Radar,321,140,8,0,469,0,8,4,0,12,321,148,12,0,481,0,0,0,481
08/20/2012,STL,MO,ACE,CE,Towers with Radar,369,167,32,0,568,0,11,3,0,14,369,178,35,0,582,0,0,0,582
08/21/2012,STL,MO,ACE,CE,Towers with Radar,355,157,38,13,563,0,12,4,1,17,355,169,42,14,580,0,0,0,580
08/22/2012,STL,MO,ACE,CE,Towers with Radar,369,160,20,3,552,0,11,6,0,17,369,171,26,3,569,0,0,0,569
08/23/2012,STL,MO,ACE,CE,Towers with Radar,367,157,27,4,555,0,21,0,1,22,367,178,27,5,577,0,0,0,577
08/24/2012,STL,MO,ACE,CE,Towers with Radar,370,173,24,1,568,0,8,4,1,13,370,181,28,2,581,0,0,0,581
08/25/2012,STL,MO,ACE,CE,Towers with Radar,255,125,14,1,395,0,5,0,0,5,255,130,14,1,400,0,0,0,400
08/26/2012,STL,MO,ACE,CE,Towers with Radar,317,137,11,1,466,0,2,0,0,2,317,139,11,1,468,0,0,0,468
08/27/2012,STL,MO,ACE,CE,Towers with Radar,362,176,14,0,552,0,2,1,0,3,362,178,15,0,555,0,0,0,555
08/28/2012,STL,MO,ACE,CE,Towers with Radar,352,159,16,6,533,0,13,1,2,16,352,172,17,8,549,0,0,0,549
08/29/2012,STL,MO,ACE,CE,Towers with Radar,361,157,24,0,542,0,16,10,0,26,361,173,34,0,568,0,0,0,568
08/30/2012,STL,MO,ACE,CE,Towers with Radar,368,174,31,2,575,0,13,3,0,16,368,187,34,2,591,0,0,0,591
08/31/2012,STL,MO,ACE,CE,Towers with Radar,368,164,12,1,545,0,0,0,1,1,368,164,12,2,546,0,0,0,546
09/01/2012,STL,MO,ACE,CE,Towers with Radar,232,108,8,0,348,0,0,0,0,0,232,108,8,0,348,0,0,0,348
09/02/2012,STL,MO,ACE,CE,Towers with Radar,243,85,5,0,333,0,1,1,0,2,243,86,6,0,335,0,0,0,335
09/03/2012,STL,MO,ACE,CE,Towers with Radar,311,150,8,0,469,0,0,0,0,0,311,150,8,0,469,0,0,0,469
09/04/2012,STL,MO,ACE,CE,Towers with Radar,357,155,25,3,540,0,8,1,1,10,357,163,26,4,550,0,0,0,550
09/05/2012,STL,MO,ACE,CE,Towers with Radar,366,159,36,3,564,0,4,3,7,14,366,163,39,10,578,0,0,0,578
09/06/2012,STL,MO,ACE,CE,Towers with Radar,365,169,38,10,582,0,10,2,1,13,365,179,40,11,595,0,12,12,607
09/07/2012,STL,MO,ACE,CE,Towers with Radar,360,142,16,2,520,0,5,12,5,22,360,147,28,7,542,0,0,0,542
09/08/2012,STL,MO,ACE,CE,Towers with Radar,262,90,6,3,361,0,24,8,0,32,262,114,14,3,393,0,0,0,393
09/09/2012,STL,MO,ACE,CE,Towers with Radar,314,123,10,1,448,0,13,3,0,16,314,136,13,1,464,0,0,0,464
09/10/2012,STL,MO,ACE,CE,Towers with Radar,358,149,19,12,538,1,14,7,2,24,359,163,26,14,562,0,0,0,562
09/11/2012,STL,MO,ACE,CE,Towers with Radar,345,164,18,0,527,0,6,7,0,13,345,170,25,0,540,0,0,0,540
09/12/2012,STL,MO,ACE,CE,Towers with Radar,363,184,13,2,562,0,6,1,0,7,363,190,14,2,569,0,0,0,569
09/13/2012,STL,MO,ACE,CE,Towers with Radar,364,171,22,1,558,1,4,6,1,12,365,175,28,2,570,0,0,0,570
09/14/2012,STL,MO,ACE,CE,Towers with Radar,371,174,29,6,580,0,0,2,2,4,371,174,31,8,584,0,0,0,584
09/15/2012,STL,MO,ACE,CE,Towers with Radar,267,97,15,1,380,0,7,2,0,9,267,104,17,1,389,0,0,0,389
09/16/2012,STL,MO,ACE,CE,Towers with Radar,304,139,9,10,462,0,0,0,0,0,304,139,9,10,462,0,0,0,462
09/17/2012,STL,MO,ACE,CE,Towers with Radar,361,169,20,10,560,0,0,4,0,4,361,169,24,10,564,0,0,0,564
09/18/2012,STL,MO,ACE,CE,Towers with Radar,347,155,23,5,530,0,1,11,3,15,347,156,34,8,545,0,0,0,545
09/19/2012,STL,MO,ACE,CE,Towers with Radar,360,169,29,6,564,0,6,12,2,20,360,175,41,8,584,14,0,14,598
09/20/2012,STL,MO,ACE,CE,Towers with Radar,376,166,37,4,583,0,10,11,1,22,376,176,48,5,605,0,0,0,605
09/21/2012,STL,MO,ACE,CE,Towers with Radar,363,171,30,6,570,0,11,2,2,15,363,182,32,8,585,0,0,0,585
09/22/2012,STL,MO,ACE,CE,Towers with Radar,255,92,19,0,366,0,13,4,0,17,255,105,23,0,383,0,0,0,383
09/23/2012,STL,MO,ACE,CE,Towers with Radar,310,122,14,4,450,1,14,2,0,17,311,136,16,4,467,0,0,0,467
09/24/2012,STL,MO,ACE,CE,Towers with Radar,354,161,18,4,537,0,8,0,4,12,354,169,18,8,549,0,0,0,549
09/25/2012,STL,MO,ACE,CE,Towers with Radar,351,162,30,0,543,0,0,2,6,8,351,162,32,6,551,0,25,25,576
09/26/2012,STL,MO,ACE,CE,Towers with Radar,351,163,29,6,549,0,0,12,0,12,351,163,41,6,561,0,0,0,561
09/27/2012,STL,MO,ACE,CE,Towers with Radar,369,174,36,0,579,0,0,1,0,1,369,174,37,0,580,0,0,0,580
09/28/2012,STL,MO,ACE,CE,Towers with Radar,368,169,21,1,559,0,4,2,4,10,368,173,23,5,569,0,0,0,569
09/29/2012,STL,MO,ACE,CE,Towers with Radar,257,91,18,0,366,0,15,3,0,18,257,106,21,0,384,0,0,0,384
09/30/2012,STL,MO,ACE,CE,Towers with Radar,335,125,16,2,478,0,12,3,0,15,335,137,19,2,493,0,0,0,493
10/01/2012,STL,MO,ACE,CE,Towers with Radar,366,145,19,1,531,0,12,2,3,17,366,157,21,4,548,0,0,0,548
10/02/2012,STL,MO,ACE,CE,Towers with Radar,349,156,31,2,538,0,11,9,2,22,349,167,40,4,560,0,0,0,560
10/03/2012,STL,MO,ACE,CE,Towers with Radar,368,170,35,5,578,0,3,11,2,16,368,173,46,7,594,0,0,0,594
10/04/2012,STL,MO,ACE,CE,Towers with Radar,370,165,31,8,574,0,3,12,8,23,370,168,43,16,597,0,0,0,597
10/05/2012,STL,MO,ACE,CE,Towers with Radar,377,172,23,1,573,0,0,3,0,3,377,172,26,1,576,0,0,0,576
10/06/2012,STL,MO,ACE,CE,Towers with Radar,279,107,10,0,396,0,5,0,0,5,279,112,10,0,401,0,0,0,401
10/07/2012,STL,MO,ACE,CE,Towers with Radar,333,131,13,0,477,0,10,2,0,12,333,141,15,0,489,0,0,0,489
10/08/2012,STL,MO,ACE,CE,Towers with Radar,374,154,23,3,554,0,8,4,5,17,374,162,27,8,571,0,0,0,571
10/09/2012,STL,MO,ACE,CE,Towers with Radar,359,170,22,6,557,0,5,4,1,10,359,175,26,7,567,0,0,0,567
10/10/2012,STL,MO,ACE,CE,Towers with Radar,367,167,30,1,565,0,5,4,0,9,367,172,34,1,574,0,0,0,574
10/11/2012,STL,MO,ACE,CE,Towers with Radar,378,174,35,13,600,0,0,2,3,5,378,174,37,16,605,0,0,0,605
10/12/2012,STL,MO,ACE,CE,Towers with Radar,373,166,23,9,571,0,5,6,0,11,373,171,29,9,582,0,0,0,582
10/13/2012,STL,MO,ACE,CE,Towers with Radar,273,99,9,2,383,0,0,6,1,7,273,99,15,3,390,0,0,0,390
10/14/2012,STL,MO,ACE,CE,Towers with Radar,335,132,11,1,479,0,2,2,1,5,335,134,13,2,484,0,0,0,484
10/15/2012,STL,MO,ACE,CE,Towers with Radar,369,160,34,3,566,0,8,7,0,15,369,168,41,3,581,0,0,0,581
10/16/2012,STL,MO,ACE,CE,Towers with Radar,365,159,44,8,576,0,10,5,4,19,365,169,49,12,595,0,0,0,595
10/17/2012,STL,MO,ACE,CE,Towers with Radar,360,161,21,0,542,0,1,8,0,9,360,162,29,0,551,0,0,0,551
10/18/2012,STL,MO,ACE,CE,Towers with Radar,380,160,37,1,578,0,10,1,3,14,380,170,38,4,592,0,0,0,592
10/19/2012,STL,MO,ACE,CE,Towers with Radar,376,170,24,2,572,0,0,5,1,6,376,170,29,3,578,0,0,0,578
10/20/2012,STL,MO,ACE,CE,Towers with Radar,278,103,12,2,395,0,5,6,0,11,278,108,18,2,406,0,0,0,406
10/21/2012,STL,MO,ACE,CE,Towers with Radar,329,134,9,4,476,13,10,9,0,32,342,144,18,4,508,0,0,0,508
10/22/2012,STL,MO,ACE,CE,Towers with Radar,383,163,25,1,572,0,1,0,0,1,383,164,25,1,573,0,0,0,573
10/23/2012,STL,MO,ACE,CE,Towers with Radar,364,164,17,4,549,0,2,1,2,5,364,166,18,6,554,0,0,0,554
10/24/2012,STL,MO,ACE,CE,Towers with Radar,368,189,20,10,587,0,3,4,4,11,368,192,24,14,598,0,0,0,598
10/25/2012,STL,MO,ACE,CE,Towers with Radar,370,167,28,2,567,0,2,4,2,8,370,169,32,4,575,0,0,0,575
10/26/2012,STL,MO,ACE,CE,Towers with Radar,379,157,22,6,564,0,12,2,2,16,379,169,24,8,580,0,0,0,580
10/27/2012,STL,MO,ACE,CE,Towers with Radar,275,95,14,0,384,0,6,1,0,7,275,101,15,0,391,0,0,0,391
10/28/2012,STL,MO,ACE,CE,Towers with Radar,330,137,30,0,497,0,6,0,0,6,330,143,30,0,503,0,0,0,503
10/29/2012,STL,MO,ACE,CE,Towers with Radar,318,147,27,1,493,0,5,13,0,18,318,152,40,1,511,0,0,0,511
10/30/2012,STL,MO,ACE,CE,Towers with Radar,307,133,21,4,465,0,7,5,5,17,307,140,26,9,482,0,0,0,482
10/31/2012,STL,MO,ACE,CE,Towers with Radar,320,134,16,2,472,0,9,3,0,12,320,143,19,2,484,0,0,0,484
11/01/2012,STL,MO,ACE,CE,Towers with Radar,368,151,27,1,547,0,11,9,0,20,368,162,36,1,567,18,0,18,585
11/02/2012,STL,MO,ACE,CE,Towers with Radar,374,156,29,6,565,0,15,1,0,16,374,171,30,6,581,0,0,0,581
11/03/2012,STL,MO,ACE,CE,Towers with Radar,271,100,11,3,385,0,5,0,0,5,271,105,11,3,390,0,0,0,390
11/04/2012,STL,MO,ACE,CE,Towers with Radar,330,126,14,4,474,0,4,6,0,10,330,130,20,4,484,0,0,0,484
11/05/2012,STL,MO,ACE,CE,Towers with Radar,367,152,21,2,542,0,0,9,0,9,367,152,30,2,551,0,0,0,551
11/06/2012,STL,MO,ACE,CE,Towers with Radar,337,140,30,2,509,0,0,8,0,8,337,140,38,2,517,0,0,0,517
11/07/2012,STL,MO,ACE,CE,Towers with Radar,353,163,28,2,546,0,0,4,0,4,353,163,32,2,550,0,0,0,550
11/08/2012,STL,MO,ACE,CE,Towers with Radar,369,155,22,8,554,0,6,7,2,15,369,161,29,10,569,0,0,0,569
11/09/2012,STL,MO,ACE,CE,Towers with Radar,377,147,24,5,553,0,12,2,3,17,377,159,26,8,570,0,0,0,570
11/10/2012,STL,MO,ACE,CE,Towers with Radar,259,87,7,0,353,0,10,0,0,10,259,97,7,0,363,0,0,0,363
11/11/2012,STL,MO,ACE,CE,Towers with Radar,330,122,10,0,462,0,0,0,0,0,330,122,10,0,462,0,0,0,462
11/12/2012,STL,MO,ACE,CE,Towers with Radar,370,170,24,2,566,0,1,2,0,3,370,171,26,2,569,0,0,0,569
11/13/2012,STL,MO,ACE,CE,Towers with Radar,366,173,27,0,566,0,8,1,0,9,366,181,28,0,575,0,0,0,575
11/14/2012,STL,MO,ACE,CE,Towers with Radar,365,172,18,6,561,0,6,3,4,13,365,178,21,10,574,0,0,0,574
11/15/2012,STL,MO,ACE,CE,Towers with Radar,377,158,20,0,555,0,18,10,0,28,377,176,30,0,583,0,0,0,583
11/16/2012,STL,MO,ACE,CE,Towers with Radar,379,161,20,10,570,0,13,9,8,30,379,174,29,18,600,12,12,24,624
11/17/2012,STL,MO,ACE,CE,Towers with Radar,266,74,7,0,347,0,13,3,0,16,266,87,10,0,363,0,0,0,363
11/18/2012,STL,MO,ACE,CE,Towers with Radar,315,103,7,0,425,0,14,4,0,18,315,117,11,0,443,0,0,0,443
11/19/2012,STL,MO,ACE,CE,Towers with Radar,343,159,28,2,532,2,4,3,0,9,345,163,31,2,541,0,0,0,541
11/20/2012,STL,MO,ACE,CE,Towers with Radar,363,157,32,1,553,0,3,9,1,13,363,160,41,2,566,0,0,0,566
11/21/2012,STL,MO,ACE,CE,Towers with Radar,389,142,11,0,542,0,2,0,0,2,389,144,11,0,544,0,0,0,544
11/22/2012,STL,MO,ACE,CE,Towers with Radar,208,97,2,0,307,0,12,0,0,12,208,109,2,0,319,0,0,0,319
11/23/2012,STL,MO,ACE,CE,Towers with Radar,265,105,7,0,377,0,3,2,0,5,265,108,9,0,382,0,0,0,382
11/24/2012,STL,MO,ACE,CE,Towers with Radar,288,116,9,0,413,0,7,1,0,8,288,123,10,0,421,0,0,0,421
11/25/2012,STL,MO,ACE,CE,Towers with Radar,372,135,19,0,526,0,6,3,0,9,372,141,22,0,535,0,0,0,535
11/26/2012,STL,MO,ACE,CE,Towers with Radar,395,158,10,6,569,0,1,0,2,3,395,159,10,8,572,0,0,0,572
11/27/2012,STL,MO,ACE,CE,Towers with Radar,359,144,27,2,532,0,4,16,1,21,359,148,43,3,553,0,0,0,553
11/28/2012,STL,MO,ACE,CE,Towers with Radar,360,158,22,8,548,0,9,33,1,43,360,167,55,9,591,0,0,0,591
11/29/2012,STL,MO,ACE,CE,Towers with Radar,370,156,25,1,552,0,13,16,0,29,370,169,41,1,581,0,0,0,581
11/30/2012,STL,MO,ACE,CE,Towers with Radar,375,155,22,1,553,0,10,4,0,14,375,165,26,1,567,0,0,0,567
12/01/2012,STL,MO,ACE,CE,Towers with Radar,256,92,9,0,357,0,1,4,0,5,256,93,13,0,362,0,0,0,362
12/02/2012,STL,MO,ACE,CE,Towers with Radar,319,117,13,3,452,0,4,0,0,4,319,121,13,3,456,0,0,0,456
12/03/2012,STL,MO,ACE,CE,Towers with Radar,363,163,19,1,546,0,7,3,0,10,363,170,22,1,556,0,0,0,556
12/04/2012,STL,MO,ACE,CE,Towers with Radar,353,152,27,4,536,0,9,3,0,12,353,161,30,4,548,0,0,0,548
12/05/2012,STL,MO,ACE,CE,Towers with Radar,366,158,25,9,558,0,11,2,2,15,366,169,27,11,573,0,8,8,581
12/06/2012,STL,MO,ACE,CE,Towers with Radar,375,172,32,1,580,0,6,2,0,8,375,178,34,1,588,0,0,0,588
12/07/2012,STL,MO,ACE,CE,Towers with Radar,371,168,25,5,569,0,0,2,0,2,371,168,27,5,571,0,0,0,571
12/08/2012,STL,MO,ACE,CE,Towers with Radar,262,87,11,0,360,0,0,0,0,0,262,87,11,0,360,0,0,0,360
12/09/2012,STL,MO,ACE,CE,Towers with Radar,321,135,10,0,466,0,0,0,0,0,321,135,10,0,466,0,0,0,466
12/10/2012,STL,MO,ACE,CE,Towers with Radar,360,160,27,4,551,0,0,5,0,5,360,160,32,4,556,0,0,0,556
12/11/2012,STL,MO,ACE,CE,Towers with Radar,351,163,34,18,566,0,6,7,7,20,351,169,41,25,586,0,0,0,586
12/12/2012,STL,MO,ACE,CE,Towers with Radar,357,171,42,4,574,0,10,8,8,26,357,181,50,12,600,0,0,0,600
12/13/2012,STL,MO,ACE,CE,Towers with Radar,370,160,34,10,574,0,13,8,1,22,370,173,42,11,596,0,0,0,596
12/14/2012,STL,MO,ACE,CE,Towers with Radar,372,166,30,4,572,0,6,0,0,6,372,172,30,4,578,0,0,0,578
12/15/2012,STL,MO,ACE,CE,Towers with Radar,262,94,10,0,366,0,1,2,0,3,262,95,12,0,369,0,0,0,369
12/16/2012,STL,MO,ACE,CE,Towers with Radar,320,123,19,0,462,0,7,2,0,9,320,130,21,0,471,0,0,0,471
12/17/2012,STL,MO,ACE,CE,Towers with Radar,352,155,28,1,536,0,0,1,0,1,352,155,29,1,537,0,0,0,537
12/18/2012,STL,MO,ACE,CE,Towers with Radar,348,147,19,2,516,0,10,6,2,18,348,157,25,4,534,0,0,0,534
12/19/2012,STL,MO,ACE,CE,Towers with Radar,373,170,19,4,566,0,1,2,4,7,373,171,21,8,573,0,0,0,573
12/20/2012,STL,MO,ACE,CE,Towers with Radar,363,108,14,1,486,0,0,0,0,0,363,108,14,1,486,0,0,0,486
12/21/2012,STL,MO,ACE,CE,Towers with Radar,387,149,19,3,558,0,13,7,2,22,387,162,26,5,580,0,0,0,580
12/22/2012,STL,MO,ACE,CE,Towers with Radar,334,96,8,0,438,0,20,1,0,21,334,116,9,0,459,0,0,0,459
12/23/2012,STL,MO,ACE,CE,Towers with Radar,313,119,9,0,441,0,14,2,0,16,313,133,11,0,457,0,0,0,457
12/24/2012,STL,MO,ACE,CE,Towers with Radar,276,130,5,0,411,0,0,0,0,0,276,130,5,0,411,0,0,0,411
12/25/2012,STL,MO,ACE,CE,Towers with Radar,245,118,1,0,364,0,1,0,0,1,245,119,1,0,365,0,0,0,365
12/26/2012,STL,MO,ACE,CE,Towers with Radar,357,139,11,0,507,0,0,1,0,1,357,139,12,0,508,0,0,0,508
12/27/2012,STL,MO,ACE,CE,Towers with Radar,377,156,14,0,547,0,2,2,0,4,377,158,16,0,551,0,0,0,551
12/28/2012,STL,MO,ACE,CE,Towers with Radar,373,147,5,0,525,0,0,1,0,1,373,147,6,0,526,0,0,0,526
12/29/2012,STL,MO,ACE,CE,Towers with Radar,264,105,10,0,379,0,1,1,0,2,264,106,11,0,381,0,0,0,381
12/30/2012,STL,MO,ACE,CE,Towers with Radar,307,114,9,0,430,0,0,0,0,0,307,114,9,0,430,0,0,0,430
12/31/2012,STL,MO,ACE,CE,Towers with Radar,276,131,4,0,411,0,0,0,0,0,276,131,4,0,411,0,0,0,411
01/01/2013,STL,MO,ACE,CE,Towers with Radar,274,120,5,0,399,0,4,1,0,5,274,124,6,0,404,0,0,0,404
01/02/2013,STL,MO,ACE,CE,Towers with Radar,356,153,10,8,527,0,9,0,0,9,356,162,10,8,536,0,0,0,536
01/03/2013,STL,MO,ACE,CE,Towers with Radar,359,166,12,0,537,0,4,0,0,4,359,170,12,0,541,0,0,0,541
01/04/2013,STL,MO,ACE,CE,Towers with Radar,357,152,23,5,537,0,8,0,0,8,357,160,23,5,545,0,0,0,545
01/05/2013,STL,MO,ACE,CE,Towers with Radar,249,89,4,5,347,0,5,4,1,10,249,94,8,6,357,0,0,0,357
01/06/2013,STL,MO,ACE,CE,Towers with Radar,290,129,12,0,431,0,0,0,0,0,290,129,12,0,431,0,0,0,431
01/07/2013,STL,MO,ACE,CE,Towers with Radar,347,156,22,1,526,0,5,6,2,13,347,161,28,3,539,0,0,0,539
01/08/2013,STL,MO,ACE,CE,Towers with Radar,325,145,17,8,495,0,7,1,1,9,325,152,18,9,504,0,0,0,504
01/09/2013,STL,MO,ACE,CE,Towers with Radar,328,153,22,7,510,0,10,6,1,17,328,163,28,8,527,0,0,0,527
01/10/2013,STL,MO,ACE,CE,Towers with Radar,346,168,19,0,533,0,1,2,0,3,346,169,21,0,536,0,0,0,536
01/11/2013,STL,MO,ACE,CE,Towers with Radar,347,154,20,13,534,0,8,8,1,17,347,162,28,14,551,0,0,0,551
01/12/2013,STL,MO,ACE,CE,Towers with Radar,228,88,15,1,332,0,2,0,0,2,228,90,15,1,334,0,0,0,334
01/13/2013,STL,MO,ACE,CE,Towers with Radar,286,110,7,1,404,0,0,0,0,0,286,110,7,1,404,0,0,0,404
01/14/2013,STL,MO,ACE,CE,Towers with Radar,333,156,34,2,525,0,7,2,0,9,333,163,36,2,534,0,0,0,534
01/15/2013,STL,MO,ACE,CE,Towers with Radar,330,159,28,3,520,0,6,2,1,9,330,165,30,4,529,0,0,0,529
01/16/2013,STL,MO,ACE,CE,Towers with Radar,334,169,29,0,532,0,8,5,6,19,334,177,34,6,551,0,0,0,551
01/17/2013,STL,MO,ACE,CE,Towers with Radar,345,181,39,3,568,0,9,11,0,20,345,190,50,3,588,40,0,40,628
01/18/2013,STL,MO,ACE,CE,Towers with Radar,357,158,15,8,538,0,9,0,3,12,357,167,15,11,550,0,0,0,550
01/19/2013,STL,MO,ACE,CE,Towers with Radar,227,92,7,0,326,0,8,0,0,8,227,100,7,0,334,0,0,0,334
01/20/2013,STL,MO,ACE,CE,Towers with Radar,272,106,8,0,386,0,2,3,0,5,272,108,11,0,391,0,0,0,391
01/21/2013,STL,MO,ACE,CE,Towers with Radar,338,167,7,0,512,0,2,2,0,4,338,169,9,0,516,0,0,0,516
01/22/2013,STL,MO,ACE,CE,Towers with Radar,324,159,23,1,507,0,3,2,1,6,324,162,25,2,513,0,0,0,513
01/23/2013,STL,MO,ACE,CE,Towers with Radar,308,138,24,1,471,0,7,10,0,17,308,145,34,1,488,0,0,0,488
01/24/2013,STL,MO,ACE,CE,Towers with Radar,320,155,23,18,516,0,6,11,0,17,320,161,34,18,533,0,0,0,533
01/25/2013,STL,MO,ACE,CE,Towers with Radar,348,156,23,15,542,0,5,2,0,7,348,161,25,15,549,0,0,0,549
01/26/2013,STL,MO,ACE,CE,Towers with Radar,237,84,21,1,343,0,11,6,0,17,237,95,27,1,360,0,0,0,360
01/27/2013,STL,MO,ACE,CE,Towers with Radar,294,114,7,1,416,0,0,0,0,0,294,114,7,1,416,0,0,0,416
01/28/2013,STL,MO,ACE,CE,Towers with Radar,341,163,30,2,536,0,0,3,0,3,341,163,33,2,539,0,0,0,539
01/29/2013,STL,MO,ACE,CE,Towers with Radar,326,125,15,2,468,0,0,2,0,2,326,125,17,2,470,0,0,0,470
01/30/2013,STL,MO,ACE,CE,Towers with Radar,333,148,23,1,505,0,0,6,0,6,333,148,29,1,511,0,0,0,511
01/31/2013,STL,MO,ACE,CE,Towers with Radar,352,168,22,4,546,0,0,0,0,0,352,168,22,4,546,0,0,0,546
02/01/2013,STL,MO,ACE,CE,Towers with Radar,356,151,23,20,550,0,11,0,2,13,356,162,23,22,563,0,0,0,563
02/02/2013,STL,MO,ACE,CE,Towers with Radar,224,94,1,0,319,0,5,0,2,7,224,99,1,2,326,0,0,0,326
02/03/2013,STL,MO,ACE,CE,Towers with Radar,273,112,8,0,393,0,0,2,0,2,273,112,10,0,395,0,0,0,395
02/04/2013,STL,MO,ACE,CE,Towers with Radar,343,169,18,0,530,0,2,0,0,2,343,171,18,0,532,0,0,0,532
02/05/2013,STL,MO,ACE,CE,Towers with Radar,329,155,20,1,505,0,8,2,2,12,329,163,22,3,517,0,0,0,517
02/06/2013,STL,MO,ACE,CE,Towers with Radar,344,152,29,1,526,0,10,8,0,18,344,162,37,1,544,0,0,0,544
02/07/2013,STL,MO,ACE,CE,Towers with Radar,352,173,37,1,563,0,0,1,0,1,352,173,38,1,564,0,0,0,564
02/08/2013,STL,MO,ACE,CE,Towers with Radar,346,155,25,6,532,0,0,4,0,4,346,155,29,6,536,0,0,0,536
02/09/2013,STL,MO,ACE,CE,Towers with Radar,226,98,4,1,329,0,3,0,1,4,226,101,4,2,333,0,0,0,333
02/10/2013,STL,MO,ACE,CE,Towers with Radar,292,118,6,0,416,0,0,3,0,3,292,118,9,0,419,0,0,0,419
02/11/2013,STL,MO,ACE,CE,Towers with Radar,336,151,15,6,508,0,7,7,1,15,336,158,22,7,523,0,0,0,523
02/12/2013,STL,MO,ACE,CE,Towers with Radar,329,149,31,15,524,0,13,3,2,18,329,162,34,17,542,0,0,0,542
02/13/2013,STL,MO,ACE,CE,Towers with Radar,345,155,41,0,541,0,6,7,0,13,345,161,48,0,554,0,0,0,554
02/14/2013,STL,MO,ACE,CE,Towers with Radar,369,158,51,6,584,0,8,8,26,42,369,166,59,32,626,35,60,95,721
02/15/2013,STL,MO,ACE,CE,Towers with Radar,371,167,17,12,567,0,8,3,1,12,371,175,20,13,579,0,0,0,579
02/16/2013,STL,MO,ACE,CE,Towers with Radar,243,102,14,0,359,0,5,5,0,10,243,107,19,0,369,0,0,0,369
02/17/2013,STL,MO,ACE,CE,Towers with Radar,303,111,9,0,423,0,3,3,0,6,303,114,12,0,429,0,0,0,429
02/18/2013,STL,MO,ACE,CE,Towers with Radar,361,164,16,0,541,0,0,2,0,2,361,164,18,0,543,0,0,0,543
02/19/2013,STL,MO,ACE,CE,Towers with Radar,359,155,19,12,545,0,2,0,2,4,359,157,19,14,549,0,0,0,549
02/20/2013,STL,MO,ACE,CE,Towers with Radar,360,152,34,0,546,0,13,1,6,20,360,165,35,6,566,0,0,0,566
02/21/2013,STL,MO,ACE,CE,Towers with Radar,159,46,6,0,211,0,0,1,0,1,159,46,7,0,212,0,0,0,212
02/22/2013,STL,MO,ACE,CE,Towers with Radar,348,141,19,0,508,0,0,3,0,3,348,141,22,0,511,0,0,0,511
02/23/2013,STL,MO,ACE,CE,Towers with Radar,250,97,10,0,357,0,13,0,0,13,250,110,10,0,370,0,0,0,370
02/24/2013,STL,MO,ACE,CE,Towers with Radar,305,125,15,9,454,0,3,2,0,5,305,128,17,9,459,0,0,0,459
02/25/2013,STL,MO,ACE,CE,Towers with Radar,366,148,22,4,540,0,6,2,0,8,366,154,24,4,548,0,0,0,548
02/26/2013,STL,MO,ACE,CE,Towers with Radar,327,142,13,1,483,0,0,1,0,1,327,142,14,1,484,0,0,0,484
02/27/2013,STL,MO,ACE,CE,Towers with Radar,360,171,24,0,555,0,0,0,0,0,360,171,24,0,555,0,0,0,555
02/28/2013,STL,MO,ACE,CE,Towers with Radar,367,175,19,0,561,0,0,0,0,0,367,175,19,0,561,0,0,0,561
03/01/2013,STL,MO,ACE,CE,Towers with Radar,373,171,17,0,561,0,0,0,0,0,373,171,17,0,561,0,0,0,561
03/02/2013,STL,MO,ACE,CE,Towers with Radar,251,95,7,0,353,0,1,0,2,3,251,96,7,2,356,0,0,0,356
03/03/2013,STL,MO,ACE,CE,Towers with Radar,318,118,9,7,452,0,7,1,0,8,318,125,10,7,460,0,0,0,460
03/04/2013,STL,MO,ACE,CE,Towers with Radar,363,163,20,3,549,0,3,0,4,7,363,166,20,7,556,0,0,0,556
03/05/2013,STL,MO,ACE,CE,Towers with Radar,331,157,37,0,525,0,0,0,0,0,331,157,37,0,525,0,0,0,525
03/06/2013,STL,MO,ACE,CE,Towers with Radar,354,172,27,14,567,0,4,4,5,13,354,176,31,19,580,8,0,8,588
03/07/2013,STL,MO,ACE,CE,Towers with Radar,368,162,19,4,553,0,12,6,3,21,368,174,25,7,574,8,0,8,582
03/08/2013,STL,MO,ACE,CE,Towers with Radar,368,162,24,3,557,0,8,13,1,22,368,170,37,4,579,0,0,0,579
03/09/2013,STL,MO,ACE,CE,Towers with Radar,280,102,15,0,397,0,5,1,0,6,280,107,16,0,403,0,0,0,403
03/10/2013,STL,MO,ACE,CE,Towers with Radar,339,124,4,0,467,0,0,2,0,2,339,124,6,0,469,0,0,0,469
03/11/2013,STL,MO,ACE,CE,Towers with Radar,376,161,21,4,562,0,0,2,0,2,376,161,23,4,564,0,0,0,564
03/12/2013,STL,MO,ACE,CE,Towers with Radar,367,155,26,5,553,0,8,3,7,18,367,163,29,12,571,0,0,0,571
03/13/2013,STL,MO,ACE,CE,Towers with Radar,373,166,31,1,571,0,5,1,4,10,373,171,32,5,581,0,0,0,581
03/14/2013,STL,MO,ACE,CE,Towers with Radar,377,159,8,8,552,0,4,8,1,13,377,163,16,9,565,0,0,0,565
03/15/2013,STL,MO,ACE,CE,Towers with Radar,390,154,20,4,568,0,11,4,4,19,390,165,24,8,587,0,0,0,587
03/16/2013,STL,MO,ACE,CE,Towers with Radar,293,108,12,3,416,0,3,0,0,3,293,111,12,3,419,0,0,0,419
03/17/2013,STL,MO,ACE,CE,Towers with Radar,338,120,11,0,469,0,0,0,0,0,338,120,11,0,469,0,0,0,469
03/18/2013,STL,MO,ACE,CE,Towers with Radar,370,155,17,8,550,0,1,2,0,3,370,156,19,8,553,0,0,0,553
03/19/2013,STL,MO,ACE,CE,Towers with Radar,374,165,15,4,558,0,7,6,0,13,374,172,21,4,571,0,0,0,571
03/20/2013,STL,MO,ACE,CE,Towers with Radar,366,146,17,2,531,0,1,8,0,9,366,147,25,2,540,0,0,0,540
03/21/2013,STL,MO,ACE,CE,Towers with Radar,377,170,13,5,565,0,7,7,2,16,377,177,20,7,581,0,0,0,581
03/22/2013,STL,MO,ACE,CE,Towers with Radar,381,178,17,1,577,0,4,4,0,8,381,182,21,1,585,0,0,0,585
03/23/2013,STL,MO,ACE,CE,Towers with Radar,286,99,11,0,396,0,3,4,0,7,286,102,15,0,403,0,0,0,403
03/24/2013,STL,MO,ACE,CE,Towers with Radar,261,40,6,0,307,0,0,0,0,0,261,40,6,0,307,0,0,0,307
03/25/2013,STL,MO,ACE,CE,Towers with Radar,349,168,32,2,551,0,0,0,0,0,349,168,32,2,551,0,0,0,551
03/26/2013,STL,MO,ACE,CE,Towers with Radar,369,157,20,11,557,0,4,7,0,11,369,161,27,11,568,0,0,0,568
03/27/2013,STL,MO,ACE,CE,Towers with Radar,375,157,32,2,566,0,9,10,0,19,375,166,42,2,585,0,0,0,585
03/28/2013,STL,MO,ACE,CE,Towers with Radar,380,165,25,6,576,0,10,2,0,12,380,175,27,6,588,0,0,0,588
03/29/2013,STL,MO,ACE,CE,Towers with Radar,381,154,8,6,549,0,6,2,1,9,381,160,10,7,558,0,0,0,558
03/30/2013,STL,MO,ACE,CE,Towers with Radar,282,98,2,0,382,0,0,6,0,6,282,98,8,0,388,0,0,0,388
03/31/2013,STL,MO,ACE,CE,Towers with Radar,328,128,5,0,461,0,2,0,0,2,328,130,5,0,463,0,0,0,463
04/01/2013,STL,MO,ACE,CE,Towers with Radar,377,165,30,0,572,0,4,7,0,11,377,169,37,0,583,0,0,0,583
04/02/2013,STL,MO,ACE,CE,Towers with Radar,377,152,18,2,549,0,6,0,0,6,377,158,18,2,555,0,0,0,555
04/03/2013,STL,MO,ACE,CE,Towers with Radar,370,146,33,1,550,0,15,10,4,29,370,161,43,5,579,0,0,0,579
04/04/2013,STL,MO,ACE,CE,Towers with Radar,376,164,24,7,571,0,10,10,0,20,376,174,34,7,591,0,0,0,591
04/05/2013,STL,MO,ACE,CE,Towers with Radar,381,164,22,4,571,0,9,1,4,14,381,173,23,8,585,0,0,0,585
04/06/2013,STL,MO,ACE,CE,Towers with Radar,294,95,7,0,396,0,6,10,0,16,294,101,17,0,412,0,0,0,412
04/07/2013,STL,MO,ACE,CE,Towers with Radar,344,124,10,0,478,0,2,4,0,6,344,126,14,0,484,0,0,0,484
04/08/2013,STL,MO,ACE,CE,Towers with Radar,373,161,25,15,574,0,4,3,5,12,373,165,28,20,586,0,0,0,586
04/09/2013,STL,MO,ACE,CE,Towers with Radar,374,142,27,1,544,0,1,2,0,3,374,143,29,1,547,0,0,0,547
04/10/2013,STL,MO,ACE,CE,Towers with Radar,354,146,15,0,515,0,0,0,0,0,354,146,15,0,515,0,0,0,515
04/11/2013,STL,MO,ACE,CE,Towers with Radar,378,171,35,0,584,0,2,11,2,15,378,173,46,2,599,0,0,0,599
04/12/2013,STL,MO,ACE,CE,Towers with Radar,382,166,18,3,569,0,3,7,0,10,382,169,25,3,579,0,0,0,579
04/13/2013,STL,MO,ACE,CE,Towers with Radar,282,91,15,1,389,0,7,19,0,26,282,98,34,1,415,0,0,0,415
04/14/2013,STL,MO,ACE,CE,Towers with Radar,349,134,7,0,490,0,1,2,0,3,349,135,9,0,493,0,0,0,493
04/15/2013,STL,MO,ACE,CE,Towers with Radar,377,168,24,0,569,0,1,0,0,1,377,169,24,0,570,0,0,0,570
04/16/2013,STL,MO,ACE,CE,Towers with Radar,365,161,28,0,554,0,0,0,0,0,365,161,28,0,554,0,0,0,554
04/17/2013,STL,MO,ACE,CE,Towers with Radar,396,152,38,0,586,0,1,0,0,1,396,153,38,0,587,0,0,0,587
04/18/2013,STL,MO,ACE,CE,Towers with Radar,376,121,23,0,520,0,0,0,0,0,376,121,23,0,520,0,0,0,520
04/19/2013,STL,MO,ACE,CE,Towers with Radar,388,163,28,10,589,0,3,1,1,5,388,166,29,11,594,0,0,0,594
04/20/2013,STL,MO,ACE,CE,Towers with Radar,277,94,10,0,381,0,5,15,2,22,277,99,25,2,403,16,0,16,419
04/21/2013,STL,MO,ACE,CE,Towers with Radar,345,148,25,0,518,0,0,0,0,0,345,148,25,0,518,0,0,0,518
04/22/2013,STL,MO,ACE,CE,Towers with Radar,368,168,32,8,576,0,11,3,3,17,368,179,35,11,593,0,0,0,593
04/23/2013,STL,MO,ACE,CE,Towers with Radar,375,169,36,2,582,0,1,0,0,1,375,170,36,2,583,0,0,0,583
04/24/2013,STL,MO,ACE,CE,Towers with Radar,378,161,39,1,579,0,4,2,2,8,378,165,41,3,587,0,0,0,587
04/25/2013,STL,MO,ACE,CE,Towers with Radar,382,167,36,4,589,0,18,3,2,23,382,185,39,6,612,0,0,0,612
04/26/2013,STL,MO,ACE,CE,Towers with Radar,378,168,27,1,574,0,6,6,0,12,378,174,33,1,586,0,0,0,586
04/27/2013,STL,MO,ACE,CE,Towers with Radar,271,96,7,2,376,0,0,0,0,0,271,96,7,2,376,0,0,0,376
04/28/2013,STL,MO,ACE,CE,Towers with Radar,350,135,25,0,510,0,0,0,0,0,350,135,25,0,510,0,0,0,510
04/29/2013,STL,MO,ACE,CE,Towers with Radar,370,164,31,3,568,0,6,2,1,9,370,170,33,4,577,0,12,12,589
04/30/2013,STL,MO,ACE,CE,Towers with Radar,382,144,25,10,561,0,12,3,0,15,382,156,28,10,576,0,0,0,576
05/01/2013,STL,MO,ACE,CE,Towers with Radar,391,155,23,5,574,0,10,12,3,25,391,165,35,8,599,0,0,0,599
05/02/2013,STL,MO,ACE,CE,Towers with Radar,378,163,19,11,571,0,4,3,3,10,378,167,22,14,581,0,0,0,581
05/03/2013,STL,MO,ACE,CE,Towers with Radar,390,168,17,0,575,0,0,0,0,0,390,168,17,0,575,0,0,0,575
05/04/2013,STL,MO,ACE,CE,Towers with Radar,279,104,3,0,386,0,0,0,0,0,279,104,3,0,386,0,0,0,386
05/05/2013,STL,MO,ACE,CE,Towers with Radar,350,136,4,1,491,0,0,0,0,0,350,136,4,1,491,0,0,0,491
05/06/2013,STL,MO,ACE,CE,Towers with Radar,384,151,20,13,568,0,0,1,2,3,384,151,21,15,571,0,0,0,571
05/07/2013,STL,MO,ACE,CE,Towers with Radar,383,155,20,5,563,0,5,3,4,12,383,160,23,9,575,0,0,0,575
05/08/2013,STL,MO,ACE,CE,Towers with Radar,382,170,29,4,585,0,7,4,1,12,382,177,33,5,597,0,0,0,597
05/09/2013,STL,MO,ACE,CE,Towers with Radar,391,179,30,2,602,0,3,1,0,4,391,182,31,2,606,0,0,0,606
05/10/2013,STL,MO,ACE,CE,Towers with Radar,383,154,15,23,575,0,0,2,0,2,383,154,17,23,577,0,0,0,577
05/11/2013,STL,MO,ACE,CE,Towers with Radar,270,91,10,13,384,0,0,5,0,5,270,91,15,13,389,0,0,0,389
05/12/2013,STL,MO,ACE,CE,Towers with Radar,346,118,11,3,478,0,5,8,0,13,346,123,19,3,491,0,0,0,491
05/13/2013,STL,MO,ACE,CE,Towers with Radar,387,161,26,2,576,0,10,13,0,23,387,171,39,2,599,0,0,0,599
05/14/2013,STL,MO,ACE,CE,Towers with Radar,381,151,31,5,568,0,9,1,0,10,381,160,32,5,578,0,0,0,578
05/15/2013,STL,MO,ACE,CE,Towers with Radar,386,151,22,6,565,0,4,10,1,15,386,155,32,7,580,0,0,0,580
05/16/2013,STL,MO,ACE,CE,Towers with Radar,397,170,35,11,613,0,0,13,4,17,397,170,48,15,630,0,0,0,630
05/17/2013,STL,MO,ACE,CE,Towers with Radar,392,172,23,18,605,0,0,9,1,10,392,172,32,19,615,0,0,0,615
05/18/2013,STL,MO,ACE,CE,Towers with Radar,275,107,4,2,388,0,0,0,0,0,275,107,4,2,388,0,0,0,388
05/19/2013,STL,MO,ACE,CE,Towers with Radar,355,129,16,2,502,0,0,3,1,4,355,129,19,3,506,0,0,0,506
05/20/2013,STL,MO,ACE,CE,Towers with Radar,345,143,20,0,508,0,0,6,7,13,345,143,26,7,521,0,0,0,521
05/21/2013,STL,MO,ACE,CE,Towers with Radar,400,158,20,5,583,0,5,2,1,8,400,163,22,6,591,0,0,0,591
05/22/2013,STL,MO,ACE,CE,Towers with Radar,396,153,32,1,582,0,2,2,0,4,396,155,34,1,586,0,0,0,586
05/23/2013,STL,MO,ACE,CE,Towers with Radar,387,169,37,8,601,0,9,2,1,12,387,178,39,9,613,0,0,0,613
05/24/2013,STL,MO,ACE,CE,Towers with Radar,395,160,20,0,575,0,11,8,0,19,395,171,28,0,594,0,0,0,594
05/25/2013,STL,MO,ACE,CE,Towers with Radar,271,91,4,0,366,0,2,2,0,4,271,93,6,0,370,0,0,0,370
05/26/2013,STL,MO,ACE,CE,Towers with Radar,253,95,1,0,349,0,1,2,3,6,253,96,3,3,355,0,0,0,355
05/27/2013,STL,MO,ACE,CE,Towers with Radar,340,130,9,0,479,0,0,0,0,0,340,130,9,0,479,0,0,0,479
05/28/2013,STL,MO,ACE,CE,Towers with Radar,382,147,25,1,555,0,1,0,0,1,382,148,25,1,556,0,0,0,556
05/29/2013,STL,MO,ACE,CE,Towers with Radar,390,155,21,5,571,0,3,0,0,3,390,158,21,5,574,0,0,0,574
05/30/2013,STL,MO,ACE,CE,Towers with Radar,381,148,18,2,549,0,8,1,0,9,381,156,19,2,558,0,0,0,558
05/31/2013,STL,MO,ACE,CE,Towers with Radar,341,134,12,1,488,0,1,3,0,4,341,135,15,1,492,0,0,0,492
06/01/2013,STL,MO,ACE,CE,Towers with Radar,280,88,2,0,370,0,0,3,1,4,280,88,5,1,374,0,0,0,374
06/02/2013,STL,MO,ACE,CE,Towers with Radar,74,17,2,0,93,0,0,0,0,0,74,17,2,0,93,0,0,0,93
06/03/2013,STL,MO,ACE,CE,Towers with Radar,389,159,26,1,575,0,0,6,0,6,389,159,32,1,581,0,0,0,581
06/04/2013,STL,MO,ACE,CE,Towers with Radar,384,151,28,2,565,0,4,2,0,6,384,155,30,2,571,0,0,0,571
06/05/2013,STL,MO,ACE,CE,Towers with Radar,385,149,35,2,571,0,2,2,0,4,385,151,37,2,575,0,0,0,575
06/06/2013,STL,MO,ACE,CE,Towers with Radar,392,173,18,7,590,0,1,2,2,5,392,174,20,9,595,0,22,22,617
06/07/2013,STL,MO,ACE,CE,Towers with Radar,390,159,20,1,570,0,4,12,0,16,390,163,32,1,586,0,0,0,586
06/08/2013,STL,MO,ACE,CE,Towers with Radar,296,91,13,0,400,0,7,6,0,13,296,98,19,0,413,0,0,0,413
06/09/2013,STL,MO,ACE,CE,Towers with Radar,361,136,7,0,504,0,1,0,0,1,361,137,7,0,505,0,0,0,505
06/10/2013,STL,MO,ACE,CE,Towers with Radar,370,179,24,0,573,0,0,4,0,4,370,179,28,0,577,0,0,0,577
06/11/2013,STL,MO,ACE,CE,Towers with Radar,388,149,28,5,570,0,12,3,2,17,388,161,31,7,587,0,0,0,587
06/12/2013,STL,MO,ACE,CE,Towers with Radar,414,160,22,0,596,0,7,4,0,11,414,167,26,0,607,0,0,0,607
06/13/2013,STL,MO,ACE,CE,Towers with Radar,387,175,18,6,586,0,4,1,1,6,387,179,19,7,592,0,0,0,592
06/14/2013,STL,MO,ACE,CE,Towers with Radar,390,165,27,2,584,0,13,6,3,22,390,178,33,5,606,0,0,0,606
06/15/2013,STL,MO,ACE,CE,Towers with Radar,297,105,8,0,410,0,0,4,0,4,297,105,12,0,414,0,0,0,414
06/16/2013,STL,MO,ACE,CE,Towers with Radar,367,126,9,0,502,0,0,3,0,3,367,126,12,0,505,0,0,0,505
06/17/2013,STL,MO,ACE,CE,Towers with Radar,374,157,22,0,553,0,2,2,0,4,374,159,24,0,557,0,0,0,557
06/18/2013,STL,MO,ACE,CE,Towers with Radar,392,154,27,3,576,0,4,1,0,5,392,158,28,3,581,0,0,0,581
06/19/2013,STL,MO,ACE,CE,Towers with Radar,387,156,22,4,569,0,6,4,1,11,387,162,26,5,580,0,0,0,580
06/20/2013,STL,MO,ACE,CE,Towers with Radar,388,160,19,4,571,0,7,2,2,11,388,167,21,6,582,0,0,0,582
06/21/2013,STL,MO,ACE,CE,Towers with Radar,410,168,28,4,610,0,5,6,0,11,410,173,34,4,621,0,0,0,621
06/22/2013,STL,MO,ACE,CE,Towers with Radar,294,102,7,0,403,0,0,2,0,2,294,102,9,0,405,0,0,0,405
06/23/2013,STL,MO,ACE,CE,Towers with Radar,354,127,14,2,497,0,2,8,0,10,354,129,22,2,507,0,0,0,507
06/24/2013,STL,MO,ACE,CE,Towers with Radar,396,178,32,5,611,0,1,3,1,5,396,179,35,6,616,0,0,0,616
06/25/2013,STL,MO,ACE,CE,Towers with Radar,386,150,19,0,555,0,4,3,0,7,386,154,22,0,562,0,0,0,562
06/26/2013,STL,MO,ACE,CE,Towers with Radar,390,180,19,1,590,0,1,10,0,11,390,181,29,1,601,0,0,0,601
06/27/2013,STL,MO,ACE,CE,Towers with Radar,386,147,23,6,562,0,16,3,1,20,386,163,26,7,582,0,0,0,582
06/28/2013,STL,MO,ACE,CE,Towers with Radar,390,154,33,5,582,0,5,8,0,13,390,159,41,5,595,0,0,0,595
06/29/2013,STL,MO,ACE,CE,Towers with Radar,287,101,8,0,396,0,0,7,0,7,287,101,15,0,403,0,0,0,403
06/30/2013,STL,MO,ACE,CE,Towers with Radar,345,120,9,0,474,0,0,0,0,0,345,120,9,0,474,0,0,0,474
07/01/2013,STL,MO,ACE,CE,Towers with Radar,368,139,17,4,528,0,1,1,1,3,368,140,18,5,531,0,0,0,531
07/02/2013,STL,MO,ACE,CE,Towers with Radar,374,146,17,0,537,0,0,0,0,0,374,146,17,0,537,0,0,0,537
07/03/2013,STL,MO,ACE,CE,Towers with Radar,390,139,18,9,556,0,5,1,4,10,390,144,19,13,566,0,0,0,566
07/04/2013,STL,MO,ACE,CE,Towers with Radar,264,107,3,0,374,0,5,3,0,8,264,112,6,0,382,0,0,0,382
07/05/2013,STL,MO,ACE,CE,Towers with Radar,320,129,7,1,457,0,4,1,1,6,320,133,8,2,463,0,0,0,463
07/06/2013,STL,MO,ACE,CE,Towers with Radar,299,87,7,0,393,0,4,1,0,5,299,91,8,0,398,0,0,0,398
07/07/2013,STL,MO,ACE,CE,Towers with Radar,360,123,20,0,503,0,0,0,0,0,360,123,20,0,503,0,0,0,503
07/08/2013,STL,MO,ACE,CE,Towers with Radar,385,160,22,4,571,0,1,2,0,3,385,161,24,4,574,0,0,0,574
07/09/2013,STL,MO,ACE,CE,Towers with Radar,378,146,32,1,557,0,4,7,12,23,378,150,39,13,580,0,0,0,580
07/10/2013,STL,MO,ACE,CE,Towers with Radar,361,148,34,0,543,0,1,0,4,5,361,149,34,4,548,0,0,0,548
07/11/2013,STL,MO,ACE,CE,Towers with Radar,393,182,22,4,601,0,6,4,2,12,393,188,26,6,613,0,0,0,613
07/12/2013,STL,MO,ACE,CE,Towers with Radar,390,165,19,3,577,0,8,2,0,10,390,173,21,3,587,0,0,0,587
07/13/2013,STL,MO,ACE,CE,Towers with Radar,298,99,17,0,414,0,0,0,0,0,298,99,17,0,414,0,0,0,414
07/14/2013,STL,MO,ACE,CE,Towers with Radar,359,124,14,1,498,0,0,2,0,2,359,124,16,1,500,0,0,0,500
07/15/2013,STL,MO,ACE,CE,Towers with Radar,383,183,14,2,582,0,0,1,0,1,383,183,15,2,583,0,0,0,583
07/16/2013,STL,MO,ACE,CE,Towers with Radar,383,157,24,5,569,0,3,3,1,7,383,160,27,6,576,0,0,0,576
07/17/2013,STL,MO,ACE,CE,Towers with Radar,383,153,35,6,577,0,9,7,0,16,383,162,42,6,593,0,0,0,593
07/18/2013,STL,MO,ACE,CE,Towers with Radar,391,149,21,5,566,0,12,18,0,30,391,161,39,5,596,0,0,0,596
07/19/2013,STL,MO,ACE,CE,Towers with Radar,387,162,23,12,584,0,5,1,0,6,387,167,24,12,590,0,0,0,590
07/20/2013,STL,MO,ACE,CE,Towers with Radar,301,90,5,0,396,0,0,4,0,4,301,90,9,0,400,0,0,0,400
07/21/2013,STL,MO,ACE,CE,Towers with Radar,353,129,12,0,494,0,1,1,0,2,353,130,13,0,496,0,0,0,496
07/22/2013,STL,MO,ACE,CE,Towers with Radar,384,178,13,4,579,0,2,0,2,4,384,180,13,6,583,0,0,0,583
07/23/2013,STL,MO,ACE,CE,Towers with Radar,375,155,19,6,555,0,7,3,0,10,375,162,22,6,565,0,0,0,565
07/24/2013,STL,MO,ACE,CE,Towers with Radar,389,168,28,0,585,0,4,4,0,8,389,172,32,0,593,0,0,0,593
07/25/2013,STL,MO,ACE,CE,Towers with Radar,395,157,17,6,575,0,16,7,6,29,395,173,24,12,604,0,0,0,604
07/26/2013,STL,MO,ACE,CE,Towers with Radar,395,175,23,1,594,0,3,2,0,5,395,178,25,1,599,0,0,0,599
07/27/2013,STL,MO,ACE,CE,Towers with Radar,295,95,4,0,394,0,4,1,0,5,295,99,5,0,399,0,0,0,399
07/28/2013,STL,MO,ACE,CE,Towers with Radar,355,116,10,1,482,0,2,0,0,2,355,118,10,1,484,0,0,0,484
07/29/2013,STL,MO,ACE,CE,Towers with Radar,379,154,18,3,554,0,0,18,0,18,379,154,36,3,572,0,0,0,572
07/30/2013,STL,MO,ACE,CE,Towers with Radar,394,162,19,0,575,0,0,2,0,2,394,162,21,0,577,0,0,0,577
07/31/2013,STL,MO,ACE,CE,Towers with Radar,386,161,16,12,575,0,0,0,3,3,386,161,16,15,578,0,0,0,578
08/01/2013,STL,MO,ACE,CE,Towers with Radar,378,171,21,1,571,0,2,2,5,9,378,173,23,6,580,0,0,0,580
08/02/2013,STL,MO,ACE,CE,Towers with Radar,384,160,15,6,565,0,1,4,0,5,384,161,19,6,570,0,0,0,570
08/03/2013,STL,MO,ACE,CE,Towers with Radar,289,104,7,1,401,0,0,1,0,1,289,104,8,1,402,0,0,0,402
08/04/2013,STL,MO,ACE,CE,Towers with Radar,363,131,4,4,502,0,0,4,0,4,363,131,8,4,506,0,0,0,506
08/05/2013,STL,MO,ACE,CE,Towers with Radar,380,169,15,1,565,0,0,1,1,2,380,169,16,2,567,0,0,0,567
08/06/2013,STL,MO,ACE,CE,Towers with Radar,388,180,30,7,605,0,1,7,7,15,388,181,37,14,620,0,0,0,620
08/07/2013,STL,MO,ACE,CE,Towers with Radar,386,173,32,9,600,0,5,0,5,10,386,178,32,14,610,0,0,0,610
08/08/2013,STL,MO,ACE,CE,Towers with Radar,390,180,34,5,609,0,1,3,1,5,390,181,37,6,614,0,0,0,614
08/09/2013,STL,MO,ACE,CE,Towers with Radar,391,180,26,5,602,0,0,0,0,0,391,180,26,5,602,0,0,0,602
08/10/2013,STL,MO,ACE,CE,Towers with Radar,295,88,4,1,388,0,1,0,0,1,295,89,4,1,389,0,0,0,389
08/11/2013,STL,MO,ACE,CE,Towers with Radar,343,121,15,0,479,0,0,3,0,3,343,121,18,0,482,0,0,0,482
08/12/2013,STL,MO,ACE,CE,Towers with Radar,373,162,16,3,554,0,1,4,0,5,373,163,20,3,559,0,0,0,559
08/13/2013,STL,MO,ACE,CE,Towers with Radar,377,149,17,8,551,0,8,5,3,16,377,157,22,11,567,0,0,0,567
08/14/2013,STL,MO,ACE,CE,Towers with Radar,378,157,19,6,560,0,4,5,7,16,378,161,24,13,576,0,0,0,576
08/15/2013,STL,MO,ACE,CE,Towers with Radar,380,159,30,8,577,0,6,1,4,11,380,165,31,12,588,0,0,0,588
08/16/2013,STL,MO,ACE,CE,Towers with Radar,382,157,27,0,566,0,4,0,2,6,382,161,27,2,572,0,0,0,572
08/17/2013,STL,MO,ACE,CE,Towers with Radar,274,85,8,2,369,0,0,0,0,0,274,85,8,2,369,0,0,0,369
08/18/2013,STL,MO,ACE,CE,Towers with Radar,343,115,10,1,469,0,9,3,0,12,343,124,13,1,481,0,0,0,481
08/19/2013,STL,MO,ACE,CE,Towers with Radar,368,155,16,10,549,0,1,4,0,5,368,156,20,10,554,0,0,0,554
08/20/2013,STL,MO,ACE,CE,Towers with Radar,371,149,22,33,575,0,2,4,6,12,371,151,26,39,587,0,0,0,587
08/21/2013,STL,MO,ACE,CE,Towers with Radar,381,146,31,5,563,0,4,0,1,5,381,150,31,6,568,0,0,0,568
08/22/2013,STL,MO,ACE,CE,Towers with Radar,368,162,30,19,579,0,8,0,4,12,368,170,30,23,591,0,0,0,591
08/23/2013,STL,MO,ACE,CE,Towers with Radar,383,159,18,8,568,0,3,3,1,7,383,162,21,9,575,0,0,0,575
08/24/2013,STL,MO,ACE,CE,Towers with Radar,275,86,19,0,380,0,3,1,0,4,275,89,20,0,384,0,0,0,384
08/25/2013,STL,MO,ACE,CE,Towers with Radar,342,117,16,0,475,0,3,0,0,3,342,120,16,0,478,0,0,0,478
08/26/2013,STL,MO,ACE,CE,Towers with Radar,369,166,21,0,556,0,1,8,0,9,369,167,29,0,565,0,0,0,565
08/27/2013,STL,MO,ACE,CE,Towers with Radar,360,148,22,10,540,0,5,0,1,6,360,153,22,11,546,0,0,0,546
08/28/2013,STL,MO,ACE,CE,Towers with Radar,368,148,21,6,543,0,18,10,3,31,368,166,31,9,574,0,0,0,574
08/29/2013,STL,MO,ACE,CE,Towers with Radar,371,170,18,9,568,0,9,6,4,19,371,179,24,13,587,0,0,0,587
08/30/2013,STL,MO,ACE,CE,Towers with Radar,380,159,15,8,562,0,5,2,6,13,380,164,17,14,575,0,0,0,575
08/31/2013,STL,MO,ACE,CE,Towers with Radar,243,86,2,0,331,0,3,1,0,4,243,89,3,0,335,0,0,0,335
09/01/2013,STL,MO,ACE,CE,Towers with Radar,239,86,6,0,331,0,0,2,0,2,239,86,8,0,333,0,0,0,333
09/02/2013,STL,MO,ACE,CE,Towers with Radar,310,133,12,5,460,0,1,7,0,8,310,134,19,5,468,0,0,0,468
09/03/2013,STL,MO,ACE,CE,Towers with Radar,354,155,18,2,529,0,7,4,0,11,354,162,22,2,540,0,0,0,540
09/04/2013,STL,MO,ACE,CE,Towers with Radar,360,145,21,15,541,0,13,10,1,24,360,158,31,16,565,0,0,0,565
09/05/2013,STL,MO,ACE,CE,Towers with Radar,364,152,21,8,545,0,10,2,2,14,364,162,23,10,559,0,0,0,559
09/06/2013,STL,MO,ACE,CE,Towers with Radar,365,158,21,5,549,0,4,21,5,30,365,162,42,10,579,0,0,0,579
09/07/2013,STL,MO,ACE,CE,Towers with Radar,265,82,11,0,358,0,1,0,0,1,265,83,11,0,359,0,0,0,359
09/08/2013,STL,MO,ACE,CE,Towers with Radar,324,122,10,0,456,0,1,0,0,1,324,123,10,0,457,0,0,0,457
09/09/2013,STL,MO,ACE,CE,Towers with Radar,363,158,15,0,536,0,4,4,0,8,363,162,19,0,544,0,0,0,544
09/10/2013,STL,MO,ACE,CE,Towers with Radar,349,149,18,3,519,0,4,12,1,17,349,153,30,4,536,0,0,0,536
09/11/2013,STL,MO,ACE,CE,Towers with Radar,361,151,26,5,543,0,5,1,0,6,361,156,27,5,549,0,0,0,549
09/12/2013,STL,MO,ACE,CE,Towers with Radar,350,155,37,10,552,0,2,2,2,6,350,157,39,12,558,0,0,0,558
09/13/2013,STL,MO,ACE,CE,Towers with Radar,374,172,15,6,567,0,3,3,0,6,374,175,18,6,573,0,0,0,573
09/14/2013,STL,MO,ACE,CE,Towers with Radar,251,89,8,0,348,0,6,7,0,13,251,95,15,0,361,0,0,0,361
09/15/2013,STL,MO,ACE,CE,Towers with Radar,326,130,9,0,465,0,1,3,0,4,326,131,12,0,469,0,0,0,469
09/16/2013,STL,MO,ACE,CE,Towers with Radar,360,163,26,6,555,0,1,4,0,5,360,164,30,6,560,0,0,0,560
09/17/2013,STL,MO,ACE,CE,Towers with Radar,353,155,20,6,534,0,0,6,0,6,353,155,26,6,540,0,0,0,540
09/18/2013,STL,MO,ACE,CE,Towers with Radar,370,152,13,0,535,0,5,10,1,16,370,157,23,1,551,0,0,0,551
09/19/2013,STL,MO,ACE,CE,Towers with Radar,375,159,23,8,565,0,10,7,0,17,375,169,30,8,582,0,0,0,582
09/20/2013,STL,MO,ACE,CE,Towers with Radar,371,167,23,0,561,0,0,8,0,8,371,167,31,0,569,0,0,0,569
09/21/2013,STL,MO,ACE,CE,Towers with Radar,255,86,7,2,350,0,9,8,0,17,255,95,15,2,367,0,0,0,367
09/22/2013,STL,MO,ACE,CE,Towers with Radar,323,135,6,8,472,0,7,3,0,10,323,142,9,8,482,0,0,0,482
09/23/2013,STL,MO,ACE,CE,Towers with Radar,366,151,30,5,552,0,4,5,2,11,366,155,35,7,563,0,0,0,563
09/24/2013,STL,MO,ACE,CE,Towers with Radar,354,145,40,7,546,0,5,4,0,9,354,150,44,7,555,0,0,0,555
09/25/2013,STL,MO,ACE,CE,Towers with Radar,370,153,39,1,563,0,2,6,1,9,370,155,45,2,572,0,0,0,572
09/26/2013,STL,MO,ACE,CE,Towers with Radar,366,169,27,9,571,0,9,1,0,10,366,178,28,9,581,0,0,0,581
09/27/2013,STL,MO,ACE,CE,Towers with Radar,364,173,22,2,561,0,10,19,0,29,364,183,41,2,590,0,6,6,596
09/28/2013,STL,MO,ACE,CE,Towers with Radar,245,97,7,0,349,0,5,3,0,8,245,102,10,0,357,0,0,0,357
09/29/2013,STL,MO,ACE,CE,Towers with Radar,330,133,10,0,473,0,2,3,0,5,330,135,13,0,478,0,0,0,478
09/30/2013,STL,MO,ACE,CE,Towers with Radar,360,175,28,1,564,0,1,0,1,2,360,176,28,2,566,0,0,0,566
10/01/2013,STL,MO,ACE,CE,Towers with Radar,346,165,31,17,559,0,0,0,1,1,346,165,31,18,560,0,0,0,560
10/02/2013,STL,MO,ACE,CE,Towers with Radar,356,154,29,10,549,0,0,5,6,11,356,154,34,16,560,0,12,12,572
10/03/2013,STL,MO,ACE,CE,Towers with Radar,360,170,28,2,560,0,2,4,0,6,360,172,32,2,566,0,0,0,566
10/04/2013,STL,MO,ACE,CE,Towers with Radar,363,162,23,1,549,0,5,0,4,9,363,167,23,5,558,0,0,0,558
10/05/2013,STL,MO,ACE,CE,Towers with Radar,259,81,8,0,348,0,0,1,0,1,259,81,9,0,349,0,0,0,349
10/06/2013,STL,MO,ACE,CE,Towers with Radar,325,131,12,2,470,0,0,3,0,3,325,131,15,2,473,0,0,0,473
10/07/2013,STL,MO,ACE,CE,Towers with Radar,359,152,27,0,538,0,3,8,0,11,359,155,35,0,549,0,0,0,549
10/08/2013,STL,MO,ACE,CE,Towers with Radar,348,153,32,5,538,0,16,1,4,21,348,169,33,9,559,0,0,0,559
10/09/2013,STL,MO,ACE,CE,Towers with Radar,359,149,21,7,536,0,10,6,1,17,359,159,27,8,553,0,0,0,553
10/10/2013,STL,MO,ACE,CE,Towers with Radar,360,169,28,0,557,0,5,6,0,11,360,174,34,0,568,0,0,0,568
10/11/2013,STL,MO,ACE,CE,Towers with Radar,367,167,23,7,564,0,6,24,1,31,367,173,47,8,595,0,0,0,595
10/12/2013,STL,MO,ACE,CE,Towers with Radar,258,88,19,0,365,0,5,1,0,6,258,93,20,0,371,0,0,0,371
10/13/2013,STL,MO,ACE,CE,Towers with Radar,322,133,12,0,467,0,2,4,2,8,322,135,16,2,475,0,0,0,475
10/14/2013,STL,MO,ACE,CE,Towers with Radar,356,164,22,0,542,0,4,14,0,18,356,168,36,0,560,0,0,0,560
10/15/2013,STL,MO,ACE,CE,Towers with Radar,354,168,42,4,568,0,0,0,0,0,354,168,42,4,568,0,0,0,568
10/16/2013,STL,MO,ACE,CE,Towers with Radar,358,156,31,15,560,0,3,4,5,12,358,159,35,20,572,4,13,17,589
10/17/2013,STL,MO,ACE,CE,Towers with Radar,360,157,34,9,560,0,4,1,1,6,360,161,35,10,566,0,8,8,574
10/18/2013,STL,MO,ACE,CE,Towers with Radar,361,172,35,6,574,0,4,3,2,9,361,176,38,8,583,0,0,0,583
10/19/2013,STL,MO,ACE,CE,Towers with Radar,256,89,11,0,356,0,5,0,0,5,256,94,11,0,361,0,0,0,361
10/20/2013,STL,MO,ACE,CE,Towers with Radar,323,127,12,0,462,0,4,4,0,8,323,131,16,0,470,0,0,0,470
10/21/2013,STL,MO,ACE,CE,Towers with Radar,358,162,21,6,547,0,4,0,6,10,358,166,21,12,557,0,0,0,557
10/22/2013,STL,MO,ACE,CE,Towers with Radar,348,151,18,3,520,0,3,1,0,4,348,154,19,3,524,0,0,0,524
10/23/2013,STL,MO,ACE,CE,Towers with Radar,356,157,27,4,544,0,3,0,3,6,356,160,27,7,550,0,0,0,550
10/24/2013,STL,MO,ACE,CE,Towers with Radar,353,186,29,11,579,0,5,5,0,10,353,191,34,11,589,0,0,0,589
10/25/2013,STL,MO,ACE,CE,Towers with Radar,368,175,23,5,571,0,7,11,3,21,368,182,34,8,592,0,2,2,594
10/26/2013,STL,MO,ACE,CE,Towers with Radar,258,104,33,0,395,0,6,5,0,11,258,110,38,0,406,0,0,0,406
10/27/2013,STL,MO,ACE,CE,Towers with Radar,333,153,26,3,515,1,4,4,6,15,334,157,30,9,530,0,5,5,535
10/28/2013,STL,MO,ACE,CE,Towers with Radar,356,198,33,4,591,0,4,5,9,18,356,202,38,13,609,20,4,24,633
10/29/2013,STL,MO,ACE,CE,Towers with Radar,365,163,33,2,563,0,1,0,1,2,365,164,33,3,565,0,0,0,565
10/30/2013,STL,MO,ACE,CE,Towers with Radar,357,149,31,0,537,0,0,0,0,0,357,149,31,0,537,0,0,0,537
10/31/2013,STL,MO,ACE,CE,Towers with Radar,332,140,23,4,499,0,0,0,0,0,332,140,23,4,499,0,0,0,499
11/01/2013,STL,MO,ACE,CE,Towers with Radar,354,162,12,10,538,0,5,1,1,7,354,167,13,11,545,0,0,0,545
11/02/2013,STL,MO,ACE,CE,Towers with Radar,252,95,8,0,355,0,1,3,0,4,252,96,11,0,359,0,0,0,359
11/03/2013,STL,MO,ACE,CE,Towers with Radar,305,123,9,2,439,0,1,4,0,5,305,124,13,2,444,0,0,0,444
11/04/2013,STL,MO,ACE,CE,Towers with Radar,350,154,23,8,535,0,7,8,0,15,350,161,31,8,550,0,0,0,550
11/05/2013,STL,MO,ACE,CE,Towers with Radar,348,152,18,0,518,0,0,9,0,9,348,152,27,0,527,0,0,0,527
11/06/2013,STL,MO,ACE,CE,Towers with Radar,362,160,23,4,549,0,2,0,0,2,362,162,23,4,551,0,0,0,551
11/07/2013,STL,MO,ACE,CE,Towers with Radar,356,158,41,5,560,0,13,7,0,20,356,171,48,5,580,0,0,0,580
11/08/2013,STL,MO,ACE,CE,Towers with Radar,359,158,26,5,548,0,10,2,1,13,359,168,28,6,561,0,0,0,561
11/09/2013,STL,MO,ACE,CE,Towers with Radar,237,78,4,0,319,0,17,5,0,22,237,95,9,0,341,0,0,0,341
11/10/2013,STL,MO,ACE,CE,Towers with Radar,312,113,6,0,431,0,5,0,0,5,312,118,6,0,436,0,0,0,436
11/11/2013,STL,MO,ACE,CE,Towers with Radar,354,151,35,4,544,0,3,0,0,3,354,154,35,4,547,0,0,0,547
11/12/2013,STL,MO,ACE,CE,Towers with Radar,346,135,27,0,508,0,4,5,0,9,346,139,32,0,517,0,0,0,517
11/13/2013,STL,MO,ACE,CE,Towers with Radar,361,146,29,4,540,0,7,8,0,15,361,153,37,4,555,0,0,0,555
11/14/2013,STL,MO,ACE,CE,Towers with Radar,354,171,23,3,551,0,7,7,0,14,354,178,30,3,565,0,0,0,565
11/15/2013,STL,MO,ACE,CE,Towers with Radar,357,158,23,4,542,0,4,5,0,9,357,162,28,4,551,0,5,5,556
11/16/2013,STL,MO,ACE,CE,Towers with Radar,243,88,6,0,337,0,0,1,0,1,243,88,7,0,338,0,0,0,338
11/17/2013,STL,MO,ACE,CE,Towers with Radar,316,108,15,0,439,0,5,0,0,5,316,113,15,0,444,0,0,0,444
11/18/2013,STL,MO,ACE,CE,Towers with Radar,357,164,19,16,556,0,3,7,1,11,357,167,26,17,567,8,25,33,600
11/19/2013,STL,MO,ACE,CE,Towers with Radar,346,157,33,4,540,0,4,5,1,10,346,161,38,5,550,0,0,0,550
11/20/2013,STL,MO,ACE,CE,Towers with Radar,356,152,25,6,539,0,3,5,1,9,356,155,30,7,548,0,8,8,556
11/21/2013,STL,MO,ACE,CE,Towers with Radar,359,169,35,3,566,0,0,0,0,0,359,169,35,3,566,0,0,0,566
11/22/2013,STL,MO,ACE,CE,Towers with Radar,371,176,24,2,573,0,0,0,0,0,371,176,24,2,573,0,0,0,573
11/23/2013,STL,MO,ACE,CE,Towers with Radar,255,95,7,3,360,0,4,1,4,9,255,99,8,7,369,0,0,0,369
11/24/2013,STL,MO,ACE,CE,Towers with Radar,299,110,14,2,425,0,3,2,8,13,299,113,16,10,438,0,0,0,438
11/25/2013,STL,MO,ACE,CE,Towers with Radar,341,134,11,0,486,0,4,12,2,18,341,138,23,2,504,0,0,0,504
11/26/2013,STL,MO,ACE,CE,Towers with Radar,371,153,21,2,547,0,1,11,0,12,371,154,32,2,559,0,0,0,559
11/27/2013,STL,MO,ACE,CE,Towers with Radar,375,136,19,8,538,0,11,3,0,14,375,147,22,8,552,0,4,4,556
11/28/2013,STL,MO,ACE,CE,Towers with Radar,199,97,3,0,299,0,13,4,0,17,199,110,7,0,316,0,0,0,316
11/29/2013,STL,MO,ACE,CE,Towers with Radar,257,106,12,0,375,0,5,6,0,11,257,111,18,0,386,0,0,0,386
11/30/2013,STL,MO,ACE,CE,Towers with Radar,331,115,9,0,455,0,3,3,0,6,331,118,12,0,461,0,0,0,461
12/01/2013,STL,MO,ACE,CE,Towers with Radar,372,130,13,0,515,0,6,0,0,6,372,136,13,0,521,0,0,0,521
12/02/2013,STL,MO,ACE,CE,Towers with Radar,374,148,25,13,560,0,8,0,0,8,374,156,25,13,568,5,2,7,575
12/03/2013,STL,MO,ACE,CE,Towers with Radar,359,141,16,6,522,0,1,6,0,7,359,142,22,6,529,0,6,6,535
12/04/2013,STL,MO,ACE,CE,Towers with Radar,367,152,21,5,545,0,0,0,0,0,367,152,21,5,545,0,6,6,551
12/05/2013,STL,MO,ACE,CE,Towers with Radar,354,129,15,6,504,0,0,2,2,4,354,129,17,8,508,0,6,6,514
12/06/2013,STL,MO,ACE,CE,Towers with Radar,354,105,20,0,479,0,2,1,0,3,354,107,21,0,482,0,0,0,482
12/07/2013,STL,MO,ACE,CE,Towers with Radar,244,67,10,0,321,0,7,0,0,7,244,74,10,0,328,0,0,0,328
12/08/2013,STL,MO,ACE,CE,Towers with Radar,280,69,9,0,358,0,0,0,0,0,280,69,9,0,358,0,0,0,358
12/09/2013,STL,MO,ACE,CE,Towers with Radar,353,141,24,6,524,0,2,0,0,2,353,143,24,6,526,0,0,0,526
12/10/2013,STL,MO,ACE,CE,Towers with Radar,339,123,36,8,506,0,4,2,0,6,339,127,38,8,512,0,0,0,512
12/11/2013,STL,MO,ACE,CE,Towers with Radar,360,156,38,8,562,0,7,5,0,12,360,163,43,8,574,0,0,0,574
12/12/2013,STL,MO,ACE,CE,Towers with Radar,375,155,54,4,588,0,14,1,0,15,375,169,55,4,603,0,4,4,607
12/13/2013,STL,MO,ACE,CE,Towers with Radar,362,122,22,0,506,0,6,0,0,6,362,128,22,0,512,6,0,6,518
12/14/2013,STL,MO,ACE,CE,Towers with Radar,245,76,9,0,330,0,0,0,0,0,245,76,9,0,330,0,0,0,330
12/15/2013,STL,MO,ACE,CE,Towers with Radar,311,109,12,0,432,0,0,2,0,2,311,109,14,0,434,0,0,0,434
12/16/2013,STL,MO,ACE,CE,Towers with Radar,353,163,24,0,540,0,2,2,0,4,353,165,26,0,544,0,0,0,544
12/17/2013,STL,MO,ACE,CE,Towers with Radar,353,140,43,1,537,0,4,3,0,7,353,144,46,1,544,0,0,0,544
12/18/2013,STL,MO,ACE,CE,Towers with Radar,369,142,22,3,536,0,13,1,3,17,369,155,23,6,553,0,6,6,559
12/19/2013,STL,MO,ACE,CE,Towers with Radar,378,154,28,1,561,0,2,3,0,5,378,156,31,1,566,0,0,0,566
12/20/2013,STL,MO,ACE,CE,Towers with Radar,375,157,15,0,547,0,1,0,0,1,375,158,15,0,548,0,0,0,548
12/21/2013,STL,MO,ACE,CE,Towers with Radar,318,101,9,0,428,0,0,0,0,0,318,101,9,0,428,0,0,0,428
12/22/2013,STL,MO,ACE,CE,Towers with Radar,315,101,10,2,428,0,4,0,0,4,315,105,10,2,432,0,0,0,432
12/23/2013,STL,MO,ACE,CE,Towers with Radar,350,147,10,0,507,0,5,0,0,5,350,152,10,0,512,0,0,0,512
12/24/2013,STL,MO,ACE,CE,Towers with Radar,278,98,8,0,384,0,8,1,0,9,278,106,9,0,393,0,0,0,393
12/25/2013,STL,MO,ACE,CE,Towers with Radar,244,115,2,0,361,0,0,0,0,0,244,115,2,0,361,0,0,0,361
12/26/2013,STL,MO,ACE,CE,Towers with Radar,367,155,17,0,539,0,11,0,0,11,367,166,17,0,550,0,0,0,550
12/27/2013,STL,MO,ACE,CE,Towers with Radar,368,145,14,0,527,0,9,2,0,11,368,154,16,0,538,0,0,0,538
12/28/2013,STL,MO,ACE,CE,Towers with Radar,305,97,8,0,410,0,12,4,0,16,305,109,12,0,426,0,0,0,426
12/29/2013,STL,MO,ACE,CE,Towers with Radar,301,110,4,0,415,0,0,0,0,0,301,110,4,0,415,0,0,0,415
12/30/2013,STL,MO,ACE,CE,Towers with Radar,349,145,8,0,502,0,8,1,0,9,349,153,9,0,511,0,0,0,511
12/31/2013,STL,MO,ACE,CE,Towers with Radar,269,96,7,0,372,0,13,3,0,16,269,109,10,0,388,0,0,0,388
01/01/2014,STL,MO,ACE,CE,Towers with Radar,265,120,8,0,393,0,3,0,0,3,265,123,8,0,396,0,0,0,396
01/02/2014,STL,MO,ACE,CE,Towers with Radar,342,136,12,0,490,0,3,0,0,3,342,139,12,0,493,0,0,0,493
01/03/2014,STL,MO,ACE,CE,Towers with Radar,313,132,16,1,462,0,7,3,0,10,313,139,19,1,472,0,0,0,472
01/04/2014,STL,MO,ACE,CE,Towers with Radar,256,103,19,0,378,0,3,0,0,3,256,106,19,0,381,0,0,0,381
01/05/2014,STL,MO,ACE,CE,Towers with Radar,80,19,4,0,103,0,0,0,0,0,80,19,4,0,103,0,0,0,103
01/06/2014,STL,MO,ACE,CE,Towers with Radar,280,99,16,1,396,0,3,0,0,3,280,102,16,1,399,0,0,0,399
01/07/2014,STL,MO,ACE,CE,Towers with Radar,299,115,19,2,435,0,1,3,0,4,299,116,22,2,439,0,0,0,439
01/08/2014,STL,MO,ACE,CE,Towers with Radar,335,131,18,12,496,0,7,4,5,16,335,138,22,17,512,0,0,0,512
01/09/2014,STL,MO,ACE,CE,Towers with Radar,336,149,17,1,503,0,0,0,0,0,336,149,17,1,503,0,0,0,503
01/10/2014,STL,MO,ACE,CE,Towers with Radar,342,143,21,1,507,0,0,0,0,0,342,143,21,1,507,0,0,0,507
01/11/2014,STL,MO,ACE,CE,Towers with Radar,219,72,7,0,298,0,8,3,1,12,219,80,10,1,310,0,0,0,310
01/12/2014,STL,MO,ACE,CE,Towers with Radar,285,93,8,0,386,0,21,6,0,27,285,114,14,0,413,0,0,0,413
01/13/2014,STL,MO,ACE,CE,Towers with Radar,333,139,15,13,500,0,13,2,2,17,333,152,17,15,517,0,9,9,526
01/14/2014,STL,MO,ACE,CE,Towers with Radar,325,136,16,4,481,0,7,0,9,16,325,143,16,13,497,0,0,0,497
01/15/2014,STL,MO,ACE,CE,Towers with Radar,342,143,22,1,508,0,1,1,1,3,342,144,23,2,511,0,0,0,511
01/16/2014,STL,MO,ACE,CE,Towers with Radar,338,170,19,4,531,0,3,0,1,4,338,173,19,5,535,0,0,0,535
01/17/2014,STL,MO,ACE,CE,Towers with Radar,346,145,23,0,514,0,6,0,0,6,346,151,23,0,520,6,0,6,526
01/18/2014,STL,MO,ACE,CE,Towers with Radar,223,84,4,0,311,0,2,0,0,2,223,86,4,0,313,0,0,0,313
01/19/2014,STL,MO,ACE,CE,Towers with Radar,281,102,10,0,393,0,6,8,0,14,281,108,18,0,407,0,0,0,407
01/20/2014,STL,MO,ACE,CE,Towers with Radar,332,158,16,3,509,0,13,3,0,16,332,171,19,3,525,0,0,0,525
01/21/2014,STL,MO,ACE,CE,Towers with Radar,299,116,24,0,439,0,5,2,0,7,299,121,26,0,446,0,0,0,446
01/22/2014,STL,MO,ACE,CE,Towers with Radar,318,137,33,13,501,0,5,12,0,17,318,142,45,13,518,0,0,0,518
01/23/2014,STL,MO,ACE,CE,Towers with Radar,341,154,33,2,530,0,4,13,0,17,341,158,46,2,547,0,0,0,547
01/24/2014,STL,MO,ACE,CE,Towers with Radar,337,137,27,5,506,0,15,3,0,18,337,152,30,5,524,0,0,0,524
01/25/2014,STL,MO,ACE,CE,Towers with Radar,218,74,7,0,299,0,3,6,0,9,218,77,13,0,308,0,0,0,308
01/26/2014,STL,MO,ACE,CE,Towers with Radar,277,103,8,0,388,0,4,4,0,8,277,107,12,0,396,0,0,0,396
01/27/2014,STL,MO,ACE,CE,Towers with Radar,325,148,12,3,488,0,14,0,0,14,325,162,12,3,502,0,0,0,502
01/28/2014,STL,MO,ACE,CE,Towers with Radar,310,123,26,2,461,0,13,3,0,16,310,136,29,2,477,0,0,0,477
01/29/2014,STL,MO,ACE,CE,Towers with Radar,319,137,26,8,490,0,20,13,1,34,319,157,39,9,524,0,0,0,524
01/30/2014,STL,MO,ACE,CE,Towers with Radar,312,163,27,5,507,0,5,9,0,14,312,168,36,5,521,0,0,0,521
01/31/2014,STL,MO,ACE,CE,Towers with Radar,344,149,12,2,507,0,2,0,0,2,344,151,12,2,509,0,0,0,509
02/01/2014,STL,MO,ACE,CE,Towers with Radar,211,80,4,0,295,0,0,0,0,0,211,80,4,0,295,0,0,0,295
02/02/2014,STL,MO,ACE,CE,Towers with Radar,246,111,5,0,362,0,3,2,0,5,246,114,7,0,367,0,0,0,367
02/03/2014,STL,MO,ACE,CE,Towers with Radar,318,145,20,7,490,0,8,4,0,12,318,153,24,7,502,0,0,0,502
02/04/2014,STL,MO,ACE,CE,Towers with Radar,322,95,16,1,434,0,0,0,0,0,322,95,16,1,434,0,0,0,434
02/05/2014,STL,MO,ACE,CE,Towers with Radar,311,126,18,0,455,0,0,2,0,2,311,126,20,0,457,0,0,0,457
02/06/2014,STL,MO,ACE,CE,Towers with Radar,335,155,14,7,511,0,9,2,0,11,335,164,16,7,522,0,0,0,522
02/07/2014,STL,MO,ACE,CE,Towers with Radar,349,156,10,1,516,0,6,3,0,9,349,162,13,1,525,0,0,0,525
02/08/2014,STL,MO,ACE,CE,Towers with Radar,219,84,5,0,308,0,0,2,0,2,219,84,7,0,310,0,0,0,310
02/09/2014,STL,MO,ACE,CE,Towers with Radar,277,109,10,0,396,0,0,0,0,0,277,109,10,0,396,0,0,0,396
02/10/2014,STL,MO,ACE,CE,Towers with Radar,330,143,16,7,496,0,6,2,0,8,330,149,18,7,504,0,0,0,504
02/11/2014,STL,MO,ACE,CE,Towers with Radar,320,133,34,2,489,0,12,4,0,16,320,145,38,2,505,0,0,0,505
02/12/2014,STL,MO,ACE,CE,Towers with Radar,310,146,35,6,497,0,9,7,1,17,310,155,42,7,514,0,0,0,514
02/13/2014,STL,MO,ACE,CE,Towers with Radar,275,139,18,12,444,0,14,1,0,15,275,153,19,12,459,0,0,0,459
02/14/2014,STL,MO,ACE,CE,Towers with Radar,337,138,24,0,499,0,0,0,0,0,337,138,24,0,499,0,0,0,499
02/15/2014,STL,MO,ACE,CE,Towers with Radar,235,82,17,0,334,0,10,0,0,10,235,92,17,0,344,0,0,0,344
02/16/2014,STL,MO,ACE,CE,Towers with Radar,280,105,9,3,397,0,2,1,0,3,280,107,10,3,400,0,0,0,400
02/17/2014,STL,MO,ACE,CE,Towers with Radar,323,135,15,0,473,0,4,0,0,4,323,139,15,0,477,0,0,0,477
02/18/2014,STL,MO,ACE,CE,Towers with Radar,338,149,16,2,505,0,7,6,5,18,338,156,22,7,523,0,0,0,523
02/19/2014,STL,MO,ACE,CE,Towers with Radar,350,143,24,3,520,0,2,8,7,17,350,145,32,10,537,0,0,0,537
02/20/2014,STL,MO,ACE,CE,Towers with Radar,363,157,15,3,538,0,1,0,0,1,363,158,15,3,539,0,0,0,539
02/21/2014,STL,MO,ACE,CE,Towers with Radar,336,142,28,3,509,0,12,5,0,17,336,154,33,3,526,0,0,0,526
02/22/2014,STL,MO,ACE,CE,Towers with Radar,231,87,4,0,322,0,8,0,0,8,231,95,4,0,330,0,0,0,330
02/23/2014,STL,MO,ACE,CE,Towers with Radar,295,121,23,0,439,0,1,2,0,3,295,122,25,0,442,0,0,0,442
02/24/2014,STL,MO,ACE,CE,Towers with Radar,343,162,18,1,524,0,10,1,1,12,343,172,19,2,536,0,0,0,536
02/25/2014,STL,MO,ACE,CE,Towers with Radar,337,139,30,1,507,0,0,1,0,1,337,139,31,1,508,0,0,0,508
02/26/2014,STL,MO,ACE,CE,Towers with Radar,350,141,18,6,515,0,8,1,0,9,350,149,19,6,524,0,0,0,524
02/27/2014,STL,MO,ACE,CE,Towers with Radar,344,166,19,6,535,0,9,10,0,19,344,175,29,6,554,0,0,0,554
02/28/2014,STL,MO,ACE,CE,Towers with Radar,348,162,29,1,540,0,6,0,1,7,348,168,29,2,547,0,0,0,547
03/01/2014,STL,MO,ACE,CE,Towers with Radar,230,87,16,9,342,0,0,2,1,3,230,87,18,10,345,0,0,0,345
03/02/2014,STL,MO,ACE,CE,Towers with Radar,233,50,4,0,287,0,0,0,0,0,233,50,4,0,287,0,0,0,287
03/03/2014,STL,MO,ACE,CE,Towers with Radar,316,133,14,4,467,0,5,1,0,6,316,138,15,4,473,0,0,0,473
03/04/2014,STL,MO,ACE,CE,Towers with Radar,343,133,29,3,508,0,8,1,2,11,343,141,30,5,519,0,15,15,534
03/05/2014,STL,MO,ACE,CE,Towers with Radar,342,163,23,3,531,0,6,10,3,19,342,169,33,6,550,0,4,4,554
03/06/2014,STL,MO,ACE,CE,Towers with Radar,350,166,25,8,549,0,8,4,0,12,350,174,29,8,561,0,0,0,561
03/07/2014,STL,MO,ACE,CE,Towers with Radar,355,175,25,4,559,0,9,3,1,13,355,184,28,5,572,0,0,0,572
03/08/2014,STL,MO,ACE,CE,Towers with Radar,253,95,8,0,356,0,0,1,0,1,253,95,9,0,357,0,0,0,357
03/09/2014,STL,MO,ACE,CE,Towers with Radar,316,122,6,4,448,0,0,4,0,4,316,122,10,4,452,0,0,0,452
03/10/2014,STL,MO,ACE,CE,Towers with Radar,357,160,27,6,550,0,5,1,1,7,357,165,28,7,557,0,4,4,561
03/11/2014,STL,MO,ACE,CE,Towers with Radar,349,137,29,7,522,0,6,3,1,10,349,143,32,8,532,0,0,0,532
03/12/2014,STL,MO,ACE,CE,Towers with Radar,342,151,25,0,518,0,1,1,0,2,342,152,26,0,520,0,0,0,520
03/13/2014,STL,MO,ACE,CE,Towers with Radar,356,157,24,6,543,0,5,0,0,5,356,162,24,6,548,0,0,0,548
03/14/2014,STL,MO,ACE,CE,Towers with Radar,357,166,31,0,554,0,5,8,0,13,357,171,39,0,567,0,0,0,567
03/15/2014,STL,MO,ACE,CE,Towers with Radar,266,95,7,2,370,0,7,5,0,12,266,102,12,2,382,0,0,0,382
03/16/2014,STL,MO,ACE,CE,Towers with Radar,302,108,6,0,416,0,1,1,0,2,302,109,7,0,418,0,0,0,418
03/17/2014,STL,MO,ACE,CE,Towers with Radar,353,150,19,12,534,0,2,4,0,6,353,152,23,12,540,0,0,0,540
03/18/2014,STL,MO,ACE,CE,Towers with Radar,355,152,21,4,532,0,5,6,3,14,355,157,27,7,546,0,0,0,546
03/19/2014,STL,MO,ACE,CE,Towers with Radar,371,150,11,7,539,0,0,3,1,4,371,150,14,8,543,0,0,0,543
03/20/2014,STL,MO,ACE,CE,Towers with Radar,358,160,26,5,549,0,5,14,0,19,358,165,40,5,568,0,0,0,568
03/21/2014,STL,MO,ACE,CE,Towers with Radar,362,160,23,4,549,0,4,4,0,8,362,164,27,4,557,0,0,0,557
03/22/2014,STL,MO,ACE,CE,Towers with Radar,266,95,18,0,379,0,4,8,0,12,266,99,26,0,391,0,0,0,391
03/23/2014,STL,MO,ACE,CE,Towers with Radar,320,118,18,0,456,0,4,2,0,6,320,122,20,0,462,0,0,0,462
03/24/2014,STL,MO,ACE,CE,Towers with Radar,348,161,19,2,530,0,0,11,4,15,348,161,30,6,545,0,4,4,549
03/25/2014,STL,MO,ACE,CE,Towers with Radar,344,149,13,2,508,0,4,2,0,6,344,153,15,2,514,0,0,0,514
03/26/2014,STL,MO,ACE,CE,Towers with Radar,355,145,27,1,528,0,7,8,4,19,355,152,35,5,547,0,0,0,547
03/27/2014,STL,MO,ACE,CE,Towers with Radar,359,152,19,3,533,0,0,0,0,0,359,152,19,3,533,0,0,0,533
03/28/2014,STL,MO,ACE,CE,Towers with Radar,360,182,31,7,580,0,0,6,0,6,360,182,37,7,586,0,0,0,586
03/29/2014,STL,MO,ACE,CE,Towers with Radar,257,92,32,0,381,0,0,5,0,5,257,92,37,0,386,0,0,0,386
03/30/2014,STL,MO,ACE,CE,Towers with Radar,317,113,16,0,446,0,1,3,0,4,317,114,19,0,450,0,0,0,450
03/31/2014,STL,MO,ACE,CE,Towers with Radar,351,161,13,5,530,0,2,2,2,6,351,163,15,7,536,0,0,0,536
04/01/2014,STL,MO,ACE,CE,Towers with Radar,348,142,11,13,514,0,6,0,0,6,348,148,11,13,520,0,0,0,520
04/02/2014,STL,MO,ACE,CE,Towers with Radar,347,136,18,4,505,0,0,0,0,0,347,136,18,4,505,0,0,0,505
04/03/2014,STL,MO,ACE,CE,Towers with Radar,358,116,17,0,491,0,0,1,0,1,358,116,18,0,492,0,0,0,492
04/04/2014,STL,MO,ACE,CE,Towers with Radar,366,156,14,2,538,0,0,2,0,2,366,156,16,2,540,0,0,0,540
04/05/2014,STL,MO,ACE,CE,Towers with Radar,265,87,9,1,362,0,14,4,0,18,265,101,13,1,380,0,0,0,380
04/06/2014,STL,MO,ACE,CE,Towers with Radar,315,129,10,0,454,0,3,6,0,9,315,132,16,0,463,0,0,0,463
04/07/2014,STL,MO,ACE,CE,Towers with Radar,355,152,20,0,527,0,3,3,0,6,355,155,23,0,533,0,0,0,533
04/08/2014,STL,MO,ACE,CE,Towers with Radar,347,147,21,6,521,0,7,1,0,8,347,154,22,6,529,0,0,0,529
04/09/2014,STL,MO,ACE,CE,Towers with Radar,350,148,29,8,535,0,10,11,0,21,350,158,40,8,556,0,8,8,564
04/10/2014,STL,MO,ACE,CE,Towers with Radar,361,153,27,11,552,0,9,4,1,14,361,162,31,12,566,0,0,0,566
04/11/2014,STL,MO,ACE,CE,Towers with Radar,364,148,20,0,532,0,14,2,0,16,364,162,22,0,548,0,0,0,548
04/12/2014,STL,MO,ACE,CE,Towers with Radar,241,97,2,0,340,0,2,4,0,6,241,99,6,0,346,0,0,0,346
04/13/2014,STL,MO,ACE,CE,Towers with Radar,316,115,9,0,440,0,0,1,0,1,316,115,10,0,441,0,0,0,441
04/14/2014,STL,MO,ACE,CE,Towers with Radar,355,147,18,1,521,0,2,0,0,2,355,149,18,1,523,0,0,0,523
04/15/2014,STL,MO,ACE,CE,Towers with Radar,337,144,31,7,519,0,10,18,0,28,337,154,49,7,547,0,0,0,547
04/16/2014,STL,MO,ACE,CE,Towers with Radar,353,130,38,5,526,0,5,2,0,7,353,135,40,5,533,0,0,0,533
04/17/2014,STL,MO,ACE,CE,Towers with Radar,359,156,25,5,545,0,12,5,0,17,359,168,30,5,562,0,0,0,562
04/18/2014,STL,MO,ACE,CE,Towers with Radar,354,144,23,0,521,0,11,1,0,12,354,155,24,0,533,0,0,0,533
04/19/2014,STL,MO,ACE,CE,Towers with Radar,240,83,13,0,336,0,8,5,0,13,240,91,18,0,349,0,0,0,349
04/20/2014,STL,MO,ACE,CE,Towers with Radar,307,110,11,0,428,0,4,2,0,6,307,114,13,0,434,0,0,0,434
04/21/2014,STL,MO,ACE,CE,Towers with Radar,356,158,21,1,536,0,8,1,0,9,356,166,22,1,545,0,0,0,545
04/22/2014,STL,MO,ACE,CE,Towers with Radar,348,138,32,3,521,0,9,9,0,18,348,147,41,3,539,0,0,0,539
04/23/2014,STL,MO,ACE,CE,Towers with Radar,342,138,25,5,510,0,6,24,0,30,342,144,49,5,540,4,0,4,544
04/24/2014,STL,MO,ACE,CE,Towers with Radar,368,143,31,2,544,0,6,9,0,15,368,149,40,2,559,6,0,6,565
04/25/2014,STL,MO,ACE,CE,Towers with Radar,359,147,20,7,533,0,13,6,0,19,359,160,26,7,552,0,4,4,556
04/26/2014,STL,MO,ACE,CE,Towers with Radar,249,87,15,1,352,0,5,6,0,11,249,92,21,1,363,0,0,0,363
04/27/2014,STL,MO,ACE,CE,Towers with Radar,316,113,18,0,447,0,1,2,0,3,316,114,20,0,450,0,0,0,450
04/28/2014,STL,MO,ACE,CE,Towers with Radar,357,161,15,4,537,0,1,2,2,5,357,162,17,6,542,0,0,0,542
04/29/2014,STL,MO,ACE,CE,Towers with Radar,350,156,17,6,529,0,5,8,5,18,350,161,25,11,547,0,0,0,547
04/30/2014,STL,MO,ACE,CE,Towers with Radar,336,143,34,7,520,0,0,4,6,10,336,143,38,13,530,0,0,0,530
05/01/2014,STL,MO,ACE,CE,Towers with Radar,364,162,32,2,560,0,2,9,4,15,364,164,41,6,575,0,0,0,575
05/02/2014,STL,MO,ACE,CE,Towers with Radar,360,162,20,3,545,0,3,4,0,7,360,165,24,3,552,0,0,0,552
05/03/2014,STL,MO,ACE,CE,Towers with Radar,242,104,18,0,364,0,7,3,0,10,242,111,21,0,374,0,0,0,374
05/04/2014,STL,MO,ACE,CE,Towers with Radar,316,131,19,1,467,0,6,5,0,11,316,137,24,1,478,0,0,0,478
05/05/2014,STL,MO,ACE,CE,Towers with Radar,360,160,18,1,539,0,6,2,0,8,360,166,20,1,547,0,0,0,547
05/06/2014,STL,MO,ACE,CE,Towers with Radar,353,139,30,5,527,0,14,1,3,18,353,153,31,8,545,0,2,2,547
05/07/2014,STL,MO,ACE,CE,Towers with Radar,356,156,34,1,547,0,10,6,0,16,356,166,40,1,563,0,0,0,563
05/08/2014,STL,MO,ACE,CE,Towers with Radar,353,158,20,0,531,0,10,1,0,11,353,168,21,0,542,0,0,0,542
05/09/2014,STL,MO,ACE,CE,Towers with Radar,357,162,23,5,547,0,8,0,0,8,357,170,23,5,555,0,0,0,555
05/10/2014,STL,MO,ACE,CE,Towers with Radar,243,101,5,0,349,0,8,2,0,10,243,109,7,0,359,0,0,0,359
05/11/2014,STL,MO,ACE,CE,Towers with Radar,333,117,11,0,461,0,4,0,0,4,333,121,11,0,465,0,0,0,465
05/12/2014,STL,MO,ACE,CE,Towers with Radar,358,151,28,5,542,0,2,1,0,3,358,153,29,5,545,0,0,0,545
05/13/2014,STL,MO,ACE,CE,Towers with Radar,370,145,23,0,538,0,0,0,0,0,370,145,23,0,538,0,0,0,538
05/14/2014,STL,MO,ACE,CE,Towers with Radar,348,155,34,2,539,0,4,2,0,6,348,159,36,2,545,0,0,0,545
05/15/2014,STL,MO,ACE,CE,Towers with Radar,362,149,41,8,560,0,8,1,1,10,362,157,42,9,570,0,0,0,570
05/16/2014,STL,MO,ACE,CE,Towers with Radar,354,167,17,11,549,0,13,0,2,15,354,180,17,13,564,0,0,0,564
05/17/2014,STL,MO,ACE,CE,Towers with Radar,250,105,9,0,364,0,6,1,0,7,250,111,10,0,371,0,0,0,371
05/18/2014,STL,MO,ACE,CE,Towers with Radar,317,121,20,0,458,0,10,0,0,10,317,131,20,0,468,0,0,0,468
05/19/2014,STL,MO,ACE,CE,Towers with Radar,361,160,31,0,552,0,11,2,0,13,361,171,33,0,565,0,0,0,565
05/20/2014,STL,MO,ACE,CE,Towers with Radar,352,140,41,7,540,0,18,2,0,20,352,158,43,7,560,0,0,0,560
05/21/2014,STL,MO,ACE,CE,Towers with Radar,356,151,22,0,529,0,9,2,0,11,356,160,24,0,540,0,0,0,540
05/22/2014,STL,MO,ACE,CE,Towers with Radar,363,152,44,7,566,0,11,0,0,11,363,163,44,7,577,0,0,0,577
05/23/2014,STL,MO,ACE,CE,Towers with Radar,365,158,26,3,552,0,8,0,0,8,365,166,26,3,560,0,0,0,560
05/24/2014,STL,MO,ACE,CE,Towers with Radar,244,89,9,0,342,0,9,3,0,12,244,98,12,0,354,0,0,0,354
05/25/2014,STL,MO,ACE,CE,Towers with Radar,244,108,3,0,355,0,7,3,0,10,244,115,6,0,365,0,0,0,365
05/26/2014,STL,MO,ACE,CE,Towers with Radar,317,133,1,0,451,0,12,12,0,24,317,145,13,0,475,0,0,0,475
05/27/2014,STL,MO,ACE,CE,Towers with Radar,355,146,16,4,521,0,19,0,2,21,355,165,16,6,542,0,0,0,542
05/28/2014,STL,MO,ACE,CE,Towers with Radar,363,155,18,8,544,0,13,4,0,17,363,168,22,8,561,0,0,0,561
05/29/2014,STL,MO,ACE,CE,Towers with Radar,368,158,18,0,544,0,9,3,0,12,368,167,21,0,556,0,0,0,556
05/30/2014,STL,MO,ACE,CE,Towers with Radar,360,167,21,4,552,0,5,12,0,17,360,172,33,4,569,0,0,0,569
05/31/2014,STL,MO,ACE,CE,Towers with Radar,249,95,6,0,350,0,3,4,0,7,249,98,10,0,357,0,0,0,357
06/01/2014,STL,MO,ACE,CE,Towers with Radar,328,122,12,0,462,0,7,0,0,7,328,129,12,0,469,6,0,6,475
06/02/2014,STL,MO,ACE,CE,Towers with Radar,362,156,17,1,536,0,1,5,0,6,362,157,22,1,542,0,0,0,542
06/03/2014,STL,MO,ACE,CE,Towers with Radar,362,151,29,0,542,0,3,5,0,8,362,154,34,0,550,0,0,0,550
06/04/2014,STL,MO,ACE,CE,Towers with Radar,362,157,27,1,547,0,0,5,2,7,362,157,32,3,554,0,0,0,554
06/05/2014,STL,MO,ACE,CE,Towers with Radar,369,173,29,3,574,0,4,0,1,5,369,177,29,4,579,0,0,0,579
06/06/2014,STL,MO,ACE,CE,Towers with Radar,367,166,13,3,549,0,5,5,0,10,367,171,18,3,559,0,0,0,559
06/07/2014,STL,MO,ACE,CE,Towers with Radar,258,92,12,4,366,0,0,1,0,1,258,92,13,4,367,0,0,0,367
06/08/2014,STL,MO,ACE,CE,Towers with Radar,334,123,7,5,469,0,9,4,0,13,334,132,11,5,482,0,0,0,482
06/09/2014,STL,MO,ACE,CE,Towers with Radar,368,159,24,4,555,0,1,2,0,3,368,160,26,4,558,0,0,0,558
06/10/2014,STL,MO,ACE,CE,Towers with Radar,380,144,20,4,548,0,0,0,0,0,380,144,20,4,548,0,0,0,548
06/11/2014,STL,MO,ACE,CE,Towers with Radar,375,168,24,1,568,0,2,1,0,3,375,170,25,1,571,0,0,0,571
06/12/2014,STL,MO,ACE,CE,Towers with Radar,384,159,30,7,580,0,8,0,0,8,384,167,30,7,588,0,0,0,588
06/13/2014,STL,MO,ACE,CE,Towers with Radar,369,150,29,11,559,0,14,0,4,18,369,164,29,15,577,0,0,0,577
06/14/2014,STL,MO,ACE,CE,Towers with Radar,292,90,4,3,389,0,18,2,2,22,292,108,6,5,411,0,0,0,411
06/15/2014,STL,MO,ACE,CE,Towers with Radar,354,118,11,0,483,0,11,1,0,12,354,129,12,0,495,0,0,0,495
06/16/2014,STL,MO,ACE,CE,Towers with Radar,383,157,29,9,578,0,6,0,0,6,383,163,29,9,584,0,0,0,584
06/17/2014,STL,MO,ACE,CE,Towers with Radar,390,140,31,3,564,0,15,8,5,28,390,155,39,8,592,0,0,0,592
06/18/2014,STL,MO,ACE,CE,Towers with Radar,436,147,31,2,616,0,11,6,0,17,436,158,37,2,633,0,0,0,633
06/19/2014,STL,MO,ACE,CE,Towers with Radar,399,148,28,8,583,0,9,2,0,11,399,157,30,8,594,0,0,0,594
06/20/2014,STL,MO,ACE,CE,Towers with Radar,395,162,14,12,583,0,9,1,3,13,395,171,15,15,596,0,0,0,596
06/21/2014,STL,MO,ACE,CE,Towers with Radar,283,93,8,2,386,0,10,12,0,22,283,103,20,2,408,0,0,0,408
06/22/2014,STL,MO,ACE,CE,Towers with Radar,354,135,8,2,499,0,8,14,0,22,354,143,22,2,521,0,0,0,521
06/23/2014,STL,MO,ACE,CE,Towers with Radar,372,165,33,0,570,0,9,4,0,13,372,174,37,0,583,0,0,0,583
06/24/2014,STL,MO,ACE,CE,Towers with Radar,397,158,24,2,581,0,2,7,1,10,397,160,31,3,591,0,5,5,596
06/25/2014,STL,MO,ACE,CE,Towers with Radar,379,149,18,1,547,0,8,5,0,13,379,157,23,1,560,0,0,0,560
06/26/2014,STL,MO,ACE,CE,Towers with Radar,391,157,35,0,583,0,4,2,0,6,391,161,37,0,589,0,0,0,589
06/27/2014,STL,MO,ACE,CE,Towers with Radar,386,147,20,0,553,0,8,8,0,16,386,155,28,0,569,0,0,0,569
06/28/2014,STL,MO,ACE,CE,Towers with Radar,295,107,12,6,420,0,0,4,0,4,295,107,16,6,424,0,0,0,424
06/29/2014,STL,MO,ACE,CE,Towers with Radar,343,124,9,8,484,0,3,0,0,3,343,127,9,8,487,0,0,0,487
06/30/2014,STL,MO,ACE,CE,Towers with Radar,382,147,22,3,554,0,17,9,0,26,382,164,31,3,580,0,0,0,580
07/01/2014,STL,MO,ACE,CE,Towers with Radar,372,146,16,2,536,0,4,16,1,21,372,150,32,3,557,0,0,0,557
07/02/2014,STL,MO,ACE,CE,Towers with Radar,360,159,21,6,546,0,5,10,1,16,360,164,31,7,562,0,0,0,562
07/03/2014,STL,MO,ACE,CE,Towers with Radar,371,152,10,8,541,0,4,2,1,7,371,156,12,9,548,0,5,5,553
07/04/2014,STL,MO,ACE,CE,Towers with Radar,259,109,5,0,373,0,17,4,0,21,259,126,9,0,394,0,0,0,394
07/05/2014,STL,MO,ACE,CE,Towers with Radar,269,86,7,0,362,0,9,9,0,18,269,95,16,0,380,0,0,0,380
07/06/2014,STL,MO,ACE,CE,Towers with Radar,356,113,12,0,481,0,13,3,0,16,356,126,15,0,497,0,0,0,497
07/07/2014,STL,MO,ACE,CE,Towers with Radar,381,156,11,7,555,0,7,3,0,10,381,163,14,7,565,0,0,0,565
07/08/2014,STL,MO,ACE,CE,Towers with Radar,371,153,13,0,537,0,4,6,0,10,371,157,19,0,547,0,0,0,547
07/09/2014,STL,MO,ACE,CE,Towers with Radar,390,147,21,3,561,0,7,3,0,10,390,154,24,3,571,0,0,0,571
07/10/2014,STL,MO,ACE,CE,Towers with Radar,395,156,32,2,585,0,7,9,0,16,395,163,41,2,601,0,0,0,601
07/11/2014,STL,MO,ACE,CE,Towers with Radar,385,152,23,2,562,0,7,10,0,17,385,159,33,2,579,0,0,0,579
07/12/2014,STL,MO,ACE,CE,Towers with Radar,283,101,12,2,398,0,10,2,0,12,283,111,14,2,410,0,0,0,410
07/13/2014,STL,MO,ACE,CE,Towers with Radar,357,141,20,0,518,0,5,2,0,7,357,146,22,0,525,0,0,0,525
07/14/2014,STL,MO,ACE,CE,Towers with Radar,376,136,12,4,528,0,5,1,0,6,376,141,13,4,534,0,6,6,540
07/15/2014,STL,MO,ACE,CE,Towers with Radar,372,152,18,9,551,0,4,4,0,8,372,156,22,9,559,0,0,0,559
07/16/2014,STL,MO,ACE,CE,Towers with Radar,389,157,39,9,594,0,7,4,0,11,389,164,43,9,605,0,0,0,605
07/17/2014,STL,MO,ACE,CE,Towers with Radar,386,156,20,3,565,0,4,6,0,10,386,160,26,3,575,0,0,0,575
07/18/2014,STL,MO,ACE,CE,Towers with Radar,390,155,18,2,565,0,7,0,0,7,390,162,18,2,572,0,0,0,572
07/19/2014,STL,MO,ACE,CE,Towers with Radar,281,105,12,1,399,0,3,4,0,7,281,108,16,1,406,2,0,2,408
07/20/2014,STL,MO,ACE,CE,Towers with Radar,356,134,6,2,498,0,0,3,0,3,356,134,9,2,501,0,0,0,501
07/21/2014,STL,MO,ACE,CE,Towers with Radar,386,167,20,4,577,0,1,15,1,17,386,168,35,5,594,0,0,0,594
07/22/2014,STL,MO,ACE,CE,Towers with Radar,383,165,23,4,575,0,4,8,1,13,383,169,31,5,588,0,0,0,588
07/23/2014,STL,MO,ACE,CE,Towers with Radar,377,171,25,4,577,0,1,4,0,5,377,172,29,4,582,0,0,0,582
07/24/2014,STL,MO,ACE,CE,Towers with Radar,392,158,16,3,569,0,10,5,0,15,392,168,21,3,584,6,0,6,590
07/25/2014,STL,MO,ACE,CE,Towers with Radar,389,159,31,1,580,0,3,2,0,5,389,162,33,1,585,0,0,0,585
07/26/2014,STL,MO,ACE,CE,Towers with Radar,287,107,5,4,403,0,3,0,0,3,287,110,5,4,406,0,0,0,406
07/27/2014,STL,MO,ACE,CE,Towers with Radar,350,133,18,0,501,0,8,0,0,8,350,141,18,0,509,0,0,0,509
07/28/2014,STL,MO,ACE,CE,Towers with Radar,381,156,30,0,567,0,2,7,0,9,381,158,37,0,576,6,0,6,582
07/29/2014,STL,MO,ACE,CE,Towers with Radar,383,154,13,1,551,0,9,1,0,10,383,163,14,1,561,0,0,0,561
07/30/2014,STL,MO,ACE,CE,Towers with Radar,396,158,21,6,581,0,7,4,0,11,396,165,25,6,592,0,0,0,592
07/31/2014,STL,MO,ACE,CE,Towers with Radar,385,157,27,13,582,0,6,2,2,10,385,163,29,15,592,0,0,0,592
08/01/2014,STL,MO,ACE,CE,Towers with Radar,390,161,17,18,586,0,1,5,2,8,390,162,22,20,594,0,0,0,594
08/02/2014,STL,MO,ACE,CE,Towers with Radar,283,100,6,1,390,0,10,1,0,11,283,110,7,1,401,0,0,0,401
08/03/2014,STL,MO,ACE,CE,Towers with Radar,349,142,8,3,502,0,7,2,0,9,349,149,10,3,511,0,0,0,511
08/04/2014,STL,MO,ACE,CE,Towers with Radar,378,160,18,4,560,0,8,4,0,12,378,168,22,4,572,0,0,0,572
08/05/2014,STL,MO,ACE,CE,Towers with Radar,392,153,25,2,572,0,8,3,0,11,392,161,28,2,583,0,0,0,583
08/06/2014,STL,MO,ACE,CE,Towers with Radar,386,151,19,2,558,0,3,2,1,6,386,154,21,3,564,0,0,0,564
08/07/2014,STL,MO,ACE,CE,Towers with Radar,384,152,20,1,557,0,0,0,0,0,384,152,20,1,557,0,0,0,557
08/08/2014,STL,MO,ACE,CE,Towers with Radar,382,170,22,9,583,0,0,1,1,2,382,170,23,10,585,0,0,0,585
08/09/2014,STL,MO,ACE,CE,Towers with Radar,292,100,14,2,408,0,0,3,0,3,292,100,17,2,411,0,0,0,411
08/10/2014,STL,MO,ACE,CE,Towers with Radar,337,138,8,0,483,0,0,2,0,2,337,138,10,0,485,0,0,0,485
08/11/2014,STL,MO,ACE,CE,Towers with Radar,355,163,29,4,551,0,1,6,0,7,355,164,35,4,558,0,0,0,558
08/12/2014,STL,MO,ACE,CE,Towers with Radar,367,124,22,0,513,0,8,4,0,12,367,132,26,0,525,0,0,0,525
08/13/2014,STL,MO,ACE,CE,Towers with Radar,380,155,28,8,571,0,10,7,1,18,380,165,35,9,589,0,0,0,589
08/14/2014,STL,MO,ACE,CE,Towers with Radar,375,147,28,3,553,0,12,6,3,21,375,159,34,6,574,0,0,0,574
08/15/2014,STL,MO,ACE,CE,Towers with Radar,364,159,26,3,552,0,6,9,7,22,364,165,35,10,574,0,0,0,574
08/16/2014,STL,MO,ACE,CE,Towers with Radar,265,107,14,0,386,0,0,2,0,2,265,107,16,0,388,0,0,0,388
08/17/2014,STL,MO,ACE,CE,Towers with Radar,323,138,13,0,474,0,0,0,0,0,323,138,13,0,474,0,0,0,474
08/18/2014,STL,MO,ACE,CE,Towers with Radar,366,151,24,5,546,0,2,3,2,7,366,153,27,7,553,0,0,0,553
08/19/2014,STL,MO,ACE,CE,Towers with Radar,355,140,20,5,520,0,12,1,4,17,355,152,21,9,537,0,0,0,537
08/20/2014,STL,MO,ACE,CE,Towers with Radar,366,160,16,0,542,0,7,0,0,7,366,167,16,0,549,0,0,0,549
08/21/2014,STL,MO,ACE,CE,Towers with Radar,369,158,27,3,557,0,8,7,2,17,369,166,34,5,574,0,0,0,574
08/22/2014,STL,MO,ACE,CE,Towers with Radar,377,152,18,9,556,0,12,7,1,20,377,164,25,10,576,0,0,0,576
08/23/2014,STL,MO,ACE,CE,Towers with Radar,277,91,18,0,386,0,5,3,0,8,277,96,21,0,394,0,0,0,394
08/24/2014,STL,MO,ACE,CE,Towers with Radar,337,120,12,4,473,0,5,6,0,11,337,125,18,4,484,0,0,0,484
08/25/2014,STL,MO,ACE,CE,Towers with Radar,371,143,25,6,545,0,8,9,0,17,371,151,34,6,562,0,0,0,562
08/26/2014,STL,MO,ACE,CE,Towers with Radar,362,146,33,0,541,0,8,0,0,8,362,154,33,0,549,0,0,0,549
08/27/2014,STL,MO,ACE,CE,Towers with Radar,369,151,20,9,549,0,8,0,2,10,369,159,20,11,559,0,0,0,559
08/28/2014,STL,MO,ACE,CE,Towers with Radar,374,161,20,15,570,0,4,2,2,8,374,165,22,17,578,0,0,0,578
08/29/2014,STL,MO,ACE,CE,Towers with Radar,367,161,19,0,547,0,5,3,2,10,367,166,22,2,557,0,0,0,557
08/30/2014,STL,MO,ACE,CE,Towers with Radar,243,102,7,0,352,0,0,2,0,2,243,102,9,0,354,0,0,0,354
08/31/2014,STL,MO,ACE,CE,Towers with Radar,248,89,3,0,340,66,2,21,32,121,314,91,24,32,461,0,0,0,461
09/01/2014,STL,MO,ACE,CE,Towers with Radar,314,135,7,0,456,0,10,3,0,13,314,145,10,0,469,0,0,0,469
09/02/2014,STL,MO,ACE,CE,Towers with Radar,372,146,22,0,540,0,3,5,0,8,372,149,27,0,548,0,0,0,548
09/03/2014,STL,MO,ACE,CE,Towers with Radar,348,158,31,10,547,0,12,3,0,15,348,170,34,10,562,0,4,4,566
09/04/2014,STL,MO,ACE,CE,Towers with Radar,353,147,26,3,529,0,11,10,0,21,353,158,36,3,550,0,0,0,550
09/05/2014,STL,MO,ACE,CE,Towers with Radar,342,137,22,3,504,0,10,4,1,15,342,147,26,4,519,0,0,0,519
09/06/2014,STL,MO,ACE,CE,Towers with Radar,259,97,5,0,361,0,2,0,0,2,259,99,5,0,363,0,0,0,363
09/07/2014,STL,MO,ACE,CE,Towers with Radar,325,121,6,0,452,0,12,6,0,18,325,133,12,0,470,0,0,0,470
09/08/2014,STL,MO,ACE,CE,Towers with Radar,362,159,29,0,550,0,13,5,0,18,362,172,34,0,568,0,0,0,568
09/09/2014,STL,MO,ACE,CE,Towers with Radar,354,150,16,6,526,0,5,1,3,9,354,155,17,9,535,0,0,0,535
09/10/2014,STL,MO,ACE,CE,Towers with Radar,354,159,20,0,533,0,1,3,0,4,354,160,23,0,537,0,0,0,537
09/11/2014,STL,MO,ACE,CE,Towers with Radar,386,169,38,6,599,0,0,0,0,0,386,169,38,6,599,0,0,0,599
09/12/2014,STL,MO,ACE,CE,Towers with Radar,360,160,21,10,551,0,0,6,0,6,360,160,27,10,557,0,0,0,557
09/13/2014,STL,MO,ACE,CE,Towers with Radar,267,97,12,1,377,0,0,2,0,2,267,97,14,1,379,0,0,0,379
09/14/2014,STL,MO,ACE,CE,Towers with Radar,327,126,22,1,476,0,2,0,0,2,327,128,22,1,478,0,0,0,478
09/15/2014,STL,MO,ACE,CE,Towers with Radar,369,167,25,4,565,0,0,10,0,10,369,167,35,4,575,0,0,0,575
09/16/2014,STL,MO,ACE,CE,Towers with Radar,355,161,26,5,547,0,1,2,0,3,355,162,28,5,550,0,0,0,550
09/17/2014,STL,MO,ACE,CE,Towers with Radar,363,166,22,2,553,0,1,9,0,10,363,167,31,2,563,0,0,0,563
09/18/2014,STL,MO,ACE,CE,Towers with Radar,369,170,31,0,570,0,1,7,1,9,369,171,38,1,579,0,0,0,579
09/19/2014,STL,MO,ACE,CE,Towers with Radar,359,174,26,0,559,0,9,10,0,19,359,183,36,0,578,0,0,0,578
09/20/2014,STL,MO,ACE,CE,Towers with Radar,274,99,16,0,389,0,2,5,0,7,274,101,21,0,396,0,0,0,396
09/21/2014,STL,MO,ACE,CE,Towers with Radar,334,125,21,0,480,0,5,2,0,7,334,130,23,0,487,0,0,0,487
09/22/2014,STL,MO,ACE,CE,Towers with Radar,376,161,30,4,571,0,8,9,0,17,376,169,39,4,588,0,0,0,588
09/23/2014,STL,MO,ACE,CE,Towers with Radar,366,140,39,6,551,0,10,11,0,21,366,150,50,6,572,0,0,0,572
09/24/2014,STL,MO,ACE,CE,Towers with Radar,375,147,29,0,551,0,13,7,0,20,375,160,36,0,571,0,0,0,571
09/25/2014,STL,MO,ACE,CE,Towers with Radar,368,151,32,0,551,0,11,16,0,27,368,162,48,0,578,0,0,0,578
09/26/2014,STL,MO,ACE,CE,Towers with Radar,342,146,28,5,521,0,16,14,1,31,342,162,42,6,552,0,0,0,552
09/27/2014,STL,MO,ACE,CE,Towers with Radar,259,86,6,2,353,3,10,4,0,17,262,96,10,2,370,0,0,0,370
09/28/2014,STL,MO,ACE,CE,Towers with Radar,323,118,21,2,464,2,5,2,0,9,325,123,23,2,473,0,0,0,473
09/29/2014,STL,MO,ACE,CE,Towers with Radar,360,156,15,2,533,1,4,2,1,8,361,160,17,3,541,0,0,0,541
09/30/2014,STL,MO,ACE,CE,Towers with Radar,364,148,27,3,542,2,3,2,0,7,366,151,29,3,549,0,12,12,561
10/01/2014,STL,MO,ACE,CE,Towers with Radar,366,151,30,1,548,2,6,1,1,10,368,157,31,2,558,0,0,0,558
10/02/2014,STL,MO,ACE,CE,Towers with Radar,345,138,18,0,501,0,0,0,0,0,345,138,18,0,501,0,0,0,501
10/03/2014,STL,MO,ACE,CE,Towers with Radar,364,173,19,0,556,0,2,2,1,5,364,175,21,1,561,0,0,0,561
10/04/2014,STL,MO,ACE,CE,Towers with Radar,270,91,3,0,364,1,8,2,0,11,271,99,5,0,375,0,0,0,375
10/05/2014,STL,MO,ACE,CE,Towers with Radar,331,126,15,0,472,1,10,5,2,18,332,136,20,2,490,0,0,0,490
10/06/2014,STL,MO,ACE,CE,Towers with Radar,367,153,22,0,542,2,6,2,0,10,369,159,24,0,552,0,0,0,552
10/07/2014,STL,MO,ACE,CE,Towers with Radar,373,150,18,0,541,2,5,2,2,11,375,155,20,2,552,0,0,0,552
10/08/2014,STL,MO,ACE,CE,Towers with Radar,372,152,25,4,553,1,18,5,0,24,373,170,30,4,577,0,4,4,581
10/09/2014,STL,MO,ACE,CE,Towers with Radar,375,156,28,0,559,0,0,0,0,0,375,156,28,0,559,0,0,0,559
10/10/2014,STL,MO,ACE,CE,Towers with Radar,353,172,27,4,556,1,0,8,0,9,354,172,35,4,565,0,0,0,565
10/11/2014,STL,MO,ACE,CE,Towers with Radar,271,99,8,0,378,1,7,1,0,9,272,106,9,0,387,0,0,0,387
10/12/2014,STL,MO,ACE,CE,Towers with Radar,323,132,25,0,480,1,0,0,0,1,324,132,25,0,481,0,0,0,481
10/13/2014,STL,MO,ACE,CE,Towers with Radar,369,125,15,1,510,0,0,0,0,0,369,125,15,1,510,0,0,0,510
10/14/2014,STL,MO,ACE,CE,Towers with Radar,374,159,16,1,550,0,0,0,0,0,374,159,16,1,550,0,0,0,550
10/15/2014,STL,MO,ACE,CE,Towers with Radar,371,147,22,3,543,0,2,0,5,7,371,149,22,8,550,0,0,0,550
10/16/2014,STL,MO,ACE,CE,Towers with Radar,376,143,28,0,547,0,15,4,0,19,376,158,32,0,566,0,0,0,566
10/17/2014,STL,MO,ACE,CE,Towers with Radar,370,148,18,14,550,0,10,0,2,12,370,158,18,16,562,0,6,6,568
10/18/2014,STL,MO,ACE,CE,Towers with Radar,268,95,18,0,381,0,4,2,0,6,268,99,20,0,387,0,0,0,387
10/19/2014,STL,MO,ACE,CE,Towers with Radar,336,116,15,1,468,0,10,0,0,10,336,126,15,1,478,0,0,0,478
10/20/2014,STL,MO,ACE,CE,Towers with Radar,378,141,26,3,548,0,9,3,0,12,378,150,29,3,560,0,0,0,560
10/21/2014,STL,MO,ACE,CE,Towers with Radar,372,129,32,6,539,0,17,10,0,27,372,146,42,6,566,0,0,0,566
10/22/2014,STL,MO,ACE,CE,Towers with Radar,378,133,47,0,558,0,13,4,2,19,378,146,51,2,577,0,0,0,577
10/23/2014,STL,MO,ACE,CE,Towers with Radar,380,154,37,4,575,0,15,1,0,16,380,169,38,4,591,0,0,0,591
10/24/2014,STL,MO,ACE,CE,Towers with Radar,369,161,37,17,584,0,2,6,0,8,369,163,43,17,592,0,0,0,592
10/25/2014,STL,MO,ACE,CE,Towers with Radar,269,91,8,0,368,0,1,1,0,2,269,92,9,0,370,0,0,0,370
10/26/2014,STL,MO,ACE,CE,Towers with Radar,331,124,9,2,466,0,7,2,1,10,331,131,11,3,476,0,0,0,476
10/27/2014,STL,MO,ACE,CE,Towers with Radar,373,162,22,1,558,0,5,2,0,7,373,167,24,1,565,0,0,0,565
10/28/2014,STL,MO,ACE,CE,Towers with Radar,366,153,34,0,553,0,12,4,0,16,366,165,38,0,569,0,0,0,569
10/29/2014,STL,MO,ACE,CE,Towers with Radar,371,162,42,8,583,0,10,14,0,24,371,172,56,8,607,0,0,0,607
10/30/2014,STL,MO,ACE,CE,Towers with Radar,369,147,28,0,544,0,5,7,0,12,369,152,35,0,556,0,0,0,556
10/31/2014,STL,MO,ACE,CE,Towers with Radar,307,139,18,8,472,0,7,4,0,11,307,146,22,8,483,0,0,0,483
11/01/2014,STL,MO,ACE,CE,Towers with Radar,251,82,8,0,341,0,12,1,0,13,251,94,9,0,354,0,0,0,354
11/02/2014,STL,MO,ACE,CE,Towers with Radar,300,125,13,0,438,0,9,0,0,9,300,134,13,0,447,0,0,0,447
11/03/2014,STL,MO,ACE,CE,Towers with Radar,367,162,21,2,552,0,8,2,2,12,367,170,23,4,564,0,0,0,564
11/04/2014,STL,MO,ACE,CE,Towers with Radar,345,150,19,0,514,0,1,0,0,1,345,151,19,0,515,0,0,0,515
11/05/2014,STL,MO,ACE,CE,Towers with Radar,361,144,26,7,538,0,11,3,1,15,361,155,29,8,553,0,2,2,555
11/06/2014,STL,MO,ACE,CE,Towers with Radar,356,152,28,2,538,0,2,0,1,3,356,154,28,3,541,0,0,0,541
11/07/2014,STL,MO,ACE,CE,Towers with Radar,360,141,28,2,531,0,16,6,4,26,360,157,34,6,557,0,0,0,557
11/08/2014,STL,MO,ACE,CE,Towers with Radar,246,82,7,0,335,0,4,1,0,5,246,86,8,0,340,0,0,0,340
11/09/2014,STL,MO,ACE,CE,Towers with Radar,301,124,4,2,431,0,3,2,0,5,301,127,6,2,436,0,0,0,436
11/10/2014,STL,MO,ACE,CE,Towers with Radar,355,141,32,0,528,0,9,4,2,15,355,150,36,2,543,0,0,0,543
11/11/2014,STL,MO,ACE,CE,Towers with Radar,352,151,17,0,520,0,2,4,0,6,352,153,21,0,526,0,0,0,526
11/12/2014,STL,MO,ACE,CE,Towers with Radar,355,158,18,4,535,0,1,7,1,9,355,159,25,5,544,0,0,0,544
11/13/2014,STL,MO,ACE,CE,Towers with Radar,363,155,20,0,538,0,2,1,0,3,363,157,21,0,541,0,0,0,541
11/14/2014,STL,MO,ACE,CE,Towers with Radar,371,138,26,5,540,0,10,1,0,11,371,148,27,5,551,0,0,0,551
11/15/2014,STL,MO,ACE,CE,Towers with Radar,241,98,7,0,346,0,7,1,0,8,241,105,8,0,354,0,0,0,354
11/16/2014,STL,MO,ACE,CE,Towers with Radar,299,136,15,0,450,0,0,0,0,0,299,136,15,0,450,0,0,0,450
11/17/2014,STL,MO,ACE,CE,Towers with Radar,350,147,26,3,526,0,1,2,0,3,350,148,28,3,529,0,0,0,529
11/18/2014,STL,MO,ACE,CE,Towers with Radar,357,142,28,6,533,0,11,2,0,13,357,153,30,6,546,0,0,0,546
11/19/2014,STL,MO,ACE,CE,Towers with Radar,356,147,32,8,543,0,9,1,1,11,356,156,33,9,554,0,0,0,554
11/20/2014,STL,MO,ACE,CE,Towers with Radar,367,145,28,5,545,0,13,7,0,20,367,158,35,5,565,0,0,0,565
11/21/2014,STL,MO,ACE,CE,Towers with Radar,377,160,22,6,565,0,4,3,12,19,377,164,25,18,584,0,0,0,584
11/22/2014,STL,MO,ACE,CE,Towers with Radar,248,91,4,6,349,0,2,4,0,6,248,93,8,6,355,0,0,0,355
11/23/2014,STL,MO,ACE,CE,Towers with Radar,294,117,14,2,427,0,0,0,0,0,294,117,14,2,427,0,0,0,427
11/24/2014,STL,MO,ACE,CE,Towers with Radar,330,136,12,0,478,0,4,0,0,4,330,140,12,0,482,0,0,0,482
11/25/2014,STL,MO,ACE,CE,Towers with Radar,369,141,19,9,538,0,19,0,0,19,369,160,19,9,557,0,0,0,557
11/26/2014,STL,MO,ACE,CE,Towers with Radar,368,126,17,2,513,0,1,0,0,1,368,127,17,2,514,0,0,0,514
11/27/2014,STL,MO,ACE,CE,Towers with Radar,211,100,15,0,326,0,2,2,0,4,211,102,17,0,330,0,0,0,330
11/28/2014,STL,MO,ACE,CE,Towers with Radar,251,94,14,0,359,0,13,2,0,15,251,107,16,0,374,0,0,0,374
11/29/2014,STL,MO,ACE,CE,Towers with Radar,332,93,9,0,434,0,11,0,0,11,332,104,9,0,445,0,0,0,445
11/30/2014,STL,MO,ACE,CE,Towers with Radar,360,135,11,0,506,0,2,1,0,3,360,137,12,0,509,0,0,0,509
12/01/2014,STL,MO,ACE,CE,Towers with Radar,378,130,18,6,532,0,10,9,0,19,378,140,27,6,551,0,0,0,551
12/02/2014,STL,MO,ACE,CE,Towers with Radar,363,151,21,5,540,0,0,6,6,12,363,151,27,11,552,0,0,0,552
12/03/2014,STL,MO,ACE,CE,Towers with Radar,349,126,27,19,521,0,18,3,6,27,349,144,30,25,548,0,0,0,548
12/04/2014,STL,MO,ACE,CE,Towers with Radar,355,133,28,0,516,0,1,1,0,2,355,134,29,0,518,0,0,0,518
12/05/2014,STL,MO,ACE,CE,Towers with Radar,359,152,19,2,532,0,0,0,0,0,359,152,19,2,532,0,0,0,532
12/06/2014,STL,MO,ACE,CE,Towers with Radar,236,88,7,0,331,0,0,0,0,0,236,88,7,0,331,0,0,0,331
12/07/2014,STL,MO,ACE,CE,Towers with Radar,295,129,11,0,435,0,1,1,0,2,295,130,12,0,437,0,0,0,437
12/08/2014,STL,MO,ACE,CE,Towers with Radar,348,150,23,5,526,0,2,0,0,2,348,152,23,5,528,0,0,0,528
12/09/2014,STL,MO,ACE,CE,Towers with Radar,347,151,37,0,535,0,0,2,0,2,347,151,39,0,537,0,0,0,537
12/10/2014,STL,MO,ACE,CE,Towers with Radar,361,172,37,7,577,0,0,2,2,4,361,172,39,9,581,0,0,0,581
12/11/2014,STL,MO,ACE,CE,Towers with Radar,371,137,31,5,544,0,8,3,0,11,371,145,34,5,555,0,0,0,555
12/12/2014,STL,MO,ACE,CE,Towers with Radar,364,153,28,6,551,0,0,7,5,12,364,153,35,11,563,0,0,0,563
12/13/2014,STL,MO,ACE,CE,Towers with Radar,238,102,6,0,346,0,0,1,0,1,238,102,7,0,347,0,0,0,347
12/14/2014,STL,MO,ACE,CE,Towers with Radar,308,111,6,0,425,0,2,5,0,7,308,113,11,0,432,2,0,2,434
12/15/2014,STL,MO,ACE,CE,Towers with Radar,355,151,18,2,526,0,0,0,0,0,355,151,18,2,526,0,0,0,526
12/16/2014,STL,MO,ACE,CE,Towers with Radar,358,139,30,3,530,0,0,6,0,6,358,139,36,3,536,0,0,0,536
12/17/2014,STL,MO,ACE,CE,Towers with Radar,360,154,27,8,549,0,7,1,1,9,360,161,28,9,558,0,0,0,558
12/18/2014,STL,MO,ACE,CE,Towers with Radar,359,153,25,1,538,0,0,2,0,2,359,153,27,1,540,0,0,0,540
12/19/2014,STL,MO,ACE,CE,Towers with Radar,354,147,22,4,527,0,0,0,0,0,354,147,22,4,527,0,0,0,527
12/20/2014,STL,MO,ACE,CE,Towers with Radar,307,91,8,0,406,0,0,1,0,1,307,91,9,0,407,0,0,0,407
12/21/2014,STL,MO,ACE,CE,Towers with Radar,309,114,12,0,435,0,0,1,0,1,309,114,13,0,436,0,0,0,436
12/22/2014,STL,MO,ACE,CE,Towers with Radar,334,140,10,0,484,0,0,0,0,0,334,140,10,0,484,0,0,0,484
12/23/2014,STL,MO,ACE,CE,Towers with Radar,345,123,7,1,476,0,3,5,0,8,345,126,12,1,484,0,0,0,484
12/24/2014,STL,MO,ACE,CE,Towers with Radar,266,102,5,0,373,0,0,0,0,0,266,102,5,0,373,0,0,0,373
12/25/2014,STL,MO,ACE,CE,Towers with Radar,248,104,1,0,353,0,7,0,0,7,248,111,1,0,360,0,0,0,360
12/26/2014,STL,MO,ACE,CE,Towers with Radar,338,141,15,0,494,0,2,6,0,8,338,143,21,0,502,0,0,0,502
12/27/2014,STL,MO,ACE,CE,Towers with Radar,305,98,7,0,410,0,0,0,0,0,305,98,7,0,410,0,0,0,410
12/28/2014,STL,MO,ACE,CE,Towers with Radar,324,108,12,0,444,0,1,4,0,5,324,109,16,0,449,0,0,0,449
12/29/2014,STL,MO,ACE,CE,Towers with Radar,340,124,4,3,471,0,10,6,6,22,340,134,10,9,493,0,0,0,493
12/30/2014,STL,MO,ACE,CE,Towers with Radar,333,130,9,0,472,0,3,0,8,11,333,133,9,8,483,0,0,0,483
12/31/2014,STL,MO,ACE,CE,Towers with Radar,267,98,8,0,373,0,10,2,0,12,267,108,10,0,385,0,0,0,385
01/01/2015,STL,MO,ACE,CE,Towers with Radar,248,118,7,0,373,0,4,2,0,6,248,122,9,0,379,0,0,0,379
01/02/2015,STL,MO,ACE,CE,Towers with Radar,343,144,7,0,494,0,1,0,0,1,343,145,7,0,495,0,0,0,495
01/03/2015,STL,MO,ACE,CE,Towers with Radar,303,95,6,0,404,0,0,0,0,0,303,95,6,0,404,0,0,0,404
01/04/2015,STL,MO,ACE,CE,Towers with Radar,317,111,9,0,437,0,1,2,0,3,317,112,11,0,440,0,0,0,440
01/05/2015,STL,MO,ACE,CE,Towers with Radar,343,133,7,0,483,0,10,5,2,17,343,143,12,2,500,0,0,0,500
01/06/2015,STL,MO,ACE,CE,Towers with Radar,320,146,7,0,473,0,7,5,0,12,320,153,12,0,485,0,0,0,485
01/07/2015,STL,MO,ACE,CE,Towers with Radar,324,139,17,3,483,0,2,2,0,4,324,141,19,3,487,0,0,0,487
01/08/2015,STL,MO,ACE,CE,Towers with Radar,333,141,32,3,509,0,4,6,0,10,333,145,38,3,519,0,0,0,519
01/09/2015,STL,MO,ACE,CE,Towers with Radar,333,134,27,14,508,0,9,1,3,13,333,143,28,17,521,0,4,4,525
01/10/2015,STL,MO,ACE,CE,Towers with Radar,240,76,6,0,322,0,9,7,0,16,240,85,13,0,338,0,0,0,338
01/11/2015,STL,MO,ACE,CE,Towers with Radar,279,106,4,0,389,0,6,0,0,6,279,112,4,0,395,0,0,0,395
01/12/2015,STL,MO,ACE,CE,Towers with Radar,326,137,15,0,478,0,5,0,0,5,326,142,15,0,483,0,0,0,483
01/13/2015,STL,MO,ACE,CE,Towers with Radar,333,143,40,12,528,0,3,5,7,15,333,146,45,19,543,0,10,10,553
01/14/2015,STL,MO,ACE,CE,Towers with Radar,335,131,25,3,494,0,7,2,1,10,335,138,27,4,504,0,6,6,510
01/15/2015,STL,MO,ACE,CE,Towers with Radar,338,136,21,9,504,0,7,3,3,13,338,143,24,12,517,0,0,0,517
01/16/2015,STL,MO,ACE,CE,Towers with Radar,345,137,25,3,510,0,16,6,0,22,345,153,31,3,532,0,0,0,532
01/17/2015,STL,MO,ACE,CE,Towers with Radar,219,81,8,3,311,0,7,4,0,11,219,88,12,3,322,0,0,0,322
01/18/2015,STL,MO,ACE,CE,Towers with Radar,264,98,3,0,365,0,5,0,0,5,264,103,3,0,370,0,0,0,370
01/19/2015,STL,MO,ACE,CE,Towers with Radar,340,127,16,0,483,0,14,6,0,20,340,141,22,0,503,0,0,0,503
01/20/2015,STL,MO,ACE,CE,Towers with Radar,327,128,26,1,482,0,13,2,0,15,327,141,28,1,497,0,0,0,497
01/21/2015,STL,MO,ACE,CE,Towers with Radar,339,135,23,8,505,0,11,4,0,15,339,146,27,8,520,0,0,0,520
01/22/2015,STL,MO,ACE,CE,Towers with Radar,341,141,17,7,506,0,0,0,0,0,341,141,17,7,506,0,0,0,506
01/23/2015,STL,MO,ACE,CE,Towers with Radar,338,145,24,24,531,0,1,2,1,4,338,146,26,25,535,0,0,0,535
01/24/2015,STL,MO,ACE,CE,Towers with Radar,217,86,7,0,310,0,10,4,0,14,217,96,11,0,324,0,0,0,324
01/25/2015,STL,MO,ACE,CE,Towers with Radar,280,106,6,0,392,0,0,0,0,0,280,106,6,0,392,0,0,0,392
01/26/2015,STL,MO,ACE,CE,Towers with Radar,314,137,11,4,466,0,1,1,7,9,314,138,12,11,475,0,0,0,475
01/27/2015,STL,MO,ACE,CE,Towers with Radar,295,129,14,1,439,0,2,2,0,4,295,131,16,1,443,0,0,0,443
01/28/2015,STL,MO,ACE,CE,Towers with Radar,336,133,30,2,501,0,10,9,0,19,336,143,39,2,520,0,0,0,520
01/29/2015,STL,MO,ACE,CE,Towers with Radar,343,152,14,2,511,0,10,0,0,10,343,162,14,2,521,0,0,0,521
01/30/2015,STL,MO,ACE,CE,Towers with Radar,341,144,18,2,505,0,7,5,0,12,341,151,23,2,517,0,0,0,517
01/31/2015,STL,MO,ACE,CE,Towers with Radar,218,94,8,2,322,0,12,1,0,13,218,106,9,2,335,0,0,0,335
02/01/2015,STL,MO,ACE,CE,Towers with Radar,244,82,6,1,333,0,0,0,0,0,244,82,6,1,333,0,0,0,333
02/02/2015,STL,MO,ACE,CE,Towers with Radar,302,140,19,0,461,0,5,2,0,7,302,145,21,0,468,0,0,0,468
02/03/2015,STL,MO,ACE,CE,Towers with Radar,321,136,17,8,482,0,14,2,1,17,321,150,19,9,499,0,0,0,499
02/04/2015,STL,MO,ACE,CE,Towers with Radar,338,126,17,0,481,0,4,4,0,8,338,130,21,0,489,0,0,0,489
02/05/2015,STL,MO,ACE,CE,Towers with Radar,345,131,34,9,519,0,20,1,2,23,345,151,35,11,542,0,0,0,542
02/06/2015,STL,MO,ACE,CE,Towers with Radar,346,140,19,7,512,0,8,4,0,12,346,148,23,7,524,0,0,0,524
02/07/2015,STL,MO,ACE,CE,Towers with Radar,226,87,11,0,324,0,10,5,0,15,226,97,16,0,339,0,0,0,339
02/08/2015,STL,MO,ACE,CE,Towers with Radar,286,112,14,0,412,0,0,2,0,2,286,112,16,0,414,0,0,0,414
02/09/2015,STL,MO,ACE,CE,Towers with Radar,318,141,4,2,465,0,0,1,0,1,318,141,5,2,466,0,0,0,466
02/10/2015,STL,MO,ACE,CE,Towers with Radar,334,137,28,3,502,0,3,0,0,3,334,140,28,3,505,0,0,0,505
02/11/2015,STL,MO,ACE,CE,Towers with Radar,344,148,33,6,531,0,2,1,0,3,344,150,34,6,534,0,0,0,534
02/12/2015,STL,MO,ACE,CE,Towers with Radar,341,151,28,6,526,0,8,4,0,12,341,159,32,6,538,0,0,0,538
02/13/2015,STL,MO,ACE,CE,Towers with Radar,354,149,30,5,538,0,9,5,0,14,354,158,35,5,552,0,0,0,552
02/14/2015,STL,MO,ACE,CE,Towers with Radar,222,89,3,4,318,0,5,0,0,5,222,94,3,4,323,0,0,0,323
02/15/2015,STL,MO,ACE,CE,Towers with Radar,243,103,10,0,356,0,0,1,0,1,243,103,11,0,357,0,0,0,357
02/16/2015,STL,MO,ACE,CE,Towers with Radar,321,103,17,0,441,0,0,2,0,2,321,103,19,0,443,0,0,0,443
02/17/2015,STL,MO,ACE,CE,Towers with Radar,327,132,22,4,485,0,2,0,1,3,327,134,22,5,488,0,0,0,488
02/18/2015,STL,MO,ACE,CE,Towers with Radar,351,132,24,5,512,0,4,4,1,9,351,136,28,6,521,0,0,0,521
02/19/2015,STL,MO,ACE,CE,Towers with Radar,349,134,18,0,501,0,9,4,0,13,349,143,22,0,514,0,0,0,514
02/20/2015,STL,MO,ACE,CE,Towers with Radar,324,120,9,0,453,0,3,5,0,8,324,123,14,0,461,0,0,0,461
02/21/2015,STL,MO,ACE,CE,Towers with Radar,169,77,5,0,251,0,0,3,0,3,169,77,8,0,254,0,0,0,254
02/22/2015,STL,MO,ACE,CE,Towers with Radar,270,120,5,0,395,0,8,0,0,8,270,128,5,0,403,0,0,0,403
02/23/2015,STL,MO,ACE,CE,Towers with Radar,331,142,25,9,507,0,17,3,0,20,331,159,28,9,527,0,0,0,527
02/24/2015,STL,MO,ACE,CE,Towers with Radar,331,129,29,2,491,0,8,9,0,17,331,137,38,2,508,0,0,0,508
02/25/2015,STL,MO,ACE,CE,Towers with Radar,337,145,24,11,517,0,11,2,1,14,337,156,26,12,531,0,0,0,531
02/26/2015,STL,MO,ACE,CE,Towers with Radar,339,161,13,0,513,0,0,0,0,0,339,161,13,0,513,0,0,0,513
02/27/2015,STL,MO,ACE,CE,Towers with Radar,347,157,15,6,525,0,8,14,1,23,347,165,29,7,548,0,0,0,548
02/28/2015,STL,MO,ACE,CE,Towers with Radar,210,93,7,0,310,0,0,2,0,2,210,93,9,0,312,0,0,0,312
03/01/2015,STL,MO,ACE,CE,Towers with Radar,240,99,8,0,347,0,0,2,0,2,240,99,10,0,349,0,0,0,349
03/02/2015,STL,MO,ACE,CE,Towers with Radar,343,148,19,6,516,0,13,7,6,26,343,161,26,12,542,0,12,12,554
03/03/2015,STL,MO,ACE,CE,Towers with Radar,333,144,19,2,498,0,0,1,0,1,333,144,20,2,499,0,0,0,499
03/04/2015,STL,MO,ACE,CE,Towers with Radar,327,133,25,6,491,0,5,2,0,7,327,138,27,6,498,0,0,0,498
03/05/2015,STL,MO,ACE,CE,Towers with Radar,311,156,10,4,481,0,14,4,2,20,311,170,14,6,501,0,0,0,501
03/06/2015,STL,MO,ACE,CE,Towers with Radar,345,146,24,6,521,0,7,2,1,10,345,153,26,7,531,0,0,0,531
03/07/2015,STL,MO,ACE,CE,Towers with Radar,273,92,5,1,371,0,10,1,0,11,273,102,6,1,382,0,0,0,382
03/08/2015,STL,MO,ACE,CE,Towers with Radar,328,123,11,18,480,0,4,0,0,4,328,127,11,18,484,0,0,0,484
03/09/2015,STL,MO,ACE,CE,Towers with Radar,360,148,17,3,528,0,18,10,2,30,360,166,27,5,558,0,0,0,558
03/10/2015,STL,MO,ACE,CE,Towers with Radar,375,147,22,2,546,0,1,0,0,1,375,148,22,2,547,0,0,0,547
03/11/2015,STL,MO,ACE,CE,Towers with Radar,366,139,37,12,554,0,28,3,4,35,366,167,40,16,589,0,0,0,589
03/12/2015,STL,MO,ACE,CE,Towers with Radar,357,170,30,7,564,0,2,6,1,9,357,172,36,8,573,0,0,0,573
03/13/2015,STL,MO,ACE,CE,Towers with Radar,365,168,19,2,554,0,0,0,0,0,365,168,19,2,554,0,0,0,554
03/14/2015,STL,MO,ACE,CE,Towers with Radar,278,97,7,0,382,0,7,1,0,8,278,104,8,0,390,0,0,0,390
03/15/2015,STL,MO,ACE,CE,Towers with Radar,327,127,9,4,467,0,7,1,0,8,327,134,10,4,475,0,0,0,475
03/16/2015,STL,MO,ACE,CE,Towers with Radar,360,140,19,4,523,0,9,2,1,12,360,149,21,5,535,0,0,0,535
03/17/2015,STL,MO,ACE,CE,Towers with Radar,361,139,19,3,522,0,4,5,1,10,361,143,24,4,532,0,0,0,532
03/18/2015,STL,MO,ACE,CE,Towers with Radar,363,144,21,4,532,0,7,5,5,17,363,151,26,9,549,0,0,0,549
03/19/2015,STL,MO,ACE,CE,Towers with Radar,361,166,20,0,547,0,0,1,0,1,361,166,21,0,548,0,0,0,548
03/20/2015,STL,MO,ACE,CE,Towers with Radar,353,165,12,4,534,0,1,0,0,1,353,166,12,4,535,0,0,0,535
03/21/2015,STL,MO,ACE,CE,Towers with Radar,274,97,13,1,385,0,10,2,0,12,274,107,15,1,397,0,0,0,397
03/22/2015,STL,MO,ACE,CE,Towers with Radar,323,123,15,2,463,0,2,1,0,3,323,125,16,2,466,0,0,0,466
03/23/2015,STL,MO,ACE,CE,Towers with Radar,365,153,17,2,537,0,3,3,0,6,365,156,20,2,543,0,0,0,543
03/24/2015,STL,MO,ACE,CE,Towers with Radar,363,131,14,1,509,0,0,0,0,0,363,131,14,1,509,0,0,0,509
03/25/2015,STL,MO,ACE,CE,Towers with Radar,361,142,15,16,534,0,4,1,3,8,361,146,16,19,542,0,0,0,542
03/26/2015,STL,MO,ACE,CE,Towers with Radar,361,156,21,6,544,0,15,2,1,18,361,171,23,7,562,0,0,0,562
03/27/2015,STL,MO,ACE,CE,Towers with Radar,366,162,27,3,558,0,3,3,0,6,366,165,30,3,564,0,0,0,564
03/28/2015,STL,MO,ACE,CE,Towers with Radar,269,98,15,1,383,0,3,3,0,6,269,101,18,1,389,0,0,0,389
03/29/2015,STL,MO,ACE,CE,Towers with Radar,327,119,12,1,459,0,1,1,3,5,327,120,13,4,464,0,0,0,464
03/30/2015,STL,MO,ACE,CE,Towers with Radar,359,148,16,1,524,0,13,2,0,15,359,161,18,1,539,0,0,0,539
03/31/2015,STL,MO,ACE,CE,Towers with Radar,359,132,30,2,523,0,10,4,3,17,359,142,34,5,540,0,0,0,540
04/01/2015,STL,MO,ACE,CE,Towers with Radar,363,136,19,4,522,0,17,5,0,22,363,153,24,4,544,0,0,0,544
04/02/2015,STL,MO,ACE,CE,Towers with Radar,360,154,17,0,531,0,0,3,0,3,360,154,20,0,534,0,0,0,534
04/03/2015,STL,MO,ACE,CE,Towers with Radar,366,150,18,2,536,0,4,7,1,12,366,154,25,3,548,0,0,0,548
04/04/2015,STL,MO,ACE,CE,Towers with Radar,259,99,9,0,367,0,2,4,2,8,259,101,13,2,375,0,0,0,375
04/05/2015,STL,MO,ACE,CE,Towers with Radar,308,116,12,0,436,0,3,0,0,3,308,119,12,0,439,0,0,0,439
04/06/2015,STL,MO,ACE,CE,Towers with Radar,366,183,32,0,581,0,0,2,0,2,366,183,34,0,583,0,0,0,583
04/07/2015,STL,MO,ACE,CE,Towers with Radar,358,150,15,3,526,0,6,0,0,6,358,156,15,3,532,0,0,0,532
04/08/2015,STL,MO,ACE,CE,Towers with Radar,369,142,19,10,540,0,1,0,2,3,369,143,19,12,543,0,0,0,543
04/09/2015,STL,MO,ACE,CE,Towers with Radar,382,132,35,7,556,0,1,6,1,8,382,133,41,8,564,0,0,0,564
04/10/2015,STL,MO,ACE,CE,Towers with Radar,368,144,29,4,545,0,7,6,0,13,368,151,35,4,558,0,0,0,558
04/11/2015,STL,MO,ACE,CE,Towers with Radar,253,92,13,0,358,0,9,7,0,16,253,101,20,0,374,0,0,0,374
04/12/2015,STL,MO,ACE,CE,Towers with Radar,325,127,25,0,477,0,2,0,0,2,325,129,25,0,479,0,0,0,479
04/13/2015,STL,MO,ACE,CE,Towers with Radar,363,162,28,5,558,0,6,0,5,11,363,168,28,10,569,0,0,0,569
04/14/2015,STL,MO,ACE,CE,Towers with Radar,356,152,30,4,542,0,14,8,0,22,356,166,38,4,564,0,0,0,564
04/15/2015,STL,MO,ACE,CE,Towers with Radar,367,163,27,4,561,0,6,3,0,9,367,169,30,4,570,0,0,0,570
04/16/2015,STL,MO,ACE,CE,Towers with Radar,371,159,28,7,565,0,3,2,4,9,371,162,30,11,574,0,0,0,574
04/17/2015,STL,MO,ACE,CE,Towers with Radar,372,165,25,19,581,0,1,5,6,12,372,166,30,25,593,0,0,0,593
04/18/2015,STL,MO,ACE,CE,Towers with Radar,275,94,7,9,385,0,5,0,1,6,275,99,7,10,391,0,0,0,391
04/19/2015,STL,MO,ACE,CE,Towers with Radar,330,140,4,5,479,0,0,0,0,0,330,140,4,5,479,0,0,0,479
04/20/2015,STL,MO,ACE,CE,Towers with Radar,364,151,25,2,542,0,9,2,0,11,364,160,27,2,553,0,0,0,553
04/21/2015,STL,MO,ACE,CE,Towers with Radar,363,151,34,0,548,0,7,3,2,12,363,158,37,2,560,0,0,0,560
04/22/2015,STL,MO,ACE,CE,Towers with Radar,360,156,28,0,544,0,14,1,1,16,360,170,29,1,560,0,0,0,560
04/23/2015,STL,MO,ACE,CE,Towers with Radar,370,164,41,4,579,0,15,7,0,22,370,179,48,4,601,0,0,0,601
04/24/2015,STL,MO,ACE,CE,Towers with Radar,373,171,34,1,579,0,8,4,0,12,373,179,38,1,591,0,0,0,591
04/25/2015,STL,MO,ACE,CE,Towers with Radar,264,100,16,0,380,0,0,0,0,0,264,100,16,0,380,0,0,0,380
04/26/2015,STL,MO,ACE,CE,Towers with Radar,334,126,10,0,470,0,4,2,0,6,334,130,12,0,476,0,0,0,476
04/27/2015,STL,MO,ACE,CE,Towers with Radar,363,157,41,6,567,0,20,5,0,25,363,177,46,6,592,0,0,0,592
04/28/2015,STL,MO,ACE,CE,Towers with Radar,363,152,36,6,557,0,6,6,0,12,363,158,42,6,569,0,0,0,569
04/29/2015,STL,MO,ACE,CE,Towers with Radar,365,159,44,7,575,0,8,8,1,17,365,167,52,8,592,0,6,6,598
04/30/2015,STL,MO,ACE,CE,Towers with Radar,368,178,40,9,595,0,18,13,12,43,368,196,53,21,638,0,0,0,638
05/01/2015,STL,MO,ACE,CE,Towers with Radar,378,158,15,8,559,0,5,4,4,13,378,163,19,12,572,0,10,10,582
05/02/2015,STL,MO,ACE,CE,Towers with Radar,257,96,8,0,361,0,9,4,0,13,257,105,12,0,374,0,0,0,374
05/03/2015,STL,MO,ACE,CE,Towers with Radar,321,139,8,0,468,0,2,2,0,4,321,141,10,0,472,0,0,0,472
05/04/2015,STL,MO,ACE,CE,Towers with Radar,364,160,32,6,562,0,0,0,1,1,364,160,32,7,563,0,4,4,567
05/05/2015,STL,MO,ACE,CE,Towers with Radar,358,170,27,3,558,0,6,1,3,10,358,176,28,6,568,0,2,2,570
05/06/2015,STL,MO,ACE,CE,Towers with Radar,362,177,30,8,577,0,16,8,3,27,362,193,38,11,604,0,6,6,610
05/07/2015,STL,MO,ACE,CE,Towers with Radar,372,158,34,3,567,0,12,5,2,19,372,170,39,5,586,0,0,0,586
05/08/2015,STL,MO,ACE,CE,Towers with Radar,362,171,20,9,562,0,3,0,0,3,362,174,20,9,565,0,0,0,565
05/09/2015,STL,MO,ACE,CE,Towers with Radar,239,111,10,4,364,0,2,1,0,3,239,113,11,4,367,0,0,0,367
05/10/2015,STL,MO,ACE,CE,Towers with Radar,298,119,12,2,431,0,7,0,0,7,298,126,12,2,438,0,0,0,438
05/11/2015,STL,MO,ACE,CE,Towers with Radar,360,164,21,11,556,0,2,0,0,2,360,166,21,11,558,0,6,6,564
05/12/2015,STL,MO,ACE,CE,Towers with Radar,360,150,19,9,538,0,18,12,2,32,360,168,31,11,570,0,4,4,574
05/13/2015,STL,MO,ACE,CE,Towers with Radar,361,159,22,5,547,0,26,4,1,31,361,185,26,6,578,0,0,0,578
05/14/2015,STL,MO,ACE,CE,Towers with Radar,366,167,28,3,564,0,3,2,0,5,366,170,30,3,569,0,0,0,569
05/15/2015,STL,MO,ACE,CE,Towers with Radar,367,167,20,8,562,0,12,4,0,16,367,179,24,8,578,0,4,4,582
05/16/2015,STL,MO,ACE,CE,Towers with Radar,267,118,13,0,398,0,2,2,0,4,267,120,15,0,402,0,0,0,402
05/17/2015,STL,MO,ACE,CE,Towers with Radar,326,130,16,2,474,0,1,3,0,4,326,131,19,2,478,0,0,0,478
05/18/2015,STL,MO,ACE,CE,Towers with Radar,340,169,25,1,535,0,3,4,4,11,340,172,29,5,546,0,0,0,546
05/19/2015,STL,MO,ACE,CE,Towers with Radar,361,168,37,4,570,0,13,2,7,22,361,181,39,11,592,0,0,0,592
05/20/2015,STL,MO,ACE,CE,Towers with Radar,366,164,19,7,556,0,2,2,0,4,366,166,21,7,560,0,0,0,560
05/21/2015,STL,MO,ACE,CE,Towers with Radar,366,167,42,11,586,0,9,3,3,15,366,176,45,14,601,2,9,11,612
05/22/2015,STL,MO,ACE,CE,Towers with Radar,366,154,26,17,563,0,17,5,1,23,366,171,31,18,586,0,0,0,586
05/23/2015,STL,MO,ACE,CE,Towers with Radar,258,97,6,0,361,0,9,3,0,12,258,106,9,0,373,0,0,0,373
05/24/2015,STL,MO,ACE,CE,Towers with Radar,275,113,5,0,393,0,2,1,0,3,275,115,6,0,396,0,0,0,396
05/25/2015,STL,MO,ACE,CE,Towers with Radar,310,150,10,0,470,0,6,0,0,6,310,156,10,0,476,0,0,0,476
05/26/2015,STL,MO,ACE,CE,Towers with Radar,353,158,23,2,536,0,4,0,0,4,353,162,23,2,540,0,0,0,540
05/27/2015,STL,MO,ACE,CE,Towers with Radar,355,137,27,11,530,0,9,5,2,16,355,146,32,13,546,0,6,6,552
05/28/2015,STL,MO,ACE,CE,Towers with Radar,379,180,30,5,594,0,8,8,0,16,379,188,38,5,610,0,5,5,615
05/29/2015,STL,MO,ACE,CE,Towers with Radar,371,165,16,1,553,0,6,2,4,12,371,171,18,5,565,0,0,0,565
05/30/2015,STL,MO,ACE,CE,Towers with Radar,265,107,4,0,376,0,0,0,0,0,265,107,4,0,376,0,0,0,376
05/31/2015,STL,MO,ACE,CE,Towers with Radar,315,130,12,0,457,0,0,0,0,0,315,130,12,0,457,0,0,0,457
06/01/2015,STL,MO,ACE,CE,Towers with Radar,348,169,27,4,548,0,0,0,0,0,348,169,27,4,548,0,0,0,548
06/02/2015,STL,MO,ACE,CE,Towers with Radar,361,166,29,5,561,0,1,0,0,1,361,167,29,5,562,0,0,0,562
06/03/2015,STL,MO,ACE,CE,Towers with Radar,362,160,16,13,551,0,3,5,1,9,362,163,21,14,560,0,0,0,560
06/04/2015,STL,MO,ACE,CE,Towers with Radar,354,172,20,3,549,0,2,8,0,10,354,174,28,3,559,0,0,0,559
06/05/2015,STL,MO,ACE,CE,Towers with Radar,361,173,28,3,565,0,14,2,5,21,361,187,30,8,586,0,0,0,586
06/06/2015,STL,MO,ACE,CE,Towers with Radar,252,116,10,1,379,0,5,5,0,10,252,121,15,1,389,0,0,0,389
06/07/2015,STL,MO,ACE,CE,Towers with Radar,338,136,8,0,482,0,11,0,1,12,338,147,8,1,494,0,0,0,494
06/08/2015,STL,MO,ACE,CE,Towers with Radar,368,164,16,3,551,0,4,3,0,7,368,168,19,3,558,0,0,0,558
06/09/2015,STL,MO,ACE,CE,Towers with Radar,349,159,35,6,549,0,21,7,5,33,349,180,42,11,582,0,3,3,585
06/10/2015,STL,MO,ACE,CE,Towers with Radar,366,148,19,5,538,0,25,3,1,29,366,173,22,6,567,0,0,0,567
06/11/2015,STL,MO,ACE,CE,Towers with Radar,355,159,27,0,541,0,18,6,4,28,355,177,33,4,569,0,0,0,569
06/12/2015,STL,MO,ACE,CE,Towers with Radar,371,163,22,1,557,0,7,1,1,9,371,170,23,2,566,0,0,0,566
06/13/2015,STL,MO,ACE,CE,Towers with Radar,284,118,11,0,413,0,5,0,0,5,284,123,11,0,418,0,0,0,418
06/14/2015,STL,MO,ACE,CE,Towers with Radar,337,130,12,0,479,0,2,1,0,3,337,132,13,0,482,0,0,0,482
06/15/2015,STL,MO,ACE,CE,Towers with Radar,344,161,22,0,527,0,3,2,0,5,344,164,24,0,532,0,0,0,532
06/16/2015,STL,MO,ACE,CE,Towers with Radar,354,157,24,5,540,0,0,0,0,0,354,157,24,5,540,0,0,0,540
06/17/2015,STL,MO,ACE,CE,Towers with Radar,354,177,25,3,559,0,4,7,1,12,354,181,32,4,571,0,0,0,571
06/18/2015,STL,MO,ACE,CE,Towers with Radar,360,158,14,3,535,0,1,0,1,2,360,159,14,4,537,0,4,4,541
06/19/2015,STL,MO,ACE,CE,Towers with Radar,360,182,20,0,562,0,0,0,0,0,360,182,20,0,562,0,0,0,562
06/20/2015,STL,MO,ACE,CE,Towers with Radar,277,115,4,6,402,0,7,0,0,7,277,122,4,6,409,0,0,0,409
06/21/2015,STL,MO,ACE,CE,Towers with Radar,322,134,7,0,463,0,1,3,0,4,322,135,10,0,467,0,0,0,467
06/22/2015,STL,MO,ACE,CE,Towers with Radar,352,176,11,8,547,0,6,3,6,15,352,182,14,14,562,0,0,0,562
06/23/2015,STL,MO,ACE,CE,Towers with Radar,356,178,24,7,565,0,5,3,0,8,356,183,27,7,573,0,0,0,573
06/24/2015,STL,MO,ACE,CE,Towers with Radar,363,185,29,7,584,0,17,3,1,21,363,202,32,8,605,0,6,6,611
06/25/2015,STL,MO,ACE,CE,Towers with Radar,334,147,22,1,504,0,7,4,3,14,334,154,26,4,518,0,0,0,518
06/26/2015,STL,MO,ACE,CE,Towers with Radar,370,193,19,4,586,0,5,0,5,10,370,198,19,9,596,4,2,6,602
06/27/2015,STL,MO,ACE,CE,Towers with Radar,281,123,5,0,409,0,5,0,0,5,281,128,5,0,414,0,0,0,414
06/28/2015,STL,MO,ACE,CE,Towers with Radar,329,143,11,2,485,0,2,1,0,3,329,145,12,2,488,0,0,0,488
06/29/2015,STL,MO,ACE,CE,Towers with Radar,353,177,25,1,556,0,0,4,2,6,353,177,29,3,562,0,0,0,562
06/30/2015,STL,MO,ACE,CE,Towers with Radar,378,156,26,19,579,0,6,6,0,12,378,162,32,19,591,0,6,6,597
07/01/2015,STL,MO,ACE,CE,Towers with Radar,364,154,27,4,549,0,5,3,1,9,364,159,30,5,558,0,0,0,558
07/02/2015,STL,MO,ACE,CE,Towers with Radar,375,156,15,5,551,0,0,4,3,7,375,156,19,8,558,0,0,0,558
07/03/2015,STL,MO,ACE,CE,Towers with Radar,319,152,4,0,475,0,0,0,0,0,319,152,4,0,475,0,0,0,475
07/04/2015,STL,MO,ACE,CE,Towers with Radar,233,96,2,2,333,0,0,0,0,0,233,96,2,2,333,0,0,0,333
07/05/2015,STL,MO,ACE,CE,Towers with Radar,338,150,9,0,497,0,2,0,0,2,338,152,9,0,499,0,0,0,499
07/06/2015,STL,MO,ACE,CE,Towers with Radar,376,162,8,6,552,0,6,2,0,8,376,168,10,6,560,2,0,2,562
07/07/2015,STL,MO,ACE,CE,Towers with Radar,370,161,15,0,546,0,0,0,0,0,370,161,15,0,546,0,0,0,546
07/08/2015,STL,MO,ACE,CE,Towers with Radar,363,161,17,3,544,0,0,0,0,0,363,161,17,3,544,0,0,0,544
07/09/2015,STL,MO,ACE,CE,Towers with Radar,378,155,15,8,556,0,1,2,0,3,378,156,17,8,559,0,0,0,559
07/10/2015,STL,MO,ACE,CE,Towers with Radar,376,170,29,8,583,0,3,0,0,3,376,173,29,8,586,0,0,0,586
07/11/2015,STL,MO,ACE,CE,Towers with Radar,294,103,11,2,410,0,3,3,0,6,294,106,14,2,416,0,0,0,416
07/12/2015,STL,MO,ACE,CE,Towers with Radar,335,143,14,2,494,0,5,2,0,7,335,148,16,2,501,0,0,0,501
07/13/2015,STL,MO,ACE,CE,Towers with Radar,383,147,33,1,564,0,7,5,3,15,383,154,38,4,579,0,0,0,579
07/14/2015,STL,MO,ACE,CE,Towers with Radar,374,173,15,5,567,0,5,4,1,10,374,178,19,6,577,0,0,0,577
07/15/2015,STL,MO,ACE,CE,Towers with Radar,370,168,30,6,574,0,24,4,0,28,370,192,34,6,602,0,0,0,602
07/16/2015,STL,MO,ACE,CE,Towers with Radar,390,177,21,10,598,0,7,2,0,9,390,184,23,10,607,0,0,0,607
07/17/2015,STL,MO,ACE,CE,Towers with Radar,386,169,21,5,581,0,11,2,5,18,386,180,23,10,599,0,0,0,599
07/18/2015,STL,MO,ACE,CE,Towers with Radar,293,109,10,2,414,0,4,2,0,6,293,113,12,2,420,0,0,0,420
07/19/2015,STL,MO,ACE,CE,Towers with Radar,333,143,12,2,490,0,1,3,0,4,333,144,15,2,494,0,0,0,494
07/20/2015,STL,MO,ACE,CE,Towers with Radar,372,171,24,7,574,0,0,0,0,0,372,171,24,7,574,0,0,0,574
07/21/2015,STL,MO,ACE,CE,Towers with Radar,370,160,16,5,551,0,12,5,1,18,370,172,21,6,569,0,0,0,569
07/22/2015,STL,MO,ACE,CE,Towers with Radar,367,177,19,5,568,0,9,5,0,14,367,186,24,5,582,0,6,6,588
07/23/2015,STL,MO,ACE,CE,Towers with Radar,383,153,24,6,566,0,9,6,3,18,383,162,30,9,584,0,2,2,586
07/24/2015,STL,MO,ACE,CE,Towers with Radar,369,166,16,5,556,0,6,14,5,25,369,172,30,10,581,0,3,3,584
07/25/2015,STL,MO,ACE,CE,Towers with Radar,285,112,10,0,407,0,3,7,0,10,285,115,17,0,417,0,0,0,417
07/26/2015,STL,MO,ACE,CE,Towers with Radar,342,144,12,0,498,0,0,2,2,4,342,144,14,2,502,0,0,0,502
07/27/2015,STL,MO,ACE,CE,Towers with Radar,370,168,14,1,553,0,1,2,5,8,370,169,16,6,561,0,11,11,572
07/28/2015,STL,MO,ACE,CE,Towers with Radar,373,151,21,5,550,0,17,6,1,24,373,168,27,6,574,4,0,4,578
07/29/2015,STL,MO,ACE,CE,Towers with Radar,367,169,17,2,555,0,10,1,0,11,367,179,18,2,566,0,0,0,566
07/30/2015,STL,MO,ACE,CE,Towers with Radar,363,151,35,0,549,0,26,6,0,32,363,177,41,0,581,0,0,0,581
07/31/2015,STL,MO,ACE,CE,Towers with Radar,377,157,33,0,567,0,8,8,0,16,377,165,41,0,583,0,0,0,583
08/01/2015,STL,MO,ACE,CE,Towers with Radar,288,108,8,0,404,0,3,0,0,3,288,111,8,0,407,0,0,0,407
08/02/2015,STL,MO,ACE,CE,Towers with Radar,342,137,12,4,495,0,8,2,0,10,342,145,14,4,505,0,0,0,505
08/03/2015,STL,MO,ACE,CE,Towers with Radar,378,151,35,2,566,0,8,3,0,11,378,159,38,2,577,0,0,0,577
08/04/2015,STL,MO,ACE,CE,Towers with Radar,371,157,23,4,555,0,15,0,4,19,371,172,23,8,574,0,0,0,574
08/05/2015,STL,MO,ACE,CE,Towers with Radar,372,159,22,9,562,0,4,5,3,12,372,163,27,12,574,0,0,0,574
08/06/2015,STL,MO,ACE,CE,Towers with Radar,385,160,21,0,566,0,9,3,6,18,385,169,24,6,584,0,0,0,584
08/07/2015,STL,MO,ACE,CE,Towers with Radar,381,163,26,7,577,0,10,2,2,14,381,173,28,9,591,0,0,0,591
08/08/2015,STL,MO,ACE,CE,Towers with Radar,291,104,15,2,412,0,9,3,2,14,291,113,18,4,426,0,0,0,426
08/09/2015,STL,MO,ACE,CE,Towers with Radar,325,140,18,0,483,0,1,0,0,1,325,141,18,0,484,0,0,0,484
08/10/2015,STL,MO,ACE,CE,Towers with Radar,362,153,20,6,541,0,3,7,0,10,362,156,27,6,551,0,0,0,551
08/11/2015,STL,MO,ACE,CE,Towers with Radar,346,151,21,9,527,0,10,0,2,12,346,161,21,11,539,0,0,0,539
08/12/2015,STL,MO,ACE,CE,Towers with Radar,351,157,26,8,542,0,18,5,2,25,351,175,31,10,567,0,0,0,567
08/13/2015,STL,MO,ACE,CE,Towers with Radar,368,166,33,10,577,0,14,10,2,26,368,180,43,12,603,0,0,0,603
08/14/2015,STL,MO,ACE,CE,Towers with Radar,358,165,22,2,547,0,9,4,0,13,358,174,26,2,560,0,0,0,560
08/15/2015,STL,MO,ACE,CE,Towers with Radar,280,108,7,0,395,0,0,2,0,2,280,108,9,0,397,0,0,0,397
08/16/2015,STL,MO,ACE,CE,Towers with Radar,326,140,24,0,490,0,2,1,2,5,326,142,25,2,495,0,0,0,495
08/17/2015,STL,MO,ACE,CE,Towers with Radar,367,170,29,1,567,0,4,14,0,18,367,174,43,1,585,0,0,0,585
08/18/2015,STL,MO,ACE,CE,Towers with Radar,346,148,30,4,528,0,7,2,1,10,346,155,32,5,538,0,0,0,538
08/19/2015,STL,MO,ACE,CE,Towers with Radar,353,168,26,7,554,0,6,3,0,9,353,174,29,7,563,0,0,0,563
08/20/2015,STL,MO,ACE,CE,Towers with Radar,342,156,24,0,522,0,16,14,0,30,342,172,38,0,552,20,0,20,572
08/21/2015,STL,MO,ACE,CE,Towers with Radar,347,166,24,3,540,0,12,2,0,14,347,178,26,3,554,0,0,0,554
08/22/2015,STL,MO,ACE,CE,Towers with Radar,259,114,5,3,381,0,0,2,0,2,259,114,7,3,383,0,0,0,383
08/23/2015,STL,MO,ACE,CE,Towers with Radar,313,135,13,6,467,0,6,2,0,8,313,141,15,6,475,0,0,0,475
08/24/2015,STL,MO,ACE,CE,Towers with Radar,346,144,14,4,508,0,21,1,0,22,346,165,15,4,530,0,0,0,530
08/25/2015,STL,MO,ACE,CE,Towers with Radar,343,137,14,0,494,0,19,10,0,29,343,156,24,0,523,0,0,0,523
08/26/2015,STL,MO,ACE,CE,Towers with Radar,356,140,26,2,524,0,18,3,0,21,356,158,29,2,545,0,0,0,545
08/27/2015,STL,MO,ACE,CE,Towers with Radar,346,162,22,1,531,0,16,1,0,17,346,178,23,1,548,0,0,0,548
08/28/2015,STL,MO,ACE,CE,Towers with Radar,359,157,18,8,542,0,11,8,3,22,359,168,26,11,564,0,0,0,564
08/29/2015,STL,MO,ACE,CE,Towers with Radar,243,107,12,5,367,0,1,0,0,1,243,108,12,5,368,0,0,0,368
08/30/2015,STL,MO,ACE,CE,Towers with Radar,311,135,15,6,467,0,0,2,0,2,311,135,17,6,469,0,0,0,469
08/31/2015,STL,MO,ACE,CE,Towers with Radar,348,166,14,16,544,0,11,4,1,16,348,177,18,17,560,0,0,0,560
09/01/2015,STL,MO,ACE,CE,Towers with Radar,348,153,17,8,526,0,12,2,2,16,348,165,19,10,542,0,12,12,554
09/02/2015,STL,MO,ACE,CE,Towers with Radar,351,161,23,11,546,0,24,3,2,29,351,185,26,13,575,0,0,0,575
09/03/2015,STL,MO,ACE,CE,Towers with Radar,354,164,24,6,548,0,25,2,0,27,354,189,26,6,575,20,0,20,595
09/04/2015,STL,MO,ACE,CE,Towers with Radar,344,171,21,2,538,0,12,5,0,17,344,183,26,2,555,0,0,0,555
09/05/2015,STL,MO,ACE,CE,Towers with Radar,268,132,10,8,418,0,5,2,0,7,268,137,12,8,425,0,0,0,425
09/06/2015,STL,MO,ACE,CE,Towers with Radar,277,121,12,6,416,0,0,1,0,1,277,121,13,6,417,0,0,0,417
09/07/2015,STL,MO,ACE,CE,Towers with Radar,331,145,21,1,498,0,6,3,2,11,331,151,24,3,509,0,0,0,509
09/08/2015,STL,MO,ACE,CE,Towers with Radar,338,169,15,0,522,0,4,0,0,4,338,173,15,0,526,0,0,0,526
09/09/2015,STL,MO,ACE,CE,Towers with Radar,332,185,29,7,553,0,12,1,5,18,332,197,30,12,571,0,0,0,571
09/10/2015,STL,MO,ACE,CE,Towers with Radar,313,172,26,6,517,0,4,4,0,8,313,176,30,6,525,0,0,0,525
09/11/2015,STL,MO,ACE,CE,Towers with Radar,334,184,26,5,549,0,6,0,0,6,334,190,26,5,555,0,0,0,555
09/12/2015,STL,MO,ACE,CE,Towers with Radar,231,119,6,0,356,0,6,2,0,8,231,125,8,0,364,0,0,0,364
09/13/2015,STL,MO,ACE,CE,Towers with Radar,314,117,10,0,441,0,13,5,0,18,314,130,15,0,459,0,0,0,459
09/14/2015,STL,MO,ACE,CE,Towers with Radar,342,153,23,0,518,0,16,2,4,22,342,169,25,4,540,0,0,0,540
09/15/2015,STL,MO,ACE,CE,Towers with Radar,343,138,16,7,504,0,30,7,3,40,343,168,23,10,544,0,0,0,544
09/16/2015,STL,MO,ACE,CE,Towers with Radar,353,145,37,6,541,0,19,8,4,31,353,164,45,10,572,0,0,0,572
09/17/2015,STL,MO,ACE,CE,Towers with Radar,350,159,37,8,554,0,19,15,4,38,350,178,52,12,592,0,0,0,592
09/18/2015,STL,MO,ACE,CE,Towers with Radar,353,172,17,0,542,0,6,3,7,16,353,178,20,7,558,0,0,0,558
09/19/2015,STL,MO,ACE,CE,Towers with Radar,234,120,5,0,359,0,5,5,0,10,234,125,10,0,369,0,0,0,369
09/20/2015,STL,MO,ACE,CE,Towers with Radar,318,143,11,2,474,0,5,2,0,7,318,148,13,2,481,0,0,0,481
09/21/2015,STL,MO,ACE,CE,Towers with Radar,345,153,41,4,543,0,21,14,1,36,345,174,55,5,579,0,0,0,579
09/22/2015,STL,MO,ACE,CE,Towers with Radar,338,143,30,4,515,0,20,0,7,27,338,163,30,11,542,0,0,0,542
09/23/2015,STL,MO,ACE,CE,Towers with Radar,348,153,22,8,531,0,27,4,4,35,348,180,26,12,566,0,0,0,566
09/24/2015,STL,MO,ACE,CE,Towers with Radar,350,156,29,9,544,0,24,9,3,36,350,180,38,12,580,0,19,19,599
09/25/2015,STL,MO,ACE,CE,Towers with Radar,349,168,33,9,559,0,25,2,4,31,349,193,35,13,590,0,12,12,602
09/26/2015,STL,MO,ACE,CE,Towers with Radar,245,103,7,3,358,0,2,6,0,8,245,105,13,3,366,0,0,0,366
09/27/2015,STL,MO,ACE,CE,Towers with Radar,329,162,13,1,505,0,1,0,0,1,329,163,13,1,506,0,0,0,506
09/28/2015,STL,MO,ACE,CE,Towers with Radar,349,164,23,0,536,0,0,3,0,3,349,164,26,0,539,0,0,0,539
09/29/2015,STL,MO,ACE,CE,Towers with Radar,345,172,34,12,563,0,1,5,0,6,345,173,39,12,569,0,10,10,579
09/30/2015,STL,MO,ACE,CE,Towers with Radar,358,153,31,23,565,0,13,3,0,16,358,166,34,23,581,0,18,18,599
10/01/2015,STL,MO,ACE,CE,Towers with Radar,352,140,33,10,535,0,22,2,1,25,352,162,35,11,560,0,4,4,564
10/02/2015,STL,MO,ACE,CE,Towers with Radar,349,179,23,5,556,0,4,5,2,11,349,183,28,7,567,0,0,0,567
10/03/2015,STL,MO,ACE,CE,Towers with Radar,240,105,5,1,351,0,2,0,0,2,240,107,5,1,353,0,0,0,353
10/04/2015,STL,MO,ACE,CE,Towers with Radar,312,144,14,0,470,0,0,4,0,4,312,144,18,0,474,0,0,0,474
10/05/2015,STL,MO,ACE,CE,Towers with Radar,345,187,25,0,557,0,1,5,0,6,345,188,30,0,563,0,0,0,563
10/06/2015,STL,MO,ACE,CE,Towers with Radar,345,182,16,7,550,0,12,5,2,19,345,194,21,9,569,2,8,10,579
10/07/2015,STL,MO,ACE,CE,Towers with Radar,358,179,22,7,566,0,4,16,1,21,358,183,38,8,587,0,0,0,587
10/08/2015,STL,MO,ACE,CE,Towers with Radar,353,168,22,24,567,0,24,5,0,29,353,192,27,24,596,0,0,0,596
10/09/2015,STL,MO,ACE,CE,Towers with Radar,356,190,23,7,576,0,2,3,1,6,356,192,26,8,582,0,0,0,582
10/10/2015,STL,MO,ACE,CE,Towers with Radar,248,92,15,0,355,0,15,6,0,21,248,107,21,0,376,0,0,0,376
10/11/2015,STL,MO,ACE,CE,Towers with Radar,318,130,24,2,474,0,23,6,0,29,318,153,30,2,503,0,0,0,503
10/12/2015,STL,MO,ACE,CE,Towers with Radar,350,146,27,0,523,0,37,7,0,44,350,183,34,0,567,0,0,0,567
10/13/2015,STL,MO,ACE,CE,Towers with Radar,352,145,20,7,524,0,25,3,1,29,352,170,23,8,553,0,0,0,553
10/14/2015,STL,MO,ACE,CE,Towers with Radar,355,144,22,1,522,0,33,4,0,37,355,177,26,1,559,0,0,0,559
10/15/2015,STL,MO,ACE,CE,Towers with Radar,352,144,22,11,529,0,26,2,2,30,352,170,24,13,559,0,0,0,559
10/16/2015,STL,MO,ACE,CE,Towers with Radar,353,155,17,3,528,0,37,4,1,42,353,192,21,4,570,0,0,0,570
10/17/2015,STL,MO,ACE,CE,Towers with Radar,243,86,7,2,338,0,25,6,3,34,243,111,13,5,372,0,0,0,372
10/18/2015,STL,MO,ACE,CE,Towers with Radar,310,124,5,2,441,0,25,2,0,27,310,149,7,2,468,0,0,0,468
10/19/2015,STL,MO,ACE,CE,Towers with Radar,351,164,27,0,542,0,14,2,0,16,351,178,29,0,558,0,0,0,558
10/20/2015,STL,MO,ACE,CE,Towers with Radar,353,139,21,0,513,0,24,3,0,27,353,163,24,0,540,0,0,0,540
10/21/2015,STL,MO,ACE,CE,Towers with Radar,354,156,28,9,547,0,21,4,0,25,354,177,32,9,572,0,4,4,576
10/22/2015,STL,MO,ACE,CE,Towers with Radar,344,152,28,0,524,0,24,3,0,27,344,176,31,0,551,0,0,0,551
10/23/2015,STL,MO,ACE,CE,Towers with Radar,345,166,21,2,534,0,1,3,0,4,345,167,24,2,538,0,0,0,538
10/24/2015,STL,MO,ACE,CE,Towers with Radar,250,110,11,8,379,0,0,1,1,2,250,110,12,9,381,0,0,0,381
10/25/2015,STL,MO,ACE,CE,Towers with Radar,310,121,24,3,458,0,9,3,2,14,310,130,27,5,472,0,0,0,472
10/26/2015,STL,MO,ACE,CE,Towers with Radar,355,156,18,0,529,0,14,5,2,21,355,170,23,2,550,0,0,0,550
10/27/2015,STL,MO,ACE,CE,Towers with Radar,331,159,23,0,513,0,0,0,0,0,331,159,23,0,513,0,0,0,513
10/28/2015,STL,MO,ACE,CE,Towers with Radar,337,173,32,5,547,0,1,0,0,1,337,174,32,5,548,0,0,0,548
10/29/2015,STL,MO,ACE,CE,Towers with Radar,352,144,26,3,525,0,24,2,0,26,352,168,28,3,551,0,0,0,551
10/30/2015,STL,MO,ACE,CE,Towers with Radar,344,149,22,7,522,0,24,4,1,29,344,173,26,8,551,0,0,0,551
10/31/2015,STL,MO,ACE,CE,Towers with Radar,215,91,8,0,314,0,0,0,0,0,215,91,8,0,314,0,0,0,314
11/01/2015,STL,MO,ACE,CE,Towers with Radar,290,111,9,1,411,0,16,7,0,23,290,127,16,1,434,0,0,0,434
11/02/2015,STL,MO,ACE,CE,Towers with Radar,347,145,15,0,507,0,18,4,0,22,347,163,19,0,529,0,0,0,529
11/03/2015,STL,MO,ACE,CE,Towers with Radar,345,155,30,1,531,0,2,0,0,2,345,157,30,1,533,0,0,0,533
11/04/2015,STL,MO,ACE,CE,Towers with Radar,350,161,49,10,570,0,4,0,0,4,350,165,49,10,574,0,0,0,574
11/05/2015,STL,MO,ACE,CE,Towers with Radar,361,167,20,2,550,0,4,1,0,5,361,171,21,2,555,0,0,0,555
11/06/2015,STL,MO,ACE,CE,Towers with Radar,360,151,22,1,534,0,23,12,0,35,360,174,34,1,569,0,0,0,569
11/07/2015,STL,MO,ACE,CE,Towers with Radar,244,96,9,1,350,0,19,1,4,24,244,115,10,5,374,0,0,0,374
11/08/2015,STL,MO,ACE,CE,Towers with Radar,293,129,10,0,432,0,16,3,0,19,293,145,13,0,451,0,0,0,451
11/09/2015,STL,MO,ACE,CE,Towers with Radar,351,144,22,2,519,0,23,5,0,28,351,167,27,2,547,8,0,8,555
11/10/2015,STL,MO,ACE,CE,Towers with Radar,336,163,20,6,525,0,21,5,2,28,336,184,25,8,553,0,0,0,553
11/11/2015,STL,MO,ACE,CE,Towers with Radar,367,166,16,0,549,0,0,1,0,1,367,166,17,0,550,0,0,0,550
11/12/2015,STL,MO,ACE,CE,Towers with Radar,359,158,11,8,536,0,19,5,0,24,359,177,16,8,560,0,0,0,560
11/13/2015,STL,MO,ACE,CE,Towers with Radar,358,144,24,5,531,0,26,4,0,30,358,170,28,5,561,0,0,0,561
11/14/2015,STL,MO,ACE,CE,Towers with Radar,242,85,11,1,339,0,16,3,0,19,242,101,14,1,358,0,0,0,358
11/15/2015,STL,MO,ACE,CE,Towers with Radar,295,134,6,0,435,0,21,3,0,24,295,155,9,0,459,0,0,0,459
11/16/2015,STL,MO,ACE,CE,Towers with Radar,349,157,17,0,523,0,2,0,0,2,349,159,17,0,525,0,0,0,525
11/17/2015,STL,MO,ACE,CE,Towers with Radar,335,165,14,0,514,0,0,0,0,0,335,165,14,0,514,0,0,0,514
11/18/2015,STL,MO,ACE,CE,Towers with Radar,345,160,17,7,529,0,8,0,2,10,345,168,17,9,539,0,0,0,539
11/19/2015,STL,MO,ACE,CE,Towers with Radar,356,155,17,9,537,0,22,1,1,24,356,177,18,10,561,6,0,6,567
11/20/2015,STL,MO,ACE,CE,Towers with Radar,352,158,32,2,544,0,10,5,0,15,352,168,37,2,559,0,0,0,559
11/21/2015,STL,MO,ACE,CE,Towers with Radar,258,87,9,0,354,0,3,0,0,3,258,90,9,0,357,0,0,0,357
11/22/2015,STL,MO,ACE,CE,Towers with Radar,284,125,6,0,415,0,21,0,2,23,284,146,6,2,438,0,0,0,438
11/23/2015,STL,MO,ACE,CE,Towers with Radar,321,151,16,0,488,0,24,9,0,33,321,175,25,0,521,0,0,0,521
11/24/2015,STL,MO,ACE,CE,Towers with Radar,355,146,18,1,520,0,13,5,3,21,355,159,23,4,541,0,0,0,541
11/25/2015,STL,MO,ACE,CE,Towers with Radar,366,159,23,11,559,0,5,2,0,7,366,164,25,11,566,0,0,0,566
11/26/2015,STL,MO,ACE,CE,Towers with Radar,191,116,1,0,308,0,4,1,0,5,191,120,2,0,313,0,0,0,313
11/27/2015,STL,MO,ACE,CE,Towers with Radar,250,123,8,0,381,0,0,0,0,0,250,123,8,0,381,0,0,0,381
11/28/2015,STL,MO,ACE,CE,Towers with Radar,322,124,3,0,449,0,0,0,0,0,322,124,3,0,449,0,0,0,449
11/29/2015,STL,MO,ACE,CE,Towers with Radar,364,154,14,0,532,0,0,0,0,0,364,154,14,0,532,0,0,0,532
11/30/2015,STL,MO,ACE,CE,Towers with Radar,364,136,27,0,527,0,0,0,0,0,364,136,27,0,527,0,0,0,527
12/01/2015,STL,MO,ACE,CE,Towers with Radar,333,150,37,7,527,0,25,7,7,39,333,175,44,14,566,0,3,3,569
12/02/2015,STL,MO,ACE,CE,Towers with Radar,346,165,11,10,532,0,2,2,0,4,346,167,13,10,536,0,0,0,536
12/03/2015,STL,MO,ACE,CE,Towers with Radar,353,150,21,3,527,0,13,10,0,23,353,163,31,3,550,0,0,0,550
12/04/2015,STL,MO,ACE,CE,Towers with Radar,348,138,27,0,513,0,25,6,0,31,348,163,33,0,544,0,0,0,544
12/05/2015,STL,MO,ACE,CE,Towers with Radar,243,95,17,1,356,0,14,0,0,14,243,109,17,1,370,0,0,0,370
12/06/2015,STL,MO,ACE,CE,Towers with Radar,290,117,8,0,415,0,5,2,0,7,290,122,10,0,422,0,0,0,422
12/07/2015,STL,MO,ACE,CE,Towers with Radar,341,150,28,0,519,0,4,2,0,6,341,154,30,0,525,0,0,0,525
12/08/2015,STL,MO,ACE,CE,Towers with Radar,343,129,20,8,500,0,25,5,6,36,343,154,25,14,536,0,0,0,536
12/09/2015,STL,MO,ACE,CE,Towers with Radar,355,134,28,3,520,0,27,0,1,28,355,161,28,4,548,0,0,0,548
12/10/2015,STL,MO,ACE,CE,Towers with Radar,348,150,27,11,536,0,27,10,5,42,348,177,37,16,578,0,0,0,578
12/11/2015,STL,MO,ACE,CE,Towers with Radar,358,171,26,0,555,0,6,1,0,7,358,177,27,0,562,0,0,0,562
12/12/2015,STL,MO,ACE,CE,Towers with Radar,236,102,14,2,354,0,4,1,0,5,236,106,15,2,359,0,0,0,359
12/13/2015,STL,MO,ACE,CE,Towers with Radar,299,116,10,2,427,0,0,0,0,0,299,116,10,2,427,0,0,0,427
12/14/2015,STL,MO,ACE,CE,Towers with Radar,341,150,28,0,519,0,0,2,0,2,341,150,30,0,521,0,0,0,521
12/15/2015,STL,MO,ACE,CE,Towers with Radar,342,163,23,4,532,0,2,2,2,6,342,165,25,6,538,0,0,0,538
12/16/2015,STL,MO,ACE,CE,Towers with Radar,366,172,21,12,571,0,20,8,1,29,366,192,29,13,600,0,10,10,610
12/17/2015,STL,MO,ACE,CE,Towers with Radar,350,177,19,6,552,0,1,2,0,3,350,178,21,6,555,0,0,0,555
12/18/2015,STL,MO,ACE,CE,Towers with Radar,354,152,21,0,527,0,20,11,0,31,354,172,32,0,558,0,0,0,558
12/19/2015,STL,MO,ACE,CE,Towers with Radar,261,97,17,0,375,0,17,4,0,21,261,114,21,0,396,0,0,0,396
12/20/2015,STL,MO,ACE,CE,Towers with Radar,298,129,4,0,431,0,9,4,0,13,298,138,8,0,444,0,0,0,444
12/21/2015,STL,MO,ACE,CE,Towers with Radar,333,141,11,3,488,0,1,1,0,2,333,142,12,3,490,0,0,0,490
12/22/2015,STL,MO,ACE,CE,Towers with Radar,351,147,14,5,517,0,7,2,3,12,351,154,16,8,529,0,0,0,529
12/23/2015,STL,MO,ACE,CE,Towers with Radar,352,143,7,0,502,0,4,2,0,6,352,147,9,0,508,0,0,0,508
12/24/2015,STL,MO,ACE,CE,Towers with Radar,274,103,9,0,386,0,16,3,0,19,274,119,12,0,405,0,0,0,405
12/25/2015,STL,MO,ACE,CE,Towers with Radar,232,117,0,0,349,0,12,1,0,13,232,129,1,0,362,0,0,0,362
12/26/2015,STL,MO,ACE,CE,Towers with Radar,293,106,13,0,412,0,0,0,0,0,293,106,13,0,412,0,0,0,412
12/27/2015,STL,MO,ACE,CE,Towers with Radar,308,126,6,0,440,0,0,0,0,0,308,126,6,0,440,0,0,0,440
12/28/2015,STL,MO,ACE,CE,Towers with Radar,315,137,10,0,462,0,0,0,0,0,315,137,10,0,462,0,0,0,462
12/29/2015,STL,MO,ACE,CE,Towers with Radar,326,158,12,0,496,0,0,3,0,3,326,158,15,0,499,0,0,0,499
12/30/2015,STL,MO,ACE,CE,Towers with Radar,335,152,8,0,495,0,0,1,0,1,335,152,9,0,496,0,0,0,496
12/31/2015,STL,MO,ACE,CE,Towers with Radar,256,126,7,0,389,0,0,6,0,6,256,126,13,0,395,0,0,0,395
01/01/2016,STL,MO,ACE,CE,Towers with Radar,242,120,1,0,363,0,16,1,0,17,242,136,2,0,380,0,0,0,380
01/02/2016,STL,MO,ACE,CE,Towers with Radar,306,104,10,0,420,0,13,2,0,15,306,117,12,0,435,0,0,0,435
01/03/2016,STL,MO,ACE,CE,Towers with Radar,333,130,14,0,477,0,10,6,0,16,333,140,20,0,493,0,0,0,493
01/04/2016,STL,MO,ACE,CE,Towers with Radar,340,150,14,0,504,0,7,1,0,8,340,157,15,0,512,0,0,0,512
01/05/2016,STL,MO,ACE,CE,Towers with Radar,324,134,17,0,475,0,24,6,0,30,324,158,23,0,505,0,0,0,505
01/06/2016,STL,MO,ACE,CE,Towers with Radar,336,127,28,1,492,0,16,2,1,19,336,143,30,2,511,0,0,0,511
01/07/2016,STL,MO,ACE,CE,Towers with Radar,341,181,20,5,547,0,0,5,0,5,341,181,25,5,552,0,0,0,552
01/08/2016,STL,MO,ACE,CE,Towers with Radar,333,171,15,7,526,0,0,0,1,1,333,171,15,8,527,0,0,0,527
01/09/2016,STL,MO,ACE,CE,Towers with Radar,233,99,8,2,342,0,0,0,0,0,233,99,8,2,342,0,0,0,342
01/10/2016,STL,MO,ACE,CE,Towers with Radar,283,112,5,0,400,0,6,0,0,6,283,118,5,0,406,0,0,0,406
01/11/2016,STL,MO,ACE,CE,Towers with Radar,329,156,16,1,502,0,11,2,4,17,329,167,18,5,519,0,0,0,519
01/12/2016,STL,MO,ACE,CE,Towers with Radar,342,130,19,4,495,0,12,6,4,22,342,142,25,8,517,0,0,0,517
01/13/2016,STL,MO,ACE,CE,Towers with Radar,344,141,18,5,508,0,22,2,3,27,344,163,20,8,535,0,0,0,535
01/14/2016,STL,MO,ACE,CE,Towers with Radar,354,141,19,6,520,0,26,2,1,29,354,167,21,7,549,0,0,0,549
01/15/2016,STL,MO,ACE,CE,Towers with Radar,346,169,17,1,533,0,0,2,1,3,346,169,19,2,536,0,0,0,536
01/16/2016,STL,MO,ACE,CE,Towers with Radar,232,107,6,0,345,0,2,0,0,2,232,109,6,0,347,0,0,0,347
01/17/2016,STL,MO,ACE,CE,Towers with Radar,266,122,6,0,394,0,6,0,0,6,266,128,6,0,400,0,0,0,400
01/18/2016,STL,MO,ACE,CE,Towers with Radar,335,148,27,0,510,0,11,3,0,14,335,159,30,0,524,0,0,0,524
01/19/2016,STL,MO,ACE,CE,Towers with Radar,335,154,25,0,514,0,4,1,0,5,335,158,26,0,519,0,0,0,519
01/20/2016,STL,MO,ACE,CE,Towers with Radar,349,133,22,12,516,0,0,2,3,5,349,133,24,15,521,0,0,0,521
01/21/2016,STL,MO,ACE,CE,Towers with Radar,348,163,20,2,533,0,3,4,6,13,348,166,24,8,546,0,5,5,551
01/22/2016,STL,MO,ACE,CE,Towers with Radar,314,143,16,4,477,0,0,0,3,3,314,143,16,7,480,0,4,4,484
01/23/2016,STL,MO,ACE,CE,Towers with Radar,202,79,2,0,283,0,8,3,0,11,202,87,5,0,294,0,0,0,294
01/24/2016,STL,MO,ACE,CE,Towers with Radar,252,89,2,0,343,0,18,0,0,18,252,107,2,0,361,0,0,0,361
01/25/2016,STL,MO,ACE,CE,Towers with Radar,325,152,17,6,500,0,0,5,1,6,325,152,22,7,506,0,0,0,506
01/26/2016,STL,MO,ACE,CE,Towers with Radar,333,147,15,6,501,0,3,4,0,7,333,150,19,6,508,0,0,0,508
01/27/2016,STL,MO,ACE,CE,Towers with Radar,338,152,41,0,531,0,15,2,0,17,338,167,43,0,548,0,0,0,548
01/28/2016,STL,MO,ACE,CE,Towers with Radar,349,153,20,6,528,0,26,16,3,45,349,179,36,9,573,0,8,8,581
01/29/2016,STL,MO,ACE,CE,Towers with Radar,348,143,19,4,514,0,24,1,0,25,348,167,20,4,539,0,0,0,539
01/30/2016,STL,MO,ACE,CE,Towers with Radar,227,102,10,2,341,0,22,3,0,25,227,124,13,2,366,0,0,0,366
01/31/2016,STL,MO,ACE,CE,Towers with Radar,285,126,12,0,423,0,7,1,0,8,285,133,13,0,431,0,0,0,431
02/01/2016,STL,MO,ACE,CE,Towers with Radar,319,134,14,14,481,0,26,9,0,35,319,160,23,14,516,0,0,0,516
02/02/2016,STL,MO,ACE,CE,Towers with Radar,329,152,13,1,495,0,2,0,0,2,329,154,13,1,497,0,0,0,497
02/03/2016,STL,MO,ACE,CE,Towers with Radar,305,130,14,4,453,0,0,0,0,0,305,130,14,4,453,0,0,0,453
02/04/2016,STL,MO,ACE,CE,Towers with Radar,353,139,24,5,521,0,25,7,1,33,353,164,31,6,554,0,0,0,554
02/05/2016,STL,MO,ACE,CE,Towers with Radar,339,142,22,2,505,0,25,1,5,31,339,167,23,7,536,0,1,1,537
02/06/2016,STL,MO,ACE,CE,Towers with Radar,236,92,6,0,334,0,13,2,0,15,236,105,8,0,349,0,0,0,349
02/07/2016,STL,MO,ACE,CE,Towers with Radar,245,112,1,0,358,0,12,0,0,12,245,124,1,0,370,0,0,0,370
02/08/2016,STL,MO,ACE,CE,Towers with Radar,321,154,13,0,488,0,0,1,1,2,321,154,14,1,490,0,0,0,490
02/09/2016,STL,MO,ACE,CE,Towers with Radar,330,146,15,3,494,0,0,0,0,0,330,146,15,3,494,0,0,0,494
02/10/2016,STL,MO,ACE,CE,Towers with Radar,335,149,25,4,513,0,8,1,0,9,335,157,26,4,522,0,0,0,522
02/11/2016,STL,MO,ACE,CE,Towers with Radar,343,149,28,6,526,0,22,0,5,27,343,171,28,11,553,6,6,12,565
02/12/2016,STL,MO,ACE,CE,Towers with Radar,337,165,21,5,528,0,9,1,1,11,337,174,22,6,539,0,3,3,542
02/13/2016,STL,MO,ACE,CE,Towers with Radar,231,88,10,0,329,0,15,0,0,15,231,103,10,0,344,0,0,0,344
02/14/2016,STL,MO,ACE,CE,Towers with Radar,267,88,3,0,358,0,0,0,0,0,267,88,3,0,358,0,0,0,358
02/15/2016,STL,MO,ACE,CE,Towers with Radar,325,141,20,0,486,0,2,0,0,2,325,143,20,0,488,0,0,0,488
02/16/2016,STL,MO,ACE,CE,Towers with Radar,339,168,21,2,530,0,0,0,0,0,339,168,21,2,530,0,0,0,530
02/17/2016,STL,MO,ACE,CE,Towers with Radar,346,167,17,10,540,0,11,7,9,27,346,178,24,19,567,0,8,8,575
02/18/2016,STL,MO,ACE,CE,Towers with Radar,344,162,21,1,528,0,26,18,0,44,344,188,39,1,572,0,0,0,572
02/19/2016,STL,MO,ACE,CE,Towers with Radar,343,149,28,11,531,0,16,3,4,23,343,165,31,15,554,0,0,0,554
02/20/2016,STL,MO,ACE,CE,Towers with Radar,239,106,10,2,357,0,7,6,0,13,239,113,16,2,370,0,0,0,370
02/21/2016,STL,MO,ACE,CE,Towers with Radar,290,126,8,0,424,0,12,0,0,12,290,138,8,0,436,0,0,0,436
02/22/2016,STL,MO,ACE,CE,Towers with Radar,337,160,12,1,510,0,7,1,1,9,337,167,13,2,519,0,0,0,519
02/23/2016,STL,MO,ACE,CE,Towers with Radar,334,155,24,1,514,0,14,2,1,17,334,169,26,2,531,0,0,0,531
02/24/2016,STL,MO,ACE,CE,Towers with Radar,300,139,21,1,461,0,0,0,0,0,300,139,21,1,461,0,0,0,461
02/25/2016,STL,MO,ACE,CE,Towers with Radar,340,173,40,0,553,0,5,3,0,8,340,178,43,0,561,0,0,0,561
02/26/2016,STL,MO,ACE,CE,Towers with Radar,342,164,20,10,536,0,10,7,2,19,342,174,27,12,555,0,0,0,555
02/27/2016,STL,MO,ACE,CE,Towers with Radar,235,99,10,5,349,0,18,4,0,22,235,117,14,5,371,0,0,0,371
02/28/2016,STL,MO,ACE,CE,Towers with Radar,284,115,5,0,404,0,14,0,0,14,284,129,5,0,418,0,0,0,418
02/29/2016,STL,MO,ACE,CE,Towers with Radar,341,152,20,0,513,0,29,5,0,34,341,181,25,0,547,0,0,0,547
03/01/2016,STL,MO,ACE,CE,Towers with Radar,330,158,22,0,510,0,1,0,0,1,330,159,22,0,511,0,0,0,511
03/02/2016,STL,MO,ACE,CE,Towers with Radar,345,152,27,4,528,0,21,5,6,32,345,173,32,10,560,0,5,5,565
03/03/2016,STL,MO,ACE,CE,Towers with Radar,356,157,25,2,540,0,0,0,0,0,356,157,25,2,540,0,0,0,540
03/04/2016,STL,MO,ACE,CE,Towers with Radar,341,163,12,7,523,0,5,0,1,6,341,168,12,8,529,0,0,0,529
03/05/2016,STL,MO,ACE,CE,Towers with Radar,247,113,11,0,371,0,10,0,0,10,247,123,11,0,381,0,0,0,381
03/06/2016,STL,MO,ACE,CE,Towers with Radar,295,121,12,2,430,0,10,0,0,10,295,131,12,2,440,0,0,0,440
03/07/2016,STL,MO,ACE,CE,Towers with Radar,348,153,26,0,527,0,2,1,0,3,348,155,27,0,530,0,0,0,530
03/08/2016,STL,MO,ACE,CE,Towers with Radar,344,157,15,13,529,0,2,2,1,5,344,159,17,14,534,0,20,20,554
03/09/2016,STL,MO,ACE,CE,Towers with Radar,350,163,25,30,568,0,3,0,0,3,350,166,25,30,571,0,14,14,585
03/10/2016,STL,MO,ACE,CE,Towers with Radar,369,157,25,6,557,0,4,0,3,7,369,161,25,9,564,0,0,0,564
03/11/2016,STL,MO,ACE,CE,Towers with Radar,365,146,19,1,531,0,9,7,0,16,365,155,26,1,547,0,0,0,547
03/12/2016,STL,MO,ACE,CE,Towers with Radar,275,111,6,0,392,0,2,0,0,2,275,113,6,0,394,0,0,0,394
03/13/2016,STL,MO,ACE,CE,Towers with Radar,327,126,9,0,462,0,1,0,0,1,327,127,9,0,463,0,0,0,463
03/14/2016,STL,MO,ACE,CE,Towers with Radar,363,142,29,0,534,0,3,1,0,4,363,145,30,0,538,10,0,10,548
03/15/2016,STL,MO,ACE,CE,Towers with Radar,361,130,28,22,541,0,15,2,1,18,361,145,30,23,559,0,12,12,571
03/16/2016,STL,MO,ACE,CE,Towers with Radar,375,134,21,4,534,0,13,0,1,14,375,147,21,5,548,0,0,0,548
03/17/2016,STL,MO,ACE,CE,Towers with Radar,370,135,23,3,531,0,13,2,3,18,370,148,25,6,549,0,0,0,549
03/18/2016,STL,MO,ACE,CE,Towers with Radar,372,151,18,3,544,0,14,0,2,16,372,165,18,5,560,0,0,0,560
03/19/2016,STL,MO,ACE,CE,Towers with Radar,289,105,10,0,404,0,11,5,0,16,289,116,15,0,420,0,0,0,420
03/20/2016,STL,MO,ACE,CE,Towers with Radar,335,125,19,2,481,0,1,0,0,1,335,126,19,2,482,0,0,0,482
03/21/2016,STL,MO,ACE,CE,Towers with Radar,374,130,19,2,525,0,25,0,0,25,374,155,19,2,550,0,0,0,550
03/22/2016,STL,MO,ACE,CE,Towers with Radar,363,129,18,1,511,0,20,3,1,24,363,149,21,2,535,0,0,0,535
03/23/2016,STL,MO,ACE,CE,Towers with Radar,367,161,20,3,551,0,3,0,1,4,367,164,20,4,555,0,0,0,555
03/24/2016,STL,MO,ACE,CE,Towers with Radar,366,151,21,6,544,0,0,3,0,3,366,151,24,6,547,0,0,0,547
03/25/2016,STL,MO,ACE,CE,Towers with Radar,373,146,11,14,544,0,15,6,1,22,373,161,17,15,566,0,0,0,566
03/26/2016,STL,MO,ACE,CE,Towers with Radar,279,91,3,0,373,0,20,0,0,20,279,111,3,0,393,0,0,0,393
03/27/2016,STL,MO,ACE,CE,Towers with Radar,346,111,0,1,458,0,3,0,0,3,346,114,0,1,461,0,0,0,461
03/28/2016,STL,MO,ACE,CE,Towers with Radar,370,131,16,0,517,0,24,1,2,27,370,155,17,2,544,0,0,0,544
03/29/2016,STL,MO,ACE,CE,Towers with Radar,363,141,16,6,526,0,7,3,4,14,363,148,19,10,540,0,0,0,540
03/30/2016,STL,MO,ACE,CE,Towers with Radar,365,157,28,1,551,0,0,0,0,0,365,157,28,1,551,0,0,0,551
03/31/2016,STL,MO,ACE,CE,Towers with Radar,375,152,28,1,556,0,6,2,1,9,375,158,30,2,565,0,0,0,565
04/01/2016,STL,MO,ACE,CE,Towers with Radar,367,158,10,3,538,0,7,0,2,9,367,165,10,5,547,0,0,0,547
04/02/2016,STL,MO,ACE,CE,Towers with Radar,268,99,8,0,375,0,26,2,0,28,268,125,10,0,403,0,0,0,403
04/03/2016,STL,MO,ACE,CE,Towers with Radar,340,99,11,3,453,0,29,2,0,31,340,128,13,3,484,0,0,0,484
04/04/2016,STL,MO,ACE,CE,Towers with Radar,370,137,29,2,538,0,26,2,2,30,370,163,31,4,568,0,0,0,568
04/05/2016,STL,MO,ACE,CE,Towers with Radar,374,138,19,2,533,0,17,3,1,21,374,155,22,3,554,0,0,0,554
04/06/2016,STL,MO,ACE,CE,Towers with Radar,365,150,20,0,535,0,0,1,0,1,365,150,21,0,536,0,0,0,536
04/07/2016,STL,MO,ACE,CE,Towers with Radar,371,148,17,8,544,0,7,0,5,12,371,155,17,13,556,0,0,0,556
04/08/2016,STL,MO,ACE,CE,Towers with Radar,366,127,15,2,510,0,1,3,2,6,366,128,18,4,516,0,0,0,516
04/09/2016,STL,MO,ACE,CE,Towers with Radar,278,78,8,0,364,0,23,4,0,27,278,101,12,0,391,15,0,15,406
04/10/2016,STL,MO,ACE,CE,Towers with Radar,332,122,11,0,465,0,4,3,0,7,332,126,14,0,472,10,0,10,482
04/11/2016,STL,MO,ACE,CE,Towers with Radar,366,152,26,0,544,0,9,1,0,10,366,161,27,0,554,0,0,0,554
04/12/2016,STL,MO,ACE,CE,Towers with Radar,363,154,26,3,546,0,14,2,2,18,363,168,28,5,564,0,0,0,564
04/13/2016,STL,MO,ACE,CE,Towers with Radar,376,155,25,7,563,0,6,0,0,6,376,161,25,7,569,0,0,0,569
04/14/2016,STL,MO,ACE,CE,Towers with Radar,372,150,37,5,564,0,14,4,1,19,372,164,41,6,583,0,0,0,583
04/15/2016,STL,MO,ACE,CE,Towers with Radar,372,162,53,7,594,0,9,5,0,14,372,171,58,7,608,0,0,0,608
04/16/2016,STL,MO,ACE,CE,Towers with Radar,258,106,14,1,379,0,10,0,0,10,258,116,14,1,389,0,0,0,389
04/17/2016,STL,MO,ACE,CE,Towers with Radar,324,127,17,6,474,0,7,0,0,7,324,134,17,6,481,0,0,0,481
04/18/2016,STL,MO,ACE,CE,Towers with Radar,362,142,31,16,551,0,14,3,0,17,362,156,34,16,568,0,0,0,568
04/19/2016,STL,MO,ACE,CE,Towers with Radar,374,144,32,5,555,0,4,1,5,10,374,148,33,10,565,0,8,8,573
04/20/2016,STL,MO,ACE,CE,Towers with Radar,367,156,28,6,557,0,0,0,1,1,367,156,28,7,558,0,10,10,568
04/21/2016,STL,MO,ACE,CE,Towers with Radar,369,160,33,6,568,0,5,0,1,6,369,165,33,7,574,0,0,0,574
04/22/2016,STL,MO,ACE,CE,Towers with Radar,371,153,19,4,547,0,5,1,0,6,371,158,20,4,553,0,0,0,553
04/23/2016,STL,MO,ACE,CE,Towers with Radar,259,95,7,3,364,0,10,5,1,16,259,105,12,4,380,0,0,0,380
04/24/2016,STL,MO,ACE,CE,Towers with Radar,323,126,7,0,456,0,10,3,0,13,323,136,10,0,469,0,0,0,469
04/25/2016,STL,MO,ACE,CE,Towers with Radar,367,165,22,0,554,0,4,4,0,8,367,169,26,0,562,0,0,0,562
04/26/2016,STL,MO,ACE,CE,Towers with Radar,371,138,15,1,525,0,1,1,2,4,371,139,16,3,529,0,0,0,529
04/27/2016,STL,MO,ACE,CE,Towers with Radar,373,179,15,0,567,0,0,0,0,0,373,179,15,0,567,0,0,0,567
04/28/2016,STL,MO,ACE,CE,Towers with Radar,374,154,27,1,556,0,23,10,7,40,374,177,37,8,596,0,8,8,604
04/29/2016,STL,MO,ACE,CE,Towers with Radar,367,165,29,4,565,0,3,0,0,3,367,168,29,4,568,0,0,0,568
04/30/2016,STL,MO,ACE,CE,Towers with Radar,264,105,7,1,377,0,0,0,0,0,264,105,7,1,377,0,0,0,377
05/01/2016,STL,MO,ACE,CE,Towers with Radar,328,127,11,1,467,0,2,0,0,2,328,129,11,1,469,0,0,0,469
05/02/2016,STL,MO,ACE,CE,Towers with Radar,367,167,21,20,575,0,2,4,0,6,367,169,25,20,581,0,0,0,581
05/03/2016,STL,MO,ACE,CE,Towers with Radar,371,173,21,16,581,0,3,1,0,4,371,176,22,16,585,0,0,0,585
05/04/2016,STL,MO,ACE,CE,Towers with Radar,364,161,33,4,562,0,5,1,3,9,364,166,34,7,571,0,0,0,571
05/05/2016,STL,MO,ACE,CE,Towers with Radar,386,137,22,12,557,0,14,1,2,17,386,151,23,14,574,0,0,0,574
05/06/2016,STL,MO,ACE,CE,Towers with Radar,379,132,20,2,533,0,18,2,0,20,379,150,22,2,553,0,0,0,553
05/07/2016,STL,MO,ACE,CE,Towers with Radar,263,97,6,0,366,0,9,6,2,17,263,106,12,2,383,0,0,0,383
05/08/2016,STL,MO,ACE,CE,Towers with Radar,324,125,4,2,455,0,1,0,0,1,324,126,4,2,456,0,0,0,456
05/09/2016,STL,MO,ACE,CE,Towers with Radar,375,153,25,0,553,0,2,2,0,4,375,155,27,0,557,0,0,0,557
05/10/2016,STL,MO,ACE,CE,Towers with Radar,384,145,22,1,552,0,4,0,4,8,384,149,22,5,560,0,10,10,570
05/11/2016,STL,MO,ACE,CE,Towers with Radar,376,126,25,11,538,0,0,0,2,2,376,126,25,13,540,0,0,0,540
05/12/2016,STL,MO,ACE,CE,Towers with Radar,385,155,41,0,581,0,5,0,0,5,385,160,41,0,586,0,0,0,586
05/13/2016,STL,MO,ACE,CE,Towers with Radar,381,159,30,6,576,0,18,5,0,23,381,177,35,6,599,0,0,0,599
05/14/2016,STL,MO,ACE,CE,Towers with Radar,265,112,14,4,395,0,1,0,0,1,265,113,14,4,396,0,0,0,396
05/15/2016,STL,MO,ACE,CE,Towers with Radar,330,135,18,4,487,0,17,1,0,18,330,152,19,4,505,0,0,0,505
05/16/2016,STL,MO,ACE,CE,Towers with Radar,379,151,30,7,567,0,0,3,0,3,379,151,33,7,570,0,0,0,570
05/17/2016,STL,MO,ACE,CE,Towers with Radar,381,156,26,0,563,12,4,0,0,16,393,160,26,0,579,4,0,4,583
05/18/2016,STL,MO,ACE,CE,Towers with Radar,378,147,31,7,563,0,6,2,4,12,378,153,33,11,575,0,0,0,575
05/19/2016,STL,MO,ACE,CE,Towers with Radar,383,142,25,5,555,0,14,7,1,22,383,156,32,6,577,0,0,0,577
05/20/2016,STL,MO,ACE,CE,Towers with Radar,383,146,32,5,566,0,8,10,0,18,383,154,42,5,584,18,0,18,602
05/21/2016,STL,MO,ACE,CE,Towers with Radar,273,94,6,3,376,0,16,2,2,20,273,110,8,5,396,0,0,0,396
05/22/2016,STL,MO,ACE,CE,Towers with Radar,339,108,16,2,465,0,17,0,0,17,339,125,16,2,482,0,0,0,482
05/23/2016,STL,MO,ACE,CE,Towers with Radar,376,139,23,9,547,0,17,5,0,22,376,156,28,9,569,0,0,0,569
05/24/2016,STL,MO,ACE,CE,Towers with Radar,381,155,26,2,564,0,1,5,0,6,381,156,31,2,570,0,0,0,570
05/25/2016,STL,MO,ACE,CE,Towers with Radar,403,151,33,6,593,0,11,1,1,13,403,162,34,7,606,10,7,17,623
05/26/2016,STL,MO,ACE,CE,Towers with Radar,408,139,28,5,580,0,5,12,2,19,408,144,40,7,599,0,0,0,599
05/27/2016,STL,MO,ACE,CE,Towers with Radar,379,143,16,1,539,0,2,1,0,3,379,145,17,1,542,0,0,0,542
05/28/2016,STL,MO,ACE,CE,Towers with Radar,277,103,5,1,386,0,7,2,0,9,277,110,7,1,395,0,0,0,395
05/29/2016,STL,MO,ACE,CE,Towers with Radar,279,103,2,0,384,0,8,2,1,11,279,111,4,1,395,0,0,0,395
05/30/2016,STL,MO,ACE,CE,Towers with Radar,337,127,6,0,470,0,9,1,0,10,337,136,7,0,480,0,0,0,480
05/31/2016,STL,MO,ACE,CE,Towers with Radar,370,153,25,8,556,0,4,7,3,14,370,157,32,11,570,0,0,0,570
06/01/2016,STL,MO,ACE,CE,Towers with Radar,378,140,14,1,533,0,5,6,2,13,378,145,20,3,546,0,0,0,546
06/02/2016,STL,MO,ACE,CE,Towers with Radar,380,141,16,2,539,0,7,14,5,26,380,148,30,7,565,0,0,0,565
06/03/2016,STL,MO,ACE,CE,Towers with Radar,385,149,15,2,551,0,5,4,2,11,385,154,19,4,562,0,0,0,562
06/04/2016,STL,MO,ACE,CE,Towers with Radar,285,109,4,0,398,0,2,0,0,2,285,111,4,0,400,0,0,0,400
06/05/2016,STL,MO,ACE,CE,Towers with Radar,343,121,10,0,474,0,6,0,0,6,343,127,10,0,480,0,0,0,480
06/06/2016,STL,MO,ACE,CE,Towers with Radar,393,128,31,9,561,0,11,8,4,23,393,139,39,13,584,0,0,0,584
06/07/2016,STL,MO,ACE,CE,Towers with Radar,395,140,26,30,591,0,13,10,0,23,395,153,36,30,614,0,0,0,614
06/08/2016,STL,MO,ACE,CE,Towers with Radar,391,141,20,2,554,0,29,8,0,37,391,170,28,2,591,0,0,0,591
06/09/2016,STL,MO,ACE,CE,Towers with Radar,396,144,16,3,559,0,24,3,0,27,396,168,19,3,586,0,0,0,586
06/10/2016,STL,MO,ACE,CE,Towers with Radar,392,147,25,14,578,0,21,2,0,23,392,168,27,14,601,0,0,0,601
06/11/2016,STL,MO,ACE,CE,Towers with Radar,309,85,12,1,407,0,9,3,0,12,309,94,15,1,419,0,0,0,419
06/12/2016,STL,MO,ACE,CE,Towers with Radar,364,122,9,1,496,0,5,4,0,9,364,127,13,1,505,0,0,0,505
06/13/2016,STL,MO,ACE,CE,Towers with Radar,382,155,20,2,559,0,12,3,0,15,382,167,23,2,574,0,0,0,574
06/14/2016,STL,MO,ACE,CE,Towers with Radar,383,164,19,7,573,0,3,4,3,10,383,167,23,10,583,0,0,0,583
06/15/2016,STL,MO,ACE,CE,Towers with Radar,411,146,27,0,584,0,6,3,0,9,411,152,30,0,593,0,0,0,593
06/16/2016,STL,MO,ACE,CE,Towers with Radar,390,155,23,14,582,0,7,14,1,22,390,162,37,15,604,0,0,0,604
06/17/2016,STL,MO,ACE,CE,Towers with Radar,391,154,26,0,571,0,4,0,0,4,391,158,26,0,575,0,0,0,575
06/18/2016,STL,MO,ACE,CE,Towers with Radar,305,104,4,0,413,0,4,1,0,5,305,108,5,0,418,0,0,0,418
06/19/2016,STL,MO,ACE,CE,Towers with Radar,371,115,11,0,497,0,1,0,1,2,371,116,11,1,499,0,0,0,499
06/20/2016,STL,MO,ACE,CE,Towers with Radar,379,149,23,5,556,0,2,1,0,3,379,151,24,5,559,0,0,0,559
06/21/2016,STL,MO,ACE,CE,Towers with Radar,388,147,26,1,562,0,0,0,2,2,388,147,26,3,564,0,0,0,564
06/22/2016,STL,MO,ACE,CE,Towers with Radar,384,163,20,14,581,0,10,4,2,16,384,173,24,16,597,0,0,0,597
06/23/2016,STL,MO,ACE,CE,Towers with Radar,392,139,24,5,560,0,0,0,0,0,392,139,24,5,560,0,0,0,560
06/24/2016,STL,MO,ACE,CE,Towers with Radar,401,163,12,14,590,0,4,0,0,4,401,167,12,14,594,0,18,18,612
06/25/2016,STL,MO,ACE,CE,Towers with Radar,309,97,14,0,420,0,6,0,0,6,309,103,14,0,426,0,0,0,426
06/26/2016,STL,MO,ACE,CE,Towers with Radar,361,123,7,0,491,0,2,0,0,2,361,125,7,0,493,0,0,0,493
06/27/2016,STL,MO,ACE,CE,Towers with Radar,390,155,20,1,566,0,4,4,0,8,390,159,24,1,574,0,0,0,574
06/28/2016,STL,MO,ACE,CE,Towers with Radar,386,147,40,1,574,0,2,7,2,11,386,149,47,3,585,0,0,0,585
06/29/2016,STL,MO,ACE,CE,Towers with Radar,398,157,27,1,583,0,3,3,1,7,398,160,30,2,590,0,0,0,590
06/30/2016,STL,MO,ACE,CE,Towers with Radar,404,166,27,3,600,0,3,1,2,6,404,169,28,5,606,0,0,0,606
07/01/2016,STL,MO,ACE,CE,Towers with Radar,384,154,23,0,561,0,2,3,0,5,384,156,26,0,566,0,0,0,566
07/02/2016,STL,MO,ACE,CE,Towers with Radar,309,100,8,0,417,0,1,1,0,2,309,101,9,0,419,0,0,0,419
07/03/2016,STL,MO,ACE,CE,Towers with Radar,299,96,5,0,400,0,0,0,0,0,299,96,5,0,400,0,0,0,400
07/04/2016,STL,MO,ACE,CE,Towers with Radar,328,110,3,0,441,0,0,0,0,0,328,110,3,0,441,0,0,0,441
07/05/2016,STL,MO,ACE,CE,Towers with Radar,389,144,17,0,550,0,1,4,0,5,389,145,21,0,555,0,0,0,555
07/06/2016,STL,MO,ACE,CE,Towers with Radar,392,118,14,1,525,0,0,2,0,2,392,118,16,1,527,0,0,0,527
07/07/2016,STL,MO,ACE,CE,Towers with Radar,392,141,16,5,554,0,0,3,2,5,392,141,19,7,559,0,0,0,559
07/08/2016,STL,MO,ACE,CE,Towers with Radar,383,157,18,5,563,0,3,2,2,7,383,160,20,7,570,0,0,0,570
07/09/2016,STL,MO,ACE,CE,Towers with Radar,310,87,4,0,401,0,12,7,0,19,310,99,11,0,420,0,0,0,420
07/10/2016,STL,MO,ACE,CE,Towers with Radar,368,129,6,0,503,0,3,3,0,6,368,132,9,0,509,0,0,0,509
07/11/2016,STL,MO,ACE,CE,Towers with Radar,384,147,25,4,560,0,1,1,2,4,384,148,26,6,564,0,0,0,564
07/12/2016,STL,MO,ACE,CE,Towers with Radar,405,141,19,1,566,0,2,3,1,6,405,143,22,2,572,0,0,0,572
07/13/2016,STL,MO,ACE,CE,Towers with Radar,382,151,20,0,553,0,4,5,0,9,382,155,25,0,562,0,0,0,562
07/14/2016,STL,MO,ACE,CE,Towers with Radar,400,159,29,2,590,0,4,11,2,17,400,163,40,4,607,0,0,0,607
07/15/2016,STL,MO,ACE,CE,Towers with Radar,394,157,14,0,565,0,6,3,0,9,394,163,17,0,574,0,0,0,574
07/16/2016,STL,MO,ACE,CE,Towers with Radar,304,91,12,0,407,0,2,2,0,4,304,93,14,0,411,0,0,0,411
07/17/2016,STL,MO,ACE,CE,Towers with Radar,370,134,15,8,527,0,7,2,2,11,370,141,17,10,538,0,0,0,538
07/18/2016,STL,MO,ACE,CE,Towers with Radar,385,149,27,4,565,0,5,4,0,9,385,154,31,4,574,0,0,0,574
07/19/2016,STL,MO,ACE,CE,Towers with Radar,386,149,32,4,571,0,4,1,1,6,386,153,33,5,577,0,0,0,577
07/20/2016,STL,MO,ACE,CE,Towers with Radar,363,159,33,4,559,0,1,3,1,5,363,160,36,5,564,0,0,0,564
07/21/2016,STL,MO,ACE,CE,Towers with Radar,365,176,22,4,567,0,4,3,0,7,365,180,25,4,574,0,0,0,574
07/22/2016,STL,MO,ACE,CE,Towers with Radar,372,165,20,2,559,0,2,1,0,3,372,167,21,2,562,0,0,0,562
07/23/2016,STL,MO,ACE,CE,Towers with Radar,309,113,6,0,428,0,0,15,0,15,309,113,21,0,443,0,0,0,443
07/24/2016,STL,MO,ACE,CE,Towers with Radar,357,145,11,0,513,0,4,3,0,7,357,149,14,0,520,0,0,0,520
07/25/2016,STL,MO,ACE,CE,Towers with Radar,374,170,26,3,573,0,1,1,0,2,374,171,27,3,575,0,0,0,575
07/26/2016,STL,MO,ACE,CE,Towers with Radar,390,164,18,2,574,0,3,1,0,4,390,167,19,2,578,0,0,0,578
07/27/2016,STL,MO,ACE,CE,Towers with Radar,391,163,32,3,589,0,2,2,0,4,391,165,34,3,593,0,0,0,593
07/28/2016,STL,MO,ACE,CE,Towers with Radar,374,171,16,10,571,0,3,2,3,8,374,174,18,13,579,0,8,8,587
07/29/2016,STL,MO,ACE,CE,Towers with Radar,380,165,29,1,575,0,3,1,2,6,380,168,30,3,581,0,0,0,581
07/30/2016,STL,MO,ACE,CE,Towers with Radar,298,113,3,0,414,0,2,0,0,2,298,115,3,0,416,0,0,0,416
07/31/2016,STL,MO,ACE,CE,Towers with Radar,349,132,19,0,500,0,2,2,0,4,349,134,21,0,504,0,0,0,504
08/01/2016,STL,MO,ACE,CE,Towers with Radar,387,156,25,2,570,0,0,8,0,8,387,156,33,2,578,0,0,0,578
08/02/2016,STL,MO,ACE,CE,Towers with Radar,386,145,17,10,558,0,3,7,3,13,386,148,24,13,571,0,0,0,571
08/03/2016,STL,MO,ACE,CE,Towers with Radar,385,163,24,5,577,0,0,2,2,4,385,163,26,7,581,0,0,0,581
08/04/2016,STL,MO,ACE,CE,Towers with Radar,382,154,26,6,568,0,3,5,2,10,382,157,31,8,578,0,0,0,578
08/05/2016,STL,MO,ACE,CE,Towers with Radar,388,160,14,3,565,0,5,6,1,12,388,165,20,4,577,0,0,0,577
08/06/2016,STL,MO,ACE,CE,Towers with Radar,300,102,5,0,407,0,2,3,0,5,300,104,8,0,412,0,0,0,412
08/07/2016,STL,MO,ACE,CE,Towers with Radar,341,134,14,3,492,0,1,0,0,1,341,135,14,3,493,0,0,0,493
08/08/2016,STL,MO,ACE,CE,Towers with Radar,361,159,20,2,542,0,4,3,0,7,361,163,23,2,549,0,6,6,555
08/09/2016,STL,MO,ACE,CE,Towers with Radar,370,156,17,3,546,0,2,2,0,4,370,158,19,3,550,0,0,0,550
08/10/2016,STL,MO,ACE,CE,Towers with Radar,369,170,29,5,573,0,1,0,1,2,369,171,29,6,575,0,0,0,575
08/11/2016,STL,MO,ACE,CE,Towers with Radar,380,166,36,3,585,0,2,7,0,9,380,168,43,3,594,6,0,6,600
08/12/2016,STL,MO,ACE,CE,Towers with Radar,367,143,20,2,532,0,0,2,4,6,367,143,22,6,538,0,0,0,538
08/13/2016,STL,MO,ACE,CE,Towers with Radar,289,98,12,0,399,0,0,1,0,1,289,98,13,0,400,0,0,0,400
08/14/2016,STL,MO,ACE,CE,Towers with Radar,337,138,10,0,485,0,0,1,0,1,337,138,11,0,486,0,0,0,486
08/15/2016,STL,MO,ACE,CE,Towers with Radar,372,170,29,0,571,0,0,2,0,2,372,170,31,0,573,0,0,0,573
08/16/2016,STL,MO,ACE,CE,Towers with Radar,377,159,32,3,571,0,1,6,3,10,377,160,38,6,581,0,0,0,581
08/17/2016,STL,MO,ACE,CE,Towers with Radar,381,164,23,6,574,0,2,0,2,4,381,166,23,8,578,0,0,0,578
08/18/2016,STL,MO,ACE,CE,Towers with Radar,371,159,19,28,577,0,1,0,2,3,371,160,19,30,580,0,42,42,622
08/19/2016,STL,MO,ACE,CE,Towers with Radar,369,169,26,6,570,0,3,2,0,5,369,172,28,6,575,0,0,0,575
08/20/2016,STL,MO,ACE,CE,Towers with Radar,276,115,5,1,397,0,3,0,0,3,276,118,5,1,400,0,0,0,400
08/21/2016,STL,MO,ACE,CE,Towers with Radar,334,129,18,3,484,0,4,7,0,11,334,133,25,3,495,0,0,0,495
08/22/2016,STL,MO,ACE,CE,Towers with Radar,363,170,12,11,556,0,3,2,0,5,363,173,14,11,561,0,0,0,561
08/23/2016,STL,MO,ACE,CE,Towers with Radar,366,169,21,3,559,0,0,0,0,0,366,169,21,3,559,0,0,0,559
08/24/2016,STL,MO,ACE,CE,Towers with Radar,355,178,34,28,595,0,0,2,3,5,355,178,36,31,600,0,0,0,600
08/25/2016,STL,MO,ACE,CE,Towers with Radar,366,176,17,12,571,0,5,11,0,16,366,181,28,12,587,0,0,0,587
08/26/2016,STL,MO,ACE,CE,Towers with Radar,362,175,26,9,572,0,2,1,1,4,362,177,27,10,576,0,0,0,576
08/27/2016,STL,MO,ACE,CE,Towers with Radar,267,112,12,0,391,0,4,1,0,5,267,116,13,0,396,0,0,0,396
08/28/2016,STL,MO,ACE,CE,Towers with Radar,329,134,8,2,473,0,4,2,0,6,329,138,10,2,479,0,0,0,479
08/29/2016,STL,MO,ACE,CE,Towers with Radar,364,173,20,1,558,0,5,3,0,8,364,178,23,1,566,0,0,0,566
08/30/2016,STL,MO,ACE,CE,Towers with Radar,363,159,16,4,542,0,1,4,1,6,363,160,20,5,548,0,0,0,548
08/31/2016,STL,MO,ACE,CE,Towers with Radar,386,156,15,8,565,0,3,0,0,3,386,159,15,8,568,0,0,0,568
09/01/2016,STL,MO,ACE,CE,Towers with Radar,390,147,20,2,559,0,4,0,0,4,390,151,20,2,563,0,0,0,563
09/02/2016,STL,MO,ACE,CE,Towers with Radar,390,154,15,0,559,0,4,4,0,8,390,158,19,0,567,0,0,0,567
09/03/2016,STL,MO,ACE,CE,Towers with Radar,244,87,5,0,336,0,1,4,0,5,244,88,9,0,341,0,0,0,341
09/04/2016,STL,MO,ACE,CE,Towers with Radar,273,92,7,0,372,0,3,1,0,4,273,95,8,0,376,0,0,0,376
09/05/2016,STL,MO,ACE,CE,Towers with Radar,344,134,17,0,495,0,1,0,0,1,344,135,17,0,496,0,0,0,496
09/06/2016,STL,MO,ACE,CE,Towers with Radar,380,155,19,0,554,0,5,4,0,9,380,160,23,0,563,0,0,0,563
09/07/2016,STL,MO,ACE,CE,Towers with Radar,375,155,41,2,573,0,3,5,7,15,375,158,46,9,588,0,0,0,588
09/08/2016,STL,MO,ACE,CE,Towers with Radar,378,143,33,2,556,0,4,0,0,4,378,147,33,2,560,0,0,0,560
09/09/2016,STL,MO,ACE,CE,Towers with Radar,373,153,19,9,554,0,1,0,3,4,373,154,19,12,558,0,0,0,558
09/10/2016,STL,MO,ACE,CE,Towers with Radar,280,96,13,0,389,0,2,2,0,4,280,98,15,0,393,0,0,0,393
09/11/2016,STL,MO,ACE,CE,Towers with Radar,354,114,13,0,481,0,5,1,0,6,354,119,14,0,487,0,0,0,487
09/12/2016,STL,MO,ACE,CE,Towers with Radar,383,149,25,2,559,0,12,0,0,12,383,161,25,2,571,0,0,0,571
09/13/2016,STL,MO,ACE,CE,Towers with Radar,381,148,27,1,557,0,2,2,0,4,381,150,29,1,561,0,0,0,561
09/14/2016,STL,MO,ACE,CE,Towers with Radar,388,147,29,5,569,0,5,4,6,15,388,152,33,11,584,0,0,0,584
09/15/2016,STL,MO,ACE,CE,Towers with Radar,390,162,15,17,584,0,3,1,5,9,390,165,16,22,593,0,0,0,593
09/16/2016,STL,MO,ACE,CE,Towers with Radar,384,133,19,2,538,0,0,1,0,1,384,133,20,2,539,0,0,0,539
09/17/2016,STL,MO,ACE,CE,Towers with Radar,277,97,9,0,383,0,0,3,0,3,277,97,12,0,386,0,0,0,386
09/18/2016,STL,MO,ACE,CE,Towers with Radar,348,133,13,0,494,0,3,6,0,9,348,136,19,0,503,0,0,0,503
09/19/2016,STL,MO,ACE,CE,Towers with Radar,380,152,35,2,569,0,10,2,0,12,380,162,37,2,581,0,0,0,581
09/20/2016,STL,MO,ACE,CE,Towers with Radar,390,158,23,13,584,0,5,5,1,11,390,163,28,14,595,0,0,0,595
09/21/2016,STL,MO,ACE,CE,Towers with Radar,390,154,27,4,575,0,7,5,3,15,390,161,32,7,590,0,0,0,590
09/22/2016,STL,MO,ACE,CE,Towers with Radar,387,141,30,1,559,0,11,6,1,18,387,152,36,2,577,0,8,8,585
09/23/2016,STL,MO,ACE,CE,Towers with Radar,386,152,15,2,555,0,7,1,0,8,386,159,16,2,563,0,0,0,563
09/24/2016,STL,MO,ACE,CE,Towers with Radar,277,93,9,0,379,0,3,7,0,10,277,96,16,0,389,0,0,0,389
09/25/2016,STL,MO,ACE,CE,Towers with Radar,352,119,8,2,481,0,4,2,0,6,352,123,10,2,487,0,0,0,487
09/26/2016,STL,MO,ACE,CE,Towers with Radar,383,154,31,0,568,0,9,1,0,10,383,163,32,0,578,0,0,0,578
09/27/2016,STL,MO,ACE,CE,Towers with Radar,381,142,23,1,547,0,12,5,2,19,381,154,28,3,566,6,0,6,572
09/28/2016,STL,MO,ACE,CE,Towers with Radar,384,138,25,1,548,0,3,0,1,4,384,141,25,2,552,0,0,0,552
09/29/2016,STL,MO,ACE,CE,Towers with Radar,389,144,18,7,558,0,0,2,1,3,389,144,20,8,561,0,0,0,561
09/30/2016,STL,MO,ACE,CE,Towers with Radar,384,150,23,4,561,0,2,2,0,4,384,152,25,4,565,0,0,0,565
10/01/2016,STL,MO,ACE,CE,Towers with Radar,284,81,6,0,371,0,0,0,0,0,284,81,6,0,371,0,0,0,371
10/02/2016,STL,MO,ACE,CE,Towers with Radar,359,127,11,4,501,0,0,2,0,2,359,127,13,4,503,0,0,0,503
10/03/2016,STL,MO,ACE,CE,Towers with Radar,382,147,11,2,542,0,1,0,1,2,382,148,11,3,544,0,2,2,546
10/04/2016,STL,MO,ACE,CE,Towers with Radar,386,150,35,0,571,0,13,4,2,19,386,163,39,2,590,4,0,4,594
10/05/2016,STL,MO,ACE,CE,Towers with Radar,388,163,33,19,603,0,5,1,6,12,388,168,34,25,615,0,0,0,615
10/06/2016,STL,MO,ACE,CE,Towers with Radar,374,157,36,0,567,0,4,2,4,10,374,161,38,4,577,0,0,0,577
10/07/2016,STL,MO,ACE,CE,Towers with Radar,380,164,23,14,581,0,6,8,2,16,380,170,31,16,597,10,6,16,613
10/08/2016,STL,MO,ACE,CE,Towers with Radar,277,75,10,3,365,0,22,8,1,31,277,97,18,4,396,0,6,6,402
10/09/2016,STL,MO,ACE,CE,Towers with Radar,360,108,28,0,496,0,14,7,0,21,360,122,35,0,517,0,0,0,517
10/10/2016,STL,MO,ACE,CE,Towers with Radar,382,164,32,2,580,0,9,4,0,13,382,173,36,2,593,0,0,0,593
10/11/2016,STL,MO,ACE,CE,Towers with Radar,387,143,24,4,558,0,3,4,6,13,387,146,28,10,571,0,0,0,571
10/12/2016,STL,MO,ACE,CE,Towers with Radar,389,146,27,1,563,0,1,6,0,7,389,147,33,1,570,0,0,0,570
10/13/2016,STL,MO,ACE,CE,Towers with Radar,387,151,23,9,570,0,4,2,5,11,387,155,25,14,581,0,0,0,581
10/14/2016,STL,MO,ACE,CE,Towers with Radar,383,141,21,7,552,0,4,2,2,8,383,145,23,9,560,0,0,0,560
10/15/2016,STL,MO,ACE,CE,Towers with Radar,282,93,5,2,382,0,5,7,0,12,282,98,12,2,394,8,0,8,402
10/16/2016,STL,MO,ACE,CE,Towers with Radar,360,117,7,0,484,0,1,2,0,3,360,118,9,0,487,0,0,0,487
10/17/2016,STL,MO,ACE,CE,Towers with Radar,383,134,26,3,546,0,10,5,2,17,383,144,31,5,563,0,0,0,563
10/18/2016,STL,MO,ACE,CE,Towers with Radar,379,149,29,29,586,0,5,2,2,9,379,154,31,31,595,0,0,0,595
10/19/2016,STL,MO,ACE,CE,Towers with Radar,387,136,22,0,545,0,0,0,0,0,387,136,22,0,545,0,0,0,545
10/20/2016,STL,MO,ACE,CE,Towers with Radar,386,146,42,8,582,0,1,0,1,2,386,147,42,9,584,0,0,0,584
10/21/2016,STL,MO,ACE,CE,Towers with Radar,382,161,22,11,576,0,12,4,1,17,382,173,26,12,593,0,0,0,593
10/22/2016,STL,MO,ACE,CE,Towers with Radar,279,75,6,0,360,0,13,2,0,15,279,88,8,0,375,0,0,0,375
10/23/2016,STL,MO,ACE,CE,Towers with Radar,352,103,16,0,471,0,6,0,0,6,352,109,16,0,477,0,0,0,477
10/24/2016,STL,MO,ACE,CE,Towers with Radar,377,164,19,9,569,0,12,8,1,21,377,176,27,10,590,0,0,0,590
10/25/2016,STL,MO,ACE,CE,Towers with Radar,376,153,23,6,558,0,2,0,3,5,376,155,23,9,563,0,0,0,563
10/26/2016,STL,MO,ACE,CE,Towers with Radar,375,144,16,1,536,0,1,0,2,3,375,145,16,3,539,0,0,0,539
10/27/2016,STL,MO,ACE,CE,Towers with Radar,386,151,35,30,602,0,4,3,3,10,386,155,38,33,612,0,0,0,612
10/28/2016,STL,MO,ACE,CE,Towers with Radar,386,154,19,5,564,0,10,10,4,24,386,164,29,9,588,0,0,0,588
10/29/2016,STL,MO,ACE,CE,Towers with Radar,283,96,8,0,387,0,7,0,0,7,283,103,8,0,394,0,0,0,394
10/30/2016,STL,MO,ACE,CE,Towers with Radar,333,126,6,0,465,0,2,2,3,7,333,128,8,3,472,0,0,0,472
10/31/2016,STL,MO,ACE,CE,Towers with Radar,342,131,9,4,486,0,3,4,3,10,342,134,13,7,496,0,0,0,496
11/01/2016,STL,MO,ACE,CE,Towers with Radar,367,151,20,6,544,0,4,5,1,10,367,155,25,7,554,0,0,0,554
11/02/2016,STL,MO,ACE,CE,Towers with Radar,369,134,28,2,533,0,5,0,0,5,369,139,28,2,538,0,0,0,538
11/03/2016,STL,MO,ACE,CE,Towers with Radar,373,158,40,9,580,0,8,4,3,15,373,166,44,12,595,0,0,0,595
11/04/2016,STL,MO,ACE,CE,Towers with Radar,383,165,31,10,589,0,12,7,2,21,383,177,38,12,610,0,0,0,610
11/05/2016,STL,MO,ACE,CE,Towers with Radar,273,95,14,0,382,0,12,3,0,15,273,107,17,0,397,0,0,0,397
11/06/2016,STL,MO,ACE,CE,Towers with Radar,343,106,18,24,491,0,10,6,0,16,343,116,24,24,507,0,0,0,507
11/07/2016,STL,MO,ACE,CE,Towers with Radar,351,153,27,3,534,0,11,4,2,17,351,164,31,5,551,0,0,0,551
11/08/2016,STL,MO,ACE,CE,Towers with Radar,332,150,17,2,501,0,0,2,0,2,332,150,19,2,503,0,0,0,503
11/09/2016,STL,MO,ACE,CE,Towers with Radar,366,144,32,5,547,0,12,3,7,22,366,156,35,12,569,0,0,0,569
11/10/2016,STL,MO,ACE,CE,Towers with Radar,374,143,23,4,544,0,11,5,2,18,374,154,28,6,562,0,0,0,562
11/11/2016,STL,MO,ACE,CE,Towers with Radar,375,146,27,4,552,0,7,6,2,15,375,153,33,6,567,0,0,0,567
11/12/2016,STL,MO,ACE,CE,Towers with Radar,257,99,14,0,370,0,5,3,0,8,257,104,17,0,378,0,0,0,378
11/13/2016,STL,MO,ACE,CE,Towers with Radar,346,115,4,0,465,0,4,0,0,4,346,119,4,0,469,0,0,0,469
11/14/2016,STL,MO,ACE,CE,Towers with Radar,361,149,32,1,543,0,5,7,0,12,361,154,39,1,555,0,0,0,555
11/15/2016,STL,MO,ACE,CE,Towers with Radar,381,149,20,9,559,0,6,2,1,9,381,155,22,10,568,0,0,0,568
11/16/2016,STL,MO,ACE,CE,Towers with Radar,375,158,29,2,564,0,9,5,6,20,375,167,34,8,584,0,0,0,584
11/17/2016,STL,MO,ACE,CE,Towers with Radar,373,154,17,4,548,0,2,3,6,11,373,156,20,10,559,0,0,0,559
11/18/2016,STL,MO,ACE,CE,Towers with Radar,379,146,22,10,557,0,3,2,2,7,379,149,24,12,564,0,0,0,564
11/19/2016,STL,MO,ACE,CE,Towers with Radar,315,85,4,0,404,0,10,2,0,12,315,95,6,0,416,0,0,0,416
11/20/2016,STL,MO,ACE,CE,Towers with Radar,338,106,10,1,455,0,10,6,0,16,338,116,16,1,471,0,0,0,471
11/21/2016,STL,MO,ACE,CE,Towers with Radar,357,110,27,4,498,0,17,7,0,24,357,127,34,4,522,0,0,0,522
11/22/2016,STL,MO,ACE,CE,Towers with Radar,388,155,19,3,565,0,3,0,1,4,388,158,19,4,569,0,0,0,569
11/23/2016,STL,MO,ACE,CE,Towers with Radar,392,151,12,0,555,0,0,0,0,0,392,151,12,0,555,0,0,0,555
11/24/2016,STL,MO,ACE,CE,Towers with Radar,216,106,6,0,328,0,0,0,0,0,216,106,6,0,328,0,0,0,328
11/25/2016,STL,MO,ACE,CE,Towers with Radar,283,107,11,0,401,0,0,2,0,2,283,107,13,0,403,0,0,0,403
11/26/2016,STL,MO,ACE,CE,Towers with Radar,351,114,11,0,476,0,0,0,0,0,351,114,11,0,476,0,0,0,476
11/27/2016,STL,MO,ACE,CE,Towers with Radar,388,140,17,0,545,0,2,0,1,3,388,142,17,1,548,0,0,0,548
11/28/2016,STL,MO,ACE,CE,Towers with Radar,385,144,11,0,540,0,0,0,0,0,385,144,11,0,540,0,0,0,540
11/29/2016,STL,MO,ACE,CE,Towers with Radar,385,141,24,36,586,0,11,7,3,21,385,152,31,39,607,0,20,20,627
11/30/2016,STL,MO,ACE,CE,Towers with Radar,382,133,27,11,553,0,4,8,1,13,382,137,35,12,566,0,23,23,589
12/01/2016,STL,MO,ACE,CE,Towers with Radar,380,138,22,10,550,0,6,4,6,16,380,144,26,16,566,0,0,0,566
12/02/2016,STL,MO,ACE,CE,Towers with Radar,379,146,30,8,563,0,16,13,5,34,379,162,43,13,597,0,8,8,605
12/03/2016,STL,MO,ACE,CE,Towers with Radar,256,90,6,0,352,0,12,2,0,14,256,102,8,0,366,0,0,0,366
12/04/2016,STL,MO,ACE,CE,Towers with Radar,325,114,6,0,445,0,0,0,0,0,325,114,6,0,445,0,0,0,445
12/05/2016,STL,MO,ACE,CE,Towers with Radar,366,135,23,3,527,0,4,2,1,7,366,139,25,4,534,0,0,0,534
12/06/2016,STL,MO,ACE,CE,Towers with Radar,373,161,31,10,575,0,3,0,0,3,373,164,31,10,578,0,0,0,578
12/07/2016,STL,MO,ACE,CE,Towers with Radar,389,155,31,11,586,0,12,4,0,16,389,167,35,11,602,0,0,0,602
12/08/2016,STL,MO,ACE,CE,Towers with Radar,373,141,32,19,565,0,13,0,1,14,373,154,32,20,579,0,0,0,579
12/09/2016,STL,MO,ACE,CE,Towers with Radar,370,134,23,2,529,0,15,0,0,15,370,149,23,2,544,0,0,0,544
12/10/2016,STL,MO,ACE,CE,Towers with Radar,255,85,6,4,350,0,23,3,0,26,255,108,9,4,376,0,0,0,376
12/11/2016,STL,MO,ACE,CE,Towers with Radar,315,103,7,3,428,0,9,0,0,9,315,112,7,3,437,0,0,0,437
12/12/2016,STL,MO,ACE,CE,Towers with Radar,377,134,32,3,546,0,9,10,0,19,377,143,42,3,565,6,0,6,571
12/13/2016,STL,MO,ACE,CE,Towers with Radar,382,153,32,1,568,0,3,1,1,5,382,156,33,2,573,0,0,0,573
12/14/2016,STL,MO,ACE,CE,Towers with Radar,385,138,15,3,541,0,8,6,3,17,385,146,21,6,558,0,0,0,558
12/15/2016,STL,MO,ACE,CE,Towers with Radar,391,135,23,5,554,0,6,3,4,13,391,141,26,9,567,0,0,0,567
12/16/2016,STL,MO,ACE,CE,Towers with Radar,355,131,20,3,509,0,0,0,7,7,355,131,20,10,516,0,0,0,516
12/17/2016,STL,MO,ACE,CE,Towers with Radar,243,68,4,0,315,0,0,0,0,0,243,68,4,0,315,0,0,0,315
12/18/2016,STL,MO,ACE,CE,Towers with Radar,312,96,8,1,417,0,12,3,0,15,312,108,11,1,432,0,0,0,432
12/19/2016,STL,MO,ACE,CE,Towers with Radar,355,123,14,4,496,0,6,3,0,9,355,129,17,4,505,10,0,10,515
12/20/2016,STL,MO,ACE,CE,Towers with Radar,374,128,26,4,532,0,16,3,6,25,374,144,29,10,557,0,0,0,557
12/21/2016,STL,MO,ACE,CE,Towers with Radar,390,122,18,4,534,0,9,9,10,28,390,131,27,14,562,0,0,0,562
12/22/2016,STL,MO,ACE,CE,Towers with Radar,385,131,18,6,540,0,9,7,2,18,385,140,25,8,558,0,14,14,572
12/23/2016,STL,MO,ACE,CE,Towers with Radar,392,137,12,0,541,0,3,1,2,6,392,140,13,2,547,0,0,0,547
12/24/2016,STL,MO,ACE,CE,Towers with Radar,258,76,4,0,338,0,0,0,0,0,258,76,4,0,338,0,0,0,338
12/25/2016,STL,MO,ACE,CE,Towers with Radar,270,63,2,0,335,0,0,0,0,0,270,63,2,0,335,0,0,0,335
12/26/2016,STL,MO,ACE,CE,Towers with Radar,360,138,11,0,509,0,8,2,0,10,360,146,13,0,519,0,0,0,519
12/27/2016,STL,MO,ACE,CE,Towers with Radar,380,134,13,0,527,0,13,4,0,17,380,147,17,0,544,0,0,0,544
12/28/2016,STL,MO,ACE,CE,Towers with Radar,382,143,11,37,573,0,8,0,48,56,382,151,11,85,629,0,0,0,629
12/29/2016,STL,MO,ACE,CE,Towers with Radar,373,133,16,6,528,0,6,3,8,17,373,139,19,14,545,0,0,0,545
12/30/2016,STL,MO,ACE,CE,Towers with Radar,386,131,14,6,537,0,11,3,1,15,386,142,17,7,552,0,0,0,552
12/31/2016,STL,MO,ACE,CE,Towers with Radar,270,70,3,0,343,0,7,3,0,10,270,77,6,0,353,0,0,0,353
01/01/2017,STL,MO,ACE,CE,Towers with Radar,306,112,5,0,423,0,9,1,0,10,306,121,6,0,433,0,0,0,433
01/02/2017,STL,MO,ACE,CE,Towers with Radar,348,118,15,0,481,0,0,0,0,0,348,118,15,0,481,0,0,0,481
01/03/2017,STL,MO,ACE,CE,Towers with Radar,363,137,6,0,506,0,0,0,0,0,363,137,6,0,506,0,0,0,506
01/04/2017,STL,MO,ACE,CE,Towers with Radar,372,128,15,0,515,0,20,2,0,22,372,148,17,0,537,0,0,0,537
01/05/2017,STL,MO,ACE,CE,Towers with Radar,357,124,21,0,502,0,0,1,0,1,357,124,22,0,503,0,0,0,503
01/06/2017,STL,MO,ACE,CE,Towers with Radar,362,130,24,6,522,0,8,1,2,11,362,138,25,8,533,0,0,0,533
01/07/2017,STL,MO,ACE,CE,Towers with Radar,256,67,8,0,331,0,12,5,0,17,256,79,13,0,348,0,0,0,348
01/08/2017,STL,MO,ACE,CE,Towers with Radar,309,110,6,0,425,0,12,1,0,13,309,122,7,0,438,0,0,0,438
01/09/2017,STL,MO,ACE,CE,Towers with Radar,364,141,18,7,530,0,21,7,1,29,364,162,25,8,559,0,0,0,559
01/10/2017,STL,MO,ACE,CE,Towers with Radar,359,126,18,2,505,0,2,0,0,2,359,128,18,2,507,0,0,0,507
01/11/2017,STL,MO,ACE,CE,Towers with Radar,381,136,21,6,544,0,1,1,2,4,381,137,22,8,548,0,0,0,548
01/12/2017,STL,MO,ACE,CE,Towers with Radar,369,151,19,3,542,0,1,0,0,1,369,152,19,3,543,0,0,0,543
01/13/2017,STL,MO,ACE,CE,Towers with Radar,290,66,5,1,362,0,0,0,0,0,290,66,5,1,362,0,0,0,362
01/14/2017,STL,MO,ACE,CE,Towers with Radar,238,53,2,0,293,0,0,0,0,0,238,53,2,0,293,0,0,0,293
01/15/2017,STL,MO,ACE,CE,Towers with Radar,403,117,2,0,522,0,0,0,0,0,403,117,2,0,522,0,0,0,522
01/16/2017,STL,MO,ACE,CE,Towers with Radar,534,177,19,0,730,0,0,0,0,0,534,177,19,0,730,0,0,0,730
01/17/2017,STL,MO,ACE,CE,Towers with Radar,369,160,27,2,558,0,0,0,0,0,369,160,27,2,558,0,0,0,558
01/18/2017,STL,MO,ACE,CE,Towers with Radar,359,161,18,7,545,0,6,4,10,20,359,167,22,17,565,0,0,0,565
01/19/2017,STL,MO,ACE,CE,Towers with Radar,360,148,18,3,529,0,0,0,0,0,360,148,18,3,529,0,0,0,529
01/20/2017,STL,MO,ACE,CE,Towers with Radar,370,150,28,8,556,0,0,5,0,5,370,150,33,8,561,0,0,0,561
01/21/2017,STL,MO,ACE,CE,Towers with Radar,269,100,7,6,382,0,12,13,5,30,269,112,20,11,412,0,0,0,412
01/22/2017,STL,MO,ACE,CE,Towers with Radar,296,141,7,0,444,0,0,0,2,2,296,141,7,2,446,0,0,0,446
01/23/2017,STL,MO,ACE,CE,Towers with Radar,359,141,28,3,531,0,0,0,1,1,359,141,28,4,532,0,0,0,532
01/24/2017,STL,MO,ACE,CE,Towers with Radar,354,172,18,3,547,0,1,0,4,5,354,173,18,7,552,0,0,0,552
01/25/2017,STL,MO,ACE,CE,Towers with Radar,363,171,27,13,574,0,1,4,4,9,363,172,31,17,583,0,0,0,583
01/26/2017,STL,MO,ACE,CE,Towers with Radar,358,158,13,6,535,0,4,2,1,7,358,162,15,7,542,0,0,0,542
01/27/2017,STL,MO,ACE,CE,Towers with Radar,360,154,17,4,535,0,2,2,1,5,360,156,19,5,540,0,0,0,540
01/28/2017,STL,MO,ACE,CE,Towers with Radar,275,93,6,0,374,0,0,0,2,2,275,93,6,2,376,0,0,0,376
01/29/2017,STL,MO,ACE,CE,Towers with Radar,306,123,6,0,435,0,2,2,0,4,306,125,8,0,439,0,0,0,439
01/30/2017,STL,MO,ACE,CE,Towers with Radar,355,149,18,8,530,0,21,9,5,35,355,170,27,13,565,0,0,0,565
01/31/2017,STL,MO,ACE,CE,Towers with Radar,360,145,20,26,551,0,12,2,1,15,360,157,22,27,566,0,0,0,566
02/01/2017,STL,MO,ACE,CE,Towers with Radar,362,138,12,6,518,0,7,0,0,7,362,145,12,6,525,0,7,7,532
02/02/2017,STL,MO,ACE,CE,Towers with Radar,364,145,21,7,537,0,11,2,3,16,364,156,23,10,553,0,0,0,553
02/03/2017,STL,MO,ACE,CE,Towers with Radar,364,128,10,28,530,0,17,1,4,22,364,145,11,32,552,0,0,0,552
02/04/2017,STL,MO,ACE,CE,Towers with Radar,268,76,10,8,362,0,6,5,0,11,268,82,15,8,373,0,0,0,373
02/05/2017,STL,MO,ACE,CE,Towers with Radar,271,111,10,2,394,0,14,5,0,19,271,125,15,2,413,0,0,0,413
02/06/2017,STL,MO,ACE,CE,Towers with Radar,358,158,18,17,551,0,0,0,2,2,358,158,18,19,553,0,0,0,553
02/07/2017,STL,MO,ACE,CE,Towers with Radar,359,144,17,2,522,0,11,0,1,12,359,155,17,3,534,0,0,0,534
02/08/2017,STL,MO,ACE,CE,Towers with Radar,366,156,19,2,543,0,5,1,0,6,366,161,20,2,549,0,0,0,549
02/09/2017,STL,MO,ACE,CE,Towers with Radar,338,126,25,7,496,0,22,6,4,32,338,148,31,11,528,0,0,0,528
02/10/2017,STL,MO,ACE,CE,Towers with Radar,367,155,27,13,562,0,21,4,1,26,367,176,31,14,588,0,0,0,588
02/11/2017,STL,MO,ACE,CE,Towers with Radar,288,89,6,1,384,0,6,2,0,8,288,95,8,1,392,0,0,0,392
02/12/2017,STL,MO,ACE,CE,Towers with Radar,309,113,9,1,432,0,13,2,0,15,309,126,11,1,447,0,0,0,447
02/13/2017,STL,MO,ACE,CE,Towers with Radar,344,155,7,12,518,0,7,5,0,12,344,162,12,12,530,0,0,0,530
02/14/2017,STL,MO,ACE,CE,Towers with Radar,328,132,16,9,485,0,3,2,3,8,328,135,18,12,493,0,0,0,493
02/15/2017,STL,MO,ACE,CE,Towers with Radar,370,145,17,4,536,0,11,5,0,16,370,156,22,4,552,0,0,0,552
02/16/2017,STL,MO,ACE,CE,Towers with Radar,367,131,25,2,525,0,18,3,0,21,367,149,28,2,546,0,0,0,546
02/17/2017,STL,MO,ACE,CE,Towers with Radar,370,137,29,15,551,0,22,6,2,30,370,159,35,17,581,0,0,0,581
02/18/2017,STL,MO,ACE,CE,Towers with Radar,275,98,4,0,377,0,8,6,0,14,275,106,10,0,391,0,0,0,391
02/19/2017,STL,MO,ACE,CE,Towers with Radar,294,113,6,0,413,0,10,0,0,10,294,123,6,0,423,0,0,0,423
02/20/2017,STL,MO,ACE,CE,Towers with Radar,367,138,10,2,517,0,6,0,0,6,367,144,10,2,523,0,0,0,523
02/21/2017,STL,MO,ACE,CE,Towers with Radar,364,138,22,4,528,0,3,4,0,7,364,141,26,4,535,0,0,0,535
02/22/2017,STL,MO,ACE,CE,Towers with Radar,366,142,24,8,540,0,3,1,0,4,366,145,25,8,544,0,0,0,544
02/23/2017,STL,MO,ACE,CE,Towers with Radar,367,142,14,0,523,0,7,2,4,13,367,149,16,4,536,0,0,0,536
02/24/2017,STL,MO,ACE,CE,Towers with Radar,379,148,16,7,550,0,5,3,1,9,379,153,19,8,559,0,0,0,559
02/25/2017,STL,MO,ACE,CE,Towers with Radar,271,92,1,1,365,0,11,4,0,15,271,103,5,1,380,0,0,0,380
02/26/2017,STL,MO,ACE,CE,Towers with Radar,314,126,13,5,458,0,0,5,0,5,314,126,18,5,463,0,0,0,463
02/27/2017,STL,MO,ACE,CE,Towers with Radar,363,144,25,10,542,0,12,2,1,15,363,156,27,11,557,0,0,0,557
02/28/2017,STL,MO,ACE,CE,Towers with Radar,385,147,24,4,560,0,0,2,0,2,385,147,26,4,562,0,0,0,562
03/01/2017,STL,MO,ACE,CE,Towers with Radar,363,166,20,5,554,0,0,8,0,8,363,166,28,5,562,0,0,0,562
03/02/2017,STL,MO,ACE,CE,Towers with Radar,369,162,16,5,552,0,7,5,0,12,369,169,21,5,564,0,0,0,564
03/03/2017,STL,MO,ACE,CE,Towers with Radar,369,148,12,2,531,0,9,3,1,13,369,157,15,3,544,0,0,0,544
03/04/2017,STL,MO,ACE,CE,Towers with Radar,273,97,11,0,381,0,6,3,0,9,273,103,14,0,390,0,0,0,390
03/05/2017,STL,MO,ACE,CE,Towers with Radar,314,136,16,0,466,0,0,0,0,0,314,136,16,0,466,0,0,0,466
03/06/2017,STL,MO,ACE,CE,Towers with Radar,360,153,22,3,538,0,0,1,0,1,360,153,23,3,539,0,0,0,539
03/07/2017,STL,MO,ACE,CE,Towers with Radar,362,163,19,8,552,0,6,1,8,15,362,169,20,16,567,0,0,0,567
03/08/2017,STL,MO,ACE,CE,Towers with Radar,369,161,11,6,547,0,8,0,2,10,369,169,11,8,557,0,0,0,557
03/09/2017,STL,MO,ACE,CE,Towers with Radar,378,148,28,7,561,0,9,2,5,16,378,157,30,12,577,0,0,0,577
03/10/2017,STL,MO,ACE,CE,Towers with Radar,392,159,20,21,592,0,10,0,1,11,392,169,20,22,603,0,0,0,603
03/11/2017,STL,MO,ACE,CE,Towers with Radar,303,104,8,0,415,0,3,0,0,3,303,107,8,0,418,0,0,0,418
03/12/2017,STL,MO,ACE,CE,Towers with Radar,345,128,7,0,480,0,11,5,1,17,345,139,12,1,497,0,0,0,497
03/13/2017,STL,MO,ACE,CE,Towers with Radar,371,144,18,0,533,0,0,0,0,0,371,144,18,0,533,0,0,0,533
03/14/2017,STL,MO,ACE,CE,Towers with Radar,326,125,26,7,484,0,1,4,2,7,326,126,30,9,491,0,0,0,491
03/15/2017,STL,MO,ACE,CE,Towers with Radar,367,155,21,13,556,0,5,7,6,18,367,160,28,19,574,0,0,0,574
03/16/2017,STL,MO,ACE,CE,Towers with Radar,389,172,27,5,593,0,11,6,3,20,389,183,33,8,613,0,0,0,613
03/17/2017,STL,MO,ACE,CE,Towers with Radar,387,155,15,12,569,0,5,3,1,9,387,160,18,13,578,0,0,0,578
03/18/2017,STL,MO,ACE,CE,Towers with Radar,306,109,13,1,429,0,13,2,0,15,306,122,15,1,444,0,0,0,444
03/19/2017,STL,MO,ACE,CE,Towers with Radar,355,151,11,5,522,0,2,3,1,6,355,153,14,6,528,0,0,0,528
03/20/2017,STL,MO,ACE,CE,Towers with Radar,389,136,22,7,554,0,4,1,2,7,389,140,23,9,561,0,0,0,561
03/21/2017,STL,MO,ACE,CE,Towers with Radar,375,157,35,21,588,0,2,0,3,5,375,159,35,24,593,0,0,0,593
03/22/2017,STL,MO,ACE,CE,Towers with Radar,383,152,20,6,561,0,7,5,7,19,383,159,25,13,580,0,0,0,580
03/23/2017,STL,MO,ACE,CE,Towers with Radar,387,160,13,0,560,0,7,1,4,12,387,167,14,4,572,0,0,0,572
03/24/2017,STL,MO,ACE,CE,Towers with Radar,387,150,18,0,555,0,13,4,2,19,387,163,22,2,574,0,0,0,574
03/25/2017,STL,MO,ACE,CE,Towers with Radar,309,112,7,0,428,0,0,0,0,0,309,112,7,0,428,0,0,0,428
03/26/2017,STL,MO,ACE,CE,Towers with Radar,350,138,11,0,499,0,3,5,0,8,350,141,16,0,507,0,0,0,507
03/27/2017,STL,MO,ACE,CE,Towers with Radar,390,149,21,16,576,0,0,3,0,3,390,149,24,16,579,0,0,0,579
03/28/2017,STL,MO,ACE,CE,Towers with Radar,376,142,26,0,544,0,0,0,0,0,376,142,26,0,544,0,0,0,544
03/29/2017,STL,MO,ACE,CE,Towers with Radar,377,150,24,1,552,0,0,4,0,4,377,150,28,1,556,0,0,0,556
03/30/2017,STL,MO,ACE,CE,Towers with Radar,394,141,23,26,584,0,0,2,4,6,394,141,25,30,590,0,0,0,590
03/31/2017,STL,MO,ACE,CE,Towers with Radar,388,162,23,24,597,0,2,2,0,4,388,164,25,24,601,0,0,0,601
04/01/2017,STL,MO,ACE,CE,Towers with Radar,305,106,19,0,430,0,11,5,0,16,305,117,24,0,446,0,0,0,446
04/02/2017,STL,MO,ACE,CE,Towers with Radar,347,132,7,0,486,0,2,0,2,4,347,134,7,2,490,0,0,0,490
04/03/2017,STL,MO,ACE,CE,Towers with Radar,389,151,24,0,564,0,0,0,0,0,389,151,24,0,564,0,0,0,564
04/04/2017,STL,MO,ACE,CE,Towers with Radar,391,155,15,18,579,0,1,1,1,3,391,156,16,19,582,0,0,0,582
04/05/2017,STL,MO,ACE,CE,Towers with Radar,366,155,23,0,544,0,0,0,0,0,366,155,23,0,544,0,0,0,544
04/06/2017,STL,MO,ACE,CE,Towers with Radar,359,160,20,6,545,0,11,2,3,16,359,171,22,9,561,0,0,0,561
04/07/2017,STL,MO,ACE,CE,Towers with Radar,380,159,22,9,570,0,14,6,1,21,380,173,28,10,591,0,0,0,591
04/08/2017,STL,MO,ACE,CE,Towers with Radar,307,99,3,0,409,0,10,1,0,11,307,109,4,0,420,0,0,0,420
04/09/2017,STL,MO,ACE,CE,Towers with Radar,356,125,9,0,490,0,4,1,0,5,356,129,10,0,495,0,0,0,495
04/10/2017,STL,MO,ACE,CE,Towers with Radar,396,141,18,0,555,0,0,6,0,6,396,141,24,0,561,0,0,0,561
04/11/2017,STL,MO,ACE,CE,Towers with Radar,396,149,23,12,580,0,7,4,2,13,396,156,27,14,593,0,0,0,593
04/12/2017,STL,MO,ACE,CE,Towers with Radar,392,143,27,8,570,0,13,11,3,27,392,156,38,11,597,0,0,0,597
04/13/2017,STL,MO,ACE,CE,Towers with Radar,395,151,22,5,573,0,14,4,2,20,395,165,26,7,593,0,0,0,593
04/14/2017,STL,MO,ACE,CE,Towers with Radar,399,159,14,4,576,0,7,0,0,7,399,166,14,4,583,0,0,0,583
04/15/2017,STL,MO,ACE,CE,Towers with Radar,302,104,10,0,416,0,7,0,0,7,302,111,10,0,423,0,0,0,423
04/16/2017,STL,MO,ACE,CE,Towers with Radar,343,133,6,0,482,0,5,5,0,10,343,138,11,0,492,0,0,0,492
04/17/2017,STL,MO,ACE,CE,Towers with Radar,387,165,19,4,575,0,1,1,3,5,387,166,20,7,580,0,0,0,580
04/18/2017,STL,MO,ACE,CE,Towers with Radar,393,148,23,10,574,0,11,3,8,22,393,159,26,18,596,0,8,8,604
04/19/2017,STL,MO,ACE,CE,Towers with Radar,395,153,17,5,570,0,5,3,5,13,395,158,20,10,583,0,0,0,583
04/20/2017,STL,MO,ACE,CE,Towers with Radar,392,163,37,5,597,0,8,13,2,23,392,171,50,7,620,0,0,0,620
04/21/2017,STL,MO,ACE,CE,Towers with Radar,392,160,14,2,568,0,8,4,5,17,392,168,18,7,585,0,0,0,585
04/22/2017,STL,MO,ACE,CE,Towers with Radar,305,103,10,1,419,0,3,5,0,8,305,106,15,1,427,0,0,0,427
04/23/2017,STL,MO,ACE,CE,Towers with Radar,351,130,18,2,501,0,11,2,0,13,351,141,20,2,514,0,0,0,514
04/24/2017,STL,MO,ACE,CE,Towers with Radar,392,156,22,0,570,0,14,9,2,25,392,170,31,2,595,0,0,0,595
04/25/2017,STL,MO,ACE,CE,Towers with Radar,388,150,22,2,562,0,7,4,3,14,388,157,26,5,576,0,0,0,576
04/26/2017,STL,MO,ACE,CE,Towers with Radar,386,143,23,1,553,0,1,1,1,3,386,144,24,2,556,0,0,0,556
04/27/2017,STL,MO,ACE,CE,Towers with Radar,391,142,26,16,575,0,13,4,2,19,391,155,30,18,594,0,0,0,594
04/28/2017,STL,MO,ACE,CE,Towers with Radar,383,165,19,0,567,0,2,1,0,3,383,167,20,0,570,0,0,0,570
04/29/2017,STL,MO,ACE,CE,Towers with Radar,255,71,15,0,341,0,2,0,0,2,255,73,15,0,343,0,0,0,343
04/30/2017,STL,MO,ACE,CE,Towers with Radar,341,126,11,2,480,0,2,2,0,4,341,128,13,2,484,0,0,0,484
05/01/2017,STL,MO,ACE,CE,Towers with Radar,382,144,7,2,535,0,0,0,0,0,382,144,7,2,535,0,0,0,535
05/02/2017,STL,MO,ACE,CE,Towers with Radar,387,145,21,4,557,0,9,3,2,14,387,154,24,6,571,0,0,0,571
05/03/2017,STL,MO,ACE,CE,Towers with Radar,381,151,17,0,549,0,0,2,0,2,381,151,19,0,551,0,0,0,551
05/04/2017,STL,MO,ACE,CE,Towers with Radar,385,158,15,2,560,0,1,0,2,3,385,159,15,4,563,0,0,0,563
05/05/2017,STL,MO,ACE,CE,Towers with Radar,384,143,18,9,554,0,9,4,1,14,384,152,22,10,568,0,0,0,568
05/06/2017,STL,MO,ACE,CE,Towers with Radar,296,100,7,3,406,0,7,6,0,13,296,107,13,3,419,0,0,0,419
05/07/2017,STL,MO,ACE,CE,Towers with Radar,358,113,16,0,487,0,13,4,0,17,358,126,20,0,504,0,0,0,504
05/08/2017,STL,MO,ACE,CE,Towers with Radar,384,142,14,0,540,0,8,3,5,16,384,150,17,5,556,0,0,0,556
05/09/2017,STL,MO,ACE,CE,Towers with Radar,392,149,24,9,574,0,11,0,5,16,392,160,24,14,590,0,0,0,590
05/10/2017,STL,MO,ACE,CE,Towers with Radar,387,165,17,9,578,0,5,1,6,12,387,170,18,15,590,0,0,0,590
05/11/2017,STL,MO,ACE,CE,Towers with Radar,394,171,27,0,592,0,2,2,0,4,394,173,29,0,596,0,0,0,596
05/12/2017,STL,MO,ACE,CE,Towers with Radar,396,157,21,3,577,0,6,5,2,13,396,163,26,5,590,0,0,0,590
05/13/2017,STL,MO,ACE,CE,Towers with Radar,291,90,4,1,386,0,19,2,0,21,291,109,6,1,407,0,0,0,407
05/14/2017,STL,MO,ACE,CE,Towers with Radar,339,116,11,4,470,0,20,2,1,23,339,136,13,5,493,0,0,0,493
05/15/2017,STL,MO,ACE,CE,Towers with Radar,392,132,39,4,567,0,14,6,4,24,392,146,45,8,591,0,0,0,591
05/16/2017,STL,MO,ACE,CE,Towers with Radar,390,134,20,5,549,0,13,0,0,13,390,147,20,5,562,0,0,0,562
05/17/2017,STL,MO,ACE,CE,Towers with Radar,388,149,29,2,568,0,12,2,0,14,388,161,31,2,582,0,0,0,582
05/18/2017,STL,MO,ACE,CE,Towers with Radar,410,159,27,15,611,0,7,0,8,15,410,166,27,23,626,0,0,0,626
05/19/2017,STL,MO,ACE,CE,Towers with Radar,397,157,15,7,576,0,1,0,0,1,397,158,15,7,577,0,0,0,577
05/20/2017,STL,MO,ACE,CE,Towers with Radar,309,106,16,0,431,0,1,2,0,3,309,107,18,0,434,0,0,0,434
05/21/2017,STL,MO,ACE,CE,Towers with Radar,354,112,10,0,476,0,5,1,0,6,354,117,11,0,482,0,0,0,482
05/22/2017,STL,MO,ACE,CE,Towers with Radar,379,146,22,12,559,0,6,4,5,15,379,152,26,17,574,0,0,0,574
05/23/2017,STL,MO,ACE,CE,Towers with Radar,393,149,20,20,582,0,1,6,0,7,393,150,26,20,589,0,0,0,589
05/24/2017,STL,MO,ACE,CE,Towers with Radar,383,148,17,0,548,0,1,10,0,11,383,149,27,0,559,0,0,0,559
05/25/2017,STL,MO,ACE,CE,Towers with Radar,393,158,28,4,583,0,1,3,1,5,393,159,31,5,588,0,0,0,588
05/26/2017,STL,MO,ACE,CE,Towers with Radar,397,151,20,4,572,0,0,6,2,8,397,151,26,6,580,0,0,0,580
05/27/2017,STL,MO,ACE,CE,Towers with Radar,299,84,6,0,389,0,0,0,0,0,299,84,6,0,389,0,0,0,389
05/28/2017,STL,MO,ACE,CE,Towers with Radar,305,111,3,0,419,0,0,6,0,6,305,111,9,0,425,0,0,0,425
05/29/2017,STL,MO,ACE,CE,Towers with Radar,357,138,5,0,500,0,3,0,0,3,357,141,5,0,503,0,0,0,503
05/30/2017,STL,MO,ACE,CE,Towers with Radar,387,130,10,0,527,0,14,6,0,20,387,144,16,0,547,0,0,0,547
05/31/2017,STL,MO,ACE,CE,Towers with Radar,394,142,16,11,563,0,8,7,9,24,394,150,23,20,587,0,0,0,587
06/01/2017,STL,MO,ACE,CE,Towers with Radar,401,147,12,0,560,0,10,3,0,13,401,157,15,0,573,0,0,0,573
06/02/2017,STL,MO,ACE,CE,Towers with Radar,379,142,22,15,558,0,2,7,2,11,379,144,29,17,569,0,0,0,569
06/03/2017,STL,MO,ACE,CE,Towers with Radar,302,89,10,9,410,0,1,0,0,1,302,90,10,9,411,0,0,0,411
06/04/2017,STL,MO,ACE,CE,Towers with Radar,377,142,5,16,540,0,0,0,0,0,377,142,5,16,540,0,0,0,540
06/05/2017,STL,MO,ACE,CE,Towers with Radar,397,165,16,8,586,0,3,3,1,7,397,168,19,9,593,0,0,0,593
06/06/2017,STL,MO,ACE,CE,Towers with Radar,408,142,17,3,570,0,11,1,0,12,408,153,18,3,582,0,0,0,582
06/07/2017,STL,MO,ACE,CE,Towers with Radar,402,155,23,8,588,0,5,0,3,8,402,160,23,11,596,0,0,0,596
06/08/2017,STL,MO,ACE,CE,Towers with Radar,420,153,23,2,598,0,7,1,0,8,420,160,24,2,606,0,0,0,606
06/09/2017,STL,MO,ACE,CE,Towers with Radar,407,160,15,3,585,0,9,10,4,23,407,169,25,7,608,0,0,0,608
06/10/2017,STL,MO,ACE,CE,Towers with Radar,328,103,4,0,435,0,23,3,0,26,328,126,7,0,461,0,0,0,461
06/11/2017,STL,MO,ACE,CE,Towers with Radar,388,133,13,0,534,0,8,2,0,10,388,141,15,0,544,0,0,0,544
06/12/2017,STL,MO,ACE,CE,Towers with Radar,405,163,17,2,587,0,7,18,2,27,405,170,35,4,614,0,0,0,614
06/13/2017,STL,MO,ACE,CE,Towers with Radar,401,141,20,2,564,0,3,0,0,3,401,144,20,2,567,0,0,0,567
06/14/2017,STL,MO,ACE,CE,Towers with Radar,414,148,25,16,603,0,1,1,3,5,414,149,26,19,608,0,0,0,608
06/15/2017,STL,MO,ACE,CE,Towers with Radar,409,158,13,7,587,0,10,8,18,36,409,168,21,25,623,0,0,0,623
06/16/2017,STL,MO,ACE,CE,Towers with Radar,414,151,18,4,587,0,8,0,4,12,414,159,18,8,599,0,0,0,599
06/17/2017,STL,MO,ACE,CE,Towers with Radar,339,103,8,1,451,0,7,4,0,11,339,110,12,1,462,0,0,0,462
06/18/2017,STL,MO,ACE,CE,Towers with Radar,384,135,10,3,532,0,0,3,2,5,384,135,13,5,537,0,0,0,537
06/19/2017,STL,MO,ACE,CE,Towers with Radar,370,146,15,17,548,0,3,3,3,9,370,149,18,20,557,0,0,0,557
06/20/2017,STL,MO,ACE,CE,Towers with Radar,410,146,17,6,579,0,16,0,3,19,410,162,17,9,598,0,0,0,598
06/21/2017,STL,MO,ACE,CE,Towers with Radar,413,170,33,8,624,0,7,7,3,17,413,177,40,11,641,0,0,0,641
06/22/2017,STL,MO,ACE,CE,Towers with Radar,407,164,21,9,601,0,0,1,3,4,407,164,22,12,605,0,0,0,605
06/23/2017,STL,MO,ACE,CE,Towers with Radar,406,167,15,6,594,0,6,1,3,10,406,173,16,9,604,0,0,0,604
06/24/2017,STL,MO,ACE,CE,Towers with Radar,322,102,1,4,429,0,4,0,2,6,322,106,1,6,435,0,0,0,435
06/25/2017,STL,MO,ACE,CE,Towers with Radar,388,137,7,3,535,0,3,8,0,11,388,140,15,3,546,0,0,0,546
06/26/2017,STL,MO,ACE,CE,Towers with Radar,407,158,8,2,575,0,5,4,2,11,407,163,12,4,586,0,0,0,586
06/27/2017,STL,MO,ACE,CE,Towers with Radar,401,157,17,3,578,0,8,4,2,14,401,165,21,5,592,0,0,0,592
06/28/2017,STL,MO,ACE,CE,Towers with Radar,414,164,25,2,605,0,4,3,5,12,414,168,28,7,617,0,0,0,617
06/29/2017,STL,MO,ACE,CE,Towers with Radar,411,157,14,11,593,0,3,1,9,13,411,160,15,20,606,0,0,0,606
06/30/2017,STL,MO,ACE,CE,Towers with Radar,406,165,16,1,588,0,3,11,2,16,406,168,27,3,604,0,0,0,604
07/01/2017,STL,MO,ACE,CE,Towers with Radar,327,101,12,0,440,0,2,2,2,6,327,103,14,2,446,0,0,0,446
07/02/2017,STL,MO,ACE,CE,Towers with Radar,351,105,8,0,464,0,4,3,0,7,351,109,11,0,471,0,0,0,471
07/03/2017,STL,MO,ACE,CE,Towers with Radar,324,113,7,0,444,0,3,2,0,5,324,116,9,0,449,0,0,0,449
07/04/2017,STL,MO,ACE,CE,Towers with Radar,328,118,8,0,454,0,4,0,0,4,328,122,8,0,458,0,0,0,458
07/05/2017,STL,MO,ACE,CE,Towers with Radar,397,133,7,2,539,0,3,0,2,5,397,136,7,4,544,0,0,0,544
07/06/2017,STL,MO,ACE,CE,Towers with Radar,404,144,22,7,577,0,5,6,4,15,404,149,28,11,592,0,0,0,592
07/07/2017,STL,MO,ACE,CE,Towers with Radar,400,149,13,14,576,0,7,1,3,11,400,156,14,17,587,0,0,0,587
07/08/2017,STL,MO,ACE,CE,Towers with Radar,328,95,6,0,429,0,2,8,0,10,328,97,14,0,439,0,0,0,439
07/09/2017,STL,MO,ACE,CE,Towers with Radar,372,129,10,0,511,0,3,2,0,5,372,132,12,0,516,0,0,0,516
07/10/2017,STL,MO,ACE,CE,Towers with Radar,398,167,31,3,599,0,3,7,8,18,398,170,38,11,617,0,0,0,617
07/11/2017,STL,MO,ACE,CE,Towers with Radar,423,154,23,1,601,0,4,2,6,12,423,158,25,7,613,0,0,0,613
07/12/2017,STL,MO,ACE,CE,Towers with Radar,428,156,30,6,620,0,13,2,5,20,428,169,32,11,640,0,0,0,640
07/13/2017,STL,MO,ACE,CE,Towers with Radar,407,147,18,0,572,0,2,4,0,6,407,149,22,0,578,0,0,0,578
07/14/2017,STL,MO,ACE,CE,Towers with Radar,404,158,18,4,584,0,2,5,3,10,404,160,23,7,594,0,0,0,594
07/15/2017,STL,MO,ACE,CE,Towers with Radar,340,109,5,2,456,0,15,4,0,19,340,124,9,2,475,0,0,0,475
07/16/2017,STL,MO,ACE,CE,Towers with Radar,380,140,6,0,526,0,8,2,0,10,380,148,8,0,536,0,0,0,536
07/17/2017,STL,MO,ACE,CE,Towers with Radar,405,167,13,2,587,0,0,3,0,3,405,167,16,2,590,0,0,0,590
07/18/2017,STL,MO,ACE,CE,Towers with Radar,407,155,11,2,575,0,4,2,5,11,407,159,13,7,586,0,0,0,586
07/19/2017,STL,MO,ACE,CE,Towers with Radar,416,163,16,7,602,0,4,0,7,11,416,167,16,14,613,0,0,0,613
07/20/2017,STL,MO,ACE,CE,Towers with Radar,409,146,15,7,577,0,9,10,1,20,409,155,25,8,597,8,0,8,605
07/21/2017,STL,MO,ACE,CE,Towers with Radar,425,155,16,4,600,0,8,2,17,27,425,163,18,21,627,0,0,0,627
07/22/2017,STL,MO,ACE,CE,Towers with Radar,331,89,12,0,432,0,9,1,0,10,331,98,13,0,442,0,0,0,442
07/23/2017,STL,MO,ACE,CE,Towers with Radar,382,119,15,0,516,0,10,2,0,12,382,129,17,0,528,0,0,0,528
07/24/2017,STL,MO,ACE,CE,Towers with Radar,407,136,22,1,566,0,6,4,1,11,407,142,26,2,577,0,0,0,577
07/25/2017,STL,MO,ACE,CE,Towers with Radar,410,165,22,1,598,0,3,6,15,24,410,168,28,16,622,0,0,0,622
07/26/2017,STL,MO,ACE,CE,Towers with Radar,419,159,17,0,595,0,6,4,0,10,419,165,21,0,605,0,0,0,605
07/27/2017,STL,MO,ACE,CE,Towers with Radar,404,162,26,7,599,0,0,2,2,4,404,162,28,9,603,0,0,0,603
07/28/2017,STL,MO,ACE,CE,Towers with Radar,412,158,24,14,608,0,1,10,6,17,412,159,34,20,625,0,0,0,625
07/29/2017,STL,MO,ACE,CE,Towers with Radar,329,105,7,8,449,0,3,0,2,5,329,108,7,10,454,0,0,0,454
07/30/2017,STL,MO,ACE,CE,Towers with Radar,381,128,9,8,526,0,3,4,0,7,381,131,13,8,533,0,0,0,533
07/31/2017,STL,MO,ACE,CE,Towers with Radar,411,141,16,0,568,0,11,16,0,27,411,152,32,0,595,0,0,0,595
08/01/2017,STL,MO,ACE,CE,Towers with Radar,407,145,25,4,581,0,4,4,0,8,407,149,29,4,589,0,0,0,589
08/02/2017,STL,MO,ACE,CE,Towers with Radar,385,159,26,13,583,0,4,8,5,17,385,163,34,18,600,0,0,0,600
08/03/2017,STL,MO,ACE,CE,Towers with Radar,398,158,15,4,575,0,7,4,2,13,398,165,19,6,588,0,0,0,588
08/04/2017,STL,MO,ACE,CE,Towers with Radar,407,165,13,3,588,0,6,3,2,11,407,171,16,5,599,0,0,0,599
08/05/2017,STL,MO,ACE,CE,Towers with Radar,327,98,9,1,435,0,5,1,0,6,327,103,10,1,441,0,0,0,441
08/06/2017,STL,MO,ACE,CE,Towers with Radar,378,139,3,4,524,0,0,2,0,2,378,139,5,4,526,0,0,0,526
08/07/2017,STL,MO,ACE,CE,Towers with Radar,397,169,12,2,580,0,1,0,1,2,397,170,12,3,582,0,0,0,582
08/08/2017,STL,MO,ACE,CE,Towers with Radar,412,155,16,25,608,0,7,10,1,18,412,162,26,26,626,0,0,0,626
08/09/2017,STL,MO,ACE,CE,Towers with Radar,404,164,16,1,585,0,5,3,0,8,404,169,19,1,593,0,0,0,593
08/10/2017,STL,MO,ACE,CE,Towers with Radar,402,167,17,6,592,0,9,4,0,13,402,176,21,6,605,0,0,0,605
08/11/2017,STL,MO,ACE,CE,Towers with Radar,405,174,19,0,598,0,0,0,2,2,405,174,19,2,600,0,0,0,600
08/12/2017,STL,MO,ACE,CE,Towers with Radar,313,102,8,0,423,0,7,10,4,21,313,109,18,4,444,0,0,0,444
08/13/2017,STL,MO,ACE,CE,Towers with Radar,376,149,5,2,532,0,4,0,4,8,376,153,5,6,540,0,0,0,540
08/14/2017,STL,MO,ACE,CE,Towers with Radar,408,151,15,7,581,0,1,1,1,3,408,152,16,8,584,0,0,0,584
08/15/2017,STL,MO,ACE,CE,Towers with Radar,390,165,14,3,572,0,0,1,4,5,390,165,15,7,577,0,0,0,577
08/16/2017,STL,MO,ACE,CE,Towers with Radar,390,147,12,18,567,0,1,0,0,1,390,148,12,18,568,0,0,0,568
08/17/2017,STL,MO,ACE,CE,Towers with Radar,397,155,26,7,585,0,7,3,5,15,397,162,29,12,600,0,0,0,600
08/18/2017,STL,MO,ACE,CE,Towers with Radar,377,144,11,2,534,0,10,10,0,20,377,154,21,2,554,0,0,0,554
08/19/2017,STL,MO,ACE,CE,Towers with Radar,302,98,8,1,409,0,8,2,0,10,302,106,10,1,419,0,0,0,419
08/20/2017,STL,MO,ACE,CE,Towers with Radar,355,132,11,0,498,0,12,5,0,17,355,144,16,0,515,0,0,0,515
08/21/2017,STL,MO,ACE,CE,Towers with Radar,393,157,14,0,564,0,16,3,0,19,393,173,17,0,583,0,0,0,583
08/22/2017,STL,MO,ACE,CE,Towers with Radar,386,179,20,2,587,0,4,2,0,6,386,183,22,2,593,0,0,0,593
08/23/2017,STL,MO,ACE,CE,Towers with Radar,395,148,31,3,577,0,22,3,0,25,395,170,34,3,602,0,0,0,602
08/24/2017,STL,MO,ACE,CE,Towers with Radar,394,140,24,3,561,0,24,5,6,35,394,164,29,9,596,0,0,0,596
08/25/2017,STL,MO,ACE,CE,Towers with Radar,391,162,17,2,572,0,18,0,3,21,391,180,17,5,593,0,0,0,593
08/26/2017,STL,MO,ACE,CE,Towers with Radar,276,97,10,0,383,0,15,0,5,20,276,112,10,5,403,0,0,0,403
08/27/2017,STL,MO,ACE,CE,Towers with Radar,332,123,14,0,469,0,10,4,0,14,332,133,18,0,483,0,0,0,483
08/28/2017,STL,MO,ACE,CE,Towers with Radar,375,146,14,5,540,0,4,3,0,7,375,150,17,5,547,0,0,0,547
08/29/2017,STL,MO,ACE,CE,Towers with Radar,383,161,19,9,572,0,1,3,2,6,383,162,22,11,578,0,0,0,578
08/30/2017,STL,MO,ACE,CE,Towers with Radar,382,149,28,6,565,0,6,7,1,14,382,155,35,7,579,0,0,0,579
08/31/2017,STL,MO,ACE,CE,Towers with Radar,384,153,19,5,561,0,8,3,3,14,384,161,22,8,575,0,0,0,575
09/01/2017,STL,MO,ACE,CE,Towers with Radar,378,154,17,1,550,0,4,7,2,13,378,158,24,3,563,0,0,0,563
09/02/2017,STL,MO,ACE,CE,Towers with Radar,263,94,3,3,363,0,2,0,10,12,263,96,3,13,375,0,0,0,375
09/03/2017,STL,MO,ACE,CE,Towers with Radar,254,104,6,1,365,0,4,2,5,11,254,108,8,6,376,0,0,0,376
09/04/2017,STL,MO,ACE,CE,Towers with Radar,364,136,5,1,506,0,3,0,0,3,364,139,5,1,509,0,0,0,509
09/05/2017,STL,MO,ACE,CE,Towers with Radar,368,161,19,3,551,0,5,9,5,19,368,166,28,8,570,0,0,0,570
09/06/2017,STL,MO,ACE,CE,Towers with Radar,369,163,30,10,572,0,6,4,4,14,369,169,34,14,586,0,0,0,586
09/07/2017,STL,MO,ACE,CE,Towers with Radar,387,159,26,12,584,0,7,15,3,25,387,166,41,15,609,0,0,0,609
09/08/2017,STL,MO,ACE,CE,Towers with Radar,378,160,33,12,583,0,2,3,7,12,378,162,36,19,595,0,0,0,595
09/09/2017,STL,MO,ACE,CE,Towers with Radar,266,103,9,4,382,0,3,0,2,5,266,106,9,6,387,0,0,0,387
09/10/2017,STL,MO,ACE,CE,Towers with Radar,328,122,6,0,456,0,7,2,0,9,328,129,8,0,465,0,0,0,465
09/11/2017,STL,MO,ACE,CE,Towers with Radar,365,152,19,5,541,0,10,5,1,16,365,162,24,6,557,0,0,0,557
09/12/2017,STL,MO,ACE,CE,Towers with Radar,377,160,11,11,559,0,4,8,1,13,377,164,19,12,572,0,0,0,572
09/13/2017,STL,MO,ACE,CE,Towers with Radar,384,165,32,6,587,0,1,3,0,4,384,166,35,6,591,0,0,0,591
09/14/2017,STL,MO,ACE,CE,Towers with Radar,393,165,31,3,592,0,9,2,2,13,393,174,33,5,605,0,0,0,605
09/15/2017,STL,MO,ACE,CE,Towers with Radar,401,162,24,7,594,0,8,3,5,16,401,170,27,12,610,0,0,0,610
09/16/2017,STL,MO,ACE,CE,Towers with Radar,286,111,11,0,408,0,6,0,0,6,286,117,11,0,414,0,0,0,414
09/17/2017,STL,MO,ACE,CE,Towers with Radar,358,141,6,2,507,0,4,2,0,6,358,145,8,2,513,0,0,0,513
09/18/2017,STL,MO,ACE,CE,Towers with Radar,392,153,21,4,570,0,1,5,0,6,392,154,26,4,576,0,0,0,576
09/19/2017,STL,MO,ACE,CE,Towers with Radar,402,163,15,4,584,0,0,4,0,4,402,163,19,4,588,0,0,0,588
09/20/2017,STL,MO,ACE,CE,Towers with Radar,403,166,26,3,598,0,7,0,3,10,403,173,26,6,608,0,0,0,608
09/21/2017,STL,MO,ACE,CE,Towers with Radar,398,159,29,4,590,0,13,5,3,21,398,172,34,7,611,0,0,0,611
09/22/2017,STL,MO,ACE,CE,Towers with Radar,399,154,23,2,578,0,3,0,6,9,399,157,23,8,587,0,0,0,587
09/23/2017,STL,MO,ACE,CE,Towers with Radar,289,96,10,3,398,0,5,15,0,20,289,101,25,3,418,0,0,0,418
09/24/2017,STL,MO,ACE,CE,Towers with Radar,356,122,16,1,495,0,0,12,0,12,356,122,28,1,507,0,0,0,507
09/25/2017,STL,MO,ACE,CE,Towers with Radar,393,148,13,0,554,0,4,16,0,20,393,152,29,0,574,0,0,0,574
09/26/2017,STL,MO,ACE,CE,Towers with Radar,403,153,21,1,578,0,8,6,0,14,403,161,27,1,592,0,0,0,592
09/27/2017,STL,MO,ACE,CE,Towers with Radar,400,173,19,3,595,0,0,12,2,14,400,173,31,5,609,0,0,0,609
09/28/2017,STL,MO,ACE,CE,Towers with Radar,402,158,22,2,584,0,20,14,3,37,402,178,36,5,621,0,0,0,621
09/29/2017,STL,MO,ACE,CE,Towers with Radar,399,167,20,2,588,0,4,2,6,12,399,171,22,8,600,0,0,0,600
09/30/2017,STL,MO,ACE,CE,Towers with Radar,274,102,7,0,383,0,23,6,0,29,274,125,13,0,412,0,0,0,412
10/01/2017,STL,MO,ACE,CE,Towers with Radar,348,127,13,0,488,0,14,1,0,15,348,141,14,0,503,0,0,0,503
10/02/2017,STL,MO,ACE,CE,Towers with Radar,402,161,13,1,577,0,8,1,0,9,402,169,14,1,586,0,0,0,586
10/03/2017,STL,MO,ACE,CE,Towers with Radar,393,175,24,2,594,0,1,1,3,5,393,176,25,5,599,0,0,0,599
10/04/2017,STL,MO,ACE,CE,Towers with Radar,396,173,39,9,617,0,6,0,0,6,396,179,39,9,623,0,0,0,623
10/05/2017,STL,MO,ACE,CE,Towers with Radar,413,177,25,6,621,0,0,4,0,4,413,177,29,6,625,0,0,0,625
10/06/2017,STL,MO,ACE,CE,Towers with Radar,406,180,7,5,598,0,3,2,5,10,406,183,9,10,608,0,0,0,608
10/07/2017,STL,MO,ACE,CE,Towers with Radar,281,105,12,4,402,0,6,2,1,9,281,111,14,5,411,0,0,0,411
10/08/2017,STL,MO,ACE,CE,Towers with Radar,349,133,25,5,512,0,11,1,0,12,349,144,26,5,524,0,0,0,524
10/09/2017,STL,MO,ACE,CE,Towers with Radar,384,153,15,3,555,0,2,4,2,8,384,155,19,5,563,0,0,0,563
10/10/2017,STL,MO,ACE,CE,Towers with Radar,399,159,21,2,581,0,0,0,0,0,399,159,21,2,581,0,0,0,581
10/11/2017,STL,MO,ACE,CE,Towers with Radar,396,175,29,0,600,0,0,3,0,3,396,175,32,0,603,0,0,0,603
10/12/2017,STL,MO,ACE,CE,Towers with Radar,397,171,20,0,588,0,2,5,0,7,397,173,25,0,595,0,0,0,595
10/13/2017,STL,MO,ACE,CE,Towers with Radar,401,154,13,11,579,0,20,10,10,40,401,174,23,21,619,0,0,0,619
10/14/2017,STL,MO,ACE,CE,Towers with Radar,294,105,5,0,404,0,6,7,1,14,294,111,12,1,418,0,0,0,418
10/15/2017,STL,MO,ACE,CE,Towers with Radar,355,131,10,0,496,0,7,0,0,7,355,138,10,0,503,0,0,0,503
10/16/2017,STL,MO,ACE,CE,Towers with Radar,392,157,25,0,574,0,10,3,0,13,392,167,28,0,587,0,0,0,587
10/17/2017,STL,MO,ACE,CE,Towers with Radar,399,148,27,1,575,0,6,15,2,23,399,154,42,3,598,0,0,0,598
10/18/2017,STL,MO,ACE,CE,Towers with Radar,407,138,16,0,561,0,17,3,0,20,407,155,19,0,581,0,0,0,581
10/19/2017,STL,MO,ACE,CE,Towers with Radar,396,146,22,10,574,0,19,6,2,27,396,165,28,12,601,0,0,0,601
10/20/2017,STL,MO,ACE,CE,Towers with Radar,405,159,22,4,590,0,9,11,5,25,405,168,33,9,615,0,0,0,615
10/21/2017,STL,MO,ACE,CE,Towers with Radar,283,105,12,0,400,0,6,1,0,7,283,111,13,0,407,0,0,0,407
10/22/2017,STL,MO,ACE,CE,Towers with Radar,355,131,18,0,504,0,0,0,0,0,355,131,18,0,504,0,0,0,504
10/23/2017,STL,MO,ACE,CE,Towers with Radar,401,163,12,6,582,0,1,2,6,9,401,164,14,12,591,0,0,0,591
10/24/2017,STL,MO,ACE,CE,Towers with Radar,389,151,24,25,589,0,4,1,2,7,389,155,25,27,596,0,0,0,596
10/25/2017,STL,MO,ACE,CE,Towers with Radar,389,153,16,7,565,0,8,6,0,14,389,161,22,7,579,0,0,0,579
10/26/2017,STL,MO,ACE,CE,Towers with Radar,395,156,19,0,570,0,11,2,0,13,395,167,21,0,583,0,0,0,583
10/27/2017,STL,MO,ACE,CE,Towers with Radar,396,164,18,1,579,0,0,2,0,2,396,164,20,1,581,0,0,0,581
10/28/2017,STL,MO,ACE,CE,Towers with Radar,286,106,5,2,399,0,8,1,1,10,286,114,6,3,409,0,0,0,409
10/29/2017,STL,MO,ACE,CE,Towers with Radar,340,109,5,2,456,0,14,5,0,19,340,123,10,2,475,0,0,0,475
10/30/2017,STL,MO,ACE,CE,Towers with Radar,378,148,7,1,534,0,6,2,2,10,378,154,9,3,544,0,0,0,544
10/31/2017,STL,MO,ACE,CE,Towers with Radar,366,126,21,2,515,0,13,6,1,20,366,139,27,3,535,0,0,0,535
11/01/2017,STL,MO,ACE,CE,Towers with Radar,384,142,26,0,552,0,0,0,0,0,384,142,26,0,552,0,0,0,552
11/02/2017,STL,MO,ACE,CE,Towers with Radar,393,157,22,5,577,0,0,20,2,22,393,157,42,7,599,0,0,0,599
11/03/2017,STL,MO,ACE,CE,Towers with Radar,387,146,10,31,574,0,8,3,6,17,387,154,13,37,591,0,0,0,591
11/04/2017,STL,MO,ACE,CE,Towers with Radar,282,106,5,0,393,0,0,4,0,4,282,106,9,0,397,0,0,0,397
11/05/2017,STL,MO,ACE,CE,Towers with Radar,344,113,6,1,464,0,0,1,0,1,344,113,7,1,465,0,0,0,465
11/06/2017,STL,MO,ACE,CE,Towers with Radar,403,152,17,12,584,0,0,2,0,2,403,152,19,12,586,0,0,0,586
11/07/2017,STL,MO,ACE,CE,Towers with Radar,395,156,18,2,571,0,3,2,1,6,395,159,20,3,577,0,0,0,577
11/08/2017,STL,MO,ACE,CE,Towers with Radar,395,138,23,30,586,0,11,4,0,15,395,149,27,30,601,0,0,0,601
11/09/2017,STL,MO,ACE,CE,Towers with Radar,396,132,24,5,557,0,17,5,2,24,396,149,29,7,581,0,0,0,581
11/10/2017,STL,MO,ACE,CE,Towers with Radar,401,148,19,2,570,0,12,0,0,12,401,160,19,2,582,0,0,0,582
11/11/2017,STL,MO,ACE,CE,Towers with Radar,281,93,6,0,380,0,16,6,0,22,281,109,12,0,402,0,0,0,402
11/12/2017,STL,MO,ACE,CE,Towers with Radar,360,129,7,2,498,0,0,2,0,2,360,129,9,2,500,0,0,0,500
11/13/2017,STL,MO,ACE,CE,Towers with Radar,402,138,8,2,550,0,1,1,2,4,402,139,9,4,554,0,0,0,554
11/14/2017,STL,MO,ACE,CE,Towers with Radar,396,146,20,0,562,0,4,4,0,8,396,150,24,0,570,0,0,0,570
11/15/2017,STL,MO,ACE,CE,Towers with Radar,396,160,23,6,585,0,1,0,5,6,396,161,23,11,591,0,0,0,591
11/16/2017,STL,MO,ACE,CE,Towers with Radar,413,143,15,6,577,0,18,2,3,23,413,161,17,9,600,0,0,0,600
11/17/2017,STL,MO,ACE,CE,Towers with Radar,412,159,29,0,600,0,0,2,0,2,412,159,31,0,602,0,0,0,602
11/18/2017,STL,MO,ACE,CE,Towers with Radar,332,108,6,2,448,0,0,0,0,0,332,108,6,2,448,0,0,0,448
11/19/2017,STL,MO,ACE,CE,Towers with Radar,369,119,9,0,497,0,8,7,0,15,369,127,16,0,512,0,0,0,512
11/20/2017,STL,MO,ACE,CE,Towers with Radar,382,144,16,4,546,0,8,5,7,20,382,152,21,11,566,0,0,0,566
11/21/2017,STL,MO,ACE,CE,Towers with Radar,413,146,23,9,591,0,14,8,5,27,413,160,31,14,618,0,0,0,618
11/22/2017,STL,MO,ACE,CE,Towers with Radar,420,135,24,2,581,0,11,5,5,21,420,146,29,7,602,0,0,0,602
11/23/2017,STL,MO,ACE,CE,Towers with Radar,227,92,4,0,323,0,11,0,0,11,227,103,4,0,334,0,0,0,334
11/24/2017,STL,MO,ACE,CE,Towers with Radar,292,104,12,0,408,0,13,4,0,17,292,117,16,0,425,0,0,0,425
11/25/2017,STL,MO,ACE,CE,Towers with Radar,375,109,13,6,503,0,7,5,0,12,375,116,18,6,515,0,0,0,515
11/26/2017,STL,MO,ACE,CE,Towers with Radar,408,135,15,4,562,0,13,3,0,16,408,148,18,4,578,0,0,0,578
11/27/2017,STL,MO,ACE,CE,Towers with Radar,421,139,21,0,581,0,12,1,0,13,421,151,22,0,594,0,0,0,594
11/28/2017,STL,MO,ACE,CE,Towers with Radar,401,139,31,8,579,0,17,1,7,25,401,156,32,15,604,0,8,8,612
11/29/2017,STL,MO,ACE,CE,Towers with Radar,402,148,15,8,573,0,13,2,0,15,402,161,17,8,588,0,0,0,588
11/30/2017,STL,MO,ACE,CE,Towers with Radar,398,157,23,4,582,0,15,3,5,23,398,172,26,9,605,0,0,0,605
12/01/2017,STL,MO,ACE,CE,Towers with Radar,397,138,12,5,552,0,5,5,3,13,397,143,17,8,565,0,0,0,565
12/02/2017,STL,MO,ACE,CE,Towers with Radar,264,77,4,0,345,0,6,0,0,6,264,83,4,0,351,0,0,0,351
12/03/2017,STL,MO,ACE,CE,Towers with Radar,344,94,6,0,444,0,5,3,0,8,344,99,9,0,452,0,0,0,452
12/04/2017,STL,MO,ACE,CE,Towers with Radar,370,144,11,0,525,0,0,0,0,0,370,144,11,0,525,0,0,0,525
12/05/2017,STL,MO,ACE,CE,Towers with Radar,401,130,18,3,552,0,8,2,0,10,401,138,20,3,562,0,0,0,562
12/06/2017,STL,MO,ACE,CE,Towers with Radar,406,120,23,4,553,0,6,5,2,13,406,126,28,6,566,0,0,0,566
12/07/2017,STL,MO,ACE,CE,Towers with Radar,401,142,33,7,583,0,16,1,2,19,401,158,34,9,602,0,0,0,602
12/08/2017,STL,MO,ACE,CE,Towers with Radar,370,140,14,4,528,0,5,12,6,23,370,145,26,10,551,0,0,0,551
12/09/2017,STL,MO,ACE,CE,Towers with Radar,254,92,8,2,356,0,1,2,0,3,254,93,10,2,359,10,0,10,369
12/10/2017,STL,MO,ACE,CE,Towers with Radar,342,109,4,2,457,0,8,6,0,14,342,117,10,2,471,0,0,0,471
12/11/2017,STL,MO,ACE,CE,Towers with Radar,389,132,19,0,540,0,2,1,0,3,389,134,20,0,543,0,0,0,543
12/12/2017,STL,MO,ACE,CE,Towers with Radar,390,136,25,0,551,0,2,2,0,4,390,138,27,0,555,0,0,0,555
12/13/2017,STL,MO,ACE,CE,Towers with Radar,399,142,28,2,571,0,8,0,0,8,399,150,28,2,579,0,0,0,579
12/14/2017,STL,MO,ACE,CE,Towers with Radar,404,147,29,12,592,0,6,1,2,9,404,153,30,14,601,8,0,8,609
12/15/2017,STL,MO,ACE,CE,Towers with Radar,383,136,23,6,548,0,3,0,6,9,383,139,23,12,557,0,0,0,557
12/16/2017,STL,MO,ACE,CE,Towers with Radar,286,89,12,6,393,0,7,3,0,10,286,96,15,6,403,0,0,0,403
12/17/2017,STL,MO,ACE,CE,Towers with Radar,334,106,4,0,444,0,4,0,0,4,334,110,4,0,448,0,0,0,448
12/18/2017,STL,MO,ACE,CE,Towers with Radar,395,141,27,6,569,0,3,5,1,9,395,144,32,7,578,8,0,8,586
12/19/2017,STL,MO,ACE,CE,Towers with Radar,403,136,22,7,568,0,1,2,0,3,403,137,24,7,571,0,0,0,571
12/20/2017,STL,MO,ACE,CE,Towers with Radar,406,140,23,14,583,0,9,2,7,18,406,149,25,21,601,0,0,0,601
12/21/2017,STL,MO,ACE,CE,Towers with Radar,394,150,25,6,575,0,2,0,1,3,394,152,25,7,578,0,0,0,578
12/22/2017,STL,MO,ACE,CE,Towers with Radar,390,139,16,2,547,0,2,0,0,2,390,141,16,2,549,0,0,0,549
12/23/2017,STL,MO,ACE,CE,Towers with Radar,357,86,2,0,445,0,3,0,0,3,357,89,2,0,448,0,0,0,448
12/24/2017,STL,MO,ACE,CE,Towers with Radar,274,88,3,0,365,0,0,0,0,0,274,88,3,0,365,0,0,0,365
12/25/2017,STL,MO,ACE,CE,Towers with Radar,282,97,6,0,385,0,8,1,0,9,282,105,7,0,394,0,0,0,394
12/26/2017,STL,MO,ACE,CE,Towers with Radar,368,143,12,0,523,0,0,0,0,0,368,143,12,0,523,0,0,0,523
12/27/2017,STL,MO,ACE,CE,Towers with Radar,382,137,11,1,531,0,14,2,0,16,382,151,13,1,547,0,0,0,547
12/28/2017,STL,MO,ACE,CE,Towers with Radar,370,140,6,0,516,0,5,1,0,6,370,145,7,0,522,0,0,0,522
12/29/2017,STL,MO,ACE,CE,Towers with Radar,384,125,6,0,515,0,1,4,0,5,384,126,10,0,520,0,0,0,520
12/30/2017,STL,MO,ACE,CE,Towers with Radar,347,104,9,2,462,0,1,0,0,1,347,105,9,2,463,0,0,0,463
12/31/2017,STL,MO,ACE,CE,Towers with Radar,286,96,0,0,382,0,4,2,0,6,286,100,2,0,388,0,0,0,388
01/01/2018,STL,MO,ACE,CE,Towers with Radar,311,114,7,0,432,0,10,1,0,11,311,124,8,0,443,0,0,0,443
01/02/2018,STL,MO,ACE,CE,Towers with Radar,359,137,11,3,510,0,12,4,0,16,359,149,15,3,526,8,0,8,534
01/03/2018,STL,MO,ACE,CE,Towers with Radar,376,144,11,0,531,0,4,3,0,7,376,148,14,0,538,0,0,0,538
01/04/2018,STL,MO,ACE,CE,Towers with Radar,339,118,19,0,476,0,6,1,0,7,339,124,20,0,483,0,0,0,483
01/05/2018,STL,MO,ACE,CE,Towers with Radar,355,139,8,1,503,0,2,4,2,8,355,141,12,3,511,0,0,0,511
01/06/2018,STL,MO,ACE,CE,Towers with Radar,265,110,11,0,386,0,2,2,0,4,265,112,13,0,390,0,0,0,390
01/07/2018,STL,MO,ACE,CE,Towers with Radar,332,107,9,0,448,0,0,0,0,0,332,107,9,0,448,0,0,0,448
01/08/2018,STL,MO,ACE,CE,Towers with Radar,381,130,16,0,527,0,0,0,0,0,381,130,16,0,527,0,0,0,527
01/09/2018,STL,MO,ACE,CE,Towers with Radar,367,132,22,0,521,0,0,0,0,0,367,132,22,0,521,0,0,0,521
01/10/2018,STL,MO,ACE,CE,Towers with Radar,363,158,25,15,561,0,0,1,0,1,363,158,26,15,562,8,2,10,572
01/11/2018,STL,MO,ACE,CE,Towers with Radar,374,119,12,3,508,0,0,2,0,2,374,119,14,3,510,0,0,0,510
01/12/2018,STL,MO,ACE,CE,Towers with Radar,364,123,15,0,502,0,0,0,0,0,364,123,15,0,502,0,0,0,502
01/13/2018,STL,MO,ACE,CE,Towers with Radar,257,93,2,0,352,0,1,4,0,5,257,94,6,0,357,0,0,0,357
01/14/2018,STL,MO,ACE,CE,Towers with Radar,324,101,4,0,429,0,0,1,0,1,324,101,5,0,430,0,0,0,430
01/15/2018,STL,MO,ACE,CE,Towers with Radar,356,136,6,0,498,0,1,0,0,1,356,137,6,0,499,0,0,0,499
01/16/2018,STL,MO,ACE,CE,Towers with Radar,350,133,20,2,505,0,2,1,4,7,350,135,21,6,512,0,0,0,512
01/17/2018,STL,MO,ACE,CE,Towers with Radar,349,137,15,4,505,0,12,6,2,20,349,149,21,6,525,0,0,0,525
01/18/2018,STL,MO,ACE,CE,Towers with Radar,359,152,14,2,527,0,6,3,1,10,359,158,17,3,537,0,0,0,537
01/19/2018,STL,MO,ACE,CE,Towers with Radar,380,129,8,4,521,0,4,2,1,7,380,133,10,5,528,0,0,0,528
01/20/2018,STL,MO,ACE,CE,Towers with Radar,255,92,3,2,352,0,5,0,0,5,255,97,3,2,357,0,0,0,357
01/21/2018,STL,MO,ACE,CE,Towers with Radar,334,115,8,0,457,0,0,2,0,2,334,115,10,0,459,0,0,0,459
01/22/2018,STL,MO,ACE,CE,Towers with Radar,371,134,9,0,514,0,1,0,0,1,371,135,9,0,515,0,0,0,515
01/23/2018,STL,MO,ACE,CE,Towers with Radar,372,140,10,5,527,0,1,0,4,5,372,141,10,9,532,0,0,0,532
01/24/2018,STL,MO,ACE,CE,Towers with Radar,373,144,15,4,536,0,6,2,0,8,373,150,17,4,544,0,0,0,544
01/25/2018,STL,MO,ACE,CE,Towers with Radar,377,136,27,10,550,0,5,1,10,16,377,141,28,20,566,0,0,0,566
01/26/2018,STL,MO,ACE,CE,Towers with Radar,388,147,14,2,551,0,1,4,0,5,388,148,18,2,556,0,0,0,556
01/27/2018,STL,MO,ACE,CE,Towers with Radar,257,91,4,1,353,0,3,1,0,4,257,94,5,1,357,0,0,0,357
01/28/2018,STL,MO,ACE,CE,Towers with Radar,339,99,5,1,444,0,7,1,0,8,339,106,6,1,452,0,0,0,452
01/29/2018,STL,MO,ACE,CE,Towers with Radar,366,141,13,3,523,0,2,3,2,7,366,143,16,5,530,0,0,0,530
01/30/2018,STL,MO,ACE,CE,Towers with Radar,367,139,22,2,530,0,9,3,1,13,367,148,25,3,543,0,0,0,543
01/31/2018,STL,MO,ACE,CE,Towers with Radar,368,137,7,3,515,0,21,4,3,28,368,158,11,6,543,0,0,0,543
02/01/2018,STL,MO,ACE,CE,Towers with Radar,373,134,19,0,526,0,2,3,0,5,373,136,22,0,531,0,0,0,531
02/02/2018,STL,MO,ACE,CE,Towers with Radar,372,133,9,6,520,0,9,1,3,13,372,142,10,9,533,0,0,0,533
02/03/2018,STL,MO,ACE,CE,Towers with Radar,254,87,8,0,349,0,7,2,0,9,254,94,10,0,358,0,0,0,358
02/04/2018,STL,MO,ACE,CE,Towers with Radar,272,131,4,0,407,0,0,0,0,0,272,131,4,0,407,0,0,0,407
02/05/2018,STL,MO,ACE,CE,Towers with Radar,363,139,10,9,521,0,4,0,31,35,363,143,10,40,556,0,0,0,556
02/06/2018,STL,MO,ACE,CE,Towers with Radar,362,140,16,6,524,0,5,2,1,8,362,145,18,7,532,0,0,0,532
02/07/2018,STL,MO,ACE,CE,Towers with Radar,357,130,15,1,503,0,7,4,0,11,357,137,19,1,514,0,0,0,514
02/08/2018,STL,MO,ACE,CE,Towers with Radar,374,150,18,0,542,0,11,0,2,13,374,161,18,2,555,0,0,0,555
02/09/2018,STL,MO,ACE,CE,Towers with Radar,345,142,15,0,502,0,4,5,0,9,345,146,20,0,511,0,0,0,511
02/10/2018,STL,MO,ACE,CE,Towers with Radar,262,92,7,0,361,0,0,0,0,0,262,92,7,0,361,0,0,0,361
02/11/2018,STL,MO,ACE,CE,Towers with Radar,322,99,2,0,423,0,0,0,0,0,322,99,2,0,423,0,0,0,423
02/12/2018,STL,MO,ACE,CE,Towers with Radar,370,145,19,14,548,0,1,1,5,7,370,146,20,19,555,0,0,0,555
02/13/2018,STL,MO,ACE,CE,Towers with Radar,361,148,18,2,529,0,1,2,1,4,361,149,20,3,533,0,6,6,539
02/14/2018,STL,MO,ACE,CE,Towers with Radar,326,154,25,3,508,0,0,16,0,16,326,154,41,3,524,0,0,0,524
02/15/2018,STL,MO,ACE,CE,Towers with Radar,388,163,16,2,569,0,3,1,0,4,388,166,17,2,573,0,0,0,573
02/16/2018,STL,MO,ACE,CE,Towers with Radar,378,145,15,4,542,0,8,2,0,10,378,153,17,4,552,0,6,6,558
02/17/2018,STL,MO,ACE,CE,Towers with Radar,267,87,4,1,359,0,0,2,0,2,267,87,6,1,361,0,0,0,361
02/18/2018,STL,MO,ACE,CE,Towers with Radar,310,121,7,4,442,0,3,2,1,6,310,124,9,5,448,0,0,0,448
02/19/2018,STL,MO,ACE,CE,Towers with Radar,367,138,16,0,521,0,0,0,0,0,367,138,16,0,521,0,0,0,521
02/20/2018,STL,MO,ACE,CE,Towers with Radar,364,129,19,4,516,0,0,2,0,2,364,129,21,4,518,0,0,0,518
02/21/2018,STL,MO,ACE,CE,Towers with Radar,372,119,32,0,523,0,2,1,0,3,372,121,33,0,526,0,0,0,526
02/22/2018,STL,MO,ACE,CE,Towers with Radar,378,155,31,1,565,0,0,0,0,0,378,155,31,1,565,0,0,0,565
02/23/2018,STL,MO,ACE,CE,Towers with Radar,377,144,9,0,530,0,0,2,0,2,377,144,11,0,532,0,0,0,532
02/24/2018,STL,MO,ACE,CE,Towers with Radar,262,76,7,0,345,0,0,0,0,0,262,76,7,0,345,0,0,0,345
02/25/2018,STL,MO,ACE,CE,Towers with Radar,336,109,10,5,460,0,7,6,1,14,336,116,16,6,474,0,0,0,474
02/26/2018,STL,MO,ACE,CE,Towers with Radar,372,154,15,5,546,0,10,7,3,20,372,164,22,8,566,0,0,0,566
02/27/2018,STL,MO,ACE,CE,Towers with Radar,377,134,12,24,547,0,16,9,0,25,377,150,21,24,572,0,0,0,572
02/28/2018,STL,MO,ACE,CE,Towers with Radar,379,151,9,0,539,0,0,0,0,0,379,151,9,0,539,0,0,0,539
03/01/2018,STL,MO,ACE,CE,Towers with Radar,374,152,13,5,544,0,6,3,0,9,374,158,16,5,553,0,0,0,553
03/02/2018,STL,MO,ACE,CE,Towers with Radar,348,112,7,9,476,0,8,4,6,18,348,120,11,15,494,0,0,0,494
03/03/2018,STL,MO,ACE,CE,Towers with Radar,260,88,8,0,356,0,1,2,0,3,260,89,10,0,359,0,0,0,359
03/04/2018,STL,MO,ACE,CE,Towers with Radar,338,112,5,2,457,0,0,4,0,4,338,112,9,2,461,0,0,0,461
03/05/2018,STL,MO,ACE,CE,Towers with Radar,377,137,17,0,531,0,0,2,0,2,377,137,19,0,533,0,0,0,533
03/06/2018,STL,MO,ACE,CE,Towers with Radar,375,152,15,3,545,0,2,0,0,2,375,154,15,3,547,0,0,0,547
03/07/2018,STL,MO,ACE,CE,Towers with Radar,358,151,10,4,523,0,1,2,0,3,358,152,12,4,526,0,0,0,526
03/08/2018,STL,MO,ACE,CE,Towers with Radar,403,160,26,9,598,0,8,2,10,20,403,168,28,19,618,0,0,0,618
03/09/2018,STL,MO,ACE,CE,Towers with Radar,408,148,16,4,576,0,8,4,3,15,408,156,20,7,591,0,0,0,591
03/10/2018,STL,MO,ACE,CE,Towers with Radar,318,107,18,3,446,0,6,7,1,14,318,113,25,4,460,0,0,0,460
03/11/2018,STL,MO,ACE,CE,Towers with Radar,399,115,7,4,525,0,0,0,0,0,399,115,7,4,525,0,0,0,525
03/12/2018,STL,MO,ACE,CE,Towers with Radar,406,140,26,3,575,0,3,2,0,5,406,143,28,3,580,0,0,0,580
03/13/2018,STL,MO,ACE,CE,Towers with Radar,392,142,26,7,567,0,4,3,5,12,392,146,29,12,579,0,0,0,579
03/14/2018,STL,MO,ACE,CE,Towers with Radar,403,137,19,3,562,0,5,8,0,13,403,142,27,3,575,0,0,0,575
03/15/2018,STL,MO,ACE,CE,Towers with Radar,406,138,33,7,584,0,7,4,2,13,406,145,37,9,597,0,0,0,597
03/16/2018,STL,MO,ACE,CE,Towers with Radar,413,135,22,4,574,0,2,1,0,3,413,137,23,4,577,0,0,0,577
03/17/2018,STL,MO,ACE,CE,Towers with Radar,331,113,11,0,455,0,1,0,0,1,331,114,11,0,456,0,0,0,456
03/18/2018,STL,MO,ACE,CE,Towers with Radar,390,116,15,0,521,0,0,1,0,1,390,116,16,0,522,0,0,0,522
03/19/2018,STL,MO,ACE,CE,Towers with Radar,397,153,19,1,570,0,0,0,0,0,397,153,19,1,570,0,0,0,570
03/20/2018,STL,MO,ACE,CE,Towers with Radar,388,133,18,0,539,0,3,1,0,4,388,136,19,0,543,0,0,0,543
03/21/2018,STL,MO,ACE,CE,Towers with Radar,354,129,16,3,502,0,4,5,1,10,354,133,21,4,512,0,0,0,512
03/22/2018,STL,MO,ACE,CE,Towers with Radar,404,139,26,3,572,0,10,6,2,18,404,149,32,5,590,0,0,0,590
03/23/2018,STL,MO,ACE,CE,Towers with Radar,414,147,10,3,574,0,2,1,0,3,414,149,11,3,577,0,0,0,577
03/24/2018,STL,MO,ACE,CE,Towers with Radar,327,102,14,0,443,0,0,0,0,0,327,102,14,0,443,0,0,0,443
03/25/2018,STL,MO,ACE,CE,Towers with Radar,386,124,11,2,523,0,0,1,0,1,386,124,12,2,524,0,0,0,524
03/26/2018,STL,MO,ACE,CE,Towers with Radar,405,136,6,0,547,0,1,2,0,3,405,137,8,0,550,0,0,0,550
03/27/2018,STL,MO,ACE,CE,Towers with Radar,407,147,16,2,572,0,0,0,0,0,407,147,16,2,572,0,0,0,572
03/28/2018,STL,MO,ACE,CE,Towers with Radar,401,149,17,2,569,0,0,0,0,0,401,149,17,2,569,0,0,0,569
03/29/2018,STL,MO,ACE,CE,Towers with Radar,410,148,11,0,569,0,0,0,0,0,410,148,11,0,569,0,0,0,569
03/30/2018,STL,MO,ACE,CE,Towers with Radar,403,150,7,3,563,0,2,1,0,3,403,152,8,3,566,0,0,0,566
03/31/2018,STL,MO,ACE,CE,Towers with Radar,322,98,13,0,433,0,4,0,0,4,322,102,13,0,437,0,0,0,437
04/01/2018,STL,MO,ACE,CE,Towers with Radar,394,87,8,0,489,0,1,1,0,2,394,88,9,0,491,0,0,0,491
04/02/2018,STL,MO,ACE,CE,Towers with Radar,396,139,13,1,549,0,0,0,0,0,396,139,13,1,549,0,0,0,549
04/03/2018,STL,MO,ACE,CE,Towers with Radar,408,129,30,1,568,0,0,0,1,1,408,129,30,2,569,0,0,0,569
04/04/2018,STL,MO,ACE,CE,Towers with Radar,406,123,24,4,557,0,5,4,1,10,406,128,28,5,567,20,0,20,587
04/05/2018,STL,MO,ACE,CE,Towers with Radar,415,124,14,5,558,0,7,6,0,13,415,131,20,5,571,0,0,0,571
04/06/2018,STL,MO,ACE,CE,Towers with Radar,401,129,18,0,548,0,4,4,0,8,401,133,22,0,556,0,0,0,556
04/07/2018,STL,MO,ACE,CE,Towers with Radar,321,97,5,2,425,0,4,2,0,6,321,101,7,2,431,22,0,22,453
04/08/2018,STL,MO,ACE,CE,Towers with Radar,399,98,10,0,507,0,2,0,0,2,399,100,10,0,509,0,0,0,509
04/09/2018,STL,MO,ACE,CE,Towers with Radar,400,133,14,1,548,0,3,0,0,3,400,136,14,1,551,0,0,0,551
04/10/2018,STL,MO,ACE,CE,Towers with Radar,412,128,10,4,554,0,4,0,0,4,412,132,10,4,558,0,0,0,558
04/11/2018,STL,MO,ACE,CE,Towers with Radar,407,115,14,7,543,0,12,2,0,14,407,127,16,7,557,0,0,0,557
04/12/2018,STL,MO,ACE,CE,Towers with Radar,410,141,23,4,578,0,9,4,4,17,410,150,27,8,595,0,0,0,595
04/13/2018,STL,MO,ACE,CE,Towers with Radar,397,132,14,3,546,0,3,0,1,4,397,135,14,4,550,0,0,0,550
04/14/2018,STL,MO,ACE,CE,Towers with Radar,292,95,9,0,396,0,0,1,0,1,292,95,10,0,397,0,0,0,397
04/15/2018,STL,MO,ACE,CE,Towers with Radar,374,107,10,0,491,0,0,0,0,0,374,107,10,0,491,0,0,0,491
04/16/2018,STL,MO,ACE,CE,Towers with Radar,397,140,23,0,560,0,5,4,0,9,397,145,27,0,569,0,0,0,569
04/17/2018,STL,MO,ACE,CE,Towers with Radar,409,113,22,2,546,0,19,5,1,25,409,132,27,3,571,0,0,0,571
04/18/2018,STL,MO,ACE,CE,Towers with Radar,403,135,30,2,570,0,7,3,0,10,403,142,33,2,580,0,0,0,580
04/19/2018,STL,MO,ACE,CE,Towers with Radar,409,130,32,5,576,0,3,1,0,4,409,133,33,5,580,0,0,0,580
04/20/2018,STL,MO,ACE,CE,Towers with Radar,409,116,17,0,542,0,8,3,0,11,409,124,20,0,553,0,0,0,553
04/21/2018,STL,MO,ACE,CE,Towers with Radar,293,96,11,0,400,0,4,1,0,5,293,100,12,0,405,0,0,0,405
04/22/2018,STL,MO,ACE,CE,Towers with Radar,382,109,16,0,507,0,4,0,0,4,382,113,16,0,511,0,0,0,511
04/23/2018,STL,MO,ACE,CE,Towers with Radar,396,118,16,1,531,0,1,0,0,1,396,119,16,1,532,0,0,0,532
04/24/2018,STL,MO,ACE,CE,Towers with Radar,403,130,15,1,549,0,2,1,0,3,403,132,16,1,552,0,0,0,552
04/25/2018,STL,MO,ACE,CE,Towers with Radar,406,135,14,2,557,0,4,1,1,6,406,139,15,3,563,14,0,14,577
04/26/2018,STL,MO,ACE,CE,Towers with Radar,408,135,25,7,575,0,4,3,2,9,408,139,28,9,584,0,0,0,584
04/27/2018,STL,MO,ACE,CE,Towers with Radar,409,125,17,5,556,0,6,7,2,15,409,131,24,7,571,14,0,14,585
04/28/2018,STL,MO,ACE,CE,Towers with Radar,302,87,4,0,393,0,5,4,2,11,302,92,8,2,404,0,0,0,404
04/29/2018,STL,MO,ACE,CE,Towers with Radar,390,110,8,3,511,0,5,5,0,10,390,115,13,3,521,0,0,0,521
04/30/2018,STL,MO,ACE,CE,Towers with Radar,409,122,7,1,539,0,6,5,1,12,409,128,12,2,551,0,0,0,551
05/01/2018,STL,MO,ACE,CE,Towers with Radar,413,140,12,1,566,0,5,4,1,10,413,145,16,2,576,0,0,0,576
05/02/2018,STL,MO,ACE,CE,Towers with Radar,409,142,14,3,568,0,11,4,2,17,409,153,18,5,585,0,0,0,585
05/03/2018,STL,MO,ACE,CE,Towers with Radar,415,131,11,3,560,0,1,1,1,3,415,132,12,4,563,0,0,0,563
05/04/2018,STL,MO,ACE,CE,Towers with Radar,414,141,17,3,575,0,3,6,1,10,414,144,23,4,585,6,0,6,591
05/05/2018,STL,MO,ACE,CE,Towers with Radar,308,88,7,0,403,0,3,2,0,5,308,91,9,0,408,0,0,0,408
05/06/2018,STL,MO,ACE,CE,Towers with Radar,399,105,10,0,514,30,2,1,0,33,429,107,11,0,547,0,0,0,547
05/07/2018,STL,MO,ACE,CE,Towers with Radar,420,120,14,4,558,0,10,2,2,14,420,130,16,6,572,0,8,8,580
05/08/2018,STL,MO,ACE,CE,Towers with Radar,418,112,20,2,552,0,11,6,0,17,418,123,26,2,569,0,0,0,569
05/09/2018,STL,MO,ACE,CE,Towers with Radar,420,158,11,1,590,0,0,6,1,7,420,158,17,2,597,0,0,0,597
05/10/2018,STL,MO,ACE,CE,Towers with Radar,420,135,22,3,580,0,7,1,3,11,420,142,23,6,591,0,0,0,591
05/11/2018,STL,MO,ACE,CE,Towers with Radar,415,129,16,2,562,0,7,0,2,9,415,136,16,4,571,0,0,0,571
05/12/2018,STL,MO,ACE,CE,Towers with Radar,310,89,10,0,409,0,3,1,0,4,310,92,11,0,413,0,0,0,413
05/13/2018,STL,MO,ACE,CE,Towers with Radar,379,111,2,0,492,0,5,1,1,7,379,116,3,1,499,0,0,0,499
05/14/2018,STL,MO,ACE,CE,Towers with Radar,403,136,20,3,562,0,2,2,0,4,403,138,22,3,566,0,0,0,566
05/15/2018,STL,MO,ACE,CE,Towers with Radar,399,118,15,1,533,0,2,3,1,6,399,120,18,2,539,0,0,0,539
05/16/2018,STL,MO,ACE,CE,Towers with Radar,416,128,21,6,571,0,1,6,0,7,416,129,27,6,578,0,0,0,578
05/17/2018,STL,MO,ACE,CE,Towers with Radar,420,135,32,1,588,0,6,0,1,7,420,141,32,2,595,8,0,8,603
05/18/2018,STL,MO,ACE,CE,Towers with Radar,421,117,26,2,566,0,0,0,0,0,421,117,26,2,566,0,0,0,566
05/19/2018,STL,MO,ACE,CE,Towers with Radar,302,91,9,0,402,0,0,1,0,1,302,91,10,0,403,0,0,0,403
05/20/2018,STL,MO,ACE,CE,Towers with Radar,391,96,8,1,496,0,1,1,0,2,391,97,9,1,498,0,0,0,498
05/21/2018,STL,MO,ACE,CE,Towers with Radar,424,120,21,0,565,0,0,0,0,0,424,120,21,0,565,0,0,0,565
05/22/2018,STL,MO,ACE,CE,Towers with Radar,415,116,26,1,558,0,8,4,1,13,415,124,30,2,571,0,0,0,571
05/23/2018,STL,MO,ACE,CE,Towers with Radar,413,130,16,2,561,0,7,5,0,12,413,137,21,2,573,0,0,0,573
05/24/2018,STL,MO,ACE,CE,Towers with Radar,420,134,15,7,576,0,8,4,0,12,420,142,19,7,588,0,0,0,588
05/25/2018,STL,MO,ACE,CE,Towers with Radar,422,112,11,0,545,0,2,5,4,11,422,114,16,4,556,14,0,14,570
05/26/2018,STL,MO,ACE,CE,Towers with Radar,302,85,3,0,390,0,4,2,0,6,302,89,5,0,396,0,0,0,396
05/27/2018,STL,MO,ACE,CE,Towers with Radar,307,91,1,1,400,0,2,3,0,5,307,93,4,1,405,0,0,0,405
05/28/2018,STL,MO,ACE,CE,Towers with Radar,366,108,3,0,477,0,5,1,0,6,366,113,4,0,483,0,0,0,483
05/29/2018,STL,MO,ACE,CE,Towers with Radar,416,124,19,1,560,0,4,5,0,9,416,128,24,1,569,0,0,0,569
05/30/2018,STL,MO,ACE,CE,Towers with Radar,418,121,29,2,570,0,2,7,0,9,418,123,36,2,579,0,0,0,579
05/31/2018,STL,MO,ACE,CE,Towers with Radar,412,117,16,3,548,0,3,6,1,10,412,120,22,4,558,0,0,0,558
06/01/2018,STL,MO,ACE,CE,Towers with Radar,401,137,31,0,569,0,2,0,0,2,401,139,31,0,571,0,0,0,571
06/02/2018,STL,MO,ACE,CE,Towers with Radar,305,92,9,0,406,0,1,1,0,2,305,93,10,0,408,0,0,0,408
06/03/2018,STL,MO,ACE,CE,Towers with Radar,393,110,9,0,512,4,2,2,0,8,397,112,11,0,520,0,0,0,520
06/04/2018,STL,MO,ACE,CE,Towers with Radar,407,147,29,0,583,0,2,2,2,6,407,149,31,2,589,0,0,0,589
06/05/2018,STL,MO,ACE,CE,Towers with Radar,411,127,14,4,556,0,9,3,2,14,411,136,17,6,570,0,0,0,570
06/06/2018,STL,MO,ACE,CE,Towers with Radar,412,128,16,2,558,0,7,5,1,13,412,135,21,3,571,0,0,0,571
06/07/2018,STL,MO,ACE,CE,Towers with Radar,417,126,21,3,567,0,4,4,3,11,417,130,25,6,578,0,0,0,578
06/08/2018,STL,MO,ACE,CE,Towers with Radar,421,133,12,8,574,0,3,3,0,6,421,136,15,8,580,6,0,6,586
06/09/2018,STL,MO,ACE,CE,Towers with Radar,346,101,7,0,454,0,0,2,0,2,346,101,9,0,456,0,0,0,456
06/10/2018,STL,MO,ACE,CE,Towers with Radar,405,106,17,1,529,0,2,2,0,4,405,108,19,1,533,0,0,0,533
06/11/2018,STL,MO,ACE,CE,Towers with Radar,428,156,10,2,596,0,1,12,0,13,428,157,22,2,609,6,0,6,615
06/12/2018,STL,MO,ACE,CE,Towers with Radar,431,143,15,10,599,0,2,4,0,6,431,145,19,10,605,0,0,0,605
06/13/2018,STL,MO,ACE,CE,Towers with Radar,420,143,16,0,579,0,2,9,0,11,420,145,25,0,590,0,0,0,590
06/14/2018,STL,MO,ACE,CE,Towers with Radar,420,119,19,2,560,0,5,2,2,9,420,124,21,4,569,0,0,0,569
06/15/2018,STL,MO,ACE,CE,Towers with Radar,417,139,16,6,578,0,4,0,14,18,417,143,16,20,596,0,26,26,622
06/16/2018,STL,MO,ACE,CE,Towers with Radar,340,95,10,5,450,0,1,9,1,11,340,96,19,6,461,0,0,0,461
06/17/2018,STL,MO,ACE,CE,Towers with Radar,402,103,8,0,513,0,3,3,0,6,402,106,11,0,519,0,0,0,519
06/18/2018,STL,MO,ACE,CE,Towers with Radar,404,127,21,3,555,0,5,2,0,7,404,132,23,3,562,0,0,0,562
06/19/2018,STL,MO,ACE,CE,Towers with Radar,406,126,25,3,560,0,1,1,2,4,406,127,26,5,564,0,0,0,564
06/20/2018,STL,MO,ACE,CE,Towers with Radar,416,128,17,5,566,0,2,1,2,5,416,130,18,7,571,0,0,0,571
06/21/2018,STL,MO,ACE,CE,Towers with Radar,431,136,22,3,592,0,0,2,0,2,431,136,24,3,594,0,0,0,594
06/22/2018,STL,MO,ACE,CE,Towers with Radar,420,134,20,2,576,0,0,0,0,0,420,134,20,2,576,0,0,0,576
06/23/2018,STL,MO,ACE,CE,Towers with Radar,354,95,12,1,462,0,0,3,0,3,354,95,15,1,465,0,0,0,465
06/24/2018,STL,MO,ACE,CE,Towers with Radar,395,118,5,4,522,0,3,7,4,14,395,121,12,8,536,0,0,0,536
06/25/2018,STL,MO,ACE,CE,Towers with Radar,421,129,20,0,570,0,0,0,0,0,421,129,20,0,570,0,0,0,570
06/26/2018,STL,MO,ACE,CE,Towers with Radar,394,122,20,1,537,0,0,0,0,0,394,122,20,1,537,0,0,0,537
06/27/2018,STL,MO,ACE,CE,Towers with Radar,426,129,26,9,590,0,4,2,5,11,426,133,28,14,601,0,0,0,601
06/28/2018,STL,MO,ACE,CE,Towers with Radar,423,121,26,1,571,0,0,3,0,3,423,121,29,1,574,0,0,0,574
06/29/2018,STL,MO,ACE,CE,Towers with Radar,430,141,17,8,596,0,6,3,4,13,430,147,20,12,609,0,0,0,609
06/30/2018,STL,MO,ACE,CE,Towers with Radar,376,111,8,1,496,0,0,2,0,2,376,111,10,1,498,0,0,0,498
07/01/2018,STL,MO,ACE,CE,Towers with Radar,391,106,5,3,505,0,0,2,3,5,391,106,7,6,510,10,0,10,520
07/02/2018,STL,MO,ACE,CE,Towers with Radar,395,131,10,5,541,0,1,0,2,3,395,132,10,7,544,0,0,0,544
07/03/2018,STL,MO,ACE,CE,Towers with Radar,346,126,16,8,496,0,6,3,1,10,346,132,19,9,506,0,0,0,506
07/04/2018,STL,MO,ACE,CE,Towers with Radar,323,100,4,2,429,0,9,2,2,13,323,109,6,4,442,0,0,0,442
07/05/2018,STL,MO,ACE,CE,Towers with Radar,392,115,12,1,520,0,4,0,1,5,392,119,12,2,525,0,0,0,525
07/06/2018,STL,MO,ACE,CE,Towers with Radar,396,131,12,8,547,0,4,6,0,10,396,135,18,8,557,0,0,0,557
07/07/2018,STL,MO,ACE,CE,Towers with Radar,344,104,8,0,456,0,6,3,0,9,344,110,11,0,465,0,0,0,465
07/08/2018,STL,MO,ACE,CE,Towers with Radar,398,119,4,0,521,0,4,1,0,5,398,123,5,0,526,0,0,0,526
07/09/2018,STL,MO,ACE,CE,Towers with Radar,410,131,21,10,572,0,0,3,0,3,410,131,24,10,575,0,32,32,607
07/10/2018,STL,MO,ACE,CE,Towers with Radar,407,145,14,1,567,0,8,5,0,13,407,153,19,1,580,0,0,0,580
07/11/2018,STL,MO,ACE,CE,Towers with Radar,413,143,22,8,586,0,3,10,0,13,413,146,32,8,599,18,0,18,617
07/12/2018,STL,MO,ACE,CE,Towers with Radar,406,130,18,1,555,0,2,0,0,2,406,132,18,1,557,0,0,0,557
07/13/2018,STL,MO,ACE,CE,Towers with Radar,419,152,16,5,592,0,3,2,3,8,419,155,18,8,600,0,0,0,600
07/14/2018,STL,MO,ACE,CE,Towers with Radar,335,103,6,6,450,0,0,1,0,1,335,103,7,6,451,0,0,0,451
07/15/2018,STL,MO,ACE,CE,Towers with Radar,389,135,13,2,539,0,0,2,0,2,389,135,15,2,541,0,0,0,541
07/16/2018,STL,MO,ACE,CE,Towers with Radar,410,129,20,2,561,0,0,1,2,3,410,129,21,4,564,0,0,0,564
07/17/2018,STL,MO,ACE,CE,Towers with Radar,395,139,31,0,565,0,4,0,0,4,395,143,31,0,569,0,0,0,569
07/18/2018,STL,MO,ACE,CE,Towers with Radar,415,136,21,3,575,0,6,2,2,10,415,142,23,5,585,0,0,0,585
07/19/2018,STL,MO,ACE,CE,Towers with Radar,412,143,19,3,577,0,0,7,2,9,412,143,26,5,586,0,0,0,586
07/20/2018,STL,MO,ACE,CE,Towers with Radar,413,135,16,7,571,0,4,1,4,9,413,139,17,11,580,0,0,0,580
07/21/2018,STL,MO,ACE,CE,Towers with Radar,340,106,5,2,453,0,1,2,0,3,340,107,7,2,456,0,0,0,456
07/22/2018,STL,MO,ACE,CE,Towers with Radar,387,109,15,0,511,0,0,2,0,2,387,109,17,0,513,0,0,0,513
07/23/2018,STL,MO,ACE,CE,Towers with Radar,404,139,9,7,559,0,1,3,2,6,404,140,12,9,565,0,0,0,565
07/24/2018,STL,MO,ACE,CE,Towers with Radar,395,133,12,2,542,0,4,4,2,10,395,137,16,4,552,0,0,0,552
07/25/2018,STL,MO,ACE,CE,Towers with Radar,398,129,10,1,538,0,8,4,2,14,398,137,14,3,552,0,0,0,552
07/26/2018,STL,MO,ACE,CE,Towers with Radar,407,145,16,3,571,0,2,4,0,6,407,147,20,3,577,0,0,0,577
07/27/2018,STL,MO,ACE,CE,Towers with Radar,391,141,11,5,548,0,1,2,5,8,391,142,13,10,556,0,0,0,556
07/28/2018,STL,MO,ACE,CE,Towers with Radar,342,116,4,1,463,0,2,5,0,7,342,118,9,1,470,0,0,0,470
07/29/2018,STL,MO,ACE,CE,Towers with Radar,396,123,1,1,521,0,0,0,0,0,396,123,1,1,521,0,0,0,521
07/30/2018,STL,MO,ACE,CE,Towers with Radar,421,144,11,1,577,0,0,0,1,1,421,144,11,2,578,0,0,0,578
07/31/2018,STL,MO,ACE,CE,Towers with Radar,406,145,19,0,570,0,1,4,0,5,406,146,23,0,575,0,0,0,575
08/01/2018,STL,MO,ACE,CE,Towers with Radar,421,138,27,0,586,0,5,3,1,9,421,143,30,1,595,0,0,0,595
08/02/2018,STL,MO,ACE,CE,Towers with Radar,399,142,15,9,565,0,5,4,1,10,399,147,19,10,575,22,0,22,597
08/03/2018,STL,MO,ACE,CE,Towers with Radar,387,134,17,7,545,0,4,6,3,13,387,138,23,10,558,0,0,0,558
08/04/2018,STL,MO,ACE,CE,Towers with Radar,337,107,10,2,456,0,0,1,0,1,337,107,11,2,457,0,0,0,457
08/05/2018,STL,MO,ACE,CE,Towers with Radar,402,135,8,4,549,0,6,2,0,8,402,141,10,4,557,0,0,0,557
08/06/2018,STL,MO,ACE,CE,Towers with Radar,402,147,11,16,576,0,2,0,2,4,402,149,11,18,580,0,0,0,580
08/07/2018,STL,MO,ACE,CE,Towers with Radar,411,138,20,0,569,0,0,0,0,0,411,138,20,0,569,0,0,0,569
08/08/2018,STL,MO,ACE,CE,Towers with Radar,388,134,35,2,559,0,1,3,1,5,388,135,38,3,564,0,0,0,564
08/09/2018,STL,MO,ACE,CE,Towers with Radar,410,135,31,4,580,0,3,5,3,11,410,138,36,7,591,8,0,8,599
08/10/2018,STL,MO,ACE,CE,Towers with Radar,392,139,19,1,551,0,2,0,1,3,392,141,19,2,554,0,0,0,554
08/11/2018,STL,MO,ACE,CE,Towers with Radar,301,109,17,0,427,0,2,10,0,12,301,111,27,0,439,0,0,0,439
08/12/2018,STL,MO,ACE,CE,Towers with Radar,386,124,9,5,524,0,0,6,1,7,386,124,15,6,531,30,0,30,561
08/13/2018,STL,MO,ACE,CE,Towers with Radar,389,142,7,1,539,0,1,5,3,9,389,143,12,4,548,10,0,10,558
08/14/2018,STL,MO,ACE,CE,Towers with Radar,407,131,24,2,564,0,1,1,0,2,407,132,25,2,566,0,0,0,566
08/15/2018,STL,MO,ACE,CE,Towers with Radar,413,146,13,0,572,0,0,1,0,1,413,146,14,0,573,0,0,0,573
08/16/2018,STL,MO,ACE,CE,Towers with Radar,410,140,14,9,573,0,1,2,0,3,410,141,16,9,576,0,6,6,582
08/17/2018,STL,MO,ACE,CE,Towers with Radar,396,148,11,1,556,0,3,4,0,7,396,151,15,1,563,12,0,12,575
08/18/2018,STL,MO,ACE,CE,Towers with Radar,302,107,7,0,416,0,0,0,0,0,302,107,7,0,416,0,0,0,416
08/19/2018,STL,MO,ACE,CE,Towers with Radar,381,120,15,0,516,0,0,0,0,0,381,120,15,0,516,0,0,0,516
08/20/2018,STL,MO,ACE,CE,Towers with Radar,411,134,24,2,571,0,0,1,0,1,411,134,25,2,572,0,0,0,572
08/21/2018,STL,MO,ACE,CE,Towers with Radar,400,132,27,1,560,0,0,0,1,1,400,132,27,2,561,0,0,0,561
08/22/2018,STL,MO,ACE,CE,Towers with Radar,414,141,13,3,571,0,1,4,5,10,414,142,17,8,581,0,0,0,581
08/23/2018,STL,MO,ACE,CE,Towers with Radar,408,145,22,4,579,0,1,1,1,3,408,146,23,5,582,0,0,0,582
08/24/2018,STL,MO,ACE,CE,Towers with Radar,416,140,20,2,578,0,0,4,0,4,416,140,24,2,582,0,0,0,582
08/25/2018,STL,MO,ACE,CE,Towers with Radar,294,92,9,0,395,0,2,0,0,2,294,94,9,0,397,0,0,0,397
08/26/2018,STL,MO,ACE,CE,Towers with Radar,386,98,13,4,501,0,1,2,0,3,386,99,15,4,504,0,26,26,530
08/27/2018,STL,MO,ACE,CE,Towers with Radar,408,128,17,5,558,0,2,3,4,9,408,130,20,9,567,0,0,0,567
08/28/2018,STL,MO,ACE,CE,Towers with Radar,417,128,18,0,563,0,7,5,1,13,417,135,23,1,576,0,0,0,576
08/29/2018,STL,MO,ACE,CE,Towers with Radar,417,129,24,1,571,0,0,0,1,1,417,129,24,2,572,0,0,0,572
08/30/2018,STL,MO,ACE,CE,Towers with Radar,411,150,18,1,580,0,0,8,1,9,411,150,26,2,589,0,0,0,589
08/31/2018,STL,MO,ACE,CE,Towers with Radar,417,131,6,2,556,0,2,1,0,3,417,133,7,2,559,0,0,0,559
09/01/2018,STL,MO,ACE,CE,Towers with Radar,280,90,3,0,373,0,1,2,0,3,280,91,5,0,376,0,0,0,376
09/02/2018,STL,MO,ACE,CE,Towers with Radar,271,104,1,0,376,0,1,2,0,3,271,105,3,0,379,0,0,0,379
09/03/2018,STL,MO,ACE,CE,Towers with Radar,403,121,3,0,527,0,1,6,0,7,403,122,9,0,534,6,0,6,540
09/04/2018,STL,MO,ACE,CE,Towers with Radar,411,140,15,1,567,0,3,4,0,7,411,143,19,1,574,0,0,0,574
09/05/2018,STL,MO,ACE,CE,Towers with Radar,405,135,15,2,557,0,1,5,1,7,405,136,20,3,564,0,0,0,564
09/06/2018,STL,MO,ACE,CE,Towers with Radar,391,138,28,1,558,0,3,7,1,11,391,141,35,2,569,0,0,0,569
09/07/2018,STL,MO,ACE,CE,Towers with Radar,391,130,28,0,549,0,0,0,0,0,391,130,28,0,549,0,0,0,549
09/08/2018,STL,MO,ACE,CE,Towers with Radar,298,99,11,0,408,0,0,2,0,2,298,99,13,0,410,0,0,0,410
09/09/2018,STL,MO,ACE,CE,Towers with Radar,382,103,13,0,498,0,2,0,0,2,382,105,13,0,500,0,0,0,500
09/10/2018,STL,MO,ACE,CE,Towers with Radar,416,143,27,2,588,0,6,2,0,8,416,149,29,2,596,0,0,0,596
09/11/2018,STL,MO,ACE,CE,Towers with Radar,409,123,19,1,552,0,6,8,0,14,409,129,27,1,566,0,0,0,566
09/12/2018,STL,MO,ACE,CE,Towers with Radar,411,143,21,6,581,0,6,9,2,17,411,149,30,8,598,32,0,32,630
09/13/2018,STL,MO,ACE,CE,Towers with Radar,410,138,22,4,574,0,4,1,0,5,410,142,23,4,579,0,0,0,579
09/14/2018,STL,MO,ACE,CE,Towers with Radar,403,135,12,1,551,0,2,6,2,10,403,137,18,3,561,0,0,0,561
09/15/2018,STL,MO,ACE,CE,Towers with Radar,297,99,10,2,408,0,1,4,0,5,297,100,14,2,413,0,0,0,413
09/16/2018,STL,MO,ACE,CE,Towers with Radar,376,123,10,4,513,0,2,2,0,4,376,125,12,4,517,0,0,0,517
09/17/2018,STL,MO,ACE,CE,Towers with Radar,420,129,19,1,569,0,1,4,0,5,420,130,23,1,574,0,0,0,574
09/18/2018,STL,MO,ACE,CE,Towers with Radar,404,126,25,5,560,0,3,3,0,6,404,129,28,5,566,0,0,0,566
09/19/2018,STL,MO,ACE,CE,Towers with Radar,414,122,25,0,561,0,0,4,0,4,414,122,29,0,565,0,0,0,565
09/20/2018,STL,MO,ACE,CE,Towers with Radar,418,136,21,6,581,0,5,4,4,13,418,141,25,10,594,0,0,0,594
09/21/2018,STL,MO,ACE,CE,Towers with Radar,405,138,21,3,567,0,2,2,0,4,405,140,23,3,571,0,0,0,571
09/22/2018,STL,MO,ACE,CE,Towers with Radar,296,101,13,0,410,0,0,2,0,2,296,101,15,0,412,0,0,0,412
09/23/2018,STL,MO,ACE,CE,Towers with Radar,385,118,12,1,516,0,2,1,0,3,385,120,13,1,519,0,0,0,519
09/24/2018,STL,MO,ACE,CE,Towers with Radar,410,131,17,0,558,0,0,1,0,1,410,131,18,0,559,0,0,0,559
09/25/2018,STL,MO,ACE,CE,Towers with Radar,421,130,8,0,559,0,1,0,0,1,421,131,8,0,560,0,0,0,560
09/26/2018,STL,MO,ACE,CE,Towers with Radar,409,123,18,4,554,0,4,6,2,12,409,127,24,6,566,0,0,0,566
09/27/2018,STL,MO,ACE,CE,Towers with Radar,422,135,16,3,576,0,8,12,2,22,422,143,28,5,598,0,0,0,598
09/28/2018,STL,MO,ACE,CE,Towers with Radar,415,145,16,1,577,0,6,1,1,8,415,151,17,2,585,0,0,0,585
09/29/2018,STL,MO,ACE,CE,Towers with Radar,301,99,9,1,410,0,2,12,0,14,301,101,21,1,424,0,0,0,424
09/30/2018,STL,MO,ACE,CE,Towers with Radar,383,106,12,1,502,0,1,3,1,5,383,107,15,2,507,0,0,0,507
10/01/2018,STL,MO,ACE,CE,Towers with Radar,410,130,14,0,554,0,1,3,0,4,410,131,17,0,558,0,0,0,558
10/02/2018,STL,MO,ACE,CE,Towers with Radar,415,139,23,8,585,0,2,0,1,3,415,141,23,9,588,0,0,0,588
10/03/2018,STL,MO,ACE,CE,Towers with Radar,415,132,30,9,586,0,2,0,2,4,415,134,30,11,590,0,0,0,590
10/04/2018,STL,MO,ACE,CE,Towers with Radar,415,149,22,2,588,0,0,1,0,1,415,149,23,2,589,0,0,0,589
10/05/2018,STL,MO,ACE,CE,Towers with Radar,434,131,24,2,591,0,1,1,0,2,434,132,25,2,593,0,0,0,593
10/06/2018,STL,MO,ACE,CE,Towers with Radar,308,103,6,0,417,0,3,1,0,4,308,106,7,0,421,0,0,0,421
10/07/2018,STL,MO,ACE,CE,Towers with Radar,380,119,12,0,511,0,0,0,0,0,380,119,12,0,511,0,0,0,511
10/08/2018,STL,MO,ACE,CE,Towers with Radar,422,132,17,0,571,0,1,5,0,6,422,133,22,0,577,0,0,0,577
10/09/2018,STL,MO,ACE,CE,Towers with Radar,400,148,20,2,570,0,2,3,3,8,400,150,23,5,578,0,0,0,578
10/10/2018,STL,MO,ACE,CE,Towers with Radar,420,135,11,0,566,0,0,2,0,2,420,135,13,0,568,0,0,0,568
10/11/2018,STL,MO,ACE,CE,Towers with Radar,411,148,25,1,585,0,7,11,2,20,411,155,36,3,605,24,8,32,637
10/12/2018,STL,MO,ACE,CE,Towers with Radar,425,146,26,4,601,0,1,2,1,4,425,147,28,5,605,0,18,18,623
10/13/2018,STL,MO,ACE,CE,Towers with Radar,297,106,13,2,418,0,0,0,0,0,297,106,13,2,418,0,0,0,418
10/14/2018,STL,MO,ACE,CE,Towers with Radar,388,113,7,0,508,0,0,0,0,0,388,113,7,0,508,0,0,0,508
10/15/2018,STL,MO,ACE,CE,Towers with Radar,416,137,17,8,578,0,0,2,1,3,416,137,19,9,581,6,0,6,587
10/16/2018,STL,MO,ACE,CE,Towers with Radar,412,116,24,2,554,0,8,3,2,13,412,124,27,4,567,0,0,0,567
10/17/2018,STL,MO,ACE,CE,Towers with Radar,412,125,17,3,557,0,8,0,1,9,412,133,17,4,566,0,0,0,566
10/18/2018,STL,MO,ACE,CE,Towers with Radar,420,142,26,4,592,0,8,8,0,16,420,150,34,4,608,0,0,0,608
10/19/2018,STL,MO,ACE,CE,Towers with Radar,417,146,17,4,584,0,1,4,0,5,417,147,21,4,589,0,0,0,589
10/20/2018,STL,MO,ACE,CE,Towers with Radar,299,121,3,2,425,0,0,1,1,2,299,121,4,3,427,0,0,0,427
10/21/2018,STL,MO,ACE,CE,Towers with Radar,383,117,15,0,515,0,0,0,0,0,383,117,15,0,515,0,0,0,515
10/22/2018,STL,MO,ACE,CE,Towers with Radar,411,137,16,3,567,0,2,0,0,2,411,139,16,3,569,0,0,0,569
10/23/2018,STL,MO,ACE,CE,Towers with Radar,416,130,13,7,566,0,10,2,4,16,416,140,15,11,582,0,0,0,582
10/24/2018,STL,MO,ACE,CE,Towers with Radar,417,143,20,2,582,0,6,0,1,7,417,149,20,3,589,0,0,0,589
10/25/2018,STL,MO,ACE,CE,Towers with Radar,420,151,16,10,597,0,5,3,0,8,420,156,19,10,605,0,0,0,605
10/26/2018,STL,MO,ACE,CE,Towers with Radar,416,147,10,0,573,0,0,0,0,0,416,147,10,0,573,0,0,0,573
10/27/2018,STL,MO,ACE,CE,Towers with Radar,298,100,9,0,407,0,1,1,0,2,298,101,10,0,409,0,0,0,409
10/28/2018,STL,MO,ACE,CE,Towers with Radar,366,118,16,0,500,0,0,0,0,0,366,118,16,0,500,0,0,0,500
10/29/2018,STL,MO,ACE,CE,Towers with Radar,391,136,13,3,543,0,6,4,4,14,391,142,17,7,557,0,0,0,557
10/30/2018,STL,MO,ACE,CE,Towers with Radar,386,120,28,5,539,0,3,3,4,10,386,123,31,9,549,0,22,22,571
10/31/2018,STL,MO,ACE,CE,Towers with Radar,364,117,15,1,497,0,0,2,1,3,364,117,17,2,500,0,0,0,500
11/01/2018,STL,MO,ACE,CE,Towers with Radar,398,144,24,0,566,0,0,0,1,1,398,144,24,1,567,0,0,0,567
11/02/2018,STL,MO,ACE,CE,Towers with Radar,398,121,14,16,549,0,0,0,2,2,398,121,14,18,551,0,0,0,551
11/03/2018,STL,MO,ACE,CE,Towers with Radar,297,105,2,2,406,0,4,0,0,4,297,109,2,2,410,0,0,0,410
11/04/2018,STL,MO,ACE,CE,Towers with Radar,371,126,9,0,506,0,0,1,0,1,371,126,10,0,507,0,0,0,507
11/05/2018,STL,MO,ACE,CE,Towers with Radar,393,143,7,0,543,0,2,0,0,2,393,145,7,0,545,0,0,0,545
11/06/2018,STL,MO,ACE,CE,Towers with Radar,395,140,11,3,549,0,2,2,3,7,395,142,13,6,556,0,0,0,556
11/07/2018,STL,MO,ACE,CE,Towers with Radar,400,149,20,7,576,0,5,10,1,16,400,154,30,8,592,0,0,0,592
11/08/2018,STL,MO,ACE,CE,Towers with Radar,406,148,26,1,581,0,0,2,1,3,406,148,28,2,584,0,0,0,584
11/09/2018,STL,MO,ACE,CE,Towers with Radar,399,140,13,7,559,0,0,3,0,3,399,140,16,7,562,0,0,0,562
11/10/2018,STL,MO,ACE,CE,Towers with Radar,284,93,14,2,393,0,0,2,0,2,284,93,16,2,395,0,0,0,395
11/11/2018,STL,MO,ACE,CE,Towers with Radar,377,134,4,0,515,0,0,8,0,8,377,134,12,0,523,0,0,0,523
11/12/2018,STL,MO,ACE,CE,Towers with Radar,396,155,15,1,567,0,1,0,0,1,396,156,15,1,568,0,0,0,568
11/13/2018,STL,MO,ACE,CE,Towers with Radar,404,137,17,2,560,0,4,2,4,10,404,141,19,6,570,0,0,0,570
11/14/2018,STL,MO,ACE,CE,Towers with Radar,398,133,21,3,555,0,3,4,1,8,398,136,25,4,563,0,0,0,563
11/15/2018,STL,MO,ACE,CE,Towers with Radar,337,141,20,0,498,0,2,1,0,3,337,143,21,0,501,0,0,0,501
11/16/2018,STL,MO,ACE,CE,Towers with Radar,428,145,22,3,598,0,14,4,4,22,428,159,26,7,620,0,0,0,620
11/17/2018,STL,MO,ACE,CE,Towers with Radar,349,96,14,0,459,0,6,2,1,9,349,102,16,1,468,0,0,0,468
11/18/2018,STL,MO,ACE,CE,Towers with Radar,383,123,15,0,521,0,0,0,0,0,383,123,15,0,521,0,0,0,521
11/19/2018,STL,MO,ACE,CE,Towers with Radar,387,133,18,1,539,0,1,0,0,1,387,134,18,1,540,0,0,0,540
11/20/2018,STL,MO,ACE,CE,Towers with Radar,418,141,24,8,591,0,1,3,2,6,418,142,27,10,597,0,0,0,597
11/21/2018,STL,MO,ACE,CE,Towers with Radar,424,144,17,2,587,0,8,2,2,12,424,152,19,4,599,0,0,0,599
11/22/2018,STL,MO,ACE,CE,Towers with Radar,240,98,0,0,338,0,4,0,0,4,240,102,0,0,342,0,0,0,342
11/23/2018,STL,MO,ACE,CE,Towers with Radar,305,111,8,0,424,0,0,2,0,2,305,111,10,0,426,0,0,0,426
11/24/2018,STL,MO,ACE,CE,Towers with Radar,371,113,14,1,499,0,2,2,2,6,371,115,16,3,505,0,0,0,505
11/25/2018,STL,MO,ACE,CE,Towers with Radar,401,118,24,0,543,0,0,0,0,0,401,118,24,0,543,0,0,0,543
11/26/2018,STL,MO,ACE,CE,Towers with Radar,424,138,17,4,583,0,4,2,1,7,424,142,19,5,590,0,0,0,590
11/27/2018,STL,MO,ACE,CE,Towers with Radar,420,132,27,4,583,0,2,7,2,11,420,134,34,6,594,0,0,0,594
11/28/2018,STL,MO,ACE,CE,Towers with Radar,405,138,27,6,576,0,5,4,1,10,405,143,31,7,586,0,15,15,601
11/29/2018,STL,MO,ACE,CE,Towers with Radar,407,152,26,1,586,0,5,4,0,9,407,157,30,1,595,0,10,10,605
11/30/2018,STL,MO,ACE,CE,Towers with Radar,403,132,10,1,546,0,0,2,1,3,403,132,12,2,549,0,0,0,549
12/01/2018,STL,MO,ACE,CE,Towers with Radar,276,77,8,0,361,0,0,2,0,2,276,77,10,0,363,0,0,0,363
12/02/2018,STL,MO,ACE,CE,Towers with Radar,364,93,9,4,470,0,0,0,0,0,364,93,9,4,470,0,0,0,470
12/03/2018,STL,MO,ACE,CE,Towers with Radar,398,132,20,2,552,0,0,0,2,2,398,132,20,4,554,0,0,0,554
12/04/2018,STL,MO,ACE,CE,Towers with Radar,390,113,11,2,516,0,0,0,1,1,390,113,11,3,517,0,0,0,517
12/05/2018,STL,MO,ACE,CE,Towers with Radar,400,125,23,10,558,0,17,1,4,22,400,142,24,14,580,54,0,54,634
12/06/2018,STL,MO,ACE,CE,Towers with Radar,413,140,21,1,575,0,2,1,0,3,413,142,22,1,578,0,0,0,578
12/07/2018,STL,MO,ACE,CE,Towers with Radar,405,146,13,15,579,0,0,0,2,2,405,146,13,17,581,0,0,0,581
12/08/2018,STL,MO,ACE,CE,Towers with Radar,262,94,8,5,369,0,7,3,4,14,262,101,11,9,383,0,0,0,383
12/09/2018,STL,MO,ACE,CE,Towers with Radar,356,106,4,6,472,0,11,0,0,11,356,117,4,6,483,0,0,0,483
12/10/2018,STL,MO,ACE,CE,Towers with Radar,395,126,23,2,546,0,10,2,1,13,395,136,25,3,559,0,0,0,559
12/11/2018,STL,MO,ACE,CE,Towers with Radar,408,116,31,2,557,0,9,6,0,15,408,125,37,2,572,0,0,0,572
12/12/2018,STL,MO,ACE,CE,Towers with Radar,400,138,19,10,567,0,18,2,3,23,400,156,21,13,590,0,0,0,590
12/13/2018,STL,MO,ACE,CE,Towers with Radar,410,137,24,0,571,0,0,0,0,0,410,137,24,0,571,0,0,0,571
12/14/2018,STL,MO,ACE,CE,Towers with Radar,411,128,22,0,561,0,0,0,0,0,411,128,22,0,561,0,0,0,561
12/15/2018,STL,MO,ACE,CE,Towers with Radar,273,98,12,0,383,0,0,3,0,3,273,98,15,0,386,0,0,0,386
12/16/2018,STL,MO,ACE,CE,Towers with Radar,370,113,1,0,484,0,0,4,0,4,370,113,5,0,488,0,0,0,488
12/17/2018,STL,MO,ACE,CE,Towers with Radar,402,138,27,1,568,0,3,3,1,7,402,141,30,2,575,0,0,0,575
12/18/2018,STL,MO,ACE,CE,Towers with Radar,405,116,16,5,542,0,14,5,3,22,405,130,21,8,564,7,0,7,571
12/19/2018,STL,MO,ACE,CE,Towers with Radar,409,136,21,5,571,0,7,4,1,12,409,143,25,6,583,0,0,0,583
12/20/2018,STL,MO,ACE,CE,Towers with Radar,421,119,30,1,571,0,0,0,0,0,421,119,30,1,571,0,0,0,571
12/21/2018,STL,MO,ACE,CE,Towers with Radar,426,147,20,0,593,0,0,1,0,1,426,147,21,0,594,0,0,0,594
12/22/2018,STL,MO,ACE,CE,Towers with Radar,373,108,10,3,494,0,5,4,0,9,373,113,14,3,503,0,0,0,503
12/23/2018,STL,MO,ACE,CE,Towers with Radar,396,106,7,0,509,0,3,0,0,3,396,109,7,0,512,0,0,0,512
12/24/2018,STL,MO,ACE,CE,Towers with Radar,298,103,4,0,405,0,0,5,0,5,298,103,9,0,410,0,0,0,410
12/25/2018,STL,MO,ACE,CE,Towers with Radar,287,103,0,0,390,0,7,0,0,7,287,110,0,0,397,0,0,0,397
12/26/2018,STL,MO,ACE,CE,Towers with Radar,378,130,19,0,527,0,1,4,0,5,378,131,23,0,532,0,0,0,532
12/27/2018,STL,MO,ACE,CE,Towers with Radar,414,111,10,2,537,0,0,0,0,0,414,111,10,2,537,0,0,0,537
12/28/2018,STL,MO,ACE,CE,Towers with Radar,396,121,12,0,529,0,0,1,0,1,396,121,13,0,530,0,0,0,530
12/29/2018,STL,MO,ACE,CE,Towers with Radar,367,95,10,2,474,0,2,2,0,4,367,97,12,2,478,0,8,8,486
12/30/2018,STL,MO,ACE,CE,Towers with Radar,394,103,10,0,507,0,2,2,0,4,394,105,12,0,511,0,0,0,511
12/31/2018,STL,MO,ACE,CE,Towers with Radar,316,107,4,0,427,0,0,0,0,0,316,107,4,0,427,0,0,0,427
01/01/2019,STL,MO,ACE,CE,Towers with Radar,333,103,7,0,443,0,0,0,0,0,333,103,7,0,443,0,0,0,443
01/02/2019,STL,MO,ACE,CE,Towers with Radar,394,117,13,0,524,0,0,0,0,0,394,117,13,0,524,0,0,0,524
01/03/2019,STL,MO,ACE,CE,Towers with Radar,386,107,17,4,514,0,10,2,2,14,386,117,19,6,528,0,0,0,528
01/04/2019,STL,MO,ACE,CE,Towers with Radar,378,108,8,5,499,0,3,1,0,4,378,111,9,5,503,0,10,10,513
01/05/2019,STL,MO,ACE,CE,Towers with Radar,283,91,10,0,384,0,6,6,0,12,283,97,16,0,396,0,0,0,396
01/06/2019,STL,MO,ACE,CE,Towers with Radar,377,110,8,0,495,0,3,0,0,3,377,113,8,0,498,0,0,0,498
01/07/2019,STL,MO,ACE,CE,Towers with Radar,390,127,12,0,529,0,3,0,0,3,390,130,12,0,532,0,0,0,532
01/08/2019,STL,MO,ACE,CE,Towers with Radar,368,137,13,2,520,0,6,2,2,10,368,143,15,4,530,0,0,0,530
01/09/2019,STL,MO,ACE,CE,Towers with Radar,378,121,17,5,521,0,8,0,1,9,378,129,17,6,530,0,0,0,530
01/10/2019,STL,MO,ACE,CE,Towers with Radar,386,121,17,3,527,0,4,4,0,8,386,125,21,3,535,0,0,0,535
01/11/2019,STL,MO,ACE,CE,Towers with Radar,329,86,12,0,427,0,0,3,0,3,329,86,15,0,430,0,0,0,430
01/12/2019,STL,MO,ACE,CE,Towers with Radar,196,44,4,0,244,0,0,0,0,0,196,44,4,0,244,0,0,0,244
01/13/2019,STL,MO,ACE,CE,Towers with Radar,322,114,5,0,441,0,0,0,0,0,322,114,5,0,441,0,0,0,441
01/14/2019,STL,MO,ACE,CE,Towers with Radar,386,135,15,3,539,0,0,0,1,1,386,135,15,4,540,0,0,0,540
01/15/2019,STL,MO,ACE,CE,Towers with Radar,361,132,20,2,515,0,0,0,0,0,361,132,20,2,515,0,0,0,515
01/16/2019,STL,MO,ACE,CE,Towers with Radar,381,154,22,0,557,0,0,2,0,2,381,154,24,0,559,0,0,0,559
01/17/2019,STL,MO,ACE,CE,Towers with Radar,391,144,21,1,557,0,0,0,0,0,391,144,21,1,557,0,0,0,557
01/18/2019,STL,MO,ACE,CE,Towers with Radar,385,139,19,0,543,0,0,0,0,0,385,139,19,0,543,0,0,0,543
01/19/2019,STL,MO,ACE,CE,Towers with Radar,256,50,6,0,312,0,0,0,0,0,256,50,6,0,312,0,0,0,312
01/20/2019,STL,MO,ACE,CE,Towers with Radar,309,117,2,0,428,0,1,0,0,1,309,118,2,0,429,8,0,8,437
01/21/2019,STL,MO,ACE,CE,Towers with Radar,371,150,16,0,537,0,2,6,0,8,371,152,22,0,545,0,0,0,545
01/22/2019,STL,MO,ACE,CE,Towers with Radar,368,143,26,4,541,0,0,1,0,1,368,143,27,4,542,0,6,6,548
01/23/2019,STL,MO,ACE,CE,Towers with Radar,371,133,17,0,521,0,0,0,1,1,371,133,17,1,522,0,0,0,522
01/24/2019,STL,MO,ACE,CE,Towers with Radar,379,144,26,10,559,0,1,1,0,2,379,145,27,10,561,0,0,0,561
01/25/2019,STL,MO,ACE,CE,Towers with Radar,384,134,28,1,547,0,5,0,1,6,384,139,28,2,553,0,0,0,553
01/26/2019,STL,MO,ACE,CE,Towers with Radar,270,104,7,0,381,0,2,5,0,7,270,106,12,0,388,0,0,0,388
01/27/2019,STL,MO,ACE,CE,Towers with Radar,329,113,3,0,445,0,0,2,0,2,329,113,5,0,447,12,0,12,459
01/28/2019,STL,MO,ACE,CE,Towers with Radar,373,116,13,1,503,0,0,1,1,2,373,116,14,2,505,0,0,0,505
01/29/2019,STL,MO,ACE,CE,Towers with Radar,329,126,22,1,478,0,4,3,0,7,329,130,25,1,485,0,0,0,485
01/30/2019,STL,MO,ACE,CE,Towers with Radar,274,115,18,1,408,0,4,0,1,5,274,119,18,2,413,0,0,0,413
01/31/2019,STL,MO,ACE,CE,Towers with Radar,347,137,24,7,515,0,3,0,4,7,347,140,24,11,522,0,16,16,538
02/01/2019,STL,MO,ACE,CE,Towers with Radar,380,138,12,5,535,0,3,2,5,10,380,141,14,10,545,0,0,0,545
02/02/2019,STL,MO,ACE,CE,Towers with Radar,262,112,15,4,393,0,2,1,0,3,262,114,16,4,396,24,0,24,420
02/03/2019,STL,MO,ACE,CE,Towers with Radar,307,119,2,2,430,0,2,2,2,6,307,121,4,4,436,0,0,0,436
02/04/2019,STL,MO,ACE,CE,Towers with Radar,385,136,10,2,533,0,2,0,0,2,385,138,10,2,535,0,0,0,535
02/05/2019,STL,MO,ACE,CE,Towers with Radar,365,131,16,0,512,0,0,1,0,1,365,131,17,0,513,0,0,0,513
02/06/2019,STL,MO,ACE,CE,Towers with Radar,365,114,9,1,489,0,0,0,0,0,365,114,9,1,489,0,0,0,489
02/07/2019,STL,MO,ACE,CE,Towers with Radar,379,127,24,0,530,0,0,0,0,0,379,127,24,0,530,0,0,0,530
02/08/2019,STL,MO,ACE,CE,Towers with Radar,400,133,22,2,557,0,2,6,2,10,400,135,28,4,567,32,0,32,599
02/09/2019,STL,MO,ACE,CE,Towers with Radar,268,91,5,3,367,0,2,1,1,4,268,93,6,4,371,0,0,0,371
02/10/2019,STL,MO,ACE,CE,Towers with Radar,244,80,4,0,328,0,0,0,0,0,244,80,4,0,328,0,0,0,328
02/11/2019,STL,MO,ACE,CE,Towers with Radar,371,130,17,0,518,0,0,0,0,0,371,130,17,0,518,0,0,0,518
02/12/2019,STL,MO,ACE,CE,Towers with Radar,353,123,13,2,491,0,0,0,0,0,353,123,13,2,491,0,0,0,491
02/13/2019,STL,MO,ACE,CE,Towers with Radar,376,134,27,2,539,0,10,7,0,17,376,144,34,2,556,24,0,24,580
02/14/2019,STL,MO,ACE,CE,Towers with Radar,402,123,14,6,545,0,3,0,0,3,402,126,14,6,548,0,0,0,548
02/15/2019,STL,MO,ACE,CE,Towers with Radar,378,129,16,1,524,0,1,2,0,3,378,130,18,1,527,0,0,0,527
02/16/2019,STL,MO,ACE,CE,Towers with Radar,274,86,11,1,372,0,5,4,3,12,274,91,15,4,384,0,0,0,384
02/17/2019,STL,MO,ACE,CE,Towers with Radar,316,101,14,0,431,0,0,0,0,0,316,101,14,0,431,0,0,0,431
02/18/2019,STL,MO,ACE,CE,Towers with Radar,380,126,16,1,523,0,4,1,1,6,380,130,17,2,529,6,8,14,543
02/19/2019,STL,MO,ACE,CE,Towers with Radar,356,144,22,7,529,0,0,0,1,1,356,144,22,8,530,0,0,0,530
02/20/2019,STL,MO,ACE,CE,Towers with Radar,351,126,18,3,498,0,0,2,0,2,351,126,20,3,500,0,0,0,500
02/21/2019,STL,MO,ACE,CE,Towers with Radar,385,138,21,4,548,0,1,5,2,8,385,139,26,6,556,16,0,16,572
02/22/2019,STL,MO,ACE,CE,Towers with Radar,396,133,11,5,545,0,1,2,5,8,396,134,13,10,553,0,6,6,559
02/23/2019,STL,MO,ACE,CE,Towers with Radar,273,88,5,1,367,0,0,0,0,0,273,88,5,1,367,0,0,0,367
02/24/2019,STL,MO,ACE,CE,Towers with Radar,340,86,7,2,435,0,2,0,1,3,340,88,7,3,438,0,12,12,450
02/25/2019,STL,MO,ACE,CE,Towers with Radar,383,128,8,2,521,0,5,5,2,12,383,133,13,4,533,16,12,28,561
02/26/2019,STL,MO,ACE,CE,Towers with Radar,383,132,17,6,538,0,12,6,2,20,383,144,23,8,558,0,0,0,558
02/27/2019,STL,MO,ACE,CE,Towers with Radar,385,147,17,4,553,0,3,1,1,5,385,150,18,5,558,0,0,0,558
02/28/2019,STL,MO,ACE,CE,Towers with Radar,384,114,15,0,513,0,0,1,0,1,384,114,16,0,514,0,0,0,514
03/01/2019,STL,MO,ACE,CE,Towers with Radar,384,130,10,8,532,0,2,0,0,2,384,132,10,8,534,0,8,8,542
03/02/2019,STL,MO,ACE,CE,Towers with Radar,272,89,3,0,364,0,3,0,0,3,272,92,3,0,367,0,0,0,367
03/03/2019,STL,MO,ACE,CE,Towers with Radar,342,95,6,0,443,0,1,0,0,1,342,96,6,0,444,0,0,0,444
03/04/2019,STL,MO,ACE,CE,Towers with Radar,378,123,23,4,528,0,0,3,0,3,378,123,26,4,531,0,0,0,531
03/05/2019,STL,MO,ACE,CE,Towers with Radar,383,124,11,5,523,0,7,0,1,8,383,131,11,6,531,0,0,0,531
03/06/2019,STL,MO,ACE,CE,Towers with Radar,389,121,17,4,531,0,8,3,1,12,389,129,20,5,543,0,0,0,543
03/07/2019,STL,MO,ACE,CE,Towers with Radar,405,129,16,3,553,0,4,3,0,7,405,133,19,3,560,12,0,12,572
03/08/2019,STL,MO,ACE,CE,Towers with Radar,416,129,17,3,565,0,0,3,1,4,416,129,20,4,569,0,0,0,569
03/09/2019,STL,MO,ACE,CE,Towers with Radar,333,94,4,0,431,0,0,0,0,0,333,94,4,0,431,0,0,0,431
03/10/2019,STL,MO,ACE,CE,Towers with Radar,392,111,9,2,514,0,2,15,1,18,392,113,24,3,532,0,12,12,544
03/11/2019,STL,MO,ACE,CE,Towers with Radar,412,131,22,1,566,0,6,2,0,8,412,137,24,1,574,0,10,10,584
03/12/2019,STL,MO,ACE,CE,Towers with Radar,416,124,28,3,571,0,4,2,3,9,416,128,30,6,580,0,0,0,580
03/13/2019,STL,MO,ACE,CE,Towers with Radar,403,119,20,0,542,0,0,1,0,1,403,119,21,0,543,0,0,0,543
03/14/2019,STL,MO,ACE,CE,Towers with Radar,403,122,18,1,544,0,0,0,1,1,403,122,18,2,545,0,0,0,545
03/15/2019,STL,MO,ACE,CE,Towers with Radar,402,141,16,5,564,0,1,5,5,11,402,142,21,10,575,0,0,0,575
03/16/2019,STL,MO,ACE,CE,Towers with Radar,331,98,13,2,444,0,1,6,1,8,331,99,19,3,452,0,10,10,462
03/17/2019,STL,MO,ACE,CE,Towers with Radar,392,107,13,2,514,0,0,2,2,4,392,107,15,4,518,20,0,20,538
03/18/2019,STL,MO,ACE,CE,Towers with Radar,402,120,8,0,530,0,8,7,5,20,402,128,15,5,550,12,0,12,562
03/19/2019,STL,MO,ACE,CE,Towers with Radar,395,118,25,7,545,0,4,6,7,17,395,122,31,14,562,12,14,26,588
03/20/2019,STL,MO,ACE,CE,Towers with Radar,410,125,24,3,562,0,3,2,1,6,410,128,26,4,568,0,6,6,574
03/21/2019,STL,MO,ACE,CE,Towers with Radar,408,128,26,3,565,0,1,3,4,8,408,129,29,7,573,0,0,0,573
03/22/2019,STL,MO,ACE,CE,Towers with Radar,408,126,18,2,554,0,9,3,1,13,408,135,21,3,567,0,0,0,567
03/23/2019,STL,MO,ACE,CE,Towers with Radar,341,97,13,0,451,0,1,2,0,3,341,98,15,0,454,0,0,0,454
03/24/2019,STL,MO,ACE,CE,Towers with Radar,382,113,10,2,507,0,2,0,0,2,382,115,10,2,509,0,0,0,509
03/25/2019,STL,MO,ACE,CE,Towers with Radar,409,141,17,7,574,0,2,2,1,5,409,143,19,8,579,0,0,0,579
03/26/2019,STL,MO,ACE,CE,Towers with Radar,394,125,18,5,542,0,4,5,0,9,394,129,23,5,551,0,0,0,551
03/27/2019,STL,MO,ACE,CE,Towers with Radar,402,127,19,0,548,0,10,6,4,20,402,137,25,4,568,0,0,0,568
03/28/2019,STL,MO,ACE,CE,Towers with Radar,407,129,21,1,558,0,0,3,2,5,407,129,24,3,563,0,0,0,563
03/29/2019,STL,MO,ACE,CE,Towers with Radar,400,129,22,0,551,0,0,0,0,0,400,129,22,0,551,0,0,0,551
03/30/2019,STL,MO,ACE,CE,Towers with Radar,335,78,8,0,421,0,0,0,0,0,335,78,8,0,421,0,0,0,421
03/31/2019,STL,MO,ACE,CE,Towers with Radar,390,112,8,2,512,0,2,1,0,3,390,114,9,2,515,0,0,0,515
04/01/2019,STL,MO,ACE,CE,Towers with Radar,399,128,12,0,539,0,6,4,0,10,399,134,16,0,549,12,0,12,561
04/02/2019,STL,MO,ACE,CE,Towers with Radar,391,139,16,3,549,0,8,0,2,10,391,147,16,5,559,0,0,0,559
04/03/2019,STL,MO,ACE,CE,Towers with Radar,403,131,21,2,557,0,6,2,3,11,403,137,23,5,568,0,0,0,568
04/04/2019,STL,MO,ACE,CE,Towers with Radar,396,131,20,0,547,0,0,0,0,0,396,131,20,0,547,0,0,0,547
04/05/2019,STL,MO,ACE,CE,Towers with Radar,400,138,12,1,551,0,0,0,1,1,400,138,12,2,552,0,0,0,552
04/06/2019,STL,MO,ACE,CE,Towers with Radar,322,92,9,0,423,0,1,5,0,6,322,93,14,0,429,8,0,8,437
04/07/2019,STL,MO,ACE,CE,Towers with Radar,391,111,2,4,508,0,1,2,0,3,391,112,4,4,511,0,0,0,511
04/08/2019,STL,MO,ACE,CE,Towers with Radar,411,150,11,2,574,0,2,17,3,22,411,152,28,5,596,4,10,14,610
04/09/2019,STL,MO,ACE,CE,Towers with Radar,403,130,17,5,555,0,5,0,4,9,403,135,17,9,564,0,6,6,570
04/10/2019,STL,MO,ACE,CE,Towers with Radar,405,134,15,0,554,0,4,1,4,9,405,138,16,4,563,0,0,0,563
04/11/2019,STL,MO,ACE,CE,Towers with Radar,390,137,18,7,552,0,4,1,7,12,390,141,19,14,564,0,0,0,564
04/12/2019,STL,MO,ACE,CE,Towers with Radar,404,122,10,0,536,0,2,1,2,5,404,124,11,2,541,0,0,0,541
04/13/2019,STL,MO,ACE,CE,Towers with Radar,308,96,4,0,408,0,0,6,0,6,308,96,10,0,414,0,0,0,414
04/14/2019,STL,MO,ACE,CE,Towers with Radar,379,110,15,0,504,0,0,0,0,0,379,110,15,0,504,0,0,0,504
04/15/2019,STL,MO,ACE,CE,Towers with Radar,412,142,26,5,585,0,0,2,3,5,412,142,28,8,590,0,0,0,590
04/16/2019,STL,MO,ACE,CE,Towers with Radar,402,138,12,2,554,0,6,4,4,14,402,144,16,6,568,14,0,14,582
04/17/2019,STL,MO,ACE,CE,Towers with Radar,410,135,28,0,573,0,2,1,0,3,410,137,29,0,576,0,0,0,576
04/18/2019,STL,MO,ACE,CE,Towers with Radar,403,144,20,0,567,0,0,0,0,0,403,144,20,0,567,0,0,0,567
04/19/2019,STL,MO,ACE,CE,Towers with Radar,401,123,12,4,540,0,1,0,1,2,401,124,12,5,542,0,0,0,542
04/20/2019,STL,MO,ACE,CE,Towers with Radar,296,80,7,0,383,0,0,0,0,0,296,80,7,0,383,0,0,0,383
04/21/2019,STL,MO,ACE,CE,Towers with Radar,391,108,1,0,500,0,4,4,0,8,391,112,5,0,508,0,0,0,508
04/22/2019,STL,MO,ACE,CE,Towers with Radar,412,141,19,11,583,0,6,2,2,10,412,147,21,13,593,0,10,10,603
04/23/2019,STL,MO,ACE,CE,Towers with Radar,406,138,32,5,581,0,0,5,0,5,406,138,37,5,586,10,18,28,614
04/24/2019,STL,MO,ACE,CE,Towers with Radar,405,135,14,0,554,0,0,0,0,0,405,135,14,0,554,0,0,0,554
04/25/2019,STL,MO,ACE,CE,Towers with Radar,404,139,19,2,564,0,0,0,0,0,404,139,19,2,564,0,0,0,564
04/26/2019,STL,MO,ACE,CE,Towers with Radar,392,131,13,2,538,0,1,6,3,10,392,132,19,5,548,0,0,0,548
04/27/2019,STL,MO,ACE,CE,Towers with Radar,296,92,5,0,393,0,0,0,0,0,296,92,5,0,393,0,0,0,393
04/28/2019,STL,MO,ACE,CE,Towers with Radar,390,106,7,3,506,0,0,2,2,4,390,106,9,5,510,14,0,14,524
04/29/2019,STL,MO,ACE,CE,Towers with Radar,416,129,16,3,564,0,3,0,1,4,416,132,16,4,568,0,0,0,568
04/30/2019,STL,MO,ACE,CE,Towers with Radar,333,114,10,0,457,0,1,0,0,1,333,115,10,0,458,0,0,0,458
05/01/2019,STL,MO,ACE,CE,Towers with Radar,412,147,27,1,587,0,2,2,1,5,412,149,29,2,592,0,0,0,592
05/02/2019,STL,MO,ACE,CE,Towers with Radar,405,144,23,2,574,0,0,1,0,1,405,144,24,2,575,0,0,0,575
05/03/2019,STL,MO,ACE,CE,Towers with Radar,411,143,21,3,578,0,0,0,2,2,411,143,21,5,580,0,0,0,580
05/04/2019,STL,MO,ACE,CE,Towers with Radar,304,103,6,0,413,0,5,4,1,10,304,108,10,1,423,0,0,0,423
05/05/2019,STL,MO,ACE,CE,Towers with Radar,393,111,14,2,520,0,3,5,2,10,393,114,19,4,530,22,0,22,552
05/06/2019,STL,MO,ACE,CE,Towers with Radar,426,130,25,1,582,0,2,2,1,5,426,132,27,2,587,0,0,0,587
05/07/2019,STL,MO,ACE,CE,Towers with Radar,415,118,22,3,558,0,4,2,0,6,415,122,24,3,564,0,0,0,564
05/08/2019,STL,MO,ACE,CE,Towers with Radar,410,134,23,11,578,0,1,4,1,6,410,135,27,12,584,0,0,0,584
05/09/2019,STL,MO,ACE,CE,Towers with Radar,423,138,29,4,594,0,2,0,2,4,423,140,29,6,598,0,0,0,598
05/10/2019,STL,MO,ACE,CE,Towers with Radar,411,126,19,9,565,0,0,5,2,7,411,126,24,11,572,0,0,0,572
05/11/2019,STL,MO,ACE,CE,Towers with Radar,300,90,3,6,399,0,3,0,1,4,300,93,3,7,403,0,0,0,403
05/12/2019,STL,MO,ACE,CE,Towers with Radar,392,102,12,3,509,0,0,0,1,1,392,102,12,4,510,0,0,0,510
05/13/2019,STL,MO,ACE,CE,Towers with Radar,406,124,19,16,565,0,5,0,4,9,406,129,19,20,574,0,6,6,580
05/14/2019,STL,MO,ACE,CE,Towers with Radar,422,127,27,8,584,0,7,5,3,15,422,134,32,11,599,0,0,0,599
05/15/2019,STL,MO,ACE,CE,Towers with Radar,419,136,34,4,593,0,0,2,3,5,419,136,36,7,598,0,0,0,598
05/16/2019,STL,MO,ACE,CE,Towers with Radar,415,143,26,2,586,0,3,2,4,9,415,146,28,6,595,0,0,0,595
05/17/2019,STL,MO,ACE,CE,Towers with Radar,421,124,27,7,579,0,7,2,5,14,421,131,29,12,593,0,0,0,593
05/18/2019,STL,MO,ACE,CE,Towers with Radar,306,97,14,2,419,0,6,0,2,8,306,103,14,4,427,0,0,0,427
05/19/2019,STL,MO,ACE,CE,Towers with Radar,394,110,8,4,516,0,3,1,2,6,394,113,9,6,522,0,0,0,522
05/20/2019,STL,MO,ACE,CE,Towers with Radar,412,132,8,3,555,0,4,3,1,8,412,136,11,4,563,0,0,0,563
05/21/2019,STL,MO,ACE,CE,Towers with Radar,403,121,29,2,555,0,0,0,3,3,403,121,29,5,558,0,0,0,558
05/22/2019,STL,MO,ACE,CE,Towers with Radar,422,131,25,2,580,0,1,5,4,10,422,132,30,6,590,0,0,0,590
05/23/2019,STL,MO,ACE,CE,Towers with Radar,419,138,26,1,584,0,0,2,0,2,419,138,28,1,586,0,0,0,586
05/24/2019,STL,MO,ACE,CE,Towers with Radar,413,128,22,0,563,0,2,4,0,6,413,130,26,0,569,0,0,0,569
05/25/2019,STL,MO,ACE,CE,Towers with Radar,312,100,5,0,417,0,3,0,0,3,312,103,5,0,420,0,0,0,420
05/26/2019,STL,MO,ACE,CE,Towers with Radar,323,95,6,0,424,0,1,5,2,8,323,96,11,2,432,10,0,10,442
05/27/2019,STL,MO,ACE,CE,Towers with Radar,387,128,6,0,521,0,0,0,0,0,387,128,6,0,521,0,0,0,521
05/28/2019,STL,MO,ACE,CE,Towers with Radar,416,128,19,6,569,0,2,6,1,9,416,130,25,7,578,0,0,0,578
05/29/2019,STL,MO,ACE,CE,Towers with Radar,401,126,21,2,550,0,0,1,1,2,401,126,22,3,552,12,0,12,564
05/30/2019,STL,MO,ACE,CE,Towers with Radar,408,128,15,2,553,0,8,3,0,11,408,136,18,2,564,30,0,30,594
05/31/2019,STL,MO,ACE,CE,Towers with Radar,428,130,22,0,580,0,2,4,0,6,428,132,26,0,586,46,0,46,632
06/01/2019,STL,MO,ACE,CE,Towers with Radar,297,88,13,0,398,0,4,2,0,6,297,92,15,0,404,0,0,0,404
06/02/2019,STL,MO,ACE,CE,Towers with Radar,402,102,19,0,523,0,1,2,0,3,402,103,21,0,526,6,0,6,532
06/03/2019,STL,MO,ACE,CE,Towers with Radar,416,140,23,1,580,0,1,3,1,5,416,141,26,2,585,0,0,0,585
06/04/2019,STL,MO,ACE,CE,Towers with Radar,423,136,24,1,584,0,1,2,5,8,423,137,26,6,592,0,0,0,592
06/05/2019,STL,MO,ACE,CE,Towers with Radar,411,125,27,5,568,0,1,2,2,5,411,126,29,7,573,0,0,0,573
06/06/2019,STL,MO,ACE,CE,Towers with Radar,419,135,11,2,567,0,6,3,0,9,419,141,14,2,576,0,0,0,576
06/07/2019,STL,MO,ACE,CE,Towers with Radar,423,119,10,5,557,0,3,5,1,9,423,122,15,6,566,0,8,8,574
06/08/2019,STL,MO,ACE,CE,Towers with Radar,326,99,4,0,429,0,0,1,0,1,326,99,5,0,430,0,0,0,430
06/09/2019,STL,MO,ACE,CE,Towers with Radar,393,118,21,1,533,0,1,3,0,4,393,119,24,1,537,0,0,0,537
06/10/2019,STL,MO,ACE,CE,Towers with Radar,421,138,20,3,582,0,4,3,5,12,421,142,23,8,594,0,0,0,594
06/11/2019,STL,MO,ACE,CE,Towers with Radar,420,137,30,13,600,0,3,2,2,7,420,140,32,15,607,0,0,0,607
06/12/2019,STL,MO,ACE,CE,Towers with Radar,408,128,13,3,552,0,1,2,0,3,408,129,15,3,555,0,0,0,555
06/13/2019,STL,MO,ACE,CE,Towers with Radar,413,133,24,9,579,0,6,2,3,11,413,139,26,12,590,0,0,0,590
06/14/2019,STL,MO,ACE,CE,Towers with Radar,433,116,14,3,566,0,11,2,1,14,433,127,16,4,580,0,0,0,580
06/15/2019,STL,MO,ACE,CE,Towers with Radar,348,89,5,0,442,0,4,1,0,5,348,93,6,0,447,0,0,0,447
06/16/2019,STL,MO,ACE,CE,Towers with Radar,391,110,1,0,502,0,0,1,0,1,391,110,2,0,503,0,0,0,503
06/17/2019,STL,MO,ACE,CE,Towers with Radar,420,131,10,0,561,0,0,0,0,0,420,131,10,0,561,0,0,0,561
06/18/2019,STL,MO,ACE,CE,Towers with Radar,413,119,20,3,555,0,0,1,2,3,413,119,21,5,558,0,0,0,558
06/19/2019,STL,MO,ACE,CE,Towers with Radar,426,121,11,1,559,0,0,1,4,5,426,121,12,5,564,0,10,10,574
06/20/2019,STL,MO,ACE,CE,Towers with Radar,422,121,12,0,555,0,0,1,1,2,422,121,13,1,557,0,0,0,557
06/21/2019,STL,MO,ACE,CE,Towers with Radar,420,104,8,1,533,0,2,1,2,5,420,106,9,3,538,0,0,0,538
06/22/2019,STL,MO,ACE,CE,Towers with Radar,363,101,5,0,469,0,4,2,0,6,363,105,7,0,475,0,0,0,475
06/23/2019,STL,MO,ACE,CE,Towers with Radar,400,109,7,0,516,0,0,0,0,0,400,109,7,0,516,0,0,0,516
06/24/2019,STL,MO,ACE,CE,Towers with Radar,416,124,26,5,571,0,0,2,1,3,416,124,28,6,574,0,0,0,574
06/25/2019,STL,MO,ACE,CE,Towers with Radar,422,130,23,3,578,0,5,1,1,7,422,135,24,4,585,0,0,0,585
06/26/2019,STL,MO,ACE,CE,Towers with Radar,423,118,11,5,557,0,0,2,4,6,423,118,13,9,563,0,0,0,563
06/27/2019,STL,MO,ACE,CE,Towers with Radar,419,124,13,5,561,0,2,2,5,9,419,126,15,10,570,0,0,0,570
06/28/2019,STL,MO,ACE,CE,Towers with Radar,424,120,7,4,555,2,5,0,2,9,426,125,7,6,564,0,0,0,564
06/29/2019,STL,MO,ACE,CE,Towers with Radar,342,72,7,0,421,0,8,0,0,8,342,80,7,0,429,0,0,0,429
06/30/2019,STL,MO,ACE,CE,Towers with Radar,403,108,5,3,519,0,3,0,0,3,403,111,5,3,522,0,0,0,522
07/01/2019,STL,MO,ACE,CE,Towers with Radar,406,119,18,8,551,0,2,3,1,6,406,121,21,9,557,0,0,0,557
07/02/2019,STL,MO,ACE,CE,Towers with Radar,407,97,7,3,514,0,3,2,1,6,407,100,9,4,520,0,0,0,520
07/03/2019,STL,MO,ACE,CE,Towers with Radar,398,113,10,1,522,0,2,0,2,4,398,115,10,3,526,0,2,2,528
07/04/2019,STL,MO,ACE,CE,Towers with Radar,302,90,1,0,393,0,2,1,4,7,302,92,2,4,400,0,0,0,400
07/05/2019,STL,MO,ACE,CE,Towers with Radar,359,105,5,0,469,0,3,1,2,6,359,108,6,2,475,0,0,0,475
07/06/2019,STL,MO,ACE,CE,Towers with Radar,347,87,8,2,444,0,0,3,4,7,347,87,11,6,451,0,0,0,451
07/07/2019,STL,MO,ACE,CE,Towers with Radar,405,112,7,1,525,0,1,2,0,3,405,113,9,1,528,0,0,0,528
07/08/2019,STL,MO,ACE,CE,Towers with Radar,430,127,25,2,584,0,3,3,0,6,430,130,28,2,590,0,0,0,590
07/09/2019,STL,MO,ACE,CE,Towers with Radar,421,129,23,2,575,0,2,0,2,4,421,131,23,4,579,0,0,0,579
07/10/2019,STL,MO,ACE,CE,Towers with Radar,416,137,16,3,572,0,2,0,1,3,416,139,16,4,575,0,0,0,575
07/11/2019,STL,MO,ACE,CE,Towers with Radar,397,122,29,9,557,0,7,3,3,13,397,129,32,12,570,0,0,0,570
07/12/2019,STL,MO,ACE,CE,Towers with Radar,424,132,10,7,573,0,3,6,1,10,424,135,16,8,583,0,0,0,583
07/13/2019,STL,MO,ACE,CE,Towers with Radar,351,87,8,0,446,0,4,2,1,7,351,91,10,1,453,0,0,0,453
07/14/2019,STL,MO,ACE,CE,Towers with Radar,424,122,13,0,559,0,0,3,0,3,424,122,16,0,562,8,0,8,570
07/15/2019,STL,MO,ACE,CE,Towers with Radar,422,136,16,1,575,0,1,0,0,1,422,137,16,1,576,0,0,0,576
07/16/2019,STL,MO,ACE,CE,Towers with Radar,418,129,20,2,569,0,0,1,0,1,418,129,21,2,570,0,5,5,575
07/17/2019,STL,MO,ACE,CE,Towers with Radar,398,114,26,1,539,0,3,0,0,3,398,117,26,1,542,0,0,0,542
07/18/2019,STL,MO,ACE,CE,Towers with Radar,439,140,20,9,608,0,1,2,3,6,439,141,22,12,614,0,0,0,614
07/19/2019,STL,MO,ACE,CE,Towers with Radar,423,122,13,8,566,0,5,0,3,8,423,127,13,11,574,0,0,0,574
07/20/2019,STL,MO,ACE,CE,Towers with Radar,362,89,8,7,466,0,2,1,0,3,362,91,9,7,469,0,0,0,469
07/21/2019,STL,MO,ACE,CE,Towers with Radar,411,108,6,3,528,0,0,4,2,6,411,108,10,5,534,0,0,0,534
07/22/2019,STL,MO,ACE,CE,Towers with Radar,434,132,23,6,595,0,5,6,1,12,434,137,29,7,607,0,10,10,617
07/23/2019,STL,MO,ACE,CE,Towers with Radar,421,127,25,6,579,0,3,2,2,7,421,130,27,8,586,0,16,16,602
07/24/2019,STL,MO,ACE,CE,Towers with Radar,417,122,29,3,571,0,5,4,2,11,417,127,33,5,582,0,0,0,582
07/25/2019,STL,MO,ACE,CE,Towers with Radar,430,133,27,3,593,0,4,0,5,9,430,137,27,8,602,0,0,0,602
07/26/2019,STL,MO,ACE,CE,Towers with Radar,425,124,26,4,579,0,2,0,0,2,425,126,26,4,581,0,0,0,581
07/27/2019,STL,MO,ACE,CE,Towers with Radar,352,90,12,0,454,0,0,1,0,1,352,90,13,0,455,0,0,0,455
07/28/2019,STL,MO,ACE,CE,Towers with Radar,417,101,10,0,528,0,1,0,0,1,417,102,10,0,529,0,0,0,529
07/29/2019,STL,MO,ACE,CE,Towers with Radar,434,130,9,2,575,0,1,2,0,3,434,131,11,2,578,0,0,0,578
07/30/2019,STL,MO,ACE,CE,Towers with Radar,421,120,20,7,568,0,2,1,3,6,421,122,21,10,574,0,0,0,574
07/31/2019,STL,MO,ACE,CE,Towers with Radar,414,121,18,4,557,0,1,4,5,10,414,122,22,9,567,0,0,0,567
08/01/2019,STL,MO,ACE,CE,Towers with Radar,424,130,10,4,568,0,1,1,2,4,424,131,11,6,572,0,0,0,572
08/02/2019,STL,MO,ACE,CE,Towers with Radar,413,124,7,5,549,0,3,0,6,9,413,127,7,11,558,0,0,0,558
08/03/2019,STL,MO,ACE,CE,Towers with Radar,357,87,14,0,458,0,3,2,0,5,357,90,16,0,463,0,0,0,463
08/04/2019,STL,MO,ACE,CE,Towers with Radar,403,99,12,0,514,0,0,5,0,5,403,99,17,0,519,0,0,0,519
08/05/2019,STL,MO,ACE,CE,Towers with Radar,427,130,8,5,570,0,0,0,3,3,427,130,8,8,573,0,0,0,573
08/06/2019,STL,MO,ACE,CE,Towers with Radar,424,121,21,3,569,0,1,0,7,8,424,122,21,10,577,0,0,0,577
08/07/2019,STL,MO,ACE,CE,Towers with Radar,411,114,19,7,551,0,4,4,0,8,411,118,23,7,559,0,0,0,559
08/08/2019,STL,MO,ACE,CE,Towers with Radar,423,129,25,4,581,0,2,5,3,10,423,131,30,7,591,0,0,0,591
08/09/2019,STL,MO,ACE,CE,Towers with Radar,419,124,14,3,560,0,0,6,2,8,419,124,20,5,568,0,0,0,568
08/10/2019,STL,MO,ACE,CE,Towers with Radar,322,83,7,0,412,0,1,0,0,1,322,84,7,0,413,0,0,0,413
08/11/2019,STL,MO,ACE,CE,Towers with Radar,408,113,8,0,529,0,1,2,0,3,408,114,10,0,532,0,0,0,532
08/12/2019,STL,MO,ACE,CE,Towers with Radar,415,134,15,4,568,0,1,1,0,2,415,135,16,4,570,0,0,0,570
08/13/2019,STL,MO,ACE,CE,Towers with Radar,420,128,23,0,571,0,1,5,0,6,420,129,28,0,577,0,0,0,577
08/14/2019,STL,MO,ACE,CE,Towers with Radar,417,117,24,1,559,0,2,6,1,9,417,119,30,2,568,0,0,0,568
08/15/2019,STL,MO,ACE,CE,Towers with Radar,419,134,16,2,571,0,0,3,1,4,419,134,19,3,575,0,0,0,575
08/16/2019,STL,MO,ACE,CE,Towers with Radar,424,129,20,2,575,0,1,3,2,6,424,130,23,4,581,0,0,0,581
08/17/2019,STL,MO,ACE,CE,Towers with Radar,314,88,6,0,408,0,7,0,0,7,314,95,6,0,415,0,0,0,415
08/18/2019,STL,MO,ACE,CE,Towers with Radar,405,108,7,0,520,0,0,1,0,1,405,108,8,0,521,0,0,0,521
08/19/2019,STL,MO,ACE,CE,Towers with Radar,432,119,16,2,569,0,1,2,0,3,432,120,18,2,572,0,0,0,572
08/20/2019,STL,MO,ACE,CE,Towers with Radar,398,119,18,4,539,0,4,0,2,6,398,123,18,6,545,0,0,0,545
08/21/2019,STL,MO,ACE,CE,Towers with Radar,414,133,17,0,564,0,1,3,0,4,414,134,20,0,568,0,0,0,568
08/22/2019,STL,MO,ACE,CE,Towers with Radar,406,134,23,10,573,0,0,0,0,0,406,134,23,10,573,0,0,0,573
08/23/2019,STL,MO,ACE,CE,Towers with Radar,417,135,17,4,573,0,0,0,7,7,417,135,17,11,580,0,0,0,580
08/24/2019,STL,MO,ACE,CE,Towers with Radar,308,86,8,0,402,0,5,3,2,10,308,91,11,2,412,0,0,0,412
08/25/2019,STL,MO,ACE,CE,Towers with Radar,396,107,15,0,518,0,0,0,0,0,396,107,15,0,518,0,0,0,518
08/26/2019,STL,MO,ACE,CE,Towers with Radar,407,128,15,12,562,0,0,2,0,2,407,128,17,12,564,0,0,0,564
08/27/2019,STL,MO,ACE,CE,Towers with Radar,408,125,16,6,555,0,0,0,3,3,408,125,16,9,558,0,0,0,558
08/28/2019,STL,MO,ACE,CE,Towers with Radar,410,130,26,11,577,0,7,3,1,11,410,137,29,12,588,0,0,0,588
08/29/2019,STL,MO,ACE,CE,Towers with Radar,417,124,20,4,565,0,6,0,4,10,417,130,20,8,575,0,0,0,575
08/30/2019,STL,MO,ACE,CE,Towers with Radar,400,128,10,7,545,0,0,0,0,0,400,128,10,7,545,0,0,0,545
08/31/2019,STL,MO,ACE,CE,Towers with Radar,274,92,2,0,368,0,0,0,0,0,274,92,2,0,368,0,0,0,368
09/01/2019,STL,MO,ACE,CE,Towers with Radar,285,94,1,2,382,0,0,0,0,0,285,94,1,2,382,0,0,0,382
09/02/2019,STL,MO,ACE,CE,Towers with Radar,379,123,6,3,511,0,0,0,1,1,379,123,6,4,512,0,0,0,512
09/03/2019,STL,MO,ACE,CE,Towers with Radar,400,111,18,4,533,0,4,6,1,11,400,115,24,5,544,0,0,0,544
09/04/2019,STL,MO,ACE,CE,Towers with Radar,397,118,22,8,545,0,3,3,3,9,397,121,25,11,554,0,0,0,554
09/05/2019,STL,MO,ACE,CE,Towers with Radar,419,117,25,8,569,0,4,1,3,8,419,121,26,11,577,0,0,0,577
09/06/2019,STL,MO,ACE,CE,Towers with Radar,408,123,20,5,556,0,1,2,3,6,408,124,22,8,562,10,22,32,594
09/07/2019,STL,MO,ACE,CE,Towers with Radar,292,94,8,1,395,0,0,9,1,10,292,94,17,2,405,0,0,0,405
09/08/2019,STL,MO,ACE,CE,Towers with Radar,411,121,15,0,547,0,0,1,0,1,411,121,16,0,548,0,0,0,548
09/09/2019,STL,MO,ACE,CE,Towers with Radar,425,130,23,3,581,0,4,4,1,9,425,134,27,4,590,0,0,0,590
09/10/2019,STL,MO,ACE,CE,Towers with Radar,423,121,20,4,568,0,7,16,1,24,423,128,36,5,592,0,0,0,592
09/11/2019,STL,MO,ACE,CE,Towers with Radar,423,140,19,4,586,0,3,6,0,9,423,143,25,4,595,0,0,0,595
09/12/2019,STL,MO,ACE,CE,Towers with Radar,446,141,34,7,628,0,8,10,0,18,446,149,44,7,646,0,0,0,646
09/13/2019,STL,MO,ACE,CE,Towers with Radar,434,120,25,2,581,0,1,5,2,8,434,121,30,4,589,0,0,0,589
09/14/2019,STL,MO,ACE,CE,Towers with Radar,297,87,11,0,395,0,5,7,0,12,297,92,18,0,407,8,0,8,415
09/15/2019,STL,MO,ACE,CE,Towers with Radar,412,107,7,2,528,0,2,1,0,3,412,109,8,2,531,0,0,0,531
09/16/2019,STL,MO,ACE,CE,Towers with Radar,424,122,18,2,566,0,2,3,4,9,424,124,21,6,575,0,0,0,575
09/17/2019,STL,MO,ACE,CE,Towers with Radar,428,123,32,7,590,0,3,9,2,14,428,126,41,9,604,0,0,0,604
09/18/2019,STL,MO,ACE,CE,Towers with Radar,419,129,27,0,575,0,9,3,0,12,419,138,30,0,587,0,0,0,587
09/19/2019,STL,MO,ACE,CE,Towers with Radar,426,133,33,0,592,0,5,4,1,10,426,138,37,1,602,0,0,0,602
09/20/2019,STL,MO,ACE,CE,Towers with Radar,431,130,25,8,594,0,2,2,4,8,431,132,27,12,602,0,0,0,602
09/21/2019,STL,MO,ACE,CE,Towers with Radar,304,93,7,5,409,0,5,5,0,10,304,98,12,5,419,0,0,0,419
09/22/2019,STL,MO,ACE,CE,Towers with Radar,411,116,9,2,538,0,1,0,0,1,411,117,9,2,539,0,0,0,539
09/23/2019,STL,MO,ACE,CE,Towers with Radar,423,137,8,6,574,0,6,2,3,11,423,143,10,9,585,0,0,0,585
09/24/2019,STL,MO,ACE,CE,Towers with Radar,429,130,8,7,574,0,7,20,7,34,429,137,28,14,608,0,0,0,608
09/25/2019,STL,MO,ACE,CE,Towers with Radar,419,138,19,1,577,0,0,6,1,7,419,138,25,2,584,0,0,0,584
09/26/2019,STL,MO,ACE,CE,Towers with Radar,432,127,10,7,576,0,3,1,3,7,432,130,11,10,583,0,0,0,583
09/27/2019,STL,MO,ACE,CE,Towers with Radar,436,116,14,3,569,0,4,2,0,6,436,120,16,3,575,0,0,0,575
09/28/2019,STL,MO,ACE,CE,Towers with Radar,306,105,8,2,421,0,1,3,0,4,306,106,11,2,425,0,0,0,425
09/29/2019,STL,MO,ACE,CE,Towers with Radar,413,110,4,0,527,0,1,0,0,1,413,111,4,0,528,0,0,0,528
09/30/2019,STL,MO,ACE,CE,Towers with Radar,422,135,31,3,591,0,3,1,1,5,422,138,32,4,596,0,0,0,596
10/01/2019,STL,MO,ACE,CE,Towers with Radar,428,129,20,7,584,0,5,0,6,11,428,134,20,13,595,16,0,16,611
10/02/2019,STL,MO,ACE,CE,Towers with Radar,415,121,25,4,565,0,2,1,1,4,415,123,26,5,569,0,0,0,569
10/03/2019,STL,MO,ACE,CE,Towers with Radar,429,129,21,1,580,0,2,2,1,5,429,131,23,2,585,0,0,0,585
10/04/2019,STL,MO,ACE,CE,Towers with Radar,428,120,26,14,588,0,10,3,4,17,428,130,29,18,605,0,0,0,605
10/05/2019,STL,MO,ACE,CE,Towers with Radar,303,78,12,0,393,0,2,0,0,2,303,80,12,0,395,0,0,0,395
10/06/2019,STL,MO,ACE,CE,Towers with Radar,419,92,13,1,525,0,0,5,3,8,419,92,18,4,533,0,0,0,533
10/07/2019,STL,MO,ACE,CE,Towers with Radar,427,130,10,1,568,0,1,5,0,6,427,131,15,1,574,0,0,0,574
10/08/2019,STL,MO,ACE,CE,Towers with Radar,423,112,24,8,567,0,6,7,2,15,423,118,31,10,582,0,0,0,582
10/09/2019,STL,MO,ACE,CE,Towers with Radar,420,122,18,5,565,0,4,0,1,5,420,126,18,6,570,0,0,0,570
10/10/2019,STL,MO,ACE,CE,Towers with Radar,426,128,20,2,576,0,1,0,1,2,426,129,20,3,578,0,0,0,578
10/11/2019,STL,MO,ACE,CE,Towers with Radar,424,130,22,0,576,0,0,2,0,2,424,130,24,0,578,0,0,0,578
10/12/2019,STL,MO,ACE,CE,Towers with Radar,298,77,9,3,387,0,10,1,0,11,298,87,10,3,398,0,0,0,398
10/13/2019,STL,MO,ACE,CE,Towers with Radar,417,86,15,4,522,0,19,3,0,22,417,105,18,4,544,0,0,0,544
10/14/2019,STL,MO,ACE,CE,Towers with Radar,427,112,22,0,561,0,9,7,0,16,427,121,29,0,577,0,0,0,577
10/15/2019,STL,MO,ACE,CE,Towers with Radar,419,133,23,3,578,0,1,0,1,2,419,134,23,4,580,0,0,0,580
10/16/2019,STL,MO,ACE,CE,Towers with Radar,422,120,21,2,565,0,4,3,0,7,422,124,24,2,572,0,0,0,572
10/17/2019,STL,MO,ACE,CE,Towers with Radar,426,113,31,6,576,0,8,6,2,16,426,121,37,8,592,6,0,6,598
10/18/2019,STL,MO,ACE,CE,Towers with Radar,430,116,30,1,577,0,12,2,1,15,430,128,32,2,592,14,0,14,606
10/19/2019,STL,MO,ACE,CE,Towers with Radar,305,91,5,0,401,0,4,2,0,6,305,95,7,0,407,0,0,0,407
10/20/2019,STL,MO,ACE,CE,Towers with Radar,424,108,6,0,538,0,0,3,0,3,424,108,9,0,541,0,0,0,541
10/21/2019,STL,MO,ACE,CE,Towers with Radar,431,130,21,2,584,0,1,1,0,2,431,131,22,2,586,0,0,0,586
10/22/2019,STL,MO,ACE,CE,Towers with Radar,429,113,23,3,568,0,3,0,1,4,429,116,23,4,572,0,0,0,572
10/23/2019,STL,MO,ACE,CE,Towers with Radar,427,128,14,3,572,0,2,1,3,6,427,130,15,6,578,0,0,0,578
10/24/2019,STL,MO,ACE,CE,Towers with Radar,428,132,18,3,581,0,1,0,1,2,428,133,18,4,583,0,0,0,583
10/25/2019,STL,MO,ACE,CE,Towers with Radar,439,117,10,14,580,0,10,2,2,14,439,127,12,16,594,0,0,0,594
10/26/2019,STL,MO,ACE,CE,Towers with Radar,313,86,4,0,403,0,0,0,0,0,313,86,4,0,403,0,0,0,403
10/27/2019,STL,MO,ACE,CE,Towers with Radar,411,99,4,0,514,0,6,0,0,6,411,105,4,0,520,0,0,0,520
10/28/2019,STL,MO,ACE,CE,Towers with Radar,415,134,20,0,569,0,0,0,0,0,415,134,20,0,569,0,0,0,569
10/29/2019,STL,MO,ACE,CE,Towers with Radar,402,118,21,0,541,0,0,4,0,4,402,118,25,0,545,0,0,0,545
10/30/2019,STL,MO,ACE,CE,Towers with Radar,403,118,14,0,535,0,0,0,0,0,403,118,14,0,535,0,0,0,535
10/31/2019,STL,MO,ACE,CE,Towers with Radar,390,123,16,2,531,0,0,0,2,2,390,123,16,4,533,0,0,0,533
11/01/2019,STL,MO,ACE,CE,Towers with Radar,419,115,17,0,551,0,7,3,0,10,419,122,20,0,561,0,0,0,561
11/02/2019,STL,MO,ACE,CE,Towers with Radar,304,80,4,0,388,0,3,4,2,9,304,83,8,2,397,12,0,12,409
11/03/2019,STL,MO,ACE,CE,Towers with Radar,395,100,10,0,505,0,5,0,0,5,395,105,10,0,510,0,0,0,510
11/04/2019,STL,MO,ACE,CE,Towers with Radar,420,126,17,2,565,0,0,2,1,3,420,126,19,3,568,0,0,0,568
11/05/2019,STL,MO,ACE,CE,Towers with Radar,403,131,17,3,554,0,1,7,3,11,403,132,24,6,565,0,0,0,565
11/06/2019,STL,MO,ACE,CE,Towers with Radar,398,121,17,5,541,0,2,2,1,5,398,123,19,6,546,0,0,0,546
11/07/2019,STL,MO,ACE,CE,Towers with Radar,422,115,23,9,569,0,2,0,3,5,422,117,23,12,574,0,0,0,574
11/08/2019,STL,MO,ACE,CE,Towers with Radar,420,118,6,6,550,0,10,4,3,17,420,128,10,9,567,14,0,14,581
11/09/2019,STL,MO,ACE,CE,Towers with Radar,265,74,9,2,350,0,7,2,0,9,265,81,11,2,359,0,0,0,359
11/10/2019,STL,MO,ACE,CE,Towers with Radar,400,85,9,0,494,0,14,2,0,16,400,99,11,0,510,0,0,0,510
11/11/2019,STL,MO,ACE,CE,Towers with Radar,389,112,16,0,517,0,0,0,0,0,389,112,16,0,517,0,0,0,517
11/12/2019,STL,MO,ACE,CE,Towers with Radar,426,138,19,1,584,0,3,0,0,3,426,141,19,1,587,0,0,0,587
11/13/2019,STL,MO,ACE,CE,Towers with Radar,405,123,20,7,555,0,7,1,3,11,405,130,21,10,566,0,16,16,582
11/14/2019,STL,MO,ACE,CE,Towers with Radar,428,138,16,4,586,0,3,3,1,7,428,141,19,5,593,0,0,0,593
11/15/2019,STL,MO,ACE,CE,Towers with Radar,414,136,28,4,582,0,4,0,7,11,414,140,28,11,593,0,0,0,593
11/16/2019,STL,MO,ACE,CE,Towers with Radar,269,82,2,0,353,0,9,2,0,11,269,91,4,0,364,0,0,0,364
11/17/2019,STL,MO,ACE,CE,Towers with Radar,395,115,5,0,515,0,0,4,0,4,395,115,9,0,519,0,0,0,519
11/18/2019,STL,MO,ACE,CE,Towers with Radar,417,129,15,4,565,0,3,2,7,12,417,132,17,11,577,20,0,20,597
11/19/2019,STL,MO,ACE,CE,Towers with Radar,406,117,19,6,548,0,1,1,2,4,406,118,20,8,552,0,0,0,552
11/20/2019,STL,MO,ACE,CE,Towers with Radar,405,127,26,5,563,0,3,4,7,14,405,130,30,12,577,0,0,0,577
11/21/2019,STL,MO,ACE,CE,Towers with Radar,411,135,21,10,577,0,0,0,1,1,411,135,21,11,578,0,0,0,578
11/22/2019,STL,MO,ACE,CE,Towers with Radar,412,137,15,3,567,0,2,2,1,5,412,139,17,4,572,0,0,0,572
11/23/2019,STL,MO,ACE,CE,Towers with Radar,340,98,6,2,446,0,0,0,0,0,340,98,6,2,446,0,0,0,446
11/24/2019,STL,MO,ACE,CE,Towers with Radar,397,88,14,2,501,0,7,2,0,9,397,95,16,2,510,0,0,0,510
11/25/2019,STL,MO,ACE,CE,Towers with Radar,390,114,21,10,535,0,8,11,8,27,390,122,32,18,562,16,20,36,598
11/26/2019,STL,MO,ACE,CE,Towers with Radar,394,125,29,3,551,0,0,0,1,1,394,125,29,4,552,0,0,0,552
11/27/2019,STL,MO,ACE,CE,Towers with Radar,427,116,8,4,555,0,1,2,1,4,427,117,10,5,559,0,0,0,559
11/28/2019,STL,MO,ACE,CE,Towers with Radar,229,82,1,0,312,0,0,0,0,0,229,82,1,0,312,0,0,0,312
11/29/2019,STL,MO,ACE,CE,Towers with Radar,289,100,4,1,394,0,0,0,1,1,289,100,4,2,395,0,0,0,395
11/30/2019,STL,MO,ACE,CE,Towers with Radar,375,115,7,0,497,0,1,0,0,1,375,116,7,0,498,0,0,0,498
12/01/2019,STL,MO,ACE,CE,Towers with Radar,418,106,12,0,536,0,0,0,0,0,418,106,12,0,536,0,0,0,536
12/02/2019,STL,MO,ACE,CE,Towers with Radar,414,147,10,4,575,0,1,5,0,6,414,148,15,4,581,14,0,14,595
12/03/2019,STL,MO,ACE,CE,Towers with Radar,419,126,12,4,561,0,6,6,1,13,419,132,18,5,574,0,0,0,574
12/04/2019,STL,MO,ACE,CE,Towers with Radar,410,115,24,2,551,0,6,11,2,19,410,121,35,4,570,0,0,0,570
12/05/2019,STL,MO,ACE,CE,Towers with Radar,423,108,26,7,564,0,6,3,7,16,423,114,29,14,580,0,0,0,580
12/06/2019,STL,MO,ACE,CE,Towers with Radar,423,114,34,7,578,0,1,4,1,6,423,115,38,8,584,0,0,0,584
12/07/2019,STL,MO,ACE,CE,Towers with Radar,248,81,8,1,338,0,3,14,1,18,248,84,22,2,356,0,0,0,356
12/08/2019,STL,MO,ACE,CE,Towers with Radar,391,99,7,0,497,0,1,0,0,1,391,100,7,0,498,0,0,0,498
12/09/2019,STL,MO,ACE,CE,Towers with Radar,406,115,20,1,542,0,0,1,0,1,406,115,21,1,543,0,0,0,543
12/10/2019,STL,MO,ACE,CE,Towers with Radar,407,110,38,6,561,0,9,2,11,22,407,119,40,17,583,42,0,42,625
12/11/2019,STL,MO,ACE,CE,Towers with Radar,420,134,22,7,583,0,3,4,3,10,420,137,26,10,593,0,12,12,605
12/12/2019,STL,MO,ACE,CE,Towers with Radar,423,125,23,8,579,0,5,3,2,10,423,130,26,10,589,0,0,0,589
12/13/2019,STL,MO,ACE,CE,Towers with Radar,418,131,5,2,556,0,2,3,4,9,418,133,8,6,565,0,0,0,565
12/14/2019,STL,MO,ACE,CE,Towers with Radar,256,79,9,0,344,0,0,0,0,0,256,79,9,0,344,12,0,12,356
12/15/2019,STL,MO,ACE,CE,Towers with Radar,364,91,9,0,464,0,0,0,0,0,364,91,9,0,464,0,0,0,464
12/16/2019,STL,MO,ACE,CE,Towers with Radar,371,108,9,1,489,0,0,0,0,0,371,108,9,1,489,0,0,0,489
12/17/2019,STL,MO,ACE,CE,Towers with Radar,402,112,26,1,541,0,0,4,1,5,402,112,30,2,546,10,0,10,556
12/18/2019,STL,MO,ACE,CE,Towers with Radar,410,112,13,2,537,0,5,2,9,16,410,117,15,11,553,0,0,0,553
12/19/2019,STL,MO,ACE,CE,Towers with Radar,418,115,20,5,558,0,9,9,3,21,418,124,29,8,579,0,0,0,579
12/20/2019,STL,MO,ACE,CE,Towers with Radar,425,121,17,6,569,0,9,3,4,16,425,130,20,10,585,0,0,0,585
12/21/2019,STL,MO,ACE,CE,Towers with Radar,353,88,9,0,450,0,2,7,0,9,353,90,16,0,459,0,0,0,459
12/22/2019,STL,MO,ACE,CE,Towers with Radar,404,89,4,0,497,0,6,4,0,10,404,95,8,0,507,0,0,0,507
12/23/2019,STL,MO,ACE,CE,Towers with Radar,401,117,10,2,530,0,1,7,2,10,401,118,17,4,540,0,0,0,540
12/24/2019,STL,MO,ACE,CE,Towers with Radar,339,92,12,0,443,0,2,11,0,13,339,94,23,0,456,0,0,0,456
12/25/2019,STL,MO,ACE,CE,Towers with Radar,303,92,2,0,397,0,4,6,0,10,303,96,8,0,407,0,0,0,407
12/26/2019,STL,MO,ACE,CE,Towers with Radar,390,123,21,0,534,0,2,7,0,9,390,125,28,0,543,0,0,0,543
12/27/2019,STL,MO,ACE,CE,Towers with Radar,404,117,18,0,539,0,0,2,0,2,404,117,20,0,541,0,0,0,541
12/28/2019,STL,MO,ACE,CE,Towers with Radar,342,93,16,2,453,0,0,0,0,0,342,93,16,2,453,0,0,0,453
12/29/2019,STL,MO,ACE,CE,Towers with Radar,390,97,1,0,488,0,0,0,0,0,390,97,1,0,488,0,0,0,488
12/30/2019,STL,MO,ACE,CE,Towers with Radar,407,92,8,0,507,0,2,4,0,6,407,94,12,0,513,0,0,0,513
12/31/2019,STL,MO,ACE,CE,Towers with Radar,330,83,6,0,419,0,0,4,0,4,330,83,10,0,423,0,0,0,423
01/01/2020,STL,MO,ACE,CE,Towers with Radar,335,82,8,0,425,0,3,2,0,5,335,85,10,0,430,0,0,0,430
01/02/2020,STL,MO,ACE,CE,Towers with Radar,390,107,13,1,511,0,2,2,0,4,390,109,15,1,515,0,0,0,515
01/03/2020,STL,MO,ACE,CE,Towers with Radar,402,110,9,1,522,0,0,2,0,2,402,110,11,1,524,0,0,0,524
01/04/2020,STL,MO,ACE,CE,Towers with Radar,267,91,4,0,362,0,1,0,0,1,267,92,4,0,363,0,0,0,363
01/05/2020,STL,MO,ACE,CE,Towers with Radar,386,97,9,0,492,0,4,0,0,4,386,101,9,0,496,0,0,0,496
01/06/2020,STL,MO,ACE,CE,Towers with Radar,405,108,13,6,532,0,2,3,4,9,405,110,16,10,541,0,0,0,541
01/07/2020,STL,MO,ACE,CE,Towers with Radar,391,109,13,0,513,0,4,5,0,9,391,113,18,0,522,0,0,0,522
01/08/2020,STL,MO,ACE,CE,Towers with Radar,396,107,21,4,528,0,5,5,5,15,396,112,26,9,543,6,0,6,549
01/09/2020,STL,MO,ACE,CE,Towers with Radar,398,133,14,1,546,0,1,2,1,4,398,134,16,2,550,0,0,0,550
01/10/2020,STL,MO,ACE,CE,Towers with Radar,398,116,16,0,530,0,0,0,0,0,398,116,16,0,530,0,0,0,530
01/11/2020,STL,MO,ACE,CE,Towers with Radar,249,66,3,0,318,0,0,0,0,0,249,66,3,0,318,0,0,0,318
01/12/2020,STL,MO,ACE,CE,Towers with Radar,376,105,7,0,488,0,0,2,0,2,376,105,9,0,490,0,0,0,490
01/13/2020,STL,MO,ACE,CE,Towers with Radar,401,119,10,1,531,0,0,0,1,1,401,119,10,2,532,0,0,0,532
01/14/2020,STL,MO,ACE,CE,Towers with Radar,396,132,19,20,567,0,1,2,1,4,396,133,21,21,571,0,0,0,571
01/15/2020,STL,MO,ACE,CE,Towers with Radar,403,137,19,12,571,0,0,1,1,2,403,137,20,13,573,0,0,0,573
01/16/2020,STL,MO,ACE,CE,Towers with Radar,407,126,16,10,559,0,6,13,7,26,407,132,29,17,585,0,12,12,597
01/17/2020,STL,MO,ACE,CE,Towers with Radar,280,77,13,0,370,0,0,1,0,1,280,77,14,0,371,0,0,0,371
01/18/2020,STL,MO,ACE,CE,Towers with Radar,262,78,8,1,349,0,0,0,0,0,262,78,8,1,349,0,0,0,349
01/19/2020,STL,MO,ACE,CE,Towers with Radar,348,97,4,0,449,0,0,1,6,7,348,97,5,6,456,0,0,0,456
01/20/2020,STL,MO,ACE,CE,Towers with Radar,400,126,7,8,541,0,0,0,1,1,400,126,7,9,542,0,0,0,542
01/21/2020,STL,MO,ACE,CE,Towers with Radar,394,119,15,9,537,0,3,8,7,18,394,122,23,16,555,0,0,0,555
01/22/2020,STL,MO,ACE,CE,Towers with Radar,390,119,10,6,525,0,2,5,2,9,390,121,15,8,534,0,0,0,534
01/23/2020,STL,MO,ACE,CE,Towers with Radar,355,135,10,0,500,0,0,0,0,0,355,135,10,0,500,0,0,0,500
01/24/2020,STL,MO,ACE,CE,Towers with Radar,397,132,9,0,538,0,0,0,0,0,397,132,9,0,538,0,0,0,538
01/25/2020,STL,MO,ACE,CE,Towers with Radar,261,100,8,0,369,0,0,0,0,0,261,100,8,0,369,0,0,0,369
01/26/2020,STL,MO,ACE,CE,Towers with Radar,375,106,14,0,495,0,1,1,0,2,375,107,15,0,497,0,0,0,497
01/27/2020,STL,MO,ACE,CE,Towers with Radar,397,132,11,0,540,0,0,0,0,0,397,132,11,0,540,0,0,0,540
01/28/2020,STL,MO,ACE,CE,Towers with Radar,395,122,18,0,535,0,0,0,0,0,395,122,18,0,535,0,0,0,535
01/29/2020,STL,MO,ACE,CE,Towers with Radar,398,122,10,0,530,0,0,0,0,0,398,122,10,0,530,0,0,0,530
01/30/2020,STL,MO,ACE,CE,Towers with Radar,406,127,20,1,554,0,0,1,0,1,406,127,21,1,555,0,0,0,555
01/31/2020,STL,MO,ACE,CE,Towers with Radar,404,130,15,1,550,0,1,2,0,3,404,131,17,1,553,0,0,0,553
02/01/2020,STL,MO,ACE,CE,Towers with Radar,266,95,6,2,369,0,1,2,0,3,266,96,8,2,372,0,0,0,372
02/02/2020,STL,MO,ACE,CE,Towers with Radar,358,99,14,1,472,0,6,0,1,7,358,105,14,2,479,0,0,0,479
02/03/2020,STL,MO,ACE,CE,Towers with Radar,403,124,7,6,540,0,4,4,10,18,403,128,11,16,558,0,0,0,558
02/04/2020,STL,MO,ACE,CE,Towers with Radar,396,119,15,0,530,0,0,2,0,2,396,119,17,0,532,0,0,0,532
02/05/2020,STL,MO,ACE,CE,Towers with Radar,348,87,11,0,446,0,0,0,0,0,348,87,11,0,446,0,0,0,446
02/06/2020,STL,MO,ACE,CE,Towers with Radar,390,117,17,0,524,0,0,1,0,1,390,117,18,0,525,0,0,0,525
02/07/2020,STL,MO,ACE,CE,Towers with Radar,394,119,18,6,537,0,0,1,4,5,394,119,19,10,542,0,0,0,542
02/08/2020,STL,MO,ACE,CE,Towers with Radar,267,79,7,2,355,0,0,2,1,3,267,79,9,3,358,0,0,0,358
02/09/2020,STL,MO,ACE,CE,Towers with Radar,363,95,1,0,459,0,0,0,0,0,363,95,1,0,459,0,0,0,459
02/10/2020,STL,MO,ACE,CE,Towers with Radar,405,118,13,5,541,0,0,0,0,0,405,118,13,5,541,0,0,0,541
02/11/2020,STL,MO,ACE,CE,Towers with Radar,394,117,11,2,524,0,0,4,3,7,394,117,15,5,531,0,0,0,531
02/12/2020,STL,MO,ACE,CE,Towers with Radar,395,116,16,2,529,0,0,0,0,0,395,116,16,2,529,0,0,0,529
02/13/2020,STL,MO,ACE,CE,Towers with Radar,389,137,34,2,562,0,3,1,2,6,389,140,35,4,568,0,0,0,568
02/14/2020,STL,MO,ACE,CE,Towers with Radar,417,125,17,8,567,0,5,11,3,19,417,130,28,11,586,0,0,0,586
02/15/2020,STL,MO,ACE,CE,Towers with Radar,272,85,7,0,364,0,1,3,0,4,272,86,10,0,368,0,0,0,368
02/16/2020,STL,MO,ACE,CE,Towers with Radar,360,93,8,0,461,0,2,3,0,5,360,95,11,0,466,0,0,0,466
02/17/2020,STL,MO,ACE,CE,Towers with Radar,402,134,11,0,547,0,0,0,0,0,402,134,11,0,547,0,0,0,547
02/18/2020,STL,MO,ACE,CE,Towers with Radar,397,121,19,4,541,0,4,4,1,9,397,125,23,5,550,0,0,0,550
02/19/2020,STL,MO,ACE,CE,Towers with Radar,401,137,17,5,560,0,9,8,5,22,401,146,25,10,582,0,0,0,582
02/20/2020,STL,MO,ACE,CE,Towers with Radar,403,117,18,7,545,0,8,6,4,18,403,125,24,11,563,0,0,0,563
02/21/2020,STL,MO,ACE,CE,Towers with Radar,407,125,15,6,553,0,6,2,6,14,407,131,17,12,567,0,0,0,567
02/22/2020,STL,MO,ACE,CE,Towers with Radar,273,87,8,1,369,0,4,5,3,12,273,91,13,4,381,0,0,0,381
02/23/2020,STL,MO,ACE,CE,Towers with Radar,375,105,6,0,486,0,4,7,1,12,375,109,13,1,498,0,0,0,498
02/24/2020,STL,MO,ACE,CE,Towers with Radar,402,124,10,0,536,0,0,0,0,0,402,124,10,0,536,0,0,0,536
02/25/2020,STL,MO,ACE,CE,Towers with Radar,392,115,9,0,516,0,0,0,0,0,392,115,9,0,516,0,0,0,516
02/26/2020,STL,MO,ACE,CE,Towers with Radar,403,120,19,4,546,0,2,0,1,3,403,122,19,5,549,0,0,0,549
02/27/2020,STL,MO,ACE,CE,Towers with Radar,397,125,19,3,544,0,4,3,8,15,397,129,22,11,559,0,0,0,559
02/28/2020,STL,MO,ACE,CE,Towers with Radar,407,118,11,1,537,0,0,2,4,6,407,118,13,5,543,0,0,0,543
02/29/2020,STL,MO,ACE,CE,Towers with Radar,276,80,7,0,363,0,4,6,2,12,276,84,13,2,375,0,0,0,375
03/01/2020,STL,MO,ACE,CE,Towers with Radar,372,94,5,2,473,0,7,4,2,13,372,101,9,4,486,0,0,0,486
03/02/2020,STL,MO,ACE,CE,Towers with Radar,395,128,14,2,539,0,0,2,0,2,395,128,16,2,541,0,0,0,541
03/03/2020,STL,MO,ACE,CE,Towers with Radar,410,111,10,3,534,0,10,7,0,17,410,121,17,3,551,0,0,0,551
03/04/2020,STL,MO,ACE,CE,Towers with Radar,401,117,17,5,540,0,8,11,1,20,401,125,28,6,560,0,0,0,560
03/05/2020,STL,MO,ACE,CE,Towers with Radar,395,118,17,5,535,0,5,0,6,11,395,123,17,11,546,0,0,0,546
03/06/2020,STL,MO,ACE,CE,Towers with Radar,395,120,17,2,534,0,3,3,0,6,395,123,20,2,540,0,0,0,540
03/07/2020,STL,MO,ACE,CE,Towers with Radar,310,87,5,0,402,0,6,2,0,8,310,93,7,0,410,14,0,14,424
03/08/2020,STL,MO,ACE,CE,Towers with Radar,365,100,6,1,472,0,6,2,0,8,365,106,8,1,480,0,0,0,480
03/09/2020,STL,MO,ACE,CE,Towers with Radar,408,120,8,0,536,0,0,1,0,1,408,120,9,0,537,0,0,0,537
03/10/2020,STL,MO,ACE,CE,Towers with Radar,402,114,15,2,533,0,0,0,0,0,402,114,15,2,533,0,0,0,533
03/11/2020,STL,MO,ACE,CE,Towers with Radar,403,111,18,10,542,0,1,0,4,5,403,112,18,14,547,0,0,0,547
03/12/2020,STL,MO,ACE,CE,Towers with Radar,401,123,13,0,537,0,0,1,0,1,401,123,14,0,538,0,0,0,538
03/13/2020,STL,MO,ACE,CE,Towers with Radar,401,134,14,3,552,1,2,2,1,6,402,136,16,4,558,0,0,0,558
03/14/2020,STL,MO,ACE,CE,Towers with Radar,321,85,10,0,416,0,0,0,0,0,321,85,10,0,416,0,0,0,416
03/15/2020,STL,MO,ACE,CE,Towers with Radar,377,95,2,0,474,0,2,0,0,2,377,97,2,0,476,0,0,0,476
03/16/2020,STL,MO,ACE,CE,Towers with Radar,399,108,9,0,516,0,0,1,0,1,399,108,10,0,517,0,0,0,517
03/17/2020,STL,MO,ACE,CE,Towers with Radar,383,116,14,1,514,0,3,2,3,8,383,119,16,4,522,0,0,0,522
03/18/2020,STL,MO,ACE,CE,Towers with Radar,339,114,8,0,461,0,0,0,0,0,339,114,8,0,461,0,0,0,461
03/19/2020,STL,MO,ACE,CE,Towers with Radar,352,90,6,0,448,0,1,0,0,1,352,91,6,0,449,0,0,0,449
03/20/2020,STL,MO,ACE,CE,Towers with Radar,335,115,7,7,464,0,1,6,2,9,335,116,13,9,473,0,0,0,473
03/21/2020,STL,MO,ACE,CE,Towers with Radar,275,76,10,0,361,0,2,4,0,6,275,78,14,0,367,0,0,0,367
03/22/2020,STL,MO,ACE,CE,Towers with Radar,284,86,5,0,375,0,0,0,0,0,284,86,5,0,375,0,0,0,375
03/23/2020,STL,MO,ACE,CE,Towers with Radar,273,101,8,4,386,0,1,0,0,1,273,102,8,4,387,0,0,0,387
03/24/2020,STL,MO,ACE,CE,Towers with Radar,273,87,7,2,369,0,0,0,2,2,273,87,7,4,371,0,0,0,371
03/25/2020,STL,MO,ACE,CE,Towers with Radar,236,94,6,4,340,0,3,1,4,8,236,97,7,8,348,0,0,0,348
03/26/2020,STL,MO,ACE,CE,Towers with Radar,247,80,3,7,337,0,4,5,7,16,247,84,8,14,353,0,0,0,353
03/27/2020,STL,MO,ACE,CE,Towers with Radar,223,83,6,1,313,0,0,3,1,4,223,83,9,2,317,0,0,0,317
03/28/2020,STL,MO,ACE,CE,Towers with Radar,154,57,4,0,215,0,0,0,0,0,154,57,4,0,215,0,0,0,215
03/29/2020,STL,MO,ACE,CE,Towers with Radar,194,43,3,0,240,0,1,1,0,2,194,44,4,0,242,0,0,0,242
03/30/2020,STL,MO,ACE,CE,Towers with Radar,196,61,5,0,262,0,12,5,0,17,196,73,10,0,279,0,0,0,279
03/31/2020,STL,MO,ACE,CE,Towers with Radar,214,63,6,5,288,0,3,4,3,10,214,66,10,8,298,0,0,0,298
04/01/2020,STL,MO,ACE,CE,Towers with Radar,204,62,4,2,272,0,8,4,2,14,204,70,8,4,286,0,0,0,286
04/02/2020,STL,MO,ACE,CE,Towers with Radar,211,48,2,6,267,0,6,2,6,14,211,54,4,12,281,0,0,0,281
04/03/2020,STL,MO,ACE,CE,Towers with Radar,210,51,3,2,266,0,4,0,0,4,210,55,3,2,270,0,0,0,270
04/04/2020,STL,MO,ACE,CE,Towers with Radar,150,41,1,0,192,0,0,0,0,0,150,41,1,0,192,0,0,0,192
04/05/2020,STL,MO,ACE,CE,Towers with Radar,191,38,3,0,232,0,0,2,0,2,191,38,5,0,234,0,0,0,234
04/06/2020,STL,MO,ACE,CE,Towers with Radar,175,50,6,1,232,0,1,2,1,4,175,51,8,2,236,0,0,0,236
04/07/2020,STL,MO,ACE,CE,Towers with Radar,170,57,10,7,244,0,1,2,9,12,170,58,12,16,256,0,0,0,256
04/08/2020,STL,MO,ACE,CE,Towers with Radar,177,51,6,1,235,0,5,0,1,6,177,56,6,2,241,0,0,0,241
04/09/2020,STL,MO,ACE,CE,Towers with Radar,173,46,7,5,231,0,2,4,7,13,173,48,11,12,244,0,0,0,244
04/10/2020,STL,MO,ACE,CE,Towers with Radar,169,44,7,13,233,0,6,8,1,15,169,50,15,14,248,14,46,60,308
04/11/2020,STL,MO,ACE,CE,Towers with Radar,128,34,1,0,163,0,0,6,0,6,128,34,7,0,169,0,0,0,169
04/12/2020,STL,MO,ACE,CE,Towers with Radar,149,25,2,0,176,0,0,0,0,0,149,25,2,0,176,0,0,0,176
04/13/2020,STL,MO,ACE,CE,Towers with Radar,159,54,0,3,216,0,5,2,3,10,159,59,2,6,226,0,0,0,226
04/14/2020,STL,MO,ACE,CE,Towers with Radar,144,48,4,2,198,0,7,4,7,18,144,55,8,9,216,0,0,0,216
04/15/2020,STL,MO,ACE,CE,Towers with Radar,156,51,3,2,212,0,3,0,4,7,156,54,3,6,219,0,0,0,219
04/16/2020,STL,MO,ACE,CE,Towers with Radar,152,48,4,3,207,0,4,0,5,9,152,52,4,8,216,0,0,0,216
04/17/2020,STL,MO,ACE,CE,Towers with Radar,146,53,9,2,210,0,0,2,1,3,146,53,11,3,213,0,0,0,213
04/18/2020,STL,MO,ACE,CE,Towers with Radar,127,30,4,0,161,0,2,7,0,9,127,32,11,0,170,0,0,0,170
04/19/2020,STL,MO,ACE,CE,Towers with Radar,115,32,3,0,150,0,1,5,1,7,115,33,8,1,157,0,0,0,157
04/20/2020,STL,MO,ACE,CE,Towers with Radar,115,53,4,4,176,0,5,11,5,21,115,58,15,9,197,0,0,0,197
04/21/2020,STL,MO,ACE,CE,Towers with Radar,134,48,11,9,202,0,6,9,4,19,134,54,20,13,221,0,0,0,221
04/22/2020,STL,MO,ACE,CE,Towers with Radar,123,43,7,2,175,0,7,3,2,12,123,50,10,4,187,0,0,0,187
04/23/2020,STL,MO,ACE,CE,Towers with Radar,139,53,5,0,197,0,0,3,0,3,139,53,8,0,200,0,0,0,200
04/24/2020,STL,MO,ACE,CE,Towers with Radar,131,46,7,10,194,0,4,4,6,14,131,50,11,16,208,0,0,0,208
04/25/2020,STL,MO,ACE,CE,Towers with Radar,117,37,3,0,157,0,0,0,0,0,117,37,3,0,157,0,0,0,157
04/26/2020,STL,MO,ACE,CE,Towers with Radar,119,34,4,0,157,0,6,7,0,13,119,40,11,0,170,0,0,0,170
04/27/2020,STL,MO,ACE,CE,Towers with Radar,129,46,4,3,182,0,7,2,3,12,129,53,6,6,194,20,22,42,236
04/28/2020,STL,MO,ACE,CE,Towers with Radar,137,40,3,6,186,0,5,6,1,12,137,45,9,7,198,0,0,0,198
04/29/2020,STL,MO,ACE,CE,Towers with Radar,133,51,6,2,192,0,0,0,0,0,133,51,6,2,192,0,0,0,192
04/30/2020,STL,MO,ACE,CE,Towers with Radar,136,52,6,6,200,0,3,2,2,7,136,55,8,8,207,0,0,0,207
05/01/2020,STL,MO,ACE,CE,Towers with Radar,129,55,5,5,194,0,11,5,3,19,129,66,10,8,213,0,0,0,213
05/02/2020,STL,MO,ACE,CE,Towers with Radar,123,33,2,0,158,0,3,12,0,15,123,36,14,0,173,0,0,0,173
05/03/2020,STL,MO,ACE,CE,Towers with Radar,118,36,0,0,154,0,0,6,0,6,118,36,6,0,160,0,0,0,160
05/04/2020,STL,MO,ACE,CE,Towers with Radar,126,39,3,3,171,0,2,5,1,8,126,41,8,4,179,0,0,0,179
05/05/2020,STL,MO,ACE,CE,Towers with Radar,125,55,6,0,186,0,1,0,2,3,125,56,6,2,189,0,0,0,189
05/06/2020,STL,MO,ACE,CE,Towers with Radar,121,51,6,3,181,0,1,14,2,17,121,52,20,5,198,0,0,0,198
05/07/2020,STL,MO,ACE,CE,Towers with Radar,127,56,7,5,195,0,4,5,4,13,127,60,12,9,208,0,0,0,208
05/08/2020,STL,MO,ACE,CE,Towers with Radar,136,60,12,9,217,0,1,1,2,4,136,61,13,11,221,0,0,0,221
05/09/2020,STL,MO,ACE,CE,Towers with Radar,110,35,2,0,147,0,3,6,0,9,110,38,8,0,156,0,0,0,156
05/10/2020,STL,MO,ACE,CE,Towers with Radar,123,44,1,0,168,0,2,4,0,6,123,46,5,0,174,0,0,0,174
05/11/2020,STL,MO,ACE,CE,Towers with Radar,128,60,4,16,208,0,4,21,22,47,128,64,25,38,255,0,0,0,255
05/12/2020,STL,MO,ACE,CE,Towers with Radar,116,52,6,0,174,0,2,43,0,45,116,54,49,0,219,0,0,0,219
05/13/2020,STL,MO,ACE,CE,Towers with Radar,127,50,5,1,183,0,0,0,0,0,127,50,5,1,183,0,0,0,183
05/14/2020,STL,MO,ACE,CE,Towers with Radar,128,55,10,7,200,0,1,4,4,9,128,56,14,11,209,0,0,0,209
05/15/2020,STL,MO,ACE,CE,Towers with Radar,130,56,19,0,205,0,1,2,0,3,130,57,21,0,208,0,0,0,208
05/16/2020,STL,MO,ACE,CE,Towers with Radar,106,32,2,0,140,0,1,1,0,2,106,33,3,0,142,0,0,0,142
05/17/2020,STL,MO,ACE,CE,Towers with Radar,127,33,7,0,167,0,1,2,0,3,127,34,9,0,170,0,0,0,170
05/18/2020,STL,MO,ACE,CE,Towers with Radar,130,58,7,3,198,0,2,2,0,4,130,60,9,3,202,0,0,0,202
05/19/2020,STL,MO,ACE,CE,Towers with Radar,121,60,6,2,189,0,0,0,1,1,121,60,6,3,190,0,0,0,190
05/20/2020,STL,MO,ACE,CE,Towers with Radar,136,61,8,4,209,0,1,0,0,1,136,62,8,4,210,0,0,0,210
05/21/2020,STL,MO,ACE,CE,Towers with Radar,142,65,12,2,221,0,0,3,0,3,142,65,15,2,224,0,0,0,224
05/22/2020,STL,MO,ACE,CE,Towers with Radar,140,59,11,2,212,0,1,0,4,5,140,60,11,6,217,0,0,0,217
05/23/2020,STL,MO,ACE,CE,Towers with Radar,113,40,9,0,162,0,0,8,0,8,113,40,17,0,170,0,0,0,170
05/24/2020,STL,MO,ACE,CE,Towers with Radar,128,32,4,0,164,0,1,5,0,6,128,33,9,0,170,0,0,0,170
05/25/2020,STL,MO,ACE,CE,Towers with Radar,126,52,3,0,181,0,5,7,0,12,126,57,10,0,193,0,0,0,193
05/26/2020,STL,MO,ACE,CE,Towers with Radar,118,57,12,6,193,0,5,1,4,10,118,62,13,10,203,0,0,0,203
05/27/2020,STL,MO,ACE,CE,Towers with Radar,139,60,5,0,204,0,0,0,0,0,139,60,5,0,204,0,0,0,204
05/28/2020,STL,MO,ACE,CE,Towers with Radar,140,53,19,5,217,0,0,2,5,7,140,53,21,10,224,0,0,0,224
05/29/2020,STL,MO,ACE,CE,Towers with Radar,137,59,11,12,219,0,2,5,6,13,137,61,16,18,232,0,0,0,232
05/30/2020,STL,MO,ACE,CE,Towers with Radar,116,38,6,0,160,0,0,6,0,6,116,38,12,0,166,0,0,0,166
05/31/2020,STL,MO,ACE,CE,Towers with Radar,134,48,5,1,188,0,8,5,0,13,134,56,10,1,201,0,0,0,201
06/01/2020,STL,MO,ACE,CE,Towers with Radar,143,58,7,0,208,0,9,6,0,15,143,67,13,0,223,0,0,0,223
06/02/2020,STL,MO,ACE,CE,Towers with Radar,128,53,14,18,213,0,13,11,8,32,128,66,25,26,245,0,0,0,245
06/03/2020,STL,MO,ACE,CE,Towers with Radar,146,55,6,18,225,0,8,6,5,19,146,63,12,23,244,0,0,0,244
06/04/2020,STL,MO,ACE,CE,Towers with Radar,150,57,10,5,222,0,3,2,4,9,150,60,12,9,231,0,0,0,231
06/05/2020,STL,MO,ACE,CE,Towers with Radar,151,55,7,8,221,0,6,1,7,14,151,61,8,15,235,0,0,0,235
06/06/2020,STL,MO,ACE,CE,Towers with Radar,131,41,5,3,180,0,4,2,2,8,131,45,7,5,188,0,0,0,188
06/07/2020,STL,MO,ACE,CE,Towers with Radar,175,41,1,0,217,0,6,2,0,8,175,47,3,0,225,0,0,0,225
06/08/2020,STL,MO,ACE,CE,Towers with Radar,180,51,8,8,247,0,7,5,3,15,180,58,13,11,262,0,0,0,262
06/09/2020,STL,MO,ACE,CE,Towers with Radar,167,67,11,6,251,0,0,0,1,1,167,67,11,7,252,0,0,0,252
06/10/2020,STL,MO,ACE,CE,Towers with Radar,171,66,10,0,247,0,2,4,0,6,171,68,14,0,253,0,0,0,253
06/11/2020,STL,MO,ACE,CE,Towers with Radar,184,65,14,15,278,0,10,4,4,18,184,75,18,19,296,22,20,42,338
06/12/2020,STL,MO,ACE,CE,Towers with Radar,183,52,6,5,246,0,12,5,2,19,183,64,11,7,265,0,0,0,265
06/13/2020,STL,MO,ACE,CE,Towers with Radar,164,39,3,0,206,0,2,2,0,4,164,41,5,0,210,0,0,0,210
06/14/2020,STL,MO,ACE,CE,Towers with Radar,201,37,4,0,242,0,6,2,0,8,201,43,6,0,250,0,0,0,250
06/15/2020,STL,MO,ACE,CE,Towers with Radar,200,50,7,3,260,0,7,10,1,18,200,57,17,4,278,0,0,0,278
06/16/2020,STL,MO,ACE,CE,Towers with Radar,189,58,7,11,265,0,7,1,7,15,189,65,8,18,280,0,0,0,280
06/17/2020,STL,MO,ACE,CE,Towers with Radar,184,56,12,20,272,0,5,2,6,13,184,61,14,26,285,0,32,32,317
06/18/2020,STL,MO,ACE,CE,Towers with Radar,206,64,14,10,294,0,4,2,8,14,206,68,16,18,308,0,0,0,308
06/19/2020,STL,MO,ACE,CE,Towers with Radar,207,69,4,3,283,0,1,6,3,10,207,70,10,6,293,0,0,0,293
06/20/2020,STL,MO,ACE,CE,Towers with Radar,183,36,9,0,228,0,1,0,0,1,183,37,9,0,229,0,0,0,229
06/21/2020,STL,MO,ACE,CE,Towers with Radar,224,39,6,0,269,0,1,4,0,5,224,40,10,0,274,0,0,0,274
06/22/2020,STL,MO,ACE,CE,Towers with Radar,230,61,3,1,295,0,2,0,0,2,230,63,3,1,297,0,0,0,297
06/23/2020,STL,MO,ACE,CE,Towers with Radar,213,53,15,9,290,0,3,15,4,22,213,56,30,13,312,0,0,0,312
06/24/2020,STL,MO,ACE,CE,Towers with Radar,215,60,10,1,286,0,2,6,5,13,215,62,16,6,299,0,0,0,299
06/25/2020,STL,MO,ACE,CE,Towers with Radar,232,56,9,6,303,0,10,0,5,15,232,66,9,11,318,0,0,0,318
06/26/2020,STL,MO,ACE,CE,Towers with Radar,236,63,8,6,313,0,4,6,2,12,236,67,14,8,325,0,0,0,325
06/27/2020,STL,MO,ACE,CE,Towers with Radar,215,53,3,0,271,0,1,2,0,3,215,54,5,0,274,0,0,0,274
06/28/2020,STL,MO,ACE,CE,Towers with Radar,240,44,7,0,291,0,2,2,0,4,240,46,9,0,295,0,0,0,295
06/29/2020,STL,MO,ACE,CE,Towers with Radar,259,61,2,0,322,0,3,3,0,6,259,64,5,0,328,0,0,0,328
06/30/2020,STL,MO,ACE,CE,Towers with Radar,245,62,10,1,318,0,0,0,1,1,245,62,10,2,319,0,0,0,319
07/01/2020,STL,MO,ACE,CE,Towers with Radar,253,67,16,0,336,0,0,2,0,2,253,67,18,0,338,0,0,0,338
07/02/2020,STL,MO,ACE,CE,Towers with Radar,271,68,11,10,360,0,1,2,4,7,271,69,13,14,367,0,0,0,367
07/03/2020,STL,MO,ACE,CE,Towers with Radar,263,59,7,2,331,0,0,0,0,0,263,59,7,2,331,0,0,0,331
07/04/2020,STL,MO,ACE,CE,Towers with Radar,203,40,2,1,246,0,1,3,0,4,203,41,5,1,250,0,0,0,250
07/05/2020,STL,MO,ACE,CE,Towers with Radar,259,55,7,1,322,0,2,1,0,3,259,57,8,1,325,0,0,0,325
07/06/2020,STL,MO,ACE,CE,Towers with Radar,288,58,11,0,357,0,4,8,0,12,288,62,19,0,369,0,0,0,369
07/07/2020,STL,MO,ACE,CE,Towers with Radar,283,65,8,8,364,0,3,2,4,9,283,68,10,12,373,0,0,0,373
07/08/2020,STL,MO,ACE,CE,Towers with Radar,284,56,8,2,350,0,3,3,5,11,284,59,11,7,361,0,0,0,361
07/09/2020,STL,MO,ACE,CE,Towers with Radar,306,60,12,2,380,0,6,2,4,12,306,66,14,6,392,0,0,0,392
07/10/2020,STL,MO,ACE,CE,Towers with Radar,299,75,6,1,381,0,7,4,5,16,299,82,10,6,397,0,0,0,397
07/11/2020,STL,MO,ACE,CE,Towers with Radar,267,48,0,1,316,0,2,7,2,11,267,50,7,3,327,0,0,0,327
07/12/2020,STL,MO,ACE,CE,Towers with Radar,294,46,12,0,352,0,5,3,0,8,294,51,15,0,360,0,0,0,360
07/13/2020,STL,MO,ACE,CE,Towers with Radar,304,53,7,2,366,0,6,2,0,8,304,59,9,2,374,0,0,0,374
07/14/2020,STL,MO,ACE,CE,Towers with Radar,282,54,7,5,348,0,7,7,4,18,282,61,14,9,366,0,0,0,366
07/15/2020,STL,MO,ACE,CE,Towers with Radar,282,62,12,2,358,0,0,3,1,4,282,62,15,3,362,0,0,0,362
07/16/2020,STL,MO,ACE,CE,Towers with Radar,305,62,14,3,384,0,2,1,3,6,305,64,15,6,390,0,0,0,390
07/17/2020,STL,MO,ACE,CE,Towers with Radar,311,73,6,3,393,0,3,3,1,7,311,76,9,4,400,0,0,0,400
07/18/2020,STL,MO,ACE,CE,Towers with Radar,283,37,3,0,323,0,1,0,0,1,283,38,3,0,324,0,0,0,324
07/19/2020,STL,MO,ACE,CE,Towers with Radar,318,48,2,0,368,0,0,0,0,0,318,48,2,0,368,0,0,0,368
07/20/2020,STL,MO,ACE,CE,Towers with Radar,300,53,4,0,357,0,1,1,0,2,300,54,5,0,359,0,0,0,359
07/21/2020,STL,MO,ACE,CE,Towers with Radar,292,55,13,6,366,0,0,4,3,7,292,55,17,9,373,0,0,0,373
07/22/2020,STL,MO,ACE,CE,Towers with Radar,288,60,15,3,366,0,0,6,5,11,288,60,21,8,377,0,0,0,377
07/23/2020,STL,MO,ACE,CE,Towers with Radar,310,66,17,7,400,0,2,6,4,12,310,68,23,11,412,0,0,0,412
07/24/2020,STL,MO,ACE,CE,Towers with Radar,304,60,17,1,382,0,2,6,2,10,304,62,23,3,392,0,0,0,392
07/25/2020,STL,MO,ACE,CE,Towers with Radar,277,49,4,0,330,0,0,2,0,2,277,49,6,0,332,0,0,0,332
07/26/2020,STL,MO,ACE,CE,Towers with Radar,301,54,7,0,362,0,0,2,0,2,301,54,9,0,364,0,0,0,364
07/27/2020,STL,MO,ACE,CE,Towers with Radar,307,60,8,0,375,0,0,3,0,3,307,60,11,0,378,0,0,0,378
07/28/2020,STL,MO,ACE,CE,Towers with Radar,283,60,19,6,368,0,2,11,5,18,283,62,30,11,386,0,0,0,386
07/29/2020,STL,MO,ACE,CE,Towers with Radar,280,52,12,6,350,0,0,3,2,5,280,52,15,8,355,0,0,0,355
07/30/2020,STL,MO,ACE,CE,Towers with Radar,303,71,9,0,383,0,1,0,0,1,303,72,9,0,384,0,0,0,384
07/31/2020,STL,MO,ACE,CE,Towers with Radar,303,79,14,1,397,0,0,0,1,1,303,79,14,2,398,0,0,0,398
08/01/2020,STL,MO,ACE,CE,Towers with Radar,285,38,5,0,328,0,0,1,0,1,285,38,6,0,329,0,0,0,329
08/02/2020,STL,MO,ACE,CE,Towers with Radar,301,48,5,0,354,0,1,0,0,1,301,49,5,0,355,0,0,0,355
08/03/2020,STL,MO,ACE,CE,Towers with Radar,317,65,6,1,389,0,0,6,2,8,317,65,12,3,397,0,0,0,397
08/04/2020,STL,MO,ACE,CE,Towers with Radar,277,60,15,10,362,0,1,2,4,7,277,61,17,14,369,0,0,0,369
08/05/2020,STL,MO,ACE,CE,Towers with Radar,301,64,17,3,385,0,0,6,5,11,301,64,23,8,396,0,0,0,396
08/06/2020,STL,MO,ACE,CE,Towers with Radar,318,71,8,3,400,0,4,9,2,15,318,75,17,5,415,0,0,0,415
08/07/2020,STL,MO,ACE,CE,Towers with Radar,324,68,12,5,409,0,7,5,6,18,324,75,17,11,427,0,0,0,427
08/08/2020,STL,MO,ACE,CE,Towers with Radar,294,52,9,1,356,0,1,2,1,4,294,53,11,2,360,0,0,0,360
08/09/2020,STL,MO,ACE,CE,Towers with Radar,306,52,8,0,366,0,0,3,0,3,306,52,11,0,369,0,0,0,369
08/10/2020,STL,MO,ACE,CE,Towers with Radar,323,61,9,1,394,0,0,3,0,3,323,61,12,1,397,0,0,0,397
08/11/2020,STL,MO,ACE,CE,Towers with Radar,314,58,4,2,378,0,0,4,2,6,314,58,8,4,384,0,0,0,384
08/12/2020,STL,MO,ACE,CE,Towers with Radar,305,63,15,4,387,0,0,5,4,9,305,63,20,8,396,0,0,0,396
08/13/2020,STL,MO,ACE,CE,Towers with Radar,327,61,7,5,400,0,1,2,5,8,327,62,9,10,408,0,0,0,408
08/14/2020,STL,MO,ACE,CE,Towers with Radar,324,64,14,3,405,0,3,4,5,12,324,67,18,8,417,0,0,0,417
08/15/2020,STL,MO,ACE,CE,Towers with Radar,300,46,1,1,348,0,4,0,0,4,300,50,1,1,352,0,0,0,352
08/16/2020,STL,MO,ACE,CE,Towers with Radar,303,45,6,1,355,0,4,4,0,8,303,49,10,1,363,0,0,0,363
08/17/2020,STL,MO,ACE,CE,Towers with Radar,318,71,6,5,400,0,4,5,4,13,318,75,11,9,413,0,0,0,413
08/18/2020,STL,MO,ACE,CE,Towers with Radar,312,66,9,7,394,0,2,2,9,13,312,68,11,16,407,0,0,0,407
08/19/2020,STL,MO,ACE,CE,Towers with Radar,308,54,11,5,378,0,3,7,3,13,308,57,18,8,391,0,0,0,391
08/20/2020,STL,MO,ACE,CE,Towers with Radar,326,79,11,4,420,0,1,8,0,9,326,80,19,4,429,0,0,0,429
08/21/2020,STL,MO,ACE,CE,Towers with Radar,326,56,9,8,399,0,4,6,10,20,326,60,15,18,419,0,0,0,419
08/22/2020,STL,MO,ACE,CE,Towers with Radar,306,49,5,3,363,0,0,1,5,6,306,49,6,8,369,0,0,0,369
08/23/2020,STL,MO,ACE,CE,Towers with Radar,312,48,11,0,371,0,3,5,0,8,312,51,16,0,379,0,0,0,379
08/24/2020,STL,MO,ACE,CE,Towers with Radar,327,51,7,2,387,0,3,2,0,5,327,54,9,2,392,0,0,0,392
08/25/2020,STL,MO,ACE,CE,Towers with Radar,309,67,7,0,383,0,4,2,2,8,309,71,9,2,391,0,0,0,391
08/26/2020,STL,MO,ACE,CE,Towers with Radar,303,68,14,5,390,0,5,9,3,17,303,73,23,8,407,0,0,0,407
08/27/2020,STL,MO,ACE,CE,Towers with Radar,332,79,9,5,425,0,0,3,1,4,332,79,12,6,429,0,0,0,429
08/28/2020,STL,MO,ACE,CE,Towers with Radar,323,64,7,3,397,0,3,0,3,6,323,67,7,6,403,0,0,0,403
08/29/2020,STL,MO,ACE,CE,Towers with Radar,295,49,5,1,350,0,1,2,3,6,295,50,7,4,356,0,0,0,356
08/30/2020,STL,MO,ACE,CE,Towers with Radar,309,45,13,0,367,0,3,2,0,5,309,48,15,0,372,0,0,0,372
08/31/2020,STL,MO,ACE,CE,Towers with Radar,326,70,4,0,400,0,1,2,2,5,326,71,6,2,405,0,0,0,405
09/01/2020,STL,MO,ACE,CE,Towers with Radar,306,65,9,0,380,0,2,0,0,2,306,67,9,0,382,0,0,0,382
09/02/2020,STL,MO,ACE,CE,Towers with Radar,300,76,10,1,387,0,2,0,2,4,300,78,10,3,391,0,0,0,391
09/03/2020,STL,MO,ACE,CE,Towers with Radar,331,70,12,4,417,0,1,2,4,7,331,71,14,8,424,0,0,0,424
09/04/2020,STL,MO,ACE,CE,Towers with Radar,327,75,5,2,409,0,2,4,2,8,327,77,9,4,417,0,0,0,417
09/05/2020,STL,MO,ACE,CE,Towers with Radar,283,49,7,0,339,0,2,2,0,4,283,51,9,0,343,0,0,0,343
09/06/2020,STL,MO,ACE,CE,Towers with Radar,186,56,4,0,246,0,2,2,0,4,186,58,6,0,250,0,0,0,250
09/07/2020,STL,MO,ACE,CE,Towers with Radar,212,71,5,0,288,0,3,3,0,6,212,74,8,0,294,0,0,0,294
09/08/2020,STL,MO,ACE,CE,Towers with Radar,212,67,2,3,284,0,2,3,3,8,212,69,5,6,292,0,0,0,292
09/09/2020,STL,MO,ACE,CE,Towers with Radar,211,61,9,1,282,0,3,2,1,6,211,64,11,2,288,0,0,0,288
09/10/2020,STL,MO,ACE,CE,Towers with Radar,217,72,19,0,308,0,0,2,2,4,217,72,21,2,312,0,0,0,312
09/11/2020,STL,MO,ACE,CE,Towers with Radar,215,72,17,8,312,0,0,2,5,7,215,72,19,13,319,0,0,0,319
09/12/2020,STL,MO,ACE,CE,Towers with Radar,206,51,8,4,269,0,0,2,0,2,206,51,10,4,271,0,0,0,271
09/13/2020,STL,MO,ACE,CE,Towers with Radar,206,62,4,2,274,0,0,1,0,1,206,62,5,2,275,0,0,0,275
09/14/2020,STL,MO,ACE,CE,Towers with Radar,208,76,5,3,292,0,0,2,0,2,208,76,7,3,294,0,0,0,294
09/15/2020,STL,MO,ACE,CE,Towers with Radar,204,65,7,3,279,0,0,6,1,7,204,65,13,4,286,0,0,0,286
09/16/2020,STL,MO,ACE,CE,Towers with Radar,208,63,9,9,289,0,1,5,5,11,208,64,14,14,300,0,0,0,300
09/17/2020,STL,MO,ACE,CE,Towers with Radar,224,63,7,7,301,0,6,3,5,14,224,69,10,12,315,0,0,0,315
09/18/2020,STL,MO,ACE,CE,Towers with Radar,216,77,11,3,307,0,2,1,3,6,216,79,12,6,313,0,0,0,313
09/19/2020,STL,MO,ACE,CE,Towers with Radar,201,44,8,1,254,0,3,1,0,4,201,47,9,1,258,0,0,0,258
09/20/2020,STL,MO,ACE,CE,Towers with Radar,205,55,9,0,269,0,6,1,0,7,205,61,10,0,276,0,0,0,276
09/21/2020,STL,MO,ACE,CE,Towers with Radar,210,61,6,0,277,0,11,4,0,15,210,72,10,0,292,0,0,0,292
09/22/2020,STL,MO,ACE,CE,Towers with Radar,204,60,7,1,272,0,6,6,1,13,204,66,13,2,285,0,0,0,285
09/23/2020,STL,MO,ACE,CE,Towers with Radar,209,73,10,13,305,0,0,1,2,3,209,73,11,15,308,0,0,0,308
09/24/2020,STL,MO,ACE,CE,Towers with Radar,219,79,9,13,320,0,0,0,5,5,219,79,9,18,325,0,0,0,325
09/25/2020,STL,MO,ACE,CE,Towers with Radar,216,69,7,18,310,0,0,8,8,16,216,69,15,26,326,0,0,0,326
09/26/2020,STL,MO,ACE,CE,Towers with Radar,205,48,2,0,255,0,1,2,0,3,205,49,4,0,258,0,0,0,258
09/27/2020,STL,MO,ACE,CE,Towers with Radar,209,61,6,0,276,0,1,6,0,7,209,62,12,0,283,0,0,0,283
09/28/2020,STL,MO,ACE,CE,Towers with Radar,208,75,9,2,294,0,4,2,0,6,208,79,11,2,300,0,0,0,300
09/29/2020,STL,MO,ACE,CE,Towers with Radar,210,83,20,0,313,0,5,0,0,5,210,88,20,0,318,0,0,0,318
09/30/2020,STL,MO,ACE,CE,Towers with Radar,211,61,10,0,282,0,9,3,0,12,211,70,13,0,294,0,0,0,294
10/01/2020,STL,MO,ACE,CE,Towers with Radar,215,78,12,3,308,0,6,10,1,17,215,84,22,4,325,0,0,0,325
10/02/2020,STL,MO,ACE,CE,Towers with Radar,207,72,11,3,293,0,5,6,3,14,207,77,17,6,307,0,0,0,307
10/03/2020,STL,MO,ACE,CE,Towers with Radar,190,57,12,0,259,0,1,3,0,4,190,58,15,0,263,0,0,0,263
10/04/2020,STL,MO,ACE,CE,Towers with Radar,202,52,8,0,262,0,8,0,0,8,202,60,8,0,270,0,0,0,270
10/05/2020,STL,MO,ACE,CE,Towers with Radar,208,68,10,8,294,0,9,7,0,16,208,77,17,8,310,0,0,0,310
10/06/2020,STL,MO,ACE,CE,Towers with Radar,190,60,10,3,263,0,3,7,1,11,190,63,17,4,274,0,0,0,274
10/07/2020,STL,MO,ACE,CE,Towers with Radar,194,65,12,4,275,0,2,11,2,15,194,67,23,6,290,0,0,0,290
10/08/2020,STL,MO,ACE,CE,Towers with Radar,235,76,10,3,324,0,10,6,3,19,235,86,16,6,343,0,0,0,343
10/09/2020,STL,MO,ACE,CE,Towers with Radar,244,79,16,1,340,0,14,5,1,20,244,93,21,2,360,0,0,0,360
10/10/2020,STL,MO,ACE,CE,Towers with Radar,213,66,3,0,282,0,9,3,0,12,213,75,6,0,294,16,0,16,310
10/11/2020,STL,MO,ACE,CE,Towers with Radar,245,51,6,0,302,0,9,1,0,10,245,60,7,0,312,0,0,0,312
10/12/2020,STL,MO,ACE,CE,Towers with Radar,242,74,14,0,330,0,2,3,0,5,242,76,17,0,335,0,0,0,335
10/13/2020,STL,MO,ACE,CE,Towers with Radar,195,60,14,0,269,0,7,2,0,9,195,67,16,0,278,0,0,0,278
10/14/2020,STL,MO,ACE,CE,Towers with Radar,194,66,12,4,276,0,10,3,1,14,194,76,15,5,290,0,0,0,290
10/15/2020,STL,MO,ACE,CE,Towers with Radar,229,67,13,6,315,0,4,5,4,13,229,71,18,10,328,0,0,0,328
10/16/2020,STL,MO,ACE,CE,Towers with Radar,244,79,14,7,344,0,6,2,1,9,244,85,16,8,353,0,0,0,353
10/17/2020,STL,MO,ACE,CE,Towers with Radar,214,46,6,1,267,0,6,1,0,7,214,52,7,1,274,0,0,0,274
10/18/2020,STL,MO,ACE,CE,Towers with Radar,252,46,7,1,306,0,4,0,0,4,252,50,7,1,310,0,0,0,310
10/19/2020,STL,MO,ACE,CE,Towers with Radar,229,66,9,1,305,0,0,0,0,0,229,66,9,1,305,0,0,0,305
10/20/2020,STL,MO,ACE,CE,Towers with Radar,195,77,12,0,284,0,0,0,0,0,195,77,12,0,284,0,0,0,284
10/21/2020,STL,MO,ACE,CE,Towers with Radar,192,74,17,0,283,0,0,0,0,0,192,74,17,0,283,0,0,0,283
10/22/2020,STL,MO,ACE,CE,Towers with Radar,227,77,12,5,321,0,2,2,6,10,227,79,14,11,331,0,0,0,331
10/23/2020,STL,MO,ACE,CE,Towers with Radar,227,93,9,8,337,0,0,4,0,4,227,93,13,8,341,0,0,0,341
10/24/2020,STL,MO,ACE,CE,Towers with Radar,187,57,3,4,251,0,0,6,1,7,187,57,9,5,258,0,0,0,258
10/25/2020,STL,MO,ACE,CE,Towers with Radar,209,54,1,2,266,0,10,3,0,13,209,64,4,2,279,0,0,0,279
10/26/2020,STL,MO,ACE,CE,Towers with Radar,205,71,9,1,286,0,0,1,0,1,205,71,10,1,287,0,0,0,287
10/27/2020,STL,MO,ACE,CE,Towers with Radar,180,80,7,6,273,0,0,0,0,0,180,80,7,6,273,0,0,0,273
10/28/2020,STL,MO,ACE,CE,Towers with Radar,186,67,20,2,275,0,0,1,0,1,186,67,21,2,276,0,0,0,276
10/29/2020,STL,MO,ACE,CE,Towers with Radar,210,76,16,0,302,0,0,0,0,0,210,76,16,0,302,0,0,0,302
10/30/2020,STL,MO,ACE,CE,Towers with Radar,215,64,8,4,291,0,11,2,4,17,215,75,10,8,308,0,0,0,308
10/31/2020,STL,MO,ACE,CE,Towers with Radar,164,43,4,0,211,0,6,1,0,7,164,49,5,0,218,0,0,0,218
11/01/2020,STL,MO,ACE,CE,Towers with Radar,201,41,4,0,246,0,10,3,0,13,201,51,7,0,259,0,0,0,259
11/02/2020,STL,MO,ACE,CE,Towers with Radar,205,70,7,2,284,0,8,1,2,11,205,78,8,4,295,0,0,0,295
11/03/2020,STL,MO,ACE,CE,Towers with Radar,180,56,8,4,248,0,8,4,3,15,180,64,12,7,263,0,0,0,263
11/04/2020,STL,MO,ACE,CE,Towers with Radar,185,60,7,3,255,0,8,5,2,15,185,68,12,5,270,0,0,0,270
11/05/2020,STL,MO,ACE,CE,Towers with Radar,238,79,4,2,323,0,6,10,1,17,238,85,14,3,340,0,0,0,340
11/06/2020,STL,MO,ACE,CE,Towers with Radar,235,68,14,2,319,0,8,4,2,14,235,76,18,4,333,0,0,0,333
11/07/2020,STL,MO,ACE,CE,Towers with Radar,155,38,6,0,199,0,5,7,0,12,155,43,13,0,211,0,0,0,211
11/08/2020,STL,MO,ACE,CE,Towers with Radar,240,62,3,0,305,0,2,0,0,2,240,64,3,0,307,0,0,0,307
11/09/2020,STL,MO,ACE,CE,Towers with Radar,235,75,6,4,320,0,2,0,0,2,235,77,6,4,322,0,0,0,322
11/10/2020,STL,MO,ACE,CE,Towers with Radar,185,52,15,1,253,0,0,0,1,1,185,52,15,2,254,0,0,0,254
11/11/2020,STL,MO,ACE,CE,Towers with Radar,185,73,6,3,267,0,5,9,3,17,185,78,15,6,284,0,0,0,284
11/12/2020,STL,MO,ACE,CE,Towers with Radar,248,72,10,4,334,0,7,7,5,19,248,79,17,9,353,0,0,0,353
11/13/2020,STL,MO,ACE,CE,Towers with Radar,241,64,7,12,324,0,12,2,3,17,241,76,9,15,341,0,0,0,341
11/14/2020,STL,MO,ACE,CE,Towers with Radar,163,48,3,2,216,0,0,0,0,0,163,48,3,2,216,0,0,0,216
11/15/2020,STL,MO,ACE,CE,Towers with Radar,241,41,6,0,288,0,4,1,0,5,241,45,7,0,293,0,0,0,293
11/16/2020,STL,MO,ACE,CE,Towers with Radar,233,68,19,2,322,0,10,2,0,12,233,78,21,2,334,0,0,0,334
11/17/2020,STL,MO,ACE,CE,Towers with Radar,179,65,16,7,267,0,5,3,1,9,179,70,19,8,276,0,0,0,276
11/18/2020,STL,MO,ACE,CE,Towers with Radar,184,70,15,5,274,0,6,0,1,7,184,76,15,6,281,0,0,0,281
11/19/2020,STL,MO,ACE,CE,Towers with Radar,242,69,18,0,329,0,5,0,0,5,242,74,18,0,334,0,0,0,334
11/20/2020,STL,MO,ACE,CE,Towers with Radar,246,87,38,7,378,0,4,4,2,10,246,91,42,9,388,0,0,0,388
11/21/2020,STL,MO,ACE,CE,Towers with Radar,236,63,15,0,314,0,0,2,0,2,236,63,17,0,316,0,0,0,316
11/22/2020,STL,MO,ACE,CE,Towers with Radar,240,64,10,0,314,0,0,0,0,0,240,64,10,0,314,0,0,0,314
11/23/2020,STL,MO,ACE,CE,Towers with Radar,289,73,5,5,372,0,4,5,1,10,289,77,10,6,382,0,0,0,382
11/24/2020,STL,MO,ACE,CE,Towers with Radar,313,70,12,1,396,0,0,6,0,6,313,70,18,1,402,0,0,0,402
11/25/2020,STL,MO,ACE,CE,Towers with Radar,312,73,14,4,403,0,0,0,0,0,312,73,14,4,403,0,0,0,403
11/26/2020,STL,MO,ACE,CE,Towers with Radar,144,56,1,0,201,0,2,0,0,2,144,58,1,0,203,0,0,0,203
11/27/2020,STL,MO,ACE,CE,Towers with Radar,211,64,12,0,287,0,6,3,0,9,211,70,15,0,296,0,0,0,296
11/28/2020,STL,MO,ACE,CE,Towers with Radar,251,57,4,0,312,0,4,2,0,6,251,61,6,0,318,0,0,0,318
11/29/2020,STL,MO,ACE,CE,Towers with Radar,310,70,8,0,388,0,4,0,0,4,310,74,8,0,392,0,0,0,392
11/30/2020,STL,MO,ACE,CE,Towers with Radar,309,77,8,2,396,0,0,0,2,2,309,77,8,4,398,0,0,0,398
12/01/2020,STL,MO,ACE,CE,Towers with Radar,228,67,11,2,308,0,6,10,2,18,228,73,21,4,326,0,0,0,326
12/02/2020,STL,MO,ACE,CE,Towers with Radar,182,65,10,4,261,0,6,4,2,12,182,71,14,6,273,0,0,0,273
12/03/2020,STL,MO,ACE,CE,Towers with Radar,209,64,21,2,296,0,3,1,3,7,209,67,22,5,303,0,0,0,303
12/04/2020,STL,MO,ACE,CE,Towers with Radar,214,64,6,10,294,0,6,7,1,14,214,70,13,11,308,0,0,0,308
12/05/2020,STL,MO,ACE,CE,Towers with Radar,141,45,7,0,193,0,4,0,0,4,141,49,7,0,197,0,0,0,197
12/06/2020,STL,MO,ACE,CE,Towers with Radar,200,54,5,0,259,0,0,5,0,5,200,54,10,0,264,0,0,0,264
12/07/2020,STL,MO,ACE,CE,Towers with Radar,209,76,10,0,295,0,0,0,0,0,209,76,10,0,295,0,0,0,295
12/08/2020,STL,MO,ACE,CE,Towers with Radar,177,63,10,4,254,0,0,2,3,5,177,63,12,7,259,0,0,0,259
12/09/2020,STL,MO,ACE,CE,Towers with Radar,185,66,14,4,269,0,10,2,2,14,185,76,16,6,283,0,0,0,283
12/10/2020,STL,MO,ACE,CE,Towers with Radar,216,72,15,3,306,0,5,7,3,15,216,77,22,6,321,0,0,0,321
12/11/2020,STL,MO,ACE,CE,Towers with Radar,215,70,8,4,297,0,0,5,2,7,215,70,13,6,304,0,0,0,304
12/12/2020,STL,MO,ACE,CE,Towers with Radar,138,52,3,0,193,0,2,3,0,5,138,54,6,0,198,0,0,0,198
12/13/2020,STL,MO,ACE,CE,Towers with Radar,197,50,2,0,249,0,0,0,0,0,197,50,2,0,249,0,0,0,249
12/14/2020,STL,MO,ACE,CE,Towers with Radar,208,56,3,4,271,0,5,4,0,9,208,61,7,4,280,0,0,0,280
12/15/2020,STL,MO,ACE,CE,Towers with Radar,181,70,11,9,271,0,1,2,3,6,181,71,13,12,277,0,0,0,277
12/16/2020,STL,MO,ACE,CE,Towers with Radar,173,70,15,15,273,0,0,4,0,4,173,70,19,15,277,0,0,0,277
12/17/2020,STL,MO,ACE,CE,Towers with Radar,248,69,9,6,332,0,1,0,2,3,248,70,9,8,335,0,0,0,335
12/18/2020,STL,MO,ACE,CE,Towers with Radar,249,80,16,8,353,0,6,4,1,11,249,86,20,9,364,0,0,0,364
12/19/2020,STL,MO,ACE,CE,Towers with Radar,268,59,10,2,339,0,1,2,2,5,268,60,12,4,344,0,0,0,344
12/20/2020,STL,MO,ACE,CE,Towers with Radar,239,47,6,0,292,0,4,1,0,5,239,51,7,0,297,0,0,0,297
12/21/2020,STL,MO,ACE,CE,Towers with Radar,243,63,5,3,314,0,5,0,1,6,243,68,5,4,320,0,0,0,320
12/22/2020,STL,MO,ACE,CE,Towers with Radar,250,63,8,12,333,0,5,0,4,9,250,68,8,16,342,0,0,0,342
12/23/2020,STL,MO,ACE,CE,Towers with Radar,322,64,16,3,405,0,1,2,0,3,322,65,18,3,408,0,0,0,408
12/24/2020,STL,MO,ACE,CE,Towers with Radar,179,60,6,0,245,0,0,0,0,0,179,60,6,0,245,0,0,0,245
12/25/2020,STL,MO,ACE,CE,Towers with Radar,147,66,6,0,219,0,6,2,0,8,147,72,8,0,227,0,0,0,227
12/26/2020,STL,MO,ACE,CE,Towers with Radar,255,58,12,0,325,0,6,0,0,6,255,64,12,0,331,0,0,0,331
12/27/2020,STL,MO,ACE,CE,Towers with Radar,312,59,8,0,379,0,7,2,0,9,312,66,10,0,388,0,0,0,388
12/28/2020,STL,MO,ACE,CE,Towers with Radar,238,76,3,0,317,0,0,4,0,4,238,76,7,0,321,0,0,0,321
12/29/2020,STL,MO,ACE,CE,Towers with Radar,242,52,9,2,305,0,1,0,2,3,242,53,9,4,308,0,0,0,308
12/30/2020,STL,MO,ACE,CE,Towers with Radar,250,64,6,0,320,0,0,0,0,0,250,64,6,0,320,0,0,0,320
12/31/2020,STL,MO,ACE,CE,Towers with Radar,176,56,7,0,239,0,0,0,0,0,176,56,7,0,239,0,0,0,239
01/01/2021,STL,MO,ACE,CE,Towers with Radar,161,36,2,0,199,0,0,0,0,0,161,36,2,0,199,0,0,0,199
01/02/2021,STL,MO,ACE,CE,Towers with Radar,259,63,4,0,326,0,0,0,0,0,259,63,4,0,326,0,0,0,326
01/03/2021,STL,MO,ACE,CE,Towers with Radar,306,57,4,0,367,0,0,0,0,0,306,57,4,0,367,0,0,0,367
01/04/2021,STL,MO,ACE,CE,Towers with Radar,239,56,11,2,308,0,0,0,0,0,239,56,11,2,308,0,0,0,308
01/05/2021,STL,MO,ACE,CE,Towers with Radar,213,63,13,1,290,0,4,4,0,8,213,67,17,1,298,0,0,0,298
01/06/2021,STL,MO,ACE,CE,Towers with Radar,223,64,10,4,301,0,4,3,2,9,223,68,13,6,310,0,0,0,310
01/07/2021,STL,MO,ACE,CE,Towers with Radar,209,67,12,7,295,0,0,0,4,4,209,67,12,11,299,0,0,0,299
01/08/2021,STL,MO,ACE,CE,Towers with Radar,209,62,18,2,291,0,0,2,0,2,209,62,20,2,293,0,0,0,293
01/09/2021,STL,MO,ACE,CE,Towers with Radar,159,50,3,0,212,0,0,5,0,5,159,50,8,0,217,0,0,0,217
01/10/2021,STL,MO,ACE,CE,Towers with Radar,190,54,1,0,245,0,0,0,0,0,190,54,1,0,245,0,0,0,245
01/11/2021,STL,MO,ACE,CE,Towers with Radar,203,68,5,1,277,0,1,6,1,8,203,69,11,2,285,0,0,0,285
01/12/2021,STL,MO,ACE,CE,Towers with Radar,198,52,8,5,263,0,10,7,8,25,198,62,15,13,288,0,0,0,288
01/13/2021,STL,MO,ACE,CE,Towers with Radar,197,59,12,8,276,0,12,7,4,23,197,71,19,12,299,0,0,0,299
01/14/2021,STL,MO,ACE,CE,Towers with Radar,208,90,10,6,314,0,2,0,4,6,208,92,10,10,320,0,0,0,320
01/15/2021,STL,MO,ACE,CE,Towers with Radar,211,74,12,4,301,0,0,0,0,0,211,74,12,4,301,0,0,0,301
01/16/2021,STL,MO,ACE,CE,Towers with Radar,163,54,3,0,220,0,0,0,0,0,163,54,3,0,220,0,0,0,220
01/17/2021,STL,MO,ACE,CE,Towers with Radar,190,61,3,0,254,0,0,0,0,0,190,61,3,0,254,0,0,0,254
01/18/2021,STL,MO,ACE,CE,Towers with Radar,201,76,4,0,281,0,3,1,0,4,201,79,5,0,285,0,0,0,285
01/19/2021,STL,MO,ACE,CE,Towers with Radar,191,70,13,0,274,0,0,7,2,9,191,70,20,2,283,26,0,26,309
01/20/2021,STL,MO,ACE,CE,Towers with Radar,196,75,19,3,293,0,5,0,3,8,196,80,19,6,301,0,0,0,301
01/21/2021,STL,MO,ACE,CE,Towers with Radar,212,71,10,7,300,0,5,4,2,11,212,76,14,9,311,0,0,0,311
01/22/2021,STL,MO,ACE,CE,Towers with Radar,216,63,9,5,293,0,9,2,5,16,216,72,11,10,309,0,0,0,309
01/23/2021,STL,MO,ACE,CE,Towers with Radar,157,47,1,0,205,0,5,3,0,8,157,52,4,0,213,0,0,0,213
01/24/2021,STL,MO,ACE,CE,Towers with Radar,203,73,3,2,281,0,2,0,0,2,203,75,3,2,283,0,0,0,283
01/25/2021,STL,MO,ACE,CE,Towers with Radar,207,56,2,0,265,0,0,0,0,0,207,56,2,0,265,0,0,0,265
01/26/2021,STL,MO,ACE,CE,Towers with Radar,195,62,2,0,259,0,0,1,0,1,195,62,3,0,260,0,0,0,260
01/27/2021,STL,MO,ACE,CE,Towers with Radar,195,61,7,0,263,0,0,0,0,0,195,61,7,0,263,0,0,0,263
01/28/2021,STL,MO,ACE,CE,Towers with Radar,217,73,18,2,310,0,5,9,2,16,217,78,27,4,326,0,0,0,326
01/29/2021,STL,MO,ACE,CE,Towers with Radar,214,70,6,3,293,0,9,1,1,11,214,79,7,4,304,0,0,0,304
01/30/2021,STL,MO,ACE,CE,Towers with Radar,157,53,11,0,221,0,0,0,0,0,157,53,11,0,221,0,0,0,221
01/31/2021,STL,MO,ACE,CE,Towers with Radar,196,52,2,0,250,0,0,0,0,0,196,52,2,0,250,0,0,0,250
02/01/2021,STL,MO,ACE,CE,Towers with Radar,190,63,8,0,261,0,1,2,0,3,190,64,10,0,264,0,0,0,264
02/02/2021,STL,MO,ACE,CE,Towers with Radar,194,59,11,6,270,0,5,0,4,9,194,64,11,10,279,0,0,0,279
02/03/2021,STL,MO,ACE,CE,Towers with Radar,195,70,10,6,281,0,3,7,9,19,195,73,17,15,300,0,0,0,300
02/04/2021,STL,MO,ACE,CE,Towers with Radar,207,64,9,0,280,0,0,0,0,0,207,64,9,0,280,0,0,0,280
02/05/2021,STL,MO,ACE,CE,Towers with Radar,214,70,24,4,312,0,10,2,1,13,214,80,26,5,325,0,0,0,325
02/06/2021,STL,MO,ACE,CE,Towers with Radar,161,51,3,0,215,0,3,4,0,7,161,54,7,0,222,7,0,7,229
02/07/2021,STL,MO,ACE,CE,Towers with Radar,195,45,2,0,242,0,3,2,0,5,195,48,4,0,247,0,0,0,247
02/08/2021,STL,MO,ACE,CE,Towers with Radar,200,56,9,0,265,0,0,2,0,2,200,56,11,0,267,0,0,0,267
02/09/2021,STL,MO,ACE,CE,Towers with Radar,189,56,14,2,261,0,0,0,1,1,189,56,14,3,262,0,0,0,262
02/10/2021,STL,MO,ACE,CE,Towers with Radar,196,24,9,0,229,0,0,0,0,0,196,24,9,0,229,0,0,0,229
02/11/2021,STL,MO,ACE,CE,Towers with Radar,216,62,11,0,289,0,5,0,0,5,216,67,11,0,294,0,0,0,294
02/12/2021,STL,MO,ACE,CE,Towers with Radar,215,61,18,2,296,0,2,2,16,20,215,63,20,18,316,0,0,0,316
02/13/2021,STL,MO,ACE,CE,Towers with Radar,152,44,9,0,205,0,0,0,0,0,152,44,9,0,205,0,0,0,205
02/14/2021,STL,MO,ACE,CE,Towers with Radar,100,49,0,0,149,0,0,0,0,0,100,49,0,0,149,0,0,0,149
02/15/2021,STL,MO,ACE,CE,Towers with Radar,127,27,6,0,160,0,0,0,0,0,127,27,6,0,160,0,0,0,160
02/16/2021,STL,MO,ACE,CE,Towers with Radar,122,54,8,14,198,1,6,2,0,9,123,60,10,14,207,0,0,0,207
02/17/2021,STL,MO,ACE,CE,Towers with Radar,135,39,13,0,187,0,0,2,0,2,135,39,15,0,189,0,0,0,189
02/18/2021,STL,MO,ACE,CE,Towers with Radar,183,51,12,1,247,0,5,0,0,5,183,56,12,1,252,0,0,0,252
02/19/2021,STL,MO,ACE,CE,Towers with Radar,211,65,30,6,312,0,17,2,2,21,211,82,32,8,333,0,0,0,333
02/20/2021,STL,MO,ACE,CE,Towers with Radar,150,53,7,2,212,0,6,2,0,8,150,59,9,2,220,0,0,0,220
02/21/2021,STL,MO,ACE,CE,Towers with Radar,202,63,6,1,272,0,1,0,0,1,202,64,6,1,273,0,0,0,273
02/22/2021,STL,MO,ACE,CE,Towers with Radar,209,66,11,2,288,0,3,3,1,7,209,69,14,3,295,0,0,0,295
02/23/2021,STL,MO,ACE,CE,Towers with Radar,193,66,13,7,279,0,8,2,3,13,193,74,15,10,292,0,0,0,292
02/24/2021,STL,MO,ACE,CE,Towers with Radar,199,73,17,10,299,0,5,2,1,8,199,78,19,11,307,0,0,0,307
02/25/2021,STL,MO,ACE,CE,Towers with Radar,213,76,8,12,309,0,10,5,3,18,213,86,13,15,327,0,0,0,327
02/26/2021,STL,MO,ACE,CE,Towers with Radar,219,62,8,3,292,0,4,3,1,8,219,66,11,4,300,0,0,0,300
02/27/2021,STL,MO,ACE,CE,Towers with Radar,153,37,4,0,194,0,8,2,0,10,153,45,6,0,204,0,0,0,204
02/28/2021,STL,MO,ACE,CE,Towers with Radar,205,58,7,0,270,0,0,0,0,0,205,58,7,0,270,0,0,0,270
03/01/2021,STL,MO,ACE,CE,Towers with Radar,209,64,12,2,287,0,7,0,4,11,209,71,12,6,298,0,0,0,298
03/02/2021,STL,MO,ACE,CE,Towers with Radar,190,50,13,3,256,0,10,1,2,13,190,60,14,5,269,0,0,0,269
03/03/2021,STL,MO,ACE,CE,Towers with Radar,191,62,16,5,274,0,12,9,1,22,191,74,25,6,296,0,0,0,296
03/04/2021,STL,MO,ACE,CE,Towers with Radar,218,61,16,4,299,0,9,10,4,23,218,70,26,8,322,0,9,9,331
03/05/2021,STL,MO,ACE,CE,Towers with Radar,227,70,9,4,310,0,8,8,3,19,227,78,17,7,329,0,0,0,329
03/06/2021,STL,MO,ACE,CE,Towers with Radar,172,37,13,0,222,0,6,4,0,10,172,43,17,0,232,0,0,0,232
03/07/2021,STL,MO,ACE,CE,Towers with Radar,235,52,8,0,295,0,5,3,0,8,235,57,11,0,303,0,0,0,303
03/08/2021,STL,MO,ACE,CE,Towers with Radar,250,61,7,2,320,0,8,1,2,11,250,69,8,4,331,0,0,0,331
03/09/2021,STL,MO,ACE,CE,Towers with Radar,207,55,10,3,275,0,5,0,3,8,207,60,10,6,283,0,0,0,283
03/10/2021,STL,MO,ACE,CE,Towers with Radar,204,63,12,5,284,0,1,5,2,8,204,64,17,7,292,0,0,0,292
03/11/2021,STL,MO,ACE,CE,Towers with Radar,262,63,13,1,339,0,1,1,0,2,262,64,14,1,341,0,0,0,341
03/12/2021,STL,MO,ACE,CE,Towers with Radar,269,62,13,4,348,0,4,40,24,68,269,66,53,28,416,0,16,16,432
03/13/2021,STL,MO,ACE,CE,Towers with Radar,239,62,7,0,308,0,4,15,0,19,239,66,22,0,327,0,0,0,327
03/14/2021,STL,MO,ACE,CE,Towers with Radar,236,36,9,0,281,0,4,2,0,6,236,40,11,0,287,0,0,0,287
03/15/2021,STL,MO,ACE,CE,Towers with Radar,250,63,6,4,323,0,1,0,0,1,250,64,6,4,324,0,0,0,324
03/16/2021,STL,MO,ACE,CE,Towers with Radar,240,73,15,25,353,0,1,0,0,1,240,74,15,25,354,0,0,0,354
03/17/2021,STL,MO,ACE,CE,Towers with Radar,235,60,12,2,309,0,0,0,0,0,235,60,12,2,309,0,0,0,309
03/18/2021,STL,MO,ACE,CE,Towers with Radar,271,58,25,3,357,0,0,0,0,0,271,58,25,3,357,0,0,0,357
03/19/2021,STL,MO,ACE,CE,Towers with Radar,266,63,16,6,351,0,12,8,25,45,266,75,24,31,396,0,0,0,396
03/20/2021,STL,MO,ACE,CE,Towers with Radar,247,50,14,4,315,0,6,4,14,24,247,56,18,18,339,12,0,12,351
03/21/2021,STL,MO,ACE,CE,Towers with Radar,260,56,16,0,332,0,12,8,0,20,260,68,24,0,352,0,0,0,352
03/22/2021,STL,MO,ACE,CE,Towers with Radar,260,69,9,2,340,0,6,4,0,10,260,75,13,2,350,0,0,0,350
03/23/2021,STL,MO,ACE,CE,Towers with Radar,249,61,12,1,323,0,0,0,1,1,249,61,12,2,324,0,0,0,324
03/24/2021,STL,MO,ACE,CE,Towers with Radar,241,77,13,6,337,0,1,5,3,9,241,78,18,9,346,0,0,0,346
03/25/2021,STL,MO,ACE,CE,Towers with Radar,265,79,18,0,362,0,0,0,2,2,265,79,18,2,364,0,0,0,364
03/26/2021,STL,MO,ACE,CE,Towers with Radar,272,57,14,2,345,0,2,2,15,19,272,59,16,17,364,0,12,12,376
03/27/2021,STL,MO,ACE,CE,Towers with Radar,240,48,9,2,299,0,6,0,0,6,240,54,9,2,305,0,0,0,305
03/28/2021,STL,MO,ACE,CE,Towers with Radar,263,55,11,0,329,0,4,3,0,7,263,59,14,0,336,0,0,0,336
03/29/2021,STL,MO,ACE,CE,Towers with Radar,267,60,9,6,342,0,5,4,5,14,267,65,13,11,356,0,0,0,356
03/30/2021,STL,MO,ACE,CE,Towers with Radar,252,66,10,7,335,0,2,1,3,6,252,68,11,10,341,0,10,10,351
03/31/2021,STL,MO,ACE,CE,Towers with Radar,251,70,11,5,337,0,5,0,1,6,251,75,11,6,343,0,0,0,343
04/01/2021,STL,MO,ACE,CE,Towers with Radar,268,61,21,5,355,0,6,2,2,10,268,67,23,7,365,0,0,0,365
04/02/2021,STL,MO,ACE,CE,Towers with Radar,273,57,8,1,339,0,9,0,1,10,273,66,8,2,349,0,0,0,349
04/03/2021,STL,MO,ACE,CE,Towers with Radar,236,36,8,0,280,0,10,3,0,13,236,46,11,0,293,0,0,0,293
04/04/2021,STL,MO,ACE,CE,Towers with Radar,259,42,6,0,307,0,7,0,0,7,259,49,6,0,314,0,0,0,314
04/05/2021,STL,MO,ACE,CE,Towers with Radar,266,62,5,0,333,0,6,4,0,10,266,68,9,0,343,0,0,0,343
04/06/2021,STL,MO,ACE,CE,Towers with Radar,247,66,11,7,331,0,3,4,4,11,247,69,15,11,342,0,0,0,342
04/07/2021,STL,MO,ACE,CE,Towers with Radar,251,52,15,4,322,0,0,1,3,4,251,52,16,7,326,0,0,0,326
04/08/2021,STL,MO,ACE,CE,Towers with Radar,275,70,10,3,358,0,0,0,0,0,275,70,10,3,358,0,0,0,358
04/09/2021,STL,MO,ACE,CE,Towers with Radar,269,61,12,8,350,0,5,9,4,18,269,66,21,12,368,0,16,16,384
04/10/2021,STL,MO,ACE,CE,Towers with Radar,234,49,12,0,295,0,0,0,0,0,234,49,12,0,295,0,0,0,295
04/11/2021,STL,MO,ACE,CE,Towers with Radar,259,49,5,0,313,0,5,0,0,5,259,54,5,0,318,0,0,0,318
04/12/2021,STL,MO,ACE,CE,Towers with Radar,258,60,11,4,333,0,7,4,0,11,258,67,15,4,344,0,0,0,344
04/13/2021,STL,MO,ACE,CE,Towers with Radar,224,72,6,2,304,0,5,2,0,7,224,77,8,2,311,0,0,0,311
04/14/2021,STL,MO,ACE,CE,Towers with Radar,224,71,7,2,304,0,6,1,2,9,224,77,8,4,313,0,0,0,313
04/15/2021,STL,MO,ACE,CE,Towers with Radar,259,72,16,4,351,0,2,1,3,6,259,74,17,7,357,0,0,0,357
04/16/2021,STL,MO,ACE,CE,Towers with Radar,260,67,13,12,352,0,2,3,3,8,260,69,16,15,360,0,0,0,360
04/17/2021,STL,MO,ACE,CE,Towers with Radar,231,43,5,4,283,0,1,3,0,4,231,44,8,4,287,0,0,0,287
04/18/2021,STL,MO,ACE,CE,Towers with Radar,243,49,1,0,293,0,7,3,0,10,243,56,4,0,303,0,0,0,303
04/19/2021,STL,MO,ACE,CE,Towers with Radar,249,68,11,7,335,0,3,5,3,11,249,71,16,10,346,0,0,0,346
04/20/2021,STL,MO,ACE,CE,Towers with Radar,226,68,11,1,306,0,1,0,0,1,226,69,11,1,307,0,0,0,307
04/21/2021,STL,MO,ACE,CE,Towers with Radar,227,60,12,17,316,0,2,5,3,10,227,62,17,20,326,0,0,0,326
04/22/2021,STL,MO,ACE,CE,Towers with Radar,264,68,9,14,355,0,5,9,3,17,264,73,18,17,372,0,4,4,376
04/23/2021,STL,MO,ACE,CE,Towers with Radar,260,66,11,0,337,0,1,0,0,1,260,67,11,0,338,0,0,0,338
04/24/2021,STL,MO,ACE,CE,Towers with Radar,235,44,9,0,288,0,2,3,0,5,235,46,12,0,293,0,0,0,293
04/25/2021,STL,MO,ACE,CE,Towers with Radar,256,56,4,0,316,0,7,0,0,7,256,63,4,0,323,0,0,0,323
04/26/2021,STL,MO,ACE,CE,Towers with Radar,260,62,7,4,333,0,9,1,2,12,260,71,8,6,345,0,0,0,345
04/27/2021,STL,MO,ACE,CE,Towers with Radar,224,64,8,6,302,0,5,3,5,13,224,69,11,11,315,0,0,0,315
04/28/2021,STL,MO,ACE,CE,Towers with Radar,228,66,9,1,304,0,0,0,0,0,228,66,9,1,304,0,0,0,304
04/29/2021,STL,MO,ACE,CE,Towers with Radar,264,79,13,4,360,0,0,1,0,1,264,79,14,4,361,0,0,0,361
04/30/2021,STL,MO,ACE,CE,Towers with Radar,261,68,4,6,339,0,8,4,3,15,261,76,8,9,354,0,0,0,354
05/01/2021,STL,MO,ACE,CE,Towers with Radar,229,50,6,1,286,0,6,3,0,9,229,56,9,1,295,0,0,0,295
05/02/2021,STL,MO,ACE,CE,Towers with Radar,248,48,3,1,300,0,4,3,0,7,248,52,6,1,307,0,0,0,307
05/03/2021,STL,MO,ACE,CE,Towers with Radar,250,68,11,0,329,0,1,1,0,2,250,69,12,0,331,0,0,0,331
05/04/2021,STL,MO,ACE,CE,Towers with Radar,222,67,10,0,299,0,1,0,0,1,222,68,10,0,300,0,0,0,300
05/05/2021,STL,MO,ACE,CE,Towers with Radar,225,69,17,0,311,0,13,4,0,17,225,82,21,0,328,0,0,0,328
05/06/2021,STL,MO,ACE,CE,Towers with Radar,259,74,19,1,353,0,3,2,1,6,259,77,21,2,359,0,0,0,359
05/07/2021,STL,MO,ACE,CE,Towers with Radar,271,73,15,4,363,0,7,2,1,10,271,80,17,5,373,0,0,0,373
05/08/2021,STL,MO,ACE,CE,Towers with Radar,241,46,3,0,290,0,1,0,2,3,241,47,3,2,293,0,0,0,293
05/09/2021,STL,MO,ACE,CE,Towers with Radar,274,56,4,0,334,0,1,0,0,1,274,57,4,0,335,0,0,0,335
05/10/2021,STL,MO,ACE,CE,Towers with Radar,285,75,12,2,374,0,1,8,3,12,285,76,20,5,386,8,22,30,416
05/11/2021,STL,MO,ACE,CE,Towers with Radar,248,62,9,5,324,0,1,5,0,6,248,63,14,5,330,0,0,0,330
05/12/2021,STL,MO,ACE,CE,Towers with Radar,248,69,8,8,333,0,12,9,4,25,248,81,17,12,358,0,0,0,358
05/13/2021,STL,MO,ACE,CE,Towers with Radar,290,75,19,25,409,0,7,10,3,20,290,82,29,28,429,12,40,52,481
05/14/2021,STL,MO,ACE,CE,Towers with Radar,288,73,14,12,387,0,5,2,8,15,288,78,16,20,402,0,0,0,402
05/15/2021,STL,MO,ACE,CE,Towers with Radar,244,48,8,0,300,0,0,0,0,0,244,48,8,0,300,0,6,6,306
05/16/2021,STL,MO,ACE,CE,Towers with Radar,269,56,8,3,336,0,0,4,0,4,269,56,12,3,340,0,0,0,340
05/17/2021,STL,MO,ACE,CE,Towers with Radar,281,75,13,0,369,0,0,0,0,0,281,75,13,0,369,0,0,0,369
05/18/2021,STL,MO,ACE,CE,Towers with Radar,260,72,10,0,342,0,1,3,1,5,260,73,13,1,347,0,0,0,347
05/19/2021,STL,MO,ACE,CE,Towers with Radar,261,87,8,5,361,0,1,3,3,7,261,88,11,8,368,0,0,0,368
05/20/2021,STL,MO,ACE,CE,Towers with Radar,296,75,30,1,402,0,5,1,3,9,296,80,31,4,411,0,0,0,411
05/21/2021,STL,MO,ACE,CE,Towers with Radar,295,86,20,3,404,0,2,5,5,12,295,88,25,8,416,0,0,0,416
05/22/2021,STL,MO,ACE,CE,Towers with Radar,249,50,12,0,311,0,4,7,0,11,249,54,19,0,322,0,0,0,322
05/23/2021,STL,MO,ACE,CE,Towers with Radar,271,65,5,4,345,0,6,6,0,12,271,71,11,4,357,0,0,0,357
05/24/2021,STL,MO,ACE,CE,Towers with Radar,290,68,5,0,363,0,9,3,2,14,290,77,8,2,377,0,0,0,377
05/25/2021,STL,MO,ACE,CE,Towers with Radar,259,78,13,2,352,0,3,0,4,7,259,81,13,6,359,0,0,0,359
05/26/2021,STL,MO,ACE,CE,Towers with Radar,264,73,19,6,362,0,1,4,2,7,264,74,23,8,369,0,20,20,389
05/27/2021,STL,MO,ACE,CE,Towers with Radar,300,62,17,2,381,0,0,2,0,2,300,62,19,2,383,8,0,8,391
05/28/2021,STL,MO,ACE,CE,Towers with Radar,303,68,14,0,385,0,0,0,0,0,303,68,14,0,385,0,0,0,385
05/29/2021,STL,MO,ACE,CE,Towers with Radar,248,43,7,0,298,0,1,0,0,1,248,44,7,0,299,0,0,0,299
05/30/2021,STL,MO,ACE,CE,Towers with Radar,261,38,7,0,306,0,6,8,0,14,261,44,15,0,320,0,0,0,320
05/31/2021,STL,MO,ACE,CE,Towers with Radar,285,57,14,0,356,0,1,3,1,5,285,58,17,1,361,0,0,0,361
06/01/2021,STL,MO,ACE,CE,Towers with Radar,288,59,18,3,368,0,3,6,3,12,288,62,24,6,380,0,0,0,380
06/02/2021,STL,MO,ACE,CE,Towers with Radar,302,82,18,3,405,0,1,2,0,3,302,83,20,3,408,0,0,0,408
06/03/2021,STL,MO,ACE,CE,Towers with Radar,305,52,14,0,371,0,3,2,2,7,305,55,16,2,378,0,0,0,378
06/04/2021,STL,MO,ACE,CE,Towers with Radar,321,58,12,13,404,0,8,4,2,14,321,66,16,15,418,16,0,16,434
06/05/2021,STL,MO,ACE,CE,Towers with Radar,296,43,13,2,354,0,3,0,1,4,296,46,13,3,358,0,0,0,358
06/06/2021,STL,MO,ACE,CE,Towers with Radar,354,61,10,2,427,0,1,3,0,4,354,62,13,2,431,8,0,8,439
06/07/2021,STL,MO,ACE,CE,Towers with Radar,323,70,2,0,395,0,2,8,0,10,323,72,10,0,405,0,0,0,405
06/08/2021,STL,MO,ACE,CE,Towers with Radar,335,67,22,4,428,0,1,5,0,6,335,68,27,4,434,0,0,0,434
06/09/2021,STL,MO,ACE,CE,Towers with Radar,338,56,10,18,422,0,1,0,4,5,338,57,10,22,427,0,0,0,427
06/10/2021,STL,MO,ACE,CE,Towers with Radar,341,68,19,8,436,0,3,2,3,8,341,71,21,11,444,0,0,0,444
06/11/2021,STL,MO,ACE,CE,Towers with Radar,347,66,21,7,441,0,6,6,1,13,347,72,27,8,454,0,0,0,454
06/12/2021,STL,MO,ACE,CE,Towers with Radar,334,37,4,0,375,0,5,4,0,9,334,42,8,0,384,0,0,0,384
06/13/2021,STL,MO,ACE,CE,Towers with Radar,350,54,9,2,415,0,8,4,0,12,350,62,13,2,427,0,0,0,427
06/14/2021,STL,MO,ACE,CE,Towers with Radar,338,55,20,0,413,0,9,2,0,11,338,64,22,0,424,0,0,0,424
06/15/2021,STL,MO,ACE,CE,Towers with Radar,321,61,15,3,400,0,10,0,2,12,321,71,15,5,412,0,24,24,436
06/16/2021,STL,MO,ACE,CE,Towers with Radar,338,53,17,2,410,0,10,3,1,14,338,63,20,3,424,0,0,0,424
06/17/2021,STL,MO,ACE,CE,Towers with Radar,342,61,22,2,427,0,12,3,2,17,342,73,25,4,444,0,0,0,444
06/18/2021,STL,MO,ACE,CE,Towers with Radar,341,61,16,3,421,0,10,0,3,13,341,71,16,6,434,0,0,0,434
06/19/2021,STL,MO,ACE,CE,Towers with Radar,320,37,5,0,362,0,0,0,0,0,320,37,5,0,362,0,0,0,362
06/20/2021,STL,MO,ACE,CE,Towers with Radar,361,61,10,0,432,0,2,3,2,7,361,63,13,2,439,0,0,0,439
06/21/2021,STL,MO,ACE,CE,Towers with Radar,331,68,16,4,419,0,4,1,2,7,331,72,17,6,426,0,4,4,430
06/22/2021,STL,MO,ACE,CE,Towers with Radar,338,53,21,7,419,0,9,6,5,20,338,62,27,12,439,0,0,0,439
06/23/2021,STL,MO,ACE,CE,Towers with Radar,349,53,23,4,429,0,14,7,5,26,349,67,30,9,455,0,0,0,455
06/24/2021,STL,MO,ACE,CE,Towers with Radar,347,64,21,4,436,0,2,3,2,7,347,66,24,6,443,0,0,0,443
06/25/2021,STL,MO,ACE,CE,Towers with Radar,307,61,14,2,384,0,2,5,0,7,307,63,19,2,391,0,0,0,391
06/26/2021,STL,MO,ACE,CE,Towers with Radar,292,44,5,0,341,0,0,3,0,3,292,44,8,0,344,0,0,0,344
06/27/2021,STL,MO,ACE,CE,Towers with Radar,355,46,9,0,410,0,0,3,0,3,355,46,12,0,413,0,0,0,413
06/28/2021,STL,MO,ACE,CE,Towers with Radar,330,69,13,1,413,0,2,1,1,4,330,71,14,2,417,0,0,0,417
06/29/2021,STL,MO,ACE,CE,Towers with Radar,339,69,13,9,430,0,0,1,3,4,339,69,14,12,434,0,0,0,434
06/30/2021,STL,MO,ACE,CE,Towers with Radar,326,60,9,6,401,0,0,2,0,2,326,60,11,6,403,0,40,40,443
07/01/2021,STL,MO,ACE,CE,Towers with Radar,339,79,13,5,436,0,2,3,1,6,339,81,16,6,442,0,0,0,442
07/02/2021,STL,MO,ACE,CE,Towers with Radar,334,54,9,8,405,0,6,8,6,20,334,60,17,14,425,0,0,0,425
07/03/2021,STL,MO,ACE,CE,Towers with Radar,314,36,8,0,358,0,3,15,0,18,314,39,23,0,376,0,0,0,376
07/04/2021,STL,MO,ACE,CE,Towers with Radar,331,32,3,0,366,0,12,8,0,20,331,44,11,0,386,0,0,0,386
07/05/2021,STL,MO,ACE,CE,Towers with Radar,328,59,9,0,396,0,9,0,0,9,328,68,9,0,405,0,0,0,405
07/06/2021,STL,MO,ACE,CE,Towers with Radar,334,65,14,4,417,0,5,2,1,8,334,70,16,5,425,0,0,0,425
07/07/2021,STL,MO,ACE,CE,Towers with Radar,334,47,13,10,404,0,5,9,6,20,334,52,22,16,424,0,0,0,424
07/08/2021,STL,MO,ACE,CE,Towers with Radar,339,70,8,3,420,0,6,3,1,10,339,76,11,4,430,0,0,0,430
07/09/2021,STL,MO,ACE,CE,Towers with Radar,341,60,11,7,419,0,5,2,1,8,341,65,13,8,427,0,0,0,427
07/10/2021,STL,MO,ACE,CE,Towers with Radar,337,40,4,0,381,0,1,0,0,1,337,41,4,0,382,0,0,0,382
07/11/2021,STL,MO,ACE,CE,Towers with Radar,362,54,13,1,430,0,1,4,0,5,362,55,17,1,435,0,0,0,435
07/12/2021,STL,MO,ACE,CE,Towers with Radar,340,73,17,0,430,0,1,6,0,7,340,74,23,0,437,0,0,0,437
07/13/2021,STL,MO,ACE,CE,Towers with Radar,337,53,12,8,410,0,1,5,6,12,337,54,17,14,422,0,0,0,422
07/14/2021,STL,MO,ACE,CE,Towers with Radar,353,59,12,7,431,0,4,10,10,24,353,63,22,17,455,0,0,0,455
07/15/2021,STL,MO,ACE,CE,Towers with Radar,346,57,27,11,441,0,2,5,4,11,346,59,32,15,452,0,0,0,452
07/16/2021,STL,MO,ACE,CE,Towers with Radar,348,67,20,0,435,0,0,0,0,0,348,67,20,0,435,0,0,0,435
07/17/2021,STL,MO,ACE,CE,Towers with Radar,316,38,6,0,360,0,1,2,0,3,316,39,8,0,363,0,0,0,363
07/18/2021,STL,MO,ACE,CE,Towers with Radar,362,58,14,0,434,0,2,8,0,10,362,60,22,0,444,0,0,0,444
07/19/2021,STL,MO,ACE,CE,Towers with Radar,333,68,31,12,444,0,1,1,4,6,333,69,32,16,450,0,0,0,450
07/20/2021,STL,MO,ACE,CE,Towers with Radar,347,56,23,8,434,0,4,1,4,9,347,60,24,12,443,0,0,0,443
07/21/2021,STL,MO,ACE,CE,Towers with Radar,342,60,25,4,431,0,3,5,4,12,342,63,30,8,443,0,0,0,443
07/22/2021,STL,MO,ACE,CE,Towers with Radar,343,77,18,19,457,0,4,11,3,18,343,81,29,22,475,0,0,0,475
07/23/2021,STL,MO,ACE,CE,Towers with Radar,347,58,14,10,429,0,2,1,6,9,347,60,15,16,438,0,0,0,438
07/24/2021,STL,MO,ACE,CE,Towers with Radar,339,47,8,3,397,0,1,1,1,3,339,48,9,4,400,0,0,0,400
07/25/2021,STL,MO,ACE,CE,Towers with Radar,354,70,7,2,433,0,1,1,0,2,354,71,8,2,435,0,0,0,435
07/26/2021,STL,MO,ACE,CE,Towers with Radar,333,79,19,0,431,0,3,4,0,7,333,82,23,0,438,0,0,0,438
07/27/2021,STL,MO,ACE,CE,Towers with Radar,342,83,16,6,447,0,4,1,6,11,342,87,17,12,458,0,0,0,458
07/28/2021,STL,MO,ACE,CE,Towers with Radar,353,69,16,7,445,0,2,0,12,14,353,71,16,19,459,0,0,0,459
07/29/2021,STL,MO,ACE,CE,Towers with Radar,339,81,16,4,440,0,4,0,0,4,339,85,16,4,444,0,0,0,444
07/30/2021,STL,MO,ACE,CE,Towers with Radar,341,66,13,5,425,0,1,9,9,19,341,67,22,14,444,0,0,0,444
07/31/2021,STL,MO,ACE,CE,Towers with Radar,320,62,8,2,392,0,0,0,0,0,320,62,8,2,392,0,0,0,392
08/01/2021,STL,MO,ACE,CE,Towers with Radar,349,59,13,3,424,0,1,4,2,7,349,60,17,5,431,0,0,0,431
08/02/2021,STL,MO,ACE,CE,Towers with Radar,323,53,17,4,397,0,0,4,2,6,323,53,21,6,403,0,0,0,403
08/03/2021,STL,MO,ACE,CE,Towers with Radar,331,55,21,5,412,0,2,0,4,6,331,57,21,9,418,0,0,0,418
08/04/2021,STL,MO,ACE,CE,Towers with Radar,346,61,18,4,429,0,6,1,4,11,346,67,19,8,440,0,0,0,440
08/05/2021,STL,MO,ACE,CE,Towers with Radar,340,66,20,5,431,0,4,6,4,14,340,70,26,9,445,0,10,10,455
08/06/2021,STL,MO,ACE,CE,Towers with Radar,333,70,6,6,415,0,2,0,2,4,333,72,6,8,419,6,0,6,425
08/07/2021,STL,MO,ACE,CE,Towers with Radar,321,46,5,4,376,0,2,4,4,10,321,48,9,8,386,0,0,0,386
08/08/2021,STL,MO,ACE,CE,Towers with Radar,358,65,6,2,431,0,2,1,0,3,358,67,7,2,434,0,0,0,434
08/09/2021,STL,MO,ACE,CE,Towers with Radar,343,57,7,2,409,0,0,6,1,7,343,57,13,3,416,0,0,0,416
08/10/2021,STL,MO,ACE,CE,Towers with Radar,345,54,19,6,424,0,0,0,9,9,345,54,19,15,433,0,0,0,433
08/11/2021,STL,MO,ACE,CE,Towers with Radar,354,52,20,0,426,0,2,5,0,7,354,54,25,0,433,0,0,0,433
08/12/2021,STL,MO,ACE,CE,Towers with Radar,344,67,20,5,436,0,1,0,5,6,344,68,20,10,442,0,0,0,442
08/13/2021,STL,MO,ACE,CE,Towers with Radar,358,63,14,3,438,0,0,2,5,7,358,63,16,8,445,0,0,0,445
08/14/2021,STL,MO,ACE,CE,Towers with Radar,309,39,11,2,361,0,0,6,3,9,309,39,17,5,370,0,0,0,370
08/15/2021,STL,MO,ACE,CE,Towers with Radar,363,53,10,1,427,0,0,5,0,5,363,53,15,1,432,0,0,0,432
08/16/2021,STL,MO,ACE,CE,Towers with Radar,326,60,7,8,401,0,1,4,4,9,326,61,11,12,410,0,0,0,410
08/17/2021,STL,MO,ACE,CE,Towers with Radar,329,63,16,1,409,0,2,4,4,10,329,65,20,5,419,0,0,0,419
08/18/2021,STL,MO,ACE,CE,Towers with Radar,337,73,9,9,428,0,0,3,7,10,337,73,12,16,438,0,0,0,438
08/19/2021,STL,MO,ACE,CE,Towers with Radar,361,65,20,5,451,0,0,0,1,1,361,65,20,6,452,0,0,0,452
08/20/2021,STL,MO,ACE,CE,Towers with Radar,336,68,25,1,430,0,0,2,3,5,336,68,27,4,435,0,0,0,435
08/21/2021,STL,MO,ACE,CE,Towers with Radar,329,55,8,0,392,0,1,6,0,7,329,56,14,0,399,0,0,0,399
08/22/2021,STL,MO,ACE,CE,Towers with Radar,363,64,16,1,444,0,2,3,3,8,363,66,19,4,452,0,0,0,452
08/23/2021,STL,MO,ACE,CE,Towers with Radar,347,45,10,7,409,0,1,0,4,5,347,46,10,11,414,0,10,10,424
08/24/2021,STL,MO,ACE,CE,Towers with Radar,369,65,19,6,459,0,1,1,6,8,369,66,20,12,467,0,10,10,477
08/25/2021,STL,MO,ACE,CE,Towers with Radar,357,60,21,1,439,0,2,0,0,2,357,62,21,1,441,0,0,0,441
08/26/2021,STL,MO,ACE,CE,Towers with Radar,342,68,22,4,436,0,5,2,4,11,342,73,24,8,447,0,5,5,452
08/27/2021,STL,MO,ACE,CE,Towers with Radar,350,65,9,6,430,0,6,1,6,13,350,71,10,12,443,0,0,0,443
08/28/2021,STL,MO,ACE,CE,Towers with Radar,324,48,10,0,382,0,4,4,0,8,324,52,14,0,390,0,0,0,390
08/29/2021,STL,MO,ACE,CE,Towers with Radar,345,47,7,0,399,0,4,2,6,12,345,51,9,6,411,0,0,0,411
08/30/2021,STL,MO,ACE,CE,Towers with Radar,342,55,8,3,408,0,1,2,0,3,342,56,10,3,411,0,0,0,411
08/31/2021,STL,MO,ACE,CE,Towers with Radar,336,55,5,5,401,0,0,0,2,2,336,55,5,7,403,0,0,0,403
09/01/2021,STL,MO,ACE,CE,Towers with Radar,338,62,14,3,417,0,3,11,3,17,338,65,25,6,434,0,0,0,434
09/02/2021,STL,MO,ACE,CE,Towers with Radar,350,56,9,8,423,0,11,7,4,22,350,67,16,12,445,0,6,6,451
09/03/2021,STL,MO,ACE,CE,Towers with Radar,353,65,16,4,438,0,3,5,6,14,353,68,21,10,452,0,0,0,452
09/04/2021,STL,MO,ACE,CE,Towers with Radar,322,44,5,0,371,0,1,0,0,1,322,45,5,0,372,0,0,0,372
09/05/2021,STL,MO,ACE,CE,Towers with Radar,336,48,3,6,393,0,4,4,4,12,336,52,7,10,405,0,0,0,405
09/06/2021,STL,MO,ACE,CE,Towers with Radar,322,65,7,1,395,0,3,6,0,9,322,68,13,1,404,0,0,0,404
09/07/2021,STL,MO,ACE,CE,Towers with Radar,328,65,29,0,422,0,4,1,1,6,328,69,30,1,428,0,0,0,428
09/08/2021,STL,MO,ACE,CE,Towers with Radar,320,69,24,14,427,0,7,3,8,18,320,76,27,22,445,0,0,0,445
09/09/2021,STL,MO,ACE,CE,Towers with Radar,353,70,26,11,460,0,4,5,6,15,353,74,31,17,475,0,0,0,475
09/10/2021,STL,MO,ACE,CE,Towers with Radar,354,70,16,6,446,0,5,6,4,15,354,75,22,10,461,0,0,0,461
09/11/2021,STL,MO,ACE,CE,Towers with Radar,296,42,12,1,351,0,4,1,1,6,296,46,13,2,357,0,0,0,357
09/12/2021,STL,MO,ACE,CE,Towers with Radar,359,54,7,0,420,0,11,3,1,15,359,65,10,1,435,0,0,0,435
09/13/2021,STL,MO,ACE,CE,Towers with Radar,344,58,22,3,427,0,6,5,2,13,344,64,27,5,440,0,0,0,440
09/14/2021,STL,MO,ACE,CE,Towers with Radar,321,73,15,1,410,0,4,2,0,6,321,77,17,1,416,0,0,0,416
09/15/2021,STL,MO,ACE,CE,Towers with Radar,330,65,32,2,429,0,7,5,2,14,330,72,37,4,443,0,0,0,443
09/16/2021,STL,MO,ACE,CE,Towers with Radar,367,68,12,5,452,0,4,1,4,9,367,72,13,9,461,0,20,20,481
09/17/2021,STL,MO,ACE,CE,Towers with Radar,359,96,29,3,487,0,6,8,4,18,359,102,37,7,505,0,0,0,505
09/18/2021,STL,MO,ACE,CE,Towers with Radar,297,37,14,0,348,0,2,0,0,2,297,39,14,0,350,0,0,0,350
09/19/2021,STL,MO,ACE,CE,Towers with Radar,370,56,10,0,436,0,2,0,0,2,370,58,10,0,438,0,0,0,438
09/20/2021,STL,MO,ACE,CE,Towers with Radar,343,85,16,7,451,0,1,0,1,2,343,86,16,8,453,0,0,0,453
09/21/2021,STL,MO,ACE,CE,Towers with Radar,323,55,14,0,392,0,0,0,0,0,323,55,14,0,392,0,0,0,392
09/22/2021,STL,MO,ACE,CE,Towers with Radar,329,68,11,4,412,0,3,0,2,5,329,71,11,6,417,0,0,0,417
09/23/2021,STL,MO,ACE,CE,Towers with Radar,342,71,23,2,438,0,1,5,1,7,342,72,28,3,445,0,0,0,445
09/24/2021,STL,MO,ACE,CE,Towers with Radar,360,60,22,0,442,0,2,8,0,10,360,62,30,0,452,0,0,0,452
09/25/2021,STL,MO,ACE,CE,Towers with Radar,300,41,8,2,351,0,2,4,2,8,300,43,12,4,359,0,0,0,359
09/26/2021,STL,MO,ACE,CE,Towers with Radar,367,64,9,1,441,0,8,4,3,15,367,72,13,4,456,0,0,0,456
09/27/2021,STL,MO,ACE,CE,Towers with Radar,351,63,13,3,430,0,5,4,4,13,351,68,17,7,443,0,0,0,443
09/28/2021,STL,MO,ACE,CE,Towers with Radar,318,44,17,0,379,0,9,2,0,11,318,53,19,0,390,0,0,0,390
09/29/2021,STL,MO,ACE,CE,Towers with Radar,336,58,24,18,436,0,2,6,0,8,336,60,30,18,444,0,0,0,444
09/30/2021,STL,MO,ACE,CE,Towers with Radar,355,59,26,1,441,0,4,7,1,12,355,63,33,2,453,0,0,0,453
10/01/2021,STL,MO,ACE,CE,Towers with Radar,364,75,8,0,447,0,1,0,1,2,364,76,8,1,449,0,0,0,449
10/02/2021,STL,MO,ACE,CE,Towers with Radar,299,39,21,0,359,0,0,2,0,2,299,39,23,0,361,0,0,0,361
10/03/2021,STL,MO,ACE,CE,Towers with Radar,375,59,14,0,448,0,0,0,0,0,375,59,14,0,448,0,0,0,448
10/04/2021,STL,MO,ACE,CE,Towers with Radar,348,63,12,6,429,0,1,2,0,3,348,64,14,6,432,0,0,0,432
10/05/2021,STL,MO,ACE,CE,Towers with Radar,335,59,21,7,422,0,0,0,0,0,335,59,21,7,422,0,0,0,422
10/06/2021,STL,MO,ACE,CE,Towers with Radar,330,67,18,5,420,0,0,0,2,2,330,67,18,7,422,0,0,0,422
10/07/2021,STL,MO,ACE,CE,Towers with Radar,361,65,13,4,443,0,1,5,1,7,361,66,18,5,450,0,0,0,450
10/08/2021,STL,MO,ACE,CE,Towers with Radar,341,82,24,7,454,0,6,3,6,15,341,88,27,13,469,0,0,0,469
10/09/2021,STL,MO,ACE,CE,Towers with Radar,265,33,11,0,309,0,2,1,0,3,265,35,12,0,312,0,0,0,312
10/10/2021,STL,MO,ACE,CE,Towers with Radar,304,47,10,0,361,0,4,4,0,8,304,51,14,0,369,0,0,0,369
10/11/2021,STL,MO,ACE,CE,Towers with Radar,328,60,13,0,401,0,0,0,0,0,328,60,13,0,401,0,0,0,401
10/12/2021,STL,MO,ACE,CE,Towers with Radar,328,45,19,2,394,0,7,3,3,13,328,52,22,5,407,0,0,0,407
10/13/2021,STL,MO,ACE,CE,Towers with Radar,327,69,23,6,425,0,2,2,8,12,327,71,25,14,437,0,0,0,437
10/14/2021,STL,MO,ACE,CE,Towers with Radar,358,67,29,0,454,0,0,0,0,0,358,67,29,0,454,0,0,0,454
10/15/2021,STL,MO,ACE,CE,Towers with Radar,354,64,9,6,433,0,0,0,0,0,354,64,9,6,433,0,0,0,433
10/16/2021,STL,MO,ACE,CE,Towers with Radar,312,37,9,0,358,0,6,6,0,12,312,43,15,0,370,0,0,0,370
10/17/2021,STL,MO,ACE,CE,Towers with Radar,373,52,15,0,440,0,9,5,0,14,373,61,20,0,454,0,0,0,454
10/18/2021,STL,MO,ACE,CE,Towers with Radar,344,63,8,6,421,0,2,3,4,9,344,65,11,10,430,0,0,0,430
10/19/2021,STL,MO,ACE,CE,Towers with Radar,325,43,12,3,383,0,5,0,3,8,325,48,12,6,391,0,0,0,391
10/20/2021,STL,MO,ACE,CE,Towers with Radar,327,51,17,4,399,0,2,2,2,6,327,53,19,6,405,0,10,10,415
10/21/2021,STL,MO,ACE,CE,Towers with Radar,348,53,29,2,432,0,0,2,0,2,348,53,31,2,434,0,0,0,434
10/22/2021,STL,MO,ACE,CE,Towers with Radar,344,64,15,6,429,0,1,0,1,2,344,65,15,7,431,0,0,0,431
10/23/2021,STL,MO,ACE,CE,Towers with Radar,304,55,10,0,369,0,0,0,0,0,304,55,10,0,369,0,0,0,369
10/24/2021,STL,MO,ACE,CE,Towers with Radar,363,50,14,2,429,0,1,0,0,1,363,51,14,2,430,0,0,0,430
10/25/2021,STL,MO,ACE,CE,Towers with Radar,344,65,23,0,432,0,0,2,0,2,344,65,25,0,434,0,0,0,434
10/26/2021,STL,MO,ACE,CE,Towers with Radar,327,56,31,3,417,0,10,8,3,21,327,66,39,6,438,0,0,0,438
10/27/2021,STL,MO,ACE,CE,Towers with Radar,333,54,23,8,418,0,6,0,2,8,333,60,23,10,426,0,0,0,426
10/28/2021,STL,MO,ACE,CE,Towers with Radar,357,52,44,1,454,0,0,0,0,0,357,52,44,1,454,0,0,0,454
10/29/2021,STL,MO,ACE,CE,Towers with Radar,348,61,33,0,442,0,0,0,0,0,348,61,33,0,442,0,0,0,442
10/30/2021,STL,MO,ACE,CE,Towers with Radar,296,52,9,0,357,0,0,4,0,4,296,52,13,0,361,0,0,0,361
10/31/2021,STL,MO,ACE,CE,Towers with Radar,311,64,12,0,387,0,4,1,0,5,311,68,13,0,392,0,0,0,392
11/01/2021,STL,MO,ACE,CE,Towers with Radar,341,65,22,3,431,0,5,0,3,8,341,70,22,6,439,0,0,0,439
11/02/2021,STL,MO,ACE,CE,Towers with Radar,344,54,21,4,423,0,10,2,2,14,344,64,23,6,437,0,0,0,437
11/03/2021,STL,MO,ACE,CE,Towers with Radar,339,67,26,7,439,0,7,2,4,13,339,74,28,11,452,0,0,0,452
11/04/2021,STL,MO,ACE,CE,Towers with Radar,365,60,23,5,453,0,7,0,4,11,365,67,23,9,464,0,0,0,464
11/05/2021,STL,MO,ACE,CE,Towers with Radar,368,49,18,5,440,0,7,0,6,13,368,56,18,11,453,0,0,0,453
11/06/2021,STL,MO,ACE,CE,Towers with Radar,307,45,12,1,365,0,4,1,0,5,307,49,13,1,370,0,0,0,370
11/07/2021,STL,MO,ACE,CE,Towers with Radar,342,59,5,2,408,0,11,2,2,15,342,70,7,4,423,0,0,0,423
11/08/2021,STL,MO,ACE,CE,Towers with Radar,358,76,15,8,457,0,11,0,2,13,358,87,15,10,470,0,0,0,470
11/09/2021,STL,MO,ACE,CE,Towers with Radar,326,70,20,5,421,0,4,0,7,11,326,74,20,12,432,0,0,0,432
11/10/2021,STL,MO,ACE,CE,Towers with Radar,327,67,26,7,427,0,1,5,2,8,327,68,31,9,435,0,0,0,435
11/11/2021,STL,MO,ACE,CE,Towers with Radar,359,69,22,0,450,0,4,1,0,5,359,73,23,0,455,0,0,0,455
11/12/2021,STL,MO,ACE,CE,Towers with Radar,371,65,23,3,462,0,2,0,4,6,371,67,23,7,468,0,0,0,468
11/13/2021,STL,MO,ACE,CE,Towers with Radar,282,40,13,0,335,0,0,2,0,2,282,40,15,0,337,0,0,0,337
11/14/2021,STL,MO,ACE,CE,Towers with Radar,339,57,22,0,418,0,1,4,0,5,339,58,26,0,423,0,0,0,423
11/15/2021,STL,MO,ACE,CE,Towers with Radar,361,63,22,2,448,0,7,4,2,13,361,70,26,4,461,0,0,0,461
11/16/2021,STL,MO,ACE,CE,Towers with Radar,319,70,21,6,416,0,6,1,5,12,319,76,22,11,428,0,0,0,428
11/17/2021,STL,MO,ACE,CE,Towers with Radar,336,77,28,1,442,0,0,1,0,1,336,77,29,1,443,0,0,0,443
11/18/2021,STL,MO,ACE,CE,Towers with Radar,373,65,29,10,477,0,9,5,4,18,373,74,34,14,495,0,0,0,495
11/19/2021,STL,MO,ACE,CE,Towers with Radar,372,61,24,3,460,0,7,4,3,14,372,68,28,6,474,0,0,0,474
11/20/2021,STL,MO,ACE,CE,Towers with Radar,337,48,8,3,396,0,6,10,5,21,337,54,18,8,417,0,0,0,417
11/21/2021,STL,MO,ACE,CE,Towers with Radar,338,54,6,0,398,0,12,4,0,16,338,66,10,0,414,0,0,0,414
11/22/2021,STL,MO,ACE,CE,Towers with Radar,355,70,14,4,443,0,9,1,4,14,355,79,15,8,457,0,0,0,457
11/23/2021,STL,MO,ACE,CE,Towers with Radar,392,57,21,3,473,0,10,4,3,17,392,67,25,6,490,0,0,0,490
11/24/2021,STL,MO,ACE,CE,Towers with Radar,403,57,10,1,471,0,7,0,1,8,403,64,10,2,479,0,0,0,479
11/25/2021,STL,MO,ACE,CE,Towers with Radar,240,42,4,0,286,0,1,0,0,1,240,43,4,0,287,0,0,0,287
11/26/2021,STL,MO,ACE,CE,Towers with Radar,284,46,12,2,344,0,4,0,0,4,284,50,12,2,348,10,0,10,358
11/27/2021,STL,MO,ACE,CE,Towers with Radar,347,51,7,0,405,0,3,1,0,4,347,54,8,0,409,0,0,0,409
11/28/2021,STL,MO,ACE,CE,Towers with Radar,382,64,14,0,460,0,7,6,0,13,382,71,20,0,473,16,12,28,501
11/29/2021,STL,MO,ACE,CE,Towers with Radar,389,78,15,2,484,0,8,7,5,20,389,86,22,7,504,0,0,0,504
11/30/2021,STL,MO,ACE,CE,Towers with Radar,365,65,24,6,460,0,10,2,2,14,365,75,26,8,474,0,14,14,488
12/01/2021,STL,MO,ACE,CE,Towers with Radar,338,57,19,4,418,0,6,8,2,16,338,63,27,6,434,28,0,28,462
12/02/2021,STL,MO,ACE,CE,Towers with Radar,347,73,21,2,443,0,6,6,1,13,347,79,27,3,456,0,0,0,456
12/03/2021,STL,MO,ACE,CE,Towers with Radar,344,61,15,6,426,0,8,5,4,17,344,69,20,10,443,0,0,0,443
12/04/2021,STL,MO,ACE,CE,Towers with Radar,277,51,9,0,337,0,3,2,0,5,277,54,11,0,342,0,0,0,342
12/05/2021,STL,MO,ACE,CE,Towers with Radar,340,53,10,0,403,0,1,0,0,1,340,54,10,0,404,0,0,0,404
12/06/2021,STL,MO,ACE,CE,Towers with Radar,329,64,14,3,410,0,14,0,1,15,329,78,14,4,425,0,5,5,430
12/07/2021,STL,MO,ACE,CE,Towers with Radar,323,62,19,4,408,0,7,0,2,9,323,69,19,6,417,0,7,7,424
12/08/2021,STL,MO,ACE,CE,Towers with Radar,333,71,31,6,441,0,13,4,2,19,333,84,35,8,460,26,26,52,512
12/09/2021,STL,MO,ACE,CE,Towers with Radar,337,88,28,3,456,0,4,1,3,8,337,92,29,6,464,0,0,0,464
12/10/2021,STL,MO,ACE,CE,Towers with Radar,337,79,20,4,440,0,0,0,0,0,337,79,20,4,440,0,0,0,440
12/11/2021,STL,MO,ACE,CE,Towers with Radar,288,41,7,3,339,0,1,0,1,2,288,42,7,4,341,0,9,9,350
12/12/2021,STL,MO,ACE,CE,Towers with Radar,341,44,12,0,397,0,11,10,0,21,341,55,22,0,418,0,0,0,418
12/13/2021,STL,MO,ACE,CE,Towers with Radar,335,59,17,1,412,0,6,3,2,11,335,65,20,3,423,0,0,0,423
12/14/2021,STL,MO,ACE,CE,Towers with Radar,320,70,23,1,414,0,0,4,3,7,320,70,27,4,421,0,0,0,421
12/15/2021,STL,MO,ACE,CE,Towers with Radar,332,51,21,6,410,0,0,0,0,0,332,51,21,6,410,0,0,0,410
12/16/2021,STL,MO,ACE,CE,Towers with Radar,341,73,20,2,436,0,3,2,2,7,341,76,22,4,443,0,0,0,443
12/17/2021,STL,MO,ACE,CE,Towers with Radar,356,71,12,2,441,0,0,0,0,0,356,71,12,2,441,0,0,0,441
12/18/2021,STL,MO,ACE,CE,Towers with Radar,325,41,3,1,370,0,0,0,0,0,325,41,3,1,370,0,0,0,370
12/19/2021,STL,MO,ACE,CE,Towers with Radar,328,44,8,0,380,0,5,3,0,8,328,49,11,0,388,0,0,0,388
12/20/2021,STL,MO,ACE,CE,Towers with Radar,346,55,19,6,426,0,7,5,2,14,346,62,24,8,440,0,16,16,456
12/21/2021,STL,MO,ACE,CE,Towers with Radar,346,47,19,3,415,0,10,2,0,12,346,57,21,3,427,0,0,0,427
12/22/2021,STL,MO,ACE,CE,Towers with Radar,349,53,19,2,423,0,9,4,2,15,349,62,23,4,438,0,0,0,438
12/23/2021,STL,MO,ACE,CE,Towers with Radar,368,60,7,2,437,0,4,2,1,7,368,64,9,3,444,0,0,0,444
12/24/2021,STL,MO,ACE,CE,Towers with Radar,304,42,3,0,349,0,3,0,0,3,304,45,3,0,352,0,0,0,352
12/25/2021,STL,MO,ACE,CE,Towers with Radar,254,49,0,0,303,0,0,0,0,0,254,49,0,0,303,0,0,0,303
12/26/2021,STL,MO,ACE,CE,Towers with Radar,325,71,16,0,412,0,0,0,0,0,325,71,16,0,412,0,0,0,412
12/27/2021,STL,MO,ACE,CE,Towers with Radar,344,50,11,0,405,0,4,0,0,4,344,54,11,0,409,0,0,0,409
12/28/2021,STL,MO,ACE,CE,Towers with Radar,354,63,22,0,439,0,0,0,0,0,354,63,22,0,439,0,0,0,439
12/29/2021,STL,MO,ACE,CE,Towers with Radar,358,53,14,0,425,0,0,0,0,0,358,53,14,0,425,0,0,0,425
12/30/2021,STL,MO,ACE,CE,Towers with Radar,363,45,7,0,415,0,0,2,0,2,363,45,9,0,417,0,0,0,417
12/31/2021,STL,MO,ACE,CE,Towers with Radar,290,46,5,0,341,0,3,0,0,3,290,49,5,0,344,0,0,0,344
01/01/2022,STL,MO,ACE,CE,Towers with Radar,279,23,3,0,305,0,0,0,0,0,279,23,3,0,305,0,0,0,305
01/02/2022,STL,MO,ACE,CE,Towers with Radar,318,47,13,0,378,0,0,0,0,0,318,47,13,0,378,0,0,0,378
01/03/2022,STL,MO,ACE,CE,Towers with Radar,330,43,8,0,381,0,9,5,0,14,330,52,13,0,395,0,0,0,395
01/04/2022,STL,MO,ACE,CE,Towers with Radar,297,47,19,0,363,0,9,0,0,9,297,56,19,0,372,0,0,0,372
01/05/2022,STL,MO,ACE,CE,Towers with Radar,288,49,22,2,361,0,7,0,0,7,288,56,22,2,368,0,0,0,368
01/06/2022,STL,MO,ACE,CE,Towers with Radar,279,44,9,1,333,0,3,4,2,9,279,47,13,3,342,0,0,0,342
01/07/2022,STL,MO,ACE,CE,Towers with Radar,299,49,16,5,369,1,5,0,5,11,300,54,16,10,380,0,4,4,384
01/08/2022,STL,MO,ACE,CE,Towers with Radar,261,32,4,0,297,0,0,0,0,0,261,32,4,0,297,0,0,0,297
01/09/2022,STL,MO,ACE,CE,Towers with Radar,309,49,4,0,362,0,6,2,0,8,309,55,6,0,370,0,0,0,370
01/10/2022,STL,MO,ACE,CE,Towers with Radar,308,53,6,1,368,0,13,7,0,20,308,66,13,1,388,0,0,0,388
01/11/2022,STL,MO,ACE,CE,Towers with Radar,298,45,8,3,354,0,9,1,2,12,298,54,9,5,366,0,0,0,366
01/12/2022,STL,MO,ACE,CE,Towers with Radar,306,44,8,3,361,0,7,6,10,23,306,51,14,13,384,0,0,0,384
01/13/2022,STL,MO,ACE,CE,Towers with Radar,318,50,9,7,384,0,7,5,7,19,318,57,14,14,403,4,15,19,422
01/14/2022,STL,MO,ACE,CE,Towers with Radar,346,64,8,1,419,0,0,0,0,0,346,64,8,1,419,0,0,0,419
01/15/2022,STL,MO,ACE,CE,Towers with Radar,259,31,5,0,295,0,0,0,0,0,259,31,5,0,295,0,0,0,295
01/16/2022,STL,MO,ACE,CE,Towers with Radar,277,41,7,3,328,0,4,2,0,6,277,45,9,3,334,0,0,0,334
01/17/2022,STL,MO,ACE,CE,Towers with Radar,326,57,7,0,390,0,2,3,0,5,326,59,10,0,395,0,0,0,395
01/18/2022,STL,MO,ACE,CE,Towers with Radar,339,37,14,3,393,0,7,3,4,14,339,44,17,7,407,0,0,0,407
01/19/2022,STL,MO,ACE,CE,Towers with Radar,327,62,14,6,409,0,4,0,3,7,327,66,14,9,416,0,0,0,416
01/20/2022,STL,MO,ACE,CE,Towers with Radar,343,48,12,1,404,0,8,2,1,11,343,56,14,2,415,0,10,10,425
01/21/2022,STL,MO,ACE,CE,Towers with Radar,358,57,12,6,433,0,7,6,2,15,358,64,18,8,448,0,4,4,452
01/22/2022,STL,MO,ACE,CE,Towers with Radar,269,38,6,0,313,0,5,6,0,11,269,43,12,0,324,0,0,0,324
01/23/2022,STL,MO,ACE,CE,Towers with Radar,330,41,14,2,387,0,5,5,0,10,330,46,19,2,397,0,0,0,397
01/24/2022,STL,MO,ACE,CE,Towers with Radar,349,46,15,0,410,0,4,0,0,4,349,50,15,0,414,0,0,0,414
01/25/2022,STL,MO,ACE,CE,Towers with Radar,332,52,9,4,397,0,9,5,1,15,332,61,14,5,412,0,6,6,418
01/26/2022,STL,MO,ACE,CE,Towers with Radar,335,44,13,7,399,0,9,6,3,18,335,53,19,10,417,0,8,8,425
01/27/2022,STL,MO,ACE,CE,Towers with Radar,356,57,12,3,428,0,0,4,0,4,356,57,16,3,432,0,0,0,432
01/28/2022,STL,MO,ACE,CE,Towers with Radar,344,52,21,7,424,0,3,2,4,9,344,55,23,11,433,0,0,0,433
01/29/2022,STL,MO,ACE,CE,Towers with Radar,245,31,13,2,291,0,5,1,0,6,245,36,14,2,297,0,0,0,297
01/30/2022,STL,MO,ACE,CE,Towers with Radar,313,58,13,0,384,0,3,2,0,5,313,61,15,0,389,0,0,0,389
01/31/2022,STL,MO,ACE,CE,Towers with Radar,337,71,25,0,433,0,4,2,0,6,337,75,27,0,439,0,0,0,439
02/01/2022,STL,MO,ACE,CE,Towers with Radar,307,71,17,4,399,0,1,0,2,3,307,72,17,6,402,0,0,0,402
02/02/2022,STL,MO,ACE,CE,Towers with Radar,48,4,2,0,54,0,0,0,0,0,48,4,2,0,54,0,0,0,54
02/03/2022,STL,MO,ACE,CE,Towers with Radar,66,16,6,0,88,0,0,0,0,0,66,16,6,0,88,0,0,0,88
02/04/2022,STL,MO,ACE,CE,Towers with Radar,235,29,17,0,281,0,7,0,0,7,235,36,17,0,288,0,0,0,288
02/05/2022,STL,MO,ACE,CE,Towers with Radar,248,29,4,0,281,0,9,1,0,10,248,38,5,0,291,0,0,0,291
02/06/2022,STL,MO,ACE,CE,Towers with Radar,320,38,8,0,366,0,6,3,0,9,320,44,11,0,375,0,0,0,375
02/07/2022,STL,MO,ACE,CE,Towers with Radar,344,43,10,2,399,0,12,2,0,14,344,55,12,2,413,0,0,0,413
02/08/2022,STL,MO,ACE,CE,Towers with Radar,333,45,23,3,404,0,5,5,4,14,333,50,28,7,418,0,0,0,418
02/09/2022,STL,MO,ACE,CE,Towers with Radar,344,49,12,9,414,0,5,4,5,14,344,54,16,14,428,0,12,12,440
02/10/2022,STL,MO,ACE,CE,Towers with Radar,355,62,19,1,437,0,11,6,1,18,355,73,25,2,455,6,0,6,461
02/11/2022,STL,MO,ACE,CE,Towers with Radar,361,58,18,0,437,0,1,4,0,5,361,59,22,0,442,0,0,0,442
02/12/2022,STL,MO,ACE,CE,Towers with Radar,269,49,4,0,322,0,5,5,0,10,269,54,9,0,332,0,0,0,332
02/13/2022,STL,MO,ACE,CE,Towers with Radar,306,40,5,0,351,0,2,2,0,4,306,42,7,0,355,0,0,0,355
02/14/2022,STL,MO,ACE,CE,Towers with Radar,350,51,8,3,412,0,7,9,1,17,350,58,17,4,429,0,0,0,429
02/15/2022,STL,MO,ACE,CE,Towers with Radar,337,52,11,3,403,0,7,5,1,13,337,59,16,4,416,0,0,0,416
02/16/2022,STL,MO,ACE,CE,Towers with Radar,335,70,16,5,426,0,2,2,3,7,335,72,18,8,433,0,0,0,433
02/17/2022,STL,MO,ACE,CE,Towers with Radar,255,27,8,0,290,0,0,0,0,0,255,27,8,0,290,0,0,0,290
02/18/2022,STL,MO,ACE,CE,Towers with Radar,364,64,28,3,459,0,15,4,5,24,364,79,32,8,483,0,7,7,490
02/19/2022,STL,MO,ACE,CE,Towers with Radar,271,43,9,2,325,0,7,4,0,11,271,50,13,2,336,0,0,0,336
02/20/2022,STL,MO,ACE,CE,Towers with Radar,318,50,4,0,372,0,8,0,0,8,318,58,4,0,380,0,0,0,380
02/21/2022,STL,MO,ACE,CE,Towers with Radar,345,59,12,1,417,0,6,0,1,7,345,65,12,2,424,0,0,0,424
02/22/2022,STL,MO,ACE,CE,Towers with Radar,359,63,19,1,442,0,0,0,1,1,359,63,19,2,443,0,0,0,443
02/23/2022,STL,MO,ACE,CE,Towers with Radar,306,59,17,1,383,0,0,4,4,8,306,59,21,5,391,12,0,12,403
02/24/2022,STL,MO,ACE,CE,Towers with Radar,268,30,8,0,306,0,0,0,0,0,268,30,8,0,306,0,0,0,306
02/25/2022,STL,MO,ACE,CE,Towers with Radar,354,68,18,5,445,0,0,0,1,1,354,68,18,6,446,0,0,0,446
02/26/2022,STL,MO,ACE,CE,Towers with Radar,284,45,7,3,339,0,5,2,3,10,284,50,9,6,349,0,0,0,349
02/27/2022,STL,MO,ACE,CE,Towers with Radar,333,51,12,1,397,0,8,3,1,12,333,59,15,2,409,0,0,0,409
02/28/2022,STL,MO,ACE,CE,Towers with Radar,358,58,20,8,444,0,14,4,3,21,358,72,24,11,465,0,0,0,465
03/01/2022,STL,MO,ACE,CE,Towers with Radar,346,58,18,3,425,0,7,6,1,14,346,65,24,4,439,0,0,0,439
03/02/2022,STL,MO,ACE,CE,Towers with Radar,347,82,27,6,462,0,6,6,5,17,347,88,33,11,479,0,20,20,499
03/03/2022,STL,MO,ACE,CE,Towers with Radar,360,64,22,3,449,0,4,6,5,15,360,68,28,8,464,0,12,12,476
03/04/2022,STL,MO,ACE,CE,Towers with Radar,337,59,12,4,412,0,12,6,2,20,337,71,18,6,432,6,0,6,438
03/05/2022,STL,MO,ACE,CE,Towers with Radar,284,46,5,5,340,0,1,2,0,3,284,47,7,5,343,0,0,0,343
03/06/2022,STL,MO,ACE,CE,Towers with Radar,305,57,14,0,376,0,2,4,0,6,305,59,18,0,382,0,0,0,382
03/07/2022,STL,MO,ACE,CE,Towers with Radar,340,63,16,0,419,0,2,0,0,2,340,65,16,0,421,0,0,0,421
03/08/2022,STL,MO,ACE,CE,Towers with Radar,335,58,22,0,415,0,5,3,0,8,335,63,25,0,423,0,0,0,423
03/09/2022,STL,MO,ACE,CE,Towers with Radar,333,59,31,6,429,0,6,3,0,9,333,65,34,6,438,0,0,0,438
03/10/2022,STL,MO,ACE,CE,Towers with Radar,376,75,22,7,480,0,2,4,0,6,376,77,26,7,486,4,16,20,506
03/11/2022,STL,MO,ACE,CE,Towers with Radar,384,60,15,2,461,0,2,0,0,2,384,62,15,2,463,0,0,0,463
03/12/2022,STL,MO,ACE,CE,Towers with Radar,294,40,16,0,350,0,8,5,0,13,294,48,21,0,363,12,0,12,375
03/13/2022,STL,MO,ACE,CE,Towers with Radar,347,38,19,0,404,0,9,7,1,17,347,47,26,1,421,0,0,0,421
03/14/2022,STL,MO,ACE,CE,Towers with Radar,373,55,14,0,442,0,6,7,0,13,373,61,21,0,455,0,0,0,455
03/15/2022,STL,MO,ACE,CE,Towers with Radar,367,44,9,6,426,0,2,3,13,18,367,46,12,19,444,0,4,4,448
03/16/2022,STL,MO,ACE,CE,Towers with Radar,358,65,19,0,442,0,4,6,4,14,358,69,25,4,456,10,0,10,466
03/17/2022,STL,MO,ACE,CE,Towers with Radar,368,45,17,1,431,0,6,2,1,9,368,51,19,2,440,0,0,0,440
03/18/2022,STL,MO,ACE,CE,Towers with Radar,367,41,13,0,421,0,0,0,1,1,367,41,13,1,422,0,0,0,422
03/19/2022,STL,MO,ACE,CE,Towers with Radar,313,45,11,1,370,0,1,0,1,2,313,46,11,2,372,0,0,0,372
03/20/2022,STL,MO,ACE,CE,Towers with Radar,366,45,15,0,426,1,5,0,0,6,367,50,15,0,432,0,0,0,432
03/21/2022,STL,MO,ACE,CE,Towers with Radar,372,46,13,1,432,0,6,1,1,8,372,52,14,2,440,0,0,0,440
03/22/2022,STL,MO,ACE,CE,Towers with Radar,358,55,24,12,449,0,0,0,0,0,358,55,24,12,449,0,0,0,449
03/23/2022,STL,MO,ACE,CE,Towers with Radar,362,65,15,5,447,0,0,0,2,2,362,65,15,7,449,0,0,0,449
03/24/2022,STL,MO,ACE,CE,Towers with Radar,379,69,10,2,460,0,0,0,0,0,379,69,10,2,460,0,0,0,460
03/25/2022,STL,MO,ACE,CE,Towers with Radar,391,66,8,10,475,0,3,1,7,11,391,69,9,17,486,6,9,15,501
03/26/2022,STL,MO,ACE,CE,Towers with Radar,318,37,11,2,368,0,9,3,0,12,318,46,14,2,380,0,0,0,380
03/27/2022,STL,MO,ACE,CE,Towers with Radar,363,62,11,1,437,0,9,5,0,14,363,71,16,1,451,0,0,0,451
03/28/2022,STL,MO,ACE,CE,Towers with Radar,382,63,16,4,465,0,10,11,6,27,382,73,27,10,492,0,0,0,492
03/29/2022,STL,MO,ACE,CE,Towers with Radar,376,53,7,13,449,0,4,2,5,11,376,57,9,18,460,0,0,0,460
03/30/2022,STL,MO,ACE,CE,Towers with Radar,363,65,8,1,437,0,0,0,0,0,363,65,8,1,437,0,0,0,437
03/31/2022,STL,MO,ACE,CE,Towers with Radar,366,58,19,8,451,0,1,1,1,3,366,59,20,9,454,0,0,0,454
04/01/2022,STL,MO,ACE,CE,Towers with Radar,380,37,16,6,439,0,10,9,6,25,380,47,25,12,464,0,10,10,474
04/02/2022,STL,MO,ACE,CE,Towers with Radar,280,45,10,2,337,0,5,0,0,5,280,50,10,2,342,0,0,0,342
04/03/2022,STL,MO,ACE,CE,Towers with Radar,330,42,15,0,387,0,15,8,2,25,330,57,23,2,412,0,0,0,412
04/04/2022,STL,MO,ACE,CE,Towers with Radar,367,38,10,5,420,0,7,7,0,14,367,45,17,5,434,0,0,0,434
04/05/2022,STL,MO,ACE,CE,Towers with Radar,371,52,9,5,437,0,0,3,0,3,371,52,12,5,440,0,0,0,440
04/06/2022,STL,MO,ACE,CE,Towers with Radar,374,60,23,7,464,0,5,4,3,12,374,65,27,10,476,0,12,12,488
04/07/2022,STL,MO,ACE,CE,Towers with Radar,364,59,17,10,450,0,4,0,4,8,364,63,17,14,458,0,0,0,458
04/08/2022,STL,MO,ACE,CE,Towers with Radar,386,70,22,2,480,0,0,0,0,0,386,70,22,2,480,0,0,0,480
04/09/2022,STL,MO,ACE,CE,Towers with Radar,263,60,12,0,335,0,5,3,0,8,263,65,15,0,343,0,0,0,343
04/10/2022,STL,MO,ACE,CE,Towers with Radar,353,50,12,0,415,0,5,2,0,7,353,55,14,0,422,0,0,0,422
04/11/2022,STL,MO,ACE,CE,Towers with Radar,374,50,17,4,445,0,3,0,0,3,374,53,17,4,448,0,0,0,448
04/12/2022,STL,MO,ACE,CE,Towers with Radar,370,55,38,7,470,0,1,0,0,1,370,56,38,7,471,0,0,0,471
04/13/2022,STL,MO,ACE,CE,Towers with Radar,363,45,13,0,421,0,2,0,0,2,363,47,13,0,423,0,0,0,423
04/14/2022,STL,MO,ACE,CE,Towers with Radar,378,59,19,3,459,0,5,3,4,12,378,64,22,7,471,0,0,0,471
04/15/2022,STL,MO,ACE,CE,Towers with Radar,370,52,13,5,440,0,4,2,1,7,370,56,15,6,447,0,0,0,447
04/16/2022,STL,MO,ACE,CE,Towers with Radar,265,36,5,0,306,0,4,7,0,11,265,40,12,0,317,10,0,10,327
04/17/2022,STL,MO,ACE,CE,Towers with Radar,348,45,11,0,404,0,3,0,0,3,348,48,11,0,407,0,0,0,407
04/18/2022,STL,MO,ACE,CE,Towers with Radar,370,47,10,0,427,0,3,0,0,3,370,50,10,0,430,0,0,0,430
04/19/2022,STL,MO,ACE,CE,Towers with Radar,371,59,14,2,446,0,5,1,2,8,371,64,15,4,454,0,0,0,454
04/20/2022,STL,MO,ACE,CE,Towers with Radar,370,59,22,2,453,0,1,0,0,1,370,60,22,2,454,0,0,0,454
04/21/2022,STL,MO,ACE,CE,Towers with Radar,372,68,21,2,463,0,2,1,2,5,372,70,22,4,468,0,0,0,468
04/22/2022,STL,MO,ACE,CE,Towers with Radar,382,60,11,4,457,0,1,4,2,7,382,61,15,6,464,0,0,0,464
04/23/2022,STL,MO,ACE,CE,Towers with Radar,266,47,20,1,334,0,3,0,1,4,266,50,20,2,338,0,0,0,338
04/24/2022,STL,MO,ACE,CE,Towers with Radar,340,54,14,0,408,0,1,0,0,1,340,55,14,0,409,0,0,0,409
04/25/2022,STL,MO,ACE,CE,Towers with Radar,372,61,16,4,453,0,2,6,5,13,372,63,22,9,466,0,2,2,468
04/26/2022,STL,MO,ACE,CE,Towers with Radar,373,65,17,2,457,0,10,2,2,14,373,75,19,4,471,0,0,0,471
04/27/2022,STL,MO,ACE,CE,Towers with Radar,381,74,28,9,492,0,5,3,6,14,381,79,31,15,506,0,16,16,522
04/28/2022,STL,MO,ACE,CE,Towers with Radar,373,70,22,6,471,0,2,1,3,6,373,72,23,9,477,0,6,6,483
04/29/2022,STL,MO,ACE,CE,Towers with Radar,384,70,12,5,471,0,3,2,0,5,384,73,14,5,476,0,0,0,476
04/30/2022,STL,MO,ACE,CE,Towers with Radar,303,49,10,0,362,0,1,0,0,1,303,50,10,0,363,0,0,0,363
05/01/2022,STL,MO,ACE,CE,Towers with Radar,356,48,13,0,417,0,8,2,0,10,356,56,15,0,427,0,0,0,427
05/02/2022,STL,MO,ACE,CE,Towers with Radar,368,57,11,5,441,0,4,1,5,10,368,61,12,10,451,0,0,0,451
05/03/2022,STL,MO,ACE,CE,Towers with Radar,370,78,19,2,469,0,0,0,1,1,370,78,19,3,470,0,0,0,470
05/04/2022,STL,MO,ACE,CE,Towers with Radar,376,83,21,10,490,0,0,1,2,3,376,83,22,12,493,0,0,0,493
05/05/2022,STL,MO,ACE,CE,Towers with Radar,382,80,13,1,476,0,0,0,0,0,382,80,13,1,476,0,0,0,476
05/06/2022,STL,MO,ACE,CE,Towers with Radar,393,76,12,0,481,0,0,0,0,0,393,76,12,0,481,0,0,0,481
05/07/2022,STL,MO,ACE,CE,Towers with Radar,280,52,4,0,336,0,2,5,0,7,280,54,9,0,343,0,0,0,343
05/08/2022,STL,MO,ACE,CE,Towers with Radar,358,57,8,0,423,0,6,2,0,8,358,63,10,0,431,0,0,0,431
05/09/2022,STL,MO,ACE,CE,Towers with Radar,401,64,17,1,483,0,8,0,2,10,401,72,17,3,493,0,0,0,493
05/10/2022,STL,MO,ACE,CE,Towers with Radar,384,77,25,0,486,0,4,3,1,8,384,81,28,1,494,4,0,4,498
05/11/2022,STL,MO,ACE,CE,Towers with Radar,376,80,20,5,481,0,6,0,2,8,376,86,20,7,489,0,2,2,491
05/12/2022,STL,MO,ACE,CE,Towers with Radar,387,68,18,1,474,0,7,4,0,11,387,75,22,1,485,0,0,0,485
05/13/2022,STL,MO,ACE,CE,Towers with Radar,387,74,17,2,480,0,8,4,3,15,387,82,21,5,495,0,0,0,495
05/14/2022,STL,MO,ACE,CE,Towers with Radar,288,43,10,0,341,0,6,9,0,15,288,49,19,0,356,0,0,0,356
05/15/2022,STL,MO,ACE,CE,Towers with Radar,353,51,12,0,416,0,5,1,0,6,353,56,13,0,422,0,0,0,422
05/16/2022,STL,MO,ACE,CE,Towers with Radar,374,59,10,7,450,0,10,4,4,18,374,69,14,11,468,0,0,0,468
05/17/2022,STL,MO,ACE,CE,Towers with Radar,364,60,14,15,453,0,7,2,3,12,364,67,16,18,465,0,14,14,479
05/18/2022,STL,MO,ACE,CE,Towers with Radar,391,78,24,5,498,0,2,7,1,10,391,80,31,6,508,0,0,0,508
05/19/2022,STL,MO,ACE,CE,Towers with Radar,391,68,22,1,482,0,9,2,1,12,391,77,24,2,494,0,0,0,494
05/20/2022,STL,MO,ACE,CE,Towers with Radar,381,61,18,5,465,0,11,5,1,17,381,72,23,6,482,0,0,0,482
05/21/2022,STL,MO,ACE,CE,Towers with Radar,289,58,11,0,358,0,0,0,0,0,289,58,11,0,358,0,0,0,358
05/22/2022,STL,MO,ACE,CE,Towers with Radar,346,55,6,0,407,0,8,1,0,9,346,63,7,0,416,0,0,0,416
05/23/2022,STL,MO,ACE,CE,Towers with Radar,383,60,22,2,467,0,11,2,0,13,383,71,24,2,480,0,0,0,480
05/24/2022,STL,MO,ACE,CE,Towers with Radar,368,73,26,1,468,0,3,0,0,3,368,76,26,1,471,0,0,0,471
05/25/2022,STL,MO,ACE,CE,Towers with Radar,393,71,20,0,484,0,0,1,0,1,393,71,21,0,485,0,0,0,485
05/26/2022,STL,MO,ACE,CE,Towers with Radar,388,65,22,4,479,0,2,0,0,2,388,67,22,4,481,0,0,0,481
05/27/2022,STL,MO,ACE,CE,Towers with Radar,377,61,18,4,460,0,0,0,0,0,377,61,18,4,460,0,0,0,460
05/28/2022,STL,MO,ACE,CE,Towers with Radar,273,44,6,1,324,0,5,4,2,11,273,49,10,3,335,0,0,0,335
05/29/2022,STL,MO,ACE,CE,Towers with Radar,350,31,4,0,385,0,8,2,0,10,350,39,6,0,395,0,0,0,395
05/30/2022,STL,MO,ACE,CE,Towers with Radar,380,39,7,0,426,0,13,3,0,16,380,52,10,0,442,0,0,0,442
05/31/2022,STL,MO,ACE,CE,Towers with Radar,373,50,11,1,435,0,12,8,1,21,373,62,19,2,456,0,0,0,456
06/01/2022,STL,MO,ACE,CE,Towers with Radar,359,49,11,4,423,0,3,0,0,3,359,52,11,4,426,0,0,0,426
06/02/2022,STL,MO,ACE,CE,Towers with Radar,388,65,8,3,464,0,10,8,7,25,388,75,16,10,489,0,0,0,489
06/03/2022,STL,MO,ACE,CE,Towers with Radar,392,61,34,27,514,0,2,2,8,12,392,63,36,35,526,0,26,26,552
06/04/2022,STL,MO,ACE,CE,Towers with Radar,284,36,6,0,326,0,8,1,0,9,284,44,7,0,335,0,0,0,335
06/05/2022,STL,MO,ACE,CE,Towers with Radar,369,56,15,0,440,0,8,0,0,8,369,64,15,0,448,0,0,0,448
06/06/2022,STL,MO,ACE,CE,Towers with Radar,392,59,11,0,462,0,5,0,0,5,392,64,11,0,467,0,0,0,467
06/07/2022,STL,MO,ACE,CE,Towers with Radar,388,74,29,7,498,0,3,4,6,13,388,77,33,13,511,0,0,0,511
06/08/2022,STL,MO,ACE,CE,Towers with Radar,384,75,20,1,480,0,1,3,2,6,384,76,23,3,486,0,0,0,486
06/09/2022,STL,MO,ACE,CE,Towers with Radar,396,90,31,9,526,0,8,3,7,18,396,98,34,16,544,0,0,0,544
06/10/2022,STL,MO,ACE,CE,Towers with Radar,407,83,29,5,524,0,1,1,3,5,407,84,30,8,529,0,0,0,529
06/11/2022,STL,MO,ACE,CE,Towers with Radar,329,51,15,0,395,0,0,0,0,0,329,51,15,0,395,0,0,0,395
06/12/2022,STL,MO,ACE,CE,Towers with Radar,372,52,24,1,449,0,4,0,0,4,372,56,24,1,453,0,0,0,453
06/13/2022,STL,MO,ACE,CE,Towers with Radar,411,52,17,7,487,0,2,2,2,6,411,54,19,9,493,0,7,7,500
06/14/2022,STL,MO,ACE,CE,Towers with Radar,394,57,23,2,476,0,5,2,1,8,394,62,25,3,484,0,0,0,484
06/15/2022,STL,MO,ACE,CE,Towers with Radar,395,61,20,8,484,0,11,3,9,23,395,72,23,17,507,0,0,0,507
06/16/2022,STL,MO,ACE,CE,Towers with Radar,369,60,22,13,464,0,5,4,0,9,369,65,26,13,473,0,0,0,473
06/17/2022,STL,MO,ACE,CE,Towers with Radar,388,63,20,12,483,0,11,1,2,14,388,74,21,14,497,0,0,0,497
06/18/2022,STL,MO,ACE,CE,Towers with Radar,319,38,7,0,364,0,11,10,0,21,319,49,17,0,385,0,0,0,385
06/19/2022,STL,MO,ACE,CE,Towers with Radar,358,45,15,0,418,0,3,6,0,9,358,48,21,0,427,0,0,0,427
06/20/2022,STL,MO,ACE,CE,Towers with Radar,398,52,23,0,473,0,10,0,0,10,398,62,23,0,483,0,0,0,483
06/21/2022,STL,MO,ACE,CE,Towers with Radar,388,65,16,6,475,0,7,5,2,14,388,72,21,8,489,0,18,18,507
06/22/2022,STL,MO,ACE,CE,Towers with Radar,375,72,21,1,469,0,6,10,1,17,375,78,31,2,486,0,0,0,486
06/23/2022,STL,MO,ACE,CE,Towers with Radar,386,72,17,3,478,0,9,7,1,17,386,81,24,4,495,0,0,0,495
06/24/2022,STL,MO,ACE,CE,Towers with Radar,395,55,16,1,467,0,8,1,2,11,395,63,17,3,478,0,0,0,478
06/25/2022,STL,MO,ACE,CE,Towers with Radar,329,47,8,0,384,0,4,4,0,8,329,51,12,0,392,0,0,0,392
06/26/2022,STL,MO,ACE,CE,Towers with Radar,360,49,5,0,414,0,7,3,0,10,360,56,8,0,424,0,0,0,424
06/27/2022,STL,MO,ACE,CE,Towers with Radar,377,60,11,2,450,0,3,6,2,11,377,63,17,4,461,0,8,8,469
06/28/2022,STL,MO,ACE,CE,Towers with Radar,387,51,31,6,475,0,4,10,4,18,387,55,41,10,493,0,0,0,493
06/29/2022,STL,MO,ACE,CE,Towers with Radar,378,66,19,8,471,0,7,6,6,19,378,73,25,14,490,8,24,32,522
06/30/2022,STL,MO,ACE,CE,Towers with Radar,390,62,14,2,468,0,4,1,2,7,390,66,15,4,475,0,0,0,475
07/01/2022,STL,MO,ACE,CE,Towers with Radar,390,71,22,2,485,0,3,1,2,6,390,74,23,4,491,0,0,0,491
07/02/2022,STL,MO,ACE,CE,Towers with Radar,321,37,4,0,362,0,1,0,0,1,321,38,4,0,363,0,0,0,363
07/03/2022,STL,MO,ACE,CE,Towers with Radar,350,29,5,0,384,0,6,2,0,8,350,35,7,0,392,0,0,0,392
07/04/2022,STL,MO,ACE,CE,Towers with Radar,372,29,4,0,405,0,2,0,0,2,372,31,4,0,407,0,0,0,407
07/05/2022,STL,MO,ACE,CE,Towers with Radar,388,41,15,2,446,0,5,4,2,11,388,46,19,4,457,0,0,0,457
07/06/2022,STL,MO,ACE,CE,Towers with Radar,392,46,15,5,458,0,2,0,2,4,392,48,15,7,462,0,0,0,462
07/07/2022,STL,MO,ACE,CE,Towers with Radar,394,52,15,0,461,0,2,5,0,7,394,54,20,0,468,0,0,0,468
07/08/2022,STL,MO,ACE,CE,Towers with Radar,401,52,7,10,470,0,2,2,3,7,401,54,9,13,477,4,24,28,505
07/09/2022,STL,MO,ACE,CE,Towers with Radar,342,48,6,0,396,0,1,0,0,1,342,49,6,0,397,0,0,0,397
07/10/2022,STL,MO,ACE,CE,Towers with Radar,374,40,3,0,417,0,8,1,0,9,374,48,4,0,426,0,0,0,426
07/11/2022,STL,MO,ACE,CE,Towers with Radar,410,58,12,3,483,0,3,3,0,6,410,61,15,3,489,0,0,0,489
07/12/2022,STL,MO,ACE,CE,Towers with Radar,382,50,18,9,459,0,4,4,1,9,382,54,22,10,468,0,1,1,469
07/13/2022,STL,MO,ACE,CE,Towers with Radar,394,65,20,4,483,0,5,8,3,16,394,70,28,7,499,20,6,26,525
07/14/2022,STL,MO,ACE,CE,Towers with Radar,392,64,17,0,473,0,4,2,0,6,392,68,19,0,479,0,0,0,479
07/15/2022,STL,MO,ACE,CE,Towers with Radar,405,49,12,4,470,0,4,0,6,10,405,53,12,10,480,6,10,16,496
07/16/2022,STL,MO,ACE,CE,Towers with Radar,329,46,8,0,383,0,1,2,0,3,329,47,10,0,386,6,0,6,392
07/17/2022,STL,MO,ACE,CE,Towers with Radar,375,53,9,0,437,0,1,2,0,3,375,54,11,0,440,0,0,0,440
07/18/2022,STL,MO,ACE,CE,Towers with Radar,377,47,15,10,449,0,0,1,2,3,377,47,16,12,452,0,16,16,468
07/19/2022,STL,MO,ACE,CE,Towers with Radar,395,48,11,1,455,0,2,3,1,6,395,50,14,2,461,0,2,2,463
07/20/2022,STL,MO,ACE,CE,Towers with Radar,394,50,14,3,461,0,6,7,1,14,394,56,21,4,475,4,0,4,479
07/21/2022,STL,MO,ACE,CE,Towers with Radar,389,62,23,2,476,0,2,2,4,8,389,64,25,6,484,0,0,0,484
07/22/2022,STL,MO,ACE,CE,Towers with Radar,409,57,18,0,484,0,2,6,0,8,409,59,24,0,492,8,0,8,500
07/23/2022,STL,MO,ACE,CE,Towers with Radar,342,40,8,1,391,0,1,2,0,3,342,41,10,1,394,0,0,0,394
07/24/2022,STL,MO,ACE,CE,Towers with Radar,372,44,14,1,431,0,1,4,0,5,372,45,18,1,436,4,0,4,440
07/25/2022,STL,MO,ACE,CE,Towers with Radar,370,44,15,0,429,0,0,2,0,2,370,44,17,0,431,0,0,0,431
07/26/2022,STL,MO,ACE,CE,Towers with Radar,317,54,11,3,385,0,0,3,1,4,317,54,14,4,389,0,4,4,393
07/27/2022,STL,MO,ACE,CE,Towers with Radar,398,58,28,4,488,0,1,8,0,9,398,59,36,4,497,2,6,8,505
07/28/2022,STL,MO,ACE,CE,Towers with Radar,397,71,20,1,489,0,0,4,1,5,397,71,24,2,494,0,0,0,494
07/29/2022,STL,MO,ACE,CE,Towers with Radar,401,52,18,5,476,0,1,5,3,9,401,53,23,8,485,12,4,16,501
07/30/2022,STL,MO,ACE,CE,Towers with Radar,334,32,6,0,372,0,2,2,0,4,334,34,8,0,376,2,0,2,378
07/31/2022,STL,MO,ACE,CE,Towers with Radar,366,37,14,0,417,0,1,1,0,2,366,38,15,0,419,0,0,0,419
08/01/2022,STL,MO,ACE,CE,Towers with Radar,401,48,11,0,460,0,2,7,0,9,401,50,18,0,469,0,0,0,469
08/02/2022,STL,MO,ACE,CE,Towers with Radar,392,62,21,0,475,0,3,0,0,3,392,65,21,0,478,0,0,0,478
08/03/2022,STL,MO,ACE,CE,Towers with Radar,359,47,22,0,428,0,4,0,0,4,359,51,22,0,432,0,0,0,432
08/04/2022,STL,MO,ACE,CE,Towers with Radar,395,68,12,1,476,0,2,8,0,10,395,70,20,1,486,20,0,20,506
08/05/2022,STL,MO,ACE,CE,Towers with Radar,373,53,15,0,441,0,1,3,0,4,373,54,18,0,445,2,0,2,447
08/06/2022,STL,MO,ACE,CE,Towers with Radar,336,43,15,2,396,0,0,4,0,4,336,43,19,2,400,0,0,0,400
08/07/2022,STL,MO,ACE,CE,Towers with Radar,373,54,8,2,437,0,3,2,0,5,373,57,10,2,442,4,0,4,446
08/08/2022,STL,MO,ACE,CE,Towers with Radar,389,51,24,0,464,0,0,3,0,3,389,51,27,0,467,0,0,0,467
08/09/2022,STL,MO,ACE,CE,Towers with Radar,390,68,13,3,474,0,0,0,1,1,390,68,13,4,475,0,0,0,475
08/10/2022,STL,MO,ACE,CE,Towers with Radar,363,61,13,4,441,0,0,5,1,6,363,61,18,5,447,0,0,0,447
08/11/2022,STL,MO,ACE,CE,Towers with Radar,396,53,17,5,471,0,9,16,2,27,396,62,33,7,498,16,10,26,524
08/12/2022,STL,MO,ACE,CE,Towers with Radar,402,58,21,3,484,0,0,2,1,3,402,58,23,4,487,0,0,0,487
08/13/2022,STL,MO,ACE,CE,Towers with Radar,339,35,13,0,387,0,0,8,0,8,339,35,21,0,395,0,0,0,395
08/14/2022,STL,MO,ACE,CE,Towers with Radar,371,41,8,0,420,0,0,4,0,4,371,41,12,0,424,0,0,0,424
08/15/2022,STL,MO,ACE,CE,Towers with Radar,382,44,13,2,441,0,0,2,1,3,382,44,15,3,444,0,0,0,444
08/16/2022,STL,MO,ACE,CE,Towers with Radar,383,61,17,2,463,0,1,4,1,6,383,62,21,3,469,0,6,6,475
08/17/2022,STL,MO,ACE,CE,Towers with Radar,386,69,14,7,476,0,0,0,8,8,386,69,14,15,484,0,22,22,506
08/18/2022,STL,MO,ACE,CE,Towers with Radar,398,61,16,5,480,0,0,4,2,6,398,61,20,7,486,6,4,10,496
08/19/2022,STL,MO,ACE,CE,Towers with Radar,399,54,19,4,476,0,1,3,4,8,399,55,22,8,484,0,0,0,484
08/20/2022,STL,MO,ACE,CE,Towers with Radar,339,56,3,0,398,0,0,1,0,1,339,56,4,0,399,2,0,2,401
08/21/2022,STL,MO,ACE,CE,Towers with Radar,357,60,15,0,432,0,0,6,0,6,357,60,21,0,438,22,0,22,460
08/22/2022,STL,MO,ACE,CE,Towers with Radar,368,47,16,2,433,0,0,2,0,2,368,47,18,2,435,0,0,0,435
08/23/2022,STL,MO,ACE,CE,Towers with Radar,384,63,13,6,466,0,2,3,3,8,384,65,16,9,474,0,0,0,474
08/24/2022,STL,MO,ACE,CE,Towers with Radar,385,70,17,11,483,0,2,6,9,17,385,72,23,20,500,0,20,20,520
08/25/2022,STL,MO,ACE,CE,Towers with Radar,391,52,15,8,466,0,0,0,4,4,391,52,15,12,470,0,30,30,500
08/26/2022,STL,MO,ACE,CE,Towers with Radar,399,54,17,1,471,0,1,0,0,1,399,55,17,1,472,0,2,2,474
08/27/2022,STL,MO,ACE,CE,Towers with Radar,337,44,4,0,385,0,3,4,0,7,337,47,8,0,392,0,2,2,394
08/28/2022,STL,MO,ACE,CE,Towers with Radar,362,38,11,0,411,0,0,0,0,0,362,38,11,0,411,0,0,0,411
08/29/2022,STL,MO,ACE,CE,Towers with Radar,386,44,16,1,447,0,4,0,2,6,386,48,16,3,453,0,8,8,461
08/30/2022,STL,MO,ACE,CE,Towers with Radar,372,58,7,5,442,0,2,5,2,9,372,60,12,7,451,0,22,22,473
08/31/2022,STL,MO,ACE,CE,Towers with Radar,390,52,22,2,466,0,2,4,2,8,390,54,26,4,474,0,0,0,474
09/01/2022,STL,MO,ACE,CE,Towers with Radar,390,55,13,6,464,0,1,2,2,5,390,56,15,8,469,0,16,16,485
09/02/2022,STL,MO,ACE,CE,Towers with Radar,399,70,12,5,486,0,0,4,2,6,399,70,16,7,492,0,2,2,494
09/03/2022,STL,MO,ACE,CE,Towers with Radar,323,34,3,1,361,0,0,4,0,4,323,34,7,1,365,0,0,0,365
09/04/2022,STL,MO,ACE,CE,Towers with Radar,323,40,9,0,372,0,0,0,0,0,323,40,9,0,372,0,0,0,372
09/05/2022,STL,MO,ACE,CE,Towers with Radar,384,44,9,0,437,0,0,0,0,0,384,44,9,0,437,0,0,0,437
09/06/2022,STL,MO,ACE,CE,Towers with Radar,369,51,11,0,431,0,2,4,0,6,369,53,15,0,437,0,0,0,437
09/07/2022,STL,MO,ACE,CE,Towers with Radar,379,72,20,5,476,0,2,5,4,11,379,74,25,9,487,0,8,8,495
09/08/2022,STL,MO,ACE,CE,Towers with Radar,376,74,21,3,474,0,0,5,10,15,376,74,26,13,489,0,0,0,489
09/09/2022,STL,MO,ACE,CE,Towers with Radar,387,65,14,0,466,0,1,1,0,2,387,66,15,0,468,0,0,0,468
09/10/2022,STL,MO,ACE,CE,Towers with Radar,315,38,7,2,362,0,1,2,0,3,315,39,9,2,365,0,0,0,365
09/11/2022,STL,MO,ACE,CE,Towers with Radar,377,70,12,1,460,1,0,0,0,1,378,70,12,1,461,6,2,8,469
09/12/2022,STL,MO,ACE,CE,Towers with Radar,393,65,18,7,483,2,0,0,1,3,395,65,18,8,486,0,0,0,486
09/13/2022,STL,MO,ACE,CE,Towers with Radar,373,57,10,7,447,2,0,0,1,3,375,57,10,8,450,0,24,24,474
09/14/2022,STL,MO,ACE,CE,Towers with Radar,387,77,11,5,480,2,2,3,1,8,389,79,14,6,488,6,0,6,494
09/15/2022,STL,MO,ACE,CE,Towers with Radar,384,73,22,1,480,3,3,0,1,7,387,76,22,2,487,0,6,6,493
09/16/2022,STL,MO,ACE,CE,Towers with Radar,400,72,11,5,488,2,1,5,3,11,402,73,16,8,499,0,56,56,555
09/17/2022,STL,MO,ACE,CE,Towers with Radar,308,47,4,0,359,4,0,3,0,7,312,47,7,0,366,0,0,0,366
09/18/2022,STL,MO,ACE,CE,Towers with Radar,380,73,8,2,463,1,0,1,2,4,381,73,9,4,467,0,8,8,475
09/19/2022,STL,MO,ACE,CE,Towers with Radar,378,72,13,3,466,1,1,6,3,11,379,73,19,6,477,0,2,2,479
09/20/2022,STL,MO,ACE,CE,Towers with Radar,386,81,16,4,487,4,1,0,3,8,390,82,16,7,495,0,0,0,495
09/21/2022,STL,MO,ACE,CE,Towers with Radar,374,57,25,4,460,2,0,5,0,7,376,57,30,4,467,0,0,0,467
09/22/2022,STL,MO,ACE,CE,Towers with Radar,376,58,18,4,456,6,1,4,1,12,382,59,22,5,468,0,12,12,480
09/23/2022,STL,MO,ACE,CE,Towers with Radar,393,61,16,3,473,2,1,0,5,8,395,62,16,8,481,0,0,0,481
09/24/2022,STL,MO,ACE,CE,Towers with Radar,316,40,6,0,362,1,0,0,0,1,317,40,6,0,363,0,0,0,363
09/25/2022,STL,MO,ACE,CE,Towers with Radar,378,40,13,0,431,1,1,0,0,2,379,41,13,0,433,0,0,0,433
09/26/2022,STL,MO,ACE,CE,Towers with Radar,384,63,21,4,472,2,4,2,6,14,386,67,23,10,486,0,0,0,486
09/27/2022,STL,MO,ACE,CE,Towers with Radar,372,65,16,2,455,3,7,7,1,18,375,72,23,3,473,2,8,10,483
09/28/2022,STL,MO,ACE,CE,Towers with Radar,354,72,12,5,443,1,0,3,5,9,355,72,15,10,452,0,0,0,452
09/29/2022,STL,MO,ACE,CE,Towers with Radar,361,72,30,5,468,0,2,1,3,6,361,74,31,8,474,0,0,0,474
09/30/2022,STL,MO,ACE,CE,Towers with Radar,373,53,16,6,448,4,1,1,3,9,377,54,17,9,457,2,14,16,473
10/01/2022,STL,MO,ACE,CE,Towers with Radar,298,39,6,0,343,2,6,1,0,9,300,45,7,0,352,0,0,0,352
10/02/2022,STL,MO,ACE,CE,Towers with Radar,372,44,12,0,428,1,4,2,0,7,373,48,14,0,435,0,0,0,435
10/03/2022,STL,MO,ACE,CE,Towers with Radar,373,65,14,6,458,1,2,10,0,13,374,67,24,6,471,14,2,16,487
10/04/2022,STL,MO,ACE,CE,Towers with Radar,370,62,12,2,446,2,2,4,4,12,372,64,16,6,458,26,6,32,490
10/05/2022,STL,MO,ACE,CE,Towers with Radar,371,59,19,3,452,3,1,2,7,13,374,60,21,10,465,0,0,0,465
10/06/2022,STL,MO,ACE,CE,Towers with Radar,386,70,16,5,477,2,3,2,6,13,388,73,18,11,490,6,4,10,500
10/07/2022,STL,MO,ACE,CE,Towers with Radar,388,73,15,3,479,1,0,4,3,8,389,73,19,6,487,0,2,2,489
10/08/2022,STL,MO,ACE,CE,Towers with Radar,311,64,13,0,388,5,0,2,0,7,316,64,15,0,395,0,0,0,395
10/09/2022,STL,MO,ACE,CE,Towers with Radar,366,62,17,0,445,0,3,0,0,3,366,65,17,0,448,0,0,0,448
10/10/2022,STL,MO,ACE,CE,Towers with Radar,373,73,13,0,459,6,2,2,0,10,379,75,15,0,469,0,0,0,469
10/11/2022,STL,MO,ACE,CE,Towers with Radar,376,69,19,1,465,5,0,5,0,10,381,69,24,1,475,0,0,0,475
10/12/2022,STL,MO,ACE,CE,Towers with Radar,389,74,25,2,490,3,4,1,1,9,392,78,26,3,499,0,0,0,499
10/13/2022,STL,MO,ACE,CE,Towers with Radar,385,67,12,4,468,1,4,1,4,10,386,71,13,8,478,0,0,0,478
10/14/2022,STL,MO,ACE,CE,Towers with Radar,392,75,20,3,490,2,0,0,2,4,394,75,20,5,494,0,0,0,494
10/15/2022,STL,MO,ACE,CE,Towers with Radar,305,62,4,0,371,1,1,3,0,5,306,63,7,0,376,0,0,0,376
10/16/2022,STL,MO,ACE,CE,Towers with Radar,366,50,12,1,429,4,0,2,0,6,370,50,14,1,435,0,0,0,435
10/17/2022,STL,MO,ACE,CE,Towers with Radar,386,55,13,1,455,1,0,0,0,1,387,55,13,1,456,0,0,0,456
10/18/2022,STL,MO,ACE,CE,Towers with Radar,381,61,13,0,455,3,3,1,0,7,384,64,14,0,462,0,0,0,462
10/19/2022,STL,MO,ACE,CE,Towers with Radar,381,73,21,1,476,2,0,0,6,8,383,73,21,7,484,0,12,12,496
10/20/2022,STL,MO,ACE,CE,Towers with Radar,389,74,21,5,489,3,2,1,6,12,392,76,22,11,501,0,6,6,507
10/21/2022,STL,MO,ACE,CE,Towers with Radar,389,62,18,8,477,5,3,0,3,11,394,65,18,11,488,0,16,16,504
10/22/2022,STL,MO,ACE,CE,Towers with Radar,307,44,5,5,361,0,1,0,0,1,307,45,5,5,362,0,0,0,362
10/23/2022,STL,MO,ACE,CE,Towers with Radar,370,53,23,0,446,1,1,0,0,2,371,54,23,0,448,0,0,0,448
10/24/2022,STL,MO,ACE,CE,Towers with Radar,383,55,22,5,465,2,2,0,2,6,385,57,22,7,471,0,0,0,471
10/25/2022,STL,MO,ACE,CE,Towers with Radar,380,51,19,2,452,0,0,0,0,0,380,51,19,2,452,0,0,0,452
10/26/2022,STL,MO,ACE,CE,Towers with Radar,392,81,17,4,494,4,1,8,2,15,396,82,25,6,509,0,0,0,509
10/27/2022,STL,MO,ACE,CE,Towers with Radar,384,68,20,3,475,3,1,7,1,12,387,69,27,4,487,0,0,0,487
10/28/2022,STL,MO,ACE,CE,Towers with Radar,390,64,9,7,470,2,2,0,5,9,392,66,9,12,479,0,0,0,479
10/29/2022,STL,MO,ACE,CE,Towers with Radar,302,50,1,0,353,2,0,1,0,3,304,50,2,0,356,0,0,0,356
10/30/2022,STL,MO,ACE,CE,Towers with Radar,367,38,15,0,420,0,0,1,0,1,367,38,16,0,421,0,0,0,421
10/31/2022,STL,MO,ACE,CE,Towers with Radar,357,53,8,0,418,0,0,0,0,0,357,53,8,0,418,0,0,0,418
11/01/2022,STL,MO,ACE,CE,Towers with Radar,376,68,17,5,466,2,3,0,8,13,378,71,17,13,479,0,0,0,479
11/02/2022,STL,MO,ACE,CE,Towers with Radar,390,60,18,4,472,0,1,2,4,7,390,61,20,8,479,0,0,0,479
11/03/2022,STL,MO,ACE,CE,Towers with Radar,378,63,14,5,460,1,2,2,7,12,379,65,16,12,472,2,0,2,474
11/04/2022,STL,MO,ACE,CE,Towers with Radar,373,46,10,2,431,1,1,0,4,6,374,47,10,6,437,0,14,14,451
11/05/2022,STL,MO,ACE,CE,Towers with Radar,310,42,5,0,357,2,1,0,0,3,312,43,5,0,360,0,0,0,360
11/06/2022,STL,MO,ACE,CE,Towers with Radar,347,53,9,0,409,1,0,5,0,6,348,53,14,0,415,0,0,0,415
11/07/2022,STL,MO,ACE,CE,Towers with Radar,368,52,14,1,435,2,2,7,3,14,370,54,21,4,449,0,0,0,449
11/08/2022,STL,MO,ACE,CE,Towers with Radar,355,62,3,4,424,5,0,2,2,9,360,62,5,6,433,0,12,12,445
11/09/2022,STL,MO,ACE,CE,Towers with Radar,361,55,8,3,427,0,0,5,1,6,361,55,13,4,433,0,0,0,433
11/10/2022,STL,MO,ACE,CE,Towers with Radar,363,52,16,5,436,2,0,3,5,10,365,52,19,10,446,0,0,0,446
11/11/2022,STL,MO,ACE,CE,Towers with Radar,369,52,11,2,434,2,0,2,2,6,371,52,13,4,440,0,0,0,440
11/12/2022,STL,MO,ACE,CE,Towers with Radar,303,27,7,0,337,1,2,3,0,6,304,29,10,0,343,0,0,0,343
11/13/2022,STL,MO,ACE,CE,Towers with Radar,351,46,11,0,408,4,1,1,0,6,355,47,12,0,414,0,0,0,414
11/14/2022,STL,MO,ACE,CE,Towers with Radar,371,48,13,2,434,2,3,2,4,11,373,51,15,6,445,0,0,0,445
11/15/2022,STL,MO,ACE,CE,Towers with Radar,370,58,8,4,440,0,0,0,0,0,370,58,8,4,440,0,0,0,440
11/16/2022,STL,MO,ACE,CE,Towers with Radar,375,54,17,2,448,0,0,0,0,0,375,54,17,2,448,0,0,0,448
11/17/2022,STL,MO,ACE,CE,Towers with Radar,368,58,12,13,451,4,4,0,6,14,372,62,12,19,465,0,0,0,465
11/18/2022,STL,MO,ACE,CE,Towers with Radar,389,65,20,5,479,1,2,4,2,9,390,67,24,7,488,0,0,0,488
11/19/2022,STL,MO,ACE,CE,Towers with Radar,306,45,6,4,361,2,2,0,0,4,308,47,6,4,365,0,0,0,365
11/20/2022,STL,MO,ACE,CE,Towers with Radar,355,41,21,0,417,3,1,1,0,5,358,42,22,0,422,0,0,0,422
11/21/2022,STL,MO,ACE,CE,Towers with Radar,366,45,9,2,422,2,2,2,1,7,368,47,11,3,429,0,0,0,429
11/22/2022,STL,MO,ACE,CE,Towers with Radar,372,56,22,4,454,1,1,3,5,10,373,57,25,9,464,0,0,0,464
11/23/2022,STL,MO,ACE,CE,Towers with Radar,378,56,11,2,447,3,3,3,4,13,381,59,14,6,460,0,0,0,460
11/24/2022,STL,MO,ACE,CE,Towers with Radar,266,28,1,0,295,0,0,0,0,0,266,28,1,0,295,0,0,0,295
11/25/2022,STL,MO,ACE,CE,Towers with Radar,337,51,7,0,395,2,1,0,0,3,339,52,7,0,398,0,0,0,398
11/26/2022,STL,MO,ACE,CE,Towers with Radar,334,49,4,0,387,0,2,0,0,2,334,51,4,0,389,0,0,0,389
11/27/2022,STL,MO,ACE,CE,Towers with Radar,359,59,8,0,426,1,0,0,0,1,360,59,8,0,427,0,0,0,427
11/28/2022,STL,MO,ACE,CE,Towers with Radar,368,62,16,4,450,0,0,0,0,0,368,62,16,4,450,0,6,6,456
11/29/2022,STL,MO,ACE,CE,Towers with Radar,374,57,13,1,445,1,1,0,3,5,375,58,13,4,450,0,0,0,450
11/30/2022,STL,MO,ACE,CE,Towers with Radar,371,45,13,2,431,2,0,5,3,10,373,45,18,5,441,0,0,0,441
12/01/2022,STL,MO,ACE,CE,Towers with Radar,367,66,17,4,454,1,1,3,4,9,368,67,20,8,463,0,0,0,463
12/02/2022,STL,MO,ACE,CE,Towers with Radar,377,64,17,0,458,1,2,2,0,5,378,66,19,0,463,0,0,0,463
12/03/2022,STL,MO,ACE,CE,Towers with Radar,309,60,8,2,379,2,1,2,0,5,311,61,10,2,384,0,0,0,384
12/04/2022,STL,MO,ACE,CE,Towers with Radar,349,44,7,0,400,3,6,7,0,16,352,50,14,0,416,0,0,0,416
12/05/2022,STL,MO,ACE,CE,Towers with Radar,369,42,14,0,425,2,4,1,0,7,371,46,15,0,432,0,0,0,432
12/06/2022,STL,MO,ACE,CE,Towers with Radar,372,52,18,1,443,0,0,0,0,0,372,52,18,1,443,0,0,0,443
12/07/2022,STL,MO,ACE,CE,Towers with Radar,384,76,31,9,500,0,0,0,4,4,384,76,31,13,504,0,0,0,504
12/08/2022,STL,MO,ACE,CE,Towers with Radar,370,85,23,0,478,0,0,0,0,0,370,85,23,0,478,0,0,0,478
12/09/2022,STL,MO,ACE,CE,Towers with Radar,381,83,26,5,495,1,2,0,2,5,382,85,26,7,500,0,0,0,500
12/10/2022,STL,MO,ACE,CE,Towers with Radar,314,45,4,0,363,0,0,2,0,2,314,45,6,0,365,0,0,0,365
12/11/2022,STL,MO,ACE,CE,Towers with Radar,356,43,7,4,410,0,0,0,0,0,356,43,7,4,410,0,0,0,410
12/12/2022,STL,MO,ACE,CE,Towers with Radar,378,56,28,2,464,0,0,3,0,3,378,56,31,2,467,4,0,4,471
12/13/2022,STL,MO,ACE,CE,Towers with Radar,364,62,17,0,443,0,1,0,2,3,364,63,17,2,446,0,0,0,446
12/14/2022,STL,MO,ACE,CE,Towers with Radar,379,62,11,7,459,1,0,2,0,3,380,62,13,7,462,0,0,0,462
12/15/2022,STL,MO,ACE,CE,Towers with Radar,365,62,19,5,451,1,1,2,3,7,366,63,21,8,458,0,0,0,458
12/16/2022,STL,MO,ACE,CE,Towers with Radar,374,60,20,10,464,0,0,0,4,4,374,60,20,14,468,0,0,0,468
12/17/2022,STL,MO,ACE,CE,Towers with Radar,310,45,5,0,360,2,0,2,0,4,312,45,7,0,364,0,0,0,364
12/18/2022,STL,MO,ACE,CE,Towers with Radar,340,44,11,2,397,2,3,1,1,7,342,47,12,3,404,0,0,0,404
12/19/2022,STL,MO,ACE,CE,Towers with Radar,353,44,11,2,410,3,1,6,3,13,356,45,17,5,423,0,0,0,423
12/20/2022,STL,MO,ACE,CE,Towers with Radar,356,51,17,2,426,1,1,6,2,10,357,52,23,4,436,0,0,0,436
12/21/2022,STL,MO,ACE,CE,Towers with Radar,354,71,18,3,446,0,0,0,3,3,354,71,18,6,449,0,0,0,449
12/22/2022,STL,MO,ACE,CE,Towers with Radar,252,26,3,0,281,0,0,0,0,0,252,26,3,0,281,0,0,0,281
12/23/2022,STL,MO,ACE,CE,Towers with Radar,266,45,6,0,317,0,1,0,0,1,266,46,6,0,318,0,0,0,318
12/24/2022,STL,MO,ACE,CE,Towers with Radar,190,36,0,0,226,2,0,0,0,2,192,36,0,0,228,0,0,0,228
12/25/2022,STL,MO,ACE,CE,Towers with Radar,210,35,7,0,252,2,1,0,0,3,212,36,7,0,255,0,0,0,255
12/26/2022,STL,MO,ACE,CE,Towers with Radar,181,61,19,0,261,0,0,0,0,0,181,61,19,0,261,0,0,0,261
12/27/2022,STL,MO,ACE,CE,Towers with Radar,226,58,12,2,298,3,2,0,2,7,229,60,12,4,305,0,0,0,305
12/28/2022,STL,MO,ACE,CE,Towers with Radar,257,61,14,2,334,2,2,1,2,7,259,63,15,4,341,0,0,0,341
12/29/2022,STL,MO,ACE,CE,Towers with Radar,248,57,7,0,312,0,1,4,0,5,248,58,11,0,317,0,0,0,317
12/30/2022,STL,MO,ACE,CE,Towers with Radar,352,48,2,0,402,1,0,1,8,10,353,48,3,8,412,0,0,0,412
12/31/2022,STL,MO,ACE,CE,Towers with Radar,288,34,6,0,328,0,0,3,0,3,288,34,9,0,331,0,0,0,331
01/01/2023,STL,MO,ACE,CE,Towers with Radar,314,44,13,0,371,0,0,2,0,2,314,44,15,0,373,0,0,0,373
01/02/2023,STL,MO,ACE,CE,Towers with Radar,327,42,12,0,381,0,0,0,0,0,327,42,12,0,381,0,0,0,381
01/03/2023,STL,MO,ACE,CE,Towers with Radar,358,56,11,3,428,2,0,0,0,2,360,56,11,3,430,0,0,0,430
01/04/2023,STL,MO,ACE,CE,Towers with Radar,361,53,7,1,422,1,4,4,1,10,362,57,11,2,432,0,0,0,432
01/05/2023,STL,MO,ACE,CE,Towers with Radar,338,54,12,4,408,1,0,2,0,3,339,54,14,4,411,0,0,0,411
01/06/2023,STL,MO,ACE,CE,Towers with Radar,336,59,18,5,418,2,1,4,1,8,338,60,22,6,426,10,0,10,436
01/07/2023,STL,MO,ACE,CE,Towers with Radar,275,46,5,0,326,2,1,6,0,9,277,47,11,0,335,0,0,0,335
01/08/2023,STL,MO,ACE,CE,Towers with Radar,310,47,6,0,363,0,1,0,0,1,310,48,6,0,364,0,0,0,364
01/09/2023,STL,MO,ACE,CE,Towers with Radar,356,39,6,4,405,4,1,4,1,10,360,40,10,5,415,0,18,18,433
01/10/2023,STL,MO,ACE,CE,Towers with Radar,345,52,5,4,406,0,4,6,0,10,345,56,11,4,416,0,0,0,416
01/11/2023,STL,MO,ACE,CE,Towers with Radar,336,68,21,3,428,3,2,3,4,12,339,70,24,7,440,0,0,0,440
01/12/2023,STL,MO,ACE,CE,Towers with Radar,360,57,17,2,436,0,0,0,0,0,360,57,17,2,436,0,0,0,436
01/13/2023,STL,MO,ACE,CE,Towers with Radar,368,51,15,2,436,1,0,0,0,1,369,51,15,2,437,0,0,0,437
01/14/2023,STL,MO,ACE,CE,Towers with Radar,272,33,10,0,315,2,1,4,0,7,274,34,14,0,322,0,0,0,322
01/15/2023,STL,MO,ACE,CE,Towers with Radar,305,49,5,0,359,1,4,1,0,6,306,53,6,0,365,0,0,0,365
01/16/2023,STL,MO,ACE,CE,Towers with Radar,352,56,7,4,419,0,2,1,0,3,352,58,8,4,422,0,0,0,422
01/17/2023,STL,MO,ACE,CE,Towers with Radar,349,69,18,4,440,0,2,2,4,8,349,71,20,8,448,0,4,4,452
01/18/2023,STL,MO,ACE,CE,Towers with Radar,352,57,29,0,438,0,0,0,0,0,352,57,29,0,438,0,0,0,438
01/19/2023,STL,MO,ACE,CE,Towers with Radar,361,57,11,3,432,1,1,0,0,2,362,58,11,3,434,0,0,0,434
01/20/2023,STL,MO,ACE,CE,Towers with Radar,373,63,8,6,450,1,2,2,1,6,374,65,10,7,456,0,0,0,456
01/21/2023,STL,MO,ACE,CE,Towers with Radar,275,37,6,0,318,0,1,0,0,1,275,38,6,0,319,0,0,0,319
01/22/2023,STL,MO,ACE,CE,Towers with Radar,317,50,4,0,371,2,0,0,0,2,319,50,4,0,373,0,0,0,373
01/23/2023,STL,MO,ACE,CE,Towers with Radar,355,59,10,1,425,2,0,9,1,12,357,59,19,2,437,0,0,0,437
01/24/2023,STL,MO,ACE,CE,Towers with Radar,351,56,11,6,424,0,4,1,5,10,351,60,12,11,434,0,12,12,446
01/25/2023,STL,MO,ACE,CE,Towers with Radar,305,50,6,0,361,0,0,1,0,1,305,50,7,0,362,0,0,0,362
01/26/2023,STL,MO,ACE,CE,Towers with Radar,361,60,19,6,446,2,4,5,4,15,363,64,24,10,461,18,16,34,495
01/27/2023,STL,MO,ACE,CE,Towers with Radar,371,54,11,4,440,2,1,2,5,10,373,55,13,9,450,0,0,0,450
01/28/2023,STL,MO,ACE,CE,Towers with Radar,280,54,7,0,341,1,0,0,0,1,281,54,7,0,342,0,0,0,342
01/29/2023,STL,MO,ACE,CE,Towers with Radar,320,53,11,0,384,0,0,0,0,0,320,53,11,0,384,0,0,0,384
01/30/2023,STL,MO,ACE,CE,Towers with Radar,335,45,20,0,400,2,0,0,0,2,337,45,20,0,402,0,0,0,402
01/31/2023,STL,MO,ACE,CE,Towers with Radar,314,49,17,4,384,2,7,4,7,20,316,56,21,11,404,0,22,22,426
02/01/2023,STL,MO,ACE,CE,Towers with Radar,309,49,17,2,377,1,6,7,1,15,310,55,24,3,392,12,26,38,430
02/02/2023,STL,MO,ACE,CE,Towers with Radar,351,64,13,7,435,1,2,5,5,13,352,66,18,12,448,0,0,0,448
02/03/2023,STL,MO,ACE,CE,Towers with Radar,359,63,7,1,430,1,2,3,3,9,360,65,10,4,439,0,0,0,439
02/04/2023,STL,MO,ACE,CE,Towers with Radar,275,44,8,0,327,1,1,3,2,7,276,45,11,2,334,0,0,0,334
02/05/2023,STL,MO,ACE,CE,Towers with Radar,316,43,9,0,368,1,0,7,2,10,317,43,16,2,378,0,0,0,378
02/06/2023,STL,MO,ACE,CE,Towers with Radar,360,52,8,0,420,1,0,4,0,5,361,52,12,0,425,0,0,0,425
02/07/2023,STL,MO,ACE,CE,Towers with Radar,347,64,14,6,431,1,0,0,4,5,348,64,14,10,436,0,0,0,436
02/08/2023,STL,MO,ACE,CE,Towers with Radar,359,64,17,6,446,0,2,3,3,8,359,66,20,9,454,0,0,0,454
02/09/2023,STL,MO,ACE,CE,Towers with Radar,356,78,17,2,453,1,0,2,0,3,357,78,19,2,456,0,0,0,456
02/10/2023,STL,MO,ACE,CE,Towers with Radar,364,83,9,3,459,0,0,3,0,3,364,83,12,3,462,0,0,0,462
02/11/2023,STL,MO,ACE,CE,Towers with Radar,277,32,7,1,317,1,0,5,0,6,278,32,12,1,323,0,0,0,323
02/12/2023,STL,MO,ACE,CE,Towers with Radar,308,49,6,0,363,3,2,1,2,8,311,51,7,2,371,0,0,0,371
02/13/2023,STL,MO,ACE,CE,Towers with Radar,359,58,13,3,433,2,1,3,1,7,361,59,16,4,440,0,0,0,440
02/14/2023,STL,MO,ACE,CE,Towers with Radar,350,45,12,3,410,0,0,0,1,1,350,45,12,4,411,0,0,0,411
02/15/2023,STL,MO,ACE,CE,Towers with Radar,354,56,24,2,436,0,0,3,2,5,354,56,27,4,441,0,0,0,441
02/16/2023,STL,MO,ACE,CE,Towers with Radar,360,48,25,0,433,0,0,0,0,0,360,48,25,0,433,0,0,0,433
02/17/2023,STL,MO,ACE,CE,Towers with Radar,376,56,17,3,452,1,0,3,6,10,377,56,20,9,462,0,0,0,462
02/18/2023,STL,MO,ACE,CE,Towers with Radar,280,42,8,0,330,0,2,2,0,4,280,44,10,0,334,0,0,0,334
02/19/2023,STL,MO,ACE,CE,Towers with Radar,317,48,5,4,374,2,0,8,0,10,319,48,13,4,384,0,0,0,384
02/20/2023,STL,MO,ACE,CE,Towers with Radar,362,62,7,1,432,3,2,7,1,13,365,64,14,2,445,0,2,2,447
02/21/2023,STL,MO,ACE,CE,Towers with Radar,354,57,16,3,430,1,4,4,4,13,355,61,20,7,443,16,8,24,467
02/22/2023,STL,MO,ACE,CE,Towers with Radar,345,69,21,0,435,1,0,5,0,6,346,69,26,0,441,0,0,0,441
02/23/2023,STL,MO,ACE,CE,Towers with Radar,370,60,23,6,459,1,5,0,2,8,371,65,23,8,467,0,0,0,467
02/24/2023,STL,MO,ACE,CE,Towers with Radar,373,60,7,3,443,5,0,0,0,5,378,60,7,3,448,0,0,0,448
02/25/2023,STL,MO,ACE,CE,Towers with Radar,275,37,6,2,320,1,1,1,0,3,276,38,7,2,323,0,0,0,323
02/26/2023,STL,MO,ACE,CE,Towers with Radar,328,54,12,5,399,2,0,2,0,4,330,54,14,5,403,0,12,12,415
02/27/2023,STL,MO,ACE,CE,Towers with Radar,366,44,16,2,428,1,0,2,0,3,367,44,18,2,431,0,0,0,431
02/28/2023,STL,MO,ACE,CE,Towers with Radar,363,60,16,0,439,1,1,5,0,7,364,61,21,0,446,0,0,0,446
03/01/2023,STL,MO,ACE,CE,Towers with Radar,361,57,11,2,431,1,0,8,3,12,362,57,19,5,443,12,6,18,461
03/02/2023,STL,MO,ACE,CE,Towers with Radar,368,66,16,1,451,2,1,0,1,4,370,67,16,2,455,0,0,0,455
03/03/2023,STL,MO,ACE,CE,Towers with Radar,383,48,9,0,440,0,0,0,0,0,383,48,9,0,440,0,0,0,440
03/04/2023,STL,MO,ACE,CE,Towers with Radar,289,52,7,0,348,1,2,6,0,9,290,54,13,0,357,0,0,0,357
03/05/2023,STL,MO,ACE,CE,Towers with Radar,331,44,8,0,383,2,1,7,0,10,333,45,15,0,393,0,0,0,393
03/06/2023,STL,MO,ACE,CE,Towers with Radar,375,53,27,2,457,1,1,1,2,5,376,54,28,4,462,8,0,8,470
03/07/2023,STL,MO,ACE,CE,Towers with Radar,359,54,25,4,442,0,1,6,2,9,359,55,31,6,451,12,6,18,469
03/08/2023,STL,MO,ACE,CE,Towers with Radar,371,65,16,0,452,1,0,6,0,7,372,65,22,0,459,12,0,12,471
03/09/2023,STL,MO,ACE,CE,Towers with Radar,371,53,16,0,440,0,0,0,0,0,371,53,16,0,440,0,0,0,440
03/10/2023,STL,MO,ACE,CE,Towers with Radar,398,71,12,3,484,0,0,2,3,5,398,71,14,6,489,0,6,6,495
03/11/2023,STL,MO,ACE,CE,Towers with Radar,311,41,12,1,365,0,0,2,0,2,311,41,14,1,367,0,0,0,367
03/12/2023,STL,MO,ACE,CE,Towers with Radar,370,40,8,0,418,1,0,0,0,1,371,40,8,0,419,0,0,0,419
03/13/2023,STL,MO,ACE,CE,Towers with Radar,378,42,13,0,433,0,1,3,0,4,378,43,16,0,437,0,0,0,437
03/14/2023,STL,MO,ACE,CE,Towers with Radar,380,55,6,16,457,0,2,0,2,4,380,57,6,18,461,0,16,16,477
03/15/2023,STL,MO,ACE,CE,Towers with Radar,375,62,14,4,455,2,1,1,4,8,377,63,15,8,463,0,14,14,477
03/16/2023,STL,MO,ACE,CE,Towers with Radar,382,44,7,3,436,0,1,0,1,2,382,45,7,4,438,0,0,0,438
03/17/2023,STL,MO,ACE,CE,Towers with Radar,385,61,2,7,455,6,4,1,2,13,391,65,3,9,468,0,10,10,478
03/18/2023,STL,MO,ACE,CE,Towers with Radar,310,41,5,0,356,0,2,1,0,3,310,43,6,0,359,0,0,0,359
03/19/2023,STL,MO,ACE,CE,Towers with Radar,365,42,5,0,412,1,0,4,0,5,366,42,9,0,417,0,0,0,417
03/20/2023,STL,MO,ACE,CE,Towers with Radar,384,46,12,0,442,3,1,2,0,6,387,47,14,0,448,0,0,0,448
03/21/2023,STL,MO,ACE,CE,Towers with Radar,385,61,10,3,459,1,0,1,2,4,386,61,11,5,463,0,8,8,471
03/22/2023,STL,MO,ACE,CE,Towers with Radar,393,66,12,4,475,1,1,0,1,3,394,67,12,5,478,0,0,0,478
03/23/2023,STL,MO,ACE,CE,Towers with Radar,385,58,14,9,466,1,0,0,0,1,386,58,14,9,467,0,0,0,467
03/24/2023,STL,MO,ACE,CE,Towers with Radar,389,52,6,1,448,0,0,0,0,0,389,52,6,1,448,0,0,0,448
03/25/2023,STL,MO,ACE,CE,Towers with Radar,294,42,7,0,343,3,1,3,0,7,297,43,10,0,350,0,0,0,350
03/26/2023,STL,MO,ACE,CE,Towers with Radar,370,57,12,4,443,1,2,3,1,7,371,59,15,5,450,0,0,0,450
03/27/2023,STL,MO,ACE,CE,Towers with Radar,388,62,26,3,479,1,2,2,3,8,389,64,28,6,487,0,0,0,487
03/28/2023,STL,MO,ACE,CE,Towers with Radar,385,65,25,4,479,1,0,1,0,2,386,65,26,4,481,0,0,0,481
03/29/2023,STL,MO,ACE,CE,Towers with Radar,386,74,27,11,498,6,1,6,6,19,392,75,33,17,517,0,14,14,531
03/30/2023,STL,MO,ACE,CE,Towers with Radar,388,65,26,9,488,2,0,1,3,6,390,65,27,12,494,0,0,0,494
03/31/2023,STL,MO,ACE,CE,Towers with Radar,373,31,10,2,416,1,2,0,2,5,374,33,10,4,421,0,0,0,421
04/01/2023,STL,MO,ACE,CE,Towers with Radar,323,35,9,0,367,1,0,0,0,1,324,35,9,0,368,0,0,0,368
04/02/2023,STL,MO,ACE,CE,Towers with Radar,358,47,7,0,412,2,1,5,0,8,360,48,12,0,420,0,0,0,420
04/03/2023,STL,MO,ACE,CE,Towers with Radar,380,58,18,0,456,2,0,1,0,3,382,58,19,0,459,0,0,0,459
04/04/2023,STL,MO,ACE,CE,Towers with Radar,399,63,15,3,480,2,0,1,3,6,401,63,16,6,486,6,0,6,492
04/05/2023,STL,MO,ACE,CE,Towers with Radar,345,65,11,0,421,2,2,4,2,10,347,67,15,2,431,0,0,0,431
04/06/2023,STL,MO,ACE,CE,Towers with Radar,383,66,23,4,476,1,3,3,2,9,384,69,26,6,485,0,0,0,485
04/07/2023,STL,MO,ACE,CE,Towers with Radar,388,67,6,1,462,3,2,1,1,7,391,69,7,2,469,0,2,2,471
04/08/2023,STL,MO,ACE,CE,Towers with Radar,295,39,5,0,339,1,0,2,0,3,296,39,7,0,342,0,0,0,342
04/09/2023,STL,MO,ACE,CE,Towers with Radar,364,37,5,0,406,2,1,4,0,7,366,38,9,0,413,0,0,0,413
04/10/2023,STL,MO,ACE,CE,Towers with Radar,384,71,16,3,474,1,2,1,1,5,385,73,17,4,479,0,4,4,483
04/11/2023,STL,MO,ACE,CE,Towers with Radar,390,67,19,4,480,1,2,4,3,10,391,69,23,7,490,0,0,0,490
04/12/2023,STL,MO,ACE,CE,Towers with Radar,395,65,23,5,488,3,0,2,3,8,398,65,25,8,496,0,4,4,500
04/13/2023,STL,MO,ACE,CE,Towers with Radar,389,71,20,4,484,3,0,1,2,6,392,71,21,6,490,0,6,6,496
04/14/2023,STL,MO,ACE,CE,Towers with Radar,391,65,24,7,487,1,0,0,8,9,392,65,24,15,496,0,0,0,496
04/15/2023,STL,MO,ACE,CE,Towers with Radar,288,42,12,0,342,2,0,0,0,2,290,42,12,0,344,0,0,0,344
04/16/2023,STL,MO,ACE,CE,Towers with Radar,400,42,15,0,457,0,0,2,0,2,400,42,17,0,459,0,0,0,459
04/17/2023,STL,MO,ACE,CE,Towers with Radar,392,42,27,2,463,1,0,8,1,10,393,42,35,3,473,0,10,10,483
04/18/2023,STL,MO,ACE,CE,Towers with Radar,379,61,11,5,456,3,0,9,5,17,382,61,20,10,473,0,14,14,487
04/19/2023,STL,MO,ACE,CE,Towers with Radar,397,62,28,0,487,1,2,2,0,5,398,64,30,0,492,0,0,0,492
04/20/2023,STL,MO,ACE,CE,Towers with Radar,378,65,18,3,464,3,0,1,1,5,381,65,19,4,469,0,0,0,469
04/21/2023,STL,MO,ACE,CE,Towers with Radar,403,63,14,10,490,3,0,6,7,16,406,63,20,17,506,10,22,32,538
04/22/2023,STL,MO,ACE,CE,Towers with Radar,290,41,6,2,339,1,0,1,0,2,291,41,7,2,341,0,0,0,341
04/23/2023,STL,MO,ACE,CE,Towers with Radar,399,47,9,0,455,1,1,4,1,7,400,48,13,1,462,0,0,0,462
04/24/2023,STL,MO,ACE,CE,Towers with Radar,386,54,15,0,455,3,0,2,2,7,389,54,17,2,462,0,0,0,462
04/25/2023,STL,MO,ACE,CE,Towers with Radar,385,73,22,1,481,2,3,0,1,6,387,76,22,2,487,0,0,0,487
04/26/2023,STL,MO,ACE,CE,Towers with Radar,375,69,31,15,490,4,0,9,7,20,379,69,40,22,510,0,6,6,516
04/27/2023,STL,MO,ACE,CE,Towers with Radar,389,71,26,8,494,3,0,2,4,9,392,71,28,12,503,0,0,0,503
04/28/2023,STL,MO,ACE,CE,Towers with Radar,394,62,8,6,470,2,0,3,3,8,396,62,11,9,478,0,0,0,478
04/29/2023,STL,MO,ACE,CE,Towers with Radar,293,37,3,1,334,1,0,0,0,1,294,37,3,1,335,0,0,0,335
04/30/2023,STL,MO,ACE,CE,Towers with Radar,385,43,8,0,436,1,0,0,0,1,386,43,8,0,437,0,0,0,437
05/01/2023,STL,MO,ACE,CE,Towers with Radar,390,46,15,1,452,2,1,0,0,3,392,47,15,1,455,0,0,0,455
05/02/2023,STL,MO,ACE,CE,Towers with Radar,386,59,16,3,464,2,3,3,1,9,388,62,19,4,473,0,0,0,473
05/03/2023,STL,MO,ACE,CE,Towers with Radar,393,66,14,7,480,0,5,0,6,11,393,71,14,13,491,0,18,18,509
05/04/2023,STL,MO,ACE,CE,Towers with Radar,391,59,11,1,462,2,2,2,1,7,393,61,13,2,469,0,0,0,469
05/05/2023,STL,MO,ACE,CE,Towers with Radar,392,56,14,9,471,1,1,1,6,9,393,57,15,15,480,0,0,0,480
05/06/2023,STL,MO,ACE,CE,Towers with Radar,295,35,2,2,334,0,0,0,0,0,295,35,2,2,334,0,0,0,334
05/07/2023,STL,MO,ACE,CE,Towers with Radar,412,45,16,0,473,1,0,1,0,2,413,45,17,0,475,0,0,0,475
05/08/2023,STL,MO,ACE,CE,Towers with Radar,401,48,18,2,469,1,0,0,0,1,402,48,18,2,470,0,4,4,474
05/09/2023,STL,MO,ACE,CE,Towers with Radar,388,65,29,5,487,1,0,2,4,7,389,65,31,9,494,0,4,4,498
05/10/2023,STL,MO,ACE,CE,Towers with Radar,390,63,32,1,486,1,3,6,1,11,391,66,38,2,497,0,0,0,497
05/11/2023,STL,MO,ACE,CE,Towers with Radar,388,72,27,1,488,1,0,3,1,5,389,72,30,2,493,0,0,0,493
05/12/2023,STL,MO,ACE,CE,Towers with Radar,395,66,16,2,479,1,2,6,0,9,396,68,22,2,488,0,0,0,488
05/13/2023,STL,MO,ACE,CE,Towers with Radar,297,44,11,0,352,0,1,0,0,1,297,45,11,0,353,0,0,0,353
05/14/2023,STL,MO,ACE,CE,Towers with Radar,402,57,6,0,465,1,0,0,0,1,403,57,6,0,466,0,0,0,466
05/15/2023,STL,MO,ACE,CE,Towers with Radar,396,76,17,2,491,0,0,0,0,0,396,76,17,2,491,0,0,0,491
05/16/2023,STL,MO,ACE,CE,Towers with Radar,388,60,20,1,469,0,0,4,0,4,388,60,24,1,473,0,0,0,473
05/17/2023,STL,MO,ACE,CE,Towers with Radar,400,72,24,6,502,1,1,3,3,8,401,73,27,9,510,0,0,0,510
05/18/2023,STL,MO,ACE,CE,Towers with Radar,384,75,30,4,493,3,1,0,3,7,387,76,30,7,500,0,0,0,500
05/19/2023,STL,MO,ACE,CE,Towers with Radar,393,70,12,3,478,1,1,0,0,2,394,71,12,3,480,0,11,11,491
05/20/2023,STL,MO,ACE,CE,Towers with Radar,306,43,10,2,361,3,0,6,0,9,309,43,16,2,370,0,0,0,370
05/21/2023,STL,MO,ACE,CE,Towers with Radar,396,47,13,0,456,3,0,1,0,4,399,47,14,0,460,0,0,0,460
05/22/2023,STL,MO,ACE,CE,Towers with Radar,386,57,11,9,463,2,0,5,4,11,388,57,16,13,474,0,10,10,484
05/23/2023,STL,MO,ACE,CE,Towers with Radar,389,63,8,4,464,3,1,1,7,12,392,64,9,11,476,20,0,20,496
05/24/2023,STL,MO,ACE,CE,Towers with Radar,388,65,24,5,482,3,2,4,7,16,391,67,28,12,498,6,11,17,515
05/25/2023,STL,MO,ACE,CE,Towers with Radar,397,63,18,1,479,5,0,7,4,16,402,63,25,5,495,2,2,4,499
05/26/2023,STL,MO,ACE,CE,Towers with Radar,394,53,17,4,468,4,1,5,3,13,398,54,22,7,481,8,14,22,503
05/27/2023,STL,MO,ACE,CE,Towers with Radar,296,40,7,0,343,4,2,5,0,11,300,42,12,0,354,8,0,8,362
05/28/2023,STL,MO,ACE,CE,Towers with Radar,381,38,7,0,426,0,2,3,0,5,381,40,10,0,431,0,0,0,431
05/29/2023,STL,MO,ACE,CE,Towers with Radar,384,40,7,4,435,3,0,1,2,6,387,40,8,6,441,0,20,20,461
05/30/2023,STL,MO,ACE,CE,Towers with Radar,382,53,12,3,450,2,1,2,5,10,384,54,14,8,460,0,10,10,470
05/31/2023,STL,MO,ACE,CE,Towers with Radar,404,54,16,6,480,0,0,0,4,4,404,54,16,10,484,0,11,11,495
06/01/2023,STL,MO,ACE,CE,Towers with Radar,385,67,21,5,478,2,1,1,8,12,387,68,22,13,490,0,10,10,500
06/02/2023,STL,MO,ACE,CE,Towers with Radar,400,57,23,3,483,3,2,2,3,10,403,59,25,6,493,0,0,0,493
06/03/2023,STL,MO,ACE,CE,Towers with Radar,297,49,4,0,350,1,0,0,0,1,298,49,4,0,351,0,0,0,351
06/04/2023,STL,MO,ACE,CE,Towers with Radar,388,59,14,0,461,1,0,1,0,2,389,59,15,0,463,0,0,0,463
06/05/2023,STL,MO,ACE,CE,Towers with Radar,393,67,17,5,482,2,1,2,3,8,395,68,19,8,490,0,0,0,490
06/06/2023,STL,MO,ACE,CE,Towers with Radar,402,66,12,0,480,1,0,2,0,3,403,66,14,0,483,0,0,0,483
06/07/2023,STL,MO,ACE,CE,Towers with Radar,384,63,16,4,467,2,0,2,2,6,386,63,18,6,473,12,6,18,491
06/08/2023,STL,MO,ACE,CE,Towers with Radar,401,56,18,7,482,2,1,5,5,13,403,57,23,12,495,0,18,18,513
06/09/2023,STL,MO,ACE,CE,Towers with Radar,398,61,25,3,487,3,2,4,5,14,401,63,29,8,501,2,19,21,522
06/10/2023,STL,MO,ACE,CE,Towers with Radar,344,38,8,2,392,1,0,5,4,10,345,38,13,6,402,4,36,40,442
06/11/2023,STL,MO,ACE,CE,Towers with Radar,398,50,7,0,455,0,0,0,0,0,398,50,7,0,455,0,0,0,455
06/12/2023,STL,MO,ACE,CE,Towers with Radar,394,43,16,1,454,0,0,2,1,3,394,43,18,2,457,0,0,0,457
06/13/2023,STL,MO,ACE,CE,Towers with Radar,397,62,14,10,483,2,0,0,4,6,399,62,14,14,489,0,4,4,493
06/14/2023,STL,MO,ACE,CE,Towers with Radar,396,51,27,7,481,1,1,7,2,11,397,52,34,9,492,0,0,0,492
06/15/2023,STL,MO,ACE,CE,Towers with Radar,395,73,18,2,488,2,1,7,2,12,397,74,25,4,500,0,0,0,500
06/16/2023,STL,MO,ACE,CE,Towers with Radar,401,64,19,2,486,4,0,0,1,5,405,64,19,3,491,0,2,2,493
06/17/2023,STL,MO,ACE,CE,Towers with Radar,333,37,5,0,375,0,0,4,0,4,333,37,9,0,379,0,0,0,379
06/18/2023,STL,MO,ACE,CE,Towers with Radar,400,39,12,0,451,1,1,1,0,3,401,40,13,0,454,0,0,0,454
06/19/2023,STL,MO,ACE,CE,Towers with Radar,398,40,17,1,456,1,0,1,1,3,399,40,18,2,459,0,0,0,459
06/20/2023,STL,MO,ACE,CE,Towers with Radar,387,65,18,3,473,1,1,1,1,4,388,66,19,4,477,0,6,6,483
06/21/2023,STL,MO,ACE,CE,Towers with Radar,396,68,21,14,499,1,0,2,3,6,397,68,23,17,505,0,21,21,526
06/22/2023,STL,MO,ACE,CE,Towers with Radar,390,58,21,4,473,1,1,0,2,4,391,59,21,6,477,0,10,10,487
06/23/2023,STL,MO,ACE,CE,Towers with Radar,406,43,7,4,460,0,1,0,3,4,406,44,7,7,464,0,5,5,469
06/24/2023,STL,MO,ACE,CE,Towers with Radar,351,30,2,12,395,1,0,2,0,3,352,30,4,12,398,0,0,0,398
06/25/2023,STL,MO,ACE,CE,Towers with Radar,396,35,2,0,433,3,1,2,0,6,399,36,4,0,439,0,0,0,439
06/26/2023,STL,MO,ACE,CE,Towers with Radar,380,46,18,0,444,1,2,5,0,8,381,48,23,0,452,0,0,0,452
06/27/2023,STL,MO,ACE,CE,Towers with Radar,381,35,27,6,449,5,3,6,6,20,386,38,33,12,469,0,20,20,489
06/28/2023,STL,MO,ACE,CE,Towers with Radar,391,46,24,2,463,2,1,6,2,11,393,47,30,4,474,0,2,2,476
06/29/2023,STL,MO,ACE,CE,Towers with Radar,408,50,20,21,499,1,2,3,7,13,409,52,23,28,512,6,47,53,565
06/30/2023,STL,MO,ACE,CE,Towers with Radar,384,50,19,0,453,4,1,2,0,7,388,51,21,0,460,0,0,0,460
07/01/2023,STL,MO,ACE,CE,Towers with Radar,354,34,8,0,396,1,0,2,0,3,355,34,10,0,399,0,0,0,399
07/02/2023,STL,MO,ACE,CE,Towers with Radar,401,34,7,0,442,0,0,0,0,0,401,34,7,0,442,0,0,0,442
07/03/2023,STL,MO,ACE,CE,Towers with Radar,347,28,9,0,384,3,3,3,0,9,350,31,12,0,393,0,0,0,393
07/04/2023,STL,MO,ACE,CE,Towers with Radar,338,32,4,0,374,0,0,2,0,2,338,32,6,0,376,0,0,0,376
07/05/2023,STL,MO,ACE,CE,Towers with Radar,392,52,11,1,456,1,2,0,0,3,393,54,11,1,459,0,2,2,461
07/06/2023,STL,MO,ACE,CE,Towers with Radar,391,36,12,1,440,3,4,2,0,9,394,40,14,1,449,0,0,0,449
07/07/2023,STL,MO,ACE,CE,Towers with Radar,378,47,13,4,442,0,2,3,2,7,378,49,16,6,449,0,0,0,449
07/08/2023,STL,MO,ACE,CE,Towers with Radar,350,26,3,0,379,1,0,2,0,3,351,26,5,0,382,0,0,0,382
07/09/2023,STL,MO,ACE,CE,Towers with Radar,375,43,8,0,426,1,0,2,0,3,376,43,10,0,429,0,0,0,429
07/10/2023,STL,MO,ACE,CE,Towers with Radar,380,61,15,3,459,2,2,1,3,8,382,63,16,6,467,0,4,4,471
07/11/2023,STL,MO,ACE,CE,Towers with Radar,423,52,14,9,498,1,0,0,5,6,424,52,14,14,504,0,0,0,504
07/12/2023,STL,MO,ACE,CE,Towers with Radar,414,53,15,5,487,1,0,0,3,4,415,53,15,8,491,0,0,0,491
07/13/2023,STL,MO,ACE,CE,Towers with Radar,412,46,13,7,478,2,0,5,5,12,414,46,18,12,490,0,0,0,490
07/14/2023,STL,MO,ACE,CE,Towers with Radar,404,48,15,1,468,3,1,2,0,6,407,49,17,1,474,0,0,0,474
07/15/2023,STL,MO,ACE,CE,Towers with Radar,361,33,9,0,403,0,0,2,0,2,361,33,11,0,405,0,0,0,405
07/16/2023,STL,MO,ACE,CE,Towers with Radar,391,43,9,0,443,1,3,1,0,5,392,46,10,0,448,0,0,0,448
07/17/2023,STL,MO,ACE,CE,Towers with Radar,412,61,15,3,491,3,2,0,3,8,415,63,15,6,499,0,0,0,499
07/18/2023,STL,MO,ACE,CE,Towers with Radar,405,61,18,6,490,2,0,3,4,9,407,61,21,10,499,0,0,0,499
07/19/2023,STL,MO,ACE,CE,Towers with Radar,408,57,13,1,479,0,0,0,0,0,408,57,13,1,479,0,0,0,479
07/20/2023,STL,MO,ACE,CE,Towers with Radar,400,62,20,8,490,0,2,5,3,10,400,64,25,11,500,0,22,22,522
07/21/2023,STL,MO,ACE,CE,Towers with Radar,411,51,15,4,481,2,3,5,4,14,413,54,20,8,495,0,18,18,513
07/22/2023,STL,MO,ACE,CE,Towers with Radar,364,36,7,0,407,4,0,0,0,4,368,36,7,0,411,0,0,0,411
07/23/2023,STL,MO,ACE,CE,Towers with Radar,397,49,10,0,456,0,0,2,0,2,397,49,12,0,458,0,0,0,458
07/24/2023,STL,MO,ACE,CE,Towers with Radar,419,35,14,6,474,6,0,2,0,8,425,35,16,6,482,0,12,12,494
07/25/2023,STL,MO,ACE,CE,Towers with Radar,397,56,11,4,468,3,1,3,2,9,400,57,14,6,477,0,26,26,503
07/26/2023,STL,MO,ACE,CE,Towers with Radar,425,56,9,3,493,3,0,2,2,7,428,56,11,5,500,0,0,0,500
07/27/2023,STL,MO,ACE,CE,Towers with Radar,414,42,14,4,474,0,0,7,3,10,414,42,21,7,484,0,8,8,492
07/28/2023,STL,MO,ACE,CE,Towers with Radar,419,47,17,6,489,4,0,1,1,6,423,47,18,7,495,0,0,0,495
07/29/2023,STL,MO,ACE,CE,Towers with Radar,375,32,6,2,415,3,0,4,0,7,378,32,10,2,422,4,0,4,426
07/30/2023,STL,MO,ACE,CE,Towers with Radar,432,40,12,3,487,0,0,0,0,0,432,40,12,3,487,0,0,0,487
07/31/2023,STL,MO,ACE,CE,Towers with Radar,410,52,15,1,478,4,2,4,0,10,414,54,19,1,488,0,0,0,488
08/01/2023,STL,MO,ACE,CE,Towers with Radar,400,28,20,6,454,2,0,3,0,5,402,28,23,6,459,0,0,0,459
08/02/2023,STL,MO,ACE,CE,Towers with Radar,411,47,15,1,474,0,0,1,0,1,411,47,16,1,475,0,0,0,475
08/03/2023,STL,MO,ACE,CE,Towers with Radar,421,41,14,3,479,0,0,2,0,2,421,41,16,3,481,0,0,0,481
08/04/2023,STL,MO,ACE,CE,Towers with Radar,420,35,6,0,461,1,0,1,0,2,421,35,7,0,463,0,0,0,463
08/05/2023,STL,MO,ACE,CE,Towers with Radar,351,27,6,7,391,0,0,5,0,5,351,27,11,7,396,0,0,0,396
08/06/2023,STL,MO,ACE,CE,Towers with Radar,392,34,14,3,443,3,0,0,1,4,395,34,14,4,447,0,0,0,447
08/07/2023,STL,MO,ACE,CE,Towers with Radar,391,37,19,2,449,1,2,5,0,8,392,39,24,2,457,0,0,0,457
08/08/2023,STL,MO,ACE,CE,Towers with Radar,420,33,22,4,479,4,0,1,2,7,424,33,23,6,486,0,12,12,498
08/09/2023,STL,MO,ACE,CE,Towers with Radar,413,30,29,0,472,2,0,0,0,2,415,30,29,0,474,0,0,0,474
08/10/2023,STL,MO,ACE,CE,Towers with Radar,423,63,18,4,508,0,1,3,4,8,423,64,21,8,516,0,0,0,516
08/11/2023,STL,MO,ACE,CE,Towers with Radar,415,56,13,4,488,3,1,6,3,13,418,57,19,7,501,2,9,11,512
08/12/2023,STL,MO,ACE,CE,Towers with Radar,345,28,10,0,383,4,0,2,0,6,349,28,12,0,389,0,0,0,389
08/13/2023,STL,MO,ACE,CE,Towers with Radar,412,35,7,0,454,1,0,0,0,1,413,35,7,0,455,0,0,0,455
08/14/2023,STL,MO,ACE,CE,Towers with Radar,428,27,16,3,474,2,0,2,0,4,430,27,18,3,478,0,0,0,478
08/15/2023,STL,MO,ACE,CE,Towers with Radar,392,29,24,0,445,2,0,4,0,6,394,29,28,0,451,0,0,0,451
08/16/2023,STL,MO,ACE,CE,Towers with Radar,386,32,18,3,439,2,2,6,3,13,388,34,24,6,452,0,13,13,465
08/17/2023,STL,MO,ACE,CE,Towers with Radar,413,41,22,1,477,0,0,2,1,3,413,41,24,2,480,0,0,0,480
08/18/2023,STL,MO,ACE,CE,Towers with Radar,392,30,12,10,444,2,0,3,1,6,394,30,15,11,450,4,7,11,461
08/19/2023,STL,MO,ACE,CE,Towers with Radar,339,28,5,0,372,3,0,1,0,4,342,28,6,0,376,0,0,0,376
08/20/2023,STL,MO,ACE,CE,Towers with Radar,356,39,8,0,403,7,1,0,0,8,363,40,8,0,411,0,0,0,411
08/21/2023,STL,MO,ACE,CE,Towers with Radar,396,25,30,2,453,0,0,0,0,0,396,25,30,2,453,0,0,0,453
08/22/2023,STL,MO,ACE,CE,Towers with Radar,393,40,19,6,458,1,0,1,1,3,394,40,20,7,461,0,0,0,461
08/23/2023,STL,MO,ACE,CE,Towers with Radar,388,24,21,1,434,2,0,3,1,6,390,24,24,2,440,0,0,0,440
08/24/2023,STL,MO,ACE,CE,Towers with Radar,379,40,20,4,443,3,0,1,3,7,382,40,21,7,450,0,0,0,450
08/25/2023,STL,MO,ACE,CE,Towers with Radar,397,35,16,0,448,1,1,4,0,6,398,36,20,0,454,0,0,0,454
08/26/2023,STL,MO,ACE,CE,Towers with Radar,337,18,9,0,364,1,0,0,0,1,338,18,9,0,365,0,0,0,365
08/27/2023,STL,MO,ACE,CE,Towers with Radar,364,34,15,0,413,0,0,7,0,7,364,34,22,0,420,0,0,0,420
08/28/2023,STL,MO,ACE,CE,Towers with Radar,394,31,18,11,454,3,0,1,5,9,397,31,19,16,463,0,0,0,463
08/29/2023,STL,MO,ACE,CE,Towers with Radar,387,35,15,6,443,1,0,0,2,3,388,35,15,8,446,0,0,0,446
08/30/2023,STL,MO,ACE,CE,Towers with Radar,378,34,20,3,435,4,0,1,3,8,382,34,21,6,443,0,8,8,451
08/31/2023,STL,MO,ACE,CE,Towers with Radar,391,44,23,3,461,1,2,3,3,9,392,46,26,6,470,0,0,0,470
