01/01/2000,STP,MN,AGL,CE,Towers with Display (VFR),0,3,14,0,17,0,10,48,1,59,0,13,62,1,76,36,0,36,112
01/02/2000,STP,MN,AGL,CE,Towers with Display (VFR),0,5,61,0,66,0,0,46,0,46,0,5,107,0,112,0,0,0,112
01/03/2000,STP,MN,AGL,CE,Towers with Display (VFR),0,9,49,1,59,0,17,13,1,31,0,26,62,2,90,40,0,40,130
01/04/2000,STP,MN,AGL,CE,Towers with Display (VFR),0,21,107,2,130,0,9,90,1,100,0,30,197,3,230,72,0,72,302
01/05/2000,STP,MN,AGL,CE,Towers with Display (VFR),0,19,110,2,131,0,0,11,0,11,0,19,121,2,142,8,0,8,150
01/06/2000,STP,MN,AGL,CE,Towers with Display (VFR),0,28,148,3,179,0,8,160,1,169,0,36,308,4,348,114,0,114,462
01/07/2000,STP,MN,AGL,CE,Towers with Display (VFR),0,13,70,2,85,0,13,290,6,309,0,26,360,8,394,132,6,138,532
01/08/2000,STP,MN,AGL,CE,Towers with Display (VFR),0,6,32,0,38,0,11,201,0,212,0,17,233,0,250,226,0,226,476
01/09/2000,STP,MN,AGL,CE,Towers with Display (VFR),0,2,34,1,37,0,0,3,1,4,0,2,37,2,41,0,0,0,41
01/10/2000,STP,MN,AGL,CE,Towers with Display (VFR),0,18,99,0,117,0,0,23,0,23,0,18,122,0,140,12,0,12,152
01/11/2000,STP,MN,AGL,CE,Towers with Display (VFR),0,26,139,3,168,0,9,161,0,170,0,35,300,3,338,119,0,119,457
01/12/2000,STP,MN,AGL,CE,Towers with Display (VFR),0,18,94,0,112,0,6,0,0,6,0,24,94,0,118,118,0,118,236
01/13/2000,STP,MN,AGL,CE,Towers with Display (VFR),0,31,164,3,198,0,0,166,1,167,0,31,330,4,365,138,0,138,503
01/14/2000,STP,MN,AGL,CE,Towers with Display (VFR),0,25,137,0,162,0,3,177,0,180,0,28,314,0,342,132,0,132,474
01/15/2000,STP,MN,AGL,CE,Towers with Display (VFR),0,12,66,0,78,0,4,134,0,138,0,16,200,0,216,136,0,136,352
01/16/2000,STP,MN,AGL,CE,Towers with Display (VFR),0,3,44,0,47,0,0,85,0,85,0,3,129,0,132,130,0,130,262
01/17/2000,STP,MN,AGL,CE,Towers with Display (VFR),0,12,63,1,76,0,15,295,1,311,0,27,358,2,387,138,0,138,525
01/18/2000,STP,MN,AGL,CE,Towers with Display (VFR),0,27,143,2,172,0,0,215,0,215,0,27,358,2,387,138,0,138,525
01/19/2000,STP,MN,AGL,CE,Towers with Display (VFR),0,16,83,1,100,0,8,0,6,14,0,24,83,7,114,10,0,10,124
01/20/2000,STP,MN,AGL,CE,Towers with Display (VFR),0,24,138,2,164,0,0,99,5,104,0,24,237,7,268,169,2,171,439
01/21/2000,STP,MN,AGL,CE,Towers with Display (VFR),0,19,115,0,134,0,0,113,0,113,0,19,228,0,247,76,0,76,323
01/22/2000,STP,MN,AGL,CE,Towers with Display (VFR),0,8,42,0,50,0,5,48,0,53,0,13,90,0,103,46,0,46,149
01/23/2000,STP,MN,AGL,CE,Towers with Display (VFR),0,9,50,0,59,0,0,64,1,65,0,9,114,1,124,111,0,111,235
01/24/2000,STP,MN,AGL,CE,Towers with Display (VFR),0,26,139,2,167,0,0,110,0,110,0,26,249,2,277,62,0,62,339
01/25/2000,STP,MN,AGL,CE,Towers with Display (VFR),0,3,118,0,121,0,0,11,0,11,0,3,129,0,132,122,0,122,254
01/26/2000,STP,MN,AGL,CE,Towers with Display (VFR),0,20,121,1,142,0,0,171,2,173,0,20,292,3,315,124,0,124,439
01/27/2000,STP,MN,AGL,CE,Towers with Display (VFR),0,31,167,2,200,0,10,173,8,191,0,41,340,10,391,102,8,110,501
01/28/2000,STP,MN,AGL,CE,Towers with Display (VFR),0,23,121,0,144,0,1,160,0,161,0,24,281,0,305,98,0,98,403
01/29/2000,STP,MN,AGL,CE,Towers with Display (VFR),0,9,52,0,61,0,0,136,0,136,0,9,188,0,197,112,0,112,309
01/30/2000,STP,MN,AGL,CE,Towers with Display (VFR),0,4,78,1,83,0,0,127,0,127,0,4,205,1,210,122,0,122,332
01/31/2000,STP,MN,AGL,CE,Towers with Display (VFR),0,20,133,0,153,0,0,207,0,207,0,20,340,0,360,240,2,242,602
02/01/2000,STP,MN,AGL,CE,Towers with Display (VFR),0,30,149,3,182,0,2,150,2,154,0,32,299,5,336,126,0,126,462
02/02/2000,STP,MN,AGL,CE,Towers with Display (VFR),0,18,96,2,116,0,0,70,2,72,0,18,166,4,188,66,0,66,254
02/03/2000,STP,MN,AGL,CE,Towers with Display (VFR),0,27,138,2,167,0,1,9,0,10,0,28,147,2,177,0,0,0,177
02/04/2000,STP,MN,AGL,CE,Towers with Display (VFR),0,19,102,3,124,0,11,173,0,184,0,30,275,3,308,143,0,143,451
02/05/2000,STP,MN,AGL,CE,Towers with Display (VFR),0,10,66,2,78,0,0,148,2,150,0,10,214,4,228,154,0,154,382
02/06/2000,STP,MN,AGL,CE,Towers with Display (VFR),0,9,59,2,70,0,0,122,0,122,0,9,181,2,192,48,0,48,240
02/07/2000,STP,MN,AGL,CE,Towers with Display (VFR),0,14,72,1,87,0,7,182,0,189,0,21,254,1,276,128,0,128,404
02/08/2000,STP,MN,AGL,CE,Towers with Display (VFR),0,19,176,5,200,0,0,95,1,96,0,19,271,6,296,104,0,104,400
02/09/2000,STP,MN,AGL,CE,Towers with Display (VFR),0,25,174,1,200,0,0,129,0,129,0,25,303,1,329,154,0,154,483
02/10/2000,STP,MN,AGL,CE,Towers with Display (VFR),0,22,115,3,140,0,12,4,7,23,0,34,119,10,163,0,0,0,163
02/11/2000,STP,MN,AGL,CE,Towers with Display (VFR),0,25,130,0,155,0,22,253,0,275,0,47,383,0,430,147,0,147,577
02/12/2000,STP,MN,AGL,CE,Towers with Display (VFR),0,7,37,0,44,0,0,6,0,6,0,7,43,0,50,0,0,0,50
02/13/2000,STP,MN,AGL,CE,Towers with Display (VFR),0,6,51,1,58,0,0,122,0,122,0,6,173,1,180,50,0,50,230
02/14/2000,STP,MN,AGL,CE,Towers with Display (VFR),0,25,129,1,155,0,0,182,0,182,0,25,311,1,337,179,0,179,516
02/15/2000,STP,MN,AGL,CE,Towers with Display (VFR),0,23,119,3,145,0,5,3,1,9,0,28,122,4,154,0,0,0,154
02/16/2000,STP,MN,AGL,CE,Towers with Display (VFR),0,36,190,5,231,0,2,192,2,196,0,38,382,7,427,0,148,148,575
02/17/2000,STP,MN,AGL,CE,Towers with Display (VFR),0,20,105,3,128,0,7,8,1,16,0,27,113,4,144,0,0,0,144
02/18/2000,STP,MN,AGL,CE,Towers with Display (VFR),0,19,125,3,147,0,0,61,0,61,0,19,186,3,208,98,0,98,306
02/19/2000,STP,MN,AGL,CE,Towers with Display (VFR),0,9,60,2,71,0,0,103,1,104,0,9,163,3,175,124,0,124,299
02/20/2000,STP,MN,AGL,CE,Towers with Display (VFR),0,4,52,1,57,0,0,150,1,151,0,4,202,2,208,124,0,124,332
02/21/2000,STP,MN,AGL,CE,Towers with Display (VFR),0,10,119,1,130,0,0,205,0,205,0,10,324,1,335,186,0,186,521
02/22/2000,STP,MN,AGL,CE,Towers with Display (VFR),0,18,122,0,140,0,0,111,0,111,0,18,233,0,251,122,0,122,373
02/23/2000,STP,MN,AGL,CE,Towers with Display (VFR),0,19,99,2,120,0,3,0,2,5,0,22,99,4,125,1,0,1,126
02/24/2000,STP,MN,AGL,CE,Towers with Display (VFR),0,20,118,2,140,0,0,3,0,3,0,20,121,2,143,0,0,0,143
02/25/2000,STP,MN,AGL,CE,Towers with Display (VFR),0,18,92,1,111,0,8,0,0,8,0,26,92,1,119,0,12,12,131
02/26/2000,STP,MN,AGL,CE,Towers with Display (VFR),0,7,38,0,45,0,3,36,12,51,0,10,74,12,96,34,0,34,130
02/27/2000,STP,MN,AGL,CE,Towers with Display (VFR),0,0,64,1,65,0,0,147,1,148,0,0,211,2,213,100,0,100,313
02/28/2000,STP,MN,AGL,CE,Towers with Display (VFR),0,27,223,4,254,0,0,17,0,17,0,27,240,4,271,48,0,48,319
02/29/2000,STP,MN,AGL,CE,Towers with Display (VFR),0,23,152,3,178,0,0,174,7,181,0,23,326,10,359,174,0,174,533
03/01/2000,STP,MN,AGL,CE,Towers with Display (VFR),0,21,170,2,193,0,13,144,6,163,0,34,314,8,356,180,8,188,544
03/02/2000,STP,MN,AGL,CE,Towers with Display (VFR),0,17,143,2,162,0,5,200,3,208,0,22,343,5,370,148,8,156,526
03/03/2000,STP,MN,AGL,CE,Towers with Display (VFR),0,22,177,2,201,0,6,164,3,173,0,28,341,5,374,206,10,216,590
03/04/2000,STP,MN,AGL,CE,Towers with Display (VFR),0,7,54,1,62,0,3,167,1,171,0,10,221,2,233,218,0,218,451
03/05/2000,STP,MN,AGL,CE,Towers with Display (VFR),0,10,85,2,97,0,3,173,0,176,0,13,258,2,273,122,0,122,395
03/06/2000,STP,MN,AGL,CE,Towers with Display (VFR),0,16,133,0,149,0,2,182,0,184,0,18,315,0,333,72,0,72,405
03/07/2000,STP,MN,AGL,CE,Towers with Display (VFR),0,18,154,3,175,0,7,196,1,204,0,25,350,4,379,240,0,240,619
03/08/2000,STP,MN,AGL,CE,Towers with Display (VFR),0,13,109,2,124,0,3,46,8,57,0,16,155,10,181,88,6,94,275
03/09/2000,STP,MN,AGL,CE,Towers with Display (VFR),0,13,111,2,126,0,23,57,4,84,0,36,168,6,210,42,16,58,268
03/10/2000,STP,MN,AGL,CE,Towers with Display (VFR),0,16,135,2,153,0,11,190,2,203,0,27,325,4,356,208,0,208,564
03/11/2000,STP,MN,AGL,CE,Towers with Display (VFR),0,7,52,0,59,0,0,133,0,133,0,7,185,0,192,138,0,138,330
03/12/2000,STP,MN,AGL,CE,Towers with Display (VFR),0,4,57,1,62,0,0,50,3,53,0,4,107,4,115,64,0,64,179
03/13/2000,STP,MN,AGL,CE,Towers with Display (VFR),0,11,108,0,119,0,0,124,0,124,0,11,232,0,243,138,0,138,381
03/14/2000,STP,MN,AGL,CE,Towers with Display (VFR),0,17,150,3,170,0,4,131,2,137,0,21,281,5,307,200,0,200,507
03/15/2000,STP,MN,AGL,CE,Towers with Display (VFR),0,14,115,1,130,0,8,57,0,65,0,22,172,1,195,50,0,50,245
03/16/2000,STP,MN,AGL,CE,Towers with Display (VFR),0,20,169,3,192,0,5,188,10,203,0,25,357,13,395,180,4,184,579
03/17/2000,STP,MN,AGL,CE,Towers with Display (VFR),0,17,137,0,154,0,9,180,0,189,0,26,317,0,343,188,0,188,531
03/18/2000,STP,MN,AGL,CE,Towers with Display (VFR),0,9,77,0,86,0,0,1,0,1,0,9,78,0,87,6,0,6,93
03/19/2000,STP,MN,AGL,CE,Towers with Display (VFR),0,2,46,0,48,0,0,12,0,12,0,2,58,0,60,6,0,6,66
03/20/2000,STP,MN,AGL,CE,Towers with Display (VFR),0,11,99,1,111,0,13,103,4,120,0,24,202,5,231,184,0,184,415
03/21/2000,STP,MN,AGL,CE,Towers with Display (VFR),0,17,144,0,161,0,8,131,0,139,0,25,275,0,300,332,0,332,632
03/22/2000,STP,MN,AGL,CE,Towers with Display (VFR),0,19,165,2,186,0,4,153,0,157,0,23,318,2,343,247,0,247,590
03/23/2000,STP,MN,AGL,CE,Towers with Display (VFR),0,21,181,2,204,0,16,109,23,148,0,37,290,25,352,288,42,330,682
03/24/2000,STP,MN,AGL,CE,Towers with Display (VFR),0,17,150,2,169,0,5,26,2,33,0,22,176,4,202,2,0,2,204
03/25/2000,STP,MN,AGL,CE,Towers with Display (VFR),0,5,41,0,46,0,0,81,0,81,0,5,122,0,127,20,0,20,147
03/26/2000,STP,MN,AGL,CE,Towers with Display (VFR),0,3,77,0,80,0,0,74,0,74,0,3,151,0,154,72,0,72,226
03/27/2000,STP,MN,AGL,CE,Towers with Display (VFR),0,10,91,0,101,0,10,43,0,53,0,20,134,0,154,68,0,68,222
03/28/2000,STP,MN,AGL,CE,Towers with Display (VFR),0,17,150,2,169,0,11,226,26,263,0,28,376,28,432,228,10,238,670
03/29/2000,STP,MN,AGL,CE,Towers with Display (VFR),0,21,180,2,203,0,3,233,8,244,0,24,413,10,447,308,28,336,783
03/30/2000,STP,MN,AGL,CE,Towers with Display (VFR),0,19,202,2,223,0,0,302,5,307,0,19,504,7,530,312,18,330,860
03/31/2000,STP,MN,AGL,CE,Towers with Display (VFR),0,15,127,0,142,0,5,210,0,215,0,20,337,0,357,240,0,240,597
04/01/2000,STP,MN,AGL,CE,Towers with Display (VFR),0,7,64,0,71,0,0,181,0,181,0,7,245,0,252,146,0,146,398
04/02/2000,STP,MN,AGL,CE,Towers with Display (VFR),0,5,67,0,72,0,0,88,0,88,0,5,155,0,160,86,0,86,246
04/03/2000,STP,MN,AGL,CE,Towers with Display (VFR),0,5,42,2,49,0,13,101,1,115,0,18,143,3,164,8,0,8,172
04/04/2000,STP,MN,AGL,CE,Towers with Display (VFR),0,21,154,5,180,0,4,181,22,207,0,25,335,27,387,144,50,194,581
04/05/2000,STP,MN,AGL,CE,Towers with Display (VFR),0,18,127,4,149,0,13,110,3,126,0,31,237,7,275,142,44,186,461
04/06/2000,STP,MN,AGL,CE,Towers with Display (VFR),0,27,195,6,228,0,9,152,14,175,0,36,347,20,403,156,4,160,563
04/07/2000,STP,MN,AGL,CE,Towers with Display (VFR),0,13,95,3,111,0,5,87,4,96,0,18,182,7,207,38,4,42,249
04/08/2000,STP,MN,AGL,CE,Towers with Display (VFR),0,8,56,2,66,0,4,178,7,189,0,12,234,9,255,197,2,199,454
04/09/2000,STP,MN,AGL,CE,Towers with Display (VFR),0,6,69,1,76,0,0,125,0,125,0,6,194,1,201,188,0,188,389
04/10/2000,STP,MN,AGL,CE,Towers with Display (VFR),0,17,125,2,144,0,2,146,0,148,0,19,271,2,292,240,0,240,532
04/11/2000,STP,MN,AGL,CE,Towers with Display (VFR),0,26,188,6,220,0,4,188,41,233,0,30,376,47,453,214,88,302,755
04/12/2000,STP,MN,AGL,CE,Towers with Display (VFR),0,23,171,6,200,0,16,140,14,170,0,39,311,20,370,134,46,180,550
04/13/2000,STP,MN,AGL,CE,Towers with Display (VFR),0,22,159,5,186,0,4,234,17,255,0,26,393,22,441,382,42,424,865
04/14/2000,STP,MN,AGL,CE,Towers with Display (VFR),0,19,148,5,172,0,0,201,2,203,0,19,349,7,375,264,34,298,673
04/15/2000,STP,MN,AGL,CE,Towers with Display (VFR),0,4,25,1,30,0,5,5,9,19,0,9,30,10,49,44,0,44,93
04/16/2000,STP,MN,AGL,CE,Towers with Display (VFR),0,0,34,0,34,0,0,7,0,7,0,0,41,0,41,0,0,0,41
04/17/2000,STP,MN,AGL,CE,Towers with Display (VFR),0,16,115,0,131,0,2,17,0,19,0,18,132,0,150,66,0,66,216
04/18/2000,STP,MN,AGL,CE,Towers with Display (VFR),0,23,170,4,197,0,0,56,2,58,0,23,226,6,255,106,6,112,367
04/19/2000,STP,MN,AGL,CE,Towers with Display (VFR),0,17,125,3,145,0,10,14,0,24,0,27,139,3,169,32,10,42,211
04/20/2000,STP,MN,AGL,CE,Towers with Display (VFR),0,20,151,3,174,0,1,13,0,14,0,21,164,3,188,0,0,0,188
04/21/2000,STP,MN,AGL,CE,Towers with Display (VFR),0,18,130,3,151,0,7,217,0,224,0,25,347,3,375,272,10,282,657
04/22/2000,STP,MN,AGL,CE,Towers with Display (VFR),0,9,62,0,71,0,3,126,0,129,0,12,188,0,200,140,0,140,340
04/23/2000,STP,MN,AGL,CE,Towers with Display (VFR),0,4,37,0,41,0,0,52,0,52,0,4,89,0,93,32,0,32,125
04/24/2000,STP,MN,AGL,CE,Towers with Display (VFR),0,18,128,3,149,0,1,158,2,161,0,19,286,5,310,124,0,124,434
04/25/2000,STP,MN,AGL,CE,Towers with Display (VFR),0,23,175,5,203,0,11,230,22,263,0,34,405,27,466,279,30,309,775
04/26/2000,STP,MN,AGL,CE,Towers with Display (VFR),0,22,159,4,185,0,12,236,17,265,0,34,395,21,450,254,68,322,772
04/27/2000,STP,MN,AGL,CE,Towers with Display (VFR),0,19,142,4,165,0,14,228,6,248,0,33,370,10,413,348,28,376,789
04/28/2000,STP,MN,AGL,CE,Towers with Display (VFR),0,19,143,4,166,0,1,173,10,184,0,20,316,14,350,168,64,232,582
04/29/2000,STP,MN,AGL,CE,Towers with Display (VFR),0,7,68,1,76,0,0,164,8,172,0,7,232,9,248,208,0,208,456
04/30/2000,STP,MN,AGL,CE,Towers with Display (VFR),0,8,57,1,66,0,3,114,1,118,0,11,171,2,184,68,2,70,254
05/01/2000,STP,MN,AGL,CE,Towers with Display (VFR),0,17,134,4,155,0,0,134,3,137,0,17,268,7,292,126,0,126,418
05/02/2000,STP,MN,AGL,CE,Towers with Display (VFR),0,22,162,4,188,0,2,222,29,253,0,24,384,33,441,317,12,329,770
05/03/2000,STP,MN,AGL,CE,Towers with Display (VFR),0,17,135,5,157,0,11,152,21,184,0,28,287,26,341,110,14,124,465
05/04/2000,STP,MN,AGL,CE,Towers with Display (VFR),0,20,160,5,185,0,13,209,46,268,0,33,369,51,453,122,100,222,675
05/05/2000,STP,MN,AGL,CE,Towers with Display (VFR),0,14,124,4,142,0,0,200,11,211,0,14,324,15,353,150,52,202,555
05/06/2000,STP,MN,AGL,CE,Towers with Display (VFR),0,10,77,3,90,0,7,132,6,145,0,17,209,9,235,178,2,180,415
05/07/2000,STP,MN,AGL,CE,Towers with Display (VFR),0,3,75,2,80,0,0,132,0,132,0,3,207,2,212,142,4,146,358
05/08/2000,STP,MN,AGL,CE,Towers with Display (VFR),0,10,140,4,154,0,0,79,0,79,0,10,219,4,233,122,0,122,355
05/09/2000,STP,MN,AGL,CE,Towers with Display (VFR),0,19,151,5,175,0,12,154,22,188,0,31,305,27,363,246,6,252,615
05/10/2000,STP,MN,AGL,CE,Towers with Display (VFR),0,20,157,5,182,0,10,114,16,140,0,30,271,21,322,150,16,166,488
05/11/2000,STP,MN,AGL,CE,Towers with Display (VFR),0,19,147,4,170,0,1,39,0,40,0,20,186,4,210,64,2,66,276
05/12/2000,STP,MN,AGL,CE,Towers with Display (VFR),0,17,135,5,157,0,4,127,10,141,0,21,262,15,298,154,32,186,484
05/13/2000,STP,MN,AGL,CE,Towers with Display (VFR),0,3,19,1,23,0,7,13,3,23,0,10,32,4,46,4,0,4,50
05/14/2000,STP,MN,AGL,CE,Towers with Display (VFR),0,5,40,1,46,0,0,136,0,136,0,5,176,1,182,105,2,107,289
05/15/2000,STP,MN,AGL,CE,Towers with Display (VFR),0,17,139,5,161,0,4,158,2,164,0,21,297,7,325,276,2,278,603
05/16/2000,STP,MN,AGL,CE,Towers with Display (VFR),0,20,167,5,192,0,4,142,15,161,0,24,309,20,353,270,44,314,667
05/17/2000,STP,MN,AGL,CE,Towers with Display (VFR),0,17,140,4,161,0,11,100,9,120,0,28,240,13,281,94,0,94,375
05/18/2000,STP,MN,AGL,CE,Towers with Display (VFR),0,19,150,4,173,0,8,97,21,126,0,27,247,25,299,32,64,96,395
05/19/2000,STP,MN,AGL,CE,Towers with Display (VFR),0,22,180,5,207,0,12,255,14,281,0,34,435,19,488,286,46,332,820
05/20/2000,STP,MN,AGL,CE,Towers with Display (VFR),0,8,61,1,70,0,4,185,5,194,0,12,246,6,264,244,0,244,508
05/21/2000,STP,MN,AGL,CE,Towers with Display (VFR),0,5,79,2,86,0,0,155,14,169,0,5,234,16,255,182,36,218,473
05/22/2000,STP,MN,AGL,CE,Towers with Display (VFR),0,17,139,1,157,0,9,158,0,167,0,26,297,1,324,266,0,266,590
05/23/2000,STP,MN,AGL,CE,Towers with Display (VFR),0,16,134,4,154,0,4,160,12,176,0,20,294,16,330,176,6,182,512
05/24/2000,STP,MN,AGL,CE,Towers with Display (VFR),0,18,146,4,168,0,9,163,8,180,0,27,309,12,348,134,2,136,484
05/25/2000,STP,MN,AGL,CE,Towers with Display (VFR),0,16,134,4,154,0,11,162,29,202,0,27,296,33,356,182,14,196,552
05/26/2000,STP,MN,AGL,CE,Towers with Display (VFR),0,17,137,4,158,0,10,219,1,230,0,27,356,5,388,278,2,280,668
05/27/2000,STP,MN,AGL,CE,Towers with Display (VFR),0,3,39,0,42,0,0,31,0,31,0,3,70,0,73,44,0,44,117
05/28/2000,STP,MN,AGL,CE,Towers with Display (VFR),0,3,48,0,51,0,0,62,0,62,0,3,110,0,113,168,0,168,281
05/29/2000,STP,MN,AGL,CE,Towers with Display (VFR),0,8,73,2,83,0,0,80,6,86,0,8,153,8,169,154,0,154,323
05/30/2000,STP,MN,AGL,CE,Towers with Display (VFR),0,18,145,4,167,0,8,34,4,46,0,26,179,8,213,12,20,32,245
05/31/2000,STP,MN,AGL,CE,Towers with Display (VFR),0,25,194,5,224,0,16,207,18,241,0,41,401,23,465,258,84,342,807
06/01/2000,STP,MN,AGL,CE,Towers with Display (VFR),0,19,140,2,161,0,15,34,22,71,0,34,174,24,232,68,42,110,342
06/02/2000,STP,MN,AGL,CE,Towers with Display (VFR),0,20,148,2,170,0,9,155,4,168,0,29,303,6,338,158,8,166,504
06/03/2000,STP,MN,AGL,CE,Towers with Display (VFR),0,9,102,2,113,0,0,192,3,195,0,9,294,5,308,146,8,154,462
06/04/2000,STP,MN,AGL,CE,Towers with Display (VFR),0,1,65,1,67,0,0,13,0,13,0,1,78,1,80,4,0,4,84
06/05/2000,STP,MN,AGL,CE,Towers with Display (VFR),0,19,152,3,174,0,13,223,2,238,0,32,375,5,412,192,0,192,604
06/06/2000,STP,MN,AGL,CE,Towers with Display (VFR),0,21,165,3,189,0,3,244,34,281,0,24,409,37,470,226,34,260,730
06/07/2000,STP,MN,AGL,CE,Towers with Display (VFR),0,21,163,3,187,0,14,213,21,248,0,35,376,24,435,222,60,282,717
06/08/2000,STP,MN,AGL,CE,Towers with Display (VFR),0,21,172,3,196,0,0,245,16,261,0,21,417,19,457,342,14,356,813
06/09/2000,STP,MN,AGL,CE,Towers with Display (VFR),0,19,150,3,172,0,6,138,0,144,0,25,288,3,316,92,0,92,408
06/10/2000,STP,MN,AGL,CE,Towers with Display (VFR),0,6,48,1,55,0,8,49,4,61,0,14,97,5,116,80,0,80,196
06/11/2000,STP,MN,AGL,CE,Towers with Display (VFR),0,10,78,2,90,0,0,130,12,142,0,10,208,14,232,122,0,122,354
06/12/2000,STP,MN,AGL,CE,Towers with Display (VFR),0,17,139,2,158,0,5,91,0,96,0,22,230,2,254,180,0,180,434
06/13/2000,STP,MN,AGL,CE,Towers with Display (VFR),0,18,145,3,166,0,6,30,0,36,0,24,175,3,202,56,0,56,258
06/14/2000,STP,MN,AGL,CE,Towers with Display (VFR),0,22,171,3,196,0,14,136,10,160,0,36,307,13,356,106,30,136,492
06/15/2000,STP,MN,AGL,CE,Towers with Display (VFR),0,19,152,3,174,0,4,100,21,125,0,23,252,24,299,166,72,238,537
06/16/2000,STP,MN,AGL,CE,Towers with Display (VFR),0,24,181,3,208,0,11,137,8,156,0,35,318,11,364,190,4,194,558
06/17/2000,STP,MN,AGL,CE,Towers with Display (VFR),0,7,52,0,59,0,1,154,0,155,0,8,206,0,214,90,0,90,304
06/18/2000,STP,MN,AGL,CE,Towers with Display (VFR),0,4,35,0,39,0,2,140,2,144,0,6,175,2,183,136,6,142,325
06/19/2000,STP,MN,AGL,CE,Towers with Display (VFR),0,13,137,0,150,0,0,201,0,201,0,13,338,0,351,110,0,110,461
06/20/2000,STP,MN,AGL,CE,Towers with Display (VFR),0,13,101,1,115,0,6,19,8,33,0,19,120,9,148,98,18,116,264
06/21/2000,STP,MN,AGL,CE,Towers with Display (VFR),0,12,97,1,110,0,1,123,12,136,0,13,220,13,246,30,20,50,296
06/22/2000,STP,MN,AGL,CE,Towers with Display (VFR),0,25,196,2,223,0,15,243,7,265,0,40,439,9,488,280,34,314,802
06/23/2000,STP,MN,AGL,CE,Towers with Display (VFR),0,15,112,1,128,0,8,108,8,124,0,23,220,9,252,164,46,210,462
06/24/2000,STP,MN,AGL,CE,Towers with Display (VFR),0,8,82,1,91,0,0,158,4,162,0,8,240,5,253,196,26,222,475
06/25/2000,STP,MN,AGL,CE,Towers with Display (VFR),0,2,55,0,57,0,0,67,8,75,0,2,122,8,132,0,84,84,216
06/26/2000,STP,MN,AGL,CE,Towers with Display (VFR),0,17,127,1,145,0,8,162,7,177,0,25,289,8,322,138,0,138,460
06/27/2000,STP,MN,AGL,CE,Towers with Display (VFR),0,21,168,2,191,0,8,289,13,310,0,29,457,15,501,312,80,392,893
06/28/2000,STP,MN,AGL,CE,Towers with Display (VFR),0,27,225,3,255,0,0,283,23,306,0,27,508,26,561,176,6,182,743
06/29/2000,STP,MN,AGL,CE,Towers with Display (VFR),0,29,229,3,261,0,19,318,12,349,0,48,547,15,610,290,126,416,1026
06/30/2000,STP,MN,AGL,CE,Towers with Display (VFR),0,17,135,0,152,0,10,260,0,270,0,27,395,0,422,216,0,216,638
07/01/2000,STP,MN,AGL,CE,Towers with Display (VFR),0,9,52,0,61,0,1,135,0,136,0,10,187,0,197,80,0,80,277
07/02/2000,STP,MN,AGL,CE,Towers with Display (VFR),0,8,39,0,47,0,0,51,0,51,0,8,90,0,98,130,0,130,228
07/03/2000,STP,MN,AGL,CE,Towers with Display (VFR),0,14,75,0,89,0,2,56,0,58,0,16,131,0,147,112,0,112,259
07/04/2000,STP,MN,AGL,CE,Towers with Display (VFR),0,12,70,0,82,0,10,68,0,78,0,22,138,0,160,36,0,36,196
07/05/2000,STP,MN,AGL,CE,Towers with Display (VFR),0,15,119,2,136,0,0,108,10,118,0,15,227,12,254,140,16,156,410
07/06/2000,STP,MN,AGL,CE,Towers with Display (VFR),0,25,171,4,200,0,0,270,5,275,0,25,441,9,475,304,44,348,823
07/07/2000,STP,MN,AGL,CE,Towers with Display (VFR),0,17,106,0,123,0,6,59,0,65,0,23,165,0,188,90,0,90,278
07/08/2000,STP,MN,AGL,CE,Towers with Display (VFR),0,6,75,0,81,0,0,163,0,163,0,6,238,0,244,64,0,64,308
07/09/2000,STP,MN,AGL,CE,Towers with Display (VFR),0,4,53,2,59,0,0,61,0,61,0,4,114,2,120,94,0,94,214
07/10/2000,STP,MN,AGL,CE,Towers with Display (VFR),0,17,107,3,127,0,1,173,4,178,0,18,280,7,305,220,6,226,531
07/11/2000,STP,MN,AGL,CE,Towers with Display (VFR),0,27,177,4,208,0,0,201,14,215,0,27,378,18,423,286,84,370,793
07/12/2000,STP,MN,AGL,CE,Towers with Display (VFR),0,26,185,4,215,0,0,161,12,173,0,26,346,16,388,302,26,328,716
07/13/2000,STP,MN,AGL,CE,Towers with Display (VFR),0,25,145,3,173,0,4,250,19,273,0,29,395,22,446,208,32,240,686
07/14/2000,STP,MN,AGL,CE,Towers with Display (VFR),0,21,149,3,173,0,0,224,6,230,0,21,373,9,403,196,8,204,607
07/15/2000,STP,MN,AGL,CE,Towers with Display (VFR),0,8,65,0,73,0,0,192,0,192,0,8,257,0,265,210,0,210,475
07/16/2000,STP,MN,AGL,CE,Towers with Display (VFR),0,4,64,2,70,0,0,140,1,141,0,4,204,3,211,172,0,172,383
07/17/2000,STP,MN,AGL,CE,Towers with Display (VFR),0,25,149,3,177,0,2,206,10,218,0,27,355,13,395,156,22,178,573
07/18/2000,STP,MN,AGL,CE,Towers with Display (VFR),0,25,145,3,173,0,0,106,11,117,0,25,251,14,290,168,0,168,458
07/19/2000,STP,MN,AGL,CE,Towers with Display (VFR),0,25,156,3,184,0,6,174,15,195,0,31,330,18,379,264,36,300,679
07/20/2000,STP,MN,AGL,CE,Towers with Display (VFR),0,29,176,3,208,0,12,180,10,202,0,41,356,13,410,274,56,330,740
07/21/2000,STP,MN,AGL,CE,Towers with Display (VFR),0,19,119,0,138,0,0,236,0,236,0,19,355,0,374,234,0,234,608
07/22/2000,STP,MN,AGL,CE,Towers with Display (VFR),0,9,57,1,67,0,1,149,5,155,0,10,206,6,222,194,8,202,424
07/23/2000,STP,MN,AGL,CE,Towers with Display (VFR),0,8,60,1,69,0,0,118,8,126,0,8,178,9,195,124,14,138,333
07/24/2000,STP,MN,AGL,CE,Towers with Display (VFR),0,19,117,2,138,0,7,119,5,131,0,26,236,7,269,148,2,150,419
07/25/2000,STP,MN,AGL,CE,Towers with Display (VFR),0,20,128,2,150,0,0,173,8,181,0,20,301,10,331,212,2,214,545
07/26/2000,STP,MN,AGL,CE,Towers with Display (VFR),0,30,186,3,219,0,0,153,11,164,0,30,339,14,383,276,0,276,659
07/27/2000,STP,MN,AGL,CE,Towers with Display (VFR),0,24,168,3,195,0,0,252,15,267,0,24,420,18,462,374,44,418,880
07/28/2000,STP,MN,AGL,CE,Towers with Display (VFR),0,20,134,2,156,0,0,131,5,136,0,20,265,7,292,206,18,224,516
07/29/2000,STP,MN,AGL,CE,Towers with Display (VFR),0,5,74,1,80,0,0,130,5,135,0,5,204,6,215,186,12,198,413
07/30/2000,STP,MN,AGL,CE,Towers with Display (VFR),0,4,48,0,52,0,0,93,4,97,0,4,141,4,149,124,6,130,279
07/31/2000,STP,MN,AGL,CE,Towers with Display (VFR),0,21,130,2,153,0,1,183,1,185,0,22,313,3,338,260,0,260,598
08/01/2000,STP,MN,AGL,CE,Towers with Display (VFR),0,21,161,2,184,0,11,213,0,224,0,32,374,2,408,366,10,376,784
08/02/2000,STP,MN,AGL,CE,Towers with Display (VFR),0,17,137,3,157,0,2,176,1,179,0,19,313,4,336,168,0,168,504
08/03/2000,STP,MN,AGL,CE,Towers with Display (VFR),0,21,158,3,182,0,6,204,4,214,0,27,362,7,396,330,28,358,754
08/04/2000,STP,MN,AGL,CE,Towers with Display (VFR),0,22,161,3,186,0,20,135,17,172,0,42,296,20,358,248,28,276,634
08/05/2000,STP,MN,AGL,CE,Towers with Display (VFR),0,7,57,1,65,0,3,82,0,85,0,10,139,1,150,128,2,130,280
08/06/2000,STP,MN,AGL,CE,Towers with Display (VFR),0,8,62,1,71,0,9,103,0,112,0,17,165,1,183,124,0,124,307
08/07/2000,STP,MN,AGL,CE,Towers with Display (VFR),0,17,124,3,144,0,4,199,0,203,0,21,323,3,347,144,0,144,491
08/08/2000,STP,MN,AGL,CE,Towers with Display (VFR),0,24,178,2,204,0,14,170,0,184,0,38,348,2,388,344,18,362,750
08/09/2000,STP,MN,AGL,CE,Towers with Display (VFR),0,20,148,3,171,0,18,233,15,266,0,38,381,18,437,246,32,278,715
08/10/2000,STP,MN,AGL,CE,Towers with Display (VFR),0,26,197,4,227,0,13,237,4,254,0,39,434,8,481,458,18,476,957
08/11/2000,STP,MN,AGL,CE,Towers with Display (VFR),0,17,124,3,144,0,9,180,8,197,0,26,304,11,341,230,32,262,603
08/12/2000,STP,MN,AGL,CE,Towers with Display (VFR),0,7,46,1,54,0,2,80,3,85,0,9,126,4,139,60,0,60,199
08/13/2000,STP,MN,AGL,CE,Towers with Display (VFR),0,5,87,2,94,0,0,229,1,230,0,5,316,3,324,238,0,238,562
08/14/2000,STP,MN,AGL,CE,Towers with Display (VFR),0,20,147,2,169,0,2,117,0,119,0,22,264,2,288,106,0,106,394
08/15/2000,STP,MN,AGL,CE,Towers with Display (VFR),0,23,170,4,197,0,1,228,16,245,0,24,398,20,442,270,34,304,746
08/16/2000,STP,MN,AGL,CE,Towers with Display (VFR),0,18,143,3,164,0,0,142,7,149,0,18,285,10,313,136,40,176,489
08/17/2000,STP,MN,AGL,CE,Towers with Display (VFR),0,22,163,3,188,0,9,125,17,151,0,31,288,20,339,276,40,316,655
08/18/2000,STP,MN,AGL,CE,Towers with Display (VFR),0,21,153,2,176,0,0,195,17,212,0,21,348,19,388,268,30,298,686
08/19/2000,STP,MN,AGL,CE,Towers with Display (VFR),0,7,75,1,83,0,0,146,18,164,0,7,221,19,247,140,24,164,411
08/20/2000,STP,MN,AGL,CE,Towers with Display (VFR),0,4,42,0,46,0,0,47,5,52,0,4,89,5,98,16,0,16,114
08/21/2000,STP,MN,AGL,CE,Towers with Display (VFR),0,20,145,0,165,0,8,107,0,115,0,28,252,0,280,230,0,230,510
08/22/2000,STP,MN,AGL,CE,Towers with Display (VFR),0,19,143,2,164,0,4,70,9,83,0,23,213,11,247,132,4,136,383
08/23/2000,STP,MN,AGL,CE,Towers with Display (VFR),0,21,152,2,175,0,15,121,18,154,0,36,273,20,329,218,4,222,551
08/24/2000,STP,MN,AGL,CE,Towers with Display (VFR),0,22,161,2,185,0,1,170,14,185,0,23,331,16,370,126,0,126,496
08/25/2000,STP,MN,AGL,CE,Towers with Display (VFR),0,22,159,0,181,0,0,123,0,123,0,22,282,0,304,118,24,142,446
08/26/2000,STP,MN,AGL,CE,Towers with Display (VFR),0,11,85,1,97,0,3,168,4,175,0,14,253,5,272,18,0,18,290
08/27/2000,STP,MN,AGL,CE,Towers with Display (VFR),0,7,83,0,90,0,0,87,0,87,0,7,170,0,177,48,0,48,225
08/28/2000,STP,MN,AGL,CE,Towers with Display (VFR),0,23,167,0,190,0,9,39,0,48,0,32,206,0,238,88,0,88,326
08/29/2000,STP,MN,AGL,CE,Towers with Display (VFR),0,23,176,3,202,0,19,246,27,292,0,42,422,30,494,278,60,338,832
08/30/2000,STP,MN,AGL,CE,Towers with Display (VFR),0,21,158,2,181,0,6,136,8,150,0,27,294,10,331,114,20,134,465
08/31/2000,STP,MN,AGL,CE,Towers with Display (VFR),0,22,169,3,194,0,5,221,9,235,0,27,390,12,429,282,42,324,753
09/01/2000,STP,MN,AGL,CE,Towers with Display (VFR),0,20,152,0,172,0,0,41,0,41,0,20,193,0,213,4,0,4,217
09/02/2000,STP,MN,AGL,CE,Towers with Display (VFR),0,5,81,2,88,0,0,7,8,15,0,5,88,10,103,0,0,0,103
09/03/2000,STP,MN,AGL,CE,Towers with Display (VFR),0,7,54,0,61,0,0,44,0,44,0,7,98,0,105,48,0,48,153
09/04/2000,STP,MN,AGL,CE,Towers with Display (VFR),0,9,63,1,73,0,0,123,177,300,0,9,186,178,373,0,0,0,373
09/05/2000,STP,MN,AGL,CE,Towers with Display (VFR),0,18,142,3,163,0,11,182,9,202,0,29,324,12,365,204,60,264,629
09/06/2000,STP,MN,AGL,CE,Towers with Display (VFR),0,25,186,3,214,0,14,214,15,243,0,39,400,18,457,218,90,308,765
09/07/2000,STP,MN,AGL,CE,Towers with Display (VFR),0,27,204,3,234,0,8,225,26,259,0,35,429,29,493,344,114,458,951
09/08/2000,STP,MN,AGL,CE,Towers with Display (VFR),0,21,159,3,183,0,6,253,13,272,0,27,412,16,455,234,20,254,709
09/09/2000,STP,MN,AGL,CE,Towers with Display (VFR),0,7,54,1,62,0,1,48,18,67,0,8,102,19,129,0,18,18,147
09/10/2000,STP,MN,AGL,CE,Towers with Display (VFR),0,13,97,2,112,0,4,157,10,171,0,17,254,12,283,180,0,180,463
09/11/2000,STP,MN,AGL,CE,Towers with Display (VFR),0,21,160,3,184,0,3,167,6,176,0,24,327,9,360,284,48,332,692
09/12/2000,STP,MN,AGL,CE,Towers with Display (VFR),0,26,198,3,227,0,13,242,15,270,0,39,440,18,497,362,62,424,921
09/13/2000,STP,MN,AGL,CE,Towers with Display (VFR),0,28,209,3,240,0,8,212,32,252,0,36,421,35,492,316,94,410,902
09/14/2000,STP,MN,AGL,CE,Towers with Display (VFR),0,21,179,3,203,0,0,222,24,246,0,21,401,27,449,286,48,334,783
09/15/2000,STP,MN,AGL,CE,Towers with Display (VFR),0,22,166,3,191,0,3,239,2,244,0,25,405,5,435,368,0,368,803
09/16/2000,STP,MN,AGL,CE,Towers with Display (VFR),0,11,14,2,27,0,207,0,7,214,0,218,14,9,241,118,0,118,359
09/17/2000,STP,MN,AGL,CE,Towers with Display (VFR),0,9,11,1,21,0,186,0,1,187,0,195,11,2,208,116,10,126,334
09/18/2000,STP,MN,AGL,CE,Towers with Display (VFR),0,19,150,2,171,0,7,74,10,91,0,26,224,12,262,48,20,68,330
09/19/2000,STP,MN,AGL,CE,Towers with Display (VFR),0,22,167,2,191,0,6,134,34,174,0,28,301,36,365,114,36,150,515
09/20/2000,STP,MN,AGL,CE,Towers with Display (VFR),0,18,137,1,156,0,9,82,32,123,0,27,219,33,279,84,48,132,411
09/21/2000,STP,MN,AGL,CE,Towers with Display (VFR),0,26,198,2,226,0,1,257,37,295,0,27,455,39,521,302,50,352,873
09/22/2000,STP,MN,AGL,CE,Towers with Display (VFR),0,22,174,2,198,0,0,66,7,73,0,22,240,9,271,56,56,112,383
09/23/2000,STP,MN,AGL,CE,Towers with Display (VFR),0,11,100,1,112,0,0,52,7,59,0,11,152,8,171,10,2,12,183
09/24/2000,STP,MN,AGL,CE,Towers with Display (VFR),0,6,68,0,74,0,0,129,0,129,0,6,197,0,203,70,0,70,273
09/25/2000,STP,MN,AGL,CE,Towers with Display (VFR),0,15,136,1,152,0,0,202,2,204,0,15,338,3,356,198,6,204,560
09/26/2000,STP,MN,AGL,CE,Towers with Display (VFR),0,27,206,2,235,0,23,241,25,289,0,50,447,27,524,376,96,472,996
09/27/2000,STP,MN,AGL,CE,Towers with Display (VFR),0,21,174,2,197,0,0,219,23,242,0,21,393,25,439,346,46,392,831
09/28/2000,STP,MN,AGL,CE,Towers with Display (VFR),0,22,169,2,193,0,11,225,24,260,0,33,394,26,453,188,76,264,717
09/29/2000,STP,MN,AGL,CE,Towers with Display (VFR),0,21,162,2,185,0,28,159,2,189,0,49,321,4,374,78,18,96,470
09/30/2000,STP,MN,AGL,CE,Towers with Display (VFR),0,10,98,1,109,0,0,186,1,187,0,10,284,2,296,152,2,154,450
10/01/2000,STP,MN,AGL,CE,Towers with Display (VFR),0,4,51,0,55,0,0,4,0,4,0,4,55,0,59,146,0,146,205
10/02/2000,STP,MN,AGL,CE,Towers with Display (VFR),0,16,138,4,158,0,6,146,1,153,0,22,284,5,311,90,0,90,401
10/03/2000,STP,MN,AGL,CE,Towers with Display (VFR),0,23,190,5,218,0,2,181,15,198,0,25,371,20,416,332,20,352,768
10/04/2000,STP,MN,AGL,CE,Towers with Display (VFR),0,31,262,7,300,0,20,283,31,334,0,51,545,38,634,310,42,352,986
10/05/2000,STP,MN,AGL,CE,Towers with Display (VFR),0,23,203,6,232,0,7,164,24,195,0,30,367,30,427,106,6,112,539
10/06/2000,STP,MN,AGL,CE,Towers with Display (VFR),0,18,154,4,176,0,14,146,8,168,0,32,300,12,344,108,8,116,460
10/07/2000,STP,MN,AGL,CE,Towers with Display (VFR),0,8,6,2,16,0,180,0,1,181,0,188,6,3,197,148,0,148,345
10/08/2000,STP,MN,AGL,CE,Towers with Display (VFR),0,6,53,0,59,0,3,156,0,159,0,9,209,0,218,140,0,140,358
10/09/2000,STP,MN,AGL,CE,Towers with Display (VFR),0,15,130,2,147,0,4,257,0,261,0,19,387,2,408,160,0,160,568
10/10/2000,STP,MN,AGL,CE,Towers with Display (VFR),0,15,147,4,166,0,0,204,1,205,0,15,351,5,371,178,10,188,559
10/11/2000,STP,MN,AGL,CE,Towers with Display (VFR),0,26,217,6,249,0,1,254,18,273,0,27,471,24,522,154,14,168,690
10/12/2000,STP,MN,AGL,CE,Towers with Display (VFR),0,21,180,5,206,0,4,193,14,211,0,25,373,19,417,100,14,114,531
10/13/2000,STP,MN,AGL,CE,Towers with Display (VFR),0,19,165,5,189,0,16,190,19,225,0,35,355,24,414,202,0,202,616
10/14/2000,STP,MN,AGL,CE,Towers with Display (VFR),0,9,72,2,83,0,1,102,11,114,0,10,174,13,197,136,4,140,337
10/15/2000,STP,MN,AGL,CE,Towers with Display (VFR),0,8,108,3,119,0,0,55,8,63,0,8,163,11,182,50,34,84,266
10/16/2000,STP,MN,AGL,CE,Towers with Display (VFR),0,17,146,4,167,0,5,133,2,140,0,22,279,6,307,172,0,172,479
10/17/2000,STP,MN,AGL,CE,Towers with Display (VFR),0,20,170,5,195,0,8,221,46,275,0,28,391,51,470,296,60,356,826
10/18/2000,STP,MN,AGL,CE,Towers with Display (VFR),0,26,223,6,255,0,5,201,26,232,0,31,424,32,487,309,36,345,832
10/19/2000,STP,MN,AGL,CE,Towers with Display (VFR),0,24,213,5,242,0,0,253,54,307,0,24,466,59,549,190,70,260,809
10/20/2000,STP,MN,AGL,CE,Towers with Display (VFR),0,18,148,3,169,0,13,224,11,248,0,31,372,14,417,304,32,336,753
10/21/2000,STP,MN,AGL,CE,Towers with Display (VFR),0,6,73,1,80,0,0,160,18,178,0,6,233,19,258,158,4,162,420
10/22/2000,STP,MN,AGL,CE,Towers with Display (VFR),0,9,90,2,101,0,0,131,11,142,0,9,221,13,243,106,2,108,351
10/23/2000,STP,MN,AGL,CE,Towers with Display (VFR),0,14,111,1,126,0,10,0,0,10,0,24,111,1,136,2,1,3,139
10/24/2000,STP,MN,AGL,CE,Towers with Display (VFR),0,24,198,4,226,0,3,49,20,72,0,27,247,24,298,20,38,58,356
10/25/2000,STP,MN,AGL,CE,Towers with Display (VFR),0,19,147,3,169,0,6,0,16,22,0,25,147,19,191,10,2,12,203
10/26/2000,STP,MN,AGL,CE,Towers with Display (VFR),0,20,172,4,196,0,12,72,50,134,0,32,244,54,330,54,20,74,404
10/27/2000,STP,MN,AGL,CE,Towers with Display (VFR),0,18,154,3,175,0,3,41,7,51,0,21,195,10,226,32,26,58,284
10/28/2000,STP,MN,AGL,CE,Towers with Display (VFR),0,1,92,1,94,0,0,121,0,121,0,1,213,1,215,88,0,88,303
10/29/2000,STP,MN,AGL,CE,Towers with Display (VFR),0,7,62,1,70,0,4,40,29,73,0,11,102,30,143,0,0,0,143
10/30/2000,STP,MN,AGL,CE,Towers with Display (VFR),0,18,160,3,181,0,6,102,0,108,0,24,262,3,289,94,0,94,383
10/31/2000,STP,MN,AGL,CE,Towers with Display (VFR),0,22,188,4,214,0,1,188,23,212,0,23,376,27,426,284,28,312,738
11/01/2000,STP,MN,AGL,CE,Towers with Display (VFR),0,19,130,3,152,0,8,25,7,40,0,27,155,10,192,4,2,6,198
11/02/2000,STP,MN,AGL,CE,Towers with Display (VFR),0,25,169,4,198,0,8,57,14,79,0,33,226,18,277,2,4,6,283
11/03/2000,STP,MN,AGL,CE,Towers with Display (VFR),0,24,164,4,192,0,18,221,6,245,0,42,385,10,437,130,52,182,619
11/04/2000,STP,MN,AGL,CE,Towers with Display (VFR),0,11,81,2,94,0,10,214,4,228,0,21,295,6,322,262,0,262,584
11/05/2000,STP,MN,AGL,CE,Towers with Display (VFR),0,4,75,2,81,0,0,110,5,115,0,4,185,7,196,40,0,40,236
11/06/2000,STP,MN,AGL,CE,Towers with Display (VFR),0,14,93,0,107,0,0,11,0,11,0,14,104,0,118,48,24,72,190
11/07/2000,STP,MN,AGL,CE,Towers with Display (VFR),0,21,134,3,158,0,8,0,2,10,0,29,134,5,168,4,4,8,176
11/08/2000,STP,MN,AGL,CE,Towers with Display (VFR),0,18,118,3,139,0,14,82,34,130,0,32,200,37,269,148,86,234,503
11/09/2000,STP,MN,AGL,CE,Towers with Display (VFR),0,22,150,4,176,0,11,115,23,149,0,33,265,27,325,262,40,302,627
11/10/2000,STP,MN,AGL,CE,Towers with Display (VFR),0,22,147,2,171,0,12,153,0,165,0,34,300,2,336,330,0,330,666
11/11/2000,STP,MN,AGL,CE,Towers with Display (VFR),0,7,70,0,77,0,0,116,0,116,0,7,186,0,193,272,0,272,465
11/12/2000,STP,MN,AGL,CE,Towers with Display (VFR),0,2,40,0,42,0,0,11,0,11,0,2,51,0,53,34,0,34,87
11/13/2000,STP,MN,AGL,CE,Towers with Display (VFR),0,13,86,0,99,0,0,4,0,4,0,13,90,0,103,0,0,0,103
11/14/2000,STP,MN,AGL,CE,Towers with Display (VFR),0,25,184,4,213,0,0,176,24,200,0,25,360,28,413,242,30,272,685
11/15/2000,STP,MN,AGL,CE,Towers with Display (VFR),0,26,167,4,197,0,4,157,29,190,0,30,324,33,387,180,52,232,619
11/16/2000,STP,MN,AGL,CE,Towers with Display (VFR),0,21,133,3,157,0,10,45,41,96,0,31,178,44,253,16,52,68,321
11/17/2000,STP,MN,AGL,CE,Towers with Display (VFR),0,29,190,5,224,0,5,204,34,243,0,34,394,39,467,314,66,380,847
11/18/2000,STP,MN,AGL,CE,Towers with Display (VFR),0,9,3,1,13,0,123,0,24,147,0,132,3,25,160,90,0,90,250
11/19/2000,STP,MN,AGL,CE,Towers with Display (VFR),0,2,38,0,40,0,0,6,1,7,0,2,44,1,47,26,0,26,73
11/20/2000,STP,MN,AGL,CE,Towers with Display (VFR),0,20,128,2,150,0,15,63,6,84,0,35,191,8,234,60,8,68,302
11/21/2000,STP,MN,AGL,CE,Towers with Display (VFR),0,27,197,4,228,0,0,248,45,293,0,27,445,49,521,166,36,202,723
11/22/2000,STP,MN,AGL,CE,Towers with Display (VFR),0,25,167,3,195,0,7,210,27,244,0,32,377,30,439,142,0,142,581
11/23/2000,STP,MN,AGL,CE,Towers with Display (VFR),0,6,35,0,41,0,3,33,0,36,0,9,68,0,77,18,0,18,95
11/24/2000,STP,MN,AGL,CE,Towers with Display (VFR),0,12,81,1,94,0,7,110,2,119,0,19,191,3,213,82,0,82,295
11/25/2000,STP,MN,AGL,CE,Towers with Display (VFR),0,7,83,0,90,0,0,149,0,149,0,7,232,0,239,96,0,96,335
11/26/2000,STP,MN,AGL,CE,Towers with Display (VFR),0,1,57,0,58,0,0,7,0,7,0,1,64,0,65,0,0,0,65
11/27/2000,STP,MN,AGL,CE,Towers with Display (VFR),0,21,156,3,180,0,0,19,9,28,0,21,175,12,208,4,8,12,220
11/28/2000,STP,MN,AGL,CE,Towers with Display (VFR),0,19,123,1,143,0,4,6,0,10,0,23,129,1,153,12,0,12,165
11/29/2000,STP,MN,AGL,CE,Towers with Display (VFR),0,24,157,3,184,0,5,37,19,61,0,29,194,22,245,112,28,140,385
11/30/2000,STP,MN,AGL,CE,Towers with Display (VFR),0,25,163,3,191,0,15,162,29,206,0,40,325,32,397,222,30,252,649
12/01/2000,STP,MN,AGL,CE,Towers with Display (VFR),0,18,172,3,193,0,0,172,0,172,0,18,344,3,365,94,4,98,463
12/02/2000,STP,MN,AGL,CE,Towers with Display (VFR),0,7,89,0,96,0,0,226,0,226,0,7,315,0,322,156,6,162,484
12/03/2000,STP,MN,AGL,CE,Towers with Display (VFR),0,2,66,2,70,0,0,117,5,122,0,2,183,7,192,114,0,114,306
12/04/2000,STP,MN,AGL,CE,Towers with Display (VFR),0,16,92,2,110,0,3,42,7,52,0,19,134,9,162,26,6,32,194
12/05/2000,STP,MN,AGL,CE,Towers with Display (VFR),0,26,152,4,182,0,6,153,31,190,0,32,305,35,372,156,2,158,530
12/06/2000,STP,MN,AGL,CE,Towers with Display (VFR),0,22,132,3,157,0,0,19,10,29,0,22,151,13,186,0,0,0,186
12/07/2000,STP,MN,AGL,CE,Towers with Display (VFR),0,17,99,2,118,0,11,10,12,33,0,28,109,14,151,0,38,38,189
12/08/2000,STP,MN,AGL,CE,Towers with Display (VFR),0,28,168,4,200,0,1,169,0,170,0,29,337,4,370,130,0,130,500
12/09/2000,STP,MN,AGL,CE,Towers with Display (VFR),0,7,36,1,44,0,0,70,4,74,0,7,106,5,118,104,0,104,222
12/10/2000,STP,MN,AGL,CE,Towers with Display (VFR),0,7,39,0,46,0,2,38,0,40,0,9,77,0,86,0,0,0,86
12/11/2000,STP,MN,AGL,CE,Towers with Display (VFR),0,12,71,0,83,0,8,4,0,12,0,20,75,0,95,0,0,0,95
12/12/2000,STP,MN,AGL,CE,Towers with Display (VFR),0,24,141,3,168,0,5,41,39,85,0,29,182,42,253,18,4,22,275
12/13/2000,STP,MN,AGL,CE,Towers with Display (VFR),0,24,136,3,163,0,8,34,4,46,0,32,170,7,209,28,0,28,237
12/14/2000,STP,MN,AGL,CE,Towers with Display (VFR),0,35,209,5,249,0,10,217,38,265,0,45,426,43,514,200,80,280,794
12/15/2000,STP,MN,AGL,CE,Towers with Display (VFR),0,17,103,3,123,0,6,32,5,43,0,23,135,8,166,46,0,46,212
12/16/2000,STP,MN,AGL,CE,Towers with Display (VFR),0,3,20,0,23,0,16,0,0,16,0,19,20,0,39,0,0,0,39
12/17/2000,STP,MN,AGL,CE,Towers with Display (VFR),0,1,48,0,49,0,0,60,1,61,0,1,108,1,110,52,0,52,162
12/18/2000,STP,MN,AGL,CE,Towers with Display (VFR),0,13,74,0,87,0,1,0,0,1,0,14,74,0,88,0,0,0,88
12/19/2000,STP,MN,AGL,CE,Towers with Display (VFR),0,25,144,2,171,0,4,130,24,158,0,29,274,26,329,194,0,194,523
12/20/2000,STP,MN,AGL,CE,Towers with Display (VFR),0,17,99,1,117,0,15,26,8,49,0,32,125,9,166,32,0,32,198
12/21/2000,STP,MN,AGL,CE,Towers with Display (VFR),0,18,108,0,126,0,13,17,0,30,0,31,125,0,156,10,0,10,166
12/22/2000,STP,MN,AGL,CE,Towers with Display (VFR),0,20,116,2,138,0,11,58,6,75,0,31,174,8,213,62,34,96,309
12/23/2000,STP,MN,AGL,CE,Towers with Display (VFR),0,17,104,0,121,0,8,3,0,11,0,25,107,0,132,46,0,46,178
12/24/2000,STP,MN,AGL,CE,Towers with Display (VFR),0,1,10,0,11,0,7,13,0,20,0,8,23,0,31,4,0,4,35
12/25/2000,STP,MN,AGL,CE,Towers with Display (VFR),0,3,18,0,21,0,0,0,0,0,0,3,18,0,21,0,0,0,21
12/26/2000,STP,MN,AGL,CE,Towers with Display (VFR),0,19,114,2,135,0,14,76,13,103,0,33,190,15,238,136,28,164,402
12/27/2000,STP,MN,AGL,CE,Towers with Display (VFR),0,26,154,3,183,0,4,206,25,235,0,30,360,28,418,270,48,318,736
12/28/2000,STP,MN,AGL,CE,Towers with Display (VFR),0,10,50,0,60,0,10,0,0,10,0,20,50,0,70,0,0,0,70
12/29/2000,STP,MN,AGL,CE,Towers with Display (VFR),0,15,88,1,104,0,11,68,5,84,0,26,156,6,188,172,48,220,408
12/30/2000,STP,MN,AGL,CE,Towers with Display (VFR),0,3,21,0,24,0,1,4,0,5,0,4,25,0,29,18,0,18,47
12/31/2000,STP,MN,AGL,CE,Towers with Display (VFR),0,3,21,0,24,0,2,13,0,15,0,5,34,0,39,12,0,12,51
01/01/2001,STP,MN,AGL,CE,Towers with Display (VFR),0,7,37,0,44,0,2,60,0,62,0,9,97,0,106,0,0,0,106
01/02/2001,STP,MN,AGL,CE,Towers with Display (VFR),0,16,106,2,124,0,3,112,14,129,0,19,218,16,253,34,18,52,305
01/03/2001,STP,MN,AGL,CE,Towers with Display (VFR),0,21,146,3,170,0,13,91,44,148,0,34,237,47,318,60,14,74,392
01/04/2001,STP,MN,AGL,CE,Towers with Display (VFR),0,29,210,5,244,0,17,215,15,247,0,46,425,20,491,174,68,242,733
01/05/2001,STP,MN,AGL,CE,Towers with Display (VFR),0,20,146,1,167,0,9,132,0,141,0,29,278,1,308,152,8,160,468
01/06/2001,STP,MN,AGL,CE,Towers with Display (VFR),0,3,80,2,85,0,0,109,25,134,0,3,189,27,219,136,0,136,355
01/07/2001,STP,MN,AGL,CE,Towers with Display (VFR),0,2,59,2,63,0,0,104,6,110,0,2,163,8,173,152,0,152,325
01/08/2001,STP,MN,AGL,CE,Towers with Display (VFR),0,20,174,5,199,0,0,255,4,259,0,20,429,9,458,238,4,242,700
01/09/2001,STP,MN,AGL,CE,Towers with Display (VFR),0,24,189,5,218,0,0,208,26,234,0,24,397,31,452,300,68,368,820
01/10/2001,STP,MN,AGL,CE,Towers with Display (VFR),0,30,224,6,260,0,9,235,53,297,0,39,459,59,557,296,44,340,897
01/11/2001,STP,MN,AGL,CE,Towers with Display (VFR),0,15,106,3,124,0,13,0,1,14,0,28,106,4,138,2,12,14,152
01/12/2001,STP,MN,AGL,CE,Towers with Display (VFR),0,13,99,2,114,0,2,18,0,20,0,15,117,2,134,30,0,30,164
01/13/2001,STP,MN,AGL,CE,Towers with Display (VFR),0,2,12,0,14,0,3,0,0,3,0,5,12,0,17,0,0,0,17
01/14/2001,STP,MN,AGL,CE,Towers with Display (VFR),0,0,15,0,15,0,0,3,0,3,0,0,18,0,18,0,0,0,18
01/15/2001,STP,MN,AGL,CE,Towers with Display (VFR),0,14,103,0,117,0,2,53,0,55,0,16,156,0,172,4,0,4,176
01/16/2001,STP,MN,AGL,CE,Towers with Display (VFR),0,24,196,5,225,0,0,157,22,179,0,24,353,27,404,244,28,272,676
01/17/2001,STP,MN,AGL,CE,Towers with Display (VFR),0,29,213,6,248,0,5,205,12,222,0,34,418,18,470,272,14,286,756
01/18/2001,STP,MN,AGL,CE,Towers with Display (VFR),0,21,153,4,178,0,3,71,34,108,0,24,224,38,286,34,68,102,388
01/19/2001,STP,MN,AGL,CE,Towers with Display (VFR),0,21,154,4,179,0,2,209,16,227,0,23,363,20,406,106,32,138,544
01/20/2001,STP,MN,AGL,CE,Towers with Display (VFR),0,3,25,0,28,0,4,303,44,351,0,7,328,44,379,76,176,252,631
01/21/2001,STP,MN,AGL,CE,Towers with Display (VFR),0,6,75,1,82,0,0,108,7,115,0,6,183,8,197,96,0,96,293
01/22/2001,STP,MN,AGL,CE,Towers with Display (VFR),0,23,173,4,200,0,4,205,0,209,0,27,378,4,409,172,0,172,581
01/23/2001,STP,MN,AGL,CE,Towers with Display (VFR),0,26,192,4,222,0,6,224,33,263,0,32,416,37,485,276,56,332,817
01/24/2001,STP,MN,AGL,CE,Towers with Display (VFR),0,26,192,4,222,0,21,198,35,254,0,47,390,39,476,78,14,92,568
01/25/2001,STP,MN,AGL,CE,Towers with Display (VFR),0,24,180,4,208,0,0,239,31,270,0,24,419,35,478,268,42,310,788
01/26/2001,STP,MN,AGL,CE,Towers with Display (VFR),0,11,77,1,89,0,7,8,0,15,0,18,85,1,104,10,0,10,114
01/27/2001,STP,MN,AGL,CE,Towers with Display (VFR),0,9,67,1,77,0,8,194,20,222,0,17,261,21,299,20,192,212,511
01/28/2001,STP,MN,AGL,CE,Towers with Display (VFR),0,2,57,1,60,0,0,11,0,11,0,2,68,1,71,10,0,10,81
01/29/2001,STP,MN,AGL,CE,Towers with Display (VFR),0,9,68,0,77,0,2,0,0,2,0,11,68,0,79,0,0,0,79
01/30/2001,STP,MN,AGL,CE,Towers with Display (VFR),0,14,100,2,116,0,10,38,16,64,0,24,138,18,180,60,38,98,278
01/31/2001,STP,MN,AGL,CE,Towers with Display (VFR),0,26,191,4,221,0,13,169,32,214,0,39,360,36,435,204,86,290,725
02/01/2001,STP,MN,AGL,CE,Towers with Display (VFR),0,18,122,4,144,0,6,89,36,131,0,24,211,40,275,122,50,172,447
02/02/2001,STP,MN,AGL,CE,Towers with Display (VFR),0,17,117,2,136,0,12,101,0,113,0,29,218,2,249,146,0,146,395
02/03/2001,STP,MN,AGL,CE,Towers with Display (VFR),0,3,45,2,50,0,0,0,10,10,0,3,45,12,60,6,2,8,68
02/04/2001,STP,MN,AGL,CE,Towers with Display (VFR),0,3,28,1,32,0,0,18,22,40,0,3,46,23,72,42,4,46,118
02/05/2001,STP,MN,AGL,CE,Towers with Display (VFR),0,18,121,4,143,0,16,8,1,25,0,34,129,5,168,26,0,26,194
02/06/2001,STP,MN,AGL,CE,Towers with Display (VFR),0,29,201,7,237,0,4,156,14,174,0,33,357,21,411,236,60,296,707
02/07/2001,STP,MN,AGL,CE,Towers with Display (VFR),0,19,125,0,144,0,10,3,0,13,0,29,128,0,157,0,0,0,157
02/08/2001,STP,MN,AGL,CE,Towers with Display (VFR),0,14,90,0,104,0,8,2,0,10,0,22,92,0,114,4,0,4,118
02/09/2001,STP,MN,AGL,CE,Towers with Display (VFR),0,25,160,5,190,0,12,97,12,121,0,37,257,17,311,84,22,106,417
02/10/2001,STP,MN,AGL,CE,Towers with Display (VFR),0,8,97,3,108,0,0,114,16,130,0,8,211,19,238,104,42,146,384
02/11/2001,STP,MN,AGL,CE,Towers with Display (VFR),0,4,76,3,83,0,0,84,7,91,0,4,160,10,174,76,18,94,268
02/12/2001,STP,MN,AGL,CE,Towers with Display (VFR),0,15,97,3,115,0,9,19,8,36,0,24,116,11,151,10,30,40,191
02/13/2001,STP,MN,AGL,CE,Towers with Display (VFR),0,14,75,3,92,0,13,0,1,14,0,27,75,4,106,0,0,0,106
02/14/2001,STP,MN,AGL,CE,Towers with Display (VFR),0,34,220,7,261,0,11,217,21,249,0,45,437,28,510,242,46,288,798
02/15/2001,STP,MN,AGL,CE,Towers with Display (VFR),0,27,183,6,216,0,0,157,38,195,0,27,340,44,411,160,30,190,601
02/16/2001,STP,MN,AGL,CE,Towers with Display (VFR),0,25,167,6,198,0,9,228,16,253,0,34,395,22,451,118,6,124,575
02/17/2001,STP,MN,AGL,CE,Towers with Display (VFR),0,9,57,1,67,0,2,110,0,112,0,11,167,1,179,118,0,118,297
02/18/2001,STP,MN,AGL,CE,Towers with Display (VFR),0,2,59,1,62,0,0,68,0,68,0,2,127,1,130,66,0,66,196
02/19/2001,STP,MN,AGL,CE,Towers with Display (VFR),0,10,63,1,74,0,13,148,5,166,0,23,211,6,240,194,0,194,434
02/20/2001,STP,MN,AGL,CE,Towers with Display (VFR),0,25,160,4,189,0,1,139,32,172,0,26,299,36,361,74,16,90,451
02/21/2001,STP,MN,AGL,CE,Towers with Display (VFR),0,29,191,5,225,0,9,192,33,234,0,38,383,38,459,56,228,284,743
02/22/2001,STP,MN,AGL,CE,Towers with Display (VFR),0,26,176,5,207,0,3,125,32,160,0,29,301,37,367,176,68,244,611
02/23/2001,STP,MN,AGL,CE,Towers with Display (VFR),0,31,205,6,242,0,1,206,18,225,0,32,411,24,467,200,42,242,709
02/24/2001,STP,MN,AGL,CE,Towers with Display (VFR),0,3,18,0,21,0,1,0,0,1,0,4,18,0,22,0,0,0,22
02/25/2001,STP,MN,AGL,CE,Towers with Display (VFR),0,4,44,1,49,0,0,11,4,15,0,4,55,5,64,0,0,0,64
02/26/2001,STP,MN,AGL,CE,Towers with Display (VFR),0,20,132,4,156,0,8,152,10,170,0,28,284,14,326,102,4,106,432
02/27/2001,STP,MN,AGL,CE,Towers with Display (VFR),0,28,186,5,219,0,14,178,22,214,0,42,364,27,433,138,86,224,657
02/28/2001,STP,MN,AGL,CE,Towers with Display (VFR),0,30,198,6,234,0,12,174,16,202,0,42,372,22,436,162,54,216,652
03/01/2001,STP,MN,AGL,CE,Towers with Display (VFR),0,30,190,4,224,0,9,245,17,271,0,39,435,21,495,213,0,213,708
03/02/2001,STP,MN,AGL,CE,Towers with Display (VFR),0,24,200,4,228,0,0,302,7,309,0,24,502,11,537,280,46,326,863
03/03/2001,STP,MN,AGL,CE,Towers with Display (VFR),0,9,101,3,113,0,0,190,6,196,0,9,291,9,309,316,2,318,627
03/04/2001,STP,MN,AGL,CE,Towers with Display (VFR),0,10,64,2,76,0,0,117,2,119,0,10,181,4,195,262,0,262,457
03/05/2001,STP,MN,AGL,CE,Towers with Display (VFR),0,22,143,4,169,0,2,115,11,128,0,24,258,15,297,92,6,98,395
03/06/2001,STP,MN,AGL,CE,Towers with Display (VFR),0,33,213,5,251,0,12,240,31,283,0,45,453,36,534,284,68,352,886
03/07/2001,STP,MN,AGL,CE,Towers with Display (VFR),0,27,170,4,201,0,6,157,22,185,0,33,327,26,386,180,52,232,618
03/08/2001,STP,MN,AGL,CE,Towers with Display (VFR),0,28,187,5,220,0,17,230,40,287,0,45,417,45,507,254,40,294,801
03/09/2001,STP,MN,AGL,CE,Towers with Display (VFR),0,22,142,4,168,0,6,226,10,242,0,28,368,14,410,302,12,314,724
03/10/2001,STP,MN,AGL,CE,Towers with Display (VFR),0,3,17,1,21,0,0,8,0,8,0,3,25,1,29,16,0,16,45
03/11/2001,STP,MN,AGL,CE,Towers with Display (VFR),0,9,85,2,96,0,0,179,20,199,0,9,264,22,295,178,24,202,497
03/12/2001,STP,MN,AGL,CE,Towers with Display (VFR),0,15,88,0,103,0,11,0,0,11,0,26,88,0,114,0,0,0,114
03/13/2001,STP,MN,AGL,CE,Towers with Display (VFR),0,20,129,3,152,0,14,89,23,126,0,34,218,26,278,73,48,121,399
03/14/2001,STP,MN,AGL,CE,Towers with Display (VFR),0,32,207,5,244,0,11,210,29,250,0,43,417,34,494,344,40,384,878
03/15/2001,STP,MN,AGL,CE,Towers with Display (VFR),0,22,141,4,167,0,7,177,30,214,0,29,318,34,381,214,32,246,627
03/16/2001,STP,MN,AGL,CE,Towers with Display (VFR),0,28,180,4,212,0,11,233,27,271,0,39,413,31,483,338,26,364,847
03/17/2001,STP,MN,AGL,CE,Towers with Display (VFR),0,4,131,2,137,0,0,252,20,272,0,4,383,22,409,358,28,386,795
03/18/2001,STP,MN,AGL,CE,Towers with Display (VFR),0,6,72,1,79,0,0,147,0,147,0,6,219,1,226,250,0,250,476
03/19/2001,STP,MN,AGL,CE,Towers with Display (VFR),0,15,104,2,121,0,0,37,21,58,0,15,141,23,179,48,4,52,231
03/20/2001,STP,MN,AGL,CE,Towers with Display (VFR),0,21,141,3,165,0,12,127,20,159,0,33,268,23,324,180,50,230,554
03/21/2001,STP,MN,AGL,CE,Towers with Display (VFR),0,35,233,5,273,0,13,213,39,265,0,48,446,44,538,378,42,420,958
03/22/2001,STP,MN,AGL,CE,Towers with Display (VFR),0,29,192,4,225,0,10,65,32,107,0,39,257,36,332,96,42,138,470
03/23/2001,STP,MN,AGL,CE,Towers with Display (VFR),0,23,193,4,220,0,0,244,22,266,0,23,437,26,486,228,78,306,792
03/24/2001,STP,MN,AGL,CE,Towers with Display (VFR),0,16,103,2,121,0,1,171,21,193,0,17,274,23,314,120,0,120,434
03/25/2001,STP,MN,AGL,CE,Towers with Display (VFR),0,16,104,2,122,0,0,108,2,110,0,16,212,4,232,78,0,78,310
03/26/2001,STP,MN,AGL,CE,Towers with Display (VFR),0,22,145,3,170,0,7,191,9,207,0,29,336,12,377,208,34,242,619
03/27/2001,STP,MN,AGL,CE,Towers with Display (VFR),0,28,178,3,209,0,10,229,25,264,0,38,407,28,473,360,48,408,881
03/28/2001,STP,MN,AGL,CE,Towers with Display (VFR),0,32,209,0,241,0,2,120,0,122,0,34,329,0,363,216,10,226,589
03/29/2001,STP,MN,AGL,CE,Towers with Display (VFR),0,26,171,2,199,0,2,2,0,4,0,28,173,2,203,0,0,0,203
03/30/2001,STP,MN,AGL,CE,Towers with Display (VFR),0,26,168,2,196,0,4,0,0,4,0,30,168,2,200,0,0,0,200
03/31/2001,STP,MN,AGL,CE,Towers with Display (VFR),0,13,113,0,126,0,0,6,0,6,0,13,119,0,132,70,0,70,202
04/01/2001,STP,MN,AGL,CE,Towers with Display (VFR),0,7,106,0,113,0,5,163,0,168,0,12,269,0,281,176,0,176,457
04/02/2001,STP,MN,AGL,CE,Towers with Display (VFR),0,44,174,5,223,0,6,148,3,157,0,50,322,8,380,202,0,202,582
04/03/2001,STP,MN,AGL,CE,Towers with Display (VFR),0,42,194,4,240,0,13,263,26,302,0,55,457,30,542,436,20,456,998
04/04/2001,STP,MN,AGL,CE,Towers with Display (VFR),0,29,152,5,186,0,6,252,28,286,0,35,404,33,472,264,8,272,744
04/05/2001,STP,MN,AGL,CE,Towers with Display (VFR),0,0,0,0,0,0,0,0,0,0,0,0,0,0,0,0,0,0,0
04/06/2001,STP,MN,AGL,CE,Towers with Display (VFR),0,9,121,4,134,0,1,53,2,56,0,10,174,6,190,80,8,88,278
04/07/2001,STP,MN,AGL,CE,Towers with Display (VFR),0,2,24,1,27,0,1,5,0,6,0,3,29,1,33,0,0,0,33
04/08/2001,STP,MN,AGL,CE,Towers with Display (VFR),0,0,89,0,89,0,2,231,2,235,0,2,320,2,324,296,0,296,620
04/09/2001,STP,MN,AGL,CE,Towers with Display (VFR),0,5,53,4,62,0,3,90,19,112,0,8,143,23,174,30,10,40,214
04/10/2001,STP,MN,AGL,CE,Towers with Display (VFR),0,2,24,0,26,0,0,52,13,65,0,2,76,13,91,66,10,76,167
04/11/2001,STP,MN,AGL,CE,Towers with Display (VFR),0,0,2,0,2,0,0,5,0,5,0,0,7,0,7,0,0,0,7
04/12/2001,STP,MN,AGL,CE,Towers with Display (VFR),0,0,0,0,0,0,7,0,0,7,0,7,0,0,7,0,0,0,7
04/13/2001,STP,MN,AGL,CE,Towers with Display (VFR),0,0,0,0,0,0,0,0,0,0,0,0,0,0,0,0,0,0,0
04/14/2001,STP,MN,AGL,CE,Towers with Display (VFR),0,0,0,0,0,0,0,0,0,0,0,0,0,0,0,0,0,0,0
04/15/2001,STP,MN,AGL,CE,Towers with Display (VFR),0,0,0,0,0,0,0,0,0,0,0,0,0,0,0,0,0,0,0
04/16/2001,STP,MN,AGL,CE,Towers with Display (VFR),0,0,0,0,0,0,0,0,0,0,0,0,0,0,0,0,0,0,0
04/17/2001,STP,MN,AGL,CE,Towers with Display (VFR),0,0,0,0,0,0,0,0,0,0,0,0,0,0,0,0,0,0,0
04/18/2001,STP,MN,AGL,CE,Towers with Display (VFR),0,0,0,0,0,0,0,0,0,0,0,0,0,0,0,0,0,0,0
04/19/2001,STP,MN,AGL,CE,Towers with Display (VFR),0,0,0,0,0,0,0,0,0,0,0,0,0,0,0,0,0,0,0
04/20/2001,STP,MN,AGL,CE,Towers with Display (VFR),0,0,0,0,0,0,0,0,0,0,0,0,0,0,0,0,0,0,0
04/21/2001,STP,MN,AGL,CE,Towers with Display (VFR),0,0,0,0,0,0,0,57,0,57,0,0,57,0,57,34,0,34,91
04/22/2001,STP,MN,AGL,CE,Towers with Display (VFR),0,0,3,0,3,0,0,9,0,9,0,0,12,0,12,0,0,0,12
04/23/2001,STP,MN,AGL,CE,Towers with Display (VFR),0,0,0,0,0,0,0,6,0,6,0,0,6,0,6,0,0,0,6
04/24/2001,STP,MN,AGL,CE,Towers with Display (VFR),0,0,4,0,4,0,0,241,4,245,0,0,245,4,249,410,0,410,659
04/25/2001,STP,MN,AGL,CE,Towers with Display (VFR),0,0,0,0,0,0,0,202,7,209,0,0,202,7,209,304,0,304,513
04/26/2001,STP,MN,AGL,CE,Towers with Display (VFR),0,2,14,0,16,0,1,218,0,219,0,3,232,0,235,140,6,146,381
04/27/2001,STP,MN,AGL,CE,Towers with Display (VFR),0,0,7,0,7,0,2,337,0,339,0,2,344,0,346,388,0,388,734
04/28/2001,STP,MN,AGL,CE,Towers with Display (VFR),0,0,2,0,2,0,1,35,0,36,0,1,37,0,38,6,0,6,44
04/29/2001,STP,MN,AGL,CE,Towers with Display (VFR),0,0,3,0,3,0,1,62,0,63,0,1,65,0,66,32,0,32,98
04/30/2001,STP,MN,AGL,CE,Towers with Display (VFR),0,1,8,0,9,0,0,57,0,57,0,1,65,0,66,32,0,32,98
05/01/2001,STP,MN,AGL,CE,Towers with Display (VFR),0,2,1,0,3,0,138,0,0,138,0,140,1,0,141,44,0,44,185
05/02/2001,STP,MN,AGL,CE,Towers with Display (VFR),0,1,0,0,1,0,2,211,0,213,0,3,211,0,214,496,0,496,710
05/03/2001,STP,MN,AGL,CE,Towers with Display (VFR),0,1,3,0,4,0,0,148,0,148,0,1,151,0,152,152,2,154,306
05/04/2001,STP,MN,AGL,CE,Towers with Display (VFR),0,1,12,0,13,0,0,203,0,203,0,1,215,0,216,208,0,208,424
05/05/2001,STP,MN,AGL,CE,Towers with Display (VFR),0,0,12,0,12,0,0,146,2,148,0,0,158,2,160,176,0,176,336
05/06/2001,STP,MN,AGL,CE,Towers with Display (VFR),0,0,4,0,4,0,0,22,0,22,0,0,26,0,26,8,0,8,34
05/07/2001,STP,MN,AGL,CE,Towers with Display (VFR),0,0,5,0,5,0,0,81,0,81,0,0,86,0,86,36,0,36,122
05/08/2001,STP,MN,AGL,CE,Towers with Display (VFR),0,0,2,0,2,0,0,153,0,153,0,0,155,0,155,92,0,92,247
05/09/2001,STP,MN,AGL,CE,Towers with Display (VFR),0,0,4,0,4,0,0,230,2,232,0,0,234,2,236,360,4,364,600
05/10/2001,STP,MN,AGL,CE,Towers with Display (VFR),0,1,3,0,4,0,0,175,5,180,0,1,178,5,184,284,0,284,468
05/11/2001,STP,MN,AGL,CE,Towers with Display (VFR),0,0,6,0,6,0,0,175,4,179,0,0,181,4,185,240,0,240,425
05/12/2001,STP,MN,AGL,CE,Towers with Display (VFR),0,1,2,0,3,0,0,249,0,249,0,1,251,0,252,322,0,322,574
05/13/2001,STP,MN,AGL,CE,Towers with Display (VFR),0,0,11,0,11,0,0,185,0,185,0,0,196,0,196,388,0,388,584
05/14/2001,STP,MN,AGL,CE,Towers with Display (VFR),0,0,4,0,4,0,0,162,4,166,0,0,166,4,170,250,0,250,420
05/15/2001,STP,MN,AGL,CE,Towers with Display (VFR),0,0,4,0,4,0,1,163,0,164,0,1,167,0,168,164,0,164,332
05/16/2001,STP,MN,AGL,CE,Towers with Display (VFR),0,0,8,0,8,0,3,244,14,261,0,3,252,14,269,296,0,296,565
05/17/2001,STP,MN,AGL,CE,Towers with Display (VFR),0,0,9,0,9,0,0,120,0,120,0,0,129,0,129,50,0,50,179
05/18/2001,STP,MN,AGL,CE,Towers with Display (VFR),0,0,6,0,6,0,0,255,0,255,0,0,261,0,261,292,0,292,553
05/19/2001,STP,MN,AGL,CE,Towers with Display (VFR),0,0,3,0,3,0,0,184,2,186,0,0,187,2,189,224,0,224,413
05/20/2001,STP,MN,AGL,CE,Towers with Display (VFR),0,0,0,0,0,0,0,166,0,166,0,0,166,0,166,118,0,118,284
05/21/2001,STP,MN,AGL,CE,Towers with Display (VFR),0,0,2,0,2,0,0,126,0,126,0,0,128,0,128,134,0,134,262
05/22/2001,STP,MN,AGL,CE,Towers with Display (VFR),0,0,8,0,8,0,0,17,0,17,0,0,25,0,25,20,0,20,45
05/23/2001,STP,MN,AGL,CE,Towers with Display (VFR),0,0,9,0,9,0,0,32,2,34,0,0,41,2,43,156,12,168,211
05/24/2001,STP,MN,AGL,CE,Towers with Display (VFR),0,0,12,0,12,0,0,70,2,72,0,0,82,2,84,104,0,104,188
05/25/2001,STP,MN,AGL,CE,Towers with Display (VFR),0,2,17,0,19,0,0,54,4,58,0,2,71,4,77,64,0,64,141
05/26/2001,STP,MN,AGL,CE,Towers with Display (VFR),0,0,12,0,12,0,0,32,8,40,0,0,44,8,52,0,0,0,52
05/27/2001,STP,MN,AGL,CE,Towers with Display (VFR),0,0,3,0,3,0,0,121,0,121,0,0,124,0,124,118,0,118,242
05/28/2001,STP,MN,AGL,CE,Towers with Display (VFR),0,0,3,0,3,0,1,259,4,264,0,1,262,4,267,324,0,324,591
05/29/2001,STP,MN,AGL,CE,Towers with Display (VFR),0,0,7,0,7,0,1,251,0,252,0,1,258,0,259,270,0,270,529
05/30/2001,STP,MN,AGL,CE,Towers with Display (VFR),0,0,9,0,9,0,0,230,1,231,0,0,239,1,240,294,0,294,534
05/31/2001,STP,MN,AGL,CE,Towers with Display (VFR),0,0,5,0,5,0,0,169,0,169,0,0,174,0,174,294,0,294,468
06/01/2001,STP,MN,AGL,CE,Towers with Display (VFR),0,0,3,0,3,0,0,105,0,105,0,0,108,0,108,80,0,80,188
06/02/2001,STP,MN,AGL,CE,Towers with Display (VFR),0,0,5,0,5,0,0,155,0,155,0,0,160,0,160,188,0,188,348
06/03/2001,STP,MN,AGL,CE,Towers with Display (VFR),0,0,3,0,3,0,0,129,0,129,0,0,132,0,132,144,0,144,276
06/04/2001,STP,MN,AGL,CE,Towers with Display (VFR),0,0,2,0,2,0,0,186,0,186,0,0,188,0,188,190,0,190,378
06/05/2001,STP,MN,AGL,CE,Towers with Display (VFR),0,0,20,0,20,0,0,30,0,30,0,0,50,0,50,16,0,16,66
06/06/2001,STP,MN,AGL,CE,Towers with Display (VFR),0,1,17,0,18,0,2,54,2,58,0,3,71,2,76,262,2,264,340
06/07/2001,STP,MN,AGL,CE,Towers with Display (VFR),0,0,9,0,9,0,3,135,0,138,0,3,144,0,147,352,0,352,499
06/08/2001,STP,MN,AGL,CE,Towers with Display (VFR),0,0,5,0,5,0,0,355,0,355,0,0,360,0,360,406,0,406,766
06/09/2001,STP,MN,AGL,CE,Towers with Display (VFR),0,0,2,0,2,0,0,189,0,189,0,0,191,0,191,268,0,268,459
06/10/2001,STP,MN,AGL,CE,Towers with Display (VFR),0,0,9,0,9,0,0,93,0,93,0,0,102,0,102,92,0,92,194
06/11/2001,STP,MN,AGL,CE,Towers with Display (VFR),0,0,2,0,2,0,0,104,0,104,0,0,106,0,106,206,0,206,312
06/12/2001,STP,MN,AGL,CE,Towers with Display (VFR),0,0,9,0,9,0,2,247,4,253,0,2,256,4,262,404,0,404,666
06/13/2001,STP,MN,AGL,CE,Towers with Display (VFR),0,0,0,0,0,0,0,141,4,145,0,0,141,4,145,320,0,320,465
06/14/2001,STP,MN,AGL,CE,Towers with Display (VFR),0,0,5,0,5,0,0,25,0,25,0,0,30,0,30,68,0,68,98
06/15/2001,STP,MN,AGL,CE,Towers with Display (VFR),0,0,3,0,3,0,0,140,0,140,0,0,143,0,143,72,0,72,215
06/16/2001,STP,MN,AGL,CE,Towers with Display (VFR),0,0,6,0,6,0,0,210,0,210,0,0,216,0,216,240,0,240,456
06/17/2001,STP,MN,AGL,CE,Towers with Display (VFR),0,0,0,0,0,0,0,221,0,221,0,0,221,0,221,330,0,330,551
06/18/2001,STP,MN,AGL,CE,Towers with Display (VFR),0,0,10,0,10,0,0,142,0,142,0,0,152,0,152,168,0,168,320
06/19/2001,STP,MN,AGL,CE,Towers with Display (VFR),0,0,7,0,7,0,0,248,0,248,0,0,255,0,255,412,0,412,667
06/20/2001,STP,MN,AGL,CE,Towers with Display (VFR),0,0,8,0,8,0,0,213,286,499,0,0,221,286,507,0,0,0,507
06/21/2001,STP,MN,AGL,CE,Towers with Display (VFR),0,0,4,0,4,0,2,199,6,207,0,2,203,6,211,372,0,372,583
06/22/2001,STP,MN,AGL,CE,Towers with Display (VFR),0,0,1,0,1,0,2,285,6,293,0,2,286,6,294,506,0,506,800
06/23/2001,STP,MN,AGL,CE,Towers with Display (VFR),0,0,1,0,1,0,0,241,0,241,0,0,242,0,242,194,0,194,436
06/24/2001,STP,MN,AGL,CE,Towers with Display (VFR),0,0,1,0,1,0,0,197,0,197,0,0,198,0,198,350,0,350,548
06/25/2001,STP,MN,AGL,CE,Towers with Display (VFR),0,0,2,0,2,0,1,117,0,118,0,1,119,0,120,186,0,186,306
06/26/2001,STP,MN,AGL,CE,Towers with Display (VFR),0,0,0,0,0,0,0,0,0,0,0,0,0,0,0,0,0,0,0
06/27/2001,STP,MN,AGL,CE,Towers with Display (VFR),0,2,50,0,52,0,11,122,23,156,0,13,172,23,208,110,0,110,318
06/28/2001,STP,MN,AGL,CE,Towers with Display (VFR),0,5,92,0,97,0,4,199,34,237,0,9,291,34,334,270,32,302,636
06/29/2001,STP,MN,AGL,CE,Towers with Display (VFR),0,6,113,0,119,0,0,199,21,220,0,6,312,21,339,246,0,246,585
06/30/2001,STP,MN,AGL,CE,Towers with Display (VFR),0,2,39,0,41,0,1,128,0,129,0,3,167,0,170,136,0,136,306
07/01/2001,STP,MN,AGL,CE,Towers with Display (VFR),0,2,39,1,42,0,3,96,2,101,0,5,135,3,143,130,0,130,273
07/02/2001,STP,MN,AGL,CE,Towers with Display (VFR),0,5,56,1,62,0,10,128,3,141,0,15,184,4,203,112,0,112,315
07/03/2001,STP,MN,AGL,CE,Towers with Display (VFR),0,22,104,23,149,0,1,224,0,225,0,23,328,23,374,224,74,298,672
07/04/2001,STP,MN,AGL,CE,Towers with Display (VFR),0,0,6,1,7,0,1,81,1,83,0,1,87,2,90,32,0,32,122
07/05/2001,STP,MN,AGL,CE,Towers with Display (VFR),0,7,86,3,96,0,5,126,18,149,0,12,212,21,245,236,12,248,493
07/06/2001,STP,MN,AGL,CE,Towers with Display (VFR),0,18,59,2,79,0,4,90,13,107,0,22,149,15,186,164,0,164,350
07/07/2001,STP,MN,AGL,CE,Towers with Display (VFR),0,9,24,0,33,0,9,66,0,75,0,18,90,0,108,34,0,34,142
07/08/2001,STP,MN,AGL,CE,Towers with Display (VFR),0,5,48,1,54,0,4,77,0,81,0,9,125,1,135,94,0,94,229
07/09/2001,STP,MN,AGL,CE,Towers with Display (VFR),0,15,112,1,128,0,6,136,23,165,0,21,248,24,293,118,8,126,419
07/10/2001,STP,MN,AGL,CE,Towers with Display (VFR),0,29,153,1,183,0,1,192,31,224,0,30,345,32,407,130,22,152,559
07/11/2001,STP,MN,AGL,CE,Towers with Display (VFR),0,37,175,1,213,0,5,184,29,218,0,42,359,30,431,170,32,202,633
07/12/2001,STP,MN,AGL,CE,Towers with Display (VFR),0,35,137,1,173,0,3,154,34,191,0,38,291,35,364,286,48,334,698
07/13/2001,STP,MN,AGL,CE,Towers with Display (VFR),0,21,119,5,145,0,16,150,13,179,0,37,269,18,324,186,40,226,550
07/14/2001,STP,MN,AGL,CE,Towers with Display (VFR),0,3,27,2,32,0,7,43,4,54,0,10,70,6,86,76,2,78,164
07/15/2001,STP,MN,AGL,CE,Towers with Display (VFR),0,3,45,2,50,0,0,77,2,79,0,3,122,4,129,38,0,38,167
07/16/2001,STP,MN,AGL,CE,Towers with Display (VFR),0,15,90,4,109,0,3,125,6,134,0,18,215,10,243,72,0,72,315
07/17/2001,STP,MN,AGL,CE,Towers with Display (VFR),0,26,150,4,180,0,18,170,0,188,0,44,320,4,368,220,28,248,616
07/18/2001,STP,MN,AGL,CE,Towers with Display (VFR),0,27,159,7,193,0,7,161,17,185,0,34,320,24,378,96,26,122,500
07/19/2001,STP,MN,AGL,CE,Towers with Display (VFR),0,26,150,7,183,0,21,153,23,197,0,47,303,30,380,148,30,178,558
07/20/2001,STP,MN,AGL,CE,Towers with Display (VFR),0,21,114,5,140,0,4,318,3,325,0,25,432,8,465,220,6,226,691
07/21/2001,STP,MN,AGL,CE,Towers with Display (VFR),0,5,47,2,54,0,0,52,7,59,0,5,99,9,113,162,0,162,275
07/22/2001,STP,MN,AGL,CE,Towers with Display (VFR),0,5,74,4,83,0,0,109,0,109,0,5,183,4,192,48,0,48,240
07/23/2001,STP,MN,AGL,CE,Towers with Display (VFR),0,21,114,5,140,0,5,83,15,103,0,26,197,20,243,84,28,112,355
07/24/2001,STP,MN,AGL,CE,Towers with Display (VFR),0,37,207,9,253,0,13,191,25,229,0,50,398,34,482,266,36,302,784
07/25/2001,STP,MN,AGL,CE,Towers with Display (VFR),0,29,160,7,196,0,8,185,19,212,0,37,345,26,408,134,36,170,578
07/26/2001,STP,MN,AGL,CE,Towers with Display (VFR),0,22,119,5,146,0,9,111,21,141,0,31,230,26,287,152,20,172,459
07/27/2001,STP,MN,AGL,CE,Towers with Display (VFR),0,26,149,6,181,0,0,0,7,7,0,26,149,13,188,126,0,126,314
07/28/2001,STP,MN,AGL,CE,Towers with Display (VFR),0,4,97,4,105,0,0,91,66,157,0,4,188,70,262,50,6,56,318
07/29/2001,STP,MN,AGL,CE,Towers with Display (VFR),0,11,64,2,77,0,0,94,38,132,0,11,158,40,209,72,48,120,329
07/30/2001,STP,MN,AGL,CE,Towers with Display (VFR),0,31,176,7,214,0,5,168,19,192,0,36,344,26,406,204,54,258,664
07/31/2001,STP,MN,AGL,CE,Towers with Display (VFR),0,20,109,4,133,0,21,116,34,171,0,41,225,38,304,154,12,166,470
08/01/2001,STP,MN,AGL,CE,Towers with Display (VFR),0,26,161,9,196,0,10,63,33,106,0,36,224,42,302,56,24,80,382
08/02/2001,STP,MN,AGL,CE,Towers with Display (VFR),0,26,150,2,178,0,5,199,23,227,0,31,349,25,405,204,28,232,637
08/03/2001,STP,MN,AGL,CE,Towers with Display (VFR),0,18,110,4,132,0,6,212,16,234,0,24,322,20,366,124,12,136,502
08/04/2001,STP,MN,AGL,CE,Towers with Display (VFR),0,10,60,2,72,0,5,160,7,172,0,15,220,9,244,70,8,78,322
08/05/2001,STP,MN,AGL,CE,Towers with Display (VFR),0,3,91,3,97,0,10,161,0,171,0,13,252,3,268,184,0,184,452
08/06/2001,STP,MN,AGL,CE,Towers with Display (VFR),0,37,135,2,174,0,8,72,17,97,0,45,207,19,271,44,38,82,353
08/07/2001,STP,MN,AGL,CE,Towers with Display (VFR),0,32,222,5,259,0,2,225,55,282,0,34,447,60,541,292,38,330,871
08/08/2001,STP,MN,AGL,CE,Towers with Display (VFR),0,29,153,3,185,0,7,194,44,245,0,36,347,47,430,8,132,140,570
08/09/2001,STP,MN,AGL,CE,Towers with Display (VFR),0,34,155,3,192,0,2,146,42,190,0,36,301,45,382,74,62,136,518
08/10/2001,STP,MN,AGL,CE,Towers with Display (VFR),0,25,150,3,178,0,8,239,24,271,0,33,389,27,449,206,30,236,685
08/11/2001,STP,MN,AGL,CE,Towers with Display (VFR),0,4,48,3,55,0,5,94,11,110,0,9,142,14,165,132,0,132,297
08/12/2001,STP,MN,AGL,CE,Towers with Display (VFR),0,7,97,3,107,0,5,74,2,81,0,12,171,5,188,66,0,66,254
08/13/2001,STP,MN,AGL,CE,Towers with Display (VFR),0,44,209,0,253,0,5,220,24,249,0,49,429,24,502,168,4,172,674
08/14/2001,STP,MN,AGL,CE,Towers with Display (VFR),0,29,170,2,201,0,12,150,18,180,0,41,320,20,381,112,16,128,509
08/15/2001,STP,MN,AGL,CE,Towers with Display (VFR),0,28,177,5,210,0,20,64,17,101,0,48,241,22,311,30,12,42,353
08/16/2001,STP,MN,AGL,CE,Towers with Display (VFR),0,40,159,4,203,0,11,147,26,184,0,51,306,30,387,140,28,168,555
08/17/2001,STP,MN,AGL,CE,Towers with Display (VFR),0,31,151,1,183,0,2,201,8,211,0,33,352,9,394,158,14,172,566
08/18/2001,STP,MN,AGL,CE,Towers with Display (VFR),0,7,60,3,70,0,9,45,5,59,0,16,105,8,129,24,0,24,153
08/19/2001,STP,MN,AGL,CE,Towers with Display (VFR),0,2,99,5,106,0,5,151,33,189,0,7,250,38,295,148,36,184,479
08/20/2001,STP,MN,AGL,CE,Towers with Display (VFR),0,24,143,2,169,0,7,100,8,115,0,31,243,10,284,131,15,146,430
08/21/2001,STP,MN,AGL,CE,Towers with Display (VFR),0,37,105,1,143,0,6,172,33,211,0,43,277,34,354,216,90,306,660
08/22/2001,STP,MN,AGL,CE,Towers with Display (VFR),0,29,116,0,145,0,7,97,29,133,0,36,213,29,278,160,34,194,472
08/23/2001,STP,MN,AGL,CE,Towers with Display (VFR),0,38,150,6,194,0,9,208,42,259,0,47,358,48,453,262,74,336,789
08/24/2001,STP,MN,AGL,CE,Towers with Display (VFR),0,30,130,3,163,0,8,82,10,100,0,38,212,13,263,72,4,76,339
08/25/2001,STP,MN,AGL,CE,Towers with Display (VFR),0,10,62,4,76,0,8,57,12,77,0,18,119,16,153,26,30,56,209
08/26/2001,STP,MN,AGL,CE,Towers with Display (VFR),0,1,49,1,51,0,2,115,2,119,0,3,164,3,170,96,0,96,266
08/27/2001,STP,MN,AGL,CE,Towers with Display (VFR),0,34,166,0,200,0,5,157,14,176,0,39,323,14,376,164,14,178,554
08/28/2001,STP,MN,AGL,CE,Towers with Display (VFR),0,26,107,1,134,0,9,95,22,126,0,35,202,23,260,98,36,134,394
08/29/2001,STP,MN,AGL,CE,Towers with Display (VFR),0,31,103,4,138,0,2,66,32,100,0,33,169,36,238,70,0,70,308
08/30/2001,STP,MN,AGL,CE,Towers with Display (VFR),0,30,142,3,175,0,3,106,26,135,0,33,248,29,310,100,10,110,420
08/31/2001,STP,MN,AGL,CE,Towers with Display (VFR),0,28,135,2,165,0,16,157,13,186,0,44,292,15,351,190,34,224,575
09/01/2001,STP,MN,AGL,CE,Towers with Display (VFR),0,2,47,0,49,0,7,46,0,53,0,9,93,0,102,0,46,46,148
09/02/2001,STP,MN,AGL,CE,Towers with Display (VFR),0,4,43,0,47,0,4,73,0,77,0,8,116,0,124,38,0,38,162
09/03/2001,STP,MN,AGL,CE,Towers with Display (VFR),0,4,60,0,64,0,5,117,0,122,0,9,177,0,186,72,0,72,258
09/04/2001,STP,MN,AGL,CE,Towers with Display (VFR),0,21,90,0,111,0,9,91,13,113,0,30,181,13,224,112,6,118,342
09/05/2001,STP,MN,AGL,CE,Towers with Display (VFR),0,32,145,2,179,0,19,139,12,170,0,51,284,14,349,156,34,190,539
09/06/2001,STP,MN,AGL,CE,Towers with Display (VFR),0,28,174,2,204,0,4,151,20,175,0,32,325,22,379,118,46,164,543
09/07/2001,STP,MN,AGL,CE,Towers with Display (VFR),0,34,143,4,181,0,9,67,6,82,0,43,210,10,263,32,0,32,295
09/08/2001,STP,MN,AGL,CE,Towers with Display (VFR),0,6,113,2,121,0,11,146,29,186,0,17,259,31,307,136,58,194,501
09/09/2001,STP,MN,AGL,CE,Towers with Display (VFR),0,4,129,1,134,0,4,199,10,213,0,8,328,11,347,104,18,122,469
09/10/2001,STP,MN,AGL,CE,Towers with Display (VFR),0,8,32,0,40,0,23,218,9,250,0,31,250,9,290,204,6,210,500
09/11/2001,STP,MN,AGL,CE,Towers with Display (VFR),0,9,28,1,38,0,4,40,6,50,0,13,68,7,88,4,0,4,92
09/12/2001,STP,MN,AGL,CE,Towers with Display (VFR),0,0,0,0,0,0,2,1,0,3,0,2,1,0,3,0,0,0,3
09/13/2001,STP,MN,AGL,CE,Towers with Display (VFR),0,64,2,2,68,0,5,0,15,20,0,69,2,17,88,8,10,18,106
09/14/2001,STP,MN,AGL,CE,Towers with Display (VFR),0,66,27,3,96,0,3,1,6,10,0,69,28,9,106,2,2,4,110
09/15/2001,STP,MN,AGL,CE,Towers with Display (VFR),0,10,84,5,99,0,7,3,1,11,0,17,87,6,110,6,0,6,116
09/16/2001,STP,MN,AGL,CE,Towers with Display (VFR),0,19,10,1,30,0,0,33,10,43,0,19,43,11,73,0,0,0,73
09/17/2001,STP,MN,AGL,CE,Towers with Display (VFR),0,32,102,0,134,0,1,0,0,1,0,33,102,0,135,0,0,0,135
09/18/2001,STP,MN,AGL,CE,Towers with Display (VFR),0,41,146,0,187,0,12,1,0,13,0,53,147,0,200,0,0,0,200
09/19/2001,STP,MN,AGL,CE,Towers with Display (VFR),0,34,125,2,161,0,6,0,0,6,0,40,125,2,167,0,0,0,167
09/20/2001,STP,MN,AGL,CE,Towers with Display (VFR),0,33,107,4,144,0,21,0,1,22,0,54,107,5,166,0,0,0,166
09/21/2001,STP,MN,AGL,CE,Towers with Display (VFR),0,45,163,5,213,0,4,5,6,15,0,49,168,11,228,0,2,2,230
09/22/2001,STP,MN,AGL,CE,Towers with Display (VFR),0,6,25,1,32,0,0,0,9,9,0,6,25,10,41,2,0,2,43
09/23/2001,STP,MN,AGL,CE,Towers with Display (VFR),0,17,69,2,88,0,0,11,6,17,0,17,80,8,105,0,0,0,105
09/24/2001,STP,MN,AGL,CE,Towers with Display (VFR),0,34,133,2,169,0,0,26,0,26,0,34,159,2,195,20,4,24,219
09/25/2001,STP,MN,AGL,CE,Towers with Display (VFR),0,34,127,4,165,0,14,37,27,78,0,48,164,31,243,100,24,124,367
09/26/2001,STP,MN,AGL,CE,Towers with Display (VFR),0,52,191,6,249,0,7,59,17,83,0,59,250,23,332,228,0,228,560
09/27/2001,STP,MN,AGL,CE,Towers with Display (VFR),0,31,169,5,205,0,0,109,2,111,0,31,278,7,316,168,2,170,486
09/28/2001,STP,MN,AGL,CE,Towers with Display (VFR),0,30,110,3,143,0,11,42,5,58,0,41,152,8,201,46,0,46,247
09/29/2001,STP,MN,AGL,CE,Towers with Display (VFR),0,14,81,3,98,0,0,41,1,42,0,14,122,4,140,13,0,13,153
09/30/2001,STP,MN,AGL,CE,Towers with Display (VFR),0,5,76,1,82,0,0,21,0,21,0,5,97,1,103,44,0,44,147
10/01/2001,STP,MN,AGL,CE,Towers with Display (VFR),0,45,136,4,185,0,4,71,1,76,0,49,207,5,261,100,2,102,363
10/02/2001,STP,MN,AGL,CE,Towers with Display (VFR),0,48,201,0,249,0,13,119,24,156,0,61,320,24,405,104,0,104,509
10/03/2001,STP,MN,AGL,CE,Towers with Display (VFR),0,45,186,3,234,0,15,61,22,98,0,60,247,25,332,82,0,82,414
10/04/2001,STP,MN,AGL,CE,Towers with Display (VFR),0,32,196,5,233,0,10,99,18,127,0,42,295,23,360,146,8,154,514
10/05/2001,STP,MN,AGL,CE,Towers with Display (VFR),0,46,134,0,180,0,0,114,33,147,0,46,248,33,327,102,8,110,437
10/06/2001,STP,MN,AGL,CE,Towers with Display (VFR),0,14,119,0,133,0,8,94,6,108,0,22,213,6,241,100,0,100,341
10/07/2001,STP,MN,AGL,CE,Towers with Display (VFR),0,3,83,3,89,0,9,28,0,37,0,12,111,3,126,72,0,72,198
10/08/2001,STP,MN,AGL,CE,Towers with Display (VFR),0,19,105,0,124,0,5,47,0,52,0,24,152,0,176,2,0,2,178
10/09/2001,STP,MN,AGL,CE,Towers with Display (VFR),0,31,131,5,167,0,1,21,4,26,0,32,152,9,193,36,16,52,245
10/10/2001,STP,MN,AGL,CE,Towers with Display (VFR),0,40,147,4,191,0,10,0,7,17,0,50,147,11,208,42,12,54,262
10/11/2001,STP,MN,AGL,CE,Towers with Display (VFR),0,49,301,32,382,0,0,0,0,0,0,49,301,32,382,196,194,390,772
10/12/2001,STP,MN,AGL,CE,Towers with Display (VFR),0,47,230,45,322,0,0,0,0,0,0,47,230,45,322,54,118,172,494
10/13/2001,STP,MN,AGL,CE,Towers with Display (VFR),0,9,83,7,99,0,4,11,0,15,0,13,94,7,114,0,0,0,114
10/14/2001,STP,MN,AGL,CE,Towers with Display (VFR),0,9,69,1,79,0,5,9,0,14,0,14,78,1,93,0,8,8,101
10/15/2001,STP,MN,AGL,CE,Towers with Display (VFR),0,103,26,3,132,0,10,2,4,16,0,113,28,7,148,8,62,70,218
10/16/2001,STP,MN,AGL,CE,Towers with Display (VFR),0,63,202,8,273,0,23,117,13,153,0,86,319,21,426,210,72,282,708
10/17/2001,STP,MN,AGL,CE,Towers with Display (VFR),0,40,185,6,231,0,2,134,14,150,0,42,319,20,381,196,40,236,617
10/18/2001,STP,MN,AGL,CE,Towers with Display (VFR),0,46,115,5,166,0,9,62,16,87,0,55,177,21,253,148,12,160,413
10/19/2001,STP,MN,AGL,CE,Towers with Display (VFR),0,41,147,3,191,0,11,145,32,188,0,52,292,35,379,188,44,232,611
10/20/2001,STP,MN,AGL,CE,Towers with Display (VFR),0,6,47,4,57,0,5,39,0,44,0,11,86,4,101,78,0,78,179
10/21/2001,STP,MN,AGL,CE,Towers with Display (VFR),0,7,115,2,124,0,7,87,0,94,0,14,202,2,218,0,118,118,336
10/22/2001,STP,MN,AGL,CE,Towers with Display (VFR),0,26,156,6,188,0,1,86,18,105,0,27,242,24,293,166,0,166,459
10/23/2001,STP,MN,AGL,CE,Towers with Display (VFR),0,34,158,2,194,0,4,97,28,129,0,38,255,30,323,150,50,200,523
10/24/2001,STP,MN,AGL,CE,Towers with Display (VFR),0,31,160,4,195,0,4,67,25,96,0,35,227,29,291,78,0,78,369
10/25/2001,STP,MN,AGL,CE,Towers with Display (VFR),0,27,121,2,150,0,6,7,0,13,0,33,128,2,163,0,0,0,163
10/26/2001,STP,MN,AGL,CE,Towers with Display (VFR),0,32,156,7,195,0,9,85,5,99,0,41,241,12,294,24,14,38,332
10/27/2001,STP,MN,AGL,CE,Towers with Display (VFR),0,6,83,4,93,0,8,126,1,135,0,14,209,5,228,142,0,142,370
10/28/2001,STP,MN,AGL,CE,Towers with Display (VFR),0,3,51,1,55,0,3,79,0,82,0,6,130,1,137,42,0,42,179
10/29/2001,STP,MN,AGL,CE,Towers with Display (VFR),0,33,133,4,170,0,3,88,15,106,0,36,221,19,276,48,36,84,360
10/30/2001,STP,MN,AGL,CE,Towers with Display (VFR),0,30,138,13,181,0,3,68,41,112,0,33,206,54,293,104,162,266,559
10/31/2001,STP,MN,AGL,CE,Towers with Display (VFR),0,29,119,6,154,0,11,126,33,170,0,40,245,39,324,174,182,356,680
11/01/2001,STP,MN,AGL,CE,Towers with Display (VFR),0,33,185,5,223,0,10,115,51,176,0,43,300,56,399,106,114,220,619
11/02/2001,STP,MN,AGL,CE,Towers with Display (VFR),0,26,153,2,181,0,14,156,23,193,0,40,309,25,374,174,50,224,598
11/03/2001,STP,MN,AGL,CE,Towers with Display (VFR),0,2,71,1,74,0,16,115,7,138,0,18,186,8,212,136,0,136,348
11/04/2001,STP,MN,AGL,CE,Towers with Display (VFR),0,10,100,0,110,0,11,137,7,155,0,21,237,7,265,206,0,206,471
11/05/2001,STP,MN,AGL,CE,Towers with Display (VFR),0,20,126,0,146,0,22,82,3,107,0,42,208,3,253,98,58,156,409
11/06/2001,STP,MN,AGL,CE,Towers with Display (VFR),0,30,173,4,207,0,10,184,25,219,0,40,357,29,426,238,86,324,750
11/07/2001,STP,MN,AGL,CE,Towers with Display (VFR),0,36,160,2,198,0,8,80,25,113,0,44,240,27,311,26,98,124,435
11/08/2001,STP,MN,AGL,CE,Towers with Display (VFR),0,36,155,9,200,0,11,89,39,139,0,47,244,48,339,120,56,176,515
11/09/2001,STP,MN,AGL,CE,Towers with Display (VFR),0,19,155,2,176,0,10,145,5,160,0,29,300,7,336,228,8,236,572
11/10/2001,STP,MN,AGL,CE,Towers with Display (VFR),0,9,89,2,100,0,8,88,0,96,0,17,177,2,196,204,0,204,400
11/11/2001,STP,MN,AGL,CE,Towers with Display (VFR),0,0,88,0,88,0,6,95,0,101,0,6,183,0,189,156,0,156,345
11/12/2001,STP,MN,AGL,CE,Towers with Display (VFR),0,23,108,0,131,0,6,94,0,100,0,29,202,0,231,44,0,44,275
11/13/2001,STP,MN,AGL,CE,Towers with Display (VFR),0,25,117,12,154,0,5,18,12,35,0,30,135,24,189,144,56,200,389
11/14/2001,STP,MN,AGL,CE,Towers with Display (VFR),0,42,128,19,189,0,6,2,7,15,0,48,130,26,204,32,2,34,238
11/15/2001,STP,MN,AGL,CE,Towers with Display (VFR),0,27,158,4,189,0,13,212,37,262,0,40,370,41,451,266,52,318,769
11/16/2001,STP,MN,AGL,CE,Towers with Display (VFR),0,26,163,6,195,0,13,181,20,214,0,39,344,26,409,222,70,292,701
11/17/2001,STP,MN,AGL,CE,Towers with Display (VFR),0,5,76,0,81,0,5,172,0,177,0,10,248,0,258,302,0,302,560
11/18/2001,STP,MN,AGL,CE,Towers with Display (VFR),0,0,68,3,71,0,3,18,13,34,0,3,86,16,105,138,0,138,243
11/19/2001,STP,MN,AGL,CE,Towers with Display (VFR),0,31,31,0,62,0,0,241,11,252,0,31,272,11,314,176,14,190,504
11/20/2001,STP,MN,AGL,CE,Towers with Display (VFR),0,40,142,3,185,0,14,203,47,264,0,54,345,50,449,232,76,308,757
11/21/2001,STP,MN,AGL,CE,Towers with Display (VFR),0,32,182,1,215,0,7,225,27,259,0,39,407,28,474,282,28,310,784
11/22/2001,STP,MN,AGL,CE,Towers with Display (VFR),0,5,34,0,39,0,9,19,0,28,0,14,53,0,67,2,0,2,69
11/23/2001,STP,MN,AGL,CE,Towers with Display (VFR),0,20,47,0,67,0,13,126,0,139,0,33,173,0,206,260,0,260,466
11/24/2001,STP,MN,AGL,CE,Towers with Display (VFR),0,8,38,0,46,0,4,0,0,4,0,12,38,0,50,0,0,0,50
11/25/2001,STP,MN,AGL,CE,Towers with Display (VFR),0,15,101,0,116,0,7,19,0,26,0,22,120,0,142,20,0,20,162
11/26/2001,STP,MN,AGL,CE,Towers with Display (VFR),0,35,39,0,74,0,0,14,0,14,0,35,53,0,88,0,0,0,88
11/27/2001,STP,MN,AGL,CE,Towers with Display (VFR),0,33,89,0,122,0,4,0,0,4,0,37,89,0,126,0,0,0,126
11/28/2001,STP,MN,AGL,CE,Towers with Display (VFR),0,18,82,2,102,0,7,8,2,17,0,25,90,4,119,26,4,30,149
11/29/2001,STP,MN,AGL,CE,Towers with Display (VFR),0,30,125,3,158,0,4,16,8,28,0,34,141,11,186,70,42,112,298
11/30/2001,STP,MN,AGL,CE,Towers with Display (VFR),0,41,81,0,122,0,5,11,2,18,0,46,92,2,140,20,0,20,160
12/01/2001,STP,MN,AGL,CE,Towers with Display (VFR),0,5,84,2,91,0,7,64,3,74,0,12,148,5,165,260,4,264,429
12/02/2001,STP,MN,AGL,CE,Towers with Display (VFR),0,6,66,5,77,0,7,112,6,125,0,13,178,11,202,180,2,182,384
12/03/2001,STP,MN,AGL,CE,Towers with Display (VFR),0,23,110,2,135,0,4,23,13,40,0,27,133,15,175,228,42,270,445
12/04/2001,STP,MN,AGL,CE,Towers with Display (VFR),0,47,160,8,215,0,0,33,10,43,0,47,193,18,258,68,42,110,368
12/05/2001,STP,MN,AGL,CE,Towers with Display (VFR),0,36,115,4,155,0,5,23,22,50,0,41,138,26,205,2,20,22,227
12/06/2001,STP,MN,AGL,CE,Towers with Display (VFR),0,41,182,6,229,0,6,182,27,215,0,47,364,33,444,340,12,352,796
12/07/2001,STP,MN,AGL,CE,Towers with Display (VFR),0,19,128,1,148,0,6,115,38,159,0,25,243,39,307,164,142,306,613
12/08/2001,STP,MN,AGL,CE,Towers with Display (VFR),0,7,87,2,96,0,3,85,29,117,0,10,172,31,213,190,48,238,451
12/09/2001,STP,MN,AGL,CE,Towers with Display (VFR),0,9,110,1,120,0,4,140,0,144,0,13,250,1,264,146,10,156,420
12/10/2001,STP,MN,AGL,CE,Towers with Display (VFR),0,29,124,1,154,0,3,134,9,146,0,32,258,10,300,140,10,150,450
12/11/2001,STP,MN,AGL,CE,Towers with Display (VFR),0,32,162,9,203,0,7,140,56,203,0,39,302,65,406,170,84,254,660
12/12/2001,STP,MN,AGL,CE,Towers with Display (VFR),0,22,87,6,115,0,5,36,17,58,0,27,123,23,173,86,28,114,287
12/13/2001,STP,MN,AGL,CE,Towers with Display (VFR),0,36,134,3,173,0,7,67,32,106,0,43,201,35,279,184,98,282,561
12/14/2001,STP,MN,AGL,CE,Towers with Display (VFR),0,26,91,1,118,0,0,19,0,19,0,26,110,1,137,4,0,4,141
12/15/2001,STP,MN,AGL,CE,Towers with Display (VFR),0,10,45,0,55,0,0,38,2,40,0,10,83,2,95,28,0,28,123
12/16/2001,STP,MN,AGL,CE,Towers with Display (VFR),0,12,63,0,75,0,1,15,3,19,0,13,78,3,94,12,0,12,106
12/17/2001,STP,MN,AGL,CE,Towers with Display (VFR),0,35,148,3,186,0,7,105,12,124,0,42,253,15,310,144,18,162,472
12/18/2001,STP,MN,AGL,CE,Towers with Display (VFR),0,41,186,2,229,0,9,248,36,293,0,50,434,38,522,188,62,250,772
12/19/2001,STP,MN,AGL,CE,Towers with Display (VFR),0,23,162,10,195,0,1,148,24,173,0,24,310,34,368,196,94,290,658
12/20/2001,STP,MN,AGL,CE,Towers with Display (VFR),0,39,175,5,219,0,6,169,24,199,0,45,344,29,418,256,28,284,702
12/21/2001,STP,MN,AGL,CE,Towers with Display (VFR),0,41,102,0,143,0,2,112,8,122,0,43,214,8,265,178,16,194,459
12/22/2001,STP,MN,AGL,CE,Towers with Display (VFR),0,7,33,0,40,0,0,16,0,16,0,7,49,0,56,58,0,58,114
12/23/2001,STP,MN,AGL,CE,Towers with Display (VFR),0,8,23,0,31,0,0,1,0,1,0,8,24,0,32,0,0,0,32
12/24/2001,STP,MN,AGL,CE,Towers with Display (VFR),0,8,39,0,47,0,8,27,0,35,0,16,66,0,82,0,0,0,82
12/25/2001,STP,MN,AGL,CE,Towers with Display (VFR),0,14,12,0,26,0,2,3,0,5,0,16,15,0,31,0,0,0,31
12/26/2001,STP,MN,AGL,CE,Towers with Display (VFR),0,35,108,0,143,0,1,49,0,50,0,36,157,0,193,6,20,26,219
12/27/2001,STP,MN,AGL,CE,Towers with Display (VFR),0,24,108,6,138,0,0,83,17,100,0,24,191,23,238,132,34,166,404
12/28/2001,STP,MN,AGL,CE,Towers with Display (VFR),0,24,69,2,95,0,1,122,8,131,0,25,191,10,226,170,56,226,452
12/29/2001,STP,MN,AGL,CE,Towers with Display (VFR),0,7,62,0,69,0,8,91,0,99,0,15,153,0,168,146,0,146,314
12/30/2001,STP,MN,AGL,CE,Towers with Display (VFR),0,10,62,1,73,0,6,50,0,56,0,16,112,1,129,142,0,142,271
12/31/2001,STP,MN,AGL,CE,Towers with Display (VFR),0,18,63,4,85,0,1,98,7,106,0,19,161,11,191,84,0,84,275
01/01/2002,STP,MN,AGL,CE,Towers with Display (VFR),0,16,38,0,54,0,0,50,0,50,0,16,88,0,104,2,0,2,106
01/02/2002,STP,MN,AGL,CE,Towers with Display (VFR),0,25,96,7,128,0,4,133,22,159,0,29,229,29,287,208,40,248,535
01/03/2002,STP,MN,AGL,CE,Towers with Display (VFR),0,42,119,7,168,0,3,123,25,151,0,45,242,32,319,136,54,190,509
01/04/2002,STP,MN,AGL,CE,Towers with Display (VFR),0,24,161,3,188,0,0,147,13,160,0,24,308,16,348,232,62,294,642
01/05/2002,STP,MN,AGL,CE,Towers with Display (VFR),0,9,74,0,83,0,0,123,0,123,0,9,197,0,206,178,0,178,384
01/06/2002,STP,MN,AGL,CE,Towers with Display (VFR),0,8,61,0,69,0,0,103,0,103,0,8,164,0,172,206,0,206,378
01/07/2002,STP,MN,AGL,CE,Towers with Display (VFR),0,29,137,9,175,0,6,144,15,165,0,35,281,24,340,158,24,182,522
01/08/2002,STP,MN,AGL,CE,Towers with Display (VFR),0,39,142,12,193,0,3,148,34,185,0,42,290,46,378,186,70,256,634
01/09/2002,STP,MN,AGL,CE,Towers with Display (VFR),0,35,162,6,203,0,0,196,40,236,0,35,358,46,439,262,100,362,801
01/10/2002,STP,MN,AGL,CE,Towers with Display (VFR),0,37,135,2,174,0,0,107,21,128,0,37,242,23,302,62,66,128,430
01/11/2002,STP,MN,AGL,CE,Towers with Display (VFR),0,26,110,6,142,0,0,137,17,154,0,26,247,23,296,192,22,214,510
01/12/2002,STP,MN,AGL,CE,Towers with Display (VFR),0,10,91,3,104,0,0,146,19,165,0,10,237,22,269,104,0,104,373
01/13/2002,STP,MN,AGL,CE,Towers with Display (VFR),0,14,23,2,39,0,0,49,17,66,0,14,72,19,105,130,16,146,251
01/14/2002,STP,MN,AGL,CE,Towers with Display (VFR),0,41,106,2,149,0,0,18,10,28,0,41,124,12,177,106,20,126,303
01/15/2002,STP,MN,AGL,CE,Towers with Display (VFR),0,35,124,4,163,0,0,106,37,143,0,35,230,41,306,236,42,278,584
01/16/2002,STP,MN,AGL,CE,Towers with Display (VFR),0,31,114,2,147,0,0,0,22,22,0,31,114,24,169,26,18,44,213
01/17/2002,STP,MN,AGL,CE,Towers with Display (VFR),0,13,76,0,89,0,35,227,27,289,0,48,303,27,378,264,80,344,722
01/18/2002,STP,MN,AGL,CE,Towers with Display (VFR),0,36,150,2,188,0,3,160,20,183,0,39,310,22,371,238,64,302,673
01/19/2002,STP,MN,AGL,CE,Towers with Display (VFR),0,12,76,0,88,0,0,88,0,88,0,12,164,0,176,96,0,96,272
01/20/2002,STP,MN,AGL,CE,Towers with Display (VFR),0,12,48,2,62,0,0,71,1,72,0,12,119,3,134,56,0,56,190
01/21/2002,STP,MN,AGL,CE,Towers with Display (VFR),0,22,88,0,110,0,0,79,0,79,0,22,167,0,189,82,0,82,271
01/22/2002,STP,MN,AGL,CE,Towers with Display (VFR),0,38,112,1,151,0,4,143,53,200,0,42,255,54,351,212,56,268,619
01/23/2002,STP,MN,AGL,CE,Towers with Display (VFR),0,36,191,3,230,0,4,16,24,44,0,40,207,27,274,54,106,160,434
01/24/2002,STP,MN,AGL,CE,Towers with Display (VFR),0,0,0,0,0,0,43,431,46,520,0,43,431,46,520,226,104,330,850
01/25/2002,STP,MN,AGL,CE,Towers with Display (VFR),0,35,139,5,179,0,2,115,11,128,0,37,254,16,307,120,10,130,437
01/26/2002,STP,MN,AGL,CE,Towers with Display (VFR),0,5,52,0,57,0,2,155,6,163,0,7,207,6,220,268,0,268,488
01/27/2002,STP,MN,AGL,CE,Towers with Display (VFR),0,6,48,1,55,0,0,63,1,64,0,6,111,2,119,172,20,192,311
01/28/2002,STP,MN,AGL,CE,Towers with Display (VFR),0,42,96,4,142,0,0,5,0,5,0,42,101,4,147,66,16,82,229
01/29/2002,STP,MN,AGL,CE,Towers with Display (VFR),0,44,115,4,163,0,0,5,0,5,0,44,120,4,168,98,19,117,285
01/30/2002,STP,MN,AGL,CE,Towers with Display (VFR),0,41,159,2,202,0,3,123,29,155,0,44,282,31,357,118,12,130,487
01/31/2002,STP,MN,AGL,CE,Towers with Display (VFR),0,31,98,3,132,0,2,45,4,51,0,33,143,7,183,82,2,84,267
02/01/2002,STP,MN,AGL,CE,Towers with Display (VFR),0,23,114,2,139,0,3,156,14,173,0,26,270,16,312,222,61,283,595
02/02/2002,STP,MN,AGL,CE,Towers with Display (VFR),0,8,52,2,62,0,2,81,17,100,0,10,133,19,162,154,22,176,338
02/03/2002,STP,MN,AGL,CE,Towers with Display (VFR),0,7,75,1,83,0,5,36,21,62,0,12,111,22,145,36,8,44,189
02/04/2002,STP,MN,AGL,CE,Towers with Display (VFR),0,30,113,3,146,0,10,129,1,140,0,40,242,4,286,156,4,160,446
02/05/2002,STP,MN,AGL,CE,Towers with Display (VFR),0,36,184,11,231,0,10,142,37,189,0,46,326,48,420,164,30,194,614
02/06/2002,STP,MN,AGL,CE,Towers with Display (VFR),0,38,161,12,211,0,9,109,30,148,0,47,270,42,359,72,20,92,451
02/07/2002,STP,MN,AGL,CE,Towers with Display (VFR),0,28,142,5,175,0,7,137,15,159,0,35,279,20,334,194,16,210,544
02/08/2002,STP,MN,AGL,CE,Towers with Display (VFR),0,23,111,5,139,0,5,160,25,190,0,28,271,30,329,222,20,242,571
02/09/2002,STP,MN,AGL,CE,Towers with Display (VFR),0,7,28,4,39,0,0,14,18,32,0,7,42,22,71,88,42,130,201
02/10/2002,STP,MN,AGL,CE,Towers with Display (VFR),0,12,62,0,74,0,7,83,5,95,0,19,145,5,169,80,0,80,249
02/11/2002,STP,MN,AGL,CE,Towers with Display (VFR),0,34,103,9,146,0,7,70,6,83,0,41,173,15,229,16,2,18,247
02/12/2002,STP,MN,AGL,CE,Towers with Display (VFR),0,31,127,4,162,0,2,27,38,67,0,33,154,42,229,0,66,66,295
02/13/2002,STP,MN,AGL,CE,Towers with Display (VFR),0,33,149,0,182,0,5,161,38,204,0,38,310,38,386,112,144,256,642
02/14/2002,STP,MN,AGL,CE,Towers with Display (VFR),0,32,187,2,221,0,8,151,24,183,0,40,338,26,404,122,82,204,608
02/15/2002,STP,MN,AGL,CE,Towers with Display (VFR),0,33,140,6,179,0,11,126,5,142,0,44,266,11,321,124,6,130,451
02/16/2002,STP,MN,AGL,CE,Towers with Display (VFR),0,5,77,1,83,0,7,112,4,123,0,12,189,5,206,118,0,118,324
02/17/2002,STP,MN,AGL,CE,Towers with Display (VFR),0,9,81,0,90,0,6,179,0,185,0,15,260,0,275,210,2,212,487
02/18/2002,STP,MN,AGL,CE,Towers with Display (VFR),0,19,151,2,172,0,17,166,0,183,0,36,317,2,355,200,0,200,555
02/19/2002,STP,MN,AGL,CE,Towers with Display (VFR),0,46,97,2,145,0,1,0,0,1,0,47,97,2,146,0,0,0,146
02/20/2002,STP,MN,AGL,CE,Towers with Display (VFR),0,40,79,3,122,0,0,3,0,3,0,40,82,3,125,0,0,0,125
02/21/2002,STP,MN,AGL,CE,Towers with Display (VFR),0,29,122,0,151,0,14,137,32,183,0,43,259,32,334,170,74,244,578
02/22/2002,STP,MN,AGL,CE,Towers with Display (VFR),0,36,135,1,172,0,3,182,13,198,0,39,317,14,370,148,30,178,548
02/23/2002,STP,MN,AGL,CE,Towers with Display (VFR),0,11,84,0,95,0,5,118,0,123,0,16,202,0,218,118,0,118,336
02/24/2002,STP,MN,AGL,CE,Towers with Display (VFR),0,15,69,0,84,0,0,17,0,17,0,15,86,0,101,0,0,0,101
02/25/2002,STP,MN,AGL,CE,Towers with Display (VFR),0,24,112,3,139,0,9,98,4,111,0,33,210,7,250,12,20,32,282
02/26/2002,STP,MN,AGL,CE,Towers with Display (VFR),0,25,114,3,142,0,5,13,38,56,0,30,127,41,198,26,52,78,276
02/27/2002,STP,MN,AGL,CE,Towers with Display (VFR),0,34,153,4,191,0,2,117,30,149,0,36,270,34,340,172,28,200,540
02/28/2002,STP,MN,AGL,CE,Towers with Display (VFR),0,30,137,3,170,0,10,116,3,129,0,40,253,6,299,86,58,144,443
03/01/2002,STP,MN,AGL,CE,Towers with Display (VFR),0,25,115,2,142,0,8,136,7,151,0,33,251,9,293,122,30,152,445
03/02/2002,STP,MN,AGL,CE,Towers with Display (VFR),0,5,39,1,45,0,1,83,0,84,0,6,122,1,129,66,2,68,197
03/03/2002,STP,MN,AGL,CE,Towers with Display (VFR),0,14,88,2,104,0,5,79,0,84,0,19,167,2,188,126,0,126,314
03/04/2002,STP,MN,AGL,CE,Towers with Display (VFR),0,24,100,1,125,0,4,12,2,18,0,28,112,3,143,4,0,4,147
03/05/2002,STP,MN,AGL,CE,Towers with Display (VFR),0,51,135,6,192,0,6,32,9,47,0,57,167,15,239,12,10,22,261
03/06/2002,STP,MN,AGL,CE,Towers with Display (VFR),0,45,143,0,188,0,10,105,49,164,0,55,248,49,352,128,66,194,546
03/07/2002,STP,MN,AGL,CE,Towers with Display (VFR),0,20,144,1,165,0,1,101,27,129,0,21,245,28,294,152,6,158,452
03/08/2002,STP,MN,AGL,CE,Towers with Display (VFR),0,35,72,2,109,0,3,8,18,29,0,38,80,20,138,6,8,14,152
03/09/2002,STP,MN,AGL,CE,Towers with Display (VFR),0,0,0,0,0,0,0,0,0,0,0,0,0,0,0,0,0,0,0
03/10/2002,STP,MN,AGL,CE,Towers with Display (VFR),0,4,51,1,56,0,14,35,0,49,0,18,86,1,105,22,0,22,127
03/11/2002,STP,MN,AGL,CE,Towers with Display (VFR),0,33,166,2,201,0,15,159,11,185,0,48,325,13,386,210,6,216,602
03/12/2002,STP,MN,AGL,CE,Towers with Display (VFR),0,44,160,8,212,0,8,151,46,205,0,52,311,54,417,60,24,84,501
03/13/2002,STP,MN,AGL,CE,Towers with Display (VFR),0,31,149,1,181,0,1,137,28,166,0,32,286,29,347,230,32,262,609
03/14/2002,STP,MN,AGL,CE,Towers with Display (VFR),0,17,86,3,106,0,1,3,3,7,0,18,89,6,113,10,4,14,127
03/15/2002,STP,MN,AGL,CE,Towers with Display (VFR),0,29,108,1,138,0,12,57,9,78,0,41,165,10,216,94,16,110,326
03/16/2002,STP,MN,AGL,CE,Towers with Display (VFR),0,4,96,3,103,0,5,177,11,193,0,9,273,14,296,188,8,196,492
03/17/2002,STP,MN,AGL,CE,Towers with Display (VFR),0,5,92,0,97,0,5,79,11,95,0,10,171,11,192,214,0,214,406
03/18/2002,STP,MN,AGL,CE,Towers with Display (VFR),0,34,111,9,154,0,8,49,24,81,0,42,160,33,235,44,22,66,301
03/19/2002,STP,MN,AGL,CE,Towers with Display (VFR),0,31,102,6,139,0,1,17,16,34,0,32,119,22,173,74,102,176,349
03/20/2002,STP,MN,AGL,CE,Towers with Display (VFR),0,35,144,5,184,0,3,120,18,141,0,38,264,23,325,158,30,188,513
03/21/2002,STP,MN,AGL,CE,Towers with Display (VFR),0,29,126,2,157,0,9,81,21,111,0,38,207,23,268,40,0,40,308
03/22/2002,STP,MN,AGL,CE,Towers with Display (VFR),0,30,130,3,163,0,4,119,37,160,0,34,249,40,323,160,46,206,529
03/23/2002,STP,MN,AGL,CE,Towers with Display (VFR),0,26,121,1,148,0,0,154,0,154,0,26,275,1,302,198,0,198,500
03/24/2002,STP,MN,AGL,CE,Towers with Display (VFR),0,9,83,0,92,0,0,93,0,93,0,9,176,0,185,78,0,78,263
03/25/2002,STP,MN,AGL,CE,Towers with Display (VFR),0,33,150,3,186,0,0,132,6,138,0,33,282,9,324,108,12,120,444
03/26/2002,STP,MN,AGL,CE,Towers with Display (VFR),0,33,146,3,182,0,6,180,29,215,0,39,326,32,397,254,44,298,695
03/27/2002,STP,MN,AGL,CE,Towers with Display (VFR),0,36,155,3,194,0,7,165,28,200,0,43,320,31,394,248,110,358,752
03/28/2002,STP,MN,AGL,CE,Towers with Display (VFR),0,32,141,3,176,0,13,109,38,160,0,45,250,41,336,112,64,176,512
03/29/2002,STP,MN,AGL,CE,Towers with Display (VFR),0,24,107,2,133,0,8,128,18,154,0,32,235,20,287,112,28,140,427
03/30/2002,STP,MN,AGL,CE,Towers with Display (VFR),0,9,44,0,53,0,9,98,0,107,0,18,142,0,160,110,0,110,270
03/31/2002,STP,MN,AGL,CE,Towers with Display (VFR),0,8,34,0,42,0,1,16,0,17,0,9,50,0,59,14,0,14,73
04/01/2002,STP,MN,AGL,CE,Towers with Display (VFR),0,22,105,0,127,0,4,8,0,12,0,26,113,0,139,6,0,6,145
04/02/2002,STP,MN,AGL,CE,Towers with Display (VFR),0,41,119,0,160,0,5,4,0,9,0,46,123,0,169,0,0,0,169
04/03/2002,STP,MN,AGL,CE,Towers with Display (VFR),0,31,133,2,166,0,13,114,26,153,0,44,247,28,319,280,78,358,677
04/04/2002,STP,MN,AGL,CE,Towers with Display (VFR),0,60,187,4,251,0,12,222,44,278,0,72,409,48,529,246,36,282,811
04/05/2002,STP,MN,AGL,CE,Towers with Display (VFR),0,26,119,2,147,0,15,120,8,143,0,41,239,10,290,146,0,146,436
04/06/2002,STP,MN,AGL,CE,Towers with Display (VFR),0,18,121,2,141,0,9,137,3,149,0,27,258,5,290,122,0,122,412
04/07/2002,STP,MN,AGL,CE,Towers with Display (VFR),0,6,82,0,88,0,3,106,4,113,0,9,188,4,201,164,0,164,365
04/08/2002,STP,MN,AGL,CE,Towers with Display (VFR),0,22,108,0,130,0,2,60,0,62,0,24,168,0,192,84,0,84,276
04/09/2002,STP,MN,AGL,CE,Towers with Display (VFR),0,55,160,0,215,0,5,189,48,242,0,60,349,48,457,332,60,392,849
04/10/2002,STP,MN,AGL,CE,Towers with Display (VFR),0,30,145,11,186,0,2,53,22,77,0,32,198,33,263,176,44,220,483
04/11/2002,STP,MN,AGL,CE,Towers with Display (VFR),0,51,169,3,223,0,1,1,0,2,0,52,170,3,225,4,0,4,229
04/12/2002,STP,MN,AGL,CE,Towers with Display (VFR),0,16,190,2,208,0,6,137,34,177,0,22,327,36,385,308,60,368,753
04/13/2002,STP,MN,AGL,CE,Towers with Display (VFR),0,22,116,5,143,0,9,162,5,176,0,31,278,10,319,238,0,238,557
04/14/2002,STP,MN,AGL,CE,Towers with Display (VFR),0,8,64,1,73,0,7,89,6,102,0,15,153,7,175,246,0,246,421
04/15/2002,STP,MN,AGL,CE,Towers with Display (VFR),0,37,171,4,212,0,1,200,0,201,0,38,371,4,413,130,0,130,543
04/16/2002,STP,MN,AGL,CE,Towers with Display (VFR),0,28,122,6,156,0,7,52,17,76,0,35,174,23,232,14,12,26,258
04/17/2002,STP,MN,AGL,CE,Towers with Display (VFR),0,37,180,12,229,0,5,213,43,261,0,42,393,55,490,230,20,250,740
04/18/2002,STP,MN,AGL,CE,Towers with Display (VFR),0,22,158,7,187,0,5,142,44,191,0,27,300,51,378,126,84,210,588
04/19/2002,STP,MN,AGL,CE,Towers with Display (VFR),0,31,186,6,223,0,5,150,24,179,0,36,336,30,402,228,86,314,716
04/20/2002,STP,MN,AGL,CE,Towers with Display (VFR),0,5,52,0,57,0,7,140,5,152,0,12,192,5,209,174,0,174,383
04/21/2002,STP,MN,AGL,CE,Towers with Display (VFR),0,8,35,6,49,0,1,0,0,1,0,9,35,6,50,0,0,0,50
04/22/2002,STP,MN,AGL,CE,Towers with Display (VFR),0,28,120,9,157,0,2,5,13,20,0,30,125,22,177,130,14,144,321
04/23/2002,STP,MN,AGL,CE,Towers with Display (VFR),0,35,149,8,192,0,7,156,29,192,0,42,305,37,384,190,30,220,604
04/24/2002,STP,MN,AGL,CE,Towers with Display (VFR),0,36,92,4,132,0,4,40,11,55,0,40,132,15,187,28,2,30,217
04/25/2002,STP,MN,AGL,CE,Towers with Display (VFR),0,43,190,0,233,0,0,179,22,201,0,43,369,22,434,36,40,76,510
04/26/2002,STP,MN,AGL,CE,Towers with Display (VFR),0,35,197,2,234,0,7,218,20,245,0,42,415,22,479,334,30,364,843
04/27/2002,STP,MN,AGL,CE,Towers with Display (VFR),0,5,33,1,39,0,4,0,1,5,0,9,33,2,44,0,0,0,44
04/28/2002,STP,MN,AGL,CE,Towers with Display (VFR),0,17,88,1,106,0,0,64,4,68,0,17,152,5,174,180,0,180,354
04/29/2002,STP,MN,AGL,CE,Towers with Display (VFR),0,20,114,4,138,0,4,77,16,97,0,24,191,20,235,64,12,76,311
04/30/2002,STP,MN,AGL,CE,Towers with Display (VFR),0,34,191,5,230,0,0,214,30,244,0,34,405,35,474,178,32,210,684
05/01/2002,STP,MN,AGL,CE,Towers with Display (VFR),0,32,162,7,201,0,1,160,34,195,0,33,322,41,396,116,24,140,536
05/02/2002,STP,MN,AGL,CE,Towers with Display (VFR),0,33,146,3,182,0,5,119,22,146,0,38,265,25,328,62,0,62,390
05/03/2002,STP,MN,AGL,CE,Towers with Display (VFR),0,30,158,3,191,0,6,205,9,220,0,36,363,12,411,240,18,258,669
05/04/2002,STP,MN,AGL,CE,Towers with Display (VFR),0,3,58,1,62,0,4,49,10,63,0,7,107,11,125,60,0,60,185
05/05/2002,STP,MN,AGL,CE,Towers with Display (VFR),0,11,49,3,63,0,5,79,15,99,0,16,128,18,162,140,46,186,348
05/06/2002,STP,MN,AGL,CE,Towers with Display (VFR),0,38,138,3,179,0,2,37,0,39,0,40,175,3,218,96,0,96,314
05/07/2002,STP,MN,AGL,CE,Towers with Display (VFR),0,40,155,6,201,0,8,129,23,160,0,48,284,29,361,292,8,300,661
05/08/2002,STP,MN,AGL,CE,Towers with Display (VFR),0,24,127,2,153,0,8,18,9,35,0,32,145,11,188,28,4,32,220
05/09/2002,STP,MN,AGL,CE,Towers with Display (VFR),0,36,139,2,177,0,0,39,20,59,0,36,178,22,236,6,16,22,258
05/10/2002,STP,MN,AGL,CE,Towers with Display (VFR),0,40,176,3,219,0,7,218,20,245,0,47,394,23,464,200,41,241,705
05/11/2002,STP,MN,AGL,CE,Towers with Display (VFR),0,16,66,1,83,0,2,38,0,40,0,18,104,1,123,64,0,64,187
05/12/2002,STP,MN,AGL,CE,Towers with Display (VFR),0,14,128,2,144,0,3,62,2,67,0,17,190,4,211,166,6,172,383
05/13/2002,STP,MN,AGL,CE,Towers with Display (VFR),0,26,149,2,177,0,13,154,18,185,0,39,303,20,362,178,0,178,540
05/14/2002,STP,MN,AGL,CE,Towers with Display (VFR),0,41,203,5,249,0,17,234,30,281,0,58,437,35,530,282,30,312,842
05/15/2002,STP,MN,AGL,CE,Towers with Display (VFR),0,33,174,8,215,0,6,114,31,151,0,39,288,39,366,112,58,170,536
05/16/2002,STP,MN,AGL,CE,Towers with Display (VFR),0,38,208,3,249,0,9,181,41,231,0,47,389,44,480,252,42,294,774
05/17/2002,STP,MN,AGL,CE,Towers with Display (VFR),0,24,171,3,198,0,9,165,10,184,0,33,336,13,382,184,26,210,592
05/18/2002,STP,MN,AGL,CE,Towers with Display (VFR),0,16,106,0,122,0,10,130,13,153,0,26,236,13,275,202,0,202,477
05/19/2002,STP,MN,AGL,CE,Towers with Display (VFR),0,9,103,3,115,0,7,158,12,177,0,16,261,15,292,134,0,134,426
05/20/2002,STP,MN,AGL,CE,Towers with Display (VFR),0,16,147,5,168,0,5,242,15,262,0,21,389,20,430,290,16,306,736
05/21/2002,STP,MN,AGL,CE,Towers with Display (VFR),0,40,264,5,309,0,3,261,44,308,0,43,525,49,617,300,22,322,939
05/22/2002,STP,MN,AGL,CE,Towers with Display (VFR),0,43,149,0,192,0,6,53,27,86,0,49,202,27,278,32,22,54,332
05/23/2002,STP,MN,AGL,CE,Towers with Display (VFR),0,36,223,0,259,0,11,201,38,250,0,47,424,38,509,294,32,326,835
05/24/2002,STP,MN,AGL,CE,Towers with Display (VFR),0,37,159,3,199,0,22,212,10,244,0,59,371,13,443,240,18,258,701
05/25/2002,STP,MN,AGL,CE,Towers with Display (VFR),0,5,57,0,62,0,3,87,0,90,0,8,144,0,152,154,0,154,306
05/26/2002,STP,MN,AGL,CE,Towers with Display (VFR),0,2,36,0,38,0,0,78,98,176,0,2,114,98,214,0,0,0,214
05/27/2002,STP,MN,AGL,CE,Towers with Display (VFR),0,9,95,0,104,0,12,131,13,156,0,21,226,13,260,164,10,174,434
05/28/2002,STP,MN,AGL,CE,Towers with Display (VFR),0,30,159,7,196,0,5,95,15,115,0,35,254,22,311,184,0,184,495
05/29/2002,STP,MN,AGL,CE,Towers with Display (VFR),0,48,172,4,224,0,5,181,19,205,0,53,353,23,429,204,20,224,653
05/30/2002,STP,MN,AGL,CE,Towers with Display (VFR),0,41,158,9,208,0,11,176,22,209,0,52,334,31,417,260,10,270,687
05/31/2002,STP,MN,AGL,CE,Towers with Display (VFR),0,26,128,0,154,0,5,159,5,169,0,31,287,5,323,188,0,188,511
06/01/2002,STP,MN,AGL,CE,Towers with Display (VFR),0,8,90,0,98,0,2,179,16,197,0,10,269,16,295,242,26,268,563
06/02/2002,STP,MN,AGL,CE,Towers with Display (VFR),0,17,66,6,89,0,6,88,11,105,0,23,154,17,194,214,0,214,408
06/03/2002,STP,MN,AGL,CE,Towers with Display (VFR),0,27,171,1,199,0,6,58,11,75,0,33,229,12,274,44,20,64,338
06/04/2002,STP,MN,AGL,CE,Towers with Display (VFR),0,42,143,1,186,0,0,22,4,26,0,42,165,5,212,24,0,24,236
06/05/2002,STP,MN,AGL,CE,Towers with Display (VFR),0,40,151,1,192,0,12,210,16,238,0,52,361,17,430,274,2,276,706
06/06/2002,STP,MN,AGL,CE,Towers with Display (VFR),0,31,195,0,226,0,14,211,10,235,0,45,406,10,461,206,0,206,667
06/07/2002,STP,MN,AGL,CE,Towers with Display (VFR),0,36,141,4,181,0,5,159,0,164,0,41,300,4,345,276,0,276,621
06/08/2002,STP,MN,AGL,CE,Towers with Display (VFR),0,6,46,0,52,0,13,103,30,146,0,19,149,30,198,238,62,300,498
06/09/2002,STP,MN,AGL,CE,Towers with Display (VFR),0,18,67,0,85,0,3,66,7,76,0,21,133,7,161,142,8,150,311
06/10/2002,STP,MN,AGL,CE,Towers with Display (VFR),0,41,145,2,188,0,7,97,6,110,0,48,242,8,298,212,0,212,510
06/11/2002,STP,MN,AGL,CE,Towers with Display (VFR),0,47,178,0,225,0,5,129,23,157,0,52,307,23,382,300,0,300,682
06/12/2002,STP,MN,AGL,CE,Towers with Display (VFR),0,44,182,1,227,0,7,214,10,231,0,51,396,11,458,262,14,276,734
06/13/2002,STP,MN,AGL,CE,Towers with Display (VFR),0,42,183,4,229,0,11,175,15,201,0,53,358,19,430,310,8,318,748
06/14/2002,STP,MN,AGL,CE,Towers with Display (VFR),0,39,145,2,186,0,11,145,13,169,0,50,290,15,355,266,8,274,629
06/15/2002,STP,MN,AGL,CE,Towers with Display (VFR),0,11,94,1,106,0,11,146,4,161,0,22,240,5,267,216,2,218,485
06/16/2002,STP,MN,AGL,CE,Towers with Display (VFR),0,13,65,1,79,0,0,128,26,154,0,13,193,27,233,192,0,192,425
06/17/2002,STP,MN,AGL,CE,Towers with Display (VFR),0,28,137,0,165,0,10,168,8,186,0,38,305,8,351,204,0,204,555
06/18/2002,STP,MN,AGL,CE,Towers with Display (VFR),0,33,212,2,247,0,21,231,2,254,0,54,443,4,501,246,0,246,747
06/19/2002,STP,MN,AGL,CE,Towers with Display (VFR),0,44,149,0,193,0,11,54,1,66,0,55,203,1,259,40,0,40,299
06/20/2002,STP,MN,AGL,CE,Towers with Display (VFR),0,37,162,3,202,0,7,212,3,222,0,44,374,6,424,326,0,326,750
06/21/2002,STP,MN,AGL,CE,Towers with Display (VFR),0,45,90,9,144,0,3,37,0,40,0,48,127,9,184,34,0,34,218
06/22/2002,STP,MN,AGL,CE,Towers with Display (VFR),0,17,85,0,102,0,2,122,17,141,0,19,207,17,243,112,0,112,355
06/23/2002,STP,MN,AGL,CE,Towers with Display (VFR),0,22,95,0,117,0,0,101,1,102,0,22,196,1,219,128,0,128,347
06/24/2002,STP,MN,AGL,CE,Towers with Display (VFR),0,30,106,0,136,0,0,30,1,31,0,30,136,1,167,142,0,142,309
06/25/2002,STP,MN,AGL,CE,Towers with Display (VFR),0,30,183,1,214,0,0,242,14,256,0,30,425,15,470,310,0,310,780
06/26/2002,STP,MN,AGL,CE,Towers with Display (VFR),0,56,242,4,302,0,10,186,26,222,0,66,428,30,524,320,76,396,920
06/27/2002,STP,MN,AGL,CE,Towers with Display (VFR),0,35,212,1,248,0,5,275,22,302,0,40,487,23,550,368,44,412,962
06/28/2002,STP,MN,AGL,CE,Towers with Display (VFR),0,19,162,0,181,0,5,233,14,252,0,24,395,14,433,276,18,294,727
06/29/2002,STP,MN,AGL,CE,Towers with Display (VFR),0,5,60,0,65,0,1,106,0,107,0,6,166,0,172,133,0,133,305
06/30/2002,STP,MN,AGL,CE,Towers with Display (VFR),0,6,61,1,68,0,0,114,5,119,0,6,175,6,187,82,0,82,269
07/01/2002,STP,MN,AGL,CE,Towers with Display (VFR),0,26,93,5,124,0,0,111,2,113,0,26,204,7,237,110,10,120,357
07/02/2002,STP,MN,AGL,CE,Towers with Display (VFR),0,31,162,5,198,0,10,230,20,260,0,41,392,25,458,262,10,272,730
07/03/2002,STP,MN,AGL,CE,Towers with Display (VFR),0,37,143,7,187,0,2,309,18,329,0,39,452,25,516,402,18,420,936
07/04/2002,STP,MN,AGL,CE,Towers with Display (VFR),0,12,36,0,48,0,3,101,4,108,0,15,137,4,156,46,0,46,202
07/05/2002,STP,MN,AGL,CE,Towers with Display (VFR),0,16,70,0,86,0,3,151,0,154,0,19,221,0,240,186,10,196,436
07/06/2002,STP,MN,AGL,CE,Towers with Display (VFR),0,4,44,0,48,0,2,106,3,111,0,6,150,3,159,86,0,86,245
07/07/2002,STP,MN,AGL,CE,Towers with Display (VFR),0,8,50,0,58,0,6,116,2,124,0,14,166,2,182,172,0,172,354
07/08/2002,STP,MN,AGL,CE,Towers with Display (VFR),0,24,180,0,204,0,7,170,7,184,0,31,350,7,388,258,32,290,678
07/09/2002,STP,MN,AGL,CE,Towers with Display (VFR),0,27,151,5,183,0,5,207,23,235,0,32,358,28,418,248,0,248,666
07/10/2002,STP,MN,AGL,CE,Towers with Display (VFR),0,40,121,1,162,0,1,24,2,27,0,41,145,3,189,0,14,14,203
07/11/2002,STP,MN,AGL,CE,Towers with Display (VFR),0,40,223,3,266,0,11,278,52,341,0,51,501,55,607,334,42,376,983
07/12/2002,STP,MN,AGL,CE,Towers with Display (VFR),0,27,151,0,178,0,9,258,23,290,0,36,409,23,468,380,34,414,882
07/13/2002,STP,MN,AGL,CE,Towers with Display (VFR),0,11,117,1,129,0,11,138,6,155,0,22,255,7,284,280,12,292,576
07/14/2002,STP,MN,AGL,CE,Towers with Display (VFR),0,8,104,0,112,0,5,146,1,152,0,13,250,1,264,254,8,262,526
07/15/2002,STP,MN,AGL,CE,Towers with Display (VFR),0,33,157,10,200,0,4,205,25,234,0,37,362,35,434,354,42,396,830
07/16/2002,STP,MN,AGL,CE,Towers with Display (VFR),0,41,205,2,248,0,11,234,29,274,0,52,439,31,522,266,40,306,828
07/17/2002,STP,MN,AGL,CE,Towers with Display (VFR),0,35,217,1,253,0,12,242,31,285,0,47,459,32,538,262,20,282,820
07/18/2002,STP,MN,AGL,CE,Towers with Display (VFR),0,41,178,5,224,0,8,215,22,245,0,49,393,27,469,284,70,354,823
07/19/2002,STP,MN,AGL,CE,Towers with Display (VFR),0,26,173,5,204,0,3,80,15,98,0,29,253,20,302,114,12,126,428
07/20/2002,STP,MN,AGL,CE,Towers with Display (VFR),0,17,67,1,85,0,5,75,13,93,0,22,142,14,178,114,0,114,292
07/21/2002,STP,MN,AGL,CE,Towers with Display (VFR),0,14,103,2,119,0,2,125,9,136,0,16,228,11,255,114,6,120,375
07/22/2002,STP,MN,AGL,CE,Towers with Display (VFR),0,35,159,1,195,0,8,199,26,233,0,43,358,27,428,222,30,252,680
07/23/2002,STP,MN,AGL,CE,Towers with Display (VFR),0,30,183,2,215,0,9,230,51,290,0,39,413,53,505,354,30,384,889
07/24/2002,STP,MN,AGL,CE,Towers with Display (VFR),0,44,151,4,199,0,3,99,16,118,0,47,250,20,317,140,50,190,507
07/25/2002,STP,MN,AGL,CE,Towers with Display (VFR),0,43,165,0,208,0,8,137,26,171,0,51,302,26,379,320,22,342,721
07/26/2002,STP,MN,AGL,CE,Towers with Display (VFR),0,16,166,1,183,0,4,197,21,222,0,20,363,22,405,282,20,302,707
07/27/2002,STP,MN,AGL,CE,Towers with Display (VFR),0,4,87,2,93,0,2,134,50,186,0,6,221,52,279,240,28,268,547
07/28/2002,STP,MN,AGL,CE,Towers with Display (VFR),0,3,70,0,73,0,3,92,1,96,0,6,162,1,169,148,2,150,319
07/29/2002,STP,MN,AGL,CE,Towers with Display (VFR),0,32,140,3,175,0,6,159,8,173,0,38,299,11,348,188,6,194,542
07/30/2002,STP,MN,AGL,CE,Towers with Display (VFR),0,60,194,2,256,0,13,165,31,209,0,73,359,33,465,292,10,302,767
07/31/2002,STP,MN,AGL,CE,Towers with Display (VFR),0,39,186,7,232,0,19,201,11,231,0,58,387,18,463,266,46,312,775
08/01/2002,STP,MN,AGL,CE,Towers with Display (VFR),0,32,211,3,246,0,9,191,32,232,0,41,402,35,478,330,28,358,836
08/02/2002,STP,MN,AGL,CE,Towers with Display (VFR),0,30,161,0,191,0,7,295,13,315,0,37,456,13,506,336,18,354,860
08/03/2002,STP,MN,AGL,CE,Towers with Display (VFR),0,11,57,1,69,0,9,144,14,167,0,20,201,15,236,198,0,198,434
08/04/2002,STP,MN,AGL,CE,Towers with Display (VFR),0,10,89,2,101,0,3,60,4,67,0,13,149,6,168,50,10,60,228
08/05/2002,STP,MN,AGL,CE,Towers with Display (VFR),0,29,200,9,238,0,5,216,5,226,0,34,416,14,464,446,14,460,924
08/06/2002,STP,MN,AGL,CE,Towers with Display (VFR),0,37,199,2,238,0,0,231,25,256,0,37,430,27,494,338,40,378,872
08/07/2002,STP,MN,AGL,CE,Towers with Display (VFR),0,47,201,9,257,0,7,288,30,325,0,54,489,39,582,314,10,324,906
08/08/2002,STP,MN,AGL,CE,Towers with Display (VFR),0,44,184,6,234,0,11,238,29,278,0,55,422,35,512,334,14,348,860
08/09/2002,STP,MN,AGL,CE,Towers with Display (VFR),0,24,125,2,151,0,4,184,16,204,0,28,309,18,355,288,8,296,651
08/10/2002,STP,MN,AGL,CE,Towers with Display (VFR),0,11,38,2,51,0,5,59,2,66,0,16,97,4,117,60,0,60,177
08/11/2002,STP,MN,AGL,CE,Towers with Display (VFR),0,23,108,3,134,0,7,221,1,229,0,30,329,4,363,212,0,212,575
08/12/2002,STP,MN,AGL,CE,Towers with Display (VFR),0,29,161,5,195,0,11,122,18,151,0,40,283,23,346,202,34,236,582
08/13/2002,STP,MN,AGL,CE,Towers with Display (VFR),0,35,185,9,229,0,3,186,25,214,0,38,371,34,443,350,30,380,823
08/14/2002,STP,MN,AGL,CE,Towers with Display (VFR),0,25,161,2,188,0,8,124,20,152,0,33,285,22,340,104,0,104,444
08/15/2002,STP,MN,AGL,CE,Towers with Display (VFR),0,28,160,10,198,0,4,149,12,165,0,32,309,22,363,216,12,228,591
08/16/2002,STP,MN,AGL,CE,Towers with Display (VFR),0,22,173,5,200,0,1,171,27,199,0,23,344,32,399,260,68,328,727
08/17/2002,STP,MN,AGL,CE,Towers with Display (VFR),0,10,52,3,65,0,6,10,0,16,0,16,62,3,81,0,0,0,81
08/18/2002,STP,MN,AGL,CE,Towers with Display (VFR),0,10,60,4,74,0,7,89,2,98,0,17,149,6,172,194,0,194,366
08/19/2002,STP,MN,AGL,CE,Towers with Display (VFR),0,26,157,2,185,0,5,212,9,226,0,31,369,11,411,376,32,408,819
08/20/2002,STP,MN,AGL,CE,Towers with Display (VFR),0,28,149,2,179,0,6,131,10,147,0,34,280,12,326,246,4,250,576
08/21/2002,STP,MN,AGL,CE,Towers with Display (VFR),0,35,114,0,149,0,2,15,7,24,0,37,129,7,173,50,8,58,231
08/22/2002,STP,MN,AGL,CE,Towers with Display (VFR),0,37,206,3,246,0,6,74,23,103,0,43,280,26,349,108,10,118,467
08/23/2002,STP,MN,AGL,CE,Towers with Display (VFR),0,23,196,5,224,0,7,130,26,163,0,30,326,31,387,202,84,286,673
08/24/2002,STP,MN,AGL,CE,Towers with Display (VFR),0,13,94,0,107,0,10,193,15,218,0,23,287,15,325,264,40,304,629
08/25/2002,STP,MN,AGL,CE,Towers with Display (VFR),0,14,100,4,118,0,11,139,10,160,0,25,239,14,278,250,22,272,550
08/26/2002,STP,MN,AGL,CE,Towers with Display (VFR),0,17,145,5,167,0,6,189,9,204,0,23,334,14,371,312,0,312,683
08/27/2002,STP,MN,AGL,CE,Towers with Display (VFR),0,30,197,7,234,0,8,235,20,263,0,38,432,27,497,312,60,372,869
08/28/2002,STP,MN,AGL,CE,Towers with Display (VFR),0,29,180,4,213,0,5,170,14,189,0,34,350,18,402,232,82,314,716
08/29/2002,STP,MN,AGL,CE,Towers with Display (VFR),0,28,184,2,214,0,7,140,26,173,0,35,324,28,387,224,64,288,675
08/30/2002,STP,MN,AGL,CE,Towers with Display (VFR),0,27,163,3,193,0,14,188,15,217,0,41,351,18,410,424,44,468,878
08/31/2002,STP,MN,AGL,CE,Towers with Display (VFR),0,4,85,0,89,0,6,139,1,146,0,10,224,1,235,156,0,156,391
09/01/2002,STP,MN,AGL,CE,Towers with Display (VFR),0,6,36,0,42,0,3,22,2,27,0,9,58,2,69,76,0,76,145
09/02/2002,STP,MN,AGL,CE,Towers with Display (VFR),0,6,47,0,53,0,3,61,0,64,0,9,108,0,117,114,0,114,231
09/03/2002,STP,MN,AGL,CE,Towers with Display (VFR),0,27,192,0,219,0,15,271,13,299,0,42,463,13,518,422,62,484,1002
09/04/2002,STP,MN,AGL,CE,Towers with Display (VFR),0,31,168,4,203,0,5,182,13,200,0,36,350,17,403,342,56,398,801
09/05/2002,STP,MN,AGL,CE,Towers with Display (VFR),0,32,137,1,170,0,10,107,3,120,0,42,244,4,290,74,2,76,366
09/06/2002,STP,MN,AGL,CE,Towers with Display (VFR),0,32,174,1,207,0,13,145,15,173,0,45,319,16,380,228,48,276,656
09/07/2002,STP,MN,AGL,CE,Towers with Display (VFR),0,12,99,1,112,0,6,166,31,203,0,18,265,32,315,192,40,232,547
09/08/2002,STP,MN,AGL,CE,Towers with Display (VFR),0,1,75,8,84,0,13,120,5,138,0,14,195,13,222,112,0,112,334
09/09/2002,STP,MN,AGL,CE,Towers with Display (VFR),0,18,215,0,233,0,5,164,12,181,0,23,379,12,414,196,52,248,662
09/10/2002,STP,MN,AGL,CE,Towers with Display (VFR),0,47,184,3,234,0,11,222,35,268,0,58,406,38,502,396,60,456,958
09/11/2002,STP,MN,AGL,CE,Towers with Display (VFR),0,29,198,5,232,0,7,197,30,234,0,36,395,35,466,338,18,356,822
09/12/2002,STP,MN,AGL,CE,Towers with Display (VFR),0,34,201,1,236,0,3,208,28,239,0,37,409,29,475,278,18,296,771
09/13/2002,STP,MN,AGL,CE,Towers with Display (VFR),0,2,127,16,145,0,32,152,0,184,0,34,279,16,329,294,26,320,649
09/14/2002,STP,MN,AGL,CE,Towers with Display (VFR),0,11,87,2,100,0,4,54,5,63,0,15,141,7,163,40,0,40,203
09/15/2002,STP,MN,AGL,CE,Towers with Display (VFR),0,27,140,0,167,0,8,142,4,154,0,35,282,4,321,72,0,72,393
09/16/2002,STP,MN,AGL,CE,Towers with Display (VFR),0,17,180,3,200,0,10,161,16,187,0,27,341,19,387,184,30,214,601
09/17/2002,STP,MN,AGL,CE,Towers with Display (VFR),0,53,241,6,300,0,23,230,31,284,0,76,471,37,584,344,66,410,994
09/18/2002,STP,MN,AGL,CE,Towers with Display (VFR),0,46,179,3,228,0,7,109,15,131,0,53,288,18,359,248,0,248,607
09/19/2002,STP,MN,AGL,CE,Towers with Display (VFR),0,44,216,6,266,0,2,129,6,137,0,46,345,12,403,254,8,262,665
09/20/2002,STP,MN,AGL,CE,Towers with Display (VFR),0,37,140,4,181,0,5,127,12,144,0,42,267,16,325,194,46,240,565
09/21/2002,STP,MN,AGL,CE,Towers with Display (VFR),0,12,128,5,145,0,11,156,21,188,0,23,284,26,333,186,20,206,539
09/22/2002,STP,MN,AGL,CE,Towers with Display (VFR),0,8,97,3,108,0,2,82,5,89,0,10,179,8,197,56,0,56,253
09/23/2002,STP,MN,AGL,CE,Towers with Display (VFR),0,31,162,0,193,0,6,83,1,90,0,37,245,1,283,62,0,62,345
09/24/2002,STP,MN,AGL,CE,Towers with Display (VFR),0,52,169,2,223,0,5,154,5,164,0,57,323,7,387,240,0,240,627
09/25/2002,STP,MN,AGL,CE,Towers with Display (VFR),0,40,137,8,185,0,3,53,10,66,0,43,190,18,251,50,12,62,313
09/26/2002,STP,MN,AGL,CE,Towers with Display (VFR),0,34,172,2,208,0,5,189,16,210,0,39,361,18,418,240,52,292,710
09/27/2002,STP,MN,AGL,CE,Towers with Display (VFR),0,24,150,1,175,0,13,185,10,208,0,37,335,11,383,256,16,272,655
09/28/2002,STP,MN,AGL,CE,Towers with Display (VFR),0,15,96,0,111,0,7,83,0,90,0,22,179,0,201,134,0,134,335
09/29/2002,STP,MN,AGL,CE,Towers with Display (VFR),0,12,121,2,135,0,0,0,0,0,0,12,121,2,135,0,0,0,135
09/30/2002,STP,MN,AGL,CE,Towers with Display (VFR),0,20,99,6,125,0,7,105,14,126,0,27,204,20,251,154,38,192,443
10/01/2002,STP,MN,AGL,CE,Towers with Display (VFR),0,33,145,2,180,0,9,181,18,208,0,42,326,20,388,296,70,366,754
10/02/2002,STP,MN,AGL,CE,Towers with Display (VFR),0,28,150,0,178,0,18,163,19,200,0,46,313,19,378,362,42,404,782
10/03/2002,STP,MN,AGL,CE,Towers with Display (VFR),0,30,173,0,203,0,7,73,4,84,0,37,246,4,287,176,22,198,485
10/04/2002,STP,MN,AGL,CE,Towers with Display (VFR),0,24,118,3,145,0,1,17,0,18,0,25,135,3,163,4,0,4,167
10/05/2002,STP,MN,AGL,CE,Towers with Display (VFR),0,19,102,4,125,0,3,162,29,194,0,22,264,33,319,254,58,312,631
10/06/2002,STP,MN,AGL,CE,Towers with Display (VFR),0,15,67,4,86,0,2,12,0,14,0,17,79,4,100,0,0,0,100
10/07/2002,STP,MN,AGL,CE,Towers with Display (VFR),0,19,137,2,158,0,8,165,9,182,0,27,302,11,340,312,24,336,676
10/08/2002,STP,MN,AGL,CE,Towers with Display (VFR),0,25,133,4,162,0,4,204,19,227,0,29,337,23,389,352,6,358,747
10/09/2002,STP,MN,AGL,CE,Towers with Display (VFR),0,36,128,12,176,0,12,204,17,233,0,48,332,29,409,308,48,356,765
10/10/2002,STP,MN,AGL,CE,Towers with Display (VFR),0,33,178,4,215,0,9,122,29,160,0,42,300,33,375,214,44,258,633
10/11/2002,STP,MN,AGL,CE,Towers with Display (VFR),0,28,149,5,182,0,6,134,12,152,0,34,283,17,334,138,0,138,472
10/12/2002,STP,MN,AGL,CE,Towers with Display (VFR),0,10,89,0,99,0,3,72,0,75,0,13,161,0,174,96,0,96,270
10/13/2002,STP,MN,AGL,CE,Towers with Display (VFR),0,6,107,4,117,0,12,168,0,180,0,18,275,4,297,242,0,242,539
10/14/2002,STP,MN,AGL,CE,Towers with Display (VFR),0,16,139,0,155,0,5,113,88,206,0,21,252,88,361,0,0,0,361
10/15/2002,STP,MN,AGL,CE,Towers with Display (VFR),0,40,253,17,310,0,5,278,42,325,0,45,531,59,635,360,52,412,1047
10/16/2002,STP,MN,AGL,CE,Towers with Display (VFR),0,45,187,4,236,0,8,192,16,216,0,53,379,20,452,254,12,266,718
10/17/2002,STP,MN,AGL,CE,Towers with Display (VFR),0,34,166,4,204,0,2,97,32,131,0,36,263,36,335,242,66,308,643
10/18/2002,STP,MN,AGL,CE,Towers with Display (VFR),0,33,138,3,174,0,7,76,25,108,0,40,214,28,282,204,28,232,514
10/19/2002,STP,MN,AGL,CE,Towers with Display (VFR),0,5,76,0,81,0,7,144,4,155,0,12,220,4,236,336,0,336,572
10/20/2002,STP,MN,AGL,CE,Towers with Display (VFR),0,6,68,2,76,0,0,0,0,0,0,6,68,2,76,0,0,0,76
10/21/2002,STP,MN,AGL,CE,Towers with Display (VFR),0,32,164,0,196,0,5,52,7,64,0,37,216,7,260,10,4,14,274
10/22/2002,STP,MN,AGL,CE,Towers with Display (VFR),0,36,172,2,210,0,1,166,55,222,0,37,338,57,432,266,26,292,724
10/23/2002,STP,MN,AGL,CE,Towers with Display (VFR),0,31,211,2,244,0,11,272,28,311,0,42,483,30,555,322,4,326,881
10/24/2002,STP,MN,AGL,CE,Towers with Display (VFR),0,30,165,4,199,0,6,167,17,190,0,36,332,21,389,272,18,290,679
10/25/2002,STP,MN,AGL,CE,Towers with Display (VFR),0,35,122,2,159,0,2,16,0,18,0,37,138,2,177,0,0,0,177
10/26/2002,STP,MN,AGL,CE,Towers with Display (VFR),0,3,69,2,74,0,5,99,1,105,0,8,168,3,179,222,2,224,403
10/27/2002,STP,MN,AGL,CE,Towers with Display (VFR),0,7,67,1,75,0,8,60,0,68,0,15,127,1,143,170,0,170,313
10/28/2002,STP,MN,AGL,CE,Towers with Display (VFR),0,41,100,2,143,0,3,44,10,57,0,44,144,12,200,68,46,114,314
10/29/2002,STP,MN,AGL,CE,Towers with Display (VFR),0,36,167,4,207,0,7,137,40,184,0,43,304,44,391,332,14,346,737
10/30/2002,STP,MN,AGL,CE,Towers with Display (VFR),0,40,113,0,153,0,8,34,5,47,0,48,147,5,200,34,0,34,234
10/31/2002,STP,MN,AGL,CE,Towers with Display (VFR),0,38,175,4,217,0,8,170,11,189,0,46,345,15,406,140,34,174,580
11/01/2002,STP,MN,AGL,CE,Towers with Display (VFR),0,30,124,4,158,0,12,136,10,158,0,42,260,14,316,162,8,170,486
11/02/2002,STP,MN,AGL,CE,Towers with Display (VFR),0,8,122,3,133,0,13,191,31,235,0,21,313,34,368,404,94,498,866
11/03/2002,STP,MN,AGL,CE,Towers with Display (VFR),0,17,66,0,83,0,0,96,9,105,0,17,162,9,188,116,16,132,320
11/04/2002,STP,MN,AGL,CE,Towers with Display (VFR),0,18,125,4,147,0,7,114,5,126,0,25,239,9,273,198,0,198,471
11/05/2002,STP,MN,AGL,CE,Towers with Display (VFR),0,22,65,2,89,0,2,4,1,7,0,24,69,3,96,0,4,4,100
11/06/2002,STP,MN,AGL,CE,Towers with Display (VFR),0,27,155,19,201,0,8,145,28,181,0,35,300,47,382,344,54,398,780
11/07/2002,STP,MN,AGL,CE,Towers with Display (VFR),0,31,191,1,223,0,6,197,42,245,0,37,388,43,468,314,36,350,818
11/08/2002,STP,MN,AGL,CE,Towers with Display (VFR),0,20,149,4,173,0,11,199,16,226,0,31,348,20,399,306,40,346,745
11/09/2002,STP,MN,AGL,CE,Towers with Display (VFR),0,4,88,0,92,0,6,168,1,175,0,10,256,1,267,224,0,224,491
11/10/2002,STP,MN,AGL,CE,Towers with Display (VFR),0,3,75,1,79,0,0,3,0,3,0,3,78,1,82,0,0,0,82
11/11/2002,STP,MN,AGL,CE,Towers with Display (VFR),0,12,94,1,107,0,5,107,0,112,0,17,201,1,219,266,0,266,485
11/12/2002,STP,MN,AGL,CE,Towers with Display (VFR),0,19,131,16,166,0,2,111,31,144,0,21,242,47,310,202,20,222,532
11/13/2002,STP,MN,AGL,CE,Towers with Display (VFR),0,32,88,4,124,0,4,63,15,82,0,36,151,19,206,138,2,140,346
11/14/2002,STP,MN,AGL,CE,Towers with Display (VFR),0,31,118,2,151,0,5,61,14,80,0,36,179,16,231,254,8,262,493
11/15/2002,STP,MN,AGL,CE,Towers with Display (VFR),0,23,103,3,129,0,4,113,10,127,0,27,216,13,256,112,0,112,368
11/16/2002,STP,MN,AGL,CE,Towers with Display (VFR),0,7,58,3,68,0,4,94,14,112,0,11,152,17,180,154,4,158,338
11/17/2002,STP,MN,AGL,CE,Towers with Display (VFR),0,4,71,0,75,0,1,93,5,99,0,5,164,5,174,102,0,102,276
11/18/2002,STP,MN,AGL,CE,Towers with Display (VFR),0,20,86,7,113,0,4,80,15,99,0,24,166,22,212,120,2,122,334
11/19/2002,STP,MN,AGL,CE,Towers with Display (VFR),0,21,113,4,138,0,15,65,23,103,0,36,178,27,241,58,26,84,325
11/20/2002,STP,MN,AGL,CE,Towers with Display (VFR),0,26,120,2,148,0,4,106,9,119,0,30,226,11,267,94,22,116,383
11/21/2002,STP,MN,AGL,CE,Towers with Display (VFR),0,19,96,3,118,0,6,46,2,54,0,25,142,5,172,48,0,48,220
11/22/2002,STP,MN,AGL,CE,Towers with Display (VFR),0,21,111,5,137,0,1,71,6,78,0,22,182,11,215,220,6,226,441
11/23/2002,STP,MN,AGL,CE,Towers with Display (VFR),0,5,31,0,36,0,4,63,1,68,0,9,94,1,104,42,0,42,146
11/24/2002,STP,MN,AGL,CE,Towers with Display (VFR),0,2,50,2,54,0,5,63,0,68,0,7,113,2,122,144,0,144,266
11/25/2002,STP,MN,AGL,CE,Towers with Display (VFR),0,22,85,4,111,0,1,32,7,40,0,23,117,11,151,138,18,156,307
11/26/2002,STP,MN,AGL,CE,Towers with Display (VFR),0,26,123,3,152,0,9,90,20,119,0,35,213,23,271,148,14,162,433
11/27/2002,STP,MN,AGL,CE,Towers with Display (VFR),0,22,84,1,107,0,4,76,0,80,0,26,160,1,187,54,0,54,241
11/28/2002,STP,MN,AGL,CE,Towers with Display (VFR),0,9,18,2,29,0,3,22,0,25,0,12,40,2,54,0,0,0,54
11/29/2002,STP,MN,AGL,CE,Towers with Display (VFR),0,16,25,1,42,0,4,27,0,31,0,20,52,1,73,62,0,62,135
11/30/2002,STP,MN,AGL,CE,Towers with Display (VFR),0,2,53,2,57,0,1,51,0,52,0,3,104,2,109,26,0,26,135
12/01/2002,STP,MN,AGL,CE,Towers with Display (VFR),0,10,86,0,96,0,3,85,0,88,0,13,171,0,184,116,0,116,300
12/02/2002,STP,MN,AGL,CE,Towers with Display (VFR),0,22,77,5,104,0,1,95,3,99,0,23,172,8,203,86,0,86,289
12/03/2002,STP,MN,AGL,CE,Towers with Display (VFR),0,26,105,2,133,0,7,107,28,142,0,33,212,30,275,144,6,150,425
12/04/2002,STP,MN,AGL,CE,Towers with Display (VFR),0,33,100,0,133,0,4,35,9,48,0,37,135,9,181,84,4,88,269
12/05/2002,STP,MN,AGL,CE,Towers with Display (VFR),0,18,100,4,122,0,3,96,8,107,0,21,196,12,229,103,26,129,358
12/06/2002,STP,MN,AGL,CE,Towers with Display (VFR),0,17,78,4,99,0,3,87,7,97,0,20,165,11,196,104,0,104,300
12/07/2002,STP,MN,AGL,CE,Towers with Display (VFR),0,2,40,0,42,0,2,38,0,40,0,4,78,0,82,156,0,156,238
12/08/2002,STP,MN,AGL,CE,Towers with Display (VFR),0,2,61,3,66,0,0,71,2,73,0,2,132,5,139,130,0,130,269
12/09/2002,STP,MN,AGL,CE,Towers with Display (VFR),0,17,91,3,111,0,3,73,4,80,0,20,164,7,191,82,0,82,273
12/10/2002,STP,MN,AGL,CE,Towers with Display (VFR),0,26,135,1,162,0,3,112,25,140,0,29,247,26,302,136,14,150,452
12/11/2002,STP,MN,AGL,CE,Towers with Display (VFR),0,22,87,6,115,0,0,0,0,0,0,22,87,6,115,0,0,0,115
12/12/2002,STP,MN,AGL,CE,Towers with Display (VFR),0,26,107,9,142,0,4,38,11,53,0,30,145,20,195,68,16,84,279
12/13/2002,STP,MN,AGL,CE,Towers with Display (VFR),0,20,82,3,105,0,2,66,8,76,0,22,148,11,181,40,0,40,221
12/14/2002,STP,MN,AGL,CE,Towers with Display (VFR),0,4,64,2,70,0,4,123,0,127,0,8,187,2,197,160,0,160,357
12/15/2002,STP,MN,AGL,CE,Towers with Display (VFR),0,8,59,1,68,0,1,114,0,115,0,9,173,1,183,98,0,98,281
12/16/2002,STP,MN,AGL,CE,Towers with Display (VFR),0,36,99,1,136,0,0,59,15,74,0,36,158,16,210,92,0,92,302
12/17/2002,STP,MN,AGL,CE,Towers with Display (VFR),0,28,90,0,118,0,8,21,16,45,0,36,111,16,163,32,4,36,199
12/18/2002,STP,MN,AGL,CE,Towers with Display (VFR),0,29,85,0,114,0,0,2,0,2,0,29,87,0,116,0,0,0,116
12/19/2002,STP,MN,AGL,CE,Towers with Display (VFR),0,28,99,3,130,0,0,11,9,20,0,28,110,12,150,26,0,26,176
12/20/2002,STP,MN,AGL,CE,Towers with Display (VFR),0,22,80,1,103,0,1,15,8,24,0,23,95,9,127,16,6,22,149
12/21/2002,STP,MN,AGL,CE,Towers with Display (VFR),0,10,50,0,60,0,1,35,0,36,0,11,85,0,96,138,0,138,234
12/22/2002,STP,MN,AGL,CE,Towers with Display (VFR),0,5,23,0,28,0,6,13,0,19,0,11,36,0,47,20,0,20,67
12/23/2002,STP,MN,AGL,CE,Towers with Display (VFR),0,12,78,0,90,0,4,50,7,61,0,16,128,7,151,152,6,158,309
12/24/2002,STP,MN,AGL,CE,Towers with Display (VFR),0,25,20,0,45,0,0,7,0,7,0,25,27,0,52,30,0,30,82
12/25/2002,STP,MN,AGL,CE,Towers with Display (VFR),0,6,18,0,24,0,4,17,0,21,0,10,35,0,45,4,0,4,49
12/26/2002,STP,MN,AGL,CE,Towers with Display (VFR),0,19,79,2,100,0,10,103,15,128,0,29,182,17,228,72,0,72,300
12/27/2002,STP,MN,AGL,CE,Towers with Display (VFR),0,13,64,2,79,0,5,94,7,106,0,18,158,9,185,134,0,134,319
12/28/2002,STP,MN,AGL,CE,Towers with Display (VFR),0,7,37,0,44,0,3,74,1,78,0,10,111,1,122,130,0,130,252
12/29/2002,STP,MN,AGL,CE,Towers with Display (VFR),0,1,39,0,40,0,0,43,0,43,0,1,82,0,83,118,0,118,201
12/30/2002,STP,MN,AGL,CE,Towers with Display (VFR),0,18,50,7,75,0,1,37,6,44,0,19,87,13,119,46,2,48,167
12/31/2002,STP,MN,AGL,CE,Towers with Display (VFR),0,23,55,2,80,0,34,39,4,77,0,57,94,6,157,122,0,122,279
01/01/2003,STP,MN,AGL,CE,Towers with Display (VFR),0,6,25,2,33,0,9,28,0,37,0,15,53,2,70,28,0,28,98
01/02/2003,STP,MN,AGL,CE,Towers with Display (VFR),0,17,51,1,69,0,2,103,7,112,0,19,154,8,181,236,8,244,425
01/03/2003,STP,MN,AGL,CE,Towers with Display (VFR),0,20,64,3,87,0,4,90,9,103,0,24,154,12,190,140,4,144,334
01/04/2003,STP,MN,AGL,CE,Towers with Display (VFR),0,3,34,4,41,0,2,4,0,6,0,5,38,4,47,10,0,10,57
01/05/2003,STP,MN,AGL,CE,Towers with Display (VFR),0,5,35,2,42,0,0,0,0,0,0,5,35,2,42,0,0,0,42
01/06/2003,STP,MN,AGL,CE,Towers with Display (VFR),0,18,57,3,78,0,1,63,0,64,0,19,120,3,142,174,0,174,316
01/07/2003,STP,MN,AGL,CE,Towers with Display (VFR),0,28,89,1,118,0,7,142,28,177,0,35,231,29,295,122,4,126,421
01/08/2003,STP,MN,AGL,CE,Towers with Display (VFR),0,25,92,7,124,0,1,82,18,101,0,26,174,25,225,132,2,134,359
01/09/2003,STP,MN,AGL,CE,Towers with Display (VFR),0,23,80,1,104,0,8,63,16,87,0,31,143,17,191,150,34,184,375
01/10/2003,STP,MN,AGL,CE,Towers with Display (VFR),0,14,74,4,92,0,8,69,12,89,0,22,143,16,181,152,18,170,351
01/11/2003,STP,MN,AGL,CE,Towers with Display (VFR),0,6,54,2,62,0,3,109,21,133,0,9,163,23,195,226,4,230,425
01/12/2003,STP,MN,AGL,CE,Towers with Display (VFR),0,10,38,2,50,0,4,79,8,91,0,14,117,10,141,88,36,124,265
01/13/2003,STP,MN,AGL,CE,Towers with Display (VFR),0,12,76,2,90,0,1,40,9,50,0,13,116,11,140,64,24,88,228
01/14/2003,STP,MN,AGL,CE,Towers with Display (VFR),0,24,85,4,113,0,8,84,26,118,0,32,169,30,231,62,32,94,325
01/15/2003,STP,MN,AGL,CE,Towers with Display (VFR),0,32,91,3,126,0,3,84,25,112,0,35,175,28,238,94,8,102,340
01/16/2003,STP,MN,AGL,CE,Towers with Display (VFR),0,26,95,3,124,0,4,100,19,123,0,30,195,22,247,114,8,122,369
01/17/2003,STP,MN,AGL,CE,Towers with Display (VFR),0,21,91,7,119,0,4,76,13,93,0,25,167,20,212,82,0,82,294
01/18/2003,STP,MN,AGL,CE,Towers with Display (VFR),0,7,38,0,45,0,5,66,0,71,0,12,104,0,116,124,0,124,240
01/19/2003,STP,MN,AGL,CE,Towers with Display (VFR),0,8,32,0,40,0,0,24,0,24,0,8,56,0,64,160,0,160,224
01/20/2003,STP,MN,AGL,CE,Towers with Display (VFR),0,15,80,0,95,0,6,100,0,106,0,21,180,0,201,150,24,174,375
01/21/2003,STP,MN,AGL,CE,Towers with Display (VFR),0,28,84,9,121,0,6,84,29,119,0,34,168,38,240,152,24,176,416
01/22/2003,STP,MN,AGL,CE,Towers with Display (VFR),0,30,78,5,113,0,6,81,15,102,0,36,159,20,215,148,22,170,385
01/23/2003,STP,MN,AGL,CE,Towers with Display (VFR),0,28,122,5,155,0,7,69,12,88,0,35,191,17,243,94,66,160,403
01/24/2003,STP,MN,AGL,CE,Towers with Display (VFR),0,31,96,2,129,0,2,36,2,40,0,33,132,4,169,102,20,122,291
01/25/2003,STP,MN,AGL,CE,Towers with Display (VFR),0,4,31,8,43,0,4,22,27,53,0,8,53,35,96,56,24,80,176
01/26/2003,STP,MN,AGL,CE,Towers with Display (VFR),0,7,41,8,56,0,3,59,11,73,0,10,100,19,129,22,56,78,207
01/27/2003,STP,MN,AGL,CE,Towers with Display (VFR),0,16,153,6,175,0,9,101,8,118,0,25,254,14,293,124,34,158,451
01/28/2003,STP,MN,AGL,CE,Towers with Display (VFR),0,31,76,4,111,0,4,35,28,67,0,35,111,32,178,16,10,26,204
01/29/2003,STP,MN,AGL,CE,Towers with Display (VFR),0,29,138,6,173,0,0,175,35,210,0,29,313,41,383,256,90,346,729
01/30/2003,STP,MN,AGL,CE,Towers with Display (VFR),0,20,76,3,99,0,6,5,3,14,0,26,81,6,113,0,2,2,115
01/31/2003,STP,MN,AGL,CE,Towers with Display (VFR),0,21,77,4,102,0,8,0,2,10,0,29,77,6,112,20,0,20,132
02/01/2003,STP,MN,AGL,CE,Towers with Display (VFR),0,5,54,0,59,0,1,0,0,1,0,6,54,0,60,0,0,0,60
02/02/2003,STP,MN,AGL,CE,Towers with Display (VFR),0,4,28,0,32,0,1,0,33,34,0,5,28,33,66,0,0,0,66
02/03/2003,STP,MN,AGL,CE,Towers with Display (VFR),0,21,68,3,92,0,6,17,3,26,0,27,85,6,118,6,40,46,164
02/04/2003,STP,MN,AGL,CE,Towers with Display (VFR),0,37,113,3,153,0,1,162,41,204,0,38,275,44,357,290,100,390,747
02/05/2003,STP,MN,AGL,CE,Towers with Display (VFR),0,30,65,6,101,0,2,5,2,9,0,32,70,8,110,0,0,0,110
02/06/2003,STP,MN,AGL,CE,Towers with Display (VFR),0,24,84,2,110,0,5,86,20,111,0,29,170,22,221,128,8,136,357
02/07/2003,STP,MN,AGL,CE,Towers with Display (VFR),0,18,161,2,181,0,5,126,5,136,0,23,287,7,317,370,12,382,699
02/08/2003,STP,MN,AGL,CE,Towers with Display (VFR),0,6,100,0,106,0,7,128,12,147,0,13,228,12,253,126,42,168,421
02/09/2003,STP,MN,AGL,CE,Towers with Display (VFR),0,6,64,0,70,0,2,76,2,80,0,8,140,2,150,138,8,146,296
02/10/2003,STP,MN,AGL,CE,Towers with Display (VFR),0,31,97,4,132,0,5,109,9,123,0,36,206,13,255,146,0,146,401
02/11/2003,STP,MN,AGL,CE,Towers with Display (VFR),0,38,78,3,119,0,1,17,1,19,0,39,95,4,138,30,2,32,170
02/12/2003,STP,MN,AGL,CE,Towers with Display (VFR),0,34,95,6,135,0,4,117,22,143,0,38,212,28,278,376,6,382,660
02/13/2003,STP,MN,AGL,CE,Towers with Display (VFR),0,29,132,3,164,0,0,144,25,169,0,29,276,28,333,382,2,384,717
02/14/2003,STP,MN,AGL,CE,Towers with Display (VFR),0,23,103,0,126,0,6,65,9,80,0,29,168,9,206,182,62,244,450
02/15/2003,STP,MN,AGL,CE,Towers with Display (VFR),0,10,49,0,59,0,1,142,0,143,0,11,191,0,202,280,0,280,482
02/16/2003,STP,MN,AGL,CE,Towers with Display (VFR),0,7,64,0,71,0,6,192,0,198,0,13,256,0,269,280,0,280,549
02/17/2003,STP,MN,AGL,CE,Towers with Display (VFR),0,15,74,1,90,0,4,142,0,146,0,19,216,1,236,246,0,246,482
02/18/2003,STP,MN,AGL,CE,Towers with Display (VFR),0,29,177,9,215,0,3,205,36,244,0,32,382,45,459,384,66,450,909
02/19/2003,STP,MN,AGL,CE,Towers with Display (VFR),0,36,120,6,162,0,8,143,17,168,0,44,263,23,330,350,46,396,726
02/20/2003,STP,MN,AGL,CE,Towers with Display (VFR),0,8,56,3,67,0,21,185,24,230,0,29,241,27,297,268,30,298,595
02/21/2003,STP,MN,AGL,CE,Towers with Display (VFR),0,43,134,8,185,0,9,169,24,202,0,52,303,32,387,306,36,342,729
02/22/2003,STP,MN,AGL,CE,Towers with Display (VFR),0,15,128,1,144,0,0,87,72,159,0,15,215,73,303,266,130,396,699
02/23/2003,STP,MN,AGL,CE,Towers with Display (VFR),0,9,110,4,123,0,0,57,1,58,0,9,167,5,181,204,32,236,417
02/24/2003,STP,MN,AGL,CE,Towers with Display (VFR),0,22,128,1,151,0,5,165,14,184,0,27,293,15,335,260,24,284,619
02/25/2003,STP,MN,AGL,CE,Towers with Display (VFR),0,23,110,4,137,0,8,105,24,137,0,31,215,28,274,226,52,278,552
02/26/2003,STP,MN,AGL,CE,Towers with Display (VFR),0,24,112,2,138,0,8,116,20,144,0,32,228,22,282,262,34,296,578
02/27/2003,STP,MN,AGL,CE,Towers with Display (VFR),0,30,144,2,176,0,7,179,14,200,0,37,323,16,376,408,26,434,810
02/28/2003,STP,MN,AGL,CE,Towers with Display (VFR),0,30,73,3,106,0,4,145,14,163,0,34,218,17,269,282,50,332,601
03/01/2003,STP,MN,AGL,CE,Towers with Display (VFR),0,5,34,0,39,0,0,94,2,96,0,5,128,2,135,154,0,154,289
03/02/2003,STP,MN,AGL,CE,Towers with Display (VFR),0,16,71,1,88,0,1,63,4,68,0,17,134,5,156,120,2,122,278
03/03/2003,STP,MN,AGL,CE,Towers with Display (VFR),0,15,56,3,74,0,3,7,0,10,0,18,63,3,84,36,0,36,120
03/04/2003,STP,MN,AGL,CE,Towers with Display (VFR),0,33,82,6,121,0,2,76,10,88,0,35,158,16,209,164,6,170,379
03/05/2003,STP,MN,AGL,CE,Towers with Display (VFR),0,31,101,1,133,0,6,67,20,93,0,37,168,21,226,196,35,231,457
03/06/2003,STP,MN,AGL,CE,Towers with Display (VFR),0,35,90,2,127,0,0,41,17,58,0,35,131,19,185,40,12,52,237
03/07/2003,STP,MN,AGL,CE,Towers with Display (VFR),0,26,103,4,133,0,4,78,10,92,0,30,181,14,225,180,8,188,413
03/08/2003,STP,MN,AGL,CE,Towers with Display (VFR),0,8,26,0,34,0,3,22,0,25,0,11,48,0,59,32,0,32,91
03/09/2003,STP,MN,AGL,CE,Towers with Display (VFR),0,12,43,2,57,0,0,26,0,26,0,12,69,2,83,48,0,48,131
03/10/2003,STP,MN,AGL,CE,Towers with Display (VFR),0,18,83,2,103,0,4,69,6,79,0,22,152,8,182,114,2,116,298
03/11/2003,STP,MN,AGL,CE,Towers with Display (VFR),0,32,97,7,136,0,3,66,9,78,0,35,163,16,214,82,2,84,298
03/12/2003,STP,MN,AGL,CE,Towers with Display (VFR),0,34,61,4,99,0,7,47,31,85,0,41,108,35,184,156,20,176,360
03/13/2003,STP,MN,AGL,CE,Towers with Display (VFR),0,25,93,5,123,0,4,32,16,52,0,29,125,21,175,126,8,134,309
03/14/2003,STP,MN,AGL,CE,Towers with Display (VFR),0,22,98,3,123,0,5,67,2,74,0,27,165,5,197,62,8,70,267
03/15/2003,STP,MN,AGL,CE,Towers with Display (VFR),0,12,68,1,81,0,4,80,0,84,0,16,148,1,165,180,0,180,345
03/16/2003,STP,MN,AGL,CE,Towers with Display (VFR),0,9,53,1,63,0,0,51,0,51,0,9,104,1,114,100,0,100,214
03/17/2003,STP,MN,AGL,CE,Towers with Display (VFR),0,21,81,3,105,0,2,36,2,40,0,23,117,5,145,96,18,114,259
03/18/2003,STP,MN,AGL,CE,Towers with Display (VFR),0,25,63,6,94,0,0,9,8,17,0,25,72,14,111,24,28,52,163
03/19/2003,STP,MN,AGL,CE,Towers with Display (VFR),0,31,98,7,136,0,12,47,11,70,0,43,145,18,206,148,28,176,382
03/20/2003,STP,MN,AGL,CE,Towers with Display (VFR),0,32,69,1,102,0,2,8,3,13,0,34,77,4,115,0,12,12,127
03/21/2003,STP,MN,AGL,CE,Towers with Display (VFR),0,14,53,2,69,0,2,7,10,19,0,16,60,12,88,4,6,10,98
03/22/2003,STP,MN,AGL,CE,Towers with Display (VFR),0,4,70,0,74,0,8,115,2,125,0,12,185,2,199,150,0,150,349
03/23/2003,STP,MN,AGL,CE,Towers with Display (VFR),0,8,51,1,60,0,1,101,5,107,0,9,152,6,167,126,0,126,293
03/24/2003,STP,MN,AGL,CE,Towers with Display (VFR),0,14,64,4,82,0,3,82,4,89,0,17,146,8,171,96,10,106,277
03/25/2003,STP,MN,AGL,CE,Towers with Display (VFR),0,17,85,5,107,0,4,106,18,128,0,21,191,23,235,130,10,140,375
03/26/2003,STP,MN,AGL,CE,Towers with Display (VFR),0,26,99,3,128,0,6,106,17,129,0,32,205,20,257,112,28,140,397
03/27/2003,STP,MN,AGL,CE,Towers with Display (VFR),0,23,75,2,100,0,2,3,0,5,0,25,78,2,105,6,0,6,111
03/28/2003,STP,MN,AGL,CE,Towers with Display (VFR),0,25,47,3,75,0,4,10,2,16,0,29,57,5,91,6,2,8,99
03/29/2003,STP,MN,AGL,CE,Towers with Display (VFR),0,10,77,2,89,0,0,72,0,72,0,10,149,2,161,80,0,80,241
03/30/2003,STP,MN,AGL,CE,Towers with Display (VFR),0,7,81,0,88,0,3,97,0,100,0,10,178,0,188,172,0,172,360
03/31/2003,STP,MN,AGL,CE,Towers with Display (VFR),0,20,61,5,86,0,1,51,3,55,0,21,112,8,141,84,24,108,249
04/01/2003,STP,MN,AGL,CE,Towers with Display (VFR),0,21,63,5,89,0,5,82,9,96,0,26,145,14,185,126,0,126,311
04/02/2003,STP,MN,AGL,CE,Towers with Display (VFR),0,37,74,2,113,0,5,29,8,42,0,42,103,10,155,10,0,10,165
04/03/2003,STP,MN,AGL,CE,Towers with Display (VFR),0,20,47,2,69,0,0,0,0,0,0,20,47,2,69,0,0,0,69
04/04/2003,STP,MN,AGL,CE,Towers with Display (VFR),0,19,54,1,74,0,2,3,0,5,0,21,57,1,79,0,2,2,81
04/05/2003,STP,MN,AGL,CE,Towers with Display (VFR),0,4,55,4,63,0,2,93,12,107,0,6,148,16,170,228,0,228,398
04/06/2003,STP,MN,AGL,CE,Towers with Display (VFR),0,3,49,1,53,0,5,49,7,61,0,8,98,8,114,114,0,114,228
04/07/2003,STP,MN,AGL,CE,Towers with Display (VFR),0,25,61,3,89,0,1,74,5,80,0,26,135,8,169,102,0,102,271
04/08/2003,STP,MN,AGL,CE,Towers with Display (VFR),0,24,83,7,114,0,8,95,25,128,0,32,178,32,242,180,14,194,436
04/09/2003,STP,MN,AGL,CE,Towers with Display (VFR),0,24,99,3,126,0,2,108,13,123,0,26,207,16,249,120,16,136,385
04/10/2003,STP,MN,AGL,CE,Towers with Display (VFR),0,31,78,2,111,0,4,85,16,105,0,35,163,18,216,68,6,74,290
04/11/2003,STP,MN,AGL,CE,Towers with Display (VFR),0,22,80,2,104,0,6,126,17,149,0,28,206,19,253,178,4,182,435
04/12/2003,STP,MN,AGL,CE,Towers with Display (VFR),0,9,32,6,47,0,3,116,26,145,0,12,148,32,192,266,10,276,468
04/13/2003,STP,MN,AGL,CE,Towers with Display (VFR),0,10,50,1,61,0,4,31,7,42,0,14,81,8,103,18,0,18,121
04/14/2003,STP,MN,AGL,CE,Towers with Display (VFR),0,15,114,6,135,0,5,118,14,137,0,20,232,20,272,84,26,110,382
04/15/2003,STP,MN,AGL,CE,Towers with Display (VFR),0,21,78,3,102,0,6,81,4,91,0,27,159,7,193,132,14,146,339
04/16/2003,STP,MN,AGL,CE,Towers with Display (VFR),0,26,73,2,101,0,1,0,0,1,0,27,73,2,102,0,0,0,102
04/17/2003,STP,MN,AGL,CE,Towers with Display (VFR),0,15,60,3,78,0,4,21,17,42,0,19,81,20,120,74,16,90,210
04/18/2003,STP,MN,AGL,CE,Towers with Display (VFR),0,18,52,0,70,0,2,8,6,16,0,20,60,6,86,0,6,6,92
04/19/2003,STP,MN,AGL,CE,Towers with Display (VFR),0,8,47,0,55,0,0,0,0,0,0,8,47,0,55,0,0,0,55
04/20/2003,STP,MN,AGL,CE,Towers with Display (VFR),0,3,32,0,35,0,1,5,0,6,0,4,37,0,41,0,0,0,41
04/21/2003,STP,MN,AGL,CE,Towers with Display (VFR),0,18,95,2,115,0,4,88,4,96,0,22,183,6,211,156,2,158,369
04/22/2003,STP,MN,AGL,CE,Towers with Display (VFR),0,24,89,6,119,0,6,103,19,128,0,30,192,25,247,274,10,284,531
04/23/2003,STP,MN,AGL,CE,Towers with Display (VFR),0,23,104,2,129,0,4,123,13,140,0,27,227,15,269,218,0,218,487
04/24/2003,STP,MN,AGL,CE,Towers with Display (VFR),0,29,104,5,138,0,7,173,39,219,0,36,277,44,357,148,2,150,507
04/25/2003,STP,MN,AGL,CE,Towers with Display (VFR),0,24,70,3,97,0,7,115,8,130,0,31,185,11,227,256,4,260,487
04/26/2003,STP,MN,AGL,CE,Towers with Display (VFR),0,9,35,0,44,0,0,152,0,152,0,9,187,0,196,66,0,66,262
04/27/2003,STP,MN,AGL,CE,Towers with Display (VFR),0,7,41,0,48,0,4,51,0,55,0,11,92,0,103,38,0,38,141
04/28/2003,STP,MN,AGL,CE,Towers with Display (VFR),0,19,89,1,109,0,4,91,3,98,0,23,180,4,207,238,4,242,449
04/29/2003,STP,MN,AGL,CE,Towers with Display (VFR),0,30,85,2,117,0,8,149,31,188,0,38,234,33,305,190,22,212,517
04/30/2003,STP,MN,AGL,CE,Towers with Display (VFR),0,23,111,7,141,0,4,124,15,143,0,27,235,22,284,253,48,301,585
05/01/2003,STP,MN,AGL,CE,Towers with Display (VFR),0,25,102,2,129,0,6,141,24,171,0,31,243,26,300,200,4,204,504
05/02/2003,STP,MN,AGL,CE,Towers with Display (VFR),0,23,96,1,120,0,7,159,16,182,0,30,255,17,302,210,18,228,530
05/03/2003,STP,MN,AGL,CE,Towers with Display (VFR),0,9,32,0,41,0,13,56,9,78,0,22,88,9,119,166,0,166,285
05/04/2003,STP,MN,AGL,CE,Towers with Display (VFR),0,8,41,0,49,0,5,15,4,24,0,13,56,4,73,0,0,0,73
05/05/2003,STP,MN,AGL,CE,Towers with Display (VFR),0,15,122,5,142,0,0,2,2,4,0,15,124,7,146,0,0,0,146
05/06/2003,STP,MN,AGL,CE,Towers with Display (VFR),0,38,126,2,166,0,3,92,23,118,0,41,218,25,284,164,0,164,448
05/07/2003,STP,MN,AGL,CE,Towers with Display (VFR),0,25,94,2,121,0,10,141,12,163,0,35,235,14,284,286,30,316,600
05/08/2003,STP,MN,AGL,CE,Towers with Display (VFR),0,32,91,0,123,0,9,96,42,147,0,41,187,42,270,172,42,214,484
05/09/2003,STP,MN,AGL,CE,Towers with Display (VFR),0,22,90,0,112,0,4,36,2,42,0,26,126,2,154,24,4,28,182
05/10/2003,STP,MN,AGL,CE,Towers with Display (VFR),0,5,52,2,59,0,0,100,3,103,0,5,152,5,162,286,0,286,448
05/11/2003,STP,MN,AGL,CE,Towers with Display (VFR),0,19,29,0,48,0,5,2,0,7,0,24,31,0,55,2,0,2,57
05/12/2003,STP,MN,AGL,CE,Towers with Display (VFR),0,22,85,3,110,0,6,132,14,152,0,28,217,17,262,166,0,166,428
05/13/2003,STP,MN,AGL,CE,Towers with Display (VFR),0,49,115,1,165,0,11,179,20,210,0,60,294,21,375,192,28,220,595
05/14/2003,STP,MN,AGL,CE,Towers with Display (VFR),0,41,107,4,152,0,5,20,6,31,0,46,127,10,183,86,32,118,301
05/15/2003,STP,MN,AGL,CE,Towers with Display (VFR),0,37,108,3,148,0,2,136,16,154,0,39,244,19,302,242,46,288,590
05/16/2003,STP,MN,AGL,CE,Towers with Display (VFR),0,18,118,3,139,0,7,150,25,182,0,25,268,28,321,194,14,208,529
05/17/2003,STP,MN,AGL,CE,Towers with Display (VFR),0,16,52,0,68,0,9,124,4,137,0,25,176,4,205,208,4,212,417
05/18/2003,STP,MN,AGL,CE,Towers with Display (VFR),0,5,96,3,104,0,11,140,28,179,0,16,236,31,283,134,0,134,417
05/19/2003,STP,MN,AGL,CE,Towers with Display (VFR),0,16,99,2,117,0,1,21,0,22,0,17,120,2,139,16,0,16,155
05/20/2003,STP,MN,AGL,CE,Towers with Display (VFR),0,32,127,9,168,0,12,109,17,138,0,44,236,26,306,154,16,170,476
05/21/2003,STP,MN,AGL,CE,Towers with Display (VFR),0,23,113,4,140,0,8,145,14,167,0,31,258,18,307,164,0,164,471
05/22/2003,STP,MN,AGL,CE,Towers with Display (VFR),0,35,110,9,154,0,1,87,24,112,0,36,197,33,266,154,38,192,458
05/23/2003,STP,MN,AGL,CE,Towers with Display (VFR),0,36,115,2,153,0,1,176,9,186,0,37,291,11,339,230,2,232,571
05/24/2003,STP,MN,AGL,CE,Towers with Display (VFR),0,9,72,0,81,0,17,150,0,167,0,26,222,0,248,272,2,274,522
05/25/2003,STP,MN,AGL,CE,Towers with Display (VFR),0,4,30,0,34,0,6,100,0,106,0,10,130,0,140,142,0,142,282
05/26/2003,STP,MN,AGL,CE,Towers with Display (VFR),0,9,46,2,57,0,3,99,11,113,0,12,145,13,170,68,8,76,246
05/27/2003,STP,MN,AGL,CE,Towers with Display (VFR),0,16,90,2,108,0,6,127,8,141,0,22,217,10,249,180,0,180,429
05/28/2003,STP,MN,AGL,CE,Towers with Display (VFR),0,44,93,0,137,0,5,119,18,142,0,49,212,18,279,80,4,84,363
05/29/2003,STP,MN,AGL,CE,Towers with Display (VFR),0,38,96,3,137,0,5,196,25,226,0,43,292,28,363,166,32,198,561
05/30/2003,STP,MN,AGL,CE,Towers with Display (VFR),0,23,62,1,86,0,2,84,5,91,0,25,146,6,177,76,0,76,253
05/31/2003,STP,MN,AGL,CE,Towers with Display (VFR),0,8,63,2,73,0,1,146,5,152,0,9,209,7,225,116,10,126,351
06/01/2003,STP,MN,AGL,CE,Towers with Display (VFR),0,16,42,3,61,0,3,81,1,85,0,19,123,4,146,124,2,126,272
06/02/2003,STP,MN,AGL,CE,Towers with Display (VFR),0,28,92,1,121,0,3,123,13,139,0,31,215,14,260,222,4,226,486
06/03/2003,STP,MN,AGL,CE,Towers with Display (VFR),0,39,113,0,152,0,3,161,27,191,0,42,274,27,343,235,10,245,588
06/04/2003,STP,MN,AGL,CE,Towers with Display (VFR),0,50,121,0,171,0,13,137,39,189,0,63,258,39,360,206,28,234,594
06/05/2003,STP,MN,AGL,CE,Towers with Display (VFR),0,29,126,0,155,0,10,172,24,206,0,39,298,24,361,264,22,286,647
06/06/2003,STP,MN,AGL,CE,Towers with Display (VFR),0,30,73,2,105,0,1,8,1,10,0,31,81,3,115,8,0,8,123
06/07/2003,STP,MN,AGL,CE,Towers with Display (VFR),0,12,56,2,70,0,1,30,2,33,0,13,86,4,103,44,4,48,151
06/08/2003,STP,MN,AGL,CE,Towers with Display (VFR),0,15,68,0,83,0,3,50,1,54,0,18,118,1,137,48,0,48,185
06/09/2003,STP,MN,AGL,CE,Towers with Display (VFR),0,23,89,1,113,0,2,173,20,195,0,25,262,21,308,254,0,254,562
06/10/2003,STP,MN,AGL,CE,Towers with Display (VFR),0,46,132,6,184,0,3,48,10,61,0,49,180,16,245,90,16,106,351
06/11/2003,STP,MN,AGL,CE,Towers with Display (VFR),0,52,127,11,190,0,6,132,21,159,0,58,259,32,349,214,4,218,567
06/12/2003,STP,MN,AGL,CE,Towers with Display (VFR),0,35,132,6,173,0,4,105,19,128,0,39,237,25,301,158,12,170,471
06/13/2003,STP,MN,AGL,CE,Towers with Display (VFR),0,38,29,2,69,0,0,165,6,171,0,38,194,8,240,186,4,190,430
06/14/2003,STP,MN,AGL,CE,Towers with Display (VFR),0,10,35,4,49,0,5,95,4,104,0,15,130,8,153,178,0,178,331
06/15/2003,STP,MN,AGL,CE,Towers with Display (VFR),0,4,72,4,80,0,10,132,13,155,0,14,204,17,235,216,2,218,453
06/16/2003,STP,MN,AGL,CE,Towers with Display (VFR),0,28,119,5,152,0,4,156,18,178,0,32,275,23,330,234,6,240,570
06/17/2003,STP,MN,AGL,CE,Towers with Display (VFR),0,42,123,3,168,0,7,148,10,165,0,49,271,13,333,220,0,220,553
06/18/2003,STP,MN,AGL,CE,Towers with Display (VFR),0,37,111,2,150,0,8,127,10,145,0,45,238,12,295,172,18,190,485
06/19/2003,STP,MN,AGL,CE,Towers with Display (VFR),0,48,118,4,170,0,5,112,8,125,0,53,230,12,295,98,12,110,405
06/20/2003,STP,MN,AGL,CE,Towers with Display (VFR),0,29,104,5,138,0,3,136,6,145,0,32,240,11,283,136,2,138,421
06/21/2003,STP,MN,AGL,CE,Towers with Display (VFR),0,20,82,2,104,0,10,128,0,138,0,30,210,2,242,192,0,192,434
06/22/2003,STP,MN,AGL,CE,Towers with Display (VFR),0,5,75,0,80,0,7,55,7,69,0,12,130,7,149,70,0,70,219
06/23/2003,STP,MN,AGL,CE,Towers with Display (VFR),0,26,73,2,101,0,5,112,7,124,0,31,185,9,225,110,4,114,339
06/24/2003,STP,MN,AGL,CE,Towers with Display (VFR),0,44,102,5,151,0,4,94,7,105,0,48,196,12,256,112,10,122,378
06/25/2003,STP,MN,AGL,CE,Towers with Display (VFR),0,32,90,0,122,0,9,45,4,58,0,41,135,4,180,44,2,46,226
06/26/2003,STP,MN,AGL,CE,Towers with Display (VFR),0,41,124,3,168,0,9,124,4,137,0,50,248,7,305,148,4,152,457
06/27/2003,STP,MN,AGL,CE,Towers with Display (VFR),0,25,122,0,147,0,3,135,18,156,0,28,257,18,303,232,0,232,535
06/28/2003,STP,MN,AGL,CE,Towers with Display (VFR),0,6,62,0,68,0,8,129,0,137,0,14,191,0,205,202,0,202,407
06/29/2003,STP,MN,AGL,CE,Towers with Display (VFR),0,6,75,0,81,0,3,143,0,146,0,9,218,0,227,178,0,178,405
06/30/2003,STP,MN,AGL,CE,Towers with Display (VFR),0,21,102,3,126,0,11,149,6,166,0,32,251,9,292,232,0,232,524
07/01/2003,STP,MN,AGL,CE,Towers with Display (VFR),0,25,115,3,143,0,14,225,26,265,0,39,340,29,408,336,30,366,774
07/02/2003,STP,MN,AGL,CE,Towers with Display (VFR),0,21,88,2,111,0,2,211,7,220,0,23,299,9,331,298,4,302,633
07/03/2003,STP,MN,AGL,CE,Towers with Display (VFR),0,23,122,2,147,0,3,199,18,220,0,26,321,20,367,270,8,278,645
07/04/2003,STP,MN,AGL,CE,Towers with Display (VFR),0,3,19,0,22,0,12,64,0,76,0,15,83,0,98,68,0,68,166
07/05/2003,STP,MN,AGL,CE,Towers with Display (VFR),0,5,35,0,40,0,4,83,1,88,0,9,118,1,128,42,0,42,170
07/06/2003,STP,MN,AGL,CE,Towers with Display (VFR),0,13,49,0,62,0,9,52,0,61,0,22,101,0,123,72,0,72,195
07/07/2003,STP,MN,AGL,CE,Towers with Display (VFR),0,25,83,3,111,0,3,187,7,197,0,28,270,10,308,308,10,318,626
07/08/2003,STP,MN,AGL,CE,Towers with Display (VFR),0,34,137,3,174,0,4,185,27,216,0,38,322,30,390,264,4,268,658
07/09/2003,STP,MN,AGL,CE,Towers with Display (VFR),0,36,87,1,124,0,4,91,16,111,0,40,178,17,235,196,0,196,431
07/10/2003,STP,MN,AGL,CE,Towers with Display (VFR),0,33,136,11,180,0,0,57,21,78,0,33,193,32,258,146,16,162,420
07/11/2003,STP,MN,AGL,CE,Towers with Display (VFR),0,18,73,2,93,0,3,99,14,116,0,21,172,16,209,136,16,152,361
07/12/2003,STP,MN,AGL,CE,Towers with Display (VFR),0,9,18,7,34,0,8,113,19,140,0,17,131,26,174,136,0,136,310
07/13/2003,STP,MN,AGL,CE,Towers with Display (VFR),0,9,43,4,56,0,12,97,5,114,0,21,140,9,170,118,0,118,288
07/14/2003,STP,MN,AGL,CE,Towers with Display (VFR),0,28,94,4,126,0,0,48,12,60,0,28,142,16,186,68,0,68,254
07/15/2003,STP,MN,AGL,CE,Towers with Display (VFR),0,48,141,5,194,0,20,199,20,239,0,68,340,25,433,286,4,290,723
07/16/2003,STP,MN,AGL,CE,Towers with Display (VFR),0,42,130,1,173,0,12,174,23,209,0,54,304,24,382,276,0,276,658
07/17/2003,STP,MN,AGL,CE,Towers with Display (VFR),0,29,96,4,129,0,6,112,22,140,0,35,208,26,269,247,37,284,553
07/18/2003,STP,MN,AGL,CE,Towers with Display (VFR),0,24,86,2,112,0,5,131,11,147,0,29,217,13,259,200,8,208,467
07/19/2003,STP,MN,AGL,CE,Towers with Display (VFR),0,8,55,2,65,0,0,108,2,110,0,8,163,4,175,124,0,124,299
07/20/2003,STP,MN,AGL,CE,Towers with Display (VFR),0,4,60,0,64,0,6,59,1,66,0,10,119,1,130,112,0,112,242
07/21/2003,STP,MN,AGL,CE,Towers with Display (VFR),0,23,120,3,146,0,6,159,3,168,0,29,279,6,314,292,6,298,612
07/22/2003,STP,MN,AGL,CE,Towers with Display (VFR),0,33,112,4,149,0,5,131,17,153,0,38,243,21,302,202,6,208,510
07/23/2003,STP,MN,AGL,CE,Towers with Display (VFR),0,29,88,1,118,0,2,118,24,144,0,31,206,25,262,86,32,118,380
07/24/2003,STP,MN,AGL,CE,Towers with Display (VFR),0,25,94,2,121,0,14,119,9,142,0,39,213,11,263,126,0,126,389
07/25/2003,STP,MN,AGL,CE,Towers with Display (VFR),0,21,88,4,113,0,1,114,8,123,0,22,202,12,236,196,8,204,440
07/26/2003,STP,MN,AGL,CE,Towers with Display (VFR),0,10,67,2,79,0,6,129,23,158,0,16,196,25,237,160,12,172,409
07/27/2003,STP,MN,AGL,CE,Towers with Display (VFR),0,10,104,0,114,0,10,153,19,182,0,20,257,19,296,220,8,228,524
07/28/2003,STP,MN,AGL,CE,Towers with Display (VFR),0,24,121,0,145,0,3,126,11,140,0,27,247,11,285,204,20,224,509
07/29/2003,STP,MN,AGL,CE,Towers with Display (VFR),0,31,98,4,133,0,3,139,11,153,0,34,237,15,286,188,8,196,482
07/30/2003,STP,MN,AGL,CE,Towers with Display (VFR),0,22,115,1,138,0,4,139,19,162,0,26,254,20,300,96,26,122,422
07/31/2003,STP,MN,AGL,CE,Towers with Display (VFR),0,30,92,4,126,0,8,134,25,167,0,38,226,29,293,170,2,172,465
08/01/2003,STP,MN,AGL,CE,Towers with Display (VFR),0,33,86,8,127,0,4,108,0,112,0,37,194,8,239,152,0,152,391
08/02/2003,STP,MN,AGL,CE,Towers with Display (VFR),0,11,58,12,81,0,5,87,22,114,0,16,145,34,195,128,8,136,331
08/03/2003,STP,MN,AGL,CE,Towers with Display (VFR),0,19,80,9,108,0,9,83,3,95,0,28,163,12,203,108,6,114,317
08/04/2003,STP,MN,AGL,CE,Towers with Display (VFR),0,27,104,2,133,0,3,60,1,64,0,30,164,3,197,80,0,80,277
08/05/2003,STP,MN,AGL,CE,Towers with Display (VFR),0,51,148,3,202,0,2,123,22,147,0,53,271,25,349,182,28,210,559
08/06/2003,STP,MN,AGL,CE,Towers with Display (VFR),0,40,137,0,177,0,9,146,12,167,0,49,283,12,344,220,10,230,574
08/07/2003,STP,MN,AGL,CE,Towers with Display (VFR),0,35,136,3,174,0,6,172,29,207,0,41,308,32,381,182,42,224,605
08/08/2003,STP,MN,AGL,CE,Towers with Display (VFR),0,26,107,2,135,0,12,181,25,218,0,38,288,27,353,224,30,254,607
08/09/2003,STP,MN,AGL,CE,Towers with Display (VFR),0,5,41,3,49,0,4,87,3,94,0,9,128,6,143,150,2,152,295
08/10/2003,STP,MN,AGL,CE,Towers with Display (VFR),0,12,55,2,69,0,5,54,3,62,0,17,109,5,131,76,0,76,207
08/11/2003,STP,MN,AGL,CE,Towers with Display (VFR),0,30,98,6,134,0,7,162,12,181,0,37,260,18,315,208,34,242,557
08/12/2003,STP,MN,AGL,CE,Towers with Display (VFR),0,26,99,5,130,0,2,143,33,178,0,28,242,38,308,162,16,178,486
08/13/2003,STP,MN,AGL,CE,Towers with Display (VFR),0,34,96,4,134,0,13,152,19,184,0,47,248,23,318,270,8,278,596
08/14/2003,STP,MN,AGL,CE,Towers with Display (VFR),0,37,129,5,171,0,13,151,32,196,0,50,280,37,367,234,30,264,631
08/15/2003,STP,MN,AGL,CE,Towers with Display (VFR),0,33,114,6,153,0,6,97,20,123,0,39,211,26,276,168,48,216,492
08/16/2003,STP,MN,AGL,CE,Towers with Display (VFR),0,15,46,4,65,0,10,82,1,93,0,25,128,5,158,52,10,62,220
08/17/2003,STP,MN,AGL,CE,Towers with Display (VFR),0,12,68,1,81,0,5,69,1,75,0,17,137,2,156,116,0,116,272
08/18/2003,STP,MN,AGL,CE,Towers with Display (VFR),0,26,110,4,140,0,2,106,17,125,0,28,216,21,265,82,26,108,373
08/19/2003,STP,MN,AGL,CE,Towers with Display (VFR),0,37,108,6,151,0,7,110,46,163,0,44,218,52,314,228,54,282,596
08/20/2003,STP,MN,AGL,CE,Towers with Display (VFR),0,43,116,5,164,0,11,121,28,160,0,54,237,33,324,212,10,222,546
08/21/2003,STP,MN,AGL,CE,Towers with Display (VFR),0,37,92,4,133,0,10,136,15,161,0,47,228,19,294,172,12,184,478
08/22/2003,STP,MN,AGL,CE,Towers with Display (VFR),0,27,104,0,131,0,15,123,11,149,0,42,227,11,280,128,0,128,408
08/23/2003,STP,MN,AGL,CE,Towers with Display (VFR),0,8,68,0,76,0,10,63,21,94,0,18,131,21,170,48,12,60,230
08/24/2003,STP,MN,AGL,CE,Towers with Display (VFR),0,6,65,0,71,0,6,76,12,94,0,12,141,12,165,38,0,38,203
08/25/2003,STP,MN,AGL,CE,Towers with Display (VFR),0,29,90,2,121,0,18,78,8,104,0,47,168,10,225,108,8,116,341
08/26/2003,STP,MN,AGL,CE,Towers with Display (VFR),0,35,107,5,147,0,11,92,10,113,0,46,199,15,260,97,4,101,361
08/27/2003,STP,MN,AGL,CE,Towers with Display (VFR),0,34,76,3,113,0,11,105,17,133,0,45,181,20,246,156,0,156,402
08/28/2003,STP,MN,AGL,CE,Towers with Display (VFR),0,41,109,5,155,0,7,86,19,112,0,48,195,24,267,154,0,154,421
08/29/2003,STP,MN,AGL,CE,Towers with Display (VFR),0,38,70,3,111,0,9,100,5,114,0,47,170,8,225,212,0,212,437
08/30/2003,STP,MN,AGL,CE,Towers with Display (VFR),0,8,39,0,47,0,13,73,0,86,0,21,112,0,133,124,0,124,257
08/31/2003,STP,MN,AGL,CE,Towers with Display (VFR),0,2,26,0,28,0,3,54,0,57,0,5,80,0,85,60,0,60,145
09/01/2003,STP,MN,AGL,CE,Towers with Display (VFR),0,11,54,2,67,0,11,90,0,101,0,22,144,2,168,122,0,122,290
09/02/2003,STP,MN,AGL,CE,Towers with Display (VFR),0,36,56,4,96,0,4,59,22,85,0,40,115,26,181,54,2,56,237
09/03/2003,STP,MN,AGL,CE,Towers with Display (VFR),0,26,73,0,99,0,12,59,20,91,0,38,132,20,190,88,0,88,278
09/04/2003,STP,MN,AGL,CE,Towers with Display (VFR),0,23,136,1,160,0,9,123,17,149,0,32,259,18,309,222,0,222,531
09/05/2003,STP,MN,AGL,CE,Towers with Display (VFR),0,39,79,2,120,0,8,165,0,173,0,47,244,2,293,188,0,188,481
09/06/2003,STP,MN,AGL,CE,Towers with Display (VFR),0,4,64,1,69,0,19,142,5,166,0,23,206,6,235,232,0,232,467
09/07/2003,STP,MN,AGL,CE,Towers with Display (VFR),0,17,99,1,117,0,8,89,12,109,0,25,188,13,226,130,0,130,356
09/08/2003,STP,MN,AGL,CE,Towers with Display (VFR),0,29,70,3,102,0,3,85,11,99,0,32,155,14,201,86,0,86,287
09/09/2003,STP,MN,AGL,CE,Towers with Display (VFR),0,31,74,2,107,0,4,89,28,121,0,35,163,30,228,120,6,126,354
09/10/2003,STP,MN,AGL,CE,Towers with Display (VFR),0,45,86,7,138,0,4,52,28,84,0,49,138,35,222,30,12,42,264
09/11/2003,STP,MN,AGL,CE,Towers with Display (VFR),0,31,93,6,130,0,6,70,36,112,0,37,163,42,242,62,48,110,352
09/12/2003,STP,MN,AGL,CE,Towers with Display (VFR),0,18,144,4,166,0,6,70,18,94,0,24,214,22,260,84,0,84,344
09/13/2003,STP,MN,AGL,CE,Towers with Display (VFR),0,7,54,0,61,0,5,73,6,84,0,12,127,6,145,94,8,102,247
09/14/2003,STP,MN,AGL,CE,Towers with Display (VFR),0,3,62,2,67,0,18,53,7,78,0,21,115,9,145,148,0,148,293
09/15/2003,STP,MN,AGL,CE,Towers with Display (VFR),0,30,181,2,213,0,6,169,10,185,0,36,350,12,398,162,0,162,560
09/16/2003,STP,MN,AGL,CE,Towers with Display (VFR),0,23,119,7,149,0,13,156,41,210,0,36,275,48,359,232,6,238,597
09/17/2003,STP,MN,AGL,CE,Towers with Display (VFR),0,32,117,2,151,0,21,130,26,177,0,53,247,28,328,120,50,170,498
09/18/2003,STP,MN,AGL,CE,Towers with Display (VFR),0,51,47,0,98,0,0,105,5,110,0,51,152,5,208,134,0,134,342
09/19/2003,STP,MN,AGL,CE,Towers with Display (VFR),0,25,99,0,124,0,10,101,13,124,0,35,200,13,248,128,0,128,376
09/20/2003,STP,MN,AGL,CE,Towers with Display (VFR),0,11,67,1,79,0,5,70,8,83,0,16,137,9,162,124,0,124,286
09/21/2003,STP,MN,AGL,CE,Towers with Display (VFR),0,13,50,3,66,0,12,106,0,118,0,25,156,3,184,104,0,104,288
09/22/2003,STP,MN,AGL,CE,Towers with Display (VFR),0,26,114,1,141,0,14,97,17,128,0,40,211,18,269,164,0,164,433
09/23/2003,STP,MN,AGL,CE,Towers with Display (VFR),0,34,114,3,151,0,9,125,17,151,0,43,239,20,302,170,12,182,484
09/24/2003,STP,MN,AGL,CE,Towers with Display (VFR),0,31,99,0,130,0,6,99,6,111,0,37,198,6,241,100,20,120,361
09/25/2003,STP,MN,AGL,CE,Towers with Display (VFR),0,41,96,4,141,0,12,122,15,149,0,53,218,19,290,170,2,172,462
09/26/2003,STP,MN,AGL,CE,Towers with Display (VFR),0,28,81,1,110,0,9,57,4,70,0,37,138,5,180,82,4,86,266
09/27/2003,STP,MN,AGL,CE,Towers with Display (VFR),0,7,52,0,59,0,13,59,34,106,0,20,111,34,165,106,8,114,279
09/28/2003,STP,MN,AGL,CE,Towers with Display (VFR),0,7,74,2,83,0,7,75,0,82,0,14,149,2,165,80,0,80,245
09/29/2003,STP,MN,AGL,CE,Towers with Display (VFR),0,24,88,0,112,0,8,113,29,150,0,32,201,29,262,242,38,280,542
09/30/2003,STP,MN,AGL,CE,Towers with Display (VFR),0,23,92,2,117,0,4,116,13,133,0,27,208,15,250,148,14,162,412
10/01/2003,STP,MN,AGL,CE,Towers with Display (VFR),0,38,130,3,171,0,7,149,16,172,0,45,279,19,343,208,24,232,575
10/02/2003,STP,MN,AGL,CE,Towers with Display (VFR),0,30,102,3,135,0,9,95,14,118,0,39,197,17,253,156,28,184,437
10/03/2003,STP,MN,AGL,CE,Towers with Display (VFR),0,24,84,3,111,0,14,90,15,119,0,38,174,18,230,106,6,112,342
10/04/2003,STP,MN,AGL,CE,Towers with Display (VFR),0,18,79,3,100,0,0,124,23,147,0,18,203,26,247,264,0,264,511
10/05/2003,STP,MN,AGL,CE,Towers with Display (VFR),0,15,83,3,101,0,0,179,12,191,0,15,262,15,292,168,14,182,474
10/06/2003,STP,MN,AGL,CE,Towers with Display (VFR),0,22,77,3,102,0,9,111,2,122,0,31,188,5,224,180,6,186,410
10/07/2003,STP,MN,AGL,CE,Towers with Display (VFR),0,27,95,3,125,0,10,100,12,122,0,37,195,15,247,130,0,130,377
10/08/2003,STP,MN,AGL,CE,Towers with Display (VFR),0,29,101,3,133,0,8,96,20,124,0,37,197,23,257,156,2,158,415
10/09/2003,STP,MN,AGL,CE,Towers with Display (VFR),0,34,120,4,158,0,19,161,20,200,0,53,281,24,358,190,12,202,560
10/10/2003,STP,MN,AGL,CE,Towers with Display (VFR),0,28,95,3,126,0,8,86,5,99,0,36,181,8,225,90,30,120,345
10/11/2003,STP,MN,AGL,CE,Towers with Display (VFR),0,14,48,2,64,0,6,42,1,49,0,20,90,3,113,88,0,88,201
10/12/2003,STP,MN,AGL,CE,Towers with Display (VFR),0,16,55,2,73,0,1,118,0,119,0,17,173,2,192,125,4,129,321
10/13/2003,STP,MN,AGL,CE,Towers with Display (VFR),0,22,106,2,130,0,0,108,0,108,0,22,214,2,238,104,0,104,342
10/14/2003,STP,MN,AGL,CE,Towers with Display (VFR),0,38,131,4,173,0,1,166,19,186,0,39,297,23,359,218,18,236,595
10/15/2003,STP,MN,AGL,CE,Towers with Display (VFR),0,37,132,3,172,0,29,127,21,177,0,66,259,24,349,114,10,124,473
10/16/2003,STP,MN,AGL,CE,Towers with Display (VFR),0,32,112,2,146,0,9,124,21,154,0,41,236,23,300,234,18,252,552
10/17/2003,STP,MN,AGL,CE,Towers with Display (VFR),0,35,129,3,167,0,0,157,23,180,0,35,286,26,347,162,12,174,521
10/18/2003,STP,MN,AGL,CE,Towers with Display (VFR),0,11,55,1,67,0,0,123,8,131,0,11,178,9,198,174,0,174,372
10/19/2003,STP,MN,AGL,CE,Towers with Display (VFR),0,25,87,0,112,0,0,87,0,87,0,25,174,0,199,66,0,66,265
10/20/2003,STP,MN,AGL,CE,Towers with Display (VFR),0,30,103,2,135,0,7,71,13,91,0,37,174,15,226,112,0,112,338
10/21/2003,STP,MN,AGL,CE,Towers with Display (VFR),0,35,123,3,161,0,26,69,30,125,0,61,192,33,286,210,70,280,566
10/22/2003,STP,MN,AGL,CE,Towers with Display (VFR),0,39,136,3,178,0,23,162,14,199,0,62,298,17,377,168,0,168,545
10/23/2003,STP,MN,AGL,CE,Towers with Display (VFR),0,25,90,2,117,0,15,85,6,106,0,40,175,8,223,168,20,188,411
10/24/2003,STP,MN,AGL,CE,Towers with Display (VFR),0,24,84,2,110,0,11,108,16,135,0,35,192,18,245,176,8,184,429
10/25/2003,STP,MN,AGL,CE,Towers with Display (VFR),0,11,41,1,53,0,0,63,1,64,0,11,104,2,117,76,0,76,193
10/26/2003,STP,MN,AGL,CE,Towers with Display (VFR),0,10,56,1,67,0,0,64,0,64,0,10,120,1,131,40,0,40,171
10/27/2003,STP,MN,AGL,CE,Towers with Display (VFR),0,28,100,2,130,0,11,55,11,77,0,39,155,13,207,154,8,162,369
10/28/2003,STP,MN,AGL,CE,Towers with Display (VFR),0,30,106,2,138,0,11,19,4,34,0,41,125,6,172,0,0,0,172
10/29/2003,STP,MN,AGL,CE,Towers with Display (VFR),0,31,119,3,153,0,0,60,8,68,0,31,179,11,221,84,8,92,313
10/30/2003,STP,MN,AGL,CE,Towers with Display (VFR),0,30,105,1,136,0,9,5,0,14,0,39,110,1,150,30,0,30,180
10/31/2003,STP,MN,AGL,CE,Towers with Display (VFR),0,19,68,1,88,0,6,25,10,41,0,25,93,11,129,90,0,90,219
11/01/2003,STP,MN,AGL,CE,Towers with Display (VFR),0,11,50,2,63,0,0,101,19,120,0,11,151,21,183,116,0,116,299
11/02/2003,STP,MN,AGL,CE,Towers with Display (VFR),0,11,64,3,78,0,0,89,6,95,0,11,153,9,173,210,8,218,391
11/03/2003,STP,MN,AGL,CE,Towers with Display (VFR),0,19,66,3,88,0,3,0,3,6,0,22,66,6,94,0,0,0,94
11/04/2003,STP,MN,AGL,CE,Towers with Display (VFR),0,22,69,0,91,0,17,0,0,17,0,39,69,0,108,0,0,0,108
11/05/2003,STP,MN,AGL,CE,Towers with Display (VFR),0,23,82,3,108,0,6,72,8,86,0,29,154,11,194,126,6,132,326
11/06/2003,STP,MN,AGL,CE,Towers with Display (VFR),0,31,110,4,145,0,18,136,21,175,0,49,246,25,320,176,30,206,526
11/07/2003,STP,MN,AGL,CE,Towers with Display (VFR),0,18,67,3,88,0,15,112,10,137,0,33,179,13,225,170,10,180,405
11/08/2003,STP,MN,AGL,CE,Towers with Display (VFR),0,11,48,2,61,0,0,119,3,122,0,11,167,5,183,174,14,188,371
11/09/2003,STP,MN,AGL,CE,Towers with Display (VFR),0,18,73,3,94,0,0,103,3,106,0,18,176,6,200,128,0,128,328
11/10/2003,STP,MN,AGL,CE,Towers with Display (VFR),0,28,100,4,132,0,3,60,9,72,0,31,160,13,204,102,14,116,320
11/11/2003,STP,MN,AGL,CE,Towers with Display (VFR),0,17,71,1,89,0,0,84,0,84,0,17,155,1,173,74,0,74,247
11/12/2003,STP,MN,AGL,CE,Towers with Display (VFR),0,24,87,3,114,0,13,12,9,34,0,37,99,12,148,2,0,2,150
11/13/2003,STP,MN,AGL,CE,Towers with Display (VFR),0,34,126,5,165,0,26,85,40,151,0,60,211,45,316,238,76,314,630
11/14/2003,STP,MN,AGL,CE,Towers with Display (VFR),0,29,104,3,136,0,6,121,12,139,0,35,225,15,275,158,12,170,445
11/15/2003,STP,MN,AGL,CE,Towers with Display (VFR),0,11,47,1,59,0,0,4,2,6,0,11,51,3,65,0,0,0,65
11/16/2003,STP,MN,AGL,CE,Towers with Display (VFR),0,9,49,0,58,0,0,11,0,11,0,9,60,0,69,0,0,0,69
11/17/2003,STP,MN,AGL,CE,Towers with Display (VFR),0,17,63,2,82,0,5,7,8,20,0,22,70,10,102,0,0,0,102
11/18/2003,STP,MN,AGL,CE,Towers with Display (VFR),0,27,100,3,130,0,4,83,34,121,0,31,183,37,251,62,36,98,349
11/19/2003,STP,MN,AGL,CE,Towers with Display (VFR),0,35,130,4,169,0,3,172,26,201,0,38,302,30,370,138,10,148,518
11/20/2003,STP,MN,AGL,CE,Towers with Display (VFR),0,32,116,3,151,0,11,104,16,131,0,43,220,19,282,214,24,238,520
11/21/2003,STP,MN,AGL,CE,Towers with Display (VFR),0,22,117,3,142,0,0,168,28,196,0,22,285,31,338,298,12,310,648
11/22/2003,STP,MN,AGL,CE,Towers with Display (VFR),0,10,37,1,48,0,2,21,1,24,0,12,58,2,72,12,0,12,84
11/23/2003,STP,MN,AGL,CE,Towers with Display (VFR),0,4,10,0,14,0,3,0,1,4,0,7,10,1,18,0,0,0,18
11/24/2003,STP,MN,AGL,CE,Towers with Display (VFR),0,25,90,2,117,0,23,57,11,91,0,48,147,13,208,70,2,72,280
11/25/2003,STP,MN,AGL,CE,Towers with Display (VFR),0,34,124,4,162,0,20,90,42,152,0,54,214,46,314,98,74,172,486
11/26/2003,STP,MN,AGL,CE,Towers with Display (VFR),0,0,0,0,0,0,35,234,17,286,0,35,234,17,286,138,16,154,440
11/27/2003,STP,MN,AGL,CE,Towers with Display (VFR),0,0,0,0,0,0,14,40,0,54,0,14,40,0,54,4,0,4,58
11/28/2003,STP,MN,AGL,CE,Towers with Display (VFR),0,8,29,0,37,0,5,15,0,20,0,13,44,0,57,0,26,26,83
11/29/2003,STP,MN,AGL,CE,Towers with Display (VFR),0,10,36,0,46,0,4,57,0,61,0,14,93,0,107,62,0,62,169
11/30/2003,STP,MN,AGL,CE,Towers with Display (VFR),0,10,54,0,64,0,0,37,0,37,0,10,91,0,101,8,0,8,109
12/01/2003,STP,MN,AGL,CE,Towers with Display (VFR),0,26,75,3,104,0,2,44,11,57,0,28,119,14,161,12,4,16,177
12/02/2003,STP,MN,AGL,CE,Towers with Display (VFR),0,31,89,4,124,0,15,97,14,126,0,46,186,18,250,122,6,128,378
12/03/2003,STP,MN,AGL,CE,Towers with Display (VFR),0,33,139,6,178,0,0,77,11,88,0,33,216,17,266,122,36,158,424
12/04/2003,STP,MN,AGL,CE,Towers with Display (VFR),0,27,79,4,110,0,17,103,7,127,0,44,182,11,237,108,30,138,375
12/05/2003,STP,MN,AGL,CE,Towers with Display (VFR),0,21,60,3,84,0,6,18,16,40,0,27,78,19,124,58,14,72,196
12/06/2003,STP,MN,AGL,CE,Towers with Display (VFR),0,8,31,2,41,0,0,18,2,20,0,8,49,4,61,2,2,4,65
12/07/2003,STP,MN,AGL,CE,Towers with Display (VFR),0,6,52,3,61,0,0,93,0,93,0,6,145,3,154,126,0,126,280
12/08/2003,STP,MN,AGL,CE,Towers with Display (VFR),0,31,94,5,130,0,2,77,17,96,0,33,171,22,226,105,40,145,371
12/09/2003,STP,MN,AGL,CE,Towers with Display (VFR),0,29,81,4,114,0,4,0,1,5,0,33,81,5,119,28,0,28,147
12/10/2003,STP,MN,AGL,CE,Towers with Display (VFR),0,29,87,5,121,0,9,39,16,64,0,38,126,21,185,40,20,60,245
12/11/2003,STP,MN,AGL,CE,Towers with Display (VFR),0,31,94,5,130,0,0,68,11,79,0,31,162,16,209,74,22,96,305
12/12/2003,STP,MN,AGL,CE,Towers with Display (VFR),0,34,102,5,141,0,20,70,12,102,0,54,172,17,243,94,6,100,343
12/13/2003,STP,MN,AGL,CE,Towers with Display (VFR),0,8,31,2,41,0,0,97,2,99,0,8,128,4,140,64,0,64,204
12/14/2003,STP,MN,AGL,CE,Towers with Display (VFR),0,8,34,2,44,0,0,10,0,10,0,8,44,2,54,0,0,0,54
12/15/2003,STP,MN,AGL,CE,Towers with Display (VFR),0,25,57,4,86,0,18,0,0,18,0,43,57,4,104,2,0,2,106
12/16/2003,STP,MN,AGL,CE,Towers with Display (VFR),0,30,81,5,116,0,22,0,2,24,0,52,81,7,140,0,28,28,168
12/17/2003,STP,MN,AGL,CE,Towers with Display (VFR),0,38,115,6,159,0,7,31,4,42,0,45,146,10,201,38,4,42,243
12/18/2003,STP,MN,AGL,CE,Towers with Display (VFR),0,42,124,6,172,0,9,97,9,115,0,51,221,15,287,214,8,222,509
12/19/2003,STP,MN,AGL,CE,Towers with Display (VFR),0,30,92,4,126,0,2,104,0,106,0,32,196,4,232,48,0,48,280
12/20/2003,STP,MN,AGL,CE,Towers with Display (VFR),0,9,54,0,63,0,0,67,0,67,0,9,121,0,130,94,0,94,224
12/21/2003,STP,MN,AGL,CE,Towers with Display (VFR),0,5,27,1,33,0,0,99,1,100,0,5,126,2,133,178,0,178,311
12/22/2003,STP,MN,AGL,CE,Towers with Display (VFR),0,18,55,2,75,0,10,59,22,91,0,28,114,24,166,66,26,92,258
12/23/2003,STP,MN,AGL,CE,Towers with Display (VFR),0,26,87,3,116,0,0,79,44,123,0,26,166,47,239,174,58,232,471
12/24/2003,STP,MN,AGL,CE,Towers with Display (VFR),0,14,41,1,56,0,13,32,3,48,0,27,73,4,104,28,0,28,132
12/25/2003,STP,MN,AGL,CE,Towers with Display (VFR),0,6,19,0,25,0,0,15,0,15,0,6,34,0,40,0,0,0,40
12/26/2003,STP,MN,AGL,CE,Towers with Display (VFR),0,22,63,0,85,0,7,66,0,73,0,29,129,0,158,130,0,130,288
12/27/2003,STP,MN,AGL,CE,Towers with Display (VFR),0,11,33,0,44,0,1,14,0,15,0,12,47,0,59,2,0,2,61
12/28/2003,STP,MN,AGL,CE,Towers with Display (VFR),0,12,35,0,47,0,4,32,0,36,0,16,67,0,83,62,0,62,145
12/29/2003,STP,MN,AGL,CE,Towers with Display (VFR),0,15,44,2,61,0,4,0,2,6,0,19,44,4,67,28,0,28,95
12/30/2003,STP,MN,AGL,CE,Towers with Display (VFR),0,23,71,3,97,0,15,84,31,130,0,38,155,34,227,176,8,184,411
12/31/2003,STP,MN,AGL,CE,Towers with Display (VFR),0,15,46,2,63,0,11,93,8,112,0,26,139,10,175,176,4,180,355
01/01/2004,STP,MN,AGL,CE,Towers with Display (VFR),0,5,0,0,5,8,18,0,0,26,8,23,0,0,31,0,0,0,31
01/02/2004,STP,MN,AGL,CE,Towers with Display (VFR),0,14,40,2,56,0,3,34,2,39,0,17,74,4,95,74,26,100,195
01/03/2004,STP,MN,AGL,CE,Towers with Display (VFR),0,11,44,2,57,0,0,69,3,72,0,11,113,5,129,118,18,136,265
01/04/2004,STP,MN,AGL,CE,Towers with Display (VFR),0,5,33,0,38,0,0,57,0,57,0,5,90,0,95,106,0,106,201
01/05/2004,STP,MN,AGL,CE,Towers with Display (VFR),0,28,80,4,112,0,8,66,14,88,0,36,146,18,200,70,6,76,276
01/06/2004,STP,MN,AGL,CE,Towers with Display (VFR),0,35,97,4,136,0,7,49,27,83,0,42,146,31,219,40,116,156,375
01/07/2004,STP,MN,AGL,CE,Towers with Display (VFR),0,35,97,4,136,0,6,125,36,167,0,41,222,40,303,248,42,290,593
01/08/2004,STP,MN,AGL,CE,Towers with Display (VFR),0,27,83,4,114,0,0,103,20,123,0,27,186,24,237,159,0,159,396
01/09/2004,STP,MN,AGL,CE,Towers with Display (VFR),0,24,79,4,107,0,0,110,9,119,0,24,189,13,226,68,8,76,302
01/10/2004,STP,MN,AGL,CE,Towers with Display (VFR),0,13,37,2,52,0,4,31,7,42,0,17,68,9,94,214,12,226,320
01/11/2004,STP,MN,AGL,CE,Towers with Display (VFR),0,7,33,1,41,0,0,11,0,11,0,7,44,1,52,20,0,20,72
01/12/2004,STP,MN,AGL,CE,Towers with Display (VFR),0,21,61,3,85,0,6,83,22,111,0,27,144,25,196,164,8,172,368
01/13/2004,STP,MN,AGL,CE,Towers with Display (VFR),0,30,84,4,118,0,13,117,18,148,0,43,201,22,266,184,40,224,490
01/14/2004,STP,MN,AGL,CE,Towers with Display (VFR),0,29,82,4,115,0,13,36,1,50,0,42,118,5,165,48,6,54,219
01/15/2004,STP,MN,AGL,CE,Towers with Display (VFR),0,28,80,4,112,0,8,64,25,97,0,36,144,29,209,108,12,120,329
01/16/2004,STP,MN,AGL,CE,Towers with Display (VFR),0,32,91,0,123,0,1,91,0,92,0,33,182,0,215,198,0,198,413
01/17/2004,STP,MN,AGL,CE,Towers with Display (VFR),0,12,38,1,51,0,0,55,0,55,0,12,93,1,106,96,0,96,202
01/18/2004,STP,MN,AGL,CE,Towers with Display (VFR),0,16,46,1,63,0,1,104,1,106,0,17,150,2,169,126,0,126,295
01/19/2004,STP,MN,AGL,CE,Towers with Display (VFR),0,19,56,0,75,0,10,79,0,89,0,29,135,0,164,106,0,106,270
01/20/2004,STP,MN,AGL,CE,Towers with Display (VFR),0,27,80,3,110,0,2,81,10,93,0,29,161,13,203,86,48,134,337
01/21/2004,STP,MN,AGL,CE,Towers with Display (VFR),0,28,80,3,111,0,16,21,3,40,0,44,101,6,151,12,42,54,205
01/22/2004,STP,MN,AGL,CE,Towers with Display (VFR),0,30,87,3,120,0,18,175,44,237,0,48,262,47,357,162,10,172,529
01/23/2004,STP,MN,AGL,CE,Towers with Display (VFR),0,23,68,2,93,0,0,94,9,103,0,23,162,11,196,90,38,128,324
01/24/2004,STP,MN,AGL,CE,Towers with Display (VFR),0,12,37,0,49,0,37,118,0,155,0,49,155,0,204,130,0,130,334
01/25/2004,STP,MN,AGL,CE,Towers with Display (VFR),0,16,47,1,64,0,32,48,2,82,0,48,95,3,146,102,0,102,248
01/26/2004,STP,MN,AGL,CE,Towers with Display (VFR),0,19,48,1,68,0,30,0,0,30,0,49,48,1,98,0,0,0,98
01/27/2004,STP,MN,AGL,CE,Towers with Display (VFR),0,46,133,5,184,0,59,163,40,262,0,105,296,45,446,184,78,262,708
01/28/2004,STP,MN,AGL,CE,Towers with Display (VFR),0,34,93,3,130,0,100,0,36,136,0,134,93,39,266,54,0,54,320
01/29/2004,STP,MN,AGL,CE,Towers with Display (VFR),0,29,84,3,116,0,50,58,2,110,0,79,142,5,226,26,0,26,252
01/30/2004,STP,MN,AGL,CE,Towers with Display (VFR),0,28,83,3,114,0,51,30,2,83,0,79,113,5,197,20,0,20,217
01/31/2004,STP,MN,AGL,CE,Towers with Display (VFR),0,7,20,0,27,0,3,67,0,70,0,10,87,0,97,142,0,142,239
02/01/2004,STP,MN,AGL,CE,Towers with Display (VFR),0,6,35,0,41,0,0,7,0,7,0,6,42,0,48,0,0,0,48
02/02/2004,STP,MN,AGL,CE,Towers with Display (VFR),0,21,56,3,80,0,4,0,9,13,0,25,56,12,93,0,0,0,93
02/03/2004,STP,MN,AGL,CE,Towers with Display (VFR),0,32,103,4,139,0,25,131,46,202,0,57,234,50,341,130,18,148,489
02/04/2004,STP,MN,AGL,CE,Towers with Display (VFR),0,30,93,3,126,0,48,72,10,130,0,78,165,13,256,92,4,96,352
02/05/2004,STP,MN,AGL,CE,Towers with Display (VFR),0,34,109,4,147,0,59,44,15,118,0,93,153,19,265,46,22,68,333
02/06/2004,STP,MN,AGL,CE,Towers with Display (VFR),0,28,90,3,121,0,60,53,12,125,0,88,143,15,246,44,4,48,294
02/07/2004,STP,MN,AGL,CE,Towers with Display (VFR),0,20,65,2,87,0,42,124,0,166,0,62,189,2,253,166,0,166,419
02/08/2004,STP,MN,AGL,CE,Towers with Display (VFR),0,27,87,3,117,0,0,44,3,47,0,27,131,6,164,68,4,72,236
02/09/2004,STP,MN,AGL,CE,Towers with Display (VFR),0,23,73,3,99,0,5,55,9,69,0,28,128,12,168,42,0,42,210
02/10/2004,STP,MN,AGL,CE,Towers with Display (VFR),0,34,117,4,155,0,0,105,27,132,0,34,222,31,287,112,10,122,409
02/11/2004,STP,MN,AGL,CE,Towers with Display (VFR),0,23,81,3,107,0,0,6,2,8,0,23,87,5,115,0,6,6,121
02/12/2004,STP,MN,AGL,CE,Towers with Display (VFR),0,31,101,4,136,0,10,98,13,121,0,41,199,17,257,135,6,141,398
02/13/2004,STP,MN,AGL,CE,Towers with Display (VFR),0,24,77,3,104,0,11,68,7,86,0,35,145,10,190,32,0,32,222
02/14/2004,STP,MN,AGL,CE,Towers with Display (VFR),0,5,45,0,50,0,0,104,0,104,0,5,149,0,154,140,0,140,294
02/15/2004,STP,MN,AGL,CE,Towers with Display (VFR),0,3,50,0,53,0,0,153,0,153,0,3,203,0,206,110,0,110,316
02/16/2004,STP,MN,AGL,CE,Towers with Display (VFR),0,24,82,0,106,0,0,71,0,71,0,24,153,0,177,76,0,76,253
02/17/2004,STP,MN,AGL,CE,Towers with Display (VFR),0,30,94,2,126,0,1,117,21,139,0,31,211,23,265,130,8,138,403
02/18/2004,STP,MN,AGL,CE,Towers with Display (VFR),0,35,115,3,153,0,9,100,15,124,0,44,215,18,277,78,10,88,365
02/19/2004,STP,MN,AGL,CE,Towers with Display (VFR),0,24,77,2,103,0,8,10,8,26,0,32,87,10,129,96,10,106,235
02/20/2004,STP,MN,AGL,CE,Towers with Display (VFR),0,21,66,1,88,0,6,0,0,6,0,27,66,1,94,0,0,0,94
02/21/2004,STP,MN,AGL,CE,Towers with Display (VFR),0,11,59,1,71,0,0,162,20,182,0,11,221,21,253,238,0,238,491
02/22/2004,STP,MN,AGL,CE,Towers with Display (VFR),0,11,41,0,52,0,0,9,0,9,0,11,50,0,61,0,0,0,61
02/23/2004,STP,MN,AGL,CE,Towers with Display (VFR),0,19,61,1,81,0,14,9,7,30,0,33,70,8,111,18,4,22,133
02/24/2004,STP,MN,AGL,CE,Towers with Display (VFR),0,24,80,2,106,0,18,66,19,103,0,42,146,21,209,118,34,152,361
02/25/2004,STP,MN,AGL,CE,Towers with Display (VFR),0,24,79,2,105,0,5,65,17,87,0,29,144,19,192,140,32,172,364
02/26/2004,STP,MN,AGL,CE,Towers with Display (VFR),0,30,98,3,131,0,9,115,3,127,0,39,213,6,258,112,0,112,370
02/27/2004,STP,MN,AGL,CE,Towers with Display (VFR),0,28,91,2,121,0,1,109,8,118,0,29,200,10,239,168,0,168,407
02/28/2004,STP,MN,AGL,CE,Towers with Display (VFR),0,7,45,1,53,0,0,128,0,128,0,7,173,1,181,216,0,216,397
02/29/2004,STP,MN,AGL,CE,Towers with Display (VFR),0,17,53,1,71,0,8,71,2,81,0,25,124,3,152,120,2,122,274
03/01/2004,STP,MN,AGL,CE,Towers with Display (VFR),0,25,79,2,106,0,6,0,0,6,0,31,79,2,112,0,0,0,112
03/02/2004,STP,MN,AGL,CE,Towers with Display (VFR),0,4,75,2,81,0,0,99,28,127,0,4,174,30,208,114,38,152,360
03/03/2004,STP,MN,AGL,CE,Towers with Display (VFR),0,37,110,3,150,0,9,7,3,19,0,46,117,6,169,66,0,66,235
03/04/2004,STP,MN,AGL,CE,Towers with Display (VFR),0,32,98,3,133,0,0,62,12,74,0,32,160,15,207,122,42,164,371
03/05/2004,STP,MN,AGL,CE,Towers with Display (VFR),0,17,49,0,66,0,5,4,0,9,0,22,53,0,75,0,0,0,75
03/06/2004,STP,MN,AGL,CE,Towers with Display (VFR),0,8,31,1,40,0,0,50,2,52,0,8,81,3,92,208,0,208,300
03/07/2004,STP,MN,AGL,CE,Towers with Display (VFR),0,13,47,2,62,0,0,15,2,17,0,13,62,4,79,0,0,0,79
03/08/2004,STP,MN,AGL,CE,Towers with Display (VFR),0,27,80,3,110,0,9,18,2,29,0,36,98,5,139,0,0,0,139
03/09/2004,STP,MN,AGL,CE,Towers with Display (VFR),0,37,110,3,150,0,6,166,24,196,0,43,276,27,346,306,42,348,694
03/10/2004,STP,MN,AGL,CE,Towers with Display (VFR),0,30,88,0,118,0,19,32,0,51,0,49,120,0,169,0,0,0,169
03/11/2004,STP,MN,AGL,CE,Towers with Display (VFR),0,27,81,3,111,0,17,51,1,69,0,44,132,4,180,48,0,48,228
03/12/2004,STP,MN,AGL,CE,Towers with Display (VFR),0,31,94,3,128,0,4,148,37,189,0,35,242,40,317,158,34,192,509
03/13/2004,STP,MN,AGL,CE,Towers with Display (VFR),0,11,31,1,43,0,6,13,2,21,0,17,44,3,64,0,0,0,64
03/14/2004,STP,MN,AGL,CE,Towers with Display (VFR),0,4,35,0,39,0,0,16,0,16,0,4,51,0,55,0,0,0,55
03/15/2004,STP,MN,AGL,CE,Towers with Display (VFR),0,10,102,3,115,0,0,219,17,236,0,10,321,20,351,224,2,226,577
03/16/2004,STP,MN,AGL,CE,Towers with Display (VFR),0,35,103,3,141,0,4,140,14,158,0,39,243,17,299,248,0,248,547
03/17/2004,STP,MN,AGL,CE,Towers with Display (VFR),0,38,112,3,153,0,17,77,20,114,0,55,189,23,267,206,8,214,481
03/18/2004,STP,MN,AGL,CE,Towers with Display (VFR),0,30,90,0,120,0,9,54,0,63,0,39,144,0,183,110,0,110,293
03/19/2004,STP,MN,AGL,CE,Towers with Display (VFR),0,25,72,1,98,0,1,49,5,55,0,26,121,6,153,2,14,16,169
03/20/2004,STP,MN,AGL,CE,Towers with Display (VFR),0,12,39,0,51,0,6,15,0,21,0,18,54,0,72,6,0,6,78
03/21/2004,STP,MN,AGL,CE,Towers with Display (VFR),0,15,74,0,89,0,0,179,0,179,0,15,253,0,268,182,0,182,450
03/22/2004,STP,MN,AGL,CE,Towers with Display (VFR),0,29,87,2,118,0,8,215,9,232,0,37,302,11,350,180,26,206,556
03/23/2004,STP,MN,AGL,CE,Towers with Display (VFR),0,33,99,2,134,0,8,149,29,186,0,41,248,31,320,266,22,288,608
03/24/2004,STP,MN,AGL,CE,Towers with Display (VFR),0,41,124,3,168,0,4,117,23,144,0,45,241,26,312,292,12,304,616
03/25/2004,STP,MN,AGL,CE,Towers with Display (VFR),0,33,96,2,131,0,8,0,2,10,0,41,96,4,141,0,8,8,149
03/26/2004,STP,MN,AGL,CE,Towers with Display (VFR),0,30,90,2,122,0,8,171,6,185,0,38,261,8,307,304,6,310,617
03/27/2004,STP,MN,AGL,CE,Towers with Display (VFR),0,10,31,0,41,0,0,8,0,8,0,10,39,0,49,0,0,0,49
03/28/2004,STP,MN,AGL,CE,Towers with Display (VFR),0,10,50,1,61,0,0,45,0,45,0,10,95,1,106,48,0,48,154
03/29/2004,STP,MN,AGL,CE,Towers with Display (VFR),0,26,78,2,106,0,14,113,7,134,0,40,191,9,240,224,2,226,466
03/30/2004,STP,MN,AGL,CE,Towers with Display (VFR),0,30,90,2,122,0,14,88,23,125,0,44,178,25,247,210,40,250,497
03/31/2004,STP,MN,AGL,CE,Towers with Display (VFR),0,37,109,2,148,0,17,127,14,158,0,54,236,16,306,298,14,312,618
04/01/2004,STP,MN,AGL,CE,Towers with Display (VFR),0,35,106,3,144,0,12,174,1,187,0,47,280,4,331,194,8,202,533
04/02/2004,STP,MN,AGL,CE,Towers with Display (VFR),0,34,104,3,141,0,5,137,8,150,0,39,241,11,291,274,14,288,579
04/03/2004,STP,MN,AGL,CE,Towers with Display (VFR),0,10,34,1,45,0,1,47,5,53,0,11,81,6,98,52,8,60,158
04/04/2004,STP,MN,AGL,CE,Towers with Display (VFR),0,10,53,2,65,0,0,132,9,141,0,10,185,11,206,164,14,178,384
04/05/2004,STP,MN,AGL,CE,Towers with Display (VFR),0,34,100,3,137,0,14,117,7,138,0,48,217,10,275,110,0,110,385
04/06/2004,STP,MN,AGL,CE,Towers with Display (VFR),0,34,99,3,136,0,7,123,23,153,0,41,222,26,289,198,44,242,531
04/07/2004,STP,MN,AGL,CE,Towers with Display (VFR),0,35,102,3,140,0,10,122,15,147,0,45,224,18,287,112,4,116,403
04/08/2004,STP,MN,AGL,CE,Towers with Display (VFR),0,37,110,4,151,0,2,144,9,155,0,39,254,13,306,150,0,150,456
04/09/2004,STP,MN,AGL,CE,Towers with Display (VFR),0,26,78,3,107,0,4,146,4,154,0,30,224,7,261,200,6,206,467
04/10/2004,STP,MN,AGL,CE,Towers with Display (VFR),0,6,19,0,25,0,0,102,0,102,0,6,121,0,127,194,0,194,321
04/11/2004,STP,MN,AGL,CE,Towers with Display (VFR),0,7,19,0,26,0,7,42,0,49,0,14,61,0,75,70,0,70,145
04/12/2004,STP,MN,AGL,CE,Towers with Display (VFR),0,31,94,3,128,0,5,146,27,178,0,36,240,30,306,186,10,196,502
04/13/2004,STP,MN,AGL,CE,Towers with Display (VFR),0,31,94,3,128,0,6,211,57,274,0,37,305,60,402,328,36,364,766
04/14/2004,STP,MN,AGL,CE,Towers with Display (VFR),0,28,83,3,114,0,7,142,29,178,0,35,225,32,292,212,12,224,516
04/15/2004,STP,MN,AGL,CE,Towers with Display (VFR),0,27,82,3,112,0,17,49,8,74,0,44,131,11,186,116,0,116,302
04/16/2004,STP,MN,AGL,CE,Towers with Display (VFR),0,29,85,3,117,0,2,148,12,162,0,31,233,15,279,158,0,158,437
04/17/2004,STP,MN,AGL,CE,Towers with Display (VFR),0,6,60,1,67,0,0,172,1,173,0,6,232,2,240,262,0,262,502
04/18/2004,STP,MN,AGL,CE,Towers with Display (VFR),0,11,32,0,43,0,0,18,0,18,0,11,50,0,61,0,0,0,61
04/19/2004,STP,MN,AGL,CE,Towers with Display (VFR),0,27,82,2,111,0,9,64,10,83,0,36,146,12,194,174,0,174,368
04/20/2004,STP,MN,AGL,CE,Towers with Display (VFR),0,36,108,2,146,0,27,42,15,84,0,63,150,17,230,72,0,72,302
04/21/2004,STP,MN,AGL,CE,Towers with Display (VFR),0,41,124,3,168,0,11,120,25,156,0,52,244,28,324,310,14,324,648
04/22/2004,STP,MN,AGL,CE,Towers with Display (VFR),0,47,139,3,189,0,14,151,8,173,0,61,290,11,362,228,4,232,594
04/23/2004,STP,MN,AGL,CE,Towers with Display (VFR),0,26,81,2,109,0,0,128,9,137,0,26,209,11,246,164,10,174,420
04/24/2004,STP,MN,AGL,CE,Towers with Display (VFR),0,16,50,1,67,0,6,126,3,135,0,22,176,4,202,170,0,170,372
04/25/2004,STP,MN,AGL,CE,Towers with Display (VFR),0,8,60,0,68,0,0,129,0,129,0,8,189,0,197,104,0,104,301
04/26/2004,STP,MN,AGL,CE,Towers with Display (VFR),0,16,49,1,66,0,9,45,6,60,0,25,94,7,126,40,0,40,166
04/27/2004,STP,MN,AGL,CE,Towers with Display (VFR),0,30,92,2,124,0,4,106,28,138,0,34,198,30,262,160,10,170,432
04/28/2004,STP,MN,AGL,CE,Towers with Display (VFR),0,31,95,2,128,0,13,124,15,152,0,44,219,17,280,264,0,264,544
04/29/2004,STP,MN,AGL,CE,Towers with Display (VFR),0,30,48,2,80,0,178,0,17,195,0,208,48,19,275,212,30,242,517
04/30/2004,STP,MN,AGL,CE,Towers with Display (VFR),0,35,103,2,140,0,0,163,9,172,0,35,266,11,312,160,18,178,490
05/01/2004,STP,MN,AGL,CE,Towers with Display (VFR),0,8,64,3,75,0,0,141,4,145,0,8,205,7,220,182,0,182,402
05/02/2004,STP,MN,AGL,CE,Towers with Display (VFR),0,11,36,2,49,0,3,92,2,97,0,14,128,4,146,166,0,166,312
05/03/2004,STP,MN,AGL,CE,Towers with Display (VFR),0,24,79,4,107,0,18,65,3,86,0,42,144,7,193,58,0,58,251
05/04/2004,STP,MN,AGL,CE,Towers with Display (VFR),0,34,112,5,151,0,17,101,13,131,0,51,213,18,282,250,12,262,544
05/05/2004,STP,MN,AGL,CE,Towers with Display (VFR),0,33,109,5,147,0,26,79,6,111,0,59,188,11,258,96,0,96,354
05/06/2004,STP,MN,AGL,CE,Towers with Display (VFR),0,37,122,6,165,0,4,116,3,123,0,41,238,9,288,160,26,186,474
05/07/2004,STP,MN,AGL,CE,Towers with Display (VFR),0,23,81,4,108,0,0,110,9,119,0,23,191,13,227,132,8,140,367
05/08/2004,STP,MN,AGL,CE,Towers with Display (VFR),0,11,37,2,50,0,2,85,0,87,0,13,122,2,137,188,0,188,325
05/09/2004,STP,MN,AGL,CE,Towers with Display (VFR),0,10,43,0,53,0,0,67,0,67,0,10,110,0,120,34,0,34,154
05/10/2004,STP,MN,AGL,CE,Towers with Display (VFR),0,29,98,5,132,0,8,214,12,234,0,37,312,17,366,204,18,222,588
05/11/2004,STP,MN,AGL,CE,Towers with Display (VFR),0,37,122,5,164,0,23,87,17,127,0,60,209,22,291,58,0,58,349
05/12/2004,STP,MN,AGL,CE,Towers with Display (VFR),0,28,93,4,125,0,19,34,34,87,0,47,127,38,212,72,0,72,284
05/13/2004,STP,MN,AGL,CE,Towers with Display (VFR),0,35,113,5,153,0,0,40,11,51,0,35,153,16,204,74,0,74,278
05/14/2004,STP,MN,AGL,CE,Towers with Display (VFR),0,33,120,5,158,0,0,175,16,191,0,33,295,21,349,228,28,256,605
05/15/2004,STP,MN,AGL,CE,Towers with Display (VFR),0,14,49,2,65,0,6,117,0,123,0,20,166,2,188,160,0,160,348
05/16/2004,STP,MN,AGL,CE,Towers with Display (VFR),0,12,40,0,52,0,3,74,0,77,0,15,114,0,129,106,0,106,235
05/17/2004,STP,MN,AGL,CE,Towers with Display (VFR),0,27,88,4,119,0,14,99,2,115,0,41,187,6,234,128,0,128,362
05/18/2004,STP,MN,AGL,CE,Towers with Display (VFR),0,28,94,3,125,0,9,218,46,273,0,37,312,49,398,220,24,244,642
05/19/2004,STP,MN,AGL,CE,Towers with Display (VFR),0,23,94,3,120,0,0,103,28,131,0,23,197,31,251,96,2,98,349
05/20/2004,STP,MN,AGL,CE,Towers with Display (VFR),0,35,116,4,155,0,10,136,10,156,0,45,252,14,311,208,26,234,545
05/21/2004,STP,MN,AGL,CE,Towers with Display (VFR),0,30,92,4,126,0,5,0,26,31,0,35,92,30,157,0,6,6,163
05/22/2004,STP,MN,AGL,CE,Towers with Display (VFR),0,18,71,2,91,0,0,6,4,10,0,18,77,6,101,0,0,0,101
05/23/2004,STP,MN,AGL,CE,Towers with Display (VFR),0,15,69,2,86,0,0,19,2,21,0,15,88,4,107,0,0,0,107
05/24/2004,STP,MN,AGL,CE,Towers with Display (VFR),0,32,106,4,142,0,7,136,16,159,0,39,242,20,301,132,0,132,433
05/25/2004,STP,MN,AGL,CE,Towers with Display (VFR),0,41,136,5,182,0,7,77,36,120,0,48,213,41,302,80,24,104,406
05/26/2004,STP,MN,AGL,CE,Towers with Display (VFR),0,33,118,4,155,0,0,115,48,163,0,33,233,52,318,136,28,164,482
05/27/2004,STP,MN,AGL,CE,Towers with Display (VFR),0,34,113,4,151,0,2,98,20,120,0,36,211,24,271,208,28,236,507
05/28/2004,STP,MN,AGL,CE,Towers with Display (VFR),0,24,81,0,105,0,7,149,0,156,0,31,230,0,261,128,0,128,389
05/29/2004,STP,MN,AGL,CE,Towers with Display (VFR),0,7,44,0,51,0,0,19,0,19,0,7,63,0,70,2,0,2,72
05/30/2004,STP,MN,AGL,CE,Towers with Display (VFR),0,7,32,0,39,0,0,17,0,17,0,7,49,0,56,10,0,10,66
05/31/2004,STP,MN,AGL,CE,Towers with Display (VFR),0,9,44,1,54,0,0,55,9,64,0,9,99,10,118,46,4,50,168
06/01/2004,STP,MN,AGL,CE,Towers with Display (VFR),0,25,86,3,114,0,0,11,1,12,0,25,97,4,126,0,0,0,126
06/02/2004,STP,MN,AGL,CE,Towers with Display (VFR),0,37,119,4,160,0,14,174,18,206,0,51,293,22,366,286,20,306,672
06/03/2004,STP,MN,AGL,CE,Towers with Display (VFR),0,35,110,4,149,0,16,176,7,199,0,51,286,11,348,350,2,352,700
06/04/2004,STP,MN,AGL,CE,Towers with Display (VFR),0,24,78,3,105,0,13,144,16,173,0,37,222,19,278,192,16,208,486
06/05/2004,STP,MN,AGL,CE,Towers with Display (VFR),0,13,43,2,58,0,4,101,42,147,0,17,144,44,205,88,0,88,293
06/06/2004,STP,MN,AGL,CE,Towers with Display (VFR),0,10,62,2,74,0,0,136,3,139,0,10,198,5,213,300,0,300,513
06/07/2004,STP,MN,AGL,CE,Towers with Display (VFR),0,30,95,3,128,0,3,71,19,93,0,33,166,22,221,2,0,2,223
06/08/2004,STP,MN,AGL,CE,Towers with Display (VFR),0,32,98,3,133,0,6,83,12,101,0,38,181,15,234,200,12,212,446
06/09/2004,STP,MN,AGL,CE,Towers with Display (VFR),0,36,115,4,155,0,10,37,5,52,0,46,152,9,207,116,12,128,335
06/10/2004,STP,MN,AGL,CE,Towers with Display (VFR),0,41,130,4,175,0,12,35,1,48,0,53,165,5,223,94,10,104,327
06/11/2004,STP,MN,AGL,CE,Towers with Display (VFR),0,31,95,3,129,0,3,33,4,40,0,34,128,7,169,94,20,114,283
06/12/2004,STP,MN,AGL,CE,Towers with Display (VFR),0,13,41,2,56,0,13,129,7,149,0,26,170,9,205,192,14,206,411
06/13/2004,STP,MN,AGL,CE,Towers with Display (VFR),0,15,48,1,64,0,0,109,0,109,0,15,157,1,173,128,0,128,301
06/14/2004,STP,MN,AGL,CE,Towers with Display (VFR),0,29,91,3,123,0,11,90,3,104,0,40,181,6,227,136,0,136,363
06/15/2004,STP,MN,AGL,CE,Towers with Display (VFR),0,35,110,4,149,0,2,137,2,141,0,37,247,6,290,308,0,308,598
06/16/2004,STP,MN,AGL,CE,Towers with Display (VFR),0,41,129,4,174,0,11,71,2,84,0,52,200,6,258,96,4,100,358
06/17/2004,STP,MN,AGL,CE,Towers with Display (VFR),0,34,110,3,147,0,5,215,24,244,0,39,325,27,391,312,6,318,709
06/18/2004,STP,MN,AGL,CE,Towers with Display (VFR),0,32,100,2,134,0,3,114,44,161,0,35,214,46,295,148,34,182,477
06/19/2004,STP,MN,AGL,CE,Towers with Display (VFR),0,11,45,0,56,0,0,172,0,172,0,11,217,0,228,208,0,208,436
06/20/2004,STP,MN,AGL,CE,Towers with Display (VFR),0,9,49,1,59,0,0,77,5,82,0,9,126,6,141,30,0,30,171
06/21/2004,STP,MN,AGL,CE,Towers with Display (VFR),0,34,108,0,142,0,1,126,0,127,0,35,234,0,269,100,0,100,369
06/22/2004,STP,MN,AGL,CE,Towers with Display (VFR),0,33,102,2,137,0,17,99,28,144,0,50,201,30,281,144,8,152,433
06/23/2004,STP,MN,AGL,CE,Towers with Display (VFR),0,40,126,3,169,0,7,137,26,170,0,47,263,29,339,230,28,258,597
06/24/2004,STP,MN,AGL,CE,Towers with Display (VFR),0,43,137,3,183,0,4,180,28,212,0,47,317,31,395,104,8,112,507
06/25/2004,STP,MN,AGL,CE,Towers with Display (VFR),0,32,99,2,133,0,8,112,8,128,0,40,211,10,261,160,2,162,423
06/26/2004,STP,MN,AGL,CE,Towers with Display (VFR),0,13,43,1,57,0,3,137,1,141,0,16,180,2,198,172,0,172,370
06/27/2004,STP,MN,AGL,CE,Towers with Display (VFR),0,18,64,1,83,0,0,65,2,67,0,18,129,3,150,64,0,64,214
06/28/2004,STP,MN,AGL,CE,Towers with Display (VFR),0,32,100,0,132,0,5,154,0,159,0,37,254,0,291,154,0,154,445
06/29/2004,STP,MN,AGL,CE,Towers with Display (VFR),0,34,110,3,147,0,6,193,22,221,0,40,303,25,368,272,26,298,666
06/30/2004,STP,MN,AGL,CE,Towers with Display (VFR),0,36,116,3,155,0,9,153,20,182,0,45,269,23,337,180,26,206,543
07/01/2004,STP,MN,AGL,CE,Towers with Display (VFR),0,31,104,2,137,0,4,109,9,122,0,35,213,11,259,226,32,258,517
07/02/2004,STP,MN,AGL,CE,Towers with Display (VFR),0,29,95,2,126,0,1,161,1,163,0,30,256,3,289,256,0,256,545
07/03/2004,STP,MN,AGL,CE,Towers with Display (VFR),0,17,55,0,72,0,1,107,0,108,0,18,162,0,180,254,0,254,434
07/04/2004,STP,MN,AGL,CE,Towers with Display (VFR),0,7,24,0,31,0,7,85,0,92,0,14,109,0,123,50,0,50,173
07/05/2004,STP,MN,AGL,CE,Towers with Display (VFR),0,12,63,2,77,0,0,75,0,75,0,12,138,2,152,120,0,120,272
07/06/2004,STP,MN,AGL,CE,Towers with Display (VFR),0,29,93,2,124,0,7,0,2,9,0,36,93,4,133,6,0,6,139
07/07/2004,STP,MN,AGL,CE,Towers with Display (VFR),0,37,123,3,163,0,15,130,6,151,0,52,253,9,314,268,0,268,582
07/08/2004,STP,MN,AGL,CE,Towers with Display (VFR),0,34,109,2,145,0,9,233,15,257,0,43,342,17,402,356,10,366,768
07/09/2004,STP,MN,AGL,CE,Towers with Display (VFR),0,34,113,3,150,0,9,111,15,135,0,43,224,18,285,186,2,188,473
07/10/2004,STP,MN,AGL,CE,Towers with Display (VFR),0,9,29,1,39,0,3,53,3,59,0,12,82,4,98,48,0,48,146
07/11/2004,STP,MN,AGL,CE,Towers with Display (VFR),0,11,41,1,53,0,0,52,9,61,0,11,93,10,114,80,2,82,196
07/12/2004,STP,MN,AGL,CE,Towers with Display (VFR),0,32,103,0,135,0,6,148,0,154,0,38,251,0,289,128,2,130,419
07/13/2004,STP,MN,AGL,CE,Towers with Display (VFR),0,24,81,2,107,0,11,90,7,108,0,35,171,9,215,194,6,200,415
07/14/2004,STP,MN,AGL,CE,Towers with Display (VFR),0,32,105,2,139,0,22,169,24,215,0,54,274,26,354,356,52,408,762
07/15/2004,STP,MN,AGL,CE,Towers with Display (VFR),0,35,119,3,157,0,10,181,20,211,0,45,300,23,368,216,30,246,614
07/16/2004,STP,MN,AGL,CE,Towers with Display (VFR),0,34,113,3,150,0,11,125,7,143,0,45,238,10,293,186,42,228,521
07/17/2004,STP,MN,AGL,CE,Towers with Display (VFR),0,13,51,0,64,0,0,134,0,134,0,13,185,0,198,40,0,40,238
07/18/2004,STP,MN,AGL,CE,Towers with Display (VFR),0,22,76,0,98,0,4,107,0,111,0,26,183,0,209,110,0,110,319
07/19/2004,STP,MN,AGL,CE,Towers with Display (VFR),0,32,120,2,154,0,0,148,12,160,0,32,268,14,314,382,0,382,696
07/20/2004,STP,MN,AGL,CE,Towers with Display (VFR),0,40,133,2,175,0,13,139,18,170,0,53,272,20,345,210,8,218,563
07/21/2004,STP,MN,AGL,CE,Towers with Display (VFR),0,36,120,2,158,0,0,169,25,194,0,36,289,27,352,296,78,374,726
07/22/2004,STP,MN,AGL,CE,Towers with Display (VFR),0,44,146,2,192,0,12,135,28,175,0,56,281,30,367,268,38,306,673
07/23/2004,STP,MN,AGL,CE,Towers with Display (VFR),0,28,93,1,122,0,2,175,26,203,0,30,268,27,325,182,16,198,523
07/24/2004,STP,MN,AGL,CE,Towers with Display (VFR),0,9,31,0,40,0,4,124,1,129,0,13,155,1,169,134,0,134,303
07/25/2004,STP,MN,AGL,CE,Towers with Display (VFR),0,7,51,0,58,0,0,102,1,103,0,7,153,1,161,114,0,114,275
07/26/2004,STP,MN,AGL,CE,Towers with Display (VFR),0,32,112,1,145,0,0,177,1,178,0,32,289,2,323,248,0,248,571
07/27/2004,STP,MN,AGL,CE,Towers with Display (VFR),0,30,99,1,130,0,20,104,39,163,0,50,203,40,293,236,20,256,549
07/28/2004,STP,MN,AGL,CE,Towers with Display (VFR),0,33,118,2,153,0,0,111,19,130,0,33,229,21,283,96,10,106,389
07/29/2004,STP,MN,AGL,CE,Towers with Display (VFR),0,33,107,1,141,0,6,153,13,172,0,39,260,14,313,226,14,240,553
07/30/2004,STP,MN,AGL,CE,Towers with Display (VFR),0,27,88,1,116,0,15,79,6,100,0,42,167,7,216,154,16,170,386
07/31/2004,STP,MN,AGL,CE,Towers with Display (VFR),0,12,44,0,56,0,0,104,1,105,0,12,148,1,161,186,0,186,347
08/01/2004,STP,MN,AGL,CE,Towers with Display (VFR),0,14,55,2,71,0,0,110,0,110,0,14,165,2,181,74,0,74,255
08/02/2004,STP,MN,AGL,CE,Towers with Display (VFR),0,24,71,3,98,0,8,154,7,169,0,32,225,10,267,238,20,258,525
08/03/2004,STP,MN,AGL,CE,Towers with Display (VFR),0,37,110,4,151,0,16,116,2,134,0,53,226,6,285,134,0,134,419
08/04/2004,STP,MN,AGL,CE,Towers with Display (VFR),0,34,101,4,139,0,17,108,7,132,0,51,209,11,271,154,30,184,455
08/05/2004,STP,MN,AGL,CE,Towers with Display (VFR),0,35,102,4,141,0,19,162,7,188,0,54,264,11,329,228,12,240,569
08/06/2004,STP,MN,AGL,CE,Towers with Display (VFR),0,29,88,4,121,0,20,172,13,205,0,49,260,17,326,150,4,154,480
08/07/2004,STP,MN,AGL,CE,Towers with Display (VFR),0,14,43,2,59,0,8,140,17,165,0,22,183,19,224,246,20,266,490
08/08/2004,STP,MN,AGL,CE,Towers with Display (VFR),0,16,55,3,74,0,0,112,8,120,0,16,167,11,194,126,10,136,330
08/09/2004,STP,MN,AGL,CE,Towers with Display (VFR),0,31,91,2,124,0,6,51,0,57,0,37,142,2,181,56,0,56,237
08/10/2004,STP,MN,AGL,CE,Towers with Display (VFR),0,38,113,5,156,0,6,113,5,124,0,44,226,10,280,312,34,346,626
08/11/2004,STP,MN,AGL,CE,Towers with Display (VFR),0,40,120,5,165,0,16,95,22,133,0,56,215,27,298,216,28,244,542
08/12/2004,STP,MN,AGL,CE,Towers with Display (VFR),0,40,118,5,163,0,12,160,8,180,0,52,278,13,343,360,14,374,717
08/13/2004,STP,MN,AGL,CE,Towers with Display (VFR),0,29,89,4,122,0,2,146,13,161,0,31,235,17,283,246,4,250,533
08/14/2004,STP,MN,AGL,CE,Towers with Display (VFR),0,16,45,2,63,0,0,148,6,154,0,16,193,8,217,214,6,220,437
08/15/2004,STP,MN,AGL,CE,Towers with Display (VFR),0,22,71,2,95,0,0,111,0,111,0,22,182,2,206,124,0,124,330
08/16/2004,STP,MN,AGL,CE,Towers with Display (VFR),0,30,92,3,125,0,6,70,11,87,0,36,162,14,212,76,0,76,288
08/17/2004,STP,MN,AGL,CE,Towers with Display (VFR),0,41,125,4,170,0,7,148,22,177,0,48,273,26,347,278,34,312,659
08/18/2004,STP,MN,AGL,CE,Towers with Display (VFR),0,27,84,3,114,0,22,28,18,68,0,49,112,21,182,82,0,82,264
08/19/2004,STP,MN,AGL,CE,Towers with Display (VFR),0,36,106,3,145,0,2,121,4,127,0,38,227,7,272,166,0,166,438
08/20/2004,STP,MN,AGL,CE,Towers with Display (VFR),0,32,95,3,130,0,9,116,7,132,0,41,211,10,262,96,6,102,364
08/21/2004,STP,MN,AGL,CE,Towers with Display (VFR),0,13,39,1,53,0,19,92,5,116,0,32,131,6,169,134,0,134,303
08/22/2004,STP,MN,AGL,CE,Towers with Display (VFR),0,18,57,2,77,0,11,66,6,83,0,29,123,8,160,92,0,92,252
08/23/2004,STP,MN,AGL,CE,Towers with Display (VFR),0,27,84,0,111,0,4,149,0,153,0,31,233,0,264,124,0,124,388
08/24/2004,STP,MN,AGL,CE,Towers with Display (VFR),0,42,126,4,172,0,5,56,30,91,0,47,182,34,263,46,38,84,347
08/25/2004,STP,MN,AGL,CE,Towers with Display (VFR),0,44,137,4,185,0,0,98,21,119,0,44,235,25,304,142,34,176,480
08/26/2004,STP,MN,AGL,CE,Towers with Display (VFR),0,43,128,4,175,0,8,68,19,95,0,51,196,23,270,136,48,184,454
08/27/2004,STP,MN,AGL,CE,Towers with Display (VFR),0,35,105,3,143,0,15,136,5,156,0,50,241,8,299,220,0,220,519
08/28/2004,STP,MN,AGL,CE,Towers with Display (VFR),0,10,30,1,41,0,0,67,3,70,0,10,97,4,111,162,4,166,277
08/29/2004,STP,MN,AGL,CE,Towers with Display (VFR),0,16,52,1,69,0,0,47,4,51,0,16,99,5,120,38,0,38,158
08/30/2004,STP,MN,AGL,CE,Towers with Display (VFR),0,0,0,0,0,0,37,314,13,364,0,37,314,13,364,196,8,204,568
08/31/2004,STP,MN,AGL,CE,Towers with Display (VFR),0,33,98,3,134,0,16,156,44,216,0,49,254,47,350,238,62,300,650
09/01/2004,STP,MN,AGL,CE,Towers with Display (VFR),0,28,105,2,135,0,0,113,28,141,0,28,218,30,276,116,34,150,426
09/02/2004,STP,MN,AGL,CE,Towers with Display (VFR),0,28,111,3,142,0,9,105,20,134,0,37,216,23,276,70,38,108,384
09/03/2004,STP,MN,AGL,CE,Towers with Display (VFR),0,22,87,2,111,0,6,140,2,148,0,28,227,4,259,144,2,146,405
09/04/2004,STP,MN,AGL,CE,Towers with Display (VFR),0,4,34,0,38,0,0,77,0,77,0,4,111,0,115,84,0,84,199
09/05/2004,STP,MN,AGL,CE,Towers with Display (VFR),0,5,19,0,24,0,3,6,0,9,0,8,25,0,33,8,0,8,41
09/06/2004,STP,MN,AGL,CE,Towers with Display (VFR),0,15,58,0,73,0,5,55,0,60,0,20,113,0,133,66,0,66,199
09/07/2004,STP,MN,AGL,CE,Towers with Display (VFR),0,28,110,3,141,0,9,82,8,99,0,37,192,11,240,114,6,120,360
09/08/2004,STP,MN,AGL,CE,Towers with Display (VFR),0,26,105,3,134,0,9,79,9,97,0,35,184,12,231,102,0,102,333
09/09/2004,STP,MN,AGL,CE,Towers with Display (VFR),0,22,90,3,115,0,14,72,9,95,0,36,162,12,210,62,6,68,278
09/10/2004,STP,MN,AGL,CE,Towers with Display (VFR),0,34,132,3,169,0,4,101,15,120,0,38,233,18,289,58,20,78,367
09/11/2004,STP,MN,AGL,CE,Towers with Display (VFR),0,8,31,1,40,0,2,107,18,127,0,10,138,19,167,132,16,148,315
09/12/2004,STP,MN,AGL,CE,Towers with Display (VFR),0,8,50,2,60,0,0,167,0,167,0,8,217,2,227,248,0,248,475
09/13/2004,STP,MN,AGL,CE,Towers with Display (VFR),0,22,87,2,111,0,18,29,12,59,0,40,116,14,170,36,6,42,212
09/14/2004,STP,MN,AGL,CE,Towers with Display (VFR),0,26,104,3,133,0,10,38,22,70,0,36,142,25,203,60,26,86,289
09/15/2004,STP,MN,AGL,CE,Towers with Display (VFR),0,22,83,2,107,0,16,11,16,43,0,38,94,18,150,2,0,2,152
09/16/2004,STP,MN,AGL,CE,Towers with Display (VFR),0,30,116,3,149,0,20,152,8,180,0,50,268,11,329,318,0,318,647
09/17/2004,STP,MN,AGL,CE,Towers with Display (VFR),0,23,95,2,120,0,14,119,8,141,0,37,214,10,261,142,4,146,407
09/18/2004,STP,MN,AGL,CE,Towers with Display (VFR),0,16,63,1,80,0,0,119,17,136,0,16,182,18,216,144,0,144,360
09/19/2004,STP,MN,AGL,CE,Towers with Display (VFR),0,10,68,1,79,0,0,131,12,143,0,10,199,13,222,152,0,152,374
09/20/2004,STP,MN,AGL,CE,Towers with Display (VFR),0,23,91,0,114,0,6,34,0,40,0,29,125,0,154,8,0,8,162
09/21/2004,STP,MN,AGL,CE,Towers with Display (VFR),0,26,104,2,132,0,10,34,19,63,0,36,138,21,195,170,0,170,365
09/22/2004,STP,MN,AGL,CE,Towers with Display (VFR),0,29,116,2,147,0,13,138,19,170,0,42,254,21,317,294,18,312,629
09/23/2004,STP,MN,AGL,CE,Towers with Display (VFR),0,25,102,2,129,0,11,58,5,74,0,36,160,7,203,82,6,88,291
09/24/2004,STP,MN,AGL,CE,Towers with Display (VFR),0,21,80,1,102,0,5,82,13,100,0,26,162,14,202,134,0,134,336
09/25/2004,STP,MN,AGL,CE,Towers with Display (VFR),0,8,62,1,71,0,0,141,6,147,0,8,203,7,218,234,2,236,454
09/26/2004,STP,MN,AGL,CE,Towers with Display (VFR),0,16,78,0,94,0,0,152,0,152,0,16,230,0,246,210,0,210,456
09/27/2004,STP,MN,AGL,CE,Towers with Display (VFR),0,24,104,2,130,0,0,89,4,93,0,24,193,6,223,32,0,32,255
09/28/2004,STP,MN,AGL,CE,Towers with Display (VFR),0,27,109,2,138,0,13,130,23,166,0,40,239,25,304,202,32,234,538
09/29/2004,STP,MN,AGL,CE,Towers with Display (VFR),0,35,141,3,179,0,0,143,38,181,0,35,284,41,360,260,48,308,668
09/30/2004,STP,MN,AGL,CE,Towers with Display (VFR),0,32,125,2,159,0,8,101,12,121,0,40,226,14,280,150,4,154,434
10/01/2004,STP,MN,AGL,CE,Towers with Radar,0,25,73,2,100,0,5,17,8,30,0,30,90,10,130,0,0,0,130
10/02/2004,STP,MN,AGL,CE,Towers with Radar,0,8,37,2,47,0,13,86,26,125,0,21,123,28,172,102,0,102,274
10/03/2004,STP,MN,AGL,CE,Towers with Radar,0,12,61,0,73,0,10,86,5,101,0,22,147,5,174,98,0,98,272
10/04/2004,STP,MN,AGL,CE,Towers with Radar,0,32,81,0,113,0,12,125,4,141,0,44,206,4,254,174,8,182,436
10/05/2004,STP,MN,AGL,CE,Towers with Radar,0,35,93,0,128,0,12,153,32,197,0,47,246,32,325,248,52,300,625
10/06/2004,STP,MN,AGL,CE,Towers with Radar,0,31,98,3,132,0,8,126,18,152,0,39,224,21,284,108,38,146,430
10/07/2004,STP,MN,AGL,CE,Towers with Radar,0,19,104,0,123,0,1,87,14,102,0,20,191,14,225,132,0,132,357
10/08/2004,STP,MN,AGL,CE,Towers with Radar,0,36,123,2,161,0,8,82,3,93,0,44,205,5,254,34,24,58,312
10/09/2004,STP,MN,AGL,CE,Towers with Radar,0,6,68,0,74,0,5,72,2,79,0,11,140,2,153,82,2,84,237
10/10/2004,STP,MN,AGL,CE,Towers with Radar,0,10,65,0,75,0,5,109,0,114,0,15,174,0,189,136,0,136,325
10/11/2004,STP,MN,AGL,CE,Towers with Radar,0,16,85,0,101,0,9,96,0,105,0,25,181,0,206,108,0,108,314
10/12/2004,STP,MN,AGL,CE,Towers with Radar,0,35,105,0,140,0,9,141,34,184,0,44,246,34,324,168,30,198,522
10/13/2004,STP,MN,AGL,CE,Towers with Radar,0,26,124,5,155,0,3,11,7,21,0,29,135,12,176,0,8,8,184
10/14/2004,STP,MN,AGL,CE,Towers with Radar,0,27,95,0,122,0,4,56,14,74,0,31,151,14,196,168,34,202,398
10/15/2004,STP,MN,AGL,CE,Towers with Radar,0,29,95,0,124,0,1,45,7,53,0,30,140,7,177,70,28,98,275
10/16/2004,STP,MN,AGL,CE,Towers with Radar,0,4,36,2,42,0,2,41,6,49,0,6,77,8,91,26,0,26,117
10/17/2004,STP,MN,AGL,CE,Towers with Radar,0,9,49,0,58,0,1,78,0,79,0,10,127,0,137,104,0,104,241
10/18/2004,STP,MN,AGL,CE,Towers with Radar,0,22,96,0,118,0,6,85,2,93,0,28,181,2,211,78,0,78,289
10/19/2004,STP,MN,AGL,CE,Towers with Radar,0,33,112,11,156,0,0,10,10,20,0,33,122,21,176,10,20,30,206
10/20/2004,STP,MN,AGL,CE,Towers with Radar,0,27,153,0,180,0,9,72,10,91,0,36,225,10,271,100,0,100,371
10/21/2004,STP,MN,AGL,CE,Towers with Radar,0,28,130,2,160,0,3,0,1,4,0,31,130,3,164,0,0,0,164
10/22/2004,STP,MN,AGL,CE,Towers with Radar,0,22,90,4,116,0,0,0,0,0,0,22,90,4,116,0,0,0,116
10/23/2004,STP,MN,AGL,CE,Towers with Radar,0,10,44,0,54,0,14,9,2,25,0,24,53,2,79,0,4,4,83
10/24/2004,STP,MN,AGL,CE,Towers with Radar,0,10,91,0,101,0,4,124,1,129,0,14,215,1,230,94,0,94,324
10/25/2004,STP,MN,AGL,CE,Towers with Radar,0,34,100,4,138,0,0,106,5,111,0,34,206,9,249,86,0,86,335
10/26/2004,STP,MN,AGL,CE,Towers with Radar,0,33,90,1,124,0,6,68,19,93,0,39,158,20,217,100,10,110,327
10/27/2004,STP,MN,AGL,CE,Towers with Radar,0,45,112,11,168,0,0,0,0,0,0,45,112,11,168,0,0,0,168
10/28/2004,STP,MN,AGL,CE,Towers with Radar,0,30,59,0,89,0,0,0,0,0,0,30,59,0,89,0,0,0,89
10/29/2004,STP,MN,AGL,CE,Towers with Radar,0,22,70,2,94,0,8,52,10,70,0,30,122,12,164,2,18,20,184
10/30/2004,STP,MN,AGL,CE,Towers with Radar,0,10,43,0,53,0,4,18,0,22,0,14,61,0,75,82,0,82,157
10/31/2004,STP,MN,AGL,CE,Towers with Radar,0,10,63,0,73,0,1,14,0,15,0,11,77,0,88,86,0,86,174
11/01/2004,STP,MN,AGL,CE,Towers with Radar,0,20,81,0,101,0,4,63,0,67,0,24,144,0,168,30,0,30,198
11/02/2004,STP,MN,AGL,CE,Towers with Radar,0,24,82,0,106,0,2,64,12,78,0,26,146,12,184,58,18,76,260
11/03/2004,STP,MN,AGL,CE,Towers with Radar,0,35,144,2,181,0,19,146,28,193,0,54,290,30,374,234,8,242,616
11/04/2004,STP,MN,AGL,CE,Towers with Radar,0,20,117,0,137,0,12,93,19,124,0,32,210,19,261,168,0,168,429
11/05/2004,STP,MN,AGL,CE,Towers with Radar,0,25,92,0,117,0,7,119,13,139,0,32,211,13,256,236,14,250,506
11/06/2004,STP,MN,AGL,CE,Towers with Radar,0,13,81,0,94,0,9,86,11,106,0,22,167,11,200,148,28,176,376
11/07/2004,STP,MN,AGL,CE,Towers with Radar,0,13,76,5,94,0,5,85,6,96,0,18,161,11,190,46,8,54,244
11/08/2004,STP,MN,AGL,CE,Towers with Radar,0,27,81,0,108,0,7,103,4,114,0,34,184,4,222,76,0,76,298
11/09/2004,STP,MN,AGL,CE,Towers with Radar,0,43,130,3,176,0,11,104,25,140,0,54,234,28,316,206,22,228,544
11/10/2004,STP,MN,AGL,CE,Towers with Radar,0,27,91,7,125,0,0,36,27,63,0,27,127,34,188,100,28,128,316
11/11/2004,STP,MN,AGL,CE,Towers with Radar,0,27,82,1,110,0,13,85,5,103,0,40,167,6,213,148,12,160,373
11/12/2004,STP,MN,AGL,CE,Towers with Radar,0,19,75,0,94,0,5,134,15,154,0,24,209,15,248,142,12,154,402
11/13/2004,STP,MN,AGL,CE,Towers with Radar,0,19,55,0,74,0,3,136,12,151,0,22,191,12,225,168,0,168,393
11/14/2004,STP,MN,AGL,CE,Towers with Radar,0,14,76,0,90,0,0,103,0,103,0,14,179,0,193,108,0,108,301
11/15/2004,STP,MN,AGL,CE,Towers with Radar,0,25,82,0,107,0,12,82,0,94,0,37,164,0,201,88,0,88,289
11/16/2004,STP,MN,AGL,CE,Towers with Radar,0,42,133,18,193,0,1,13,3,17,0,43,146,21,210,30,12,42,252
11/17/2004,STP,MN,AGL,CE,Towers with Radar,0,48,97,3,148,0,0,0,0,0,0,48,97,3,148,0,0,0,148
11/18/2004,STP,MN,AGL,CE,Towers with Radar,0,33,129,0,162,0,5,72,4,81,0,38,201,4,243,92,0,92,335
11/19/2004,STP,MN,AGL,CE,Towers with Radar,0,24,98,0,122,0,0,17,0,17,0,24,115,0,139,24,8,32,171
11/20/2004,STP,MN,AGL,CE,Towers with Radar,0,4,53,0,57,0,9,30,25,64,0,13,83,25,121,28,16,44,165
11/21/2004,STP,MN,AGL,CE,Towers with Radar,0,9,65,0,74,0,2,78,0,80,0,11,143,0,154,82,0,82,236
11/22/2004,STP,MN,AGL,CE,Towers with Radar,0,18,78,3,99,0,2,85,5,92,0,20,163,8,191,68,0,68,259
11/23/2004,STP,MN,AGL,CE,Towers with Radar,0,41,47,3,91,0,144,0,16,160,0,185,47,19,251,116,8,124,375
11/24/2004,STP,MN,AGL,CE,Towers with Radar,0,18,70,4,92,0,1,66,13,80,0,19,136,17,172,146,16,162,334
11/25/2004,STP,MN,AGL,CE,Towers with Radar,0,13,20,0,33,0,7,25,0,32,0,20,45,0,65,6,0,6,71
11/26/2004,STP,MN,AGL,CE,Towers with Radar,0,22,15,0,37,0,2,6,0,8,0,24,21,0,45,6,0,6,51
11/27/2004,STP,MN,AGL,CE,Towers with Radar,0,8,22,0,30,0,0,0,0,0,0,8,22,0,30,0,0,0,30
11/28/2004,STP,MN,AGL,CE,Towers with Radar,0,16,69,0,85,0,5,106,3,114,0,21,175,3,199,128,0,128,327
11/29/2004,STP,MN,AGL,CE,Towers with Radar,0,27,85,2,114,0,4,62,3,69,0,31,147,5,183,102,0,102,285
11/30/2004,STP,MN,AGL,CE,Towers with Radar,0,41,70,2,113,0,7,96,15,118,0,48,166,17,231,170,8,178,409
12/01/2004,STP,MN,AGL,CE,Towers with Radar,0,34,120,0,154,0,9,97,20,126,0,43,217,20,280,152,24,176,456
12/02/2004,STP,MN,AGL,CE,Towers with Radar,0,44,84,0,128,0,2,51,1,54,0,46,135,1,182,54,0,54,236
12/03/2004,STP,MN,AGL,CE,Towers with Radar,0,33,70,4,107,0,5,90,10,105,0,38,160,14,212,142,64,206,418
12/04/2004,STP,MN,AGL,CE,Towers with Radar,0,6,52,0,58,0,13,135,4,152,0,19,187,4,210,170,4,174,384
12/05/2004,STP,MN,AGL,CE,Towers with Radar,0,5,35,0,40,0,2,67,0,69,0,7,102,0,109,132,0,132,241
12/06/2004,STP,MN,AGL,CE,Towers with Radar,0,22,67,0,89,0,0,0,0,0,0,22,67,0,89,0,0,0,89
12/07/2004,STP,MN,AGL,CE,Towers with Radar,0,43,82,4,129,0,3,2,4,9,0,46,84,8,138,0,20,20,158
12/08/2004,STP,MN,AGL,CE,Towers with Radar,0,26,117,3,146,0,3,55,8,66,0,29,172,11,212,132,16,148,360
12/09/2004,STP,MN,AGL,CE,Towers with Radar,0,45,81,0,126,0,1,7,1,9,0,46,88,1,135,46,40,86,221
12/10/2004,STP,MN,AGL,CE,Towers with Radar,0,24,79,1,104,0,5,38,8,51,0,29,117,9,155,90,18,108,263
12/11/2004,STP,MN,AGL,CE,Towers with Radar,0,11,43,0,54,0,3,57,1,61,0,14,100,1,115,236,0,236,351
12/12/2004,STP,MN,AGL,CE,Towers with Radar,0,5,35,1,41,0,2,3,0,5,0,7,38,1,46,0,0,0,46
12/13/2004,STP,MN,AGL,CE,Towers with Radar,0,16,95,0,111,0,2,69,0,71,0,18,164,0,182,176,0,176,358
12/14/2004,STP,MN,AGL,CE,Towers with Radar,0,37,100,1,138,0,4,105,24,133,0,41,205,25,271,204,62,266,537
12/15/2004,STP,MN,AGL,CE,Towers with Radar,0,32,108,0,140,0,2,66,11,79,0,34,174,11,219,240,4,244,463
12/16/2004,STP,MN,AGL,CE,Towers with Radar,0,32,136,2,170,0,4,98,6,108,0,36,234,8,278,78,0,78,356
12/17/2004,STP,MN,AGL,CE,Towers with Radar,0,34,103,0,137,0,2,87,5,94,0,36,190,5,231,188,6,194,425
12/18/2004,STP,MN,AGL,CE,Towers with Radar,0,5,33,0,38,0,8,56,0,64,0,13,89,0,102,44,0,44,146
12/19/2004,STP,MN,AGL,CE,Towers with Radar,0,9,31,0,40,0,2,33,0,35,0,11,64,0,75,70,0,70,145
12/20/2004,STP,MN,AGL,CE,Towers with Radar,0,20,66,0,86,0,9,27,0,36,0,29,93,0,122,8,0,8,130
12/21/2004,STP,MN,AGL,CE,Towers with Radar,0,34,73,2,109,0,1,31,13,45,0,35,104,15,154,14,6,20,174
12/22/2004,STP,MN,AGL,CE,Towers with Radar,0,27,88,1,116,0,4,71,15,90,0,31,159,16,206,158,24,182,388
12/23/2004,STP,MN,AGL,CE,Towers with Radar,0,35,34,2,71,0,0,18,1,19,0,35,52,3,90,2,0,2,92
12/24/2004,STP,MN,AGL,CE,Towers with Radar,0,28,25,0,53,0,1,22,0,23,0,29,47,0,76,18,0,18,94
12/25/2004,STP,MN,AGL,CE,Towers with Radar,0,6,14,0,20,0,1,6,0,7,0,7,20,0,27,6,0,6,33
12/26/2004,STP,MN,AGL,CE,Towers with Radar,0,11,44,0,55,0,5,56,0,61,0,16,100,0,116,54,0,54,170
12/27/2004,STP,MN,AGL,CE,Towers with Radar,0,24,53,2,79,0,2,70,0,72,0,26,123,2,151,82,0,82,233
12/28/2004,STP,MN,AGL,CE,Towers with Radar,0,26,60,0,86,0,6,41,10,57,0,32,101,10,143,136,20,156,299
12/29/2004,STP,MN,AGL,CE,Towers with Radar,0,20,54,0,74,0,0,0,0,0,0,20,54,0,74,0,0,0,74
12/30/2004,STP,MN,AGL,CE,Towers with Radar,0,24,28,0,52,0,2,1,0,3,0,26,29,0,55,4,0,4,59
12/31/2004,STP,MN,AGL,CE,Towers with Radar,0,18,23,0,41,0,4,30,0,34,0,22,53,0,75,84,0,84,159
01/01/2005,STP,MN,AGL,CE,Towers with Radar,0,6,26,0,32,0,2,6,0,8,0,8,32,0,40,0,0,0,40
01/02/2005,STP,MN,AGL,CE,Towers with Radar,0,6,48,0,54,0,4,80,0,84,0,10,128,0,138,102,0,102,240
01/03/2005,STP,MN,AGL,CE,Towers with Radar,0,22,59,0,81,0,4,67,5,76,0,26,126,5,157,84,2,86,243
01/04/2005,STP,MN,AGL,CE,Towers with Radar,0,21,61,4,86,0,1,38,5,44,0,22,99,9,130,66,26,92,222
01/05/2005,STP,MN,AGL,CE,Towers with Radar,0,19,57,3,79,0,3,39,14,56,0,22,96,17,135,154,18,172,307
01/06/2005,STP,MN,AGL,CE,Towers with Radar,0,31,99,0,130,0,3,92,16,111,0,34,191,16,241,156,22,178,419
01/07/2005,STP,MN,AGL,CE,Towers with Radar,0,20,96,6,122,0,7,43,7,57,0,27,139,13,179,0,8,8,187
01/08/2005,STP,MN,AGL,CE,Towers with Radar,0,4,39,0,43,0,11,41,26,78,0,15,80,26,121,138,4,142,263
01/09/2005,STP,MN,AGL,CE,Towers with Radar,0,3,32,0,35,0,4,6,0,10,0,7,38,0,45,0,0,0,45
01/10/2005,STP,MN,AGL,CE,Towers with Radar,0,22,74,2,98,0,3,65,0,68,0,25,139,2,166,118,0,118,284
01/11/2005,STP,MN,AGL,CE,Towers with Radar,0,28,62,0,90,0,2,45,10,57,0,30,107,10,147,106,24,130,277
01/12/2005,STP,MN,AGL,CE,Towers with Radar,0,44,61,0,105,0,4,2,0,6,0,48,63,0,111,0,0,0,111
01/13/2005,STP,MN,AGL,CE,Towers with Radar,0,25,94,0,119,0,11,37,11,59,0,36,131,11,178,44,10,54,232
01/14/2005,STP,MN,AGL,CE,Towers with Radar,0,28,67,1,96,0,5,26,9,40,0,33,93,10,136,20,22,42,178
01/15/2005,STP,MN,AGL,CE,Towers with Radar,0,7,47,0,54,0,6,61,0,67,0,13,108,0,121,52,0,52,173
01/16/2005,STP,MN,AGL,CE,Towers with Radar,0,6,47,0,53,0,0,26,0,26,0,6,73,0,79,26,0,26,105
01/17/2005,STP,MN,AGL,CE,Towers with Radar,0,14,64,0,78,0,2,61,0,63,0,16,125,0,141,144,0,144,285
01/18/2005,STP,MN,AGL,CE,Towers with Radar,0,31,77,6,114,0,2,30,5,37,0,33,107,11,151,18,2,20,171
01/19/2005,STP,MN,AGL,CE,Towers with Radar,0,38,81,5,124,0,4,68,18,90,0,42,149,23,214,38,44,82,296
01/20/2005,STP,MN,AGL,CE,Towers with Radar,0,28,63,0,91,0,3,3,0,6,0,31,66,0,97,0,0,0,97
01/21/2005,STP,MN,AGL,CE,Towers with Radar,0,17,41,0,58,0,0,0,0,0,0,17,41,0,58,8,0,8,66
01/22/2005,STP,MN,AGL,CE,Towers with Radar,0,8,44,0,52,0,2,69,2,73,0,10,113,2,125,108,0,108,233
01/23/2005,STP,MN,AGL,CE,Towers with Radar,0,4,27,0,31,0,3,55,2,60,0,7,82,2,91,118,0,118,209
01/24/2005,STP,MN,AGL,CE,Towers with Radar,0,26,81,2,109,0,4,88,0,92,0,30,169,2,201,130,0,130,331
01/25/2005,STP,MN,AGL,CE,Towers with Radar,0,17,81,5,103,0,1,56,12,69,0,18,137,17,172,62,0,62,234
01/26/2005,STP,MN,AGL,CE,Towers with Radar,0,32,101,4,137,0,8,48,13,69,0,40,149,17,206,74,26,100,306
01/27/2005,STP,MN,AGL,CE,Towers with Radar,0,27,73,0,100,0,4,61,3,68,0,31,134,3,168,148,4,152,320
01/28/2005,STP,MN,AGL,CE,Towers with Radar,0,22,78,4,104,0,6,104,10,120,0,28,182,14,224,154,22,176,400
01/29/2005,STP,MN,AGL,CE,Towers with Radar,0,4,34,0,38,0,0,47,2,49,0,4,81,2,87,190,0,190,277
01/30/2005,STP,MN,AGL,CE,Towers with Radar,0,3,50,0,53,0,1,114,0,115,0,4,164,0,168,114,0,114,282
01/31/2005,STP,MN,AGL,CE,Towers with Radar,0,18,53,2,73,0,0,0,0,0,0,18,53,2,73,0,0,0,73
02/01/2005,STP,MN,AGL,CE,Towers with Radar,0,32,65,7,104,0,0,0,0,0,0,32,65,7,104,0,0,0,104
02/02/2005,STP,MN,AGL,CE,Towers with Radar,0,28,107,8,143,0,2,47,18,67,0,30,154,26,210,54,38,92,302
02/03/2005,STP,MN,AGL,CE,Towers with Radar,0,32,108,6,146,0,3,134,11,148,0,35,242,17,294,172,4,176,470
02/04/2005,STP,MN,AGL,CE,Towers with Radar,0,20,76,1,97,0,3,128,12,143,0,23,204,13,240,183,4,187,427
02/05/2005,STP,MN,AGL,CE,Towers with Radar,0,28,81,1,110,0,4,78,1,83,0,32,159,2,193,50,2,52,245
02/06/2005,STP,MN,AGL,CE,Towers with Radar,0,8,42,4,54,0,0,45,0,45,0,8,87,4,99,32,0,32,131
02/07/2005,STP,MN,AGL,CE,Towers with Radar,0,23,64,2,89,0,2,56,0,58,0,25,120,2,147,80,0,80,227
02/08/2005,STP,MN,AGL,CE,Towers with Radar,0,26,73,4,103,0,2,51,12,65,0,28,124,16,168,52,24,76,244
02/09/2005,STP,MN,AGL,CE,Towers with Radar,0,28,92,2,122,0,5,48,10,63,0,33,140,12,185,38,22,60,245
02/10/2005,STP,MN,AGL,CE,Towers with Radar,0,36,97,1,134,0,0,54,26,80,0,36,151,27,214,44,68,112,326
02/11/2005,STP,MN,AGL,CE,Towers with Radar,0,20,107,1,128,0,9,148,13,170,0,29,255,14,298,170,34,204,502
02/12/2005,STP,MN,AGL,CE,Towers with Radar,0,7,58,0,65,0,1,119,5,125,0,8,177,5,190,166,12,178,368
02/13/2005,STP,MN,AGL,CE,Towers with Radar,0,9,36,0,45,0,5,26,4,35,0,14,62,4,80,18,0,18,98
02/14/2005,STP,MN,AGL,CE,Towers with Radar,0,27,85,3,115,0,1,38,4,43,0,28,123,7,158,58,8,66,224
02/15/2005,STP,MN,AGL,CE,Towers with Radar,0,30,63,0,93,0,1,69,15,85,0,31,132,15,178,104,24,128,306
02/16/2005,STP,MN,AGL,CE,Towers with Radar,0,24,97,1,122,0,7,66,8,81,0,31,163,9,203,42,16,58,261
02/17/2005,STP,MN,AGL,CE,Towers with Radar,0,35,112,0,147,0,5,103,11,119,0,40,215,11,266,158,38,196,462
02/18/2005,STP,MN,AGL,CE,Towers with Radar,0,28,81,1,110,0,4,78,1,83,0,32,159,2,193,50,2,52,245
02/19/2005,STP,MN,AGL,CE,Towers with Radar,0,2,42,1,45,0,1,83,0,84,0,3,125,1,129,76,0,76,205
02/20/2005,STP,MN,AGL,CE,Towers with Radar,0,11,24,0,35,0,2,4,0,6,0,13,28,0,41,16,0,16,57
02/21/2005,STP,MN,AGL,CE,Towers with Radar,0,19,91,0,110,0,5,57,3,65,0,24,148,3,175,118,0,118,293
02/22/2005,STP,MN,AGL,CE,Towers with Radar,0,28,73,0,101,0,4,100,14,118,0,32,173,14,219,76,18,94,313
02/23/2005,STP,MN,AGL,CE,Towers with Radar,0,30,88,3,121,0,8,83,19,110,0,38,171,22,231,52,12,64,295
02/24/2005,STP,MN,AGL,CE,Towers with Radar,0,21,58,5,84,0,1,6,3,10,0,22,64,8,94,0,46,46,140
02/25/2005,STP,MN,AGL,CE,Towers with Radar,0,39,85,4,128,0,3,51,3,57,0,42,136,7,185,58,0,58,243
02/26/2005,STP,MN,AGL,CE,Towers with Radar,0,7,56,2,65,0,0,103,0,103,0,7,159,2,168,120,0,120,288
02/27/2005,STP,MN,AGL,CE,Towers with Radar,0,5,39,0,44,0,3,11,1,15,0,8,50,1,59,8,0,8,67
02/28/2005,STP,MN,AGL,CE,Towers with Radar,0,22,67,2,91,0,2,55,10,67,0,24,122,12,158,20,10,30,188
03/01/2005,STP,MN,AGL,CE,Towers with Radar,0,29,66,1,96,0,1,106,9,116,0,30,172,10,212,216,12,228,440
03/02/2005,STP,MN,AGL,CE,Towers with Radar,0,33,98,0,131,0,7,98,6,111,0,40,196,6,242,130,12,142,384
03/03/2005,STP,MN,AGL,CE,Towers with Radar,0,22,104,0,126,0,1,100,10,111,0,23,204,10,237,96,0,96,333
03/04/2005,STP,MN,AGL,CE,Towers with Radar,0,25,107,0,132,0,3,96,7,106,0,28,203,7,238,110,0,110,348
03/05/2005,STP,MN,AGL,CE,Towers with Radar,0,14,51,0,65,0,2,81,6,89,0,16,132,6,154,112,0,112,266
03/06/2005,STP,MN,AGL,CE,Towers with Radar,0,8,64,0,72,0,3,103,3,109,0,11,167,3,181,106,0,106,287
03/07/2005,STP,MN,AGL,CE,Towers with Radar,0,27,69,0,96,0,2,30,2,34,0,29,99,2,130,36,0,36,166
03/08/2005,STP,MN,AGL,CE,Towers with Radar,0,30,100,5,135,0,11,71,7,89,0,41,171,12,224,148,8,156,380
03/09/2005,STP,MN,AGL,CE,Towers with Radar,0,27,83,2,112,0,9,92,6,107,0,36,175,8,219,164,28,192,411
03/10/2005,STP,MN,AGL,CE,Towers with Radar,0,38,88,0,126,0,4,23,0,27,0,42,111,0,153,16,0,16,169
03/11/2005,STP,MN,AGL,CE,Towers with Radar,0,16,90,0,106,0,2,14,16,32,0,18,104,16,138,36,14,50,188
03/12/2005,STP,MN,AGL,CE,Towers with Radar,0,12,40,3,55,0,6,103,17,126,0,18,143,20,181,176,26,202,383
03/13/2005,STP,MN,AGL,CE,Towers with Radar,0,6,50,1,57,0,4,77,13,94,0,10,127,14,151,58,28,86,237
03/14/2005,STP,MN,AGL,CE,Towers with Radar,0,24,89,2,115,0,1,60,9,70,0,25,149,11,185,64,52,116,301
03/15/2005,STP,MN,AGL,CE,Towers with Radar,0,38,94,5,137,0,1,108,15,124,0,39,202,20,261,194,28,222,483
03/16/2005,STP,MN,AGL,CE,Towers with Radar,0,26,102,1,129,0,3,116,14,133,0,29,218,15,262,142,6,148,410
03/17/2005,STP,MN,AGL,CE,Towers with Radar,0,31,96,0,127,0,1,76,14,91,0,32,172,14,218,88,12,100,318
03/18/2005,STP,MN,AGL,CE,Towers with Radar,0,21,50,0,71,0,0,0,0,0,0,21,50,0,71,0,6,6,77
03/19/2005,STP,MN,AGL,CE,Towers with Radar,0,14,42,0,56,0,4,64,0,68,0,18,106,0,124,64,0,64,188
03/20/2005,STP,MN,AGL,CE,Towers with Radar,0,6,44,1,51,0,4,94,0,98,0,10,138,1,149,150,0,150,299
03/21/2005,STP,MN,AGL,CE,Towers with Radar,0,21,89,0,110,0,4,103,0,107,0,25,192,0,217,68,0,68,285
03/22/2005,STP,MN,AGL,CE,Towers with Radar,0,23,96,0,119,0,7,199,13,219,0,30,295,13,338,74,22,96,434
03/23/2005,STP,MN,AGL,CE,Towers with Radar,0,31,95,0,126,0,3,114,22,139,0,34,209,22,265,132,52,184,449
03/24/2005,STP,MN,AGL,CE,Towers with Radar,0,30,91,6,127,0,6,91,15,112,0,36,182,21,239,92,58,150,389
03/25/2005,STP,MN,AGL,CE,Towers with Radar,0,23,76,2,101,0,8,122,6,136,0,31,198,8,237,98,14,112,349
03/26/2005,STP,MN,AGL,CE,Towers with Radar,0,7,42,0,49,0,5,124,2,131,0,12,166,2,180,82,4,86,266
03/27/2005,STP,MN,AGL,CE,Towers with Radar,0,1,31,0,32,0,5,59,0,64,0,6,90,0,96,62,0,62,158
03/28/2005,STP,MN,AGL,CE,Towers with Radar,0,30,65,2,97,0,5,114,13,132,0,35,179,15,229,44,16,60,289
03/29/2005,STP,MN,AGL,CE,Towers with Radar,0,29,91,7,127,0,4,80,26,110,0,33,171,33,237,62,74,136,373
03/30/2005,STP,MN,AGL,CE,Towers with Radar,0,31,71,0,102,0,1,3,0,4,0,32,74,0,106,0,0,0,106
03/31/2005,STP,MN,AGL,CE,Towers with Radar,0,28,94,0,122,0,1,47,18,66,0,29,141,18,188,70,8,78,266
04/01/2005,STP,MN,AGL,CE,Towers with Radar,0,26,79,6,111,0,4,105,5,114,0,30,184,11,225,46,0,46,271
04/02/2005,STP,MN,AGL,CE,Towers with Radar,0,10,38,0,48,0,5,76,8,89,0,15,114,8,137,84,0,84,221
04/03/2005,STP,MN,AGL,CE,Towers with Radar,0,13,64,0,77,0,6,123,2,131,0,19,187,2,208,148,0,148,356
04/04/2005,STP,MN,AGL,CE,Towers with Radar,0,17,75,0,92,0,4,48,5,57,0,21,123,5,149,102,0,102,251
04/05/2005,STP,MN,AGL,CE,Towers with Radar,0,30,66,2,98,0,5,74,11,90,0,35,140,13,188,92,26,118,306
04/06/2005,STP,MN,AGL,CE,Towers with Radar,0,34,86,0,120,0,4,31,6,41,0,38,117,6,161,52,0,52,213
04/07/2005,STP,MN,AGL,CE,Towers with Radar,0,27,134,6,167,0,5,107,18,130,0,32,241,24,297,164,12,176,473
04/08/2005,STP,MN,AGL,CE,Towers with Radar,0,28,120,2,150,0,10,127,12,149,0,38,247,14,299,160,62,222,521
04/09/2005,STP,MN,AGL,CE,Towers with Radar,0,7,58,0,65,0,11,70,3,84,0,18,128,3,149,76,0,76,225
04/10/2005,STP,MN,AGL,CE,Towers with Radar,0,11,52,0,63,0,0,44,4,48,0,11,96,4,111,80,0,80,191
04/11/2005,STP,MN,AGL,CE,Towers with Radar,0,27,87,2,116,0,3,36,6,45,0,30,123,8,161,10,16,26,187
04/12/2005,STP,MN,AGL,CE,Towers with Radar,0,43,105,0,148,0,4,52,4,60,0,47,157,4,208,40,0,40,248
04/13/2005,STP,MN,AGL,CE,Towers with Radar,0,38,84,0,122,0,2,128,8,138,0,40,212,8,260,130,0,130,390
04/14/2005,STP,MN,AGL,CE,Towers with Radar,0,35,102,0,137,0,5,101,18,124,0,40,203,18,261,102,32,134,395
04/15/2005,STP,MN,AGL,CE,Towers with Radar,0,25,76,1,102,0,8,94,14,116,0,33,170,15,218,38,2,40,258
04/16/2005,STP,MN,AGL,CE,Towers with Radar,0,7,74,8,89,0,2,4,0,6,0,9,78,8,95,20,0,20,115
04/17/2005,STP,MN,AGL,CE,Towers with Radar,0,7,62,1,70,0,4,100,2,106,0,11,162,3,176,130,0,130,306
04/18/2005,STP,MN,AGL,CE,Towers with Radar,0,23,58,1,82,0,4,75,9,88,0,27,133,10,170,54,2,56,226
04/19/2005,STP,MN,AGL,CE,Towers with Radar,0,38,116,0,154,0,8,41,6,55,0,46,157,6,209,90,14,104,313
04/20/2005,STP,MN,AGL,CE,Towers with Radar,0,31,108,0,139,0,4,73,15,92,0,35,181,15,231,168,16,184,415
04/21/2005,STP,MN,AGL,CE,Towers with Radar,0,32,126,1,159,0,15,104,13,132,0,47,230,14,291,200,30,230,521
04/22/2005,STP,MN,AGL,CE,Towers with Radar,0,45,84,2,131,0,5,67,4,76,0,50,151,6,207,72,0,72,279
04/23/2005,STP,MN,AGL,CE,Towers with Radar,0,4,43,0,47,0,3,73,0,76,0,7,116,0,123,72,0,72,195
04/24/2005,STP,MN,AGL,CE,Towers with Radar,0,11,53,0,64,0,10,90,0,100,0,21,143,0,164,106,0,106,270
04/25/2005,STP,MN,AGL,CE,Towers with Radar,0,30,74,1,105,0,1,48,4,53,0,31,122,5,158,48,10,58,216
04/26/2005,STP,MN,AGL,CE,Towers with Radar,0,24,73,6,103,0,1,42,17,60,0,25,115,23,163,70,46,116,279
04/27/2005,STP,MN,AGL,CE,Towers with Radar,0,42,96,6,144,0,5,57,25,87,0,47,153,31,231,80,42,122,353
04/28/2005,STP,MN,AGL,CE,Towers with Radar,0,24,120,5,149,0,4,108,6,118,0,28,228,11,267,120,0,120,387
04/29/2005,STP,MN,AGL,CE,Towers with Radar,0,27,125,3,155,0,12,133,4,149,0,39,258,7,304,146,4,150,454
04/30/2005,STP,MN,AGL,CE,Towers with Radar,0,6,45,0,51,0,5,84,6,95,0,11,129,6,146,98,0,98,244
05/01/2005,STP,MN,AGL,CE,Towers with Radar,0,2,67,0,69,0,2,49,3,54,0,4,116,3,123,48,0,48,171
05/02/2005,STP,MN,AGL,CE,Towers with Radar,0,28,71,5,104,0,1,66,7,74,0,29,137,12,178,72,0,72,250
05/03/2005,STP,MN,AGL,CE,Towers with Radar,0,31,88,0,119,0,1,94,7,102,0,32,182,7,221,88,0,88,309
05/04/2005,STP,MN,AGL,CE,Towers with Radar,0,30,103,3,136,0,0,113,14,127,0,30,216,17,263,90,0,90,353
05/05/2005,STP,MN,AGL,CE,Towers with Radar,0,38,102,3,143,0,11,166,17,194,0,49,268,20,337,16,0,16,353
05/06/2005,STP,MN,AGL,CE,Towers with Radar,0,22,90,3,115,0,9,199,7,215,0,31,289,10,330,134,0,134,464
05/07/2005,STP,MN,AGL,CE,Towers with Radar,0,8,40,0,48,0,6,72,0,78,0,14,112,0,126,56,0,56,182
05/08/2005,STP,MN,AGL,CE,Towers with Radar,0,9,35,0,44,0,4,48,2,54,0,13,83,2,98,124,0,124,222
05/09/2005,STP,MN,AGL,CE,Towers with Radar,0,33,82,0,115,0,7,48,11,66,0,40,130,11,181,76,24,100,281
05/10/2005,STP,MN,AGL,CE,Towers with Radar,0,18,84,15,117,0,26,137,3,166,0,44,221,18,283,16,8,24,307
05/11/2005,STP,MN,AGL,CE,Towers with Radar,0,30,11,2,43,0,4,183,14,201,0,34,194,16,244,54,10,64,308
05/12/2005,STP,MN,AGL,CE,Towers with Radar,0,27,64,3,94,0,0,9,3,12,0,27,73,6,106,0,8,8,114
05/13/2005,STP,MN,AGL,CE,Towers with Radar,0,34,122,2,158,0,8,30,6,44,0,42,152,8,202,0,0,0,202
05/14/2005,STP,MN,AGL,CE,Towers with Radar,0,18,39,1,58,0,8,24,13,45,0,26,63,14,103,10,30,40,143
05/15/2005,STP,MN,AGL,CE,Towers with Radar,0,8,72,1,81,0,1,76,6,83,0,9,148,7,164,146,8,154,318
05/16/2005,STP,MN,AGL,CE,Towers with Radar,0,24,112,4,140,0,0,119,5,124,0,24,231,9,264,88,30,118,382
05/17/2005,STP,MN,AGL,CE,Towers with Radar,0,27,110,6,143,0,4,79,20,103,0,31,189,26,246,98,18,116,362
05/18/2005,STP,MN,AGL,CE,Towers with Radar,0,38,101,3,142,0,2,23,6,31,0,40,124,9,173,24,46,70,243
05/19/2005,STP,MN,AGL,CE,Towers with Radar,0,31,126,3,160,0,3,38,12,53,0,34,164,15,213,74,10,84,297
05/20/2005,STP,MN,AGL,CE,Towers with Radar,0,24,118,3,145,0,6,95,3,104,0,30,213,6,249,118,4,122,371
05/21/2005,STP,MN,AGL,CE,Towers with Radar,0,8,45,0,53,0,11,31,0,42,0,19,76,0,95,50,0,50,145
05/22/2005,STP,MN,AGL,CE,Towers with Radar,0,9,47,0,56,0,1,75,0,76,0,10,122,0,132,60,0,60,192
05/23/2005,STP,MN,AGL,CE,Towers with Radar,0,20,80,10,110,0,0,96,20,116,0,20,176,30,226,150,4,154,380
05/24/2005,STP,MN,AGL,CE,Towers with Radar,0,46,111,4,161,0,19,171,24,214,0,65,282,28,375,314,26,340,715
05/25/2005,STP,MN,AGL,CE,Towers with Radar,0,32,117,6,155,0,3,29,10,42,0,35,146,16,197,26,32,58,255
05/26/2005,STP,MN,AGL,CE,Towers with Radar,0,34,139,3,176,0,7,113,11,131,0,41,252,14,307,148,0,148,455
05/27/2005,STP,MN,AGL,CE,Towers with Radar,0,26,87,9,122,0,5,76,6,87,0,31,163,15,209,64,0,64,273
05/28/2005,STP,MN,AGL,CE,Towers with Radar,0,9,40,0,49,0,2,146,3,151,0,11,186,3,200,248,0,248,448
05/29/2005,STP,MN,AGL,CE,Towers with Radar,0,4,38,2,44,0,10,82,0,92,0,14,120,2,136,154,0,154,290
05/30/2005,STP,MN,AGL,CE,Towers with Radar,0,8,34,0,42,0,0,112,2,114,0,8,146,2,156,174,0,174,330
05/31/2005,STP,MN,AGL,CE,Towers with Radar,0,24,75,1,100,0,2,104,12,118,0,26,179,13,218,150,0,150,368
06/01/2005,STP,MN,AGL,CE,Towers with Radar,0,32,93,0,125,0,3,64,3,70,0,35,157,3,195,130,0,130,325
06/02/2005,STP,MN,AGL,CE,Towers with Radar,0,39,164,1,204,0,8,213,4,225,0,47,377,5,429,296,14,310,739
06/03/2005,STP,MN,AGL,CE,Towers with Radar,0,41,132,2,175,0,12,154,12,178,0,53,286,14,353,266,40,306,659
06/04/2005,STP,MN,AGL,CE,Towers with Radar,0,9,63,0,72,0,7,62,15,84,0,16,125,15,156,156,0,156,312
06/05/2005,STP,MN,AGL,CE,Towers with Radar,0,3,54,0,57,0,6,75,14,95,0,9,129,14,152,100,0,100,252
06/06/2005,STP,MN,AGL,CE,Towers with Radar,0,34,111,1,146,0,1,133,5,139,0,35,244,6,285,150,18,168,453
06/07/2005,STP,MN,AGL,CE,Towers with Radar,0,53,140,0,193,0,7,61,2,70,0,60,201,2,263,124,0,124,387
06/08/2005,STP,MN,AGL,CE,Towers with Radar,0,43,130,0,173,0,12,155,13,180,0,55,285,13,353,236,12,248,601
06/09/2005,STP,MN,AGL,CE,Towers with Radar,0,35,169,0,204,0,12,207,0,219,0,47,376,0,423,298,0,298,721
06/10/2005,STP,MN,AGL,CE,Towers with Radar,0,29,124,2,155,0,0,130,46,176,0,29,254,48,331,214,0,214,545
06/11/2005,STP,MN,AGL,CE,Towers with Radar,0,7,64,2,73,0,6,74,16,96,0,13,138,18,169,142,6,148,317
06/12/2005,STP,MN,AGL,CE,Towers with Radar,0,12,70,0,82,0,7,152,12,171,0,19,222,12,253,258,24,282,535
06/13/2005,STP,MN,AGL,CE,Towers with Radar,0,33,124,12,169,0,1,109,0,110,0,34,233,12,279,258,24,282,561
06/14/2005,STP,MN,AGL,CE,Towers with Radar,0,37,179,3,219,0,9,149,3,161,0,46,328,6,380,248,0,248,628
06/15/2005,STP,MN,AGL,CE,Towers with Radar,0,36,153,2,191,0,1,179,9,189,0,37,332,11,380,242,0,242,622
06/16/2005,STP,MN,AGL,CE,Towers with Radar,0,56,197,7,260,0,8,205,54,267,0,64,402,61,527,238,24,262,789
06/17/2005,STP,MN,AGL,CE,Towers with Radar,0,30,158,0,188,0,5,130,6,141,0,35,288,6,329,210,14,224,553
06/18/2005,STP,MN,AGL,CE,Towers with Radar,0,6,54,6,66,0,1,101,0,102,0,7,155,6,168,100,0,100,268
06/19/2005,STP,MN,AGL,CE,Towers with Radar,0,12,87,0,99,0,3,73,0,76,0,15,160,0,175,170,0,170,345
06/20/2005,STP,MN,AGL,CE,Towers with Radar,0,38,110,0,148,0,8,71,0,79,0,46,181,0,227,178,0,178,405
06/21/2005,STP,MN,AGL,CE,Towers with Radar,0,44,115,5,164,0,5,102,8,115,0,49,217,13,279,188,2,190,469
06/22/2005,STP,MN,AGL,CE,Towers with Radar,0,39,158,6,203,0,4,180,11,195,0,43,338,17,398,230,68,298,696
06/23/2005,STP,MN,AGL,CE,Towers with Radar,0,34,119,1,154,0,4,68,4,76,0,38,187,5,230,106,2,108,338
06/24/2005,STP,MN,AGL,CE,Towers with Radar,0,25,113,5,143,0,4,115,4,123,0,29,228,9,266,176,20,196,462
06/25/2005,STP,MN,AGL,CE,Towers with Radar,0,18,63,0,81,0,12,122,6,140,0,30,185,6,221,188,46,234,455
06/26/2005,STP,MN,AGL,CE,Towers with Radar,0,9,87,1,97,0,3,107,3,113,0,12,194,4,210,150,0,150,360
06/27/2005,STP,MN,AGL,CE,Towers with Radar,0,5,88,1,94,0,39,79,4,122,0,44,167,5,216,128,0,128,344
06/28/2005,STP,MN,AGL,CE,Towers with Radar,0,53,182,0,235,0,3,155,28,186,0,56,337,28,421,238,64,302,723
06/29/2005,STP,MN,AGL,CE,Towers with Radar,0,34,106,0,140,0,0,42,6,48,0,34,148,6,188,104,26,130,318
06/30/2005,STP,MN,AGL,CE,Towers with Radar,0,30,97,3,130,0,4,76,9,89,0,34,173,12,219,70,12,82,301
07/01/2005,STP,MN,AGL,CE,Towers with Radar,0,45,107,2,154,0,14,193,4,211,0,59,300,6,365,300,0,300,665
07/02/2005,STP,MN,AGL,CE,Towers with Radar,0,13,56,0,69,0,2,107,0,109,0,15,163,0,178,220,0,220,398
07/03/2005,STP,MN,AGL,CE,Towers with Radar,0,1,28,0,29,0,5,77,3,85,0,6,105,3,114,160,0,160,274
07/04/2005,STP,MN,AGL,CE,Towers with Radar,0,8,34,0,42,0,0,62,4,66,0,8,96,4,108,42,2,44,152
07/05/2005,STP,MN,AGL,CE,Towers with Radar,0,22,63,0,85,0,0,72,15,87,0,22,135,15,172,104,2,106,278
07/06/2005,STP,MN,AGL,CE,Towers with Radar,0,39,83,1,123,0,14,119,20,153,0,53,202,21,276,170,8,178,454
07/07/2005,STP,MN,AGL,CE,Towers with Radar,0,41,103,7,151,0,13,178,21,212,0,54,281,28,363,298,48,346,709
07/08/2005,STP,MN,AGL,CE,Towers with Radar,0,22,75,4,101,0,10,183,10,203,0,32,258,14,304,188,20,208,512
07/09/2005,STP,MN,AGL,CE,Towers with Radar,0,8,74,1,83,0,2,140,30,172,0,10,214,31,255,220,84,304,559
07/10/2005,STP,MN,AGL,CE,Towers with Radar,0,7,56,3,66,0,2,86,7,95,0,9,142,10,161,114,14,128,289
07/11/2005,STP,MN,AGL,CE,Towers with Radar,0,30,109,0,139,0,6,102,3,111,0,36,211,3,250,146,12,158,408
07/12/2005,STP,MN,AGL,CE,Towers with Radar,0,48,169,6,223,0,5,158,29,192,0,53,327,35,415,218,82,300,715
07/13/2005,STP,MN,AGL,CE,Towers with Radar,0,48,147,3,198,0,8,163,49,220,0,56,310,52,418,240,96,336,754
07/14/2005,STP,MN,AGL,CE,Towers with Radar,0,49,144,11,204,0,13,198,52,263,0,62,342,63,467,222,82,304,771
07/15/2005,STP,MN,AGL,CE,Towers with Radar,0,37,112,4,153,0,3,171,20,194,0,40,283,24,347,240,0,240,587
07/16/2005,STP,MN,AGL,CE,Towers with Radar,0,12,49,0,61,0,4,92,5,101,0,16,141,5,162,172,8,180,342
07/17/2005,STP,MN,AGL,CE,Towers with Radar,0,7,58,0,65,0,2,60,4,66,0,9,118,4,131,126,4,130,261
07/18/2005,STP,MN,AGL,CE,Towers with Radar,0,47,125,5,177,0,8,129,15,152,0,55,254,20,329,164,48,212,541
07/19/2005,STP,MN,AGL,CE,Towers with Radar,0,41,176,6,223,0,3,180,26,209,0,44,356,32,432,320,20,340,772
07/20/2005,STP,MN,AGL,CE,Towers with Radar,0,40,173,3,216,0,12,173,22,207,0,52,346,25,423,252,0,252,675
07/21/2005,STP,MN,AGL,CE,Towers with Radar,0,53,164,3,220,0,15,159,35,209,0,68,323,38,429,250,54,304,733
07/22/2005,STP,MN,AGL,CE,Towers with Radar,0,47,126,5,178,0,9,155,23,187,0,56,281,28,365,254,0,254,619
07/23/2005,STP,MN,AGL,CE,Towers with Radar,0,11,62,0,73,0,1,44,6,51,0,12,106,6,124,68,2,70,194
07/24/2005,STP,MN,AGL,CE,Towers with Radar,0,11,66,1,78,0,0,98,12,110,0,11,164,13,188,188,4,192,380
07/25/2005,STP,MN,AGL,CE,Towers with Radar,0,27,76,2,105,0,1,93,1,95,0,28,169,3,200,128,0,128,328
07/26/2005,STP,MN,AGL,CE,Towers with Radar,0,31,156,7,194,0,19,177,37,233,0,50,333,44,427,322,36,358,785
07/27/2005,STP,MN,AGL,CE,Towers with Radar,0,34,123,7,164,0,9,152,28,189,0,43,275,35,353,194,8,202,555
07/28/2005,STP,MN,AGL,CE,Towers with Radar,0,42,131,1,174,0,8,124,10,142,0,50,255,11,316,206,0,206,522
07/29/2005,STP,MN,AGL,CE,Towers with Radar,0,24,93,3,120,0,3,124,10,137,0,27,217,13,257,194,0,194,451
07/30/2005,STP,MN,AGL,CE,Towers with Radar,0,13,44,0,57,0,2,99,2,103,0,15,143,2,160,142,2,144,304
07/31/2005,STP,MN,AGL,CE,Towers with Radar,0,8,47,0,55,0,1,99,0,100,0,9,146,0,155,110,0,110,265
08/01/2005,STP,MN,AGL,CE,Towers with Radar,0,37,99,4,140,0,6,231,6,243,0,43,330,10,383,190,4,194,577
08/02/2005,STP,MN,AGL,CE,Towers with Radar,0,41,126,7,174,0,7,161,20,188,0,48,287,27,362,254,26,280,642
08/03/2005,STP,MN,AGL,CE,Towers with Radar,0,29,116,2,147,0,9,106,15,130,0,38,222,17,277,210,14,224,501
08/04/2005,STP,MN,AGL,CE,Towers with Radar,0,40,154,3,197,0,11,141,20,172,0,51,295,23,369,164,16,180,549
08/05/2005,STP,MN,AGL,CE,Towers with Radar,0,24,94,3,121,0,1,132,17,150,0,25,226,20,271,198,0,198,469
08/06/2005,STP,MN,AGL,CE,Towers with Radar,0,17,68,0,85,0,4,136,24,164,0,21,204,24,249,174,62,236,485
08/07/2005,STP,MN,AGL,CE,Towers with Radar,0,15,88,2,105,0,2,105,8,115,0,17,193,10,220,214,8,222,442
08/08/2005,STP,MN,AGL,CE,Towers with Radar,0,30,116,0,146,0,6,123,0,129,0,36,239,0,275,210,0,210,485
08/09/2005,STP,MN,AGL,CE,Towers with Radar,0,30,78,2,110,0,6,72,21,99,0,36,150,23,209,128,28,156,365
08/10/2005,STP,MN,AGL,CE,Towers with Radar,0,38,124,4,166,0,7,107,21,135,0,45,231,25,301,224,10,234,535
08/11/2005,STP,MN,AGL,CE,Towers with Radar,0,33,126,5,164,0,2,114,20,136,0,35,240,25,300,178,12,190,490
08/12/2005,STP,MN,AGL,CE,Towers with Radar,0,41,126,6,173,0,5,168,15,188,0,46,294,21,361,226,10,236,597
08/13/2005,STP,MN,AGL,CE,Towers with Radar,0,17,96,5,118,0,7,181,18,206,0,24,277,23,324,224,0,224,548
08/14/2005,STP,MN,AGL,CE,Towers with Radar,0,27,83,0,110,0,10,267,0,277,0,37,350,0,387,276,0,276,663
08/15/2005,STP,MN,AGL,CE,Towers with Radar,0,28,111,1,140,0,7,142,10,159,0,35,253,11,299,184,62,246,545
08/16/2005,STP,MN,AGL,CE,Towers with Radar,0,35,138,4,177,0,10,137,27,174,0,45,275,31,351,296,8,304,655
08/17/2005,STP,MN,AGL,CE,Towers with Radar,0,37,166,3,206,0,15,152,33,200,0,52,318,36,406,256,40,296,702
08/18/2005,STP,MN,AGL,CE,Towers with Radar,0,33,117,2,152,0,7,14,16,37,0,40,131,18,189,16,6,22,211
08/19/2005,STP,MN,AGL,CE,Towers with Radar,0,26,115,5,146,0,2,58,5,65,0,28,173,10,211,100,2,102,313
08/20/2005,STP,MN,AGL,CE,Towers with Radar,0,6,53,3,62,0,3,127,15,145,0,9,180,18,207,174,0,174,381
08/21/2005,STP,MN,AGL,CE,Towers with Radar,0,10,68,0,78,0,3,101,3,107,0,13,169,3,185,172,0,172,357
08/22/2005,STP,MN,AGL,CE,Towers with Radar,0,28,104,0,132,0,2,102,4,108,0,30,206,4,240,178,4,182,422
08/23/2005,STP,MN,AGL,CE,Towers with Radar,0,43,138,2,183,0,5,146,25,176,0,48,284,27,359,260,10,270,629
08/24/2005,STP,MN,AGL,CE,Towers with Radar,0,41,149,7,197,0,3,168,34,205,0,44,317,41,402,300,8,308,710
08/25/2005,STP,MN,AGL,CE,Towers with Radar,0,43,163,11,217,0,12,155,32,199,0,55,318,43,416,260,36,296,712
08/26/2005,STP,MN,AGL,CE,Towers with Radar,0,44,101,5,150,0,0,39,1,40,0,44,140,6,190,66,0,66,256
08/27/2005,STP,MN,AGL,CE,Towers with Radar,0,6,48,0,54,0,0,91,0,91,0,6,139,0,145,200,0,200,345
08/28/2005,STP,MN,AGL,CE,Towers with Radar,0,7,111,0,118,0,17,90,0,107,0,24,201,0,225,176,0,176,401
08/29/2005,STP,MN,AGL,CE,Towers with Radar,0,27,103,7,137,0,10,116,17,143,0,37,219,24,280,170,18,188,468
08/30/2005,STP,MN,AGL,CE,Towers with Radar,0,47,141,7,195,0,7,151,30,188,0,54,292,37,383,246,2,248,631
08/31/2005,STP,MN,AGL,CE,Towers with Radar,0,39,144,5,188,0,1,166,24,191,0,40,310,29,379,208,0,208,587
09/01/2005,STP,MN,AGL,CE,Towers with Radar,0,33,112,3,148,0,6,113,20,139,0,39,225,23,287,194,18,212,499
09/02/2005,STP,MN,AGL,CE,Towers with Radar,0,28,145,0,173,0,13,189,3,205,0,41,334,3,378,210,0,210,588
09/03/2005,STP,MN,AGL,CE,Towers with Radar,0,6,30,0,36,0,3,50,0,53,0,9,80,0,89,62,0,62,151
09/04/2005,STP,MN,AGL,CE,Towers with Radar,0,13,34,0,47,0,7,47,1,55,0,20,81,1,102,66,0,66,168
09/05/2005,STP,MN,AGL,CE,Towers with Radar,0,14,47,1,62,0,0,47,0,47,0,14,94,1,109,66,0,66,175
09/06/2005,STP,MN,AGL,CE,Towers with Radar,0,38,153,1,192,0,7,157,28,192,0,45,310,29,384,256,24,280,664
09/07/2005,STP,MN,AGL,CE,Towers with Radar,0,36,119,5,160,0,9,152,24,185,0,45,271,29,345,202,12,214,559
09/08/2005,STP,MN,AGL,CE,Towers with Radar,0,39,122,3,164,0,1,128,29,158,0,40,250,32,322,150,12,162,484
09/09/2005,STP,MN,AGL,CE,Towers with Radar,0,26,97,3,126,0,4,55,3,62,0,30,152,6,188,112,0,112,300
09/10/2005,STP,MN,AGL,CE,Towers with Radar,0,13,52,1,66,0,3,91,23,117,0,16,143,24,183,132,22,154,337
09/11/2005,STP,MN,AGL,CE,Towers with Radar,0,19,85,1,105,0,5,117,4,126,0,24,202,5,231,126,10,136,367
09/12/2005,STP,MN,AGL,CE,Towers with Radar,0,33,92,2,127,0,0,42,11,53,0,33,134,13,180,50,0,50,230
09/13/2005,STP,MN,AGL,CE,Towers with Radar,0,41,87,4,132,0,4,37,17,58,0,45,124,21,190,54,10,64,254
09/14/2005,STP,MN,AGL,CE,Towers with Radar,0,37,153,9,199,0,3,160,11,174,0,40,313,20,373,148,20,168,541
09/15/2005,STP,MN,AGL,CE,Towers with Radar,0,37,131,5,173,0,4,138,15,157,0,41,269,20,330,222,6,228,558
09/16/2005,STP,MN,AGL,CE,Towers with Radar,0,31,114,3,148,0,3,157,16,176,0,34,271,19,324,252,12,264,588
09/17/2005,STP,MN,AGL,CE,Towers with Radar,0,15,39,0,54,0,0,83,15,98,0,15,122,15,152,112,0,112,264
09/18/2005,STP,MN,AGL,CE,Towers with Radar,0,21,67,0,88,0,1,82,12,95,0,22,149,12,183,122,0,122,305
09/19/2005,STP,MN,AGL,CE,Towers with Radar,0,23,108,2,133,0,8,74,3,85,0,31,182,5,218,76,0,76,294
09/20/2005,STP,MN,AGL,CE,Towers with Radar,0,33,135,1,169,0,2,167,16,185,0,35,302,17,354,290,12,302,656
09/21/2005,STP,MN,AGL,CE,Towers with Radar,0,52,145,7,204,0,8,134,20,162,0,60,279,27,366,248,16,264,630
09/22/2005,STP,MN,AGL,CE,Towers with Radar,0,41,119,3,163,0,0,137,11,148,0,41,256,14,311,186,24,210,521
09/23/2005,STP,MN,AGL,CE,Towers with Radar,0,33,133,4,170,0,3,174,8,185,0,36,307,12,355,226,0,226,581
09/24/2005,STP,MN,AGL,CE,Towers with Radar,0,14,67,2,83,0,6,13,2,21,0,20,80,4,104,40,0,40,144
09/25/2005,STP,MN,AGL,CE,Towers with Radar,0,7,72,1,80,0,0,0,0,0,0,7,72,1,80,0,0,0,80
09/26/2005,STP,MN,AGL,CE,Towers with Radar,0,35,101,9,145,0,2,105,16,123,0,37,206,25,268,130,8,138,406
09/27/2005,STP,MN,AGL,CE,Towers with Radar,0,30,166,0,196,0,1,142,15,158,0,31,308,15,354,158,18,176,530
09/28/2005,STP,MN,AGL,CE,Towers with Radar,0,40,102,11,153,0,4,38,13,55,0,44,140,24,208,48,64,112,320
09/29/2005,STP,MN,AGL,CE,Towers with Radar,0,45,164,2,211,0,10,177,10,197,0,55,341,12,408,200,6,206,614
09/30/2005,STP,MN,AGL,CE,Towers with Radar,0,27,96,1,124,0,1,148,11,160,0,28,244,12,284,138,20,158,442
10/01/2005,STP,MN,AGL,CE,Towers with Radar,0,10,60,0,70,0,3,106,6,115,0,13,166,6,185,118,8,126,311
10/02/2005,STP,MN,AGL,CE,Towers with Radar,0,11,60,4,75,0,1,81,6,88,0,12,141,10,163,82,12,94,257
10/03/2005,STP,MN,AGL,CE,Towers with Radar,0,18,91,4,113,0,4,64,0,68,0,22,155,4,181,82,0,82,263
10/04/2005,STP,MN,AGL,CE,Towers with Radar,0,30,80,2,112,0,0,1,0,1,0,30,81,2,113,0,0,0,113
10/05/2005,STP,MN,AGL,CE,Towers with Radar,0,40,123,5,168,0,2,123,22,147,0,42,246,27,315,132,62,194,509
10/06/2005,STP,MN,AGL,CE,Towers with Radar,0,44,99,4,147,0,9,46,31,86,0,53,145,35,233,28,14,42,275
10/07/2005,STP,MN,AGL,CE,Towers with Radar,0,35,99,0,134,0,7,121,8,136,0,42,220,8,270,198,0,198,468
10/08/2005,STP,MN,AGL,CE,Towers with Radar,0,14,50,0,64,0,6,156,3,165,0,20,206,3,229,196,0,196,425
10/09/2005,STP,MN,AGL,CE,Towers with Radar,0,20,77,0,97,0,9,124,0,133,0,29,201,0,230,164,0,164,394
10/10/2005,STP,MN,AGL,CE,Towers with Radar,0,20,96,0,116,0,4,79,0,83,0,24,175,0,199,180,0,180,379
10/11/2005,STP,MN,AGL,CE,Towers with Radar,0,28,133,3,164,0,2,119,24,145,0,30,252,27,309,222,30,252,561
10/12/2005,STP,MN,AGL,CE,Towers with Radar,0,27,95,5,127,0,8,43,8,59,0,35,138,13,186,160,0,160,346
10/13/2005,STP,MN,AGL,CE,Towers with Radar,0,40,122,4,166,0,2,64,21,87,0,42,186,25,253,74,20,94,347
10/14/2005,STP,MN,AGL,CE,Towers with Radar,0,38,119,5,162,0,4,144,9,157,0,42,263,14,319,216,0,216,535
10/15/2005,STP,MN,AGL,CE,Towers with Radar,0,7,76,1,84,0,3,122,8,133,0,10,198,9,217,166,0,166,383
10/16/2005,STP,MN,AGL,CE,Towers with Radar,0,20,100,2,122,0,9,138,11,158,0,29,238,13,280,162,0,162,442
10/17/2005,STP,MN,AGL,CE,Towers with Radar,0,31,88,0,119,0,1,89,1,91,0,32,177,1,210,110,0,110,320
10/18/2005,STP,MN,AGL,CE,Towers with Radar,0,31,102,2,135,0,0,91,38,129,0,31,193,40,264,88,60,148,412
10/19/2005,STP,MN,AGL,CE,Towers with Radar,0,30,151,2,183,0,7,152,13,172,0,37,303,15,355,274,16,290,645
10/20/2005,STP,MN,AGL,CE,Towers with Radar,0,35,180,6,221,0,3,221,25,249,0,38,401,31,470,194,30,224,694
10/21/2005,STP,MN,AGL,CE,Towers with Radar,0,21,100,2,123,0,2,85,5,92,0,23,185,7,215,174,12,186,401
10/22/2005,STP,MN,AGL,CE,Towers with Radar,0,6,56,0,62,0,9,101,0,110,0,15,157,0,172,194,0,194,366
10/23/2005,STP,MN,AGL,CE,Towers with Radar,0,10,81,0,91,0,0,21,0,21,0,10,102,0,112,8,0,8,120
10/24/2005,STP,MN,AGL,CE,Towers with Radar,0,21,78,2,101,0,1,74,11,86,0,22,152,13,187,134,6,140,327
10/25/2005,STP,MN,AGL,CE,Towers with Radar,0,28,96,4,128,0,5,101,16,122,0,33,197,20,250,146,16,162,412
10/26/2005,STP,MN,AGL,CE,Towers with Radar,0,36,188,4,228,0,3,188,38,229,0,39,376,42,457,302,46,348,805
10/27/2005,STP,MN,AGL,CE,Towers with Radar,0,34,92,3,129,0,5,145,22,172,0,39,237,25,301,214,32,246,547
10/28/2005,STP,MN,AGL,CE,Towers with Radar,0,35,112,0,147,0,5,147,12,164,0,40,259,12,311,176,0,176,487
10/29/2005,STP,MN,AGL,CE,Towers with Radar,0,12,63,0,75,0,5,90,0,95,0,17,153,0,170,78,0,78,248
10/30/2005,STP,MN,AGL,CE,Towers with Radar,0,9,63,2,74,0,0,6,0,6,0,9,69,2,80,0,0,0,80
10/31/2005,STP,MN,AGL,CE,Towers with Radar,0,9,63,2,74,0,26,62,6,94,0,35,125,8,168,106,0,106,274
11/01/2005,STP,MN,AGL,CE,Towers with Radar,0,28,135,4,167,0,5,157,25,187,0,33,292,29,354,148,60,208,562
11/02/2005,STP,MN,AGL,CE,Towers with Radar,0,40,103,2,145,0,14,133,18,165,0,54,236,20,310,110,36,146,456
11/03/2005,STP,MN,AGL,CE,Towers with Radar,0,31,87,4,122,0,5,96,3,104,0,36,183,7,226,134,0,134,360
11/04/2005,STP,MN,AGL,CE,Towers with Radar,0,40,111,10,161,0,5,98,7,110,0,45,209,17,271,124,0,124,395
11/05/2005,STP,MN,AGL,CE,Towers with Radar,0,14,73,2,89,0,2,100,13,115,0,16,173,15,204,138,0,138,342
11/06/2005,STP,MN,AGL,CE,Towers with Radar,0,7,71,6,84,0,1,27,1,29,0,8,98,7,113,68,0,68,181
11/07/2005,STP,MN,AGL,CE,Towers with Radar,0,31,111,4,146,0,4,125,12,141,0,35,236,16,287,148,0,148,435
11/08/2005,STP,MN,AGL,CE,Towers with Radar,0,30,107,2,139,0,4,118,17,139,0,34,225,19,278,188,14,202,480
11/09/2005,STP,MN,AGL,CE,Towers with Radar,0,31,100,7,138,0,0,39,12,51,0,31,139,19,189,54,8,62,251
11/10/2005,STP,MN,AGL,CE,Towers with Radar,0,32,154,9,195,0,6,150,25,181,0,38,304,34,376,194,30,224,600
11/11/2005,STP,MN,AGL,CE,Towers with Radar,0,20,85,0,105,0,10,173,4,187,0,30,258,4,292,184,0,184,476
11/12/2005,STP,MN,AGL,CE,Towers with Radar,0,12,66,0,78,0,3,49,0,52,0,15,115,0,130,58,0,58,188
11/13/2005,STP,MN,AGL,CE,Towers with Radar,0,12,71,1,84,0,0,27,0,27,0,12,98,1,111,32,0,32,143
11/14/2005,STP,MN,AGL,CE,Towers with Radar,0,36,87,3,126,0,8,67,0,75,0,44,154,3,201,134,0,134,335
11/15/2005,STP,MN,AGL,CE,Towers with Radar,0,33,75,1,109,0,0,10,0,10,0,33,85,1,119,8,0,8,127
11/16/2005,STP,MN,AGL,CE,Towers with Radar,0,33,85,1,119,0,4,18,25,47,0,37,103,26,166,12,8,20,186
11/17/2005,STP,MN,AGL,CE,Towers with Radar,0,28,104,2,134,0,4,57,23,84,0,32,161,25,218,100,24,124,342
11/18/2005,STP,MN,AGL,CE,Towers with Radar,0,36,95,1,132,0,3,94,8,105,0,39,189,9,237,192,0,192,429
11/19/2005,STP,MN,AGL,CE,Towers with Radar,0,8,58,0,66,0,1,60,3,64,0,9,118,3,130,154,2,156,286
11/20/2005,STP,MN,AGL,CE,Towers with Radar,0,3,39,0,42,0,2,44,9,55,0,5,83,9,97,172,0,172,269
11/21/2005,STP,MN,AGL,CE,Towers with Radar,0,24,88,2,114,0,2,50,5,57,0,26,138,7,171,98,0,98,269
11/22/2005,STP,MN,AGL,CE,Towers with Radar,0,34,112,2,148,0,1,93,27,121,0,35,205,29,269,48,6,54,323
11/23/2005,STP,MN,AGL,CE,Towers with Radar,0,19,49,2,70,0,0,38,19,57,0,19,87,21,127,36,14,50,177
11/24/2005,STP,MN,AGL,CE,Towers with Radar,0,7,14,1,22,0,3,33,0,36,0,10,47,1,58,6,0,6,64
11/25/2005,STP,MN,AGL,CE,Towers with Radar,0,16,43,0,59,0,0,6,0,6,0,16,49,0,65,0,0,0,65
11/26/2005,STP,MN,AGL,CE,Towers with Radar,0,12,55,1,68,0,2,131,0,133,0,14,186,1,201,104,0,104,305
11/27/2005,STP,MN,AGL,CE,Towers with Radar,0,13,78,3,94,0,0,0,0,0,0,13,78,3,94,0,0,0,94
11/28/2005,STP,MN,AGL,CE,Towers with Radar,0,24,69,1,94,0,2,39,0,41,0,26,108,1,135,58,0,58,193
11/29/2005,STP,MN,AGL,CE,Towers with Radar,0,28,135,4,167,0,17,72,1,90,0,45,207,5,257,116,0,116,373
11/30/2005,STP,MN,AGL,CE,Towers with Radar,0,30,88,0,118,0,2,95,12,109,0,32,183,12,227,140,24,164,391
12/01/2005,STP,MN,AGL,CE,Towers with Radar,0,30,87,1,118,0,6,29,8,43,0,36,116,9,161,20,44,64,225
12/02/2005,STP,MN,AGL,CE,Towers with Radar,0,39,108,0,147,0,9,103,5,117,0,48,211,5,264,150,10,160,424
12/03/2005,STP,MN,AGL,CE,Towers with Radar,0,10,34,2,46,0,0,2,0,2,0,10,36,2,48,0,0,0,48
12/04/2005,STP,MN,AGL,CE,Towers with Radar,0,10,51,1,62,0,2,44,0,46,0,12,95,1,108,74,0,74,182
12/05/2005,STP,MN,AGL,CE,Towers with Radar,0,30,112,0,142,0,3,80,6,89,0,33,192,6,231,212,8,220,451
12/06/2005,STP,MN,AGL,CE,Towers with Radar,0,43,164,2,209,0,7,110,6,123,0,50,274,8,332,180,0,180,512
12/07/2005,STP,MN,AGL,CE,Towers with Radar,0,44,100,0,144,0,2,85,8,95,0,46,185,8,239,124,0,124,363
12/08/2005,STP,MN,AGL,CE,Towers with Radar,0,35,154,3,192,0,7,98,8,113,0,42,252,11,305,108,20,128,433
12/09/2005,STP,MN,AGL,CE,Towers with Radar,0,31,83,0,114,0,6,67,7,80,0,37,150,7,194,90,4,94,288
12/10/2005,STP,MN,AGL,CE,Towers with Radar,0,7,25,0,32,0,2,1,0,3,0,9,26,0,35,20,0,20,55
12/11/2005,STP,MN,AGL,CE,Towers with Radar,0,15,65,0,80,0,2,50,0,52,0,17,115,0,132,120,0,120,252
12/12/2005,STP,MN,AGL,CE,Towers with Radar,0,45,86,0,131,0,7,26,0,33,0,52,112,0,164,204,0,204,368
12/13/2005,STP,MN,AGL,CE,Towers with Radar,0,26,142,8,176,0,0,62,12,74,0,26,204,20,250,336,16,352,602
12/14/2005,STP,MN,AGL,CE,Towers with Radar,0,24,93,7,124,0,0,0,0,0,0,24,93,7,124,114,6,120,244
12/15/2005,STP,MN,AGL,CE,Towers with Radar,0,28,125,7,160,0,10,6,29,45,0,38,131,36,205,106,56,162,367
12/16/2005,STP,MN,AGL,CE,Towers with Radar,0,23,118,2,143,0,4,45,9,58,0,27,163,11,201,124,28,152,353
12/17/2005,STP,MN,AGL,CE,Towers with Radar,0,5,33,3,41,0,1,88,0,89,0,6,121,3,130,94,0,94,224
12/18/2005,STP,MN,AGL,CE,Towers with Radar,0,99,999,9,1107,0,0,0,0,0,0,99,999,9,1107,999,99,1098,2205
12/19/2005,STP,MN,AGL,CE,Towers with Radar,0,29,139,4,172,0,3,72,25,100,0,32,211,29,272,130,22,152,424
12/20/2005,STP,MN,AGL,CE,Towers with Radar,0,36,104,8,148,0,13,40,23,76,0,49,144,31,224,146,88,234,458
12/21/2005,STP,MN,AGL,CE,Towers with Radar,0,28,99,4,131,0,2,49,24,75,0,30,148,28,206,52,20,72,278
12/22/2005,STP,MN,AGL,CE,Towers with Radar,0,26,82,10,118,0,7,115,23,145,0,33,197,33,263,190,56,246,509
12/23/2005,STP,MN,AGL,CE,Towers with Radar,0,17,52,0,69,0,0,81,0,81,0,17,133,0,150,138,0,138,288
12/24/2005,STP,MN,AGL,CE,Towers with Radar,0,11,25,0,36,0,0,0,0,0,0,11,25,0,36,0,0,0,36
12/25/2005,STP,MN,AGL,CE,Towers with Radar,0,10,6,0,16,0,2,4,0,6,0,12,10,0,22,0,0,0,22
12/26/2005,STP,MN,AGL,CE,Towers with Radar,0,20,64,2,86,0,0,25,0,25,0,20,89,2,111,118,0,118,229
12/27/2005,STP,MN,AGL,CE,Towers with Radar,0,40,57,8,105,0,0,0,0,0,0,40,57,8,105,0,0,0,105
12/28/2005,STP,MN,AGL,CE,Towers with Radar,0,35,54,8,97,0,0,11,16,27,0,35,65,24,124,20,26,46,170
12/29/2005,STP,MN,AGL,CE,Towers with Radar,0,36,38,5,79,0,1,43,20,64,0,37,81,25,143,154,78,232,375
12/30/2005,STP,MN,AGL,CE,Towers with Radar,0,25,18,2,45,0,0,0,0,0,0,25,18,2,45,0,0,0,45
12/31/2005,STP,MN,AGL,CE,Towers with Radar,0,18,32,0,50,0,0,6,0,6,0,18,38,0,56,40,0,40,96
01/01/2006,STP,MN,AGL,CE,Towers with Radar,0,5,30,0,35,0,0,0,0,0,0,5,30,0,35,0,0,0,35
01/02/2006,STP,MN,AGL,CE,Towers with Radar,0,13,54,1,68,0,0,21,0,21,0,13,75,1,89,10,0,10,99
01/03/2006,STP,MN,AGL,CE,Towers with Radar,0,25,53,2,80,0,0,0,0,0,0,25,53,2,80,0,4,4,84
01/04/2006,STP,MN,AGL,CE,Towers with Radar,0,40,84,9,133,0,0,27,10,37,0,40,111,19,170,34,42,76,246
01/05/2006,STP,MN,AGL,CE,Towers with Radar,0,33,80,1,114,0,3,49,24,76,0,36,129,25,190,56,56,112,302
01/06/2006,STP,MN,AGL,CE,Towers with Radar,0,26,80,2,108,0,0,88,3,91,0,26,168,5,199,116,0,116,315
01/07/2006,STP,MN,AGL,CE,Towers with Radar,0,5,41,0,46,0,5,46,18,69,0,10,87,18,115,128,4,132,247
01/08/2006,STP,MN,AGL,CE,Towers with Radar,0,7,41,4,52,0,0,33,2,35,0,7,74,6,87,70,0,70,157
01/09/2006,STP,MN,AGL,CE,Towers with Radar,0,39,100,2,141,0,3,131,23,157,0,42,231,25,298,188,34,222,520
01/10/2006,STP,MN,AGL,CE,Towers with Radar,0,45,109,9,163,0,0,79,38,117,0,45,188,47,280,170,86,256,536
01/11/2006,STP,MN,AGL,CE,Towers with Radar,0,39,138,1,178,0,7,125,41,173,0,46,263,42,351,224,72,296,647
01/12/2006,STP,MN,AGL,CE,Towers with Radar,0,26,95,6,127,0,2,77,30,109,0,28,172,36,236,70,50,120,356
01/13/2006,STP,MN,AGL,CE,Towers with Radar,0,30,83,2,115,0,6,102,16,124,0,36,185,18,239,10,120,130,369
01/14/2006,STP,MN,AGL,CE,Towers with Radar,0,8,47,0,55,0,0,87,0,87,0,8,134,0,142,98,2,100,242
01/15/2006,STP,MN,AGL,CE,Towers with Radar,0,9,38,0,47,0,1,71,0,72,0,10,109,0,119,24,0,24,143
01/16/2006,STP,MN,AGL,CE,Towers with Radar,0,18,55,1,74,0,0,21,0,21,0,18,76,1,95,36,0,36,131
01/17/2006,STP,MN,AGL,CE,Towers with Radar,0,34,134,1,169,0,1,50,18,69,0,35,184,19,238,66,6,72,310
01/18/2006,STP,MN,AGL,CE,Towers with Radar,0,45,96,3,144,0,2,67,22,91,0,47,163,25,235,92,0,92,327
01/19/2006,STP,MN,AGL,CE,Towers with Radar,0,36,80,2,118,0,4,33,22,59,0,40,113,24,177,40,30,70,247
01/20/2006,STP,MN,AGL,CE,Towers with Radar,0,26,93,2,121,0,9,84,19,112,0,35,177,21,233,108,2,110,343
01/21/2006,STP,MN,AGL,CE,Towers with Radar,0,14,46,5,65,0,2,76,3,81,0,16,122,8,146,150,0,150,296
01/22/2006,STP,MN,AGL,CE,Towers with Radar,0,14,49,5,68,0,1,53,3,57,0,15,102,8,125,0,0,0,125
01/23/2006,STP,MN,AGL,CE,Towers with Radar,0,23,69,0,92,0,1,72,4,77,0,24,141,4,169,94,24,118,287
01/24/2006,STP,MN,AGL,CE,Towers with Radar,0,32,86,5,123,0,9,24,0,33,0,41,110,5,156,0,0,0,156
01/25/2006,STP,MN,AGL,CE,Towers with Radar,0,35,76,1,112,0,0,83,6,89,0,35,159,7,201,52,0,52,253
01/26/2006,STP,MN,AGL,CE,Towers with Radar,0,29,69,0,98,0,4,68,7,79,0,33,137,7,177,110,0,110,287
01/27/2006,STP,MN,AGL,CE,Towers with Radar,0,36,91,0,127,0,7,111,2,120,0,43,202,2,247,150,0,150,397
01/28/2006,STP,MN,AGL,CE,Towers with Radar,0,8,28,2,38,0,0,56,3,59,0,8,84,5,97,66,0,66,163
01/29/2006,STP,MN,AGL,CE,Towers with Radar,0,14,44,1,59,0,0,0,0,0,0,14,44,1,59,0,0,0,59
01/30/2006,STP,MN,AGL,CE,Towers with Radar,0,29,102,4,135,0,23,72,5,100,0,52,174,9,235,110,2,112,347
01/31/2006,STP,MN,AGL,CE,Towers with Radar,0,25,68,4,97,0,1,59,25,85,0,26,127,29,182,96,30,126,308
02/01/2006,STP,MN,AGL,CE,Towers with Radar,0,26,70,0,96,0,0,35,16,51,0,26,105,16,147,6,0,6,153
02/02/2006,STP,MN,AGL,CE,Towers with Radar,0,35,75,11,121,0,5,47,9,61,0,40,122,20,182,130,4,134,316
02/03/2006,STP,MN,AGL,CE,Towers with Radar,0,77,30,0,107,0,29,3,0,32,0,106,33,0,139,2,0,2,141
02/04/2006,STP,MN,AGL,CE,Towers with Radar,0,11,55,0,66,0,3,77,11,91,0,14,132,11,157,72,0,72,229
02/05/2006,STP,MN,AGL,CE,Towers with Radar,0,10,39,0,49,0,1,55,1,57,0,11,94,1,106,64,0,64,170
02/06/2006,STP,MN,AGL,CE,Towers with Radar,0,26,80,2,108,0,0,88,3,91,0,26,168,5,199,116,0,116,315
02/07/2006,STP,MN,AGL,CE,Towers with Radar,0,31,104,0,135,0,1,88,10,99,0,32,192,10,234,112,4,116,350
02/08/2006,STP,MN,AGL,CE,Towers with Radar,0,38,166,1,205,0,4,160,16,180,0,42,326,17,385,160,24,184,569
02/09/2006,STP,MN,AGL,CE,Towers with Radar,0,26,95,0,121,0,0,27,11,38,0,26,122,11,159,56,0,56,215
02/10/2006,STP,MN,AGL,CE,Towers with Radar,0,32,91,0,123,0,6,81,9,96,0,38,172,9,219,122,0,122,341
02/11/2006,STP,MN,AGL,CE,Towers with Radar,0,14,45,0,59,0,0,66,0,66,0,14,111,0,125,90,0,90,215
02/12/2006,STP,MN,AGL,CE,Towers with Radar,0,12,45,0,57,0,1,43,0,44,0,13,88,0,101,60,0,60,161
02/13/2006,STP,MN,AGL,CE,Towers with Radar,0,25,121,0,146,0,5,93,10,108,0,30,214,10,254,156,14,170,424
02/14/2006,STP,MN,AGL,CE,Towers with Radar,0,33,78,5,116,0,0,56,15,71,0,33,134,20,187,120,22,142,329
02/15/2006,STP,MN,AGL,CE,Towers with Radar,0,30,126,5,161,0,3,87,31,121,0,33,213,36,282,212,6,218,500
02/16/2006,STP,MN,AGL,CE,Towers with Radar,0,43,110,2,155,0,6,7,8,21,0,49,117,10,176,4,8,12,188
02/17/2006,STP,MN,AGL,CE,Towers with Radar,0,36,95,1,132,0,0,28,2,30,0,36,123,3,162,0,8,8,170
02/18/2006,STP,MN,AGL,CE,Towers with Radar,0,11,24,0,35,0,0,30,0,30,0,11,54,0,65,0,0,0,65
02/19/2006,STP,MN,AGL,CE,Towers with Radar,0,3,43,1,47,0,4,65,0,69,0,7,108,1,116,94,0,94,210
02/20/2006,STP,MN,AGL,CE,Towers with Radar,0,15,122,0,137,0,8,92,0,100,0,23,214,0,237,86,0,86,323
02/21/2006,STP,MN,AGL,CE,Towers with Radar,0,34,96,1,131,0,0,63,10,73,0,34,159,11,204,182,8,190,394
02/22/2006,STP,MN,AGL,CE,Towers with Radar,0,45,107,0,152,0,2,88,18,108,0,47,195,18,260,148,6,154,414
02/23/2006,STP,MN,AGL,CE,Towers with Radar,0,25,112,0,137,0,2,84,14,100,0,27,196,14,237,96,10,106,343
02/24/2006,STP,MN,AGL,CE,Towers with Radar,0,29,74,5,108,0,1,72,17,90,0,30,146,22,198,110,22,132,330
02/25/2006,STP,MN,AGL,CE,Towers with Radar,0,9,73,1,83,0,1,121,11,133,0,10,194,12,216,128,10,138,354
02/26/2006,STP,MN,AGL,CE,Towers with Radar,0,9,52,0,61,0,0,82,0,82,0,9,134,0,143,56,0,56,199
02/27/2006,STP,MN,AGL,CE,Towers with Radar,0,29,77,0,106,0,3,64,15,82,0,32,141,15,188,54,8,62,250
02/28/2006,STP,MN,AGL,CE,Towers with Radar,0,33,154,9,196,0,10,124,12,146,0,43,278,21,342,178,14,192,534
03/01/2006,STP,MN,AGL,CE,Towers with Radar,0,24,104,0,128,0,2,72,14,88,0,26,176,14,216,134,4,138,354
03/02/2006,STP,MN,AGL,CE,Towers with Radar,0,28,70,4,102,0,1,47,14,62,0,29,117,18,164,44,2,46,210
03/03/2006,STP,MN,AGL,CE,Towers with Radar,0,24,76,1,101,0,2,81,10,93,0,26,157,11,194,124,8,132,326
03/04/2006,STP,MN,AGL,CE,Towers with Radar,0,14,31,6,51,0,3,65,5,73,0,17,96,11,124,98,0,98,222
03/05/2006,STP,MN,AGL,CE,Towers with Radar,0,11,37,2,50,0,0,0,0,0,0,11,37,2,50,0,0,0,50
03/06/2006,STP,MN,AGL,CE,Towers with Radar,0,22,81,0,103,0,2,42,0,44,0,24,123,0,147,36,2,38,185
03/07/2006,STP,MN,AGL,CE,Towers with Radar,0,35,71,3,109,0,2,31,20,53,0,37,102,23,162,86,20,106,268
03/08/2006,STP,MN,AGL,CE,Towers with Radar,0,26,75,4,105,0,0,0,0,0,0,26,75,4,105,4,0,4,109
03/09/2006,STP,MN,AGL,CE,Towers with Radar,0,30,109,2,141,0,0,108,15,123,0,30,217,17,264,174,20,194,458
03/10/2006,STP,MN,AGL,CE,Towers with Radar,0,41,115,6,162,0,2,179,11,192,0,43,294,17,354,236,14,250,604
03/11/2006,STP,MN,AGL,CE,Towers with Radar,0,5,49,0,54,0,0,50,0,50,0,5,99,0,104,72,0,72,176
03/12/2006,STP,MN,AGL,CE,Towers with Radar,0,12,53,0,65,0,0,89,0,89,0,12,142,0,154,84,0,84,238
03/13/2006,STP,MN,AGL,CE,Towers with Radar,0,21,43,0,64,0,7,20,0,27,0,28,63,0,91,0,0,0,91
03/14/2006,STP,MN,AGL,CE,Towers with Radar,0,34,166,0,200,0,11,128,23,162,0,45,294,23,362,130,30,160,522
03/15/2006,STP,MN,AGL,CE,Towers with Radar,0,30,93,6,129,0,2,51,22,75,0,32,144,28,204,110,4,114,318
03/16/2006,STP,MN,AGL,CE,Towers with Radar,0,27,65,2,94,0,5,8,18,31,0,32,73,20,125,0,10,10,135
03/17/2006,STP,MN,AGL,CE,Towers with Radar,0,33,90,0,123,0,6,116,6,128,0,39,206,6,251,146,0,146,397
03/18/2006,STP,MN,AGL,CE,Towers with Radar,0,10,66,2,78,0,2,77,8,87,0,12,143,10,165,86,0,86,251
03/19/2006,STP,MN,AGL,CE,Towers with Radar,0,12,57,10,79,0,2,75,3,80,0,14,132,13,159,68,0,68,227
03/20/2006,STP,MN,AGL,CE,Towers with Radar,0,30,96,0,126,0,4,4,3,11,0,34,100,3,137,82,8,90,227
03/21/2006,STP,MN,AGL,CE,Towers with Radar,0,33,152,4,189,0,0,154,1,155,0,33,306,5,344,186,0,186,530
03/22/2006,STP,MN,AGL,CE,Towers with Radar,0,25,94,0,119,0,12,112,8,132,0,37,206,8,251,140,12,152,403
03/23/2006,STP,MN,AGL,CE,Towers with Radar,0,29,78,0,107,0,7,35,12,54,0,36,113,12,161,30,0,30,191
03/24/2006,STP,MN,AGL,CE,Towers with Radar,0,26,90,2,118,0,2,66,1,69,0,28,156,3,187,144,0,144,331
03/25/2006,STP,MN,AGL,CE,Towers with Radar,0,15,47,0,62,0,1,85,4,90,0,16,132,4,152,52,0,52,204
03/26/2006,STP,MN,AGL,CE,Towers with Radar,0,10,63,1,74,0,1,65,0,66,0,11,128,1,140,44,0,44,184
03/27/2006,STP,MN,AGL,CE,Towers with Radar,0,27,72,1,100,0,10,37,5,52,0,37,109,6,152,22,4,26,178
03/28/2006,STP,MN,AGL,CE,Towers with Radar,0,43,156,6,205,0,4,124,32,160,0,47,280,38,365,192,20,212,577
03/29/2006,STP,MN,AGL,CE,Towers with Radar,0,37,161,6,204,0,3,143,33,179,0,40,304,39,383,148,52,200,583
03/30/2006,STP,MN,AGL,CE,Towers with Radar,0,28,114,5,147,0,5,63,13,81,0,33,177,18,228,62,16,78,306
03/31/2006,STP,MN,AGL,CE,Towers with Radar,0,27,185,2,214,0,1,36,3,40,0,28,221,5,254,60,0,60,314
04/01/2006,STP,MN,AGL,CE,Towers with Radar,0,13,75,2,90,0,0,97,13,110,0,13,172,15,200,122,0,122,322
04/02/2006,STP,MN,AGL,CE,Towers with Radar,0,14,54,0,68,0,0,0,0,0,0,14,54,0,68,0,0,0,68
04/03/2006,STP,MN,AGL,CE,Towers with Radar,0,28,74,2,104,0,9,71,3,83,0,37,145,5,187,104,0,104,291
04/04/2006,STP,MN,AGL,CE,Towers with Radar,0,26,82,0,108,0,4,122,17,143,0,30,204,17,251,136,22,158,409
04/05/2006,STP,MN,AGL,CE,Towers with Radar,0,21,97,0,118,0,5,80,17,102,0,26,177,17,220,88,32,120,340
04/06/2006,STP,MN,AGL,CE,Towers with Radar,0,44,146,2,192,0,2,90,8,100,0,46,236,10,292,56,30,86,378
04/07/2006,STP,MN,AGL,CE,Towers with Radar,0,31,79,0,110,0,4,46,10,60,0,35,125,10,170,90,40,130,300
04/08/2006,STP,MN,AGL,CE,Towers with Radar,0,17,81,3,101,0,12,123,5,140,0,29,204,8,241,188,0,188,429
04/09/2006,STP,MN,AGL,CE,Towers with Radar,0,12,55,0,67,0,1,90,11,102,0,13,145,11,169,120,0,120,289
04/10/2006,STP,MN,AGL,CE,Towers with Radar,0,15,179,4,198,0,1,149,12,162,0,16,328,16,360,186,16,202,562
04/11/2006,STP,MN,AGL,CE,Towers with Radar,0,45,87,3,135,0,3,98,34,135,0,48,185,37,270,122,12,134,404
04/12/2006,STP,MN,AGL,CE,Towers with Radar,0,43,170,2,215,0,16,135,25,176,0,59,305,27,391,158,14,172,563
04/13/2006,STP,MN,AGL,CE,Towers with Radar,0,34,196,6,236,0,10,139,30,179,0,44,335,36,415,180,38,218,633
04/14/2006,STP,MN,AGL,CE,Towers with Radar,0,14,130,0,144,0,6,140,8,154,0,20,270,8,298,144,16,160,458
04/15/2006,STP,MN,AGL,CE,Towers with Radar,0,5,63,0,68,0,2,82,0,84,0,7,145,0,152,88,0,88,240
04/16/2006,STP,MN,AGL,CE,Towers with Radar,0,5,32,0,37,0,0,9,0,9,0,5,41,0,46,4,0,4,50
04/17/2006,STP,MN,AGL,CE,Towers with Radar,0,27,110,2,139,0,1,91,0,92,0,28,201,2,231,198,0,198,429
04/18/2006,STP,MN,AGL,CE,Towers with Radar,0,26,78,3,107,0,2,39,20,61,0,28,117,23,168,62,28,90,258
04/19/2006,STP,MN,AGL,CE,Towers with Radar,0,32,122,6,160,0,1,68,18,87,0,33,190,24,247,80,22,102,349
04/20/2006,STP,MN,AGL,CE,Towers with Radar,0,34,105,7,146,0,3,49,29,81,0,37,154,36,227,56,56,112,339
04/21/2006,STP,MN,AGL,CE,Towers with Radar,0,26,100,6,132,0,2,85,8,95,0,28,185,14,227,110,32,142,369
04/22/2006,STP,MN,AGL,CE,Towers with Radar,0,10,55,0,65,0,2,80,0,82,0,12,135,0,147,104,0,104,251
04/23/2006,STP,MN,AGL,CE,Towers with Radar,0,17,63,0,80,0,2,79,2,83,0,19,142,2,163,184,8,192,355
04/24/2006,STP,MN,AGL,CE,Towers with Radar,0,26,98,0,124,0,4,46,2,52,0,30,144,2,176,54,0,54,230
04/25/2006,STP,MN,AGL,CE,Towers with Radar,0,34,110,2,146,0,3,128,20,151,0,37,238,22,297,128,52,180,477
04/26/2006,STP,MN,AGL,CE,Towers with Radar,0,24,139,2,165,0,8,126,17,151,0,32,265,19,316,125,38,163,479
04/27/2006,STP,MN,AGL,CE,Towers with Radar,0,38,92,6,136,0,7,113,17,137,0,45,205,23,273,120,16,136,409
04/28/2006,STP,MN,AGL,CE,Towers with Radar,0,29,80,1,110,0,1,35,15,51,0,30,115,16,161,62,8,70,231
04/29/2006,STP,MN,AGL,CE,Towers with Radar,0,8,60,0,68,0,1,14,0,15,0,9,74,0,83,6,0,6,89
04/30/2006,STP,MN,AGL,CE,Towers with Radar,0,19,45,0,64,0,7,3,0,10,0,26,48,0,74,0,0,0,74
05/01/2006,STP,MN,AGL,CE,Towers with Radar,0,41,64,2,107,0,3,16,0,19,0,44,80,2,126,26,0,26,152
05/02/2006,STP,MN,AGL,CE,Towers with Radar,0,34,80,2,116,0,12,72,15,99,0,46,152,17,215,138,6,144,359
05/03/2006,STP,MN,AGL,CE,Towers with Radar,0,50,94,3,147,0,11,56,25,92,0,61,150,28,239,36,22,58,297
05/04/2006,STP,MN,AGL,CE,Towers with Radar,0,39,133,3,175,0,8,110,27,145,0,47,243,30,320,166,24,190,510
05/05/2006,STP,MN,AGL,CE,Towers with Radar,0,34,79,3,116,0,5,65,11,81,0,39,144,14,197,90,2,92,289
05/06/2006,STP,MN,AGL,CE,Towers with Radar,0,31,48,2,81,0,13,75,2,90,0,44,123,4,171,126,0,126,297
05/07/2006,STP,MN,AGL,CE,Towers with Radar,0,21,64,0,85,0,13,59,2,74,0,34,123,2,159,110,0,110,269
05/08/2006,STP,MN,AGL,CE,Towers with Radar,0,23,70,2,95,0,13,22,4,39,0,36,92,6,134,78,12,90,224
05/09/2006,STP,MN,AGL,CE,Towers with Radar,0,35,79,1,115,0,10,41,23,74,0,45,120,24,189,48,0,48,237
05/10/2006,STP,MN,AGL,CE,Towers with Radar,0,38,112,4,154,0,7,74,23,104,0,45,186,27,258,60,28,88,346
05/11/2006,STP,MN,AGL,CE,Towers with Radar,0,44,96,9,149,0,15,36,30,81,0,59,132,39,230,30,20,50,280
05/12/2006,STP,MN,AGL,CE,Towers with Radar,0,37,79,0,116,0,0,3,1,4,0,37,82,1,120,0,0,0,120
05/13/2006,STP,MN,AGL,CE,Towers with Radar,0,10,24,0,34,0,2,24,1,27,0,12,48,1,61,2,0,2,63
05/14/2006,STP,MN,AGL,CE,Towers with Radar,0,13,40,0,53,0,0,40,1,41,0,13,80,1,94,72,0,72,166
05/15/2006,STP,MN,AGL,CE,Towers with Radar,0,32,104,2,138,0,5,30,3,38,0,37,134,5,176,34,10,44,220
05/16/2006,STP,MN,AGL,CE,Towers with Radar,0,27,134,2,163,0,6,94,17,117,0,33,228,19,280,106,68,174,454
05/17/2006,STP,MN,AGL,CE,Towers with Radar,0,44,96,9,149,0,21,78,30,129,0,65,174,39,278,84,56,140,418
05/18/2006,STP,MN,AGL,CE,Towers with Radar,0,38,127,3,168,0,18,98,24,140,0,56,225,27,308,46,18,64,372
05/19/2006,STP,MN,AGL,CE,Towers with Radar,0,32,89,3,124,0,6,91,14,111,0,38,180,17,235,218,16,234,469
05/20/2006,STP,MN,AGL,CE,Towers with Radar,0,16,48,0,64,0,10,44,17,71,0,26,92,17,135,76,4,80,215
05/21/2006,STP,MN,AGL,CE,Towers with Radar,0,18,80,1,99,0,0,84,11,95,0,18,164,12,194,86,6,92,286
05/22/2006,STP,MN,AGL,CE,Towers with Radar,0,21,70,3,94,0,4,55,18,77,0,25,125,21,171,68,18,86,257
05/23/2006,STP,MN,AGL,CE,Towers with Radar,0,37,117,1,155,0,14,76,51,141,0,51,193,52,296,116,28,144,440
05/24/2006,STP,MN,AGL,CE,Towers with Radar,0,44,109,3,156,0,4,58,15,77,0,48,167,18,233,36,14,50,283
05/25/2006,STP,MN,AGL,CE,Towers with Radar,0,26,153,5,184,0,10,58,20,88,0,36,211,25,272,132,30,162,434
05/26/2006,STP,MN,AGL,CE,Towers with Radar,0,18,133,2,153,0,6,142,5,153,0,24,275,7,306,200,0,200,506
05/27/2006,STP,MN,AGL,CE,Towers with Radar,0,5,22,2,29,0,0,16,0,16,0,5,38,2,45,112,0,112,157
05/28/2006,STP,MN,AGL,CE,Towers with Radar,0,2,18,3,23,0,4,53,1,58,0,6,71,4,81,66,0,66,147
05/29/2006,STP,MN,AGL,CE,Towers with Radar,0,13,48,4,65,0,0,29,0,29,0,13,77,4,94,44,0,44,138
05/30/2006,STP,MN,AGL,CE,Towers with Radar,0,29,96,1,126,0,11,109,0,120,0,40,205,1,246,244,2,246,492
05/31/2006,STP,MN,AGL,CE,Towers with Radar,0,30,72,7,109,0,22,65,40,127,0,52,137,47,236,196,44,240,476
06/01/2006,STP,MN,AGL,CE,Towers with Radar,0,32,118,2,152,0,8,104,12,124,0,40,222,14,276,112,28,140,416
06/02/2006,STP,MN,AGL,CE,Towers with Radar,0,20,78,3,101,0,2,124,14,140,0,22,202,17,241,142,12,154,395
06/03/2006,STP,MN,AGL,CE,Towers with Radar,0,13,49,0,62,0,2,137,3,142,0,15,186,3,204,142,0,142,346
06/04/2006,STP,MN,AGL,CE,Towers with Radar,0,16,54,1,71,0,0,82,0,82,0,16,136,1,153,200,0,200,353
06/05/2006,STP,MN,AGL,CE,Towers with Radar,0,30,103,0,133,0,16,76,16,108,0,46,179,16,241,60,58,118,359
06/06/2006,STP,MN,AGL,CE,Towers with Radar,0,40,123,4,167,0,10,88,17,115,0,50,211,21,282,16,54,70,352
06/07/2006,STP,MN,AGL,CE,Towers with Radar,0,25,110,4,139,0,4,77,12,93,0,29,187,16,232,84,0,84,316
06/08/2006,STP,MN,AGL,CE,Towers with Radar,0,24,106,2,132,0,1,93,10,104,0,25,199,12,236,96,8,104,340
06/09/2006,STP,MN,AGL,CE,Towers with Radar,0,35,84,1,120,0,2,84,4,90,0,37,168,5,210,56,0,56,266
06/10/2006,STP,MN,AGL,CE,Towers with Radar,0,7,39,0,46,0,4,81,8,93,0,11,120,8,139,78,0,78,217
06/11/2006,STP,MN,AGL,CE,Towers with Radar,0,25,80,0,105,0,12,92,0,104,0,37,172,0,209,140,0,140,349
06/12/2006,STP,MN,AGL,CE,Towers with Radar,0,30,78,5,113,0,4,113,0,117,0,34,191,5,230,172,0,172,402
06/13/2006,STP,MN,AGL,CE,Towers with Radar,0,30,76,2,108,0,4,58,22,84,0,34,134,24,192,100,0,100,292
06/14/2006,STP,MN,AGL,CE,Towers with Radar,0,38,85,3,126,0,6,101,16,123,0,44,186,19,249,152,52,204,453
06/15/2006,STP,MN,AGL,CE,Towers with Radar,0,55,128,2,185,0,23,96,8,127,0,78,224,10,312,164,40,204,516
06/16/2006,STP,MN,AGL,CE,Towers with Radar,0,57,151,0,208,0,9,127,2,138,0,66,278,2,346,174,12,186,532
06/17/2006,STP,MN,AGL,CE,Towers with Radar,0,15,51,11,77,0,5,99,7,111,0,20,150,18,188,236,16,252,440
06/18/2006,STP,MN,AGL,CE,Towers with Radar,0,13,67,0,80,0,7,74,11,92,0,20,141,11,172,98,22,120,292
06/19/2006,STP,MN,AGL,CE,Towers with Radar,0,28,82,2,112,0,2,104,3,109,0,30,186,5,221,104,0,104,325
06/20/2006,STP,MN,AGL,CE,Towers with Radar,0,43,164,3,210,0,3,162,12,177,0,46,326,15,387,176,82,258,645
06/21/2006,STP,MN,AGL,CE,Towers with Radar,0,44,164,6,214,0,6,164,21,191,0,50,328,27,405,162,72,234,639
06/22/2006,STP,MN,AGL,CE,Towers with Radar,0,47,186,3,236,0,11,184,29,224,0,58,370,32,460,240,56,296,756
06/23/2006,STP,MN,AGL,CE,Towers with Radar,0,53,116,4,173,0,14,137,10,161,0,67,253,14,334,168,46,214,548
06/24/2006,STP,MN,AGL,CE,Towers with Radar,0,12,50,1,63,0,0,112,1,113,0,12,162,2,176,142,0,142,318
06/25/2006,STP,MN,AGL,CE,Towers with Radar,0,19,73,0,92,0,2,63,0,65,0,21,136,0,157,88,0,88,245
06/26/2006,STP,MN,AGL,CE,Towers with Radar,0,16,131,8,155,0,20,108,1,129,0,36,239,9,284,126,30,156,440
06/27/2006,STP,MN,AGL,CE,Towers with Radar,0,53,122,3,178,0,10,111,39,160,0,63,233,42,338,218,86,304,642
06/28/2006,STP,MN,AGL,CE,Towers with Radar,0,48,102,2,152,0,6,107,3,116,0,54,209,5,268,116,4,120,388
06/29/2006,STP,MN,AGL,CE,Towers with Radar,0,34,144,2,180,0,23,131,37,191,0,57,275,39,371,144,56,200,571
06/30/2006,STP,MN,AGL,CE,Towers with Radar,0,36,139,3,178,0,10,148,17,175,0,46,287,20,353,182,40,222,575
07/01/2006,STP,MN,AGL,CE,Towers with Radar,0,12,54,0,66,0,3,120,0,123,0,15,174,0,189,136,0,136,325
07/02/2006,STP,MN,AGL,CE,Towers with Radar,0,10,13,1,24,0,3,42,0,45,0,13,55,1,69,80,0,80,149
07/03/2006,STP,MN,AGL,CE,Towers with Radar,0,17,37,0,54,0,1,57,0,58,0,18,94,0,112,136,0,136,248
07/04/2006,STP,MN,AGL,CE,Towers with Radar,0,21,43,0,64,0,5,45,4,54,0,26,88,4,118,2,0,2,120
07/05/2006,STP,MN,AGL,CE,Towers with Radar,0,25,112,2,139,0,11,116,18,145,0,36,228,20,284,90,30,120,404
07/06/2006,STP,MN,AGL,CE,Towers with Radar,0,34,127,3,164,0,3,124,31,158,0,37,251,34,322,118,66,184,506
07/07/2006,STP,MN,AGL,CE,Towers with Radar,0,25,90,4,119,0,5,110,8,123,0,30,200,12,242,124,2,126,368
07/08/2006,STP,MN,AGL,CE,Towers with Radar,0,14,44,0,58,0,4,78,0,82,0,18,122,0,140,168,4,172,312
07/09/2006,STP,MN,AGL,CE,Towers with Radar,0,13,45,2,60,0,6,77,2,85,0,19,122,4,145,105,0,105,250
07/10/2006,STP,MN,AGL,CE,Towers with Radar,0,29,101,0,130,0,3,107,10,120,0,32,208,10,250,92,4,96,346
07/11/2006,STP,MN,AGL,CE,Towers with Radar,0,36,129,4,169,0,1,64,5,70,0,37,193,9,239,50,6,56,295
07/12/2006,STP,MN,AGL,CE,Towers with Radar,0,25,143,6,174,0,4,180,35,219,0,29,323,41,393,204,46,250,643
07/13/2006,STP,MN,AGL,CE,Towers with Radar,0,49,153,2,204,0,4,165,23,192,0,53,318,25,396,232,26,258,654
07/14/2006,STP,MN,AGL,CE,Towers with Radar,0,27,95,2,124,0,7,169,4,180,0,34,264,6,304,160,30,190,494
07/15/2006,STP,MN,AGL,CE,Towers with Radar,0,4,53,0,57,0,5,51,6,62,0,9,104,6,119,108,0,108,227
07/16/2006,STP,MN,AGL,CE,Towers with Radar,0,7,59,0,66,0,0,44,3,47,0,7,103,3,113,50,0,50,163
07/17/2006,STP,MN,AGL,CE,Towers with Radar,0,19,90,1,110,0,6,77,6,89,0,25,167,7,199,32,6,38,237
07/18/2006,STP,MN,AGL,CE,Towers with Radar,0,42,91,3,136,0,1,117,24,142,0,43,208,27,278,124,4,128,406
07/19/2006,STP,MN,AGL,CE,Towers with Radar,0,30,93,4,127,0,7,25,12,44,0,37,118,16,171,16,26,42,213
07/20/2006,STP,MN,AGL,CE,Towers with Radar,0,40,170,8,218,0,5,178,41,224,0,45,348,49,442,252,64,316,758
07/21/2006,STP,MN,AGL,CE,Towers with Radar,0,38,124,16,178,0,17,127,9,153,0,55,251,25,331,226,24,250,581
07/22/2006,STP,MN,AGL,CE,Towers with Radar,0,8,62,0,70,0,0,95,8,103,0,8,157,8,173,146,0,146,319
07/23/2006,STP,MN,AGL,CE,Towers with Radar,0,8,66,0,74,0,6,95,6,107,0,14,161,6,181,144,0,144,325
07/24/2006,STP,MN,AGL,CE,Towers with Radar,0,30,71,0,101,0,0,66,0,66,0,30,137,0,167,78,0,78,245
07/25/2006,STP,MN,AGL,CE,Towers with Radar,0,30,144,1,175,0,6,177,12,195,0,36,321,13,370,206,0,206,576
07/26/2006,STP,MN,AGL,CE,Towers with Radar,0,42,178,2,222,0,16,173,38,227,0,58,351,40,449,268,42,310,759
07/27/2006,STP,MN,AGL,CE,Towers with Radar,0,49,157,6,212,0,15,173,25,213,0,64,330,31,425,274,50,324,749
07/28/2006,STP,MN,AGL,CE,Towers with Radar,0,28,113,8,149,0,10,161,7,178,0,38,274,15,327,182,22,204,531
07/29/2006,STP,MN,AGL,CE,Towers with Radar,0,13,47,1,61,0,1,111,0,112,0,14,158,1,173,102,0,102,275
07/30/2006,STP,MN,AGL,CE,Towers with Radar,0,12,51,1,64,0,3,113,1,117,0,15,164,2,181,74,20,94,275
07/31/2006,STP,MN,AGL,CE,Towers with Radar,0,33,126,3,162,0,6,182,18,206,0,39,308,21,368,178,30,208,576
08/01/2006,STP,MN,AGL,CE,Towers with Radar,0,37,104,5,146,0,3,42,6,51,0,40,146,11,197,46,26,72,269
08/02/2006,STP,MN,AGL,CE,Towers with Radar,0,32,176,7,215,0,6,168,27,201,0,38,344,34,416,218,64,282,698
08/03/2006,STP,MN,AGL,CE,Towers with Radar,0,41,144,10,195,0,14,151,20,185,0,55,295,30,380,370,38,408,788
08/04/2006,STP,MN,AGL,CE,Towers with Radar,0,35,108,7,150,0,5,139,24,168,0,40,247,31,318,234,8,242,560
08/05/2006,STP,MN,AGL,CE,Towers with Radar,0,15,42,3,60,0,1,77,5,83,0,16,119,8,143,140,0,140,283
08/06/2006,STP,MN,AGL,CE,Towers with Radar,0,9,55,2,66,0,1,37,0,38,0,10,92,2,104,62,0,62,166
08/07/2006,STP,MN,AGL,CE,Towers with Radar,0,26,142,6,174,0,6,185,6,197,0,32,327,12,371,272,38,310,681
08/08/2006,STP,MN,AGL,CE,Towers with Radar,0,60,164,8,232,0,26,191,32,249,0,86,355,40,481,262,50,312,793
08/09/2006,STP,MN,AGL,CE,Towers with Radar,0,30,185,15,230,0,16,149,19,184,0,46,334,34,414,238,62,300,714
08/10/2006,STP,MN,AGL,CE,Towers with Radar,0,30,185,15,230,0,44,160,25,229,0,74,345,40,459,290,116,406,865
08/11/2006,STP,MN,AGL,CE,Towers with Radar,0,35,114,4,153,0,7,135,12,154,0,42,249,16,307,234,48,282,589
08/12/2006,STP,MN,AGL,CE,Towers with Radar,0,11,66,1,78,0,1,84,2,87,0,12,150,3,165,114,0,114,279
08/13/2006,STP,MN,AGL,CE,Towers with Radar,0,27,71,2,100,0,2,16,3,21,0,29,87,5,121,68,8,76,197
08/14/2006,STP,MN,AGL,CE,Towers with Radar,0,38,122,1,161,0,4,93,10,107,0,42,215,11,268,138,4,142,410
08/15/2006,STP,MN,AGL,CE,Towers with Radar,0,55,157,1,213,0,6,150,25,181,0,61,307,26,394,234,0,234,628
08/16/2006,STP,MN,AGL,CE,Towers with Radar,0,39,148,0,187,0,8,141,28,177,0,47,289,28,364,206,46,252,616
08/17/2006,STP,MN,AGL,CE,Towers with Radar,0,30,136,10,176,0,2,104,19,125,0,32,240,29,301,116,44,160,461
08/18/2006,STP,MN,AGL,CE,Towers with Radar,0,35,164,10,209,0,10,167,9,186,0,45,331,19,395,230,30,260,655
08/19/2006,STP,MN,AGL,CE,Towers with Radar,0,12,107,4,123,0,3,130,10,143,0,15,237,14,266,192,0,192,458
08/20/2006,STP,MN,AGL,CE,Towers with Radar,0,20,107,0,127,0,7,100,3,110,0,27,207,3,237,182,0,182,419
08/21/2006,STP,MN,AGL,CE,Towers with Radar,0,26,83,1,110,0,4,143,9,156,0,30,226,10,266,180,26,206,472
08/22/2006,STP,MN,AGL,CE,Towers with Radar,0,40,101,3,144,0,1,91,9,101,0,41,192,12,245,36,8,44,289
08/23/2006,STP,MN,AGL,CE,Towers with Radar,0,38,138,2,178,0,7,143,12,162,0,45,281,14,340,256,16,272,612
08/24/2006,STP,MN,AGL,CE,Towers with Radar,0,29,110,2,141,0,0,4,4,8,0,29,114,6,149,0,0,0,149
08/25/2006,STP,MN,AGL,CE,Towers with Radar,0,34,104,2,140,0,4,86,9,99,0,38,190,11,239,124,8,132,371
08/26/2006,STP,MN,AGL,CE,Towers with Radar,0,15,85,0,100,0,5,119,3,127,0,20,204,3,227,160,0,160,387
08/27/2006,STP,MN,AGL,CE,Towers with Radar,0,20,59,1,80,0,0,63,0,63,0,20,122,1,143,60,0,60,203
08/28/2006,STP,MN,AGL,CE,Towers with Radar,0,31,84,6,121,0,6,115,14,135,0,37,199,20,256,142,36,178,434
08/29/2006,STP,MN,AGL,CE,Towers with Radar,0,29,127,5,161,0,15,154,7,176,0,44,281,12,337,198,20,218,555
08/30/2006,STP,MN,AGL,CE,Towers with Radar,0,85,155,5,245,0,8,142,16,166,0,93,297,21,411,172,12,184,595
08/31/2006,STP,MN,AGL,CE,Towers with Radar,0,35,193,3,231,0,1,180,23,204,0,36,373,26,435,304,10,314,749
09/01/2006,STP,MN,AGL,CE,Towers with Radar,0,40,159,4,203,0,5,175,12,192,0,45,334,16,395,294,4,298,693
09/02/2006,STP,MN,AGL,CE,Towers with Radar,0,6,56,0,62,0,0,102,0,102,0,6,158,0,164,186,0,186,350
09/03/2006,STP,MN,AGL,CE,Towers with Radar,0,16,40,0,56,0,0,25,0,25,0,16,65,0,81,34,0,34,115
09/04/2006,STP,MN,AGL,CE,Towers with Radar,0,19,106,1,126,0,0,0,0,0,0,19,106,1,126,80,0,80,206
09/05/2006,STP,MN,AGL,CE,Towers with Radar,0,38,86,5,129,0,4,84,0,88,0,42,170,5,217,182,2,184,401
09/06/2006,STP,MN,AGL,CE,Towers with Radar,0,37,171,2,210,0,1,179,18,198,0,38,350,20,408,246,2,248,656
09/07/2006,STP,MN,AGL,CE,Towers with Radar,0,47,170,1,218,0,14,165,29,208,0,61,335,30,426,154,42,196,622
09/08/2006,STP,MN,AGL,CE,Towers with Radar,0,23,81,4,108,0,6,100,7,113,0,29,181,11,221,176,38,214,435
09/09/2006,STP,MN,AGL,CE,Towers with Radar,0,15,69,2,86,0,4,78,11,93,0,19,147,13,179,134,8,142,321
09/10/2006,STP,MN,AGL,CE,Towers with Radar,0,19,55,6,80,0,0,1,0,1,0,19,56,6,81,0,0,0,81
09/11/2006,STP,MN,AGL,CE,Towers with Radar,0,29,75,0,104,0,6,83,6,95,0,35,158,6,199,168,0,168,367
09/12/2006,STP,MN,AGL,CE,Towers with Radar,0,28,92,0,120,0,6,62,6,74,0,34,154,6,194,74,2,76,270
09/13/2006,STP,MN,AGL,CE,Towers with Radar,0,30,170,1,201,0,5,198,17,220,0,35,368,18,421,238,74,312,733
09/14/2006,STP,MN,AGL,CE,Towers with Radar,0,39,190,0,229,0,11,199,22,232,0,50,389,22,461,344,30,374,835
09/15/2006,STP,MN,AGL,CE,Towers with Radar,0,29,163,6,198,0,12,177,16,205,0,41,340,22,403,270,10,280,683
09/16/2006,STP,MN,AGL,CE,Towers with Radar,0,25,68,3,96,0,9,0,28,37,0,34,68,31,133,80,18,98,231
09/17/2006,STP,MN,AGL,CE,Towers with Radar,0,14,72,0,86,0,1,30,4,35,0,15,102,4,121,0,4,4,125
09/18/2006,STP,MN,AGL,CE,Towers with Radar,0,31,92,2,125,0,3,25,0,28,0,34,117,2,153,54,0,54,207
09/19/2006,STP,MN,AGL,CE,Towers with Radar,0,35,114,2,151,0,10,92,18,120,0,45,206,20,271,142,40,182,453
09/20/2006,STP,MN,AGL,CE,Towers with Radar,0,52,174,8,234,0,17,169,19,205,0,69,343,27,439,210,12,222,661
09/21/2006,STP,MN,AGL,CE,Towers with Radar,0,43,178,4,225,0,6,132,14,152,0,49,310,18,377,138,0,138,515
09/22/2006,STP,MN,AGL,CE,Towers with Radar,0,34,118,2,154,0,2,27,0,29,0,36,145,2,183,183,4,187,370
09/23/2006,STP,MN,AGL,CE,Towers with Radar,0,18,58,0,76,0,5,2,0,7,0,23,60,0,83,16,0,16,99
09/24/2006,STP,MN,AGL,CE,Towers with Radar,0,28,98,0,126,0,11,60,1,72,0,39,158,1,198,106,4,110,308
09/25/2006,STP,MN,AGL,CE,Towers with Radar,0,36,82,2,120,0,8,135,6,149,0,44,217,8,269,178,38,216,485
09/26/2006,STP,MN,AGL,CE,Towers with Radar,0,34,88,0,122,0,4,163,15,182,0,38,251,15,304,170,72,242,546
09/27/2006,STP,MN,AGL,CE,Towers with Radar,0,50,169,0,219,0,9,197,6,212,0,59,366,6,431,198,90,288,719
09/28/2006,STP,MN,AGL,CE,Towers with Radar,0,42,199,2,243,0,13,246,13,272,0,55,445,15,515,261,0,261,776
09/29/2006,STP,MN,AGL,CE,Towers with Radar,0,44,161,2,207,0,10,185,0,195,0,54,346,2,402,186,4,190,592
09/30/2006,STP,MN,AGL,CE,Towers with Radar,0,11,127,0,138,0,11,174,0,185,0,22,301,0,323,182,0,182,505
10/01/2006,STP,MN,AGL,CE,Towers with Radar,0,16,76,2,94,0,9,89,0,98,0,25,165,2,192,94,0,94,286
10/02/2006,STP,MN,AGL,CE,Towers with Radar,0,17,63,0,80,0,7,90,0,97,0,24,153,0,177,170,0,170,347
10/03/2006,STP,MN,AGL,CE,Towers with Radar,0,36,96,11,143,0,10,123,4,137,0,46,219,15,280,206,10,216,496
10/04/2006,STP,MN,AGL,CE,Towers with Radar,0,43,148,5,196,0,10,117,28,155,0,53,265,33,351,204,8,212,563
10/05/2006,STP,MN,AGL,CE,Towers with Radar,0,62,188,5,255,0,12,172,21,205,0,74,360,26,460,178,44,222,682
10/06/2006,STP,MN,AGL,CE,Towers with Radar,0,25,126,4,155,0,17,121,7,145,0,42,247,11,300,166,10,176,476
10/07/2006,STP,MN,AGL,CE,Towers with Radar,0,10,85,0,95,0,9,119,1,129,0,19,204,1,224,90,0,90,314
10/08/2006,STP,MN,AGL,CE,Towers with Radar,0,4,56,0,60,0,4,82,0,86,0,8,138,0,146,80,0,80,226
10/09/2006,STP,MN,AGL,CE,Towers with Radar,0,17,95,0,112,0,3,87,0,90,0,20,182,0,202,192,0,192,394
10/10/2006,STP,MN,AGL,CE,Towers with Radar,0,25,105,6,136,0,5,93,25,123,0,30,198,31,259,126,10,136,395
10/11/2006,STP,MN,AGL,CE,Towers with Radar,0,41,193,7,241,0,12,177,12,201,0,53,370,19,442,164,26,190,632
10/12/2006,STP,MN,AGL,CE,Towers with Radar,0,41,193,7,241,0,1,169,8,178,0,42,362,15,419,180,0,180,599
10/13/2006,STP,MN,AGL,CE,Towers with Radar,0,38,162,1,201,0,16,146,13,175,0,54,308,14,376,174,0,174,550
10/14/2006,STP,MN,AGL,CE,Towers with Radar,0,15,102,2,119,0,4,148,3,155,0,19,250,5,274,158,0,158,432
10/15/2006,STP,MN,AGL,CE,Towers with Radar,0,12,70,0,82,0,1,72,3,76,0,13,142,3,158,56,0,56,214
10/16/2006,STP,MN,AGL,CE,Towers with Radar,0,28,77,0,105,0,0,5,0,5,0,28,82,0,110,44,0,44,154
10/17/2006,STP,MN,AGL,CE,Towers with Radar,0,32,108,4,144,0,2,1,0,3,0,34,109,4,147,0,0,0,147
10/18/2006,STP,MN,AGL,CE,Towers with Radar,0,36,106,7,149,0,1,55,4,60,0,37,161,11,209,168,0,168,377
10/19/2006,STP,MN,AGL,CE,Towers with Radar,0,69,171,11,251,0,29,188,20,237,0,98,359,31,488,288,8,296,784
10/20/2006,STP,MN,AGL,CE,Towers with Radar,0,37,143,0,180,0,18,141,0,159,0,55,284,0,339,232,0,232,571
10/21/2006,STP,MN,AGL,CE,Towers with Radar,0,12,96,2,110,0,4,116,12,132,0,16,212,14,242,186,0,186,428
10/22/2006,STP,MN,AGL,CE,Towers with Radar,0,29,81,3,113,0,2,81,4,87,0,31,162,7,200,80,0,80,280
10/23/2006,STP,MN,AGL,CE,Towers with Radar,0,43,101,2,146,0,14,89,20,123,0,57,190,22,269,172,36,208,477
10/24/2006,STP,MN,AGL,CE,Towers with Radar,0,31,99,4,134,0,9,134,29,172,0,40,233,33,306,186,20,206,512
10/25/2006,STP,MN,AGL,CE,Towers with Radar,0,50,180,9,239,0,1,175,21,197,0,51,355,30,436,264,20,284,720
10/26/2006,STP,MN,AGL,CE,Towers with Radar,0,25,203,0,228,0,1,172,24,197,0,26,375,24,425,236,12,248,673
10/27/2006,STP,MN,AGL,CE,Towers with Radar,0,34,150,3,187,0,9,163,11,183,0,43,313,14,370,232,0,232,602
10/28/2006,STP,MN,AGL,CE,Towers with Radar,0,18,141,0,159,0,2,158,0,160,0,20,299,0,319,146,0,146,465
10/29/2006,STP,MN,AGL,CE,Towers with Radar,0,23,56,0,79,0,2,76,0,78,0,25,132,0,157,110,0,110,267
10/30/2006,STP,MN,AGL,CE,Towers with Radar,0,26,139,8,173,0,14,133,7,154,0,40,272,15,327,202,0,202,529
10/31/2006,STP,MN,AGL,CE,Towers with Radar,0,31,79,3,113,0,5,75,13,93,0,36,154,16,206,50,6,56,262
11/01/2006,STP,MN,AGL,CE,Towers with Radar,0,34,87,2,123,0,1,71,30,102,0,35,158,32,225,40,14,54,279
11/02/2006,STP,MN,AGL,CE,Towers with Radar,0,48,150,5,203,0,10,150,39,199,0,58,300,44,402,130,76,206,608
11/03/2006,STP,MN,AGL,CE,Towers with Radar,0,44,128,5,177,0,5,169,6,180,0,49,297,11,357,162,10,172,529
11/04/2006,STP,MN,AGL,CE,Towers with Radar,0,5,48,0,53,0,3,100,22,125,0,8,148,22,178,94,26,120,298
11/05/2006,STP,MN,AGL,CE,Towers with Radar,0,5,48,0,53,0,14,70,1,85,0,19,118,1,138,102,0,102,240
11/06/2006,STP,MN,AGL,CE,Towers with Radar,0,24,77,0,101,0,0,7,0,7,0,24,84,0,108,0,0,0,108
11/07/2006,STP,MN,AGL,CE,Towers with Radar,0,23,81,6,110,0,4,48,18,70,0,27,129,24,180,74,22,96,276
11/08/2006,STP,MN,AGL,CE,Towers with Radar,0,35,131,3,169,0,19,114,29,162,0,54,245,32,331,192,82,274,605
11/09/2006,STP,MN,AGL,CE,Towers with Radar,0,43,116,2,161,0,19,95,15,129,0,62,211,17,290,128,44,172,462
11/10/2006,STP,MN,AGL,CE,Towers with Radar,0,29,72,1,102,0,9,86,12,107,0,38,158,13,209,136,0,136,345
11/11/2006,STP,MN,AGL,CE,Towers with Radar,0,9,32,0,41,0,2,68,4,74,0,11,100,4,115,162,16,178,293
11/12/2006,STP,MN,AGL,CE,Towers with Radar,0,15,82,0,97,0,1,75,0,76,0,16,157,0,173,72,0,72,245
11/13/2006,STP,MN,AGL,CE,Towers with Radar,0,28,152,1,181,0,12,114,5,131,0,40,266,6,312,162,10,172,484
11/14/2006,STP,MN,AGL,CE,Towers with Radar,0,26,139,3,168,0,7,38,14,59,0,33,177,17,227,88,30,118,345
11/15/2006,STP,MN,AGL,CE,Towers with Radar,0,46,183,5,234,0,12,134,13,159,0,58,317,18,393,272,0,272,665
11/16/2006,STP,MN,AGL,CE,Towers with Radar,0,40,173,9,222,0,12,169,17,198,0,52,342,26,420,300,4,304,724
11/17/2006,STP,MN,AGL,CE,Towers with Radar,0,33,135,6,174,0,2,104,20,126,0,35,239,26,300,126,30,156,456
11/18/2006,STP,MN,AGL,CE,Towers with Radar,0,8,38,0,46,0,0,47,8,55,0,8,85,8,101,108,0,108,209
11/19/2006,STP,MN,AGL,CE,Towers with Radar,0,9,59,0,68,0,0,62,12,74,0,9,121,12,142,114,0,114,256
11/20/2006,STP,MN,AGL,CE,Towers with Radar,0,27,70,1,98,0,1,86,5,92,0,28,156,6,190,94,6,100,290
11/21/2006,STP,MN,AGL,CE,Towers with Radar,0,33,136,5,174,0,2,138,13,153,0,35,274,18,327,126,0,126,453
11/22/2006,STP,MN,AGL,CE,Towers with Radar,0,19,169,0,188,0,5,156,5,166,0,24,325,5,354,234,10,244,598
11/23/2006,STP,MN,AGL,CE,Towers with Radar,0,10,9,0,19,0,1,12,0,13,0,11,21,0,32,0,0,0,32
11/24/2006,STP,MN,AGL,CE,Towers with Radar,0,12,19,0,31,0,3,76,0,79,0,15,95,0,110,80,0,80,190
11/25/2006,STP,MN,AGL,CE,Towers with Radar,0,20,84,0,104,0,6,151,4,161,0,26,235,4,265,208,0,208,473
11/26/2006,STP,MN,AGL,CE,Towers with Radar,0,20,81,0,101,0,4,55,0,59,0,24,136,0,160,138,0,138,298
11/27/2006,STP,MN,AGL,CE,Towers with Radar,0,9,33,0,42,0,25,59,0,84,0,34,92,0,126,16,0,16,142
11/28/2006,STP,MN,AGL,CE,Towers with Radar,0,41,66,4,111,0,0,1,0,1,0,41,67,4,112,0,0,0,112
11/29/2006,STP,MN,AGL,CE,Towers with Radar,0,49,187,10,246,0,13,183,26,222,0,62,370,36,468,200,56,256,724
11/30/2006,STP,MN,AGL,CE,Towers with Radar,0,43,124,1,168,0,2,123,29,154,0,45,247,30,322,182,0,182,504
12/01/2006,STP,MN,AGL,CE,Towers with Radar,0,27,136,0,163,0,2,128,13,143,0,29,264,13,306,116,20,136,442
12/02/2006,STP,MN,AGL,CE,Towers with Radar,0,29,121,0,150,0,4,130,0,134,0,33,251,0,284,116,0,116,400
12/03/2006,STP,MN,AGL,CE,Towers with Radar,0,29,44,0,73,0,0,15,3,18,0,29,59,3,91,26,0,26,117
12/04/2006,STP,MN,AGL,CE,Towers with Radar,0,24,88,0,112,0,1,37,12,50,0,25,125,12,162,214,2,216,378
12/05/2006,STP,MN,AGL,CE,Towers with Radar,0,41,109,0,150,0,3,48,20,71,0,44,157,20,221,326,48,374,595
12/06/2006,STP,MN,AGL,CE,Towers with Radar,0,55,133,5,193,0,20,133,23,176,0,75,266,28,369,324,52,376,745
12/07/2006,STP,MN,AGL,CE,Towers with Radar,0,38,183,0,221,0,13,164,17,194,0,51,347,17,415,392,2,394,809
12/08/2006,STP,MN,AGL,CE,Towers with Radar,0,27,92,1,120,0,3,89,31,123,0,30,181,32,243,276,0,276,519
12/09/2006,STP,MN,AGL,CE,Towers with Radar,0,24,48,0,72,0,16,106,0,122,0,40,154,0,194,178,0,178,372
12/10/2006,STP,MN,AGL,CE,Towers with Radar,0,13,50,0,63,0,0,105,0,105,0,13,155,0,168,86,0,86,254
12/11/2006,STP,MN,AGL,CE,Towers with Radar,0,23,92,0,115,0,0,40,0,40,0,23,132,0,155,54,0,54,209
12/12/2006,STP,MN,AGL,CE,Towers with Radar,0,19,20,0,39,0,0,0,0,0,0,19,20,0,39,0,0,0,39
12/13/2006,STP,MN,AGL,CE,Towers with Radar,0,42,126,3,171,0,1,95,38,134,0,43,221,41,305,192,10,202,507
12/14/2006,STP,MN,AGL,CE,Towers with Radar,0,41,140,5,186,0,20,136,28,184,0,61,276,33,370,176,26,202,572
12/15/2006,STP,MN,AGL,CE,Towers with Radar,0,37,138,8,183,0,7,158,0,165,0,44,296,8,348,208,8,216,564
12/16/2006,STP,MN,AGL,CE,Towers with Radar,0,9,75,2,86,0,3,112,5,120,0,12,187,7,206,182,0,182,388
12/17/2006,STP,MN,AGL,CE,Towers with Radar,0,4,49,2,55,0,0,63,0,63,0,4,112,2,118,56,0,56,174
12/18/2006,STP,MN,AGL,CE,Towers with Radar,0,47,119,2,168,0,5,128,20,153,0,52,247,22,321,156,18,174,495
12/19/2006,STP,MN,AGL,CE,Towers with Radar,0,38,139,7,184,0,7,129,28,164,0,45,268,35,348,160,18,178,526
12/20/2006,STP,MN,AGL,CE,Towers with Radar,0,38,139,7,184,0,30,193,28,251,0,68,332,35,435,254,18,272,707
12/21/2006,STP,MN,AGL,CE,Towers with Radar,0,49,163,2,214,0,6,92,0,98,0,55,255,2,312,0,0,0,312
12/22/2006,STP,MN,AGL,CE,Towers with Radar,0,23,47,0,70,0,0,0,0,0,0,23,47,0,70,0,0,0,70
12/23/2006,STP,MN,AGL,CE,Towers with Radar,0,13,32,2,47,0,2,41,0,43,0,15,73,2,90,38,0,38,128
12/24/2006,STP,MN,AGL,CE,Towers with Radar,0,4,20,0,24,0,0,21,0,21,0,4,41,0,45,8,0,8,53
12/25/2006,STP,MN,AGL,CE,Towers with Radar,0,8,17,0,25,0,0,13,0,13,0,8,30,0,38,0,0,0,38
12/26/2006,STP,MN,AGL,CE,Towers with Radar,0,35,58,0,93,0,10,101,18,129,0,45,159,18,222,174,0,174,396
12/27/2006,STP,MN,AGL,CE,Towers with Radar,0,39,161,10,210,0,0,170,44,214,0,39,331,54,424,246,40,286,710
12/28/2006,STP,MN,AGL,CE,Towers with Radar,0,23,125,2,150,0,0,123,25,148,0,23,248,27,298,158,10,168,466
12/29/2006,STP,MN,AGL,CE,Towers with Radar,0,29,39,0,68,0,0,0,0,0,0,29,39,0,68,0,0,0,68
12/30/2006,STP,MN,AGL,CE,Towers with Radar,0,23,35,0,58,0,0,0,0,0,0,23,35,0,58,0,0,0,58
12/31/2006,STP,MN,AGL,CE,Towers with Radar,0,7,25,0,32,0,1,0,0,1,0,8,25,0,33,0,0,0,33
01/01/2007,STP,MN,AGL,CE,Towers with Radar,0,11,38,0,49,0,1,20,0,21,0,12,58,0,70,12,0,12,82
01/02/2007,STP,MN,AGL,CE,Towers with Radar,0,24,68,4,96,0,0,106,0,106,0,24,174,4,202,84,0,84,286
01/03/2007,STP,MN,AGL,CE,Towers with Radar,0,27,197,5,229,0,0,187,24,211,0,27,384,29,440,254,4,258,698
01/04/2007,STP,MN,AGL,CE,Towers with Radar,0,36,173,4,213,0,1,161,25,187,0,37,334,29,400,192,52,244,644
01/05/2007,STP,MN,AGL,CE,Towers with Radar,0,34,156,0,190,0,0,165,16,181,0,34,321,16,371,222,22,244,615
01/06/2007,STP,MN,AGL,CE,Towers with Radar,0,7,67,4,78,0,9,104,20,133,0,16,171,24,211,202,18,220,431
01/07/2007,STP,MN,AGL,CE,Towers with Radar,0,13,43,1,57,0,4,6,0,10,0,17,49,1,67,20,0,20,87
01/08/2007,STP,MN,AGL,CE,Towers with Radar,0,19,68,1,88,0,3,51,0,54,0,22,119,1,142,54,0,54,196
01/09/2007,STP,MN,AGL,CE,Towers with Radar,0,34,74,5,113,0,11,68,16,95,0,45,142,21,208,114,50,164,372
01/10/2007,STP,MN,AGL,CE,Towers with Radar,0,32,99,9,140,0,2,63,31,96,0,34,162,40,236,36,40,76,312
01/11/2007,STP,MN,AGL,CE,Towers with Radar,0,38,129,0,167,0,3,61,16,80,0,41,190,16,247,148,12,160,407
01/12/2007,STP,MN,AGL,CE,Towers with Radar,0,43,130,6,179,0,6,73,14,93,0,49,203,20,272,84,8,92,364
01/13/2007,STP,MN,AGL,CE,Towers with Radar,0,7,48,0,55,0,4,86,0,90,0,11,134,0,145,120,0,120,265
01/14/2007,STP,MN,AGL,CE,Towers with Radar,0,9,15,0,24,0,2,40,2,44,0,11,55,2,68,36,0,36,104
01/15/2007,STP,MN,AGL,CE,Towers with Radar,0,23,65,0,88,0,15,41,0,56,0,38,106,0,144,76,0,76,220
01/16/2007,STP,MN,AGL,CE,Towers with Radar,0,43,101,7,151,0,10,78,24,112,0,53,179,31,263,162,24,186,449
01/17/2007,STP,MN,AGL,CE,Towers with Radar,0,29,105,6,140,0,2,66,26,94,0,31,171,32,234,96,70,166,400
01/18/2007,STP,MN,AGL,CE,Towers with Radar,0,35,100,7,142,0,0,29,6,35,0,35,129,13,177,24,0,24,201
01/19/2007,STP,MN,AGL,CE,Towers with Radar,0,38,72,2,112,0,3,105,19,127,0,41,177,21,239,114,28,142,381
01/20/2007,STP,MN,AGL,CE,Towers with Radar,0,13,60,10,83,0,3,68,14,85,0,16,128,24,168,88,6,94,262
01/21/2007,STP,MN,AGL,CE,Towers with Radar,0,7,23,0,30,0,0,0,0,0,0,7,23,0,30,0,0,0,30
01/22/2007,STP,MN,AGL,CE,Towers with Radar,0,18,50,2,70,0,0,7,0,7,0,18,57,2,77,6,0,6,83
01/23/2007,STP,MN,AGL,CE,Towers with Radar,0,33,88,4,125,0,8,52,21,81,0,41,140,25,206,126,12,138,344
01/24/2007,STP,MN,AGL,CE,Towers with Radar,0,24,77,4,105,0,6,39,22,67,0,30,116,26,172,64,8,72,244
01/25/2007,STP,MN,AGL,CE,Towers with Radar,0,51,94,10,155,0,13,68,33,114,0,64,162,43,269,140,64,204,473
01/26/2007,STP,MN,AGL,CE,Towers with Radar,0,31,80,7,118,0,1,48,8,57,0,32,128,15,175,144,14,158,333
01/27/2007,STP,MN,AGL,CE,Towers with Radar,0,14,37,2,53,0,0,10,0,10,0,14,47,2,63,6,0,6,69
01/28/2007,STP,MN,AGL,CE,Towers with Radar,0,20,57,1,78,0,6,30,0,36,0,26,87,1,114,24,22,46,160
01/29/2007,STP,MN,AGL,CE,Towers with Radar,0,32,78,0,110,0,0,43,7,50,0,32,121,7,160,80,0,80,240
01/30/2007,STP,MN,AGL,CE,Towers with Radar,0,31,53,2,86,0,5,68,24,97,0,36,121,26,183,188,4,192,375
01/31/2007,STP,MN,AGL,CE,Towers with Radar,0,38,93,0,131,0,0,28,21,49,0,38,121,21,180,24,0,24,204
02/01/2007,STP,MN,AGL,CE,Towers with Radar,0,39,87,8,134,0,4,74,41,119,0,43,161,49,253,102,28,130,383
02/02/2007,STP,MN,AGL,CE,Towers with Radar,0,31,59,0,90,0,0,36,11,47,0,31,95,11,137,66,28,94,231
02/03/2007,STP,MN,AGL,CE,Towers with Radar,0,15,42,0,57,0,4,7,4,15,0,19,49,4,72,0,0,0,72
02/04/2007,STP,MN,AGL,CE,Towers with Radar,0,11,27,0,38,0,0,4,8,12,0,11,31,8,50,0,0,0,50
02/05/2007,STP,MN,AGL,CE,Towers with Radar,0,22,50,0,72,0,4,33,0,37,0,26,83,0,109,24,0,24,133
02/06/2007,STP,MN,AGL,CE,Towers with Radar,0,25,68,0,93,0,1,17,8,26,0,26,85,8,119,10,10,20,139
02/07/2007,STP,MN,AGL,CE,Towers with Radar,0,39,80,3,122,0,5,67,24,96,0,44,147,27,218,88,35,123,341
02/08/2007,STP,MN,AGL,CE,Towers with Radar,0,38,123,5,166,0,5,117,40,162,0,43,240,45,328,110,108,218,546
02/09/2007,STP,MN,AGL,CE,Towers with Radar,0,40,103,3,146,0,4,82,7,93,0,44,185,10,239,130,32,162,401
02/10/2007,STP,MN,AGL,CE,Towers with Radar,0,9,53,1,63,0,1,68,21,90,0,10,121,22,153,94,0,94,247
02/11/2007,STP,MN,AGL,CE,Towers with Radar,0,21,52,2,75,0,7,21,4,32,0,28,73,6,107,18,0,18,125
02/12/2007,STP,MN,AGL,CE,Towers with Radar,0,26,84,2,112,0,5,62,5,72,0,31,146,7,184,94,14,108,292
02/13/2007,STP,MN,AGL,CE,Towers with Radar,0,45,99,5,149,0,9,86,25,120,0,54,185,30,269,181,48,229,498
02/14/2007,STP,MN,AGL,CE,Towers with Radar,0,39,63,2,104,0,9,83,13,105,0,48,146,15,209,104,10,114,323
02/15/2007,STP,MN,AGL,CE,Towers with Radar,0,35,119,0,154,0,5,70,9,84,0,40,189,9,238,120,4,124,362
02/16/2007,STP,MN,AGL,CE,Towers with Radar,0,21,137,2,160,0,7,118,2,127,0,28,255,4,287,214,0,214,501
02/17/2007,STP,MN,AGL,CE,Towers with Radar,0,14,56,0,70,0,1,83,0,84,0,15,139,0,154,100,0,100,254
02/18/2007,STP,MN,AGL,CE,Towers with Radar,0,9,36,0,45,0,2,27,0,29,0,11,63,0,74,70,0,70,144
02/19/2007,STP,MN,AGL,CE,Towers with Radar,0,17,80,0,97,0,0,70,0,70,0,17,150,0,167,152,0,152,319
02/20/2007,STP,MN,AGL,CE,Towers with Radar,0,47,98,6,151,0,2,95,36,133,0,49,193,42,284,150,54,204,488
02/21/2007,STP,MN,AGL,CE,Towers with Radar,0,46,95,2,143,0,13,80,35,128,0,59,175,37,271,96,54,150,421
02/22/2007,STP,MN,AGL,CE,Towers with Radar,0,44,137,4,185,0,8,159,21,188,0,52,296,25,373,220,0,220,593
02/23/2007,STP,MN,AGL,CE,Towers with Radar,0,24,121,1,146,0,1,124,20,145,0,25,245,21,291,122,16,138,429
02/24/2007,STP,MN,AGL,CE,Towers with Radar,0,5,29,0,34,0,0,0,0,0,0,5,29,0,34,0,0,0,34
02/25/2007,STP,MN,AGL,CE,Towers with Radar,0,15,28,0,43,0,0,0,0,0,0,15,28,0,43,0,0,0,43
02/26/2007,STP,MN,AGL,CE,Towers with Radar,0,35,71,0,106,0,0,40,6,46,0,35,111,6,152,82,0,82,234
02/27/2007,STP,MN,AGL,CE,Towers with Radar,0,44,81,2,127,0,10,65,26,101,0,54,146,28,228,126,50,176,404
02/28/2007,STP,MN,AGL,CE,Towers with Radar,0,41,162,0,203,0,2,150,12,164,0,43,312,12,367,178,6,184,551
03/01/2007,STP,MN,AGL,CE,Towers with Radar,0,8,14,0,22,0,0,0,0,0,0,8,14,0,22,0,0,0,22
03/02/2007,STP,MN,AGL,CE,Towers with Radar,0,27,65,1,93,0,5,1,3,9,0,32,66,4,102,0,4,4,106
03/03/2007,STP,MN,AGL,CE,Towers with Radar,0,12,22,1,35,0,3,60,2,65,0,15,82,3,100,18,0,18,118
03/04/2007,STP,MN,AGL,CE,Towers with Radar,0,12,43,1,56,0,3,57,0,60,0,15,100,1,116,64,0,64,180
03/05/2007,STP,MN,AGL,CE,Towers with Radar,0,17,86,3,106,0,10,98,3,111,0,27,184,6,217,150,0,150,367
03/06/2007,STP,MN,AGL,CE,Towers with Radar,0,21,62,0,83,0,2,39,14,55,0,23,101,14,138,32,24,56,194
03/07/2007,STP,MN,AGL,CE,Towers with Radar,0,32,170,1,203,0,5,146,15,166,0,37,316,16,369,200,0,200,569
03/08/2007,STP,MN,AGL,CE,Towers with Radar,0,34,168,2,204,0,6,106,19,131,0,40,274,21,335,202,46,248,583
03/09/2007,STP,MN,AGL,CE,Towers with Radar,0,23,92,5,120,0,5,108,16,129,0,28,200,21,249,90,20,110,359
03/10/2007,STP,MN,AGL,CE,Towers with Radar,0,22,73,0,95,0,4,124,2,130,0,26,197,2,225,146,0,146,371
03/11/2007,STP,MN,AGL,CE,Towers with Radar,0,16,56,0,72,0,3,73,1,77,0,19,129,1,149,88,0,88,237
03/12/2007,STP,MN,AGL,CE,Towers with Radar,0,29,69,3,101,0,3,50,20,73,0,32,119,23,174,60,4,64,238
03/13/2007,STP,MN,AGL,CE,Towers with Radar,0,25,99,9,133,0,6,81,20,107,0,31,180,29,240,80,16,96,336
03/14/2007,STP,MN,AGL,CE,Towers with Radar,0,39,161,3,203,0,5,153,39,197,0,44,314,42,400,232,36,268,668
03/15/2007,STP,MN,AGL,CE,Towers with Radar,0,31,185,9,225,0,5,171,9,185,0,36,356,18,410,186,12,198,608
03/16/2007,STP,MN,AGL,CE,Towers with Radar,0,27,135,3,165,0,9,132,12,153,0,36,267,15,318,172,34,206,524
03/17/2007,STP,MN,AGL,CE,Towers with Radar,0,15,24,3,42,0,8,140,12,160,0,23,164,15,202,100,34,134,336
03/18/2007,STP,MN,AGL,CE,Towers with Radar,0,11,43,2,56,0,0,37,1,38,0,11,80,3,94,54,0,54,148
03/19/2007,STP,MN,AGL,CE,Towers with Radar,0,41,75,0,116,0,17,88,0,105,0,58,163,0,221,36,0,36,257
03/20/2007,STP,MN,AGL,CE,Towers with Radar,0,34,89,3,126,0,11,71,22,104,0,45,160,25,230,24,6,30,260
03/21/2007,STP,MN,AGL,CE,Towers with Radar,0,38,90,4,132,0,0,0,0,0,0,38,90,4,132,0,0,0,132
03/22/2007,STP,MN,AGL,CE,Towers with Radar,0,46,175,9,230,0,21,160,38,219,0,67,335,47,449,264,46,310,759
03/23/2007,STP,MN,AGL,CE,Towers with Radar,0,35,90,3,128,0,7,116,12,135,0,42,206,15,263,172,8,180,443
03/24/2007,STP,MN,AGL,CE,Towers with Radar,0,8,49,0,57,0,2,72,0,74,0,10,121,0,131,60,0,60,191
03/25/2007,STP,MN,AGL,CE,Towers with Radar,0,5,46,0,51,0,2,24,1,27,0,7,70,1,78,28,0,28,106
03/26/2007,STP,MN,AGL,CE,Towers with Radar,0,28,89,3,120,0,7,124,11,142,0,35,213,14,262,202,0,202,464
03/27/2007,STP,MN,AGL,CE,Towers with Radar,0,34,82,5,121,0,11,90,7,108,0,45,172,12,229,98,10,108,337
03/28/2007,STP,MN,AGL,CE,Towers with Radar,0,26,92,3,121,0,2,8,7,17,0,28,100,10,138,28,0,28,166
03/29/2007,STP,MN,AGL,CE,Towers with Radar,0,34,137,3,174,0,12,120,20,152,0,46,257,23,326,200,32,232,558
03/30/2007,STP,MN,AGL,CE,Towers with Radar,0,18,78,0,96,0,0,0,0,0,0,18,78,0,96,0,0,0,96
03/31/2007,STP,MN,AGL,CE,Towers with Radar,0,20,32,0,52,0,0,0,0,0,0,20,32,0,52,12,0,12,64
04/01/2007,STP,MN,AGL,CE,Towers with Radar,0,7,39,0,46,0,0,1,0,1,0,7,40,0,47,0,0,0,47
04/02/2007,STP,MN,AGL,CE,Towers with Radar,0,22,78,4,104,0,7,32,0,39,0,29,110,4,143,28,0,28,171
04/03/2007,STP,MN,AGL,CE,Towers with Radar,0,35,82,0,117,0,0,0,0,0,0,35,82,0,117,0,0,0,117
04/04/2007,STP,MN,AGL,CE,Towers with Radar,0,38,103,7,148,0,7,28,31,66,0,45,131,38,214,14,8,22,236
04/05/2007,STP,MN,AGL,CE,Towers with Radar,0,38,151,0,189,0,6,167,12,185,0,44,318,12,374,144,0,144,518
04/06/2007,STP,MN,AGL,CE,Towers with Radar,0,37,134,9,180,0,0,0,0,0,0,37,134,9,180,6,12,18,198
04/07/2007,STP,MN,AGL,CE,Towers with Radar,0,9,36,0,45,0,3,43,0,46,0,12,79,0,91,72,0,72,163
04/08/2007,STP,MN,AGL,CE,Towers with Radar,0,7,36,0,43,0,1,26,0,27,0,8,62,0,70,8,0,8,78
04/09/2007,STP,MN,AGL,CE,Towers with Radar,0,17,132,2,151,0,7,91,6,104,0,24,223,8,255,94,30,124,379
04/10/2007,STP,MN,AGL,CE,Towers with Radar,0,28,92,4,124,0,2,43,3,48,0,30,135,7,172,50,10,60,232
04/11/2007,STP,MN,AGL,CE,Towers with Radar,0,34,59,5,98,0,0,0,0,0,0,34,59,5,98,0,0,0,98
04/12/2007,STP,MN,AGL,CE,Towers with Radar,0,48,152,1,201,0,5,138,28,171,0,53,290,29,372,228,44,272,644
04/13/2007,STP,MN,AGL,CE,Towers with Radar,0,29,89,3,121,0,7,88,4,99,0,36,177,7,220,50,48,98,318
04/14/2007,STP,MN,AGL,CE,Towers with Radar,0,27,93,5,125,0,12,112,6,130,0,39,205,11,255,142,24,166,421
04/15/2007,STP,MN,AGL,CE,Towers with Radar,0,17,77,9,103,0,3,85,2,90,0,20,162,11,193,94,0,94,287
04/16/2007,STP,MN,AGL,CE,Towers with Radar,0,21,68,2,91,0,5,52,0,57,0,26,120,2,148,14,0,14,162
04/17/2007,STP,MN,AGL,CE,Towers with Radar,0,28,90,3,121,0,4,61,9,74,0,32,151,12,195,16,8,24,219
04/18/2007,STP,MN,AGL,CE,Towers with Radar,0,57,178,9,244,0,13,174,55,242,0,70,352,64,486,216,100,316,802
04/19/2007,STP,MN,AGL,CE,Towers with Radar,0,56,161,8,225,0,17,188,11,216,0,73,349,19,441,244,8,252,693
04/20/2007,STP,MN,AGL,CE,Towers with Radar,0,22,154,4,180,0,13,147,6,166,0,35,301,10,346,204,0,204,550
04/21/2007,STP,MN,AGL,CE,Towers with Radar,0,10,37,3,50,0,10,46,0,56,0,20,83,3,106,84,0,84,190
04/22/2007,STP,MN,AGL,CE,Towers with Radar,0,6,44,0,50,0,1,29,0,30,0,7,73,0,80,0,0,0,80
04/23/2007,STP,MN,AGL,CE,Towers with Radar,0,9,75,1,85,0,0,69,3,72,0,9,144,4,157,102,8,110,267
04/24/2007,STP,MN,AGL,CE,Towers with Radar,0,27,87,15,129,0,12,82,0,94,0,39,169,15,223,72,0,72,295
04/25/2007,STP,MN,AGL,CE,Towers with Radar,0,34,165,3,202,0,5,158,17,180,0,39,323,20,382,170,40,210,592
04/26/2007,STP,MN,AGL,CE,Towers with Radar,0,35,167,2,204,0,19,166,17,202,0,54,333,19,406,270,18,288,694
04/27/2007,STP,MN,AGL,CE,Towers with Radar,0,23,84,2,109,0,5,78,0,83,0,28,162,2,192,12,0,12,204
04/28/2007,STP,MN,AGL,CE,Towers with Radar,0,9,61,0,70,0,7,103,0,110,0,16,164,0,180,128,0,128,308
04/29/2007,STP,MN,AGL,CE,Towers with Radar,0,9,55,0,64,0,4,66,0,70,0,13,121,0,134,34,0,34,168
04/30/2007,STP,MN,AGL,CE,Towers with Radar,0,27,81,2,110,0,20,67,0,87,0,47,148,2,197,72,0,72,269
05/01/2007,STP,MN,AGL,CE,Towers with Radar,0,38,156,6,200,0,26,141,15,182,0,64,297,21,382,176,8,184,566
05/02/2007,STP,MN,AGL,CE,Towers with Radar,0,51,159,1,211,0,18,117,33,168,0,69,276,34,379,134,44,178,557
05/03/2007,STP,MN,AGL,CE,Towers with Radar,0,37,132,7,176,0,10,120,15,145,0,47,252,22,321,130,40,170,491
05/04/2007,STP,MN,AGL,CE,Towers with Radar,0,26,135,5,166,0,8,167,8,183,0,34,302,13,349,160,4,164,513
05/05/2007,STP,MN,AGL,CE,Towers with Radar,0,21,35,0,56,0,4,34,14,52,0,25,69,14,108,66,0,66,174
05/06/2007,STP,MN,AGL,CE,Towers with Radar,0,14,37,0,51,0,0,1,0,1,0,14,38,0,52,0,0,0,52
05/07/2007,STP,MN,AGL,CE,Towers with Radar,0,20,88,0,108,0,1,31,3,35,0,21,119,3,143,78,0,78,221
05/08/2007,STP,MN,AGL,CE,Towers with Radar,0,44,141,0,185,0,5,153,13,171,0,49,294,13,356,126,0,126,482
05/09/2007,STP,MN,AGL,CE,Towers with Radar,0,26,136,7,169,0,12,100,7,119,0,38,236,14,288,116,18,134,422
05/10/2007,STP,MN,AGL,CE,Towers with Radar,0,50,170,6,226,0,26,126,21,173,0,76,296,27,399,216,12,228,627
05/11/2007,STP,MN,AGL,CE,Towers with Radar,0,52,146,4,202,0,7,153,12,172,0,59,299,16,374,194,0,194,568
05/12/2007,STP,MN,AGL,CE,Towers with Radar,0,26,116,0,142,0,14,139,0,153,0,40,255,0,295,158,0,158,453
05/13/2007,STP,MN,AGL,CE,Towers with Radar,0,12,26,0,38,0,2,18,0,20,0,14,44,0,58,0,0,0,58
05/14/2007,STP,MN,AGL,CE,Towers with Radar,0,28,80,2,110,0,2,54,2,58,0,30,134,4,168,0,0,0,168
05/15/2007,STP,MN,AGL,CE,Towers with Radar,0,40,89,2,131,0,16,45,16,77,0,56,134,18,208,46,48,94,302
05/16/2007,STP,MN,AGL,CE,Towers with Radar,0,24,99,4,127,0,12,61,14,87,0,36,160,18,214,84,14,98,312
05/17/2007,STP,MN,AGL,CE,Towers with Radar,0,36,169,4,209,0,4,192,15,211,0,40,361,19,420,164,60,224,644
05/18/2007,STP,MN,AGL,CE,Towers with Radar,0,44,82,0,126,0,7,97,9,113,0,51,179,9,239,100,0,100,339
05/19/2007,STP,MN,AGL,CE,Towers with Radar,0,11,31,1,43,0,0,61,5,66,0,11,92,6,109,18,0,18,127
05/20/2007,STP,MN,AGL,CE,Towers with Radar,0,14,41,0,55,0,0,12,0,12,0,14,53,0,67,0,0,0,67
05/21/2007,STP,MN,AGL,CE,Towers with Radar,0,29,66,0,95,0,2,32,13,47,0,31,98,13,142,8,8,16,158
05/22/2007,STP,MN,AGL,CE,Towers with Radar,0,36,107,2,145,0,15,53,6,74,0,51,160,8,219,8,16,24,243
05/23/2007,STP,MN,AGL,CE,Towers with Radar,0,37,143,3,183,0,7,80,4,91,0,44,223,7,274,144,8,152,426
05/24/2007,STP,MN,AGL,CE,Towers with Radar,0,53,119,7,179,0,1,45,4,50,0,54,164,11,229,4,0,4,233
05/25/2007,STP,MN,AGL,CE,Towers with Radar,0,50,154,1,205,0,23,187,2,212,0,73,341,3,417,236,8,244,661
05/26/2007,STP,MN,AGL,CE,Towers with Radar,0,13,46,0,59,0,6,72,4,82,0,19,118,4,141,86,0,86,227
05/27/2007,STP,MN,AGL,CE,Towers with Radar,0,9,27,0,36,0,2,56,0,58,0,11,83,0,94,52,0,52,146
05/28/2007,STP,MN,AGL,CE,Towers with Radar,0,13,50,0,63,0,4,47,0,51,0,17,97,0,114,0,0,0,114
05/29/2007,STP,MN,AGL,CE,Towers with Radar,0,32,142,3,177,0,18,63,20,101,0,50,205,23,278,56,26,82,360
05/30/2007,STP,MN,AGL,CE,Towers with Radar,0,41,169,3,213,0,4,141,27,172,0,45,310,30,385,128,50,178,563
05/31/2007,STP,MN,AGL,CE,Towers with Radar,0,46,148,2,196,0,9,177,22,208,0,55,325,24,404,200,2,202,606
06/01/2007,STP,MN,AGL,CE,Towers with Radar,0,23,87,1,111,0,6,47,7,60,0,29,134,8,171,92,0,92,263
06/02/2007,STP,MN,AGL,CE,Towers with Radar,0,22,54,0,76,0,8,65,0,73,0,30,119,0,149,108,0,108,257
06/03/2007,STP,MN,AGL,CE,Towers with Radar,0,8,46,0,54,0,0,2,0,2,0,8,48,0,56,0,0,0,56
06/04/2007,STP,MN,AGL,CE,Towers with Radar,0,5,3,0,8,0,29,178,9,216,0,34,181,9,224,26,0,26,250
06/05/2007,STP,MN,AGL,CE,Towers with Radar,0,27,134,12,173,0,5,126,9,140,0,32,260,21,313,200,10,210,523
06/06/2007,STP,MN,AGL,CE,Towers with Radar,0,35,114,3,152,0,4,110,7,121,0,39,224,10,273,168,6,174,447
06/07/2007,STP,MN,AGL,CE,Towers with Radar,0,30,111,1,142,0,4,98,4,106,0,34,209,5,248,68,18,86,334
06/08/2007,STP,MN,AGL,CE,Towers with Radar,0,35,104,3,142,0,5,77,11,93,0,40,181,14,235,78,0,78,313
06/09/2007,STP,MN,AGL,CE,Towers with Radar,0,13,66,1,80,0,9,81,1,91,0,22,147,2,171,76,0,76,247
06/10/2007,STP,MN,AGL,CE,Towers with Radar,0,12,60,2,74,0,2,78,5,85,0,14,138,7,159,50,0,50,209
06/11/2007,STP,MN,AGL,CE,Towers with Radar,0,25,85,2,112,0,6,65,3,74,0,31,150,5,186,56,42,98,284
06/12/2007,STP,MN,AGL,CE,Towers with Radar,0,30,113,1,144,0,6,92,2,100,0,36,205,3,244,170,0,170,414
06/13/2007,STP,MN,AGL,CE,Towers with Radar,0,23,187,6,216,0,5,171,3,179,0,28,358,9,395,194,0,194,589
06/14/2007,STP,MN,AGL,CE,Towers with Radar,0,21,170,2,193,0,4,150,5,159,0,25,320,7,352,154,4,158,510
06/15/2007,STP,MN,AGL,CE,Towers with Radar,0,27,121,3,151,0,6,148,5,159,0,33,269,8,310,136,0,136,446
06/16/2007,STP,MN,AGL,CE,Towers with Radar,0,12,67,1,80,0,0,63,0,63,0,12,130,1,143,72,0,72,215
06/17/2007,STP,MN,AGL,CE,Towers with Radar,0,8,54,0,62,0,3,30,0,33,0,11,84,0,95,0,0,0,95
06/18/2007,STP,MN,AGL,CE,Towers with Radar,0,31,68,3,102,0,2,26,0,28,0,33,94,3,130,12,0,12,142
06/19/2007,STP,MN,AGL,CE,Towers with Radar,0,39,74,1,114,0,12,80,12,104,0,51,154,13,218,18,26,44,262
06/20/2007,STP,MN,AGL,CE,Towers with Radar,0,36,89,1,126,0,11,62,6,79,0,47,151,7,205,10,4,14,219
06/21/2007,STP,MN,AGL,CE,Towers with Radar,0,36,148,12,196,0,39,123,7,169,0,75,271,19,365,126,36,162,527
06/22/2007,STP,MN,AGL,CE,Towers with Radar,0,24,140,2,166,0,14,124,6,144,0,38,264,8,310,178,2,180,490
06/23/2007,STP,MN,AGL,CE,Towers with Radar,0,15,60,3,78,0,3,81,1,85,0,18,141,4,163,100,0,100,263
06/24/2007,STP,MN,AGL,CE,Towers with Radar,0,20,55,0,75,0,6,48,0,54,0,26,103,0,129,0,0,0,129
06/25/2007,STP,MN,AGL,CE,Towers with Radar,0,17,107,0,124,0,6,50,2,58,0,23,157,2,182,36,8,44,226
06/26/2007,STP,MN,AGL,CE,Towers with Radar,0,21,98,1,120,0,4,51,15,70,0,25,149,16,190,44,4,48,238
06/27/2007,STP,MN,AGL,CE,Towers with Radar,0,48,105,0,153,0,11,112,9,132,0,59,217,9,285,188,0,188,473
06/28/2007,STP,MN,AGL,CE,Towers with Radar,0,29,169,2,200,0,6,99,12,117,0,35,268,14,317,176,30,206,523
06/29/2007,STP,MN,AGL,CE,Towers with Radar,0,41,144,6,191,0,12,157,4,173,0,53,301,10,364,232,8,240,604
06/30/2007,STP,MN,AGL,CE,Towers with Radar,0,18,144,0,162,0,0,140,0,140,0,18,284,0,302,210,2,212,514
07/01/2007,STP,MN,AGL,CE,Towers with Radar,0,10,49,0,59,0,7,68,0,75,0,17,117,0,134,92,0,92,226
07/02/2007,STP,MN,AGL,CE,Towers with Radar,0,11,68,0,79,0,14,30,4,48,0,25,98,4,127,48,10,58,185
07/03/2007,STP,MN,AGL,CE,Towers with Radar,0,26,67,4,97,0,3,58,6,67,0,29,125,10,164,138,8,146,310
07/04/2007,STP,MN,AGL,CE,Towers with Radar,0,9,42,0,51,0,9,58,0,67,0,18,100,0,118,78,0,78,196
07/05/2007,STP,MN,AGL,CE,Towers with Radar,0,18,67,6,91,0,4,114,27,145,0,22,181,33,236,140,22,162,398
07/06/2007,STP,MN,AGL,CE,Towers with Radar,0,21,124,4,149,0,8,142,3,153,0,29,266,7,302,176,0,176,478
07/07/2007,STP,MN,AGL,CE,Towers with Radar,0,9,95,2,106,0,0,126,2,128,0,9,221,4,234,134,0,134,368
07/08/2007,STP,MN,AGL,CE,Towers with Radar,0,19,50,0,69,0,0,50,0,50,0,19,100,0,119,28,0,28,147
07/09/2007,STP,MN,AGL,CE,Towers with Radar,0,29,80,2,111,0,3,90,0,93,0,32,170,2,204,132,0,132,336
07/10/2007,STP,MN,AGL,CE,Towers with Radar,0,53,121,2,176,0,11,167,12,190,0,64,288,14,366,242,8,250,616
07/11/2007,STP,MN,AGL,CE,Towers with Radar,0,42,163,1,206,0,7,168,15,190,0,49,331,16,396,214,24,238,634
07/12/2007,STP,MN,AGL,CE,Towers with Radar,0,22,170,2,194,0,7,161,7,175,0,29,331,9,369,194,8,202,571
07/13/2007,STP,MN,AGL,CE,Towers with Radar,0,35,99,4,138,0,12,100,19,131,0,47,199,23,269,154,12,166,435
07/14/2007,STP,MN,AGL,CE,Towers with Radar,0,14,36,3,53,0,8,87,2,97,0,22,123,5,150,92,0,92,242
07/15/2007,STP,MN,AGL,CE,Towers with Radar,0,15,55,1,71,0,4,79,4,87,0,19,134,5,158,52,0,52,210
07/16/2007,STP,MN,AGL,CE,Towers with Radar,0,44,137,1,182,0,9,176,10,195,0,53,313,11,377,250,10,260,637
07/17/2007,STP,MN,AGL,CE,Towers with Radar,0,40,109,3,152,0,8,83,17,108,0,48,192,20,260,34,8,42,302
07/18/2007,STP,MN,AGL,CE,Towers with Radar,0,30,113,1,144,0,4,56,6,66,0,34,169,7,210,40,14,54,264
07/19/2007,STP,MN,AGL,CE,Towers with Radar,0,39,106,3,148,0,18,113,10,141,0,57,219,13,289,94,8,102,391
07/20/2007,STP,MN,AGL,CE,Towers with Radar,0,37,123,1,161,0,12,64,6,82,0,49,187,7,243,58,4,62,305
07/21/2007,STP,MN,AGL,CE,Towers with Radar,0,3,47,3,53,0,5,83,2,90,0,8,130,5,143,138,0,138,281
07/22/2007,STP,MN,AGL,CE,Towers with Radar,0,6,48,0,54,0,0,54,0,54,0,6,102,0,108,16,28,44,152
07/23/2007,STP,MN,AGL,CE,Towers with Radar,0,26,105,0,131,0,7,65,6,78,0,33,170,6,209,38,28,66,275
07/24/2007,STP,MN,AGL,CE,Towers with Radar,0,22,90,4,116,0,5,83,18,106,0,27,173,22,222,84,16,100,322
07/25/2007,STP,MN,AGL,CE,Towers with Radar,0,47,109,2,158,0,2,81,25,108,0,49,190,27,266,58,38,96,362
07/26/2007,STP,MN,AGL,CE,Towers with Radar,0,21,124,3,148,0,4,74,13,91,0,25,198,16,239,54,10,64,303
07/27/2007,STP,MN,AGL,CE,Towers with Radar,0,15,139,2,156,0,15,93,1,109,0,30,232,3,265,118,16,134,399
07/28/2007,STP,MN,AGL,CE,Towers with Radar,0,12,42,0,54,0,7,73,0,80,0,19,115,0,134,128,0,128,262
07/29/2007,STP,MN,AGL,CE,Towers with Radar,0,15,52,1,68,0,5,83,0,88,0,20,135,1,156,100,0,100,256
07/30/2007,STP,MN,AGL,CE,Towers with Radar,0,32,73,1,106,0,9,70,9,88,0,41,143,10,194,120,24,144,338
07/31/2007,STP,MN,AGL,CE,Towers with Radar,0,26,122,2,150,0,20,128,24,172,0,46,250,26,322,128,46,174,496
08/01/2007,STP,MN,AGL,CE,Towers with Radar,0,40,138,3,181,0,14,143,10,167,0,54,281,13,348,182,18,200,548
08/02/2007,STP,MN,AGL,CE,Towers with Radar,0,36,175,2,213,0,6,154,13,173,0,42,329,15,386,216,4,220,606
08/03/2007,STP,MN,AGL,CE,Towers with Radar,0,23,137,7,167,0,19,159,9,187,0,42,296,16,354,154,10,164,518
08/04/2007,STP,MN,AGL,CE,Towers with Radar,0,15,50,0,65,0,5,38,0,43,0,20,88,0,108,0,0,0,108
08/05/2007,STP,MN,AGL,CE,Towers with Radar,0,24,72,3,99,0,3,27,6,36,0,27,99,9,135,44,0,44,179
08/06/2007,STP,MN,AGL,CE,Towers with Radar,0,26,88,4,118,0,11,32,1,44,0,37,120,5,162,62,0,62,224
08/07/2007,STP,MN,AGL,CE,Towers with Radar,0,38,128,2,168,0,3,92,11,106,0,41,220,13,274,126,0,126,400
08/08/2007,STP,MN,AGL,CE,Towers with Radar,0,35,168,0,203,0,7,195,3,205,0,42,363,3,408,250,0,250,658
08/09/2007,STP,MN,AGL,CE,Towers with Radar,0,35,181,4,220,0,2,164,2,168,0,37,345,6,388,158,4,162,550
08/10/2007,STP,MN,AGL,CE,Towers with Radar,0,28,82,2,112,0,9,80,6,95,0,37,162,8,207,48,0,48,255
08/11/2007,STP,MN,AGL,CE,Towers with Radar,0,17,48,1,66,0,0,66,2,68,0,17,114,3,134,68,0,68,202
08/12/2007,STP,MN,AGL,CE,Towers with Radar,0,7,63,2,72,0,0,44,1,45,0,7,107,3,117,14,0,14,131
08/13/2007,STP,MN,AGL,CE,Towers with Radar,0,25,93,1,119,0,4,72,6,82,0,29,165,7,201,90,0,90,291
08/14/2007,STP,MN,AGL,CE,Towers with Radar,0,7,93,10,110,0,38,122,1,161,0,45,215,11,271,168,4,172,443
08/15/2007,STP,MN,AGL,CE,Towers with Radar,0,35,183,3,221,0,27,173,1,201,0,62,356,4,422,172,10,182,604
08/16/2007,STP,MN,AGL,CE,Towers with Radar,0,24,172,4,200,0,10,169,17,196,0,34,341,21,396,210,46,256,652
08/17/2007,STP,MN,AGL,CE,Towers with Radar,0,33,157,4,194,0,17,180,6,203,0,50,337,10,397,256,0,256,653
08/18/2007,STP,MN,AGL,CE,Towers with Radar,0,14,42,3,59,0,0,26,0,26,0,14,68,3,85,22,0,22,107
08/19/2007,STP,MN,AGL,CE,Towers with Radar,0,9,61,3,73,0,0,0,0,0,0,9,61,3,73,0,0,0,73
08/20/2007,STP,MN,AGL,CE,Towers with Radar,0,37,95,6,138,0,1,0,1,2,0,38,95,7,140,0,0,0,140
08/21/2007,STP,MN,AGL,CE,Towers with Radar,0,49,111,2,162,0,8,11,6,25,0,57,122,8,187,2,4,6,193
08/22/2007,STP,MN,AGL,CE,Towers with Radar,0,46,141,2,189,0,20,34,2,56,0,66,175,4,245,102,0,102,347
08/23/2007,STP,MN,AGL,CE,Towers with Radar,0,40,101,2,143,0,1,11,0,12,0,41,112,2,155,12,0,12,167
08/24/2007,STP,MN,AGL,CE,Towers with Radar,0,31,108,0,139,0,12,108,6,126,0,43,216,6,265,32,4,36,301
08/25/2007,STP,MN,AGL,CE,Towers with Radar,0,13,56,5,74,0,7,104,4,115,0,20,160,9,189,162,0,162,351
08/26/2007,STP,MN,AGL,CE,Towers with Radar,0,13,56,0,69,0,1,56,0,57,0,14,112,0,126,44,0,44,170
08/27/2007,STP,MN,AGL,CE,Towers with Radar,0,33,106,0,139,0,11,71,8,90,0,44,177,8,229,120,14,134,363
08/28/2007,STP,MN,AGL,CE,Towers with Radar,0,36,109,4,149,0,0,25,11,36,0,36,134,15,185,6,4,10,195
08/29/2007,STP,MN,AGL,CE,Towers with Radar,0,26,101,3,130,0,25,67,8,100,0,51,168,11,230,14,12,26,256
08/30/2007,STP,MN,AGL,CE,Towers with Radar,0,21,163,4,188,0,19,110,16,145,0,40,273,20,333,196,50,246,579
08/31/2007,STP,MN,AGL,CE,Towers with Radar,0,30,142,0,172,0,13,139,0,152,0,43,281,0,324,168,0,168,492
09/01/2007,STP,MN,AGL,CE,Towers with Radar,0,5,33,0,38,0,0,53,0,53,0,5,86,0,91,50,0,50,141
09/02/2007,STP,MN,AGL,CE,Towers with Radar,0,6,44,0,50,0,4,52,0,56,0,10,96,0,106,16,0,16,122
09/03/2007,STP,MN,AGL,CE,Towers with Radar,0,10,51,0,61,0,4,55,0,59,0,14,106,0,120,60,0,60,180
09/04/2007,STP,MN,AGL,CE,Towers with Radar,0,26,76,2,104,0,7,72,7,86,0,33,148,9,190,72,16,88,278
09/05/2007,STP,MN,AGL,CE,Towers with Radar,0,44,150,0,194,0,12,123,11,146,0,56,273,11,340,124,0,124,464
09/06/2007,STP,MN,AGL,CE,Towers with Radar,0,30,138,5,173,0,8,115,11,134,0,38,253,16,307,136,0,136,443
09/07/2007,STP,MN,AGL,CE,Towers with Radar,0,45,136,1,182,0,8,116,5,129,0,53,252,6,311,136,10,146,457
09/08/2007,STP,MN,AGL,CE,Towers with Radar,0,19,69,0,88,0,15,102,7,124,0,34,171,7,212,138,0,138,350
09/09/2007,STP,MN,AGL,CE,Towers with Radar,0,17,60,0,77,0,2,54,0,56,0,19,114,0,133,68,0,68,201
09/10/2007,STP,MN,AGL,CE,Towers with Radar,0,36,109,4,149,0,2,80,3,85,0,38,189,7,234,124,10,134,368
09/11/2007,STP,MN,AGL,CE,Towers with Radar,0,34,135,2,171,0,2,99,16,117,0,36,234,18,288,18,12,30,318
09/12/2007,STP,MN,AGL,CE,Towers with Radar,0,26,168,4,198,0,14,161,12,187,0,40,329,16,385,214,0,214,599
09/13/2007,STP,MN,AGL,CE,Towers with Radar,0,25,93,3,121,0,0,48,8,56,0,25,141,11,177,16,0,16,193
09/14/2007,STP,MN,AGL,CE,Towers with Radar,0,38,168,0,206,0,10,174,4,188,0,48,342,4,394,178,0,178,572
09/15/2007,STP,MN,AGL,CE,Towers with Radar,0,13,263,0,276,0,0,0,0,0,0,13,263,0,276,134,0,134,410
09/16/2007,STP,MN,AGL,CE,Towers with Radar,0,14,39,8,61,0,3,37,0,40,0,17,76,8,101,22,0,22,123
09/17/2007,STP,MN,AGL,CE,Towers with Radar,0,27,76,2,105,0,15,28,2,45,0,42,104,4,150,12,0,12,162
09/18/2007,STP,MN,AGL,CE,Towers with Radar,0,48,149,1,198,0,0,0,3,3,0,48,149,4,201,0,8,8,209
09/19/2007,STP,MN,AGL,CE,Towers with Radar,0,48,164,11,223,0,8,180,22,210,0,56,344,33,433,218,36,254,687
09/20/2007,STP,MN,AGL,CE,Towers with Radar,0,42,145,5,192,0,13,122,30,165,0,55,267,35,357,190,20,210,567
09/21/2007,STP,MN,AGL,CE,Towers with Radar,0,22,103,0,125,0,7,81,0,88,0,29,184,0,213,30,0,30,243
09/22/2007,STP,MN,AGL,CE,Towers with Radar,0,6,114,0,120,0,1,129,0,130,0,7,243,0,250,104,0,104,354
09/23/2007,STP,MN,AGL,CE,Towers with Radar,0,17,76,0,93,0,3,49,4,56,0,20,125,4,149,74,0,74,223
09/24/2007,STP,MN,AGL,CE,Towers with Radar,0,24,68,0,92,0,2,30,2,34,0,26,98,2,126,30,0,30,156
09/25/2007,STP,MN,AGL,CE,Towers with Radar,0,31,118,2,151,0,6,106,15,127,0,37,224,17,278,72,30,102,380
09/26/2007,STP,MN,AGL,CE,Towers with Radar,0,34,199,6,239,0,7,187,19,213,0,41,386,25,452,204,44,248,700
09/27/2007,STP,MN,AGL,CE,Towers with Radar,0,36,191,7,234,0,22,177,15,214,0,58,368,22,448,224,50,274,722
09/28/2007,STP,MN,AGL,CE,Towers with Radar,0,32,142,1,175,0,10,148,4,162,0,42,290,5,337,156,0,156,493
09/29/2007,STP,MN,AGL,CE,Towers with Radar,0,7,46,0,53,0,9,31,0,40,0,16,77,0,93,30,0,30,123
09/30/2007,STP,MN,AGL,CE,Towers with Radar,0,16,69,0,85,0,0,12,0,12,0,16,81,0,97,22,0,22,119
10/01/2007,STP,MN,AGL,CE,Towers with Radar,0,27,77,0,104,0,3,29,0,32,0,30,106,0,136,34,0,34,170
10/02/2007,STP,MN,AGL,CE,Towers with Radar,0,34,112,0,146,0,3,12,2,17,0,37,124,2,163,6,10,16,179
10/03/2007,STP,MN,AGL,CE,Towers with Radar,0,31,176,0,207,0,6,172,13,191,0,37,348,13,398,226,44,270,668
10/04/2007,STP,MN,AGL,CE,Towers with Radar,0,39,178,1,218,0,8,177,19,204,0,47,355,20,422,244,8,252,674
10/05/2007,STP,MN,AGL,CE,Towers with Radar,0,39,90,1,130,0,6,54,9,69,0,45,144,10,199,136,4,140,339
10/06/2007,STP,MN,AGL,CE,Towers with Radar,0,9,43,0,52,0,0,50,0,50,0,9,93,0,102,124,0,124,226
10/07/2007,STP,MN,AGL,CE,Towers with Radar,0,16,40,0,56,0,1,31,0,32,0,17,71,0,88,56,0,56,144
10/08/2007,STP,MN,AGL,CE,Towers with Radar,0,40,93,0,133,0,1,9,0,10,0,41,102,0,143,12,0,12,155
10/09/2007,STP,MN,AGL,CE,Towers with Radar,0,20,113,4,137,0,10,38,19,67,0,30,151,23,204,28,0,28,232
10/10/2007,STP,MN,AGL,CE,Towers with Radar,0,23,109,6,138,0,2,55,18,75,0,25,164,24,213,74,30,104,317
10/11/2007,STP,MN,AGL,CE,Towers with Radar,0,32,178,2,212,0,6,152,22,180,0,38,330,24,392,246,22,268,660
10/12/2007,STP,MN,AGL,CE,Towers with Radar,0,30,176,6,212,0,0,144,2,146,0,30,320,8,358,210,0,210,568
10/13/2007,STP,MN,AGL,CE,Towers with Radar,0,13,66,3,82,0,3,88,6,97,0,16,154,9,179,132,8,140,319
10/14/2007,STP,MN,AGL,CE,Towers with Radar,0,24,57,2,83,0,1,19,0,20,0,25,76,2,103,4,0,4,107
10/15/2007,STP,MN,AGL,CE,Towers with Radar,0,23,113,0,136,0,1,0,0,1,0,24,113,0,137,0,0,0,137
10/16/2007,STP,MN,AGL,CE,Towers with Radar,0,16,41,2,59,0,33,84,4,121,0,49,125,6,180,0,0,0,180
10/17/2007,STP,MN,AGL,CE,Towers with Radar,0,49,182,3,234,0,2,171,16,189,0,51,353,19,423,216,42,258,681
10/18/2007,STP,MN,AGL,CE,Towers with Radar,0,35,168,5,208,0,0,133,6,139,0,35,301,11,347,200,12,212,559
10/19/2007,STP,MN,AGL,CE,Towers with Radar,0,26,149,7,182,0,5,68,21,94,0,31,217,28,276,72,16,88,364
10/20/2007,STP,MN,AGL,CE,Towers with Radar,0,38,147,4,189,0,33,162,1,196,0,71,309,5,385,218,0,218,603
10/21/2007,STP,MN,AGL,CE,Towers with Radar,0,13,74,2,89,0,2,24,0,26,0,15,98,2,115,46,0,46,161
10/22/2007,STP,MN,AGL,CE,Towers with Radar,0,22,133,1,156,0,6,75,12,93,0,28,208,13,249,112,4,116,365
10/23/2007,STP,MN,AGL,CE,Towers with Radar,0,32,112,2,146,0,1,64,23,88,0,33,176,25,234,30,18,48,282
10/24/2007,STP,MN,AGL,CE,Towers with Radar,0,58,174,4,236,0,14,159,16,189,0,72,333,20,425,240,24,264,689
10/25/2007,STP,MN,AGL,CE,Towers with Radar,0,47,118,6,171,0,16,138,17,171,0,63,256,23,342,210,2,212,554
10/26/2007,STP,MN,AGL,CE,Towers with Radar,0,38,158,4,200,0,12,160,11,183,0,50,318,15,383,202,4,206,589
10/27/2007,STP,MN,AGL,CE,Towers with Radar,0,13,68,0,81,0,3,79,9,91,0,16,147,9,172,142,0,142,314
10/28/2007,STP,MN,AGL,CE,Towers with Radar,0,26,77,0,103,0,6,48,0,54,0,32,125,0,157,42,0,42,199
10/29/2007,STP,MN,AGL,CE,Towers with Radar,0,34,82,1,117,0,14,62,3,79,0,48,144,4,196,122,0,122,318
10/30/2007,STP,MN,AGL,CE,Towers with Radar,0,38,102,3,143,0,8,75,19,102,0,46,177,22,245,74,0,74,319
10/31/2007,STP,MN,AGL,CE,Towers with Radar,0,25,163,3,191,0,7,139,11,157,0,32,302,14,348,184,4,188,536
11/01/2007,STP,MN,AGL,CE,Towers with Radar,0,29,145,4,178,0,8,147,17,172,0,37,292,21,350,164,8,172,522
11/02/2007,STP,MN,AGL,CE,Towers with Radar,0,33,152,3,188,0,9,115,8,132,0,42,267,11,320,200,12,212,532
11/03/2007,STP,MN,AGL,CE,Towers with Radar,0,22,63,3,88,0,0,81,4,85,0,22,144,7,173,164,0,164,337
11/04/2007,STP,MN,AGL,CE,Towers with Radar,0,18,74,1,93,0,0,51,0,51,0,18,125,1,144,56,0,56,200
11/05/2007,STP,MN,AGL,CE,Towers with Radar,0,33,101,2,136,0,7,18,3,28,0,40,119,5,164,6,10,16,180
11/06/2007,STP,MN,AGL,CE,Towers with Radar,0,39,104,2,145,0,17,71,17,105,0,56,175,19,250,120,20,140,390
11/07/2007,STP,MN,AGL,CE,Towers with Radar,0,43,162,6,211,0,10,129,11,150,0,53,291,17,361,164,4,168,529
11/08/2007,STP,MN,AGL,CE,Towers with Radar,0,37,156,1,194,0,2,144,17,163,0,39,300,18,357,190,10,200,557
11/09/2007,STP,MN,AGL,CE,Towers with Radar,0,27,177,1,205,0,1,173,0,174,0,28,350,1,379,238,0,238,617
11/10/2007,STP,MN,AGL,CE,Towers with Radar,0,12,73,0,85,0,1,63,0,64,0,13,136,0,149,52,0,52,201
11/11/2007,STP,MN,AGL,CE,Towers with Radar,0,23,50,0,73,0,1,25,1,27,0,24,75,1,100,62,0,62,162
11/12/2007,STP,MN,AGL,CE,Towers with Radar,0,16,87,0,103,0,4,32,0,36,0,20,119,0,139,58,0,58,197
11/13/2007,STP,MN,AGL,CE,Towers with Radar,0,20,65,4,89,0,3,25,16,44,0,23,90,20,133,8,0,8,141
11/14/2007,STP,MN,AGL,CE,Towers with Radar,0,17,72,0,89,0,9,20,5,34,0,26,92,5,123,0,0,0,123
11/15/2007,STP,MN,AGL,CE,Towers with Radar,0,32,100,1,133,0,8,71,4,83,0,40,171,5,216,110,14,124,340
11/16/2007,STP,MN,AGL,CE,Towers with Radar,0,29,180,1,210,0,12,171,4,187,0,41,351,5,397,224,8,232,629
11/17/2007,STP,MN,AGL,CE,Towers with Radar,0,10,109,0,119,0,6,212,2,220,0,16,321,2,339,150,2,152,491
11/18/2007,STP,MN,AGL,CE,Towers with Radar,0,8,54,0,62,0,9,26,2,37,0,17,80,2,99,40,0,40,139
11/19/2007,STP,MN,AGL,CE,Towers with Radar,0,37,95,4,136,0,0,0,0,0,0,37,95,4,136,0,0,0,136
11/20/2007,STP,MN,AGL,CE,Towers with Radar,0,26,122,10,158,0,9,55,15,79,0,35,177,25,237,112,0,112,349
11/21/2007,STP,MN,AGL,CE,Towers with Radar,0,20,75,2,97,0,0,84,7,91,0,20,159,9,188,144,0,144,332
11/22/2007,STP,MN,AGL,CE,Towers with Radar,0,8,11,0,19,0,0,4,1,5,0,8,15,1,24,0,0,0,24
11/23/2007,STP,MN,AGL,CE,Towers with Radar,0,15,45,0,60,0,8,57,0,65,0,23,102,0,125,54,0,54,179
11/24/2007,STP,MN,AGL,CE,Towers with Radar,0,9,39,0,48,0,2,48,0,50,0,11,87,0,98,60,0,60,158
11/25/2007,STP,MN,AGL,CE,Towers with Radar,0,10,74,0,84,0,2,28,0,30,0,12,102,0,114,12,0,12,126
11/26/2007,STP,MN,AGL,CE,Towers with Radar,0,28,89,0,117,0,0,35,0,35,0,28,124,0,152,12,0,12,164
11/27/2007,STP,MN,AGL,CE,Towers with Radar,0,46,135,1,182,0,8,100,15,123,0,54,235,16,305,88,16,104,409
11/28/2007,STP,MN,AGL,CE,Towers with Radar,0,38,164,10,212,0,13,142,26,181,0,51,306,36,393,128,40,168,561
11/29/2007,STP,MN,AGL,CE,Towers with Radar,0,27,158,4,189,0,6,117,14,137,0,33,275,18,326,158,6,164,490
11/30/2007,STP,MN,AGL,CE,Towers with Radar,0,22,87,3,112,0,2,40,4,46,0,24,127,7,158,70,0,70,228
12/01/2007,STP,MN,AGL,CE,Towers with Radar,0,4,14,0,18,0,0,0,0,0,0,4,14,0,18,2,0,2,20
12/02/2007,STP,MN,AGL,CE,Towers with Radar,0,7,42,0,49,0,2,6,0,8,0,9,48,0,57,0,0,0,57
12/03/2007,STP,MN,AGL,CE,Towers with Radar,0,27,96,0,123,0,1,47,2,50,0,28,143,2,173,4,0,4,177
12/04/2007,STP,MN,AGL,CE,Towers with Radar,0,16,74,2,92,0,0,2,0,2,0,16,76,2,94,4,0,4,98
12/05/2007,STP,MN,AGL,CE,Towers with Radar,0,40,186,5,231,0,6,170,33,209,0,46,356,38,440,166,54,220,660
12/06/2007,STP,MN,AGL,CE,Towers with Radar,0,40,151,5,196,0,5,171,17,193,0,45,322,22,389,186,54,240,629
12/07/2007,STP,MN,AGL,CE,Towers with Radar,0,49,177,6,232,0,18,188,15,221,0,67,365,21,453,268,40,308,761
12/08/2007,STP,MN,AGL,CE,Towers with Radar,0,13,51,0,64,0,7,75,0,82,0,20,126,0,146,86,10,96,242
12/09/2007,STP,MN,AGL,CE,Towers with Radar,0,8,58,0,66,0,0,8,0,8,0,8,66,0,74,0,0,0,74
12/10/2007,STP,MN,AGL,CE,Towers with Radar,0,36,59,4,99,0,3,46,5,54,0,39,105,9,153,46,16,62,215
12/11/2007,STP,MN,AGL,CE,Towers with Radar,0,42,88,1,131,0,5,48,42,95,0,47,136,43,226,44,16,60,286
12/12/2007,STP,MN,AGL,CE,Towers with Radar,0,40,89,10,139,0,0,90,24,114,0,40,179,34,253,78,8,86,339
12/13/2007,STP,MN,AGL,CE,Towers with Radar,0,43,215,3,261,0,7,223,16,246,0,50,438,19,507,192,54,246,753
12/14/2007,STP,MN,AGL,CE,Towers with Radar,0,36,141,13,190,0,17,174,8,199,0,53,315,21,389,186,74,260,649
12/15/2007,STP,MN,AGL,CE,Towers with Radar,0,23,77,0,100,0,14,79,0,93,0,37,156,0,193,140,0,140,333
12/16/2007,STP,MN,AGL,CE,Towers with Radar,0,26,42,0,68,0,0,1,0,1,0,26,43,0,69,0,0,0,69
12/17/2007,STP,MN,AGL,CE,Towers with Radar,0,25,121,3,149,0,0,103,10,113,0,25,224,13,262,26,0,26,288
12/18/2007,STP,MN,AGL,CE,Towers with Radar,0,37,102,2,141,0,0,3,0,3,0,37,105,2,144,0,0,0,144
12/19/2007,STP,MN,AGL,CE,Towers with Radar,0,37,79,2,118,0,0,0,0,0,0,37,79,2,118,0,0,0,118
12/20/2007,STP,MN,AGL,CE,Towers with Radar,0,28,108,0,136,0,0,35,12,47,0,28,143,12,183,74,26,100,283
12/21/2007,STP,MN,AGL,CE,Towers with Radar,0,33,53,2,88,0,0,0,0,0,0,33,53,2,88,0,0,0,88
12/22/2007,STP,MN,AGL,CE,Towers with Radar,0,13,36,0,49,0,2,3,0,5,0,15,39,0,54,0,0,0,54
12/23/2007,STP,MN,AGL,CE,Towers with Radar,0,6,35,0,41,0,0,2,0,2,0,6,37,0,43,0,0,0,43
12/24/2007,STP,MN,AGL,CE,Towers with Radar,0,22,28,0,50,0,0,42,0,42,0,22,70,0,92,38,0,38,130
12/25/2007,STP,MN,AGL,CE,Towers with Radar,0,7,12,0,19,0,0,0,0,0,0,7,12,0,19,0,0,0,19
12/26/2007,STP,MN,AGL,CE,Towers with Radar,0,41,165,2,208,0,0,41,0,41,0,41,206,2,249,0,0,0,249
12/27/2007,STP,MN,AGL,CE,Towers with Radar,0,21,69,0,90,0,7,38,13,58,0,28,107,13,148,84,56,140,288
12/28/2007,STP,MN,AGL,CE,Towers with Radar,0,20,41,0,61,0,0,0,0,0,0,20,41,0,61,0,0,0,61
12/29/2007,STP,MN,AGL,CE,Towers with Radar,0,9,32,3,44,0,0,0,0,0,0,9,32,3,44,0,0,0,44
12/30/2007,STP,MN,AGL,CE,Towers with Radar,0,11,28,0,39,0,0,0,0,0,0,11,28,0,39,0,0,0,39
12/31/2007,STP,MN,AGL,CE,Towers with Radar,0,18,33,0,51,0,0,8,0,8,0,18,41,0,59,0,0,0,59
01/01/2008,STP,MN,AGL,CE,Towers with Radar,0,5,28,0,33,0,7,9,0,16,0,12,37,0,49,34,0,34,83
01/02/2008,STP,MN,AGL,CE,Towers with Radar,0,25,176,3,204,0,15,158,17,190,0,40,334,20,394,108,36,144,538
01/03/2008,STP,MN,AGL,CE,Towers with Radar,0,28,181,5,214,0,18,156,26,200,0,46,337,31,414,236,50,286,700
01/04/2008,STP,MN,AGL,CE,Towers with Radar,0,25,104,0,129,0,8,87,14,109,0,33,191,14,238,78,10,88,326
01/05/2008,STP,MN,AGL,CE,Towers with Radar,0,17,27,0,44,0,0,2,0,2,0,17,29,0,46,8,0,8,54
01/06/2008,STP,MN,AGL,CE,Towers with Radar,0,6,39,0,45,0,0,18,0,18,0,6,57,0,63,30,0,30,93
01/07/2008,STP,MN,AGL,CE,Towers with Radar,0,18,71,4,93,0,4,23,0,27,0,22,94,4,120,12,0,12,132
01/08/2008,STP,MN,AGL,CE,Towers with Radar,0,28,72,3,103,0,6,13,14,33,0,34,85,17,136,0,4,4,140
01/09/2008,STP,MN,AGL,CE,Towers with Radar,0,44,145,4,193,0,18,150,9,177,0,62,295,13,370,188,22,210,580
01/10/2008,STP,MN,AGL,CE,Towers with Radar,0,32,162,2,196,0,9,146,19,174,0,41,308,21,370,190,52,242,612
01/11/2008,STP,MN,AGL,CE,Towers with Radar,0,21,68,3,92,0,0,0,0,0,0,21,68,3,92,0,0,0,92
01/12/2008,STP,MN,AGL,CE,Towers with Radar,0,19,48,2,69,0,0,28,4,32,0,19,76,6,101,12,0,12,113
01/13/2008,STP,MN,AGL,CE,Towers with Radar,0,11,50,1,62,0,3,26,3,32,0,14,76,4,94,4,0,4,98
01/14/2008,STP,MN,AGL,CE,Towers with Radar,0,25,58,2,85,0,13,39,7,59,0,38,97,9,144,46,24,70,214
01/15/2008,STP,MN,AGL,CE,Towers with Radar,0,50,100,5,155,0,15,59,24,98,0,65,159,29,253,28,34,62,315
01/16/2008,STP,MN,AGL,CE,Towers with Radar,0,41,92,3,136,0,0,6,20,26,0,41,98,23,162,18,74,92,254
01/17/2008,STP,MN,AGL,CE,Towers with Radar,0,24,90,4,118,0,18,49,41,108,0,42,139,45,226,48,24,72,298
01/18/2008,STP,MN,AGL,CE,Towers with Radar,0,25,82,3,110,0,30,51,0,81,0,55,133,3,191,0,0,0,191
01/19/2008,STP,MN,AGL,CE,Towers with Radar,0,13,47,0,60,0,0,40,0,40,0,13,87,0,100,34,0,34,134
01/20/2008,STP,MN,AGL,CE,Towers with Radar,0,2,26,0,28,0,0,21,2,23,0,2,47,2,51,20,0,20,71
01/21/2008,STP,MN,AGL,CE,Towers with Radar,0,19,83,0,102,0,0,0,0,0,0,19,83,0,102,0,0,0,102
01/22/2008,STP,MN,AGL,CE,Towers with Radar,0,27,100,3,130,0,8,63,21,92,0,35,163,24,222,10,14,24,246
01/23/2008,STP,MN,AGL,CE,Towers with Radar,0,41,177,4,222,0,17,38,12,67,0,58,215,16,289,208,34,242,531
01/24/2008,STP,MN,AGL,CE,Towers with Radar,0,33,107,1,141,0,4,74,12,90,0,37,181,13,231,82,18,100,331
01/25/2008,STP,MN,AGL,CE,Towers with Radar,0,29,111,9,149,0,13,101,12,126,0,42,212,21,275,106,32,138,413
01/26/2008,STP,MN,AGL,CE,Towers with Radar,0,9,56,0,65,0,0,66,0,66,0,9,122,0,131,80,0,80,211
01/27/2008,STP,MN,AGL,CE,Towers with Radar,0,8,52,3,63,0,0,38,0,38,0,8,90,3,101,70,4,74,175
01/28/2008,STP,MN,AGL,CE,Towers with Radar,0,12,66,1,79,0,0,48,14,62,0,12,114,15,141,48,14,62,203
01/29/2008,STP,MN,AGL,CE,Towers with Radar,0,27,66,0,93,0,4,6,4,14,0,31,72,4,107,4,0,4,111
01/30/2008,STP,MN,AGL,CE,Towers with Radar,0,34,183,0,217,0,29,158,10,197,0,63,341,10,414,212,22,234,648
01/31/2008,STP,MN,AGL,CE,Towers with Radar,0,26,133,5,164,0,8,136,23,167,0,34,269,28,331,148,66,214,545
02/01/2008,STP,MN,AGL,CE,Towers with Radar,0,45,92,1,138,0,28,104,20,152,0,73,196,21,290,94,28,122,412
02/02/2008,STP,MN,AGL,CE,Towers with Radar,0,19,34,2,55,0,0,12,4,16,0,19,46,6,71,38,0,38,109
02/03/2008,STP,MN,AGL,CE,Towers with Radar,0,17,89,2,108,0,3,121,0,124,0,20,210,2,232,108,0,108,340
02/04/2008,STP,MN,AGL,CE,Towers with Radar,0,21,76,2,99,0,2,3,0,5,0,23,79,2,104,24,0,24,128
02/05/2008,STP,MN,AGL,CE,Towers with Radar,0,44,91,0,135,0,6,18,13,37,0,50,109,13,172,14,8,22,194
02/06/2008,STP,MN,AGL,CE,Towers with Radar,0,35,75,5,115,0,7,51,17,75,0,42,126,22,190,44,0,44,234
02/07/2008,STP,MN,AGL,CE,Towers with Radar,0,37,90,6,133,0,12,17,19,48,0,49,107,25,181,76,28,104,285
02/08/2008,STP,MN,AGL,CE,Towers with Radar,0,33,57,2,92,0,0,32,11,43,0,33,89,13,135,28,4,32,167
02/09/2008,STP,MN,AGL,CE,Towers with Radar,0,13,25,2,40,0,0,0,0,0,0,13,25,2,40,8,0,8,48
02/10/2008,STP,MN,AGL,CE,Towers with Radar,0,16,35,1,52,0,1,10,0,11,0,17,45,1,63,14,0,14,77
02/11/2008,STP,MN,AGL,CE,Towers with Radar,0,24,50,2,76,0,7,47,20,74,0,31,97,22,150,98,68,166,316
02/12/2008,STP,MN,AGL,CE,Towers with Radar,0,38,81,2,121,0,7,70,20,97,0,45,151,22,218,68,26,94,312
02/13/2008,STP,MN,AGL,CE,Towers with Radar,0,21,89,6,116,0,4,36,25,65,0,25,125,31,181,28,122,150,331
02/14/2008,STP,MN,AGL,CE,Towers with Radar,0,42,161,3,206,0,4,124,29,157,0,46,285,32,363,150,98,248,611
02/15/2008,STP,MN,AGL,CE,Towers with Radar,0,23,118,0,141,0,7,48,18,73,0,30,166,18,214,28,40,68,282
02/16/2008,STP,MN,AGL,CE,Towers with Radar,0,6,34,0,40,0,2,72,0,74,0,8,106,0,114,74,0,74,188
02/17/2008,STP,MN,AGL,CE,Towers with Radar,0,7,29,0,36,0,6,2,0,8,0,13,31,0,44,0,0,0,44
02/18/2008,STP,MN,AGL,CE,Towers with Radar,0,11,90,0,101,0,0,1,0,1,0,11,91,0,102,0,0,0,102
02/19/2008,STP,MN,AGL,CE,Towers with Radar,0,41,83,5,129,0,2,18,11,31,0,43,101,16,160,14,50,64,224
02/20/2008,STP,MN,AGL,CE,Towers with Radar,0,41,80,2,123,0,24,78,7,109,0,65,158,9,232,106,18,124,356
02/21/2008,STP,MN,AGL,CE,Towers with Radar,0,51,136,5,192,0,4,55,20,79,0,55,191,25,271,50,12,62,333
02/22/2008,STP,MN,AGL,CE,Towers with Radar,0,27,72,0,99,0,9,99,19,127,0,36,171,19,226,160,18,178,404
02/23/2008,STP,MN,AGL,CE,Towers with Radar,0,21,55,0,76,0,19,85,0,104,0,40,140,0,180,140,0,140,320
02/24/2008,STP,MN,AGL,CE,Towers with Radar,0,22,34,0,56,0,1,35,0,36,0,23,69,0,92,74,0,74,166
02/25/2008,STP,MN,AGL,CE,Towers with Radar,0,19,85,2,106,0,4,8,0,12,0,23,93,2,118,0,0,0,118
02/26/2008,STP,MN,AGL,CE,Towers with Radar,0,26,80,3,109,0,3,46,20,69,0,29,126,23,178,44,0,44,222
02/27/2008,STP,MN,AGL,CE,Towers with Radar,0,35,75,22,132,0,22,100,2,124,0,57,175,24,256,176,22,198,454
02/28/2008,STP,MN,AGL,CE,Towers with Radar,0,36,101,2,139,0,19,51,7,77,0,55,152,9,216,72,0,72,288
02/29/2008,STP,MN,AGL,CE,Towers with Radar,0,35,84,0,119,0,6,44,2,52,0,41,128,2,171,18,0,18,189
03/01/2008,STP,MN,AGL,CE,Towers with Radar,0,11,58,3,72,0,6,63,0,69,0,17,121,3,141,142,0,142,283
03/02/2008,STP,MN,AGL,CE,Towers with Radar,0,1,33,0,34,0,2,5,0,7,0,3,38,0,41,0,0,0,41
03/03/2008,STP,MN,AGL,CE,Towers with Radar,0,20,74,2,96,0,12,54,0,66,0,32,128,2,162,84,0,84,246
03/04/2008,STP,MN,AGL,CE,Towers with Radar,0,27,72,0,99,0,13,55,16,84,0,40,127,16,183,110,12,122,305
03/05/2008,STP,MN,AGL,CE,Towers with Radar,0,28,88,3,119,0,7,44,4,55,0,35,132,7,174,30,24,54,228
03/06/2008,STP,MN,AGL,CE,Towers with Radar,0,22,88,2,112,0,17,71,12,100,0,39,159,14,212,44,30,74,286
03/07/2008,STP,MN,AGL,CE,Towers with Radar,0,34,71,6,111,0,7,87,17,111,0,41,158,23,222,134,0,134,356
03/08/2008,STP,MN,AGL,CE,Towers with Radar,0,8,27,0,35,0,0,37,19,56,0,8,64,19,91,68,0,68,159
03/09/2008,STP,MN,AGL,CE,Towers with Radar,0,9,51,1,61,0,1,31,13,45,0,10,82,14,106,4,8,12,118
03/10/2008,STP,MN,AGL,CE,Towers with Radar,0,22,92,3,117,0,15,57,24,96,0,37,149,27,213,80,46,126,339
03/11/2008,STP,MN,AGL,CE,Towers with Radar,0,33,88,7,128,0,10,68,19,97,0,43,156,26,225,68,0,68,293
03/12/2008,STP,MN,AGL,CE,Towers with Radar,0,19,121,6,146,0,7,30,19,56,0,26,151,25,202,118,92,210,412
03/13/2008,STP,MN,AGL,CE,Towers with Radar,0,29,114,7,150,0,8,90,20,118,0,37,204,27,268,102,16,118,386
03/14/2008,STP,MN,AGL,CE,Towers with Radar,0,25,106,3,134,0,6,82,18,106,0,31,188,21,240,176,50,226,466
03/15/2008,STP,MN,AGL,CE,Towers with Radar,0,25,48,5,78,0,2,63,13,78,0,27,111,18,156,112,28,140,296
03/16/2008,STP,MN,AGL,CE,Towers with Radar,0,6,45,0,51,0,5,38,2,45,0,11,83,2,96,30,0,30,126
03/17/2008,STP,MN,AGL,CE,Towers with Radar,0,16,70,3,89,0,2,0,0,2,0,18,70,3,91,0,0,0,91
03/18/2008,STP,MN,AGL,CE,Towers with Radar,0,22,69,0,91,0,4,4,16,24,0,26,73,16,115,0,0,0,115
03/19/2008,STP,MN,AGL,CE,Towers with Radar,0,30,111,3,144,0,5,59,35,99,0,35,170,38,243,74,40,114,357
03/20/2008,STP,MN,AGL,CE,Towers with Radar,0,24,117,8,149,0,2,86,23,111,0,26,203,31,260,114,20,134,394
03/21/2008,STP,MN,AGL,CE,Towers with Radar,0,16,35,2,53,0,1,0,0,1,0,17,35,2,54,0,0,0,54
03/22/2008,STP,MN,AGL,CE,Towers with Radar,0,8,18,0,26,0,0,0,0,0,0,8,18,0,26,0,0,0,26
03/23/2008,STP,MN,AGL,CE,Towers with Radar,0,5,34,0,39,0,2,0,0,2,0,7,34,0,41,0,0,0,41
03/24/2008,STP,MN,AGL,CE,Towers with Radar,0,25,104,3,132,0,7,46,18,71,0,32,150,21,203,24,48,72,275
03/25/2008,STP,MN,AGL,CE,Towers with Radar,0,27,55,4,86,0,0,54,14,68,0,27,109,18,154,70,2,72,226
03/26/2008,STP,MN,AGL,CE,Towers with Radar,0,22,74,4,100,0,5,41,13,59,0,27,115,17,159,70,18,88,247
03/27/2008,STP,MN,AGL,CE,Towers with Radar,0,30,192,19,241,0,0,0,0,0,0,30,192,19,241,94,38,132,373
03/28/2008,STP,MN,AGL,CE,Towers with Radar,0,22,82,7,111,0,15,81,14,110,0,37,163,21,221,118,24,142,363
03/29/2008,STP,MN,AGL,CE,Towers with Radar,0,6,49,0,55,0,6,60,0,66,0,12,109,0,121,68,0,68,189
03/30/2008,STP,MN,AGL,CE,Towers with Radar,0,9,50,1,60,0,13,32,0,45,0,22,82,1,105,54,0,54,159
03/31/2008,STP,MN,AGL,CE,Towers with Radar,0,19,50,1,70,0,0,0,0,0,0,19,50,1,70,0,0,0,70
04/01/2008,STP,MN,AGL,CE,Towers with Radar,0,26,69,0,95,0,10,43,22,75,0,36,112,22,170,52,22,74,244
04/02/2008,STP,MN,AGL,CE,Towers with Radar,0,33,110,4,147,0,14,65,25,104,0,47,175,29,251,100,16,116,367
04/03/2008,STP,MN,AGL,CE,Towers with Radar,0,27,132,5,164,0,6,99,21,126,0,33,231,26,290,84,26,110,400
04/04/2008,STP,MN,AGL,CE,Towers with Radar,0,17,79,5,101,0,0,49,20,69,0,17,128,25,170,64,14,78,248
04/05/2008,STP,MN,AGL,CE,Towers with Radar,0,11,37,3,51,0,3,120,5,128,0,14,157,8,179,136,0,136,315
04/06/2008,STP,MN,AGL,CE,Towers with Radar,0,11,47,0,58,0,2,1,0,3,0,13,48,0,61,0,0,0,61
04/07/2008,STP,MN,AGL,CE,Towers with Radar,0,28,94,3,125,0,2,8,1,11,0,30,102,4,136,0,6,6,142
04/08/2008,STP,MN,AGL,CE,Towers with Radar,0,31,97,0,128,0,2,27,15,44,0,33,124,15,172,12,8,20,192
04/09/2008,STP,MN,AGL,CE,Towers with Radar,0,20,97,1,118,0,6,34,29,69,0,26,131,30,187,60,6,66,253
04/10/2008,STP,MN,AGL,CE,Towers with Radar,0,28,101,1,130,0,0,20,4,24,0,28,121,5,154,0,0,0,154
04/11/2008,STP,MN,AGL,CE,Towers with Radar,0,39,133,7,179,0,0,0,0,0,0,39,133,7,179,0,0,0,179
04/12/2008,STP,MN,AGL,CE,Towers with Radar,0,9,19,0,28,0,0,20,9,29,0,9,39,9,57,32,6,38,95
04/13/2008,STP,MN,AGL,CE,Towers with Radar,0,9,61,1,71,0,10,45,5,60,0,19,106,6,131,32,0,32,163
04/14/2008,STP,MN,AGL,CE,Towers with Radar,0,15,95,0,110,0,11,68,9,88,0,26,163,9,198,94,0,94,292
04/15/2008,STP,MN,AGL,CE,Towers with Radar,0,31,85,2,118,0,10,46,14,70,0,41,131,16,188,0,0,0,188
04/16/2008,STP,MN,AGL,CE,Towers with Radar,0,27,159,0,186,0,8,160,22,190,0,35,319,22,376,178,54,232,608
04/17/2008,STP,MN,AGL,CE,Towers with Radar,0,30,171,2,203,0,10,158,6,174,0,40,329,8,377,168,0,168,545
04/18/2008,STP,MN,AGL,CE,Towers with Radar,0,24,98,6,128,0,25,70,17,112,0,49,168,23,240,126,58,184,424
04/19/2008,STP,MN,AGL,CE,Towers with Radar,0,10,50,0,60,0,6,16,0,22,0,16,66,0,82,34,0,34,116
04/20/2008,STP,MN,AGL,CE,Towers with Radar,0,16,49,0,65,0,7,26,0,33,0,23,75,0,98,62,0,62,160
04/21/2008,STP,MN,AGL,CE,Towers with Radar,0,17,104,0,121,0,8,86,22,116,0,25,190,22,237,268,50,318,555
04/22/2008,STP,MN,AGL,CE,Towers with Radar,0,23,118,2,143,0,6,133,9,148,0,29,251,11,291,256,10,266,557
04/23/2008,STP,MN,AGL,CE,Towers with Radar,0,25,140,1,166,0,13,165,21,199,0,38,305,22,365,342,68,410,775
04/24/2008,STP,MN,AGL,CE,Towers with Radar,0,25,175,2,202,0,1,0,2,3,0,26,175,4,205,214,18,232,437
04/25/2008,STP,MN,AGL,CE,Towers with Radar,0,37,187,0,224,0,0,1,0,1,0,37,188,0,225,62,0,62,287
04/26/2008,STP,MN,AGL,CE,Towers with Radar,0,4,34,0,38,0,0,2,0,2,0,4,36,0,40,0,0,0,40
04/27/2008,STP,MN,AGL,CE,Towers with Radar,0,14,49,0,63,0,0,40,0,40,0,14,89,0,103,54,0,54,157
04/28/2008,STP,MN,AGL,CE,Towers with Radar,0,21,132,0,153,0,13,128,2,143,0,34,260,2,296,108,0,108,404
04/29/2008,STP,MN,AGL,CE,Towers with Radar,0,31,168,5,204,0,6,140,37,183,0,37,308,42,387,198,28,226,613
04/30/2008,STP,MN,AGL,CE,Towers with Radar,0,26,87,2,115,0,15,114,16,145,0,41,201,18,260,211,32,243,503
05/01/2008,STP,MN,AGL,CE,Towers with Radar,0,31,120,2,153,0,9,80,6,95,0,40,200,8,248,24,0,24,272
05/02/2008,STP,MN,AGL,CE,Towers with Radar,0,26,81,2,109,0,0,0,0,0,0,26,81,2,109,0,0,0,109
05/03/2008,STP,MN,AGL,CE,Towers with Radar,0,17,60,0,77,0,3,98,3,104,0,20,158,3,181,133,0,133,314
05/04/2008,STP,MN,AGL,CE,Towers with Radar,0,15,114,2,131,0,3,98,2,103,0,18,212,4,234,141,0,141,375
05/05/2008,STP,MN,AGL,CE,Towers with Radar,0,17,96,2,115,0,14,86,5,105,0,31,182,7,220,78,0,78,298
05/06/2008,STP,MN,AGL,CE,Towers with Radar,0,40,112,5,157,0,22,70,10,102,0,62,182,15,259,102,16,118,377
05/07/2008,STP,MN,AGL,CE,Towers with Radar,0,30,178,0,208,0,8,176,30,214,0,38,354,30,422,256,28,284,706
05/08/2008,STP,MN,AGL,CE,Towers with Radar,0,20,155,0,175,0,11,133,20,164,0,31,288,20,339,128,86,214,553
05/09/2008,STP,MN,AGL,CE,Towers with Radar,0,37,153,4,194,0,21,185,18,224,0,58,338,22,418,214,110,324,742
05/10/2008,STP,MN,AGL,CE,Towers with Radar,0,10,44,0,54,0,0,113,0,113,0,10,157,0,167,118,0,118,285
05/11/2008,STP,MN,AGL,CE,Towers with Radar,0,6,32,0,38,0,10,27,0,37,0,16,59,0,75,160,0,160,235
05/12/2008,STP,MN,AGL,CE,Towers with Radar,0,19,142,0,161,0,7,75,2,84,0,26,217,2,245,76,0,76,321
05/13/2008,STP,MN,AGL,CE,Towers with Radar,0,34,123,2,159,0,2,21,2,25,0,36,144,4,184,26,0,26,210
05/14/2008,STP,MN,AGL,CE,Towers with Radar,0,25,212,11,248,0,18,209,30,257,0,43,421,41,505,200,154,354,859
05/15/2008,STP,MN,AGL,CE,Towers with Radar,0,30,153,5,188,0,7,168,13,188,0,37,321,18,376,177,74,251,627
05/16/2008,STP,MN,AGL,CE,Towers with Radar,0,26,147,3,176,0,8,127,8,143,0,34,274,11,319,222,22,244,563
05/17/2008,STP,MN,AGL,CE,Towers with Radar,0,8,46,0,54,0,6,77,0,83,0,14,123,0,137,108,0,108,245
05/18/2008,STP,MN,AGL,CE,Towers with Radar,0,14,49,2,65,0,8,75,0,83,0,22,124,2,148,0,0,0,148
05/19/2008,STP,MN,AGL,CE,Towers with Radar,0,30,175,7,212,0,14,163,10,187,0,44,338,17,399,90,82,172,571
05/20/2008,STP,MN,AGL,CE,Towers with Radar,0,32,101,1,134,0,11,102,22,135,0,43,203,23,269,130,88,218,487
05/21/2008,STP,MN,AGL,CE,Towers with Radar,0,30,176,0,206,0,5,170,15,190,0,35,346,15,396,216,8,224,620
05/22/2008,STP,MN,AGL,CE,Towers with Radar,0,26,123,7,156,0,17,116,21,154,0,43,239,28,310,114,28,142,452
05/23/2008,STP,MN,AGL,CE,Towers with Radar,0,20,100,0,120,0,14,89,7,110,0,34,189,7,230,204,16,220,450
05/24/2008,STP,MN,AGL,CE,Towers with Radar,0,11,126,0,137,0,3,122,0,125,0,14,248,0,262,162,0,162,424
05/25/2008,STP,MN,AGL,CE,Towers with Radar,0,12,138,6,156,0,1,134,0,135,0,13,272,6,291,0,0,0,291
05/26/2008,STP,MN,AGL,CE,Towers with Radar,0,30,47,0,77,0,9,57,0,66,0,39,104,0,143,12,8,20,163
05/27/2008,STP,MN,AGL,CE,Towers with Radar,0,26,65,5,96,0,20,109,35,164,0,46,174,40,260,164,54,218,478
05/28/2008,STP,MN,AGL,CE,Towers with Radar,0,17,192,4,213,0,12,178,24,214,0,29,370,28,427,232,40,272,699
05/29/2008,STP,MN,AGL,CE,Towers with Radar,0,16,103,0,119,0,6,22,11,39,0,22,125,11,158,66,6,72,230
05/30/2008,STP,MN,AGL,CE,Towers with Radar,0,14,107,7,128,0,4,41,18,63,0,18,148,25,191,30,18,48,239
05/31/2008,STP,MN,AGL,CE,Towers with Radar,0,9,34,0,43,0,0,76,1,77,0,9,110,1,120,78,0,78,198
06/01/2008,STP,MN,AGL,CE,Towers with Radar,0,16,46,3,65,0,7,85,1,93,0,23,131,4,158,94,0,94,252
06/02/2008,STP,MN,AGL,CE,Towers with Radar,0,18,92,0,110,0,0,97,9,106,0,18,189,9,216,30,0,30,246
06/03/2008,STP,MN,AGL,CE,Towers with Radar,0,21,102,6,129,0,24,27,17,68,0,45,129,23,197,28,36,64,261
06/04/2008,STP,MN,AGL,CE,Towers with Radar,0,30,205,2,237,0,13,136,22,171,0,43,341,24,408,156,56,212,620
06/05/2008,STP,MN,AGL,CE,Towers with Radar,0,14,155,2,171,0,14,76,5,95,0,28,231,7,266,148,46,194,460
06/06/2008,STP,MN,AGL,CE,Towers with Radar,0,27,149,3,179,0,13,125,6,144,0,40,274,9,323,146,24,170,493
06/07/2008,STP,MN,AGL,CE,Towers with Radar,0,10,18,1,29,0,3,137,6,146,0,13,155,7,175,156,0,156,331
06/08/2008,STP,MN,AGL,CE,Towers with Radar,0,24,64,1,89,0,4,36,0,40,0,28,100,1,129,72,0,72,201
06/09/2008,STP,MN,AGL,CE,Towers with Radar,0,17,81,7,105,0,1,75,2,78,0,18,156,9,183,70,0,70,253
06/10/2008,STP,MN,AGL,CE,Towers with Radar,0,24,119,3,146,0,28,97,58,183,0,52,216,61,329,160,66,226,555
06/11/2008,STP,MN,AGL,CE,Towers with Radar,0,21,78,5,104,0,7,33,11,51,0,28,111,16,155,36,0,36,191
06/12/2008,STP,MN,AGL,CE,Towers with Radar,0,34,139,2,175,0,6,168,23,197,0,40,307,25,372,180,10,190,562
06/13/2008,STP,MN,AGL,CE,Towers with Radar,0,19,168,4,191,0,2,172,6,180,0,21,340,10,371,166,18,184,555
06/14/2008,STP,MN,AGL,CE,Towers with Radar,0,12,76,0,88,0,13,127,4,144,0,25,203,4,232,122,16,138,370
06/15/2008,STP,MN,AGL,CE,Towers with Radar,0,8,74,0,82,0,7,34,0,41,0,15,108,0,123,32,0,32,155
06/16/2008,STP,MN,AGL,CE,Towers with Radar,0,37,141,5,183,0,17,110,28,155,0,54,251,33,338,177,18,195,533
06/17/2008,STP,MN,AGL,CE,Towers with Radar,0,28,98,2,128,0,5,8,16,29,0,33,106,18,157,130,20,150,307
06/18/2008,STP,MN,AGL,CE,Towers with Radar,0,24,113,4,141,0,33,137,46,216,0,57,250,50,357,140,34,174,531
06/19/2008,STP,MN,AGL,CE,Towers with Radar,0,35,108,4,147,0,15,79,17,111,0,50,187,21,258,126,24,150,408
06/20/2008,STP,MN,AGL,CE,Towers with Radar,0,23,129,2,154,0,2,99,5,106,0,25,228,7,260,146,32,178,438
06/21/2008,STP,MN,AGL,CE,Towers with Radar,0,17,55,2,74,0,25,53,12,90,0,42,108,14,164,80,24,104,268
06/22/2008,STP,MN,AGL,CE,Towers with Radar,0,13,73,2,88,0,5,50,0,55,0,18,123,2,143,26,0,26,169
06/23/2008,STP,MN,AGL,CE,Towers with Radar,0,18,77,2,97,0,4,70,6,80,0,22,147,8,177,104,0,104,281
06/24/2008,STP,MN,AGL,CE,Towers with Radar,0,23,96,0,119,0,16,75,6,97,0,39,171,6,216,82,0,82,298
06/25/2008,STP,MN,AGL,CE,Towers with Radar,0,37,116,6,159,0,7,77,12,96,0,44,193,18,255,80,14,94,349
06/26/2008,STP,MN,AGL,CE,Towers with Radar,0,36,177,0,213,0,2,169,18,189,0,38,346,18,402,184,6,190,592
06/27/2008,STP,MN,AGL,CE,Towers with Radar,0,22,118,3,143,0,0,43,8,51,0,22,161,11,194,30,6,36,230
06/28/2008,STP,MN,AGL,CE,Towers with Radar,0,20,101,0,121,0,7,107,0,114,0,27,208,0,235,164,0,164,399
06/29/2008,STP,MN,AGL,CE,Towers with Radar,0,2,56,0,58,0,5,52,7,64,0,7,108,7,122,88,28,116,238
06/30/2008,STP,MN,AGL,CE,Towers with Radar,0,16,95,2,113,0,8,92,12,112,0,24,187,14,225,168,0,168,393
07/01/2008,STP,MN,AGL,CE,Towers with Radar,0,22,58,4,84,0,3,47,11,61,0,25,105,15,145,36,10,46,191
07/02/2008,STP,MN,AGL,CE,Towers with Radar,0,16,113,1,130,0,6,125,16,147,0,22,238,17,277,148,12,160,437
07/03/2008,STP,MN,AGL,CE,Towers with Radar,0,35,84,0,119,0,16,113,8,137,0,51,197,8,256,124,16,140,396
07/04/2008,STP,MN,AGL,CE,Towers with Radar,0,5,9,0,14,0,2,37,0,39,0,7,46,0,53,14,0,14,67
07/05/2008,STP,MN,AGL,CE,Towers with Radar,0,3,40,1,44,0,5,66,0,71,0,8,106,1,115,136,0,136,251
07/06/2008,STP,MN,AGL,CE,Towers with Radar,0,13,47,0,60,0,0,55,1,56,0,13,102,1,116,120,0,120,236
07/07/2008,STP,MN,AGL,CE,Towers with Radar,0,22,85,1,108,0,14,70,3,87,0,36,155,4,195,82,36,118,313
07/08/2008,STP,MN,AGL,CE,Towers with Radar,0,15,78,3,96,8,61,10,79,158,8,76,88,82,254,104,34,138,392
07/09/2008,STP,MN,AGL,CE,Towers with Radar,0,24,96,5,125,0,3,84,17,104,0,27,180,22,229,102,36,138,367
07/10/2008,STP,MN,AGL,CE,Towers with Radar,0,11,106,0,117,0,10,88,25,123,0,21,194,25,240,75,36,111,351
07/11/2008,STP,MN,AGL,CE,Towers with Radar,0,9,117,5,131,0,33,85,4,122,0,42,202,9,253,72,6,78,331
07/12/2008,STP,MN,AGL,CE,Towers with Radar,0,2,14,1,17,0,4,31,0,35,0,6,45,1,52,94,0,94,146
07/13/2008,STP,MN,AGL,CE,Towers with Radar,0,7,26,0,33,0,4,14,0,18,0,11,40,0,51,0,0,0,51
07/14/2008,STP,MN,AGL,CE,Towers with Radar,0,23,81,0,104,0,18,90,0,108,0,41,171,0,212,182,0,182,394
07/15/2008,STP,MN,AGL,CE,Towers with Radar,0,28,116,5,149,0,21,87,33,141,0,49,203,38,290,78,34,112,402
07/16/2008,STP,MN,AGL,CE,Towers with Radar,0,24,129,3,156,0,16,122,15,153,0,40,251,18,309,154,22,176,485
07/17/2008,STP,MN,AGL,CE,Towers with Radar,0,36,106,5,147,0,6,73,23,102,0,42,179,28,249,80,28,108,357
07/18/2008,STP,MN,AGL,CE,Towers with Radar,0,30,97,3,130,0,14,77,17,108,0,44,174,20,238,86,40,126,364
07/19/2008,STP,MN,AGL,CE,Towers with Radar,0,11,32,0,43,0,0,45,0,45,0,11,77,0,88,82,0,82,170
07/20/2008,STP,MN,AGL,CE,Towers with Radar,0,5,45,0,50,0,8,33,2,43,0,13,78,2,93,34,0,34,127
07/21/2008,STP,MN,AGL,CE,Towers with Radar,0,30,181,2,213,0,14,151,9,174,0,44,332,11,387,198,10,208,595
07/22/2008,STP,MN,AGL,CE,Towers with Radar,0,29,131,2,162,0,10,155,15,180,0,39,286,17,342,176,44,220,562
07/23/2008,STP,MN,AGL,CE,Towers with Radar,0,30,116,5,151,0,11,116,31,158,0,41,232,36,309,122,32,154,463
07/24/2008,STP,MN,AGL,CE,Towers with Radar,0,28,114,5,147,0,12,97,21,130,0,40,211,26,277,148,20,168,445
07/25/2008,STP,MN,AGL,CE,Towers with Radar,0,14,78,1,93,0,4,54,2,60,0,18,132,3,153,98,0,98,251
07/26/2008,STP,MN,AGL,CE,Towers with Radar,0,7,35,0,42,0,16,64,2,82,0,23,99,2,124,114,0,114,238
07/27/2008,STP,MN,AGL,CE,Towers with Radar,0,17,56,0,73,0,5,66,0,71,0,22,122,0,144,114,0,114,258
07/28/2008,STP,MN,AGL,CE,Towers with Radar,0,19,120,0,139,0,16,119,7,142,0,35,239,7,281,134,20,154,435
07/29/2008,STP,MN,AGL,CE,Towers with Radar,0,23,78,4,105,0,25,82,14,121,0,48,160,18,226,64,54,118,344
07/30/2008,STP,MN,AGL,CE,Towers with Radar,0,25,142,6,173,0,7,126,13,146,0,32,268,19,319,106,68,174,493
07/31/2008,STP,MN,AGL,CE,Towers with Radar,0,24,82,2,108,0,16,69,7,92,0,40,151,9,200,88,36,124,324
08/01/2008,STP,MN,AGL,CE,Towers with Radar,0,33,138,3,174,0,21,135,7,163,0,54,273,10,337,140,8,148,485
08/02/2008,STP,MN,AGL,CE,Towers with Radar,0,17,56,0,73,0,8,107,0,115,0,25,163,0,188,110,0,110,298
08/03/2008,STP,MN,AGL,CE,Towers with Radar,0,9,27,0,36,0,2,40,0,42,0,11,67,0,78,74,0,74,152
08/04/2008,STP,MN,AGL,CE,Towers with Radar,0,22,75,2,99,0,3,59,5,67,0,25,134,7,166,82,34,116,282
08/05/2008,STP,MN,AGL,CE,Towers with Radar,0,31,144,0,175,0,30,126,5,161,0,61,270,5,336,180,8,188,524
08/06/2008,STP,MN,AGL,CE,Towers with Radar,0,29,139,1,169,0,14,143,6,163,0,43,282,7,332,144,0,144,476
08/07/2008,STP,MN,AGL,CE,Towers with Radar,0,28,100,3,131,0,12,107,6,125,0,40,207,9,256,116,8,124,380
08/08/2008,STP,MN,AGL,CE,Towers with Radar,0,25,102,1,128,0,9,82,4,95,0,34,184,5,223,75,0,75,298
08/09/2008,STP,MN,AGL,CE,Towers with Radar,0,11,56,3,70,0,13,70,0,83,0,24,126,3,153,144,0,144,297
08/10/2008,STP,MN,AGL,CE,Towers with Radar,0,14,63,3,80,0,2,54,2,58,0,16,117,5,138,74,0,74,212
08/11/2008,STP,MN,AGL,CE,Towers with Radar,0,18,158,2,178,0,16,130,5,151,0,34,288,7,329,136,0,136,465
08/12/2008,STP,MN,AGL,CE,Towers with Radar,0,27,105,2,134,0,7,69,9,85,0,34,174,11,219,22,84,106,325
08/13/2008,STP,MN,AGL,CE,Towers with Radar,0,19,99,7,125,0,15,101,6,122,0,34,200,13,247,108,38,146,393
08/14/2008,STP,MN,AGL,CE,Towers with Radar,0,11,105,3,119,0,12,71,10,93,0,23,176,13,212,122,40,162,374
08/15/2008,STP,MN,AGL,CE,Towers with Radar,0,22,66,1,89,0,10,77,9,96,0,32,143,10,185,141,12,153,338
08/16/2008,STP,MN,AGL,CE,Towers with Radar,0,12,34,1,47,0,5,61,0,66,0,17,95,1,113,138,0,138,251
08/17/2008,STP,MN,AGL,CE,Towers with Radar,0,5,51,1,57,0,6,50,0,56,0,11,101,1,113,98,0,98,211
08/18/2008,STP,MN,AGL,CE,Towers with Radar,0,11,141,2,154,0,6,146,2,154,0,17,287,4,308,224,0,224,532
08/19/2008,STP,MN,AGL,CE,Towers with Radar,0,26,103,0,129,0,16,125,5,146,0,42,228,5,275,66,26,92,367
08/20/2008,STP,MN,AGL,CE,Towers with Radar,0,36,103,2,141,0,32,106,8,146,0,68,209,10,287,0,0,0,287
08/21/2008,STP,MN,AGL,CE,Towers with Radar,0,27,119,0,146,0,13,73,4,90,0,40,192,4,236,88,8,96,332
08/22/2008,STP,MN,AGL,CE,Towers with Radar,0,20,66,0,86,0,8,51,1,60,0,28,117,1,146,62,0,62,208
08/23/2008,STP,MN,AGL,CE,Towers with Radar,0,10,52,3,65,0,2,68,5,75,0,12,120,8,140,142,0,142,282
08/24/2008,STP,MN,AGL,CE,Towers with Radar,0,4,50,2,56,0,4,91,1,96,0,8,141,3,152,112,0,112,264
08/25/2008,STP,MN,AGL,CE,Towers with Radar,0,21,103,0,124,0,16,101,16,133,0,37,204,16,257,98,34,132,389
08/26/2008,STP,MN,AGL,CE,Towers with Radar,0,19,131,3,153,0,13,126,12,151,0,32,257,15,304,0,0,0,304
08/27/2008,STP,MN,AGL,CE,Towers with Radar,0,17,139,2,158,0,9,110,10,129,0,26,249,12,287,68,44,112,399
08/28/2008,STP,MN,AGL,CE,Towers with Radar,0,15,101,13,129,0,6,50,15,71,0,21,151,28,200,82,0,82,282
08/29/2008,STP,MN,AGL,CE,Towers with Radar,0,15,121,8,144,0,27,152,27,206,0,42,273,35,350,138,56,194,544
08/30/2008,STP,MN,AGL,CE,Towers with Radar,0,5,38,3,46,0,19,91,49,159,0,24,129,52,205,80,68,148,353
08/31/2008,STP,MN,AGL,CE,Towers with Radar,0,16,61,1,78,0,8,46,29,83,0,24,107,30,161,8,12,20,181
09/01/2008,STP,MN,AGL,CE,Towers with Radar,0,11,15,4,30,0,50,12,25,87,0,61,27,29,117,0,0,0,117
09/02/2008,STP,MN,AGL,CE,Towers with Radar,0,2,39,0,41,0,69,7,10,86,0,71,46,10,127,0,0,0,127
09/03/2008,STP,MN,AGL,CE,Towers with Radar,0,13,30,3,46,0,17,24,15,56,0,30,54,18,102,10,0,10,112
09/04/2008,STP,MN,AGL,CE,Towers with Radar,0,8,24,0,32,0,23,24,16,63,0,31,48,16,95,0,0,0,95
09/05/2008,STP,MN,AGL,CE,Towers with Radar,0,17,105,8,130,0,25,78,12,115,0,42,183,20,245,78,8,86,331
09/06/2008,STP,MN,AGL,CE,Towers with Radar,0,9,35,0,44,0,6,85,4,95,0,15,120,4,139,148,0,148,287
09/07/2008,STP,MN,AGL,CE,Towers with Radar,0,10,35,2,47,0,4,18,6,28,0,14,53,8,75,0,0,0,75
09/08/2008,STP,MN,AGL,CE,Towers with Radar,0,25,108,0,133,0,5,120,1,126,0,30,228,1,259,128,0,128,387
09/09/2008,STP,MN,AGL,CE,Towers with Radar,0,21,109,3,133,0,16,123,2,141,0,37,232,5,274,139,1,140,414
09/10/2008,STP,MN,AGL,CE,Towers with Radar,0,9,109,2,120,0,9,113,5,127,0,18,222,7,247,66,22,88,335
09/11/2008,STP,MN,AGL,CE,Towers with Radar,0,26,90,0,116,0,3,11,0,14,0,29,101,0,130,12,0,12,142
09/12/2008,STP,MN,AGL,CE,Towers with Radar,0,27,110,0,137,0,21,92,5,118,0,48,202,5,255,86,0,86,341
09/13/2008,STP,MN,AGL,CE,Towers with Radar,0,13,43,0,56,0,2,0,0,2,0,15,43,0,58,0,0,0,58
09/14/2008,STP,MN,AGL,CE,Towers with Radar,0,24,62,0,86,0,0,10,2,12,0,24,72,2,98,46,8,54,152
09/15/2008,STP,MN,AGL,CE,Towers with Radar,0,23,94,1,118,0,10,87,0,97,0,33,181,1,215,132,0,132,347
09/16/2008,STP,MN,AGL,CE,Towers with Radar,0,19,101,4,124,0,20,128,9,157,0,39,229,13,281,130,10,140,421
09/17/2008,STP,MN,AGL,CE,Towers with Radar,0,21,72,0,93,0,23,119,8,150,0,44,191,8,243,90,60,150,393
09/18/2008,STP,MN,AGL,CE,Towers with Radar,0,36,102,3,141,0,14,71,17,102,0,50,173,20,243,122,6,128,371
09/19/2008,STP,MN,AGL,CE,Towers with Radar,0,29,104,6,139,0,18,87,2,107,0,47,191,8,246,94,22,116,362
09/20/2008,STP,MN,AGL,CE,Towers with Radar,0,18,63,0,81,0,1,108,0,109,0,19,171,0,190,162,0,162,352
09/21/2008,STP,MN,AGL,CE,Towers with Radar,0,17,74,0,91,0,2,71,4,77,0,19,145,4,168,116,0,116,284
09/22/2008,STP,MN,AGL,CE,Towers with Radar,0,18,97,1,116,0,3,110,1,114,0,21,207,2,230,96,14,110,340
09/23/2008,STP,MN,AGL,CE,Towers with Radar,0,21,71,1,93,0,1,5,7,13,0,22,76,8,106,0,4,4,110
09/24/2008,STP,MN,AGL,CE,Towers with Radar,0,19,117,1,137,0,13,139,4,156,0,32,256,5,293,102,20,122,415
09/25/2008,STP,MN,AGL,CE,Towers with Radar,0,11,74,4,89,0,21,40,8,69,0,32,114,12,158,144,2,146,304
09/26/2008,STP,MN,AGL,CE,Towers with Radar,0,26,83,2,111,0,13,102,3,118,0,39,185,5,229,118,0,118,347
09/27/2008,STP,MN,AGL,CE,Towers with Radar,0,17,35,0,52,0,1,15,0,16,0,18,50,0,68,30,0,30,98
09/28/2008,STP,MN,AGL,CE,Towers with Radar,0,13,57,0,70,0,1,4,0,5,0,14,61,0,75,4,0,4,79
09/29/2008,STP,MN,AGL,CE,Towers with Radar,0,13,70,0,83,0,5,57,2,64,0,18,127,2,147,78,6,84,231
09/30/2008,STP,MN,AGL,CE,Towers with Radar,0,28,111,4,143,0,10,63,17,90,0,38,174,21,233,96,42,138,371
10/01/2008,STP,MN,AGL,CE,Towers with Radar,0,23,89,2,114,0,4,74,14,92,0,27,163,16,206,104,14,118,324
10/02/2008,STP,MN,AGL,CE,Towers with Radar,0,39,147,4,190,0,19,76,12,107,0,58,223,16,297,76,46,122,419
10/03/2008,STP,MN,AGL,CE,Towers with Radar,0,13,69,0,82,0,5,53,1,59,0,18,122,1,141,146,0,146,287
10/04/2008,STP,MN,AGL,CE,Towers with Radar,0,10,83,2,95,0,15,98,7,120,0,25,181,9,215,130,0,130,345
10/05/2008,STP,MN,AGL,CE,Towers with Radar,0,11,34,0,45,0,1,1,0,2,0,12,35,0,47,0,0,0,47
10/06/2008,STP,MN,AGL,CE,Towers with Radar,0,21,88,0,109,0,7,42,6,55,0,28,130,6,164,78,0,78,242
10/07/2008,STP,MN,AGL,CE,Towers with Radar,0,19,86,2,107,0,0,6,0,6,0,19,92,2,113,0,0,0,113
10/08/2008,STP,MN,AGL,CE,Towers with Radar,0,14,81,7,102,0,15,56,14,85,0,29,137,21,187,97,80,177,364
10/09/2008,STP,MN,AGL,CE,Towers with Radar,0,22,95,5,122,0,13,98,14,125,0,35,193,19,247,76,54,130,377
10/10/2008,STP,MN,AGL,CE,Towers with Radar,0,18,72,1,91,0,14,70,0,84,0,32,142,1,175,116,0,116,291
10/11/2008,STP,MN,AGL,CE,Towers with Radar,0,9,31,0,40,0,8,26,0,34,0,17,57,0,74,96,0,96,170
10/12/2008,STP,MN,AGL,CE,Towers with Radar,0,10,57,3,70,0,2,15,0,17,0,12,72,3,87,0,0,0,87
10/13/2008,STP,MN,AGL,CE,Towers with Radar,0,26,86,0,112,0,6,10,0,16,0,32,96,0,128,4,0,4,132
10/14/2008,STP,MN,AGL,CE,Towers with Radar,0,20,78,0,98,0,4,102,6,112,0,24,180,6,210,134,6,140,350
10/15/2008,STP,MN,AGL,CE,Towers with Radar,0,38,73,2,113,0,18,115,20,153,0,56,188,22,266,114,80,194,460
10/16/2008,STP,MN,AGL,CE,Towers with Radar,0,19,75,9,103,0,11,92,27,130,0,30,167,36,233,128,50,178,411
10/17/2008,STP,MN,AGL,CE,Towers with Radar,0,8,77,9,94,0,3,60,12,75,0,11,137,21,169,54,4,58,227
10/18/2008,STP,MN,AGL,CE,Towers with Radar,0,13,38,0,51,0,2,87,1,90,0,15,125,1,141,100,0,100,241
10/19/2008,STP,MN,AGL,CE,Towers with Radar,0,4,58,3,65,0,3,45,0,48,0,7,103,3,113,84,0,84,197
10/20/2008,STP,MN,AGL,CE,Towers with Radar,0,16,123,1,140,0,14,87,7,108,0,30,210,8,248,78,2,80,328
10/21/2008,STP,MN,AGL,CE,Towers with Radar,0,23,112,7,142,0,13,120,14,147,0,36,232,21,289,144,80,224,513
10/22/2008,STP,MN,AGL,CE,Towers with Radar,0,43,105,4,152,0,15,99,18,132,0,58,204,22,284,60,20,80,364
10/23/2008,STP,MN,AGL,CE,Towers with Radar,0,25,78,5,108,0,2,69,27,98,0,27,147,32,206,82,50,132,338
10/24/2008,STP,MN,AGL,CE,Towers with Radar,0,32,94,4,130,0,5,21,25,51,0,37,115,29,181,66,26,92,273
10/25/2008,STP,MN,AGL,CE,Towers with Radar,0,7,59,2,68,0,11,102,11,124,0,18,161,13,192,74,4,78,270
10/26/2008,STP,MN,AGL,CE,Towers with Radar,0,4,48,1,53,0,0,0,0,0,0,4,48,1,53,0,0,0,53
10/27/2008,STP,MN,AGL,CE,Towers with Radar,0,16,82,4,102,0,2,51,0,53,0,18,133,4,155,20,0,20,175
10/28/2008,STP,MN,AGL,CE,Towers with Radar,0,26,98,6,130,0,3,118,23,144,0,29,216,29,274,100,70,170,444
10/29/2008,STP,MN,AGL,CE,Towers with Radar,0,32,109,13,154,0,13,93,26,132,0,45,202,39,286,138,66,204,490
10/30/2008,STP,MN,AGL,CE,Towers with Radar,0,17,138,5,160,0,11,92,7,110,0,28,230,12,270,118,68,186,456
10/31/2008,STP,MN,AGL,CE,Towers with Radar,0,8,111,2,121,0,25,102,7,134,0,33,213,9,255,204,48,252,507
11/01/2008,STP,MN,AGL,CE,Towers with Radar,0,13,48,1,62,0,3,89,24,116,0,16,137,25,178,86,18,104,282
11/02/2008,STP,MN,AGL,CE,Towers with Radar,0,12,55,0,67,0,6,50,0,56,0,18,105,0,123,82,0,82,205
11/03/2008,STP,MN,AGL,CE,Towers with Radar,0,31,97,2,130,0,8,134,5,147,0,39,231,7,277,202,20,222,499
11/04/2008,STP,MN,AGL,CE,Towers with Radar,0,16,48,4,68,0,17,70,13,100,0,33,118,17,168,102,46,148,316
11/05/2008,STP,MN,AGL,CE,Towers with Radar,0,21,104,0,125,0,9,46,13,68,0,30,150,13,193,68,28,96,289
11/06/2008,STP,MN,AGL,CE,Towers with Radar,0,21,75,1,97,0,4,4,3,11,0,25,79,4,108,0,6,6,114
11/07/2008,STP,MN,AGL,CE,Towers with Radar,0,18,64,1,83,0,2,11,3,16,0,20,75,4,99,10,14,24,123
11/08/2008,STP,MN,AGL,CE,Towers with Radar,0,18,45,2,65,0,6,16,0,22,0,24,61,2,87,4,0,4,91
11/09/2008,STP,MN,AGL,CE,Towers with Radar,0,12,82,0,94,0,9,31,0,40,0,21,113,0,134,10,0,10,144
11/10/2008,STP,MN,AGL,CE,Towers with Radar,0,20,145,0,165,0,21,116,0,137,0,41,261,0,302,156,0,156,458
11/11/2008,STP,MN,AGL,CE,Towers with Radar,0,11,65,0,76,0,0,9,0,9,0,11,74,0,85,0,0,0,85
11/12/2008,STP,MN,AGL,CE,Towers with Radar,0,24,161,0,185,0,0,0,0,0,0,24,161,0,185,0,0,0,185
11/13/2008,STP,MN,AGL,CE,Towers with Radar,0,36,197,3,236,0,15,21,22,58,0,51,218,25,294,38,76,114,408
11/14/2008,STP,MN,AGL,CE,Towers with Radar,0,33,167,5,205,0,17,109,9,135,0,50,276,14,340,164,70,234,574
11/15/2008,STP,MN,AGL,CE,Towers with Radar,0,12,36,0,48,0,4,45,5,54,0,16,81,5,102,108,0,108,210
11/16/2008,STP,MN,AGL,CE,Towers with Radar,0,14,42,2,58,0,1,22,3,26,0,15,64,5,84,14,0,14,98
11/17/2008,STP,MN,AGL,CE,Towers with Radar,0,19,143,5,167,0,24,122,3,149,0,43,265,8,316,18,10,28,344
11/18/2008,STP,MN,AGL,CE,Towers with Radar,0,35,164,4,203,0,9,170,19,198,0,44,334,23,401,166,104,270,671
11/19/2008,STP,MN,AGL,CE,Towers with Radar,0,32,116,6,154,0,8,123,23,154,0,40,239,29,308,182,110,292,600
11/20/2008,STP,MN,AGL,CE,Towers with Radar,0,21,159,3,183,0,15,106,25,146,0,36,265,28,329,160,60,220,549
11/21/2008,STP,MN,AGL,CE,Towers with Radar,0,11,103,0,114,0,12,97,5,114,0,23,200,5,228,220,14,234,462
11/22/2008,STP,MN,AGL,CE,Towers with Radar,0,4,41,0,45,0,1,72,2,75,0,5,113,2,120,190,0,190,310
11/23/2008,STP,MN,AGL,CE,Towers with Radar,0,3,52,0,55,0,2,50,2,54,0,5,102,2,109,50,8,58,167
11/24/2008,STP,MN,AGL,CE,Towers with Radar,0,26,72,0,98,0,4,93,5,102,0,30,165,5,200,178,14,192,392
11/25/2008,STP,MN,AGL,CE,Towers with Radar,0,13,93,10,116,0,14,85,12,111,0,27,178,22,227,104,30,134,361
11/26/2008,STP,MN,AGL,CE,Towers with Radar,0,19,54,4,77,0,7,61,14,82,0,26,115,18,159,136,62,198,357
11/27/2008,STP,MN,AGL,CE,Towers with Radar,0,3,11,0,14,0,2,6,0,8,0,5,17,0,22,0,0,0,22
11/28/2008,STP,MN,AGL,CE,Towers with Radar,0,7,47,0,54,0,13,90,3,106,0,20,137,3,160,116,26,142,302
11/29/2008,STP,MN,AGL,CE,Towers with Radar,0,20,66,0,86,0,2,86,0,88,0,22,152,0,174,154,0,154,328
11/30/2008,STP,MN,AGL,CE,Towers with Radar,0,18,77,0,95,0,0,0,0,0,0,18,77,0,95,0,0,0,95
12/01/2008,STP,MN,AGL,CE,Towers with Radar,0,18,129,2,149,0,12,113,24,149,0,30,242,26,298,172,98,270,568
12/02/2008,STP,MN,AGL,CE,Towers with Radar,0,11,122,10,143,0,2,98,48,148,0,13,220,58,291,136,100,236,527
12/03/2008,STP,MN,AGL,CE,Towers with Radar,0,10,136,7,153,0,14,94,14,122,0,24,230,21,275,110,82,192,467
12/04/2008,STP,MN,AGL,CE,Towers with Radar,0,20,87,3,110,0,6,43,46,95,0,26,130,49,205,70,78,148,353
12/05/2008,STP,MN,AGL,CE,Towers with Radar,0,12,65,4,81,0,16,64,3,83,0,28,129,7,164,76,6,82,246
12/06/2008,STP,MN,AGL,CE,Towers with Radar,0,10,28,1,39,0,1,15,0,16,0,11,43,1,55,6,0,6,61
12/07/2008,STP,MN,AGL,CE,Towers with Radar,0,4,40,0,44,0,0,1,0,1,0,4,41,0,45,0,0,0,45
12/08/2008,STP,MN,AGL,CE,Towers with Radar,0,32,71,2,105,0,0,9,1,10,0,32,80,3,115,0,0,0,115
12/09/2008,STP,MN,AGL,CE,Towers with Radar,0,14,123,4,141,0,7,75,34,116,0,21,198,38,257,82,102,184,441
12/10/2008,STP,MN,AGL,CE,Towers with Radar,0,12,159,9,180,0,27,63,34,124,0,39,222,43,304,82,156,238,542
12/11/2008,STP,MN,AGL,CE,Towers with Radar,0,24,127,11,162,0,15,79,26,120,0,39,206,37,282,62,86,148,430
12/12/2008,STP,MN,AGL,CE,Towers with Radar,0,9,84,11,104,0,10,49,13,72,0,19,133,24,176,90,80,170,346
12/13/2008,STP,MN,AGL,CE,Towers with Radar,0,9,28,6,43,0,7,37,1,45,0,16,65,7,88,104,16,120,208
12/14/2008,STP,MN,AGL,CE,Towers with Radar,0,5,7,0,12,0,0,0,0,0,0,5,7,0,12,0,0,0,12
12/15/2008,STP,MN,AGL,CE,Towers with Radar,0,11,58,2,71,0,0,45,3,48,0,11,103,5,119,30,10,40,159
12/16/2008,STP,MN,AGL,CE,Towers with Radar,0,32,55,5,92,0,0,15,0,15,0,32,70,5,107,6,4,10,117
12/17/2008,STP,MN,AGL,CE,Towers with Radar,0,45,119,7,171,0,20,143,26,189,0,65,262,33,360,100,78,178,538
12/18/2008,STP,MN,AGL,CE,Towers with Radar,0,33,105,9,147,0,22,51,21,94,0,55,156,30,241,56,106,162,403
12/19/2008,STP,MN,AGL,CE,Towers with Radar,0,23,110,4,137,0,8,24,9,41,0,31,134,13,178,102,6,108,286
12/20/2008,STP,MN,AGL,CE,Towers with Radar,0,3,26,1,30,0,0,0,0,0,0,3,26,1,30,0,0,0,30
12/21/2008,STP,MN,AGL,CE,Towers with Radar,0,11,25,0,36,0,2,0,0,2,0,13,25,0,38,0,0,0,38
12/22/2008,STP,MN,AGL,CE,Towers with Radar,0,28,67,0,95,0,8,62,1,71,0,36,129,1,166,86,8,94,260
12/23/2008,STP,MN,AGL,CE,Towers with Radar,0,32,62,5,99,0,6,62,3,71,0,38,124,8,170,146,78,224,394
12/24/2008,STP,MN,AGL,CE,Towers with Radar,0,22,34,0,56,0,13,21,2,36,0,35,55,2,92,48,0,48,140
12/25/2008,STP,MN,AGL,CE,Towers with Radar,0,14,7,0,21,0,8,3,0,11,0,22,10,0,32,0,0,0,32
12/26/2008,STP,MN,AGL,CE,Towers with Radar,0,11,31,0,42,0,5,1,0,6,0,16,32,0,48,0,0,0,48
12/27/2008,STP,MN,AGL,CE,Towers with Radar,0,21,58,0,79,0,2,0,0,2,0,23,58,0,81,0,0,0,81
12/28/2008,STP,MN,AGL,CE,Towers with Radar,0,17,49,0,66,0,3,52,0,55,0,20,101,0,121,168,0,168,289
12/29/2008,STP,MN,AGL,CE,Towers with Radar,0,13,41,7,61,0,8,44,4,56,0,21,85,11,117,40,20,60,177
12/30/2008,STP,MN,AGL,CE,Towers with Radar,0,18,38,3,59,0,5,18,9,32,0,23,56,12,91,44,0,44,135
12/31/2008,STP,MN,AGL,CE,Towers with Radar,0,18,34,1,53,0,1,78,9,88,0,19,112,10,141,54,14,68,209
01/01/2009,STP,MN,AGL,CE,Towers with Radar,0,1,19,0,20,0,15,14,0,29,0,16,33,0,49,40,0,40,89
01/02/2009,STP,MN,AGL,CE,Towers with Radar,0,17,70,4,91,0,9,55,9,73,0,26,125,13,164,130,6,136,300
01/03/2009,STP,MN,AGL,CE,Towers with Radar,0,1,43,0,44,0,0,0,0,0,0,1,43,0,44,0,0,0,44
01/04/2009,STP,MN,AGL,CE,Towers with Radar,0,9,63,2,74,0,0,1,0,1,0,9,64,2,75,0,0,0,75
01/05/2009,STP,MN,AGL,CE,Towers with Radar,0,14,78,0,92,0,20,103,5,128,0,34,181,5,220,166,22,188,408
01/06/2009,STP,MN,AGL,CE,Towers with Radar,0,25,80,2,107,0,9,64,20,93,0,34,144,22,200,112,94,206,406
01/07/2009,STP,MN,AGL,CE,Towers with Radar,0,13,54,0,67,0,0,12,4,16,0,13,66,4,83,20,4,24,107
01/08/2009,STP,MN,AGL,CE,Towers with Radar,0,18,93,5,116,0,9,56,43,108,0,27,149,48,224,70,58,128,352
01/09/2009,STP,MN,AGL,CE,Towers with Radar,0,27,44,3,74,0,8,26,16,50,0,35,70,19,124,58,28,86,210
01/10/2009,STP,MN,AGL,CE,Towers with Radar,0,11,25,2,38,0,3,77,16,96,0,14,102,18,134,114,28,142,276
01/11/2009,STP,MN,AGL,CE,Towers with Radar,0,15,40,0,55,0,7,32,0,39,0,22,72,0,94,28,0,28,122
01/12/2009,STP,MN,AGL,CE,Towers with Radar,0,16,52,0,68,0,9,8,0,17,0,25,60,0,85,0,0,0,85
01/13/2009,STP,MN,AGL,CE,Towers with Radar,0,27,63,0,90,0,22,46,0,68,0,49,109,0,158,64,0,64,222
01/14/2009,STP,MN,AGL,CE,Towers with Radar,0,14,59,8,81,0,2,12,16,30,0,16,71,24,111,28,46,74,185
01/15/2009,STP,MN,AGL,CE,Towers with Radar,0,17,72,2,91,0,9,22,10,41,0,26,94,12,132,48,28,76,208
01/16/2009,STP,MN,AGL,CE,Towers with Radar,0,31,77,2,110,0,12,27,1,40,0,43,104,3,150,32,0,32,182
01/17/2009,STP,MN,AGL,CE,Towers with Radar,0,8,19,0,27,0,0,0,0,0,0,8,19,0,27,0,0,0,27
01/18/2009,STP,MN,AGL,CE,Towers with Radar,0,9,23,0,32,0,0,1,0,1,0,9,24,0,33,8,0,8,41
01/19/2009,STP,MN,AGL,CE,Towers with Radar,0,11,90,0,101,0,3,87,0,90,0,14,177,0,191,88,0,88,279
01/20/2009,STP,MN,AGL,CE,Towers with Radar,0,16,67,8,91,0,8,87,8,103,0,24,154,16,194,146,54,200,394
01/21/2009,STP,MN,AGL,CE,Towers with Radar,0,8,85,9,102,0,1,40,23,64,0,9,125,32,166,56,20,76,242
01/22/2009,STP,MN,AGL,CE,Towers with Radar,0,30,83,25,138,0,22,54,25,101,0,52,137,50,239,114,64,178,417
01/23/2009,STP,MN,AGL,CE,Towers with Radar,0,25,63,3,91,0,9,44,6,59,0,34,107,9,150,106,15,121,271
01/24/2009,STP,MN,AGL,CE,Towers with Radar,0,7,44,0,51,0,4,67,0,71,0,11,111,0,122,152,0,152,274
01/25/2009,STP,MN,AGL,CE,Towers with Radar,0,15,27,1,43,0,0,30,0,30,0,15,57,1,73,112,0,112,185
01/26/2009,STP,MN,AGL,CE,Towers with Radar,0,10,94,3,107,0,1,80,11,92,0,11,174,14,199,36,88,124,323
01/27/2009,STP,MN,AGL,CE,Towers with Radar,0,15,119,3,137,0,21,100,12,133,0,36,219,15,270,90,70,160,430
01/28/2009,STP,MN,AGL,CE,Towers with Radar,0,30,83,5,118,0,22,54,25,101,0,52,137,30,219,114,64,178,397
01/29/2009,STP,MN,AGL,CE,Towers with Radar,0,21,81,5,107,0,4,42,25,71,0,25,123,30,178,78,46,124,302
01/30/2009,STP,MN,AGL,CE,Towers with Radar,0,19,54,1,74,0,2,69,7,78,0,21,123,8,152,54,6,60,212
01/31/2009,STP,MN,AGL,CE,Towers with Radar,0,3,33,0,36,0,6,57,0,63,0,9,90,0,99,114,0,114,213
02/01/2009,STP,MN,AGL,CE,Towers with Radar,0,13,29,0,42,0,12,69,0,81,0,25,98,0,123,128,4,132,255
02/02/2009,STP,MN,AGL,CE,Towers with Radar,0,13,44,2,59,0,4,21,0,25,0,17,65,2,84,48,0,48,132
02/03/2009,STP,MN,AGL,CE,Towers with Radar,0,18,77,4,99,0,1,94,21,116,0,19,171,25,215,136,66,202,417
02/04/2009,STP,MN,AGL,CE,Towers with Radar,0,15,74,3,92,0,5,47,22,74,0,20,121,25,166,76,78,154,320
02/05/2009,STP,MN,AGL,CE,Towers with Radar,0,19,88,2,109,0,18,81,25,124,0,37,169,27,233,130,116,246,479
02/06/2009,STP,MN,AGL,CE,Towers with Radar,0,17,89,1,107,0,4,96,14,114,0,21,185,15,221,122,26,148,369
02/07/2009,STP,MN,AGL,CE,Towers with Radar,0,5,19,2,26,0,0,37,18,55,0,5,56,20,81,146,38,184,265
02/08/2009,STP,MN,AGL,CE,Towers with Radar,0,8,52,0,60,0,4,68,14,86,0,12,120,14,146,100,16,116,262
02/09/2009,STP,MN,AGL,CE,Towers with Radar,0,26,63,3,92,0,0,0,2,2,0,26,63,5,94,0,0,0,94
02/10/2009,STP,MN,AGL,CE,Towers with Radar,0,14,82,5,101,0,4,2,2,8,0,18,84,7,109,0,24,24,133
02/11/2009,STP,MN,AGL,CE,Towers with Radar,0,31,79,14,124,0,3,19,20,42,0,34,98,34,166,40,56,96,262
02/12/2009,STP,MN,AGL,CE,Towers with Radar,0,13,93,10,116,0,2,33,23,58,0,15,126,33,174,46,36,82,256
02/13/2009,STP,MN,AGL,CE,Towers with Radar,0,17,79,3,99,0,9,71,3,83,0,26,150,6,182,98,6,104,286
02/14/2009,STP,MN,AGL,CE,Towers with Radar,0,2,34,0,36,0,5,98,1,104,0,7,132,1,140,126,16,142,282
02/15/2009,STP,MN,AGL,CE,Towers with Radar,0,6,21,0,27,0,7,56,3,66,0,13,77,3,93,90,0,90,183
02/16/2009,STP,MN,AGL,CE,Towers with Radar,0,11,62,0,73,0,3,76,0,79,0,14,138,0,152,92,0,92,244
02/17/2009,STP,MN,AGL,CE,Towers with Radar,0,30,89,11,130,0,0,55,4,59,0,30,144,15,189,84,6,90,279
02/18/2009,STP,MN,AGL,CE,Towers with Radar,0,22,92,2,116,0,7,37,24,68,0,29,129,26,184,46,42,88,272
02/19/2009,STP,MN,AGL,CE,Towers with Radar,0,11,90,8,109,0,7,63,21,91,0,18,153,29,200,102,42,144,344
02/20/2009,STP,MN,AGL,CE,Towers with Radar,0,19,53,6,78,0,7,37,12,56,0,26,90,18,134,60,8,68,202
02/21/2009,STP,MN,AGL,CE,Towers with Radar,0,13,31,4,48,0,10,14,9,33,0,23,45,13,81,0,118,118,199
02/22/2009,STP,MN,AGL,CE,Towers with Radar,0,19,43,1,63,0,2,57,5,64,0,21,100,6,127,96,6,102,229
02/23/2009,STP,MN,AGL,CE,Towers with Radar,0,20,56,0,76,0,7,63,0,70,0,27,119,0,146,96,0,96,242
02/24/2009,STP,MN,AGL,CE,Towers with Radar,0,26,77,0,103,0,9,64,31,104,0,35,141,31,207,142,52,194,401
02/25/2009,STP,MN,AGL,CE,Towers with Radar,0,24,89,2,115,0,8,62,10,80,0,32,151,12,195,122,6,128,323
02/26/2009,STP,MN,AGL,CE,Towers with Radar,0,22,69,0,91,0,0,35,0,35,0,22,104,0,126,8,0,8,134
02/27/2009,STP,MN,AGL,CE,Towers with Radar,0,24,80,10,114,0,5,54,8,67,0,29,134,18,181,74,4,78,259
02/28/2009,STP,MN,AGL,CE,Towers with Radar,0,7,57,0,64,0,7,57,1,65,0,14,114,1,129,112,0,112,241
03/01/2009,STP,MN,AGL,CE,Towers with Radar,0,9,43,13,65,0,4,50,0,54,0,13,93,13,119,136,0,136,255
03/02/2009,STP,MN,AGL,CE,Towers with Radar,0,9,68,0,77,0,5,56,6,67,0,14,124,6,144,72,0,72,216
03/03/2009,STP,MN,AGL,CE,Towers with Radar,0,20,101,2,123,0,4,97,2,103,0,24,198,4,226,96,6,102,328
03/04/2009,STP,MN,AGL,CE,Towers with Radar,0,14,127,8,149,0,10,132,11,153,0,24,259,19,302,220,60,280,582
03/05/2009,STP,MN,AGL,CE,Towers with Radar,0,14,116,0,130,0,0,32,6,38,0,14,148,6,168,50,36,86,254
03/06/2009,STP,MN,AGL,CE,Towers with Radar,0,25,59,3,87,0,4,40,9,53,0,29,99,12,140,72,22,94,234
03/07/2009,STP,MN,AGL,CE,Towers with Radar,0,6,94,0,100,0,7,97,0,104,0,13,191,0,204,174,0,174,378
03/08/2009,STP,MN,AGL,CE,Towers with Radar,0,9,29,0,38,0,1,75,0,76,0,10,104,0,114,98,0,98,212
03/09/2009,STP,MN,AGL,CE,Towers with Radar,0,22,57,0,79,0,2,12,0,14,0,24,69,0,93,34,0,34,127
03/10/2009,STP,MN,AGL,CE,Towers with Radar,0,16,57,0,73,0,0,0,0,0,0,16,57,0,73,0,0,0,73
03/11/2009,STP,MN,AGL,CE,Towers with Radar,0,29,87,7,123,0,5,40,14,59,0,34,127,21,182,86,82,168,350
03/12/2009,STP,MN,AGL,CE,Towers with Radar,0,27,73,5,105,0,0,56,15,71,0,27,129,20,176,52,46,98,274
03/13/2009,STP,MN,AGL,CE,Towers with Radar,0,10,70,1,81,0,10,77,6,93,0,20,147,7,174,100,8,108,282
03/14/2009,STP,MN,AGL,CE,Towers with Radar,0,8,59,4,71,0,8,55,14,77,0,16,114,18,148,92,28,120,268
03/15/2009,STP,MN,AGL,CE,Towers with Radar,0,8,78,0,86,0,3,60,0,63,0,11,138,0,149,128,0,128,277
03/16/2009,STP,MN,AGL,CE,Towers with Radar,0,21,121,0,142,0,8,93,1,102,0,29,214,1,244,102,0,102,346
03/17/2009,STP,MN,AGL,CE,Towers with Radar,0,16,88,7,111,0,9,64,10,83,0,25,152,17,194,82,52,134,328
03/18/2009,STP,MN,AGL,CE,Towers with Radar,0,11,111,11,133,0,12,77,32,121,0,23,188,43,254,80,80,160,414
03/19/2009,STP,MN,AGL,CE,Towers with Radar,0,15,106,6,127,0,4,64,32,100,0,19,170,38,227,40,46,86,313
03/20/2009,STP,MN,AGL,CE,Towers with Radar,0,18,65,0,83,0,3,16,2,21,0,21,81,2,104,62,6,68,172
03/21/2009,STP,MN,AGL,CE,Towers with Radar,0,22,56,0,78,0,5,81,1,87,0,27,137,1,165,146,0,146,311
03/22/2009,STP,MN,AGL,CE,Towers with Radar,0,9,29,0,38,0,4,60,0,64,0,13,89,0,102,52,0,52,154
03/23/2009,STP,MN,AGL,CE,Towers with Radar,0,17,54,0,71,0,2,0,0,2,0,19,54,0,73,0,0,0,73
03/24/2009,STP,MN,AGL,CE,Towers with Radar,0,17,60,7,84,0,10,10,14,34,0,27,70,21,118,24,50,74,192
03/25/2009,STP,MN,AGL,CE,Towers with Radar,0,16,52,0,68,0,2,21,22,45,0,18,73,22,113,60,28,88,201
03/26/2009,STP,MN,AGL,CE,Towers with Radar,0,20,89,10,119,0,4,72,23,99,0,24,161,33,218,78,30,108,326
03/27/2009,STP,MN,AGL,CE,Towers with Radar,0,19,62,0,81,0,23,51,6,80,0,42,113,6,161,152,12,164,325
03/28/2009,STP,MN,AGL,CE,Towers with Radar,0,10,44,0,54,0,3,65,11,79,0,13,109,11,133,106,22,128,261
03/29/2009,STP,MN,AGL,CE,Towers with Radar,0,6,47,0,53,0,2,54,1,57,0,8,101,1,110,90,0,90,200
03/30/2009,STP,MN,AGL,CE,Towers with Radar,0,17,65,0,82,0,0,42,5,47,0,17,107,5,129,40,18,58,187
03/31/2009,STP,MN,AGL,CE,Towers with Radar,0,15,50,0,65,0,0,5,0,5,0,15,55,0,70,22,0,22,92
04/01/2009,STP,MN,AGL,CE,Towers with Radar,0,21,54,0,75,0,0,12,0,12,0,21,66,0,87,0,0,0,87
04/02/2009,STP,MN,AGL,CE,Towers with Radar,0,23,98,1,122,0,2,68,6,76,0,25,166,7,198,90,0,90,288
04/03/2009,STP,MN,AGL,CE,Towers with Radar,0,10,49,2,61,0,3,106,16,125,0,13,155,18,186,134,6,140,326
04/04/2009,STP,MN,AGL,CE,Towers with Radar,0,12,19,0,31,0,4,58,2,64,0,16,77,2,95,120,8,128,223
04/05/2009,STP,MN,AGL,CE,Towers with Radar,0,13,54,0,67,0,10,31,1,42,0,23,85,1,109,4,0,4,113
04/06/2009,STP,MN,AGL,CE,Towers with Radar,0,21,85,0,106,0,16,59,8,83,0,37,144,8,189,60,40,100,289
04/07/2009,STP,MN,AGL,CE,Towers with Radar,0,44,96,4,144,0,28,77,28,133,0,72,173,32,277,52,120,172,449
04/08/2009,STP,MN,AGL,CE,Towers with Radar,0,20,81,3,104,0,12,59,28,99,0,32,140,31,203,100,38,138,341
04/09/2009,STP,MN,AGL,CE,Towers with Radar,0,12,118,0,130,0,10,113,5,128,0,22,231,5,258,166,34,200,458
04/10/2009,STP,MN,AGL,CE,Towers with Radar,0,36,82,2,120,0,17,114,11,142,0,53,196,13,262,140,40,180,442
04/11/2009,STP,MN,AGL,CE,Towers with Radar,0,5,37,1,43,0,17,121,3,141,0,22,158,4,184,144,12,156,340
04/12/2009,STP,MN,AGL,CE,Towers with Radar,0,6,13,0,19,0,0,36,0,36,0,6,49,0,55,40,0,40,95
04/13/2009,STP,MN,AGL,CE,Towers with Radar,0,14,72,0,86,0,3,53,8,64,0,17,125,8,150,94,12,106,256
04/14/2009,STP,MN,AGL,CE,Towers with Radar,0,17,129,0,146,0,24,113,14,151,0,41,242,14,297,126,76,202,499
04/15/2009,STP,MN,AGL,CE,Towers with Radar,0,23,113,2,138,0,17,87,20,124,0,40,200,22,262,48,34,82,344
04/16/2009,STP,MN,AGL,CE,Towers with Radar,0,18,137,6,161,0,12,126,31,169,0,30,263,37,330,144,52,196,526
04/17/2009,STP,MN,AGL,CE,Towers with Radar,0,16,64,1,81,0,4,83,20,107,0,20,147,21,188,86,16,102,290
04/18/2009,STP,MN,AGL,CE,Towers with Radar,0,11,55,2,68,0,3,51,18,72,0,14,106,20,140,72,8,80,220
04/19/2009,STP,MN,AGL,CE,Towers with Radar,0,10,49,2,61,0,0,13,30,43,0,10,62,32,104,6,16,22,126
04/20/2009,STP,MN,AGL,CE,Towers with Radar,0,17,71,1,89,0,6,9,2,17,0,23,80,3,106,12,0,12,118
04/21/2009,STP,MN,AGL,CE,Towers with Radar,0,22,49,1,72,0,9,49,27,85,0,31,98,28,157,80,78,158,315
04/22/2009,STP,MN,AGL,CE,Towers with Radar,0,10,107,0,117,0,11,60,14,85,0,21,167,14,202,74,34,108,310
04/23/2009,STP,MN,AGL,CE,Towers with Radar,0,19,75,1,95,0,1,76,3,80,0,20,151,4,175,72,0,72,247
04/24/2009,STP,MN,AGL,CE,Towers with Radar,0,24,52,0,76,0,12,63,9,84,0,36,115,9,160,83,4,87,247
04/25/2009,STP,MN,AGL,CE,Towers with Radar,0,8,43,0,51,0,3,50,3,56,0,11,93,3,107,36,2,38,145
04/26/2009,STP,MN,AGL,CE,Towers with Radar,0,10,48,0,58,0,1,0,0,1,0,11,48,0,59,0,0,0,59
04/27/2009,STP,MN,AGL,CE,Towers with Radar,0,4,109,0,113,0,9,75,24,108,0,13,184,24,221,86,82,168,389
04/28/2009,STP,MN,AGL,CE,Towers with Radar,0,17,60,4,81,0,11,73,15,99,0,28,133,19,180,140,42,182,362
04/29/2009,STP,MN,AGL,CE,Towers with Radar,0,16,76,0,92,0,16,51,12,79,0,32,127,12,171,38,14,52,223
04/30/2009,STP,MN,AGL,CE,Towers with Radar,0,19,76,0,95,0,2,30,21,53,0,21,106,21,148,20,6,26,174
05/01/2009,STP,MN,AGL,CE,Towers with Radar,0,19,69,2,90,0,9,84,7,100,0,28,153,9,190,28,0,28,218
05/02/2009,STP,MN,AGL,CE,Towers with Radar,0,5,27,0,32,0,13,63,0,76,0,18,90,0,108,104,0,104,212
05/03/2009,STP,MN,AGL,CE,Towers with Radar,0,11,36,0,47,0,14,38,1,53,0,25,74,1,100,106,0,106,206
05/04/2009,STP,MN,AGL,CE,Towers with Radar,0,20,65,2,87,0,7,71,1,79,0,27,136,3,166,275,0,275,441
05/05/2009,STP,MN,AGL,CE,Towers with Radar,0,15,95,1,111,0,12,60,17,89,0,27,155,18,200,294,28,322,522
05/06/2009,STP,MN,AGL,CE,Towers with Radar,0,12,102,0,114,0,6,55,19,80,0,18,157,19,194,242,24,266,460
05/07/2009,STP,MN,AGL,CE,Towers with Radar,0,18,94,4,116,0,0,78,10,88,0,18,172,14,204,308,46,354,558
05/08/2009,STP,MN,AGL,CE,Towers with Radar,0,8,126,2,136,0,4,86,9,99,0,12,212,11,235,68,6,74,309
05/09/2009,STP,MN,AGL,CE,Towers with Radar,0,10,36,0,46,0,6,63,2,71,0,16,99,2,117,148,0,148,265
05/10/2009,STP,MN,AGL,CE,Towers with Radar,0,6,23,0,29,0,1,33,0,34,0,7,56,0,63,76,0,76,139
05/11/2009,STP,MN,AGL,CE,Towers with Radar,0,15,77,0,92,0,5,104,3,112,0,20,181,3,204,88,10,98,302
05/12/2009,STP,MN,AGL,CE,Towers with Radar,0,26,84,0,110,0,3,31,22,56,0,29,115,22,166,76,50,126,292
05/13/2009,STP,MN,AGL,CE,Towers with Radar,0,16,79,0,95,0,10,38,11,59,0,26,117,11,154,0,34,34,188
05/14/2009,STP,MN,AGL,CE,Towers with Radar,0,31,97,0,128,0,8,67,24,99,0,39,164,24,227,64,26,90,317
05/15/2009,STP,MN,AGL,CE,Towers with Radar,0,16,48,0,64,0,3,50,8,61,0,19,98,8,125,52,16,68,193
05/16/2009,STP,MN,AGL,CE,Towers with Radar,0,17,32,0,49,0,3,43,7,53,0,20,75,7,102,54,6,60,162
05/17/2009,STP,MN,AGL,CE,Towers with Radar,0,16,37,3,56,0,4,75,1,80,0,20,112,4,136,132,0,132,268
05/18/2009,STP,MN,AGL,CE,Towers with Radar,0,24,42,0,66,0,6,34,8,48,0,30,76,8,114,38,36,74,188
05/19/2009,STP,MN,AGL,CE,Towers with Radar,0,26,112,0,138,0,19,93,6,118,0,45,205,6,256,54,16,70,326
05/20/2009,STP,MN,AGL,CE,Towers with Radar,0,18,69,0,87,0,2,14,24,40,0,20,83,24,127,0,0,0,127
05/21/2009,STP,MN,AGL,CE,Towers with Radar,0,28,71,0,99,0,5,79,11,95,0,33,150,11,194,104,10,114,308
05/22/2009,STP,MN,AGL,CE,Towers with Radar,0,19,63,0,82,0,1,66,3,70,0,20,129,3,152,82,6,88,240
05/23/2009,STP,MN,AGL,CE,Towers with Radar,0,3,25,0,28,0,5,43,3,51,0,8,68,3,79,8,0,8,87
05/24/2009,STP,MN,AGL,CE,Towers with Radar,0,25,31,0,56,0,4,42,0,46,0,29,73,0,102,98,0,98,200
05/25/2009,STP,MN,AGL,CE,Towers with Radar,0,2,36,0,38,0,14,60,0,74,0,16,96,0,112,76,0,76,188
05/26/2009,STP,MN,AGL,CE,Towers with Radar,0,21,95,3,119,0,8,42,14,64,0,29,137,17,183,50,34,84,267
05/27/2009,STP,MN,AGL,CE,Towers with Radar,0,27,70,5,102,0,2,33,25,60,0,29,103,30,162,64,24,88,250
05/28/2009,STP,MN,AGL,CE,Towers with Radar,0,20,92,1,113,0,0,51,13,64,0,20,143,14,177,46,0,46,223
05/29/2009,STP,MN,AGL,CE,Towers with Radar,0,35,78,2,115,0,7,72,17,96,0,42,150,19,211,90,6,96,307
05/30/2009,STP,MN,AGL,CE,Towers with Radar,0,12,41,0,53,0,13,67,10,90,0,25,108,10,143,116,12,128,271
05/31/2009,STP,MN,AGL,CE,Towers with Radar,0,10,33,3,46,0,4,47,0,51,0,14,80,3,97,88,0,88,185
06/01/2009,STP,MN,AGL,CE,Towers with Radar,0,21,60,1,82,0,0,41,8,49,0,21,101,9,131,42,10,52,183
06/02/2009,STP,MN,AGL,CE,Towers with Radar,0,18,70,5,93,0,17,68,22,107,0,35,138,27,200,114,64,178,378
06/03/2009,STP,MN,AGL,CE,Towers with Radar,0,23,69,3,95,0,2,73,16,91,0,25,142,19,186,110,8,118,304
06/04/2009,STP,MN,AGL,CE,Towers with Radar,0,16,87,0,103,0,5,67,24,96,0,21,154,24,199,88,28,116,315
06/05/2009,STP,MN,AGL,CE,Towers with Radar,0,22,86,0,108,0,22,101,0,123,0,44,187,0,231,70,0,70,301
06/06/2009,STP,MN,AGL,CE,Towers with Radar,0,8,28,3,39,0,2,15,8,25,0,10,43,11,64,14,0,14,78
06/07/2009,STP,MN,AGL,CE,Towers with Radar,0,9,45,1,55,0,0,8,9,17,0,9,53,10,72,2,0,2,74
06/08/2009,STP,MN,AGL,CE,Towers with Radar,0,9,94,0,103,0,4,14,0,18,0,13,108,0,121,88,0,88,209
06/09/2009,STP,MN,AGL,CE,Towers with Radar,0,18,68,2,88,0,13,70,4,87,0,31,138,6,175,60,32,92,267
06/10/2009,STP,MN,AGL,CE,Towers with Radar,0,12,73,0,85,0,1,64,12,77,0,13,137,12,162,54,8,62,224
06/11/2009,STP,MN,AGL,CE,Towers with Radar,0,23,89,0,112,0,6,88,4,98,0,29,177,4,210,96,44,140,350
06/12/2009,STP,MN,AGL,CE,Towers with Radar,0,23,83,0,106,0,12,81,20,113,0,35,164,20,219,126,16,142,361
06/13/2009,STP,MN,AGL,CE,Towers with Radar,0,9,27,0,36,0,5,90,0,95,0,14,117,0,131,36,0,36,167
06/14/2009,STP,MN,AGL,CE,Towers with Radar,0,8,41,0,49,0,8,86,7,101,0,16,127,7,150,64,0,64,214
06/15/2009,STP,MN,AGL,CE,Towers with Radar,0,19,107,1,127,0,10,102,14,126,0,29,209,15,253,86,52,138,391
06/16/2009,STP,MN,AGL,CE,Towers with Radar,0,23,95,0,118,0,5,52,0,57,0,28,147,0,175,26,0,26,201
06/17/2009,STP,MN,AGL,CE,Towers with Radar,0,21,79,3,103,0,4,37,3,44,0,25,116,6,147,68,16,84,231
06/18/2009,STP,MN,AGL,CE,Towers with Radar,0,14,73,0,87,0,4,42,3,49,0,18,115,3,136,42,6,48,184
06/19/2009,STP,MN,AGL,CE,Towers with Radar,0,31,84,2,117,0,15,56,33,104,0,46,140,35,221,104,4,108,329
06/20/2009,STP,MN,AGL,CE,Towers with Radar,0,9,56,2,67,0,1,90,5,96,0,10,146,7,163,142,0,142,305
06/21/2009,STP,MN,AGL,CE,Towers with Radar,0,11,47,2,60,0,7,48,0,55,0,18,95,2,115,60,0,60,175
06/22/2009,STP,MN,AGL,CE,Towers with Radar,0,27,72,0,99,0,8,49,0,57,0,35,121,0,156,68,0,68,224
06/23/2009,STP,MN,AGL,CE,Towers with Radar,0,27,65,0,92,0,12,98,9,119,0,39,163,9,211,120,0,120,331
06/24/2009,STP,MN,AGL,CE,Towers with Radar,0,40,97,0,137,0,2,132,0,134,0,42,229,0,271,186,0,186,457
06/25/2009,STP,MN,AGL,CE,Towers with Radar,0,31,97,2,130,0,16,75,8,99,0,47,172,10,229,56,28,84,313
06/26/2009,STP,MN,AGL,CE,Towers with Radar,0,20,53,0,73,0,6,90,7,103,0,26,143,7,176,141,0,141,317
06/27/2009,STP,MN,AGL,CE,Towers with Radar,0,4,34,0,38,0,8,19,0,27,0,12,53,0,65,28,0,28,93
06/28/2009,STP,MN,AGL,CE,Towers with Radar,0,11,40,0,51,0,2,33,0,35,0,13,73,0,86,22,0,22,108
06/29/2009,STP,MN,AGL,CE,Towers with Radar,0,24,89,0,113,0,14,77,0,91,0,38,166,0,204,118,0,118,322
06/30/2009,STP,MN,AGL,CE,Towers with Radar,0,14,81,3,98,0,6,83,10,99,0,20,164,13,197,36,48,84,281
07/01/2009,STP,MN,AGL,CE,Towers with Radar,0,13,105,3,121,0,1,78,13,92,0,14,183,16,213,100,24,124,337
07/02/2009,STP,MN,AGL,CE,Towers with Radar,0,11,101,0,112,0,9,99,19,127,0,20,200,19,239,116,42,158,397
07/03/2009,STP,MN,AGL,CE,Towers with Radar,0,15,44,0,59,0,3,60,0,63,0,18,104,0,122,96,0,96,218
07/04/2009,STP,MN,AGL,CE,Towers with Radar,0,11,15,0,26,0,4,37,0,41,0,15,52,0,67,2,0,2,69
07/05/2009,STP,MN,AGL,CE,Towers with Radar,0,6,22,0,28,0,3,28,1,32,0,9,50,1,60,10,0,10,70
07/06/2009,STP,MN,AGL,CE,Towers with Radar,0,20,73,0,93,0,37,133,0,170,0,57,206,0,263,178,0,178,441
07/07/2009,STP,MN,AGL,CE,Towers with Radar,0,17,70,4,91,0,6,99,3,108,0,23,169,7,199,192,0,192,391
07/08/2009,STP,MN,AGL,CE,Towers with Radar,0,16,75,0,91,0,8,40,13,61,0,24,115,13,152,102,26,128,280
07/09/2009,STP,MN,AGL,CE,Towers with Radar,0,17,23,0,40,0,0,50,15,65,0,17,73,15,105,48,6,54,159
07/10/2009,STP,MN,AGL,CE,Towers with Radar,0,21,68,0,89,0,21,76,4,101,0,42,144,4,190,134,4,138,328
07/11/2009,STP,MN,AGL,CE,Towers with Radar,0,8,52,1,61,0,4,59,3,66,0,12,111,4,127,58,6,64,191
07/12/2009,STP,MN,AGL,CE,Towers with Radar,0,11,60,1,72,0,0,79,4,83,0,11,139,5,155,94,6,100,255
07/13/2009,STP,MN,AGL,CE,Towers with Radar,0,15,148,0,163,0,2,122,0,124,0,17,270,0,287,182,0,182,469
07/14/2009,STP,MN,AGL,CE,Towers with Radar,0,19,131,0,150,0,18,117,8,143,0,37,248,8,293,78,56,134,427
07/15/2009,STP,MN,AGL,CE,Towers with Radar,0,14,112,0,126,0,10,102,10,122,0,24,214,10,248,104,72,176,424
07/16/2009,STP,MN,AGL,CE,Towers with Radar,0,15,81,0,96,0,0,60,11,71,0,15,141,11,167,86,8,94,261
07/17/2009,STP,MN,AGL,CE,Towers with Radar,0,11,64,0,75,0,7,65,7,79,0,18,129,7,154,70,8,78,232
07/18/2009,STP,MN,AGL,CE,Towers with Radar,0,6,48,0,54,0,1,89,0,90,0,7,137,0,144,124,0,124,268
07/19/2009,STP,MN,AGL,CE,Towers with Radar,0,18,56,3,77,0,1,68,1,70,0,19,124,4,147,104,0,104,251
07/20/2009,STP,MN,AGL,CE,Towers with Radar,0,21,143,2,166,0,13,122,10,145,0,34,265,12,311,122,48,170,481
07/21/2009,STP,MN,AGL,CE,Towers with Radar,0,28,73,1,102,0,4,78,11,93,0,32,151,12,195,84,58,142,337
07/22/2009,STP,MN,AGL,CE,Towers with Radar,0,26,148,2,176,0,2,137,12,151,0,28,285,14,327,106,60,166,493
07/23/2009,STP,MN,AGL,CE,Towers with Radar,0,14,113,5,132,0,16,97,5,118,0,30,210,10,250,70,8,78,328
07/24/2009,STP,MN,AGL,CE,Towers with Radar,0,17,39,0,56,0,7,75,4,86,0,24,114,4,142,92,0,92,234
07/25/2009,STP,MN,AGL,CE,Towers with Radar,0,6,37,1,44,0,6,81,0,87,0,12,118,1,131,134,0,134,265
07/26/2009,STP,MN,AGL,CE,Towers with Radar,0,9,21,3,33,0,2,30,0,32,0,11,51,3,65,22,0,22,87
07/27/2009,STP,MN,AGL,CE,Towers with Radar,0,13,51,1,65,0,2,38,8,48,0,15,89,9,113,24,18,42,155
07/28/2009,STP,MN,AGL,CE,Towers with Radar,0,12,77,3,92,0,4,98,16,118,0,16,175,19,210,124,10,134,344
07/29/2009,STP,MN,AGL,CE,Towers with Radar,0,24,63,1,88,0,6,72,3,81,0,30,135,4,169,74,6,80,249
07/30/2009,STP,MN,AGL,CE,Towers with Radar,0,23,55,0,78,0,10,60,16,86,0,33,115,16,164,94,28,122,286
07/31/2009,STP,MN,AGL,CE,Towers with Radar,0,23,60,0,83,0,20,63,9,92,0,43,123,9,175,102,0,102,277
08/01/2009,STP,MN,AGL,CE,Towers with Radar,0,7,32,0,39,0,1,70,4,75,0,8,102,4,114,100,0,100,214
08/02/2009,STP,MN,AGL,CE,Towers with Radar,0,5,41,0,46,0,7,41,0,48,0,12,82,0,94,66,0,66,160
08/03/2009,STP,MN,AGL,CE,Towers with Radar,0,20,59,0,79,0,11,48,1,60,0,31,107,1,139,102,0,102,241
08/04/2009,STP,MN,AGL,CE,Towers with Radar,0,30,64,0,94,0,11,80,24,115,0,41,144,24,209,136,64,200,409
08/05/2009,STP,MN,AGL,CE,Towers with Radar,0,16,62,2,80,0,1,54,12,67,0,17,116,14,147,126,0,126,273
08/06/2009,STP,MN,AGL,CE,Towers with Radar,0,23,96,0,119,0,10,71,22,103,0,33,167,22,222,106,22,128,350
08/07/2009,STP,MN,AGL,CE,Towers with Radar,0,27,133,0,160,0,1,24,4,29,0,28,157,4,189,42,12,54,243
08/08/2009,STP,MN,AGL,CE,Towers with Radar,0,9,36,0,45,0,2,51,2,55,0,11,87,2,100,72,0,72,172
08/09/2009,STP,MN,AGL,CE,Towers with Radar,0,2,40,0,42,0,5,41,4,50,0,7,81,4,92,48,6,54,146
08/10/2009,STP,MN,AGL,CE,Towers with Radar,0,17,78,0,95,0,10,101,24,135,0,27,179,24,230,132,94,226,456
08/11/2009,STP,MN,AGL,CE,Towers with Radar,0,16,144,7,167,0,9,105,43,157,0,25,249,50,324,196,116,312,636
08/12/2009,STP,MN,AGL,CE,Towers with Radar,0,20,71,1,92,0,18,99,17,134,0,38,170,18,226,170,26,196,422
08/13/2009,STP,MN,AGL,CE,Towers with Radar,0,15,119,2,136,0,11,64,16,91,0,26,183,18,227,125,6,131,358
08/14/2009,STP,MN,AGL,CE,Towers with Radar,0,20,46,0,66,0,8,42,13,63,0,28,88,13,129,108,4,112,241
08/15/2009,STP,MN,AGL,CE,Towers with Radar,0,5,26,0,31,0,2,43,7,52,0,7,69,7,83,46,2,48,131
08/16/2009,STP,MN,AGL,CE,Towers with Radar,0,9,42,0,51,0,0,15,2,17,0,9,57,2,68,56,0,56,124
08/17/2009,STP,MN,AGL,CE,Towers with Radar,0,21,110,0,131,0,13,117,2,132,0,34,227,2,263,200,0,200,463
08/18/2009,STP,MN,AGL,CE,Towers with Radar,0,23,148,2,173,0,7,140,11,158,0,30,288,13,331,180,46,226,557
08/19/2009,STP,MN,AGL,CE,Towers with Radar,0,36,88,0,124,0,3,22,12,37,0,39,110,12,161,12,0,12,173
08/20/2009,STP,MN,AGL,CE,Towers with Radar,0,26,87,0,113,0,0,9,7,16,0,26,96,7,129,0,0,0,129
08/21/2009,STP,MN,AGL,CE,Towers with Radar,0,15,85,0,100,0,2,32,4,38,0,17,117,4,138,82,6,88,226
08/22/2009,STP,MN,AGL,CE,Towers with Radar,0,3,45,0,48,0,0,85,0,85,0,3,130,0,133,164,0,164,297
08/23/2009,STP,MN,AGL,CE,Towers with Radar,0,9,40,0,49,0,5,80,4,89,0,14,120,4,138,70,0,70,208
08/24/2009,STP,MN,AGL,CE,Towers with Radar,0,24,115,4,143,0,9,107,4,120,0,33,222,8,263,88,18,106,369
08/25/2009,STP,MN,AGL,CE,Towers with Radar,0,24,92,1,117,0,14,68,15,97,0,38,160,16,214,128,50,178,392
08/26/2009,STP,MN,AGL,CE,Towers with Radar,0,18,126,5,149,0,0,127,25,152,0,18,253,30,301,156,64,220,521
08/27/2009,STP,MN,AGL,CE,Towers with Radar,0,19,121,8,148,0,15,105,20,140,0,34,226,28,288,132,24,156,444
08/28/2009,STP,MN,AGL,CE,Towers with Radar,0,22,67,2,91,0,9,68,6,83,0,31,135,8,174,118,0,118,292
08/29/2009,STP,MN,AGL,CE,Towers with Radar,0,7,44,0,51,0,7,66,1,74,0,14,110,1,125,120,0,120,245
08/30/2009,STP,MN,AGL,CE,Towers with Radar,0,2,20,0,22,0,2,55,3,60,0,4,75,3,82,110,0,110,192
08/31/2009,STP,MN,AGL,CE,Towers with Radar,0,10,108,0,118,0,2,118,2,122,0,12,226,2,240,118,16,134,374
09/01/2009,STP,MN,AGL,CE,Towers with Radar,0,18,159,0,177,0,8,151,15,174,0,26,310,15,351,162,36,198,549
09/02/2009,STP,MN,AGL,CE,Towers with Radar,0,18,134,0,152,0,5,146,7,158,0,23,280,7,310,172,18,190,500
09/03/2009,STP,MN,AGL,CE,Towers with Radar,0,11,75,0,86,0,2,52,19,73,0,13,127,19,159,76,22,98,257
09/04/2009,STP,MN,AGL,CE,Towers with Radar,0,24,60,5,89,0,6,61,8,75,0,30,121,13,164,68,14,82,246
09/05/2009,STP,MN,AGL,CE,Towers with Radar,0,7,36,0,43,0,4,57,0,61,0,11,93,0,104,90,0,90,194
09/06/2009,STP,MN,AGL,CE,Towers with Radar,0,13,22,0,35,0,6,50,0,56,0,19,72,0,91,84,0,84,175
09/07/2009,STP,MN,AGL,CE,Towers with Radar,0,9,26,0,35,0,8,53,0,61,0,17,79,0,96,24,0,24,120
09/08/2009,STP,MN,AGL,CE,Towers with Radar,0,21,72,0,93,0,24,47,20,91,0,45,119,20,184,130,50,180,364
09/09/2009,STP,MN,AGL,CE,Towers with Radar,0,23,83,1,107,0,7,30,32,69,0,30,113,33,176,68,10,78,254
09/10/2009,STP,MN,AGL,CE,Towers with Radar,0,19,71,2,92,0,3,65,6,74,0,22,136,8,166,144,6,150,316
09/11/2009,STP,MN,AGL,CE,Towers with Radar,0,25,65,0,90,0,12,53,14,79,0,37,118,14,169,88,0,88,257
09/12/2009,STP,MN,AGL,CE,Towers with Radar,0,13,15,2,30,0,5,23,6,34,0,18,38,8,64,18,0,18,82
09/13/2009,STP,MN,AGL,CE,Towers with Radar,0,12,46,0,58,0,6,40,7,53,0,18,86,7,111,82,0,82,193
09/14/2009,STP,MN,AGL,CE,Towers with Radar,0,20,101,0,121,0,10,65,10,85,0,30,166,10,206,108,0,108,314
09/15/2009,STP,MN,AGL,CE,Towers with Radar,0,39,68,4,111,0,12,69,27,108,0,51,137,31,219,60,0,60,279
09/16/2009,STP,MN,AGL,CE,Towers with Radar,0,13,97,1,111,0,6,60,32,98,0,19,157,33,209,66,40,106,315
09/17/2009,STP,MN,AGL,CE,Towers with Radar,0,1,4,1,6,0,6,69,15,90,0,7,73,16,96,38,48,86,182
09/18/2009,STP,MN,AGL,CE,Towers with Radar,0,32,79,0,111,0,14,49,3,66,0,46,128,3,177,46,0,46,223
09/19/2009,STP,MN,AGL,CE,Towers with Radar,0,9,35,1,45,0,3,71,8,82,0,12,106,9,127,124,0,124,251
09/20/2009,STP,MN,AGL,CE,Towers with Radar,0,14,47,0,61,0,4,66,7,77,0,18,113,7,138,79,0,79,217
09/21/2009,STP,MN,AGL,CE,Towers with Radar,0,20,77,1,98,0,0,90,0,90,0,20,167,1,188,32,0,32,220
09/22/2009,STP,MN,AGL,CE,Towers with Radar,0,17,74,6,97,0,10,16,14,40,0,27,90,20,137,30,34,64,201
09/23/2009,STP,MN,AGL,CE,Towers with Radar,0,19,74,6,99,0,3,44,20,67,0,22,118,26,166,32,10,42,208
09/24/2009,STP,MN,AGL,CE,Towers with Radar,0,18,75,0,93,0,4,55,13,72,0,22,130,13,165,72,0,72,237
09/25/2009,STP,MN,AGL,CE,Towers with Radar,0,23,77,2,102,0,4,19,5,28,0,27,96,7,130,0,0,0,130
09/26/2009,STP,MN,AGL,CE,Towers with Radar,0,17,39,0,56,0,8,28,2,38,0,25,67,2,94,42,0,42,136
09/27/2009,STP,MN,AGL,CE,Towers with Radar,0,21,59,0,80,0,8,20,0,28,0,29,79,0,108,26,0,26,134
09/28/2009,STP,MN,AGL,CE,Towers with Radar,0,19,59,4,82,0,2,26,3,31,0,21,85,7,113,10,0,10,123
09/29/2009,STP,MN,AGL,CE,Towers with Radar,0,22,101,1,124,0,7,97,14,118,0,29,198,15,242,120,26,146,388
09/30/2009,STP,MN,AGL,CE,Towers with Radar,0,22,100,4,126,0,1,61,21,83,0,23,161,25,209,92,0,92,301
10/01/2009,STP,MN,AGL,CE,Towers with Radar,0,37,124,0,161,0,0,16,9,25,0,37,140,9,186,0,6,6,192
10/02/2009,STP,MN,AGL,CE,Towers with Radar,0,45,101,3,149,0,0,2,0,2,0,45,103,3,151,0,0,0,151
10/03/2009,STP,MN,AGL,CE,Towers with Radar,0,9,55,0,64,0,8,3,0,11,0,17,58,0,75,26,0,26,101
10/04/2009,STP,MN,AGL,CE,Towers with Radar,0,17,47,0,64,0,12,21,0,33,0,29,68,0,97,24,0,24,121
10/05/2009,STP,MN,AGL,CE,Towers with Radar,0,21,133,0,154,0,0,44,13,57,0,21,177,13,211,40,48,88,299
10/06/2009,STP,MN,AGL,CE,Towers with Radar,0,30,107,1,138,5,1,7,0,13,5,31,114,1,151,0,10,10,161
10/07/2009,STP,MN,AGL,CE,Towers with Radar,0,24,124,1,149,0,17,31,120,168,0,41,155,121,317,92,58,150,467
10/08/2009,STP,MN,AGL,CE,Towers with Radar,0,20,131,3,154,0,1,95,29,125,0,21,226,32,279,46,78,124,403
10/09/2009,STP,MN,AGL,CE,Towers with Radar,0,24,63,0,87,0,3,72,0,75,0,27,135,0,162,74,0,74,236
10/10/2009,STP,MN,AGL,CE,Towers with Radar,0,9,30,0,39,0,3,52,2,57,0,12,82,2,96,26,0,26,122
10/11/2009,STP,MN,AGL,CE,Towers with Radar,0,10,22,0,32,0,4,21,0,25,0,14,43,0,57,28,0,28,85
10/12/2009,STP,MN,AGL,CE,Towers with Radar,0,13,50,0,63,0,1,0,0,1,0,14,50,0,64,0,0,0,64
10/13/2009,STP,MN,AGL,CE,Towers with Radar,0,17,126,2,145,0,4,69,15,88,0,21,195,17,233,50,60,110,343
10/14/2009,STP,MN,AGL,CE,Towers with Radar,0,23,68,2,93,0,10,31,22,63,0,33,99,24,156,0,60,60,216
10/15/2009,STP,MN,AGL,CE,Towers with Radar,0,33,105,0,138,0,7,4,6,17,0,40,109,6,155,0,0,0,155
10/16/2009,STP,MN,AGL,CE,Towers with Radar,0,30,70,0,100,0,4,36,9,49,0,34,106,9,149,28,0,28,177
10/17/2009,STP,MN,AGL,CE,Towers with Radar,0,9,35,0,44,0,6,67,5,78,0,15,102,5,122,116,0,116,238
10/18/2009,STP,MN,AGL,CE,Towers with Radar,0,20,56,1,77,0,3,71,5,79,0,23,127,6,156,142,0,142,298
10/19/2009,STP,MN,AGL,CE,Towers with Radar,0,14,66,0,80,0,7,56,0,63,0,21,122,0,143,34,0,34,177
10/20/2009,STP,MN,AGL,CE,Towers with Radar,0,39,95,1,135,0,1,29,13,43,0,40,124,14,178,34,46,80,258
10/21/2009,STP,MN,AGL,CE,Towers with Radar,0,27,75,0,102,0,0,0,0,0,0,27,75,0,102,0,0,0,102
10/22/2009,STP,MN,AGL,CE,Towers with Radar,0,31,94,4,129,0,2,25,15,42,0,33,119,19,171,54,14,68,239
10/23/2009,STP,MN,AGL,CE,Towers with Radar,0,23,65,0,88,0,0,0,0,0,0,23,65,0,88,0,0,0,88
10/24/2009,STP,MN,AGL,CE,Towers with Radar,0,3,29,0,32,0,4,41,10,55,0,7,70,10,87,50,6,56,143
10/25/2009,STP,MN,AGL,CE,Towers with Radar,0,15,29,0,44,0,1,2,0,3,0,16,31,0,47,0,0,0,47
10/26/2009,STP,MN,AGL,CE,Towers with Radar,0,18,69,0,87,0,5,33,2,40,0,23,102,2,127,62,0,62,189
10/27/2009,STP,MN,AGL,CE,Towers with Radar,0,34,69,5,108,0,11,6,37,54,0,45,75,42,162,52,0,52,214
10/28/2009,STP,MN,AGL,CE,Towers with Radar,0,39,115,6,160,0,3,19,5,27,0,42,134,11,187,12,4,16,203
10/29/2009,STP,MN,AGL,CE,Towers with Radar,0,48,79,1,128,0,4,1,0,5,0,52,80,1,133,24,0,24,157
10/30/2009,STP,MN,AGL,CE,Towers with Radar,0,35,72,0,107,0,3,25,15,43,0,38,97,15,150,0,0,0,150
10/31/2009,STP,MN,AGL,CE,Towers with Radar,0,6,35,0,41,0,0,46,0,46,0,6,81,0,87,60,0,60,147
11/01/2009,STP,MN,AGL,CE,Towers with Radar,0,13,41,0,54,0,4,52,0,56,0,17,93,0,110,22,0,22,132
11/02/2009,STP,MN,AGL,CE,Towers with Radar,0,17,82,0,99,0,9,49,12,70,0,26,131,12,169,4,30,34,203
11/03/2009,STP,MN,AGL,CE,Towers with Radar,0,20,48,0,68,0,9,31,18,58,0,29,79,18,126,36,6,42,168
11/04/2009,STP,MN,AGL,CE,Towers with Radar,1,0,0,0,1,0,0,16,29,45,1,0,16,29,46,14,40,54,100
11/05/2009,STP,MN,AGL,CE,Towers with Radar,0,15,92,7,114,0,7,63,4,74,0,22,155,11,188,80,100,180,368
11/06/2009,STP,MN,AGL,CE,Towers with Radar,0,18,67,4,89,0,6,42,9,57,0,24,109,13,146,44,30,74,220
11/07/2009,STP,MN,AGL,CE,Towers with Radar,0,6,20,3,29,0,5,62,10,77,0,11,82,13,106,39,44,83,189
11/08/2009,STP,MN,AGL,CE,Towers with Radar,0,8,47,0,55,0,3,46,7,56,0,11,93,7,111,34,2,36,147
11/09/2009,STP,MN,AGL,CE,Towers with Radar,0,19,145,6,170,0,10,140,4,154,0,29,285,10,324,96,14,110,434
11/10/2009,STP,MN,AGL,CE,Towers with Radar,0,24,73,1,98,0,2,96,20,118,0,26,169,21,216,138,8,146,362
11/11/2009,STP,MN,AGL,CE,Towers with Radar,0,11,69,0,80,0,0,18,0,18,0,11,87,0,98,10,0,10,108
11/12/2009,STP,MN,AGL,CE,Towers with Radar,0,16,93,3,112,0,1,33,17,51,0,17,126,20,163,40,30,70,233
11/13/2009,STP,MN,AGL,CE,Towers with Radar,0,14,69,1,84,0,6,7,4,17,0,20,76,5,101,8,6,14,115
11/14/2009,STP,MN,AGL,CE,Towers with Radar,0,4,52,1,57,0,3,27,14,44,0,7,79,15,101,56,4,60,161
11/15/2009,STP,MN,AGL,CE,Towers with Radar,0,17,49,1,67,0,4,58,0,62,0,21,107,1,129,102,0,102,231
11/16/2009,STP,MN,AGL,CE,Towers with Radar,0,15,124,0,139,0,11,143,4,158,0,26,267,4,297,134,20,154,451
11/17/2009,STP,MN,AGL,CE,Towers with Radar,0,16,139,1,156,0,20,124,20,164,0,36,263,21,320,118,76,194,514
11/18/2009,STP,MN,AGL,CE,Towers with Radar,0,26,96,0,122,0,12,112,37,161,0,38,208,37,283,106,76,182,465
11/19/2009,STP,MN,AGL,CE,Towers with Radar,0,16,89,0,105,0,0,31,17,48,0,16,120,17,153,0,8,8,161
11/20/2009,STP,MN,AGL,CE,Towers with Radar,0,14,69,1,84,0,1,66,7,74,0,15,135,8,158,72,8,80,238
11/21/2009,STP,MN,AGL,CE,Towers with Radar,0,12,50,0,62,0,2,55,0,57,0,14,105,0,119,138,0,138,257
11/22/2009,STP,MN,AGL,CE,Towers with Radar,0,7,29,0,36,0,3,32,0,35,0,10,61,0,71,0,0,0,71
11/23/2009,STP,MN,AGL,CE,Towers with Radar,0,15,60,0,75,0,2,15,0,17,0,17,75,0,92,50,0,50,142
11/24/2009,STP,MN,AGL,CE,Towers with Radar,0,1,7,2,10,0,3,1,0,4,0,4,8,2,14,0,0,0,14
11/25/2009,STP,MN,AGL,CE,Towers with Radar,0,18,46,0,64,0,3,8,9,20,0,21,54,9,84,0,0,0,84
11/26/2009,STP,MN,AGL,CE,Towers with Radar,0,6,6,0,12,0,0,8,0,8,0,6,14,0,20,6,0,6,26
11/27/2009,STP,MN,AGL,CE,Towers with Radar,0,10,38,0,48,0,6,51,6,63,0,16,89,6,111,60,4,64,175
11/28/2009,STP,MN,AGL,CE,Towers with Radar,0,8,38,0,46,0,1,75,0,76,0,9,113,0,122,92,0,92,214
11/29/2009,STP,MN,AGL,CE,Towers with Radar,0,19,72,0,91,0,1,31,0,32,0,20,103,0,123,44,0,44,167
11/30/2009,STP,MN,AGL,CE,Towers with Radar,0,29,117,4,150,0,2,111,2,115,0,31,228,6,265,130,0,130,395
12/01/2009,STP,MN,AGL,CE,Towers with Radar,0,30,111,0,141,0,8,112,20,140,0,38,223,20,281,68,102,170,451
12/02/2009,STP,MN,AGL,CE,Towers with Radar,0,18,98,1,117,0,2,99,18,119,0,20,197,19,236,38,56,94,330
12/03/2009,STP,MN,AGL,CE,Towers with Radar,0,17,91,0,108,0,5,29,19,53,0,22,120,19,161,52,51,103,264
12/04/2009,STP,MN,AGL,CE,Towers with Radar,0,13,67,1,81,0,2,13,5,20,0,15,80,6,101,14,0,14,115
12/05/2009,STP,MN,AGL,CE,Towers with Radar,0,7,21,0,28,0,3,50,0,53,0,10,71,0,81,138,0,138,219
12/06/2009,STP,MN,AGL,CE,Towers with Radar,0,9,36,0,45,0,2,38,0,40,0,11,74,0,85,72,0,72,157
12/07/2009,STP,MN,AGL,CE,Towers with Radar,0,18,69,0,87,0,3,29,2,34,0,21,98,2,121,76,18,94,215
12/08/2009,STP,MN,AGL,CE,Towers with Radar,0,27,58,3,88,0,0,3,0,3,0,27,61,3,91,0,0,0,91
12/09/2009,STP,MN,AGL,CE,Towers with Radar,0,15,34,0,49,0,5,3,6,14,0,20,37,6,63,0,0,0,63
12/10/2009,STP,MN,AGL,CE,Towers with Radar,0,22,110,3,135,0,2,62,33,97,0,24,172,36,232,74,90,164,396
12/11/2009,STP,MN,AGL,CE,Towers with Radar,0,14,83,0,97,0,7,49,15,71,0,21,132,15,168,46,52,98,266
12/12/2009,STP,MN,AGL,CE,Towers with Radar,0,4,36,0,40,0,0,53,0,53,0,4,89,0,93,124,0,124,217
12/13/2009,STP,MN,AGL,CE,Towers with Radar,0,11,60,0,71,0,2,48,0,50,0,13,108,0,121,82,0,82,203
12/14/2009,STP,MN,AGL,CE,Towers with Radar,0,14,91,0,105,0,0,32,4,36,0,14,123,4,141,10,10,20,161
12/15/2009,STP,MN,AGL,CE,Towers with Radar,0,26,93,6,125,0,10,43,20,73,0,36,136,26,198,38,86,124,322
12/16/2009,STP,MN,AGL,CE,Towers with Radar,0,25,126,8,159,0,6,55,26,87,0,31,181,34,246,48,56,104,350
12/17/2009,STP,MN,AGL,CE,Towers with Radar,0,20,124,4,148,0,6,103,29,138,0,26,227,33,286,92,56,148,434
12/18/2009,STP,MN,AGL,CE,Towers with Radar,0,15,85,0,100,0,0,35,19,54,0,15,120,19,154,40,0,40,194
12/19/2009,STP,MN,AGL,CE,Towers with Radar,0,15,56,0,71,0,2,82,1,85,0,17,138,1,156,156,0,156,312
12/20/2009,STP,MN,AGL,CE,Towers with Radar,0,9,33,0,42,0,0,0,0,0,0,9,33,0,42,0,0,0,42
12/21/2009,STP,MN,AGL,CE,Towers with Radar,0,10,48,0,58,0,4,0,0,4,0,14,48,0,62,6,0,6,68
12/22/2009,STP,MN,AGL,CE,Towers with Radar,0,26,100,0,126,0,2,33,6,41,0,28,133,6,167,30,0,30,197
12/23/2009,STP,MN,AGL,CE,Towers with Radar,0,22,57,4,83,0,0,14,7,21,0,22,71,11,104,18,52,70,174
12/24/2009,STP,MN,AGL,CE,Towers with Radar,0,9,2,0,11,0,0,0,0,0,0,9,2,0,11,0,0,0,11
12/25/2009,STP,MN,AGL,CE,Towers with Radar,0,5,6,0,11,0,0,0,0,0,0,5,6,0,11,0,0,0,11
12/26/2009,STP,MN,AGL,CE,Towers with Radar,0,9,19,0,28,0,5,10,0,15,0,14,29,0,43,12,0,12,55
12/27/2009,STP,MN,AGL,CE,Towers with Radar,0,13,39,0,52,0,9,32,0,41,0,22,71,0,93,46,0,46,139
12/28/2009,STP,MN,AGL,CE,Towers with Radar,0,22,68,2,92,0,7,50,16,73,0,29,118,18,165,38,74,112,277
12/29/2009,STP,MN,AGL,CE,Towers with Radar,0,31,50,0,81,0,13,28,37,78,0,44,78,37,159,50,120,170,329
12/30/2009,STP,MN,AGL,CE,Towers with Radar,0,16,40,4,60,0,1,1,2,4,0,17,41,6,64,0,10,10,74
12/31/2009,STP,MN,AGL,CE,Towers with Radar,0,15,47,0,62,0,6,44,6,56,0,21,91,6,118,76,50,126,244
01/01/2010,STP,MN,AGL,CE,Towers with Radar,0,13,20,0,33,0,4,5,0,9,0,17,25,0,42,18,0,18,60
01/02/2010,STP,MN,AGL,CE,Towers with Radar,0,8,44,0,52,0,9,27,0,36,0,17,71,0,88,42,0,42,130
01/03/2010,STP,MN,AGL,CE,Towers with Radar,0,6,44,0,50,0,0,22,0,22,0,6,66,0,72,18,0,18,90
01/04/2010,STP,MN,AGL,CE,Towers with Radar,0,15,55,0,70,0,2,26,0,28,0,17,81,0,98,36,0,36,134
01/05/2010,STP,MN,AGL,CE,Towers with Radar,0,26,77,2,105,0,0,65,23,88,0,26,142,25,193,66,46,112,305
01/06/2010,STP,MN,AGL,CE,Towers with Radar,0,17,75,3,95,0,1,37,22,60,0,18,112,25,155,22,96,118,273
01/07/2010,STP,MN,AGL,CE,Towers with Radar,0,11,54,0,65,0,2,0,0,2,0,13,54,0,67,0,0,0,67
01/08/2010,STP,MN,AGL,CE,Towers with Radar,0,14,48,1,63,0,5,30,16,51,0,19,78,17,114,50,0,50,164
01/09/2010,STP,MN,AGL,CE,Towers with Radar,0,7,25,0,32,0,0,53,7,60,0,7,78,7,92,60,22,82,174
01/10/2010,STP,MN,AGL,CE,Towers with Radar,0,11,25,0,36,0,0,53,2,55,0,11,78,2,91,76,0,76,167
01/11/2010,STP,MN,AGL,CE,Towers with Radar,0,14,63,0,77,0,0,35,3,38,0,14,98,3,115,4,0,4,119
01/12/2010,STP,MN,AGL,CE,Towers with Radar,0,12,78,5,95,0,15,51,27,93,0,27,129,32,188,72,72,144,332
01/13/2010,STP,MN,AGL,CE,Towers with Radar,0,17,88,5,110,0,1,17,15,33,0,18,105,20,143,0,14,14,157
01/14/2010,STP,MN,AGL,CE,Towers with Radar,0,16,57,0,73,0,0,7,11,18,0,16,64,11,91,10,6,16,107
01/15/2010,STP,MN,AGL,CE,Towers with Radar,0,16,81,0,97,3,1,0,0,4,3,17,81,0,101,44,0,44,145
01/16/2010,STP,MN,AGL,CE,Towers with Radar,0,4,59,0,63,0,3,53,0,56,0,7,112,0,119,88,0,88,207
01/17/2010,STP,MN,AGL,CE,Towers with Radar,0,15,74,0,89,0,6,22,0,28,0,21,96,0,117,34,0,34,151
01/18/2010,STP,MN,AGL,CE,Towers with Radar,0,4,62,0,66,0,1,45,1,47,0,5,107,1,113,106,6,112,225
01/19/2010,STP,MN,AGL,CE,Towers with Radar,0,12,57,4,73,0,0,0,0,0,0,12,57,4,73,8,0,8,81
01/20/2010,STP,MN,AGL,CE,Towers with Radar,0,21,48,0,69,0,6,19,31,56,0,27,67,31,125,54,94,148,273
01/21/2010,STP,MN,AGL,CE,Towers with Radar,0,25,94,0,119,0,2,15,3,20,0,27,109,3,139,10,18,28,167
01/22/2010,STP,MN,AGL,CE,Towers with Radar,0,24,60,0,84,0,2,6,0,8,0,26,66,0,92,24,0,24,116
01/23/2010,STP,MN,AGL,CE,Towers with Radar,0,2,9,0,11,0,0,0,0,0,0,2,9,0,11,0,0,0,11
01/24/2010,STP,MN,AGL,CE,Towers with Radar,0,11,24,0,35,0,0,0,0,0,0,11,24,0,35,0,0,0,35
01/25/2010,STP,MN,AGL,CE,Towers with Radar,0,8,47,0,55,0,1,0,0,1,0,9,47,0,56,0,0,0,56
01/26/2010,STP,MN,AGL,CE,Towers with Radar,0,10,58,1,69,0,9,18,26,53,0,19,76,27,122,38,18,56,178
01/27/2010,STP,MN,AGL,CE,Towers with Radar,0,13,47,2,62,0,2,35,21,58,0,15,82,23,120,26,14,40,160
01/28/2010,STP,MN,AGL,CE,Towers with Radar,0,12,55,1,68,0,1,35,24,60,0,13,90,25,128,58,0,58,186
01/29/2010,STP,MN,AGL,CE,Towers with Radar,0,16,69,7,92,0,3,26,8,37,0,19,95,15,129,39,0,39,168
01/30/2010,STP,MN,AGL,CE,Towers with Radar,0,4,29,0,33,0,9,81,0,90,0,13,110,0,123,162,0,162,285
01/31/2010,STP,MN,AGL,CE,Towers with Radar,0,5,45,0,50,0,4,43,2,49,0,9,88,2,99,34,0,34,133
02/01/2010,STP,MN,AGL,CE,Towers with Radar,0,18,56,3,77,0,2,3,0,5,0,20,59,3,82,4,0,4,86
02/02/2010,STP,MN,AGL,CE,Towers with Radar,0,26,45,7,78,0,14,11,21,46,0,40,56,28,124,20,30,50,174
02/03/2010,STP,MN,AGL,CE,Towers with Radar,0,16,92,0,108,0,3,37,4,44,0,19,129,4,152,30,26,56,208
02/04/2010,STP,MN,AGL,CE,Towers with Radar,0,20,67,2,89,0,1,0,1,2,0,21,67,3,91,0,6,6,97
02/05/2010,STP,MN,AGL,CE,Towers with Radar,0,15,45,1,61,0,1,2,4,7,0,16,47,5,68,0,0,0,68
02/06/2010,STP,MN,AGL,CE,Towers with Radar,0,5,32,0,37,0,0,20,17,37,0,5,52,17,74,36,0,36,110
02/07/2010,STP,MN,AGL,CE,Towers with Radar,0,5,21,0,26,0,0,4,0,4,0,5,25,0,30,0,0,0,30
02/08/2010,STP,MN,AGL,CE,Towers with Radar,0,22,73,0,95,0,0,0,0,0,0,22,73,0,95,0,0,0,95
02/09/2010,STP,MN,AGL,CE,Towers with Radar,0,24,54,6,84,0,3,9,14,26,0,27,63,20,110,0,12,12,122
02/10/2010,STP,MN,AGL,CE,Towers with Radar,0,5,67,2,74,0,7,39,38,84,0,12,106,40,158,64,38,102,260
02/11/2010,STP,MN,AGL,CE,Towers with Radar,0,23,89,4,116,0,5,44,33,82,0,28,133,37,198,106,28,134,332
02/12/2010,STP,MN,AGL,CE,Towers with Radar,0,24,53,0,77,0,1,20,0,21,0,25,73,0,98,28,0,28,126
02/13/2010,STP,MN,AGL,CE,Towers with Radar,0,5,16,0,21,0,1,7,0,8,0,6,23,0,29,6,0,6,35
02/14/2010,STP,MN,AGL,CE,Towers with Radar,0,5,26,0,31,0,0,19,0,19,0,5,45,0,50,30,0,30,80
02/15/2010,STP,MN,AGL,CE,Towers with Radar,0,16,73,0,89,0,4,28,1,33,0,20,101,1,122,60,0,60,182
02/16/2010,STP,MN,AGL,CE,Towers with Radar,0,19,90,4,113,0,10,49,32,91,0,29,139,36,204,62,40,102,306
02/17/2010,STP,MN,AGL,CE,Towers with Radar,0,29,77,0,106,0,11,55,25,91,0,40,132,25,197,62,34,96,293
02/18/2010,STP,MN,AGL,CE,Towers with Radar,0,21,106,5,132,0,0,52,34,86,0,21,158,39,218,58,12,70,288
02/19/2010,STP,MN,AGL,CE,Towers with Radar,0,20,66,0,86,0,1,56,9,66,0,21,122,9,152,70,12,82,234
02/20/2010,STP,MN,AGL,CE,Towers with Radar,0,6,24,0,30,0,1,66,0,67,0,7,90,0,97,112,0,112,209
02/21/2010,STP,MN,AGL,CE,Towers with Radar,0,6,50,0,56,0,0,55,2,57,0,6,105,2,113,72,0,72,185
02/22/2010,STP,MN,AGL,CE,Towers with Radar,0,17,60,0,77,0,6,23,13,42,0,23,83,13,119,74,6,80,199
02/23/2010,STP,MN,AGL,CE,Towers with Radar,0,8,56,4,68,0,7,9,27,43,0,15,65,31,111,0,36,36,147
02/24/2010,STP,MN,AGL,CE,Towers with Radar,0,12,87,0,99,0,21,53,22,96,0,33,140,22,195,56,54,110,305
02/25/2010,STP,MN,AGL,CE,Towers with Radar,0,22,86,13,121,0,6,63,23,92,0,28,149,36,213,96,12,108,321
02/26/2010,STP,MN,AGL,CE,Towers with Radar,0,31,105,2,138,0,15,66,9,90,0,46,171,11,228,90,14,104,332
02/27/2010,STP,MN,AGL,CE,Towers with Radar,0,4,35,0,39,0,3,66,0,69,0,7,101,0,108,92,0,92,200
02/28/2010,STP,MN,AGL,CE,Towers with Radar,0,6,23,0,29,0,4,42,0,46,0,10,65,0,75,58,8,66,141
03/01/2010,STP,MN,AGL,CE,Towers with Radar,0,16,103,0,119,0,12,85,0,97,0,28,188,0,216,74,0,74,290
03/02/2010,STP,MN,AGL,CE,Towers with Radar,0,24,106,4,134,0,4,59,8,71,0,28,165,12,205,118,38,156,361
03/03/2010,STP,MN,AGL,CE,Towers with Radar,0,16,71,0,87,0,4,52,9,65,0,20,123,9,152,64,28,92,244
03/04/2010,STP,MN,AGL,CE,Towers with Radar,0,9,82,3,94,0,6,46,34,86,0,15,128,37,180,46,2,48,228
03/05/2010,STP,MN,AGL,CE,Towers with Radar,0,10,71,0,81,0,5,42,6,53,0,15,113,6,134,146,0,146,280
03/06/2010,STP,MN,AGL,CE,Towers with Radar,0,4,21,0,25,0,4,52,40,96,0,8,73,40,121,50,0,50,171
03/07/2010,STP,MN,AGL,CE,Towers with Radar,0,4,32,0,36,0,4,56,0,60,0,8,88,0,96,128,0,128,224
03/08/2010,STP,MN,AGL,CE,Towers with Radar,0,25,75,0,100,0,0,6,0,6,0,25,81,0,106,0,0,0,106
03/09/2010,STP,MN,AGL,CE,Towers with Radar,0,24,54,0,78,0,0,0,0,0,0,24,54,0,78,0,0,0,78
03/10/2010,STP,MN,AGL,CE,Towers with Radar,0,13,59,0,72,0,0,0,0,0,0,13,59,0,72,0,0,0,72
03/11/2010,STP,MN,AGL,CE,Towers with Radar,0,16,46,0,62,0,0,0,0,0,0,16,46,0,62,0,0,0,62
03/12/2010,STP,MN,AGL,CE,Towers with Radar,0,9,60,2,71,0,0,0,0,0,0,9,60,2,71,0,0,0,71
03/13/2010,STP,MN,AGL,CE,Towers with Radar,0,8,35,0,43,0,0,0,0,0,0,8,35,0,43,0,0,0,43
03/14/2010,STP,MN,AGL,CE,Towers with Radar,0,12,53,0,65,0,2,42,0,44,0,14,95,0,109,56,0,56,165
03/15/2010,STP,MN,AGL,CE,Towers with Radar,0,16,94,1,111,0,3,41,0,44,0,19,135,1,155,20,0,20,175
03/16/2010,STP,MN,AGL,CE,Towers with Radar,0,27,91,0,118,0,4,23,17,44,0,31,114,17,162,68,54,122,284
03/17/2010,STP,MN,AGL,CE,Towers with Radar,0,16,54,5,75,0,9,75,20,104,0,25,129,25,179,92,60,152,331
03/18/2010,STP,MN,AGL,CE,Towers with Radar,0,13,86,0,99,0,5,44,10,59,0,18,130,10,158,64,28,92,250
03/19/2010,STP,MN,AGL,CE,Towers with Radar,0,16,45,2,63,0,2,22,11,35,0,18,67,13,98,52,14,66,164
03/20/2010,STP,MN,AGL,CE,Towers with Radar,0,3,24,0,27,0,0,60,2,62,0,3,84,2,89,42,2,44,133
03/21/2010,STP,MN,AGL,CE,Towers with Radar,0,4,22,0,26,0,3,75,1,79,0,7,97,1,105,54,0,54,159
03/22/2010,STP,MN,AGL,CE,Towers with Radar,0,16,69,0,85,0,9,26,3,38,0,25,95,3,123,20,0,20,143
03/23/2010,STP,MN,AGL,CE,Towers with Radar,0,19,84,2,105,0,14,72,25,111,0,33,156,27,216,62,68,130,346
03/24/2010,STP,MN,AGL,CE,Towers with Radar,0,27,76,1,104,0,20,53,36,109,0,47,129,37,213,60,78,138,351
03/25/2010,STP,MN,AGL,CE,Towers with Radar,0,24,85,0,109,0,10,57,15,82,0,34,142,15,191,94,50,144,335
03/26/2010,STP,MN,AGL,CE,Towers with Radar,0,20,43,0,63,0,7,59,5,71,0,27,102,5,134,96,14,110,244
03/27/2010,STP,MN,AGL,CE,Towers with Radar,0,3,33,0,36,0,2,13,2,17,0,5,46,2,53,0,0,0,53
03/28/2010,STP,MN,AGL,CE,Towers with Radar,0,4,32,0,36,0,4,30,0,34,0,8,62,0,70,30,0,30,100
03/29/2010,STP,MN,AGL,CE,Towers with Radar,0,18,59,0,77,0,9,40,1,50,0,27,99,1,127,52,0,52,179
03/30/2010,STP,MN,AGL,CE,Towers with Radar,0,26,97,4,127,0,19,72,29,120,0,45,169,33,247,48,92,140,387
03/31/2010,STP,MN,AGL,CE,Towers with Radar,0,26,75,4,105,0,9,67,39,115,0,35,142,43,220,56,116,172,392
04/01/2010,STP,MN,AGL,CE,Towers with Radar,0,23,77,1,101,0,3,54,51,108,0,26,131,52,209,94,84,178,387
04/02/2010,STP,MN,AGL,CE,Towers with Radar,0,14,36,0,50,0,6,35,6,47,0,20,71,6,97,98,4,102,199
04/03/2010,STP,MN,AGL,CE,Towers with Radar,0,7,32,0,39,0,2,48,0,50,0,9,80,0,89,38,0,38,127
04/04/2010,STP,MN,AGL,CE,Towers with Radar,0,5,14,0,19,0,0,29,0,29,0,5,43,0,48,14,0,14,62
04/05/2010,STP,MN,AGL,CE,Towers with Radar,0,21,71,1,93,0,30,41,5,76,0,51,112,6,169,246,18,264,433
04/06/2010,STP,MN,AGL,CE,Towers with Radar,0,19,67,8,94,0,14,20,10,44,0,33,87,18,138,290,58,348,486
04/07/2010,STP,MN,AGL,CE,Towers with Radar,0,26,127,3,156,0,10,72,29,111,0,36,199,32,267,302,88,390,657
04/08/2010,STP,MN,AGL,CE,Towers with Radar,0,19,107,0,126,0,19,70,40,129,0,38,177,40,255,212,78,290,545
04/09/2010,STP,MN,AGL,CE,Towers with Radar,0,19,75,1,95,0,1,76,3,80,0,20,151,4,175,72,0,72,247
04/10/2010,STP,MN,AGL,CE,Towers with Radar,0,8,38,0,46,0,6,49,2,57,0,14,87,2,103,82,6,88,191
04/11/2010,STP,MN,AGL,CE,Towers with Radar,0,6,35,1,42,0,0,44,4,48,0,6,79,5,90,72,0,72,162
04/12/2010,STP,MN,AGL,CE,Towers with Radar,0,18,103,0,121,0,17,41,4,62,0,35,144,4,183,70,18,88,271
04/13/2010,STP,MN,AGL,CE,Towers with Radar,0,15,125,1,141,0,7,111,40,158,0,22,236,41,299,108,92,200,499
04/14/2010,STP,MN,AGL,CE,Towers with Radar,0,25,113,3,141,0,13,106,26,145,0,38,219,29,286,76,124,200,486
04/15/2010,STP,MN,AGL,CE,Towers with Radar,0,21,73,0,94,0,3,40,6,49,0,24,113,6,143,34,0,34,177
04/16/2010,STP,MN,AGL,CE,Towers with Radar,0,22,79,0,101,0,27,32,9,68,0,49,111,9,169,62,0,62,231
04/17/2010,STP,MN,AGL,CE,Towers with Radar,0,3,29,0,32,0,4,102,0,106,0,7,131,0,138,172,0,172,310
04/18/2010,STP,MN,AGL,CE,Towers with Radar,0,8,49,0,57,0,11,55,8,74,0,19,104,8,131,96,0,96,227
04/19/2010,STP,MN,AGL,CE,Towers with Radar,0,9,59,0,68,0,4,50,6,60,0,13,109,6,128,16,8,24,152
04/20/2010,STP,MN,AGL,CE,Towers with Radar,0,18,70,6,94,0,8,70,38,116,0,26,140,44,210,36,38,74,284
04/21/2010,STP,MN,AGL,CE,Towers with Radar,0,17,111,0,128,0,6,92,45,143,0,23,203,45,271,106,138,244,515
04/22/2010,STP,MN,AGL,CE,Towers with Radar,0,17,86,0,103,0,16,84,25,125,0,33,170,25,228,136,60,196,424
04/23/2010,STP,MN,AGL,CE,Towers with Radar,0,12,54,0,66,0,7,35,13,55,0,19,89,13,121,42,12,54,175
04/24/2010,STP,MN,AGL,CE,Towers with Radar,0,2,26,0,28,0,1,3,0,4,0,3,29,0,32,0,0,0,32
04/25/2010,STP,MN,AGL,CE,Towers with Radar,0,5,31,2,38,0,1,33,0,34,0,6,64,2,72,44,0,44,116
04/26/2010,STP,MN,AGL,CE,Towers with Radar,0,15,64,3,82,0,9,49,1,59,0,24,113,4,141,62,0,62,203
04/27/2010,STP,MN,AGL,CE,Towers with Radar,0,22,105,6,133,0,11,120,18,149,0,33,225,24,282,74,90,164,446
04/28/2010,STP,MN,AGL,CE,Towers with Radar,0,19,131,0,150,0,0,93,21,114,0,19,224,21,264,98,58,156,420
04/29/2010,STP,MN,AGL,CE,Towers with Radar,0,14,101,8,123,0,4,61,26,91,0,18,162,34,214,112,34,146,360
04/30/2010,STP,MN,AGL,CE,Towers with Radar,0,22,68,4,94,0,5,42,17,64,0,27,110,21,158,72,28,100,258
05/01/2010,STP,MN,AGL,CE,Towers with Radar,0,7,16,0,23,0,14,24,0,38,0,21,40,0,61,0,0,0,61
05/02/2010,STP,MN,AGL,CE,Towers with Radar,7,19,0,0,26,0,0,20,0,20,7,19,20,0,46,26,0,26,72
05/03/2010,STP,MN,AGL,CE,Towers with Radar,0,19,64,0,83,0,7,36,8,51,0,26,100,8,134,16,0,16,150
05/04/2010,STP,MN,AGL,CE,Towers with Radar,0,28,60,6,94,0,1,48,26,75,0,29,108,32,169,14,86,100,269
05/05/2010,STP,MN,AGL,CE,Towers with Radar,0,27,94,0,121,0,1,47,6,54,0,28,141,6,175,8,8,16,191
05/06/2010,STP,MN,AGL,CE,Towers with Radar,0,16,62,1,79,0,34,56,21,111,0,50,118,22,190,136,8,144,334
05/07/2010,STP,MN,AGL,CE,Towers with Radar,0,17,77,0,94,0,0,0,3,3,0,17,77,3,97,0,0,0,97
05/08/2010,STP,MN,AGL,CE,Towers with Radar,0,4,28,0,32,0,0,43,0,43,0,4,71,0,75,50,0,50,125
05/09/2010,STP,MN,AGL,CE,Towers with Radar,0,7,21,0,28,0,3,45,0,48,0,10,66,0,76,94,0,94,170
05/10/2010,STP,MN,AGL,CE,Towers with Radar,0,43,89,0,132,0,8,33,4,45,0,51,122,4,177,52,20,72,249
05/11/2010,STP,MN,AGL,CE,Towers with Radar,0,27,79,4,110,0,3,17,7,27,0,30,96,11,137,0,0,0,137
05/12/2010,STP,MN,AGL,CE,Towers with Radar,0,40,85,0,125,0,2,54,23,79,0,42,139,23,204,70,92,162,366
05/13/2010,STP,MN,AGL,CE,Towers with Radar,0,21,85,1,107,0,1,16,4,21,0,22,101,5,128,20,0,20,148
05/14/2010,STP,MN,AGL,CE,Towers with Radar,0,18,174,0,192,0,5,72,12,89,0,23,246,12,281,112,0,112,393
05/15/2010,STP,MN,AGL,CE,Towers with Radar,0,3,33,0,36,0,1,49,10,60,0,4,82,10,96,130,0,130,226
05/16/2010,STP,MN,AGL,CE,Towers with Radar,0,7,25,0,32,0,0,64,5,69,0,7,89,5,101,144,0,144,245
05/17/2010,STP,MN,AGL,CE,Towers with Radar,0,19,68,0,87,0,10,79,18,107,0,29,147,18,194,124,30,154,348
05/18/2010,STP,MN,AGL,CE,Towers with Radar,0,32,75,2,109,0,14,96,21,131,0,46,171,23,240,132,84,216,456
05/19/2010,STP,MN,AGL,CE,Towers with Radar,0,22,144,0,166,0,14,123,42,179,0,36,267,42,345,104,134,238,583
05/20/2010,STP,MN,AGL,CE,Towers with Radar,0,23,90,3,116,0,12,92,21,125,0,35,182,24,241,118,46,164,405
05/21/2010,STP,MN,AGL,CE,Towers with Radar,0,25,74,2,101,0,10,48,3,61,0,35,122,5,162,88,2,90,252
05/22/2010,STP,MN,AGL,CE,Towers with Radar,0,7,21,1,29,0,0,15,3,18,0,7,36,4,47,0,0,0,47
05/23/2010,STP,MN,AGL,CE,Towers with Radar,0,8,48,0,56,0,4,68,0,72,0,12,116,0,128,72,0,72,200
05/24/2010,STP,MN,AGL,CE,Towers with Radar,0,43,140,0,183,0,7,151,2,160,0,50,291,2,343,122,0,122,465
05/25/2010,STP,MN,AGL,CE,Towers with Radar,0,30,141,3,174,0,19,125,20,164,0,49,266,23,338,130,66,196,534
05/26/2010,STP,MN,AGL,CE,Towers with Radar,0,29,108,3,140,0,11,77,32,120,0,40,185,35,260,108,40,148,408
05/27/2010,STP,MN,AGL,CE,Towers with Radar,0,25,84,2,111,0,5,64,24,93,0,30,148,26,204,62,16,78,282
05/28/2010,STP,MN,AGL,CE,Towers with Radar,0,30,69,0,99,0,9,66,4,79,0,39,135,4,178,54,4,58,236
05/29/2010,STP,MN,AGL,CE,Towers with Radar,0,8,33,0,41,0,2,63,6,71,0,10,96,6,112,86,0,86,198
05/30/2010,STP,MN,AGL,CE,Towers with Radar,0,14,15,0,29,0,0,44,0,44,0,14,59,0,73,90,0,90,163
05/31/2010,STP,MN,AGL,CE,Towers with Radar,0,12,43,0,55,0,6,70,0,76,0,18,113,0,131,76,0,76,207
06/01/2010,STP,MN,AGL,CE,Towers with Radar,0,25,85,0,110,0,0,63,11,74,0,25,148,11,184,46,0,46,230
06/02/2010,STP,MN,AGL,CE,Towers with Radar,0,27,95,3,125,0,8,53,17,78,0,35,148,20,203,92,22,114,317
06/03/2010,STP,MN,AGL,CE,Towers with Radar,0,21,94,3,118,0,11,67,30,108,0,32,161,33,226,124,4,128,354
06/04/2010,STP,MN,AGL,CE,Towers with Radar,0,22,52,3,77,0,8,34,6,48,0,30,86,9,125,86,0,86,211
06/05/2010,STP,MN,AGL,CE,Towers with Radar,0,9,23,2,34,0,9,19,22,50,0,18,42,24,84,114,2,116,200
06/06/2010,STP,MN,AGL,CE,Towers with Radar,0,9,36,0,45,0,2,53,5,60,0,11,89,5,105,96,14,110,215
06/07/2010,STP,MN,AGL,CE,Towers with Radar,0,37,106,1,144,0,16,65,14,95,0,53,171,15,239,136,24,160,399
06/08/2010,STP,MN,AGL,CE,Towers with Radar,0,29,69,1,99,0,6,8,4,18,0,35,77,5,117,22,0,22,139
06/09/2010,STP,MN,AGL,CE,Towers with Radar,0,17,87,14,118,0,10,65,37,112,0,27,152,51,230,72,42,114,344
06/10/2010,STP,MN,AGL,CE,Towers with Radar,0,23,118,8,149,0,13,82,25,120,0,36,200,33,269,118,4,122,391
06/11/2010,STP,MN,AGL,CE,Towers with Radar,0,30,54,4,88,0,3,15,0,18,0,33,69,4,106,22,0,22,128
06/12/2010,STP,MN,AGL,CE,Towers with Radar,0,9,39,0,48,0,0,0,0,0,0,9,39,0,48,0,0,0,48
06/13/2010,STP,MN,AGL,CE,Towers with Radar,0,10,54,0,64,0,0,11,1,12,0,10,65,1,76,40,0,40,116
06/14/2010,STP,MN,AGL,CE,Towers with Radar,0,33,105,2,140,0,5,20,0,25,0,38,125,2,165,46,0,46,211
06/15/2010,STP,MN,AGL,CE,Towers with Radar,0,25,75,0,100,0,12,33,19,64,0,37,108,19,164,56,26,82,246
06/16/2010,STP,MN,AGL,CE,Towers with Radar,0,30,152,11,193,0,26,155,21,202,0,56,307,32,395,128,90,218,613
06/17/2010,STP,MN,AGL,CE,Towers with Radar,0,21,72,0,93,0,12,52,6,70,0,33,124,6,163,48,8,56,219
06/18/2010,STP,MN,AGL,CE,Towers with Radar,0,19,58,7,84,0,12,58,10,80,0,31,116,17,164,146,14,160,324
06/19/2010,STP,MN,AGL,CE,Towers with Radar,0,9,20,0,29,0,0,9,10,19,0,9,29,10,48,4,0,4,52
06/20/2010,STP,MN,AGL,CE,Towers with Radar,0,5,42,0,47,0,9,35,0,44,0,14,77,0,91,64,0,64,155
06/21/2010,STP,MN,AGL,CE,Towers with Radar,0,14,138,2,154,0,8,121,0,129,0,22,259,2,283,94,0,94,377
06/22/2010,STP,MN,AGL,CE,Towers with Radar,0,41,156,7,204,0,16,136,33,185,0,57,292,40,389,148,102,250,639
06/23/2010,STP,MN,AGL,CE,Towers with Radar,0,16,78,0,94,0,9,43,23,75,0,25,121,23,169,66,28,94,263
06/24/2010,STP,MN,AGL,CE,Towers with Radar,0,17,68,0,85,0,6,46,14,66,0,23,114,14,151,40,2,42,193
06/25/2010,STP,MN,AGL,CE,Towers with Radar,0,16,45,0,61,0,2,29,0,31,0,18,74,0,92,46,0,46,138
06/26/2010,STP,MN,AGL,CE,Towers with Radar,0,5,34,0,39,0,3,26,0,29,0,8,60,0,68,76,0,76,144
06/27/2010,STP,MN,AGL,CE,Towers with Radar,0,14,30,0,44,0,7,19,0,26,0,21,49,0,70,66,0,66,136
06/28/2010,STP,MN,AGL,CE,Towers with Radar,0,17,161,3,181,0,13,170,3,186,0,30,331,6,367,174,0,174,541
06/29/2010,STP,MN,AGL,CE,Towers with Radar,0,41,104,2,147,0,13,95,34,142,0,54,199,36,289,112,110,222,511
06/30/2010,STP,MN,AGL,CE,Towers with Radar,0,18,138,12,168,0,17,102,18,137,0,35,240,30,305,74,52,126,431
07/01/2010,STP,MN,AGL,CE,Towers with Radar,0,26,79,4,109,0,25,89,14,128,0,51,168,18,237,82,18,100,337
07/02/2010,STP,MN,AGL,CE,Towers with Radar,0,27,46,0,73,0,0,4,0,4,0,27,50,0,77,40,0,40,117
07/03/2010,STP,MN,AGL,CE,Towers with Radar,0,8,21,0,29,0,2,34,0,36,0,10,55,0,65,0,0,0,65
07/04/2010,STP,MN,AGL,CE,Towers with Radar,0,6,12,0,18,0,0,5,1,6,0,6,17,1,24,2,0,2,26
07/05/2010,STP,MN,AGL,CE,Towers with Radar,0,6,31,0,37,0,3,30,1,34,0,9,61,1,71,46,4,50,121
07/06/2010,STP,MN,AGL,CE,Towers with Radar,0,18,73,2,93,0,8,66,7,81,0,26,139,9,174,70,0,70,244
07/07/2010,STP,MN,AGL,CE,Towers with Radar,0,17,63,12,92,0,8,88,7,103,0,25,151,19,195,82,18,100,295
07/08/2010,STP,MN,AGL,CE,Towers with Radar,0,23,85,8,116,0,8,95,12,115,0,31,180,20,231,100,12,112,343
07/09/2010,STP,MN,AGL,CE,Towers with Radar,0,25,66,1,92,0,22,84,4,110,0,47,150,5,202,98,10,108,310
07/10/2010,STP,MN,AGL,CE,Towers with Radar,0,6,13,0,19,0,6,31,12,49,0,12,44,12,68,54,0,54,122
07/11/2010,STP,MN,AGL,CE,Towers with Radar,0,5,26,0,31,0,3,20,6,29,0,8,46,6,60,0,0,0,60
07/12/2010,STP,MN,AGL,CE,Towers with Radar,0,19,129,0,148,0,25,141,3,169,0,44,270,3,317,190,0,190,507
07/13/2010,STP,MN,AGL,CE,Towers with Radar,0,19,139,3,161,0,12,118,9,139,0,31,257,12,300,148,36,184,484
07/14/2010,STP,MN,AGL,CE,Towers with Radar,0,20,67,5,92,0,5,34,0,39,0,25,101,5,131,88,12,100,231
07/15/2010,STP,MN,AGL,CE,Towers with Radar,0,34,103,4,141,0,21,78,14,113,0,55,181,18,254,78,8,86,340
07/16/2010,STP,MN,AGL,CE,Towers with Radar,0,22,67,0,89,0,24,68,3,95,0,46,135,3,184,122,0,122,306
07/17/2010,STP,MN,AGL,CE,Towers with Radar,0,5,31,0,36,0,1,62,1,64,0,6,93,1,100,110,6,116,216
07/18/2010,STP,MN,AGL,CE,Towers with Radar,0,4,38,0,42,0,1,14,0,15,0,5,52,0,57,26,0,26,83
07/19/2010,STP,MN,AGL,CE,Towers with Radar,0,25,65,0,90,0,8,54,2,64,0,33,119,2,154,52,0,52,206
07/20/2010,STP,MN,AGL,CE,Towers with Radar,0,32,96,1,129,0,30,136,14,180,0,62,232,15,309,60,44,104,413
07/21/2010,STP,MN,AGL,CE,Towers with Radar,0,14,124,3,141,0,8,109,6,123,0,22,233,9,264,110,28,138,402
07/22/2010,STP,MN,AGL,CE,Towers with Radar,0,25,96,1,122,0,6,208,15,229,0,31,304,16,351,56,18,74,425
07/23/2010,STP,MN,AGL,CE,Towers with Radar,0,20,68,2,90,0,5,64,49,118,0,25,132,51,208,138,44,182,390
07/24/2010,STP,MN,AGL,CE,Towers with Radar,0,14,32,1,47,0,1,46,0,47,0,15,78,1,94,74,0,74,168
07/25/2010,STP,MN,AGL,CE,Towers with Radar,0,9,53,0,62,0,1,47,0,48,0,10,100,0,110,16,0,16,126
07/26/2010,STP,MN,AGL,CE,Towers with Radar,0,16,77,0,93,0,5,61,3,69,0,21,138,3,162,76,0,76,238
07/27/2010,STP,MN,AGL,CE,Towers with Radar,0,27,94,2,123,0,12,29,9,50,0,39,123,11,173,56,0,56,229
07/28/2010,STP,MN,AGL,CE,Towers with Radar,0,39,112,6,157,0,17,88,34,139,0,56,200,40,296,102,46,148,444
07/29/2010,STP,MN,AGL,CE,Towers with Radar,0,44,125,1,170,0,11,121,29,161,0,55,246,30,331,170,60,230,561
07/30/2010,STP,MN,AGL,CE,Towers with Radar,0,18,67,3,88,0,3,39,11,53,0,21,106,14,141,34,0,34,175
07/31/2010,STP,MN,AGL,CE,Towers with Radar,0,9,27,0,36,0,0,36,3,39,0,9,63,3,75,16,0,16,91
08/01/2010,STP,MN,AGL,CE,Towers with Radar,0,9,39,0,48,0,1,53,0,54,0,10,92,0,102,100,0,100,202
08/02/2010,STP,MN,AGL,CE,Towers with Radar,0,19,71,1,91,0,3,57,0,60,0,22,128,1,151,38,0,38,189
08/03/2010,STP,MN,AGL,CE,Towers with Radar,0,25,128,4,157,0,29,103,30,162,0,54,231,34,319,88,106,194,513
08/04/2010,STP,MN,AGL,CE,Towers with Radar,0,24,110,3,137,0,40,85,35,160,0,64,195,38,297,84,96,180,477
08/05/2010,STP,MN,AGL,CE,Towers with Radar,0,26,120,1,147,0,14,77,18,109,0,40,197,19,256,52,8,60,316
08/06/2010,STP,MN,AGL,CE,Towers with Radar,0,24,73,0,97,0,2,80,10,92,0,26,153,10,189,124,4,128,317
08/07/2010,STP,MN,AGL,CE,Towers with Radar,0,22,20,1,43,0,4,21,1,26,0,26,41,2,69,54,4,58,127
08/08/2010,STP,MN,AGL,CE,Towers with Radar,0,11,52,0,63,0,2,30,0,32,0,13,82,0,95,116,0,116,211
08/09/2010,STP,MN,AGL,CE,Towers with Radar,0,17,64,5,86,0,22,55,5,82,0,39,119,10,168,120,2,122,290
08/10/2010,STP,MN,AGL,CE,Towers with Radar,0,21,59,5,85,0,3,57,7,67,0,24,116,12,152,52,16,68,220
08/11/2010,STP,MN,AGL,CE,Towers with Radar,0,24,134,0,158,0,16,52,16,84,0,40,186,16,242,28,0,28,270
08/12/2010,STP,MN,AGL,CE,Towers with Radar,0,33,108,3,144,0,32,107,19,158,0,65,215,22,302,54,28,82,384
08/13/2010,STP,MN,AGL,CE,Towers with Radar,0,28,79,0,107,0,12,50,5,67,0,40,129,5,174,128,6,134,308
08/14/2010,STP,MN,AGL,CE,Towers with Radar,0,12,28,0,40,0,3,66,1,70,0,15,94,1,110,162,0,162,272
08/15/2010,STP,MN,AGL,CE,Towers with Radar,0,12,35,0,47,0,11,51,1,63,0,23,86,1,110,20,0,20,130
08/16/2010,STP,MN,AGL,CE,Towers with Radar,0,29,137,1,167,0,16,93,5,114,0,45,230,6,281,72,8,80,361
08/17/2010,STP,MN,AGL,CE,Towers with Radar,0,22,144,5,171,0,17,134,20,171,0,39,278,25,342,164,38,202,544
08/18/2010,STP,MN,AGL,CE,Towers with Radar,0,35,126,5,166,0,15,107,22,144,0,50,233,27,310,30,84,114,424
08/19/2010,STP,MN,AGL,CE,Towers with Radar,0,15,91,9,115,0,11,21,5,37,0,26,112,14,152,54,0,54,206
08/20/2010,STP,MN,AGL,CE,Towers with Radar,0,21,70,2,93,0,8,57,3,68,0,29,127,5,161,70,0,70,231
08/21/2010,STP,MN,AGL,CE,Towers with Radar,0,7,33,0,40,0,3,36,0,39,0,10,69,0,79,36,0,36,115
08/22/2010,STP,MN,AGL,CE,Towers with Radar,0,8,48,1,57,0,54,0,0,54,0,62,48,1,111,134,0,134,245
08/23/2010,STP,MN,AGL,CE,Towers with Radar,0,17,172,3,192,0,12,129,2,143,0,29,301,5,335,156,20,176,511
08/24/2010,STP,MN,AGL,CE,Towers with Radar,0,13,150,2,165,0,14,104,30,148,0,27,254,32,313,72,128,200,513
08/25/2010,STP,MN,AGL,CE,Towers with Radar,0,20,100,0,120,0,19,79,12,110,0,39,179,12,230,144,56,200,430
08/26/2010,STP,MN,AGL,CE,Towers with Radar,0,18,93,5,116,0,8,97,20,125,0,26,190,25,241,188,36,224,465
08/27/2010,STP,MN,AGL,CE,Towers with Radar,0,26,78,3,107,0,10,47,12,69,0,36,125,15,176,148,0,148,324
08/28/2010,STP,MN,AGL,CE,Towers with Radar,0,10,38,0,48,0,6,50,0,56,0,16,88,0,104,52,0,52,156
08/29/2010,STP,MN,AGL,CE,Towers with Radar,0,7,32,0,39,0,0,34,0,34,0,7,66,0,73,34,0,34,107
08/30/2010,STP,MN,AGL,CE,Towers with Radar,0,22,136,8,166,0,16,95,5,116,0,38,231,13,282,86,6,92,374
08/31/2010,STP,MN,AGL,CE,Towers with Radar,0,15,100,1,116,0,3,56,2,61,0,18,156,3,177,52,12,64,241
09/01/2010,STP,MN,AGL,CE,Towers with Radar,0,14,110,4,128,0,12,78,26,116,0,26,188,30,244,130,90,220,464
09/02/2010,STP,MN,AGL,CE,Towers with Radar,0,22,88,2,112,0,1,38,20,59,0,23,126,22,171,60,14,74,245
09/03/2010,STP,MN,AGL,CE,Towers with Radar,0,19,86,10,115,0,8,43,1,52,0,27,129,11,167,18,0,18,185
09/04/2010,STP,MN,AGL,CE,Towers with Radar,0,2,32,0,34,0,4,75,0,79,0,6,107,0,113,138,0,138,251
09/05/2010,STP,MN,AGL,CE,Towers with Radar,0,5,16,0,21,0,0,21,0,21,0,5,37,0,42,22,0,22,64
09/06/2010,STP,MN,AGL,CE,Towers with Radar,0,17,45,0,62,0,2,45,0,47,0,19,90,0,109,52,0,52,161
09/07/2010,STP,MN,AGL,CE,Towers with Radar,0,21,63,11,95,0,18,8,9,35,0,39,71,20,130,40,52,92,222
09/08/2010,STP,MN,AGL,CE,Towers with Radar,0,30,134,3,167,0,23,113,27,163,0,53,247,30,330,166,98,264,594
09/09/2010,STP,MN,AGL,CE,Towers with Radar,0,18,83,0,101,0,4,35,29,68,0,22,118,29,169,44,0,44,213
09/10/2010,STP,MN,AGL,CE,Towers with Radar,0,15,70,0,85,0,5,40,4,49,0,20,110,4,134,24,2,26,160
09/11/2010,STP,MN,AGL,CE,Towers with Radar,0,10,35,1,46,0,2,60,5,67,0,12,95,6,113,78,0,78,191
09/12/2010,STP,MN,AGL,CE,Towers with Radar,0,10,38,0,48,0,0,55,3,58,0,10,93,3,106,56,0,56,162
09/13/2010,STP,MN,AGL,CE,Towers with Radar,0,15,147,0,162,0,7,152,0,159,0,22,299,0,321,192,0,192,513
09/14/2010,STP,MN,AGL,CE,Towers with Radar,0,34,134,0,168,0,32,94,48,174,0,66,228,48,342,128,164,292,634
09/15/2010,STP,MN,AGL,CE,Towers with Radar,0,22,66,0,88,0,0,0,0,0,0,22,66,0,88,0,0,0,88
09/16/2010,STP,MN,AGL,CE,Towers with Radar,0,31,122,4,157,0,12,55,11,78,0,43,177,15,235,60,40,100,335
09/17/2010,STP,MN,AGL,CE,Towers with Radar,0,17,6,2,25,0,2,23,17,42,0,19,29,19,67,82,30,112,179
09/18/2010,STP,MN,AGL,CE,Towers with Radar,0,13,48,1,62,0,11,91,7,109,0,24,139,8,171,124,8,132,303
09/19/2010,STP,MN,AGL,CE,Towers with Radar,0,17,57,0,74,0,2,65,3,70,0,19,122,3,144,57,0,57,201
09/20/2010,STP,MN,AGL,CE,Towers with Radar,0,18,73,0,91,0,7,5,0,12,0,25,78,0,103,20,0,20,123
09/21/2010,STP,MN,AGL,CE,Towers with Radar,0,28,138,2,168,0,0,4,0,4,0,28,142,2,172,226,26,252,424
09/22/2010,STP,MN,AGL,CE,Towers with Radar,0,28,94,2,124,0,1,52,12,65,0,29,146,14,189,32,0,32,221
09/23/2010,STP,MN,AGL,CE,Towers with Radar,0,30,70,0,100,0,0,0,0,0,0,30,70,0,100,0,0,0,100
09/24/2010,STP,MN,AGL,CE,Towers with Radar,0,18,59,6,83,0,8,11,7,26,0,26,70,13,109,0,0,0,109
09/25/2010,STP,MN,AGL,CE,Towers with Radar,0,5,39,0,44,0,5,20,0,25,0,10,59,0,69,28,0,28,97
09/26/2010,STP,MN,AGL,CE,Towers with Radar,0,16,46,1,63,0,8,55,1,64,0,24,101,2,127,68,0,68,195
09/27/2010,STP,MN,AGL,CE,Towers with Radar,0,27,145,1,173,0,20,158,0,178,0,47,303,1,351,100,0,100,451
09/28/2010,STP,MN,AGL,CE,Towers with Radar,0,28,127,5,160,0,13,112,13,138,0,41,239,18,298,98,68,166,464
09/29/2010,STP,MN,AGL,CE,Towers with Radar,0,18,144,5,167,0,6,131,11,148,0,24,275,16,315,130,18,148,463
09/30/2010,STP,MN,AGL,CE,Towers with Radar,0,4,51,6,61,0,12,42,29,83,0,16,93,35,144,36,10,46,190
10/01/2010,STP,MN,AGL,CE,Towers with Radar,0,0,0,0,0,0,7,9,14,30,0,7,9,14,30,0,2,2,32
10/02/2010,STP,MN,AGL,CE,Towers with Radar,0,0,7,0,7,0,5,4,26,35,0,5,11,26,42,0,0,0,42
10/03/2010,STP,MN,AGL,CE,Towers with Radar,0,0,0,0,0,0,0,7,7,14,0,0,7,7,14,0,0,0,14
10/04/2010,STP,MN,AGL,CE,Towers with Radar,0,4,12,0,16,0,2,29,0,31,0,6,41,0,47,16,0,16,63
10/05/2010,STP,MN,AGL,CE,Towers with Radar,0,24,85,1,110,0,10,39,24,73,0,34,124,25,183,80,26,106,289
10/06/2010,STP,MN,AGL,CE,Towers with Radar,0,24,140,0,164,0,14,124,11,149,0,38,264,11,313,142,36,178,491
10/07/2010,STP,MN,AGL,CE,Towers with Radar,0,23,152,1,176,0,11,126,28,165,0,34,278,29,341,152,88,240,581
10/08/2010,STP,MN,AGL,CE,Towers with Radar,0,20,79,0,99,0,15,82,0,97,0,35,161,0,196,78,0,78,274
10/09/2010,STP,MN,AGL,CE,Towers with Radar,0,5,32,0,37,0,6,55,0,61,0,11,87,0,98,98,0,98,196
10/10/2010,STP,MN,AGL,CE,Towers with Radar,0,13,53,0,66,0,7,42,0,49,0,20,95,0,115,64,0,64,179
10/11/2010,STP,MN,AGL,CE,Towers with Radar,0,13,99,0,112,0,13,88,0,101,0,26,187,0,213,120,0,120,333
10/12/2010,STP,MN,AGL,CE,Towers with Radar,0,11,172,0,183,0,9,114,31,154,0,20,286,31,337,96,96,192,529
10/13/2010,STP,MN,AGL,CE,Towers with Radar,0,27,111,7,145,0,23,68,14,105,0,50,179,21,250,128,62,190,440
10/14/2010,STP,MN,AGL,CE,Towers with Radar,0,31,127,1,159,0,11,90,11,112,0,42,217,12,271,64,38,102,373
10/15/2010,STP,MN,AGL,CE,Towers with Radar,0,30,61,0,91,0,9,78,15,102,0,39,139,15,193,98,0,98,291
10/16/2010,STP,MN,AGL,CE,Towers with Radar,0,9,53,0,62,0,7,36,0,43,0,16,89,0,105,98,0,98,203
10/17/2010,STP,MN,AGL,CE,Towers with Radar,0,8,67,0,75,0,1,30,4,35,0,9,97,4,110,70,0,70,180
10/18/2010,STP,MN,AGL,CE,Towers with Radar,0,29,118,2,149,0,12,65,0,77,0,41,183,2,226,74,0,74,300
10/19/2010,STP,MN,AGL,CE,Towers with Radar,0,29,127,4,160,0,10,105,28,143,0,39,232,32,303,102,78,180,483
10/20/2010,STP,MN,AGL,CE,Towers with Radar,0,40,83,2,125,0,20,70,14,104,0,60,153,16,229,60,54,114,343
10/21/2010,STP,MN,AGL,CE,Towers with Radar,0,22,106,3,131,0,8,71,23,102,0,30,177,26,233,134,34,168,401
10/22/2010,STP,MN,AGL,CE,Towers with Radar,0,16,50,0,66,0,8,54,8,70,0,24,104,8,136,90,0,90,226
10/23/2010,STP,MN,AGL,CE,Towers with Radar,0,5,13,0,18,0,5,12,4,21,0,10,25,4,39,60,0,60,99
10/24/2010,STP,MN,AGL,CE,Towers with Radar,0,13,67,0,80,0,0,2,0,2,0,13,69,0,82,0,0,0,82
10/25/2010,STP,MN,AGL,CE,Towers with Radar,0,21,118,0,139,0,11,40,2,53,0,32,158,2,192,18,18,36,228
10/26/2010,STP,MN,AGL,CE,Towers with Radar,0,20,55,8,83,0,2,0,5,7,0,22,55,13,90,0,12,12,102
10/27/2010,STP,MN,AGL,CE,Towers with Radar,0,15,69,0,84,0,0,3,2,5,0,15,72,2,89,0,2,2,91
10/28/2010,STP,MN,AGL,CE,Towers with Radar,0,21,133,0,154,0,2,52,25,79,0,23,185,25,233,94,32,126,359
10/29/2010,STP,MN,AGL,CE,Towers with Radar,0,37,78,2,117,0,9,67,27,103,0,46,145,29,220,110,62,172,392
10/30/2010,STP,MN,AGL,CE,Towers with Radar,0,12,40,0,52,0,1,58,0,59,0,13,98,0,111,118,0,118,229
10/31/2010,STP,MN,AGL,CE,Towers with Radar,0,7,35,1,43,0,0,53,2,55,0,7,88,3,98,74,0,74,172
11/01/2010,STP,MN,AGL,CE,Towers with Radar,0,24,67,3,94,0,15,77,3,95,0,39,144,6,189,108,14,122,311
11/02/2010,STP,MN,AGL,CE,Towers with Radar,0,21,102,3,126,0,8,83,25,116,0,29,185,28,242,92,34,126,368
11/03/2010,STP,MN,AGL,CE,Towers with Radar,0,27,76,7,110,0,10,60,22,92,0,37,136,29,202,80,52,132,334
11/04/2010,STP,MN,AGL,CE,Towers with Radar,0,30,91,15,136,0,0,48,20,68,0,30,139,35,204,40,58,98,302
11/05/2010,STP,MN,AGL,CE,Towers with Radar,0,24,79,2,105,0,7,65,17,89,0,31,144,19,194,136,0,136,330
11/06/2010,STP,MN,AGL,CE,Towers with Radar,0,8,48,0,56,0,6,74,0,80,0,14,122,0,136,136,2,138,274
11/07/2010,STP,MN,AGL,CE,Towers with Radar,0,17,50,1,68,0,2,55,4,61,0,19,105,5,129,68,0,68,197
11/08/2010,STP,MN,AGL,CE,Towers with Radar,0,15,100,5,120,0,6,90,0,96,0,21,190,5,216,130,0,130,346
11/09/2010,STP,MN,AGL,CE,Towers with Radar,0,20,91,2,113,0,5,79,32,116,0,25,170,34,229,102,34,136,365
11/10/2010,STP,MN,AGL,CE,Towers with Radar,0,29,87,2,118,0,14,59,22,95,0,43,146,24,213,98,78,176,389
11/11/2010,STP,MN,AGL,CE,Towers with Radar,0,12,93,0,105,0,3,95,0,98,0,15,188,0,203,110,0,110,313
11/12/2010,STP,MN,AGL,CE,Towers with Radar,0,21,59,2,82,0,5,39,22,66,0,26,98,24,148,86,8,94,242
11/13/2010,STP,MN,AGL,CE,Towers with Radar,0,8,15,0,23,0,0,0,0,0,0,8,15,0,23,0,0,0,23
11/14/2010,STP,MN,AGL,CE,Towers with Radar,0,11,27,2,40,0,0,4,0,4,0,11,31,2,44,20,0,20,64
11/15/2010,STP,MN,AGL,CE,Towers with Radar,0,19,80,0,99,0,11,57,0,68,0,30,137,0,167,124,0,124,291
11/16/2010,STP,MN,AGL,CE,Towers with Radar,0,20,115,2,137,0,3,24,19,46,0,23,139,21,183,38,70,108,291
11/17/2010,STP,MN,AGL,CE,Towers with Radar,0,18,103,0,121,0,0,85,40,125,0,18,188,40,246,114,90,204,450
11/18/2010,STP,MN,AGL,CE,Towers with Radar,0,10,95,0,105,0,8,44,22,74,0,18,139,22,179,134,26,160,339
11/19/2010,STP,MN,AGL,CE,Towers with Radar,0,19,63,4,86,0,7,41,19,67,0,26,104,23,153,68,18,86,239
11/20/2010,STP,MN,AGL,CE,Towers with Radar,0,12,41,0,53,0,8,48,6,62,0,20,89,6,115,50,4,54,169
11/21/2010,STP,MN,AGL,CE,Towers with Radar,0,16,38,0,54,0,0,0,0,0,0,16,38,0,54,0,0,0,54
11/22/2010,STP,MN,AGL,CE,Towers with Radar,0,22,52,0,74,0,1,2,0,3,0,23,54,0,77,0,0,0,77
11/23/2010,STP,MN,AGL,CE,Towers with Radar,0,24,66,9,99,0,6,60,32,98,0,30,126,41,197,54,38,92,289
11/24/2010,STP,MN,AGL,CE,Towers with Radar,0,3,32,1,36,0,0,3,4,7,0,3,35,5,43,26,0,26,69
11/25/2010,STP,MN,AGL,CE,Towers with Radar,0,7,5,0,12,0,8,6,14,28,0,15,11,14,40,0,0,0,40
11/26/2010,STP,MN,AGL,CE,Towers with Radar,0,18,30,0,48,0,2,31,0,33,0,20,61,0,81,58,0,58,139
11/27/2010,STP,MN,AGL,CE,Towers with Radar,0,7,50,6,63,0,2,37,7,46,0,9,87,13,109,96,0,96,205
11/28/2010,STP,MN,AGL,CE,Towers with Radar,0,14,39,0,53,0,1,40,0,41,0,15,79,0,94,30,0,30,124
11/29/2010,STP,MN,AGL,CE,Towers with Radar,0,14,54,4,72,0,1,8,5,14,0,15,62,9,86,4,50,54,140
11/30/2010,STP,MN,AGL,CE,Towers with Radar,0,23,60,4,87,0,0,4,25,29,0,23,64,29,116,0,80,80,196
12/01/2010,STP,MN,AGL,CE,Towers with Radar,0,25,147,5,177,0,15,77,49,141,0,40,224,54,318,44,122,166,484
12/02/2010,STP,MN,AGL,CE,Towers with Radar,0,24,93,10,127,0,4,58,25,87,0,28,151,35,214,88,12,100,314
12/03/2010,STP,MN,AGL,CE,Towers with Radar,0,11,68,3,82,0,3,9,4,16,0,14,77,7,98,60,8,68,166
12/04/2010,STP,MN,AGL,CE,Towers with Radar,0,15,39,0,54,0,1,6,0,7,0,16,45,0,61,38,0,38,99
12/05/2010,STP,MN,AGL,CE,Towers with Radar,0,13,40,0,53,0,0,3,3,6,0,13,43,3,59,22,8,30,89
12/06/2010,STP,MN,AGL,CE,Towers with Radar,0,27,74,0,101,0,10,39,0,49,0,37,113,0,150,96,0,96,246
12/07/2010,STP,MN,AGL,CE,Towers with Radar,0,26,165,5,196,0,2,146,26,174,0,28,311,31,370,118,136,254,624
12/08/2010,STP,MN,AGL,CE,Towers with Radar,0,14,61,7,82,0,5,32,23,60,0,19,93,30,142,84,48,132,274
12/09/2010,STP,MN,AGL,CE,Towers with Radar,0,9,77,0,86,0,0,24,11,35,0,9,101,11,121,32,8,40,161
12/10/2010,STP,MN,AGL,CE,Towers with Radar,0,12,50,1,63,0,8,42,14,64,0,20,92,15,127,70,4,74,201
12/11/2010,STP,MN,AGL,CE,Towers with Radar,0,0,1,0,1,0,0,0,0,0,0,0,1,0,1,0,0,0,1
12/12/2010,STP,MN,AGL,CE,Towers with Radar,0,9,30,0,39,0,5,16,0,21,0,14,46,0,60,0,0,0,60
12/13/2010,STP,MN,AGL,CE,Towers with Radar,0,20,84,2,106,0,12,51,2,65,0,32,135,4,171,36,8,44,215
12/14/2010,STP,MN,AGL,CE,Towers with Radar,0,24,132,2,158,0,6,121,25,152,0,30,253,27,310,74,96,170,480
12/15/2010,STP,MN,AGL,CE,Towers with Radar,0,25,74,0,99,0,4,58,23,85,0,29,132,23,184,54,16,70,254
12/16/2010,STP,MN,AGL,CE,Towers with Radar,0,13,66,3,82,0,2,37,13,52,0,15,103,16,134,62,14,76,210
12/17/2010,STP,MN,AGL,CE,Towers with Radar,0,27,89,5,121,0,10,79,13,102,0,37,168,18,223,126,18,144,367
12/18/2010,STP,MN,AGL,CE,Towers with Radar,0,9,18,3,30,0,0,58,5,63,0,9,76,8,93,142,0,142,235
12/19/2010,STP,MN,AGL,CE,Towers with Radar,0,15,29,0,44,0,1,70,0,71,0,16,99,0,115,74,0,74,189
12/20/2010,STP,MN,AGL,CE,Towers with Radar,0,16,46,2,64,0,1,7,0,8,0,17,53,2,72,0,0,0,72
12/21/2010,STP,MN,AGL,CE,Towers with Radar,0,19,48,2,69,0,0,12,9,21,0,19,60,11,90,16,20,36,126
12/22/2010,STP,MN,AGL,CE,Towers with Radar,0,9,64,12,85,0,0,90,110,200,0,9,154,122,285,90,110,200,485
12/23/2010,STP,MN,AGL,CE,Towers with Radar,0,18,55,2,75,0,0,40,8,48,0,18,95,10,123,80,44,124,247
12/24/2010,STP,MN,AGL,CE,Towers with Radar,0,14,5,0,19,0,0,0,0,0,0,14,5,0,19,0,0,0,19
12/25/2010,STP,MN,AGL,CE,Towers with Radar,0,7,5,0,12,0,0,0,0,0,0,7,5,0,12,0,0,0,12
12/26/2010,STP,MN,AGL,CE,Towers with Radar,0,25,36,0,61,0,9,21,0,30,0,34,57,0,91,32,0,32,123
12/27/2010,STP,MN,AGL,CE,Towers with Radar,0,21,35,2,58,0,6,37,6,49,0,27,72,8,107,52,32,84,191
12/28/2010,STP,MN,AGL,CE,Towers with Radar,0,28,47,9,84,0,16,90,45,151,0,44,137,54,235,86,94,180,415
12/29/2010,STP,MN,AGL,CE,Towers with Radar,0,9,42,4,55,0,6,40,5,51,0,15,82,9,106,76,70,146,252
12/30/2010,STP,MN,AGL,CE,Towers with Radar,0,13,19,0,32,0,0,0,0,0,0,13,19,0,32,0,0,0,32
12/31/2010,STP,MN,AGL,CE,Towers with Radar,0,13,17,0,30,0,0,4,0,4,0,13,21,0,34,28,0,28,62
01/01/2011,STP,MN,AGL,CE,Towers with Radar,0,3,9,0,12,0,0,0,0,0,0,3,9,0,12,0,0,0,12
01/02/2011,STP,MN,AGL,CE,Towers with Radar,0,13,33,0,46,0,2,34,0,36,0,15,67,0,82,36,0,36,118
01/03/2011,STP,MN,AGL,CE,Towers with Radar,0,17,50,0,67,0,8,23,0,31,0,25,73,0,98,26,0,26,124
01/04/2011,STP,MN,AGL,CE,Towers with Radar,0,16,46,2,64,0,8,44,13,65,0,24,90,15,129,74,54,128,257
01/05/2011,STP,MN,AGL,CE,Towers with Radar,0,11,36,1,48,0,0,36,21,57,0,11,72,22,105,72,68,140,245
01/06/2011,STP,MN,AGL,CE,Towers with Radar,0,17,48,5,70,0,10,57,26,93,0,27,105,31,163,104,34,138,301
01/07/2011,STP,MN,AGL,CE,Towers with Radar,0,15,29,0,44,0,5,12,0,17,0,20,41,0,61,0,0,0,61
01/08/2011,STP,MN,AGL,CE,Towers with Radar,0,11,23,0,34,0,4,77,19,100,0,15,100,19,134,92,10,102,236
01/09/2011,STP,MN,AGL,CE,Towers with Radar,0,4,21,0,25,0,3,42,0,45,0,7,63,0,70,50,0,50,120
01/10/2011,STP,MN,AGL,CE,Towers with Radar,0,21,45,4,70,0,1,4,0,5,0,22,49,4,75,0,0,0,75
01/11/2011,STP,MN,AGL,CE,Towers with Radar,0,17,47,7,71,0,9,71,24,104,0,26,118,31,175,40,18,58,233
01/12/2011,STP,MN,AGL,CE,Towers with Radar,0,9,52,7,68,0,10,61,31,102,0,19,113,38,170,68,20,88,258
01/13/2011,STP,MN,AGL,CE,Towers with Radar,0,18,70,12,100,0,5,24,18,47,0,23,94,30,147,6,24,30,177
01/14/2011,STP,MN,AGL,CE,Towers with Radar,0,14,56,1,71,0,0,16,6,22,0,14,72,7,93,2,0,2,95
01/15/2011,STP,MN,AGL,CE,Towers with Radar,0,5,32,1,38,0,2,63,0,65,0,7,95,1,103,120,0,120,223
01/16/2011,STP,MN,AGL,CE,Towers with Radar,0,8,20,0,28,0,1,38,1,40,0,9,58,1,68,50,6,56,124
01/17/2011,STP,MN,AGL,CE,Towers with Radar,0,11,58,0,69,0,1,0,0,1,0,12,58,0,70,0,0,0,70
01/18/2011,STP,MN,AGL,CE,Towers with Radar,0,33,91,8,132,0,10,93,33,136,0,43,184,41,268,114,74,188,456
01/19/2011,STP,MN,AGL,CE,Towers with Radar,0,29,74,2,105,0,4,60,31,95,0,33,134,33,200,118,54,172,372
01/20/2011,STP,MN,AGL,CE,Towers with Radar,0,20,43,0,63,0,2,25,8,35,0,22,68,8,98,8,2,10,108
01/21/2011,STP,MN,AGL,CE,Towers with Radar,0,42,71,6,119,0,0,29,11,40,0,42,100,17,159,26,8,34,193
01/22/2011,STP,MN,AGL,CE,Towers with Radar,0,6,24,5,35,0,10,38,0,48,0,16,62,5,83,70,0,70,153
01/23/2011,STP,MN,AGL,CE,Towers with Radar,0,7,14,0,21,0,3,27,0,30,0,10,41,0,51,78,0,78,129
01/24/2011,STP,MN,AGL,CE,Towers with Radar,0,14,41,2,57,0,3,3,0,6,0,17,44,2,63,0,0,0,63
01/25/2011,STP,MN,AGL,CE,Towers with Radar,0,14,74,4,92,0,12,73,12,97,0,26,147,16,189,86,50,136,325
01/26/2011,STP,MN,AGL,CE,Towers with Radar,0,23,64,5,92,0,0,51,11,62,0,23,115,16,154,130,10,140,294
01/27/2011,STP,MN,AGL,CE,Towers with Radar,0,25,63,0,88,0,0,2,0,2,0,25,65,0,90,0,0,0,90
01/28/2011,STP,MN,AGL,CE,Towers with Radar,0,16,51,2,69,0,0,1,0,1,0,16,52,2,70,0,0,0,70
01/29/2011,STP,MN,AGL,CE,Towers with Radar,0,2,27,0,29,0,18,24,0,42,0,20,51,0,71,56,0,56,127
01/30/2011,STP,MN,AGL,CE,Towers with Radar,0,6,46,2,54,0,1,20,0,21,0,7,66,2,75,87,0,87,162
01/31/2011,STP,MN,AGL,CE,Towers with Radar,0,24,40,2,66,0,0,0,0,0,0,24,40,2,66,0,0,0,66
02/01/2011,STP,MN,AGL,CE,Towers with Radar,0,28,96,3,127,0,8,130,16,154,0,36,226,19,281,130,56,186,467
02/02/2011,STP,MN,AGL,CE,Towers with Radar,0,20,56,0,76,0,12,57,10,79,0,32,113,10,155,94,18,112,267
02/03/2011,STP,MN,AGL,CE,Towers with Radar,0,18,137,4,159,0,23,138,17,178,0,41,275,21,337,160,0,160,497
02/04/2011,STP,MN,AGL,CE,Towers with Radar,0,19,51,0,70,0,6,81,4,91,0,25,132,4,161,116,0,116,277
02/05/2011,STP,MN,AGL,CE,Towers with Radar,0,9,21,0,30,0,3,0,0,3,0,12,21,0,33,0,0,0,33
02/06/2011,STP,MN,AGL,CE,Towers with Radar,0,4,7,2,13,0,2,5,2,9,0,6,12,4,22,48,6,54,76
02/07/2011,STP,MN,AGL,CE,Towers with Radar,0,24,141,4,169,0,4,128,5,137,0,28,269,9,306,86,0,86,392
02/08/2011,STP,MN,AGL,CE,Towers with Radar,0,29,109,8,146,0,18,131,16,165,0,47,240,24,311,84,82,166,477
02/09/2011,STP,MN,AGL,CE,Towers with Radar,0,26,142,0,168,0,3,130,10,143,0,29,272,10,311,112,6,118,429
02/10/2011,STP,MN,AGL,CE,Towers with Radar,0,29,118,3,150,0,5,100,36,141,0,34,218,39,291,68,68,136,427
02/11/2011,STP,MN,AGL,CE,Towers with Radar,0,12,51,4,67,0,0,40,2,42,0,12,91,6,109,62,0,62,171
02/12/2011,STP,MN,AGL,CE,Towers with Radar,0,7,32,2,41,0,7,96,0,103,0,14,128,2,144,92,0,92,236
02/13/2011,STP,MN,AGL,CE,Towers with Radar,0,7,20,0,27,0,4,54,0,58,0,11,74,0,85,138,0,138,223
02/14/2011,STP,MN,AGL,CE,Towers with Radar,0,19,51,4,74,0,4,61,3,68,0,23,112,7,142,118,10,128,270
02/15/2011,STP,MN,AGL,CE,Towers with Radar,0,35,124,1,160,0,22,88,34,144,0,57,212,35,304,116,132,248,552
02/16/2011,STP,MN,AGL,CE,Towers with Radar,0,32,149,0,181,0,9,142,18,169,0,41,291,18,350,128,62,190,540
02/17/2011,STP,MN,AGL,CE,Towers with Radar,0,20,35,0,55,0,5,4,12,21,0,25,39,12,76,0,0,0,76
02/18/2011,STP,MN,AGL,CE,Towers with Radar,0,18,71,0,89,0,1,58,24,83,0,19,129,24,172,90,4,94,266
02/19/2011,STP,MN,AGL,CE,Towers with Radar,0,9,46,0,55,0,11,66,7,84,0,20,112,7,139,72,0,72,211
02/20/2011,STP,MN,AGL,CE,Towers with Radar,0,2,2,0,4,0,2,0,0,2,0,4,2,0,6,4,0,4,10
02/21/2011,STP,MN,AGL,CE,Towers with Radar,0,20,59,0,79,0,1,0,0,1,0,21,59,0,80,0,0,0,80
02/22/2011,STP,MN,AGL,CE,Towers with Radar,0,18,118,3,139,0,12,81,8,101,0,30,199,11,240,70,20,90,330
02/23/2011,STP,MN,AGL,CE,Towers with Radar,0,19,84,13,116,0,32,46,14,92,0,51,130,27,208,132,30,162,370
02/24/2011,STP,MN,AGL,CE,Towers with Radar,0,18,46,11,75,0,6,68,11,85,0,24,114,22,160,42,0,42,202
02/25/2011,STP,MN,AGL,CE,Towers with Radar,0,25,59,2,86,0,2,35,1,38,0,27,94,3,124,46,0,46,170
02/26/2011,STP,MN,AGL,CE,Towers with Radar,0,4,25,0,29,0,0,0,0,0,0,4,25,0,29,0,0,0,29
02/27/2011,STP,MN,AGL,CE,Towers with Radar,0,8,11,2,21,0,0,4,0,4,0,8,15,2,25,0,0,0,25
02/28/2011,STP,MN,AGL,CE,Towers with Radar,0,21,46,2,69,0,8,55,0,63,0,29,101,2,132,154,0,154,286
03/01/2011,STP,MN,AGL,CE,Towers with Radar,0,21,126,8,155,0,7,128,10,145,0,28,254,18,300,104,102,206,506
03/02/2011,STP,MN,AGL,CE,Towers with Radar,0,31,125,2,158,0,13,94,27,134,0,44,219,29,292,110,40,150,442
03/03/2011,STP,MN,AGL,CE,Towers with Radar,0,21,57,7,85,0,6,42,13,61,0,27,99,20,146,78,6,84,230
03/04/2011,STP,MN,AGL,CE,Towers with Radar,0,33,56,3,92,0,4,23,13,40,0,37,79,16,132,88,15,103,235
03/05/2011,STP,MN,AGL,CE,Towers with Radar,0,7,42,2,51,0,1,51,20,72,0,8,93,22,123,90,0,90,213
03/06/2011,STP,MN,AGL,CE,Towers with Radar,0,8,25,0,33,0,2,24,0,26,0,10,49,0,59,62,0,62,121
03/07/2011,STP,MN,AGL,CE,Towers with Radar,0,21,38,3,62,0,8,19,6,33,0,29,57,9,95,66,20,86,181
03/08/2011,STP,MN,AGL,CE,Towers with Radar,0,17,65,0,82,0,2,26,17,45,0,19,91,17,127,42,30,72,199
03/09/2011,STP,MN,AGL,CE,Towers with Radar,0,18,58,2,78,0,8,17,16,41,0,26,75,18,119,0,30,30,149
03/10/2011,STP,MN,AGL,CE,Towers with Radar,0,26,71,5,102,0,5,44,16,65,0,31,115,21,167,24,40,64,231
03/11/2011,STP,MN,AGL,CE,Towers with Radar,0,26,58,3,87,0,1,38,5,44,0,27,96,8,131,58,0,58,189
03/12/2011,STP,MN,AGL,CE,Towers with Radar,0,5,8,2,15,2,6,3,0,11,2,11,11,2,26,24,0,24,50
03/13/2011,STP,MN,AGL,CE,Towers with Radar,0,13,34,3,50,0,6,24,0,30,0,19,58,3,80,98,0,98,178
03/14/2011,STP,MN,AGL,CE,Towers with Radar,0,13,56,0,69,0,2,42,2,46,0,15,98,2,115,94,10,104,219
03/15/2011,STP,MN,AGL,CE,Towers with Radar,0,24,95,0,119,0,19,84,21,124,0,43,179,21,243,108,68,176,419
03/16/2011,STP,MN,AGL,CE,Towers with Radar,0,21,103,3,127,0,6,85,22,113,0,27,188,25,240,46,60,106,346
03/17/2011,STP,MN,AGL,CE,Towers with Radar,0,12,66,1,79,0,2,41,13,56,0,14,107,14,135,126,2,128,263
03/18/2011,STP,MN,AGL,CE,Towers with Radar,0,25,31,7,63,0,5,47,8,60,0,30,78,15,123,120,18,138,261
03/19/2011,STP,MN,AGL,CE,Towers with Radar,0,6,22,0,28,0,0,42,0,42,0,6,64,0,70,58,0,58,128
03/20/2011,STP,MN,AGL,CE,Towers with Radar,0,19,12,0,31,0,0,0,0,0,0,19,12,0,31,0,0,0,31
03/21/2011,STP,MN,AGL,CE,Towers with Radar,0,17,59,6,82,0,3,35,1,39,0,20,94,7,121,66,2,68,189
03/22/2011,STP,MN,AGL,CE,Towers with Radar,0,22,50,0,72,0,1,18,0,19,0,23,68,0,91,0,0,0,91
03/23/2011,STP,MN,AGL,CE,Towers with Radar,0,22,57,0,79,0,5,0,0,5,0,27,57,0,84,0,0,0,84
03/24/2011,STP,MN,AGL,CE,Towers with Radar,0,24,55,1,80,0,13,38,0,51,0,37,93,1,131,42,0,42,173
03/25/2011,STP,MN,AGL,CE,Towers with Radar,0,20,52,0,72,0,34,71,12,117,0,54,123,12,189,28,0,28,217
03/26/2011,STP,MN,AGL,CE,Towers with Radar,0,8,43,0,51,0,10,48,3,61,0,18,91,3,112,100,0,100,212
03/27/2011,STP,MN,AGL,CE,Towers with Radar,0,18,51,0,69,0,3,65,0,68,0,21,116,0,137,84,0,84,221
03/28/2011,STP,MN,AGL,CE,Towers with Radar,0,20,52,0,72,0,27,28,0,55,0,47,80,0,127,42,0,42,169
03/29/2011,STP,MN,AGL,CE,Towers with Radar,0,33,57,3,93,0,14,54,2,70,0,47,111,5,163,86,14,100,263
03/30/2011,STP,MN,AGL,CE,Towers with Radar,0,16,102,0,118,0,8,59,6,73,0,24,161,6,191,72,2,74,265
03/31/2011,STP,MN,AGL,CE,Towers with Radar,0,15,91,0,106,0,6,56,2,64,0,21,147,2,170,48,14,62,232
04/01/2011,STP,MN,AGL,CE,Towers with Radar,0,13,46,0,59,0,4,17,0,21,0,17,63,0,80,8,0,8,88
04/02/2011,STP,MN,AGL,CE,Towers with Radar,0,8,30,0,38,0,10,64,0,74,0,18,94,0,112,68,0,68,180
04/03/2011,STP,MN,AGL,CE,Towers with Radar,0,3,20,0,23,0,8,19,0,27,0,11,39,0,50,56,0,56,106
04/04/2011,STP,MN,AGL,CE,Towers with Radar,0,21,51,0,72,0,7,24,0,31,0,28,75,0,103,288,2,290,393
04/05/2011,STP,MN,AGL,CE,Towers with Radar,0,24,68,0,92,0,12,55,16,83,0,36,123,16,175,186,30,216,391
04/06/2011,STP,MN,AGL,CE,Towers with Radar,0,14,76,0,90,0,14,94,23,131,0,28,170,23,221,296,26,322,543
04/07/2011,STP,MN,AGL,CE,Towers with Radar,0,19,54,0,73,0,18,59,4,81,0,37,113,4,154,292,0,292,446
04/08/2011,STP,MN,AGL,CE,Towers with Radar,0,40,66,0,106,0,13,64,7,84,0,53,130,7,190,154,12,166,356
04/09/2011,STP,MN,AGL,CE,Towers with Radar,0,4,27,0,31,0,6,24,7,37,0,10,51,7,68,6,0,6,74
04/10/2011,STP,MN,AGL,CE,Towers with Radar,0,9,24,0,33,0,1,5,0,6,0,10,29,0,39,8,0,8,47
04/11/2011,STP,MN,AGL,CE,Towers with Radar,0,21,120,0,141,0,11,75,0,86,0,32,195,0,227,100,6,106,333
04/12/2011,STP,MN,AGL,CE,Towers with Radar,0,21,82,0,103,0,8,56,18,82,0,29,138,18,185,96,28,124,309
04/13/2011,STP,MN,AGL,CE,Towers with Radar,0,25,149,0,174,0,15,142,2,159,0,40,291,2,333,116,12,128,461
04/14/2011,STP,MN,AGL,CE,Towers with Radar,0,14,115,0,129,0,8,97,4,109,0,22,212,4,238,110,6,116,354
04/15/2011,STP,MN,AGL,CE,Towers with Radar,0,21,40,0,61,0,10,14,0,24,0,31,54,0,85,0,0,0,85
04/16/2011,STP,MN,AGL,CE,Towers with Radar,0,8,18,0,26,0,0,9,2,11,0,8,27,2,37,20,0,20,57
04/17/2011,STP,MN,AGL,CE,Towers with Radar,0,8,31,1,40,0,7,40,33,80,0,15,71,34,120,52,32,84,204
04/18/2011,STP,MN,AGL,CE,Towers with Radar,0,27,124,0,151,0,7,157,0,164,0,34,281,0,315,182,0,182,497
04/19/2011,STP,MN,AGL,CE,Towers with Radar,0,35,61,0,96,0,8,30,0,38,0,43,91,0,134,48,0,48,182
04/20/2011,STP,MN,AGL,CE,Towers with Radar,0,13,60,0,73,0,6,14,3,23,0,19,74,3,96,38,14,52,148
04/21/2011,STP,MN,AGL,CE,Towers with Radar,0,13,52,0,65,0,0,1,0,1,0,13,53,0,66,52,2,54,120
04/22/2011,STP,MN,AGL,CE,Towers with Radar,0,16,19,0,35,0,0,3,0,3,0,16,22,0,38,4,0,4,42
04/23/2011,STP,MN,AGL,CE,Towers with Radar,0,2,27,0,29,0,9,37,0,46,0,11,64,0,75,88,0,88,163
04/24/2011,STP,MN,AGL,CE,Towers with Radar,0,6,23,0,29,0,2,26,0,28,0,8,49,0,57,16,0,16,73
04/25/2011,STP,MN,AGL,CE,Towers with Radar,0,32,98,9,139,0,10,104,0,114,0,42,202,9,253,130,0,130,383
04/26/2011,STP,MN,AGL,CE,Towers with Radar,0,25,60,2,87,0,4,4,0,8,0,29,64,2,95,0,0,0,95
04/27/2011,STP,MN,AGL,CE,Towers with Radar,0,23,59,0,82,0,3,19,0,22,0,26,78,0,104,32,0,32,136
04/28/2011,STP,MN,AGL,CE,Towers with Radar,0,27,82,0,109,0,17,19,6,42,0,44,101,6,151,32,0,32,183
04/29/2011,STP,MN,AGL,CE,Towers with Radar,0,23,48,1,72,0,11,60,0,71,0,34,108,1,143,66,0,66,209
04/30/2011,STP,MN,AGL,CE,Towers with Radar,0,10,28,0,38,0,0,8,0,8,0,10,36,0,46,0,0,0,46
05/01/2011,STP,MN,AGL,CE,Towers with Radar,0,10,22,0,32,0,1,14,4,19,0,11,36,4,51,12,4,16,67
05/02/2011,STP,MN,AGL,CE,Towers with Radar,0,26,44,0,70,0,10,54,0,64,0,36,98,0,134,110,0,110,244
05/03/2011,STP,MN,AGL,CE,Towers with Radar,0,17,72,5,94,0,2,48,9,59,0,19,120,14,153,48,0,48,201
05/04/2011,STP,MN,AGL,CE,Towers with Radar,0,14,77,2,93,0,6,64,6,76,0,20,141,8,169,104,0,104,273
05/05/2011,STP,MN,AGL,CE,Towers with Radar,0,32,64,1,97,0,3,41,4,48,0,35,105,5,145,60,0,60,205
05/06/2011,STP,MN,AGL,CE,Towers with Radar,0,24,60,0,84,0,4,49,5,58,0,28,109,5,142,80,0,80,222
05/07/2011,STP,MN,AGL,CE,Towers with Radar,0,5,25,0,30,0,6,69,0,75,0,11,94,0,105,130,0,130,235
05/08/2011,STP,MN,AGL,CE,Towers with Radar,0,14,25,0,39,0,4,20,2,26,0,18,45,2,65,12,4,16,81
05/09/2011,STP,MN,AGL,CE,Towers with Radar,0,29,76,3,108,0,2,39,0,41,0,31,115,3,149,54,0,54,203
05/10/2011,STP,MN,AGL,CE,Towers with Radar,0,19,92,0,111,0,5,61,8,74,0,24,153,8,185,88,18,106,291
05/11/2011,STP,MN,AGL,CE,Towers with Radar,0,34,92,16,142,0,4,80,7,91,0,38,172,23,233,112,4,116,349
05/12/2011,STP,MN,AGL,CE,Towers with Radar,0,23,76,3,102,0,10,20,3,33,0,33,96,6,135,16,0,16,151
05/13/2011,STP,MN,AGL,CE,Towers with Radar,0,18,61,2,81,0,1,49,5,55,0,19,110,7,136,34,12,46,182
05/14/2011,STP,MN,AGL,CE,Towers with Radar,0,6,27,2,35,0,0,2,0,2,0,6,29,2,37,0,0,0,37
05/15/2011,STP,MN,AGL,CE,Towers with Radar,0,12,32,1,45,0,20,49,0,69,0,32,81,1,114,70,0,70,184
05/16/2011,STP,MN,AGL,CE,Towers with Radar,0,18,66,3,87,0,7,72,3,82,0,25,138,6,169,98,0,98,267
05/17/2011,STP,MN,AGL,CE,Towers with Radar,0,16,144,5,165,0,5,107,24,136,0,21,251,29,301,120,56,176,477
05/18/2011,STP,MN,AGL,CE,Towers with Radar,0,10,75,4,89,0,7,58,21,86,0,17,133,25,175,94,4,98,273
05/19/2011,STP,MN,AGL,CE,Towers with Radar,0,20,100,8,128,0,6,100,26,132,0,26,200,34,260,124,26,150,410
05/20/2011,STP,MN,AGL,CE,Towers with Radar,0,20,51,0,71,0,3,14,5,22,0,23,65,5,93,4,0,4,97
05/21/2011,STP,MN,AGL,CE,Towers with Radar,0,3,40,0,43,0,0,14,0,14,0,3,54,0,57,0,0,0,57
05/22/2011,STP,MN,AGL,CE,Towers with Radar,0,15,37,0,52,0,3,12,0,15,0,18,49,0,67,0,0,0,67
05/23/2011,STP,MN,AGL,CE,Towers with Radar,0,20,141,0,161,0,11,120,0,131,0,31,261,0,292,132,0,132,424
05/24/2011,STP,MN,AGL,CE,Towers with Radar,0,26,96,10,132,0,18,98,16,132,0,44,194,26,264,130,50,180,444
05/25/2011,STP,MN,AGL,CE,Towers with Radar,0,20,64,3,87,0,19,42,11,72,0,39,106,14,159,84,10,94,253
05/26/2011,STP,MN,AGL,CE,Towers with Radar,0,16,76,1,93,0,15,63,7,85,0,31,139,8,178,134,16,150,328
05/27/2011,STP,MN,AGL,CE,Towers with Radar,0,16,55,0,71,9,58,0,0,67,9,74,55,0,138,26,0,26,164
05/28/2011,STP,MN,AGL,CE,Towers with Radar,0,1,14,0,15,0,2,70,0,72,0,3,84,0,87,96,0,96,183
05/29/2011,STP,MN,AGL,CE,Towers with Radar,0,4,19,0,23,0,2,60,0,62,0,6,79,0,85,126,0,126,211
05/30/2011,STP,MN,AGL,CE,Towers with Radar,0,7,44,0,51,0,1,30,0,31,0,8,74,0,82,14,0,14,96
05/31/2011,STP,MN,AGL,CE,Towers with Radar,0,5,57,0,62,0,6,41,12,59,0,11,98,12,121,78,38,116,237
06/01/2011,STP,MN,AGL,CE,Towers with Radar,0,21,119,1,141,0,11,114,5,130,0,32,233,6,271,68,54,122,393
06/02/2011,STP,MN,AGL,CE,Towers with Radar,0,17,46,2,65,0,0,42,3,45,0,17,88,5,110,66,0,66,176
06/03/2011,STP,MN,AGL,CE,Towers with Radar,0,15,54,0,69,0,6,55,0,61,0,21,109,0,130,72,0,72,202
06/04/2011,STP,MN,AGL,CE,Towers with Radar,0,5,26,0,31,0,1,97,0,98,0,6,123,0,129,104,0,104,233
06/05/2011,STP,MN,AGL,CE,Towers with Radar,0,7,23,0,30,0,8,57,10,75,0,15,80,10,105,96,14,110,215
06/06/2011,STP,MN,AGL,CE,Towers with Radar,0,15,39,1,55,0,1,58,1,60,0,16,97,2,115,102,12,114,229
06/07/2011,STP,MN,AGL,CE,Towers with Radar,0,14,80,2,96,0,6,56,0,62,0,20,136,2,158,22,0,22,180
06/08/2011,STP,MN,AGL,CE,Towers with Radar,0,16,93,2,111,0,10,84,9,103,0,26,177,11,214,88,0,88,302
06/09/2011,STP,MN,AGL,CE,Towers with Radar,0,18,63,0,81,0,1,68,4,73,0,19,131,4,154,48,0,48,202
06/10/2011,STP,MN,AGL,CE,Towers with Radar,0,14,59,4,77,0,4,25,4,33,0,18,84,8,110,70,0,70,180
06/11/2011,STP,MN,AGL,CE,Towers with Radar,0,11,66,3,80,0,13,97,10,120,0,24,163,13,200,130,18,148,348
06/12/2011,STP,MN,AGL,CE,Towers with Radar,0,13,40,3,56,0,6,81,0,87,0,19,121,3,143,106,0,106,249
06/13/2011,STP,MN,AGL,CE,Towers with Radar,0,24,129,5,158,7,140,0,0,147,7,164,129,5,305,148,0,148,453
06/14/2011,STP,MN,AGL,CE,Towers with Radar,0,16,132,2,150,0,8,72,0,80,0,24,204,2,230,106,0,106,336
06/15/2011,STP,MN,AGL,CE,Towers with Radar,0,28,81,2,111,0,4,27,2,33,0,32,108,4,144,8,0,8,152
06/16/2011,STP,MN,AGL,CE,Towers with Radar,0,28,78,2,108,0,5,67,10,82,0,33,145,12,190,76,0,76,266
06/17/2011,STP,MN,AGL,CE,Towers with Radar,0,33,54,1,88,0,6,69,0,75,0,39,123,1,163,48,10,58,221
06/18/2011,STP,MN,AGL,CE,Towers with Radar,0,19,32,2,53,0,0,1,3,4,0,19,33,5,57,0,0,0,57
06/19/2011,STP,MN,AGL,CE,Towers with Radar,0,17,29,0,46,0,2,12,0,14,0,19,41,0,60,10,0,10,70
06/20/2011,STP,MN,AGL,CE,Towers with Radar,0,20,145,2,167,0,19,87,0,106,0,39,232,2,273,80,0,80,353
06/21/2011,STP,MN,AGL,CE,Towers with Radar,0,32,57,0,89,0,4,13,4,21,0,36,70,4,110,28,36,64,174
06/22/2011,STP,MN,AGL,CE,Towers with Radar,0,19,65,1,85,0,0,3,0,3,0,19,68,1,88,0,0,0,88
06/23/2011,STP,MN,AGL,CE,Towers with Radar,0,19,54,2,75,0,8,10,4,22,0,27,64,6,97,12,0,12,109
06/24/2011,STP,MN,AGL,CE,Towers with Radar,0,12,91,2,105,0,15,94,5,114,0,27,185,7,219,162,0,162,381
06/25/2011,STP,MN,AGL,CE,Towers with Radar,0,7,28,0,35,0,9,48,2,59,0,16,76,2,94,46,0,46,140
06/26/2011,STP,MN,AGL,CE,Towers with Radar,0,8,22,0,30,0,3,32,0,35,0,11,54,0,65,76,0,76,141
06/27/2011,STP,MN,AGL,CE,Towers with Radar,0,11,58,0,69,0,3,19,0,22,0,14,77,0,91,14,0,14,105
06/28/2011,STP,MN,AGL,CE,Towers with Radar,0,16,112,2,130,0,0,131,16,147,0,16,243,18,277,126,46,172,449
06/29/2011,STP,MN,AGL,CE,Towers with Radar,0,27,75,4,106,0,8,80,13,101,0,35,155,17,207,64,38,102,309
06/30/2011,STP,MN,AGL,CE,Towers with Radar,0,23,63,4,90,0,16,68,25,109,0,39,131,29,199,100,4,104,303
07/01/2011,STP,MN,AGL,CE,Towers with Radar,0,27,49,0,76,0,10,45,0,55,0,37,94,0,131,34,0,34,165
07/02/2011,STP,MN,AGL,CE,Towers with Radar,0,15,25,0,40,0,14,35,0,49,0,29,60,0,89,80,0,80,169
07/03/2011,STP,MN,AGL,CE,Towers with Radar,0,13,21,0,34,0,2,14,0,16,0,15,35,0,50,18,0,18,68
07/04/2011,STP,MN,AGL,CE,Towers with Radar,0,9,24,0,33,0,7,38,0,45,0,16,62,0,78,28,0,28,106
07/05/2011,STP,MN,AGL,CE,Towers with Radar,0,17,65,3,85,0,8,32,4,44,0,25,97,7,129,114,24,138,267
07/06/2011,STP,MN,AGL,CE,Towers with Radar,0,12,44,0,56,0,2,88,11,101,0,14,132,11,157,124,6,130,287
07/07/2011,STP,MN,AGL,CE,Towers with Radar,0,22,50,2,74,0,5,49,8,62,0,27,99,10,136,104,8,112,248
07/08/2011,STP,MN,AGL,CE,Towers with Radar,0,18,38,1,57,0,3,58,4,65,0,21,96,5,122,40,0,40,162
07/09/2011,STP,MN,AGL,CE,Towers with Radar,0,6,26,0,32,0,5,55,0,60,0,11,81,0,92,44,0,44,136
07/10/2011,STP,MN,AGL,CE,Towers with Radar,0,4,32,0,36,0,4,36,2,42,0,8,68,2,78,60,0,60,138
07/11/2011,STP,MN,AGL,CE,Towers with Radar,0,25,52,2,79,0,4,102,6,112,0,29,154,8,191,170,38,208,399
07/12/2011,STP,MN,AGL,CE,Towers with Radar,0,24,74,6,104,0,7,87,17,111,0,31,161,23,215,142,52,194,409
07/13/2011,STP,MN,AGL,CE,Towers with Radar,0,18,66,1,85,0,18,102,16,136,0,36,168,17,221,120,28,148,369
07/14/2011,STP,MN,AGL,CE,Towers with Radar,0,23,60,0,83,0,3,47,12,62,0,26,107,12,145,92,26,118,263
07/15/2011,STP,MN,AGL,CE,Towers with Radar,0,32,67,2,101,0,0,10,0,10,0,32,77,2,111,0,0,0,111
07/16/2011,STP,MN,AGL,CE,Towers with Radar,0,7,31,0,38,0,12,30,4,46,0,19,61,4,84,4,0,4,88
07/17/2011,STP,MN,AGL,CE,Towers with Radar,0,11,37,2,50,0,2,55,0,57,0,13,92,2,107,40,0,40,147
07/18/2011,STP,MN,AGL,CE,Towers with Radar,0,29,50,2,81,0,8,33,6,47,0,37,83,8,128,110,20,130,258
07/19/2011,STP,MN,AGL,CE,Towers with Radar,0,17,67,2,86,0,6,51,4,61,0,23,118,6,147,58,36,94,241
07/20/2011,STP,MN,AGL,CE,Towers with Radar,0,21,67,1,89,0,13,79,18,110,0,34,146,19,199,178,22,200,399
07/21/2011,STP,MN,AGL,CE,Towers with Radar,0,23,93,2,118,0,6,94,16,116,0,29,187,18,234,104,52,156,390
07/22/2011,STP,MN,AGL,CE,Towers with Radar,0,25,56,0,81,0,1,55,4,60,0,26,111,4,141,98,4,102,243
07/23/2011,STP,MN,AGL,CE,Towers with Radar,0,7,29,0,36,0,1,16,0,17,0,8,45,0,53,0,0,0,53
07/24/2011,STP,MN,AGL,CE,Towers with Radar,0,29,46,0,75,0,8,53,0,61,0,37,99,0,136,48,0,48,184
07/25/2011,STP,MN,AGL,CE,Towers with Radar,0,25,86,0,111,0,29,89,7,125,0,54,175,7,236,150,10,160,396
07/26/2011,STP,MN,AGL,CE,Towers with Radar,0,24,73,10,107,0,9,50,26,85,0,33,123,36,192,120,30,150,342
07/27/2011,STP,MN,AGL,CE,Towers with Radar,0,25,82,6,113,0,4,32,20,56,0,29,114,26,169,28,4,32,201
07/28/2011,STP,MN,AGL,CE,Towers with Radar,0,22,80,6,108,0,3,34,16,53,0,25,114,22,161,40,0,40,201
07/29/2011,STP,MN,AGL,CE,Towers with Radar,0,20,37,2,59,0,6,78,12,96,0,26,115,14,155,102,2,104,259
07/30/2011,STP,MN,AGL,CE,Towers with Radar,0,9,30,3,42,0,5,38,0,43,0,14,68,3,85,36,0,36,121
07/31/2011,STP,MN,AGL,CE,Towers with Radar,0,13,49,0,62,0,7,36,0,43,0,20,85,0,105,140,0,140,245
08/01/2011,STP,MN,AGL,CE,Towers with Radar,0,24,43,3,70,0,2,13,2,17,0,26,56,5,87,38,0,38,125
08/02/2011,STP,MN,AGL,CE,Towers with Radar,0,18,68,8,94,0,6,67,7,80,0,24,135,15,174,72,6,78,252
08/03/2011,STP,MN,AGL,CE,Towers with Radar,0,39,77,7,123,0,4,124,38,166,0,43,201,45,289,208,134,342,631
08/04/2011,STP,MN,AGL,CE,Towers with Radar,0,33,124,4,161,0,7,112,7,126,0,40,236,11,287,212,6,218,505
08/05/2011,STP,MN,AGL,CE,Towers with Radar,0,18,41,1,60,0,3,75,15,93,0,21,116,16,153,62,14,76,229
08/06/2011,STP,MN,AGL,CE,Towers with Radar,0,14,27,0,41,0,1,42,2,45,0,15,69,2,86,64,0,64,150
08/07/2011,STP,MN,AGL,CE,Towers with Radar,0,26,57,0,83,0,2,112,0,114,0,28,169,0,197,142,0,142,339
08/08/2011,STP,MN,AGL,CE,Towers with Radar,0,20,82,4,106,0,2,151,4,157,0,22,233,8,263,178,8,186,449
08/09/2011,STP,MN,AGL,CE,Towers with Radar,0,26,67,3,96,0,4,114,11,129,0,30,181,14,225,196,20,216,441
08/10/2011,STP,MN,AGL,CE,Towers with Radar,0,10,82,5,97,0,10,108,9,127,0,20,190,14,224,108,2,110,334
08/11/2011,STP,MN,AGL,CE,Towers with Radar,0,27,120,4,151,0,11,110,18,139,0,38,230,22,290,182,42,224,514
08/12/2011,STP,MN,AGL,CE,Towers with Radar,0,21,54,5,80,0,11,51,7,69,0,32,105,12,149,84,20,104,253
08/13/2011,STP,MN,AGL,CE,Towers with Radar,0,5,21,1,27,0,1,47,0,48,0,6,68,1,75,92,0,92,167
08/14/2011,STP,MN,AGL,CE,Towers with Radar,0,12,34,0,46,0,1,52,0,53,0,13,86,0,99,66,0,66,165
08/15/2011,STP,MN,AGL,CE,Towers with Radar,0,13,33,0,46,0,8,67,7,82,0,21,100,7,128,86,18,104,232
08/16/2011,STP,MN,AGL,CE,Towers with Radar,0,8,47,2,57,0,11,74,12,97,0,19,121,14,154,100,28,128,282
08/17/2011,STP,MN,AGL,CE,Towers with Radar,0,11,51,0,62,0,7,142,12,161,0,18,193,12,223,234,36,270,493
08/18/2011,STP,MN,AGL,CE,Towers with Radar,0,25,73,0,98,0,7,129,38,174,0,32,202,38,272,280,38,318,590
08/19/2011,STP,MN,AGL,CE,Towers with Radar,0,15,76,7,98,0,8,84,11,103,0,23,160,18,201,164,24,188,389
08/20/2011,STP,MN,AGL,CE,Towers with Radar,1,4,19,0,24,0,9,68,0,77,1,13,87,0,101,110,0,110,211
08/21/2011,STP,MN,AGL,CE,Towers with Radar,0,8,45,0,53,0,15,75,0,90,0,23,120,0,143,102,0,102,245
08/22/2011,STP,MN,AGL,CE,Towers with Radar,0,15,55,1,71,0,10,112,18,140,0,25,167,19,211,196,30,226,437
08/23/2011,STP,MN,AGL,CE,Towers with Radar,0,21,62,7,90,0,14,67,20,101,0,35,129,27,191,166,34,200,391
08/24/2011,STP,MN,AGL,CE,Towers with Radar,0,17,60,1,78,0,38,104,22,164,0,55,164,23,242,114,26,140,382
08/25/2011,STP,MN,AGL,CE,Towers with Radar,0,16,60,2,78,1,23,111,29,164,1,39,171,31,242,174,42,216,458
08/26/2011,STP,MN,AGL,CE,Towers with Radar,0,19,31,0,50,0,15,97,8,120,0,34,128,8,170,146,24,170,340
08/27/2011,STP,MN,AGL,CE,Towers with Radar,0,11,46,0,57,0,4,76,0,80,0,15,122,0,137,136,0,136,273
08/28/2011,STP,MN,AGL,CE,Towers with Radar,0,7,25,0,32,0,6,46,0,52,0,13,71,0,84,74,0,74,158
08/29/2011,STP,MN,AGL,CE,Towers with Radar,0,12,63,0,75,0,12,148,0,160,0,24,211,0,235,180,0,180,415
08/30/2011,STP,MN,AGL,CE,Towers with Radar,0,15,48,3,66,0,18,76,20,114,0,33,124,23,180,88,56,144,324
08/31/2011,STP,MN,AGL,CE,Towers with Radar,0,32,43,5,80,0,0,58,19,77,0,32,101,24,157,112,96,208,365
09/01/2011,STP,MN,AGL,CE,Towers with Radar,0,19,64,4,87,0,2,103,23,128,0,21,167,27,215,114,108,222,437
09/02/2011,STP,MN,AGL,CE,Towers with Radar,0,23,37,0,60,0,16,56,3,75,0,39,93,3,135,64,0,64,199
09/03/2011,STP,MN,AGL,CE,Towers with Radar,0,13,12,0,25,0,10,34,0,44,0,23,46,0,69,94,0,94,163
09/04/2011,STP,MN,AGL,CE,Towers with Radar,0,9,13,0,22,0,7,27,0,34,0,16,40,0,56,50,0,50,106
09/05/2011,STP,MN,AGL,CE,Towers with Radar,0,14,41,2,57,0,14,158,0,172,0,28,199,2,229,194,8,202,431
09/06/2011,STP,MN,AGL,CE,Towers with Radar,0,22,39,4,65,0,22,131,31,184,0,44,170,35,249,150,88,238,487
09/07/2011,STP,MN,AGL,CE,Towers with Radar,0,17,54,8,79,0,16,123,31,170,0,33,177,39,249,190,94,284,533
09/08/2011,STP,MN,AGL,CE,Towers with Radar,0,19,73,7,99,0,20,126,21,167,0,39,199,28,266,140,98,238,504
09/09/2011,STP,MN,AGL,CE,Towers with Radar,0,11,55,2,68,0,14,79,14,107,0,25,134,16,175,142,0,142,317
09/10/2011,STP,MN,AGL,CE,Towers with Radar,0,4,29,0,33,0,9,60,1,70,0,13,89,1,103,116,0,116,219
09/11/2011,STP,MN,AGL,CE,Towers with Radar,0,8,24,0,32,0,23,47,3,73,0,31,71,3,105,34,0,34,139
09/12/2011,STP,MN,AGL,CE,Towers with Radar,0,19,47,2,68,0,41,79,5,125,0,60,126,7,193,148,12,160,353
09/13/2011,STP,MN,AGL,CE,Towers with Radar,0,18,62,4,84,0,26,94,11,131,0,44,156,15,215,96,72,168,383
09/14/2011,STP,MN,AGL,CE,Towers with Radar,0,19,48,6,73,0,26,91,28,145,0,45,139,34,218,162,64,226,444
09/15/2011,STP,MN,AGL,CE,Towers with Radar,0,14,77,2,93,0,3,109,8,120,0,17,186,10,213,100,12,112,325
09/16/2011,STP,MN,AGL,CE,Towers with Radar,0,18,46,6,70,0,11,87,9,107,0,29,133,15,177,96,6,102,279
09/17/2011,STP,MN,AGL,CE,Towers with Radar,0,12,20,2,34,0,4,50,2,56,0,16,70,4,90,46,4,50,140
09/18/2011,STP,MN,AGL,CE,Towers with Radar,0,11,61,2,74,0,0,3,1,4,0,11,64,3,78,0,0,0,78
09/19/2011,STP,MN,AGL,CE,Towers with Radar,0,19,60,1,80,0,11,92,4,107,0,30,152,5,187,130,6,136,323
09/20/2011,STP,MN,AGL,CE,Towers with Radar,0,20,65,0,85,0,6,46,13,65,0,26,111,13,150,70,88,158,308
09/21/2011,STP,MN,AGL,CE,Towers with Radar,0,20,46,2,68,0,12,32,18,62,0,32,78,20,130,66,44,110,240
09/22/2011,STP,MN,AGL,CE,Towers with Radar,0,16,64,5,85,0,7,63,11,81,0,23,127,16,166,104,22,126,292
09/23/2011,STP,MN,AGL,CE,Towers with Radar,0,13,37,0,50,0,7,57,9,73,0,20,94,9,123,90,6,96,219
09/24/2011,STP,MN,AGL,CE,Towers with Radar,0,4,30,0,34,0,4,38,0,42,0,8,68,0,76,22,0,22,98
09/25/2011,STP,MN,AGL,CE,Towers with Radar,0,15,41,0,56,0,7,47,0,54,0,22,88,0,110,32,0,32,142
09/26/2011,STP,MN,AGL,CE,Towers with Radar,0,11,34,0,45,0,14,41,0,55,0,25,75,0,100,62,0,62,162
09/27/2011,STP,MN,AGL,CE,Towers with Radar,0,18,84,4,106,0,9,82,17,108,0,27,166,21,214,144,66,210,424
09/28/2011,STP,MN,AGL,CE,Towers with Radar,0,28,44,7,79,0,10,92,28,130,0,38,136,35,209,118,78,196,405
09/29/2011,STP,MN,AGL,CE,Towers with Radar,0,32,76,3,111,0,4,47,18,69,0,36,123,21,180,64,68,132,312
09/30/2011,STP,MN,AGL,CE,Towers with Radar,0,12,43,0,55,0,9,83,0,92,0,21,126,0,147,172,0,172,319
10/01/2011,STP,MN,AGL,CE,Towers with Radar,0,10,21,0,31,0,4,70,0,74,0,14,91,0,105,38,0,38,143
10/02/2011,STP,MN,AGL,CE,Towers with Radar,0,8,36,0,44,0,8,69,0,77,0,16,105,0,121,112,0,112,233
10/03/2011,STP,MN,AGL,CE,Towers with Radar,0,20,47,1,68,0,22,95,17,134,0,42,142,18,202,142,12,154,356
10/04/2011,STP,MN,AGL,CE,Towers with Radar,0,13,47,6,66,0,10,108,21,139,0,23,155,27,205,162,116,278,483
10/05/2011,STP,MN,AGL,CE,Towers with Radar,0,23,53,1,77,0,18,111,38,167,0,41,164,39,244,142,70,212,456
10/06/2011,STP,MN,AGL,CE,Towers with Radar,0,16,49,3,68,0,5,88,16,109,0,21,137,19,177,178,22,200,377
10/07/2011,STP,MN,AGL,CE,Towers with Radar,0,10,40,2,52,0,4,40,0,44,0,14,80,2,96,78,0,78,174
10/08/2011,STP,MN,AGL,CE,Towers with Radar,0,13,34,0,47,0,7,64,0,71,0,20,98,0,118,84,0,84,202
10/09/2011,STP,MN,AGL,CE,Towers with Radar,0,8,33,0,41,0,6,61,2,69,0,14,94,2,110,98,0,98,208
10/10/2011,STP,MN,AGL,CE,Towers with Radar,0,17,49,0,66,0,17,51,0,68,0,34,100,0,134,110,0,110,244
10/11/2011,STP,MN,AGL,CE,Towers with Radar,0,13,41,7,61,0,21,79,29,129,0,34,120,36,190,144,100,244,434
10/12/2011,STP,MN,AGL,CE,Towers with Radar,0,20,50,7,77,0,8,26,4,38,0,28,76,11,115,54,4,58,173
10/13/2011,STP,MN,AGL,CE,Towers with Radar,0,31,52,5,88,0,9,53,11,73,0,40,105,16,161,118,18,136,297
10/14/2011,STP,MN,AGL,CE,Towers with Radar,0,18,37,2,57,0,6,56,2,64,0,24,93,4,121,88,8,96,217
10/15/2011,STP,MN,AGL,CE,Towers with Radar,0,10,21,2,33,0,6,42,3,51,0,16,63,5,84,100,4,104,188
10/16/2011,STP,MN,AGL,CE,Towers with Radar,0,15,29,0,44,0,3,38,4,45,0,18,67,4,89,40,4,44,133
10/17/2011,STP,MN,AGL,CE,Towers with Radar,0,9,54,1,64,0,10,62,9,81,0,19,116,10,145,114,38,152,297
10/18/2011,STP,MN,AGL,CE,Towers with Radar,0,17,49,3,69,0,3,54,22,79,0,20,103,25,148,120,56,176,324
10/19/2011,STP,MN,AGL,CE,Towers with Radar,0,17,53,0,70,0,15,56,18,89,0,32,109,18,159,100,62,162,321
10/20/2011,STP,MN,AGL,CE,Towers with Radar,0,17,66,9,92,0,5,74,30,109,0,22,140,39,201,136,78,214,415
10/21/2011,STP,MN,AGL,CE,Towers with Radar,0,11,38,2,51,0,11,88,9,108,0,22,126,11,159,151,4,155,314
10/22/2011,STP,MN,AGL,CE,Towers with Radar,0,9,36,2,47,0,7,41,0,48,0,16,77,2,95,96,0,96,191
10/23/2011,STP,MN,AGL,CE,Towers with Radar,0,13,65,0,78,0,8,48,0,56,0,21,113,0,134,50,0,50,184
10/24/2011,STP,MN,AGL,CE,Towers with Radar,0,8,61,0,69,0,8,38,12,58,0,16,99,12,127,108,8,116,243
10/25/2011,STP,MN,AGL,CE,Towers with Radar,0,14,49,0,63,0,7,49,0,56,0,21,98,0,119,64,0,64,183
10/26/2011,STP,MN,AGL,CE,Towers with Radar,0,20,57,5,82,0,7,87,19,113,0,27,144,24,195,126,46,172,367
10/27/2011,STP,MN,AGL,CE,Towers with Radar,0,19,48,0,67,0,7,75,6,88,0,26,123,6,155,128,20,148,303
10/28/2011,STP,MN,AGL,CE,Towers with Radar,0,15,48,3,66,0,15,77,17,109,0,30,125,20,175,56,12,68,243
10/29/2011,STP,MN,AGL,CE,Towers with Radar,0,8,33,2,43,0,15,83,0,98,0,23,116,2,141,112,0,112,253
10/30/2011,STP,MN,AGL,CE,Towers with Radar,0,11,18,0,29,0,4,23,0,27,0,15,41,0,56,94,0,94,150
10/31/2011,STP,MN,AGL,CE,Towers with Radar,0,15,30,2,47,0,12,41,18,71,0,27,71,20,118,116,42,158,276
11/01/2011,STP,MN,AGL,CE,Towers with Radar,0,22,45,1,68,0,7,65,7,79,0,29,110,8,147,98,28,126,273
11/02/2011,STP,MN,AGL,CE,Towers with Radar,0,22,51,2,75,0,14,60,15,89,0,36,111,17,164,130,60,190,354
11/03/2011,STP,MN,AGL,CE,Towers with Radar,0,19,59,1,79,0,17,61,5,83,0,36,120,6,162,132,16,148,310
11/04/2011,STP,MN,AGL,CE,Towers with Radar,0,18,30,0,48,0,4,65,17,86,0,22,95,17,134,146,30,176,310
11/05/2011,STP,MN,AGL,CE,Towers with Radar,0,19,13,5,37,0,5,15,0,20,0,24,28,5,57,32,0,32,89
11/06/2011,STP,MN,AGL,CE,Towers with Radar,0,8,24,0,32,0,0,9,0,9,0,8,33,0,41,0,0,0,41
11/07/2011,STP,MN,AGL,CE,Towers with Radar,0,23,43,3,69,0,14,78,0,92,0,37,121,3,161,170,0,170,331
11/08/2011,STP,MN,AGL,CE,Towers with Radar,0,21,48,1,70,0,14,59,12,85,0,35,107,13,155,137,28,165,320
11/09/2011,STP,MN,AGL,CE,Towers with Radar,0,12,48,5,65,0,9,91,18,118,0,21,139,23,183,166,68,234,417
11/10/2011,STP,MN,AGL,CE,Towers with Radar,0,22,41,3,66,0,10,61,16,87,0,32,102,19,153,70,30,100,253
11/11/2011,STP,MN,AGL,CE,Towers with Radar,0,15,31,0,46,0,6,70,0,76,0,21,101,0,122,106,0,106,228
11/12/2011,STP,MN,AGL,CE,Towers with Radar,0,9,30,1,40,0,7,48,0,55,0,16,78,1,95,108,0,108,203
11/13/2011,STP,MN,AGL,CE,Towers with Radar,0,14,25,1,40,0,1,35,0,36,0,15,60,1,76,90,0,90,166
11/14/2011,STP,MN,AGL,CE,Towers with Radar,0,26,43,5,74,0,3,55,4,62,0,29,98,9,136,92,0,92,228
11/15/2011,STP,MN,AGL,CE,Towers with Radar,0,19,49,2,70,0,13,63,9,85,0,32,112,11,155,50,30,80,235
11/16/2011,STP,MN,AGL,CE,Towers with Radar,0,20,57,1,78,0,12,56,25,93,0,32,113,26,171,66,56,122,293
11/17/2011,STP,MN,AGL,CE,Towers with Radar,1,33,66,5,105,0,32,54,10,96,1,65,120,15,201,120,24,144,345
11/18/2011,STP,MN,AGL,CE,Towers with Radar,0,16,61,3,80,0,0,95,9,104,0,16,156,12,184,82,0,82,266
11/19/2011,STP,MN,AGL,CE,Towers with Radar,0,8,6,2,16,0,0,5,0,5,0,8,11,2,21,4,0,4,25
11/20/2011,STP,MN,AGL,CE,Towers with Radar,0,14,14,0,28,0,0,19,2,21,0,14,33,2,49,8,0,8,57
11/21/2011,STP,MN,AGL,CE,Towers with Radar,0,20,56,0,76,0,2,10,0,12,0,22,66,0,88,22,0,22,110
11/22/2011,STP,MN,AGL,CE,Towers with Radar,0,12,63,2,77,0,5,20,16,41,0,17,83,18,118,48,36,84,202
11/23/2011,STP,MN,AGL,CE,Towers with Radar,0,19,46,3,68,0,1,35,3,39,0,20,81,6,107,66,0,66,173
11/24/2011,STP,MN,AGL,CE,Towers with Radar,0,5,6,0,11,0,3,8,0,11,0,8,14,0,22,0,0,0,22
11/25/2011,STP,MN,AGL,CE,Towers with Radar,0,11,23,0,34,0,0,27,0,27,0,11,50,0,61,28,0,28,89
11/26/2011,STP,MN,AGL,CE,Towers with Radar,0,8,11,0,19,0,0,1,0,1,0,8,12,0,20,0,0,0,20
11/27/2011,STP,MN,AGL,CE,Towers with Radar,0,10,38,0,48,0,0,20,0,20,0,10,58,0,68,28,0,28,96
11/28/2011,STP,MN,AGL,CE,Towers with Radar,0,24,36,0,60,0,6,60,8,74,0,30,96,8,134,138,28,166,300
11/29/2011,STP,MN,AGL,CE,Towers with Radar,0,18,50,2,70,0,11,88,20,119,0,29,138,22,189,144,62,206,395
11/30/2011,STP,MN,AGL,CE,Towers with Radar,0,22,69,2,93,0,8,74,7,89,0,30,143,9,182,118,14,132,314
12/01/2011,STP,MN,AGL,CE,Towers with Radar,0,18,60,2,80,0,4,68,24,96,0,22,128,26,176,114,74,188,364
12/02/2011,STP,MN,AGL,CE,Towers with Radar,0,19,54,3,76,0,6,38,12,56,0,25,92,15,132,78,14,92,224
12/03/2011,STP,MN,AGL,CE,Towers with Radar,0,7,16,0,23,0,2,39,0,41,0,9,55,0,64,44,0,44,108
12/04/2011,STP,MN,AGL,CE,Towers with Radar,0,14,33,0,47,0,2,21,0,23,0,16,54,0,70,34,0,34,104
12/05/2011,STP,MN,AGL,CE,Towers with Radar,0,24,37,4,65,0,3,11,0,14,0,27,48,4,79,0,0,0,79
12/06/2011,STP,MN,AGL,CE,Towers with Radar,0,22,37,1,60,0,0,33,12,45,0,22,70,13,105,46,50,96,201
12/07/2011,STP,MN,AGL,CE,Towers with Radar,0,22,58,4,84,0,6,49,11,66,0,28,107,15,150,110,66,176,326
12/08/2011,STP,MN,AGL,CE,Towers with Radar,0,21,74,6,101,0,13,62,24,99,0,34,136,30,200,66,56,122,322
12/09/2011,STP,MN,AGL,CE,Towers with Radar,0,12,43,0,55,0,3,55,2,60,0,15,98,2,115,86,0,86,201
12/10/2011,STP,MN,AGL,CE,Towers with Radar,0,8,18,0,26,0,15,70,2,87,0,23,88,2,113,150,0,150,263
12/11/2011,STP,MN,AGL,CE,Towers with Radar,0,14,30,0,44,0,3,26,0,29,0,17,56,0,73,40,0,40,113
12/12/2011,STP,MN,AGL,CE,Towers with Radar,0,21,46,0,67,0,0,0,2,2,0,21,46,2,69,0,12,12,81
12/13/2011,STP,MN,AGL,CE,Towers with Radar,1,37,43,1,82,0,3,8,30,41,1,40,51,31,123,0,28,28,151
12/14/2011,STP,MN,AGL,CE,Towers with Radar,0,18,50,2,70,0,0,0,0,0,0,18,50,2,70,0,0,0,70
12/15/2011,STP,MN,AGL,CE,Towers with Radar,0,17,53,2,72,0,4,27,18,49,0,21,80,20,121,34,24,58,179
12/16/2011,STP,MN,AGL,CE,Towers with Radar,0,18,36,2,56,0,5,39,21,65,0,23,75,23,121,64,16,80,201
12/17/2011,STP,MN,AGL,CE,Towers with Radar,0,8,28,0,36,0,10,41,0,51,0,18,69,0,87,92,0,92,179
12/18/2011,STP,MN,AGL,CE,Towers with Radar,0,15,23,0,38,0,4,59,0,63,0,19,82,0,101,60,0,60,161
12/19/2011,STP,MN,AGL,CE,Towers with Radar,0,15,51,2,68,0,12,72,0,84,0,27,123,2,152,158,0,158,310
12/20/2011,STP,MN,AGL,CE,Towers with Radar,0,23,42,1,66,0,19,94,19,132,0,42,136,20,198,152,56,208,406
12/21/2011,STP,MN,AGL,CE,Towers with Radar,0,24,64,3,91,0,20,57,4,81,0,44,121,7,172,100,22,122,294
12/22/2011,STP,MN,AGL,CE,Towers with Radar,0,18,52,4,74,0,9,64,5,78,0,27,116,9,152,70,0,70,222
12/23/2011,STP,MN,AGL,CE,Towers with Radar,0,8,10,0,18,0,0,0,0,0,0,8,10,0,18,0,0,0,18
12/24/2011,STP,MN,AGL,CE,Towers with Radar,0,2,19,0,21,0,5,35,0,40,0,7,54,0,61,70,0,70,131
12/25/2011,STP,MN,AGL,CE,Towers with Radar,0,7,0,0,7,0,4,9,0,13,0,11,9,0,20,0,0,0,20
12/26/2011,STP,MN,AGL,CE,Towers with Radar,0,7,24,0,31,0,3,9,0,12,0,10,33,0,43,0,0,0,43
12/27/2011,STP,MN,AGL,CE,Towers with Radar,0,13,24,3,40,0,8,46,24,78,0,21,70,27,118,46,84,130,248
12/28/2011,STP,MN,AGL,CE,Towers with Radar,0,20,35,1,56,0,6,48,17,71,0,26,83,18,127,64,30,94,221
12/29/2011,STP,MN,AGL,CE,Towers with Radar,0,17,16,2,35,0,16,42,7,65,0,33,58,9,100,78,30,108,208
12/30/2011,STP,MN,AGL,CE,Towers with Radar,0,11,22,0,33,0,2,28,0,30,0,13,50,0,63,64,0,64,127
12/31/2011,STP,MN,AGL,CE,Towers with Radar,0,3,9,0,12,0,8,29,0,37,0,11,38,0,49,64,0,64,113
01/01/2012,STP,MN,AGL,CE,Towers with Radar,0,11,25,0,36,0,3,0,0,3,0,14,25,0,39,0,0,0,39
01/02/2012,STP,MN,AGL,CE,Towers with Radar,0,3,25,0,28,0,4,70,0,74,0,7,95,0,102,114,0,114,216
01/03/2012,STP,MN,AGL,CE,Towers with Radar,0,9,38,2,49,0,3,26,6,35,0,12,64,8,84,24,26,50,134
01/04/2012,STP,MN,AGL,CE,Towers with Radar,0,9,45,2,56,0,15,56,7,78,0,24,101,9,134,78,26,104,238
01/05/2012,STP,MN,AGL,CE,Towers with Radar,0,12,39,3,54,0,3,71,20,94,0,15,110,23,148,86,12,98,246
01/06/2012,STP,MN,AGL,CE,Towers with Radar,0,12,24,6,42,0,3,67,0,70,0,15,91,6,112,106,0,106,218
01/07/2012,STP,MN,AGL,CE,Towers with Radar,0,4,14,2,20,0,7,68,6,81,0,11,82,8,101,82,6,88,189
01/08/2012,STP,MN,AGL,CE,Towers with Radar,0,3,25,0,28,0,6,71,0,77,0,9,96,0,105,68,0,68,173
01/09/2012,STP,MN,AGL,CE,Towers with Radar,0,8,38,3,49,0,12,75,0,87,0,20,113,3,136,120,0,120,256
01/10/2012,STP,MN,AGL,CE,Towers with Radar,0,15,40,4,59,0,20,52,11,83,0,35,92,15,142,72,20,92,234
01/11/2012,STP,MN,AGL,CE,Towers with Radar,0,14,47,0,61,0,19,20,10,49,0,33,67,10,110,2,48,50,160
01/12/2012,STP,MN,AGL,CE,Towers with Radar,0,9,23,4,36,0,4,21,9,34,0,13,44,13,70,4,38,42,112
01/13/2012,STP,MN,AGL,CE,Towers with Radar,0,16,30,2,48,0,1,15,0,16,0,17,45,2,64,22,0,22,86
01/14/2012,STP,MN,AGL,CE,Towers with Radar,0,2,20,0,22,0,2,5,0,7,0,4,25,0,29,8,0,8,37
01/15/2012,STP,MN,AGL,CE,Towers with Radar,0,9,24,2,35,0,1,31,1,33,0,10,55,3,68,6,8,14,82
01/16/2012,STP,MN,AGL,CE,Towers with Radar,0,13,31,0,44,0,10,26,0,36,0,23,57,0,80,42,0,42,122
01/17/2012,STP,MN,AGL,CE,Towers with Radar,0,15,52,4,71,0,3,29,2,34,0,18,81,6,105,12,6,18,123
01/18/2012,STP,MN,AGL,CE,Towers with Radar,0,11,49,2,62,0,5,26,14,45,0,16,75,16,107,60,74,134,241
01/19/2012,STP,MN,AGL,CE,Towers with Radar,0,19,35,3,57,0,8,39,14,61,0,27,74,17,118,38,0,38,156
01/20/2012,STP,MN,AGL,CE,Towers with Radar,0,10,43,4,57,0,0,5,0,5,0,10,48,4,62,0,0,0,62
01/21/2012,STP,MN,AGL,CE,Towers with Radar,0,10,11,0,21,0,1,33,0,34,0,11,44,0,55,104,0,104,159
01/22/2012,STP,MN,AGL,CE,Towers with Radar,0,8,24,0,32,0,0,0,0,0,0,8,24,0,32,0,0,0,32
01/23/2012,STP,MN,AGL,CE,Towers with Radar,1,11,42,2,56,0,8,1,0,9,1,19,43,2,65,0,0,0,65
01/24/2012,STP,MN,AGL,CE,Towers with Radar,0,15,33,4,52,0,2,28,9,39,0,17,61,13,91,37,4,41,132
01/25/2012,STP,MN,AGL,CE,Towers with Radar,0,15,42,0,57,0,13,41,11,65,0,28,83,11,122,116,72,188,310
01/26/2012,STP,MN,AGL,CE,Towers with Radar,1,16,43,2,62,0,6,41,25,72,1,22,84,27,134,112,90,202,336
01/27/2012,STP,MN,AGL,CE,Towers with Radar,0,12,27,2,41,0,0,9,4,13,0,12,36,6,54,36,16,52,106
01/28/2012,STP,MN,AGL,CE,Towers with Radar,0,4,21,0,25,0,12,54,0,66,0,16,75,0,91,114,0,114,205
01/29/2012,STP,MN,AGL,CE,Towers with Radar,0,7,31,0,38,0,13,55,0,68,0,20,86,0,106,100,0,100,206
01/30/2012,STP,MN,AGL,CE,Towers with Radar,0,15,45,4,64,0,1,46,0,47,0,16,91,4,111,96,0,96,207
01/31/2012,STP,MN,AGL,CE,Towers with Radar,0,12,45,4,61,0,8,56,7,71,0,20,101,11,132,100,0,100,232
02/01/2012,STP,MN,AGL,CE,Towers with Radar,0,18,41,1,60,0,0,0,0,0,0,18,41,1,60,0,0,0,60
02/02/2012,STP,MN,AGL,CE,Towers with Radar,0,16,37,5,58,0,0,0,0,0,0,16,37,5,58,0,0,0,58
02/03/2012,STP,MN,AGL,CE,Towers with Radar,1,16,32,2,51,0,0,12,0,12,1,16,44,2,63,6,8,14,77
02/04/2012,STP,MN,AGL,CE,Towers with Radar,0,12,13,1,26,0,2,17,0,19,0,14,30,1,45,46,0,46,91
02/05/2012,STP,MN,AGL,CE,Towers with Radar,0,7,10,0,17,0,0,0,0,0,0,7,10,0,17,0,0,0,17
02/06/2012,STP,MN,AGL,CE,Towers with Radar,0,12,47,3,62,0,0,117,2,119,0,12,164,5,181,166,48,214,395
02/07/2012,STP,MN,AGL,CE,Towers with Radar,0,16,52,0,68,0,6,83,13,102,0,22,135,13,170,116,64,180,350
02/08/2012,STP,MN,AGL,CE,Towers with Radar,0,16,38,2,56,0,7,125,26,158,0,23,163,28,214,136,98,234,448
02/09/2012,STP,MN,AGL,CE,Towers with Radar,0,9,60,2,71,0,8,112,25,145,0,17,172,27,216,106,96,202,418
02/10/2012,STP,MN,AGL,CE,Towers with Radar,0,11,41,7,59,0,15,53,15,83,0,26,94,22,142,100,42,142,284
02/11/2012,STP,MN,AGL,CE,Towers with Radar,0,6,24,0,30,0,26,64,6,96,0,32,88,6,126,84,0,84,210
02/12/2012,STP,MN,AGL,CE,Towers with Radar,0,8,22,3,33,0,7,57,0,64,0,15,79,3,97,158,0,158,255
02/13/2012,STP,MN,AGL,CE,Towers with Radar,0,4,32,0,36,0,0,11,2,13,0,4,43,2,49,12,12,24,73
02/14/2012,STP,MN,AGL,CE,Towers with Radar,0,7,38,3,48,0,12,27,14,53,0,19,65,17,101,24,78,102,203
02/15/2012,STP,MN,AGL,CE,Towers with Radar,0,14,49,3,66,0,3,18,5,26,0,17,67,8,92,12,32,44,136
02/16/2012,STP,MN,AGL,CE,Towers with Radar,0,18,45,2,65,0,24,60,10,94,0,42,105,12,159,126,40,166,325
02/17/2012,STP,MN,AGL,CE,Towers with Radar,0,14,37,2,53,0,13,61,17,91,0,27,98,19,144,94,32,126,270
02/18/2012,STP,MN,AGL,CE,Towers with Radar,0,11,24,3,38,0,10,70,0,80,0,21,94,3,118,134,0,134,252
02/19/2012,STP,MN,AGL,CE,Towers with Radar,0,11,38,4,53,0,13,45,0,58,0,24,83,4,111,106,0,106,217
02/20/2012,STP,MN,AGL,CE,Towers with Radar,0,8,50,0,58,0,5,47,11,63,0,13,97,11,121,50,10,60,181
02/21/2012,STP,MN,AGL,CE,Towers with Radar,0,20,25,6,51,0,4,14,9,27,0,24,39,15,78,22,14,36,114
02/22/2012,STP,MN,AGL,CE,Towers with Radar,0,15,57,0,72,0,5,55,16,76,0,20,112,16,148,100,44,144,292
02/23/2012,STP,MN,AGL,CE,Towers with Radar,0,12,62,3,77,0,6,56,11,73,0,18,118,14,150,92,12,104,254
02/24/2012,STP,MN,AGL,CE,Towers with Radar,0,22,32,1,55,0,12,26,8,46,0,34,58,9,101,56,40,96,197
02/25/2012,STP,MN,AGL,CE,Towers with Radar,0,6,27,0,33,0,0,45,1,46,0,6,72,1,79,110,0,110,189
02/26/2012,STP,MN,AGL,CE,Towers with Radar,0,12,20,0,32,0,5,14,0,19,0,17,34,0,51,10,0,10,61
02/27/2012,STP,MN,AGL,CE,Towers with Radar,0,6,35,2,43,0,4,66,0,70,0,10,101,2,113,118,0,118,231
02/28/2012,STP,MN,AGL,CE,Towers with Radar,0,8,23,1,32,0,0,2,0,2,0,8,25,1,34,22,0,22,56
02/29/2012,STP,MN,AGL,CE,Towers with Radar,0,10,29,1,40,0,2,0,0,2,0,12,29,1,42,0,0,0,42
03/01/2012,STP,MN,AGL,CE,Towers with Radar,0,18,48,0,66,0,11,48,13,72,0,29,96,13,138,134,22,156,294
03/02/2012,STP,MN,AGL,CE,Towers with Radar,0,16,39,0,55,0,7,41,0,48,0,23,80,0,103,38,0,38,141
03/03/2012,STP,MN,AGL,CE,Towers with Radar,0,13,15,0,28,0,0,12,0,12,0,13,27,0,40,10,0,10,50
03/04/2012,STP,MN,AGL,CE,Towers with Radar,0,7,34,2,43,0,8,53,0,61,0,15,87,2,104,112,0,112,216
03/05/2012,STP,MN,AGL,CE,Towers with Radar,0,10,47,0,57,0,2,23,0,25,0,12,70,0,82,80,0,80,162
03/06/2012,STP,MN,AGL,CE,Towers with Radar,0,16,72,2,90,0,1,71,9,81,0,17,143,11,171,90,12,102,273
03/07/2012,STP,MN,AGL,CE,Towers with Radar,0,10,45,1,56,0,0,15,2,17,0,10,60,3,73,36,8,44,117
03/08/2012,STP,MN,AGL,CE,Towers with Radar,0,20,64,11,95,0,2,35,5,42,0,22,99,16,137,76,0,76,213
03/09/2012,STP,MN,AGL,CE,Towers with Radar,0,17,49,1,67,0,9,68,20,97,0,26,117,21,164,114,36,150,314
03/10/2012,STP,MN,AGL,CE,Towers with Radar,0,17,32,0,49,0,12,56,2,70,0,29,88,2,119,78,0,78,197
03/11/2012,STP,MN,AGL,CE,Towers with Radar,0,6,16,2,24,0,0,53,0,53,0,6,69,2,77,72,0,72,149
03/12/2012,STP,MN,AGL,CE,Towers with Radar,0,7,46,0,53,0,6,10,0,16,0,13,56,0,69,12,0,12,81
03/13/2012,STP,MN,AGL,CE,Towers with Radar,0,24,43,2,69,0,17,62,21,100,0,41,105,23,169,118,40,158,327
03/14/2012,STP,MN,AGL,CE,Towers with Radar,0,11,51,4,66,0,15,63,19,97,0,26,114,23,163,88,56,144,307
03/15/2012,STP,MN,AGL,CE,Towers with Radar,0,26,93,11,130,0,5,67,18,90,0,31,160,29,220,140,4,144,364
03/16/2012,STP,MN,AGL,CE,Towers with Radar,0,10,51,5,66,0,5,50,1,56,0,15,101,6,122,42,0,42,164
03/17/2012,STP,MN,AGL,CE,Towers with Radar,0,7,25,1,33,0,8,29,0,37,0,15,54,1,70,22,0,22,92
03/18/2012,STP,MN,AGL,CE,Towers with Radar,0,9,16,2,27,0,1,13,0,14,0,10,29,2,41,21,0,21,62
03/19/2012,STP,MN,AGL,CE,Towers with Radar,0,16,38,0,54,0,9,13,4,26,0,25,51,4,80,8,0,8,88
03/20/2012,STP,MN,AGL,CE,Towers with Radar,0,20,65,0,85,0,2,53,17,72,0,22,118,17,157,106,46,152,309
03/21/2012,STP,MN,AGL,CE,Towers with Radar,0,14,49,4,67,0,7,47,9,63,0,21,96,13,130,82,28,110,240
03/22/2012,STP,MN,AGL,CE,Towers with Radar,0,13,54,1,68,0,2,23,2,27,0,15,77,3,95,46,0,46,141
03/23/2012,STP,MN,AGL,CE,Towers with Radar,0,20,52,2,74,0,12,49,0,61,0,32,101,2,135,68,0,68,203
03/24/2012,STP,MN,AGL,CE,Towers with Radar,0,12,27,0,39,0,0,46,0,46,0,12,73,0,85,79,0,79,164
03/25/2012,STP,MN,AGL,CE,Towers with Radar,0,8,27,2,37,0,1,39,0,40,0,9,66,2,77,86,0,86,163
03/26/2012,STP,MN,AGL,CE,Towers with Radar,0,12,19,0,31,0,0,16,0,16,0,12,35,0,47,12,0,12,59
03/27/2012,STP,MN,AGL,CE,Towers with Radar,0,9,24,2,35,0,3,1,8,12,0,12,25,10,47,0,0,0,47
03/28/2012,STP,MN,AGL,CE,Towers with Radar,0,26,58,1,85,0,4,57,14,75,0,30,115,15,160,62,20,82,242
03/29/2012,STP,MN,AGL,CE,Towers with Radar,0,20,50,2,72,0,4,42,7,53,0,24,92,9,125,50,6,56,181
03/30/2012,STP,MN,AGL,CE,Towers with Radar,0,20,55,0,75,0,3,9,0,12,0,23,64,0,87,34,26,60,147
03/31/2012,STP,MN,AGL,CE,Towers with Radar,0,8,34,0,42,0,6,0,0,6,0,14,34,0,48,0,0,0,48
04/01/2012,STP,MN,AGL,CE,Towers with Radar,0,15,26,0,41,0,3,22,0,25,0,18,48,0,66,46,0,46,112
04/02/2012,STP,MN,AGL,CE,Towers with Radar,0,7,45,2,54,0,12,46,6,64,0,19,91,8,118,86,34,120,238
04/03/2012,STP,MN,AGL,CE,Towers with Radar,0,10,47,2,59,0,12,67,18,97,0,22,114,20,156,48,72,120,276
04/04/2012,STP,MN,AGL,CE,Towers with Radar,0,11,65,4,80,0,24,75,14,113,0,35,140,18,193,122,50,172,365
04/05/2012,STP,MN,AGL,CE,Towers with Radar,0,23,68,2,93,0,7,50,6,63,0,30,118,8,156,94,0,94,250
04/06/2012,STP,MN,AGL,CE,Towers with Radar,0,8,39,2,49,0,13,46,3,62,0,21,85,5,111,92,40,132,243
04/07/2012,STP,MN,AGL,CE,Towers with Radar,0,9,17,0,26,0,3,13,0,16,0,12,30,0,42,0,0,0,42
04/08/2012,STP,MN,AGL,CE,Towers with Radar,0,6,17,0,23,0,2,11,0,13,0,8,28,0,36,8,0,8,44
04/09/2012,STP,MN,AGL,CE,Towers with Radar,0,5,43,1,49,0,3,41,1,45,0,8,84,2,94,50,0,50,144
04/10/2012,STP,MN,AGL,CE,Towers with Radar,0,14,62,4,80,0,5,48,13,66,0,19,110,17,146,66,0,66,212
04/11/2012,STP,MN,AGL,CE,Towers with Radar,0,18,50,2,70,0,8,27,13,48,0,26,77,15,118,44,8,52,170
04/12/2012,STP,MN,AGL,CE,Towers with Radar,0,10,57,6,73,0,9,43,4,56,0,19,100,10,129,86,8,94,223
04/13/2012,STP,MN,AGL,CE,Towers with Radar,0,6,34,4,44,0,0,1,1,2,0,6,35,5,46,0,0,0,46
04/14/2012,STP,MN,AGL,CE,Towers with Radar,0,9,17,2,28,0,4,57,0,61,0,13,74,2,89,76,0,76,165
04/15/2012,STP,MN,AGL,CE,Towers with Radar,0,11,16,0,27,0,1,4,0,5,0,12,20,0,32,0,0,0,32
04/16/2012,STP,MN,AGL,CE,Towers with Radar,0,19,34,2,55,0,6,6,2,14,0,25,40,4,69,20,14,34,103
04/17/2012,STP,MN,AGL,CE,Towers with Radar,0,21,57,2,80,0,6,42,12,60,0,27,99,14,140,106,42,148,288
04/18/2012,STP,MN,AGL,CE,Towers with Radar,0,19,46,6,71,0,1,28,16,45,0,20,74,22,116,32,26,58,174
04/19/2012,STP,MN,AGL,CE,Towers with Radar,0,12,46,2,60,0,5,27,23,55,0,17,73,25,115,50,60,110,225
04/20/2012,STP,MN,AGL,CE,Towers with Radar,0,10,56,2,68,0,18,63,7,88,0,28,119,9,156,106,18,124,280
04/21/2012,STP,MN,AGL,CE,Towers with Radar,0,3,25,0,28,0,2,18,4,24,0,5,43,4,52,34,0,34,86
04/22/2012,STP,MN,AGL,CE,Towers with Radar,0,5,33,0,38,0,3,36,6,45,0,8,69,6,83,112,0,112,195
04/23/2012,STP,MN,AGL,CE,Towers with Radar,0,10,52,0,62,0,18,60,1,79,0,28,112,1,141,104,0,104,245
04/24/2012,STP,MN,AGL,CE,Towers with Radar,0,14,51,3,68,0,10,51,18,79,0,24,102,21,147,98,58,156,303
04/25/2012,STP,MN,AGL,CE,Towers with Radar,0,10,63,2,75,0,5,61,4,70,0,15,124,6,145,78,0,78,223
04/26/2012,STP,MN,AGL,CE,Towers with Radar,0,12,63,0,75,0,11,58,4,73,0,23,121,4,148,72,26,98,246
04/27/2012,STP,MN,AGL,CE,Towers with Radar,0,9,42,2,53,0,18,45,4,67,0,27,87,6,120,64,0,64,184
04/28/2012,STP,MN,AGL,CE,Towers with Radar,0,6,15,0,21,0,6,2,0,8,0,12,17,0,29,0,0,0,29
04/29/2012,STP,MN,AGL,CE,Towers with Radar,0,3,15,2,20,0,8,55,0,63,0,11,70,2,83,94,0,94,177
04/30/2012,STP,MN,AGL,CE,Towers with Radar,0,12,39,3,54,0,17,21,1,39,0,29,60,4,93,66,0,66,159
05/01/2012,STP,MN,AGL,CE,Towers with Radar,0,21,57,3,81,0,9,29,5,43,0,30,86,8,124,26,32,58,182
05/02/2012,STP,MN,AGL,CE,Towers with Radar,0,16,67,0,83,0,10,44,2,56,0,26,111,2,139,78,0,78,217
05/03/2012,STP,MN,AGL,CE,Towers with Radar,0,20,75,4,99,0,18,58,17,93,0,38,133,21,192,66,32,98,290
05/04/2012,STP,MN,AGL,CE,Towers with Radar,0,19,66,2,87,0,4,34,4,42,0,23,100,6,129,72,0,72,201
05/05/2012,STP,MN,AGL,CE,Towers with Radar,0,15,62,0,77,0,0,6,1,7,0,15,68,1,84,0,0,0,84
05/06/2012,STP,MN,AGL,CE,Towers with Radar,0,37,51,5,93,0,2,1,0,3,0,39,52,5,96,0,0,0,96
05/07/2012,STP,MN,AGL,CE,Towers with Radar,0,14,80,2,96,0,13,55,0,68,0,27,135,2,164,164,0,164,328
05/08/2012,STP,MN,AGL,CE,Towers with Radar,0,15,57,2,74,0,10,40,4,54,0,25,97,6,128,82,66,148,276
05/09/2012,STP,MN,AGL,CE,Towers with Radar,2,17,59,1,79,0,17,58,21,96,2,34,117,22,175,168,22,190,365
05/10/2012,STP,MN,AGL,CE,Towers with Radar,0,24,82,3,109,0,16,68,12,96,0,40,150,15,205,134,38,172,377
05/11/2012,STP,MN,AGL,CE,Towers with Radar,0,10,47,5,62,0,8,30,11,49,0,18,77,16,111,28,4,32,143
05/12/2012,STP,MN,AGL,CE,Towers with Radar,0,14,29,0,43,0,9,52,1,62,0,23,81,1,105,78,0,78,183
05/13/2012,STP,MN,AGL,CE,Towers with Radar,0,5,19,0,24,0,5,44,0,49,0,10,63,0,73,66,0,66,139
05/14/2012,STP,MN,AGL,CE,Towers with Radar,0,13,58,3,74,0,16,50,6,72,0,29,108,9,146,156,6,162,308
05/15/2012,STP,MN,AGL,CE,Towers with Radar,0,29,65,4,98,0,17,54,11,82,0,46,119,15,180,52,40,92,272
05/16/2012,STP,MN,AGL,CE,Towers with Radar,0,17,52,2,71,0,14,63,11,88,0,31,115,13,159,120,64,184,343
05/17/2012,STP,MN,AGL,CE,Towers with Radar,0,17,64,2,83,0,7,37,4,48,0,24,101,6,131,52,34,86,217
05/18/2012,STP,MN,AGL,CE,Towers with Radar,0,17,55,0,72,0,16,55,11,82,0,33,110,11,154,88,46,134,288
05/19/2012,STP,MN,AGL,CE,Towers with Radar,0,7,24,0,31,0,15,45,4,64,0,22,69,4,95,48,8,56,151
05/20/2012,STP,MN,AGL,CE,Towers with Radar,0,16,30,0,46,0,3,6,0,9,0,19,36,0,55,6,0,6,61
05/21/2012,STP,MN,AGL,CE,Towers with Radar,0,16,41,2,59,0,27,130,0,157,0,43,171,2,216,208,4,212,428
05/22/2012,STP,MN,AGL,CE,Towers with Radar,0,18,62,0,80,0,9,58,16,83,0,27,120,16,163,80,50,130,293
05/23/2012,STP,MN,AGL,CE,Towers with Radar,0,10,53,4,67,0,11,22,4,37,0,21,75,8,104,58,2,60,164
05/24/2012,STP,MN,AGL,CE,Towers with Radar,0,27,51,4,82,0,0,2,7,9,0,27,53,11,91,0,4,4,95
05/25/2012,STP,MN,AGL,CE,Towers with Radar,0,19,51,0,70,0,8,68,4,80,0,27,119,4,150,136,4,140,290
05/26/2012,STP,MN,AGL,CE,Towers with Radar,0,15,17,0,32,0,0,7,0,7,0,15,24,0,39,20,0,20,59
05/27/2012,STP,MN,AGL,CE,Towers with Radar,0,6,15,0,21,0,12,55,0,67,0,18,70,0,88,62,0,62,150
05/28/2012,STP,MN,AGL,CE,Towers with Radar,0,17,29,0,46,0,6,33,0,39,0,23,62,0,85,64,0,64,149
05/29/2012,STP,MN,AGL,CE,Towers with Radar,0,9,47,2,58,0,6,28,14,48,0,15,75,16,106,10,30,40,146
05/30/2012,STP,MN,AGL,CE,Towers with Radar,0,17,54,2,73,0,12,68,12,92,0,29,122,14,165,224,80,304,469
05/31/2012,STP,MN,AGL,CE,Towers with Radar,0,18,64,0,82,0,20,88,3,111,0,38,152,3,193,208,10,218,411
06/01/2012,STP,MN,AGL,CE,Towers with Radar,0,21,47,3,71,0,10,44,0,54,0,31,91,3,125,66,0,66,191
06/02/2012,STP,MN,AGL,CE,Towers with Radar,0,11,20,0,31,0,14,52,7,73,0,25,72,7,104,106,0,106,210
06/03/2012,STP,MN,AGL,CE,Towers with Radar,0,13,39,2,54,0,8,55,0,63,0,21,94,2,117,72,0,72,189
06/04/2012,STP,MN,AGL,CE,Towers with Radar,0,26,64,0,90,0,10,116,0,126,0,36,180,0,216,190,0,190,406
06/05/2012,STP,MN,AGL,CE,Towers with Radar,0,17,48,0,65,0,10,81,4,95,0,27,129,4,160,186,20,206,366
06/06/2012,STP,MN,AGL,CE,Towers with Radar,0,18,80,0,98,0,25,82,0,107,0,43,162,0,205,142,0,142,347
06/07/2012,STP,MN,AGL,CE,Towers with Radar,0,13,66,3,82,0,6,60,0,66,0,19,126,3,148,124,0,124,272
06/08/2012,STP,MN,AGL,CE,Towers with Radar,0,19,38,2,59,0,9,65,0,74,0,28,103,2,133,96,0,96,229
06/09/2012,STP,MN,AGL,CE,Towers with Radar,0,10,18,0,28,0,10,34,2,46,0,20,52,2,74,38,0,38,112
06/10/2012,STP,MN,AGL,CE,Towers with Radar,0,12,28,0,40,1,5,10,0,16,1,17,38,0,56,2,0,2,58
06/11/2012,STP,MN,AGL,CE,Towers with Radar,0,12,43,2,57,0,0,53,0,53,0,12,96,2,110,122,0,122,232
06/12/2012,STP,MN,AGL,CE,Towers with Radar,0,19,45,0,64,0,10,70,0,80,0,29,115,0,144,130,0,130,274
06/13/2012,STP,MN,AGL,CE,Towers with Radar,0,21,73,3,97,0,22,69,0,91,0,43,142,3,188,222,0,222,410
06/14/2012,STP,MN,AGL,CE,Towers with Radar,0,23,45,2,70,0,1,11,2,14,0,24,56,4,84,0,0,0,84
06/15/2012,STP,MN,AGL,CE,Towers with Radar,0,15,41,0,56,0,21,79,0,100,0,36,120,0,156,222,0,222,378
06/16/2012,STP,MN,AGL,CE,Towers with Radar,0,5,31,0,36,0,2,15,4,21,0,7,46,4,57,16,8,24,81
06/17/2012,STP,MN,AGL,CE,Towers with Radar,0,10,24,0,34,0,1,27,0,28,0,11,51,0,62,68,0,68,130
06/18/2012,STP,MN,AGL,CE,Towers with Radar,0,17,50,3,70,0,9,43,0,52,0,26,93,3,122,174,0,174,296
06/19/2012,STP,MN,AGL,CE,Towers with Radar,0,18,53,3,74,0,11,34,7,52,0,29,87,10,126,72,42,114,240
06/20/2012,STP,MN,AGL,CE,Towers with Radar,0,13,54,2,69,0,4,29,2,35,0,17,83,4,104,16,26,42,146
06/21/2012,STP,MN,AGL,CE,Towers with Radar,0,18,61,5,84,0,11,55,4,70,0,29,116,9,154,122,20,142,296
06/22/2012,STP,MN,AGL,CE,Towers with Radar,0,24,59,9,92,0,15,68,5,88,0,39,127,14,180,196,0,196,376
06/23/2012,STP,MN,AGL,CE,Towers with Radar,0,12,22,0,34,0,3,54,0,57,0,15,76,0,91,32,0,32,123
06/24/2012,STP,MN,AGL,CE,Towers with Radar,0,17,25,0,42,0,8,37,2,47,0,25,62,2,89,142,0,142,231
06/25/2012,STP,MN,AGL,CE,Towers with Radar,0,16,49,0,65,0,9,61,13,83,0,25,110,13,148,156,14,170,318
06/26/2012,STP,MN,AGL,CE,Towers with Radar,0,21,71,0,92,0,18,65,22,105,0,39,136,22,197,98,88,186,383
06/27/2012,STP,MN,AGL,CE,Towers with Radar,0,28,62,2,92,0,9,60,6,75,0,37,122,8,167,82,0,82,249
06/28/2012,STP,MN,AGL,CE,Towers with Radar,0,30,57,2,89,0,20,79,7,106,0,50,136,9,195,192,28,220,415
06/29/2012,STP,MN,AGL,CE,Towers with Radar,0,31,60,5,96,0,15,53,0,68,0,46,113,5,164,154,16,170,334
06/30/2012,STP,MN,AGL,CE,Towers with Radar,0,15,31,0,46,0,6,62,0,68,0,21,93,0,114,153,0,153,267
07/01/2012,STP,MN,AGL,CE,Towers with Radar,0,16,26,0,42,0,4,50,0,54,0,20,76,0,96,98,0,98,194
07/02/2012,STP,MN,AGL,CE,Towers with Radar,0,18,26,2,46,0,2,45,0,47,0,20,71,2,93,98,0,98,191
07/03/2012,STP,MN,AGL,CE,Towers with Radar,0,15,35,2,52,0,11,48,0,59,0,26,83,2,111,68,0,68,179
07/04/2012,STP,MN,AGL,CE,Towers with Radar,0,6,7,0,13,0,14,15,0,29,0,20,22,0,42,22,0,22,64
07/05/2012,STP,MN,AGL,CE,Towers with Radar,0,13,24,2,39,0,15,36,4,55,0,28,60,6,94,48,20,68,162
07/06/2012,STP,MN,AGL,CE,Towers with Radar,0,6,22,2,30,0,10,28,6,44,0,16,50,8,74,50,0,50,124
07/07/2012,STP,MN,AGL,CE,Towers with Radar,0,2,29,0,31,0,15,49,0,64,0,17,78,0,95,64,0,64,159
07/08/2012,STP,MN,AGL,CE,Towers with Radar,0,13,35,0,48,0,9,43,2,54,0,22,78,2,102,52,0,52,154
07/09/2012,STP,MN,AGL,CE,Towers with Radar,0,29,55,2,86,0,13,58,3,74,0,42,113,5,160,164,14,178,338
07/10/2012,STP,MN,AGL,CE,Towers with Radar,0,26,66,7,99,0,14,45,12,71,0,40,111,19,170,64,62,126,296
07/11/2012,STP,MN,AGL,CE,Towers with Radar,0,15,58,9,82,0,14,56,15,85,0,29,114,24,167,68,12,80,247
07/12/2012,STP,MN,AGL,CE,Towers with Radar,0,14,71,6,91,0,9,68,20,97,0,23,139,26,188,96,16,112,300
07/13/2012,STP,MN,AGL,CE,Towers with Radar,0,11,66,1,78,0,6,30,6,42,0,17,96,7,120,52,20,72,192
07/14/2012,STP,MN,AGL,CE,Towers with Radar,0,8,28,1,37,0,10,59,0,69,0,18,87,1,106,102,0,102,208
07/15/2012,STP,MN,AGL,CE,Towers with Radar,0,13,25,2,40,0,9,54,0,63,0,22,79,2,103,74,0,74,177
07/16/2012,STP,MN,AGL,CE,Towers with Radar,0,24,65,2,91,0,11,41,2,54,0,35,106,4,145,77,4,81,226
07/17/2012,STP,MN,AGL,CE,Towers with Radar,0,26,53,5,84,0,20,60,29,109,0,46,113,34,193,122,66,188,381
07/18/2012,STP,MN,AGL,CE,Towers with Radar,0,14,49,1,64,0,9,20,11,40,0,23,69,12,104,24,16,40,144
07/19/2012,STP,MN,AGL,CE,Towers with Radar,0,8,83,2,93,0,18,134,3,155,0,26,217,5,248,190,0,190,438
07/20/2012,STP,MN,AGL,CE,Towers with Radar,0,24,39,0,63,0,3,60,0,63,0,27,99,0,126,88,0,88,214
07/21/2012,STP,MN,AGL,CE,Towers with Radar,0,11,31,0,42,0,0,35,0,35,0,11,66,0,77,46,0,46,123
07/22/2012,STP,MN,AGL,CE,Towers with Radar,0,12,47,0,59,0,11,44,1,56,0,23,91,1,115,56,0,56,171
07/23/2012,STP,MN,AGL,CE,Towers with Radar,0,10,35,0,45,0,16,110,0,126,0,26,145,0,171,190,0,190,361
07/24/2012,STP,MN,AGL,CE,Towers with Radar,0,17,56,3,76,0,24,52,12,88,0,41,108,15,164,52,74,126,290
07/25/2012,STP,MN,AGL,CE,Towers with Radar,0,21,59,2,82,0,19,42,9,70,0,40,101,11,152,82,18,100,252
07/26/2012,STP,MN,AGL,CE,Towers with Radar,0,12,67,0,79,0,9,60,18,87,0,21,127,18,166,99,58,157,323
07/27/2012,STP,MN,AGL,CE,Towers with Radar,0,22,48,2,72,0,50,77,6,133,0,72,125,8,205,180,6,186,391
07/28/2012,STP,MN,AGL,CE,Towers with Radar,0,10,19,0,29,0,10,67,0,77,0,20,86,0,106,60,0,60,166
07/29/2012,STP,MN,AGL,CE,Towers with Radar,0,12,32,0,44,0,4,32,0,36,0,16,64,0,80,8,0,8,88
07/30/2012,STP,MN,AGL,CE,Towers with Radar,0,14,54,0,68,0,15,65,0,80,0,29,119,0,148,190,0,190,338
07/31/2012,STP,MN,AGL,CE,Towers with Radar,0,17,79,4,100,0,10,88,21,119,0,27,167,25,219,128,108,236,455
08/01/2012,STP,MN,AGL,CE,Towers with Radar,0,18,69,7,94,0,6,65,8,79,0,24,134,15,173,124,32,156,329
08/02/2012,STP,MN,AGL,CE,Towers with Radar,0,16,68,4,88,0,4,64,16,84,0,20,132,20,172,60,82,142,314
08/03/2012,STP,MN,AGL,CE,Towers with Radar,0,14,42,0,56,0,3,58,0,61,0,17,100,0,117,102,0,102,219
08/04/2012,STP,MN,AGL,CE,Towers with Radar,0,4,32,2,38,0,4,25,1,30,0,8,57,3,68,42,2,44,112
08/05/2012,STP,MN,AGL,CE,Towers with Radar,0,15,42,0,57,0,10,61,0,71,0,25,103,0,128,88,0,88,216
08/06/2012,STP,MN,AGL,CE,Towers with Radar,0,19,61,2,82,0,22,112,3,137,0,41,173,5,219,196,16,212,431
08/07/2012,STP,MN,AGL,CE,Towers with Radar,0,18,69,0,87,0,21,87,14,122,0,39,156,14,209,150,46,196,405
08/08/2012,STP,MN,AGL,CE,Towers with Radar,0,17,51,0,68,0,10,67,14,91,0,27,118,14,159,60,28,88,247
08/09/2012,STP,MN,AGL,CE,Towers with Radar,0,7,61,4,72,0,7,97,18,122,0,14,158,22,194,130,64,194,388
08/10/2012,STP,MN,AGL,CE,Towers with Radar,0,15,42,6,63,0,5,33,5,43,0,20,75,11,106,90,12,102,208
08/11/2012,STP,MN,AGL,CE,Towers with Radar,0,8,18,0,26,0,9,69,0,78,0,17,87,0,104,66,0,66,170
08/12/2012,STP,MN,AGL,CE,Towers with Radar,0,9,25,0,34,0,4,52,0,56,0,13,77,0,90,76,0,76,166
08/13/2012,STP,MN,AGL,CE,Towers with Radar,0,12,60,3,75,0,3,59,0,62,0,15,119,3,137,112,0,112,249
08/14/2012,STP,MN,AGL,CE,Towers with Radar,0,8,52,0,60,0,15,84,16,115,0,23,136,16,175,82,70,152,327
08/15/2012,STP,MN,AGL,CE,Towers with Radar,0,18,67,1,86,0,2,32,7,41,0,20,99,8,127,52,22,74,201
08/16/2012,STP,MN,AGL,CE,Towers with Radar,0,15,59,1,75,0,17,47,8,72,0,32,106,9,147,66,22,88,235
08/17/2012,STP,MN,AGL,CE,Towers with Radar,0,14,55,4,73,0,15,59,0,74,0,29,114,4,147,72,0,72,219
08/18/2012,STP,MN,AGL,CE,Towers with Radar,0,9,32,1,42,0,3,61,3,67,0,12,93,4,109,78,0,78,187
08/19/2012,STP,MN,AGL,CE,Towers with Radar,0,8,25,1,34,0,9,52,0,61,0,17,77,1,95,46,0,46,141
08/20/2012,STP,MN,AGL,CE,Towers with Radar,0,11,45,2,58,0,48,66,8,122,0,59,111,10,180,112,18,130,310
08/21/2012,STP,MN,AGL,CE,Towers with Radar,0,10,70,2,82,0,15,52,7,74,0,25,122,9,156,78,50,128,284
08/22/2012,STP,MN,AGL,CE,Towers with Radar,0,23,61,3,87,0,8,52,6,66,0,31,113,9,153,100,40,140,293
08/23/2012,STP,MN,AGL,CE,Towers with Radar,0,17,60,1,78,0,5,82,4,91,0,22,142,5,169,236,12,248,417
08/24/2012,STP,MN,AGL,CE,Towers with Radar,0,10,58,0,68,0,8,84,8,100,0,18,142,8,168,110,0,110,278
08/25/2012,STP,MN,AGL,CE,Towers with Radar,0,9,25,2,36,0,4,26,2,32,0,13,51,4,68,32,2,34,102
08/26/2012,STP,MN,AGL,CE,Towers with Radar,0,10,68,0,78,0,18,37,0,55,0,28,105,0,133,44,0,44,177
08/27/2012,STP,MN,AGL,CE,Towers with Radar,0,28,36,4,68,0,3,87,7,97,0,31,123,11,165,220,0,220,385
08/28/2012,STP,MN,AGL,CE,Towers with Radar,0,13,78,2,93,0,11,73,24,108,0,24,151,26,201,132,120,252,453
08/29/2012,STP,MN,AGL,CE,Towers with Radar,0,16,40,4,60,0,18,103,12,133,0,34,143,16,193,134,22,156,349
08/30/2012,STP,MN,AGL,CE,Towers with Radar,0,11,68,6,85,0,11,92,6,109,0,22,160,12,194,146,0,146,340
08/31/2012,STP,MN,AGL,CE,Towers with Radar,0,19,45,5,69,0,9,86,7,102,0,28,131,12,171,116,32,148,319
09/01/2012,STP,MN,AGL,CE,Towers with Radar,2,7,25,2,36,0,18,66,0,84,2,25,91,2,120,88,0,88,208
09/02/2012,STP,MN,AGL,CE,Towers with Radar,0,9,26,0,35,0,5,39,1,45,0,14,65,1,80,62,2,64,144
09/03/2012,STP,MN,AGL,CE,Towers with Radar,0,11,22,0,33,0,4,36,0,40,0,15,58,0,73,50,0,50,123
09/04/2012,STP,MN,AGL,CE,Towers with Radar,0,21,57,0,78,0,9,48,8,65,0,30,105,8,143,82,26,108,251
09/05/2012,STP,MN,AGL,CE,Towers with Radar,1,10,70,2,83,0,11,52,8,71,1,21,122,10,154,85,32,117,271
09/06/2012,STP,MN,AGL,CE,Towers with Radar,0,8,61,5,74,0,21,51,1,73,0,29,112,6,147,118,16,134,281
09/07/2012,STP,MN,AGL,CE,Towers with Radar,0,13,54,2,69,0,12,72,11,95,0,25,126,13,164,62,10,72,236
09/08/2012,STP,MN,AGL,CE,Towers with Radar,0,7,18,1,26,0,4,51,0,55,0,11,69,1,81,24,0,24,105
09/09/2012,STP,MN,AGL,CE,Towers with Radar,0,17,38,1,56,0,9,76,0,85,0,26,114,1,141,148,0,148,289
09/10/2012,STP,MN,AGL,CE,Towers with Radar,0,16,53,0,69,0,16,72,2,90,0,32,125,2,159,92,18,110,269
09/11/2012,STP,MN,AGL,CE,Towers with Radar,0,14,67,4,85,0,9,30,7,46,0,23,97,11,131,88,12,100,231
09/12/2012,STP,MN,AGL,CE,Towers with Radar,0,16,45,2,63,0,9,67,18,94,0,25,112,20,157,182,62,244,401
09/13/2012,STP,MN,AGL,CE,Towers with Radar,0,15,58,2,75,0,16,97,22,135,0,31,155,24,210,168,40,208,418
09/14/2012,STP,MN,AGL,CE,Towers with Radar,0,18,70,0,88,0,10,81,7,98,0,28,151,7,186,182,8,190,376
09/15/2012,STP,MN,AGL,CE,Towers with Radar,0,4,30,0,34,0,47,43,2,92,0,51,73,2,126,20,0,20,146
09/16/2012,STP,MN,AGL,CE,Towers with Radar,0,11,36,0,47,0,7,49,0,56,0,18,85,0,103,54,0,54,157
09/17/2012,STP,MN,AGL,CE,Towers with Radar,0,13,66,1,80,0,20,77,6,103,0,33,143,7,183,154,34,188,371
09/18/2012,STP,MN,AGL,CE,Towers with Radar,0,9,70,2,81,0,21,100,18,139,0,30,170,20,220,194,98,292,512
09/19/2012,STP,MN,AGL,CE,Towers with Radar,0,19,54,2,75,0,11,59,8,78,0,30,113,10,153,88,14,102,255
09/20/2012,STP,MN,AGL,CE,Towers with Radar,0,14,53,0,67,0,14,73,13,100,0,28,126,13,167,152,52,204,371
09/21/2012,STP,MN,AGL,CE,Towers with Radar,0,16,50,4,70,0,1,52,5,58,0,17,102,9,128,132,6,138,266
09/22/2012,STP,MN,AGL,CE,Towers with Radar,0,14,16,1,31,0,3,44,5,52,0,17,60,6,83,90,6,96,179
09/23/2012,STP,MN,AGL,CE,Towers with Radar,0,9,62,2,73,0,14,66,1,81,0,23,128,3,154,108,0,108,262
09/24/2012,STP,MN,AGL,CE,Towers with Radar,0,18,41,2,61,0,33,56,11,100,0,51,97,13,161,108,0,108,269
09/25/2012,STP,MN,AGL,CE,Towers with Radar,0,12,49,5,66,0,28,101,12,141,0,40,150,17,207,138,72,210,417
09/26/2012,STP,MN,AGL,CE,Towers with Radar,0,16,64,3,83,0,8,118,19,145,0,24,182,22,228,134,74,208,436
09/27/2012,STP,MN,AGL,CE,Towers with Radar,0,15,54,0,69,0,5,100,10,115,0,20,154,10,184,234,16,250,434
09/28/2012,STP,MN,AGL,CE,Towers with Radar,0,8,49,3,60,0,17,82,14,113,0,25,131,17,173,220,28,248,421
09/29/2012,STP,MN,AGL,CE,Towers with Radar,2,6,43,2,53,0,13,56,0,69,2,19,99,2,122,80,0,80,202
09/30/2012,STP,MN,AGL,CE,Towers with Radar,0,19,45,0,64,0,2,52,0,54,0,21,97,0,118,76,0,76,194
10/01/2012,STP,MN,AGL,CE,Towers with Radar,0,12,44,0,56,0,22,132,1,155,0,34,176,1,211,220,18,238,449
10/02/2012,STP,MN,AGL,CE,Towers with Radar,0,18,72,2,92,0,10,80,6,96,0,28,152,8,188,212,18,230,418
10/03/2012,STP,MN,AGL,CE,Towers with Radar,0,20,56,0,76,0,17,60,2,79,0,37,116,2,155,120,0,120,275
10/04/2012,STP,MN,AGL,CE,Towers with Radar,0,23,57,1,81,0,2,15,4,21,0,25,72,5,102,42,12,54,156
10/05/2012,STP,MN,AGL,CE,Towers with Radar,0,14,59,0,73,0,4,55,0,59,0,18,114,0,132,58,0,58,190
10/06/2012,STP,MN,AGL,CE,Towers with Radar,0,7,40,0,47,0,7,42,1,50,0,14,82,1,97,162,0,162,259
10/07/2012,STP,MN,AGL,CE,Towers with Radar,0,13,48,0,61,0,2,69,1,72,0,15,117,1,133,94,0,94,227
10/08/2012,STP,MN,AGL,CE,Towers with Radar,0,17,56,1,74,0,9,35,0,44,0,26,91,1,118,76,0,76,194
10/09/2012,STP,MN,AGL,CE,Towers with Radar,0,16,62,3,81,0,18,39,8,65,0,34,101,11,146,80,80,160,306
10/10/2012,STP,MN,AGL,CE,Towers with Radar,0,12,61,4,77,0,10,85,12,107,0,22,146,16,184,126,17,143,327
10/11/2012,STP,MN,AGL,CE,Towers with Radar,0,12,67,0,79,0,17,69,23,109,0,29,136,23,188,110,14,124,312
10/12/2012,STP,MN,AGL,CE,Towers with Radar,0,9,51,1,61,0,5,66,10,81,0,14,117,11,142,96,8,104,246
10/13/2012,STP,MN,AGL,CE,Towers with Radar,0,22,29,0,51,0,0,2,0,2,0,22,31,0,53,6,0,6,59
10/14/2012,STP,MN,AGL,CE,Towers with Radar,0,11,29,3,43,0,5,13,1,19,0,16,42,4,62,10,0,10,72
10/15/2012,STP,MN,AGL,CE,Towers with Radar,0,21,38,1,60,0,25,88,5,118,0,46,126,6,178,184,34,218,396
10/16/2012,STP,MN,AGL,CE,Towers with Radar,0,22,32,6,60,0,15,80,18,113,0,37,112,24,173,162,70,232,405
10/17/2012,STP,MN,AGL,CE,Towers with Radar,0,14,72,4,90,0,20,90,16,126,0,34,162,20,216,132,108,240,456
10/18/2012,STP,MN,AGL,CE,Towers with Radar,0,19,54,4,77,0,8,14,2,24,0,27,68,6,101,46,0,46,147
10/19/2012,STP,MN,AGL,CE,Towers with Radar,0,21,58,4,83,0,0,15,3,18,0,21,73,7,101,28,6,34,135
10/20/2012,STP,MN,AGL,CE,Towers with Radar,0,8,31,0,39,0,6,38,0,44,0,14,69,0,83,106,0,106,189
10/21/2012,STP,MN,AGL,CE,Towers with Radar,0,16,53,0,69,0,7,72,0,79,0,23,125,0,148,90,0,90,238
10/22/2012,STP,MN,AGL,CE,Towers with Radar,0,14,38,2,54,0,10,16,0,26,0,24,54,2,80,0,0,0,80
10/23/2012,STP,MN,AGL,CE,Towers with Radar,0,14,72,4,90,0,2,1,0,3,0,16,73,4,93,0,0,0,93
10/24/2012,STP,MN,AGL,CE,Towers with Radar,0,15,68,4,87,0,2,2,0,4,0,17,70,4,91,0,0,0,91
10/25/2012,STP,MN,AGL,CE,Towers with Radar,0,25,68,2,95,0,3,5,8,16,0,28,73,10,111,16,0,16,127
10/26/2012,STP,MN,AGL,CE,Towers with Radar,0,20,58,4,82,0,15,65,5,85,0,35,123,9,167,84,28,112,279
10/27/2012,STP,MN,AGL,CE,Towers with Radar,0,16,26,0,42,0,9,52,0,61,0,25,78,0,103,96,0,96,199
10/28/2012,STP,MN,AGL,CE,Towers with Radar,0,16,43,0,59,0,6,74,0,80,0,22,117,0,139,44,0,44,183
10/29/2012,STP,MN,AGL,CE,Towers with Radar,0,17,47,2,66,0,24,42,5,71,0,41,89,7,137,80,0,80,217
10/30/2012,STP,MN,AGL,CE,Towers with Radar,0,18,49,2,69,0,6,60,15,81,0,24,109,17,150,138,32,170,320
10/31/2012,STP,MN,AGL,CE,Towers with Radar,0,9,50,1,60,0,9,56,8,73,0,18,106,9,133,116,22,138,271
11/01/2012,STP,MN,AGL,CE,Towers with Radar,0,16,50,2,68,0,9,61,16,86,0,25,111,18,154,114,44,158,312
11/02/2012,STP,MN,AGL,CE,Towers with Radar,0,24,42,1,67,0,22,58,1,81,0,46,100,2,148,70,16,86,234
11/03/2012,STP,MN,AGL,CE,Towers with Radar,0,4,24,0,28,0,5,36,0,41,0,9,60,0,69,90,0,90,159
11/04/2012,STP,MN,AGL,CE,Towers with Radar,0,9,30,3,42,0,12,22,0,34,0,21,52,3,76,26,0,26,102
11/05/2012,STP,MN,AGL,CE,Towers with Radar,0,13,54,2,69,0,5,39,0,44,0,18,93,2,113,120,16,136,249
11/06/2012,STP,MN,AGL,CE,Towers with Radar,0,10,50,0,60,0,7,31,0,38,0,17,81,0,98,42,0,42,140
11/07/2012,STP,MN,AGL,CE,Towers with Radar,0,14,51,3,68,0,8,59,14,81,0,22,110,17,149,138,50,188,337
11/08/2012,STP,MN,AGL,CE,Towers with Radar,0,13,55,6,74,0,13,118,12,143,0,26,173,18,217,196,68,264,481
11/09/2012,STP,MN,AGL,CE,Towers with Radar,0,20,47,0,67,0,5,48,3,56,0,25,95,3,123,44,8,52,175
11/10/2012,STP,MN,AGL,CE,Towers with Radar,0,14,21,0,35,0,0,13,0,13,0,14,34,0,48,66,0,66,114
11/11/2012,STP,MN,AGL,CE,Towers with Radar,0,10,41,0,51,0,0,1,0,1,0,10,42,0,52,0,0,0,52
11/12/2012,STP,MN,AGL,CE,Towers with Radar,0,16,32,0,48,0,3,14,0,17,0,19,46,0,65,6,0,6,71
11/13/2012,STP,MN,AGL,CE,Towers with Radar,0,27,68,2,97,0,12,54,6,72,0,39,122,8,169,98,12,110,279
11/14/2012,STP,MN,AGL,CE,Towers with Radar,0,16,59,0,75,0,9,54,16,79,0,25,113,16,154,64,38,102,256
11/15/2012,STP,MN,AGL,CE,Towers with Radar,0,17,55,3,75,0,17,54,15,86,0,34,109,18,161,133,60,193,354
11/16/2012,STP,MN,AGL,CE,Towers with Radar,0,20,62,3,85,0,9,73,2,84,0,29,135,5,169,86,0,86,255
11/17/2012,STP,MN,AGL,CE,Towers with Radar,0,8,33,0,41,0,16,51,0,67,0,24,84,0,108,106,0,106,214
11/18/2012,STP,MN,AGL,CE,Towers with Radar,0,20,26,0,46,0,6,45,13,64,0,26,71,13,110,60,0,60,170
11/19/2012,STP,MN,AGL,CE,Towers with Radar,0,15,59,1,75,0,11,55,0,66,0,26,114,1,141,62,0,62,203
11/20/2012,STP,MN,AGL,CE,Towers with Radar,0,21,52,4,77,0,12,75,16,103,0,33,127,20,180,136,40,176,356
11/21/2012,STP,MN,AGL,CE,Towers with Radar,0,12,37,0,49,0,5,54,5,64,0,17,91,5,113,92,0,92,205
11/22/2012,STP,MN,AGL,CE,Towers with Radar,0,4,7,0,11,0,7,14,0,21,0,11,21,0,32,0,0,0,32
11/23/2012,STP,MN,AGL,CE,Towers with Radar,0,5,14,0,19,0,1,14,0,15,0,6,28,0,34,0,0,0,34
11/24/2012,STP,MN,AGL,CE,Towers with Radar,0,8,27,6,41,0,9,46,0,55,0,17,73,6,96,60,0,60,156
11/25/2012,STP,MN,AGL,CE,Towers with Radar,0,8,40,2,50,0,2,32,0,34,0,10,72,2,84,96,0,96,180
11/26/2012,STP,MN,AGL,CE,Towers with Radar,0,13,44,3,60,0,16,115,0,131,0,29,159,3,191,200,0,200,391
11/27/2012,STP,MN,AGL,CE,Towers with Radar,0,9,60,2,71,0,1,49,6,56,0,10,109,8,127,100,6,106,233
11/28/2012,STP,MN,AGL,CE,Towers with Radar,0,15,45,0,60,0,6,29,10,45,0,21,74,10,105,38,12,50,155
11/29/2012,STP,MN,AGL,CE,Towers with Radar,0,15,45,0,60,0,9,48,25,82,0,24,93,25,142,74,18,92,234
11/30/2012,STP,MN,AGL,CE,Towers with Radar,0,14,35,2,51,0,9,10,4,23,0,23,45,6,74,20,14,34,108
12/01/2012,STP,MN,AGL,CE,Towers with Radar,0,7,25,5,37,0,8,3,0,11,0,15,28,5,48,0,0,0,48
12/02/2012,STP,MN,AGL,CE,Towers with Radar,0,13,44,3,60,0,0,0,0,0,0,13,44,3,60,0,0,0,60
12/03/2012,STP,MN,AGL,CE,Towers with Radar,0,8,55,2,65,0,9,15,3,27,0,17,70,5,92,32,26,58,150
12/04/2012,STP,MN,AGL,CE,Towers with Radar,0,28,71,8,107,0,25,90,30,145,0,53,161,38,252,104,68,172,424
12/05/2012,STP,MN,AGL,CE,Towers with Radar,0,26,68,2,96,0,15,53,34,102,0,41,121,36,198,54,86,140,338
12/06/2012,STP,MN,AGL,CE,Towers with Radar,0,16,46,2,64,0,6,47,12,65,0,22,93,14,129,162,44,206,335
12/07/2012,STP,MN,AGL,CE,Towers with Radar,0,16,60,7,83,0,0,11,7,18,0,16,71,14,101,34,0,34,135
12/08/2012,STP,MN,AGL,CE,Towers with Radar,2,10,25,2,39,0,2,46,0,48,2,12,71,2,87,90,0,90,177
12/09/2012,STP,MN,AGL,CE,Towers with Radar,0,3,14,0,17,0,0,0,0,0,0,3,14,0,17,0,0,0,17
12/10/2012,STP,MN,AGL,CE,Towers with Radar,0,21,62,2,85,0,6,18,12,36,0,27,80,14,121,20,42,62,183
12/11/2012,STP,MN,AGL,CE,Towers with Radar,0,15,44,9,68,0,13,42,29,84,0,28,86,38,152,76,86,162,314
12/12/2012,STP,MN,AGL,CE,Towers with Radar,0,20,51,4,75,0,39,43,41,123,0,59,94,45,198,36,44,80,278
12/13/2012,STP,MN,AGL,CE,Towers with Radar,0,17,63,3,83,0,9,55,36,100,0,26,118,39,183,146,90,236,419
12/14/2012,STP,MN,AGL,CE,Towers with Radar,0,10,46,3,59,0,0,42,1,43,0,10,88,4,102,68,18,86,188
12/15/2012,STP,MN,AGL,CE,Towers with Radar,0,2,15,0,17,0,0,0,0,0,0,2,15,0,17,0,0,0,17
12/16/2012,STP,MN,AGL,CE,Towers with Radar,0,10,22,0,32,0,0,0,0,0,0,10,22,0,32,0,0,0,32
12/17/2012,STP,MN,AGL,CE,Towers with Radar,0,16,50,0,66,0,0,0,0,0,0,16,50,0,66,0,0,0,66
12/18/2012,STP,MN,AGL,CE,Towers with Radar,0,17,73,8,98,0,0,0,1,1,0,17,73,9,99,32,4,36,135
12/19/2012,STP,MN,AGL,CE,Towers with Radar,0,18,53,8,79,0,9,12,14,35,0,27,65,22,114,50,120,170,284
12/20/2012,STP,MN,AGL,CE,Towers with Radar,0,11,37,4,52,0,23,26,23,72,0,34,63,27,124,50,102,152,276
12/21/2012,STP,MN,AGL,CE,Towers with Radar,0,15,27,2,44,0,12,35,1,48,0,27,62,3,92,64,0,64,156
12/22/2012,STP,MN,AGL,CE,Towers with Radar,0,11,26,0,37,0,2,39,0,41,0,13,65,0,78,86,0,86,164
12/23/2012,STP,MN,AGL,CE,Towers with Radar,0,3,17,0,20,0,3,37,0,40,0,6,54,0,60,64,0,64,124
12/24/2012,STP,MN,AGL,CE,Towers with Radar,2,6,4,0,12,0,10,12,0,22,2,16,16,0,34,14,0,14,48
12/25/2012,STP,MN,AGL,CE,Towers with Radar,0,5,8,0,13,0,2,9,0,11,0,7,17,0,24,34,0,34,58
12/26/2012,STP,MN,AGL,CE,Towers with Radar,0,13,26,4,43,0,17,40,15,72,0,30,66,19,115,48,62,110,225
12/27/2012,STP,MN,AGL,CE,Towers with Radar,0,13,27,3,43,0,7,31,14,52,0,20,58,17,95,112,36,148,243
12/28/2012,STP,MN,AGL,CE,Towers with Radar,0,8,18,3,29,0,9,18,7,34,0,17,36,10,63,8,36,44,107
12/29/2012,STP,MN,AGL,CE,Towers with Radar,0,3,23,0,26,0,7,12,0,19,0,10,35,0,45,38,0,38,83
12/30/2012,STP,MN,AGL,CE,Towers with Radar,0,5,26,0,31,0,0,30,0,30,0,5,56,0,61,24,0,24,85
12/31/2012,STP,MN,AGL,CE,Towers with Radar,0,10,11,3,24,0,21,25,0,46,0,31,36,3,70,88,0,88,158
01/01/2013,STP,MN,AGL,CE,Towers with Radar,0,10,15,0,25,0,4,27,0,31,0,14,42,0,56,70,0,70,126
01/02/2013,STP,MN,AGL,CE,Towers with Radar,0,12,42,7,61,0,0,0,0,0,0,12,42,7,61,0,0,0,61
01/03/2013,STP,MN,AGL,CE,Towers with Radar,0,6,34,5,45,0,18,41,13,72,0,24,75,18,117,78,72,150,267
01/04/2013,STP,MN,AGL,CE,Towers with Radar,0,16,34,0,50,0,0,50,18,68,0,16,84,18,118,80,12,92,210
01/05/2013,STP,MN,AGL,CE,Towers with Radar,0,11,23,0,34,0,4,26,0,30,0,15,49,0,64,70,0,70,134
01/06/2013,STP,MN,AGL,CE,Towers with Radar,0,10,27,0,37,0,2,30,12,44,0,12,57,12,81,86,8,94,175
01/07/2013,STP,MN,AGL,CE,Towers with Radar,0,15,37,9,61,0,20,56,4,80,0,35,93,13,141,150,26,176,317
01/08/2013,STP,MN,AGL,CE,Towers with Radar,0,17,61,1,79,0,1,51,21,73,0,18,112,22,152,94,64,158,310
01/09/2013,STP,MN,AGL,CE,Towers with Radar,0,14,52,6,72,0,7,55,26,88,0,21,107,32,160,82,48,130,290
01/10/2013,STP,MN,AGL,CE,Towers with Radar,0,16,27,6,49,0,10,40,14,64,0,26,67,20,113,120,28,148,261
01/11/2013,STP,MN,AGL,CE,Towers with Radar,0,6,28,0,34,0,0,0,0,0,0,6,28,0,34,0,0,0,34
01/12/2013,STP,MN,AGL,CE,Towers with Radar,0,8,17,0,25,0,1,0,0,1,0,9,17,0,26,0,0,0,26
01/13/2013,STP,MN,AGL,CE,Towers with Radar,0,6,25,2,33,0,1,18,0,19,0,7,43,2,52,72,0,72,124
01/14/2013,STP,MN,AGL,CE,Towers with Radar,0,17,32,2,51,0,10,38,0,48,0,27,70,2,99,76,0,76,175
01/15/2013,STP,MN,AGL,CE,Towers with Radar,0,27,75,7,109,0,13,32,18,63,0,40,107,25,172,38,2,40,212
01/16/2013,STP,MN,AGL,CE,Towers with Radar,0,13,60,1,74,0,11,16,19,46,0,24,76,20,120,34,42,76,196
01/17/2013,STP,MN,AGL,CE,Towers with Radar,0,12,37,3,52,0,12,63,17,92,0,24,100,20,144,106,32,138,282
01/18/2013,STP,MN,AGL,CE,Towers with Radar,0,14,25,4,43,0,1,49,10,60,0,15,74,14,103,62,12,74,177
01/19/2013,STP,MN,AGL,CE,Towers with Radar,0,8,12,0,20,0,2,11,0,13,0,10,23,0,33,0,0,0,33
01/20/2013,STP,MN,AGL,CE,Towers with Radar,0,6,10,0,16,0,3,19,0,22,0,9,29,0,38,74,0,74,112
01/21/2013,STP,MN,AGL,CE,Towers with Radar,0,16,18,0,34,0,6,15,0,21,0,22,33,0,55,26,0,26,81
01/22/2013,STP,MN,AGL,CE,Towers with Radar,0,16,50,2,68,0,9,23,3,35,0,25,73,5,103,78,16,94,197
01/23/2013,STP,MN,AGL,CE,Towers with Radar,0,15,39,3,57,0,0,14,13,27,0,15,53,16,84,10,28,38,122
01/24/2013,STP,MN,AGL,CE,Towers with Radar,0,20,36,3,59,0,9,19,13,41,0,29,55,16,100,18,16,34,134
01/25/2013,STP,MN,AGL,CE,Towers with Radar,0,11,33,4,48,0,13,23,5,41,0,24,56,9,89,38,44,82,171
01/26/2013,STP,MN,AGL,CE,Towers with Radar,0,10,12,2,24,0,9,53,0,62,0,19,65,2,86,112,0,112,198
01/27/2013,STP,MN,AGL,CE,Towers with Radar,0,8,13,0,21,0,0,4,0,4,0,8,17,0,25,8,0,8,33
01/28/2013,STP,MN,AGL,CE,Towers with Radar,0,14,34,0,48,0,0,0,0,0,0,14,34,0,48,0,0,0,48
01/29/2013,STP,MN,AGL,CE,Towers with Radar,0,15,34,0,49,0,0,2,13,15,0,15,36,13,64,14,40,54,118
01/30/2013,STP,MN,AGL,CE,Towers with Radar,0,13,47,6,66,0,0,16,10,26,0,13,63,16,92,40,56,96,188
01/31/2013,STP,MN,AGL,CE,Towers with Radar,0,28,42,4,74,0,1,8,10,19,0,29,50,14,93,0,18,18,111
02/01/2013,STP,MN,AGL,CE,Towers with Radar,0,13,35,1,49,0,2,11,4,17,0,15,46,5,66,6,0,6,72
02/02/2013,STP,MN,AGL,CE,Towers with Radar,0,4,17,0,21,0,6,26,0,32,0,10,43,0,53,62,0,62,115
02/03/2013,STP,MN,AGL,CE,Towers with Radar,0,9,17,0,26,0,0,23,5,28,0,9,40,5,54,36,0,36,90
02/04/2013,STP,MN,AGL,CE,Towers with Radar,0,9,42,2,53,0,6,16,2,24,0,15,58,4,77,6,0,6,83
02/05/2013,STP,MN,AGL,CE,Towers with Radar,0,15,29,7,51,0,6,14,20,40,0,21,43,27,91,18,24,42,133
02/06/2013,STP,MN,AGL,CE,Towers with Radar,0,12,37,1,50,0,0,12,8,20,0,12,49,9,70,18,6,24,94
02/07/2013,STP,MN,AGL,CE,Towers with Radar,0,8,47,0,55,0,2,6,16,24,0,10,53,16,79,10,14,24,103
02/08/2013,STP,MN,AGL,CE,Towers with Radar,0,10,46,7,63,0,1,41,9,51,0,11,87,16,114,56,12,68,182
02/09/2013,STP,MN,AGL,CE,Towers with Radar,0,8,32,0,40,0,5,7,0,12,0,13,39,0,52,32,0,32,84
02/10/2013,STP,MN,AGL,CE,Towers with Radar,0,2,9,0,11,0,0,0,0,0,0,2,9,0,11,0,0,0,11
02/11/2013,STP,MN,AGL,CE,Towers with Radar,0,9,28,0,37,0,3,4,0,7,0,12,32,0,44,0,0,0,44
02/12/2013,STP,MN,AGL,CE,Towers with Radar,0,9,40,4,53,0,17,58,16,91,0,26,98,20,144,84,48,132,276
02/13/2013,STP,MN,AGL,CE,Towers with Radar,0,11,39,2,52,0,8,32,0,40,0,19,71,2,92,104,0,104,196
02/14/2013,STP,MN,AGL,CE,Towers with Radar,0,15,41,5,61,0,6,29,9,44,0,21,70,14,105,26,8,34,139
02/15/2013,STP,MN,AGL,CE,Towers with Radar,0,12,29,1,42,0,12,40,9,61,0,24,69,10,103,66,8,74,177
02/16/2013,STP,MN,AGL,CE,Towers with Radar,0,3,23,0,26,0,7,48,8,63,0,10,71,8,89,82,12,94,183
02/17/2013,STP,MN,AGL,CE,Towers with Radar,0,3,22,0,25,0,4,20,1,25,0,7,42,1,50,28,0,28,78
02/18/2013,STP,MN,AGL,CE,Towers with Radar,0,10,26,0,36,0,7,9,0,16,0,17,35,0,52,0,0,0,52
02/19/2013,STP,MN,AGL,CE,Towers with Radar,0,10,40,0,50,0,0,14,12,26,0,10,54,12,76,8,60,68,144
02/20/2013,STP,MN,AGL,CE,Towers with Radar,0,17,39,0,56,0,22,37,11,70,0,39,76,11,126,112,76,188,314
02/21/2013,STP,MN,AGL,CE,Towers with Radar,0,23,43,0,66,0,13,50,21,84,0,36,93,21,150,112,18,130,280
02/22/2013,STP,MN,AGL,CE,Towers with Radar,0,10,28,0,38,0,1,16,0,17,0,11,44,0,55,0,0,0,55
02/23/2013,STP,MN,AGL,CE,Towers with Radar,47,27,4,0,78,0,1,11,0,12,47,28,15,0,90,6,0,6,96
02/24/2013,STP,MN,AGL,CE,Towers with Radar,14,23,22,0,59,0,6,46,0,52,14,29,68,0,111,94,0,94,205
02/25/2013,STP,MN,AGL,CE,Towers with Radar,0,21,32,4,57,0,2,10,0,12,0,23,42,4,69,10,0,10,79
02/26/2013,STP,MN,AGL,CE,Towers with Radar,0,18,29,11,58,0,4,28,17,49,0,22,57,28,107,66,66,132,239
02/27/2013,STP,MN,AGL,CE,Towers with Radar,0,12,61,4,77,0,3,36,19,58,0,15,97,23,135,72,8,80,215
02/28/2013,STP,MN,AGL,CE,Towers with Radar,0,20,45,7,72,0,9,52,20,81,0,29,97,27,153,90,68,158,311
03/01/2013,STP,MN,AGL,CE,Towers with Radar,0,12,37,6,55,0,8,49,4,61,0,20,86,10,116,90,4,94,210
03/02/2013,STP,MN,AGL,CE,Towers with Radar,0,9,14,0,23,0,9,61,9,79,0,18,75,9,102,44,0,44,146
03/03/2013,STP,MN,AGL,CE,Towers with Radar,0,6,28,2,36,0,3,47,4,54,0,9,75,6,90,64,0,64,154
03/04/2013,STP,MN,AGL,CE,Towers with Radar,0,3,27,1,31,0,0,0,0,0,0,3,27,1,31,0,0,0,31
03/05/2013,STP,MN,AGL,CE,Towers with Radar,0,4,24,1,29,0,0,1,0,1,0,4,25,1,30,0,0,0,30
03/06/2013,STP,MN,AGL,CE,Towers with Radar,0,15,59,6,80,0,19,35,6,60,0,34,94,12,140,106,38,144,284
03/07/2013,STP,MN,AGL,CE,Towers with Radar,0,19,83,5,107,0,14,53,26,93,0,33,136,31,200,138,46,184,384
03/08/2013,STP,MN,AGL,CE,Towers with Radar,0,12,60,2,74,0,9,53,4,66,0,21,113,6,140,78,16,94,234
03/09/2013,STP,MN,AGL,CE,Towers with Radar,0,6,8,0,14,0,0,0,0,0,0,6,8,0,14,0,0,0,14
03/10/2013,STP,MN,AGL,CE,Towers with Radar,2,11,14,0,27,0,2,2,0,4,2,13,16,0,31,0,0,0,31
03/11/2013,STP,MN,AGL,CE,Towers with Radar,0,8,42,0,50,0,4,8,0,12,0,12,50,0,62,18,0,18,80
03/12/2013,STP,MN,AGL,CE,Towers with Radar,0,18,38,5,61,0,10,24,13,47,0,28,62,18,108,32,18,50,158
03/13/2013,STP,MN,AGL,CE,Towers with Radar,0,8,64,4,76,0,6,63,12,81,0,14,127,16,157,120,44,164,321
03/14/2013,STP,MN,AGL,CE,Towers with Radar,0,22,44,4,70,0,10,33,22,65,0,32,77,26,135,38,94,132,267
03/15/2013,STP,MN,AGL,CE,Towers with Radar,0,10,31,0,41,0,0,0,0,0,0,10,31,0,41,0,0,0,41
03/16/2013,STP,MN,AGL,CE,Towers with Radar,0,12,25,0,37,0,11,31,0,42,0,23,56,0,79,62,0,62,141
03/17/2013,STP,MN,AGL,CE,Towers with Radar,0,12,25,0,37,0,6,33,0,39,0,18,58,0,76,66,0,66,142
03/18/2013,STP,MN,AGL,CE,Towers with Radar,0,14,24,0,38,0,2,2,0,4,0,16,26,0,42,0,0,0,42
03/19/2013,STP,MN,AGL,CE,Towers with Radar,0,19,30,5,54,0,6,34,11,51,0,25,64,16,105,36,46,82,187
03/20/2013,STP,MN,AGL,CE,Towers with Radar,0,17,51,8,76,0,16,49,19,84,0,33,100,27,160,48,64,112,272
03/21/2013,STP,MN,AGL,CE,Towers with Radar,0,19,48,8,75,0,12,46,17,75,0,31,94,25,150,64,34,98,248
03/22/2013,STP,MN,AGL,CE,Towers with Radar,0,11,42,7,60,0,19,65,5,89,0,30,107,12,149,68,28,96,245
03/23/2013,STP,MN,AGL,CE,Towers with Radar,0,8,32,0,40,0,4,50,0,54,0,12,82,0,94,142,0,142,236
03/24/2013,STP,MN,AGL,CE,Towers with Radar,0,3,12,0,15,0,3,28,0,31,0,6,40,0,46,38,0,38,84
03/25/2013,STP,MN,AGL,CE,Towers with Radar,0,15,22,1,38,0,10,31,0,41,0,25,53,1,79,26,0,26,105
03/26/2013,STP,MN,AGL,CE,Towers with Radar,0,19,45,2,66,0,6,35,26,67,0,25,80,28,133,90,120,210,343
03/27/2013,STP,MN,AGL,CE,Towers with Radar,0,5,48,9,62,0,23,58,19,100,0,28,106,28,162,76,72,148,310
03/28/2013,STP,MN,AGL,CE,Towers with Radar,0,8,41,9,58,0,17,47,20,84,0,25,88,29,142,88,34,122,264
03/29/2013,STP,MN,AGL,CE,Towers with Radar,0,15,26,0,41,0,8,46,7,61,0,23,72,7,102,38,28,66,168
03/30/2013,STP,MN,AGL,CE,Towers with Radar,0,8,15,0,23,0,0,13,0,13,0,8,28,0,36,18,0,18,54
03/31/2013,STP,MN,AGL,CE,Towers with Radar,1,4,11,0,16,0,4,4,0,8,1,8,15,0,24,0,0,0,24
04/01/2013,STP,MN,AGL,CE,Towers with Radar,0,11,42,5,58,0,9,35,0,44,0,20,77,5,102,54,0,54,156
04/02/2013,STP,MN,AGL,CE,Towers with Radar,0,17,40,6,63,0,29,58,21,108,0,46,98,27,171,110,74,184,355
04/03/2013,STP,MN,AGL,CE,Towers with Radar,0,21,45,6,72,0,41,71,23,135,0,62,116,29,207,96,58,154,361
04/04/2013,STP,MN,AGL,CE,Towers with Radar,0,10,48,5,63,0,18,49,20,87,0,28,97,25,150,54,10,64,214
04/05/2013,STP,MN,AGL,CE,Towers with Radar,0,8,31,4,43,0,11,25,6,42,0,19,56,10,85,74,8,82,167
04/06/2013,STP,MN,AGL,CE,Towers with Radar,0,6,15,2,23,0,0,22,0,22,0,6,37,2,45,12,0,12,57
04/07/2013,STP,MN,AGL,CE,Towers with Radar,0,9,20,3,32,0,3,44,0,47,0,12,64,3,79,112,0,112,191
04/08/2013,STP,MN,AGL,CE,Towers with Radar,0,13,38,3,54,0,3,0,0,3,0,16,38,3,57,0,0,0,57
04/09/2013,STP,MN,AGL,CE,Towers with Radar,0,17,62,4,83,0,3,4,2,9,0,20,66,6,92,0,12,12,104
04/10/2013,STP,MN,AGL,CE,Towers with Radar,0,5,43,1,49,0,17,27,4,48,0,22,70,5,97,38,12,50,147
04/11/2013,STP,MN,AGL,CE,Towers with Radar,0,11,21,0,32,0,0,0,0,0,0,11,21,0,32,0,0,0,32
04/12/2013,STP,MN,AGL,CE,Towers with Radar,0,17,45,2,64,0,0,18,21,39,0,17,63,23,103,54,18,72,175
04/13/2013,STP,MN,AGL,CE,Towers with Radar,0,7,15,0,22,0,1,13,0,14,0,8,28,0,36,40,0,40,76
04/14/2013,STP,MN,AGL,CE,Towers with Radar,0,5,20,0,25,0,0,0,0,0,0,5,20,0,25,0,0,0,25
04/15/2013,STP,MN,AGL,CE,Towers with Radar,0,9,40,2,51,0,10,7,2,19,0,19,47,4,70,0,6,6,76
04/16/2013,STP,MN,AGL,CE,Towers with Radar,0,11,34,4,49,0,3,46,20,69,0,14,80,24,118,116,134,250,368
04/17/2013,STP,MN,AGL,CE,Towers with Radar,0,13,44,2,59,0,2,9,5,16,0,15,53,7,75,30,16,46,121
04/18/2013,STP,MN,AGL,CE,Towers with Radar,0,13,31,0,44,0,0,0,0,0,0,13,31,0,44,0,0,0,44
04/19/2013,STP,MN,AGL,CE,Towers with Radar,0,13,23,2,38,0,11,9,4,24,0,24,32,6,62,12,10,22,84
04/20/2013,STP,MN,AGL,CE,Towers with Radar,0,8,20,3,31,0,9,52,5,66,0,17,72,8,97,124,0,124,221
04/21/2013,STP,MN,AGL,CE,Towers with Radar,0,13,22,0,35,0,1,2,0,3,0,14,24,0,38,0,0,0,38
04/22/2013,STP,MN,AGL,CE,Towers with Radar,0,9,43,4,56,0,2,6,2,10,0,11,49,6,66,6,0,6,72
04/23/2013,STP,MN,AGL,CE,Towers with Radar,0,12,44,7,63,0,16,43,16,75,0,28,87,23,138,126,76,202,340
04/24/2013,STP,MN,AGL,CE,Towers with Radar,0,16,41,7,64,0,17,38,14,69,0,33,79,21,133,98,46,144,277
04/25/2013,STP,MN,AGL,CE,Towers with Radar,0,21,52,7,80,0,25,60,16,101,0,46,112,23,181,86,22,108,289
04/26/2013,STP,MN,AGL,CE,Towers with Radar,0,24,53,4,81,0,16,69,5,90,0,40,122,9,171,142,24,166,337
04/27/2013,STP,MN,AGL,CE,Towers with Radar,0,24,30,0,54,0,8,77,0,85,0,32,107,0,139,54,0,54,193
04/28/2013,STP,MN,AGL,CE,Towers with Radar,0,13,25,0,38,0,2,38,0,40,0,15,63,0,78,94,0,94,172
04/29/2013,STP,MN,AGL,CE,Towers with Radar,0,11,61,6,78,0,19,74,14,107,0,30,135,20,185,190,36,226,411
04/30/2013,STP,MN,AGL,CE,Towers with Radar,0,13,60,11,84,0,9,36,34,79,0,22,96,45,163,54,118,172,335
05/01/2013,STP,MN,AGL,CE,Towers with Radar,0,14,42,0,56,0,0,0,0,0,0,14,42,0,56,0,0,0,56
05/02/2013,STP,MN,AGL,CE,Towers with Radar,0,5,74,6,85,0,12,30,13,55,0,17,104,19,140,52,10,62,202
05/03/2013,STP,MN,AGL,CE,Towers with Radar,0,8,25,5,38,0,0,4,0,4,0,8,29,5,42,0,0,0,42
05/04/2013,STP,MN,AGL,CE,Towers with Radar,0,6,36,2,44,0,0,4,0,4,0,6,40,2,48,24,0,24,72
05/05/2013,STP,MN,AGL,CE,Towers with Radar,0,7,29,2,38,0,4,40,2,46,0,11,69,4,84,58,0,58,142
05/06/2013,STP,MN,AGL,CE,Towers with Radar,0,25,63,2,90,0,15,74,0,89,0,40,137,2,179,154,0,154,333
05/07/2013,STP,MN,AGL,CE,Towers with Radar,0,17,55,8,80,0,7,93,23,123,0,24,148,31,203,168,84,252,455
05/08/2013,STP,MN,AGL,CE,Towers with Radar,0,13,56,6,75,0,5,38,10,53,0,18,94,16,128,82,20,102,230
05/09/2013,STP,MN,AGL,CE,Towers with Radar,0,12,69,2,83,0,1,3,5,9,0,13,72,7,92,0,0,0,92
05/10/2013,STP,MN,AGL,CE,Towers with Radar,0,18,44,2,64,0,10,67,0,77,0,28,111,2,141,100,0,100,241
05/11/2013,STP,MN,AGL,CE,Towers with Radar,0,8,27,0,35,0,7,16,3,26,0,15,43,3,61,14,0,14,75
05/12/2013,STP,MN,AGL,CE,Towers with Radar,0,1,23,0,24,0,4,44,2,50,0,5,67,2,74,44,0,44,118
05/13/2013,STP,MN,AGL,CE,Towers with Radar,0,10,51,2,63,0,20,32,4,56,0,30,83,6,119,84,0,84,203
05/14/2013,STP,MN,AGL,CE,Towers with Radar,0,20,65,6,91,0,18,24,9,51,0,38,89,15,142,36,0,36,178
05/15/2013,STP,MN,AGL,CE,Towers with Radar,0,16,51,6,73,0,18,68,14,100,0,34,119,20,173,134,64,198,371
05/16/2013,STP,MN,AGL,CE,Towers with Radar,0,13,57,2,72,0,13,75,17,105,0,26,132,19,177,136,28,164,341
05/17/2013,STP,MN,AGL,CE,Towers with Radar,0,18,43,4,65,0,8,43,11,62,0,26,86,15,127,22,26,48,175
05/18/2013,STP,MN,AGL,CE,Towers with Radar,0,8,29,1,38,0,4,23,0,27,0,12,52,1,65,28,0,28,93
05/19/2013,STP,MN,AGL,CE,Towers with Radar,0,14,28,1,43,0,4,31,0,35,0,18,59,1,78,62,0,62,140
05/20/2013,STP,MN,AGL,CE,Towers with Radar,0,10,52,0,62,0,2,23,0,25,0,12,75,0,87,94,0,94,181
05/21/2013,STP,MN,AGL,CE,Towers with Radar,0,16,65,0,81,0,5,8,2,15,0,21,73,2,96,12,6,18,114
05/22/2013,STP,MN,AGL,CE,Towers with Radar,0,10,74,6,90,0,26,19,3,48,0,36,93,9,138,26,44,70,208
05/23/2013,STP,MN,AGL,CE,Towers with Radar,0,18,67,7,92,0,48,91,27,166,0,66,158,34,258,90,94,184,442
05/24/2013,STP,MN,AGL,CE,Towers with Radar,0,19,43,2,64,0,13,65,2,80,0,32,108,4,144,88,16,104,248
05/25/2013,STP,MN,AGL,CE,Towers with Radar,0,18,18,0,36,0,5,37,0,42,0,23,55,0,78,8,0,8,86
05/26/2013,STP,MN,AGL,CE,Towers with Radar,0,6,10,0,16,0,9,32,0,41,0,15,42,0,57,38,0,38,95
05/27/2013,STP,MN,AGL,CE,Towers with Radar,0,16,31,0,47,0,1,0,0,1,0,17,31,0,48,2,0,2,50
05/28/2013,STP,MN,AGL,CE,Towers with Radar,0,18,61,3,82,0,1,1,2,4,0,19,62,5,86,0,8,8,94
05/29/2013,STP,MN,AGL,CE,Towers with Radar,0,15,78,2,95,0,1,19,6,26,0,16,97,8,121,8,10,18,139
05/30/2013,STP,MN,AGL,CE,Towers with Radar,0,23,50,2,75,0,8,9,18,35,0,31,59,20,110,6,42,48,158
05/31/2013,STP,MN,AGL,CE,Towers with Radar,0,7,28,0,35,0,7,38,10,55,0,14,66,10,90,50,6,56,146
06/01/2013,STP,MN,AGL,CE,Towers with Radar,0,5,17,0,22,0,11,42,1,54,0,16,59,1,76,96,0,96,172
06/02/2013,STP,MN,AGL,CE,Towers with Radar,0,8,23,0,31,0,6,48,3,57,0,14,71,3,88,40,0,40,128
06/03/2013,STP,MN,AGL,CE,Towers with Radar,0,11,46,2,59,0,34,56,0,90,0,45,102,2,149,88,0,88,237
06/04/2013,STP,MN,AGL,CE,Towers with Radar,0,23,52,2,77,0,4,40,3,47,0,27,92,5,124,62,0,62,186
06/05/2013,STP,MN,AGL,CE,Towers with Radar,0,16,51,0,67,0,1,1,0,2,0,17,52,0,69,0,0,0,69
06/06/2013,STP,MN,AGL,CE,Towers with Radar,0,13,75,3,91,0,2,4,2,8,0,15,79,5,99,0,0,0,99
06/07/2013,STP,MN,AGL,CE,Towers with Radar,0,14,53,1,68,0,18,54,2,74,0,32,107,3,142,64,6,70,212
06/08/2013,STP,MN,AGL,CE,Towers with Radar,0,7,25,4,36,0,11,59,3,73,0,18,84,7,109,60,0,60,169
06/09/2013,STP,MN,AGL,CE,Towers with Radar,0,8,27,0,35,0,0,2,0,2,0,8,29,0,37,0,0,0,37
06/10/2013,STP,MN,AGL,CE,Towers with Radar,0,10,41,4,55,0,0,23,5,28,0,10,64,9,83,62,2,64,147
06/11/2013,STP,MN,AGL,CE,Towers with Radar,0,20,44,8,72,0,7,54,6,67,0,27,98,14,139,132,0,132,271
06/12/2013,STP,MN,AGL,CE,Towers with Radar,0,10,55,2,67,0,16,33,2,51,0,26,88,4,118,62,16,78,196
06/13/2013,STP,MN,AGL,CE,Towers with Radar,0,14,62,2,78,0,22,70,12,104,0,36,132,14,182,118,16,134,316
06/14/2013,STP,MN,AGL,CE,Towers with Radar,0,18,43,2,63,0,6,70,1,77,0,24,113,3,140,54,6,60,200
06/15/2013,STP,MN,AGL,CE,Towers with Radar,0,3,18,0,21,0,4,18,0,22,0,7,36,0,43,32,0,32,75
06/16/2013,STP,MN,AGL,CE,Towers with Radar,0,5,23,0,28,0,4,53,0,57,0,9,76,0,85,54,0,54,139
06/17/2013,STP,MN,AGL,CE,Towers with Radar,0,20,44,2,66,0,17,41,0,58,0,37,85,2,124,32,0,32,156
06/18/2013,STP,MN,AGL,CE,Towers with Radar,0,18,69,2,89,0,27,60,27,114,0,45,129,29,203,78,128,206,409
06/19/2013,STP,MN,AGL,CE,Towers with Radar,0,5,61,2,68,0,17,52,20,89,0,22,113,22,157,74,74,148,305
06/20/2013,STP,MN,AGL,CE,Towers with Radar,0,19,45,5,69,0,3,31,10,44,0,22,76,15,113,24,20,44,157
06/21/2013,STP,MN,AGL,CE,Towers with Radar,0,19,46,0,65,0,10,35,6,51,0,29,81,6,116,37,16,53,169
06/22/2013,STP,MN,AGL,CE,Towers with Radar,0,6,36,0,42,0,5,17,0,22,0,11,53,0,64,2,0,2,66
06/23/2013,STP,MN,AGL,CE,Towers with Radar,0,6,21,2,29,0,9,18,0,27,0,15,39,2,56,18,6,24,80
06/24/2013,STP,MN,AGL,CE,Towers with Radar,0,11,54,0,65,0,4,48,4,56,0,15,102,4,121,96,6,102,223
06/25/2013,STP,MN,AGL,CE,Towers with Radar,0,9,59,0,68,0,22,28,21,71,0,31,87,21,139,60,36,96,235
06/26/2013,STP,MN,AGL,CE,Towers with Radar,1,8,87,4,100,0,7,27,22,56,1,15,114,26,156,32,10,42,198
06/27/2013,STP,MN,AGL,CE,Towers with Radar,0,7,69,2,78,0,11,59,16,86,0,18,128,18,164,52,2,54,218
06/28/2013,STP,MN,AGL,CE,Towers with Radar,1,11,46,2,60,0,2,22,7,31,1,13,68,9,91,6,4,10,101
06/29/2013,STP,MN,AGL,CE,Towers with Radar,0,12,17,0,29,0,6,31,0,37,0,18,48,0,66,22,0,22,88
06/30/2013,STP,MN,AGL,CE,Towers with Radar,0,10,25,2,37,0,5,46,0,51,0,15,71,2,88,82,0,82,170
07/01/2013,STP,MN,AGL,CE,Towers with Radar,0,16,37,0,53,0,10,52,0,62,0,26,89,0,115,108,0,108,223
07/02/2013,STP,MN,AGL,CE,Towers with Radar,0,9,52,0,61,0,8,63,27,98,0,17,115,27,159,116,18,134,293
07/03/2013,STP,MN,AGL,CE,Towers with Radar,0,16,46,1,63,0,9,57,8,74,0,25,103,9,137,158,28,186,323
07/04/2013,STP,MN,AGL,CE,Towers with Radar,0,8,9,0,17,0,11,22,0,33,0,19,31,0,50,30,0,30,80
07/05/2013,STP,MN,AGL,CE,Towers with Radar,0,19,16,0,35,0,13,24,0,37,0,32,40,0,72,61,0,61,133
07/06/2013,STP,MN,AGL,CE,Towers with Radar,0,15,11,0,26,0,4,28,0,32,0,19,39,0,58,36,0,36,94
07/07/2013,STP,MN,AGL,CE,Towers with Radar,0,11,39,0,50,0,3,42,0,45,0,14,81,0,95,72,0,72,167
07/08/2013,STP,MN,AGL,CE,Towers with Radar,0,18,46,2,66,0,16,39,2,57,0,34,85,4,123,122,16,138,261
07/09/2013,STP,MN,AGL,CE,Towers with Radar,0,16,41,3,60,0,19,43,24,86,0,35,84,27,146,86,114,200,346
07/10/2013,STP,MN,AGL,CE,Towers with Radar,0,15,65,2,82,0,19,68,30,117,0,34,133,32,199,120,82,202,401
07/11/2013,STP,MN,AGL,CE,Towers with Radar,0,19,54,10,83,0,24,65,20,109,0,43,119,30,192,124,52,176,368
07/12/2013,STP,MN,AGL,CE,Towers with Radar,0,13,45,0,58,0,6,51,9,66,0,19,96,9,124,42,26,68,192
07/13/2013,STP,MN,AGL,CE,Towers with Radar,0,14,25,3,42,0,3,33,1,37,0,17,58,4,79,48,0,48,127
07/14/2013,STP,MN,AGL,CE,Towers with Radar,0,13,29,0,42,0,5,36,0,41,0,18,65,0,83,52,0,52,135
07/15/2013,STP,MN,AGL,CE,Towers with Radar,0,22,47,0,69,0,5,62,2,69,0,27,109,2,138,96,18,114,252
07/16/2013,STP,MN,AGL,CE,Towers with Radar,0,17,43,0,60,0,27,55,22,104,0,44,98,22,164,88,48,136,300
07/17/2013,STP,MN,AGL,CE,Towers with Radar,0,15,43,0,58,0,14,48,14,76,0,29,91,14,134,130,52,182,316
07/18/2013,STP,MN,AGL,CE,Towers with Radar,0,15,45,6,66,0,11,72,12,95,0,26,117,18,161,106,40,146,307
07/19/2013,STP,MN,AGL,CE,Towers with Radar,0,12,42,2,56,0,9,50,0,59,0,21,92,2,115,82,0,82,197
07/20/2013,STP,MN,AGL,CE,Towers with Radar,0,8,30,0,38,0,13,50,9,72,0,21,80,9,110,119,0,119,229
07/21/2013,STP,MN,AGL,CE,Towers with Radar,0,7,31,0,38,0,5,46,3,54,0,12,77,3,92,44,0,44,136
07/22/2013,STP,MN,AGL,CE,Towers with Radar,0,8,59,0,67,0,13,81,0,94,0,21,140,0,161,148,0,148,309
07/23/2013,STP,MN,AGL,CE,Towers with Radar,0,24,51,4,79,0,19,70,21,110,0,43,121,25,189,94,48,142,331
07/24/2013,STP,MN,AGL,CE,Towers with Radar,0,10,47,3,60,0,18,61,37,116,0,28,108,40,176,94,20,114,290
07/25/2013,STP,MN,AGL,CE,Towers with Radar,0,17,57,3,77,0,31,58,27,116,0,48,115,30,193,78,54,132,325
07/26/2013,STP,MN,AGL,CE,Towers with Radar,0,6,39,6,51,0,6,45,6,57,0,12,84,12,108,40,0,40,148
07/27/2013,STP,MN,AGL,CE,Towers with Radar,0,8,15,0,23,0,6,20,2,28,0,14,35,2,51,26,0,26,77
07/28/2013,STP,MN,AGL,CE,Towers with Radar,0,12,39,0,51,0,6,55,0,61,0,18,94,0,112,84,0,84,196
07/29/2013,STP,MN,AGL,CE,Towers with Radar,0,13,54,0,67,0,21,110,0,131,0,34,164,0,198,188,0,188,386
07/30/2013,STP,MN,AGL,CE,Towers with Radar,1,25,57,0,83,0,8,31,14,53,1,33,88,14,136,82,66,148,284
07/31/2013,STP,MN,AGL,CE,Towers with Radar,0,19,57,6,82,0,8,53,24,85,0,27,110,30,167,110,66,176,343
08/01/2013,STP,MN,AGL,CE,Towers with Radar,0,22,46,6,74,0,18,81,16,115,0,40,127,22,189,92,48,140,329
08/02/2013,STP,MN,AGL,CE,Towers with Radar,0,13,39,3,55,0,8,44,4,56,0,21,83,7,111,76,6,82,193
08/03/2013,STP,MN,AGL,CE,Towers with Radar,0,6,20,0,26,0,12,42,0,54,0,18,62,0,80,30,0,30,110
08/04/2013,STP,MN,AGL,CE,Towers with Radar,0,14,21,0,35,0,11,61,1,73,0,25,82,1,108,84,0,84,192
08/05/2013,STP,MN,AGL,CE,Towers with Radar,0,18,44,0,62,0,9,20,0,29,0,27,64,0,91,80,0,80,171
08/06/2013,STP,MN,AGL,CE,Towers with Radar,0,11,45,2,58,0,12,43,18,73,0,23,88,20,131,80,80,160,291
08/07/2013,STP,MN,AGL,CE,Towers with Radar,0,21,60,3,84,0,23,52,26,101,0,44,112,29,185,78,58,136,321
08/08/2013,STP,MN,AGL,CE,Towers with Radar,0,20,46,4,70,0,23,76,23,122,0,43,122,27,192,184,32,216,408
08/09/2013,STP,MN,AGL,CE,Towers with Radar,0,8,41,5,54,0,10,67,18,95,0,18,108,23,149,114,76,190,339
08/10/2013,STP,MN,AGL,CE,Towers with Radar,0,7,12,0,19,0,20,64,0,84,0,27,76,0,103,88,0,88,191
08/11/2013,STP,MN,AGL,CE,Towers with Radar,0,2,29,2,33,0,2,31,0,33,0,4,60,2,66,62,0,62,128
08/12/2013,STP,MN,AGL,CE,Towers with Radar,0,7,58,2,67,0,5,82,4,91,0,12,140,6,158,150,8,158,316
08/13/2013,STP,MN,AGL,CE,Towers with Radar,0,19,76,6,101,0,28,55,31,114,0,47,131,37,215,160,124,284,499
08/14/2013,STP,MN,AGL,CE,Towers with Radar,0,20,65,3,88,0,16,92,25,133,0,36,157,28,221,150,68,218,439
08/15/2013,STP,MN,AGL,CE,Towers with Radar,0,14,63,7,84,0,22,80,26,128,0,36,143,33,212,180,100,280,492
08/16/2013,STP,MN,AGL,CE,Towers with Radar,0,7,45,3,55,0,6,51,10,67,0,13,96,13,122,32,28,60,182
08/17/2013,STP,MN,AGL,CE,Towers with Radar,0,8,31,1,40,0,8,53,0,61,0,16,84,1,101,46,0,46,147
08/18/2013,STP,MN,AGL,CE,Towers with Radar,0,5,38,0,43,0,12,52,0,64,0,17,90,0,107,72,0,72,179
08/19/2013,STP,MN,AGL,CE,Towers with Radar,0,20,54,0,74,0,14,62,0,76,0,34,116,0,150,126,0,126,276
08/20/2013,STP,MN,AGL,CE,Towers with Radar,0,15,61,5,81,0,13,51,25,89,0,28,112,30,170,136,64,200,370
08/21/2013,STP,MN,AGL,CE,Towers with Radar,0,4,65,4,73,0,6,40,17,63,0,10,105,21,136,66,54,120,256
08/22/2013,STP,MN,AGL,CE,Towers with Radar,0,14,55,5,74,0,23,59,27,109,0,37,114,32,183,120,42,162,345
08/23/2013,STP,MN,AGL,CE,Towers with Radar,0,12,44,6,62,0,11,91,12,114,0,23,135,18,176,114,24,138,314
08/24/2013,STP,MN,AGL,CE,Towers with Radar,0,3,20,0,23,0,10,44,10,64,0,13,64,10,87,44,0,44,131
08/25/2013,STP,MN,AGL,CE,Towers with Radar,0,11,26,0,37,0,18,29,0,47,0,29,55,0,84,90,0,90,174
08/26/2013,STP,MN,AGL,CE,Towers with Radar,0,12,38,0,50,0,19,47,0,66,0,31,85,0,116,115,0,115,231
08/27/2013,STP,MN,AGL,CE,Towers with Radar,0,22,69,0,91,0,25,61,39,125,0,47,130,39,216,112,86,198,414
08/28/2013,STP,MN,AGL,CE,Towers with Radar,0,10,56,4,70,0,10,55,18,83,0,20,111,22,153,150,30,180,333
08/29/2013,STP,MN,AGL,CE,Towers with Radar,0,13,51,4,68,0,14,42,24,80,0,27,93,28,148,90,58,148,296
08/30/2013,STP,MN,AGL,CE,Towers with Radar,0,14,53,3,70,0,8,67,13,88,0,22,120,16,158,80,20,100,258
08/31/2013,STP,MN,AGL,CE,Towers with Radar,0,6,11,0,17,0,0,40,0,40,0,6,51,0,57,72,0,72,129
09/01/2013,STP,MN,AGL,CE,Towers with Radar,0,17,16,0,33,0,4,29,0,33,0,21,45,0,66,68,0,68,134
09/02/2013,STP,MN,AGL,CE,Towers with Radar,0,9,23,0,32,0,11,31,0,42,0,20,54,0,74,42,0,42,116
09/03/2013,STP,MN,AGL,CE,Towers with Radar,0,9,49,0,58,0,11,21,10,42,0,20,70,10,100,22,18,40,140
09/04/2013,STP,MN,AGL,CE,Towers with Radar,0,7,68,8,83,0,10,40,32,82,0,17,108,40,165,74,30,104,269
09/05/2013,STP,MN,AGL,CE,Towers with Radar,0,8,41,10,59,0,27,65,37,129,0,35,106,47,188,104,104,208,396
09/06/2013,STP,MN,AGL,CE,Towers with Radar,0,14,69,1,84,0,24,58,15,97,0,38,127,16,181,110,56,166,347
09/07/2013,STP,MN,AGL,CE,Towers with Radar,0,3,18,0,21,0,23,64,3,90,0,26,82,3,111,104,0,104,215
09/08/2013,STP,MN,AGL,CE,Towers with Radar,0,13,34,2,49,0,7,41,0,48,0,20,75,2,97,44,0,44,141
09/09/2013,STP,MN,AGL,CE,Towers with Radar,0,8,66,2,76,0,6,17,1,24,0,14,83,3,100,32,4,36,136
09/10/2013,STP,MN,AGL,CE,Towers with Radar,0,18,67,2,87,0,18,50,30,98,0,36,117,32,185,94,100,194,379
09/11/2013,STP,MN,AGL,CE,Towers with Radar,0,17,64,1,82,0,10,67,18,95,0,27,131,19,177,118,20,138,315
09/12/2013,STP,MN,AGL,CE,Towers with Radar,0,23,53,4,80,0,18,60,15,93,0,41,113,19,173,112,26,138,311
09/13/2013,STP,MN,AGL,CE,Towers with Radar,0,17,42,3,62,0,3,69,5,77,0,20,111,8,139,110,0,110,249
09/14/2013,STP,MN,AGL,CE,Towers with Radar,2,10,17,0,29,0,9,27,0,36,2,19,44,0,65,100,0,100,165
09/15/2013,STP,MN,AGL,CE,Towers with Radar,0,15,30,0,45,0,0,14,0,14,0,15,44,0,59,4,0,4,63
09/16/2013,STP,MN,AGL,CE,Towers with Radar,0,13,60,0,73,0,4,54,0,58,0,17,114,0,131,32,0,32,163
09/17/2013,STP,MN,AGL,CE,Towers with Radar,0,18,72,2,92,0,2,47,12,61,0,20,119,14,153,80,50,130,283
09/18/2013,STP,MN,AGL,CE,Towers with Radar,0,12,53,0,65,0,0,8,15,23,0,12,61,15,88,8,36,44,132
09/19/2013,STP,MN,AGL,CE,Towers with Radar,0,17,57,4,78,0,4,25,22,51,0,21,82,26,129,66,30,96,225
09/20/2013,STP,MN,AGL,CE,Towers with Radar,0,21,70,2,93,0,11,29,11,51,0,32,99,13,144,36,6,42,186
09/21/2013,STP,MN,AGL,CE,Towers with Radar,0,14,25,0,39,1,12,40,12,65,1,26,65,12,104,32,0,32,136
09/22/2013,STP,MN,AGL,CE,Towers with Radar,0,10,34,0,44,0,3,23,0,26,0,13,57,0,70,52,0,52,122
09/23/2013,STP,MN,AGL,CE,Towers with Radar,0,19,67,0,86,0,12,30,0,42,0,31,97,0,128,36,0,36,164
09/24/2013,STP,MN,AGL,CE,Towers with Radar,0,13,56,2,71,0,10,69,22,101,0,23,125,24,172,110,44,154,326
09/25/2013,STP,MN,AGL,CE,Towers with Radar,0,15,68,0,83,0,12,42,10,64,0,27,110,10,147,108,2,110,257
09/26/2013,STP,MN,AGL,CE,Towers with Radar,0,12,67,3,82,0,8,41,22,71,0,20,108,25,153,126,64,190,343
09/27/2013,STP,MN,AGL,CE,Towers with Radar,0,12,50,3,65,0,2,26,8,36,0,14,76,11,101,30,34,64,165
09/28/2013,STP,MN,AGL,CE,Towers with Radar,0,16,23,0,39,0,1,4,0,5,0,17,27,0,44,0,0,0,44
09/29/2013,STP,MN,AGL,CE,Towers with Radar,0,12,36,0,48,0,10,37,0,47,0,22,73,0,95,70,0,70,165
09/30/2013,STP,MN,AGL,CE,Towers with Radar,0,12,56,2,70,0,25,55,6,86,0,37,111,8,156,172,26,198,354
10/01/2013,STP,MN,AGL,CE,Towers with Radar,0,21,53,0,74,0,4,61,0,65,0,25,114,0,139,104,0,104,243
10/02/2013,STP,MN,AGL,CE,Towers with Radar,0,14,42,0,56,0,8,62,0,70,0,22,104,0,126,154,2,156,282
10/03/2013,STP,MN,AGL,CE,Towers with Radar,0,16,73,0,89,0,4,2,0,6,0,20,75,0,95,12,0,12,107
10/04/2013,STP,MN,AGL,CE,Towers with Radar,0,13,52,0,65,0,0,1,0,1,0,13,53,0,66,12,0,12,78
10/05/2013,STP,MN,AGL,CE,Towers with Radar,0,9,20,0,29,0,0,1,0,1,0,9,21,0,30,0,0,0,30
10/06/2013,STP,MN,AGL,CE,Towers with Radar,0,18,27,0,45,0,10,19,0,29,0,28,46,0,74,18,0,18,92
10/07/2013,STP,MN,AGL,CE,Towers with Radar,0,8,45,0,53,0,26,57,0,83,0,34,102,0,136,70,0,70,206
10/08/2013,STP,MN,AGL,CE,Towers with Radar,0,12,53,0,65,0,16,59,0,75,0,28,112,0,140,178,0,178,318
10/09/2013,STP,MN,AGL,CE,Towers with Radar,1,27,65,0,93,0,14,50,0,64,1,41,115,0,157,90,0,90,247
10/10/2013,STP,MN,AGL,CE,Towers with Radar,0,13,54,0,67,0,29,123,0,152,0,42,177,0,219,216,0,216,435
10/11/2013,STP,MN,AGL,CE,Towers with Radar,0,17,42,0,59,0,14,33,0,47,0,31,75,0,106,90,0,90,196
10/12/2013,STP,MN,AGL,CE,Towers with Radar,0,9,25,2,36,0,9,30,0,39,0,18,55,2,75,26,0,26,101
10/13/2013,STP,MN,AGL,CE,Towers with Radar,0,13,49,0,62,0,6,60,0,66,0,19,109,0,128,70,0,70,198
10/14/2013,STP,MN,AGL,CE,Towers with Radar,0,9,72,0,81,0,2,20,0,22,0,11,92,0,103,40,0,40,143
10/15/2013,STP,MN,AGL,CE,Towers with Radar,0,17,44,0,61,0,0,0,0,0,0,17,44,0,61,0,0,0,61
10/16/2013,STP,MN,AGL,CE,Towers with Radar,0,17,61,0,78,0,29,44,2,75,0,46,105,2,153,82,8,90,243
10/17/2013,STP,MN,AGL,CE,Towers with Radar,0,18,70,0,88,0,10,33,4,47,0,28,103,4,135,34,12,46,181
10/18/2013,STP,MN,AGL,CE,Towers with Radar,0,12,42,0,54,0,1,47,9,57,0,13,89,9,111,52,10,62,173
10/19/2013,STP,MN,AGL,CE,Towers with Radar,0,8,16,0,24,0,0,18,0,18,0,8,34,0,42,34,0,34,76
10/20/2013,STP,MN,AGL,CE,Towers with Radar,0,13,45,0,58,0,0,15,0,15,0,13,60,0,73,32,0,32,105
10/21/2013,STP,MN,AGL,CE,Towers with Radar,0,24,61,0,85,0,14,28,0,42,0,38,89,0,127,54,0,54,181
10/22/2013,STP,MN,AGL,CE,Towers with Radar,0,29,38,3,70,0,3,35,34,72,0,32,73,37,142,50,120,170,312
10/23/2013,STP,MN,AGL,CE,Towers with Radar,0,24,60,3,87,0,3,39,13,55,0,27,99,16,142,46,10,56,198
10/24/2013,STP,MN,AGL,CE,Towers with Radar,0,13,59,5,77,0,7,56,15,78,0,20,115,20,155,86,50,136,291
10/25/2013,STP,MN,AGL,CE,Towers with Radar,0,15,49,2,66,0,9,72,14,95,0,24,121,16,161,98,32,130,291
10/26/2013,STP,MN,AGL,CE,Towers with Radar,0,15,33,2,50,0,5,37,22,64,0,20,70,24,114,52,20,72,186
10/27/2013,STP,MN,AGL,CE,Towers with Radar,1,12,41,1,55,0,1,64,0,65,1,13,105,1,120,56,0,56,176
10/28/2013,STP,MN,AGL,CE,Towers with Radar,0,15,56,4,75,0,18,46,0,64,0,33,102,4,139,124,10,134,273
10/29/2013,STP,MN,AGL,CE,Towers with Radar,0,19,46,2,67,0,1,20,19,40,0,20,66,21,107,20,14,34,141
10/30/2013,STP,MN,AGL,CE,Towers with Radar,0,16,51,0,67,0,0,0,0,0,0,16,51,0,67,0,0,0,67
10/31/2013,STP,MN,AGL,CE,Towers with Radar,0,18,80,4,102,0,0,0,0,0,0,18,80,4,102,0,0,0,102
11/01/2013,STP,MN,AGL,CE,Towers with Radar,0,15,52,2,69,0,13,53,6,72,0,28,105,8,141,58,22,80,221
11/02/2013,STP,MN,AGL,CE,Towers with Radar,0,16,21,0,37,0,7,95,1,103,0,23,116,1,140,122,2,124,264
11/03/2013,STP,MN,AGL,CE,Towers with Radar,0,7,19,0,26,0,0,30,0,30,0,7,49,0,56,68,0,68,124
11/04/2013,STP,MN,AGL,CE,Towers with Radar,0,12,61,2,75,0,0,19,2,21,0,12,80,4,96,16,0,16,112
11/05/2013,STP,MN,AGL,CE,Towers with Radar,0,17,42,1,60,0,1,20,5,26,0,18,62,6,86,0,14,14,100
11/06/2013,STP,MN,AGL,CE,Towers with Radar,0,21,59,8,88,0,23,59,11,93,0,44,118,19,181,82,14,96,277
11/07/2013,STP,MN,AGL,CE,Towers with Radar,0,24,52,7,83,0,7,28,15,50,0,31,80,22,133,62,40,102,235
11/08/2013,STP,MN,AGL,CE,Towers with Radar,0,15,36,2,53,0,4,35,5,44,0,19,71,7,97,38,4,42,139
11/09/2013,STP,MN,AGL,CE,Towers with Radar,0,13,24,0,37,0,5,6,1,12,0,18,30,1,49,18,0,18,67
11/10/2013,STP,MN,AGL,CE,Towers with Radar,0,8,27,2,37,0,6,39,0,45,0,14,66,2,82,36,0,36,118
11/11/2013,STP,MN,AGL,CE,Towers with Radar,0,18,40,0,58,0,3,65,0,68,0,21,105,0,126,50,0,50,176
11/12/2013,STP,MN,AGL,CE,Towers with Radar,0,26,67,4,97,0,6,57,17,80,0,32,124,21,177,98,82,180,357
11/13/2013,STP,MN,AGL,CE,Towers with Radar,0,23,55,2,80,0,12,60,24,96,0,35,115,26,176,84,60,144,320
11/14/2013,STP,MN,AGL,CE,Towers with Radar,0,25,58,4,87,0,20,61,34,115,0,45,119,38,202,92,112,204,406
11/15/2013,STP,MN,AGL,CE,Towers with Radar,0,9,35,1,45,0,8,54,12,74,0,17,89,13,119,74,24,98,217
11/16/2013,STP,MN,AGL,CE,Towers with Radar,0,6,29,0,35,0,0,2,0,2,0,6,31,0,37,18,0,18,55
11/17/2013,STP,MN,AGL,CE,Towers with Radar,0,6,27,3,36,0,0,6,6,12,0,6,33,9,48,10,0,10,58
11/18/2013,STP,MN,AGL,CE,Towers with Radar,0,8,50,2,60,0,5,28,2,35,0,13,78,4,95,12,0,12,107
11/19/2013,STP,MN,AGL,CE,Towers with Radar,0,17,66,2,85,0,1,28,28,57,0,18,94,30,142,58,40,98,240
11/20/2013,STP,MN,AGL,CE,Towers with Radar,0,21,72,5,98,0,26,38,37,101,0,47,110,42,199,136,130,266,465
11/21/2013,STP,MN,AGL,CE,Towers with Radar,0,12,45,3,60,0,0,0,1,1,0,12,45,4,61,0,0,0,61
11/22/2013,STP,MN,AGL,CE,Towers with Radar,0,24,58,4,86,0,2,41,11,54,0,26,99,15,140,56,24,80,220
11/23/2013,STP,MN,AGL,CE,Towers with Radar,0,17,33,0,50,0,8,37,0,45,0,25,70,0,95,52,0,52,147
11/24/2013,STP,MN,AGL,CE,Towers with Radar,0,11,28,0,39,0,16,51,0,67,0,27,79,0,106,44,0,44,150
11/25/2013,STP,MN,AGL,CE,Towers with Radar,0,19,43,2,64,0,4,39,6,49,0,23,82,8,113,34,8,42,155
11/26/2013,STP,MN,AGL,CE,Towers with Radar,0,16,46,1,63,0,4,18,26,48,0,20,64,27,111,6,0,6,117
11/27/2013,STP,MN,AGL,CE,Towers with Radar,0,12,48,1,61,0,5,26,18,49,0,17,74,19,110,26,0,26,136
11/28/2013,STP,MN,AGL,CE,Towers with Radar,0,3,2,0,5,0,3,10,0,13,0,6,12,0,18,0,0,0,18
11/29/2013,STP,MN,AGL,CE,Towers with Radar,0,11,7,0,18,0,4,37,1,42,0,15,44,1,60,40,0,40,100
11/30/2013,STP,MN,AGL,CE,Towers with Radar,0,9,16,0,25,0,0,50,0,50,0,9,66,0,75,120,0,120,195
12/01/2013,STP,MN,AGL,CE,Towers with Radar,0,12,55,0,67,0,0,37,0,37,0,12,92,0,104,52,0,52,156
12/02/2013,STP,MN,AGL,CE,Towers with Radar,0,15,51,2,68,0,0,0,0,0,0,15,51,2,68,0,0,0,68
12/03/2013,STP,MN,AGL,CE,Towers with Radar,0,16,33,0,49,0,0,0,0,0,0,16,33,0,49,0,0,0,49
12/04/2013,STP,MN,AGL,CE,Towers with Radar,0,8,30,0,38,0,0,0,0,0,0,8,30,0,38,0,0,0,38
12/05/2013,STP,MN,AGL,CE,Towers with Radar,0,14,60,9,83,0,15,9,20,44,0,29,69,29,127,2,24,26,153
12/06/2013,STP,MN,AGL,CE,Towers with Radar,0,8,46,0,54,0,4,40,6,50,0,12,86,6,104,46,0,46,150
12/07/2013,STP,MN,AGL,CE,Towers with Radar,0,12,21,0,33,0,7,13,0,20,0,19,34,0,53,28,0,28,81
12/08/2013,STP,MN,AGL,CE,Towers with Radar,0,9,36,0,45,0,0,0,0,0,0,9,36,0,45,0,0,0,45
12/09/2013,STP,MN,AGL,CE,Towers with Radar,0,22,53,2,77,0,2,17,5,24,0,24,70,7,101,32,6,38,139
12/10/2013,STP,MN,AGL,CE,Towers with Radar,0,17,51,2,70,0,7,24,38,69,0,24,75,40,139,62,52,114,253
12/11/2013,STP,MN,AGL,CE,Towers with Radar,0,14,63,0,77,0,3,37,40,80,0,17,100,40,157,66,56,122,279
12/12/2013,STP,MN,AGL,CE,Towers with Radar,0,22,51,1,74,0,10,28,28,66,0,32,79,29,140,98,12,110,250
12/13/2013,STP,MN,AGL,CE,Towers with Radar,0,12,42,0,54,0,9,26,8,43,0,21,68,8,97,52,12,64,161
12/14/2013,STP,MN,AGL,CE,Towers with Radar,0,15,17,1,33,0,0,15,15,30,0,15,32,16,63,50,26,76,139
12/15/2013,STP,MN,AGL,CE,Towers with Radar,0,9,25,0,34,0,0,21,0,21,0,9,46,0,55,34,0,34,89
12/16/2013,STP,MN,AGL,CE,Towers with Radar,0,11,43,1,55,0,2,8,0,10,0,13,51,1,65,6,0,6,71
12/17/2013,STP,MN,AGL,CE,Towers with Radar,0,15,41,6,62,0,7,23,27,57,0,22,64,33,119,26,74,100,219
12/18/2013,STP,MN,AGL,CE,Towers with Radar,0,22,60,2,84,0,11,54,19,84,0,33,114,21,168,56,40,96,264
12/19/2013,STP,MN,AGL,CE,Towers with Radar,0,16,65,4,85,0,10,24,16,50,0,26,89,20,135,72,46,118,253
12/20/2013,STP,MN,AGL,CE,Towers with Radar,1,15,43,4,63,0,3,29,7,39,1,18,72,11,102,46,30,76,178
12/21/2013,STP,MN,AGL,CE,Towers with Radar,0,16,19,0,35,0,4,26,0,30,0,20,45,0,65,58,0,58,123
12/22/2013,STP,MN,AGL,CE,Towers with Radar,0,9,14,0,23,0,0,5,0,5,0,9,19,0,28,0,0,0,28
12/23/2013,STP,MN,AGL,CE,Towers with Radar,0,24,32,0,56,0,4,28,8,40,0,28,60,8,96,36,24,60,156
12/24/2013,STP,MN,AGL,CE,Towers with Radar,0,11,6,0,17,0,0,10,0,10,0,11,16,0,27,22,0,22,49
12/25/2013,STP,MN,AGL,CE,Towers with Radar,0,4,4,0,8,0,4,2,0,6,0,8,6,0,14,0,0,0,14
12/26/2013,STP,MN,AGL,CE,Towers with Radar,0,6,15,4,25,0,2,18,28,48,0,8,33,32,73,28,76,104,177
12/27/2013,STP,MN,AGL,CE,Towers with Radar,0,14,21,0,35,0,5,37,6,48,0,19,58,6,83,58,0,58,141
12/28/2013,STP,MN,AGL,CE,Towers with Radar,0,10,22,0,32,0,0,33,0,33,0,10,55,0,65,106,0,106,171
12/29/2013,STP,MN,AGL,CE,Towers with Radar,0,3,26,0,29,0,5,9,0,14,0,8,35,0,43,0,0,0,43
12/30/2013,STP,MN,AGL,CE,Towers with Radar,0,6,21,0,27,0,0,2,0,2,0,6,23,0,29,4,0,4,33
12/31/2013,STP,MN,AGL,CE,Towers with Radar,0,10,17,0,27,0,7,30,18,55,0,17,47,18,82,36,52,88,170
01/01/2014,STP,MN,AGL,CE,Towers with Radar,0,9,9,0,18,0,0,7,0,7,0,9,16,0,25,0,0,0,25
01/02/2014,STP,MN,AGL,CE,Towers with Radar,0,14,23,3,40,0,10,42,28,80,0,24,65,31,120,86,60,146,266
01/03/2014,STP,MN,AGL,CE,Towers with Radar,0,10,24,1,35,0,0,4,6,10,0,10,28,7,45,0,6,6,51
01/04/2014,STP,MN,AGL,CE,Towers with Radar,0,11,21,3,35,0,5,26,0,31,0,16,47,3,66,20,0,20,86
01/05/2014,STP,MN,AGL,CE,Towers with Radar,0,12,23,0,35,0,10,0,0,10,0,22,23,0,45,0,0,0,45
01/06/2014,STP,MN,AGL,CE,Towers with Radar,0,19,29,0,48,0,2,1,0,3,0,21,30,0,51,0,0,0,51
01/07/2014,STP,MN,AGL,CE,Towers with Radar,0,17,47,4,68,0,4,17,10,31,0,21,64,14,99,0,18,18,117
01/08/2014,STP,MN,AGL,CE,Towers with Radar,0,15,49,3,67,0,16,27,27,70,0,31,76,30,137,24,40,64,201
01/09/2014,STP,MN,AGL,CE,Towers with Radar,0,21,46,2,69,0,10,43,34,87,0,31,89,36,156,70,130,200,356
01/10/2014,STP,MN,AGL,CE,Towers with Radar,0,16,16,2,34,0,0,0,0,0,0,16,16,2,34,0,0,0,34
01/11/2014,STP,MN,AGL,CE,Towers with Radar,0,6,25,8,39,0,1,10,0,11,0,7,35,8,50,14,0,14,64
01/12/2014,STP,MN,AGL,CE,Towers with Radar,0,9,15,2,26,0,5,20,5,30,0,14,35,7,56,50,0,50,106
01/13/2014,STP,MN,AGL,CE,Towers with Radar,0,13,48,0,61,0,11,36,0,47,0,24,84,0,108,98,0,98,206
01/14/2014,STP,MN,AGL,CE,Towers with Radar,0,12,29,3,44,0,9,9,10,28,0,21,38,13,72,8,30,38,110
01/15/2014,STP,MN,AGL,CE,Towers with Radar,0,13,34,1,48,0,0,9,12,21,0,13,43,13,69,0,28,28,97
01/16/2014,STP,MN,AGL,CE,Towers with Radar,0,13,31,0,44,0,0,2,6,8,0,13,33,6,52,0,12,12,64
01/17/2014,STP,MN,AGL,CE,Towers with Radar,0,17,51,1,69,0,8,28,12,48,0,25,79,13,117,46,14,60,177
01/18/2014,STP,MN,AGL,CE,Towers with Radar,0,8,11,0,19,0,3,16,0,19,0,11,27,0,38,10,0,10,48
01/19/2014,STP,MN,AGL,CE,Towers with Radar,0,4,18,0,22,0,1,30,0,31,0,5,48,0,53,52,0,52,105
01/20/2014,STP,MN,AGL,CE,Towers with Radar,0,14,32,0,46,0,7,10,0,17,0,21,42,0,63,0,0,0,63
01/21/2014,STP,MN,AGL,CE,Towers with Radar,0,23,47,10,80,0,6,19,16,41,0,29,66,26,121,50,78,128,249
01/22/2014,STP,MN,AGL,CE,Towers with Radar,0,23,39,2,64,0,2,2,0,4,0,25,41,2,68,0,0,0,68
01/23/2014,STP,MN,AGL,CE,Towers with Radar,0,18,51,2,71,0,3,9,12,24,0,21,60,14,95,0,0,0,95
01/24/2014,STP,MN,AGL,CE,Towers with Radar,0,11,29,0,40,0,3,5,7,15,0,14,34,7,55,18,8,26,81
01/25/2014,STP,MN,AGL,CE,Towers with Radar,0,6,29,0,35,0,4,17,1,22,0,10,46,1,57,26,0,26,83
01/26/2014,STP,MN,AGL,CE,Towers with Radar,0,5,16,0,21,0,1,0,0,1,0,6,16,0,22,0,0,0,22
01/27/2014,STP,MN,AGL,CE,Towers with Radar,0,13,31,0,44,0,2,13,0,15,0,15,44,0,59,0,0,0,59
01/28/2014,STP,MN,AGL,CE,Towers with Radar,0,22,45,1,68,0,3,9,16,28,0,25,54,17,96,2,32,34,130
01/29/2014,STP,MN,AGL,CE,Towers with Radar,0,20,60,4,84,0,16,61,23,100,0,36,121,27,184,60,74,134,318
01/30/2014,STP,MN,AGL,CE,Towers with Radar,0,14,32,4,50,0,4,3,12,19,0,18,35,16,69,0,24,24,93
01/31/2014,STP,MN,AGL,CE,Towers with Radar,0,21,49,0,70,0,14,40,13,67,0,35,89,13,137,92,30,122,259
02/01/2014,STP,MN,AGL,CE,Towers with Radar,0,17,27,0,44,0,9,35,0,44,0,26,62,0,88,66,0,66,154
02/02/2014,STP,MN,AGL,CE,Towers with Radar,0,8,22,0,30,0,3,22,0,25,0,11,44,0,55,30,0,30,85
02/03/2014,STP,MN,AGL,CE,Towers with Radar,0,16,45,3,64,0,9,31,1,41,0,25,76,4,105,64,0,64,169
02/04/2014,STP,MN,AGL,CE,Towers with Radar,0,12,32,5,49,0,10,28,16,54,0,22,60,21,103,38,66,104,207
02/05/2014,STP,MN,AGL,CE,Towers with Radar,0,10,42,3,55,0,3,31,14,48,0,13,73,17,103,12,12,24,127
02/06/2014,STP,MN,AGL,CE,Towers with Radar,0,11,46,3,60,0,11,30,19,60,0,22,76,22,120,46,8,54,174
02/07/2014,STP,MN,AGL,CE,Towers with Radar,0,15,15,2,32,0,19,41,13,73,0,34,56,15,105,58,34,92,197
02/08/2014,STP,MN,AGL,CE,Towers with Radar,0,8,15,3,26,0,14,6,12,32,0,22,21,15,58,6,4,10,68
02/09/2014,STP,MN,AGL,CE,Towers with Radar,0,9,41,1,51,0,14,19,4,37,0,23,60,5,88,26,8,34,122
02/10/2014,STP,MN,AGL,CE,Towers with Radar,0,17,46,0,63,0,7,17,0,24,0,24,63,0,87,54,0,54,141
02/11/2014,STP,MN,AGL,CE,Towers with Radar,0,18,35,1,54,0,3,38,4,45,0,21,73,5,99,86,34,120,219
02/12/2014,STP,MN,AGL,CE,Towers with Radar,0,18,40,5,63,0,7,15,19,41,0,25,55,24,104,36,30,66,170
02/13/2014,STP,MN,AGL,CE,Towers with Radar,0,11,37,6,54,0,2,3,8,13,0,13,40,14,67,0,6,6,73
02/14/2014,STP,MN,AGL,CE,Towers with Radar,0,21,27,7,55,0,14,42,4,60,0,35,69,11,115,84,32,116,231
02/15/2014,STP,MN,AGL,CE,Towers with Radar,0,9,10,0,19,0,0,6,0,6,0,9,16,0,25,6,0,6,31
02/16/2014,STP,MN,AGL,CE,Towers with Radar,0,8,20,0,28,0,1,38,0,39,0,9,58,0,67,36,0,36,103
02/17/2014,STP,MN,AGL,CE,Towers with Radar,0,12,25,0,37,0,0,0,0,0,0,12,25,0,37,0,0,0,37
02/18/2014,STP,MN,AGL,CE,Towers with Radar,0,24,43,4,71,0,7,33,13,53,0,31,76,17,124,42,42,84,208
02/19/2014,STP,MN,AGL,CE,Towers with Radar,0,12,49,0,61,0,21,22,21,64,0,33,71,21,125,54,4,58,183
02/20/2014,STP,MN,AGL,CE,Towers with Radar,0,6,20,0,26,0,0,0,0,0,0,6,20,0,26,0,0,0,26
02/21/2014,STP,MN,AGL,CE,Towers with Radar,0,8,19,2,29,0,4,12,4,20,0,12,31,6,49,0,0,0,49
02/22/2014,STP,MN,AGL,CE,Towers with Radar,0,13,24,0,37,0,33,38,3,74,0,46,62,3,111,10,0,10,121
02/23/2014,STP,MN,AGL,CE,Towers with Radar,0,8,34,0,42,0,13,15,0,28,0,21,49,0,70,14,0,14,84
02/24/2014,STP,MN,AGL,CE,Towers with Radar,0,9,48,0,57,0,7,20,0,27,0,16,68,0,84,18,0,18,102
02/25/2014,STP,MN,AGL,CE,Towers with Radar,0,22,43,3,68,0,3,33,40,76,0,25,76,43,144,66,90,156,300
02/26/2014,STP,MN,AGL,CE,Towers with Radar,0,13,46,0,59,0,6,8,2,16,0,19,54,2,75,0,34,34,109
02/27/2014,STP,MN,AGL,CE,Towers with Radar,0,18,57,2,77,0,7,36,28,71,0,25,93,30,148,28,92,120,268
02/28/2014,STP,MN,AGL,CE,Towers with Radar,0,12,34,2,48,0,4,14,13,31,0,16,48,15,79,20,8,28,107
03/01/2014,STP,MN,AGL,CE,Towers with Radar,0,3,11,0,14,0,25,24,0,49,0,28,35,0,63,42,0,42,105
03/02/2014,STP,MN,AGL,CE,Towers with Radar,0,5,15,0,20,0,4,22,0,26,0,9,37,0,46,0,0,0,46
03/03/2014,STP,MN,AGL,CE,Towers with Radar,0,9,30,4,43,0,1,14,7,22,0,10,44,11,65,6,10,16,81
03/04/2014,STP,MN,AGL,CE,Towers with Radar,0,7,28,2,37,0,9,22,22,53,0,16,50,24,90,30,12,42,132
03/05/2014,STP,MN,AGL,CE,Towers with Radar,0,12,62,6,80,0,0,38,17,55,0,12,100,23,135,60,22,82,217
03/06/2014,STP,MN,AGL,CE,Towers with Radar,0,12,40,2,54,0,8,28,2,38,0,20,68,4,92,70,0,70,162
03/07/2014,STP,MN,AGL,CE,Towers with Radar,0,13,34,0,47,0,0,1,0,1,0,13,35,0,48,0,0,0,48
03/08/2014,STP,MN,AGL,CE,Towers with Radar,0,15,26,0,41,0,9,56,17,82,0,24,82,17,123,66,13,79,202
03/09/2014,STP,MN,AGL,CE,Towers with Radar,0,2,30,0,32,0,6,24,0,30,0,8,54,0,62,36,0,36,98
03/10/2014,STP,MN,AGL,CE,Towers with Radar,0,9,31,0,40,0,12,39,0,51,0,21,70,0,91,76,6,82,173
03/11/2014,STP,MN,AGL,CE,Towers with Radar,0,21,51,1,73,0,8,38,13,59,0,29,89,14,132,90,2,92,224
03/12/2014,STP,MN,AGL,CE,Towers with Radar,0,19,38,0,57,0,17,70,31,118,0,36,108,31,175,124,60,184,359
03/13/2014,STP,MN,AGL,CE,Towers with Radar,0,17,55,7,79,0,13,51,28,92,0,30,106,35,171,56,10,66,237
03/14/2014,STP,MN,AGL,CE,Towers with Radar,0,24,36,2,62,0,7,32,12,51,0,31,68,14,113,34,28,62,175
03/15/2014,STP,MN,AGL,CE,Towers with Radar,0,11,25,0,36,0,15,36,0,51,0,26,61,0,87,68,0,68,155
03/16/2014,STP,MN,AGL,CE,Towers with Radar,0,6,26,0,32,0,17,36,0,53,0,23,62,0,85,38,0,38,123
03/17/2014,STP,MN,AGL,CE,Towers with Radar,0,21,40,0,61,0,12,30,10,52,0,33,70,10,113,114,8,122,235
03/18/2014,STP,MN,AGL,CE,Towers with Radar,0,10,40,0,50,0,1,9,2,12,0,11,49,2,62,0,0,0,62
03/19/2014,STP,MN,AGL,CE,Towers with Radar,0,11,41,4,56,0,8,10,13,31,0,19,51,17,87,0,18,18,105
03/20/2014,STP,MN,AGL,CE,Towers with Radar,0,8,46,7,61,0,7,43,29,79,0,15,89,36,140,46,64,110,250
03/21/2014,STP,MN,AGL,CE,Towers with Radar,0,8,33,0,41,0,0,9,0,9,0,8,42,0,50,32,0,32,82
03/22/2014,STP,MN,AGL,CE,Towers with Radar,0,6,37,0,43,0,5,35,23,63,0,11,72,23,106,88,12,100,206
03/23/2014,STP,MN,AGL,CE,Towers with Radar,0,10,27,4,41,0,6,24,0,30,0,16,51,4,71,70,0,70,141
03/24/2014,STP,MN,AGL,CE,Towers with Radar,0,8,36,2,46,0,1,3,0,4,0,9,39,2,50,0,0,0,50
03/25/2014,STP,MN,AGL,CE,Towers with Radar,0,20,56,6,82,0,6,44,14,64,0,26,100,20,146,78,42,120,266
03/26/2014,STP,MN,AGL,CE,Towers with Radar,0,15,42,4,61,0,9,26,16,51,0,24,68,20,112,34,44,78,190
03/27/2014,STP,MN,AGL,CE,Towers with Radar,0,14,37,0,51,0,0,0,0,0,0,14,37,0,51,0,0,0,51
03/28/2014,STP,MN,AGL,CE,Towers with Radar,0,9,51,8,68,0,7,49,12,68,0,16,100,20,136,122,18,140,276
03/29/2014,STP,MN,AGL,CE,Towers with Radar,2,16,9,0,27,0,11,61,4,76,2,27,70,4,103,126,0,126,229
03/30/2014,STP,MN,AGL,CE,Towers with Radar,0,8,31,0,39,0,4,30,0,34,0,12,61,0,73,48,0,48,121
03/31/2014,STP,MN,AGL,CE,Towers with Radar,0,5,47,0,52,0,10,23,10,43,0,15,70,10,95,58,20,78,173
04/01/2014,STP,MN,AGL,CE,Towers with Radar,0,20,46,1,67,0,20,29,25,74,0,40,75,26,141,54,78,132,273
04/02/2014,STP,MN,AGL,CE,Towers with Radar,0,12,70,4,86,0,25,51,17,93,0,37,121,21,179,132,8,140,319
04/03/2014,STP,MN,AGL,CE,Towers with Radar,0,8,32,0,40,0,0,5,7,12,0,8,37,7,52,16,54,70,122
04/04/2014,STP,MN,AGL,CE,Towers with Radar,0,11,38,2,51,0,18,22,9,49,0,29,60,11,100,10,22,32,132
04/05/2014,STP,MN,AGL,CE,Towers with Radar,0,12,22,0,34,0,15,55,16,86,0,27,77,16,120,72,32,104,224
04/06/2014,STP,MN,AGL,CE,Towers with Radar,0,10,33,0,43,0,9,26,2,37,0,19,59,2,80,42,0,42,122
04/07/2014,STP,MN,AGL,CE,Towers with Radar,0,15,38,0,53,0,1,11,0,12,0,16,49,0,65,20,0,20,85
04/08/2014,STP,MN,AGL,CE,Towers with Radar,0,9,48,1,58,0,17,31,20,68,0,26,79,21,126,48,30,78,204
04/09/2014,STP,MN,AGL,CE,Towers with Radar,0,15,63,1,79,0,8,42,18,68,0,23,105,19,147,40,24,64,211
04/10/2014,STP,MN,AGL,CE,Towers with Radar,0,10,65,6,81,0,24,36,25,85,0,34,101,31,166,90,34,124,290
04/11/2014,STP,MN,AGL,CE,Towers with Radar,0,17,42,4,63,0,6,40,10,56,0,23,82,14,119,66,8,74,193
04/12/2014,STP,MN,AGL,CE,Towers with Radar,0,2,20,0,22,0,12,25,10,47,0,14,45,10,69,16,4,20,89
04/13/2014,STP,MN,AGL,CE,Towers with Radar,0,9,16,1,26,0,3,4,1,8,0,12,20,2,34,0,0,0,34
04/14/2014,STP,MN,AGL,CE,Towers with Radar,0,7,46,10,63,0,11,35,18,64,0,18,81,28,127,72,18,90,217
04/15/2014,STP,MN,AGL,CE,Towers with Radar,0,16,39,5,60,0,16,84,30,130,0,32,123,35,190,148,96,244,434
04/16/2014,STP,MN,AGL,CE,Towers with Radar,0,19,35,1,55,0,0,4,0,4,0,19,39,1,59,0,0,0,59
04/17/2014,STP,MN,AGL,CE,Towers with Radar,0,12,66,6,84,0,9,28,11,48,0,21,94,17,132,28,30,58,190
04/18/2014,STP,MN,AGL,CE,Towers with Radar,0,14,45,2,61,0,4,39,0,43,0,18,84,2,104,48,6,54,158
04/19/2014,STP,MN,AGL,CE,Towers with Radar,0,11,15,0,26,0,0,23,0,23,0,11,38,0,49,24,0,24,73
04/20/2014,STP,MN,AGL,CE,Towers with Radar,0,7,29,0,36,0,4,27,0,31,0,11,56,0,67,46,0,46,113
04/21/2014,STP,MN,AGL,CE,Towers with Radar,0,11,54,0,65,0,24,60,0,84,0,35,114,0,149,102,0,102,251
04/22/2014,STP,MN,AGL,CE,Towers with Radar,0,9,53,6,68,0,13,39,17,69,0,22,92,23,137,88,72,160,297
04/23/2014,STP,MN,AGL,CE,Towers with Radar,0,7,57,3,67,0,5,30,30,65,0,12,87,33,132,34,122,156,288
04/24/2014,STP,MN,AGL,CE,Towers with Radar,0,15,53,4,72,0,0,6,5,11,0,15,59,9,83,4,44,48,131
04/25/2014,STP,MN,AGL,CE,Towers with Radar,0,17,58,2,77,0,15,33,10,58,0,32,91,12,135,24,28,52,187
04/26/2014,STP,MN,AGL,CE,Towers with Radar,0,15,28,0,43,0,8,53,0,61,0,23,81,0,104,38,0,38,142
04/27/2014,STP,MN,AGL,CE,Towers with Radar,0,3,16,0,19,0,0,0,0,0,0,3,16,0,19,0,0,0,19
04/28/2014,STP,MN,AGL,CE,Towers with Radar,0,15,28,0,43,0,9,6,6,21,0,24,34,6,64,0,40,40,104
04/29/2014,STP,MN,AGL,CE,Towers with Radar,0,12,51,2,65,0,0,0,0,0,0,12,51,2,65,0,0,0,65
04/30/2014,STP,MN,AGL,CE,Towers with Radar,0,13,49,9,71,0,9,5,12,26,0,22,54,21,97,0,60,60,157
05/01/2014,STP,MN,AGL,CE,Towers with Radar,0,9,42,5,56,0,22,23,13,58,0,31,65,18,114,48,18,66,180
05/02/2014,STP,MN,AGL,CE,Towers with Radar,0,12,47,0,59,0,9,59,0,68,0,21,106,0,127,36,0,36,163
05/03/2014,STP,MN,AGL,CE,Towers with Radar,0,7,23,0,30,0,12,19,11,42,0,19,42,11,72,38,0,38,110
05/04/2014,STP,MN,AGL,CE,Towers with Radar,0,8,27,0,35,0,2,55,4,61,0,10,82,4,96,129,0,129,225
05/05/2014,STP,MN,AGL,CE,Towers with Radar,0,13,70,0,83,0,8,68,0,76,0,21,138,0,159,140,0,140,299
05/06/2014,STP,MN,AGL,CE,Towers with Radar,0,20,57,0,77,0,6,30,5,41,0,26,87,5,118,60,0,60,178
05/07/2014,STP,MN,AGL,CE,Towers with Radar,0,29,68,0,97,0,3,21,12,36,0,32,89,12,133,32,0,32,165
05/08/2014,STP,MN,AGL,CE,Towers with Radar,0,18,40,0,58,0,3,5,0,8,0,21,45,0,66,0,0,0,66
05/09/2014,STP,MN,AGL,CE,Towers with Radar,0,12,62,3,77,0,0,12,1,13,0,12,74,4,90,0,0,0,90
05/10/2014,STP,MN,AGL,CE,Towers with Radar,0,6,30,0,36,0,9,53,0,62,0,15,83,0,98,124,0,124,222
05/11/2014,STP,MN,AGL,CE,Towers with Radar,0,6,26,0,32,0,6,13,0,19,0,12,39,0,51,34,0,34,85
05/12/2014,STP,MN,AGL,CE,Towers with Radar,0,11,48,0,59,0,3,3,0,6,0,14,51,0,65,0,0,0,65
05/13/2014,STP,MN,AGL,CE,Towers with Radar,0,15,57,1,73,0,9,31,11,51,0,24,88,12,124,36,10,46,170
05/14/2014,STP,MN,AGL,CE,Towers with Radar,0,6,41,0,47,0,6,42,8,56,0,12,83,8,103,100,16,116,219
05/15/2014,STP,MN,AGL,CE,Towers with Radar,0,6,53,3,62,0,8,51,17,76,0,14,104,20,138,128,38,166,304
05/16/2014,STP,MN,AGL,CE,Towers with Radar,0,14,58,2,74,0,4,78,0,82,0,18,136,2,156,122,0,122,278
05/17/2014,STP,MN,AGL,CE,Towers with Radar,0,7,21,0,28,0,19,73,0,92,0,26,94,0,120,60,0,60,180
05/18/2014,STP,MN,AGL,CE,Towers with Radar,2,13,44,0,59,0,7,47,2,56,2,20,91,2,115,46,0,46,161
05/19/2014,STP,MN,AGL,CE,Towers with Radar,0,10,57,3,70,0,2,3,0,5,0,12,60,3,75,0,0,0,75
05/20/2014,STP,MN,AGL,CE,Towers with Radar,0,5,77,10,92,0,8,42,10,60,0,13,119,20,152,104,8,112,264
05/21/2014,STP,MN,AGL,CE,Towers with Radar,0,9,53,1,63,0,14,60,34,108,0,23,113,35,171,100,22,122,293
05/22/2014,STP,MN,AGL,CE,Towers with Radar,0,14,73,8,95,0,15,56,13,84,0,29,129,21,179,86,22,108,287
05/23/2014,STP,MN,AGL,CE,Towers with Radar,0,16,45,5,66,0,32,75,6,113,0,48,120,11,179,96,38,134,313
05/24/2014,STP,MN,AGL,CE,Towers with Radar,0,3,11,0,14,0,20,58,0,78,0,23,69,0,92,114,0,114,206
05/25/2014,STP,MN,AGL,CE,Towers with Radar,0,7,11,1,19,0,0,37,0,37,0,7,48,1,56,84,0,84,140
05/26/2014,STP,MN,AGL,CE,Towers with Radar,0,9,24,0,33,0,8,28,0,36,0,17,52,0,69,110,0,110,179
05/27/2014,STP,MN,AGL,CE,Towers with Radar,0,5,52,9,66,0,7,23,9,39,0,12,75,18,105,42,40,82,187
05/28/2014,STP,MN,AGL,CE,Towers with Radar,0,13,75,2,90,0,28,81,23,132,0,41,156,25,222,116,78,194,416
05/29/2014,STP,MN,AGL,CE,Towers with Radar,0,21,83,1,105,0,12,68,14,94,0,33,151,15,199,112,0,112,311
05/30/2014,STP,MN,AGL,CE,Towers with Radar,0,11,35,2,48,0,13,83,8,104,0,24,118,10,152,88,0,88,240
05/31/2014,STP,MN,AGL,CE,Towers with Radar,0,6,7,0,13,0,7,37,0,44,0,13,44,0,57,22,0,22,79
06/01/2014,STP,MN,AGL,CE,Towers with Radar,0,9,22,0,31,0,3,10,3,16,0,12,32,3,47,28,0,28,75
06/02/2014,STP,MN,AGL,CE,Towers with Radar,0,11,51,4,66,0,24,30,0,54,0,35,81,4,120,72,0,72,192
06/03/2014,STP,MN,AGL,CE,Towers with Radar,0,15,58,4,77,0,16,57,18,91,0,31,115,22,168,134,92,226,394
06/04/2014,STP,MN,AGL,CE,Towers with Radar,0,11,57,1,69,0,20,58,25,103,0,31,115,26,172,126,92,218,390
06/05/2014,STP,MN,AGL,CE,Towers with Radar,0,11,45,0,56,0,13,39,11,63,0,24,84,11,119,86,14,100,219
06/06/2014,STP,MN,AGL,CE,Towers with Radar,0,15,49,1,65,0,17,52,9,78,0,32,101,10,143,94,18,112,255
06/07/2014,STP,MN,AGL,CE,Towers with Radar,0,2,25,0,27,0,5,2,0,7,0,7,27,0,34,2,0,2,36
06/08/2014,STP,MN,AGL,CE,Towers with Radar,0,5,31,0,36,0,5,60,0,65,0,10,91,0,101,148,0,148,249
06/09/2014,STP,MN,AGL,CE,Towers with Radar,0,7,57,3,67,0,6,44,12,62,0,13,101,15,129,70,8,78,207
06/10/2014,STP,MN,AGL,CE,Towers with Radar,0,19,72,5,96,0,16,49,16,81,0,35,121,21,177,126,76,202,379
06/11/2014,STP,MN,AGL,CE,Towers with Radar,0,10,67,2,79,0,18,64,9,91,0,28,131,11,170,174,42,216,386
06/12/2014,STP,MN,AGL,CE,Towers with Radar,0,11,65,9,85,0,6,52,5,63,0,17,117,14,148,134,16,150,298
06/13/2014,STP,MN,AGL,CE,Towers with Radar,0,13,60,6,79,0,26,68,5,99,0,39,128,11,178,122,0,122,300
06/14/2014,STP,MN,AGL,CE,Towers with Radar,0,7,21,0,28,0,0,1,0,1,0,7,22,0,29,0,0,0,29
06/15/2014,STP,MN,AGL,CE,Towers with Radar,0,9,32,0,41,0,0,26,0,26,0,9,58,0,67,14,0,14,81
06/16/2014,STP,MN,AGL,CE,Towers with Radar,0,8,41,1,50,0,8,29,0,37,0,16,70,1,87,96,0,96,183
06/17/2014,STP,MN,AGL,CE,Towers with Radar,0,24,76,7,107,0,6,53,7,66,0,30,129,14,173,124,48,172,345
06/18/2014,STP,MN,AGL,CE,Towers with Radar,0,14,56,2,72,0,25,56,11,92,0,39,112,13,164,98,34,132,296
06/19/2014,STP,MN,AGL,CE,Towers with Radar,0,14,44,0,58,0,1,9,1,11,0,15,53,1,69,0,0,0,69
06/20/2014,STP,MN,AGL,CE,Towers with Radar,0,13,55,4,72,0,20,65,13,98,0,33,120,17,170,66,28,94,264
06/21/2014,STP,MN,AGL,CE,Towers with Radar,0,6,30,0,36,0,6,65,0,71,0,12,95,0,107,82,0,82,189
06/22/2014,STP,MN,AGL,CE,Towers with Radar,0,7,28,0,35,0,3,28,0,31,0,10,56,0,66,26,0,26,92
06/23/2014,STP,MN,AGL,CE,Towers with Radar,0,18,53,3,74,0,9,40,8,57,0,27,93,11,131,106,0,106,237
06/24/2014,STP,MN,AGL,CE,Towers with Radar,0,10,59,1,70,0,6,56,10,72,0,16,115,11,142,110,26,136,278
06/25/2014,STP,MN,AGL,CE,Towers with Radar,0,10,72,1,83,0,11,38,12,61,0,21,110,13,144,84,32,116,260
06/26/2014,STP,MN,AGL,CE,Towers with Radar,0,8,28,0,36,0,11,25,2,38,0,19,53,2,74,30,0,30,104
06/27/2014,STP,MN,AGL,CE,Towers with Radar,0,8,35,0,43,0,7,34,3,44,0,15,69,3,87,12,0,12,99
06/28/2014,STP,MN,AGL,CE,Towers with Radar,0,8,9,0,17,0,4,5,0,9,0,12,14,0,26,0,0,0,26
06/29/2014,STP,MN,AGL,CE,Towers with Radar,0,6,21,0,27,0,1,10,0,11,0,7,31,0,38,0,0,0,38
06/30/2014,STP,MN,AGL,CE,Towers with Radar,0,6,36,0,42,0,12,56,0,68,0,18,92,0,110,150,0,150,260
07/01/2014,STP,MN,AGL,CE,Towers with Radar,0,8,47,0,55,0,11,31,18,60,0,19,78,18,115,54,40,94,209
07/02/2014,STP,MN,AGL,CE,Towers with Radar,0,14,36,0,50,0,2,37,6,45,0,16,73,6,95,94,0,94,189
07/03/2014,STP,MN,AGL,CE,Towers with Radar,0,9,35,0,44,0,23,78,3,104,0,32,113,3,148,134,16,150,298
07/04/2014,STP,MN,AGL,CE,Towers with Radar,0,3,10,0,13,0,12,21,0,33,0,15,31,0,46,40,0,40,86
07/05/2014,STP,MN,AGL,CE,Towers with Radar,0,2,15,0,17,0,2,17,0,19,0,4,32,0,36,24,0,24,60
07/06/2014,STP,MN,AGL,CE,Towers with Radar,0,17,33,0,50,0,0,6,0,6,0,17,39,0,56,8,0,8,64
07/07/2014,STP,MN,AGL,CE,Towers with Radar,0,9,42,0,51,0,6,28,2,36,0,15,70,2,87,58,0,58,145
07/08/2014,STP,MN,AGL,CE,Towers with Radar,0,14,45,0,59,0,13,49,10,72,0,27,94,10,131,80,64,144,275
07/09/2014,STP,MN,AGL,CE,Towers with Radar,0,13,55,3,71,0,17,60,21,98,0,30,115,24,169,94,24,118,287
07/10/2014,STP,MN,AGL,CE,Towers with Radar,0,12,67,0,79,0,18,70,6,94,0,30,137,6,173,144,22,166,339
07/11/2014,STP,MN,AGL,CE,Towers with Radar,0,6,37,0,43,0,0,44,0,44,0,6,81,0,87,30,0,30,117
07/12/2014,STP,MN,AGL,CE,Towers with Radar,0,6,22,0,28,0,0,6,0,6,0,6,28,0,34,24,0,24,58
07/13/2014,STP,MN,AGL,CE,Towers with Radar,0,15,37,0,52,0,1,33,2,36,0,16,70,2,88,56,2,58,146
07/14/2014,STP,MN,AGL,CE,Towers with Radar,0,13,50,0,63,0,0,32,0,32,0,13,82,0,95,12,0,12,107
07/15/2014,STP,MN,AGL,CE,Towers with Radar,0,19,46,5,70,0,13,55,7,75,0,32,101,12,145,68,10,78,223
07/16/2014,STP,MN,AGL,CE,Towers with Radar,0,11,60,5,76,0,11,70,8,89,0,22,130,13,165,102,10,112,277
07/17/2014,STP,MN,AGL,CE,Towers with Radar,0,9,68,0,77,0,42,66,9,117,0,51,134,9,194,120,28,148,342
07/18/2014,STP,MN,AGL,CE,Towers with Radar,0,8,43,0,51,0,6,67,0,73,0,14,110,0,124,54,0,54,178
07/19/2014,STP,MN,AGL,CE,Towers with Radar,0,11,30,0,41,0,12,57,5,74,0,23,87,5,115,104,8,112,227
07/20/2014,STP,MN,AGL,CE,Towers with Radar,0,13,39,0,52,0,10,59,0,69,0,23,98,0,121,124,0,124,245
07/21/2014,STP,MN,AGL,CE,Towers with Radar,0,8,47,0,55,0,3,40,3,46,0,11,87,3,101,6,22,28,129
07/22/2014,STP,MN,AGL,CE,Towers with Radar,0,20,71,0,91,0,19,69,6,94,0,39,140,6,185,136,38,174,359
07/23/2014,STP,MN,AGL,CE,Towers with Radar,0,17,59,0,76,0,22,102,11,135,0,39,161,11,211,158,28,186,397
07/24/2014,STP,MN,AGL,CE,Towers with Radar,0,15,51,1,67,0,16,68,14,98,0,31,119,15,165,146,28,174,339
07/25/2014,STP,MN,AGL,CE,Towers with Radar,0,15,67,4,86,0,6,27,11,44,0,21,94,15,130,52,24,76,206
07/26/2014,STP,MN,AGL,CE,Towers with Radar,0,15,16,0,31,0,7,52,0,59,0,22,68,0,90,70,0,70,160
07/27/2014,STP,MN,AGL,CE,Towers with Radar,0,1,23,0,24,3,4,26,0,33,3,5,49,0,57,24,0,24,81
07/28/2014,STP,MN,AGL,CE,Towers with Radar,0,6,53,2,61,0,20,102,0,122,0,26,155,2,183,146,0,146,329
07/29/2014,STP,MN,AGL,CE,Towers with Radar,0,16,62,0,78,0,14,73,10,97,0,30,135,10,175,168,42,210,385
07/30/2014,STP,MN,AGL,CE,Towers with Radar,0,13,72,2,87,0,55,59,15,129,0,68,131,17,216,48,70,118,334
07/31/2014,STP,MN,AGL,CE,Towers with Radar,0,3,63,0,66,0,26,76,13,115,0,29,139,13,181,112,30,142,323
08/01/2014,STP,MN,AGL,CE,Towers with Radar,0,9,53,4,66,0,5,58,3,66,0,14,111,7,132,86,20,106,238
08/02/2014,STP,MN,AGL,CE,Towers with Radar,0,9,27,2,38,0,1,40,3,44,0,10,67,5,82,42,0,42,124
08/03/2014,STP,MN,AGL,CE,Towers with Radar,0,6,41,0,47,0,7,31,0,38,0,13,72,0,85,14,0,14,99
08/04/2014,STP,MN,AGL,CE,Towers with Radar,0,13,51,0,64,0,22,44,1,67,0,35,95,1,131,70,0,70,201
08/05/2014,STP,MN,AGL,CE,Towers with Radar,0,7,67,2,76,0,17,61,32,110,0,24,128,34,186,102,102,204,390
08/06/2014,STP,MN,AGL,CE,Towers with Radar,0,14,62,5,81,0,20,65,16,101,0,34,127,21,182,138,70,208,390
08/07/2014,STP,MN,AGL,CE,Towers with Radar,0,18,55,2,75,0,19,66,15,100,0,37,121,17,175,108,40,148,323
08/08/2014,STP,MN,AGL,CE,Towers with Radar,0,10,52,3,65,0,13,81,10,104,0,23,133,13,169,114,4,118,287
08/09/2014,STP,MN,AGL,CE,Towers with Radar,0,2,26,0,28,0,5,32,0,37,0,7,58,0,65,62,0,62,127
08/10/2014,STP,MN,AGL,CE,Towers with Radar,0,5,34,0,39,0,2,45,0,47,0,7,79,0,86,60,0,60,146
08/11/2014,STP,MN,AGL,CE,Towers with Radar,0,12,56,0,68,0,12,25,2,39,0,24,81,2,107,66,0,66,173
08/12/2014,STP,MN,AGL,CE,Towers with Radar,0,14,65,0,79,0,20,64,7,91,0,34,129,7,170,172,34,206,376
08/13/2014,STP,MN,AGL,CE,Towers with Radar,0,16,61,1,78,0,27,77,17,121,0,43,138,18,199,134,32,166,365
08/14/2014,STP,MN,AGL,CE,Towers with Radar,0,10,74,1,85,0,23,82,19,124,0,33,156,20,209,176,52,228,437
08/15/2014,STP,MN,AGL,CE,Towers with Radar,0,5,42,0,47,0,24,68,10,102,0,29,110,10,149,68,52,120,269
08/16/2014,STP,MN,AGL,CE,Towers with Radar,0,4,26,0,30,0,6,25,0,31,0,10,51,0,61,30,0,30,91
08/17/2014,STP,MN,AGL,CE,Towers with Radar,0,10,34,0,44,0,5,17,0,22,0,15,51,0,66,22,0,22,88
08/18/2014,STP,MN,AGL,CE,Towers with Radar,0,9,48,1,58,0,7,25,24,56,0,16,73,25,114,44,54,98,212
08/19/2014,STP,MN,AGL,CE,Towers with Radar,0,12,58,2,72,0,10,62,28,100,0,22,120,30,172,172,120,292,464
08/20/2014,STP,MN,AGL,CE,Towers with Radar,0,10,53,0,63,0,13,60,18,91,0,23,113,18,154,158,36,194,348
08/21/2014,STP,MN,AGL,CE,Towers with Radar,0,14,67,4,85,0,22,32,15,69,0,36,99,19,154,78,52,130,284
08/22/2014,STP,MN,AGL,CE,Towers with Radar,0,4,42,1,47,0,14,22,10,46,0,18,64,11,93,26,18,44,137
08/23/2014,STP,MN,AGL,CE,Towers with Radar,0,5,18,1,24,0,2,14,6,22,0,7,32,7,46,10,8,18,64
08/24/2014,STP,MN,AGL,CE,Towers with Radar,0,3,43,1,47,0,4,30,0,34,0,7,73,1,81,10,0,10,91
08/25/2014,STP,MN,AGL,CE,Towers with Radar,0,10,75,2,87,0,7,49,0,56,0,17,124,2,143,122,0,122,265
08/26/2014,STP,MN,AGL,CE,Towers with Radar,0,14,54,1,69,0,6,61,11,78,0,20,115,12,147,164,62,226,373
08/27/2014,STP,MN,AGL,CE,Towers with Radar,0,17,56,0,73,0,25,78,27,130,0,42,134,27,203,166,106,272,475
08/28/2014,STP,MN,AGL,CE,Towers with Radar,0,7,50,4,61,0,2,57,7,66,0,9,107,11,127,148,14,162,289
08/29/2014,STP,MN,AGL,CE,Towers with Radar,0,7,42,2,51,0,5,21,5,31,0,12,63,7,82,58,0,58,140
08/30/2014,STP,MN,AGL,CE,Towers with Radar,0,3,26,0,29,0,0,22,0,22,0,3,48,0,51,32,0,32,83
08/31/2014,STP,MN,AGL,CE,Towers with Radar,0,5,13,0,18,0,10,19,0,29,0,15,32,0,47,18,0,18,65
09/01/2014,STP,MN,AGL,CE,Towers with Radar,0,4,20,0,24,0,10,52,3,65,0,14,72,3,89,96,10,106,195
09/02/2014,STP,MN,AGL,CE,Towers with Radar,0,6,44,0,50,0,14,61,16,91,0,20,105,16,141,140,44,184,325
09/03/2014,STP,MN,AGL,CE,Towers with Radar,0,10,67,0,77,0,13,26,11,50,0,23,93,11,127,44,6,50,177
09/04/2014,STP,MN,AGL,CE,Towers with Radar,0,16,47,5,68,0,9,20,4,33,0,25,67,9,101,4,14,18,119
09/05/2014,STP,MN,AGL,CE,Towers with Radar,0,8,55,0,63,0,23,75,28,126,0,31,130,28,189,138,32,170,359
09/06/2014,STP,MN,AGL,CE,Towers with Radar,0,12,24,2,38,0,16,71,25,112,0,28,95,27,150,52,22,74,224
09/07/2014,STP,MN,AGL,CE,Towers with Radar,0,3,30,0,33,0,2,39,4,45,0,5,69,4,78,48,6,54,132
09/08/2014,STP,MN,AGL,CE,Towers with Radar,0,11,66,0,77,0,22,59,0,81,0,33,125,0,158,172,0,172,330
09/09/2014,STP,MN,AGL,CE,Towers with Radar,0,28,69,3,100,0,3,70,35,108,0,31,139,38,208,114,92,206,414
09/10/2014,STP,MN,AGL,CE,Towers with Radar,0,18,50,5,73,0,3,6,14,23,0,21,56,19,96,0,0,0,96
09/11/2014,STP,MN,AGL,CE,Towers with Radar,0,13,63,5,81,0,13,64,27,104,0,26,127,32,185,80,68,148,333
09/12/2014,STP,MN,AGL,CE,Towers with Radar,0,12,48,1,61,0,17,58,6,81,0,29,106,7,142,94,8,102,244
09/13/2014,STP,MN,AGL,CE,Towers with Radar,0,2,15,0,17,0,10,49,10,69,0,12,64,10,86,22,8,30,116
09/14/2014,STP,MN,AGL,CE,Towers with Radar,0,13,52,0,65,0,7,45,0,52,0,20,97,0,117,14,0,14,131
09/15/2014,STP,MN,AGL,CE,Towers with Radar,0,8,49,1,58,0,2,36,8,46,0,10,85,9,104,56,0,56,160
09/16/2014,STP,MN,AGL,CE,Towers with Radar,0,12,70,0,82,0,18,64,25,107,0,30,134,25,189,90,40,130,319
09/17/2014,STP,MN,AGL,CE,Towers with Radar,0,11,50,0,61,0,26,64,11,101,0,37,114,11,162,116,64,180,342
09/18/2014,STP,MN,AGL,CE,Towers with Radar,0,16,59,2,77,0,10,41,3,54,0,26,100,5,131,58,0,58,189
09/19/2014,STP,MN,AGL,CE,Towers with Radar,0,18,43,3,64,0,7,25,6,38,0,25,68,9,102,16,0,16,118
09/20/2014,STP,MN,AGL,CE,Towers with Radar,0,8,26,0,34,0,9,31,0,40,0,17,57,0,74,26,0,26,100
09/21/2014,STP,MN,AGL,CE,Towers with Radar,0,10,40,0,50,0,5,26,0,31,0,15,66,0,81,64,0,64,145
09/22/2014,STP,MN,AGL,CE,Towers with Radar,0,15,57,4,76,0,10,52,0,62,0,25,109,4,138,130,0,130,268
09/23/2014,STP,MN,AGL,CE,Towers with Radar,0,6,60,2,68,0,23,43,13,79,0,29,103,15,147,130,78,208,355
09/24/2014,STP,MN,AGL,CE,Towers with Radar,0,11,65,3,79,0,13,40,9,62,0,24,105,12,141,44,24,68,209
09/25/2014,STP,MN,AGL,CE,Towers with Radar,0,8,61,5,74,0,12,48,11,71,0,20,109,16,145,60,24,84,229
09/26/2014,STP,MN,AGL,CE,Towers with Radar,0,5,61,3,69,0,5,53,3,61,0,10,114,6,130,80,0,80,210
09/27/2014,STP,MN,AGL,CE,Towers with Radar,0,5,37,0,42,0,5,46,0,51,0,10,83,0,93,76,0,76,169
09/28/2014,STP,MN,AGL,CE,Towers with Radar,0,8,55,0,63,0,9,27,0,36,0,17,82,0,99,75,0,75,174
09/29/2014,STP,MN,AGL,CE,Towers with Radar,0,10,50,1,61,0,9,10,3,22,0,19,60,4,83,12,14,26,109
09/30/2014,STP,MN,AGL,CE,Towers with Radar,0,19,75,3,97,0,25,54,37,116,0,44,129,40,213,134,74,208,421
10/01/2014,STP,MN,AGL,CE,Towers with Radar,0,10,51,4,65,0,0,0,0,0,0,10,51,4,65,0,0,0,65
10/02/2014,STP,MN,AGL,CE,Towers with Radar,0,11,67,0,78,0,1,0,0,1,0,12,67,0,79,0,0,0,79
10/03/2014,STP,MN,AGL,CE,Towers with Radar,0,9,58,2,69,0,2,2,0,4,0,11,60,2,73,4,0,4,77
10/04/2014,STP,MN,AGL,CE,Towers with Radar,0,7,15,0,22,0,8,14,21,43,0,15,29,21,65,32,84,116,181
10/05/2014,STP,MN,AGL,CE,Towers with Radar,0,7,18,0,25,0,2,46,0,48,0,9,64,0,73,42,0,42,115
10/06/2014,STP,MN,AGL,CE,Towers with Radar,0,15,48,0,63,0,8,38,0,46,0,23,86,0,109,18,0,18,127
10/07/2014,STP,MN,AGL,CE,Towers with Radar,0,12,58,0,70,0,10,45,10,65,0,22,103,10,135,54,30,84,219
10/08/2014,STP,MN,AGL,CE,Towers with Radar,0,28,52,3,83,0,27,70,33,130,0,55,122,36,213,74,58,132,345
10/09/2014,STP,MN,AGL,CE,Towers with Radar,0,20,52,8,80,0,18,68,24,110,0,38,120,32,190,140,44,184,374
10/10/2014,STP,MN,AGL,CE,Towers with Radar,0,11,55,3,69,0,7,70,6,83,0,18,125,9,152,80,0,80,232
10/11/2014,STP,MN,AGL,CE,Towers with Radar,0,12,13,0,25,0,6,51,0,57,0,18,64,0,82,26,0,26,108
10/12/2014,STP,MN,AGL,CE,Towers with Radar,2,5,49,0,56,0,4,38,0,42,2,9,87,0,98,24,0,24,122
10/13/2014,STP,MN,AGL,CE,Towers with Radar,0,8,54,0,62,0,4,2,0,6,0,12,56,0,68,0,0,0,68
10/14/2014,STP,MN,AGL,CE,Towers with Radar,0,12,51,0,63,0,9,31,12,52,0,21,82,12,115,62,6,68,183
10/15/2014,STP,MN,AGL,CE,Towers with Radar,0,13,69,0,82,0,10,46,3,59,0,23,115,3,141,92,0,92,233
10/16/2014,STP,MN,AGL,CE,Towers with Radar,0,6,56,2,64,0,10,65,2,77,0,16,121,4,141,126,0,126,267
10/17/2014,STP,MN,AGL,CE,Towers with Radar,0,4,32,0,36,0,3,10,1,14,0,7,42,1,50,18,0,18,68
10/18/2014,STP,MN,AGL,CE,Towers with Radar,0,8,22,0,30,0,0,43,0,43,0,8,65,0,73,34,0,34,107
10/19/2014,STP,MN,AGL,CE,Towers with Radar,0,10,48,0,58,0,16,46,0,62,0,26,94,0,120,78,0,78,198
10/20/2014,STP,MN,AGL,CE,Towers with Radar,0,15,50,0,65,0,19,88,0,107,0,34,138,0,172,170,0,170,342
10/21/2014,STP,MN,AGL,CE,Towers with Radar,0,18,46,0,64,0,15,84,13,112,0,33,130,13,176,146,50,196,372
10/22/2014,STP,MN,AGL,CE,Towers with Radar,0,21,50,2,73,0,17,44,14,75,0,38,94,16,148,102,38,140,288
10/23/2014,STP,MN,AGL,CE,Towers with Radar,0,13,71,4,88,0,17,58,9,84,0,30,129,13,172,80,28,108,280
10/24/2014,STP,MN,AGL,CE,Towers with Radar,0,13,61,0,74,0,14,65,13,92,0,27,126,13,166,114,42,156,322
10/25/2014,STP,MN,AGL,CE,Towers with Radar,0,8,29,0,37,0,3,48,0,51,0,11,77,0,88,36,0,36,124
10/26/2014,STP,MN,AGL,CE,Towers with Radar,0,6,41,0,47,0,4,42,1,47,0,10,83,1,94,30,0,30,124
10/27/2014,STP,MN,AGL,CE,Towers with Radar,0,8,60,0,68,0,26,58,2,86,0,34,118,2,154,136,28,164,318
10/28/2014,STP,MN,AGL,CE,Towers with Radar,0,12,51,2,65,0,16,25,12,53,0,28,76,14,118,0,32,32,150
10/29/2014,STP,MN,AGL,CE,Towers with Radar,0,13,60,0,73,0,7,51,1,59,0,20,111,1,132,126,26,152,284
10/30/2014,STP,MN,AGL,CE,Towers with Radar,0,8,63,3,74,0,15,44,17,76,0,23,107,20,150,66,52,118,268
10/31/2014,STP,MN,AGL,CE,Towers with Radar,0,13,42,0,55,0,14,36,11,61,0,27,78,11,116,54,0,54,170
11/01/2014,STP,MN,AGL,CE,Towers with Radar,0,7,29,0,36,0,2,31,0,33,0,9,60,0,69,56,0,56,125
11/02/2014,STP,MN,AGL,CE,Towers with Radar,0,6,33,0,39,0,4,25,0,29,0,10,58,0,68,24,0,24,92
11/03/2014,STP,MN,AGL,CE,Towers with Radar,0,5,41,0,46,0,3,12,2,17,0,8,53,2,63,16,0,16,79
11/04/2014,STP,MN,AGL,CE,Towers with Radar,0,7,43,0,50,0,9,42,13,64,0,16,85,13,114,42,24,66,180
11/05/2014,STP,MN,AGL,CE,Towers with Radar,0,10,55,0,65,0,4,18,0,22,0,14,73,0,87,28,0,28,115
11/06/2014,STP,MN,AGL,CE,Towers with Radar,0,16,53,0,69,0,11,53,9,73,0,27,106,9,142,154,6,160,302
11/07/2014,STP,MN,AGL,CE,Towers with Radar,0,11,34,0,45,0,6,36,8,50,0,17,70,8,95,60,26,86,181
11/08/2014,STP,MN,AGL,CE,Towers with Radar,1,9,31,0,41,0,12,63,0,75,1,21,94,0,116,78,0,78,194
11/09/2014,STP,MN,AGL,CE,Towers with Radar,0,6,40,0,46,0,7,38,0,45,0,13,78,0,91,80,0,80,171
11/10/2014,STP,MN,AGL,CE,Towers with Radar,0,10,24,0,34,0,0,0,0,0,0,10,24,0,34,0,0,0,34
11/11/2014,STP,MN,AGL,CE,Towers with Radar,0,10,47,0,57,0,2,0,0,2,0,12,47,0,59,0,0,0,59
11/12/2014,STP,MN,AGL,CE,Towers with Radar,0,14,43,0,57,0,3,16,8,27,0,17,59,8,84,88,22,110,194
11/13/2014,STP,MN,AGL,CE,Towers with Radar,0,5,48,2,55,0,1,31,5,37,0,6,79,7,92,50,14,64,156
11/14/2014,STP,MN,AGL,CE,Towers with Radar,0,13,44,1,58,0,19,51,4,74,0,32,95,5,132,124,28,152,284
11/15/2014,STP,MN,AGL,CE,Towers with Radar,0,2,20,1,23,0,0,8,5,13,0,2,28,6,36,54,10,64,100
11/16/2014,STP,MN,AGL,CE,Towers with Radar,0,19,36,1,56,0,1,17,3,21,0,20,53,4,77,28,0,28,105
11/17/2014,STP,MN,AGL,CE,Towers with Radar,0,18,47,0,65,0,0,17,0,17,0,18,64,0,82,46,0,46,128
11/18/2014,STP,MN,AGL,CE,Towers with Radar,0,5,48,0,53,0,12,17,13,42,0,17,65,13,95,56,46,102,197
11/19/2014,STP,MN,AGL,CE,Towers with Radar,0,7,41,0,48,0,2,17,4,23,0,9,58,4,71,24,0,24,95
11/20/2014,STP,MN,AGL,CE,Towers with Radar,0,10,54,1,65,0,17,40,4,61,0,27,94,5,126,70,0,70,196
11/21/2014,STP,MN,AGL,CE,Towers with Radar,0,10,63,0,73,0,6,46,2,54,0,16,109,2,127,28,6,34,161
11/22/2014,STP,MN,AGL,CE,Towers with Radar,0,11,32,0,43,0,0,0,0,0,0,11,32,0,43,0,0,0,43
11/23/2014,STP,MN,AGL,CE,Towers with Radar,0,6,30,0,36,0,1,3,0,4,0,7,33,0,40,0,0,0,40
11/24/2014,STP,MN,AGL,CE,Towers with Radar,0,14,30,0,44,0,9,4,3,16,0,23,34,3,60,0,0,0,60
11/25/2014,STP,MN,AGL,CE,Towers with Radar,1,10,40,0,51,0,16,63,17,96,1,26,103,17,147,116,48,164,311
11/26/2014,STP,MN,AGL,CE,Towers with Radar,0,14,20,0,34,0,2,1,2,5,0,16,21,2,39,0,0,0,39
11/27/2014,STP,MN,AGL,CE,Towers with Radar,0,6,5,1,12,0,5,6,0,11,0,11,11,1,23,12,0,12,35
11/28/2014,STP,MN,AGL,CE,Towers with Radar,0,4,10,0,14,0,0,5,0,5,0,4,15,0,19,8,0,8,27
11/29/2014,STP,MN,AGL,CE,Towers with Radar,0,16,18,0,34,0,0,15,0,15,0,16,33,0,49,22,0,22,71
11/30/2014,STP,MN,AGL,CE,Towers with Radar,0,9,36,0,45,0,2,27,0,29,0,11,63,0,74,38,0,38,112
12/01/2014,STP,MN,AGL,CE,Towers with Radar,0,11,39,0,50,0,9,26,0,35,0,20,65,0,85,38,0,38,123
12/02/2014,STP,MN,AGL,CE,Towers with Radar,0,6,43,1,50,0,6,26,6,38,0,12,69,7,88,46,26,72,160
12/03/2014,STP,MN,AGL,CE,Towers with Radar,0,18,51,3,72,0,12,56,9,77,0,30,107,12,149,82,52,134,283
12/04/2014,STP,MN,AGL,CE,Towers with Radar,0,11,59,2,72,0,8,39,19,66,0,19,98,21,138,82,34,116,254
12/05/2014,STP,MN,AGL,CE,Towers with Radar,0,12,32,2,46,0,13,8,0,21,0,25,40,2,67,28,0,28,95
12/06/2014,STP,MN,AGL,CE,Towers with Radar,0,5,26,0,31,0,3,50,0,53,0,8,76,0,84,26,0,26,110
12/07/2014,STP,MN,AGL,CE,Towers with Radar,0,15,20,0,35,0,6,29,0,35,0,21,49,0,70,56,0,56,126
12/08/2014,STP,MN,AGL,CE,Towers with Radar,0,11,42,1,54,0,0,3,0,3,0,11,45,1,57,0,0,0,57
12/09/2014,STP,MN,AGL,CE,Towers with Radar,0,13,55,6,74,0,1,1,0,2,0,14,56,6,76,0,0,0,76
12/10/2014,STP,MN,AGL,CE,Towers with Radar,0,25,49,2,76,0,0,0,0,0,0,25,49,2,76,0,0,0,76
12/11/2014,STP,MN,AGL,CE,Towers with Radar,0,14,66,3,83,0,0,0,0,0,0,14,66,3,83,0,0,0,83
12/12/2014,STP,MN,AGL,CE,Towers with Radar,0,6,36,1,43,0,0,3,0,3,0,6,39,1,46,0,0,0,46
12/13/2014,STP,MN,AGL,CE,Towers with Radar,0,4,17,0,21,0,0,0,0,0,0,4,17,0,21,0,0,0,21
12/14/2014,STP,MN,AGL,CE,Towers with Radar,0,5,34,0,39,0,0,0,0,0,0,5,34,0,39,0,0,0,39
12/15/2014,STP,MN,AGL,CE,Towers with Radar,0,6,49,0,55,0,0,0,0,0,0,6,49,0,55,0,0,0,55
12/16/2014,STP,MN,AGL,CE,Towers with Radar,0,11,48,0,59,0,2,5,13,20,0,13,53,13,79,0,12,12,91
12/17/2014,STP,MN,AGL,CE,Towers with Radar,0,10,60,1,71,0,19,46,10,75,0,29,106,11,146,88,6,94,240
12/18/2014,STP,MN,AGL,CE,Towers with Radar,0,15,67,2,84,0,5,35,34,74,0,20,102,36,158,24,28,52,210
12/19/2014,STP,MN,AGL,CE,Towers with Radar,0,3,54,4,61,0,20,16,10,46,0,23,70,14,107,32,28,60,167
12/20/2014,STP,MN,AGL,CE,Towers with Radar,0,8,20,4,32,0,0,4,0,4,0,8,24,4,36,2,0,2,38
12/21/2014,STP,MN,AGL,CE,Towers with Radar,0,5,18,0,23,0,0,0,0,0,0,5,18,0,23,0,0,0,23
12/22/2014,STP,MN,AGL,CE,Towers with Radar,0,12,27,0,39,0,0,0,0,0,0,12,27,0,39,0,0,0,39
12/23/2014,STP,MN,AGL,CE,Towers with Radar,0,12,20,2,34,0,7,4,9,20,0,19,24,11,54,0,88,88,142
12/24/2014,STP,MN,AGL,CE,Towers with Radar,0,4,5,0,9,0,0,2,0,2,0,4,7,0,11,10,0,10,21
12/25/2014,STP,MN,AGL,CE,Towers with Radar,0,3,4,0,7,0,1,0,0,1,0,4,4,0,8,0,0,0,8
12/26/2014,STP,MN,AGL,CE,Towers with Radar,0,12,23,0,35,0,8,23,0,31,0,20,46,0,66,16,0,16,82
12/27/2014,STP,MN,AGL,CE,Towers with Radar,0,13,18,0,31,0,4,24,0,28,0,17,42,0,59,42,0,42,101
12/28/2014,STP,MN,AGL,CE,Towers with Radar,0,13,39,0,52,0,4,28,0,32,0,17,67,0,84,56,0,56,140
12/29/2014,STP,MN,AGL,CE,Towers with Radar,0,5,27,2,34,0,9,24,4,37,0,14,51,6,71,30,12,42,113
12/30/2014,STP,MN,AGL,CE,Towers with Radar,0,5,26,4,35,0,18,42,14,74,0,23,68,18,109,52,24,76,185
12/31/2014,STP,MN,AGL,CE,Towers with Radar,0,5,17,0,22,0,8,15,1,24,0,13,32,1,46,22,0,22,68
01/01/2015,STP,MN,AGL,CE,Towers with Radar,0,7,10,0,17,0,10,31,0,41,0,17,41,0,58,46,0,46,104
01/02/2015,STP,MN,AGL,CE,Towers with Radar,0,8,24,0,32,0,6,34,6,46,0,14,58,6,78,68,44,112,190
01/03/2015,STP,MN,AGL,CE,Towers with Radar,0,12,22,0,34,0,0,22,0,22,0,12,44,0,56,46,0,46,102
01/04/2015,STP,MN,AGL,CE,Towers with Radar,0,10,29,0,39,0,0,14,0,14,0,10,43,0,53,20,0,20,73
01/05/2015,STP,MN,AGL,CE,Towers with Radar,0,10,35,0,45,0,4,12,0,16,0,14,47,0,61,20,0,20,81
01/06/2015,STP,MN,AGL,CE,Towers with Radar,0,8,32,0,40,0,7,18,9,34,0,15,50,9,74,24,24,48,122
01/07/2015,STP,MN,AGL,CE,Towers with Radar,0,12,55,1,68,0,1,64,0,65,0,13,119,1,133,32,0,32,165
01/08/2015,STP,MN,AGL,CE,Towers with Radar,0,8,44,1,53,0,0,0,0,0,0,8,44,1,53,0,0,0,53
01/09/2015,STP,MN,AGL,CE,Towers with Radar,0,13,26,0,39,0,0,33,5,38,0,13,59,5,77,46,14,60,137
01/10/2015,STP,MN,AGL,CE,Towers with Radar,0,3,29,0,32,0,10,34,10,54,0,13,63,10,86,66,12,78,164
01/11/2015,STP,MN,AGL,CE,Towers with Radar,0,8,24,0,32,0,2,11,0,13,0,10,35,0,45,38,0,38,83
01/12/2015,STP,MN,AGL,CE,Towers with Radar,0,8,32,0,40,0,8,23,0,31,0,16,55,0,71,40,0,40,111
01/13/2015,STP,MN,AGL,CE,Towers with Radar,0,8,44,0,52,2,10,25,14,51,2,18,69,14,103,56,18,74,177
01/14/2015,STP,MN,AGL,CE,Towers with Radar,0,5,29,6,40,0,5,23,7,35,0,10,52,13,75,8,12,20,95
01/15/2015,STP,MN,AGL,CE,Towers with Radar,0,7,47,5,59,0,2,15,13,30,0,9,62,18,89,28,0,28,117
01/16/2015,STP,MN,AGL,CE,Towers with Radar,0,10,25,1,36,0,9,32,2,43,0,19,57,3,79,34,4,38,117
01/17/2015,STP,MN,AGL,CE,Towers with Radar,0,3,18,0,21,0,1,14,0,15,0,4,32,0,36,30,0,30,66
01/18/2015,STP,MN,AGL,CE,Towers with Radar,0,5,26,0,31,0,3,30,0,33,0,8,56,0,64,70,0,70,134
01/19/2015,STP,MN,AGL,CE,Towers with Radar,0,12,43,0,55,0,6,41,0,47,0,18,84,0,102,66,0,66,168
01/20/2015,STP,MN,AGL,CE,Towers with Radar,0,13,37,1,51,0,8,8,0,16,0,21,45,1,67,14,0,14,81
01/21/2015,STP,MN,AGL,CE,Towers with Radar,0,16,38,2,56,0,4,12,8,24,0,20,50,10,80,30,12,42,122
01/22/2015,STP,MN,AGL,CE,Towers with Radar,0,21,54,1,76,0,12,46,8,66,0,33,100,9,142,50,20,70,212
01/23/2015,STP,MN,AGL,CE,Towers with Radar,0,6,42,2,50,0,1,28,0,29,0,7,70,2,79,60,0,60,139
01/24/2015,STP,MN,AGL,CE,Towers with Radar,0,14,25,4,43,0,7,37,14,58,0,21,62,18,101,28,40,68,169
01/25/2015,STP,MN,AGL,CE,Towers with Radar,0,18,13,2,33,0,0,17,1,18,0,18,30,3,51,66,0,66,117
01/26/2015,STP,MN,AGL,CE,Towers with Radar,0,8,35,0,43,0,6,27,0,33,0,14,62,0,76,62,0,62,138
01/27/2015,STP,MN,AGL,CE,Towers with Radar,0,22,43,4,69,0,10,26,4,40,0,32,69,8,109,36,24,60,169
01/28/2015,STP,MN,AGL,CE,Towers with Radar,0,16,37,0,53,0,9,0,0,9,0,25,37,0,62,0,0,0,62
01/29/2015,STP,MN,AGL,CE,Towers with Radar,0,15,49,2,66,0,0,7,12,19,0,15,56,14,85,8,10,18,103
01/30/2015,STP,MN,AGL,CE,Towers with Radar,0,14,37,0,51,0,14,56,7,77,0,28,93,7,128,60,8,68,196
01/31/2015,STP,MN,AGL,CE,Towers with Radar,2,3,18,1,24,0,3,24,0,27,2,6,42,1,51,154,0,154,205
02/01/2015,STP,MN,AGL,CE,Towers with Radar,0,6,10,1,17,0,4,14,0,18,0,10,24,1,35,30,0,30,65
02/02/2015,STP,MN,AGL,CE,Towers with Radar,0,13,37,0,50,0,17,33,0,50,0,30,70,0,100,78,0,78,178
02/03/2015,STP,MN,AGL,CE,Towers with Radar,0,9,53,0,62,0,4,4,0,8,0,13,57,0,70,0,0,0,70
02/04/2015,STP,MN,AGL,CE,Towers with Radar,0,14,58,1,73,0,7,28,3,38,0,21,86,4,111,12,6,18,129
02/05/2015,STP,MN,AGL,CE,Towers with Radar,0,6,42,1,49,0,14,41,26,81,0,20,83,27,130,52,40,92,222
02/06/2015,STP,MN,AGL,CE,Towers with Radar,0,13,39,6,58,0,8,46,4,58,0,21,85,10,116,40,2,42,158
02/07/2015,STP,MN,AGL,CE,Towers with Radar,0,5,36,2,43,0,0,36,13,49,0,5,72,15,92,62,0,62,154
02/08/2015,STP,MN,AGL,CE,Towers with Radar,0,6,29,1,36,0,0,2,0,2,0,6,31,1,38,8,0,8,46
02/09/2015,STP,MN,AGL,CE,Towers with Radar,0,6,37,3,46,0,8,23,0,31,0,14,60,3,77,44,0,44,121
02/10/2015,STP,MN,AGL,CE,Towers with Radar,0,8,34,0,42,0,0,0,0,0,0,8,34,0,42,0,0,0,42
02/11/2015,STP,MN,AGL,CE,Towers with Radar,0,11,48,0,59,0,1,17,4,22,0,12,65,4,81,26,10,36,117
02/12/2015,STP,MN,AGL,CE,Towers with Radar,0,9,53,3,65,0,8,49,11,68,0,17,102,14,133,68,46,114,247
02/13/2015,STP,MN,AGL,CE,Towers with Radar,0,5,43,2,50,0,11,25,5,41,0,16,68,7,91,70,22,92,183
02/14/2015,STP,MN,AGL,CE,Towers with Radar,0,6,28,0,34,0,12,11,0,23,0,18,39,0,57,42,0,42,99
02/15/2015,STP,MN,AGL,CE,Towers with Radar,0,7,31,0,38,0,0,11,0,11,0,7,42,0,49,18,0,18,67
02/16/2015,STP,MN,AGL,CE,Towers with Radar,0,11,35,0,46,0,2,6,0,8,0,13,41,0,54,0,0,0,54
02/17/2015,STP,MN,AGL,CE,Towers with Radar,0,8,57,4,69,0,1,14,14,29,0,9,71,18,98,38,14,52,150
02/18/2015,STP,MN,AGL,CE,Towers with Radar,0,9,59,2,70,0,27,32,0,59,0,36,91,2,129,40,0,40,169
02/19/2015,STP,MN,AGL,CE,Towers with Radar,0,8,56,2,66,0,18,27,9,54,0,26,83,11,120,28,16,44,164
02/20/2015,STP,MN,AGL,CE,Towers with Radar,0,12,48,0,60,0,7,4,2,13,0,19,52,2,73,12,0,12,85
02/21/2015,STP,MN,AGL,CE,Towers with Radar,0,2,9,1,12,0,7,26,4,37,0,9,35,5,49,14,0,14,63
02/22/2015,STP,MN,AGL,CE,Towers with Radar,0,3,29,1,33,0,0,6,0,6,0,3,35,1,39,2,0,2,41
02/23/2015,STP,MN,AGL,CE,Towers with Radar,0,11,48,0,59,0,2,17,0,19,0,13,65,0,78,30,0,30,108
02/24/2015,STP,MN,AGL,CE,Towers with Radar,0,8,45,0,53,0,12,19,5,36,0,20,64,5,89,30,6,36,125
02/25/2015,STP,MN,AGL,CE,Towers with Radar,0,5,39,3,47,0,0,15,11,26,0,5,54,14,73,24,0,24,97
02/26/2015,STP,MN,AGL,CE,Towers with Radar,0,14,58,0,72,0,18,56,11,85,0,32,114,11,157,68,0,68,225
02/27/2015,STP,MN,AGL,CE,Towers with Radar,0,10,50,2,62,0,13,51,5,69,0,23,101,7,131,86,38,124,255
02/28/2015,STP,MN,AGL,CE,Towers with Radar,0,8,13,0,21,0,21,50,0,71,0,29,63,0,92,76,0,76,168
03/01/2015,STP,MN,AGL,CE,Towers with Radar,0,8,12,0,20,0,2,15,0,17,0,10,27,0,37,16,0,16,53
03/02/2015,STP,MN,AGL,CE,Towers with Radar,0,16,32,1,49,0,18,27,2,47,0,34,59,3,96,94,10,104,200
03/03/2015,STP,MN,AGL,CE,Towers with Radar,0,14,38,0,52,0,2,4,2,8,0,16,42,2,60,16,0,16,76
03/04/2015,STP,MN,AGL,CE,Towers with Radar,0,15,49,0,64,0,8,30,3,41,0,23,79,3,105,34,12,46,151
03/05/2015,STP,MN,AGL,CE,Towers with Radar,0,13,50,1,64,0,29,48,31,108,0,42,98,32,172,62,80,142,314
03/06/2015,STP,MN,AGL,CE,Towers with Radar,0,7,24,1,32,0,16,29,15,60,0,23,53,16,92,76,50,126,218
03/07/2015,STP,MN,AGL,CE,Towers with Radar,0,5,15,1,21,0,11,24,9,44,0,16,39,10,65,26,18,44,109
03/08/2015,STP,MN,AGL,CE,Towers with Radar,0,7,16,3,26,0,2,16,1,19,0,9,32,4,45,32,4,36,81
03/09/2015,STP,MN,AGL,CE,Towers with Radar,0,5,25,2,32,0,8,40,0,48,0,13,65,2,80,82,0,82,162
03/10/2015,STP,MN,AGL,CE,Towers with Radar,0,9,41,1,51,0,20,54,1,75,0,29,95,2,126,148,10,158,284
03/11/2015,STP,MN,AGL,CE,Towers with Radar,0,9,37,4,50,0,25,54,11,90,0,34,91,15,140,76,22,98,238
03/12/2015,STP,MN,AGL,CE,Towers with Radar,0,6,45,6,57,0,21,47,16,84,0,27,92,22,141,64,44,108,249
03/13/2015,STP,MN,AGL,CE,Towers with Radar,0,5,35,1,41,0,16,66,2,84,0,21,101,3,125,70,10,80,205
03/14/2015,STP,MN,AGL,CE,Towers with Radar,0,13,38,0,51,0,7,66,0,73,0,20,104,0,124,119,0,119,243
03/15/2015,STP,MN,AGL,CE,Towers with Radar,0,2,38,0,40,0,10,32,0,42,0,12,70,0,82,12,0,12,94
03/16/2015,STP,MN,AGL,CE,Towers with Radar,0,8,37,1,46,0,3,13,4,20,0,11,50,5,66,0,0,0,66
03/17/2015,STP,MN,AGL,CE,Towers with Radar,0,10,49,0,59,0,21,54,20,95,0,31,103,20,154,94,58,152,306
03/18/2015,STP,MN,AGL,CE,Towers with Radar,0,13,46,1,60,0,6,77,28,111,0,19,123,29,171,106,70,176,347
03/19/2015,STP,MN,AGL,CE,Towers with Radar,0,9,63,1,73,0,6,36,18,60,0,15,99,19,133,42,8,50,183
03/20/2015,STP,MN,AGL,CE,Towers with Radar,0,9,31,2,42,0,18,47,3,68,0,27,78,5,110,62,0,62,172
03/21/2015,STP,MN,AGL,CE,Towers with Radar,0,5,26,0,31,0,9,32,0,41,0,14,58,0,72,82,0,82,154
03/22/2015,STP,MN,AGL,CE,Towers with Radar,0,2,14,0,16,0,8,14,0,22,0,10,28,0,38,50,0,50,88
03/23/2015,STP,MN,AGL,CE,Towers with Radar,0,7,29,0,36,0,22,31,0,53,0,29,60,0,89,106,0,106,195
03/24/2015,STP,MN,AGL,CE,Towers with Radar,0,10,40,1,51,0,24,38,6,68,0,34,78,7,119,166,20,186,305
03/25/2015,STP,MN,AGL,CE,Towers with Radar,0,10,43,0,53,0,3,8,14,25,0,13,51,14,78,0,22,22,100
03/26/2015,STP,MN,AGL,CE,Towers with Radar,0,16,41,7,64,0,17,31,24,72,0,33,72,31,136,78,8,86,222
03/27/2015,STP,MN,AGL,CE,Towers with Radar,0,9,46,0,55,0,13,36,12,61,0,22,82,12,116,92,18,110,226
03/28/2015,STP,MN,AGL,CE,Towers with Radar,0,14,17,0,31,0,6,32,0,38,0,20,49,0,69,32,0,32,101
03/29/2015,STP,MN,AGL,CE,Towers with Radar,0,6,9,0,15,0,0,8,0,8,0,6,17,0,23,4,0,4,27
03/30/2015,STP,MN,AGL,CE,Towers with Radar,0,5,43,2,50,0,18,38,5,61,0,23,81,7,111,72,24,96,207
03/31/2015,STP,MN,AGL,CE,Towers with Radar,0,13,42,2,57,0,18,46,15,79,0,31,88,17,136,104,30,134,270
04/01/2015,STP,MN,AGL,CE,Towers with Radar,0,4,24,3,31,0,12,18,5,35,0,16,42,8,66,6,2,8,74
04/02/2015,STP,MN,AGL,CE,Towers with Radar,0,12,52,2,66,0,27,33,11,71,0,39,85,13,137,16,16,32,169
04/03/2015,STP,MN,AGL,CE,Towers with Radar,0,8,33,0,41,0,11,54,8,73,0,19,87,8,114,18,18,36,150
04/04/2015,STP,MN,AGL,CE,Towers with Radar,0,6,21,0,27,0,3,40,0,43,0,9,61,0,70,100,0,100,170
04/05/2015,STP,MN,AGL,CE,Towers with Radar,0,5,15,0,20,0,2,10,0,12,0,7,25,0,32,14,0,14,46
04/06/2015,STP,MN,AGL,CE,Towers with Radar,0,12,55,2,69,0,2,9,0,11,0,14,64,2,80,28,0,28,108
04/07/2015,STP,MN,AGL,CE,Towers with Radar,0,5,59,4,68,0,19,21,20,60,0,24,80,24,128,62,42,104,232
04/08/2015,STP,MN,AGL,CE,Towers with Radar,0,5,50,4,59,0,5,17,14,36,0,10,67,18,95,38,20,58,153
04/09/2015,STP,MN,AGL,CE,Towers with Radar,0,11,37,2,50,0,6,2,0,8,0,17,39,2,58,18,0,18,76
04/10/2015,STP,MN,AGL,CE,Towers with Radar,0,11,47,1,59,0,8,16,16,40,0,19,63,17,99,32,36,68,167
04/11/2015,STP,MN,AGL,CE,Towers with Radar,0,5,17,0,22,0,12,36,0,48,0,17,53,0,70,45,0,45,115
04/12/2015,STP,MN,AGL,CE,Towers with Radar,0,1,15,0,16,0,3,5,0,8,0,4,20,0,24,0,0,0,24
04/13/2015,STP,MN,AGL,CE,Towers with Radar,0,13,41,3,57,0,8,22,5,35,0,21,63,8,92,28,28,56,148
04/14/2015,STP,MN,AGL,CE,Towers with Radar,0,14,49,3,66,0,16,60,23,99,0,30,109,26,165,98,140,238,403
04/15/2015,STP,MN,AGL,CE,Towers with Radar,0,19,45,3,67,0,26,47,12,85,0,45,92,15,152,64,32,96,248
04/16/2015,STP,MN,AGL,CE,Towers with Radar,0,8,54,2,64,0,21,53,16,90,0,29,107,18,154,28,52,80,234
04/17/2015,STP,MN,AGL,CE,Towers with Radar,0,11,43,2,56,0,14,62,8,84,0,25,105,10,140,88,0,88,228
04/18/2015,STP,MN,AGL,CE,Towers with Radar,0,5,15,0,20,0,9,34,4,47,0,14,49,4,67,78,0,78,145
04/19/2015,STP,MN,AGL,CE,Towers with Radar,0,4,38,0,42,0,0,0,0,0,0,4,38,0,42,0,0,0,42
04/20/2015,STP,MN,AGL,CE,Towers with Radar,0,13,49,2,64,0,6,18,0,24,0,19,67,2,88,16,0,16,104
04/21/2015,STP,MN,AGL,CE,Towers with Radar,0,16,42,4,62,0,2,6,8,16,0,18,48,12,78,0,10,10,88
04/22/2015,STP,MN,AGL,CE,Towers with Radar,0,9,65,4,78,0,11,32,7,50,0,20,97,11,128,34,6,40,168
04/23/2015,STP,MN,AGL,CE,Towers with Radar,0,13,53,6,72,0,13,64,5,82,0,26,117,11,154,110,2,112,266
04/24/2015,STP,MN,AGL,CE,Towers with Radar,0,13,35,0,48,0,19,20,4,43,0,32,55,4,91,42,40,82,173
04/25/2015,STP,MN,AGL,CE,Towers with Radar,0,6,22,0,28,0,11,30,0,41,0,17,52,0,69,16,0,16,85
04/26/2015,STP,MN,AGL,CE,Towers with Radar,0,14,36,0,50,0,12,65,0,77,0,26,101,0,127,118,0,118,245
04/27/2015,STP,MN,AGL,CE,Towers with Radar,0,14,44,0,58,0,33,51,5,89,0,47,95,5,147,116,28,144,291
04/28/2015,STP,MN,AGL,CE,Towers with Radar,0,16,73,2,91,0,21,51,16,88,0,37,124,18,179,70,50,120,299
04/29/2015,STP,MN,AGL,CE,Towers with Radar,0,23,63,8,94,0,23,66,10,99,0,46,129,18,193,62,20,82,275
04/30/2015,STP,MN,AGL,CE,Towers with Radar,0,13,65,2,80,0,8,51,15,74,0,21,116,17,154,78,18,96,250
05/01/2015,STP,MN,AGL,CE,Towers with Radar,0,9,41,0,50,0,10,40,3,53,0,19,81,3,103,16,0,16,119
05/02/2015,STP,MN,AGL,CE,Towers with Radar,0,15,33,1,49,0,16,30,11,57,0,31,63,12,106,38,0,38,144
05/03/2015,STP,MN,AGL,CE,Towers with Radar,0,8,31,0,39,0,13,23,0,36,0,21,54,0,75,34,0,34,109
05/04/2015,STP,MN,AGL,CE,Towers with Radar,0,7,38,0,45,0,26,67,0,93,0,33,105,0,138,144,0,144,282
05/05/2015,STP,MN,AGL,CE,Towers with Radar,0,11,51,2,64,0,16,74,10,100,0,27,125,12,164,118,70,188,352
05/06/2015,STP,MN,AGL,CE,Towers with Radar,0,13,64,2,79,0,10,30,17,57,0,23,94,19,136,40,106,146,282
05/07/2015,STP,MN,AGL,CE,Towers with Radar,0,19,50,1,70,0,4,12,14,30,0,23,62,15,100,14,48,62,162
05/08/2015,STP,MN,AGL,CE,Towers with Radar,0,8,51,1,60,0,25,47,17,89,0,33,98,18,149,58,78,136,285
05/09/2015,STP,MN,AGL,CE,Towers with Radar,0,1,24,0,25,0,3,40,0,43,0,4,64,0,68,42,0,42,110
05/10/2015,STP,MN,AGL,CE,Towers with Radar,0,10,12,0,22,0,5,7,0,12,0,15,19,0,34,0,0,0,34
05/11/2015,STP,MN,AGL,CE,Towers with Radar,0,18,52,2,72,0,6,4,0,10,0,24,56,2,82,0,0,0,82
05/12/2015,STP,MN,AGL,CE,Towers with Radar,0,11,47,0,58,0,10,29,14,53,0,21,76,14,111,8,30,38,149
05/13/2015,STP,MN,AGL,CE,Towers with Radar,0,9,47,3,59,0,16,49,22,87,0,25,96,25,146,94,40,134,280
05/14/2015,STP,MN,AGL,CE,Towers with Radar,0,6,60,8,74,0,6,20,8,34,0,12,80,16,108,22,12,34,142
05/15/2015,STP,MN,AGL,CE,Towers with Radar,0,8,52,1,61,0,5,36,4,45,0,13,88,5,106,94,38,132,238
05/16/2015,STP,MN,AGL,CE,Towers with Radar,0,5,17,0,22,0,6,43,0,49,0,11,60,0,71,78,0,78,149
05/17/2015,STP,MN,AGL,CE,Towers with Radar,0,12,26,0,38,0,12,12,0,24,0,24,38,0,62,0,0,0,62
05/18/2015,STP,MN,AGL,CE,Towers with Radar,0,5,39,3,47,0,4,14,1,19,0,9,53,4,66,12,0,12,78
05/19/2015,STP,MN,AGL,CE,Towers with Radar,0,10,41,6,57,0,18,53,24,95,0,28,94,30,152,118,126,244,396
05/20/2015,STP,MN,AGL,CE,Towers with Radar,0,13,52,3,68,0,8,56,11,75,0,21,108,14,143,90,24,114,257
05/21/2015,STP,MN,AGL,CE,Towers with Radar,0,6,49,1,56,0,15,66,11,92,0,21,115,12,148,104,0,104,252
05/22/2015,STP,MN,AGL,CE,Towers with Radar,0,11,48,0,59,0,5,61,0,66,0,16,109,0,125,82,0,82,207
05/23/2015,STP,MN,AGL,CE,Towers with Radar,0,4,17,0,21,0,7,42,0,49,0,11,59,0,70,86,0,86,156
05/24/2015,STP,MN,AGL,CE,Towers with Radar,0,8,12,2,22,0,4,4,0,8,0,12,16,2,30,10,0,10,40
05/25/2015,STP,MN,AGL,CE,Towers with Radar,0,7,29,0,36,0,18,18,0,36,0,25,47,0,72,22,0,22,94
05/26/2015,STP,MN,AGL,CE,Towers with Radar,0,12,39,0,51,0,0,0,0,0,0,12,39,0,51,0,0,0,51
05/27/2015,STP,MN,AGL,CE,Towers with Radar,0,14,65,0,79,0,32,87,21,140,0,46,152,21,219,84,66,150,369
05/28/2015,STP,MN,AGL,CE,Towers with Radar,0,8,59,5,72,0,8,41,21,70,0,16,100,26,142,80,122,202,344
05/29/2015,STP,MN,AGL,CE,Towers with Radar,0,8,34,0,42,0,3,7,15,25,0,11,41,15,67,0,20,20,87
05/30/2015,STP,MN,AGL,CE,Towers with Radar,0,5,11,0,16,0,4,42,0,46,0,9,53,0,62,66,0,66,128
05/31/2015,STP,MN,AGL,CE,Towers with Radar,0,9,33,0,42,0,14,18,0,32,0,23,51,0,74,18,0,18,92
06/01/2015,STP,MN,AGL,CE,Towers with Radar,0,3,35,0,38,0,2,33,0,35,0,5,68,0,73,44,0,44,117
06/02/2015,STP,MN,AGL,CE,Towers with Radar,0,3,59,1,63,0,10,28,13,51,0,13,87,14,114,56,6,62,176
06/03/2015,STP,MN,AGL,CE,Towers with Radar,0,5,55,0,60,0,0,3,6,9,0,5,58,6,69,8,8,16,85
06/04/2015,STP,MN,AGL,CE,Towers with Radar,0,12,53,1,66,0,11,65,27,103,0,23,118,28,169,94,8,102,271
06/05/2015,STP,MN,AGL,CE,Towers with Radar,0,19,23,6,48,0,12,34,3,49,0,31,57,9,97,34,4,38,135
06/06/2015,STP,MN,AGL,CE,Towers with Radar,0,8,14,0,22,0,6,32,0,38,0,14,46,0,60,66,0,66,126
06/07/2015,STP,MN,AGL,CE,Towers with Radar,0,3,29,0,32,0,2,15,0,17,0,5,44,0,49,44,0,44,93
06/08/2015,STP,MN,AGL,CE,Towers with Radar,0,7,61,1,69,0,6,27,7,40,0,13,88,8,109,60,10,70,179
06/09/2015,STP,MN,AGL,CE,Towers with Radar,0,14,51,2,67,0,11,31,13,55,0,25,82,15,122,22,4,26,148
06/10/2015,STP,MN,AGL,CE,Towers with Radar,0,12,53,1,66,0,10,46,26,82,0,22,99,27,148,66,6,72,220
06/11/2015,STP,MN,AGL,CE,Towers with Radar,0,13,51,3,67,0,5,11,16,32,0,18,62,19,99,0,10,10,109
06/12/2015,STP,MN,AGL,CE,Towers with Radar,0,11,67,3,81,0,15,54,1,70,0,26,121,4,151,94,10,104,255
06/13/2015,STP,MN,AGL,CE,Towers with Radar,0,6,18,4,28,0,3,9,1,13,0,9,27,5,41,22,10,32,73
06/14/2015,STP,MN,AGL,CE,Towers with Radar,0,2,22,2,26,0,7,34,0,41,0,9,56,2,67,58,0,58,125
06/15/2015,STP,MN,AGL,CE,Towers with Radar,0,10,44,2,56,0,1,20,0,21,0,11,64,2,77,30,0,30,107
06/16/2015,STP,MN,AGL,CE,Towers with Radar,0,8,66,1,75,0,7,57,24,88,0,15,123,25,163,84,28,112,275
06/17/2015,STP,MN,AGL,CE,Towers with Radar,0,15,60,2,77,0,7,33,5,45,0,22,93,7,122,38,8,46,168
06/18/2015,STP,MN,AGL,CE,Towers with Radar,0,10,51,5,66,0,20,56,25,101,0,30,107,30,167,86,50,136,303
06/19/2015,STP,MN,AGL,CE,Towers with Radar,0,11,47,0,58,0,13,37,11,61,0,24,84,11,119,74,18,92,211
06/20/2015,STP,MN,AGL,CE,Towers with Radar,0,14,32,0,46,0,6,27,0,33,0,20,59,0,79,48,0,48,127
06/21/2015,STP,MN,AGL,CE,Towers with Radar,0,10,25,0,35,0,3,26,0,29,0,13,51,0,64,52,0,52,116
06/22/2015,STP,MN,AGL,CE,Towers with Radar,0,8,55,3,66,0,8,31,6,45,0,16,86,9,111,28,6,34,145
06/23/2015,STP,MN,AGL,CE,Towers with Radar,0,13,47,3,63,0,6,37,14,57,0,19,84,17,120,76,40,116,236
06/24/2015,STP,MN,AGL,CE,Towers with Radar,0,15,39,2,56,0,8,59,15,82,0,23,98,17,138,93,8,101,239
06/25/2015,STP,MN,AGL,CE,Towers with Radar,0,7,79,2,88,0,9,49,10,68,0,16,128,12,156,44,4,48,204
06/26/2015,STP,MN,AGL,CE,Towers with Radar,0,14,47,6,67,0,3,33,8,44,0,17,80,14,111,42,46,88,199
06/27/2015,STP,MN,AGL,CE,Towers with Radar,0,12,16,0,28,0,6,28,0,34,0,18,44,0,62,38,0,38,100
06/28/2015,STP,MN,AGL,CE,Towers with Radar,0,7,35,0,42,0,6,25,0,31,0,13,60,0,73,56,0,56,129
06/29/2015,STP,MN,AGL,CE,Towers with Radar,1,18,49,2,70,0,8,20,1,29,1,26,69,3,99,44,0,44,143
06/30/2015,STP,MN,AGL,CE,Towers with Radar,0,11,60,5,76,0,3,29,15,47,0,14,89,20,123,30,12,42,165
07/01/2015,STP,MN,AGL,CE,Towers with Radar,0,17,44,3,64,0,8,36,13,57,0,25,80,16,121,67,18,85,206
07/02/2015,STP,MN,AGL,CE,Towers with Radar,0,16,42,2,60,0,6,38,3,47,0,22,80,5,107,44,0,44,151
07/03/2015,STP,MN,AGL,CE,Towers with Radar,0,19,19,0,38,0,3,44,0,47,0,22,63,0,85,36,0,36,121
07/04/2015,STP,MN,AGL,CE,Towers with Radar,0,11,9,0,20,0,4,20,0,24,0,15,29,0,44,26,0,26,70
07/05/2015,STP,MN,AGL,CE,Towers with Radar,0,11,34,0,45,0,9,30,0,39,0,20,64,0,84,58,0,58,142
07/06/2015,STP,MN,AGL,CE,Towers with Radar,0,13,25,2,40,0,0,0,0,0,0,13,25,2,40,0,0,0,40
07/07/2015,STP,MN,AGL,CE,Towers with Radar,0,7,49,2,58,0,7,38,5,50,0,14,87,7,108,62,10,72,180
07/08/2015,STP,MN,AGL,CE,Towers with Radar,1,6,50,7,64,0,5,44,11,60,1,11,94,18,124,64,20,84,208
07/09/2015,STP,MN,AGL,CE,Towers with Radar,0,10,53,4,67,0,6,42,16,64,0,16,95,20,131,30,0,30,161
07/10/2015,STP,MN,AGL,CE,Towers with Radar,0,6,25,0,31,0,10,37,0,47,0,16,62,0,78,82,0,82,160
07/11/2015,STP,MN,AGL,CE,Towers with Radar,0,2,30,2,34,0,4,49,12,65,0,6,79,14,99,104,10,114,213
07/12/2015,STP,MN,AGL,CE,Towers with Radar,0,5,26,0,31,0,1,5,4,10,0,6,31,4,41,8,12,20,61
07/13/2015,STP,MN,AGL,CE,Towers with Radar,0,19,48,0,67,0,4,21,4,29,0,23,69,4,96,26,0,26,122
07/14/2015,STP,MN,AGL,CE,Towers with Radar,0,5,51,8,64,0,6,42,14,62,0,11,93,22,126,46,34,80,206
07/15/2015,STP,MN,AGL,CE,Towers with Radar,0,10,50,0,60,0,9,43,8,60,0,19,93,8,120,86,8,94,214
07/16/2015,STP,MN,AGL,CE,Towers with Radar,0,21,62,4,87,0,0,1,0,1,0,21,63,4,88,0,0,0,88
07/17/2015,STP,MN,AGL,CE,Towers with Radar,0,11,43,3,57,0,2,41,6,49,0,13,84,9,106,49,22,71,177
07/18/2015,STP,MN,AGL,CE,Towers with Radar,0,11,11,2,24,0,11,33,8,52,0,22,44,10,76,58,0,58,134
07/19/2015,STP,MN,AGL,CE,Towers with Radar,0,11,28,0,39,0,4,33,2,39,0,15,61,2,78,20,0,20,98
07/20/2015,STP,MN,AGL,CE,Towers with Radar,0,26,48,2,76,0,4,36,6,46,0,30,84,8,122,50,0,50,172
07/21/2015,STP,MN,AGL,CE,Towers with Radar,0,17,64,7,88,0,10,38,4,52,0,27,102,11,140,86,6,92,232
07/22/2015,STP,MN,AGL,CE,Towers with Radar,0,9,51,2,62,0,9,47,5,61,0,18,98,7,123,84,6,90,213
07/23/2015,STP,MN,AGL,CE,Towers with Radar,0,12,55,0,67,0,11,24,10,45,0,23,79,10,112,49,0,49,161
07/24/2015,STP,MN,AGL,CE,Towers with Radar,0,13,46,1,60,0,8,43,6,57,0,21,89,7,117,58,18,76,193
07/25/2015,STP,MN,AGL,CE,Towers with Radar,0,13,19,0,32,0,6,33,0,39,0,19,52,0,71,34,0,34,105
07/26/2015,STP,MN,AGL,CE,Towers with Radar,0,10,33,1,44,0,2,23,0,25,0,12,56,1,69,12,0,12,81
07/27/2015,STP,MN,AGL,CE,Towers with Radar,0,11,49,0,60,0,3,27,0,30,0,14,76,0,90,52,0,52,142
07/28/2015,STP,MN,AGL,CE,Towers with Radar,0,7,42,1,50,0,6,17,21,44,0,13,59,22,94,34,20,54,148
07/29/2015,STP,MN,AGL,CE,Towers with Radar,0,7,47,0,54,0,2,13,12,27,0,9,60,12,81,16,0,16,97
07/30/2015,STP,MN,AGL,CE,Towers with Radar,0,18,48,3,69,0,5,51,20,76,0,23,99,23,145,62,10,72,217
07/31/2015,STP,MN,AGL,CE,Towers with Radar,0,12,54,0,66,0,12,52,11,75,0,24,106,11,141,80,4,84,225
08/01/2015,STP,MN,AGL,CE,Towers with Radar,0,10,20,0,30,0,3,40,0,43,0,13,60,0,73,44,0,44,117
08/02/2015,STP,MN,AGL,CE,Towers with Radar,0,3,26,0,29,0,2,25,0,27,0,5,51,0,56,8,0,8,64
08/03/2015,STP,MN,AGL,CE,Towers with Radar,0,14,50,4,68,0,3,32,3,38,0,17,82,7,106,64,0,64,170
08/04/2015,STP,MN,AGL,CE,Towers with Radar,0,9,58,5,72,0,7,34,23,64,0,16,92,28,136,16,8,24,160
08/05/2015,STP,MN,AGL,CE,Towers with Radar,0,9,64,5,78,0,4,42,27,73,0,13,106,32,151,28,12,40,191
08/06/2015,STP,MN,AGL,CE,Towers with Radar,0,9,49,0,58,0,8,30,13,51,0,17,79,13,109,34,38,72,181
08/07/2015,STP,MN,AGL,CE,Towers with Radar,0,11,34,3,48,0,10,32,5,47,0,21,66,8,95,64,6,70,165
08/08/2015,STP,MN,AGL,CE,Towers with Radar,0,10,27,0,37,0,13,30,0,43,0,23,57,0,80,66,0,66,146
08/09/2015,STP,MN,AGL,CE,Towers with Radar,0,13,38,0,51,0,2,16,0,18,0,15,54,0,69,18,0,18,87
08/10/2015,STP,MN,AGL,CE,Towers with Radar,0,7,56,3,66,0,12,49,2,63,0,19,105,5,129,100,6,106,235
08/11/2015,STP,MN,AGL,CE,Towers with Radar,0,11,60,5,76,0,6,38,9,53,0,17,98,14,129,46,20,66,195
08/12/2015,STP,MN,AGL,CE,Towers with Radar,0,12,50,6,68,0,14,38,15,67,0,26,88,21,135,54,18,72,207
08/13/2015,STP,MN,AGL,CE,Towers with Radar,0,14,52,2,68,0,18,38,27,83,0,32,90,29,151,66,14,80,231
08/14/2015,STP,MN,AGL,CE,Towers with Radar,0,7,43,0,50,0,11,46,0,57,0,18,89,0,107,74,0,74,181
08/15/2015,STP,MN,AGL,CE,Towers with Radar,0,5,22,0,27,0,1,29,0,30,0,6,51,0,57,36,0,36,93
08/16/2015,STP,MN,AGL,CE,Towers with Radar,0,6,26,0,32,0,3,20,0,23,0,9,46,0,55,20,0,20,75
08/17/2015,STP,MN,AGL,CE,Towers with Radar,0,12,46,3,61,0,1,26,1,28,0,13,72,4,89,46,8,54,143
08/18/2015,STP,MN,AGL,CE,Towers with Radar,0,9,51,0,60,0,0,0,4,4,0,9,51,4,64,0,0,0,64
08/19/2015,STP,MN,AGL,CE,Towers with Radar,0,15,47,6,68,0,0,12,9,21,0,15,59,15,89,28,18,46,135
08/20/2015,STP,MN,AGL,CE,Towers with Radar,0,2,58,4,64,0,16,59,36,111,0,18,117,40,175,50,28,78,253
08/21/2015,STP,MN,AGL,CE,Towers with Radar,0,12,56,1,69,0,17,50,12,79,0,29,106,13,148,76,6,82,230
08/22/2015,STP,MN,AGL,CE,Towers with Radar,0,1,16,0,17,0,12,24,18,54,0,13,40,18,71,0,0,0,71
08/23/2015,STP,MN,AGL,CE,Towers with Radar,0,6,18,2,26,0,3,9,1,13,0,9,27,3,39,0,0,0,39
08/24/2015,STP,MN,AGL,CE,Towers with Radar,0,8,43,3,54,0,5,24,3,32,0,13,67,6,86,26,6,32,118
08/25/2015,STP,MN,AGL,CE,Towers with Radar,0,8,46,11,65,0,9,46,46,101,0,17,92,57,166,82,10,92,258
08/26/2015,STP,MN,AGL,CE,Towers with Radar,0,13,51,3,67,0,10,66,22,98,0,23,117,25,165,38,16,54,219
08/27/2015,STP,MN,AGL,CE,Towers with Radar,0,9,68,8,85,0,3,68,37,108,0,12,136,45,193,92,62,154,347
08/28/2015,STP,MN,AGL,CE,Towers with Radar,0,8,48,7,63,0,4,26,4,34,0,12,74,11,97,24,0,24,121
08/29/2015,STP,MN,AGL,CE,Towers with Radar,0,1,21,0,22,0,8,12,0,20,0,9,33,0,42,12,0,12,54
08/30/2015,STP,MN,AGL,CE,Towers with Radar,0,8,40,0,48,1,11,22,0,34,1,19,62,0,82,4,0,4,86
08/31/2015,STP,MN,AGL,CE,Towers with Radar,0,8,46,0,54,0,5,18,3,26,0,13,64,3,80,22,0,22,102
09/01/2015,STP,MN,AGL,CE,Towers with Radar,0,12,54,6,72,0,14,17,27,58,0,26,71,33,130,52,20,72,202
09/02/2015,STP,MN,AGL,CE,Towers with Radar,0,6,63,6,75,0,1,31,29,61,0,7,94,35,136,24,34,58,194
09/03/2015,STP,MN,AGL,CE,Towers with Radar,0,4,50,7,61,0,4,27,17,48,0,8,77,24,109,32,16,48,157
09/04/2015,STP,MN,AGL,CE,Towers with Radar,0,5,41,1,47,0,7,28,0,35,0,12,69,1,82,40,0,40,122
09/05/2015,STP,MN,AGL,CE,Towers with Radar,0,8,20,1,29,0,7,23,0,30,0,15,43,1,59,28,0,28,87
09/06/2015,STP,MN,AGL,CE,Towers with Radar,0,6,5,0,11,0,2,2,0,4,0,8,7,0,15,4,0,4,19
09/07/2015,STP,MN,AGL,CE,Towers with Radar,0,7,22,0,29,0,9,36,0,45,0,16,58,0,74,52,0,52,126
09/08/2015,STP,MN,AGL,CE,Towers with Radar,0,8,57,3,68,0,9,47,1,57,0,17,104,4,125,52,0,52,177
09/09/2015,STP,MN,AGL,CE,Towers with Radar,0,18,67,4,89,0,11,40,26,77,0,29,107,30,166,40,46,86,252
09/10/2015,STP,MN,AGL,CE,Towers with Radar,0,8,57,5,70,0,16,65,36,117,0,24,122,41,187,102,90,192,379
09/11/2015,STP,MN,AGL,CE,Towers with Radar,0,8,64,6,78,0,20,48,18,86,0,28,112,24,164,44,22,66,230
09/12/2015,STP,MN,AGL,CE,Towers with Radar,0,3,29,0,32,0,20,39,4,63,0,23,68,4,95,34,0,34,129
09/13/2015,STP,MN,AGL,CE,Towers with Radar,0,3,19,0,22,0,1,33,7,41,0,4,52,7,63,40,0,40,103
09/14/2015,STP,MN,AGL,CE,Towers with Radar,0,7,53,2,62,0,11,56,7,74,0,18,109,9,136,88,10,98,234
09/15/2015,STP,MN,AGL,CE,Towers with Radar,0,16,77,3,96,0,7,36,27,70,0,23,113,30,166,24,16,40,206
09/16/2015,STP,MN,AGL,CE,Towers with Radar,0,9,47,1,57,0,22,29,30,81,0,31,76,31,138,50,32,82,220
09/17/2015,STP,MN,AGL,CE,Towers with Radar,0,6,56,3,65,0,4,5,8,17,0,10,61,11,82,8,0,8,90
09/18/2015,STP,MN,AGL,CE,Towers with Radar,0,8,76,6,90,0,0,24,9,33,0,8,100,15,123,16,32,48,171
09/19/2015,STP,MN,AGL,CE,Towers with Radar,0,6,23,0,29,0,24,43,0,67,0,30,66,0,96,52,0,52,148
09/20/2015,STP,MN,AGL,CE,Towers with Radar,0,10,36,2,48,0,7,20,0,27,0,17,56,2,75,30,0,30,105
09/21/2015,STP,MN,AGL,CE,Towers with Radar,0,18,81,3,102,0,10,31,0,41,0,28,112,3,143,48,0,48,191
09/22/2015,STP,MN,AGL,CE,Towers with Radar,0,43,112,4,159,0,13,32,19,64,0,56,144,23,223,52,6,58,281
09/23/2015,STP,MN,AGL,CE,Towers with Radar,0,23,71,0,94,0,3,15,13,31,0,26,86,13,125,26,42,68,193
09/24/2015,STP,MN,AGL,CE,Towers with Radar,0,44,139,5,188,0,8,28,12,48,0,52,167,17,236,22,0,22,258
09/25/2015,STP,MN,AGL,CE,Towers with Radar,0,13,51,1,65,0,8,68,8,84,0,21,119,9,149,108,6,114,263
09/26/2015,STP,MN,AGL,CE,Towers with Radar,0,4,36,1,41,0,18,358,2,378,0,22,394,3,419,162,0,162,581
09/27/2015,STP,MN,AGL,CE,Towers with Radar,0,11,38,1,50,0,1,45,0,46,0,12,83,1,96,26,0,26,122
09/28/2015,STP,MN,AGL,CE,Towers with Radar,0,16,65,4,85,0,1,34,6,41,0,17,99,10,126,28,0,28,154
09/29/2015,STP,MN,AGL,CE,Towers with Radar,0,10,64,6,80,0,7,45,19,71,0,17,109,25,151,38,30,68,219
09/30/2015,STP,MN,AGL,CE,Towers with Radar,0,15,58,3,76,0,15,51,23,89,0,30,109,26,165,90,24,114,279
10/01/2015,STP,MN,AGL,CE,Towers with Radar,2,10,48,6,66,0,11,37,16,64,2,21,85,22,130,80,16,96,226
10/02/2015,STP,MN,AGL,CE,Towers with Radar,0,16,40,6,62,0,10,26,7,43,0,26,66,13,105,40,0,40,145
10/03/2015,STP,MN,AGL,CE,Towers with Radar,0,4,26,0,30,0,19,39,0,58,0,23,65,0,88,82,0,82,170
10/04/2015,STP,MN,AGL,CE,Towers with Radar,0,6,36,0,42,0,4,28,3,35,0,10,64,3,77,34,0,34,111
10/05/2015,STP,MN,AGL,CE,Towers with Radar,0,12,44,2,58,0,6,19,0,25,0,18,63,2,83,0,0,0,83
10/06/2015,STP,MN,AGL,CE,Towers with Radar,0,7,45,3,55,0,11,46,14,71,0,18,91,17,126,64,4,68,194
10/07/2015,STP,MN,AGL,CE,Towers with Radar,0,17,61,4,82,0,8,23,32,63,0,25,84,36,145,36,46,82,227
10/08/2015,STP,MN,AGL,CE,Towers with Radar,0,6,63,3,72,0,11,19,10,40,0,17,82,13,112,58,12,70,182
10/09/2015,STP,MN,AGL,CE,Towers with Radar,0,15,46,0,61,0,15,40,3,58,0,30,86,3,119,46,0,46,165
10/10/2015,STP,MN,AGL,CE,Towers with Radar,0,6,22,0,28,0,11,37,0,48,0,17,59,0,76,38,0,38,114
10/11/2015,STP,MN,AGL,CE,Towers with Radar,0,6,31,0,37,0,2,14,2,18,0,8,45,2,55,8,0,8,63
10/12/2015,STP,MN,AGL,CE,Towers with Radar,0,10,43,0,53,0,1,3,0,4,0,11,46,0,57,4,0,4,61
10/13/2015,STP,MN,AGL,CE,Towers with Radar,0,18,47,8,73,0,11,16,11,38,0,29,63,19,111,34,0,34,145
10/14/2015,STP,MN,AGL,CE,Towers with Radar,0,16,48,5,69,0,10,55,15,80,0,26,103,20,149,65,4,69,218
10/15/2015,STP,MN,AGL,CE,Towers with Radar,0,16,43,7,66,0,5,25,46,76,0,21,68,53,142,30,18,48,190
10/16/2015,STP,MN,AGL,CE,Towers with Radar,0,11,55,6,72,0,10,74,8,92,0,21,129,14,164,14,0,14,178
10/17/2015,STP,MN,AGL,CE,Towers with Radar,0,7,25,0,32,0,9,33,0,42,0,16,58,0,74,64,0,64,138
10/18/2015,STP,MN,AGL,CE,Towers with Radar,0,13,70,0,83,0,9,22,0,31,0,22,92,0,114,32,0,32,146
10/19/2015,STP,MN,AGL,CE,Towers with Radar,0,15,25,0,40,0,12,34,0,46,0,27,59,0,86,218,0,218,304
10/20/2015,STP,MN,AGL,CE,Towers with Radar,0,18,70,1,89,0,3,42,20,65,0,21,112,21,154,138,4,142,296
10/21/2015,STP,MN,AGL,CE,Towers with Radar,0,13,43,3,59,0,7,29,13,49,0,20,72,16,108,32,6,38,146
10/22/2015,STP,MN,AGL,CE,Towers with Radar,0,15,60,2,77,0,6,69,12,87,0,21,129,14,164,108,8,116,280
10/23/2015,STP,MN,AGL,CE,Towers with Radar,0,3,29,2,34,0,0,6,10,16,0,3,35,12,50,12,14,26,76
10/24/2015,STP,MN,AGL,CE,Towers with Radar,0,7,21,2,30,0,7,24,22,53,0,14,45,24,83,12,22,34,117
10/25/2015,STP,MN,AGL,CE,Towers with Radar,0,5,33,2,40,0,2,28,7,37,0,7,61,9,77,42,0,42,119
10/26/2015,STP,MN,AGL,CE,Towers with Radar,0,7,47,3,57,0,2,36,0,38,0,9,83,3,95,84,0,84,179
10/27/2015,STP,MN,AGL,CE,Towers with Radar,0,4,58,3,65,0,4,34,18,56,0,8,92,21,121,110,42,152,273
10/28/2015,STP,MN,AGL,CE,Towers with Radar,0,15,53,2,70,0,0,0,2,2,0,15,53,4,72,0,12,12,84
10/29/2015,STP,MN,AGL,CE,Towers with Radar,0,15,48,10,73,0,4,16,13,33,0,19,64,23,106,0,12,12,118
10/30/2015,STP,MN,AGL,CE,Towers with Radar,1,8,49,4,62,0,17,40,4,61,1,25,89,8,123,68,6,74,197
10/31/2015,STP,MN,AGL,CE,Towers with Radar,0,6,26,0,32,0,0,0,0,0,0,6,26,0,32,0,0,0,32
11/01/2015,STP,MN,AGL,CE,Towers with Radar,0,10,33,0,43,0,3,44,0,47,0,13,77,0,90,118,0,118,208
11/02/2015,STP,MN,AGL,CE,Towers with Radar,0,17,32,0,49,0,6,50,0,56,0,23,82,0,105,122,0,122,227
11/03/2015,STP,MN,AGL,CE,Towers with Radar,0,20,43,2,65,0,3,54,12,69,0,23,97,14,134,104,0,104,238
11/04/2015,STP,MN,AGL,CE,Towers with Radar,0,7,34,5,46,0,7,6,4,17,0,14,40,9,63,0,26,26,89
11/05/2015,STP,MN,AGL,CE,Towers with Radar,0,17,42,4,63,0,2,17,9,28,0,19,59,13,91,0,0,0,91
11/06/2015,STP,MN,AGL,CE,Towers with Radar,0,9,38,4,51,0,10,44,1,55,0,19,82,5,106,72,0,72,178
11/07/2015,STP,MN,AGL,CE,Towers with Radar,0,7,21,2,30,0,24,61,16,101,0,31,82,18,131,72,8,80,211
11/08/2015,STP,MN,AGL,CE,Towers with Radar,0,7,38,2,47,0,12,33,0,45,0,19,71,2,92,50,10,60,152
11/09/2015,STP,MN,AGL,CE,Towers with Radar,0,14,57,1,72,0,2,39,4,45,0,16,96,5,117,84,0,84,201
11/10/2015,STP,MN,AGL,CE,Towers with Radar,1,14,63,1,79,0,1,60,14,75,1,15,123,15,154,68,16,84,238
11/11/2015,STP,MN,AGL,CE,Towers with Radar,0,5,47,0,52,0,1,30,0,31,0,6,77,0,83,52,0,52,135
11/12/2015,STP,MN,AGL,CE,Towers with Radar,0,14,38,2,54,0,1,3,12,16,0,15,41,14,70,0,5,5,75
11/13/2015,STP,MN,AGL,CE,Towers with Radar,0,11,40,5,56,0,5,39,10,54,0,16,79,15,110,48,6,54,164
11/14/2015,STP,MN,AGL,CE,Towers with Radar,0,8,25,2,35,0,9,53,18,80,0,17,78,20,115,72,22,94,209
11/15/2015,STP,MN,AGL,CE,Towers with Radar,0,13,39,0,52,0,7,28,2,37,0,20,67,2,89,74,4,78,167
11/16/2015,STP,MN,AGL,CE,Towers with Radar,0,7,36,2,45,0,0,2,0,2,0,7,38,2,47,0,0,0,47
11/17/2015,STP,MN,AGL,CE,Towers with Radar,0,7,54,2,63,0,0,0,0,0,0,7,54,2,63,0,0,0,63
11/18/2015,STP,MN,AGL,CE,Towers with Radar,0,6,66,0,72,0,1,0,0,1,0,7,66,0,73,0,0,0,73
11/19/2015,STP,MN,AGL,CE,Towers with Radar,0,9,43,2,54,0,7,8,29,44,0,16,51,31,98,0,2,2,100
11/20/2015,STP,MN,AGL,CE,Towers with Radar,0,14,52,3,69,0,7,35,4,46,0,21,87,7,115,66,0,66,181
11/21/2015,STP,MN,AGL,CE,Towers with Radar,0,9,15,1,25,0,9,34,0,43,0,18,49,1,68,62,0,62,130
11/22/2015,STP,MN,AGL,CE,Towers with Radar,0,12,43,0,55,0,4,15,0,19,0,16,58,0,74,16,0,16,90
11/23/2015,STP,MN,AGL,CE,Towers with Radar,0,15,34,0,49,0,7,30,6,43,0,22,64,6,92,60,0,60,152
11/24/2015,STP,MN,AGL,CE,Towers with Radar,0,7,40,8,55,0,14,35,12,61,0,21,75,20,116,48,8,56,172
11/25/2015,STP,MN,AGL,CE,Towers with Radar,0,8,37,0,45,0,2,33,0,35,0,10,70,0,80,10,0,10,90
11/26/2015,STP,MN,AGL,CE,Towers with Radar,0,3,6,0,9,0,1,0,0,1,0,4,6,0,10,0,0,0,10
11/27/2015,STP,MN,AGL,CE,Towers with Radar,0,6,21,0,27,0,3,27,0,30,0,9,48,0,57,52,0,52,109
11/28/2015,STP,MN,AGL,CE,Towers with Radar,0,6,23,1,30,0,10,41,0,51,0,16,64,1,81,82,0,82,163
11/29/2015,STP,MN,AGL,CE,Towers with Radar,0,12,51,0,63,0,4,32,0,36,0,16,83,0,99,26,0,26,125
11/30/2015,STP,MN,AGL,CE,Towers with Radar,0,11,22,0,33,0,0,0,0,0,0,11,22,0,33,0,0,0,33
12/01/2015,STP,MN,AGL,CE,Towers with Radar,0,8,25,0,33,0,5,14,13,32,0,13,39,13,65,24,46,70,135
12/02/2015,STP,MN,AGL,CE,Towers with Radar,0,14,51,2,67,0,0,7,12,19,0,14,58,14,86,0,10,10,96
12/03/2015,STP,MN,AGL,CE,Towers with Radar,0,10,62,4,76,0,5,29,17,51,0,15,91,21,127,24,30,54,181
12/04/2015,STP,MN,AGL,CE,Towers with Radar,0,4,44,2,50,0,12,31,15,58,0,16,75,17,108,118,16,134,242
12/05/2015,STP,MN,AGL,CE,Towers with Radar,0,8,31,0,39,0,3,16,0,19,0,11,47,0,58,12,0,12,70
12/06/2015,STP,MN,AGL,CE,Towers with Radar,0,14,47,0,61,0,0,0,0,0,0,14,47,0,61,0,0,0,61
12/07/2015,STP,MN,AGL,CE,Towers with Radar,0,13,49,1,63,0,5,36,1,42,0,18,85,2,105,52,0,52,157
12/08/2015,STP,MN,AGL,CE,Towers with Radar,0,21,49,1,71,0,7,20,23,50,0,28,69,24,121,36,30,66,187
12/09/2015,STP,MN,AGL,CE,Towers with Radar,0,19,36,1,56,0,14,49,21,84,0,33,85,22,140,70,52,122,262
12/10/2015,STP,MN,AGL,CE,Towers with Radar,0,8,46,0,54,0,5,15,18,38,0,13,61,18,92,24,10,34,126
12/11/2015,STP,MN,AGL,CE,Towers with Radar,0,3,38,1,42,0,4,23,0,27,0,7,61,1,69,94,0,94,163
12/12/2015,STP,MN,AGL,CE,Towers with Radar,0,2,16,2,20,0,0,7,0,7,0,2,23,2,27,64,0,64,91
12/13/2015,STP,MN,AGL,CE,Towers with Radar,0,1,15,0,16,0,0,0,0,0,0,1,15,0,16,0,0,0,16
12/14/2015,STP,MN,AGL,CE,Towers with Radar,0,11,54,0,65,0,0,0,0,0,0,11,54,0,65,0,0,0,65
12/15/2015,STP,MN,AGL,CE,Towers with Radar,2,11,56,3,72,0,0,0,1,1,2,11,56,4,73,0,24,24,97
12/16/2015,STP,MN,AGL,CE,Towers with Radar,0,9,42,2,53,0,0,0,1,1,0,9,42,3,54,0,18,18,72
12/17/2015,STP,MN,AGL,CE,Towers with Radar,0,11,56,4,71,0,4,10,19,33,0,15,66,23,104,26,34,60,164
12/18/2015,STP,MN,AGL,CE,Towers with Radar,0,8,39,0,47,0,9,17,0,26,0,17,56,0,73,26,0,26,99
12/19/2015,STP,MN,AGL,CE,Towers with Radar,0,5,33,0,38,0,10,54,0,64,0,15,87,0,102,94,0,94,196
12/20/2015,STP,MN,AGL,CE,Towers with Radar,0,9,32,2,43,0,7,10,0,17,0,16,42,2,60,12,0,12,72
12/21/2015,STP,MN,AGL,CE,Towers with Radar,0,11,51,0,62,0,2,7,0,9,0,13,58,0,71,10,0,10,81
12/22/2015,STP,MN,AGL,CE,Towers with Radar,0,20,49,2,71,0,5,8,10,23,0,25,57,12,94,40,24,64,158
12/23/2015,STP,MN,AGL,CE,Towers with Radar,0,12,21,0,33,0,0,0,0,0,0,12,21,0,33,0,0,0,33
12/24/2015,STP,MN,AGL,CE,Towers with Radar,0,10,6,0,16,0,3,2,0,5,0,13,8,0,21,0,0,0,21
12/25/2015,STP,MN,AGL,CE,Towers with Radar,0,5,7,0,12,0,0,0,0,0,0,5,7,0,12,0,0,0,12
12/26/2015,STP,MN,AGL,CE,Towers with Radar,0,9,22,0,31,0,0,6,0,6,0,9,28,0,37,28,0,28,65
12/27/2015,STP,MN,AGL,CE,Towers with Radar,0,5,32,2,39,1,7,11,0,19,1,12,43,2,58,42,0,42,100
12/28/2015,STP,MN,AGL,CE,Towers with Radar,0,14,17,0,31,0,3,9,0,12,0,17,26,0,43,24,0,24,67
12/29/2015,STP,MN,AGL,CE,Towers with Radar,0,2,25,6,33,0,0,0,1,1,0,2,25,7,34,40,14,54,88
12/30/2015,STP,MN,AGL,CE,Towers with Radar,0,4,16,4,24,0,1,1,17,19,0,5,17,21,43,0,24,24,67
12/31/2015,STP,MN,AGL,CE,Towers with Radar,0,3,10,1,14,0,1,10,6,17,0,4,20,7,31,8,20,28,59
01/01/2016,STP,MN,AGL,CE,Towers with Radar,0,6,12,0,18,0,6,12,0,18,0,12,24,0,36,10,0,10,46
01/02/2016,STP,MN,AGL,CE,Towers with Radar,0,8,30,0,38,0,5,48,0,53,0,13,78,0,91,84,0,84,175
01/03/2016,STP,MN,AGL,CE,Towers with Radar,0,7,36,0,43,0,2,27,0,29,0,9,63,0,72,24,0,24,96
01/04/2016,STP,MN,AGL,CE,Towers with Radar,0,16,17,0,33,0,3,14,14,31,0,19,31,14,64,38,0,38,102
01/05/2016,STP,MN,AGL,CE,Towers with Radar,0,7,38,4,49,0,12,28,14,54,0,19,66,18,103,44,16,60,163
01/06/2016,STP,MN,AGL,CE,Towers with Radar,0,5,48,0,53,0,1,14,5,20,0,6,62,5,73,28,0,28,101
01/07/2016,STP,MN,AGL,CE,Towers with Radar,0,6,28,0,34,0,0,0,0,0,0,6,28,0,34,0,0,0,34
01/08/2016,STP,MN,AGL,CE,Towers with Radar,0,9,17,1,27,0,0,0,0,0,0,9,17,1,27,0,0,0,27
01/09/2016,STP,MN,AGL,CE,Towers with Radar,0,5,21,1,27,0,6,17,15,38,0,11,38,16,65,32,26,58,123
01/10/2016,STP,MN,AGL,CE,Towers with Radar,0,10,40,2,52,0,1,4,0,5,0,11,44,2,57,6,0,6,63
01/11/2016,STP,MN,AGL,CE,Towers with Radar,0,8,25,1,34,0,2,3,0,5,0,10,28,1,39,0,0,0,39
01/12/2016,STP,MN,AGL,CE,Towers with Radar,0,15,43,4,62,0,1,15,19,35,0,16,58,23,97,44,18,62,159
01/13/2016,STP,MN,AGL,CE,Towers with Radar,0,10,24,8,42,0,7,29,14,50,0,17,53,22,92,88,62,150,242
01/14/2016,STP,MN,AGL,CE,Towers with Radar,0,12,30,4,46,0,0,6,14,20,0,12,36,18,66,10,40,50,116
01/15/2016,STP,MN,AGL,CE,Towers with Radar,0,7,23,3,33,0,2,6,3,11,0,9,29,6,44,0,0,0,44
01/16/2016,STP,MN,AGL,CE,Towers with Radar,0,5,19,0,24,0,1,6,1,8,0,6,25,1,32,4,0,4,36
01/17/2016,STP,MN,AGL,CE,Towers with Radar,0,1,14,0,15,0,1,2,0,3,0,2,16,0,18,0,0,0,18
01/18/2016,STP,MN,AGL,CE,Towers with Radar,1,7,31,0,39,0,2,10,0,12,1,9,41,0,51,0,0,0,51
01/19/2016,STP,MN,AGL,CE,Towers with Radar,0,8,51,5,64,0,1,17,23,41,0,9,68,28,105,8,38,46,151
01/20/2016,STP,MN,AGL,CE,Towers with Radar,0,8,53,5,66,0,4,13,7,24,0,12,66,12,90,18,0,18,108
01/21/2016,STP,MN,AGL,CE,Towers with Radar,0,12,28,0,40,0,7,7,2,16,0,19,35,2,56,0,36,36,92
01/22/2016,STP,MN,AGL,CE,Towers with Radar,0,10,24,0,34,0,3,12,4,19,0,13,36,4,53,18,8,26,79
01/23/2016,STP,MN,AGL,CE,Towers with Radar,0,11,27,0,38,0,1,5,0,6,0,12,32,0,44,2,0,2,46
01/24/2016,STP,MN,AGL,CE,Towers with Radar,0,7,21,0,28,0,0,0,0,0,0,7,21,0,28,0,0,0,28
01/25/2016,STP,MN,AGL,CE,Towers with Radar,0,12,36,1,49,0,0,0,0,0,0,12,36,1,49,0,0,0,49
01/26/2016,STP,MN,AGL,CE,Towers with Radar,0,8,47,2,57,0,19,17,25,61,0,27,64,27,118,46,40,86,204
01/27/2016,STP,MN,AGL,CE,Towers with Radar,0,9,40,6,55,0,5,4,8,17,0,14,44,14,72,0,0,0,72
01/28/2016,STP,MN,AGL,CE,Towers with Radar,0,8,35,1,44,0,11,29,20,60,0,19,64,21,104,56,26,82,186
01/29/2016,STP,MN,AGL,CE,Towers with Radar,0,7,46,3,56,0,7,28,0,35,0,14,74,3,91,34,12,46,137
01/30/2016,STP,MN,AGL,CE,Towers with Radar,0,7,28,0,35,0,8,17,0,25,0,15,45,0,60,10,0,10,70
01/31/2016,STP,MN,AGL,CE,Towers with Radar,0,8,29,0,37,0,11,32,0,43,0,19,61,0,80,86,0,86,166
02/01/2016,STP,MN,AGL,CE,Towers with Radar,0,10,35,1,46,0,3,14,2,19,0,13,49,3,65,34,4,38,103
02/02/2016,STP,MN,AGL,CE,Towers with Radar,0,10,17,0,27,0,1,1,0,2,0,11,18,0,29,0,0,0,29
02/03/2016,STP,MN,AGL,CE,Towers with Radar,0,11,47,2,60,0,3,8,10,21,0,14,55,12,81,0,10,10,91
02/04/2016,STP,MN,AGL,CE,Towers with Radar,0,8,35,4,47,0,0,2,16,18,0,8,37,20,65,6,2,8,73
02/05/2016,STP,MN,AGL,CE,Towers with Radar,0,10,24,1,35,0,4,26,2,32,0,14,50,3,67,18,0,18,85
02/06/2016,STP,MN,AGL,CE,Towers with Radar,0,13,31,0,44,0,0,15,0,15,0,13,46,0,59,20,0,20,79
02/07/2016,STP,MN,AGL,CE,Towers with Radar,0,3,20,0,23,0,1,3,0,4,0,4,23,0,27,10,0,10,37
02/08/2016,STP,MN,AGL,CE,Towers with Radar,0,8,36,0,44,0,2,1,0,3,0,10,37,0,47,0,0,0,47
02/09/2016,STP,MN,AGL,CE,Towers with Radar,0,8,35,1,44,0,8,27,22,57,0,16,62,23,101,60,38,98,199
02/10/2016,STP,MN,AGL,CE,Towers with Radar,0,4,44,2,50,0,2,34,19,55,0,6,78,21,105,52,26,78,183
02/11/2016,STP,MN,AGL,CE,Towers with Radar,0,10,40,2,52,0,3,34,26,63,0,13,74,28,115,62,60,122,237
02/12/2016,STP,MN,AGL,CE,Towers with Radar,0,6,38,2,46,0,6,11,2,19,0,12,49,4,65,36,4,40,105
02/13/2016,STP,MN,AGL,CE,Towers with Radar,0,11,18,2,31,0,17,43,9,69,0,28,61,11,100,80,0,80,180
02/14/2016,STP,MN,AGL,CE,Towers with Radar,0,12,14,0,26,0,0,0,0,0,0,12,14,0,26,0,0,0,26
02/15/2016,STP,MN,AGL,CE,Towers with Radar,0,8,28,0,36,0,11,21,0,32,0,19,49,0,68,36,0,36,104
02/16/2016,STP,MN,AGL,CE,Towers with Radar,0,9,43,0,52,0,8,36,18,62,0,17,79,18,114,92,38,130,244
02/17/2016,STP,MN,AGL,CE,Towers with Radar,0,8,43,6,57,0,16,46,21,83,0,24,89,27,140,100,14,114,254
02/18/2016,STP,MN,AGL,CE,Towers with Radar,0,17,29,2,48,0,7,39,19,65,0,24,68,21,113,48,6,54,167
02/19/2016,STP,MN,AGL,CE,Towers with Radar,0,5,41,0,46,0,3,4,3,10,0,8,45,3,56,10,6,16,72
02/20/2016,STP,MN,AGL,CE,Towers with Radar,0,7,26,1,34,0,7,27,24,58,0,14,53,25,92,40,46,86,178
02/21/2016,STP,MN,AGL,CE,Towers with Radar,0,11,26,2,39,0,4,25,0,29,0,15,51,2,68,48,4,52,120
02/22/2016,STP,MN,AGL,CE,Towers with Radar,0,12,38,2,52,0,3,48,0,51,0,15,86,2,103,82,0,82,185
02/23/2016,STP,MN,AGL,CE,Towers with Radar,1,11,53,2,67,0,1,6,13,20,1,12,59,15,87,28,38,66,153
02/24/2016,STP,MN,AGL,CE,Towers with Radar,0,13,51,2,66,0,5,18,11,34,0,18,69,13,100,25,0,25,125
02/25/2016,STP,MN,AGL,CE,Towers with Radar,0,10,50,1,61,0,6,31,14,51,0,16,81,15,112,86,6,92,204
02/26/2016,STP,MN,AGL,CE,Towers with Radar,0,3,48,2,53,0,3,29,6,38,0,6,77,8,91,28,24,52,143
02/27/2016,STP,MN,AGL,CE,Towers with Radar,0,4,22,0,26,0,6,81,0,87,0,10,103,0,113,144,0,144,257
02/28/2016,STP,MN,AGL,CE,Towers with Radar,0,9,22,0,31,0,9,5,0,14,0,18,27,0,45,6,0,6,51
02/29/2016,STP,MN,AGL,CE,Towers with Radar,0,16,45,1,62,0,6,31,5,42,0,22,76,6,104,48,44,92,196
03/01/2016,STP,MN,AGL,CE,Towers with Radar,0,9,44,3,56,0,20,35,22,77,0,29,79,25,133,90,26,116,249
03/02/2016,STP,MN,AGL,CE,Towers with Radar,0,10,51,1,62,0,6,52,25,83,0,16,103,26,145,90,28,118,263
03/03/2016,STP,MN,AGL,CE,Towers with Radar,0,12,40,0,52,0,3,25,24,52,0,15,65,24,104,34,34,68,172
03/04/2016,STP,MN,AGL,CE,Towers with Radar,0,14,26,0,40,0,1,7,2,10,0,15,33,2,50,4,6,10,60
03/05/2016,STP,MN,AGL,CE,Towers with Radar,0,3,18,0,21,0,8,48,0,56,0,11,66,0,77,136,0,136,213
03/06/2016,STP,MN,AGL,CE,Towers with Radar,0,4,18,0,22,0,10,14,0,24,0,14,32,0,46,30,0,30,76
03/07/2016,STP,MN,AGL,CE,Towers with Radar,0,21,37,4,62,0,3,38,0,41,0,24,75,4,103,46,0,46,149
03/08/2016,STP,MN,AGL,CE,Towers with Radar,0,15,41,12,68,0,2,33,12,47,0,17,74,24,115,44,46,90,205
03/09/2016,STP,MN,AGL,CE,Towers with Radar,0,14,38,1,53,0,0,0,1,1,0,14,38,2,54,0,6,6,60
03/10/2016,STP,MN,AGL,CE,Towers with Radar,0,6,46,0,52,0,5,26,31,62,0,11,72,31,114,40,104,144,258
03/11/2016,STP,MN,AGL,CE,Towers with Radar,0,8,25,2,35,0,4,42,2,48,0,12,67,4,83,60,0,60,143
03/12/2016,STP,MN,AGL,CE,Towers with Radar,0,15,25,0,40,0,15,77,0,92,0,30,102,0,132,144,0,144,276
03/13/2016,STP,MN,AGL,CE,Towers with Radar,0,6,34,0,40,0,2,37,0,39,0,8,71,0,79,68,0,68,147
03/14/2016,STP,MN,AGL,CE,Towers with Radar,0,11,38,0,49,0,3,4,0,7,0,14,42,0,56,0,0,0,56
03/15/2016,STP,MN,AGL,CE,Towers with Radar,0,19,39,6,64,0,1,4,0,5,0,20,43,6,69,0,0,0,69
03/16/2016,STP,MN,AGL,CE,Towers with Radar,0,8,41,3,52,0,0,11,12,23,0,8,52,15,75,4,8,12,87
03/17/2016,STP,MN,AGL,CE,Towers with Radar,0,7,36,4,47,0,2,21,18,41,0,9,57,22,88,80,42,122,210
03/18/2016,STP,MN,AGL,CE,Towers with Radar,0,8,34,4,46,0,11,22,38,71,0,19,56,42,117,18,90,108,225
03/19/2016,STP,MN,AGL,CE,Towers with Radar,0,5,23,6,34,0,7,41,9,57,0,12,64,15,91,64,24,88,179
03/20/2016,STP,MN,AGL,CE,Towers with Radar,0,3,21,2,26,0,12,46,2,60,0,15,67,4,86,74,0,74,160
03/21/2016,STP,MN,AGL,CE,Towers with Radar,0,14,42,0,56,0,9,64,0,73,0,23,106,0,129,116,0,116,245
03/22/2016,STP,MN,AGL,CE,Towers with Radar,0,11,41,8,60,0,8,54,35,97,0,19,95,43,157,84,52,136,293
03/23/2016,STP,MN,AGL,CE,Towers with Radar,0,5,27,0,32,0,0,4,0,4,0,5,31,0,36,4,0,4,40
03/24/2016,STP,MN,AGL,CE,Towers with Radar,0,13,49,2,64,0,11,25,22,58,0,24,74,24,122,46,48,94,216
03/25/2016,STP,MN,AGL,CE,Towers with Radar,0,5,27,0,32,0,1,17,5,23,0,6,44,5,55,8,0,8,63
03/26/2016,STP,MN,AGL,CE,Towers with Radar,0,2,6,0,8,0,0,17,0,17,0,2,23,0,25,58,0,58,83
03/27/2016,STP,MN,AGL,CE,Towers with Radar,0,5,15,0,20,0,0,3,0,3,0,5,18,0,23,2,0,2,25
03/28/2016,STP,MN,AGL,CE,Towers with Radar,0,12,40,2,54,0,19,53,2,74,0,31,93,4,128,114,0,114,242
03/29/2016,STP,MN,AGL,CE,Towers with Radar,0,12,43,3,58,0,13,29,30,72,0,25,72,33,130,42,74,116,246
03/30/2016,STP,MN,AGL,CE,Towers with Radar,0,8,40,0,48,0,1,13,5,19,0,9,53,5,67,10,8,18,85
03/31/2016,STP,MN,AGL,CE,Towers with Radar,0,6,36,6,48,0,0,16,28,44,0,6,52,34,92,12,8,20,112
04/01/2016,STP,MN,AGL,CE,Towers with Radar,0,9,20,1,30,0,2,22,3,27,0,11,42,4,57,32,0,32,89
04/02/2016,STP,MN,AGL,CE,Towers with Radar,0,7,10,1,18,0,8,26,5,39,0,15,36,6,57,72,8,80,137
04/03/2016,STP,MN,AGL,CE,Towers with Radar,0,7,24,0,31,0,9,34,6,49,0,16,58,6,80,70,10,80,160
04/04/2016,STP,MN,AGL,CE,Towers with Radar,0,13,43,1,57,0,9,40,0,49,0,22,83,1,106,44,0,44,150
04/05/2016,STP,MN,AGL,CE,Towers with Radar,0,15,41,4,60,0,3,18,16,37,0,18,59,20,97,26,10,36,133
04/06/2016,STP,MN,AGL,CE,Towers with Radar,0,15,48,2,65,4,5,18,21,48,4,20,66,23,113,52,18,70,183
04/07/2016,STP,MN,AGL,CE,Towers with Radar,0,9,50,1,60,0,8,54,15,77,0,17,104,16,137,62,12,74,211
04/08/2016,STP,MN,AGL,CE,Towers with Radar,0,12,44,1,57,0,0,5,0,5,0,12,49,1,62,0,0,0,62
04/09/2016,STP,MN,AGL,CE,Towers with Radar,0,12,26,1,39,0,7,64,1,72,0,19,90,2,111,108,0,108,219
04/10/2016,STP,MN,AGL,CE,Towers with Radar,0,9,25,1,35,0,6,31,4,41,0,15,56,5,76,40,12,52,128
04/11/2016,STP,MN,AGL,CE,Towers with Radar,0,6,44,2,52,0,7,27,5,39,0,13,71,7,91,68,10,78,169
04/12/2016,STP,MN,AGL,CE,Towers with Radar,0,13,51,1,65,0,10,30,22,62,0,23,81,23,127,64,34,98,225
04/13/2016,STP,MN,AGL,CE,Towers with Radar,0,11,64,2,77,0,9,76,42,127,0,20,140,44,204,86,34,120,324
04/14/2016,STP,MN,AGL,CE,Towers with Radar,0,13,51,5,69,0,1,31,16,48,0,14,82,21,117,30,12,42,159
04/15/2016,STP,MN,AGL,CE,Towers with Radar,0,9,50,6,65,0,4,60,7,71,0,13,110,13,136,82,0,82,218
04/16/2016,STP,MN,AGL,CE,Towers with Radar,0,14,33,0,47,0,12,54,0,66,0,26,87,0,113,74,0,74,187
04/17/2016,STP,MN,AGL,CE,Towers with Radar,0,8,51,2,61,0,10,61,1,72,0,18,112,3,133,117,0,117,250
04/18/2016,STP,MN,AGL,CE,Towers with Radar,0,7,48,4,59,0,4,34,2,40,0,11,82,6,99,52,0,52,151
04/19/2016,STP,MN,AGL,CE,Towers with Radar,0,11,56,5,72,0,8,29,17,54,0,19,85,22,126,66,26,92,218
04/20/2016,STP,MN,AGL,CE,Towers with Radar,0,10,53,2,65,0,0,23,13,36,0,10,76,15,101,22,38,60,161
04/21/2016,STP,MN,AGL,CE,Towers with Radar,0,9,47,5,61,0,0,10,14,24,0,9,57,19,85,0,56,56,141
04/22/2016,STP,MN,AGL,CE,Towers with Radar,0,10,48,2,60,0,4,43,18,65,0,14,91,20,125,38,18,56,181
04/23/2016,STP,MN,AGL,CE,Towers with Radar,0,23,15,0,38,0,8,44,3,55,0,31,59,3,93,106,0,106,199
04/24/2016,STP,MN,AGL,CE,Towers with Radar,0,5,21,0,26,0,0,0,0,0,0,5,21,0,26,0,0,0,26
04/25/2016,STP,MN,AGL,CE,Towers with Radar,0,9,32,3,44,0,0,2,0,2,0,9,34,3,46,0,0,0,46
04/26/2016,STP,MN,AGL,CE,Towers with Radar,0,5,35,8,48,0,6,33,25,64,0,11,68,33,112,40,30,70,182
04/27/2016,STP,MN,AGL,CE,Towers with Radar,0,15,30,4,49,0,3,23,7,33,0,18,53,11,82,68,6,74,156
04/28/2016,STP,MN,AGL,CE,Towers with Radar,0,11,63,4,78,0,3,15,10,28,0,14,78,14,106,0,24,24,130
04/29/2016,STP,MN,AGL,CE,Towers with Radar,0,13,53,4,70,0,2,38,9,49,0,15,91,13,119,30,0,30,149
04/30/2016,STP,MN,AGL,CE,Towers with Radar,0,6,19,0,25,0,4,44,0,48,0,10,63,0,73,46,0,46,119
05/01/2016,STP,MN,AGL,CE,Towers with Radar,0,8,30,0,38,0,4,30,0,34,0,12,60,0,72,70,0,70,142
05/02/2016,STP,MN,AGL,CE,Towers with Radar,0,11,43,3,57,0,0,36,1,37,0,11,79,4,94,46,0,46,140
05/03/2016,STP,MN,AGL,CE,Towers with Radar,0,5,48,0,53,0,8,46,13,67,0,13,94,13,120,30,6,36,156
05/04/2016,STP,MN,AGL,CE,Towers with Radar,0,24,88,6,118,0,13,59,17,89,0,37,147,23,207,84,34,118,325
05/05/2016,STP,MN,AGL,CE,Towers with Radar,0,14,46,4,64,0,15,51,8,74,0,29,97,12,138,88,12,100,238
05/06/2016,STP,MN,AGL,CE,Towers with Radar,0,4,43,1,48,0,3,34,0,37,0,7,77,1,85,26,0,26,111
05/07/2016,STP,MN,AGL,CE,Towers with Radar,0,5,25,0,30,0,4,25,0,29,0,9,50,0,59,18,0,18,77
05/08/2016,STP,MN,AGL,CE,Towers with Radar,0,6,31,0,37,0,5,38,0,43,0,11,69,0,80,30,0,30,110
05/09/2016,STP,MN,AGL,CE,Towers with Radar,0,16,57,0,73,0,1,5,1,7,0,17,62,1,80,4,0,4,84
05/10/2016,STP,MN,AGL,CE,Towers with Radar,0,11,53,7,71,0,3,8,0,11,0,14,61,7,82,0,6,6,88
05/11/2016,STP,MN,AGL,CE,Towers with Radar,0,10,48,11,69,0,0,4,0,4,0,10,52,11,73,0,0,0,73
05/12/2016,STP,MN,AGL,CE,Towers with Radar,0,7,64,3,74,0,4,28,23,55,0,11,92,26,129,50,30,80,209
05/13/2016,STP,MN,AGL,CE,Towers with Radar,0,11,38,1,50,0,2,12,5,19,0,13,50,6,69,0,0,0,69
05/14/2016,STP,MN,AGL,CE,Towers with Radar,0,3,24,2,29,0,4,25,16,45,0,7,49,18,74,28,6,34,108
05/15/2016,STP,MN,AGL,CE,Towers with Radar,0,3,13,2,18,0,2,24,6,32,0,5,37,8,50,56,0,56,106
05/16/2016,STP,MN,AGL,CE,Towers with Radar,0,6,39,2,47,0,9,51,0,60,0,15,90,2,107,84,0,84,191
05/17/2016,STP,MN,AGL,CE,Towers with Radar,0,9,72,6,87,0,6,36,21,63,0,15,108,27,150,60,28,88,238
05/18/2016,STP,MN,AGL,CE,Towers with Radar,0,4,62,2,68,0,12,54,7,73,0,16,116,9,141,52,6,58,199
05/19/2016,STP,MN,AGL,CE,Towers with Radar,0,6,58,2,66,0,8,51,26,85,0,14,109,28,151,58,10,68,219
05/20/2016,STP,MN,AGL,CE,Towers with Radar,0,15,50,2,67,0,7,35,8,50,0,22,85,10,117,6,8,14,131
05/21/2016,STP,MN,AGL,CE,Towers with Radar,0,7,29,0,36,0,0,50,6,56,0,7,79,6,92,22,0,22,114
05/22/2016,STP,MN,AGL,CE,Towers with Radar,0,10,25,1,36,0,0,24,1,25,0,10,49,2,61,16,0,16,77
05/23/2016,STP,MN,AGL,CE,Towers with Radar,0,7,29,1,37,0,5,9,3,17,0,12,38,4,54,14,4,18,72
05/24/2016,STP,MN,AGL,CE,Towers with Radar,0,9,62,0,71,0,9,56,24,89,0,18,118,24,160,64,28,92,252
05/25/2016,STP,MN,AGL,CE,Towers with Radar,0,10,48,0,58,0,0,18,6,24,0,10,66,6,82,8,0,8,90
05/26/2016,STP,MN,AGL,CE,Towers with Radar,0,6,48,0,54,0,6,60,19,85,0,12,108,19,139,68,10,78,217
05/27/2016,STP,MN,AGL,CE,Towers with Radar,0,6,43,1,50,0,6,9,1,16,0,12,52,2,66,2,0,2,68
05/28/2016,STP,MN,AGL,CE,Towers with Radar,0,6,16,0,22,0,0,1,0,1,0,6,17,0,23,0,0,0,23
05/29/2016,STP,MN,AGL,CE,Towers with Radar,0,7,13,0,20,0,8,15,0,23,0,15,28,0,43,34,0,34,77
05/30/2016,STP,MN,AGL,CE,Towers with Radar,0,5,21,0,26,0,3,30,0,33,0,8,51,0,59,14,0,14,73
05/31/2016,STP,MN,AGL,CE,Towers with Radar,0,6,45,0,51,0,6,29,0,35,0,12,74,0,86,84,0,84,170
06/01/2016,STP,MN,AGL,CE,Towers with Radar,0,13,55,3,71,0,5,45,16,66,0,18,100,19,137,54,12,66,203
06/02/2016,STP,MN,AGL,CE,Towers with Radar,0,7,46,2,55,0,14,45,24,83,0,21,91,26,138,140,10,150,288
06/03/2016,STP,MN,AGL,CE,Towers with Radar,0,7,38,0,45,0,5,16,7,28,0,12,54,7,73,6,0,6,79
06/04/2016,STP,MN,AGL,CE,Towers with Radar,0,18,12,0,30,0,4,12,0,16,0,22,24,0,46,4,0,4,50
06/05/2016,STP,MN,AGL,CE,Towers with Radar,0,7,24,0,31,0,12,35,0,47,0,19,59,0,78,56,0,56,134
06/06/2016,STP,MN,AGL,CE,Towers with Radar,0,3,35,5,43,0,5,19,2,26,0,8,54,7,69,26,0,26,95
06/07/2016,STP,MN,AGL,CE,Towers with Radar,0,12,47,3,62,0,3,48,18,69,0,15,95,21,131,18,0,18,149
06/08/2016,STP,MN,AGL,CE,Towers with Radar,0,10,50,8,68,0,5,45,19,69,0,15,95,27,137,28,26,54,191
06/09/2016,STP,MN,AGL,CE,Towers with Radar,0,8,73,1,82,0,2,44,0,46,0,10,117,1,128,64,0,64,192
06/10/2016,STP,MN,AGL,CE,Towers with Radar,0,17,42,1,60,0,7,37,4,48,0,24,79,5,108,40,0,40,148
06/11/2016,STP,MN,AGL,CE,Towers with Radar,0,7,20,0,27,0,8,31,19,58,0,15,51,19,85,14,14,28,113
06/12/2016,STP,MN,AGL,CE,Towers with Radar,0,5,21,0,26,0,4,16,9,29,0,9,37,9,55,8,0,8,63
06/13/2016,STP,MN,AGL,CE,Towers with Radar,0,8,48,4,60,0,0,0,7,7,0,8,48,11,67,30,0,30,97
06/14/2016,STP,MN,AGL,CE,Towers with Radar,0,2,48,0,50,0,3,11,0,14,0,5,59,0,64,46,0,46,110
06/15/2016,STP,MN,AGL,CE,Towers with Radar,0,9,57,0,66,0,7,36,9,52,0,16,93,9,118,48,0,48,166
06/16/2016,STP,MN,AGL,CE,Towers with Radar,0,12,67,0,79,0,4,40,0,44,0,16,107,0,123,4,0,4,127
06/17/2016,STP,MN,AGL,CE,Towers with Radar,0,9,41,0,50,0,9,41,5,55,0,18,82,5,105,18,0,18,123
06/18/2016,STP,MN,AGL,CE,Towers with Radar,0,4,22,0,26,0,6,38,1,45,0,10,60,1,71,7,0,7,78
06/19/2016,STP,MN,AGL,CE,Towers with Radar,0,8,17,0,25,0,4,20,3,27,0,12,37,3,52,8,0,8,60
06/20/2016,STP,MN,AGL,CE,Towers with Radar,0,7,30,2,39,0,9,20,8,37,0,16,50,10,76,78,10,88,164
06/21/2016,STP,MN,AGL,CE,Towers with Radar,0,8,48,4,60,0,27,48,7,82,0,35,96,11,142,232,0,232,374
06/22/2016,STP,MN,AGL,CE,Towers with Radar,0,12,29,2,43,0,3,32,0,35,0,15,61,2,78,2,0,2,80
06/23/2016,STP,MN,AGL,CE,Towers with Radar,0,16,46,6,68,0,15,31,19,65,0,31,77,25,133,12,0,12,145
06/24/2016,STP,MN,AGL,CE,Towers with Radar,0,8,38,7,53,0,4,44,11,59,0,12,82,18,112,58,36,94,206
06/25/2016,STP,MN,AGL,CE,Towers with Radar,0,1,14,5,20,0,3,15,4,22,0,4,29,9,42,20,0,20,62
06/26/2016,STP,MN,AGL,CE,Towers with Radar,0,8,16,4,28,0,7,24,4,35,0,15,40,8,63,56,0,56,119
06/27/2016,STP,MN,AGL,CE,Towers with Radar,0,9,24,3,36,0,9,50,4,63,0,18,74,7,99,42,0,42,141
06/28/2016,STP,MN,AGL,CE,Towers with Radar,0,7,35,7,49,0,8,45,16,69,0,15,80,23,118,76,34,110,228
06/29/2016,STP,MN,AGL,CE,Towers with Radar,0,11,56,2,69,0,9,47,11,67,0,20,103,13,136,48,0,48,184
06/30/2016,STP,MN,AGL,CE,Towers with Radar,0,10,49,1,60,0,8,35,22,65,0,18,84,23,125,12,6,18,143
07/01/2016,STP,MN,AGL,CE,Towers with Radar,0,4,29,2,35,0,1,34,4,39,0,5,63,6,74,30,6,36,110
07/02/2016,STP,MN,AGL,CE,Towers with Radar,0,2,19,0,21,0,7,44,0,51,0,9,63,0,72,76,0,76,148
07/03/2016,STP,MN,AGL,CE,Towers with Radar,0,6,16,0,22,0,9,22,0,31,0,15,38,0,53,42,0,42,95
07/04/2016,STP,MN,AGL,CE,Towers with Radar,0,7,11,0,18,0,6,17,0,23,0,13,28,0,41,16,0,16,57
07/05/2016,STP,MN,AGL,CE,Towers with Radar,0,9,34,1,44,0,5,24,5,34,0,14,58,6,78,42,34,76,154
07/06/2016,STP,MN,AGL,CE,Towers with Radar,0,8,40,1,49,0,19,43,19,81,0,27,83,20,130,42,8,50,180
07/07/2016,STP,MN,AGL,CE,Towers with Radar,0,11,56,3,70,0,1,59,22,82,0,12,115,25,152,54,12,66,218
07/08/2016,STP,MN,AGL,CE,Towers with Radar,0,2,34,4,40,0,10,25,5,40,0,12,59,9,80,10,0,10,90
07/09/2016,STP,MN,AGL,CE,Towers with Radar,0,7,20,1,28,0,23,44,1,68,0,30,64,2,96,92,0,92,188
07/10/2016,STP,MN,AGL,CE,Towers with Radar,0,12,30,0,42,0,13,29,2,44,0,25,59,2,86,56,4,60,146
07/11/2016,STP,MN,AGL,CE,Towers with Radar,0,8,54,6,68,0,0,15,0,15,0,8,69,6,83,10,0,10,93
07/12/2016,STP,MN,AGL,CE,Towers with Radar,0,9,60,5,74,0,9,43,17,69,0,18,103,22,143,96,8,104,247
07/13/2016,STP,MN,AGL,CE,Towers with Radar,0,10,51,2,63,0,10,51,21,82,0,20,102,23,145,74,58,132,277
07/14/2016,STP,MN,AGL,CE,Towers with Radar,0,13,55,0,68,0,6,26,13,45,0,19,81,13,113,52,12,64,177
07/15/2016,STP,MN,AGL,CE,Towers with Radar,0,11,60,0,71,0,8,26,2,36,0,19,86,2,107,22,0,22,129
07/16/2016,STP,MN,AGL,CE,Towers with Radar,0,2,20,2,24,0,16,40,0,56,0,18,60,2,80,72,0,72,152
07/17/2016,STP,MN,AGL,CE,Towers with Radar,0,11,40,0,51,0,11,47,0,58,0,22,87,0,109,76,0,76,185
07/18/2016,STP,MN,AGL,CE,Towers with Radar,1,9,47,0,57,0,18,55,5,78,1,27,102,5,135,86,18,104,239
07/19/2016,STP,MN,AGL,CE,Towers with Radar,0,12,41,2,55,0,16,46,21,83,0,28,87,23,138,64,52,116,254
07/20/2016,STP,MN,AGL,CE,Towers with Radar,0,11,41,2,54,0,14,45,31,90,0,25,86,33,144,68,16,84,228
07/21/2016,STP,MN,AGL,CE,Towers with Radar,0,15,46,0,61,0,12,35,16,63,0,27,81,16,124,28,28,56,180
07/22/2016,STP,MN,AGL,CE,Towers with Radar,0,6,39,0,45,0,17,60,0,77,0,23,99,0,122,44,2,46,168
07/23/2016,STP,MN,AGL,CE,Towers with Radar,0,3,11,0,14,0,1,4,0,5,0,4,15,0,19,6,0,6,25
07/24/2016,STP,MN,AGL,CE,Towers with Radar,0,6,29,0,35,0,13,52,0,65,0,19,81,0,100,96,0,96,196
07/25/2016,STP,MN,AGL,CE,Towers with Radar,0,13,47,0,60,0,17,67,0,84,0,30,114,0,144,118,0,118,262
07/26/2016,STP,MN,AGL,CE,Towers with Radar,0,11,62,3,76,0,13,45,26,84,0,24,107,29,160,88,52,140,300
07/27/2016,STP,MN,AGL,CE,Towers with Radar,1,15,54,0,70,0,4,19,10,33,1,19,73,10,103,18,0,18,121
07/28/2016,STP,MN,AGL,CE,Towers with Radar,0,18,60,1,79,0,5,43,13,61,0,23,103,14,140,62,14,76,216
07/29/2016,STP,MN,AGL,CE,Towers with Radar,0,18,47,0,65,0,12,46,6,64,0,30,93,6,129,86,6,92,221
07/30/2016,STP,MN,AGL,CE,Towers with Radar,0,6,27,0,33,0,16,55,0,71,0,22,82,0,104,58,0,58,162
07/31/2016,STP,MN,AGL,CE,Towers with Radar,0,6,23,0,29,0,4,25,0,29,0,10,48,0,58,30,0,30,88
08/01/2016,STP,MN,AGL,CE,Towers with Radar,0,5,54,2,61,0,10,55,0,65,0,15,109,2,126,90,0,90,216
08/02/2016,STP,MN,AGL,CE,Towers with Radar,0,10,60,3,73,0,12,50,17,79,0,22,110,20,152,86,28,114,266
08/03/2016,STP,MN,AGL,CE,Towers with Radar,0,7,49,0,56,0,8,58,16,82,0,15,107,16,138,48,6,54,192
08/04/2016,STP,MN,AGL,CE,Towers with Radar,0,5,51,4,60,0,2,21,20,43,0,7,72,24,103,66,30,96,199
08/05/2016,STP,MN,AGL,CE,Towers with Radar,0,10,33,0,43,0,5,40,7,52,0,15,73,7,95,32,0,32,127
08/06/2016,STP,MN,AGL,CE,Towers with Radar,0,6,31,0,37,0,4,33,0,37,0,10,64,0,74,66,0,66,140
08/07/2016,STP,MN,AGL,CE,Towers with Radar,0,5,38,2,45,0,6,28,0,34,0,11,66,2,79,46,0,46,125
08/08/2016,STP,MN,AGL,CE,Towers with Radar,0,14,49,0,63,0,6,44,1,51,0,20,93,1,114,40,0,40,154
08/09/2016,STP,MN,AGL,CE,Towers with Radar,0,10,59,2,71,0,8,32,11,51,0,18,91,13,122,72,10,82,204
08/10/2016,STP,MN,AGL,CE,Towers with Radar,0,10,55,0,65,0,5,27,8,40,0,15,82,8,105,46,10,56,161
08/11/2016,STP,MN,AGL,CE,Towers with Radar,0,19,49,0,68,0,3,31,20,54,0,22,80,20,122,28,8,36,158
08/12/2016,STP,MN,AGL,CE,Towers with Radar,0,14,54,2,70,0,5,13,4,22,0,19,67,6,92,22,0,22,114
08/13/2016,STP,MN,AGL,CE,Towers with Radar,0,15,34,0,49,0,14,45,0,59,0,29,79,0,108,20,0,20,128
08/14/2016,STP,MN,AGL,CE,Towers with Radar,0,13,33,3,49,0,1,25,0,26,0,14,58,3,75,23,0,23,98
08/15/2016,STP,MN,AGL,CE,Towers with Radar,0,6,56,2,64,0,6,41,12,59,0,12,97,14,123,62,8,70,193
08/16/2016,STP,MN,AGL,CE,Towers with Radar,0,9,62,2,73,0,10,42,7,59,0,19,104,9,132,59,56,115,247
08/17/2016,STP,MN,AGL,CE,Towers with Radar,0,15,51,2,68,0,8,80,39,127,0,23,131,41,195,116,16,132,327
08/18/2016,STP,MN,AGL,CE,Towers with Radar,0,10,52,2,64,0,3,37,13,53,0,13,89,15,117,24,8,32,149
08/19/2016,STP,MN,AGL,CE,Towers with Radar,0,18,65,4,87,0,0,21,4,25,0,18,86,8,112,20,0,20,132
08/20/2016,STP,MN,AGL,CE,Towers with Radar,0,11,25,0,36,0,3,12,0,15,0,14,37,0,51,28,0,28,79
08/21/2016,STP,MN,AGL,CE,Towers with Radar,0,15,37,0,52,0,22,46,0,68,0,37,83,0,120,66,0,66,186
08/22/2016,STP,MN,AGL,CE,Towers with Radar,0,17,73,2,92,0,26,63,0,89,0,43,136,2,181,84,0,84,265
08/23/2016,STP,MN,AGL,CE,Towers with Radar,0,20,58,2,80,0,12,37,10,59,0,32,95,12,139,14,22,36,175
08/24/2016,STP,MN,AGL,CE,Towers with Radar,0,8,64,4,76,0,8,31,24,63,0,16,95,28,139,50,20,70,209
08/25/2016,STP,MN,AGL,CE,Towers with Radar,0,9,65,1,75,0,11,33,20,64,0,20,98,21,139,32,20,52,191
08/26/2016,STP,MN,AGL,CE,Towers with Radar,0,7,44,1,52,0,6,30,13,49,0,13,74,14,101,18,0,18,119
08/27/2016,STP,MN,AGL,CE,Towers with Radar,0,4,27,0,31,0,1,6,0,7,0,5,33,0,38,0,0,0,38
08/28/2016,STP,MN,AGL,CE,Towers with Radar,0,4,38,2,44,0,0,20,0,20,0,4,58,2,64,20,0,20,84
08/29/2016,STP,MN,AGL,CE,Towers with Radar,0,8,42,2,52,0,4,26,0,30,0,12,68,2,82,32,8,40,122
08/30/2016,STP,MN,AGL,CE,Towers with Radar,0,6,55,6,67,0,13,62,28,103,0,19,117,34,170,64,62,126,296
08/31/2016,STP,MN,AGL,CE,Towers with Radar,0,7,68,0,75,0,7,69,10,86,0,14,137,10,161,66,2,68,229
09/01/2016,STP,MN,AGL,CE,Towers with Radar,0,7,53,2,62,0,12,68,34,114,0,19,121,36,176,184,60,244,420
09/02/2016,STP,MN,AGL,CE,Towers with Radar,0,10,38,4,52,0,5,44,2,51,0,15,82,6,103,20,0,20,123
09/03/2016,STP,MN,AGL,CE,Towers with Radar,0,13,34,0,47,0,17,43,0,60,0,30,77,0,107,82,0,82,189
09/04/2016,STP,MN,AGL,CE,Towers with Radar,0,5,19,0,24,0,6,40,3,49,0,11,59,3,73,82,0,82,155
09/05/2016,STP,MN,AGL,CE,Towers with Radar,0,12,42,0,54,0,4,12,0,16,0,16,54,0,70,20,0,20,90
09/06/2016,STP,MN,AGL,CE,Towers with Radar,0,9,48,0,57,0,0,5,0,5,0,9,53,0,62,14,0,14,76
09/07/2016,STP,MN,AGL,CE,Towers with Radar,0,7,70,7,84,0,5,13,7,25,0,12,83,14,109,24,14,38,147
09/08/2016,STP,MN,AGL,CE,Towers with Radar,0,5,64,5,74,0,8,65,39,112,0,13,129,44,186,40,6,46,232
09/09/2016,STP,MN,AGL,CE,Towers with Radar,0,10,59,0,69,0,8,25,11,44,0,18,84,11,113,6,4,10,123
09/10/2016,STP,MN,AGL,CE,Towers with Radar,0,9,46,0,55,0,20,52,1,73,0,29,98,1,128,74,0,74,202
09/11/2016,STP,MN,AGL,CE,Towers with Radar,0,13,34,3,50,0,7,44,0,51,0,20,78,3,101,48,0,48,149
09/12/2016,STP,MN,AGL,CE,Towers with Radar,0,14,51,3,68,0,6,37,9,52,0,20,88,12,120,64,14,78,198
09/13/2016,STP,MN,AGL,CE,Towers with Radar,0,8,67,3,78,0,9,45,19,73,0,17,112,22,151,64,24,88,239
09/14/2016,STP,MN,AGL,CE,Towers with Radar,0,12,60,0,72,0,7,55,29,91,0,19,115,29,163,92,12,104,267
09/15/2016,STP,MN,AGL,CE,Towers with Radar,0,13,58,2,73,0,3,26,8,37,0,16,84,10,110,58,2,60,170
09/16/2016,STP,MN,AGL,CE,Towers with Radar,0,13,74,5,92,0,6,26,4,36,0,19,100,9,128,70,6,76,204
09/17/2016,STP,MN,AGL,CE,Towers with Radar,0,14,33,1,48,0,7,39,1,47,0,21,72,2,95,18,0,18,113
09/18/2016,STP,MN,AGL,CE,Towers with Radar,0,14,48,1,63,0,14,40,0,54,0,28,88,1,117,62,0,62,179
09/19/2016,STP,MN,AGL,CE,Towers with Radar,0,10,73,0,83,0,3,36,0,39,0,13,109,0,122,54,0,54,176
09/20/2016,STP,MN,AGL,CE,Towers with Radar,0,11,60,2,73,0,6,43,18,67,0,17,103,20,140,52,24,76,216
09/21/2016,STP,MN,AGL,CE,Towers with Radar,0,15,48,0,63,0,1,7,1,9,0,16,55,1,72,12,10,22,94
09/22/2016,STP,MN,AGL,CE,Towers with Radar,0,22,55,5,82,0,3,14,15,32,0,25,69,20,114,32,18,50,164
09/23/2016,STP,MN,AGL,CE,Towers with Radar,0,10,53,0,63,0,1,15,2,18,0,11,68,2,81,16,6,22,103
09/24/2016,STP,MN,AGL,CE,Towers with Radar,2,11,33,10,56,0,0,7,0,7,2,11,40,10,63,0,0,0,63
09/25/2016,STP,MN,AGL,CE,Towers with Radar,0,7,44,6,57,0,2,13,2,17,0,9,57,8,74,4,0,4,78
09/26/2016,STP,MN,AGL,CE,Towers with Radar,0,12,42,0,54,0,1,19,3,23,0,13,61,3,77,14,0,14,91
09/27/2016,STP,MN,AGL,CE,Towers with Radar,0,14,41,2,57,0,4,14,12,30,0,18,55,14,87,28,12,40,127
09/28/2016,STP,MN,AGL,CE,Towers with Radar,0,7,73,0,80,0,4,26,14,44,0,11,99,14,124,36,2,38,162
09/29/2016,STP,MN,AGL,CE,Towers with Radar,0,12,73,0,85,0,10,51,19,80,0,22,124,19,165,28,2,30,195
09/30/2016,STP,MN,AGL,CE,Towers with Radar,0,14,67,1,82,0,3,33,1,37,0,17,100,2,119,62,0,62,181
10/01/2016,STP,MN,AGL,CE,Towers with Radar,0,7,28,0,35,0,15,28,5,48,0,22,56,5,83,48,14,62,145
10/02/2016,STP,MN,AGL,CE,Towers with Radar,0,7,34,0,41,0,13,26,0,39,0,20,60,0,80,64,0,64,144
10/03/2016,STP,MN,AGL,CE,Towers with Radar,0,14,77,0,91,0,6,49,1,56,0,20,126,1,147,44,0,44,191
10/04/2016,STP,MN,AGL,CE,Towers with Radar,0,7,60,0,67,0,5,29,22,56,0,12,89,22,123,30,24,54,177
10/05/2016,STP,MN,AGL,CE,Towers with Radar,0,17,47,0,64,0,5,29,15,49,0,22,76,15,113,72,14,86,199
10/06/2016,STP,MN,AGL,CE,Towers with Radar,0,13,71,2,86,0,13,31,4,48,0,26,102,6,134,22,0,22,156
10/07/2016,STP,MN,AGL,CE,Towers with Radar,0,8,50,1,59,0,5,40,2,47,0,13,90,3,106,46,0,46,152
10/08/2016,STP,MN,AGL,CE,Towers with Radar,0,9,37,0,46,0,11,30,0,41,0,20,67,0,87,42,0,42,129
10/09/2016,STP,MN,AGL,CE,Towers with Radar,0,15,68,1,84,0,12,35,0,47,0,27,103,1,131,40,0,40,171
10/10/2016,STP,MN,AGL,CE,Towers with Radar,0,9,64,0,73,0,11,32,0,43,0,20,96,0,116,52,0,52,168
10/11/2016,STP,MN,AGL,CE,Towers with Radar,0,19,39,3,61,0,2,22,15,39,0,21,61,18,100,50,20,70,170
10/12/2016,STP,MN,AGL,CE,Towers with Radar,0,9,50,3,62,0,7,26,0,33,0,16,76,3,95,48,0,48,143
10/13/2016,STP,MN,AGL,CE,Towers with Radar,0,11,64,4,79,0,7,42,14,63,0,18,106,18,142,52,6,58,200
10/14/2016,STP,MN,AGL,CE,Towers with Radar,0,16,58,2,76,0,6,18,2,26,0,22,76,4,102,12,0,12,114
10/15/2016,STP,MN,AGL,CE,Towers with Radar,0,11,22,0,33,0,7,19,2,28,0,18,41,2,61,26,0,26,87
10/16/2016,STP,MN,AGL,CE,Towers with Radar,0,14,38,0,52,0,10,34,0,44,0,24,72,0,96,64,0,64,160
10/17/2016,STP,MN,AGL,CE,Towers with Radar,0,7,44,11,62,0,1,9,0,10,0,8,53,11,72,8,0,8,80
10/18/2016,STP,MN,AGL,CE,Towers with Radar,0,16,61,4,81,0,8,34,25,67,0,24,95,29,148,57,40,97,245
10/19/2016,STP,MN,AGL,CE,Towers with Radar,0,10,71,3,84,0,5,21,12,38,0,15,92,15,122,38,12,50,172
10/20/2016,STP,MN,AGL,CE,Towers with Radar,0,7,52,1,60,0,1,34,19,54,0,8,86,20,114,4,8,12,126
10/21/2016,STP,MN,AGL,CE,Towers with Radar,0,11,52,5,68,0,14,45,6,65,0,25,97,11,133,50,8,58,191
10/22/2016,STP,MN,AGL,CE,Towers with Radar,0,8,26,0,34,0,12,42,0,54,0,20,68,0,88,54,0,54,142
10/23/2016,STP,MN,AGL,CE,Towers with Radar,0,5,41,0,46,0,0,7,0,7,0,5,48,0,53,6,0,6,59
10/24/2016,STP,MN,AGL,CE,Towers with Radar,2,11,59,2,74,0,8,35,2,45,2,19,94,4,119,62,0,62,181
10/25/2016,STP,MN,AGL,CE,Towers with Radar,0,17,57,2,76,0,9,29,19,57,0,26,86,21,133,28,16,44,177
10/26/2016,STP,MN,AGL,CE,Towers with Radar,0,18,57,6,81,0,0,7,1,8,0,18,64,7,89,0,36,36,125
10/27/2016,STP,MN,AGL,CE,Towers with Radar,0,18,44,8,70,0,1,19,11,31,0,19,63,19,101,38,6,44,145
10/28/2016,STP,MN,AGL,CE,Towers with Radar,0,10,53,0,63,0,8,28,9,45,0,18,81,9,108,56,0,56,164
10/29/2016,STP,MN,AGL,CE,Towers with Radar,0,3,32,0,35,0,2,2,0,4,0,5,34,0,39,0,0,0,39
10/30/2016,STP,MN,AGL,CE,Towers with Radar,0,6,28,0,34,0,3,21,0,24,0,9,49,0,58,26,0,26,84
10/31/2016,STP,MN,AGL,CE,Towers with Radar,0,7,27,3,37,0,0,10,0,10,0,7,37,3,47,0,0,0,47
11/01/2016,STP,MN,AGL,CE,Towers with Radar,0,18,32,1,51,0,4,29,12,45,0,22,61,13,96,62,10,72,168
11/02/2016,STP,MN,AGL,CE,Towers with Radar,0,14,36,0,50,0,4,40,24,68,0,18,76,24,118,38,46,84,202
11/03/2016,STP,MN,AGL,CE,Towers with Radar,0,11,41,5,57,0,8,45,24,77,0,19,86,29,134,90,14,104,238
11/04/2016,STP,MN,AGL,CE,Towers with Radar,0,11,41,6,58,0,6,42,2,50,0,17,83,8,108,64,0,64,172
11/05/2016,STP,MN,AGL,CE,Towers with Radar,0,5,28,0,33,0,1,39,0,40,0,6,67,0,73,60,0,60,133
11/06/2016,STP,MN,AGL,CE,Towers with Radar,0,10,50,0,60,0,2,30,0,32,0,12,80,0,92,70,0,70,162
11/07/2016,STP,MN,AGL,CE,Towers with Radar,0,10,43,0,53,0,7,39,11,57,0,17,82,11,110,82,20,102,212
11/08/2016,STP,MN,AGL,CE,Towers with Radar,0,7,52,0,59,0,8,42,30,80,0,15,94,30,139,98,32,130,269
11/09/2016,STP,MN,AGL,CE,Towers with Radar,0,7,44,5,56,0,12,39,33,84,0,19,83,38,140,57,22,79,219
11/10/2016,STP,MN,AGL,CE,Towers with Radar,0,6,52,2,60,0,12,55,12,79,0,18,107,14,139,102,4,106,245
11/11/2016,STP,MN,AGL,CE,Towers with Radar,0,12,37,0,49,0,6,39,0,45,0,18,76,0,94,34,0,34,128
11/12/2016,STP,MN,AGL,CE,Towers with Radar,0,12,20,0,32,0,5,30,0,35,0,17,50,0,67,68,6,74,141
11/13/2016,STP,MN,AGL,CE,Towers with Radar,1,9,36,0,46,0,3,19,0,22,1,12,55,0,68,58,0,58,126
11/14/2016,STP,MN,AGL,CE,Towers with Radar,0,7,36,0,43,0,0,23,0,23,0,7,59,0,66,36,0,36,102
11/15/2016,STP,MN,AGL,CE,Towers with Radar,0,14,54,1,69,0,9,38,17,64,0,23,92,18,133,90,34,124,257
11/16/2016,STP,MN,AGL,CE,Towers with Radar,0,20,58,1,79,0,7,46,21,74,0,27,104,22,153,94,28,122,275
11/17/2016,STP,MN,AGL,CE,Towers with Radar,0,10,71,1,82,0,9,56,26,91,0,19,127,27,173,58,6,64,237
11/18/2016,STP,MN,AGL,CE,Towers with Radar,0,9,25,0,34,0,0,0,0,0,0,9,25,0,34,0,0,0,34
11/19/2016,STP,MN,AGL,CE,Towers with Radar,0,8,35,0,43,0,4,14,6,24,0,12,49,6,67,46,0,46,113
11/20/2016,STP,MN,AGL,CE,Towers with Radar,0,10,56,2,68,0,5,34,0,39,0,15,90,2,107,8,0,8,115
11/21/2016,STP,MN,AGL,CE,Towers with Radar,0,15,49,0,64,0,11,53,14,78,0,26,102,14,142,78,20,98,240
11/22/2016,STP,MN,AGL,CE,Towers with Radar,0,31,31,0,62,0,0,0,0,0,0,31,31,0,62,0,0,0,62
11/23/2016,STP,MN,AGL,CE,Towers with Radar,0,20,22,4,46,0,0,2,0,2,0,20,24,4,48,0,0,0,48
11/24/2016,STP,MN,AGL,CE,Towers with Radar,0,5,4,0,9,0,0,1,0,1,0,5,5,0,10,0,0,0,10
11/25/2016,STP,MN,AGL,CE,Towers with Radar,0,12,9,0,21,0,0,7,0,7,0,12,16,0,28,52,0,52,80
11/26/2016,STP,MN,AGL,CE,Towers with Radar,0,10,31,0,41,0,4,36,1,41,0,14,67,1,82,152,0,152,234
11/27/2016,STP,MN,AGL,CE,Towers with Radar,0,19,45,0,64,0,2,1,0,3,0,21,46,0,67,12,0,12,79
11/28/2016,STP,MN,AGL,CE,Towers with Radar,0,16,33,0,49,0,1,11,0,12,0,17,44,0,61,76,0,76,137
11/29/2016,STP,MN,AGL,CE,Towers with Radar,0,13,30,14,57,0,3,30,24,57,0,16,60,38,114,96,34,130,244
11/30/2016,STP,MN,AGL,CE,Towers with Radar,0,17,53,2,72,0,5,10,3,18,0,22,63,5,90,48,88,136,226
12/01/2016,STP,MN,AGL,CE,Towers with Radar,0,9,84,4,97,0,7,28,21,56,0,16,112,25,153,140,28,168,321
12/02/2016,STP,MN,AGL,CE,Towers with Radar,0,13,55,3,71,0,4,26,3,33,0,17,81,6,104,56,0,56,160
12/03/2016,STP,MN,AGL,CE,Towers with Radar,0,2,20,0,22,0,7,35,0,42,0,9,55,0,64,44,0,44,108
12/04/2016,STP,MN,AGL,CE,Towers with Radar,0,5,26,0,31,0,0,0,0,0,0,5,26,0,31,0,0,0,31
12/05/2016,STP,MN,AGL,CE,Towers with Radar,0,6,40,5,51,0,8,17,15,40,0,14,57,20,91,16,38,54,145
12/06/2016,STP,MN,AGL,CE,Towers with Radar,0,17,34,3,54,0,4,12,40,56,0,21,46,43,110,20,42,62,172
12/07/2016,STP,MN,AGL,CE,Towers with Radar,0,6,34,0,40,0,2,15,41,58,0,8,49,41,98,30,74,104,202
12/08/2016,STP,MN,AGL,CE,Towers with Radar,0,13,43,1,57,0,1,16,37,54,0,14,59,38,111,22,32,54,165
12/09/2016,STP,MN,AGL,CE,Towers with Radar,0,7,32,2,41,0,1,26,4,31,0,8,58,6,72,22,0,22,94
12/10/2016,STP,MN,AGL,CE,Towers with Radar,0,5,16,0,21,0,0,17,2,19,0,5,33,2,40,26,6,32,72
12/11/2016,STP,MN,AGL,CE,Towers with Radar,0,6,23,0,29,0,0,0,0,0,0,6,23,0,29,0,0,0,29
12/12/2016,STP,MN,AGL,CE,Towers with Radar,0,18,36,2,56,0,7,11,0,18,0,25,47,2,74,68,0,68,142
12/13/2016,STP,MN,AGL,CE,Towers with Radar,0,30,64,0,94,0,11,39,23,73,0,41,103,23,167,106,56,162,329
12/14/2016,STP,MN,AGL,CE,Towers with Radar,0,17,50,5,72,0,4,28,29,61,0,21,78,34,133,62,36,98,231
12/15/2016,STP,MN,AGL,CE,Towers with Radar,0,9,48,6,63,0,5,26,30,61,0,14,74,36,124,38,8,46,170
12/16/2016,STP,MN,AGL,CE,Towers with Radar,0,7,22,1,30,0,0,0,0,0,0,7,22,1,30,0,0,0,30
12/17/2016,STP,MN,AGL,CE,Towers with Radar,0,6,20,0,26,0,0,6,0,6,0,6,26,0,32,20,0,20,52
12/18/2016,STP,MN,AGL,CE,Towers with Radar,0,9,38,2,49,0,1,11,0,12,0,10,49,2,61,50,0,50,111
12/19/2016,STP,MN,AGL,CE,Towers with Radar,0,18,41,2,61,0,13,32,6,51,0,31,73,8,112,92,10,102,214
12/20/2016,STP,MN,AGL,CE,Towers with Radar,0,7,44,2,53,0,12,43,45,100,0,19,87,47,153,158,36,194,347
12/21/2016,STP,MN,AGL,CE,Towers with Radar,0,10,29,2,41,0,7,46,35,88,0,17,75,37,129,78,8,86,215
12/22/2016,STP,MN,AGL,CE,Towers with Radar,0,12,46,4,62,0,15,58,32,105,0,27,104,36,167,106,36,142,309
12/23/2016,STP,MN,AGL,CE,Towers with Radar,0,6,13,0,19,0,0,4,0,4,0,6,17,0,23,14,0,14,37
12/24/2016,STP,MN,AGL,CE,Towers with Radar,0,2,14,0,16,0,0,2,0,2,0,2,16,0,18,0,0,0,18
12/25/2016,STP,MN,AGL,CE,Towers with Radar,0,5,2,0,7,0,0,0,0,0,0,5,2,0,7,0,0,0,7
12/26/2016,STP,MN,AGL,CE,Towers with Radar,0,11,20,0,31,0,2,0,0,2,0,13,20,0,33,0,0,0,33
12/27/2016,STP,MN,AGL,CE,Towers with Radar,0,10,30,0,40,0,1,15,0,16,0,11,45,0,56,50,0,50,106
12/28/2016,STP,MN,AGL,CE,Towers with Radar,0,12,37,0,49,0,14,32,30,76,0,26,69,30,125,24,0,24,149
12/29/2016,STP,MN,AGL,CE,Towers with Radar,0,8,25,4,37,0,4,9,18,31,0,12,34,22,68,2,24,26,94
12/30/2016,STP,MN,AGL,CE,Towers with Radar,0,12,18,0,30,0,4,38,0,42,0,16,56,0,72,34,0,34,106
12/31/2016,STP,MN,AGL,CE,Towers with Radar,0,7,15,0,22,0,6,30,0,36,0,13,45,0,58,66,0,66,124
01/01/2017,STP,MN,AGL,CE,Towers with Radar,0,9,31,0,40,0,5,27,0,32,0,14,58,0,72,62,0,62,134
01/02/2017,STP,MN,AGL,CE,Towers with Radar,0,7,12,0,19,0,0,6,0,6,0,7,18,0,25,14,0,14,39
01/03/2017,STP,MN,AGL,CE,Towers with Radar,0,2,17,2,21,0,1,13,27,41,0,3,30,29,62,0,22,22,84
01/04/2017,STP,MN,AGL,CE,Towers with Radar,0,7,44,1,52,0,10,23,36,69,0,17,67,37,121,22,46,68,189
01/05/2017,STP,MN,AGL,CE,Towers with Radar,0,12,24,6,42,0,1,21,19,41,0,13,45,25,83,36,30,66,149
01/06/2017,STP,MN,AGL,CE,Towers with Radar,0,6,28,3,37,0,1,21,6,28,0,7,49,9,65,52,0,52,117
01/07/2017,STP,MN,AGL,CE,Towers with Radar,0,6,29,2,37,0,6,32,0,38,0,12,61,2,75,44,0,44,119
01/08/2017,STP,MN,AGL,CE,Towers with Radar,0,4,16,7,27,0,4,12,9,25,0,8,28,16,52,42,26,68,120
01/09/2017,STP,MN,AGL,CE,Towers with Radar,0,10,32,4,46,0,0,5,0,5,0,10,37,4,51,8,0,8,59
01/10/2017,STP,MN,AGL,CE,Towers with Radar,0,6,21,0,27,0,0,2,7,9,0,6,23,7,36,0,0,0,36
01/11/2017,STP,MN,AGL,CE,Towers with Radar,0,11,29,0,40,0,5,6,22,33,0,16,35,22,73,0,14,14,87
01/12/2017,STP,MN,AGL,CE,Towers with Radar,0,18,46,3,67,0,2,17,20,39,0,20,63,23,106,58,16,74,180
01/13/2017,STP,MN,AGL,CE,Towers with Radar,0,18,31,0,49,0,4,8,3,15,0,22,39,3,64,36,0,36,100
01/14/2017,STP,MN,AGL,CE,Towers with Radar,0,8,10,0,18,0,14,16,0,30,0,22,26,0,48,56,0,56,104
01/15/2017,STP,MN,AGL,CE,Towers with Radar,0,12,37,0,49,0,2,22,0,24,0,14,59,0,73,46,4,50,123
01/16/2017,STP,MN,AGL,CE,Towers with Radar,0,5,28,0,33,0,0,3,0,3,0,5,31,0,36,24,0,24,60
01/17/2017,STP,MN,AGL,CE,Towers with Radar,0,20,32,2,54,0,0,9,5,14,0,20,41,7,68,32,18,50,118
01/18/2017,STP,MN,AGL,CE,Towers with Radar,0,6,41,10,57,0,3,24,22,49,0,9,65,32,106,20,10,30,136
01/19/2017,STP,MN,AGL,CE,Towers with Radar,0,4,48,0,52,0,1,18,1,20,0,5,66,1,72,40,2,42,114
01/20/2017,STP,MN,AGL,CE,Towers with Radar,0,9,23,2,34,0,0,0,0,0,0,9,23,2,34,0,0,0,34
01/21/2017,STP,MN,AGL,CE,Towers with Radar,0,2,10,0,12,0,0,0,0,0,0,2,10,0,12,0,0,0,12
01/22/2017,STP,MN,AGL,CE,Towers with Radar,0,5,15,2,22,0,0,1,0,1,0,5,16,2,23,20,0,20,43
01/23/2017,STP,MN,AGL,CE,Towers with Radar,0,10,46,1,57,0,0,2,0,2,0,10,48,1,59,8,0,8,67
01/24/2017,STP,MN,AGL,CE,Towers with Radar,0,7,47,10,64,0,0,4,7,11,0,7,51,17,75,0,0,0,75
01/25/2017,STP,MN,AGL,CE,Towers with Radar,0,6,34,1,41,0,0,3,0,3,0,6,37,1,44,0,0,0,44
01/26/2017,STP,MN,AGL,CE,Towers with Radar,0,12,53,7,72,0,1,14,19,34,0,13,67,26,106,8,20,28,134
01/27/2017,STP,MN,AGL,CE,Towers with Radar,0,15,41,4,60,0,3,20,2,25,0,18,61,6,85,20,0,20,105
01/28/2017,STP,MN,AGL,CE,Towers with Radar,0,5,24,0,29,0,2,14,1,17,0,7,38,1,46,12,0,12,58
01/29/2017,STP,MN,AGL,CE,Towers with Radar,0,13,29,0,42,0,9,21,0,30,0,22,50,0,72,44,0,44,116
01/30/2017,STP,MN,AGL,CE,Towers with Radar,0,19,38,2,59,0,0,0,2,2,0,19,38,4,61,0,0,0,61
01/31/2017,STP,MN,AGL,CE,Towers with Radar,0,7,56,3,66,0,0,9,21,30,0,7,65,24,96,0,16,16,112
02/01/2017,STP,MN,AGL,CE,Towers with Radar,0,11,61,8,80,0,7,25,18,50,0,18,86,26,130,66,4,70,200
02/02/2017,STP,MN,AGL,CE,Towers with Radar,0,9,33,1,43,0,6,9,16,31,0,15,42,17,74,4,0,4,78
02/03/2017,STP,MN,AGL,CE,Towers with Radar,0,8,48,2,58,0,3,13,4,20,0,11,61,6,78,14,0,14,92
02/04/2017,STP,MN,AGL,CE,Towers with Radar,0,3,9,0,12,0,3,9,0,12,0,6,18,0,24,2,0,2,26
02/05/2017,STP,MN,AGL,CE,Towers with Radar,0,2,23,0,25,0,0,9,0,9,0,2,32,0,34,28,0,28,62
02/06/2017,STP,MN,AGL,CE,Towers with Radar,0,13,36,3,52,0,2,18,0,20,0,15,54,3,72,0,0,0,72
02/07/2017,STP,MN,AGL,CE,Towers with Radar,0,14,21,0,35,0,0,0,0,0,0,14,21,0,35,0,0,0,35
02/08/2017,STP,MN,AGL,CE,Towers with Radar,0,19,43,3,65,0,10,23,17,50,0,29,66,20,115,26,4,30,145
02/09/2017,STP,MN,AGL,CE,Towers with Radar,0,12,27,2,41,0,4,33,20,57,0,16,60,22,98,50,0,50,148
02/10/2017,STP,MN,AGL,CE,Towers with Radar,0,7,28,2,37,0,5,17,4,26,0,12,45,6,63,10,0,10,73
02/11/2017,STP,MN,AGL,CE,Towers with Radar,0,7,24,0,31,0,1,20,10,31,0,8,44,10,62,10,0,10,72
02/12/2017,STP,MN,AGL,CE,Towers with Radar,0,17,18,2,37,0,5,18,7,30,0,22,36,9,67,14,0,14,81
02/13/2017,STP,MN,AGL,CE,Towers with Radar,0,13,38,6,57,0,6,15,9,30,0,19,53,15,87,12,0,12,99
02/14/2017,STP,MN,AGL,CE,Towers with Radar,1,9,42,2,54,0,5,12,7,24,1,14,54,9,78,12,0,12,90
02/15/2017,STP,MN,AGL,CE,Towers with Radar,0,11,55,2,68,0,4,35,20,59,0,15,90,22,127,26,0,26,153
02/16/2017,STP,MN,AGL,CE,Towers with Radar,0,8,47,7,62,0,4,28,17,49,0,12,75,24,111,28,12,40,151
02/17/2017,STP,MN,AGL,CE,Towers with Radar,0,11,61,0,72,0,8,26,10,44,0,19,87,10,116,8,0,8,124
02/18/2017,STP,MN,AGL,CE,Towers with Radar,0,16,22,0,38,0,5,21,4,30,0,21,43,4,68,28,0,28,96
02/19/2017,STP,MN,AGL,CE,Towers with Radar,0,13,28,0,41,0,1,18,0,19,0,14,46,0,60,16,0,16,76
02/20/2017,STP,MN,AGL,CE,Towers with Radar,0,8,35,0,43,0,0,0,0,0,0,8,35,0,43,0,0,0,43
02/21/2017,STP,MN,AGL,CE,Towers with Radar,0,4,37,2,43,0,0,9,1,10,0,4,46,3,53,4,0,4,57
02/22/2017,STP,MN,AGL,CE,Towers with Radar,0,4,63,4,71,0,0,9,13,22,0,4,72,17,93,2,0,2,95
02/23/2017,STP,MN,AGL,CE,Towers with Radar,0,12,49,6,67,0,7,25,25,57,0,19,74,31,124,30,18,48,172
02/24/2017,STP,MN,AGL,CE,Towers with Radar,0,15,24,2,41,0,2,2,3,7,0,17,26,5,48,0,0,0,48
02/25/2017,STP,MN,AGL,CE,Towers with Radar,0,12,30,0,42,0,1,9,0,10,0,13,39,0,52,2,0,2,54
02/26/2017,STP,MN,AGL,CE,Towers with Radar,0,10,38,0,48,0,4,35,0,39,0,14,73,0,87,28,0,28,115
02/27/2017,STP,MN,AGL,CE,Towers with Radar,0,10,36,2,48,0,1,15,1,17,0,11,51,3,65,45,0,45,110
02/28/2017,STP,MN,AGL,CE,Towers with Radar,0,9,24,5,38,0,2,11,11,24,0,11,35,16,62,12,14,26,88
03/01/2017,STP,MN,AGL,CE,Towers with Radar,0,8,45,2,55,0,4,6,6,16,0,12,51,8,71,0,0,0,71
03/02/2017,STP,MN,AGL,CE,Towers with Radar,0,8,34,5,47,0,2,15,13,30,0,10,49,18,77,2,6,8,85
03/03/2017,STP,MN,AGL,CE,Towers with Radar,0,18,43,0,61,0,1,8,2,11,0,19,51,2,72,10,0,10,82
03/04/2017,STP,MN,AGL,CE,Towers with Radar,0,15,15,0,30,0,8,16,1,25,0,23,31,1,55,10,0,10,65
03/05/2017,STP,MN,AGL,CE,Towers with Radar,0,10,27,2,39,0,2,19,0,21,0,12,46,2,60,20,0,20,80
03/06/2017,STP,MN,AGL,CE,Towers with Radar,0,8,25,2,35,0,2,3,0,5,0,10,28,2,40,0,0,0,40
03/07/2017,STP,MN,AGL,CE,Towers with Radar,0,10,28,2,40,0,0,0,0,0,0,10,28,2,40,0,0,0,40
03/08/2017,STP,MN,AGL,CE,Towers with Radar,0,17,39,2,58,0,0,6,3,9,0,17,45,5,67,0,0,0,67
03/09/2017,STP,MN,AGL,CE,Towers with Radar,0,6,36,4,46,0,3,16,13,32,0,9,52,17,78,10,8,18,96
03/10/2017,STP,MN,AGL,CE,Towers with Radar,0,10,19,0,29,0,10,18,1,29,0,20,37,1,58,7,0,7,65
03/11/2017,STP,MN,AGL,CE,Towers with Radar,0,9,35,0,44,0,13,25,0,38,0,22,60,0,82,34,0,34,116
03/12/2017,STP,MN,AGL,CE,Towers with Radar,0,6,25,0,31,0,1,10,0,11,0,7,35,0,42,0,0,0,42
03/13/2017,STP,MN,AGL,CE,Towers with Radar,0,9,47,0,56,0,9,18,2,29,0,18,65,2,85,32,0,32,117
03/14/2017,STP,MN,AGL,CE,Towers with Radar,0,17,40,3,60,0,16,37,14,67,0,33,77,17,127,34,28,62,189
03/15/2017,STP,MN,AGL,CE,Towers with Radar,0,11,48,1,60,0,8,19,18,45,0,19,67,19,105,12,20,32,137
03/16/2017,STP,MN,AGL,CE,Towers with Radar,0,15,46,2,63,0,5,18,15,38,0,20,64,17,101,22,4,26,127
03/17/2017,STP,MN,AGL,CE,Towers with Radar,0,8,34,6,48,0,1,3,0,4,0,9,37,6,52,0,0,0,52
03/18/2017,STP,MN,AGL,CE,Towers with Radar,0,11,23,0,34,0,1,29,2,32,0,12,52,2,66,48,0,48,114
03/19/2017,STP,MN,AGL,CE,Towers with Radar,0,9,31,0,40,0,0,15,2,17,0,9,46,2,57,20,0,20,77
03/20/2017,STP,MN,AGL,CE,Towers with Radar,0,9,32,1,42,0,2,20,0,22,0,11,52,1,64,28,0,28,92
03/21/2017,STP,MN,AGL,CE,Towers with Radar,0,15,53,1,69,0,7,29,12,48,0,22,82,13,117,38,6,44,161
03/22/2017,STP,MN,AGL,CE,Towers with Radar,0,13,41,1,55,0,1,24,9,34,0,14,65,10,89,36,0,36,125
03/23/2017,STP,MN,AGL,CE,Towers with Radar,0,5,47,3,55,0,0,8,4,12,0,5,55,7,67,0,8,8,75
03/24/2017,STP,MN,AGL,CE,Towers with Radar,0,8,36,4,48,0,1,4,2,7,0,9,40,6,55,0,0,0,55
03/25/2017,STP,MN,AGL,CE,Towers with Radar,0,19,35,0,54,0,5,11,0,16,0,24,46,0,70,6,0,6,76
03/26/2017,STP,MN,AGL,CE,Towers with Radar,0,9,29,0,38,0,0,0,0,0,0,9,29,0,38,0,0,0,38
03/27/2017,STP,MN,AGL,CE,Towers with Radar,0,5,52,4,61,0,2,27,5,34,0,7,79,9,95,48,0,48,143
03/28/2017,STP,MN,AGL,CE,Towers with Radar,0,8,57,1,66,0,2,26,18,46,0,10,83,19,112,16,0,16,128
03/29/2017,STP,MN,AGL,CE,Towers with Radar,0,15,48,4,67,0,5,17,30,52,0,20,65,34,119,8,62,70,189
03/30/2017,STP,MN,AGL,CE,Towers with Radar,0,9,40,3,52,0,2,17,24,43,0,11,57,27,95,18,50,68,163
03/31/2017,STP,MN,AGL,CE,Towers with Radar,0,16,48,0,64,0,11,34,11,56,0,27,82,11,120,24,90,114,234
04/01/2017,STP,MN,AGL,CE,Towers with Radar,0,10,14,0,24,0,3,27,0,30,0,13,41,0,54,30,0,30,84
04/02/2017,STP,MN,AGL,CE,Towers with Radar,0,7,27,0,34,0,2,6,0,8,0,9,33,0,42,6,0,6,48
04/03/2017,STP,MN,AGL,CE,Towers with Radar,0,9,38,1,48,0,2,3,0,5,0,11,41,1,53,8,0,8,61
04/04/2017,STP,MN,AGL,CE,Towers with Radar,0,9,49,5,63,0,10,29,18,57,0,19,78,23,120,18,28,46,166
04/05/2017,STP,MN,AGL,CE,Towers with Radar,0,17,35,5,57,0,2,27,21,50,0,19,62,26,107,20,10,30,137
04/06/2017,STP,MN,AGL,CE,Towers with Radar,0,14,39,0,53,0,3,36,29,68,0,17,75,29,121,58,4,62,183
04/07/2017,STP,MN,AGL,CE,Towers with Radar,0,10,54,0,64,0,4,34,5,43,0,14,88,5,107,40,0,40,147
04/08/2017,STP,MN,AGL,CE,Towers with Radar,0,11,22,0,33,0,1,15,3,19,0,12,37,3,52,14,0,14,66
04/09/2017,STP,MN,AGL,CE,Towers with Radar,0,14,28,0,42,0,0,18,0,18,0,14,46,0,60,18,0,18,78
04/10/2017,STP,MN,AGL,CE,Towers with Radar,0,9,33,6,48,0,0,4,2,6,0,9,37,8,54,0,0,0,54
04/11/2017,STP,MN,AGL,CE,Towers with Radar,0,8,39,6,53,0,3,28,30,61,0,11,67,36,114,12,6,18,132
04/12/2017,STP,MN,AGL,CE,Towers with Radar,0,13,46,0,59,0,2,22,13,37,0,15,68,13,96,12,12,24,120
04/13/2017,STP,MN,AGL,CE,Towers with Radar,0,11,75,11,97,0,4,7,4,15,0,15,82,15,112,4,8,12,124
04/14/2017,STP,MN,AGL,CE,Towers with Radar,0,6,20,1,27,0,1,8,5,14,0,7,28,6,41,14,8,22,63
04/15/2017,STP,MN,AGL,CE,Towers with Radar,0,11,15,0,26,0,1,0,0,1,0,12,15,0,27,2,0,2,29
04/16/2017,STP,MN,AGL,CE,Towers with Radar,0,5,14,0,19,0,1,10,0,11,0,6,24,0,30,18,0,18,48
04/17/2017,STP,MN,AGL,CE,Towers with Radar,0,13,53,1,67,0,1,22,0,23,0,14,75,1,90,12,0,12,102
04/18/2017,STP,MN,AGL,CE,Towers with Radar,0,16,43,3,62,0,0,6,29,35,0,16,49,32,97,4,12,16,113
04/19/2017,STP,MN,AGL,CE,Towers with Radar,0,4,69,0,73,0,0,24,9,33,0,4,93,9,106,28,10,38,144
04/20/2017,STP,MN,AGL,CE,Towers with Radar,0,5,58,3,66,0,5,21,23,49,0,10,79,26,115,12,30,42,157
04/21/2017,STP,MN,AGL,CE,Towers with Radar,0,8,47,0,55,0,10,29,2,41,0,18,76,2,96,20,0,20,116
04/22/2017,STP,MN,AGL,CE,Towers with Radar,0,9,31,0,40,0,3,33,1,37,0,12,64,1,77,36,0,36,113
04/23/2017,STP,MN,AGL,CE,Towers with Radar,0,12,43,0,55,0,6,44,0,50,0,18,87,0,105,58,0,58,163
04/24/2017,STP,MN,AGL,CE,Towers with Radar,0,14,32,2,48,0,4,8,0,12,0,18,40,2,60,10,0,10,70
04/25/2017,STP,MN,AGL,CE,Towers with Radar,0,20,31,0,51,0,2,5,7,14,0,22,36,7,65,0,36,36,101
04/26/2017,STP,MN,AGL,CE,Towers with Radar,0,8,42,2,52,0,1,7,10,18,0,9,49,12,70,0,18,18,88
04/27/2017,STP,MN,AGL,CE,Towers with Radar,0,19,50,4,73,0,3,14,24,41,0,22,64,28,114,26,30,56,170
04/28/2017,STP,MN,AGL,CE,Towers with Radar,0,14,43,2,59,0,4,21,4,29,0,18,64,6,88,10,6,16,104
04/29/2017,STP,MN,AGL,CE,Towers with Radar,0,10,55,0,65,0,6,28,13,47,0,16,83,13,112,16,0,16,128
04/30/2017,STP,MN,AGL,CE,Towers with Radar,0,9,17,0,26,0,0,7,0,7,0,9,24,0,33,0,0,0,33
05/01/2017,STP,MN,AGL,CE,Towers with Radar,0,11,39,0,50,0,0,0,0,0,0,11,39,0,50,0,0,0,50
05/02/2017,STP,MN,AGL,CE,Towers with Radar,0,11,48,5,64,0,6,23,18,47,0,17,71,23,111,13,12,25,136
05/03/2017,STP,MN,AGL,CE,Towers with Radar,0,17,45,2,64,0,1,19,16,36,0,18,64,18,100,34,18,52,152
05/04/2017,STP,MN,AGL,CE,Towers with Radar,0,17,56,2,75,0,8,50,5,63,0,25,106,7,138,4,0,4,142
05/05/2017,STP,MN,AGL,CE,Towers with Radar,0,5,44,1,50,0,12,40,6,58,0,17,84,7,108,18,4,22,130
05/06/2017,STP,MN,AGL,CE,Towers with Radar,0,9,15,0,24,0,15,16,2,33,0,24,31,2,57,14,0,14,71
05/07/2017,STP,MN,AGL,CE,Towers with Radar,0,6,36,2,44,0,0,21,0,21,0,6,57,2,65,18,0,18,83
05/08/2017,STP,MN,AGL,CE,Towers with Radar,0,16,52,0,68,0,4,26,8,38,0,20,78,8,106,8,0,8,114
05/09/2017,STP,MN,AGL,CE,Towers with Radar,0,17,52,2,71,0,12,28,11,51,0,29,80,13,122,36,0,36,158
05/10/2017,STP,MN,AGL,CE,Towers with Radar,0,8,64,3,75,0,6,25,11,42,0,14,89,14,117,60,2,62,179
05/11/2017,STP,MN,AGL,CE,Towers with Radar,0,9,83,6,98,0,5,25,18,48,0,14,108,24,146,10,30,40,186
05/12/2017,STP,MN,AGL,CE,Towers with Radar,0,15,56,2,73,0,11,36,4,51,0,26,92,6,124,19,0,19,143
05/13/2017,STP,MN,AGL,CE,Towers with Radar,0,7,33,0,40,0,14,13,0,27,0,21,46,0,67,14,0,14,81
05/14/2017,STP,MN,AGL,CE,Towers with Radar,0,11,13,0,24,0,10,24,0,34,0,21,37,0,58,26,0,26,84
05/15/2017,STP,MN,AGL,CE,Towers with Radar,0,12,57,2,71,0,3,24,2,29,0,15,81,4,100,46,0,46,146
05/16/2017,STP,MN,AGL,CE,Towers with Radar,0,14,50,6,70,0,7,15,17,39,0,21,65,23,109,18,36,54,163
05/17/2017,STP,MN,AGL,CE,Towers with Radar,0,9,41,2,52,0,0,2,3,5,0,9,43,5,57,2,28,30,87
05/18/2017,STP,MN,AGL,CE,Towers with Radar,0,13,65,6,84,0,4,13,18,35,0,17,78,24,119,30,58,88,207
05/19/2017,STP,MN,AGL,CE,Towers with Radar,0,14,51,2,67,0,7,22,0,29,0,21,73,2,96,8,0,8,104
05/20/2017,STP,MN,AGL,CE,Towers with Radar,0,3,14,3,20,0,3,1,2,6,0,6,15,5,26,0,0,0,26
05/21/2017,STP,MN,AGL,CE,Towers with Radar,0,7,34,0,41,0,0,1,0,1,0,7,35,0,42,0,0,0,42
05/22/2017,STP,MN,AGL,CE,Towers with Radar,0,9,58,1,68,0,6,12,0,18,0,15,70,1,86,4,0,4,90
05/23/2017,STP,MN,AGL,CE,Towers with Radar,0,14,59,1,74,0,9,24,11,44,0,23,83,12,118,14,0,14,132
05/24/2017,STP,MN,AGL,CE,Towers with Radar,0,13,53,2,68,0,6,25,13,44,0,19,78,15,112,56,0,56,168
05/25/2017,STP,MN,AGL,CE,Towers with Radar,0,12,54,2,68,0,6,28,11,45,0,18,82,13,113,18,10,28,141
05/26/2017,STP,MN,AGL,CE,Towers with Radar,0,15,37,2,54,0,9,28,3,40,0,24,65,5,94,46,0,46,140
05/27/2017,STP,MN,AGL,CE,Towers with Radar,0,12,17,0,29,0,10,22,0,32,0,22,39,0,61,10,0,10,71
05/28/2017,STP,MN,AGL,CE,Towers with Radar,0,3,19,0,22,0,3,5,1,9,0,6,24,1,31,14,0,14,45
05/29/2017,STP,MN,AGL,CE,Towers with Radar,0,10,22,0,32,0,2,14,0,16,0,12,36,0,48,10,0,10,58
05/30/2017,STP,MN,AGL,CE,Towers with Radar,0,9,43,0,52,0,0,15,0,15,0,9,58,0,67,38,0,38,105
05/31/2017,STP,MN,AGL,CE,Towers with Radar,0,8,56,1,65,0,1,26,12,39,0,9,82,13,104,36,0,36,140
06/01/2017,STP,MN,AGL,CE,Towers with Radar,0,8,53,3,64,0,13,41,0,54,0,21,94,3,118,58,0,58,176
06/02/2017,STP,MN,AGL,CE,Towers with Radar,0,8,46,1,55,0,10,36,0,46,0,18,82,1,101,34,0,34,135
06/03/2017,STP,MN,AGL,CE,Towers with Radar,0,7,23,0,30,0,3,17,6,26,0,10,40,6,56,22,0,22,78
06/04/2017,STP,MN,AGL,CE,Towers with Radar,0,5,23,0,28,0,2,18,0,20,0,7,41,0,48,16,0,16,64
06/05/2017,STP,MN,AGL,CE,Towers with Radar,0,7,48,2,57,0,7,26,0,33,0,14,74,2,90,8,0,8,98
06/06/2017,STP,MN,AGL,CE,Towers with Radar,0,9,61,3,73,0,5,38,8,51,0,14,99,11,124,34,0,34,158
06/07/2017,STP,MN,AGL,CE,Towers with Radar,0,30,67,2,99,0,2,18,2,22,0,32,85,4,121,30,0,30,151
06/08/2017,STP,MN,AGL,CE,Towers with Radar,0,23,56,2,81,0,8,31,2,41,0,31,87,4,122,36,0,36,158
06/09/2017,STP,MN,AGL,CE,Towers with Radar,0,4,45,4,53,0,3,36,2,41,0,7,81,6,94,40,0,40,134
06/10/2017,STP,MN,AGL,CE,Towers with Radar,0,5,17,0,22,0,2,16,0,18,0,7,33,0,40,0,0,0,40
06/11/2017,STP,MN,AGL,CE,Towers with Radar,0,3,30,0,33,0,2,11,0,13,0,5,41,0,46,0,0,0,46
06/12/2017,STP,MN,AGL,CE,Towers with Radar,0,10,53,2,65,0,2,23,0,25,0,12,76,2,90,32,2,34,124
06/13/2017,STP,MN,AGL,CE,Towers with Radar,0,12,52,3,67,0,4,21,3,28,0,16,73,6,95,44,10,54,149
06/14/2017,STP,MN,AGL,CE,Towers with Radar,0,12,45,0,57,0,5,27,0,32,0,17,72,0,89,32,0,32,121
06/15/2017,STP,MN,AGL,CE,Towers with Radar,0,11,71,0,82,0,5,31,5,41,0,16,102,5,123,46,0,46,169
06/16/2017,STP,MN,AGL,CE,Towers with Radar,0,19,37,2,58,0,4,36,5,45,0,23,73,7,103,10,0,10,113
06/17/2017,STP,MN,AGL,CE,Towers with Radar,0,14,14,0,28,0,4,28,0,32,0,18,42,0,60,4,0,4,64
06/18/2017,STP,MN,AGL,CE,Towers with Radar,0,8,27,2,37,0,1,25,0,26,0,9,52,2,63,42,0,42,105
06/19/2017,STP,MN,AGL,CE,Towers with Radar,0,15,60,0,75,0,0,17,0,17,0,15,77,0,92,22,0,22,114
06/20/2017,STP,MN,AGL,CE,Towers with Radar,0,16,52,1,69,0,5,24,13,42,0,21,76,14,111,28,14,42,153
06/21/2017,STP,MN,AGL,CE,Towers with Radar,0,13,75,4,92,0,12,46,12,70,0,25,121,16,162,78,0,78,240
06/22/2017,STP,MN,AGL,CE,Towers with Radar,0,6,37,4,47,0,2,15,6,23,0,8,52,10,70,48,10,58,128
06/23/2017,STP,MN,AGL,CE,Towers with Radar,0,6,50,0,56,0,4,34,3,41,0,10,84,3,97,54,0,54,151
06/24/2017,STP,MN,AGL,CE,Towers with Radar,0,16,36,0,52,0,1,8,0,9,0,17,44,0,61,2,0,2,63
06/25/2017,STP,MN,AGL,CE,Towers with Radar,0,14,30,0,44,0,2,11,0,13,0,16,41,0,57,22,0,22,79
06/26/2017,STP,MN,AGL,CE,Towers with Radar,0,6,61,4,71,0,1,37,2,40,0,7,98,6,111,38,0,38,149
06/27/2017,STP,MN,AGL,CE,Towers with Radar,0,14,62,3,79,0,3,33,16,52,0,17,95,19,131,22,0,22,153
06/28/2017,STP,MN,AGL,CE,Towers with Radar,0,27,32,7,66,0,3,17,11,31,0,30,49,18,97,22,12,34,131
06/29/2017,STP,MN,AGL,CE,Towers with Radar,0,5,69,6,80,0,3,36,8,47,0,8,105,14,127,42,14,56,183
06/30/2017,STP,MN,AGL,CE,Towers with Radar,0,9,40,5,54,0,1,14,3,18,0,10,54,8,72,16,4,20,92
07/01/2017,STP,MN,AGL,CE,Towers with Radar,0,7,32,0,39,0,6,29,0,35,0,13,61,0,74,70,0,70,144
07/02/2017,STP,MN,AGL,CE,Towers with Radar,0,6,13,0,19,0,4,19,0,23,0,10,32,0,42,32,0,32,74
07/03/2017,STP,MN,AGL,CE,Towers with Radar,0,3,23,2,28,0,2,18,0,20,0,5,41,2,48,4,0,4,52
07/04/2017,STP,MN,AGL,CE,Towers with Radar,0,3,9,0,12,0,1,19,0,20,0,4,28,0,32,12,0,12,44
07/05/2017,STP,MN,AGL,CE,Towers with Radar,0,8,34,2,44,0,3,18,3,24,0,11,52,5,68,30,4,34,102
07/06/2017,STP,MN,AGL,CE,Towers with Radar,0,13,45,2,60,0,6,24,11,41,0,19,69,13,101,52,4,56,157
07/07/2017,STP,MN,AGL,CE,Towers with Radar,0,7,44,1,52,0,8,20,9,37,0,15,64,10,89,28,16,44,133
07/08/2017,STP,MN,AGL,CE,Towers with Radar,0,4,18,0,22,0,10,22,2,34,0,14,40,2,56,16,0,16,72
07/09/2017,STP,MN,AGL,CE,Towers with Radar,0,11,31,1,43,0,4,15,0,19,0,15,46,1,62,28,0,28,90
07/10/2017,STP,MN,AGL,CE,Towers with Radar,0,12,48,0,60,0,4,22,1,27,0,16,70,1,87,44,0,44,131
07/11/2017,STP,MN,AGL,CE,Towers with Radar,0,15,56,4,75,0,2,37,17,56,0,17,93,21,131,46,10,56,187
07/12/2017,STP,MN,AGL,CE,Towers with Radar,0,12,64,0,76,0,1,29,11,41,0,13,93,11,117,36,0,36,153
07/13/2017,STP,MN,AGL,CE,Towers with Radar,0,16,57,7,80,0,2,19,5,26,0,18,76,12,106,20,0,20,126
07/14/2017,STP,MN,AGL,CE,Towers with Radar,0,17,62,2,81,0,7,25,2,34,0,24,87,4,115,70,0,70,185
07/15/2017,STP,MN,AGL,CE,Towers with Radar,0,10,28,0,38,0,4,9,0,13,0,14,37,0,51,30,0,30,81
07/16/2017,STP,MN,AGL,CE,Towers with Radar,1,9,32,0,42,0,0,33,1,34,1,9,65,1,76,8,0,8,84
07/17/2017,STP,MN,AGL,CE,Towers with Radar,0,10,66,0,76,0,2,16,3,21,0,12,82,3,97,0,0,0,97
07/18/2017,STP,MN,AGL,CE,Towers with Radar,0,20,49,1,70,0,7,28,6,41,0,27,77,7,111,36,0,36,147
07/19/2017,STP,MN,AGL,CE,Towers with Radar,0,4,43,2,49,0,3,25,13,41,0,7,68,15,90,18,12,30,120
07/20/2017,STP,MN,AGL,CE,Towers with Radar,0,13,71,4,88,0,0,27,9,36,0,13,98,13,124,70,4,74,198
07/21/2017,STP,MN,AGL,CE,Towers with Radar,0,4,47,3,54,0,3,16,3,22,0,7,63,6,76,76,0,76,152
07/22/2017,STP,MN,AGL,CE,Towers with Radar,0,9,25,0,34,0,7,24,0,31,0,16,49,0,65,12,0,12,77
07/23/2017,STP,MN,AGL,CE,Towers with Radar,0,12,32,0,44,0,2,26,4,32,0,14,58,4,76,36,0,36,112
07/24/2017,STP,MN,AGL,CE,Towers with Radar,0,3,36,0,39,0,3,21,0,24,0,6,57,0,63,58,0,58,121
07/25/2017,STP,MN,AGL,CE,Towers with Radar,0,9,53,7,69,0,2,12,3,17,0,11,65,10,86,24,2,26,112
07/26/2017,STP,MN,AGL,CE,Towers with Radar,0,9,45,3,57,2,5,18,13,38,2,14,63,16,95,20,0,20,115
07/27/2017,STP,MN,AGL,CE,Towers with Radar,0,14,48,1,63,0,2,17,8,27,0,16,65,9,90,84,0,84,174
07/28/2017,STP,MN,AGL,CE,Towers with Radar,1,9,37,0,47,0,14,31,1,46,1,23,68,1,93,140,0,140,233
07/29/2017,STP,MN,AGL,CE,Towers with Radar,0,9,24,0,33,0,9,13,0,22,0,18,37,0,55,4,0,4,59
07/30/2017,STP,MN,AGL,CE,Towers with Radar,0,10,33,0,43,0,4,23,0,27,0,14,56,0,70,28,0,28,98
07/31/2017,STP,MN,AGL,CE,Towers with Radar,0,14,49,0,63,0,4,27,4,35,0,18,76,4,98,52,0,52,150
08/01/2017,STP,MN,AGL,CE,Towers with Radar,0,7,63,2,72,0,11,49,15,75,0,18,112,17,147,82,0,82,229
08/02/2017,STP,MN,AGL,CE,Towers with Radar,0,8,51,4,63,0,4,21,9,34,0,12,72,13,97,24,0,24,121
08/03/2017,STP,MN,AGL,CE,Towers with Radar,0,11,39,4,54,0,0,3,3,6,0,11,42,7,60,0,0,0,60
08/04/2017,STP,MN,AGL,CE,Towers with Radar,0,11,36,0,47,0,6,30,3,39,0,17,66,3,86,60,0,60,146
08/05/2017,STP,MN,AGL,CE,Towers with Radar,0,9,21,0,30,0,1,13,0,14,0,10,34,0,44,6,0,6,50
08/06/2017,STP,MN,AGL,CE,Towers with Radar,0,7,34,0,41,0,4,15,0,19,0,11,49,0,60,28,0,28,88
08/07/2017,STP,MN,AGL,CE,Towers with Radar,0,2,48,4,54,0,5,24,0,29,0,7,72,4,83,58,0,58,141
08/08/2017,STP,MN,AGL,CE,Towers with Radar,0,11,40,3,54,0,6,44,19,69,0,17,84,22,123,30,0,30,153
08/09/2017,STP,MN,AGL,CE,Towers with Radar,0,7,55,0,62,0,0,7,0,7,0,7,62,0,69,16,0,16,85
08/10/2017,STP,MN,AGL,CE,Towers with Radar,0,12,60,6,78,0,1,13,9,23,0,13,73,15,101,50,8,58,159
08/11/2017,STP,MN,AGL,CE,Towers with Radar,0,0,44,0,44,0,7,30,4,41,0,7,74,4,85,28,0,28,113
08/12/2017,STP,MN,AGL,CE,Towers with Radar,0,4,30,1,35,0,12,32,12,56,0,16,62,13,91,18,4,22,113
08/13/2017,STP,MN,AGL,CE,Towers with Radar,0,12,38,2,52,0,0,12,5,17,0,12,50,7,69,14,2,16,85
08/14/2017,STP,MN,AGL,CE,Towers with Radar,0,14,47,1,62,0,1,15,0,16,0,15,62,1,78,32,0,32,110
08/15/2017,STP,MN,AGL,CE,Towers with Radar,0,8,74,8,90,0,5,19,18,42,0,13,93,26,132,24,2,26,158
08/16/2017,STP,MN,AGL,CE,Towers with Radar,0,14,60,4,78,0,3,10,5,18,0,17,70,9,96,10,0,10,106
08/17/2017,STP,MN,AGL,CE,Towers with Radar,0,18,39,4,61,0,0,7,17,24,0,18,46,21,85,22,0,22,107
08/18/2017,STP,MN,AGL,CE,Towers with Radar,0,7,33,2,42,0,3,19,5,27,0,10,52,7,69,36,2,38,107
08/19/2017,STP,MN,AGL,CE,Towers with Radar,0,5,33,0,38,0,1,20,0,21,0,6,53,0,59,8,0,8,67
08/20/2017,STP,MN,AGL,CE,Towers with Radar,0,8,36,0,44,0,7,18,0,25,0,15,54,0,69,14,0,14,83
08/21/2017,STP,MN,AGL,CE,Towers with Radar,0,11,67,2,80,0,0,8,0,8,0,11,75,2,88,0,0,0,88
08/22/2017,STP,MN,AGL,CE,Towers with Radar,0,23,71,4,98,0,5,37,17,59,0,28,108,21,157,46,0,46,203
08/23/2017,STP,MN,AGL,CE,Towers with Radar,0,16,56,2,74,0,1,25,10,36,0,17,81,12,110,34,8,42,152
08/24/2017,STP,MN,AGL,CE,Towers with Radar,0,14,62,4,80,0,0,32,6,38,0,14,94,10,118,76,0,76,194
08/25/2017,STP,MN,AGL,CE,Towers with Radar,0,16,44,0,60,0,2,14,8,24,0,18,58,8,84,0,42,42,126
08/26/2017,STP,MN,AGL,CE,Towers with Radar,0,8,21,0,29,0,0,4,0,4,0,8,25,0,33,0,0,0,33
08/27/2017,STP,MN,AGL,CE,Towers with Radar,0,12,29,0,41,0,1,4,0,5,0,13,33,0,46,16,0,16,62
08/28/2017,STP,MN,AGL,CE,Towers with Radar,0,5,46,3,54,0,3,33,6,42,0,8,79,9,96,54,0,54,150
08/29/2017,STP,MN,AGL,CE,Towers with Radar,0,15,58,2,75,0,2,26,20,48,0,17,84,22,123,34,0,34,157
08/30/2017,STP,MN,AGL,CE,Towers with Radar,0,7,64,4,75,0,9,26,19,54,0,16,90,23,129,4,0,4,133
08/31/2017,STP,MN,AGL,CE,Towers with Radar,0,14,76,2,92,0,14,33,22,69,0,28,109,24,161,48,12,60,221
09/01/2017,STP,MN,AGL,CE,Towers with Radar,0,6,39,4,49,0,2,24,4,30,0,8,63,8,79,12,0,12,91
09/02/2017,STP,MN,AGL,CE,Towers with Radar,0,13,23,0,36,0,15,19,0,34,0,28,42,0,70,8,0,8,78
09/03/2017,STP,MN,AGL,CE,Towers with Radar,0,6,27,0,33,0,2,21,0,23,0,8,48,0,56,26,0,26,82
09/04/2017,STP,MN,AGL,CE,Towers with Radar,0,7,30,0,37,0,5,7,0,12,0,12,37,0,49,0,0,0,49
09/05/2017,STP,MN,AGL,CE,Towers with Radar,0,9,39,0,48,0,8,17,0,25,0,17,56,0,73,6,0,6,79
09/06/2017,STP,MN,AGL,CE,Towers with Radar,0,7,80,6,93,0,1,26,18,45,0,8,106,24,138,32,6,38,176
09/07/2017,STP,MN,AGL,CE,Towers with Radar,0,15,52,3,70,0,11,19,20,50,0,26,71,23,120,12,6,18,138
09/08/2017,STP,MN,AGL,CE,Towers with Radar,0,8,54,0,62,0,7,18,2,27,0,15,72,2,89,4,0,4,93
09/09/2017,STP,MN,AGL,CE,Towers with Radar,0,10,22,0,32,0,19,20,0,39,0,29,42,0,71,26,0,26,97
09/10/2017,STP,MN,AGL,CE,Towers with Radar,0,7,48,0,55,0,4,16,0,20,0,11,64,0,75,24,0,24,99
09/11/2017,STP,MN,AGL,CE,Towers with Radar,0,18,75,2,95,0,1,33,2,36,0,19,108,4,131,48,0,48,179
09/12/2017,STP,MN,AGL,CE,Towers with Radar,0,17,67,3,87,0,11,42,21,74,0,28,109,24,161,36,7,43,204
09/13/2017,STP,MN,AGL,CE,Towers with Radar,0,13,65,2,80,0,8,23,30,61,0,21,88,32,141,10,12,22,163
09/14/2017,STP,MN,AGL,CE,Towers with Radar,0,12,61,1,74,0,1,28,12,41,0,13,89,13,115,2,0,2,117
09/15/2017,STP,MN,AGL,CE,Towers with Radar,0,12,45,0,57,0,4,11,0,15,0,16,56,0,72,2,0,2,74
09/16/2017,STP,MN,AGL,CE,Towers with Radar,0,4,18,0,22,0,0,10,2,12,0,4,28,2,34,4,0,4,38
09/17/2017,STP,MN,AGL,CE,Towers with Radar,0,5,36,1,42,0,3,10,7,20,0,8,46,8,62,0,0,0,62
09/18/2017,STP,MN,AGL,CE,Towers with Radar,0,6,46,0,52,0,2,10,2,14,0,8,56,2,66,56,0,56,122
09/19/2017,STP,MN,AGL,CE,Towers with Radar,0,6,65,0,71,0,1,22,14,37,0,7,87,14,108,26,0,26,134
09/20/2017,STP,MN,AGL,CE,Towers with Radar,0,14,76,2,92,0,5,30,19,54,0,19,106,21,146,50,0,50,196
09/21/2017,STP,MN,AGL,CE,Towers with Radar,0,9,53,0,62,0,7,27,24,58,0,16,80,24,120,56,10,66,186
09/22/2017,STP,MN,AGL,CE,Towers with Radar,0,7,21,2,30,0,14,11,2,27,0,21,32,4,57,58,0,58,115
09/23/2017,STP,MN,AGL,CE,Towers with Radar,0,12,25,0,37,0,9,14,1,24,0,21,39,1,61,34,0,34,95
09/24/2017,STP,MN,AGL,CE,Towers with Radar,0,12,50,0,62,0,4,18,0,22,0,16,68,0,84,12,0,12,96
09/25/2017,STP,MN,AGL,CE,Towers with Radar,0,12,60,2,74,0,0,11,0,11,0,12,71,2,85,20,0,20,105
09/26/2017,STP,MN,AGL,CE,Towers with Radar,0,15,64,1,80,0,0,10,16,26,0,15,74,17,106,8,6,14,120
09/27/2017,STP,MN,AGL,CE,Towers with Radar,0,12,73,1,86,2,17,36,17,72,2,29,109,18,158,62,0,62,220
09/28/2017,STP,MN,AGL,CE,Towers with Radar,0,13,46,4,63,0,4,30,17,51,0,17,76,21,114,16,14,30,144
09/29/2017,STP,MN,AGL,CE,Towers with Radar,0,17,55,2,74,0,4,28,5,37,0,21,83,7,111,16,0,16,127
09/30/2017,STP,MN,AGL,CE,Towers with Radar,0,15,37,0,52,0,7,23,1,31,0,22,60,1,83,44,0,44,127
10/01/2017,STP,MN,AGL,CE,Towers with Radar,0,16,56,0,72,0,0,10,0,10,0,16,66,0,82,16,0,16,98
10/02/2017,STP,MN,AGL,CE,Towers with Radar,0,16,41,0,57,0,11,13,0,24,0,27,54,0,81,16,0,16,97
10/03/2017,STP,MN,AGL,CE,Towers with Radar,0,28,48,0,76,0,1,14,16,31,0,29,62,16,107,20,38,58,165
10/04/2017,STP,MN,AGL,CE,Towers with Radar,0,19,62,0,81,0,10,23,14,47,0,29,85,14,128,4,0,4,132
10/05/2017,STP,MN,AGL,CE,Towers with Radar,0,17,64,0,81,0,6,32,21,59,0,23,96,21,140,26,6,32,172
10/06/2017,STP,MN,AGL,CE,Towers with Radar,0,9,36,0,45,0,0,6,0,6,0,9,42,0,51,0,0,0,51
10/07/2017,STP,MN,AGL,CE,Towers with Radar,0,17,28,2,47,0,4,6,0,10,0,21,34,2,57,0,0,0,57
10/08/2017,STP,MN,AGL,CE,Towers with Radar,0,10,46,2,58,0,6,32,0,38,0,16,78,2,96,20,0,20,116
10/09/2017,STP,MN,AGL,CE,Towers with Radar,0,7,35,1,43,0,2,27,0,29,0,9,62,1,72,24,0,24,96
10/10/2017,STP,MN,AGL,CE,Towers with Radar,0,14,37,5,56,0,7,21,15,43,0,21,58,20,99,58,34,92,191
10/11/2017,STP,MN,AGL,CE,Towers with Radar,0,23,47,8,78,0,0,19,10,29,0,23,66,18,107,44,12,56,163
10/12/2017,STP,MN,AGL,CE,Towers with Radar,0,19,50,1,70,0,8,20,11,39,0,27,70,12,109,6,4,10,119
10/13/2017,STP,MN,AGL,CE,Towers with Radar,0,11,53,2,66,0,11,33,9,53,0,22,86,11,119,36,0,36,155
10/14/2017,STP,MN,AGL,CE,Towers with Radar,0,5,33,2,40,0,3,17,18,38,0,8,50,20,78,36,16,52,130
10/15/2017,STP,MN,AGL,CE,Towers with Radar,0,35,87,0,122,0,5,19,2,26,0,40,106,2,148,18,0,18,166
10/16/2017,STP,MN,AGL,CE,Towers with Radar,0,13,44,2,59,0,11,28,0,39,0,24,72,2,98,94,0,94,192
10/17/2017,STP,MN,AGL,CE,Towers with Radar,0,12,65,6,83,0,5,27,22,54,0,17,92,28,137,76,10,86,223
10/18/2017,STP,MN,AGL,CE,Towers with Radar,0,11,53,3,67,0,4,22,15,41,0,15,75,18,108,34,4,38,146
10/19/2017,STP,MN,AGL,CE,Towers with Radar,0,29,56,0,85,0,7,32,10,49,0,36,88,10,134,46,0,46,180
10/20/2017,STP,MN,AGL,CE,Towers with Radar,0,11,55,1,67,0,6,25,2,33,0,17,80,3,100,28,32,60,160
10/21/2017,STP,MN,AGL,CE,Towers with Radar,0,12,31,0,43,0,2,15,0,17,0,14,46,0,60,28,0,28,88
10/22/2017,STP,MN,AGL,CE,Towers with Radar,0,15,86,0,101,0,3,22,2,27,0,18,108,2,128,26,0,26,154
10/23/2017,STP,MN,AGL,CE,Towers with Radar,0,7,34,1,42,0,2,25,4,31,0,9,59,5,73,22,0,22,95
10/24/2017,STP,MN,AGL,CE,Towers with Radar,0,14,42,0,56,0,3,13,8,24,0,17,55,8,80,0,8,8,88
10/25/2017,STP,MN,AGL,CE,Towers with Radar,0,8,55,5,68,0,7,62,29,98,0,15,117,34,166,110,8,118,284
10/26/2017,STP,MN,AGL,CE,Towers with Radar,0,19,47,1,67,0,3,17,7,27,0,22,64,8,94,76,0,76,170
10/27/2017,STP,MN,AGL,CE,Towers with Radar,0,3,22,2,27,0,0,0,0,0,0,3,22,2,27,0,0,0,27
10/28/2017,STP,MN,AGL,CE,Towers with Radar,0,5,26,0,31,0,1,18,0,19,0,6,44,0,50,46,0,46,96
10/29/2017,STP,MN,AGL,CE,Towers with Radar,0,6,15,0,21,0,2,12,0,14,0,8,27,0,35,30,0,30,65
10/30/2017,STP,MN,AGL,CE,Towers with Radar,0,12,36,3,51,0,5,12,0,17,0,17,48,3,68,28,0,28,96
10/31/2017,STP,MN,AGL,CE,Towers with Radar,0,12,48,4,64,0,2,12,7,21,0,14,60,11,85,4,0,4,89
11/01/2017,STP,MN,AGL,CE,Towers with Radar,0,14,49,0,63,0,0,0,3,3,0,14,49,3,66,0,0,0,66
11/02/2017,STP,MN,AGL,CE,Towers with Radar,0,16,55,1,72,0,1,11,3,15,0,17,66,4,87,6,0,6,93
11/03/2017,STP,MN,AGL,CE,Towers with Radar,0,10,58,8,76,0,1,7,6,14,0,11,65,14,90,20,0,20,110
11/04/2017,STP,MN,AGL,CE,Towers with Radar,0,10,23,2,35,0,0,0,0,0,0,10,23,2,35,0,0,0,35
11/05/2017,STP,MN,AGL,CE,Towers with Radar,0,13,34,0,47,0,2,8,0,10,0,15,42,0,57,12,0,12,69
11/06/2017,STP,MN,AGL,CE,Towers with Radar,0,14,40,3,57,0,2,17,5,24,0,16,57,8,81,2,0,2,83
11/07/2017,STP,MN,AGL,CE,Towers with Radar,0,24,63,3,90,0,3,24,13,40,0,27,87,16,130,13,8,21,151
11/08/2017,STP,MN,AGL,CE,Towers with Radar,0,15,37,5,57,0,0,24,16,40,0,15,61,21,97,14,24,38,135
11/09/2017,STP,MN,AGL,CE,Towers with Radar,0,20,46,2,68,0,4,23,2,29,0,24,69,4,97,18,8,26,123
11/10/2017,STP,MN,AGL,CE,Towers with Radar,0,8,46,0,54,0,8,16,0,24,0,16,62,0,78,16,0,16,94
11/11/2017,STP,MN,AGL,CE,Towers with Radar,0,18,15,0,33,0,6,21,0,27,0,24,36,0,60,18,0,18,78
11/12/2017,STP,MN,AGL,CE,Towers with Radar,0,7,40,0,47,0,0,17,0,17,0,7,57,0,64,22,0,22,86
11/13/2017,STP,MN,AGL,CE,Towers with Radar,0,18,44,2,64,0,5,23,0,28,0,23,67,2,92,36,0,36,128
11/14/2017,STP,MN,AGL,CE,Towers with Radar,0,19,51,3,73,0,0,0,0,0,0,19,51,3,73,0,0,0,73
11/15/2017,STP,MN,AGL,CE,Towers with Radar,0,15,52,1,68,0,3,13,10,26,0,18,65,11,94,6,16,22,116
11/16/2017,STP,MN,AGL,CE,Towers with Radar,0,18,47,1,66,0,6,19,13,38,0,24,66,14,104,24,14,38,142
11/17/2017,STP,MN,AGL,CE,Towers with Radar,0,5,59,2,66,0,0,1,0,1,0,5,60,2,67,0,0,0,67
11/18/2017,STP,MN,AGL,CE,Towers with Radar,0,9,42,0,51,0,7,15,0,22,0,16,57,0,73,6,0,6,79
11/19/2017,STP,MN,AGL,CE,Towers with Radar,0,14,55,0,69,0,6,21,0,27,0,20,76,0,96,18,0,18,114
11/20/2017,STP,MN,AGL,CE,Towers with Radar,0,11,59,1,71,0,0,19,6,25,0,11,78,7,96,56,0,56,152
11/21/2017,STP,MN,AGL,CE,Towers with Radar,0,16,35,13,64,0,0,23,19,42,0,16,58,32,106,52,26,78,184
11/22/2017,STP,MN,AGL,CE,Towers with Radar,0,13,43,0,56,0,3,22,8,33,0,16,65,8,89,24,10,34,123
11/23/2017,STP,MN,AGL,CE,Towers with Radar,0,4,4,0,8,0,0,12,0,12,0,4,16,0,20,136,0,136,156
11/24/2017,STP,MN,AGL,CE,Towers with Radar,0,8,16,0,24,0,5,21,0,26,0,13,37,0,50,34,0,34,84
11/25/2017,STP,MN,AGL,CE,Towers with Radar,0,12,35,0,47,0,5,48,0,53,0,17,83,0,100,18,0,18,118
11/26/2017,STP,MN,AGL,CE,Towers with Radar,0,10,35,0,45,0,0,15,0,15,0,10,50,0,60,2,0,2,62
11/27/2017,STP,MN,AGL,CE,Towers with Radar,0,17,47,2,66,0,2,14,0,16,0,19,61,2,82,142,0,142,224
11/28/2017,STP,MN,AGL,CE,Towers with Radar,0,12,53,9,74,0,1,16,27,44,0,13,69,36,118,26,0,26,144
11/29/2017,STP,MN,AGL,CE,Towers with Radar,0,11,64,10,85,0,2,19,17,38,0,13,83,27,123,14,20,34,157
11/30/2017,STP,MN,AGL,CE,Towers with Radar,0,9,44,3,56,0,1,24,22,47,0,10,68,25,103,14,8,22,125
12/01/2017,STP,MN,AGL,CE,Towers with Radar,0,18,46,3,67,0,4,27,6,37,0,22,73,9,104,12,4,16,120
12/02/2017,STP,MN,AGL,CE,Towers with Radar,0,8,30,0,38,0,12,31,0,43,0,20,61,0,81,18,0,18,99
12/03/2017,STP,MN,AGL,CE,Towers with Radar,0,5,40,2,47,0,1,25,0,26,0,6,65,2,73,50,0,50,123
12/04/2017,STP,MN,AGL,CE,Towers with Radar,0,9,35,1,45,0,0,2,5,7,0,9,37,6,52,0,0,0,52
12/05/2017,STP,MN,AGL,CE,Towers with Radar,0,16,37,1,54,0,9,8,17,34,0,25,45,18,88,0,10,10,98
12/06/2017,STP,MN,AGL,CE,Towers with Radar,0,11,30,0,41,0,2,4,13,19,0,13,34,13,60,14,16,30,90
12/07/2017,STP,MN,AGL,CE,Towers with Radar,0,9,46,1,56,0,3,21,12,36,0,12,67,13,92,44,0,44,136
12/08/2017,STP,MN,AGL,CE,Towers with Radar,0,10,35,1,46,0,2,12,5,19,0,12,47,6,65,0,20,20,85
12/09/2017,STP,MN,AGL,CE,Towers with Radar,0,13,8,0,21,1,8,24,2,35,1,21,32,2,56,62,0,62,118
12/10/2017,STP,MN,AGL,CE,Towers with Radar,0,7,26,0,33,0,0,11,1,12,0,7,37,1,45,8,0,8,53
12/11/2017,STP,MN,AGL,CE,Towers with Radar,0,18,36,0,54,0,4,5,0,9,0,22,41,0,63,6,0,6,69
12/12/2017,STP,MN,AGL,CE,Towers with Radar,0,14,52,7,73,0,0,12,11,23,0,14,64,18,96,14,12,26,122
12/13/2017,STP,MN,AGL,CE,Towers with Radar,0,10,45,7,62,0,0,3,16,19,0,10,48,23,81,0,6,6,87
12/14/2017,STP,MN,AGL,CE,Towers with Radar,0,13,48,1,62,0,1,10,18,29,0,14,58,19,91,10,6,16,107
12/15/2017,STP,MN,AGL,CE,Towers with Radar,0,10,38,1,49,0,7,25,1,33,0,17,63,2,82,48,0,48,130
12/16/2017,STP,MN,AGL,CE,Towers with Radar,0,8,27,0,35,0,11,12,0,23,0,19,39,0,58,0,0,0,58
12/17/2017,STP,MN,AGL,CE,Towers with Radar,0,19,43,0,62,0,0,1,0,1,0,19,44,0,63,0,0,0,63
12/18/2017,STP,MN,AGL,CE,Towers with Radar,0,10,35,0,45,0,0,13,3,16,0,10,48,3,61,38,0,38,99
12/19/2017,STP,MN,AGL,CE,Towers with Radar,0,16,63,10,89,0,3,30,22,55,0,19,93,32,144,12,16,28,172
12/20/2017,STP,MN,AGL,CE,Towers with Radar,0,19,33,5,57,0,0,9,5,14,0,19,42,10,71,20,20,40,111
12/21/2017,STP,MN,AGL,CE,Towers with Radar,0,8,48,3,59,0,4,10,8,22,0,12,58,11,81,24,0,24,105
12/22/2017,STP,MN,AGL,CE,Towers with Radar,0,9,26,1,36,0,8,17,0,25,0,17,43,1,61,46,0,46,107
12/23/2017,STP,MN,AGL,CE,Towers with Radar,0,14,24,0,38,0,0,15,0,15,0,14,39,0,53,32,0,32,85
12/24/2017,STP,MN,AGL,CE,Towers with Radar,0,8,14,0,22,0,2,6,0,8,0,10,20,0,30,80,0,80,110
12/25/2017,STP,MN,AGL,CE,Towers with Radar,0,6,9,0,15,0,1,0,0,1,0,7,9,0,16,0,0,0,16
12/26/2017,STP,MN,AGL,CE,Towers with Radar,0,25,18,0,43,0,4,8,0,12,0,29,26,0,55,2,0,2,57
12/27/2017,STP,MN,AGL,CE,Towers with Radar,0,13,25,3,41,0,1,13,14,28,0,14,38,17,69,14,8,22,91
12/28/2017,STP,MN,AGL,CE,Towers with Radar,0,7,20,0,27,0,2,2,7,11,0,9,22,7,38,0,0,0,38
12/29/2017,STP,MN,AGL,CE,Towers with Radar,0,11,19,0,30,0,1,3,2,6,0,12,22,2,36,10,0,10,46
12/30/2017,STP,MN,AGL,CE,Towers with Radar,0,6,18,0,24,0,0,6,0,6,0,6,24,0,30,0,0,0,30
12/31/2017,STP,MN,AGL,CE,Towers with Radar,0,8,21,0,29,0,1,2,0,3,0,9,23,0,32,2,0,2,34
01/01/2018,STP,MN,AGL,CE,Towers with Radar,0,12,17,0,29,0,4,15,0,19,0,16,32,0,48,2,0,2,50
01/02/2018,STP,MN,AGL,CE,Towers with Radar,0,16,31,1,48,0,0,14,4,18,0,16,45,5,66,18,0,18,84
01/03/2018,STP,MN,AGL,CE,Towers with Radar,0,6,27,5,38,0,5,7,17,29,0,11,34,22,67,4,8,12,79
01/04/2018,STP,MN,AGL,CE,Towers with Radar,0,9,29,3,41,0,7,13,15,35,0,16,42,18,76,18,0,18,94
01/05/2018,STP,MN,AGL,CE,Towers with Radar,0,25,29,1,55,0,5,16,5,26,0,30,45,6,81,12,0,12,93
01/06/2018,STP,MN,AGL,CE,Towers with Radar,0,5,23,2,30,0,0,11,0,11,0,5,34,2,41,16,0,16,57
01/07/2018,STP,MN,AGL,CE,Towers with Radar,0,4,19,2,25,0,0,11,0,11,0,4,30,2,36,20,0,20,56
01/08/2018,STP,MN,AGL,CE,Towers with Radar,0,2,28,0,30,0,4,17,0,21,0,6,45,0,51,72,0,72,123
01/09/2018,STP,MN,AGL,CE,Towers with Radar,0,13,26,2,41,0,2,24,5,31,0,15,50,7,72,66,0,66,138
01/10/2018,STP,MN,AGL,CE,Towers with Radar,0,15,44,2,61,0,0,0,0,0,0,15,44,2,61,0,0,0,61
01/11/2018,STP,MN,AGL,CE,Towers with Radar,0,7,29,0,36,0,0,1,0,1,0,7,30,0,37,0,0,0,37
01/12/2018,STP,MN,AGL,CE,Towers with Radar,0,4,31,1,36,0,1,15,3,19,0,5,46,4,55,30,0,30,85
01/13/2018,STP,MN,AGL,CE,Towers with Radar,0,13,29,0,42,0,9,9,0,18,0,22,38,0,60,12,0,12,72
01/14/2018,STP,MN,AGL,CE,Towers with Radar,0,16,80,0,96,0,3,0,0,3,0,19,80,0,99,0,0,0,99
01/15/2018,STP,MN,AGL,CE,Towers with Radar,0,10,40,0,50,0,7,10,0,17,0,17,50,0,67,0,0,0,67
01/16/2018,STP,MN,AGL,CE,Towers with Radar,0,12,24,0,36,0,2,13,27,42,0,14,37,27,78,10,4,14,92
01/17/2018,STP,MN,AGL,CE,Towers with Radar,0,8,43,3,54,0,3,24,27,54,0,11,67,30,108,44,22,66,174
01/18/2018,STP,MN,AGL,CE,Towers with Radar,0,7,46,7,60,0,1,22,15,38,0,8,68,22,98,22,12,34,132
01/19/2018,STP,MN,AGL,CE,Towers with Radar,0,5,37,4,46,0,5,29,4,38,0,10,66,8,84,40,12,52,136
01/20/2018,STP,MN,AGL,CE,Towers with Radar,0,12,22,0,34,0,13,30,0,43,0,25,52,0,77,78,0,78,155
01/21/2018,STP,MN,AGL,CE,Towers with Radar,0,4,19,0,23,0,3,16,0,19,0,7,35,0,42,16,0,16,58
01/22/2018,STP,MN,AGL,CE,Towers with Radar,1,3,9,0,13,0,0,0,0,0,1,3,9,0,13,0,0,0,13
01/23/2018,STP,MN,AGL,CE,Towers with Radar,0,10,52,1,63,0,4,6,7,17,0,14,58,8,80,2,0,2,82
01/24/2018,STP,MN,AGL,CE,Towers with Radar,0,9,47,6,62,0,0,0,6,6,0,9,47,12,68,0,36,36,104
01/25/2018,STP,MN,AGL,CE,Towers with Radar,0,17,37,2,56,0,0,0,0,0,0,17,37,2,56,0,0,0,56
01/26/2018,STP,MN,AGL,CE,Towers with Radar,2,14,45,2,63,0,5,19,6,30,2,19,64,8,93,16,0,16,109
01/27/2018,STP,MN,AGL,CE,Towers with Radar,0,10,24,1,35,0,5,35,3,43,0,15,59,4,78,40,0,40,118
01/28/2018,STP,MN,AGL,CE,Towers with Radar,0,4,22,1,27,0,1,18,5,24,0,5,40,6,51,48,0,48,99
01/29/2018,STP,MN,AGL,CE,Towers with Radar,0,9,42,7,58,0,2,33,5,40,0,11,75,12,98,10,16,26,124
01/30/2018,STP,MN,AGL,CE,Towers with Radar,0,8,55,4,67,0,0,25,20,45,0,8,80,24,112,44,8,52,164
01/31/2018,STP,MN,AGL,CE,Towers with Radar,0,22,52,0,74,0,2,22,0,24,0,24,74,0,98,24,0,24,122
02/01/2018,STP,MN,AGL,CE,Towers with Radar,0,37,55,2,94,0,7,20,7,34,0,44,75,9,128,0,0,0,128
02/02/2018,STP,MN,AGL,CE,Towers with Radar,0,84,68,0,152,0,4,12,0,16,0,88,80,0,168,0,0,0,168
02/03/2018,STP,MN,AGL,CE,Towers with Radar,0,84,55,2,141,0,0,0,0,0,0,84,55,2,141,0,0,0,141
02/04/2018,STP,MN,AGL,CE,Towers with Radar,0,80,53,0,133,0,4,23,0,27,0,84,76,0,160,0,0,0,160
02/05/2018,STP,MN,AGL,CE,Towers with Radar,0,205,145,1,351,0,2,7,0,9,0,207,152,1,360,0,0,0,360
02/06/2018,STP,MN,AGL,CE,Towers with Radar,0,19,51,5,75,0,4,4,20,28,0,23,55,25,103,0,36,36,139
02/07/2018,STP,MN,AGL,CE,Towers with Radar,0,13,50,4,67,0,2,7,12,21,0,15,57,16,88,18,0,18,106
02/08/2018,STP,MN,AGL,CE,Towers with Radar,0,8,48,2,58,0,2,10,19,31,0,10,58,21,89,10,2,12,101
02/09/2018,STP,MN,AGL,CE,Towers with Radar,0,14,37,4,55,0,6,19,2,27,0,20,56,6,82,34,4,38,120
02/10/2018,STP,MN,AGL,CE,Towers with Radar,0,9,30,0,39,0,6,22,0,28,0,15,52,0,67,24,0,24,91
02/11/2018,STP,MN,AGL,CE,Towers with Radar,0,7,30,0,37,0,2,16,0,18,0,9,46,0,55,34,0,34,89
02/12/2018,STP,MN,AGL,CE,Towers with Radar,0,9,33,0,42,0,4,19,7,30,0,13,52,7,72,54,20,74,146
02/13/2018,STP,MN,AGL,CE,Towers with Radar,0,8,45,3,56,0,0,20,15,35,0,8,65,18,91,6,0,6,97
02/14/2018,STP,MN,AGL,CE,Towers with Radar,0,15,37,2,54,0,2,29,16,47,0,17,66,18,101,24,10,34,135
02/15/2018,STP,MN,AGL,CE,Towers with Radar,0,11,48,0,59,0,5,17,9,31,0,16,65,9,90,50,0,50,140
02/16/2018,STP,MN,AGL,CE,Towers with Radar,0,5,64,2,71,0,3,31,0,34,0,8,95,2,105,30,0,30,135
02/17/2018,STP,MN,AGL,CE,Towers with Radar,0,4,19,0,23,0,8,11,0,19,0,12,30,0,42,4,0,4,46
02/18/2018,STP,MN,AGL,CE,Towers with Radar,0,8,29,0,37,0,0,4,1,5,0,8,33,1,42,0,0,0,42
02/19/2018,STP,MN,AGL,CE,Towers with Radar,0,7,39,0,46,0,0,0,0,0,0,7,39,0,46,0,0,0,46
02/20/2018,STP,MN,AGL,CE,Towers with Radar,0,11,32,1,44,0,0,0,0,0,0,11,32,1,44,0,0,0,44
02/21/2018,STP,MN,AGL,CE,Towers with Radar,1,9,35,5,50,0,6,32,18,56,1,15,67,23,106,52,8,60,166
02/22/2018,STP,MN,AGL,CE,Towers with Radar,0,7,46,5,58,0,1,9,0,10,0,8,55,5,68,16,0,16,84
02/23/2018,STP,MN,AGL,CE,Towers with Radar,0,9,25,3,37,0,4,4,2,10,0,13,29,5,47,0,0,0,47
02/24/2018,STP,MN,AGL,CE,Towers with Radar,0,6,14,0,20,0,0,1,0,1,0,6,15,0,21,0,0,0,21
02/25/2018,STP,MN,AGL,CE,Towers with Radar,0,20,26,0,46,0,4,5,0,9,0,24,31,0,55,2,0,2,57
02/26/2018,STP,MN,AGL,CE,Towers with Radar,0,21,43,3,67,0,4,14,1,19,0,25,57,4,86,34,20,54,140
02/27/2018,STP,MN,AGL,CE,Towers with Radar,0,8,36,0,44,0,0,30,17,47,0,8,66,17,91,54,14,68,159
02/28/2018,STP,MN,AGL,CE,Towers with Radar,0,20,42,2,64,0,5,24,12,41,0,25,66,14,105,12,22,34,139
03/01/2018,STP,MN,AGL,CE,Towers with Radar,0,10,44,1,55,0,5,27,14,46,0,15,71,15,101,82,8,90,191
03/02/2018,STP,MN,AGL,CE,Towers with Radar,0,9,29,2,40,0,1,22,3,26,0,10,51,5,66,2,0,2,68
03/03/2018,STP,MN,AGL,CE,Towers with Radar,0,8,31,0,39,0,7,24,2,33,0,15,55,2,72,48,0,48,120
03/04/2018,STP,MN,AGL,CE,Towers with Radar,0,10,16,0,26,0,0,3,0,3,0,10,19,0,29,0,0,0,29
03/05/2018,STP,MN,AGL,CE,Towers with Radar,0,3,15,0,18,0,0,0,0,0,0,3,15,0,18,0,0,0,18
03/06/2018,STP,MN,AGL,CE,Towers with Radar,0,11,23,4,38,0,1,6,8,15,0,12,29,12,53,0,2,2,55
03/07/2018,STP,MN,AGL,CE,Towers with Radar,0,13,45,4,62,0,13,24,20,57,0,26,69,24,119,38,0,38,157
03/08/2018,STP,MN,AGL,CE,Towers with Radar,0,6,45,2,53,0,4,21,18,43,0,10,66,20,96,40,0,40,136
03/09/2018,STP,MN,AGL,CE,Towers with Radar,0,9,36,2,47,0,4,30,3,37,0,13,66,5,84,66,0,66,150
03/10/2018,STP,MN,AGL,CE,Towers with Radar,0,6,22,0,28,0,0,12,0,12,0,6,34,0,40,16,0,16,56
03/11/2018,STP,MN,AGL,CE,Towers with Radar,0,10,17,0,27,0,0,1,1,2,0,10,18,1,29,0,0,0,29
03/12/2018,STP,MN,AGL,CE,Towers with Radar,0,15,58,2,75,0,4,18,12,34,0,19,76,14,109,48,2,50,159
03/13/2018,STP,MN,AGL,CE,Towers with Radar,0,12,51,1,64,0,3,20,18,41,0,15,71,19,105,6,16,22,127
03/14/2018,STP,MN,AGL,CE,Towers with Radar,0,33,41,1,75,0,4,29,20,53,0,37,70,21,128,50,10,60,188
03/15/2018,STP,MN,AGL,CE,Towers with Radar,0,8,67,2,77,0,7,28,23,58,0,15,95,25,135,74,16,90,225
03/16/2018,STP,MN,AGL,CE,Towers with Radar,0,10,27,3,40,0,5,26,11,42,0,15,53,14,82,16,0,16,98
03/17/2018,STP,MN,AGL,CE,Towers with Radar,0,21,19,0,40,0,7,37,4,48,0,28,56,4,88,50,6,56,144
03/18/2018,STP,MN,AGL,CE,Towers with Radar,0,10,23,2,35,0,3,10,2,15,0,13,33,4,50,46,0,46,96
03/19/2018,STP,MN,AGL,CE,Towers with Radar,0,6,35,2,43,0,0,9,6,15,0,6,44,8,58,12,0,12,70
03/20/2018,STP,MN,AGL,CE,Towers with Radar,0,11,39,3,53,0,2,0,8,10,0,13,39,11,63,0,10,10,73
03/21/2018,STP,MN,AGL,CE,Towers with Radar,0,14,41,1,56,1,6,13,17,37,1,20,54,18,93,16,16,32,125
03/22/2018,STP,MN,AGL,CE,Towers with Radar,0,9,35,3,47,0,8,25,19,52,0,17,60,22,99,36,0,36,135
03/23/2018,STP,MN,AGL,CE,Towers with Radar,0,15,29,0,44,0,0,13,18,31,0,15,42,18,75,12,14,26,101
03/24/2018,STP,MN,AGL,CE,Towers with Radar,0,9,25,2,36,0,0,14,16,30,0,9,39,18,66,12,0,12,78
03/25/2018,STP,MN,AGL,CE,Towers with Radar,0,6,25,0,31,0,5,17,4,26,0,11,42,4,57,48,0,48,105
03/26/2018,STP,MN,AGL,CE,Towers with Radar,0,20,32,0,52,0,0,6,3,9,0,20,38,3,61,18,2,20,81
03/27/2018,STP,MN,AGL,CE,Towers with Radar,0,11,37,2,50,0,3,16,11,30,0,14,53,13,80,10,0,10,90
03/28/2018,STP,MN,AGL,CE,Towers with Radar,0,8,31,5,44,0,1,14,23,38,0,9,45,28,82,16,20,36,118
03/29/2018,STP,MN,AGL,CE,Towers with Radar,0,6,42,1,49,0,3,16,20,39,0,9,58,21,88,42,4,46,134
03/30/2018,STP,MN,AGL,CE,Towers with Radar,0,13,35,0,48,0,0,14,2,16,0,13,49,2,64,14,0,14,78
03/31/2018,STP,MN,AGL,CE,Towers with Radar,0,6,15,0,21,0,0,3,2,5,0,6,18,2,26,0,0,0,26
04/01/2018,STP,MN,AGL,CE,Towers with Radar,0,6,18,0,24,0,4,7,1,12,0,10,25,1,36,4,0,4,40
04/02/2018,STP,MN,AGL,CE,Towers with Radar,0,15,51,4,70,0,0,10,0,10,0,15,61,4,80,0,0,0,80
04/03/2018,STP,MN,AGL,CE,Towers with Radar,0,12,21,0,33,0,0,0,0,0,0,12,21,0,33,0,0,0,33
04/04/2018,STP,MN,AGL,CE,Towers with Radar,0,8,54,3,65,0,1,28,15,44,0,9,82,18,109,50,28,78,187
04/05/2018,STP,MN,AGL,CE,Towers with Radar,0,9,45,2,56,0,3,16,16,35,0,12,61,18,91,26,2,28,119
04/06/2018,STP,MN,AGL,CE,Towers with Radar,0,15,36,2,53,0,1,2,2,5,0,16,38,4,58,4,0,4,62
04/07/2018,STP,MN,AGL,CE,Towers with Radar,0,14,25,0,39,0,17,27,10,54,0,31,52,10,93,14,0,14,107
04/08/2018,STP,MN,AGL,CE,Towers with Radar,0,7,24,0,31,0,1,8,4,13,0,8,32,4,44,28,0,28,72
04/09/2018,STP,MN,AGL,CE,Towers with Radar,0,19,44,6,69,0,4,19,2,25,0,23,63,8,94,52,4,56,150
04/10/2018,STP,MN,AGL,CE,Towers with Radar,0,12,27,3,42,0,1,13,14,28,0,13,40,17,70,14,28,42,112
04/11/2018,STP,MN,AGL,CE,Towers with Radar,0,10,47,4,61,0,4,28,23,55,0,14,75,27,116,6,34,40,156
04/12/2018,STP,MN,AGL,CE,Towers with Radar,0,19,43,5,67,0,2,23,23,48,0,21,66,28,115,36,4,40,155
04/13/2018,STP,MN,AGL,CE,Towers with Radar,0,18,23,0,41,0,3,1,1,5,0,21,24,1,46,16,0,16,62
04/14/2018,STP,MN,AGL,CE,Towers with Radar,0,0,0,0,0,0,0,0,0,0,0,0,0,0,0,0,0,0,0
04/15/2018,STP,MN,AGL,CE,Towers with Radar,1,16,30,0,47,0,0,0,0,0,1,16,30,0,47,0,0,0,47
04/16/2018,STP,MN,AGL,CE,Towers with Radar,0,12,46,2,60,0,1,5,4,10,0,13,51,6,70,24,0,24,94
04/17/2018,STP,MN,AGL,CE,Towers with Radar,0,13,52,5,70,0,4,13,14,31,0,17,65,19,101,4,6,10,111
04/18/2018,STP,MN,AGL,CE,Towers with Radar,0,16,52,0,68,0,0,10,7,17,0,16,62,7,85,52,0,52,137
04/19/2018,STP,MN,AGL,CE,Towers with Radar,2,14,67,7,90,0,20,36,22,78,2,34,103,29,168,20,20,40,208
04/20/2018,STP,MN,AGL,CE,Towers with Radar,0,12,48,5,65,0,2,20,8,30,0,14,68,13,95,44,0,44,139
04/21/2018,STP,MN,AGL,CE,Towers with Radar,0,15,31,0,46,0,1,37,8,46,0,16,68,8,92,30,0,30,122
04/22/2018,STP,MN,AGL,CE,Towers with Radar,0,12,30,2,44,0,7,43,5,55,0,19,73,7,99,20,0,20,119
04/23/2018,STP,MN,AGL,CE,Towers with Radar,0,14,60,0,74,0,7,19,4,30,0,21,79,4,104,66,0,66,170
04/24/2018,STP,MN,AGL,CE,Towers with Radar,0,13,43,0,56,0,4,35,6,45,0,17,78,6,101,84,0,84,185
04/25/2018,STP,MN,AGL,CE,Towers with Radar,0,7,55,0,62,0,6,24,12,42,0,13,79,12,104,2,0,2,106
04/26/2018,STP,MN,AGL,CE,Towers with Radar,0,6,65,0,71,0,3,16,13,32,0,9,81,13,103,24,22,46,149
04/27/2018,STP,MN,AGL,CE,Towers with Radar,0,6,22,2,30,0,2,21,2,25,0,8,43,4,55,2,0,2,57
04/28/2018,STP,MN,AGL,CE,Towers with Radar,0,9,30,0,39,0,7,31,5,43,0,16,61,5,82,46,0,46,128
04/29/2018,STP,MN,AGL,CE,Towers with Radar,0,5,37,0,42,0,2,27,3,32,0,7,64,3,74,20,0,20,94
04/30/2018,STP,MN,AGL,CE,Towers with Radar,0,10,40,0,50,0,0,1,4,5,0,10,41,4,55,8,0,8,63
05/01/2018,STP,MN,AGL,CE,Towers with Radar,0,15,36,0,51,0,0,12,12,24,0,15,48,12,75,36,22,58,133
05/02/2018,STP,MN,AGL,CE,Towers with Radar,2,20,53,1,76,0,2,43,8,53,2,22,96,9,129,28,0,28,157
05/03/2018,STP,MN,AGL,CE,Towers with Radar,1,21,50,1,73,0,8,20,3,31,1,29,70,4,104,58,0,58,162
05/04/2018,STP,MN,AGL,CE,Towers with Radar,0,11,47,0,58,0,0,10,8,18,0,11,57,8,76,34,0,34,110
05/05/2018,STP,MN,AGL,CE,Towers with Radar,0,5,23,0,28,0,9,31,0,40,0,14,54,0,68,26,0,26,94
05/06/2018,STP,MN,AGL,CE,Towers with Radar,0,7,32,0,39,0,8,31,0,39,0,15,63,0,78,14,0,14,92
05/07/2018,STP,MN,AGL,CE,Towers with Radar,0,6,40,0,46,0,3,19,3,25,0,9,59,3,71,12,0,12,83
05/08/2018,STP,MN,AGL,CE,Towers with Radar,0,13,32,2,47,0,2,12,0,14,0,15,44,2,61,54,0,54,115
05/09/2018,STP,MN,AGL,CE,Towers with Radar,0,14,64,2,80,0,5,10,2,17,0,19,74,4,97,0,0,0,97
05/10/2018,STP,MN,AGL,CE,Towers with Radar,0,12,70,0,82,0,4,40,13,57,0,16,110,13,139,34,20,54,193
05/11/2018,STP,MN,AGL,CE,Towers with Radar,0,23,41,0,64,0,1,26,0,27,0,24,67,0,91,64,0,64,155
05/12/2018,STP,MN,AGL,CE,Towers with Radar,0,8,25,0,33,0,3,22,4,29,0,11,47,4,62,10,0,10,72
05/13/2018,STP,MN,AGL,CE,Towers with Radar,0,9,14,0,23,0,6,25,4,35,0,15,39,4,58,70,0,70,128
05/14/2018,STP,MN,AGL,CE,Towers with Radar,0,16,57,1,74,0,3,10,9,22,0,19,67,10,96,0,0,0,96
05/15/2018,STP,MN,AGL,CE,Towers with Radar,0,9,76,0,85,0,5,18,5,28,0,14,94,5,113,34,0,34,147
05/16/2018,STP,MN,AGL,CE,Towers with Radar,0,14,51,0,65,0,2,23,11,36,0,16,74,11,101,68,0,68,169
05/17/2018,STP,MN,AGL,CE,Towers with Radar,1,16,48,0,65,0,3,20,19,42,1,19,68,19,107,42,0,42,149
05/18/2018,STP,MN,AGL,CE,Towers with Radar,1,14,65,3,83,0,5,23,7,35,1,19,88,10,118,58,0,58,176
05/19/2018,STP,MN,AGL,CE,Towers with Radar,0,7,29,0,36,0,2,5,4,11,0,9,34,4,47,8,0,8,55
05/20/2018,STP,MN,AGL,CE,Towers with Radar,0,5,38,0,43,0,6,15,5,26,0,11,53,5,69,6,0,6,75
05/21/2018,STP,MN,AGL,CE,Towers with Radar,0,12,57,2,71,0,7,17,2,26,0,19,74,4,97,26,0,26,123
05/22/2018,STP,MN,AGL,CE,Towers with Radar,0,10,65,5,80,0,10,23,7,40,0,20,88,12,120,56,10,66,186
05/23/2018,STP,MN,AGL,CE,Towers with Radar,0,9,49,0,58,0,4,10,10,24,0,13,59,10,82,10,0,10,92
05/24/2018,STP,MN,AGL,CE,Towers with Radar,0,8,59,0,67,0,3,10,8,21,0,11,69,8,88,36,0,36,124
05/25/2018,STP,MN,AGL,CE,Towers with Radar,0,6,45,0,51,0,5,21,6,32,0,11,66,6,83,20,0,20,103
05/26/2018,STP,MN,AGL,CE,Towers with Radar,0,9,18,0,27,0,7,17,5,29,0,16,35,5,56,32,0,32,88
05/27/2018,STP,MN,AGL,CE,Towers with Radar,0,6,10,0,16,0,3,13,4,20,0,9,23,4,36,8,0,8,44
05/28/2018,STP,MN,AGL,CE,Towers with Radar,0,8,17,0,25,0,4,13,11,28,0,12,30,11,53,8,0,8,61
05/29/2018,STP,MN,AGL,CE,Towers with Radar,0,13,59,2,74,0,6,7,4,17,0,19,66,6,91,16,0,16,107
05/30/2018,STP,MN,AGL,CE,Towers with Radar,0,12,57,5,74,0,1,11,9,21,0,13,68,14,95,6,0,6,101
05/31/2018,STP,MN,AGL,CE,Towers with Radar,0,16,76,2,94,0,5,26,8,39,0,21,102,10,133,30,0,30,163
06/01/2018,STP,MN,AGL,CE,Towers with Radar,0,17,38,2,57,0,6,20,5,31,0,23,58,7,88,0,0,0,88
06/02/2018,STP,MN,AGL,CE,Towers with Radar,0,9,13,0,22,0,1,0,1,2,0,10,13,1,24,0,0,0,24
06/03/2018,STP,MN,AGL,CE,Towers with Radar,0,13,24,0,37,0,1,7,2,10,0,14,31,2,47,2,0,2,49
06/04/2018,STP,MN,AGL,CE,Towers with Radar,0,19,44,4,67,0,16,26,9,51,0,35,70,13,118,22,0,22,140
06/05/2018,STP,MN,AGL,CE,Towers with Radar,0,10,52,0,62,0,7,34,16,57,0,17,86,16,119,20,0,20,139
06/06/2018,STP,MN,AGL,CE,Towers with Radar,0,8,61,7,76,0,8,15,7,30,0,16,76,14,106,12,0,12,118
06/07/2018,STP,MN,AGL,CE,Towers with Radar,0,14,61,3,78,0,2,22,11,35,0,16,83,14,113,44,2,46,159
06/08/2018,STP,MN,AGL,CE,Towers with Radar,0,15,53,3,71,0,10,7,6,23,0,25,60,9,94,30,0,30,124
06/09/2018,STP,MN,AGL,CE,Towers with Radar,0,7,28,2,37,0,0,0,0,0,0,7,28,2,37,0,0,0,37
06/10/2018,STP,MN,AGL,CE,Towers with Radar,0,4,41,0,45,0,4,16,3,23,0,8,57,3,68,4,0,4,72
06/11/2018,STP,MN,AGL,CE,Towers with Radar,0,17,41,2,60,0,4,4,0,8,0,21,45,2,68,6,0,6,74
06/12/2018,STP,MN,AGL,CE,Towers with Radar,0,10,65,19,94,0,4,15,13,32,0,14,80,32,126,26,24,50,176
06/13/2018,STP,MN,AGL,CE,Towers with Radar,0,20,71,2,93,0,5,38,9,52,0,25,109,11,145,36,0,36,181
06/14/2018,STP,MN,AGL,CE,Towers with Radar,0,13,54,2,69,0,2,26,23,51,0,15,80,25,120,12,8,20,140
06/15/2018,STP,MN,AGL,CE,Towers with Radar,0,7,46,4,57,0,4,22,11,37,0,11,68,15,94,6,0,6,100
06/16/2018,STP,MN,AGL,CE,Towers with Radar,0,10,16,1,27,0,4,9,1,14,0,14,25,2,41,2,0,2,43
06/17/2018,STP,MN,AGL,CE,Towers with Radar,0,7,19,1,27,0,2,15,2,19,0,9,34,3,46,4,0,4,50
06/18/2018,STP,MN,AGL,CE,Towers with Radar,0,24,49,4,77,0,3,19,4,26,0,27,68,8,103,30,0,30,133
06/19/2018,STP,MN,AGL,CE,Towers with Radar,0,26,71,4,101,0,1,5,16,22,0,27,76,20,123,2,14,16,139
06/20/2018,STP,MN,AGL,CE,Towers with Radar,0,13,61,5,79,0,11,25,31,67,0,24,86,36,146,14,16,30,176
06/21/2018,STP,MN,AGL,CE,Towers with Radar,0,15,61,2,78,0,1,30,34,65,0,16,91,36,143,20,38,58,201
06/22/2018,STP,MN,AGL,CE,Towers with Radar,0,31,69,6,106,0,13,26,7,46,0,44,95,13,152,84,0,84,236
06/23/2018,STP,MN,AGL,CE,Towers with Radar,0,14,26,0,40,0,3,38,5,46,0,17,64,5,86,36,0,36,122
06/24/2018,STP,MN,AGL,CE,Towers with Radar,0,14,30,1,45,0,0,27,6,33,0,14,57,7,78,42,0,42,120
06/25/2018,STP,MN,AGL,CE,Towers with Radar,0,16,61,1,78,0,7,26,3,36,0,23,87,4,114,40,0,40,154
06/26/2018,STP,MN,AGL,CE,Towers with Radar,0,9,42,3,54,0,1,3,13,17,0,10,45,16,71,0,46,46,117
06/27/2018,STP,MN,AGL,CE,Towers with Radar,0,16,62,4,82,0,3,23,24,50,0,19,85,28,132,20,6,26,158
06/28/2018,STP,MN,AGL,CE,Towers with Radar,0,10,65,4,79,0,6,26,23,55,0,16,91,27,134,28,6,34,168
06/29/2018,STP,MN,AGL,CE,Towers with Radar,0,13,57,2,72,0,2,14,12,28,0,15,71,14,100,28,38,66,166
06/30/2018,STP,MN,AGL,CE,Towers with Radar,0,12,38,0,50,0,5,17,7,29,0,17,55,7,79,14,0,14,93
07/01/2018,STP,MN,AGL,CE,Towers with Radar,0,8,28,0,36,0,4,14,4,22,0,12,42,4,58,30,0,30,88
07/02/2018,STP,MN,AGL,CE,Towers with Radar,0,1,34,0,35,0,5,12,11,28,0,6,46,11,63,10,0,10,73
07/03/2018,STP,MN,AGL,CE,Towers with Radar,0,15,25,1,41,0,1,20,4,25,0,16,45,5,66,24,0,24,90
07/04/2018,STP,MN,AGL,CE,Towers with Radar,0,7,4,0,11,0,1,9,2,12,0,8,13,2,23,28,0,28,51
07/05/2018,STP,MN,AGL,CE,Towers with Radar,0,10,30,2,42,0,5,42,14,61,0,15,72,16,103,14,0,14,117
07/06/2018,STP,MN,AGL,CE,Towers with Radar,0,12,20,1,33,0,5,40,5,50,0,17,60,6,83,52,6,58,141
07/07/2018,STP,MN,AGL,CE,Towers with Radar,0,12,9,1,22,0,3,39,3,45,0,15,48,4,67,0,0,0,67
07/08/2018,STP,MN,AGL,CE,Towers with Radar,0,6,21,0,27,0,4,54,4,62,0,10,75,4,89,28,0,28,117
07/09/2018,STP,MN,AGL,CE,Towers with Radar,0,13,55,0,68,0,14,16,1,31,0,27,71,1,99,20,0,20,119
07/10/2018,STP,MN,AGL,CE,Towers with Radar,0,11,69,2,82,0,4,35,15,54,0,15,104,17,136,32,0,32,168
07/11/2018,STP,MN,AGL,CE,Towers with Radar,0,12,73,0,85,0,0,26,11,37,0,12,99,11,122,42,4,46,168
07/12/2018,STP,MN,AGL,CE,Towers with Radar,0,12,70,2,84,0,6,21,10,37,0,18,91,12,121,10,0,10,131
07/13/2018,STP,MN,AGL,CE,Towers with Radar,0,5,41,1,47,0,7,19,11,37,0,12,60,12,84,24,0,24,108
07/14/2018,STP,MN,AGL,CE,Towers with Radar,0,3,14,2,19,0,18,37,2,57,0,21,51,4,76,46,0,46,122
07/15/2018,STP,MN,AGL,CE,Towers with Radar,0,11,38,0,49,0,0,7,0,7,0,11,45,0,56,10,0,10,66
07/16/2018,STP,MN,AGL,CE,Towers with Radar,0,5,60,2,67,0,3,19,8,30,0,8,79,10,97,40,8,48,145
07/17/2018,STP,MN,AGL,CE,Towers with Radar,0,12,50,5,67,0,7,48,19,74,0,19,98,24,141,46,16,62,203
07/18/2018,STP,MN,AGL,CE,Towers with Radar,0,8,51,1,60,0,0,35,10,45,0,8,86,11,105,60,28,88,193
07/19/2018,STP,MN,AGL,CE,Towers with Radar,0,9,40,5,54,0,0,0,6,6,0,9,40,11,60,0,24,24,84
07/20/2018,STP,MN,AGL,CE,Towers with Radar,0,10,49,5,64,0,1,18,5,24,0,11,67,10,88,6,6,12,100
07/21/2018,STP,MN,AGL,CE,Towers with Radar,0,6,19,0,25,0,9,25,0,34,0,15,44,0,59,14,0,14,73
07/22/2018,STP,MN,AGL,CE,Towers with Radar,0,6,36,0,42,0,0,29,0,29,0,6,65,0,71,14,0,14,85
07/23/2018,STP,MN,AGL,CE,Towers with Radar,0,13,48,0,61,0,0,37,0,37,0,13,85,0,98,48,0,48,146
07/24/2018,STP,MN,AGL,CE,Towers with Radar,0,11,45,5,61,0,9,39,20,68,0,20,84,25,129,6,10,16,145
07/25/2018,STP,MN,AGL,CE,Towers with Radar,0,17,58,4,79,0,2,21,12,35,0,19,79,16,114,0,16,16,130
07/26/2018,STP,MN,AGL,CE,Towers with Radar,0,9,67,1,77,0,9,37,24,70,0,18,104,25,147,20,0,20,167
07/27/2018,STP,MN,AGL,CE,Towers with Radar,0,8,42,3,53,0,2,30,6,38,0,10,72,9,91,20,0,20,111
07/28/2018,STP,MN,AGL,CE,Towers with Radar,0,5,18,0,23,0,3,25,0,28,0,8,43,0,51,38,0,38,89
07/29/2018,STP,MN,AGL,CE,Towers with Radar,0,9,22,0,31,0,2,33,0,35,0,11,55,0,66,28,0,28,94
07/30/2018,STP,MN,AGL,CE,Towers with Radar,0,10,56,1,67,0,3,29,3,35,0,13,85,4,102,90,0,90,192
07/31/2018,STP,MN,AGL,CE,Towers with Radar,0,12,52,2,66,1,8,28,16,53,1,20,80,18,119,18,0,18,137
08/01/2018,STP,MN,AGL,CE,Towers with Radar,0,11,60,1,72,0,5,40,23,68,0,16,100,24,140,40,6,46,186
08/02/2018,STP,MN,AGL,CE,Towers with Radar,0,10,70,4,84,0,4,36,23,63,0,14,106,27,147,82,22,104,251
08/03/2018,STP,MN,AGL,CE,Towers with Radar,0,6,48,4,58,0,1,20,7,28,0,7,68,11,86,10,0,10,96
08/04/2018,STP,MN,AGL,CE,Towers with Radar,0,9,14,0,23,0,6,7,0,13,0,15,21,0,36,0,0,0,36
08/05/2018,STP,MN,AGL,CE,Towers with Radar,0,7,57,0,64,0,5,11,1,17,0,12,68,1,81,0,0,0,81
08/06/2018,STP,MN,AGL,CE,Towers with Radar,0,10,43,0,53,0,1,21,2,24,0,11,64,2,77,16,2,18,95
08/07/2018,STP,MN,AGL,CE,Towers with Radar,0,11,54,9,74,0,10,17,12,39,0,21,71,21,113,46,24,70,183
08/08/2018,STP,MN,AGL,CE,Towers with Radar,0,14,57,5,76,0,1,40,17,58,0,15,97,22,134,28,56,84,218
08/09/2018,STP,MN,AGL,CE,Towers with Radar,0,8,60,10,78,0,3,36,20,59,0,11,96,30,137,30,18,48,185
08/10/2018,STP,MN,AGL,CE,Towers with Radar,0,12,36,0,48,0,5,50,2,57,0,17,86,2,105,58,0,58,163
08/11/2018,STP,MN,AGL,CE,Towers with Radar,0,3,28,0,31,0,8,35,1,44,0,11,63,1,75,46,0,46,121
08/12/2018,STP,MN,AGL,CE,Towers with Radar,0,7,54,0,61,0,3,51,0,54,0,10,105,0,115,44,0,44,159
08/13/2018,STP,MN,AGL,CE,Towers with Radar,0,11,41,0,52,0,4,19,2,25,0,15,60,2,77,6,0,6,83
08/14/2018,STP,MN,AGL,CE,Towers with Radar,0,10,54,4,68,0,9,27,19,55,0,19,81,23,123,82,0,82,205
08/15/2018,STP,MN,AGL,CE,Towers with Radar,0,8,40,1,49,0,4,37,16,57,0,12,77,17,106,8,20,28,134
08/16/2018,STP,MN,AGL,CE,Towers with Radar,0,7,53,2,62,0,2,29,19,50,0,9,82,21,112,8,12,20,132
08/17/2018,STP,MN,AGL,CE,Towers with Radar,0,4,60,0,64,0,2,33,9,44,0,6,93,9,108,22,0,22,130
08/18/2018,STP,MN,AGL,CE,Towers with Radar,0,5,34,0,39,0,2,25,0,27,0,7,59,0,66,18,0,18,84
08/19/2018,STP,MN,AGL,CE,Towers with Radar,0,13,46,0,59,0,2,23,0,25,0,15,69,0,84,4,0,4,88
08/20/2018,STP,MN,AGL,CE,Towers with Radar,0,5,59,0,64,0,3,10,0,13,0,8,69,0,77,0,0,0,77
08/21/2018,STP,MN,AGL,CE,Towers with Radar,0,12,55,2,69,0,2,13,28,43,0,14,68,30,112,16,0,16,128
08/22/2018,STP,MN,AGL,CE,Towers with Radar,0,14,58,7,79,0,7,40,20,67,0,21,98,27,146,48,0,48,194
08/23/2018,STP,MN,AGL,CE,Towers with Radar,0,8,70,1,79,0,5,29,24,58,0,13,99,25,137,22,6,28,165
08/24/2018,STP,MN,AGL,CE,Towers with Radar,0,8,54,2,64,0,0,0,0,0,0,8,54,2,64,0,0,0,64
08/25/2018,STP,MN,AGL,CE,Towers with Radar,0,4,26,1,31,0,6,6,0,12,0,10,32,1,43,6,0,6,49
08/26/2018,STP,MN,AGL,CE,Towers with Radar,0,7,28,1,36,0,2,11,4,17,0,9,39,5,53,30,0,30,83
08/27/2018,STP,MN,AGL,CE,Towers with Radar,0,6,79,6,91,0,1,8,9,18,0,7,87,15,109,4,10,14,123
08/28/2018,STP,MN,AGL,CE,Towers with Radar,0,11,57,5,73,0,1,4,10,15,0,12,61,15,88,0,0,0,88
08/29/2018,STP,MN,AGL,CE,Towers with Radar,0,16,53,5,74,0,4,18,17,39,0,20,71,22,113,34,2,36,149
08/30/2018,STP,MN,AGL,CE,Towers with Radar,0,11,38,4,53,0,7,46,20,73,0,18,84,24,126,54,4,58,184
08/31/2018,STP,MN,AGL,CE,Towers with Radar,0,9,48,0,57,0,0,10,2,12,0,9,58,2,69,18,0,18,87
09/01/2018,STP,MN,AGL,CE,Towers with Radar,0,11,26,0,37,0,7,25,0,32,0,18,51,0,69,10,0,10,79
09/02/2018,STP,MN,AGL,CE,Towers with Radar,0,3,26,0,29,0,2,11,0,13,0,5,37,0,42,10,0,10,52
09/03/2018,STP,MN,AGL,CE,Towers with Radar,0,6,23,0,29,0,2,12,0,14,0,8,35,0,43,28,0,28,71
09/04/2018,STP,MN,AGL,CE,Towers with Radar,0,6,36,0,42,0,0,0,0,0,0,6,36,0,42,0,0,0,42
09/05/2018,STP,MN,AGL,CE,Towers with Radar,1,13,59,5,78,0,7,25,9,41,1,20,84,14,119,18,0,18,137
09/06/2018,STP,MN,AGL,CE,Towers with Radar,0,10,61,0,71,0,4,39,26,69,0,14,100,26,140,84,0,84,224
09/07/2018,STP,MN,AGL,CE,Towers with Radar,0,15,57,2,74,0,4,26,0,30,0,19,83,2,104,64,0,64,168
09/08/2018,STP,MN,AGL,CE,Towers with Radar,0,3,32,0,35,1,27,42,2,72,1,30,74,2,107,74,0,74,181
09/09/2018,STP,MN,AGL,CE,Towers with Radar,0,8,54,0,62,0,6,26,0,32,0,14,80,0,94,8,0,8,102
09/10/2018,STP,MN,AGL,CE,Towers with Radar,0,16,66,0,82,0,9,26,8,43,0,25,92,8,125,10,0,10,135
09/11/2018,STP,MN,AGL,CE,Towers with Radar,0,7,55,0,62,0,10,21,21,52,0,17,76,21,114,16,20,36,150
09/12/2018,STP,MN,AGL,CE,Towers with Radar,0,14,76,2,92,0,6,38,21,65,0,20,114,23,157,14,0,14,171
09/13/2018,STP,MN,AGL,CE,Towers with Radar,0,12,64,0,76,0,6,32,6,44,0,18,96,6,120,22,0,22,142
09/14/2018,STP,MN,AGL,CE,Towers with Radar,0,5,59,0,64,0,4,42,0,46,0,9,101,0,110,12,0,12,122
09/15/2018,STP,MN,AGL,CE,Towers with Radar,0,9,27,0,36,0,3,38,0,41,0,12,65,0,77,30,0,30,107
09/16/2018,STP,MN,AGL,CE,Towers with Radar,0,9,65,0,74,0,1,26,7,34,0,10,91,7,108,2,0,2,110
09/17/2018,STP,MN,AGL,CE,Towers with Radar,0,15,65,0,80,0,0,9,2,11,0,15,74,2,91,8,0,8,99
09/18/2018,STP,MN,AGL,CE,Towers with Radar,0,12,51,3,66,0,0,0,2,2,0,12,51,5,68,0,0,0,68
09/19/2018,STP,MN,AGL,CE,Towers with Radar,0,7,72,1,80,0,0,0,0,0,0,7,72,1,80,0,0,0,80
09/20/2018,STP,MN,AGL,CE,Towers with Radar,0,5,38,0,43,0,0,0,0,0,0,5,38,0,43,0,0,0,43
09/21/2018,STP,MN,AGL,CE,Towers with Radar,0,9,56,0,65,0,5,12,6,23,0,14,68,6,88,28,0,28,116
09/22/2018,STP,MN,AGL,CE,Towers with Radar,0,5,37,0,42,0,5,39,2,46,0,10,76,2,88,14,0,14,102
09/23/2018,STP,MN,AGL,CE,Towers with Radar,0,19,56,0,75,0,0,25,0,25,0,19,81,0,100,10,0,10,110
09/24/2018,STP,MN,AGL,CE,Towers with Radar,0,8,48,4,60,0,1,17,6,24,0,9,65,10,84,24,0,24,108
09/25/2018,STP,MN,AGL,CE,Towers with Radar,0,7,53,0,60,0,2,3,5,10,0,9,56,5,70,0,2,2,72
09/26/2018,STP,MN,AGL,CE,Towers with Radar,0,11,50,1,62,0,3,22,10,35,0,14,72,11,97,48,10,58,155
09/27/2018,STP,MN,AGL,CE,Towers with Radar,0,7,62,2,71,0,2,27,10,39,0,9,89,12,110,22,0,22,132
09/28/2018,STP,MN,AGL,CE,Towers with Radar,0,11,57,0,68,0,7,28,4,39,0,18,85,4,107,24,0,24,131
09/29/2018,STP,MN,AGL,CE,Towers with Radar,0,5,18,0,23,0,0,32,4,36,0,5,50,4,59,18,0,18,77
09/30/2018,STP,MN,AGL,CE,Towers with Radar,0,7,32,0,39,0,3,20,0,23,0,10,52,0,62,18,0,18,80
10/01/2018,STP,MN,AGL,CE,Towers with Radar,0,16,47,0,63,0,0,0,0,0,0,16,47,0,63,0,0,0,63
10/02/2018,STP,MN,AGL,CE,Towers with Radar,0,15,48,12,75,0,4,2,15,21,0,19,50,27,96,0,18,18,114
10/03/2018,STP,MN,AGL,CE,Towers with Radar,0,9,44,2,55,0,0,0,7,7,0,9,44,9,62,0,0,0,62
10/04/2018,STP,MN,AGL,CE,Towers with Radar,0,19,36,0,55,0,4,17,9,30,0,23,53,9,85,4,0,4,89
10/05/2018,STP,MN,AGL,CE,Towers with Radar,0,15,40,0,55,0,1,4,0,5,0,16,44,0,60,0,0,0,60
10/06/2018,STP,MN,AGL,CE,Towers with Radar,0,4,44,0,48,0,3,38,0,41,0,7,82,0,89,57,0,57,146
10/07/2018,STP,MN,AGL,CE,Towers with Radar,0,11,43,0,54,0,6,6,0,12,0,17,49,0,66,8,0,8,74
10/08/2018,STP,MN,AGL,CE,Towers with Radar,0,10,43,0,53,0,0,0,0,0,0,10,43,0,53,0,0,0,53
10/09/2018,STP,MN,AGL,CE,Towers with Radar,0,10,47,0,57,0,0,1,0,1,0,10,48,0,58,0,0,0,58
10/10/2018,STP,MN,AGL,CE,Towers with Radar,0,16,37,0,53,0,0,1,0,1,0,16,38,0,54,0,0,0,54
10/11/2018,STP,MN,AGL,CE,Towers with Radar,0,10,56,4,70,0,1,9,11,21,0,11,65,15,91,4,16,20,111
10/12/2018,STP,MN,AGL,CE,Towers with Radar,0,7,44,0,51,0,8,30,2,40,0,15,74,2,91,20,0,20,111
10/13/2018,STP,MN,AGL,CE,Towers with Radar,0,5,31,0,36,0,2,27,0,29,0,7,58,0,65,12,0,12,77
10/14/2018,STP,MN,AGL,CE,Towers with Radar,0,20,45,0,65,0,0,10,0,10,0,20,55,0,75,2,0,2,77
10/15/2018,STP,MN,AGL,CE,Towers with Radar,3,13,45,0,61,0,0,6,0,6,3,13,51,0,67,0,0,0,67
10/16/2018,STP,MN,AGL,CE,Towers with Radar,0,12,64,4,80,0,0,21,8,29,0,12,85,12,109,22,12,34,143
10/17/2018,STP,MN,AGL,CE,Towers with Radar,0,21,59,1,81,0,5,35,14,54,0,26,94,15,135,54,0,54,189
10/18/2018,STP,MN,AGL,CE,Towers with Radar,0,14,59,0,73,0,17,31,25,73,0,31,90,25,146,38,6,44,190
10/19/2018,STP,MN,AGL,CE,Towers with Radar,0,4,44,0,48,0,0,9,2,11,0,4,53,2,59,2,0,2,61
10/20/2018,STP,MN,AGL,CE,Towers with Radar,0,9,22,0,31,0,6,23,0,29,0,15,45,0,60,6,0,6,66
10/21/2018,STP,MN,AGL,CE,Towers with Radar,0,12,56,0,68,0,1,23,0,24,0,13,79,0,92,12,0,12,104
10/22/2018,STP,MN,AGL,CE,Towers with Radar,0,9,50,1,60,0,0,14,7,21,0,9,64,8,81,22,14,36,117
10/23/2018,STP,MN,AGL,CE,Towers with Radar,0,7,39,0,46,0,4,35,11,50,0,11,74,11,96,62,2,64,160
10/24/2018,STP,MN,AGL,CE,Towers with Radar,0,19,50,1,70,0,9,28,18,55,0,28,78,19,125,54,0,54,179
10/25/2018,STP,MN,AGL,CE,Towers with Radar,0,14,60,5,79,0,6,17,10,33,0,20,77,15,112,68,0,68,180
10/26/2018,STP,MN,AGL,CE,Towers with Radar,0,19,43,0,62,0,0,12,0,12,0,19,55,0,74,36,0,36,110
10/27/2018,STP,MN,AGL,CE,Towers with Radar,0,4,26,0,30,0,4,10,0,14,0,8,36,0,44,12,0,12,56
10/28/2018,STP,MN,AGL,CE,Towers with Radar,0,14,71,0,85,0,1,18,0,19,0,15,89,0,104,22,0,22,126
10/29/2018,STP,MN,AGL,CE,Towers with Radar,1,16,57,0,74,0,0,20,0,20,1,16,77,0,94,32,0,32,126
10/30/2018,STP,MN,AGL,CE,Towers with Radar,0,17,65,0,82,0,3,22,20,45,0,20,87,20,127,66,0,66,193
10/31/2018,STP,MN,AGL,CE,Towers with Radar,0,12,51,1,64,0,5,29,4,38,0,17,80,5,102,32,0,32,134
11/01/2018,STP,MN,AGL,CE,Towers with Radar,0,16,40,2,58,0,7,35,14,56,0,23,75,16,114,32,8,40,154
11/02/2018,STP,MN,AGL,CE,Towers with Radar,0,9,67,0,76,0,3,39,1,43,0,12,106,1,119,50,0,50,169
11/03/2018,STP,MN,AGL,CE,Towers with Radar,0,2,23,0,25,0,2,21,0,23,0,4,44,0,48,2,0,2,50
11/04/2018,STP,MN,AGL,CE,Towers with Radar,0,20,47,0,67,0,0,0,0,0,0,20,47,0,67,0,0,0,67
11/05/2018,STP,MN,AGL,CE,Towers with Radar,0,9,48,4,61,0,0,0,2,2,0,9,48,6,63,0,0,0,63
11/06/2018,STP,MN,AGL,CE,Towers with Radar,0,9,48,2,59,0,1,1,0,2,0,10,49,2,61,10,8,18,79
11/07/2018,STP,MN,AGL,CE,Towers with Radar,0,12,57,4,73,0,0,11,11,22,0,12,68,15,95,16,16,32,127
11/08/2018,STP,MN,AGL,CE,Towers with Radar,0,11,21,2,34,0,0,4,4,8,0,11,25,6,42,2,0,2,44
11/09/2018,STP,MN,AGL,CE,Towers with Radar,0,19,62,2,83,0,3,6,0,9,0,22,68,2,92,0,0,0,92
11/10/2018,STP,MN,AGL,CE,Towers with Radar,0,16,21,0,37,0,0,18,0,18,0,16,39,0,55,10,0,10,65
11/11/2018,STP,MN,AGL,CE,Towers with Radar,0,17,30,0,47,0,1,8,0,9,0,18,38,0,56,6,0,6,62
11/12/2018,STP,MN,AGL,CE,Towers with Radar,0,11,59,0,70,0,3,15,0,18,0,14,74,0,88,16,0,16,104
11/13/2018,STP,MN,AGL,CE,Towers with Radar,0,20,64,0,84,0,0,16,0,16,0,20,80,0,100,32,0,32,132
11/14/2018,STP,MN,AGL,CE,Towers with Radar,0,20,58,2,80,0,4,30,9,43,0,24,88,11,123,30,0,30,153
11/15/2018,STP,MN,AGL,CE,Towers with Radar,0,10,79,2,91,0,4,35,18,57,0,14,114,20,148,12,4,16,164
11/16/2018,STP,MN,AGL,CE,Towers with Radar,0,9,39,2,50,0,0,2,3,5,0,9,41,5,55,0,0,0,55
11/17/2018,STP,MN,AGL,CE,Towers with Radar,0,13,32,2,47,0,10,37,13,60,0,23,69,15,107,54,0,54,161
11/18/2018,STP,MN,AGL,CE,Towers with Radar,0,12,32,1,45,0,2,25,4,31,0,14,57,5,76,6,0,6,82
11/19/2018,STP,MN,AGL,CE,Towers with Radar,0,15,40,2,57,0,0,10,8,18,0,15,50,10,75,4,4,8,83
11/20/2018,STP,MN,AGL,CE,Towers with Radar,0,13,37,0,50,0,0,19,18,37,0,13,56,18,87,6,18,24,111
11/21/2018,STP,MN,AGL,CE,Towers with Radar,0,19,61,0,80,0,1,15,8,24,0,20,76,8,104,92,12,104,208
11/22/2018,STP,MN,AGL,CE,Towers with Radar,0,4,13,0,17,0,3,2,0,5,0,7,15,0,22,0,0,0,22
11/23/2018,STP,MN,AGL,CE,Towers with Radar,0,5,17,0,22,0,1,7,2,10,0,6,24,2,32,18,0,18,50
11/24/2018,STP,MN,AGL,CE,Towers with Radar,0,16,31,0,47,0,0,7,0,7,0,16,38,0,54,0,0,0,54
11/25/2018,STP,MN,AGL,CE,Towers with Radar,1,19,63,0,83,0,2,23,0,25,1,21,86,0,108,16,0,16,124
11/26/2018,STP,MN,AGL,CE,Towers with Radar,0,16,64,0,80,0,3,26,0,29,0,19,90,0,109,24,0,24,133
11/27/2018,STP,MN,AGL,CE,Towers with Radar,0,19,76,5,100,0,0,21,8,29,0,19,97,13,129,14,0,14,143
11/28/2018,STP,MN,AGL,CE,Towers with Radar,0,22,64,2,88,0,1,4,4,9,0,23,68,6,97,6,0,6,103
11/29/2018,STP,MN,AGL,CE,Towers with Radar,0,11,35,0,46,0,4,3,2,9,0,15,38,2,55,16,6,22,77
11/30/2018,STP,MN,AGL,CE,Towers with Radar,0,5,43,0,48,0,0,0,0,0,0,5,43,0,48,0,0,0,48
12/01/2018,STP,MN,AGL,CE,Towers with Radar,0,10,12,0,22,0,0,3,0,3,0,10,15,0,25,0,0,0,25
12/02/2018,STP,MN,AGL,CE,Towers with Radar,0,7,14,0,21,0,0,3,0,3,0,7,17,0,24,0,0,0,24
12/03/2018,STP,MN,AGL,CE,Towers with Radar,0,21,43,0,64,0,0,7,7,14,0,21,50,7,78,8,2,10,88
12/04/2018,STP,MN,AGL,CE,Towers with Radar,0,7,55,0,62,0,0,3,14,17,0,7,58,14,79,2,14,16,95
12/05/2018,STP,MN,AGL,CE,Towers with Radar,0,9,53,0,62,0,1,12,0,13,0,10,65,0,75,0,0,0,75
12/06/2018,STP,MN,AGL,CE,Towers with Radar,0,14,48,2,64,0,0,21,20,41,0,14,69,22,105,10,2,12,117
12/07/2018,STP,MN,AGL,CE,Towers with Radar,0,17,52,0,69,0,1,26,0,27,0,18,78,0,96,42,6,48,144
12/08/2018,STP,MN,AGL,CE,Towers with Radar,1,10,14,1,26,0,0,10,0,10,1,10,24,1,36,0,0,0,36
12/09/2018,STP,MN,AGL,CE,Towers with Radar,0,14,52,0,66,0,1,26,0,27,0,15,78,0,93,38,0,38,131
12/10/2018,STP,MN,AGL,CE,Towers with Radar,0,20,47,0,67,0,0,2,0,2,0,20,49,0,69,6,0,6,75
12/11/2018,STP,MN,AGL,CE,Towers with Radar,0,38,67,0,105,0,5,39,15,59,0,43,106,15,164,8,0,8,172
12/12/2018,STP,MN,AGL,CE,Towers with Radar,0,21,53,2,76,0,0,0,0,0,0,21,53,2,76,0,0,0,76
12/13/2018,STP,MN,AGL,CE,Towers with Radar,0,11,56,6,73,0,0,0,2,2,0,11,56,8,75,0,10,10,85
12/14/2018,STP,MN,AGL,CE,Towers with Radar,0,10,39,2,51,0,0,45,4,49,0,10,84,6,100,26,0,26,126
12/15/2018,STP,MN,AGL,CE,Towers with Radar,0,8,30,0,38,0,1,40,0,41,0,9,70,0,79,32,0,32,111
12/16/2018,STP,MN,AGL,CE,Towers with Radar,0,17,53,0,70,0,1,22,0,23,0,18,75,0,93,8,0,8,101
12/17/2018,STP,MN,AGL,CE,Towers with Radar,0,19,48,0,67,0,1,34,7,42,0,20,82,7,109,36,0,36,145
12/18/2018,STP,MN,AGL,CE,Towers with Radar,0,12,45,4,61,0,12,39,18,69,0,24,84,22,130,24,2,26,156
12/19/2018,STP,MN,AGL,CE,Towers with Radar,0,15,58,5,78,0,0,0,8,8,0,15,58,13,86,0,12,12,98
12/20/2018,STP,MN,AGL,CE,Towers with Radar,0,15,56,0,71,0,0,4,8,12,0,15,60,8,83,4,0,4,87
12/21/2018,STP,MN,AGL,CE,Towers with Radar,0,13,41,0,54,0,0,14,0,14,0,13,55,0,68,36,0,36,104
12/22/2018,STP,MN,AGL,CE,Towers with Radar,0,10,22,0,32,0,0,35,0,35,0,10,57,0,67,0,0,0,67
12/23/2018,STP,MN,AGL,CE,Towers with Radar,0,10,22,0,32,0,3,9,0,12,0,13,31,0,44,0,0,0,44
12/24/2018,STP,MN,AGL,CE,Towers with Radar,0,0,11,0,11,0,2,18,0,20,0,2,29,0,31,40,0,40,71
12/25/2018,STP,MN,AGL,CE,Towers with Radar,0,11,2,0,13,0,2,4,0,6,0,13,6,0,19,0,0,0,19
12/26/2018,STP,MN,AGL,CE,Towers with Radar,0,17,22,0,39,0,0,6,0,6,0,17,28,0,45,2,0,2,47
12/27/2018,STP,MN,AGL,CE,Towers with Radar,0,11,15,0,26,0,0,0,0,0,0,11,15,0,26,0,0,0,26
12/28/2018,STP,MN,AGL,CE,Towers with Radar,0,8,33,0,41,0,0,28,0,28,0,8,61,0,69,12,0,12,81
12/29/2018,STP,MN,AGL,CE,Towers with Radar,0,11,26,0,37,0,0,29,0,29,0,11,55,0,66,34,0,34,100
12/30/2018,STP,MN,AGL,CE,Towers with Radar,0,9,32,0,41,0,3,23,0,26,0,12,55,0,67,10,0,10,77
12/31/2018,STP,MN,AGL,CE,Towers with Radar,0,5,21,0,26,0,0,0,0,0,0,5,21,0,26,0,0,0,26
01/01/2019,STP,MN,AGL,CE,Towers with Radar,0,9,27,0,36,0,2,10,0,12,0,11,37,0,48,12,0,12,60
01/02/2019,STP,MN,AGL,CE,Towers with Radar,0,9,26,2,37,0,6,13,19,38,0,15,39,21,75,4,8,12,87
01/03/2019,STP,MN,AGL,CE,Towers with Radar,1,13,36,1,51,0,3,29,13,45,1,16,65,14,96,34,4,38,134
01/04/2019,STP,MN,AGL,CE,Towers with Radar,0,18,34,1,53,0,2,44,4,50,0,20,78,5,103,60,0,60,163
01/05/2019,STP,MN,AGL,CE,Towers with Radar,0,7,22,0,29,0,2,57,0,59,0,9,79,0,88,20,0,20,108
01/06/2019,STP,MN,AGL,CE,Towers with Radar,0,11,19,0,30,0,2,18,0,20,0,13,37,0,50,18,0,18,68
01/07/2019,STP,MN,AGL,CE,Towers with Radar,0,3,36,4,43,0,0,7,0,7,0,3,43,4,50,6,0,6,56
01/08/2019,STP,MN,AGL,CE,Towers with Radar,0,6,40,2,48,0,2,6,9,17,0,8,46,11,65,0,8,8,73
01/09/2019,STP,MN,AGL,CE,Towers with Radar,0,12,51,1,64,0,11,53,11,75,0,23,104,12,139,8,2,10,149
01/10/2019,STP,MN,AGL,CE,Towers with Radar,0,13,52,2,67,0,3,29,5,37,0,16,81,7,104,6,8,14,118
01/11/2019,STP,MN,AGL,CE,Towers with Radar,0,9,40,4,53,0,6,40,10,56,0,15,80,14,109,60,0,60,169
01/12/2019,STP,MN,AGL,CE,Towers with Radar,0,6,12,0,18,0,0,31,0,31,0,6,43,0,49,12,0,12,61
01/13/2019,STP,MN,AGL,CE,Towers with Radar,0,11,28,2,41,0,0,31,8,39,0,11,59,10,80,14,10,24,104
01/14/2019,STP,MN,AGL,CE,Towers with Radar,0,13,36,0,49,0,0,0,0,0,0,13,36,0,49,12,0,12,61
01/15/2019,STP,MN,AGL,CE,Towers with Radar,0,9,26,1,36,0,0,6,7,13,0,9,32,8,49,4,6,10,59
01/16/2019,STP,MN,AGL,CE,Towers with Radar,0,16,50,0,66,0,1,46,24,71,0,17,96,24,137,50,14,64,201
01/17/2019,STP,MN,AGL,CE,Towers with Radar,0,7,49,0,56,0,2,16,13,31,0,9,65,13,87,12,0,12,99
01/18/2019,STP,MN,AGL,CE,Towers with Radar,0,15,35,0,50,0,0,9,12,21,0,15,44,12,71,0,0,0,71
01/19/2019,STP,MN,AGL,CE,Towers with Radar,0,4,33,0,37,0,15,14,0,29,0,19,47,0,66,10,0,10,76
01/20/2019,STP,MN,AGL,CE,Towers with Radar,0,9,44,0,53,0,8,23,0,31,0,17,67,0,84,40,0,40,124
01/21/2019,STP,MN,AGL,CE,Towers with Radar,0,14,63,0,77,0,6,18,1,25,0,20,81,1,102,2,0,2,104
01/22/2019,STP,MN,AGL,CE,Towers with Radar,0,15,26,0,41,0,0,2,0,2,0,15,28,0,43,0,0,0,43
01/23/2019,STP,MN,AGL,CE,Towers with Radar,0,23,61,1,85,0,2,29,16,47,0,25,90,17,132,14,12,26,158
01/24/2019,STP,MN,AGL,CE,Towers with Radar,0,12,37,0,49,0,0,4,0,4,0,12,41,0,53,2,0,2,55
01/25/2019,STP,MN,AGL,CE,Towers with Radar,1,11,44,0,56,0,13,28,4,45,1,24,72,4,101,20,0,20,121
01/26/2019,STP,MN,AGL,CE,Towers with Radar,0,8,22,0,30,0,2,15,0,17,0,10,37,0,47,12,0,12,59
01/27/2019,STP,MN,AGL,CE,Towers with Radar,0,7,24,0,31,0,2,7,0,9,0,9,31,0,40,4,0,4,44
01/28/2019,STP,MN,AGL,CE,Towers with Radar,0,6,30,2,38,0,0,6,2,8,0,6,36,4,46,0,0,0,46
01/29/2019,STP,MN,AGL,CE,Towers with Radar,0,17,23,0,40,0,1,5,0,6,0,18,28,0,46,0,0,0,46
01/30/2019,STP,MN,AGL,CE,Towers with Radar,0,10,17,0,27,0,6,3,0,9,0,16,20,0,36,0,0,0,36
01/31/2019,STP,MN,AGL,CE,Towers with Radar,0,10,45,2,57,0,2,9,0,11,0,12,54,2,68,4,0,4,72
02/01/2019,STP,MN,AGL,CE,Towers with Radar,0,16,20,0,36,0,1,27,9,37,0,17,47,9,73,62,0,62,135
02/02/2019,STP,MN,AGL,CE,Towers with Radar,0,10,31,0,41,0,1,7,0,8,0,11,38,0,49,2,0,2,51
02/03/2019,STP,MN,AGL,CE,Towers with Radar,0,6,11,0,17,0,0,0,0,0,0,6,11,0,17,0,0,0,17
02/04/2019,STP,MN,AGL,CE,Towers with Radar,0,13,35,0,48,0,1,0,0,1,0,14,35,0,49,0,0,0,49
02/05/2019,STP,MN,AGL,CE,Towers with Radar,0,10,30,0,40,0,0,1,0,1,0,10,31,0,41,0,0,0,41
02/06/2019,STP,MN,AGL,CE,Towers with Radar,0,23,34,0,57,0,1,13,2,16,0,24,47,2,73,4,0,4,77
02/07/2019,STP,MN,AGL,CE,Towers with Radar,0,10,27,0,37,0,0,0,0,0,0,10,27,0,37,0,0,0,37
02/08/2019,STP,MN,AGL,CE,Towers with Radar,0,5,41,0,46,0,4,10,0,14,0,9,51,0,60,2,0,2,62
02/09/2019,STP,MN,AGL,CE,Towers with Radar,0,11,26,4,41,0,4,29,0,33,0,15,55,4,74,18,0,18,92
02/10/2019,STP,MN,AGL,CE,Towers with Radar,0,5,13,0,18,0,0,1,0,1,0,5,14,0,19,0,0,0,19
02/11/2019,STP,MN,AGL,CE,Towers with Radar,0,13,57,0,70,0,0,8,4,12,0,13,65,4,82,6,12,18,100
02/12/2019,STP,MN,AGL,CE,Towers with Radar,0,11,19,0,30,0,0,1,0,1,0,11,20,0,31,0,0,0,31
02/13/2019,STP,MN,AGL,CE,Towers with Radar,0,10,53,4,67,0,0,12,2,14,0,10,65,6,81,16,0,16,97
02/14/2019,STP,MN,AGL,CE,Towers with Radar,0,9,30,2,41,0,10,30,8,48,0,19,60,10,89,18,6,24,113
02/15/2019,STP,MN,AGL,CE,Towers with Radar,0,25,44,0,69,0,0,26,5,31,0,25,70,5,100,4,0,4,104
02/16/2019,STP,MN,AGL,CE,Towers with Radar,0,9,23,2,34,0,8,39,7,54,0,17,62,9,88,10,0,10,98
02/17/2019,STP,MN,AGL,CE,Towers with Radar,0,5,21,0,26,0,0,2,1,3,0,5,23,1,29,20,0,20,49
02/18/2019,STP,MN,AGL,CE,Towers with Radar,0,8,41,0,49,0,3,26,0,29,0,11,67,0,78,50,0,50,128
02/19/2019,STP,MN,AGL,CE,Towers with Radar,0,14,62,0,76,0,7,35,4,46,0,21,97,4,122,30,0,30,152
02/20/2019,STP,MN,AGL,CE,Towers with Radar,2,6,25,0,33,0,0,0,0,0,2,6,25,0,33,0,0,0,33
02/21/2019,STP,MN,AGL,CE,Towers with Radar,0,18,50,5,73,0,0,14,18,32,0,18,64,23,105,6,0,6,111
02/22/2019,STP,MN,AGL,CE,Towers with Radar,0,19,33,3,55,0,1,21,1,23,0,20,54,4,78,12,0,12,90
02/23/2019,STP,MN,AGL,CE,Towers with Radar,0,2,6,0,8,0,0,0,0,0,0,2,6,0,8,0,0,0,8
02/24/2019,STP,MN,AGL,CE,Towers with Radar,0,7,14,0,21,0,1,0,0,1,0,8,14,0,22,0,0,0,22
02/25/2019,STP,MN,AGL,CE,Towers with Radar,0,9,39,0,48,0,3,15,7,25,0,12,54,7,73,0,0,0,73
02/26/2019,STP,MN,AGL,CE,Towers with Radar,0,12,27,0,39,0,0,1,0,1,0,12,28,0,40,0,0,0,40
02/27/2019,STP,MN,AGL,CE,Towers with Radar,0,8,63,1,72,0,2,13,30,45,0,10,76,31,117,8,8,16,133
02/28/2019,STP,MN,AGL,CE,Towers with Radar,0,19,55,0,74,0,6,35,25,66,0,25,90,25,140,24,0,24,164
03/01/2019,STP,MN,AGL,CE,Towers with Radar,0,18,22,0,40,0,0,0,0,0,0,18,22,0,40,0,0,0,40
03/02/2019,STP,MN,AGL,CE,Towers with Radar,0,10,19,0,29,0,0,32,0,32,0,10,51,0,61,26,0,26,87
03/03/2019,STP,MN,AGL,CE,Towers with Radar,0,10,32,2,44,0,3,5,1,9,0,13,37,3,53,0,0,0,53
03/04/2019,STP,MN,AGL,CE,Towers with Radar,0,4,55,1,60,0,0,7,0,7,0,4,62,1,67,0,0,0,67
03/05/2019,STP,MN,AGL,CE,Towers with Radar,0,7,42,2,51,0,0,15,19,34,0,7,57,21,85,14,6,20,105
03/06/2019,STP,MN,AGL,CE,Towers with Radar,0,5,62,11,78,0,5,30,18,53,0,10,92,29,131,40,20,60,191
03/07/2019,STP,MN,AGL,CE,Towers with Radar,0,5,43,0,48,0,4,27,8,39,0,9,70,8,87,20,2,22,109
03/08/2019,STP,MN,AGL,CE,Towers with Radar,0,11,27,2,40,0,5,32,7,44,0,16,59,9,84,42,4,46,130
03/09/2019,STP,MN,AGL,CE,Towers with Radar,0,3,5,0,8,0,0,1,0,1,0,3,6,0,9,2,0,2,11
03/10/2019,STP,MN,AGL,CE,Towers with Radar,0,2,11,0,13,0,0,0,0,0,0,2,11,0,13,0,0,0,13
03/11/2019,STP,MN,AGL,CE,Towers with Radar,0,7,36,2,45,0,8,24,2,34,0,15,60,4,79,30,0,30,109
03/12/2019,STP,MN,AGL,CE,Towers with Radar,0,7,41,6,54,0,0,23,0,23,0,7,64,6,77,6,0,6,83
03/13/2019,STP,MN,AGL,CE,Towers with Radar,0,15,21,0,36,0,0,0,0,0,0,15,21,0,36,0,0,0,36
03/14/2019,STP,MN,AGL,CE,Towers with Radar,0,9,21,0,30,0,0,0,0,0,0,9,21,0,30,0,0,0,30
03/15/2019,STP,MN,AGL,CE,Towers with Radar,0,14,35,3,52,0,2,28,6,36,0,16,63,9,88,10,0,10,98
03/16/2019,STP,MN,AGL,CE,Towers with Radar,0,8,32,0,40,0,20,44,0,64,0,28,76,0,104,30,0,30,134
03/17/2019,STP,MN,AGL,CE,Towers with Radar,0,10,40,0,50,0,3,9,0,12,0,13,49,0,62,6,0,6,68
03/18/2019,STP,MN,AGL,CE,Towers with Radar,0,14,51,0,65,0,0,32,0,32,0,14,83,0,97,30,0,30,127
03/19/2019,STP,MN,AGL,CE,Towers with Radar,0,11,42,2,55,0,4,30,15,49,0,15,72,17,104,32,2,34,138
03/20/2019,STP,MN,AGL,CE,Towers with Radar,0,18,48,2,68,0,1,25,20,46,0,19,73,22,114,62,12,74,188
03/21/2019,STP,MN,AGL,CE,Towers with Radar,0,12,56,1,69,0,5,39,29,73,0,17,95,30,142,20,0,20,162
03/22/2019,STP,MN,AGL,CE,Towers with Radar,0,13,30,0,43,0,6,48,6,60,0,19,78,6,103,30,0,30,133
03/23/2019,STP,MN,AGL,CE,Towers with Radar,0,7,36,0,43,0,9,28,10,47,0,16,64,10,90,0,0,0,90
03/24/2019,STP,MN,AGL,CE,Towers with Radar,0,2,26,0,28,0,2,15,0,17,0,4,41,0,45,0,0,0,45
03/25/2019,STP,MN,AGL,CE,Towers with Radar,0,12,37,1,50,0,4,54,15,73,0,16,91,16,123,14,0,14,137
03/26/2019,STP,MN,AGL,CE,Towers with Radar,0,12,25,3,40,0,4,20,18,42,0,16,45,21,82,16,0,16,98
03/27/2019,STP,MN,AGL,CE,Towers with Radar,0,15,51,1,67,0,2,12,19,33,0,17,63,20,100,16,0,16,116
03/28/2019,STP,MN,AGL,CE,Towers with Radar,0,11,32,0,43,0,3,31,11,45,0,14,63,11,88,56,0,56,144
03/29/2019,STP,MN,AGL,CE,Towers with Radar,0,11,35,0,46,0,0,48,0,48,0,11,83,0,94,18,0,18,112
03/30/2019,STP,MN,AGL,CE,Towers with Radar,0,14,15,0,29,0,10,39,0,49,0,24,54,0,78,20,0,20,98
03/31/2019,STP,MN,AGL,CE,Towers with Radar,0,16,29,0,45,0,1,21,0,22,0,17,50,0,67,32,0,32,99
04/01/2019,STP,MN,AGL,CE,Towers with Radar,0,8,40,0,48,0,1,23,0,24,0,9,63,0,72,42,0,42,114
04/02/2019,STP,MN,AGL,CE,Towers with Radar,0,15,35,3,53,0,5,12,21,38,0,20,47,24,91,4,8,12,103
04/03/2019,STP,MN,AGL,CE,Towers with Radar,0,11,38,1,50,0,4,23,19,46,0,15,61,20,96,0,0,0,96
04/04/2019,STP,MN,AGL,CE,Towers with Radar,0,17,56,6,79,0,1,10,12,23,0,18,66,18,102,38,22,60,162
04/05/2019,STP,MN,AGL,CE,Towers with Radar,0,18,62,0,80,0,0,27,0,27,0,18,89,0,107,0,0,0,107
04/06/2019,STP,MN,AGL,CE,Towers with Radar,0,37,89,1,127,0,0,12,2,14,0,37,101,3,141,0,0,0,141
04/07/2019,STP,MN,AGL,CE,Towers with Radar,0,15,60,0,75,0,0,9,0,9,0,15,69,0,84,24,0,24,108
04/08/2019,STP,MN,AGL,CE,Towers with Radar,0,36,63,2,101,0,0,15,7,22,0,36,78,9,123,0,0,0,123
04/09/2019,STP,MN,AGL,CE,Towers with Radar,0,33,108,8,149,0,1,24,25,50,0,34,132,33,199,12,4,16,215
04/10/2019,STP,MN,AGL,CE,Towers with Radar,0,6,47,1,54,0,0,3,1,4,0,6,50,2,58,8,0,8,66
04/11/2019,STP,MN,AGL,CE,Towers with Radar,0,0,2,0,2,0,0,0,0,0,0,0,2,0,2,0,0,0,2
04/12/2019,STP,MN,AGL,CE,Towers with Radar,0,7,24,0,31,0,0,0,0,0,0,7,24,0,31,0,0,0,31
04/13/2019,STP,MN,AGL,CE,Towers with Radar,0,22,55,0,77,0,16,32,15,63,0,38,87,15,140,15,0,15,155
04/14/2019,STP,MN,AGL,CE,Towers with Radar,0,16,51,1,68,0,2,41,7,50,0,18,92,8,118,20,16,36,154
04/15/2019,STP,MN,AGL,CE,Towers with Radar,0,17,57,1,75,0,5,24,1,30,0,22,81,2,105,10,0,10,115
04/16/2019,STP,MN,AGL,CE,Towers with Radar,0,27,69,1,97,0,8,43,12,63,0,35,112,13,160,46,0,46,206
04/17/2019,STP,MN,AGL,CE,Towers with Radar,0,31,96,2,129,0,2,4,0,6,0,33,100,2,135,0,0,0,135
04/18/2019,STP,MN,AGL,CE,Towers with Radar,0,20,71,3,94,0,8,22,8,38,0,28,93,11,132,16,0,16,148
04/19/2019,STP,MN,AGL,CE,Towers with Radar,0,11,33,1,45,0,9,60,3,72,0,20,93,4,117,26,0,26,143
04/20/2019,STP,MN,AGL,CE,Towers with Radar,0,9,23,0,32,0,15,44,3,62,0,24,67,3,94,28,0,28,122
04/21/2019,STP,MN,AGL,CE,Towers with Radar,0,9,17,0,26,0,2,16,1,19,0,11,33,1,45,20,0,20,65
04/22/2019,STP,MN,AGL,CE,Towers with Radar,0,9,48,1,58,0,0,3,0,3,0,9,51,1,61,0,0,0,61
04/23/2019,STP,MN,AGL,CE,Towers with Radar,0,17,47,0,64,0,5,29,20,54,0,22,76,20,118,46,0,46,164
04/24/2019,STP,MN,AGL,CE,Towers with Radar,0,22,65,2,89,0,0,37,26,63,0,22,102,28,152,34,28,62,214
04/25/2019,STP,MN,AGL,CE,Towers with Radar,0,7,51,0,58,0,7,22,6,35,0,14,73,6,93,24,0,24,117
04/26/2019,STP,MN,AGL,CE,Towers with Radar,0,7,40,1,48,0,7,41,8,56,0,14,81,9,104,56,0,56,160
04/27/2019,STP,MN,AGL,CE,Towers with Radar,0,11,15,0,26,0,0,9,0,9,0,11,24,0,35,4,0,4,39
04/28/2019,STP,MN,AGL,CE,Towers with Radar,0,8,32,0,40,0,4,23,0,27,0,12,55,0,67,24,0,24,91
04/29/2019,STP,MN,AGL,CE,Towers with Radar,0,15,46,0,61,0,0,10,1,11,0,15,56,1,72,12,0,12,84
04/30/2019,STP,MN,AGL,CE,Towers with Radar,0,19,35,2,56,0,2,1,9,12,0,21,36,11,68,0,44,44,112
05/01/2019,STP,MN,AGL,CE,Towers with Radar,0,24,52,2,78,0,0,2,7,9,0,24,54,9,87,0,0,0,87
05/02/2019,STP,MN,AGL,CE,Towers with Radar,0,29,39,2,70,0,2,18,13,33,0,31,57,15,103,18,2,20,123
05/03/2019,STP,MN,AGL,CE,Towers with Radar,0,13,66,0,79,0,7,40,10,57,0,20,106,10,136,14,0,14,150
05/04/2019,STP,MN,AGL,CE,Towers with Radar,0,6,20,4,30,0,2,25,7,34,0,8,45,11,64,12,0,12,76
05/05/2019,STP,MN,AGL,CE,Towers with Radar,0,8,43,1,52,0,0,18,0,18,0,8,61,1,70,48,0,48,118
05/06/2019,STP,MN,AGL,CE,Towers with Radar,0,20,42,6,68,0,2,14,2,18,0,22,56,8,86,22,0,22,108
05/07/2019,STP,MN,AGL,CE,Towers with Radar,0,15,53,4,72,0,5,24,14,43,0,20,77,18,115,34,0,34,149
05/08/2019,STP,MN,AGL,CE,Towers with Radar,0,18,44,1,63,0,2,3,0,5,0,20,47,1,68,0,0,0,68
05/09/2019,STP,MN,AGL,CE,Towers with Radar,0,22,28,3,53,0,4,12,16,32,0,26,40,19,85,0,0,0,85
05/10/2019,STP,MN,AGL,CE,Towers with Radar,0,11,52,3,66,0,1,36,6,43,0,12,88,9,109,24,0,24,133
05/11/2019,STP,MN,AGL,CE,Towers with Radar,0,13,19,2,34,0,2,32,0,34,0,15,51,2,68,14,0,14,82
05/12/2019,STP,MN,AGL,CE,Towers with Radar,0,9,24,2,35,0,0,21,0,21,0,9,45,2,56,16,0,16,72
05/13/2019,STP,MN,AGL,CE,Towers with Radar,0,8,62,0,70,0,2,23,2,27,0,10,85,2,97,42,0,42,139
05/14/2019,STP,MN,AGL,CE,Towers with Radar,0,8,58,2,68,0,0,23,15,38,0,8,81,17,106,36,12,48,154
05/15/2019,STP,MN,AGL,CE,Towers with Radar,2,13,63,0,78,0,3,40,11,54,2,16,103,11,132,34,0,34,166
05/16/2019,STP,MN,AGL,CE,Towers with Radar,0,14,60,2,76,0,3,27,17,47,0,17,87,19,123,14,6,20,143
05/17/2019,STP,MN,AGL,CE,Towers with Radar,0,11,67,0,78,0,3,26,4,33,0,14,93,4,111,6,0,6,117
05/18/2019,STP,MN,AGL,CE,Towers with Radar,0,5,8,0,13,0,1,6,0,7,0,6,14,0,20,0,0,0,20
05/19/2019,STP,MN,AGL,CE,Towers with Radar,0,12,26,0,38,0,0,0,0,0,0,12,26,0,38,0,0,0,38
05/20/2019,STP,MN,AGL,CE,Towers with Radar,0,7,50,0,57,0,7,29,4,40,0,14,79,4,97,48,0,48,145
05/21/2019,STP,MN,AGL,CE,Towers with Radar,0,5,32,3,40,0,3,18,6,27,0,8,50,9,67,2,0,2,69
05/22/2019,STP,MN,AGL,CE,Towers with Radar,0,11,48,3,62,0,0,6,17,23,0,11,54,20,85,14,8,22,107
05/23/2019,STP,MN,AGL,CE,Towers with Radar,0,19,58,0,77,0,4,19,18,41,0,23,77,18,118,22,0,22,140
05/24/2019,STP,MN,AGL,CE,Towers with Radar,0,10,36,2,48,0,1,21,1,23,0,11,57,3,71,40,0,40,111
05/25/2019,STP,MN,AGL,CE,Towers with Radar,0,8,33,0,41,0,1,60,0,61,0,9,93,0,102,36,0,36,138
05/26/2019,STP,MN,AGL,CE,Towers with Radar,1,7,14,0,22,0,2,51,0,53,1,9,65,0,75,32,0,32,107
05/27/2019,STP,MN,AGL,CE,Towers with Radar,0,12,21,0,33,0,0,1,0,1,0,12,22,0,34,0,0,0,34
05/28/2019,STP,MN,AGL,CE,Towers with Radar,0,16,67,0,83,0,0,3,2,5,0,16,70,2,88,4,0,4,92
05/29/2019,STP,MN,AGL,CE,Towers with Radar,0,16,66,3,85,0,2,40,15,57,0,18,106,18,142,34,0,34,176
05/30/2019,STP,MN,AGL,CE,Towers with Radar,0,15,67,3,85,0,3,30,16,49,0,18,97,19,134,18,0,18,152
05/31/2019,STP,MN,AGL,CE,Towers with Radar,0,15,36,0,51,0,8,30,3,41,0,23,66,3,92,2,0,2,94
06/01/2019,STP,MN,AGL,CE,Towers with Radar,0,6,29,0,35,0,9,44,0,53,0,15,73,0,88,48,0,48,136
06/02/2019,STP,MN,AGL,CE,Towers with Radar,0,8,22,2,32,0,1,40,0,41,0,9,62,2,73,14,0,14,87
06/03/2019,STP,MN,AGL,CE,Towers with Radar,0,5,67,2,74,0,0,28,7,35,0,5,95,9,109,28,0,28,137
06/04/2019,STP,MN,AGL,CE,Towers with Radar,0,18,69,0,87,0,2,22,3,27,0,20,91,3,114,26,0,26,140
06/05/2019,STP,MN,AGL,CE,Towers with Radar,0,11,49,0,60,0,12,36,23,71,0,23,85,23,131,52,0,52,183
06/06/2019,STP,MN,AGL,CE,Towers with Radar,0,16,59,0,75,0,8,43,10,61,0,24,102,10,136,34,6,40,176
06/07/2019,STP,MN,AGL,CE,Towers with Radar,0,13,63,0,76,0,8,57,2,67,0,21,120,2,143,22,0,22,165
06/08/2019,STP,MN,AGL,CE,Towers with Radar,0,6,25,0,31,0,5,55,0,60,0,11,80,0,91,12,0,12,103
06/09/2019,STP,MN,AGL,CE,Towers with Radar,0,6,47,0,53,0,0,8,0,8,0,6,55,0,61,2,0,2,63
06/10/2019,STP,MN,AGL,CE,Towers with Radar,0,14,65,0,79,0,2,30,0,32,0,16,95,0,111,30,0,30,141
06/11/2019,STP,MN,AGL,CE,Towers with Radar,0,17,46,0,63,0,1,14,22,37,0,18,60,22,100,8,4,12,112
06/12/2019,STP,MN,AGL,CE,Towers with Radar,0,10,65,0,75,0,3,48,5,56,0,13,113,5,131,20,0,20,151
06/13/2019,STP,MN,AGL,CE,Towers with Radar,0,20,43,0,63,0,11,33,14,58,0,31,76,14,121,94,2,96,217
06/14/2019,STP,MN,AGL,CE,Towers with Radar,0,11,35,5,51,0,6,36,12,54,0,17,71,17,105,2,0,2,107
06/15/2019,STP,MN,AGL,CE,Towers with Radar,0,12,22,1,35,0,2,24,0,26,0,14,46,1,61,2,0,2,63
06/16/2019,STP,MN,AGL,CE,Towers with Radar,0,13,29,0,42,0,2,22,0,24,0,15,51,0,66,66,0,66,132
06/17/2019,STP,MN,AGL,CE,Towers with Radar,0,14,60,0,74,0,4,15,0,19,0,18,75,0,93,16,0,16,109
06/18/2019,STP,MN,AGL,CE,Towers with Radar,0,28,59,0,87,0,14,34,9,57,0,42,93,9,144,86,2,88,232
06/19/2019,STP,MN,AGL,CE,Towers with Radar,0,18,80,3,101,0,6,30,8,44,0,24,110,11,145,14,0,14,159
06/20/2019,STP,MN,AGL,CE,Towers with Radar,0,18,69,0,87,0,0,14,9,23,0,18,83,9,110,26,6,32,142
06/21/2019,STP,MN,AGL,CE,Towers with Radar,0,9,41,0,50,0,6,41,9,56,0,15,82,9,106,26,0,26,132
06/22/2019,STP,MN,AGL,CE,Towers with Radar,0,6,43,0,49,0,7,37,0,44,0,13,80,0,93,32,0,32,125
06/23/2019,STP,MN,AGL,CE,Towers with Radar,0,17,33,3,53,0,0,0,0,0,0,17,33,3,53,0,0,0,53
06/24/2019,STP,MN,AGL,CE,Towers with Radar,0,5,70,0,75,0,6,11,0,17,0,11,81,0,92,10,0,10,102
06/25/2019,STP,MN,AGL,CE,Towers with Radar,0,14,85,0,99,0,9,37,10,56,0,23,122,10,155,2,4,6,161
06/26/2019,STP,MN,AGL,CE,Towers with Radar,0,15,71,3,89,0,13,64,2,79,0,28,135,5,168,36,0,36,204
06/27/2019,STP,MN,AGL,CE,Towers with Radar,1,9,56,0,66,0,3,3,8,14,1,12,59,8,80,6,10,16,96
06/28/2019,STP,MN,AGL,CE,Towers with Radar,0,25,53,2,80,0,14,58,11,83,0,39,111,13,163,80,0,80,243
06/29/2019,STP,MN,AGL,CE,Towers with Radar,0,8,36,0,44,0,4,48,0,52,0,12,84,0,96,20,0,20,116
06/30/2019,STP,MN,AGL,CE,Towers with Radar,0,10,21,0,31,0,2,13,0,15,0,12,34,0,46,12,0,12,58
07/01/2019,STP,MN,AGL,CE,Towers with Radar,0,11,28,0,39,0,1,5,1,7,0,12,33,1,46,0,0,0,46
07/02/2019,STP,MN,AGL,CE,Towers with Radar,1,10,67,0,78,0,4,32,13,49,1,14,99,13,127,40,0,40,167
07/03/2019,STP,MN,AGL,CE,Towers with Radar,0,9,43,2,54,0,2,36,2,40,0,11,79,4,94,10,0,10,104
07/04/2019,STP,MN,AGL,CE,Towers with Radar,0,4,2,0,6,0,6,23,0,29,0,10,25,0,35,8,0,8,43
07/05/2019,STP,MN,AGL,CE,Towers with Radar,0,6,22,0,28,0,0,31,0,31,0,6,53,0,59,2,0,2,61
07/06/2019,STP,MN,AGL,CE,Towers with Radar,0,9,20,0,29,0,9,60,0,69,0,18,80,0,98,54,0,54,152
07/07/2019,STP,MN,AGL,CE,Towers with Radar,0,14,36,0,50,0,5,51,0,56,0,19,87,0,106,48,0,48,154
07/08/2019,STP,MN,AGL,CE,Towers with Radar,0,29,70,1,100,0,7,26,0,33,0,36,96,1,133,16,0,16,149
07/09/2019,STP,MN,AGL,CE,Towers with Radar,0,15,54,6,75,0,3,13,8,24,0,18,67,14,99,4,0,4,103
07/10/2019,STP,MN,AGL,CE,Towers with Radar,0,13,69,2,84,0,7,25,11,43,0,20,94,13,127,18,2,20,147
07/11/2019,STP,MN,AGL,CE,Towers with Radar,0,22,71,5,98,0,16,39,21,76,0,38,110,26,174,24,8,32,206
07/12/2019,STP,MN,AGL,CE,Towers with Radar,0,8,32,2,42,0,9,57,2,68,0,17,89,4,110,44,0,44,154
07/13/2019,STP,MN,AGL,CE,Towers with Radar,0,14,65,1,80,0,22,86,11,119,0,36,151,12,199,48,0,48,247
07/14/2019,STP,MN,AGL,CE,Towers with Radar,0,26,46,2,74,0,12,52,2,66,0,38,98,4,140,32,0,32,172
07/15/2019,STP,MN,AGL,CE,Towers with Radar,0,23,88,5,116,0,9,25,11,45,0,32,113,16,161,46,0,46,207
07/16/2019,STP,MN,AGL,CE,Towers with Radar,0,26,58,4,88,0,9,41,10,60,0,35,99,14,148,74,4,78,226
07/17/2019,STP,MN,AGL,CE,Towers with Radar,0,14,62,0,76,0,12,44,32,88,0,26,106,32,164,26,0,26,190
07/18/2019,STP,MN,AGL,CE,Towers with Radar,0,21,64,5,90,0,3,37,18,58,0,24,101,23,148,78,2,80,228
07/19/2019,STP,MN,AGL,CE,Towers with Radar,0,12,31,2,45,0,1,50,2,53,0,13,81,4,98,12,0,12,110
07/20/2019,STP,MN,AGL,CE,Towers with Radar,0,1,20,0,21,0,3,23,0,26,0,4,43,0,47,14,0,14,61
07/21/2019,STP,MN,AGL,CE,Towers with Radar,0,9,42,0,51,0,2,29,2,33,0,11,71,2,84,10,0,10,94
07/22/2019,STP,MN,AGL,CE,Towers with Radar,0,14,50,0,64,0,3,42,0,45,0,17,92,0,109,48,0,48,157
07/23/2019,STP,MN,AGL,CE,Towers with Radar,0,17,63,5,85,0,3,31,10,44,0,20,94,15,129,16,2,18,147
07/24/2019,STP,MN,AGL,CE,Towers with Radar,0,19,55,2,76,0,4,34,8,46,0,23,89,10,122,8,6,14,136
07/25/2019,STP,MN,AGL,CE,Towers with Radar,0,20,55,2,77,0,0,28,10,38,0,20,83,12,115,10,4,14,129
07/26/2019,STP,MN,AGL,CE,Towers with Radar,0,11,34,0,45,0,2,25,3,30,0,13,59,3,75,4,0,4,79
07/27/2019,STP,MN,AGL,CE,Towers with Radar,0,6,42,0,48,0,6,53,0,59,0,12,95,0,107,18,0,18,125
07/28/2019,STP,MN,AGL,CE,Towers with Radar,0,8,34,0,42,0,0,9,0,9,0,8,43,0,51,8,0,8,59
07/29/2019,STP,MN,AGL,CE,Towers with Radar,0,19,66,2,87,0,1,45,7,53,0,20,111,9,140,90,0,90,230
07/30/2019,STP,MN,AGL,CE,Towers with Radar,0,13,70,0,83,0,6,69,11,86,0,19,139,11,169,126,0,126,295
07/31/2019,STP,MN,AGL,CE,Towers with Radar,0,25,72,0,97,0,3,31,3,37,0,28,103,3,134,78,0,78,212
08/01/2019,STP,MN,AGL,CE,Towers with Radar,0,13,76,1,90,0,3,33,12,48,0,16,109,13,138,56,0,56,194
08/02/2019,STP,MN,AGL,CE,Towers with Radar,1,10,26,0,37,0,3,52,3,58,1,13,78,3,95,70,0,70,165
08/03/2019,STP,MN,AGL,CE,Towers with Radar,0,9,25,0,34,0,5,42,0,47,0,14,67,0,81,12,0,12,93
08/04/2019,STP,MN,AGL,CE,Towers with Radar,0,17,65,0,82,0,2,31,0,33,0,19,96,0,115,22,0,22,137
08/05/2019,STP,MN,AGL,CE,Towers with Radar,0,7,47,0,54,0,0,15,4,19,0,7,62,4,73,24,0,24,97
08/06/2019,STP,MN,AGL,CE,Towers with Radar,0,7,54,4,65,0,7,59,10,76,0,14,113,14,141,88,0,88,229
08/07/2019,STP,MN,AGL,CE,Towers with Radar,0,14,61,4,79,0,3,45,16,64,0,17,106,20,143,62,0,62,205
08/08/2019,STP,MN,AGL,CE,Towers with Radar,0,14,86,0,100,0,2,61,8,71,0,16,147,8,171,36,0,36,207
08/09/2019,STP,MN,AGL,CE,Towers with Radar,0,18,49,3,70,0,5,131,4,140,0,23,180,7,210,94,0,94,304
08/10/2019,STP,MN,AGL,CE,Towers with Radar,0,10,31,2,43,0,4,35,0,39,0,14,66,2,82,2,0,2,84
08/11/2019,STP,MN,AGL,CE,Towers with Radar,0,9,47,0,56,0,1,20,0,21,0,10,67,0,77,36,0,36,113
08/12/2019,STP,MN,AGL,CE,Towers with Radar,0,7,38,0,45,0,6,25,2,33,0,13,63,2,78,22,0,22,100
08/13/2019,STP,MN,AGL,CE,Towers with Radar,0,14,50,0,64,0,1,22,5,28,0,15,72,5,92,16,0,16,108
08/14/2019,STP,MN,AGL,CE,Towers with Radar,0,2,53,0,55,0,9,52,15,76,0,11,105,15,131,78,0,78,209
08/15/2019,STP,MN,AGL,CE,Towers with Radar,0,7,87,0,94,0,1,34,2,37,0,8,121,2,131,18,0,18,149
08/16/2019,STP,MN,AGL,CE,Towers with Radar,0,14,58,0,72,0,2,39,2,43,0,16,97,2,115,10,0,10,125
08/17/2019,STP,MN,AGL,CE,Towers with Radar,0,6,19,0,25,0,0,65,1,66,0,6,84,1,91,10,0,10,101
08/18/2019,STP,MN,AGL,CE,Towers with Radar,0,9,49,0,58,0,6,31,8,45,0,15,80,8,103,5,0,5,108
08/19/2019,STP,MN,AGL,CE,Towers with Radar,0,10,51,0,61,0,9,36,4,49,0,19,87,4,110,16,0,16,126
08/20/2019,STP,MN,AGL,CE,Towers with Radar,0,9,50,0,59,0,1,28,2,31,0,10,78,2,90,10,0,10,100
08/21/2019,STP,MN,AGL,CE,Towers with Radar,0,18,56,5,79,0,9,55,3,67,0,27,111,8,146,43,0,43,189
08/22/2019,STP,MN,AGL,CE,Towers with Radar,0,12,71,6,89,0,11,65,13,89,0,23,136,19,178,14,0,14,192
08/23/2019,STP,MN,AGL,CE,Towers with Radar,0,9,77,0,86,0,9,50,1,60,0,18,127,1,146,24,0,24,170
08/24/2019,STP,MN,AGL,CE,Towers with Radar,0,7,28,0,35,0,5,43,0,48,0,12,71,0,83,2,0,2,85
08/25/2019,STP,MN,AGL,CE,Towers with Radar,0,5,34,0,39,0,8,16,0,24,0,13,50,0,63,12,0,12,75
08/26/2019,STP,MN,AGL,CE,Towers with Radar,0,12,54,0,66,0,3,21,0,24,0,15,75,0,90,8,0,8,98
08/27/2019,STP,MN,AGL,CE,Towers with Radar,0,23,56,0,79,0,3,16,2,21,0,26,72,2,100,0,0,0,100
08/28/2019,STP,MN,AGL,CE,Towers with Radar,0,21,57,0,78,0,8,29,3,40,0,29,86,3,118,18,0,18,136
08/29/2019,STP,MN,AGL,CE,Towers with Radar,0,22,73,4,99,0,1,35,7,43,0,23,108,11,142,12,0,12,154
08/30/2019,STP,MN,AGL,CE,Towers with Radar,0,17,62,1,80,0,7,57,2,66,0,24,119,3,146,26,0,26,172
08/31/2019,STP,MN,AGL,CE,Towers with Radar,0,6,22,0,28,0,9,30,0,39,0,15,52,0,67,2,0,2,69
09/01/2019,STP,MN,AGL,CE,Towers with Radar,0,8,16,0,24,0,0,13,0,13,0,8,29,0,37,10,0,10,47
09/02/2019,STP,MN,AGL,CE,Towers with Radar,0,12,36,0,48,0,2,15,0,17,0,14,51,0,65,10,0,10,75
09/03/2019,STP,MN,AGL,CE,Towers with Radar,0,6,47,1,54,0,1,8,0,9,0,7,55,1,63,6,0,6,69
09/04/2019,STP,MN,AGL,CE,Towers with Radar,0,12,51,2,65,0,5,28,15,48,0,17,79,17,113,22,12,34,147
09/05/2019,STP,MN,AGL,CE,Towers with Radar,0,14,57,7,78,0,0,31,22,53,0,14,88,29,131,34,4,38,169
09/06/2019,STP,MN,AGL,CE,Towers with Radar,0,11,51,1,63,0,3,69,4,76,0,14,120,5,139,30,0,30,169
09/07/2019,STP,MN,AGL,CE,Towers with Radar,0,6,39,0,45,0,10,45,0,55,0,16,84,0,100,24,0,24,124
09/08/2019,STP,MN,AGL,CE,Towers with Radar,0,8,71,0,79,0,0,5,0,5,0,8,76,0,84,0,0,0,84
09/09/2019,STP,MN,AGL,CE,Towers with Radar,0,11,47,0,58,0,0,0,0,0,0,11,47,0,58,0,0,0,58
09/10/2019,STP,MN,AGL,CE,Towers with Radar,0,10,74,2,86,0,0,22,17,39,0,10,96,19,125,26,6,32,157
09/11/2019,STP,MN,AGL,CE,Towers with Radar,0,13,49,4,66,0,0,2,1,3,0,13,51,5,69,0,0,0,69
09/12/2019,STP,MN,AGL,CE,Towers with Radar,0,14,56,2,72,0,0,0,2,2,0,14,56,4,74,0,0,0,74
09/13/2019,STP,MN,AGL,CE,Towers with Radar,0,10,51,0,61,0,1,16,4,21,0,11,67,4,82,0,8,8,90
09/14/2019,STP,MN,AGL,CE,Towers with Radar,0,4,27,2,33,0,10,35,1,46,0,14,62,3,79,14,6,20,99
09/15/2019,STP,MN,AGL,CE,Towers with Radar,0,12,46,0,58,0,0,30,0,30,0,12,76,0,88,42,0,42,130
09/16/2019,STP,MN,AGL,CE,Towers with Radar,0,20,58,0,78,0,3,22,0,25,0,23,80,0,103,24,0,24,127
09/17/2019,STP,MN,AGL,CE,Towers with Radar,0,22,54,4,80,0,1,19,10,30,0,23,73,14,110,18,14,32,142
09/18/2019,STP,MN,AGL,CE,Towers with Radar,0,18,63,0,81,0,0,8,7,15,0,18,71,7,96,32,0,32,128
09/19/2019,STP,MN,AGL,CE,Towers with Radar,0,21,71,1,93,0,6,38,16,60,0,27,109,17,153,48,0,48,201
09/20/2019,STP,MN,AGL,CE,Towers with Radar,0,20,68,0,88,0,9,43,4,56,0,29,111,4,144,10,0,10,154
09/21/2019,STP,MN,AGL,CE,Towers with Radar,0,12,44,0,56,0,8,34,0,42,0,20,78,0,98,8,0,8,106
09/22/2019,STP,MN,AGL,CE,Towers with Radar,0,20,73,0,93,0,7,36,0,43,0,27,109,0,136,9,0,9,145
09/23/2019,STP,MN,AGL,CE,Towers with Radar,0,18,57,6,81,0,6,31,1,38,0,24,88,7,119,22,0,22,141
09/24/2019,STP,MN,AGL,CE,Towers with Radar,0,13,51,0,64,0,2,18,11,31,0,15,69,11,95,0,32,32,127
09/25/2019,STP,MN,AGL,CE,Towers with Radar,0,17,54,3,74,0,5,21,12,38,0,22,75,15,112,2,0,2,114
09/26/2019,STP,MN,AGL,CE,Towers with Radar,0,9,53,0,62,0,2,25,12,39,0,11,78,12,101,16,4,20,121
09/27/2019,STP,MN,AGL,CE,Towers with Radar,0,31,62,1,94,0,3,37,1,41,0,34,99,2,135,20,0,20,155
09/28/2019,STP,MN,AGL,CE,Towers with Radar,0,11,31,0,42,0,9,56,0,65,0,20,87,0,107,84,0,84,191
09/29/2019,STP,MN,AGL,CE,Towers with Radar,0,17,33,0,50,0,0,1,0,1,0,17,34,0,51,0,0,0,51
09/30/2019,STP,MN,AGL,CE,Towers with Radar,0,12,45,2,59,0,0,12,0,12,0,12,57,2,71,14,0,14,85
10/01/2019,STP,MN,AGL,CE,Towers with Radar,0,16,56,4,76,0,1,2,2,5,0,17,58,6,81,0,28,28,109
10/02/2019,STP,MN,AGL,CE,Towers with Radar,0,23,44,2,69,0,0,2,2,4,0,23,46,4,73,0,0,0,73
10/03/2019,STP,MN,AGL,CE,Towers with Radar,0,4,50,3,57,0,2,9,11,22,0,6,59,14,79,36,8,44,123
10/04/2019,STP,MN,AGL,CE,Towers with Radar,0,11,45,4,60,0,1,35,0,36,0,12,80,4,96,64,0,64,160
10/05/2019,STP,MN,AGL,CE,Towers with Radar,0,7,34,0,41,0,0,25,0,25,0,7,59,0,66,0,0,0,66
10/06/2019,STP,MN,AGL,CE,Towers with Radar,0,12,39,0,51,0,5,29,0,34,0,17,68,0,85,14,0,14,99
10/07/2019,STP,MN,AGL,CE,Towers with Radar,0,17,61,2,80,0,3,38,2,43,0,20,99,4,123,32,0,32,155
10/08/2019,STP,MN,AGL,CE,Towers with Radar,0,14,58,2,74,0,5,94,7,106,0,19,152,9,180,46,2,48,228
10/09/2019,STP,MN,AGL,CE,Towers with Radar,0,13,52,1,66,0,4,59,5,68,0,17,111,6,134,12,0,12,146
10/10/2019,STP,MN,AGL,CE,Towers with Radar,0,12,51,2,65,0,1,8,12,21,0,13,59,14,86,0,20,20,106
10/11/2019,STP,MN,AGL,CE,Towers with Radar,0,11,48,2,61,0,2,12,2,16,0,13,60,4,77,2,0,2,79
10/12/2019,STP,MN,AGL,CE,Towers with Radar,0,3,35,0,38,0,0,0,0,0,0,3,35,0,38,0,0,0,38
10/13/2019,STP,MN,AGL,CE,Towers with Radar,0,23,60,0,83,0,0,2,0,2,0,23,62,0,85,8,0,8,93
10/14/2019,STP,MN,AGL,CE,Towers with Radar,0,11,51,0,62,0,6,37,0,43,0,17,88,0,105,92,0,92,197
10/15/2019,STP,MN,AGL,CE,Towers with Radar,0,25,59,4,88,0,4,11,0,15,0,29,70,4,103,18,0,18,121
10/16/2019,STP,MN,AGL,CE,Towers with Radar,0,13,48,3,64,0,1,20,4,25,0,14,68,7,89,66,0,66,155
10/17/2019,STP,MN,AGL,CE,Towers with Radar,0,12,66,3,81,0,1,47,2,50,0,13,113,5,131,52,0,52,183
10/18/2019,STP,MN,AGL,CE,Towers with Radar,0,15,41,0,56,0,5,48,1,54,0,20,89,1,110,32,0,32,142
10/19/2019,STP,MN,AGL,CE,Towers with Radar,0,13,31,0,44,0,10,72,1,83,0,23,103,1,127,20,0,20,147
10/20/2019,STP,MN,AGL,CE,Towers with Radar,0,10,44,0,54,0,0,33,0,33,0,10,77,0,87,0,0,0,87
10/21/2019,STP,MN,AGL,CE,Towers with Radar,0,8,39,0,47,0,0,3,0,3,0,8,42,0,50,16,0,16,66
10/22/2019,STP,MN,AGL,CE,Towers with Radar,0,22,31,2,55,0,0,4,0,4,0,22,35,2,59,14,0,14,73
10/23/2019,STP,MN,AGL,CE,Towers with Radar,0,14,47,0,61,0,3,27,2,32,0,17,74,2,93,24,0,24,117
10/24/2019,STP,MN,AGL,CE,Towers with Radar,0,20,74,0,94,0,0,27,2,29,0,20,101,2,123,46,0,46,169
10/25/2019,STP,MN,AGL,CE,Towers with Radar,0,19,42,0,61,0,3,34,0,37,0,22,76,0,98,10,0,10,108
10/26/2019,STP,MN,AGL,CE,Towers with Radar,0,9,32,0,41,0,8,79,0,87,0,17,111,0,128,38,0,38,166
10/27/2019,STP,MN,AGL,CE,Towers with Radar,1,15,36,0,52,0,2,13,0,15,1,17,49,0,67,0,0,0,67
10/28/2019,STP,MN,AGL,CE,Towers with Radar,0,19,52,0,71,0,5,12,0,17,0,24,64,0,88,38,0,38,126
10/29/2019,STP,MN,AGL,CE,Towers with Radar,0,14,57,0,71,0,3,29,2,34,0,17,86,2,105,20,0,20,125
10/30/2019,STP,MN,AGL,CE,Towers with Radar,0,25,46,0,71,0,2,19,0,21,0,27,65,0,92,12,0,12,104
10/31/2019,STP,MN,AGL,CE,Towers with Radar,0,10,36,0,46,0,7,18,0,25,0,17,54,0,71,12,0,12,83
11/01/2019,STP,MN,AGL,CE,Towers with Radar,0,4,26,0,30,0,1,4,0,5,0,5,30,0,35,0,0,0,35
11/02/2019,STP,MN,AGL,CE,Towers with Radar,0,10,19,0,29,0,2,52,0,54,0,12,71,0,83,30,0,30,113
11/03/2019,STP,MN,AGL,CE,Towers with Radar,0,7,34,0,41,0,1,24,0,25,0,8,58,0,66,14,0,14,80
11/04/2019,STP,MN,AGL,CE,Towers with Radar,0,7,35,0,42,0,0,4,0,4,0,7,39,0,46,0,0,0,46
11/05/2019,STP,MN,AGL,CE,Towers with Radar,0,11,49,0,60,0,3,16,2,21,0,14,65,2,81,30,2,32,113
11/06/2019,STP,MN,AGL,CE,Towers with Radar,0,12,51,0,63,0,0,13,2,15,0,12,64,2,78,36,0,36,114
11/07/2019,STP,MN,AGL,CE,Towers with Radar,0,17,52,1,70,0,1,26,0,27,0,18,78,1,97,60,0,60,157
11/08/2019,STP,MN,AGL,CE,Towers with Radar,0,13,50,0,63,0,2,34,0,36,0,15,84,0,99,20,0,20,119
11/09/2019,STP,MN,AGL,CE,Towers with Radar,0,11,31,0,42,0,0,15,0,15,0,11,46,0,57,22,0,22,79
11/10/2019,STP,MN,AGL,CE,Towers with Radar,0,9,35,0,44,0,0,7,0,7,0,9,42,0,51,22,0,22,73
11/11/2019,STP,MN,AGL,CE,Towers with Radar,0,9,56,0,65,0,2,12,0,14,0,11,68,0,79,0,0,0,79
11/12/2019,STP,MN,AGL,CE,Towers with Radar,0,15,64,1,80,0,1,16,4,21,0,16,80,5,101,18,0,18,119
11/13/2019,STP,MN,AGL,CE,Towers with Radar,0,22,49,0,71,0,0,3,0,3,0,22,52,0,74,6,0,6,80
11/14/2019,STP,MN,AGL,CE,Towers with Radar,0,5,73,1,79,0,1,14,0,15,0,6,87,1,94,16,0,16,110
11/15/2019,STP,MN,AGL,CE,Towers with Radar,0,14,48,0,62,0,4,35,0,39,0,18,83,0,101,32,0,32,133
11/16/2019,STP,MN,AGL,CE,Towers with Radar,0,13,36,0,49,0,4,33,0,37,0,17,69,0,86,8,0,8,94
11/17/2019,STP,MN,AGL,CE,Towers with Radar,0,33,57,0,90,0,0,7,0,7,0,33,64,0,97,16,0,16,113
11/18/2019,STP,MN,AGL,CE,Towers with Radar,0,15,42,0,57,0,0,3,0,3,0,15,45,0,60,8,0,8,68
11/19/2019,STP,MN,AGL,CE,Towers with Radar,0,11,48,0,59,0,0,0,0,0,0,11,48,0,59,0,0,0,59
11/20/2019,STP,MN,AGL,CE,Towers with Radar,0,22,62,0,84,0,0,19,0,19,0,22,81,0,103,8,0,8,111
11/21/2019,STP,MN,AGL,CE,Towers with Radar,0,18,44,0,62,0,0,9,3,12,0,18,53,3,74,20,2,22,96
11/22/2019,STP,MN,AGL,CE,Towers with Radar,0,16,66,0,82,0,0,47,0,47,0,16,113,0,129,80,0,80,209
11/23/2019,STP,MN,AGL,CE,Towers with Radar,0,9,44,0,53,0,0,47,0,47,0,9,91,0,100,68,0,68,168
11/24/2019,STP,MN,AGL,CE,Towers with Radar,0,7,46,0,53,0,0,22,0,22,0,7,68,0,75,62,0,62,137
11/25/2019,STP,MN,AGL,CE,Towers with Radar,0,14,29,0,43,0,2,15,0,17,0,16,44,0,60,11,0,11,71
11/26/2019,STP,MN,AGL,CE,Towers with Radar,0,19,38,0,57,0,4,5,0,9,0,23,43,0,66,2,0,2,68
11/27/2019,STP,MN,AGL,CE,Towers with Radar,0,8,24,0,32,0,2,0,4,6,0,10,24,4,38,0,0,0,38
11/28/2019,STP,MN,AGL,CE,Towers with Radar,0,5,10,0,15,0,0,2,0,2,0,5,12,0,17,0,0,0,17
11/29/2019,STP,MN,AGL,CE,Towers with Radar,0,9,25,0,34,0,0,0,0,0,0,9,25,0,34,0,0,0,34
11/30/2019,STP,MN,AGL,CE,Towers with Radar,0,5,4,0,9,0,0,0,0,0,0,5,4,0,9,0,0,0,9
12/01/2019,STP,MN,AGL,CE,Towers with Radar,0,12,30,0,42,0,0,0,0,0,0,12,30,0,42,0,0,0,42
12/02/2019,STP,MN,AGL,CE,Towers with Radar,1,8,54,0,63,0,1,32,0,33,1,9,86,0,96,76,0,76,172
12/03/2019,STP,MN,AGL,CE,Towers with Radar,0,16,51,2,69,0,0,18,0,18,0,16,69,2,87,22,0,22,109
12/04/2019,STP,MN,AGL,CE,Towers with Radar,0,21,51,2,74,0,3,22,1,26,0,24,73,3,100,38,2,40,140
12/05/2019,STP,MN,AGL,CE,Towers with Radar,0,18,45,0,63,0,1,22,2,25,0,19,67,2,88,40,0,40,128
12/06/2019,STP,MN,AGL,CE,Towers with Radar,0,10,57,0,67,0,0,21,2,23,0,10,78,2,90,62,0,62,152
12/07/2019,STP,MN,AGL,CE,Towers with Radar,0,4,36,0,40,0,1,31,0,32,0,5,67,0,72,42,0,42,114
12/08/2019,STP,MN,AGL,CE,Towers with Radar,0,15,65,0,80,0,0,3,0,3,0,15,68,0,83,2,0,2,85
12/09/2019,STP,MN,AGL,CE,Towers with Radar,0,17,25,0,42,0,0,1,0,1,0,17,26,0,43,0,0,0,43
12/10/2019,STP,MN,AGL,CE,Towers with Radar,0,34,47,0,81,0,2,5,0,7,0,36,52,0,88,8,0,8,96
12/11/2019,STP,MN,AGL,CE,Towers with Radar,0,16,55,0,71,0,2,17,0,19,0,18,72,0,90,28,0,28,118
12/12/2019,STP,MN,AGL,CE,Towers with Radar,0,7,29,0,36,0,0,1,0,1,0,7,30,0,37,0,0,0,37
12/13/2019,STP,MN,AGL,CE,Towers with Radar,0,11,43,0,54,0,0,0,0,0,0,11,43,0,54,0,0,0,54
12/14/2019,STP,MN,AGL,CE,Towers with Radar,0,12,13,0,25,0,0,39,0,39,0,12,52,0,64,0,0,0,64
12/15/2019,STP,MN,AGL,CE,Towers with Radar,0,7,29,0,36,0,0,25,1,26,0,7,54,1,62,22,0,22,84
12/16/2019,STP,MN,AGL,CE,Towers with Radar,0,9,49,0,58,0,2,14,3,19,0,11,63,3,77,44,0,44,121
12/17/2019,STP,MN,AGL,CE,Towers with Radar,0,13,60,6,79,0,0,23,0,23,0,13,83,6,102,70,0,70,172
12/18/2019,STP,MN,AGL,CE,Towers with Radar,0,9,63,0,72,0,6,13,0,19,0,15,76,0,91,22,0,22,113
12/19/2019,STP,MN,AGL,CE,Towers with Radar,0,15,75,2,92,0,1,26,1,28,0,16,101,3,120,66,0,66,186
12/20/2019,STP,MN,AGL,CE,Towers with Radar,0,11,34,2,47,0,4,18,0,22,0,15,52,2,69,74,0,74,143
12/21/2019,STP,MN,AGL,CE,Towers with Radar,0,12,34,0,46,0,0,42,0,42,0,12,76,0,88,8,0,8,96
12/22/2019,STP,MN,AGL,CE,Towers with Radar,0,14,31,0,45,0,0,24,0,24,0,14,55,0,69,46,0,46,115
12/23/2019,STP,MN,AGL,CE,Towers with Radar,0,5,76,0,81,0,4,31,0,35,0,9,107,0,116,76,0,76,192
12/24/2019,STP,MN,AGL,CE,Towers with Radar,0,2,15,0,17,0,0,0,0,0,0,2,15,0,17,0,0,0,17
12/25/2019,STP,MN,AGL,CE,Towers with Radar,0,6,8,0,14,0,0,0,0,0,0,6,8,0,14,0,0,0,14
12/26/2019,STP,MN,AGL,CE,Towers with Radar,0,22,27,0,49,0,2,1,2,5,0,24,28,2,54,36,0,36,90
12/27/2019,STP,MN,AGL,CE,Towers with Radar,0,13,45,0,58,0,0,41,0,41,0,13,86,0,99,38,0,38,137
12/28/2019,STP,MN,AGL,CE,Towers with Radar,0,7,10,0,17,0,0,0,0,0,0,7,10,0,17,0,0,0,17
12/29/2019,STP,MN,AGL,CE,Towers with Radar,0,5,25,0,30,0,0,0,0,0,0,5,25,0,30,0,0,0,30
12/30/2019,STP,MN,AGL,CE,Towers with Radar,0,6,17,0,23,0,0,0,0,0,0,6,17,0,23,0,0,0,23
12/31/2019,STP,MN,AGL,CE,Towers with Radar,0,9,25,0,34,0,0,9,0,9,0,9,34,0,43,8,0,8,51
01/01/2020,STP,MN,AGL,CE,Towers with Radar,0,10,18,0,28,0,1,17,0,18,0,11,35,0,46,8,0,8,54
01/02/2020,STP,MN,AGL,CE,Towers with Radar,0,5,20,0,25,0,5,18,7,30,0,10,38,7,55,40,66,106,161
01/03/2020,STP,MN,AGL,CE,Towers with Radar,0,8,8,0,16,0,0,4,0,4,0,8,12,0,20,20,0,20,40
01/04/2020,STP,MN,AGL,CE,Towers with Radar,0,13,18,0,31,0,1,67,0,68,0,14,85,0,99,40,0,40,139
01/05/2020,STP,MN,AGL,CE,Towers with Radar,0,11,23,0,34,0,0,7,0,7,0,11,30,0,41,2,0,2,43
01/06/2020,STP,MN,AGL,CE,Towers with Radar,0,12,45,0,57,0,5,27,0,32,0,17,72,0,89,22,0,22,111
01/07/2020,STP,MN,AGL,CE,Towers with Radar,0,8,35,2,45,0,0,13,7,20,0,8,48,9,65,16,8,24,89
01/08/2020,STP,MN,AGL,CE,Towers with Radar,0,8,53,1,62,0,3,19,2,24,0,11,72,3,86,12,6,18,104
01/09/2020,STP,MN,AGL,CE,Towers with Radar,0,6,41,0,47,0,1,8,0,9,0,7,49,0,56,52,0,52,108
01/10/2020,STP,MN,AGL,CE,Towers with Radar,0,7,26,2,35,0,0,23,1,24,0,7,49,3,59,56,0,56,115
01/11/2020,STP,MN,AGL,CE,Towers with Radar,0,7,16,0,23,0,0,43,0,43,0,7,59,0,66,16,0,16,82
01/12/2020,STP,MN,AGL,CE,Towers with Radar,0,9,32,0,41,0,2,11,0,13,0,11,43,0,54,0,0,0,54
01/13/2020,STP,MN,AGL,CE,Towers with Radar,0,11,25,2,38,0,2,3,5,10,0,13,28,7,48,0,6,6,54
01/14/2020,STP,MN,AGL,CE,Towers with Radar,0,14,37,0,51,0,3,14,4,21,0,17,51,4,72,4,0,4,76
01/15/2020,STP,MN,AGL,CE,Towers with Radar,0,9,29,3,41,0,0,3,4,7,0,9,32,7,48,4,20,24,72
01/16/2020,STP,MN,AGL,CE,Towers with Radar,0,13,58,0,71,0,8,12,2,22,0,21,70,2,93,12,0,12,105
01/17/2020,STP,MN,AGL,CE,Towers with Radar,0,6,21,0,27,0,0,4,2,6,0,6,25,2,33,14,0,14,47
01/18/2020,STP,MN,AGL,CE,Towers with Radar,0,3,7,0,10,0,0,0,0,0,0,3,7,0,10,0,0,0,10
01/19/2020,STP,MN,AGL,CE,Towers with Radar,0,9,11,0,20,0,0,2,0,2,0,9,13,0,22,14,0,14,36
01/20/2020,STP,MN,AGL,CE,Towers with Radar,0,14,38,0,52,0,2,15,0,17,0,16,53,0,69,32,0,32,101
01/21/2020,STP,MN,AGL,CE,Towers with Radar,0,8,47,0,55,0,0,15,0,15,0,8,62,0,70,0,0,0,70
01/22/2020,STP,MN,AGL,CE,Towers with Radar,0,10,35,0,45,0,0,0,0,0,0,10,35,0,45,2,0,2,47
01/23/2020,STP,MN,AGL,CE,Towers with Radar,0,7,37,0,44,0,1,0,0,1,0,8,37,0,45,0,0,0,45
01/24/2020,STP,MN,AGL,CE,Towers with Radar,0,8,36,0,44,0,0,0,0,0,0,8,36,0,44,0,0,0,44
01/25/2020,STP,MN,AGL,CE,Towers with Radar,0,4,5,0,9,0,0,10,0,10,0,4,15,0,19,18,0,18,37
01/26/2020,STP,MN,AGL,CE,Towers with Radar,0,5,20,0,25,0,0,2,0,2,0,5,22,0,27,2,0,2,29
01/27/2020,STP,MN,AGL,CE,Towers with Radar,0,6,24,0,30,0,0,0,0,0,0,6,24,0,30,0,0,0,30
01/28/2020,STP,MN,AGL,CE,Towers with Radar,0,17,36,2,55,0,2,7,0,9,0,19,43,2,64,0,16,16,80
01/29/2020,STP,MN,AGL,CE,Towers with Radar,0,18,38,0,56,0,3,1,2,6,0,21,39,2,62,4,20,24,86
01/30/2020,STP,MN,AGL,CE,Towers with Radar,0,15,46,0,61,0,0,0,0,0,0,15,46,0,61,0,0,0,61
01/31/2020,STP,MN,AGL,CE,Towers with Radar,0,18,40,0,58,0,0,2,0,2,0,18,42,0,60,6,0,6,66
02/01/2020,STP,MN,AGL,CE,Towers with Radar,0,12,42,0,54,0,5,37,0,42,0,17,79,0,96,28,0,28,124
02/02/2020,STP,MN,AGL,CE,Towers with Radar,0,6,31,0,37,0,0,7,0,7,0,6,38,0,44,14,0,14,58
02/03/2020,STP,MN,AGL,CE,Towers with Radar,0,16,32,0,48,0,0,26,0,26,0,16,58,0,74,36,0,36,110
02/04/2020,STP,MN,AGL,CE,Towers with Radar,0,12,62,12,86,0,0,21,0,21,0,12,83,12,107,22,0,22,129
02/05/2020,STP,MN,AGL,CE,Towers with Radar,0,9,45,4,58,0,4,24,5,33,0,13,69,9,91,52,4,56,147
02/06/2020,STP,MN,AGL,CE,Towers with Radar,0,6,51,2,59,0,0,22,0,22,0,6,73,2,81,24,0,24,105
02/07/2020,STP,MN,AGL,CE,Towers with Radar,0,11,26,0,37,0,0,13,0,13,0,11,39,0,50,0,0,0,50
02/08/2020,STP,MN,AGL,CE,Towers with Radar,0,3,31,0,34,0,4,35,4,43,0,7,66,4,77,48,6,54,131
02/09/2020,STP,MN,AGL,CE,Towers with Radar,0,11,21,0,32,0,0,2,0,2,0,11,23,0,34,0,0,0,34
02/10/2020,STP,MN,AGL,CE,Towers with Radar,0,9,27,0,36,0,0,9,0,9,0,9,36,0,45,8,0,8,53
02/11/2020,STP,MN,AGL,CE,Towers with Radar,0,18,73,1,92,0,3,16,2,21,0,21,89,3,113,0,0,0,113
02/12/2020,STP,MN,AGL,CE,Towers with Radar,0,13,32,0,45,0,1,6,4,11,0,14,38,4,56,8,0,8,64
02/13/2020,STP,MN,AGL,CE,Towers with Radar,0,19,43,0,62,0,2,7,6,15,0,21,50,6,77,0,2,2,79
02/14/2020,STP,MN,AGL,CE,Towers with Radar,0,15,46,2,63,0,0,56,0,56,0,15,102,2,119,10,0,10,129
02/15/2020,STP,MN,AGL,CE,Towers with Radar,0,12,30,0,42,0,1,33,0,34,0,13,63,0,76,62,0,62,138
02/16/2020,STP,MN,AGL,CE,Towers with Radar,0,12,28,0,40,0,1,25,0,26,0,13,53,0,66,34,0,34,100
02/17/2020,STP,MN,AGL,CE,Towers with Radar,0,4,43,0,47,0,0,6,4,10,0,4,49,4,57,6,0,6,63
02/18/2020,STP,MN,AGL,CE,Towers with Radar,0,12,28,2,42,0,2,11,6,19,0,14,39,8,61,14,0,14,75
02/19/2020,STP,MN,AGL,CE,Towers with Radar,0,9,55,0,64,0,1,16,2,19,0,10,71,2,83,28,12,40,123
02/20/2020,STP,MN,AGL,CE,Towers with Radar,0,4,56,3,63,0,1,27,2,30,0,5,83,5,93,6,0,6,99
02/21/2020,STP,MN,AGL,CE,Towers with Radar,0,13,58,0,71,0,4,36,0,40,0,17,94,0,111,40,0,40,151
02/22/2020,STP,MN,AGL,CE,Towers with Radar,0,11,18,0,29,0,24,46,4,74,0,35,64,4,103,18,0,18,121
02/23/2020,STP,MN,AGL,CE,Towers with Radar,0,11,46,0,57,0,7,38,0,45,0,18,84,0,102,38,0,38,140
02/24/2020,STP,MN,AGL,CE,Towers with Radar,0,10,37,2,49,0,2,21,0,23,0,12,58,2,72,22,0,22,94
02/25/2020,STP,MN,AGL,CE,Towers with Radar,0,16,38,0,54,0,0,20,2,22,0,16,58,2,76,22,0,22,98
02/26/2020,STP,MN,AGL,CE,Towers with Radar,0,10,48,0,58,0,2,23,2,27,0,12,71,2,85,16,12,28,113
02/27/2020,STP,MN,AGL,CE,Towers with Radar,0,14,43,0,57,0,0,18,0,18,0,14,61,0,75,30,0,30,105
02/28/2020,STP,MN,AGL,CE,Towers with Radar,0,15,44,0,59,0,0,26,2,28,0,15,70,2,87,36,0,36,123
02/29/2020,STP,MN,AGL,CE,Towers with Radar,0,12,23,0,35,0,0,32,0,32,0,12,55,0,67,44,0,44,111
03/01/2020,STP,MN,AGL,CE,Towers with Radar,0,6,34,0,40,0,0,36,0,36,0,6,70,0,76,6,0,6,82
03/02/2020,STP,MN,AGL,CE,Towers with Radar,0,13,47,0,60,0,0,27,1,28,0,13,74,1,88,42,0,42,130
03/03/2020,STP,MN,AGL,CE,Towers with Radar,0,9,65,2,76,0,2,15,1,18,0,11,80,3,94,14,0,14,108
03/04/2020,STP,MN,AGL,CE,Towers with Radar,0,7,56,0,63,0,2,23,0,25,0,9,79,0,88,16,0,16,104
03/05/2020,STP,MN,AGL,CE,Towers with Radar,0,20,41,4,65,0,2,4,2,8,0,22,45,6,73,0,4,4,77
03/06/2020,STP,MN,AGL,CE,Towers with Radar,0,8,43,2,53,0,7,44,3,54,0,15,87,5,107,56,0,56,163
03/07/2020,STP,MN,AGL,CE,Towers with Radar,0,6,34,0,40,0,9,45,0,54,0,15,79,0,94,12,0,12,106
03/08/2020,STP,MN,AGL,CE,Towers with Radar,0,8,28,0,36,0,1,18,0,19,0,9,46,0,55,2,0,2,57
03/09/2020,STP,MN,AGL,CE,Towers with Radar,0,18,46,0,64,0,1,17,0,18,0,19,63,0,82,22,0,22,104
03/10/2020,STP,MN,AGL,CE,Towers with Radar,0,6,50,0,56,0,3,27,4,34,0,9,77,4,90,0,0,0,90
03/11/2020,STP,MN,AGL,CE,Towers with Radar,0,16,56,2,74,0,3,24,2,29,0,19,80,4,103,24,0,24,127
03/12/2020,STP,MN,AGL,CE,Towers with Radar,0,9,35,0,44,0,0,1,0,1,0,9,36,0,45,0,0,0,45
03/13/2020,STP,MN,AGL,CE,Towers with Radar,0,10,31,1,42,0,2,27,0,29,0,12,58,1,71,6,0,6,77
03/14/2020,STP,MN,AGL,CE,Towers with Radar,0,8,20,0,28,0,1,30,0,31,0,9,50,0,59,14,0,14,73
03/15/2020,STP,MN,AGL,CE,Towers with Radar,0,12,26,1,39,0,2,39,0,41,0,14,65,1,80,70,0,70,150
03/16/2020,STP,MN,AGL,CE,Towers with Radar,0,10,26,0,36,0,0,2,0,2,0,10,28,0,38,0,0,0,38
03/17/2020,STP,MN,AGL,CE,Towers with Radar,0,3,18,0,21,0,0,10,0,10,0,3,28,0,31,18,0,18,49
03/18/2020,STP,MN,AGL,CE,Towers with Radar,0,13,21,0,34,0,0,1,0,1,0,13,22,0,35,0,0,0,35
03/19/2020,STP,MN,AGL,CE,Towers with Radar,0,4,21,0,25,0,0,0,0,0,0,4,21,0,25,0,0,0,25
03/20/2020,STP,MN,AGL,CE,Towers with Radar,0,7,20,0,27,0,0,25,0,25,0,7,45,0,52,28,0,28,80
03/21/2020,STP,MN,AGL,CE,Towers with Radar,0,2,14,0,16,0,0,13,0,13,0,2,27,0,29,28,0,28,57
03/22/2020,STP,MN,AGL,CE,Towers with Radar,0,10,10,0,20,0,0,10,0,10,0,10,20,0,30,2,0,2,32
03/23/2020,STP,MN,AGL,CE,Towers with Radar,0,2,13,0,15,0,5,5,0,10,0,7,18,0,25,26,0,26,51
03/24/2020,STP,MN,AGL,CE,Towers with Radar,0,9,23,2,34,0,0,5,5,10,0,9,28,7,44,6,0,6,50
03/25/2020,STP,MN,AGL,CE,Towers with Radar,0,7,11,0,18,0,0,1,0,1,0,7,12,0,19,0,0,0,19
03/26/2020,STP,MN,AGL,CE,Towers with Radar,0,3,22,2,27,0,0,15,7,22,0,3,37,9,49,44,6,50,99
03/27/2020,STP,MN,AGL,CE,Towers with Radar,0,4,21,2,27,0,2,28,2,32,0,6,49,4,59,35,0,35,94
03/28/2020,STP,MN,AGL,CE,Towers with Radar,0,5,1,0,6,0,0,0,0,0,0,5,1,0,6,0,0,0,6
03/29/2020,STP,MN,AGL,CE,Towers with Radar,0,3,5,0,8,0,0,4,0,4,0,3,9,0,12,0,0,0,12
03/30/2020,STP,MN,AGL,CE,Towers with Radar,0,2,9,0,11,0,1,28,2,31,0,3,37,2,42,56,0,56,98
03/31/2020,STP,MN,AGL,CE,Towers with Radar,0,3,14,2,19,0,0,21,4,25,0,3,35,6,44,26,0,26,70
04/01/2020,STP,MN,AGL,CE,Towers with Radar,0,3,14,0,17,0,0,7,2,9,0,3,21,2,26,10,0,10,36
04/02/2020,STP,MN,AGL,CE,Towers with Radar,0,2,7,2,11,0,0,6,3,9,0,2,13,5,20,10,10,20,40
04/03/2020,STP,MN,AGL,CE,Towers with Radar,0,7,7,0,14,0,0,0,0,0,0,7,7,0,14,0,0,0,14
04/04/2020,STP,MN,AGL,CE,Towers with Radar,0,5,7,2,14,0,0,25,0,25,0,5,32,2,39,52,0,52,91
04/05/2020,STP,MN,AGL,CE,Towers with Radar,0,4,14,0,18,0,3,12,0,15,0,7,26,0,33,10,0,10,43
04/06/2020,STP,MN,AGL,CE,Towers with Radar,0,1,12,0,13,0,1,6,7,14,0,2,18,7,27,22,22,44,71
04/07/2020,STP,MN,AGL,CE,Towers with Radar,0,8,9,2,19,0,2,7,5,14,0,10,16,7,33,26,18,44,77
04/08/2020,STP,MN,AGL,CE,Towers with Radar,0,2,21,0,23,0,0,17,11,28,0,2,38,11,51,36,14,50,101
04/09/2020,STP,MN,AGL,CE,Towers with Radar,0,2,9,0,11,0,1,5,5,11,0,3,14,5,22,0,0,0,22
04/10/2020,STP,MN,AGL,CE,Towers with Radar,0,7,12,0,19,0,0,22,2,24,0,7,34,2,43,64,0,64,107
04/11/2020,STP,MN,AGL,CE,Towers with Radar,0,0,5,0,5,0,0,30,0,30,0,0,35,0,35,36,0,36,71
04/12/2020,STP,MN,AGL,CE,Towers with Radar,0,0,3,0,3,0,0,0,0,0,0,0,3,0,3,0,0,0,3
04/13/2020,STP,MN,AGL,CE,Towers with Radar,0,1,9,0,10,0,1,4,0,5,0,2,13,0,15,18,0,18,33
04/14/2020,STP,MN,AGL,CE,Towers with Radar,0,6,15,6,27,0,1,5,0,6,0,7,20,6,33,2,0,2,35
04/15/2020,STP,MN,AGL,CE,Towers with Radar,0,0,10,6,16,0,0,3,2,5,0,0,13,8,21,0,0,0,21
04/16/2020,STP,MN,AGL,CE,Towers with Radar,0,6,20,2,28,0,0,21,8,29,0,6,41,10,57,24,14,38,95
04/17/2020,STP,MN,AGL,CE,Towers with Radar,0,2,9,0,11,0,1,30,2,33,0,3,39,2,44,26,0,26,70
04/18/2020,STP,MN,AGL,CE,Towers with Radar,0,1,10,0,11,0,0,22,2,24,0,1,32,2,35,30,0,30,65
04/19/2020,STP,MN,AGL,CE,Towers with Radar,0,5,9,0,14,0,0,20,0,20,0,5,29,0,34,18,0,18,52
04/20/2020,STP,MN,AGL,CE,Towers with Radar,0,2,10,0,12,0,0,12,0,12,0,2,22,0,24,26,0,26,50
04/21/2020,STP,MN,AGL,CE,Towers with Radar,0,0,12,3,15,0,0,19,8,27,0,0,31,11,42,28,12,40,82
04/22/2020,STP,MN,AGL,CE,Towers with Radar,0,7,15,2,24,0,0,25,2,27,0,7,40,4,51,30,2,32,83
04/23/2020,STP,MN,AGL,CE,Towers with Radar,0,1,8,0,9,0,3,18,7,28,0,4,26,7,37,2,0,2,39
04/24/2020,STP,MN,AGL,CE,Towers with Radar,0,4,13,0,17,0,0,16,0,16,0,4,29,0,33,26,0,26,59
04/25/2020,STP,MN,AGL,CE,Towers with Radar,0,5,23,0,28,0,2,13,0,15,0,7,36,0,43,10,0,10,53
04/26/2020,STP,MN,AGL,CE,Towers with Radar,0,2,11,0,13,0,0,14,0,14,0,2,25,0,27,36,0,36,63
04/27/2020,STP,MN,AGL,CE,Towers with Radar,0,4,21,2,27,0,0,15,0,15,0,4,36,2,42,10,0,10,52
04/28/2020,STP,MN,AGL,CE,Towers with Radar,0,2,10,0,12,0,0,2,0,2,0,2,12,0,14,0,0,0,14
04/29/2020,STP,MN,AGL,CE,Towers with Radar,0,4,22,0,26,0,3,13,8,24,0,7,35,8,50,4,0,4,54
04/30/2020,STP,MN,AGL,CE,Towers with Radar,0,4,28,0,32,0,0,52,2,54,0,4,80,2,86,38,0,38,124
05/01/2020,STP,MN,AGL,CE,Towers with Radar,0,4,14,0,18,0,1,26,0,27,0,5,40,0,45,30,0,30,75
05/02/2020,STP,MN,AGL,CE,Towers with Radar,0,4,15,0,19,0,2,7,2,11,0,6,22,2,30,4,0,4,34
05/03/2020,STP,MN,AGL,CE,Towers with Radar,0,8,12,0,20,0,1,21,0,22,0,9,33,0,42,10,0,10,52
05/04/2020,STP,MN,AGL,CE,Towers with Radar,0,3,14,0,17,0,0,15,4,19,0,3,29,4,36,46,0,46,82
05/05/2020,STP,MN,AGL,CE,Towers with Radar,0,2,13,0,15,0,0,25,4,29,0,2,38,4,44,28,0,28,72
05/06/2020,STP,MN,AGL,CE,Towers with Radar,0,1,25,0,26,0,0,12,9,21,0,1,37,9,47,0,0,0,47
05/07/2020,STP,MN,AGL,CE,Towers with Radar,0,5,25,0,30,0,0,10,0,10,0,5,35,0,40,10,0,10,50
05/08/2020,STP,MN,AGL,CE,Towers with Radar,0,5,22,1,28,0,2,17,4,23,0,7,39,5,51,6,16,22,73
05/09/2020,STP,MN,AGL,CE,Towers with Radar,0,7,14,0,21,0,0,10,0,10,0,7,24,0,31,34,0,34,65
05/10/2020,STP,MN,AGL,CE,Towers with Radar,0,2,10,0,12,0,1,7,0,8,0,3,17,0,20,0,0,0,20
05/11/2020,STP,MN,AGL,CE,Towers with Radar,0,3,19,2,24,0,0,24,0,24,0,3,43,2,48,0,0,0,48
05/12/2020,STP,MN,AGL,CE,Towers with Radar,0,1,10,0,11,0,0,20,1,21,0,1,30,1,32,28,0,28,60
05/13/2020,STP,MN,AGL,CE,Towers with Radar,0,3,19,1,23,0,0,8,0,8,0,3,27,1,31,14,0,14,45
05/14/2020,STP,MN,AGL,CE,Towers with Radar,0,6,22,4,32,0,0,24,1,25,0,6,46,5,57,32,0,32,89
05/15/2020,STP,MN,AGL,CE,Towers with Radar,0,6,17,0,23,0,2,29,0,31,0,8,46,0,54,10,0,10,64
05/16/2020,STP,MN,AGL,CE,Towers with Radar,0,4,11,0,15,0,3,25,0,28,0,7,36,0,43,58,0,58,101
05/17/2020,STP,MN,AGL,CE,Towers with Radar,0,4,6,0,10,0,1,1,0,2,0,5,7,0,12,0,0,0,12
05/18/2020,STP,MN,AGL,CE,Towers with Radar,0,8,13,0,21,0,0,12,0,12,0,8,25,0,33,54,0,54,87
05/19/2020,STP,MN,AGL,CE,Towers with Radar,0,6,15,6,27,0,1,13,4,18,0,7,28,10,45,6,0,6,51
05/20/2020,STP,MN,AGL,CE,Towers with Radar,0,8,32,1,41,0,2,19,3,24,0,10,51,4,65,2,0,2,67
05/21/2020,STP,MN,AGL,CE,Towers with Radar,0,7,34,0,41,0,0,18,2,20,0,7,52,2,61,10,0,10,71
05/22/2020,STP,MN,AGL,CE,Towers with Radar,0,7,21,2,30,0,1,16,1,18,0,8,37,3,48,20,0,20,68
05/23/2020,STP,MN,AGL,CE,Towers with Radar,0,6,14,0,20,0,1,4,0,5,0,7,18,0,25,24,0,24,49
05/24/2020,STP,MN,AGL,CE,Towers with Radar,0,6,17,0,23,0,0,4,0,4,0,6,21,0,27,0,0,0,27
05/25/2020,STP,MN,AGL,CE,Towers with Radar,0,5,26,0,31,0,0,6,0,6,0,5,32,0,37,10,0,10,47
05/26/2020,STP,MN,AGL,CE,Towers with Radar,0,9,27,0,36,0,0,8,2,10,0,9,35,2,46,42,0,42,88
05/27/2020,STP,MN,AGL,CE,Towers with Radar,0,11,19,2,32,0,2,6,5,13,0,13,25,7,45,8,2,10,55
05/28/2020,STP,MN,AGL,CE,Towers with Radar,0,8,26,0,34,0,0,26,8,34,0,8,52,8,68,40,0,40,108
05/29/2020,STP,MN,AGL,CE,Towers with Radar,0,5,39,0,44,0,6,18,7,31,0,11,57,7,75,22,0,22,97
05/30/2020,STP,MN,AGL,CE,Towers with Radar,0,6,15,0,21,0,2,22,7,31,0,8,37,7,52,24,0,24,76
05/31/2020,STP,MN,AGL,CE,Towers with Radar,0,4,27,0,31,0,1,24,14,39,0,5,51,14,70,8,0,8,78
06/01/2020,STP,MN,AGL,CE,Towers with Radar,0,12,48,3,63,0,0,16,9,25,0,12,64,12,88,12,0,12,100
06/02/2020,STP,MN,AGL,CE,Towers with Radar,0,6,16,0,22,0,2,14,2,18,0,8,30,2,40,8,0,8,48
06/03/2020,STP,MN,AGL,CE,Towers with Radar,0,5,26,1,32,0,1,16,1,18,0,6,42,2,50,48,0,48,98
06/04/2020,STP,MN,AGL,CE,Towers with Radar,0,6,43,0,49,0,2,30,8,40,0,8,73,8,89,24,0,24,113
06/05/2020,STP,MN,AGL,CE,Towers with Radar,0,4,23,0,27,0,0,25,8,33,0,4,48,8,60,24,0,24,84
06/06/2020,STP,MN,AGL,CE,Towers with Radar,0,8,14,0,22,0,0,28,8,36,0,8,42,8,58,72,0,72,130
06/07/2020,STP,MN,AGL,CE,Towers with Radar,0,4,18,0,22,0,1,8,0,9,0,5,26,0,31,8,0,8,39
06/08/2020,STP,MN,AGL,CE,Towers with Radar,0,5,14,0,19,0,0,9,0,9,0,5,23,0,28,4,0,4,32
06/09/2020,STP,MN,AGL,CE,Towers with Radar,0,4,21,0,25,0,1,6,0,7,0,5,27,0,32,22,0,22,54
06/10/2020,STP,MN,AGL,CE,Towers with Radar,0,7,26,2,35,0,3,4,2,9,0,10,30,4,44,0,0,0,44
06/11/2020,STP,MN,AGL,CE,Towers with Radar,0,15,24,2,41,0,0,12,2,14,0,15,36,4,55,18,0,18,73
06/12/2020,STP,MN,AGL,CE,Towers with Radar,0,7,52,0,59,0,0,23,0,23,0,7,75,0,82,32,0,32,114
06/13/2020,STP,MN,AGL,CE,Towers with Radar,0,7,18,0,25,0,5,11,0,16,0,12,29,0,41,6,0,6,47
06/14/2020,STP,MN,AGL,CE,Towers with Radar,0,5,10,4,19,0,0,9,7,16,0,5,19,11,35,50,0,50,85
06/15/2020,STP,MN,AGL,CE,Towers with Radar,0,5,29,2,36,0,2,24,4,30,0,7,53,6,66,20,10,30,96
06/16/2020,STP,MN,AGL,CE,Towers with Radar,0,10,26,1,37,0,3,6,1,10,0,13,32,2,47,4,0,4,51
06/17/2020,STP,MN,AGL,CE,Towers with Radar,0,9,13,2,24,0,0,26,0,26,0,9,39,2,50,62,0,62,112
06/18/2020,STP,MN,AGL,CE,Towers with Radar,0,6,22,0,28,0,2,9,0,11,0,8,31,0,39,2,0,2,41
06/19/2020,STP,MN,AGL,CE,Towers with Radar,0,11,32,0,43,0,5,25,2,32,0,16,57,2,75,32,0,32,107
06/20/2020,STP,MN,AGL,CE,Towers with Radar,0,3,14,0,17,0,1,10,6,17,0,4,24,6,34,0,0,0,34
06/21/2020,STP,MN,AGL,CE,Towers with Radar,0,11,19,0,30,0,0,14,0,14,0,11,33,0,44,22,0,22,66
06/22/2020,STP,MN,AGL,CE,Towers with Radar,0,10,29,0,39,0,0,18,8,26,0,10,47,8,65,26,0,26,91
06/23/2020,STP,MN,AGL,CE,Towers with Radar,0,9,19,0,28,0,0,15,2,17,0,9,34,2,45,22,0,22,67
06/24/2020,STP,MN,AGL,CE,Towers with Radar,0,9,17,2,28,0,3,17,15,35,0,12,34,17,63,20,0,20,83
06/25/2020,STP,MN,AGL,CE,Towers with Radar,0,13,17,2,32,0,4,16,1,21,0,17,33,3,53,46,0,46,99
06/26/2020,STP,MN,AGL,CE,Towers with Radar,0,8,21,0,29,0,1,12,0,13,0,9,33,0,42,22,0,22,64
06/27/2020,STP,MN,AGL,CE,Towers with Radar,0,6,10,0,16,0,1,8,0,9,0,7,18,0,25,70,0,70,95
06/28/2020,STP,MN,AGL,CE,Towers with Radar,0,8,11,0,19,0,0,23,0,23,0,8,34,0,42,62,0,62,104
06/29/2020,STP,MN,AGL,CE,Towers with Radar,0,9,26,0,35,0,0,11,3,14,0,9,37,3,49,11,0,11,60
06/30/2020,STP,MN,AGL,CE,Towers with Radar,0,3,54,2,59,0,1,7,0,8,0,4,61,2,67,16,0,16,83
07/01/2020,STP,MN,AGL,CE,Towers with Radar,0,7,23,0,30,0,2,24,2,28,0,9,47,2,58,12,0,12,70
07/02/2020,STP,MN,AGL,CE,Towers with Radar,0,10,31,0,41,0,1,30,0,31,0,11,61,0,72,10,0,10,82
07/03/2020,STP,MN,AGL,CE,Towers with Radar,0,7,19,0,26,0,2,21,0,23,0,9,40,0,49,38,0,38,87
07/04/2020,STP,MN,AGL,CE,Towers with Radar,0,2,12,0,14,0,0,10,0,10,0,2,22,0,24,0,0,0,24
07/05/2020,STP,MN,AGL,CE,Towers with Radar,0,8,11,0,19,0,0,11,0,11,0,8,22,0,30,16,0,16,46
07/06/2020,STP,MN,AGL,CE,Towers with Radar,0,6,31,0,37,0,1,15,0,16,0,7,46,0,53,6,0,6,59
07/07/2020,STP,MN,AGL,CE,Towers with Radar,0,5,30,0,35,0,1,7,0,8,0,6,37,0,43,2,0,2,45
07/08/2020,STP,MN,AGL,CE,Towers with Radar,0,13,42,0,55,0,0,15,0,15,0,13,57,0,70,26,0,26,96
07/09/2020,STP,MN,AGL,CE,Towers with Radar,0,7,41,5,53,0,0,13,4,17,0,7,54,9,70,26,0,26,96
07/10/2020,STP,MN,AGL,CE,Towers with Radar,0,7,22,0,29,0,0,24,0,24,0,7,46,0,53,34,0,34,87
07/11/2020,STP,MN,AGL,CE,Towers with Radar,0,6,10,0,16,0,0,16,0,16,0,6,26,0,32,16,0,16,48
07/12/2020,STP,MN,AGL,CE,Towers with Radar,0,7,12,0,19,0,2,25,4,31,0,9,37,4,50,32,0,32,82
07/13/2020,STP,MN,AGL,CE,Towers with Radar,0,5,24,0,29,0,1,21,0,22,0,6,45,0,51,38,10,48,99
07/14/2020,STP,MN,AGL,CE,Towers with Radar,0,4,28,0,32,0,1,3,3,7,0,5,31,3,39,0,0,0,39
07/15/2020,STP,MN,AGL,CE,Towers with Radar,0,7,39,4,50,0,0,18,2,20,0,7,57,6,70,10,12,22,92
07/16/2020,STP,MN,AGL,CE,Towers with Radar,0,13,43,0,56,0,0,23,0,23,0,13,66,0,79,24,0,24,103
07/17/2020,STP,MN,AGL,CE,Towers with Radar,0,4,34,2,40,0,0,24,0,24,0,4,58,2,64,16,0,16,80
07/18/2020,STP,MN,AGL,CE,Towers with Radar,0,4,16,0,20,0,2,13,2,17,0,6,29,2,37,22,0,22,59
07/19/2020,STP,MN,AGL,CE,Towers with Radar,0,6,18,0,24,0,0,14,6,20,0,6,32,6,44,4,0,4,48
07/20/2020,STP,MN,AGL,CE,Towers with Radar,0,5,35,2,42,0,0,24,2,26,0,5,59,4,68,20,0,20,88
07/21/2020,STP,MN,AGL,CE,Towers with Radar,0,9,30,2,41,0,1,9,0,10,0,10,39,2,51,16,0,16,67
07/22/2020,STP,MN,AGL,CE,Towers with Radar,0,15,52,0,67,0,1,20,3,24,0,16,72,3,91,38,2,40,131
07/23/2020,STP,MN,AGL,CE,Towers with Radar,0,13,46,3,62,0,2,24,7,33,0,15,70,10,95,36,0,36,131
07/24/2020,STP,MN,AGL,CE,Towers with Radar,0,9,40,0,49,0,0,21,0,21,0,9,61,0,70,36,0,36,106
07/25/2020,STP,MN,AGL,CE,Towers with Radar,0,6,19,0,25,0,2,6,0,8,0,8,25,0,33,4,0,4,37
07/26/2020,STP,MN,AGL,CE,Towers with Radar,0,15,26,0,41,0,1,1,0,2,0,16,27,0,43,0,0,0,43
07/27/2020,STP,MN,AGL,CE,Towers with Radar,0,9,30,0,39,0,0,18,0,18,0,9,48,0,57,10,0,10,67
07/28/2020,STP,MN,AGL,CE,Towers with Radar,0,11,29,2,42,0,0,18,0,18,0,11,47,2,60,52,0,52,112
07/29/2020,STP,MN,AGL,CE,Towers with Radar,0,13,30,0,43,0,1,19,1,21,0,14,49,1,64,37,1,38,102
07/30/2020,STP,MN,AGL,CE,Towers with Radar,0,10,21,2,33,0,1,22,0,23,0,11,43,2,56,8,0,8,64
07/31/2020,STP,MN,AGL,CE,Towers with Radar,0,4,31,0,35,0,3,13,0,16,0,7,44,0,51,51,0,51,102
08/01/2020,STP,MN,AGL,CE,Towers with Radar,0,9,15,0,24,0,0,20,0,20,0,9,35,0,44,34,0,34,78
08/02/2020,STP,MN,AGL,CE,Towers with Radar,0,9,25,0,34,0,0,7,0,7,0,9,32,0,41,18,0,18,59
08/03/2020,STP,MN,AGL,CE,Towers with Radar,0,15,35,0,50,0,2,18,0,20,0,17,53,0,70,28,0,28,98
08/04/2020,STP,MN,AGL,CE,Towers with Radar,0,7,35,0,42,0,1,11,0,12,0,8,46,0,54,0,0,0,54
08/05/2020,STP,MN,AGL,CE,Towers with Radar,0,14,38,0,52,0,0,20,1,21,0,14,58,1,73,16,0,16,89
08/06/2020,STP,MN,AGL,CE,Towers with Radar,0,10,42,2,54,0,2,35,4,41,0,12,77,6,95,31,0,31,126
08/07/2020,STP,MN,AGL,CE,Towers with Radar,0,8,22,0,30,0,2,10,0,12,0,10,32,0,42,24,0,24,66
08/08/2020,STP,MN,AGL,CE,Towers with Radar,0,4,22,0,26,0,1,18,0,19,0,5,40,0,45,16,0,16,61
08/09/2020,STP,MN,AGL,CE,Towers with Radar,0,4,30,0,34,0,0,3,0,3,0,4,33,0,37,0,0,0,37
08/10/2020,STP,MN,AGL,CE,Towers with Radar,0,8,25,0,33,0,0,12,0,12,0,8,37,0,45,8,0,8,53
08/11/2020,STP,MN,AGL,CE,Towers with Radar,0,6,28,4,38,0,0,17,0,17,0,6,45,4,55,14,0,14,69
08/12/2020,STP,MN,AGL,CE,Towers with Radar,0,12,24,1,37,0,0,12,2,14,0,12,36,3,51,6,0,6,57
08/13/2020,STP,MN,AGL,CE,Towers with Radar,0,7,45,0,52,0,2,19,0,21,0,9,64,0,73,38,0,38,111
08/14/2020,STP,MN,AGL,CE,Towers with Radar,0,8,14,2,24,0,1,9,0,10,0,9,23,2,34,22,0,22,56
08/15/2020,STP,MN,AGL,CE,Towers with Radar,0,4,20,0,24,0,2,31,0,33,0,6,51,0,57,90,0,90,147
08/16/2020,STP,MN,AGL,CE,Towers with Radar,0,6,23,0,29,0,1,17,0,18,0,7,40,0,47,20,0,20,67
08/17/2020,STP,MN,AGL,CE,Towers with Radar,0,3,21,0,24,0,1,10,0,11,0,4,31,0,35,2,0,2,37
08/18/2020,STP,MN,AGL,CE,Towers with Radar,0,13,55,0,68,0,1,17,4,22,0,14,72,4,90,32,0,32,122
08/19/2020,STP,MN,AGL,CE,Towers with Radar,0,9,23,0,32,0,2,14,2,18,0,11,37,2,50,12,0,12,62
08/20/2020,STP,MN,AGL,CE,Towers with Radar,0,8,28,0,36,0,0,19,2,21,0,8,47,2,57,32,0,32,89
08/21/2020,STP,MN,AGL,CE,Towers with Radar,0,9,23,0,32,0,1,21,0,22,0,10,44,0,54,49,0,49,103
08/22/2020,STP,MN,AGL,CE,Towers with Radar,0,10,8,0,18,0,0,35,4,39,0,10,43,4,57,8,0,8,65
08/23/2020,STP,MN,AGL,CE,Towers with Radar,0,3,22,0,25,0,0,20,0,20,0,3,42,0,45,54,0,54,99
08/24/2020,STP,MN,AGL,CE,Towers with Radar,0,7,23,2,32,0,3,13,0,16,0,10,36,2,48,8,0,8,56
08/25/2020,STP,MN,AGL,CE,Towers with Radar,0,2,25,0,27,0,1,16,0,17,0,3,41,0,44,54,0,54,98
08/26/2020,STP,MN,AGL,CE,Towers with Radar,0,9,41,0,50,0,1,16,2,19,0,10,57,2,69,6,0,6,75
08/27/2020,STP,MN,AGL,CE,Towers with Radar,0,13,38,0,51,0,1,14,5,20,0,14,52,5,71,0,0,0,71
08/28/2020,STP,MN,AGL,CE,Towers with Radar,0,10,30,0,40,0,1,14,0,15,0,11,44,0,55,10,0,10,65
08/29/2020,STP,MN,AGL,CE,Towers with Radar,0,10,8,0,18,0,0,22,0,22,0,10,30,0,40,12,0,12,52
08/30/2020,STP,MN,AGL,CE,Towers with Radar,0,13,19,2,34,0,0,22,0,22,0,13,41,2,56,8,0,8,64
08/31/2020,STP,MN,AGL,CE,Towers with Radar,0,3,22,0,25,0,2,9,0,11,0,5,31,0,36,0,0,0,36
09/01/2020,STP,MN,AGL,CE,Towers with Radar,0,8,36,6,50,0,1,22,0,23,0,9,58,6,73,42,0,42,115
09/02/2020,STP,MN,AGL,CE,Towers with Radar,0,4,30,0,34,0,0,24,0,24,0,4,54,0,58,32,0,32,90
09/03/2020,STP,MN,AGL,CE,Towers with Radar,0,7,15,2,24,0,1,4,0,5,0,8,19,2,29,4,0,4,33
09/04/2020,STP,MN,AGL,CE,Towers with Radar,0,12,27,0,39,0,0,17,0,17,0,12,44,0,56,24,0,24,80
09/05/2020,STP,MN,AGL,CE,Towers with Radar,0,2,14,0,16,0,4,17,0,21,0,6,31,0,37,34,0,34,71
09/06/2020,STP,MN,AGL,CE,Towers with Radar,0,5,4,0,9,0,2,4,6,12,0,7,8,6,21,0,0,0,21
09/07/2020,STP,MN,AGL,CE,Towers with Radar,0,15,21,0,36,0,1,19,0,20,0,16,40,0,56,16,0,16,72
09/08/2020,STP,MN,AGL,CE,Towers with Radar,0,12,23,0,35,0,1,17,6,24,0,13,40,6,59,12,0,12,71
09/09/2020,STP,MN,AGL,CE,Towers with Radar,0,5,16,2,23,0,1,3,0,4,0,6,19,2,27,16,0,16,43
09/10/2020,STP,MN,AGL,CE,Towers with Radar,0,10,28,1,39,0,3,1,0,4,0,13,29,1,43,0,0,0,43
09/11/2020,STP,MN,AGL,CE,Towers with Radar,0,6,26,0,32,0,2,6,4,12,0,8,32,4,44,0,0,0,44
09/12/2020,STP,MN,AGL,CE,Towers with Radar,0,6,13,0,19,0,0,2,0,2,0,6,15,0,21,0,0,0,21
09/13/2020,STP,MN,AGL,CE,Towers with Radar,0,8,27,0,35,0,0,9,0,9,0,8,36,0,44,0,0,0,44
09/14/2020,STP,MN,AGL,CE,Towers with Radar,0,7,37,0,44,0,0,21,5,26,0,7,58,5,70,2,0,2,72
09/15/2020,STP,MN,AGL,CE,Towers with Radar,0,9,26,1,36,0,3,7,0,10,0,12,33,1,46,18,0,18,64
09/16/2020,STP,MN,AGL,CE,Towers with Radar,0,8,45,3,56,0,0,15,0,15,0,8,60,3,71,30,0,30,101
09/17/2020,STP,MN,AGL,CE,Towers with Radar,0,9,40,0,49,0,2,10,11,23,0,11,50,11,72,6,0,6,78
09/18/2020,STP,MN,AGL,CE,Towers with Radar,0,9,19,2,30,0,2,26,1,29,0,11,45,3,59,6,0,6,65
09/19/2020,STP,MN,AGL,CE,Towers with Radar,0,4,10,0,14,0,4,30,5,39,0,8,40,5,53,28,0,28,81
09/20/2020,STP,MN,AGL,CE,Towers with Radar,0,10,15,0,25,0,3,10,0,13,0,13,25,0,38,8,0,8,46
09/21/2020,STP,MN,AGL,CE,Towers with Radar,0,9,32,0,41,0,2,11,0,13,0,11,43,0,54,18,0,18,72
09/22/2020,STP,MN,AGL,CE,Towers with Radar,0,8,27,0,35,0,0,26,4,30,0,8,53,4,65,16,0,16,81
09/23/2020,STP,MN,AGL,CE,Towers with Radar,0,7,28,0,35,0,3,17,1,21,0,10,45,1,56,18,0,18,74
09/24/2020,STP,MN,AGL,CE,Towers with Radar,0,24,26,0,50,0,3,10,0,13,0,27,36,0,63,10,0,10,73
09/25/2020,STP,MN,AGL,CE,Towers with Radar,0,14,26,0,40,0,3,12,0,15,0,17,38,0,55,2,0,2,57
09/26/2020,STP,MN,AGL,CE,Towers with Radar,0,4,14,0,18,0,0,19,0,19,0,4,33,0,37,8,0,8,45
09/27/2020,STP,MN,AGL,CE,Towers with Radar,0,8,13,0,21,0,0,14,0,14,0,8,27,0,35,10,0,10,45
09/28/2020,STP,MN,AGL,CE,Towers with Radar,0,7,28,0,35,0,0,10,2,12,0,7,38,2,47,4,0,4,51
09/29/2020,STP,MN,AGL,CE,Towers with Radar,0,7,32,2,41,0,0,16,0,16,0,7,48,2,57,18,0,18,75
09/30/2020,STP,MN,AGL,CE,Towers with Radar,0,11,36,0,47,0,6,9,2,17,0,17,45,2,64,2,0,2,66
10/01/2020,STP,MN,AGL,CE,Towers with Radar,0,7,35,0,42,0,1,8,0,9,0,8,43,0,51,10,0,10,61
10/02/2020,STP,MN,AGL,CE,Towers with Radar,0,9,33,0,42,0,0,15,0,15,0,9,48,0,57,14,0,14,71
10/03/2020,STP,MN,AGL,CE,Towers with Radar,0,4,28,0,32,0,4,23,0,27,0,8,51,0,59,4,0,4,63
10/04/2020,STP,MN,AGL,CE,Towers with Radar,0,13,19,0,32,0,2,21,0,23,0,15,40,0,55,6,0,6,61
10/05/2020,STP,MN,AGL,CE,Towers with Radar,0,7,36,2,45,0,2,4,4,10,0,9,40,6,55,8,2,10,65
10/06/2020,STP,MN,AGL,CE,Towers with Radar,0,7,35,2,44,0,1,12,0,13,0,8,47,2,57,22,0,22,79
10/07/2020,STP,MN,AGL,CE,Towers with Radar,0,10,45,0,55,0,0,14,2,16,0,10,59,2,71,12,0,12,83
10/08/2020,STP,MN,AGL,CE,Towers with Radar,0,7,34,1,42,0,2,15,10,27,0,9,49,11,69,38,0,38,107
10/09/2020,STP,MN,AGL,CE,Towers with Radar,0,8,20,0,28,0,4,16,0,20,0,12,36,0,48,4,0,4,52
10/10/2020,STP,MN,AGL,CE,Towers with Radar,0,8,14,0,22,0,3,32,0,35,0,11,46,0,57,36,0,36,93
10/11/2020,STP,MN,AGL,CE,Towers with Radar,0,4,20,0,24,0,1,12,0,13,0,5,32,0,37,6,0,6,43
10/12/2020,STP,MN,AGL,CE,Towers with Radar,0,9,31,0,40,0,4,12,2,18,0,13,43,2,58,0,0,0,58
10/13/2020,STP,MN,AGL,CE,Towers with Radar,0,7,36,0,43,0,2,7,0,9,0,9,43,0,52,4,0,4,56
10/14/2020,STP,MN,AGL,CE,Towers with Radar,0,17,34,2,53,0,0,6,0,6,0,17,40,2,59,0,0,0,59
10/15/2020,STP,MN,AGL,CE,Towers with Radar,0,7,32,0,39,0,0,13,0,13,0,7,45,0,52,18,0,18,70
10/16/2020,STP,MN,AGL,CE,Towers with Radar,0,8,27,0,35,0,0,4,0,4,0,8,31,0,39,4,0,4,43
10/17/2020,STP,MN,AGL,CE,Towers with Radar,0,6,20,0,26,0,2,28,0,30,0,8,48,0,56,6,0,6,62
10/18/2020,STP,MN,AGL,CE,Towers with Radar,0,13,23,0,36,0,1,12,0,13,0,14,35,0,49,0,0,0,49
10/19/2020,STP,MN,AGL,CE,Towers with Radar,1,12,29,0,42,0,0,4,0,4,1,12,33,0,46,2,0,2,48
10/20/2020,STP,MN,AGL,CE,Towers with Radar,0,2,23,0,25,0,1,0,0,1,0,3,23,0,26,0,0,0,26
10/21/2020,STP,MN,AGL,CE,Towers with Radar,0,14,29,2,45,0,0,14,0,14,0,14,43,2,59,32,0,32,91
10/22/2020,STP,MN,AGL,CE,Towers with Radar,0,19,23,0,42,0,0,0,0,0,0,19,23,0,42,0,0,0,42
10/23/2020,STP,MN,AGL,CE,Towers with Radar,0,15,24,0,39,0,2,10,0,12,0,17,34,0,51,20,0,20,71
10/24/2020,STP,MN,AGL,CE,Towers with Radar,0,9,16,0,25,0,0,23,0,23,0,9,39,0,48,18,0,18,66
10/25/2020,STP,MN,AGL,CE,Towers with Radar,0,6,13,0,19,0,0,0,0,0,0,6,13,0,19,0,0,0,19
10/26/2020,STP,MN,AGL,CE,Towers with Radar,0,10,26,2,38,0,1,30,0,31,0,11,56,2,69,48,0,48,117
10/27/2020,STP,MN,AGL,CE,Towers with Radar,0,6,19,0,25,0,1,19,0,20,0,7,38,0,45,16,0,16,61
10/28/2020,STP,MN,AGL,CE,Towers with Radar,0,13,54,1,68,0,1,9,2,12,0,14,63,3,80,22,0,22,102
10/29/2020,STP,MN,AGL,CE,Towers with Radar,0,9,46,0,55,0,1,14,2,17,0,10,60,2,72,6,0,6,78
10/30/2020,STP,MN,AGL,CE,Towers with Radar,0,4,36,1,41,0,1,21,4,26,0,5,57,5,67,26,0,26,93
10/31/2020,STP,MN,AGL,CE,Towers with Radar,0,5,13,0,18,0,3,10,1,14,0,8,23,1,32,2,0,2,34
11/01/2020,STP,MN,AGL,CE,Towers with Radar,0,2,14,0,16,0,0,8,0,8,0,2,22,0,24,2,0,2,26
11/02/2020,STP,MN,AGL,CE,Towers with Radar,0,10,18,0,28,0,1,20,0,21,0,11,38,0,49,24,0,24,73
11/03/2020,STP,MN,AGL,CE,Towers with Radar,0,7,24,0,31,0,3,21,1,25,0,10,45,1,56,12,0,12,68
11/04/2020,STP,MN,AGL,CE,Towers with Radar,0,13,25,2,40,0,1,14,4,19,0,14,39,6,59,0,0,0,59
11/05/2020,STP,MN,AGL,CE,Towers with Radar,0,9,29,2,40,0,3,23,0,26,0,12,52,2,66,44,0,44,110
11/06/2020,STP,MN,AGL,CE,Towers with Radar,0,4,23,0,27,0,7,12,4,23,0,11,35,4,50,4,12,16,66
11/07/2020,STP,MN,AGL,CE,Towers with Radar,1,3,16,0,20,0,4,19,0,23,1,7,35,0,43,6,0,6,49
11/08/2020,STP,MN,AGL,CE,Towers with Radar,0,6,14,0,20,0,4,4,0,8,0,10,18,0,28,2,0,2,30
11/09/2020,STP,MN,AGL,CE,Towers with Radar,0,12,21,0,33,0,0,3,0,3,0,12,24,0,36,0,0,0,36
11/10/2020,STP,MN,AGL,CE,Towers with Radar,0,13,20,0,33,0,1,1,0,2,0,14,21,0,35,0,4,4,39
11/11/2020,STP,MN,AGL,CE,Towers with Radar,0,10,32,0,42,0,2,7,0,9,0,12,39,0,51,16,0,16,67
11/12/2020,STP,MN,AGL,CE,Towers with Radar,0,8,20,0,28,0,5,1,0,6,0,13,21,0,34,0,0,0,34
11/13/2020,STP,MN,AGL,CE,Towers with Radar,0,8,23,0,31,0,4,5,0,9,0,12,28,0,40,0,0,0,40
11/14/2020,STP,MN,AGL,CE,Towers with Radar,0,4,11,0,15,0,0,1,5,6,0,4,12,5,21,0,0,0,21
11/15/2020,STP,MN,AGL,CE,Towers with Radar,0,9,19,0,28,0,1,0,0,1,0,10,19,0,29,0,0,0,29
11/16/2020,STP,MN,AGL,CE,Towers with Radar,0,8,42,0,50,0,0,7,1,8,0,8,49,1,58,0,6,6,64
11/17/2020,STP,MN,AGL,CE,Towers with Radar,0,15,36,2,53,0,6,14,0,20,0,21,50,2,73,22,0,22,95
11/18/2020,STP,MN,AGL,CE,Towers with Radar,0,6,26,0,32,0,1,12,0,13,0,7,38,0,45,12,0,12,57
11/19/2020,STP,MN,AGL,CE,Towers with Radar,0,13,32,2,47,0,5,13,0,18,0,18,45,2,65,20,0,20,85
11/20/2020,STP,MN,AGL,CE,Towers with Radar,0,11,30,0,41,0,7,7,0,14,0,18,37,0,55,6,0,6,61
11/21/2020,STP,MN,AGL,CE,Towers with Radar,0,4,19,0,23,0,1,14,0,15,0,5,33,0,38,28,0,28,66
11/22/2020,STP,MN,AGL,CE,Towers with Radar,0,9,18,0,27,0,2,2,0,4,0,11,20,0,31,0,0,0,31
11/23/2020,STP,MN,AGL,CE,Towers with Radar,0,13,28,0,41,0,0,11,0,11,0,13,39,0,52,26,0,26,78
11/24/2020,STP,MN,AGL,CE,Towers with Radar,0,16,15,0,31,0,0,0,0,0,0,16,15,0,31,0,0,0,31
11/25/2020,STP,MN,AGL,CE,Towers with Radar,0,5,34,0,39,0,0,0,0,0,0,5,34,0,39,0,0,0,39
11/26/2020,STP,MN,AGL,CE,Towers with Radar,0,3,1,0,4,0,0,1,0,1,0,3,2,0,5,0,0,0,5
11/27/2020,STP,MN,AGL,CE,Towers with Radar,0,4,15,0,19,0,0,12,2,14,0,4,27,2,33,30,0,30,63
11/28/2020,STP,MN,AGL,CE,Towers with Radar,0,9,18,0,27,0,1,21,0,22,0,10,39,0,49,58,0,58,107
11/29/2020,STP,MN,AGL,CE,Towers with Radar,0,8,31,0,39,0,0,5,0,5,0,8,36,0,44,0,0,0,44
11/30/2020,STP,MN,AGL,CE,Towers with Radar,0,10,34,0,44,0,3,13,0,16,0,13,47,0,60,46,0,46,106
12/01/2020,STP,MN,AGL,CE,Towers with Radar,0,10,34,0,44,0,4,11,0,15,0,14,45,0,59,4,0,4,63
12/02/2020,STP,MN,AGL,CE,Towers with Radar,0,16,22,0,38,0,2,17,4,23,0,18,39,4,61,30,0,30,91
12/03/2020,STP,MN,AGL,CE,Towers with Radar,0,2,28,0,30,0,2,13,0,15,0,4,41,0,45,4,0,4,49
12/04/2020,STP,MN,AGL,CE,Towers with Radar,0,7,17,0,24,0,4,12,0,16,0,11,29,0,40,18,0,18,58
12/05/2020,STP,MN,AGL,CE,Towers with Radar,0,7,18,0,25,0,0,11,0,11,0,7,29,0,36,30,0,30,66
12/06/2020,STP,MN,AGL,CE,Towers with Radar,0,10,23,0,33,0,0,16,0,16,0,10,39,0,49,10,0,10,59
12/07/2020,STP,MN,AGL,CE,Towers with Radar,0,16,19,0,35,0,0,0,0,0,0,16,19,0,35,0,0,0,35
12/08/2020,STP,MN,AGL,CE,Towers with Radar,0,7,22,4,33,0,0,9,4,13,0,7,31,8,46,4,0,4,50
12/09/2020,STP,MN,AGL,CE,Towers with Radar,0,6,26,3,35,0,1,16,4,21,0,7,42,7,56,42,2,44,100
12/10/2020,STP,MN,AGL,CE,Towers with Radar,0,5,30,0,35,0,1,12,0,13,0,6,42,0,48,18,0,18,66
12/11/2020,STP,MN,AGL,CE,Towers with Radar,0,8,25,0,33,0,1,7,0,8,0,9,32,0,41,0,0,0,41
12/12/2020,STP,MN,AGL,CE,Towers with Radar,0,3,20,0,23,0,0,13,0,13,0,3,33,0,36,6,0,6,42
12/13/2020,STP,MN,AGL,CE,Towers with Radar,0,5,18,2,25,0,0,0,0,0,0,5,18,2,25,0,0,0,25
12/14/2020,STP,MN,AGL,CE,Towers with Radar,0,6,26,0,32,0,0,15,4,19,0,6,41,4,51,29,8,37,88
12/15/2020,STP,MN,AGL,CE,Towers with Radar,0,15,16,0,31,0,3,14,2,19,0,18,30,2,50,15,0,15,65
12/16/2020,STP,MN,AGL,CE,Towers with Radar,0,10,40,2,52,0,4,22,1,27,0,14,62,3,79,42,12,54,133
12/17/2020,STP,MN,AGL,CE,Towers with Radar,0,6,24,5,35,0,0,6,1,7,0,6,30,6,42,10,0,10,52
12/18/2020,STP,MN,AGL,CE,Towers with Radar,0,10,26,0,36,0,0,4,0,4,0,10,30,0,40,4,0,4,44
12/19/2020,STP,MN,AGL,CE,Towers with Radar,0,10,18,0,28,0,0,6,0,6,0,10,24,0,34,0,0,0,34
12/20/2020,STP,MN,AGL,CE,Towers with Radar,0,14,23,0,37,0,1,20,0,21,0,15,43,0,58,27,0,27,85
12/21/2020,STP,MN,AGL,CE,Towers with Radar,0,4,16,1,21,0,0,6,0,6,0,4,22,1,27,8,0,8,35
12/22/2020,STP,MN,AGL,CE,Towers with Radar,0,8,33,0,41,0,2,12,10,24,0,10,45,10,65,0,0,0,65
12/23/2020,STP,MN,AGL,CE,Towers with Radar,0,8,7,0,15,0,0,0,0,0,0,8,7,0,15,0,0,0,15
12/24/2020,STP,MN,AGL,CE,Towers with Radar,0,7,11,0,18,0,1,4,0,5,0,8,15,0,23,0,0,0,23
12/25/2020,STP,MN,AGL,CE,Towers with Radar,0,4,2,0,6,0,0,2,0,2,0,4,4,0,8,2,0,2,10
12/26/2020,STP,MN,AGL,CE,Towers with Radar,0,10,26,0,36,0,0,3,0,3,0,10,29,0,39,0,0,0,39
12/27/2020,STP,MN,AGL,CE,Towers with Radar,0,7,13,0,20,0,0,0,0,0,0,7,13,0,20,0,0,0,20
12/28/2020,STP,MN,AGL,CE,Towers with Radar,0,13,9,1,23,0,2,6,3,11,0,15,15,4,34,6,8,14,48
12/29/2020,STP,MN,AGL,CE,Towers with Radar,0,5,15,0,20,0,0,3,1,4,0,5,18,1,24,9,20,29,53
12/30/2020,STP,MN,AGL,CE,Towers with Radar,0,6,13,2,21,0,0,13,6,19,0,6,26,8,40,14,0,14,54
12/31/2020,STP,MN,AGL,CE,Towers with Radar,0,5,16,0,21,0,0,3,0,3,0,5,19,0,24,0,0,0,24
01/01/2021,STP,MN,AGL,CE,Towers with Radar,0,2,6,0,8,0,0,14,0,14,0,2,20,0,22,10,0,10,32
01/02/2021,STP,MN,AGL,CE,Towers with Radar,0,6,17,0,23,0,0,5,0,5,0,6,22,0,28,20,0,20,48
01/03/2021,STP,MN,AGL,CE,Towers with Radar,0,13,18,0,31,0,0,18,1,19,0,13,36,1,50,6,0,6,56
01/04/2021,STP,MN,AGL,CE,Towers with Radar,0,5,28,0,33,0,0,11,0,11,0,5,39,0,44,14,0,14,58
01/05/2021,STP,MN,AGL,CE,Towers with Radar,0,9,27,0,36,0,1,12,8,21,0,10,39,8,57,4,0,4,61
01/06/2021,STP,MN,AGL,CE,Towers with Radar,0,10,43,4,57,0,0,18,4,22,0,10,61,8,79,12,10,22,101
01/07/2021,STP,MN,AGL,CE,Towers with Radar,0,5,18,2,25,0,0,0,0,0,0,5,18,2,25,0,0,0,25
01/08/2021,STP,MN,AGL,CE,Towers with Radar,0,11,12,3,26,0,0,0,0,0,0,11,12,3,26,0,0,0,26
01/09/2021,STP,MN,AGL,CE,Towers with Radar,0,11,14,0,25,0,0,0,0,0,0,11,14,0,25,0,0,0,25
01/10/2021,STP,MN,AGL,CE,Towers with Radar,0,10,16,0,26,0,0,0,0,0,0,10,16,0,26,0,0,0,26
01/11/2021,STP,MN,AGL,CE,Towers with Radar,0,10,30,2,42,0,0,17,5,22,0,10,47,7,64,56,2,58,122
01/12/2021,STP,MN,AGL,CE,Towers with Radar,0,7,26,0,33,0,0,10,16,26,0,7,36,16,59,0,0,0,59
01/13/2021,STP,MN,AGL,CE,Towers with Radar,0,8,33,4,45,0,4,23,6,33,0,12,56,10,78,34,22,56,134
01/14/2021,STP,MN,AGL,CE,Towers with Radar,0,9,17,2,28,0,0,0,0,0,0,9,17,2,28,0,12,12,40
01/15/2021,STP,MN,AGL,CE,Towers with Radar,0,8,5,1,14,0,0,0,0,0,0,8,5,1,14,0,0,0,14
01/16/2021,STP,MN,AGL,CE,Towers with Radar,0,5,13,0,18,0,0,5,0,5,0,5,18,0,23,0,0,0,23
01/17/2021,STP,MN,AGL,CE,Towers with Radar,0,4,15,0,19,0,0,1,0,1,0,4,16,0,20,0,0,0,20
01/18/2021,STP,MN,AGL,CE,Towers with Radar,0,13,38,0,51,0,0,14,0,14,0,13,52,0,65,48,0,48,113
01/19/2021,STP,MN,AGL,CE,Towers with Radar,0,8,26,3,37,0,0,9,2,11,0,8,35,5,48,0,0,0,48
01/20/2021,STP,MN,AGL,CE,Towers with Radar,0,8,24,5,37,0,0,12,2,14,0,8,36,7,51,12,42,54,105
01/21/2021,STP,MN,AGL,CE,Towers with Radar,0,5,30,1,36,0,0,13,3,16,0,5,43,4,52,0,0,0,52
01/22/2021,STP,MN,AGL,CE,Towers with Radar,0,6,32,0,38,0,1,23,1,25,0,7,55,1,63,20,0,20,83
01/23/2021,STP,MN,AGL,CE,Towers with Radar,0,5,12,0,17,0,0,8,0,8,0,5,20,0,25,22,0,22,47
01/24/2021,STP,MN,AGL,CE,Towers with Radar,0,5,6,0,11,0,0,7,0,7,0,5,13,0,18,8,0,8,26
01/25/2021,STP,MN,AGL,CE,Towers with Radar,0,11,23,0,34,0,0,8,6,14,0,11,31,6,48,18,32,50,98
01/26/2021,STP,MN,AGL,CE,Towers with Radar,0,8,26,6,40,0,1,16,0,17,0,9,42,6,57,28,0,28,85
01/27/2021,STP,MN,AGL,CE,Towers with Radar,0,6,43,3,52,0,0,14,5,19,0,6,57,8,71,16,0,16,87
01/28/2021,STP,MN,AGL,CE,Towers with Radar,0,13,21,0,34,0,0,11,0,11,0,13,32,0,45,0,0,0,45
01/29/2021,STP,MN,AGL,CE,Towers with Radar,0,11,25,0,36,0,1,5,0,6,0,12,30,0,42,12,0,12,54
01/30/2021,STP,MN,AGL,CE,Towers with Radar,0,5,17,0,22,0,0,10,0,10,0,5,27,0,32,0,0,0,32
01/31/2021,STP,MN,AGL,CE,Towers with Radar,0,9,15,0,24,0,0,9,0,9,0,9,24,0,33,0,0,0,33
02/01/2021,STP,MN,AGL,CE,Towers with Radar,0,13,45,2,60,0,2,17,3,22,0,15,62,5,82,10,4,14,96
02/02/2021,STP,MN,AGL,CE,Towers with Radar,0,7,25,1,33,0,0,0,0,0,0,7,25,1,33,0,0,0,33
02/03/2021,STP,MN,AGL,CE,Towers with Radar,0,19,32,4,55,0,0,15,4,19,0,19,47,8,74,30,0,30,104
02/04/2021,STP,MN,AGL,CE,Towers with Radar,0,10,15,0,25,0,1,2,0,3,0,11,17,0,28,0,0,0,28
02/05/2021,STP,MN,AGL,CE,Towers with Radar,0,12,31,0,43,0,1,10,5,16,0,13,41,5,59,18,0,18,77
02/06/2021,STP,MN,AGL,CE,Towers with Radar,0,6,13,0,19,0,0,2,0,2,0,6,15,0,21,0,0,0,21
02/07/2021,STP,MN,AGL,CE,Towers with Radar,0,8,8,0,16,0,2,3,0,5,0,10,11,0,21,22,0,22,43
02/08/2021,STP,MN,AGL,CE,Towers with Radar,0,12,26,2,40,0,12,8,12,32,0,24,34,14,72,16,46,62,134
02/09/2021,STP,MN,AGL,CE,Towers with Radar,0,7,28,0,35,0,0,17,6,23,0,7,45,6,58,0,0,0,58
02/10/2021,STP,MN,AGL,CE,Towers with Radar,0,8,23,2,33,0,7,15,0,22,0,15,38,2,55,16,6,22,77
02/11/2021,STP,MN,AGL,CE,Towers with Radar,0,20,19,9,48,0,0,1,3,4,0,20,20,12,52,0,2,2,54
02/12/2021,STP,MN,AGL,CE,Towers with Radar,0,10,24,0,34,0,1,8,2,11,0,11,32,2,45,14,0,14,59
02/13/2021,STP,MN,AGL,CE,Towers with Radar,0,7,11,0,18,0,0,11,0,11,0,7,22,0,29,26,0,26,55
02/14/2021,STP,MN,AGL,CE,Towers with Radar,0,6,10,0,16,0,3,3,0,6,0,9,13,0,22,0,0,0,22
02/15/2021,STP,MN,AGL,CE,Towers with Radar,0,10,18,0,28,0,0,6,0,6,0,10,24,0,34,4,0,4,38
02/16/2021,STP,MN,AGL,CE,Towers with Radar,0,15,34,0,49,0,0,7,2,9,0,15,41,2,58,4,0,4,62
02/17/2021,STP,MN,AGL,CE,Towers with Radar,0,15,20,3,38,0,0,5,1,6,0,15,25,4,44,0,0,0,44
02/18/2021,STP,MN,AGL,CE,Towers with Radar,0,12,10,4,26,0,0,4,1,5,0,12,14,5,31,0,18,18,49
02/19/2021,STP,MN,AGL,CE,Towers with Radar,0,4,35,0,39,0,2,13,0,15,0,6,48,0,54,20,0,20,74
02/20/2021,STP,MN,AGL,CE,Towers with Radar,0,4,12,0,16,0,6,19,2,27,0,10,31,2,43,70,0,70,113
02/21/2021,STP,MN,AGL,CE,Towers with Radar,0,12,14,0,26,0,0,0,0,0,0,12,14,0,26,0,0,0,26
02/22/2021,STP,MN,AGL,CE,Towers with Radar,0,10,33,3,46,0,0,22,8,30,0,10,55,11,76,60,0,60,136
02/23/2021,STP,MN,AGL,CE,Towers with Radar,0,9,22,2,33,0,0,15,6,21,0,9,37,8,54,16,0,16,70
02/24/2021,STP,MN,AGL,CE,Towers with Radar,0,10,45,3,58,0,1,21,2,24,0,11,66,5,82,34,18,52,134
02/25/2021,STP,MN,AGL,CE,Towers with Radar,0,8,50,3,61,0,0,12,1,13,0,8,62,4,74,4,0,4,78
02/26/2021,STP,MN,AGL,CE,Towers with Radar,0,8,24,1,33,0,0,7,3,10,0,8,31,4,43,0,0,0,43
02/27/2021,STP,MN,AGL,CE,Towers with Radar,0,9,38,0,47,0,3,37,0,40,0,12,75,0,87,72,0,72,159
02/28/2021,STP,MN,AGL,CE,Towers with Radar,0,10,17,1,28,0,1,1,0,2,0,11,18,1,30,0,0,0,30
03/01/2021,STP,MN,AGL,CE,Towers with Radar,0,21,23,1,45,0,4,15,2,21,0,25,38,3,66,26,0,26,92
03/02/2021,STP,MN,AGL,CE,Towers with Radar,0,3,31,2,36,0,2,8,5,15,0,5,39,7,51,12,0,12,63
03/03/2021,STP,MN,AGL,CE,Towers with Radar,0,9,41,0,50,0,2,19,2,23,0,11,60,2,73,22,0,22,95
03/04/2021,STP,MN,AGL,CE,Towers with Radar,0,14,47,1,62,0,3,13,0,16,0,17,60,1,78,0,0,0,78
03/05/2021,STP,MN,AGL,CE,Towers with Radar,0,16,29,2,47,0,4,19,1,24,0,20,48,3,71,6,0,6,77
03/06/2021,STP,MN,AGL,CE,Towers with Radar,0,15,19,0,34,0,3,23,0,26,0,18,42,0,60,48,0,48,108
03/07/2021,STP,MN,AGL,CE,Towers with Radar,0,11,18,0,29,0,4,8,5,17,0,15,26,5,46,4,0,4,50
03/08/2021,STP,MN,AGL,CE,Towers with Radar,0,13,28,0,41,0,4,17,4,25,0,17,45,4,66,8,0,8,74
03/09/2021,STP,MN,AGL,CE,Towers with Radar,0,12,15,0,27,0,2,10,7,19,0,14,25,7,46,6,0,6,52
03/10/2021,STP,MN,AGL,CE,Towers with Radar,0,7,26,0,33,0,0,0,0,0,0,7,26,0,33,0,0,0,33
03/11/2021,STP,MN,AGL,CE,Towers with Radar,0,18,29,3,50,0,2,6,4,12,0,20,35,7,62,36,0,36,98
03/12/2021,STP,MN,AGL,CE,Towers with Radar,0,20,31,1,52,0,4,16,7,27,0,24,47,8,79,24,0,24,103
03/13/2021,STP,MN,AGL,CE,Towers with Radar,0,7,23,0,30,0,7,21,1,29,0,14,44,1,59,8,0,8,67
03/14/2021,STP,MN,AGL,CE,Towers with Radar,0,11,13,0,24,0,0,15,0,15,0,11,28,0,39,6,0,6,45
03/15/2021,STP,MN,AGL,CE,Towers with Radar,0,5,9,0,14,0,0,4,0,4,0,5,13,0,18,6,0,6,24
03/16/2021,STP,MN,AGL,CE,Towers with Radar,0,25,17,0,42,0,0,2,4,6,0,25,19,4,48,0,0,0,48
03/17/2021,STP,MN,AGL,CE,Towers with Radar,0,15,28,1,44,0,1,8,1,10,0,16,36,2,54,0,0,0,54
03/18/2021,STP,MN,AGL,CE,Towers with Radar,0,11,18,4,33,0,6,7,0,13,0,17,25,4,46,8,0,8,54
03/19/2021,STP,MN,AGL,CE,Towers with Radar,0,13,30,0,43,0,2,15,5,22,0,15,45,5,65,8,0,8,73
03/20/2021,STP,MN,AGL,CE,Towers with Radar,0,10,22,0,32,0,0,13,0,13,0,10,35,0,45,12,0,12,57
03/21/2021,STP,MN,AGL,CE,Towers with Radar,0,17,14,3,34,0,0,0,0,0,0,17,14,3,34,0,0,0,34
03/22/2021,STP,MN,AGL,CE,Towers with Radar,0,12,25,0,37,0,7,15,9,31,0,19,40,9,68,4,0,4,72
03/23/2021,STP,MN,AGL,CE,Towers with Radar,0,7,27,10,44,0,1,8,4,13,0,8,35,14,57,6,4,10,67
03/24/2021,STP,MN,AGL,CE,Towers with Radar,0,7,25,2,34,0,3,2,0,5,0,10,27,2,39,0,0,0,39
03/25/2021,STP,MN,AGL,CE,Towers with Radar,0,20,23,6,49,0,1,11,2,14,0,21,34,8,63,6,0,6,69
03/26/2021,STP,MN,AGL,CE,Towers with Radar,0,19,36,0,55,0,2,13,2,17,0,21,49,2,72,10,4,14,86
03/27/2021,STP,MN,AGL,CE,Towers with Radar,0,15,38,0,53,0,0,0,0,0,0,15,38,0,53,0,0,0,53
03/28/2021,STP,MN,AGL,CE,Towers with Radar,0,13,30,1,44,0,10,19,0,29,0,23,49,1,73,50,0,50,123
03/29/2021,STP,MN,AGL,CE,Towers with Radar,0,16,33,0,49,0,4,9,2,15,0,20,42,2,64,0,0,0,64
03/30/2021,STP,MN,AGL,CE,Towers with Radar,0,21,20,6,47,0,1,8,15,24,0,22,28,21,71,0,4,4,75
03/31/2021,STP,MN,AGL,CE,Towers with Radar,0,20,37,4,61,0,4,8,14,26,0,24,45,18,87,6,0,6,93
04/01/2021,STP,MN,AGL,CE,Towers with Radar,0,24,30,2,56,0,8,22,8,38,0,32,52,10,94,12,0,12,106
04/02/2021,STP,MN,AGL,CE,Towers with Radar,0,18,27,0,45,0,3,12,5,20,0,21,39,5,65,12,0,12,77
04/03/2021,STP,MN,AGL,CE,Towers with Radar,0,7,22,0,29,0,0,33,0,33,0,7,55,0,62,22,0,22,84
04/04/2021,STP,MN,AGL,CE,Towers with Radar,0,16,11,0,27,0,1,9,0,10,0,17,20,0,37,24,0,24,61
04/05/2021,STP,MN,AGL,CE,Towers with Radar,0,25,36,3,64,0,2,18,2,22,0,27,54,5,86,32,0,32,118
04/06/2021,STP,MN,AGL,CE,Towers with Radar,0,13,25,8,46,0,0,12,0,12,0,13,37,8,58,0,0,0,58
04/07/2021,STP,MN,AGL,CE,Towers with Radar,0,8,33,2,43,0,0,3,8,11,0,8,36,10,54,4,34,38,92
04/08/2021,STP,MN,AGL,CE,Towers with Radar,0,19,45,11,75,0,0,5,3,8,0,19,50,14,83,30,2,32,115
04/09/2021,STP,MN,AGL,CE,Towers with Radar,0,11,36,1,48,0,0,2,0,2,0,11,38,1,50,10,0,10,60
04/10/2021,STP,MN,AGL,CE,Towers with Radar,0,16,16,0,32,0,3,33,1,37,0,19,49,1,69,10,0,10,79
04/11/2021,STP,MN,AGL,CE,Towers with Radar,0,11,26,0,37,0,1,18,0,19,0,12,44,0,56,0,0,0,56
04/12/2021,STP,MN,AGL,CE,Towers with Radar,0,17,29,8,54,0,0,3,0,3,0,17,32,8,57,0,6,6,63
04/13/2021,STP,MN,AGL,CE,Towers with Radar,0,11,26,2,39,0,1,15,7,23,0,12,41,9,62,0,0,0,62
04/14/2021,STP,MN,AGL,CE,Towers with Radar,0,20,45,0,65,0,0,10,7,17,0,20,55,7,82,12,4,16,98
04/15/2021,STP,MN,AGL,CE,Towers with Radar,0,9,34,2,45,0,2,21,6,29,0,11,55,8,74,34,2,36,110
04/16/2021,STP,MN,AGL,CE,Towers with Radar,0,16,37,0,53,0,8,33,6,47,0,24,70,6,100,54,4,58,158
04/17/2021,STP,MN,AGL,CE,Towers with Radar,0,14,34,1,49,0,4,52,10,66,0,18,86,11,115,38,0,38,153
04/18/2021,STP,MN,AGL,CE,Towers with Radar,0,9,31,0,40,0,0,15,5,20,0,9,46,5,60,22,0,22,82
04/19/2021,STP,MN,AGL,CE,Towers with Radar,0,17,16,2,35,0,0,22,2,24,0,17,38,4,59,48,0,48,107
04/20/2021,STP,MN,AGL,CE,Towers with Radar,0,23,32,1,56,0,8,14,15,37,0,31,46,16,93,24,0,24,117
04/21/2021,STP,MN,AGL,CE,Towers with Radar,0,17,35,2,54,0,2,23,11,36,0,19,58,13,90,72,10,82,172
04/22/2021,STP,MN,AGL,CE,Towers with Radar,0,15,41,2,58,0,7,34,9,50,0,22,75,11,108,38,0,38,146
04/23/2021,STP,MN,AGL,CE,Towers with Radar,0,7,41,2,50,0,0,4,4,8,0,7,45,6,58,0,0,0,58
04/24/2021,STP,MN,AGL,CE,Towers with Radar,0,11,13,0,24,0,0,26,2,28,0,11,39,2,52,44,0,44,96
04/25/2021,STP,MN,AGL,CE,Towers with Radar,0,14,14,2,30,0,0,10,3,13,0,14,24,5,43,14,0,14,57
04/26/2021,STP,MN,AGL,CE,Towers with Radar,0,20,17,0,37,0,0,14,7,21,0,20,31,7,58,32,0,32,90
04/27/2021,STP,MN,AGL,CE,Towers with Radar,0,14,23,4,41,0,0,13,2,15,0,14,36,6,56,12,0,12,68
04/28/2021,STP,MN,AGL,CE,Towers with Radar,0,26,31,4,61,0,1,21,11,33,0,27,52,15,94,32,0,32,126
04/29/2021,STP,MN,AGL,CE,Towers with Radar,0,19,39,4,62,0,0,24,12,36,0,19,63,16,98,26,0,26,124
04/30/2021,STP,MN,AGL,CE,Towers with Radar,0,20,28,4,52,0,4,33,2,39,0,24,61,6,91,62,0,62,153
05/01/2021,STP,MN,AGL,CE,Towers with Radar,0,10,20,0,30,0,4,22,0,26,0,14,42,0,56,14,0,14,70
05/02/2021,STP,MN,AGL,CE,Towers with Radar,0,15,22,0,37,0,3,12,0,15,0,18,34,0,52,6,0,6,58
05/03/2021,STP,MN,AGL,CE,Towers with Radar,0,18,30,0,48,0,3,20,3,26,0,21,50,3,74,2,24,26,100
05/04/2021,STP,MN,AGL,CE,Towers with Radar,0,20,34,1,55,0,1,30,19,50,0,21,64,20,105,36,0,36,141
05/05/2021,STP,MN,AGL,CE,Towers with Radar,0,24,44,3,71,0,2,23,13,38,0,26,67,16,109,54,13,67,176
05/06/2021,STP,MN,AGL,CE,Towers with Radar,0,23,22,6,51,0,1,24,17,42,0,24,46,23,93,12,32,44,137
05/07/2021,STP,MN,AGL,CE,Towers with Radar,0,22,43,1,66,0,3,12,2,17,0,25,55,3,83,48,0,48,131
05/08/2021,STP,MN,AGL,CE,Towers with Radar,0,9,24,0,33,0,6,55,0,61,0,15,79,0,94,34,0,34,128
05/09/2021,STP,MN,AGL,CE,Towers with Radar,0,12,21,0,33,0,7,17,0,24,0,19,38,0,57,2,0,2,59
05/10/2021,STP,MN,AGL,CE,Towers with Radar,0,21,31,0,52,0,9,24,7,40,0,30,55,7,92,48,0,48,140
05/11/2021,STP,MN,AGL,CE,Towers with Radar,0,12,41,0,53,0,1,26,18,45,0,13,67,18,98,60,26,86,184
05/12/2021,STP,MN,AGL,CE,Towers with Radar,0,20,38,0,58,0,1,37,4,42,0,21,75,4,100,68,12,80,180
05/13/2021,STP,MN,AGL,CE,Towers with Radar,0,19,26,4,49,0,1,19,18,38,0,20,45,22,87,46,38,84,171
05/14/2021,STP,MN,AGL,CE,Towers with Radar,0,15,39,0,54,0,0,14,5,19,0,15,53,5,73,32,6,38,111
05/15/2021,STP,MN,AGL,CE,Towers with Radar,0,8,21,0,29,0,4,46,9,59,0,12,67,9,88,50,0,50,138
05/16/2021,STP,MN,AGL,CE,Towers with Radar,0,11,31,0,42,0,0,16,9,25,0,11,47,9,67,44,2,46,113
05/17/2021,STP,MN,AGL,CE,Towers with Radar,0,23,33,0,56,0,1,26,6,33,0,24,59,6,89,52,8,60,149
05/18/2021,STP,MN,AGL,CE,Towers with Radar,0,18,44,12,74,0,0,13,5,18,0,18,57,17,92,4,7,11,103
05/19/2021,STP,MN,AGL,CE,Towers with Radar,0,15,44,1,60,0,0,5,7,12,0,15,49,8,72,11,10,21,93
05/20/2021,STP,MN,AGL,CE,Towers with Radar,0,20,44,9,73,0,0,2,6,8,0,20,46,15,81,10,10,20,101
05/21/2021,STP,MN,AGL,CE,Towers with Radar,0,12,27,0,39,0,2,9,2,13,0,14,36,2,52,26,0,26,78
05/22/2021,STP,MN,AGL,CE,Towers with Radar,0,14,32,0,46,0,5,51,6,62,0,19,83,6,108,39,0,39,147
05/23/2021,STP,MN,AGL,CE,Towers with Radar,0,18,28,0,46,0,1,11,1,13,0,19,39,1,59,0,0,0,59
05/24/2021,STP,MN,AGL,CE,Towers with Radar,0,17,33,2,52,0,0,6,0,6,0,17,39,2,58,18,0,18,76
05/25/2021,STP,MN,AGL,CE,Towers with Radar,0,15,46,3,64,0,1,7,17,25,0,16,53,20,89,0,8,8,97
05/26/2021,STP,MN,AGL,CE,Towers with Radar,0,19,47,1,67,0,4,28,20,52,0,23,75,21,119,56,40,96,215
05/27/2021,STP,MN,AGL,CE,Towers with Radar,0,13,44,9,66,0,0,4,4,8,0,13,48,13,74,0,22,22,96
05/28/2021,STP,MN,AGL,CE,Towers with Radar,0,13,33,0,46,0,2,29,4,35,0,15,62,4,81,22,0,22,103
05/29/2021,STP,MN,AGL,CE,Towers with Radar,0,21,22,0,43,0,7,39,0,46,0,28,61,0,89,32,0,32,121
05/30/2021,STP,MN,AGL,CE,Towers with Radar,0,2,16,0,18,0,1,6,0,7,0,3,22,0,25,0,0,0,25
05/31/2021,STP,MN,AGL,CE,Towers with Radar,0,15,27,0,42,0,0,24,0,24,0,15,51,0,66,14,0,14,80
06/01/2021,STP,MN,AGL,CE,Towers with Radar,0,19,33,0,52,0,1,26,4,31,0,20,59,4,83,20,0,20,103
06/02/2021,STP,MN,AGL,CE,Towers with Radar,0,20,44,7,71,0,1,21,12,34,0,21,65,19,105,34,28,62,167
06/03/2021,STP,MN,AGL,CE,Towers with Radar,0,11,46,3,60,0,1,35,13,49,0,12,81,16,109,30,0,30,139
06/04/2021,STP,MN,AGL,CE,Towers with Radar,0,12,30,3,45,0,1,28,3,32,0,13,58,6,77,0,8,8,85
06/05/2021,STP,MN,AGL,CE,Towers with Radar,0,8,17,0,25,0,3,52,0,55,0,11,69,0,80,30,0,30,110
06/06/2021,STP,MN,AGL,CE,Towers with Radar,0,10,32,0,42,0,0,10,0,10,0,10,42,0,52,0,0,0,52
06/07/2021,STP,MN,AGL,CE,Towers with Radar,0,19,47,3,69,0,4,17,5,26,0,23,64,8,95,12,6,18,113
06/08/2021,STP,MN,AGL,CE,Towers with Radar,0,12,42,5,59,0,1,28,7,36,0,13,70,12,95,48,0,48,143
06/09/2021,STP,MN,AGL,CE,Towers with Radar,0,19,51,0,70,0,0,25,8,33,0,19,76,8,103,86,0,86,189
06/10/2021,STP,MN,AGL,CE,Towers with Radar,0,12,33,5,50,0,0,23,9,32,0,12,56,14,82,36,20,56,138
06/11/2021,STP,MN,AGL,CE,Towers with Radar,0,13,39,4,56,0,1,21,1,23,0,14,60,5,79,18,0,18,97
06/12/2021,STP,MN,AGL,CE,Towers with Radar,0,18,16,0,34,0,14,46,3,63,0,32,62,3,97,40,0,40,137
06/13/2021,STP,MN,AGL,CE,Towers with Radar,0,12,32,0,44,0,4,12,0,16,0,16,44,0,60,20,0,20,80
06/14/2021,STP,MN,AGL,CE,Towers with Radar,0,14,42,0,56,0,9,18,0,27,0,23,60,0,83,26,0,26,109
06/15/2021,STP,MN,AGL,CE,Towers with Radar,0,17,30,2,49,0,4,46,0,50,0,21,76,2,99,88,0,88,187
06/16/2021,STP,MN,AGL,CE,Towers with Radar,0,14,51,2,67,0,2,32,5,39,0,16,83,7,106,43,0,43,149
06/17/2021,STP,MN,AGL,CE,Towers with Radar,0,21,59,0,80,0,0,19,0,19,0,21,78,0,99,16,0,16,115
06/18/2021,STP,MN,AGL,CE,Towers with Radar,0,6,27,0,33,0,4,21,1,26,0,10,48,1,59,84,6,90,149
06/19/2021,STP,MN,AGL,CE,Towers with Radar,0,8,30,1,39,0,6,64,14,84,0,14,94,15,123,16,0,16,139
06/20/2021,STP,MN,AGL,CE,Towers with Radar,0,10,14,0,24,0,1,8,0,9,0,11,22,0,33,14,0,14,47
06/21/2021,STP,MN,AGL,CE,Towers with Radar,0,19,52,2,73,0,5,21,3,29,0,24,73,5,102,30,0,30,132
06/22/2021,STP,MN,AGL,CE,Towers with Radar,0,6,51,3,60,0,3,39,4,46,0,9,90,7,106,44,0,44,150
06/23/2021,STP,MN,AGL,CE,Towers with Radar,0,30,51,0,81,0,2,35,8,45,0,32,86,8,126,17,0,17,143
06/24/2021,STP,MN,AGL,CE,Towers with Radar,0,14,29,3,46,0,0,11,8,19,0,14,40,11,65,11,16,27,92
06/25/2021,STP,MN,AGL,CE,Towers with Radar,0,21,37,0,58,0,1,43,2,46,0,22,80,2,104,52,0,52,156
06/26/2021,STP,MN,AGL,CE,Towers with Radar,0,13,23,1,37,0,3,8,2,13,0,16,31,3,50,2,0,2,52
06/27/2021,STP,MN,AGL,CE,Towers with Radar,0,19,34,0,53,0,4,26,2,32,0,23,60,2,85,18,0,18,103
06/28/2021,STP,MN,AGL,CE,Towers with Radar,0,8,39,0,47,0,1,14,2,17,0,9,53,2,64,34,0,34,98
06/29/2021,STP,MN,AGL,CE,Towers with Radar,0,20,53,2,75,0,1,20,4,25,0,21,73,6,100,40,0,40,140
06/30/2021,STP,MN,AGL,CE,Towers with Radar,0,23,57,3,83,0,3,28,3,34,0,26,85,6,117,38,0,38,155
07/01/2021,STP,MN,AGL,CE,Towers with Radar,0,11,45,2,58,0,1,31,2,34,0,12,76,4,92,50,0,50,142
07/02/2021,STP,MN,AGL,CE,Towers with Radar,0,15,25,2,42,0,0,23,0,23,0,15,48,2,65,26,0,26,91
07/03/2021,STP,MN,AGL,CE,Towers with Radar,0,8,11,0,19,0,0,63,0,63,0,8,74,0,82,43,0,43,125
07/04/2021,STP,MN,AGL,CE,Towers with Radar,0,6,6,0,12,0,4,6,0,10,0,10,12,0,22,5,0,5,27
07/05/2021,STP,MN,AGL,CE,Towers with Radar,0,17,26,0,43,0,1,20,0,21,0,18,46,0,64,4,0,4,68
07/06/2021,STP,MN,AGL,CE,Towers with Radar,0,17,31,0,48,0,0,5,0,5,0,17,36,0,53,12,0,12,65
07/07/2021,STP,MN,AGL,CE,Towers with Radar,0,21,23,4,48,0,1,12,12,25,0,22,35,16,73,0,28,28,101
07/08/2021,STP,MN,AGL,CE,Towers with Radar,0,28,46,2,76,0,7,23,7,37,0,35,69,9,113,35,8,43,156
07/09/2021,STP,MN,AGL,CE,Towers with Radar,0,12,26,2,40,0,2,33,0,35,0,14,59,2,75,64,0,64,139
07/10/2021,STP,MN,AGL,CE,Towers with Radar,0,15,18,0,33,0,7,28,0,35,0,22,46,0,68,52,0,52,120
07/11/2021,STP,MN,AGL,CE,Towers with Radar,0,14,19,0,33,0,1,17,0,18,0,15,36,0,51,4,0,4,55
07/12/2021,STP,MN,AGL,CE,Towers with Radar,0,19,46,0,65,0,2,21,3,26,0,21,67,3,91,15,0,15,106
07/13/2021,STP,MN,AGL,CE,Towers with Radar,0,28,47,2,77,0,0,15,11,26,0,28,62,13,103,20,8,28,131
07/14/2021,STP,MN,AGL,CE,Towers with Radar,0,28,22,2,52,0,3,16,4,23,0,31,38,6,75,46,0,46,121
07/15/2021,STP,MN,AGL,CE,Towers with Radar,0,22,62,2,86,0,2,68,19,89,0,24,130,21,175,22,17,39,214
07/16/2021,STP,MN,AGL,CE,Towers with Radar,0,7,31,5,43,0,4,38,3,45,0,11,69,8,88,46,0,46,134
07/17/2021,STP,MN,AGL,CE,Towers with Radar,0,11,27,2,40,0,6,75,0,81,0,17,102,2,121,14,0,14,135
07/18/2021,STP,MN,AGL,CE,Towers with Radar,0,27,48,0,75,0,1,37,0,38,0,28,85,0,113,24,0,24,137
07/19/2021,STP,MN,AGL,CE,Towers with Radar,0,34,52,0,86,0,2,17,1,20,0,36,69,1,106,14,0,14,120
07/20/2021,STP,MN,AGL,CE,Towers with Radar,0,30,38,2,70,0,0,16,18,34,0,30,54,20,104,20,22,42,146
07/21/2021,STP,MN,AGL,CE,Towers with Radar,0,18,58,8,84,0,2,32,9,43,0,20,90,17,127,86,6,92,219
07/22/2021,STP,MN,AGL,CE,Towers with Radar,0,22,45,1,68,0,4,12,10,26,0,26,57,11,94,25,0,25,119
07/23/2021,STP,MN,AGL,CE,Towers with Radar,0,9,41,2,52,0,1,28,4,33,0,10,69,6,85,31,0,31,116
07/24/2021,STP,MN,AGL,CE,Towers with Radar,0,21,22,0,43,0,3,48,4,55,0,24,70,4,98,14,0,14,112
07/25/2021,STP,MN,AGL,CE,Towers with Radar,0,22,28,0,50,0,0,12,2,14,0,22,40,2,64,10,0,10,74
07/26/2021,STP,MN,AGL,CE,Towers with Radar,0,14,38,0,52,0,5,20,6,31,0,19,58,6,83,10,0,10,93
07/27/2021,STP,MN,AGL,CE,Towers with Radar,0,23,43,1,67,0,4,15,8,27,0,27,58,9,94,40,0,40,134
07/28/2021,STP,MN,AGL,CE,Towers with Radar,0,24,42,2,68,0,1,18,13,32,0,25,60,15,100,18,0,18,118
07/29/2021,STP,MN,AGL,CE,Towers with Radar,0,27,55,5,87,0,0,17,5,22,0,27,72,10,109,6,4,10,119
07/30/2021,STP,MN,AGL,CE,Towers with Radar,0,17,27,7,51,0,0,18,0,18,0,17,45,7,69,6,0,6,75
07/31/2021,STP,MN,AGL,CE,Towers with Radar,0,7,36,0,43,0,0,68,0,68,0,7,104,0,111,8,0,8,119
08/01/2021,STP,MN,AGL,CE,Towers with Radar,0,17,43,1,61,0,6,33,0,39,0,23,76,1,100,16,0,16,116
08/02/2021,STP,MN,AGL,CE,Towers with Radar,0,21,37,1,59,0,3,44,6,53,0,24,81,7,112,44,0,44,156
08/03/2021,STP,MN,AGL,CE,Towers with Radar,0,18,62,2,82,0,5,29,13,47,0,23,91,15,129,28,0,28,157
08/04/2021,STP,MN,AGL,CE,Towers with Radar,0,24,59,6,89,0,2,42,11,55,0,26,101,17,144,16,10,26,170
08/05/2021,STP,MN,AGL,CE,Towers with Radar,0,24,57,4,85,0,0,17,12,29,0,24,74,16,114,38,24,62,176
08/06/2021,STP,MN,AGL,CE,Towers with Radar,0,14,43,0,57,0,0,24,6,30,0,14,67,6,87,39,0,39,126
08/07/2021,STP,MN,AGL,CE,Towers with Radar,0,12,23,1,36,0,0,4,0,4,0,12,27,1,40,0,0,0,40
08/08/2021,STP,MN,AGL,CE,Towers with Radar,0,17,32,2,51,0,0,15,0,15,0,17,47,2,66,37,0,37,103
08/09/2021,STP,MN,AGL,CE,Towers with Radar,0,10,54,2,66,0,5,25,6,36,0,15,79,8,102,60,0,60,162
08/10/2021,STP,MN,AGL,CE,Towers with Radar,0,26,45,4,75,0,1,40,12,53,0,27,85,16,128,54,12,66,194
08/11/2021,STP,MN,AGL,CE,Towers with Radar,0,21,54,6,81,0,0,22,10,32,0,21,76,16,113,28,14,42,155
08/12/2021,STP,MN,AGL,CE,Towers with Radar,0,22,39,1,62,0,1,31,12,44,0,23,70,13,106,38,2,40,146
08/13/2021,STP,MN,AGL,CE,Towers with Radar,0,14,52,1,67,0,2,24,0,26,0,16,76,1,93,46,0,46,139
08/14/2021,STP,MN,AGL,CE,Towers with Radar,0,9,27,2,38,0,9,68,1,78,0,18,95,3,116,36,0,36,152
08/15/2021,STP,MN,AGL,CE,Towers with Radar,0,16,42,0,58,0,1,27,0,28,0,17,69,0,86,30,0,30,116
08/16/2021,STP,MN,AGL,CE,Towers with Radar,0,23,49,0,72,0,3,17,6,26,0,26,66,6,98,8,0,8,106
08/17/2021,STP,MN,AGL,CE,Towers with Radar,0,16,52,5,73,0,2,47,10,59,0,18,99,15,132,68,36,104,236
08/18/2021,STP,MN,AGL,CE,Towers with Radar,0,29,70,1,100,0,3,20,5,28,0,32,90,6,128,45,0,45,173
08/19/2021,STP,MN,AGL,CE,Towers with Radar,0,15,46,1,62,0,2,20,17,39,0,17,66,18,101,40,12,52,153
08/20/2021,STP,MN,AGL,CE,Towers with Radar,0,14,31,0,45,0,1,16,6,23,0,15,47,6,68,36,0,36,104
08/21/2021,STP,MN,AGL,CE,Towers with Radar,0,15,23,0,38,0,2,48,2,52,0,17,71,2,90,6,0,6,96
08/22/2021,STP,MN,AGL,CE,Towers with Radar,0,12,30,0,42,0,3,32,7,42,0,15,62,7,84,26,4,30,114
08/23/2021,STP,MN,AGL,CE,Towers with Radar,0,36,40,0,76,0,3,28,6,37,0,39,68,6,113,20,0,20,133
08/24/2021,STP,MN,AGL,CE,Towers with Radar,0,22,42,4,68,0,2,19,7,28,0,24,61,11,96,12,0,12,108
08/25/2021,STP,MN,AGL,CE,Towers with Radar,0,28,45,2,75,0,1,39,4,44,0,29,84,6,119,100,0,100,219
08/26/2021,STP,MN,AGL,CE,Towers with Radar,0,22,42,4,68,0,0,11,1,12,0,22,53,5,80,7,0,7,87
08/27/2021,STP,MN,AGL,CE,Towers with Radar,0,18,48,0,66,0,2,2,2,6,0,20,50,2,72,4,0,4,76
08/28/2021,STP,MN,AGL,CE,Towers with Radar,0,11,18,0,29,0,5,9,0,14,0,16,27,0,43,0,0,0,43
08/29/2021,STP,MN,AGL,CE,Towers with Radar,0,18,39,0,57,0,2,28,0,30,0,20,67,0,87,24,0,24,111
08/30/2021,STP,MN,AGL,CE,Towers with Radar,0,23,52,0,75,0,8,31,0,39,0,31,83,0,114,14,0,14,128
08/31/2021,STP,MN,AGL,CE,Towers with Radar,0,18,56,0,74,0,6,27,13,46,0,24,83,13,120,22,0,22,142
09/01/2021,STP,MN,AGL,CE,Towers with Radar,0,24,51,1,76,0,3,47,12,62,0,27,98,13,138,36,0,36,174
09/02/2021,STP,MN,AGL,CE,Towers with Radar,0,21,57,3,81,0,2,24,8,34,0,23,81,11,115,78,10,88,203
09/03/2021,STP,MN,AGL,CE,Towers with Radar,0,10,55,0,65,0,0,0,0,0,0,10,55,0,65,0,0,0,65
09/04/2021,STP,MN,AGL,CE,Towers with Radar,0,10,14,0,24,0,4,72,0,76,0,14,86,0,100,34,0,34,134
09/05/2021,STP,MN,AGL,CE,Towers with Radar,0,9,24,0,33,0,2,19,0,21,0,11,43,0,54,2,0,2,56
09/06/2021,STP,MN,AGL,CE,Towers with Radar,0,19,40,0,59,0,9,30,0,39,0,28,70,0,98,24,0,24,122
09/07/2021,STP,MN,AGL,CE,Towers with Radar,0,14,36,0,50,0,4,31,2,37,0,18,67,2,87,18,0,18,105
09/08/2021,STP,MN,AGL,CE,Towers with Radar,0,14,60,2,76,0,3,24,11,38,0,17,84,13,114,14,0,14,128
09/09/2021,STP,MN,AGL,CE,Towers with Radar,0,37,52,4,93,0,2,28,10,40,0,39,80,14,133,51,2,53,186
09/10/2021,STP,MN,AGL,CE,Towers with Radar,0,15,48,0,63,0,3,37,1,41,0,18,85,1,104,84,0,84,188
09/11/2021,STP,MN,AGL,CE,Towers with Radar,0,14,22,0,36,0,13,81,0,94,0,27,103,0,130,80,0,80,210
09/12/2021,STP,MN,AGL,CE,Towers with Radar,0,21,38,0,59,0,3,40,2,45,0,24,78,2,104,48,0,48,152
09/13/2021,STP,MN,AGL,CE,Towers with Radar,0,19,49,0,68,0,6,20,3,29,0,25,69,3,97,50,0,50,147
09/14/2021,STP,MN,AGL,CE,Towers with Radar,0,24,46,2,72,0,5,21,12,38,0,29,67,14,110,34,0,34,144
09/15/2021,STP,MN,AGL,CE,Towers with Radar,0,31,59,2,92,0,3,32,13,48,0,34,91,15,140,30,0,30,170
09/16/2021,STP,MN,AGL,CE,Towers with Radar,0,18,33,0,51,0,4,9,10,23,0,22,42,10,74,0,0,0,74
09/17/2021,STP,MN,AGL,CE,Towers with Radar,0,21,43,0,64,0,4,27,6,37,0,25,70,6,101,10,4,14,115
09/18/2021,STP,MN,AGL,CE,Towers with Radar,0,16,21,2,39,0,11,110,4,125,0,27,131,6,164,28,0,28,192
09/19/2021,STP,MN,AGL,CE,Towers with Radar,0,23,36,0,59,0,1,15,3,19,0,24,51,3,78,0,0,0,78
09/20/2021,STP,MN,AGL,CE,Towers with Radar,0,21,40,1,62,0,1,5,1,7,0,22,45,2,69,0,0,0,69
09/21/2021,STP,MN,AGL,CE,Towers with Radar,0,23,51,2,76,0,2,38,8,48,0,25,89,10,124,30,0,30,154
09/22/2021,STP,MN,AGL,CE,Towers with Radar,0,29,67,4,100,0,3,32,13,48,0,32,99,17,148,18,0,18,166
09/23/2021,STP,MN,AGL,CE,Towers with Radar,0,12,70,0,82,0,7,36,21,64,0,19,106,21,146,30,6,36,182
09/24/2021,STP,MN,AGL,CE,Towers with Radar,0,18,45,0,63,0,4,16,0,20,0,22,61,0,83,10,0,10,93
09/25/2021,STP,MN,AGL,CE,Towers with Radar,0,19,27,0,46,0,3,73,1,77,0,22,100,1,123,14,0,14,137
09/26/2021,STP,MN,AGL,CE,Towers with Radar,0,26,74,0,100,0,4,21,0,25,0,30,95,0,125,2,0,2,127
09/27/2021,STP,MN,AGL,CE,Towers with Radar,1,28,36,0,65,0,8,20,1,29,1,36,56,1,94,52,0,52,146
09/28/2021,STP,MN,AGL,CE,Towers with Radar,0,26,45,5,76,0,6,30,8,44,0,32,75,13,120,0,0,0,120
09/29/2021,STP,MN,AGL,CE,Towers with Radar,0,21,50,2,73,0,1,29,7,37,0,22,79,9,110,38,2,40,150
09/30/2021,STP,MN,AGL,CE,Towers with Radar,0,32,55,4,91,0,1,27,9,37,0,33,82,13,128,62,0,62,190
10/01/2021,STP,MN,AGL,CE,Towers with Radar,0,10,35,0,45,0,4,19,0,23,0,14,54,0,68,4,0,4,72
10/02/2021,STP,MN,AGL,CE,Towers with Radar,0,6,26,0,32,0,0,2,0,2,0,6,28,0,34,0,0,0,34
10/03/2021,STP,MN,AGL,CE,Towers with Radar,0,24,54,0,78,0,2,13,2,17,0,26,67,2,95,4,0,4,99
10/04/2021,STP,MN,AGL,CE,Towers with Radar,0,28,51,1,80,0,0,25,1,26,0,28,76,2,106,24,0,24,130
10/05/2021,STP,MN,AGL,CE,Towers with Radar,0,13,27,3,43,0,5,22,10,37,0,18,49,13,80,66,0,66,146
10/06/2021,STP,MN,AGL,CE,Towers with Radar,0,19,42,8,69,0,5,27,18,50,0,24,69,26,119,30,2,32,151
10/07/2021,STP,MN,AGL,CE,Towers with Radar,0,23,41,3,67,0,1,27,14,42,0,24,68,17,109,29,46,75,184
10/08/2021,STP,MN,AGL,CE,Towers with Radar,0,17,53,0,70,0,0,30,0,30,0,17,83,0,100,0,0,0,100
10/09/2021,STP,MN,AGL,CE,Towers with Radar,0,8,12,0,20,0,0,67,0,67,0,8,79,0,87,14,0,14,101
10/10/2021,STP,MN,AGL,CE,Towers with Radar,0,14,46,0,60,0,1,19,0,20,0,15,65,0,80,26,0,26,106
10/11/2021,STP,MN,AGL,CE,Towers with Radar,0,19,45,0,64,0,0,31,0,31,0,19,76,0,95,65,0,65,160
10/12/2021,STP,MN,AGL,CE,Towers with Radar,0,18,48,0,66,0,1,20,6,27,0,19,68,6,93,14,0,14,107
10/13/2021,STP,MN,AGL,CE,Towers with Radar,0,13,47,2,62,0,1,1,5,7,0,14,48,7,69,10,0,10,79
10/14/2021,STP,MN,AGL,CE,Towers with Radar,0,28,55,5,88,0,0,16,12,28,0,28,71,17,116,12,6,18,134
10/15/2021,STP,MN,AGL,CE,Towers with Radar,0,19,51,0,70,0,0,41,3,44,0,19,92,3,114,16,0,16,130
10/16/2021,STP,MN,AGL,CE,Towers with Radar,0,10,20,0,30,0,9,78,8,95,0,19,98,8,125,10,0,10,135
10/17/2021,STP,MN,AGL,CE,Towers with Radar,0,33,34,0,67,0,6,39,2,47,0,39,73,2,114,30,0,30,144
10/18/2021,STP,MN,AGL,CE,Towers with Radar,0,28,50,5,83,0,7,26,1,34,0,35,76,6,117,10,26,36,153
10/19/2021,STP,MN,AGL,CE,Towers with Radar,0,32,40,0,72,0,2,22,14,38,0,34,62,14,110,26,0,26,136
10/20/2021,STP,MN,AGL,CE,Towers with Radar,0,37,41,8,86,0,0,3,0,3,0,37,44,8,89,0,0,0,89
10/21/2021,STP,MN,AGL,CE,Towers with Radar,0,45,52,6,103,0,2,19,8,29,0,47,71,14,132,12,30,42,174
10/22/2021,STP,MN,AGL,CE,Towers with Radar,0,17,44,4,65,0,2,36,0,38,0,19,80,4,103,14,0,14,117
10/23/2021,STP,MN,AGL,CE,Towers with Radar,0,10,24,2,36,0,3,87,0,90,0,13,111,2,126,19,0,19,145
10/24/2021,STP,MN,AGL,CE,Towers with Radar,0,26,48,0,74,0,2,31,0,33,0,28,79,0,107,2,0,2,109
10/25/2021,STP,MN,AGL,CE,Towers with Radar,0,23,32,2,57,0,7,20,0,27,0,30,52,2,84,38,0,38,122
10/26/2021,STP,MN,AGL,CE,Towers with Radar,0,20,45,5,70,0,4,29,16,49,0,24,74,21,119,47,12,59,178
10/27/2021,STP,MN,AGL,CE,Towers with Radar,0,20,58,2,80,0,0,16,8,24,0,20,74,10,104,22,0,22,126
10/28/2021,STP,MN,AGL,CE,Towers with Radar,0,20,44,4,68,0,0,0,0,0,0,20,44,4,68,0,0,0,68
10/29/2021,STP,MN,AGL,CE,Towers with Radar,0,19,47,1,67,0,3,24,1,28,0,22,71,2,95,14,0,14,109
10/30/2021,STP,MN,AGL,CE,Towers with Radar,0,5,20,0,25,0,0,79,0,79,0,5,99,0,104,32,0,32,136
10/31/2021,STP,MN,AGL,CE,Towers with Radar,0,8,37,0,45,0,1,14,0,15,0,9,51,0,60,2,0,2,62
11/01/2021,STP,MN,AGL,CE,Towers with Radar,0,32,58,0,90,0,4,21,2,27,0,36,79,2,117,30,2,32,149
11/02/2021,STP,MN,AGL,CE,Towers with Radar,0,18,34,5,57,0,2,21,13,36,0,20,55,18,93,36,6,42,135
11/03/2021,STP,MN,AGL,CE,Towers with Radar,0,26,67,3,96,0,5,36,26,67,0,31,103,29,163,76,34,110,273
11/04/2021,STP,MN,AGL,CE,Towers with Radar,0,31,56,3,90,0,2,27,13,42,0,33,83,16,132,22,8,30,162
11/05/2021,STP,MN,AGL,CE,Towers with Radar,0,16,26,0,42,0,4,11,6,21,0,20,37,6,63,0,0,0,63
11/06/2021,STP,MN,AGL,CE,Towers with Radar,1,18,27,0,46,0,4,77,0,81,1,22,104,0,127,32,0,32,159
11/07/2021,STP,MN,AGL,CE,Towers with Radar,0,17,32,0,49,0,5,20,0,25,0,22,52,0,74,10,0,10,84
11/08/2021,STP,MN,AGL,CE,Towers with Radar,0,16,34,0,50,0,9,24,3,36,0,25,58,3,86,54,0,54,140
11/09/2021,STP,MN,AGL,CE,Towers with Radar,0,19,46,2,67,0,2,25,18,45,0,21,71,20,112,26,6,32,144
11/10/2021,STP,MN,AGL,CE,Towers with Radar,0,16,30,0,46,0,6,3,2,11,0,22,33,2,57,4,0,4,61
11/11/2021,STP,MN,AGL,CE,Towers with Radar,0,5,28,0,33,0,0,3,0,3,0,5,31,0,36,0,0,0,36
11/12/2021,STP,MN,AGL,CE,Towers with Radar,0,9,43,4,56,0,0,1,0,1,0,9,44,4,57,0,0,0,57
11/13/2021,STP,MN,AGL,CE,Towers with Radar,0,8,11,0,19,0,0,4,0,4,0,8,15,0,23,2,0,2,25
11/14/2021,STP,MN,AGL,CE,Towers with Radar,0,15,24,0,39,0,0,14,0,14,0,15,38,0,53,30,0,30,83
11/15/2021,STP,MN,AGL,CE,Towers with Radar,0,19,40,4,63,0,0,28,5,33,0,19,68,9,96,26,0,26,122
11/16/2021,STP,MN,AGL,CE,Towers with Radar,0,19,33,3,55,0,3,18,26,47,0,22,51,29,102,4,0,4,106
11/17/2021,STP,MN,AGL,CE,Towers with Radar,0,9,38,2,49,0,0,11,9,20,0,9,49,11,69,0,0,0,69
11/18/2021,STP,MN,AGL,CE,Towers with Radar,0,17,45,8,70,0,1,4,13,18,0,18,49,21,88,18,0,18,106
11/19/2021,STP,MN,AGL,CE,Towers with Radar,0,18,30,0,48,0,3,24,2,29,0,21,54,2,77,28,0,28,105
11/20/2021,STP,MN,AGL,CE,Towers with Radar,0,15,47,0,62,0,7,67,6,80,0,22,114,6,142,44,8,52,194
11/21/2021,STP,MN,AGL,CE,Towers with Radar,0,19,76,0,95,0,3,6,0,9,0,22,82,0,104,0,0,0,104
11/22/2021,STP,MN,AGL,CE,Towers with Radar,0,30,41,2,73,0,7,36,2,45,0,37,77,4,118,50,0,50,168
11/23/2021,STP,MN,AGL,CE,Towers with Radar,0,19,33,1,53,0,8,33,19,60,0,27,66,20,113,38,0,38,151
11/24/2021,STP,MN,AGL,CE,Towers with Radar,0,8,38,0,46,0,3,22,10,35,0,11,60,10,81,30,56,86,167
11/25/2021,STP,MN,AGL,CE,Towers with Radar,0,12,8,0,20,0,0,12,0,12,0,12,20,0,32,0,0,0,32
11/26/2021,STP,MN,AGL,CE,Towers with Radar,0,13,13,0,26,0,3,18,0,21,0,16,31,0,47,0,0,0,47
11/27/2021,STP,MN,AGL,CE,Towers with Radar,0,14,17,0,31,0,0,23,0,23,0,14,40,0,54,44,0,44,98
11/28/2021,STP,MN,AGL,CE,Towers with Radar,0,14,41,0,55,0,2,33,0,35,0,16,74,0,90,6,0,6,96
11/29/2021,STP,MN,AGL,CE,Towers with Radar,0,21,36,8,65,0,4,13,0,17,0,25,49,8,82,22,2,24,106
11/30/2021,STP,MN,AGL,CE,Towers with Radar,1,19,55,4,79,0,1,10,6,17,1,20,65,10,96,12,18,30,126
12/01/2021,STP,MN,AGL,CE,Towers with Radar,0,25,44,7,76,0,1,17,15,33,0,26,61,22,109,2,0,2,111
12/02/2021,STP,MN,AGL,CE,Towers with Radar,0,19,45,2,66,0,1,30,14,45,0,20,75,16,111,38,6,44,155
12/03/2021,STP,MN,AGL,CE,Towers with Radar,0,16,36,8,60,0,0,15,4,19,0,16,51,12,79,20,0,20,99
12/04/2021,STP,MN,AGL,CE,Towers with Radar,0,6,32,0,38,0,1,57,0,58,0,7,89,0,96,16,0,16,112
12/05/2021,STP,MN,AGL,CE,Towers with Radar,0,6,24,0,30,0,0,1,0,1,0,6,25,0,31,0,0,0,31
12/06/2021,STP,MN,AGL,CE,Towers with Radar,0,23,26,0,49,0,3,5,3,11,0,26,31,3,60,0,0,0,60
12/07/2021,STP,MN,AGL,CE,Towers with Radar,0,23,34,2,59,0,0,1,21,22,0,23,35,23,81,2,44,46,127
12/08/2021,STP,MN,AGL,CE,Towers with Radar,0,22,47,2,71,0,1,11,12,24,0,23,58,14,95,15,0,15,110
12/09/2021,STP,MN,AGL,CE,Towers with Radar,0,20,65,2,87,0,2,21,21,44,0,22,86,23,131,8,10,18,149
12/10/2021,STP,MN,AGL,CE,Towers with Radar,0,7,30,0,37,0,0,0,0,0,0,7,30,0,37,0,0,0,37
12/11/2021,STP,MN,AGL,CE,Towers with Radar,0,10,27,0,37,0,10,25,0,35,0,20,52,0,72,24,0,24,96
12/12/2021,STP,MN,AGL,CE,Towers with Radar,0,17,21,1,39,0,2,22,0,24,0,19,43,1,63,24,0,24,87
12/13/2021,STP,MN,AGL,CE,Towers with Radar,0,24,46,3,73,0,0,10,2,12,0,24,56,5,85,10,6,16,101
12/14/2021,STP,MN,AGL,CE,Towers with Radar,0,22,48,2,72,0,8,14,8,30,0,30,62,10,102,24,0,24,126
12/15/2021,STP,MN,AGL,CE,Towers with Radar,0,10,22,0,32,0,0,2,0,2,0,10,24,0,34,0,0,0,34
12/16/2021,STP,MN,AGL,CE,Towers with Radar,0,22,48,2,72,0,1,3,10,14,0,23,51,12,86,0,8,8,94
12/17/2021,STP,MN,AGL,CE,Towers with Radar,0,24,57,0,81,0,0,21,0,21,0,24,78,0,102,42,0,42,144
12/18/2021,STP,MN,AGL,CE,Towers with Radar,0,7,34,0,41,0,0,56,0,56,0,7,90,0,97,66,0,66,163
12/19/2021,STP,MN,AGL,CE,Towers with Radar,0,7,31,0,38,0,0,7,0,7,0,7,38,0,45,2,0,2,47
12/20/2021,STP,MN,AGL,CE,Towers with Radar,0,24,30,5,59,0,0,20,3,23,0,24,50,8,82,36,0,36,118
12/21/2021,STP,MN,AGL,CE,Towers with Radar,0,18,41,2,61,0,0,5,5,10,0,18,46,7,71,4,0,4,75
12/22/2021,STP,MN,AGL,CE,Towers with Radar,0,24,37,1,62,0,1,19,19,39,0,25,56,20,101,34,6,40,141
12/23/2021,STP,MN,AGL,CE,Towers with Radar,0,11,40,0,51,0,4,35,0,39,0,15,75,0,90,36,1,37,127
12/24/2021,STP,MN,AGL,CE,Towers with Radar,0,3,10,0,13,0,3,2,0,5,0,6,12,0,18,0,0,0,18
12/25/2021,STP,MN,AGL,CE,Towers with Radar,0,6,6,0,12,0,0,1,0,1,0,6,7,0,13,0,0,0,13
12/26/2021,STP,MN,AGL,CE,Towers with Radar,0,20,43,0,63,0,4,8,0,12,0,24,51,0,75,2,0,2,77
12/27/2021,STP,MN,AGL,CE,Towers with Radar,0,21,21,4,46,0,0,0,0,0,0,21,21,4,46,0,0,0,46
12/28/2021,STP,MN,AGL,CE,Towers with Radar,0,12,20,0,32,0,0,0,0,0,0,12,20,0,32,0,0,0,32
12/29/2021,STP,MN,AGL,CE,Towers with Radar,0,29,17,5,51,0,5,8,11,24,0,34,25,16,75,26,8,34,109
12/30/2021,STP,MN,AGL,CE,Towers with Radar,0,14,15,0,29,0,0,2,3,5,0,14,17,3,34,0,10,10,44
12/31/2021,STP,MN,AGL,CE,Towers with Radar,0,8,23,0,31,0,2,0,0,2,0,10,23,0,33,12,0,12,45
01/01/2022,STP,MN,AGL,CE,Towers with Radar,0,19,29,0,48,0,3,9,0,12,0,22,38,0,60,0,0,0,60
01/02/2022,STP,MN,AGL,CE,Towers with Radar,0,26,39,0,65,0,1,6,0,7,0,27,45,0,72,18,0,18,90
01/03/2022,STP,MN,AGL,CE,Towers with Radar,0,8,25,2,35,0,2,14,0,16,0,10,39,2,51,6,0,6,57
01/04/2022,STP,MN,AGL,CE,Towers with Radar,0,13,31,4,48,0,2,20,9,31,0,15,51,13,79,20,0,20,99
01/05/2022,STP,MN,AGL,CE,Towers with Radar,0,10,18,1,29,0,0,0,0,0,0,10,18,1,29,0,0,0,29
01/06/2022,STP,MN,AGL,CE,Towers with Radar,0,7,15,4,26,0,0,3,8,11,0,7,18,12,37,24,8,32,69
01/07/2022,STP,MN,AGL,CE,Towers with Radar,0,13,32,0,45,0,0,6,2,8,0,13,38,2,53,0,0,0,53
01/08/2022,STP,MN,AGL,CE,Towers with Radar,0,9,12,2,23,0,0,36,2,38,0,9,48,4,61,41,0,41,102
01/09/2022,STP,MN,AGL,CE,Towers with Radar,0,19,22,0,41,0,0,10,0,10,0,19,32,0,51,19,0,19,70
01/10/2022,STP,MN,AGL,CE,Towers with Radar,0,18,32,4,54,0,6,9,5,20,0,24,41,9,74,14,18,32,106
01/11/2022,STP,MN,AGL,CE,Towers with Radar,0,23,44,0,67,0,1,19,12,32,0,24,63,12,99,32,0,32,131
01/12/2022,STP,MN,AGL,CE,Towers with Radar,0,15,46,1,62,0,1,26,10,37,0,16,72,11,99,28,4,32,131
01/13/2022,STP,MN,AGL,CE,Towers with Radar,0,7,39,1,47,0,0,6,14,20,0,7,45,15,67,7,12,19,86
01/14/2022,STP,MN,AGL,CE,Towers with Radar,0,6,24,2,32,0,0,1,0,1,0,6,25,2,33,0,0,0,33
01/15/2022,STP,MN,AGL,CE,Towers with Radar,0,13,22,0,35,0,2,37,0,39,0,15,59,0,74,16,0,16,90
01/16/2022,STP,MN,AGL,CE,Towers with Radar,0,6,14,0,20,0,0,10,0,10,0,6,24,0,30,6,0,6,36
01/17/2022,STP,MN,AGL,CE,Towers with Radar,0,15,31,0,46,0,2,18,0,20,0,17,49,0,66,18,0,18,84
01/18/2022,STP,MN,AGL,CE,Towers with Radar,0,12,41,2,55,0,1,11,7,19,0,13,52,9,74,6,4,10,84
01/19/2022,STP,MN,AGL,CE,Towers with Radar,0,17,41,4,62,0,0,5,11,16,0,17,46,15,78,0,2,2,80
01/20/2022,STP,MN,AGL,CE,Towers with Radar,0,14,37,3,54,0,2,7,14,23,0,16,44,17,77,6,16,22,99
01/21/2022,STP,MN,AGL,CE,Towers with Radar,1,17,18,3,39,0,4,5,7,16,1,21,23,10,55,10,0,10,65
01/22/2022,STP,MN,AGL,CE,Towers with Radar,0,8,15,0,23,0,1,8,0,9,0,9,23,0,32,16,0,16,48
01/23/2022,STP,MN,AGL,CE,Towers with Radar,0,13,30,0,43,0,1,9,0,10,0,14,39,0,53,12,0,12,65
01/24/2022,STP,MN,AGL,CE,Towers with Radar,0,8,31,0,39,0,0,18,3,21,0,8,49,3,60,52,0,52,112
01/25/2022,STP,MN,AGL,CE,Towers with Radar,0,12,35,0,47,0,7,11,9,27,0,19,46,9,74,10,2,12,86
01/26/2022,STP,MN,AGL,CE,Towers with Radar,0,13,33,0,46,0,2,7,16,25,0,15,40,16,71,2,14,16,87
01/27/2022,STP,MN,AGL,CE,Towers with Radar,0,15,31,5,51,0,2,12,9,23,0,17,43,14,74,16,0,16,90
01/28/2022,STP,MN,AGL,CE,Towers with Radar,0,16,26,0,42,0,0,16,6,22,0,16,42,6,64,28,2,30,94
01/29/2022,STP,MN,AGL,CE,Towers with Radar,0,7,18,0,25,0,0,16,0,16,0,7,34,0,41,2,0,2,43
01/30/2022,STP,MN,AGL,CE,Towers with Radar,0,16,27,0,43,0,4,18,0,22,0,20,45,0,65,20,0,20,85
01/31/2022,STP,MN,AGL,CE,Towers with Radar,0,13,38,4,55,0,3,33,6,42,0,16,71,10,97,48,0,48,145
02/01/2022,STP,MN,AGL,CE,Towers with Radar,0,9,28,5,42,0,0,2,18,20,0,9,30,23,62,0,0,0,62
02/02/2022,STP,MN,AGL,CE,Towers with Radar,0,32,48,3,83,0,3,12,14,29,0,35,60,17,112,12,2,14,126
02/03/2022,STP,MN,AGL,CE,Towers with Radar,0,28,36,4,68,0,2,11,23,36,0,30,47,27,104,4,0,4,108
02/04/2022,STP,MN,AGL,CE,Towers with Radar,1,8,28,0,37,0,0,12,4,16,1,8,40,4,53,16,0,16,69
02/05/2022,STP,MN,AGL,CE,Towers with Radar,0,7,13,0,20,0,1,28,2,31,0,8,41,2,51,20,0,20,71
02/06/2022,STP,MN,AGL,CE,Towers with Radar,1,10,32,0,43,0,0,8,0,8,1,10,40,0,51,12,0,12,63
02/07/2022,STP,MN,AGL,CE,Towers with Radar,0,13,29,1,43,0,3,18,9,30,0,16,47,10,73,20,0,20,93
02/08/2022,STP,MN,AGL,CE,Towers with Radar,0,21,39,2,62,0,2,14,7,23,0,23,53,9,85,4,2,6,91
02/09/2022,STP,MN,AGL,CE,Towers with Radar,0,15,38,0,53,0,0,4,13,17,0,15,42,13,70,0,8,8,78
02/10/2022,STP,MN,AGL,CE,Towers with Radar,0,12,30,4,46,0,0,1,4,5,0,12,31,8,51,0,2,2,53
02/11/2022,STP,MN,AGL,CE,Towers with Radar,1,18,30,0,49,0,0,6,3,9,1,18,36,3,58,0,0,0,58
02/12/2022,STP,MN,AGL,CE,Towers with Radar,0,19,17,0,36,0,1,61,6,68,0,20,78,6,104,12,0,12,116
02/13/2022,STP,MN,AGL,CE,Towers with Radar,1,17,20,0,38,0,0,17,0,17,1,17,37,0,55,10,0,10,65
02/14/2022,STP,MN,AGL,CE,Towers with Radar,0,22,31,2,55,0,5,18,6,29,0,27,49,8,84,38,0,38,122
02/15/2022,STP,MN,AGL,CE,Towers with Radar,0,13,35,3,51,0,0,14,24,38,0,13,49,27,89,16,0,16,105
02/16/2022,STP,MN,AGL,CE,Towers with Radar,0,19,46,6,71,0,2,17,5,24,0,21,63,11,95,12,2,14,109
02/17/2022,STP,MN,AGL,CE,Towers with Radar,0,10,37,8,55,0,0,13,15,28,0,10,50,23,83,26,14,40,123
02/18/2022,STP,MN,AGL,CE,Towers with Radar,1,15,30,0,46,0,0,1,0,1,1,15,31,0,47,0,0,0,47
02/19/2022,STP,MN,AGL,CE,Towers with Radar,0,8,19,0,27,0,5,50,0,55,0,13,69,0,82,20,0,20,102
02/20/2022,STP,MN,AGL,CE,Towers with Radar,1,11,21,0,33,0,0,31,0,31,1,11,52,0,64,43,0,43,107
02/21/2022,STP,MN,AGL,CE,Towers with Radar,0,12,27,0,39,0,0,4,0,4,0,12,31,0,43,0,0,0,43
02/22/2022,STP,MN,AGL,CE,Towers with Radar,0,5,14,0,19,0,0,0,0,0,0,5,14,0,19,0,0,0,19
02/23/2022,STP,MN,AGL,CE,Towers with Radar,0,26,42,7,75,0,0,14,10,24,0,26,56,17,99,8,6,14,113
02/24/2022,STP,MN,AGL,CE,Towers with Radar,0,12,41,2,55,0,0,2,0,2,0,12,43,2,57,0,0,0,57
02/25/2022,STP,MN,AGL,CE,Towers with Radar,1,11,49,2,63,0,6,20,4,30,1,17,69,6,93,44,4,48,141
02/26/2022,STP,MN,AGL,CE,Towers with Radar,0,7,25,0,32,0,0,32,0,32,0,7,57,0,64,30,0,30,94
02/27/2022,STP,MN,AGL,CE,Towers with Radar,1,8,23,0,32,0,2,29,0,31,1,10,52,0,63,47,0,47,110
02/28/2022,STP,MN,AGL,CE,Towers with Radar,0,21,38,4,63,0,2,16,2,20,0,23,54,6,83,32,4,36,119
03/01/2022,STP,MN,AGL,CE,Towers with Radar,0,25,39,4,68,0,2,16,18,36,0,27,55,22,104,26,0,26,130
03/02/2022,STP,MN,AGL,CE,Towers with Radar,0,28,31,0,59,0,3,10,15,28,0,31,41,15,87,8,14,22,109
03/03/2022,STP,MN,AGL,CE,Towers with Radar,0,25,53,2,80,0,1,17,4,22,0,26,70,6,102,18,0,18,120
03/04/2022,STP,MN,AGL,CE,Towers with Radar,1,28,44,2,75,0,0,5,2,7,1,28,49,4,82,6,0,6,88
03/05/2022,STP,MN,AGL,CE,Towers with Radar,0,9,10,0,19,0,0,0,0,0,0,9,10,0,19,0,0,0,19
03/06/2022,STP,MN,AGL,CE,Towers with Radar,1,19,11,0,31,0,1,7,0,8,1,20,18,0,39,20,0,20,59
03/07/2022,STP,MN,AGL,CE,Towers with Radar,0,24,34,2,60,0,1,17,4,22,0,25,51,6,82,38,0,38,120
03/08/2022,STP,MN,AGL,CE,Towers with Radar,0,25,27,4,56,0,0,21,7,28,0,25,48,11,84,38,0,38,122
03/09/2022,STP,MN,AGL,CE,Towers with Radar,0,17,36,4,57,0,2,12,14,28,0,19,48,18,85,6,0,6,91
03/10/2022,STP,MN,AGL,CE,Towers with Radar,0,23,42,0,65,0,0,17,11,28,0,23,59,11,93,32,14,46,139
03/11/2022,STP,MN,AGL,CE,Towers with Radar,1,14,31,0,46,0,2,15,3,20,1,16,46,3,66,20,0,20,86
03/12/2022,STP,MN,AGL,CE,Towers with Radar,0,12,27,2,41,0,1,46,0,47,0,13,73,2,88,32,0,32,120
03/13/2022,STP,MN,AGL,CE,Towers with Radar,1,14,30,2,47,0,0,35,1,36,1,14,65,3,83,41,0,41,124
03/14/2022,STP,MN,AGL,CE,Towers with Radar,0,14,39,2,55,0,2,5,0,7,0,16,44,2,62,6,0,6,68
03/15/2022,STP,MN,AGL,CE,Towers with Radar,0,28,41,2,71,0,12,38,25,75,0,40,79,27,146,26,22,48,194
03/16/2022,STP,MN,AGL,CE,Towers with Radar,0,22,52,2,76,0,10,27,9,46,0,32,79,11,122,70,2,72,194
03/17/2022,STP,MN,AGL,CE,Towers with Radar,0,21,46,2,69,0,0,27,6,33,0,21,73,8,102,34,0,34,136
03/18/2022,STP,MN,AGL,CE,Towers with Radar,1,30,38,4,73,0,0,19,5,24,1,30,57,9,97,22,0,22,119
03/19/2022,STP,MN,AGL,CE,Towers with Radar,0,12,21,1,34,0,14,35,1,50,0,26,56,2,84,28,0,28,112
03/20/2022,STP,MN,AGL,CE,Towers with Radar,1,17,42,0,60,0,3,28,1,32,1,20,70,1,92,16,0,16,108
03/21/2022,STP,MN,AGL,CE,Towers with Radar,0,27,33,2,62,0,0,19,1,20,0,27,52,3,82,26,0,26,108
03/22/2022,STP,MN,AGL,CE,Towers with Radar,0,11,25,2,38,0,0,0,0,0,0,11,25,2,38,0,0,0,38
03/23/2022,STP,MN,AGL,CE,Towers with Radar,0,13,23,0,36,0,0,1,0,1,0,13,24,0,37,0,0,0,37
03/24/2022,STP,MN,AGL,CE,Towers with Radar,0,11,47,2,60,0,0,20,12,32,0,11,67,14,92,30,2,32,124
03/25/2022,STP,MN,AGL,CE,Towers with Radar,1,10,38,0,49,0,0,4,2,6,1,10,42,2,55,0,0,0,55
03/26/2022,STP,MN,AGL,CE,Towers with Radar,0,10,29,0,39,0,5,37,0,42,0,15,66,0,81,4,0,4,85
03/27/2022,STP,MN,AGL,CE,Towers with Radar,1,29,23,0,53,0,4,24,0,28,1,33,47,0,81,30,0,30,111
03/28/2022,STP,MN,AGL,CE,Towers with Radar,0,15,59,0,74,0,4,21,0,25,0,19,80,0,99,30,0,30,129
03/29/2022,STP,MN,AGL,CE,Towers with Radar,0,17,31,2,50,0,1,10,7,18,0,18,41,9,68,0,8,8,76
03/30/2022,STP,MN,AGL,CE,Towers with Radar,0,15,32,0,47,0,0,0,0,0,0,15,32,0,47,0,0,0,47
03/31/2022,STP,MN,AGL,CE,Towers with Radar,0,23,51,2,76,0,4,8,4,16,0,27,59,6,92,22,0,22,114
04/01/2022,STP,MN,AGL,CE,Towers with Radar,1,19,52,1,73,0,2,27,2,31,1,21,79,3,104,8,0,8,112
04/02/2022,STP,MN,AGL,CE,Towers with Radar,0,8,9,0,17,0,3,48,0,51,0,11,57,0,68,18,0,18,86
04/03/2022,STP,MN,AGL,CE,Towers with Radar,1,10,30,0,41,0,3,13,0,16,1,13,43,0,57,16,0,16,73
04/04/2022,STP,MN,AGL,CE,Towers with Radar,0,35,41,0,76,0,0,8,0,8,0,35,49,0,84,22,0,22,106
04/05/2022,STP,MN,AGL,CE,Towers with Radar,0,12,27,4,43,0,0,2,4,6,0,12,29,8,49,0,0,0,49
04/06/2022,STP,MN,AGL,CE,Towers with Radar,0,16,40,0,56,0,0,2,0,2,0,16,42,0,58,0,4,4,62
04/07/2022,STP,MN,AGL,CE,Towers with Radar,0,20,41,0,61,0,1,0,0,1,0,21,41,0,62,0,0,0,62
04/08/2022,STP,MN,AGL,CE,Towers with Radar,0,19,36,3,58,0,5,21,5,31,0,24,57,8,89,14,6,20,109
04/09/2022,STP,MN,AGL,CE,Towers with Radar,0,13,15,0,28,0,9,61,3,73,0,22,76,3,101,46,0,46,147
04/10/2022,STP,MN,AGL,CE,Towers with Radar,0,16,32,0,48,0,5,19,2,26,0,21,51,2,74,8,0,8,82
04/11/2022,STP,MN,AGL,CE,Towers with Radar,0,10,35,2,47,0,4,12,4,20,0,14,47,6,67,14,0,14,81
04/12/2022,STP,MN,AGL,CE,Towers with Radar,0,16,37,2,55,0,0,8,2,10,0,16,45,4,65,6,0,6,71
04/13/2022,STP,MN,AGL,CE,Towers with Radar,0,9,38,3,50,0,0,13,16,29,0,9,51,19,79,6,0,6,85
04/14/2022,STP,MN,AGL,CE,Towers with Radar,0,8,17,0,25,0,0,0,4,4,0,8,17,4,29,0,12,12,41
04/15/2022,STP,MN,AGL,CE,Towers with Radar,0,9,30,0,39,0,0,9,0,9,0,9,39,0,48,22,0,22,70
04/16/2022,STP,MN,AGL,CE,Towers with Radar,0,6,31,0,37,0,1,57,0,58,0,7,88,0,95,31,0,31,126
04/17/2022,STP,MN,AGL,CE,Towers with Radar,0,14,11,0,25,0,2,5,0,7,0,16,16,0,32,10,0,10,42
04/18/2022,STP,MN,AGL,CE,Towers with Radar,0,25,34,4,63,0,1,2,0,3,0,26,36,4,66,0,0,0,66
04/19/2022,STP,MN,AGL,CE,Towers with Radar,0,37,71,1,109,0,4,38,9,51,0,41,109,10,160,26,0,26,186
04/20/2022,STP,MN,AGL,CE,Towers with Radar,0,13,57,5,75,0,0,9,2,11,0,13,66,7,86,0,0,0,86
04/21/2022,STP,MN,AGL,CE,Towers with Radar,0,20,39,3,62,0,2,31,18,51,0,22,70,21,113,54,4,58,171
04/22/2022,STP,MN,AGL,CE,Towers with Radar,0,14,44,2,60,0,0,3,2,5,0,14,47,4,65,10,2,12,77
04/23/2022,STP,MN,AGL,CE,Towers with Radar,1,16,8,0,25,0,0,5,0,5,1,16,13,0,30,0,0,0,30
04/24/2022,STP,MN,AGL,CE,Towers with Radar,0,7,21,0,28,0,3,8,0,11,0,10,29,0,39,0,0,0,39
04/25/2022,STP,MN,AGL,CE,Towers with Radar,0,9,23,2,34,0,0,7,2,9,0,9,30,4,43,0,0,0,43
04/26/2022,STP,MN,AGL,CE,Towers with Radar,0,15,46,11,72,0,5,30,6,41,0,20,76,17,113,16,18,34,147
04/27/2022,STP,MN,AGL,CE,Towers with Radar,0,20,47,2,69,0,13,38,15,66,0,33,85,17,135,60,2,62,197
04/28/2022,STP,MN,AGL,CE,Towers with Radar,0,11,46,2,59,0,0,20,11,31,0,11,66,13,90,26,18,44,134
04/29/2022,STP,MN,AGL,CE,Towers with Radar,1,14,36,2,53,0,0,7,0,7,1,14,43,2,60,4,0,4,64
04/30/2022,STP,MN,AGL,CE,Towers with Radar,0,9,18,0,27,0,1,0,0,1,0,10,18,0,28,0,0,0,28
05/01/2022,STP,MN,AGL,CE,Towers with Radar,0,11,14,0,25,0,0,4,0,4,0,11,18,0,29,0,0,0,29
05/02/2022,STP,MN,AGL,CE,Towers with Radar,0,17,31,3,51,0,0,12,3,15,0,17,43,6,66,42,0,42,108
05/03/2022,STP,MN,AGL,CE,Towers with Radar,0,19,43,2,64,0,6,35,24,65,0,25,78,26,129,26,0,26,155
05/04/2022,STP,MN,AGL,CE,Towers with Radar,0,28,56,1,85,0,15,32,9,56,0,43,88,10,141,14,12,26,167
05/05/2022,STP,MN,AGL,CE,Towers with Radar,0,19,38,0,57,0,7,29,5,41,0,26,67,5,98,30,0,30,128
05/06/2022,STP,MN,AGL,CE,Towers with Radar,0,28,51,2,81,0,3,27,6,36,0,31,78,8,117,8,0,8,125
05/07/2022,STP,MN,AGL,CE,Towers with Radar,0,10,18,0,28,0,0,77,1,78,0,10,95,1,106,6,0,6,112
05/08/2022,STP,MN,AGL,CE,Towers with Radar,1,19,24,0,44,0,3,5,0,8,1,22,29,0,52,2,0,2,54
05/09/2022,STP,MN,AGL,CE,Towers with Radar,1,13,40,8,62,0,0,12,0,12,1,13,52,8,74,8,0,8,82
05/10/2022,STP,MN,AGL,CE,Towers with Radar,0,34,48,1,83,0,13,29,1,43,0,47,77,2,126,31,0,31,157
05/11/2022,STP,MN,AGL,CE,Towers with Radar,1,20,40,1,62,0,0,8,1,9,1,20,48,2,71,8,0,8,79
05/12/2022,STP,MN,AGL,CE,Towers with Radar,0,14,31,2,47,0,0,10,2,12,0,14,41,4,59,4,0,4,63
05/13/2022,STP,MN,AGL,CE,Towers with Radar,0,19,31,0,50,0,0,29,7,36,0,19,60,7,86,18,0,18,104
05/14/2022,STP,MN,AGL,CE,Towers with Radar,0,12,20,0,32,0,3,83,4,90,0,15,103,4,122,80,0,80,202
05/15/2022,STP,MN,AGL,CE,Towers with Radar,0,14,30,0,44,0,3,31,2,36,0,17,61,2,80,28,0,28,108
05/16/2022,STP,MN,AGL,CE,Towers with Radar,0,16,51,0,67,0,2,35,2,39,0,18,86,2,106,38,0,38,144
05/17/2022,STP,MN,AGL,CE,Towers with Radar,1,19,61,0,81,0,6,34,0,40,1,25,95,0,121,22,0,22,143
05/18/2022,STP,MN,AGL,CE,Towers with Radar,0,14,40,1,55,0,0,26,7,33,0,14,66,8,88,12,0,12,100
05/19/2022,STP,MN,AGL,CE,Towers with Radar,0,27,58,2,87,0,0,15,0,15,0,27,73,2,102,18,0,18,120
05/20/2022,STP,MN,AGL,CE,Towers with Radar,0,15,45,2,62,0,2,16,0,18,0,17,61,2,80,0,0,0,80
05/21/2022,STP,MN,AGL,CE,Towers with Radar,0,7,37,0,44,0,2,74,6,82,0,9,111,6,126,32,0,32,158
05/22/2022,STP,MN,AGL,CE,Towers with Radar,0,20,35,0,55,0,2,33,2,37,0,22,68,2,92,30,0,30,122
05/23/2022,STP,MN,AGL,CE,Towers with Radar,0,13,33,0,46,0,4,35,1,40,0,17,68,1,86,18,0,18,104
05/24/2022,STP,MN,AGL,CE,Towers with Radar,0,20,55,4,79,0,12,48,5,65,0,32,103,9,144,34,0,34,178
05/25/2022,STP,MN,AGL,CE,Towers with Radar,0,25,55,4,84,0,0,0,0,0,0,25,55,4,84,0,0,0,84
05/26/2022,STP,MN,AGL,CE,Towers with Radar,0,10,66,4,80,0,5,18,5,28,0,15,84,9,108,31,2,33,141
05/27/2022,STP,MN,AGL,CE,Towers with Radar,0,18,47,0,65,0,11,40,2,53,0,29,87,2,118,64,0,64,182
05/28/2022,STP,MN,AGL,CE,Towers with Radar,0,17,8,0,25,0,10,28,0,38,0,27,36,0,63,42,0,42,105
05/29/2022,STP,MN,AGL,CE,Towers with Radar,0,13,17,0,30,0,1,2,0,3,0,14,19,0,33,0,0,0,33
05/30/2022,STP,MN,AGL,CE,Towers with Radar,0,9,13,0,22,0,1,10,0,11,0,10,23,0,33,6,0,6,39
05/31/2022,STP,MN,AGL,CE,Towers with Radar,0,19,32,5,56,0,0,5,4,9,0,19,37,9,65,0,0,0,65
06/01/2022,STP,MN,AGL,CE,Towers with Radar,0,19,46,0,65,0,7,35,17,59,0,26,81,17,124,68,14,82,206
06/02/2022,STP,MN,AGL,CE,Towers with Radar,0,15,41,2,58,0,5,28,5,38,0,20,69,7,96,28,0,28,124
06/03/2022,STP,MN,AGL,CE,Towers with Radar,0,22,43,1,66,0,11,31,2,44,0,33,74,3,110,42,0,42,152
06/04/2022,STP,MN,AGL,CE,Towers with Radar,0,4,22,3,29,0,0,66,0,66,0,4,88,3,95,36,0,36,131
06/05/2022,STP,MN,AGL,CE,Towers with Radar,0,12,31,0,43,0,3,24,0,27,0,15,55,0,70,28,0,28,98
06/06/2022,STP,MN,AGL,CE,Towers with Radar,0,19,51,1,71,0,9,35,4,48,0,28,86,5,119,20,0,20,139
06/07/2022,STP,MN,AGL,CE,Towers with Radar,0,20,57,4,81,0,6,34,5,45,0,26,91,9,126,34,0,34,160
06/08/2022,STP,MN,AGL,CE,Towers with Radar,0,15,43,2,60,0,4,38,16,58,0,19,81,18,118,17,0,17,135
06/09/2022,STP,MN,AGL,CE,Towers with Radar,1,17,33,0,51,0,0,32,12,44,1,17,65,12,95,42,0,42,137
06/10/2022,STP,MN,AGL,CE,Towers with Radar,0,20,44,0,64,0,0,37,9,46,0,20,81,9,110,22,0,22,132
06/11/2022,STP,MN,AGL,CE,Towers with Radar,0,25,17,0,42,0,3,51,0,54,0,28,68,0,96,7,0,7,103
06/12/2022,STP,MN,AGL,CE,Towers with Radar,0,19,42,0,61,0,4,21,0,25,0,23,63,0,86,10,0,10,96
06/13/2022,STP,MN,AGL,CE,Towers with Radar,0,28,50,2,80,0,0,10,1,11,0,28,60,3,91,30,0,30,121
06/14/2022,STP,MN,AGL,CE,Towers with Radar,0,29,49,2,80,0,1,23,15,39,0,30,72,17,119,4,8,12,131
06/15/2022,STP,MN,AGL,CE,Towers with Radar,0,14,32,2,48,0,1,28,13,42,0,15,60,15,90,38,0,38,128
06/16/2022,STP,MN,AGL,CE,Towers with Radar,0,18,41,0,59,0,5,10,12,27,0,23,51,12,86,10,2,12,98
06/17/2022,STP,MN,AGL,CE,Towers with Radar,0,29,60,0,89,0,6,30,2,38,0,35,90,2,127,68,0,68,195
06/18/2022,STP,MN,AGL,CE,Towers with Radar,0,10,18,0,28,0,1,82,0,83,0,11,100,0,111,88,0,88,199
06/19/2022,STP,MN,AGL,CE,Towers with Radar,0,10,30,0,40,0,0,18,0,18,0,10,48,0,58,6,0,6,64
06/20/2022,STP,MN,AGL,CE,Towers with Radar,0,18,54,0,72,0,1,30,0,31,0,19,84,0,103,4,0,4,107
06/21/2022,STP,MN,AGL,CE,Towers with Radar,0,15,55,0,70,0,6,31,9,46,0,21,86,9,116,36,0,36,152
06/22/2022,STP,MN,AGL,CE,Towers with Radar,0,28,32,2,62,0,5,51,4,60,0,33,83,6,122,106,0,106,228
06/23/2022,STP,MN,AGL,CE,Towers with Radar,0,22,49,2,73,0,10,31,6,47,0,32,80,8,120,46,2,48,168
06/24/2022,STP,MN,AGL,CE,Towers with Radar,0,10,62,0,72,0,3,28,1,32,0,13,90,1,104,38,0,38,142
06/25/2022,STP,MN,AGL,CE,Towers with Radar,0,14,20,0,34,0,2,82,5,89,0,16,102,5,123,6,8,14,137
06/26/2022,STP,MN,AGL,CE,Towers with Radar,0,6,27,0,33,0,8,10,3,21,0,14,37,3,54,6,0,6,60
06/27/2022,STP,MN,AGL,CE,Towers with Radar,0,29,51,2,82,0,9,48,0,57,0,38,99,2,139,58,0,58,197
06/28/2022,STP,MN,AGL,CE,Towers with Radar,0,14,48,0,62,0,3,35,14,52,0,17,83,14,114,30,0,30,144
06/29/2022,STP,MN,AGL,CE,Towers with Radar,0,16,42,4,62,0,3,19,13,35,0,19,61,17,97,8,0,8,105
06/30/2022,STP,MN,AGL,CE,Towers with Radar,0,24,42,0,66,0,1,35,6,42,0,25,77,6,108,24,0,24,132
07/01/2022,STP,MN,AGL,CE,Towers with Radar,0,12,27,4,43,0,2,29,0,31,0,14,56,4,74,26,0,26,100
07/02/2022,STP,MN,AGL,CE,Towers with Radar,0,8,13,2,23,0,1,76,2,79,0,9,89,4,102,22,0,22,124
07/03/2022,STP,MN,AGL,CE,Towers with Radar,0,2,15,0,17,0,2,20,0,22,0,4,35,0,39,4,0,4,43
07/04/2022,STP,MN,AGL,CE,Towers with Radar,0,10,14,0,24,0,3,5,0,8,0,13,19,0,32,0,0,0,32
07/05/2022,STP,MN,AGL,CE,Towers with Radar,0,15,35,0,50,0,1,14,0,15,0,16,49,0,65,8,0,8,73
07/06/2022,STP,MN,AGL,CE,Towers with Radar,0,19,43,3,65,0,0,32,7,39,0,19,75,10,104,70,0,70,174
07/07/2022,STP,MN,AGL,CE,Towers with Radar,0,12,45,5,62,0,4,9,9,22,0,16,54,14,84,6,12,18,102
07/08/2022,STP,MN,AGL,CE,Towers with Radar,0,10,52,0,62,0,0,19,1,20,0,10,71,1,82,16,0,16,98
07/09/2022,STP,MN,AGL,CE,Towers with Radar,0,6,19,1,26,0,5,91,1,97,0,11,110,2,123,56,0,56,179
07/10/2022,STP,MN,AGL,CE,Towers with Radar,0,15,25,0,40,0,2,21,0,23,0,17,46,0,63,4,0,4,67
07/11/2022,STP,MN,AGL,CE,Towers with Radar,0,9,25,2,36,0,1,13,3,17,0,10,38,5,53,16,0,16,69
07/12/2022,STP,MN,AGL,CE,Towers with Radar,0,10,37,1,48,0,0,27,4,31,0,10,64,5,79,32,0,32,111
07/13/2022,STP,MN,AGL,CE,Towers with Radar,0,16,50,2,68,0,0,38,4,42,0,16,88,6,110,48,0,48,158
07/14/2022,STP,MN,AGL,CE,Towers with Radar,0,13,52,2,67,0,2,21,11,34,0,15,73,13,101,58,16,74,175
07/15/2022,STP,MN,AGL,CE,Towers with Radar,0,22,34,0,56,0,3,27,5,35,0,25,61,5,91,50,0,50,141
07/16/2022,STP,MN,AGL,CE,Towers with Radar,0,9,14,0,23,0,0,44,44,88,0,9,58,44,111,56,0,56,167
07/17/2022,STP,MN,AGL,CE,Towers with Radar,0,18,27,2,47,0,2,25,2,29,0,20,52,4,76,22,0,22,98
07/18/2022,STP,MN,AGL,CE,Towers with Radar,0,20,40,0,60,0,4,27,7,38,0,24,67,7,98,44,0,44,142
07/19/2022,STP,MN,AGL,CE,Towers with Radar,0,30,39,0,69,0,0,15,8,23,0,30,54,8,92,6,0,6,98
07/20/2022,STP,MN,AGL,CE,Towers with Radar,2,12,63,0,77,0,5,19,14,38,2,17,82,14,115,24,3,27,142
07/21/2022,STP,MN,AGL,CE,Towers with Radar,0,22,46,1,69,0,0,30,15,45,0,22,76,16,114,18,0,18,132
07/22/2022,STP,MN,AGL,CE,Towers with Radar,1,15,36,0,52,0,12,36,2,50,1,27,72,2,102,56,0,56,158
07/23/2022,STP,MN,AGL,CE,Towers with Radar,0,6,15,0,21,0,3,14,0,17,0,9,29,0,38,12,0,12,50
07/24/2022,STP,MN,AGL,CE,Towers with Radar,0,12,31,0,43,0,1,34,3,38,0,13,65,3,81,42,0,42,123
07/25/2022,STP,MN,AGL,CE,Towers with Radar,0,19,43,0,62,0,6,36,2,44,0,25,79,2,106,136,0,136,242
07/26/2022,STP,MN,AGL,CE,Towers with Radar,0,19,36,0,55,0,0,19,5,24,0,19,55,5,79,2,26,28,107
07/27/2022,STP,MN,AGL,CE,Towers with Radar,0,31,42,0,73,0,7,36,0,43,0,38,78,0,116,24,0,24,140
07/28/2022,STP,MN,AGL,CE,Towers with Radar,1,17,59,2,79,0,4,28,2,34,1,21,87,4,113,30,2,32,145
07/29/2022,STP,MN,AGL,CE,Towers with Radar,1,16,55,0,72,0,5,27,4,36,1,21,82,4,108,24,0,24,132
07/30/2022,STP,MN,AGL,CE,Towers with Radar,0,9,26,0,35,0,2,94,0,96,0,11,120,0,131,10,0,10,141
07/31/2022,STP,MN,AGL,CE,Towers with Radar,0,10,36,0,46,0,0,12,0,12,0,10,48,0,58,0,0,0,58
08/01/2022,STP,MN,AGL,CE,Towers with Radar,0,23,45,3,71,0,6,37,1,44,0,29,82,4,115,32,0,32,147
08/02/2022,STP,MN,AGL,CE,Towers with Radar,0,13,44,2,59,0,3,20,14,37,0,16,64,16,96,28,8,36,132
08/03/2022,STP,MN,AGL,CE,Towers with Radar,0,39,47,3,89,0,2,22,8,32,0,41,69,11,121,12,0,12,133
08/04/2022,STP,MN,AGL,CE,Towers with Radar,0,23,37,0,60,0,0,34,9,43,0,23,71,9,103,29,2,31,134
08/05/2022,STP,MN,AGL,CE,Towers with Radar,0,19,39,0,58,0,0,34,4,38,0,19,73,4,96,6,0,6,102
08/06/2022,STP,MN,AGL,CE,Towers with Radar,0,10,14,0,24,0,1,7,1,9,0,11,21,1,33,4,0,4,37
08/07/2022,STP,MN,AGL,CE,Towers with Radar,0,17,43,0,60,0,0,26,0,26,0,17,69,0,86,14,0,14,100
08/08/2022,STP,MN,AGL,CE,Towers with Radar,0,18,41,1,60,0,5,57,5,67,0,23,98,6,127,108,0,108,235
08/09/2022,STP,MN,AGL,CE,Towers with Radar,0,34,77,2,113,0,9,95,6,110,0,43,172,8,223,166,0,166,389
08/10/2022,STP,MN,AGL,CE,Towers with Radar,0,13,57,1,71,0,6,97,10,113,0,19,154,11,184,84,10,94,278
08/11/2022,STP,MN,AGL,CE,Towers with Radar,0,16,53,5,74,0,4,68,19,91,0,20,121,24,165,74,0,74,239
08/12/2022,STP,MN,AGL,CE,Towers with Radar,0,17,38,0,55,0,2,24,4,30,0,19,62,4,85,6,0,6,91
08/13/2022,STP,MN,AGL,CE,Towers with Radar,0,9,26,1,36,0,0,61,9,70,0,9,87,10,106,144,0,144,250
08/14/2022,STP,MN,AGL,CE,Towers with Radar,0,18,49,0,67,0,1,27,0,28,0,19,76,0,95,22,0,22,117
08/15/2022,STP,MN,AGL,CE,Towers with Radar,0,11,43,4,58,0,5,70,2,77,0,16,113,6,135,157,4,161,296
08/16/2022,STP,MN,AGL,CE,Towers with Radar,0,23,51,7,81,0,4,77,13,94,0,27,128,20,175,186,6,192,367
08/17/2022,STP,MN,AGL,CE,Towers with Radar,1,14,46,3,64,0,0,61,7,68,1,14,107,10,132,64,4,68,200
08/18/2022,STP,MN,AGL,CE,Towers with Radar,0,15,40,4,59,0,0,46,3,49,0,15,86,7,108,68,0,68,176
08/19/2022,STP,MN,AGL,CE,Towers with Radar,0,13,45,0,58,0,1,18,1,20,0,14,63,1,78,78,6,84,162
08/20/2022,STP,MN,AGL,CE,Towers with Radar,0,11,31,0,42,0,0,87,0,87,0,11,118,0,129,80,0,80,209
08/21/2022,STP,MN,AGL,CE,Towers with Radar,0,13,40,0,53,0,1,78,0,79,0,14,118,0,132,76,0,76,208
08/22/2022,STP,MN,AGL,CE,Towers with Radar,0,19,63,4,86,0,3,53,8,64,0,22,116,12,150,162,0,162,312
08/23/2022,STP,MN,AGL,CE,Towers with Radar,0,15,44,11,70,0,2,75,10,87,0,17,119,21,157,90,0,90,247
08/24/2022,STP,MN,AGL,CE,Towers with Radar,0,18,64,6,88,0,1,56,3,60,0,19,120,9,148,195,0,195,343
08/25/2022,STP,MN,AGL,CE,Towers with Radar,0,19,56,5,80,0,1,49,11,61,0,20,105,16,141,82,0,82,223
08/26/2022,STP,MN,AGL,CE,Towers with Radar,0,12,48,1,61,0,3,76,5,84,0,15,124,6,145,194,0,194,339
08/27/2022,STP,MN,AGL,CE,Towers with Radar,0,7,23,0,30,0,1,40,0,41,0,8,63,0,71,18,0,18,89
08/28/2022,STP,MN,AGL,CE,Towers with Radar,0,11,32,0,43,0,0,15,0,15,0,11,47,0,58,10,0,10,68
08/29/2022,STP,MN,AGL,CE,Towers with Radar,0,14,46,2,62,0,1,23,6,30,0,15,69,8,92,4,0,4,96
08/30/2022,STP,MN,AGL,CE,Towers with Radar,0,16,36,7,59,0,3,34,16,53,0,19,70,23,112,9,4,13,125
08/31/2022,STP,MN,AGL,CE,Towers with Radar,0,19,35,2,56,0,6,47,6,59,0,25,82,8,115,40,0,40,155
09/01/2022,STP,MN,AGL,CE,Towers with Radar,0,12,33,2,47,0,6,37,17,60,0,18,70,19,107,30,0,30,137
09/02/2022,STP,MN,AGL,CE,Towers with Radar,0,9,33,0,42,0,1,24,3,28,0,10,57,3,70,22,6,28,98
09/03/2022,STP,MN,AGL,CE,Towers with Radar,0,6,23,0,29,0,3,73,0,76,0,9,96,0,105,44,0,44,149
09/04/2022,STP,MN,AGL,CE,Towers with Radar,0,7,8,0,15,0,1,29,0,30,0,8,37,0,45,30,0,30,75
09/05/2022,STP,MN,AGL,CE,Towers with Radar,1,22,27,0,50,0,1,24,0,25,1,23,51,0,75,22,0,22,97
09/06/2022,STP,MN,AGL,CE,Towers with Radar,0,15,39,2,56,0,1,28,0,29,0,16,67,2,85,47,0,47,132
09/07/2022,STP,MN,AGL,CE,Towers with Radar,0,16,48,8,72,0,1,32,11,44,0,17,80,19,116,20,22,42,158
09/08/2022,STP,MN,AGL,CE,Towers with Radar,0,36,41,4,81,0,2,21,24,47,0,38,62,28,128,24,0,24,152
09/09/2022,STP,MN,AGL,CE,Towers with Radar,1,12,53,0,66,0,0,2,0,2,1,12,55,0,68,0,0,0,68
09/10/2022,STP,MN,AGL,CE,Towers with Radar,0,5,27,0,32,0,0,66,0,66,0,5,93,0,98,30,0,30,128
09/11/2022,STP,MN,AGL,CE,Towers with Radar,1,26,65,0,92,0,3,30,0,33,1,29,95,0,125,30,0,30,155
09/12/2022,STP,MN,AGL,CE,Towers with Radar,0,18,69,2,89,0,1,31,5,37,0,19,100,7,126,42,0,42,168
09/13/2022,STP,MN,AGL,CE,Towers with Radar,0,25,57,5,87,0,5,27,17,49,0,30,84,22,136,12,12,24,160
09/14/2022,STP,MN,AGL,CE,Towers with Radar,0,26,42,2,70,0,0,19,22,41,0,26,61,24,111,2,12,14,125
09/15/2022,STP,MN,AGL,CE,Towers with Radar,0,24,37,1,62,0,0,17,7,24,0,24,54,8,86,0,0,0,86
09/16/2022,STP,MN,AGL,CE,Towers with Radar,0,18,43,0,61,0,4,23,7,34,0,22,66,7,95,29,0,29,124
09/17/2022,STP,MN,AGL,CE,Towers with Radar,0,7,22,0,29,0,0,63,0,63,0,7,85,0,92,34,0,34,126
09/18/2022,STP,MN,AGL,CE,Towers with Radar,0,16,25,3,44,0,2,52,0,54,0,18,77,3,98,6,0,6,104
09/19/2022,STP,MN,AGL,CE,Towers with Radar,0,18,41,3,62,0,3,17,2,22,0,21,58,5,84,16,0,16,100
09/20/2022,STP,MN,AGL,CE,Towers with Radar,0,14,58,5,77,0,1,21,11,33,0,15,79,16,110,20,22,42,152
09/21/2022,STP,MN,AGL,CE,Towers with Radar,0,28,55,2,85,0,1,31,11,43,0,29,86,13,128,4,10,14,142
09/22/2022,STP,MN,AGL,CE,Towers with Radar,0,18,59,1,78,0,1,49,4,54,0,19,108,5,132,112,0,112,244
09/23/2022,STP,MN,AGL,CE,Towers with Radar,0,25,51,0,76,0,1,17,6,24,0,26,68,6,100,48,0,48,148
09/24/2022,STP,MN,AGL,CE,Towers with Radar,0,1,36,0,37,0,0,68,0,68,0,1,104,0,105,22,0,22,127
09/25/2022,STP,MN,AGL,CE,Towers with Radar,0,29,27,2,58,0,0,48,0,48,0,29,75,2,106,8,0,8,114
09/26/2022,STP,MN,AGL,CE,Towers with Radar,0,16,34,1,51,0,4,23,6,33,0,20,57,7,84,14,0,14,98
09/27/2022,STP,MN,AGL,CE,Towers with Radar,0,18,40,1,59,0,0,25,8,33,0,18,65,9,92,32,16,48,140
09/28/2022,STP,MN,AGL,CE,Towers with Radar,0,12,40,0,52,0,2,34,2,38,0,14,74,2,90,50,0,50,140
09/29/2022,STP,MN,AGL,CE,Towers with Radar,0,16,45,2,63,0,0,28,3,31,0,16,73,5,94,36,0,36,130
09/30/2022,STP,MN,AGL,CE,Towers with Radar,0,15,46,0,61,0,0,47,1,48,0,15,93,1,109,98,0,98,207
10/01/2022,STP,MN,AGL,CE,Towers with Radar,0,14,31,0,45,0,2,44,0,46,0,16,75,0,91,36,0,36,127
10/02/2022,STP,MN,AGL,CE,Towers with Radar,0,18,36,0,54,0,0,29,0,29,0,18,65,0,83,25,0,25,108
10/03/2022,STP,MN,AGL,CE,Towers with Radar,0,20,41,3,64,0,0,29,6,35,0,20,70,9,99,6,0,6,105
10/04/2022,STP,MN,AGL,CE,Towers with Radar,1,21,57,3,82,0,0,44,26,70,1,21,101,29,152,38,10,48,200
10/05/2022,STP,MN,AGL,CE,Towers with Radar,0,21,45,8,74,0,2,24,16,42,0,23,69,24,116,18,0,18,134
10/06/2022,STP,MN,AGL,CE,Towers with Radar,0,29,43,5,77,0,3,21,16,40,0,32,64,21,117,22,0,22,139
10/07/2022,STP,MN,AGL,CE,Towers with Radar,0,25,50,4,79,0,0,29,7,36,0,25,79,11,115,34,0,34,149
10/08/2022,STP,MN,AGL,CE,Towers with Radar,0,15,35,0,50,0,2,62,0,64,0,17,97,0,114,34,0,34,148
10/09/2022,STP,MN,AGL,CE,Towers with Radar,0,33,71,3,107,0,0,26,0,26,0,33,97,3,133,28,0,28,161
10/10/2022,STP,MN,AGL,CE,Towers with Radar,0,24,44,0,68,0,5,25,0,30,0,29,69,0,98,40,0,40,138
10/11/2022,STP,MN,AGL,CE,Towers with Radar,0,22,47,0,69,0,3,16,4,23,0,25,63,4,92,10,0,10,102
10/12/2022,STP,MN,AGL,CE,Towers with Radar,0,22,45,2,69,0,4,13,15,32,0,26,58,17,101,16,8,24,125
10/13/2022,STP,MN,AGL,CE,Towers with Radar,0,20,31,11,62,0,5,19,6,30,0,25,50,17,92,18,2,20,112
10/14/2022,STP,MN,AGL,CE,Towers with Radar,0,22,22,1,45,0,1,6,1,8,0,23,28,2,53,0,0,0,53
10/15/2022,STP,MN,AGL,CE,Towers with Radar,0,10,21,0,31,0,0,77,5,82,0,10,98,5,113,18,0,18,131
10/16/2022,STP,MN,AGL,CE,Towers with Radar,0,23,27,0,50,0,1,14,0,15,0,24,41,0,65,10,0,10,75
10/17/2022,STP,MN,AGL,CE,Towers with Radar,1,32,39,2,74,0,0,12,4,16,1,32,51,6,90,14,0,14,104
10/18/2022,STP,MN,AGL,CE,Towers with Radar,0,21,49,4,74,0,4,19,10,33,0,25,68,14,107,22,2,24,131
10/19/2022,STP,MN,AGL,CE,Towers with Radar,0,33,52,3,88,0,0,41,6,47,0,33,93,9,135,34,6,40,175
10/20/2022,STP,MN,AGL,CE,Towers with Radar,0,19,39,2,60,0,2,32,11,45,0,21,71,13,105,40,8,48,153
10/21/2022,STP,MN,AGL,CE,Towers with Radar,0,17,27,0,44,0,0,43,0,43,0,17,70,0,87,56,0,56,143
10/22/2022,STP,MN,AGL,CE,Towers with Radar,0,8,22,0,30,0,1,43,0,44,0,9,65,0,74,0,0,0,74
10/23/2022,STP,MN,AGL,CE,Towers with Radar,1,18,19,0,38,0,2,12,1,15,1,20,31,1,53,0,0,0,53
10/24/2022,STP,MN,AGL,CE,Towers with Radar,0,10,38,2,50,0,0,13,9,22,0,10,51,11,72,2,0,2,74
10/25/2022,STP,MN,AGL,CE,Towers with Radar,0,21,39,5,65,0,3,17,25,45,0,24,56,30,110,52,0,52,162
10/26/2022,STP,MN,AGL,CE,Towers with Radar,0,16,60,2,78,0,2,31,15,48,0,18,91,17,126,12,2,14,140
10/27/2022,STP,MN,AGL,CE,Towers with Radar,2,24,43,1,70,0,0,14,5,19,2,24,57,6,89,22,0,22,111
10/28/2022,STP,MN,AGL,CE,Towers with Radar,0,13,39,7,59,0,0,31,3,34,0,13,70,10,93,40,2,42,135
10/29/2022,STP,MN,AGL,CE,Towers with Radar,0,9,20,0,29,0,3,71,0,74,0,12,91,0,103,44,0,44,147
10/30/2022,STP,MN,AGL,CE,Towers with Radar,0,21,71,0,92,0,0,21,0,21,0,21,92,0,113,12,0,12,125
10/31/2022,STP,MN,AGL,CE,Towers with Radar,0,16,47,4,67,0,2,14,2,18,0,18,61,6,85,14,0,14,99
11/01/2022,STP,MN,AGL,CE,Towers with Radar,0,18,45,2,65,0,2,36,12,50,0,20,81,14,115,32,4,36,151
11/02/2022,STP,MN,AGL,CE,Towers with Radar,0,21,45,4,70,0,0,6,18,24,0,21,51,22,94,2,4,6,100
11/03/2022,STP,MN,AGL,CE,Towers with Radar,1,15,51,0,67,0,1,7,8,16,1,16,58,8,83,12,4,16,99
11/04/2022,STP,MN,AGL,CE,Towers with Radar,0,13,36,2,51,0,0,12,0,12,0,13,48,2,63,38,0,38,101
11/05/2022,STP,MN,AGL,CE,Towers with Radar,0,3,17,0,20,0,0,7,0,7,0,3,24,0,27,4,0,4,31
11/06/2022,STP,MN,AGL,CE,Towers with Radar,0,4,29,0,33,0,0,6,0,6,0,4,35,0,39,8,0,8,47
11/07/2022,STP,MN,AGL,CE,Towers with Radar,0,28,58,0,86,0,0,36,4,40,0,28,94,4,126,44,0,44,170
11/08/2022,STP,MN,AGL,CE,Towers with Radar,0,12,37,4,53,0,2,6,3,11,0,14,43,7,64,0,0,0,64
11/09/2022,STP,MN,AGL,CE,Towers with Radar,0,11,48,6,65,0,0,0,5,5,0,11,48,11,70,12,14,26,96
11/10/2022,STP,MN,AGL,CE,Towers with Radar,1,15,46,2,64,0,1,0,0,1,1,16,46,2,65,6,0,6,71
11/11/2022,STP,MN,AGL,CE,Towers with Radar,0,10,30,0,40,0,0,6,0,6,0,10,36,0,46,0,0,0,46
11/12/2022,STP,MN,AGL,CE,Towers with Radar,0,9,15,0,24,0,3,48,0,51,0,12,63,0,75,12,0,12,87
11/13/2022,STP,MN,AGL,CE,Towers with Radar,1,9,27,2,39,0,5,12,0,17,1,14,39,2,56,38,0,38,94
11/14/2022,STP,MN,AGL,CE,Towers with Radar,0,16,38,0,54,0,0,1,0,1,0,16,39,0,55,0,0,0,55
11/15/2022,STP,MN,AGL,CE,Towers with Radar,0,6,31,0,37,0,0,0,0,0,0,6,31,0,37,0,0,0,37
11/16/2022,STP,MN,AGL,CE,Towers with Radar,0,9,29,2,40,0,0,5,8,13,0,9,34,10,53,0,40,40,93
11/17/2022,STP,MN,AGL,CE,Towers with Radar,0,10,45,2,57,0,0,4,2,6,0,10,49,4,63,0,0,0,63
11/18/2022,STP,MN,AGL,CE,Towers with Radar,1,20,47,0,68,0,1,14,5,20,1,21,61,5,88,6,0,6,94
11/19/2022,STP,MN,AGL,CE,Towers with Radar,0,16,24,1,41,0,0,26,13,39,0,16,50,14,80,8,0,8,88
11/20/2022,STP,MN,AGL,CE,Towers with Radar,0,26,64,0,90,0,0,27,3,30,0,26,91,3,120,16,0,16,136
11/21/2022,STP,MN,AGL,CE,Towers with Radar,1,17,41,0,59,0,0,31,2,33,1,17,72,2,92,60,0,60,152
11/22/2022,STP,MN,AGL,CE,Towers with Radar,0,20,34,3,57,0,0,35,22,57,0,20,69,25,114,24,10,34,148
11/23/2022,STP,MN,AGL,CE,Towers with Radar,0,8,33,1,42,0,11,39,1,51,0,19,72,2,93,24,0,24,117
11/24/2022,STP,MN,AGL,CE,Towers with Radar,0,8,9,0,17,0,0,11,0,11,0,8,20,0,28,10,0,10,38
11/25/2022,STP,MN,AGL,CE,Towers with Radar,0,6,31,0,37,0,0,21,0,21,0,6,52,0,58,16,0,16,74
11/26/2022,STP,MN,AGL,CE,Towers with Radar,0,8,17,0,25,0,1,34,2,37,0,9,51,2,62,40,0,40,102
11/27/2022,STP,MN,AGL,CE,Towers with Radar,0,17,28,0,45,0,2,16,0,18,0,19,44,0,63,20,0,20,83
11/28/2022,STP,MN,AGL,CE,Towers with Radar,0,24,33,2,59,0,0,28,8,36,0,24,61,10,95,24,16,40,135
11/29/2022,STP,MN,AGL,CE,Towers with Radar,0,8,23,0,31,0,0,0,0,0,0,8,23,0,31,0,0,0,31
11/30/2022,STP,MN,AGL,CE,Towers with Radar,2,22,25,0,49,0,5,6,23,34,2,27,31,23,83,0,0,0,83
12/01/2022,STP,MN,AGL,CE,Towers with Radar,0,15,33,3,51,0,1,16,16,33,0,16,49,19,84,18,34,52,136
12/02/2022,STP,MN,AGL,CE,Towers with Radar,0,15,35,2,52,0,0,12,0,12,0,15,47,2,64,16,0,16,80
12/03/2022,STP,MN,AGL,CE,Towers with Radar,1,12,20,0,33,0,7,21,0,28,1,19,41,0,61,27,0,27,88
12/04/2022,STP,MN,AGL,CE,Towers with Radar,1,18,56,0,75,0,6,29,0,35,1,24,85,0,110,24,0,24,134
12/05/2022,STP,MN,AGL,CE,Towers with Radar,0,18,28,5,51,0,2,24,10,36,0,20,52,15,87,68,0,68,155
12/06/2022,STP,MN,AGL,CE,Towers with Radar,0,27,37,2,66,0,0,22,15,37,0,27,59,17,103,42,8,50,153
12/07/2022,STP,MN,AGL,CE,Towers with Radar,0,16,41,3,60,0,3,25,12,40,0,19,66,15,100,20,0,20,120
12/08/2022,STP,MN,AGL,CE,Towers with Radar,0,11,44,3,58,0,5,22,13,40,0,16,66,16,98,62,0,62,160
12/09/2022,STP,MN,AGL,CE,Towers with Radar,0,9,32,5,46,0,3,4,2,9,0,12,36,7,55,0,4,4,59
12/10/2022,STP,MN,AGL,CE,Towers with Radar,0,4,20,0,24,0,0,4,0,4,0,4,24,0,28,0,0,0,28
12/11/2022,STP,MN,AGL,CE,Towers with Radar,0,13,15,2,30,0,1,3,0,4,0,14,18,2,34,0,0,0,34
12/12/2022,STP,MN,AGL,CE,Towers with Radar,0,12,44,6,62,0,1,2,3,6,0,13,46,9,68,0,8,8,76
12/13/2022,STP,MN,AGL,CE,Towers with Radar,0,9,21,0,30,0,0,0,0,0,0,9,21,0,30,0,0,0,30
12/14/2022,STP,MN,AGL,CE,Towers with Radar,0,12,40,0,52,0,0,0,1,1,0,12,40,1,53,0,8,8,61
12/15/2022,STP,MN,AGL,CE,Towers with Radar,0,14,27,2,43,0,0,0,0,0,0,14,27,2,43,0,0,0,43
12/16/2022,STP,MN,AGL,CE,Towers with Radar,0,13,34,4,51,0,0,0,0,0,0,13,34,4,51,0,16,16,67
12/17/2022,STP,MN,AGL,CE,Towers with Radar,0,14,50,0,64,0,0,9,0,9,0,14,59,0,73,0,0,0,73
12/18/2022,STP,MN,AGL,CE,Towers with Radar,0,13,19,0,32,0,0,13,0,13,0,13,32,0,45,16,0,16,61
12/19/2022,STP,MN,AGL,CE,Towers with Radar,0,9,32,4,45,0,1,4,1,6,0,10,36,5,51,18,0,18,69
12/20/2022,STP,MN,AGL,CE,Towers with Radar,0,25,45,2,72,0,4,22,32,58,0,29,67,34,130,34,16,50,180
12/21/2022,STP,MN,AGL,CE,Towers with Radar,0,3,16,0,19,0,0,0,0,0,0,3,16,0,19,0,0,0,19
12/22/2022,STP,MN,AGL,CE,Towers with Radar,1,11,26,0,38,0,0,4,2,6,1,11,30,2,44,8,0,8,52
12/23/2022,STP,MN,AGL,CE,Towers with Radar,0,7,9,0,16,0,0,0,0,0,0,7,9,0,16,0,0,0,16
12/24/2022,STP,MN,AGL,CE,Towers with Radar,0,13,21,0,34,0,4,0,0,4,0,17,21,0,38,0,0,0,38
12/25/2022,STP,MN,AGL,CE,Towers with Radar,0,9,4,0,13,0,1,0,0,1,0,10,4,0,14,0,0,0,14
12/26/2022,STP,MN,AGL,CE,Towers with Radar,0,19,35,0,54,0,1,23,0,24,0,20,58,0,78,32,0,32,110
12/27/2022,STP,MN,AGL,CE,Towers with Radar,0,30,35,4,69,0,1,19,2,22,0,31,54,6,91,28,0,28,119
12/28/2022,STP,MN,AGL,CE,Towers with Radar,0,15,26,0,41,0,5,24,10,39,0,20,50,10,80,26,0,26,106
12/29/2022,STP,MN,AGL,CE,Towers with Radar,0,20,16,2,38,0,3,7,9,19,0,23,23,11,57,10,0,10,67
12/30/2022,STP,MN,AGL,CE,Towers with Radar,0,30,32,0,62,0,0,18,0,18,0,30,50,0,80,8,0,8,88
12/31/2022,STP,MN,AGL,CE,Towers with Radar,0,8,13,0,21,0,1,12,0,13,0,9,25,0,34,6,0,6,40
01/01/2023,STP,MN,AGL,CE,Towers with Radar,0,34,42,0,76,0,0,5,0,5,0,34,47,0,81,8,0,8,89
01/02/2023,STP,MN,AGL,CE,Towers with Radar,0,8,68,0,76,0,0,0,0,0,0,8,68,0,76,0,0,0,76
01/03/2023,STP,MN,AGL,CE,Towers with Radar,0,6,12,0,18,0,0,0,0,0,0,6,12,0,18,0,0,0,18
01/04/2023,STP,MN,AGL,CE,Towers with Radar,0,10,26,0,36,0,0,5,0,5,0,10,31,0,41,12,0,12,53
01/05/2023,STP,MN,AGL,CE,Towers with Radar,0,23,20,4,47,0,1,4,0,5,0,24,24,4,52,0,24,24,76
01/06/2023,STP,MN,AGL,CE,Towers with Radar,0,4,29,5,38,0,0,17,0,17,0,4,46,5,55,22,0,22,77
01/07/2023,STP,MN,AGL,CE,Towers with Radar,0,15,17,2,34,0,1,14,0,15,0,16,31,2,49,10,0,10,59
01/08/2023,STP,MN,AGL,CE,Towers with Radar,0,7,26,2,35,0,0,21,0,21,0,7,47,2,56,24,0,24,80
01/09/2023,STP,MN,AGL,CE,Towers with Radar,0,12,39,6,57,0,0,11,0,11,0,12,50,6,68,58,0,58,126
01/10/2023,STP,MN,AGL,CE,Towers with Radar,0,14,31,0,45,0,0,0,0,0,0,14,31,0,45,0,0,0,45
01/11/2023,STP,MN,AGL,CE,Towers with Radar,0,10,15,0,25,0,0,0,3,3,0,10,15,3,28,0,30,30,58
01/12/2023,STP,MN,AGL,CE,Towers with Radar,0,17,32,7,56,0,0,25,8,33,0,17,57,15,89,30,4,34,123
01/13/2023,STP,MN,AGL,CE,Towers with Radar,0,13,37,4,54,0,0,4,2,6,0,13,41,6,60,0,14,14,74
01/14/2023,STP,MN,AGL,CE,Towers with Radar,0,13,43,0,56,0,4,50,0,54,0,17,93,0,110,60,0,60,170
01/15/2023,STP,MN,AGL,CE,Towers with Radar,0,29,68,0,97,0,1,30,0,31,0,30,98,0,128,54,0,54,182
01/16/2023,STP,MN,AGL,CE,Towers with Radar,0,14,23,0,37,0,1,0,0,1,0,15,23,0,38,0,0,0,38
01/17/2023,STP,MN,AGL,CE,Towers with Radar,0,14,34,13,61,0,0,6,5,11,0,14,40,18,72,0,30,30,102
01/18/2023,STP,MN,AGL,CE,Towers with Radar,0,20,39,1,60,0,1,7,16,24,0,21,46,17,84,40,24,64,148
01/19/2023,STP,MN,AGL,CE,Towers with Radar,0,8,26,0,34,0,0,0,1,1,0,8,26,1,35,0,22,22,57
01/20/2023,STP,MN,AGL,CE,Towers with Radar,0,17,19,0,36,0,0,9,3,12,0,17,28,3,48,10,0,10,58
01/21/2023,STP,MN,AGL,CE,Towers with Radar,0,7,20,2,29,0,0,1,0,1,0,7,21,2,30,0,0,0,30
01/22/2023,STP,MN,AGL,CE,Towers with Radar,0,16,19,1,36,0,0,0,0,0,0,16,19,1,36,10,0,10,46
01/23/2023,STP,MN,AGL,CE,Towers with Radar,0,12,27,1,40,0,0,10,2,12,0,12,37,3,52,0,0,0,52
01/24/2023,STP,MN,AGL,CE,Towers with Radar,0,21,50,0,71,0,0,27,9,36,0,21,77,9,107,34,4,38,145
01/25/2023,STP,MN,AGL,CE,Towers with Radar,2,5,38,5,50,0,0,3,7,10,2,5,41,12,60,0,0,0,60
01/26/2023,STP,MN,AGL,CE,Towers with Radar,0,27,39,3,69,0,0,14,14,28,0,27,53,17,97,34,14,48,145
01/27/2023,STP,MN,AGL,CE,Towers with Radar,1,14,29,1,45,0,1,12,0,13,1,15,41,1,58,10,0,10,68
01/28/2023,STP,MN,AGL,CE,Towers with Radar,0,10,21,1,32,0,2,54,25,81,0,12,75,26,113,12,0,12,125
01/29/2023,STP,MN,AGL,CE,Towers with Radar,2,18,29,0,49,0,7,24,0,31,2,25,53,0,80,34,0,34,114
01/30/2023,STP,MN,AGL,CE,Towers with Radar,0,6,55,7,68,0,6,17,2,25,0,12,72,9,93,16,0,16,109
01/31/2023,STP,MN,AGL,CE,Towers with Radar,0,18,32,2,52,0,5,37,8,50,0,23,69,10,102,8,0,8,110
02/01/2023,STP,MN,AGL,CE,Towers with Radar,1,12,20,0,33,0,1,20,11,32,1,13,40,11,65,34,2,36,101
02/02/2023,STP,MN,AGL,CE,Towers with Radar,0,34,38,2,74,0,1,20,11,32,0,35,58,13,106,12,0,12,118
02/03/2023,STP,MN,AGL,CE,Towers with Radar,1,16,35,0,52,0,1,62,2,65,1,17,97,2,117,28,0,28,145
02/04/2023,STP,MN,AGL,CE,Towers with Radar,0,12,12,2,26,0,0,77,0,77,0,12,89,2,103,18,0,18,121
02/05/2023,STP,MN,AGL,CE,Towers with Radar,0,15,36,0,51,0,2,25,4,31,0,17,61,4,82,36,0,36,118
02/06/2023,STP,MN,AGL,CE,Towers with Radar,0,10,20,2,32,0,0,3,0,3,0,10,23,2,35,0,0,0,35
02/07/2023,STP,MN,AGL,CE,Towers with Radar,0,14,42,4,60,0,3,30,10,43,0,17,72,14,103,42,0,42,145
02/08/2023,STP,MN,AGL,CE,Towers with Radar,0,21,37,1,59,0,4,32,9,45,0,25,69,10,104,32,0,32,136
02/09/2023,STP,MN,AGL,CE,Towers with Radar,0,23,40,4,67,0,1,12,9,22,0,24,52,13,89,12,18,30,119
02/10/2023,STP,MN,AGL,CE,Towers with Radar,2,28,46,5,81,0,0,21,1,22,2,28,67,6,103,18,0,18,121
02/11/2023,STP,MN,AGL,CE,Towers with Radar,1,8,16,0,25,0,2,78,0,80,1,10,94,0,105,14,0,14,119
02/12/2023,STP,MN,AGL,CE,Towers with Radar,0,8,30,0,38,0,2,31,0,33,0,10,61,0,71,51,0,51,122
02/13/2023,STP,MN,AGL,CE,Towers with Radar,2,21,48,0,71,0,2,33,4,39,2,23,81,4,110,26,0,26,136
02/14/2023,STP,MN,AGL,CE,Towers with Radar,1,19,32,1,53,0,0,2,3,5,1,19,34,4,58,4,32,36,94
02/15/2023,STP,MN,AGL,CE,Towers with Radar,1,8,30,1,40,0,0,8,8,16,1,8,38,9,56,14,0,14,70
02/16/2023,STP,MN,AGL,CE,Towers with Radar,0,20,35,2,57,0,5,21,20,46,0,25,56,22,103,28,2,30,133
02/17/2023,STP,MN,AGL,CE,Towers with Radar,0,28,36,2,66,0,0,17,2,19,0,28,53,4,85,32,0,32,117
02/18/2023,STP,MN,AGL,CE,Towers with Radar,0,16,23,0,39,0,1,65,0,66,0,17,88,0,105,26,0,26,131
02/19/2023,STP,MN,AGL,CE,Towers with Radar,0,12,24,0,36,0,0,18,0,18,0,12,42,0,54,6,0,6,60
02/20/2023,STP,MN,AGL,CE,Towers with Radar,1,22,20,0,43,0,2,1,0,3,1,24,21,0,46,0,0,0,46
02/21/2023,STP,MN,AGL,CE,Towers with Radar,0,6,30,0,36,0,0,10,2,12,0,6,40,2,48,0,0,0,48
02/22/2023,STP,MN,AGL,CE,Towers with Radar,0,6,10,0,16,0,0,0,0,0,0,6,10,0,16,0,0,0,16
02/23/2023,STP,MN,AGL,CE,Towers with Radar,0,8,6,0,14,0,0,2,0,2,0,8,8,0,16,0,0,0,16
02/24/2023,STP,MN,AGL,CE,Towers with Radar,1,12,20,0,33,0,0,11,6,17,1,12,31,6,50,16,6,22,72
02/25/2023,STP,MN,AGL,CE,Towers with Radar,1,7,10,0,18,0,1,39,0,40,1,8,49,0,58,18,0,18,76
02/26/2023,STP,MN,AGL,CE,Towers with Radar,2,13,31,0,46,0,4,34,2,40,2,17,65,2,86,28,0,28,114
02/27/2023,STP,MN,AGL,CE,Towers with Radar,0,23,23,0,46,0,0,0,0,0,0,23,23,0,46,0,0,0,46
02/28/2023,STP,MN,AGL,CE,Towers with Radar,0,16,34,3,53,0,0,27,13,40,0,16,61,16,93,30,16,46,139
03/01/2023,STP,MN,AGL,CE,Towers with Radar,2,16,32,2,52,0,0,1,5,6,2,16,33,7,58,0,26,26,84
03/02/2023,STP,MN,AGL,CE,Towers with Radar,2,16,42,2,62,0,2,10,18,30,2,18,52,20,92,12,10,22,114
03/03/2023,STP,MN,AGL,CE,Towers with Radar,0,20,26,6,52,0,3,14,1,18,0,23,40,7,70,16,0,16,86
03/04/2023,STP,MN,AGL,CE,Towers with Radar,0,12,30,0,42,0,4,55,0,59,0,16,85,0,101,32,0,32,133
03/05/2023,STP,MN,AGL,CE,Towers with Radar,0,12,27,0,39,0,0,12,0,12,0,12,39,0,51,0,0,0,51
03/06/2023,STP,MN,AGL,CE,Towers with Radar,0,8,21,3,32,0,2,4,1,7,0,10,25,4,39,8,0,8,47
03/07/2023,STP,MN,AGL,CE,Towers with Radar,0,22,33,3,58,0,0,25,11,36,0,22,58,14,94,44,0,44,138
03/08/2023,STP,MN,AGL,CE,Towers with Radar,0,13,42,2,57,0,1,11,2,14,0,14,53,4,71,16,0,16,87
03/09/2023,STP,MN,AGL,CE,Towers with Radar,1,4,33,0,38,0,0,0,0,0,1,4,33,0,38,0,0,0,38
03/10/2023,STP,MN,AGL,CE,Towers with Radar,0,6,25,0,31,0,0,15,1,16,0,6,40,1,47,28,0,28,75
03/11/2023,STP,MN,AGL,CE,Towers with Radar,0,9,12,1,22,0,0,0,0,0,0,9,12,1,22,0,0,0,22
03/12/2023,STP,MN,AGL,CE,Towers with Radar,0,16,27,2,45,0,0,0,0,0,0,16,27,2,45,0,0,0,45
03/13/2023,STP,MN,AGL,CE,Towers with Radar,0,20,30,2,52,0,2,23,4,29,0,22,53,6,81,16,0,16,97
03/14/2023,STP,MN,AGL,CE,Towers with Radar,0,33,37,4,74,0,4,18,12,34,0,37,55,16,108,6,10,16,124
03/15/2023,STP,MN,AGL,CE,Towers with Radar,1,27,53,1,82,0,1,19,14,34,1,28,72,15,116,44,0,44,160
03/16/2023,STP,MN,AGL,CE,Towers with Radar,0,13,26,0,39,0,0,0,0,0,0,13,26,0,39,0,0,0,39
03/17/2023,STP,MN,AGL,CE,Towers with Radar,0,10,30,1,41,0,0,3,1,4,0,10,33,2,45,0,0,0,45
03/18/2023,STP,MN,AGL,CE,Towers with Radar,0,13,18,0,31,0,6,43,0,49,0,19,61,0,80,26,0,26,106
03/19/2023,STP,MN,AGL,CE,Towers with Radar,0,13,23,0,36,0,12,23,0,35,0,25,46,0,71,28,0,28,99
03/20/2023,STP,MN,AGL,CE,Towers with Radar,0,18,25,4,47,0,3,23,4,30,0,21,48,8,77,32,0,32,109
03/21/2023,STP,MN,AGL,CE,Towers with Radar,0,12,24,7,43,0,1,7,11,19,0,13,31,18,62,36,10,46,108
03/22/2023,STP,MN,AGL,CE,Towers with Radar,0,13,23,0,36,0,0,7,13,20,0,13,30,13,56,32,7,39,95
03/23/2023,STP,MN,AGL,CE,Towers with Radar,0,25,33,4,62,0,3,30,18,51,0,28,63,22,113,62,14,76,189
03/24/2023,STP,MN,AGL,CE,Towers with Radar,0,30,23,3,56,0,2,24,4,30,0,32,47,7,86,68,0,68,154
03/25/2023,STP,MN,AGL,CE,Towers with Radar,1,11,20,0,32,0,0,57,0,57,1,11,77,0,89,34,0,34,123
03/26/2023,STP,MN,AGL,CE,Towers with Radar,0,11,38,0,49,0,28,33,0,61,0,39,71,0,110,8,0,8,118
03/27/2023,STP,MN,AGL,CE,Towers with Radar,0,23,40,0,63,0,0,36,2,38,0,23,76,2,101,36,0,36,137
03/28/2023,STP,MN,AGL,CE,Towers with Radar,0,22,44,0,66,0,0,16,21,37,0,22,60,21,103,10,24,34,137
03/29/2023,STP,MN,AGL,CE,Towers with Radar,0,16,44,2,62,0,2,25,9,36,0,18,69,11,98,22,0,22,120
03/30/2023,STP,MN,AGL,CE,Towers with Radar,0,13,27,6,46,0,0,9,3,12,0,13,36,9,58,8,8,16,74
03/31/2023,STP,MN,AGL,CE,Towers with Radar,0,19,18,1,38,0,0,0,0,0,0,19,18,1,38,0,0,0,38
04/01/2023,STP,MN,AGL,CE,Towers with Radar,0,33,13,0,46,0,1,28,0,29,0,34,41,0,75,18,0,18,93
04/02/2023,STP,MN,AGL,CE,Towers with Radar,0,14,16,0,30,0,0,13,0,13,0,14,29,0,43,0,0,0,43
04/03/2023,STP,MN,AGL,CE,Towers with Radar,2,16,25,0,43,0,0,18,3,21,2,16,43,3,64,22,0,22,86
04/04/2023,STP,MN,AGL,CE,Towers with Radar,0,7,33,2,42,0,0,0,4,4,0,7,33,6,46,4,0,4,50
04/05/2023,STP,MN,AGL,CE,Towers with Radar,0,10,15,1,26,0,0,6,11,17,0,10,21,12,43,0,12,12,55
04/06/2023,STP,MN,AGL,CE,Towers with Radar,1,16,35,2,54,0,0,21,11,32,1,16,56,13,86,32,6,38,124
04/07/2023,STP,MN,AGL,CE,Towers with Radar,0,16,33,4,53,0,0,29,0,29,0,16,62,4,82,24,0,24,106
04/08/2023,STP,MN,AGL,CE,Towers with Radar,0,14,22,0,36,0,5,47,0,52,0,19,69,0,88,14,0,14,102
04/09/2023,STP,MN,AGL,CE,Towers with Radar,0,10,15,0,25,0,1,8,0,9,0,11,23,0,34,0,0,0,34
04/10/2023,STP,MN,AGL,CE,Towers with Radar,0,17,44,0,61,0,0,33,5,38,0,17,77,5,99,22,0,22,121
04/11/2023,STP,MN,AGL,CE,Towers with Radar,1,25,51,2,79,0,0,26,23,49,1,25,77,25,128,28,14,42,170
04/12/2023,STP,MN,AGL,CE,Towers with Radar,0,22,44,2,68,0,4,31,15,50,0,26,75,17,118,4,0,4,122
04/13/2023,STP,MN,AGL,CE,Towers with Radar,0,19,40,1,60,0,1,29,16,46,0,20,69,17,106,12,10,22,128
04/14/2023,STP,MN,AGL,CE,Towers with Radar,0,11,27,0,38,0,0,18,11,29,0,11,45,11,67,18,0,18,85
04/15/2023,STP,MN,AGL,CE,Towers with Radar,1,9,25,0,35,0,0,0,0,0,1,9,25,0,35,0,0,0,35
04/16/2023,STP,MN,AGL,CE,Towers with Radar,0,8,12,0,20,0,0,0,0,0,0,8,12,0,20,0,0,0,20
04/17/2023,STP,MN,AGL,CE,Towers with Radar,0,18,26,2,46,0,2,12,6,20,0,20,38,8,66,28,4,32,98
04/18/2023,STP,MN,AGL,CE,Towers with Radar,0,3,13,5,21,0,0,11,15,26,0,3,24,20,47,0,0,0,47
04/19/2023,STP,MN,AGL,CE,Towers with Radar,0,16,30,0,46,0,2,3,5,10,0,18,33,5,56,2,0,2,58
04/20/2023,STP,MN,AGL,CE,Towers with Radar,0,15,26,2,43,0,0,0,0,0,0,15,26,2,43,0,0,0,43
04/21/2023,STP,MN,AGL,CE,Towers with Radar,1,10,12,0,23,0,0,7,0,7,1,10,19,0,30,0,0,0,30
04/22/2023,STP,MN,AGL,CE,Towers with Radar,0,7,8,0,15,0,1,53,0,54,0,8,61,0,69,8,0,8,77
04/23/2023,STP,MN,AGL,CE,Towers with Radar,0,14,37,0,51,0,4,28,0,32,0,18,65,0,83,32,0,32,115
04/24/2023,STP,MN,AGL,CE,Towers with Radar,1,18,43,2,64,0,0,20,3,23,1,18,63,5,87,16,0,16,103
04/25/2023,STP,MN,AGL,CE,Towers with Radar,0,13,35,4,52,0,1,41,17,59,0,14,76,21,111,22,0,22,133
04/26/2023,STP,MN,AGL,CE,Towers with Radar,0,6,35,2,43,0,2,31,2,35,0,8,66,4,78,38,0,38,116
04/27/2023,STP,MN,AGL,CE,Towers with Radar,0,13,37,2,52,0,0,20,2,22,0,13,57,4,74,44,6,50,124
04/28/2023,STP,MN,AGL,CE,Towers with Radar,0,20,33,0,53,0,1,3,0,4,0,21,36,0,57,0,0,0,57
04/29/2023,STP,MN,AGL,CE,Towers with Radar,0,6,17,0,23,0,0,6,0,6,0,6,23,0,29,0,0,0,29
04/30/2023,STP,MN,AGL,CE,Towers with Radar,0,11,9,0,20,0,2,0,6,8,0,13,9,6,28,0,0,0,28
05/01/2023,STP,MN,AGL,CE,Towers with Radar,0,14,35,0,49,0,1,6,1,8,0,15,41,1,57,2,0,2,59
05/02/2023,STP,MN,AGL,CE,Towers with Radar,0,21,34,2,57,0,2,27,4,33,0,23,61,6,90,22,0,22,112
05/03/2023,STP,MN,AGL,CE,Towers with Radar,0,16,33,0,49,0,0,24,1,25,0,16,57,1,74,14,0,14,88
05/04/2023,STP,MN,AGL,CE,Towers with Radar,0,17,48,2,67,0,4,27,0,31,0,21,75,2,98,12,0,12,110
05/05/2023,STP,MN,AGL,CE,Towers with Radar,0,19,34,2,55,0,2,6,3,11,0,21,40,5,66,10,0,10,76
05/06/2023,STP,MN,AGL,CE,Towers with Radar,0,9,19,0,28,0,0,2,0,2,0,9,21,0,30,0,0,0,30
05/07/2023,STP,MN,AGL,CE,Towers with Radar,0,16,22,0,38,0,2,27,0,29,0,18,49,0,67,34,0,34,101
05/08/2023,STP,MN,AGL,CE,Towers with Radar,0,20,41,1,62,0,0,15,4,19,0,20,56,5,81,22,0,22,103
05/09/2023,STP,MN,AGL,CE,Towers with Radar,0,16,51,2,69,0,0,19,15,34,0,16,70,17,103,38,2,40,143
05/10/2023,STP,MN,AGL,CE,Towers with Radar,0,16,44,5,65,0,2,35,19,56,0,18,79,24,121,66,14,80,201
05/11/2023,STP,MN,AGL,CE,Towers with Radar,0,22,50,1,73,0,1,20,16,37,0,23,70,17,110,29,0,29,139
05/12/2023,STP,MN,AGL,CE,Towers with Radar,0,14,41,1,56,0,1,25,6,32,0,15,66,7,88,28,0,28,116
05/13/2023,STP,MN,AGL,CE,Towers with Radar,0,10,28,0,38,0,0,31,0,31,0,10,59,0,69,22,0,22,91
05/14/2023,STP,MN,AGL,CE,Towers with Radar,0,6,26,0,32,0,17,13,0,30,0,23,39,0,62,0,0,0,62
05/15/2023,STP,MN,AGL,CE,Towers with Radar,1,19,43,2,65,0,8,39,6,53,1,27,82,8,118,42,0,42,160
05/16/2023,STP,MN,AGL,CE,Towers with Radar,0,26,37,3,66,0,0,38,15,53,0,26,75,18,119,22,2,24,143
05/17/2023,STP,MN,AGL,CE,Towers with Radar,1,12,57,0,70,0,1,48,14,63,1,13,105,14,133,42,0,42,175
05/18/2023,STP,MN,AGL,CE,Towers with Radar,0,15,56,3,74,0,1,16,2,19,0,16,72,5,93,18,0,18,111
05/19/2023,STP,MN,AGL,CE,Towers with Radar,2,8,34,0,44,0,0,30,0,30,2,8,64,0,74,31,0,31,105
05/20/2023,STP,MN,AGL,CE,Towers with Radar,0,8,20,0,28,0,18,81,5,104,0,26,101,5,132,18,0,18,150
05/21/2023,STP,MN,AGL,CE,Towers with Radar,0,14,23,0,37,0,2,51,3,56,0,16,74,3,93,30,0,30,123
05/22/2023,STP,MN,AGL,CE,Towers with Radar,0,16,42,1,59,0,3,26,0,29,0,19,68,1,88,6,0,6,94
05/23/2023,STP,MN,AGL,CE,Towers with Radar,0,15,47,1,63,0,6,35,2,43,0,21,82,3,106,28,0,28,134
05/24/2023,STP,MN,AGL,CE,Towers with Radar,0,34,61,3,98,0,5,31,2,38,0,39,92,5,136,22,0,22,158
05/25/2023,STP,MN,AGL,CE,Towers with Radar,0,16,64,7,87,0,8,24,13,45,0,24,88,20,132,34,6,40,172
05/26/2023,STP,MN,AGL,CE,Towers with Radar,0,20,46,0,66,0,2,40,0,42,0,22,86,0,108,12,0,12,120
05/27/2023,STP,MN,AGL,CE,Towers with Radar,0,8,19,0,27,0,8,59,2,69,0,16,78,2,96,48,0,48,144
05/28/2023,STP,MN,AGL,CE,Towers with Radar,0,8,11,0,19,0,10,39,0,49,0,18,50,0,68,2,0,2,70
05/29/2023,STP,MN,AGL,CE,Towers with Radar,0,16,26,0,42,0,1,25,0,26,0,17,51,0,68,14,0,14,82
05/30/2023,STP,MN,AGL,CE,Towers with Radar,0,19,52,1,72,0,1,14,2,17,0,20,66,3,89,0,0,0,89
05/31/2023,STP,MN,AGL,CE,Towers with Radar,0,15,56,5,76,0,0,32,5,37,0,15,88,10,113,8,10,18,131
06/01/2023,STP,MN,AGL,CE,Towers with Radar,0,14,39,2,55,0,1,26,4,31,0,15,65,6,86,4,6,10,96
06/02/2023,STP,MN,AGL,CE,Towers with Radar,0,12,49,0,61,0,0,27,0,27,0,12,76,0,88,10,0,10,98
06/03/2023,STP,MN,AGL,CE,Towers with Radar,0,12,14,0,26,0,7,71,0,78,0,19,85,0,104,64,0,64,168
06/04/2023,STP,MN,AGL,CE,Towers with Radar,0,15,20,1,36,0,1,35,0,36,0,16,55,1,72,26,0,26,98
06/05/2023,STP,MN,AGL,CE,Towers with Radar,0,9,35,1,45,0,0,23,4,27,0,9,58,5,72,14,0,14,86
06/06/2023,STP,MN,AGL,CE,Towers with Radar,0,16,55,2,73,0,2,40,17,59,0,18,95,19,132,44,0,44,176
06/07/2023,STP,MN,AGL,CE,Towers with Radar,0,11,65,2,78,0,1,25,4,30,0,12,90,6,108,16,0,16,124
06/08/2023,STP,MN,AGL,CE,Towers with Radar,0,20,55,2,77,0,1,24,4,29,0,21,79,6,106,32,0,32,138
06/09/2023,STP,MN,AGL,CE,Towers with Radar,0,15,36,0,51,0,0,36,4,40,0,15,72,4,91,48,2,50,141
06/10/2023,STP,MN,AGL,CE,Towers with Radar,0,10,22,0,32,0,0,11,0,11,0,10,33,0,43,6,0,6,49
06/11/2023,STP,MN,AGL,CE,Towers with Radar,0,9,27,0,36,0,8,9,0,17,0,17,36,0,53,8,0,8,61
06/12/2023,STP,MN,AGL,CE,Towers with Radar,0,10,39,0,49,0,3,29,2,34,0,13,68,2,83,32,0,32,115
06/13/2023,STP,MN,AGL,CE,Towers with Radar,0,24,36,0,60,0,2,38,1,41,0,26,74,1,101,40,0,40,141
06/14/2023,STP,MN,AGL,CE,Towers with Radar,0,16,45,0,61,0,1,14,1,16,0,17,59,1,77,6,0,6,83
06/15/2023,STP,MN,AGL,CE,Towers with Radar,0,27,47,0,74,0,3,27,2,32,0,30,74,2,106,56,0,56,162
06/16/2023,STP,MN,AGL,CE,Towers with Radar,0,13,47,2,62,0,6,35,0,41,0,19,82,2,103,36,0,36,139
06/17/2023,STP,MN,AGL,CE,Towers with Radar,0,5,13,0,18,0,0,52,1,53,0,5,65,1,71,42,0,42,113
06/18/2023,STP,MN,AGL,CE,Towers with Radar,0,17,18,0,35,0,0,24,0,24,0,17,42,0,59,14,0,14,73
06/19/2023,STP,MN,AGL,CE,Towers with Radar,1,13,45,0,59,0,4,35,0,39,1,17,80,0,98,28,0,28,126
06/20/2023,STP,MN,AGL,CE,Towers with Radar,1,10,42,1,54,0,2,24,1,27,1,12,66,2,81,30,0,30,111
06/21/2023,STP,MN,AGL,CE,Towers with Radar,0,11,43,2,56,0,3,39,9,51,0,14,82,11,107,20,6,26,133
06/22/2023,STP,MN,AGL,CE,Towers with Radar,0,19,56,2,77,0,0,37,4,41,0,19,93,6,118,50,2,52,170
06/23/2023,STP,MN,AGL,CE,Towers with Radar,0,22,44,0,66,0,2,29,2,33,0,24,73,2,99,25,0,25,124
06/24/2023,STP,MN,AGL,CE,Towers with Radar,1,10,19,0,30,0,1,20,0,21,1,11,39,0,51,20,0,20,71
06/25/2023,STP,MN,AGL,CE,Towers with Radar,1,15,30,0,46,0,0,2,2,4,1,15,32,2,50,0,0,0,50
06/26/2023,STP,MN,AGL,CE,Towers with Radar,0,6,35,0,41,0,4,24,2,30,0,10,59,2,71,24,0,24,95
06/27/2023,STP,MN,AGL,CE,Towers with Radar,0,18,65,5,88,0,9,23,5,37,0,27,88,10,125,24,0,24,149
06/28/2023,STP,MN,AGL,CE,Towers with Radar,0,17,47,3,67,0,0,2,9,11,0,17,49,12,78,0,0,0,78
06/29/2023,STP,MN,AGL,CE,Towers with Radar,0,14,52,2,68,0,7,32,13,52,0,21,84,15,120,52,0,52,172
06/30/2023,STP,MN,AGL,CE,Towers with Radar,0,17,27,0,44,0,1,39,1,41,0,18,66,1,85,28,0,28,113
07/01/2023,STP,MN,AGL,CE,Towers with Radar,0,11,37,0,48,0,0,67,0,67,0,11,104,0,115,16,0,16,131
07/02/2023,STP,MN,AGL,CE,Towers with Radar,0,13,12,0,25,0,0,22,0,22,0,13,34,0,47,20,0,20,67
07/03/2023,STP,MN,AGL,CE,Towers with Radar,0,7,23,0,30,0,0,27,0,27,0,7,50,0,57,16,0,16,73
07/04/2023,STP,MN,AGL,CE,Towers with Radar,0,11,13,0,24,0,1,12,0,13,0,12,25,0,37,2,0,2,39
07/05/2023,STP,MN,AGL,CE,Towers with Radar,0,13,37,2,52,0,6,16,4,26,0,19,53,6,78,26,12,38,116
07/06/2023,STP,MN,AGL,CE,Towers with Radar,0,14,31,0,45,0,2,35,6,43,0,16,66,6,88,54,0,54,142
07/07/2023,STP,MN,AGL,CE,Towers with Radar,0,14,36,1,51,0,4,34,5,43,0,18,70,6,94,30,0,30,124
07/08/2023,STP,MN,AGL,CE,Towers with Radar,0,9,26,0,35,0,5,82,0,87,0,14,108,0,122,12,0,12,134
07/09/2023,STP,MN,AGL,CE,Towers with Radar,0,10,28,2,40,0,0,29,0,29,0,10,57,2,69,8,0,8,77
07/10/2023,STP,MN,AGL,CE,Towers with Radar,0,12,37,0,49,0,4,13,1,18,0,16,50,1,67,0,0,0,67
07/11/2023,STP,MN,AGL,CE,Towers with Radar,1,18,35,1,55,0,2,24,12,38,1,20,59,13,93,28,2,30,123
07/12/2023,STP,MN,AGL,CE,Towers with Radar,1,16,53,3,73,0,7,39,11,57,1,23,92,14,130,68,4,72,202
07/13/2023,STP,MN,AGL,CE,Towers with Radar,0,14,38,0,52,0,6,19,5,30,0,20,57,5,82,56,0,56,138
07/14/2023,STP,MN,AGL,CE,Towers with Radar,0,6,36,0,42,0,3,17,5,25,0,9,53,5,67,2,0,2,69
07/15/2023,STP,MN,AGL,CE,Towers with Radar,2,12,23,0,37,0,5,64,0,69,2,17,87,0,106,4,0,4,110
07/16/2023,STP,MN,AGL,CE,Towers with Radar,1,16,37,0,54,0,5,17,1,23,1,21,54,1,77,4,0,4,81
07/17/2023,STP,MN,AGL,CE,Towers with Radar,0,17,56,0,73,0,1,30,3,34,0,18,86,3,107,26,0,26,133
07/18/2023,STP,MN,AGL,CE,Towers with Radar,0,13,46,1,60,0,1,28,9,38,0,14,74,10,98,36,0,36,134
07/19/2023,STP,MN,AGL,CE,Towers with Radar,0,17,41,1,59,0,4,20,15,39,0,21,61,16,98,20,0,20,118
07/20/2023,STP,MN,AGL,CE,Towers with Radar,0,16,54,0,70,0,1,35,8,44,0,17,89,8,114,55,0,55,169
07/21/2023,STP,MN,AGL,CE,Towers with Radar,0,12,52,2,66,0,2,30,4,36,0,14,82,6,102,36,0,36,138
07/22/2023,STP,MN,AGL,CE,Towers with Radar,0,10,22,0,32,0,5,10,2,17,0,15,32,2,49,4,0,4,53
07/23/2023,STP,MN,AGL,CE,Towers with Radar,0,18,37,0,55,0,0,41,2,43,0,18,78,2,98,28,0,28,126
07/24/2023,STP,MN,AGL,CE,Towers with Radar,0,11,42,0,53,0,2,25,5,32,0,13,67,5,85,38,0,38,123
07/25/2023,STP,MN,AGL,CE,Towers with Radar,0,12,63,2,77,0,1,43,9,53,0,13,106,11,130,62,0,62,192
07/26/2023,STP,MN,AGL,CE,Towers with Radar,0,13,43,0,56,0,2,16,7,25,0,15,59,7,81,18,0,18,99
07/27/2023,STP,MN,AGL,CE,Towers with Radar,1,15,39,0,55,0,8,13,14,35,1,23,52,14,90,14,0,14,104
07/28/2023,STP,MN,AGL,CE,Towers with Radar,0,10,54,0,64,0,2,30,2,34,0,12,84,2,98,46,0,46,144
07/29/2023,STP,MN,AGL,CE,Towers with Radar,1,4,19,0,24,0,3,59,0,62,1,7,78,0,86,34,0,34,120
07/30/2023,STP,MN,AGL,CE,Towers with Radar,0,9,36,0,45,0,0,22,0,22,0,9,58,0,67,18,0,18,85
07/31/2023,STP,MN,AGL,CE,Towers with Radar,2,15,42,0,59,0,8,16,2,26,2,23,58,2,85,34,0,34,119
08/01/2023,STP,MN,AGL,CE,Towers with Radar,1,29,36,0,66,0,0,25,11,36,1,29,61,11,102,50,6,56,158
08/02/2023,STP,MN,AGL,CE,Towers with Radar,0,11,43,0,54,0,4,20,4,28,0,15,63,4,82,36,0,36,118
08/03/2023,STP,MN,AGL,CE,Towers with Radar,0,22,47,0,69,0,0,14,11,25,0,22,61,11,94,38,18,56,150
08/04/2023,STP,MN,AGL,CE,Towers with Radar,0,19,32,0,51,0,4,42,1,47,0,23,74,1,98,74,0,74,172
08/05/2023,STP,MN,AGL,CE,Towers with Radar,0,19,23,0,42,0,0,32,0,32,0,19,55,0,74,24,0,24,98
08/06/2023,STP,MN,AGL,CE,Towers with Radar,0,16,39,0,55,0,0,6,0,6,0,16,45,0,61,8,0,8,69
08/07/2023,STP,MN,AGL,CE,Towers with Radar,0,18,37,0,55,0,8,28,6,42,0,26,65,6,97,34,0,34,131
08/08/2023,STP,MN,AGL,CE,Towers with Radar,0,18,54,4,76,0,8,37,14,59,0,26,91,18,135,26,0,26,161
08/09/2023,STP,MN,AGL,CE,Towers with Radar,0,14,43,0,57,0,1,37,15,53,0,15,80,15,110,32,0,32,142
08/10/2023,STP,MN,AGL,CE,Towers with Radar,0,15,41,0,56,0,3,35,3,41,0,18,76,3,97,76,0,76,173
08/11/2023,STP,MN,AGL,CE,Towers with Radar,0,13,40,0,53,0,3,26,4,33,0,16,66,4,86,38,0,38,124
08/12/2023,STP,MN,AGL,CE,Towers with Radar,0,10,11,0,21,0,4,65,2,71,0,14,76,2,92,18,0,18,110
08/13/2023,STP,MN,AGL,CE,Towers with Radar,0,10,29,0,39,0,0,19,0,19,0,10,48,0,58,2,0,2,60
08/14/2023,STP,MN,AGL,CE,Towers with Radar,0,10,53,0,63,0,1,37,0,38,0,11,90,0,101,30,0,30,131
08/15/2023,STP,MN,AGL,CE,Towers with Radar,0,25,58,4,87,0,15,71,5,91,0,40,129,9,178,64,0,64,242
08/16/2023,STP,MN,AGL,CE,Towers with Radar,0,14,39,2,55,0,0,26,17,43,0,14,65,19,98,30,2,32,130
08/17/2023,STP,MN,AGL,CE,Towers with Radar,0,23,40,2,65,0,11,39,9,59,0,34,79,11,124,28,0,28,152
08/18/2023,STP,MN,AGL,CE,Towers with Radar,0,14,39,1,54,0,3,40,2,45,0,17,79,3,99,36,0,36,135
08/19/2023,STP,MN,AGL,CE,Towers with Radar,0,16,26,0,42,0,15,73,1,89,0,31,99,1,131,26,0,26,157
08/20/2023,STP,MN,AGL,CE,Towers with Radar,0,10,25,0,35,0,7,13,0,20,0,17,38,0,55,2,0,2,57
08/21/2023,STP,MN,AGL,CE,Towers with Radar,0,16,51,0,67,0,4,13,1,18,0,20,64,1,85,12,0,12,97
08/22/2023,STP,MN,AGL,CE,Towers with Radar,0,19,63,0,82,0,4,25,11,40,0,23,88,11,122,6,0,6,128
08/23/2023,STP,MN,AGL,CE,Towers with Radar,0,25,45,3,73,0,2,37,19,58,0,27,82,22,131,16,0,16,147
08/24/2023,STP,MN,AGL,CE,Towers with Radar,2,16,43,4,65,0,4,17,11,32,2,20,60,15,97,4,27,31,128
08/25/2023,STP,MN,AGL,CE,Towers with Radar,0,20,30,0,50,0,0,24,1,25,0,20,54,1,75,36,0,36,111
08/26/2023,STP,MN,AGL,CE,Towers with Radar,0,12,37,0,49,0,4,48,0,52,0,16,85,0,101,14,0,14,115
08/27/2023,STP,MN,AGL,CE,Towers with Radar,0,11,26,0,37,0,3,26,0,29,0,14,52,0,66,13,0,13,79
08/28/2023,STP,MN,AGL,CE,Towers with Radar,0,10,33,0,43,0,3,21,5,29,0,13,54,5,72,16,0,16,88
08/29/2023,STP,MN,AGL,CE,Towers with Radar,0,21,46,0,67,0,0,33,12,45,0,21,79,12,112,24,0,24,136
08/30/2023,STP,MN,AGL,CE,Towers with Radar,0,12,65,3,80,0,1,34,11,46,0,13,99,14,126,48,4,52,178
08/31/2023,STP,MN,AGL,CE,Towers with Radar,1,19,61,0,81,0,1,29,1,31,1,20,90,1,112,12,0,12,124
