01/01/2000,STS,CA,AWP,WE,Towers with Display (VFR),0,5,14,0,19,0,1,124,0,125,0,6,138,0,144,44,0,44,188
01/02/2000,STS,CA,AWP,WE,Towers with Display (VFR),0,7,23,0,30,0,1,228,0,229,0,8,251,0,259,142,0,142,401
01/03/2000,STS,CA,AWP,WE,Towers with Display (VFR),0,7,21,0,28,0,25,207,0,232,0,32,228,0,260,168,0,168,428
01/04/2000,STS,CA,AWP,WE,Towers with Display (VFR),0,15,55,0,70,0,0,34,0,34,0,15,89,0,104,56,0,56,160
01/05/2000,STS,CA,AWP,WE,Towers with Display (VFR),0,0,0,0,0,0,17,275,0,292,0,17,275,0,292,146,0,146,438
01/06/2000,STS,CA,AWP,WE,Towers with Display (VFR),0,11,37,0,48,0,9,223,0,232,0,20,260,0,280,110,0,110,390
01/07/2000,STS,CA,AWP,WE,Towers with Display (VFR),0,13,46,0,59,0,1,232,0,233,0,14,278,0,292,102,0,102,394
01/08/2000,STS,CA,AWP,WE,Towers with Display (VFR),0,8,25,0,33,0,9,115,0,124,0,17,140,0,157,82,0,82,239
01/09/2000,STS,CA,AWP,WE,Towers with Display (VFR),0,7,25,0,32,0,6,306,0,312,0,13,331,0,344,176,0,176,520
01/10/2000,STS,CA,AWP,WE,Towers with Display (VFR),0,17,58,0,75,0,0,14,0,14,0,17,72,0,89,0,0,0,89
01/11/2000,STS,CA,AWP,WE,Towers with Display (VFR),0,14,48,0,62,0,9,9,2,20,0,23,57,2,82,0,0,0,82
01/12/2000,STS,CA,AWP,WE,Towers with Display (VFR),0,13,46,1,60,0,10,172,1,183,0,23,218,2,243,162,0,162,405
01/13/2000,STS,CA,AWP,WE,Towers with Display (VFR),0,15,69,0,84,0,0,39,0,39,0,15,108,0,123,10,0,10,133
01/14/2000,STS,CA,AWP,WE,Towers with Display (VFR),0,9,67,0,76,0,0,22,0,22,0,9,89,0,98,8,0,8,106
01/15/2000,STS,CA,AWP,WE,Towers with Display (VFR),0,7,27,0,34,0,8,88,2,98,0,15,115,2,132,86,0,86,218
01/16/2000,STS,CA,AWP,WE,Towers with Display (VFR),0,10,44,0,54,0,0,128,7,135,0,10,172,7,189,126,0,126,315
01/17/2000,STS,CA,AWP,WE,Towers with Display (VFR),0,12,45,0,57,0,9,116,0,125,0,21,161,0,182,152,1,153,335
01/18/2000,STS,CA,AWP,WE,Towers with Display (VFR),0,14,51,0,65,0,4,29,0,33,0,18,80,0,98,6,0,6,104
01/19/2000,STS,CA,AWP,WE,Towers with Display (VFR),0,17,62,0,79,0,5,5,0,10,0,22,67,0,89,0,0,0,89
01/20/2000,STS,CA,AWP,WE,Towers with Display (VFR),0,10,51,0,61,0,0,113,0,113,0,10,164,0,174,46,0,46,220
01/21/2000,STS,CA,AWP,WE,Towers with Display (VFR),0,15,62,0,77,0,0,43,0,43,0,15,105,0,120,18,0,18,138
01/22/2000,STS,CA,AWP,WE,Towers with Display (VFR),0,8,31,0,39,0,3,147,0,150,0,11,178,0,189,182,0,182,371
01/23/2000,STS,CA,AWP,WE,Towers with Display (VFR),0,7,33,0,40,6,0,10,3,19,6,7,43,3,59,2,2,4,63
01/24/2000,STS,CA,AWP,WE,Towers with Display (VFR),0,15,55,0,70,0,3,20,0,23,0,18,75,0,93,0,0,0,93
01/25/2000,STS,CA,AWP,WE,Towers with Display (VFR),0,13,49,0,62,0,1,35,0,36,0,14,84,0,98,56,0,56,154
01/26/2000,STS,CA,AWP,WE,Towers with Display (VFR),0,7,28,0,35,0,7,233,0,240,0,14,261,0,275,131,0,131,406
01/27/2000,STS,CA,AWP,WE,Towers with Display (VFR),0,11,42,0,53,0,3,193,0,196,0,14,235,0,249,96,0,96,345
01/28/2000,STS,CA,AWP,WE,Towers with Display (VFR),0,14,51,0,65,0,5,190,0,195,0,19,241,0,260,94,0,94,354
01/29/2000,STS,CA,AWP,WE,Towers with Display (VFR),0,5,21,0,26,0,16,329,0,345,0,21,350,0,371,132,0,132,503
01/30/2000,STS,CA,AWP,WE,Towers with Display (VFR),0,4,18,0,22,0,11,21,0,32,0,15,39,0,54,0,0,0,54
01/31/2000,STS,CA,AWP,WE,Towers with Display (VFR),0,11,44,0,55,0,3,6,0,9,0,14,50,0,64,0,0,0,64
02/01/2000,STS,CA,AWP,WE,Towers with Display (VFR),0,18,65,0,83,0,0,48,0,48,0,18,113,0,131,78,0,78,209
02/02/2000,STS,CA,AWP,WE,Towers with Display (VFR),0,8,29,0,37,0,8,167,0,175,0,16,196,0,212,154,0,154,366
02/03/2000,STS,CA,AWP,WE,Towers with Display (VFR),0,12,44,0,56,0,4,56,0,60,0,16,100,0,116,30,0,30,146
02/04/2000,STS,CA,AWP,WE,Towers with Display (VFR),0,11,40,0,51,0,4,108,0,112,0,15,148,0,163,104,0,104,267
02/05/2000,STS,CA,AWP,WE,Towers with Display (VFR),0,7,24,0,31,0,9,18,0,27,0,16,42,0,58,0,0,0,58
02/06/2000,STS,CA,AWP,WE,Towers with Display (VFR),0,9,31,0,40,0,8,256,0,264,0,17,287,0,304,166,0,166,470
02/07/2000,STS,CA,AWP,WE,Towers with Display (VFR),0,9,33,0,42,0,18,176,0,194,0,27,209,0,236,154,0,154,390
02/08/2000,STS,CA,AWP,WE,Towers with Display (VFR),0,12,42,0,54,0,6,113,0,119,0,18,155,0,173,64,0,64,237
02/09/2000,STS,CA,AWP,WE,Towers with Display (VFR),0,15,66,0,81,0,0,23,0,23,0,15,89,0,104,2,0,2,106
02/10/2000,STS,CA,AWP,WE,Towers with Display (VFR),0,10,35,0,45,0,10,77,0,87,0,20,112,0,132,40,0,40,172
02/11/2000,STS,CA,AWP,WE,Towers with Display (VFR),0,9,45,0,54,0,0,7,0,7,0,9,52,0,61,0,0,0,61
02/12/2000,STS,CA,AWP,WE,Towers with Display (VFR),0,6,21,0,27,0,3,28,0,31,0,9,49,0,58,12,0,12,70
02/13/2000,STS,CA,AWP,WE,Towers with Display (VFR),0,4,19,0,23,0,0,2,0,2,0,4,21,0,25,0,0,0,25
02/14/2000,STS,CA,AWP,WE,Towers with Display (VFR),0,5,20,0,25,0,6,23,0,29,0,11,43,0,54,14,0,14,68
02/15/2000,STS,CA,AWP,WE,Towers with Display (VFR),0,10,41,0,51,0,8,106,0,114,0,18,147,0,165,120,0,120,285
02/16/2000,STS,CA,AWP,WE,Towers with Display (VFR),0,9,33,0,42,0,5,68,0,73,0,14,101,0,115,94,0,94,209
02/17/2000,STS,CA,AWP,WE,Towers with Display (VFR),0,17,68,0,85,0,3,152,0,155,0,20,220,0,240,82,0,82,322
02/18/2000,STS,CA,AWP,WE,Towers with Display (VFR),0,11,45,0,56,0,12,305,1,318,0,23,350,1,374,142,0,142,516
02/19/2000,STS,CA,AWP,WE,Towers with Display (VFR),0,8,31,0,39,0,6,317,4,327,0,14,348,4,366,84,0,84,450
02/20/2000,STS,CA,AWP,WE,Towers with Display (VFR),0,7,28,0,35,0,4,36,0,40,0,11,64,0,75,58,0,58,133
02/21/2000,STS,CA,AWP,WE,Towers with Display (VFR),0,8,34,0,42,0,8,235,0,243,0,16,269,0,285,214,0,214,499
02/22/2000,STS,CA,AWP,WE,Towers with Display (VFR),0,7,30,0,37,0,5,12,0,17,0,12,42,0,54,2,0,2,56
02/23/2000,STS,CA,AWP,WE,Towers with Display (VFR),0,8,34,0,42,0,3,78,0,81,0,11,112,0,123,90,0,90,213
02/24/2000,STS,CA,AWP,WE,Towers with Display (VFR),0,10,42,0,52,0,0,37,0,37,0,10,79,0,89,84,0,84,173
02/25/2000,STS,CA,AWP,WE,Towers with Display (VFR),0,12,49,0,61,0,6,127,0,133,0,18,176,0,194,128,0,128,322
02/26/2000,STS,CA,AWP,WE,Towers with Display (VFR),0,8,29,0,37,0,2,0,0,2,0,10,29,0,39,0,0,0,39
02/27/2000,STS,CA,AWP,WE,Towers with Display (VFR),0,6,23,0,29,0,4,53,0,57,0,10,76,0,86,0,92,92,178
02/28/2000,STS,CA,AWP,WE,Towers with Display (VFR),0,11,46,0,57,0,14,183,0,197,0,25,229,0,254,180,0,180,434
02/29/2000,STS,CA,AWP,WE,Towers with Display (VFR),0,9,34,0,43,0,7,98,0,105,0,16,132,0,148,90,0,90,238
03/01/2000,STS,CA,AWP,WE,Towers with Display (VFR),0,15,46,0,61,0,4,251,8,263,0,19,297,8,324,166,0,166,490
03/02/2000,STS,CA,AWP,WE,Towers with Display (VFR),0,13,67,0,80,0,0,80,2,82,0,13,147,2,162,60,0,60,222
03/03/2000,STS,CA,AWP,WE,Towers with Display (VFR),0,10,29,0,39,0,7,368,0,375,0,17,397,0,414,182,0,182,596
03/04/2000,STS,CA,AWP,WE,Towers with Display (VFR),0,7,41,0,48,0,0,11,0,11,0,7,52,0,59,8,0,8,67
03/05/2000,STS,CA,AWP,WE,Towers with Display (VFR),0,6,18,0,24,0,3,63,0,66,0,9,81,0,90,52,0,52,142
03/06/2000,STS,CA,AWP,WE,Towers with Display (VFR),0,10,28,0,38,0,26,112,0,138,0,36,140,0,176,64,0,64,240
03/07/2000,STS,CA,AWP,WE,Towers with Display (VFR),0,9,28,0,37,0,13,40,0,53,0,22,68,0,90,62,0,62,152
03/08/2000,STS,CA,AWP,WE,Towers with Display (VFR),0,10,33,0,43,2,7,22,0,31,2,17,55,0,74,0,0,0,74
03/09/2000,STS,CA,AWP,WE,Towers with Display (VFR),0,11,38,0,49,0,4,89,0,93,0,15,127,0,142,78,0,78,220
03/10/2000,STS,CA,AWP,WE,Towers with Display (VFR),0,9,31,0,40,0,8,134,0,142,0,17,165,0,182,122,0,122,304
03/11/2000,STS,CA,AWP,WE,Towers with Display (VFR),0,11,37,0,48,0,1,221,0,222,0,12,258,0,270,138,0,138,408
03/12/2000,STS,CA,AWP,WE,Towers with Display (VFR),0,6,28,0,34,0,0,291,0,291,0,6,319,0,325,162,0,162,487
03/13/2000,STS,CA,AWP,WE,Towers with Display (VFR),0,9,29,0,38,0,11,289,0,300,0,20,318,0,338,176,0,176,514
03/14/2000,STS,CA,AWP,WE,Towers with Display (VFR),0,13,41,0,54,0,1,210,0,211,0,14,251,0,265,162,0,162,427
03/15/2000,STS,CA,AWP,WE,Towers with Display (VFR),0,13,41,0,54,0,0,215,0,215,0,13,256,0,269,104,0,104,373
03/16/2000,STS,CA,AWP,WE,Towers with Display (VFR),0,9,30,0,39,0,11,184,0,195,0,20,214,0,234,144,0,144,378
03/17/2000,STS,CA,AWP,WE,Towers with Display (VFR),0,8,27,0,35,0,7,231,0,238,0,15,258,0,273,158,0,158,431
03/18/2000,STS,CA,AWP,WE,Towers with Display (VFR),0,5,19,0,24,0,12,271,0,283,0,17,290,0,307,265,0,265,572
03/19/2000,STS,CA,AWP,WE,Towers with Display (VFR),0,4,16,0,20,0,18,218,0,236,0,22,234,0,256,200,0,200,456
03/20/2000,STS,CA,AWP,WE,Towers with Display (VFR),0,5,20,0,25,0,11,171,0,182,0,16,191,0,207,100,0,100,307
03/21/2000,STS,CA,AWP,WE,Towers with Display (VFR),0,6,23,0,29,0,11,147,0,158,0,17,170,0,187,34,0,34,221
03/22/2000,STS,CA,AWP,WE,Towers with Display (VFR),0,11,36,0,47,0,6,205,4,215,0,17,241,4,262,190,0,190,452
03/23/2000,STS,CA,AWP,WE,Towers with Display (VFR),0,7,23,0,30,0,8,225,8,241,0,15,248,8,271,198,0,198,469
03/24/2000,STS,CA,AWP,WE,Towers with Display (VFR),0,12,42,0,54,0,6,175,0,181,0,18,217,0,235,86,0,86,321
03/25/2000,STS,CA,AWP,WE,Towers with Display (VFR),0,7,24,0,31,0,4,201,0,205,0,11,225,0,236,157,0,157,393
03/26/2000,STS,CA,AWP,WE,Towers with Display (VFR),0,7,26,0,33,0,11,229,0,240,0,18,255,0,273,116,0,116,389
03/27/2000,STS,CA,AWP,WE,Towers with Display (VFR),0,11,38,0,49,0,11,172,0,183,0,22,210,0,232,178,0,178,410
03/28/2000,STS,CA,AWP,WE,Towers with Display (VFR),0,9,30,0,39,0,14,158,2,174,0,23,188,2,213,150,0,150,363
03/29/2000,STS,CA,AWP,WE,Towers with Display (VFR),0,8,29,0,37,0,2,159,0,161,0,10,188,0,198,90,0,90,288
03/30/2000,STS,CA,AWP,WE,Towers with Display (VFR),0,12,42,0,54,0,3,257,0,260,0,15,299,0,314,198,0,198,512
03/31/2000,STS,CA,AWP,WE,Towers with Display (VFR),0,6,22,0,28,0,5,165,0,170,0,11,187,0,198,34,0,34,232
04/01/2000,STS,CA,AWP,WE,Towers with Display (VFR),0,6,18,0,24,0,7,190,0,197,0,13,208,0,221,196,0,196,417
04/02/2000,STS,CA,AWP,WE,Towers with Display (VFR),0,5,12,0,17,0,6,280,0,286,0,11,292,0,303,219,0,219,522
04/03/2000,STS,CA,AWP,WE,Towers with Display (VFR),0,10,29,0,39,0,7,185,0,192,0,17,214,0,231,156,0,156,387
04/04/2000,STS,CA,AWP,WE,Towers with Display (VFR),0,9,24,0,33,0,7,125,0,132,0,16,149,0,165,114,0,114,279
04/05/2000,STS,CA,AWP,WE,Towers with Display (VFR),0,16,46,0,62,0,2,83,0,85,0,18,129,0,147,100,0,100,247
04/06/2000,STS,CA,AWP,WE,Towers with Display (VFR),0,18,53,0,71,0,2,189,0,191,0,20,242,0,262,82,0,82,344
04/07/2000,STS,CA,AWP,WE,Towers with Display (VFR),0,9,45,0,54,0,0,189,0,189,0,9,234,0,243,142,0,142,385
04/08/2000,STS,CA,AWP,WE,Towers with Display (VFR),0,12,34,0,46,0,10,121,0,131,0,22,155,0,177,122,0,122,299
04/09/2000,STS,CA,AWP,WE,Towers with Display (VFR),0,8,21,0,29,0,12,369,0,381,0,20,390,0,410,206,0,206,616
04/10/2000,STS,CA,AWP,WE,Towers with Display (VFR),0,14,41,0,55,0,7,235,0,242,0,21,276,0,297,190,0,190,487
04/11/2000,STS,CA,AWP,WE,Towers with Display (VFR),0,12,36,0,48,0,0,183,0,183,0,12,219,0,231,116,0,116,347
04/12/2000,STS,CA,AWP,WE,Towers with Display (VFR),0,15,44,0,59,0,3,158,0,161,0,18,202,0,220,114,0,114,334
04/13/2000,STS,CA,AWP,WE,Towers with Display (VFR),0,16,49,1,66,0,2,70,3,75,0,18,119,4,141,68,0,68,209
04/14/2000,STS,CA,AWP,WE,Towers with Display (VFR),0,11,34,1,46,0,10,112,7,129,0,21,146,8,175,152,0,152,327
04/15/2000,STS,CA,AWP,WE,Towers with Display (VFR),0,6,22,0,28,0,9,90,0,99,0,15,112,0,127,88,0,88,215
04/16/2000,STS,CA,AWP,WE,Towers with Display (VFR),0,4,31,0,35,0,0,42,5,47,0,4,73,5,82,114,0,114,196
04/17/2000,STS,CA,AWP,WE,Towers with Display (VFR),0,10,32,0,42,0,17,131,0,148,0,27,163,0,190,208,0,208,398
04/18/2000,STS,CA,AWP,WE,Towers with Display (VFR),0,10,31,0,41,0,7,206,0,213,0,17,237,0,254,104,0,104,358
04/19/2000,STS,CA,AWP,WE,Towers with Display (VFR),0,11,35,0,46,0,9,244,0,253,0,20,279,0,299,140,0,140,439
04/20/2000,STS,CA,AWP,WE,Towers with Display (VFR),0,11,36,0,47,0,4,219,0,223,0,15,255,0,270,158,0,158,428
04/21/2000,STS,CA,AWP,WE,Towers with Display (VFR),0,8,25,0,33,0,12,260,2,274,0,20,285,2,307,216,0,216,523
04/22/2000,STS,CA,AWP,WE,Towers with Display (VFR),0,8,28,0,36,0,6,104,0,110,0,14,132,0,146,102,0,102,248
04/23/2000,STS,CA,AWP,WE,Towers with Display (VFR),0,5,19,0,24,0,4,184,0,188,0,9,203,0,212,136,0,136,348
04/24/2000,STS,CA,AWP,WE,Towers with Display (VFR),0,7,24,0,31,0,15,237,0,252,0,22,261,0,283,164,0,164,447
04/25/2000,STS,CA,AWP,WE,Towers with Display (VFR),0,10,31,0,41,0,21,206,0,227,0,31,237,0,268,190,0,190,458
04/26/2000,STS,CA,AWP,WE,Towers with Display (VFR),0,7,23,0,30,0,18,279,0,297,0,25,302,0,327,168,0,168,495
04/27/2000,STS,CA,AWP,WE,Towers with Display (VFR),0,13,46,0,59,0,0,99,0,99,0,13,145,0,158,114,0,114,272
04/28/2000,STS,CA,AWP,WE,Towers with Display (VFR),0,10,31,0,41,0,4,207,0,211,0,14,238,0,252,182,0,182,434
04/29/2000,STS,CA,AWP,WE,Towers with Display (VFR),0,10,32,0,42,0,5,220,0,225,0,15,252,0,267,210,0,210,477
04/30/2000,STS,CA,AWP,WE,Towers with Display (VFR),0,6,20,0,26,0,12,291,0,303,0,18,311,0,329,170,0,170,499
05/01/2000,STS,CA,AWP,WE,Towers with Display (VFR),0,8,27,0,35,0,18,215,0,233,0,26,242,0,268,166,0,166,434
05/02/2000,STS,CA,AWP,WE,Towers with Display (VFR),0,14,45,0,59,0,6,110,0,116,0,20,155,0,175,184,0,184,359
05/03/2000,STS,CA,AWP,WE,Towers with Display (VFR),0,9,31,0,40,0,7,211,0,218,0,16,242,0,258,204,0,204,462
05/04/2000,STS,CA,AWP,WE,Towers with Display (VFR),0,8,26,0,34,0,16,205,0,221,0,24,231,0,255,128,0,128,383
05/05/2000,STS,CA,AWP,WE,Towers with Display (VFR),0,12,38,0,50,0,6,201,0,207,0,18,239,0,257,122,0,122,379
05/06/2000,STS,CA,AWP,WE,Towers with Display (VFR),0,11,38,0,49,0,6,156,0,162,0,17,194,0,211,52,0,52,263
05/07/2000,STS,CA,AWP,WE,Towers with Display (VFR),0,11,38,0,49,0,1,3,0,4,0,12,41,0,53,0,0,0,53
05/08/2000,STS,CA,AWP,WE,Towers with Display (VFR),0,9,28,0,37,0,3,144,2,149,0,12,172,2,186,116,0,116,302
05/09/2000,STS,CA,AWP,WE,Towers with Display (VFR),0,6,19,0,25,0,8,178,0,186,0,14,197,0,211,96,0,96,307
05/10/2000,STS,CA,AWP,WE,Towers with Display (VFR),0,3,8,0,11,0,8,191,0,199,0,11,199,0,210,178,0,178,388
05/11/2000,STS,CA,AWP,WE,Towers with Display (VFR),0,4,14,0,18,0,11,136,0,147,0,15,150,0,165,118,0,118,283
05/12/2000,STS,CA,AWP,WE,Towers with Display (VFR),0,7,22,0,29,0,16,225,2,243,0,23,247,2,272,182,0,182,454
05/13/2000,STS,CA,AWP,WE,Towers with Display (VFR),0,12,41,0,53,0,3,222,1,226,0,15,263,1,279,144,28,172,451
05/14/2000,STS,CA,AWP,WE,Towers with Display (VFR),0,12,39,0,51,0,9,45,0,54,0,21,84,0,105,26,0,26,131
05/15/2000,STS,CA,AWP,WE,Towers with Display (VFR),0,8,28,0,36,0,13,81,0,94,0,21,109,0,130,42,0,42,172
05/16/2000,STS,CA,AWP,WE,Towers with Display (VFR),0,13,45,0,58,0,8,188,0,196,0,21,233,0,254,268,0,268,522
05/17/2000,STS,CA,AWP,WE,Towers with Display (VFR),0,8,32,0,40,0,15,225,0,240,0,23,257,0,280,180,0,180,460
05/18/2000,STS,CA,AWP,WE,Towers with Display (VFR),0,11,40,0,51,0,6,266,0,272,0,17,306,0,323,270,0,270,593
05/19/2000,STS,CA,AWP,WE,Towers with Display (VFR),0,9,34,0,43,0,13,238,0,251,0,22,272,0,294,180,0,180,474
05/20/2000,STS,CA,AWP,WE,Towers with Display (VFR),0,6,23,0,29,0,7,279,0,286,0,13,302,0,315,96,0,96,411
05/21/2000,STS,CA,AWP,WE,Towers with Display (VFR),0,7,27,0,34,0,5,302,0,307,0,12,329,0,341,118,0,118,459
05/22/2000,STS,CA,AWP,WE,Towers with Display (VFR),0,7,29,0,36,0,12,274,2,288,0,19,303,2,324,244,0,244,568
05/23/2000,STS,CA,AWP,WE,Towers with Display (VFR),0,9,32,0,41,0,13,230,0,243,0,22,262,0,284,244,0,244,528
05/24/2000,STS,CA,AWP,WE,Towers with Display (VFR),0,13,47,0,60,0,8,197,0,205,0,21,244,0,265,166,0,166,431
05/25/2000,STS,CA,AWP,WE,Towers with Display (VFR),0,6,23,0,29,0,14,148,0,162,0,20,171,0,191,114,0,114,305
05/26/2000,STS,CA,AWP,WE,Towers with Display (VFR),0,7,27,0,34,0,5,253,0,258,0,12,280,0,292,122,0,122,414
05/27/2000,STS,CA,AWP,WE,Towers with Display (VFR),0,7,25,0,32,0,17,281,0,298,0,24,306,0,330,162,2,164,494
05/28/2000,STS,CA,AWP,WE,Towers with Display (VFR),0,4,17,0,21,0,9,241,0,250,0,13,258,0,271,98,0,98,369
05/29/2000,STS,CA,AWP,WE,Towers with Display (VFR),0,9,32,0,41,0,10,358,0,368,0,19,390,0,409,186,0,186,595
05/30/2000,STS,CA,AWP,WE,Towers with Display (VFR),0,5,19,0,24,0,14,198,0,212,0,19,217,0,236,138,0,138,374
05/31/2000,STS,CA,AWP,WE,Towers with Display (VFR),0,5,19,0,24,0,10,208,0,218,0,15,227,0,242,228,0,228,470
06/01/2000,STS,CA,AWP,WE,Towers with Display (VFR),0,3,8,0,11,0,25,284,0,309,0,28,292,0,320,162,0,162,482
06/02/2000,STS,CA,AWP,WE,Towers with Display (VFR),0,16,50,0,66,0,16,249,0,265,0,32,299,0,331,96,0,96,427
06/03/2000,STS,CA,AWP,WE,Towers with Display (VFR),0,11,36,0,47,0,5,203,0,208,0,16,239,0,255,188,0,188,443
06/04/2000,STS,CA,AWP,WE,Towers with Display (VFR),0,15,53,0,68,0,0,226,0,226,0,15,279,0,294,130,4,134,428
06/05/2000,STS,CA,AWP,WE,Towers with Display (VFR),0,9,29,0,38,0,9,167,0,176,0,18,196,0,214,182,0,182,396
06/06/2000,STS,CA,AWP,WE,Towers with Display (VFR),0,7,22,0,29,0,8,221,0,229,0,15,243,0,258,188,0,188,446
06/07/2000,STS,CA,AWP,WE,Towers with Display (VFR),0,13,41,0,54,0,4,98,0,102,0,17,139,0,156,114,0,114,270
06/08/2000,STS,CA,AWP,WE,Towers with Display (VFR),0,14,47,1,62,0,17,174,1,192,0,31,221,2,254,124,0,124,378
06/09/2000,STS,CA,AWP,WE,Towers with Display (VFR),0,9,31,1,41,0,11,223,1,235,0,20,254,2,276,154,0,154,430
06/10/2000,STS,CA,AWP,WE,Towers with Display (VFR),0,7,24,0,31,0,12,320,0,332,0,19,344,0,363,124,0,124,487
06/11/2000,STS,CA,AWP,WE,Towers with Display (VFR),0,6,19,0,25,0,10,304,0,314,0,16,323,0,339,166,0,166,505
06/12/2000,STS,CA,AWP,WE,Towers with Display (VFR),0,7,23,0,30,0,16,224,0,240,0,23,247,0,270,106,0,106,376
06/13/2000,STS,CA,AWP,WE,Towers with Display (VFR),0,9,32,0,41,0,22,310,0,332,0,31,342,0,373,178,0,178,551
06/14/2000,STS,CA,AWP,WE,Towers with Display (VFR),0,8,28,0,36,0,39,307,0,346,0,47,335,0,382,190,0,190,572
06/15/2000,STS,CA,AWP,WE,Towers with Display (VFR),0,10,35,0,45,0,9,188,0,197,0,19,223,0,242,138,0,138,380
06/16/2000,STS,CA,AWP,WE,Towers with Display (VFR),0,12,40,1,53,0,18,249,3,270,0,30,289,4,323,158,12,170,493
06/17/2000,STS,CA,AWP,WE,Towers with Display (VFR),0,14,49,1,64,0,4,169,5,178,0,18,218,6,242,126,0,126,368
06/18/2000,STS,CA,AWP,WE,Towers with Display (VFR),0,12,42,0,54,0,10,150,0,160,0,22,192,0,214,144,0,144,358
06/19/2000,STS,CA,AWP,WE,Towers with Display (VFR),0,12,41,0,53,0,35,264,0,299,0,47,305,0,352,158,0,158,510
06/20/2000,STS,CA,AWP,WE,Towers with Display (VFR),0,2,9,0,11,0,27,252,0,279,0,29,261,0,290,174,0,174,464
06/21/2000,STS,CA,AWP,WE,Towers with Display (VFR),0,13,44,0,57,0,13,228,0,241,0,26,272,0,298,220,0,220,518
06/22/2000,STS,CA,AWP,WE,Towers with Display (VFR),0,15,53,0,68,0,4,194,0,198,0,19,247,0,266,132,0,132,398
06/23/2000,STS,CA,AWP,WE,Towers with Display (VFR),0,13,45,0,58,0,8,194,0,202,0,21,239,0,260,168,0,168,428
06/24/2000,STS,CA,AWP,WE,Towers with Display (VFR),0,9,31,0,40,0,6,203,0,209,0,15,234,0,249,114,0,114,363
06/25/2000,STS,CA,AWP,WE,Towers with Display (VFR),0,9,31,0,40,0,16,249,0,265,0,25,280,0,305,86,0,86,391
06/26/2000,STS,CA,AWP,WE,Towers with Display (VFR),0,7,27,0,34,0,11,238,0,249,0,18,265,0,283,150,0,150,433
06/27/2000,STS,CA,AWP,WE,Towers with Display (VFR),0,11,40,0,51,0,8,184,0,192,0,19,224,0,243,130,0,130,373
06/28/2000,STS,CA,AWP,WE,Towers with Display (VFR),0,13,45,0,58,0,4,205,0,209,0,17,250,0,267,208,0,208,475
06/29/2000,STS,CA,AWP,WE,Towers with Display (VFR),0,16,56,0,72,0,15,145,0,160,0,31,201,0,232,136,0,136,368
06/30/2000,STS,CA,AWP,WE,Towers with Display (VFR),0,13,43,0,56,0,9,198,0,207,0,22,241,0,263,156,0,156,419
07/01/2000,STS,CA,AWP,WE,Towers with Display (VFR),0,10,37,0,47,0,7,188,0,195,0,17,225,0,242,97,0,97,339
07/02/2000,STS,CA,AWP,WE,Towers with Display (VFR),0,7,26,0,33,0,18,213,0,231,0,25,239,0,264,78,0,78,342
07/03/2000,STS,CA,AWP,WE,Towers with Display (VFR),0,6,22,0,28,0,13,285,2,300,0,19,307,2,328,100,0,100,428
07/04/2000,STS,CA,AWP,WE,Towers with Display (VFR),0,6,20,0,26,0,8,191,0,199,0,14,211,0,225,160,0,160,385
07/05/2000,STS,CA,AWP,WE,Towers with Display (VFR),0,10,35,0,45,0,20,197,0,217,0,30,232,0,262,154,0,154,416
07/06/2000,STS,CA,AWP,WE,Towers with Display (VFR),0,9,34,0,43,0,9,205,0,214,0,18,239,0,257,294,0,294,551
07/07/2000,STS,CA,AWP,WE,Towers with Display (VFR),0,15,57,1,73,0,15,172,1,188,0,30,229,2,261,182,0,182,443
07/08/2000,STS,CA,AWP,WE,Towers with Display (VFR),0,14,55,0,69,0,6,192,0,198,0,20,247,0,267,130,0,130,397
07/09/2000,STS,CA,AWP,WE,Towers with Display (VFR),0,5,22,0,27,0,15,280,0,295,0,20,302,0,322,174,0,174,496
07/10/2000,STS,CA,AWP,WE,Towers with Display (VFR),0,10,42,1,53,0,11,214,3,228,0,21,256,4,281,174,0,174,455
07/11/2000,STS,CA,AWP,WE,Towers with Display (VFR),0,11,46,1,58,0,5,171,3,179,0,16,217,4,237,178,0,178,415
07/12/2000,STS,CA,AWP,WE,Towers with Display (VFR),0,11,45,0,56,0,7,117,0,124,0,18,162,0,180,108,0,108,288
07/13/2000,STS,CA,AWP,WE,Towers with Display (VFR),0,20,76,0,96,0,13,171,0,184,0,33,247,0,280,136,0,136,416
07/14/2000,STS,CA,AWP,WE,Towers with Display (VFR),0,17,66,0,83,0,7,221,0,228,0,24,287,0,311,118,0,118,429
07/15/2000,STS,CA,AWP,WE,Towers with Display (VFR),0,7,28,0,35,0,19,228,0,247,0,26,256,0,282,102,0,102,384
07/16/2000,STS,CA,AWP,WE,Towers with Display (VFR),0,19,81,0,100,0,0,210,0,210,0,19,291,0,310,82,0,82,392
07/17/2000,STS,CA,AWP,WE,Towers with Display (VFR),0,12,49,0,61,0,8,137,0,145,0,20,186,0,206,144,0,144,350
07/18/2000,STS,CA,AWP,WE,Towers with Display (VFR),0,13,50,0,63,0,8,240,0,248,0,21,290,0,311,156,0,156,467
07/19/2000,STS,CA,AWP,WE,Towers with Display (VFR),0,11,47,0,58,0,9,246,0,255,0,20,293,0,313,248,0,248,561
07/20/2000,STS,CA,AWP,WE,Towers with Display (VFR),0,23,93,0,116,0,0,251,0,251,0,23,344,0,367,168,0,168,535
07/21/2000,STS,CA,AWP,WE,Towers with Display (VFR),0,11,44,0,55,0,37,211,0,248,0,48,255,0,303,136,0,136,439
07/22/2000,STS,CA,AWP,WE,Towers with Display (VFR),0,10,42,0,52,0,5,219,0,224,0,15,261,0,276,118,0,118,394
07/23/2000,STS,CA,AWP,WE,Towers with Display (VFR),0,22,85,0,107,0,7,353,0,360,0,29,438,0,467,144,0,144,611
07/24/2000,STS,CA,AWP,WE,Towers with Display (VFR),0,10,41,0,51,0,8,244,0,252,0,18,285,0,303,186,0,186,489
07/25/2000,STS,CA,AWP,WE,Towers with Display (VFR),0,7,27,0,34,0,15,250,0,265,0,22,277,0,299,198,0,198,497
07/26/2000,STS,CA,AWP,WE,Towers with Display (VFR),0,7,30,0,37,0,14,301,0,315,0,21,331,0,352,126,0,126,478
07/27/2000,STS,CA,AWP,WE,Towers with Display (VFR),0,14,56,0,70,0,17,271,4,292,0,31,327,4,362,86,0,86,448
07/28/2000,STS,CA,AWP,WE,Towers with Display (VFR),0,9,35,0,44,0,21,235,8,264,0,30,270,8,308,200,0,200,508
07/29/2000,STS,CA,AWP,WE,Towers with Display (VFR),0,8,33,0,41,0,27,222,34,283,0,35,255,34,324,148,0,148,472
07/30/2000,STS,CA,AWP,WE,Towers with Display (VFR),0,13,52,0,65,0,11,275,2,288,0,24,327,2,353,142,0,142,495
07/31/2000,STS,CA,AWP,WE,Towers with Display (VFR),0,8,33,0,41,0,13,276,0,289,0,21,309,0,330,206,0,206,536
08/01/2000,STS,CA,AWP,WE,Towers with Display (VFR),0,6,24,0,30,0,15,242,0,257,0,21,266,0,287,200,0,200,487
08/02/2000,STS,CA,AWP,WE,Towers with Display (VFR),0,7,24,0,31,0,14,219,0,233,0,21,243,0,264,136,0,136,400
08/03/2000,STS,CA,AWP,WE,Towers with Display (VFR),0,9,33,0,42,0,11,199,0,210,0,20,232,0,252,192,0,192,444
08/04/2000,STS,CA,AWP,WE,Towers with Display (VFR),0,9,32,0,41,0,20,219,0,239,0,29,251,0,280,200,0,200,480
08/05/2000,STS,CA,AWP,WE,Towers with Display (VFR),0,6,23,1,30,0,4,235,1,240,0,10,258,2,270,82,0,82,352
08/06/2000,STS,CA,AWP,WE,Towers with Display (VFR),0,10,29,1,40,0,7,307,1,315,0,17,336,2,355,150,0,150,505
08/07/2000,STS,CA,AWP,WE,Towers with Display (VFR),0,13,39,1,53,0,0,163,12,175,0,13,202,13,228,160,0,160,388
08/08/2000,STS,CA,AWP,WE,Towers with Display (VFR),0,13,38,1,52,0,2,167,0,169,0,15,205,1,221,162,0,162,383
08/09/2000,STS,CA,AWP,WE,Towers with Display (VFR),0,12,35,1,48,0,8,191,2,201,0,20,226,3,249,126,0,126,375
08/10/2000,STS,CA,AWP,WE,Towers with Display (VFR),0,14,42,1,57,0,9,189,6,204,0,23,231,7,261,122,0,122,383
08/11/2000,STS,CA,AWP,WE,Towers with Display (VFR),0,9,28,1,38,0,25,316,1,342,0,34,344,2,380,220,0,220,600
08/12/2000,STS,CA,AWP,WE,Towers with Display (VFR),0,7,20,1,28,0,15,320,9,344,0,22,340,10,372,116,0,116,488
08/13/2000,STS,CA,AWP,WE,Towers with Display (VFR),0,8,25,0,33,0,15,295,0,310,0,23,320,0,343,146,0,146,489
08/14/2000,STS,CA,AWP,WE,Towers with Display (VFR),0,6,18,0,24,0,21,281,0,302,0,27,299,0,326,188,0,188,514
08/15/2000,STS,CA,AWP,WE,Towers with Display (VFR),0,7,21,0,28,0,31,259,0,290,0,38,280,0,318,206,0,206,524
08/16/2000,STS,CA,AWP,WE,Towers with Display (VFR),0,11,35,0,46,0,11,292,0,303,0,22,327,0,349,228,0,228,577
08/17/2000,STS,CA,AWP,WE,Towers with Display (VFR),0,10,30,0,40,0,15,268,0,283,0,25,298,0,323,280,0,280,603
08/18/2000,STS,CA,AWP,WE,Towers with Display (VFR),0,8,24,1,33,0,3,289,16,308,0,11,313,17,341,184,16,200,541
08/19/2000,STS,CA,AWP,WE,Towers with Display (VFR),0,5,17,0,22,0,20,409,18,447,0,25,426,18,469,152,0,152,621
08/20/2000,STS,CA,AWP,WE,Towers with Display (VFR),0,5,17,0,22,0,14,384,9,407,0,19,401,9,429,221,0,221,650
08/21/2000,STS,CA,AWP,WE,Towers with Display (VFR),0,11,35,0,46,0,12,290,1,303,0,23,325,1,349,218,0,218,567
08/22/2000,STS,CA,AWP,WE,Towers with Display (VFR),0,17,51,0,68,0,2,237,0,239,0,19,288,0,307,166,0,166,473
08/23/2000,STS,CA,AWP,WE,Towers with Display (VFR),0,12,38,0,50,0,16,195,0,211,0,28,233,0,261,146,0,146,407
08/24/2000,STS,CA,AWP,WE,Towers with Display (VFR),0,10,33,0,43,0,7,223,2,232,0,17,256,2,275,132,0,132,407
08/25/2000,STS,CA,AWP,WE,Towers with Display (VFR),0,10,33,0,43,0,18,268,0,286,0,28,301,0,329,143,0,143,472
08/26/2000,STS,CA,AWP,WE,Towers with Display (VFR),0,9,29,0,38,0,16,368,0,384,0,25,397,0,422,162,0,162,584
08/27/2000,STS,CA,AWP,WE,Towers with Display (VFR),0,8,27,0,35,0,9,237,0,246,0,17,264,0,281,126,0,126,407
08/28/2000,STS,CA,AWP,WE,Towers with Display (VFR),0,9,28,0,37,0,18,181,0,199,0,27,209,0,236,202,0,202,438
08/29/2000,STS,CA,AWP,WE,Towers with Display (VFR),0,13,41,0,54,0,4,73,0,77,0,17,114,0,131,124,0,124,255
08/30/2000,STS,CA,AWP,WE,Towers with Display (VFR),0,17,54,0,71,0,0,90,0,90,0,17,144,0,161,110,0,110,271
08/31/2000,STS,CA,AWP,WE,Towers with Display (VFR),0,17,54,0,71,0,8,132,0,140,0,25,186,0,211,190,0,190,401
09/01/2000,STS,CA,AWP,WE,Towers with Display (VFR),0,22,67,0,89,0,7,101,0,108,0,29,168,0,197,88,0,88,285
09/02/2000,STS,CA,AWP,WE,Towers with Display (VFR),0,9,27,0,36,0,5,161,0,166,0,14,188,0,202,124,0,124,326
09/03/2000,STS,CA,AWP,WE,Towers with Display (VFR),0,7,18,0,25,0,15,231,0,246,0,22,249,0,271,204,0,204,475
09/04/2000,STS,CA,AWP,WE,Towers with Display (VFR),0,10,28,0,38,0,8,316,0,324,0,18,344,0,362,162,0,162,524
09/05/2000,STS,CA,AWP,WE,Towers with Display (VFR),0,5,14,0,19,0,22,266,0,288,0,27,280,0,307,198,0,198,505
09/06/2000,STS,CA,AWP,WE,Towers with Display (VFR),0,7,21,0,28,0,7,271,4,282,0,14,292,4,310,146,0,146,456
09/07/2000,STS,CA,AWP,WE,Towers with Display (VFR),0,8,23,0,31,0,8,233,0,241,0,16,256,0,272,124,0,124,396
09/08/2000,STS,CA,AWP,WE,Towers with Display (VFR),0,7,20,0,27,0,12,253,0,265,0,19,273,0,292,216,0,216,508
09/09/2000,STS,CA,AWP,WE,Towers with Display (VFR),0,6,15,0,21,0,10,235,0,245,0,16,250,0,266,110,0,110,376
09/10/2000,STS,CA,AWP,WE,Towers with Display (VFR),0,8,24,0,32,0,20,296,0,316,0,28,320,0,348,160,0,160,508
09/11/2000,STS,CA,AWP,WE,Towers with Display (VFR),0,12,34,0,46,0,5,202,0,207,0,17,236,0,253,156,0,156,409
09/12/2000,STS,CA,AWP,WE,Towers with Display (VFR),0,9,24,0,33,0,7,203,0,210,0,16,227,0,243,192,0,192,435
09/13/2000,STS,CA,AWP,WE,Towers with Display (VFR),0,15,44,0,59,0,0,218,0,218,0,15,262,0,277,190,0,190,467
09/14/2000,STS,CA,AWP,WE,Towers with Display (VFR),0,14,41,0,55,0,1,222,0,223,0,15,263,0,278,132,0,132,410
09/15/2000,STS,CA,AWP,WE,Towers with Display (VFR),0,15,45,0,60,0,13,228,1,242,0,28,273,1,302,98,0,98,400
09/16/2000,STS,CA,AWP,WE,Towers with Display (VFR),0,10,33,0,43,0,1,246,0,247,0,11,279,0,290,116,0,116,406
09/17/2000,STS,CA,AWP,WE,Towers with Display (VFR),0,5,19,0,24,0,11,259,0,270,0,16,278,0,294,144,0,144,438
09/18/2000,STS,CA,AWP,WE,Towers with Display (VFR),0,5,17,0,22,0,7,278,1,286,0,12,295,1,308,174,0,174,482
09/19/2000,STS,CA,AWP,WE,Towers with Display (VFR),0,7,24,0,31,0,19,226,0,245,0,26,250,0,276,186,0,186,462
09/20/2000,STS,CA,AWP,WE,Towers with Display (VFR),0,8,27,0,35,0,14,229,0,243,0,22,256,0,278,128,0,128,406
09/21/2000,STS,CA,AWP,WE,Towers with Display (VFR),0,15,64,0,79,0,0,15,0,15,0,15,79,0,94,0,0,0,94
09/22/2000,STS,CA,AWP,WE,Towers with Display (VFR),0,17,56,0,73,0,16,156,0,172,0,33,212,0,245,74,0,74,319
09/23/2000,STS,CA,AWP,WE,Towers with Display (VFR),0,10,34,0,44,0,4,283,0,287,0,14,317,0,331,139,0,139,470
09/24/2000,STS,CA,AWP,WE,Towers with Display (VFR),0,9,31,0,40,0,2,258,0,260,0,11,289,0,300,110,0,110,410
09/25/2000,STS,CA,AWP,WE,Towers with Display (VFR),0,5,18,0,23,0,11,227,0,238,0,16,245,0,261,198,0,198,459
09/26/2000,STS,CA,AWP,WE,Towers with Display (VFR),0,8,29,0,37,0,12,273,0,285,0,20,302,0,322,118,0,118,440
09/27/2000,STS,CA,AWP,WE,Towers with Display (VFR),0,11,37,0,48,0,13,152,0,165,0,24,189,0,213,56,0,56,269
09/28/2000,STS,CA,AWP,WE,Towers with Display (VFR),0,14,46,0,60,0,1,165,0,166,0,15,211,0,226,98,0,98,324
09/29/2000,STS,CA,AWP,WE,Towers with Display (VFR),0,6,21,0,27,0,9,215,0,224,0,15,236,0,251,112,0,112,363
09/30/2000,STS,CA,AWP,WE,Towers with Display (VFR),0,4,16,0,20,0,14,239,0,253,0,18,255,0,273,154,0,154,427
10/01/2000,STS,CA,AWP,WE,Towers with Display (VFR),0,7,19,0,26,0,11,351,0,362,0,18,370,0,388,190,0,190,578
10/02/2000,STS,CA,AWP,WE,Towers with Display (VFR),0,11,31,0,42,0,4,161,0,165,0,15,192,0,207,106,0,106,313
10/03/2000,STS,CA,AWP,WE,Towers with Display (VFR),0,8,24,0,32,0,8,154,0,162,0,16,178,0,194,106,0,106,300
10/04/2000,STS,CA,AWP,WE,Towers with Display (VFR),0,9,32,0,41,0,0,163,0,163,0,9,195,0,204,110,0,110,314
10/05/2000,STS,CA,AWP,WE,Towers with Display (VFR),0,11,35,0,46,0,5,167,0,172,0,16,202,0,218,76,0,76,294
10/06/2000,STS,CA,AWP,WE,Towers with Display (VFR),0,9,28,0,37,0,9,190,0,199,0,18,218,0,236,96,0,96,332
10/07/2000,STS,CA,AWP,WE,Towers with Display (VFR),0,8,23,0,31,0,4,112,0,116,0,12,135,0,147,198,0,198,345
10/08/2000,STS,CA,AWP,WE,Towers with Display (VFR),0,6,18,0,24,0,16,215,0,231,0,22,233,0,255,44,0,44,299
10/09/2000,STS,CA,AWP,WE,Towers with Display (VFR),0,9,26,0,35,0,3,38,0,41,0,12,64,0,76,16,0,16,92
10/10/2000,STS,CA,AWP,WE,Towers with Display (VFR),0,9,27,0,36,0,9,65,0,74,0,18,92,0,110,60,0,60,170
10/11/2000,STS,CA,AWP,WE,Towers with Display (VFR),0,13,38,0,51,0,8,62,8,78,0,21,100,8,129,54,0,54,183
10/12/2000,STS,CA,AWP,WE,Towers with Display (VFR),0,12,36,0,48,0,9,200,2,211,0,21,236,2,259,52,0,52,311
10/13/2000,STS,CA,AWP,WE,Towers with Display (VFR),0,8,25,0,33,0,9,215,0,224,0,17,240,0,257,58,0,58,315
10/14/2000,STS,CA,AWP,WE,Towers with Display (VFR),0,6,21,0,27,0,0,297,0,297,0,6,318,0,324,100,0,100,424
10/15/2000,STS,CA,AWP,WE,Towers with Display (VFR),0,7,19,0,26,0,12,216,0,228,0,19,235,0,254,64,0,64,318
10/16/2000,STS,CA,AWP,WE,Towers with Display (VFR),0,4,15,0,19,0,12,275,0,287,0,16,290,0,306,192,0,192,498
10/17/2000,STS,CA,AWP,WE,Towers with Display (VFR),0,4,13,0,17,0,13,163,0,176,0,17,176,0,193,107,0,107,300
10/18/2000,STS,CA,AWP,WE,Towers with Display (VFR),0,9,30,0,39,0,15,218,0,233,0,24,248,0,272,140,0,140,412
10/19/2000,STS,CA,AWP,WE,Towers with Display (VFR),0,7,24,0,31,0,9,173,0,182,0,16,197,0,213,234,0,234,447
10/20/2000,STS,CA,AWP,WE,Towers with Display (VFR),0,10,36,0,46,0,7,109,0,116,0,17,145,0,162,126,0,126,288
10/21/2000,STS,CA,AWP,WE,Towers with Display (VFR),0,3,13,0,16,0,25,201,0,226,0,28,214,0,242,160,0,160,402
10/22/2000,STS,CA,AWP,WE,Towers with Display (VFR),0,5,20,0,25,0,77,91,0,168,0,82,111,0,193,16,0,16,209
10/23/2000,STS,CA,AWP,WE,Towers with Display (VFR),0,8,29,0,37,0,18,232,2,252,0,26,261,2,289,200,0,200,489
10/24/2000,STS,CA,AWP,WE,Towers with Display (VFR),0,6,20,0,26,0,15,285,0,300,0,21,305,0,326,214,0,214,540
10/25/2000,STS,CA,AWP,WE,Towers with Display (VFR),0,16,56,0,72,0,0,5,0,5,0,16,61,0,77,0,0,0,77
10/26/2000,STS,CA,AWP,WE,Towers with Display (VFR),0,14,47,0,61,0,1,27,0,28,0,15,74,0,89,62,0,62,151
10/27/2000,STS,CA,AWP,WE,Towers with Display (VFR),0,13,44,0,57,0,1,295,0,296,0,14,339,0,353,202,0,202,555
10/28/2000,STS,CA,AWP,WE,Towers with Display (VFR),0,10,34,0,44,0,2,2,0,4,0,12,36,0,48,0,0,0,48
10/29/2000,STS,CA,AWP,WE,Towers with Display (VFR),0,8,27,0,35,0,4,111,0,115,0,12,138,0,150,124,0,124,274
10/30/2000,STS,CA,AWP,WE,Towers with Display (VFR),0,10,35,0,45,0,10,66,0,76,0,20,101,0,121,186,0,186,307
10/31/2000,STS,CA,AWP,WE,Towers with Display (VFR),0,7,24,0,31,0,7,224,0,231,0,14,248,0,262,204,0,204,466
11/01/2000,STS,CA,AWP,WE,Towers with Display (VFR),0,9,25,0,34,0,14,179,0,193,0,23,204,0,227,142,0,142,369
11/02/2000,STS,CA,AWP,WE,Towers with Display (VFR),0,9,23,0,32,0,6,195,0,201,0,15,218,0,233,190,0,190,423
11/03/2000,STS,CA,AWP,WE,Towers with Display (VFR),0,13,34,0,47,0,5,229,6,240,0,18,263,6,287,182,0,182,469
11/04/2000,STS,CA,AWP,WE,Towers with Display (VFR),0,12,37,0,49,0,0,200,0,200,0,12,237,0,249,104,0,104,353
11/05/2000,STS,CA,AWP,WE,Towers with Display (VFR),0,9,25,0,34,0,6,240,0,246,0,15,265,0,280,102,0,102,382
11/06/2000,STS,CA,AWP,WE,Towers with Display (VFR),0,10,28,0,38,0,1,188,0,189,0,11,216,0,227,254,0,254,481
11/07/2000,STS,CA,AWP,WE,Towers with Display (VFR),0,7,17,0,24,0,8,187,0,195,0,15,204,0,219,200,0,200,419
11/08/2000,STS,CA,AWP,WE,Towers with Display (VFR),0,10,26,0,36,0,1,185,0,186,0,11,211,0,222,148,0,148,370
11/09/2000,STS,CA,AWP,WE,Towers with Display (VFR),0,13,38,0,51,0,0,173,0,173,0,13,211,0,224,88,0,88,312
11/10/2000,STS,CA,AWP,WE,Towers with Display (VFR),0,12,35,0,47,0,6,194,0,200,0,18,229,0,247,162,0,162,409
11/11/2000,STS,CA,AWP,WE,Towers with Display (VFR),0,9,27,0,36,0,7,182,0,189,0,16,209,0,225,94,0,94,319
11/12/2000,STS,CA,AWP,WE,Towers with Display (VFR),0,7,22,0,29,0,9,304,0,313,0,16,326,0,342,174,0,174,516
11/13/2000,STS,CA,AWP,WE,Towers with Display (VFR),0,11,32,0,43,0,0,49,0,49,0,11,81,0,92,2,0,2,94
11/14/2000,STS,CA,AWP,WE,Towers with Display (VFR),0,11,31,0,42,0,2,83,0,85,0,13,114,0,127,76,0,76,203
11/15/2000,STS,CA,AWP,WE,Towers with Display (VFR),0,16,49,0,65,0,1,123,0,124,0,17,172,0,189,134,0,134,323
11/16/2000,STS,CA,AWP,WE,Towers with Display (VFR),0,6,18,0,24,0,7,178,0,185,0,13,196,0,209,104,0,104,313
11/17/2000,STS,CA,AWP,WE,Towers with Display (VFR),0,13,38,0,51,0,0,226,0,226,0,13,264,0,277,74,0,74,351
11/18/2000,STS,CA,AWP,WE,Towers with Display (VFR),0,8,27,0,35,0,9,264,0,273,0,17,291,0,308,180,0,180,488
11/19/2000,STS,CA,AWP,WE,Towers with Display (VFR),0,6,20,0,26,0,10,274,0,284,0,16,294,0,310,152,0,152,462
11/20/2000,STS,CA,AWP,WE,Towers with Display (VFR),0,6,21,0,27,0,13,241,0,254,0,19,262,0,281,178,0,178,459
11/21/2000,STS,CA,AWP,WE,Towers with Display (VFR),0,19,64,0,83,0,0,25,0,25,0,19,89,0,108,0,0,0,108
11/22/2000,STS,CA,AWP,WE,Towers with Display (VFR),0,8,25,0,33,0,11,230,0,241,0,19,255,0,274,100,0,100,374
11/23/2000,STS,CA,AWP,WE,Towers with Display (VFR),0,5,19,0,24,0,0,5,0,5,0,5,24,0,29,0,0,0,29
11/24/2000,STS,CA,AWP,WE,Towers with Display (VFR),0,14,44,0,58,0,3,53,0,56,0,17,97,0,114,54,0,54,168
11/25/2000,STS,CA,AWP,WE,Towers with Display (VFR),0,8,25,0,33,0,1,130,0,131,0,9,155,0,164,90,0,90,254
11/26/2000,STS,CA,AWP,WE,Towers with Display (VFR),0,12,35,0,47,0,7,185,0,192,0,19,220,0,239,134,0,134,373
11/27/2000,STS,CA,AWP,WE,Towers with Display (VFR),0,17,50,0,67,0,3,26,0,29,0,20,76,0,96,30,0,30,126
11/28/2000,STS,CA,AWP,WE,Towers with Display (VFR),0,19,57,0,76,0,4,23,0,27,0,23,80,0,103,0,0,0,103
11/29/2000,STS,CA,AWP,WE,Towers with Display (VFR),0,12,38,0,50,0,2,40,0,42,0,14,78,0,92,54,0,54,146
11/30/2000,STS,CA,AWP,WE,Towers with Display (VFR),0,13,47,0,60,0,0,121,0,121,0,13,168,0,181,150,0,150,331
12/01/2000,STS,CA,AWP,WE,Towers with Display (VFR),0,9,27,0,36,0,1,221,10,232,0,10,248,10,268,156,0,156,424
12/02/2000,STS,CA,AWP,WE,Towers with Display (VFR),0,13,37,0,50,0,0,256,0,256,0,13,293,0,306,162,0,162,468
12/03/2000,STS,CA,AWP,WE,Towers with Display (VFR),0,10,30,0,40,0,8,123,0,131,0,18,153,0,171,108,0,108,279
12/04/2000,STS,CA,AWP,WE,Towers with Display (VFR),0,9,26,0,35,0,16,162,0,178,0,25,188,0,213,180,0,180,393
12/05/2000,STS,CA,AWP,WE,Towers with Display (VFR),0,16,47,0,63,0,0,139,0,139,0,16,186,0,202,158,0,158,360
12/06/2000,STS,CA,AWP,WE,Towers with Display (VFR),0,10,30,0,40,0,12,101,0,113,0,22,131,0,153,122,0,122,275
12/07/2000,STS,CA,AWP,WE,Towers with Display (VFR),0,9,25,0,34,0,7,89,0,96,0,16,114,0,130,106,0,106,236
12/08/2000,STS,CA,AWP,WE,Towers with Display (VFR),0,12,36,0,48,0,7,188,0,195,0,19,224,0,243,174,0,174,417
12/09/2000,STS,CA,AWP,WE,Towers with Display (VFR),0,9,38,0,47,0,0,22,0,22,0,9,60,0,69,52,0,52,121
12/10/2000,STS,CA,AWP,WE,Towers with Display (VFR),0,11,31,0,42,0,2,98,0,100,0,13,129,0,142,106,0,106,248
12/11/2000,STS,CA,AWP,WE,Towers with Display (VFR),0,20,62,0,82,0,6,30,2,38,0,26,92,2,120,100,0,100,220
12/12/2000,STS,CA,AWP,WE,Towers with Display (VFR),0,13,43,0,56,0,0,86,0,86,0,13,129,0,142,104,0,104,246
12/13/2000,STS,CA,AWP,WE,Towers with Display (VFR),0,10,31,0,41,0,4,5,0,9,0,14,36,0,50,0,0,0,50
12/14/2000,STS,CA,AWP,WE,Towers with Display (VFR),0,20,60,0,80,0,0,0,0,0,0,20,60,0,80,8,0,8,88
12/15/2000,STS,CA,AWP,WE,Towers with Display (VFR),0,15,46,0,61,0,6,235,0,241,0,21,281,0,302,194,0,194,496
12/16/2000,STS,CA,AWP,WE,Towers with Display (VFR),0,5,18,0,23,0,9,283,0,292,0,14,301,0,315,247,0,247,562
12/17/2000,STS,CA,AWP,WE,Towers with Display (VFR),0,9,29,0,38,0,2,282,0,284,0,11,311,0,322,110,0,110,432
12/18/2000,STS,CA,AWP,WE,Towers with Display (VFR),0,6,19,0,25,0,13,234,0,247,0,19,253,0,272,204,0,204,476
12/19/2000,STS,CA,AWP,WE,Towers with Display (VFR),0,7,26,0,33,6,17,213,0,236,6,24,239,0,269,102,0,102,371
12/20/2000,STS,CA,AWP,WE,Towers with Display (VFR),0,13,45,0,58,0,7,204,0,211,0,20,249,0,269,196,0,196,465
12/21/2000,STS,CA,AWP,WE,Towers with Display (VFR),0,14,48,0,62,0,0,0,0,0,0,14,48,0,62,0,0,0,62
12/22/2000,STS,CA,AWP,WE,Towers with Display (VFR),0,8,29,0,37,0,17,81,0,98,0,25,110,0,135,108,0,108,243
12/23/2000,STS,CA,AWP,WE,Towers with Display (VFR),0,11,37,0,48,0,4,88,0,92,0,15,125,0,140,54,0,54,194
12/24/2000,STS,CA,AWP,WE,Towers with Display (VFR),0,5,18,0,23,0,7,163,0,170,0,12,181,0,193,66,0,66,259
12/25/2000,STS,CA,AWP,WE,Towers with Display (VFR),0,2,8,0,10,0,5,128,0,133,0,7,136,0,143,80,0,80,223
12/26/2000,STS,CA,AWP,WE,Towers with Display (VFR),0,11,37,0,48,0,2,185,2,189,0,13,222,2,237,146,0,146,383
12/27/2000,STS,CA,AWP,WE,Towers with Display (VFR),0,10,35,0,45,0,2,201,0,203,0,12,236,0,248,158,0,158,406
12/28/2000,STS,CA,AWP,WE,Towers with Display (VFR),0,10,35,0,45,0,2,266,0,268,0,12,301,0,313,171,0,171,484
12/29/2000,STS,CA,AWP,WE,Towers with Display (VFR),0,7,25,0,32,0,5,272,0,277,0,12,297,0,309,152,0,152,461
12/30/2000,STS,CA,AWP,WE,Towers with Display (VFR),0,7,25,0,32,0,10,258,0,268,0,17,283,0,300,124,0,124,424
12/31/2000,STS,CA,AWP,WE,Towers with Display (VFR),0,5,17,0,22,0,8,184,0,192,0,13,201,0,214,60,0,60,274
01/01/2001,STS,CA,AWP,WE,Towers with Display (VFR),0,5,15,0,20,0,6,239,0,245,0,11,254,0,265,104,0,104,369
01/02/2001,STS,CA,AWP,WE,Towers with Display (VFR),0,7,0,0,7,16,193,0,0,209,16,200,0,0,216,170,0,170,386
01/03/2001,STS,CA,AWP,WE,Towers with Display (VFR),0,10,31,0,41,0,9,193,0,202,0,19,224,0,243,132,0,132,375
01/04/2001,STS,CA,AWP,WE,Towers with Display (VFR),0,10,33,1,44,0,2,220,3,225,0,12,253,4,269,182,0,182,451
01/05/2001,STS,CA,AWP,WE,Towers with Display (VFR),0,6,21,0,27,0,5,203,0,208,0,11,224,0,235,170,0,170,405
01/06/2001,STS,CA,AWP,WE,Towers with Display (VFR),0,7,24,0,31,0,14,288,0,302,0,21,312,0,333,184,1,185,518
01/07/2001,STS,CA,AWP,WE,Towers with Display (VFR),0,9,46,0,55,0,0,4,0,4,0,9,50,0,59,8,0,8,67
01/08/2001,STS,CA,AWP,WE,Towers with Display (VFR),0,8,24,0,32,0,14,50,0,64,0,22,74,0,96,56,0,56,152
01/09/2001,STS,CA,AWP,WE,Towers with Display (VFR),0,11,37,0,48,0,0,4,0,4,0,11,41,0,52,0,0,0,52
01/10/2001,STS,CA,AWP,WE,Towers with Display (VFR),0,8,24,0,32,0,3,6,0,9,0,11,30,0,41,0,0,0,41
01/11/2001,STS,CA,AWP,WE,Towers with Display (VFR),0,6,10,0,16,0,11,0,0,11,0,17,10,0,27,0,0,0,27
01/12/2001,STS,CA,AWP,WE,Towers with Display (VFR),0,14,44,0,58,0,3,213,0,216,0,17,257,0,274,126,0,126,400
01/13/2001,STS,CA,AWP,WE,Towers with Display (VFR),0,7,21,0,28,0,1,238,0,239,0,8,259,0,267,138,0,138,405
01/14/2001,STS,CA,AWP,WE,Towers with Display (VFR),0,5,17,0,22,0,7,235,0,242,0,12,252,0,264,178,0,178,442
01/15/2001,STS,CA,AWP,WE,Towers with Display (VFR),0,7,23,0,30,0,6,208,0,214,0,13,231,0,244,100,0,100,344
01/16/2001,STS,CA,AWP,WE,Towers with Display (VFR),0,1,6,0,7,0,13,210,0,223,0,14,216,0,230,128,0,128,358
01/17/2001,STS,CA,AWP,WE,Towers with Display (VFR),0,8,28,0,36,0,9,218,8,235,0,17,246,8,271,194,0,194,465
01/18/2001,STS,CA,AWP,WE,Towers with Display (VFR),0,10,34,0,44,0,7,295,0,302,0,17,329,0,346,160,0,160,506
01/19/2001,STS,CA,AWP,WE,Towers with Display (VFR),0,13,41,0,54,0,2,212,0,214,0,15,253,0,268,168,0,168,436
01/20/2001,STS,CA,AWP,WE,Towers with Display (VFR),0,11,36,0,47,0,1,153,12,166,0,12,189,12,213,130,0,130,343
01/21/2001,STS,CA,AWP,WE,Towers with Display (VFR),0,7,40,0,47,0,0,51,0,51,0,7,91,0,98,0,0,0,98
01/22/2001,STS,CA,AWP,WE,Towers with Display (VFR),0,15,49,0,64,0,6,171,0,177,0,21,220,0,241,204,0,204,445
01/23/2001,STS,CA,AWP,WE,Towers with Display (VFR),0,14,51,0,65,0,0,8,0,8,0,14,59,0,73,0,0,0,73
01/24/2001,STS,CA,AWP,WE,Towers with Display (VFR),0,8,29,0,37,0,9,100,0,109,0,17,129,0,146,132,0,132,278
01/25/2001,STS,CA,AWP,WE,Towers with Display (VFR),0,5,16,0,21,0,8,0,0,8,0,13,16,0,29,32,0,32,61
01/26/2001,STS,CA,AWP,WE,Towers with Display (VFR),0,10,34,0,44,0,18,31,0,49,0,28,65,0,93,0,0,0,93
01/27/2001,STS,CA,AWP,WE,Towers with Display (VFR),0,10,32,0,42,0,1,278,0,279,0,11,310,0,321,210,0,210,531
01/28/2001,STS,CA,AWP,WE,Towers with Display (VFR),0,5,29,0,34,0,0,276,0,276,0,5,305,0,310,132,0,132,442
01/29/2001,STS,CA,AWP,WE,Towers with Display (VFR),0,0,0,0,0,0,11,116,0,127,0,11,116,0,127,116,0,116,243
01/30/2001,STS,CA,AWP,WE,Towers with Display (VFR),0,8,26,0,34,0,12,200,0,212,0,20,226,0,246,168,0,168,414
01/31/2001,STS,CA,AWP,WE,Towers with Display (VFR),0,8,27,0,35,0,11,217,2,230,0,19,244,2,265,120,0,120,385
02/01/2001,STS,CA,AWP,WE,Towers with Display (VFR),0,8,23,0,31,0,10,252,2,264,0,18,275,2,295,152,0,152,447
02/02/2001,STS,CA,AWP,WE,Towers with Display (VFR),0,11,35,0,46,0,8,140,0,148,0,19,175,0,194,156,0,156,350
02/03/2001,STS,CA,AWP,WE,Towers with Display (VFR),0,9,27,0,36,0,2,247,0,249,0,11,274,0,285,170,0,170,455
02/04/2001,STS,CA,AWP,WE,Towers with Display (VFR),0,8,24,0,32,0,8,296,0,304,0,16,320,0,336,156,0,156,492
02/05/2001,STS,CA,AWP,WE,Towers with Display (VFR),0,7,21,0,28,0,8,226,0,234,0,15,247,0,262,176,0,176,438
02/06/2001,STS,CA,AWP,WE,Towers with Display (VFR),0,6,19,0,25,0,8,88,0,96,0,14,107,0,121,70,0,70,191
02/07/2001,STS,CA,AWP,WE,Towers with Display (VFR),0,8,22,0,30,0,6,160,0,166,0,14,182,0,196,134,0,134,330
02/08/2001,STS,CA,AWP,WE,Towers with Display (VFR),0,15,48,0,63,0,2,242,2,246,0,17,290,2,309,226,0,226,535
02/09/2001,STS,CA,AWP,WE,Towers with Display (VFR),0,5,15,0,20,0,7,24,0,31,0,12,39,0,51,36,0,36,87
02/10/2001,STS,CA,AWP,WE,Towers with Display (VFR),0,8,22,0,30,0,1,50,0,51,0,9,72,0,81,64,0,64,145
02/11/2001,STS,CA,AWP,WE,Towers with Display (VFR),0,7,20,0,27,0,1,64,0,65,0,8,84,0,92,137,0,137,229
02/12/2001,STS,CA,AWP,WE,Towers with Display (VFR),0,9,31,0,40,0,6,49,0,55,0,15,80,0,95,32,0,32,127
02/13/2001,STS,CA,AWP,WE,Towers with Display (VFR),0,9,29,0,38,0,11,185,0,196,0,20,214,0,234,156,0,156,390
02/14/2001,STS,CA,AWP,WE,Towers with Display (VFR),0,7,25,1,33,0,5,179,9,193,0,12,204,10,226,162,0,162,388
02/15/2001,STS,CA,AWP,WE,Towers with Display (VFR),0,12,68,0,80,0,0,132,0,132,0,12,200,0,212,254,0,254,466
02/16/2001,STS,CA,AWP,WE,Towers with Display (VFR),0,11,52,0,63,0,0,140,0,140,0,11,192,0,203,110,0,110,313
02/17/2001,STS,CA,AWP,WE,Towers with Display (VFR),0,11,41,0,52,0,0,12,0,12,0,11,53,0,64,51,0,51,115
02/18/2001,STS,CA,AWP,WE,Towers with Display (VFR),0,11,42,0,53,0,0,50,0,50,0,11,92,0,103,114,0,114,217
02/19/2001,STS,CA,AWP,WE,Towers with Display (VFR),0,12,42,0,54,0,8,13,0,21,0,20,55,0,75,0,0,0,75
02/20/2001,STS,CA,AWP,WE,Towers with Display (VFR),0,8,27,0,35,0,6,60,0,66,0,14,87,0,101,44,0,44,145
02/21/2001,STS,CA,AWP,WE,Towers with Display (VFR),0,11,40,0,51,0,11,99,0,110,0,22,139,0,161,174,0,174,335
02/22/2001,STS,CA,AWP,WE,Towers with Display (VFR),0,11,36,0,47,0,8,46,0,54,0,19,82,0,101,46,0,46,147
02/23/2001,STS,CA,AWP,WE,Towers with Display (VFR),0,9,32,0,41,0,5,273,0,278,0,14,305,0,319,151,0,151,470
02/24/2001,STS,CA,AWP,WE,Towers with Display (VFR),0,8,24,0,32,0,1,0,0,1,0,9,24,0,33,0,0,0,33
02/25/2001,STS,CA,AWP,WE,Towers with Display (VFR),0,10,35,0,45,0,4,69,0,73,0,14,104,0,118,124,0,124,242
02/26/2001,STS,CA,AWP,WE,Towers with Display (VFR),0,10,33,0,43,0,1,187,0,188,0,11,220,0,231,140,0,140,371
02/27/2001,STS,CA,AWP,WE,Towers with Display (VFR),0,9,32,0,41,0,10,214,0,224,0,19,246,0,265,140,0,140,405
02/28/2001,STS,CA,AWP,WE,Towers with Display (VFR),0,9,31,0,40,0,31,244,0,275,0,40,275,0,315,172,0,172,487
03/01/2001,STS,CA,AWP,WE,Towers with Display (VFR),0,11,37,0,48,0,5,219,0,224,0,16,256,0,272,210,0,210,482
03/02/2001,STS,CA,AWP,WE,Towers with Display (VFR),0,13,51,0,64,0,0,61,4,65,0,13,112,4,129,86,0,86,215
03/03/2001,STS,CA,AWP,WE,Towers with Display (VFR),0,8,28,0,36,0,9,129,0,138,0,17,157,0,174,146,0,146,320
03/04/2001,STS,CA,AWP,WE,Towers with Display (VFR),0,4,14,0,18,0,1,3,0,4,0,5,17,0,22,0,0,0,22
03/05/2001,STS,CA,AWP,WE,Towers with Display (VFR),0,8,29,0,37,0,8,53,2,63,0,16,82,2,100,116,0,116,216
03/06/2001,STS,CA,AWP,WE,Towers with Display (VFR),0,8,28,0,36,0,4,176,0,180,0,12,204,0,216,182,0,182,398
03/07/2001,STS,CA,AWP,WE,Towers with Display (VFR),0,13,48,0,61,0,3,206,0,209,0,16,254,0,270,200,0,200,470
03/08/2001,STS,CA,AWP,WE,Towers with Display (VFR),0,9,31,0,40,0,6,127,0,133,0,15,158,0,173,185,0,185,358
03/09/2001,STS,CA,AWP,WE,Towers with Display (VFR),0,10,34,0,44,0,2,191,0,193,0,12,225,0,237,158,0,158,395
03/10/2001,STS,CA,AWP,WE,Towers with Display (VFR),0,8,29,0,37,0,6,265,0,271,0,14,294,0,308,212,0,212,520
03/11/2001,STS,CA,AWP,WE,Towers with Display (VFR),0,9,32,0,41,0,7,300,0,307,0,16,332,0,348,138,0,138,486
03/12/2001,STS,CA,AWP,WE,Towers with Display (VFR),0,6,20,0,26,0,16,182,0,198,0,22,202,0,224,168,0,168,392
03/13/2001,STS,CA,AWP,WE,Towers with Display (VFR),0,11,37,0,48,0,2,180,8,190,0,13,217,8,238,128,0,128,366
03/14/2001,STS,CA,AWP,WE,Towers with Display (VFR),0,5,18,0,23,0,12,202,0,214,0,17,220,0,237,230,0,230,467
03/15/2001,STS,CA,AWP,WE,Towers with Display (VFR),0,8,34,0,42,0,13,192,0,205,0,21,226,0,247,224,0,224,471
03/16/2001,STS,CA,AWP,WE,Towers with Display (VFR),0,7,29,0,36,0,4,316,0,320,0,11,345,0,356,314,0,314,670
03/17/2001,STS,CA,AWP,WE,Towers with Display (VFR),0,6,30,0,36,0,0,245,0,245,0,6,275,0,281,184,0,184,465
03/18/2001,STS,CA,AWP,WE,Towers with Display (VFR),0,6,24,0,30,0,4,303,0,307,0,10,327,0,337,286,0,286,623
03/19/2001,STS,CA,AWP,WE,Towers with Display (VFR),0,7,28,0,35,0,6,193,0,199,0,13,221,0,234,202,0,202,436
03/20/2001,STS,CA,AWP,WE,Towers with Display (VFR),0,7,29,0,36,0,3,202,8,213,0,10,231,8,249,262,0,262,511
03/21/2001,STS,CA,AWP,WE,Towers with Display (VFR),0,9,36,0,45,0,4,144,0,148,0,13,180,0,193,162,0,162,355
03/22/2001,STS,CA,AWP,WE,Towers with Display (VFR),0,12,55,0,67,0,0,117,0,117,0,12,172,0,184,202,0,202,386
03/23/2001,STS,CA,AWP,WE,Towers with Display (VFR),0,8,32,0,40,0,14,214,0,228,0,22,246,0,268,220,0,220,488
03/24/2001,STS,CA,AWP,WE,Towers with Display (VFR),0,14,66,0,80,0,0,69,0,69,0,14,135,0,149,120,0,120,269
03/25/2001,STS,CA,AWP,WE,Towers with Display (VFR),0,7,31,0,38,0,10,237,22,269,0,17,268,22,307,138,0,138,445
03/26/2001,STS,CA,AWP,WE,Towers with Display (VFR),0,5,21,0,26,0,13,240,0,253,0,18,261,0,279,168,0,168,447
03/27/2001,STS,CA,AWP,WE,Towers with Display (VFR),0,7,30,0,37,0,6,183,0,189,0,13,213,0,226,168,0,168,394
03/28/2001,STS,CA,AWP,WE,Towers with Display (VFR),0,6,23,0,29,0,6,217,0,223,0,12,240,0,252,166,0,166,418
03/29/2001,STS,CA,AWP,WE,Towers with Display (VFR),0,5,23,0,28,0,7,257,0,264,0,12,280,0,292,232,0,232,524
03/30/2001,STS,CA,AWP,WE,Towers with Display (VFR),0,10,40,0,50,0,8,295,0,303,0,18,335,0,353,174,0,174,527
03/31/2001,STS,CA,AWP,WE,Towers with Display (VFR),0,8,35,0,43,0,2,269,0,271,0,10,304,0,314,210,0,210,524
04/01/2001,STS,CA,AWP,WE,Towers with Display (VFR),0,4,21,0,25,0,13,244,0,257,0,17,265,0,282,174,0,174,456
04/02/2001,STS,CA,AWP,WE,Towers with Display (VFR),0,8,16,0,24,0,9,183,0,192,0,17,199,0,216,126,0,126,342
04/03/2001,STS,CA,AWP,WE,Towers with Display (VFR),0,8,23,0,31,0,8,182,0,190,0,16,205,0,221,116,0,116,337
04/04/2001,STS,CA,AWP,WE,Towers with Display (VFR),0,7,32,0,39,0,17,213,0,230,0,24,245,0,269,180,0,180,449
04/05/2001,STS,CA,AWP,WE,Towers with Display (VFR),0,10,38,0,48,0,10,188,0,198,0,20,226,0,246,172,0,172,418
04/06/2001,STS,CA,AWP,WE,Towers with Display (VFR),0,10,35,0,45,0,6,16,0,22,0,16,51,0,67,4,0,4,71
04/07/2001,STS,CA,AWP,WE,Towers with Display (VFR),0,6,25,0,31,0,10,88,0,98,0,16,113,0,129,154,0,154,283
04/08/2001,STS,CA,AWP,WE,Towers with Display (VFR),0,5,23,0,28,0,9,142,0,151,0,14,165,0,179,174,0,174,353
04/09/2001,STS,CA,AWP,WE,Towers with Display (VFR),0,8,27,0,35,0,12,166,0,178,0,20,193,0,213,160,0,160,373
04/10/2001,STS,CA,AWP,WE,Towers with Display (VFR),0,8,47,0,55,0,10,190,0,200,0,18,237,0,255,174,0,174,429
04/11/2001,STS,CA,AWP,WE,Towers with Display (VFR),0,7,29,0,36,0,6,131,0,137,0,13,160,0,173,166,0,166,339
04/12/2001,STS,CA,AWP,WE,Towers with Display (VFR),0,7,24,0,31,0,9,230,0,239,0,16,254,0,270,210,0,210,480
04/13/2001,STS,CA,AWP,WE,Towers with Display (VFR),0,6,32,1,39,0,11,244,9,264,0,17,276,10,303,180,0,180,483
04/14/2001,STS,CA,AWP,WE,Towers with Display (VFR),0,6,17,1,24,0,5,255,15,275,0,11,272,16,299,142,0,142,441
04/15/2001,STS,CA,AWP,WE,Towers with Display (VFR),0,6,18,0,24,0,3,204,0,207,0,9,222,0,231,106,0,106,337
04/16/2001,STS,CA,AWP,WE,Towers with Display (VFR),0,8,16,0,24,0,4,140,0,144,0,12,156,0,168,114,0,114,282
04/17/2001,STS,CA,AWP,WE,Towers with Display (VFR),0,9,35,0,44,0,5,134,0,139,0,14,169,0,183,181,0,181,364
04/18/2001,STS,CA,AWP,WE,Towers with Display (VFR),0,17,16,0,33,0,0,198,0,198,0,17,214,0,231,140,0,140,371
04/19/2001,STS,CA,AWP,WE,Towers with Display (VFR),0,8,41,0,49,0,8,94,0,102,0,16,135,0,151,124,0,124,275
04/20/2001,STS,CA,AWP,WE,Towers with Display (VFR),0,10,33,0,43,0,5,46,0,51,0,15,79,0,94,34,0,34,128
04/21/2001,STS,CA,AWP,WE,Towers with Display (VFR),0,7,18,0,25,0,6,217,0,223,0,13,235,0,248,158,0,158,406
04/22/2001,STS,CA,AWP,WE,Towers with Display (VFR),0,9,19,0,28,0,23,232,0,255,0,32,251,0,283,210,0,210,493
04/23/2001,STS,CA,AWP,WE,Towers with Display (VFR),0,9,22,0,31,0,13,141,0,154,0,22,163,0,185,128,0,128,313
04/24/2001,STS,CA,AWP,WE,Towers with Display (VFR),0,8,12,0,20,0,9,176,0,185,0,17,188,0,205,102,0,102,307
04/25/2001,STS,CA,AWP,WE,Towers with Display (VFR),0,9,31,0,40,0,5,171,0,176,0,14,202,0,216,186,0,186,402
04/26/2001,STS,CA,AWP,WE,Towers with Display (VFR),0,9,42,0,51,0,6,127,0,133,0,15,169,0,184,112,0,112,296
04/27/2001,STS,CA,AWP,WE,Towers with Display (VFR),0,11,33,0,44,0,8,199,0,207,0,19,232,0,251,164,0,164,415
04/28/2001,STS,CA,AWP,WE,Towers with Display (VFR),0,9,24,0,33,0,0,235,0,235,0,9,259,0,268,184,0,184,452
04/29/2001,STS,CA,AWP,WE,Towers with Display (VFR),0,6,18,0,24,0,6,311,0,317,0,12,329,0,341,164,0,164,505
04/30/2001,STS,CA,AWP,WE,Towers with Display (VFR),0,12,11,0,23,0,1,205,0,206,0,13,216,0,229,214,0,214,443
05/01/2001,STS,CA,AWP,WE,Towers with Display (VFR),0,8,28,0,36,0,5,129,0,134,0,13,157,0,170,142,0,142,312
05/02/2001,STS,CA,AWP,WE,Towers with Display (VFR),0,8,16,0,24,0,2,213,0,215,0,10,229,0,239,106,0,106,345
05/03/2001,STS,CA,AWP,WE,Towers with Display (VFR),0,7,0,0,7,0,7,196,0,203,0,14,196,0,210,108,0,108,318
05/04/2001,STS,CA,AWP,WE,Towers with Display (VFR),0,6,42,0,48,0,4,321,0,325,0,10,363,0,373,174,0,174,547
05/05/2001,STS,CA,AWP,WE,Towers with Display (VFR),0,6,31,0,37,0,3,290,0,293,0,9,321,0,330,248,0,248,578
05/06/2001,STS,CA,AWP,WE,Towers with Display (VFR),0,8,20,0,28,0,8,257,0,265,0,16,277,0,293,254,0,254,547
05/07/2001,STS,CA,AWP,WE,Towers with Display (VFR),0,8,14,0,22,0,15,188,0,203,0,23,202,0,225,292,0,292,517
05/08/2001,STS,CA,AWP,WE,Towers with Display (VFR),0,8,32,0,40,0,13,227,0,240,0,21,259,0,280,196,0,196,476
05/09/2001,STS,CA,AWP,WE,Towers with Display (VFR),0,9,32,0,41,0,1,232,0,233,0,10,264,0,274,170,0,170,444
05/10/2001,STS,CA,AWP,WE,Towers with Display (VFR),0,8,30,0,38,0,8,258,0,266,0,16,288,0,304,177,0,177,481
05/11/2001,STS,CA,AWP,WE,Towers with Display (VFR),0,16,12,0,28,0,0,330,0,330,0,16,342,0,358,172,0,172,530
05/12/2001,STS,CA,AWP,WE,Towers with Display (VFR),0,6,33,0,39,0,6,153,0,159,0,12,186,0,198,172,0,172,370
05/13/2001,STS,CA,AWP,WE,Towers with Display (VFR),0,11,23,0,34,0,1,211,0,212,0,12,234,0,246,274,0,274,520
05/14/2001,STS,CA,AWP,WE,Towers with Display (VFR),0,11,31,0,42,0,11,160,0,171,0,22,191,0,213,182,0,182,395
05/15/2001,STS,CA,AWP,WE,Towers with Display (VFR),0,8,42,0,50,0,0,163,0,163,0,8,205,0,213,94,0,94,307
05/16/2001,STS,CA,AWP,WE,Towers with Display (VFR),0,7,34,0,41,0,0,198,0,198,0,7,232,0,239,168,0,168,407
05/17/2001,STS,CA,AWP,WE,Towers with Display (VFR),0,11,30,0,41,0,10,243,0,253,0,21,273,0,294,230,0,230,524
05/18/2001,STS,CA,AWP,WE,Towers with Display (VFR),0,7,17,0,24,0,8,305,0,313,0,15,322,0,337,164,0,164,501
05/19/2001,STS,CA,AWP,WE,Towers with Display (VFR),0,8,26,0,34,0,8,265,0,273,0,16,291,0,307,209,0,209,516
05/20/2001,STS,CA,AWP,WE,Towers with Display (VFR),0,6,32,0,38,0,5,260,2,267,0,11,292,2,305,154,0,154,459
05/21/2001,STS,CA,AWP,WE,Towers with Display (VFR),0,6,23,0,29,0,8,221,0,229,0,14,244,0,258,260,0,260,518
05/22/2001,STS,CA,AWP,WE,Towers with Display (VFR),0,16,42,0,58,0,7,220,0,227,0,23,262,0,285,202,0,202,487
05/23/2001,STS,CA,AWP,WE,Towers with Display (VFR),0,18,30,0,48,0,7,174,0,181,0,25,204,0,229,168,0,168,397
05/24/2001,STS,CA,AWP,WE,Towers with Display (VFR),0,7,28,0,35,0,34,237,0,271,0,41,265,0,306,174,0,174,480
05/25/2001,STS,CA,AWP,WE,Towers with Display (VFR),0,14,34,0,48,0,7,220,0,227,0,21,254,0,275,164,0,164,439
05/26/2001,STS,CA,AWP,WE,Towers with Display (VFR),0,7,50,0,57,0,12,131,0,143,0,19,181,0,200,154,0,154,354
05/27/2001,STS,CA,AWP,WE,Towers with Display (VFR),0,11,14,0,25,0,8,166,0,174,0,19,180,0,199,94,0,94,293
05/28/2001,STS,CA,AWP,WE,Towers with Display (VFR),0,7,17,0,24,0,9,262,0,271,0,16,279,0,295,250,0,250,545
05/29/2001,STS,CA,AWP,WE,Towers with Display (VFR),0,8,24,0,32,0,8,228,0,236,0,16,252,0,268,128,0,128,396
05/30/2001,STS,CA,AWP,WE,Towers with Display (VFR),0,8,44,0,52,0,9,283,0,292,0,17,327,0,344,162,0,162,506
05/31/2001,STS,CA,AWP,WE,Towers with Display (VFR),0,16,33,0,49,0,4,252,0,256,0,20,285,0,305,92,0,92,397
06/01/2001,STS,CA,AWP,WE,Towers with Display (VFR),0,6,37,0,43,0,30,190,0,220,0,36,227,0,263,210,0,210,473
06/02/2001,STS,CA,AWP,WE,Towers with Display (VFR),0,6,22,0,28,0,22,234,12,268,0,28,256,12,296,94,0,94,390
06/03/2001,STS,CA,AWP,WE,Towers with Display (VFR),0,9,34,0,43,0,19,286,0,305,0,28,320,0,348,226,0,226,574
06/04/2001,STS,CA,AWP,WE,Towers with Display (VFR),0,7,22,0,29,0,13,211,0,224,0,20,233,0,253,192,0,192,445
06/05/2001,STS,CA,AWP,WE,Towers with Display (VFR),0,8,16,0,24,0,6,228,0,234,0,14,244,0,258,127,0,127,385
06/06/2001,STS,CA,AWP,WE,Towers with Display (VFR),0,12,23,0,35,0,5,245,2,252,0,17,268,2,287,198,0,198,485
06/07/2001,STS,CA,AWP,WE,Towers with Display (VFR),0,9,21,0,30,0,14,286,0,300,0,23,307,0,330,214,0,214,544
06/08/2001,STS,CA,AWP,WE,Towers with Display (VFR),0,9,33,0,42,0,12,300,0,312,0,21,333,0,354,170,0,170,524
06/09/2001,STS,CA,AWP,WE,Towers with Display (VFR),0,7,11,0,18,0,10,388,0,398,0,17,399,0,416,186,0,186,602
06/10/2001,STS,CA,AWP,WE,Towers with Display (VFR),0,8,23,0,31,0,4,263,0,267,0,12,286,0,298,162,0,162,460
06/11/2001,STS,CA,AWP,WE,Towers with Display (VFR),0,10,27,0,37,0,8,252,0,260,0,18,279,0,297,242,0,242,539
06/12/2001,STS,CA,AWP,WE,Towers with Display (VFR),0,7,32,0,39,0,14,217,0,231,0,21,249,0,270,158,0,158,428
06/13/2001,STS,CA,AWP,WE,Towers with Display (VFR),0,7,29,0,36,0,9,266,0,275,0,16,295,0,311,154,0,154,465
06/14/2001,STS,CA,AWP,WE,Towers with Display (VFR),0,8,23,0,31,0,21,314,0,335,0,29,337,0,366,196,0,196,562
06/15/2001,STS,CA,AWP,WE,Towers with Display (VFR),0,9,30,0,39,0,24,312,0,336,0,33,342,0,375,204,0,204,579
06/16/2001,STS,CA,AWP,WE,Towers with Display (VFR),0,8,25,0,33,0,21,258,1,280,0,29,283,1,313,202,0,202,515
06/17/2001,STS,CA,AWP,WE,Towers with Display (VFR),0,8,8,0,16,0,3,287,0,290,0,11,295,0,306,174,0,174,480
06/18/2001,STS,CA,AWP,WE,Towers with Display (VFR),0,8,13,0,21,1,7,192,0,200,1,15,205,0,221,208,0,208,429
06/19/2001,STS,CA,AWP,WE,Towers with Display (VFR),0,7,19,5,31,0,11,246,6,263,0,18,265,11,294,174,0,174,468
06/20/2001,STS,CA,AWP,WE,Towers with Display (VFR),0,8,30,0,38,0,9,268,0,277,0,17,298,0,315,234,0,234,549
06/21/2001,STS,CA,AWP,WE,Towers with Display (VFR),0,8,23,0,31,0,15,195,0,210,0,23,218,0,241,222,0,222,463
06/22/2001,STS,CA,AWP,WE,Towers with Display (VFR),0,8,20,0,28,0,22,246,2,270,0,30,266,2,298,194,0,194,492
06/23/2001,STS,CA,AWP,WE,Towers with Display (VFR),0,6,26,0,32,0,23,224,0,247,0,29,250,0,279,184,0,184,463
06/24/2001,STS,CA,AWP,WE,Towers with Display (VFR),0,11,18,0,29,0,6,286,0,292,0,17,304,0,321,190,0,190,511
06/25/2001,STS,CA,AWP,WE,Towers with Display (VFR),0,8,45,0,53,0,22,234,0,256,0,30,279,0,309,216,0,216,525
06/26/2001,STS,CA,AWP,WE,Towers with Display (VFR),0,8,18,2,28,0,8,128,2,138,0,16,146,4,166,302,0,302,468
06/27/2001,STS,CA,AWP,WE,Towers with Display (VFR),0,25,105,0,130,0,0,25,0,25,0,25,130,0,155,0,0,0,155
06/28/2001,STS,CA,AWP,WE,Towers with Display (VFR),0,10,41,0,51,0,12,187,0,199,0,22,228,0,250,216,0,216,466
06/29/2001,STS,CA,AWP,WE,Towers with Display (VFR),0,8,0,0,8,0,20,397,0,417,0,28,397,0,425,250,0,250,675
06/30/2001,STS,CA,AWP,WE,Towers with Display (VFR),0,7,13,0,20,0,17,304,0,321,0,24,317,0,341,142,0,142,483
07/01/2001,STS,CA,AWP,WE,Towers with Display (VFR),0,7,13,0,20,0,11,359,0,370,0,18,372,0,390,256,0,256,646
07/02/2001,STS,CA,AWP,WE,Towers with Display (VFR),0,11,16,1,28,0,25,242,3,270,0,36,258,4,298,214,0,214,512
07/03/2001,STS,CA,AWP,WE,Towers with Display (VFR),0,9,24,0,33,0,11,251,0,262,0,20,275,0,295,156,1,157,452
07/04/2001,STS,CA,AWP,WE,Towers with Display (VFR),0,14,22,0,36,0,7,192,0,199,0,21,214,0,235,192,0,192,427
07/05/2001,STS,CA,AWP,WE,Towers with Display (VFR),0,8,32,0,40,0,7,197,0,204,0,15,229,0,244,120,0,120,364
07/06/2001,STS,CA,AWP,WE,Towers with Display (VFR),0,10,46,4,60,0,5,307,0,312,0,15,353,4,372,210,0,210,582
07/07/2001,STS,CA,AWP,WE,Towers with Display (VFR),0,6,24,0,30,0,20,218,0,238,0,26,242,0,268,174,0,174,442
07/08/2001,STS,CA,AWP,WE,Towers with Display (VFR),0,12,31,0,43,0,15,265,0,280,0,27,296,0,323,132,0,132,455
07/09/2001,STS,CA,AWP,WE,Towers with Display (VFR),0,6,33,1,40,0,7,181,3,191,0,13,214,4,231,128,0,128,359
07/10/2001,STS,CA,AWP,WE,Towers with Display (VFR),0,9,39,1,49,0,4,132,2,138,0,13,171,3,187,170,0,170,357
07/11/2001,STS,CA,AWP,WE,Towers with Display (VFR),0,14,43,0,57,0,2,171,0,173,0,16,214,0,230,220,0,220,450
07/12/2001,STS,CA,AWP,WE,Towers with Display (VFR),0,23,64,0,87,0,0,223,0,223,0,23,287,0,310,138,0,138,448
07/13/2001,STS,CA,AWP,WE,Towers with Display (VFR),0,13,61,0,74,0,11,261,0,272,0,24,322,0,346,222,0,222,568
07/14/2001,STS,CA,AWP,WE,Towers with Display (VFR),0,6,47,0,53,0,18,237,0,255,0,24,284,0,308,206,0,206,514
07/15/2001,STS,CA,AWP,WE,Towers with Display (VFR),0,17,55,0,72,0,14,225,0,239,0,31,280,0,311,174,0,174,485
07/16/2001,STS,CA,AWP,WE,Towers with Display (VFR),0,10,20,0,30,0,9,180,0,189,0,19,200,0,219,266,0,266,485
07/17/2001,STS,CA,AWP,WE,Towers with Display (VFR),0,9,38,0,47,0,17,194,0,211,0,26,232,0,258,192,0,192,450
07/18/2001,STS,CA,AWP,WE,Towers with Display (VFR),0,8,26,0,34,0,9,253,0,262,0,17,279,0,296,170,0,170,466
07/19/2001,STS,CA,AWP,WE,Towers with Display (VFR),0,23,88,1,112,0,18,204,1,223,0,41,292,2,335,158,0,158,493
07/20/2001,STS,CA,AWP,WE,Towers with Display (VFR),0,16,34,0,50,0,15,270,0,285,0,31,304,0,335,142,0,142,477
07/21/2001,STS,CA,AWP,WE,Towers with Display (VFR),0,6,53,0,59,0,12,285,0,297,0,18,338,0,356,108,0,108,464
07/22/2001,STS,CA,AWP,WE,Towers with Display (VFR),0,26,74,0,100,0,51,294,0,345,0,77,368,0,445,136,0,136,581
07/23/2001,STS,CA,AWP,WE,Towers with Display (VFR),0,17,41,0,58,0,30,209,0,239,0,47,250,0,297,174,0,174,471
07/24/2001,STS,CA,AWP,WE,Towers with Display (VFR),0,8,52,0,60,0,38,220,0,258,0,46,272,0,318,240,0,240,558
07/25/2001,STS,CA,AWP,WE,Towers with Display (VFR),0,10,40,1,51,0,9,220,0,229,0,19,260,1,280,152,0,152,432
07/26/2001,STS,CA,AWP,WE,Towers with Display (VFR),0,19,53,0,72,0,5,183,0,188,0,24,236,0,260,136,0,136,396
07/27/2001,STS,CA,AWP,WE,Towers with Display (VFR),0,12,63,0,75,0,29,226,0,255,0,41,289,0,330,154,0,154,484
07/28/2001,STS,CA,AWP,WE,Towers with Display (VFR),0,7,45,0,52,0,15,205,0,220,0,22,250,0,272,144,0,144,416
07/29/2001,STS,CA,AWP,WE,Towers with Display (VFR),0,23,44,0,67,0,10,284,0,294,0,33,328,0,361,173,0,173,534
07/30/2001,STS,CA,AWP,WE,Towers with Display (VFR),0,39,0,0,39,0,0,207,0,207,0,39,207,0,246,190,4,194,440
07/31/2001,STS,CA,AWP,WE,Towers with Display (VFR),0,8,46,2,56,0,16,230,0,246,0,24,276,2,302,284,0,284,586
08/01/2001,STS,CA,AWP,WE,Towers with Display (VFR),0,10,36,0,46,0,16,220,0,236,0,26,256,0,282,172,0,172,454
08/02/2001,STS,CA,AWP,WE,Towers with Display (VFR),0,9,52,3,64,0,12,190,1,203,0,21,242,4,267,104,0,104,371
08/03/2001,STS,CA,AWP,WE,Towers with Display (VFR),0,15,38,0,53,0,7,210,2,219,0,22,248,2,272,126,0,126,398
08/04/2001,STS,CA,AWP,WE,Towers with Display (VFR),0,6,30,0,36,0,16,251,0,267,0,22,281,0,303,128,0,128,431
08/05/2001,STS,CA,AWP,WE,Towers with Display (VFR),0,10,27,0,37,0,10,281,0,291,0,20,308,0,328,190,0,190,518
08/06/2001,STS,CA,AWP,WE,Towers with Display (VFR),0,8,27,0,35,0,21,229,0,250,0,29,256,0,285,238,0,238,523
08/07/2001,STS,CA,AWP,WE,Towers with Display (VFR),0,8,30,0,38,0,9,219,0,228,0,17,249,0,266,278,0,278,544
08/08/2001,STS,CA,AWP,WE,Towers with Display (VFR),0,8,22,0,30,0,13,207,0,220,0,21,229,0,250,238,0,238,488
08/09/2001,STS,CA,AWP,WE,Towers with Display (VFR),0,7,54,0,61,0,12,188,0,200,0,19,242,0,261,198,0,198,459
08/10/2001,STS,CA,AWP,WE,Towers with Display (VFR),0,7,41,0,48,0,9,261,0,270,0,16,302,0,318,168,0,168,486
08/11/2001,STS,CA,AWP,WE,Towers with Display (VFR),0,9,24,0,33,0,11,241,3,255,0,20,265,3,288,102,0,102,390
08/12/2001,STS,CA,AWP,WE,Towers with Display (VFR),0,6,24,0,30,0,14,228,0,242,0,20,252,0,272,122,0,122,394
08/13/2001,STS,CA,AWP,WE,Towers with Display (VFR),0,21,43,0,64,0,13,216,0,229,0,34,259,0,293,126,0,126,419
08/14/2001,STS,CA,AWP,WE,Towers with Display (VFR),0,10,36,0,46,0,12,198,0,210,0,22,234,0,256,132,0,132,388
08/15/2001,STS,CA,AWP,WE,Towers with Display (VFR),0,9,36,0,45,0,16,187,0,203,0,25,223,0,248,206,0,206,454
08/16/2001,STS,CA,AWP,WE,Towers with Display (VFR),0,9,44,0,53,0,14,242,0,256,0,23,286,0,309,144,0,144,453
08/17/2001,STS,CA,AWP,WE,Towers with Display (VFR),0,7,23,0,30,0,12,437,15,464,0,19,460,15,494,208,0,208,702
08/18/2001,STS,CA,AWP,WE,Towers with Display (VFR),0,6,4,1,11,0,15,230,0,245,0,21,234,1,256,38,0,38,294
08/19/2001,STS,CA,AWP,WE,Towers with Display (VFR),0,6,4,0,10,0,19,322,0,341,0,25,326,0,351,86,0,86,437
08/20/2001,STS,CA,AWP,WE,Towers with Display (VFR),0,15,47,0,62,0,17,204,0,221,0,32,251,0,283,238,0,238,521
08/21/2001,STS,CA,AWP,WE,Towers with Display (VFR),0,7,23,0,30,0,16,228,0,244,0,23,251,0,274,184,0,184,458
08/22/2001,STS,CA,AWP,WE,Towers with Display (VFR),0,11,37,0,48,0,6,208,0,214,0,17,245,0,262,170,0,170,432
08/23/2001,STS,CA,AWP,WE,Towers with Display (VFR),0,11,29,0,40,0,14,246,0,260,0,25,275,0,300,192,0,192,492
08/24/2001,STS,CA,AWP,WE,Towers with Display (VFR),0,17,29,0,46,0,6,330,0,336,0,23,359,0,382,182,0,182,564
08/25/2001,STS,CA,AWP,WE,Towers with Display (VFR),0,9,17,0,26,0,18,338,0,356,0,27,355,0,382,108,0,108,490
08/26/2001,STS,CA,AWP,WE,Towers with Display (VFR),0,11,16,0,27,0,38,348,0,386,0,49,364,0,413,220,0,220,633
08/27/2001,STS,CA,AWP,WE,Towers with Display (VFR),0,10,11,0,21,0,21,229,0,250,0,31,240,0,271,224,0,224,495
08/28/2001,STS,CA,AWP,WE,Towers with Display (VFR),0,7,25,0,32,0,18,231,0,249,0,25,256,0,281,156,0,156,437
08/29/2001,STS,CA,AWP,WE,Towers with Display (VFR),0,7,39,0,46,0,10,220,0,230,0,17,259,0,276,184,0,184,460
08/30/2001,STS,CA,AWP,WE,Towers with Display (VFR),0,8,39,0,47,0,9,173,0,182,0,17,212,0,229,138,0,138,367
08/31/2001,STS,CA,AWP,WE,Towers with Display (VFR),0,9,54,0,63,0,7,264,0,271,0,16,318,0,334,132,0,132,466
09/01/2001,STS,CA,AWP,WE,Towers with Display (VFR),0,9,32,0,41,0,15,276,0,291,0,24,308,0,332,136,0,136,468
09/02/2001,STS,CA,AWP,WE,Towers with Display (VFR),0,5,6,0,11,0,25,247,0,272,0,30,253,0,283,176,0,176,459
09/03/2001,STS,CA,AWP,WE,Towers with Display (VFR),0,8,16,0,24,0,13,283,0,296,0,21,299,0,320,224,0,224,544
09/04/2001,STS,CA,AWP,WE,Towers with Display (VFR),0,8,16,0,24,0,55,280,0,335,0,63,296,0,359,140,0,140,499
09/05/2001,STS,CA,AWP,WE,Towers with Display (VFR),0,8,26,0,34,0,13,266,4,283,0,21,292,4,317,264,0,264,581
09/06/2001,STS,CA,AWP,WE,Towers with Display (VFR),0,11,24,0,35,0,5,282,0,287,0,16,306,0,322,200,0,200,522
09/07/2001,STS,CA,AWP,WE,Towers with Display (VFR),0,11,22,0,33,0,10,243,0,253,0,21,265,0,286,156,0,156,442
09/08/2001,STS,CA,AWP,WE,Towers with Display (VFR),0,10,39,2,51,0,27,206,0,233,0,37,245,2,284,132,0,132,416
09/09/2001,STS,CA,AWP,WE,Towers with Display (VFR),0,14,30,0,44,0,22,212,0,234,0,36,242,0,278,186,0,186,464
09/10/2001,STS,CA,AWP,WE,Towers with Display (VFR),0,8,14,0,22,0,6,188,0,194,0,14,202,0,216,151,0,151,367
09/11/2001,STS,CA,AWP,WE,Towers with Display (VFR),0,0,0,0,0,0,5,0,0,5,0,5,0,0,5,0,0,0,5
09/12/2001,STS,CA,AWP,WE,Towers with Display (VFR),0,0,0,0,0,0,1,5,0,6,0,1,5,0,6,0,0,0,6
09/13/2001,STS,CA,AWP,WE,Towers with Display (VFR),0,1,2,0,3,0,2,0,0,2,0,3,2,0,5,0,0,0,5
09/14/2001,STS,CA,AWP,WE,Towers with Display (VFR),0,9,6,0,15,0,3,0,0,3,0,12,6,0,18,0,0,0,18
09/15/2001,STS,CA,AWP,WE,Towers with Display (VFR),0,14,38,0,52,0,14,0,0,14,0,28,38,0,66,0,0,0,66
09/16/2001,STS,CA,AWP,WE,Towers with Display (VFR),0,10,38,0,48,0,10,4,0,14,0,20,42,0,62,0,0,0,62
09/17/2001,STS,CA,AWP,WE,Towers with Display (VFR),0,12,39,4,55,0,10,9,4,23,0,22,48,8,78,0,0,0,78
09/18/2001,STS,CA,AWP,WE,Towers with Display (VFR),0,16,63,0,79,0,19,2,0,21,0,35,65,0,100,0,0,0,100
09/19/2001,STS,CA,AWP,WE,Towers with Display (VFR),0,16,54,0,70,0,9,21,0,30,0,25,75,0,100,0,0,0,100
09/20/2001,STS,CA,AWP,WE,Towers with Display (VFR),0,14,44,0,58,0,7,77,0,84,0,21,121,0,142,0,0,0,142
09/21/2001,STS,CA,AWP,WE,Towers with Display (VFR),0,13,41,0,54,0,4,128,0,132,0,17,169,0,186,40,0,40,226
09/22/2001,STS,CA,AWP,WE,Towers with Display (VFR),0,19,32,0,51,0,0,221,0,221,0,19,253,0,272,140,0,140,412
09/23/2001,STS,CA,AWP,WE,Towers with Display (VFR),0,13,45,0,58,0,1,210,0,211,0,14,255,0,269,138,0,138,407
09/24/2001,STS,CA,AWP,WE,Towers with Display (VFR),0,12,28,0,40,0,6,109,0,115,0,18,137,0,155,150,0,150,305
09/25/2001,STS,CA,AWP,WE,Towers with Display (VFR),0,0,0,0,0,0,13,119,4,136,0,13,119,4,136,154,0,154,290
09/26/2001,STS,CA,AWP,WE,Towers with Display (VFR),0,15,33,0,48,0,10,224,0,234,0,25,257,0,282,242,0,242,524
09/27/2001,STS,CA,AWP,WE,Towers with Display (VFR),0,8,48,0,56,0,18,179,0,197,0,26,227,0,253,116,0,116,369
09/28/2001,STS,CA,AWP,WE,Towers with Display (VFR),0,9,43,0,52,0,4,225,0,229,0,13,268,0,281,202,2,204,485
09/29/2001,STS,CA,AWP,WE,Towers with Display (VFR),0,4,39,0,43,0,6,278,0,284,0,10,317,0,327,174,0,174,501
09/30/2001,STS,CA,AWP,WE,Towers with Display (VFR),0,14,44,0,58,0,9,245,2,256,0,23,289,2,314,124,0,124,438
10/01/2001,STS,CA,AWP,WE,Towers with Display (VFR),0,14,25,0,39,0,16,187,0,203,0,30,212,0,242,174,0,174,416
10/02/2001,STS,CA,AWP,WE,Towers with Display (VFR),0,19,45,1,65,0,0,153,0,153,0,19,198,1,218,200,0,200,418
10/03/2001,STS,CA,AWP,WE,Towers with Display (VFR),0,11,34,0,45,0,10,184,0,194,0,21,218,0,239,120,0,120,359
10/04/2001,STS,CA,AWP,WE,Towers with Display (VFR),0,15,54,0,69,0,8,76,0,84,0,23,130,0,153,118,0,118,271
10/05/2001,STS,CA,AWP,WE,Towers with Display (VFR),0,15,57,0,72,0,6,189,0,195,0,21,246,0,267,194,0,194,461
10/06/2001,STS,CA,AWP,WE,Towers with Display (VFR),0,8,44,0,52,0,19,224,0,243,0,27,268,0,295,118,0,118,413
10/07/2001,STS,CA,AWP,WE,Towers with Display (VFR),0,14,39,0,53,0,1,141,0,142,0,15,180,0,195,124,0,124,319
10/08/2001,STS,CA,AWP,WE,Towers with Display (VFR),0,11,40,0,51,0,13,178,0,191,0,24,218,0,242,134,0,134,376
10/09/2001,STS,CA,AWP,WE,Towers with Display (VFR),0,12,43,0,55,0,3,253,0,256,0,15,296,0,311,200,0,200,511
10/10/2001,STS,CA,AWP,WE,Towers with Display (VFR),0,9,37,0,46,0,19,205,0,224,0,28,242,0,270,158,0,158,428
10/11/2001,STS,CA,AWP,WE,Towers with Display (VFR),0,13,17,4,34,0,9,189,0,198,0,22,206,4,232,198,0,198,430
10/12/2001,STS,CA,AWP,WE,Towers with Display (VFR),0,15,24,1,40,0,4,189,1,194,0,19,213,2,234,72,0,72,306
10/13/2001,STS,CA,AWP,WE,Towers with Display (VFR),0,6,32,0,38,0,21,234,3,258,0,27,266,3,296,146,0,146,442
10/14/2001,STS,CA,AWP,WE,Towers with Display (VFR),0,0,9,0,9,0,22,271,0,293,0,22,280,0,302,136,0,136,438
10/15/2001,STS,CA,AWP,WE,Towers with Display (VFR),0,9,18,0,27,0,7,189,0,196,0,16,207,0,223,166,0,166,389
10/16/2001,STS,CA,AWP,WE,Towers with Display (VFR),0,9,38,0,47,0,9,122,0,131,0,18,160,0,178,54,0,54,232
10/17/2001,STS,CA,AWP,WE,Towers with Display (VFR),0,11,30,0,41,0,6,170,0,176,0,17,200,0,217,152,0,152,369
10/18/2001,STS,CA,AWP,WE,Towers with Display (VFR),0,9,35,0,44,0,10,167,1,178,0,19,202,1,222,164,0,164,386
10/19/2001,STS,CA,AWP,WE,Towers with Display (VFR),0,15,36,0,51,0,5,241,0,246,0,20,277,0,297,170,0,170,467
10/20/2001,STS,CA,AWP,WE,Towers with Display (VFR),0,11,29,2,42,0,6,145,0,151,0,17,174,2,193,92,0,92,285
10/21/2001,STS,CA,AWP,WE,Towers with Display (VFR),0,11,50,0,61,0,1,156,0,157,0,12,206,0,218,40,0,40,258
10/22/2001,STS,CA,AWP,WE,Towers with Display (VFR),0,12,22,0,34,0,15,146,0,161,0,27,168,0,195,106,0,106,301
10/23/2001,STS,CA,AWP,WE,Towers with Display (VFR),0,8,27,0,35,0,16,137,0,153,0,24,164,0,188,110,0,110,298
10/24/2001,STS,CA,AWP,WE,Towers with Display (VFR),0,14,43,0,57,0,8,170,0,178,0,22,213,0,235,120,0,120,355
10/25/2001,STS,CA,AWP,WE,Towers with Display (VFR),0,7,31,0,38,0,9,192,0,201,0,16,223,0,239,152,0,152,391
10/26/2001,STS,CA,AWP,WE,Towers with Display (VFR),0,8,52,0,60,0,7,171,0,178,0,15,223,0,238,140,0,140,378
10/27/2001,STS,CA,AWP,WE,Towers with Display (VFR),0,10,57,0,67,0,1,45,2,48,0,11,102,2,115,96,0,96,211
10/28/2001,STS,CA,AWP,WE,Towers with Display (VFR),0,10,47,0,57,0,7,105,0,112,0,17,152,0,169,140,0,140,309
10/29/2001,STS,CA,AWP,WE,Towers with Display (VFR),0,11,56,0,67,0,2,64,0,66,0,13,120,0,133,202,0,202,335
10/30/2001,STS,CA,AWP,WE,Towers with Display (VFR),0,18,50,0,68,0,9,24,0,33,0,27,74,0,101,6,0,6,107
10/31/2001,STS,CA,AWP,WE,Towers with Display (VFR),0,3,33,0,36,0,7,108,0,115,0,10,141,0,151,62,0,62,213
11/01/2001,STS,CA,AWP,WE,Towers with Display (VFR),0,3,58,0,61,0,6,131,0,137,0,9,189,0,198,90,0,90,288
11/02/2001,STS,CA,AWP,WE,Towers with Display (VFR),0,12,37,2,51,0,7,188,0,195,0,19,225,2,246,144,0,144,390
11/03/2001,STS,CA,AWP,WE,Towers with Display (VFR),0,1,33,2,36,0,13,211,0,224,0,14,244,2,260,198,0,198,458
11/04/2001,STS,CA,AWP,WE,Towers with Display (VFR),0,2,32,0,34,0,11,259,0,270,0,13,291,0,304,138,0,138,442
11/05/2001,STS,CA,AWP,WE,Towers with Display (VFR),0,5,32,0,37,0,7,140,0,147,0,12,172,0,184,150,0,150,334
11/06/2001,STS,CA,AWP,WE,Towers with Display (VFR),0,3,38,0,41,0,9,137,0,146,0,12,175,0,187,174,0,174,361
11/07/2001,STS,CA,AWP,WE,Towers with Display (VFR),0,8,36,0,44,0,6,155,0,161,0,14,191,0,205,120,0,120,325
11/08/2001,STS,CA,AWP,WE,Towers with Display (VFR),0,9,47,3,59,0,11,172,1,184,0,20,219,4,243,150,0,150,393
11/09/2001,STS,CA,AWP,WE,Towers with Display (VFR),0,17,9,0,26,0,0,227,0,227,0,17,236,0,253,128,0,128,381
11/10/2001,STS,CA,AWP,WE,Towers with Display (VFR),0,4,43,0,47,0,2,109,0,111,0,6,152,0,158,190,0,190,348
11/11/2001,STS,CA,AWP,WE,Towers with Display (VFR),0,3,48,0,51,0,1,7,0,8,0,4,55,0,59,3,0,3,62
11/12/2001,STS,CA,AWP,WE,Towers with Display (VFR),0,6,28,0,34,0,4,23,0,27,0,10,51,0,61,75,0,75,136
11/13/2001,STS,CA,AWP,WE,Towers with Display (VFR),0,16,54,0,70,0,0,6,0,6,0,16,60,0,76,2,0,2,78
11/14/2001,STS,CA,AWP,WE,Towers with Display (VFR),0,10,73,0,83,0,3,19,2,24,0,13,92,2,107,12,0,12,119
11/15/2001,STS,CA,AWP,WE,Towers with Display (VFR),0,9,69,0,78,0,3,62,0,65,0,12,131,0,143,74,0,74,217
11/16/2001,STS,CA,AWP,WE,Towers with Display (VFR),0,11,52,0,63,0,0,3,0,3,0,11,55,0,66,0,0,0,66
11/17/2001,STS,CA,AWP,WE,Towers with Display (VFR),0,11,24,0,35,0,0,212,0,212,0,11,236,0,247,156,0,156,403
11/18/2001,STS,CA,AWP,WE,Towers with Display (VFR),0,4,25,0,29,0,6,197,0,203,0,10,222,0,232,156,0,156,388
11/19/2001,STS,CA,AWP,WE,Towers with Display (VFR),0,9,40,0,49,0,1,47,0,48,0,10,87,0,97,68,0,68,165
11/20/2001,STS,CA,AWP,WE,Towers with Display (VFR),0,13,60,0,73,0,5,58,0,63,0,18,118,0,136,6,0,6,142
11/21/2001,STS,CA,AWP,WE,Towers with Display (VFR),0,17,66,0,83,0,0,4,0,4,0,17,70,0,87,0,0,0,87
11/22/2001,STS,CA,AWP,WE,Towers with Display (VFR),0,4,16,0,20,0,0,66,0,66,0,4,82,0,86,56,0,56,142
11/23/2001,STS,CA,AWP,WE,Towers with Display (VFR),0,7,35,0,42,0,15,144,0,159,0,22,179,0,201,92,0,92,293
11/24/2001,STS,CA,AWP,WE,Towers with Display (VFR),0,6,12,0,18,0,10,20,0,30,0,16,32,0,48,34,0,34,82
11/25/2001,STS,CA,AWP,WE,Towers with Display (VFR),0,4,53,0,57,0,7,126,0,133,0,11,179,0,190,134,0,134,324
11/26/2001,STS,CA,AWP,WE,Towers with Display (VFR),0,1,4,0,5,0,15,187,0,202,0,16,191,0,207,210,0,210,417
11/27/2001,STS,CA,AWP,WE,Towers with Display (VFR),0,5,29,0,34,0,12,215,0,227,0,17,244,0,261,128,0,128,389
11/28/2001,STS,CA,AWP,WE,Towers with Display (VFR),0,12,41,0,53,0,51,43,0,94,0,63,84,0,147,64,0,64,211
11/29/2001,STS,CA,AWP,WE,Towers with Display (VFR),0,12,55,0,67,0,7,93,0,100,0,19,148,0,167,58,0,58,225
11/30/2001,STS,CA,AWP,WE,Towers with Display (VFR),0,9,40,0,49,0,9,219,0,228,0,18,259,0,277,186,0,186,463
12/01/2001,STS,CA,AWP,WE,Towers with Display (VFR),0,9,8,0,17,0,4,11,0,15,0,13,19,0,32,34,0,34,66
12/02/2001,STS,CA,AWP,WE,Towers with Display (VFR),0,3,15,0,18,0,4,18,0,22,0,7,33,0,40,0,0,0,40
12/03/2001,STS,CA,AWP,WE,Towers with Display (VFR),0,4,36,0,40,0,17,57,0,74,0,21,93,0,114,104,0,104,218
12/04/2001,STS,CA,AWP,WE,Towers with Display (VFR),0,5,32,0,37,0,25,125,0,150,0,30,157,0,187,266,0,266,453
12/05/2001,STS,CA,AWP,WE,Towers with Display (VFR),0,14,53,0,67,0,2,7,0,9,0,16,60,0,76,18,0,18,94
12/06/2001,STS,CA,AWP,WE,Towers with Display (VFR),0,9,56,0,65,0,7,88,0,95,0,16,144,0,160,108,0,108,268
12/07/2001,STS,CA,AWP,WE,Towers with Display (VFR),0,4,47,0,51,0,15,256,1,272,0,19,303,1,323,148,0,148,471
12/08/2001,STS,CA,AWP,WE,Towers with Display (VFR),0,2,36,0,38,0,5,166,0,171,0,7,202,0,209,180,0,180,389
12/09/2001,STS,CA,AWP,WE,Towers with Display (VFR),0,1,24,0,25,0,5,136,0,141,0,6,160,0,166,112,0,112,278
12/10/2001,STS,CA,AWP,WE,Towers with Display (VFR),0,2,25,0,27,0,17,109,0,126,0,19,134,0,153,128,0,128,281
12/11/2001,STS,CA,AWP,WE,Towers with Display (VFR),0,5,28,0,33,0,15,204,0,219,0,20,232,0,252,240,0,240,492
12/12/2001,STS,CA,AWP,WE,Towers with Display (VFR),0,7,28,0,35,0,9,144,0,153,0,16,172,0,188,130,0,130,318
12/13/2001,STS,CA,AWP,WE,Towers with Display (VFR),0,10,66,0,76,0,6,72,0,78,0,16,138,0,154,86,0,86,240
12/14/2001,STS,CA,AWP,WE,Towers with Display (VFR),0,4,26,3,33,0,12,93,0,105,0,16,119,3,138,58,0,58,196
12/15/2001,STS,CA,AWP,WE,Towers with Display (VFR),0,3,29,0,32,0,15,240,0,255,0,18,269,0,287,196,0,196,483
12/16/2001,STS,CA,AWP,WE,Towers with Display (VFR),0,2,40,0,42,0,0,44,0,44,0,2,84,0,86,64,0,64,150
12/17/2001,STS,CA,AWP,WE,Towers with Display (VFR),0,2,41,0,43,0,16,57,0,73,0,18,98,0,116,90,0,90,206
12/18/2001,STS,CA,AWP,WE,Towers with Display (VFR),0,14,34,0,48,0,1,186,0,187,0,15,220,0,235,128,0,128,363
12/19/2001,STS,CA,AWP,WE,Towers with Display (VFR),0,13,40,0,53,0,2,28,0,30,0,15,68,0,83,86,0,86,169
12/20/2001,STS,CA,AWP,WE,Towers with Display (VFR),0,14,19,0,33,0,3,13,0,16,0,17,32,0,49,0,0,0,49
12/21/2001,STS,CA,AWP,WE,Towers with Display (VFR),0,8,45,0,53,0,5,109,0,114,0,13,154,0,167,122,0,122,289
12/22/2001,STS,CA,AWP,WE,Towers with Display (VFR),0,5,19,0,24,0,4,21,0,25,0,9,40,0,49,26,0,26,75
12/23/2001,STS,CA,AWP,WE,Towers with Display (VFR),0,0,18,0,18,0,4,194,0,198,0,4,212,0,216,108,0,108,324
12/24/2001,STS,CA,AWP,WE,Towers with Display (VFR),0,2,10,0,12,0,3,137,0,140,0,5,147,0,152,114,0,114,266
12/25/2001,STS,CA,AWP,WE,Towers with Display (VFR),0,1,14,0,15,0,6,8,0,14,0,7,22,0,29,12,0,12,41
12/26/2001,STS,CA,AWP,WE,Towers with Display (VFR),0,7,82,0,89,0,1,17,0,18,0,8,99,0,107,8,0,8,115
12/27/2001,STS,CA,AWP,WE,Towers with Display (VFR),0,17,46,0,63,0,0,12,0,12,0,17,58,0,75,0,0,0,75
12/28/2001,STS,CA,AWP,WE,Towers with Display (VFR),0,15,45,0,60,0,4,2,0,6,0,19,47,0,66,6,0,6,72
12/29/2001,STS,CA,AWP,WE,Towers with Display (VFR),0,7,34,0,41,0,1,31,0,32,0,8,65,0,73,30,0,30,103
12/30/2001,STS,CA,AWP,WE,Towers with Display (VFR),0,2,42,0,44,0,0,10,0,10,0,2,52,0,54,0,0,0,54
12/31/2001,STS,CA,AWP,WE,Towers with Display (VFR),0,3,53,0,56,0,11,37,0,48,0,14,90,0,104,70,4,74,178
01/01/2002,STS,CA,AWP,WE,Towers with Display (VFR),0,3,25,0,28,0,5,0,0,5,0,8,25,0,33,6,0,6,39
01/02/2002,STS,CA,AWP,WE,Towers with Display (VFR),0,3,25,0,28,0,10,27,0,37,0,13,52,0,65,22,0,22,87
01/03/2002,STS,CA,AWP,WE,Towers with Display (VFR),0,2,21,0,23,0,12,201,0,213,0,14,222,0,236,158,0,158,394
01/04/2002,STS,CA,AWP,WE,Towers with Display (VFR),0,13,30,0,43,0,0,223,0,223,0,13,253,0,266,92,0,92,358
01/05/2002,STS,CA,AWP,WE,Towers with Display (VFR),0,8,43,0,51,0,0,0,0,0,0,8,43,0,51,0,0,0,51
01/06/2002,STS,CA,AWP,WE,Towers with Display (VFR),0,3,37,0,40,0,0,35,0,35,0,3,72,0,75,32,0,32,107
01/07/2002,STS,CA,AWP,WE,Towers with Display (VFR),0,10,31,0,41,0,0,3,0,3,0,10,34,0,44,0,0,0,44
01/08/2002,STS,CA,AWP,WE,Towers with Display (VFR),0,10,36,0,46,0,3,19,0,22,0,13,55,0,68,24,0,24,92
01/09/2002,STS,CA,AWP,WE,Towers with Display (VFR),0,8,42,0,50,0,6,140,0,146,0,14,182,0,196,122,0,122,318
01/10/2002,STS,CA,AWP,WE,Towers with Display (VFR),0,2,44,0,46,0,11,238,0,249,0,13,282,0,295,126,0,126,421
01/11/2002,STS,CA,AWP,WE,Towers with Display (VFR),0,9,35,0,44,0,5,168,0,173,0,14,203,0,217,146,0,146,363
01/12/2002,STS,CA,AWP,WE,Towers with Display (VFR),0,2,0,0,2,6,178,0,0,184,6,180,0,0,186,108,0,108,294
01/13/2002,STS,CA,AWP,WE,Towers with Display (VFR),0,4,51,0,55,0,0,0,0,0,0,4,51,0,55,0,0,0,55
01/14/2002,STS,CA,AWP,WE,Towers with Display (VFR),0,0,43,0,43,0,9,124,0,133,0,9,167,0,176,156,0,156,332
01/15/2002,STS,CA,AWP,WE,Towers with Display (VFR),0,3,12,0,15,0,15,137,0,152,0,18,149,0,167,108,0,108,275
01/16/2002,STS,CA,AWP,WE,Towers with Display (VFR),0,0,34,1,35,0,9,142,0,151,0,9,176,1,186,130,10,140,326
01/17/2002,STS,CA,AWP,WE,Towers with Display (VFR),0,3,26,0,29,0,20,174,0,194,0,23,200,0,223,94,0,94,317
01/18/2002,STS,CA,AWP,WE,Towers with Display (VFR),0,5,20,0,25,0,7,259,0,266,0,12,279,0,291,0,150,150,441
01/19/2002,STS,CA,AWP,WE,Towers with Display (VFR),0,2,13,0,15,0,10,278,0,288,0,12,291,0,303,158,0,158,461
01/20/2002,STS,CA,AWP,WE,Towers with Display (VFR),0,8,23,0,31,0,6,228,0,234,0,14,251,0,265,120,0,120,385
01/21/2002,STS,CA,AWP,WE,Towers with Display (VFR),0,4,25,0,29,0,8,32,0,40,0,12,57,0,69,22,0,22,91
01/22/2002,STS,CA,AWP,WE,Towers with Display (VFR),0,1,25,0,26,0,14,134,0,148,0,15,159,0,174,82,0,82,256
01/23/2002,STS,CA,AWP,WE,Towers with Display (VFR),0,1,20,0,21,0,10,204,0,214,0,11,224,0,235,90,0,90,325
01/24/2002,STS,CA,AWP,WE,Towers with Display (VFR),0,4,31,0,35,0,8,220,0,228,0,12,251,0,263,98,0,98,361
01/25/2002,STS,CA,AWP,WE,Towers with Display (VFR),0,7,46,0,53,0,5,141,4,150,0,12,187,4,203,136,0,136,339
01/26/2002,STS,CA,AWP,WE,Towers with Display (VFR),0,8,16,0,24,0,0,45,0,45,0,8,61,0,69,46,0,46,115
01/27/2002,STS,CA,AWP,WE,Towers with Display (VFR),0,1,16,0,17,0,5,185,0,190,0,6,201,0,207,150,0,150,357
01/28/2002,STS,CA,AWP,WE,Towers with Display (VFR),0,2,13,2,17,0,6,15,0,21,0,8,28,2,38,22,0,22,60
01/29/2002,STS,CA,AWP,WE,Towers with Display (VFR),0,3,24,0,27,0,11,108,0,119,0,14,132,0,146,92,0,92,238
01/30/2002,STS,CA,AWP,WE,Towers with Display (VFR),0,1,35,0,36,0,13,179,0,192,0,14,214,0,228,104,0,104,332
01/31/2002,STS,CA,AWP,WE,Towers with Display (VFR),0,2,26,0,28,0,9,196,0,205,0,11,222,0,233,94,0,94,327
02/01/2002,STS,CA,AWP,WE,Towers with Display (VFR),0,4,21,0,25,0,13,164,0,177,0,17,185,0,202,118,0,118,320
02/02/2002,STS,CA,AWP,WE,Towers with Display (VFR),0,2,35,0,37,0,2,162,0,164,0,4,197,0,201,32,0,32,233
02/03/2002,STS,CA,AWP,WE,Towers with Display (VFR),0,2,18,0,20,0,4,223,0,227,0,6,241,0,247,118,0,118,365
02/04/2002,STS,CA,AWP,WE,Towers with Display (VFR),0,6,38,0,44,0,14,177,0,191,0,20,215,0,235,149,0,149,384
02/05/2002,STS,CA,AWP,WE,Towers with Display (VFR),0,5,48,0,53,0,6,116,0,122,0,11,164,0,175,78,0,78,253
02/06/2002,STS,CA,AWP,WE,Towers with Display (VFR),0,3,50,0,53,0,12,53,0,65,0,15,103,0,118,148,0,148,266
02/07/2002,STS,CA,AWP,WE,Towers with Display (VFR),0,16,64,0,80,0,0,1,0,1,0,16,65,0,81,0,0,0,81
02/08/2002,STS,CA,AWP,WE,Towers with Display (VFR),0,2,28,0,30,0,16,251,0,267,0,18,279,0,297,148,0,148,445
02/09/2002,STS,CA,AWP,WE,Towers with Display (VFR),0,1,0,0,1,0,6,363,0,369,0,7,363,0,370,140,0,140,510
02/10/2002,STS,CA,AWP,WE,Towers with Display (VFR),0,2,24,0,26,0,7,285,0,292,0,9,309,0,318,196,0,196,514
02/11/2002,STS,CA,AWP,WE,Towers with Display (VFR),0,3,28,0,31,0,15,205,0,220,0,18,233,0,251,92,0,92,343
02/12/2002,STS,CA,AWP,WE,Towers with Display (VFR),0,5,27,0,32,0,7,178,0,185,0,12,205,0,217,118,0,118,335
02/13/2002,STS,CA,AWP,WE,Towers with Display (VFR),0,6,31,0,37,0,6,46,0,52,0,12,77,0,89,58,0,58,147
02/14/2002,STS,CA,AWP,WE,Towers with Display (VFR),0,3,0,0,3,0,149,0,0,149,0,152,0,0,152,42,0,42,194
02/15/2002,STS,CA,AWP,WE,Towers with Display (VFR),0,9,52,0,61,0,15,140,0,155,0,24,192,0,216,232,0,232,448
02/16/2002,STS,CA,AWP,WE,Towers with Display (VFR),0,4,39,0,43,0,3,93,0,96,0,7,132,0,139,62,0,62,201
02/17/2002,STS,CA,AWP,WE,Towers with Display (VFR),0,1,29,0,30,0,3,101,0,104,0,4,130,0,134,142,0,142,276
02/18/2002,STS,CA,AWP,WE,Towers with Display (VFR),0,7,46,0,53,0,4,55,0,59,0,11,101,0,112,146,0,146,258
02/19/2002,STS,CA,AWP,WE,Towers with Display (VFR),0,12,43,0,55,0,3,0,0,3,0,15,43,0,58,0,0,0,58
02/20/2002,STS,CA,AWP,WE,Towers with Display (VFR),0,13,44,0,57,0,7,52,0,59,0,20,96,0,116,60,0,60,176
02/21/2002,STS,CA,AWP,WE,Towers with Display (VFR),0,7,63,0,70,0,7,132,0,139,0,14,195,0,209,128,0,128,337
02/22/2002,STS,CA,AWP,WE,Towers with Display (VFR),0,8,62,0,70,0,4,199,0,203,0,12,261,0,273,110,0,110,383
02/23/2002,STS,CA,AWP,WE,Towers with Display (VFR),0,0,44,2,46,0,0,85,0,85,0,0,129,2,131,62,0,62,193
02/24/2002,STS,CA,AWP,WE,Towers with Display (VFR),0,2,24,0,26,0,8,353,0,361,0,10,377,0,387,172,0,172,559
02/25/2002,STS,CA,AWP,WE,Towers with Display (VFR),0,8,25,0,33,0,15,215,0,230,0,23,240,0,263,124,0,124,387
02/26/2002,STS,CA,AWP,WE,Towers with Display (VFR),0,2,31,0,33,0,8,194,0,202,0,10,225,0,235,102,0,102,337
02/27/2002,STS,CA,AWP,WE,Towers with Display (VFR),0,1,20,0,21,0,7,177,0,184,0,8,197,0,205,128,0,128,333
02/28/2002,STS,CA,AWP,WE,Towers with Display (VFR),0,4,50,0,54,0,10,193,0,203,0,14,243,0,257,116,0,116,373
03/01/2002,STS,CA,AWP,WE,Towers with Display (VFR),0,5,24,2,31,0,3,146,0,149,0,8,170,2,180,94,0,94,274
03/02/2002,STS,CA,AWP,WE,Towers with Display (VFR),0,4,15,0,19,0,16,279,0,295,0,20,294,0,314,74,0,74,388
03/03/2002,STS,CA,AWP,WE,Towers with Display (VFR),0,5,17,0,22,0,6,310,0,316,0,11,327,0,338,126,0,126,464
03/04/2002,STS,CA,AWP,WE,Towers with Display (VFR),0,9,48,0,57,0,22,168,0,190,0,31,216,0,247,198,0,198,445
03/05/2002,STS,CA,AWP,WE,Towers with Display (VFR),0,6,64,0,70,0,11,60,0,71,0,17,124,0,141,114,0,114,255
03/06/2002,STS,CA,AWP,WE,Towers with Display (VFR),0,12,48,0,60,0,5,46,0,51,0,17,94,0,111,20,0,20,131
03/07/2002,STS,CA,AWP,WE,Towers with Display (VFR),0,5,31,0,36,0,8,42,0,50,0,13,73,0,86,22,0,22,108
03/08/2002,STS,CA,AWP,WE,Towers with Display (VFR),0,7,25,0,32,0,2,259,0,261,0,9,284,0,293,146,0,146,439
03/09/2002,STS,CA,AWP,WE,Towers with Display (VFR),0,3,51,0,54,0,0,143,0,143,0,3,194,0,197,96,0,96,293
03/10/2002,STS,CA,AWP,WE,Towers with Display (VFR),0,3,27,0,30,0,7,108,0,115,0,10,135,0,145,72,0,72,217
03/11/2002,STS,CA,AWP,WE,Towers with Display (VFR),0,1,36,0,37,0,19,142,0,161,0,20,178,0,198,124,0,124,322
03/12/2002,STS,CA,AWP,WE,Towers with Display (VFR),0,4,59,0,63,0,10,92,0,102,0,14,151,0,165,68,0,68,233
03/13/2002,STS,CA,AWP,WE,Towers with Display (VFR),0,4,40,0,44,0,30,131,0,161,0,34,171,0,205,102,0,102,307
03/14/2002,STS,CA,AWP,WE,Towers with Display (VFR),0,3,35,0,38,0,13,234,0,247,0,16,269,0,285,156,0,156,441
03/15/2002,STS,CA,AWP,WE,Towers with Display (VFR),0,5,38,0,43,0,20,184,0,204,0,25,222,0,247,66,0,66,313
03/16/2002,STS,CA,AWP,WE,Towers with Display (VFR),0,0,36,0,36,0,12,153,0,165,0,12,189,0,201,130,0,130,331
03/17/2002,STS,CA,AWP,WE,Towers with Display (VFR),0,1,17,0,18,0,4,56,0,60,0,5,73,0,78,60,0,60,138
03/18/2002,STS,CA,AWP,WE,Towers with Display (VFR),0,4,30,0,34,0,9,141,0,150,0,13,171,0,184,82,0,82,266
03/19/2002,STS,CA,AWP,WE,Towers with Display (VFR),0,1,31,0,32,0,8,237,0,245,0,9,268,0,277,108,0,108,385
03/20/2002,STS,CA,AWP,WE,Towers with Display (VFR),0,6,46,2,54,0,13,214,0,227,0,19,260,2,281,172,0,172,453
03/21/2002,STS,CA,AWP,WE,Towers with Display (VFR),0,3,26,0,29,0,9,206,0,215,0,12,232,0,244,112,0,112,356
03/22/2002,STS,CA,AWP,WE,Towers with Display (VFR),0,6,57,0,63,0,3,4,0,7,0,9,61,0,70,18,0,18,88
03/23/2002,STS,CA,AWP,WE,Towers with Display (VFR),0,3,30,0,33,0,6,35,0,41,0,9,65,0,74,78,0,78,152
03/24/2002,STS,CA,AWP,WE,Towers with Display (VFR),0,5,48,0,53,0,4,297,0,301,0,9,345,0,354,106,0,106,460
03/25/2002,STS,CA,AWP,WE,Towers with Display (VFR),0,3,44,0,47,0,10,159,0,169,0,13,203,0,216,154,0,154,370
03/26/2002,STS,CA,AWP,WE,Towers with Display (VFR),0,4,23,0,27,0,10,209,0,219,0,14,232,0,246,180,0,180,426
03/27/2002,STS,CA,AWP,WE,Towers with Display (VFR),0,5,17,0,22,0,10,214,0,224,0,15,231,0,246,108,0,108,354
03/28/2002,STS,CA,AWP,WE,Towers with Display (VFR),0,2,18,0,20,0,12,241,20,273,0,14,259,20,293,180,0,180,473
03/29/2002,STS,CA,AWP,WE,Towers with Display (VFR),0,4,51,0,55,0,8,230,0,238,0,12,281,0,293,158,0,158,451
03/30/2002,STS,CA,AWP,WE,Towers with Display (VFR),0,1,34,0,35,0,10,222,0,232,0,11,256,0,267,124,0,124,391
03/31/2002,STS,CA,AWP,WE,Towers with Display (VFR),0,3,21,0,24,0,1,196,0,197,0,4,217,0,221,112,0,112,333
04/01/2002,STS,CA,AWP,WE,Towers with Display (VFR),0,8,27,0,35,0,9,140,0,149,0,17,167,0,184,88,0,88,272
04/02/2002,STS,CA,AWP,WE,Towers with Display (VFR),0,11,36,0,47,0,3,102,0,105,0,14,138,0,152,72,0,72,224
04/03/2002,STS,CA,AWP,WE,Towers with Display (VFR),0,29,23,0,52,0,0,83,0,83,0,29,106,0,135,132,0,132,267
04/04/2002,STS,CA,AWP,WE,Towers with Display (VFR),0,13,53,0,66,0,6,36,0,42,0,19,89,0,108,18,0,18,126
04/05/2002,STS,CA,AWP,WE,Towers with Display (VFR),0,2,38,0,40,0,12,67,0,79,0,14,105,0,119,114,0,114,233
04/06/2002,STS,CA,AWP,WE,Towers with Display (VFR),0,5,27,0,32,0,3,331,0,334,0,8,358,0,366,184,0,184,550
04/07/2002,STS,CA,AWP,WE,Towers with Display (VFR),0,3,46,0,49,0,9,193,0,202,0,12,239,0,251,118,0,118,369
04/08/2002,STS,CA,AWP,WE,Towers with Display (VFR),0,10,42,0,52,0,0,64,0,64,0,10,106,0,116,48,0,48,164
04/09/2002,STS,CA,AWP,WE,Towers with Display (VFR),0,13,55,0,68,0,2,6,0,8,0,15,61,0,76,0,0,0,76
04/10/2002,STS,CA,AWP,WE,Towers with Display (VFR),0,2,36,0,38,0,11,179,0,190,0,13,215,0,228,140,0,140,368
04/11/2002,STS,CA,AWP,WE,Towers with Display (VFR),0,6,37,0,43,0,7,145,0,152,0,13,182,0,195,110,0,110,305
04/12/2002,STS,CA,AWP,WE,Towers with Display (VFR),0,1,30,0,31,0,12,243,0,255,0,13,273,0,286,128,0,128,414
04/13/2002,STS,CA,AWP,WE,Towers with Display (VFR),0,7,31,0,38,0,9,311,0,320,0,16,342,0,358,146,0,146,504
04/14/2002,STS,CA,AWP,WE,Towers with Display (VFR),0,1,14,0,15,0,5,186,0,191,0,6,200,0,206,144,0,144,350
04/15/2002,STS,CA,AWP,WE,Towers with Display (VFR),0,5,28,0,33,0,12,166,0,178,0,17,194,0,211,76,0,76,287
04/16/2002,STS,CA,AWP,WE,Towers with Display (VFR),0,5,30,0,35,0,4,84,0,88,0,9,114,0,123,94,0,94,217
04/17/2002,STS,CA,AWP,WE,Towers with Display (VFR),0,4,17,0,21,0,7,101,0,108,0,11,118,0,129,67,0,67,196
04/18/2002,STS,CA,AWP,WE,Towers with Display (VFR),0,3,37,0,40,0,12,213,0,225,0,15,250,0,265,204,0,204,469
04/19/2002,STS,CA,AWP,WE,Towers with Display (VFR),0,4,28,0,32,0,11,312,0,323,0,15,340,0,355,164,0,164,519
04/20/2002,STS,CA,AWP,WE,Towers with Display (VFR),0,1,23,0,24,0,6,276,0,282,0,7,299,0,306,134,0,134,440
04/21/2002,STS,CA,AWP,WE,Towers with Display (VFR),0,5,35,0,40,0,2,255,0,257,0,7,290,0,297,180,0,180,477
04/22/2002,STS,CA,AWP,WE,Towers with Display (VFR),0,9,13,0,22,0,6,215,0,221,0,15,228,0,243,86,0,86,329
04/23/2002,STS,CA,AWP,WE,Towers with Display (VFR),0,2,35,0,37,0,6,222,0,228,0,8,257,0,265,164,0,164,429
04/24/2002,STS,CA,AWP,WE,Towers with Display (VFR),0,2,58,0,60,0,14,183,0,197,0,16,241,0,257,132,0,132,389
04/25/2002,STS,CA,AWP,WE,Towers with Display (VFR),0,3,42,0,45,0,6,145,0,151,0,9,187,0,196,134,0,134,330
04/26/2002,STS,CA,AWP,WE,Towers with Display (VFR),0,5,44,0,49,0,8,157,0,165,0,13,201,0,214,128,0,128,342
04/27/2002,STS,CA,AWP,WE,Towers with Display (VFR),0,5,26,0,31,0,3,182,0,185,0,8,208,0,216,228,0,228,444
04/28/2002,STS,CA,AWP,WE,Towers with Display (VFR),0,4,49,0,53,0,3,182,0,185,0,7,231,0,238,92,0,92,330
04/29/2002,STS,CA,AWP,WE,Towers with Display (VFR),0,9,47,0,56,0,6,51,0,57,0,15,98,0,113,10,0,10,123
04/30/2002,STS,CA,AWP,WE,Towers with Display (VFR),0,16,42,0,58,0,2,46,0,48,0,18,88,0,106,10,0,10,116
05/01/2002,STS,CA,AWP,WE,Towers with Display (VFR),0,4,25,0,29,0,3,140,0,143,0,7,165,0,172,152,0,152,324
05/02/2002,STS,CA,AWP,WE,Towers with Display (VFR),0,3,37,0,40,0,8,165,0,173,0,11,202,0,213,164,0,164,377
05/03/2002,STS,CA,AWP,WE,Towers with Display (VFR),0,2,50,0,52,0,5,167,0,172,0,7,217,0,224,120,0,120,344
05/04/2002,STS,CA,AWP,WE,Towers with Display (VFR),0,2,39,0,41,0,12,217,0,229,0,14,256,0,270,74,0,74,344
05/05/2002,STS,CA,AWP,WE,Towers with Display (VFR),0,6,21,0,27,0,6,248,0,254,0,12,269,0,281,70,0,70,351
05/06/2002,STS,CA,AWP,WE,Towers with Display (VFR),0,5,31,0,36,0,13,162,0,175,0,18,193,0,211,140,0,140,351
05/07/2002,STS,CA,AWP,WE,Towers with Display (VFR),0,5,26,0,31,0,15,222,0,237,0,20,248,0,268,162,0,162,430
05/08/2002,STS,CA,AWP,WE,Towers with Display (VFR),0,1,36,0,37,0,12,218,0,230,0,13,254,0,267,146,0,146,413
05/09/2002,STS,CA,AWP,WE,Towers with Display (VFR),0,7,35,0,42,0,3,178,0,181,0,10,213,0,223,178,0,178,401
05/10/2002,STS,CA,AWP,WE,Towers with Display (VFR),0,9,33,0,42,0,3,261,2,266,0,12,294,2,308,120,0,120,428
05/11/2002,STS,CA,AWP,WE,Towers with Display (VFR),0,4,9,0,13,0,7,314,0,321,0,11,323,0,334,140,0,140,474
05/12/2002,STS,CA,AWP,WE,Towers with Display (VFR),0,1,17,0,18,0,6,216,0,222,0,7,233,0,240,96,0,96,336
05/13/2002,STS,CA,AWP,WE,Towers with Display (VFR),0,5,31,0,36,0,9,196,0,205,0,14,227,0,241,118,0,118,359
05/14/2002,STS,CA,AWP,WE,Towers with Display (VFR),0,6,34,0,40,0,6,191,0,197,0,12,225,0,237,162,0,162,399
05/15/2002,STS,CA,AWP,WE,Towers with Display (VFR),0,8,39,0,47,0,10,181,0,191,0,18,220,0,238,162,0,162,400
05/16/2002,STS,CA,AWP,WE,Towers with Display (VFR),0,1,30,0,31,0,5,190,0,195,0,6,220,0,226,160,0,160,386
05/17/2002,STS,CA,AWP,WE,Towers with Display (VFR),0,8,35,0,43,0,9,248,0,257,0,17,283,0,300,94,0,94,394
05/18/2002,STS,CA,AWP,WE,Towers with Display (VFR),0,3,28,0,31,0,9,259,0,268,0,12,287,0,299,164,0,164,463
05/19/2002,STS,CA,AWP,WE,Towers with Display (VFR),0,15,36,0,51,0,1,36,0,37,0,16,72,0,88,8,0,8,96
05/20/2002,STS,CA,AWP,WE,Towers with Display (VFR),0,4,22,0,26,0,5,18,0,23,0,9,40,0,49,0,0,0,49
05/21/2002,STS,CA,AWP,WE,Towers with Display (VFR),0,4,36,0,40,0,0,133,0,133,0,4,169,0,173,130,0,130,303
05/22/2002,STS,CA,AWP,WE,Towers with Display (VFR),0,10,30,0,40,0,14,223,0,237,0,24,253,0,277,184,0,184,461
05/23/2002,STS,CA,AWP,WE,Towers with Display (VFR),0,5,28,0,33,0,4,231,0,235,0,9,259,0,268,52,0,52,320
05/24/2002,STS,CA,AWP,WE,Towers with Display (VFR),0,11,38,0,49,0,13,280,0,293,0,24,318,0,342,114,0,114,456
05/25/2002,STS,CA,AWP,WE,Towers with Display (VFR),0,5,29,0,34,0,6,239,0,245,0,11,268,0,279,180,0,180,459
05/26/2002,STS,CA,AWP,WE,Towers with Display (VFR),0,0,26,0,26,0,5,179,0,184,0,5,205,0,210,48,0,48,258
05/27/2002,STS,CA,AWP,WE,Towers with Display (VFR),0,5,36,0,41,0,4,189,0,193,0,9,225,0,234,68,0,68,302
05/28/2002,STS,CA,AWP,WE,Towers with Display (VFR),0,3,28,0,31,0,5,120,0,125,0,8,148,0,156,40,0,40,196
05/29/2002,STS,CA,AWP,WE,Towers with Display (VFR),0,12,25,0,37,0,1,195,0,196,0,13,220,0,233,72,0,72,305
05/30/2002,STS,CA,AWP,WE,Towers with Display (VFR),0,20,36,0,56,0,2,258,4,264,0,22,294,4,320,98,0,98,418
05/31/2002,STS,CA,AWP,WE,Towers with Display (VFR),0,9,46,0,55,0,13,260,0,273,0,22,306,0,328,152,0,152,480
06/01/2002,STS,CA,AWP,WE,Towers with Display (VFR),0,4,23,0,27,0,10,214,0,224,0,14,237,0,251,120,0,120,371
06/02/2002,STS,CA,AWP,WE,Towers with Display (VFR),0,21,43,0,64,0,8,257,0,265,0,29,300,0,329,74,0,74,403
06/03/2002,STS,CA,AWP,WE,Towers with Display (VFR),0,6,23,0,29,0,4,124,0,128,0,10,147,0,157,78,0,78,235
06/04/2002,STS,CA,AWP,WE,Towers with Display (VFR),0,1,26,0,27,0,12,172,0,184,0,13,198,0,211,118,0,118,329
06/05/2002,STS,CA,AWP,WE,Towers with Display (VFR),0,2,31,0,33,0,10,169,2,181,0,12,200,2,214,94,0,94,308
06/06/2002,STS,CA,AWP,WE,Towers with Display (VFR),0,2,32,0,34,0,18,217,0,235,0,20,249,0,269,132,0,132,401
06/07/2002,STS,CA,AWP,WE,Towers with Display (VFR),0,3,24,0,27,0,22,246,0,268,0,25,270,0,295,132,0,132,427
06/08/2002,STS,CA,AWP,WE,Towers with Display (VFR),0,3,5,0,8,0,17,318,0,335,0,20,323,0,343,130,0,130,473
06/09/2002,STS,CA,AWP,WE,Towers with Display (VFR),0,0,21,0,21,0,15,174,0,189,0,15,195,0,210,120,0,120,330
06/10/2002,STS,CA,AWP,WE,Towers with Display (VFR),0,1,24,0,25,0,11,180,0,191,0,12,204,0,216,150,0,150,366
06/11/2002,STS,CA,AWP,WE,Towers with Display (VFR),0,7,18,0,25,0,4,220,3,227,0,11,238,3,252,118,0,118,370
06/12/2002,STS,CA,AWP,WE,Towers with Display (VFR),0,7,37,0,44,0,7,149,0,156,0,14,186,0,200,76,0,76,276
06/13/2002,STS,CA,AWP,WE,Towers with Display (VFR),0,3,60,0,63,0,10,131,0,141,0,13,191,0,204,62,0,62,266
06/14/2002,STS,CA,AWP,WE,Towers with Display (VFR),0,6,25,4,35,0,15,234,0,249,0,21,259,4,284,160,0,160,444
06/15/2002,STS,CA,AWP,WE,Towers with Display (VFR),0,14,23,0,37,0,4,215,0,219,0,18,238,0,256,32,0,32,288
06/16/2002,STS,CA,AWP,WE,Towers with Display (VFR),0,5,23,0,28,0,30,248,0,278,0,35,271,0,306,70,0,70,376
06/17/2002,STS,CA,AWP,WE,Towers with Display (VFR),0,9,30,0,39,0,19,186,0,205,0,28,216,0,244,106,0,106,350
06/18/2002,STS,CA,AWP,WE,Towers with Display (VFR),0,2,42,0,44,0,8,232,0,240,0,10,274,0,284,80,0,80,364
06/19/2002,STS,CA,AWP,WE,Towers with Display (VFR),0,6,38,1,45,0,15,213,2,230,0,21,251,3,275,168,0,168,443
06/20/2002,STS,CA,AWP,WE,Towers with Display (VFR),0,9,32,1,42,0,8,222,4,234,0,17,254,5,276,116,0,116,392
06/21/2002,STS,CA,AWP,WE,Towers with Display (VFR),0,9,27,1,37,0,8,196,1,205,0,17,223,2,242,90,0,90,332
06/22/2002,STS,CA,AWP,WE,Towers with Display (VFR),0,10,32,0,42,0,6,194,0,200,0,16,226,0,242,94,0,94,336
06/23/2002,STS,CA,AWP,WE,Towers with Display (VFR),0,3,31,0,34,0,23,259,0,282,0,26,290,0,316,116,0,116,432
06/24/2002,STS,CA,AWP,WE,Towers with Display (VFR),0,4,39,0,43,0,4,185,0,189,0,8,224,0,232,100,0,100,332
06/25/2002,STS,CA,AWP,WE,Towers with Display (VFR),0,3,40,0,43,0,8,147,0,155,0,11,187,0,198,110,0,110,308
06/26/2002,STS,CA,AWP,WE,Towers with Display (VFR),0,7,69,0,76,0,6,136,0,142,0,13,205,0,218,88,0,88,306
06/27/2002,STS,CA,AWP,WE,Towers with Display (VFR),0,2,31,1,34,0,12,166,0,178,0,14,197,1,212,68,0,68,280
06/28/2002,STS,CA,AWP,WE,Towers with Display (VFR),0,4,33,0,37,0,13,221,4,238,0,17,254,4,275,122,0,122,397
06/29/2002,STS,CA,AWP,WE,Towers with Display (VFR),0,0,23,0,23,0,18,309,0,327,0,18,332,0,350,128,0,128,478
06/30/2002,STS,CA,AWP,WE,Towers with Display (VFR),0,4,37,0,41,0,22,275,0,297,0,26,312,0,338,128,0,128,466
07/01/2002,STS,CA,AWP,WE,Towers with Display (VFR),0,0,15,0,15,0,15,175,0,190,0,15,190,0,205,106,0,106,311
07/02/2002,STS,CA,AWP,WE,Towers with Display (VFR),0,6,20,0,26,0,4,226,0,230,0,10,246,0,256,138,0,138,394
07/03/2002,STS,CA,AWP,WE,Towers with Display (VFR),0,13,28,0,41,0,15,181,0,196,0,28,209,0,237,96,0,96,333
07/04/2002,STS,CA,AWP,WE,Towers with Display (VFR),0,0,16,0,16,0,10,135,0,145,0,10,151,0,161,70,0,70,231
07/05/2002,STS,CA,AWP,WE,Towers with Display (VFR),0,3,25,0,28,0,23,228,0,251,0,26,253,0,279,82,0,82,361
07/06/2002,STS,CA,AWP,WE,Towers with Display (VFR),0,3,7,0,10,0,8,228,0,236,0,11,235,0,246,42,0,42,288
07/07/2002,STS,CA,AWP,WE,Towers with Display (VFR),0,5,15,0,20,0,9,245,0,254,0,14,260,0,274,72,0,72,346
07/08/2002,STS,CA,AWP,WE,Towers with Display (VFR),0,6,13,0,19,0,2,176,3,181,0,8,189,3,200,62,0,62,262
07/09/2002,STS,CA,AWP,WE,Towers with Display (VFR),0,7,23,0,30,0,6,176,0,182,0,13,199,0,212,82,0,82,294
07/10/2002,STS,CA,AWP,WE,Towers with Display (VFR),0,6,24,0,30,0,14,178,0,192,0,20,202,0,222,108,0,108,330
07/11/2002,STS,CA,AWP,WE,Towers with Display (VFR),0,28,50,0,78,0,11,227,1,239,0,39,277,1,317,66,2,68,385
07/12/2002,STS,CA,AWP,WE,Towers with Display (VFR),0,13,54,0,67,0,11,184,0,195,0,24,238,0,262,134,0,134,396
07/13/2002,STS,CA,AWP,WE,Towers with Display (VFR),0,3,13,0,16,0,7,263,0,270,0,10,276,0,286,76,0,76,362
07/14/2002,STS,CA,AWP,WE,Towers with Display (VFR),0,33,60,0,93,0,5,226,3,234,0,38,286,3,327,62,0,62,389
07/15/2002,STS,CA,AWP,WE,Towers with Display (VFR),0,4,40,0,44,0,12,147,0,159,0,16,187,0,203,72,0,72,275
07/16/2002,STS,CA,AWP,WE,Towers with Display (VFR),0,9,42,0,51,0,0,134,0,134,0,9,176,0,185,114,0,114,299
07/17/2002,STS,CA,AWP,WE,Towers with Display (VFR),0,3,52,0,55,0,14,174,0,188,0,17,226,0,243,90,0,90,333
07/18/2002,STS,CA,AWP,WE,Towers with Display (VFR),0,25,70,0,95,0,13,199,0,212,0,38,269,0,307,80,0,80,387
07/19/2002,STS,CA,AWP,WE,Towers with Display (VFR),0,19,38,0,57,0,8,189,0,197,0,27,227,0,254,64,0,64,318
07/20/2002,STS,CA,AWP,WE,Towers with Display (VFR),0,8,14,0,22,0,6,271,0,277,0,14,285,0,299,98,0,98,397
07/21/2002,STS,CA,AWP,WE,Towers with Display (VFR),0,16,73,0,89,2,0,162,0,164,2,16,235,0,253,102,0,102,355
07/22/2002,STS,CA,AWP,WE,Towers with Display (VFR),0,7,54,0,61,0,8,146,0,154,0,15,200,0,215,70,0,70,285
07/23/2002,STS,CA,AWP,WE,Towers with Display (VFR),0,4,33,0,37,0,4,148,0,152,0,8,181,0,189,118,0,118,307
07/24/2002,STS,CA,AWP,WE,Towers with Display (VFR),0,3,34,0,37,0,21,268,0,289,0,24,302,0,326,192,0,192,518
07/25/2002,STS,CA,AWP,WE,Towers with Display (VFR),0,14,68,0,82,0,11,140,4,155,0,25,208,4,237,122,0,122,359
07/26/2002,STS,CA,AWP,WE,Towers with Display (VFR),0,4,30,0,34,0,16,165,0,181,0,20,195,0,215,78,0,78,293
07/27/2002,STS,CA,AWP,WE,Towers with Display (VFR),0,12,44,0,56,0,10,169,0,179,0,22,213,0,235,86,0,86,321
07/28/2002,STS,CA,AWP,WE,Towers with Display (VFR),0,12,82,0,94,0,3,117,0,120,0,15,199,0,214,44,0,44,258
07/29/2002,STS,CA,AWP,WE,Towers with Display (VFR),0,5,39,0,44,0,5,97,0,102,0,10,136,0,146,106,0,106,252
07/30/2002,STS,CA,AWP,WE,Towers with Display (VFR),0,1,53,0,54,0,10,141,0,151,0,11,194,0,205,92,0,92,297
07/31/2002,STS,CA,AWP,WE,Towers with Display (VFR),0,7,36,0,43,0,10,156,0,166,0,17,192,0,209,90,0,90,299
08/01/2002,STS,CA,AWP,WE,Towers with Display (VFR),0,8,53,1,62,0,16,133,1,150,0,24,186,2,212,98,0,98,310
08/02/2002,STS,CA,AWP,WE,Towers with Display (VFR),0,7,62,0,69,0,8,146,0,154,0,15,208,0,223,50,0,50,273
08/03/2002,STS,CA,AWP,WE,Towers with Display (VFR),0,4,62,0,66,0,4,18,0,22,0,8,80,0,88,60,0,60,148
08/04/2002,STS,CA,AWP,WE,Towers with Display (VFR),0,9,46,0,55,0,2,190,0,192,0,11,236,0,247,82,0,82,329
08/05/2002,STS,CA,AWP,WE,Towers with Display (VFR),0,3,33,0,36,0,15,154,2,171,0,18,187,2,207,68,0,68,275
08/06/2002,STS,CA,AWP,WE,Towers with Display (VFR),0,2,24,0,26,0,14,145,0,159,0,16,169,0,185,156,0,156,341
08/07/2002,STS,CA,AWP,WE,Towers with Display (VFR),0,8,30,1,39,0,13,193,1,207,0,21,223,2,246,104,0,104,350
08/08/2002,STS,CA,AWP,WE,Towers with Display (VFR),0,2,30,0,32,0,14,191,0,205,0,16,221,0,237,120,0,120,357
08/09/2002,STS,CA,AWP,WE,Towers with Display (VFR),0,1,26,0,27,0,67,238,0,305,0,68,264,0,332,114,0,114,446
08/10/2002,STS,CA,AWP,WE,Towers with Display (VFR),0,8,15,0,23,0,16,235,0,251,0,24,250,0,274,96,0,96,370
08/11/2002,STS,CA,AWP,WE,Towers with Display (VFR),0,2,33,0,35,0,25,221,0,246,0,27,254,0,281,82,0,82,363
08/12/2002,STS,CA,AWP,WE,Towers with Display (VFR),0,3,29,0,32,0,11,131,0,142,0,14,160,0,174,100,0,100,274
08/13/2002,STS,CA,AWP,WE,Towers with Display (VFR),0,7,47,0,54,0,11,150,0,161,0,18,197,0,215,136,0,136,351
08/14/2002,STS,CA,AWP,WE,Towers with Display (VFR),0,7,46,0,53,0,11,146,0,157,0,18,192,0,210,142,0,142,352
08/15/2002,STS,CA,AWP,WE,Towers with Display (VFR),0,6,42,0,48,0,9,152,0,161,0,15,194,0,209,158,0,158,367
08/16/2002,STS,CA,AWP,WE,Towers with Display (VFR),0,14,64,0,78,0,5,177,3,185,0,19,241,3,263,96,0,96,359
08/17/2002,STS,CA,AWP,WE,Towers with Display (VFR),0,4,55,0,59,0,10,143,0,153,0,14,198,0,212,84,0,84,296
08/18/2002,STS,CA,AWP,WE,Towers with Display (VFR),0,4,41,0,45,0,16,176,0,192,0,20,217,0,237,102,0,102,339
08/19/2002,STS,CA,AWP,WE,Towers with Display (VFR),0,7,74,0,81,0,11,98,0,109,0,18,172,0,190,126,0,126,316
08/20/2002,STS,CA,AWP,WE,Towers with Display (VFR),0,9,58,0,67,0,8,153,0,161,0,17,211,0,228,60,0,60,288
08/21/2002,STS,CA,AWP,WE,Towers with Display (VFR),0,6,30,0,36,0,8,208,0,216,0,14,238,0,252,154,0,154,406
08/22/2002,STS,CA,AWP,WE,Towers with Display (VFR),0,2,74,0,76,0,13,150,0,163,0,15,224,0,239,122,0,122,361
08/23/2002,STS,CA,AWP,WE,Towers with Display (VFR),0,5,50,0,55,0,6,217,17,240,0,11,267,17,295,70,0,70,365
08/24/2002,STS,CA,AWP,WE,Towers with Display (VFR),0,4,21,0,25,0,2,163,44,209,0,6,184,44,234,42,0,42,276
08/25/2002,STS,CA,AWP,WE,Towers with Display (VFR),0,1,20,1,22,0,39,55,16,110,0,40,75,17,132,32,0,32,164
08/26/2002,STS,CA,AWP,WE,Towers with Display (VFR),0,4,36,0,40,0,13,193,0,206,0,17,229,0,246,150,0,150,396
08/27/2002,STS,CA,AWP,WE,Towers with Display (VFR),0,7,39,2,48,0,11,186,4,201,0,18,225,6,249,138,0,138,387
08/28/2002,STS,CA,AWP,WE,Towers with Display (VFR),0,4,40,0,44,0,14,173,2,189,0,18,213,2,233,164,0,164,397
08/29/2002,STS,CA,AWP,WE,Towers with Display (VFR),0,8,62,0,70,0,8,131,0,139,0,16,193,0,209,156,0,156,365
08/30/2002,STS,CA,AWP,WE,Towers with Display (VFR),0,12,63,0,75,0,7,151,0,158,0,19,214,0,233,114,0,114,347
08/31/2002,STS,CA,AWP,WE,Towers with Display (VFR),0,3,36,0,39,0,19,234,0,253,0,22,270,0,292,96,0,96,388
09/01/2002,STS,CA,AWP,WE,Towers with Display (VFR),0,4,11,1,16,0,4,218,1,223,0,8,229,2,239,46,0,46,285
09/02/2002,STS,CA,AWP,WE,Towers with Display (VFR),0,2,25,0,27,0,6,217,0,223,0,8,242,0,250,96,0,96,346
09/03/2002,STS,CA,AWP,WE,Towers with Display (VFR),0,12,40,0,52,0,1,131,0,132,0,13,171,0,184,130,0,130,314
09/04/2002,STS,CA,AWP,WE,Towers with Display (VFR),0,4,50,2,56,0,7,131,0,138,0,11,181,2,194,114,0,114,308
09/05/2002,STS,CA,AWP,WE,Towers with Display (VFR),0,3,20,2,25,0,10,192,2,204,0,13,212,4,229,102,0,102,331
09/06/2002,STS,CA,AWP,WE,Towers with Display (VFR),0,8,33,0,41,0,10,192,0,202,0,18,225,0,243,180,0,180,423
09/07/2002,STS,CA,AWP,WE,Towers with Display (VFR),0,0,17,0,17,0,8,182,0,190,0,8,199,0,207,92,0,92,299
09/08/2002,STS,CA,AWP,WE,Towers with Display (VFR),0,2,24,0,26,0,11,243,0,254,0,13,267,0,280,60,0,60,340
09/09/2002,STS,CA,AWP,WE,Towers with Display (VFR),0,4,25,0,29,0,5,147,0,152,0,9,172,0,181,156,0,156,337
09/10/2002,STS,CA,AWP,WE,Towers with Display (VFR),0,2,17,0,19,0,16,214,0,230,0,18,231,0,249,94,0,94,343
09/11/2002,STS,CA,AWP,WE,Towers with Display (VFR),0,8,28,0,36,0,4,215,0,219,0,12,243,0,255,158,0,158,413
09/12/2002,STS,CA,AWP,WE,Towers with Display (VFR),0,4,42,0,46,0,10,127,0,137,0,14,169,0,183,120,0,120,303
09/13/2002,STS,CA,AWP,WE,Towers with Display (VFR),0,13,43,0,56,0,0,136,0,136,0,13,179,0,192,84,0,84,276
09/14/2002,STS,CA,AWP,WE,Towers with Display (VFR),0,10,26,0,36,0,17,156,0,173,0,27,182,0,209,138,0,138,347
09/15/2002,STS,CA,AWP,WE,Towers with Display (VFR),0,6,32,0,38,0,6,137,0,143,0,12,169,0,181,70,0,70,251
09/16/2002,STS,CA,AWP,WE,Towers with Display (VFR),0,6,41,0,47,0,5,164,0,169,0,11,205,0,216,174,0,174,390
09/17/2002,STS,CA,AWP,WE,Towers with Display (VFR),0,6,26,2,34,0,2,182,0,184,0,8,208,2,218,74,0,74,292
09/18/2002,STS,CA,AWP,WE,Towers with Display (VFR),0,6,33,2,41,0,7,237,0,244,0,13,270,2,285,108,0,108,393
09/19/2002,STS,CA,AWP,WE,Towers with Display (VFR),0,8,41,0,49,0,23,268,0,291,0,31,309,0,340,74,0,74,414
09/20/2002,STS,CA,AWP,WE,Towers with Display (VFR),0,10,41,0,51,0,44,254,0,298,0,54,295,0,349,102,0,102,451
09/21/2002,STS,CA,AWP,WE,Towers with Display (VFR),0,3,27,0,30,0,7,211,0,218,0,10,238,0,248,150,0,150,398
09/22/2002,STS,CA,AWP,WE,Towers with Display (VFR),0,3,33,0,36,0,2,230,0,232,0,5,263,0,268,100,0,100,368
09/23/2002,STS,CA,AWP,WE,Towers with Display (VFR),0,4,32,0,36,0,10,154,0,164,0,14,186,0,200,138,0,138,338
09/24/2002,STS,CA,AWP,WE,Towers with Display (VFR),0,3,39,0,42,0,13,182,0,195,0,16,221,0,237,90,0,90,327
09/25/2002,STS,CA,AWP,WE,Towers with Display (VFR),0,6,42,0,48,0,15,198,0,213,0,21,240,0,261,102,0,102,363
09/26/2002,STS,CA,AWP,WE,Towers with Display (VFR),0,20,47,4,71,0,5,148,0,153,0,25,195,4,224,68,0,68,292
09/27/2002,STS,CA,AWP,WE,Towers with Display (VFR),0,12,65,0,77,0,13,86,0,99,0,25,151,0,176,90,0,90,266
09/28/2002,STS,CA,AWP,WE,Towers with Display (VFR),0,7,22,0,29,0,6,258,0,264,0,13,280,0,293,26,0,26,319
09/29/2002,STS,CA,AWP,WE,Towers with Display (VFR),0,6,30,0,36,0,9,214,0,223,0,15,244,0,259,80,0,80,339
09/30/2002,STS,CA,AWP,WE,Towers with Display (VFR),0,4,24,0,28,0,5,121,0,126,0,9,145,0,154,84,0,84,238
10/01/2002,STS,CA,AWP,WE,Towers with Display (VFR),0,5,28,0,33,0,26,173,0,199,0,31,201,0,232,110,0,110,342
10/02/2002,STS,CA,AWP,WE,Towers with Display (VFR),0,1,40,0,41,0,45,195,0,240,0,46,235,0,281,98,0,98,379
10/03/2002,STS,CA,AWP,WE,Towers with Display (VFR),0,8,39,0,47,0,21,170,0,191,0,29,209,0,238,134,0,134,372
10/04/2002,STS,CA,AWP,WE,Towers with Display (VFR),0,1,26,0,27,0,15,232,0,247,0,16,258,0,274,62,0,62,336
10/05/2002,STS,CA,AWP,WE,Towers with Display (VFR),0,1,9,0,10,0,9,256,0,265,0,10,265,0,275,108,0,108,383
10/06/2002,STS,CA,AWP,WE,Towers with Display (VFR),0,12,24,0,36,0,5,244,0,249,0,17,268,0,285,106,0,106,391
10/07/2002,STS,CA,AWP,WE,Towers with Display (VFR),0,4,29,0,33,0,19,191,0,210,0,23,220,0,243,70,0,70,313
10/08/2002,STS,CA,AWP,WE,Towers with Display (VFR),0,9,22,0,31,0,13,190,0,203,0,22,212,0,234,110,0,110,344
10/09/2002,STS,CA,AWP,WE,Towers with Display (VFR),0,8,21,1,30,0,7,189,0,196,0,15,210,1,226,144,0,144,370
10/10/2002,STS,CA,AWP,WE,Towers with Display (VFR),0,16,48,0,64,0,5,78,0,83,0,21,126,0,147,60,0,60,207
10/11/2002,STS,CA,AWP,WE,Towers with Display (VFR),0,6,28,0,34,0,11,236,0,247,0,17,264,0,281,90,0,90,371
10/12/2002,STS,CA,AWP,WE,Towers with Display (VFR),0,1,30,0,31,0,16,193,0,209,0,17,223,0,240,52,0,52,292
10/13/2002,STS,CA,AWP,WE,Towers with Display (VFR),0,4,22,0,26,0,4,236,0,240,0,8,258,0,266,88,0,88,354
10/14/2002,STS,CA,AWP,WE,Towers with Display (VFR),0,3,41,0,44,0,15,173,0,188,0,18,214,0,232,94,0,94,326
10/15/2002,STS,CA,AWP,WE,Towers with Display (VFR),0,12,47,0,59,0,4,128,0,132,0,16,175,0,191,142,0,142,333
10/16/2002,STS,CA,AWP,WE,Towers with Display (VFR),0,20,40,0,60,0,16,149,0,165,0,36,189,0,225,122,0,122,347
10/17/2002,STS,CA,AWP,WE,Towers with Display (VFR),0,21,58,0,79,0,3,125,0,128,0,24,183,0,207,42,0,42,249
10/18/2002,STS,CA,AWP,WE,Towers with Display (VFR),0,10,49,0,59,0,17,163,0,180,0,27,212,0,239,68,0,68,307
10/19/2002,STS,CA,AWP,WE,Towers with Display (VFR),0,3,41,0,44,0,22,197,0,219,0,25,238,0,263,112,0,112,375
10/20/2002,STS,CA,AWP,WE,Towers with Display (VFR),0,3,23,0,26,0,7,214,0,221,0,10,237,0,247,108,0,108,355
10/21/2002,STS,CA,AWP,WE,Towers with Display (VFR),0,11,33,1,45,0,9,156,0,165,0,20,189,1,210,98,0,98,308
10/22/2002,STS,CA,AWP,WE,Towers with Display (VFR),0,19,60,0,79,0,3,57,0,60,0,22,117,0,139,80,0,80,219
10/23/2002,STS,CA,AWP,WE,Towers with Display (VFR),0,19,67,0,86,0,0,49,0,49,0,19,116,0,135,58,0,58,193
10/24/2002,STS,CA,AWP,WE,Towers with Display (VFR),0,14,46,0,60,0,9,92,0,101,0,23,138,0,161,50,0,50,211
10/25/2002,STS,CA,AWP,WE,Towers with Display (VFR),0,10,29,0,39,0,17,152,0,169,0,27,181,0,208,58,0,58,266
10/26/2002,STS,CA,AWP,WE,Towers with Display (VFR),0,4,17,0,21,0,15,201,0,216,0,19,218,0,237,76,0,76,313
10/27/2002,STS,CA,AWP,WE,Towers with Display (VFR),0,2,24,0,26,0,14,269,0,283,0,16,293,0,309,110,0,110,419
10/28/2002,STS,CA,AWP,WE,Towers with Display (VFR),0,7,18,0,25,0,18,173,0,191,0,25,191,0,216,142,0,142,358
10/29/2002,STS,CA,AWP,WE,Towers with Display (VFR),0,2,20,0,22,0,22,229,0,251,0,24,249,0,273,112,0,112,385
10/30/2002,STS,CA,AWP,WE,Towers with Display (VFR),0,5,21,0,26,0,15,235,0,250,0,20,256,0,276,160,0,160,436
10/31/2002,STS,CA,AWP,WE,Towers with Display (VFR),0,8,19,0,27,0,9,191,0,200,0,17,210,0,227,130,0,130,357
11/01/2002,STS,CA,AWP,WE,Towers with Display (VFR),0,14,15,0,29,0,6,247,0,253,0,20,262,0,282,96,0,96,378
11/02/2002,STS,CA,AWP,WE,Towers with Display (VFR),0,0,8,0,8,0,16,242,0,258,0,16,250,0,266,68,0,68,334
11/03/2002,STS,CA,AWP,WE,Towers with Display (VFR),0,6,21,0,27,0,3,267,0,270,0,9,288,0,297,58,0,58,355
11/04/2002,STS,CA,AWP,WE,Towers with Display (VFR),0,9,12,0,21,0,6,162,0,168,0,15,174,0,189,120,0,120,309
11/05/2002,STS,CA,AWP,WE,Towers with Display (VFR),0,4,31,0,35,0,11,150,0,161,0,15,181,0,196,56,0,56,252
11/06/2002,STS,CA,AWP,WE,Towers with Display (VFR),0,8,35,0,43,0,14,174,0,188,0,22,209,0,231,184,0,184,415
11/07/2002,STS,CA,AWP,WE,Towers with Display (VFR),0,21,42,0,63,0,0,13,0,13,0,21,55,0,76,6,0,6,82
11/08/2002,STS,CA,AWP,WE,Towers with Display (VFR),0,16,23,0,39,0,0,16,0,16,0,16,39,0,55,4,0,4,59
11/09/2002,STS,CA,AWP,WE,Towers with Display (VFR),0,4,27,0,31,0,2,25,0,27,0,6,52,0,58,40,0,40,98
11/10/2002,STS,CA,AWP,WE,Towers with Display (VFR),0,1,25,0,26,0,10,88,0,98,0,11,113,0,124,54,0,54,178
11/11/2002,STS,CA,AWP,WE,Towers with Display (VFR),0,10,0,0,10,0,13,271,0,284,0,23,271,0,294,140,0,140,434
11/12/2002,STS,CA,AWP,WE,Towers with Display (VFR),0,12,37,0,49,0,6,112,0,118,0,18,149,0,167,72,0,72,239
11/13/2002,STS,CA,AWP,WE,Towers with Display (VFR),0,7,35,0,42,0,17,164,0,181,0,24,199,0,223,142,0,142,365
11/14/2002,STS,CA,AWP,WE,Towers with Display (VFR),0,10,17,0,27,0,6,237,0,243,0,16,254,0,270,128,0,128,398
11/15/2002,STS,CA,AWP,WE,Towers with Display (VFR),0,14,37,0,51,0,0,208,0,208,0,14,245,0,259,68,0,68,327
11/16/2002,STS,CA,AWP,WE,Towers with Display (VFR),0,0,71,0,71,0,0,1,0,1,0,0,72,0,72,2,0,2,74
11/17/2002,STS,CA,AWP,WE,Towers with Display (VFR),0,9,28,0,37,0,4,286,0,290,0,13,314,0,327,150,0,150,477
11/18/2002,STS,CA,AWP,WE,Towers with Display (VFR),0,8,29,0,37,0,9,192,0,201,0,17,221,0,238,122,0,122,360
11/19/2002,STS,CA,AWP,WE,Towers with Display (VFR),0,3,22,1,26,0,15,176,1,192,0,18,198,2,218,170,0,170,388
11/20/2002,STS,CA,AWP,WE,Towers with Display (VFR),0,9,45,0,54,0,8,163,0,171,0,17,208,0,225,156,0,156,381
11/21/2002,STS,CA,AWP,WE,Towers with Display (VFR),0,9,36,0,45,0,17,147,0,164,0,26,183,0,209,132,0,132,341
11/22/2002,STS,CA,AWP,WE,Towers with Display (VFR),0,14,47,0,61,0,0,1,0,1,0,14,48,0,62,0,0,0,62
11/23/2002,STS,CA,AWP,WE,Towers with Display (VFR),0,0,27,0,27,0,5,136,2,143,0,5,163,2,170,130,0,130,300
11/24/2002,STS,CA,AWP,WE,Towers with Display (VFR),0,5,40,0,45,1,10,137,0,148,1,15,177,0,193,90,0,90,283
11/25/2002,STS,CA,AWP,WE,Towers with Display (VFR),0,4,23,0,27,0,16,128,0,144,0,20,151,0,171,82,0,82,253
11/26/2002,STS,CA,AWP,WE,Towers with Display (VFR),0,2,15,0,17,0,12,208,0,220,0,14,223,0,237,190,0,190,427
11/27/2002,STS,CA,AWP,WE,Towers with Display (VFR),0,11,26,0,37,0,21,198,2,221,0,32,224,2,258,134,0,134,392
11/28/2002,STS,CA,AWP,WE,Towers with Display (VFR),0,7,2,0,9,0,12,157,0,169,0,19,159,0,178,36,0,36,214
11/29/2002,STS,CA,AWP,WE,Towers with Display (VFR),0,5,18,0,23,0,25,256,1,282,0,30,274,1,305,122,0,122,427
11/30/2002,STS,CA,AWP,WE,Towers with Display (VFR),0,6,37,0,43,0,4,184,0,188,0,10,221,0,231,112,0,112,343
12/01/2002,STS,CA,AWP,WE,Towers with Display (VFR),0,7,41,0,48,0,5,172,0,177,0,12,213,0,225,108,0,108,333
12/02/2002,STS,CA,AWP,WE,Towers with Display (VFR),0,9,18,0,27,0,11,190,0,201,0,20,208,0,228,94,0,94,322
12/03/2002,STS,CA,AWP,WE,Towers with Display (VFR),0,7,24,0,31,0,19,195,0,214,0,26,219,0,245,96,0,96,341
12/04/2002,STS,CA,AWP,WE,Towers with Display (VFR),0,10,70,0,80,0,14,65,0,79,0,24,135,0,159,50,0,50,209
12/05/2002,STS,CA,AWP,WE,Towers with Display (VFR),0,5,24,0,29,0,9,112,0,121,0,14,136,0,150,34,0,34,184
12/06/2002,STS,CA,AWP,WE,Towers with Display (VFR),0,9,61,0,70,0,4,50,0,54,0,13,111,0,124,82,0,82,206
12/07/2002,STS,CA,AWP,WE,Towers with Display (VFR),0,6,0,0,6,0,0,241,0,241,0,6,241,0,247,146,0,146,393
12/08/2002,STS,CA,AWP,WE,Towers with Display (VFR),0,0,27,0,27,0,3,148,0,151,0,3,175,0,178,118,0,118,296
12/09/2002,STS,CA,AWP,WE,Towers with Display (VFR),0,15,45,0,60,0,0,10,0,10,0,15,55,0,70,0,0,0,70
12/10/2002,STS,CA,AWP,WE,Towers with Display (VFR),0,5,38,2,45,0,13,36,0,49,0,18,74,2,94,18,0,18,112
12/11/2002,STS,CA,AWP,WE,Towers with Display (VFR),0,10,48,0,58,0,5,139,0,144,0,15,187,0,202,106,0,106,308
12/12/2002,STS,CA,AWP,WE,Towers with Display (VFR),0,21,48,0,69,0,2,48,0,50,0,23,96,0,119,62,0,62,181
12/13/2002,STS,CA,AWP,WE,Towers with Display (VFR),0,16,30,0,46,0,0,0,0,0,0,16,30,0,46,0,0,0,46
12/14/2002,STS,CA,AWP,WE,Towers with Display (VFR),0,2,6,0,8,0,2,1,0,3,0,4,7,0,11,0,0,0,11
12/15/2002,STS,CA,AWP,WE,Towers with Display (VFR),0,3,19,0,22,0,1,2,0,3,0,4,21,0,25,4,0,4,29
12/16/2002,STS,CA,AWP,WE,Towers with Display (VFR),0,10,13,0,23,0,0,22,0,22,0,10,35,0,45,10,0,10,55
12/17/2002,STS,CA,AWP,WE,Towers with Display (VFR),0,8,10,0,18,0,16,88,0,104,0,24,98,0,122,30,0,30,152
12/18/2002,STS,CA,AWP,WE,Towers with Display (VFR),0,5,31,0,36,0,17,148,0,165,0,22,179,0,201,62,0,62,263
12/19/2002,STS,CA,AWP,WE,Towers with Display (VFR),0,7,14,0,21,0,12,13,0,25,0,19,27,0,46,8,0,8,54
12/20/2002,STS,CA,AWP,WE,Towers with Display (VFR),0,9,12,0,21,0,18,35,0,53,0,27,47,0,74,28,0,28,102
12/21/2002,STS,CA,AWP,WE,Towers with Display (VFR),0,2,30,0,32,0,29,114,0,143,0,31,144,0,175,150,0,150,325
12/22/2002,STS,CA,AWP,WE,Towers with Display (VFR),0,1,16,0,17,0,5,321,0,326,0,6,337,0,343,180,0,180,523
12/23/2002,STS,CA,AWP,WE,Towers with Display (VFR),0,4,24,0,28,0,16,281,0,297,0,20,305,0,325,168,0,168,493
12/24/2002,STS,CA,AWP,WE,Towers with Display (VFR),0,8,16,0,24,0,13,64,0,77,0,21,80,0,101,39,0,39,140
12/25/2002,STS,CA,AWP,WE,Towers with Display (VFR),0,0,5,0,5,0,3,43,0,46,0,3,48,0,51,6,0,6,57
12/26/2002,STS,CA,AWP,WE,Towers with Display (VFR),0,20,33,0,53,0,3,0,0,3,0,23,33,0,56,0,0,0,56
12/27/2002,STS,CA,AWP,WE,Towers with Display (VFR),0,13,30,0,43,0,6,6,0,12,0,19,36,0,55,0,0,0,55
12/28/2002,STS,CA,AWP,WE,Towers with Display (VFR),0,3,6,0,9,0,2,6,0,8,0,5,12,0,17,6,0,6,23
12/29/2002,STS,CA,AWP,WE,Towers with Display (VFR),0,3,33,0,36,0,13,290,0,303,0,16,323,0,339,160,0,160,499
12/30/2002,STS,CA,AWP,WE,Towers with Display (VFR),0,7,21,0,28,0,4,59,0,63,0,11,80,0,91,68,0,68,159
12/31/2002,STS,CA,AWP,WE,Towers with Display (VFR),0,6,18,0,24,0,10,89,4,103,0,16,107,4,127,76,0,76,203
01/01/2003,STS,CA,AWP,WE,Towers with Display (VFR),0,3,16,0,19,0,3,192,0,195,0,6,208,0,214,90,0,90,304
01/02/2003,STS,CA,AWP,WE,Towers with Display (VFR),0,4,21,0,25,0,8,160,2,170,0,12,181,2,195,108,0,108,303
01/03/2003,STS,CA,AWP,WE,Towers with Display (VFR),0,2,24,0,26,0,9,198,0,207,0,11,222,0,233,90,0,90,323
01/04/2003,STS,CA,AWP,WE,Towers with Display (VFR),0,5,47,0,52,0,10,170,2,182,0,15,217,2,234,130,0,130,364
01/05/2003,STS,CA,AWP,WE,Towers with Display (VFR),0,1,25,0,26,0,6,338,0,344,0,7,363,0,370,158,0,158,528
01/06/2003,STS,CA,AWP,WE,Towers with Display (VFR),0,3,16,0,19,0,13,145,0,158,0,16,161,0,177,103,0,103,280
01/07/2003,STS,CA,AWP,WE,Towers with Display (VFR),0,2,23,0,25,0,15,102,0,117,0,17,125,0,142,62,0,62,204
01/08/2003,STS,CA,AWP,WE,Towers with Display (VFR),0,12,25,0,37,0,2,114,0,116,0,14,139,0,153,70,0,70,223
01/09/2003,STS,CA,AWP,WE,Towers with Display (VFR),0,12,31,0,43,0,0,0,0,0,0,12,31,0,43,0,0,0,43
01/10/2003,STS,CA,AWP,WE,Towers with Display (VFR),0,18,48,0,66,0,0,6,0,6,0,18,54,0,72,0,0,0,72
01/11/2003,STS,CA,AWP,WE,Towers with Display (VFR),0,3,28,0,31,0,8,71,0,79,0,11,99,0,110,40,0,40,150
01/12/2003,STS,CA,AWP,WE,Towers with Display (VFR),0,6,41,0,47,0,0,25,0,25,0,6,66,0,72,22,0,22,94
01/13/2003,STS,CA,AWP,WE,Towers with Display (VFR),0,9,29,0,38,0,0,6,0,6,0,9,35,0,44,0,0,0,44
01/14/2003,STS,CA,AWP,WE,Towers with Display (VFR),0,8,31,0,39,0,5,43,2,50,0,13,74,2,89,60,0,60,149
01/15/2003,STS,CA,AWP,WE,Towers with Display (VFR),0,4,28,0,32,0,36,233,0,269,0,40,261,0,301,182,0,182,483
01/16/2003,STS,CA,AWP,WE,Towers with Display (VFR),0,6,37,0,43,0,14,225,0,239,0,20,262,0,282,142,0,142,424
01/17/2003,STS,CA,AWP,WE,Towers with Display (VFR),0,4,27,0,31,0,13,157,0,170,0,17,184,0,201,92,0,92,293
01/18/2003,STS,CA,AWP,WE,Towers with Display (VFR),0,2,19,0,21,0,10,193,0,203,0,12,212,0,224,96,0,96,320
01/19/2003,STS,CA,AWP,WE,Towers with Display (VFR),0,1,36,0,37,0,1,11,0,12,0,2,47,0,49,0,0,0,49
01/20/2003,STS,CA,AWP,WE,Towers with Display (VFR),0,9,37,0,46,0,0,3,0,3,0,9,40,0,49,2,0,2,51
01/21/2003,STS,CA,AWP,WE,Towers with Display (VFR),0,18,11,0,29,0,1,19,0,20,0,19,30,0,49,0,0,0,49
01/22/2003,STS,CA,AWP,WE,Towers with Display (VFR),0,10,41,0,51,0,0,4,0,4,0,10,45,0,55,0,0,0,55
01/23/2003,STS,CA,AWP,WE,Towers with Display (VFR),0,13,55,0,68,0,13,46,0,59,0,26,101,0,127,34,0,34,161
01/24/2003,STS,CA,AWP,WE,Towers with Display (VFR),0,9,37,0,46,0,4,80,0,84,0,13,117,0,130,72,0,72,202
01/25/2003,STS,CA,AWP,WE,Towers with Display (VFR),0,2,45,0,47,0,5,132,0,137,0,7,177,0,184,94,0,94,278
01/26/2003,STS,CA,AWP,WE,Towers with Display (VFR),0,4,59,0,63,0,1,56,0,57,0,5,115,0,120,116,0,116,236
01/27/2003,STS,CA,AWP,WE,Towers with Display (VFR),0,8,31,0,39,0,6,132,0,138,0,14,163,0,177,120,0,120,297
01/28/2003,STS,CA,AWP,WE,Towers with Display (VFR),0,5,19,0,24,0,6,229,0,235,0,11,248,0,259,194,0,194,453
01/29/2003,STS,CA,AWP,WE,Towers with Display (VFR),0,7,19,0,26,0,10,194,0,204,0,17,213,0,230,240,0,240,470
01/30/2003,STS,CA,AWP,WE,Towers with Display (VFR),0,15,26,0,41,0,3,191,0,194,0,18,217,0,235,218,0,218,453
01/31/2003,STS,CA,AWP,WE,Towers with Display (VFR),0,6,50,0,56,0,0,132,0,132,0,6,182,0,188,166,0,166,354
02/01/2003,STS,CA,AWP,WE,Towers with Display (VFR),0,1,31,0,32,0,11,174,0,185,0,12,205,0,217,124,0,124,341
02/02/2003,STS,CA,AWP,WE,Towers with Display (VFR),0,5,18,0,23,0,5,369,0,374,0,10,387,0,397,190,0,190,587
02/03/2003,STS,CA,AWP,WE,Towers with Display (VFR),0,4,16,0,20,0,6,223,0,229,0,10,239,0,249,168,0,168,417
02/04/2003,STS,CA,AWP,WE,Towers with Display (VFR),0,3,16,0,19,0,11,221,0,232,0,14,237,0,251,184,0,184,435
02/05/2003,STS,CA,AWP,WE,Towers with Display (VFR),0,4,23,0,27,0,10,175,0,185,0,14,198,0,212,180,0,180,392
02/06/2003,STS,CA,AWP,WE,Towers with Display (VFR),0,6,14,0,20,0,7,232,0,239,0,13,246,0,259,164,0,164,423
02/07/2003,STS,CA,AWP,WE,Towers with Display (VFR),0,4,21,0,25,0,9,248,0,257,0,13,269,0,282,172,0,172,454
02/08/2003,STS,CA,AWP,WE,Towers with Display (VFR),0,3,15,0,18,0,9,305,0,314,0,12,320,0,332,200,0,200,532
02/09/2003,STS,CA,AWP,WE,Towers with Display (VFR),0,0,22,0,22,0,19,345,0,364,0,19,367,0,386,148,0,148,534
02/10/2003,STS,CA,AWP,WE,Towers with Display (VFR),0,3,9,2,14,0,9,195,0,204,0,12,204,2,218,202,0,202,420
02/11/2003,STS,CA,AWP,WE,Towers with Display (VFR),0,2,19,0,21,0,16,195,0,211,0,18,214,0,232,204,0,204,436
02/12/2003,STS,CA,AWP,WE,Towers with Display (VFR),0,10,33,0,43,0,1,42,0,43,0,11,75,0,86,58,0,58,144
02/13/2003,STS,CA,AWP,WE,Towers with Display (VFR),0,12,36,0,48,0,6,34,0,40,0,18,70,0,88,32,0,32,120
02/14/2003,STS,CA,AWP,WE,Towers with Display (VFR),0,6,58,0,64,0,13,171,0,184,0,19,229,0,248,186,0,186,434
02/15/2003,STS,CA,AWP,WE,Towers with Display (VFR),0,3,18,0,21,0,8,61,0,69,0,11,79,0,90,122,0,122,212
02/16/2003,STS,CA,AWP,WE,Towers with Display (VFR),0,6,24,0,30,0,10,123,0,133,0,16,147,0,163,156,0,156,319
02/17/2003,STS,CA,AWP,WE,Towers with Display (VFR),0,4,31,0,35,0,4,249,0,253,0,8,280,0,288,216,0,216,504
02/18/2003,STS,CA,AWP,WE,Towers with Display (VFR),0,10,15,0,25,0,7,161,0,168,0,17,176,0,193,114,0,114,307
02/19/2003,STS,CA,AWP,WE,Towers with Display (VFR),0,5,26,0,31,0,9,64,0,73,0,14,90,0,104,118,0,118,222
02/20/2003,STS,CA,AWP,WE,Towers with Display (VFR),0,4,33,0,37,0,8,196,0,204,0,12,229,0,241,156,0,156,397
02/21/2003,STS,CA,AWP,WE,Towers with Display (VFR),0,5,32,3,40,0,12,290,0,302,0,17,322,3,342,178,0,178,520
02/22/2003,STS,CA,AWP,WE,Towers with Display (VFR),0,4,19,0,23,0,7,399,0,406,0,11,418,0,429,214,0,214,643
02/23/2003,STS,CA,AWP,WE,Towers with Display (VFR),0,3,35,0,38,0,6,367,0,373,0,9,402,0,411,166,0,166,577
02/24/2003,STS,CA,AWP,WE,Towers with Display (VFR),0,5,40,0,45,0,6,90,0,96,0,11,130,0,141,108,0,108,249
02/25/2003,STS,CA,AWP,WE,Towers with Display (VFR),0,10,15,0,25,0,10,146,0,156,0,20,161,0,181,104,0,104,285
02/26/2003,STS,CA,AWP,WE,Towers with Display (VFR),0,7,44,0,51,0,11,119,0,130,0,18,163,0,181,144,0,144,325
02/27/2003,STS,CA,AWP,WE,Towers with Display (VFR),0,6,25,0,31,0,9,209,0,218,0,15,234,0,249,114,0,114,363
02/28/2003,STS,CA,AWP,WE,Towers with Display (VFR),0,2,31,0,33,0,12,264,0,276,0,14,295,0,309,230,0,230,539
03/01/2003,STS,CA,AWP,WE,Towers with Display (VFR),0,3,31,0,34,0,7,280,0,287,0,10,311,0,321,162,0,162,483
03/02/2003,STS,CA,AWP,WE,Towers with Display (VFR),0,4,27,0,31,0,7,281,0,288,0,11,308,0,319,170,0,170,489
03/03/2003,STS,CA,AWP,WE,Towers with Display (VFR),0,8,29,0,37,0,12,128,0,140,0,20,157,0,177,110,0,110,287
03/04/2003,STS,CA,AWP,WE,Towers with Display (VFR),0,7,17,0,24,0,4,135,0,139,0,11,152,0,163,78,0,78,241
03/05/2003,STS,CA,AWP,WE,Towers with Display (VFR),0,6,25,0,31,0,9,209,0,218,0,15,234,0,249,182,0,182,431
03/06/2003,STS,CA,AWP,WE,Towers with Display (VFR),0,6,35,0,41,0,8,209,0,217,0,14,244,0,258,102,0,102,360
03/07/2003,STS,CA,AWP,WE,Towers with Display (VFR),0,4,30,0,34,0,15,297,0,312,0,19,327,0,346,238,0,238,584
03/08/2003,STS,CA,AWP,WE,Towers with Display (VFR),0,4,21,0,25,0,11,303,2,316,0,15,324,2,341,230,0,230,571
03/09/2003,STS,CA,AWP,WE,Towers with Display (VFR),0,6,41,0,47,0,11,274,0,285,0,17,315,0,332,118,0,118,450
03/10/2003,STS,CA,AWP,WE,Towers with Display (VFR),0,4,26,0,30,0,9,126,0,135,0,13,152,0,165,216,0,216,381
03/11/2003,STS,CA,AWP,WE,Towers with Display (VFR),0,5,35,0,40,0,8,138,0,146,0,13,173,0,186,132,0,132,318
03/12/2003,STS,CA,AWP,WE,Towers with Display (VFR),0,10,67,0,77,0,9,101,0,110,0,19,168,0,187,84,0,84,271
03/13/2003,STS,CA,AWP,WE,Towers with Display (VFR),0,18,35,0,53,0,5,62,0,67,0,23,97,0,120,12,0,12,132
03/14/2003,STS,CA,AWP,WE,Towers with Display (VFR),0,9,34,0,43,0,3,29,0,32,0,12,63,0,75,16,0,16,91
03/15/2003,STS,CA,AWP,WE,Towers with Display (VFR),0,3,16,0,19,0,4,188,0,192,0,7,204,0,211,294,0,294,505
03/16/2003,STS,CA,AWP,WE,Towers with Display (VFR),0,10,18,0,28,0,6,107,0,113,0,16,125,0,141,140,0,140,281
03/17/2003,STS,CA,AWP,WE,Towers with Display (VFR),0,5,18,0,23,0,10,179,0,189,0,15,197,0,212,112,0,112,324
03/18/2003,STS,CA,AWP,WE,Towers with Display (VFR),0,2,50,0,52,0,7,177,0,184,0,9,227,0,236,162,0,162,398
03/19/2003,STS,CA,AWP,WE,Towers with Display (VFR),0,8,20,0,28,0,13,159,0,172,0,21,179,0,200,148,0,148,348
03/20/2003,STS,CA,AWP,WE,Towers with Display (VFR),0,8,43,0,51,0,13,149,0,162,0,21,192,0,213,136,0,136,349
03/21/2003,STS,CA,AWP,WE,Towers with Display (VFR),0,7,27,0,34,0,11,294,0,305,0,18,321,0,339,200,0,200,539
03/22/2003,STS,CA,AWP,WE,Towers with Display (VFR),0,2,40,0,42,0,5,80,0,85,0,7,120,0,127,162,0,162,289
03/23/2003,STS,CA,AWP,WE,Towers with Display (VFR),0,4,26,0,30,0,6,222,0,228,0,10,248,0,258,128,0,128,386
03/24/2003,STS,CA,AWP,WE,Towers with Display (VFR),0,8,26,0,34,0,16,208,0,224,0,24,234,0,258,140,0,140,398
03/25/2003,STS,CA,AWP,WE,Towers with Display (VFR),0,3,36,0,39,0,17,161,0,178,0,20,197,0,217,108,0,108,325
03/26/2003,STS,CA,AWP,WE,Towers with Display (VFR),0,7,32,0,39,0,13,141,0,154,0,20,173,0,193,176,0,176,369
03/27/2003,STS,CA,AWP,WE,Towers with Display (VFR),0,4,23,0,27,0,18,188,0,206,0,22,211,0,233,206,0,206,439
03/28/2003,STS,CA,AWP,WE,Towers with Display (VFR),0,6,30,0,36,0,11,208,0,219,0,17,238,0,255,174,0,174,429
03/29/2003,STS,CA,AWP,WE,Towers with Display (VFR),0,4,28,0,32,0,14,306,0,320,0,18,334,0,352,132,0,132,484
03/30/2003,STS,CA,AWP,WE,Towers with Display (VFR),0,3,30,0,33,0,7,320,0,327,0,10,350,0,360,96,0,96,456
03/31/2003,STS,CA,AWP,WE,Towers with Display (VFR),0,3,22,0,25,0,9,210,1,220,0,12,232,1,245,118,0,118,363
04/01/2003,STS,CA,AWP,WE,Towers with Display (VFR),0,4,21,0,25,0,12,130,0,142,0,16,151,0,167,154,0,154,321
04/02/2003,STS,CA,AWP,WE,Towers with Display (VFR),0,14,32,0,46,0,11,62,0,73,0,25,94,0,119,42,0,42,161
04/03/2003,STS,CA,AWP,WE,Towers with Display (VFR),0,7,45,0,52,0,12,138,4,154,0,19,183,4,206,92,0,92,298
04/04/2003,STS,CA,AWP,WE,Towers with Display (VFR),0,5,20,0,25,0,5,129,0,134,0,10,149,0,159,88,0,88,247
04/05/2003,STS,CA,AWP,WE,Towers with Display (VFR),0,3,19,0,22,0,3,284,0,287,0,6,303,0,309,188,0,188,497
04/06/2003,STS,CA,AWP,WE,Towers with Display (VFR),0,4,32,0,36,0,9,177,0,186,0,13,209,0,222,176,0,176,398
04/07/2003,STS,CA,AWP,WE,Towers with Display (VFR),0,3,24,0,27,0,13,218,0,231,0,16,242,0,258,178,0,178,436
04/08/2003,STS,CA,AWP,WE,Towers with Display (VFR),0,6,29,0,35,0,14,245,0,259,0,20,274,0,294,116,0,116,410
04/09/2003,STS,CA,AWP,WE,Towers with Display (VFR),0,12,22,0,34,0,5,178,0,183,0,17,200,0,217,162,0,162,379
04/10/2003,STS,CA,AWP,WE,Towers with Display (VFR),0,5,43,0,48,0,12,83,0,95,0,17,126,0,143,130,0,130,273
04/11/2003,STS,CA,AWP,WE,Towers with Display (VFR),0,5,45,0,50,0,4,197,2,203,0,9,242,2,253,210,0,210,463
04/12/2003,STS,CA,AWP,WE,Towers with Display (VFR),0,8,14,0,22,0,0,24,0,24,0,8,38,0,46,0,0,0,46
04/13/2003,STS,CA,AWP,WE,Towers with Display (VFR),0,2,26,0,28,0,11,81,0,92,0,13,107,0,120,14,0,14,134
04/14/2003,STS,CA,AWP,WE,Towers with Display (VFR),0,2,37,0,39,0,15,158,0,173,0,17,195,0,212,84,0,84,296
04/15/2003,STS,CA,AWP,WE,Towers with Display (VFR),0,9,27,0,36,0,9,143,0,152,0,18,170,0,188,174,0,174,362
04/16/2003,STS,CA,AWP,WE,Towers with Display (VFR),0,9,40,0,49,0,14,64,0,78,0,23,104,0,127,64,0,64,191
04/17/2003,STS,CA,AWP,WE,Towers with Display (VFR),0,10,43,0,53,0,9,164,0,173,0,19,207,0,226,188,0,188,414
04/18/2003,STS,CA,AWP,WE,Towers with Display (VFR),0,5,43,0,48,0,11,233,0,244,0,16,276,0,292,120,0,120,412
04/19/2003,STS,CA,AWP,WE,Towers with Display (VFR),0,2,10,0,12,0,7,376,0,383,0,9,386,0,395,124,0,124,519
04/20/2003,STS,CA,AWP,WE,Towers with Display (VFR),0,4,22,0,26,0,8,175,0,183,0,12,197,0,209,118,0,118,327
04/21/2003,STS,CA,AWP,WE,Towers with Display (VFR),0,5,28,0,33,0,6,74,0,80,0,11,102,0,113,74,0,74,187
04/22/2003,STS,CA,AWP,WE,Towers with Display (VFR),0,7,32,0,39,0,13,186,0,199,0,20,218,0,238,182,0,182,420
04/23/2003,STS,CA,AWP,WE,Towers with Display (VFR),0,18,58,0,76,0,3,88,0,91,0,21,146,0,167,108,0,108,275
04/24/2003,STS,CA,AWP,WE,Towers with Display (VFR),0,5,43,0,48,0,13,114,0,127,0,18,157,0,175,146,0,146,321
04/25/2003,STS,CA,AWP,WE,Towers with Display (VFR),0,11,41,0,52,0,0,69,0,69,0,11,110,0,121,128,0,128,249
04/26/2003,STS,CA,AWP,WE,Towers with Display (VFR),0,2,31,0,33,0,13,268,0,281,0,15,299,0,314,192,0,192,506
04/27/2003,STS,CA,AWP,WE,Towers with Display (VFR),0,5,41,0,46,0,4,224,0,228,0,9,265,0,274,92,0,92,366
04/28/2003,STS,CA,AWP,WE,Towers with Display (VFR),0,8,27,0,35,0,8,37,0,45,0,16,64,0,80,4,0,4,84
04/29/2003,STS,CA,AWP,WE,Towers with Display (VFR),0,3,32,0,35,0,7,51,0,58,0,10,83,0,93,80,0,80,173
04/30/2003,STS,CA,AWP,WE,Towers with Display (VFR),0,5,53,0,58,0,17,217,0,234,0,22,270,0,292,180,0,180,472
05/01/2003,STS,CA,AWP,WE,Towers with Display (VFR),0,9,47,0,56,0,12,276,0,288,0,21,323,0,344,148,0,148,492
05/02/2003,STS,CA,AWP,WE,Towers with Display (VFR),0,14,27,0,41,0,4,55,0,59,0,18,82,0,100,54,0,54,154
05/03/2003,STS,CA,AWP,WE,Towers with Display (VFR),0,3,37,2,42,0,6,93,0,99,0,9,130,2,141,132,0,132,273
05/04/2003,STS,CA,AWP,WE,Towers with Display (VFR),0,13,29,0,42,0,12,176,2,190,0,25,205,2,232,112,0,112,344
05/05/2003,STS,CA,AWP,WE,Towers with Display (VFR),0,5,25,0,30,0,22,198,0,220,0,27,223,0,250,124,0,124,374
05/06/2003,STS,CA,AWP,WE,Towers with Display (VFR),0,9,26,0,35,0,12,118,0,130,0,21,144,0,165,116,0,116,281
05/07/2003,STS,CA,AWP,WE,Towers with Display (VFR),0,14,36,0,50,0,21,172,0,193,0,35,208,0,243,254,0,254,497
05/08/2003,STS,CA,AWP,WE,Towers with Display (VFR),0,5,35,2,42,0,16,71,2,89,0,21,106,4,131,142,0,142,273
05/09/2003,STS,CA,AWP,WE,Towers with Display (VFR),0,2,28,0,30,0,10,214,0,224,0,12,242,0,254,210,0,210,464
05/10/2003,STS,CA,AWP,WE,Towers with Display (VFR),0,3,33,0,36,0,5,309,0,314,0,8,342,0,350,118,0,118,468
05/11/2003,STS,CA,AWP,WE,Towers with Display (VFR),0,1,25,0,26,0,8,216,0,224,0,9,241,0,250,78,0,78,328
05/12/2003,STS,CA,AWP,WE,Towers with Display (VFR),0,3,36,0,39,0,6,106,0,112,0,9,142,0,151,136,0,136,287
05/13/2003,STS,CA,AWP,WE,Towers with Display (VFR),0,7,38,0,45,0,6,154,0,160,0,13,192,0,205,146,0,146,351
05/14/2003,STS,CA,AWP,WE,Towers with Display (VFR),0,9,42,0,51,0,8,122,0,130,0,17,164,0,181,74,0,74,255
05/15/2003,STS,CA,AWP,WE,Towers with Display (VFR),0,9,31,0,40,0,9,180,0,189,0,18,211,0,229,132,0,132,361
05/16/2003,STS,CA,AWP,WE,Towers with Display (VFR),0,6,40,0,46,0,13,173,0,186,0,19,213,0,232,88,0,88,320
05/17/2003,STS,CA,AWP,WE,Towers with Display (VFR),0,3,9,0,12,0,7,218,0,225,0,10,227,0,237,104,0,104,341
05/18/2003,STS,CA,AWP,WE,Towers with Display (VFR),0,4,15,0,19,0,4,217,0,221,0,8,232,0,240,86,0,86,326
05/19/2003,STS,CA,AWP,WE,Towers with Display (VFR),0,7,28,0,35,0,0,125,0,125,0,7,153,0,160,70,0,70,230
05/20/2003,STS,CA,AWP,WE,Towers with Display (VFR),0,3,37,0,40,0,7,142,0,149,0,10,179,0,189,94,0,94,283
05/21/2003,STS,CA,AWP,WE,Towers with Display (VFR),0,7,27,0,34,0,7,204,0,211,0,14,231,0,245,182,0,182,427
05/22/2003,STS,CA,AWP,WE,Towers with Display (VFR),0,8,46,0,54,0,7,171,0,178,0,15,217,0,232,98,0,98,330
05/23/2003,STS,CA,AWP,WE,Towers with Display (VFR),0,5,31,0,36,0,5,185,0,190,0,10,216,0,226,136,0,136,362
05/24/2003,STS,CA,AWP,WE,Towers with Display (VFR),0,3,19,0,22,0,1,158,0,159,0,4,177,0,181,184,0,184,365
05/25/2003,STS,CA,AWP,WE,Towers with Display (VFR),0,7,25,0,32,0,0,92,0,92,0,7,117,0,124,168,0,168,292
05/26/2003,STS,CA,AWP,WE,Towers with Display (VFR),0,11,33,0,44,0,4,205,0,209,0,15,238,0,253,80,0,80,333
05/27/2003,STS,CA,AWP,WE,Towers with Display (VFR),0,4,24,0,28,0,5,161,0,166,0,9,185,0,194,100,0,100,294
05/28/2003,STS,CA,AWP,WE,Towers with Display (VFR),0,6,32,0,38,0,13,158,0,171,0,19,190,0,209,95,0,95,304
05/29/2003,STS,CA,AWP,WE,Towers with Display (VFR),0,32,74,0,106,0,4,111,0,115,0,36,185,0,221,40,0,40,261
05/30/2003,STS,CA,AWP,WE,Towers with Display (VFR),0,7,54,0,61,0,10,142,0,152,0,17,196,0,213,126,0,126,339
05/31/2003,STS,CA,AWP,WE,Towers with Display (VFR),0,9,24,0,33,0,4,191,0,195,0,13,215,0,228,102,0,102,330
06/01/2003,STS,CA,AWP,WE,Towers with Display (VFR),0,20,36,0,56,0,1,236,0,237,0,21,272,0,293,54,0,54,347
06/02/2003,STS,CA,AWP,WE,Towers with Display (VFR),0,5,27,0,32,0,10,157,0,167,0,15,184,0,199,77,0,77,276
06/03/2003,STS,CA,AWP,WE,Towers with Display (VFR),0,6,29,0,35,0,9,176,0,185,0,15,205,0,220,186,0,186,406
06/04/2003,STS,CA,AWP,WE,Towers with Display (VFR),0,3,40,0,43,0,12,122,0,134,0,15,162,0,177,36,0,36,213
06/05/2003,STS,CA,AWP,WE,Towers with Display (VFR),0,14,59,0,73,0,2,97,0,99,0,16,156,0,172,46,0,46,218
06/06/2003,STS,CA,AWP,WE,Towers with Display (VFR),0,7,59,0,66,0,12,130,0,142,0,19,189,0,208,56,0,56,264
06/07/2003,STS,CA,AWP,WE,Towers with Display (VFR),0,3,50,0,53,0,7,99,0,106,0,10,149,0,159,112,0,112,271
06/08/2003,STS,CA,AWP,WE,Towers with Display (VFR),0,7,26,1,34,0,7,158,0,165,0,14,184,1,199,48,0,48,247
06/09/2003,STS,CA,AWP,WE,Towers with Display (VFR),0,8,48,0,56,0,7,78,0,85,0,15,126,0,141,72,0,72,213
06/10/2003,STS,CA,AWP,WE,Towers with Display (VFR),0,4,73,0,77,0,3,62,0,65,0,7,135,0,142,116,0,116,258
06/11/2003,STS,CA,AWP,WE,Towers with Display (VFR),0,13,43,0,56,0,13,74,0,87,0,26,117,0,143,102,0,102,245
06/12/2003,STS,CA,AWP,WE,Towers with Display (VFR),0,15,32,0,47,0,2,164,0,166,0,17,196,0,213,132,0,132,345
06/13/2003,STS,CA,AWP,WE,Towers with Display (VFR),0,6,33,0,39,0,7,200,0,207,0,13,233,0,246,84,0,84,330
06/14/2003,STS,CA,AWP,WE,Towers with Display (VFR),0,4,31,0,35,0,20,218,0,238,0,24,249,0,273,120,0,120,393
06/15/2003,STS,CA,AWP,WE,Towers with Display (VFR),0,4,17,0,21,0,9,236,0,245,0,13,253,0,266,102,0,102,368
06/16/2003,STS,CA,AWP,WE,Towers with Display (VFR),0,18,7,0,25,0,0,201,0,201,0,18,208,0,226,88,0,88,314
06/17/2003,STS,CA,AWP,WE,Towers with Display (VFR),0,5,27,0,32,0,8,205,0,213,0,13,232,0,245,118,0,118,363
06/18/2003,STS,CA,AWP,WE,Towers with Display (VFR),0,5,30,0,35,0,9,207,0,216,0,14,237,0,251,144,0,144,395
06/19/2003,STS,CA,AWP,WE,Towers with Display (VFR),0,3,24,0,27,0,12,236,0,248,0,15,260,0,275,81,0,81,356
06/20/2003,STS,CA,AWP,WE,Towers with Display (VFR),0,8,18,0,26,0,3,211,0,214,0,11,229,0,240,166,0,166,406
06/21/2003,STS,CA,AWP,WE,Towers with Display (VFR),0,2,18,0,20,0,7,160,6,173,0,9,178,6,193,92,0,92,285
06/22/2003,STS,CA,AWP,WE,Towers with Display (VFR),0,5,16,0,21,0,16,237,0,253,0,21,253,0,274,100,0,100,374
06/23/2003,STS,CA,AWP,WE,Towers with Display (VFR),0,8,25,0,33,0,4,145,0,149,0,12,170,0,182,103,0,103,285
06/24/2003,STS,CA,AWP,WE,Towers with Display (VFR),0,4,28,0,32,0,13,162,2,177,0,17,190,2,209,98,0,98,307
06/25/2003,STS,CA,AWP,WE,Towers with Display (VFR),0,7,19,0,26,0,15,179,0,194,0,22,198,0,220,126,0,126,346
06/26/2003,STS,CA,AWP,WE,Towers with Display (VFR),0,8,21,0,29,0,5,210,0,215,0,13,231,0,244,162,0,162,406
06/27/2003,STS,CA,AWP,WE,Towers with Display (VFR),0,5,28,0,33,0,6,203,0,209,0,11,231,0,242,100,0,100,342
06/28/2003,STS,CA,AWP,WE,Towers with Display (VFR),0,4,17,0,21,0,3,330,0,333,0,7,347,0,354,69,0,69,423
06/29/2003,STS,CA,AWP,WE,Towers with Display (VFR),0,2,26,0,28,0,15,156,0,171,0,17,182,0,199,110,0,110,309
06/30/2003,STS,CA,AWP,WE,Towers with Display (VFR),0,2,47,0,49,0,15,155,0,170,0,17,202,0,219,110,0,110,329
07/01/2003,STS,CA,AWP,WE,Towers with Display (VFR),0,7,39,0,46,0,5,169,0,174,0,12,208,0,220,24,0,24,244
07/02/2003,STS,CA,AWP,WE,Towers with Display (VFR),0,7,35,0,42,0,12,195,0,207,0,19,230,0,249,94,0,94,343
07/03/2003,STS,CA,AWP,WE,Towers with Display (VFR),0,4,62,0,66,0,6,171,0,177,0,10,233,0,243,112,0,112,355
07/04/2003,STS,CA,AWP,WE,Towers with Display (VFR),0,2,8,0,10,0,6,166,0,172,0,8,174,0,182,84,0,84,266
07/05/2003,STS,CA,AWP,WE,Towers with Display (VFR),0,2,17,0,19,0,2,178,0,180,0,4,195,0,199,60,0,60,259
07/06/2003,STS,CA,AWP,WE,Towers with Display (VFR),0,3,24,0,27,0,5,221,0,226,0,8,245,0,253,118,0,118,371
07/07/2003,STS,CA,AWP,WE,Towers with Display (VFR),0,7,44,2,53,0,8,140,0,148,0,15,184,2,201,78,0,78,279
07/08/2003,STS,CA,AWP,WE,Towers with Display (VFR),0,4,29,0,33,0,27,193,0,220,0,31,222,0,253,78,0,78,331
07/09/2003,STS,CA,AWP,WE,Towers with Display (VFR),0,9,31,0,40,0,13,196,0,209,0,22,227,0,249,147,0,147,396
07/10/2003,STS,CA,AWP,WE,Towers with Display (VFR),0,24,63,0,87,0,12,227,0,239,0,36,290,0,326,116,0,116,442
07/11/2003,STS,CA,AWP,WE,Towers with Display (VFR),0,18,31,0,49,0,4,257,0,261,0,22,288,0,310,100,0,100,410
07/12/2003,STS,CA,AWP,WE,Towers with Display (VFR),0,5,36,0,41,0,8,254,0,262,0,13,290,0,303,85,0,85,388
07/13/2003,STS,CA,AWP,WE,Towers with Display (VFR),0,19,45,0,64,0,11,257,0,268,0,30,302,0,332,76,0,76,408
07/14/2003,STS,CA,AWP,WE,Towers with Display (VFR),0,5,17,0,22,0,10,221,0,231,0,15,238,0,253,104,0,104,357
07/15/2003,STS,CA,AWP,WE,Towers with Display (VFR),0,7,17,0,24,0,12,210,0,222,0,19,227,0,246,82,0,82,328
07/16/2003,STS,CA,AWP,WE,Towers with Display (VFR),0,16,21,0,37,0,8,244,0,252,0,24,265,0,289,150,0,150,439
07/17/2003,STS,CA,AWP,WE,Towers with Display (VFR),0,25,0,0,25,0,12,270,0,282,0,37,270,0,307,120,0,120,427
07/18/2003,STS,CA,AWP,WE,Towers with Display (VFR),0,18,36,0,54,0,10,235,2,247,0,28,271,2,301,87,2,89,390
07/19/2003,STS,CA,AWP,WE,Towers with Display (VFR),0,7,17,0,24,0,10,246,0,256,0,17,263,0,280,119,0,119,399
07/20/2003,STS,CA,AWP,WE,Towers with Display (VFR),0,29,46,0,75,0,7,200,0,207,0,36,246,0,282,74,0,74,356
07/21/2003,STS,CA,AWP,WE,Towers with Display (VFR),0,16,36,0,52,0,9,194,0,203,0,25,230,0,255,125,1,126,381
07/22/2003,STS,CA,AWP,WE,Towers with Display (VFR),0,11,37,0,48,0,11,187,0,198,0,22,224,0,246,179,0,179,425
07/23/2003,STS,CA,AWP,WE,Towers with Display (VFR),0,8,45,0,53,0,21,153,0,174,0,29,198,0,227,116,0,116,343
07/24/2003,STS,CA,AWP,WE,Towers with Display (VFR),0,7,64,0,71,0,16,210,0,226,0,23,274,0,297,114,0,114,411
07/25/2003,STS,CA,AWP,WE,Towers with Display (VFR),0,13,30,0,43,0,8,200,1,209,0,21,230,1,252,78,0,78,330
07/26/2003,STS,CA,AWP,WE,Towers with Display (VFR),0,21,39,0,60,0,9,208,0,217,0,30,247,0,277,87,0,87,364
07/27/2003,STS,CA,AWP,WE,Towers with Display (VFR),0,18,44,0,62,0,3,198,0,201,0,21,242,0,263,120,0,120,383
07/28/2003,STS,CA,AWP,WE,Towers with Display (VFR),0,10,43,0,53,0,11,147,0,158,0,21,190,0,211,98,0,98,309
07/29/2003,STS,CA,AWP,WE,Towers with Display (VFR),0,9,43,0,52,0,5,137,0,142,0,14,180,0,194,132,0,132,326
07/30/2003,STS,CA,AWP,WE,Towers with Display (VFR),0,4,29,0,33,0,18,159,0,177,0,22,188,0,210,92,0,92,302
07/31/2003,STS,CA,AWP,WE,Towers with Display (VFR),0,5,46,0,51,0,18,134,0,152,0,23,180,0,203,174,0,174,377
08/01/2003,STS,CA,AWP,WE,Towers with Display (VFR),0,7,54,0,61,0,12,187,0,199,0,19,241,0,260,188,0,188,448
08/02/2003,STS,CA,AWP,WE,Towers with Display (VFR),0,7,17,0,24,0,0,167,0,167,0,7,184,0,191,154,0,154,345
08/03/2003,STS,CA,AWP,WE,Towers with Display (VFR),0,10,47,0,57,0,0,172,0,172,0,10,219,0,229,97,0,97,326
08/04/2003,STS,CA,AWP,WE,Towers with Display (VFR),0,5,27,0,32,0,13,146,0,159,0,18,173,0,191,74,0,74,265
08/05/2003,STS,CA,AWP,WE,Towers with Display (VFR),0,8,44,0,52,0,10,173,0,183,0,18,217,0,235,146,0,146,381
08/06/2003,STS,CA,AWP,WE,Towers with Display (VFR),0,9,41,0,50,0,23,152,0,175,0,32,193,0,225,122,0,122,347
08/07/2003,STS,CA,AWP,WE,Towers with Display (VFR),0,7,33,0,40,0,9,196,0,205,0,16,229,0,245,122,0,122,367
08/08/2003,STS,CA,AWP,WE,Towers with Display (VFR),0,5,28,0,33,0,16,239,0,255,0,21,267,0,288,102,0,102,390
08/09/2003,STS,CA,AWP,WE,Towers with Display (VFR),0,2,16,0,18,0,2,253,0,255,0,4,269,0,273,144,0,144,417
08/10/2003,STS,CA,AWP,WE,Towers with Display (VFR),0,6,38,0,44,0,5,305,0,310,0,11,343,0,354,180,0,180,534
08/11/2003,STS,CA,AWP,WE,Towers with Display (VFR),0,3,27,0,30,0,15,186,7,208,0,18,213,7,238,136,0,136,374
08/12/2003,STS,CA,AWP,WE,Towers with Display (VFR),0,9,35,0,44,0,8,192,5,205,0,17,227,5,249,124,0,124,373
08/13/2003,STS,CA,AWP,WE,Towers with Display (VFR),0,6,18,0,24,0,14,184,0,198,0,20,202,0,222,64,0,64,286
08/14/2003,STS,CA,AWP,WE,Towers with Display (VFR),0,12,43,0,55,0,13,161,0,174,0,25,204,0,229,70,0,70,299
08/15/2003,STS,CA,AWP,WE,Towers with Display (VFR),0,7,32,0,39,0,10,226,2,238,0,17,258,2,277,180,0,180,457
08/16/2003,STS,CA,AWP,WE,Towers with Display (VFR),0,5,7,0,12,0,5,223,2,230,0,10,230,2,242,156,0,156,398
08/17/2003,STS,CA,AWP,WE,Towers with Display (VFR),0,7,17,0,24,0,12,276,0,288,0,19,293,0,312,152,0,152,464
08/18/2003,STS,CA,AWP,WE,Towers with Display (VFR),0,0,30,0,30,0,19,137,0,156,0,19,167,0,186,46,0,46,232
08/19/2003,STS,CA,AWP,WE,Towers with Display (VFR),0,11,45,0,56,0,4,123,0,127,0,15,168,0,183,90,0,90,273
08/20/2003,STS,CA,AWP,WE,Towers with Display (VFR),0,4,38,0,42,0,14,147,0,161,0,18,185,0,203,140,0,140,343
08/21/2003,STS,CA,AWP,WE,Towers with Display (VFR),0,6,49,0,55,0,8,136,0,144,0,14,185,0,199,148,0,148,347
08/22/2003,STS,CA,AWP,WE,Towers with Display (VFR),0,2,36,3,41,0,14,232,29,275,0,16,268,32,316,107,0,107,423
08/23/2003,STS,CA,AWP,WE,Towers with Display (VFR),0,2,5,0,7,0,9,152,0,161,0,11,157,0,168,32,0,32,200
08/24/2003,STS,CA,AWP,WE,Towers with Display (VFR),0,8,6,0,14,0,5,160,7,172,0,13,166,7,186,24,0,24,210
08/25/2003,STS,CA,AWP,WE,Towers with Display (VFR),0,6,23,0,29,0,19,135,4,158,0,25,158,4,187,46,0,46,233
08/26/2003,STS,CA,AWP,WE,Towers with Display (VFR),0,1,31,0,32,0,15,179,0,194,0,16,210,0,226,116,0,116,342
08/27/2003,STS,CA,AWP,WE,Towers with Display (VFR),0,19,37,0,56,0,5,136,1,142,0,24,173,1,198,63,0,63,261
08/28/2003,STS,CA,AWP,WE,Towers with Display (VFR),0,5,41,0,46,0,8,149,0,157,0,13,190,0,203,164,0,164,367
08/29/2003,STS,CA,AWP,WE,Towers with Display (VFR),0,9,34,0,43,0,9,203,0,212,0,18,237,0,255,90,0,90,345
08/30/2003,STS,CA,AWP,WE,Towers with Display (VFR),0,10,39,0,49,0,7,198,0,205,0,17,237,0,254,96,0,96,350
08/31/2003,STS,CA,AWP,WE,Towers with Display (VFR),0,3,42,0,45,0,7,223,2,232,0,10,265,2,277,110,0,110,387
09/01/2003,STS,CA,AWP,WE,Towers with Display (VFR),0,4,23,0,27,0,3,228,0,231,0,7,251,0,258,109,0,109,367
09/02/2003,STS,CA,AWP,WE,Towers with Display (VFR),0,3,27,0,30,0,6,177,0,183,0,9,204,0,213,162,0,162,375
09/03/2003,STS,CA,AWP,WE,Towers with Display (VFR),0,9,21,0,30,0,22,220,0,242,0,31,241,0,272,50,0,50,322
09/04/2003,STS,CA,AWP,WE,Towers with Display (VFR),0,9,32,0,41,0,5,147,0,152,0,14,179,0,193,88,0,88,281
09/05/2003,STS,CA,AWP,WE,Towers with Display (VFR),0,12,43,0,55,0,10,210,3,223,0,22,253,3,278,98,0,98,376
09/06/2003,STS,CA,AWP,WE,Towers with Display (VFR),0,3,24,0,27,0,2,195,0,197,0,5,219,0,224,92,0,92,316
09/07/2003,STS,CA,AWP,WE,Towers with Display (VFR),0,12,26,0,38,0,4,214,0,218,0,16,240,0,256,94,0,94,350
09/08/2003,STS,CA,AWP,WE,Towers with Display (VFR),0,7,16,0,23,0,10,195,2,207,0,17,211,2,230,89,0,89,319
09/09/2003,STS,CA,AWP,WE,Towers with Display (VFR),0,9,46,0,55,0,11,65,0,76,0,20,111,0,131,110,0,110,241
09/10/2003,STS,CA,AWP,WE,Towers with Display (VFR),0,8,22,0,30,0,18,215,0,233,0,26,237,0,263,110,0,110,373
09/11/2003,STS,CA,AWP,WE,Towers with Display (VFR),0,4,21,0,25,0,8,240,0,248,0,12,261,0,273,98,0,98,371
09/12/2003,STS,CA,AWP,WE,Towers with Display (VFR),0,4,22,1,27,0,7,210,1,218,0,11,232,2,245,87,0,87,332
09/13/2003,STS,CA,AWP,WE,Towers with Display (VFR),0,2,8,0,10,0,13,289,4,306,0,15,297,4,316,112,0,112,428
09/14/2003,STS,CA,AWP,WE,Towers with Display (VFR),0,7,28,0,35,0,7,253,4,264,0,14,281,4,299,140,0,140,439
09/15/2003,STS,CA,AWP,WE,Towers with Display (VFR),0,7,37,0,44,0,11,123,0,134,0,18,160,0,178,66,0,66,244
09/16/2003,STS,CA,AWP,WE,Towers with Display (VFR),0,3,41,0,44,0,1,132,0,133,0,4,173,0,177,104,0,104,281
09/17/2003,STS,CA,AWP,WE,Towers with Display (VFR),0,12,31,0,43,0,15,193,0,208,0,27,224,0,251,142,0,142,393
09/18/2003,STS,CA,AWP,WE,Towers with Display (VFR),0,8,26,0,34,0,16,215,0,231,0,24,241,0,265,152,0,152,417
09/19/2003,STS,CA,AWP,WE,Towers with Display (VFR),0,5,25,0,30,0,24,257,2,283,0,29,282,2,313,160,0,160,473
09/20/2003,STS,CA,AWP,WE,Towers with Display (VFR),0,8,18,0,26,0,3,232,2,237,0,11,250,2,263,146,0,146,409
09/21/2003,STS,CA,AWP,WE,Towers with Display (VFR),0,7,23,0,30,0,8,232,2,242,0,15,255,2,272,152,0,152,424
09/22/2003,STS,CA,AWP,WE,Towers with Display (VFR),0,5,23,5,33,0,7,133,6,146,0,12,156,11,179,66,0,66,245
09/23/2003,STS,CA,AWP,WE,Towers with Display (VFR),0,6,26,0,32,0,4,134,0,138,0,10,160,0,170,196,0,196,366
09/24/2003,STS,CA,AWP,WE,Towers with Display (VFR),0,17,41,0,58,0,6,114,5,125,0,23,155,5,183,108,0,108,291
09/25/2003,STS,CA,AWP,WE,Towers with Display (VFR),0,4,40,0,44,0,6,133,0,139,0,10,173,0,183,148,0,148,331
09/26/2003,STS,CA,AWP,WE,Towers with Display (VFR),0,8,80,0,88,0,6,126,0,132,0,14,206,0,220,94,0,94,314
09/27/2003,STS,CA,AWP,WE,Towers with Display (VFR),0,3,42,0,45,1,5,185,0,191,1,8,227,0,236,106,0,106,342
09/28/2003,STS,CA,AWP,WE,Towers with Display (VFR),0,2,37,0,39,0,2,142,0,144,0,4,179,0,183,56,0,56,239
09/29/2003,STS,CA,AWP,WE,Towers with Display (VFR),0,3,32,4,39,0,12,148,0,160,0,15,180,4,199,90,0,90,289
09/30/2003,STS,CA,AWP,WE,Towers with Display (VFR),0,3,33,0,36,0,3,143,0,146,0,6,176,0,182,118,0,118,300
10/01/2003,STS,CA,AWP,WE,Towers with Display (VFR),0,9,38,0,47,0,12,88,2,102,0,21,126,2,149,44,0,44,193
10/02/2003,STS,CA,AWP,WE,Towers with Display (VFR),0,10,39,0,49,0,14,176,0,190,0,24,215,0,239,164,3,167,406
10/03/2003,STS,CA,AWP,WE,Towers with Display (VFR),0,9,37,0,46,0,3,176,4,183,0,12,213,4,229,229,0,229,458
10/04/2003,STS,CA,AWP,WE,Towers with Display (VFR),0,7,28,0,35,0,1,200,0,201,0,8,228,0,236,48,0,48,284
10/05/2003,STS,CA,AWP,WE,Towers with Display (VFR),0,4,42,0,46,0,0,232,0,232,0,4,274,0,278,122,0,122,400
10/06/2003,STS,CA,AWP,WE,Towers with Display (VFR),0,7,27,0,34,0,6,165,0,171,0,13,192,0,205,196,0,196,401
10/07/2003,STS,CA,AWP,WE,Towers with Display (VFR),0,8,31,0,39,0,9,137,0,146,0,17,168,0,185,128,0,128,313
10/08/2003,STS,CA,AWP,WE,Towers with Display (VFR),0,7,28,0,35,0,9,144,0,153,0,16,172,0,188,92,0,92,280
10/09/2003,STS,CA,AWP,WE,Towers with Display (VFR),0,0,0,0,0,0,21,194,0,215,0,21,194,0,215,130,0,130,345
10/10/2003,STS,CA,AWP,WE,Towers with Display (VFR),0,10,40,0,50,0,11,197,2,210,0,21,237,2,260,264,0,264,524
10/11/2003,STS,CA,AWP,WE,Towers with Display (VFR),0,3,12,0,15,0,9,202,0,211,0,12,214,0,226,128,0,128,354
10/12/2003,STS,CA,AWP,WE,Towers with Display (VFR),0,5,22,0,27,0,10,246,0,256,0,15,268,0,283,76,0,76,359
10/13/2003,STS,CA,AWP,WE,Towers with Display (VFR),0,5,22,0,27,0,15,203,0,218,0,20,225,0,245,70,0,70,315
10/14/2003,STS,CA,AWP,WE,Towers with Display (VFR),0,4,16,0,20,0,5,214,0,219,0,9,230,0,239,134,0,134,373
10/15/2003,STS,CA,AWP,WE,Towers with Display (VFR),0,9,38,0,47,0,17,136,0,153,0,26,174,0,200,160,0,160,360
10/16/2003,STS,CA,AWP,WE,Towers with Display (VFR),0,9,35,0,44,0,5,185,0,190,0,14,220,0,234,152,0,152,386
10/17/2003,STS,CA,AWP,WE,Towers with Display (VFR),0,8,31,0,39,0,9,215,0,224,0,17,246,0,263,185,0,185,448
10/18/2003,STS,CA,AWP,WE,Towers with Display (VFR),0,2,14,0,16,0,6,246,2,254,0,8,260,2,270,168,0,168,438
10/19/2003,STS,CA,AWP,WE,Towers with Display (VFR),0,2,14,0,16,0,13,220,0,233,0,15,234,0,249,107,0,107,356
10/20/2003,STS,CA,AWP,WE,Towers with Display (VFR),0,4,21,0,25,0,10,189,0,199,0,14,210,0,224,202,0,202,426
10/21/2003,STS,CA,AWP,WE,Towers with Display (VFR),0,4,22,0,26,0,14,205,0,219,0,18,227,0,245,104,0,104,349
10/22/2003,STS,CA,AWP,WE,Towers with Display (VFR),0,8,38,0,46,0,17,117,0,134,0,25,155,0,180,134,0,134,314
10/23/2003,STS,CA,AWP,WE,Towers with Display (VFR),0,4,23,0,27,0,13,189,0,202,0,17,212,0,229,168,0,168,397
10/24/2003,STS,CA,AWP,WE,Towers with Display (VFR),0,6,29,0,35,0,8,235,0,243,0,14,264,0,278,205,0,205,483
10/25/2003,STS,CA,AWP,WE,Towers with Display (VFR),0,3,17,0,20,0,5,229,2,236,0,8,246,2,256,142,0,142,398
10/26/2003,STS,CA,AWP,WE,Towers with Display (VFR),0,3,18,0,21,0,8,225,0,233,0,11,243,0,254,134,0,134,388
10/27/2003,STS,CA,AWP,WE,Towers with Display (VFR),0,4,20,0,24,0,7,158,0,165,0,11,178,0,189,81,0,81,270
10/28/2003,STS,CA,AWP,WE,Towers with Display (VFR),0,5,23,0,28,0,8,166,0,174,0,13,189,0,202,188,0,188,390
10/29/2003,STS,CA,AWP,WE,Towers with Display (VFR),0,7,32,0,39,0,4,161,0,165,0,11,193,0,204,140,0,140,344
10/30/2003,STS,CA,AWP,WE,Towers with Display (VFR),0,6,29,0,35,0,12,157,0,169,0,18,186,0,204,92,0,92,296
10/31/2003,STS,CA,AWP,WE,Towers with Display (VFR),0,7,33,0,40,0,10,99,0,109,0,17,132,0,149,128,0,128,277
11/01/2003,STS,CA,AWP,WE,Towers with Display (VFR),0,6,24,0,30,0,3,246,0,249,0,9,270,0,279,150,0,150,429
11/02/2003,STS,CA,AWP,WE,Towers with Display (VFR),0,9,34,0,43,0,3,156,0,159,0,12,190,0,202,128,0,128,330
11/03/2003,STS,CA,AWP,WE,Towers with Display (VFR),0,6,21,0,27,0,1,140,3,144,0,7,161,3,171,62,2,64,235
11/04/2003,STS,CA,AWP,WE,Towers with Display (VFR),0,7,26,0,33,0,4,142,1,147,0,11,168,1,180,72,0,72,252
11/05/2003,STS,CA,AWP,WE,Towers with Display (VFR),0,10,37,0,47,0,9,75,0,84,0,19,112,0,131,66,0,66,197
11/06/2003,STS,CA,AWP,WE,Towers with Display (VFR),0,11,42,0,53,0,7,73,0,80,0,18,115,0,133,146,0,146,279
11/07/2003,STS,CA,AWP,WE,Towers with Display (VFR),0,8,43,0,51,0,0,25,0,25,0,8,68,0,76,118,0,118,194
11/08/2003,STS,CA,AWP,WE,Towers with Display (VFR),0,8,36,0,44,0,0,35,0,35,0,8,71,0,79,24,0,24,103
11/09/2003,STS,CA,AWP,WE,Towers with Display (VFR),0,6,24,0,30,0,2,115,0,117,0,8,139,0,147,174,0,174,321
11/10/2003,STS,CA,AWP,WE,Towers with Display (VFR),0,0,0,0,0,0,22,198,0,220,0,22,198,0,220,130,0,130,350
11/11/2003,STS,CA,AWP,WE,Towers with Display (VFR),0,5,19,0,24,0,3,228,0,231,0,8,247,0,255,253,0,253,508
11/12/2003,STS,CA,AWP,WE,Towers with Display (VFR),0,8,31,0,39,0,12,160,0,172,0,20,191,0,211,128,0,128,339
11/13/2003,STS,CA,AWP,WE,Towers with Display (VFR),0,13,55,0,68,0,3,124,0,127,0,16,179,0,195,144,0,144,339
11/14/2003,STS,CA,AWP,WE,Towers with Display (VFR),0,11,44,0,55,0,0,36,0,36,0,11,80,0,91,22,0,22,113
11/15/2003,STS,CA,AWP,WE,Towers with Display (VFR),0,7,32,1,40,0,7,124,1,132,0,14,156,2,172,220,0,220,392
11/16/2003,STS,CA,AWP,WE,Towers with Display (VFR),0,7,30,0,37,0,4,130,0,134,0,11,160,0,171,160,0,160,331
11/17/2003,STS,CA,AWP,WE,Towers with Display (VFR),0,8,34,0,42,0,12,144,0,156,0,20,178,0,198,192,0,192,390
11/18/2003,STS,CA,AWP,WE,Towers with Display (VFR),0,5,25,0,30,0,6,177,0,183,0,11,202,0,213,156,0,156,369
11/19/2003,STS,CA,AWP,WE,Towers with Display (VFR),0,8,34,0,42,0,9,157,0,166,0,17,191,0,208,124,0,124,332
11/20/2003,STS,CA,AWP,WE,Towers with Display (VFR),0,6,27,0,33,0,11,105,0,116,0,17,132,0,149,40,0,40,189
11/21/2003,STS,CA,AWP,WE,Towers with Display (VFR),0,7,31,0,38,0,6,168,0,174,0,13,199,0,212,244,0,244,456
11/22/2003,STS,CA,AWP,WE,Towers with Display (VFR),0,3,16,0,19,0,5,278,0,283,0,8,294,0,302,214,0,214,516
11/23/2003,STS,CA,AWP,WE,Towers with Display (VFR),0,0,19,0,19,0,0,272,2,274,0,0,291,2,293,226,0,226,519
11/24/2003,STS,CA,AWP,WE,Towers with Display (VFR),0,6,25,0,31,0,12,177,0,189,0,18,202,0,220,104,0,104,324
11/25/2003,STS,CA,AWP,WE,Towers with Display (VFR),0,5,24,0,29,0,14,199,0,213,0,19,223,0,242,114,0,114,356
11/26/2003,STS,CA,AWP,WE,Towers with Display (VFR),0,8,33,0,41,0,12,211,0,223,0,20,244,0,264,134,0,134,398
11/27/2003,STS,CA,AWP,WE,Towers with Display (VFR),0,3,16,0,19,0,3,143,0,146,0,6,159,0,165,84,0,84,249
11/28/2003,STS,CA,AWP,WE,Towers with Display (VFR),0,7,33,0,40,0,4,71,0,75,0,11,104,0,115,146,0,146,261
11/29/2003,STS,CA,AWP,WE,Towers with Display (VFR),0,6,33,0,39,0,0,71,0,71,0,6,104,0,110,86,0,86,196
11/30/2003,STS,CA,AWP,WE,Towers with Display (VFR),0,13,67,0,80,0,0,9,0,9,0,13,76,0,89,18,0,18,107
12/01/2003,STS,CA,AWP,WE,Towers with Display (VFR),0,15,42,0,57,0,14,0,0,14,0,29,42,0,71,0,0,0,71
12/02/2003,STS,CA,AWP,WE,Towers with Display (VFR),0,17,56,0,73,0,6,40,0,46,0,23,96,0,119,66,0,66,185
12/03/2003,STS,CA,AWP,WE,Towers with Display (VFR),0,14,47,0,61,0,9,159,1,169,0,23,206,1,230,96,0,96,326
12/04/2003,STS,CA,AWP,WE,Towers with Display (VFR),0,12,37,0,49,0,1,0,0,1,0,13,37,0,50,0,0,0,50
12/05/2003,STS,CA,AWP,WE,Towers with Display (VFR),0,13,43,0,56,0,0,33,0,33,0,13,76,0,89,0,0,0,89
12/06/2003,STS,CA,AWP,WE,Towers with Display (VFR),0,3,24,0,27,0,0,10,0,10,0,3,34,0,37,0,0,0,37
12/07/2003,STS,CA,AWP,WE,Towers with Display (VFR),0,7,24,0,31,0,5,189,1,195,0,12,213,1,226,264,0,264,490
12/08/2003,STS,CA,AWP,WE,Towers with Display (VFR),0,8,24,0,32,0,9,246,2,257,0,17,270,2,289,200,0,200,489
12/09/2003,STS,CA,AWP,WE,Towers with Display (VFR),0,13,42,0,55,0,8,36,1,45,0,21,78,1,100,45,0,45,145
12/10/2003,STS,CA,AWP,WE,Towers with Display (VFR),0,12,41,0,53,0,1,70,0,71,0,13,111,0,124,150,0,150,274
12/11/2003,STS,CA,AWP,WE,Towers with Display (VFR),0,8,27,0,35,0,12,183,0,195,0,20,210,0,230,194,0,194,424
12/12/2003,STS,CA,AWP,WE,Towers with Display (VFR),0,15,52,0,67,0,4,4,0,8,0,19,56,0,75,0,0,0,75
12/13/2003,STS,CA,AWP,WE,Towers with Display (VFR),0,6,18,0,24,0,1,83,0,84,0,7,101,0,108,119,0,119,227
12/14/2003,STS,CA,AWP,WE,Towers with Display (VFR),0,5,17,0,22,0,1,198,0,199,0,6,215,0,221,150,0,150,371
12/15/2003,STS,CA,AWP,WE,Towers with Display (VFR),0,7,23,0,30,0,2,199,3,204,0,9,222,3,234,118,0,118,352
12/16/2003,STS,CA,AWP,WE,Towers with Display (VFR),0,5,20,0,25,0,8,187,0,195,0,13,207,0,220,156,0,156,376
12/17/2003,STS,CA,AWP,WE,Towers with Display (VFR),0,6,22,0,28,0,19,197,0,216,0,25,219,0,244,129,0,129,373
12/18/2003,STS,CA,AWP,WE,Towers with Display (VFR),0,10,38,0,48,0,0,213,0,213,0,10,251,0,261,149,0,149,410
12/19/2003,STS,CA,AWP,WE,Towers with Display (VFR),0,10,39,0,49,0,6,57,0,63,0,16,96,0,112,53,0,53,165
12/20/2003,STS,CA,AWP,WE,Towers with Display (VFR),0,6,35,0,41,0,0,8,0,8,0,6,43,0,49,0,0,0,49
12/21/2003,STS,CA,AWP,WE,Towers with Display (VFR),0,6,25,0,31,0,6,118,0,124,0,12,143,0,155,120,0,120,275
12/22/2003,STS,CA,AWP,WE,Towers with Display (VFR),0,8,28,0,36,0,2,102,0,104,0,10,130,0,140,118,0,118,258
12/23/2003,STS,CA,AWP,WE,Towers with Display (VFR),0,12,45,0,57,0,2,8,0,10,0,14,53,0,67,38,0,38,105
12/24/2003,STS,CA,AWP,WE,Towers with Display (VFR),0,5,18,0,23,0,11,22,0,33,0,16,40,0,56,8,0,8,64
12/25/2003,STS,CA,AWP,WE,Towers with Display (VFR),0,2,9,0,11,0,2,38,0,40,0,4,47,0,51,14,0,14,65
12/26/2003,STS,CA,AWP,WE,Towers with Display (VFR),0,9,35,0,44,0,4,195,0,199,0,13,230,0,243,174,0,174,417
12/27/2003,STS,CA,AWP,WE,Towers with Display (VFR),0,6,23,0,29,0,12,227,0,239,0,18,250,0,268,174,0,174,442
12/28/2003,STS,CA,AWP,WE,Towers with Display (VFR),0,6,23,0,29,0,13,83,0,96,0,19,106,0,125,127,0,127,252
12/29/2003,STS,CA,AWP,WE,Towers with Display (VFR),0,4,16,0,20,0,1,11,0,12,0,5,27,0,32,4,0,4,36
12/30/2003,STS,CA,AWP,WE,Towers with Display (VFR),0,5,20,0,25,0,7,143,0,150,0,12,163,0,175,198,0,198,373
12/31/2003,STS,CA,AWP,WE,Towers with Display (VFR),0,6,23,0,29,0,6,57,0,63,0,12,80,0,92,102,0,102,194
01/01/2004,STS,CA,AWP,WE,Towers with Display (VFR),0,2,5,0,7,0,1,21,0,22,0,3,26,0,29,10,0,10,39
01/02/2004,STS,CA,AWP,WE,Towers with Display (VFR),0,7,24,0,31,0,5,35,2,42,0,12,59,2,73,46,0,46,119
01/03/2004,STS,CA,AWP,WE,Towers with Display (VFR),0,0,17,0,17,0,0,154,0,154,0,0,171,0,171,222,0,222,393
01/04/2004,STS,CA,AWP,WE,Towers with Display (VFR),0,2,27,0,29,0,0,203,0,203,0,2,230,0,232,240,0,240,472
01/05/2004,STS,CA,AWP,WE,Towers with Display (VFR),0,4,11,0,15,0,6,152,0,158,0,10,163,0,173,166,0,166,339
01/06/2004,STS,CA,AWP,WE,Towers with Display (VFR),0,5,15,0,20,0,2,111,0,113,0,7,126,0,133,122,0,122,255
01/07/2004,STS,CA,AWP,WE,Towers with Display (VFR),0,10,31,0,41,0,2,53,0,55,0,12,84,0,96,58,0,58,154
01/08/2004,STS,CA,AWP,WE,Towers with Display (VFR),0,5,17,0,22,0,6,99,0,105,0,11,116,0,127,103,0,103,230
01/09/2004,STS,CA,AWP,WE,Towers with Display (VFR),0,8,25,0,33,0,1,7,0,8,0,9,32,0,41,42,0,42,83
01/10/2004,STS,CA,AWP,WE,Towers with Display (VFR),0,8,27,0,35,0,1,9,0,10,0,9,36,0,45,0,0,0,45
01/11/2004,STS,CA,AWP,WE,Towers with Display (VFR),0,5,21,0,26,0,0,112,0,112,0,5,133,0,138,100,0,100,238
01/12/2004,STS,CA,AWP,WE,Towers with Display (VFR),0,11,43,0,54,0,0,4,0,4,0,11,47,0,58,0,0,0,58
01/13/2004,STS,CA,AWP,WE,Towers with Display (VFR),0,12,39,0,51,0,2,58,0,60,0,14,97,0,111,80,0,80,191
01/14/2004,STS,CA,AWP,WE,Towers with Display (VFR),0,7,39,0,46,0,0,2,0,2,0,7,41,0,48,14,0,14,62
01/15/2004,STS,CA,AWP,WE,Towers with Display (VFR),0,12,43,0,55,0,4,130,0,134,0,16,173,0,189,108,0,108,297
01/16/2004,STS,CA,AWP,WE,Towers with Display (VFR),0,10,42,0,52,0,0,49,0,49,0,10,91,0,101,44,0,44,145
01/17/2004,STS,CA,AWP,WE,Towers with Display (VFR),0,5,32,0,37,0,0,144,0,144,0,5,176,0,181,208,0,208,389
01/18/2004,STS,CA,AWP,WE,Towers with Display (VFR),0,6,26,0,32,0,0,15,0,15,0,6,41,0,47,33,0,33,80
01/19/2004,STS,CA,AWP,WE,Towers with Display (VFR),0,9,36,0,45,0,4,129,0,133,0,13,165,0,178,118,0,118,296
01/20/2004,STS,CA,AWP,WE,Towers with Display (VFR),0,9,34,0,43,0,2,119,0,121,0,11,153,0,164,104,0,104,268
01/21/2004,STS,CA,AWP,WE,Towers with Display (VFR),0,9,34,0,43,0,3,184,0,187,0,12,218,0,230,214,0,214,444
01/22/2004,STS,CA,AWP,WE,Towers with Display (VFR),0,9,34,0,43,0,4,203,0,207,0,13,237,0,250,148,0,148,398
01/23/2004,STS,CA,AWP,WE,Towers with Display (VFR),0,5,22,0,27,0,13,118,0,131,0,18,140,0,158,152,0,152,310
01/24/2004,STS,CA,AWP,WE,Towers with Display (VFR),0,9,34,0,43,0,8,92,0,100,0,17,126,0,143,112,0,112,255
01/25/2004,STS,CA,AWP,WE,Towers with Display (VFR),0,7,28,0,35,0,4,217,0,221,0,11,245,0,256,132,0,132,388
01/26/2004,STS,CA,AWP,WE,Towers with Display (VFR),0,8,31,0,39,0,0,77,0,77,0,8,108,0,116,97,0,97,213
01/27/2004,STS,CA,AWP,WE,Towers with Display (VFR),0,7,31,0,38,0,0,31,0,31,0,7,62,0,69,28,0,28,97
01/28/2004,STS,CA,AWP,WE,Towers with Display (VFR),0,10,38,0,48,0,4,130,0,134,0,14,168,0,182,82,0,82,264
01/29/2004,STS,CA,AWP,WE,Towers with Display (VFR),0,15,57,0,72,0,22,32,0,54,0,37,89,0,126,40,0,40,166
01/30/2004,STS,CA,AWP,WE,Towers with Display (VFR),0,7,26,0,33,0,6,148,0,154,0,13,174,0,187,236,0,236,423
01/31/2004,STS,CA,AWP,WE,Towers with Display (VFR),0,5,21,0,26,0,0,329,4,333,0,5,350,4,359,152,0,152,511
02/01/2004,STS,CA,AWP,WE,Towers with Display (VFR),0,8,32,0,40,0,1,12,0,13,0,9,44,0,53,54,0,54,107
02/02/2004,STS,CA,AWP,WE,Towers with Display (VFR),0,5,17,0,22,0,16,26,0,42,0,21,43,0,64,0,0,0,64
02/03/2004,STS,CA,AWP,WE,Towers with Display (VFR),0,9,37,0,46,0,8,65,0,73,0,17,102,0,119,142,0,142,261
02/04/2004,STS,CA,AWP,WE,Towers with Display (VFR),0,11,43,0,54,0,2,138,0,140,0,13,181,0,194,128,0,128,322
02/05/2004,STS,CA,AWP,WE,Towers with Display (VFR),0,7,24,0,31,0,11,194,0,205,0,18,218,0,236,120,0,120,356
02/06/2004,STS,CA,AWP,WE,Towers with Display (VFR),0,8,33,0,41,0,5,164,0,169,0,13,197,0,210,184,0,184,394
02/07/2004,STS,CA,AWP,WE,Towers with Display (VFR),0,8,32,0,40,0,4,283,2,289,0,12,315,2,329,296,0,296,625
02/08/2004,STS,CA,AWP,WE,Towers with Display (VFR),0,6,23,0,29,0,11,316,0,327,0,17,339,0,356,160,0,160,516
02/09/2004,STS,CA,AWP,WE,Towers with Display (VFR),0,8,28,0,36,0,12,210,0,222,0,20,238,0,258,178,0,178,436
02/10/2004,STS,CA,AWP,WE,Towers with Display (VFR),0,5,17,0,22,0,8,239,0,247,0,13,256,0,269,192,0,192,461
02/11/2004,STS,CA,AWP,WE,Towers with Display (VFR),0,6,24,0,30,0,5,227,0,232,0,11,251,0,262,166,0,166,428
02/12/2004,STS,CA,AWP,WE,Towers with Display (VFR),0,5,24,1,30,0,18,227,1,246,0,23,251,2,276,144,0,144,420
02/13/2004,STS,CA,AWP,WE,Towers with Display (VFR),0,7,30,0,37,0,15,77,0,92,0,22,107,0,129,38,0,38,167
02/14/2004,STS,CA,AWP,WE,Towers with Display (VFR),0,7,32,1,40,0,8,210,1,219,0,15,242,2,259,196,0,196,455
02/15/2004,STS,CA,AWP,WE,Towers with Display (VFR),0,7,32,0,39,0,0,110,0,110,0,7,142,0,149,110,0,110,259
02/16/2004,STS,CA,AWP,WE,Towers with Display (VFR),0,6,20,0,26,0,8,0,0,8,0,14,20,0,34,0,0,0,34
02/17/2004,STS,CA,AWP,WE,Towers with Display (VFR),0,7,34,0,41,0,3,5,0,8,0,10,39,0,49,0,0,0,49
02/18/2004,STS,CA,AWP,WE,Towers with Display (VFR),0,9,40,0,49,0,4,152,11,167,0,13,192,11,216,208,0,208,424
02/19/2004,STS,CA,AWP,WE,Towers with Display (VFR),0,8,35,0,43,0,17,184,0,201,0,25,219,0,244,190,0,190,434
02/20/2004,STS,CA,AWP,WE,Towers with Display (VFR),0,9,39,0,48,0,8,62,0,70,0,17,101,0,118,119,0,119,237
02/21/2004,STS,CA,AWP,WE,Towers with Display (VFR),0,8,35,0,43,0,3,126,0,129,0,11,161,0,172,261,0,261,433
02/22/2004,STS,CA,AWP,WE,Towers with Display (VFR),0,8,37,0,45,0,2,32,0,34,0,10,69,0,79,68,0,68,147
02/23/2004,STS,CA,AWP,WE,Towers with Display (VFR),0,7,30,0,37,0,4,128,0,132,0,11,158,0,169,126,0,126,295
02/24/2004,STS,CA,AWP,WE,Towers with Display (VFR),0,5,24,0,29,0,9,127,0,136,0,14,151,0,165,189,0,189,354
02/25/2004,STS,CA,AWP,WE,Towers with Display (VFR),0,5,24,0,29,0,8,7,0,15,0,13,31,0,44,0,0,0,44
02/26/2004,STS,CA,AWP,WE,Towers with Display (VFR),0,6,27,0,33,0,12,42,0,54,0,18,69,0,87,8,0,8,95
02/27/2004,STS,CA,AWP,WE,Towers with Display (VFR),0,8,37,0,45,0,21,145,0,166,0,29,182,0,211,156,0,156,367
02/28/2004,STS,CA,AWP,WE,Towers with Display (VFR),0,5,24,0,29,0,3,283,0,286,0,8,307,0,315,212,0,212,527
02/29/2004,STS,CA,AWP,WE,Towers with Display (VFR),0,3,21,0,24,0,0,208,2,210,0,3,229,2,234,206,0,206,440
03/01/2004,STS,CA,AWP,WE,Towers with Display (VFR),0,6,27,0,33,0,12,48,0,60,0,18,75,0,93,0,0,0,93
03/02/2004,STS,CA,AWP,WE,Towers with Display (VFR),0,2,5,0,7,0,6,266,0,272,0,8,271,0,279,130,0,130,409
03/03/2004,STS,CA,AWP,WE,Towers with Display (VFR),0,8,35,0,43,0,4,273,1,278,0,12,308,1,321,238,0,238,559
03/04/2004,STS,CA,AWP,WE,Towers with Display (VFR),0,8,34,0,42,0,5,221,0,226,0,13,255,0,268,154,0,154,422
03/05/2004,STS,CA,AWP,WE,Towers with Display (VFR),0,7,29,0,36,0,9,228,0,237,0,16,257,0,273,208,0,208,481
03/06/2004,STS,CA,AWP,WE,Towers with Display (VFR),0,3,19,1,23,0,1,235,1,237,0,4,254,2,260,218,0,218,478
03/07/2004,STS,CA,AWP,WE,Towers with Display (VFR),0,4,23,1,28,0,5,344,1,350,0,9,367,2,378,267,0,267,645
03/08/2004,STS,CA,AWP,WE,Towers with Display (VFR),0,6,29,1,36,0,2,188,3,193,0,8,217,4,229,110,0,110,339
03/09/2004,STS,CA,AWP,WE,Towers with Display (VFR),0,5,28,1,34,0,8,264,1,273,0,13,292,2,307,196,0,196,503
03/10/2004,STS,CA,AWP,WE,Towers with Display (VFR),0,4,24,0,28,0,11,232,0,243,0,15,256,0,271,180,0,180,451
03/11/2004,STS,CA,AWP,WE,Towers with Display (VFR),0,6,31,0,37,0,10,206,0,216,0,16,237,0,253,140,0,140,393
03/12/2004,STS,CA,AWP,WE,Towers with Display (VFR),0,3,19,0,22,0,13,176,0,189,0,16,195,0,211,146,0,146,357
03/13/2004,STS,CA,AWP,WE,Towers with Display (VFR),0,5,24,0,29,0,0,294,0,294,0,5,318,0,323,218,0,218,541
03/14/2004,STS,CA,AWP,WE,Towers with Display (VFR),0,4,24,0,28,0,3,329,0,332,0,7,353,0,360,164,0,164,524
03/15/2004,STS,CA,AWP,WE,Towers with Display (VFR),0,3,18,1,22,0,5,200,0,205,0,8,218,1,227,164,0,164,391
03/16/2004,STS,CA,AWP,WE,Towers with Display (VFR),0,3,17,0,20,0,2,209,0,211,0,5,226,0,231,229,0,229,460
03/17/2004,STS,CA,AWP,WE,Towers with Display (VFR),0,5,27,0,32,0,10,211,1,222,0,15,238,1,254,150,0,150,404
03/18/2004,STS,CA,AWP,WE,Towers with Display (VFR),0,3,15,0,18,0,18,245,12,275,0,21,260,12,293,72,0,72,365
03/19/2004,STS,CA,AWP,WE,Towers with Display (VFR),0,6,29,0,35,0,1,255,0,256,0,7,284,0,291,208,0,208,499
03/20/2004,STS,CA,AWP,WE,Towers with Display (VFR),0,2,11,0,13,0,4,244,2,250,0,6,255,2,263,192,0,192,455
03/21/2004,STS,CA,AWP,WE,Towers with Display (VFR),0,4,21,0,25,0,5,240,0,245,0,9,261,0,270,124,0,124,394
03/22/2004,STS,CA,AWP,WE,Towers with Display (VFR),0,5,29,0,34,0,7,195,0,202,0,12,224,0,236,98,0,98,334
03/23/2004,STS,CA,AWP,WE,Towers with Display (VFR),0,6,29,0,35,0,4,134,0,138,0,10,163,0,173,179,0,179,352
03/24/2004,STS,CA,AWP,WE,Towers with Display (VFR),0,7,36,0,43,0,5,181,0,186,0,12,217,0,229,156,0,156,385
03/25/2004,STS,CA,AWP,WE,Towers with Display (VFR),0,7,39,0,46,0,7,18,2,27,0,14,57,2,73,18,0,18,91
03/26/2004,STS,CA,AWP,WE,Towers with Display (VFR),0,4,46,0,50,0,0,65,1,66,0,4,111,1,116,82,0,82,198
03/27/2004,STS,CA,AWP,WE,Towers with Display (VFR),0,5,48,0,53,0,0,198,2,200,0,5,246,2,253,156,0,156,409
03/28/2004,STS,CA,AWP,WE,Towers with Display (VFR),0,4,21,0,25,0,2,303,4,309,0,6,324,4,334,184,0,184,518
03/29/2004,STS,CA,AWP,WE,Towers with Display (VFR),0,4,20,0,24,0,6,206,32,244,0,10,226,32,268,198,0,198,466
03/30/2004,STS,CA,AWP,WE,Towers with Display (VFR),0,6,31,0,37,0,10,180,0,190,0,16,211,0,227,209,0,209,436
03/31/2004,STS,CA,AWP,WE,Towers with Display (VFR),0,4,24,0,28,0,20,223,32,275,0,24,247,32,303,200,0,200,503
04/01/2004,STS,CA,AWP,WE,Towers with Display (VFR),0,5,18,0,23,0,15,166,0,181,0,20,184,0,204,190,0,190,394
04/02/2004,STS,CA,AWP,WE,Towers with Display (VFR),0,6,23,0,29,0,8,200,0,208,0,14,223,0,237,259,0,259,496
04/03/2004,STS,CA,AWP,WE,Towers with Display (VFR),0,4,16,0,20,0,2,267,2,271,0,6,283,2,291,176,0,176,467
04/04/2004,STS,CA,AWP,WE,Towers with Display (VFR),0,9,34,0,43,0,6,160,0,166,0,15,194,0,209,146,0,146,355
04/05/2004,STS,CA,AWP,WE,Towers with Display (VFR),0,7,27,0,34,0,16,164,2,182,0,23,191,2,216,236,0,236,452
04/06/2004,STS,CA,AWP,WE,Towers with Display (VFR),0,5,20,0,25,0,6,215,0,221,0,11,235,0,246,268,0,268,514
04/07/2004,STS,CA,AWP,WE,Towers with Display (VFR),0,7,28,0,35,0,4,252,0,256,0,11,280,0,291,241,0,241,532
04/08/2004,STS,CA,AWP,WE,Towers with Display (VFR),0,7,25,0,32,0,9,173,0,182,0,16,198,0,214,132,0,132,346
04/09/2004,STS,CA,AWP,WE,Towers with Display (VFR),0,8,32,0,40,0,8,170,0,178,0,16,202,0,218,186,0,186,404
04/10/2004,STS,CA,AWP,WE,Towers with Display (VFR),0,3,20,0,23,0,0,235,0,235,0,3,255,0,258,159,0,159,417
04/11/2004,STS,CA,AWP,WE,Towers with Display (VFR),0,6,21,0,27,0,7,159,0,166,0,13,180,0,193,80,0,80,273
04/12/2004,STS,CA,AWP,WE,Towers with Display (VFR),0,7,27,0,34,0,8,226,0,234,0,15,253,0,268,130,0,130,398
04/13/2004,STS,CA,AWP,WE,Towers with Display (VFR),0,8,32,0,40,0,4,144,0,148,0,12,176,0,188,188,0,188,376
04/14/2004,STS,CA,AWP,WE,Towers with Display (VFR),0,8,31,0,39,0,6,105,0,111,0,14,136,0,150,222,0,222,372
04/15/2004,STS,CA,AWP,WE,Towers with Display (VFR),0,8,30,0,38,0,5,131,2,138,0,13,161,2,176,102,0,102,278
04/16/2004,STS,CA,AWP,WE,Towers with Display (VFR),0,6,25,0,31,0,10,102,0,112,0,16,127,0,143,159,0,159,302
04/17/2004,STS,CA,AWP,WE,Towers with Display (VFR),0,5,22,0,27,0,3,133,0,136,0,8,155,0,163,115,0,115,278
04/18/2004,STS,CA,AWP,WE,Towers with Display (VFR),0,10,44,0,54,0,5,68,0,73,0,15,112,0,127,74,0,74,201
04/19/2004,STS,CA,AWP,WE,Towers with Display (VFR),0,11,49,0,60,0,10,34,0,44,0,21,83,0,104,50,0,50,154
04/20/2004,STS,CA,AWP,WE,Towers with Display (VFR),0,8,34,0,42,0,10,82,0,92,0,18,116,0,134,209,0,209,343
04/21/2004,STS,CA,AWP,WE,Towers with Display (VFR),0,9,41,0,50,0,9,116,1,126,0,18,157,1,176,223,0,223,399
04/22/2004,STS,CA,AWP,WE,Towers with Display (VFR),0,6,26,0,32,0,6,210,0,216,0,12,236,0,248,146,0,146,394
04/23/2004,STS,CA,AWP,WE,Towers with Display (VFR),0,6,26,0,32,0,15,210,0,225,0,21,236,0,257,148,0,148,405
04/24/2004,STS,CA,AWP,WE,Towers with Display (VFR),0,0,24,0,24,0,0,270,0,270,0,0,294,0,294,184,0,184,478
04/25/2004,STS,CA,AWP,WE,Towers with Display (VFR),0,4,21,0,25,0,12,266,0,278,0,16,287,0,303,178,0,178,481
04/26/2004,STS,CA,AWP,WE,Towers with Display (VFR),0,6,27,0,33,0,5,213,0,218,0,11,240,0,251,290,0,290,541
04/27/2004,STS,CA,AWP,WE,Towers with Display (VFR),0,4,21,0,25,0,10,192,0,202,0,14,213,0,227,150,0,150,377
04/28/2004,STS,CA,AWP,WE,Towers with Display (VFR),0,5,21,0,26,0,4,192,0,196,0,9,213,0,222,162,0,162,384
04/29/2004,STS,CA,AWP,WE,Towers with Display (VFR),0,6,26,0,32,0,11,204,0,215,0,17,230,0,247,146,0,146,393
04/30/2004,STS,CA,AWP,WE,Towers with Display (VFR),0,7,30,0,37,0,2,183,0,185,0,9,213,0,222,136,0,136,358
05/01/2004,STS,CA,AWP,WE,Towers with Display (VFR),0,4,17,0,21,0,3,249,2,254,0,7,266,2,275,168,0,168,443
05/02/2004,STS,CA,AWP,WE,Towers with Display (VFR),0,4,18,0,22,0,2,281,0,283,0,6,299,0,305,191,0,191,496
05/03/2004,STS,CA,AWP,WE,Towers with Display (VFR),0,4,14,0,18,0,3,195,0,198,0,7,209,0,216,191,0,191,407
05/04/2004,STS,CA,AWP,WE,Towers with Display (VFR),0,6,27,0,33,0,6,176,0,182,0,12,203,0,215,170,0,170,385
05/05/2004,STS,CA,AWP,WE,Towers with Display (VFR),0,8,37,0,45,0,9,150,0,159,0,17,187,0,204,142,0,142,346
05/06/2004,STS,CA,AWP,WE,Towers with Display (VFR),0,7,32,0,39,0,10,221,2,233,0,17,253,2,272,229,0,229,501
05/07/2004,STS,CA,AWP,WE,Towers with Display (VFR),0,14,60,0,74,0,0,120,0,120,0,14,180,0,194,180,0,180,374
05/08/2004,STS,CA,AWP,WE,Towers with Display (VFR),0,6,25,0,31,0,1,204,2,207,0,7,229,2,238,144,0,144,382
05/09/2004,STS,CA,AWP,WE,Towers with Display (VFR),0,7,35,0,42,0,0,225,2,227,0,7,260,2,269,172,0,172,441
05/10/2004,STS,CA,AWP,WE,Towers with Display (VFR),0,7,28,0,35,0,13,172,0,185,0,20,200,0,220,121,0,121,341
05/11/2004,STS,CA,AWP,WE,Towers with Display (VFR),0,5,18,0,23,0,17,159,0,176,0,22,177,0,199,118,0,118,317
05/12/2004,STS,CA,AWP,WE,Towers with Display (VFR),0,6,23,0,29,0,7,220,0,227,0,13,243,0,256,206,0,206,462
05/13/2004,STS,CA,AWP,WE,Towers with Display (VFR),0,8,33,0,41,0,13,208,0,221,0,21,241,0,262,280,0,280,542
05/14/2004,STS,CA,AWP,WE,Towers with Display (VFR),0,4,18,1,23,0,16,236,1,253,0,20,254,2,276,208,0,208,484
05/15/2004,STS,CA,AWP,WE,Towers with Display (VFR),0,4,20,0,24,0,4,245,2,251,0,8,265,2,275,126,0,126,401
05/16/2004,STS,CA,AWP,WE,Towers with Display (VFR),0,3,18,0,21,0,2,275,0,277,0,5,293,0,298,192,0,192,490
05/17/2004,STS,CA,AWP,WE,Towers with Display (VFR),0,4,22,0,26,0,22,178,0,200,0,26,200,0,226,124,0,124,350
05/18/2004,STS,CA,AWP,WE,Towers with Display (VFR),0,7,33,0,40,0,8,188,0,196,0,15,221,0,236,172,0,172,408
05/19/2004,STS,CA,AWP,WE,Towers with Display (VFR),0,6,32,0,38,0,12,240,0,252,0,18,272,0,290,174,0,174,464
05/20/2004,STS,CA,AWP,WE,Towers with Display (VFR),0,8,41,0,49,0,13,207,0,220,0,21,248,0,269,214,0,214,483
05/21/2004,STS,CA,AWP,WE,Towers with Display (VFR),0,11,52,0,63,0,10,178,0,188,0,21,230,0,251,199,0,199,450
05/22/2004,STS,CA,AWP,WE,Towers with Display (VFR),0,6,29,0,35,0,6,179,0,185,0,12,208,0,220,224,0,224,444
05/23/2004,STS,CA,AWP,WE,Towers with Display (VFR),0,9,44,0,53,0,3,256,0,259,0,12,300,0,312,94,0,94,406
05/24/2004,STS,CA,AWP,WE,Towers with Display (VFR),0,4,22,0,26,0,11,187,0,198,0,15,209,0,224,204,0,204,428
05/25/2004,STS,CA,AWP,WE,Towers with Display (VFR),0,9,52,0,61,0,0,152,0,152,0,9,204,0,213,178,0,178,391
05/26/2004,STS,CA,AWP,WE,Towers with Display (VFR),0,10,51,0,61,0,5,140,0,145,0,15,191,0,206,178,0,178,384
05/27/2004,STS,CA,AWP,WE,Towers with Display (VFR),0,11,54,0,65,0,4,127,0,131,0,15,181,0,196,190,0,190,386
05/28/2004,STS,CA,AWP,WE,Towers with Display (VFR),0,10,52,0,62,0,3,143,2,148,0,13,195,2,210,175,0,175,385
05/29/2004,STS,CA,AWP,WE,Towers with Display (VFR),0,3,14,0,17,0,8,224,0,232,0,11,238,0,249,217,0,217,466
05/30/2004,STS,CA,AWP,WE,Towers with Display (VFR),0,3,16,0,19,0,3,242,0,245,0,6,258,0,264,212,0,212,476
05/31/2004,STS,CA,AWP,WE,Towers with Display (VFR),0,3,19,0,22,0,8,253,0,261,0,11,272,0,283,196,0,196,479
06/01/2004,STS,CA,AWP,WE,Towers with Display (VFR),0,6,21,0,27,0,7,162,0,169,0,13,183,0,196,124,0,124,320
06/02/2004,STS,CA,AWP,WE,Towers with Display (VFR),0,6,22,0,28,0,9,202,0,211,0,15,224,0,239,196,0,196,435
06/03/2004,STS,CA,AWP,WE,Towers with Display (VFR),0,19,68,0,87,0,10,228,0,238,0,29,296,0,325,119,0,119,444
06/04/2004,STS,CA,AWP,WE,Towers with Display (VFR),0,12,40,0,52,0,4,204,0,208,0,16,244,0,260,142,0,142,402
06/05/2004,STS,CA,AWP,WE,Towers with Display (VFR),0,6,20,0,26,0,8,205,2,215,0,14,225,2,241,156,0,156,397
06/06/2004,STS,CA,AWP,WE,Towers with Display (VFR),0,17,59,0,76,0,13,228,0,241,0,30,287,0,317,138,0,138,455
06/07/2004,STS,CA,AWP,WE,Towers with Display (VFR),0,6,21,0,27,0,13,119,2,134,0,19,140,2,161,58,0,58,219
06/08/2004,STS,CA,AWP,WE,Towers with Display (VFR),0,5,14,0,19,0,10,159,0,169,0,15,173,0,188,158,0,158,346
06/09/2004,STS,CA,AWP,WE,Towers with Display (VFR),0,8,29,0,37,0,5,161,0,166,0,13,190,0,203,130,18,148,351
06/10/2004,STS,CA,AWP,WE,Towers with Display (VFR),0,12,43,0,55,0,12,196,0,208,0,24,239,0,263,248,0,248,511
06/11/2004,STS,CA,AWP,WE,Towers with Display (VFR),0,9,31,0,40,0,2,255,2,259,0,11,286,2,299,200,0,200,499
06/12/2004,STS,CA,AWP,WE,Towers with Display (VFR),0,2,10,0,12,0,3,378,0,381,0,5,388,0,393,92,0,92,485
06/13/2004,STS,CA,AWP,WE,Towers with Display (VFR),0,4,17,0,21,0,11,274,0,285,0,15,291,0,306,104,0,104,410
06/14/2004,STS,CA,AWP,WE,Towers with Display (VFR),0,4,15,0,19,0,9,222,0,231,0,13,237,0,250,152,0,152,402
06/15/2004,STS,CA,AWP,WE,Towers with Display (VFR),0,8,31,0,39,0,7,236,0,243,0,15,267,0,282,170,0,170,452
06/16/2004,STS,CA,AWP,WE,Towers with Display (VFR),0,4,18,0,22,0,13,185,0,198,0,17,203,0,220,156,0,156,376
06/17/2004,STS,CA,AWP,WE,Towers with Display (VFR),0,10,68,0,78,0,0,124,2,126,0,10,192,2,204,150,0,150,354
06/18/2004,STS,CA,AWP,WE,Towers with Display (VFR),0,13,51,0,64,0,3,145,7,155,0,16,196,7,219,160,0,160,379
06/19/2004,STS,CA,AWP,WE,Towers with Display (VFR),0,13,48,0,61,0,0,217,0,217,0,13,265,0,278,113,0,113,391
06/20/2004,STS,CA,AWP,WE,Towers with Display (VFR),0,8,34,0,42,0,2,229,0,231,0,10,263,0,273,112,0,112,385
06/21/2004,STS,CA,AWP,WE,Towers with Display (VFR),0,5,22,0,27,0,15,168,4,187,0,20,190,4,214,186,0,186,400
06/22/2004,STS,CA,AWP,WE,Towers with Display (VFR),0,5,20,0,25,0,10,225,0,235,0,15,245,0,260,126,0,126,386
06/23/2004,STS,CA,AWP,WE,Towers with Display (VFR),0,9,34,0,43,0,2,180,0,182,0,11,214,0,225,148,0,148,373
06/24/2004,STS,CA,AWP,WE,Towers with Display (VFR),0,8,31,0,39,0,10,160,0,170,0,18,191,0,209,160,0,160,369
06/25/2004,STS,CA,AWP,WE,Towers with Display (VFR),0,9,34,0,43,0,29,210,0,239,0,38,244,0,282,138,0,138,420
06/26/2004,STS,CA,AWP,WE,Towers with Display (VFR),0,8,31,0,39,0,16,244,2,262,0,24,275,2,301,96,0,96,397
06/27/2004,STS,CA,AWP,WE,Towers with Display (VFR),0,2,9,0,11,0,17,272,0,289,0,19,281,0,300,170,0,170,470
06/28/2004,STS,CA,AWP,WE,Towers with Display (VFR),0,6,26,0,32,0,8,190,0,198,0,14,216,0,230,79,0,79,309
06/29/2004,STS,CA,AWP,WE,Towers with Display (VFR),0,15,58,0,73,0,2,142,0,144,0,17,200,0,217,116,0,116,333
06/30/2004,STS,CA,AWP,WE,Towers with Display (VFR),0,9,37,0,46,0,5,116,0,121,0,14,153,0,167,120,0,120,287
07/01/2004,STS,CA,AWP,WE,Towers with Display (VFR),0,9,30,0,39,0,0,199,2,201,0,9,229,2,240,187,0,187,427
07/02/2004,STS,CA,AWP,WE,Towers with Display (VFR),0,6,17,0,23,0,11,261,2,274,0,17,278,2,297,236,0,236,533
07/03/2004,STS,CA,AWP,WE,Towers with Display (VFR),0,4,11,0,15,0,0,276,0,276,0,4,287,0,291,230,0,230,521
07/04/2004,STS,CA,AWP,WE,Towers with Display (VFR),0,6,17,0,23,0,9,197,0,206,0,15,214,0,229,106,0,106,335
07/05/2004,STS,CA,AWP,WE,Towers with Display (VFR),0,6,20,0,26,0,12,304,0,316,0,18,324,0,342,226,0,226,568
07/06/2004,STS,CA,AWP,WE,Towers with Display (VFR),0,8,27,0,35,0,10,146,0,156,0,18,173,0,191,188,0,188,379
07/07/2004,STS,CA,AWP,WE,Towers with Display (VFR),0,12,40,0,52,0,2,142,0,144,0,14,182,0,196,86,0,86,282
07/08/2004,STS,CA,AWP,WE,Towers with Display (VFR),0,15,48,0,63,0,3,131,8,142,0,18,179,8,205,209,0,209,414
07/09/2004,STS,CA,AWP,WE,Towers with Display (VFR),0,14,57,0,71,0,0,124,0,124,0,14,181,0,195,172,0,172,367
07/10/2004,STS,CA,AWP,WE,Towers with Display (VFR),0,10,33,0,43,0,1,219,6,226,0,11,252,6,269,190,0,190,459
07/11/2004,STS,CA,AWP,WE,Towers with Display (VFR),0,5,13,0,18,0,9,313,2,324,0,14,326,2,342,182,0,182,524
07/12/2004,STS,CA,AWP,WE,Towers with Display (VFR),0,6,20,0,26,0,8,240,0,248,0,14,260,0,274,198,0,198,472
07/13/2004,STS,CA,AWP,WE,Towers with Display (VFR),0,11,36,0,47,0,6,186,0,192,0,17,222,0,239,170,0,170,409
07/14/2004,STS,CA,AWP,WE,Towers with Display (VFR),0,10,32,0,42,0,4,191,0,195,0,14,223,0,237,210,0,210,447
07/15/2004,STS,CA,AWP,WE,Towers with Display (VFR),0,23,75,0,98,0,35,213,4,252,0,58,288,4,350,182,0,182,532
07/16/2004,STS,CA,AWP,WE,Towers with Display (VFR),0,8,27,0,35,0,9,257,2,268,0,17,284,2,303,155,0,155,458
07/17/2004,STS,CA,AWP,WE,Towers with Display (VFR),0,9,34,1,44,0,13,316,1,330,0,22,350,2,374,226,0,226,600
07/18/2004,STS,CA,AWP,WE,Towers with Display (VFR),0,16,57,1,74,0,4,271,1,276,0,20,328,2,350,106,0,106,456
07/19/2004,STS,CA,AWP,WE,Towers with Display (VFR),0,6,21,0,27,0,16,142,0,158,0,22,163,0,185,172,0,172,357
07/20/2004,STS,CA,AWP,WE,Towers with Display (VFR),0,8,28,0,36,0,8,157,0,165,0,16,185,0,201,168,0,168,369
07/21/2004,STS,CA,AWP,WE,Towers with Display (VFR),0,13,45,0,58,0,17,208,0,225,0,30,253,0,283,180,0,180,463
07/22/2004,STS,CA,AWP,WE,Towers with Display (VFR),0,23,82,0,105,0,8,195,0,203,0,31,277,0,308,142,0,142,450
07/23/2004,STS,CA,AWP,WE,Towers with Display (VFR),0,14,51,0,65,0,6,217,2,225,0,20,268,2,290,104,0,104,394
07/24/2004,STS,CA,AWP,WE,Towers with Display (VFR),0,13,53,0,66,0,0,161,0,161,0,13,214,0,227,158,0,158,385
07/25/2004,STS,CA,AWP,WE,Towers with Display (VFR),0,21,74,0,95,0,9,183,0,192,0,30,257,0,287,90,0,90,377
07/26/2004,STS,CA,AWP,WE,Towers with Display (VFR),0,11,42,0,53,0,26,211,0,237,0,37,253,0,290,190,0,190,480
07/27/2004,STS,CA,AWP,WE,Towers with Display (VFR),0,10,38,0,48,0,10,201,0,211,0,20,239,0,259,162,0,162,421
07/28/2004,STS,CA,AWP,WE,Towers with Display (VFR),0,12,45,0,57,0,4,151,0,155,0,16,196,0,212,138,0,138,350
07/29/2004,STS,CA,AWP,WE,Towers with Display (VFR),0,18,65,0,83,0,3,185,2,190,0,21,250,2,273,163,0,163,436
07/30/2004,STS,CA,AWP,WE,Towers with Display (VFR),0,14,49,0,63,0,4,184,0,188,0,18,233,0,251,122,0,122,373
07/31/2004,STS,CA,AWP,WE,Towers with Display (VFR),0,9,41,0,50,0,0,156,2,158,0,9,197,2,208,148,0,148,356
08/01/2004,STS,CA,AWP,WE,Towers with Display (VFR),0,16,65,0,81,0,3,186,0,189,0,19,251,0,270,124,0,124,394
08/02/2004,STS,CA,AWP,WE,Towers with Display (VFR),0,9,48,0,57,0,2,79,0,81,0,11,127,0,138,74,0,74,212
08/03/2004,STS,CA,AWP,WE,Towers with Display (VFR),0,9,30,0,39,0,12,144,0,156,0,21,174,0,195,80,0,80,275
08/04/2004,STS,CA,AWP,WE,Towers with Display (VFR),0,4,37,0,41,0,13,150,0,163,0,17,187,0,204,88,0,88,292
08/05/2004,STS,CA,AWP,WE,Towers with Display (VFR),0,2,55,0,57,0,9,257,2,268,0,11,312,2,325,235,0,235,560
08/06/2004,STS,CA,AWP,WE,Towers with Display (VFR),0,3,17,0,20,0,0,272,0,272,0,3,289,0,292,246,0,246,538
08/07/2004,STS,CA,AWP,WE,Towers with Display (VFR),0,2,13,0,15,0,8,261,0,269,0,10,274,0,284,172,0,172,456
08/08/2004,STS,CA,AWP,WE,Towers with Display (VFR),0,9,28,0,37,0,5,259,2,266,0,14,287,2,303,184,0,184,487
08/09/2004,STS,CA,AWP,WE,Towers with Display (VFR),0,1,42,0,43,0,16,176,0,192,0,17,218,0,235,156,0,156,391
08/10/2004,STS,CA,AWP,WE,Towers with Display (VFR),0,5,31,0,36,0,18,198,0,216,0,23,229,0,252,174,0,174,426
08/11/2004,STS,CA,AWP,WE,Towers with Display (VFR),0,5,39,0,44,0,20,147,0,167,0,25,186,0,211,176,0,176,387
08/12/2004,STS,CA,AWP,WE,Towers with Display (VFR),0,4,50,0,54,0,10,181,0,191,0,14,231,0,245,184,0,184,429
08/13/2004,STS,CA,AWP,WE,Towers with Display (VFR),0,5,41,0,46,0,5,221,4,230,0,10,262,4,276,168,0,168,444
08/14/2004,STS,CA,AWP,WE,Towers with Display (VFR),0,2,62,0,64,0,7,140,2,149,0,9,202,2,213,70,0,70,283
08/15/2004,STS,CA,AWP,WE,Towers with Display (VFR),0,0,24,0,24,0,9,231,0,240,0,9,255,0,264,170,0,170,434
08/16/2004,STS,CA,AWP,WE,Towers with Display (VFR),0,10,22,0,32,0,11,205,6,222,0,21,227,6,254,198,0,198,452
08/17/2004,STS,CA,AWP,WE,Towers with Display (VFR),0,6,25,0,31,0,15,194,0,209,0,21,219,0,240,166,0,166,406
08/18/2004,STS,CA,AWP,WE,Towers with Display (VFR),0,9,19,0,28,0,12,243,0,255,0,21,262,0,283,160,0,160,443
08/19/2004,STS,CA,AWP,WE,Towers with Display (VFR),0,11,43,0,54,0,20,188,0,208,0,31,231,0,262,224,0,224,486
08/20/2004,STS,CA,AWP,WE,Towers with Display (VFR),0,14,45,0,59,0,4,248,5,257,0,18,293,5,316,104,0,104,420
08/21/2004,STS,CA,AWP,WE,Towers with Display (VFR),0,0,27,0,27,0,2,75,0,77,0,2,102,0,104,18,0,18,122
08/22/2004,STS,CA,AWP,WE,Towers with Display (VFR),0,10,27,0,37,0,4,89,10,103,0,14,116,10,140,38,0,38,178
08/23/2004,STS,CA,AWP,WE,Towers with Display (VFR),0,15,37,0,52,0,11,150,0,161,0,26,187,0,213,124,0,124,337
08/24/2004,STS,CA,AWP,WE,Towers with Display (VFR),0,9,25,0,34,0,11,131,0,142,0,20,156,0,176,142,0,142,318
08/25/2004,STS,CA,AWP,WE,Towers with Display (VFR),0,0,23,0,23,0,12,175,0,187,0,12,198,0,210,154,0,154,364
08/26/2004,STS,CA,AWP,WE,Towers with Display (VFR),0,4,32,0,36,0,30,237,0,267,0,34,269,0,303,248,0,248,551
08/27/2004,STS,CA,AWP,WE,Towers with Display (VFR),0,3,30,0,33,0,13,246,0,259,0,16,276,0,292,209,0,209,501
08/28/2004,STS,CA,AWP,WE,Towers with Display (VFR),0,3,11,0,14,0,25,244,2,271,0,28,255,2,285,234,0,234,519
08/29/2004,STS,CA,AWP,WE,Towers with Display (VFR),0,4,26,0,30,0,25,235,0,260,0,29,261,0,290,159,0,159,449
08/30/2004,STS,CA,AWP,WE,Towers with Display (VFR),0,2,43,0,45,0,10,185,0,195,0,12,228,0,240,194,0,194,434
08/31/2004,STS,CA,AWP,WE,Towers with Display (VFR),0,1,29,0,30,0,8,131,0,139,0,9,160,0,169,92,0,92,261
09/01/2004,STS,CA,AWP,WE,Towers with Display (VFR),0,9,33,0,42,0,3,174,0,177,0,12,207,0,219,146,0,146,365
09/02/2004,STS,CA,AWP,WE,Towers with Display (VFR),0,10,37,0,47,0,8,211,2,221,0,18,248,2,268,200,0,200,468
09/03/2004,STS,CA,AWP,WE,Towers with Display (VFR),0,6,21,0,27,0,18,244,0,262,0,24,265,0,289,228,0,228,517
09/04/2004,STS,CA,AWP,WE,Towers with Display (VFR),0,3,10,0,13,0,11,325,0,336,0,14,335,0,349,174,0,174,523
09/05/2004,STS,CA,AWP,WE,Towers with Display (VFR),0,2,6,0,8,0,8,344,0,352,0,10,350,0,360,74,0,74,434
09/06/2004,STS,CA,AWP,WE,Towers with Display (VFR),0,5,16,0,21,0,12,300,0,312,0,17,316,0,333,104,0,104,437
09/07/2004,STS,CA,AWP,WE,Towers with Display (VFR),0,4,12,0,16,0,12,256,0,268,0,16,268,0,284,170,0,170,454
09/08/2004,STS,CA,AWP,WE,Towers with Display (VFR),0,6,22,0,28,0,10,215,0,225,0,16,237,0,253,162,0,162,415
09/09/2004,STS,CA,AWP,WE,Towers with Display (VFR),0,7,25,0,32,0,7,221,0,228,0,14,246,0,260,156,0,156,416
09/10/2004,STS,CA,AWP,WE,Towers with Display (VFR),0,3,9,0,12,0,11,260,1,272,0,14,269,1,284,230,0,230,514
09/11/2004,STS,CA,AWP,WE,Towers with Display (VFR),0,5,15,0,20,0,6,254,0,260,0,11,269,0,280,168,0,168,448
09/12/2004,STS,CA,AWP,WE,Towers with Display (VFR),0,5,15,0,20,0,1,234,1,236,0,6,249,1,256,152,0,152,408
09/13/2004,STS,CA,AWP,WE,Towers with Display (VFR),0,6,20,0,26,0,10,189,0,199,0,16,209,0,225,164,0,164,389
09/14/2004,STS,CA,AWP,WE,Towers with Display (VFR),0,5,15,0,20,0,12,228,0,240,0,17,243,0,260,132,0,132,392
09/15/2004,STS,CA,AWP,WE,Towers with Display (VFR),0,6,26,0,32,0,16,205,0,221,0,22,231,0,253,182,0,182,435
09/16/2004,STS,CA,AWP,WE,Towers with Display (VFR),0,8,33,1,42,0,7,193,3,203,0,15,226,4,245,112,0,112,357
09/17/2004,STS,CA,AWP,WE,Towers with Display (VFR),0,8,34,0,42,0,9,159,0,168,0,17,193,0,210,162,0,162,372
09/18/2004,STS,CA,AWP,WE,Towers with Display (VFR),0,5,23,0,28,0,11,181,0,192,0,16,204,0,220,152,0,152,372
09/19/2004,STS,CA,AWP,WE,Towers with Display (VFR),0,11,44,0,55,0,5,189,4,198,0,16,233,4,253,168,0,168,421
09/20/2004,STS,CA,AWP,WE,Towers with Display (VFR),0,7,31,0,38,0,20,188,0,208,0,27,219,0,246,160,0,160,406
09/21/2004,STS,CA,AWP,WE,Towers with Display (VFR),0,2,11,0,13,0,23,233,0,256,0,25,244,0,269,166,0,166,435
09/22/2004,STS,CA,AWP,WE,Towers with Display (VFR),0,7,30,0,37,0,8,221,0,229,0,15,251,0,266,134,0,134,400
09/23/2004,STS,CA,AWP,WE,Towers with Display (VFR),0,7,27,0,34,0,10,229,0,239,0,17,256,0,273,140,0,140,413
09/24/2004,STS,CA,AWP,WE,Towers with Display (VFR),0,7,31,0,38,0,4,223,1,228,0,11,254,1,266,144,0,144,410
09/25/2004,STS,CA,AWP,WE,Towers with Display (VFR),0,6,23,0,29,0,2,231,0,233,0,8,254,0,262,139,0,139,401
09/26/2004,STS,CA,AWP,WE,Towers with Display (VFR),0,4,16,0,20,0,2,287,0,289,0,6,303,0,309,167,0,167,476
09/27/2004,STS,CA,AWP,WE,Towers with Display (VFR),0,5,19,0,24,0,9,206,0,215,0,14,225,0,239,218,0,218,457
09/28/2004,STS,CA,AWP,WE,Towers with Display (VFR),0,15,60,0,75,0,0,108,0,108,0,15,168,0,183,166,0,166,349
09/29/2004,STS,CA,AWP,WE,Towers with Display (VFR),0,17,67,0,84,0,8,104,0,112,0,25,171,0,196,98,0,98,294
09/30/2004,STS,CA,AWP,WE,Towers with Display (VFR),0,16,62,0,78,0,2,156,1,159,0,18,218,1,237,82,0,82,319
10/01/2004,STS,CA,AWP,WE,Towers with Display (VFR),0,6,52,0,58,0,2,163,38,203,0,8,215,38,261,160,0,160,421
10/02/2004,STS,CA,AWP,WE,Towers with Display (VFR),0,10,29,0,39,0,0,221,0,221,0,10,250,0,260,209,0,209,469
10/03/2004,STS,CA,AWP,WE,Towers with Display (VFR),0,12,38,0,50,0,5,167,2,174,0,17,205,2,224,190,0,190,414
10/04/2004,STS,CA,AWP,WE,Towers with Display (VFR),0,11,52,0,63,0,3,133,0,136,0,14,185,0,199,116,0,116,315
10/05/2004,STS,CA,AWP,WE,Towers with Display (VFR),0,10,47,0,57,0,14,166,0,180,0,24,213,0,237,141,0,141,378
10/06/2004,STS,CA,AWP,WE,Towers with Display (VFR),0,10,27,0,37,0,6,217,0,223,0,16,244,0,260,247,0,247,507
10/07/2004,STS,CA,AWP,WE,Towers with Display (VFR),0,2,32,0,34,0,9,217,0,226,0,11,249,0,260,180,0,180,440
10/08/2004,STS,CA,AWP,WE,Towers with Display (VFR),0,4,36,0,40,0,10,163,2,175,0,14,199,2,215,150,0,150,365
10/09/2004,STS,CA,AWP,WE,Towers with Display (VFR),0,4,21,0,25,0,4,150,1,155,0,8,171,1,180,94,0,94,274
10/10/2004,STS,CA,AWP,WE,Towers with Display (VFR),0,9,19,0,28,0,2,228,0,230,0,11,247,0,258,86,0,86,344
10/11/2004,STS,CA,AWP,WE,Towers with Display (VFR),0,2,26,0,28,0,18,188,0,206,0,20,214,0,234,130,0,130,364
10/12/2004,STS,CA,AWP,WE,Towers with Display (VFR),0,9,30,0,39,0,17,307,0,324,0,26,337,0,363,96,0,96,459
10/13/2004,STS,CA,AWP,WE,Towers with Display (VFR),0,3,35,0,38,0,11,280,0,291,0,14,315,0,329,154,0,154,483
10/14/2004,STS,CA,AWP,WE,Towers with Display (VFR),0,5,24,0,29,0,9,191,0,200,0,14,215,0,229,110,0,110,339
10/15/2004,STS,CA,AWP,WE,Towers with Display (VFR),0,11,25,0,36,0,1,181,0,182,0,12,206,0,218,135,0,135,353
10/16/2004,STS,CA,AWP,WE,Towers with Display (VFR),0,4,63,4,71,0,4,61,0,65,0,8,124,4,136,100,0,100,236
10/17/2004,STS,CA,AWP,WE,Towers with Display (VFR),0,4,49,0,53,0,0,12,2,14,0,4,61,2,67,0,0,0,67
10/18/2004,STS,CA,AWP,WE,Towers with Display (VFR),0,7,46,0,53,0,3,96,2,101,0,10,142,2,154,130,0,130,284
10/19/2004,STS,CA,AWP,WE,Towers with Display (VFR),0,9,30,0,39,0,0,24,0,24,0,9,54,0,63,38,0,38,101
10/20/2004,STS,CA,AWP,WE,Towers with Display (VFR),0,4,28,0,32,0,5,145,0,150,0,9,173,0,182,170,0,170,352
10/21/2004,STS,CA,AWP,WE,Towers with Display (VFR),0,1,22,0,23,0,12,244,0,256,0,13,266,0,279,166,0,166,445
10/22/2004,STS,CA,AWP,WE,Towers with Display (VFR),0,3,32,0,35,0,9,120,1,130,0,12,152,1,165,152,0,152,317
10/23/2004,STS,CA,AWP,WE,Towers with Display (VFR),0,11,35,0,46,0,2,26,0,28,0,13,61,0,74,24,0,24,98
10/24/2004,STS,CA,AWP,WE,Towers with Display (VFR),0,9,49,0,58,0,3,187,2,192,0,12,236,2,250,203,0,203,453
10/25/2004,STS,CA,AWP,WE,Towers with Display (VFR),0,10,31,0,41,0,7,166,0,173,0,17,197,0,214,184,0,184,398
10/26/2004,STS,CA,AWP,WE,Towers with Display (VFR),0,5,22,0,27,0,16,112,0,128,0,21,134,0,155,150,0,150,305
10/27/2004,STS,CA,AWP,WE,Towers with Display (VFR),0,5,34,0,39,0,14,160,0,174,0,19,194,0,213,190,0,190,403
10/28/2004,STS,CA,AWP,WE,Towers with Display (VFR),0,12,38,0,50,0,17,170,0,187,0,29,208,0,237,136,0,136,373
10/29/2004,STS,CA,AWP,WE,Towers with Display (VFR),0,3,25,0,28,0,11,219,0,230,0,14,244,0,258,188,0,188,446
10/30/2004,STS,CA,AWP,WE,Towers with Display (VFR),0,4,27,0,31,0,10,277,0,287,0,14,304,0,318,142,0,142,460
10/31/2004,STS,CA,AWP,WE,Towers with Display (VFR),0,5,34,0,39,0,14,263,0,277,0,19,297,0,316,167,0,167,483
11/01/2004,STS,CA,AWP,WE,Towers with Radar,0,2,18,0,20,0,18,170,0,188,0,20,188,0,208,132,0,132,340
11/02/2004,STS,CA,AWP,WE,Towers with Radar,0,6,39,0,45,0,11,170,0,181,0,17,209,0,226,90,0,90,316
11/03/2004,STS,CA,AWP,WE,Towers with Radar,0,5,23,4,32,0,9,76,0,85,0,14,99,4,117,62,0,62,179
11/04/2004,STS,CA,AWP,WE,Towers with Radar,0,10,27,0,37,0,13,167,0,180,0,23,194,0,217,158,0,158,375
11/05/2004,STS,CA,AWP,WE,Towers with Radar,0,5,24,0,29,0,10,239,0,249,0,15,263,0,278,173,0,173,451
11/06/2004,STS,CA,AWP,WE,Towers with Radar,0,5,31,0,36,0,4,254,0,258,0,9,285,0,294,94,0,94,388
11/07/2004,STS,CA,AWP,WE,Towers with Radar,0,4,53,0,57,0,2,17,0,19,0,6,70,0,76,4,0,4,80
11/08/2004,STS,CA,AWP,WE,Towers with Radar,0,13,58,0,71,0,5,48,0,53,0,18,106,0,124,91,0,91,215
11/09/2004,STS,CA,AWP,WE,Towers with Radar,0,7,47,0,54,0,8,124,0,132,0,15,171,0,186,96,0,96,282
11/10/2004,STS,CA,AWP,WE,Towers with Radar,0,12,72,0,84,0,3,27,0,30,0,15,99,0,114,22,0,22,136
11/11/2004,STS,CA,AWP,WE,Towers with Radar,0,7,53,0,60,0,0,42,0,42,0,7,95,0,102,8,0,8,110
11/12/2004,STS,CA,AWP,WE,Towers with Radar,0,4,21,0,25,0,7,207,0,214,0,11,228,0,239,201,0,201,440
11/13/2004,STS,CA,AWP,WE,Towers with Radar,0,6,21,0,27,0,6,256,0,262,0,12,277,0,289,210,0,210,499
11/14/2004,STS,CA,AWP,WE,Towers with Radar,0,6,24,0,30,0,8,234,0,242,0,14,258,0,272,170,0,170,442
11/15/2004,STS,CA,AWP,WE,Towers with Radar,0,7,24,0,31,0,8,171,0,179,0,15,195,0,210,106,0,106,316
11/16/2004,STS,CA,AWP,WE,Towers with Radar,0,5,31,0,36,0,8,128,0,136,0,13,159,0,172,144,0,144,316
11/17/2004,STS,CA,AWP,WE,Towers with Radar,0,4,18,0,22,0,10,165,2,177,0,14,183,2,199,176,0,176,375
11/18/2004,STS,CA,AWP,WE,Towers with Radar,0,3,36,0,39,0,5,80,0,85,0,8,116,0,124,92,0,92,216
11/19/2004,STS,CA,AWP,WE,Towers with Radar,0,5,35,0,40,0,1,214,0,215,0,6,249,0,255,163,0,163,418
11/20/2004,STS,CA,AWP,WE,Towers with Radar,0,0,10,0,10,0,1,248,0,249,0,1,258,0,259,114,0,114,373
11/21/2004,STS,CA,AWP,WE,Towers with Radar,0,5,14,0,19,0,2,98,0,100,0,7,112,0,119,66,0,66,185
11/22/2004,STS,CA,AWP,WE,Towers with Radar,0,3,18,0,21,0,11,210,0,221,0,14,228,0,242,212,0,212,454
11/23/2004,STS,CA,AWP,WE,Towers with Radar,0,13,32,2,47,0,4,189,0,193,0,17,221,2,240,114,0,114,354
11/24/2004,STS,CA,AWP,WE,Towers with Radar,0,14,39,0,53,0,11,258,0,269,0,25,297,0,322,164,0,164,486
11/25/2004,STS,CA,AWP,WE,Towers with Radar,0,6,20,0,26,0,4,7,0,11,0,10,27,0,37,23,0,23,60
11/26/2004,STS,CA,AWP,WE,Towers with Radar,0,12,43,0,55,0,0,41,0,41,0,12,84,0,96,40,0,40,136
11/27/2004,STS,CA,AWP,WE,Towers with Radar,0,4,24,0,28,0,7,130,0,137,0,11,154,0,165,135,0,135,300
11/28/2004,STS,CA,AWP,WE,Towers with Radar,0,14,26,0,40,0,2,232,0,234,0,16,258,0,274,154,0,154,428
11/29/2004,STS,CA,AWP,WE,Towers with Radar,0,6,15,0,21,0,10,165,0,175,0,16,180,0,196,134,0,134,330
11/30/2004,STS,CA,AWP,WE,Towers with Radar,0,4,46,0,50,0,15,149,0,164,0,19,195,0,214,154,0,154,368
12/01/2004,STS,CA,AWP,WE,Towers with Radar,0,3,19,0,22,0,13,114,0,127,0,16,133,0,149,86,0,86,235
12/02/2004,STS,CA,AWP,WE,Towers with Radar,0,7,29,0,36,0,18,165,2,185,0,25,194,2,221,116,0,116,337
12/03/2004,STS,CA,AWP,WE,Towers with Radar,0,2,22,0,24,0,9,198,0,207,0,11,220,0,231,137,0,137,368
12/04/2004,STS,CA,AWP,WE,Towers with Radar,0,5,29,0,34,0,2,135,0,137,0,7,164,0,171,170,0,170,341
12/05/2004,STS,CA,AWP,WE,Towers with Radar,0,7,37,0,44,0,4,170,0,174,0,11,207,0,218,142,0,142,360
12/06/2004,STS,CA,AWP,WE,Towers with Radar,0,9,25,0,34,0,2,21,0,23,0,11,46,0,57,30,0,30,87
12/07/2004,STS,CA,AWP,WE,Towers with Radar,0,13,35,0,48,0,5,66,0,71,0,18,101,0,119,176,0,176,295
12/08/2004,STS,CA,AWP,WE,Towers with Radar,0,20,36,0,56,0,1,5,0,6,0,21,41,0,62,0,0,0,62
12/09/2004,STS,CA,AWP,WE,Towers with Radar,0,11,34,0,45,0,3,52,0,55,0,14,86,0,100,116,0,116,216
12/10/2004,STS,CA,AWP,WE,Towers with Radar,0,10,35,0,45,0,0,87,0,87,0,10,122,0,132,81,0,81,213
12/11/2004,STS,CA,AWP,WE,Towers with Radar,0,4,45,0,49,0,0,2,0,2,0,4,47,0,51,0,0,0,51
12/12/2004,STS,CA,AWP,WE,Towers with Radar,0,12,34,0,46,0,5,33,0,38,0,17,67,0,84,30,0,30,114
12/13/2004,STS,CA,AWP,WE,Towers with Radar,0,14,54,0,68,0,2,46,0,48,0,16,100,0,116,98,0,98,214
12/14/2004,STS,CA,AWP,WE,Towers with Radar,0,13,46,0,59,0,5,50,0,55,0,18,96,0,114,45,0,45,159
12/15/2004,STS,CA,AWP,WE,Towers with Radar,0,5,19,0,24,0,6,157,0,163,0,11,176,0,187,214,0,214,401
12/16/2004,STS,CA,AWP,WE,Towers with Radar,0,10,32,0,42,0,5,152,0,157,0,15,184,0,199,138,0,138,337
12/17/2004,STS,CA,AWP,WE,Towers with Radar,0,7,28,0,35,0,1,146,0,147,0,8,174,0,182,189,0,189,371
12/18/2004,STS,CA,AWP,WE,Towers with Radar,0,5,17,0,22,0,4,256,0,260,0,9,273,0,282,210,0,210,492
12/19/2004,STS,CA,AWP,WE,Towers with Radar,0,4,28,0,32,0,2,155,0,157,0,6,183,0,189,128,0,128,317
12/20/2004,STS,CA,AWP,WE,Towers with Radar,0,3,7,0,10,0,0,9,0,9,0,3,16,0,19,0,0,0,19
12/21/2004,STS,CA,AWP,WE,Towers with Radar,0,5,30,0,35,0,15,198,0,213,0,20,228,0,248,156,0,156,404
12/22/2004,STS,CA,AWP,WE,Towers with Radar,0,2,25,0,27,0,13,179,0,192,0,15,204,0,219,142,0,142,361
12/23/2004,STS,CA,AWP,WE,Towers with Radar,0,6,10,0,16,0,12,154,0,166,0,18,164,0,182,131,0,131,313
12/24/2004,STS,CA,AWP,WE,Towers with Radar,0,3,11,0,14,0,3,143,0,146,0,6,154,0,160,80,0,80,240
12/25/2004,STS,CA,AWP,WE,Towers with Radar,0,1,10,0,11,0,1,24,0,25,0,2,34,0,36,24,0,24,60
12/26/2004,STS,CA,AWP,WE,Towers with Radar,0,13,24,0,37,0,0,0,0,0,0,13,24,0,37,0,0,0,37
12/27/2004,STS,CA,AWP,WE,Towers with Radar,0,15,20,0,35,0,0,3,0,3,0,15,23,0,38,0,0,0,38
12/28/2004,STS,CA,AWP,WE,Towers with Radar,0,14,28,0,42,0,2,29,0,31,0,16,57,0,73,34,0,34,107
12/29/2004,STS,CA,AWP,WE,Towers with Radar,0,6,27,0,33,0,9,62,0,71,0,15,89,0,104,50,0,50,154
12/30/2004,STS,CA,AWP,WE,Towers with Radar,0,10,17,0,27,0,4,84,0,88,0,14,101,0,115,102,0,102,217
12/31/2004,STS,CA,AWP,WE,Towers with Radar,0,2,24,0,26,0,0,4,0,4,0,2,28,0,30,0,0,0,30
01/01/2005,STS,CA,AWP,WE,Towers with Radar,0,1,14,0,15,0,1,37,0,38,0,2,51,0,53,24,0,24,77
01/02/2005,STS,CA,AWP,WE,Towers with Radar,0,9,17,0,26,0,3,44,0,47,0,12,61,0,73,67,0,67,140
01/03/2005,STS,CA,AWP,WE,Towers with Radar,0,10,25,0,35,0,8,98,0,106,0,18,123,0,141,76,0,76,217
01/04/2005,STS,CA,AWP,WE,Towers with Radar,0,18,24,0,42,0,4,80,0,84,0,22,104,0,126,50,0,50,176
01/05/2005,STS,CA,AWP,WE,Towers with Radar,0,16,31,0,47,0,3,44,0,47,0,19,75,0,94,4,0,4,98
01/06/2005,STS,CA,AWP,WE,Towers with Radar,0,5,24,0,29,0,11,131,0,142,0,16,155,0,171,98,0,98,269
01/07/2005,STS,CA,AWP,WE,Towers with Radar,0,8,12,0,20,0,2,6,0,8,0,10,18,0,28,18,0,18,46
01/08/2005,STS,CA,AWP,WE,Towers with Radar,0,1,14,0,15,0,6,40,0,46,0,7,54,0,61,72,0,72,133
01/09/2005,STS,CA,AWP,WE,Towers with Radar,0,0,19,0,19,0,15,135,0,150,0,15,154,0,169,163,0,163,332
01/10/2005,STS,CA,AWP,WE,Towers with Radar,0,13,35,0,48,0,0,79,2,81,0,13,114,2,129,68,0,68,197
01/11/2005,STS,CA,AWP,WE,Towers with Radar,0,6,46,0,52,0,6,136,0,142,0,12,182,0,194,114,0,114,308
01/12/2005,STS,CA,AWP,WE,Towers with Radar,0,2,44,0,46,0,8,265,0,273,0,10,309,0,319,210,0,210,529
01/13/2005,STS,CA,AWP,WE,Towers with Radar,0,5,51,0,56,0,5,107,0,112,0,10,158,0,168,72,0,72,240
01/14/2005,STS,CA,AWP,WE,Towers with Radar,0,3,26,0,29,0,5,123,0,128,0,8,149,0,157,99,0,99,256
01/15/2005,STS,CA,AWP,WE,Towers with Radar,0,1,17,0,18,0,3,90,0,93,0,4,107,0,111,46,0,46,157
01/16/2005,STS,CA,AWP,WE,Towers with Radar,0,0,33,0,33,0,3,195,0,198,0,3,228,0,231,192,0,192,423
01/17/2005,STS,CA,AWP,WE,Towers with Radar,0,0,20,0,20,0,11,126,2,139,0,11,146,2,159,112,0,112,271
01/18/2005,STS,CA,AWP,WE,Towers with Radar,0,4,47,0,51,0,6,21,0,27,0,10,68,0,78,4,0,4,82
01/19/2005,STS,CA,AWP,WE,Towers with Radar,0,4,34,0,38,0,7,91,0,98,0,11,125,0,136,30,0,30,166
01/20/2005,STS,CA,AWP,WE,Towers with Radar,0,5,20,0,25,0,3,190,0,193,0,8,210,0,218,166,0,166,384
01/21/2005,STS,CA,AWP,WE,Towers with Radar,0,8,29,0,37,0,3,72,0,75,0,11,101,0,112,57,0,57,169
01/22/2005,STS,CA,AWP,WE,Towers with Radar,0,6,25,0,31,0,8,95,0,103,0,14,120,0,134,96,0,96,230
01/23/2005,STS,CA,AWP,WE,Towers with Radar,0,8,40,0,48,0,0,146,0,146,0,8,186,0,194,142,0,142,336
01/24/2005,STS,CA,AWP,WE,Towers with Radar,0,10,37,0,47,0,2,91,0,93,0,12,128,0,140,82,0,82,222
01/25/2005,STS,CA,AWP,WE,Towers with Radar,0,9,48,0,57,0,0,0,0,0,0,9,48,0,57,0,0,0,57
01/26/2005,STS,CA,AWP,WE,Towers with Radar,0,6,34,0,40,0,6,59,0,65,0,12,93,0,105,52,0,52,157
01/27/2005,STS,CA,AWP,WE,Towers with Radar,0,8,40,0,48,0,7,82,0,89,0,15,122,0,137,84,0,84,221
01/28/2005,STS,CA,AWP,WE,Towers with Radar,0,2,24,0,26,0,5,51,0,56,0,7,75,0,82,114,0,114,196
01/29/2005,STS,CA,AWP,WE,Towers with Radar,0,3,29,0,32,0,6,316,0,322,0,9,345,0,354,252,0,252,606
01/30/2005,STS,CA,AWP,WE,Towers with Radar,0,6,31,0,37,0,4,303,0,307,0,10,334,0,344,244,0,244,588
01/31/2005,STS,CA,AWP,WE,Towers with Radar,0,6,32,0,38,0,2,245,0,247,0,8,277,0,285,150,0,150,435
02/01/2005,STS,CA,AWP,WE,Towers with Radar,0,7,18,0,25,0,9,247,0,256,0,16,265,0,281,224,0,224,505
02/02/2005,STS,CA,AWP,WE,Towers with Radar,0,4,40,0,44,0,9,219,0,228,0,13,259,0,272,222,0,222,494
02/03/2005,STS,CA,AWP,WE,Towers with Radar,0,8,17,0,25,0,7,167,0,174,0,15,184,0,199,178,0,178,377
02/04/2005,STS,CA,AWP,WE,Towers with Radar,0,1,47,0,48,0,9,179,0,188,0,10,226,0,236,158,0,158,394
02/05/2005,STS,CA,AWP,WE,Towers with Radar,0,2,12,0,14,0,0,226,1,227,0,2,238,1,241,163,0,163,404
02/06/2005,STS,CA,AWP,WE,Towers with Radar,0,6,15,0,21,0,0,154,0,154,0,6,169,0,175,102,0,102,277
02/07/2005,STS,CA,AWP,WE,Towers with Radar,0,10,32,0,42,0,5,104,0,109,0,15,136,0,151,110,0,110,261
02/08/2005,STS,CA,AWP,WE,Towers with Radar,0,8,25,0,33,0,4,119,0,123,0,12,144,0,156,81,0,81,237
02/09/2005,STS,CA,AWP,WE,Towers with Radar,0,4,18,0,22,0,8,218,0,226,0,12,236,0,248,124,0,124,372
02/10/2005,STS,CA,AWP,WE,Towers with Radar,0,5,26,0,31,0,10,249,2,261,0,15,275,2,292,195,0,195,487
02/11/2005,STS,CA,AWP,WE,Towers with Radar,0,10,27,0,37,0,7,242,0,249,0,17,269,0,286,184,0,184,470
02/12/2005,STS,CA,AWP,WE,Towers with Radar,0,2,30,0,32,0,7,217,0,224,0,9,247,0,256,207,0,207,463
02/13/2005,STS,CA,AWP,WE,Towers with Radar,0,3,50,0,53,0,3,49,0,52,0,6,99,0,105,52,0,52,157
02/14/2005,STS,CA,AWP,WE,Towers with Radar,0,10,36,0,46,0,5,20,0,25,0,15,56,0,71,28,0,28,99
02/15/2005,STS,CA,AWP,WE,Towers with Radar,0,11,46,2,59,0,4,23,0,27,0,15,69,2,86,24,0,24,110
02/16/2005,STS,CA,AWP,WE,Towers with Radar,0,11,49,0,60,0,5,68,0,73,0,16,117,0,133,124,0,124,257
02/17/2005,STS,CA,AWP,WE,Towers with Radar,0,7,24,0,31,0,9,113,0,122,0,16,137,0,153,144,0,144,297
02/18/2005,STS,CA,AWP,WE,Towers with Radar,0,12,31,0,43,0,8,52,0,60,0,20,83,0,103,42,0,42,145
02/19/2005,STS,CA,AWP,WE,Towers with Radar,0,2,19,0,21,0,9,59,0,68,0,11,78,0,89,88,0,88,177
02/20/2005,STS,CA,AWP,WE,Towers with Radar,0,2,22,0,24,0,5,82,0,87,0,7,104,0,111,74,0,74,185
02/21/2005,STS,CA,AWP,WE,Towers with Radar,0,6,22,0,28,0,4,84,0,88,0,10,106,0,116,78,0,78,194
02/22/2005,STS,CA,AWP,WE,Towers with Radar,0,1,25,0,26,0,8,158,0,166,0,9,183,0,192,196,0,196,388
02/23/2005,STS,CA,AWP,WE,Towers with Radar,0,9,31,4,44,0,7,189,0,196,0,16,220,4,240,100,0,100,340
02/24/2005,STS,CA,AWP,WE,Towers with Radar,0,19,61,0,80,0,12,86,0,98,0,31,147,0,178,167,0,167,345
02/25/2005,STS,CA,AWP,WE,Towers with Radar,0,16,47,0,63,0,2,75,0,77,0,18,122,0,140,68,0,68,208
02/26/2005,STS,CA,AWP,WE,Towers with Radar,0,11,29,0,40,0,1,133,0,134,0,12,162,0,174,114,0,114,288
02/27/2005,STS,CA,AWP,WE,Towers with Radar,0,12,40,0,52,0,0,39,0,39,0,12,79,0,91,18,0,18,109
02/28/2005,STS,CA,AWP,WE,Towers with Radar,0,7,33,0,40,0,5,81,0,86,0,12,114,0,126,112,0,112,238
03/01/2005,STS,CA,AWP,WE,Towers with Radar,0,11,28,0,39,0,8,122,0,130,0,19,150,0,169,96,0,96,265
03/02/2005,STS,CA,AWP,WE,Towers with Radar,0,7,24,0,31,0,6,143,0,149,0,13,167,0,180,208,0,208,388
03/03/2005,STS,CA,AWP,WE,Towers with Radar,0,7,38,0,45,0,7,123,0,130,0,14,161,0,175,57,0,57,232
03/04/2005,STS,CA,AWP,WE,Towers with Radar,0,6,25,0,31,0,6,48,0,54,0,12,73,0,85,44,0,44,129
03/05/2005,STS,CA,AWP,WE,Towers with Radar,0,1,23,0,24,0,2,287,0,289,0,3,310,0,313,160,0,160,473
03/06/2005,STS,CA,AWP,WE,Towers with Radar,0,8,12,0,20,0,1,268,0,269,0,9,280,0,289,136,0,136,425
03/07/2005,STS,CA,AWP,WE,Towers with Radar,0,10,31,1,42,0,13,144,0,157,0,23,175,1,199,182,0,182,381
03/08/2005,STS,CA,AWP,WE,Towers with Radar,0,8,28,0,36,0,9,172,0,181,0,17,200,0,217,122,0,122,339
03/09/2005,STS,CA,AWP,WE,Towers with Radar,0,5,43,0,48,0,12,155,0,167,0,17,198,0,215,136,0,136,351
03/10/2005,STS,CA,AWP,WE,Towers with Radar,0,3,23,0,26,0,15,191,0,206,0,18,214,0,232,146,0,146,378
03/11/2005,STS,CA,AWP,WE,Towers with Radar,0,5,28,0,33,0,2,209,0,211,0,7,237,0,244,226,0,226,470
03/12/2005,STS,CA,AWP,WE,Towers with Radar,0,11,37,2,50,0,0,120,0,120,0,11,157,2,170,126,0,126,296
03/13/2005,STS,CA,AWP,WE,Towers with Radar,0,5,24,0,29,0,0,152,0,152,0,5,176,0,181,116,0,116,297
03/14/2005,STS,CA,AWP,WE,Towers with Radar,0,3,18,0,21,0,5,139,0,144,0,8,157,0,165,162,17,179,344
03/15/2005,STS,CA,AWP,WE,Towers with Radar,0,5,17,0,22,0,11,226,0,237,0,16,243,0,259,168,0,168,427
03/16/2005,STS,CA,AWP,WE,Towers with Radar,0,11,33,0,44,0,8,149,0,157,0,19,182,0,201,106,0,106,307
03/17/2005,STS,CA,AWP,WE,Towers with Radar,0,5,39,0,44,0,7,122,0,129,0,12,161,0,173,126,0,126,299
03/18/2005,STS,CA,AWP,WE,Towers with Radar,0,9,50,0,59,0,0,22,0,22,0,9,72,0,81,35,0,35,116
03/19/2005,STS,CA,AWP,WE,Towers with Radar,0,9,21,0,30,0,0,20,0,20,0,9,41,0,50,24,0,24,74
03/20/2005,STS,CA,AWP,WE,Towers with Radar,0,14,17,0,31,0,0,32,0,32,0,14,49,0,63,94,0,94,157
03/21/2005,STS,CA,AWP,WE,Towers with Radar,0,15,23,0,38,0,2,32,0,34,0,17,55,0,72,70,0,70,142
03/22/2005,STS,CA,AWP,WE,Towers with Radar,0,14,29,0,43,0,1,36,0,37,0,15,65,0,80,90,0,90,170
03/23/2005,STS,CA,AWP,WE,Towers with Radar,0,15,28,0,43,0,4,107,0,111,0,19,135,0,154,182,0,182,336
03/24/2005,STS,CA,AWP,WE,Towers with Radar,0,4,28,0,32,0,3,210,0,213,0,7,238,0,245,152,4,156,401
03/25/2005,STS,CA,AWP,WE,Towers with Radar,0,2,27,0,29,0,6,214,0,220,0,8,241,0,249,62,0,62,311
03/26/2005,STS,CA,AWP,WE,Towers with Radar,0,4,22,4,30,0,5,268,0,273,0,9,290,4,303,160,0,160,463
03/27/2005,STS,CA,AWP,WE,Towers with Radar,0,4,21,0,25,0,0,65,0,65,0,4,86,0,90,46,0,46,136
03/28/2005,STS,CA,AWP,WE,Towers with Radar,0,8,23,0,31,0,9,147,2,158,0,17,170,2,189,136,0,136,325
03/29/2005,STS,CA,AWP,WE,Towers with Radar,0,5,30,0,35,0,10,109,2,121,0,15,139,2,156,110,0,110,266
03/30/2005,STS,CA,AWP,WE,Towers with Radar,0,5,25,0,30,0,11,253,0,264,0,16,278,0,294,150,0,150,444
03/31/2005,STS,CA,AWP,WE,Towers with Radar,0,6,16,1,23,0,14,193,0,207,0,20,209,1,230,100,0,100,330
04/01/2005,STS,CA,AWP,WE,Towers with Radar,0,6,21,0,27,0,10,209,1,220,0,16,230,1,247,166,0,166,413
04/02/2005,STS,CA,AWP,WE,Towers with Radar,0,4,13,0,17,0,6,187,0,193,0,10,200,0,210,174,0,174,384
04/03/2005,STS,CA,AWP,WE,Towers with Radar,0,8,41,0,49,0,8,32,0,40,0,16,73,0,89,87,0,87,176
04/04/2005,STS,CA,AWP,WE,Towers with Radar,0,6,24,0,30,0,9,183,0,192,0,15,207,0,222,106,0,106,328
04/05/2005,STS,CA,AWP,WE,Towers with Radar,0,6,27,0,33,0,11,264,0,275,0,17,291,0,308,208,0,208,516
04/06/2005,STS,CA,AWP,WE,Towers with Radar,0,5,20,0,25,0,5,135,0,140,0,10,155,0,165,140,0,140,305
04/07/2005,STS,CA,AWP,WE,Towers with Radar,0,9,33,0,42,0,5,64,0,69,0,14,97,0,111,50,0,50,161
04/08/2005,STS,CA,AWP,WE,Towers with Radar,0,5,11,0,16,0,1,16,0,17,0,6,27,0,33,6,16,22,55
04/09/2005,STS,CA,AWP,WE,Towers with Radar,0,3,22,0,25,0,4,237,0,241,0,7,259,0,266,124,0,124,390
04/10/2005,STS,CA,AWP,WE,Towers with Radar,0,6,18,0,24,0,5,265,0,270,0,11,283,0,294,192,0,192,486
04/11/2005,STS,CA,AWP,WE,Towers with Radar,0,4,26,0,30,0,11,199,4,214,0,15,225,4,244,162,0,162,406
04/12/2005,STS,CA,AWP,WE,Towers with Radar,0,8,18,0,26,0,8,185,0,193,0,16,203,0,219,148,0,148,367
04/13/2005,STS,CA,AWP,WE,Towers with Radar,0,5,15,0,20,0,6,143,0,149,0,11,158,0,169,154,0,154,323
04/14/2005,STS,CA,AWP,WE,Towers with Radar,0,4,18,0,22,0,6,181,0,187,0,10,199,0,209,170,0,170,379
04/15/2005,STS,CA,AWP,WE,Towers with Radar,0,9,25,0,34,0,0,254,0,254,0,9,279,0,288,250,0,250,538
04/16/2005,STS,CA,AWP,WE,Towers with Radar,0,8,15,0,23,0,6,289,0,295,0,14,304,0,318,224,0,224,542
04/17/2005,STS,CA,AWP,WE,Towers with Radar,0,7,16,0,23,0,5,230,0,235,0,12,246,0,258,132,0,132,390
04/18/2005,STS,CA,AWP,WE,Towers with Radar,0,7,11,0,18,0,9,188,0,197,0,16,199,0,215,192,0,192,407
04/19/2005,STS,CA,AWP,WE,Towers with Radar,0,8,29,0,37,0,9,202,0,211,0,17,231,0,248,216,0,216,464
04/20/2005,STS,CA,AWP,WE,Towers with Radar,0,3,25,0,28,0,6,176,0,182,0,9,201,0,210,176,0,176,386
04/21/2005,STS,CA,AWP,WE,Towers with Radar,0,9,36,1,46,0,5,154,1,160,0,14,190,2,206,168,0,168,374
04/22/2005,STS,CA,AWP,WE,Towers with Radar,0,8,27,0,35,0,10,202,0,212,0,18,229,0,247,131,0,131,378
04/23/2005,STS,CA,AWP,WE,Towers with Radar,0,5,20,0,25,0,2,60,0,62,0,7,80,0,87,112,0,112,199
04/24/2005,STS,CA,AWP,WE,Towers with Radar,0,5,46,0,51,0,2,94,0,96,0,7,140,0,147,90,0,90,237
04/25/2005,STS,CA,AWP,WE,Towers with Radar,0,7,35,0,42,0,7,130,0,137,0,14,165,0,179,60,0,60,239
04/26/2005,STS,CA,AWP,WE,Towers with Radar,0,7,26,2,35,0,0,159,0,159,0,7,185,2,194,118,6,124,318
04/27/2005,STS,CA,AWP,WE,Towers with Radar,0,6,27,0,33,0,7,86,0,93,0,13,113,0,126,112,0,112,238
04/28/2005,STS,CA,AWP,WE,Towers with Radar,0,8,24,0,32,0,5,117,0,122,0,13,141,0,154,202,0,202,356
04/29/2005,STS,CA,AWP,WE,Towers with Radar,0,4,37,0,41,0,6,166,0,172,0,10,203,0,213,110,0,110,323
04/30/2005,STS,CA,AWP,WE,Towers with Radar,0,5,31,0,36,0,1,189,0,190,0,6,220,0,226,156,0,156,382
05/01/2005,STS,CA,AWP,WE,Towers with Radar,0,10,14,0,24,0,5,244,0,249,0,15,258,0,273,164,0,164,437
05/02/2005,STS,CA,AWP,WE,Towers with Radar,0,5,21,0,26,0,9,202,0,211,0,14,223,0,237,166,0,166,403
05/03/2005,STS,CA,AWP,WE,Towers with Radar,0,8,24,0,32,0,8,217,0,225,0,16,241,0,257,170,0,170,427
05/04/2005,STS,CA,AWP,WE,Towers with Radar,0,12,51,0,63,0,0,26,0,26,0,12,77,0,89,10,0,10,99
05/05/2005,STS,CA,AWP,WE,Towers with Radar,0,11,57,0,68,0,0,80,0,80,0,11,137,0,148,64,0,64,212
05/06/2005,STS,CA,AWP,WE,Towers with Radar,0,7,56,0,63,0,7,83,0,90,0,14,139,0,153,134,0,134,287
05/07/2005,STS,CA,AWP,WE,Towers with Radar,0,2,26,0,28,0,9,180,0,189,0,11,206,0,217,154,0,154,371
05/08/2005,STS,CA,AWP,WE,Towers with Radar,0,8,49,0,57,0,0,1,0,1,0,8,50,0,58,0,0,0,58
05/09/2005,STS,CA,AWP,WE,Towers with Radar,0,7,23,1,31,0,4,137,1,142,0,11,160,2,173,122,0,122,295
05/10/2005,STS,CA,AWP,WE,Towers with Radar,0,9,29,0,38,0,7,191,0,198,0,16,220,0,236,271,0,271,507
05/11/2005,STS,CA,AWP,WE,Towers with Radar,0,10,24,0,34,0,5,205,0,210,0,15,229,0,244,234,0,234,478
05/12/2005,STS,CA,AWP,WE,Towers with Radar,0,3,12,0,15,0,3,215,0,218,0,6,227,0,233,197,0,197,430
05/13/2005,STS,CA,AWP,WE,Towers with Radar,0,11,26,0,37,0,5,214,0,219,0,16,240,0,256,146,0,146,402
05/14/2005,STS,CA,AWP,WE,Towers with Radar,0,7,24,0,31,0,0,296,0,296,0,7,320,0,327,174,0,174,501
05/15/2005,STS,CA,AWP,WE,Towers with Radar,0,6,35,0,41,0,1,119,0,120,0,7,154,0,161,82,0,82,243
05/16/2005,STS,CA,AWP,WE,Towers with Radar,0,6,22,0,28,0,14,197,0,211,0,20,219,0,239,192,0,192,431
05/17/2005,STS,CA,AWP,WE,Towers with Radar,0,3,50,5,58,0,7,110,0,117,0,10,160,5,175,170,0,170,345
05/18/2005,STS,CA,AWP,WE,Towers with Radar,0,17,40,0,57,0,0,3,0,3,0,17,43,0,60,0,0,0,60
05/19/2005,STS,CA,AWP,WE,Towers with Radar,0,8,61,0,69,0,9,75,0,84,0,17,136,0,153,46,0,46,199
05/20/2005,STS,CA,AWP,WE,Towers with Radar,0,6,21,0,27,0,14,240,0,254,0,20,261,0,281,152,0,152,433
05/21/2005,STS,CA,AWP,WE,Towers with Radar,0,3,31,0,34,0,5,258,2,265,0,8,289,2,299,209,0,209,508
05/22/2005,STS,CA,AWP,WE,Towers with Radar,0,2,22,0,24,0,1,195,0,196,0,3,217,0,220,102,0,102,322
05/23/2005,STS,CA,AWP,WE,Towers with Radar,0,6,19,4,29,0,5,232,0,237,0,11,251,4,266,118,0,118,384
05/24/2005,STS,CA,AWP,WE,Towers with Radar,0,4,20,0,24,0,8,174,0,182,0,12,194,0,206,143,0,143,349
05/25/2005,STS,CA,AWP,WE,Towers with Radar,0,8,24,0,32,0,8,163,0,171,0,16,187,0,203,210,0,210,413
05/26/2005,STS,CA,AWP,WE,Towers with Radar,0,17,47,0,64,0,1,130,0,131,0,18,177,0,195,88,0,88,283
05/27/2005,STS,CA,AWP,WE,Towers with Radar,0,11,36,0,47,0,2,144,0,146,0,13,180,0,193,112,0,112,305
05/28/2005,STS,CA,AWP,WE,Towers with Radar,0,3,23,0,26,0,1,167,0,168,0,4,190,0,194,154,0,154,348
05/29/2005,STS,CA,AWP,WE,Towers with Radar,0,1,13,0,14,0,6,157,0,163,0,7,170,0,177,156,0,156,333
05/30/2005,STS,CA,AWP,WE,Towers with Radar,0,6,22,0,28,0,3,196,0,199,0,9,218,0,227,94,0,94,321
05/31/2005,STS,CA,AWP,WE,Towers with Radar,0,4,29,0,33,0,9,197,4,210,0,13,226,4,243,174,0,174,417
06/01/2005,STS,CA,AWP,WE,Towers with Radar,0,5,26,0,31,0,10,188,0,198,0,15,214,0,229,258,0,258,487
06/02/2005,STS,CA,AWP,WE,Towers with Radar,0,19,47,0,66,0,7,192,0,199,0,26,239,0,265,114,0,114,379
06/03/2005,STS,CA,AWP,WE,Towers with Radar,0,12,31,0,43,0,1,138,0,139,0,13,169,0,182,128,0,128,310
06/04/2005,STS,CA,AWP,WE,Towers with Radar,0,10,18,0,28,0,5,178,0,183,0,15,196,0,211,222,0,222,433
06/05/2005,STS,CA,AWP,WE,Towers with Radar,0,35,38,0,73,0,0,155,0,155,0,35,193,0,228,178,0,178,406
06/06/2005,STS,CA,AWP,WE,Towers with Radar,0,3,18,0,21,0,18,148,0,166,0,21,166,0,187,108,0,108,295
06/07/2005,STS,CA,AWP,WE,Towers with Radar,0,2,21,0,23,0,12,196,5,213,0,14,217,5,236,202,5,207,443
06/08/2005,STS,CA,AWP,WE,Towers with Radar,0,14,54,0,68,0,3,8,0,11,0,17,62,0,79,14,0,14,93
06/09/2005,STS,CA,AWP,WE,Towers with Radar,0,10,50,0,60,0,17,114,0,131,0,27,164,0,191,104,0,104,295
06/10/2005,STS,CA,AWP,WE,Towers with Radar,0,7,31,0,38,0,5,154,0,159,0,12,185,0,197,198,0,198,395
06/11/2005,STS,CA,AWP,WE,Towers with Radar,0,2,22,0,24,0,1,255,0,256,0,3,277,0,280,150,0,150,430
06/12/2005,STS,CA,AWP,WE,Towers with Radar,0,6,34,0,40,0,0,193,0,193,0,6,227,0,233,176,0,176,409
06/13/2005,STS,CA,AWP,WE,Towers with Radar,0,2,22,0,24,0,10,199,2,211,0,12,221,2,235,128,0,128,363
06/14/2005,STS,CA,AWP,WE,Towers with Radar,0,2,14,0,16,0,15,202,0,217,0,17,216,0,233,174,0,174,407
06/15/2005,STS,CA,AWP,WE,Towers with Radar,0,0,25,0,25,0,14,177,0,191,0,14,202,0,216,236,0,236,452
06/16/2005,STS,CA,AWP,WE,Towers with Radar,0,11,66,2,79,0,10,25,0,35,0,21,91,2,114,82,0,82,196
06/17/2005,STS,CA,AWP,WE,Towers with Radar,0,6,44,0,50,0,7,47,0,54,0,13,91,0,104,60,0,60,164
06/18/2005,STS,CA,AWP,WE,Towers with Radar,0,9,38,0,47,0,0,95,0,95,0,9,133,0,142,136,0,136,278
06/19/2005,STS,CA,AWP,WE,Towers with Radar,0,6,16,0,22,0,1,138,0,139,0,7,154,0,161,128,0,128,289
06/20/2005,STS,CA,AWP,WE,Towers with Radar,0,5,30,0,35,0,13,163,0,176,0,18,193,0,211,174,0,174,385
06/21/2005,STS,CA,AWP,WE,Towers with Radar,0,3,21,0,24,0,7,192,0,199,0,10,213,0,223,162,0,162,385
06/22/2005,STS,CA,AWP,WE,Towers with Radar,0,6,28,0,34,0,12,207,0,219,0,18,235,0,253,166,0,166,419
06/23/2005,STS,CA,AWP,WE,Towers with Radar,0,3,30,0,33,0,5,159,0,164,0,8,189,0,197,134,0,134,331
06/24/2005,STS,CA,AWP,WE,Towers with Radar,0,12,47,0,59,0,8,149,0,157,0,20,196,0,216,130,0,130,346
06/25/2005,STS,CA,AWP,WE,Towers with Radar,0,6,52,0,58,0,4,110,0,114,0,10,162,0,172,188,0,188,360
06/26/2005,STS,CA,AWP,WE,Towers with Radar,0,4,47,0,51,0,1,138,0,139,0,5,185,0,190,48,0,48,238
06/27/2005,STS,CA,AWP,WE,Towers with Radar,0,9,41,0,50,0,5,112,0,117,0,14,153,0,167,80,0,80,247
06/28/2005,STS,CA,AWP,WE,Towers with Radar,0,5,39,0,44,0,2,143,0,145,0,7,182,0,189,62,0,62,251
06/29/2005,STS,CA,AWP,WE,Towers with Radar,0,2,25,0,27,0,10,131,0,141,0,12,156,0,168,142,0,142,310
06/30/2005,STS,CA,AWP,WE,Towers with Radar,0,8,20,0,28,0,9,158,0,167,0,17,178,0,195,52,0,52,247
07/01/2005,STS,CA,AWP,WE,Towers with Radar,0,3,37,0,40,0,6,184,2,192,0,9,221,2,232,87,0,87,319
07/02/2005,STS,CA,AWP,WE,Towers with Radar,0,3,22,0,25,0,3,160,2,165,0,6,182,2,190,172,0,172,362
07/03/2005,STS,CA,AWP,WE,Towers with Radar,0,2,6,0,8,0,1,183,0,184,0,3,189,0,192,100,0,100,292
07/04/2005,STS,CA,AWP,WE,Towers with Radar,0,4,11,0,15,0,0,123,5,128,0,4,134,5,143,48,0,48,191
07/05/2005,STS,CA,AWP,WE,Towers with Radar,0,9,23,0,32,0,11,162,4,177,0,20,185,4,209,102,0,102,311
07/06/2005,STS,CA,AWP,WE,Towers with Radar,0,4,21,0,25,0,16,163,0,179,0,20,184,0,204,182,0,182,386
07/07/2005,STS,CA,AWP,WE,Towers with Radar,0,3,28,0,31,0,3,206,0,209,0,6,234,0,240,244,0,244,484
07/08/2005,STS,CA,AWP,WE,Towers with Radar,0,6,15,0,21,0,5,186,0,191,0,11,201,0,212,110,0,110,322
07/09/2005,STS,CA,AWP,WE,Towers with Radar,0,4,25,0,29,0,3,193,0,196,0,7,218,0,225,162,0,162,387
07/10/2005,STS,CA,AWP,WE,Towers with Radar,0,5,23,0,28,0,5,235,10,250,0,10,258,10,278,172,0,172,450
07/11/2005,STS,CA,AWP,WE,Towers with Radar,0,4,10,0,14,0,14,178,5,197,0,18,188,5,211,130,0,130,341
07/12/2005,STS,CA,AWP,WE,Towers with Radar,0,6,18,0,24,0,3,166,4,173,0,9,184,4,197,146,0,146,343
07/13/2005,STS,CA,AWP,WE,Towers with Radar,0,5,18,0,23,0,12,228,1,241,0,17,246,1,264,172,0,172,436
07/14/2005,STS,CA,AWP,WE,Towers with Radar,0,28,47,0,75,0,14,231,0,245,0,42,278,0,320,154,0,154,474
07/15/2005,STS,CA,AWP,WE,Towers with Radar,0,16,32,0,48,0,7,222,0,229,0,23,254,0,277,106,0,106,383
07/16/2005,STS,CA,AWP,WE,Towers with Radar,0,7,20,0,27,0,0,224,0,224,0,7,244,0,251,201,0,201,452
07/17/2005,STS,CA,AWP,WE,Towers with Radar,0,32,54,0,86,0,1,185,2,188,0,33,239,2,274,86,0,86,360
07/18/2005,STS,CA,AWP,WE,Towers with Radar,0,8,40,0,48,0,2,135,0,137,0,10,175,0,185,122,0,122,307
07/19/2005,STS,CA,AWP,WE,Towers with Radar,0,6,41,0,47,0,6,128,1,135,0,12,169,1,182,116,0,116,298
07/20/2005,STS,CA,AWP,WE,Towers with Radar,0,11,42,0,53,0,3,174,3,180,0,14,216,3,233,156,0,156,389
07/21/2005,STS,CA,AWP,WE,Towers with Radar,0,26,73,0,99,0,18,131,0,149,0,44,204,0,248,82,0,82,330
07/22/2005,STS,CA,AWP,WE,Towers with Radar,0,16,41,0,57,0,9,221,0,230,0,25,262,0,287,138,0,138,425
07/23/2005,STS,CA,AWP,WE,Towers with Radar,0,18,16,0,34,0,6,233,2,241,0,24,249,2,275,151,0,151,426
07/24/2005,STS,CA,AWP,WE,Towers with Radar,0,44,63,0,107,0,2,172,2,176,0,46,235,2,283,52,0,52,335
07/25/2005,STS,CA,AWP,WE,Towers with Radar,0,14,28,0,42,0,7,166,10,183,0,21,194,10,225,161,0,161,386
07/26/2005,STS,CA,AWP,WE,Towers with Radar,0,4,12,0,16,0,3,135,3,141,0,7,147,3,157,98,0,98,255
07/27/2005,STS,CA,AWP,WE,Towers with Radar,0,8,28,0,36,0,5,159,0,164,0,13,187,0,200,104,0,104,304
07/28/2005,STS,CA,AWP,WE,Towers with Radar,0,15,64,0,79,0,11,137,0,148,0,26,201,0,227,76,0,76,303
07/29/2005,STS,CA,AWP,WE,Towers with Radar,0,14,39,0,53,0,11,171,0,182,0,25,210,0,235,116,0,116,351
07/30/2005,STS,CA,AWP,WE,Towers with Radar,0,17,31,0,48,0,0,166,0,166,0,17,197,0,214,144,0,144,358
07/31/2005,STS,CA,AWP,WE,Towers with Radar,0,25,39,0,64,0,4,190,0,194,0,29,229,0,258,122,0,122,380
08/01/2005,STS,CA,AWP,WE,Towers with Radar,0,7,24,0,31,0,3,155,2,160,0,10,179,2,191,116,0,116,307
08/02/2005,STS,CA,AWP,WE,Towers with Radar,0,6,27,0,33,0,6,161,4,171,0,12,188,4,204,145,0,145,349
08/03/2005,STS,CA,AWP,WE,Towers with Radar,0,17,32,3,52,0,6,185,1,192,0,23,217,4,244,166,0,166,410
08/04/2005,STS,CA,AWP,WE,Towers with Radar,0,3,26,0,29,0,11,142,0,153,0,14,168,0,182,134,0,134,316
08/05/2005,STS,CA,AWP,WE,Towers with Radar,0,4,18,0,22,0,4,163,0,167,0,8,181,0,189,100,0,100,289
08/06/2005,STS,CA,AWP,WE,Towers with Radar,0,8,18,0,26,0,5,196,0,201,0,13,214,0,227,191,0,191,418
08/07/2005,STS,CA,AWP,WE,Towers with Radar,0,10,8,0,18,0,5,213,2,220,0,15,221,2,238,160,0,160,398
08/08/2005,STS,CA,AWP,WE,Towers with Radar,0,1,20,0,21,0,14,207,2,223,0,15,227,2,244,184,0,184,428
08/09/2005,STS,CA,AWP,WE,Towers with Radar,0,2,34,0,36,0,23,228,0,251,0,25,262,0,287,164,0,164,451
08/10/2005,STS,CA,AWP,WE,Towers with Radar,0,6,31,2,39,0,10,169,0,179,0,16,200,2,218,124,0,124,342
08/11/2005,STS,CA,AWP,WE,Towers with Radar,0,2,22,0,24,0,12,147,0,159,0,14,169,0,183,134,0,134,317
08/12/2005,STS,CA,AWP,WE,Towers with Radar,0,2,18,0,20,0,2,166,0,168,0,4,184,0,188,144,0,144,332
08/13/2005,STS,CA,AWP,WE,Towers with Radar,0,1,27,0,28,0,2,108,0,110,0,3,135,0,138,170,0,170,308
08/14/2005,STS,CA,AWP,WE,Towers with Radar,0,4,35,0,39,0,0,146,0,146,0,4,181,0,185,114,0,114,299
08/15/2005,STS,CA,AWP,WE,Towers with Radar,0,10,25,0,35,0,0,161,0,161,0,10,186,0,196,144,0,144,340
08/16/2005,STS,CA,AWP,WE,Towers with Radar,0,7,18,0,25,0,14,218,2,234,0,21,236,2,259,152,0,152,411
08/17/2005,STS,CA,AWP,WE,Towers with Radar,0,8,31,0,39,0,12,126,0,138,0,20,157,0,177,96,0,96,273
08/18/2005,STS,CA,AWP,WE,Towers with Radar,0,9,53,2,64,0,5,124,1,130,0,14,177,3,194,84,0,84,278
08/19/2005,STS,CA,AWP,WE,Towers with Radar,0,10,36,2,48,0,1,178,2,181,0,11,214,4,229,46,0,46,275
08/20/2005,STS,CA,AWP,WE,Towers with Radar,0,7,18,0,25,0,0,90,0,90,0,7,108,0,115,40,0,40,155
08/21/2005,STS,CA,AWP,WE,Towers with Radar,0,11,21,0,32,0,2,115,4,121,0,13,136,4,153,45,0,45,198
08/22/2005,STS,CA,AWP,WE,Towers with Radar,0,1,17,3,21,0,13,178,3,194,0,14,195,6,215,150,0,150,365
08/23/2005,STS,CA,AWP,WE,Towers with Radar,0,0,23,0,23,0,14,181,0,195,0,14,204,0,218,142,0,142,360
08/24/2005,STS,CA,AWP,WE,Towers with Radar,0,5,26,0,31,0,6,177,0,183,0,11,203,0,214,226,0,226,440
08/25/2005,STS,CA,AWP,WE,Towers with Radar,0,7,23,0,30,0,2,168,0,170,0,9,191,0,200,170,0,170,370
08/26/2005,STS,CA,AWP,WE,Towers with Radar,0,13,30,0,43,0,6,179,0,185,0,19,209,0,228,131,0,131,359
08/27/2005,STS,CA,AWP,WE,Towers with Radar,0,6,18,0,24,0,1,169,2,172,0,7,187,2,196,137,0,137,333
08/28/2005,STS,CA,AWP,WE,Towers with Radar,0,15,27,0,42,0,2,165,0,167,0,17,192,0,209,186,0,186,395
08/29/2005,STS,CA,AWP,WE,Towers with Radar,0,4,21,0,25,0,7,177,4,188,0,11,198,4,213,170,0,170,383
08/30/2005,STS,CA,AWP,WE,Towers with Radar,0,5,18,0,23,0,13,216,2,231,0,18,234,2,254,186,0,186,440
08/31/2005,STS,CA,AWP,WE,Towers with Radar,0,12,20,0,32,0,11,290,4,305,0,23,310,4,337,220,0,220,557
09/01/2005,STS,CA,AWP,WE,Towers with Radar,0,9,20,0,29,0,8,160,0,168,0,17,180,0,197,154,0,154,351
09/02/2005,STS,CA,AWP,WE,Towers with Radar,0,3,37,0,40,0,9,113,0,122,0,12,150,0,162,72,0,72,234
09/03/2005,STS,CA,AWP,WE,Towers with Radar,0,4,24,0,28,0,2,224,0,226,0,6,248,0,254,104,0,104,358
09/04/2005,STS,CA,AWP,WE,Towers with Radar,0,1,21,0,22,0,3,161,0,164,0,4,182,0,186,82,0,82,268
09/05/2005,STS,CA,AWP,WE,Towers with Radar,0,6,16,0,22,0,5,204,0,209,0,11,220,0,231,220,0,220,451
09/06/2005,STS,CA,AWP,WE,Towers with Radar,0,9,17,1,27,0,8,173,3,184,0,17,190,4,211,151,0,151,362
09/07/2005,STS,CA,AWP,WE,Towers with Radar,0,10,38,0,48,0,2,103,0,105,0,12,141,0,153,152,0,152,305
09/08/2005,STS,CA,AWP,WE,Towers with Radar,0,4,38,1,43,0,7,90,1,98,0,11,128,2,141,100,0,100,241
09/09/2005,STS,CA,AWP,WE,Towers with Radar,0,11,53,0,64,0,3,80,0,83,0,14,133,0,147,141,0,141,288
09/10/2005,STS,CA,AWP,WE,Towers with Radar,0,4,12,0,16,0,0,179,0,179,0,4,191,0,195,160,0,160,355
09/11/2005,STS,CA,AWP,WE,Towers with Radar,0,1,23,0,24,0,13,209,2,224,0,14,232,2,248,140,0,140,388
09/12/2005,STS,CA,AWP,WE,Towers with Radar,0,5,25,0,30,0,5,126,0,131,0,10,151,0,161,116,0,116,277
09/13/2005,STS,CA,AWP,WE,Towers with Radar,0,3,24,0,27,0,11,138,0,149,0,14,162,0,176,89,0,89,265
09/14/2005,STS,CA,AWP,WE,Towers with Radar,0,17,31,0,48,0,0,91,0,91,0,17,122,0,139,98,0,98,237
09/15/2005,STS,CA,AWP,WE,Towers with Radar,0,7,45,0,52,0,4,116,0,120,0,11,161,0,172,88,0,88,260
09/16/2005,STS,CA,AWP,WE,Towers with Radar,0,8,31,0,39,0,4,184,0,188,0,12,215,0,227,178,0,178,405
09/17/2005,STS,CA,AWP,WE,Towers with Radar,0,5,24,0,29,0,11,173,0,184,0,16,197,0,213,112,0,112,325
09/18/2005,STS,CA,AWP,WE,Towers with Radar,0,5,19,0,24,0,2,210,2,214,0,7,229,2,238,78,0,78,316
09/19/2005,STS,CA,AWP,WE,Towers with Radar,0,3,19,0,22,0,9,162,0,171,0,12,181,0,193,148,0,148,341
09/20/2005,STS,CA,AWP,WE,Towers with Radar,0,1,28,0,29,0,4,149,0,153,0,5,177,0,182,156,0,156,338
09/21/2005,STS,CA,AWP,WE,Towers with Radar,0,8,32,0,40,0,8,133,0,141,0,16,165,0,181,140,0,140,321
09/22/2005,STS,CA,AWP,WE,Towers with Radar,0,5,32,0,37,0,5,116,6,127,0,10,148,6,164,110,0,110,274
09/23/2005,STS,CA,AWP,WE,Towers with Radar,0,9,40,0,49,0,3,148,0,151,0,12,188,0,200,142,0,142,342
09/24/2005,STS,CA,AWP,WE,Towers with Radar,0,1,11,0,12,0,10,217,4,231,0,11,228,4,243,100,0,100,343
09/25/2005,STS,CA,AWP,WE,Towers with Radar,0,3,16,0,19,0,1,190,0,191,0,4,206,0,210,152,0,152,362
09/26/2005,STS,CA,AWP,WE,Towers with Radar,0,10,10,0,20,0,10,188,0,198,0,20,198,0,218,158,0,158,376
09/27/2005,STS,CA,AWP,WE,Towers with Radar,0,8,29,0,37,0,10,192,0,202,0,18,221,0,239,212,0,212,451
09/28/2005,STS,CA,AWP,WE,Towers with Radar,0,6,19,0,25,0,6,241,0,247,0,12,260,0,272,200,0,200,472
09/29/2005,STS,CA,AWP,WE,Towers with Radar,0,7,13,0,20,0,6,186,0,192,0,13,199,0,212,263,0,263,475
09/30/2005,STS,CA,AWP,WE,Towers with Radar,0,3,20,0,23,0,10,189,0,199,0,13,209,0,222,230,0,230,452
10/01/2005,STS,CA,AWP,WE,Towers with Radar,0,5,19,0,24,0,3,157,0,160,0,8,176,0,184,168,0,168,352
10/02/2005,STS,CA,AWP,WE,Towers with Radar,0,6,29,0,35,0,12,124,33,169,0,18,153,33,204,172,0,172,376
10/03/2005,STS,CA,AWP,WE,Towers with Radar,0,4,22,0,26,0,9,132,37,178,0,13,154,37,204,174,0,174,378
10/04/2005,STS,CA,AWP,WE,Towers with Radar,0,3,12,0,15,0,3,135,11,149,0,6,147,11,164,108,0,108,272
10/05/2005,STS,CA,AWP,WE,Towers with Radar,0,3,24,0,27,0,12,208,0,220,0,15,232,0,247,206,0,206,453
10/06/2005,STS,CA,AWP,WE,Towers with Radar,0,5,21,0,26,0,6,196,0,202,0,11,217,0,228,216,0,216,444
10/07/2005,STS,CA,AWP,WE,Towers with Radar,0,4,16,0,20,0,4,177,0,181,0,8,193,0,201,192,0,192,393
10/08/2005,STS,CA,AWP,WE,Towers with Radar,0,3,23,0,26,0,1,163,0,164,0,4,186,0,190,202,0,202,392
10/09/2005,STS,CA,AWP,WE,Towers with Radar,0,6,17,0,23,0,9,195,0,204,0,15,212,0,227,220,0,220,447
10/10/2005,STS,CA,AWP,WE,Towers with Radar,0,2,18,0,20,0,6,163,0,169,0,8,181,0,189,118,0,118,307
10/11/2005,STS,CA,AWP,WE,Towers with Radar,0,4,28,0,32,0,18,212,0,230,0,22,240,0,262,178,0,178,440
10/12/2005,STS,CA,AWP,WE,Towers with Radar,0,15,19,0,34,0,16,182,0,198,0,31,201,0,232,170,0,170,402
10/13/2005,STS,CA,AWP,WE,Towers with Radar,0,7,12,0,19,0,13,172,0,185,0,20,184,0,204,78,0,78,282
10/14/2005,STS,CA,AWP,WE,Towers with Radar,0,5,33,1,39,0,5,166,1,172,0,10,199,2,211,245,0,245,456
10/15/2005,STS,CA,AWP,WE,Towers with Radar,0,6,43,0,49,0,4,149,0,153,0,10,192,0,202,98,0,98,300
10/16/2005,STS,CA,AWP,WE,Towers with Radar,0,4,23,0,27,0,8,190,0,198,0,12,213,0,225,158,0,158,383
10/17/2005,STS,CA,AWP,WE,Towers with Radar,0,0,15,0,15,0,10,196,0,206,0,10,211,0,221,98,0,98,319
10/18/2005,STS,CA,AWP,WE,Towers with Radar,0,6,43,0,49,0,0,87,0,87,0,6,130,0,136,144,0,144,280
10/19/2005,STS,CA,AWP,WE,Towers with Radar,0,2,37,2,41,0,5,106,0,111,0,7,143,2,152,148,0,148,300
10/20/2005,STS,CA,AWP,WE,Towers with Radar,0,2,21,0,23,0,9,157,0,166,0,11,178,0,189,100,0,100,289
10/21/2005,STS,CA,AWP,WE,Towers with Radar,0,2,26,0,28,0,2,124,0,126,0,4,150,0,154,154,0,154,308
10/22/2005,STS,CA,AWP,WE,Towers with Radar,0,4,50,1,55,0,0,139,1,140,0,4,189,2,195,138,0,138,333
10/23/2005,STS,CA,AWP,WE,Towers with Radar,0,2,18,0,20,0,4,182,0,186,0,6,200,0,206,120,0,120,326
10/24/2005,STS,CA,AWP,WE,Towers with Radar,0,9,26,0,35,0,1,58,0,59,0,10,84,0,94,75,0,75,169
10/25/2005,STS,CA,AWP,WE,Towers with Radar,0,1,26,0,27,0,5,104,0,109,0,6,130,0,136,83,0,83,219
10/26/2005,STS,CA,AWP,WE,Towers with Radar,0,10,57,0,67,0,6,69,0,75,0,16,126,0,142,64,0,64,206
10/27/2005,STS,CA,AWP,WE,Towers with Radar,0,2,32,0,34,0,12,146,0,158,0,14,178,0,192,130,0,130,322
10/28/2005,STS,CA,AWP,WE,Towers with Radar,0,14,64,0,78,0,0,0,0,0,0,14,64,0,78,0,0,0,78
10/29/2005,STS,CA,AWP,WE,Towers with Radar,0,1,25,0,26,0,2,163,1,166,0,3,188,1,192,110,0,110,302
10/30/2005,STS,CA,AWP,WE,Towers with Radar,0,7,17,0,24,0,3,279,2,284,0,10,296,2,308,150,0,150,458
10/31/2005,STS,CA,AWP,WE,Towers with Radar,0,4,15,1,20,0,2,227,7,236,0,6,242,8,256,132,0,132,388
11/01/2005,STS,CA,AWP,WE,Towers with Radar,0,2,16,0,18,0,12,134,0,146,0,14,150,0,164,193,0,193,357
11/02/2005,STS,CA,AWP,WE,Towers with Radar,0,6,19,1,26,0,13,102,1,116,0,19,121,2,142,96,0,96,238
11/03/2005,STS,CA,AWP,WE,Towers with Radar,0,10,35,0,45,0,5,26,0,31,0,15,61,0,76,51,0,51,127
11/04/2005,STS,CA,AWP,WE,Towers with Radar,0,5,34,0,39,0,4,103,0,107,0,9,137,0,146,162,0,162,308
11/05/2005,STS,CA,AWP,WE,Towers with Radar,0,3,24,0,27,0,9,167,0,176,0,12,191,0,203,140,0,140,343
11/06/2005,STS,CA,AWP,WE,Towers with Radar,0,5,49,0,54,0,0,7,0,7,0,5,56,0,61,0,0,0,61
11/07/2005,STS,CA,AWP,WE,Towers with Radar,0,8,37,0,45,0,0,6,0,6,0,8,43,0,51,0,0,0,51
11/08/2005,STS,CA,AWP,WE,Towers with Radar,0,8,21,0,29,0,9,152,0,161,0,17,173,0,190,134,0,134,324
11/09/2005,STS,CA,AWP,WE,Towers with Radar,0,2,26,0,28,0,13,162,0,175,0,15,188,0,203,96,0,96,299
11/10/2005,STS,CA,AWP,WE,Towers with Radar,0,3,14,0,17,0,9,175,0,184,0,12,189,0,201,140,0,140,341
11/11/2005,STS,CA,AWP,WE,Towers with Radar,0,9,46,0,55,0,2,94,0,96,0,11,140,0,151,121,0,121,272
11/12/2005,STS,CA,AWP,WE,Towers with Radar,0,5,17,0,22,0,4,214,1,219,0,9,231,1,241,160,0,160,401
11/13/2005,STS,CA,AWP,WE,Towers with Radar,0,5,40,0,45,0,7,174,0,181,0,12,214,0,226,156,0,156,382
11/14/2005,STS,CA,AWP,WE,Towers with Radar,0,3,21,0,24,0,7,160,0,167,0,10,181,0,191,163,0,163,354
11/15/2005,STS,CA,AWP,WE,Towers with Radar,0,3,19,0,22,0,15,199,0,214,0,18,218,0,236,155,0,155,391
11/16/2005,STS,CA,AWP,WE,Towers with Radar,0,3,20,0,23,0,10,175,0,185,0,13,195,0,208,132,0,132,340
11/17/2005,STS,CA,AWP,WE,Towers with Radar,0,8,22,0,30,0,13,175,0,188,0,21,197,0,218,111,0,111,329
11/18/2005,STS,CA,AWP,WE,Towers with Radar,0,9,14,1,24,0,2,217,1,220,0,11,231,2,244,190,18,208,452
11/19/2005,STS,CA,AWP,WE,Towers with Radar,0,1,17,1,19,0,16,248,3,267,0,17,265,4,286,202,0,202,488
11/20/2005,STS,CA,AWP,WE,Towers with Radar,0,5,12,0,17,0,9,210,1,220,0,14,222,1,237,100,0,100,337
11/21/2005,STS,CA,AWP,WE,Towers with Radar,0,3,14,0,17,0,9,213,2,224,0,12,227,2,241,186,0,186,427
11/22/2005,STS,CA,AWP,WE,Towers with Radar,0,6,34,0,40,0,4,192,2,198,0,10,226,2,238,156,0,156,394
11/23/2005,STS,CA,AWP,WE,Towers with Radar,0,9,23,0,32,0,15,220,0,235,0,24,243,0,267,250,0,250,517
11/24/2005,STS,CA,AWP,WE,Towers with Radar,0,1,6,0,7,0,0,50,0,50,0,1,56,0,57,12,0,12,69
11/25/2005,STS,CA,AWP,WE,Towers with Radar,0,1,20,0,21,0,5,71,0,76,0,6,91,0,97,64,0,64,161
11/26/2005,STS,CA,AWP,WE,Towers with Radar,0,7,8,0,15,0,8,252,4,264,0,15,260,4,279,156,0,156,435
11/27/2005,STS,CA,AWP,WE,Towers with Radar,0,5,25,0,30,0,2,192,0,194,0,7,217,0,224,150,0,150,374
11/28/2005,STS,CA,AWP,WE,Towers with Radar,0,9,37,0,46,0,5,51,0,56,0,14,88,0,102,110,0,110,212
11/29/2005,STS,CA,AWP,WE,Towers with Radar,0,9,27,0,36,0,4,28,0,32,0,13,55,0,68,6,0,6,74
11/30/2005,STS,CA,AWP,WE,Towers with Radar,0,9,39,0,48,0,21,167,0,188,0,30,206,0,236,234,0,234,470
12/01/2005,STS,CA,AWP,WE,Towers with Radar,0,17,13,0,30,0,6,2,0,8,0,23,15,0,38,0,0,0,38
12/02/2005,STS,CA,AWP,WE,Towers with Radar,0,8,29,0,37,0,13,147,0,160,0,21,176,0,197,162,0,162,359
12/03/2005,STS,CA,AWP,WE,Towers with Radar,0,3,20,4,27,0,13,230,2,245,0,16,250,6,272,166,0,166,438
12/04/2005,STS,CA,AWP,WE,Towers with Radar,0,6,20,0,26,0,10,220,2,232,0,16,240,2,258,172,0,172,430
12/05/2005,STS,CA,AWP,WE,Towers with Radar,0,1,15,0,16,0,14,208,0,222,0,15,223,0,238,172,0,172,410
12/06/2005,STS,CA,AWP,WE,Towers with Radar,0,6,12,0,18,0,14,187,0,201,0,20,199,0,219,182,0,182,401
12/07/2005,STS,CA,AWP,WE,Towers with Radar,0,7,36,2,45,0,14,86,2,102,0,21,122,4,147,102,0,102,249
12/08/2005,STS,CA,AWP,WE,Towers with Radar,0,2,29,0,31,0,19,109,0,128,0,21,138,0,159,74,0,74,233
12/09/2005,STS,CA,AWP,WE,Towers with Radar,0,6,26,0,32,0,21,215,0,236,0,27,241,0,268,190,0,190,458
12/10/2005,STS,CA,AWP,WE,Towers with Radar,0,3,15,0,18,0,4,242,2,248,0,7,257,2,266,172,0,172,438
12/11/2005,STS,CA,AWP,WE,Towers with Radar,0,0,16,0,16,0,4,148,0,152,0,4,164,0,168,118,0,118,286
12/12/2005,STS,CA,AWP,WE,Towers with Radar,0,9,26,0,35,0,2,96,0,98,0,11,122,0,133,116,0,116,249
12/13/2005,STS,CA,AWP,WE,Towers with Radar,0,7,28,0,35,0,11,99,0,110,0,18,127,0,145,133,0,133,278
12/14/2005,STS,CA,AWP,WE,Towers with Radar,0,6,30,0,36,0,16,88,0,104,0,22,118,0,140,130,0,130,270
12/15/2005,STS,CA,AWP,WE,Towers with Radar,0,1,32,0,33,0,16,91,0,107,0,17,123,0,140,104,0,104,244
12/16/2005,STS,CA,AWP,WE,Towers with Radar,0,16,52,0,68,0,0,1,0,1,0,16,53,0,69,0,0,0,69
12/17/2005,STS,CA,AWP,WE,Towers with Radar,0,5,26,0,31,0,0,2,0,2,0,5,28,0,33,0,0,0,33
12/18/2005,STS,CA,AWP,WE,Towers with Radar,0,2,32,0,34,0,1,3,0,4,0,3,35,0,38,0,0,0,38
12/19/2005,STS,CA,AWP,WE,Towers with Radar,0,6,27,0,33,0,6,29,0,35,0,12,56,0,68,18,0,18,86
12/20/2005,STS,CA,AWP,WE,Towers with Radar,0,17,14,0,31,0,0,45,0,45,0,17,59,0,76,20,0,20,96
12/21/2005,STS,CA,AWP,WE,Towers with Radar,0,17,34,0,51,0,0,0,0,0,0,17,34,0,51,0,0,0,51
12/22/2005,STS,CA,AWP,WE,Towers with Radar,0,21,29,0,50,0,0,1,0,1,0,21,30,0,51,0,0,0,51
12/23/2005,STS,CA,AWP,WE,Towers with Radar,0,15,48,0,63,0,5,23,0,28,0,20,71,0,91,36,0,36,127
12/24/2005,STS,CA,AWP,WE,Towers with Radar,0,2,18,0,20,0,9,119,0,128,0,11,137,0,148,92,0,92,240
12/25/2005,STS,CA,AWP,WE,Towers with Radar,0,3,12,0,15,0,0,1,0,1,0,3,13,0,16,0,0,0,16
12/26/2005,STS,CA,AWP,WE,Towers with Radar,0,5,47,0,52,0,6,87,0,93,0,11,134,0,145,104,0,104,249
12/27/2005,STS,CA,AWP,WE,Towers with Radar,0,14,23,0,37,0,1,3,0,4,0,15,26,0,41,0,0,0,41
12/28/2005,STS,CA,AWP,WE,Towers with Radar,0,5,24,0,29,0,7,52,0,59,0,12,76,0,88,88,0,88,176
12/29/2005,STS,CA,AWP,WE,Towers with Radar,0,7,38,0,45,0,13,84,0,97,0,20,122,0,142,90,0,90,232
12/30/2005,STS,CA,AWP,WE,Towers with Radar,0,4,9,0,13,0,1,0,0,1,0,5,9,0,14,0,0,0,14
12/31/2005,STS,CA,AWP,WE,Towers with Radar,0,2,11,1,14,0,4,35,19,58,0,6,46,20,72,0,0,0,72
01/01/2006,STS,CA,AWP,WE,Towers with Radar,0,9,21,0,30,0,0,2,2,4,0,9,23,2,34,0,0,0,34
01/02/2006,STS,CA,AWP,WE,Towers with Radar,0,3,13,0,16,0,0,54,6,60,0,3,67,6,76,34,0,34,110
01/03/2006,STS,CA,AWP,WE,Towers with Radar,0,12,23,0,35,0,5,35,0,40,0,17,58,0,75,36,0,36,111
01/04/2006,STS,CA,AWP,WE,Towers with Radar,0,0,9,0,9,0,15,150,0,165,0,15,159,0,174,140,0,140,314
01/05/2006,STS,CA,AWP,WE,Towers with Radar,0,6,21,0,27,0,12,205,0,217,0,18,226,0,244,236,0,236,480
01/06/2006,STS,CA,AWP,WE,Towers with Radar,0,5,32,0,37,0,3,136,2,141,0,8,168,2,178,150,0,150,328
01/07/2006,STS,CA,AWP,WE,Towers with Radar,0,9,28,0,37,0,1,63,0,64,0,10,91,0,101,62,0,62,163
01/08/2006,STS,CA,AWP,WE,Towers with Radar,0,5,12,0,17,0,5,218,1,224,0,10,230,1,241,138,0,138,379
01/09/2006,STS,CA,AWP,WE,Towers with Radar,0,5,22,0,27,0,14,179,0,193,0,19,201,0,220,186,0,186,406
01/10/2006,STS,CA,AWP,WE,Towers with Radar,0,6,18,0,24,0,8,47,0,55,0,14,65,0,79,132,0,132,211
01/11/2006,STS,CA,AWP,WE,Towers with Radar,0,4,23,0,27,0,9,67,0,76,0,13,90,0,103,106,0,106,209
01/12/2006,STS,CA,AWP,WE,Towers with Radar,0,10,13,0,23,0,9,176,0,185,0,19,189,0,208,210,0,210,418
01/13/2006,STS,CA,AWP,WE,Towers with Radar,0,9,38,0,47,0,1,66,0,67,0,10,104,0,114,146,0,146,260
01/14/2006,STS,CA,AWP,WE,Towers with Radar,0,1,13,0,14,0,3,27,0,30,0,4,40,0,44,24,0,24,68
01/15/2006,STS,CA,AWP,WE,Towers with Radar,0,5,15,0,20,0,3,222,0,225,0,8,237,0,245,154,0,154,399
01/16/2006,STS,CA,AWP,WE,Towers with Radar,0,8,30,0,38,0,4,74,0,78,0,12,104,0,116,128,0,128,244
01/17/2006,STS,CA,AWP,WE,Towers with Radar,0,12,32,0,44,0,1,41,2,44,0,13,73,2,88,36,0,36,124
01/18/2006,STS,CA,AWP,WE,Towers with Radar,0,7,20,0,27,0,8,109,0,117,0,15,129,0,144,116,0,116,260
01/19/2006,STS,CA,AWP,WE,Towers with Radar,0,5,14,0,19,0,13,176,0,189,0,18,190,0,208,152,0,152,360
01/20/2006,STS,CA,AWP,WE,Towers with Radar,0,3,27,0,30,0,7,138,0,145,0,10,165,0,175,126,0,126,301
01/21/2006,STS,CA,AWP,WE,Towers with Radar,0,3,50,0,53,0,5,99,0,104,0,8,149,0,157,70,0,70,227
01/22/2006,STS,CA,AWP,WE,Towers with Radar,0,5,19,0,24,0,6,246,2,254,0,11,265,2,278,142,0,142,420
01/23/2006,STS,CA,AWP,WE,Towers with Radar,0,6,13,0,19,0,12,180,0,192,0,18,193,0,211,154,0,154,365
01/24/2006,STS,CA,AWP,WE,Towers with Radar,0,7,19,0,26,0,4,207,0,211,0,11,226,0,237,180,0,180,417
01/25/2006,STS,CA,AWP,WE,Towers with Radar,0,4,29,0,33,0,20,133,0,153,0,24,162,0,186,126,0,126,312
01/26/2006,STS,CA,AWP,WE,Towers with Radar,0,2,30,0,32,0,10,122,0,132,0,12,152,0,164,134,0,134,298
01/27/2006,STS,CA,AWP,WE,Towers with Radar,0,12,35,0,47,0,7,125,3,135,0,19,160,3,182,104,0,104,286
01/28/2006,STS,CA,AWP,WE,Towers with Radar,0,1,31,0,32,0,0,2,0,2,0,1,33,0,34,10,0,10,44
01/29/2006,STS,CA,AWP,WE,Towers with Radar,0,2,30,0,32,0,3,174,0,177,0,5,204,0,209,202,0,202,411
01/30/2006,STS,CA,AWP,WE,Towers with Radar,0,5,15,0,20,0,7,50,0,57,0,12,65,0,77,30,0,30,107
01/31/2006,STS,CA,AWP,WE,Towers with Radar,0,3,25,0,28,0,8,159,0,167,0,11,184,0,195,106,0,106,301
02/01/2006,STS,CA,AWP,WE,Towers with Radar,0,10,53,0,63,0,1,0,0,1,0,11,53,0,64,0,0,0,64
02/02/2006,STS,CA,AWP,WE,Towers with Radar,0,12,25,0,37,0,2,49,0,51,0,14,74,0,88,108,0,108,196
02/03/2006,STS,CA,AWP,WE,Towers with Radar,0,16,54,1,71,0,0,32,0,32,0,16,86,1,103,38,0,38,141
02/04/2006,STS,CA,AWP,WE,Towers with Radar,0,2,24,0,26,0,5,194,0,199,0,7,218,0,225,214,0,214,439
02/05/2006,STS,CA,AWP,WE,Towers with Radar,0,6,15,0,21,0,3,288,0,291,0,9,303,0,312,132,0,132,444
02/06/2006,STS,CA,AWP,WE,Towers with Radar,0,1,15,0,16,0,6,210,0,216,0,7,225,0,232,100,0,100,332
02/07/2006,STS,CA,AWP,WE,Towers with Radar,0,3,22,0,25,0,9,194,0,203,0,12,216,0,228,198,0,198,426
02/08/2006,STS,CA,AWP,WE,Towers with Radar,0,6,24,0,30,0,14,181,0,195,0,20,205,0,225,208,0,208,433
02/09/2006,STS,CA,AWP,WE,Towers with Radar,0,7,17,1,25,0,8,198,0,206,0,15,215,1,231,162,0,162,393
02/10/2006,STS,CA,AWP,WE,Towers with Radar,0,4,35,0,39,0,15,207,0,222,0,19,242,0,261,272,0,272,533
02/11/2006,STS,CA,AWP,WE,Towers with Radar,0,0,20,0,20,0,1,235,0,236,0,1,255,0,256,138,0,138,394
02/12/2006,STS,CA,AWP,WE,Towers with Radar,0,3,9,0,12,0,4,251,2,257,0,7,260,2,269,184,0,184,453
02/13/2006,STS,CA,AWP,WE,Towers with Radar,0,2,13,0,15,0,13,175,2,190,0,15,188,2,205,147,0,147,352
02/14/2006,STS,CA,AWP,WE,Towers with Radar,0,6,10,0,16,0,10,119,0,129,0,16,129,0,145,50,0,50,195
02/15/2006,STS,CA,AWP,WE,Towers with Radar,0,0,19,0,19,0,11,114,0,125,0,11,133,0,144,158,0,158,302
02/16/2006,STS,CA,AWP,WE,Towers with Radar,0,1,11,0,12,0,6,132,0,138,0,7,143,0,150,126,0,126,276
02/17/2006,STS,CA,AWP,WE,Towers with Radar,0,13,28,0,41,0,2,37,0,39,0,15,65,0,80,64,0,64,144
02/18/2006,STS,CA,AWP,WE,Towers with Radar,0,3,14,0,17,0,4,97,0,101,0,7,111,0,118,110,0,110,228
02/19/2006,STS,CA,AWP,WE,Towers with Radar,0,5,15,0,20,0,0,159,2,161,0,5,174,2,181,184,0,184,365
02/20/2006,STS,CA,AWP,WE,Towers with Radar,0,11,17,0,28,0,3,208,10,221,0,14,225,10,249,152,0,152,401
02/21/2006,STS,CA,AWP,WE,Towers with Radar,0,3,20,0,23,0,7,149,0,156,0,10,169,0,179,139,0,139,318
02/22/2006,STS,CA,AWP,WE,Towers with Radar,0,4,16,0,20,0,5,129,0,134,0,9,145,0,154,114,0,114,268
02/23/2006,STS,CA,AWP,WE,Towers with Radar,0,9,16,0,25,0,11,157,0,168,0,20,173,0,193,172,0,172,365
02/24/2006,STS,CA,AWP,WE,Towers with Radar,0,4,26,2,32,0,7,207,1,215,0,11,233,3,247,218,0,218,465
02/25/2006,STS,CA,AWP,WE,Towers with Radar,0,6,11,0,17,0,0,218,0,218,0,6,229,0,235,174,0,174,409
02/26/2006,STS,CA,AWP,WE,Towers with Radar,0,10,28,0,38,0,1,25,0,26,0,11,53,0,64,4,0,4,68
02/27/2006,STS,CA,AWP,WE,Towers with Radar,0,7,14,0,21,0,0,8,0,8,0,7,22,0,29,0,0,0,29
02/28/2006,STS,CA,AWP,WE,Towers with Radar,0,10,14,0,24,0,6,39,5,50,0,16,53,5,74,20,0,20,94
03/01/2006,STS,CA,AWP,WE,Towers with Radar,0,8,16,0,24,0,10,54,2,66,0,18,70,2,90,68,0,68,158
03/02/2006,STS,CA,AWP,WE,Towers with Radar,0,9,12,0,21,0,5,80,0,85,0,14,92,0,106,140,0,140,246
03/03/2006,STS,CA,AWP,WE,Towers with Radar,0,5,27,4,36,0,11,58,0,69,0,16,85,4,105,128,0,128,233
03/04/2006,STS,CA,AWP,WE,Towers with Radar,0,6,23,0,29,0,6,180,0,186,0,12,203,0,215,176,0,176,391
03/05/2006,STS,CA,AWP,WE,Towers with Radar,0,6,12,0,18,0,0,0,0,0,0,6,12,0,18,0,0,0,18
03/06/2006,STS,CA,AWP,WE,Towers with Radar,0,18,23,0,41,0,7,46,3,56,0,25,69,3,97,28,0,28,125
03/07/2006,STS,CA,AWP,WE,Towers with Radar,0,6,19,0,25,0,5,73,4,82,0,11,92,4,107,42,0,42,149
03/08/2006,STS,CA,AWP,WE,Towers with Radar,0,2,12,0,14,0,15,178,0,193,0,17,190,0,207,226,0,226,433
03/09/2006,STS,CA,AWP,WE,Towers with Radar,0,5,16,1,22,0,12,136,3,151,0,17,152,4,173,106,0,106,279
03/10/2006,STS,CA,AWP,WE,Towers with Radar,0,6,14,0,20,0,3,35,6,44,0,9,49,6,64,112,0,112,176
03/11/2006,STS,CA,AWP,WE,Towers with Radar,0,5,26,0,31,0,5,68,0,73,0,10,94,0,104,56,0,56,160
03/12/2006,STS,CA,AWP,WE,Towers with Radar,0,6,12,0,18,0,8,63,4,75,0,14,75,4,93,106,0,106,199
03/13/2006,STS,CA,AWP,WE,Towers with Radar,0,9,29,0,38,0,0,66,0,66,0,9,95,0,104,62,0,62,166
03/14/2006,STS,CA,AWP,WE,Towers with Radar,0,4,16,0,20,0,5,42,0,47,0,9,58,0,67,69,0,69,136
03/15/2006,STS,CA,AWP,WE,Towers with Radar,0,3,22,2,27,0,14,126,4,144,0,17,148,6,171,170,0,170,341
03/16/2006,STS,CA,AWP,WE,Towers with Radar,0,9,25,0,34,0,5,93,0,98,0,14,118,0,132,4,0,4,136
03/17/2006,STS,CA,AWP,WE,Towers with Radar,0,3,24,0,27,0,10,119,1,130,0,13,143,1,157,116,0,116,273
03/18/2006,STS,CA,AWP,WE,Towers with Radar,0,7,7,0,14,0,3,228,0,231,0,10,235,0,245,184,0,184,429
03/19/2006,STS,CA,AWP,WE,Towers with Radar,0,6,24,0,30,0,8,230,0,238,0,14,254,0,268,218,0,218,486
03/20/2006,STS,CA,AWP,WE,Towers with Radar,0,10,26,0,36,0,7,29,0,36,0,17,55,0,72,76,0,76,148
03/21/2006,STS,CA,AWP,WE,Towers with Radar,0,3,24,0,27,0,4,82,0,86,0,7,106,0,113,110,0,110,223
03/22/2006,STS,CA,AWP,WE,Towers with Radar,0,12,18,0,30,0,10,158,0,168,0,22,176,0,198,186,0,186,384
03/23/2006,STS,CA,AWP,WE,Towers with Radar,0,9,23,0,32,0,9,201,0,210,0,18,224,0,242,246,4,250,492
03/24/2006,STS,CA,AWP,WE,Towers with Radar,0,14,46,2,62,0,3,0,0,3,0,17,46,2,65,0,0,0,65
03/25/2006,STS,CA,AWP,WE,Towers with Radar,0,5,14,0,19,0,1,23,0,24,0,6,37,0,43,42,0,42,85
03/26/2006,STS,CA,AWP,WE,Towers with Radar,0,3,18,0,21,0,6,310,0,316,0,9,328,0,337,140,0,140,477
03/27/2006,STS,CA,AWP,WE,Towers with Radar,0,7,19,0,26,0,5,81,0,86,0,12,100,0,112,112,0,112,224
03/28/2006,STS,CA,AWP,WE,Towers with Radar,0,6,15,0,21,0,17,90,0,107,0,23,105,0,128,76,0,76,204
03/29/2006,STS,CA,AWP,WE,Towers with Radar,0,3,31,0,34,0,10,53,0,63,0,13,84,0,97,92,0,92,189
03/30/2006,STS,CA,AWP,WE,Towers with Radar,0,11,36,0,47,0,4,46,2,52,0,15,82,2,99,60,0,60,159
03/31/2006,STS,CA,AWP,WE,Towers with Radar,0,8,51,0,59,0,6,24,0,30,0,14,75,0,89,26,0,26,115
04/01/2006,STS,CA,AWP,WE,Towers with Radar,0,3,33,0,36,0,8,129,2,139,0,11,162,2,175,100,0,100,275
04/02/2006,STS,CA,AWP,WE,Towers with Radar,0,6,27,0,33,0,11,57,0,68,0,17,84,0,101,34,0,34,135
04/03/2006,STS,CA,AWP,WE,Towers with Radar,0,9,23,0,32,0,1,44,0,45,0,10,67,0,77,70,0,70,147
04/04/2006,STS,CA,AWP,WE,Towers with Radar,0,7,20,0,27,0,6,40,0,46,0,13,60,0,73,76,0,76,149
04/05/2006,STS,CA,AWP,WE,Towers with Radar,0,9,44,0,53,0,8,76,0,84,0,17,120,0,137,192,0,192,329
04/06/2006,STS,CA,AWP,WE,Towers with Radar,0,8,45,0,53,0,9,173,0,182,0,17,218,0,235,158,0,158,393
04/07/2006,STS,CA,AWP,WE,Towers with Radar,0,6,27,2,35,0,5,67,0,72,0,11,94,2,107,36,0,36,143
04/08/2006,STS,CA,AWP,WE,Towers with Radar,0,4,50,0,54,0,0,131,2,133,0,4,181,2,187,146,0,146,333
04/09/2006,STS,CA,AWP,WE,Towers with Radar,0,4,25,0,29,0,2,66,0,68,0,6,91,0,97,66,0,66,163
04/10/2006,STS,CA,AWP,WE,Towers with Radar,0,5,17,0,22,0,12,103,0,115,0,17,120,0,137,128,0,128,265
04/11/2006,STS,CA,AWP,WE,Towers with Radar,0,10,33,0,43,0,0,16,0,16,0,10,49,0,59,6,0,6,65
04/12/2006,STS,CA,AWP,WE,Towers with Radar,0,11,29,0,40,0,6,27,0,33,0,17,56,0,73,24,0,24,97
04/13/2006,STS,CA,AWP,WE,Towers with Radar,0,11,34,0,45,0,11,213,0,224,0,22,247,0,269,128,0,128,397
04/14/2006,STS,CA,AWP,WE,Towers with Radar,0,1,17,0,18,0,14,130,0,144,0,15,147,0,162,202,0,202,364
04/15/2006,STS,CA,AWP,WE,Towers with Radar,0,2,27,0,29,0,0,113,0,113,0,2,140,0,142,128,0,128,270
04/16/2006,STS,CA,AWP,WE,Towers with Radar,0,8,16,0,24,0,0,27,0,27,0,8,43,0,51,120,0,120,171
04/17/2006,STS,CA,AWP,WE,Towers with Radar,0,6,22,0,28,0,5,170,0,175,0,11,192,0,203,164,0,164,367
04/18/2006,STS,CA,AWP,WE,Towers with Radar,0,4,13,0,17,0,12,218,6,236,0,16,231,6,253,149,0,149,402
04/19/2006,STS,CA,AWP,WE,Towers with Radar,0,4,19,0,23,0,13,206,1,220,0,17,225,1,243,120,0,120,363
04/20/2006,STS,CA,AWP,WE,Towers with Radar,0,9,20,0,29,0,12,161,0,173,0,21,181,0,202,194,0,194,396
04/21/2006,STS,CA,AWP,WE,Towers with Radar,0,5,26,0,31,0,16,121,0,137,0,21,147,0,168,156,0,156,324
04/22/2006,STS,CA,AWP,WE,Towers with Radar,0,4,25,0,29,0,2,26,5,33,0,6,51,5,62,28,0,28,90
04/23/2006,STS,CA,AWP,WE,Towers with Radar,0,2,37,0,39,0,0,99,0,99,0,2,136,0,138,238,0,238,376
04/24/2006,STS,CA,AWP,WE,Towers with Radar,0,12,39,0,51,0,6,36,0,42,0,18,75,0,93,78,0,78,171
04/25/2006,STS,CA,AWP,WE,Towers with Radar,0,11,25,0,36,0,0,97,6,103,0,11,122,6,139,124,0,124,263
04/26/2006,STS,CA,AWP,WE,Towers with Radar,0,5,18,0,23,0,12,147,0,159,0,17,165,0,182,222,0,222,404
04/27/2006,STS,CA,AWP,WE,Towers with Radar,0,1,21,0,22,0,11,183,2,196,0,12,204,2,218,156,0,156,374
04/28/2006,STS,CA,AWP,WE,Towers with Radar,0,12,28,0,40,0,13,198,0,211,0,25,226,0,251,164,0,164,415
04/29/2006,STS,CA,AWP,WE,Towers with Radar,0,6,28,0,34,0,14,181,0,195,0,20,209,0,229,156,0,156,385
04/30/2006,STS,CA,AWP,WE,Towers with Radar,0,3,23,0,26,0,9,246,2,257,0,12,269,2,283,196,0,196,479
05/01/2006,STS,CA,AWP,WE,Towers with Radar,0,3,14,0,17,0,14,163,0,177,0,17,177,0,194,160,0,160,354
05/02/2006,STS,CA,AWP,WE,Towers with Radar,0,2,13,0,15,0,6,172,0,178,0,8,185,0,193,200,0,200,393
05/03/2006,STS,CA,AWP,WE,Towers with Radar,0,3,49,0,52,0,12,137,0,149,0,15,186,0,201,152,0,152,353
05/04/2006,STS,CA,AWP,WE,Towers with Radar,0,6,36,0,42,0,14,88,0,102,0,20,124,0,144,74,0,74,218
05/05/2006,STS,CA,AWP,WE,Towers with Radar,0,9,38,0,47,0,9,138,0,147,0,18,176,0,194,46,0,46,240
05/06/2006,STS,CA,AWP,WE,Towers with Radar,0,4,22,0,26,0,7,207,0,214,0,11,229,0,240,158,0,158,398
05/07/2006,STS,CA,AWP,WE,Towers with Radar,0,5,19,0,24,0,7,303,0,310,0,12,322,0,334,168,0,168,502
05/08/2006,STS,CA,AWP,WE,Towers with Radar,0,3,13,2,18,0,3,192,1,196,0,6,205,3,214,144,0,144,358
05/09/2006,STS,CA,AWP,WE,Towers with Radar,0,12,20,0,32,0,9,154,0,163,0,21,174,0,195,182,0,182,377
05/10/2006,STS,CA,AWP,WE,Towers with Radar,0,4,18,0,22,0,13,238,0,251,0,17,256,0,273,236,0,236,509
05/11/2006,STS,CA,AWP,WE,Towers with Radar,0,8,27,0,35,0,15,198,0,213,0,23,225,0,248,212,0,212,460
05/12/2006,STS,CA,AWP,WE,Towers with Radar,0,5,13,0,18,0,19,243,0,262,0,24,256,0,280,227,0,227,507
05/13/2006,STS,CA,AWP,WE,Towers with Radar,0,5,17,0,22,0,12,236,2,250,0,17,253,2,272,296,0,296,568
05/14/2006,STS,CA,AWP,WE,Towers with Radar,0,7,18,0,25,0,15,182,0,197,0,22,200,0,222,176,0,176,398
05/15/2006,STS,CA,AWP,WE,Towers with Radar,0,8,9,0,17,0,11,213,0,224,0,19,222,0,241,222,0,222,463
05/16/2006,STS,CA,AWP,WE,Towers with Radar,0,3,18,0,21,0,9,206,0,215,0,12,224,0,236,240,0,240,476
05/17/2006,STS,CA,AWP,WE,Towers with Radar,0,4,25,0,29,0,14,188,1,203,0,18,213,1,232,180,0,180,412
05/18/2006,STS,CA,AWP,WE,Towers with Radar,0,6,40,2,48,0,16,158,0,174,0,22,198,2,222,140,0,140,362
05/19/2006,STS,CA,AWP,WE,Towers with Radar,0,19,66,2,87,0,1,57,0,58,0,20,123,2,145,104,0,104,249
05/20/2006,STS,CA,AWP,WE,Towers with Radar,0,4,33,0,37,0,10,84,0,94,0,14,117,0,131,82,0,82,213
05/21/2006,STS,CA,AWP,WE,Towers with Radar,0,7,30,4,41,0,5,109,3,117,0,12,139,7,158,80,0,80,238
05/22/2006,STS,CA,AWP,WE,Towers with Radar,0,7,48,0,55,0,10,147,0,157,0,17,195,0,212,86,0,86,298
05/23/2006,STS,CA,AWP,WE,Towers with Radar,0,8,41,0,49,0,7,121,2,130,0,15,162,2,179,80,0,80,259
05/24/2006,STS,CA,AWP,WE,Towers with Radar,0,11,25,5,41,0,4,200,0,204,0,15,225,5,245,106,0,106,351
05/25/2006,STS,CA,AWP,WE,Towers with Radar,0,7,13,0,20,0,17,203,0,220,0,24,216,0,240,126,0,126,366
05/26/2006,STS,CA,AWP,WE,Towers with Radar,0,3,31,0,34,0,7,181,0,188,0,10,212,0,222,250,0,250,472
05/27/2006,STS,CA,AWP,WE,Towers with Radar,0,2,18,0,20,0,8,226,0,234,0,10,244,0,254,150,0,150,404
05/28/2006,STS,CA,AWP,WE,Towers with Radar,0,4,9,0,13,0,7,228,0,235,0,11,237,0,248,214,0,214,462
05/29/2006,STS,CA,AWP,WE,Towers with Radar,0,6,29,0,35,0,14,271,0,285,0,20,300,0,320,164,0,164,484
05/30/2006,STS,CA,AWP,WE,Towers with Radar,0,2,23,0,25,0,4,191,0,195,0,6,214,0,220,219,0,219,439
05/31/2006,STS,CA,AWP,WE,Towers with Radar,0,4,18,0,22,0,6,194,0,200,0,10,212,0,222,88,0,88,310
06/01/2006,STS,CA,AWP,WE,Towers with Radar,0,28,44,0,72,0,11,214,2,227,0,39,258,2,299,110,0,110,409
06/02/2006,STS,CA,AWP,WE,Towers with Radar,0,8,31,2,41,0,23,236,2,261,0,31,267,4,302,254,0,254,556
06/03/2006,STS,CA,AWP,WE,Towers with Radar,0,5,16,0,21,0,9,218,0,227,0,14,234,0,248,166,0,166,414
06/04/2006,STS,CA,AWP,WE,Towers with Radar,0,25,37,0,62,0,6,250,0,256,0,31,287,0,318,156,0,156,474
06/05/2006,STS,CA,AWP,WE,Towers with Radar,0,9,12,0,21,0,11,221,0,232,0,20,233,0,253,200,0,200,453
06/06/2006,STS,CA,AWP,WE,Towers with Radar,0,3,18,0,21,0,10,205,0,215,0,13,223,0,236,202,0,202,438
06/07/2006,STS,CA,AWP,WE,Towers with Radar,0,1,19,0,20,0,10,225,0,235,0,11,244,0,255,134,0,134,389
06/08/2006,STS,CA,AWP,WE,Towers with Radar,0,2,30,0,32,0,18,218,0,236,0,20,248,0,268,182,0,182,450
06/09/2006,STS,CA,AWP,WE,Towers with Radar,0,9,23,0,32,0,10,256,0,266,0,19,279,0,298,218,0,218,516
06/10/2006,STS,CA,AWP,WE,Towers with Radar,0,3,20,0,23,0,8,228,0,236,0,11,248,0,259,132,0,132,391
06/11/2006,STS,CA,AWP,WE,Towers with Radar,0,5,33,0,38,0,4,108,0,112,0,9,141,0,150,106,0,106,256
06/12/2006,STS,CA,AWP,WE,Towers with Radar,0,6,41,0,47,0,9,156,0,165,0,15,197,0,212,122,0,122,334
06/13/2006,STS,CA,AWP,WE,Towers with Radar,0,7,52,0,59,0,7,145,0,152,0,14,197,0,211,106,0,106,317
06/14/2006,STS,CA,AWP,WE,Towers with Radar,0,5,20,0,25,0,18,244,0,262,0,23,264,0,287,124,0,124,411
06/15/2006,STS,CA,AWP,WE,Towers with Radar,0,4,17,0,21,0,79,212,0,291,0,83,229,0,312,174,0,174,486
06/16/2006,STS,CA,AWP,WE,Towers with Radar,0,2,21,0,23,0,14,234,0,248,0,16,255,0,271,140,0,140,411
06/17/2006,STS,CA,AWP,WE,Towers with Radar,0,3,18,0,21,0,21,363,0,384,0,24,381,0,405,156,0,156,561
06/18/2006,STS,CA,AWP,WE,Towers with Radar,0,8,14,2,24,0,11,245,0,256,0,19,259,2,280,172,0,172,452
06/19/2006,STS,CA,AWP,WE,Towers with Radar,0,4,20,0,24,0,8,249,0,257,0,12,269,0,281,166,0,166,447
06/20/2006,STS,CA,AWP,WE,Towers with Radar,0,2,24,0,26,0,6,197,0,203,0,8,221,0,229,94,0,94,323
06/21/2006,STS,CA,AWP,WE,Towers with Radar,0,4,26,0,30,0,12,198,0,210,0,16,224,0,240,122,0,122,362
06/22/2006,STS,CA,AWP,WE,Towers with Radar,0,5,23,0,28,0,25,219,0,244,0,30,242,0,272,126,0,126,398
06/23/2006,STS,CA,AWP,WE,Towers with Radar,0,3,26,0,29,0,12,254,0,266,0,15,280,0,295,156,0,156,451
06/24/2006,STS,CA,AWP,WE,Towers with Radar,0,0,24,0,24,0,13,213,0,226,0,13,237,0,250,152,0,152,402
06/25/2006,STS,CA,AWP,WE,Towers with Radar,0,7,25,0,32,0,24,257,0,281,0,31,282,0,313,164,0,164,477
06/26/2006,STS,CA,AWP,WE,Towers with Radar,0,5,33,0,38,0,18,222,12,252,0,23,255,12,290,156,0,156,446
06/27/2006,STS,CA,AWP,WE,Towers with Radar,0,9,25,0,34,0,3,187,2,192,0,12,212,2,226,140,0,140,366
06/28/2006,STS,CA,AWP,WE,Towers with Radar,0,7,25,0,32,0,4,123,0,127,0,11,148,0,159,82,0,82,241
06/29/2006,STS,CA,AWP,WE,Towers with Radar,0,9,30,0,39,0,10,181,0,191,0,19,211,0,230,128,0,128,358
06/30/2006,STS,CA,AWP,WE,Towers with Radar,0,6,25,0,31,0,9,229,0,238,0,15,254,0,269,132,0,132,401
07/01/2006,STS,CA,AWP,WE,Towers with Radar,0,6,27,0,33,0,13,184,0,197,0,19,211,0,230,112,0,112,342
07/02/2006,STS,CA,AWP,WE,Towers with Radar,0,9,24,0,33,0,191,206,0,397,0,200,230,0,430,134,0,134,564
07/03/2006,STS,CA,AWP,WE,Towers with Radar,0,9,26,0,35,0,251,167,0,418,0,260,193,0,453,118,0,118,571
07/04/2006,STS,CA,AWP,WE,Towers with Radar,0,7,13,0,20,0,6,166,1,173,0,13,179,1,193,118,0,118,311
07/05/2006,STS,CA,AWP,WE,Towers with Radar,0,8,14,1,23,0,10,220,1,231,0,18,234,2,254,190,0,190,444
07/06/2006,STS,CA,AWP,WE,Towers with Radar,0,7,16,1,24,0,13,262,3,278,0,20,278,4,302,136,0,136,438
07/07/2006,STS,CA,AWP,WE,Towers with Radar,0,11,9,0,20,0,9,289,2,300,0,20,298,2,320,183,0,183,503
07/08/2006,STS,CA,AWP,WE,Towers with Radar,0,11,10,0,21,0,16,314,0,330,0,27,324,0,351,194,0,194,545
07/09/2006,STS,CA,AWP,WE,Towers with Radar,0,10,9,0,19,0,11,248,0,259,0,21,257,0,278,160,0,160,438
07/10/2006,STS,CA,AWP,WE,Towers with Radar,0,6,22,0,28,0,3,190,0,193,0,9,212,0,221,38,0,38,259
07/11/2006,STS,CA,AWP,WE,Towers with Radar,0,9,16,0,25,0,11,170,0,181,0,20,186,0,206,134,0,134,340
07/12/2006,STS,CA,AWP,WE,Towers with Radar,0,9,19,0,28,0,8,222,0,230,0,17,241,0,258,174,0,174,432
07/13/2006,STS,CA,AWP,WE,Towers with Radar,0,40,45,0,85,0,0,0,0,0,0,40,45,0,85,172,0,172,257
07/14/2006,STS,CA,AWP,WE,Towers with Radar,0,18,29,2,49,0,10,287,0,297,0,28,316,2,346,156,0,156,502
07/15/2006,STS,CA,AWP,WE,Towers with Radar,0,4,29,0,33,0,17,195,0,212,0,21,224,0,245,112,0,112,357
07/16/2006,STS,CA,AWP,WE,Towers with Radar,0,26,46,0,72,0,22,223,0,245,0,48,269,0,317,142,0,142,459
07/17/2006,STS,CA,AWP,WE,Towers with Radar,0,19,21,0,40,0,13,297,5,315,0,32,318,5,355,192,0,192,547
07/18/2006,STS,CA,AWP,WE,Towers with Radar,0,19,8,0,27,0,13,222,3,238,0,32,230,3,265,144,0,144,409
07/19/2006,STS,CA,AWP,WE,Towers with Radar,0,13,23,0,36,0,10,183,6,199,0,23,206,6,235,136,0,136,371
07/20/2006,STS,CA,AWP,WE,Towers with Radar,0,30,51,0,81,0,16,235,0,251,0,46,286,0,332,180,0,180,512
07/21/2006,STS,CA,AWP,WE,Towers with Radar,0,14,27,0,41,0,6,227,0,233,0,20,254,0,274,208,0,208,482
07/22/2006,STS,CA,AWP,WE,Towers with Radar,0,8,17,0,25,0,6,225,0,231,0,14,242,0,256,158,0,158,414
07/23/2006,STS,CA,AWP,WE,Towers with Radar,0,28,49,0,77,0,6,206,0,212,0,34,255,0,289,126,0,126,415
07/24/2006,STS,CA,AWP,WE,Towers with Radar,0,18,17,0,35,0,11,201,2,214,0,29,218,2,249,166,0,166,415
07/25/2006,STS,CA,AWP,WE,Towers with Radar,0,9,12,0,21,0,5,205,1,211,0,14,217,1,232,204,0,204,436
07/26/2006,STS,CA,AWP,WE,Towers with Radar,0,9,26,0,35,0,3,244,2,249,0,12,270,2,284,218,0,218,502
07/27/2006,STS,CA,AWP,WE,Towers with Radar,0,18,54,0,72,0,18,287,2,307,0,36,341,2,379,84,0,84,463
07/28/2006,STS,CA,AWP,WE,Towers with Radar,0,16,35,0,51,0,9,224,1,234,0,25,259,1,285,126,0,126,411
07/29/2006,STS,CA,AWP,WE,Towers with Radar,0,15,52,0,67,0,10,148,0,158,0,25,200,0,225,92,0,92,317
07/30/2006,STS,CA,AWP,WE,Towers with Radar,0,14,41,0,55,0,6,269,0,275,0,20,310,0,330,112,0,112,442
07/31/2006,STS,CA,AWP,WE,Towers with Radar,0,6,20,0,26,0,5,232,0,237,0,11,252,0,263,114,0,114,377
08/01/2006,STS,CA,AWP,WE,Towers with Radar,0,9,17,0,26,0,7,212,2,221,0,16,229,2,247,126,0,126,373
08/02/2006,STS,CA,AWP,WE,Towers with Radar,0,9,11,0,20,0,3,239,4,246,0,12,250,4,266,160,0,160,426
08/03/2006,STS,CA,AWP,WE,Towers with Radar,0,6,23,1,30,0,13,166,1,180,0,19,189,2,210,196,0,196,406
08/04/2006,STS,CA,AWP,WE,Towers with Radar,0,11,31,1,43,0,8,189,1,198,0,19,220,2,241,116,0,116,357
08/05/2006,STS,CA,AWP,WE,Towers with Radar,0,6,25,0,31,0,15,223,0,238,0,21,248,0,269,182,0,182,451
08/06/2006,STS,CA,AWP,WE,Towers with Radar,0,10,19,0,29,0,17,240,0,257,0,27,259,0,286,148,0,148,434
08/07/2006,STS,CA,AWP,WE,Towers with Radar,0,13,40,1,54,0,5,124,2,131,0,18,164,3,185,74,0,74,259
08/08/2006,STS,CA,AWP,WE,Towers with Radar,0,4,27,0,31,0,9,160,0,169,0,13,187,0,200,77,0,77,277
08/09/2006,STS,CA,AWP,WE,Towers with Radar,0,8,15,0,23,0,2,186,2,190,0,10,201,2,213,102,0,102,315
08/10/2006,STS,CA,AWP,WE,Towers with Radar,0,6,19,0,25,0,5,206,2,213,0,11,225,2,238,144,0,144,382
08/11/2006,STS,CA,AWP,WE,Towers with Radar,0,9,21,0,30,0,8,253,0,261,0,17,274,0,291,134,0,134,425
08/12/2006,STS,CA,AWP,WE,Towers with Radar,0,2,24,0,26,0,4,202,0,206,0,6,226,0,232,118,0,118,350
08/13/2006,STS,CA,AWP,WE,Towers with Radar,0,9,39,0,48,0,3,216,0,219,0,12,255,0,267,132,0,132,399
08/14/2006,STS,CA,AWP,WE,Towers with Radar,0,5,41,0,46,0,3,178,0,181,0,8,219,0,227,130,0,130,357
08/15/2006,STS,CA,AWP,WE,Towers with Radar,0,10,38,0,48,0,4,183,0,187,0,14,221,0,235,134,0,134,369
08/16/2006,STS,CA,AWP,WE,Towers with Radar,0,12,22,1,35,0,0,197,1,198,0,12,219,2,233,119,0,119,352
08/17/2006,STS,CA,AWP,WE,Towers with Radar,0,7,24,1,32,0,1,269,8,278,0,8,293,9,310,183,0,183,493
08/18/2006,STS,CA,AWP,WE,Towers with Radar,0,4,40,5,49,0,5,230,33,268,0,9,270,38,317,62,0,62,379
08/19/2006,STS,CA,AWP,WE,Towers with Radar,0,5,12,2,19,0,7,91,0,98,0,12,103,2,117,98,0,98,215
08/20/2006,STS,CA,AWP,WE,Towers with Radar,0,1,27,2,30,0,6,114,0,120,0,7,141,2,150,94,0,94,244
08/21/2006,STS,CA,AWP,WE,Towers with Radar,0,14,38,6,58,0,3,167,3,173,0,17,205,9,231,146,0,146,377
08/22/2006,STS,CA,AWP,WE,Towers with Radar,0,9,24,0,33,0,9,169,4,182,0,18,193,4,215,176,0,176,391
08/23/2006,STS,CA,AWP,WE,Towers with Radar,0,6,34,0,40,0,35,169,2,206,0,41,203,2,246,132,0,132,378
08/24/2006,STS,CA,AWP,WE,Towers with Radar,0,3,19,0,22,0,9,231,2,242,0,12,250,2,264,162,0,162,426
08/25/2006,STS,CA,AWP,WE,Towers with Radar,0,14,44,0,58,0,8,146,0,154,0,22,190,0,212,86,0,86,298
08/26/2006,STS,CA,AWP,WE,Towers with Radar,0,11,27,0,38,0,5,181,0,186,0,16,208,0,224,172,0,172,396
08/27/2006,STS,CA,AWP,WE,Towers with Radar,0,5,37,0,42,0,9,209,0,218,0,14,246,0,260,138,0,138,398
08/28/2006,STS,CA,AWP,WE,Towers with Radar,0,2,24,1,27,0,8,186,0,194,0,10,210,1,221,140,0,140,361
08/29/2006,STS,CA,AWP,WE,Towers with Radar,0,9,22,1,32,0,3,144,0,147,0,12,166,1,179,152,0,152,331
08/30/2006,STS,CA,AWP,WE,Towers with Radar,0,15,19,0,34,0,5,205,3,213,0,20,224,3,247,176,0,176,423
08/31/2006,STS,CA,AWP,WE,Towers with Radar,0,7,13,0,20,0,4,258,2,264,0,11,271,2,284,202,0,202,486
09/01/2006,STS,CA,AWP,WE,Towers with Radar,0,1,24,0,25,0,19,214,4,237,0,20,238,4,262,96,0,96,358
09/02/2006,STS,CA,AWP,WE,Towers with Radar,0,2,32,0,34,0,7,143,0,150,0,9,175,0,184,124,0,124,308
09/03/2006,STS,CA,AWP,WE,Towers with Radar,0,3,29,0,32,0,5,136,0,141,0,8,165,0,173,134,0,134,307
09/04/2006,STS,CA,AWP,WE,Towers with Radar,0,1,27,0,28,0,7,228,0,235,0,8,255,0,263,134,0,134,397
09/05/2006,STS,CA,AWP,WE,Towers with Radar,0,4,29,0,33,0,3,134,0,137,0,7,163,0,170,144,0,144,314
09/06/2006,STS,CA,AWP,WE,Towers with Radar,0,7,21,1,29,0,5,176,1,182,0,12,197,2,211,178,0,178,389
09/07/2006,STS,CA,AWP,WE,Towers with Radar,0,8,14,0,22,0,3,165,0,168,0,11,179,0,190,142,0,142,332
09/08/2006,STS,CA,AWP,WE,Towers with Radar,0,8,49,0,57,0,6,146,0,152,0,14,195,0,209,86,0,86,295
09/09/2006,STS,CA,AWP,WE,Towers with Radar,0,0,24,0,24,0,10,213,0,223,0,10,237,0,247,172,0,172,419
09/10/2006,STS,CA,AWP,WE,Towers with Radar,0,1,25,0,26,0,7,186,0,193,0,8,211,0,219,132,0,132,351
09/11/2006,STS,CA,AWP,WE,Towers with Radar,0,6,25,0,31,0,9,222,0,231,0,15,247,0,262,170,0,170,432
09/12/2006,STS,CA,AWP,WE,Towers with Radar,0,12,6,0,18,0,10,222,0,232,0,22,228,0,250,188,0,188,438
09/13/2006,STS,CA,AWP,WE,Towers with Radar,0,11,15,0,26,0,7,206,0,213,0,18,221,0,239,154,0,154,393
09/14/2006,STS,CA,AWP,WE,Towers with Radar,0,6,27,0,33,0,14,170,2,186,0,20,197,2,219,182,0,182,401
09/15/2006,STS,CA,AWP,WE,Towers with Radar,0,7,19,0,26,0,9,142,0,151,0,16,161,0,177,156,0,156,333
09/16/2006,STS,CA,AWP,WE,Towers with Radar,0,2,8,0,10,0,8,222,0,230,0,10,230,0,240,154,0,154,394
09/17/2006,STS,CA,AWP,WE,Towers with Radar,0,0,26,0,26,0,11,272,2,285,0,11,298,2,311,142,0,142,453
09/18/2006,STS,CA,AWP,WE,Towers with Radar,0,2,15,0,17,0,8,215,2,225,0,10,230,2,242,160,0,160,402
09/19/2006,STS,CA,AWP,WE,Towers with Radar,0,4,11,0,15,0,6,163,2,171,0,10,174,2,186,99,0,99,285
09/20/2006,STS,CA,AWP,WE,Towers with Radar,0,7,18,0,25,0,15,236,0,251,0,22,254,0,276,120,0,120,396
09/21/2006,STS,CA,AWP,WE,Towers with Radar,0,9,14,0,23,0,10,216,0,226,0,19,230,0,249,192,0,192,441
09/22/2006,STS,CA,AWP,WE,Towers with Radar,0,3,22,0,25,0,15,301,0,316,0,18,323,0,341,176,0,176,517
09/23/2006,STS,CA,AWP,WE,Towers with Radar,0,0,15,0,15,0,7,241,0,248,0,7,256,0,263,168,0,168,431
09/24/2006,STS,CA,AWP,WE,Towers with Radar,0,3,25,0,28,0,3,223,0,226,0,6,248,0,254,164,0,164,418
09/25/2006,STS,CA,AWP,WE,Towers with Radar,0,9,21,0,30,0,1,279,0,280,0,10,300,0,310,142,0,142,452
09/26/2006,STS,CA,AWP,WE,Towers with Radar,2,7,13,0,22,0,3,238,0,241,2,10,251,0,263,168,0,168,431
09/27/2006,STS,CA,AWP,WE,Towers with Radar,0,12,35,0,47,0,3,154,0,157,0,15,189,0,204,112,0,112,316
09/28/2006,STS,CA,AWP,WE,Towers with Radar,0,11,28,0,39,0,1,138,0,139,0,12,166,0,178,90,0,90,268
09/29/2006,STS,CA,AWP,WE,Towers with Radar,0,14,53,0,67,0,4,152,0,156,0,18,205,0,223,116,0,116,339
09/30/2006,STS,CA,AWP,WE,Towers with Radar,0,3,53,0,56,0,3,157,0,160,0,6,210,0,216,160,0,160,376
10/01/2006,STS,CA,AWP,WE,Towers with Radar,0,10,37,0,47,0,16,215,0,231,0,26,252,0,278,120,0,120,398
10/02/2006,STS,CA,AWP,WE,Towers with Radar,0,8,28,0,36,0,11,170,0,181,0,19,198,0,217,180,0,180,397
10/03/2006,STS,CA,AWP,WE,Towers with Radar,0,15,22,0,37,0,1,147,2,150,0,16,169,2,187,136,0,136,323
10/04/2006,STS,CA,AWP,WE,Towers with Radar,0,10,44,0,54,0,6,49,0,55,0,16,93,0,109,28,0,28,137
10/05/2006,STS,CA,AWP,WE,Towers with Radar,0,13,33,0,46,0,1,37,0,38,0,14,70,0,84,46,0,46,130
10/06/2006,STS,CA,AWP,WE,Towers with Radar,0,19,68,0,87,0,0,39,0,39,0,19,107,0,126,38,0,38,164
10/07/2006,STS,CA,AWP,WE,Towers with Radar,0,5,32,0,37,0,3,192,0,195,0,8,224,0,232,194,0,194,426
10/08/2006,STS,CA,AWP,WE,Towers with Radar,0,7,21,0,28,0,11,264,0,275,0,18,285,0,303,176,0,176,479
10/09/2006,STS,CA,AWP,WE,Towers with Radar,0,7,19,0,26,0,8,224,0,232,0,15,243,0,258,172,0,172,430
10/10/2006,STS,CA,AWP,WE,Towers with Radar,0,6,19,0,25,0,3,173,0,176,0,9,192,0,201,184,0,184,385
10/11/2006,STS,CA,AWP,WE,Towers with Radar,0,8,16,0,24,0,0,178,0,178,0,8,194,0,202,260,0,260,462
10/12/2006,STS,CA,AWP,WE,Towers with Radar,0,9,18,0,27,0,10,198,0,208,0,19,216,0,235,252,0,252,487
10/13/2006,STS,CA,AWP,WE,Towers with Radar,0,11,52,0,63,0,6,88,0,94,0,17,140,0,157,72,0,72,229
10/14/2006,STS,CA,AWP,WE,Towers with Radar,0,15,38,0,53,0,3,165,4,172,0,18,203,4,225,116,0,116,341
10/15/2006,STS,CA,AWP,WE,Towers with Radar,0,9,45,0,54,0,7,156,0,163,0,16,201,0,217,124,0,124,341
10/16/2006,STS,CA,AWP,WE,Towers with Radar,0,9,24,0,33,0,3,138,0,141,0,12,162,0,174,168,0,168,342
10/17/2006,STS,CA,AWP,WE,Towers with Radar,0,13,12,0,25,0,3,243,2,248,0,16,255,2,273,246,0,246,519
10/18/2006,STS,CA,AWP,WE,Towers with Radar,0,8,29,2,39,0,8,279,1,288,0,16,308,3,327,288,0,288,615
10/19/2006,STS,CA,AWP,WE,Towers with Radar,0,8,14,0,22,0,7,236,0,243,0,15,250,0,265,220,0,220,485
10/20/2006,STS,CA,AWP,WE,Towers with Radar,0,6,28,0,34,0,10,292,0,302,0,16,320,0,336,286,0,286,622
10/21/2006,STS,CA,AWP,WE,Towers with Radar,0,5,22,0,27,0,11,297,1,309,0,16,319,1,336,230,0,230,566
10/22/2006,STS,CA,AWP,WE,Towers with Radar,0,3,29,0,32,0,10,269,0,279,0,13,298,0,311,194,0,194,505
10/23/2006,STS,CA,AWP,WE,Towers with Radar,0,6,18,0,24,0,4,258,0,262,0,10,276,0,286,184,0,184,470
10/24/2006,STS,CA,AWP,WE,Towers with Radar,0,10,26,0,36,0,1,177,14,192,0,11,203,14,228,137,0,137,365
10/25/2006,STS,CA,AWP,WE,Towers with Radar,0,5,17,0,22,0,4,156,0,160,0,9,173,0,182,182,0,182,364
10/26/2006,STS,CA,AWP,WE,Towers with Radar,0,6,29,0,35,0,5,212,2,219,0,11,241,2,254,130,0,130,384
10/27/2006,STS,CA,AWP,WE,Towers with Radar,0,4,13,0,17,0,6,266,0,272,0,10,279,0,289,152,0,152,441
10/28/2006,STS,CA,AWP,WE,Towers with Radar,0,3,11,0,14,0,11,261,0,272,0,14,272,0,286,146,0,146,432
10/29/2006,STS,CA,AWP,WE,Towers with Radar,0,5,19,0,24,0,6,199,2,207,0,11,218,2,231,166,0,166,397
10/30/2006,STS,CA,AWP,WE,Towers with Radar,0,7,25,0,32,0,2,156,0,158,0,9,181,0,190,140,0,140,330
10/31/2006,STS,CA,AWP,WE,Towers with Radar,0,7,19,0,26,0,2,159,0,161,0,9,178,0,187,200,0,200,387
11/01/2006,STS,CA,AWP,WE,Towers with Radar,0,11,24,0,35,0,2,114,0,116,0,13,138,0,151,126,0,126,277
11/02/2006,STS,CA,AWP,WE,Towers with Radar,0,22,39,0,61,0,0,1,0,1,0,22,40,0,62,0,0,0,62
11/03/2006,STS,CA,AWP,WE,Towers with Radar,0,15,40,0,55,0,11,90,0,101,0,26,130,0,156,106,0,106,262
11/04/2006,STS,CA,AWP,WE,Towers with Radar,0,2,14,0,16,0,9,184,0,193,0,11,198,0,209,178,0,178,387
11/05/2006,STS,CA,AWP,WE,Towers with Radar,0,8,25,0,33,0,5,233,2,240,0,13,258,2,273,178,0,178,451
11/06/2006,STS,CA,AWP,WE,Towers with Radar,2,6,17,0,25,0,1,128,0,129,2,7,145,0,154,112,0,112,266
11/07/2006,STS,CA,AWP,WE,Towers with Radar,0,7,28,0,35,0,2,222,2,226,0,9,250,2,261,192,0,192,453
11/08/2006,STS,CA,AWP,WE,Towers with Radar,0,8,22,0,30,0,4,127,2,133,0,12,149,2,163,168,0,168,331
11/09/2006,STS,CA,AWP,WE,Towers with Radar,0,10,21,1,32,0,1,193,3,197,0,11,214,4,229,122,0,122,351
11/10/2006,STS,CA,AWP,WE,Towers with Radar,0,6,16,0,22,0,2,236,0,238,0,8,252,0,260,158,0,158,418
11/11/2006,STS,CA,AWP,WE,Towers with Radar,0,1,37,0,38,0,9,127,0,136,0,10,164,0,174,136,0,136,310
11/12/2006,STS,CA,AWP,WE,Towers with Radar,0,8,22,0,30,0,7,246,0,253,0,15,268,0,283,120,0,120,403
11/13/2006,STS,CA,AWP,WE,Towers with Radar,0,16,31,0,47,0,0,3,0,3,0,16,34,0,50,0,0,0,50
11/14/2006,STS,CA,AWP,WE,Towers with Radar,0,8,27,0,35,0,0,221,0,221,0,8,248,0,256,148,0,148,404
11/15/2006,STS,CA,AWP,WE,Towers with Radar,0,6,21,0,27,0,3,206,0,209,0,9,227,0,236,204,0,204,440
11/16/2006,STS,CA,AWP,WE,Towers with Radar,0,16,42,1,59,0,0,8,0,8,0,16,50,1,67,6,0,6,73
11/17/2006,STS,CA,AWP,WE,Towers with Radar,0,12,34,0,46,0,4,113,0,117,0,16,147,0,163,144,0,144,307
11/18/2006,STS,CA,AWP,WE,Towers with Radar,0,5,17,0,22,0,8,213,0,221,0,13,230,0,243,206,0,206,449
11/19/2006,STS,CA,AWP,WE,Towers with Radar,0,2,24,0,26,0,3,157,0,160,0,5,181,0,186,148,0,148,334
11/20/2006,STS,CA,AWP,WE,Towers with Radar,0,12,22,0,34,0,8,152,0,160,0,20,174,0,194,82,0,82,276
11/21/2006,STS,CA,AWP,WE,Towers with Radar,0,11,20,0,31,0,6,181,0,187,0,17,201,0,218,98,0,98,316
11/22/2006,STS,CA,AWP,WE,Towers with Radar,0,17,50,0,67,0,3,43,0,46,0,20,93,0,113,14,0,14,127
11/23/2006,STS,CA,AWP,WE,Towers with Radar,0,9,9,0,18,0,1,108,0,109,0,10,117,0,127,34,0,34,161
11/24/2006,STS,CA,AWP,WE,Towers with Radar,0,6,22,0,28,0,3,207,0,210,0,9,229,0,238,68,0,68,306
11/25/2006,STS,CA,AWP,WE,Towers with Radar,0,5,19,0,24,0,9,299,0,308,0,14,318,0,332,166,0,166,498
11/26/2006,STS,CA,AWP,WE,Towers with Radar,0,6,47,0,53,0,0,79,2,81,0,6,126,2,134,42,0,42,176
11/27/2006,STS,CA,AWP,WE,Towers with Radar,0,11,20,0,31,0,0,132,0,132,0,11,152,0,163,160,0,160,323
11/28/2006,STS,CA,AWP,WE,Towers with Radar,0,12,23,2,37,0,4,132,0,136,0,16,155,2,173,76,0,76,249
11/29/2006,STS,CA,AWP,WE,Towers with Radar,0,4,18,1,23,0,2,180,1,183,0,6,198,2,206,176,0,176,382
11/30/2006,STS,CA,AWP,WE,Towers with Radar,0,7,10,1,18,0,2,205,2,209,0,9,215,3,227,176,0,176,403
12/01/2006,STS,CA,AWP,WE,Towers with Radar,0,10,15,0,25,0,11,243,0,254,0,21,258,0,279,218,0,218,497
12/02/2006,STS,CA,AWP,WE,Towers with Radar,0,2,16,0,18,0,0,225,0,225,0,2,241,0,243,133,0,133,376
12/03/2006,STS,CA,AWP,WE,Towers with Radar,0,2,17,0,19,0,2,251,0,253,0,4,268,0,272,142,0,142,414
12/04/2006,STS,CA,AWP,WE,Towers with Radar,0,9,19,2,30,0,0,200,4,204,0,9,219,6,234,154,0,154,388
12/05/2006,STS,CA,AWP,WE,Towers with Radar,0,4,21,2,27,0,2,196,0,198,0,6,217,2,225,166,0,166,391
12/06/2006,STS,CA,AWP,WE,Towers with Radar,0,6,11,0,17,0,5,179,1,185,0,11,190,1,202,176,0,176,378
12/07/2006,STS,CA,AWP,WE,Towers with Radar,0,6,10,0,16,0,4,173,1,178,0,10,183,1,194,214,0,214,408
12/08/2006,STS,CA,AWP,WE,Towers with Radar,0,8,27,0,35,0,3,106,0,109,0,11,133,0,144,44,0,44,188
12/09/2006,STS,CA,AWP,WE,Towers with Radar,0,4,34,0,38,0,0,18,1,19,0,4,52,1,57,0,0,0,57
12/10/2006,STS,CA,AWP,WE,Towers with Radar,0,6,23,0,29,0,1,45,0,46,0,7,68,0,75,50,0,50,125
12/11/2006,STS,CA,AWP,WE,Towers with Radar,0,17,34,0,51,0,2,10,0,12,0,19,44,0,63,4,0,4,67
12/12/2006,STS,CA,AWP,WE,Towers with Radar,0,12,34,0,46,0,0,6,0,6,0,12,40,0,52,24,0,24,76
12/13/2006,STS,CA,AWP,WE,Towers with Radar,0,18,44,0,62,0,0,0,0,0,0,18,44,0,62,2,0,2,64
12/14/2006,STS,CA,AWP,WE,Towers with Radar,0,9,40,0,49,0,2,46,0,48,0,11,86,0,97,6,0,6,103
12/15/2006,STS,CA,AWP,WE,Towers with Radar,0,12,17,0,29,0,1,141,0,142,0,13,158,0,171,124,0,124,295
12/16/2006,STS,CA,AWP,WE,Towers with Radar,0,4,22,0,26,0,3,123,0,126,0,7,145,0,152,158,0,158,310
12/17/2006,STS,CA,AWP,WE,Towers with Radar,0,6,23,0,29,0,0,173,0,173,0,6,196,0,202,112,0,112,314
12/18/2006,STS,CA,AWP,WE,Towers with Radar,0,9,18,0,27,0,0,189,0,189,0,9,207,0,216,156,0,156,372
12/19/2006,STS,CA,AWP,WE,Towers with Radar,0,14,13,0,27,0,3,182,0,185,0,17,195,0,212,106,0,106,318
12/20/2006,STS,CA,AWP,WE,Towers with Radar,0,8,11,0,19,0,6,153,0,159,0,14,164,0,178,208,0,208,386
12/21/2006,STS,CA,AWP,WE,Towers with Radar,0,26,23,0,49,0,0,0,0,0,0,26,23,0,49,0,0,0,49
12/22/2006,STS,CA,AWP,WE,Towers with Radar,0,7,17,0,24,0,0,224,0,224,0,7,241,0,248,118,0,118,366
12/23/2006,STS,CA,AWP,WE,Towers with Radar,0,11,22,0,33,0,6,160,0,166,0,17,182,0,199,114,0,114,313
12/24/2006,STS,CA,AWP,WE,Towers with Radar,0,0,12,0,12,0,2,68,0,70,0,2,80,0,82,12,0,12,94
12/25/2006,STS,CA,AWP,WE,Towers with Radar,0,0,7,0,7,0,1,21,0,22,0,1,28,0,29,10,0,10,39
12/26/2006,STS,CA,AWP,WE,Towers with Radar,0,18,29,0,47,0,2,0,0,2,0,20,29,0,49,0,0,0,49
12/27/2006,STS,CA,AWP,WE,Towers with Radar,0,9,18,0,27,0,6,77,0,83,0,15,95,0,110,28,0,28,138
12/28/2006,STS,CA,AWP,WE,Towers with Radar,0,10,5,0,15,0,14,204,0,218,0,24,209,0,233,172,0,172,405
12/29/2006,STS,CA,AWP,WE,Towers with Radar,2,7,14,0,23,0,9,198,0,207,2,16,212,0,230,206,0,206,436
12/30/2006,STS,CA,AWP,WE,Towers with Radar,0,2,8,0,10,0,2,261,0,263,0,4,269,0,273,158,0,158,431
12/31/2006,STS,CA,AWP,WE,Towers with Radar,0,5,10,0,15,0,3,125,0,128,0,8,135,0,143,143,0,143,286
01/01/2007,STS,CA,AWP,WE,Towers with Radar,0,6,5,0,11,0,1,244,0,245,0,7,249,0,256,90,0,90,346
01/02/2007,STS,CA,AWP,WE,Towers with Radar,0,9,19,0,28,0,5,155,0,160,0,14,174,0,188,174,0,174,362
01/03/2007,STS,CA,AWP,WE,Towers with Radar,0,9,14,0,23,0,2,0,0,2,0,11,14,0,25,0,0,0,25
01/04/2007,STS,CA,AWP,WE,Towers with Radar,0,9,7,0,16,0,4,71,0,75,0,13,78,0,91,78,0,78,169
01/05/2007,STS,CA,AWP,WE,Towers with Radar,0,12,6,0,18,0,0,228,0,228,0,12,234,0,246,206,0,206,452
01/06/2007,STS,CA,AWP,WE,Towers with Radar,0,2,25,0,27,0,8,229,0,237,0,10,254,0,264,134,0,134,398
01/07/2007,STS,CA,AWP,WE,Towers with Radar,0,1,17,0,18,0,4,278,0,282,0,5,295,0,300,164,0,164,464
01/08/2007,STS,CA,AWP,WE,Towers with Radar,0,4,11,0,15,0,3,221,2,226,0,7,232,2,241,148,0,148,389
01/09/2007,STS,CA,AWP,WE,Towers with Radar,0,7,9,0,16,0,11,201,0,212,0,18,210,0,228,188,0,188,416
01/10/2007,STS,CA,AWP,WE,Towers with Radar,0,5,23,1,29,0,3,157,1,161,0,8,180,2,190,108,0,108,298
01/11/2007,STS,CA,AWP,WE,Towers with Radar,0,4,19,0,23,0,4,166,0,170,0,8,185,0,193,253,0,253,446
01/12/2007,STS,CA,AWP,WE,Towers with Radar,0,12,14,0,26,0,0,154,2,156,0,12,168,2,182,76,0,76,258
01/13/2007,STS,CA,AWP,WE,Towers with Radar,0,2,12,0,14,0,4,216,2,222,0,6,228,2,236,150,0,150,386
01/14/2007,STS,CA,AWP,WE,Towers with Radar,0,2,9,0,11,0,2,266,2,270,0,4,275,2,281,158,0,158,439
01/15/2007,STS,CA,AWP,WE,Towers with Radar,0,5,12,0,17,0,3,244,0,247,0,8,256,0,264,132,0,132,396
01/16/2007,STS,CA,AWP,WE,Towers with Radar,0,9,2,0,11,0,0,212,0,212,0,9,214,0,223,158,0,158,381
01/17/2007,STS,CA,AWP,WE,Towers with Radar,0,13,11,0,24,0,8,219,0,227,0,21,230,0,251,190,0,190,441
01/18/2007,STS,CA,AWP,WE,Towers with Radar,0,11,22,2,35,0,8,184,0,192,0,19,206,2,227,132,0,132,359
01/19/2007,STS,CA,AWP,WE,Towers with Radar,0,10,21,0,31,0,8,186,0,194,0,18,207,0,225,178,0,178,403
01/20/2007,STS,CA,AWP,WE,Towers with Radar,0,2,17,0,19,0,4,289,0,293,0,6,306,0,312,174,0,174,486
01/21/2007,STS,CA,AWP,WE,Towers with Radar,0,1,16,0,17,0,3,227,0,230,0,4,243,0,247,188,0,188,435
01/22/2007,STS,CA,AWP,WE,Towers with Radar,0,9,19,0,28,0,1,216,0,217,0,10,235,0,245,168,0,168,413
01/23/2007,STS,CA,AWP,WE,Towers with Radar,0,7,23,0,30,0,4,216,0,220,0,11,239,0,250,242,0,242,492
01/24/2007,STS,CA,AWP,WE,Towers with Radar,0,10,11,0,21,0,7,199,0,206,0,17,210,0,227,218,0,218,445
01/25/2007,STS,CA,AWP,WE,Towers with Radar,0,16,27,0,43,0,7,106,0,113,0,23,133,0,156,162,0,162,318
01/26/2007,STS,CA,AWP,WE,Towers with Radar,0,10,47,0,57,0,1,16,0,17,0,11,63,0,74,0,0,0,74
01/27/2007,STS,CA,AWP,WE,Towers with Radar,0,6,26,0,32,0,8,175,0,183,0,14,201,0,215,154,0,154,369
01/28/2007,STS,CA,AWP,WE,Towers with Radar,0,4,28,0,32,0,3,156,2,161,0,7,184,2,193,116,0,116,309
01/29/2007,STS,CA,AWP,WE,Towers with Radar,0,10,31,0,41,0,10,162,0,172,0,20,193,0,213,116,0,116,329
01/30/2007,STS,CA,AWP,WE,Towers with Radar,0,6,22,0,28,0,4,156,0,160,0,10,178,0,188,112,0,112,300
01/31/2007,STS,CA,AWP,WE,Towers with Radar,0,16,17,0,33,0,3,128,0,131,0,19,145,0,164,206,0,206,370
02/01/2007,STS,CA,AWP,WE,Towers with Radar,0,17,29,0,46,0,9,129,0,138,0,26,158,0,184,50,0,50,234
02/02/2007,STS,CA,AWP,WE,Towers with Radar,0,0,3,0,3,0,12,225,0,237,0,12,228,0,240,218,0,218,458
02/03/2007,STS,CA,AWP,WE,Towers with Radar,0,1,35,0,36,0,2,231,0,233,0,3,266,0,269,118,0,118,387
02/04/2007,STS,CA,AWP,WE,Towers with Radar,0,2,23,0,25,0,1,224,0,225,0,3,247,0,250,160,0,160,410
02/05/2007,STS,CA,AWP,WE,Towers with Radar,0,6,21,0,27,0,6,196,0,202,0,12,217,0,229,182,0,182,411
02/06/2007,STS,CA,AWP,WE,Towers with Radar,0,15,26,0,41,0,3,146,0,149,0,18,172,0,190,118,0,118,308
02/07/2007,STS,CA,AWP,WE,Towers with Radar,0,12,37,0,49,0,0,4,0,4,0,12,41,0,53,14,0,14,67
02/08/2007,STS,CA,AWP,WE,Towers with Radar,0,15,26,0,41,0,0,0,0,0,0,15,26,0,41,0,0,0,41
02/09/2007,STS,CA,AWP,WE,Towers with Radar,0,11,33,0,44,0,1,0,0,1,0,12,33,0,45,0,0,0,45
02/10/2007,STS,CA,AWP,WE,Towers with Radar,0,7,39,4,50,0,0,1,0,1,0,7,40,4,51,20,0,20,71
02/11/2007,STS,CA,AWP,WE,Towers with Radar,0,2,26,0,28,0,8,114,6,128,0,10,140,6,156,124,0,124,280
02/12/2007,STS,CA,AWP,WE,Towers with Radar,0,5,30,0,35,0,1,81,0,82,0,6,111,0,117,62,0,62,179
02/13/2007,STS,CA,AWP,WE,Towers with Radar,0,11,12,0,23,0,6,214,0,220,0,17,226,0,243,248,0,248,491
02/14/2007,STS,CA,AWP,WE,Towers with Radar,0,16,26,1,43,0,7,230,1,238,0,23,256,2,281,240,6,246,527
02/15/2007,STS,CA,AWP,WE,Towers with Radar,0,13,14,0,27,0,18,222,0,240,0,31,236,0,267,102,0,102,369
02/16/2007,STS,CA,AWP,WE,Towers with Radar,0,7,21,0,28,0,3,213,4,220,0,10,234,4,248,202,0,202,450
02/17/2007,STS,CA,AWP,WE,Towers with Radar,0,0,17,0,17,0,4,231,0,235,0,4,248,0,252,198,0,198,450
02/18/2007,STS,CA,AWP,WE,Towers with Radar,0,2,15,0,17,0,0,180,0,180,0,2,195,0,197,154,0,154,351
02/19/2007,STS,CA,AWP,WE,Towers with Radar,0,12,20,0,32,0,3,248,0,251,0,15,268,0,283,212,0,212,495
02/20/2007,STS,CA,AWP,WE,Towers with Radar,0,11,31,6,48,0,7,235,9,251,0,18,266,15,299,162,0,162,461
02/21/2007,STS,CA,AWP,WE,Towers with Radar,0,13,24,0,37,0,1,29,0,30,0,14,53,0,67,36,0,36,103
02/22/2007,STS,CA,AWP,WE,Towers with Radar,0,13,16,0,29,0,3,79,0,82,0,16,95,0,111,56,0,56,167
02/23/2007,STS,CA,AWP,WE,Towers with Radar,0,12,23,0,35,0,2,209,0,211,0,14,232,0,246,164,0,164,410
02/24/2007,STS,CA,AWP,WE,Towers with Radar,0,3,40,0,43,0,1,26,0,27,0,4,66,0,70,32,0,32,102
02/25/2007,STS,CA,AWP,WE,Towers with Radar,0,12,23,0,35,0,4,122,0,126,0,16,145,0,161,134,0,134,295
02/26/2007,STS,CA,AWP,WE,Towers with Radar,0,9,32,2,43,0,0,109,2,111,0,9,141,4,154,18,0,18,172
02/27/2007,STS,CA,AWP,WE,Towers with Radar,0,14,18,0,32,0,4,117,0,121,0,18,135,0,153,104,0,104,257
02/28/2007,STS,CA,AWP,WE,Towers with Radar,0,12,28,0,40,0,5,131,0,136,0,17,159,0,176,102,0,102,278
03/01/2007,STS,CA,AWP,WE,Towers with Radar,0,12,21,1,34,0,1,140,5,146,0,13,161,6,180,144,0,144,324
03/02/2007,STS,CA,AWP,WE,Towers with Radar,0,8,22,0,30,0,3,272,2,277,0,11,294,2,307,272,0,272,579
03/03/2007,STS,CA,AWP,WE,Towers with Radar,0,4,5,0,9,0,2,331,0,333,0,6,336,0,342,254,0,254,596
03/04/2007,STS,CA,AWP,WE,Towers with Radar,0,5,17,0,22,0,5,279,6,290,0,10,296,6,312,250,0,250,562
03/05/2007,STS,CA,AWP,WE,Towers with Radar,0,4,9,1,14,0,7,243,3,253,0,11,252,4,267,242,0,242,509
03/06/2007,STS,CA,AWP,WE,Towers with Radar,0,10,11,0,21,0,2,209,0,211,0,12,220,0,232,206,0,206,438
03/07/2007,STS,CA,AWP,WE,Towers with Radar,0,14,44,0,58,0,1,113,0,114,0,15,157,0,172,98,0,98,270
03/08/2007,STS,CA,AWP,WE,Towers with Radar,0,15,17,1,33,0,1,175,2,178,0,16,192,3,211,198,0,198,409
03/09/2007,STS,CA,AWP,WE,Towers with Radar,0,11,26,1,38,0,7,199,4,210,0,18,225,5,248,98,0,98,346
03/10/2007,STS,CA,AWP,WE,Towers with Radar,0,0,10,0,10,0,11,285,2,298,0,11,295,2,308,190,0,190,498
03/11/2007,STS,CA,AWP,WE,Towers with Radar,0,6,20,0,26,0,0,268,1,269,0,6,288,1,295,182,0,182,477
03/12/2007,STS,CA,AWP,WE,Towers with Radar,0,6,20,0,26,0,9,236,2,247,0,15,256,2,273,214,0,214,487
03/13/2007,STS,CA,AWP,WE,Towers with Radar,0,7,29,0,36,0,7,187,0,194,0,14,216,0,230,192,0,192,422
03/14/2007,STS,CA,AWP,WE,Towers with Radar,1,6,30,0,37,0,7,174,0,181,1,13,204,0,218,210,0,210,428
03/15/2007,STS,CA,AWP,WE,Towers with Radar,0,9,36,1,46,0,3,193,9,205,0,12,229,10,251,284,0,284,535
03/16/2007,STS,CA,AWP,WE,Towers with Radar,0,12,23,0,35,0,6,249,0,255,0,18,272,0,290,214,0,214,504
03/17/2007,STS,CA,AWP,WE,Towers with Radar,0,5,32,0,37,0,2,220,0,222,0,7,252,0,259,154,0,154,413
03/18/2007,STS,CA,AWP,WE,Towers with Radar,0,4,22,0,26,0,0,192,0,192,0,4,214,0,218,176,0,176,394
03/19/2007,STS,CA,AWP,WE,Towers with Radar,0,11,31,0,42,0,0,169,0,169,0,11,200,0,211,148,0,148,359
03/20/2007,STS,CA,AWP,WE,Towers with Radar,4,12,39,0,55,0,2,68,0,70,4,14,107,0,125,105,0,105,230
03/21/2007,STS,CA,AWP,WE,Towers with Radar,5,6,13,0,24,0,15,197,0,212,5,21,210,0,236,176,0,176,412
03/22/2007,STS,CA,AWP,WE,Towers with Radar,4,13,13,0,30,0,0,151,0,151,4,13,164,0,181,187,0,187,368
03/23/2007,STS,CA,AWP,WE,Towers with Radar,5,7,24,0,36,0,9,215,0,224,5,16,239,0,260,186,0,186,446
03/24/2007,STS,CA,AWP,WE,Towers with Radar,6,1,10,0,17,0,4,223,0,227,6,5,233,0,244,142,0,142,386
03/25/2007,STS,CA,AWP,WE,Towers with Radar,4,10,17,0,31,3,18,173,1,195,7,28,190,1,226,200,0,200,426
03/26/2007,STS,CA,AWP,WE,Towers with Radar,4,15,33,0,52,0,6,56,0,62,4,21,89,0,114,30,0,30,144
03/27/2007,STS,CA,AWP,WE,Towers with Radar,4,6,23,0,33,0,9,65,0,74,4,15,88,0,107,60,0,60,167
03/28/2007,STS,CA,AWP,WE,Towers with Radar,4,8,27,0,39,0,6,163,3,172,4,14,190,3,211,160,0,160,371
03/29/2007,STS,CA,AWP,WE,Towers with Radar,4,9,16,0,29,0,8,207,0,215,4,17,223,0,244,150,0,150,394
03/30/2007,STS,CA,AWP,WE,Towers with Radar,4,8,21,2,35,0,12,240,6,258,4,20,261,8,293,216,0,216,509
03/31/2007,STS,CA,AWP,WE,Towers with Radar,4,2,2,0,8,0,0,236,0,236,4,2,238,0,244,186,0,186,430
04/01/2007,STS,CA,AWP,WE,Towers with Radar,4,0,13,0,17,0,6,229,0,235,4,6,242,0,252,138,0,138,390
04/02/2007,STS,CA,AWP,WE,Towers with Radar,4,8,9,0,21,0,10,238,0,248,4,18,247,0,269,198,0,198,467
04/03/2007,STS,CA,AWP,WE,Towers with Radar,4,9,14,0,27,0,3,188,0,191,4,12,202,0,218,208,0,208,426
04/04/2007,STS,CA,AWP,WE,Towers with Radar,4,8,37,0,49,0,4,144,0,148,4,12,181,0,197,162,0,162,359
04/05/2007,STS,CA,AWP,WE,Towers with Radar,4,10,10,2,26,0,2,195,0,197,4,12,205,2,223,262,0,262,485
04/06/2007,STS,CA,AWP,WE,Towers with Radar,5,12,33,0,50,0,3,166,0,169,5,15,199,0,219,156,0,156,375
04/07/2007,STS,CA,AWP,WE,Towers with Radar,5,0,23,0,28,0,0,83,0,83,5,0,106,0,111,106,0,106,217
04/08/2007,STS,CA,AWP,WE,Towers with Radar,4,1,11,0,16,0,3,246,0,249,4,4,257,0,265,220,0,220,485
04/09/2007,STS,CA,AWP,WE,Towers with Radar,3,4,24,0,31,0,5,173,1,179,3,9,197,1,210,164,0,164,374
04/10/2007,STS,CA,AWP,WE,Towers with Radar,4,6,14,0,24,1,5,205,0,211,5,11,219,0,235,200,0,200,435
04/11/2007,STS,CA,AWP,WE,Towers with Radar,4,10,36,0,50,1,2,107,0,110,5,12,143,0,160,106,0,106,266
04/12/2007,STS,CA,AWP,WE,Towers with Radar,4,7,21,0,32,0,6,195,0,201,4,13,216,0,233,170,0,170,403
04/13/2007,STS,CA,AWP,WE,Towers with Radar,4,7,21,2,34,0,9,300,2,311,4,16,321,4,345,254,0,254,599
04/14/2007,STS,CA,AWP,WE,Towers with Radar,4,2,24,0,30,0,2,72,0,74,4,4,96,0,104,96,0,96,200
04/15/2007,STS,CA,AWP,WE,Towers with Radar,5,6,21,0,32,0,4,260,0,264,5,10,281,0,296,112,0,112,408
04/16/2007,STS,CA,AWP,WE,Towers with Radar,4,13,18,0,35,0,6,219,0,225,4,19,237,0,260,210,0,210,470
04/17/2007,STS,CA,AWP,WE,Towers with Radar,4,8,10,0,22,0,9,123,0,132,4,17,133,0,154,130,0,130,284
04/18/2007,STS,CA,AWP,WE,Towers with Radar,4,9,18,0,31,0,9,192,0,201,4,18,210,0,232,231,0,231,463
04/19/2007,STS,CA,AWP,WE,Towers with Radar,4,10,41,0,55,0,5,145,0,150,4,15,186,0,205,118,0,118,323
04/20/2007,STS,CA,AWP,WE,Towers with Radar,4,6,19,0,29,0,7,195,2,204,4,13,214,2,233,166,0,166,399
04/21/2007,STS,CA,AWP,WE,Towers with Radar,4,6,25,0,35,0,0,113,0,113,4,6,138,0,148,52,0,52,200
04/22/2007,STS,CA,AWP,WE,Towers with Radar,4,9,32,0,45,0,5,169,0,174,4,14,201,0,219,100,0,100,319
04/23/2007,STS,CA,AWP,WE,Towers with Radar,4,4,13,0,21,0,9,226,0,235,4,13,239,0,256,294,0,294,550
04/24/2007,STS,CA,AWP,WE,Towers with Radar,4,5,24,0,33,0,5,208,0,213,4,10,232,0,246,142,0,142,388
04/25/2007,STS,CA,AWP,WE,Towers with Radar,4,14,31,2,51,0,5,178,2,185,4,19,209,4,236,154,0,154,390
04/26/2007,STS,CA,AWP,WE,Towers with Radar,5,5,18,0,28,0,10,200,2,212,5,15,218,2,240,192,0,192,432
04/27/2007,STS,CA,AWP,WE,Towers with Radar,4,5,23,1,33,0,7,298,1,306,4,12,321,2,339,286,0,286,625
04/28/2007,STS,CA,AWP,WE,Towers with Radar,4,1,16,0,21,0,5,271,0,276,4,6,287,0,297,232,0,232,529
04/29/2007,STS,CA,AWP,WE,Towers with Radar,6,8,47,0,61,0,10,175,0,185,6,18,222,0,246,110,0,110,356
04/30/2007,STS,CA,AWP,WE,Towers with Radar,4,3,16,0,23,0,10,208,1,219,4,13,224,1,242,202,0,202,444
05/01/2007,STS,CA,AWP,WE,Towers with Radar,4,7,29,0,40,0,9,192,2,203,4,16,221,2,243,234,0,234,477
05/02/2007,STS,CA,AWP,WE,Towers with Radar,4,3,25,2,34,0,7,122,3,132,4,10,147,5,166,156,0,156,322
05/03/2007,STS,CA,AWP,WE,Towers with Radar,4,11,21,0,36,1,6,184,0,191,5,17,205,0,227,176,0,176,403
05/04/2007,STS,CA,AWP,WE,Towers with Radar,4,5,36,0,45,0,3,144,5,152,4,8,180,5,197,98,0,98,295
05/05/2007,STS,CA,AWP,WE,Towers with Radar,4,3,17,0,24,0,6,239,2,247,4,9,256,2,271,226,0,226,497
05/06/2007,STS,CA,AWP,WE,Towers with Radar,4,5,36,0,45,0,9,285,0,294,4,14,321,0,339,202,0,202,541
05/07/2007,STS,CA,AWP,WE,Towers with Radar,5,6,8,0,19,0,5,203,0,208,5,11,211,0,227,180,0,180,407
05/08/2007,STS,CA,AWP,WE,Towers with Radar,4,10,4,0,18,0,10,218,4,232,4,20,222,4,250,238,0,238,488
05/09/2007,STS,CA,AWP,WE,Towers with Radar,4,6,13,0,23,0,3,167,3,173,4,9,180,3,196,164,0,164,360
05/10/2007,STS,CA,AWP,WE,Towers with Radar,6,16,40,0,62,0,12,158,0,170,6,28,198,0,232,142,0,142,374
05/11/2007,STS,CA,AWP,WE,Towers with Radar,3,10,37,0,50,1,7,166,0,174,4,17,203,0,224,144,0,144,368
05/12/2007,STS,CA,AWP,WE,Towers with Radar,4,4,16,0,24,0,1,253,0,254,4,5,269,0,278,152,0,152,430
05/13/2007,STS,CA,AWP,WE,Towers with Radar,4,5,10,0,19,0,3,279,0,282,4,8,289,0,301,220,0,220,521
05/14/2007,STS,CA,AWP,WE,Towers with Radar,4,3,23,0,30,0,6,241,0,247,4,9,264,0,277,198,0,198,475
05/15/2007,STS,CA,AWP,WE,Towers with Radar,5,14,25,0,44,0,5,111,0,116,5,19,136,0,160,88,0,88,248
05/16/2007,STS,CA,AWP,WE,Towers with Radar,6,4,26,0,36,0,9,149,2,160,6,13,175,2,196,136,0,136,332
05/17/2007,STS,CA,AWP,WE,Towers with Radar,4,14,20,0,38,0,14,213,2,229,4,28,233,2,267,130,0,130,397
05/18/2007,STS,CA,AWP,WE,Towers with Radar,4,6,14,0,24,0,7,308,0,315,4,13,322,0,339,152,0,152,491
05/19/2007,STS,CA,AWP,WE,Towers with Radar,4,0,8,0,12,0,3,283,0,286,4,3,291,0,298,224,0,224,522
05/20/2007,STS,CA,AWP,WE,Towers with Radar,4,7,17,0,28,0,3,317,0,320,4,10,334,0,348,90,0,90,438
05/21/2007,STS,CA,AWP,WE,Towers with Radar,4,10,13,0,27,0,4,148,0,152,4,14,161,0,179,144,0,144,323
05/22/2007,STS,CA,AWP,WE,Towers with Radar,4,9,20,0,33,0,5,217,0,222,4,14,237,0,255,154,0,154,409
05/23/2007,STS,CA,AWP,WE,Towers with Radar,4,8,24,0,36,0,6,173,1,180,4,14,197,1,216,142,0,142,358
05/24/2007,STS,CA,AWP,WE,Towers with Radar,5,3,20,0,28,0,13,186,0,199,5,16,206,0,227,156,0,156,383
05/25/2007,STS,CA,AWP,WE,Towers with Radar,5,11,31,0,47,0,5,223,2,230,5,16,254,2,277,128,0,128,405
05/26/2007,STS,CA,AWP,WE,Towers with Radar,6,6,19,0,31,0,5,201,2,208,6,11,220,2,239,72,0,72,311
05/27/2007,STS,CA,AWP,WE,Towers with Radar,3,2,37,0,42,0,3,129,0,132,3,5,166,0,174,78,0,78,252
05/28/2007,STS,CA,AWP,WE,Towers with Radar,4,3,24,0,31,0,10,245,0,255,4,13,269,0,286,190,0,190,476
05/29/2007,STS,CA,AWP,WE,Towers with Radar,5,8,32,0,45,0,8,183,0,191,5,16,215,0,236,178,0,178,414
05/30/2007,STS,CA,AWP,WE,Towers with Radar,4,7,40,0,51,0,9,168,2,179,4,16,208,2,230,120,0,120,350
05/31/2007,STS,CA,AWP,WE,Towers with Radar,4,16,71,0,91,0,1,209,4,214,4,17,280,4,305,170,0,170,475
06/01/2007,STS,CA,AWP,WE,Towers with Radar,4,11,47,0,62,0,14,168,0,182,4,25,215,0,244,116,0,116,360
06/02/2007,STS,CA,AWP,WE,Towers with Radar,4,6,32,0,42,0,6,160,0,166,4,12,192,0,208,66,0,66,274
06/03/2007,STS,CA,AWP,WE,Towers with Radar,5,24,59,0,88,0,9,219,0,228,5,33,278,0,316,70,0,70,386
06/04/2007,STS,CA,AWP,WE,Towers with Radar,4,6,27,0,37,0,4,136,0,140,4,10,163,0,177,114,0,114,291
06/05/2007,STS,CA,AWP,WE,Towers with Radar,4,12,21,0,37,0,3,170,1,174,4,15,191,1,211,138,0,138,349
06/06/2007,STS,CA,AWP,WE,Towers with Radar,4,10,16,0,30,0,7,205,1,213,4,17,221,1,243,162,0,162,405
06/07/2007,STS,CA,AWP,WE,Towers with Radar,4,8,18,0,30,0,13,343,0,356,4,21,361,0,386,253,0,253,639
06/08/2007,STS,CA,AWP,WE,Towers with Radar,4,9,7,0,20,0,0,256,0,256,4,9,263,0,276,236,0,236,512
06/09/2007,STS,CA,AWP,WE,Towers with Radar,4,5,9,0,18,0,6,261,0,267,4,11,270,0,285,232,0,232,517
06/10/2007,STS,CA,AWP,WE,Towers with Radar,4,9,14,0,27,0,10,250,0,260,4,19,264,0,287,142,0,142,429
06/11/2007,STS,CA,AWP,WE,Towers with Radar,5,4,11,0,20,0,3,212,0,215,5,7,223,0,235,130,0,130,365
06/12/2007,STS,CA,AWP,WE,Towers with Radar,4,7,9,0,20,0,6,220,0,226,4,13,229,0,246,194,0,194,440
06/13/2007,STS,CA,AWP,WE,Towers with Radar,4,11,14,0,29,0,7,241,0,248,4,18,255,0,277,208,0,208,485
06/14/2007,STS,CA,AWP,WE,Towers with Radar,4,12,15,0,31,1,11,259,0,271,5,23,274,0,302,210,0,210,512
06/15/2007,STS,CA,AWP,WE,Towers with Radar,4,16,26,0,46,0,8,225,0,233,4,24,251,0,279,135,0,135,414
06/16/2007,STS,CA,AWP,WE,Towers with Radar,4,8,27,0,39,0,9,290,0,299,4,17,317,0,338,196,0,196,534
06/17/2007,STS,CA,AWP,WE,Towers with Radar,4,9,19,0,32,0,3,206,0,209,4,12,225,0,241,162,0,162,403
06/18/2007,STS,CA,AWP,WE,Towers with Radar,5,6,27,0,38,0,7,178,1,186,5,13,205,1,224,174,0,174,398
06/19/2007,STS,CA,AWP,WE,Towers with Radar,4,12,16,2,34,0,5,198,1,204,4,17,214,3,238,148,0,148,386
06/20/2007,STS,CA,AWP,WE,Towers with Radar,5,9,32,0,46,0,3,167,4,174,5,12,199,4,220,202,0,202,422
06/21/2007,STS,CA,AWP,WE,Towers with Radar,4,9,30,2,45,0,4,224,0,228,4,13,254,2,273,178,0,178,451
06/22/2007,STS,CA,AWP,WE,Towers with Radar,4,12,28,0,44,0,5,223,0,228,4,17,251,0,272,166,0,166,438
06/23/2007,STS,CA,AWP,WE,Towers with Radar,5,5,17,0,27,0,6,223,0,229,5,11,240,0,256,154,0,154,410
06/24/2007,STS,CA,AWP,WE,Towers with Radar,5,5,33,0,43,0,18,197,0,215,5,23,230,0,258,128,0,128,386
06/25/2007,STS,CA,AWP,WE,Towers with Radar,5,8,13,0,26,0,1,211,0,212,5,9,224,0,238,150,0,150,388
06/26/2007,STS,CA,AWP,WE,Towers with Radar,4,5,16,0,25,0,7,203,2,212,4,12,219,2,237,174,0,174,411
06/27/2007,STS,CA,AWP,WE,Towers with Radar,5,14,26,0,45,0,8,234,0,242,5,22,260,0,287,208,0,208,495
06/28/2007,STS,CA,AWP,WE,Towers with Radar,4,7,20,0,31,0,17,234,0,251,4,24,254,0,282,178,0,178,460
06/29/2007,STS,CA,AWP,WE,Towers with Radar,5,9,12,0,26,0,10,243,0,253,5,19,255,0,279,120,0,120,399
06/30/2007,STS,CA,AWP,WE,Towers with Radar,4,2,7,0,13,0,4,241,0,245,4,6,248,0,258,108,0,108,366
07/01/2007,STS,CA,AWP,WE,Towers with Radar,5,7,6,0,18,0,0,227,0,227,5,7,233,0,245,136,0,136,381
07/02/2007,STS,CA,AWP,WE,Towers with Radar,5,14,11,0,30,0,0,190,0,190,5,14,201,0,220,104,0,104,324
07/03/2007,STS,CA,AWP,WE,Towers with Radar,4,5,17,0,26,0,9,226,0,235,4,14,243,0,261,168,0,168,429
07/04/2007,STS,CA,AWP,WE,Towers with Radar,3,3,6,0,12,1,4,207,0,212,4,7,213,0,224,190,0,190,414
07/05/2007,STS,CA,AWP,WE,Towers with Radar,4,8,25,3,40,0,11,221,1,233,4,19,246,4,273,168,0,168,441
07/06/2007,STS,CA,AWP,WE,Towers with Radar,4,15,11,0,30,0,4,214,0,218,4,19,225,0,248,218,0,218,466
07/07/2007,STS,CA,AWP,WE,Towers with Radar,4,5,18,0,27,1,3,237,0,241,5,8,255,0,268,174,0,174,442
07/08/2007,STS,CA,AWP,WE,Towers with Radar,4,6,31,0,41,0,3,219,0,222,4,9,250,0,263,122,0,122,385
07/09/2007,STS,CA,AWP,WE,Towers with Radar,5,10,26,0,41,0,3,111,0,114,5,13,137,0,155,14,0,14,169
07/10/2007,STS,CA,AWP,WE,Towers with Radar,4,6,16,0,26,0,11,213,0,224,4,17,229,0,250,156,0,156,406
07/11/2007,STS,CA,AWP,WE,Towers with Radar,5,7,60,0,72,0,20,191,0,211,5,27,251,0,283,118,0,118,401
07/12/2007,STS,CA,AWP,WE,Towers with Radar,4,30,53,0,87,0,8,351,6,365,4,38,404,6,452,212,0,212,664
07/13/2007,STS,CA,AWP,WE,Towers with Radar,4,12,28,0,44,0,8,269,0,277,4,20,297,0,321,178,0,178,499
07/14/2007,STS,CA,AWP,WE,Towers with Radar,4,12,31,0,47,0,2,235,0,237,4,14,266,0,284,96,0,96,380
07/15/2007,STS,CA,AWP,WE,Towers with Radar,5,16,53,0,74,0,3,248,0,251,5,19,301,0,325,44,0,44,369
07/16/2007,STS,CA,AWP,WE,Towers with Radar,4,13,15,0,32,0,6,183,0,189,4,19,198,0,221,160,0,160,381
07/17/2007,STS,CA,AWP,WE,Towers with Radar,4,12,17,3,36,0,14,197,1,212,4,26,214,4,248,128,0,128,376
07/18/2007,STS,CA,AWP,WE,Towers with Radar,5,18,37,0,60,0,9,170,0,179,5,27,207,0,239,158,0,158,397
07/19/2007,STS,CA,AWP,WE,Towers with Radar,4,40,61,0,105,0,20,242,0,262,4,60,303,0,367,266,0,266,633
07/20/2007,STS,CA,AWP,WE,Towers with Radar,4,21,30,0,55,0,3,179,1,183,4,24,209,1,238,140,0,140,378
07/21/2007,STS,CA,AWP,WE,Towers with Radar,4,11,12,0,27,0,4,276,0,280,4,15,288,0,307,74,0,74,381
07/22/2007,STS,CA,AWP,WE,Towers with Radar,5,42,67,0,114,0,9,220,0,229,5,51,287,0,343,60,0,60,403
07/23/2007,STS,CA,AWP,WE,Towers with Radar,3,18,28,0,49,0,6,180,0,186,3,24,208,0,235,106,0,106,341
07/24/2007,STS,CA,AWP,WE,Towers with Radar,4,5,17,0,26,0,5,157,1,163,4,10,174,1,189,102,0,102,291
07/25/2007,STS,CA,AWP,WE,Towers with Radar,4,12,40,0,56,0,3,169,0,172,4,15,209,0,228,82,0,82,310
07/26/2007,STS,CA,AWP,WE,Towers with Radar,4,27,53,0,84,0,3,122,0,125,4,30,175,0,209,80,2,82,291
07/27/2007,STS,CA,AWP,WE,Towers with Radar,4,19,40,0,63,0,6,176,0,182,4,25,216,0,245,91,0,91,336
07/28/2007,STS,CA,AWP,WE,Towers with Radar,5,8,16,0,29,0,1,178,0,179,5,9,194,0,208,76,0,76,284
07/29/2007,STS,CA,AWP,WE,Towers with Radar,4,19,54,0,77,0,7,227,0,234,4,26,281,0,311,94,0,94,405
07/30/2007,STS,CA,AWP,WE,Towers with Radar,5,9,23,0,37,0,8,110,0,118,5,17,133,0,155,120,0,120,275
07/31/2007,STS,CA,AWP,WE,Towers with Radar,4,15,15,0,34,0,4,198,0,202,4,19,213,0,236,216,0,216,452
08/01/2007,STS,CA,AWP,WE,Towers with Radar,5,8,28,0,41,0,4,150,0,154,5,12,178,0,195,100,0,100,295
08/02/2007,STS,CA,AWP,WE,Towers with Radar,4,16,23,0,43,0,3,193,0,196,4,19,216,0,239,152,0,152,391
08/03/2007,STS,CA,AWP,WE,Towers with Radar,4,11,38,0,53,0,9,210,0,219,4,20,248,0,272,182,0,182,454
08/04/2007,STS,CA,AWP,WE,Towers with Radar,4,1,14,0,19,0,15,253,0,268,4,16,267,0,287,116,0,116,403
08/05/2007,STS,CA,AWP,WE,Towers with Radar,5,6,40,0,51,0,5,148,0,153,5,11,188,0,204,52,0,52,256
08/06/2007,STS,CA,AWP,WE,Towers with Radar,4,8,44,0,56,0,7,87,2,96,4,15,131,2,152,36,0,36,188
08/07/2007,STS,CA,AWP,WE,Towers with Radar,4,9,27,0,40,0,10,168,3,181,4,19,195,3,221,126,0,126,347
08/08/2007,STS,CA,AWP,WE,Towers with Radar,6,5,28,0,39,1,13,176,0,190,7,18,204,0,229,130,0,130,359
08/09/2007,STS,CA,AWP,WE,Towers with Radar,4,11,35,0,50,0,0,152,5,157,4,11,187,5,207,88,0,88,295
08/10/2007,STS,CA,AWP,WE,Towers with Radar,6,6,15,0,27,0,6,255,2,263,6,12,270,2,290,126,0,126,416
08/11/2007,STS,CA,AWP,WE,Towers with Radar,5,1,14,0,20,0,4,221,0,225,5,5,235,0,245,88,0,88,333
08/12/2007,STS,CA,AWP,WE,Towers with Radar,5,5,20,0,30,0,4,193,0,197,5,9,213,0,227,120,0,120,347
08/13/2007,STS,CA,AWP,WE,Towers with Radar,5,5,14,0,24,0,0,194,0,194,5,5,208,0,218,136,0,136,354
08/14/2007,STS,CA,AWP,WE,Towers with Radar,4,4,24,0,32,0,9,190,2,201,4,13,214,2,233,156,0,156,389
08/15/2007,STS,CA,AWP,WE,Towers with Radar,4,5,21,2,32,0,9,246,0,255,4,14,267,2,287,150,0,150,437
08/16/2007,STS,CA,AWP,WE,Towers with Radar,4,3,16,0,23,0,13,247,10,270,4,16,263,10,293,220,0,220,513
08/17/2007,STS,CA,AWP,WE,Towers with Radar,4,3,28,2,37,0,5,323,11,339,4,8,351,13,376,112,0,112,488
08/18/2007,STS,CA,AWP,WE,Towers with Radar,4,0,5,0,9,0,5,174,0,179,4,5,179,0,188,58,0,58,246
08/19/2007,STS,CA,AWP,WE,Towers with Radar,4,3,20,2,29,0,3,187,0,190,4,6,207,2,219,72,0,72,291
08/20/2007,STS,CA,AWP,WE,Towers with Radar,4,8,13,1,26,1,1,193,0,195,5,9,206,1,221,126,0,126,347
08/21/2007,STS,CA,AWP,WE,Towers with Radar,4,7,16,0,27,0,5,198,0,203,4,12,214,0,230,212,0,212,442
08/22/2007,STS,CA,AWP,WE,Towers with Radar,4,4,11,0,19,0,10,207,0,217,4,14,218,0,236,158,0,158,394
08/23/2007,STS,CA,AWP,WE,Towers with Radar,4,6,8,0,18,0,7,223,0,230,4,13,231,0,248,170,0,170,418
08/24/2007,STS,CA,AWP,WE,Towers with Radar,4,5,35,0,44,1,4,171,0,176,5,9,206,0,220,116,0,116,336
08/25/2007,STS,CA,AWP,WE,Towers with Radar,5,5,26,0,36,0,6,204,0,210,5,11,230,0,246,118,0,118,364
08/26/2007,STS,CA,AWP,WE,Towers with Radar,4,3,26,0,33,0,4,188,0,192,4,7,214,0,225,102,0,102,327
08/27/2007,STS,CA,AWP,WE,Towers with Radar,3,4,31,0,38,0,1,171,0,172,3,5,202,0,210,132,0,132,342
08/28/2007,STS,CA,AWP,WE,Towers with Radar,4,11,15,2,32,0,14,194,0,208,4,25,209,2,240,161,0,161,401
08/29/2007,STS,CA,AWP,WE,Towers with Radar,6,14,18,0,38,0,13,221,6,240,6,27,239,6,278,154,0,154,432
08/30/2007,STS,CA,AWP,WE,Towers with Radar,5,10,22,0,37,0,4,262,0,266,5,14,284,0,303,142,0,142,445
08/31/2007,STS,CA,AWP,WE,Towers with Radar,4,8,25,0,37,0,9,260,0,269,4,17,285,0,306,216,0,216,522
09/01/2007,STS,CA,AWP,WE,Towers with Radar,4,4,15,0,23,0,1,202,0,203,4,5,217,0,226,114,0,114,340
09/02/2007,STS,CA,AWP,WE,Towers with Radar,3,3,10,0,16,0,3,207,0,210,3,6,217,0,226,98,0,98,324
09/03/2007,STS,CA,AWP,WE,Towers with Radar,4,7,15,0,26,0,1,201,0,202,4,8,216,0,228,122,0,122,350
09/04/2007,STS,CA,AWP,WE,Towers with Radar,4,4,19,2,29,0,6,156,0,162,4,10,175,2,191,92,0,92,283
09/05/2007,STS,CA,AWP,WE,Towers with Radar,4,10,23,0,37,0,12,218,0,230,4,22,241,0,267,164,0,164,431
09/06/2007,STS,CA,AWP,WE,Towers with Radar,6,10,31,0,47,0,10,209,3,222,6,20,240,3,269,144,0,144,413
09/07/2007,STS,CA,AWP,WE,Towers with Radar,5,14,46,0,65,0,6,143,0,149,5,20,189,0,214,52,0,52,266
09/08/2007,STS,CA,AWP,WE,Towers with Radar,5,4,19,0,28,0,3,161,0,164,5,7,180,0,192,84,0,84,276
09/09/2007,STS,CA,AWP,WE,Towers with Radar,4,8,42,0,54,0,5,158,0,163,4,13,200,0,217,80,0,80,297
09/10/2007,STS,CA,AWP,WE,Towers with Radar,4,13,18,0,35,0,8,142,0,150,4,21,160,0,185,114,0,114,299
09/11/2007,STS,CA,AWP,WE,Towers with Radar,4,9,28,0,41,0,15,194,0,209,4,24,222,0,250,170,0,170,420
09/12/2007,STS,CA,AWP,WE,Towers with Radar,1,11,25,1,38,0,9,121,0,130,1,20,146,1,168,80,0,80,248
09/13/2007,STS,CA,AWP,WE,Towers with Radar,2,8,13,0,23,0,8,174,0,182,2,16,187,0,205,146,0,146,351
09/14/2007,STS,CA,AWP,WE,Towers with Radar,5,11,27,0,43,0,7,161,1,169,5,18,188,1,212,82,0,82,294
09/15/2007,STS,CA,AWP,WE,Towers with Radar,4,1,13,0,18,0,7,199,0,206,4,8,212,0,224,42,0,42,266
09/16/2007,STS,CA,AWP,WE,Towers with Radar,4,2,14,0,20,0,2,187,0,189,4,4,201,0,209,78,0,78,287
09/17/2007,STS,CA,AWP,WE,Towers with Radar,3,5,26,0,34,0,10,199,0,209,3,15,225,0,243,82,0,82,325
09/18/2007,STS,CA,AWP,WE,Towers with Radar,4,11,5,0,20,0,4,246,0,250,4,15,251,0,270,120,0,120,390
09/19/2007,STS,CA,AWP,WE,Towers with Radar,4,6,22,0,32,0,12,182,0,194,4,18,204,0,226,102,0,102,328
09/20/2007,STS,CA,AWP,WE,Towers with Radar,4,5,13,0,22,0,4,119,0,123,4,9,132,0,145,118,0,118,263
09/21/2007,STS,CA,AWP,WE,Towers with Radar,5,6,10,0,21,0,12,194,0,206,5,18,204,0,227,90,0,90,317
09/22/2007,STS,CA,AWP,WE,Towers with Radar,5,2,17,0,24,0,4,45,0,49,5,6,62,0,73,86,0,86,159
09/23/2007,STS,CA,AWP,WE,Towers with Radar,3,2,28,0,33,0,5,189,0,194,3,7,217,0,227,92,0,92,319
09/24/2007,STS,CA,AWP,WE,Towers with Radar,4,6,26,0,36,0,8,169,0,177,4,14,195,0,213,50,0,50,263
09/25/2007,STS,CA,AWP,WE,Towers with Radar,4,5,10,0,19,0,5,159,0,164,4,10,169,0,183,126,0,126,309
09/26/2007,STS,CA,AWP,WE,Towers with Radar,5,16,22,0,43,0,3,230,0,233,5,19,252,0,276,188,0,188,464
09/27/2007,STS,CA,AWP,WE,Towers with Radar,6,10,19,0,35,0,7,182,0,189,6,17,201,0,224,132,0,132,356
09/28/2007,STS,CA,AWP,WE,Towers with Radar,4,5,33,0,42,0,8,166,0,174,4,13,199,0,216,112,0,112,328
09/29/2007,STS,CA,AWP,WE,Towers with Radar,5,7,14,0,26,0,5,231,0,236,5,12,245,0,262,110,0,110,372
09/30/2007,STS,CA,AWP,WE,Towers with Radar,4,10,28,0,42,0,8,220,0,228,4,18,248,0,270,126,0,126,396
10/01/2007,STS,CA,AWP,WE,Towers with Radar,4,7,24,0,35,0,4,116,0,120,4,11,140,0,155,200,0,200,355
10/02/2007,STS,CA,AWP,WE,Towers with Radar,4,12,10,2,28,0,4,178,0,182,4,16,188,2,210,128,0,128,338
10/03/2007,STS,CA,AWP,WE,Towers with Radar,4,12,18,0,34,0,10,238,0,248,4,22,256,0,282,116,0,116,398
10/04/2007,STS,CA,AWP,WE,Towers with Radar,4,11,24,0,39,0,10,186,0,196,4,21,210,0,235,128,0,128,363
10/05/2007,STS,CA,AWP,WE,Towers with Radar,5,8,23,0,36,0,14,216,0,230,5,22,239,0,266,170,0,170,436
10/06/2007,STS,CA,AWP,WE,Towers with Radar,4,2,15,0,21,0,3,197,0,200,4,5,212,0,221,90,0,90,311
10/07/2007,STS,CA,AWP,WE,Towers with Radar,5,4,21,0,30,0,2,223,0,225,5,6,244,0,255,98,0,98,353
10/08/2007,STS,CA,AWP,WE,Towers with Radar,4,10,20,0,34,0,3,216,0,219,4,13,236,0,253,200,0,200,453
10/09/2007,STS,CA,AWP,WE,Towers with Radar,4,3,47,0,54,0,3,73,0,76,4,6,120,0,130,20,0,20,150
10/10/2007,STS,CA,AWP,WE,Towers with Radar,5,12,40,0,57,0,7,97,0,104,5,19,137,0,161,78,0,78,239
10/11/2007,STS,CA,AWP,WE,Towers with Radar,4,9,20,0,33,0,8,158,0,166,4,17,178,0,199,68,0,68,267
10/12/2007,STS,CA,AWP,WE,Towers with Radar,4,14,35,0,53,0,2,31,0,33,4,16,66,0,86,8,0,8,94
10/13/2007,STS,CA,AWP,WE,Towers with Radar,4,2,20,0,26,0,4,315,0,319,4,6,335,0,345,192,0,192,537
10/14/2007,STS,CA,AWP,WE,Towers with Radar,4,7,35,0,46,0,2,194,0,196,4,9,229,0,242,76,0,76,318
10/15/2007,STS,CA,AWP,WE,Towers with Radar,4,13,40,0,57,0,4,33,0,37,4,17,73,0,94,26,0,26,120
10/16/2007,STS,CA,AWP,WE,Towers with Radar,4,14,36,0,54,0,4,49,0,53,4,18,85,0,107,16,0,16,123
10/17/2007,STS,CA,AWP,WE,Towers with Radar,4,7,32,0,43,0,7,138,0,145,4,14,170,0,188,114,0,114,302
10/18/2007,STS,CA,AWP,WE,Towers with Radar,4,9,38,1,52,0,1,123,1,125,4,10,161,2,177,98,0,98,275
10/19/2007,STS,CA,AWP,WE,Towers with Radar,4,15,45,1,65,0,0,0,0,0,4,15,45,1,65,0,0,0,65
10/20/2007,STS,CA,AWP,WE,Towers with Radar,4,5,12,0,21,0,2,211,2,215,4,7,223,2,236,102,0,102,338
10/21/2007,STS,CA,AWP,WE,Towers with Radar,5,4,18,0,27,0,6,289,0,295,5,10,307,0,322,124,0,124,446
10/22/2007,STS,CA,AWP,WE,Towers with Radar,4,4,23,0,31,0,5,182,0,187,4,9,205,0,218,56,0,56,274
10/23/2007,STS,CA,AWP,WE,Towers with Radar,5,10,17,0,32,0,7,234,0,241,5,17,251,0,273,40,0,40,313
10/24/2007,STS,CA,AWP,WE,Towers with Radar,5,4,12,1,22,0,6,193,0,199,5,10,205,1,221,132,0,132,353
10/25/2007,STS,CA,AWP,WE,Towers with Radar,5,13,25,0,43,0,6,197,0,203,5,19,222,0,246,126,0,126,372
10/26/2007,STS,CA,AWP,WE,Towers with Radar,5,7,47,0,59,0,1,139,0,140,5,8,186,0,199,104,0,104,303
10/27/2007,STS,CA,AWP,WE,Towers with Radar,7,2,21,0,30,0,0,149,0,149,7,2,170,0,179,100,0,100,279
10/28/2007,STS,CA,AWP,WE,Towers with Radar,8,12,30,0,50,0,7,280,0,287,8,19,310,0,337,130,0,130,467
10/29/2007,STS,CA,AWP,WE,Towers with Radar,8,8,28,0,44,0,2,96,1,99,8,10,124,1,143,56,0,56,199
10/30/2007,STS,CA,AWP,WE,Towers with Radar,7,9,56,0,72,0,2,64,0,66,7,11,120,0,138,50,0,50,188
10/31/2007,STS,CA,AWP,WE,Towers with Radar,7,12,38,0,57,0,6,64,0,70,7,18,102,0,127,50,0,50,177
11/01/2007,STS,CA,AWP,WE,Towers with Radar,8,8,27,0,43,0,6,121,0,127,8,14,148,0,170,84,0,84,254
11/02/2007,STS,CA,AWP,WE,Towers with Radar,8,12,14,0,34,0,3,185,0,188,8,15,199,0,222,154,0,154,376
11/03/2007,STS,CA,AWP,WE,Towers with Radar,7,3,14,0,24,0,9,220,0,229,7,12,234,0,253,92,0,92,345
11/04/2007,STS,CA,AWP,WE,Towers with Radar,8,13,13,0,34,0,1,262,0,263,8,14,275,0,297,98,0,98,395
11/05/2007,STS,CA,AWP,WE,Towers with Radar,8,7,21,0,36,0,5,141,0,146,8,12,162,0,182,134,0,134,316
11/06/2007,STS,CA,AWP,WE,Towers with Radar,5,15,24,0,44,0,2,139,0,141,5,17,163,0,185,74,0,74,259
11/07/2007,STS,CA,AWP,WE,Towers with Radar,10,12,28,2,52,0,8,159,0,167,10,20,187,2,219,82,0,82,301
11/08/2007,STS,CA,AWP,WE,Towers with Radar,8,16,61,0,85,0,0,36,0,36,8,16,97,0,121,0,0,0,121
11/09/2007,STS,CA,AWP,WE,Towers with Radar,8,10,19,0,37,0,7,151,1,159,8,17,170,1,196,78,0,78,274
11/10/2007,STS,CA,AWP,WE,Towers with Radar,7,4,35,0,46,0,0,0,0,0,7,4,35,0,46,0,0,0,46
11/11/2007,STS,CA,AWP,WE,Towers with Radar,7,9,26,0,42,0,5,189,0,194,7,14,215,0,236,116,0,116,352
11/12/2007,STS,CA,AWP,WE,Towers with Radar,9,13,19,0,41,0,4,181,2,187,9,17,200,2,228,144,0,144,372
11/13/2007,STS,CA,AWP,WE,Towers with Radar,7,19,18,0,44,0,6,146,0,152,7,25,164,0,196,84,0,84,280
11/14/2007,STS,CA,AWP,WE,Towers with Radar,9,10,25,0,44,0,10,191,0,201,9,20,216,0,245,136,0,136,381
11/15/2007,STS,CA,AWP,WE,Towers with Radar,8,9,30,0,47,0,2,183,0,185,8,11,213,0,232,168,0,168,400
11/16/2007,STS,CA,AWP,WE,Towers with Radar,8,7,35,0,50,0,3,143,0,146,8,10,178,0,196,72,0,72,268
11/17/2007,STS,CA,AWP,WE,Towers with Radar,6,4,39,0,49,0,2,111,1,114,6,6,150,1,163,76,0,76,239
11/18/2007,STS,CA,AWP,WE,Towers with Radar,8,13,42,0,63,0,0,82,0,82,8,13,124,0,145,132,0,132,277
11/19/2007,STS,CA,AWP,WE,Towers with Radar,8,10,29,0,47,0,0,121,0,121,8,10,150,0,168,90,0,90,258
11/20/2007,STS,CA,AWP,WE,Towers with Radar,7,6,22,0,35,0,7,235,1,243,7,13,257,1,278,164,0,164,442
11/21/2007,STS,CA,AWP,WE,Towers with Radar,9,12,22,0,43,1,8,255,1,265,10,20,277,1,308,188,0,188,496
11/22/2007,STS,CA,AWP,WE,Towers with Radar,8,1,4,0,13,0,2,147,0,149,8,3,151,0,162,28,0,28,190
11/23/2007,STS,CA,AWP,WE,Towers with Radar,7,4,7,0,18,2,11,155,0,168,9,15,162,0,186,68,0,68,254
11/24/2007,STS,CA,AWP,WE,Towers with Radar,8,3,9,0,20,0,4,228,0,232,8,7,237,0,252,88,0,88,340
11/25/2007,STS,CA,AWP,WE,Towers with Radar,7,5,21,0,33,0,4,185,0,189,7,9,206,0,222,98,0,98,320
11/26/2007,STS,CA,AWP,WE,Towers with Radar,11,8,21,0,40,0,4,169,0,173,11,12,190,0,213,94,0,94,307
11/27/2007,STS,CA,AWP,WE,Towers with Radar,8,11,21,0,40,0,4,189,0,193,8,15,210,0,233,130,0,130,363
11/28/2007,STS,CA,AWP,WE,Towers with Radar,9,15,16,0,40,0,13,166,0,179,9,28,182,0,219,108,0,108,327
11/29/2007,STS,CA,AWP,WE,Towers with Radar,8,9,21,0,38,0,11,194,1,206,8,20,215,1,244,156,0,156,400
11/30/2007,STS,CA,AWP,WE,Towers with Radar,8,5,15,0,28,0,3,198,4,205,8,8,213,4,233,166,0,166,399
12/01/2007,STS,CA,AWP,WE,Towers with Radar,5,3,12,0,20,0,2,228,0,230,5,5,240,0,250,102,0,102,352
12/02/2007,STS,CA,AWP,WE,Towers with Radar,8,2,34,0,44,0,2,29,0,31,8,4,63,0,75,20,0,20,95
12/03/2007,STS,CA,AWP,WE,Towers with Radar,6,9,16,0,31,0,5,71,0,76,6,14,87,0,107,66,0,66,173
12/04/2007,STS,CA,AWP,WE,Towers with Radar,5,15,20,0,40,0,0,0,0,0,5,15,20,0,40,0,0,0,40
12/05/2007,STS,CA,AWP,WE,Towers with Radar,7,10,23,0,40,0,0,153,0,153,7,10,176,0,193,100,0,100,293
12/06/2007,STS,CA,AWP,WE,Towers with Radar,6,6,37,0,49,0,0,13,0,13,6,6,50,0,62,0,0,0,62
12/07/2007,STS,CA,AWP,WE,Towers with Radar,7,6,23,0,36,0,4,113,0,117,7,10,136,0,153,154,0,154,307
12/08/2007,STS,CA,AWP,WE,Towers with Radar,7,4,15,0,26,1,5,213,0,219,8,9,228,0,245,138,0,138,383
12/09/2007,STS,CA,AWP,WE,Towers with Radar,8,3,13,0,24,1,0,199,0,200,9,3,212,0,224,100,0,100,324
12/10/2007,STS,CA,AWP,WE,Towers with Radar,8,8,19,0,35,1,6,146,0,153,9,14,165,0,188,62,0,62,250
12/11/2007,STS,CA,AWP,WE,Towers with Radar,7,7,17,0,31,0,5,165,0,170,7,12,182,0,201,182,0,182,383
12/12/2007,STS,CA,AWP,WE,Towers with Radar,9,9,15,0,33,0,15,162,0,177,9,24,177,0,210,118,0,118,328
12/13/2007,STS,CA,AWP,WE,Towers with Radar,8,9,14,0,31,0,7,160,0,167,8,16,174,0,198,106,0,106,304
12/14/2007,STS,CA,AWP,WE,Towers with Radar,8,8,17,0,33,0,11,153,0,164,8,19,170,0,197,124,0,124,321
12/15/2007,STS,CA,AWP,WE,Towers with Radar,7,10,30,0,47,0,2,81,0,83,7,12,111,0,130,84,0,84,214
12/16/2007,STS,CA,AWP,WE,Towers with Radar,8,8,32,0,48,0,0,33,0,33,8,8,65,0,81,70,0,70,151
12/17/2007,STS,CA,AWP,WE,Towers with Radar,8,10,24,0,42,0,1,13,0,14,8,11,37,0,56,0,0,0,56
12/18/2007,STS,CA,AWP,WE,Towers with Radar,6,12,15,0,33,0,1,30,0,31,6,13,45,0,64,36,0,36,100
12/19/2007,STS,CA,AWP,WE,Towers with Radar,6,15,18,0,39,2,0,11,0,13,8,15,29,0,52,24,0,24,76
12/20/2007,STS,CA,AWP,WE,Towers with Radar,8,16,11,1,36,0,2,98,0,100,8,18,109,1,136,88,0,88,224
12/21/2007,STS,CA,AWP,WE,Towers with Radar,8,12,13,0,33,0,4,208,0,212,8,16,221,0,245,144,0,144,389
12/22/2007,STS,CA,AWP,WE,Towers with Radar,6,5,21,0,32,0,11,203,0,214,6,16,224,0,246,132,0,132,378
12/23/2007,STS,CA,AWP,WE,Towers with Radar,6,3,11,0,20,0,1,167,0,168,6,4,178,0,188,98,0,98,286
12/24/2007,STS,CA,AWP,WE,Towers with Radar,7,6,4,0,17,0,5,87,0,92,7,11,91,0,109,53,0,53,162
12/25/2007,STS,CA,AWP,WE,Towers with Radar,7,4,2,0,13,0,5,103,0,108,7,9,105,0,121,38,0,38,159
12/26/2007,STS,CA,AWP,WE,Towers with Radar,8,7,14,1,30,0,11,110,1,122,8,18,124,2,152,106,0,106,258
12/27/2007,STS,CA,AWP,WE,Towers with Radar,8,9,26,0,43,0,5,135,0,140,8,14,161,0,183,138,0,138,321
12/28/2007,STS,CA,AWP,WE,Towers with Radar,8,13,15,0,36,0,2,12,0,14,8,15,27,0,50,34,0,34,84
12/29/2007,STS,CA,AWP,WE,Towers with Radar,7,5,23,0,35,0,0,0,0,0,7,5,23,0,35,0,0,0,35
12/30/2007,STS,CA,AWP,WE,Towers with Radar,7,2,10,0,19,0,4,5,193,202,7,6,15,193,221,186,0,186,407
12/31/2007,STS,CA,AWP,WE,Towers with Radar,7,5,7,0,19,0,4,219,0,223,7,9,226,0,242,152,0,152,394
01/01/2008,STS,CA,AWP,WE,Towers with Radar,7,7,6,0,20,0,4,182,0,186,7,11,188,0,206,98,0,98,304
01/02/2008,STS,CA,AWP,WE,Towers with Radar,8,10,16,0,34,0,5,167,0,172,8,15,183,0,206,90,0,90,296
01/03/2008,STS,CA,AWP,WE,Towers with Radar,7,13,13,0,33,0,0,0,0,0,7,13,13,0,33,0,0,0,33
01/04/2008,STS,CA,AWP,WE,Towers with Radar,7,7,5,0,19,0,0,4,0,4,7,7,9,0,23,0,0,0,23
01/05/2008,STS,CA,AWP,WE,Towers with Radar,7,6,7,0,20,0,0,11,0,11,7,6,18,0,31,12,0,12,43
01/06/2008,STS,CA,AWP,WE,Towers with Radar,6,3,16,0,25,0,3,23,0,26,6,6,39,0,51,22,0,22,73
01/07/2008,STS,CA,AWP,WE,Towers with Radar,8,4,19,0,31,2,3,137,0,142,10,7,156,0,173,120,0,120,293
01/08/2008,STS,CA,AWP,WE,Towers with Radar,8,6,23,0,37,0,0,2,0,2,8,6,25,0,39,0,0,0,39
01/09/2008,STS,CA,AWP,WE,Towers with Radar,8,10,48,0,66,0,5,22,0,27,8,15,70,0,93,0,0,0,93
01/10/2008,STS,CA,AWP,WE,Towers with Radar,8,14,36,0,58,0,0,0,0,0,8,14,36,0,58,0,0,0,58
01/11/2008,STS,CA,AWP,WE,Towers with Radar,8,13,59,0,80,0,0,25,0,25,8,13,84,0,105,0,0,0,105
01/12/2008,STS,CA,AWP,WE,Towers with Radar,7,6,32,0,45,0,3,112,0,115,7,9,144,0,160,126,0,126,286
01/13/2008,STS,CA,AWP,WE,Towers with Radar,7,5,25,0,37,0,0,195,0,195,7,5,220,0,232,94,0,94,326
01/14/2008,STS,CA,AWP,WE,Towers with Radar,10,7,33,0,50,0,2,98,0,100,10,9,131,0,150,110,0,110,260
01/15/2008,STS,CA,AWP,WE,Towers with Radar,6,8,21,0,35,0,4,115,0,119,6,12,136,0,154,79,0,79,233
01/16/2008,STS,CA,AWP,WE,Towers with Radar,7,6,11,0,24,0,3,116,0,119,7,9,127,0,143,97,0,97,240
01/17/2008,STS,CA,AWP,WE,Towers with Radar,8,4,13,0,25,0,8,197,0,205,8,12,210,0,230,138,0,138,368
01/18/2008,STS,CA,AWP,WE,Towers with Radar,8,6,17,0,31,0,5,180,0,185,8,11,197,0,216,124,0,124,340
01/19/2008,STS,CA,AWP,WE,Towers with Radar,7,7,19,0,33,0,4,190,0,194,7,11,209,0,227,108,0,108,335
01/20/2008,STS,CA,AWP,WE,Towers with Radar,8,6,16,0,30,0,3,114,0,117,8,9,130,0,147,52,0,52,199
01/21/2008,STS,CA,AWP,WE,Towers with Radar,7,10,26,0,43,0,0,64,0,64,7,10,90,0,107,6,0,6,113
01/22/2008,STS,CA,AWP,WE,Towers with Radar,9,7,26,0,42,0,11,45,0,56,9,18,71,0,98,54,0,54,152
01/23/2008,STS,CA,AWP,WE,Towers with Radar,7,7,20,0,34,0,2,79,0,81,7,9,99,0,115,66,0,66,181
01/24/2008,STS,CA,AWP,WE,Towers with Radar,8,13,14,0,35,0,0,37,0,37,8,13,51,0,72,0,0,0,72
01/25/2008,STS,CA,AWP,WE,Towers with Radar,8,10,17,0,35,0,1,14,0,15,8,11,31,0,50,0,0,0,50
01/26/2008,STS,CA,AWP,WE,Towers with Radar,5,4,4,0,13,0,5,110,0,115,5,9,114,0,128,50,0,50,178
01/27/2008,STS,CA,AWP,WE,Towers with Radar,8,4,11,0,23,0,1,18,0,19,8,5,29,0,42,12,0,12,54
01/28/2008,STS,CA,AWP,WE,Towers with Radar,7,7,16,0,30,0,7,151,0,158,7,14,167,0,188,106,0,106,294
01/29/2008,STS,CA,AWP,WE,Towers with Radar,6,12,14,0,32,0,8,21,0,29,6,20,35,0,61,22,0,22,83
01/30/2008,STS,CA,AWP,WE,Towers with Radar,8,5,27,0,40,0,7,102,0,109,8,12,129,0,149,76,0,76,225
01/31/2008,STS,CA,AWP,WE,Towers with Radar,8,10,23,0,41,0,0,0,0,0,8,10,23,0,41,0,0,0,41
02/01/2008,STS,CA,AWP,WE,Towers with Radar,8,13,44,0,65,0,5,89,0,94,8,18,133,0,159,72,0,72,231
02/02/2008,STS,CA,AWP,WE,Towers with Radar,7,1,17,0,25,0,0,0,0,0,7,1,17,0,25,0,0,0,25
02/03/2008,STS,CA,AWP,WE,Towers with Radar,8,5,18,0,31,0,9,95,0,104,8,14,113,0,135,52,0,52,187
02/04/2008,STS,CA,AWP,WE,Towers with Radar,6,6,19,0,31,0,8,200,0,208,6,14,219,0,239,172,0,172,411
02/05/2008,STS,CA,AWP,WE,Towers with Radar,8,6,12,0,26,1,7,203,0,211,9,13,215,0,237,204,0,204,441
02/06/2008,STS,CA,AWP,WE,Towers with Radar,8,9,22,2,41,0,12,143,0,155,8,21,165,2,196,124,0,124,320
02/07/2008,STS,CA,AWP,WE,Towers with Radar,6,11,25,0,42,0,7,190,0,197,6,18,215,0,239,130,0,130,369
02/08/2008,STS,CA,AWP,WE,Towers with Radar,8,8,16,0,32,0,4,188,0,192,8,12,204,0,224,116,0,116,340
02/09/2008,STS,CA,AWP,WE,Towers with Radar,7,1,14,0,22,0,2,271,0,273,7,3,285,0,295,166,0,166,461
02/10/2008,STS,CA,AWP,WE,Towers with Radar,8,10,6,0,24,1,5,247,0,253,9,15,253,0,277,122,0,122,399
02/11/2008,STS,CA,AWP,WE,Towers with Radar,7,12,27,0,46,0,3,186,1,190,7,15,213,1,236,118,0,118,354
02/12/2008,STS,CA,AWP,WE,Towers with Radar,8,7,21,0,36,0,4,166,0,170,8,11,187,0,206,146,0,146,352
02/13/2008,STS,CA,AWP,WE,Towers with Radar,8,13,10,0,31,0,6,165,0,171,8,19,175,0,202,78,0,78,280
02/14/2008,STS,CA,AWP,WE,Towers with Radar,8,7,23,0,38,0,1,126,5,132,8,8,149,5,170,102,0,102,272
02/15/2008,STS,CA,AWP,WE,Towers with Radar,8,5,16,0,29,0,9,260,0,269,8,14,276,0,298,144,0,144,442
02/16/2008,STS,CA,AWP,WE,Towers with Radar,7,4,19,0,30,0,2,162,0,164,7,6,181,0,194,102,0,102,296
02/17/2008,STS,CA,AWP,WE,Towers with Radar,8,5,25,0,38,0,4,146,0,150,8,9,171,0,188,38,0,38,226
02/18/2008,STS,CA,AWP,WE,Towers with Radar,8,8,56,0,72,0,0,63,0,63,8,8,119,0,135,30,0,30,165
02/19/2008,STS,CA,AWP,WE,Towers with Radar,5,14,47,0,66,0,0,8,0,8,5,14,55,0,74,0,0,0,74
02/20/2008,STS,CA,AWP,WE,Towers with Radar,8,7,26,0,41,0,2,114,0,116,8,9,140,0,157,107,0,107,264
02/21/2008,STS,CA,AWP,WE,Towers with Radar,8,9,59,0,76,0,0,16,0,16,8,9,75,0,92,8,0,8,100
02/22/2008,STS,CA,AWP,WE,Towers with Radar,7,5,33,0,45,0,4,75,0,79,7,9,108,0,124,70,0,70,194
02/23/2008,STS,CA,AWP,WE,Towers with Radar,7,2,16,0,25,0,0,9,0,9,7,2,25,0,34,16,0,16,50
02/24/2008,STS,CA,AWP,WE,Towers with Radar,8,8,11,0,27,0,0,8,0,8,8,8,19,0,35,4,0,4,39
02/25/2008,STS,CA,AWP,WE,Towers with Radar,8,8,22,0,38,0,2,147,0,149,8,10,169,0,187,162,0,162,349
02/26/2008,STS,CA,AWP,WE,Towers with Radar,8,14,13,0,35,0,6,215,0,221,8,20,228,0,256,202,0,202,458
02/27/2008,STS,CA,AWP,WE,Towers with Radar,8,6,12,0,26,1,4,255,0,260,9,10,267,0,286,214,0,214,500
02/28/2008,STS,CA,AWP,WE,Towers with Radar,8,10,20,0,38,0,3,262,0,265,8,13,282,0,303,136,0,136,439
02/29/2008,STS,CA,AWP,WE,Towers with Radar,8,9,31,0,48,0,7,80,0,87,8,16,111,0,135,54,0,54,189
03/01/2008,STS,CA,AWP,WE,Towers with Radar,7,3,15,0,25,0,1,101,0,102,7,4,116,0,127,78,0,78,205
03/02/2008,STS,CA,AWP,WE,Towers with Radar,8,3,15,0,26,0,5,150,0,155,8,8,165,0,181,72,0,72,253
03/03/2008,STS,CA,AWP,WE,Towers with Radar,8,5,17,0,30,0,5,175,0,180,8,10,192,0,210,140,0,140,350
03/04/2008,STS,CA,AWP,WE,Towers with Radar,6,12,13,0,31,0,6,179,0,185,6,18,192,0,216,192,0,192,408
03/05/2008,STS,CA,AWP,WE,Towers with Radar,8,9,15,0,32,0,4,181,0,185,8,13,196,0,217,144,0,144,361
03/06/2008,STS,CA,AWP,WE,Towers with Radar,9,14,11,1,35,0,7,157,0,164,9,21,168,1,199,112,0,112,311
03/07/2008,STS,CA,AWP,WE,Towers with Radar,8,8,15,0,31,0,4,171,0,175,8,12,186,0,206,108,0,108,314
03/08/2008,STS,CA,AWP,WE,Towers with Radar,6,9,15,0,30,1,0,213,0,214,7,9,228,0,244,162,0,162,406
03/09/2008,STS,CA,AWP,WE,Towers with Radar,8,11,18,0,37,0,5,249,0,254,8,16,267,0,291,172,0,172,463
03/10/2008,STS,CA,AWP,WE,Towers with Radar,8,7,10,0,25,0,6,162,2,170,8,13,172,2,195,158,0,158,353
03/11/2008,STS,CA,AWP,WE,Towers with Radar,8,7,18,0,33,2,4,159,1,166,10,11,177,1,199,120,0,120,319
03/12/2008,STS,CA,AWP,WE,Towers with Radar,6,9,20,0,35,0,5,162,0,167,6,14,182,0,202,135,0,135,337
03/13/2008,STS,CA,AWP,WE,Towers with Radar,8,14,25,0,47,0,4,105,0,109,8,18,130,0,156,78,0,78,234
03/14/2008,STS,CA,AWP,WE,Towers with Radar,7,10,43,0,60,0,1,79,3,83,7,11,122,3,143,55,0,55,198
03/15/2008,STS,CA,AWP,WE,Towers with Radar,7,6,19,0,32,0,4,69,0,73,7,10,88,0,105,92,0,92,197
03/16/2008,STS,CA,AWP,WE,Towers with Radar,11,2,19,1,33,0,0,152,1,153,11,2,171,2,186,116,0,116,302
03/17/2008,STS,CA,AWP,WE,Towers with Radar,8,3,12,0,23,0,5,163,0,168,8,8,175,0,191,122,0,122,313
03/18/2008,STS,CA,AWP,WE,Towers with Radar,8,8,18,0,34,0,5,225,0,230,8,13,243,0,264,122,0,122,386
03/19/2008,STS,CA,AWP,WE,Towers with Radar,7,9,24,0,40,0,3,82,0,85,7,12,106,0,125,60,0,60,185
03/20/2008,STS,CA,AWP,WE,Towers with Radar,8,9,11,0,28,0,2,186,0,188,8,11,197,0,216,118,0,118,334
03/21/2008,STS,CA,AWP,WE,Towers with Radar,8,12,20,2,42,0,3,205,0,208,8,15,225,2,250,100,8,108,358
03/22/2008,STS,CA,AWP,WE,Towers with Radar,8,3,22,0,33,1,1,233,0,235,9,4,255,0,268,110,0,110,378
03/23/2008,STS,CA,AWP,WE,Towers with Radar,8,2,10,0,20,0,6,207,0,213,8,8,217,0,233,140,0,140,373
03/24/2008,STS,CA,AWP,WE,Towers with Radar,7,3,15,0,25,2,5,177,0,184,9,8,192,0,209,152,0,152,361
03/25/2008,STS,CA,AWP,WE,Towers with Radar,9,8,27,0,44,1,1,147,0,149,10,9,174,0,193,80,0,80,273
03/26/2008,STS,CA,AWP,WE,Towers with Radar,8,6,18,0,32,0,5,152,0,157,8,11,170,0,189,54,0,54,243
03/27/2008,STS,CA,AWP,WE,Towers with Radar,8,11,20,0,39,0,0,188,0,188,8,11,208,0,227,174,0,174,401
03/28/2008,STS,CA,AWP,WE,Towers with Radar,6,13,21,0,40,0,2,74,0,76,6,15,95,0,116,42,0,42,158
03/29/2008,STS,CA,AWP,WE,Towers with Radar,7,5,21,0,33,0,0,83,0,83,7,5,104,0,116,64,0,64,180
03/30/2008,STS,CA,AWP,WE,Towers with Radar,8,5,22,0,35,0,5,209,0,214,8,10,231,0,249,124,0,124,373
03/31/2008,STS,CA,AWP,WE,Towers with Radar,8,11,9,0,28,0,13,244,0,257,8,24,253,0,285,146,0,146,431
04/01/2008,STS,CA,AWP,WE,Towers with Radar,8,8,15,0,31,0,4,159,0,163,8,12,174,0,194,104,0,104,298
04/02/2008,STS,CA,AWP,WE,Towers with Radar,8,13,12,0,33,0,1,141,0,142,8,14,153,0,175,134,0,134,309
04/03/2008,STS,CA,AWP,WE,Towers with Radar,8,11,33,0,52,0,7,156,2,165,8,18,189,2,217,108,4,112,329
04/04/2008,STS,CA,AWP,WE,Towers with Radar,8,10,21,0,39,0,4,166,0,170,8,14,187,0,209,71,0,71,280
04/05/2008,STS,CA,AWP,WE,Towers with Radar,7,1,16,0,24,0,1,239,0,240,7,2,255,0,264,112,0,112,376
04/06/2008,STS,CA,AWP,WE,Towers with Radar,8,6,26,0,40,0,3,149,0,152,8,9,175,0,192,144,0,144,336
04/07/2008,STS,CA,AWP,WE,Towers with Radar,10,8,14,0,32,0,3,232,0,235,10,11,246,0,267,118,0,118,385
04/08/2008,STS,CA,AWP,WE,Towers with Radar,9,5,21,0,35,0,7,133,0,140,9,12,154,0,175,56,0,56,231
04/09/2008,STS,CA,AWP,WE,Towers with Radar,10,9,15,0,34,0,4,179,0,183,10,13,194,0,217,158,0,158,375
04/10/2008,STS,CA,AWP,WE,Towers with Radar,10,6,18,0,34,0,2,177,0,179,10,8,195,0,213,106,0,106,319
04/11/2008,STS,CA,AWP,WE,Towers with Radar,8,10,17,0,35,2,12,142,0,156,10,22,159,0,191,132,0,132,323
04/12/2008,STS,CA,AWP,WE,Towers with Radar,7,7,13,0,27,0,2,191,0,193,7,9,204,0,220,94,0,94,314
04/13/2008,STS,CA,AWP,WE,Towers with Radar,8,15,18,0,41,0,6,246,1,253,8,21,264,1,294,192,0,192,486
04/14/2008,STS,CA,AWP,WE,Towers with Radar,8,5,19,0,32,0,6,140,0,146,8,11,159,0,178,70,0,70,248
04/15/2008,STS,CA,AWP,WE,Towers with Radar,9,8,11,0,28,0,9,149,0,158,9,17,160,0,186,172,0,172,358
04/16/2008,STS,CA,AWP,WE,Towers with Radar,7,10,15,0,32,0,5,205,6,216,7,15,220,6,248,208,0,208,456
04/17/2008,STS,CA,AWP,WE,Towers with Radar,8,10,18,0,36,0,6,193,0,199,8,16,211,0,235,162,8,170,405
04/18/2008,STS,CA,AWP,WE,Towers with Radar,9,8,31,0,48,0,4,148,0,152,9,12,179,0,200,146,0,146,346
04/19/2008,STS,CA,AWP,WE,Towers with Radar,7,3,6,0,16,0,0,96,0,96,7,3,102,0,112,56,0,56,168
04/20/2008,STS,CA,AWP,WE,Towers with Radar,7,8,18,0,33,0,1,223,0,224,7,9,241,0,257,168,0,168,425
04/21/2008,STS,CA,AWP,WE,Towers with Radar,11,7,18,0,36,0,9,177,0,186,11,16,195,0,222,174,0,174,396
04/22/2008,STS,CA,AWP,WE,Towers with Radar,8,10,33,0,51,1,3,72,0,76,9,13,105,0,127,82,0,82,209
04/23/2008,STS,CA,AWP,WE,Towers with Radar,10,9,28,0,47,0,9,77,0,86,10,18,105,0,133,46,0,46,179
04/24/2008,STS,CA,AWP,WE,Towers with Radar,8,6,23,0,37,0,4,175,0,179,8,10,198,0,216,166,0,166,382
04/25/2008,STS,CA,AWP,WE,Towers with Radar,9,8,11,0,28,0,3,173,0,176,9,11,184,0,204,164,0,164,368
04/26/2008,STS,CA,AWP,WE,Towers with Radar,7,4,12,0,23,0,5,337,0,342,7,9,349,0,365,166,0,166,531
04/27/2008,STS,CA,AWP,WE,Towers with Radar,7,4,14,0,25,0,1,334,0,335,7,5,348,0,360,152,0,152,512
04/28/2008,STS,CA,AWP,WE,Towers with Radar,9,4,20,0,33,0,8,190,0,198,9,12,210,0,231,138,0,138,369
04/29/2008,STS,CA,AWP,WE,Towers with Radar,9,8,11,0,28,0,7,107,0,114,9,15,118,0,142,76,0,76,218
04/30/2008,STS,CA,AWP,WE,Towers with Radar,9,11,18,0,38,0,9,178,0,187,9,20,196,0,225,156,0,156,381
05/01/2008,STS,CA,AWP,WE,Towers with Radar,8,11,7,0,26,0,9,172,0,181,8,20,179,0,207,130,0,130,337
05/02/2008,STS,CA,AWP,WE,Towers with Radar,9,5,22,0,36,0,7,177,0,184,9,12,199,0,220,72,0,72,292
05/03/2008,STS,CA,AWP,WE,Towers with Radar,8,1,11,0,20,0,2,172,0,174,8,3,183,0,194,114,0,114,308
05/04/2008,STS,CA,AWP,WE,Towers with Radar,8,9,24,0,41,0,0,184,0,184,8,9,208,0,225,104,0,104,329
05/05/2008,STS,CA,AWP,WE,Towers with Radar,9,5,15,0,29,0,6,170,0,176,9,11,185,0,205,102,0,102,307
05/06/2008,STS,CA,AWP,WE,Towers with Radar,8,9,12,0,29,1,4,154,0,159,9,13,166,0,188,38,0,38,226
05/07/2008,STS,CA,AWP,WE,Towers with Radar,8,4,20,0,32,0,11,167,0,178,8,15,187,0,210,186,0,186,396
05/08/2008,STS,CA,AWP,WE,Towers with Radar,9,8,19,0,36,0,6,160,0,166,9,14,179,0,202,74,0,74,276
05/09/2008,STS,CA,AWP,WE,Towers with Radar,10,8,19,0,37,0,6,183,0,189,10,14,202,0,226,62,0,62,288
05/10/2008,STS,CA,AWP,WE,Towers with Radar,8,1,12,0,21,0,5,272,0,277,8,6,284,0,298,130,0,130,428
05/11/2008,STS,CA,AWP,WE,Towers with Radar,9,1,18,0,28,0,6,145,0,151,9,7,163,0,179,82,0,82,261
05/12/2008,STS,CA,AWP,WE,Towers with Radar,8,14,14,0,36,0,5,208,0,213,8,19,222,0,249,82,0,82,331
05/13/2008,STS,CA,AWP,WE,Towers with Radar,10,6,14,0,30,0,7,190,0,197,10,13,204,0,227,110,0,110,337
05/14/2008,STS,CA,AWP,WE,Towers with Radar,8,8,16,0,32,0,4,192,2,198,8,12,208,2,230,155,6,161,391
05/15/2008,STS,CA,AWP,WE,Towers with Radar,10,10,20,0,40,0,6,184,0,190,10,16,204,0,230,76,0,76,306
05/16/2008,STS,CA,AWP,WE,Towers with Radar,8,5,22,0,35,0,6,168,3,177,8,11,190,3,212,68,0,68,280
05/17/2008,STS,CA,AWP,WE,Towers with Radar,8,1,10,0,19,0,0,228,0,228,8,1,238,0,247,170,0,170,417
05/18/2008,STS,CA,AWP,WE,Towers with Radar,9,7,29,0,45,0,0,174,0,174,9,7,203,0,219,62,0,62,281
05/19/2008,STS,CA,AWP,WE,Towers with Radar,9,10,32,0,51,0,7,200,0,207,9,17,232,0,258,118,0,118,376
05/20/2008,STS,CA,AWP,WE,Towers with Radar,8,9,24,0,41,0,6,156,0,162,8,15,180,0,203,126,0,126,329
05/21/2008,STS,CA,AWP,WE,Towers with Radar,10,11,9,0,30,0,3,147,0,150,10,14,156,0,180,98,0,98,278
05/22/2008,STS,CA,AWP,WE,Towers with Radar,9,6,17,0,32,0,3,172,0,175,9,9,189,0,207,62,0,62,269
05/23/2008,STS,CA,AWP,WE,Towers with Radar,9,7,39,0,55,0,9,184,0,193,9,16,223,0,248,142,0,142,390
05/24/2008,STS,CA,AWP,WE,Towers with Radar,8,11,41,0,60,0,1,11,0,12,8,12,52,0,72,20,0,20,92
05/25/2008,STS,CA,AWP,WE,Towers with Radar,8,5,21,0,34,0,2,176,0,178,8,7,197,0,212,116,0,116,328
05/26/2008,STS,CA,AWP,WE,Towers with Radar,9,6,31,1,47,0,4,158,1,163,9,10,189,2,210,48,0,48,258
05/27/2008,STS,CA,AWP,WE,Towers with Radar,8,12,20,0,40,0,7,139,0,146,8,19,159,0,186,188,0,188,374
05/28/2008,STS,CA,AWP,WE,Towers with Radar,8,3,33,0,44,0,4,137,1,142,8,7,170,1,186,132,0,132,318
05/29/2008,STS,CA,AWP,WE,Towers with Radar,9,20,58,0,87,0,4,148,0,152,9,24,206,0,239,214,0,214,453
05/30/2008,STS,CA,AWP,WE,Towers with Radar,8,13,38,0,59,0,9,177,0,186,8,22,215,0,245,78,0,78,323
05/31/2008,STS,CA,AWP,WE,Towers with Radar,8,4,27,0,39,0,4,131,5,140,8,8,158,5,179,90,0,90,269
06/01/2008,STS,CA,AWP,WE,Towers with Radar,9,12,43,0,64,0,1,197,0,198,9,13,240,0,262,176,0,176,438
06/02/2008,STS,CA,AWP,WE,Towers with Radar,9,6,17,0,32,0,3,210,0,213,9,9,227,0,245,194,0,194,439
06/03/2008,STS,CA,AWP,WE,Towers with Radar,9,5,11,5,30,1,5,178,3,187,10,10,189,8,217,176,0,176,393
06/04/2008,STS,CA,AWP,WE,Towers with Radar,9,8,21,0,38,0,7,205,0,212,9,15,226,0,250,184,0,184,434
06/05/2008,STS,CA,AWP,WE,Towers with Radar,9,5,20,0,34,0,3,216,2,221,9,8,236,2,255,74,0,74,329
06/06/2008,STS,CA,AWP,WE,Towers with Radar,9,3,19,0,31,0,5,165,1,171,9,8,184,1,202,104,0,104,306
06/07/2008,STS,CA,AWP,WE,Towers with Radar,8,1,9,0,18,0,1,195,0,196,8,2,204,0,214,86,0,86,300
06/08/2008,STS,CA,AWP,WE,Towers with Radar,10,0,20,0,30,0,5,250,0,255,10,5,270,0,285,150,0,150,435
06/09/2008,STS,CA,AWP,WE,Towers with Radar,9,5,14,0,28,0,5,168,0,173,9,10,182,0,201,138,0,138,339
06/10/2008,STS,CA,AWP,WE,Towers with Radar,9,9,16,0,34,0,6,261,6,273,9,15,277,6,307,78,0,78,385
06/11/2008,STS,CA,AWP,WE,Towers with Radar,8,6,12,0,26,0,2,112,0,114,8,8,124,0,140,56,0,56,196
06/12/2008,STS,CA,AWP,WE,Towers with Radar,9,12,16,2,39,0,3,198,8,209,9,15,214,10,248,166,0,166,414
06/13/2008,STS,CA,AWP,WE,Towers with Radar,8,6,15,0,29,0,11,190,0,201,8,17,205,0,230,76,0,76,306
06/14/2008,STS,CA,AWP,WE,Towers with Radar,8,4,21,0,33,0,5,148,0,153,8,9,169,0,186,84,0,84,270
06/15/2008,STS,CA,AWP,WE,Towers with Radar,9,7,18,0,34,0,0,175,0,175,9,7,193,0,209,80,0,80,289
06/16/2008,STS,CA,AWP,WE,Towers with Radar,9,6,24,0,39,0,0,143,0,143,9,6,167,0,182,78,0,78,260
06/17/2008,STS,CA,AWP,WE,Towers with Radar,8,6,21,1,36,0,5,180,1,186,8,11,201,2,222,166,0,166,388
06/18/2008,STS,CA,AWP,WE,Towers with Radar,9,10,17,0,36,0,12,155,0,167,9,22,172,0,203,98,0,98,301
06/19/2008,STS,CA,AWP,WE,Towers with Radar,8,7,15,0,30,0,1,148,0,149,8,8,163,0,179,106,0,106,285
06/20/2008,STS,CA,AWP,WE,Towers with Radar,8,6,25,0,39,0,4,189,2,195,8,10,214,2,234,50,0,50,284
06/21/2008,STS,CA,AWP,WE,Towers with Radar,8,6,15,0,29,0,0,267,0,267,8,6,282,0,296,44,0,44,340
06/22/2008,STS,CA,AWP,WE,Towers with Radar,8,5,24,2,39,0,7,252,3,262,8,12,276,5,301,112,0,112,413
06/23/2008,STS,CA,AWP,WE,Towers with Radar,8,6,36,0,50,0,7,109,0,116,8,13,145,0,166,62,0,62,228
06/24/2008,STS,CA,AWP,WE,Towers with Radar,8,14,24,0,46,1,1,116,0,118,9,15,140,0,164,76,0,76,240
06/25/2008,STS,CA,AWP,WE,Towers with Radar,8,13,52,0,73,0,1,48,0,49,8,14,100,0,122,38,0,38,160
06/26/2008,STS,CA,AWP,WE,Towers with Radar,7,16,40,0,63,0,3,70,0,73,7,19,110,0,136,8,0,8,144
06/27/2008,STS,CA,AWP,WE,Towers with Radar,9,23,58,0,90,0,2,111,0,113,9,25,169,0,203,62,0,62,265
06/28/2008,STS,CA,AWP,WE,Towers with Radar,8,7,26,0,41,0,2,94,0,96,8,9,120,0,137,68,0,68,205
06/29/2008,STS,CA,AWP,WE,Towers with Radar,9,9,28,0,46,0,1,176,0,177,9,10,204,0,223,100,0,100,323
06/30/2008,STS,CA,AWP,WE,Towers with Radar,8,17,18,0,43,1,6,160,1,168,9,23,178,1,211,150,0,150,361
07/01/2008,STS,CA,AWP,WE,Towers with Radar,8,7,27,0,42,0,8,140,0,148,8,15,167,0,190,118,0,118,308
07/02/2008,STS,CA,AWP,WE,Towers with Radar,8,8,26,0,42,0,3,154,0,157,8,11,180,0,199,102,0,102,301
07/03/2008,STS,CA,AWP,WE,Towers with Radar,8,10,13,0,31,0,2,205,0,207,8,12,218,0,238,118,0,118,356
07/04/2008,STS,CA,AWP,WE,Towers with Radar,7,1,7,0,15,0,4,164,0,168,7,5,171,0,183,162,0,162,345
07/05/2008,STS,CA,AWP,WE,Towers with Radar,7,3,2,0,12,0,2,164,0,166,7,5,166,0,178,120,0,120,298
07/06/2008,STS,CA,AWP,WE,Towers with Radar,8,2,16,0,26,0,1,200,0,201,8,3,216,0,227,104,0,104,331
07/07/2008,STS,CA,AWP,WE,Towers with Radar,8,9,19,0,36,0,6,147,0,153,8,15,166,0,189,122,0,122,311
07/08/2008,STS,CA,AWP,WE,Towers with Radar,9,5,18,1,33,0,7,152,20,179,9,12,170,21,212,170,0,170,382
07/09/2008,STS,CA,AWP,WE,Towers with Radar,9,8,27,0,44,0,4,138,0,142,9,12,165,0,186,166,0,166,352
07/10/2008,STS,CA,AWP,WE,Towers with Radar,9,21,70,0,100,0,8,125,0,133,9,29,195,0,233,92,0,92,325
07/11/2008,STS,CA,AWP,WE,Towers with Radar,9,12,28,0,49,0,9,123,0,132,9,21,151,0,181,72,0,72,253
07/12/2008,STS,CA,AWP,WE,Towers with Radar,8,6,27,0,41,0,3,118,0,121,8,9,145,0,162,92,0,92,254
07/13/2008,STS,CA,AWP,WE,Towers with Radar,9,17,45,0,71,0,3,154,0,157,9,20,199,0,228,76,0,76,304
07/14/2008,STS,CA,AWP,WE,Towers with Radar,11,11,28,0,50,0,6,122,0,128,11,17,150,0,178,134,0,134,312
07/15/2008,STS,CA,AWP,WE,Towers with Radar,8,12,37,0,57,0,2,112,0,114,8,14,149,0,171,110,0,110,281
07/16/2008,STS,CA,AWP,WE,Towers with Radar,8,20,37,0,65,2,3,133,0,138,10,23,170,0,203,78,0,78,281
07/17/2008,STS,CA,AWP,WE,Towers with Radar,7,25,69,0,101,1,6,142,0,149,8,31,211,0,250,58,0,58,308
07/18/2008,STS,CA,AWP,WE,Towers with Radar,8,18,39,0,65,0,1,148,4,153,8,19,187,4,218,182,0,182,400
07/19/2008,STS,CA,AWP,WE,Towers with Radar,8,11,26,0,45,0,5,170,0,175,8,16,196,0,220,174,0,174,394
07/20/2008,STS,CA,AWP,WE,Towers with Radar,8,18,73,0,99,0,2,152,0,154,8,20,225,0,253,70,0,70,323
07/21/2008,STS,CA,AWP,WE,Towers with Radar,8,22,30,0,60,0,0,115,0,115,8,22,145,0,175,140,0,140,315
07/22/2008,STS,CA,AWP,WE,Towers with Radar,8,14,24,0,46,1,3,117,0,121,9,17,141,0,167,186,0,186,353
07/23/2008,STS,CA,AWP,WE,Towers with Radar,8,10,12,0,30,0,6,145,0,151,8,16,157,0,181,94,0,94,275
07/24/2008,STS,CA,AWP,WE,Towers with Radar,8,22,28,1,59,0,8,157,3,168,8,30,185,4,227,118,0,118,345
07/25/2008,STS,CA,AWP,WE,Towers with Radar,8,14,24,0,46,0,5,154,0,159,8,19,178,0,205,174,0,174,379
07/26/2008,STS,CA,AWP,WE,Towers with Radar,8,15,14,0,37,0,3,157,0,160,8,18,171,0,197,38,0,38,235
07/27/2008,STS,CA,AWP,WE,Towers with Radar,11,18,36,0,65,0,2,205,0,207,11,20,241,0,272,62,0,62,334
07/28/2008,STS,CA,AWP,WE,Towers with Radar,9,10,15,0,34,0,4,160,0,164,9,14,175,0,198,118,0,118,316
07/29/2008,STS,CA,AWP,WE,Towers with Radar,8,6,18,0,32,0,17,143,0,160,8,23,161,0,192,158,0,158,350
07/30/2008,STS,CA,AWP,WE,Towers with Radar,9,13,14,0,36,0,7,157,0,164,9,20,171,0,200,148,0,148,348
07/31/2008,STS,CA,AWP,WE,Towers with Radar,8,16,18,0,42,0,6,163,1,170,8,22,181,1,212,140,0,140,352
08/01/2008,STS,CA,AWP,WE,Towers with Radar,8,10,21,0,39,0,1,194,0,195,8,11,215,0,234,156,0,156,390
08/02/2008,STS,CA,AWP,WE,Towers with Radar,8,1,8,0,17,1,3,180,0,184,9,4,188,0,201,76,0,76,277
08/03/2008,STS,CA,AWP,WE,Towers with Radar,9,10,20,0,39,0,6,172,0,178,9,16,192,0,217,88,0,88,305
08/04/2008,STS,CA,AWP,WE,Towers with Radar,8,9,27,0,44,0,3,139,0,142,8,12,166,0,186,106,0,106,292
08/05/2008,STS,CA,AWP,WE,Towers with Radar,8,8,22,0,38,0,5,124,0,129,8,13,146,0,167,46,0,46,213
08/06/2008,STS,CA,AWP,WE,Towers with Radar,9,9,20,0,38,1,5,148,0,154,10,14,168,0,192,120,0,120,312
08/07/2008,STS,CA,AWP,WE,Towers with Radar,8,14,39,0,61,0,3,147,0,150,8,17,186,0,211,144,0,144,355
08/08/2008,STS,CA,AWP,WE,Towers with Radar,7,15,31,0,53,0,2,190,0,192,7,17,221,0,245,154,0,154,399
08/09/2008,STS,CA,AWP,WE,Towers with Radar,8,7,17,0,32,0,7,214,0,221,8,14,231,0,253,64,0,64,317
08/10/2008,STS,CA,AWP,WE,Towers with Radar,8,19,19,0,46,0,9,183,0,192,8,28,202,0,238,66,0,66,304
08/11/2008,STS,CA,AWP,WE,Towers with Radar,9,6,15,0,30,0,9,173,0,182,9,15,188,0,212,124,0,124,336
08/12/2008,STS,CA,AWP,WE,Towers with Radar,8,4,13,0,25,0,3,190,0,193,8,7,203,0,218,186,0,186,404
08/13/2008,STS,CA,AWP,WE,Towers with Radar,8,8,11,2,29,2,5,167,0,174,10,13,178,2,203,138,0,138,341
08/14/2008,STS,CA,AWP,WE,Towers with Radar,9,8,15,1,33,0,2,205,6,213,9,10,220,7,246,110,0,110,356
08/15/2008,STS,CA,AWP,WE,Towers with Radar,8,10,24,2,44,0,10,304,12,326,8,20,328,14,370,94,0,94,464
08/16/2008,STS,CA,AWP,WE,Towers with Radar,9,0,12,0,21,0,0,90,0,90,9,0,102,0,111,10,0,10,121
08/17/2008,STS,CA,AWP,WE,Towers with Radar,9,5,14,0,28,0,1,115,4,120,9,6,129,4,148,8,0,8,156
08/18/2008,STS,CA,AWP,WE,Towers with Radar,9,16,28,1,54,0,0,123,6,129,9,16,151,7,183,158,22,180,363
08/19/2008,STS,CA,AWP,WE,Towers with Radar,8,8,32,0,48,0,10,125,1,136,8,18,157,1,184,94,0,94,278
08/20/2008,STS,CA,AWP,WE,Towers with Radar,8,9,13,0,30,0,6,155,0,161,8,15,168,0,191,70,0,70,261
08/21/2008,STS,CA,AWP,WE,Towers with Radar,9,6,22,0,37,0,10,169,0,179,9,16,191,0,216,112,0,112,328
08/22/2008,STS,CA,AWP,WE,Towers with Radar,9,4,22,0,35,0,2,184,0,186,9,6,206,0,221,162,0,162,383
08/23/2008,STS,CA,AWP,WE,Towers with Radar,8,1,22,0,31,0,3,189,0,192,8,4,211,0,223,102,0,102,325
08/24/2008,STS,CA,AWP,WE,Towers with Radar,8,5,14,0,27,0,5,154,0,159,8,10,168,0,186,98,0,98,284
08/25/2008,STS,CA,AWP,WE,Towers with Radar,8,11,8,0,27,0,4,147,0,151,8,15,155,0,178,90,0,90,268
08/26/2008,STS,CA,AWP,WE,Towers with Radar,8,5,22,0,35,0,11,134,0,145,8,16,156,0,180,126,0,126,306
08/27/2008,STS,CA,AWP,WE,Towers with Radar,8,9,22,0,39,0,7,173,0,180,8,16,195,0,219,106,0,106,325
08/28/2008,STS,CA,AWP,WE,Towers with Radar,8,10,14,0,32,0,8,203,0,211,8,18,217,0,243,126,0,126,369
08/29/2008,STS,CA,AWP,WE,Towers with Radar,8,4,12,0,24,0,7,188,0,195,8,11,200,0,219,120,0,120,339
08/30/2008,STS,CA,AWP,WE,Towers with Radar,7,3,15,0,25,0,1,160,0,161,7,4,175,0,186,104,0,104,290
08/31/2008,STS,CA,AWP,WE,Towers with Radar,7,1,16,0,24,0,7,191,0,198,7,8,207,0,222,70,0,70,292
09/01/2008,STS,CA,AWP,WE,Towers with Radar,8,6,14,0,28,0,7,146,0,153,8,13,160,0,181,76,0,76,257
09/02/2008,STS,CA,AWP,WE,Towers with Radar,7,8,12,0,27,0,4,156,0,160,7,12,168,0,187,32,0,32,219
09/03/2008,STS,CA,AWP,WE,Towers with Radar,8,11,19,1,39,0,10,205,0,215,8,21,224,1,254,110,0,110,364
09/04/2008,STS,CA,AWP,WE,Towers with Radar,8,7,18,0,33,0,12,201,0,213,8,19,219,0,246,76,0,76,322
09/05/2008,STS,CA,AWP,WE,Towers with Radar,8,4,19,0,31,0,3,140,0,143,8,7,159,0,174,104,0,104,278
09/06/2008,STS,CA,AWP,WE,Towers with Radar,7,6,9,0,22,0,3,156,0,159,7,9,165,0,181,124,0,124,305
09/07/2008,STS,CA,AWP,WE,Towers with Radar,9,2,23,0,34,0,2,199,0,201,9,4,222,0,235,34,0,34,269
09/08/2008,STS,CA,AWP,WE,Towers with Radar,8,5,25,0,38,0,5,114,4,123,8,10,139,4,161,44,0,44,205
09/09/2008,STS,CA,AWP,WE,Towers with Radar,8,17,54,0,79,0,0,48,2,50,8,17,102,2,129,40,0,40,169
09/10/2008,STS,CA,AWP,WE,Towers with Radar,8,11,27,2,48,0,1,102,1,104,8,12,129,3,152,74,0,74,226
09/11/2008,STS,CA,AWP,WE,Towers with Radar,8,12,33,0,53,0,4,136,0,140,8,16,169,0,193,148,0,148,341
09/12/2008,STS,CA,AWP,WE,Towers with Radar,8,8,34,0,50,0,3,104,0,107,8,11,138,0,157,64,0,64,221
09/13/2008,STS,CA,AWP,WE,Towers with Radar,7,9,36,0,52,0,6,113,0,119,7,15,149,0,171,92,0,92,263
09/14/2008,STS,CA,AWP,WE,Towers with Radar,8,7,21,0,36,0,4,143,0,147,8,11,164,0,183,56,0,56,239
09/15/2008,STS,CA,AWP,WE,Towers with Radar,8,5,37,0,50,0,4,130,3,137,8,9,167,3,187,104,0,104,291
09/16/2008,STS,CA,AWP,WE,Towers with Radar,8,5,31,0,44,0,5,112,0,117,8,10,143,0,161,152,0,152,313
09/17/2008,STS,CA,AWP,WE,Towers with Radar,8,7,32,0,47,0,1,111,0,112,8,8,143,0,159,174,0,174,333
09/18/2008,STS,CA,AWP,WE,Towers with Radar,8,9,30,0,47,0,10,156,0,166,8,19,186,0,213,116,0,116,329
09/19/2008,STS,CA,AWP,WE,Towers with Radar,8,10,29,0,47,0,2,97,0,99,8,12,126,0,146,32,0,32,178
09/20/2008,STS,CA,AWP,WE,Towers with Radar,7,3,22,0,32,0,2,132,0,134,7,5,154,0,166,80,0,80,246
09/21/2008,STS,CA,AWP,WE,Towers with Radar,6,4,17,0,27,0,6,201,0,207,6,10,218,0,234,62,0,62,296
09/22/2008,STS,CA,AWP,WE,Towers with Radar,8,13,6,2,29,0,3,166,0,169,8,16,172,2,198,106,0,106,304
09/23/2008,STS,CA,AWP,WE,Towers with Radar,8,4,18,1,31,0,8,174,0,182,8,12,192,1,213,161,0,161,374
09/24/2008,STS,CA,AWP,WE,Towers with Radar,8,13,21,0,42,0,5,169,5,179,8,18,190,5,221,159,12,171,392
09/25/2008,STS,CA,AWP,WE,Towers with Radar,8,6,22,0,36,0,5,205,0,210,8,11,227,0,246,128,0,128,374
09/26/2008,STS,CA,AWP,WE,Towers with Radar,8,7,21,0,36,0,5,212,0,217,8,12,233,0,253,90,0,90,343
09/27/2008,STS,CA,AWP,WE,Towers with Radar,6,9,16,0,31,0,8,169,0,177,6,17,185,0,208,70,0,70,278
09/28/2008,STS,CA,AWP,WE,Towers with Radar,10,13,21,0,44,0,0,216,0,216,10,13,237,0,260,48,0,48,308
09/29/2008,STS,CA,AWP,WE,Towers with Radar,8,7,51,0,66,108,0,0,0,108,116,7,51,0,174,44,0,44,218
09/30/2008,STS,CA,AWP,WE,Towers with Radar,8,4,10,0,22,0,4,148,0,152,8,8,158,0,174,82,0,82,256
10/01/2008,STS,CA,AWP,WE,Towers with Radar,8,9,16,0,33,0,2,106,0,108,8,11,122,0,141,96,0,96,237
10/02/2008,STS,CA,AWP,WE,Towers with Radar,8,17,52,0,77,0,8,52,0,60,8,25,104,0,137,52,0,52,189
10/03/2008,STS,CA,AWP,WE,Towers with Radar,8,9,52,0,69,0,0,20,0,20,8,9,72,0,89,8,0,8,97
10/04/2008,STS,CA,AWP,WE,Towers with Radar,8,2,24,0,34,0,2,52,0,54,8,4,76,0,88,68,0,68,156
10/05/2008,STS,CA,AWP,WE,Towers with Radar,8,9,32,0,49,0,4,170,0,174,8,13,202,0,223,100,0,100,323
10/06/2008,STS,CA,AWP,WE,Towers with Radar,8,10,26,2,46,0,6,131,0,137,8,16,157,2,183,98,0,98,281
10/07/2008,STS,CA,AWP,WE,Towers with Radar,8,8,16,2,34,0,5,151,0,156,8,13,167,2,190,110,0,110,300
10/08/2008,STS,CA,AWP,WE,Towers with Radar,8,8,13,2,31,0,5,158,0,163,8,13,171,2,194,126,0,126,320
10/09/2008,STS,CA,AWP,WE,Towers with Radar,9,6,24,3,42,0,4,157,0,161,9,10,181,3,203,72,0,72,275
10/10/2008,STS,CA,AWP,WE,Towers with Radar,8,4,14,0,26,0,7,158,0,165,8,11,172,0,191,32,0,32,223
10/11/2008,STS,CA,AWP,WE,Towers with Radar,7,1,14,0,22,0,1,189,0,190,7,2,203,0,212,66,0,66,278
10/12/2008,STS,CA,AWP,WE,Towers with Radar,8,8,15,0,31,0,1,128,0,129,8,9,143,0,160,50,0,50,210
10/13/2008,STS,CA,AWP,WE,Towers with Radar,8,4,32,0,44,0,11,157,0,168,8,15,189,0,212,118,0,118,330
10/14/2008,STS,CA,AWP,WE,Towers with Radar,8,6,13,0,27,0,5,190,0,195,8,11,203,0,222,102,0,102,324
10/15/2008,STS,CA,AWP,WE,Towers with Radar,8,5,19,0,32,0,12,165,0,177,8,17,184,0,209,128,0,128,337
10/16/2008,STS,CA,AWP,WE,Towers with Radar,8,9,20,2,39,0,5,137,2,144,8,14,157,4,183,134,0,134,317
10/17/2008,STS,CA,AWP,WE,Towers with Radar,8,13,12,0,33,0,6,165,0,171,8,19,177,0,204,132,0,132,336
10/18/2008,STS,CA,AWP,WE,Towers with Radar,7,5,9,0,21,0,3,227,1,231,7,8,236,1,252,62,0,62,314
10/19/2008,STS,CA,AWP,WE,Towers with Radar,7,5,25,0,37,0,6,159,0,165,7,11,184,0,202,0,58,58,260
10/20/2008,STS,CA,AWP,WE,Towers with Radar,8,16,18,0,42,0,6,138,0,144,8,22,156,0,186,102,0,102,288
10/21/2008,STS,CA,AWP,WE,Towers with Radar,8,10,18,0,36,0,8,195,0,203,8,18,213,0,239,164,0,164,403
10/22/2008,STS,CA,AWP,WE,Towers with Radar,8,8,9,0,25,0,12,164,0,176,8,20,173,0,201,112,0,112,313
10/23/2008,STS,CA,AWP,WE,Towers with Radar,8,7,19,0,34,0,18,162,0,180,8,25,181,0,214,138,0,138,352
10/24/2008,STS,CA,AWP,WE,Towers with Radar,6,8,16,2,32,0,6,172,0,178,6,14,188,2,210,112,0,112,322
10/25/2008,STS,CA,AWP,WE,Towers with Radar,7,5,15,0,27,0,8,168,0,176,7,13,183,0,203,112,0,112,315
10/26/2008,STS,CA,AWP,WE,Towers with Radar,8,2,15,0,25,0,10,211,2,223,8,12,226,2,248,106,0,106,354
10/27/2008,STS,CA,AWP,WE,Towers with Radar,8,6,25,0,39,0,8,107,0,115,8,14,132,0,154,66,0,66,220
10/28/2008,STS,CA,AWP,WE,Towers with Radar,8,9,14,2,33,0,15,136,0,151,8,24,150,2,184,104,0,104,288
10/29/2008,STS,CA,AWP,WE,Towers with Radar,8,7,14,0,29,0,8,133,0,141,8,15,147,0,170,148,0,148,318
10/30/2008,STS,CA,AWP,WE,Towers with Radar,8,14,20,2,44,0,7,87,0,94,8,21,107,2,138,114,0,114,252
10/31/2008,STS,CA,AWP,WE,Towers with Radar,8,10,34,0,52,0,6,27,0,33,8,16,61,0,85,24,0,24,109
11/01/2008,STS,CA,AWP,WE,Towers with Radar,7,5,15,0,27,0,0,2,0,2,7,5,17,0,29,0,0,0,29
11/02/2008,STS,CA,AWP,WE,Towers with Radar,8,6,15,0,29,0,6,44,0,50,8,12,59,0,79,72,0,72,151
11/03/2008,STS,CA,AWP,WE,Towers with Radar,8,7,21,0,36,0,3,8,0,11,8,10,29,0,47,0,0,0,47
11/04/2008,STS,CA,AWP,WE,Towers with Radar,8,6,13,0,27,0,1,94,0,95,8,7,107,0,122,86,0,86,208
11/05/2008,STS,CA,AWP,WE,Towers with Radar,8,9,15,2,34,0,5,122,1,128,8,14,137,3,162,100,0,100,262
11/06/2008,STS,CA,AWP,WE,Towers with Radar,8,12,33,0,53,0,1,157,0,158,8,13,190,0,211,92,0,92,303
11/07/2008,STS,CA,AWP,WE,Towers with Radar,8,17,21,0,46,0,5,130,0,135,8,22,151,0,181,10,0,10,191
11/08/2008,STS,CA,AWP,WE,Towers with Radar,9,8,36,0,53,0,2,24,0,26,9,10,60,0,79,38,0,38,117
11/09/2008,STS,CA,AWP,WE,Towers with Radar,8,1,15,0,24,0,9,162,0,171,8,10,177,0,195,104,0,104,299
11/10/2008,STS,CA,AWP,WE,Towers with Radar,8,5,10,0,23,0,0,144,0,144,8,5,154,0,167,108,0,108,275
11/11/2008,STS,CA,AWP,WE,Towers with Radar,8,11,24,0,43,0,7,87,3,97,8,18,111,3,140,120,0,120,260
11/12/2008,STS,CA,AWP,WE,Towers with Radar,8,8,25,0,41,0,3,77,0,80,8,11,102,0,121,114,0,114,235
11/13/2008,STS,CA,AWP,WE,Towers with Radar,8,8,13,0,29,0,16,177,0,193,8,24,190,0,222,140,0,140,362
11/14/2008,STS,CA,AWP,WE,Towers with Radar,8,4,12,0,24,0,8,188,0,196,8,12,200,0,220,106,0,106,326
11/15/2008,STS,CA,AWP,WE,Towers with Radar,7,0,9,0,16,0,2,195,0,197,7,2,204,0,213,94,0,94,307
11/16/2008,STS,CA,AWP,WE,Towers with Radar,8,1,11,0,20,0,6,217,0,223,8,7,228,0,243,94,0,94,337
11/17/2008,STS,CA,AWP,WE,Towers with Radar,8,7,12,0,27,0,11,190,0,201,8,18,202,0,228,128,0,128,356
11/18/2008,STS,CA,AWP,WE,Towers with Radar,8,4,14,0,26,0,11,161,0,172,8,15,175,0,198,100,0,100,298
11/19/2008,STS,CA,AWP,WE,Towers with Radar,8,17,45,0,70,0,0,0,0,0,8,17,45,0,70,0,0,0,70
11/20/2008,STS,CA,AWP,WE,Towers with Radar,8,11,23,2,44,0,6,71,0,77,8,17,94,2,121,58,0,58,179
11/21/2008,STS,CA,AWP,WE,Towers with Radar,8,7,9,0,24,0,9,187,0,196,8,16,196,0,220,124,0,124,344
11/22/2008,STS,CA,AWP,WE,Towers with Radar,7,2,9,0,18,0,4,167,0,171,7,6,176,0,189,56,0,56,245
11/23/2008,STS,CA,AWP,WE,Towers with Radar,8,4,21,0,33,0,6,174,2,182,8,10,195,2,215,104,0,104,319
11/24/2008,STS,CA,AWP,WE,Towers with Radar,9,8,26,0,43,0,4,77,0,81,9,12,103,0,124,78,0,78,202
11/25/2008,STS,CA,AWP,WE,Towers with Radar,8,8,26,0,42,0,4,55,0,59,8,12,81,0,101,56,0,56,157
11/26/2008,STS,CA,AWP,WE,Towers with Radar,8,18,24,0,50,0,1,47,0,48,8,19,71,0,98,54,0,54,152
11/27/2008,STS,CA,AWP,WE,Towers with Radar,7,4,24,0,35,0,2,10,0,12,7,6,34,0,47,0,0,0,47
11/28/2008,STS,CA,AWP,WE,Towers with Radar,9,3,16,0,28,0,7,120,0,127,9,10,136,0,155,118,0,118,273
11/29/2008,STS,CA,AWP,WE,Towers with Radar,10,2,25,0,37,0,3,83,0,86,10,5,108,0,123,36,0,36,159
11/30/2008,STS,CA,AWP,WE,Towers with Radar,8,4,18,0,30,1,6,138,0,145,9,10,156,0,175,44,0,44,219
12/01/2008,STS,CA,AWP,WE,Towers with Radar,8,9,35,0,52,0,0,0,0,0,8,9,35,0,52,0,0,0,52
12/02/2008,STS,CA,AWP,WE,Towers with Radar,8,6,9,0,23,0,1,95,0,96,8,7,104,0,119,118,0,118,237
12/03/2008,STS,CA,AWP,WE,Towers with Radar,8,10,34,2,54,0,0,0,0,0,8,10,34,2,54,0,0,0,54
12/04/2008,STS,CA,AWP,WE,Towers with Radar,8,12,27,0,47,0,4,54,0,58,8,16,81,0,105,70,0,70,175
12/05/2008,STS,CA,AWP,WE,Towers with Radar,8,10,23,0,41,0,2,143,0,145,8,12,166,0,186,74,0,74,260
12/06/2008,STS,CA,AWP,WE,Towers with Radar,5,3,11,0,19,0,5,147,0,152,5,8,158,0,171,28,0,28,199
12/07/2008,STS,CA,AWP,WE,Towers with Radar,4,2,12,0,18,0,0,0,0,0,4,2,12,0,18,0,0,0,18
12/08/2008,STS,CA,AWP,WE,Towers with Radar,8,5,18,0,31,0,10,166,0,176,8,15,184,0,207,206,0,206,413
12/09/2008,STS,CA,AWP,WE,Towers with Radar,8,6,12,0,26,0,8,122,0,130,8,14,134,0,156,158,0,158,314
12/10/2008,STS,CA,AWP,WE,Towers with Radar,8,5,19,0,32,0,6,136,0,142,8,11,155,0,174,152,0,152,326
12/11/2008,STS,CA,AWP,WE,Towers with Radar,8,10,16,4,38,0,5,155,2,162,8,15,171,6,200,178,0,178,378
12/12/2008,STS,CA,AWP,WE,Towers with Radar,9,5,18,0,32,0,5,93,0,98,9,10,111,0,130,151,0,151,281
12/13/2008,STS,CA,AWP,WE,Towers with Radar,7,3,10,0,20,0,9,119,0,128,7,12,129,0,148,136,0,136,284
12/14/2008,STS,CA,AWP,WE,Towers with Radar,8,4,18,0,30,0,0,9,0,9,8,4,27,0,39,14,0,14,53
12/15/2008,STS,CA,AWP,WE,Towers with Radar,5,9,19,0,33,0,2,44,0,46,5,11,63,0,79,44,0,44,123
12/16/2008,STS,CA,AWP,WE,Towers with Radar,10,11,8,0,29,0,2,45,0,47,10,13,53,0,76,50,0,50,126
12/17/2008,STS,CA,AWP,WE,Towers with Radar,6,10,16,0,32,0,9,141,0,150,6,19,157,0,182,178,0,178,360
12/18/2008,STS,CA,AWP,WE,Towers with Radar,8,10,14,0,32,0,8,66,0,74,8,18,80,0,106,70,0,70,176
12/19/2008,STS,CA,AWP,WE,Towers with Radar,8,5,23,0,36,0,7,64,2,73,8,12,87,2,109,79,0,79,188
12/20/2008,STS,CA,AWP,WE,Towers with Radar,7,2,11,0,20,0,1,198,0,199,7,3,209,0,219,68,0,68,287
12/21/2008,STS,CA,AWP,WE,Towers with Radar,5,1,14,0,20,0,1,1,0,2,5,2,15,0,22,0,0,0,22
12/22/2008,STS,CA,AWP,WE,Towers with Radar,0,13,15,0,28,0,6,35,0,41,0,19,50,0,69,78,0,78,147
12/23/2008,STS,CA,AWP,WE,Towers with Radar,8,13,23,2,46,0,7,41,0,48,8,20,64,2,94,38,0,38,132
12/24/2008,STS,CA,AWP,WE,Towers with Radar,8,11,6,0,25,0,1,4,0,5,8,12,10,0,30,2,0,2,32
12/25/2008,STS,CA,AWP,WE,Towers with Radar,7,1,5,0,13,0,4,12,0,16,7,5,17,0,29,2,0,2,31
12/26/2008,STS,CA,AWP,WE,Towers with Radar,8,5,13,0,26,0,2,178,0,180,8,7,191,0,206,90,0,90,296
12/27/2008,STS,CA,AWP,WE,Towers with Radar,8,5,29,0,42,0,1,18,0,19,8,6,47,0,61,10,0,10,71
12/28/2008,STS,CA,AWP,WE,Towers with Radar,8,7,25,0,40,0,0,0,0,0,8,7,25,0,40,0,0,0,40
12/29/2008,STS,CA,AWP,WE,Towers with Radar,8,6,17,0,31,0,0,50,0,50,8,6,67,0,81,16,0,16,97
12/30/2008,STS,CA,AWP,WE,Towers with Radar,8,10,20,0,38,1,1,75,0,77,9,11,95,0,115,58,0,58,173
12/31/2008,STS,CA,AWP,WE,Towers with Radar,7,12,24,0,43,0,2,47,0,49,7,14,71,0,92,34,0,34,126
01/01/2009,STS,CA,AWP,WE,Towers with Radar,7,6,10,0,23,0,3,84,0,87,7,9,94,0,110,54,0,54,164
01/02/2009,STS,CA,AWP,WE,Towers with Radar,8,6,20,0,34,0,2,28,0,30,8,8,48,0,64,4,0,4,68
01/03/2009,STS,CA,AWP,WE,Towers with Radar,8,0,12,0,20,0,0,184,0,184,8,0,196,0,204,78,0,78,282
01/04/2009,STS,CA,AWP,WE,Towers with Radar,8,5,8,0,21,0,0,157,0,157,8,5,165,0,178,88,0,88,266
01/05/2009,STS,CA,AWP,WE,Towers with Radar,8,12,11,0,31,0,0,3,0,3,8,12,14,0,34,0,0,0,34
01/06/2009,STS,CA,AWP,WE,Towers with Radar,8,4,27,0,39,0,2,34,0,36,8,6,61,0,75,32,0,32,107
01/07/2009,STS,CA,AWP,WE,Towers with Radar,8,13,24,0,45,0,0,0,0,0,8,13,24,0,45,0,0,0,45
01/08/2009,STS,CA,AWP,WE,Towers with Radar,8,14,22,0,44,0,5,58,0,63,8,19,80,0,107,98,0,98,205
01/09/2009,STS,CA,AWP,WE,Towers with Radar,8,2,12,0,22,0,4,157,0,161,8,6,169,0,183,136,0,136,319
01/10/2009,STS,CA,AWP,WE,Towers with Radar,7,0,8,0,15,0,2,199,0,201,7,2,207,0,216,150,0,150,366
01/11/2009,STS,CA,AWP,WE,Towers with Radar,8,2,9,0,19,0,4,183,0,187,8,6,192,0,206,152,0,152,358
01/12/2009,STS,CA,AWP,WE,Towers with Radar,8,3,2,0,13,0,6,101,0,107,8,9,103,0,120,96,0,96,216
01/13/2009,STS,CA,AWP,WE,Towers with Radar,8,11,12,0,31,0,6,127,0,133,8,17,139,0,164,135,0,135,299
01/14/2009,STS,CA,AWP,WE,Towers with Radar,8,7,21,4,40,0,7,143,0,150,8,14,164,4,190,80,0,80,270
01/15/2009,STS,CA,AWP,WE,Towers with Radar,8,4,24,0,36,0,3,129,0,132,8,7,153,0,168,148,0,148,316
01/16/2009,STS,CA,AWP,WE,Towers with Radar,8,8,12,0,28,0,3,144,0,147,8,11,156,0,175,150,0,150,325
01/17/2009,STS,CA,AWP,WE,Towers with Radar,7,2,9,0,18,0,5,233,1,239,7,7,242,1,257,106,0,106,363
01/18/2009,STS,CA,AWP,WE,Towers with Radar,8,4,10,0,22,0,3,143,0,146,8,7,153,0,168,28,0,28,196
01/19/2009,STS,CA,AWP,WE,Towers with Radar,8,5,7,0,20,0,1,175,0,176,8,6,182,0,196,76,0,76,272
01/20/2009,STS,CA,AWP,WE,Towers with Radar,8,6,10,2,26,0,11,158,1,170,8,17,168,3,196,48,0,48,244
01/21/2009,STS,CA,AWP,WE,Towers with Radar,8,17,13,0,38,0,5,86,0,91,8,22,99,0,129,76,0,76,205
01/22/2009,STS,CA,AWP,WE,Towers with Radar,8,11,24,0,43,0,0,1,0,1,8,11,25,0,44,0,0,0,44
01/23/2009,STS,CA,AWP,WE,Towers with Radar,8,8,21,0,37,0,2,12,0,14,8,10,33,0,51,10,0,10,61
01/24/2009,STS,CA,AWP,WE,Towers with Radar,7,1,32,0,40,0,2,33,0,35,7,3,65,0,75,20,0,20,95
01/25/2009,STS,CA,AWP,WE,Towers with Radar,8,8,12,0,28,0,1,72,0,73,8,9,84,0,101,72,0,72,173
01/26/2009,STS,CA,AWP,WE,Towers with Radar,8,3,8,0,19,0,8,114,0,122,8,11,122,0,141,74,0,74,215
01/27/2009,STS,CA,AWP,WE,Towers with Radar,7,5,8,0,20,0,7,128,0,135,7,12,136,0,155,106,0,106,261
01/28/2009,STS,CA,AWP,WE,Towers with Radar,9,6,11,0,26,0,7,116,2,125,9,13,127,2,151,152,0,152,303
01/29/2009,STS,CA,AWP,WE,Towers with Radar,8,6,17,0,31,0,10,155,0,165,8,16,172,0,196,82,0,82,278
01/30/2009,STS,CA,AWP,WE,Towers with Radar,6,8,19,0,33,0,4,107,0,111,6,12,126,0,144,106,0,106,250
01/31/2009,STS,CA,AWP,WE,Towers with Radar,7,3,6,0,16,0,3,220,0,223,7,6,226,0,239,90,0,90,329
02/01/2009,STS,CA,AWP,WE,Towers with Radar,8,2,4,0,14,0,5,178,0,183,8,7,182,0,197,112,0,112,309
02/02/2009,STS,CA,AWP,WE,Towers with Radar,8,7,11,0,26,0,5,142,0,147,8,12,153,0,173,126,0,126,299
02/03/2009,STS,CA,AWP,WE,Towers with Radar,8,4,16,0,28,0,7,145,1,153,8,11,161,1,181,152,0,152,333
02/04/2009,STS,CA,AWP,WE,Towers with Radar,8,8,4,0,20,0,6,102,0,108,8,14,106,0,128,114,0,114,242
02/05/2009,STS,CA,AWP,WE,Towers with Radar,8,9,23,0,40,0,1,12,0,13,8,10,35,0,53,16,0,16,69
02/06/2009,STS,CA,AWP,WE,Towers with Radar,8,4,9,0,21,0,3,11,0,14,8,7,20,0,35,10,0,10,45
02/07/2009,STS,CA,AWP,WE,Towers with Radar,7,2,15,0,24,0,3,200,0,203,7,5,215,0,227,72,0,72,299
02/08/2009,STS,CA,AWP,WE,Towers with Radar,6,3,22,0,31,0,2,8,0,10,6,5,30,0,41,0,0,0,41
02/09/2009,STS,CA,AWP,WE,Towers with Radar,8,8,15,0,31,0,1,78,0,79,8,9,93,0,110,36,0,36,146
02/10/2009,STS,CA,AWP,WE,Towers with Radar,8,7,14,0,29,0,1,92,0,93,8,8,106,0,122,58,0,58,180
02/11/2009,STS,CA,AWP,WE,Towers with Radar,8,8,15,0,31,0,1,27,0,28,8,9,42,0,59,0,0,0,59
02/12/2009,STS,CA,AWP,WE,Towers with Radar,12,4,27,0,43,0,4,73,0,77,12,8,100,0,120,86,0,86,206
02/13/2009,STS,CA,AWP,WE,Towers with Radar,8,7,25,0,40,0,5,3,0,8,8,12,28,0,48,6,0,6,54
02/14/2009,STS,CA,AWP,WE,Towers with Radar,7,9,100,0,116,0,5,21,0,26,7,14,121,0,142,21,0,21,163
02/15/2009,STS,CA,AWP,WE,Towers with Radar,8,6,7,0,21,0,0,10,0,10,8,6,17,0,31,10,0,10,41
02/16/2009,STS,CA,AWP,WE,Towers with Radar,9,8,16,0,33,0,0,20,0,20,9,8,36,0,53,0,0,0,53
02/17/2009,STS,CA,AWP,WE,Towers with Radar,8,9,13,0,30,0,4,19,0,23,8,13,32,0,53,10,0,10,63
02/18/2009,STS,CA,AWP,WE,Towers with Radar,8,6,24,0,38,0,10,110,0,120,8,16,134,0,158,184,0,184,342
02/19/2009,STS,CA,AWP,WE,Towers with Radar,8,11,19,0,38,0,3,157,0,160,8,14,176,0,198,140,0,140,338
02/20/2009,STS,CA,AWP,WE,Towers with Radar,7,5,12,0,24,0,12,207,0,219,7,17,219,0,243,98,0,98,341
02/21/2009,STS,CA,AWP,WE,Towers with Radar,7,0,10,0,17,0,0,163,0,163,7,0,173,0,180,126,0,126,306
02/22/2009,STS,CA,AWP,WE,Towers with Radar,8,6,23,0,37,0,0,1,0,1,8,6,24,0,38,0,0,0,38
02/23/2009,STS,CA,AWP,WE,Towers with Radar,6,8,25,0,39,0,1,0,0,1,6,9,25,0,40,0,0,0,40
02/24/2009,STS,CA,AWP,WE,Towers with Radar,8,12,24,2,46,0,0,98,1,99,8,12,122,3,145,126,0,126,271
02/25/2009,STS,CA,AWP,WE,Towers with Radar,8,8,28,0,44,0,4,8,0,12,8,12,36,0,56,20,0,20,76
02/26/2009,STS,CA,AWP,WE,Towers with Radar,9,10,30,0,49,0,4,101,0,105,9,14,131,0,154,172,0,172,326
02/27/2009,STS,CA,AWP,WE,Towers with Radar,8,4,10,0,22,0,11,187,1,199,8,15,197,1,221,150,0,150,371
02/28/2009,STS,CA,AWP,WE,Towers with Radar,7,8,10,0,25,0,6,147,0,153,7,14,157,0,178,114,0,114,292
03/01/2009,STS,CA,AWP,WE,Towers with Radar,8,3,19,0,30,0,0,4,0,4,8,3,23,0,34,6,0,6,40
03/02/2009,STS,CA,AWP,WE,Towers with Radar,9,4,15,1,29,0,0,3,1,4,9,4,18,2,33,0,0,0,33
03/03/2009,STS,CA,AWP,WE,Towers with Radar,8,5,14,0,27,0,2,12,0,14,8,7,26,0,41,0,0,0,41
03/04/2009,STS,CA,AWP,WE,Towers with Radar,8,5,29,0,42,0,6,73,0,79,8,11,102,0,121,100,0,100,221
03/05/2009,STS,CA,AWP,WE,Towers with Radar,8,5,27,0,40,0,4,67,3,74,8,9,94,3,114,104,0,104,218
03/06/2009,STS,CA,AWP,WE,Towers with Radar,8,6,23,1,38,0,15,120,0,135,8,21,143,1,173,52,0,52,225
03/07/2009,STS,CA,AWP,WE,Towers with Radar,7,4,5,0,16,0,2,247,0,249,7,6,252,0,265,144,0,144,409
03/08/2009,STS,CA,AWP,WE,Towers with Radar,8,5,10,0,23,0,2,139,0,141,8,7,149,0,164,52,0,52,216
03/09/2009,STS,CA,AWP,WE,Towers with Radar,8,5,8,2,23,0,7,95,0,102,8,12,103,2,125,92,0,92,217
03/10/2009,STS,CA,AWP,WE,Towers with Radar,8,7,6,0,21,0,13,144,0,157,8,20,150,0,178,164,0,164,342
03/11/2009,STS,CA,AWP,WE,Towers with Radar,8,7,12,0,27,0,3,138,0,141,8,10,150,0,168,150,0,150,318
03/12/2009,STS,CA,AWP,WE,Towers with Radar,8,5,10,0,23,0,7,132,0,139,8,12,142,0,162,136,0,136,298
03/13/2009,STS,CA,AWP,WE,Towers with Radar,8,8,19,0,35,0,8,124,0,132,8,16,143,0,167,48,0,48,215
03/14/2009,STS,CA,AWP,WE,Towers with Radar,7,2,7,0,16,0,10,111,0,121,7,12,118,0,137,104,0,104,241
03/15/2009,STS,CA,AWP,WE,Towers with Radar,8,2,30,0,40,0,3,15,0,18,8,5,45,0,58,16,0,16,74
03/16/2009,STS,CA,AWP,WE,Towers with Radar,8,19,43,0,70,0,0,19,0,19,8,19,62,0,89,4,0,4,93
03/17/2009,STS,CA,AWP,WE,Towers with Radar,8,8,31,0,47,0,1,81,0,82,8,9,112,0,129,68,0,68,197
03/18/2009,STS,CA,AWP,WE,Towers with Radar,8,3,16,0,27,0,7,151,0,158,8,10,167,0,185,180,0,180,365
03/19/2009,STS,CA,AWP,WE,Towers with Radar,8,7,9,0,24,0,10,183,3,196,8,17,192,3,220,196,0,196,416
03/20/2009,STS,CA,AWP,WE,Towers with Radar,9,10,19,0,38,0,11,130,0,141,9,21,149,0,179,78,0,78,257
03/21/2009,STS,CA,AWP,WE,Towers with Radar,7,2,33,0,42,0,2,55,0,57,7,4,88,0,99,88,0,88,187
03/22/2009,STS,CA,AWP,WE,Towers with Radar,8,2,18,0,28,0,7,55,0,62,8,9,73,0,90,2,0,2,92
03/23/2009,STS,CA,AWP,WE,Towers with Radar,7,7,18,0,32,0,7,127,0,134,7,14,145,0,166,176,0,176,342
03/24/2009,STS,CA,AWP,WE,Towers with Radar,8,5,9,0,22,0,6,154,0,160,8,11,163,0,182,160,0,160,342
03/25/2009,STS,CA,AWP,WE,Towers with Radar,8,4,11,0,23,0,9,151,0,160,8,13,162,0,183,124,0,124,307
03/26/2009,STS,CA,AWP,WE,Towers with Radar,8,6,13,0,27,0,9,126,1,136,8,15,139,1,163,112,0,112,275
03/27/2009,STS,CA,AWP,WE,Towers with Radar,8,7,16,2,33,0,9,140,0,149,8,16,156,2,182,30,0,30,212
03/28/2009,STS,CA,AWP,WE,Towers with Radar,7,4,4,0,15,0,6,206,0,212,7,10,210,0,227,103,0,103,330
03/29/2009,STS,CA,AWP,WE,Towers with Radar,8,7,12,0,27,0,3,140,0,143,8,10,152,0,170,44,0,44,214
03/30/2009,STS,CA,AWP,WE,Towers with Radar,8,3,5,0,16,0,13,102,0,115,8,16,107,0,131,112,0,112,243
03/31/2009,STS,CA,AWP,WE,Towers with Radar,9,8,11,0,28,0,3,131,0,134,9,11,142,0,162,134,0,134,296
04/01/2009,STS,CA,AWP,WE,Towers with Radar,9,10,9,0,28,0,6,127,0,133,9,16,136,0,161,72,0,72,233
04/02/2009,STS,CA,AWP,WE,Towers with Radar,9,6,9,0,24,0,12,94,0,106,9,18,103,0,130,110,0,110,240
04/03/2009,STS,CA,AWP,WE,Towers with Radar,9,5,9,0,23,0,4,106,0,110,9,9,115,0,133,70,0,70,203
04/04/2009,STS,CA,AWP,WE,Towers with Radar,7,5,12,0,24,0,9,216,0,225,7,14,228,0,249,70,0,70,319
04/05/2009,STS,CA,AWP,WE,Towers with Radar,9,3,5,0,17,0,11,147,0,158,9,14,152,0,175,78,0,78,253
04/06/2009,STS,CA,AWP,WE,Towers with Radar,9,6,5,0,20,0,6,114,0,120,9,12,119,0,140,78,0,78,218
04/07/2009,STS,CA,AWP,WE,Towers with Radar,9,8,16,0,33,0,1,20,0,21,9,9,36,0,54,4,0,4,58
04/08/2009,STS,CA,AWP,WE,Towers with Radar,9,11,22,0,42,0,4,40,0,44,9,15,62,0,86,120,0,120,206
04/09/2009,STS,CA,AWP,WE,Towers with Radar,9,9,28,0,46,0,2,2,0,4,9,11,30,0,50,0,0,0,50
04/10/2009,STS,CA,AWP,WE,Towers with Radar,9,5,20,0,34,0,10,99,0,109,9,15,119,0,143,60,0,60,203
04/11/2009,STS,CA,AWP,WE,Towers with Radar,7,2,15,0,24,0,2,128,0,130,7,4,143,0,154,84,0,84,238
04/12/2009,STS,CA,AWP,WE,Towers with Radar,9,7,8,0,24,0,6,160,1,167,9,13,168,1,191,92,0,92,283
04/13/2009,STS,CA,AWP,WE,Towers with Radar,9,5,22,0,36,0,1,120,0,121,9,6,142,0,157,116,0,116,273
04/14/2009,STS,CA,AWP,WE,Towers with Radar,9,7,9,2,27,0,2,49,0,51,9,9,58,2,78,18,0,18,96
04/15/2009,STS,CA,AWP,WE,Towers with Radar,9,4,6,0,19,0,9,100,0,109,9,13,106,0,128,88,0,88,216
04/16/2009,STS,CA,AWP,WE,Towers with Radar,9,7,15,0,31,0,9,172,0,181,9,16,187,0,212,146,0,146,358
04/17/2009,STS,CA,AWP,WE,Towers with Radar,9,4,15,2,30,0,7,170,0,177,9,11,185,2,207,72,0,72,279
04/18/2009,STS,CA,AWP,WE,Towers with Radar,7,2,11,0,20,2,10,223,0,235,9,12,234,0,255,72,0,72,327
04/19/2009,STS,CA,AWP,WE,Towers with Radar,8,4,16,0,28,0,8,196,2,206,8,12,212,2,234,96,0,96,330
04/20/2009,STS,CA,AWP,WE,Towers with Radar,9,4,16,0,29,0,14,152,0,166,9,18,168,0,195,148,0,148,343
04/21/2009,STS,CA,AWP,WE,Towers with Radar,9,9,14,2,34,0,6,161,0,167,9,15,175,2,201,152,0,152,353
04/22/2009,STS,CA,AWP,WE,Towers with Radar,9,7,6,0,22,0,11,137,0,148,9,18,143,0,170,132,0,132,302
04/23/2009,STS,CA,AWP,WE,Towers with Radar,9,13,24,0,46,0,3,77,1,81,9,16,101,1,127,32,0,32,159
04/24/2009,STS,CA,AWP,WE,Towers with Radar,9,10,12,0,31,0,11,76,0,87,9,21,88,0,118,44,0,44,162
04/25/2009,STS,CA,AWP,WE,Towers with Radar,7,6,13,0,26,0,8,190,0,198,7,14,203,0,224,82,0,82,306
04/26/2009,STS,CA,AWP,WE,Towers with Radar,9,3,14,0,26,0,12,180,0,192,9,15,194,0,218,94,0,94,312
04/27/2009,STS,CA,AWP,WE,Towers with Radar,9,8,14,0,31,0,3,94,0,97,9,11,108,0,128,70,0,70,198
04/28/2009,STS,CA,AWP,WE,Towers with Radar,9,5,16,0,30,0,4,97,0,101,9,9,113,0,131,82,0,82,213
04/29/2009,STS,CA,AWP,WE,Towers with Radar,9,14,13,0,36,0,4,125,2,131,9,18,138,2,167,132,0,132,299
04/30/2009,STS,CA,AWP,WE,Towers with Radar,9,7,18,0,34,0,4,134,0,138,9,11,152,0,172,154,0,154,326
05/01/2009,STS,CA,AWP,WE,Towers with Radar,9,12,21,0,42,0,1,30,0,31,9,13,51,0,73,16,0,16,89
05/02/2009,STS,CA,AWP,WE,Towers with Radar,7,7,27,0,41,0,0,0,0,0,7,7,27,0,41,0,0,0,41
05/03/2009,STS,CA,AWP,WE,Towers with Radar,9,14,22,0,45,0,2,60,0,62,9,16,82,0,107,10,0,10,117
05/04/2009,STS,CA,AWP,WE,Towers with Radar,9,19,38,0,66,0,1,13,0,14,9,20,51,0,80,12,0,12,92
05/05/2009,STS,CA,AWP,WE,Towers with Radar,9,12,39,0,60,0,8,22,0,30,9,20,61,0,90,106,0,106,196
05/06/2009,STS,CA,AWP,WE,Towers with Radar,9,10,41,2,62,0,4,29,0,33,9,14,70,2,95,50,0,50,145
05/07/2009,STS,CA,AWP,WE,Towers with Radar,9,10,11,1,31,0,6,182,0,188,9,16,193,1,219,168,0,168,387
05/08/2009,STS,CA,AWP,WE,Towers with Radar,9,7,8,0,24,0,11,207,0,218,9,18,215,0,242,136,0,136,378
05/09/2009,STS,CA,AWP,WE,Towers with Radar,7,2,11,0,20,0,4,251,0,255,7,6,262,0,275,88,0,88,363
05/10/2009,STS,CA,AWP,WE,Towers with Radar,9,5,8,0,22,0,4,206,0,210,9,9,214,0,232,82,0,82,314
05/11/2009,STS,CA,AWP,WE,Towers with Radar,9,4,16,0,29,0,10,120,0,130,9,14,136,0,159,84,0,84,243
05/12/2009,STS,CA,AWP,WE,Towers with Radar,9,9,23,0,41,0,7,153,0,160,9,16,176,0,201,132,0,132,333
05/13/2009,STS,CA,AWP,WE,Towers with Radar,9,10,18,2,39,0,9,143,0,152,9,19,161,2,191,120,0,120,311
05/14/2009,STS,CA,AWP,WE,Towers with Radar,9,11,23,0,43,0,6,175,0,181,9,17,198,0,224,150,0,150,374
05/15/2009,STS,CA,AWP,WE,Towers with Radar,9,2,21,0,32,0,6,148,0,154,9,8,169,0,186,124,0,124,310
05/16/2009,STS,CA,AWP,WE,Towers with Radar,5,7,17,0,29,0,5,168,0,173,5,12,185,0,202,72,0,72,274
05/17/2009,STS,CA,AWP,WE,Towers with Radar,9,3,15,0,27,0,14,142,0,156,9,17,157,0,183,28,0,28,211
05/18/2009,STS,CA,AWP,WE,Towers with Radar,9,11,23,0,43,0,3,169,0,172,9,14,192,0,215,100,0,100,315
05/19/2009,STS,CA,AWP,WE,Towers with Radar,9,16,25,0,50,0,0,122,5,127,9,16,147,5,177,76,0,76,253
05/20/2009,STS,CA,AWP,WE,Towers with Radar,9,17,16,0,42,0,7,204,0,211,9,24,220,0,253,192,0,192,445
05/21/2009,STS,CA,AWP,WE,Towers with Radar,8,12,23,2,45,0,19,186,0,205,8,31,209,2,250,146,0,146,396
05/22/2009,STS,CA,AWP,WE,Towers with Radar,8,9,30,0,47,0,18,132,0,150,8,27,162,0,197,84,0,84,281
05/23/2009,STS,CA,AWP,WE,Towers with Radar,9,5,26,0,40,0,5,96,0,101,9,10,122,0,141,80,0,80,221
05/24/2009,STS,CA,AWP,WE,Towers with Radar,7,5,15,0,27,0,7,140,0,147,7,12,155,0,174,38,0,38,212
05/25/2009,STS,CA,AWP,WE,Towers with Radar,9,3,27,0,39,0,3,185,0,188,9,6,212,0,227,102,0,102,329
05/26/2009,STS,CA,AWP,WE,Towers with Radar,9,5,6,0,20,0,0,134,0,134,9,5,140,0,154,147,0,147,301
05/27/2009,STS,CA,AWP,WE,Towers with Radar,9,14,13,0,36,0,14,136,0,150,9,28,149,0,186,198,0,198,384
05/28/2009,STS,CA,AWP,WE,Towers with Radar,8,18,50,0,76,0,5,144,0,149,8,23,194,0,225,112,0,112,337
05/29/2009,STS,CA,AWP,WE,Towers with Radar,9,11,60,0,80,0,8,111,0,119,9,19,171,0,199,98,0,98,297
05/30/2009,STS,CA,AWP,WE,Towers with Radar,9,5,24,0,38,0,4,85,0,89,9,9,109,0,127,82,0,82,209
05/31/2009,STS,CA,AWP,WE,Towers with Radar,9,9,57,0,75,0,4,119,0,123,9,13,176,0,198,74,0,74,272
06/01/2009,STS,CA,AWP,WE,Towers with Radar,9,11,23,0,43,0,7,98,0,105,9,18,121,0,148,84,0,84,232
06/02/2009,STS,CA,AWP,WE,Towers with Radar,9,8,24,0,41,0,6,99,0,105,9,14,123,0,146,132,0,132,278
06/03/2009,STS,CA,AWP,WE,Towers with Radar,9,4,25,2,40,0,13,123,0,136,9,17,148,2,176,60,0,60,236
06/04/2009,STS,CA,AWP,WE,Towers with Radar,9,8,30,0,47,0,11,49,2,62,9,19,79,2,109,34,0,34,143
06/05/2009,STS,CA,AWP,WE,Towers with Radar,9,7,22,0,38,0,11,110,0,121,9,18,132,0,159,116,0,116,275
06/06/2009,STS,CA,AWP,WE,Towers with Radar,8,1,19,0,28,0,6,129,0,135,8,7,148,0,163,50,0,50,213
06/07/2009,STS,CA,AWP,WE,Towers with Radar,10,7,13,0,30,0,7,193,0,200,10,14,206,0,230,94,0,94,324
06/08/2009,STS,CA,AWP,WE,Towers with Radar,9,9,18,2,38,0,1,138,0,139,9,10,156,2,177,104,0,104,281
06/09/2009,STS,CA,AWP,WE,Towers with Radar,9,7,18,0,34,0,5,156,10,171,9,12,174,10,205,148,0,148,353
06/10/2009,STS,CA,AWP,WE,Towers with Radar,9,3,20,0,32,0,17,101,0,118,9,20,121,0,150,176,0,176,326
06/11/2009,STS,CA,AWP,WE,Towers with Radar,9,12,23,2,46,0,14,107,0,121,9,26,130,2,167,168,0,168,335
06/12/2009,STS,CA,AWP,WE,Towers with Radar,8,9,19,2,38,0,3,123,1,127,8,12,142,3,165,128,0,128,293
06/13/2009,STS,CA,AWP,WE,Towers with Radar,8,9,37,0,54,0,10,93,0,103,8,19,130,0,157,72,0,72,229
06/14/2009,STS,CA,AWP,WE,Towers with Radar,9,16,14,0,39,0,12,146,0,158,9,28,160,0,197,98,0,98,295
06/15/2009,STS,CA,AWP,WE,Towers with Radar,9,13,19,2,43,0,12,125,0,137,9,25,144,2,180,66,0,66,246
06/16/2009,STS,CA,AWP,WE,Towers with Radar,9,13,18,0,40,0,3,116,0,119,9,16,134,0,159,200,0,200,359
06/17/2009,STS,CA,AWP,WE,Towers with Radar,9,11,18,0,38,0,6,134,0,140,9,17,152,0,178,150,0,150,328
06/18/2009,STS,CA,AWP,WE,Towers with Radar,9,7,18,2,36,0,19,172,0,191,9,26,190,2,227,160,0,160,387
06/19/2009,STS,CA,AWP,WE,Towers with Radar,8,8,16,0,32,0,8,182,0,190,8,16,198,0,222,160,0,160,382
06/20/2009,STS,CA,AWP,WE,Towers with Radar,9,4,13,0,26,0,11,221,0,232,9,15,234,0,258,154,0,154,412
06/21/2009,STS,CA,AWP,WE,Towers with Radar,9,7,20,0,36,0,5,178,0,183,9,12,198,0,219,122,0,122,341
06/22/2009,STS,CA,AWP,WE,Towers with Radar,9,10,12,0,31,0,14,154,0,168,9,24,166,0,199,96,0,96,295
06/23/2009,STS,CA,AWP,WE,Towers with Radar,9,11,11,0,31,0,14,166,0,180,9,25,177,0,211,106,0,106,317
06/24/2009,STS,CA,AWP,WE,Towers with Radar,7,11,14,2,34,0,1,124,0,125,7,12,138,2,159,88,0,88,247
06/25/2009,STS,CA,AWP,WE,Towers with Radar,9,10,27,0,46,1,8,93,0,102,10,18,120,0,148,80,0,80,228
06/26/2009,STS,CA,AWP,WE,Towers with Radar,9,4,14,0,27,0,14,121,0,135,9,18,135,0,162,182,0,182,344
06/27/2009,STS,CA,AWP,WE,Towers with Radar,9,1,3,0,13,0,11,177,0,188,9,12,180,0,201,96,0,96,297
06/28/2009,STS,CA,AWP,WE,Towers with Radar,8,3,21,0,32,0,9,179,0,188,8,12,200,0,220,120,0,120,340
06/29/2009,STS,CA,AWP,WE,Towers with Radar,9,6,11,0,26,0,5,184,0,189,9,11,195,0,215,142,0,142,357
06/30/2009,STS,CA,AWP,WE,Towers with Radar,9,9,18,0,36,0,11,148,0,159,9,20,166,0,195,168,0,168,363
07/01/2009,STS,CA,AWP,WE,Towers with Radar,7,12,25,0,44,0,2,132,0,134,7,14,157,0,178,84,0,84,262
07/02/2009,STS,CA,AWP,WE,Towers with Radar,9,5,36,0,50,0,18,140,0,158,9,23,176,0,208,90,0,90,298
07/03/2009,STS,CA,AWP,WE,Towers with Radar,9,4,21,0,34,0,8,145,0,153,9,12,166,0,187,58,0,58,245
07/04/2009,STS,CA,AWP,WE,Towers with Radar,7,2,36,0,45,0,2,62,0,64,7,4,98,0,109,30,0,30,139
07/05/2009,STS,CA,AWP,WE,Towers with Radar,9,5,42,0,56,0,1,115,0,116,9,6,157,0,172,48,0,48,220
07/06/2009,STS,CA,AWP,WE,Towers with Radar,9,4,14,2,29,0,5,154,0,159,9,9,168,2,188,114,0,114,302
07/07/2009,STS,CA,AWP,WE,Towers with Radar,9,18,15,1,43,0,12,121,4,137,9,30,136,5,180,94,0,94,274
07/08/2009,STS,CA,AWP,WE,Towers with Radar,9,10,11,0,30,0,7,139,0,146,9,17,150,0,176,122,0,122,298
07/09/2009,STS,CA,AWP,WE,Towers with Radar,9,20,43,0,72,0,22,172,2,196,9,42,215,2,268,108,0,108,376
07/10/2009,STS,CA,AWP,WE,Towers with Radar,9,16,19,0,44,0,14,158,1,173,9,30,177,1,217,144,0,144,361
07/11/2009,STS,CA,AWP,WE,Towers with Radar,9,3,18,0,30,0,8,146,13,167,9,11,164,13,197,86,0,86,283
07/12/2009,STS,CA,AWP,WE,Towers with Radar,9,17,40,0,66,0,3,153,3,159,9,20,193,3,225,66,0,66,291
07/13/2009,STS,CA,AWP,WE,Towers with Radar,9,11,19,2,41,0,12,116,8,136,9,23,135,10,177,88,0,88,265
07/14/2009,STS,CA,AWP,WE,Towers with Radar,9,7,11,0,27,0,5,126,0,131,9,12,137,0,158,76,0,76,234
07/15/2009,STS,CA,AWP,WE,Towers with Radar,9,12,20,1,42,0,13,150,3,166,9,25,170,4,208,114,0,114,322
07/16/2009,STS,CA,AWP,WE,Towers with Radar,9,22,67,0,98,0,19,135,0,154,9,41,202,0,252,146,0,146,398
07/17/2009,STS,CA,AWP,WE,Towers with Radar,9,12,21,0,42,0,13,151,0,164,9,25,172,0,206,172,0,172,378
07/18/2009,STS,CA,AWP,WE,Towers with Radar,8,8,15,0,31,0,8,164,0,172,8,16,179,0,203,68,0,68,271
07/19/2009,STS,CA,AWP,WE,Towers with Radar,8,19,63,0,90,0,5,194,0,199,8,24,257,0,289,32,0,32,321
07/20/2009,STS,CA,AWP,WE,Towers with Radar,9,17,47,0,73,0,5,132,0,137,9,22,179,0,210,66,0,66,276
07/21/2009,STS,CA,AWP,WE,Towers with Radar,9,8,24,0,41,0,2,134,0,136,9,10,158,0,177,82,0,82,259
07/22/2009,STS,CA,AWP,WE,Towers with Radar,9,12,25,0,46,0,14,135,0,149,9,26,160,0,195,76,0,76,271
07/23/2009,STS,CA,AWP,WE,Towers with Radar,8,12,50,2,72,0,4,136,0,140,8,16,186,2,212,50,0,50,262
07/24/2009,STS,CA,AWP,WE,Towers with Radar,9,13,31,0,53,0,5,124,0,129,9,18,155,0,182,64,0,64,246
07/25/2009,STS,CA,AWP,WE,Towers with Radar,8,6,20,0,34,0,5,109,0,114,8,11,129,0,148,36,0,36,184
07/26/2009,STS,CA,AWP,WE,Towers with Radar,9,16,33,0,58,0,4,155,0,159,9,20,188,0,217,60,0,60,277
07/27/2009,STS,CA,AWP,WE,Towers with Radar,8,7,21,0,36,0,5,155,0,160,8,12,176,0,196,132,0,132,328
07/28/2009,STS,CA,AWP,WE,Towers with Radar,9,17,22,0,48,0,4,161,0,165,9,21,183,0,213,134,0,134,347
07/29/2009,STS,CA,AWP,WE,Towers with Radar,6,13,30,0,49,0,12,114,0,126,6,25,144,0,175,108,0,108,283
07/30/2009,STS,CA,AWP,WE,Towers with Radar,6,8,35,0,49,0,11,100,2,113,6,19,135,2,162,78,0,78,240
07/31/2009,STS,CA,AWP,WE,Towers with Radar,9,5,23,0,37,0,20,132,0,152,9,25,155,0,189,126,0,126,315
08/01/2009,STS,CA,AWP,WE,Towers with Radar,9,9,14,0,32,0,4,115,0,119,9,13,129,0,151,82,0,82,233
08/02/2009,STS,CA,AWP,WE,Towers with Radar,8,2,19,0,29,0,12,120,0,132,8,14,139,0,161,90,0,90,251
08/03/2009,STS,CA,AWP,WE,Towers with Radar,9,8,22,0,39,0,7,123,0,130,9,15,145,0,169,80,0,80,249
08/04/2009,STS,CA,AWP,WE,Towers with Radar,8,3,21,0,32,0,4,137,0,141,8,7,158,0,173,134,0,134,307
08/05/2009,STS,CA,AWP,WE,Towers with Radar,9,9,17,2,37,0,18,135,0,153,9,27,152,2,190,108,0,108,298
08/06/2009,STS,CA,AWP,WE,Towers with Radar,8,11,29,0,48,0,12,69,0,81,8,23,98,0,129,110,0,110,239
08/07/2009,STS,CA,AWP,WE,Towers with Radar,9,5,15,0,29,0,19,181,0,200,9,24,196,0,229,138,0,138,367
08/08/2009,STS,CA,AWP,WE,Towers with Radar,8,3,9,0,20,1,16,162,0,179,9,19,171,0,199,132,0,132,331
08/09/2009,STS,CA,AWP,WE,Towers with Radar,8,9,24,0,41,0,7,166,0,173,8,16,190,0,214,56,0,56,270
08/10/2009,STS,CA,AWP,WE,Towers with Radar,9,5,15,0,29,0,9,151,0,160,9,14,166,0,189,40,0,40,229
08/11/2009,STS,CA,AWP,WE,Towers with Radar,9,8,16,1,34,0,6,117,0,123,9,14,133,1,157,150,0,150,307
08/12/2009,STS,CA,AWP,WE,Towers with Radar,8,10,18,2,38,0,2,171,0,173,8,12,189,2,211,154,0,154,365
08/13/2009,STS,CA,AWP,WE,Towers with Radar,9,4,15,1,29,0,21,167,9,197,9,25,182,10,226,122,0,122,348
08/14/2009,STS,CA,AWP,WE,Towers with Radar,8,8,14,2,32,0,13,217,7,237,8,21,231,9,269,98,0,98,367
08/15/2009,STS,CA,AWP,WE,Towers with Radar,9,2,5,0,16,0,3,124,0,127,9,5,129,0,143,138,0,138,281
08/16/2009,STS,CA,AWP,WE,Towers with Radar,9,3,11,0,23,0,4,124,0,128,9,7,135,0,151,116,0,116,267
08/17/2009,STS,CA,AWP,WE,Towers with Radar,9,11,23,6,49,0,9,126,4,139,9,20,149,10,188,96,0,96,284
08/18/2009,STS,CA,AWP,WE,Towers with Radar,8,13,19,2,42,0,9,137,1,147,8,22,156,3,189,86,0,86,275
08/19/2009,STS,CA,AWP,WE,Towers with Radar,9,10,27,2,48,0,9,138,0,147,9,19,165,2,195,68,0,68,263
08/20/2009,STS,CA,AWP,WE,Towers with Radar,9,9,38,0,56,0,7,97,0,104,9,16,135,0,160,86,0,86,246
08/21/2009,STS,CA,AWP,WE,Towers with Radar,8,7,13,0,28,0,17,94,0,111,8,24,107,0,139,132,0,132,271
08/22/2009,STS,CA,AWP,WE,Towers with Radar,9,9,14,0,32,1,17,136,0,154,10,26,150,0,186,8,0,8,194
08/23/2009,STS,CA,AWP,WE,Towers with Radar,8,6,30,0,44,0,6,128,0,134,8,12,158,0,178,22,0,22,200
08/24/2009,STS,CA,AWP,WE,Towers with Radar,7,11,32,0,50,0,3,147,0,150,7,14,179,0,200,104,0,104,304
08/25/2009,STS,CA,AWP,WE,Towers with Radar,8,5,29,0,42,0,6,110,0,116,8,11,139,0,158,106,0,106,264
08/26/2009,STS,CA,AWP,WE,Towers with Radar,8,9,24,0,41,0,8,134,0,142,8,17,158,0,183,130,0,130,313
08/27/2009,STS,CA,AWP,WE,Towers with Radar,8,7,25,0,40,0,9,141,0,150,8,16,166,0,190,108,0,108,298
08/28/2009,STS,CA,AWP,WE,Towers with Radar,7,4,27,0,38,0,10,179,0,189,7,14,206,0,227,78,0,78,305
08/29/2009,STS,CA,AWP,WE,Towers with Radar,7,0,19,0,26,0,8,170,0,178,7,8,189,0,204,70,0,70,274
08/30/2009,STS,CA,AWP,WE,Towers with Radar,8,7,27,0,42,0,1,150,0,151,8,8,177,0,193,48,0,48,241
08/31/2009,STS,CA,AWP,WE,Towers with Radar,8,9,34,0,51,0,1,84,0,85,8,10,118,0,136,62,0,62,198
09/01/2009,STS,CA,AWP,WE,Towers with Radar,8,11,12,0,31,0,5,101,0,106,8,16,113,0,137,72,0,72,209
09/02/2009,STS,CA,AWP,WE,Towers with Radar,8,9,8,1,26,0,13,175,3,191,8,22,183,4,217,120,0,120,337
09/03/2009,STS,CA,AWP,WE,Towers with Radar,8,11,11,2,32,0,8,152,0,160,8,19,163,2,192,80,0,80,272
09/04/2009,STS,CA,AWP,WE,Towers with Radar,8,8,23,0,39,0,23,153,0,176,8,31,176,0,215,82,0,82,297
09/05/2009,STS,CA,AWP,WE,Towers with Radar,7,2,7,0,16,0,5,140,0,145,7,7,147,0,161,64,0,64,225
09/06/2009,STS,CA,AWP,WE,Towers with Radar,7,6,6,0,19,1,4,133,0,138,8,10,139,0,157,16,0,16,173
09/07/2009,STS,CA,AWP,WE,Towers with Radar,8,5,16,0,29,0,3,216,0,219,8,8,232,0,248,108,0,108,356
09/08/2009,STS,CA,AWP,WE,Towers with Radar,8,6,7,0,21,0,16,167,0,183,8,22,174,0,204,30,0,30,234
09/09/2009,STS,CA,AWP,WE,Towers with Radar,9,8,14,0,31,0,24,158,1,183,9,32,172,1,214,150,0,150,364
09/10/2009,STS,CA,AWP,WE,Towers with Radar,8,8,21,0,37,0,24,141,0,165,8,32,162,0,202,168,0,168,370
09/11/2009,STS,CA,AWP,WE,Towers with Radar,8,6,17,0,31,0,14,206,1,221,8,20,223,1,252,168,0,168,420
09/12/2009,STS,CA,AWP,WE,Towers with Radar,8,9,15,4,36,0,8,99,0,107,8,17,114,4,143,48,0,48,191
09/13/2009,STS,CA,AWP,WE,Towers with Radar,8,19,41,0,68,0,3,23,0,26,8,22,64,0,94,8,0,8,102
09/14/2009,STS,CA,AWP,WE,Towers with Radar,9,4,37,0,50,0,2,91,0,93,9,6,128,0,143,86,0,86,229
09/15/2009,STS,CA,AWP,WE,Towers with Radar,8,6,8,0,22,0,11,145,0,156,8,17,153,0,178,90,0,90,268
09/16/2009,STS,CA,AWP,WE,Towers with Radar,9,3,10,0,22,0,2,137,2,141,9,5,147,2,163,144,0,144,307
09/17/2009,STS,CA,AWP,WE,Towers with Radar,8,8,25,0,41,0,10,149,0,159,8,18,174,0,200,100,0,100,300
09/18/2009,STS,CA,AWP,WE,Towers with Radar,8,7,22,0,37,1,17,173,0,191,9,24,195,0,228,72,0,72,300
09/19/2009,STS,CA,AWP,WE,Towers with Radar,7,5,12,0,24,0,9,162,0,171,7,14,174,0,195,80,0,80,275
09/20/2009,STS,CA,AWP,WE,Towers with Radar,8,7,18,0,33,0,4,140,0,144,8,11,158,0,177,68,0,68,245
09/21/2009,STS,CA,AWP,WE,Towers with Radar,10,6,17,4,37,0,10,195,0,205,10,16,212,4,242,42,0,42,284
09/22/2009,STS,CA,AWP,WE,Towers with Radar,9,6,11,0,26,0,18,124,0,142,9,24,135,0,168,116,0,116,284
09/23/2009,STS,CA,AWP,WE,Towers with Radar,8,4,13,0,25,0,16,108,0,124,8,20,121,0,149,92,0,92,241
09/24/2009,STS,CA,AWP,WE,Towers with Radar,10,5,22,0,37,1,21,94,2,118,11,26,116,2,155,110,0,110,265
09/25/2009,STS,CA,AWP,WE,Towers with Radar,8,14,24,0,46,0,10,133,0,143,8,24,157,0,189,122,0,122,311
09/26/2009,STS,CA,AWP,WE,Towers with Radar,8,4,16,0,28,0,8,152,0,160,8,12,168,0,188,78,0,78,266
09/27/2009,STS,CA,AWP,WE,Towers with Radar,8,9,12,0,29,1,15,179,0,195,9,24,191,0,224,10,0,10,234
09/28/2009,STS,CA,AWP,WE,Towers with Radar,9,10,43,2,64,0,13,100,0,113,9,23,143,2,177,40,0,40,217
09/29/2009,STS,CA,AWP,WE,Towers with Radar,8,9,15,0,32,0,8,93,0,101,8,17,108,0,133,32,0,32,165
09/30/2009,STS,CA,AWP,WE,Towers with Radar,7,17,20,0,44,0,17,132,0,149,7,34,152,0,193,96,0,96,289
10/01/2009,STS,CA,AWP,WE,Towers with Radar,8,9,13,0,30,0,11,205,0,216,8,20,218,0,246,140,0,140,386
10/02/2009,STS,CA,AWP,WE,Towers with Radar,8,5,20,2,35,0,8,189,0,197,8,13,209,2,232,110,0,110,342
10/03/2009,STS,CA,AWP,WE,Towers with Radar,7,12,10,0,29,0,7,135,0,142,7,19,145,0,171,52,0,52,223
10/04/2009,STS,CA,AWP,WE,Towers with Radar,8,13,11,0,32,0,8,138,0,146,8,21,149,0,178,44,0,44,222
10/05/2009,STS,CA,AWP,WE,Towers with Radar,9,4,9,0,22,0,7,145,0,152,9,11,154,0,174,52,0,52,226
10/06/2009,STS,CA,AWP,WE,Towers with Radar,8,5,11,2,26,0,16,93,0,109,8,21,104,2,135,32,0,32,167
10/07/2009,STS,CA,AWP,WE,Towers with Radar,8,7,14,3,32,0,13,146,3,162,8,20,160,6,194,86,0,86,280
10/08/2009,STS,CA,AWP,WE,Towers with Radar,8,8,39,0,55,2,17,106,0,125,10,25,145,0,180,90,0,90,270
10/09/2009,STS,CA,AWP,WE,Towers with Radar,8,9,41,0,58,0,4,121,0,125,8,13,162,0,183,100,0,100,283
10/10/2009,STS,CA,AWP,WE,Towers with Radar,8,6,21,0,35,0,7,127,0,134,8,13,148,0,169,56,0,56,225
10/11/2009,STS,CA,AWP,WE,Towers with Radar,8,11,42,0,61,0,3,26,0,29,8,14,68,0,90,8,0,8,98
10/12/2009,STS,CA,AWP,WE,Towers with Radar,8,12,45,0,65,0,5,15,0,20,8,17,60,0,85,62,0,62,147
10/13/2009,STS,CA,AWP,WE,Towers with Radar,9,16,5,0,30,0,0,0,0,0,9,16,5,0,30,0,0,0,30
10/14/2009,STS,CA,AWP,WE,Towers with Radar,8,17,18,0,43,0,4,31,0,35,8,21,49,0,78,32,0,32,110
10/15/2009,STS,CA,AWP,WE,Towers with Radar,9,23,42,0,74,0,4,45,0,49,9,27,87,0,123,32,0,32,155
10/16/2009,STS,CA,AWP,WE,Towers with Radar,12,5,35,0,52,0,9,133,0,142,12,14,168,0,194,124,0,124,318
10/17/2009,STS,CA,AWP,WE,Towers with Radar,7,13,12,0,32,0,13,168,0,181,7,26,180,0,213,40,0,40,253
10/18/2009,STS,CA,AWP,WE,Towers with Radar,9,10,28,0,47,1,4,64,0,69,10,14,92,0,116,46,0,46,162
10/19/2009,STS,CA,AWP,WE,Towers with Radar,9,14,42,1,66,0,10,26,1,37,9,24,68,2,103,50,0,50,153
10/20/2009,STS,CA,AWP,WE,Towers with Radar,9,14,30,0,53,0,0,10,108,118,9,14,40,108,171,118,0,118,289
10/21/2009,STS,CA,AWP,WE,Towers with Radar,10,6,25,2,43,0,7,126,0,133,10,13,151,2,176,90,0,90,266
10/22/2009,STS,CA,AWP,WE,Towers with Radar,8,9,24,0,41,0,10,141,0,151,8,19,165,0,192,98,0,98,290
10/23/2009,STS,CA,AWP,WE,Towers with Radar,6,11,17,0,34,2,8,172,0,182,8,19,189,0,216,130,0,130,346
10/24/2009,STS,CA,AWP,WE,Towers with Radar,7,4,16,0,27,0,6,164,0,170,7,10,180,0,197,76,0,76,273
10/25/2009,STS,CA,AWP,WE,Towers with Radar,9,12,18,0,39,0,3,218,0,221,9,15,236,0,260,78,0,78,338
10/26/2009,STS,CA,AWP,WE,Towers with Radar,7,9,14,0,30,0,9,132,0,141,7,18,146,0,171,46,0,46,217
10/27/2009,STS,CA,AWP,WE,Towers with Radar,9,10,10,0,29,0,11,89,0,100,9,21,99,0,129,42,0,42,171
10/28/2009,STS,CA,AWP,WE,Towers with Radar,8,9,15,2,34,0,11,122,0,133,8,20,137,2,167,68,0,68,235
10/29/2009,STS,CA,AWP,WE,Towers with Radar,8,8,18,0,34,1,11,146,0,158,9,19,164,0,192,122,0,122,314
10/30/2009,STS,CA,AWP,WE,Towers with Radar,8,4,12,0,24,0,9,156,0,165,8,13,168,0,189,68,0,68,257
10/31/2009,STS,CA,AWP,WE,Towers with Radar,9,0,15,0,24,0,2,126,0,128,9,2,141,0,152,76,0,76,228
11/01/2009,STS,CA,AWP,WE,Towers with Radar,8,2,12,0,22,0,4,162,0,166,8,6,174,0,188,82,0,82,270
11/02/2009,STS,CA,AWP,WE,Towers with Radar,8,9,5,0,22,0,10,183,0,193,8,19,188,0,215,68,0,68,283
11/03/2009,STS,CA,AWP,WE,Towers with Radar,9,7,10,0,26,0,9,134,0,143,9,16,144,0,169,62,0,62,231
11/04/2009,STS,CA,AWP,WE,Towers with Radar,8,10,42,0,60,0,3,29,0,32,8,13,71,0,92,16,0,16,108
11/05/2009,STS,CA,AWP,WE,Towers with Radar,8,20,31,4,63,0,0,19,0,19,8,20,50,4,82,26,0,26,108
11/06/2009,STS,CA,AWP,WE,Towers with Radar,8,13,45,1,67,0,9,12,2,23,8,22,57,3,90,0,0,0,90
11/07/2009,STS,CA,AWP,WE,Towers with Radar,7,5,15,0,27,0,2,160,0,162,7,7,175,0,189,66,0,66,255
11/08/2009,STS,CA,AWP,WE,Towers with Radar,8,3,14,0,25,0,0,207,0,207,8,3,221,0,232,82,0,82,314
11/09/2009,STS,CA,AWP,WE,Towers with Radar,8,8,6,0,22,0,8,178,0,186,8,16,184,0,208,120,0,120,328
11/10/2009,STS,CA,AWP,WE,Towers with Radar,9,8,15,0,32,0,7,99,0,106,9,15,114,0,138,108,0,108,246
11/11/2009,STS,CA,AWP,WE,Towers with Radar,8,4,15,0,27,1,10,122,0,133,9,14,137,0,160,118,0,118,278
11/12/2009,STS,CA,AWP,WE,Towers with Radar,8,7,11,0,26,0,12,100,0,112,8,19,111,0,138,64,0,64,202
11/13/2009,STS,CA,AWP,WE,Towers with Radar,8,3,15,2,28,0,6,155,2,163,8,9,170,4,191,104,0,104,295
11/14/2009,STS,CA,AWP,WE,Towers with Radar,7,4,11,0,22,0,2,197,0,199,7,6,208,0,221,104,0,104,325
11/15/2009,STS,CA,AWP,WE,Towers with Radar,9,7,9,0,25,0,1,194,2,197,9,8,203,2,222,70,0,70,292
11/16/2009,STS,CA,AWP,WE,Towers with Radar,8,7,15,0,30,0,3,137,0,140,8,10,152,0,170,100,0,100,270
11/17/2009,STS,CA,AWP,WE,Towers with Radar,9,21,23,0,53,0,1,58,0,59,9,22,81,0,112,50,0,50,162
11/18/2009,STS,CA,AWP,WE,Towers with Radar,8,7,17,0,32,0,11,147,0,158,8,18,164,0,190,98,0,98,288
11/19/2009,STS,CA,AWP,WE,Towers with Radar,8,10,11,0,29,0,3,134,0,137,8,13,145,0,166,164,0,164,330
11/20/2009,STS,CA,AWP,WE,Towers with Radar,9,6,25,2,42,0,7,15,0,22,9,13,40,2,64,0,0,0,64
11/21/2009,STS,CA,AWP,WE,Towers with Radar,7,1,5,0,13,0,4,186,0,190,7,5,191,0,203,134,0,134,337
11/22/2009,STS,CA,AWP,WE,Towers with Radar,8,1,18,0,27,0,6,49,0,55,8,7,67,0,82,32,0,32,114
11/23/2009,STS,CA,AWP,WE,Towers with Radar,8,7,14,2,31,0,6,195,0,201,8,13,209,2,232,98,0,98,330
11/24/2009,STS,CA,AWP,WE,Towers with Radar,8,9,23,0,40,0,8,136,0,144,8,17,159,0,184,112,0,112,296
11/25/2009,STS,CA,AWP,WE,Towers with Radar,8,8,24,0,40,0,10,166,1,177,8,18,190,1,217,88,0,88,305
11/26/2009,STS,CA,AWP,WE,Towers with Radar,7,0,3,0,10,0,6,71,2,79,7,6,74,2,89,0,0,0,89
11/27/2009,STS,CA,AWP,WE,Towers with Radar,7,24,9,0,40,0,11,43,0,54,7,35,52,0,94,24,0,24,118
11/28/2009,STS,CA,AWP,WE,Towers with Radar,8,8,10,0,26,0,0,87,0,87,8,8,97,0,113,40,0,40,153
11/29/2009,STS,CA,AWP,WE,Towers with Radar,8,11,22,0,41,0,1,181,0,182,8,12,203,0,223,116,0,116,339
11/30/2009,STS,CA,AWP,WE,Towers with Radar,8,12,15,0,35,0,4,122,0,126,8,16,137,0,161,50,0,50,211
12/01/2009,STS,CA,AWP,WE,Towers with Radar,9,6,8,0,23,0,6,104,0,110,9,12,112,0,133,150,0,150,283
12/02/2009,STS,CA,AWP,WE,Towers with Radar,11,5,21,0,37,0,6,55,0,61,11,11,76,0,98,28,0,28,126
12/03/2009,STS,CA,AWP,WE,Towers with Radar,10,15,50,0,75,0,0,0,0,0,10,15,50,0,75,0,0,0,75
12/04/2009,STS,CA,AWP,WE,Towers with Radar,10,12,14,0,36,0,5,95,0,100,10,17,109,0,136,54,0,54,190
12/05/2009,STS,CA,AWP,WE,Towers with Radar,6,0,17,0,23,1,3,128,0,132,7,3,145,0,155,140,0,140,295
12/06/2009,STS,CA,AWP,WE,Towers with Radar,8,4,14,0,26,0,2,80,0,82,8,6,94,0,108,30,0,30,138
12/07/2009,STS,CA,AWP,WE,Towers with Radar,8,9,8,0,25,0,5,57,0,62,8,14,65,0,87,58,0,58,145
12/08/2009,STS,CA,AWP,WE,Towers with Radar,9,12,13,2,36,0,16,72,0,88,9,28,85,2,124,102,0,102,226
12/09/2009,STS,CA,AWP,WE,Towers with Radar,7,5,19,0,31,0,13,104,0,117,7,18,123,0,148,110,0,110,258
12/10/2009,STS,CA,AWP,WE,Towers with Radar,9,15,18,0,42,0,9,60,0,69,9,24,78,0,111,104,0,104,215
12/11/2009,STS,CA,AWP,WE,Towers with Radar,9,8,33,0,50,0,0,0,0,0,9,8,33,0,50,0,0,0,50
12/12/2009,STS,CA,AWP,WE,Towers with Radar,8,1,8,0,17,0,0,3,0,3,8,1,11,0,20,0,0,0,20
12/13/2009,STS,CA,AWP,WE,Towers with Radar,8,2,21,0,31,0,0,16,0,16,8,2,37,0,47,6,0,6,53
12/14/2009,STS,CA,AWP,WE,Towers with Radar,8,13,28,0,49,0,7,45,0,52,8,20,73,0,101,58,0,58,159
12/15/2009,STS,CA,AWP,WE,Towers with Radar,8,10,19,0,37,0,8,63,0,71,8,18,82,0,108,114,0,114,222
12/16/2009,STS,CA,AWP,WE,Towers with Radar,8,11,42,0,61,0,0,0,0,0,8,11,42,0,61,0,0,0,61
12/17/2009,STS,CA,AWP,WE,Towers with Radar,8,16,17,0,41,0,10,76,0,86,8,26,93,0,127,94,0,94,221
12/18/2009,STS,CA,AWP,WE,Towers with Radar,8,7,25,0,40,0,6,110,0,116,8,13,135,0,156,24,0,24,180
12/19/2009,STS,CA,AWP,WE,Towers with Radar,8,11,39,0,58,0,2,13,0,15,8,13,52,0,73,8,0,8,81
12/20/2009,STS,CA,AWP,WE,Towers with Radar,8,3,36,0,47,0,0,25,0,25,8,3,61,0,72,28,0,28,100
12/21/2009,STS,CA,AWP,WE,Towers with Radar,9,13,18,0,40,0,12,33,0,45,9,25,51,0,85,42,0,42,127
12/22/2009,STS,CA,AWP,WE,Towers with Radar,8,12,9,2,31,0,8,132,0,140,8,20,141,2,171,104,0,104,275
12/23/2009,STS,CA,AWP,WE,Towers with Radar,8,9,2,0,19,0,8,161,0,169,8,17,163,0,188,100,0,100,288
12/24/2009,STS,CA,AWP,WE,Towers with Radar,8,5,10,0,23,0,1,95,0,96,8,6,105,0,119,58,0,58,177
12/25/2009,STS,CA,AWP,WE,Towers with Radar,8,1,6,0,15,0,0,50,0,50,8,1,56,0,65,12,0,12,77
12/26/2009,STS,CA,AWP,WE,Towers with Radar,8,0,16,0,24,0,10,41,0,51,8,10,57,0,75,28,0,28,103
12/27/2009,STS,CA,AWP,WE,Towers with Radar,8,4,17,0,29,0,2,20,0,22,8,6,37,0,51,12,0,12,63
12/28/2009,STS,CA,AWP,WE,Towers with Radar,8,5,13,0,26,0,5,50,0,55,8,10,63,0,81,28,0,28,109
12/29/2009,STS,CA,AWP,WE,Towers with Radar,9,8,24,0,41,0,3,43,0,46,9,11,67,0,87,36,0,36,123
12/30/2009,STS,CA,AWP,WE,Towers with Radar,8,9,22,0,39,0,3,60,0,63,8,12,82,0,102,60,0,60,162
12/31/2009,STS,CA,AWP,WE,Towers with Radar,8,5,20,0,33,0,7,40,0,47,8,12,60,0,80,70,0,70,150
01/01/2010,STS,CA,AWP,WE,Towers with Radar,7,4,15,0,26,0,0,0,0,0,7,4,15,0,26,0,0,0,26
01/02/2010,STS,CA,AWP,WE,Towers with Radar,6,3,27,0,36,0,2,72,0,74,6,5,99,0,110,42,0,42,152
01/03/2010,STS,CA,AWP,WE,Towers with Radar,10,1,13,0,24,0,3,122,0,125,10,4,135,0,149,96,0,96,245
01/04/2010,STS,CA,AWP,WE,Towers with Radar,9,8,21,0,38,0,3,91,0,94,9,11,112,0,132,70,0,70,202
01/05/2010,STS,CA,AWP,WE,Towers with Radar,4,7,13,0,24,0,3,69,0,72,4,10,82,0,96,68,0,68,164
01/06/2010,STS,CA,AWP,WE,Towers with Radar,7,11,18,0,36,0,3,22,0,25,7,14,40,0,61,2,0,2,63
01/07/2010,STS,CA,AWP,WE,Towers with Radar,8,12,17,0,37,0,0,0,0,0,8,12,17,0,37,0,0,0,37
01/08/2010,STS,CA,AWP,WE,Towers with Radar,8,6,27,0,41,0,3,19,0,22,8,9,46,0,63,32,0,32,95
01/09/2010,STS,CA,AWP,WE,Towers with Radar,7,3,23,0,33,0,1,13,0,14,7,4,36,0,47,16,0,16,63
01/10/2010,STS,CA,AWP,WE,Towers with Radar,10,5,30,0,45,0,2,17,0,19,10,7,47,0,64,2,0,2,66
01/11/2010,STS,CA,AWP,WE,Towers with Radar,8,8,30,0,46,2,0,44,0,46,10,8,74,0,92,42,0,42,134
01/12/2010,STS,CA,AWP,WE,Towers with Radar,4,11,24,0,39,0,2,15,0,17,4,13,39,0,56,16,0,16,72
01/13/2010,STS,CA,AWP,WE,Towers with Radar,4,6,23,2,35,0,4,89,0,93,4,10,112,2,128,42,0,42,170
01/14/2010,STS,CA,AWP,WE,Towers with Radar,8,6,17,0,31,0,4,165,0,169,8,10,182,0,200,118,0,118,318
01/15/2010,STS,CA,AWP,WE,Towers with Radar,8,7,18,2,35,0,4,97,0,101,8,11,115,2,136,198,0,198,334
01/16/2010,STS,CA,AWP,WE,Towers with Radar,7,7,15,0,29,0,4,27,0,31,7,11,42,0,60,44,0,44,104
01/17/2010,STS,CA,AWP,WE,Towers with Radar,8,3,14,0,25,0,3,4,0,7,8,6,18,0,32,0,0,0,32
01/18/2010,STS,CA,AWP,WE,Towers with Radar,8,7,8,0,23,0,2,7,0,9,8,9,15,0,32,0,0,0,32
01/19/2010,STS,CA,AWP,WE,Towers with Radar,10,7,10,0,27,0,6,14,0,20,10,13,24,0,47,4,0,4,51
01/20/2010,STS,CA,AWP,WE,Towers with Radar,8,11,4,0,23,0,5,13,0,18,8,16,17,0,41,4,0,4,45
01/21/2010,STS,CA,AWP,WE,Towers with Radar,6,8,16,0,30,0,6,7,0,13,6,14,23,0,43,34,0,34,77
01/22/2010,STS,CA,AWP,WE,Towers with Radar,8,5,19,0,32,0,9,21,0,30,8,14,40,0,62,14,0,14,76
01/23/2010,STS,CA,AWP,WE,Towers with Radar,8,3,28,0,39,0,3,72,0,75,8,6,100,0,114,66,0,66,180
01/24/2010,STS,CA,AWP,WE,Towers with Radar,9,2,9,0,20,0,3,13,0,16,9,5,22,0,36,12,0,12,48
01/25/2010,STS,CA,AWP,WE,Towers with Radar,6,11,15,0,32,0,3,3,0,6,6,14,18,0,38,0,0,0,38
01/26/2010,STS,CA,AWP,WE,Towers with Radar,4,17,19,0,40,0,0,20,0,20,4,17,39,0,60,36,0,36,96
01/27/2010,STS,CA,AWP,WE,Towers with Radar,5,11,23,0,39,0,7,92,0,99,5,18,115,0,138,64,0,64,202
01/28/2010,STS,CA,AWP,WE,Towers with Radar,9,4,30,0,43,0,4,95,0,99,9,8,125,0,142,54,0,54,196
01/29/2010,STS,CA,AWP,WE,Towers with Radar,8,3,47,0,58,0,2,32,0,34,8,5,79,0,92,88,0,88,180
01/30/2010,STS,CA,AWP,WE,Towers with Radar,7,1,31,1,40,0,5,54,0,59,7,6,85,1,99,102,0,102,201
01/31/2010,STS,CA,AWP,WE,Towers with Radar,9,1,35,0,45,0,6,104,0,110,9,7,139,0,155,54,0,54,209
02/01/2010,STS,CA,AWP,WE,Towers with Radar,8,8,8,0,24,0,0,80,0,80,8,8,88,0,104,96,0,96,200
02/02/2010,STS,CA,AWP,WE,Towers with Radar,5,6,13,0,24,0,3,48,0,51,5,9,61,0,75,104,0,104,179
02/03/2010,STS,CA,AWP,WE,Towers with Radar,4,11,23,0,38,0,9,81,0,90,4,20,104,0,128,96,0,96,224
02/04/2010,STS,CA,AWP,WE,Towers with Radar,8,9,31,0,48,0,4,25,0,29,8,13,56,0,77,12,0,12,89
02/05/2010,STS,CA,AWP,WE,Towers with Radar,8,2,23,0,33,0,2,43,0,45,8,4,66,0,78,72,0,72,150
02/06/2010,STS,CA,AWP,WE,Towers with Radar,8,7,10,0,25,0,0,14,0,14,8,7,24,0,39,4,0,4,43
02/07/2010,STS,CA,AWP,WE,Towers with Radar,8,5,12,0,25,0,6,200,1,207,8,11,212,1,232,112,0,112,344
02/08/2010,STS,CA,AWP,WE,Towers with Radar,8,7,27,0,42,0,4,75,0,79,8,11,102,0,121,102,0,102,223
02/09/2010,STS,CA,AWP,WE,Towers with Radar,4,7,13,0,24,1,7,75,0,83,5,14,88,0,107,74,0,74,181
02/10/2010,STS,CA,AWP,WE,Towers with Radar,4,14,25,0,43,0,13,136,0,149,4,27,161,0,192,122,0,122,314
02/11/2010,STS,CA,AWP,WE,Towers with Radar,8,16,22,0,46,0,14,47,2,63,8,30,69,2,109,50,0,50,159
02/12/2010,STS,CA,AWP,WE,Towers with Radar,8,27,46,0,81,0,4,9,0,13,8,31,55,0,94,4,0,4,98
02/13/2010,STS,CA,AWP,WE,Towers with Radar,7,8,18,0,33,0,2,111,0,113,7,10,129,0,146,108,0,108,254
02/14/2010,STS,CA,AWP,WE,Towers with Radar,8,6,12,0,26,0,9,92,0,101,8,15,104,0,127,62,0,62,189
02/15/2010,STS,CA,AWP,WE,Towers with Radar,9,11,22,0,42,1,4,128,0,133,10,15,150,0,175,118,0,118,293
02/16/2010,STS,CA,AWP,WE,Towers with Radar,8,19,9,2,38,0,1,128,0,129,8,20,137,2,167,106,0,106,273
02/17/2010,STS,CA,AWP,WE,Towers with Radar,8,10,10,2,30,0,14,154,0,168,8,24,164,2,198,74,0,74,272
02/18/2010,STS,CA,AWP,WE,Towers with Radar,8,10,26,0,44,0,2,80,0,82,8,12,106,0,126,68,0,68,194
02/19/2010,STS,CA,AWP,WE,Towers with Radar,8,11,30,0,49,0,6,35,0,41,8,17,65,0,90,62,0,62,152
02/20/2010,STS,CA,AWP,WE,Towers with Radar,7,4,26,2,39,0,1,33,0,34,7,5,59,2,73,44,0,44,117
02/21/2010,STS,CA,AWP,WE,Towers with Radar,9,9,24,0,42,0,5,30,0,35,9,14,54,0,77,12,0,12,89
02/22/2010,STS,CA,AWP,WE,Towers with Radar,8,4,9,0,21,0,17,126,0,143,8,21,135,0,164,82,0,82,246
02/23/2010,STS,CA,AWP,WE,Towers with Radar,9,10,23,0,42,0,0,3,0,3,9,10,26,0,45,0,0,0,45
02/24/2010,STS,CA,AWP,WE,Towers with Radar,8,10,21,0,39,0,16,43,0,59,8,26,64,0,98,48,0,48,146
02/25/2010,STS,CA,AWP,WE,Towers with Radar,8,12,19,0,39,0,8,96,0,104,8,20,115,0,143,122,0,122,265
02/26/2010,STS,CA,AWP,WE,Towers with Radar,8,6,26,0,40,0,3,18,0,21,8,9,44,0,61,2,0,2,63
02/27/2010,STS,CA,AWP,WE,Towers with Radar,7,10,16,0,33,0,6,33,0,39,7,16,49,0,72,58,0,58,130
02/28/2010,STS,CA,AWP,WE,Towers with Radar,8,6,21,0,35,0,2,241,0,243,8,8,262,0,278,166,0,166,444
03/01/2010,STS,CA,AWP,WE,Towers with Radar,8,7,37,0,52,0,1,26,0,27,8,8,63,0,79,50,0,50,129
03/02/2010,STS,CA,AWP,WE,Towers with Radar,8,7,19,0,34,0,2,29,0,31,8,9,48,0,65,6,0,6,71
03/03/2010,STS,CA,AWP,WE,Towers with Radar,8,6,21,0,35,0,2,27,0,29,8,8,48,0,64,0,0,0,64
03/04/2010,STS,CA,AWP,WE,Towers with Radar,8,7,22,0,37,0,7,136,0,143,8,14,158,0,180,92,0,92,272
03/05/2010,STS,CA,AWP,WE,Towers with Radar,8,9,25,0,42,0,8,69,0,77,8,17,94,0,119,54,0,54,173
03/06/2010,STS,CA,AWP,WE,Towers with Radar,7,1,4,0,12,1,8,129,0,138,8,9,133,0,150,74,0,74,224
03/07/2010,STS,CA,AWP,WE,Towers with Radar,8,5,12,0,25,0,6,167,1,174,8,11,179,1,199,84,0,84,283
03/08/2010,STS,CA,AWP,WE,Towers with Radar,9,4,21,0,34,0,6,23,0,29,9,10,44,0,63,12,0,12,75
03/09/2010,STS,CA,AWP,WE,Towers with Radar,8,5,12,0,25,2,10,126,0,138,10,15,138,0,163,92,0,92,255
03/10/2010,STS,CA,AWP,WE,Towers with Radar,8,6,10,2,26,0,9,165,0,174,8,15,175,2,200,98,0,98,298
03/11/2010,STS,CA,AWP,WE,Towers with Radar,8,7,19,0,34,0,15,166,0,181,8,22,185,0,215,58,0,58,273
03/12/2010,STS,CA,AWP,WE,Towers with Radar,8,9,21,0,38,0,2,7,0,9,8,11,28,0,47,0,0,0,47
03/13/2010,STS,CA,AWP,WE,Towers with Radar,7,1,17,0,25,0,4,157,0,161,7,5,174,0,186,42,0,42,228
03/14/2010,STS,CA,AWP,WE,Towers with Radar,8,2,6,0,16,0,11,196,6,213,8,13,202,6,229,96,0,96,325
03/15/2010,STS,CA,AWP,WE,Towers with Radar,8,7,8,0,23,0,2,150,0,152,8,9,158,0,175,128,0,128,303
03/16/2010,STS,CA,AWP,WE,Towers with Radar,8,3,14,0,25,0,4,98,0,102,8,7,112,0,127,140,0,140,267
03/17/2010,STS,CA,AWP,WE,Towers with Radar,8,10,11,0,29,0,16,138,0,154,8,26,149,0,183,168,0,168,351
03/18/2010,STS,CA,AWP,WE,Towers with Radar,8,4,8,0,20,0,11,117,0,128,8,15,125,0,148,48,0,48,196
03/19/2010,STS,CA,AWP,WE,Towers with Radar,8,5,8,0,21,0,19,162,0,181,8,24,170,0,202,90,0,90,292
03/20/2010,STS,CA,AWP,WE,Towers with Radar,7,4,12,0,23,1,1,177,0,179,8,5,189,0,202,98,0,98,300
03/21/2010,STS,CA,AWP,WE,Towers with Radar,8,3,38,0,49,0,1,89,0,90,8,4,127,0,139,54,0,54,193
03/22/2010,STS,CA,AWP,WE,Towers with Radar,8,11,7,0,26,0,6,123,0,129,8,17,130,0,155,98,0,98,253
03/23/2010,STS,CA,AWP,WE,Towers with Radar,8,6,16,0,30,0,7,109,0,116,8,13,125,0,146,92,0,92,238
03/24/2010,STS,CA,AWP,WE,Towers with Radar,8,13,24,0,45,0,6,106,0,112,8,19,130,0,157,114,0,114,271
03/25/2010,STS,CA,AWP,WE,Towers with Radar,8,5,29,0,42,0,8,49,0,57,8,13,78,0,99,73,0,73,172
03/26/2010,STS,CA,AWP,WE,Towers with Radar,8,6,17,0,31,0,15,166,0,181,8,21,183,0,212,146,0,146,358
03/27/2010,STS,CA,AWP,WE,Towers with Radar,7,3,3,0,13,0,4,187,0,191,7,7,190,0,204,76,0,76,280
03/28/2010,STS,CA,AWP,WE,Towers with Radar,8,2,17,0,27,0,10,127,0,137,8,12,144,0,164,72,0,72,236
03/29/2010,STS,CA,AWP,WE,Towers with Radar,9,17,34,0,60,0,1,4,0,5,9,18,38,0,65,0,0,0,65
03/30/2010,STS,CA,AWP,WE,Towers with Radar,8,9,25,0,42,0,1,32,0,33,8,10,57,0,75,0,0,0,75
03/31/2010,STS,CA,AWP,WE,Towers with Radar,7,11,14,0,32,0,1,11,0,12,7,12,25,0,44,12,0,12,56
04/01/2010,STS,CA,AWP,WE,Towers with Radar,8,8,19,0,35,0,5,114,0,119,8,13,133,0,154,132,0,132,286
04/02/2010,STS,CA,AWP,WE,Towers with Radar,8,5,38,0,51,0,3,6,0,9,8,8,44,0,60,0,0,0,60
04/03/2010,STS,CA,AWP,WE,Towers with Radar,7,5,14,0,26,0,3,146,0,149,7,8,160,0,175,66,0,66,241
04/04/2010,STS,CA,AWP,WE,Towers with Radar,10,6,16,0,32,0,0,0,0,0,10,6,16,0,32,0,0,0,32
04/05/2010,STS,CA,AWP,WE,Towers with Radar,8,9,12,0,29,0,4,57,0,61,8,13,69,0,90,54,0,54,144
04/06/2010,STS,CA,AWP,WE,Towers with Radar,8,6,14,0,28,0,7,144,0,151,8,13,158,0,179,62,0,62,241
04/07/2010,STS,CA,AWP,WE,Towers with Radar,8,5,16,0,29,0,2,154,0,156,8,7,170,0,185,86,0,86,271
04/08/2010,STS,CA,AWP,WE,Towers with Radar,8,8,12,0,28,0,7,138,0,145,8,15,150,0,173,122,0,122,295
04/09/2010,STS,CA,AWP,WE,Towers with Radar,8,9,18,0,35,0,14,177,0,191,8,23,195,0,226,70,0,70,296
04/10/2010,STS,CA,AWP,WE,Towers with Radar,7,1,24,0,32,0,5,46,0,51,7,6,70,0,83,96,0,96,179
04/11/2010,STS,CA,AWP,WE,Towers with Radar,8,3,8,0,19,0,0,6,0,6,8,3,14,0,25,0,0,0,25
04/12/2010,STS,CA,AWP,WE,Towers with Radar,8,5,10,0,23,1,12,46,0,59,9,17,56,0,82,22,0,22,104
04/13/2010,STS,CA,AWP,WE,Towers with Radar,8,6,32,0,46,0,8,64,0,72,8,14,96,0,118,48,0,48,166
04/14/2010,STS,CA,AWP,WE,Towers with Radar,8,4,28,0,40,0,7,79,0,86,8,11,107,0,126,34,0,34,160
04/15/2010,STS,CA,AWP,WE,Towers with Radar,9,7,11,0,27,0,4,137,0,141,9,11,148,0,168,148,0,148,316
04/16/2010,STS,CA,AWP,WE,Towers with Radar,8,8,26,0,42,0,7,152,0,159,8,15,178,0,201,104,0,104,305
04/17/2010,STS,CA,AWP,WE,Towers with Radar,7,4,15,0,26,0,4,196,0,200,7,8,211,0,226,64,0,64,290
04/18/2010,STS,CA,AWP,WE,Towers with Radar,8,7,22,0,37,0,13,161,2,176,8,20,183,2,213,112,0,112,325
04/19/2010,STS,CA,AWP,WE,Towers with Radar,8,9,22,0,39,0,7,72,0,79,8,16,94,0,118,90,0,90,208
04/20/2010,STS,CA,AWP,WE,Towers with Radar,8,6,19,0,33,0,10,34,0,44,8,16,53,0,77,20,0,20,97
04/21/2010,STS,CA,AWP,WE,Towers with Radar,8,15,4,2,29,1,3,16,0,20,9,18,20,2,49,26,0,26,75
04/22/2010,STS,CA,AWP,WE,Towers with Radar,8,8,17,4,37,0,10,152,1,163,8,18,169,5,200,134,0,134,334
04/23/2010,STS,CA,AWP,WE,Towers with Radar,8,13,21,0,42,0,12,161,0,173,8,25,182,0,215,146,0,146,361
04/24/2010,STS,CA,AWP,WE,Towers with Radar,7,4,12,0,23,0,1,178,0,179,7,5,190,0,202,66,0,66,268
04/25/2010,STS,CA,AWP,WE,Towers with Radar,8,12,8,0,28,0,12,169,0,181,8,24,177,0,209,104,0,104,313
04/26/2010,STS,CA,AWP,WE,Towers with Radar,8,5,24,0,37,0,11,115,2,128,8,16,139,2,165,116,0,116,281
04/27/2010,STS,CA,AWP,WE,Towers with Radar,8,14,17,0,39,0,0,12,0,12,8,14,29,0,51,18,0,18,69
04/28/2010,STS,CA,AWP,WE,Towers with Radar,8,12,15,0,35,0,7,41,0,48,8,19,56,0,83,42,0,42,125
04/29/2010,STS,CA,AWP,WE,Towers with Radar,8,8,10,0,26,0,11,101,3,115,8,19,111,3,141,84,0,84,225
04/30/2010,STS,CA,AWP,WE,Towers with Radar,8,6,25,0,39,0,10,165,0,175,8,16,190,0,214,70,0,70,284
05/01/2010,STS,CA,AWP,WE,Towers with Radar,7,3,6,0,16,0,5,129,0,134,7,8,135,0,150,76,0,76,226
05/02/2010,STS,CA,AWP,WE,Towers with Radar,8,12,19,0,39,0,8,153,0,161,8,20,172,0,200,80,0,80,280
05/03/2010,STS,CA,AWP,WE,Towers with Radar,8,13,10,0,31,0,9,136,1,146,8,22,146,1,177,124,0,124,301
05/04/2010,STS,CA,AWP,WE,Towers with Radar,8,6,21,0,35,0,10,134,2,146,8,16,155,2,181,40,0,40,221
05/05/2010,STS,CA,AWP,WE,Towers with Radar,8,9,16,0,33,0,10,136,0,146,8,19,152,0,179,98,0,98,277
05/06/2010,STS,CA,AWP,WE,Towers with Radar,8,9,15,0,32,0,13,113,0,126,8,22,128,0,158,97,0,97,255
05/07/2010,STS,CA,AWP,WE,Towers with Radar,8,12,17,0,37,0,11,129,3,143,8,23,146,3,180,122,0,122,302
05/08/2010,STS,CA,AWP,WE,Towers with Radar,7,2,22,0,31,0,4,143,0,147,7,6,165,0,178,64,0,64,242
05/09/2010,STS,CA,AWP,WE,Towers with Radar,8,7,18,0,33,0,0,26,4,30,8,7,44,4,63,16,0,16,79
05/10/2010,STS,CA,AWP,WE,Towers with Radar,8,6,12,0,26,0,9,25,2,36,8,15,37,2,62,0,0,0,62
05/11/2010,STS,CA,AWP,WE,Towers with Radar,10,4,13,0,27,0,10,112,2,124,10,14,125,2,151,114,0,114,265
05/12/2010,STS,CA,AWP,WE,Towers with Radar,8,11,16,0,35,0,7,112,0,119,8,18,128,0,154,124,0,124,278
05/13/2010,STS,CA,AWP,WE,Towers with Radar,8,8,26,0,42,0,6,107,0,113,8,14,133,0,155,56,0,56,211
05/14/2010,STS,CA,AWP,WE,Towers with Radar,9,14,44,0,67,0,5,118,0,123,9,19,162,0,190,53,0,53,243
05/15/2010,STS,CA,AWP,WE,Towers with Radar,7,5,12,0,24,0,3,114,0,117,7,8,126,0,141,60,0,60,201
05/16/2010,STS,CA,AWP,WE,Towers with Radar,8,8,27,0,43,0,8,68,0,76,8,16,95,0,119,82,0,82,201
05/17/2010,STS,CA,AWP,WE,Towers with Radar,8,8,35,0,51,0,2,6,1,9,8,10,41,1,60,0,0,0,60
05/18/2010,STS,CA,AWP,WE,Towers with Radar,8,4,40,0,52,0,11,94,0,105,8,15,134,0,157,100,0,100,257
05/19/2010,STS,CA,AWP,WE,Towers with Radar,8,19,30,2,59,0,6,37,0,43,8,25,67,2,102,38,0,38,140
05/20/2010,STS,CA,AWP,WE,Towers with Radar,8,16,14,0,38,0,8,188,0,196,8,24,202,0,234,102,0,102,336
05/21/2010,STS,CA,AWP,WE,Towers with Radar,8,11,31,0,50,0,10,90,0,100,8,21,121,0,150,70,0,70,220
05/22/2010,STS,CA,AWP,WE,Towers with Radar,7,15,16,0,38,0,0,76,0,76,7,15,92,0,114,56,0,56,170
05/23/2010,STS,CA,AWP,WE,Towers with Radar,8,9,20,0,37,0,9,180,0,189,8,18,200,0,226,134,0,134,360
05/24/2010,STS,CA,AWP,WE,Towers with Radar,8,16,24,0,48,0,3,74,3,80,8,19,98,3,128,62,0,62,190
05/25/2010,STS,CA,AWP,WE,Towers with Radar,8,14,22,0,44,0,0,7,0,7,8,14,29,0,51,0,0,0,51
05/26/2010,STS,CA,AWP,WE,Towers with Radar,8,14,14,0,36,0,10,73,0,83,8,24,87,0,119,44,0,44,163
05/27/2010,STS,CA,AWP,WE,Towers with Radar,8,11,18,0,37,0,8,12,0,20,8,19,30,0,57,0,0,0,57
05/28/2010,STS,CA,AWP,WE,Towers with Radar,8,9,24,0,41,0,12,150,0,162,8,21,174,0,203,60,0,60,263
05/29/2010,STS,CA,AWP,WE,Towers with Radar,7,0,9,0,16,0,12,173,0,185,7,12,182,0,201,42,0,42,243
05/30/2010,STS,CA,AWP,WE,Towers with Radar,7,3,8,0,18,0,6,152,0,158,7,9,160,0,176,86,0,86,262
05/31/2010,STS,CA,AWP,WE,Towers with Radar,8,4,18,0,30,0,5,174,0,179,8,9,192,0,209,34,0,34,243
06/01/2010,STS,CA,AWP,WE,Towers with Radar,8,6,9,0,23,0,7,98,0,105,8,13,107,0,128,90,0,90,218
06/02/2010,STS,CA,AWP,WE,Towers with Radar,8,12,19,0,39,0,6,69,0,75,8,18,88,0,114,60,0,60,174
06/03/2010,STS,CA,AWP,WE,Towers with Radar,8,18,56,0,82,0,12,95,0,107,8,30,151,0,189,58,0,58,247
06/04/2010,STS,CA,AWP,WE,Towers with Radar,7,10,47,0,64,0,8,15,0,23,7,18,62,0,87,4,0,4,91
06/05/2010,STS,CA,AWP,WE,Towers with Radar,8,4,20,0,32,0,12,112,0,124,8,16,132,0,156,6,0,6,162
06/06/2010,STS,CA,AWP,WE,Towers with Radar,8,13,44,0,65,0,11,103,0,114,8,24,147,0,179,64,0,64,243
06/07/2010,STS,CA,AWP,WE,Towers with Radar,8,7,13,0,28,1,6,132,1,140,9,13,145,1,168,22,0,22,190
06/08/2010,STS,CA,AWP,WE,Towers with Radar,8,9,17,0,34,0,4,122,2,128,8,13,139,2,162,108,0,108,270
06/09/2010,STS,CA,AWP,WE,Towers with Radar,8,4,33,0,45,0,11,78,0,89,8,15,111,0,134,64,0,64,198
06/10/2010,STS,CA,AWP,WE,Towers with Radar,8,8,17,0,33,0,6,130,0,136,8,14,147,0,169,44,0,44,213
06/11/2010,STS,CA,AWP,WE,Towers with Radar,8,7,13,0,28,0,15,137,2,154,8,22,150,2,182,34,0,34,216
06/12/2010,STS,CA,AWP,WE,Towers with Radar,8,2,11,0,21,0,4,111,0,115,8,6,122,0,136,34,0,34,170
06/13/2010,STS,CA,AWP,WE,Towers with Radar,8,3,13,0,24,0,2,125,0,127,8,5,138,0,151,80,0,80,231
06/14/2010,STS,CA,AWP,WE,Towers with Radar,8,7,2,2,19,0,3,131,2,136,8,10,133,4,155,54,0,54,209
06/15/2010,STS,CA,AWP,WE,Towers with Radar,8,8,13,0,29,0,12,137,2,151,8,20,150,2,180,90,0,90,270
06/16/2010,STS,CA,AWP,WE,Towers with Radar,8,9,15,0,32,0,9,108,4,121,8,18,123,4,153,42,0,42,195
06/17/2010,STS,CA,AWP,WE,Towers with Radar,8,6,16,0,30,0,15,176,3,194,8,21,192,3,224,58,0,58,282
06/18/2010,STS,CA,AWP,WE,Towers with Radar,8,17,11,0,36,0,7,133,0,140,8,24,144,0,176,64,0,64,240
06/19/2010,STS,CA,AWP,WE,Towers with Radar,9,6,15,0,30,0,6,124,0,130,9,12,139,0,160,78,0,78,238
06/20/2010,STS,CA,AWP,WE,Towers with Radar,12,8,19,0,39,0,7,163,0,170,12,15,182,0,209,94,0,94,303
06/21/2010,STS,CA,AWP,WE,Towers with Radar,8,5,8,0,21,1,4,101,0,106,9,9,109,0,127,108,0,108,235
06/22/2010,STS,CA,AWP,WE,Towers with Radar,9,8,6,0,23,0,6,118,0,124,9,14,124,0,147,84,0,84,231
06/23/2010,STS,CA,AWP,WE,Towers with Radar,8,7,15,0,30,1,12,162,0,175,9,19,177,0,205,82,0,82,287
06/24/2010,STS,CA,AWP,WE,Towers with Radar,8,6,15,0,29,0,3,123,0,126,8,9,138,0,155,96,0,96,251
06/25/2010,STS,CA,AWP,WE,Towers with Radar,8,11,34,1,54,0,8,101,0,109,8,19,135,1,163,56,0,56,219
06/26/2010,STS,CA,AWP,WE,Towers with Radar,8,0,9,0,17,0,11,112,0,123,8,11,121,0,140,46,0,46,186
06/27/2010,STS,CA,AWP,WE,Towers with Radar,8,5,9,1,23,0,6,132,6,144,8,11,141,7,167,36,0,36,203
06/28/2010,STS,CA,AWP,WE,Towers with Radar,8,5,17,0,30,0,15,177,4,196,8,20,194,4,226,114,0,114,340
06/29/2010,STS,CA,AWP,WE,Towers with Radar,8,7,10,0,25,0,9,153,2,164,8,16,163,2,189,70,0,70,259
06/30/2010,STS,CA,AWP,WE,Towers with Radar,9,10,3,0,22,0,13,141,2,156,9,23,144,2,178,50,0,50,228
07/01/2010,STS,CA,AWP,WE,Towers with Radar,8,8,13,0,29,0,16,176,0,192,8,24,189,0,221,110,0,110,331
07/02/2010,STS,CA,AWP,WE,Towers with Radar,8,7,14,0,29,0,13,166,3,182,8,20,180,3,211,156,0,156,367
07/03/2010,STS,CA,AWP,WE,Towers with Radar,7,0,8,0,15,0,5,133,0,138,7,5,141,0,153,126,0,126,279
07/04/2010,STS,CA,AWP,WE,Towers with Radar,7,2,4,0,13,1,13,101,0,115,8,15,105,0,128,38,0,38,166
07/05/2010,STS,CA,AWP,WE,Towers with Radar,8,5,19,0,32,0,2,141,1,144,8,7,160,1,176,40,0,40,216
07/06/2010,STS,CA,AWP,WE,Towers with Radar,9,10,27,2,48,0,5,54,0,59,9,15,81,2,107,26,0,26,133
07/07/2010,STS,CA,AWP,WE,Towers with Radar,8,13,15,0,36,0,10,98,0,108,8,23,113,0,144,62,0,62,206
07/08/2010,STS,CA,AWP,WE,Towers with Radar,8,8,29,0,45,0,13,130,0,143,8,21,159,0,188,68,0,68,256
07/09/2010,STS,CA,AWP,WE,Towers with Radar,9,5,23,0,37,0,7,108,0,115,9,12,131,0,152,64,0,64,216
07/10/2010,STS,CA,AWP,WE,Towers with Radar,8,10,25,0,43,0,6,135,0,141,8,16,160,0,184,52,0,52,236
07/11/2010,STS,CA,AWP,WE,Towers with Radar,6,3,24,0,33,0,6,109,0,115,6,9,133,0,148,90,0,90,238
07/12/2010,STS,CA,AWP,WE,Towers with Radar,8,9,29,0,46,0,5,66,0,71,8,14,95,0,117,30,0,30,147
07/13/2010,STS,CA,AWP,WE,Towers with Radar,8,9,37,0,54,0,5,92,0,97,8,14,129,0,151,62,0,62,213
07/14/2010,STS,CA,AWP,WE,Towers with Radar,8,10,16,0,34,0,5,157,7,169,8,15,173,7,203,78,0,78,281
07/15/2010,STS,CA,AWP,WE,Towers with Radar,8,17,38,0,63,0,10,171,0,181,8,27,209,0,244,74,0,74,318
07/16/2010,STS,CA,AWP,WE,Towers with Radar,9,9,22,0,40,0,13,161,0,174,9,22,183,0,214,58,0,58,272
07/17/2010,STS,CA,AWP,WE,Towers with Radar,8,6,20,0,34,0,2,116,0,118,8,8,136,0,152,26,0,26,178
07/18/2010,STS,CA,AWP,WE,Towers with Radar,8,16,48,0,72,0,7,155,1,163,8,23,203,1,235,24,0,24,259
07/19/2010,STS,CA,AWP,WE,Towers with Radar,8,7,11,0,26,0,15,116,0,131,8,22,127,0,157,50,0,50,207
07/20/2010,STS,CA,AWP,WE,Towers with Radar,8,11,25,0,44,0,6,143,0,149,8,17,168,0,193,74,0,74,267
07/21/2010,STS,CA,AWP,WE,Towers with Radar,8,12,47,0,67,0,5,111,0,116,8,17,158,0,183,54,0,54,237
07/22/2010,STS,CA,AWP,WE,Towers with Radar,8,28,52,0,88,0,6,140,0,146,8,34,192,0,234,44,0,44,278
07/23/2010,STS,CA,AWP,WE,Towers with Radar,8,7,26,0,41,0,11,107,2,120,8,18,133,2,161,62,0,62,223
07/24/2010,STS,CA,AWP,WE,Towers with Radar,8,6,15,0,29,0,6,151,0,157,8,12,166,0,186,66,0,66,252
07/25/2010,STS,CA,AWP,WE,Towers with Radar,8,27,69,0,104,0,19,141,0,160,8,46,210,0,264,70,0,70,334
07/26/2010,STS,CA,AWP,WE,Towers with Radar,6,22,32,0,60,0,7,86,0,93,6,29,118,0,153,48,0,48,201
07/27/2010,STS,CA,AWP,WE,Towers with Radar,8,21,34,0,63,0,1,92,0,93,8,22,126,0,156,50,0,50,206
07/28/2010,STS,CA,AWP,WE,Towers with Radar,8,12,31,0,51,0,7,160,2,169,8,19,191,2,220,72,0,72,292
07/29/2010,STS,CA,AWP,WE,Towers with Radar,9,18,37,2,66,0,4,121,0,125,9,22,158,2,191,88,0,88,279
07/30/2010,STS,CA,AWP,WE,Towers with Radar,8,14,22,1,45,0,9,131,1,141,8,23,153,2,186,46,0,46,232
07/31/2010,STS,CA,AWP,WE,Towers with Radar,8,5,16,0,29,0,4,117,0,121,8,9,133,0,150,61,0,61,211
08/01/2010,STS,CA,AWP,WE,Towers with Radar,8,15,49,1,73,0,14,147,1,162,8,29,196,2,235,102,0,102,337
08/02/2010,STS,CA,AWP,WE,Towers with Radar,8,5,27,0,40,0,10,115,0,125,8,15,142,0,165,60,0,60,225
08/03/2010,STS,CA,AWP,WE,Towers with Radar,7,9,25,0,41,0,4,70,0,74,7,13,95,0,115,94,0,94,209
08/04/2010,STS,CA,AWP,WE,Towers with Radar,9,7,14,0,30,0,19,72,0,91,9,26,86,0,121,160,0,160,281
08/05/2010,STS,CA,AWP,WE,Towers with Radar,8,11,24,0,43,0,4,104,0,108,8,15,128,0,151,66,0,66,217
08/06/2010,STS,CA,AWP,WE,Towers with Radar,8,7,25,0,40,0,8,123,0,131,8,15,148,0,171,108,0,108,279
08/07/2010,STS,CA,AWP,WE,Towers with Radar,8,4,13,0,25,0,4,112,0,116,8,8,125,0,141,80,0,80,221
08/08/2010,STS,CA,AWP,WE,Towers with Radar,8,10,43,0,61,0,3,77,0,80,8,13,120,0,141,64,0,64,205
08/09/2010,STS,CA,AWP,WE,Towers with Radar,8,13,24,0,45,0,3,126,0,129,8,16,150,0,174,42,0,42,216
08/10/2010,STS,CA,AWP,WE,Towers with Radar,8,5,28,0,41,0,6,84,2,92,8,11,112,2,133,62,0,62,195
08/11/2010,STS,CA,AWP,WE,Towers with Radar,8,11,28,0,47,0,8,112,0,120,8,19,140,0,167,92,0,92,259
08/12/2010,STS,CA,AWP,WE,Towers with Radar,8,12,19,0,39,0,5,131,0,136,8,17,150,0,175,34,0,34,209
08/13/2010,STS,CA,AWP,WE,Towers with Radar,6,11,24,0,41,0,7,158,2,167,6,18,182,2,208,78,0,78,286
08/14/2010,STS,CA,AWP,WE,Towers with Radar,6,1,25,0,32,0,3,123,0,126,6,4,148,0,158,28,0,28,186
08/15/2010,STS,CA,AWP,WE,Towers with Radar,10,9,31,0,50,0,6,89,0,95,10,15,120,0,145,48,0,48,193
08/16/2010,STS,CA,AWP,WE,Towers with Radar,8,17,25,0,50,0,1,136,0,137,8,18,161,0,187,136,0,136,323
08/17/2010,STS,CA,AWP,WE,Towers with Radar,8,6,20,6,40,0,2,98,8,108,8,8,118,14,148,106,0,106,254
08/18/2010,STS,CA,AWP,WE,Towers with Radar,8,7,26,0,41,0,3,91,0,94,8,10,117,0,135,86,0,86,221
08/19/2010,STS,CA,AWP,WE,Towers with Radar,8,13,20,0,41,0,4,162,1,167,8,17,182,1,208,60,0,60,268
08/20/2010,STS,CA,AWP,WE,Towers with Radar,8,6,28,3,45,0,6,155,1,162,8,12,183,4,207,10,0,10,217
08/21/2010,STS,CA,AWP,WE,Towers with Radar,8,3,11,0,22,0,0,59,0,59,8,3,70,0,81,44,0,44,125
08/22/2010,STS,CA,AWP,WE,Towers with Radar,8,1,16,0,25,1,6,102,3,112,9,7,118,3,137,42,0,42,179
08/23/2010,STS,CA,AWP,WE,Towers with Radar,9,5,6,0,20,0,1,132,0,133,9,6,138,0,153,56,0,56,209
08/24/2010,STS,CA,AWP,WE,Towers with Radar,9,8,8,0,25,0,5,136,0,141,9,13,144,0,166,44,0,44,210
08/25/2010,STS,CA,AWP,WE,Towers with Radar,9,11,9,0,29,0,10,103,0,113,9,21,112,0,142,64,0,64,206
08/26/2010,STS,CA,AWP,WE,Towers with Radar,9,13,23,0,45,0,5,109,0,114,9,18,132,0,159,140,0,140,299
08/27/2010,STS,CA,AWP,WE,Towers with Radar,8,6,15,0,29,0,10,132,0,142,8,16,147,0,171,64,0,64,235
08/28/2010,STS,CA,AWP,WE,Towers with Radar,8,9,14,0,31,0,2,107,0,109,8,11,121,0,140,68,0,68,208
08/29/2010,STS,CA,AWP,WE,Towers with Radar,8,9,18,0,35,0,9,123,0,132,8,18,141,0,167,26,0,26,193
08/30/2010,STS,CA,AWP,WE,Towers with Radar,7,16,14,2,39,0,6,111,0,117,7,22,125,2,156,68,0,68,224
08/31/2010,STS,CA,AWP,WE,Towers with Radar,9,9,11,2,31,0,3,103,0,106,9,12,114,2,137,102,0,102,239
09/01/2010,STS,CA,AWP,WE,Towers with Radar,8,8,21,0,37,0,12,145,1,158,8,20,166,1,195,58,0,58,253
09/02/2010,STS,CA,AWP,WE,Towers with Radar,9,10,8,0,27,0,4,159,0,163,9,14,167,0,190,76,0,76,266
09/03/2010,STS,CA,AWP,WE,Towers with Radar,9,9,16,0,34,0,8,171,0,179,9,17,187,0,213,142,0,142,355
09/04/2010,STS,CA,AWP,WE,Towers with Radar,8,0,19,0,27,0,3,106,0,109,8,3,125,0,136,94,0,94,230
09/05/2010,STS,CA,AWP,WE,Towers with Radar,7,2,8,0,17,0,3,167,0,170,7,5,175,0,187,50,0,50,237
09/06/2010,STS,CA,AWP,WE,Towers with Radar,8,5,24,0,37,1,5,183,1,190,9,10,207,1,227,66,0,66,293
09/07/2010,STS,CA,AWP,WE,Towers with Radar,9,8,9,0,26,0,4,102,0,106,9,12,111,0,132,124,0,124,256
09/08/2010,STS,CA,AWP,WE,Towers with Radar,8,9,23,0,40,1,9,69,0,79,9,18,92,0,119,82,0,82,201
09/09/2010,STS,CA,AWP,WE,Towers with Radar,8,7,16,0,31,0,8,137,1,146,8,15,153,1,177,84,0,84,261
09/10/2010,STS,CA,AWP,WE,Towers with Radar,9,14,12,0,35,0,12,119,0,131,9,26,131,0,166,116,0,116,282
09/11/2010,STS,CA,AWP,WE,Towers with Radar,9,2,15,0,26,0,1,174,0,175,9,3,189,0,201,72,0,72,273
09/12/2010,STS,CA,AWP,WE,Towers with Radar,8,5,15,0,28,0,6,92,0,98,8,11,107,0,126,44,0,44,170
09/13/2010,STS,CA,AWP,WE,Towers with Radar,9,11,37,0,57,0,3,69,0,72,9,14,106,0,129,36,0,36,165
09/14/2010,STS,CA,AWP,WE,Towers with Radar,7,16,21,0,44,0,8,110,2,120,7,24,131,2,164,54,0,54,218
09/15/2010,STS,CA,AWP,WE,Towers with Radar,9,4,29,0,42,0,17,105,0,122,9,21,134,0,164,92,0,92,256
09/16/2010,STS,CA,AWP,WE,Towers with Radar,9,10,14,0,33,0,14,126,0,140,9,24,140,0,173,56,0,56,229
09/17/2010,STS,CA,AWP,WE,Towers with Radar,9,16,38,0,63,0,10,74,0,84,9,26,112,0,147,50,0,50,197
09/18/2010,STS,CA,AWP,WE,Towers with Radar,9,7,27,2,45,0,12,38,0,50,9,19,65,2,95,36,0,36,131
09/19/2010,STS,CA,AWP,WE,Towers with Radar,9,9,31,1,50,0,3,26,0,29,9,12,57,1,79,0,0,0,79
09/20/2010,STS,CA,AWP,WE,Towers with Radar,8,15,21,0,44,0,5,111,0,116,8,20,132,0,160,64,0,64,224
09/21/2010,STS,CA,AWP,WE,Towers with Radar,9,10,10,0,29,0,14,105,0,119,9,24,115,0,148,66,0,66,214
09/22/2010,STS,CA,AWP,WE,Towers with Radar,9,11,13,3,36,0,5,110,0,115,9,16,123,3,151,106,0,106,257
09/23/2010,STS,CA,AWP,WE,Towers with Radar,9,11,17,2,39,0,12,135,0,147,9,23,152,2,186,52,0,52,238
09/24/2010,STS,CA,AWP,WE,Towers with Radar,8,12,10,2,32,0,13,179,0,192,8,25,189,2,224,88,0,88,312
09/25/2010,STS,CA,AWP,WE,Towers with Radar,9,6,14,1,30,0,15,246,1,262,9,21,260,2,292,34,0,34,326
09/26/2010,STS,CA,AWP,WE,Towers with Radar,9,7,18,2,36,0,3,158,0,161,9,10,176,2,197,68,0,68,265
09/27/2010,STS,CA,AWP,WE,Towers with Radar,9,9,10,0,28,0,11,115,0,126,9,20,125,0,154,92,0,92,246
09/28/2010,STS,CA,AWP,WE,Towers with Radar,9,9,11,0,29,0,13,136,0,149,9,22,147,0,178,60,0,60,238
09/29/2010,STS,CA,AWP,WE,Towers with Radar,9,7,15,0,31,0,5,153,0,158,9,12,168,0,189,28,0,28,217
09/30/2010,STS,CA,AWP,WE,Towers with Radar,8,17,19,0,44,0,15,137,0,152,8,32,156,0,196,92,0,92,288
10/01/2010,STS,CA,AWP,WE,Towers with Radar,8,7,28,0,43,0,7,94,0,101,8,14,122,0,144,102,0,102,246
10/02/2010,STS,CA,AWP,WE,Towers with Radar,9,7,26,0,42,0,3,100,0,103,9,10,126,0,145,72,0,72,217
10/03/2010,STS,CA,AWP,WE,Towers with Radar,9,10,33,0,52,0,3,60,0,63,9,13,93,0,115,42,0,42,157
10/04/2010,STS,CA,AWP,WE,Towers with Radar,8,11,21,2,42,0,12,104,0,116,8,23,125,2,158,44,0,44,202
10/05/2010,STS,CA,AWP,WE,Towers with Radar,8,6,11,0,25,0,12,90,2,104,8,18,101,2,129,70,0,70,199
10/06/2010,STS,CA,AWP,WE,Towers with Radar,9,12,14,0,35,0,7,133,0,140,9,19,147,0,175,54,0,54,229
10/07/2010,STS,CA,AWP,WE,Towers with Radar,8,13,29,2,52,0,5,108,0,113,8,18,137,2,165,38,0,38,203
10/08/2010,STS,CA,AWP,WE,Towers with Radar,8,12,16,2,38,0,7,137,2,146,8,19,153,4,184,108,0,108,292
10/09/2010,STS,CA,AWP,WE,Towers with Radar,9,5,15,0,29,0,7,212,0,219,9,12,227,0,248,40,0,40,288
10/10/2010,STS,CA,AWP,WE,Towers with Radar,8,6,15,0,29,0,3,170,1,174,8,9,185,1,203,72,0,72,275
10/11/2010,STS,CA,AWP,WE,Towers with Radar,7,8,12,0,27,0,8,129,0,137,7,16,141,0,164,96,0,96,260
10/12/2010,STS,CA,AWP,WE,Towers with Radar,9,7,11,0,27,0,15,117,0,132,9,22,128,0,159,110,0,110,269
10/13/2010,STS,CA,AWP,WE,Towers with Radar,8,7,14,0,29,0,4,123,0,127,8,11,137,0,156,48,0,48,204
10/14/2010,STS,CA,AWP,WE,Towers with Radar,8,8,14,0,30,0,12,151,0,163,8,20,165,0,193,36,0,36,229
10/15/2010,STS,CA,AWP,WE,Towers with Radar,8,8,17,0,33,0,19,126,0,145,8,27,143,0,178,60,0,60,238
10/16/2010,STS,CA,AWP,WE,Towers with Radar,8,1,15,0,24,0,5,83,0,88,8,6,98,0,112,34,0,34,146
10/17/2010,STS,CA,AWP,WE,Towers with Radar,9,4,26,0,39,0,1,7,0,8,9,5,33,0,47,0,0,0,47
10/18/2010,STS,CA,AWP,WE,Towers with Radar,8,5,29,4,46,1,8,70,0,79,9,13,99,4,125,40,0,40,165
10/19/2010,STS,CA,AWP,WE,Towers with Radar,11,10,17,0,38,0,5,100,0,105,11,15,117,0,143,88,0,88,231
10/20/2010,STS,CA,AWP,WE,Towers with Radar,8,6,46,0,60,0,6,62,0,68,8,12,108,0,128,36,0,36,164
10/21/2010,STS,CA,AWP,WE,Towers with Radar,8,10,24,0,42,0,4,46,0,50,8,14,70,0,92,22,0,22,114
10/22/2010,STS,CA,AWP,WE,Towers with Radar,8,19,40,0,67,0,0,0,0,0,8,19,40,0,67,0,0,0,67
10/23/2010,STS,CA,AWP,WE,Towers with Radar,8,6,35,0,49,0,0,0,0,0,8,6,35,0,49,0,0,0,49
10/24/2010,STS,CA,AWP,WE,Towers with Radar,9,13,18,0,40,0,0,0,0,0,9,13,18,0,40,0,0,0,40
10/25/2010,STS,CA,AWP,WE,Towers with Radar,9,7,30,0,46,0,15,100,0,115,9,22,130,0,161,40,0,40,201
10/26/2010,STS,CA,AWP,WE,Towers with Radar,9,9,13,2,33,0,7,112,0,119,9,16,125,2,152,86,0,86,238
10/27/2010,STS,CA,AWP,WE,Towers with Radar,9,13,10,0,32,0,2,137,0,139,9,15,147,0,171,69,0,69,240
10/28/2010,STS,CA,AWP,WE,Towers with Radar,9,10,19,0,38,0,11,51,8,70,9,21,70,8,108,78,0,78,186
10/29/2010,STS,CA,AWP,WE,Towers with Radar,8,8,42,0,58,0,4,17,0,21,8,12,59,0,79,8,0,8,87
10/30/2010,STS,CA,AWP,WE,Towers with Radar,9,5,18,0,32,0,0,2,0,2,9,5,20,0,34,16,0,16,50
10/31/2010,STS,CA,AWP,WE,Towers with Radar,8,6,32,0,46,0,10,62,0,72,8,16,94,0,118,70,0,70,188
11/01/2010,STS,CA,AWP,WE,Towers with Radar,9,9,15,4,37,0,3,107,0,110,9,12,122,4,147,52,0,52,199
11/02/2010,STS,CA,AWP,WE,Towers with Radar,8,6,17,0,31,0,0,99,0,99,8,6,116,0,130,90,0,90,220
11/03/2010,STS,CA,AWP,WE,Towers with Radar,9,7,15,0,31,1,6,127,0,134,10,13,142,0,165,80,0,80,245
11/04/2010,STS,CA,AWP,WE,Towers with Radar,9,13,15,0,37,0,5,130,0,135,9,18,145,0,172,84,0,84,256
11/05/2010,STS,CA,AWP,WE,Towers with Radar,8,5,21,0,34,0,11,59,0,70,8,16,80,0,104,38,0,38,142
11/06/2010,STS,CA,AWP,WE,Towers with Radar,9,4,30,0,43,0,2,63,0,65,9,6,93,0,108,93,0,93,201
11/07/2010,STS,CA,AWP,WE,Towers with Radar,8,8,36,0,52,0,5,14,0,19,8,13,50,0,71,0,0,0,71
11/08/2010,STS,CA,AWP,WE,Towers with Radar,9,9,26,0,44,0,5,107,0,112,9,14,133,0,156,100,0,100,256
11/09/2010,STS,CA,AWP,WE,Towers with Radar,9,12,17,0,38,0,1,46,0,47,9,13,63,0,85,54,0,54,139
11/10/2010,STS,CA,AWP,WE,Towers with Radar,9,12,22,0,43,0,17,112,1,130,9,29,134,1,173,108,0,108,281
11/11/2010,STS,CA,AWP,WE,Towers with Radar,8,9,15,0,32,0,13,164,0,177,8,22,179,0,209,106,0,106,315
11/12/2010,STS,CA,AWP,WE,Towers with Radar,10,5,31,2,48,0,2,122,4,128,10,7,153,6,176,114,0,114,290
11/13/2010,STS,CA,AWP,WE,Towers with Radar,6,0,2,0,8,0,0,144,0,144,6,0,146,0,152,78,0,78,230
11/14/2010,STS,CA,AWP,WE,Towers with Radar,9,3,12,0,24,0,6,153,0,159,9,9,165,0,183,82,0,82,265
11/15/2010,STS,CA,AWP,WE,Towers with Radar,9,10,17,0,36,0,9,95,0,104,9,19,112,0,140,80,0,80,220
11/16/2010,STS,CA,AWP,WE,Towers with Radar,8,6,18,2,34,0,10,108,0,118,8,16,126,2,152,72,0,72,224
11/17/2010,STS,CA,AWP,WE,Towers with Radar,9,12,17,4,42,0,11,152,0,163,9,23,169,4,205,106,0,106,311
11/18/2010,STS,CA,AWP,WE,Towers with Radar,8,16,17,0,41,0,16,93,0,109,8,32,110,0,150,52,0,52,202
11/19/2010,STS,CA,AWP,WE,Towers with Radar,9,20,19,4,52,0,9,7,0,16,9,29,26,4,68,0,0,0,68
11/20/2010,STS,CA,AWP,WE,Towers with Radar,7,2,7,0,16,0,0,15,0,15,7,2,22,0,31,0,0,0,31
11/21/2010,STS,CA,AWP,WE,Towers with Radar,9,9,9,0,27,0,2,45,1,48,9,11,54,1,75,18,0,18,93
11/22/2010,STS,CA,AWP,WE,Towers with Radar,8,12,23,0,43,0,4,41,0,45,8,16,64,0,88,82,0,82,170
11/23/2010,STS,CA,AWP,WE,Towers with Radar,10,14,14,0,38,0,10,50,2,62,10,24,64,2,100,72,0,72,172
11/24/2010,STS,CA,AWP,WE,Towers with Radar,10,20,16,2,48,0,8,152,0,160,10,28,168,2,208,68,0,68,276
11/25/2010,STS,CA,AWP,WE,Towers with Radar,9,1,4,0,14,0,3,83,0,86,9,4,87,0,100,18,0,18,118
11/26/2010,STS,CA,AWP,WE,Towers with Radar,9,15,12,0,36,0,9,156,0,165,9,24,168,0,201,86,0,86,287
11/27/2010,STS,CA,AWP,WE,Towers with Radar,6,7,11,0,24,0,0,14,0,14,6,7,25,0,38,18,0,18,56
11/28/2010,STS,CA,AWP,WE,Towers with Radar,8,11,16,0,35,0,9,119,0,128,8,20,135,0,163,76,0,76,239
11/29/2010,STS,CA,AWP,WE,Towers with Radar,8,10,8,1,27,0,4,113,8,125,8,14,121,9,152,14,0,14,166
11/30/2010,STS,CA,AWP,WE,Towers with Radar,9,11,10,0,30,0,7,115,2,124,9,18,125,2,154,46,0,46,200
12/01/2010,STS,CA,AWP,WE,Towers with Radar,9,6,14,0,29,0,7,125,0,132,9,13,139,0,161,72,0,72,233
12/02/2010,STS,CA,AWP,WE,Towers with Radar,9,17,27,0,53,0,8,38,0,46,9,25,65,0,99,70,0,70,169
12/03/2010,STS,CA,AWP,WE,Towers with Radar,10,21,16,0,47,0,0,1,0,1,10,21,17,0,48,0,0,0,48
12/04/2010,STS,CA,AWP,WE,Towers with Radar,7,3,16,0,26,0,3,24,0,27,7,6,40,0,53,24,0,24,77
12/05/2010,STS,CA,AWP,WE,Towers with Radar,9,2,17,0,28,0,2,16,0,18,9,4,33,0,46,12,0,12,58
12/06/2010,STS,CA,AWP,WE,Towers with Radar,10,8,22,3,43,0,7,34,0,41,10,15,56,3,84,30,0,30,114
12/07/2010,STS,CA,AWP,WE,Towers with Radar,8,6,13,0,27,0,13,115,2,130,8,19,128,2,157,26,0,26,183
12/08/2010,STS,CA,AWP,WE,Towers with Radar,8,11,16,0,35,0,0,0,0,0,8,11,16,0,35,0,0,0,35
12/09/2010,STS,CA,AWP,WE,Towers with Radar,11,11,35,0,57,0,8,32,0,40,11,19,67,0,97,35,0,35,132
12/10/2010,STS,CA,AWP,WE,Towers with Radar,10,14,34,0,58,0,0,0,0,0,10,14,34,0,58,0,0,0,58
12/11/2010,STS,CA,AWP,WE,Towers with Radar,10,4,13,0,27,0,7,78,0,85,10,11,91,0,112,56,0,56,168
12/12/2010,STS,CA,AWP,WE,Towers with Radar,9,12,37,0,58,0,0,0,0,0,9,12,37,0,58,0,0,0,58
12/13/2010,STS,CA,AWP,WE,Towers with Radar,9,12,32,0,53,0,3,12,0,15,9,15,44,0,68,24,0,24,92
12/14/2010,STS,CA,AWP,WE,Towers with Radar,9,12,13,0,34,0,5,21,0,26,9,17,34,0,60,54,0,54,114
12/15/2010,STS,CA,AWP,WE,Towers with Radar,9,9,18,0,36,0,15,169,0,184,9,24,187,0,220,84,0,84,304
12/16/2010,STS,CA,AWP,WE,Towers with Radar,8,10,12,0,30,0,21,214,0,235,8,31,226,0,265,116,0,116,381
12/17/2010,STS,CA,AWP,WE,Towers with Radar,8,13,16,2,39,0,0,9,0,9,8,13,25,2,48,22,0,22,70
12/18/2010,STS,CA,AWP,WE,Towers with Radar,6,8,15,2,31,0,3,8,0,11,6,11,23,2,42,6,0,6,48
12/19/2010,STS,CA,AWP,WE,Towers with Radar,10,3,5,0,18,0,2,7,0,9,10,5,12,0,27,0,0,0,27
12/20/2010,STS,CA,AWP,WE,Towers with Radar,8,12,6,0,26,0,2,13,0,15,8,14,19,0,41,0,0,0,41
12/21/2010,STS,CA,AWP,WE,Towers with Radar,8,13,6,0,27,0,6,49,0,55,8,19,55,0,82,60,0,60,142
12/22/2010,STS,CA,AWP,WE,Towers with Radar,9,7,18,0,34,0,4,18,0,22,9,11,36,0,56,14,0,14,70
12/23/2010,STS,CA,AWP,WE,Towers with Radar,8,7,21,0,36,0,6,99,0,105,8,13,120,0,141,79,0,79,220
12/24/2010,STS,CA,AWP,WE,Towers with Radar,8,1,6,0,15,0,5,81,0,86,8,6,87,0,101,92,0,92,193
12/25/2010,STS,CA,AWP,WE,Towers with Radar,8,0,3,0,11,0,2,0,0,2,8,2,3,0,13,0,0,0,13
12/26/2010,STS,CA,AWP,WE,Towers with Radar,8,3,17,0,28,0,5,19,0,24,8,8,36,0,52,0,0,0,52
12/27/2010,STS,CA,AWP,WE,Towers with Radar,8,8,17,2,35,0,10,88,0,98,8,18,105,2,133,54,0,54,187
12/28/2010,STS,CA,AWP,WE,Towers with Radar,8,11,14,0,33,0,0,6,0,6,8,11,20,0,39,6,0,6,45
12/29/2010,STS,CA,AWP,WE,Towers with Radar,8,7,7,0,22,0,4,31,0,35,8,11,38,0,57,16,4,20,77
12/30/2010,STS,CA,AWP,WE,Towers with Radar,9,4,15,0,28,0,10,145,0,155,9,14,160,0,183,86,0,86,269
12/31/2010,STS,CA,AWP,WE,Towers with Radar,9,5,22,0,36,0,13,90,0,103,9,18,112,0,139,92,0,92,231
01/01/2011,STS,CA,AWP,WE,Towers with Radar,5,2,4,0,11,0,0,23,0,23,5,2,27,0,34,0,0,0,34
01/02/2011,STS,CA,AWP,WE,Towers with Radar,9,5,22,0,36,0,0,43,0,43,9,5,65,0,79,10,0,10,89
01/03/2011,STS,CA,AWP,WE,Towers with Radar,9,6,13,2,30,0,13,95,2,110,9,19,108,4,140,62,6,68,208
01/04/2011,STS,CA,AWP,WE,Towers with Radar,9,8,16,2,35,0,23,103,0,126,9,31,119,2,161,58,0,58,219
01/05/2011,STS,CA,AWP,WE,Towers with Radar,9,8,8,8,33,0,18,128,0,146,9,26,136,8,179,68,0,68,247
01/06/2011,STS,CA,AWP,WE,Towers with Radar,7,3,12,0,22,0,2,48,0,50,7,5,60,0,72,66,0,66,138
01/07/2011,STS,CA,AWP,WE,Towers with Radar,10,2,25,0,37,0,0,0,0,0,10,2,25,0,37,0,0,0,37
01/08/2011,STS,CA,AWP,WE,Towers with Radar,6,3,24,0,33,0,0,0,0,0,6,3,24,0,33,0,0,0,33
01/09/2011,STS,CA,AWP,WE,Towers with Radar,10,2,28,0,40,0,3,119,0,122,10,5,147,0,162,71,0,71,233
01/10/2011,STS,CA,AWP,WE,Towers with Radar,8,13,10,0,31,0,0,82,0,82,8,13,92,0,113,48,0,48,161
01/11/2011,STS,CA,AWP,WE,Towers with Radar,8,5,17,0,30,0,5,46,1,52,8,10,63,1,82,64,0,64,146
01/12/2011,STS,CA,AWP,WE,Towers with Radar,8,13,18,4,43,0,6,57,3,66,8,19,75,7,109,48,0,48,157
01/13/2011,STS,CA,AWP,WE,Towers with Radar,7,10,34,0,51,0,0,0,0,0,7,10,34,0,51,0,0,0,51
01/14/2011,STS,CA,AWP,WE,Towers with Radar,8,5,12,0,25,0,16,106,0,122,8,21,118,0,147,80,0,80,227
01/15/2011,STS,CA,AWP,WE,Towers with Radar,6,1,8,0,15,0,4,197,0,201,6,5,205,0,216,76,0,76,292
01/16/2011,STS,CA,AWP,WE,Towers with Radar,12,1,24,0,37,0,0,42,0,42,12,1,66,0,79,20,0,20,99
01/17/2011,STS,CA,AWP,WE,Towers with Radar,6,11,16,0,33,0,2,67,0,69,6,13,83,0,102,32,0,32,134
01/18/2011,STS,CA,AWP,WE,Towers with Radar,6,4,13,0,23,0,7,75,0,82,6,11,88,0,105,17,0,17,122
01/19/2011,STS,CA,AWP,WE,Towers with Radar,8,6,12,0,26,0,12,122,0,134,8,18,134,0,160,77,0,77,237
01/20/2011,STS,CA,AWP,WE,Towers with Radar,9,7,20,0,36,0,20,139,0,159,9,27,159,0,195,98,0,98,293
01/21/2011,STS,CA,AWP,WE,Towers with Radar,7,7,8,0,22,0,8,184,0,192,7,15,192,0,214,98,0,98,312
01/22/2011,STS,CA,AWP,WE,Towers with Radar,6,5,5,0,16,0,4,156,0,160,6,9,161,0,176,128,0,128,304
01/23/2011,STS,CA,AWP,WE,Towers with Radar,8,4,21,1,34,0,5,161,1,167,8,9,182,2,201,63,4,67,268
01/24/2011,STS,CA,AWP,WE,Towers with Radar,9,11,13,0,33,0,3,137,0,140,9,14,150,0,173,26,0,26,199
01/25/2011,STS,CA,AWP,WE,Towers with Radar,8,9,14,0,31,0,4,123,0,127,8,13,137,0,158,111,0,111,269
01/26/2011,STS,CA,AWP,WE,Towers with Radar,9,8,21,2,40,0,10,97,1,108,9,18,118,3,148,0,0,0,148
01/27/2011,STS,CA,AWP,WE,Towers with Radar,10,8,20,0,38,0,13,122,0,135,10,21,142,0,173,107,0,107,280
01/28/2011,STS,CA,AWP,WE,Towers with Radar,8,3,18,0,29,0,6,119,0,125,8,9,137,0,154,80,0,80,234
01/29/2011,STS,CA,AWP,WE,Towers with Radar,6,1,23,0,30,0,0,1,0,1,6,1,24,0,31,0,0,0,31
01/30/2011,STS,CA,AWP,WE,Towers with Radar,8,1,30,0,39,0,0,50,0,50,8,1,80,0,89,68,0,68,157
01/31/2011,STS,CA,AWP,WE,Towers with Radar,8,11,15,2,36,0,7,105,1,113,8,18,120,3,149,50,0,50,199
02/01/2011,STS,CA,AWP,WE,Towers with Radar,8,6,10,4,28,0,5,107,0,112,8,11,117,4,140,90,0,90,230
02/02/2011,STS,CA,AWP,WE,Towers with Radar,8,7,18,0,33,0,19,146,1,166,8,26,164,1,199,128,0,128,327
02/03/2011,STS,CA,AWP,WE,Towers with Radar,9,9,13,0,31,0,9,157,0,166,9,18,170,0,197,106,0,106,303
02/04/2011,STS,CA,AWP,WE,Towers with Radar,8,4,14,0,26,0,8,153,0,161,8,12,167,0,187,43,0,43,230
02/05/2011,STS,CA,AWP,WE,Towers with Radar,6,2,6,0,14,0,3,160,0,163,6,5,166,0,177,88,0,88,265
02/06/2011,STS,CA,AWP,WE,Towers with Radar,8,0,18,2,28,0,0,132,0,132,8,0,150,2,160,58,0,58,218
02/07/2011,STS,CA,AWP,WE,Towers with Radar,0,8,11,14,33,0,16,82,6,104,0,24,93,20,137,26,0,26,163
02/08/2011,STS,CA,AWP,WE,Towers with Radar,5,12,10,3,30,3,7,73,1,84,8,19,83,4,114,40,0,40,154
02/09/2011,STS,CA,AWP,WE,Towers with Radar,8,7,5,0,20,0,10,133,1,144,8,17,138,1,164,98,0,98,262
02/10/2011,STS,CA,AWP,WE,Towers with Radar,6,4,18,0,28,0,12,146,0,158,6,16,164,0,186,52,0,52,238
02/11/2011,STS,CA,AWP,WE,Towers with Radar,8,7,14,0,29,0,19,144,0,163,8,26,158,0,192,124,0,124,316
02/12/2011,STS,CA,AWP,WE,Towers with Radar,6,0,11,0,17,0,13,164,0,177,6,13,175,0,194,96,0,96,290
02/13/2011,STS,CA,AWP,WE,Towers with Radar,9,5,14,0,28,0,9,142,0,151,9,14,156,0,179,128,0,128,307
02/14/2011,STS,CA,AWP,WE,Towers with Radar,9,9,17,2,37,0,0,0,0,0,9,9,17,2,37,0,0,0,37
02/15/2011,STS,CA,AWP,WE,Towers with Radar,8,11,18,0,37,0,0,6,1,7,8,11,24,1,44,22,0,22,66
02/16/2011,STS,CA,AWP,WE,Towers with Radar,9,12,13,0,34,0,5,31,0,36,9,17,44,0,70,20,0,20,90
02/17/2011,STS,CA,AWP,WE,Towers with Radar,9,12,11,2,34,0,1,10,0,11,9,13,21,2,45,24,0,24,69
02/18/2011,STS,CA,AWP,WE,Towers with Radar,7,17,24,0,48,0,3,12,0,15,7,20,36,0,63,58,0,58,121
02/19/2011,STS,CA,AWP,WE,Towers with Radar,6,8,13,0,27,0,2,21,0,23,6,10,34,0,50,54,0,54,104
02/20/2011,STS,CA,AWP,WE,Towers with Radar,8,12,12,0,32,0,2,126,0,128,8,14,138,0,160,98,0,98,258
02/21/2011,STS,CA,AWP,WE,Towers with Radar,8,9,14,0,31,0,3,83,0,86,8,12,97,0,117,70,0,70,187
02/22/2011,STS,CA,AWP,WE,Towers with Radar,9,5,14,2,30,0,3,128,2,133,9,8,142,4,163,98,0,98,261
02/23/2011,STS,CA,AWP,WE,Towers with Radar,8,7,9,0,24,0,7,99,0,106,8,14,108,0,130,53,0,53,183
02/24/2011,STS,CA,AWP,WE,Towers with Radar,6,7,13,0,26,0,0,14,0,14,6,7,27,0,40,56,0,56,96
02/25/2011,STS,CA,AWP,WE,Towers with Radar,8,13,16,0,37,0,4,29,0,33,8,17,45,0,70,20,0,20,90
02/26/2011,STS,CA,AWP,WE,Towers with Radar,7,7,10,1,25,0,1,115,1,117,7,8,125,2,142,88,0,88,230
02/27/2011,STS,CA,AWP,WE,Towers with Radar,8,3,9,0,20,0,0,241,0,241,8,3,250,0,261,82,0,82,343
02/28/2011,STS,CA,AWP,WE,Towers with Radar,8,9,8,0,25,0,0,30,9,39,8,9,38,9,64,24,0,24,88
03/01/2011,STS,CA,AWP,WE,Towers with Radar,9,15,11,2,37,0,5,106,2,113,9,20,117,4,150,64,0,64,214
03/02/2011,STS,CA,AWP,WE,Towers with Radar,9,7,16,0,32,0,3,28,0,31,9,10,44,0,63,54,0,54,117
03/03/2011,STS,CA,AWP,WE,Towers with Radar,8,12,11,0,31,0,6,68,0,74,8,18,79,0,105,63,0,63,168
03/04/2011,STS,CA,AWP,WE,Towers with Radar,8,4,17,2,31,0,3,144,0,147,8,7,161,2,178,72,0,72,250
03/05/2011,STS,CA,AWP,WE,Towers with Radar,6,4,7,0,17,0,7,122,0,129,6,11,129,0,146,112,0,112,258
03/06/2011,STS,CA,AWP,WE,Towers with Radar,8,9,17,0,34,0,0,0,0,0,8,9,17,0,34,0,0,0,34
03/07/2011,STS,CA,AWP,WE,Towers with Radar,8,11,9,0,28,0,1,51,0,52,8,12,60,0,80,34,0,34,114
03/08/2011,STS,CA,AWP,WE,Towers with Radar,8,8,31,0,47,0,5,53,0,58,8,13,84,0,105,42,0,42,147
03/09/2011,STS,CA,AWP,WE,Towers with Radar,6,8,15,0,29,2,10,137,0,149,8,18,152,0,178,35,0,35,213
03/10/2011,STS,CA,AWP,WE,Towers with Radar,8,10,36,0,54,0,4,22,0,26,8,14,58,0,80,31,0,31,111
03/11/2011,STS,CA,AWP,WE,Towers with Radar,8,9,25,0,42,0,4,148,0,152,8,13,173,0,194,80,0,80,274
03/12/2011,STS,CA,AWP,WE,Towers with Radar,8,2,14,0,24,0,1,114,0,115,8,3,128,0,139,72,0,72,211
03/13/2011,STS,CA,AWP,WE,Towers with Radar,9,6,25,0,40,0,0,11,0,11,9,6,36,0,51,8,0,8,59
03/14/2011,STS,CA,AWP,WE,Towers with Radar,8,8,17,2,35,0,3,34,0,37,8,11,51,2,72,89,0,89,161
03/15/2011,STS,CA,AWP,WE,Towers with Radar,9,11,21,0,41,0,0,0,0,0,9,11,21,0,41,0,0,0,41
03/16/2011,STS,CA,AWP,WE,Towers with Radar,9,8,22,0,39,0,6,72,4,82,9,14,94,4,121,94,0,94,215
03/17/2011,STS,CA,AWP,WE,Towers with Radar,9,10,20,4,43,0,11,40,0,51,9,21,60,4,94,56,0,56,150
03/18/2011,STS,CA,AWP,WE,Towers with Radar,10,10,13,0,33,0,1,4,0,5,10,11,17,0,38,0,0,0,38
03/19/2011,STS,CA,AWP,WE,Towers with Radar,9,8,15,0,32,0,0,0,0,0,9,8,15,0,32,0,0,0,32
03/20/2011,STS,CA,AWP,WE,Towers with Radar,8,0,18,0,26,0,0,28,0,28,8,0,46,0,54,38,0,38,92
03/21/2011,STS,CA,AWP,WE,Towers with Radar,11,6,10,0,27,0,4,55,0,59,11,10,65,0,86,63,0,63,149
03/22/2011,STS,CA,AWP,WE,Towers with Radar,9,11,10,0,30,0,1,36,0,37,9,12,46,0,67,60,0,60,127
03/23/2011,STS,CA,AWP,WE,Towers with Radar,9,12,11,0,32,0,5,8,2,15,9,17,19,2,47,26,0,26,73
03/24/2011,STS,CA,AWP,WE,Towers with Radar,8,13,7,0,28,0,4,7,0,11,8,17,14,0,39,24,0,24,63
03/25/2011,STS,CA,AWP,WE,Towers with Radar,8,7,22,0,37,0,3,13,0,16,8,10,35,0,53,46,0,46,99
03/26/2011,STS,CA,AWP,WE,Towers with Radar,6,3,19,0,28,0,0,29,0,29,6,3,48,0,57,58,0,58,115
03/27/2011,STS,CA,AWP,WE,Towers with Radar,7,6,30,5,48,0,1,13,0,14,7,7,43,5,62,0,0,0,62
03/28/2011,STS,CA,AWP,WE,Towers with Radar,8,18,9,0,35,0,4,135,1,140,8,22,144,1,175,118,0,118,293
03/29/2011,STS,CA,AWP,WE,Towers with Radar,8,6,7,0,21,0,21,130,0,151,8,27,137,0,172,84,0,84,256
03/30/2011,STS,CA,AWP,WE,Towers with Radar,8,6,22,0,36,1,8,126,0,135,9,14,148,0,171,132,0,132,303
03/31/2011,STS,CA,AWP,WE,Towers with Radar,8,10,5,0,23,0,8,158,2,168,8,18,163,2,191,95,0,95,286
04/01/2011,STS,CA,AWP,WE,Towers with Radar,8,11,11,0,30,0,16,148,1,165,8,27,159,1,195,80,10,90,285
04/02/2011,STS,CA,AWP,WE,Towers with Radar,8,7,18,0,33,0,10,124,0,134,8,17,142,0,167,101,0,101,268
04/03/2011,STS,CA,AWP,WE,Towers with Radar,8,8,9,0,25,0,5,160,0,165,8,13,169,0,190,90,0,90,280
04/04/2011,STS,CA,AWP,WE,Towers with Radar,8,7,17,0,32,0,6,110,0,116,8,13,127,0,148,50,0,50,198
04/05/2011,STS,CA,AWP,WE,Towers with Radar,9,11,18,0,38,0,0,117,0,117,9,11,135,0,155,142,0,142,297
04/06/2011,STS,CA,AWP,WE,Towers with Radar,8,10,13,0,31,0,11,101,0,112,8,21,114,0,143,50,0,50,193
04/07/2011,STS,CA,AWP,WE,Towers with Radar,8,10,15,0,33,0,7,92,0,99,8,17,107,0,132,12,0,12,144
04/08/2011,STS,CA,AWP,WE,Towers with Radar,10,3,22,0,35,0,13,139,0,152,10,16,161,0,187,60,0,60,247
04/09/2011,STS,CA,AWP,WE,Towers with Radar,9,0,18,0,27,0,5,213,0,218,9,5,231,0,245,70,0,70,315
04/10/2011,STS,CA,AWP,WE,Towers with Radar,9,3,14,0,26,0,2,129,0,131,9,5,143,0,157,97,0,97,254
04/11/2011,STS,CA,AWP,WE,Towers with Radar,9,11,19,0,39,0,5,70,0,75,9,16,89,0,114,50,0,50,164
04/12/2011,STS,CA,AWP,WE,Towers with Radar,8,9,10,0,27,0,1,108,0,109,8,10,118,0,136,46,0,46,182
04/13/2011,STS,CA,AWP,WE,Towers with Radar,8,5,14,0,27,0,6,52,0,58,8,11,66,0,85,38,0,38,123
04/14/2011,STS,CA,AWP,WE,Towers with Radar,9,6,21,1,37,0,7,112,0,119,9,13,133,1,156,50,0,50,206
04/15/2011,STS,CA,AWP,WE,Towers with Radar,8,13,22,0,43,0,10,88,0,98,8,23,110,0,141,72,0,72,213
04/16/2011,STS,CA,AWP,WE,Towers with Radar,8,5,18,0,31,0,7,214,0,221,8,12,232,0,252,53,0,53,305
04/17/2011,STS,CA,AWP,WE,Towers with Radar,8,11,20,0,39,0,6,129,0,135,8,17,149,0,174,49,0,49,223
04/18/2011,STS,CA,AWP,WE,Towers with Radar,8,15,31,0,54,0,0,13,0,13,8,15,44,0,67,28,0,28,95
04/19/2011,STS,CA,AWP,WE,Towers with Radar,8,7,19,0,34,0,7,105,3,115,8,14,124,3,149,58,0,58,207
04/20/2011,STS,CA,AWP,WE,Towers with Radar,9,18,37,0,64,0,0,14,0,14,9,18,51,0,78,6,0,6,84
04/21/2011,STS,CA,AWP,WE,Towers with Radar,8,11,26,0,45,0,6,113,3,122,8,17,139,3,167,54,0,54,221
04/22/2011,STS,CA,AWP,WE,Towers with Radar,8,11,23,2,44,0,7,170,1,178,8,18,193,3,222,46,0,46,268
04/23/2011,STS,CA,AWP,WE,Towers with Radar,8,2,12,0,22,0,16,98,0,114,8,18,110,0,136,136,0,136,272
04/24/2011,STS,CA,AWP,WE,Towers with Radar,9,2,23,1,35,0,1,44,0,45,9,3,67,1,80,30,0,30,110
04/25/2011,STS,CA,AWP,WE,Towers with Radar,11,17,15,0,43,0,4,70,0,74,11,21,85,0,117,22,0,22,139
04/26/2011,STS,CA,AWP,WE,Towers with Radar,8,8,14,0,30,0,6,129,0,135,8,14,143,0,165,110,0,110,275
04/27/2011,STS,CA,AWP,WE,Towers with Radar,8,7,21,0,36,0,12,151,0,163,8,19,172,0,199,96,0,96,295
04/28/2011,STS,CA,AWP,WE,Towers with Radar,8,11,20,0,39,0,19,122,6,147,8,30,142,6,186,68,0,68,254
04/29/2011,STS,CA,AWP,WE,Towers with Radar,8,5,17,0,30,0,11,119,0,130,8,16,136,0,160,36,0,36,196
04/30/2011,STS,CA,AWP,WE,Towers with Radar,9,2,15,0,26,0,4,203,0,207,9,6,218,0,233,112,0,112,345
05/01/2011,STS,CA,AWP,WE,Towers with Radar,8,1,24,0,33,0,5,200,0,205,8,6,224,0,238,50,0,50,288
05/02/2011,STS,CA,AWP,WE,Towers with Radar,8,7,10,0,25,0,8,148,0,156,8,15,158,0,181,142,0,142,323
05/03/2011,STS,CA,AWP,WE,Towers with Radar,8,10,14,0,32,0,4,134,0,138,8,14,148,0,170,108,0,108,278
05/04/2011,STS,CA,AWP,WE,Towers with Radar,8,12,8,0,28,0,18,140,0,158,8,30,148,0,186,104,0,104,290
05/05/2011,STS,CA,AWP,WE,Towers with Radar,8,8,10,0,26,0,4,150,0,154,8,12,160,0,180,102,0,102,282
05/06/2011,STS,CA,AWP,WE,Towers with Radar,8,4,11,0,23,0,11,196,0,207,8,15,207,0,230,68,0,68,298
05/07/2011,STS,CA,AWP,WE,Towers with Radar,8,4,12,0,24,0,8,174,0,182,8,12,186,0,206,30,0,30,236
05/08/2011,STS,CA,AWP,WE,Towers with Radar,9,1,12,0,22,0,4,61,0,65,9,5,73,0,87,30,0,30,117
05/09/2011,STS,CA,AWP,WE,Towers with Radar,8,6,26,0,40,0,14,79,0,93,8,20,105,0,133,40,0,40,173
05/10/2011,STS,CA,AWP,WE,Towers with Radar,9,6,18,0,33,0,6,128,2,136,9,12,146,2,169,74,0,74,243
05/11/2011,STS,CA,AWP,WE,Towers with Radar,8,9,31,0,48,0,4,104,0,108,8,13,135,0,156,22,0,22,178
05/12/2011,STS,CA,AWP,WE,Towers with Radar,8,16,24,0,48,0,1,165,0,166,8,17,189,0,214,76,0,76,290
05/13/2011,STS,CA,AWP,WE,Towers with Radar,8,8,19,2,37,0,21,169,0,190,8,29,188,2,227,130,0,130,357
05/14/2011,STS,CA,AWP,WE,Towers with Radar,8,6,19,0,33,0,12,86,0,98,8,18,105,0,131,40,0,40,171
05/15/2011,STS,CA,AWP,WE,Towers with Radar,7,10,18,0,35,0,1,45,0,46,7,11,63,0,81,104,0,104,185
05/16/2011,STS,CA,AWP,WE,Towers with Radar,8,11,22,0,41,0,4,13,0,17,8,15,35,0,58,2,0,2,60
05/17/2011,STS,CA,AWP,WE,Towers with Radar,8,13,30,0,51,0,0,8,0,8,8,13,38,0,59,0,0,0,59
05/18/2011,STS,CA,AWP,WE,Towers with Radar,8,9,26,4,47,0,8,101,0,109,8,17,127,4,156,84,0,84,240
05/19/2011,STS,CA,AWP,WE,Towers with Radar,8,6,18,0,32,1,14,191,0,206,9,20,209,0,238,66,0,66,304
05/20/2011,STS,CA,AWP,WE,Towers with Radar,8,5,24,0,37,0,18,133,0,151,8,23,157,0,188,84,0,84,272
05/21/2011,STS,CA,AWP,WE,Towers with Radar,8,9,13,0,30,0,13,140,0,153,8,22,153,0,183,183,0,183,366
05/22/2011,STS,CA,AWP,WE,Towers with Radar,8,6,26,1,41,0,1,160,7,168,8,7,186,8,209,64,0,64,273
05/23/2011,STS,CA,AWP,WE,Towers with Radar,8,4,13,0,25,0,7,72,2,81,8,11,85,2,106,28,0,28,134
05/24/2011,STS,CA,AWP,WE,Towers with Radar,8,11,16,0,35,0,6,135,1,142,8,17,151,1,177,74,0,74,251
05/25/2011,STS,CA,AWP,WE,Towers with Radar,8,4,25,0,37,0,6,21,0,27,8,10,46,0,64,6,0,6,70
05/26/2011,STS,CA,AWP,WE,Towers with Radar,8,7,17,0,32,0,12,129,0,141,8,19,146,0,173,68,0,68,241
05/27/2011,STS,CA,AWP,WE,Towers with Radar,8,11,27,0,46,0,3,81,0,84,8,14,108,0,130,64,0,64,194
05/28/2011,STS,CA,AWP,WE,Towers with Radar,7,2,17,0,26,0,9,75,0,84,7,11,92,0,110,66,0,66,176
05/29/2011,STS,CA,AWP,WE,Towers with Radar,8,3,8,0,19,0,9,106,0,115,8,12,114,0,134,90,0,90,224
05/30/2011,STS,CA,AWP,WE,Towers with Radar,8,10,14,0,32,0,5,108,0,113,8,15,122,0,145,35,0,35,180
05/31/2011,STS,CA,AWP,WE,Towers with Radar,9,3,21,0,33,0,4,47,0,51,9,7,68,0,84,38,0,38,122
06/01/2011,STS,CA,AWP,WE,Towers with Radar,8,9,22,0,39,0,3,30,0,33,8,12,52,0,72,3,0,3,75
06/02/2011,STS,CA,AWP,WE,Towers with Radar,8,16,65,0,89,0,6,113,0,119,8,22,178,0,208,82,0,82,290
06/03/2011,STS,CA,AWP,WE,Towers with Radar,8,8,34,0,50,0,1,45,0,46,8,9,79,0,96,24,0,24,120
06/04/2011,STS,CA,AWP,WE,Towers with Radar,8,14,40,0,62,0,0,18,0,18,8,14,58,0,80,8,0,8,88
06/05/2011,STS,CA,AWP,WE,Towers with Radar,8,14,50,0,72,0,3,23,0,26,8,17,73,0,98,2,0,2,100
06/06/2011,STS,CA,AWP,WE,Towers with Radar,8,16,28,0,52,0,4,36,0,40,8,20,64,0,92,54,0,54,146
06/07/2011,STS,CA,AWP,WE,Towers with Radar,10,9,17,0,36,0,9,141,0,150,10,18,158,0,186,92,0,92,278
06/08/2011,STS,CA,AWP,WE,Towers with Radar,9,13,30,0,52,0,7,116,0,123,9,20,146,0,175,30,0,30,205
06/09/2011,STS,CA,AWP,WE,Towers with Radar,10,12,18,0,40,0,9,96,0,105,10,21,114,0,145,40,0,40,185
06/10/2011,STS,CA,AWP,WE,Towers with Radar,9,7,22,0,38,0,11,154,0,165,9,18,176,0,203,70,0,70,273
06/11/2011,STS,CA,AWP,WE,Towers with Radar,9,5,11,0,25,0,4,145,0,149,9,9,156,0,174,46,0,46,220
06/12/2011,STS,CA,AWP,WE,Towers with Radar,8,7,25,0,40,0,3,125,0,128,8,10,150,0,168,156,0,156,324
06/13/2011,STS,CA,AWP,WE,Towers with Radar,9,5,11,1,26,0,10,123,0,133,9,15,134,1,159,128,0,128,287
06/14/2011,STS,CA,AWP,WE,Towers with Radar,9,6,8,0,23,0,12,126,0,138,9,18,134,0,161,76,0,76,237
06/15/2011,STS,CA,AWP,WE,Towers with Radar,9,9,28,0,46,0,6,130,0,136,9,15,158,0,182,80,0,80,262
06/16/2011,STS,CA,AWP,WE,Towers with Radar,8,7,9,1,25,0,23,133,0,156,8,30,142,1,181,132,0,132,313
06/17/2011,STS,CA,AWP,WE,Towers with Radar,8,12,21,0,41,0,21,181,0,202,8,33,202,0,243,110,0,110,353
06/18/2011,STS,CA,AWP,WE,Towers with Radar,8,10,17,0,35,0,5,185,0,190,8,15,202,0,225,98,0,98,323
06/19/2011,STS,CA,AWP,WE,Towers with Radar,8,15,20,0,43,0,4,134,0,138,8,19,154,0,181,18,0,18,199
06/20/2011,STS,CA,AWP,WE,Towers with Radar,10,16,17,0,43,0,15,97,0,112,10,31,114,0,155,54,0,54,209
06/21/2011,STS,CA,AWP,WE,Towers with Radar,8,9,12,0,29,0,15,134,0,149,8,24,146,0,178,108,0,108,286
06/22/2011,STS,CA,AWP,WE,Towers with Radar,10,17,17,0,44,0,10,109,0,119,10,27,126,0,163,134,0,134,297
06/23/2011,STS,CA,AWP,WE,Towers with Radar,8,10,19,1,38,0,13,174,1,188,8,23,193,2,226,142,0,142,368
06/24/2011,STS,CA,AWP,WE,Towers with Radar,8,12,15,1,36,0,9,136,1,146,8,21,151,2,182,82,0,82,264
06/25/2011,STS,CA,AWP,WE,Towers with Radar,7,4,8,1,20,0,8,166,0,174,7,12,174,1,194,84,0,84,278
06/26/2011,STS,CA,AWP,WE,Towers with Radar,8,17,19,0,44,0,2,163,3,168,8,19,182,3,212,96,0,96,308
06/27/2011,STS,CA,AWP,WE,Towers with Radar,9,8,33,0,50,0,18,116,0,134,9,26,149,0,184,90,0,90,274
06/28/2011,STS,CA,AWP,WE,Towers with Radar,8,26,24,0,58,0,2,1,0,3,8,28,25,0,61,0,0,0,61
06/29/2011,STS,CA,AWP,WE,Towers with Radar,9,9,34,0,52,0,14,77,0,91,9,23,111,0,143,93,0,93,236
06/30/2011,STS,CA,AWP,WE,Towers with Radar,8,13,17,2,40,0,5,172,2,179,8,18,189,4,219,72,0,72,291
07/01/2011,STS,CA,AWP,WE,Towers with Radar,8,14,11,0,33,0,8,208,0,216,8,22,219,0,249,80,0,80,329
07/02/2011,STS,CA,AWP,WE,Towers with Radar,9,2,9,1,21,0,10,154,3,167,9,12,163,4,188,68,0,68,256
07/03/2011,STS,CA,AWP,WE,Towers with Radar,9,2,5,0,16,0,8,103,0,111,9,10,108,0,127,24,0,24,151
07/04/2011,STS,CA,AWP,WE,Towers with Radar,10,5,6,0,21,0,7,94,0,101,10,12,100,0,122,14,0,14,136
07/05/2011,STS,CA,AWP,WE,Towers with Radar,8,9,5,0,22,0,15,124,0,139,8,24,129,0,161,86,0,86,247
07/06/2011,STS,CA,AWP,WE,Towers with Radar,8,5,13,0,26,0,14,142,0,156,8,19,155,0,182,102,0,102,284
07/07/2011,STS,CA,AWP,WE,Towers with Radar,9,7,16,0,32,0,10,95,3,108,9,17,111,3,140,54,0,54,194
07/08/2011,STS,CA,AWP,WE,Towers with Radar,9,11,10,0,30,0,11,182,6,199,9,22,192,6,229,44,0,44,273
07/09/2011,STS,CA,AWP,WE,Towers with Radar,8,5,13,0,26,0,4,159,0,163,8,9,172,0,189,106,0,106,295
07/10/2011,STS,CA,AWP,WE,Towers with Radar,9,12,18,0,39,0,4,123,0,127,9,16,141,0,166,50,0,50,216
07/11/2011,STS,CA,AWP,WE,Towers with Radar,9,12,22,0,43,0,7,93,1,101,9,19,115,1,144,52,0,52,196
07/12/2011,STS,CA,AWP,WE,Towers with Radar,9,11,16,0,36,0,10,103,0,113,9,21,119,0,149,96,0,96,245
07/13/2011,STS,CA,AWP,WE,Towers with Radar,8,9,32,0,49,0,10,104,0,114,8,19,136,0,163,58,0,58,221
07/14/2011,STS,CA,AWP,WE,Towers with Radar,8,16,58,0,82,0,4,180,0,184,8,20,238,0,266,76,0,76,342
07/15/2011,STS,CA,AWP,WE,Towers with Radar,9,17,22,1,49,0,13,178,1,192,9,30,200,2,241,42,0,42,283
07/16/2011,STS,CA,AWP,WE,Towers with Radar,9,5,42,0,56,0,18,132,0,150,9,23,174,0,206,92,0,92,298
07/17/2011,STS,CA,AWP,WE,Towers with Radar,9,17,61,0,87,0,5,125,0,130,9,22,186,0,217,20,0,20,237
07/18/2011,STS,CA,AWP,WE,Towers with Radar,7,13,11,0,31,0,18,95,4,117,7,31,106,4,148,74,0,74,222
07/19/2011,STS,CA,AWP,WE,Towers with Radar,8,13,24,5,50,0,9,142,3,154,8,22,166,8,204,96,0,96,300
07/20/2011,STS,CA,AWP,WE,Towers with Radar,9,11,31,0,51,0,11,115,0,126,9,22,146,0,177,164,0,164,341
07/21/2011,STS,CA,AWP,WE,Towers with Radar,9,29,53,2,93,0,18,179,0,197,9,47,232,2,290,108,0,108,398
07/22/2011,STS,CA,AWP,WE,Towers with Radar,8,10,34,0,52,0,17,139,0,156,8,27,173,0,208,76,0,76,284
07/23/2011,STS,CA,AWP,WE,Towers with Radar,8,15,39,0,62,0,2,128,0,130,8,17,167,0,192,52,0,52,244
07/24/2011,STS,CA,AWP,WE,Towers with Radar,8,24,74,0,106,0,3,126,0,129,8,27,200,0,235,58,0,58,293
07/25/2011,STS,CA,AWP,WE,Towers with Radar,9,15,35,0,59,0,11,116,0,127,9,26,151,0,186,56,0,56,242
07/26/2011,STS,CA,AWP,WE,Towers with Radar,8,12,20,0,40,0,5,85,2,92,8,17,105,2,132,104,0,104,236
07/27/2011,STS,CA,AWP,WE,Towers with Radar,8,12,23,0,43,0,11,143,0,154,8,23,166,0,197,122,0,122,319
07/28/2011,STS,CA,AWP,WE,Towers with Radar,9,16,48,0,73,0,19,130,0,149,9,35,178,0,222,79,0,79,301
07/29/2011,STS,CA,AWP,WE,Towers with Radar,9,13,17,0,39,0,4,164,1,169,9,17,181,1,208,52,0,52,260
07/30/2011,STS,CA,AWP,WE,Towers with Radar,6,7,26,0,39,0,1,77,0,78,6,8,103,0,117,50,0,50,167
07/31/2011,STS,CA,AWP,WE,Towers with Radar,11,20,48,3,82,0,3,118,2,123,11,23,166,5,205,20,0,20,225
08/01/2011,STS,CA,AWP,WE,Towers with Radar,8,13,29,0,50,0,9,55,1,65,8,22,84,1,115,22,0,22,137
08/02/2011,STS,CA,AWP,WE,Towers with Radar,9,15,21,0,45,0,8,101,0,109,9,23,122,0,154,48,0,48,202
08/03/2011,STS,CA,AWP,WE,Towers with Radar,9,11,24,0,44,0,28,85,0,113,9,39,109,0,157,51,0,51,208
08/04/2011,STS,CA,AWP,WE,Towers with Radar,8,11,19,0,38,0,13,125,0,138,8,24,144,0,176,118,0,118,294
08/05/2011,STS,CA,AWP,WE,Towers with Radar,8,7,27,0,42,0,4,146,0,150,8,11,173,0,192,68,0,68,260
08/06/2011,STS,CA,AWP,WE,Towers with Radar,8,6,30,0,44,0,4,134,0,138,8,10,164,0,182,36,0,36,218
08/07/2011,STS,CA,AWP,WE,Towers with Radar,9,14,18,0,41,0,1,113,1,115,9,15,131,1,156,66,0,66,222
08/08/2011,STS,CA,AWP,WE,Towers with Radar,7,12,17,0,36,0,5,84,0,89,7,17,101,0,125,58,0,58,183
08/09/2011,STS,CA,AWP,WE,Towers with Radar,9,6,18,0,33,0,12,120,0,132,9,18,138,0,165,132,0,132,297
08/10/2011,STS,CA,AWP,WE,Towers with Radar,8,5,16,0,29,0,17,100,0,117,8,22,116,0,146,112,0,112,258
08/11/2011,STS,CA,AWP,WE,Towers with Radar,8,8,16,0,32,0,9,150,0,159,8,17,166,0,191,176,0,176,367
08/12/2011,STS,CA,AWP,WE,Towers with Radar,9,9,16,1,35,0,5,178,0,183,9,14,194,1,218,40,0,40,258
08/13/2011,STS,CA,AWP,WE,Towers with Radar,8,7,14,0,29,0,4,205,0,209,8,11,219,0,238,40,0,40,278
08/14/2011,STS,CA,AWP,WE,Towers with Radar,8,1,17,0,26,0,10,126,0,136,8,11,143,0,162,90,0,90,252
08/15/2011,STS,CA,AWP,WE,Towers with Radar,9,9,15,2,35,0,19,133,4,156,9,28,148,6,191,74,0,74,265
08/16/2011,STS,CA,AWP,WE,Towers with Radar,8,10,9,2,29,0,14,150,3,167,8,24,159,5,196,188,0,188,384
08/17/2011,STS,CA,AWP,WE,Towers with Radar,8,6,29,0,43,0,9,121,2,132,8,15,150,2,175,110,0,110,285
08/18/2011,STS,CA,AWP,WE,Towers with Radar,9,9,18,1,37,0,10,115,3,128,9,19,133,4,165,80,6,86,251
08/19/2011,STS,CA,AWP,WE,Towers with Radar,9,6,18,0,33,0,10,190,25,225,9,16,208,25,258,90,0,90,348
08/20/2011,STS,CA,AWP,WE,Towers with Radar,9,2,11,0,22,0,2,60,0,62,9,4,71,0,84,24,0,24,108
08/21/2011,STS,CA,AWP,WE,Towers with Radar,9,3,21,1,34,0,3,69,1,73,9,6,90,2,107,6,0,6,113
08/22/2011,STS,CA,AWP,WE,Towers with Radar,8,11,20,1,40,0,14,103,0,117,8,25,123,1,157,68,0,68,225
08/23/2011,STS,CA,AWP,WE,Towers with Radar,9,11,13,0,33,0,11,164,1,176,9,22,177,1,209,104,0,104,313
08/24/2011,STS,CA,AWP,WE,Towers with Radar,9,3,27,0,39,0,8,131,0,139,9,11,158,0,178,92,0,92,270
08/25/2011,STS,CA,AWP,WE,Towers with Radar,9,8,24,0,41,0,10,165,0,175,9,18,189,0,216,81,0,81,297
08/26/2011,STS,CA,AWP,WE,Towers with Radar,9,5,23,0,37,0,10,135,0,145,9,15,158,0,182,122,0,122,304
08/27/2011,STS,CA,AWP,WE,Towers with Radar,9,5,22,0,36,0,8,195,0,203,9,13,217,0,239,82,0,82,321
08/28/2011,STS,CA,AWP,WE,Towers with Radar,8,3,18,0,29,0,7,153,0,160,8,10,171,0,189,82,0,82,271
08/29/2011,STS,CA,AWP,WE,Towers with Radar,8,7,18,0,33,0,14,86,0,100,8,21,104,0,133,48,0,48,181
08/30/2011,STS,CA,AWP,WE,Towers with Radar,8,9,16,0,33,0,8,115,0,123,8,17,131,0,156,80,0,80,236
08/31/2011,STS,CA,AWP,WE,Towers with Radar,9,8,19,0,36,0,4,141,0,145,9,12,160,0,181,104,0,104,285
09/01/2011,STS,CA,AWP,WE,Towers with Radar,8,5,14,2,29,0,11,146,0,157,8,16,160,2,186,72,0,72,258
09/02/2011,STS,CA,AWP,WE,Towers with Radar,9,4,17,0,30,0,16,207,0,223,9,20,224,0,253,144,0,144,397
09/03/2011,STS,CA,AWP,WE,Towers with Radar,9,10,19,0,38,0,6,205,0,211,9,16,224,0,249,50,0,50,299
09/04/2011,STS,CA,AWP,WE,Towers with Radar,9,4,11,1,25,0,6,88,0,94,9,10,99,1,119,30,0,30,149
09/05/2011,STS,CA,AWP,WE,Towers with Radar,9,7,26,0,42,0,6,159,0,165,9,13,185,0,207,48,0,48,255
09/06/2011,STS,CA,AWP,WE,Towers with Radar,9,15,13,0,37,0,9,101,0,110,9,24,114,0,147,74,0,74,221
09/07/2011,STS,CA,AWP,WE,Towers with Radar,9,14,16,2,41,0,16,148,0,164,9,30,164,2,205,66,0,66,271
09/08/2011,STS,CA,AWP,WE,Towers with Radar,8,8,23,0,39,0,10,149,0,159,8,18,172,0,198,38,0,38,236
09/09/2011,STS,CA,AWP,WE,Towers with Radar,9,9,16,0,34,0,7,153,0,160,9,16,169,0,194,50,0,50,244
09/10/2011,STS,CA,AWP,WE,Towers with Radar,8,2,14,0,24,0,3,181,0,184,8,5,195,0,208,69,0,69,277
09/11/2011,STS,CA,AWP,WE,Towers with Radar,9,14,45,0,68,0,0,59,2,61,9,14,104,2,129,10,0,10,139
09/12/2011,STS,CA,AWP,WE,Towers with Radar,9,7,21,0,37,0,8,100,0,108,9,15,121,0,145,40,0,40,185
09/13/2011,STS,CA,AWP,WE,Towers with Radar,9,14,14,0,37,0,2,105,0,107,9,16,119,0,144,62,0,62,206
09/14/2011,STS,CA,AWP,WE,Towers with Radar,9,10,43,0,62,0,22,102,2,126,9,32,145,2,188,90,0,90,278
09/15/2011,STS,CA,AWP,WE,Towers with Radar,9,12,16,0,37,0,6,103,0,109,9,18,119,0,146,46,0,46,192
09/16/2011,STS,CA,AWP,WE,Towers with Radar,6,11,27,0,44,0,10,149,0,159,6,21,176,0,203,94,0,94,297
09/17/2011,STS,CA,AWP,WE,Towers with Radar,8,9,7,0,24,0,4,158,0,162,8,13,165,0,186,52,0,52,238
09/18/2011,STS,CA,AWP,WE,Towers with Radar,7,9,16,0,32,0,6,157,0,163,7,15,173,0,195,42,0,42,237
09/19/2011,STS,CA,AWP,WE,Towers with Radar,10,10,18,0,38,0,5,112,4,121,10,15,130,4,159,116,0,116,275
09/20/2011,STS,CA,AWP,WE,Towers with Radar,8,8,12,0,28,0,6,130,4,140,8,14,142,4,168,60,0,60,228
09/21/2011,STS,CA,AWP,WE,Towers with Radar,8,10,15,0,33,0,9,145,5,159,8,19,160,5,192,82,0,82,274
09/22/2011,STS,CA,AWP,WE,Towers with Radar,8,13,16,0,37,0,13,164,4,181,8,26,180,4,218,96,0,96,314
09/23/2011,STS,CA,AWP,WE,Towers with Radar,9,18,24,3,54,0,12,193,1,206,9,30,217,4,260,54,0,54,314
09/24/2011,STS,CA,AWP,WE,Towers with Radar,8,16,20,0,44,0,6,142,0,148,8,22,162,0,192,96,0,96,288
09/25/2011,STS,CA,AWP,WE,Towers with Radar,8,13,30,0,51,0,0,57,0,57,8,13,87,0,108,18,0,18,126
09/26/2011,STS,CA,AWP,WE,Towers with Radar,9,16,17,2,44,0,13,101,0,114,9,29,118,2,158,74,0,74,232
09/27/2011,STS,CA,AWP,WE,Towers with Radar,10,5,7,0,22,0,11,130,0,141,10,16,137,0,163,104,0,104,267
09/28/2011,STS,CA,AWP,WE,Towers with Radar,8,10,20,0,38,0,6,140,0,146,8,16,160,0,184,78,0,78,262
09/29/2011,STS,CA,AWP,WE,Towers with Radar,9,7,10,1,27,0,6,178,1,185,9,13,188,2,212,118,0,118,330
09/30/2011,STS,CA,AWP,WE,Towers with Radar,9,10,49,0,68,0,23,115,0,138,9,33,164,0,206,48,0,48,254
10/01/2011,STS,CA,AWP,WE,Towers with Radar,8,6,23,0,37,0,7,84,0,91,8,13,107,0,128,76,0,76,204
10/02/2011,STS,CA,AWP,WE,Towers with Radar,9,8,28,0,45,0,4,123,0,127,9,12,151,0,172,76,0,76,248
10/03/2011,STS,CA,AWP,WE,Towers with Radar,9,12,37,0,58,0,3,2,0,5,9,15,39,0,63,0,0,0,63
10/04/2011,STS,CA,AWP,WE,Towers with Radar,9,21,15,0,45,0,3,39,0,42,9,24,54,0,87,96,0,96,183
10/05/2011,STS,CA,AWP,WE,Towers with Radar,8,7,13,2,30,0,15,35,0,50,8,22,48,2,80,2,0,2,82
10/06/2011,STS,CA,AWP,WE,Towers with Radar,9,15,26,4,54,0,13,72,0,85,9,28,98,4,139,116,0,116,255
10/07/2011,STS,CA,AWP,WE,Towers with Radar,9,6,13,0,28,0,7,179,0,186,9,13,192,0,214,114,0,114,328
10/08/2011,STS,CA,AWP,WE,Towers with Radar,8,2,4,0,14,0,5,171,0,176,8,7,175,0,190,48,0,48,238
10/09/2011,STS,CA,AWP,WE,Towers with Radar,9,8,15,0,32,0,14,136,0,150,9,22,151,0,182,74,0,74,256
10/10/2011,STS,CA,AWP,WE,Towers with Radar,8,17,37,0,62,0,0,1,0,1,8,17,38,0,63,0,0,0,63
10/11/2011,STS,CA,AWP,WE,Towers with Radar,8,8,20,0,36,0,8,84,0,92,8,16,104,0,128,68,0,68,196
10/12/2011,STS,CA,AWP,WE,Towers with Radar,9,11,12,0,32,0,9,153,0,162,9,20,165,0,194,66,0,66,260
10/13/2011,STS,CA,AWP,WE,Towers with Radar,9,5,19,0,33,0,11,142,0,153,9,16,161,0,186,72,0,72,258
10/14/2011,STS,CA,AWP,WE,Towers with Radar,8,6,13,0,27,0,7,142,0,149,8,13,155,0,176,98,0,98,274
10/15/2011,STS,CA,AWP,WE,Towers with Radar,8,6,13,0,27,0,6,304,0,310,8,12,317,0,337,50,0,50,387
10/16/2011,STS,CA,AWP,WE,Towers with Radar,7,3,38,0,48,0,2,71,1,74,7,5,109,1,122,38,0,38,160
10/17/2011,STS,CA,AWP,WE,Towers with Radar,11,10,16,0,37,0,6,101,0,107,11,16,117,0,144,54,0,54,198
10/18/2011,STS,CA,AWP,WE,Towers with Radar,9,8,22,0,39,0,10,98,0,108,9,18,120,0,147,76,0,76,223
10/19/2011,STS,CA,AWP,WE,Towers with Radar,9,7,20,0,36,0,7,74,0,81,9,14,94,0,117,78,0,78,195
10/20/2011,STS,CA,AWP,WE,Towers with Radar,13,6,32,0,51,0,4,55,0,59,13,10,87,0,110,30,0,30,140
10/21/2011,STS,CA,AWP,WE,Towers with Radar,8,19,41,0,68,0,15,150,0,165,8,34,191,0,233,106,0,106,339
10/22/2011,STS,CA,AWP,WE,Towers with Radar,12,8,8,2,30,0,7,164,0,171,12,15,172,2,201,94,0,94,295
10/23/2011,STS,CA,AWP,WE,Towers with Radar,9,14,9,0,32,0,5,111,0,116,9,19,120,0,148,50,0,50,198
10/24/2011,STS,CA,AWP,WE,Towers with Radar,8,4,12,2,26,0,2,104,0,106,8,6,116,2,132,114,0,114,246
10/25/2011,STS,CA,AWP,WE,Towers with Radar,8,12,31,0,51,0,3,56,0,59,8,15,87,0,110,44,0,44,154
10/26/2011,STS,CA,AWP,WE,Towers with Radar,9,10,11,0,30,0,6,142,0,148,9,16,153,0,178,98,0,98,276
10/27/2011,STS,CA,AWP,WE,Towers with Radar,8,13,15,0,36,0,7,132,0,139,8,20,147,0,175,46,0,46,221
10/28/2011,STS,CA,AWP,WE,Towers with Radar,9,4,15,0,28,0,13,162,0,175,9,17,177,0,203,92,0,92,295
10/29/2011,STS,CA,AWP,WE,Towers with Radar,9,6,3,0,18,0,1,155,0,156,9,7,158,0,174,114,0,114,288
10/30/2011,STS,CA,AWP,WE,Towers with Radar,8,8,9,0,25,0,5,156,0,161,8,13,165,0,186,24,0,24,210
10/31/2011,STS,CA,AWP,WE,Towers with Radar,10,8,15,0,33,0,16,101,0,117,10,24,116,0,150,88,0,88,238
11/01/2011,STS,CA,AWP,WE,Towers with Radar,9,5,13,0,27,0,9,63,0,72,9,14,76,0,99,84,0,84,183
11/02/2011,STS,CA,AWP,WE,Towers with Radar,9,6,16,2,33,0,5,102,0,107,9,11,118,2,140,170,0,170,310
11/03/2011,STS,CA,AWP,WE,Towers with Radar,9,9,29,5,52,0,5,29,6,40,9,14,58,11,92,157,0,157,249
11/04/2011,STS,CA,AWP,WE,Towers with Radar,8,12,18,2,40,0,9,103,1,113,8,21,121,3,153,108,0,108,261
11/05/2011,STS,CA,AWP,WE,Towers with Radar,10,5,9,0,24,0,3,96,0,99,10,8,105,0,123,114,0,114,237
11/06/2011,STS,CA,AWP,WE,Towers with Radar,8,5,23,0,36,0,7,45,0,52,8,12,68,0,88,92,0,92,180
11/07/2011,STS,CA,AWP,WE,Towers with Radar,8,8,17,0,33,0,11,105,0,116,8,19,122,0,149,102,0,102,251
11/08/2011,STS,CA,AWP,WE,Towers with Radar,8,16,9,0,33,0,3,137,0,140,8,19,146,0,173,70,0,70,243
11/09/2011,STS,CA,AWP,WE,Towers with Radar,6,11,18,2,37,0,8,126,0,134,6,19,144,2,171,130,0,130,301
11/10/2011,STS,CA,AWP,WE,Towers with Radar,8,9,23,0,40,0,6,154,1,161,8,15,177,1,201,106,0,106,307
11/11/2011,STS,CA,AWP,WE,Towers with Radar,8,7,25,0,40,0,5,22,0,27,8,12,47,0,67,44,0,44,111
11/12/2011,STS,CA,AWP,WE,Towers with Radar,4,2,22,0,28,0,9,132,1,142,4,11,154,1,170,98,0,98,268
11/13/2011,STS,CA,AWP,WE,Towers with Radar,8,11,17,0,36,0,2,125,0,127,8,13,142,0,163,86,0,86,249
11/14/2011,STS,CA,AWP,WE,Towers with Radar,8,7,24,2,41,0,16,99,0,115,8,23,123,2,156,154,0,154,310
11/15/2011,STS,CA,AWP,WE,Towers with Radar,8,11,9,0,28,0,8,106,2,116,8,19,115,2,144,76,0,76,220
11/16/2011,STS,CA,AWP,WE,Towers with Radar,7,9,18,0,34,0,30,145,2,177,7,39,163,2,211,134,0,134,345
11/17/2011,STS,CA,AWP,WE,Towers with Radar,8,9,33,0,50,0,11,54,0,65,8,20,87,0,115,88,0,88,203
11/18/2011,STS,CA,AWP,WE,Towers with Radar,8,9,31,0,48,0,6,33,0,39,8,15,64,0,87,20,0,20,107
11/19/2011,STS,CA,AWP,WE,Towers with Radar,4,3,19,0,26,0,7,133,0,140,4,10,152,0,166,112,0,112,278
11/20/2011,STS,CA,AWP,WE,Towers with Radar,8,10,9,1,28,0,6,38,1,45,8,16,47,2,73,58,0,58,131
11/21/2011,STS,CA,AWP,WE,Towers with Radar,8,18,26,0,52,0,9,78,1,88,8,27,104,1,140,96,0,96,236
11/22/2011,STS,CA,AWP,WE,Towers with Radar,10,15,17,0,42,0,10,74,0,84,10,25,91,0,126,148,0,148,274
11/23/2011,STS,CA,AWP,WE,Towers with Radar,8,16,21,0,45,0,7,23,0,30,8,23,44,0,75,36,0,36,111
11/24/2011,STS,CA,AWP,WE,Towers with Radar,8,0,7,0,15,0,1,4,0,5,8,1,11,0,20,6,0,6,26
11/25/2011,STS,CA,AWP,WE,Towers with Radar,8,15,20,0,43,0,6,28,0,34,8,21,48,0,77,14,0,14,91
11/26/2011,STS,CA,AWP,WE,Towers with Radar,9,9,17,0,35,0,5,127,0,132,9,14,144,0,167,84,0,84,251
11/27/2011,STS,CA,AWP,WE,Towers with Radar,8,9,24,0,41,0,6,97,0,103,8,15,121,0,144,64,0,64,208
11/28/2011,STS,CA,AWP,WE,Towers with Radar,8,16,24,0,48,0,9,86,0,95,8,25,110,0,143,68,0,68,211
11/29/2011,STS,CA,AWP,WE,Towers with Radar,7,15,17,2,41,0,11,97,0,108,7,26,114,2,149,50,0,50,199
11/30/2011,STS,CA,AWP,WE,Towers with Radar,6,9,16,2,33,0,18,76,0,94,6,27,92,2,127,70,0,70,197
12/01/2011,STS,CA,AWP,WE,Towers with Radar,8,7,10,0,25,0,15,68,0,83,8,22,78,0,108,46,0,46,154
12/02/2011,STS,CA,AWP,WE,Towers with Radar,8,8,22,0,38,0,9,84,0,93,8,17,106,0,131,53,0,53,184
12/03/2011,STS,CA,AWP,WE,Towers with Radar,4,5,2,0,11,0,4,97,0,101,4,9,99,0,112,66,0,66,178
12/04/2011,STS,CA,AWP,WE,Towers with Radar,8,3,7,0,18,0,12,164,2,178,8,15,171,2,196,86,0,86,282
12/05/2011,STS,CA,AWP,WE,Towers with Radar,8,10,8,0,26,0,11,100,0,111,8,21,108,0,137,74,0,74,211
12/06/2011,STS,CA,AWP,WE,Towers with Radar,8,12,5,4,29,0,8,98,0,106,8,20,103,4,135,92,0,92,227
12/07/2011,STS,CA,AWP,WE,Towers with Radar,6,5,18,0,29,0,13,130,0,143,6,18,148,0,172,52,0,52,224
12/08/2011,STS,CA,AWP,WE,Towers with Radar,8,9,13,2,32,0,11,124,2,137,8,20,137,4,169,39,0,39,208
12/09/2011,STS,CA,AWP,WE,Towers with Radar,8,6,21,0,35,0,8,190,0,198,8,14,211,0,233,92,0,92,325
12/10/2011,STS,CA,AWP,WE,Towers with Radar,2,5,13,0,20,0,9,161,0,170,2,14,174,0,190,150,0,150,340
12/11/2011,STS,CA,AWP,WE,Towers with Radar,9,9,15,0,33,0,3,46,0,49,9,12,61,0,82,26,0,26,108
12/12/2011,STS,CA,AWP,WE,Towers with Radar,8,13,8,6,35,0,10,81,2,93,8,23,89,8,128,58,0,58,186
12/13/2011,STS,CA,AWP,WE,Towers with Radar,8,10,16,4,38,0,23,96,0,119,8,33,112,4,157,106,0,106,263
12/14/2011,STS,CA,AWP,WE,Towers with Radar,7,8,23,0,38,0,13,80,0,93,7,21,103,0,131,12,0,12,143
12/15/2011,STS,CA,AWP,WE,Towers with Radar,8,10,20,0,38,0,14,68,0,82,8,24,88,0,120,74,0,74,194
12/16/2011,STS,CA,AWP,WE,Towers with Radar,8,6,8,0,22,0,18,143,0,161,8,24,151,0,183,84,0,84,267
12/17/2011,STS,CA,AWP,WE,Towers with Radar,8,3,17,0,28,0,13,123,0,136,8,16,140,0,164,98,0,98,262
12/18/2011,STS,CA,AWP,WE,Towers with Radar,8,10,8,0,26,0,1,64,0,65,8,11,72,0,91,54,0,54,145
12/19/2011,STS,CA,AWP,WE,Towers with Radar,8,7,15,0,30,0,19,95,0,114,8,26,110,0,144,34,0,34,178
12/20/2011,STS,CA,AWP,WE,Towers with Radar,11,8,10,0,29,0,20,85,0,105,11,28,95,0,134,112,0,112,246
12/21/2011,STS,CA,AWP,WE,Towers with Radar,8,13,21,0,42,0,4,123,0,127,8,17,144,0,169,52,0,52,221
12/22/2011,STS,CA,AWP,WE,Towers with Radar,8,7,6,0,21,0,10,98,0,108,8,17,104,0,129,46,0,46,175
12/23/2011,STS,CA,AWP,WE,Towers with Radar,8,6,19,0,33,0,11,135,0,146,8,17,154,0,179,62,0,62,241
12/24/2011,STS,CA,AWP,WE,Towers with Radar,8,1,2,0,11,0,5,75,0,80,8,6,77,0,91,68,0,68,159
12/25/2011,STS,CA,AWP,WE,Towers with Radar,8,0,2,0,10,0,3,45,0,48,8,3,47,0,58,14,0,14,72
12/26/2011,STS,CA,AWP,WE,Towers with Radar,8,4,25,0,37,0,2,67,0,69,8,6,92,0,106,36,0,36,142
12/27/2011,STS,CA,AWP,WE,Towers with Radar,8,7,23,2,40,0,2,89,0,91,8,9,112,2,131,28,0,28,159
12/28/2011,STS,CA,AWP,WE,Towers with Radar,8,8,16,2,34,0,4,103,0,107,8,12,119,2,141,60,0,60,201
12/29/2011,STS,CA,AWP,WE,Towers with Radar,14,16,29,0,59,0,1,2,0,3,14,17,31,0,62,4,0,4,66
12/30/2011,STS,CA,AWP,WE,Towers with Radar,8,5,30,0,43,0,5,19,0,24,8,10,49,0,67,0,0,0,67
12/31/2011,STS,CA,AWP,WE,Towers with Radar,8,5,7,0,20,0,0,162,0,162,8,5,169,0,182,72,0,72,254
01/01/2012,STS,CA,AWP,WE,Towers with Radar,6,2,4,0,12,0,0,118,0,118,6,2,122,0,130,50,0,50,180
01/02/2012,STS,CA,AWP,WE,Towers with Radar,8,4,50,0,62,0,4,28,0,32,8,8,78,0,94,44,0,44,138
01/03/2012,STS,CA,AWP,WE,Towers with Radar,8,3,17,0,28,0,10,82,0,92,8,13,99,0,120,80,0,80,200
01/04/2012,STS,CA,AWP,WE,Towers with Radar,6,7,6,0,19,0,7,110,0,117,6,14,116,0,136,88,0,88,224
01/05/2012,STS,CA,AWP,WE,Towers with Radar,8,7,11,7,33,0,6,74,0,80,8,13,85,7,113,60,12,72,185
01/06/2012,STS,CA,AWP,WE,Towers with Radar,8,2,11,2,23,0,10,129,0,139,8,12,140,2,162,48,0,48,210
01/07/2012,STS,CA,AWP,WE,Towers with Radar,4,0,7,0,11,0,0,151,0,151,4,0,158,0,162,78,0,78,240
01/08/2012,STS,CA,AWP,WE,Towers with Radar,8,9,17,0,34,0,4,198,0,202,8,13,215,0,236,28,0,28,264
01/09/2012,STS,CA,AWP,WE,Towers with Radar,8,5,12,0,25,0,6,98,0,104,8,11,110,0,129,62,0,62,191
01/10/2012,STS,CA,AWP,WE,Towers with Radar,9,10,15,0,34,0,2,89,0,91,9,12,104,0,125,102,0,102,227
01/11/2012,STS,CA,AWP,WE,Towers with Radar,6,8,16,0,30,0,7,106,0,113,6,15,122,0,143,52,0,52,195
01/12/2012,STS,CA,AWP,WE,Towers with Radar,8,7,15,0,30,0,7,106,0,113,8,14,121,0,143,36,0,36,179
01/13/2012,STS,CA,AWP,WE,Towers with Radar,8,7,13,0,28,0,5,138,0,143,8,12,151,0,171,48,0,48,219
01/14/2012,STS,CA,AWP,WE,Towers with Radar,4,1,14,0,19,0,8,141,0,149,4,9,155,0,168,76,0,76,244
01/15/2012,STS,CA,AWP,WE,Towers with Radar,7,0,16,0,23,0,1,95,1,97,7,1,111,1,120,34,0,34,154
01/16/2012,STS,CA,AWP,WE,Towers with Radar,8,11,11,0,30,0,5,137,0,142,8,16,148,0,172,126,0,126,298
01/17/2012,STS,CA,AWP,WE,Towers with Radar,8,4,8,0,20,0,4,112,6,122,8,8,120,6,142,62,0,62,204
01/18/2012,STS,CA,AWP,WE,Towers with Radar,6,10,27,0,43,1,5,48,0,54,7,15,75,0,97,92,0,92,189
01/19/2012,STS,CA,AWP,WE,Towers with Radar,7,9,26,0,42,0,0,0,0,0,7,9,26,0,42,0,0,0,42
01/20/2012,STS,CA,AWP,WE,Towers with Radar,8,11,22,4,45,0,0,0,0,0,8,11,22,4,45,0,0,0,45
01/21/2012,STS,CA,AWP,WE,Towers with Radar,4,5,12,0,21,0,2,46,1,49,4,7,58,1,70,60,0,60,130
01/22/2012,STS,CA,AWP,WE,Towers with Radar,8,3,20,0,31,0,0,4,0,4,8,3,24,0,35,4,0,4,39
01/23/2012,STS,CA,AWP,WE,Towers with Radar,8,9,30,0,47,0,6,29,0,35,8,15,59,0,82,26,0,26,108
01/24/2012,STS,CA,AWP,WE,Towers with Radar,8,13,20,0,41,0,3,83,0,86,8,16,103,0,127,22,0,22,149
01/25/2012,STS,CA,AWP,WE,Towers with Radar,6,8,21,0,35,0,9,66,0,75,6,17,87,0,110,62,0,62,172
01/26/2012,STS,CA,AWP,WE,Towers with Radar,8,6,47,0,61,0,8,27,0,35,8,14,74,0,96,78,0,78,174
01/27/2012,STS,CA,AWP,WE,Towers with Radar,8,8,10,0,26,0,0,152,0,152,8,8,162,0,178,98,0,98,276
01/28/2012,STS,CA,AWP,WE,Towers with Radar,2,2,13,0,17,0,2,189,0,191,2,4,202,0,208,128,0,128,336
01/29/2012,STS,CA,AWP,WE,Towers with Radar,8,5,13,0,26,0,2,134,0,136,8,7,147,0,162,70,0,70,232
01/30/2012,STS,CA,AWP,WE,Towers with Radar,7,3,13,0,23,0,11,83,0,94,7,14,96,0,117,68,0,68,185
01/31/2012,STS,CA,AWP,WE,Towers with Radar,8,5,28,0,41,0,7,68,0,75,8,12,96,0,116,60,0,60,176
02/01/2012,STS,CA,AWP,WE,Towers with Radar,6,17,30,0,53,0,8,58,2,68,6,25,88,2,121,70,0,70,191
02/02/2012,STS,CA,AWP,WE,Towers with Radar,8,12,14,0,34,0,9,133,2,144,8,21,147,2,178,132,0,132,310
02/03/2012,STS,CA,AWP,WE,Towers with Radar,8,10,13,0,31,0,5,157,0,162,8,15,170,0,193,56,0,56,249
02/04/2012,STS,CA,AWP,WE,Towers with Radar,4,5,7,2,18,0,4,196,0,200,4,9,203,2,218,80,0,80,298
02/05/2012,STS,CA,AWP,WE,Towers with Radar,9,9,6,0,24,0,3,139,0,142,9,12,145,0,166,82,0,82,248
02/06/2012,STS,CA,AWP,WE,Towers with Radar,8,8,9,0,25,0,9,85,0,94,8,17,94,0,119,42,0,42,161
02/07/2012,STS,CA,AWP,WE,Towers with Radar,8,13,19,0,40,0,1,12,0,13,8,14,31,0,53,16,0,16,69
02/08/2012,STS,CA,AWP,WE,Towers with Radar,6,8,21,0,35,0,10,114,0,124,6,18,135,0,159,74,0,74,233
02/09/2012,STS,CA,AWP,WE,Towers with Radar,8,12,14,0,34,0,11,165,0,176,8,23,179,0,210,122,0,122,332
02/10/2012,STS,CA,AWP,WE,Towers with Radar,8,11,38,0,57,0,1,4,0,5,8,12,42,0,62,0,0,0,62
02/11/2012,STS,CA,AWP,WE,Towers with Radar,4,7,27,0,38,0,3,85,0,88,4,10,112,0,126,76,0,76,202
02/12/2012,STS,CA,AWP,WE,Towers with Radar,8,3,19,0,30,0,0,102,0,102,8,3,121,0,132,54,0,54,186
02/13/2012,STS,CA,AWP,WE,Towers with Radar,8,5,21,0,34,0,7,23,0,30,8,12,44,0,64,6,0,6,70
02/14/2012,STS,CA,AWP,WE,Towers with Radar,8,8,13,0,29,0,4,88,4,96,8,12,101,4,125,32,0,32,157
02/15/2012,STS,CA,AWP,WE,Towers with Radar,6,6,18,0,30,0,4,97,0,101,6,10,115,0,131,104,0,104,235
02/16/2012,STS,CA,AWP,WE,Towers with Radar,8,8,13,0,29,0,3,136,4,143,8,11,149,4,172,74,0,74,246
02/17/2012,STS,CA,AWP,WE,Towers with Radar,8,9,25,0,42,0,7,146,0,153,8,16,171,0,195,76,0,76,271
02/18/2012,STS,CA,AWP,WE,Towers with Radar,4,3,18,0,25,0,3,96,0,99,4,6,114,0,124,34,0,34,158
02/19/2012,STS,CA,AWP,WE,Towers with Radar,8,6,10,0,24,0,1,105,1,107,8,7,115,1,131,34,0,34,165
02/20/2012,STS,CA,AWP,WE,Towers with Radar,8,5,29,0,42,0,4,54,0,58,8,9,83,0,100,24,0,24,124
02/21/2012,STS,CA,AWP,WE,Towers with Radar,8,7,13,0,28,0,4,79,0,83,8,11,92,0,111,102,0,102,213
02/22/2012,STS,CA,AWP,WE,Towers with Radar,6,8,20,0,34,0,7,98,0,105,6,15,118,0,139,122,0,122,261
02/23/2012,STS,CA,AWP,WE,Towers with Radar,8,9,9,2,28,0,6,106,0,112,8,15,115,2,140,108,0,108,248
02/24/2012,STS,CA,AWP,WE,Towers with Radar,8,12,12,0,32,0,10,190,0,200,8,22,202,0,232,80,0,80,312
02/25/2012,STS,CA,AWP,WE,Towers with Radar,4,5,8,0,17,0,2,83,0,85,4,7,91,0,102,52,0,52,154
02/26/2012,STS,CA,AWP,WE,Towers with Radar,7,6,13,0,26,0,8,134,0,142,7,14,147,0,168,116,0,116,284
02/27/2012,STS,CA,AWP,WE,Towers with Radar,7,6,22,2,37,0,4,107,3,114,7,10,129,5,151,56,0,56,207
02/28/2012,STS,CA,AWP,WE,Towers with Radar,8,9,18,0,35,0,8,70,2,80,8,17,88,2,115,126,0,126,241
02/29/2012,STS,CA,AWP,WE,Towers with Radar,6,9,20,0,35,0,2,28,0,30,6,11,48,0,65,6,0,6,71
03/01/2012,STS,CA,AWP,WE,Towers with Radar,7,9,8,0,24,0,3,14,0,17,7,12,22,0,41,94,0,94,135
03/02/2012,STS,CA,AWP,WE,Towers with Radar,8,5,24,0,37,0,7,133,0,140,8,12,157,0,177,110,0,110,287
03/03/2012,STS,CA,AWP,WE,Towers with Radar,4,2,6,0,12,0,2,200,0,202,4,4,206,0,214,96,0,96,310
03/04/2012,STS,CA,AWP,WE,Towers with Radar,8,4,15,0,27,0,6,141,0,147,8,10,156,0,174,48,0,48,222
03/05/2012,STS,CA,AWP,WE,Towers with Radar,8,6,17,1,32,0,7,99,1,107,8,13,116,2,139,110,0,110,249
03/06/2012,STS,CA,AWP,WE,Towers with Radar,8,9,5,1,23,0,1,28,5,34,8,10,33,6,57,28,0,28,85
03/07/2012,STS,CA,AWP,WE,Towers with Radar,6,12,7,0,25,0,5,100,2,107,6,17,107,2,132,90,0,90,222
03/08/2012,STS,CA,AWP,WE,Towers with Radar,8,6,20,0,34,0,11,137,2,150,8,17,157,2,184,90,0,90,274
03/09/2012,STS,CA,AWP,WE,Towers with Radar,9,6,20,0,35,0,11,139,0,150,9,17,159,0,185,46,0,46,231
03/10/2012,STS,CA,AWP,WE,Towers with Radar,4,7,20,0,31,0,6,109,0,115,4,13,129,0,146,124,0,124,270
03/11/2012,STS,CA,AWP,WE,Towers with Radar,10,2,26,0,38,0,3,38,0,41,10,5,64,0,79,6,0,6,85
03/12/2012,STS,CA,AWP,WE,Towers with Radar,9,13,17,6,45,0,1,56,0,57,9,14,73,6,102,24,0,24,126
03/13/2012,STS,CA,AWP,WE,Towers with Radar,6,9,21,0,36,0,0,0,0,0,6,9,21,0,36,0,0,0,36
03/14/2012,STS,CA,AWP,WE,Towers with Radar,8,10,24,2,44,0,1,5,0,6,8,11,29,2,50,6,0,6,56
03/15/2012,STS,CA,AWP,WE,Towers with Radar,8,13,42,0,63,0,1,5,0,6,8,14,47,0,69,0,0,0,69
03/16/2012,STS,CA,AWP,WE,Towers with Radar,8,11,14,4,37,0,0,0,0,0,8,11,14,4,37,0,0,0,37
03/17/2012,STS,CA,AWP,WE,Towers with Radar,8,7,8,1,24,0,7,40,0,47,8,14,48,1,71,54,0,54,125
03/18/2012,STS,CA,AWP,WE,Towers with Radar,8,3,6,0,17,0,4,32,0,36,8,7,38,0,53,4,0,4,57
03/19/2012,STS,CA,AWP,WE,Towers with Radar,6,9,7,0,22,0,6,75,0,81,6,15,82,0,103,54,0,54,157
03/20/2012,STS,CA,AWP,WE,Towers with Radar,6,9,23,0,38,0,7,31,0,38,6,16,54,0,76,98,0,98,174
03/21/2012,STS,CA,AWP,WE,Towers with Radar,8,7,24,0,39,0,8,77,0,85,8,15,101,0,124,108,0,108,232
03/22/2012,STS,CA,AWP,WE,Towers with Radar,8,14,24,0,46,0,9,80,0,89,8,23,104,0,135,50,0,50,185
03/23/2012,STS,CA,AWP,WE,Towers with Radar,8,6,16,0,30,0,9,106,0,115,8,15,122,0,145,76,0,76,221
03/24/2012,STS,CA,AWP,WE,Towers with Radar,8,2,12,0,22,0,0,1,0,1,8,2,13,0,23,0,0,0,23
03/25/2012,STS,CA,AWP,WE,Towers with Radar,8,8,15,4,35,0,0,35,0,35,8,8,50,4,70,16,0,16,86
03/26/2012,STS,CA,AWP,WE,Towers with Radar,8,13,21,0,42,0,7,80,1,88,8,20,101,1,130,100,0,100,230
03/27/2012,STS,CA,AWP,WE,Towers with Radar,6,9,15,0,30,0,0,0,0,0,6,9,15,0,30,0,0,0,30
03/28/2012,STS,CA,AWP,WE,Towers with Radar,8,6,15,0,29,0,4,61,0,65,8,10,76,0,94,38,0,38,132
03/29/2012,STS,CA,AWP,WE,Towers with Radar,8,12,46,2,68,0,2,21,0,23,8,14,67,2,91,38,0,38,129
03/30/2012,STS,CA,AWP,WE,Towers with Radar,8,14,37,0,59,0,0,4,0,4,8,14,41,0,63,0,0,0,63
03/31/2012,STS,CA,AWP,WE,Towers with Radar,8,5,6,0,19,0,0,6,0,6,8,5,12,0,25,0,0,0,25
04/01/2012,STS,CA,AWP,WE,Towers with Radar,8,5,12,0,25,0,0,123,1,124,8,5,135,1,149,156,0,156,305
04/02/2012,STS,CA,AWP,WE,Towers with Radar,8,8,13,0,29,0,2,138,0,140,8,10,151,0,169,144,0,144,313
04/03/2012,STS,CA,AWP,WE,Towers with Radar,6,7,7,0,20,0,5,81,0,86,6,12,88,0,106,66,0,66,172
04/04/2012,STS,CA,AWP,WE,Towers with Radar,8,11,14,0,33,0,3,83,0,86,8,14,97,0,119,90,0,90,209
04/05/2012,STS,CA,AWP,WE,Towers with Radar,8,10,16,0,34,0,5,118,0,123,8,15,134,0,157,56,0,56,213
04/06/2012,STS,CA,AWP,WE,Towers with Radar,8,8,20,0,36,0,6,206,0,212,8,14,226,0,248,132,0,132,380
04/07/2012,STS,CA,AWP,WE,Towers with Radar,8,2,8,0,18,0,7,166,0,173,8,9,174,0,191,68,0,68,259
04/08/2012,STS,CA,AWP,WE,Towers with Radar,8,3,13,0,24,0,5,98,0,103,8,8,111,0,127,58,0,58,185
04/09/2012,STS,CA,AWP,WE,Towers with Radar,8,9,31,0,48,0,0,121,0,121,8,9,152,0,169,116,0,116,285
04/10/2012,STS,CA,AWP,WE,Towers with Radar,6,11,18,0,35,0,0,0,0,0,6,11,18,0,35,10,0,10,45
04/11/2012,STS,CA,AWP,WE,Towers with Radar,8,9,17,0,34,0,2,18,0,20,8,11,35,0,54,36,0,36,90
04/12/2012,STS,CA,AWP,WE,Towers with Radar,8,7,21,0,36,0,2,29,0,31,8,9,50,0,67,46,0,46,113
04/13/2012,STS,CA,AWP,WE,Towers with Radar,8,8,8,1,25,0,1,29,20,50,8,9,37,21,75,0,0,0,75
04/14/2012,STS,CA,AWP,WE,Towers with Radar,8,2,16,0,26,0,1,174,0,175,8,3,190,0,201,118,0,118,319
04/15/2012,STS,CA,AWP,WE,Towers with Radar,8,7,24,0,39,0,6,119,1,126,8,13,143,1,165,44,0,44,209
04/16/2012,STS,CA,AWP,WE,Towers with Radar,8,10,19,0,37,0,6,97,0,103,8,16,116,0,140,92,0,92,232
04/17/2012,STS,CA,AWP,WE,Towers with Radar,8,13,19,0,40,0,5,58,0,63,8,18,77,0,103,40,0,40,143
04/18/2012,STS,CA,AWP,WE,Towers with Radar,8,5,11,0,24,0,5,93,0,98,8,10,104,0,122,86,0,86,208
04/19/2012,STS,CA,AWP,WE,Towers with Radar,8,9,20,0,37,0,3,138,0,141,8,12,158,0,178,108,0,108,286
04/20/2012,STS,CA,AWP,WE,Towers with Radar,8,5,12,1,26,0,11,159,7,177,8,16,171,8,203,150,0,150,353
04/21/2012,STS,CA,AWP,WE,Towers with Radar,8,3,10,0,21,0,0,164,0,164,8,3,174,0,185,134,0,134,319
04/22/2012,STS,CA,AWP,WE,Towers with Radar,8,2,20,0,30,0,3,151,2,156,8,5,171,2,186,106,0,106,292
04/23/2012,STS,CA,AWP,WE,Towers with Radar,8,16,37,0,61,0,4,31,0,35,8,20,68,0,96,18,0,18,114
04/24/2012,STS,CA,AWP,WE,Towers with Radar,6,6,21,2,35,0,8,33,0,41,6,14,54,2,76,62,0,62,138
04/25/2012,STS,CA,AWP,WE,Towers with Radar,8,13,17,0,38,0,13,53,3,69,8,26,70,3,107,48,0,48,155
04/26/2012,STS,CA,AWP,WE,Towers with Radar,8,15,19,2,44,0,0,26,0,26,8,15,45,2,70,54,0,54,124
04/27/2012,STS,CA,AWP,WE,Towers with Radar,8,8,18,2,36,0,10,172,0,182,8,18,190,2,218,102,0,102,320
04/28/2012,STS,CA,AWP,WE,Towers with Radar,8,0,10,0,18,0,1,194,0,195,8,1,204,0,213,132,0,132,345
04/29/2012,STS,CA,AWP,WE,Towers with Radar,8,8,17,0,33,0,0,188,0,188,8,8,205,0,221,176,0,176,397
04/30/2012,STS,CA,AWP,WE,Towers with Radar,7,13,17,0,37,0,17,117,0,134,7,30,134,0,171,78,0,78,249
05/01/2012,STS,CA,AWP,WE,Towers with Radar,7,8,21,2,38,0,6,125,0,131,7,14,146,2,169,56,0,56,225
05/02/2012,STS,CA,AWP,WE,Towers with Radar,8,5,13,0,26,0,5,102,0,107,8,10,115,0,133,100,0,100,233
05/03/2012,STS,CA,AWP,WE,Towers with Radar,8,21,54,0,83,0,0,15,0,15,8,21,69,0,98,0,0,0,98
05/04/2012,STS,CA,AWP,WE,Towers with Radar,8,10,18,0,36,0,15,95,0,110,8,25,113,0,146,60,0,60,206
05/05/2012,STS,CA,AWP,WE,Towers with Radar,8,3,22,0,33,0,3,151,0,154,8,6,173,0,187,64,0,64,251
05/06/2012,STS,CA,AWP,WE,Towers with Radar,8,5,17,0,30,0,2,137,0,139,8,7,154,0,169,76,0,76,245
05/07/2012,STS,CA,AWP,WE,Towers with Radar,8,7,11,0,26,0,11,136,0,147,8,18,147,0,173,146,0,146,319
05/08/2012,STS,CA,AWP,WE,Towers with Radar,6,8,13,0,27,0,7,104,0,111,6,15,117,0,138,112,0,112,250
05/09/2012,STS,CA,AWP,WE,Towers with Radar,9,7,18,0,34,0,13,99,0,112,9,20,117,0,146,118,0,118,264
05/10/2012,STS,CA,AWP,WE,Towers with Radar,8,15,22,0,45,0,18,113,0,131,8,33,135,0,176,94,0,94,270
05/11/2012,STS,CA,AWP,WE,Towers with Radar,8,17,27,0,52,0,6,169,0,175,8,23,196,0,227,170,0,170,397
05/12/2012,STS,CA,AWP,WE,Towers with Radar,8,1,17,0,26,0,4,149,0,153,8,5,166,0,179,70,0,70,249
05/13/2012,STS,CA,AWP,WE,Towers with Radar,8,9,32,0,49,0,3,83,0,86,8,12,115,0,135,70,0,70,205
05/14/2012,STS,CA,AWP,WE,Towers with Radar,8,5,13,0,26,0,3,78,0,81,8,8,91,0,107,82,0,82,189
05/15/2012,STS,CA,AWP,WE,Towers with Radar,7,7,20,4,38,0,0,98,0,98,7,7,118,4,136,220,0,220,356
05/16/2012,STS,CA,AWP,WE,Towers with Radar,8,11,28,0,47,0,5,78,0,83,8,16,106,0,130,96,0,96,226
05/17/2012,STS,CA,AWP,WE,Towers with Radar,8,10,21,0,39,0,10,83,0,93,8,20,104,0,132,106,0,106,238
05/18/2012,STS,CA,AWP,WE,Towers with Radar,8,6,14,2,30,0,14,137,0,151,8,20,151,2,181,74,0,74,255
05/19/2012,STS,CA,AWP,WE,Towers with Radar,8,8,6,1,23,0,4,174,0,178,8,12,180,1,201,82,0,82,283
05/20/2012,STS,CA,AWP,WE,Towers with Radar,8,11,19,3,41,0,4,160,0,164,8,15,179,3,205,86,0,86,291
05/21/2012,STS,CA,AWP,WE,Towers with Radar,8,5,16,0,29,0,7,99,0,106,8,12,115,0,135,64,0,64,199
05/22/2012,STS,CA,AWP,WE,Towers with Radar,7,11,14,0,32,0,7,69,0,76,7,18,83,0,108,90,0,90,198
05/23/2012,STS,CA,AWP,WE,Towers with Radar,8,9,15,0,32,0,13,79,0,92,8,22,94,0,124,24,0,24,148
05/24/2012,STS,CA,AWP,WE,Towers with Radar,8,14,9,0,31,0,11,91,0,102,8,25,100,0,133,94,0,94,227
05/25/2012,STS,CA,AWP,WE,Towers with Radar,8,5,15,0,28,0,2,82,0,84,8,7,97,0,112,90,0,90,202
05/26/2012,STS,CA,AWP,WE,Towers with Radar,8,5,14,0,27,0,7,145,0,152,8,12,159,0,179,130,0,130,309
05/27/2012,STS,CA,AWP,WE,Towers with Radar,8,1,12,0,21,0,3,77,0,80,8,4,89,0,101,82,0,82,183
05/28/2012,STS,CA,AWP,WE,Towers with Radar,8,6,16,0,30,0,7,140,1,148,8,13,156,1,178,124,0,124,302
05/29/2012,STS,CA,AWP,WE,Towers with Radar,6,7,16,0,29,0,7,87,0,94,6,14,103,0,123,106,0,106,229
05/30/2012,STS,CA,AWP,WE,Towers with Radar,8,8,13,0,29,0,5,154,0,159,8,13,167,0,188,62,0,62,250
05/31/2012,STS,CA,AWP,WE,Towers with Radar,8,15,23,0,46,0,7,179,0,186,8,22,202,0,232,104,0,104,336
06/01/2012,STS,CA,AWP,WE,Towers with Radar,8,8,17,0,33,0,7,146,2,155,8,15,163,2,188,84,0,84,272
06/02/2012,STS,CA,AWP,WE,Towers with Radar,7,3,16,0,26,0,5,102,0,107,7,8,118,0,133,70,0,70,203
06/03/2012,STS,CA,AWP,WE,Towers with Radar,0,6,19,26,51,0,5,149,0,154,0,11,168,26,205,90,0,90,295
06/04/2012,STS,CA,AWP,WE,Towers with Radar,10,12,36,0,58,0,1,7,0,8,10,13,43,0,66,2,0,2,68
06/05/2012,STS,CA,AWP,WE,Towers with Radar,8,13,9,0,30,0,7,125,0,132,8,20,134,0,162,102,0,102,264
06/06/2012,STS,CA,AWP,WE,Towers with Radar,8,14,12,6,40,0,3,133,0,136,8,17,145,6,176,120,0,120,296
06/07/2012,STS,CA,AWP,WE,Towers with Radar,10,8,19,0,37,0,3,115,0,118,10,11,134,0,155,40,0,40,195
06/08/2012,STS,CA,AWP,WE,Towers with Radar,10,8,16,0,34,0,1,151,0,152,10,9,167,0,186,24,0,24,210
06/09/2012,STS,CA,AWP,WE,Towers with Radar,8,4,10,0,22,0,11,153,1,165,8,15,163,1,187,14,0,14,201
06/10/2012,STS,CA,AWP,WE,Towers with Radar,10,2,17,0,29,0,4,139,0,143,10,6,156,0,172,78,0,78,250
06/11/2012,STS,CA,AWP,WE,Towers with Radar,10,7,14,0,31,0,8,122,0,130,10,15,136,0,161,108,0,108,269
06/12/2012,STS,CA,AWP,WE,Towers with Radar,8,6,20,0,34,0,4,110,0,114,8,10,130,0,148,96,0,96,244
06/13/2012,STS,CA,AWP,WE,Towers with Radar,8,8,16,0,32,0,3,132,2,137,8,11,148,2,169,160,0,160,329
06/14/2012,STS,CA,AWP,WE,Towers with Radar,10,10,13,0,33,0,5,126,0,131,10,15,139,0,164,80,0,80,244
06/15/2012,STS,CA,AWP,WE,Towers with Radar,10,9,24,0,43,0,0,148,0,148,10,9,172,0,191,86,0,86,277
06/16/2012,STS,CA,AWP,WE,Towers with Radar,8,5,13,0,26,0,6,174,0,180,8,11,187,0,206,48,0,48,254
06/17/2012,STS,CA,AWP,WE,Towers with Radar,10,12,15,0,37,0,5,145,0,150,10,17,160,0,187,40,0,40,227
06/18/2012,STS,CA,AWP,WE,Towers with Radar,10,13,17,0,40,0,7,108,0,115,10,20,125,0,155,74,0,74,229
06/19/2012,STS,CA,AWP,WE,Towers with Radar,8,13,10,2,33,0,3,126,0,129,8,16,136,2,162,116,0,116,278
06/20/2012,STS,CA,AWP,WE,Towers with Radar,8,12,18,0,38,1,7,135,1,144,9,19,153,1,182,102,0,102,284
06/21/2012,STS,CA,AWP,WE,Towers with Radar,10,9,30,0,49,0,7,117,0,124,10,16,147,0,173,78,0,78,251
06/22/2012,STS,CA,AWP,WE,Towers with Radar,10,11,66,0,87,0,10,47,0,57,10,21,113,0,144,112,0,112,256
06/23/2012,STS,CA,AWP,WE,Towers with Radar,8,4,14,0,26,0,6,185,0,191,8,10,199,0,217,52,0,52,269
06/24/2012,STS,CA,AWP,WE,Towers with Radar,10,4,9,0,23,0,2,159,0,161,10,6,168,0,184,78,0,78,262
06/25/2012,STS,CA,AWP,WE,Towers with Radar,9,12,20,0,41,0,7,105,0,112,9,19,125,0,153,90,0,90,243
06/26/2012,STS,CA,AWP,WE,Towers with Radar,8,6,6,0,20,0,10,164,0,174,8,16,170,0,194,70,0,70,264
06/27/2012,STS,CA,AWP,WE,Towers with Radar,8,7,12,2,29,0,8,137,0,145,8,15,149,2,174,70,0,70,244
06/28/2012,STS,CA,AWP,WE,Towers with Radar,10,13,15,0,38,0,5,132,0,137,10,18,147,0,175,70,0,70,245
06/29/2012,STS,CA,AWP,WE,Towers with Radar,10,10,16,0,36,0,10,143,0,153,10,20,159,0,189,60,0,60,249
06/30/2012,STS,CA,AWP,WE,Towers with Radar,8,4,16,0,28,0,3,174,0,177,8,7,190,0,205,88,0,88,293
07/01/2012,STS,CA,AWP,WE,Towers with Radar,10,8,19,0,37,0,5,89,0,94,10,13,108,0,131,56,0,56,187
07/02/2012,STS,CA,AWP,WE,Towers with Radar,10,4,14,0,28,0,5,96,0,101,10,9,110,0,129,104,0,104,233
07/03/2012,STS,CA,AWP,WE,Towers with Radar,9,8,8,0,25,0,4,140,0,144,9,12,148,0,169,100,0,100,269
07/04/2012,STS,CA,AWP,WE,Towers with Radar,8,5,8,0,21,0,2,156,0,158,8,7,164,0,179,106,0,106,285
07/05/2012,STS,CA,AWP,WE,Towers with Radar,10,11,19,2,42,0,3,117,0,120,10,14,136,2,162,82,0,82,244
07/06/2012,STS,CA,AWP,WE,Towers with Radar,10,7,20,0,37,0,8,171,0,179,10,15,191,0,216,122,0,122,338
07/07/2012,STS,CA,AWP,WE,Towers with Radar,8,10,15,0,33,0,0,194,1,195,8,10,209,1,228,110,0,110,338
07/08/2012,STS,CA,AWP,WE,Towers with Radar,10,18,20,0,48,0,4,161,0,165,10,22,181,0,213,79,0,79,292
07/09/2012,STS,CA,AWP,WE,Towers with Radar,8,10,28,0,46,0,8,119,0,127,8,18,147,0,173,58,0,58,231
07/10/2012,STS,CA,AWP,WE,Towers with Radar,8,9,20,0,37,0,5,165,0,170,8,14,185,0,207,102,0,102,309
07/11/2012,STS,CA,AWP,WE,Towers with Radar,8,11,17,0,36,0,6,142,0,148,8,17,159,0,184,74,0,74,258
07/12/2012,STS,CA,AWP,WE,Towers with Radar,10,17,32,0,59,0,2,137,0,139,10,19,169,0,198,54,0,54,252
07/13/2012,STS,CA,AWP,WE,Towers with Radar,10,13,26,0,49,0,2,128,0,130,10,15,154,0,179,108,0,108,287
07/14/2012,STS,CA,AWP,WE,Towers with Radar,8,12,34,0,54,0,6,139,0,145,8,18,173,0,199,106,0,106,305
07/15/2012,STS,CA,AWP,WE,Towers with Radar,10,21,43,0,74,0,3,162,0,165,10,24,205,0,239,90,0,90,329
07/16/2012,STS,CA,AWP,WE,Towers with Radar,12,9,30,0,51,0,2,87,0,89,12,11,117,0,140,100,0,100,240
07/17/2012,STS,CA,AWP,WE,Towers with Radar,8,4,35,4,51,0,2,40,0,42,8,6,75,4,93,122,0,122,215
07/18/2012,STS,CA,AWP,WE,Towers with Radar,9,16,41,0,66,1,0,105,1,107,10,16,146,1,173,72,0,72,245
07/19/2012,STS,CA,AWP,WE,Towers with Radar,11,38,80,0,129,0,8,152,0,160,11,46,232,0,289,24,0,24,313
07/20/2012,STS,CA,AWP,WE,Towers with Radar,10,17,30,0,57,0,3,151,0,154,10,20,181,0,211,100,0,100,311
07/21/2012,STS,CA,AWP,WE,Towers with Radar,8,13,15,0,36,0,2,236,0,238,8,15,251,0,274,74,0,74,348
07/22/2012,STS,CA,AWP,WE,Towers with Radar,10,35,52,0,97,0,1,229,0,230,10,36,281,0,327,84,0,84,411
07/23/2012,STS,CA,AWP,WE,Towers with Radar,10,17,30,2,59,0,4,101,0,105,10,21,131,2,164,80,0,80,244
07/24/2012,STS,CA,AWP,WE,Towers with Radar,8,13,30,0,51,0,10,77,0,87,8,23,107,0,138,40,0,40,178
07/25/2012,STS,CA,AWP,WE,Towers with Radar,8,16,22,0,46,0,8,135,0,143,8,24,157,0,189,78,0,78,267
07/26/2012,STS,CA,AWP,WE,Towers with Radar,11,17,57,0,85,0,8,136,0,144,11,25,193,0,229,76,0,76,305
07/27/2012,STS,CA,AWP,WE,Towers with Radar,10,17,39,0,66,0,10,118,0,128,10,27,157,0,194,64,0,64,258
07/28/2012,STS,CA,AWP,WE,Towers with Radar,8,6,18,0,32,0,0,131,0,131,8,6,149,0,163,102,0,102,265
07/29/2012,STS,CA,AWP,WE,Towers with Radar,9,22,55,0,86,0,4,134,4,142,9,26,189,4,228,36,0,36,264
07/30/2012,STS,CA,AWP,WE,Towers with Radar,10,8,13,0,31,0,4,134,0,138,10,12,147,0,169,96,0,96,265
07/31/2012,STS,CA,AWP,WE,Towers with Radar,8,9,15,0,32,0,3,161,0,164,8,12,176,0,196,130,0,130,326
08/01/2012,STS,CA,AWP,WE,Towers with Radar,8,9,8,5,30,0,10,146,0,156,8,19,154,5,186,100,0,100,286
08/02/2012,STS,CA,AWP,WE,Towers with Radar,10,9,14,0,33,0,7,154,0,161,10,16,168,0,194,70,0,70,264
08/03/2012,STS,CA,AWP,WE,Towers with Radar,10,8,21,2,41,0,4,149,0,153,10,12,170,2,194,128,0,128,322
08/04/2012,STS,CA,AWP,WE,Towers with Radar,8,5,13,0,26,0,0,103,0,103,8,5,116,0,129,84,0,84,213
08/05/2012,STS,CA,AWP,WE,Towers with Radar,10,5,24,0,39,0,4,117,0,121,10,9,141,0,160,56,0,56,216
08/06/2012,STS,CA,AWP,WE,Towers with Radar,10,14,24,0,48,0,2,101,0,103,10,16,125,0,151,30,0,30,181
08/07/2012,STS,CA,AWP,WE,Towers with Radar,8,7,16,0,31,0,4,122,0,126,8,11,138,0,157,118,0,118,275
08/08/2012,STS,CA,AWP,WE,Towers with Radar,8,12,13,0,33,0,6,125,1,132,8,18,138,1,165,104,0,104,269
08/09/2012,STS,CA,AWP,WE,Towers with Radar,10,10,14,2,36,0,1,142,0,143,10,11,156,2,179,120,0,120,299
08/10/2012,STS,CA,AWP,WE,Towers with Radar,10,8,19,0,37,0,8,156,0,164,10,16,175,0,201,114,0,114,315
08/11/2012,STS,CA,AWP,WE,Towers with Radar,8,3,18,0,29,0,6,162,0,168,8,9,180,0,197,106,0,106,303
08/12/2012,STS,CA,AWP,WE,Towers with Radar,10,14,14,0,38,0,9,177,3,189,10,23,191,3,227,60,0,60,287
08/13/2012,STS,CA,AWP,WE,Towers with Radar,10,3,14,0,27,0,10,137,0,147,10,13,151,0,174,78,0,78,252
08/14/2012,STS,CA,AWP,WE,Towers with Radar,8,4,15,2,29,0,6,167,3,176,8,10,182,5,205,118,0,118,323
08/15/2012,STS,CA,AWP,WE,Towers with Radar,8,11,13,3,35,0,5,130,1,136,8,16,143,4,171,84,0,84,255
08/16/2012,STS,CA,AWP,WE,Towers with Radar,11,12,23,6,52,0,6,130,14,150,11,18,153,20,202,46,0,46,248
08/17/2012,STS,CA,AWP,WE,Towers with Radar,10,8,38,0,56,0,4,147,8,159,10,12,185,8,215,44,0,44,259
08/18/2012,STS,CA,AWP,WE,Towers with Radar,8,5,2,0,15,0,1,62,0,63,8,6,64,0,78,30,0,30,108
08/19/2012,STS,CA,AWP,WE,Towers with Radar,10,6,14,0,30,0,1,71,9,81,10,7,85,9,111,0,0,0,111
08/20/2012,STS,CA,AWP,WE,Towers with Radar,10,4,20,4,38,0,10,145,17,172,10,14,165,21,210,62,0,62,272
08/21/2012,STS,CA,AWP,WE,Towers with Radar,8,8,19,0,35,0,4,149,1,154,8,12,168,1,189,68,0,68,257
08/22/2012,STS,CA,AWP,WE,Towers with Radar,8,8,24,0,40,0,18,92,7,117,8,26,116,7,157,70,0,70,227
08/23/2012,STS,CA,AWP,WE,Towers with Radar,11,7,25,0,43,0,3,129,0,132,11,10,154,0,175,134,0,134,309
08/24/2012,STS,CA,AWP,WE,Towers with Radar,10,11,20,1,42,0,4,126,0,130,10,15,146,1,172,112,0,112,284
08/25/2012,STS,CA,AWP,WE,Towers with Radar,8,5,14,0,27,0,5,97,2,104,8,10,111,2,131,94,0,94,225
08/26/2012,STS,CA,AWP,WE,Towers with Radar,10,6,22,0,38,0,3,118,6,127,10,9,140,6,165,70,0,70,235
08/27/2012,STS,CA,AWP,WE,Towers with Radar,10,6,8,0,24,0,3,134,0,137,10,9,142,0,161,92,0,92,253
08/28/2012,STS,CA,AWP,WE,Towers with Radar,8,8,15,0,31,0,4,123,0,127,8,12,138,0,158,90,0,90,248
08/29/2012,STS,CA,AWP,WE,Towers with Radar,8,8,11,1,28,0,5,119,1,125,8,13,130,2,153,98,0,98,251
08/30/2012,STS,CA,AWP,WE,Towers with Radar,10,10,9,4,33,0,5,172,0,177,10,15,181,4,210,136,0,136,346
08/31/2012,STS,CA,AWP,WE,Towers with Radar,10,12,40,0,62,0,6,99,3,108,10,18,139,3,170,52,0,52,222
09/01/2012,STS,CA,AWP,WE,Towers with Radar,8,6,24,0,38,0,0,102,4,106,8,6,126,4,144,60,0,60,204
09/02/2012,STS,CA,AWP,WE,Towers with Radar,10,1,6,0,17,0,2,126,0,128,10,3,132,0,145,52,0,52,197
09/03/2012,STS,CA,AWP,WE,Towers with Radar,10,12,20,0,42,0,1,210,0,211,10,13,230,0,253,68,0,68,321
09/04/2012,STS,CA,AWP,WE,Towers with Radar,8,13,21,0,42,0,9,183,0,192,8,22,204,0,234,82,0,82,316
09/05/2012,STS,CA,AWP,WE,Towers with Radar,8,12,26,0,46,0,7,148,0,155,8,19,174,0,201,91,0,91,292
09/06/2012,STS,CA,AWP,WE,Towers with Radar,10,4,27,0,41,0,15,102,0,117,10,19,129,0,158,78,0,78,236
09/07/2012,STS,CA,AWP,WE,Towers with Radar,10,4,22,0,36,0,13,197,0,210,10,17,219,0,246,118,0,118,364
09/08/2012,STS,CA,AWP,WE,Towers with Radar,8,5,21,0,34,0,2,148,0,150,8,7,169,0,184,74,0,74,258
09/09/2012,STS,CA,AWP,WE,Towers with Radar,10,3,18,0,31,0,10,172,0,182,10,13,190,0,213,76,0,76,289
09/10/2012,STS,CA,AWP,WE,Towers with Radar,10,11,19,0,40,0,10,120,2,132,10,21,139,2,172,44,0,44,216
09/11/2012,STS,CA,AWP,WE,Towers with Radar,8,9,14,0,31,0,10,120,0,130,8,19,134,0,161,114,0,114,275
09/12/2012,STS,CA,AWP,WE,Towers with Radar,8,9,22,0,39,0,16,133,0,149,8,25,155,0,188,60,0,60,248
09/13/2012,STS,CA,AWP,WE,Towers with Radar,10,7,14,0,31,0,17,144,4,165,10,24,158,4,196,94,0,94,290
09/14/2012,STS,CA,AWP,WE,Towers with Radar,10,9,31,0,50,0,2,116,1,119,10,11,147,1,169,62,0,62,231
09/15/2012,STS,CA,AWP,WE,Towers with Radar,8,3,15,0,26,0,2,101,0,103,8,5,116,0,129,2,0,2,131
09/16/2012,STS,CA,AWP,WE,Towers with Radar,10,8,26,0,44,0,0,99,0,99,10,8,125,0,143,46,0,46,189
09/17/2012,STS,CA,AWP,WE,Towers with Radar,10,14,17,0,41,0,6,80,1,87,10,20,97,1,128,50,0,50,178
09/18/2012,STS,CA,AWP,WE,Towers with Radar,8,11,24,0,43,0,5,110,1,116,8,16,134,1,159,70,0,70,229
09/19/2012,STS,CA,AWP,WE,Towers with Radar,8,9,23,0,40,0,4,80,0,84,8,13,103,0,124,42,0,42,166
09/20/2012,STS,CA,AWP,WE,Towers with Radar,10,6,26,0,42,0,5,105,0,110,10,11,131,0,152,66,0,66,218
09/21/2012,STS,CA,AWP,WE,Towers with Radar,10,2,14,0,26,0,3,127,0,130,10,5,141,0,156,106,0,106,262
09/22/2012,STS,CA,AWP,WE,Towers with Radar,8,3,10,0,21,0,1,152,0,153,8,4,162,0,174,62,0,62,236
09/23/2012,STS,CA,AWP,WE,Towers with Radar,10,7,14,0,31,0,6,121,0,127,10,13,135,0,158,40,0,40,198
09/24/2012,STS,CA,AWP,WE,Towers with Radar,10,9,22,0,41,0,3,115,0,118,10,12,137,0,159,90,0,90,249
09/25/2012,STS,CA,AWP,WE,Towers with Radar,8,5,17,0,30,0,4,105,0,109,8,9,122,0,139,54,0,54,193
09/26/2012,STS,CA,AWP,WE,Towers with Radar,8,8,21,0,37,0,5,62,2,69,8,13,83,2,106,92,0,92,198
09/27/2012,STS,CA,AWP,WE,Towers with Radar,10,5,19,0,34,0,3,105,0,108,10,8,124,0,142,70,0,70,212
09/28/2012,STS,CA,AWP,WE,Towers with Radar,10,7,28,0,45,0,14,111,0,125,10,21,139,0,170,34,0,34,204
09/29/2012,STS,CA,AWP,WE,Towers with Radar,8,7,26,0,41,0,0,109,0,109,8,7,135,0,150,108,0,108,258
09/30/2012,STS,CA,AWP,WE,Towers with Radar,10,8,13,0,31,0,1,164,0,165,10,9,177,0,196,60,0,60,256
10/01/2012,STS,CA,AWP,WE,Towers with Radar,10,17,12,0,39,0,5,94,0,99,10,22,106,0,138,34,0,34,172
10/02/2012,STS,CA,AWP,WE,Towers with Radar,9,13,18,1,41,0,11,122,5,138,9,24,140,6,179,98,0,98,277
10/03/2012,STS,CA,AWP,WE,Towers with Radar,9,5,9,2,25,0,2,121,0,123,9,7,130,2,148,46,0,46,194
10/04/2012,STS,CA,AWP,WE,Towers with Radar,10,21,28,0,59,0,14,84,0,98,10,35,112,0,157,70,0,70,227
10/05/2012,STS,CA,AWP,WE,Towers with Radar,10,12,23,0,45,0,5,128,2,135,10,17,151,2,180,42,0,42,222
10/06/2012,STS,CA,AWP,WE,Towers with Radar,8,6,20,0,34,0,4,268,0,272,8,10,288,0,306,34,0,34,340
10/07/2012,STS,CA,AWP,WE,Towers with Radar,7,2,11,0,20,0,1,68,0,69,7,3,79,0,89,14,0,14,103
10/08/2012,STS,CA,AWP,WE,Towers with Radar,10,10,22,0,42,0,10,101,0,111,10,20,123,0,153,100,0,100,253
10/09/2012,STS,CA,AWP,WE,Towers with Radar,7,5,22,0,34,0,4,86,0,90,7,9,108,0,124,92,0,92,216
10/10/2012,STS,CA,AWP,WE,Towers with Radar,8,15,19,0,42,0,6,112,0,118,8,21,131,0,160,70,0,70,230
10/11/2012,STS,CA,AWP,WE,Towers with Radar,10,10,48,0,68,0,2,23,0,25,10,12,71,0,93,40,0,40,133
10/12/2012,STS,CA,AWP,WE,Towers with Radar,11,9,38,0,58,0,4,52,0,56,11,13,90,0,114,50,0,50,164
10/13/2012,STS,CA,AWP,WE,Towers with Radar,8,3,11,0,22,0,6,171,0,177,8,9,182,0,199,68,0,68,267
10/14/2012,STS,CA,AWP,WE,Towers with Radar,11,8,23,0,42,0,0,97,0,97,11,8,120,0,139,28,0,28,167
10/15/2012,STS,CA,AWP,WE,Towers with Radar,12,6,18,0,36,0,3,110,0,113,12,9,128,0,149,76,0,76,225
10/16/2012,STS,CA,AWP,WE,Towers with Radar,8,10,13,0,31,0,5,143,3,151,8,15,156,3,182,68,0,68,250
10/17/2012,STS,CA,AWP,WE,Towers with Radar,7,6,19,0,32,0,4,130,0,134,7,10,149,0,166,104,0,104,270
10/18/2012,STS,CA,AWP,WE,Towers with Radar,10,7,19,0,36,0,5,165,0,170,10,12,184,0,206,52,0,52,258
10/19/2012,STS,CA,AWP,WE,Towers with Radar,10,10,16,0,36,0,10,114,0,124,10,20,130,0,160,176,0,176,336
10/20/2012,STS,CA,AWP,WE,Towers with Radar,9,11,21,0,41,0,16,120,0,136,9,27,141,0,177,66,0,66,243
10/21/2012,STS,CA,AWP,WE,Towers with Radar,11,8,16,4,39,0,6,150,0,156,11,14,166,4,195,74,0,74,269
10/22/2012,STS,CA,AWP,WE,Towers with Radar,10,9,14,6,39,0,3,24,0,27,10,12,38,6,66,40,0,40,106
10/23/2012,STS,CA,AWP,WE,Towers with Radar,8,10,30,0,48,0,7,47,0,54,8,17,77,0,102,28,0,28,130
10/24/2012,STS,CA,AWP,WE,Towers with Radar,7,10,24,0,41,0,4,58,0,62,7,14,82,0,103,40,0,40,143
10/25/2012,STS,CA,AWP,WE,Towers with Radar,8,11,25,0,44,0,6,91,2,99,8,17,116,2,143,100,0,100,243
10/26/2012,STS,CA,AWP,WE,Towers with Radar,10,9,17,0,36,0,2,183,1,186,10,11,200,1,222,116,0,116,338
10/27/2012,STS,CA,AWP,WE,Towers with Radar,10,3,6,0,19,0,2,130,0,132,10,5,136,0,151,88,0,88,239
10/28/2012,STS,CA,AWP,WE,Towers with Radar,10,2,15,0,27,0,2,155,0,157,10,4,170,0,184,60,0,60,244
10/29/2012,STS,CA,AWP,WE,Towers with Radar,10,9,21,0,40,0,6,85,0,91,10,15,106,0,131,84,0,84,215
10/30/2012,STS,CA,AWP,WE,Towers with Radar,7,6,26,0,39,0,4,70,0,74,7,10,96,0,113,12,0,12,125
10/31/2012,STS,CA,AWP,WE,Towers with Radar,8,10,23,0,41,0,2,5,0,7,8,12,28,0,48,8,0,8,56
11/01/2012,STS,CA,AWP,WE,Towers with Radar,10,8,26,3,47,0,14,37,3,54,10,22,63,6,101,14,0,14,115
11/02/2012,STS,CA,AWP,WE,Towers with Radar,10,12,24,1,47,0,8,116,0,124,10,20,140,1,171,28,0,28,199
11/03/2012,STS,CA,AWP,WE,Towers with Radar,8,2,9,0,19,0,4,135,0,139,8,6,144,0,158,119,0,119,277
11/04/2012,STS,CA,AWP,WE,Towers with Radar,6,5,22,0,33,0,8,158,2,168,6,13,180,2,201,28,0,28,229
11/05/2012,STS,CA,AWP,WE,Towers with Radar,8,3,10,0,21,0,3,122,0,125,8,6,132,0,146,98,0,98,244
11/06/2012,STS,CA,AWP,WE,Towers with Radar,7,6,8,0,21,0,4,133,0,137,7,10,141,0,158,60,0,60,218
11/07/2012,STS,CA,AWP,WE,Towers with Radar,7,7,51,0,65,0,0,0,0,0,7,7,51,0,65,0,0,0,65
11/08/2012,STS,CA,AWP,WE,Towers with Radar,8,7,7,0,22,0,2,20,0,22,8,9,27,0,44,12,0,12,56
11/09/2012,STS,CA,AWP,WE,Towers with Radar,7,9,16,0,32,0,7,76,0,83,7,16,92,0,115,38,0,38,153
11/10/2012,STS,CA,AWP,WE,Towers with Radar,9,1,10,0,20,0,5,129,0,134,9,6,139,0,154,66,0,66,220
11/11/2012,STS,CA,AWP,WE,Towers with Radar,8,4,8,0,20,0,3,148,0,151,8,7,156,0,171,56,0,56,227
11/12/2012,STS,CA,AWP,WE,Towers with Radar,8,3,14,0,25,0,8,109,1,118,8,11,123,1,143,80,0,80,223
11/13/2012,STS,CA,AWP,WE,Towers with Radar,8,6,23,0,37,0,4,81,1,86,8,10,104,1,123,70,0,70,193
11/14/2012,STS,CA,AWP,WE,Towers with Radar,8,6,12,0,26,0,3,125,0,128,8,9,137,0,154,103,0,103,257
11/15/2012,STS,CA,AWP,WE,Towers with Radar,8,6,22,0,36,0,13,119,0,132,8,19,141,0,168,76,0,76,244
11/16/2012,STS,CA,AWP,WE,Towers with Radar,8,6,54,1,69,0,1,22,0,23,8,7,76,1,92,40,0,40,132
11/17/2012,STS,CA,AWP,WE,Towers with Radar,8,6,52,0,66,0,0,12,0,12,8,6,64,0,78,12,0,12,90
11/18/2012,STS,CA,AWP,WE,Towers with Radar,9,5,27,0,41,0,0,79,0,79,9,5,106,0,120,96,0,96,216
11/19/2012,STS,CA,AWP,WE,Towers with Radar,8,16,16,0,40,0,10,55,2,67,8,26,71,2,107,70,0,70,177
11/20/2012,STS,CA,AWP,WE,Towers with Radar,9,13,39,1,62,0,0,0,0,0,9,13,39,1,62,0,0,0,62
11/21/2012,STS,CA,AWP,WE,Towers with Radar,8,23,27,0,58,0,9,67,2,78,8,32,94,2,136,52,0,52,188
11/22/2012,STS,CA,AWP,WE,Towers with Radar,8,1,1,0,10,0,7,47,0,54,8,8,48,0,64,20,0,20,84
11/23/2012,STS,CA,AWP,WE,Towers with Radar,8,7,9,0,24,0,7,123,0,130,8,14,132,0,154,76,0,76,230
11/24/2012,STS,CA,AWP,WE,Towers with Radar,8,6,9,0,23,0,3,141,0,144,8,9,150,0,167,64,0,64,231
11/25/2012,STS,CA,AWP,WE,Towers with Radar,8,9,21,0,38,0,1,202,0,203,8,10,223,0,241,62,0,62,303
11/26/2012,STS,CA,AWP,WE,Towers with Radar,9,12,23,0,44,0,5,89,0,94,9,17,112,0,138,74,0,74,212
11/27/2012,STS,CA,AWP,WE,Towers with Radar,8,16,40,0,64,0,2,51,0,53,8,18,91,0,117,78,0,78,195
11/28/2012,STS,CA,AWP,WE,Towers with Radar,8,20,13,0,41,0,4,6,0,10,8,24,19,0,51,0,0,0,51
11/29/2012,STS,CA,AWP,WE,Towers with Radar,8,14,27,0,49,0,5,9,0,14,8,19,36,0,63,16,0,16,79
11/30/2012,STS,CA,AWP,WE,Towers with Radar,11,9,15,0,35,0,0,1,0,1,11,9,16,0,36,8,0,8,44
12/01/2012,STS,CA,AWP,WE,Towers with Radar,8,4,12,0,24,0,0,0,0,0,8,4,12,0,24,0,0,0,24
12/02/2012,STS,CA,AWP,WE,Towers with Radar,8,0,13,0,21,0,2,40,0,42,8,2,53,0,63,34,0,34,97
12/03/2012,STS,CA,AWP,WE,Towers with Radar,8,11,12,0,31,0,3,107,0,110,8,14,119,0,141,66,0,66,207
12/04/2012,STS,CA,AWP,WE,Towers with Radar,8,10,16,1,35,0,1,10,1,12,8,11,26,2,47,12,0,12,59
12/05/2012,STS,CA,AWP,WE,Towers with Radar,8,20,26,0,54,0,0,0,0,0,8,20,26,0,54,0,0,0,54
12/06/2012,STS,CA,AWP,WE,Towers with Radar,8,14,19,4,45,0,3,85,0,88,8,17,104,4,133,74,0,74,207
12/07/2012,STS,CA,AWP,WE,Towers with Radar,8,3,17,0,28,0,0,116,0,116,8,3,133,0,144,110,0,110,254
12/08/2012,STS,CA,AWP,WE,Towers with Radar,8,6,11,0,25,0,2,127,0,129,8,8,138,0,154,74,0,74,228
12/09/2012,STS,CA,AWP,WE,Towers with Radar,9,7,18,0,34,0,3,115,1,119,9,10,133,1,153,78,0,78,231
12/10/2012,STS,CA,AWP,WE,Towers with Radar,8,12,21,0,41,0,7,129,0,136,8,19,150,0,177,142,0,142,319
12/11/2012,STS,CA,AWP,WE,Towers with Radar,9,13,26,0,48,0,10,56,0,66,9,23,82,0,114,82,0,82,196
12/12/2012,STS,CA,AWP,WE,Towers with Radar,9,6,18,0,33,0,3,71,0,74,9,9,89,0,107,94,0,94,201
12/13/2012,STS,CA,AWP,WE,Towers with Radar,8,8,21,0,37,0,4,104,0,108,8,12,125,0,145,76,0,76,221
12/14/2012,STS,CA,AWP,WE,Towers with Radar,8,8,15,0,31,0,3,70,0,73,8,11,85,0,104,44,0,44,148
12/15/2012,STS,CA,AWP,WE,Towers with Radar,9,5,17,0,31,0,2,19,0,21,9,7,36,0,52,20,0,20,72
12/16/2012,STS,CA,AWP,WE,Towers with Radar,8,6,20,0,34,0,0,0,0,0,8,6,20,0,34,0,0,0,34
12/17/2012,STS,CA,AWP,WE,Towers with Radar,8,8,20,0,36,0,2,31,0,33,8,10,51,0,69,104,0,104,173
12/18/2012,STS,CA,AWP,WE,Towers with Radar,8,12,13,0,33,0,1,114,0,115,8,13,127,0,148,56,0,56,204
12/19/2012,STS,CA,AWP,WE,Towers with Radar,8,9,7,0,24,0,3,107,0,110,8,12,114,0,134,76,0,76,210
12/20/2012,STS,CA,AWP,WE,Towers with Radar,8,9,17,0,34,0,3,29,0,32,8,12,46,0,66,64,0,64,130
12/21/2012,STS,CA,AWP,WE,Towers with Radar,8,15,34,0,57,0,0,0,0,0,8,15,34,0,57,0,0,0,57
12/22/2012,STS,CA,AWP,WE,Towers with Radar,8,5,9,0,22,0,4,18,0,22,8,9,27,0,44,18,0,18,62
12/23/2012,STS,CA,AWP,WE,Towers with Radar,10,2,10,0,22,0,1,3,0,4,10,3,13,0,26,4,0,4,30
12/24/2012,STS,CA,AWP,WE,Towers with Radar,8,4,7,0,19,0,2,95,0,97,8,6,102,0,116,34,0,34,150
12/25/2012,STS,CA,AWP,WE,Towers with Radar,8,1,4,0,13,0,0,5,0,5,8,1,9,0,18,0,0,0,18
12/26/2012,STS,CA,AWP,WE,Towers with Radar,8,7,13,0,28,0,12,29,0,41,8,19,42,0,69,28,0,28,97
12/27/2012,STS,CA,AWP,WE,Towers with Radar,8,6,26,0,40,0,10,125,0,135,8,16,151,0,175,82,0,82,257
12/28/2012,STS,CA,AWP,WE,Towers with Radar,8,9,22,0,39,0,3,36,0,39,8,12,58,0,78,10,0,10,88
12/29/2012,STS,CA,AWP,WE,Towers with Radar,8,3,11,0,22,0,10,59,0,69,8,13,70,0,91,44,0,44,135
12/30/2012,STS,CA,AWP,WE,Towers with Radar,8,3,16,0,27,0,0,128,0,128,8,3,144,0,155,44,0,44,199
12/31/2012,STS,CA,AWP,WE,Towers with Radar,8,5,9,0,22,0,2,118,0,120,8,7,127,0,142,96,0,96,238
01/01/2013,STS,CA,AWP,WE,Towers with Radar,8,1,7,0,16,0,1,109,0,110,8,2,116,0,126,64,0,64,190
01/02/2013,STS,CA,AWP,WE,Towers with Radar,8,14,12,0,34,0,7,68,0,75,8,21,80,0,109,88,0,88,197
01/03/2013,STS,CA,AWP,WE,Towers with Radar,8,10,14,4,36,0,12,83,0,95,8,22,97,4,131,60,0,60,191
01/04/2013,STS,CA,AWP,WE,Towers with Radar,9,8,8,0,25,0,5,107,0,112,9,13,115,0,137,64,0,64,201
01/05/2013,STS,CA,AWP,WE,Towers with Radar,9,8,31,0,48,0,0,19,0,19,9,8,50,0,67,24,0,24,91
01/06/2013,STS,CA,AWP,WE,Towers with Radar,7,8,9,0,24,0,3,63,0,66,7,11,72,0,90,24,0,24,114
01/07/2013,STS,CA,AWP,WE,Towers with Radar,8,6,9,0,23,0,2,69,0,71,8,8,78,0,94,80,0,80,174
01/08/2013,STS,CA,AWP,WE,Towers with Radar,8,8,19,0,35,0,2,85,0,87,8,10,104,0,122,46,0,46,168
01/09/2013,STS,CA,AWP,WE,Towers with Radar,8,9,17,0,34,0,2,2,0,4,8,11,19,0,38,0,0,0,38
01/10/2013,STS,CA,AWP,WE,Towers with Radar,6,8,28,2,44,0,0,69,0,69,6,8,97,2,113,74,0,74,187
01/11/2013,STS,CA,AWP,WE,Towers with Radar,8,7,6,0,21,0,10,109,4,123,8,17,115,4,144,50,0,50,194
01/12/2013,STS,CA,AWP,WE,Towers with Radar,8,5,15,0,28,0,3,160,0,163,8,8,175,0,191,114,0,114,305
01/13/2013,STS,CA,AWP,WE,Towers with Radar,8,6,15,0,29,0,2,86,0,88,8,8,101,0,117,52,0,52,169
01/14/2013,STS,CA,AWP,WE,Towers with Radar,9,8,13,0,30,0,14,79,0,93,9,22,92,0,123,94,0,94,217
01/15/2013,STS,CA,AWP,WE,Towers with Radar,8,7,9,0,24,0,13,75,1,89,8,20,84,1,113,102,0,102,215
01/16/2013,STS,CA,AWP,WE,Towers with Radar,8,7,4,4,23,0,10,66,0,76,8,17,70,4,99,82,0,82,181
01/17/2013,STS,CA,AWP,WE,Towers with Radar,8,8,22,0,38,0,1,76,0,77,8,9,98,0,115,56,0,56,171
01/18/2013,STS,CA,AWP,WE,Towers with Radar,9,5,9,0,23,0,4,101,0,105,9,9,110,0,128,76,0,76,204
01/19/2013,STS,CA,AWP,WE,Towers with Radar,8,4,9,0,21,0,3,132,0,135,8,7,141,0,156,104,0,104,260
01/20/2013,STS,CA,AWP,WE,Towers with Radar,8,8,17,0,33,0,1,127,0,128,8,9,144,0,161,16,0,16,177
01/21/2013,STS,CA,AWP,WE,Towers with Radar,8,7,15,0,30,0,3,119,0,122,8,10,134,0,152,110,0,110,262
01/22/2013,STS,CA,AWP,WE,Towers with Radar,8,15,15,0,38,0,7,69,0,76,8,22,84,0,114,106,0,106,220
01/23/2013,STS,CA,AWP,WE,Towers with Radar,6,7,29,0,42,0,1,16,0,17,6,8,45,0,59,28,0,28,87
01/24/2013,STS,CA,AWP,WE,Towers with Radar,8,16,31,0,55,0,16,32,0,48,8,32,63,0,103,48,0,48,151
01/25/2013,STS,CA,AWP,WE,Towers with Radar,8,5,19,0,32,0,6,53,0,59,8,11,72,0,91,54,0,54,145
01/26/2013,STS,CA,AWP,WE,Towers with Radar,8,7,6,0,21,0,1,53,0,54,8,8,59,0,75,40,0,40,115
01/27/2013,STS,CA,AWP,WE,Towers with Radar,8,5,15,0,28,0,6,123,0,129,8,11,138,0,157,70,0,70,227
01/28/2013,STS,CA,AWP,WE,Towers with Radar,7,10,13,0,30,0,7,91,1,99,7,17,104,1,129,64,0,64,193
01/29/2013,STS,CA,AWP,WE,Towers with Radar,8,13,10,0,31,0,5,101,0,106,8,18,111,0,137,51,0,51,188
01/30/2013,STS,CA,AWP,WE,Towers with Radar,8,9,14,0,31,0,18,79,0,97,8,27,93,0,128,82,0,82,210
01/31/2013,STS,CA,AWP,WE,Towers with Radar,8,10,12,0,30,0,12,146,1,159,8,22,158,1,189,70,0,70,259
02/01/2013,STS,CA,AWP,WE,Towers with Radar,9,7,18,0,34,0,2,139,0,141,9,9,157,0,175,90,0,90,265
02/02/2013,STS,CA,AWP,WE,Towers with Radar,8,1,9,0,18,0,7,80,0,87,8,8,89,0,105,10,0,10,115
02/03/2013,STS,CA,AWP,WE,Towers with Radar,8,4,10,0,22,0,2,81,0,83,8,6,91,0,105,66,0,66,171
02/04/2013,STS,CA,AWP,WE,Towers with Radar,8,9,29,0,46,0,6,43,0,49,8,15,72,0,95,10,0,10,105
02/05/2013,STS,CA,AWP,WE,Towers with Radar,8,10,20,1,39,0,8,65,3,76,8,18,85,4,115,78,0,78,193
02/06/2013,STS,CA,AWP,WE,Towers with Radar,8,7,18,0,33,0,8,95,1,104,8,15,113,1,137,66,0,66,203
02/07/2013,STS,CA,AWP,WE,Towers with Radar,8,7,12,0,27,0,5,32,0,37,8,12,44,0,64,8,0,8,72
02/08/2013,STS,CA,AWP,WE,Towers with Radar,8,6,13,0,27,0,6,88,0,94,8,12,101,0,121,72,0,72,193
02/09/2013,STS,CA,AWP,WE,Towers with Radar,9,2,3,0,14,0,3,170,0,173,9,5,173,0,187,80,0,80,267
02/10/2013,STS,CA,AWP,WE,Towers with Radar,8,1,9,0,18,0,2,119,0,121,8,3,128,0,139,94,0,94,233
02/11/2013,STS,CA,AWP,WE,Towers with Radar,9,11,13,0,33,0,4,99,0,103,9,15,112,0,136,90,0,90,226
02/12/2013,STS,CA,AWP,WE,Towers with Radar,10,4,11,0,25,0,2,104,0,106,10,6,115,0,131,86,0,86,217
02/13/2013,STS,CA,AWP,WE,Towers with Radar,8,3,12,0,23,0,13,120,0,133,8,16,132,0,156,56,0,56,212
02/14/2013,STS,CA,AWP,WE,Towers with Radar,8,8,19,0,35,0,8,102,0,110,8,16,121,0,145,50,0,50,195
02/15/2013,STS,CA,AWP,WE,Towers with Radar,7,4,11,0,22,0,4,143,0,147,7,8,154,0,169,90,0,90,259
02/16/2013,STS,CA,AWP,WE,Towers with Radar,8,5,10,0,23,0,5,120,0,125,8,10,130,0,148,66,0,66,214
02/17/2013,STS,CA,AWP,WE,Towers with Radar,8,5,13,0,26,0,3,153,0,156,8,8,166,0,182,108,0,108,290
02/18/2013,STS,CA,AWP,WE,Towers with Radar,8,9,26,0,43,0,1,69,1,71,8,10,95,1,114,56,0,56,170
02/19/2013,STS,CA,AWP,WE,Towers with Radar,8,12,8,0,28,0,5,16,1,22,8,17,24,1,50,4,0,4,54
02/20/2013,STS,CA,AWP,WE,Towers with Radar,9,11,12,0,32,0,6,94,0,100,9,17,106,0,132,54,0,54,186
02/21/2013,STS,CA,AWP,WE,Towers with Radar,8,13,10,0,31,0,11,87,2,100,8,24,97,2,131,32,0,32,163
02/22/2013,STS,CA,AWP,WE,Towers with Radar,7,5,6,0,18,0,4,124,2,130,7,9,130,2,148,102,0,102,250
02/23/2013,STS,CA,AWP,WE,Towers with Radar,8,6,9,0,23,0,5,103,0,108,8,11,112,0,131,86,0,86,217
02/24/2013,STS,CA,AWP,WE,Towers with Radar,8,1,7,0,16,0,0,119,0,119,8,1,126,0,135,110,0,110,245
02/25/2013,STS,CA,AWP,WE,Towers with Radar,8,8,12,0,28,0,1,81,0,82,8,9,93,0,110,58,0,58,168
02/26/2013,STS,CA,AWP,WE,Towers with Radar,8,10,19,0,37,0,2,90,0,92,8,12,109,0,129,94,0,94,223
02/27/2013,STS,CA,AWP,WE,Towers with Radar,8,10,7,0,25,0,8,110,0,118,8,18,117,0,143,54,0,54,197
02/28/2013,STS,CA,AWP,WE,Towers with Radar,8,9,6,0,23,0,4,155,0,159,8,13,161,0,182,124,0,124,306
03/01/2013,STS,CA,AWP,WE,Towers with Radar,8,8,16,0,32,0,14,171,0,185,8,22,187,0,217,148,0,148,365
03/02/2013,STS,CA,AWP,WE,Towers with Radar,8,0,15,0,23,0,3,128,0,131,8,3,143,0,154,94,0,94,248
03/03/2013,STS,CA,AWP,WE,Towers with Radar,8,3,12,0,23,0,1,106,0,107,8,4,118,0,130,126,0,126,256
03/04/2013,STS,CA,AWP,WE,Towers with Radar,8,12,28,0,48,0,1,16,0,17,8,13,44,0,65,14,0,14,79
03/05/2013,STS,CA,AWP,WE,Towers with Radar,8,15,24,0,47,0,3,32,0,35,8,18,56,0,82,0,0,0,82
03/06/2013,STS,CA,AWP,WE,Towers with Radar,9,6,6,0,21,0,5,25,0,30,9,11,31,0,51,70,0,70,121
03/07/2013,STS,CA,AWP,WE,Towers with Radar,8,10,25,0,43,1,11,61,1,74,9,21,86,1,117,54,0,54,171
03/08/2013,STS,CA,AWP,WE,Towers with Radar,8,2,21,0,31,0,8,114,0,122,8,10,135,0,153,90,0,90,243
03/09/2013,STS,CA,AWP,WE,Towers with Radar,8,6,15,0,29,0,2,165,1,168,8,8,180,1,197,74,0,74,271
03/10/2013,STS,CA,AWP,WE,Towers with Radar,8,6,20,0,34,0,3,200,0,203,8,9,220,0,237,100,0,100,337
03/11/2013,STS,CA,AWP,WE,Towers with Radar,8,10,19,0,37,0,7,99,0,106,8,17,118,0,143,120,0,120,263
03/12/2013,STS,CA,AWP,WE,Towers with Radar,8,15,18,0,41,0,2,85,0,87,8,17,103,0,128,80,0,80,208
03/13/2013,STS,CA,AWP,WE,Towers with Radar,8,8,18,0,34,0,4,83,0,87,8,12,101,0,121,74,0,74,195
03/14/2013,STS,CA,AWP,WE,Towers with Radar,8,15,21,0,44,0,8,100,0,108,8,23,121,0,152,56,0,56,208
03/15/2013,STS,CA,AWP,WE,Towers with Radar,8,9,18,0,35,0,11,130,0,141,8,20,148,0,176,66,0,66,242
03/16/2013,STS,CA,AWP,WE,Towers with Radar,8,5,3,0,16,0,2,155,0,157,8,7,158,0,173,70,0,70,243
03/17/2013,STS,CA,AWP,WE,Towers with Radar,8,3,12,0,23,0,1,122,0,123,8,4,134,0,146,58,0,58,204
03/18/2013,STS,CA,AWP,WE,Towers with Radar,8,10,16,1,35,0,15,101,2,118,8,25,117,3,153,64,0,64,217
03/19/2013,STS,CA,AWP,WE,Towers with Radar,7,4,22,0,33,0,1,72,0,73,7,5,94,0,106,30,0,30,136
03/20/2013,STS,CA,AWP,WE,Towers with Radar,8,13,23,2,46,0,3,6,0,9,8,16,29,2,55,16,0,16,71
03/21/2013,STS,CA,AWP,WE,Towers with Radar,8,6,19,0,33,0,3,109,0,112,8,9,128,0,145,74,0,74,219
03/22/2013,STS,CA,AWP,WE,Towers with Radar,8,13,15,0,36,0,6,116,0,122,8,19,131,0,158,70,0,70,228
03/23/2013,STS,CA,AWP,WE,Towers with Radar,8,7,19,0,34,0,7,178,0,185,8,14,197,0,219,64,0,64,283
03/24/2013,STS,CA,AWP,WE,Towers with Radar,8,4,14,0,26,0,4,155,0,159,8,8,169,0,185,98,0,98,283
03/25/2013,STS,CA,AWP,WE,Towers with Radar,8,9,23,0,40,0,0,91,0,91,8,9,114,0,131,84,0,84,215
03/26/2013,STS,CA,AWP,WE,Towers with Radar,8,6,20,2,36,0,2,98,0,100,8,8,118,2,136,108,0,108,244
03/27/2013,STS,CA,AWP,WE,Towers with Radar,8,11,31,2,52,0,6,29,0,35,8,17,60,2,87,0,0,0,87
03/28/2013,STS,CA,AWP,WE,Towers with Radar,8,18,28,2,56,0,13,26,0,39,8,31,54,2,95,42,0,42,137
03/29/2013,STS,CA,AWP,WE,Towers with Radar,8,5,22,0,35,0,8,145,0,153,8,13,167,0,188,96,0,96,284
03/30/2013,STS,CA,AWP,WE,Towers with Radar,8,7,11,0,26,0,1,55,0,56,8,8,66,0,82,12,0,12,94
03/31/2013,STS,CA,AWP,WE,Towers with Radar,7,7,18,0,32,0,0,6,0,6,7,7,24,0,38,20,0,20,58
04/01/2013,STS,CA,AWP,WE,Towers with Radar,8,8,26,2,44,0,2,36,0,38,8,10,62,2,82,42,0,42,124
04/02/2013,STS,CA,AWP,WE,Towers with Radar,8,9,23,0,40,0,6,94,0,100,8,15,117,0,140,32,0,32,172
04/03/2013,STS,CA,AWP,WE,Towers with Radar,8,7,28,0,43,0,3,88,0,91,8,10,116,0,134,62,0,62,196
04/04/2013,STS,CA,AWP,WE,Towers with Radar,10,9,24,4,47,0,0,0,0,0,10,9,24,4,47,0,0,0,47
04/05/2013,STS,CA,AWP,WE,Towers with Radar,8,12,29,1,50,0,4,48,0,52,8,16,77,1,102,24,0,24,126
04/06/2013,STS,CA,AWP,WE,Towers with Radar,8,2,30,0,40,0,3,60,0,63,8,5,90,0,103,6,0,6,109
04/07/2013,STS,CA,AWP,WE,Towers with Radar,6,4,24,0,34,0,0,38,0,38,6,4,62,0,72,0,0,0,72
04/08/2013,STS,CA,AWP,WE,Towers with Radar,8,13,11,2,34,0,8,47,2,57,8,21,58,4,91,40,0,40,131
04/09/2013,STS,CA,AWP,WE,Towers with Radar,8,8,23,0,39,0,2,74,2,78,8,10,97,2,117,76,0,76,193
04/10/2013,STS,CA,AWP,WE,Towers with Radar,8,5,15,0,28,0,5,168,0,173,8,10,183,0,201,106,0,106,307
04/11/2013,STS,CA,AWP,WE,Towers with Radar,8,8,13,4,33,0,2,133,0,135,8,10,146,4,168,64,0,64,232
04/12/2013,STS,CA,AWP,WE,Towers with Radar,9,8,9,0,26,0,11,140,0,151,9,19,149,0,177,112,0,112,289
04/13/2013,STS,CA,AWP,WE,Towers with Radar,8,8,9,0,25,0,4,164,0,168,8,12,173,0,193,64,0,64,257
04/14/2013,STS,CA,AWP,WE,Towers with Radar,8,7,13,0,28,0,2,131,0,133,8,9,144,0,161,54,0,54,215
04/15/2013,STS,CA,AWP,WE,Towers with Radar,8,9,10,0,27,0,2,39,0,41,8,11,49,0,68,34,0,34,102
04/16/2013,STS,CA,AWP,WE,Towers with Radar,10,8,12,0,30,0,3,87,2,92,10,11,99,2,122,74,0,74,196
04/17/2013,STS,CA,AWP,WE,Towers with Radar,9,9,19,0,37,0,4,117,2,123,9,13,136,2,160,96,0,96,256
04/18/2013,STS,CA,AWP,WE,Towers with Radar,8,11,16,0,35,0,3,140,0,143,8,14,156,0,178,76,0,76,254
04/19/2013,STS,CA,AWP,WE,Towers with Radar,8,9,10,0,27,0,7,172,0,179,8,16,182,0,206,74,0,74,280
04/20/2013,STS,CA,AWP,WE,Towers with Radar,8,7,14,0,29,0,6,215,0,221,8,13,229,0,250,46,0,46,296
04/21/2013,STS,CA,AWP,WE,Towers with Radar,8,4,12,0,24,0,5,156,0,161,8,9,168,0,185,62,0,62,247
04/22/2013,STS,CA,AWP,WE,Towers with Radar,9,4,11,1,25,0,8,108,0,116,9,12,119,1,141,86,0,86,227
04/23/2013,STS,CA,AWP,WE,Towers with Radar,8,8,15,0,31,0,4,120,0,124,8,12,135,0,155,104,0,104,259
04/24/2013,STS,CA,AWP,WE,Towers with Radar,8,7,28,0,43,0,6,74,0,80,8,13,102,0,123,58,0,58,181
04/25/2013,STS,CA,AWP,WE,Towers with Radar,8,7,19,0,34,0,4,107,0,111,8,11,126,0,145,58,0,58,203
04/26/2013,STS,CA,AWP,WE,Towers with Radar,5,10,37,0,52,1,17,115,0,133,6,27,152,0,185,58,0,58,243
04/27/2013,STS,CA,AWP,WE,Towers with Radar,8,7,20,0,35,0,6,138,0,144,8,13,158,0,179,44,0,44,223
04/28/2013,STS,CA,AWP,WE,Towers with Radar,8,9,28,0,45,0,19,162,0,181,8,28,190,0,226,52,0,52,278
04/29/2013,STS,CA,AWP,WE,Towers with Radar,8,8,15,0,31,0,6,125,0,131,8,14,140,0,162,62,0,62,224
04/30/2013,STS,CA,AWP,WE,Towers with Radar,8,7,13,0,28,0,13,94,2,109,8,20,107,2,137,70,0,70,207
05/01/2013,STS,CA,AWP,WE,Towers with Radar,9,13,15,0,37,0,15,115,0,130,9,28,130,0,167,28,0,28,195
05/02/2013,STS,CA,AWP,WE,Towers with Radar,9,18,15,0,42,1,16,88,1,106,10,34,103,1,148,84,0,84,232
05/03/2013,STS,CA,AWP,WE,Towers with Radar,10,18,10,0,38,0,15,119,0,134,10,33,129,0,172,52,0,52,224
05/04/2013,STS,CA,AWP,WE,Towers with Radar,8,6,7,0,21,0,16,188,0,204,8,22,195,0,225,58,0,58,283
05/05/2013,STS,CA,AWP,WE,Towers with Radar,13,19,28,0,60,0,5,38,0,43,13,24,66,0,103,52,0,52,155
05/06/2013,STS,CA,AWP,WE,Towers with Radar,11,10,19,0,40,0,6,62,2,70,11,16,81,2,110,62,0,62,172
05/07/2013,STS,CA,AWP,WE,Towers with Radar,8,8,27,0,43,0,3,61,15,79,8,11,88,15,122,36,0,36,158
05/08/2013,STS,CA,AWP,WE,Towers with Radar,8,12,33,2,55,0,3,47,0,50,8,15,80,2,105,66,0,66,171
05/09/2013,STS,CA,AWP,WE,Towers with Radar,10,10,23,8,51,0,4,76,1,81,10,14,99,9,132,38,0,38,170
05/10/2013,STS,CA,AWP,WE,Towers with Radar,10,7,19,0,36,0,9,141,0,150,10,16,160,0,186,56,0,56,242
05/11/2013,STS,CA,AWP,WE,Towers with Radar,8,5,16,0,29,0,2,99,0,101,8,7,115,0,130,70,0,70,200
05/12/2013,STS,CA,AWP,WE,Towers with Radar,10,14,14,0,38,0,5,107,0,112,10,19,121,0,150,44,0,44,194
05/13/2013,STS,CA,AWP,WE,Towers with Radar,10,11,12,0,33,0,6,114,0,120,10,17,126,0,153,86,0,86,239
05/14/2013,STS,CA,AWP,WE,Towers with Radar,8,8,5,0,21,0,6,136,1,143,8,14,141,1,164,146,0,146,310
05/15/2013,STS,CA,AWP,WE,Towers with Radar,7,17,16,0,40,1,6,91,0,98,8,23,107,0,138,50,0,50,188
05/16/2013,STS,CA,AWP,WE,Towers with Radar,9,12,19,4,44,0,14,42,0,56,9,26,61,4,100,48,0,48,148
05/17/2013,STS,CA,AWP,WE,Towers with Radar,12,12,15,0,39,0,20,131,0,151,12,32,146,0,190,80,0,80,270
05/18/2013,STS,CA,AWP,WE,Towers with Radar,6,7,13,0,26,0,10,146,0,156,6,17,159,0,182,17,0,17,199
05/19/2013,STS,CA,AWP,WE,Towers with Radar,10,19,19,0,48,0,22,132,0,154,10,41,151,0,202,70,0,70,272
05/20/2013,STS,CA,AWP,WE,Towers with Radar,9,12,12,0,33,1,17,92,0,110,10,29,104,0,143,102,0,102,245
05/21/2013,STS,CA,AWP,WE,Towers with Radar,7,11,14,0,32,1,15,74,0,90,8,26,88,0,122,18,0,18,140
05/22/2013,STS,CA,AWP,WE,Towers with Radar,8,8,10,2,28,0,9,82,0,91,8,17,92,2,119,32,0,32,151
05/23/2013,STS,CA,AWP,WE,Towers with Radar,10,10,10,0,30,0,4,147,0,151,10,14,157,0,181,79,0,79,260
05/24/2013,STS,CA,AWP,WE,Towers with Radar,10,7,17,0,34,0,10,141,0,151,10,17,158,0,185,88,0,88,273
05/25/2013,STS,CA,AWP,WE,Towers with Radar,8,4,6,0,18,0,2,196,0,198,8,6,202,0,216,49,0,49,265
05/26/2013,STS,CA,AWP,WE,Towers with Radar,10,2,7,0,19,0,8,81,0,89,10,10,88,0,108,60,0,60,168
05/27/2013,STS,CA,AWP,WE,Towers with Radar,10,8,37,0,55,0,2,35,0,37,10,10,72,0,92,44,0,44,136
05/28/2013,STS,CA,AWP,WE,Towers with Radar,6,8,25,0,39,0,6,52,2,60,6,14,77,2,99,66,0,66,165
05/29/2013,STS,CA,AWP,WE,Towers with Radar,8,13,19,1,41,0,12,116,2,130,8,25,135,3,171,82,0,82,253
05/30/2013,STS,CA,AWP,WE,Towers with Radar,10,10,25,1,46,0,9,159,0,168,10,19,184,1,214,38,0,38,252
05/31/2013,STS,CA,AWP,WE,Towers with Radar,11,11,16,2,40,0,7,137,0,144,11,18,153,2,184,46,0,46,230
06/01/2013,STS,CA,AWP,WE,Towers with Radar,8,4,7,0,19,0,6,177,0,183,8,10,184,0,202,82,0,82,284
06/02/2013,STS,CA,AWP,WE,Towers with Radar,10,8,13,0,31,0,3,135,0,138,10,11,148,0,169,70,0,70,239
06/03/2013,STS,CA,AWP,WE,Towers with Radar,10,14,10,0,34,0,6,94,0,100,10,20,104,0,134,84,0,84,218
06/04/2013,STS,CA,AWP,WE,Towers with Radar,8,13,16,0,37,0,8,71,0,79,8,21,87,0,116,12,0,12,128
06/05/2013,STS,CA,AWP,WE,Towers with Radar,8,29,18,1,56,0,3,129,4,136,8,32,147,5,192,42,0,42,234
06/06/2013,STS,CA,AWP,WE,Towers with Radar,10,19,45,1,75,0,6,103,0,109,10,25,148,1,184,48,0,48,232
06/07/2013,STS,CA,AWP,WE,Towers with Radar,10,15,18,0,43,0,4,140,0,144,10,19,158,0,187,50,0,50,237
06/08/2013,STS,CA,AWP,WE,Towers with Radar,8,11,8,0,27,0,4,171,0,175,8,15,179,0,202,46,0,46,248
06/09/2013,STS,CA,AWP,WE,Towers with Radar,11,23,54,0,88,0,6,71,0,77,11,29,125,0,165,0,0,0,165
06/10/2013,STS,CA,AWP,WE,Towers with Radar,10,10,33,0,53,0,17,9,0,26,10,27,42,0,79,0,0,0,79
06/11/2013,STS,CA,AWP,WE,Towers with Radar,10,10,18,0,38,0,3,108,0,111,10,13,126,0,149,34,0,34,183
06/12/2013,STS,CA,AWP,WE,Towers with Radar,9,9,18,0,36,0,0,164,0,164,9,9,182,0,200,110,0,110,310
06/13/2013,STS,CA,AWP,WE,Towers with Radar,10,8,19,0,37,0,11,158,2,171,10,19,177,2,208,112,0,112,320
06/14/2013,STS,CA,AWP,WE,Towers with Radar,8,12,33,1,54,0,5,214,2,221,8,17,247,3,275,106,0,106,381
06/15/2013,STS,CA,AWP,WE,Towers with Radar,8,11,13,0,32,0,3,173,0,176,8,14,186,0,208,38,0,38,246
06/16/2013,STS,CA,AWP,WE,Towers with Radar,10,5,11,0,26,0,7,186,0,193,10,12,197,0,219,32,0,32,251
06/17/2013,STS,CA,AWP,WE,Towers with Radar,12,7,17,0,36,0,3,143,0,146,12,10,160,0,182,124,0,124,306
06/18/2013,STS,CA,AWP,WE,Towers with Radar,10,7,13,1,31,0,3,106,7,116,10,10,119,8,147,56,0,56,203
06/19/2013,STS,CA,AWP,WE,Towers with Radar,10,6,14,0,30,0,3,141,0,144,10,9,155,0,174,144,0,144,318
06/20/2013,STS,CA,AWP,WE,Towers with Radar,10,11,25,0,46,0,3,125,0,128,10,14,150,0,174,134,0,134,308
06/21/2013,STS,CA,AWP,WE,Towers with Radar,10,14,23,0,47,0,2,199,0,201,10,16,222,0,248,110,0,110,358
06/22/2013,STS,CA,AWP,WE,Towers with Radar,8,6,15,0,29,0,1,178,0,179,8,7,193,0,208,105,0,105,313
06/23/2013,STS,CA,AWP,WE,Towers with Radar,10,22,29,1,62,0,0,73,1,74,10,22,102,2,136,82,0,82,218
06/24/2013,STS,CA,AWP,WE,Towers with Radar,10,14,31,0,55,0,0,10,0,10,10,14,41,0,65,30,0,30,95
06/25/2013,STS,CA,AWP,WE,Towers with Radar,12,13,23,0,48,0,0,0,0,0,12,13,23,0,48,0,0,0,48
06/26/2013,STS,CA,AWP,WE,Towers with Radar,10,14,30,0,54,0,2,49,0,51,10,16,79,0,105,62,0,62,167
06/27/2013,STS,CA,AWP,WE,Towers with Radar,10,3,18,0,31,0,3,139,1,143,10,6,157,1,174,135,0,135,309
06/28/2013,STS,CA,AWP,WE,Towers with Radar,10,8,12,0,30,0,6,179,0,185,10,14,191,0,215,118,0,118,333
06/29/2013,STS,CA,AWP,WE,Towers with Radar,8,8,7,0,23,0,8,169,0,177,8,16,176,0,200,134,0,134,334
06/30/2013,STS,CA,AWP,WE,Towers with Radar,10,16,18,0,44,0,2,151,0,153,10,18,169,0,197,74,0,74,271
07/01/2013,STS,CA,AWP,WE,Towers with Radar,10,8,5,1,24,0,3,142,3,148,10,11,147,4,172,62,12,74,246
07/02/2013,STS,CA,AWP,WE,Towers with Radar,11,11,14,0,36,0,7,142,0,149,11,18,156,0,185,130,0,130,315
07/03/2013,STS,CA,AWP,WE,Towers with Radar,11,6,16,0,33,0,6,148,0,154,11,12,164,0,187,84,0,84,271
07/04/2013,STS,CA,AWP,WE,Towers with Radar,9,2,7,0,18,0,1,115,0,116,9,3,122,0,134,58,0,58,192
07/05/2013,STS,CA,AWP,WE,Towers with Radar,10,5,7,0,22,2,7,128,0,137,12,12,135,0,159,49,0,49,208
07/06/2013,STS,CA,AWP,WE,Towers with Radar,8,4,24,0,36,0,5,146,0,151,8,9,170,0,187,48,0,48,235
07/07/2013,STS,CA,AWP,WE,Towers with Radar,10,10,22,0,42,0,5,136,0,141,10,15,158,0,183,78,0,78,261
07/08/2013,STS,CA,AWP,WE,Towers with Radar,9,9,16,1,35,0,6,84,4,94,9,15,100,5,129,82,0,82,211
07/09/2013,STS,CA,AWP,WE,Towers with Radar,10,6,13,0,29,0,5,83,0,88,10,11,96,0,117,66,0,66,183
07/10/2013,STS,CA,AWP,WE,Towers with Radar,10,7,22,0,39,0,0,128,0,128,10,7,150,0,167,74,0,74,241
07/11/2013,STS,CA,AWP,WE,Towers with Radar,10,22,69,0,101,1,17,82,1,101,11,39,151,1,202,44,0,44,246
07/12/2013,STS,CA,AWP,WE,Towers with Radar,10,8,34,1,53,0,1,110,4,115,10,9,144,5,168,34,0,34,202
07/13/2013,STS,CA,AWP,WE,Towers with Radar,8,4,9,0,21,0,13,182,0,195,8,17,191,0,216,46,0,46,262
07/14/2013,STS,CA,AWP,WE,Towers with Radar,12,13,57,0,82,1,7,142,0,150,13,20,199,0,232,54,0,54,286
07/15/2013,STS,CA,AWP,WE,Towers with Radar,9,7,32,1,49,0,1,75,0,76,9,8,107,1,125,20,0,20,145
07/16/2013,STS,CA,AWP,WE,Towers with Radar,10,14,42,0,66,0,10,58,8,76,10,24,100,8,142,46,0,46,188
07/17/2013,STS,CA,AWP,WE,Towers with Radar,12,14,48,0,74,0,3,108,0,111,12,17,156,0,185,62,0,62,247
07/18/2013,STS,CA,AWP,WE,Towers with Radar,10,55,55,0,120,0,9,121,0,130,10,64,176,0,250,24,0,24,274
07/19/2013,STS,CA,AWP,WE,Towers with Radar,8,17,36,0,61,0,4,152,4,160,8,21,188,4,221,44,0,44,265
07/20/2013,STS,CA,AWP,WE,Towers with Radar,8,8,20,0,36,0,7,154,3,164,8,15,174,3,200,116,0,116,316
07/21/2013,STS,CA,AWP,WE,Towers with Radar,10,44,61,0,115,0,4,122,1,127,10,48,183,1,242,16,0,16,258
07/22/2013,STS,CA,AWP,WE,Towers with Radar,10,19,27,0,56,0,12,109,0,121,10,31,136,0,177,68,0,68,245
07/23/2013,STS,CA,AWP,WE,Towers with Radar,10,18,15,0,43,0,3,116,0,119,10,21,131,0,162,90,0,90,252
07/24/2013,STS,CA,AWP,WE,Towers with Radar,9,12,27,0,48,0,1,134,0,135,9,13,161,0,183,80,0,80,263
07/25/2013,STS,CA,AWP,WE,Towers with Radar,11,19,45,0,75,0,7,138,0,145,11,26,183,0,220,74,0,74,294
07/26/2013,STS,CA,AWP,WE,Towers with Radar,11,14,29,2,56,0,3,144,0,147,11,17,173,2,203,36,0,36,239
07/27/2013,STS,CA,AWP,WE,Towers with Radar,8,4,30,0,42,0,1,149,0,150,8,5,179,0,192,42,0,42,234
07/28/2013,STS,CA,AWP,WE,Towers with Radar,10,23,65,0,98,0,1,84,0,85,10,24,149,0,183,20,0,20,203
07/29/2013,STS,CA,AWP,WE,Towers with Radar,10,11,27,0,48,0,3,41,0,44,10,14,68,0,92,22,0,22,114
07/30/2013,STS,CA,AWP,WE,Towers with Radar,12,13,31,2,58,0,4,68,4,76,12,17,99,6,134,80,6,86,220
07/31/2013,STS,CA,AWP,WE,Towers with Radar,10,12,30,0,52,0,4,80,0,84,10,16,110,0,136,28,0,28,164
08/01/2013,STS,CA,AWP,WE,Towers with Radar,10,14,15,0,39,0,3,126,0,129,10,17,141,0,168,112,0,112,280
08/02/2013,STS,CA,AWP,WE,Towers with Radar,10,6,20,0,36,0,5,137,2,144,10,11,157,2,180,56,0,56,236
08/03/2013,STS,CA,AWP,WE,Towers with Radar,8,5,21,0,34,0,4,109,0,113,8,9,130,0,147,72,0,72,219
08/04/2013,STS,CA,AWP,WE,Towers with Radar,10,10,20,0,40,0,4,102,0,106,10,14,122,0,146,42,0,42,188
08/05/2013,STS,CA,AWP,WE,Towers with Radar,10,15,32,0,57,0,12,77,0,89,10,27,109,0,146,84,0,84,230
08/06/2013,STS,CA,AWP,WE,Towers with Radar,11,8,23,2,44,0,10,100,0,110,11,18,123,2,154,110,0,110,264
08/07/2013,STS,CA,AWP,WE,Towers with Radar,9,14,48,0,71,0,4,77,0,81,9,18,125,0,152,70,0,70,222
08/08/2013,STS,CA,AWP,WE,Towers with Radar,10,12,37,0,59,0,8,142,0,150,10,20,179,0,209,112,0,112,321
08/09/2013,STS,CA,AWP,WE,Towers with Radar,11,10,28,1,50,0,4,101,0,105,11,14,129,1,155,38,0,38,193
08/10/2013,STS,CA,AWP,WE,Towers with Radar,8,7,24,0,39,0,5,153,0,158,8,12,177,0,197,36,0,36,233
08/11/2013,STS,CA,AWP,WE,Towers with Radar,10,8,22,0,40,0,7,109,1,117,10,15,131,1,157,84,0,84,241
08/12/2013,STS,CA,AWP,WE,Towers with Radar,8,11,27,0,46,0,20,101,0,121,8,31,128,0,167,78,0,78,245
08/13/2013,STS,CA,AWP,WE,Towers with Radar,9,9,16,0,34,0,18,134,19,171,9,27,150,19,205,132,0,132,337
08/14/2013,STS,CA,AWP,WE,Towers with Radar,10,7,18,0,35,0,5,159,0,164,10,12,177,0,199,66,0,66,265
08/15/2013,STS,CA,AWP,WE,Towers with Radar,8,15,20,0,43,0,9,189,1,199,8,24,209,1,242,128,0,128,370
08/16/2013,STS,CA,AWP,WE,Towers with Radar,10,8,21,0,39,0,5,126,0,131,10,13,147,0,170,32,0,32,202
08/17/2013,STS,CA,AWP,WE,Towers with Radar,8,5,5,0,18,0,2,74,1,77,8,7,79,1,95,48,0,48,143
08/18/2013,STS,CA,AWP,WE,Towers with Radar,9,9,9,0,27,0,5,111,0,116,9,14,120,0,143,56,0,56,199
08/19/2013,STS,CA,AWP,WE,Towers with Radar,9,9,26,0,44,0,6,110,1,117,9,15,136,1,161,128,0,128,289
08/20/2013,STS,CA,AWP,WE,Towers with Radar,8,12,28,0,48,0,7,104,0,111,8,19,132,0,159,62,0,62,221
08/21/2013,STS,CA,AWP,WE,Towers with Radar,10,11,36,0,57,0,3,100,0,103,10,14,136,0,160,96,0,96,256
08/22/2013,STS,CA,AWP,WE,Towers with Radar,10,8,30,0,48,0,1,94,0,95,10,9,124,0,143,48,0,48,191
08/23/2013,STS,CA,AWP,WE,Towers with Radar,9,4,19,0,32,0,7,146,0,153,9,11,165,0,185,124,0,124,309
08/24/2013,STS,CA,AWP,WE,Towers with Radar,8,7,11,0,26,0,5,182,0,187,8,12,193,0,213,88,0,88,301
08/25/2013,STS,CA,AWP,WE,Towers with Radar,10,11,23,0,44,0,3,154,1,158,10,14,177,1,202,68,0,68,270
08/26/2013,STS,CA,AWP,WE,Towers with Radar,10,9,20,0,39,0,10,107,0,117,10,19,127,0,156,76,0,76,232
08/27/2013,STS,CA,AWP,WE,Towers with Radar,10,10,26,0,46,0,2,123,0,125,10,12,149,0,171,66,0,66,237
08/28/2013,STS,CA,AWP,WE,Towers with Radar,10,9,24,0,43,0,6,103,0,109,10,15,127,0,152,46,0,46,198
08/29/2013,STS,CA,AWP,WE,Towers with Radar,10,7,24,0,41,0,9,108,0,117,10,16,132,0,158,50,0,50,208
08/30/2013,STS,CA,AWP,WE,Towers with Radar,10,4,29,0,43,0,11,140,0,151,10,15,169,0,194,52,0,52,246
08/31/2013,STS,CA,AWP,WE,Towers with Radar,8,6,6,0,20,0,9,173,0,182,8,15,179,0,202,64,0,64,266
09/01/2013,STS,CA,AWP,WE,Towers with Radar,10,4,14,0,28,0,8,113,0,121,10,12,127,0,149,40,0,40,189
09/02/2013,STS,CA,AWP,WE,Towers with Radar,8,6,23,0,37,0,4,173,0,177,8,10,196,0,214,106,0,106,320
09/03/2013,STS,CA,AWP,WE,Towers with Radar,6,4,13,0,23,0,10,160,1,171,6,14,173,1,194,86,0,86,280
09/04/2013,STS,CA,AWP,WE,Towers with Radar,8,2,27,1,38,0,7,102,0,109,8,9,129,1,147,74,0,74,221
09/05/2013,STS,CA,AWP,WE,Towers with Radar,10,2,18,0,30,0,7,124,3,134,10,9,142,3,164,114,0,114,278
09/06/2013,STS,CA,AWP,WE,Towers with Radar,11,4,16,0,31,0,3,140,0,143,11,7,156,0,174,32,0,32,206
09/07/2013,STS,CA,AWP,WE,Towers with Radar,8,0,14,0,22,0,1,194,0,195,8,1,208,0,217,58,0,58,275
09/08/2013,STS,CA,AWP,WE,Towers with Radar,10,0,19,0,29,0,1,140,0,141,10,1,159,0,170,50,0,50,220
09/09/2013,STS,CA,AWP,WE,Towers with Radar,10,0,9,0,19,0,10,124,0,134,10,10,133,0,153,94,0,94,247
09/10/2013,STS,CA,AWP,WE,Towers with Radar,8,10,29,0,47,0,4,66,0,70,8,14,95,0,117,34,0,34,151
09/11/2013,STS,CA,AWP,WE,Towers with Radar,8,8,52,0,68,1,3,33,0,37,9,11,85,0,105,32,0,32,137
09/12/2013,STS,CA,AWP,WE,Towers with Radar,10,11,29,0,50,0,5,113,0,118,10,16,142,0,168,100,0,100,268
09/13/2013,STS,CA,AWP,WE,Towers with Radar,9,6,25,0,40,0,4,159,0,163,9,10,184,0,203,92,0,92,295
09/14/2013,STS,CA,AWP,WE,Towers with Radar,7,7,24,0,38,0,0,114,0,114,7,7,138,0,152,72,0,72,224
09/15/2013,STS,CA,AWP,WE,Towers with Radar,10,14,24,0,48,0,1,121,0,122,10,15,145,0,170,24,0,24,194
09/16/2013,STS,CA,AWP,WE,Towers with Radar,9,2,12,0,23,0,1,119,3,123,9,3,131,3,146,54,0,54,200
09/17/2013,STS,CA,AWP,WE,Towers with Radar,9,11,15,0,35,0,3,101,0,104,9,14,116,0,139,30,0,30,169
09/18/2013,STS,CA,AWP,WE,Towers with Radar,8,10,12,0,30,0,3,138,0,141,8,13,150,0,171,90,0,90,261
09/19/2013,STS,CA,AWP,WE,Towers with Radar,10,7,21,0,38,0,3,140,2,145,10,10,161,2,183,124,0,124,307
09/20/2013,STS,CA,AWP,WE,Towers with Radar,10,14,20,0,44,0,2,95,0,97,10,16,115,0,141,44,0,44,185
09/21/2013,STS,CA,AWP,WE,Towers with Radar,9,14,20,0,43,0,1,29,0,30,9,15,49,0,73,22,0,22,95
09/22/2013,STS,CA,AWP,WE,Towers with Radar,10,6,22,0,38,0,1,177,0,178,10,7,199,0,216,54,0,54,270
09/23/2013,STS,CA,AWP,WE,Towers with Radar,9,9,14,0,32,0,1,131,0,132,9,10,145,0,164,110,0,110,274
09/24/2013,STS,CA,AWP,WE,Towers with Radar,8,4,7,0,19,0,5,111,0,116,8,9,118,0,135,40,0,40,175
09/25/2013,STS,CA,AWP,WE,Towers with Radar,8,13,16,0,37,0,3,92,0,95,8,16,108,0,132,54,0,54,186
09/26/2013,STS,CA,AWP,WE,Towers with Radar,10,7,24,0,41,0,9,122,0,131,10,16,146,0,172,78,0,78,250
09/27/2013,STS,CA,AWP,WE,Towers with Radar,10,4,20,0,34,0,9,165,0,174,10,13,185,0,208,112,0,112,320
09/28/2013,STS,CA,AWP,WE,Towers with Radar,8,9,17,0,34,0,2,173,0,175,8,11,190,0,209,84,0,84,293
09/29/2013,STS,CA,AWP,WE,Towers with Radar,10,6,49,0,65,1,1,14,0,16,11,7,63,0,81,2,0,2,83
09/30/2013,STS,CA,AWP,WE,Towers with Radar,10,9,33,0,52,0,3,31,0,34,10,12,64,0,86,38,0,38,124
10/01/2013,STS,CA,AWP,WE,Towers with Radar,8,5,7,0,20,0,9,139,0,148,8,14,146,0,168,68,0,68,236
10/02/2013,STS,CA,AWP,WE,Towers with Radar,9,8,9,0,26,0,3,125,0,128,9,11,134,0,154,95,0,95,249
10/03/2013,STS,CA,AWP,WE,Towers with Radar,10,7,22,0,39,0,4,100,0,104,10,11,122,0,143,36,0,36,179
10/04/2013,STS,CA,AWP,WE,Towers with Radar,10,7,17,0,34,0,3,94,0,97,10,10,111,0,131,22,0,22,153
10/05/2013,STS,CA,AWP,WE,Towers with Radar,8,10,2,0,20,0,1,241,0,242,8,11,243,0,262,86,0,86,348
10/06/2013,STS,CA,AWP,WE,Towers with Radar,8,11,15,0,34,0,5,168,0,173,8,16,183,0,207,96,0,96,303
10/07/2013,STS,CA,AWP,WE,Towers with Radar,10,16,20,0,46,0,9,139,0,148,10,25,159,0,194,124,0,124,318
10/08/2013,STS,CA,AWP,WE,Towers with Radar,8,6,19,0,33,0,4,104,0,108,8,10,123,0,141,60,0,60,201
10/09/2013,STS,CA,AWP,WE,Towers with Radar,8,8,12,2,30,0,4,107,2,113,8,12,119,4,143,46,0,46,189
10/10/2013,STS,CA,AWP,WE,Towers with Radar,10,13,22,0,45,0,3,154,0,157,10,16,176,0,202,66,0,66,268
10/11/2013,STS,CA,AWP,WE,Towers with Radar,10,12,13,0,35,0,2,86,0,88,10,14,99,0,123,80,0,80,203
10/12/2013,STS,CA,AWP,WE,Towers with Radar,8,6,23,0,37,0,6,132,0,138,8,12,155,0,175,78,0,78,253
10/13/2013,STS,CA,AWP,WE,Towers with Radar,10,11,18,0,39,0,1,178,0,179,10,12,196,0,218,82,0,82,300
10/14/2013,STS,CA,AWP,WE,Towers with Radar,9,9,11,0,29,0,5,103,0,108,9,14,114,0,137,58,0,58,195
10/15/2013,STS,CA,AWP,WE,Towers with Radar,8,7,13,0,28,0,6,107,0,113,8,13,120,0,141,92,0,92,233
10/16/2013,STS,CA,AWP,WE,Towers with Radar,8,2,27,0,37,0,4,167,0,171,8,6,194,0,208,131,0,131,339
10/17/2013,STS,CA,AWP,WE,Towers with Radar,10,11,18,0,39,0,8,139,0,147,10,19,157,0,186,66,0,66,252
10/18/2013,STS,CA,AWP,WE,Towers with Radar,10,7,18,0,35,0,5,148,0,153,10,12,166,0,188,57,0,57,245
10/19/2013,STS,CA,AWP,WE,Towers with Radar,8,4,16,0,28,0,7,162,0,169,8,11,178,0,197,96,0,96,293
10/20/2013,STS,CA,AWP,WE,Towers with Radar,10,10,7,0,27,0,4,166,0,170,10,14,173,0,197,89,0,89,286
10/21/2013,STS,CA,AWP,WE,Towers with Radar,10,9,23,0,42,0,8,63,0,71,10,17,86,0,113,54,0,54,167
10/22/2013,STS,CA,AWP,WE,Towers with Radar,8,3,17,0,28,0,11,79,0,90,8,14,96,0,118,82,0,82,200
10/23/2013,STS,CA,AWP,WE,Towers with Radar,8,16,17,0,41,0,2,61,0,63,8,18,78,0,104,28,0,28,132
10/24/2013,STS,CA,AWP,WE,Towers with Radar,10,10,33,0,53,0,3,56,0,59,10,13,89,0,112,62,0,62,174
10/25/2013,STS,CA,AWP,WE,Towers with Radar,10,8,19,0,37,0,13,99,0,112,10,21,118,0,149,46,0,46,195
10/26/2013,STS,CA,AWP,WE,Towers with Radar,8,12,11,0,31,0,9,152,0,161,8,21,163,0,192,66,0,66,258
10/27/2013,STS,CA,AWP,WE,Towers with Radar,9,17,34,0,60,0,5,95,0,100,9,22,129,0,160,32,0,32,192
10/28/2013,STS,CA,AWP,WE,Towers with Radar,10,6,15,0,31,0,8,68,0,76,10,14,83,0,107,136,0,136,243
10/29/2013,STS,CA,AWP,WE,Towers with Radar,8,7,23,1,39,0,16,76,0,92,8,23,99,1,131,38,4,42,173
10/30/2013,STS,CA,AWP,WE,Towers with Radar,8,9,20,1,38,0,3,121,1,125,8,12,141,2,163,104,0,104,267
10/31/2013,STS,CA,AWP,WE,Towers with Radar,9,12,8,3,32,0,4,103,1,108,9,16,111,4,140,98,0,98,238
11/01/2013,STS,CA,AWP,WE,Towers with Radar,10,13,17,0,40,0,7,120,0,127,10,20,137,0,167,61,0,61,228
11/02/2013,STS,CA,AWP,WE,Towers with Radar,8,6,21,0,35,0,11,215,0,226,8,17,236,0,261,114,0,114,375
11/03/2013,STS,CA,AWP,WE,Towers with Radar,8,9,19,0,36,0,7,70,0,77,8,16,89,0,113,54,0,54,167
11/04/2013,STS,CA,AWP,WE,Towers with Radar,8,9,14,2,33,0,14,110,0,124,8,23,124,2,157,72,0,72,229
11/05/2013,STS,CA,AWP,WE,Towers with Radar,10,3,20,0,33,0,9,139,0,148,10,12,159,0,181,64,0,64,245
11/06/2013,STS,CA,AWP,WE,Towers with Radar,10,8,13,0,31,0,6,140,0,146,10,14,153,0,177,63,0,63,240
11/07/2013,STS,CA,AWP,WE,Towers with Radar,8,13,22,0,43,0,10,84,0,94,8,23,106,0,137,115,0,115,252
11/08/2013,STS,CA,AWP,WE,Towers with Radar,8,5,12,0,25,0,6,148,0,154,8,11,160,0,179,76,0,76,255
11/09/2013,STS,CA,AWP,WE,Towers with Radar,8,4,8,0,20,0,4,155,0,159,8,8,163,0,179,190,0,190,369
11/10/2013,STS,CA,AWP,WE,Towers with Radar,8,10,24,0,42,0,3,116,0,119,8,13,140,0,161,114,0,114,275
11/11/2013,STS,CA,AWP,WE,Towers with Radar,8,6,25,0,39,0,5,79,0,84,8,11,104,0,123,124,0,124,247
11/12/2013,STS,CA,AWP,WE,Towers with Radar,8,6,23,1,38,0,11,67,18,96,8,17,90,19,134,62,0,62,196
11/13/2013,STS,CA,AWP,WE,Towers with Radar,8,3,18,0,29,0,2,116,0,118,8,5,134,0,147,86,0,86,233
11/14/2013,STS,CA,AWP,WE,Towers with Radar,8,6,30,2,46,0,6,88,0,94,8,12,118,2,140,62,0,62,202
11/15/2013,STS,CA,AWP,WE,Towers with Radar,9,0,23,0,32,0,4,128,0,132,9,4,151,0,164,86,8,94,258
11/16/2013,STS,CA,AWP,WE,Towers with Radar,8,3,23,0,34,0,0,106,0,106,8,3,129,0,140,132,0,132,272
11/17/2013,STS,CA,AWP,WE,Towers with Radar,8,7,26,0,41,0,3,137,0,140,8,10,163,0,181,110,0,110,291
11/18/2013,STS,CA,AWP,WE,Towers with Radar,8,9,25,0,42,0,6,76,0,82,8,15,101,0,124,110,0,110,234
11/19/2013,STS,CA,AWP,WE,Towers with Radar,8,15,43,0,66,0,0,0,0,0,8,15,43,0,66,0,0,0,66
11/20/2013,STS,CA,AWP,WE,Towers with Radar,8,18,27,0,53,0,4,12,0,16,8,22,39,0,69,4,0,4,73
11/21/2013,STS,CA,AWP,WE,Towers with Radar,8,8,13,0,29,0,3,78,0,81,8,11,91,0,110,40,0,40,150
11/22/2013,STS,CA,AWP,WE,Towers with Radar,8,5,11,0,24,0,12,87,0,99,8,17,98,0,123,32,0,32,155
11/23/2013,STS,CA,AWP,WE,Towers with Radar,8,5,13,0,26,0,8,159,0,167,8,13,172,0,193,112,0,112,305
11/24/2013,STS,CA,AWP,WE,Towers with Radar,8,4,12,0,24,0,2,160,0,162,8,6,172,0,186,159,0,159,345
11/25/2013,STS,CA,AWP,WE,Towers with Radar,8,7,19,0,34,0,3,101,0,104,8,10,120,0,138,128,0,128,266
11/26/2013,STS,CA,AWP,WE,Towers with Radar,8,16,13,0,37,0,6,122,0,128,8,22,135,0,165,116,0,116,281
11/27/2013,STS,CA,AWP,WE,Towers with Radar,6,9,14,0,29,0,6,104,0,110,6,15,118,0,139,104,0,104,243
11/28/2013,STS,CA,AWP,WE,Towers with Radar,8,4,4,0,16,0,5,80,0,85,8,9,84,0,101,36,0,36,137
11/29/2013,STS,CA,AWP,WE,Towers with Radar,8,5,9,0,22,0,0,144,0,144,8,5,153,0,166,73,0,73,239
11/30/2013,STS,CA,AWP,WE,Towers with Radar,8,11,8,0,27,0,1,134,0,135,8,12,142,0,162,130,0,130,292
12/01/2013,STS,CA,AWP,WE,Towers with Radar,8,8,14,0,30,0,3,139,0,142,8,11,153,0,172,72,0,72,244
12/02/2013,STS,CA,AWP,WE,Towers with Radar,8,3,19,0,30,0,6,84,2,92,8,9,103,2,122,72,0,72,194
12/03/2013,STS,CA,AWP,WE,Towers with Radar,8,8,8,0,24,0,17,55,4,76,8,25,63,4,100,114,0,114,214
12/04/2013,STS,CA,AWP,WE,Towers with Radar,7,2,14,0,23,0,7,82,0,89,7,9,96,0,112,68,0,68,180
12/05/2013,STS,CA,AWP,WE,Towers with Radar,8,7,7,0,22,0,25,79,0,104,8,32,86,0,126,42,0,42,168
12/06/2013,STS,CA,AWP,WE,Towers with Radar,8,19,15,0,42,0,23,46,1,70,8,42,61,1,112,77,0,77,189
12/07/2013,STS,CA,AWP,WE,Towers with Radar,8,8,10,3,29,0,6,69,2,77,8,14,79,5,106,70,8,78,184
12/08/2013,STS,CA,AWP,WE,Towers with Radar,8,11,10,0,29,0,9,144,0,153,8,20,154,0,182,102,0,102,284
12/09/2013,STS,CA,AWP,WE,Towers with Radar,9,0,17,0,26,0,11,72,0,83,9,11,89,0,109,74,0,74,183
12/10/2013,STS,CA,AWP,WE,Towers with Radar,8,5,8,0,21,0,11,88,0,99,8,16,96,0,120,56,0,56,176
12/11/2013,STS,CA,AWP,WE,Towers with Radar,7,9,17,0,33,0,6,88,0,94,7,15,105,0,127,30,0,30,157
12/12/2013,STS,CA,AWP,WE,Towers with Radar,8,7,13,2,30,0,9,92,0,101,8,16,105,2,131,56,0,56,187
12/13/2013,STS,CA,AWP,WE,Towers with Radar,8,7,16,0,31,0,19,155,0,174,8,26,171,0,205,50,0,50,255
12/14/2013,STS,CA,AWP,WE,Towers with Radar,7,4,8,0,19,0,5,139,0,144,7,9,147,0,163,80,0,80,243
12/15/2013,STS,CA,AWP,WE,Towers with Radar,8,5,14,0,27,0,2,144,0,146,8,7,158,0,173,98,0,98,271
12/16/2013,STS,CA,AWP,WE,Towers with Radar,8,8,15,0,31,0,12,112,0,124,8,20,127,0,155,44,0,44,199
12/17/2013,STS,CA,AWP,WE,Towers with Radar,8,9,13,0,30,0,3,120,0,123,8,12,133,0,153,62,0,62,215
12/18/2013,STS,CA,AWP,WE,Towers with Radar,8,5,16,2,31,0,7,96,0,103,8,12,112,2,134,100,0,100,234
12/19/2013,STS,CA,AWP,WE,Towers with Radar,8,5,10,0,23,0,16,54,0,70,8,21,64,0,93,32,0,32,125
12/20/2013,STS,CA,AWP,WE,Towers with Radar,8,13,9,0,30,0,12,126,0,138,8,25,135,0,168,32,0,32,200
12/21/2013,STS,CA,AWP,WE,Towers with Radar,8,5,13,0,26,0,4,135,0,139,8,9,148,0,165,86,0,86,251
12/22/2013,STS,CA,AWP,WE,Towers with Radar,6,3,6,0,15,0,4,171,0,175,6,7,177,0,190,50,0,50,240
12/23/2013,STS,CA,AWP,WE,Towers with Radar,6,5,25,0,36,0,5,107,2,114,6,10,132,2,150,74,0,74,224
12/24/2013,STS,CA,AWP,WE,Towers with Radar,8,0,4,0,12,0,14,84,0,98,8,14,88,0,110,64,0,64,174
12/25/2013,STS,CA,AWP,WE,Towers with Radar,8,2,2,0,12,0,9,48,0,57,8,11,50,0,69,28,0,28,97
12/26/2013,STS,CA,AWP,WE,Towers with Radar,8,5,7,0,20,0,5,113,0,118,8,10,120,0,138,66,0,66,204
12/27/2013,STS,CA,AWP,WE,Towers with Radar,8,12,10,0,30,0,3,115,0,118,8,15,125,0,148,62,0,62,210
12/28/2013,STS,CA,AWP,WE,Towers with Radar,8,2,12,0,22,0,2,132,1,135,8,4,144,1,157,96,0,96,253
12/29/2013,STS,CA,AWP,WE,Towers with Radar,7,5,11,0,23,0,2,131,0,133,7,7,142,0,156,82,0,82,238
12/30/2013,STS,CA,AWP,WE,Towers with Radar,8,9,6,2,25,0,5,81,1,87,8,14,87,3,112,48,0,48,160
12/31/2013,STS,CA,AWP,WE,Towers with Radar,9,4,7,0,20,0,19,82,0,101,9,23,89,0,121,90,0,90,211
01/01/2014,STS,CA,AWP,WE,Towers with Radar,8,4,4,0,16,0,4,118,0,122,8,8,122,0,138,32,0,32,170
01/02/2014,STS,CA,AWP,WE,Towers with Radar,7,3,7,0,17,0,4,107,0,111,7,7,114,0,128,80,0,80,208
01/03/2014,STS,CA,AWP,WE,Towers with Radar,7,6,11,0,24,0,4,109,0,113,7,10,120,0,137,88,0,88,225
01/04/2014,STS,CA,AWP,WE,Towers with Radar,8,2,9,0,19,0,12,129,0,141,8,14,138,0,160,106,0,106,266
01/05/2014,STS,CA,AWP,WE,Towers with Radar,8,3,5,0,16,0,4,149,0,153,8,7,154,0,169,74,0,74,243
01/06/2014,STS,CA,AWP,WE,Towers with Radar,8,1,14,0,23,0,10,77,0,87,8,11,91,0,110,44,0,44,154
01/07/2014,STS,CA,AWP,WE,Towers with Radar,8,9,12,0,29,0,2,80,0,82,8,11,92,0,111,78,0,78,189
01/08/2014,STS,CA,AWP,WE,Towers with Radar,8,7,12,0,27,0,1,40,0,41,8,8,52,0,68,44,0,44,112
01/09/2014,STS,CA,AWP,WE,Towers with Radar,8,10,17,0,35,0,3,68,0,71,8,13,85,0,106,62,0,62,168
01/10/2014,STS,CA,AWP,WE,Towers with Radar,8,1,13,0,22,0,9,97,0,106,8,10,110,0,128,30,0,30,158
01/11/2014,STS,CA,AWP,WE,Towers with Radar,7,5,23,0,35,0,0,4,0,4,7,5,27,0,39,38,0,38,77
01/12/2014,STS,CA,AWP,WE,Towers with Radar,8,3,5,0,16,0,0,128,0,128,8,3,133,0,144,70,0,70,214
01/13/2014,STS,CA,AWP,WE,Towers with Radar,8,6,6,0,20,0,4,103,0,107,8,10,109,0,127,38,0,38,165
01/14/2014,STS,CA,AWP,WE,Towers with Radar,9,1,8,0,18,0,5,113,0,118,9,6,121,0,136,114,0,114,250
01/15/2014,STS,CA,AWP,WE,Towers with Radar,7,4,20,4,35,0,7,119,2,128,7,11,139,6,163,54,0,54,217
01/16/2014,STS,CA,AWP,WE,Towers with Radar,8,5,15,8,36,0,4,119,0,123,8,9,134,8,159,126,0,126,285
01/17/2014,STS,CA,AWP,WE,Towers with Radar,9,4,11,2,26,0,3,114,0,117,9,7,125,2,143,98,0,98,241
01/18/2014,STS,CA,AWP,WE,Towers with Radar,8,3,10,0,21,0,3,166,0,169,8,6,176,0,190,68,0,68,258
01/19/2014,STS,CA,AWP,WE,Towers with Radar,8,3,12,0,23,0,4,113,0,117,8,7,125,0,140,82,0,82,222
01/20/2014,STS,CA,AWP,WE,Towers with Radar,8,6,12,0,26,0,9,155,0,164,8,15,167,0,190,130,0,130,320
01/21/2014,STS,CA,AWP,WE,Towers with Radar,8,1,11,0,20,0,6,86,0,92,8,7,97,0,112,34,0,34,146
01/22/2014,STS,CA,AWP,WE,Towers with Radar,8,4,10,0,22,0,7,118,0,125,8,11,128,0,147,124,0,124,271
01/23/2014,STS,CA,AWP,WE,Towers with Radar,7,3,17,2,29,0,11,77,0,88,7,14,94,2,117,64,0,64,181
01/24/2014,STS,CA,AWP,WE,Towers with Radar,7,6,13,0,26,0,7,94,1,102,7,13,107,1,128,30,0,30,158
01/25/2014,STS,CA,AWP,WE,Towers with Radar,6,4,6,0,16,0,4,171,1,176,6,8,177,1,192,64,0,64,256
01/26/2014,STS,CA,AWP,WE,Towers with Radar,8,2,21,0,31,0,3,144,2,149,8,5,165,2,180,88,0,88,268
01/27/2014,STS,CA,AWP,WE,Towers with Radar,8,8,19,0,35,0,4,61,0,65,8,12,80,0,100,56,0,56,156
01/28/2014,STS,CA,AWP,WE,Towers with Radar,10,11,28,0,49,0,3,60,0,63,10,14,88,0,112,94,0,94,206
01/29/2014,STS,CA,AWP,WE,Towers with Radar,8,9,22,0,39,0,9,3,0,12,8,18,25,0,51,0,0,0,51
01/30/2014,STS,CA,AWP,WE,Towers with Radar,8,5,18,0,31,0,0,56,0,56,8,5,74,0,87,54,0,54,141
01/31/2014,STS,CA,AWP,WE,Towers with Radar,8,10,18,1,37,0,7,134,0,141,8,17,152,1,178,58,0,58,236
02/01/2014,STS,CA,AWP,WE,Towers with Radar,8,3,12,0,23,0,8,171,3,182,8,11,183,3,205,88,0,88,293
02/02/2014,STS,CA,AWP,WE,Towers with Radar,7,2,22,0,31,0,2,8,0,10,7,4,30,0,41,0,0,0,41
02/03/2014,STS,CA,AWP,WE,Towers with Radar,8,6,15,0,29,0,12,93,0,105,8,18,108,0,134,62,0,62,196
02/04/2014,STS,CA,AWP,WE,Towers with Radar,8,7,11,0,26,0,4,110,0,114,8,11,121,0,140,64,0,64,204
02/05/2014,STS,CA,AWP,WE,Towers with Radar,8,8,9,0,25,0,9,79,0,88,8,17,88,0,113,108,0,108,221
02/06/2014,STS,CA,AWP,WE,Towers with Radar,6,8,19,2,35,0,0,5,0,5,6,8,24,2,40,8,0,8,48
02/07/2014,STS,CA,AWP,WE,Towers with Radar,9,8,20,2,39,0,1,2,0,3,9,9,22,2,42,0,22,22,64
02/08/2014,STS,CA,AWP,WE,Towers with Radar,8,3,5,0,16,0,0,0,0,0,8,3,5,0,16,0,0,0,16
02/09/2014,STS,CA,AWP,WE,Towers with Radar,8,4,27,0,39,0,0,0,0,0,8,4,27,0,39,0,0,0,39
02/10/2014,STS,CA,AWP,WE,Towers with Radar,9,6,48,0,63,0,8,32,0,40,9,14,80,0,103,20,0,20,123
02/11/2014,STS,CA,AWP,WE,Towers with Radar,7,5,18,0,30,0,8,106,0,114,7,13,124,0,144,24,0,24,168
02/12/2014,STS,CA,AWP,WE,Towers with Radar,8,16,39,4,67,0,2,19,0,21,8,18,58,4,88,22,0,22,110
02/13/2014,STS,CA,AWP,WE,Towers with Radar,8,4,47,6,65,0,4,51,0,55,8,8,98,6,120,40,0,40,160
02/14/2014,STS,CA,AWP,WE,Towers with Radar,8,8,34,0,50,0,3,37,0,40,8,11,71,0,90,26,0,26,116
02/15/2014,STS,CA,AWP,WE,Towers with Radar,8,7,32,0,47,0,0,0,0,0,8,7,32,0,47,2,0,2,49
02/16/2014,STS,CA,AWP,WE,Towers with Radar,8,1,20,1,30,0,5,194,0,199,8,6,214,1,229,104,0,104,333
02/17/2014,STS,CA,AWP,WE,Towers with Radar,8,5,28,1,42,0,4,167,1,172,8,9,195,2,214,120,0,120,334
02/18/2014,STS,CA,AWP,WE,Towers with Radar,8,5,23,0,36,0,12,88,0,100,8,17,111,0,136,10,0,10,146
02/19/2014,STS,CA,AWP,WE,Towers with Radar,8,7,14,0,29,0,11,121,0,132,8,18,135,0,161,60,0,60,221
02/20/2014,STS,CA,AWP,WE,Towers with Radar,8,4,19,0,31,0,17,138,0,155,8,21,157,0,186,114,0,114,300
02/21/2014,STS,CA,AWP,WE,Towers with Radar,7,1,16,0,24,0,16,127,2,145,7,17,143,2,169,100,0,100,269
02/22/2014,STS,CA,AWP,WE,Towers with Radar,9,4,16,0,29,0,6,201,0,207,9,10,217,0,236,166,0,166,402
02/23/2014,STS,CA,AWP,WE,Towers with Radar,8,6,23,1,38,0,8,119,1,128,8,14,142,2,166,56,0,56,222
02/24/2014,STS,CA,AWP,WE,Towers with Radar,7,4,20,1,32,0,3,108,1,112,7,7,128,2,144,124,0,124,268
02/25/2014,STS,CA,AWP,WE,Towers with Radar,7,3,18,0,28,0,9,78,0,87,7,12,96,0,115,44,0,44,159
02/26/2014,STS,CA,AWP,WE,Towers with Radar,8,12,20,0,40,0,1,2,0,3,8,13,22,0,43,16,0,16,59
02/27/2014,STS,CA,AWP,WE,Towers with Radar,8,2,35,0,45,0,13,36,0,49,8,15,71,0,94,28,0,28,122
02/28/2014,STS,CA,AWP,WE,Towers with Radar,8,8,25,0,41,0,0,6,0,6,8,8,31,0,47,0,0,0,47
03/01/2014,STS,CA,AWP,WE,Towers with Radar,11,5,12,0,28,0,4,34,0,38,11,9,46,0,66,14,0,14,80
03/02/2014,STS,CA,AWP,WE,Towers with Radar,8,10,34,0,52,0,0,8,0,8,8,10,42,0,60,4,0,4,64
03/03/2014,STS,CA,AWP,WE,Towers with Radar,8,7,28,0,43,0,1,6,0,7,8,8,34,0,50,26,0,26,76
03/04/2014,STS,CA,AWP,WE,Towers with Radar,8,9,21,6,44,0,3,30,3,36,8,12,51,9,80,44,8,52,132
03/05/2014,STS,CA,AWP,WE,Towers with Radar,10,9,32,0,51,0,3,6,0,9,10,12,38,0,60,6,0,6,66
03/06/2014,STS,CA,AWP,WE,Towers with Radar,8,5,31,0,44,0,6,52,2,60,8,11,83,2,104,60,0,60,164
03/07/2014,STS,CA,AWP,WE,Towers with Radar,9,3,13,0,25,0,3,176,0,179,9,6,189,0,204,72,0,72,276
03/08/2014,STS,CA,AWP,WE,Towers with Radar,8,1,12,0,21,0,2,197,8,207,8,3,209,8,228,80,0,80,308
03/09/2014,STS,CA,AWP,WE,Towers with Radar,8,7,12,0,27,0,5,76,1,82,8,12,88,1,109,80,0,80,189
03/10/2014,STS,CA,AWP,WE,Towers with Radar,8,2,11,0,21,0,11,98,0,109,8,13,109,0,130,60,0,60,190
03/11/2014,STS,CA,AWP,WE,Towers with Radar,8,4,7,4,23,0,4,86,1,91,8,8,93,5,114,84,0,84,198
03/12/2014,STS,CA,AWP,WE,Towers with Radar,6,8,7,2,23,0,18,70,0,88,6,26,77,2,111,68,0,68,179
03/13/2014,STS,CA,AWP,WE,Towers with Radar,8,5,13,0,26,0,8,137,0,145,8,13,150,0,171,90,0,90,261
03/14/2014,STS,CA,AWP,WE,Towers with Radar,12,9,25,0,46,0,5,160,0,165,12,14,185,0,211,62,0,62,273
03/15/2014,STS,CA,AWP,WE,Towers with Radar,8,8,9,0,25,0,9,203,0,212,8,17,212,0,237,144,0,144,381
03/16/2014,STS,CA,AWP,WE,Towers with Radar,8,5,12,0,25,0,7,145,0,152,8,12,157,0,177,76,0,76,253
03/17/2014,STS,CA,AWP,WE,Towers with Radar,8,6,10,4,28,0,7,86,0,93,8,13,96,4,121,90,0,90,211
03/18/2014,STS,CA,AWP,WE,Towers with Radar,9,2,9,0,20,0,2,116,2,120,9,4,125,2,140,62,0,62,202
03/19/2014,STS,CA,AWP,WE,Towers with Radar,9,10,12,0,31,0,12,101,0,113,9,22,113,0,144,112,0,112,256
03/20/2014,STS,CA,AWP,WE,Towers with Radar,7,6,25,0,38,0,10,100,0,110,7,16,125,0,148,132,0,132,280
03/21/2014,STS,CA,AWP,WE,Towers with Radar,8,3,24,0,35,0,17,148,0,165,8,20,172,0,200,94,0,94,294
03/22/2014,STS,CA,AWP,WE,Towers with Radar,8,6,12,0,26,0,8,178,0,186,8,14,190,0,212,52,0,52,264
03/23/2014,STS,CA,AWP,WE,Towers with Radar,9,10,15,0,34,0,3,139,0,142,9,13,154,0,176,48,0,48,224
03/24/2014,STS,CA,AWP,WE,Towers with Radar,8,9,13,0,30,0,7,113,1,121,8,16,126,1,151,40,0,40,191
03/25/2014,STS,CA,AWP,WE,Towers with Radar,8,4,27,0,39,0,5,8,2,15,8,9,35,2,54,0,0,0,54
03/26/2014,STS,CA,AWP,WE,Towers with Radar,7,2,9,0,18,0,5,8,0,13,7,7,17,0,31,0,0,0,31
03/27/2014,STS,CA,AWP,WE,Towers with Radar,8,5,35,4,52,0,6,18,0,24,8,11,53,4,76,76,0,76,152
03/28/2014,STS,CA,AWP,WE,Towers with Radar,8,6,38,0,52,0,4,34,0,38,8,10,72,0,90,42,0,42,132
03/29/2014,STS,CA,AWP,WE,Towers with Radar,8,3,20,0,31,0,3,14,0,17,8,6,34,0,48,20,0,20,68
03/30/2014,STS,CA,AWP,WE,Towers with Radar,8,2,20,0,30,0,2,161,0,163,8,4,181,0,193,126,0,126,319
03/31/2014,STS,CA,AWP,WE,Towers with Radar,8,3,7,0,18,0,1,8,0,9,8,4,15,0,27,4,0,4,31
04/01/2014,STS,CA,AWP,WE,Towers with Radar,8,6,10,2,26,0,0,3,0,3,8,6,13,2,29,0,0,0,29
04/02/2014,STS,CA,AWP,WE,Towers with Radar,8,3,18,0,29,0,6,75,2,83,8,9,93,2,112,102,0,102,214
04/03/2014,STS,CA,AWP,WE,Towers with Radar,7,3,33,0,43,0,6,91,0,97,7,9,124,0,140,101,0,101,241
04/04/2014,STS,CA,AWP,WE,Towers with Radar,8,4,28,0,40,1,8,20,0,29,9,12,48,0,69,60,0,60,129
04/05/2014,STS,CA,AWP,WE,Towers with Radar,8,6,15,0,29,0,4,214,0,218,8,10,229,0,247,87,0,87,334
04/06/2014,STS,CA,AWP,WE,Towers with Radar,11,5,20,0,36,0,2,199,0,201,11,7,219,0,237,96,0,96,333
04/07/2014,STS,CA,AWP,WE,Towers with Radar,8,5,8,0,21,0,10,123,0,133,8,15,131,0,154,76,0,76,230
04/08/2014,STS,CA,AWP,WE,Towers with Radar,8,8,9,0,25,0,8,88,0,96,8,16,97,0,121,132,0,132,253
04/09/2014,STS,CA,AWP,WE,Towers with Radar,8,7,27,0,42,0,7,95,0,102,8,14,122,0,144,102,0,102,246
04/10/2014,STS,CA,AWP,WE,Towers with Radar,8,5,16,0,29,0,7,119,0,126,8,12,135,0,155,88,0,88,243
04/11/2014,STS,CA,AWP,WE,Towers with Radar,8,3,29,0,40,0,4,104,0,108,8,7,133,0,148,76,0,76,224
04/12/2014,STS,CA,AWP,WE,Towers with Radar,8,4,25,0,37,0,0,122,0,122,8,4,147,0,159,108,0,108,267
04/13/2014,STS,CA,AWP,WE,Towers with Radar,8,4,23,0,35,0,5,141,0,146,8,9,164,0,181,48,0,48,229
04/14/2014,STS,CA,AWP,WE,Towers with Radar,8,6,23,0,37,0,3,89,0,92,8,9,112,0,129,76,0,76,205
04/15/2014,STS,CA,AWP,WE,Towers with Radar,8,6,25,4,43,0,5,90,0,95,8,11,115,4,138,82,0,82,220
04/16/2014,STS,CA,AWP,WE,Towers with Radar,8,11,14,0,33,0,13,95,0,108,8,24,109,0,141,68,0,68,209
04/17/2014,STS,CA,AWP,WE,Towers with Radar,10,15,18,0,43,0,10,134,2,146,10,25,152,2,189,116,0,116,305
04/18/2014,STS,CA,AWP,WE,Towers with Radar,8,5,13,0,26,0,2,183,0,185,8,7,196,0,211,134,0,134,345
04/19/2014,STS,CA,AWP,WE,Towers with Radar,9,7,17,0,33,0,17,164,0,181,9,24,181,0,214,60,0,60,274
04/20/2014,STS,CA,AWP,WE,Towers with Radar,8,7,18,0,33,0,3,110,2,115,8,10,128,2,148,36,0,36,184
04/21/2014,STS,CA,AWP,WE,Towers with Radar,8,6,29,2,45,0,1,94,0,95,8,7,123,2,140,88,0,88,228
04/22/2014,STS,CA,AWP,WE,Towers with Radar,8,11,12,0,31,0,5,74,0,79,8,16,86,0,110,52,0,52,162
04/23/2014,STS,CA,AWP,WE,Towers with Radar,7,12,10,0,29,0,5,99,4,108,7,17,109,4,137,60,0,60,197
04/24/2014,STS,CA,AWP,WE,Towers with Radar,8,12,23,0,43,0,3,89,0,92,8,15,112,0,135,138,0,138,273
04/25/2014,STS,CA,AWP,WE,Towers with Radar,7,11,29,0,47,0,2,22,0,24,7,13,51,0,71,8,0,8,79
04/26/2014,STS,CA,AWP,WE,Towers with Radar,8,3,27,0,38,0,3,148,0,151,8,6,175,0,189,64,0,64,253
04/27/2014,STS,CA,AWP,WE,Towers with Radar,8,17,36,0,61,0,3,64,0,67,8,20,100,0,128,68,0,68,196
04/28/2014,STS,CA,AWP,WE,Towers with Radar,8,12,16,0,36,0,2,122,0,124,8,14,138,0,160,52,0,52,212
04/29/2014,STS,CA,AWP,WE,Towers with Radar,9,3,15,1,28,0,15,146,2,163,9,18,161,3,191,50,0,50,241
04/30/2014,STS,CA,AWP,WE,Towers with Radar,8,10,26,0,44,0,5,116,2,123,8,15,142,2,167,52,0,52,219
05/01/2014,STS,CA,AWP,WE,Towers with Radar,9,8,20,0,37,0,4,107,0,111,9,12,127,0,148,112,0,112,260
05/02/2014,STS,CA,AWP,WE,Towers with Radar,8,7,17,0,32,0,3,129,0,132,8,10,146,0,164,100,0,100,264
05/03/2014,STS,CA,AWP,WE,Towers with Radar,8,13,11,0,32,0,8,168,2,178,8,21,179,2,210,150,0,150,360
05/04/2014,STS,CA,AWP,WE,Towers with Radar,8,15,20,0,43,0,6,95,1,102,8,21,115,1,145,100,0,100,245
05/05/2014,STS,CA,AWP,WE,Towers with Radar,10,11,18,0,39,0,9,66,1,76,10,20,84,1,115,74,0,74,189
05/06/2014,STS,CA,AWP,WE,Towers with Radar,9,5,24,0,38,0,6,83,0,89,9,11,107,0,127,44,0,44,171
05/07/2014,STS,CA,AWP,WE,Towers with Radar,8,12,8,0,28,0,4,131,2,137,8,16,139,2,165,118,0,118,283
05/08/2014,STS,CA,AWP,WE,Towers with Radar,11,8,45,0,64,0,1,42,0,43,11,9,87,0,107,52,0,52,159
05/09/2014,STS,CA,AWP,WE,Towers with Radar,10,12,22,0,44,0,16,128,0,144,10,28,150,0,188,28,24,52,240
05/10/2014,STS,CA,AWP,WE,Towers with Radar,8,0,10,0,18,0,8,66,0,74,8,8,76,0,92,8,0,8,100
05/11/2014,STS,CA,AWP,WE,Towers with Radar,10,8,10,0,28,0,9,118,0,127,10,17,128,0,155,32,0,32,187
05/12/2014,STS,CA,AWP,WE,Towers with Radar,10,4,5,0,19,0,14,127,2,143,10,18,132,2,162,94,0,94,256
05/13/2014,STS,CA,AWP,WE,Towers with Radar,8,6,14,0,28,0,20,114,0,134,8,26,128,0,162,98,0,98,260
05/14/2014,STS,CA,AWP,WE,Towers with Radar,9,7,24,1,41,0,5,97,0,102,9,12,121,1,143,59,0,59,202
05/15/2014,STS,CA,AWP,WE,Towers with Radar,10,3,20,3,36,0,3,130,0,133,10,6,150,3,169,52,0,52,221
05/16/2014,STS,CA,AWP,WE,Towers with Radar,10,3,18,0,31,0,13,163,0,176,10,16,181,0,207,92,0,92,299
05/17/2014,STS,CA,AWP,WE,Towers with Radar,8,5,13,0,26,0,6,131,0,137,8,11,144,0,163,34,0,34,197
05/18/2014,STS,CA,AWP,WE,Towers with Radar,9,3,18,0,30,0,13,144,0,157,9,16,162,0,187,76,0,76,263
05/19/2014,STS,CA,AWP,WE,Towers with Radar,10,7,12,2,31,0,8,62,6,76,10,15,74,8,107,14,0,14,121
05/20/2014,STS,CA,AWP,WE,Towers with Radar,8,2,12,0,22,0,10,77,1,88,8,12,89,1,110,48,0,48,158
05/21/2014,STS,CA,AWP,WE,Towers with Radar,5,5,16,0,26,0,13,84,1,98,5,18,100,1,124,150,0,150,274
05/22/2014,STS,CA,AWP,WE,Towers with Radar,9,7,28,0,44,0,6,104,0,110,9,13,132,0,154,82,0,82,236
05/23/2014,STS,CA,AWP,WE,Towers with Radar,10,6,22,0,38,0,9,143,0,152,10,15,165,0,190,94,0,94,284
05/24/2014,STS,CA,AWP,WE,Towers with Radar,8,4,15,0,27,0,7,173,1,181,8,11,188,1,208,84,0,84,292
05/25/2014,STS,CA,AWP,WE,Towers with Radar,9,3,5,0,17,0,9,129,2,140,9,12,134,2,157,24,2,26,183
05/26/2014,STS,CA,AWP,WE,Towers with Radar,10,7,15,0,32,0,8,159,0,167,10,15,174,0,199,82,0,82,281
05/27/2014,STS,CA,AWP,WE,Towers with Radar,7,0,7,2,16,0,3,146,0,149,7,3,153,2,165,74,0,74,239
05/28/2014,STS,CA,AWP,WE,Towers with Radar,8,3,11,0,22,0,4,94,0,98,8,7,105,0,120,98,0,98,218
05/29/2014,STS,CA,AWP,WE,Towers with Radar,9,6,12,0,27,0,5,113,3,121,9,11,125,3,148,146,0,146,294
05/30/2014,STS,CA,AWP,WE,Towers with Radar,10,9,23,0,42,0,7,166,1,174,10,16,189,1,216,46,0,46,262
05/31/2014,STS,CA,AWP,WE,Towers with Radar,8,9,14,0,31,0,15,133,0,148,8,24,147,0,179,62,0,62,241
06/01/2014,STS,CA,AWP,WE,Towers with Radar,9,10,19,0,38,0,7,120,0,127,9,17,139,0,165,50,0,50,215
06/02/2014,STS,CA,AWP,WE,Towers with Radar,10,13,21,4,48,0,14,70,18,102,10,27,91,22,150,28,0,28,178
06/03/2014,STS,CA,AWP,WE,Towers with Radar,7,9,36,2,54,0,9,97,0,106,7,18,133,2,160,106,0,106,266
06/04/2014,STS,CA,AWP,WE,Towers with Radar,6,6,9,0,21,0,1,114,0,115,6,7,123,0,136,84,0,84,220
06/05/2014,STS,CA,AWP,WE,Towers with Radar,10,18,42,0,70,0,10,110,0,120,10,28,152,0,190,78,0,78,268
06/06/2014,STS,CA,AWP,WE,Towers with Radar,8,15,36,0,59,0,15,109,0,124,8,30,145,0,183,98,0,98,281
06/07/2014,STS,CA,AWP,WE,Towers with Radar,8,7,15,0,30,0,12,153,0,165,8,19,168,0,195,24,0,24,219
06/08/2014,STS,CA,AWP,WE,Towers with Radar,10,19,37,0,66,0,8,199,1,208,10,27,236,1,274,66,0,66,340
06/09/2014,STS,CA,AWP,WE,Towers with Radar,10,3,7,0,20,0,22,104,0,126,10,25,111,0,146,82,0,82,228
06/10/2014,STS,CA,AWP,WE,Towers with Radar,10,15,16,0,41,0,5,104,0,109,10,20,120,0,150,138,0,138,288
06/11/2014,STS,CA,AWP,WE,Towers with Radar,10,2,18,0,30,0,8,44,4,56,10,10,62,4,86,60,0,60,146
06/12/2014,STS,CA,AWP,WE,Towers with Radar,10,14,23,0,47,0,8,115,2,125,10,22,138,2,172,70,0,70,242
06/13/2014,STS,CA,AWP,WE,Towers with Radar,10,10,15,2,37,0,4,119,1,124,10,14,134,3,161,70,0,70,231
06/14/2014,STS,CA,AWP,WE,Towers with Radar,10,11,13,0,34,0,5,175,0,180,10,16,188,0,214,132,0,132,346
06/15/2014,STS,CA,AWP,WE,Towers with Radar,10,17,22,0,49,0,14,129,0,143,10,31,151,0,192,4,0,4,196
06/16/2014,STS,CA,AWP,WE,Towers with Radar,10,12,12,0,34,0,10,104,4,118,10,22,116,4,152,132,0,132,284
06/17/2014,STS,CA,AWP,WE,Towers with Radar,10,8,15,0,33,0,6,95,6,107,10,14,110,6,140,90,0,90,230
06/18/2014,STS,CA,AWP,WE,Towers with Radar,10,9,10,0,29,0,9,116,0,125,10,18,126,0,154,96,0,96,250
06/19/2014,STS,CA,AWP,WE,Towers with Radar,10,7,23,0,40,0,16,128,0,144,10,23,151,0,184,70,0,70,254
06/20/2014,STS,CA,AWP,WE,Towers with Radar,10,9,25,0,44,0,16,121,0,137,10,25,146,0,181,95,0,95,276
06/21/2014,STS,CA,AWP,WE,Towers with Radar,10,10,13,0,33,0,8,145,0,153,10,18,158,0,186,70,0,70,256
06/22/2014,STS,CA,AWP,WE,Towers with Radar,10,15,24,0,49,0,4,154,0,158,10,19,178,0,207,22,0,22,229
06/23/2014,STS,CA,AWP,WE,Towers with Radar,10,11,20,0,41,0,4,112,3,119,10,15,132,3,160,44,0,44,204
06/24/2014,STS,CA,AWP,WE,Towers with Radar,10,1,14,0,25,0,7,132,2,141,10,8,146,2,166,136,0,136,302
06/25/2014,STS,CA,AWP,WE,Towers with Radar,10,5,16,0,31,0,8,93,0,101,10,13,109,0,132,62,0,62,194
06/26/2014,STS,CA,AWP,WE,Towers with Radar,10,5,21,0,36,0,4,84,8,96,10,9,105,8,132,134,0,134,266
06/27/2014,STS,CA,AWP,WE,Towers with Radar,7,4,22,0,33,0,9,93,0,102,7,13,115,0,135,66,0,66,201
06/28/2014,STS,CA,AWP,WE,Towers with Radar,10,5,13,1,29,0,11,120,7,138,10,16,133,8,167,84,0,84,251
06/29/2014,STS,CA,AWP,WE,Towers with Radar,10,9,19,0,38,0,2,121,7,130,10,11,140,7,168,102,0,102,270
06/30/2014,STS,CA,AWP,WE,Towers with Radar,10,6,12,0,28,0,7,96,1,104,10,13,108,1,132,84,0,84,216
07/01/2014,STS,CA,AWP,WE,Towers with Radar,9,4,12,0,25,1,76,135,1,213,10,80,147,1,238,124,0,124,362
07/02/2014,STS,CA,AWP,WE,Towers with Radar,3,15,23,0,41,1,53,140,0,194,4,68,163,0,235,54,0,54,289
07/03/2014,STS,CA,AWP,WE,Towers with Radar,10,10,10,0,30,0,4,116,0,120,10,14,126,0,150,73,0,73,223
07/04/2014,STS,CA,AWP,WE,Towers with Radar,11,1,10,0,22,1,14,111,0,126,12,15,121,0,148,62,0,62,210
07/05/2014,STS,CA,AWP,WE,Towers with Radar,11,6,14,0,31,0,59,150,0,209,11,65,164,0,240,18,0,18,258
07/06/2014,STS,CA,AWP,WE,Towers with Radar,10,10,12,0,32,0,83,155,0,238,10,93,167,0,270,36,0,36,306
07/07/2014,STS,CA,AWP,WE,Towers with Radar,10,7,9,0,26,0,13,95,16,124,10,20,104,16,150,98,0,98,248
07/08/2014,STS,CA,AWP,WE,Towers with Radar,10,3,13,1,27,0,3,89,1,93,10,6,102,2,120,124,0,124,244
07/09/2014,STS,CA,AWP,WE,Towers with Radar,10,7,20,1,38,0,7,99,6,112,10,14,119,7,150,70,0,70,220
07/10/2014,STS,CA,AWP,WE,Towers with Radar,10,26,50,0,86,0,7,93,1,101,10,33,143,1,187,60,0,60,247
07/11/2014,STS,CA,AWP,WE,Towers with Radar,10,18,33,0,61,0,12,129,0,141,10,30,162,0,202,74,0,74,276
07/12/2014,STS,CA,AWP,WE,Towers with Radar,10,10,30,0,50,0,14,123,2,139,10,24,153,2,189,60,0,60,249
07/13/2014,STS,CA,AWP,WE,Towers with Radar,10,21,37,0,68,0,11,146,0,157,10,32,183,0,225,38,0,38,263
07/14/2014,STS,CA,AWP,WE,Towers with Radar,11,7,24,0,42,0,24,103,1,128,11,31,127,1,170,66,0,66,236
07/15/2014,STS,CA,AWP,WE,Towers with Radar,10,8,18,0,36,0,5,95,0,100,10,13,113,0,136,94,0,94,230
07/16/2014,STS,CA,AWP,WE,Towers with Radar,10,17,34,0,61,0,14,79,0,93,10,31,113,0,154,66,0,66,220
07/17/2014,STS,CA,AWP,WE,Towers with Radar,10,24,63,0,97,0,4,118,0,122,10,28,181,0,219,54,0,54,273
07/18/2014,STS,CA,AWP,WE,Towers with Radar,7,20,29,1,57,0,8,134,1,143,7,28,163,2,200,64,0,64,264
07/19/2014,STS,CA,AWP,WE,Towers with Radar,11,12,23,0,46,0,16,138,2,156,11,28,161,2,202,52,0,52,254
07/20/2014,STS,CA,AWP,WE,Towers with Radar,10,44,68,0,122,0,4,97,0,101,10,48,165,0,223,26,0,26,249
07/21/2014,STS,CA,AWP,WE,Towers with Radar,10,15,38,0,63,0,11,55,0,66,10,26,93,0,129,84,0,84,213
07/22/2014,STS,CA,AWP,WE,Towers with Radar,9,13,33,2,57,0,4,85,0,89,9,17,118,2,146,56,0,56,202
07/23/2014,STS,CA,AWP,WE,Towers with Radar,10,7,23,0,40,0,10,74,7,91,10,17,97,7,131,36,0,36,167
07/24/2014,STS,CA,AWP,WE,Towers with Radar,10,26,29,0,65,0,12,131,1,144,10,38,160,1,209,72,0,72,281
07/25/2014,STS,CA,AWP,WE,Towers with Radar,10,17,14,0,41,0,9,114,3,126,10,26,128,3,167,24,0,24,191
07/26/2014,STS,CA,AWP,WE,Towers with Radar,10,11,12,2,35,0,4,139,0,143,10,15,151,2,178,44,0,44,222
07/27/2014,STS,CA,AWP,WE,Towers with Radar,10,21,27,0,58,0,2,137,0,139,10,23,164,0,197,60,0,60,257
07/28/2014,STS,CA,AWP,WE,Towers with Radar,11,4,33,0,48,0,12,95,0,107,11,16,128,0,155,78,0,78,233
07/29/2014,STS,CA,AWP,WE,Towers with Radar,9,2,24,0,35,0,5,128,0,133,9,7,152,0,168,16,0,16,184
07/30/2014,STS,CA,AWP,WE,Towers with Radar,10,6,17,0,33,0,6,98,0,104,10,12,115,0,137,68,0,68,205
07/31/2014,STS,CA,AWP,WE,Towers with Radar,8,6,25,0,39,0,7,96,1,104,8,13,121,1,143,32,0,32,175
08/01/2014,STS,CA,AWP,WE,Towers with Radar,10,4,8,0,22,0,10,63,0,73,10,14,71,0,95,24,0,24,119
08/02/2014,STS,CA,AWP,WE,Towers with Radar,9,6,21,0,36,0,7,129,0,136,9,13,150,0,172,73,0,73,245
08/03/2014,STS,CA,AWP,WE,Towers with Radar,10,8,21,0,39,0,15,85,0,100,10,23,106,0,139,10,0,10,149
08/04/2014,STS,CA,AWP,WE,Towers with Radar,11,6,18,0,35,0,5,72,4,81,11,11,90,4,116,8,0,8,124
08/05/2014,STS,CA,AWP,WE,Towers with Radar,10,5,37,0,52,0,8,45,1,54,10,13,82,1,106,20,0,20,126
08/06/2014,STS,CA,AWP,WE,Towers with Radar,10,5,26,0,41,0,2,102,0,104,10,7,128,0,145,62,0,62,207
08/07/2014,STS,CA,AWP,WE,Towers with Radar,10,3,21,0,34,0,3,84,0,87,10,6,105,0,121,22,0,22,143
08/08/2014,STS,CA,AWP,WE,Towers with Radar,10,15,20,0,45,0,6,124,1,131,10,21,144,1,176,40,0,40,216
08/09/2014,STS,CA,AWP,WE,Towers with Radar,10,13,10,1,34,0,24,88,1,113,10,37,98,2,147,82,0,82,229
08/10/2014,STS,CA,AWP,WE,Towers with Radar,10,10,34,1,55,0,8,94,3,105,10,18,128,4,160,48,0,48,208
08/11/2014,STS,CA,AWP,WE,Towers with Radar,12,8,16,0,36,0,7,83,0,90,12,15,99,0,126,60,0,60,186
08/12/2014,STS,CA,AWP,WE,Towers with Radar,9,4,35,0,48,0,2,45,0,47,9,6,80,0,95,38,0,38,133
08/13/2014,STS,CA,AWP,WE,Towers with Radar,10,6,20,0,36,0,8,80,0,88,10,14,100,0,124,68,0,68,192
08/14/2014,STS,CA,AWP,WE,Towers with Radar,8,12,32,0,52,0,14,80,0,94,8,26,112,0,146,64,0,64,210
08/15/2014,STS,CA,AWP,WE,Towers with Radar,10,8,21,0,39,0,10,132,0,142,10,18,153,0,181,156,0,156,337
08/16/2014,STS,CA,AWP,WE,Towers with Radar,10,5,19,0,34,0,13,140,0,153,10,18,159,0,187,130,0,130,317
08/17/2014,STS,CA,AWP,WE,Towers with Radar,10,7,19,0,36,0,12,98,0,110,10,19,117,0,146,66,0,66,212
08/18/2014,STS,CA,AWP,WE,Towers with Radar,11,12,21,0,44,0,3,77,0,80,11,15,98,0,124,36,0,36,160
08/19/2014,STS,CA,AWP,WE,Towers with Radar,10,7,38,2,57,0,3,55,1,59,10,10,93,3,116,62,0,62,178
08/20/2014,STS,CA,AWP,WE,Towers with Radar,10,9,30,0,49,0,2,27,0,29,10,11,57,0,78,20,0,20,98
08/21/2014,STS,CA,AWP,WE,Towers with Radar,12,6,22,0,40,0,5,73,0,78,12,11,95,0,118,75,0,75,193
08/22/2014,STS,CA,AWP,WE,Towers with Radar,9,7,31,0,47,0,2,107,0,109,9,9,138,0,156,66,0,66,222
08/23/2014,STS,CA,AWP,WE,Towers with Radar,10,9,17,0,36,0,8,128,0,136,10,17,145,0,172,62,0,62,234
08/24/2014,STS,CA,AWP,WE,Towers with Radar,10,15,20,1,46,0,7,142,2,151,10,22,162,3,197,112,0,112,309
08/25/2014,STS,CA,AWP,WE,Towers with Radar,12,13,27,0,52,0,5,53,1,59,12,18,80,1,111,28,0,28,139
08/26/2014,STS,CA,AWP,WE,Towers with Radar,7,7,20,0,34,0,12,73,2,87,7,19,93,2,121,36,0,36,157
08/27/2014,STS,CA,AWP,WE,Towers with Radar,12,9,22,0,43,0,4,91,0,95,12,13,113,0,138,54,0,54,192
08/28/2014,STS,CA,AWP,WE,Towers with Radar,12,11,23,0,46,0,5,85,0,90,12,16,108,0,136,97,0,97,233
08/29/2014,STS,CA,AWP,WE,Towers with Radar,12,2,15,0,29,0,9,102,0,111,12,11,117,0,140,52,0,52,192
08/30/2014,STS,CA,AWP,WE,Towers with Radar,10,7,6,0,23,0,10,159,0,169,10,17,165,0,192,74,0,74,266
08/31/2014,STS,CA,AWP,WE,Towers with Radar,10,7,9,0,26,0,10,135,0,145,10,17,144,0,171,32,0,32,203
09/01/2014,STS,CA,AWP,WE,Towers with Radar,12,7,17,0,36,0,6,136,1,143,12,13,153,1,179,64,0,64,243
09/02/2014,STS,CA,AWP,WE,Towers with Radar,8,4,18,0,30,0,6,71,0,77,8,10,89,0,107,10,0,10,117
09/03/2014,STS,CA,AWP,WE,Towers with Radar,10,4,28,0,42,0,8,56,0,64,10,12,84,0,106,22,0,22,128
09/04/2014,STS,CA,AWP,WE,Towers with Radar,10,6,28,0,44,0,6,74,0,80,10,12,102,0,124,14,0,14,138
09/05/2014,STS,CA,AWP,WE,Towers with Radar,12,6,23,0,41,1,10,104,7,122,13,16,127,7,163,52,0,52,215
09/06/2014,STS,CA,AWP,WE,Towers with Radar,6,5,14,0,25,0,7,85,0,92,6,12,99,0,117,52,0,52,169
09/07/2014,STS,CA,AWP,WE,Towers with Radar,9,9,13,0,31,0,7,141,0,148,9,16,154,0,179,94,0,94,273
09/08/2014,STS,CA,AWP,WE,Towers with Radar,12,12,17,0,41,0,9,55,0,64,12,21,72,0,105,46,0,46,151
09/09/2014,STS,CA,AWP,WE,Towers with Radar,8,5,15,2,30,0,5,85,0,90,8,10,100,2,120,60,0,60,180
09/10/2014,STS,CA,AWP,WE,Towers with Radar,10,5,15,0,30,0,5,124,0,129,10,10,139,0,159,78,0,78,237
09/11/2014,STS,CA,AWP,WE,Towers with Radar,12,7,19,0,38,0,11,116,0,127,12,18,135,0,165,82,0,82,247
09/12/2014,STS,CA,AWP,WE,Towers with Radar,12,5,22,0,39,0,2,108,0,110,12,7,130,0,149,46,0,46,195
09/13/2014,STS,CA,AWP,WE,Towers with Radar,10,9,21,0,40,13,4,141,1,159,23,13,162,1,199,66,0,66,265
09/14/2014,STS,CA,AWP,WE,Towers with Radar,11,10,23,0,44,0,19,136,0,155,11,29,159,0,199,120,0,120,319
09/15/2014,STS,CA,AWP,WE,Towers with Radar,12,11,20,0,43,0,5,79,0,84,12,16,99,0,127,80,0,80,207
09/16/2014,STS,CA,AWP,WE,Towers with Radar,7,8,12,0,27,0,6,129,0,135,7,14,141,0,162,58,0,58,220
09/17/2014,STS,CA,AWP,WE,Towers with Radar,10,4,13,0,27,0,1,91,0,92,10,5,104,0,119,96,0,96,215
09/18/2014,STS,CA,AWP,WE,Towers with Radar,12,9,32,0,53,0,3,42,0,45,12,12,74,0,98,28,0,28,126
09/19/2014,STS,CA,AWP,WE,Towers with Radar,18,17,24,3,62,0,8,110,0,118,18,25,134,3,180,22,0,22,202
09/20/2014,STS,CA,AWP,WE,Towers with Radar,11,5,5,0,21,0,8,27,0,35,11,13,32,0,56,10,0,10,66
09/21/2014,STS,CA,AWP,WE,Towers with Radar,12,7,23,0,42,0,10,89,8,107,12,17,112,8,149,8,0,8,157
09/22/2014,STS,CA,AWP,WE,Towers with Radar,12,9,26,0,47,0,10,107,2,119,12,19,133,2,166,34,0,34,200
09/23/2014,STS,CA,AWP,WE,Towers with Radar,7,4,15,1,27,0,1,99,0,100,7,5,114,1,127,96,0,96,223
09/24/2014,STS,CA,AWP,WE,Towers with Radar,8,13,25,0,46,0,4,30,0,34,8,17,55,0,80,52,0,52,132
09/25/2014,STS,CA,AWP,WE,Towers with Radar,12,8,28,0,48,0,4,52,0,56,12,12,80,0,104,78,0,78,182
09/26/2014,STS,CA,AWP,WE,Towers with Radar,12,7,15,0,34,0,5,77,0,82,12,12,92,0,116,20,0,20,136
09/27/2014,STS,CA,AWP,WE,Towers with Radar,10,6,10,0,26,0,14,162,2,178,10,20,172,2,204,40,0,40,244
09/28/2014,STS,CA,AWP,WE,Towers with Radar,9,10,28,1,48,0,1,136,2,139,9,11,164,3,187,64,0,64,251
09/29/2014,STS,CA,AWP,WE,Towers with Radar,16,8,31,0,55,0,12,60,0,72,16,20,91,0,127,54,0,54,181
09/30/2014,STS,CA,AWP,WE,Towers with Radar,10,8,23,3,44,0,4,76,0,80,10,12,99,3,124,18,0,18,142
10/01/2014,STS,CA,AWP,WE,Towers with Radar,10,6,16,0,32,0,4,124,0,128,10,10,140,0,160,58,0,58,218
10/02/2014,STS,CA,AWP,WE,Towers with Radar,12,19,29,0,60,0,2,130,0,132,12,21,159,0,192,38,0,38,230
10/03/2014,STS,CA,AWP,WE,Towers with Radar,12,14,20,0,46,0,6,98,0,104,12,20,118,0,150,24,0,24,174
10/04/2014,STS,CA,AWP,WE,Towers with Radar,9,4,8,0,21,0,10,126,1,137,9,14,134,1,158,104,0,104,262
10/05/2014,STS,CA,AWP,WE,Towers with Radar,12,12,16,0,40,0,5,149,0,154,12,17,165,0,194,46,0,46,240
10/06/2014,STS,CA,AWP,WE,Towers with Radar,12,11,26,0,49,8,19,67,0,94,20,30,93,0,143,20,0,20,163
10/07/2014,STS,CA,AWP,WE,Towers with Radar,8,4,22,0,34,0,16,63,0,79,8,20,85,0,113,68,0,68,181
10/08/2014,STS,CA,AWP,WE,Towers with Radar,10,9,21,0,40,0,11,140,7,158,10,20,161,7,198,92,0,92,290
10/09/2014,STS,CA,AWP,WE,Towers with Radar,13,4,20,0,37,0,6,99,0,105,13,10,119,0,142,74,0,74,216
10/10/2014,STS,CA,AWP,WE,Towers with Radar,12,5,36,0,53,0,18,107,1,126,12,23,143,1,179,26,0,26,205
10/11/2014,STS,CA,AWP,WE,Towers with Radar,10,7,16,0,33,0,13,148,0,161,10,20,164,0,194,62,0,62,256
10/12/2014,STS,CA,AWP,WE,Towers with Radar,12,7,12,0,31,0,10,107,0,117,12,17,119,0,148,90,0,90,238
10/13/2014,STS,CA,AWP,WE,Towers with Radar,11,4,28,0,43,0,1,119,1,121,11,5,147,1,164,64,0,64,228
10/14/2014,STS,CA,AWP,WE,Towers with Radar,6,16,28,0,50,0,17,25,0,42,6,33,53,0,92,48,0,48,140
10/15/2014,STS,CA,AWP,WE,Towers with Radar,10,8,19,0,37,0,3,64,0,67,10,11,83,0,104,52,0,52,156
10/16/2014,STS,CA,AWP,WE,Towers with Radar,12,7,28,0,47,0,10,116,1,127,12,17,144,1,174,76,0,76,250
10/17/2014,STS,CA,AWP,WE,Towers with Radar,10,9,7,0,26,0,5,57,0,62,10,14,64,0,88,36,0,36,124
10/18/2014,STS,CA,AWP,WE,Towers with Radar,10,3,13,0,26,0,29,135,1,165,10,32,148,1,191,102,0,102,293
10/19/2014,STS,CA,AWP,WE,Towers with Radar,14,5,35,0,54,2,4,128,1,135,16,9,163,1,189,48,0,48,237
10/20/2014,STS,CA,AWP,WE,Towers with Radar,12,14,40,0,66,0,6,41,0,47,12,20,81,0,113,44,0,44,157
10/21/2014,STS,CA,AWP,WE,Towers with Radar,8,6,12,0,26,0,10,98,1,109,8,16,110,1,135,44,0,44,179
10/22/2014,STS,CA,AWP,WE,Towers with Radar,13,7,19,1,40,0,11,146,1,158,13,18,165,2,198,76,0,76,274
10/23/2014,STS,CA,AWP,WE,Towers with Radar,11,11,15,0,37,0,2,76,6,84,11,13,91,6,121,92,0,92,213
10/24/2014,STS,CA,AWP,WE,Towers with Radar,12,12,32,0,56,0,10,118,0,128,12,22,150,0,184,104,0,104,288
10/25/2014,STS,CA,AWP,WE,Towers with Radar,11,1,24,0,36,0,2,12,0,14,11,3,36,0,50,0,0,0,50
10/26/2014,STS,CA,AWP,WE,Towers with Radar,12,8,21,0,41,0,6,158,0,164,12,14,179,0,205,122,0,122,327
10/27/2014,STS,CA,AWP,WE,Towers with Radar,12,5,16,0,33,0,9,138,0,147,12,14,154,0,180,34,0,34,214
10/28/2014,STS,CA,AWP,WE,Towers with Radar,8,15,15,2,40,0,3,150,2,155,8,18,165,4,195,88,0,88,283
10/29/2014,STS,CA,AWP,WE,Towers with Radar,10,5,10,0,25,0,4,118,0,122,10,9,128,0,147,82,0,82,229
10/30/2014,STS,CA,AWP,WE,Towers with Radar,12,3,22,0,37,0,8,106,2,116,12,11,128,2,153,118,0,118,271
10/31/2014,STS,CA,AWP,WE,Towers with Radar,12,7,25,0,44,0,4,19,0,23,12,11,44,0,67,22,0,22,89
11/01/2014,STS,CA,AWP,WE,Towers with Radar,10,6,7,0,23,0,9,150,1,160,10,15,157,1,183,66,0,66,249
11/02/2014,STS,CA,AWP,WE,Towers with Radar,7,10,21,0,38,3,2,173,0,178,10,12,194,0,216,124,0,124,340
11/03/2014,STS,CA,AWP,WE,Towers with Radar,10,3,15,0,28,0,6,104,0,110,10,9,119,0,138,76,0,76,214
11/04/2014,STS,CA,AWP,WE,Towers with Radar,7,8,14,1,30,0,21,109,0,130,7,29,123,1,160,76,0,76,236
11/05/2014,STS,CA,AWP,WE,Towers with Radar,8,8,17,0,33,0,11,136,0,147,8,19,153,0,180,70,0,70,250
11/06/2014,STS,CA,AWP,WE,Towers with Radar,9,9,13,0,31,0,20,145,0,165,9,29,158,0,196,58,0,58,254
11/07/2014,STS,CA,AWP,WE,Towers with Radar,8,9,16,0,33,0,21,152,0,173,8,30,168,0,206,54,0,54,260
11/08/2014,STS,CA,AWP,WE,Towers with Radar,8,9,23,0,40,0,10,153,0,163,8,19,176,0,203,40,0,40,243
11/09/2014,STS,CA,AWP,WE,Towers with Radar,7,7,15,0,29,0,14,150,0,164,7,21,165,0,193,116,0,116,309
11/10/2014,STS,CA,AWP,WE,Towers with Radar,9,5,10,0,24,0,10,121,1,132,9,15,131,1,156,82,0,82,238
11/11/2014,STS,CA,AWP,WE,Towers with Radar,8,5,38,0,51,0,8,61,1,70,8,13,99,1,121,66,0,66,187
11/12/2014,STS,CA,AWP,WE,Towers with Radar,8,2,22,0,32,0,12,72,0,84,8,14,94,0,116,20,0,20,136
11/13/2014,STS,CA,AWP,WE,Towers with Radar,8,10,33,0,51,0,7,20,0,27,8,17,53,0,78,7,0,7,85
11/14/2014,STS,CA,AWP,WE,Towers with Radar,8,11,18,0,37,0,11,104,3,118,8,22,122,3,155,86,0,86,241
11/15/2014,STS,CA,AWP,WE,Towers with Radar,8,1,16,0,25,0,2,115,0,117,8,3,131,0,142,58,0,58,200
11/16/2014,STS,CA,AWP,WE,Towers with Radar,8,0,15,0,23,0,12,134,1,147,8,12,149,1,170,60,0,60,230
11/17/2014,STS,CA,AWP,WE,Towers with Radar,7,4,7,0,18,0,13,99,0,112,7,17,106,0,130,68,0,68,198
11/18/2014,STS,CA,AWP,WE,Towers with Radar,8,4,20,1,33,0,9,80,1,90,8,13,100,2,123,88,0,88,211
11/19/2014,STS,CA,AWP,WE,Towers with Radar,15,6,31,4,56,0,0,0,0,0,15,6,31,4,56,0,0,0,56
11/20/2014,STS,CA,AWP,WE,Towers with Radar,8,11,26,0,45,0,2,4,0,6,8,13,30,0,51,14,0,14,65
11/21/2014,STS,CA,AWP,WE,Towers with Radar,8,10,35,1,54,0,12,33,4,49,8,22,68,5,103,52,0,52,155
11/22/2014,STS,CA,AWP,WE,Towers with Radar,8,6,21,0,35,0,11,69,9,89,8,17,90,9,124,22,0,22,146
11/23/2014,STS,CA,AWP,WE,Towers with Radar,8,4,12,0,24,0,4,143,0,147,8,8,155,0,171,100,0,100,271
11/24/2014,STS,CA,AWP,WE,Towers with Radar,8,7,9,0,24,0,4,133,0,137,8,11,142,0,161,108,0,108,269
11/25/2014,STS,CA,AWP,WE,Towers with Radar,8,4,12,1,25,0,7,124,6,137,8,11,136,7,162,46,0,46,208
11/26/2014,STS,CA,AWP,WE,Towers with Radar,8,8,17,0,33,0,13,129,1,143,8,21,146,1,176,188,0,188,364
11/27/2014,STS,CA,AWP,WE,Towers with Radar,8,2,9,0,19,0,1,74,0,75,8,3,83,0,94,81,0,81,175
11/28/2014,STS,CA,AWP,WE,Towers with Radar,8,17,20,0,45,0,3,50,0,53,8,20,70,0,98,62,0,62,160
11/29/2014,STS,CA,AWP,WE,Towers with Radar,8,6,31,0,45,0,0,8,0,8,8,6,39,0,53,0,0,0,53
11/30/2014,STS,CA,AWP,WE,Towers with Radar,8,12,24,0,44,0,19,44,1,64,8,31,68,1,108,36,0,36,144
12/01/2014,STS,CA,AWP,WE,Towers with Radar,8,11,23,0,42,0,5,21,0,26,8,16,44,0,68,38,0,38,106
12/02/2014,STS,CA,AWP,WE,Towers with Radar,8,12,23,5,48,0,2,3,2,7,8,14,26,7,55,8,0,8,63
12/03/2014,STS,CA,AWP,WE,Towers with Radar,6,16,14,2,38,0,0,1,0,1,6,16,15,2,39,10,0,10,49
12/04/2014,STS,CA,AWP,WE,Towers with Radar,10,5,25,0,40,0,4,5,0,9,10,9,30,0,49,0,0,0,49
12/05/2014,STS,CA,AWP,WE,Towers with Radar,8,7,34,0,49,0,0,2,0,2,8,7,36,0,51,0,0,0,51
12/06/2014,STS,CA,AWP,WE,Towers with Radar,8,4,23,0,35,0,11,54,0,65,8,15,77,0,100,52,0,52,152
12/07/2014,STS,CA,AWP,WE,Towers with Radar,8,8,28,0,44,0,6,12,0,18,8,14,40,0,62,10,0,10,72
12/08/2014,STS,CA,AWP,WE,Towers with Radar,8,8,26,1,43,0,6,11,1,18,8,14,37,2,61,2,0,2,63
12/09/2014,STS,CA,AWP,WE,Towers with Radar,8,11,29,0,48,0,0,2,0,2,8,11,31,0,50,0,0,0,50
12/10/2014,STS,CA,AWP,WE,Towers with Radar,8,12,18,0,38,0,0,3,0,3,8,12,21,0,41,2,0,2,43
12/11/2014,STS,CA,AWP,WE,Towers with Radar,8,5,6,0,19,0,0,4,0,4,8,5,10,0,23,0,0,0,23
12/12/2014,STS,CA,AWP,WE,Towers with Radar,8,3,13,0,24,0,4,15,0,19,8,7,28,0,43,6,0,6,49
12/13/2014,STS,CA,AWP,WE,Towers with Radar,8,9,21,0,38,0,5,89,0,94,8,14,110,0,132,84,0,84,216
12/14/2014,STS,CA,AWP,WE,Towers with Radar,8,5,14,0,27,0,3,78,0,81,8,8,92,0,108,48,0,48,156
12/15/2014,STS,CA,AWP,WE,Towers with Radar,8,9,20,0,37,0,1,1,0,2,8,10,21,0,39,10,0,10,49
12/16/2014,STS,CA,AWP,WE,Towers with Radar,8,10,20,0,38,0,1,10,0,11,8,11,30,0,49,14,0,14,63
12/17/2014,STS,CA,AWP,WE,Towers with Radar,8,13,19,0,40,0,0,4,0,4,8,13,23,0,44,26,0,26,70
12/18/2014,STS,CA,AWP,WE,Towers with Radar,8,9,30,0,47,0,3,15,0,18,8,12,45,0,65,48,0,48,113
12/19/2014,STS,CA,AWP,WE,Towers with Radar,8,16,35,0,59,0,4,11,0,15,8,20,46,0,74,4,0,4,78
12/20/2014,STS,CA,AWP,WE,Towers with Radar,8,5,31,0,44,0,0,0,0,0,8,5,31,0,44,0,0,0,44
12/21/2014,STS,CA,AWP,WE,Towers with Radar,8,7,26,0,41,0,0,24,0,24,8,7,50,0,65,36,0,36,101
12/22/2014,STS,CA,AWP,WE,Towers with Radar,8,9,14,0,31,0,12,176,0,188,8,21,190,0,219,66,0,66,285
12/23/2014,STS,CA,AWP,WE,Towers with Radar,8,8,16,1,33,0,9,181,2,192,8,17,197,3,225,102,0,102,327
12/24/2014,STS,CA,AWP,WE,Towers with Radar,9,6,7,0,22,0,2,6,0,8,9,8,13,0,30,8,0,8,38
12/25/2014,STS,CA,AWP,WE,Towers with Radar,8,4,3,0,15,0,2,45,0,47,8,6,48,0,62,8,0,8,70
12/26/2014,STS,CA,AWP,WE,Towers with Radar,8,2,8,0,18,0,4,143,0,147,8,6,151,0,165,30,0,30,195
12/27/2014,STS,CA,AWP,WE,Towers with Radar,8,8,12,0,28,0,4,113,0,117,8,12,125,0,145,26,0,26,171
12/28/2014,STS,CA,AWP,WE,Towers with Radar,8,2,6,0,16,0,1,116,0,117,8,3,122,0,133,16,0,16,149
12/29/2014,STS,CA,AWP,WE,Towers with Radar,8,3,15,0,26,0,2,99,0,101,8,5,114,0,127,92,0,92,219
12/30/2014,STS,CA,AWP,WE,Towers with Radar,7,9,7,2,25,0,2,22,0,24,7,11,29,2,49,15,0,15,64
12/31/2014,STS,CA,AWP,WE,Towers with Radar,8,2,3,0,13,0,3,76,0,79,8,5,79,0,92,42,0,42,134
01/01/2015,STS,CA,AWP,WE,Towers with Radar,8,3,2,0,13,0,1,103,0,104,8,4,105,0,117,18,0,18,135
01/02/2015,STS,CA,AWP,WE,Towers with Radar,8,8,8,2,26,0,23,118,0,141,8,31,126,2,167,60,0,60,227
01/03/2015,STS,CA,AWP,WE,Towers with Radar,10,12,6,0,28,0,1,150,0,151,10,13,156,0,179,42,0,42,221
01/04/2015,STS,CA,AWP,WE,Towers with Radar,8,2,6,0,16,0,0,107,0,107,8,2,113,0,123,88,0,88,211
01/05/2015,STS,CA,AWP,WE,Towers with Radar,8,4,7,0,19,0,6,91,0,97,8,10,98,0,116,70,0,70,186
01/06/2015,STS,CA,AWP,WE,Towers with Radar,7,4,13,0,24,0,2,103,3,108,7,6,116,3,132,66,0,66,198
01/07/2015,STS,CA,AWP,WE,Towers with Radar,8,3,16,0,27,0,7,152,0,159,8,10,168,0,186,50,0,50,236
01/08/2015,STS,CA,AWP,WE,Towers with Radar,8,7,20,0,35,0,5,93,0,98,8,12,113,0,133,48,0,48,181
01/09/2015,STS,CA,AWP,WE,Towers with Radar,8,2,16,0,26,0,2,115,0,117,8,4,131,0,143,32,0,32,175
01/10/2015,STS,CA,AWP,WE,Towers with Radar,8,4,11,0,23,0,2,88,0,90,8,6,99,0,113,76,0,76,189
01/11/2015,STS,CA,AWP,WE,Towers with Radar,8,9,19,0,36,0,5,90,0,95,8,14,109,0,131,88,0,88,219
01/12/2015,STS,CA,AWP,WE,Towers with Radar,7,5,15,0,27,0,11,90,2,103,7,16,105,2,130,88,0,88,218
01/13/2015,STS,CA,AWP,WE,Towers with Radar,7,10,10,0,27,0,10,107,0,117,7,20,117,0,144,48,0,48,192
01/14/2015,STS,CA,AWP,WE,Towers with Radar,8,3,14,0,25,0,11,104,6,121,8,14,118,6,146,50,0,50,196
01/15/2015,STS,CA,AWP,WE,Towers with Radar,8,13,25,0,46,0,5,59,0,64,8,18,84,0,110,65,0,65,175
01/16/2015,STS,CA,AWP,WE,Towers with Radar,8,16,36,8,68,0,0,0,0,0,8,16,36,8,68,0,0,0,68
01/17/2015,STS,CA,AWP,WE,Towers with Radar,8,10,31,0,49,0,0,0,0,0,8,10,31,0,49,0,0,0,49
01/18/2015,STS,CA,AWP,WE,Towers with Radar,8,5,21,0,34,0,0,13,0,13,8,5,34,0,47,48,0,48,95
01/19/2015,STS,CA,AWP,WE,Towers with Radar,8,4,18,0,30,0,10,101,0,111,8,14,119,0,141,80,0,80,221
01/20/2015,STS,CA,AWP,WE,Towers with Radar,8,8,12,0,28,0,7,83,2,92,8,15,95,2,120,78,0,78,198
01/21/2015,STS,CA,AWP,WE,Towers with Radar,8,8,17,0,33,0,6,83,2,91,8,14,100,2,124,63,0,63,187
01/22/2015,STS,CA,AWP,WE,Towers with Radar,8,3,20,0,31,0,6,97,0,103,8,9,117,0,134,86,0,86,220
01/23/2015,STS,CA,AWP,WE,Towers with Radar,8,9,28,0,45,0,12,143,0,155,8,21,171,0,200,84,0,84,284
01/24/2015,STS,CA,AWP,WE,Towers with Radar,8,1,11,0,20,0,11,181,0,192,8,12,192,0,212,82,0,82,294
01/25/2015,STS,CA,AWP,WE,Towers with Radar,9,10,19,0,38,0,1,126,0,127,9,11,145,0,165,62,0,62,227
01/26/2015,STS,CA,AWP,WE,Towers with Radar,8,9,10,8,35,0,10,91,1,102,8,19,101,9,137,66,0,66,203
01/27/2015,STS,CA,AWP,WE,Towers with Radar,8,6,12,0,26,0,9,59,2,70,8,15,71,2,96,52,0,52,148
01/28/2015,STS,CA,AWP,WE,Towers with Radar,8,3,14,0,25,0,10,88,0,98,8,13,102,0,123,82,0,82,205
01/29/2015,STS,CA,AWP,WE,Towers with Radar,8,9,16,0,33,0,6,123,0,129,8,15,139,0,162,108,0,108,270
01/30/2015,STS,CA,AWP,WE,Towers with Radar,10,10,19,0,39,0,13,114,0,127,10,23,133,0,166,52,0,52,218
01/31/2015,STS,CA,AWP,WE,Towers with Radar,7,4,5,0,16,0,7,145,0,152,7,11,150,0,168,80,0,80,248
02/01/2015,STS,CA,AWP,WE,Towers with Radar,9,2,6,0,17,0,9,263,0,272,9,11,269,0,289,86,0,86,375
02/02/2015,STS,CA,AWP,WE,Towers with Radar,7,2,11,0,20,0,18,116,1,135,7,20,127,1,155,84,0,84,239
02/03/2015,STS,CA,AWP,WE,Towers with Radar,8,3,11,1,23,0,6,86,1,93,8,9,97,2,116,92,6,98,214
02/04/2015,STS,CA,AWP,WE,Towers with Radar,8,15,17,0,40,0,7,38,0,45,8,22,55,0,85,32,0,32,117
02/05/2015,STS,CA,AWP,WE,Towers with Radar,9,4,27,2,42,0,4,23,0,27,9,8,50,2,69,44,0,44,113
02/06/2015,STS,CA,AWP,WE,Towers with Radar,7,12,19,0,38,0,0,0,0,0,7,12,19,0,38,2,0,2,40
02/07/2015,STS,CA,AWP,WE,Towers with Radar,9,1,18,0,28,0,0,46,0,46,9,1,64,0,74,72,0,72,146
02/08/2015,STS,CA,AWP,WE,Towers with Radar,8,1,12,1,22,0,0,7,1,8,8,1,19,2,30,0,0,0,30
02/09/2015,STS,CA,AWP,WE,Towers with Radar,9,2,24,1,36,0,9,27,2,38,9,11,51,3,74,52,6,58,132
02/10/2015,STS,CA,AWP,WE,Towers with Radar,7,6,15,1,29,0,1,124,1,126,7,7,139,2,155,106,0,106,261
02/11/2015,STS,CA,AWP,WE,Towers with Radar,8,1,14,1,24,0,8,116,1,125,8,9,130,2,149,22,0,22,171
02/12/2015,STS,CA,AWP,WE,Towers with Radar,8,9,15,2,34,0,5,112,0,117,8,14,127,2,151,68,0,68,219
02/13/2015,STS,CA,AWP,WE,Towers with Radar,6,16,28,0,50,0,6,121,1,128,6,22,149,1,178,80,0,80,258
02/14/2015,STS,CA,AWP,WE,Towers with Radar,8,7,11,0,26,0,15,216,1,232,8,22,227,1,258,94,0,94,352
02/15/2015,STS,CA,AWP,WE,Towers with Radar,9,6,19,0,34,0,3,178,0,181,9,9,197,0,215,132,0,132,347
02/16/2015,STS,CA,AWP,WE,Towers with Radar,9,11,20,0,40,0,6,187,0,193,9,17,207,0,233,104,0,104,337
02/17/2015,STS,CA,AWP,WE,Towers with Radar,8,25,40,3,76,0,2,5,1,8,8,27,45,4,84,0,0,0,84
02/18/2015,STS,CA,AWP,WE,Towers with Radar,8,12,36,0,56,0,7,64,1,72,8,19,100,1,128,64,0,64,192
02/19/2015,STS,CA,AWP,WE,Towers with Radar,14,7,39,0,60,0,1,4,0,5,14,8,43,0,65,0,0,0,65
02/20/2015,STS,CA,AWP,WE,Towers with Radar,8,5,35,0,48,0,22,76,0,98,8,27,111,0,146,68,0,68,214
02/21/2015,STS,CA,AWP,WE,Towers with Radar,10,3,17,0,30,0,3,158,0,161,10,6,175,0,191,90,0,90,281
02/22/2015,STS,CA,AWP,WE,Towers with Radar,6,5,9,0,20,0,2,93,0,95,6,7,102,0,115,50,0,50,165
02/23/2015,STS,CA,AWP,WE,Towers with Radar,8,7,9,0,24,0,10,81,7,98,8,17,90,7,122,12,8,20,142
02/24/2015,STS,CA,AWP,WE,Towers with Radar,8,5,19,1,33,0,5,134,2,141,8,10,153,3,174,86,0,86,260
02/25/2015,STS,CA,AWP,WE,Towers with Radar,8,1,18,0,27,0,7,133,0,140,8,8,151,0,167,46,0,46,213
02/26/2015,STS,CA,AWP,WE,Towers with Radar,8,3,18,1,30,0,8,167,0,175,8,11,185,1,205,80,0,80,285
02/27/2015,STS,CA,AWP,WE,Towers with Radar,8,11,16,1,36,0,4,64,4,72,8,15,80,5,108,104,32,136,244
02/28/2015,STS,CA,AWP,WE,Towers with Radar,8,9,13,0,30,0,4,102,0,106,8,13,115,0,136,90,0,90,226
03/01/2015,STS,CA,AWP,WE,Towers with Radar,8,5,12,0,25,0,7,176,2,185,8,12,188,2,210,108,0,108,318
03/02/2015,STS,CA,AWP,WE,Towers with Radar,8,7,19,0,34,0,5,58,0,63,8,12,77,0,97,64,0,64,161
03/03/2015,STS,CA,AWP,WE,Towers with Radar,8,8,15,0,31,0,5,124,0,129,8,13,139,0,160,156,0,156,316
03/04/2015,STS,CA,AWP,WE,Towers with Radar,8,4,6,2,20,0,2,112,0,114,8,6,118,2,134,114,0,114,248
03/05/2015,STS,CA,AWP,WE,Towers with Radar,8,7,11,0,26,0,4,134,0,138,8,11,145,0,164,116,0,116,280
03/06/2015,STS,CA,AWP,WE,Towers with Radar,8,10,17,0,35,0,9,150,0,159,8,19,167,0,194,92,0,92,286
03/07/2015,STS,CA,AWP,WE,Towers with Radar,8,1,8,0,17,0,2,213,0,215,8,3,221,0,232,138,0,138,370
03/08/2015,STS,CA,AWP,WE,Towers with Radar,8,11,15,0,34,0,3,205,0,208,8,14,220,0,242,142,0,142,384
03/09/2015,STS,CA,AWP,WE,Towers with Radar,8,7,21,0,36,0,4,110,2,116,8,11,131,2,152,38,6,44,196
03/10/2015,STS,CA,AWP,WE,Towers with Radar,8,5,27,0,40,0,5,39,0,44,8,10,66,0,84,86,0,86,170
03/11/2015,STS,CA,AWP,WE,Towers with Radar,8,5,25,0,38,0,8,55,0,63,8,13,80,0,101,78,30,108,209
03/12/2015,STS,CA,AWP,WE,Towers with Radar,7,4,15,0,26,0,5,166,0,171,7,9,181,0,197,68,0,68,265
03/13/2015,STS,CA,AWP,WE,Towers with Radar,8,6,15,1,30,0,6,128,3,137,8,12,143,4,167,68,0,68,235
03/14/2015,STS,CA,AWP,WE,Towers with Radar,8,0,20,0,28,0,9,136,0,145,8,9,156,0,173,76,0,76,249
03/15/2015,STS,CA,AWP,WE,Towers with Radar,8,3,16,0,27,0,6,157,0,163,8,9,173,0,190,82,0,82,272
03/16/2015,STS,CA,AWP,WE,Towers with Radar,8,1,11,1,21,0,3,106,1,110,8,4,117,2,131,58,0,58,189
03/17/2015,STS,CA,AWP,WE,Towers with Radar,8,9,12,0,29,0,5,104,1,110,8,14,116,1,139,68,0,68,207
03/18/2015,STS,CA,AWP,WE,Towers with Radar,8,3,14,0,25,0,10,119,0,129,8,13,133,0,154,122,0,122,276
03/19/2015,STS,CA,AWP,WE,Towers with Radar,9,6,21,0,36,0,13,159,0,172,9,19,180,0,208,96,0,96,304
03/20/2015,STS,CA,AWP,WE,Towers with Radar,7,2,30,0,39,0,5,126,0,131,7,7,156,0,170,108,0,108,278
03/21/2015,STS,CA,AWP,WE,Towers with Radar,7,1,15,2,25,0,5,123,0,128,7,6,138,2,153,76,0,76,229
03/22/2015,STS,CA,AWP,WE,Towers with Radar,8,9,26,5,48,0,2,40,1,43,8,11,66,6,91,50,0,50,141
03/23/2015,STS,CA,AWP,WE,Towers with Radar,8,8,12,4,32,0,10,71,1,82,8,18,83,5,114,92,0,92,206
03/24/2015,STS,CA,AWP,WE,Towers with Radar,8,10,27,0,45,0,5,55,0,60,8,15,82,0,105,42,0,42,147
03/25/2015,STS,CA,AWP,WE,Towers with Radar,8,5,6,0,19,0,9,143,0,152,8,14,149,0,171,70,0,70,241
03/26/2015,STS,CA,AWP,WE,Towers with Radar,8,6,12,1,27,0,6,132,0,138,8,12,144,1,165,108,0,108,273
03/27/2015,STS,CA,AWP,WE,Towers with Radar,6,2,19,0,27,0,5,102,0,107,6,7,121,0,134,52,0,52,186
03/28/2015,STS,CA,AWP,WE,Towers with Radar,9,2,12,0,23,0,5,169,2,176,9,7,181,2,199,120,0,120,319
03/29/2015,STS,CA,AWP,WE,Towers with Radar,8,12,11,2,33,0,4,194,0,198,8,16,205,2,231,82,0,82,313
03/30/2015,STS,CA,AWP,WE,Towers with Radar,8,2,17,0,27,0,6,135,0,141,8,8,152,0,168,136,0,136,304
03/31/2015,STS,CA,AWP,WE,Towers with Radar,9,8,10,0,27,0,9,77,0,86,9,17,87,0,113,44,0,44,157
04/01/2015,STS,CA,AWP,WE,Towers with Radar,8,7,14,0,29,0,6,106,0,112,8,13,120,0,141,26,0,26,167
04/02/2015,STS,CA,AWP,WE,Towers with Radar,8,7,13,0,28,0,10,122,0,132,8,17,135,0,160,70,0,70,230
04/03/2015,STS,CA,AWP,WE,Towers with Radar,7,9,11,0,27,0,1,145,0,146,7,10,156,0,173,110,0,110,283
04/04/2015,STS,CA,AWP,WE,Towers with Radar,9,3,10,1,23,0,3,167,8,178,9,6,177,9,201,188,10,198,399
04/05/2015,STS,CA,AWP,WE,Towers with Radar,8,4,14,0,26,0,3,24,0,27,8,7,38,0,53,0,0,0,53
04/06/2015,STS,CA,AWP,WE,Towers with Radar,8,5,12,0,25,0,16,61,0,77,8,21,73,0,102,104,0,104,206
04/07/2015,STS,CA,AWP,WE,Towers with Radar,8,8,12,0,28,0,3,18,0,21,8,11,30,0,49,40,0,40,89
04/08/2015,STS,CA,AWP,WE,Towers with Radar,8,11,23,0,42,0,5,92,0,97,8,16,115,0,139,102,0,102,241
04/09/2015,STS,CA,AWP,WE,Towers with Radar,8,7,20,0,35,0,8,135,0,143,8,15,155,0,178,130,0,130,308
04/10/2015,STS,CA,AWP,WE,Towers with Radar,8,11,24,0,43,0,7,129,0,136,8,18,153,0,179,126,0,126,305
04/11/2015,STS,CA,AWP,WE,Towers with Radar,8,8,8,1,25,0,4,146,0,150,8,12,154,1,175,42,16,58,233
04/12/2015,STS,CA,AWP,WE,Towers with Radar,8,11,17,0,36,0,6,148,1,155,8,17,165,1,191,78,12,90,281
04/13/2015,STS,CA,AWP,WE,Towers with Radar,9,8,22,0,39,0,9,47,0,56,9,17,69,0,95,46,0,46,141
04/14/2015,STS,CA,AWP,WE,Towers with Radar,9,3,17,0,29,0,15,82,0,97,9,18,99,0,126,46,0,46,172
04/15/2015,STS,CA,AWP,WE,Towers with Radar,8,7,23,2,40,0,3,121,0,124,8,10,144,2,164,138,0,138,302
04/16/2015,STS,CA,AWP,WE,Towers with Radar,9,0,18,0,27,0,9,121,0,130,9,9,139,0,157,106,0,106,263
04/17/2015,STS,CA,AWP,WE,Towers with Radar,8,9,16,1,34,0,10,128,0,138,8,19,144,1,172,66,0,66,238
04/18/2015,STS,CA,AWP,WE,Towers with Radar,8,2,22,1,33,0,5,169,0,174,8,7,191,1,207,96,0,96,303
04/19/2015,STS,CA,AWP,WE,Towers with Radar,10,12,29,0,51,0,4,123,2,129,10,16,152,2,180,78,0,78,258
04/20/2015,STS,CA,AWP,WE,Towers with Radar,9,12,18,0,39,0,10,52,0,62,9,22,70,0,101,36,0,36,137
04/21/2015,STS,CA,AWP,WE,Towers with Radar,8,23,35,0,66,0,3,15,0,18,8,26,50,0,84,4,0,4,88
04/22/2015,STS,CA,AWP,WE,Towers with Radar,10,14,12,0,36,0,5,80,0,85,10,19,92,0,121,44,0,44,165
04/23/2015,STS,CA,AWP,WE,Towers with Radar,7,17,33,1,58,0,5,117,0,122,7,22,150,1,180,110,0,110,290
04/24/2015,STS,CA,AWP,WE,Towers with Radar,8,6,15,0,29,0,3,107,2,112,8,9,122,2,141,78,0,78,219
04/25/2015,STS,CA,AWP,WE,Towers with Radar,8,10,23,0,41,0,1,105,0,106,8,11,128,0,147,94,0,94,241
04/26/2015,STS,CA,AWP,WE,Towers with Radar,10,13,22,0,45,0,10,200,1,211,10,23,222,1,256,86,0,86,342
04/27/2015,STS,CA,AWP,WE,Towers with Radar,8,8,22,0,38,0,12,131,0,143,8,20,153,0,181,48,0,48,229
04/28/2015,STS,CA,AWP,WE,Towers with Radar,8,8,20,2,38,0,3,99,0,102,8,11,119,2,140,62,0,62,202
04/29/2015,STS,CA,AWP,WE,Towers with Radar,8,12,33,0,53,0,4,165,0,169,8,16,198,0,222,68,0,68,290
04/30/2015,STS,CA,AWP,WE,Towers with Radar,8,16,22,4,50,0,6,121,0,127,8,22,143,4,177,84,0,84,261
05/01/2015,STS,CA,AWP,WE,Towers with Radar,8,10,20,0,38,0,5,128,0,133,8,15,148,0,171,120,0,120,291
05/02/2015,STS,CA,AWP,WE,Towers with Radar,8,5,11,0,24,0,5,168,0,173,8,10,179,0,197,82,0,82,279
05/03/2015,STS,CA,AWP,WE,Towers with Radar,10,10,32,0,52,0,2,72,1,75,10,12,104,1,127,26,0,26,153
05/04/2015,STS,CA,AWP,WE,Towers with Radar,10,6,48,8,72,0,6,50,0,56,10,12,98,8,128,26,0,26,154
05/05/2015,STS,CA,AWP,WE,Towers with Radar,11,9,23,1,44,0,4,94,1,99,11,13,117,2,143,48,0,48,191
05/06/2015,STS,CA,AWP,WE,Towers with Radar,10,6,13,0,29,0,3,107,0,110,10,9,120,0,139,100,0,100,239
05/07/2015,STS,CA,AWP,WE,Towers with Radar,10,3,12,0,25,0,9,69,0,78,10,12,81,0,103,60,0,60,163
05/08/2015,STS,CA,AWP,WE,Towers with Radar,10,13,21,0,44,0,3,147,1,151,10,16,168,1,195,94,0,94,289
05/09/2015,STS,CA,AWP,WE,Towers with Radar,8,2,26,0,36,0,2,139,2,143,8,4,165,2,179,46,0,46,225
05/10/2015,STS,CA,AWP,WE,Towers with Radar,10,7,23,0,40,0,8,151,1,160,10,15,174,1,200,42,0,42,242
05/11/2015,STS,CA,AWP,WE,Towers with Radar,10,16,12,0,38,0,9,95,0,104,10,25,107,0,142,116,0,116,258
05/12/2015,STS,CA,AWP,WE,Towers with Radar,10,9,19,0,38,0,14,93,0,107,10,23,112,0,145,90,0,90,235
05/13/2015,STS,CA,AWP,WE,Towers with Radar,10,10,23,0,43,0,7,86,0,93,10,17,109,0,136,132,0,132,268
05/14/2015,STS,CA,AWP,WE,Towers with Radar,10,12,31,0,53,0,1,54,2,57,10,13,85,2,110,38,12,50,160
05/15/2015,STS,CA,AWP,WE,Towers with Radar,11,9,29,0,49,0,3,124,0,127,11,12,153,0,176,52,0,52,228
05/16/2015,STS,CA,AWP,WE,Towers with Radar,8,10,17,0,35,0,9,152,0,161,8,19,169,0,196,50,17,67,263
05/17/2015,STS,CA,AWP,WE,Towers with Radar,10,10,20,0,40,0,6,112,0,118,10,16,132,0,158,106,0,106,264
05/18/2015,STS,CA,AWP,WE,Towers with Radar,10,9,21,0,40,0,6,84,1,91,10,15,105,1,131,96,0,96,227
05/19/2015,STS,CA,AWP,WE,Towers with Radar,9,5,28,0,42,0,4,62,0,66,9,9,90,0,108,44,0,44,152
05/20/2015,STS,CA,AWP,WE,Towers with Radar,10,9,28,0,47,0,4,44,0,48,10,13,72,0,95,22,0,22,117
05/21/2015,STS,CA,AWP,WE,Towers with Radar,10,11,41,4,66,0,7,53,0,60,10,18,94,4,126,124,0,124,250
05/22/2015,STS,CA,AWP,WE,Towers with Radar,11,13,35,0,59,0,4,87,9,100,11,17,122,9,159,164,0,164,323
05/23/2015,STS,CA,AWP,WE,Towers with Radar,9,5,26,0,40,0,5,122,0,127,9,10,148,0,167,190,0,190,357
05/24/2015,STS,CA,AWP,WE,Towers with Radar,10,1,16,0,27,0,10,125,1,136,10,11,141,1,163,80,0,80,243
05/25/2015,STS,CA,AWP,WE,Towers with Radar,9,7,36,0,52,0,3,86,0,89,9,10,122,0,141,138,0,138,279
05/26/2015,STS,CA,AWP,WE,Towers with Radar,10,10,18,0,38,0,1,69,0,70,10,11,87,0,108,32,0,32,140
05/27/2015,STS,CA,AWP,WE,Towers with Radar,10,7,33,0,50,0,3,86,0,89,10,10,119,0,139,114,0,114,253
05/28/2015,STS,CA,AWP,WE,Towers with Radar,10,11,37,0,58,1,5,105,0,111,11,16,142,0,169,102,0,102,271
05/29/2015,STS,CA,AWP,WE,Towers with Radar,10,7,30,0,47,0,1,175,0,176,10,8,205,0,223,92,0,92,315
05/30/2015,STS,CA,AWP,WE,Towers with Radar,8,2,16,0,26,0,10,120,1,131,8,12,136,1,157,26,0,26,183
05/31/2015,STS,CA,AWP,WE,Towers with Radar,11,5,32,0,48,0,5,108,0,113,11,10,140,0,161,102,0,102,263
06/01/2015,STS,CA,AWP,WE,Towers with Radar,8,14,35,0,57,0,8,33,0,41,8,22,68,0,98,32,0,32,130
06/02/2015,STS,CA,AWP,WE,Towers with Radar,10,4,25,0,39,0,2,118,0,120,10,6,143,0,159,92,0,92,251
06/03/2015,STS,CA,AWP,WE,Towers with Radar,10,12,26,0,48,0,4,138,0,142,10,16,164,0,190,84,0,84,274
06/04/2015,STS,CA,AWP,WE,Towers with Radar,10,21,28,0,59,0,4,109,0,113,10,25,137,0,172,142,0,142,314
06/05/2015,STS,CA,AWP,WE,Towers with Radar,10,9,25,0,44,0,5,158,4,167,10,14,183,4,211,58,0,58,269
06/06/2015,STS,CA,AWP,WE,Towers with Radar,8,10,25,0,43,0,3,180,0,183,8,13,205,0,226,108,0,108,334
06/07/2015,STS,CA,AWP,WE,Towers with Radar,16,29,30,0,75,0,2,171,10,183,16,31,201,10,258,70,0,70,328
06/08/2015,STS,CA,AWP,WE,Towers with Radar,12,14,21,0,47,0,11,123,4,138,12,25,144,4,185,42,0,42,227
06/09/2015,STS,CA,AWP,WE,Towers with Radar,12,4,22,0,38,0,19,108,0,127,12,23,130,0,165,54,0,54,219
06/10/2015,STS,CA,AWP,WE,Towers with Radar,12,7,24,0,43,0,5,73,0,78,12,12,97,0,121,12,0,12,133
06/11/2015,STS,CA,AWP,WE,Towers with Radar,12,7,17,0,36,0,3,135,0,138,12,10,152,0,174,108,0,108,282
06/12/2015,STS,CA,AWP,WE,Towers with Radar,11,13,15,0,39,0,8,152,1,161,11,21,167,1,200,36,0,36,236
06/13/2015,STS,CA,AWP,WE,Towers with Radar,10,12,11,2,35,0,9,167,17,193,10,21,178,19,228,142,0,142,370
06/14/2015,STS,CA,AWP,WE,Towers with Radar,12,14,21,0,47,0,8,162,1,171,12,22,183,1,218,72,0,72,290
06/15/2015,STS,CA,AWP,WE,Towers with Radar,12,9,16,0,37,0,14,119,2,135,12,23,135,2,172,84,0,84,256
06/16/2015,STS,CA,AWP,WE,Towers with Radar,12,1,13,0,26,0,40,128,0,168,12,41,141,0,194,64,0,64,258
06/17/2015,STS,CA,AWP,WE,Towers with Radar,12,6,17,1,36,0,3,100,1,104,12,9,117,2,140,62,0,62,202
06/18/2015,STS,CA,AWP,WE,Towers with Radar,12,8,24,0,44,0,6,112,0,118,12,14,136,0,162,116,0,116,278
06/19/2015,STS,CA,AWP,WE,Towers with Radar,12,7,23,0,42,0,12,117,0,129,12,19,140,0,171,58,0,58,229
06/20/2015,STS,CA,AWP,WE,Towers with Radar,10,14,9,0,33,0,20,163,0,183,10,34,172,0,216,104,0,104,320
06/21/2015,STS,CA,AWP,WE,Towers with Radar,13,18,25,0,56,0,14,123,0,137,13,32,148,0,193,68,0,68,261
06/22/2015,STS,CA,AWP,WE,Towers with Radar,12,3,19,0,34,0,10,111,4,125,12,13,130,4,159,42,0,42,201
06/23/2015,STS,CA,AWP,WE,Towers with Radar,12,8,7,4,31,0,7,139,2,148,12,15,146,6,179,98,0,98,277
06/24/2015,STS,CA,AWP,WE,Towers with Radar,11,11,17,1,40,0,10,175,0,185,11,21,192,1,225,52,0,52,277
06/25/2015,STS,CA,AWP,WE,Towers with Radar,12,8,22,0,42,0,8,143,0,151,12,16,165,0,193,102,0,102,295
06/26/2015,STS,CA,AWP,WE,Towers with Radar,14,11,13,0,38,0,1,154,0,155,14,12,167,0,193,148,0,148,341
06/27/2015,STS,CA,AWP,WE,Towers with Radar,10,3,19,0,32,0,7,142,0,149,10,10,161,0,181,120,0,120,301
06/28/2015,STS,CA,AWP,WE,Towers with Radar,12,11,17,0,40,0,14,167,3,184,12,25,184,3,224,66,0,66,290
06/29/2015,STS,CA,AWP,WE,Towers with Radar,12,5,17,0,34,0,8,104,1,113,12,13,121,1,147,92,0,92,239
06/30/2015,STS,CA,AWP,WE,Towers with Radar,12,5,24,0,41,0,18,109,0,127,12,23,133,0,168,76,0,76,244
07/01/2015,STS,CA,AWP,WE,Towers with Radar,10,7,20,0,37,0,8,118,0,126,10,15,138,0,163,78,0,78,241
07/02/2015,STS,CA,AWP,WE,Towers with Radar,12,5,10,0,27,0,5,91,0,96,12,10,101,0,123,118,0,118,241
07/03/2015,STS,CA,AWP,WE,Towers with Radar,12,6,20,0,38,0,9,122,1,132,12,15,142,1,170,68,0,68,238
07/04/2015,STS,CA,AWP,WE,Towers with Radar,11,0,5,0,16,0,10,109,2,121,11,10,114,2,137,80,0,80,217
07/05/2015,STS,CA,AWP,WE,Towers with Radar,12,8,22,0,42,0,8,98,2,108,12,16,120,2,150,50,0,50,200
07/06/2015,STS,CA,AWP,WE,Towers with Radar,11,4,23,0,38,0,61,92,2,155,11,65,115,2,193,50,0,50,243
07/07/2015,STS,CA,AWP,WE,Towers with Radar,13,8,20,1,42,0,24,118,6,148,13,32,138,7,190,64,0,64,254
07/08/2015,STS,CA,AWP,WE,Towers with Radar,12,9,25,2,48,0,2,63,3,68,12,11,88,5,116,72,0,72,188
07/09/2015,STS,CA,AWP,WE,Towers with Radar,12,20,63,0,95,0,1,22,3,26,12,21,85,3,121,4,0,4,125
07/10/2015,STS,CA,AWP,WE,Towers with Radar,13,10,45,0,68,0,6,57,0,63,13,16,102,0,131,36,0,36,167
07/11/2015,STS,CA,AWP,WE,Towers with Radar,11,10,28,0,49,0,2,106,1,109,11,12,134,1,158,58,0,58,216
07/12/2015,STS,CA,AWP,WE,Towers with Radar,12,25,54,1,92,0,7,161,1,169,12,32,215,2,261,86,0,86,347
07/13/2015,STS,CA,AWP,WE,Towers with Radar,12,14,26,0,52,0,14,126,3,143,12,28,152,3,195,40,0,40,235
07/14/2015,STS,CA,AWP,WE,Towers with Radar,12,12,22,2,48,0,8,91,0,99,12,20,113,2,147,70,0,70,217
07/15/2015,STS,CA,AWP,WE,Towers with Radar,12,14,36,4,66,0,5,124,0,129,12,19,160,4,195,60,0,60,255
07/16/2015,STS,CA,AWP,WE,Towers with Radar,12,36,66,0,114,0,12,126,1,139,12,48,192,1,253,44,0,44,297
07/17/2015,STS,CA,AWP,WE,Towers with Radar,12,20,38,0,70,0,6,103,0,109,12,26,141,0,179,42,0,42,221
07/18/2015,STS,CA,AWP,WE,Towers with Radar,11,11,33,0,55,0,13,166,0,179,11,24,199,0,234,72,0,72,306
07/19/2015,STS,CA,AWP,WE,Towers with Radar,12,41,77,0,130,0,2,130,1,133,12,43,207,1,263,64,0,64,327
07/20/2015,STS,CA,AWP,WE,Towers with Radar,12,7,33,4,56,0,7,112,0,119,12,14,145,4,175,110,0,110,285
07/21/2015,STS,CA,AWP,WE,Towers with Radar,12,11,20,2,45,0,6,107,2,115,12,17,127,4,160,118,0,118,278
07/22/2015,STS,CA,AWP,WE,Towers with Radar,12,10,26,6,54,0,36,195,2,233,12,46,221,8,287,112,0,112,399
07/23/2015,STS,CA,AWP,WE,Towers with Radar,12,19,48,3,82,0,18,173,0,191,12,37,221,3,273,84,0,84,357
07/24/2015,STS,CA,AWP,WE,Towers with Radar,11,17,22,0,50,0,12,145,0,157,11,29,167,0,207,70,0,70,277
07/25/2015,STS,CA,AWP,WE,Towers with Radar,9,12,27,0,48,0,19,145,0,164,9,31,172,0,212,10,0,10,222
07/26/2015,STS,CA,AWP,WE,Towers with Radar,12,14,45,1,72,0,20,139,3,162,12,34,184,4,234,36,0,36,270
07/27/2015,STS,CA,AWP,WE,Towers with Radar,12,5,17,1,35,0,15,111,2,128,12,20,128,3,163,56,0,56,219
07/28/2015,STS,CA,AWP,WE,Towers with Radar,13,5,13,2,33,0,21,143,3,167,13,26,156,5,200,98,0,98,298
07/29/2015,STS,CA,AWP,WE,Towers with Radar,12,0,16,1,29,0,33,145,2,180,12,33,161,3,209,156,0,156,365
07/30/2015,STS,CA,AWP,WE,Towers with Radar,11,7,19,1,38,25,57,130,1,213,36,64,149,2,251,54,0,54,305
07/31/2015,STS,CA,AWP,WE,Towers with Radar,12,12,27,1,52,0,22,122,1,145,12,34,149,2,197,76,0,76,273
08/01/2015,STS,CA,AWP,WE,Towers with Radar,8,4,20,0,32,9,32,82,0,123,17,36,102,0,155,40,0,40,195
08/02/2015,STS,CA,AWP,WE,Towers with Radar,12,6,18,3,39,0,46,98,6,150,12,52,116,9,189,24,0,24,213
08/03/2015,STS,CA,AWP,WE,Towers with Radar,12,2,15,0,29,0,51,75,4,130,12,53,90,4,159,2,0,2,161
08/04/2015,STS,CA,AWP,WE,Towers with Radar,12,4,22,1,39,6,32,49,1,88,18,36,71,2,127,83,0,83,210
08/05/2015,STS,CA,AWP,WE,Towers with Radar,12,5,13,0,30,0,18,88,0,106,12,23,101,0,136,98,0,98,234
08/06/2015,STS,CA,AWP,WE,Towers with Radar,14,8,20,1,43,0,9,99,2,110,14,17,119,3,153,144,0,144,297
08/07/2015,STS,CA,AWP,WE,Towers with Radar,14,10,16,2,42,0,27,99,2,128,14,37,115,4,170,34,0,34,204
08/08/2015,STS,CA,AWP,WE,Towers with Radar,10,13,16,0,39,0,13,128,0,141,10,26,144,0,180,154,0,154,334
08/09/2015,STS,CA,AWP,WE,Towers with Radar,12,8,15,0,35,0,39,149,0,188,12,47,164,0,223,92,0,92,315
08/10/2015,STS,CA,AWP,WE,Towers with Radar,12,13,20,0,45,0,132,133,1,266,12,145,153,1,311,48,0,48,359
08/11/2015,STS,CA,AWP,WE,Towers with Radar,12,13,19,0,44,0,108,91,0,199,12,121,110,0,243,70,0,70,313
08/12/2015,STS,CA,AWP,WE,Towers with Radar,10,5,18,0,33,0,61,109,0,170,10,66,127,0,203,60,0,60,263
08/13/2015,STS,CA,AWP,WE,Towers with Radar,12,8,26,0,46,0,7,117,0,124,12,15,143,0,170,56,0,56,226
08/14/2015,STS,CA,AWP,WE,Towers with Radar,12,12,24,0,48,0,16,129,6,151,12,28,153,6,199,52,0,52,251
08/15/2015,STS,CA,AWP,WE,Towers with Radar,9,8,20,0,37,1,7,63,0,71,10,15,83,0,108,64,0,64,172
08/16/2015,STS,CA,AWP,WE,Towers with Radar,12,10,16,0,38,0,13,115,0,128,12,23,131,0,166,78,0,78,244
08/17/2015,STS,CA,AWP,WE,Towers with Radar,12,8,26,2,48,0,14,96,0,110,12,22,122,2,158,82,0,82,240
08/18/2015,STS,CA,AWP,WE,Towers with Radar,12,5,28,0,45,0,6,81,0,87,12,11,109,0,132,48,0,48,180
08/19/2015,STS,CA,AWP,WE,Towers with Radar,12,9,44,0,65,0,9,82,0,91,12,18,126,0,156,38,0,38,194
08/20/2015,STS,CA,AWP,WE,Towers with Radar,12,14,41,4,71,0,7,90,3,100,12,21,131,7,171,52,8,60,231
08/21/2015,STS,CA,AWP,WE,Towers with Radar,14,9,31,0,54,1,10,104,0,115,15,19,135,0,169,34,0,34,203
08/22/2015,STS,CA,AWP,WE,Towers with Radar,10,1,26,1,38,0,15,104,0,119,10,16,130,1,157,44,0,44,201
08/23/2015,STS,CA,AWP,WE,Towers with Radar,12,10,27,1,50,0,1,119,3,123,12,11,146,4,173,140,0,140,313
08/24/2015,STS,CA,AWP,WE,Towers with Radar,12,5,34,0,51,0,27,116,0,143,12,32,150,0,194,30,0,30,224
08/25/2015,STS,CA,AWP,WE,Towers with Radar,9,1,24,0,34,2,4,102,0,108,11,5,126,0,142,70,0,70,212
08/26/2015,STS,CA,AWP,WE,Towers with Radar,11,8,22,3,44,0,13,89,1,103,11,21,111,4,147,30,0,30,177
08/27/2015,STS,CA,AWP,WE,Towers with Radar,12,12,22,0,46,0,17,144,1,162,12,29,166,1,208,56,0,56,264
08/28/2015,STS,CA,AWP,WE,Towers with Radar,12,8,21,0,41,0,6,128,1,135,12,14,149,1,176,48,0,48,224
08/29/2015,STS,CA,AWP,WE,Towers with Radar,11,5,22,1,39,0,6,96,1,103,11,11,118,2,142,108,0,108,250
08/30/2015,STS,CA,AWP,WE,Towers with Radar,13,9,14,0,36,0,22,177,1,200,13,31,191,1,236,98,0,98,334
08/31/2015,STS,CA,AWP,WE,Towers with Radar,12,11,11,3,37,0,16,105,2,123,12,27,116,5,160,100,0,100,260
09/01/2015,STS,CA,AWP,WE,Towers with Radar,11,1,15,6,33,0,15,105,1,121,11,16,120,7,154,20,40,60,214
09/02/2015,STS,CA,AWP,WE,Towers with Radar,10,10,21,0,41,10,13,122,0,145,20,23,143,0,186,94,0,94,280
09/03/2015,STS,CA,AWP,WE,Towers with Radar,12,3,18,0,33,0,11,108,0,119,12,14,126,0,152,110,0,110,262
09/04/2015,STS,CA,AWP,WE,Towers with Radar,10,9,29,0,48,0,17,126,4,147,10,26,155,4,195,48,0,48,243
09/05/2015,STS,CA,AWP,WE,Towers with Radar,10,12,15,0,37,0,6,145,0,151,10,18,160,0,188,64,0,64,252
09/06/2015,STS,CA,AWP,WE,Towers with Radar,11,6,13,0,30,0,4,118,0,122,11,10,131,0,152,52,0,52,204
09/07/2015,STS,CA,AWP,WE,Towers with Radar,12,10,25,0,47,0,12,193,1,206,12,22,218,1,253,99,0,99,352
09/08/2015,STS,CA,AWP,WE,Towers with Radar,12,15,17,3,47,0,13,138,2,153,12,28,155,5,200,120,8,128,328
09/09/2015,STS,CA,AWP,WE,Towers with Radar,11,6,18,0,35,0,11,77,0,88,11,17,95,0,123,64,0,64,187
09/10/2015,STS,CA,AWP,WE,Towers with Radar,9,12,20,2,43,0,37,137,0,174,9,49,157,2,217,146,0,146,363
09/11/2015,STS,CA,AWP,WE,Towers with Radar,12,13,19,0,44,0,19,129,0,148,12,32,148,0,192,24,0,24,216
09/12/2015,STS,CA,AWP,WE,Towers with Radar,10,12,22,0,44,0,62,79,8,149,10,74,101,8,193,22,0,22,215
09/13/2015,STS,CA,AWP,WE,Towers with Radar,14,14,37,2,67,0,30,101,8,139,14,44,138,10,206,64,0,64,270
09/14/2015,STS,CA,AWP,WE,Towers with Radar,12,17,34,2,65,0,10,22,0,32,12,27,56,2,97,10,0,10,107
09/15/2015,STS,CA,AWP,WE,Towers with Radar,12,15,10,0,37,0,88,124,2,214,12,103,134,2,251,108,0,108,359
09/16/2015,STS,CA,AWP,WE,Towers with Radar,14,13,38,0,65,0,9,16,0,25,14,22,54,0,90,14,0,14,104
09/17/2015,STS,CA,AWP,WE,Towers with Radar,12,16,30,0,58,0,7,97,0,104,12,23,127,0,162,130,0,130,292
09/18/2015,STS,CA,AWP,WE,Towers with Radar,12,16,26,0,54,0,10,137,0,147,12,26,163,0,201,78,0,78,279
09/19/2015,STS,CA,AWP,WE,Towers with Radar,10,6,11,0,27,0,2,120,0,122,10,8,131,0,149,54,0,54,203
09/20/2015,STS,CA,AWP,WE,Towers with Radar,12,12,34,3,61,0,5,134,2,141,12,17,168,5,202,146,0,146,348
09/21/2015,STS,CA,AWP,WE,Towers with Radar,9,10,17,0,36,0,13,90,1,104,9,23,107,1,140,84,0,84,224
09/22/2015,STS,CA,AWP,WE,Towers with Radar,12,11,18,0,41,0,4,67,2,73,12,15,85,2,114,90,0,90,204
09/23/2015,STS,CA,AWP,WE,Towers with Radar,12,18,23,2,55,0,19,86,10,115,12,37,109,12,170,132,0,132,302
09/24/2015,STS,CA,AWP,WE,Towers with Radar,12,11,26,2,51,0,8,95,4,107,12,19,121,6,158,130,0,130,288
09/25/2015,STS,CA,AWP,WE,Towers with Radar,13,8,12,1,34,0,9,120,2,131,13,17,132,3,165,46,4,50,215
09/26/2015,STS,CA,AWP,WE,Towers with Radar,7,4,1,0,12,0,6,89,0,95,7,10,90,0,107,24,0,24,131
09/27/2015,STS,CA,AWP,WE,Towers with Radar,13,8,21,1,43,0,8,130,0,138,13,16,151,1,181,30,0,30,211
09/28/2015,STS,CA,AWP,WE,Towers with Radar,13,12,22,4,51,0,18,116,0,134,13,30,138,4,185,24,0,24,209
09/29/2015,STS,CA,AWP,WE,Towers with Radar,9,13,16,0,38,0,12,83,0,95,9,25,99,0,133,38,0,38,171
09/30/2015,STS,CA,AWP,WE,Towers with Radar,12,11,23,0,46,0,1,73,2,76,12,12,96,2,122,52,2,54,176
10/01/2015,STS,CA,AWP,WE,Towers with Radar,14,5,16,1,36,0,10,83,1,94,14,15,99,2,130,70,0,70,200
10/02/2015,STS,CA,AWP,WE,Towers with Radar,12,10,29,0,51,0,6,146,0,152,12,16,175,0,203,66,0,66,269
10/03/2015,STS,CA,AWP,WE,Towers with Radar,12,11,10,1,34,0,3,206,0,209,12,14,216,1,243,114,0,114,357
10/04/2015,STS,CA,AWP,WE,Towers with Radar,12,11,15,0,38,0,9,188,0,197,12,20,203,0,235,160,0,160,395
10/05/2015,STS,CA,AWP,WE,Towers with Radar,12,8,17,0,37,0,7,107,11,125,12,15,124,11,162,52,0,52,214
10/06/2015,STS,CA,AWP,WE,Towers with Radar,11,11,20,4,46,0,5,193,0,198,11,16,213,4,244,78,0,78,322
10/07/2015,STS,CA,AWP,WE,Towers with Radar,12,8,22,0,42,0,10,172,0,182,12,18,194,0,224,56,0,56,280
10/08/2015,STS,CA,AWP,WE,Towers with Radar,12,13,27,0,52,0,3,148,0,151,12,16,175,0,203,48,0,48,251
10/09/2015,STS,CA,AWP,WE,Towers with Radar,12,2,21,0,35,0,5,161,2,168,12,7,182,2,203,90,0,90,293
10/10/2015,STS,CA,AWP,WE,Towers with Radar,14,5,15,0,34,0,10,84,0,94,14,15,99,0,128,74,0,74,202
10/11/2015,STS,CA,AWP,WE,Towers with Radar,10,13,25,0,48,0,12,165,0,177,10,25,190,0,225,142,0,142,367
10/12/2015,STS,CA,AWP,WE,Towers with Radar,14,3,19,0,36,0,4,96,0,100,14,7,115,0,136,70,0,70,206
10/13/2015,STS,CA,AWP,WE,Towers with Radar,10,16,16,0,42,0,5,85,0,90,10,21,101,0,132,59,0,59,191
10/14/2015,STS,CA,AWP,WE,Towers with Radar,13,7,16,0,36,0,12,99,0,111,13,19,115,0,147,38,0,38,185
10/15/2015,STS,CA,AWP,WE,Towers with Radar,12,10,29,0,51,0,9,80,0,89,12,19,109,0,140,42,0,42,182
10/16/2015,STS,CA,AWP,WE,Towers with Radar,12,8,25,0,45,0,12,102,2,116,12,20,127,2,161,60,0,60,221
10/17/2015,STS,CA,AWP,WE,Towers with Radar,12,6,19,0,37,0,3,49,0,52,12,9,68,0,89,72,0,72,161
10/18/2015,STS,CA,AWP,WE,Towers with Radar,10,19,12,0,41,0,7,127,0,134,10,26,139,0,175,64,0,64,239
10/19/2015,STS,CA,AWP,WE,Towers with Radar,12,1,21,0,34,0,7,85,1,93,12,8,106,1,127,14,0,14,141
10/20/2015,STS,CA,AWP,WE,Towers with Radar,10,5,10,0,25,0,7,122,0,129,10,12,132,0,154,82,0,82,236
10/21/2015,STS,CA,AWP,WE,Towers with Radar,12,6,19,0,37,0,4,112,0,116,12,10,131,0,153,88,0,88,241
10/22/2015,STS,CA,AWP,WE,Towers with Radar,11,6,21,0,38,0,8,129,1,138,11,14,150,1,176,82,0,82,258
10/23/2015,STS,CA,AWP,WE,Towers with Radar,12,18,11,1,42,0,22,85,4,111,12,40,96,5,153,60,0,60,213
10/24/2015,STS,CA,AWP,WE,Towers with Radar,12,14,13,0,39,0,10,128,0,138,12,24,141,0,177,72,0,72,249
10/25/2015,STS,CA,AWP,WE,Towers with Radar,12,17,20,0,49,0,2,164,0,166,12,19,184,0,215,86,0,86,301
10/26/2015,STS,CA,AWP,WE,Towers with Radar,12,14,18,0,44,0,17,124,3,144,12,31,142,3,188,64,0,64,252
10/27/2015,STS,CA,AWP,WE,Towers with Radar,10,9,29,0,48,0,15,100,0,115,10,24,129,0,163,52,0,52,215
10/28/2015,STS,CA,AWP,WE,Towers with Radar,10,8,25,0,43,0,4,51,0,55,10,12,76,0,98,36,0,36,134
10/29/2015,STS,CA,AWP,WE,Towers with Radar,12,8,16,1,37,0,20,134,1,155,12,28,150,2,192,114,14,128,320
10/30/2015,STS,CA,AWP,WE,Towers with Radar,10,5,17,0,32,0,16,151,1,168,10,21,168,1,200,60,0,60,260
10/31/2015,STS,CA,AWP,WE,Towers with Radar,12,3,14,0,29,0,23,175,2,200,12,26,189,2,229,138,12,150,379
11/01/2015,STS,CA,AWP,WE,Towers with Radar,10,7,52,2,71,0,1,16,12,29,10,8,68,14,100,2,0,2,102
11/02/2015,STS,CA,AWP,WE,Towers with Radar,10,5,11,0,26,0,8,50,0,58,10,13,61,0,84,8,0,8,92
11/03/2015,STS,CA,AWP,WE,Towers with Radar,10,0,10,1,21,0,16,83,2,101,10,16,93,3,122,28,0,28,150
11/04/2015,STS,CA,AWP,WE,Towers with Radar,9,7,8,0,24,0,5,84,2,91,9,12,92,2,115,40,0,40,155
11/05/2015,STS,CA,AWP,WE,Towers with Radar,11,20,25,0,56,0,14,122,1,137,11,34,147,1,193,92,0,92,285
11/06/2015,STS,CA,AWP,WE,Towers with Radar,11,13,18,0,42,0,6,139,0,145,11,19,157,0,187,20,0,20,207
11/07/2015,STS,CA,AWP,WE,Towers with Radar,9,7,12,0,28,0,5,179,1,185,9,12,191,1,213,120,0,120,333
11/08/2015,STS,CA,AWP,WE,Towers with Radar,10,12,37,0,59,0,1,43,0,44,10,13,80,0,103,50,0,50,153
11/09/2015,STS,CA,AWP,WE,Towers with Radar,9,7,17,0,33,0,3,27,0,30,9,10,44,0,63,23,0,23,86
11/10/2015,STS,CA,AWP,WE,Towers with Radar,10,13,15,0,38,0,6,112,1,119,10,19,127,1,157,122,0,122,279
11/11/2015,STS,CA,AWP,WE,Towers with Radar,10,13,12,1,36,0,6,148,2,156,10,19,160,3,192,80,0,80,272
11/12/2015,STS,CA,AWP,WE,Towers with Radar,9,4,21,0,34,0,17,118,0,135,9,21,139,0,169,108,0,108,277
11/13/2015,STS,CA,AWP,WE,Towers with Radar,9,8,23,1,41,0,12,158,0,170,9,20,181,1,211,78,0,78,289
11/14/2015,STS,CA,AWP,WE,Towers with Radar,10,6,12,0,28,0,5,171,0,176,10,11,183,0,204,128,0,128,332
11/15/2015,STS,CA,AWP,WE,Towers with Radar,10,13,28,0,51,0,2,25,0,27,10,15,53,0,78,24,0,24,102
11/16/2015,STS,CA,AWP,WE,Towers with Radar,10,12,15,3,40,0,6,58,2,66,10,18,73,5,106,38,0,38,144
11/17/2015,STS,CA,AWP,WE,Towers with Radar,10,1,11,0,22,0,7,96,0,103,10,8,107,0,125,44,0,44,169
11/18/2015,STS,CA,AWP,WE,Towers with Radar,10,11,14,0,35,0,13,97,0,110,10,24,111,0,145,30,0,30,175
11/19/2015,STS,CA,AWP,WE,Towers with Radar,10,10,20,0,40,0,6,148,0,154,10,16,168,0,194,88,0,88,282
11/20/2015,STS,CA,AWP,WE,Towers with Radar,10,6,12,0,28,0,6,115,0,121,10,12,127,0,149,80,0,80,229
11/21/2015,STS,CA,AWP,WE,Towers with Radar,10,5,24,0,39,0,4,154,2,160,10,9,178,2,199,96,22,118,317
11/22/2015,STS,CA,AWP,WE,Towers with Radar,9,5,11,0,25,0,1,171,0,172,9,6,182,0,197,108,0,108,305
11/23/2015,STS,CA,AWP,WE,Towers with Radar,8,15,16,0,39,0,6,105,0,111,8,21,121,0,150,67,0,67,217
11/24/2015,STS,CA,AWP,WE,Towers with Radar,12,10,17,0,39,0,7,30,0,37,12,17,47,0,76,32,0,32,108
11/25/2015,STS,CA,AWP,WE,Towers with Radar,10,6,13,1,30,0,16,85,5,106,10,22,98,6,136,100,6,106,242
11/26/2015,STS,CA,AWP,WE,Towers with Radar,10,4,3,0,17,0,5,37,3,45,10,9,40,3,62,12,0,12,74
11/27/2015,STS,CA,AWP,WE,Towers with Radar,9,7,9,1,26,0,26,129,5,160,9,33,138,6,186,78,16,94,280
11/28/2015,STS,CA,AWP,WE,Towers with Radar,10,9,15,0,34,0,10,135,0,145,10,19,150,0,179,108,0,108,287
11/29/2015,STS,CA,AWP,WE,Towers with Radar,9,13,15,0,37,0,8,150,0,158,9,21,165,0,195,62,0,62,257
11/30/2015,STS,CA,AWP,WE,Towers with Radar,10,7,9,4,30,0,1,51,8,60,10,8,60,12,90,18,0,18,108
12/01/2015,STS,CA,AWP,WE,Towers with Radar,10,4,11,0,25,2,3,78,2,85,12,7,89,2,110,38,0,38,148
12/02/2015,STS,CA,AWP,WE,Towers with Radar,10,13,10,1,34,0,4,83,0,87,10,17,93,1,121,64,0,64,185
12/03/2015,STS,CA,AWP,WE,Towers with Radar,10,7,13,1,31,0,0,11,1,12,10,7,24,2,43,24,0,24,67
12/04/2015,STS,CA,AWP,WE,Towers with Radar,10,13,23,0,46,0,12,106,0,118,10,25,129,0,164,50,0,50,214
12/05/2015,STS,CA,AWP,WE,Towers with Radar,10,9,15,0,34,0,4,163,2,169,10,13,178,2,203,110,0,110,313
12/06/2015,STS,CA,AWP,WE,Towers with Radar,9,8,31,0,48,0,0,0,0,0,9,8,31,0,48,0,0,0,48
12/07/2015,STS,CA,AWP,WE,Towers with Radar,10,13,24,0,47,0,4,28,0,32,10,17,52,0,79,54,0,54,133
12/08/2015,STS,CA,AWP,WE,Towers with Radar,12,16,42,2,72,0,2,24,0,26,12,18,66,2,98,38,0,38,136
12/09/2015,STS,CA,AWP,WE,Towers with Radar,10,11,34,0,55,0,0,0,0,0,10,11,34,0,55,0,0,0,55
12/10/2015,STS,CA,AWP,WE,Towers with Radar,10,10,20,0,40,0,2,19,0,21,10,12,39,0,61,14,0,14,75
12/11/2015,STS,CA,AWP,WE,Towers with Radar,9,13,32,0,54,0,4,55,0,59,9,17,87,0,113,36,0,36,149
12/12/2015,STS,CA,AWP,WE,Towers with Radar,11,5,14,0,30,0,2,126,1,129,11,7,140,1,159,150,0,150,309
12/13/2015,STS,CA,AWP,WE,Towers with Radar,9,5,6,0,20,0,5,10,0,15,9,10,16,0,35,6,0,6,41
12/14/2015,STS,CA,AWP,WE,Towers with Radar,10,5,20,0,35,0,3,74,0,77,10,8,94,0,112,46,0,46,158
12/15/2015,STS,CA,AWP,WE,Towers with Radar,10,4,18,3,35,0,3,115,1,119,10,7,133,4,154,94,20,114,268
12/16/2015,STS,CA,AWP,WE,Towers with Radar,10,7,16,8,41,0,2,107,0,109,10,9,123,8,150,108,6,114,264
12/17/2015,STS,CA,AWP,WE,Towers with Radar,10,13,48,0,71,0,1,27,0,28,10,14,75,0,99,30,0,30,129
12/18/2015,STS,CA,AWP,WE,Towers with Radar,13,16,27,0,56,0,0,0,0,0,13,16,27,0,56,0,0,0,56
12/19/2015,STS,CA,AWP,WE,Towers with Radar,14,2,16,0,32,0,7,130,0,137,14,9,146,0,169,82,0,82,251
12/20/2015,STS,CA,AWP,WE,Towers with Radar,15,2,21,0,38,0,0,0,0,0,15,2,21,0,38,0,0,0,38
12/21/2015,STS,CA,AWP,WE,Towers with Radar,12,6,30,0,48,0,0,0,0,0,12,6,30,0,48,6,0,6,54
12/22/2015,STS,CA,AWP,WE,Towers with Radar,13,7,30,1,51,0,2,36,8,46,13,9,66,9,97,96,28,124,221
12/23/2015,STS,CA,AWP,WE,Towers with Radar,12,7,14,0,33,0,26,118,2,146,12,33,132,2,179,88,8,96,275
12/24/2015,STS,CA,AWP,WE,Towers with Radar,12,4,4,0,20,0,1,5,0,6,12,5,9,0,26,18,0,18,44
12/25/2015,STS,CA,AWP,WE,Towers with Radar,10,4,17,0,31,0,0,23,0,23,10,4,40,0,54,20,0,20,74
12/26/2015,STS,CA,AWP,WE,Towers with Radar,12,10,24,0,46,0,6,164,0,170,12,16,188,0,216,28,0,28,244
12/27/2015,STS,CA,AWP,WE,Towers with Radar,10,7,12,0,29,0,1,52,0,53,10,8,64,0,82,56,0,56,138
12/28/2015,STS,CA,AWP,WE,Towers with Radar,12,8,14,0,34,0,16,40,0,56,12,24,54,0,90,44,0,44,134
12/29/2015,STS,CA,AWP,WE,Towers with Radar,9,13,30,6,58,0,2,150,3,155,9,15,180,9,213,112,0,112,325
12/30/2015,STS,CA,AWP,WE,Towers with Radar,12,3,25,0,40,0,5,23,0,28,12,8,48,0,68,56,0,56,124
12/31/2015,STS,CA,AWP,WE,Towers with Radar,10,2,7,0,19,0,3,121,2,126,10,5,128,2,145,134,0,134,279
01/01/2016,STS,CA,AWP,WE,Towers with Radar,8,5,6,0,19,0,1,127,2,130,8,6,133,2,149,78,8,86,235
01/02/2016,STS,CA,AWP,WE,Towers with Radar,10,6,26,0,42,0,10,75,1,86,10,16,101,1,128,80,0,80,208
01/03/2016,STS,CA,AWP,WE,Towers with Radar,11,6,26,0,43,0,1,7,0,8,11,7,33,0,51,0,0,0,51
01/04/2016,STS,CA,AWP,WE,Towers with Radar,9,3,33,2,47,0,0,11,0,11,9,3,44,2,58,22,0,22,80
01/05/2016,STS,CA,AWP,WE,Towers with Radar,10,3,12,0,25,0,1,7,0,8,10,4,19,0,33,0,0,0,33
01/06/2016,STS,CA,AWP,WE,Towers with Radar,12,3,17,0,32,0,2,0,0,2,12,5,17,0,34,0,0,0,34
01/07/2016,STS,CA,AWP,WE,Towers with Radar,10,6,5,0,21,0,5,54,0,59,10,11,59,0,80,74,0,74,154
01/08/2016,STS,CA,AWP,WE,Towers with Radar,10,10,31,1,52,0,1,27,1,29,10,11,58,2,81,50,0,50,131
01/09/2016,STS,CA,AWP,WE,Towers with Radar,10,9,32,0,51,0,0,0,0,0,10,9,32,0,51,0,0,0,51
01/10/2016,STS,CA,AWP,WE,Towers with Radar,12,6,24,0,42,0,2,99,3,104,12,8,123,3,146,86,0,86,232
01/11/2016,STS,CA,AWP,WE,Towers with Radar,9,12,14,0,35,0,3,27,3,33,9,15,41,3,68,52,0,52,120
01/12/2016,STS,CA,AWP,WE,Towers with Radar,10,12,20,2,44,0,10,77,0,87,10,22,97,2,131,90,0,90,221
01/13/2016,STS,CA,AWP,WE,Towers with Radar,9,6,12,4,31,0,6,15,0,21,9,12,27,4,52,46,8,54,106
01/14/2016,STS,CA,AWP,WE,Towers with Radar,10,10,18,0,38,0,0,0,0,0,10,10,18,0,38,0,0,0,38
01/15/2016,STS,CA,AWP,WE,Towers with Radar,9,5,26,1,41,0,6,121,1,128,9,11,147,2,169,98,0,98,267
01/16/2016,STS,CA,AWP,WE,Towers with Radar,10,4,18,0,32,0,1,3,0,4,10,5,21,0,36,2,0,2,38
01/17/2016,STS,CA,AWP,WE,Towers with Radar,10,5,15,0,30,0,0,0,0,0,10,5,15,0,30,0,0,0,30
01/18/2016,STS,CA,AWP,WE,Towers with Radar,10,18,32,0,60,0,1,4,0,5,10,19,36,0,65,4,0,4,69
01/19/2016,STS,CA,AWP,WE,Towers with Radar,10,9,10,0,29,0,4,22,0,26,10,13,32,0,55,22,0,22,77
01/20/2016,STS,CA,AWP,WE,Towers with Radar,10,4,17,2,33,0,7,79,0,86,10,11,96,2,119,64,0,64,183
01/21/2016,STS,CA,AWP,WE,Towers with Radar,10,8,20,0,38,0,6,83,0,89,10,14,103,0,127,126,0,126,253
01/22/2016,STS,CA,AWP,WE,Towers with Radar,8,17,21,0,46,0,2,0,0,2,8,19,21,0,48,4,0,4,52
01/23/2016,STS,CA,AWP,WE,Towers with Radar,12,3,17,0,32,0,6,25,0,31,12,9,42,0,63,18,0,18,81
01/24/2016,STS,CA,AWP,WE,Towers with Radar,10,9,11,0,30,0,1,128,1,130,10,10,139,1,160,110,0,110,270
01/25/2016,STS,CA,AWP,WE,Towers with Radar,10,6,37,7,60,0,1,33,1,35,10,7,70,8,95,30,0,30,125
01/26/2016,STS,CA,AWP,WE,Towers with Radar,10,11,25,5,51,0,4,35,0,39,10,15,60,5,90,28,0,28,118
01/27/2016,STS,CA,AWP,WE,Towers with Radar,10,13,16,0,39,0,10,162,5,177,10,23,178,5,216,98,8,106,322
01/28/2016,STS,CA,AWP,WE,Towers with Radar,9,5,33,1,48,0,4,38,1,43,9,9,71,2,91,4,0,4,95
01/29/2016,STS,CA,AWP,WE,Towers with Radar,9,9,28,0,46,0,2,2,0,4,9,11,30,0,50,0,0,0,50
01/30/2016,STS,CA,AWP,WE,Towers with Radar,10,4,11,0,25,0,3,136,0,139,10,7,147,0,164,172,0,172,336
01/31/2016,STS,CA,AWP,WE,Towers with Radar,10,6,10,0,26,0,5,106,14,125,10,11,116,14,151,68,0,68,219
02/01/2016,STS,CA,AWP,WE,Towers with Radar,10,2,13,0,25,0,2,104,0,106,10,4,117,0,131,86,0,86,217
02/02/2016,STS,CA,AWP,WE,Towers with Radar,10,7,12,3,32,0,4,31,1,36,10,11,43,4,68,62,4,66,134
02/03/2016,STS,CA,AWP,WE,Towers with Radar,11,10,29,2,52,0,0,49,1,50,11,10,78,3,102,90,0,90,192
02/04/2016,STS,CA,AWP,WE,Towers with Radar,9,6,15,0,30,0,7,73,3,83,9,13,88,3,113,76,2,78,191
02/05/2016,STS,CA,AWP,WE,Towers with Radar,11,4,17,1,33,0,4,78,0,82,11,8,95,1,115,108,0,108,223
02/06/2016,STS,CA,AWP,WE,Towers with Radar,12,4,10,0,26,0,4,130,3,137,12,8,140,3,163,143,0,143,306
02/07/2016,STS,CA,AWP,WE,Towers with Radar,10,2,22,0,34,0,5,119,0,124,10,7,141,0,158,92,0,92,250
02/08/2016,STS,CA,AWP,WE,Towers with Radar,10,11,23,0,44,0,4,105,4,113,10,15,128,4,157,144,0,144,301
02/09/2016,STS,CA,AWP,WE,Towers with Radar,10,10,27,0,47,0,10,138,3,151,10,20,165,3,198,60,4,64,262
02/10/2016,STS,CA,AWP,WE,Towers with Radar,11,4,17,4,36,0,6,118,0,124,11,10,135,4,160,90,0,90,250
02/11/2016,STS,CA,AWP,WE,Towers with Radar,11,11,22,1,45,0,5,119,0,124,11,16,141,1,169,86,0,86,255
02/12/2016,STS,CA,AWP,WE,Towers with Radar,10,9,12,0,31,0,9,124,3,136,10,18,136,3,167,46,0,46,213
02/13/2016,STS,CA,AWP,WE,Towers with Radar,10,11,13,0,34,0,0,174,4,178,10,11,187,4,212,118,0,118,330
02/14/2016,STS,CA,AWP,WE,Towers with Radar,10,6,17,0,33,0,6,141,0,147,10,12,158,0,180,68,0,68,248
02/15/2016,STS,CA,AWP,WE,Towers with Radar,10,12,25,1,48,0,19,182,0,201,10,31,207,1,249,92,0,92,341
02/16/2016,STS,CA,AWP,WE,Towers with Radar,10,6,20,6,42,0,18,120,4,142,10,24,140,10,184,100,0,100,284
02/17/2016,STS,CA,AWP,WE,Towers with Radar,10,9,22,0,41,0,2,4,0,6,10,11,26,0,47,2,0,2,49
02/18/2016,STS,CA,AWP,WE,Towers with Radar,10,6,16,0,32,0,1,20,0,21,10,7,36,0,53,20,0,20,73
02/19/2016,STS,CA,AWP,WE,Towers with Radar,10,16,34,0,60,0,7,7,0,14,10,23,41,0,74,0,0,0,74
02/20/2016,STS,CA,AWP,WE,Towers with Radar,10,1,14,0,25,0,7,155,3,165,10,8,169,3,190,90,0,90,280
02/21/2016,STS,CA,AWP,WE,Towers with Radar,10,6,10,1,27,0,7,182,0,189,10,13,192,1,216,120,0,120,336
02/22/2016,STS,CA,AWP,WE,Towers with Radar,8,7,6,0,21,0,6,135,3,144,8,13,141,3,165,87,0,87,252
02/23/2016,STS,CA,AWP,WE,Towers with Radar,10,6,5,0,21,0,5,143,0,148,10,11,148,0,169,126,0,126,295
02/24/2016,STS,CA,AWP,WE,Towers with Radar,10,8,16,0,34,0,9,144,0,153,10,17,160,0,187,74,0,74,261
02/25/2016,STS,CA,AWP,WE,Towers with Radar,10,4,21,0,35,0,10,151,0,161,10,14,172,0,196,86,0,86,282
02/26/2016,STS,CA,AWP,WE,Towers with Radar,8,7,21,0,36,0,5,111,9,125,8,12,132,9,161,94,0,94,255
02/27/2016,STS,CA,AWP,WE,Towers with Radar,10,5,14,1,30,0,12,124,0,136,10,17,138,1,166,34,0,34,200
02/28/2016,STS,CA,AWP,WE,Towers with Radar,10,7,20,1,38,0,9,87,8,104,10,16,107,9,142,96,0,96,238
02/29/2016,STS,CA,AWP,WE,Towers with Radar,10,5,10,0,25,0,8,102,1,111,10,13,112,1,136,79,0,79,215
03/01/2016,STS,CA,AWP,WE,Towers with Radar,9,8,13,6,36,0,4,97,0,101,9,12,110,6,137,80,8,88,225
03/02/2016,STS,CA,AWP,WE,Towers with Radar,10,10,13,0,33,0,5,82,0,87,10,15,95,0,120,102,0,102,222
03/03/2016,STS,CA,AWP,WE,Towers with Radar,10,9,47,0,66,0,1,14,0,15,10,10,61,0,81,6,0,6,87
03/04/2016,STS,CA,AWP,WE,Towers with Radar,10,13,28,2,53,0,0,0,0,0,10,13,28,2,53,0,0,0,53
03/05/2016,STS,CA,AWP,WE,Towers with Radar,10,4,6,4,24,0,0,1,0,1,10,4,7,4,25,0,0,0,25
03/06/2016,STS,CA,AWP,WE,Towers with Radar,10,4,26,0,40,0,5,15,0,20,10,9,41,0,60,52,0,52,112
03/07/2016,STS,CA,AWP,WE,Towers with Radar,10,6,10,0,26,0,5,24,2,31,10,11,34,2,57,16,0,16,73
03/08/2016,STS,CA,AWP,WE,Towers with Radar,12,17,20,6,55,0,10,72,2,84,12,27,92,8,139,82,10,92,231
03/09/2016,STS,CA,AWP,WE,Towers with Radar,9,9,30,0,48,0,0,2,0,2,9,9,32,0,50,0,0,0,50
03/10/2016,STS,CA,AWP,WE,Towers with Radar,8,11,19,0,38,0,0,1,0,1,8,11,20,0,39,0,0,0,39
03/11/2016,STS,CA,AWP,WE,Towers with Radar,10,10,23,0,43,0,6,9,4,19,10,16,32,4,62,24,18,42,104
03/12/2016,STS,CA,AWP,WE,Towers with Radar,9,3,24,1,37,0,1,1,1,3,9,4,25,2,40,0,0,0,40
03/13/2016,STS,CA,AWP,WE,Towers with Radar,9,13,26,0,48,0,0,0,0,0,9,13,26,0,48,0,0,0,48
03/14/2016,STS,CA,AWP,WE,Towers with Radar,8,8,8,8,32,0,43,91,1,135,8,51,99,9,167,144,0,144,311
03/15/2016,STS,CA,AWP,WE,Towers with Radar,11,2,16,2,31,0,25,151,4,180,11,27,167,6,211,128,2,130,341
03/16/2016,STS,CA,AWP,WE,Towers with Radar,11,7,22,1,41,0,8,163,6,177,11,15,185,7,218,62,0,62,280
03/17/2016,STS,CA,AWP,WE,Towers with Radar,8,16,8,0,32,0,9,163,2,174,8,25,171,2,206,84,0,84,290
03/18/2016,STS,CA,AWP,WE,Towers with Radar,10,10,35,3,58,0,8,122,1,131,10,18,157,4,189,48,0,48,237
03/19/2016,STS,CA,AWP,WE,Towers with Radar,12,5,44,0,61,0,7,115,0,122,12,12,159,0,183,148,0,148,331
03/20/2016,STS,CA,AWP,WE,Towers with Radar,12,12,24,2,50,0,2,3,0,5,12,14,27,2,55,0,0,0,55
03/21/2016,STS,CA,AWP,WE,Towers with Radar,10,15,18,1,44,0,5,10,0,15,10,20,28,1,59,0,0,0,59
03/22/2016,STS,CA,AWP,WE,Towers with Radar,11,6,17,0,34,0,16,92,5,113,11,22,109,5,147,36,10,46,193
03/23/2016,STS,CA,AWP,WE,Towers with Radar,11,9,17,0,37,0,6,131,6,143,11,15,148,6,180,84,0,84,264
03/24/2016,STS,CA,AWP,WE,Towers with Radar,10,3,15,0,28,0,7,139,1,147,10,10,154,1,175,74,0,74,249
03/25/2016,STS,CA,AWP,WE,Towers with Radar,10,11,13,0,34,0,13,173,1,187,10,24,186,1,221,50,0,50,271
03/26/2016,STS,CA,AWP,WE,Towers with Radar,11,4,12,0,27,0,7,181,4,192,11,11,193,4,219,32,0,32,251
03/27/2016,STS,CA,AWP,WE,Towers with Radar,9,5,11,0,25,0,6,91,0,97,9,11,102,0,122,58,0,58,180
03/28/2016,STS,CA,AWP,WE,Towers with Radar,11,6,16,0,33,0,5,63,0,68,11,11,79,0,101,78,0,78,179
03/29/2016,STS,CA,AWP,WE,Towers with Radar,11,10,16,0,37,0,11,131,0,142,11,21,147,0,179,118,0,118,297
03/30/2016,STS,CA,AWP,WE,Towers with Radar,10,5,23,4,42,0,10,101,2,113,10,15,124,6,155,140,0,140,295
03/31/2016,STS,CA,AWP,WE,Towers with Radar,10,14,22,2,48,0,11,125,0,136,10,25,147,2,184,12,0,12,196
04/01/2016,STS,CA,AWP,WE,Towers with Radar,10,12,10,2,34,0,10,160,1,171,10,22,170,3,205,118,0,118,323
04/02/2016,STS,CA,AWP,WE,Towers with Radar,11,8,26,0,45,0,3,125,0,128,11,11,151,0,173,72,0,72,245
04/03/2016,STS,CA,AWP,WE,Towers with Radar,10,14,30,0,54,0,3,132,0,135,10,17,162,0,189,38,0,38,227
04/04/2016,STS,CA,AWP,WE,Towers with Radar,11,6,9,0,26,0,7,109,1,117,11,13,118,1,143,112,0,112,255
04/05/2016,STS,CA,AWP,WE,Towers with Radar,12,14,14,0,40,0,7,137,2,146,12,21,151,2,186,114,0,114,300
04/06/2016,STS,CA,AWP,WE,Towers with Radar,14,13,11,0,38,0,6,157,0,163,14,19,168,0,201,102,0,102,303
04/07/2016,STS,CA,AWP,WE,Towers with Radar,13,13,14,0,40,0,6,94,0,100,13,19,108,0,140,80,0,80,220
04/08/2016,STS,CA,AWP,WE,Towers with Radar,13,13,25,0,51,0,8,73,0,81,13,21,98,0,132,104,0,104,236
04/09/2016,STS,CA,AWP,WE,Towers with Radar,14,16,19,2,51,0,0,0,0,0,14,16,19,2,51,0,0,0,51
04/10/2016,STS,CA,AWP,WE,Towers with Radar,12,7,43,2,64,0,3,19,0,22,12,10,62,2,86,60,0,60,146
04/11/2016,STS,CA,AWP,WE,Towers with Radar,12,12,21,1,46,0,3,46,6,55,12,15,67,7,101,92,20,112,213
04/12/2016,STS,CA,AWP,WE,Towers with Radar,12,13,14,2,41,0,6,77,0,83,12,19,91,2,124,82,0,82,206
04/13/2016,STS,CA,AWP,WE,Towers with Radar,11,11,8,0,30,0,17,106,0,123,11,28,114,0,153,84,0,84,237
04/14/2016,STS,CA,AWP,WE,Towers with Radar,13,6,23,2,44,0,7,111,0,118,13,13,134,2,162,42,0,42,204
04/15/2016,STS,CA,AWP,WE,Towers with Radar,12,13,10,0,35,0,4,149,0,153,12,17,159,0,188,100,0,100,288
04/16/2016,STS,CA,AWP,WE,Towers with Radar,13,6,22,0,41,0,9,197,13,219,13,15,219,13,260,92,0,92,352
04/17/2016,STS,CA,AWP,WE,Towers with Radar,11,17,15,0,43,0,8,201,0,209,11,25,216,0,252,66,0,66,318
04/18/2016,STS,CA,AWP,WE,Towers with Radar,12,12,12,0,36,0,14,120,0,134,12,26,132,0,170,56,0,56,226
04/19/2016,STS,CA,AWP,WE,Towers with Radar,11,14,18,0,43,0,13,126,0,139,11,27,144,0,182,72,0,72,254
04/20/2016,STS,CA,AWP,WE,Towers with Radar,10,12,14,0,36,0,16,153,0,169,10,28,167,0,205,84,0,84,289
04/21/2016,STS,CA,AWP,WE,Towers with Radar,12,7,40,2,61,0,7,34,0,41,12,14,74,2,102,28,0,28,130
04/22/2016,STS,CA,AWP,WE,Towers with Radar,12,16,29,0,57,0,10,3,0,13,12,26,32,0,70,0,0,0,70
04/23/2016,STS,CA,AWP,WE,Towers with Radar,12,3,10,0,25,0,6,134,1,141,12,9,144,1,166,88,0,88,254
04/24/2016,STS,CA,AWP,WE,Towers with Radar,12,13,20,0,45,0,1,136,0,137,12,14,156,0,182,44,0,44,226
04/25/2016,STS,CA,AWP,WE,Towers with Radar,10,16,7,0,33,0,4,79,0,83,10,20,86,0,116,36,0,36,152
04/26/2016,STS,CA,AWP,WE,Towers with Radar,13,7,21,4,45,0,11,140,3,154,13,18,161,7,199,156,0,156,355
04/27/2016,STS,CA,AWP,WE,Towers with Radar,13,11,20,4,48,0,10,24,4,38,13,21,44,8,86,20,0,20,106
04/28/2016,STS,CA,AWP,WE,Towers with Radar,12,7,20,0,39,0,10,117,4,131,12,17,137,4,170,80,0,80,250
04/29/2016,STS,CA,AWP,WE,Towers with Radar,12,4,19,0,35,0,14,134,0,148,12,18,153,0,183,92,0,92,275
04/30/2016,STS,CA,AWP,WE,Towers with Radar,13,2,15,0,30,0,15,110,8,133,13,17,125,8,163,52,0,52,215
05/01/2016,STS,CA,AWP,WE,Towers with Radar,14,12,14,0,40,0,20,145,4,169,14,32,159,4,209,84,0,84,293
05/02/2016,STS,CA,AWP,WE,Towers with Radar,13,4,14,2,33,0,10,101,0,111,13,14,115,2,144,80,0,80,224
05/03/2016,STS,CA,AWP,WE,Towers with Radar,10,6,19,0,35,0,7,91,0,98,10,13,110,0,133,48,0,48,181
05/04/2016,STS,CA,AWP,WE,Towers with Radar,13,10,22,1,46,0,11,72,0,83,13,21,94,1,129,64,0,64,193
05/05/2016,STS,CA,AWP,WE,Towers with Radar,12,10,30,0,52,0,9,27,0,36,12,19,57,0,88,80,0,80,168
05/06/2016,STS,CA,AWP,WE,Towers with Radar,12,7,43,4,66,0,10,13,0,23,12,17,56,4,89,6,0,6,95
05/07/2016,STS,CA,AWP,WE,Towers with Radar,10,3,45,0,58,0,3,0,0,3,10,6,45,0,61,2,0,2,63
05/08/2016,STS,CA,AWP,WE,Towers with Radar,14,16,26,0,56,0,8,42,3,53,14,24,68,3,109,16,0,16,125
05/09/2016,STS,CA,AWP,WE,Towers with Radar,12,7,26,0,45,0,4,53,0,57,12,11,79,0,102,60,0,60,162
05/10/2016,STS,CA,AWP,WE,Towers with Radar,12,9,27,2,50,0,6,87,0,93,12,15,114,2,143,66,0,66,209
05/11/2016,STS,CA,AWP,WE,Towers with Radar,13,13,16,1,43,0,9,102,3,114,13,22,118,4,157,62,0,62,219
05/12/2016,STS,CA,AWP,WE,Towers with Radar,12,14,40,0,66,0,10,102,6,118,12,24,142,6,184,58,0,58,242
05/13/2016,STS,CA,AWP,WE,Towers with Radar,12,10,26,0,48,0,11,110,0,121,12,21,136,0,169,102,0,102,271
05/14/2016,STS,CA,AWP,WE,Towers with Radar,10,10,36,1,57,0,7,72,8,87,10,17,108,9,144,46,0,46,190
05/15/2016,STS,CA,AWP,WE,Towers with Radar,10,7,19,0,36,0,8,174,2,184,10,15,193,2,220,120,0,120,340
05/16/2016,STS,CA,AWP,WE,Towers with Radar,12,12,13,0,37,0,13,131,3,147,12,25,144,3,184,96,0,96,280
05/17/2016,STS,CA,AWP,WE,Towers with Radar,12,11,9,0,32,0,15,115,0,130,12,26,124,0,162,198,0,198,360
05/18/2016,STS,CA,AWP,WE,Towers with Radar,12,5,11,0,28,0,13,98,0,111,12,18,109,0,139,120,0,120,259
05/19/2016,STS,CA,AWP,WE,Towers with Radar,14,9,16,0,39,0,12,97,0,109,14,21,113,0,148,76,0,76,224
05/20/2016,STS,CA,AWP,WE,Towers with Radar,12,13,21,0,46,0,12,58,0,70,12,25,79,0,116,46,0,46,162
05/21/2016,STS,CA,AWP,WE,Towers with Radar,10,5,16,0,31,0,3,28,0,31,10,8,44,0,62,14,0,14,76
05/22/2016,STS,CA,AWP,WE,Towers with Radar,12,15,26,2,55,0,5,55,1,61,12,20,81,3,116,24,0,24,140
05/23/2016,STS,CA,AWP,WE,Towers with Radar,14,9,21,0,44,0,13,101,2,116,14,22,122,2,160,94,0,94,254
05/24/2016,STS,CA,AWP,WE,Towers with Radar,14,13,13,1,41,0,12,95,1,108,14,25,108,2,149,72,0,72,221
05/25/2016,STS,CA,AWP,WE,Towers with Radar,14,14,25,0,53,0,14,71,2,87,14,28,96,2,140,60,0,60,200
05/26/2016,STS,CA,AWP,WE,Towers with Radar,19,12,14,6,51,0,16,191,2,209,19,28,205,8,260,64,0,64,324
05/27/2016,STS,CA,AWP,WE,Towers with Radar,13,14,16,0,43,0,14,223,2,239,13,28,239,2,282,134,0,134,416
05/28/2016,STS,CA,AWP,WE,Towers with Radar,12,11,22,0,45,1,17,147,1,166,13,28,169,1,211,36,0,36,247
05/29/2016,STS,CA,AWP,WE,Towers with Radar,16,7,4,0,27,0,13,96,2,111,16,20,100,2,138,30,0,30,168
05/30/2016,STS,CA,AWP,WE,Towers with Radar,15,8,12,0,35,0,10,191,0,201,15,18,203,0,236,124,0,124,360
05/31/2016,STS,CA,AWP,WE,Towers with Radar,15,12,11,0,38,0,15,139,1,155,15,27,150,1,193,50,0,50,243
06/01/2016,STS,CA,AWP,WE,Towers with Radar,14,7,19,0,40,0,17,119,0,136,14,24,138,0,176,60,0,60,236
06/02/2016,STS,CA,AWP,WE,Towers with Radar,18,11,18,0,47,0,7,105,0,112,18,18,123,0,159,84,0,84,243
06/03/2016,STS,CA,AWP,WE,Towers with Radar,14,12,9,0,35,0,9,95,0,104,14,21,104,0,139,54,0,54,193
06/04/2016,STS,CA,AWP,WE,Towers with Radar,12,8,13,0,33,0,11,154,4,169,12,19,167,4,202,50,0,50,252
06/05/2016,STS,CA,AWP,WE,Towers with Radar,18,15,13,0,46,0,7,83,3,93,18,22,96,3,139,52,14,66,205
06/06/2016,STS,CA,AWP,WE,Towers with Radar,14,16,16,0,46,0,8,105,1,114,14,24,121,1,160,62,0,62,222
06/07/2016,STS,CA,AWP,WE,Towers with Radar,14,15,15,0,44,0,21,85,1,107,14,36,100,1,151,58,0,58,209
06/08/2016,STS,CA,AWP,WE,Towers with Radar,13,10,18,0,41,0,10,75,3,88,13,20,93,3,129,34,0,34,163
06/09/2016,STS,CA,AWP,WE,Towers with Radar,18,24,48,0,90,0,10,97,3,110,18,34,145,3,200,46,0,46,246
06/10/2016,STS,CA,AWP,WE,Towers with Radar,13,22,14,4,53,0,16,124,5,145,13,38,138,9,198,82,0,82,280
06/11/2016,STS,CA,AWP,WE,Towers with Radar,15,14,14,0,43,0,23,156,0,179,15,37,170,0,222,66,0,66,288
06/12/2016,STS,CA,AWP,WE,Towers with Radar,20,43,42,0,105,0,17,146,0,163,20,60,188,0,268,50,0,50,318
06/13/2016,STS,CA,AWP,WE,Towers with Radar,14,7,16,0,37,0,14,54,2,70,14,21,70,2,107,14,0,14,121
06/14/2016,STS,CA,AWP,WE,Towers with Radar,13,4,17,2,36,0,27,80,0,107,13,31,97,2,143,30,0,30,173
06/15/2016,STS,CA,AWP,WE,Towers with Radar,14,14,9,0,37,0,17,85,0,102,14,31,94,0,139,66,0,66,205
06/16/2016,STS,CA,AWP,WE,Towers with Radar,18,10,43,0,71,0,5,50,0,55,18,15,93,0,126,34,0,34,160
06/17/2016,STS,CA,AWP,WE,Towers with Radar,13,17,32,0,62,0,21,49,1,71,13,38,81,1,133,44,10,54,187
06/18/2016,STS,CA,AWP,WE,Towers with Radar,14,10,9,0,33,0,9,163,3,175,14,19,172,3,208,46,0,46,254
06/19/2016,STS,CA,AWP,WE,Towers with Radar,17,17,36,0,70,0,16,98,0,114,17,33,134,0,184,18,0,18,202
06/20/2016,STS,CA,AWP,WE,Towers with Radar,15,9,11,1,36,0,16,115,1,132,15,25,126,2,168,32,0,32,200
06/21/2016,STS,CA,AWP,WE,Towers with Radar,14,10,4,0,28,0,8,135,1,144,14,18,139,1,172,154,0,154,326
06/22/2016,STS,CA,AWP,WE,Towers with Radar,14,8,21,0,43,0,16,115,0,131,14,24,136,0,174,62,0,62,236
06/23/2016,STS,CA,AWP,WE,Towers with Radar,14,10,15,0,39,0,11,117,2,130,14,21,132,2,169,86,0,86,255
06/24/2016,STS,CA,AWP,WE,Towers with Radar,13,19,26,0,58,0,11,137,13,161,13,30,163,13,219,40,0,40,259
06/25/2016,STS,CA,AWP,WE,Towers with Radar,13,11,11,0,35,0,23,130,2,155,13,34,141,2,190,38,0,38,228
06/26/2016,STS,CA,AWP,WE,Towers with Radar,15,21,15,0,51,0,40,117,4,161,15,61,132,4,212,44,0,44,256
06/27/2016,STS,CA,AWP,WE,Towers with Radar,14,7,14,0,35,0,17,101,2,120,14,24,115,2,155,44,6,50,205
06/28/2016,STS,CA,AWP,WE,Towers with Radar,14,6,18,0,38,0,24,122,0,146,14,30,140,0,184,70,0,70,254
06/29/2016,STS,CA,AWP,WE,Towers with Radar,15,6,16,1,38,0,24,113,1,138,15,30,129,2,176,128,24,152,328
06/30/2016,STS,CA,AWP,WE,Towers with Radar,15,16,27,0,58,0,15,158,4,177,15,31,185,4,235,98,0,98,333
07/01/2016,STS,CA,AWP,WE,Towers with Radar,15,13,22,0,50,0,20,169,7,196,15,33,191,7,246,70,14,84,330
07/02/2016,STS,CA,AWP,WE,Towers with Radar,14,4,13,0,31,0,32,136,0,168,14,36,149,0,199,44,0,44,243
07/03/2016,STS,CA,AWP,WE,Towers with Radar,16,6,17,0,39,0,9,147,0,156,16,15,164,0,195,32,0,32,227
07/04/2016,STS,CA,AWP,WE,Towers with Radar,14,6,12,0,32,0,22,69,2,93,14,28,81,2,125,26,0,26,151
07/05/2016,STS,CA,AWP,WE,Towers with Radar,14,9,30,0,53,0,7,80,0,87,14,16,110,0,140,36,0,36,176
07/06/2016,STS,CA,AWP,WE,Towers with Radar,13,11,20,1,45,0,26,102,0,128,13,37,122,1,173,48,0,48,221
07/07/2016,STS,CA,AWP,WE,Towers with Radar,19,6,29,6,60,0,7,172,0,179,19,13,201,6,239,72,0,72,311
07/08/2016,STS,CA,AWP,WE,Towers with Radar,13,6,18,2,39,0,19,90,2,111,13,25,108,4,150,30,20,50,200
07/09/2016,STS,CA,AWP,WE,Towers with Radar,14,12,9,5,40,0,6,112,4,122,14,18,121,9,162,34,0,34,196
07/10/2016,STS,CA,AWP,WE,Towers with Radar,15,8,13,0,36,0,19,151,2,172,15,27,164,2,208,10,0,10,218
07/11/2016,STS,CA,AWP,WE,Towers with Radar,16,11,17,0,44,0,22,109,10,141,16,33,126,10,185,22,0,22,207
07/12/2016,STS,CA,AWP,WE,Towers with Radar,14,14,14,2,44,0,32,133,3,168,14,46,147,5,212,68,0,68,280
07/13/2016,STS,CA,AWP,WE,Towers with Radar,14,7,24,0,45,0,9,97,4,110,14,16,121,4,155,52,0,52,207
07/14/2016,STS,CA,AWP,WE,Towers with Radar,16,31,57,0,104,0,20,138,0,158,16,51,195,0,262,44,0,44,306
07/15/2016,STS,CA,AWP,WE,Towers with Radar,15,20,30,0,65,0,25,122,0,147,15,45,152,0,212,56,0,56,268
07/16/2016,STS,CA,AWP,WE,Towers with Radar,14,13,30,0,57,0,15,109,0,124,14,28,139,0,181,30,0,30,211
07/17/2016,STS,CA,AWP,WE,Towers with Radar,16,30,51,0,97,0,6,115,4,125,16,36,166,4,222,14,0,14,236
07/18/2016,STS,CA,AWP,WE,Towers with Radar,14,10,24,0,48,0,5,68,1,74,14,15,92,1,122,42,0,42,164
07/19/2016,STS,CA,AWP,WE,Towers with Radar,13,12,29,0,54,0,12,123,2,137,13,24,152,2,191,2,0,2,193
07/20/2016,STS,CA,AWP,WE,Towers with Radar,17,9,24,0,50,0,20,115,2,137,17,29,139,2,187,98,0,98,285
07/21/2016,STS,CA,AWP,WE,Towers with Radar,19,29,60,0,108,0,10,174,6,190,19,39,234,6,298,24,14,38,336
07/22/2016,STS,CA,AWP,WE,Towers with Radar,14,15,25,0,54,0,22,125,0,147,14,37,150,0,201,42,0,42,243
07/23/2016,STS,CA,AWP,WE,Towers with Radar,13,18,26,0,57,0,19,142,0,161,13,37,168,0,218,84,0,84,302
07/24/2016,STS,CA,AWP,WE,Towers with Radar,18,52,53,0,123,0,19,157,1,177,18,71,210,1,300,50,0,50,350
07/25/2016,STS,CA,AWP,WE,Towers with Radar,14,9,24,0,47,0,3,104,0,107,14,12,128,0,154,70,0,70,224
07/26/2016,STS,CA,AWP,WE,Towers with Radar,14,3,17,2,36,0,5,139,4,148,14,8,156,6,184,52,0,52,236
07/27/2016,STS,CA,AWP,WE,Towers with Radar,14,6,27,0,47,0,26,137,0,163,14,32,164,0,210,38,0,38,248
07/28/2016,STS,CA,AWP,WE,Towers with Radar,12,17,45,3,77,0,17,123,2,142,12,34,168,5,219,68,0,68,287
07/29/2016,STS,CA,AWP,WE,Towers with Radar,15,16,23,1,55,0,34,123,6,163,15,50,146,7,218,68,4,72,290
07/30/2016,STS,CA,AWP,WE,Towers with Radar,13,13,24,0,50,0,15,130,1,146,13,28,154,1,196,82,0,82,278
07/31/2016,STS,CA,AWP,WE,Towers with Radar,16,24,52,2,94,0,22,125,1,148,16,46,177,3,242,50,0,50,292
08/01/2016,STS,CA,AWP,WE,Towers with Radar,13,15,29,1,58,0,13,91,1,105,13,28,120,2,163,60,0,60,223
08/02/2016,STS,CA,AWP,WE,Towers with Radar,14,3,18,4,39,3,52,65,2,122,17,55,83,6,161,66,0,66,227
08/03/2016,STS,CA,AWP,WE,Towers with Radar,19,9,17,0,45,0,69,118,2,189,19,78,135,2,234,40,0,40,274
08/04/2016,STS,CA,AWP,WE,Towers with Radar,18,7,35,2,62,0,13,68,0,81,18,20,103,2,143,28,0,28,171
08/05/2016,STS,CA,AWP,WE,Towers with Radar,13,6,30,2,51,0,10,92,0,102,13,16,122,2,153,60,0,60,213
08/06/2016,STS,CA,AWP,WE,Towers with Radar,14,9,34,0,57,0,19,108,0,127,14,28,142,0,184,88,0,88,272
08/07/2016,STS,CA,AWP,WE,Towers with Radar,16,16,23,2,57,0,8,120,1,129,16,24,143,3,186,40,0,40,226
08/08/2016,STS,CA,AWP,WE,Towers with Radar,13,6,14,1,34,0,28,88,11,127,13,34,102,12,161,34,0,34,195
08/09/2016,STS,CA,AWP,WE,Towers with Radar,12,14,32,1,59,0,55,101,1,157,12,69,133,2,216,92,0,92,308
08/10/2016,STS,CA,AWP,WE,Towers with Radar,13,7,19,2,41,0,14,125,1,140,13,21,144,3,181,80,0,80,261
08/11/2016,STS,CA,AWP,WE,Towers with Radar,14,12,16,0,42,0,12,115,8,135,14,24,131,8,177,30,0,30,207
08/12/2016,STS,CA,AWP,WE,Towers with Radar,14,10,27,0,51,0,13,106,6,125,14,23,133,6,176,74,18,92,268
08/13/2016,STS,CA,AWP,WE,Towers with Radar,14,5,17,0,36,0,30,136,0,166,14,35,153,0,202,86,0,86,288
08/14/2016,STS,CA,AWP,WE,Towers with Radar,15,14,22,0,51,0,112,153,2,267,15,126,175,2,318,34,0,34,352
08/15/2016,STS,CA,AWP,WE,Towers with Radar,14,12,19,0,45,0,70,86,1,157,14,82,105,1,202,64,0,64,266
08/16/2016,STS,CA,AWP,WE,Towers with Radar,13,10,20,0,43,0,14,82,0,96,13,24,102,0,139,48,0,48,187
08/17/2016,STS,CA,AWP,WE,Towers with Radar,14,16,25,0,55,0,20,135,0,155,14,36,160,0,210,110,0,110,320
08/18/2016,STS,CA,AWP,WE,Towers with Radar,18,10,18,0,46,0,12,102,0,114,18,22,120,0,160,54,0,54,214
08/19/2016,STS,CA,AWP,WE,Towers with Radar,14,13,30,1,58,0,19,133,0,152,14,32,163,1,210,108,0,108,318
08/20/2016,STS,CA,AWP,WE,Towers with Radar,14,11,18,0,43,0,9,131,0,140,14,20,149,0,183,114,0,114,297
08/21/2016,STS,CA,AWP,WE,Towers with Radar,18,21,21,0,60,0,8,118,0,126,18,29,139,0,186,50,0,50,236
08/22/2016,STS,CA,AWP,WE,Towers with Radar,14,9,28,0,51,0,3,77,1,81,14,12,105,1,132,112,0,112,244
08/23/2016,STS,CA,AWP,WE,Towers with Radar,14,8,26,2,50,0,15,98,3,116,14,23,124,5,166,58,0,58,224
08/24/2016,STS,CA,AWP,WE,Towers with Radar,14,12,18,0,44,0,10,91,1,102,14,22,109,1,146,108,0,108,254
08/25/2016,STS,CA,AWP,WE,Towers with Radar,16,16,28,0,60,0,12,91,0,103,16,28,119,0,163,62,0,62,225
08/26/2016,STS,CA,AWP,WE,Towers with Radar,14,9,43,0,66,0,25,106,2,133,14,34,149,2,199,66,0,66,265
08/27/2016,STS,CA,AWP,WE,Towers with Radar,12,4,15,0,31,0,7,80,0,87,12,11,95,0,118,50,0,50,168
08/28/2016,STS,CA,AWP,WE,Towers with Radar,16,9,21,0,46,0,6,129,0,135,16,15,150,0,181,74,0,74,255
08/29/2016,STS,CA,AWP,WE,Towers with Radar,12,9,18,0,39,0,6,69,0,75,12,15,87,0,114,64,0,64,178
08/30/2016,STS,CA,AWP,WE,Towers with Radar,12,14,13,0,39,0,17,96,0,113,12,31,109,0,152,64,0,64,216
08/31/2016,STS,CA,AWP,WE,Towers with Radar,12,10,15,0,37,0,11,124,0,135,12,21,139,0,172,86,0,86,258
09/01/2016,STS,CA,AWP,WE,Towers with Radar,19,19,23,1,62,0,7,95,1,103,19,26,118,2,165,76,0,76,241
09/02/2016,STS,CA,AWP,WE,Towers with Radar,12,15,20,0,47,0,4,153,17,174,12,19,173,17,221,72,0,72,293
09/03/2016,STS,CA,AWP,WE,Towers with Radar,12,3,8,0,23,0,31,151,0,182,12,34,159,0,205,126,0,126,331
09/04/2016,STS,CA,AWP,WE,Towers with Radar,15,6,10,0,31,0,16,132,0,148,15,22,142,0,179,110,0,110,289
09/05/2016,STS,CA,AWP,WE,Towers with Radar,7,15,24,0,46,0,29,139,1,169,7,44,163,1,215,30,0,30,245
09/06/2016,STS,CA,AWP,WE,Towers with Radar,12,8,19,0,39,0,8,98,0,106,12,16,117,0,145,10,0,10,155
09/07/2016,STS,CA,AWP,WE,Towers with Radar,12,8,22,0,42,1,13,107,0,121,13,21,129,0,163,60,0,60,223
09/08/2016,STS,CA,AWP,WE,Towers with Radar,15,15,26,3,59,0,16,93,1,110,15,31,119,4,169,8,0,8,177
09/09/2016,STS,CA,AWP,WE,Towers with Radar,12,16,26,0,54,0,8,123,0,131,12,24,149,0,185,58,0,58,243
09/10/2016,STS,CA,AWP,WE,Towers with Radar,12,5,25,0,42,0,9,102,0,111,12,14,127,0,153,36,0,36,189
09/11/2016,STS,CA,AWP,WE,Towers with Radar,16,21,25,0,62,0,19,113,0,132,16,40,138,0,194,40,0,40,234
09/12/2016,STS,CA,AWP,WE,Towers with Radar,12,11,30,0,53,0,5,80,0,85,12,16,110,0,138,68,0,68,206
09/13/2016,STS,CA,AWP,WE,Towers with Radar,10,4,8,0,22,0,18,76,0,94,10,22,84,0,116,26,0,26,142
09/14/2016,STS,CA,AWP,WE,Towers with Radar,11,12,15,0,38,0,13,125,2,140,11,25,140,2,178,28,0,28,206
09/15/2016,STS,CA,AWP,WE,Towers with Radar,16,15,25,0,56,0,10,88,0,98,16,25,113,0,154,72,0,72,226
09/16/2016,STS,CA,AWP,WE,Towers with Radar,12,10,20,0,42,0,17,98,0,115,12,27,118,0,157,92,0,92,249
09/17/2016,STS,CA,AWP,WE,Towers with Radar,16,7,22,0,45,0,9,129,2,140,16,16,151,2,185,98,0,98,283
09/18/2016,STS,CA,AWP,WE,Towers with Radar,16,9,18,0,43,0,14,126,0,140,16,23,144,0,183,112,0,112,295
09/19/2016,STS,CA,AWP,WE,Towers with Radar,12,10,19,3,44,0,9,120,2,131,12,19,139,5,175,56,6,62,237
09/20/2016,STS,CA,AWP,WE,Towers with Radar,12,10,21,3,46,0,15,125,2,142,12,25,146,5,188,76,0,76,264
09/21/2016,STS,CA,AWP,WE,Towers with Radar,12,13,22,0,47,0,15,108,0,123,12,28,130,0,170,32,0,32,202
09/22/2016,STS,CA,AWP,WE,Towers with Radar,16,11,26,1,54,1,11,135,6,153,17,22,161,7,207,26,2,28,235
09/23/2016,STS,CA,AWP,WE,Towers with Radar,12,1,12,2,27,0,10,114,13,137,12,11,126,15,164,76,0,76,240
09/24/2016,STS,CA,AWP,WE,Towers with Radar,9,12,6,0,27,0,1,65,0,66,9,13,71,0,93,10,0,10,103
09/25/2016,STS,CA,AWP,WE,Towers with Radar,16,9,13,2,40,0,32,89,6,127,16,41,102,8,167,12,0,12,179
09/26/2016,STS,CA,AWP,WE,Towers with Radar,12,21,18,2,53,0,16,129,2,147,12,37,147,4,200,38,0,38,238
09/27/2016,STS,CA,AWP,WE,Towers with Radar,12,9,25,0,46,0,27,129,0,156,12,36,154,0,202,86,0,86,288
09/28/2016,STS,CA,AWP,WE,Towers with Radar,12,20,7,0,39,0,29,155,0,184,12,49,162,0,223,66,0,66,289
09/29/2016,STS,CA,AWP,WE,Towers with Radar,16,20,31,1,68,0,11,78,1,90,16,31,109,2,158,92,0,92,250
09/30/2016,STS,CA,AWP,WE,Towers with Radar,12,14,24,0,50,0,15,117,0,132,12,29,141,0,182,90,0,90,272
10/01/2016,STS,CA,AWP,WE,Towers with Radar,12,5,9,0,26,0,20,93,0,113,12,25,102,0,139,44,0,44,183
10/02/2016,STS,CA,AWP,WE,Towers with Radar,16,10,21,0,47,0,2,40,0,42,16,12,61,0,89,62,0,62,151
10/03/2016,STS,CA,AWP,WE,Towers with Radar,12,18,28,0,58,0,4,13,0,17,12,22,41,0,75,6,0,6,81
10/04/2016,STS,CA,AWP,WE,Towers with Radar,12,14,22,0,48,0,10,106,0,116,12,24,128,0,164,46,0,46,210
10/05/2016,STS,CA,AWP,WE,Towers with Radar,13,19,16,0,48,0,20,111,0,131,13,39,127,0,179,106,0,106,285
10/06/2016,STS,CA,AWP,WE,Towers with Radar,15,19,24,0,58,0,4,109,0,113,15,23,133,0,171,60,0,60,231
10/07/2016,STS,CA,AWP,WE,Towers with Radar,12,14,21,2,49,0,12,139,4,155,12,26,160,6,204,95,0,95,299
10/08/2016,STS,CA,AWP,WE,Towers with Radar,12,4,11,0,27,0,17,199,0,216,12,21,210,0,243,108,0,108,351
10/09/2016,STS,CA,AWP,WE,Towers with Radar,16,12,16,0,44,0,11,154,0,165,16,23,170,0,209,40,0,40,249
10/10/2016,STS,CA,AWP,WE,Towers with Radar,12,13,15,0,40,0,31,122,6,159,12,44,137,6,199,84,0,84,283
10/11/2016,STS,CA,AWP,WE,Towers with Radar,12,7,13,0,32,0,10,94,0,104,12,17,107,0,136,130,0,130,266
10/12/2016,STS,CA,AWP,WE,Towers with Radar,12,8,33,0,53,0,12,92,1,105,12,20,125,1,158,42,0,42,200
10/13/2016,STS,CA,AWP,WE,Towers with Radar,19,9,20,0,48,0,13,36,0,49,19,22,56,0,97,18,0,18,115
10/14/2016,STS,CA,AWP,WE,Towers with Radar,9,10,31,0,50,0,5,10,0,15,9,15,41,0,65,16,0,16,81
10/15/2016,STS,CA,AWP,WE,Towers with Radar,13,10,11,0,34,0,3,24,0,27,13,13,35,0,61,66,0,66,127
10/16/2016,STS,CA,AWP,WE,Towers with Radar,16,21,20,0,57,0,1,9,0,10,16,22,29,0,67,48,0,48,115
10/17/2016,STS,CA,AWP,WE,Towers with Radar,14,12,18,0,44,0,19,38,0,57,14,31,56,0,101,64,0,64,165
10/18/2016,STS,CA,AWP,WE,Towers with Radar,12,4,24,7,47,0,22,146,1,169,12,26,170,8,216,120,8,128,344
10/19/2016,STS,CA,AWP,WE,Towers with Radar,12,17,15,0,44,0,16,158,4,178,12,33,173,4,222,90,0,90,312
10/20/2016,STS,CA,AWP,WE,Towers with Radar,17,15,22,0,54,0,19,121,0,140,17,34,143,0,194,68,0,68,262
10/21/2016,STS,CA,AWP,WE,Towers with Radar,12,9,17,0,38,0,15,178,2,195,12,24,195,2,233,86,0,86,319
10/22/2016,STS,CA,AWP,WE,Towers with Radar,12,11,12,0,35,0,14,171,0,185,12,25,183,0,220,94,0,94,314
10/23/2016,STS,CA,AWP,WE,Towers with Radar,14,7,16,0,37,0,10,142,2,154,14,17,158,2,191,54,0,54,245
10/24/2016,STS,CA,AWP,WE,Towers with Radar,12,14,28,3,57,0,3,5,9,17,12,17,33,12,74,2,26,28,102
10/25/2016,STS,CA,AWP,WE,Towers with Radar,13,7,52,1,73,0,4,0,0,4,13,11,52,1,77,1,0,1,78
10/26/2016,STS,CA,AWP,WE,Towers with Radar,12,8,17,0,37,0,8,132,1,141,12,16,149,1,178,188,0,188,366
10/27/2016,STS,CA,AWP,WE,Towers with Radar,16,17,46,0,79,0,0,2,0,2,16,17,48,0,81,0,0,0,81
10/28/2016,STS,CA,AWP,WE,Towers with Radar,11,12,34,0,57,0,0,2,0,2,11,12,36,0,59,0,0,0,59
10/29/2016,STS,CA,AWP,WE,Towers with Radar,12,11,24,0,47,0,4,17,0,21,12,15,41,0,68,4,0,4,72
10/30/2016,STS,CA,AWP,WE,Towers with Radar,18,5,14,0,37,0,5,15,0,20,18,10,29,0,57,4,0,4,61
10/31/2016,STS,CA,AWP,WE,Towers with Radar,15,10,25,0,50,0,5,7,0,12,15,15,32,0,62,30,0,30,92
11/01/2016,STS,CA,AWP,WE,Towers with Radar,12,11,31,0,54,1,10,78,5,94,13,21,109,5,148,126,0,126,274
11/02/2016,STS,CA,AWP,WE,Towers with Radar,14,12,17,0,43,0,6,126,4,136,14,18,143,4,179,110,0,110,289
11/03/2016,STS,CA,AWP,WE,Towers with Radar,16,13,13,0,42,0,7,161,2,170,16,20,174,2,212,86,0,86,298
11/04/2016,STS,CA,AWP,WE,Towers with Radar,11,7,11,1,30,0,9,149,12,170,11,16,160,13,200,126,0,126,326
11/05/2016,STS,CA,AWP,WE,Towers with Radar,10,6,25,0,41,0,4,124,11,139,10,10,149,11,180,30,0,30,210
11/06/2016,STS,CA,AWP,WE,Towers with Radar,27,10,40,0,77,0,3,65,0,68,27,13,105,0,145,64,0,64,209
11/07/2016,STS,CA,AWP,WE,Towers with Radar,14,5,9,0,28,0,6,81,0,87,14,11,90,0,115,28,0,28,143
11/08/2016,STS,CA,AWP,WE,Towers with Radar,12,5,8,2,27,0,20,132,3,155,12,25,140,5,182,54,0,54,236
11/09/2016,STS,CA,AWP,WE,Towers with Radar,13,9,6,0,28,0,11,91,1,103,13,20,97,1,131,68,0,68,199
11/10/2016,STS,CA,AWP,WE,Towers with Radar,16,12,16,0,44,0,12,119,0,131,16,24,135,0,175,76,0,76,251
11/11/2016,STS,CA,AWP,WE,Towers with Radar,12,10,13,0,35,0,8,122,1,131,12,18,135,1,166,140,0,140,306
11/12/2016,STS,CA,AWP,WE,Towers with Radar,12,7,23,0,42,0,5,97,0,102,12,12,120,0,144,66,0,66,210
11/13/2016,STS,CA,AWP,WE,Towers with Radar,18,14,21,1,54,0,3,145,3,151,18,17,166,4,205,128,0,128,333
11/14/2016,STS,CA,AWP,WE,Towers with Radar,12,7,31,0,50,0,8,82,0,90,12,15,113,0,140,32,0,32,172
11/15/2016,STS,CA,AWP,WE,Towers with Radar,13,22,14,2,51,0,1,4,0,5,13,23,18,2,56,8,0,8,64
11/16/2016,STS,CA,AWP,WE,Towers with Radar,12,16,10,0,38,9,16,116,2,143,21,32,126,2,181,104,0,104,285
11/17/2016,STS,CA,AWP,WE,Towers with Radar,15,16,14,0,45,0,12,126,0,138,15,28,140,0,183,62,0,62,245
11/18/2016,STS,CA,AWP,WE,Towers with Radar,11,10,10,0,31,0,12,159,0,171,11,22,169,0,202,102,0,102,304
11/19/2016,STS,CA,AWP,WE,Towers with Radar,16,9,34,0,59,0,0,0,0,0,16,9,34,0,59,0,0,0,59
11/20/2016,STS,CA,AWP,WE,Towers with Radar,16,5,19,0,40,0,3,34,0,37,16,8,53,0,77,58,0,58,135
11/21/2016,STS,CA,AWP,WE,Towers with Radar,12,10,20,0,42,0,8,104,0,112,12,18,124,0,154,66,0,66,220
11/22/2016,STS,CA,AWP,WE,Towers with Radar,14,14,22,0,50,0,17,66,0,83,14,31,88,0,133,106,0,106,239
11/23/2016,STS,CA,AWP,WE,Towers with Radar,15,21,21,0,57,0,10,107,0,117,15,31,128,0,174,112,0,112,286
11/24/2016,STS,CA,AWP,WE,Towers with Radar,13,3,5,0,21,0,14,84,0,98,13,17,89,0,119,88,0,88,207
11/25/2016,STS,CA,AWP,WE,Towers with Radar,12,10,11,0,33,0,8,88,0,96,12,18,99,0,129,56,0,56,185
11/26/2016,STS,CA,AWP,WE,Towers with Radar,11,14,25,1,51,0,2,3,1,6,11,16,28,2,57,2,0,2,59
11/27/2016,STS,CA,AWP,WE,Towers with Radar,16,21,14,0,51,0,5,131,1,137,16,26,145,1,188,74,0,74,262
11/28/2016,STS,CA,AWP,WE,Towers with Radar,12,10,16,0,38,0,11,61,0,72,12,21,77,0,110,46,0,46,156
11/29/2016,STS,CA,AWP,WE,Towers with Radar,12,7,14,0,33,0,9,113,0,122,12,16,127,0,155,110,0,110,265
11/30/2016,STS,CA,AWP,WE,Towers with Radar,15,5,27,3,50,0,7,69,0,76,15,12,96,3,126,114,0,114,240
12/01/2016,STS,CA,AWP,WE,Towers with Radar,16,8,17,0,41,0,19,124,4,147,16,27,141,4,188,82,0,82,270
12/02/2016,STS,CA,AWP,WE,Towers with Radar,12,10,21,1,44,0,14,130,0,144,12,24,151,1,188,82,0,82,270
12/03/2016,STS,CA,AWP,WE,Towers with Radar,14,7,15,0,36,0,6,198,0,204,14,13,213,0,240,130,0,130,370
12/04/2016,STS,CA,AWP,WE,Towers with Radar,16,20,9,0,45,0,13,135,6,154,16,33,144,6,199,58,6,64,263
12/05/2016,STS,CA,AWP,WE,Towers with Radar,12,10,21,0,43,0,14,62,0,76,12,24,83,0,119,68,0,68,187
12/06/2016,STS,CA,AWP,WE,Towers with Radar,12,12,20,0,44,0,12,99,1,112,12,24,119,1,156,122,0,122,278
12/07/2016,STS,CA,AWP,WE,Towers with Radar,12,17,14,0,43,0,7,48,2,57,12,24,62,2,100,40,0,40,140
12/08/2016,STS,CA,AWP,WE,Towers with Radar,14,18,32,0,64,0,0,0,0,0,14,18,32,0,64,0,0,0,64
12/09/2016,STS,CA,AWP,WE,Towers with Radar,9,10,33,0,52,0,2,3,0,5,9,12,36,0,57,16,0,16,73
12/10/2016,STS,CA,AWP,WE,Towers with Radar,12,10,21,0,43,0,2,11,0,13,12,12,32,0,56,4,0,4,60
12/11/2016,STS,CA,AWP,WE,Towers with Radar,15,4,15,0,34,0,14,120,0,134,15,18,135,0,168,154,0,154,322
12/12/2016,STS,CA,AWP,WE,Towers with Radar,12,6,14,0,32,0,18,107,4,129,12,24,121,4,161,122,28,150,311
12/13/2016,STS,CA,AWP,WE,Towers with Radar,11,14,13,0,38,0,18,35,0,53,11,32,48,0,91,60,0,60,151
12/14/2016,STS,CA,AWP,WE,Towers with Radar,12,14,26,0,52,0,0,0,0,0,12,14,26,0,52,0,0,0,52
12/15/2016,STS,CA,AWP,WE,Towers with Radar,15,11,20,0,46,0,0,0,0,0,15,11,20,0,46,0,0,0,46
12/16/2016,STS,CA,AWP,WE,Towers with Radar,16,7,16,0,39,0,14,96,0,110,16,21,112,0,149,58,0,58,207
12/17/2016,STS,CA,AWP,WE,Towers with Radar,12,3,19,0,34,0,9,146,0,155,12,12,165,0,189,94,0,94,283
12/18/2016,STS,CA,AWP,WE,Towers with Radar,15,7,9,0,31,0,7,136,0,143,15,14,145,0,174,112,0,112,286
12/19/2016,STS,CA,AWP,WE,Towers with Radar,13,6,8,0,27,0,7,101,0,108,13,13,109,0,135,136,0,136,271
12/20/2016,STS,CA,AWP,WE,Towers with Radar,12,5,10,0,27,0,14,118,0,132,12,19,128,0,159,60,0,60,219
12/21/2016,STS,CA,AWP,WE,Towers with Radar,8,3,17,0,28,0,22,132,0,154,8,25,149,0,182,194,0,194,376
12/22/2016,STS,CA,AWP,WE,Towers with Radar,15,11,14,0,40,0,10,131,4,145,15,21,145,4,185,80,0,80,265
12/23/2016,STS,CA,AWP,WE,Towers with Radar,12,11,17,0,40,0,6,16,0,22,12,17,33,0,62,24,0,24,86
12/24/2016,STS,CA,AWP,WE,Towers with Radar,12,3,13,0,28,0,5,68,1,74,12,8,81,1,102,52,0,52,154
12/25/2016,STS,CA,AWP,WE,Towers with Radar,13,2,5,0,20,0,0,39,0,39,13,2,44,0,59,16,0,16,75
12/26/2016,STS,CA,AWP,WE,Towers with Radar,16,8,10,0,34,0,7,120,0,127,16,15,130,0,161,56,0,56,217
12/27/2016,STS,CA,AWP,WE,Towers with Radar,12,8,10,0,30,0,9,81,0,90,12,17,91,0,120,84,0,84,204
12/28/2016,STS,CA,AWP,WE,Towers with Radar,10,6,3,0,19,0,9,111,2,122,10,15,114,2,141,184,0,184,325
12/29/2016,STS,CA,AWP,WE,Towers with Radar,17,11,9,0,37,0,5,143,1,149,17,16,152,1,186,134,0,134,320
12/30/2016,STS,CA,AWP,WE,Towers with Radar,12,13,17,0,42,0,14,106,0,120,12,27,123,0,162,80,0,80,242
12/31/2016,STS,CA,AWP,WE,Towers with Radar,12,8,8,0,28,0,13,95,0,108,12,21,103,0,136,46,0,46,182
01/01/2017,STS,CA,AWP,WE,Towers with Radar,10,6,7,0,23,0,8,65,0,73,10,14,72,0,96,8,0,8,104
01/02/2017,STS,CA,AWP,WE,Towers with Radar,16,8,11,0,35,0,3,19,0,22,16,11,30,0,57,22,0,22,79
01/03/2017,STS,CA,AWP,WE,Towers with Radar,13,11,25,0,49,0,0,1,0,1,13,11,26,0,50,0,0,0,50
01/04/2017,STS,CA,AWP,WE,Towers with Radar,10,6,15,0,31,0,4,18,0,22,10,10,33,0,53,34,0,34,87
01/05/2017,STS,CA,AWP,WE,Towers with Radar,14,7,8,0,29,0,9,128,0,137,14,16,136,0,166,90,0,90,256
01/06/2017,STS,CA,AWP,WE,Towers with Radar,12,20,11,0,43,0,12,132,0,144,12,32,143,0,187,88,0,88,275
01/07/2017,STS,CA,AWP,WE,Towers with Radar,18,8,9,0,35,0,0,0,0,0,18,8,9,0,35,0,0,0,35
01/08/2017,STS,CA,AWP,WE,Towers with Radar,14,6,8,0,28,0,2,0,0,2,14,8,8,0,30,0,0,0,30
01/09/2017,STS,CA,AWP,WE,Towers with Radar,12,5,15,0,32,0,5,23,2,30,12,10,38,2,62,22,0,22,84
01/10/2017,STS,CA,AWP,WE,Towers with Radar,11,11,7,0,29,0,2,0,0,2,11,13,7,0,31,0,0,0,31
01/11/2017,STS,CA,AWP,WE,Towers with Radar,10,9,26,0,45,0,2,49,2,53,10,11,75,2,98,68,0,68,166
01/12/2017,STS,CA,AWP,WE,Towers with Radar,14,6,22,0,42,0,5,49,0,54,14,11,71,0,96,128,0,128,224
01/13/2017,STS,CA,AWP,WE,Towers with Radar,11,8,21,0,40,0,5,124,0,129,11,13,145,0,169,118,0,118,287
01/14/2017,STS,CA,AWP,WE,Towers with Radar,12,2,10,0,24,0,10,154,0,164,12,12,164,0,188,66,0,66,254
01/15/2017,STS,CA,AWP,WE,Towers with Radar,19,3,22,0,44,0,1,37,0,38,19,4,59,0,82,38,0,38,120
01/16/2017,STS,CA,AWP,WE,Towers with Radar,14,13,27,0,54,0,4,70,0,74,14,17,97,0,128,8,0,8,136
01/17/2017,STS,CA,AWP,WE,Towers with Radar,12,7,37,0,56,0,9,30,0,39,12,16,67,0,95,98,0,98,193
01/18/2017,STS,CA,AWP,WE,Towers with Radar,10,11,15,0,36,0,0,0,0,0,10,11,15,0,36,0,0,0,36
01/19/2017,STS,CA,AWP,WE,Towers with Radar,13,10,26,0,49,0,4,31,0,35,13,14,57,0,84,84,0,84,168
01/20/2017,STS,CA,AWP,WE,Towers with Radar,12,10,13,0,35,0,3,8,0,11,12,13,21,0,46,12,0,12,58
01/21/2017,STS,CA,AWP,WE,Towers with Radar,10,10,9,1,30,0,2,24,1,27,10,12,33,2,57,42,0,42,99
01/22/2017,STS,CA,AWP,WE,Towers with Radar,14,10,6,0,30,0,2,30,0,32,14,12,36,0,62,50,0,50,112
01/23/2017,STS,CA,AWP,WE,Towers with Radar,10,1,12,0,23,2,8,25,0,35,12,9,37,0,58,8,0,8,66
01/24/2017,STS,CA,AWP,WE,Towers with Radar,12,4,14,1,31,0,9,79,2,90,12,13,93,3,121,106,0,106,227
01/25/2017,STS,CA,AWP,WE,Towers with Radar,10,11,17,0,38,0,5,90,0,95,10,16,107,0,133,100,0,100,233
01/26/2017,STS,CA,AWP,WE,Towers with Radar,12,2,7,0,21,0,14,79,0,93,12,16,86,0,114,72,0,72,186
01/27/2017,STS,CA,AWP,WE,Towers with Radar,11,6,14,0,31,0,8,152,1,161,11,14,166,1,192,64,0,64,256
01/28/2017,STS,CA,AWP,WE,Towers with Radar,12,5,25,0,42,0,5,129,2,136,12,10,154,2,178,30,0,30,208
01/29/2017,STS,CA,AWP,WE,Towers with Radar,0,0,0,0,0,0,0,0,0,0,0,0,0,0,0,0,0,0,0
01/30/2017,STS,CA,AWP,WE,Towers with Radar,11,4,13,0,28,0,15,116,2,133,11,19,129,2,161,68,0,68,229
01/31/2017,STS,CA,AWP,WE,Towers with Radar,13,12,13,1,39,0,8,81,4,93,13,20,94,5,132,90,0,90,222
02/01/2017,STS,CA,AWP,WE,Towers with Radar,10,3,17,6,36,0,10,43,0,53,10,13,60,6,89,26,0,26,115
02/02/2017,STS,CA,AWP,WE,Towers with Radar,14,9,28,0,51,0,0,11,0,11,14,9,39,0,62,34,0,34,96
02/03/2017,STS,CA,AWP,WE,Towers with Radar,12,9,21,4,46,0,1,19,0,20,12,10,40,4,66,30,0,30,96
02/04/2017,STS,CA,AWP,WE,Towers with Radar,12,2,25,0,39,0,3,72,0,75,12,5,97,0,114,66,0,66,180
02/05/2017,STS,CA,AWP,WE,Towers with Radar,14,5,33,0,52,0,0,37,0,37,14,5,70,0,89,40,0,40,129
02/06/2017,STS,CA,AWP,WE,Towers with Radar,12,20,20,0,52,0,0,3,0,3,12,20,23,0,55,6,0,6,61
02/07/2017,STS,CA,AWP,WE,Towers with Radar,9,6,21,1,37,0,0,18,1,19,9,6,39,2,56,12,0,12,68
02/08/2017,STS,CA,AWP,WE,Towers with Radar,8,6,15,0,29,0,0,0,0,0,8,6,15,0,29,0,0,0,29
02/09/2017,STS,CA,AWP,WE,Towers with Radar,12,5,20,0,37,0,0,0,0,0,12,5,20,0,37,0,0,0,37
02/10/2017,STS,CA,AWP,WE,Towers with Radar,13,16,21,1,51,0,7,62,1,70,13,23,83,2,121,44,0,44,165
02/11/2017,STS,CA,AWP,WE,Towers with Radar,12,5,37,2,56,0,6,171,2,179,12,11,208,4,235,98,0,98,333
02/12/2017,STS,CA,AWP,WE,Towers with Radar,13,9,17,0,39,0,9,189,4,202,13,18,206,4,241,82,0,82,323
02/13/2017,STS,CA,AWP,WE,Towers with Radar,12,5,11,0,28,0,4,124,5,133,12,9,135,5,161,74,0,74,235
02/14/2017,STS,CA,AWP,WE,Towers with Radar,12,8,20,0,40,0,8,124,0,132,12,16,144,0,172,60,0,60,232
02/15/2017,STS,CA,AWP,WE,Towers with Radar,9,10,22,2,43,0,6,62,0,68,9,16,84,2,111,82,0,82,193
02/16/2017,STS,CA,AWP,WE,Towers with Radar,14,10,24,0,48,0,5,19,0,24,14,15,43,0,72,48,0,48,120
02/17/2017,STS,CA,AWP,WE,Towers with Radar,13,13,16,0,42,0,2,5,4,11,13,15,21,4,53,6,0,6,59
02/18/2017,STS,CA,AWP,WE,Towers with Radar,14,5,10,0,29,0,9,64,2,75,14,14,74,2,104,116,0,116,220
02/19/2017,STS,CA,AWP,WE,Towers with Radar,16,8,9,1,34,0,1,0,1,2,16,9,9,2,36,0,0,0,36
02/20/2017,STS,CA,AWP,WE,Towers with Radar,16,7,12,1,36,0,1,0,1,2,16,8,12,2,38,0,0,0,38
02/21/2017,STS,CA,AWP,WE,Towers with Radar,13,10,17,0,40,0,3,21,2,26,13,13,38,2,66,32,0,32,98
02/22/2017,STS,CA,AWP,WE,Towers with Radar,14,4,22,0,40,0,5,45,0,50,14,9,67,0,90,74,0,74,164
02/23/2017,STS,CA,AWP,WE,Towers with Radar,15,4,13,0,32,0,15,155,3,173,15,19,168,3,205,60,0,60,265
02/24/2017,STS,CA,AWP,WE,Towers with Radar,16,10,15,0,41,0,5,136,1,142,16,15,151,1,183,128,0,128,311
02/25/2017,STS,CA,AWP,WE,Towers with Radar,12,9,12,0,33,0,3,101,0,104,12,12,113,0,137,102,0,102,239
02/26/2017,STS,CA,AWP,WE,Towers with Radar,14,4,15,0,33,0,1,95,0,96,14,5,110,0,129,110,0,110,239
02/27/2017,STS,CA,AWP,WE,Towers with Radar,16,9,7,4,36,0,15,77,3,95,16,24,84,7,131,54,0,54,185
02/28/2017,STS,CA,AWP,WE,Towers with Radar,15,3,19,0,37,0,4,115,0,119,15,7,134,0,156,152,0,152,308
03/01/2017,STS,CA,AWP,WE,Towers with Radar,12,11,23,0,46,0,14,136,0,150,12,25,159,0,196,160,0,160,356
03/02/2017,STS,CA,AWP,WE,Towers with Radar,13,8,12,0,33,0,16,138,1,155,13,24,150,1,188,64,0,64,252
03/03/2017,STS,CA,AWP,WE,Towers with Radar,18,12,15,0,45,0,9,121,0,130,18,21,136,0,175,108,0,108,283
03/04/2017,STS,CA,AWP,WE,Towers with Radar,16,4,37,0,57,0,0,1,0,1,16,4,38,0,58,2,0,2,60
03/05/2017,STS,CA,AWP,WE,Towers with Radar,15,3,17,0,35,0,0,35,0,35,15,3,52,0,70,20,0,20,90
03/06/2017,STS,CA,AWP,WE,Towers with Radar,17,7,22,1,47,0,0,34,2,36,17,7,56,3,83,38,8,46,129
03/07/2017,STS,CA,AWP,WE,Towers with Radar,14,13,18,0,45,0,3,49,0,52,14,16,67,0,97,8,0,8,105
03/08/2017,STS,CA,AWP,WE,Towers with Radar,12,7,12,0,31,0,10,124,1,135,12,17,136,1,166,98,0,98,264
03/09/2017,STS,CA,AWP,WE,Towers with Radar,14,8,16,0,38,0,8,105,2,115,14,16,121,2,153,86,0,86,239
03/10/2017,STS,CA,AWP,WE,Towers with Radar,15,17,10,0,42,0,7,115,0,122,15,24,125,0,164,62,0,62,226
03/11/2017,STS,CA,AWP,WE,Towers with Radar,14,6,7,0,27,0,7,173,3,183,14,13,180,3,210,80,0,80,290
03/12/2017,STS,CA,AWP,WE,Towers with Radar,13,15,8,0,36,0,9,183,3,195,13,24,191,3,231,184,0,184,415
03/13/2017,STS,CA,AWP,WE,Towers with Radar,16,13,8,0,37,0,5,91,0,96,16,18,99,0,133,132,0,132,265
03/14/2017,STS,CA,AWP,WE,Towers with Radar,15,10,8,0,33,0,9,105,0,114,15,19,113,0,147,98,0,98,245
03/15/2017,STS,CA,AWP,WE,Towers with Radar,14,11,27,0,52,0,5,61,1,67,14,16,88,1,119,60,0,60,179
03/16/2017,STS,CA,AWP,WE,Towers with Radar,15,6,18,2,41,0,11,93,0,104,15,17,111,2,145,134,0,134,279
03/17/2017,STS,CA,AWP,WE,Towers with Radar,14,13,13,0,40,0,5,150,0,155,14,18,163,0,195,88,0,88,283
03/18/2017,STS,CA,AWP,WE,Towers with Radar,14,5,18,0,37,0,9,84,1,94,14,14,102,1,131,58,0,58,189
03/19/2017,STS,CA,AWP,WE,Towers with Radar,14,10,28,0,52,0,5,61,0,66,14,15,89,0,118,48,0,48,166
03/20/2017,STS,CA,AWP,WE,Towers with Radar,16,15,12,0,43,0,3,10,1,14,16,18,22,1,57,0,6,6,63
03/21/2017,STS,CA,AWP,WE,Towers with Radar,14,14,20,0,48,0,3,24,0,27,14,17,44,0,75,114,0,114,189
03/22/2017,STS,CA,AWP,WE,Towers with Radar,15,9,22,0,46,0,7,48,0,55,15,16,70,0,101,36,0,36,137
03/23/2017,STS,CA,AWP,WE,Towers with Radar,13,9,17,0,39,0,4,103,0,107,13,13,120,0,146,100,0,100,246
03/24/2017,STS,CA,AWP,WE,Towers with Radar,17,12,17,0,46,0,0,7,0,7,17,12,24,0,53,0,0,0,53
03/25/2017,STS,CA,AWP,WE,Towers with Radar,14,9,36,0,59,0,10,104,0,114,14,19,140,0,173,108,0,108,281
03/26/2017,STS,CA,AWP,WE,Towers with Radar,14,11,25,3,53,0,1,25,0,26,14,12,50,3,79,32,0,32,111
03/27/2017,STS,CA,AWP,WE,Towers with Radar,16,10,14,0,40,0,10,97,5,112,16,20,111,5,152,100,0,100,252
03/28/2017,STS,CA,AWP,WE,Towers with Radar,14,15,6,0,35,0,18,116,2,136,14,33,122,2,171,68,0,68,239
03/29/2017,STS,CA,AWP,WE,Towers with Radar,14,12,11,1,38,0,9,142,2,153,14,21,153,3,191,118,0,118,309
03/30/2017,STS,CA,AWP,WE,Towers with Radar,12,18,11,0,41,0,13,70,0,83,12,31,81,0,124,4,0,4,128
03/31/2017,STS,CA,AWP,WE,Towers with Radar,17,17,15,0,49,0,13,107,2,122,17,30,122,2,171,68,0,68,239
04/01/2017,STS,CA,AWP,WE,Towers with Radar,13,16,16,0,45,0,8,274,0,282,13,24,290,0,327,90,0,90,417
04/02/2017,STS,CA,AWP,WE,Towers with Radar,13,13,11,0,37,0,10,158,4,172,13,23,169,4,209,60,20,80,289
04/03/2017,STS,CA,AWP,WE,Towers with Radar,15,2,11,1,29,0,4,107,3,114,15,6,118,4,143,96,0,96,239
04/04/2017,STS,CA,AWP,WE,Towers with Radar,14,10,22,0,46,0,16,124,0,140,14,26,146,0,186,72,0,72,258
04/05/2017,STS,CA,AWP,WE,Towers with Radar,14,4,14,0,32,0,12,145,0,157,14,16,159,0,189,108,0,108,297
04/06/2017,STS,CA,AWP,WE,Towers with Radar,14,13,30,2,59,0,3,19,1,23,14,16,49,3,82,38,0,38,120
04/07/2017,STS,CA,AWP,WE,Towers with Radar,19,10,22,0,51,0,6,18,0,24,19,16,40,0,75,114,0,114,189
04/08/2017,STS,CA,AWP,WE,Towers with Radar,12,2,12,0,26,0,12,29,0,41,12,14,41,0,67,52,0,52,119
04/09/2017,STS,CA,AWP,WE,Towers with Radar,15,5,19,0,39,0,9,187,0,196,15,14,206,0,235,126,0,126,361
04/10/2017,STS,CA,AWP,WE,Towers with Radar,16,8,32,1,57,0,10,81,5,96,16,18,113,6,153,104,10,114,267
04/11/2017,STS,CA,AWP,WE,Towers with Radar,14,13,19,0,46,0,2,16,2,20,14,15,35,2,66,16,0,16,82
04/12/2017,STS,CA,AWP,WE,Towers with Radar,14,14,44,0,72,0,0,5,0,5,14,14,49,0,77,14,0,14,91
04/13/2017,STS,CA,AWP,WE,Towers with Radar,14,4,19,0,37,0,12,43,0,55,14,16,62,0,92,64,0,64,156
04/14/2017,STS,CA,AWP,WE,Towers with Radar,17,9,25,0,51,0,16,165,0,181,17,25,190,0,232,156,0,156,388
04/15/2017,STS,CA,AWP,WE,Towers with Radar,16,3,17,0,36,0,11,183,7,201,16,14,200,7,237,76,14,90,327
04/16/2017,STS,CA,AWP,WE,Towers with Radar,15,7,22,0,44,0,2,9,2,13,15,9,31,2,57,24,0,24,81
04/17/2017,STS,CA,AWP,WE,Towers with Radar,16,14,28,2,60,0,3,35,3,41,16,17,63,5,101,38,0,38,139
04/18/2017,STS,CA,AWP,WE,Towers with Radar,15,14,23,0,52,0,5,55,0,60,15,19,78,0,112,36,0,36,148
04/19/2017,STS,CA,AWP,WE,Towers with Radar,14,13,22,2,51,0,11,47,0,58,14,24,69,2,109,30,0,30,139
04/20/2017,STS,CA,AWP,WE,Towers with Radar,14,12,15,1,42,0,15,114,0,129,14,27,129,1,171,116,0,116,287
04/21/2017,STS,CA,AWP,WE,Towers with Radar,14,13,30,0,57,0,6,177,3,186,14,19,207,3,243,164,0,164,407
04/22/2017,STS,CA,AWP,WE,Towers with Radar,14,10,10,0,34,0,10,113,6,129,14,20,123,6,163,148,0,148,311
04/23/2017,STS,CA,AWP,WE,Towers with Radar,14,13,21,0,48,0,11,178,9,198,14,24,199,9,246,124,0,124,370
04/24/2017,STS,CA,AWP,WE,Towers with Radar,16,7,27,0,50,0,5,19,1,25,16,12,46,1,75,26,0,26,101
04/25/2017,STS,CA,AWP,WE,Towers with Radar,15,13,17,1,46,0,16,113,0,129,15,29,130,1,175,80,0,80,255
04/26/2017,STS,CA,AWP,WE,Towers with Radar,15,12,23,0,50,0,12,41,0,53,15,24,64,0,103,160,0,160,263
04/27/2017,STS,CA,AWP,WE,Towers with Radar,14,8,13,1,36,0,19,123,0,142,14,27,136,1,178,100,0,100,278
04/28/2017,STS,CA,AWP,WE,Towers with Radar,15,19,16,1,51,0,12,143,2,157,15,31,159,3,208,98,0,98,306
04/29/2017,STS,CA,AWP,WE,Towers with Radar,14,13,7,2,36,0,14,131,3,148,14,27,138,5,184,74,0,74,258
04/30/2017,STS,CA,AWP,WE,Towers with Radar,13,8,13,0,34,0,15,156,0,171,13,23,169,0,205,40,0,40,245
05/01/2017,STS,CA,AWP,WE,Towers with Radar,16,14,12,0,42,0,11,74,3,88,16,25,86,3,130,64,0,64,194
05/02/2017,STS,CA,AWP,WE,Towers with Radar,17,7,19,0,43,0,7,146,12,165,17,14,165,12,208,86,14,100,308
05/03/2017,STS,CA,AWP,WE,Towers with Radar,14,16,11,0,41,0,8,89,0,97,14,24,100,0,138,72,0,72,210
05/04/2017,STS,CA,AWP,WE,Towers with Radar,13,19,14,2,48,0,9,117,0,126,13,28,131,2,174,134,0,134,308
05/05/2017,STS,CA,AWP,WE,Towers with Radar,15,11,36,1,63,0,8,103,3,114,15,19,139,4,177,72,14,86,263
05/06/2017,STS,CA,AWP,WE,Towers with Radar,17,11,13,2,43,0,9,89,3,101,17,20,102,5,144,46,16,62,206
05/07/2017,STS,CA,AWP,WE,Towers with Radar,14,12,24,0,50,0,5,137,2,144,14,17,161,2,194,112,34,146,340
05/08/2017,STS,CA,AWP,WE,Towers with Radar,15,7,10,0,32,0,5,90,2,97,15,12,100,2,129,86,10,96,225
05/09/2017,STS,CA,AWP,WE,Towers with Radar,17,8,25,1,51,0,4,104,0,108,17,12,129,1,159,46,0,46,205
05/10/2017,STS,CA,AWP,WE,Towers with Radar,17,14,49,3,83,0,6,27,0,33,17,20,76,3,116,38,0,38,154
05/11/2017,STS,CA,AWP,WE,Towers with Radar,14,13,50,0,77,0,18,55,0,73,14,31,105,0,150,110,0,110,260
05/12/2017,STS,CA,AWP,WE,Towers with Radar,16,22,20,2,60,0,5,117,2,124,16,27,137,4,184,170,0,170,354
05/13/2017,STS,CA,AWP,WE,Towers with Radar,14,10,13,0,37,0,10,158,0,168,14,20,171,0,205,48,0,48,253
05/14/2017,STS,CA,AWP,WE,Towers with Radar,12,19,16,4,51,0,8,123,2,133,12,27,139,6,184,60,0,60,244
05/15/2017,STS,CA,AWP,WE,Towers with Radar,16,15,19,0,50,0,10,111,0,121,16,25,130,0,171,58,0,58,229
05/16/2017,STS,CA,AWP,WE,Towers with Radar,14,13,22,0,49,0,8,50,0,58,14,21,72,0,107,64,0,64,171
05/17/2017,STS,CA,AWP,WE,Towers with Radar,14,10,17,0,41,0,19,87,0,106,14,29,104,0,147,106,0,106,253
05/18/2017,STS,CA,AWP,WE,Towers with Radar,16,12,11,0,39,0,17,147,1,165,16,29,158,1,204,146,0,146,350
05/19/2017,STS,CA,AWP,WE,Towers with Radar,14,8,14,0,36,0,17,133,2,152,14,25,147,2,188,130,0,130,318
05/20/2017,STS,CA,AWP,WE,Towers with Radar,14,9,16,0,39,0,25,186,3,214,14,34,202,3,253,68,0,68,321
05/21/2017,STS,CA,AWP,WE,Towers with Radar,16,12,18,0,46,0,18,137,14,169,16,30,155,14,215,138,0,138,353
05/22/2017,STS,CA,AWP,WE,Towers with Radar,14,15,16,0,45,0,11,120,0,131,14,26,136,0,176,128,8,136,312
05/23/2017,STS,CA,AWP,WE,Towers with Radar,13,12,19,0,44,0,17,103,1,121,13,29,122,1,165,68,0,68,233
05/24/2017,STS,CA,AWP,WE,Towers with Radar,14,8,29,0,51,0,5,42,0,47,14,13,71,0,98,10,0,10,108
05/25/2017,STS,CA,AWP,WE,Towers with Radar,16,3,36,0,55,0,4,66,0,70,16,7,102,0,125,80,0,80,205
05/26/2017,STS,CA,AWP,WE,Towers with Radar,14,11,51,0,76,1,7,97,0,105,15,18,148,0,181,104,0,104,285
05/27/2017,STS,CA,AWP,WE,Towers with Radar,12,3,25,0,40,0,4,128,2,134,12,7,153,2,174,98,0,98,272
05/28/2017,STS,CA,AWP,WE,Towers with Radar,14,4,12,0,30,0,4,89,0,93,14,8,101,0,123,30,0,30,153
05/29/2017,STS,CA,AWP,WE,Towers with Radar,16,5,26,0,47,0,7,111,0,118,16,12,137,0,165,76,0,76,241
05/30/2017,STS,CA,AWP,WE,Towers with Radar,12,9,18,0,39,0,5,83,2,90,12,14,101,2,129,68,0,68,197
05/31/2017,STS,CA,AWP,WE,Towers with Radar,15,14,30,1,60,0,11,149,0,160,15,25,179,1,220,158,0,158,378
06/01/2017,STS,CA,AWP,WE,Towers with Radar,16,12,23,2,53,0,12,112,0,124,16,24,135,2,177,50,0,50,227
06/02/2017,STS,CA,AWP,WE,Towers with Radar,15,10,26,0,51,0,11,111,0,122,15,21,137,0,173,86,0,86,259
06/03/2017,STS,CA,AWP,WE,Towers with Radar,14,6,14,0,34,0,6,129,2,137,14,12,143,2,171,96,0,96,267
06/04/2017,STS,CA,AWP,WE,Towers with Radar,16,11,14,0,41,0,6,125,0,131,16,17,139,0,172,104,0,104,276
06/05/2017,STS,CA,AWP,WE,Towers with Radar,17,20,17,0,54,0,8,109,2,119,17,28,126,2,173,83,0,83,256
06/06/2017,STS,CA,AWP,WE,Towers with Radar,16,11,18,0,45,0,10,131,1,142,16,21,149,1,187,104,0,104,291
06/07/2017,STS,CA,AWP,WE,Towers with Radar,16,12,37,1,66,0,10,90,0,100,16,22,127,1,166,48,0,48,214
06/08/2017,STS,CA,AWP,WE,Towers with Radar,22,27,72,0,121,0,2,3,0,5,22,29,75,0,126,0,0,0,126
06/09/2017,STS,CA,AWP,WE,Towers with Radar,20,23,30,0,73,0,9,71,0,80,20,32,101,0,153,118,0,118,271
06/10/2017,STS,CA,AWP,WE,Towers with Radar,20,11,15,0,46,0,15,133,3,151,20,26,148,3,197,100,18,118,315
06/11/2017,STS,CA,AWP,WE,Towers with Radar,23,24,47,0,94,0,8,88,1,97,23,32,135,1,191,56,0,56,247
06/12/2017,STS,CA,AWP,WE,Towers with Radar,19,7,20,0,46,0,11,100,4,115,19,18,120,4,161,110,0,110,271
06/13/2017,STS,CA,AWP,WE,Towers with Radar,20,11,13,0,44,0,13,113,0,126,20,24,126,0,170,66,0,66,236
06/14/2017,STS,CA,AWP,WE,Towers with Radar,24,9,27,0,60,0,6,146,0,152,24,15,173,0,212,150,0,150,362
06/15/2017,STS,CA,AWP,WE,Towers with Radar,21,13,15,0,49,0,12,154,0,166,21,25,169,0,215,160,0,160,375
06/16/2017,STS,CA,AWP,WE,Towers with Radar,21,10,20,0,51,0,8,112,0,120,21,18,132,0,171,116,0,116,287
06/17/2017,STS,CA,AWP,WE,Towers with Radar,19,14,14,0,47,0,12,123,2,137,19,26,137,2,184,56,0,56,240
06/18/2017,STS,CA,AWP,WE,Towers with Radar,21,12,9,0,42,0,12,105,2,119,21,24,114,2,161,68,0,68,229
06/19/2017,STS,CA,AWP,WE,Towers with Radar,20,11,15,0,46,0,26,104,2,132,20,37,119,2,178,56,6,62,240
06/20/2017,STS,CA,AWP,WE,Towers with Radar,18,12,11,0,41,0,10,106,0,116,18,22,117,0,157,126,0,126,283
06/21/2017,STS,CA,AWP,WE,Towers with Radar,19,9,10,0,38,0,26,123,1,150,19,35,133,1,188,120,0,120,308
06/22/2017,STS,CA,AWP,WE,Towers with Radar,20,9,6,1,36,0,34,94,1,129,20,43,100,2,165,96,0,96,261
06/23/2017,STS,CA,AWP,WE,Towers with Radar,21,16,22,0,59,0,12,117,0,129,21,28,139,0,188,80,0,80,268
06/24/2017,STS,CA,AWP,WE,Towers with Radar,21,11,18,0,50,0,21,103,0,124,21,32,121,0,174,74,0,74,248
06/25/2017,STS,CA,AWP,WE,Towers with Radar,21,13,28,0,62,0,17,98,0,115,21,30,126,0,177,52,0,52,229
06/26/2017,STS,CA,AWP,WE,Towers with Radar,25,6,22,0,53,0,10,88,0,98,25,16,110,0,151,82,0,82,233
06/27/2017,STS,CA,AWP,WE,Towers with Radar,21,9,18,0,48,0,19,114,5,138,21,28,132,5,186,110,0,110,296
06/28/2017,STS,CA,AWP,WE,Towers with Radar,21,14,19,0,54,0,9,85,1,95,21,23,104,1,149,108,0,108,257
06/29/2017,STS,CA,AWP,WE,Towers with Radar,21,8,25,0,54,2,3,121,2,128,23,11,146,2,182,142,0,142,324
06/30/2017,STS,CA,AWP,WE,Towers with Radar,19,11,23,1,54,0,19,134,2,155,19,30,157,3,209,118,0,118,327
07/01/2017,STS,CA,AWP,WE,Towers with Radar,17,18,22,0,57,0,38,129,0,167,17,56,151,0,224,118,0,118,342
07/02/2017,STS,CA,AWP,WE,Towers with Radar,20,11,16,0,47,0,14,143,1,158,20,25,159,1,205,40,0,40,245
07/03/2017,STS,CA,AWP,WE,Towers with Radar,21,9,19,0,49,0,12,101,0,113,21,21,120,0,162,72,0,72,234
07/04/2017,STS,CA,AWP,WE,Towers with Radar,18,9,15,0,42,0,19,110,2,131,18,28,125,2,173,58,0,58,231
07/05/2017,STS,CA,AWP,WE,Towers with Radar,21,12,25,0,58,0,12,102,0,114,21,24,127,0,172,158,0,158,330
07/06/2017,STS,CA,AWP,WE,Towers with Radar,22,7,19,0,48,0,64,134,1,199,22,71,153,1,247,120,0,120,367
07/07/2017,STS,CA,AWP,WE,Towers with Radar,20,8,13,1,42,0,32,129,0,161,20,40,142,1,203,190,0,190,393
07/08/2017,STS,CA,AWP,WE,Towers with Radar,21,5,8,0,34,0,34,136,0,170,21,39,144,0,204,74,0,74,278
07/09/2017,STS,CA,AWP,WE,Towers with Radar,21,21,9,0,51,0,8,131,0,139,21,29,140,0,190,76,0,76,266
07/10/2017,STS,CA,AWP,WE,Towers with Radar,21,9,16,0,46,0,17,119,0,136,21,26,135,0,182,102,0,102,284
07/11/2017,STS,CA,AWP,WE,Towers with Radar,21,12,15,0,48,0,5,98,0,103,21,17,113,0,151,96,0,96,247
07/12/2017,STS,CA,AWP,WE,Towers with Radar,21,13,21,8,63,0,17,115,0,132,21,30,136,8,195,122,0,122,317
07/13/2017,STS,CA,AWP,WE,Towers with Radar,24,27,48,1,100,0,13,127,1,141,24,40,175,2,241,96,0,96,337
07/14/2017,STS,CA,AWP,WE,Towers with Radar,21,19,21,3,64,0,15,121,1,137,21,34,142,4,201,136,0,136,337
07/15/2017,STS,CA,AWP,WE,Towers with Radar,20,17,25,1,63,0,9,146,3,158,20,26,171,4,221,22,0,22,243
07/16/2017,STS,CA,AWP,WE,Towers with Radar,26,19,31,0,76,2,15,155,2,174,28,34,186,2,250,84,0,84,334
07/17/2017,STS,CA,AWP,WE,Towers with Radar,19,12,20,0,51,0,35,97,2,134,19,47,117,2,185,42,4,46,231
07/18/2017,STS,CA,AWP,WE,Towers with Radar,24,9,24,0,57,0,9,109,2,120,24,18,133,2,177,148,0,148,325
07/19/2017,STS,CA,AWP,WE,Towers with Radar,21,20,21,1,63,0,13,141,0,154,21,33,162,1,217,100,0,100,317
07/20/2017,STS,CA,AWP,WE,Towers with Radar,21,47,42,0,110,0,21,123,0,144,21,68,165,0,254,40,0,40,294
07/21/2017,STS,CA,AWP,WE,Towers with Radar,22,21,19,0,62,0,13,118,0,131,22,34,137,0,193,72,0,72,265
07/22/2017,STS,CA,AWP,WE,Towers with Radar,19,13,15,0,47,0,21,200,2,223,19,34,215,2,270,110,0,110,380
07/23/2017,STS,CA,AWP,WE,Towers with Radar,23,49,49,0,121,0,21,158,1,180,23,70,207,1,301,54,0,54,355
07/24/2017,STS,CA,AWP,WE,Towers with Radar,21,16,34,0,71,0,16,63,2,81,21,32,97,2,152,30,0,30,182
07/25/2017,STS,CA,AWP,WE,Towers with Radar,22,4,17,0,43,0,17,89,0,106,22,21,106,0,149,108,0,108,257
07/26/2017,STS,CA,AWP,WE,Towers with Radar,21,13,19,0,53,0,14,76,0,90,21,27,95,0,143,120,0,120,263
07/27/2017,STS,CA,AWP,WE,Towers with Radar,20,20,30,0,70,0,19,119,0,138,20,39,149,0,208,116,0,116,324
07/28/2017,STS,CA,AWP,WE,Towers with Radar,21,20,39,0,80,0,26,141,0,167,21,46,180,0,247,74,0,74,321
07/29/2017,STS,CA,AWP,WE,Towers with Radar,20,9,13,0,42,0,8,156,2,166,20,17,169,2,208,116,0,116,324
07/30/2017,STS,CA,AWP,WE,Towers with Radar,21,28,41,1,91,0,4,138,3,145,21,32,179,4,236,64,0,64,300
07/31/2017,STS,CA,AWP,WE,Towers with Radar,21,9,23,0,53,0,26,73,0,99,21,35,96,0,152,78,0,78,230
08/01/2017,STS,CA,AWP,WE,Towers with Radar,22,9,22,0,53,0,23,130,0,153,22,32,152,0,206,194,0,194,400
08/02/2017,STS,CA,AWP,WE,Towers with Radar,21,10,15,0,46,0,14,128,0,142,21,24,143,0,188,110,0,110,298
08/03/2017,STS,CA,AWP,WE,Towers with Radar,21,12,28,0,61,0,11,160,0,171,21,23,188,0,232,132,0,132,364
08/04/2017,STS,CA,AWP,WE,Towers with Radar,17,10,16,0,43,0,15,101,0,116,17,25,117,0,159,120,0,120,279
08/05/2017,STS,CA,AWP,WE,Towers with Radar,17,12,25,0,54,0,9,131,2,142,17,21,156,2,196,64,10,74,270
08/06/2017,STS,CA,AWP,WE,Towers with Radar,16,11,40,0,67,0,13,108,0,121,16,24,148,0,188,108,0,108,296
08/07/2017,STS,CA,AWP,WE,Towers with Radar,20,8,33,0,61,0,3,60,0,63,20,11,93,0,124,52,0,52,176
08/08/2017,STS,CA,AWP,WE,Towers with Radar,17,6,32,0,55,0,23,108,0,131,17,29,140,0,186,80,0,80,266
08/09/2017,STS,CA,AWP,WE,Towers with Radar,12,10,37,0,59,0,6,97,0,103,12,16,134,0,162,146,0,146,308
08/10/2017,STS,CA,AWP,WE,Towers with Radar,19,7,24,0,50,0,10,84,1,95,19,17,108,1,145,64,0,64,209
08/11/2017,STS,CA,AWP,WE,Towers with Radar,14,7,22,2,45,0,59,98,0,157,14,66,120,2,202,58,0,58,260
08/12/2017,STS,CA,AWP,WE,Towers with Radar,18,5,22,0,45,0,21,137,0,158,18,26,159,0,203,150,0,150,353
08/13/2017,STS,CA,AWP,WE,Towers with Radar,19,7,16,0,42,0,14,161,0,175,19,21,177,0,217,70,0,70,287
08/14/2017,STS,CA,AWP,WE,Towers with Radar,17,16,32,0,65,0,18,76,0,94,17,34,108,0,159,30,0,30,189
08/15/2017,STS,CA,AWP,WE,Towers with Radar,17,6,12,0,35,0,17,101,0,118,17,23,113,0,153,98,0,98,251
08/16/2017,STS,CA,AWP,WE,Towers with Radar,16,16,28,2,62,0,7,106,1,114,16,23,134,3,176,52,0,52,228
08/17/2017,STS,CA,AWP,WE,Towers with Radar,18,11,30,1,60,0,9,108,0,117,18,20,138,1,177,82,0,82,259
08/18/2017,STS,CA,AWP,WE,Towers with Radar,19,19,19,1,58,0,14,134,1,149,19,33,153,2,207,122,0,122,329
08/19/2017,STS,CA,AWP,WE,Towers with Radar,17,9,14,0,40,0,9,99,2,110,17,18,113,2,150,100,0,100,250
08/20/2017,STS,CA,AWP,WE,Towers with Radar,15,14,39,0,68,0,5,85,0,90,15,19,124,0,158,96,0,96,254
08/21/2017,STS,CA,AWP,WE,Towers with Radar,17,15,54,0,86,0,11,32,0,43,17,26,86,0,129,34,0,34,163
08/22/2017,STS,CA,AWP,WE,Towers with Radar,17,11,29,0,57,0,10,102,0,112,17,21,131,0,169,62,0,62,231
08/23/2017,STS,CA,AWP,WE,Towers with Radar,18,11,26,0,55,0,6,81,0,87,18,17,107,0,142,66,0,66,208
08/24/2017,STS,CA,AWP,WE,Towers with Radar,21,13,36,2,72,0,13,106,1,120,21,26,142,3,192,92,0,92,284
08/25/2017,STS,CA,AWP,WE,Towers with Radar,20,13,31,0,64,0,13,133,0,146,20,26,164,0,210,106,0,106,316
08/26/2017,STS,CA,AWP,WE,Towers with Radar,18,13,11,0,42,0,19,250,0,269,18,32,261,0,311,12,0,12,323
08/27/2017,STS,CA,AWP,WE,Towers with Radar,21,4,21,0,46,0,50,150,3,203,21,54,171,3,249,52,26,78,327
08/28/2017,STS,CA,AWP,WE,Towers with Radar,18,6,19,2,45,0,15,89,2,106,18,21,108,4,151,83,0,83,234
08/29/2017,STS,CA,AWP,WE,Towers with Radar,17,9,28,0,54,0,20,121,2,143,17,29,149,2,197,82,0,82,279
08/30/2017,STS,CA,AWP,WE,Towers with Radar,16,9,28,0,53,0,8,92,0,100,16,17,120,0,153,100,0,100,253
08/31/2017,STS,CA,AWP,WE,Towers with Radar,19,14,24,0,57,0,16,92,0,108,19,30,116,0,165,20,0,20,185
09/01/2017,STS,CA,AWP,WE,Towers with Radar,18,12,16,0,46,0,40,86,0,126,18,52,102,0,172,50,0,50,222
09/02/2017,STS,CA,AWP,WE,Towers with Radar,19,10,10,0,39,0,14,78,0,92,19,24,88,0,131,40,0,40,171
09/03/2017,STS,CA,AWP,WE,Towers with Radar,18,5,6,0,29,0,38,78,2,118,18,43,84,2,147,40,0,40,187
09/04/2017,STS,CA,AWP,WE,Towers with Radar,18,12,34,0,64,0,6,75,0,81,18,18,109,0,145,88,0,88,233
09/05/2017,STS,CA,AWP,WE,Towers with Radar,20,9,24,1,54,0,14,66,0,80,20,23,90,1,134,62,0,62,196
09/06/2017,STS,CA,AWP,WE,Towers with Radar,23,13,11,1,48,0,15,110,4,129,23,28,121,5,177,66,0,66,243
09/07/2017,STS,CA,AWP,WE,Towers with Radar,16,20,44,1,81,0,5,25,0,30,16,25,69,1,111,22,0,22,133
09/08/2017,STS,CA,AWP,WE,Towers with Radar,21,17,29,1,68,0,8,91,0,99,21,25,120,1,167,52,0,52,219
09/09/2017,STS,CA,AWP,WE,Towers with Radar,19,5,18,1,43,0,18,101,0,119,19,23,119,1,162,82,0,82,244
09/10/2017,STS,CA,AWP,WE,Towers with Radar,20,15,16,0,51,0,11,145,3,159,20,26,161,3,210,146,0,146,356
09/11/2017,STS,CA,AWP,WE,Towers with Radar,24,6,8,3,41,0,5,98,2,105,24,11,106,5,146,36,2,38,184
09/12/2017,STS,CA,AWP,WE,Towers with Radar,21,10,20,1,52,0,14,83,4,101,21,24,103,5,153,84,0,84,237
09/13/2017,STS,CA,AWP,WE,Towers with Radar,20,13,30,0,63,0,6,23,0,29,20,19,53,0,92,0,0,0,92
09/14/2017,STS,CA,AWP,WE,Towers with Radar,21,9,32,0,62,0,11,126,0,137,21,20,158,0,199,76,0,76,275
09/15/2017,STS,CA,AWP,WE,Towers with Radar,19,18,33,1,71,0,12,133,3,148,19,30,166,4,219,130,0,130,349
09/16/2017,STS,CA,AWP,WE,Towers with Radar,19,20,28,1,68,0,14,143,2,159,19,34,171,3,227,56,0,56,283
09/17/2017,STS,CA,AWP,WE,Towers with Radar,24,16,24,0,64,0,32,121,0,153,24,48,145,0,217,52,0,52,269
09/18/2017,STS,CA,AWP,WE,Towers with Radar,19,9,32,0,60,0,29,97,0,126,19,38,129,0,186,96,0,96,282
09/19/2017,STS,CA,AWP,WE,Towers with Radar,18,17,13,1,49,0,18,109,2,129,18,35,122,3,178,152,0,152,330
09/20/2017,STS,CA,AWP,WE,Towers with Radar,18,7,22,0,47,0,18,62,0,80,18,25,84,0,127,80,0,80,207
09/21/2017,STS,CA,AWP,WE,Towers with Radar,21,18,20,0,59,0,31,94,0,125,21,49,114,0,184,98,0,98,282
09/22/2017,STS,CA,AWP,WE,Towers with Radar,21,6,26,0,53,0,13,114,0,127,21,19,140,0,180,124,0,124,304
09/23/2017,STS,CA,AWP,WE,Towers with Radar,22,7,8,0,37,0,40,152,0,192,22,47,160,0,229,180,0,180,409
09/24/2017,STS,CA,AWP,WE,Towers with Radar,20,16,17,0,53,1,20,137,1,159,21,36,154,1,212,92,0,92,304
09/25/2017,STS,CA,AWP,WE,Towers with Radar,18,12,25,0,55,0,11,125,2,138,18,23,150,2,193,84,0,84,277
09/26/2017,STS,CA,AWP,WE,Towers with Radar,19,12,20,0,51,0,30,133,0,163,19,42,153,0,214,130,0,130,344
09/27/2017,STS,CA,AWP,WE,Towers with Radar,20,12,18,0,50,0,23,120,2,145,20,35,138,2,195,122,0,122,317
09/28/2017,STS,CA,AWP,WE,Towers with Radar,21,13,23,1,58,0,11,133,0,144,21,24,156,1,202,94,0,94,296
09/29/2017,STS,CA,AWP,WE,Towers with Radar,19,15,25,0,59,0,19,124,0,143,19,34,149,0,202,66,0,66,268
09/30/2017,STS,CA,AWP,WE,Towers with Radar,21,10,18,0,49,0,9,135,0,144,21,19,153,0,193,110,0,110,303
10/01/2017,STS,CA,AWP,WE,Towers with Radar,20,12,21,0,53,0,10,126,2,138,20,22,147,2,191,50,12,62,253
10/02/2017,STS,CA,AWP,WE,Towers with Radar,18,17,21,0,56,0,22,115,6,143,18,39,136,6,199,92,20,112,311
10/03/2017,STS,CA,AWP,WE,Towers with Radar,17,1,15,0,33,0,10,107,4,121,17,11,122,4,154,120,0,120,274
10/04/2017,STS,CA,AWP,WE,Towers with Radar,19,10,16,0,45,0,21,117,0,138,19,31,133,0,183,142,0,142,325
10/05/2017,STS,CA,AWP,WE,Towers with Radar,18,13,11,1,43,0,17,138,1,156,18,30,149,2,199,60,0,60,259
10/06/2017,STS,CA,AWP,WE,Towers with Radar,21,12,17,4,54,0,16,157,2,175,21,28,174,6,229,96,0,96,325
10/07/2017,STS,CA,AWP,WE,Towers with Radar,18,10,7,0,35,0,8,156,0,164,18,18,163,0,199,210,0,210,409
10/08/2017,STS,CA,AWP,WE,Towers with Radar,18,15,26,0,59,0,60,139,0,199,18,75,165,0,258,134,0,134,392
10/09/2017,STS,CA,AWP,WE,Towers with Radar,2,42,32,0,76,0,39,6,0,45,2,81,38,0,121,0,0,0,121
10/10/2017,STS,CA,AWP,WE,Towers with Radar,0,2,23,0,25,0,12,16,0,28,0,14,39,0,53,0,0,0,53
10/11/2017,STS,CA,AWP,WE,Towers with Radar,1,6,10,4,21,0,157,59,16,232,1,163,69,20,253,0,0,0,253
10/12/2017,STS,CA,AWP,WE,Towers with Radar,9,0,6,1,16,0,142,57,3,202,9,142,63,4,218,32,0,32,250
10/13/2017,STS,CA,AWP,WE,Towers with Radar,8,16,14,3,41,0,102,50,4,156,8,118,64,7,197,0,0,0,197
10/14/2017,STS,CA,AWP,WE,Towers with Radar,8,3,2,0,13,0,126,52,13,191,8,129,54,13,204,18,0,18,222
10/15/2017,STS,CA,AWP,WE,Towers with Radar,16,3,15,0,34,0,201,77,8,286,16,204,92,8,320,0,0,0,320
10/16/2017,STS,CA,AWP,WE,Towers with Radar,16,2,13,0,31,0,88,54,2,144,16,90,67,2,175,8,0,8,183
10/17/2017,STS,CA,AWP,WE,Towers with Radar,17,6,10,0,33,0,40,88,24,152,17,46,98,24,185,46,0,46,231
10/18/2017,STS,CA,AWP,WE,Towers with Radar,20,6,19,0,45,0,9,65,2,76,20,15,84,2,121,38,0,38,159
10/19/2017,STS,CA,AWP,WE,Towers with Radar,19,13,26,2,60,0,9,43,6,58,19,22,69,8,118,56,0,56,174
10/20/2017,STS,CA,AWP,WE,Towers with Radar,18,6,15,0,39,0,5,84,7,96,18,11,99,7,135,114,0,114,249
10/21/2017,STS,CA,AWP,WE,Towers with Radar,19,8,8,0,35,0,9,127,0,136,19,17,135,0,171,80,0,80,251
10/22/2017,STS,CA,AWP,WE,Towers with Radar,22,9,21,0,52,0,10,134,6,150,22,19,155,6,202,30,0,30,232
10/23/2017,STS,CA,AWP,WE,Towers with Radar,19,7,16,0,42,0,8,103,4,115,19,15,119,4,157,54,0,54,211
10/24/2017,STS,CA,AWP,WE,Towers with Radar,22,1,12,0,35,0,11,109,2,122,22,12,121,2,157,118,0,118,275
10/25/2017,STS,CA,AWP,WE,Towers with Radar,21,4,16,0,41,0,8,117,0,125,21,12,133,0,166,140,0,140,306
10/26/2017,STS,CA,AWP,WE,Towers with Radar,22,11,13,1,47,1,10,102,2,115,23,21,115,3,162,98,0,98,260
10/27/2017,STS,CA,AWP,WE,Towers with Radar,21,4,20,0,45,0,5,157,7,169,21,9,177,7,214,108,0,108,322
10/28/2017,STS,CA,AWP,WE,Towers with Radar,19,3,21,0,43,0,7,121,3,131,19,10,142,3,174,56,0,56,230
10/29/2017,STS,CA,AWP,WE,Towers with Radar,26,6,19,0,51,0,6,107,0,113,26,12,126,0,164,54,0,54,218
10/30/2017,STS,CA,AWP,WE,Towers with Radar,18,10,30,0,58,0,7,65,1,73,18,17,95,1,131,26,0,26,157
10/31/2017,STS,CA,AWP,WE,Towers with Radar,17,6,18,0,41,0,5,73,0,78,17,11,91,0,119,36,0,36,155
11/01/2017,STS,CA,AWP,WE,Towers with Radar,19,13,21,0,53,0,19,124,1,144,19,32,145,1,197,84,0,84,281
11/02/2017,STS,CA,AWP,WE,Towers with Radar,20,9,37,1,67,0,8,86,3,97,20,17,123,4,164,102,0,102,266
11/03/2017,STS,CA,AWP,WE,Towers with Radar,18,14,31,0,63,0,2,12,0,14,18,16,43,0,77,20,0,20,97
11/04/2017,STS,CA,AWP,WE,Towers with Radar,16,9,13,0,38,0,7,94,1,102,16,16,107,1,140,52,0,52,192
11/05/2017,STS,CA,AWP,WE,Towers with Radar,21,10,17,0,48,0,6,106,0,112,21,16,123,0,160,104,0,104,264
11/06/2017,STS,CA,AWP,WE,Towers with Radar,17,3,4,0,24,0,4,90,3,97,17,7,94,3,121,60,0,60,181
11/07/2017,STS,CA,AWP,WE,Towers with Radar,19,3,8,0,30,0,8,132,0,140,19,11,140,0,170,106,0,106,276
11/08/2017,STS,CA,AWP,WE,Towers with Radar,17,11,37,0,65,0,0,9,0,9,17,11,46,0,74,52,4,56,130
11/09/2017,STS,CA,AWP,WE,Towers with Radar,24,6,35,0,65,0,2,30,0,32,24,8,65,0,97,60,0,60,157
11/10/2017,STS,CA,AWP,WE,Towers with Radar,17,10,31,0,58,0,8,31,2,41,17,18,62,2,99,4,0,4,103
11/11/2017,STS,CA,AWP,WE,Towers with Radar,19,5,31,0,55,0,4,136,0,140,19,9,167,0,195,94,0,94,289
11/12/2017,STS,CA,AWP,WE,Towers with Radar,24,18,22,0,64,0,3,57,0,60,24,21,79,0,124,26,0,26,150
11/13/2017,STS,CA,AWP,WE,Towers with Radar,17,9,33,0,59,0,7,4,0,11,17,16,37,0,70,0,0,0,70
11/14/2017,STS,CA,AWP,WE,Towers with Radar,18,3,22,2,45,0,8,97,4,109,18,11,119,6,154,204,0,204,358
11/15/2017,STS,CA,AWP,WE,Towers with Radar,16,7,26,0,49,0,0,15,2,17,16,7,41,2,66,40,28,68,134
11/16/2017,STS,CA,AWP,WE,Towers with Radar,19,21,25,0,65,0,2,10,0,12,19,23,35,0,77,16,0,16,93
11/17/2017,STS,CA,AWP,WE,Towers with Radar,17,10,23,0,50,0,3,141,0,144,17,13,164,0,194,82,0,82,276
11/18/2017,STS,CA,AWP,WE,Towers with Radar,18,7,9,4,38,0,14,187,4,205,18,21,196,8,243,76,6,82,325
11/19/2017,STS,CA,AWP,WE,Towers with Radar,23,9,13,0,45,0,2,109,0,111,23,11,122,0,156,86,0,86,242
11/20/2017,STS,CA,AWP,WE,Towers with Radar,15,16,31,1,63,0,0,2,0,2,15,16,33,1,65,20,0,20,85
11/21/2017,STS,CA,AWP,WE,Towers with Radar,17,16,38,0,71,0,11,69,0,80,17,27,107,0,151,14,0,14,165
11/22/2017,STS,CA,AWP,WE,Towers with Radar,23,16,34,0,73,0,6,72,0,78,23,22,106,0,151,14,0,14,165
11/23/2017,STS,CA,AWP,WE,Towers with Radar,19,8,7,2,36,0,10,16,0,26,19,18,23,2,62,4,0,4,66
11/24/2017,STS,CA,AWP,WE,Towers with Radar,21,8,16,0,45,0,11,71,0,82,21,19,87,0,127,146,0,146,273
11/25/2017,STS,CA,AWP,WE,Towers with Radar,18,12,15,0,45,0,7,129,0,136,18,19,144,0,181,86,0,86,267
11/26/2017,STS,CA,AWP,WE,Towers with Radar,18,20,40,0,78,0,2,4,0,6,18,22,44,0,84,0,0,0,84
11/27/2017,STS,CA,AWP,WE,Towers with Radar,17,3,23,0,43,0,7,100,0,107,17,10,123,0,150,82,0,82,232
11/28/2017,STS,CA,AWP,WE,Towers with Radar,18,8,13,0,39,0,9,78,0,87,18,17,91,0,126,116,0,116,242
11/29/2017,STS,CA,AWP,WE,Towers with Radar,17,7,13,0,37,0,9,116,0,125,17,16,129,0,162,58,0,58,220
11/30/2017,STS,CA,AWP,WE,Towers with Radar,19,7,20,0,46,0,10,99,0,109,19,17,119,0,155,60,0,60,215
12/01/2017,STS,CA,AWP,WE,Towers with Radar,15,12,22,0,49,0,8,139,0,147,15,20,161,0,196,52,0,52,248
12/02/2017,STS,CA,AWP,WE,Towers with Radar,15,10,11,0,36,0,6,89,1,96,15,16,100,1,132,72,0,72,204
12/03/2017,STS,CA,AWP,WE,Towers with Radar,18,10,10,0,38,0,1,157,3,161,18,11,167,3,199,108,0,108,307
12/04/2017,STS,CA,AWP,WE,Towers with Radar,16,4,8,1,29,0,6,89,0,95,16,10,97,1,124,12,0,12,136
12/05/2017,STS,CA,AWP,WE,Towers with Radar,17,7,17,0,41,0,11,91,0,102,17,18,108,0,143,72,0,72,215
12/06/2017,STS,CA,AWP,WE,Towers with Radar,16,8,16,0,40,0,7,93,1,101,16,15,109,1,141,66,0,66,207
12/07/2017,STS,CA,AWP,WE,Towers with Radar,15,5,12,0,32,0,7,109,1,117,15,12,121,1,149,72,0,72,221
12/08/2017,STS,CA,AWP,WE,Towers with Radar,16,9,11,0,36,0,10,143,0,153,16,19,154,0,189,66,0,66,255
12/09/2017,STS,CA,AWP,WE,Towers with Radar,17,9,9,0,35,0,7,149,0,156,17,16,158,0,191,86,0,86,277
12/10/2017,STS,CA,AWP,WE,Towers with Radar,16,10,11,0,37,0,7,143,1,151,16,17,154,1,188,70,0,70,258
12/11/2017,STS,CA,AWP,WE,Towers with Radar,15,9,8,0,32,0,18,100,0,118,15,27,108,0,150,38,0,38,188
12/12/2017,STS,CA,AWP,WE,Towers with Radar,17,7,14,0,38,0,7,120,0,127,17,14,134,0,165,50,0,50,215
12/13/2017,STS,CA,AWP,WE,Towers with Radar,15,9,11,0,35,0,10,142,3,155,15,19,153,3,190,98,8,106,296
12/14/2017,STS,CA,AWP,WE,Towers with Radar,15,11,3,0,29,0,11,108,0,119,15,22,111,0,148,64,0,64,212
12/15/2017,STS,CA,AWP,WE,Towers with Radar,15,10,17,0,42,0,11,117,1,129,15,21,134,1,171,54,0,54,225
12/16/2017,STS,CA,AWP,WE,Towers with Radar,13,6,6,0,25,0,26,43,0,69,13,32,49,0,94,66,0,66,160
12/17/2017,STS,CA,AWP,WE,Towers with Radar,15,17,3,0,35,0,9,144,0,153,15,26,147,0,188,56,0,56,244
12/18/2017,STS,CA,AWP,WE,Towers with Radar,14,10,8,1,33,0,3,96,0,99,14,13,104,1,132,60,0,60,192
12/19/2017,STS,CA,AWP,WE,Towers with Radar,15,5,22,1,43,0,3,78,5,86,15,8,100,6,129,116,0,116,245
12/20/2017,STS,CA,AWP,WE,Towers with Radar,16,10,16,1,43,0,9,117,1,127,16,19,133,2,170,96,20,116,286
12/21/2017,STS,CA,AWP,WE,Towers with Radar,15,13,22,0,50,0,10,98,0,108,15,23,120,0,158,130,0,130,288
12/22/2017,STS,CA,AWP,WE,Towers with Radar,17,9,10,0,36,0,6,150,0,156,17,15,160,0,192,104,0,104,296
12/23/2017,STS,CA,AWP,WE,Towers with Radar,16,4,11,0,31,0,14,92,0,106,16,18,103,0,137,104,0,104,241
12/24/2017,STS,CA,AWP,WE,Towers with Radar,17,5,2,0,24,0,5,59,0,64,17,10,61,0,88,14,0,14,102
12/25/2017,STS,CA,AWP,WE,Towers with Radar,14,4,5,0,23,0,2,51,0,53,14,6,56,0,76,36,0,36,112
12/26/2017,STS,CA,AWP,WE,Towers with Radar,21,18,18,0,57,0,3,116,0,119,21,21,134,0,176,96,0,96,272
12/27/2017,STS,CA,AWP,WE,Towers with Radar,15,14,15,0,44,0,13,115,0,128,15,27,130,0,172,52,0,52,224
12/28/2017,STS,CA,AWP,WE,Towers with Radar,17,16,9,0,42,0,6,90,3,99,17,22,99,3,141,80,0,80,221
12/29/2017,STS,CA,AWP,WE,Towers with Radar,15,7,7,0,29,0,21,116,2,139,15,28,123,2,168,128,0,128,296
12/30/2017,STS,CA,AWP,WE,Towers with Radar,15,6,9,0,30,0,13,129,2,144,15,19,138,2,174,54,0,54,228
12/31/2017,STS,CA,AWP,WE,Towers with Radar,14,1,5,0,20,0,3,95,0,98,14,4,100,0,118,66,0,66,184
01/01/2018,STS,CA,AWP,WE,Towers with Radar,16,4,8,0,28,0,17,102,0,119,16,21,110,0,147,38,0,38,185
01/02/2018,STS,CA,AWP,WE,Towers with Radar,14,11,14,1,40,0,5,138,2,145,14,16,152,3,185,38,0,38,223
01/03/2018,STS,CA,AWP,WE,Towers with Radar,16,9,13,2,40,0,5,31,0,36,16,14,44,2,76,24,0,24,100
01/04/2018,STS,CA,AWP,WE,Towers with Radar,17,14,34,0,65,0,0,0,0,0,17,14,34,0,65,0,0,0,65
01/05/2018,STS,CA,AWP,WE,Towers with Radar,20,14,31,0,65,0,4,13,0,17,20,18,44,0,82,12,0,12,94
01/06/2018,STS,CA,AWP,WE,Towers with Radar,16,7,9,0,32,0,3,152,2,157,16,10,161,2,189,136,0,136,325
01/07/2018,STS,CA,AWP,WE,Towers with Radar,19,7,19,0,45,0,4,32,1,37,19,11,51,1,82,46,0,46,128
01/08/2018,STS,CA,AWP,WE,Towers with Radar,15,7,22,0,44,0,0,0,0,0,15,7,22,0,44,0,0,0,44
01/09/2018,STS,CA,AWP,WE,Towers with Radar,12,15,13,1,41,0,8,25,2,35,12,23,38,3,76,86,0,86,162
01/10/2018,STS,CA,AWP,WE,Towers with Radar,13,15,31,0,59,0,8,23,0,31,13,23,54,0,90,54,0,54,144
01/11/2018,STS,CA,AWP,WE,Towers with Radar,17,12,34,1,64,0,0,9,0,9,17,12,43,1,73,4,0,4,77
01/12/2018,STS,CA,AWP,WE,Towers with Radar,15,14,15,1,45,0,3,125,3,131,15,17,140,4,176,60,32,92,268
01/13/2018,STS,CA,AWP,WE,Towers with Radar,16,1,14,6,37,0,1,60,0,61,16,2,74,6,98,34,0,34,132
01/14/2018,STS,CA,AWP,WE,Towers with Radar,18,14,22,0,54,0,1,76,0,77,18,15,98,0,131,42,0,42,173
01/15/2018,STS,CA,AWP,WE,Towers with Radar,16,3,31,0,50,0,7,23,0,30,16,10,54,0,80,10,0,10,90
01/16/2018,STS,CA,AWP,WE,Towers with Radar,18,10,23,1,52,0,0,0,0,0,18,10,23,1,52,0,0,0,52
01/17/2018,STS,CA,AWP,WE,Towers with Radar,21,12,28,0,61,0,0,0,0,0,21,12,28,0,61,0,0,0,61
01/18/2018,STS,CA,AWP,WE,Towers with Radar,16,17,35,0,68,0,0,2,0,2,16,17,37,0,70,0,0,0,70
01/19/2018,STS,CA,AWP,WE,Towers with Radar,22,12,25,0,59,0,9,61,0,70,22,21,86,0,129,92,0,92,221
01/20/2018,STS,CA,AWP,WE,Towers with Radar,19,2,12,0,33,0,10,220,0,230,19,12,232,0,263,76,0,76,339
01/21/2018,STS,CA,AWP,WE,Towers with Radar,19,11,22,0,52,0,1,52,1,54,19,12,74,1,106,56,0,56,162
01/22/2018,STS,CA,AWP,WE,Towers with Radar,17,9,23,6,55,0,11,43,0,54,17,20,66,6,109,36,0,36,145
01/23/2018,STS,CA,AWP,WE,Towers with Radar,18,5,13,4,40,0,3,83,1,87,18,8,96,5,127,66,0,66,193
01/24/2018,STS,CA,AWP,WE,Towers with Radar,18,7,23,0,48,0,0,0,0,0,18,7,23,0,48,0,0,0,48
01/25/2018,STS,CA,AWP,WE,Towers with Radar,19,6,21,0,46,0,3,16,4,23,19,9,37,4,69,10,0,10,79
01/26/2018,STS,CA,AWP,WE,Towers with Radar,17,12,18,1,48,0,5,93,1,99,17,17,111,2,147,52,0,52,199
01/27/2018,STS,CA,AWP,WE,Towers with Radar,16,9,17,0,42,0,6,128,0,134,16,15,145,0,176,52,0,52,228
01/28/2018,STS,CA,AWP,WE,Towers with Radar,18,11,20,0,49,0,4,165,1,170,18,15,185,1,219,84,0,84,303
01/29/2018,STS,CA,AWP,WE,Towers with Radar,17,7,18,0,42,0,8,72,3,83,17,15,90,3,125,42,0,42,167
01/30/2018,STS,CA,AWP,WE,Towers with Radar,16,12,23,0,51,0,4,166,0,170,16,16,189,0,221,206,0,206,427
01/31/2018,STS,CA,AWP,WE,Towers with Radar,16,3,16,0,35,0,15,110,6,131,16,18,126,6,166,116,0,116,282
02/01/2018,STS,CA,AWP,WE,Towers with Radar,16,4,15,0,35,0,9,122,1,132,16,13,137,1,167,79,0,79,246
02/02/2018,STS,CA,AWP,WE,Towers with Radar,19,11,14,0,44,0,7,128,0,135,19,18,142,0,179,86,0,86,265
02/03/2018,STS,CA,AWP,WE,Towers with Radar,16,2,3,0,21,0,0,140,3,143,16,2,143,3,164,128,0,128,292
02/04/2018,STS,CA,AWP,WE,Towers with Radar,18,3,7,0,28,0,4,129,0,133,18,7,136,0,161,24,0,24,185
02/05/2018,STS,CA,AWP,WE,Towers with Radar,17,12,24,1,54,0,11,117,1,129,17,23,141,2,183,68,0,68,251
02/06/2018,STS,CA,AWP,WE,Towers with Radar,16,4,13,0,33,0,8,92,2,102,16,12,105,2,135,58,0,58,193
02/07/2018,STS,CA,AWP,WE,Towers with Radar,14,9,12,0,35,0,14,134,0,148,14,23,146,0,183,146,0,146,329
02/08/2018,STS,CA,AWP,WE,Towers with Radar,18,4,11,0,33,0,6,110,0,116,18,10,121,0,149,102,0,102,251
02/09/2018,STS,CA,AWP,WE,Towers with Radar,17,17,12,0,46,0,4,111,0,115,17,21,123,0,161,66,0,66,227
02/10/2018,STS,CA,AWP,WE,Towers with Radar,15,10,13,0,38,0,3,149,3,155,15,13,162,3,193,66,0,66,259
02/11/2018,STS,CA,AWP,WE,Towers with Radar,17,4,10,0,31,0,9,96,0,105,17,13,106,0,136,90,0,90,226
02/12/2018,STS,CA,AWP,WE,Towers with Radar,17,9,25,0,51,0,7,94,0,101,17,16,119,0,152,120,0,120,272
02/13/2018,STS,CA,AWP,WE,Towers with Radar,15,7,17,2,41,0,7,117,0,124,15,14,134,2,165,52,0,52,217
02/14/2018,STS,CA,AWP,WE,Towers with Radar,15,9,10,0,34,0,5,113,0,118,15,14,123,0,152,152,0,152,304
02/15/2018,STS,CA,AWP,WE,Towers with Radar,17,3,7,0,27,0,6,96,0,102,17,9,103,0,129,72,0,72,201
02/16/2018,STS,CA,AWP,WE,Towers with Radar,17,10,21,0,48,0,10,160,6,176,17,20,181,6,224,92,0,92,316
02/17/2018,STS,CA,AWP,WE,Towers with Radar,16,5,8,0,29,0,4,171,6,181,16,9,179,6,210,34,18,52,262
02/18/2018,STS,CA,AWP,WE,Towers with Radar,16,6,16,0,38,0,10,74,0,84,16,16,90,0,122,36,0,36,158
02/19/2018,STS,CA,AWP,WE,Towers with Radar,18,6,18,0,42,0,7,121,0,128,18,13,139,0,170,118,0,118,288
02/20/2018,STS,CA,AWP,WE,Towers with Radar,16,7,12,0,35,0,2,101,0,103,16,9,113,0,138,84,0,84,222
02/21/2018,STS,CA,AWP,WE,Towers with Radar,15,2,14,2,33,0,7,106,0,113,15,9,120,2,146,148,0,148,294
02/22/2018,STS,CA,AWP,WE,Towers with Radar,17,7,22,0,46,0,6,52,0,58,17,13,74,0,104,64,0,64,168
02/23/2018,STS,CA,AWP,WE,Towers with Radar,17,9,12,0,38,0,10,106,0,116,17,19,118,0,154,104,0,104,258
02/24/2018,STS,CA,AWP,WE,Towers with Radar,15,3,2,0,20,0,2,61,0,63,15,5,63,0,83,68,0,68,151
02/25/2018,STS,CA,AWP,WE,Towers with Radar,16,7,17,0,40,0,7,141,0,148,16,14,158,0,188,32,0,32,220
02/26/2018,STS,CA,AWP,WE,Towers with Radar,18,8,11,0,37,0,3,24,0,27,18,11,35,0,64,28,0,28,92
02/27/2018,STS,CA,AWP,WE,Towers with Radar,16,6,17,4,43,0,12,124,1,137,16,18,141,5,180,68,0,68,248
02/28/2018,STS,CA,AWP,WE,Towers with Radar,15,8,21,0,44,0,5,53,0,58,15,13,74,0,102,54,0,54,156
03/01/2018,STS,CA,AWP,WE,Towers with Radar,13,20,16,0,49,0,5,5,0,10,13,25,21,0,59,44,0,44,103
03/02/2018,STS,CA,AWP,WE,Towers with Radar,15,14,24,0,53,0,5,12,0,17,15,19,36,0,70,32,0,32,102
03/03/2018,STS,CA,AWP,WE,Towers with Radar,16,8,13,0,37,0,6,9,0,15,16,14,22,0,52,8,0,8,60
03/04/2018,STS,CA,AWP,WE,Towers with Radar,16,17,13,0,46,0,4,120,0,124,16,21,133,0,170,102,0,102,272
03/05/2018,STS,CA,AWP,WE,Towers with Radar,14,7,12,0,33,0,3,127,0,130,14,10,139,0,163,118,0,118,281
03/06/2018,STS,CA,AWP,WE,Towers with Radar,16,4,14,0,34,0,11,150,0,161,16,15,164,0,195,170,0,170,365
03/07/2018,STS,CA,AWP,WE,Towers with Radar,13,10,13,0,36,0,4,89,0,93,13,14,102,0,129,100,0,100,229
03/08/2018,STS,CA,AWP,WE,Towers with Radar,15,9,18,0,42,0,8,42,0,50,15,17,60,0,92,56,0,56,148
03/09/2018,STS,CA,AWP,WE,Towers with Radar,21,11,32,1,65,0,5,114,7,126,21,16,146,8,191,168,0,168,359
03/10/2018,STS,CA,AWP,WE,Towers with Radar,15,7,9,0,31,0,4,72,0,76,15,11,81,0,107,172,0,172,279
03/11/2018,STS,CA,AWP,WE,Towers with Radar,18,8,16,0,42,0,4,115,0,119,18,12,131,0,161,98,0,98,259
03/12/2018,STS,CA,AWP,WE,Towers with Radar,16,10,17,0,43,0,4,58,6,68,16,14,75,6,111,92,20,112,223
03/13/2018,STS,CA,AWP,WE,Towers with Radar,11,14,20,0,45,0,0,8,3,11,11,14,28,3,56,4,0,4,60
03/14/2018,STS,CA,AWP,WE,Towers with Radar,13,4,15,1,33,0,4,9,1,14,13,8,24,2,47,58,0,58,105
03/15/2018,STS,CA,AWP,WE,Towers with Radar,14,18,19,0,51,0,3,6,0,9,14,21,25,0,60,18,0,18,78
03/16/2018,STS,CA,AWP,WE,Towers with Radar,19,12,21,0,52,0,5,39,4,48,19,17,60,4,100,74,0,74,174
03/17/2018,STS,CA,AWP,WE,Towers with Radar,17,7,14,0,38,0,5,44,3,52,17,12,58,3,90,40,0,40,130
03/18/2018,STS,CA,AWP,WE,Towers with Radar,17,11,14,0,42,0,7,129,3,139,17,18,143,3,181,96,0,96,277
03/19/2018,STS,CA,AWP,WE,Towers with Radar,15,8,17,0,40,0,2,128,0,130,15,10,145,0,170,130,0,130,300
03/20/2018,STS,CA,AWP,WE,Towers with Radar,14,15,21,0,50,0,5,13,1,19,14,20,34,1,69,54,0,54,123
03/21/2018,STS,CA,AWP,WE,Towers with Radar,12,17,22,0,51,0,0,2,0,2,12,17,24,0,53,0,0,0,53
03/22/2018,STS,CA,AWP,WE,Towers with Radar,15,11,18,2,46,0,6,27,3,36,15,17,45,5,82,20,0,20,102
03/23/2018,STS,CA,AWP,WE,Towers with Radar,15,6,19,0,40,0,10,52,0,62,15,16,71,0,102,68,0,68,170
03/24/2018,STS,CA,AWP,WE,Towers with Radar,16,17,15,0,48,0,14,27,8,49,16,31,42,8,97,44,0,44,141
03/25/2018,STS,CA,AWP,WE,Towers with Radar,16,10,18,0,44,0,5,83,2,90,16,15,101,2,134,60,0,60,194
03/26/2018,STS,CA,AWP,WE,Towers with Radar,15,6,19,0,40,0,6,140,1,147,15,12,159,1,187,78,0,78,265
03/27/2018,STS,CA,AWP,WE,Towers with Radar,13,8,17,0,38,0,6,143,0,149,13,14,160,0,187,82,0,82,269
03/28/2018,STS,CA,AWP,WE,Towers with Radar,15,10,23,0,48,0,10,143,1,154,15,20,166,1,202,58,0,58,260
03/29/2018,STS,CA,AWP,WE,Towers with Radar,14,11,23,0,48,0,12,143,1,156,14,23,166,1,204,74,0,74,278
03/30/2018,STS,CA,AWP,WE,Towers with Radar,16,5,16,0,37,0,3,130,0,133,16,8,146,0,170,102,0,102,272
03/31/2018,STS,CA,AWP,WE,Towers with Radar,15,6,8,0,29,0,5,129,2,136,15,11,137,2,165,58,0,58,223
04/01/2018,STS,CA,AWP,WE,Towers with Radar,16,12,8,0,36,0,8,100,1,109,16,20,108,1,145,80,0,80,225
04/02/2018,STS,CA,AWP,WE,Towers with Radar,17,2,8,0,27,0,7,108,1,116,17,9,116,1,143,90,0,90,233
04/03/2018,STS,CA,AWP,WE,Towers with Radar,16,11,11,0,38,0,8,144,0,152,16,19,155,0,190,122,0,122,312
04/04/2018,STS,CA,AWP,WE,Towers with Radar,15,5,15,0,35,0,9,101,0,110,15,14,116,0,145,104,0,104,249
04/05/2018,STS,CA,AWP,WE,Towers with Radar,16,19,18,0,53,0,3,60,0,63,16,22,78,0,116,76,0,76,192
04/06/2018,STS,CA,AWP,WE,Towers with Radar,15,12,27,0,54,0,0,1,0,1,15,12,28,0,55,0,0,0,55
04/07/2018,STS,CA,AWP,WE,Towers with Radar,16,6,13,0,35,0,4,40,4,48,16,10,53,4,83,30,8,38,121
04/08/2018,STS,CA,AWP,WE,Towers with Radar,14,10,22,0,46,0,9,118,0,127,14,19,140,0,173,74,0,74,247
04/09/2018,STS,CA,AWP,WE,Towers with Radar,16,9,7,0,32,0,7,133,8,148,16,16,140,8,180,162,0,162,342
04/10/2018,STS,CA,AWP,WE,Towers with Radar,15,10,13,0,38,0,2,32,2,36,15,12,45,2,74,138,0,138,212
04/11/2018,STS,CA,AWP,WE,Towers with Radar,16,12,20,0,48,0,9,37,2,48,16,21,57,2,96,61,0,61,157
04/12/2018,STS,CA,AWP,WE,Towers with Radar,16,8,8,0,32,0,9,62,2,73,16,17,70,2,105,86,0,86,191
04/13/2018,STS,CA,AWP,WE,Towers with Radar,15,14,14,0,43,0,10,167,7,184,15,24,181,7,227,140,0,140,367
04/14/2018,STS,CA,AWP,WE,Towers with Radar,15,9,12,0,36,0,5,138,0,143,15,14,150,0,179,96,0,96,275
04/15/2018,STS,CA,AWP,WE,Towers with Radar,17,6,26,0,49,0,3,48,0,51,17,9,74,0,100,56,0,56,156
04/16/2018,STS,CA,AWP,WE,Towers with Radar,15,5,16,0,36,0,3,8,0,11,15,8,24,0,47,22,0,22,69
04/17/2018,STS,CA,AWP,WE,Towers with Radar,16,3,18,0,37,0,4,96,0,100,16,7,114,0,137,80,0,80,217
04/18/2018,STS,CA,AWP,WE,Towers with Radar,16,10,27,0,53,0,10,80,1,91,16,20,107,1,144,52,0,52,196
04/19/2018,STS,CA,AWP,WE,Towers with Radar,16,13,15,0,44,0,11,125,0,136,16,24,140,0,180,96,0,96,276
04/20/2018,STS,CA,AWP,WE,Towers with Radar,22,11,24,0,57,0,6,125,6,137,22,17,149,6,194,120,0,120,314
04/21/2018,STS,CA,AWP,WE,Towers with Radar,18,8,11,0,37,0,8,228,2,238,18,16,239,2,275,132,0,132,407
04/22/2018,STS,CA,AWP,WE,Towers with Radar,19,6,15,2,42,0,8,159,0,167,19,14,174,2,209,74,0,74,283
04/23/2018,STS,CA,AWP,WE,Towers with Radar,19,8,15,0,42,0,5,114,2,121,19,13,129,2,163,116,0,116,279
04/24/2018,STS,CA,AWP,WE,Towers with Radar,15,12,32,1,60,0,3,78,0,81,15,15,110,1,141,104,0,104,245
04/25/2018,STS,CA,AWP,WE,Towers with Radar,17,17,36,0,70,0,3,92,0,95,17,20,128,0,165,140,0,140,305
04/26/2018,STS,CA,AWP,WE,Towers with Radar,18,13,20,1,52,0,5,79,1,85,18,18,99,2,137,114,2,116,253
04/27/2018,STS,CA,AWP,WE,Towers with Radar,18,27,29,0,74,0,4,102,0,106,18,31,131,0,180,124,0,124,304
04/28/2018,STS,CA,AWP,WE,Towers with Radar,17,7,14,0,38,0,7,40,5,52,17,14,54,5,90,58,0,58,148
04/29/2018,STS,CA,AWP,WE,Towers with Radar,19,32,22,0,73,0,7,102,0,109,19,39,124,0,182,58,0,58,240
04/30/2018,STS,CA,AWP,WE,Towers with Radar,18,10,18,0,46,0,2,97,3,102,18,12,115,3,148,98,0,98,246
05/01/2018,STS,CA,AWP,WE,Towers with Radar,16,10,10,0,36,0,3,105,2,110,16,13,115,2,146,120,0,120,266
05/02/2018,STS,CA,AWP,WE,Towers with Radar,16,11,21,2,50,0,13,76,0,89,16,24,97,2,139,86,0,86,225
05/03/2018,STS,CA,AWP,WE,Towers with Radar,18,19,26,0,63,0,5,67,0,72,18,24,93,0,135,62,0,62,197
05/04/2018,STS,CA,AWP,WE,Towers with Radar,18,8,24,0,50,0,12,91,0,103,18,20,115,0,153,56,0,56,209
05/05/2018,STS,CA,AWP,WE,Towers with Radar,18,5,16,0,39,0,12,109,2,123,18,17,125,2,162,62,0,62,224
05/06/2018,STS,CA,AWP,WE,Towers with Radar,19,9,22,0,50,0,10,128,1,139,19,19,150,1,189,64,0,64,253
05/07/2018,STS,CA,AWP,WE,Towers with Radar,18,4,18,0,40,0,4,128,2,134,18,8,146,2,174,104,12,116,290
05/08/2018,STS,CA,AWP,WE,Towers with Radar,17,13,21,1,52,0,10,101,1,112,17,23,122,2,164,144,0,144,308
05/09/2018,STS,CA,AWP,WE,Towers with Radar,17,7,30,0,54,0,12,93,1,106,17,19,123,1,160,120,0,120,280
05/10/2018,STS,CA,AWP,WE,Towers with Radar,18,7,18,0,43,1,2,97,0,100,19,9,115,0,143,60,0,60,203
05/11/2018,STS,CA,AWP,WE,Towers with Radar,18,8,20,0,46,0,9,106,0,115,18,17,126,0,161,82,0,82,243
05/12/2018,STS,CA,AWP,WE,Towers with Radar,19,4,12,0,35,0,8,108,0,116,19,12,120,0,151,80,0,80,231
05/13/2018,STS,CA,AWP,WE,Towers with Radar,18,8,30,0,56,0,7,53,0,60,18,15,83,0,116,6,0,6,122
05/14/2018,STS,CA,AWP,WE,Towers with Radar,18,13,34,0,65,0,7,55,0,62,18,20,89,0,127,124,0,124,251
05/15/2018,STS,CA,AWP,WE,Towers with Radar,14,10,34,0,58,0,10,50,0,60,14,20,84,0,118,84,0,84,202
05/16/2018,STS,CA,AWP,WE,Towers with Radar,16,10,25,0,51,0,5,61,0,66,16,15,86,0,117,102,0,102,219
05/17/2018,STS,CA,AWP,WE,Towers with Radar,18,8,13,0,39,0,11,91,0,102,18,19,104,0,141,104,0,104,245
05/18/2018,STS,CA,AWP,WE,Towers with Radar,16,13,19,0,48,0,6,89,0,95,16,19,108,0,143,88,0,88,231
05/19/2018,STS,CA,AWP,WE,Towers with Radar,14,7,13,0,34,0,8,116,0,124,14,15,129,0,158,62,0,62,220
05/20/2018,STS,CA,AWP,WE,Towers with Radar,22,10,26,0,58,0,10,137,1,148,22,20,163,1,206,98,0,98,304
05/21/2018,STS,CA,AWP,WE,Towers with Radar,21,10,11,0,42,0,3,108,4,115,21,13,119,4,157,110,6,116,273
05/22/2018,STS,CA,AWP,WE,Towers with Radar,19,5,39,2,65,0,6,103,0,109,19,11,142,2,174,94,0,94,268
05/23/2018,STS,CA,AWP,WE,Towers with Radar,20,10,43,2,75,0,12,40,0,52,20,22,83,2,127,110,0,110,237
05/24/2018,STS,CA,AWP,WE,Towers with Radar,22,8,40,0,70,0,10,56,0,66,22,18,96,0,136,94,0,94,230
05/25/2018,STS,CA,AWP,WE,Towers with Radar,22,18,41,0,81,0,7,16,0,23,22,25,57,0,104,54,0,54,158
05/26/2018,STS,CA,AWP,WE,Towers with Radar,19,3,31,0,53,0,6,99,0,105,19,9,130,0,158,26,0,26,184
05/27/2018,STS,CA,AWP,WE,Towers with Radar,22,7,12,0,41,0,9,194,0,203,22,16,206,0,244,100,0,100,344
05/28/2018,STS,CA,AWP,WE,Towers with Radar,22,9,26,0,57,0,9,155,0,164,22,18,181,0,221,154,0,154,375
05/29/2018,STS,CA,AWP,WE,Towers with Radar,19,5,14,0,38,0,9,113,0,122,19,14,127,0,160,170,0,170,330
05/30/2018,STS,CA,AWP,WE,Towers with Radar,20,10,30,0,60,0,5,115,2,122,20,15,145,2,182,184,0,184,366
05/31/2018,STS,CA,AWP,WE,Towers with Radar,22,15,21,0,58,0,13,85,1,99,22,28,106,1,157,60,0,60,217
06/01/2018,STS,CA,AWP,WE,Towers with Radar,24,8,53,0,85,0,22,142,0,164,24,30,195,0,249,144,0,144,393
06/02/2018,STS,CA,AWP,WE,Towers with Radar,20,5,10,0,35,0,8,94,0,102,20,13,104,0,137,48,0,48,185
06/03/2018,STS,CA,AWP,WE,Towers with Radar,22,15,14,0,51,0,10,94,0,104,22,25,108,0,155,66,0,66,221
06/04/2018,STS,CA,AWP,WE,Towers with Radar,21,17,10,0,48,0,20,153,2,175,21,37,163,2,223,126,0,126,349
06/05/2018,STS,CA,AWP,WE,Towers with Radar,20,7,16,0,43,0,13,145,0,158,20,20,161,0,201,130,0,130,331
06/06/2018,STS,CA,AWP,WE,Towers with Radar,21,9,23,2,55,0,7,131,2,140,21,16,154,4,195,158,0,158,353
06/07/2018,STS,CA,AWP,WE,Towers with Radar,21,24,37,0,82,0,16,120,0,136,21,40,157,0,218,124,0,124,342
06/08/2018,STS,CA,AWP,WE,Towers with Radar,23,12,24,0,59,0,10,118,2,130,23,22,142,2,189,108,0,108,297
06/09/2018,STS,CA,AWP,WE,Towers with Radar,20,16,18,0,54,0,18,55,8,81,20,34,73,8,135,14,10,24,159
06/10/2018,STS,CA,AWP,WE,Towers with Radar,24,28,41,0,93,0,21,185,0,206,24,49,226,0,299,110,0,110,409
06/11/2018,STS,CA,AWP,WE,Towers with Radar,23,5,17,2,47,0,21,122,0,143,23,26,139,2,190,130,0,130,320
06/12/2018,STS,CA,AWP,WE,Towers with Radar,20,10,10,1,41,0,10,115,1,126,20,20,125,2,167,126,0,126,293
06/13/2018,STS,CA,AWP,WE,Towers with Radar,23,7,12,0,42,0,13,108,0,121,23,20,120,0,163,136,0,136,299
06/14/2018,STS,CA,AWP,WE,Towers with Radar,22,12,13,0,47,0,13,139,24,176,22,25,152,24,223,100,0,100,323
06/15/2018,STS,CA,AWP,WE,Towers with Radar,22,10,22,0,54,0,25,152,2,179,22,35,174,2,233,112,0,112,345
06/16/2018,STS,CA,AWP,WE,Towers with Radar,21,10,17,0,48,0,8,119,0,127,21,18,136,0,175,82,0,82,257
06/17/2018,STS,CA,AWP,WE,Towers with Radar,20,12,22,0,54,0,18,92,3,113,20,30,114,3,167,94,0,94,261
06/18/2018,STS,CA,AWP,WE,Towers with Radar,26,8,30,1,65,0,8,75,1,84,26,16,105,2,149,64,0,64,213
06/19/2018,STS,CA,AWP,WE,Towers with Radar,20,6,22,4,52,0,15,93,2,110,20,21,115,6,162,20,0,20,182
06/20/2018,STS,CA,AWP,WE,Towers with Radar,21,9,26,0,56,0,13,76,16,105,21,22,102,16,161,74,0,74,235
06/21/2018,STS,CA,AWP,WE,Towers with Radar,23,20,12,0,55,0,8,124,0,132,23,28,136,0,187,178,0,178,365
06/22/2018,STS,CA,AWP,WE,Towers with Radar,21,8,28,2,59,0,23,142,2,167,21,31,170,4,226,118,0,118,344
06/23/2018,STS,CA,AWP,WE,Towers with Radar,20,9,19,0,48,0,25,131,2,158,20,34,150,2,206,119,0,119,325
06/24/2018,STS,CA,AWP,WE,Towers with Radar,23,17,20,0,60,0,43,107,0,150,23,60,127,0,210,50,0,50,260
06/25/2018,STS,CA,AWP,WE,Towers with Radar,22,13,33,0,68,0,50,107,0,157,22,63,140,0,225,30,0,30,255
06/26/2018,STS,CA,AWP,WE,Towers with Radar,20,10,6,0,36,0,48,118,0,166,20,58,124,0,202,30,0,30,232
06/27/2018,STS,CA,AWP,WE,Towers with Radar,23,14,22,0,59,0,9,77,0,86,23,23,99,0,145,100,0,100,245
06/28/2018,STS,CA,AWP,WE,Towers with Radar,24,4,16,0,44,0,12,137,2,151,24,16,153,2,195,116,0,116,311
06/29/2018,STS,CA,AWP,WE,Towers with Radar,24,7,15,0,46,0,26,103,0,129,24,33,118,0,175,84,0,84,259
06/30/2018,STS,CA,AWP,WE,Towers with Radar,20,5,6,2,33,2,64,101,1,168,22,69,107,3,201,20,0,20,221
07/01/2018,STS,CA,AWP,WE,Towers with Radar,22,5,19,0,46,8,60,133,2,203,30,65,152,2,249,38,0,38,287
07/02/2018,STS,CA,AWP,WE,Towers with Radar,27,2,23,1,53,0,22,109,6,137,27,24,132,7,190,128,0,128,318
07/03/2018,STS,CA,AWP,WE,Towers with Radar,18,9,22,0,49,0,25,86,2,113,18,34,108,2,162,134,0,134,296
07/04/2018,STS,CA,AWP,WE,Towers with Radar,20,8,28,0,56,0,14,52,0,66,20,22,80,0,122,38,0,38,160
07/05/2018,STS,CA,AWP,WE,Towers with Radar,20,6,24,0,50,0,10,93,0,103,20,16,117,0,153,48,0,48,201
07/06/2018,STS,CA,AWP,WE,Towers with Radar,22,9,17,0,48,0,13,114,0,127,22,22,131,0,175,124,0,124,299
07/07/2018,STS,CA,AWP,WE,Towers with Radar,20,5,17,0,42,0,17,111,2,130,20,22,128,2,172,32,0,32,204
07/08/2018,STS,CA,AWP,WE,Towers with Radar,22,17,26,0,65,0,30,144,0,174,22,47,170,0,239,30,0,30,269
07/09/2018,STS,CA,AWP,WE,Towers with Radar,24,4,24,0,52,0,24,127,0,151,24,28,151,0,203,168,0,168,371
07/10/2018,STS,CA,AWP,WE,Towers with Radar,20,4,11,0,35,0,25,94,0,119,20,29,105,0,154,110,0,110,264
07/11/2018,STS,CA,AWP,WE,Towers with Radar,22,7,28,0,57,0,39,111,0,150,22,46,139,0,207,76,0,76,283
07/12/2018,STS,CA,AWP,WE,Towers with Radar,22,36,49,1,108,0,18,139,1,158,22,54,188,2,266,30,0,30,296
07/13/2018,STS,CA,AWP,WE,Towers with Radar,23,14,25,0,62,0,11,82,2,95,23,25,107,2,157,102,0,102,259
07/14/2018,STS,CA,AWP,WE,Towers with Radar,19,17,21,1,58,0,20,114,6,140,19,37,135,7,198,82,0,82,280
07/15/2018,STS,CA,AWP,WE,Towers with Radar,23,34,62,0,119,0,10,113,0,123,23,44,175,0,242,27,0,27,269
07/16/2018,STS,CA,AWP,WE,Towers with Radar,24,8,32,1,65,0,6,99,2,107,24,14,131,3,172,70,0,70,242
07/17/2018,STS,CA,AWP,WE,Towers with Radar,20,3,34,0,57,0,14,121,0,135,20,17,155,0,192,130,0,130,322
07/18/2018,STS,CA,AWP,WE,Towers with Radar,22,12,27,1,62,0,46,105,0,151,22,58,132,1,213,36,0,36,249
07/19/2018,STS,CA,AWP,WE,Towers with Radar,23,38,77,0,138,0,6,108,0,114,23,44,185,0,252,36,0,36,288
07/20/2018,STS,CA,AWP,WE,Towers with Radar,26,20,37,0,83,0,22,126,4,152,26,42,163,4,235,68,0,68,303
07/21/2018,STS,CA,AWP,WE,Towers with Radar,21,22,23,0,66,0,41,147,11,199,21,63,170,11,265,66,0,66,331
07/22/2018,STS,CA,AWP,WE,Towers with Radar,25,51,61,0,137,0,11,114,4,129,25,62,175,4,266,6,0,6,272
07/23/2018,STS,CA,AWP,WE,Towers with Radar,24,11,21,0,56,0,19,115,0,134,24,30,136,0,190,54,0,54,244
07/24/2018,STS,CA,AWP,WE,Towers with Radar,21,4,28,0,53,0,13,95,0,108,21,17,123,0,161,86,0,86,247
07/25/2018,STS,CA,AWP,WE,Towers with Radar,22,11,25,0,58,0,34,88,1,123,22,45,113,1,181,76,0,76,257
07/26/2018,STS,CA,AWP,WE,Towers with Radar,22,31,35,0,88,0,17,122,0,139,22,48,157,0,227,60,0,60,287
07/27/2018,STS,CA,AWP,WE,Towers with Radar,26,15,20,0,61,0,57,105,5,167,26,72,125,5,228,92,0,92,320
07/28/2018,STS,CA,AWP,WE,Towers with Radar,20,24,20,0,64,0,76,97,0,173,20,100,117,0,237,16,0,16,253
07/29/2018,STS,CA,AWP,WE,Towers with Radar,23,31,52,0,106,0,46,113,0,159,23,77,165,0,265,94,0,94,359
07/30/2018,STS,CA,AWP,WE,Towers with Radar,26,4,16,0,46,0,58,98,0,156,26,62,114,0,202,82,0,82,284
07/31/2018,STS,CA,AWP,WE,Towers with Radar,20,8,19,1,48,0,12,122,0,134,20,20,141,1,182,144,0,144,326
08/01/2018,STS,CA,AWP,WE,Towers with Radar,22,13,26,0,61,0,28,93,0,121,22,41,119,0,182,72,0,72,254
08/02/2018,STS,CA,AWP,WE,Towers with Radar,23,6,17,0,46,0,49,111,0,160,23,55,128,0,206,98,0,98,304
08/03/2018,STS,CA,AWP,WE,Towers with Radar,24,8,16,0,48,0,64,97,0,161,24,72,113,0,209,88,0,88,297
08/04/2018,STS,CA,AWP,WE,Towers with Radar,20,11,18,0,49,0,28,108,0,136,20,39,126,0,185,70,0,70,255
08/05/2018,STS,CA,AWP,WE,Towers with Radar,21,13,26,0,60,0,37,88,0,125,21,50,114,0,185,48,0,48,233
08/06/2018,STS,CA,AWP,WE,Towers with Radar,26,10,14,2,52,0,26,121,0,147,26,36,135,2,199,96,0,96,295
08/07/2018,STS,CA,AWP,WE,Towers with Radar,20,9,36,2,67,0,11,75,0,86,20,20,111,2,153,96,0,96,249
08/08/2018,STS,CA,AWP,WE,Towers with Radar,22,10,35,0,67,0,60,56,0,116,22,70,91,0,183,126,0,126,309
08/09/2018,STS,CA,AWP,WE,Towers with Radar,23,9,20,1,53,0,22,80,0,102,23,31,100,1,155,92,0,92,247
08/10/2018,STS,CA,AWP,WE,Towers with Radar,23,7,17,0,47,0,37,121,0,158,23,44,138,0,205,86,0,86,291
08/11/2018,STS,CA,AWP,WE,Towers with Radar,21,10,13,0,44,0,18,129,2,149,21,28,142,2,193,58,6,64,257
08/12/2018,STS,CA,AWP,WE,Towers with Radar,22,15,31,0,68,0,16,110,0,126,22,31,141,0,194,118,0,118,312
08/13/2018,STS,CA,AWP,WE,Towers with Radar,24,11,26,0,61,0,13,77,0,90,24,24,103,0,151,90,0,90,241
08/14/2018,STS,CA,AWP,WE,Towers with Radar,17,19,31,1,68,0,4,65,2,71,17,23,96,3,139,58,0,58,197
08/15/2018,STS,CA,AWP,WE,Towers with Radar,22,11,36,0,69,0,20,78,0,98,22,31,114,0,167,94,0,94,261
08/16/2018,STS,CA,AWP,WE,Towers with Radar,20,13,32,0,65,0,23,105,0,128,20,36,137,0,193,36,0,36,229
08/17/2018,STS,CA,AWP,WE,Towers with Radar,27,13,21,0,61,0,13,133,4,150,27,26,154,4,211,140,0,140,351
08/18/2018,STS,CA,AWP,WE,Towers with Radar,20,9,21,1,51,0,16,96,5,117,20,25,117,6,168,36,6,42,210
08/19/2018,STS,CA,AWP,WE,Towers with Radar,25,18,21,0,64,0,21,124,1,146,25,39,145,1,210,94,0,94,304
08/20/2018,STS,CA,AWP,WE,Towers with Radar,24,10,33,0,67,0,7,66,0,73,24,17,99,0,140,72,0,72,212
08/21/2018,STS,CA,AWP,WE,Towers with Radar,20,14,41,0,75,0,4,41,0,45,20,18,82,0,120,76,0,76,196
08/22/2018,STS,CA,AWP,WE,Towers with Radar,22,8,44,0,74,0,15,83,0,98,22,23,127,0,172,106,0,106,278
08/23/2018,STS,CA,AWP,WE,Towers with Radar,21,10,35,0,66,0,19,61,0,80,21,29,96,0,146,90,0,90,236
08/24/2018,STS,CA,AWP,WE,Towers with Radar,25,10,46,4,85,0,11,51,2,64,25,21,97,6,149,36,0,36,185
08/25/2018,STS,CA,AWP,WE,Towers with Radar,19,3,31,2,55,0,22,93,2,117,19,25,124,4,172,70,0,70,242
08/26/2018,STS,CA,AWP,WE,Towers with Radar,21,6,43,0,70,0,15,67,0,82,21,21,110,0,152,50,0,50,202
08/27/2018,STS,CA,AWP,WE,Towers with Radar,20,12,37,1,70,0,3,64,2,69,20,15,101,3,139,70,0,70,209
08/28/2018,STS,CA,AWP,WE,Towers with Radar,20,8,47,0,75,0,5,45,0,50,20,13,92,0,125,86,0,86,211
08/29/2018,STS,CA,AWP,WE,Towers with Radar,21,12,31,0,64,0,7,120,0,127,21,19,151,0,191,58,0,58,249
08/30/2018,STS,CA,AWP,WE,Towers with Radar,24,6,23,0,53,0,29,111,0,140,24,35,134,0,193,86,0,86,279
08/31/2018,STS,CA,AWP,WE,Towers with Radar,22,6,24,0,52,0,18,128,0,146,22,24,152,0,198,62,0,62,260
09/01/2018,STS,CA,AWP,WE,Towers with Radar,18,8,14,0,40,0,10,136,0,146,18,18,150,0,186,52,0,52,238
09/02/2018,STS,CA,AWP,WE,Towers with Radar,19,10,10,0,39,0,11,90,2,103,19,21,100,2,142,70,8,78,220
09/03/2018,STS,CA,AWP,WE,Towers with Radar,19,15,32,0,66,0,22,94,2,118,19,37,126,2,184,42,0,42,226
09/04/2018,STS,CA,AWP,WE,Towers with Radar,18,14,27,0,59,0,12,82,0,94,18,26,109,0,153,60,0,60,213
09/05/2018,STS,CA,AWP,WE,Towers with Radar,20,16,33,0,69,0,20,57,0,77,20,36,90,0,146,58,0,58,204
09/06/2018,STS,CA,AWP,WE,Towers with Radar,22,18,37,0,77,0,9,70,3,82,22,27,107,3,159,14,0,14,173
09/07/2018,STS,CA,AWP,WE,Towers with Radar,20,11,19,3,53,0,22,129,8,159,20,33,148,11,212,116,0,116,328
09/08/2018,STS,CA,AWP,WE,Towers with Radar,18,4,16,0,38,0,96,139,1,236,18,100,155,1,274,32,0,32,306
09/09/2018,STS,CA,AWP,WE,Towers with Radar,23,16,26,0,65,0,36,115,0,151,23,52,141,0,216,72,0,72,288
09/10/2018,STS,CA,AWP,WE,Towers with Radar,21,6,26,0,53,0,16,81,2,99,21,22,107,2,152,96,2,98,250
09/11/2018,STS,CA,AWP,WE,Towers with Radar,18,3,17,0,38,0,21,118,2,141,18,24,135,2,179,32,14,46,225
09/12/2018,STS,CA,AWP,WE,Towers with Radar,20,15,19,4,58,0,18,113,0,131,20,33,132,4,189,52,0,52,241
09/13/2018,STS,CA,AWP,WE,Towers with Radar,22,9,25,4,60,0,18,118,0,136,22,27,143,4,196,28,0,28,224
09/14/2018,STS,CA,AWP,WE,Towers with Radar,20,18,28,0,66,0,23,129,1,153,20,41,157,1,219,73,0,73,292
09/15/2018,STS,CA,AWP,WE,Towers with Radar,18,13,30,0,61,0,16,135,2,153,18,29,165,2,214,90,0,90,304
09/16/2018,STS,CA,AWP,WE,Towers with Radar,23,25,37,0,85,0,10,143,0,153,23,35,180,0,238,26,0,26,264
09/17/2018,STS,CA,AWP,WE,Towers with Radar,21,19,23,0,63,0,13,122,1,136,21,32,145,1,199,92,0,92,291
09/18/2018,STS,CA,AWP,WE,Towers with Radar,18,15,33,0,66,0,15,91,0,106,18,30,124,0,172,60,0,60,232
09/19/2018,STS,CA,AWP,WE,Towers with Radar,21,10,17,0,48,0,31,127,0,158,21,41,144,0,206,112,0,112,318
09/20/2018,STS,CA,AWP,WE,Towers with Radar,23,12,20,0,55,0,20,126,3,149,23,32,146,3,204,24,0,24,228
09/21/2018,STS,CA,AWP,WE,Towers with Radar,21,13,17,1,52,0,28,98,2,128,21,41,115,3,180,74,0,74,254
09/22/2018,STS,CA,AWP,WE,Towers with Radar,18,6,8,0,32,0,11,42,0,53,18,17,50,0,85,12,0,12,97
09/23/2018,STS,CA,AWP,WE,Towers with Radar,23,10,12,0,45,0,35,96,0,131,23,45,108,0,176,44,0,44,220
09/24/2018,STS,CA,AWP,WE,Towers with Radar,19,8,14,0,41,0,13,154,2,169,19,21,168,2,210,116,0,116,326
09/25/2018,STS,CA,AWP,WE,Towers with Radar,22,12,29,1,64,0,14,83,0,97,22,26,112,1,161,78,0,78,239
09/26/2018,STS,CA,AWP,WE,Towers with Radar,21,9,24,1,55,0,23,116,1,140,21,32,140,2,195,98,0,98,293
09/27/2018,STS,CA,AWP,WE,Towers with Radar,23,20,31,0,74,0,21,152,1,174,23,41,183,1,248,96,0,96,344
09/28/2018,STS,CA,AWP,WE,Towers with Radar,21,11,33,0,65,0,12,111,0,123,21,23,144,0,188,50,0,50,238
09/29/2018,STS,CA,AWP,WE,Towers with Radar,15,24,53,0,92,0,4,1,0,5,15,28,54,0,97,0,0,0,97
09/30/2018,STS,CA,AWP,WE,Towers with Radar,22,13,30,0,65,0,8,84,1,93,22,21,114,1,158,80,0,80,238
10/01/2018,STS,CA,AWP,WE,Towers with Radar,21,9,20,2,52,0,7,88,0,95,21,16,108,2,147,70,0,70,217
10/02/2018,STS,CA,AWP,WE,Towers with Radar,18,10,26,0,54,0,7,47,0,54,18,17,73,0,108,78,0,78,186
10/03/2018,STS,CA,AWP,WE,Towers with Radar,22,14,24,0,60,0,11,51,2,64,22,25,75,2,124,72,0,72,196
10/04/2018,STS,CA,AWP,WE,Towers with Radar,18,18,49,0,85,0,6,45,0,51,18,24,94,0,136,68,0,68,204
10/05/2018,STS,CA,AWP,WE,Towers with Radar,14,13,21,0,48,0,18,139,0,157,14,31,160,0,205,92,0,92,297
10/06/2018,STS,CA,AWP,WE,Towers with Radar,13,8,13,0,34,0,9,78,0,87,13,17,91,0,121,60,0,60,181
10/07/2018,STS,CA,AWP,WE,Towers with Radar,18,12,20,0,50,0,30,111,0,141,18,42,131,0,191,64,0,64,255
10/08/2018,STS,CA,AWP,WE,Towers with Radar,18,5,16,0,39,0,23,94,8,125,18,28,110,8,164,100,4,104,268
10/09/2018,STS,CA,AWP,WE,Towers with Radar,17,9,17,0,43,0,10,118,0,128,17,19,135,0,171,120,0,120,291
10/10/2018,STS,CA,AWP,WE,Towers with Radar,16,9,33,2,60,0,7,72,0,79,16,16,105,2,139,44,0,44,183
10/11/2018,STS,CA,AWP,WE,Towers with Radar,18,12,32,4,66,0,28,79,1,108,18,40,111,5,174,50,0,50,224
10/12/2018,STS,CA,AWP,WE,Towers with Radar,19,9,29,0,57,0,25,159,2,186,19,34,188,2,243,98,0,98,341
10/13/2018,STS,CA,AWP,WE,Towers with Radar,14,7,12,0,33,0,17,262,2,281,14,24,274,2,314,64,0,64,378
10/14/2018,STS,CA,AWP,WE,Towers with Radar,17,19,29,3,68,0,10,111,0,121,17,29,140,3,189,70,0,70,259
10/15/2018,STS,CA,AWP,WE,Towers with Radar,17,8,23,0,48,0,8,126,1,135,17,16,149,1,183,98,0,98,281
10/16/2018,STS,CA,AWP,WE,Towers with Radar,14,7,18,0,39,0,28,80,0,108,14,35,98,0,147,8,0,8,155
10/17/2018,STS,CA,AWP,WE,Towers with Radar,18,13,35,0,66,0,11,89,1,101,18,24,124,1,167,130,0,130,297
10/18/2018,STS,CA,AWP,WE,Towers with Radar,20,17,26,2,65,0,10,101,4,115,20,27,127,6,180,98,0,98,278
10/19/2018,STS,CA,AWP,WE,Towers with Radar,12,15,20,0,47,0,24,158,2,184,12,39,178,2,231,60,0,60,291
10/20/2018,STS,CA,AWP,WE,Towers with Radar,15,2,20,0,37,0,10,160,2,172,15,12,180,2,209,70,0,70,279
10/21/2018,STS,CA,AWP,WE,Towers with Radar,18,17,36,0,71,0,11,141,12,164,18,28,177,12,235,174,0,174,409
10/22/2018,STS,CA,AWP,WE,Towers with Radar,17,9,29,4,59,0,4,60,2,66,17,13,89,6,125,54,2,56,181
10/23/2018,STS,CA,AWP,WE,Towers with Radar,15,11,26,0,52,0,6,100,0,106,15,17,126,0,158,102,0,102,260
10/24/2018,STS,CA,AWP,WE,Towers with Radar,17,10,24,1,52,0,11,162,2,175,17,21,186,3,227,126,0,126,353
10/25/2018,STS,CA,AWP,WE,Towers with Radar,23,16,19,2,60,0,33,121,0,154,23,49,140,2,214,82,14,96,310
10/26/2018,STS,CA,AWP,WE,Towers with Radar,15,18,17,4,54,0,11,148,0,159,15,29,165,4,213,84,0,84,297
10/27/2018,STS,CA,AWP,WE,Towers with Radar,14,3,7,0,24,0,6,142,0,148,14,9,149,0,172,56,0,56,228
10/28/2018,STS,CA,AWP,WE,Towers with Radar,19,12,22,0,53,0,11,101,3,115,19,23,123,3,168,42,10,52,220
10/29/2018,STS,CA,AWP,WE,Towers with Radar,16,9,26,0,51,0,18,90,0,108,16,27,116,0,159,56,0,56,215
10/30/2018,STS,CA,AWP,WE,Towers with Radar,14,1,10,2,27,0,12,142,0,154,14,13,152,2,181,174,0,174,355
10/31/2018,STS,CA,AWP,WE,Towers with Radar,11,6,8,0,25,0,8,80,0,88,11,14,88,0,113,104,0,104,217
11/01/2018,STS,CA,AWP,WE,Towers with Radar,16,10,22,1,49,0,38,128,1,167,16,48,150,2,216,148,0,148,364
11/02/2018,STS,CA,AWP,WE,Towers with Radar,16,11,25,0,52,0,10,135,2,147,16,21,160,2,199,54,0,54,253
11/03/2018,STS,CA,AWP,WE,Towers with Radar,14,3,11,0,28,0,26,129,5,160,14,29,140,5,188,82,0,82,270
11/04/2018,STS,CA,AWP,WE,Towers with Radar,17,12,23,0,52,0,9,146,1,156,17,21,169,1,208,116,0,116,324
11/05/2018,STS,CA,AWP,WE,Towers with Radar,16,17,13,3,49,0,11,132,3,146,16,28,145,6,195,214,0,214,409
11/06/2018,STS,CA,AWP,WE,Towers with Radar,13,6,19,0,38,0,11,131,4,146,13,17,150,4,184,170,10,180,364
11/07/2018,STS,CA,AWP,WE,Towers with Radar,15,8,15,0,38,0,10,129,2,141,15,18,144,2,179,166,0,166,345
11/08/2018,STS,CA,AWP,WE,Towers with Radar,16,14,38,0,68,0,14,37,3,54,16,28,75,3,122,14,0,14,136
11/09/2018,STS,CA,AWP,WE,Towers with Radar,13,15,45,0,73,0,0,0,0,0,13,15,45,0,73,0,0,0,73
11/10/2018,STS,CA,AWP,WE,Towers with Radar,13,8,26,0,47,0,0,0,0,0,13,8,26,0,47,0,0,0,47
11/11/2018,STS,CA,AWP,WE,Towers with Radar,15,11,28,0,54,0,19,46,0,65,15,30,74,0,119,54,0,54,173
11/12/2018,STS,CA,AWP,WE,Towers with Radar,13,11,34,0,58,0,10,38,0,48,13,21,72,0,106,80,0,80,186
11/13/2018,STS,CA,AWP,WE,Towers with Radar,13,14,65,0,92,0,4,13,0,17,13,18,78,0,109,18,0,18,127
11/14/2018,STS,CA,AWP,WE,Towers with Radar,14,12,22,0,48,0,14,58,0,72,14,26,80,0,120,100,0,100,220
11/15/2018,STS,CA,AWP,WE,Towers with Radar,16,19,42,4,81,0,5,42,0,47,16,24,84,4,128,50,0,50,178
11/16/2018,STS,CA,AWP,WE,Towers with Radar,13,35,57,0,105,0,1,2,0,3,13,36,59,0,108,0,0,0,108
11/17/2018,STS,CA,AWP,WE,Towers with Radar,13,14,33,0,60,0,0,0,0,0,13,14,33,0,60,0,0,0,60
11/18/2018,STS,CA,AWP,WE,Towers with Radar,15,16,22,0,53,0,5,25,0,30,15,21,47,0,83,8,0,8,91
11/19/2018,STS,CA,AWP,WE,Towers with Radar,15,10,26,0,51,0,3,49,0,52,15,13,75,0,103,78,0,78,181
11/20/2018,STS,CA,AWP,WE,Towers with Radar,16,10,23,0,49,0,7,59,0,66,16,17,82,0,115,91,0,91,206
11/21/2018,STS,CA,AWP,WE,Towers with Radar,12,17,22,0,51,0,2,1,0,3,12,19,23,0,54,4,0,4,58
11/22/2018,STS,CA,AWP,WE,Towers with Radar,16,3,11,0,30,0,3,1,0,4,16,6,12,0,34,0,0,0,34
11/23/2018,STS,CA,AWP,WE,Towers with Radar,13,8,25,0,46,0,0,0,0,0,13,8,25,0,46,0,0,0,46
11/24/2018,STS,CA,AWP,WE,Towers with Radar,13,16,27,0,56,0,12,62,0,74,13,28,89,0,130,94,0,94,224
11/25/2018,STS,CA,AWP,WE,Towers with Radar,21,14,19,0,54,0,19,176,1,196,21,33,195,1,250,142,0,142,392
11/26/2018,STS,CA,AWP,WE,Towers with Radar,15,5,25,0,45,0,14,120,4,138,15,19,145,4,183,128,14,142,325
11/27/2018,STS,CA,AWP,WE,Towers with Radar,14,17,45,0,76,0,0,0,0,0,14,17,45,0,76,0,0,0,76
11/28/2018,STS,CA,AWP,WE,Towers with Radar,13,27,31,2,73,0,5,35,0,40,13,32,66,2,113,76,0,76,189
11/29/2018,STS,CA,AWP,WE,Towers with Radar,12,6,11,0,29,0,4,16,0,20,12,10,27,0,49,20,0,20,69
11/30/2018,STS,CA,AWP,WE,Towers with Radar,13,17,13,0,43,0,17,125,0,142,13,34,138,0,185,160,0,160,345
12/01/2018,STS,CA,AWP,WE,Towers with Radar,13,6,10,0,29,0,10,65,10,85,13,16,75,10,114,54,0,54,168
12/02/2018,STS,CA,AWP,WE,Towers with Radar,17,15,14,0,46,0,9,154,0,163,17,24,168,0,209,152,0,152,361
12/03/2018,STS,CA,AWP,WE,Towers with Radar,15,4,17,0,36,0,10,122,1,133,15,14,139,1,169,98,0,98,267
12/04/2018,STS,CA,AWP,WE,Towers with Radar,15,7,17,2,41,0,27,38,0,65,15,34,55,2,106,96,0,96,202
12/05/2018,STS,CA,AWP,WE,Towers with Radar,16,10,20,0,46,0,8,21,2,31,16,18,41,2,77,90,4,94,171
12/06/2018,STS,CA,AWP,WE,Towers with Radar,12,10,24,0,46,0,12,136,0,148,12,22,160,0,194,134,0,134,328
12/07/2018,STS,CA,AWP,WE,Towers with Radar,15,11,11,1,38,0,15,114,2,131,15,26,125,3,169,84,0,84,253
12/08/2018,STS,CA,AWP,WE,Towers with Radar,13,2,13,0,28,0,3,168,0,171,13,5,181,0,199,76,0,76,275
12/09/2018,STS,CA,AWP,WE,Towers with Radar,14,7,29,0,50,0,0,8,0,8,14,7,37,0,58,0,0,0,58
12/10/2018,STS,CA,AWP,WE,Towers with Radar,14,6,28,0,48,0,8,57,0,65,14,14,85,0,113,96,0,96,209
12/11/2018,STS,CA,AWP,WE,Towers with Radar,15,3,20,0,38,0,12,86,0,98,15,15,106,0,136,180,0,180,316
12/12/2018,STS,CA,AWP,WE,Towers with Radar,18,7,19,0,44,0,9,115,0,124,18,16,134,0,168,80,0,80,248
12/13/2018,STS,CA,AWP,WE,Towers with Radar,8,14,11,2,35,0,17,143,6,166,8,31,154,8,201,140,0,140,341
12/14/2018,STS,CA,AWP,WE,Towers with Radar,15,13,37,0,65,0,6,6,0,12,15,19,43,0,77,6,0,6,83
12/15/2018,STS,CA,AWP,WE,Towers with Radar,15,9,28,0,52,0,12,15,0,27,15,21,43,0,79,18,0,18,97
12/16/2018,STS,CA,AWP,WE,Towers with Radar,17,8,31,0,56,0,0,0,0,0,17,8,31,0,56,0,0,0,56
12/17/2018,STS,CA,AWP,WE,Towers with Radar,14,9,30,0,53,0,9,46,0,55,14,18,76,0,108,20,0,20,128
12/18/2018,STS,CA,AWP,WE,Towers with Radar,15,7,37,4,63,0,0,0,0,0,15,7,37,4,63,0,0,0,63
12/19/2018,STS,CA,AWP,WE,Towers with Radar,15,18,44,0,77,0,1,0,0,1,15,19,44,0,78,0,0,0,78
12/20/2018,STS,CA,AWP,WE,Towers with Radar,15,11,37,0,63,0,0,0,0,0,15,11,37,0,63,0,0,0,63
12/21/2018,STS,CA,AWP,WE,Towers with Radar,16,11,15,1,43,0,8,93,0,101,16,19,108,1,144,18,0,18,162
12/22/2018,STS,CA,AWP,WE,Towers with Radar,15,7,12,0,34,0,9,130,0,139,15,16,142,0,173,108,0,108,281
12/23/2018,STS,CA,AWP,WE,Towers with Radar,14,18,21,0,53,0,5,57,0,62,14,23,78,0,115,12,0,12,127
12/24/2018,STS,CA,AWP,WE,Towers with Radar,19,2,10,0,31,0,3,0,0,3,19,5,10,0,34,0,0,0,34
12/25/2018,STS,CA,AWP,WE,Towers with Radar,14,1,5,0,20,0,2,46,0,48,14,3,51,0,68,48,0,48,116
12/26/2018,STS,CA,AWP,WE,Towers with Radar,12,9,15,0,36,0,7,114,0,121,12,16,129,0,157,110,0,110,267
12/27/2018,STS,CA,AWP,WE,Towers with Radar,12,10,10,0,32,0,10,119,1,130,12,20,129,1,162,94,0,94,256
12/28/2018,STS,CA,AWP,WE,Towers with Radar,12,8,18,0,38,0,8,118,0,126,12,16,136,0,164,72,0,72,236
12/29/2018,STS,CA,AWP,WE,Towers with Radar,16,11,6,0,33,0,10,132,0,142,16,21,138,0,175,52,0,52,227
12/30/2018,STS,CA,AWP,WE,Towers with Radar,12,4,7,0,23,0,9,75,0,84,12,13,82,0,107,86,0,86,193
12/31/2018,STS,CA,AWP,WE,Towers with Radar,15,2,5,0,22,0,9,66,0,75,15,11,71,0,97,118,0,118,215
01/01/2019,STS,CA,AWP,WE,Towers with Radar,14,6,8,0,28,0,2,100,0,102,14,8,108,0,130,10,0,10,140
01/02/2019,STS,CA,AWP,WE,Towers with Radar,14,9,11,0,34,0,11,119,0,130,14,20,130,0,164,80,0,80,244
01/03/2019,STS,CA,AWP,WE,Towers with Radar,15,6,16,0,37,0,13,122,0,135,15,19,138,0,172,122,0,122,294
01/04/2019,STS,CA,AWP,WE,Towers with Radar,15,4,15,0,34,0,15,129,2,146,15,19,144,2,180,150,0,150,330
01/05/2019,STS,CA,AWP,WE,Towers with Radar,15,11,16,0,42,0,0,0,0,0,15,11,16,0,42,0,0,0,42
01/06/2019,STS,CA,AWP,WE,Towers with Radar,15,5,12,0,32,0,0,0,0,0,15,5,12,0,32,0,0,0,32
01/07/2019,STS,CA,AWP,WE,Towers with Radar,14,3,11,0,28,0,7,34,0,41,14,10,45,0,69,28,0,28,97
01/08/2019,STS,CA,AWP,WE,Towers with Radar,13,5,31,0,49,0,2,0,0,2,13,7,31,0,51,2,0,2,53
01/09/2019,STS,CA,AWP,WE,Towers with Radar,12,7,24,0,43,0,1,26,0,27,12,8,50,0,70,52,0,52,122
01/10/2019,STS,CA,AWP,WE,Towers with Radar,13,3,33,1,50,0,16,41,0,57,13,19,74,1,107,44,0,44,151
01/11/2019,STS,CA,AWP,WE,Towers with Radar,14,5,25,0,44,0,8,10,0,18,14,13,35,0,62,16,0,16,78
01/12/2019,STS,CA,AWP,WE,Towers with Radar,14,9,17,1,41,0,5,120,0,125,14,14,137,1,166,74,0,74,240
01/13/2019,STS,CA,AWP,WE,Towers with Radar,17,6,14,0,37,0,5,72,0,77,17,11,86,0,114,120,0,120,234
01/14/2019,STS,CA,AWP,WE,Towers with Radar,13,8,16,0,37,0,2,20,0,22,13,10,36,0,59,22,0,22,81
01/15/2019,STS,CA,AWP,WE,Towers with Radar,16,10,19,1,46,0,5,8,3,16,16,15,27,4,62,14,0,14,76
01/16/2019,STS,CA,AWP,WE,Towers with Radar,13,11,15,0,39,0,1,0,1,2,13,12,15,1,41,0,0,0,41
01/17/2019,STS,CA,AWP,WE,Towers with Radar,14,17,26,0,57,0,8,12,0,20,14,25,38,0,77,16,0,16,93
01/18/2019,STS,CA,AWP,WE,Towers with Radar,14,8,33,0,55,0,4,77,0,81,14,12,110,0,136,104,0,104,240
01/19/2019,STS,CA,AWP,WE,Towers with Radar,11,6,43,0,60,0,0,12,0,12,11,6,55,0,72,42,0,42,114
01/20/2019,STS,CA,AWP,WE,Towers with Radar,13,6,20,0,39,0,0,9,0,9,13,6,29,0,48,68,0,68,116
01/21/2019,STS,CA,AWP,WE,Towers with Radar,14,7,18,0,39,0,11,159,0,170,14,18,177,0,209,90,0,90,299
01/22/2019,STS,CA,AWP,WE,Towers with Radar,13,6,13,2,34,0,5,163,0,168,13,11,176,2,202,249,0,249,451
01/23/2019,STS,CA,AWP,WE,Towers with Radar,13,2,11,1,27,0,13,123,0,136,13,15,134,1,163,108,0,108,271
01/24/2019,STS,CA,AWP,WE,Towers with Radar,14,9,17,0,40,0,7,136,0,143,14,16,153,0,183,158,0,158,341
01/25/2019,STS,CA,AWP,WE,Towers with Radar,17,23,17,0,57,0,3,169,0,172,17,26,186,0,229,187,0,187,416
01/26/2019,STS,CA,AWP,WE,Towers with Radar,12,2,17,0,31,0,1,140,0,141,12,3,157,0,172,76,0,76,248
01/27/2019,STS,CA,AWP,WE,Towers with Radar,14,12,12,0,38,0,5,164,1,170,14,17,176,1,208,140,0,140,348
01/28/2019,STS,CA,AWP,WE,Towers with Radar,14,7,10,0,31,0,8,91,2,101,14,15,101,2,132,158,0,158,290
01/29/2019,STS,CA,AWP,WE,Towers with Radar,15,15,27,0,57,0,4,47,0,51,15,19,74,0,108,4,0,4,112
01/30/2019,STS,CA,AWP,WE,Towers with Radar,11,11,18,1,41,0,4,39,0,43,11,15,57,1,84,32,0,32,116
01/31/2019,STS,CA,AWP,WE,Towers with Radar,12,10,29,0,51,0,4,37,0,41,12,14,66,0,92,58,0,58,150
02/01/2019,STS,CA,AWP,WE,Towers with Radar,15,10,17,0,42,0,2,13,2,17,15,12,30,2,59,72,0,72,131
02/02/2019,STS,CA,AWP,WE,Towers with Radar,8,2,9,0,19,0,1,2,2,5,8,3,11,2,24,0,10,10,34
02/03/2019,STS,CA,AWP,WE,Towers with Radar,13,6,10,0,29,0,1,0,0,1,13,7,10,0,30,0,0,0,30
02/04/2019,STS,CA,AWP,WE,Towers with Radar,12,7,16,0,35,0,5,8,0,13,12,12,24,0,48,20,0,20,68
02/05/2019,STS,CA,AWP,WE,Towers with Radar,13,4,12,2,31,1,8,94,1,104,14,12,106,3,135,108,0,108,243
02/06/2019,STS,CA,AWP,WE,Towers with Radar,13,8,15,6,42,0,9,149,2,160,13,17,164,8,202,162,0,162,364
02/07/2019,STS,CA,AWP,WE,Towers with Radar,14,12,19,0,45,0,7,140,0,147,14,19,159,0,192,206,0,206,398
02/08/2019,STS,CA,AWP,WE,Towers with Radar,13,6,13,0,32,0,6,8,2,16,13,12,21,2,48,10,0,10,58
02/09/2019,STS,CA,AWP,WE,Towers with Radar,11,13,17,0,41,0,0,0,0,0,11,13,17,0,41,0,0,0,41
02/10/2019,STS,CA,AWP,WE,Towers with Radar,14,7,8,0,29,0,11,83,0,94,14,18,91,0,123,118,0,118,241
02/11/2019,STS,CA,AWP,WE,Towers with Radar,12,9,18,0,39,0,4,50,1,55,12,13,68,1,94,136,0,136,230
02/12/2019,STS,CA,AWP,WE,Towers with Radar,14,3,15,0,32,0,4,32,0,36,14,7,47,0,68,114,0,114,182
02/13/2019,STS,CA,AWP,WE,Towers with Radar,10,8,15,0,33,0,0,0,0,0,10,8,15,0,33,0,0,0,33
02/14/2019,STS,CA,AWP,WE,Towers with Radar,15,5,12,1,33,0,1,8,0,9,15,6,20,1,42,22,0,22,64
02/15/2019,STS,CA,AWP,WE,Towers with Radar,13,7,22,0,42,0,2,22,0,24,13,9,44,0,66,16,0,16,82
02/16/2019,STS,CA,AWP,WE,Towers with Radar,11,5,13,0,29,0,3,39,0,42,11,8,52,0,71,26,0,26,97
02/17/2019,STS,CA,AWP,WE,Towers with Radar,15,2,7,0,24,0,12,97,0,109,15,14,104,0,133,68,0,68,201
02/18/2019,STS,CA,AWP,WE,Towers with Radar,15,11,16,0,42,0,14,196,2,212,15,25,212,2,254,70,0,70,324
02/19/2019,STS,CA,AWP,WE,Towers with Radar,13,8,16,1,38,0,4,123,0,127,13,12,139,1,165,148,0,148,313
02/20/2019,STS,CA,AWP,WE,Towers with Radar,13,5,15,0,33,0,6,71,2,79,13,11,86,2,112,68,20,88,200
02/21/2019,STS,CA,AWP,WE,Towers with Radar,15,8,22,0,45,0,8,101,2,111,15,16,123,2,156,70,0,70,226
02/22/2019,STS,CA,AWP,WE,Towers with Radar,14,9,9,0,32,0,15,172,0,187,14,24,181,0,219,160,0,160,379
02/23/2019,STS,CA,AWP,WE,Towers with Radar,12,7,12,0,31,0,3,153,0,156,12,10,165,0,187,140,0,140,327
02/24/2019,STS,CA,AWP,WE,Towers with Radar,14,17,19,0,50,0,3,47,6,56,14,20,66,6,106,52,0,52,158
02/25/2019,STS,CA,AWP,WE,Towers with Radar,14,8,18,0,40,0,0,7,0,7,14,8,25,0,47,32,0,32,79
02/26/2019,STS,CA,AWP,WE,Towers with Radar,13,7,17,0,37,0,0,0,0,0,13,7,17,0,37,0,0,0,37
02/27/2019,STS,CA,AWP,WE,Towers with Radar,12,15,15,0,42,0,17,18,2,37,12,32,33,2,79,4,0,4,83
02/28/2019,STS,CA,AWP,WE,Towers with Radar,14,9,25,0,48,0,14,174,0,188,14,23,199,0,236,176,0,176,412
03/01/2019,STS,CA,AWP,WE,Towers with Radar,14,4,19,0,37,0,2,130,10,142,14,6,149,10,179,146,0,146,325
03/02/2019,STS,CA,AWP,WE,Towers with Radar,11,5,13,0,29,0,0,10,0,10,11,5,23,0,39,34,0,34,73
03/03/2019,STS,CA,AWP,WE,Towers with Radar,14,13,30,0,57,0,1,10,0,11,14,14,40,0,68,12,0,12,80
03/04/2019,STS,CA,AWP,WE,Towers with Radar,13,7,34,0,54,0,11,60,0,71,13,18,94,0,125,72,0,72,197
03/05/2019,STS,CA,AWP,WE,Towers with Radar,13,6,27,0,46,0,1,12,0,13,13,7,39,0,59,32,0,32,91
03/06/2019,STS,CA,AWP,WE,Towers with Radar,11,12,19,0,42,0,0,6,0,6,11,12,25,0,48,2,0,2,50
03/07/2019,STS,CA,AWP,WE,Towers with Radar,14,6,23,0,43,0,14,106,0,120,14,20,129,0,163,156,0,156,319
03/08/2019,STS,CA,AWP,WE,Towers with Radar,17,9,23,0,49,0,6,224,2,232,17,15,247,2,281,170,0,170,451
03/09/2019,STS,CA,AWP,WE,Towers with Radar,15,9,14,1,39,0,2,6,1,9,15,11,20,2,48,2,0,2,50
03/10/2019,STS,CA,AWP,WE,Towers with Radar,17,13,18,2,50,0,0,36,1,37,17,13,54,3,87,128,34,162,249
03/11/2019,STS,CA,AWP,WE,Towers with Radar,15,4,19,0,38,0,9,140,0,149,15,13,159,0,187,116,0,116,303
03/12/2019,STS,CA,AWP,WE,Towers with Radar,14,5,17,1,37,0,8,49,0,57,14,13,66,1,94,74,0,74,168
03/13/2019,STS,CA,AWP,WE,Towers with Radar,13,7,13,0,33,0,11,131,0,142,13,18,144,0,175,122,0,122,297
03/14/2019,STS,CA,AWP,WE,Towers with Radar,13,8,16,0,37,0,17,159,0,176,13,25,175,0,213,180,0,180,393
03/15/2019,STS,CA,AWP,WE,Towers with Radar,15,9,16,0,40,0,28,165,0,193,15,37,181,0,233,184,0,184,417
03/16/2019,STS,CA,AWP,WE,Towers with Radar,11,8,20,0,39,0,10,127,4,141,11,18,147,4,180,66,10,76,256
03/17/2019,STS,CA,AWP,WE,Towers with Radar,15,14,20,0,49,0,7,164,2,173,15,21,184,2,222,100,0,100,322
03/18/2019,STS,CA,AWP,WE,Towers with Radar,15,12,13,1,41,0,9,129,5,143,15,21,142,6,184,124,0,124,308
03/19/2019,STS,CA,AWP,WE,Towers with Radar,14,7,19,0,40,0,7,83,1,91,14,14,102,1,131,68,0,68,199
03/20/2019,STS,CA,AWP,WE,Towers with Radar,14,9,43,0,66,0,5,20,0,25,14,14,63,0,91,4,0,4,95
03/21/2019,STS,CA,AWP,WE,Towers with Radar,15,10,10,0,35,0,19,150,0,169,15,29,160,0,204,160,0,160,364
03/22/2019,STS,CA,AWP,WE,Towers with Radar,17,16,32,0,65,0,3,0,0,3,17,19,32,0,68,0,0,0,68
03/23/2019,STS,CA,AWP,WE,Towers with Radar,12,7,21,0,40,0,7,104,0,111,12,14,125,0,151,62,0,62,213
03/24/2019,STS,CA,AWP,WE,Towers with Radar,13,5,16,0,34,0,8,128,4,140,13,13,144,4,174,108,0,108,282
03/25/2019,STS,CA,AWP,WE,Towers with Radar,15,11,19,0,45,0,1,2,0,3,15,12,21,0,48,0,0,0,48
03/26/2019,STS,CA,AWP,WE,Towers with Radar,14,11,24,1,50,0,10,54,1,65,14,21,78,2,115,34,0,34,149
03/27/2019,STS,CA,AWP,WE,Towers with Radar,16,9,7,4,36,0,3,13,2,18,16,12,20,6,54,20,12,32,86
03/28/2019,STS,CA,AWP,WE,Towers with Radar,17,18,26,0,61,0,7,9,1,17,17,25,35,1,78,0,0,0,78
03/29/2019,STS,CA,AWP,WE,Towers with Radar,13,19,32,1,65,0,5,83,0,88,13,24,115,1,153,52,0,52,205
03/30/2019,STS,CA,AWP,WE,Towers with Radar,12,8,24,0,44,0,12,214,2,228,12,20,238,2,272,128,0,128,400
03/31/2019,STS,CA,AWP,WE,Towers with Radar,15,11,30,0,56,0,5,151,1,157,15,16,181,1,213,114,6,120,333
04/01/2019,STS,CA,AWP,WE,Towers with Radar,15,5,14,0,34,0,5,77,9,91,15,10,91,9,125,160,0,160,285
04/02/2019,STS,CA,AWP,WE,Towers with Radar,14,8,42,0,64,0,3,15,0,18,14,11,57,0,82,6,0,6,88
04/03/2019,STS,CA,AWP,WE,Towers with Radar,14,15,52,0,81,0,12,27,0,39,14,27,79,0,120,32,0,32,152
04/04/2019,STS,CA,AWP,WE,Towers with Radar,15,10,30,0,55,0,11,28,0,39,15,21,58,0,94,60,0,60,154
04/05/2019,STS,CA,AWP,WE,Towers with Radar,15,14,34,0,63,0,4,11,0,15,15,18,45,0,78,52,0,52,130
04/06/2019,STS,CA,AWP,WE,Towers with Radar,14,11,33,0,58,0,6,10,2,18,14,17,43,2,76,0,0,0,76
04/07/2019,STS,CA,AWP,WE,Towers with Radar,15,10,37,2,64,0,5,48,1,54,15,15,85,3,118,34,0,34,152
04/08/2019,STS,CA,AWP,WE,Towers with Radar,17,8,38,0,63,0,0,0,0,0,17,8,38,0,63,0,0,0,63
04/09/2019,STS,CA,AWP,WE,Towers with Radar,14,8,13,0,35,0,10,102,4,116,14,18,115,4,151,92,0,92,243
04/10/2019,STS,CA,AWP,WE,Towers with Radar,13,3,19,1,36,0,9,112,2,123,13,12,131,3,159,124,0,124,283
04/11/2019,STS,CA,AWP,WE,Towers with Radar,15,10,26,0,51,0,13,64,0,77,15,23,90,0,128,56,0,56,184
04/12/2019,STS,CA,AWP,WE,Towers with Radar,15,13,25,0,53,0,11,165,0,176,15,24,190,0,229,72,0,72,301
04/13/2019,STS,CA,AWP,WE,Towers with Radar,14,9,15,0,38,0,13,189,3,205,14,22,204,3,243,88,0,88,331
04/14/2019,STS,CA,AWP,WE,Towers with Radar,15,15,19,0,49,0,13,142,2,157,15,28,161,2,206,174,0,174,380
04/15/2019,STS,CA,AWP,WE,Towers with Radar,18,6,29,0,53,0,5,47,2,54,18,11,76,2,107,68,0,68,175
04/16/2019,STS,CA,AWP,WE,Towers with Radar,14,16,28,1,59,0,15,120,0,135,14,31,148,1,194,92,0,92,286
04/17/2019,STS,CA,AWP,WE,Towers with Radar,15,14,20,0,49,0,4,142,0,146,15,18,162,0,195,72,0,72,267
04/18/2019,STS,CA,AWP,WE,Towers with Radar,16,12,22,0,50,0,10,185,0,195,16,22,207,0,245,214,0,214,459
04/19/2019,STS,CA,AWP,WE,Towers with Radar,15,5,37,0,57,0,8,150,0,158,15,13,187,0,215,162,0,162,377
04/20/2019,STS,CA,AWP,WE,Towers with Radar,14,13,23,0,50,0,21,70,0,91,14,34,93,0,141,42,0,42,183
04/21/2019,STS,CA,AWP,WE,Towers with Radar,15,3,22,0,40,0,10,112,5,127,15,13,134,5,167,66,0,66,233
04/22/2019,STS,CA,AWP,WE,Towers with Radar,16,11,28,0,55,0,7,132,0,139,16,18,160,0,194,78,0,78,272
04/23/2019,STS,CA,AWP,WE,Towers with Radar,14,6,16,2,38,0,20,130,0,150,14,26,146,2,188,54,0,54,242
04/24/2019,STS,CA,AWP,WE,Towers with Radar,13,15,19,0,47,0,19,124,0,143,13,34,143,0,190,34,0,34,224
04/25/2019,STS,CA,AWP,WE,Towers with Radar,15,12,21,4,52,0,24,116,2,142,15,36,137,6,194,130,0,130,324
04/26/2019,STS,CA,AWP,WE,Towers with Radar,15,23,39,0,77,0,22,103,2,127,15,45,142,2,204,88,0,88,292
04/27/2019,STS,CA,AWP,WE,Towers with Radar,14,9,23,1,47,0,17,158,3,178,14,26,181,4,225,64,0,64,289
04/28/2019,STS,CA,AWP,WE,Towers with Radar,16,16,28,0,60,0,7,76,0,83,16,23,104,0,143,82,0,82,225
04/29/2019,STS,CA,AWP,WE,Towers with Radar,15,7,52,3,77,0,8,45,2,55,15,15,97,5,132,90,0,90,222
04/30/2019,STS,CA,AWP,WE,Towers with Radar,14,17,33,1,65,0,7,105,2,114,14,24,138,3,179,68,0,68,247
05/01/2019,STS,CA,AWP,WE,Towers with Radar,13,13,34,0,60,0,9,114,0,123,13,22,148,0,183,88,0,88,271
05/02/2019,STS,CA,AWP,WE,Towers with Radar,14,24,27,1,66,0,9,136,0,145,14,33,163,1,211,84,0,84,295
05/03/2019,STS,CA,AWP,WE,Towers with Radar,17,24,24,0,65,0,5,122,0,127,17,29,146,0,192,62,0,62,254
05/04/2019,STS,CA,AWP,WE,Towers with Radar,16,3,24,0,43,0,12,101,4,117,16,15,125,4,160,34,0,34,194
05/05/2019,STS,CA,AWP,WE,Towers with Radar,18,23,40,0,81,0,6,64,0,70,18,29,104,0,151,46,0,46,197
05/06/2019,STS,CA,AWP,WE,Towers with Radar,15,15,53,0,83,0,5,28,0,33,15,20,81,0,116,86,0,86,202
05/07/2019,STS,CA,AWP,WE,Towers with Radar,16,11,36,1,64,0,16,52,6,74,16,27,88,7,138,14,0,14,152
05/08/2019,STS,CA,AWP,WE,Towers with Radar,18,14,34,0,66,0,14,38,0,52,18,28,72,0,118,44,0,44,162
05/09/2019,STS,CA,AWP,WE,Towers with Radar,18,23,53,0,94,0,2,22,1,25,18,25,75,1,119,6,0,6,125
05/10/2019,STS,CA,AWP,WE,Towers with Radar,18,21,28,0,67,0,9,154,0,163,18,30,182,0,230,102,0,102,332
05/11/2019,STS,CA,AWP,WE,Towers with Radar,15,9,19,0,43,0,8,177,0,185,15,17,196,0,228,74,0,74,302
05/12/2019,STS,CA,AWP,WE,Towers with Radar,16,23,18,0,57,0,7,128,0,135,16,30,146,0,192,48,0,48,240
05/13/2019,STS,CA,AWP,WE,Towers with Radar,18,8,32,0,58,0,24,91,0,115,18,32,123,0,173,86,0,86,259
05/14/2019,STS,CA,AWP,WE,Towers with Radar,16,14,34,0,64,0,10,75,0,85,16,24,109,0,149,52,0,52,201
05/15/2019,STS,CA,AWP,WE,Towers with Radar,15,9,25,0,49,0,0,0,0,0,15,9,25,0,49,0,0,0,49
05/16/2019,STS,CA,AWP,WE,Towers with Radar,17,20,13,0,50,0,3,1,0,4,17,23,14,0,54,0,0,0,54
05/17/2019,STS,CA,AWP,WE,Towers with Radar,20,18,31,0,69,0,13,137,0,150,20,31,168,0,219,118,0,118,337
05/18/2019,STS,CA,AWP,WE,Towers with Radar,21,8,19,0,48,0,0,4,0,4,21,8,23,0,52,0,0,0,52
05/19/2019,STS,CA,AWP,WE,Towers with Radar,17,29,34,0,80,0,0,10,2,12,17,29,44,2,92,0,0,0,92
05/20/2019,STS,CA,AWP,WE,Towers with Radar,19,14,42,0,75,0,4,49,0,53,19,18,91,0,128,94,0,94,222
05/21/2019,STS,CA,AWP,WE,Towers with Radar,16,16,43,0,75,0,4,20,0,24,16,20,63,0,99,4,0,4,103
05/22/2019,STS,CA,AWP,WE,Towers with Radar,16,12,18,4,50,0,19,137,0,156,16,31,155,4,206,126,0,126,332
05/23/2019,STS,CA,AWP,WE,Towers with Radar,18,21,37,0,76,0,15,124,2,141,18,36,161,2,217,92,0,92,309
05/24/2019,STS,CA,AWP,WE,Towers with Radar,20,18,35,0,73,0,6,109,0,115,20,24,144,0,188,86,0,86,274
05/25/2019,STS,CA,AWP,WE,Towers with Radar,16,8,17,0,41,0,10,159,3,172,16,18,176,3,213,102,0,102,315
05/26/2019,STS,CA,AWP,WE,Towers with Radar,15,9,18,0,42,0,5,17,0,22,15,14,35,0,64,22,0,22,86
05/27/2019,STS,CA,AWP,WE,Towers with Radar,19,16,40,0,75,0,4,110,0,114,19,20,150,0,189,112,0,112,301
05/28/2019,STS,CA,AWP,WE,Towers with Radar,16,7,23,0,46,0,7,122,0,129,16,14,145,0,175,122,0,122,297
05/29/2019,STS,CA,AWP,WE,Towers with Radar,16,8,17,0,41,0,11,179,2,192,16,19,196,2,233,158,4,162,395
05/30/2019,STS,CA,AWP,WE,Towers with Radar,18,21,45,0,84,0,12,95,0,107,18,33,140,0,191,26,0,26,217
05/31/2019,STS,CA,AWP,WE,Towers with Radar,19,15,27,0,61,0,14,126,2,142,19,29,153,2,203,94,0,94,297
06/01/2019,STS,CA,AWP,WE,Towers with Radar,16,7,15,0,38,0,15,104,4,123,16,22,119,4,161,40,4,44,205
06/02/2019,STS,CA,AWP,WE,Towers with Radar,18,42,29,0,89,0,6,128,0,134,18,48,157,0,223,18,0,18,241
06/03/2019,STS,CA,AWP,WE,Towers with Radar,19,28,28,0,75,0,6,125,0,131,19,34,153,0,206,26,0,26,232
06/04/2019,STS,CA,AWP,WE,Towers with Radar,17,17,19,2,55,0,9,124,0,133,17,26,143,2,188,108,0,108,296
06/05/2019,STS,CA,AWP,WE,Towers with Radar,17,16,30,0,63,0,15,134,0,149,17,31,164,0,212,118,0,118,330
06/06/2019,STS,CA,AWP,WE,Towers with Radar,22,29,48,0,99,2,15,110,0,127,24,44,158,0,226,98,0,98,324
06/07/2019,STS,CA,AWP,WE,Towers with Radar,23,22,22,0,67,0,9,138,0,147,23,31,160,0,214,112,0,112,326
06/08/2019,STS,CA,AWP,WE,Towers with Radar,20,24,30,0,74,0,50,126,0,176,20,74,156,0,250,40,0,40,290
06/09/2019,STS,CA,AWP,WE,Towers with Radar,19,38,54,0,111,0,17,146,0,163,19,55,200,0,274,38,0,38,312
06/10/2019,STS,CA,AWP,WE,Towers with Radar,25,6,20,0,51,0,22,96,0,118,25,28,116,0,169,88,0,88,257
06/11/2019,STS,CA,AWP,WE,Towers with Radar,20,9,16,0,45,0,19,111,0,130,20,28,127,0,175,66,0,66,241
06/12/2019,STS,CA,AWP,WE,Towers with Radar,20,11,28,0,59,0,11,115,0,126,20,22,143,0,185,130,0,130,315
06/13/2019,STS,CA,AWP,WE,Towers with Radar,22,32,39,0,93,0,7,102,0,109,22,39,141,0,202,100,0,100,302
06/14/2019,STS,CA,AWP,WE,Towers with Radar,24,19,44,0,87,0,17,133,0,150,24,36,177,0,237,74,0,74,311
06/15/2019,STS,CA,AWP,WE,Towers with Radar,23,25,29,1,78,0,7,82,0,89,23,32,111,1,167,30,0,30,197
06/16/2019,STS,CA,AWP,WE,Towers with Radar,19,21,39,0,79,0,26,91,0,117,19,47,130,0,196,40,0,40,236
06/17/2019,STS,CA,AWP,WE,Towers with Radar,23,10,33,0,66,0,15,87,0,102,23,25,120,0,168,100,0,100,268
06/18/2019,STS,CA,AWP,WE,Towers with Radar,20,15,27,0,62,0,9,101,0,110,20,24,128,0,172,170,0,170,342
06/19/2019,STS,CA,AWP,WE,Towers with Radar,21,7,35,0,63,1,12,126,0,139,22,19,161,0,202,135,0,135,337
06/20/2019,STS,CA,AWP,WE,Towers with Radar,19,16,48,0,83,0,14,121,1,136,19,30,169,1,219,78,0,78,297
06/21/2019,STS,CA,AWP,WE,Towers with Radar,23,16,31,0,70,0,17,142,0,159,23,33,173,0,229,120,0,120,349
06/22/2019,STS,CA,AWP,WE,Towers with Radar,21,10,33,0,64,0,12,152,1,165,21,22,185,1,229,90,0,90,319
06/23/2019,STS,CA,AWP,WE,Towers with Radar,22,15,43,0,80,0,11,165,0,176,22,26,208,0,256,88,0,88,344
06/24/2019,STS,CA,AWP,WE,Towers with Radar,23,5,24,0,52,0,16,102,6,124,23,21,126,6,176,116,12,128,304
06/25/2019,STS,CA,AWP,WE,Towers with Radar,19,10,14,4,47,0,16,126,0,142,19,26,140,4,189,134,0,134,323
06/26/2019,STS,CA,AWP,WE,Towers with Radar,21,12,16,0,49,0,14,112,0,126,21,26,128,0,175,96,0,96,271
06/27/2019,STS,CA,AWP,WE,Towers with Radar,23,12,14,0,49,0,11,157,2,170,23,23,171,2,219,104,0,104,323
06/28/2019,STS,CA,AWP,WE,Towers with Radar,27,12,15,1,55,0,8,154,0,162,27,20,169,1,217,94,0,94,311
06/29/2019,STS,CA,AWP,WE,Towers with Radar,22,10,25,1,58,0,14,154,2,170,22,24,179,3,228,70,0,70,298
06/30/2019,STS,CA,AWP,WE,Towers with Radar,22,11,19,0,52,0,6,152,2,160,22,17,171,2,212,94,0,94,306
07/01/2019,STS,CA,AWP,WE,Towers with Radar,24,5,25,1,55,0,12,114,3,129,24,17,139,4,184,126,0,126,310
07/02/2019,STS,CA,AWP,WE,Towers with Radar,23,12,17,0,52,0,9,110,3,122,23,21,127,3,174,134,0,134,308
07/03/2019,STS,CA,AWP,WE,Towers with Radar,20,9,20,0,49,0,14,156,2,172,20,23,176,2,221,122,0,122,343
07/04/2019,STS,CA,AWP,WE,Towers with Radar,17,4,12,0,33,0,14,107,0,121,17,18,119,0,154,72,0,72,226
07/05/2019,STS,CA,AWP,WE,Towers with Radar,23,9,14,0,46,0,23,118,2,143,23,32,132,2,189,90,0,90,279
07/06/2019,STS,CA,AWP,WE,Towers with Radar,22,12,19,0,53,0,12,133,0,145,22,24,152,0,198,80,0,80,278
07/07/2019,STS,CA,AWP,WE,Towers with Radar,22,11,22,0,55,0,8,128,0,136,22,19,150,0,191,74,0,74,265
07/08/2019,STS,CA,AWP,WE,Towers with Radar,23,9,28,0,60,0,11,110,0,121,23,20,138,0,181,96,0,96,277
07/09/2019,STS,CA,AWP,WE,Towers with Radar,21,4,19,0,44,0,10,110,1,121,21,14,129,1,165,182,0,182,347
07/10/2019,STS,CA,AWP,WE,Towers with Radar,22,12,31,0,65,0,30,100,0,130,22,42,131,0,195,74,0,74,269
07/11/2019,STS,CA,AWP,WE,Towers with Radar,22,28,55,0,105,0,26,140,0,166,22,54,195,0,271,46,0,46,317
07/12/2019,STS,CA,AWP,WE,Towers with Radar,24,19,21,0,64,0,8,160,0,168,24,27,181,0,232,94,0,94,326
07/13/2019,STS,CA,AWP,WE,Towers with Radar,22,8,18,0,48,0,18,119,2,139,22,26,137,2,187,16,0,16,203
07/14/2019,STS,CA,AWP,WE,Towers with Radar,23,22,38,0,83,0,7,133,0,140,23,29,171,0,223,18,0,18,241
07/15/2019,STS,CA,AWP,WE,Towers with Radar,25,19,19,0,63,0,12,110,3,125,25,31,129,3,188,50,0,50,238
07/16/2019,STS,CA,AWP,WE,Towers with Radar,22,7,16,0,45,0,8,125,3,136,22,15,141,3,181,96,0,96,277
07/17/2019,STS,CA,AWP,WE,Towers with Radar,24,14,28,0,66,0,14,123,0,137,24,28,151,0,203,94,0,94,297
07/18/2019,STS,CA,AWP,WE,Towers with Radar,22,33,59,0,114,0,14,117,0,131,22,47,176,0,245,54,0,54,299
07/19/2019,STS,CA,AWP,WE,Towers with Radar,25,27,32,0,84,0,15,155,7,177,25,42,187,7,261,62,0,62,323
07/20/2019,STS,CA,AWP,WE,Towers with Radar,25,20,45,0,90,0,19,127,4,150,25,39,172,4,240,90,0,90,330
07/21/2019,STS,CA,AWP,WE,Towers with Radar,20,53,70,0,143,0,18,140,1,159,20,71,210,1,302,18,0,18,320
07/22/2019,STS,CA,AWP,WE,Towers with Radar,26,20,25,0,71,0,35,107,0,142,26,55,132,0,213,126,0,126,339
07/23/2019,STS,CA,AWP,WE,Towers with Radar,23,19,25,0,67,0,5,127,0,132,23,24,152,0,199,128,0,128,327
07/24/2019,STS,CA,AWP,WE,Towers with Radar,25,10,19,0,54,0,27,130,3,160,25,37,149,3,214,132,0,132,346
07/25/2019,STS,CA,AWP,WE,Towers with Radar,21,25,41,1,88,0,14,159,2,175,21,39,200,3,263,58,0,58,321
07/26/2019,STS,CA,AWP,WE,Towers with Radar,26,20,18,0,64,0,24,109,0,133,26,44,127,0,197,60,0,60,257
07/27/2019,STS,CA,AWP,WE,Towers with Radar,25,14,17,0,56,0,23,115,1,139,25,37,132,1,195,48,0,48,243
07/28/2019,STS,CA,AWP,WE,Towers with Radar,26,20,42,0,88,0,17,134,2,153,26,37,176,2,241,46,0,46,287
07/29/2019,STS,CA,AWP,WE,Towers with Radar,24,8,23,0,55,0,8,101,0,109,24,16,124,0,164,82,0,82,246
07/30/2019,STS,CA,AWP,WE,Towers with Radar,22,15,16,0,53,0,12,107,2,121,22,27,123,2,174,62,0,62,236
07/31/2019,STS,CA,AWP,WE,Towers with Radar,22,14,18,2,56,0,12,104,0,116,22,26,122,2,172,100,0,100,272
08/01/2019,STS,CA,AWP,WE,Towers with Radar,28,8,22,0,58,0,19,119,0,138,28,27,141,0,196,76,0,76,272
08/02/2019,STS,CA,AWP,WE,Towers with Radar,26,16,21,0,63,0,21,133,1,155,26,37,154,1,218,38,0,38,256
08/03/2019,STS,CA,AWP,WE,Towers with Radar,22,14,16,0,52,0,24,123,0,147,22,38,139,0,199,26,0,26,225
08/04/2019,STS,CA,AWP,WE,Towers with Radar,24,16,17,0,57,0,7,128,0,135,24,23,145,0,192,82,0,82,274
08/05/2019,STS,CA,AWP,WE,Towers with Radar,25,7,32,0,64,0,19,98,0,117,25,26,130,0,181,106,0,106,287
08/06/2019,STS,CA,AWP,WE,Towers with Radar,24,8,20,0,52,0,11,140,7,158,24,19,160,7,210,72,0,72,282
08/07/2019,STS,CA,AWP,WE,Towers with Radar,26,8,19,0,53,0,24,132,0,156,26,32,151,0,209,48,0,48,257
08/08/2019,STS,CA,AWP,WE,Towers with Radar,25,9,22,0,56,0,25,160,0,185,25,34,182,0,241,90,0,90,331
08/09/2019,STS,CA,AWP,WE,Towers with Radar,26,7,14,0,47,1,20,129,2,152,27,27,143,2,199,76,0,76,275
08/10/2019,STS,CA,AWP,WE,Towers with Radar,23,8,23,0,54,0,15,89,0,104,23,23,112,0,158,38,0,38,196
08/11/2019,STS,CA,AWP,WE,Towers with Radar,24,12,17,0,53,0,18,137,3,158,24,30,154,3,211,30,14,44,255
08/12/2019,STS,CA,AWP,WE,Towers with Radar,24,8,10,0,42,0,11,122,0,133,24,19,132,0,175,84,0,84,259
08/13/2019,STS,CA,AWP,WE,Towers with Radar,24,13,18,0,55,0,26,114,0,140,24,39,132,0,195,122,0,122,317
08/14/2019,STS,CA,AWP,WE,Towers with Radar,27,6,14,0,47,0,14,138,1,153,27,20,152,1,200,66,0,66,266
08/15/2019,STS,CA,AWP,WE,Towers with Radar,26,5,18,2,51,0,18,138,0,156,26,23,156,2,207,60,0,60,267
08/16/2019,STS,CA,AWP,WE,Towers with Radar,26,12,16,0,54,0,24,168,0,192,26,36,184,0,246,24,0,24,270
08/17/2019,STS,CA,AWP,WE,Towers with Radar,24,13,10,0,47,2,7,142,0,151,26,20,152,0,198,38,0,38,236
08/18/2019,STS,CA,AWP,WE,Towers with Radar,26,14,24,0,64,0,21,108,0,129,26,35,132,0,193,46,0,46,239
08/19/2019,STS,CA,AWP,WE,Towers with Radar,25,19,29,1,74,1,7,67,3,78,26,26,96,4,152,60,0,60,212
08/20/2019,STS,CA,AWP,WE,Towers with Radar,23,1,17,0,41,0,19,74,0,93,23,20,91,0,134,82,0,82,216
08/21/2019,STS,CA,AWP,WE,Towers with Radar,24,13,15,0,52,0,13,152,0,165,24,26,167,0,217,70,0,70,287
08/22/2019,STS,CA,AWP,WE,Towers with Radar,24,13,10,0,47,0,19,146,0,165,24,32,156,0,212,58,0,58,270
08/23/2019,STS,CA,AWP,WE,Towers with Radar,25,9,29,0,63,1,23,162,0,186,26,32,191,0,249,90,0,90,339
08/24/2019,STS,CA,AWP,WE,Towers with Radar,23,5,23,0,51,0,14,212,0,226,23,19,235,0,277,32,0,32,309
08/25/2019,STS,CA,AWP,WE,Towers with Radar,27,10,24,0,61,0,9,137,0,146,27,19,161,0,207,40,0,40,247
08/26/2019,STS,CA,AWP,WE,Towers with Radar,25,12,10,0,47,0,7,122,1,130,25,19,132,1,177,40,0,40,217
08/27/2019,STS,CA,AWP,WE,Towers with Radar,25,7,31,0,63,0,16,106,0,122,25,23,137,0,185,51,0,51,236
08/28/2019,STS,CA,AWP,WE,Towers with Radar,25,10,20,2,57,0,21,103,0,124,25,31,123,2,181,44,0,44,225
08/29/2019,STS,CA,AWP,WE,Towers with Radar,27,8,20,0,55,0,13,133,0,146,27,21,153,0,201,104,0,104,305
08/30/2019,STS,CA,AWP,WE,Towers with Radar,27,13,19,0,59,0,20,170,0,190,27,33,189,0,249,72,0,72,321
08/31/2019,STS,CA,AWP,WE,Towers with Radar,23,10,16,1,50,0,15,167,1,183,23,25,183,2,233,102,10,112,345
09/01/2019,STS,CA,AWP,WE,Towers with Radar,26,7,12,0,45,0,20,162,0,182,26,27,174,0,227,40,0,40,267
09/02/2019,STS,CA,AWP,WE,Towers with Radar,27,16,16,0,59,0,18,151,0,169,27,34,167,0,228,60,0,60,288
09/03/2019,STS,CA,AWP,WE,Towers with Radar,26,15,16,0,57,0,15,92,0,107,26,30,108,0,164,74,6,80,244
09/04/2019,STS,CA,AWP,WE,Towers with Radar,24,10,14,0,48,0,33,120,0,153,24,43,134,0,201,40,0,40,241
09/05/2019,STS,CA,AWP,WE,Towers with Radar,25,15,30,0,70,0,15,109,0,124,25,30,139,0,194,48,0,48,242
09/06/2019,STS,CA,AWP,WE,Towers with Radar,24,13,27,0,64,0,28,137,5,170,24,41,164,5,234,80,10,90,324
09/07/2019,STS,CA,AWP,WE,Towers with Radar,24,8,32,0,64,0,13,64,0,77,24,21,96,0,141,8,0,8,149
09/08/2019,STS,CA,AWP,WE,Towers with Radar,27,11,30,0,68,0,16,147,2,165,27,27,177,2,233,74,0,74,307
09/09/2019,STS,CA,AWP,WE,Towers with Radar,24,12,10,0,46,0,12,62,0,74,24,24,72,0,120,126,0,126,246
09/10/2019,STS,CA,AWP,WE,Towers with Radar,26,17,23,0,66,0,8,110,0,118,26,25,133,0,184,104,0,104,288
09/11/2019,STS,CA,AWP,WE,Towers with Radar,27,14,8,0,49,0,7,92,0,99,27,21,100,0,148,116,0,116,264
09/12/2019,STS,CA,AWP,WE,Towers with Radar,28,17,28,0,73,0,31,161,1,193,28,48,189,1,266,72,0,72,338
09/13/2019,STS,CA,AWP,WE,Towers with Radar,28,9,23,0,60,0,19,116,0,135,28,28,139,0,195,26,0,26,221
09/14/2019,STS,CA,AWP,WE,Towers with Radar,27,8,11,0,46,0,25,131,0,156,27,33,142,0,202,34,0,34,236
09/15/2019,STS,CA,AWP,WE,Towers with Radar,29,27,34,0,90,0,15,144,0,159,29,42,178,0,249,54,0,54,303
09/16/2019,STS,CA,AWP,WE,Towers with Radar,25,9,24,0,58,0,28,74,0,102,25,37,98,0,160,48,0,48,208
09/17/2019,STS,CA,AWP,WE,Towers with Radar,25,15,20,0,60,0,19,85,0,104,25,34,105,0,164,54,0,54,218
09/18/2019,STS,CA,AWP,WE,Towers with Radar,24,16,37,0,77,0,5,38,0,43,24,21,75,0,120,20,0,20,140
09/19/2019,STS,CA,AWP,WE,Towers with Radar,29,9,31,2,71,0,12,136,0,148,29,21,167,2,219,26,0,26,245
09/20/2019,STS,CA,AWP,WE,Towers with Radar,26,24,31,0,81,0,11,138,6,155,26,35,169,6,236,78,0,78,314
09/21/2019,STS,CA,AWP,WE,Towers with Radar,26,13,8,0,47,0,25,169,2,196,26,38,177,2,243,100,10,110,353
09/22/2019,STS,CA,AWP,WE,Towers with Radar,27,27,30,0,84,0,15,149,1,165,27,42,179,1,249,66,0,66,315
09/23/2019,STS,CA,AWP,WE,Towers with Radar,25,9,27,0,61,0,19,120,2,141,25,28,147,2,202,80,0,80,282
09/24/2019,STS,CA,AWP,WE,Towers with Radar,24,5,21,0,50,0,20,103,0,123,24,25,124,0,173,44,0,44,217
09/25/2019,STS,CA,AWP,WE,Towers with Radar,25,15,23,0,63,0,21,90,0,111,25,36,113,0,174,50,0,50,224
09/26/2019,STS,CA,AWP,WE,Towers with Radar,30,11,27,5,73,0,28,104,16,148,30,39,131,21,221,108,0,108,329
09/27/2019,STS,CA,AWP,WE,Towers with Radar,27,23,21,0,71,0,11,42,2,55,27,34,63,2,126,28,0,28,154
09/28/2019,STS,CA,AWP,WE,Towers with Radar,24,11,9,0,44,0,15,52,0,67,24,26,61,0,111,0,0,0,111
09/29/2019,STS,CA,AWP,WE,Towers with Radar,28,20,12,1,61,0,6,76,2,84,28,26,88,3,145,0,0,0,145
09/30/2019,STS,CA,AWP,WE,Towers with Radar,27,10,23,3,63,0,11,158,0,169,27,21,181,3,232,152,0,152,384
10/01/2019,STS,CA,AWP,WE,Towers with Radar,24,10,23,1,58,0,13,85,7,105,24,23,108,8,163,73,0,73,236
10/02/2019,STS,CA,AWP,WE,Towers with Radar,24,12,21,0,57,0,11,121,0,132,24,23,142,0,189,44,0,44,233
10/03/2019,STS,CA,AWP,WE,Towers with Radar,30,14,19,0,63,0,11,124,0,135,30,25,143,0,198,52,0,52,250
10/04/2019,STS,CA,AWP,WE,Towers with Radar,25,14,26,0,65,0,10,138,2,150,25,24,164,2,215,66,0,66,281
10/05/2019,STS,CA,AWP,WE,Towers with Radar,24,3,12,0,39,0,27,178,0,205,24,30,190,0,244,44,0,44,288
10/06/2019,STS,CA,AWP,WE,Towers with Radar,26,8,21,1,56,0,33,128,0,161,26,41,149,1,217,86,0,86,303
10/07/2019,STS,CA,AWP,WE,Towers with Radar,23,16,27,1,67,0,5,81,2,88,23,21,108,3,155,106,0,106,261
10/08/2019,STS,CA,AWP,WE,Towers with Radar,27,8,16,0,51,0,14,86,0,100,27,22,102,0,151,126,0,126,277
10/09/2019,STS,CA,AWP,WE,Towers with Radar,24,8,20,1,53,0,12,80,0,92,24,20,100,1,145,22,0,22,167
10/10/2019,STS,CA,AWP,WE,Towers with Radar,24,7,20,1,52,0,27,105,2,134,24,34,125,3,186,90,4,94,280
10/11/2019,STS,CA,AWP,WE,Towers with Radar,22,12,17,0,51,2,10,142,0,154,24,22,159,0,205,104,0,104,309
10/12/2019,STS,CA,AWP,WE,Towers with Radar,24,8,11,0,43,0,5,157,0,162,24,13,168,0,205,124,0,124,329
10/13/2019,STS,CA,AWP,WE,Towers with Radar,22,8,18,0,48,0,19,117,0,136,22,27,135,0,184,72,0,72,256
10/14/2019,STS,CA,AWP,WE,Towers with Radar,24,6,20,0,50,0,3,84,2,89,24,9,104,2,139,92,0,92,231
10/15/2019,STS,CA,AWP,WE,Towers with Radar,21,9,18,2,50,0,13,88,2,103,21,22,106,4,153,60,0,60,213
10/16/2019,STS,CA,AWP,WE,Towers with Radar,24,3,23,1,51,0,10,104,0,114,24,13,127,1,165,26,0,26,191
10/17/2019,STS,CA,AWP,WE,Towers with Radar,24,7,22,0,53,0,32,91,3,126,24,39,113,3,179,46,16,62,241
10/18/2019,STS,CA,AWP,WE,Towers with Radar,25,14,15,2,56,0,16,120,4,140,25,30,135,6,196,126,0,126,322
10/19/2019,STS,CA,AWP,WE,Towers with Radar,24,6,49,4,83,0,2,29,2,33,24,8,78,6,116,28,10,38,154
10/20/2019,STS,CA,AWP,WE,Towers with Radar,28,12,12,0,52,0,9,134,0,143,28,21,146,0,195,88,0,88,283
10/21/2019,STS,CA,AWP,WE,Towers with Radar,26,9,15,0,50,0,16,140,0,156,26,25,155,0,206,90,0,90,296
10/22/2019,STS,CA,AWP,WE,Towers with Radar,26,2,11,0,39,0,13,109,0,122,26,15,120,0,161,132,0,132,293
10/23/2019,STS,CA,AWP,WE,Towers with Radar,25,8,12,2,47,0,9,74,2,85,25,17,86,4,132,32,6,38,170
10/24/2019,STS,CA,AWP,WE,Towers with Radar,26,12,21,0,59,0,189,103,2,294,26,201,124,2,353,46,0,46,399
10/25/2019,STS,CA,AWP,WE,Towers with Radar,23,13,30,0,66,0,60,67,1,128,23,73,97,1,194,28,0,28,222
10/26/2019,STS,CA,AWP,WE,Towers with Radar,25,9,22,0,56,0,82,61,1,144,25,91,83,1,200,23,0,23,223
10/27/2019,STS,CA,AWP,WE,Towers with Radar,0,0,0,0,0,0,0,0,0,0,0,0,0,0,0,0,0,0,0
10/28/2019,STS,CA,AWP,WE,Towers with Radar,0,0,0,0,0,0,0,0,0,0,0,0,0,0,0,0,0,0,0
10/29/2019,STS,CA,AWP,WE,Towers with Radar,0,0,0,0,0,0,0,0,0,0,0,0,0,0,0,0,0,0,0
10/30/2019,STS,CA,AWP,WE,Towers with Radar,0,0,0,0,0,0,27,13,0,40,0,27,13,0,40,0,0,0,40
10/31/2019,STS,CA,AWP,WE,Towers with Radar,2,3,5,0,10,0,29,67,3,99,2,32,72,3,109,48,0,48,157
11/01/2019,STS,CA,AWP,WE,Towers with Radar,8,4,10,0,22,0,15,71,0,86,8,19,81,0,108,44,0,44,152
11/02/2019,STS,CA,AWP,WE,Towers with Radar,10,8,9,0,27,0,16,90,0,106,10,24,99,0,133,86,0,86,219
11/03/2019,STS,CA,AWP,WE,Towers with Radar,24,9,15,0,48,0,20,95,0,115,24,29,110,0,163,60,0,60,223
11/04/2019,STS,CA,AWP,WE,Towers with Radar,26,4,7,0,37,0,5,75,0,80,26,9,82,0,117,68,0,68,185
11/05/2019,STS,CA,AWP,WE,Towers with Radar,23,1,10,0,34,0,17,93,0,110,23,18,103,0,144,58,0,58,202
11/06/2019,STS,CA,AWP,WE,Towers with Radar,24,9,17,0,50,0,9,102,0,111,24,18,119,0,161,66,0,66,227
11/07/2019,STS,CA,AWP,WE,Towers with Radar,20,12,90,0,122,0,14,118,0,132,20,26,208,0,254,12,0,12,266
11/08/2019,STS,CA,AWP,WE,Towers with Radar,24,5,29,0,58,0,13,131,0,144,24,18,160,0,202,88,0,88,290
11/09/2019,STS,CA,AWP,WE,Towers with Radar,23,3,10,0,36,0,11,105,2,118,23,14,115,2,154,82,0,82,236
11/10/2019,STS,CA,AWP,WE,Towers with Radar,22,2,18,0,42,0,12,93,0,105,22,14,111,0,147,46,0,46,193
11/11/2019,STS,CA,AWP,WE,Towers with Radar,20,1,13,0,34,0,15,115,5,135,20,16,128,5,169,70,0,70,239
11/12/2019,STS,CA,AWP,WE,Towers with Radar,20,10,22,0,52,0,18,132,0,150,20,28,154,0,202,116,0,116,318
11/13/2019,STS,CA,AWP,WE,Towers with Radar,20,3,35,1,59,0,13,93,4,110,20,16,128,5,169,58,0,58,227
11/14/2019,STS,CA,AWP,WE,Towers with Radar,22,14,41,0,77,0,8,19,0,27,22,22,60,0,104,16,0,16,120
11/15/2019,STS,CA,AWP,WE,Towers with Radar,20,16,29,1,66,0,18,109,8,135,20,34,138,9,201,118,10,128,329
11/16/2019,STS,CA,AWP,WE,Towers with Radar,21,10,24,0,55,0,19,120,0,139,21,29,144,0,194,90,0,90,284
11/17/2019,STS,CA,AWP,WE,Towers with Radar,24,14,22,0,60,0,23,136,0,159,24,37,158,0,219,48,0,48,267
11/18/2019,STS,CA,AWP,WE,Towers with Radar,20,11,15,0,46,0,13,96,0,109,20,24,111,0,155,112,0,112,267
11/19/2019,STS,CA,AWP,WE,Towers with Radar,20,10,15,0,45,0,8,59,1,68,20,18,74,1,113,86,0,86,199
11/20/2019,STS,CA,AWP,WE,Towers with Radar,20,8,11,0,39,0,8,50,0,58,20,16,61,0,97,26,0,26,123
11/21/2019,STS,CA,AWP,WE,Towers with Radar,25,7,14,4,50,0,7,130,6,143,25,14,144,10,193,132,0,132,325
11/22/2019,STS,CA,AWP,WE,Towers with Radar,23,18,16,0,57,0,25,141,4,170,23,43,157,4,227,36,0,36,263
11/23/2019,STS,CA,AWP,WE,Towers with Radar,21,7,7,1,36,0,15,121,4,140,21,22,128,5,176,116,0,116,292
11/24/2019,STS,CA,AWP,WE,Towers with Radar,22,8,11,0,41,0,10,154,0,164,22,18,165,0,205,98,0,98,303
11/25/2019,STS,CA,AWP,WE,Towers with Radar,23,6,10,0,39,0,10,87,0,97,23,16,97,0,136,68,0,68,204
11/26/2019,STS,CA,AWP,WE,Towers with Radar,22,12,16,0,50,0,11,33,0,44,22,23,49,0,94,46,0,46,140
11/27/2019,STS,CA,AWP,WE,Towers with Radar,22,11,16,0,49,0,4,33,0,37,22,15,49,0,86,86,0,86,172
11/28/2019,STS,CA,AWP,WE,Towers with Radar,18,6,8,0,32,0,4,17,0,21,18,10,25,0,53,12,0,12,65
11/29/2019,STS,CA,AWP,WE,Towers with Radar,20,6,11,0,37,0,23,92,1,116,20,29,103,1,153,62,0,62,215
11/30/2019,STS,CA,AWP,WE,Towers with Radar,23,8,12,0,43,0,0,2,0,2,23,8,14,0,45,6,0,6,51
12/01/2019,STS,CA,AWP,WE,Towers with Radar,24,15,31,0,70,0,0,0,0,0,24,15,31,0,70,0,0,0,70
12/02/2019,STS,CA,AWP,WE,Towers with Radar,24,16,21,0,61,0,6,6,0,12,24,22,27,0,73,0,0,0,73
12/03/2019,STS,CA,AWP,WE,Towers with Radar,17,10,31,2,60,0,6,17,0,23,17,16,48,2,83,36,0,36,119
12/04/2019,STS,CA,AWP,WE,Towers with Radar,22,12,14,0,48,0,1,4,0,5,22,13,18,0,53,10,0,10,63
12/05/2019,STS,CA,AWP,WE,Towers with Radar,22,12,30,0,64,0,7,21,0,28,22,19,51,0,92,86,0,86,178
12/06/2019,STS,CA,AWP,WE,Towers with Radar,21,5,18,1,45,0,1,13,0,14,21,6,31,1,59,4,0,4,63
12/07/2019,STS,CA,AWP,WE,Towers with Radar,22,8,28,0,58,0,1,2,0,3,22,9,30,0,61,0,0,0,61
12/08/2019,STS,CA,AWP,WE,Towers with Radar,22,8,39,0,69,0,2,25,1,28,22,10,64,1,97,50,0,50,147
12/09/2019,STS,CA,AWP,WE,Towers with Radar,20,12,24,0,56,0,0,0,0,0,20,12,24,0,56,0,0,0,56
12/10/2019,STS,CA,AWP,WE,Towers with Radar,21,7,20,0,48,0,4,29,0,33,21,11,49,0,81,72,0,72,153
12/11/2019,STS,CA,AWP,WE,Towers with Radar,23,6,32,0,61,0,0,0,0,0,23,6,32,0,61,0,0,0,61
12/12/2019,STS,CA,AWP,WE,Towers with Radar,22,18,26,0,66,0,10,28,0,38,22,28,54,0,104,54,0,54,158
12/13/2019,STS,CA,AWP,WE,Towers with Radar,19,9,38,0,66,0,3,15,0,18,19,12,53,0,84,36,0,36,120
12/14/2019,STS,CA,AWP,WE,Towers with Radar,20,7,14,0,41,0,18,130,0,148,20,25,144,0,189,92,0,92,281
12/15/2019,STS,CA,AWP,WE,Towers with Radar,21,10,12,0,43,0,11,125,0,136,21,21,137,0,179,128,0,128,307
12/16/2019,STS,CA,AWP,WE,Towers with Radar,21,10,15,0,46,0,15,164,2,181,21,25,179,2,227,72,0,72,299
12/17/2019,STS,CA,AWP,WE,Towers with Radar,20,3,10,2,35,0,5,69,3,77,20,8,79,5,112,100,0,100,212
12/18/2019,STS,CA,AWP,WE,Towers with Radar,20,12,17,1,50,0,1,4,0,5,20,13,21,1,55,0,0,0,55
12/19/2019,STS,CA,AWP,WE,Towers with Radar,26,9,36,0,71,0,0,0,0,0,26,9,36,0,71,0,0,0,71
12/20/2019,STS,CA,AWP,WE,Towers with Radar,26,12,29,0,67,0,12,30,0,42,26,24,59,0,109,80,0,80,189
12/21/2019,STS,CA,AWP,WE,Towers with Radar,23,12,16,0,51,0,8,61,0,69,23,20,77,0,120,70,0,70,190
12/22/2019,STS,CA,AWP,WE,Towers with Radar,22,15,17,0,54,0,3,34,1,38,22,18,51,1,92,26,0,26,118
12/23/2019,STS,CA,AWP,WE,Towers with Radar,24,13,25,0,62,0,8,110,0,118,24,21,135,0,180,174,0,174,354
12/24/2019,STS,CA,AWP,WE,Towers with Radar,19,3,11,0,33,0,10,26,0,36,19,13,37,0,69,32,0,32,101
12/25/2019,STS,CA,AWP,WE,Towers with Radar,22,4,6,0,32,0,9,5,0,14,22,13,11,0,46,0,0,0,46
12/26/2019,STS,CA,AWP,WE,Towers with Radar,23,17,18,0,58,0,12,93,0,105,23,29,111,0,163,112,0,112,275
12/27/2019,STS,CA,AWP,WE,Towers with Radar,23,4,15,0,42,0,15,129,0,144,23,19,144,0,186,78,0,78,264
12/28/2019,STS,CA,AWP,WE,Towers with Radar,18,8,20,0,46,0,11,125,0,136,18,19,145,0,182,72,0,72,254
12/29/2019,STS,CA,AWP,WE,Towers with Radar,22,15,21,0,58,0,0,2,0,2,22,15,23,0,60,0,0,0,60
12/30/2019,STS,CA,AWP,WE,Towers with Radar,21,8,8,0,37,0,6,97,1,104,21,14,105,1,141,48,8,56,197
12/31/2019,STS,CA,AWP,WE,Towers with Radar,21,3,6,0,30,0,11,106,0,117,21,14,112,0,147,26,0,26,173
01/01/2020,STS,CA,AWP,WE,Towers with Radar,22,3,12,0,37,0,19,59,0,78,22,22,71,0,115,64,0,64,179
01/02/2020,STS,CA,AWP,WE,Towers with Radar,20,8,14,0,42,0,8,108,0,116,20,16,122,0,158,120,0,120,278
01/03/2020,STS,CA,AWP,WE,Towers with Radar,22,9,12,4,47,0,14,90,1,105,22,23,102,5,152,48,0,48,200
01/04/2020,STS,CA,AWP,WE,Towers with Radar,25,1,16,0,42,0,7,99,0,106,25,8,115,0,148,80,0,80,228
01/05/2020,STS,CA,AWP,WE,Towers with Radar,22,4,16,0,42,0,8,101,0,109,22,12,117,0,151,118,0,118,269
01/06/2020,STS,CA,AWP,WE,Towers with Radar,21,6,10,0,37,0,6,100,0,106,21,12,110,0,143,118,0,118,261
01/07/2020,STS,CA,AWP,WE,Towers with Radar,17,9,15,0,41,0,8,107,6,121,17,17,122,6,162,72,0,72,234
01/08/2020,STS,CA,AWP,WE,Towers with Radar,18,11,22,0,51,0,5,8,0,13,18,16,30,0,64,22,0,22,86
01/09/2020,STS,CA,AWP,WE,Towers with Radar,17,7,14,0,38,0,15,69,0,84,17,22,83,0,122,108,0,108,230
01/10/2020,STS,CA,AWP,WE,Towers with Radar,15,12,17,0,44,0,7,106,0,113,15,19,123,0,157,52,0,52,209
01/11/2020,STS,CA,AWP,WE,Towers with Radar,16,5,8,0,29,0,7,76,2,85,16,12,84,2,114,90,0,90,204
01/12/2020,STS,CA,AWP,WE,Towers with Radar,18,14,18,0,50,0,4,54,0,58,18,18,72,0,108,96,0,96,204
01/13/2020,STS,CA,AWP,WE,Towers with Radar,17,0,31,4,52,0,6,68,2,76,17,6,99,6,128,42,0,42,170
01/14/2020,STS,CA,AWP,WE,Towers with Radar,16,2,17,0,35,0,8,67,0,75,16,10,84,0,110,158,0,158,268
01/15/2020,STS,CA,AWP,WE,Towers with Radar,18,7,11,2,38,0,6,43,6,55,18,13,54,8,93,18,0,18,111
01/16/2020,STS,CA,AWP,WE,Towers with Radar,18,11,30,0,59,0,4,13,0,17,18,15,43,0,76,24,0,24,100
01/17/2020,STS,CA,AWP,WE,Towers with Radar,17,2,24,0,43,0,12,73,0,85,17,14,97,0,128,24,0,24,152
01/18/2020,STS,CA,AWP,WE,Towers with Radar,17,0,9,0,26,0,10,138,0,148,17,10,147,0,174,108,0,108,282
01/19/2020,STS,CA,AWP,WE,Towers with Radar,17,1,18,0,36,0,4,88,0,92,17,5,106,0,128,118,0,118,246
01/20/2020,STS,CA,AWP,WE,Towers with Radar,17,7,20,0,44,0,8,81,0,89,17,15,101,0,133,86,0,86,219
01/21/2020,STS,CA,AWP,WE,Towers with Radar,18,12,27,0,57,0,0,0,0,0,18,12,27,0,57,0,0,0,57
01/22/2020,STS,CA,AWP,WE,Towers with Radar,17,4,19,0,40,0,7,80,0,87,17,11,99,0,127,84,0,84,211
01/23/2020,STS,CA,AWP,WE,Towers with Radar,17,9,20,0,46,3,13,93,1,110,20,22,113,1,156,108,0,108,264
01/24/2020,STS,CA,AWP,WE,Towers with Radar,17,11,31,0,59,0,6,40,0,46,17,17,71,0,105,60,0,60,165
01/25/2020,STS,CA,AWP,WE,Towers with Radar,20,4,21,0,45,0,2,18,0,20,20,6,39,0,65,88,0,88,153
01/26/2020,STS,CA,AWP,WE,Towers with Radar,18,8,12,0,38,0,5,93,2,100,18,13,105,2,138,132,0,132,270
01/27/2020,STS,CA,AWP,WE,Towers with Radar,19,9,16,0,44,0,4,24,0,28,19,13,40,0,72,50,0,50,122
01/28/2020,STS,CA,AWP,WE,Towers with Radar,15,2,20,2,39,0,2,23,2,27,15,4,43,4,66,82,16,98,164
01/29/2020,STS,CA,AWP,WE,Towers with Radar,17,8,22,0,47,0,15,55,0,70,17,23,77,0,117,56,0,56,173
01/30/2020,STS,CA,AWP,WE,Towers with Radar,18,10,13,1,42,0,10,138,3,151,18,20,151,4,193,40,0,40,233
01/31/2020,STS,CA,AWP,WE,Towers with Radar,17,3,22,0,42,0,10,120,6,136,17,13,142,6,178,124,0,124,302
02/01/2020,STS,CA,AWP,WE,Towers with Radar,16,3,7,1,27,0,10,149,1,160,16,13,156,2,187,72,0,72,259
02/02/2020,STS,CA,AWP,WE,Towers with Radar,17,1,12,0,30,0,10,25,0,35,17,11,37,0,65,62,0,62,127
02/03/2020,STS,CA,AWP,WE,Towers with Radar,19,6,17,0,42,0,11,57,0,68,19,17,74,0,110,80,0,80,190
02/04/2020,STS,CA,AWP,WE,Towers with Radar,19,6,10,0,35,0,3,87,0,90,19,9,97,0,125,46,0,46,171
02/05/2020,STS,CA,AWP,WE,Towers with Radar,17,7,9,1,34,0,9,87,2,98,17,16,96,3,132,62,0,62,194
02/06/2020,STS,CA,AWP,WE,Towers with Radar,18,11,10,0,39,0,11,119,0,130,18,22,129,0,169,76,0,76,245
02/07/2020,STS,CA,AWP,WE,Towers with Radar,15,12,14,0,41,0,9,129,0,138,15,21,143,0,179,110,0,110,289
02/08/2020,STS,CA,AWP,WE,Towers with Radar,16,9,11,0,36,0,7,140,2,149,16,16,151,2,185,78,0,78,263
02/09/2020,STS,CA,AWP,WE,Towers with Radar,17,6,9,0,32,0,3,18,0,21,17,9,27,0,53,16,0,16,69
02/10/2020,STS,CA,AWP,WE,Towers with Radar,17,9,19,0,45,0,11,55,5,71,17,20,74,5,116,62,10,72,188
02/11/2020,STS,CA,AWP,WE,Towers with Radar,18,2,12,0,32,0,7,88,6,101,18,9,100,6,133,48,0,48,181
02/12/2020,STS,CA,AWP,WE,Towers with Radar,16,3,20,0,39,0,14,97,0,111,16,17,117,0,150,133,0,133,283
02/13/2020,STS,CA,AWP,WE,Towers with Radar,20,15,25,2,62,0,3,43,0,46,20,18,68,2,108,14,0,14,122
02/14/2020,STS,CA,AWP,WE,Towers with Radar,21,13,18,0,52,0,5,104,2,111,21,18,122,2,163,152,0,152,315
02/15/2020,STS,CA,AWP,WE,Towers with Radar,19,4,9,0,32,0,8,121,0,129,19,12,130,0,161,78,0,78,239
02/16/2020,STS,CA,AWP,WE,Towers with Radar,19,1,8,0,28,0,13,114,0,127,19,14,122,0,155,44,0,44,199
02/17/2020,STS,CA,AWP,WE,Towers with Radar,20,6,20,0,46,0,10,119,2,131,20,16,139,2,177,98,16,114,291
02/18/2020,STS,CA,AWP,WE,Towers with Radar,19,5,10,0,34,0,15,86,9,110,19,20,96,9,144,74,10,84,228
02/19/2020,STS,CA,AWP,WE,Towers with Radar,19,12,9,0,40,0,9,93,0,102,19,21,102,0,142,130,0,130,272
02/20/2020,STS,CA,AWP,WE,Towers with Radar,19,6,16,1,42,0,7,74,1,82,19,13,90,2,124,40,0,40,164
02/21/2020,STS,CA,AWP,WE,Towers with Radar,19,12,24,0,55,0,6,105,6,117,19,18,129,6,172,76,0,76,248
02/22/2020,STS,CA,AWP,WE,Towers with Radar,16,6,12,0,34,0,12,201,6,219,16,18,213,6,253,72,0,72,325
02/23/2020,STS,CA,AWP,WE,Towers with Radar,19,5,15,0,39,0,7,116,0,123,19,12,131,0,162,48,0,48,210
02/24/2020,STS,CA,AWP,WE,Towers with Radar,19,7,15,0,41,0,11,100,0,111,19,18,115,0,152,92,0,92,244
02/25/2020,STS,CA,AWP,WE,Towers with Radar,21,6,13,0,40,0,7,65,0,72,21,13,78,0,112,98,0,98,210
02/26/2020,STS,CA,AWP,WE,Towers with Radar,19,7,24,4,54,0,14,105,1,120,19,21,129,5,174,98,0,98,272
02/27/2020,STS,CA,AWP,WE,Towers with Radar,20,13,16,2,51,0,13,131,0,144,20,26,147,2,195,52,0,52,247
02/28/2020,STS,CA,AWP,WE,Towers with Radar,19,7,8,1,35,0,16,132,4,152,19,23,140,5,187,154,0,154,341
02/29/2020,STS,CA,AWP,WE,Towers with Radar,19,10,10,0,39,0,4,102,0,106,19,14,112,0,145,76,0,76,221
03/01/2020,STS,CA,AWP,WE,Towers with Radar,19,6,9,0,34,0,3,67,0,70,19,9,76,0,104,92,0,92,196
03/02/2020,STS,CA,AWP,WE,Towers with Radar,19,5,7,0,31,0,4,58,0,62,19,9,65,0,93,36,0,36,129
03/03/2020,STS,CA,AWP,WE,Towers with Radar,19,5,12,0,36,0,11,119,1,131,19,16,131,1,167,148,0,148,315
03/04/2020,STS,CA,AWP,WE,Towers with Radar,20,5,10,0,35,0,7,106,0,113,20,12,116,0,148,148,0,148,296
03/05/2020,STS,CA,AWP,WE,Towers with Radar,19,8,31,0,58,0,5,39,0,44,19,13,70,0,102,166,0,166,268
03/06/2020,STS,CA,AWP,WE,Towers with Radar,19,25,31,0,75,0,9,16,5,30,19,34,47,5,105,26,0,26,131
03/07/2020,STS,CA,AWP,WE,Towers with Radar,18,6,11,0,35,0,13,36,0,49,18,19,47,0,84,38,0,38,122
03/08/2020,STS,CA,AWP,WE,Towers with Radar,19,13,21,0,53,0,4,70,0,74,19,17,91,0,127,118,0,118,245
03/09/2020,STS,CA,AWP,WE,Towers with Radar,19,9,7,1,36,0,4,107,3,114,19,13,114,4,150,122,12,134,284
03/10/2020,STS,CA,AWP,WE,Towers with Radar,18,3,19,0,40,0,6,67,0,73,18,9,86,0,113,54,0,54,167
03/11/2020,STS,CA,AWP,WE,Towers with Radar,18,7,13,0,38,0,7,125,0,132,18,14,138,0,170,132,0,132,302
03/12/2020,STS,CA,AWP,WE,Towers with Radar,18,9,10,0,37,0,2,92,0,94,18,11,102,0,131,62,0,62,193
03/13/2020,STS,CA,AWP,WE,Towers with Radar,17,12,41,0,70,0,5,30,0,35,17,17,71,0,105,74,0,74,179
03/14/2020,STS,CA,AWP,WE,Towers with Radar,19,3,12,0,34,0,8,24,0,32,19,11,36,0,66,58,0,58,124
03/15/2020,STS,CA,AWP,WE,Towers with Radar,19,9,13,0,41,0,8,27,0,35,19,17,40,0,76,56,0,56,132
03/16/2020,STS,CA,AWP,WE,Towers with Radar,17,14,14,0,45,0,9,38,0,47,17,23,52,0,92,118,0,118,210
03/17/2020,STS,CA,AWP,WE,Towers with Radar,19,9,11,0,39,0,6,56,0,62,19,15,67,0,101,134,0,134,235
03/18/2020,STS,CA,AWP,WE,Towers with Radar,19,7,14,0,40,0,5,9,0,14,19,12,23,0,54,36,0,36,90
03/19/2020,STS,CA,AWP,WE,Towers with Radar,17,5,12,0,34,0,8,64,0,72,17,13,76,0,106,58,0,58,164
03/20/2020,STS,CA,AWP,WE,Towers with Radar,22,4,5,0,31,0,15,72,0,87,22,19,77,0,118,74,0,74,192
03/21/2020,STS,CA,AWP,WE,Towers with Radar,17,3,5,0,25,0,9,102,0,111,17,12,107,0,136,126,0,126,262
03/22/2020,STS,CA,AWP,WE,Towers with Radar,18,0,2,0,20,0,5,59,5,69,18,5,61,5,89,106,0,106,195
03/23/2020,STS,CA,AWP,WE,Towers with Radar,18,1,15,0,34,0,3,23,1,27,18,4,38,1,61,108,10,118,179
03/24/2020,STS,CA,AWP,WE,Towers with Radar,18,0,3,0,21,0,5,5,0,10,18,5,8,0,31,48,0,48,79
03/25/2020,STS,CA,AWP,WE,Towers with Radar,20,1,9,0,30,0,5,24,0,29,20,6,33,0,59,26,0,26,85
03/26/2020,STS,CA,AWP,WE,Towers with Radar,20,2,7,2,31,0,8,59,0,67,20,10,66,2,98,66,0,66,164
03/27/2020,STS,CA,AWP,WE,Towers with Radar,19,2,3,0,24,0,10,71,0,81,19,12,74,0,105,78,0,78,183
03/28/2020,STS,CA,AWP,WE,Towers with Radar,13,0,8,0,21,0,2,4,0,6,13,2,12,0,27,22,0,22,49
03/29/2020,STS,CA,AWP,WE,Towers with Radar,13,1,11,0,25,0,6,7,0,13,13,7,18,0,38,20,0,20,58
03/30/2020,STS,CA,AWP,WE,Towers with Radar,19,3,20,0,42,0,4,2,0,6,19,7,22,0,48,10,0,10,58
03/31/2020,STS,CA,AWP,WE,Towers with Radar,10,1,8,0,19,0,2,40,0,42,10,3,48,0,61,16,2,18,79
04/01/2020,STS,CA,AWP,WE,Towers with Radar,6,3,10,0,19,0,8,55,0,63,6,11,65,0,82,46,0,46,128
04/02/2020,STS,CA,AWP,WE,Towers with Radar,8,3,10,0,21,0,9,64,2,75,8,12,74,2,96,92,2,94,190
04/03/2020,STS,CA,AWP,WE,Towers with Radar,6,4,3,0,13,0,10,80,0,90,6,14,83,0,103,72,0,72,175
04/04/2020,STS,CA,AWP,WE,Towers with Radar,8,2,8,0,18,0,3,5,0,8,8,5,13,0,26,14,0,14,40
04/05/2020,STS,CA,AWP,WE,Towers with Radar,5,0,1,0,6,0,2,11,0,13,5,2,12,0,19,6,0,6,25
04/06/2020,STS,CA,AWP,WE,Towers with Radar,8,0,5,0,13,0,4,19,0,23,8,4,24,0,36,28,10,38,74
04/07/2020,STS,CA,AWP,WE,Towers with Radar,11,5,2,2,20,0,5,36,3,44,11,10,38,5,64,52,0,52,116
04/08/2020,STS,CA,AWP,WE,Towers with Radar,11,0,6,0,17,0,8,53,10,71,11,8,59,10,88,58,0,58,146
04/09/2020,STS,CA,AWP,WE,Towers with Radar,9,4,7,0,20,0,5,27,0,32,9,9,34,0,52,62,0,62,114
04/10/2020,STS,CA,AWP,WE,Towers with Radar,6,1,8,0,15,0,6,56,0,62,6,7,64,0,77,60,0,60,137
04/11/2020,STS,CA,AWP,WE,Towers with Radar,7,1,22,0,30,0,2,11,0,13,7,3,33,0,43,0,0,0,43
04/12/2020,STS,CA,AWP,WE,Towers with Radar,6,0,34,0,40,0,3,29,0,32,6,3,63,0,72,74,0,74,146
04/13/2020,STS,CA,AWP,WE,Towers with Radar,12,2,12,0,26,0,6,78,0,84,12,8,90,0,110,50,0,50,160
04/14/2020,STS,CA,AWP,WE,Towers with Radar,4,0,5,0,9,0,2,87,0,89,4,2,92,0,98,100,0,100,198
04/15/2020,STS,CA,AWP,WE,Towers with Radar,6,4,10,1,21,0,10,73,0,83,6,14,83,1,104,78,0,78,182
04/16/2020,STS,CA,AWP,WE,Towers with Radar,4,3,8,0,15,0,10,53,0,63,4,13,61,0,78,54,0,54,132
04/17/2020,STS,CA,AWP,WE,Towers with Radar,6,3,6,0,15,0,13,8,0,21,6,16,14,0,36,14,0,14,50
04/18/2020,STS,CA,AWP,WE,Towers with Radar,3,1,20,0,24,0,13,39,0,52,3,14,59,0,76,54,0,54,130
04/19/2020,STS,CA,AWP,WE,Towers with Radar,7,2,6,0,15,0,8,36,0,44,7,10,42,0,59,50,0,50,109
04/20/2020,STS,CA,AWP,WE,Towers with Radar,4,3,11,0,18,0,6,18,0,24,4,9,29,0,42,12,0,12,54
04/21/2020,STS,CA,AWP,WE,Towers with Radar,6,0,9,0,15,0,8,93,0,101,6,8,102,0,116,48,0,48,164
04/22/2020,STS,CA,AWP,WE,Towers with Radar,4,0,2,0,6,0,3,84,0,87,4,3,86,0,93,28,0,28,121
04/23/2020,STS,CA,AWP,WE,Towers with Radar,4,6,10,1,21,0,11,72,1,84,4,17,82,2,105,24,0,24,129
04/24/2020,STS,CA,AWP,WE,Towers with Radar,4,0,12,0,16,0,7,67,0,74,4,7,79,0,90,24,0,24,114
04/25/2020,STS,CA,AWP,WE,Towers with Radar,4,3,4,0,11,0,8,61,0,69,4,11,65,0,80,46,0,46,126
04/26/2020,STS,CA,AWP,WE,Towers with Radar,4,2,6,0,12,0,2,97,0,99,4,4,103,0,111,41,0,41,152
04/27/2020,STS,CA,AWP,WE,Towers with Radar,4,3,7,0,14,0,9,49,0,58,4,12,56,0,72,14,0,14,86
04/28/2020,STS,CA,AWP,WE,Towers with Radar,4,3,5,2,14,0,5,67,0,72,4,8,72,2,86,40,0,40,126
04/29/2020,STS,CA,AWP,WE,Towers with Radar,4,7,11,0,22,0,8,35,0,43,4,15,46,0,65,56,0,56,121
04/30/2020,STS,CA,AWP,WE,Towers with Radar,3,2,14,0,19,0,12,66,0,78,3,14,80,0,97,30,0,30,127
05/01/2020,STS,CA,AWP,WE,Towers with Radar,3,7,5,0,15,0,3,72,4,79,3,10,77,4,94,24,4,28,122
05/02/2020,STS,CA,AWP,WE,Towers with Radar,3,0,17,0,20,0,1,35,0,36,3,1,52,0,56,88,0,88,144
05/03/2020,STS,CA,AWP,WE,Towers with Radar,2,1,4,0,7,0,2,74,0,76,2,3,78,0,83,22,0,22,105
05/04/2020,STS,CA,AWP,WE,Towers with Radar,4,0,2,0,6,0,9,29,2,40,4,9,31,2,46,32,0,32,78
05/05/2020,STS,CA,AWP,WE,Towers with Radar,3,2,3,0,8,0,5,48,1,54,3,7,51,1,62,130,0,130,192
05/06/2020,STS,CA,AWP,WE,Towers with Radar,4,8,5,0,17,0,3,52,0,55,4,11,57,0,72,90,0,90,162
05/07/2020,STS,CA,AWP,WE,Towers with Radar,2,1,5,0,8,0,8,59,0,67,2,9,64,0,75,54,0,54,129
05/08/2020,STS,CA,AWP,WE,Towers with Radar,4,0,13,0,17,0,3,57,0,60,4,3,70,0,77,108,0,108,185
05/09/2020,STS,CA,AWP,WE,Towers with Radar,0,1,10,0,11,0,0,48,0,48,0,1,58,0,59,96,0,96,155
05/10/2020,STS,CA,AWP,WE,Towers with Radar,2,5,12,2,21,0,0,25,0,25,2,5,37,2,46,14,0,14,60
05/11/2020,STS,CA,AWP,WE,Towers with Radar,6,8,15,0,29,0,2,7,0,9,6,10,22,0,38,14,0,14,52
05/12/2020,STS,CA,AWP,WE,Towers with Radar,0,2,13,0,15,0,1,18,0,19,0,3,31,0,34,50,0,50,84
05/13/2020,STS,CA,AWP,WE,Towers with Radar,5,1,11,0,17,0,1,0,0,1,5,2,11,0,18,0,0,0,18
05/14/2020,STS,CA,AWP,WE,Towers with Radar,2,2,6,0,10,0,0,11,0,11,2,2,17,0,21,38,0,38,59
05/15/2020,STS,CA,AWP,WE,Towers with Radar,5,5,9,0,19,0,7,107,0,114,5,12,116,0,133,48,10,58,191
05/16/2020,STS,CA,AWP,WE,Towers with Radar,0,5,15,0,20,0,3,63,0,66,0,8,78,0,86,70,0,70,156
05/17/2020,STS,CA,AWP,WE,Towers with Radar,3,5,11,0,19,0,1,9,0,10,3,6,20,0,29,2,0,2,31
05/18/2020,STS,CA,AWP,WE,Towers with Radar,6,2,11,0,19,0,0,6,3,9,6,2,17,3,28,32,0,32,60
05/19/2020,STS,CA,AWP,WE,Towers with Radar,1,6,7,0,14,0,5,52,0,57,1,11,59,0,71,30,0,30,101
05/20/2020,STS,CA,AWP,WE,Towers with Radar,11,7,3,0,21,0,3,46,1,50,11,10,49,1,71,40,0,40,111
05/21/2020,STS,CA,AWP,WE,Towers with Radar,3,4,8,0,15,0,10,51,0,61,3,14,59,0,76,44,0,44,120
05/22/2020,STS,CA,AWP,WE,Towers with Radar,8,5,8,0,21,0,3,100,0,103,8,8,108,0,124,110,0,110,234
05/23/2020,STS,CA,AWP,WE,Towers with Radar,1,2,8,0,11,0,6,101,0,107,1,8,109,0,118,42,0,42,160
05/24/2020,STS,CA,AWP,WE,Towers with Radar,7,1,5,0,13,0,5,72,0,77,7,6,77,0,90,82,0,82,172
05/25/2020,STS,CA,AWP,WE,Towers with Radar,8,5,5,0,18,0,1,89,0,90,8,6,94,0,108,104,0,104,212
05/26/2020,STS,CA,AWP,WE,Towers with Radar,3,1,12,0,16,0,1,58,0,59,3,2,70,0,75,82,0,82,157
05/27/2020,STS,CA,AWP,WE,Towers with Radar,5,7,6,0,18,0,2,71,2,75,5,9,77,2,93,38,0,38,131
05/28/2020,STS,CA,AWP,WE,Towers with Radar,3,5,5,0,13,0,13,87,0,100,3,18,92,0,113,30,0,30,143
05/29/2020,STS,CA,AWP,WE,Towers with Radar,8,6,14,1,29,0,3,55,0,58,8,9,69,1,87,76,0,76,163
05/30/2020,STS,CA,AWP,WE,Towers with Radar,0,6,8,0,14,0,1,20,0,21,0,7,28,0,35,42,0,42,77
05/31/2020,STS,CA,AWP,WE,Towers with Radar,6,10,12,0,28,0,2,44,0,46,6,12,56,0,74,24,0,24,98
06/01/2020,STS,CA,AWP,WE,Towers with Radar,9,7,19,2,37,0,8,64,0,72,9,15,83,2,109,64,0,64,173
06/02/2020,STS,CA,AWP,WE,Towers with Radar,5,2,11,0,18,0,15,74,0,89,5,17,85,0,107,76,0,76,183
06/03/2020,STS,CA,AWP,WE,Towers with Radar,9,5,18,0,32,0,8,86,0,94,9,13,104,0,126,76,0,76,202
06/04/2020,STS,CA,AWP,WE,Towers with Radar,5,3,15,0,23,0,8,83,0,91,5,11,98,0,114,58,0,58,172
06/05/2020,STS,CA,AWP,WE,Towers with Radar,7,8,11,0,26,0,8,77,0,85,7,16,88,0,111,46,0,46,157
06/06/2020,STS,CA,AWP,WE,Towers with Radar,6,5,5,0,16,0,8,51,1,60,6,13,56,1,76,56,0,56,132
06/07/2020,STS,CA,AWP,WE,Towers with Radar,7,8,12,0,27,0,4,62,0,66,7,12,74,0,93,42,0,42,135
06/08/2020,STS,CA,AWP,WE,Towers with Radar,6,4,6,0,16,0,16,40,0,56,6,20,46,0,72,20,0,20,92
06/09/2020,STS,CA,AWP,WE,Towers with Radar,7,5,5,0,17,0,37,92,0,129,7,42,97,0,146,26,0,26,172
06/10/2020,STS,CA,AWP,WE,Towers with Radar,7,3,6,0,16,0,19,64,0,83,7,22,70,0,99,56,0,56,155
06/11/2020,STS,CA,AWP,WE,Towers with Radar,7,3,11,0,21,0,14,72,0,86,7,17,83,0,107,72,0,72,179
06/12/2020,STS,CA,AWP,WE,Towers with Radar,8,7,18,2,35,0,4,68,0,72,8,11,86,2,107,62,0,62,169
06/13/2020,STS,CA,AWP,WE,Towers with Radar,6,6,11,0,23,0,19,56,0,75,6,25,67,0,98,96,0,96,194
06/14/2020,STS,CA,AWP,WE,Towers with Radar,7,12,10,0,29,0,5,81,0,86,7,17,91,0,115,106,0,106,221
06/15/2020,STS,CA,AWP,WE,Towers with Radar,8,5,10,0,23,0,2,79,0,81,8,7,89,0,104,82,0,82,186
06/16/2020,STS,CA,AWP,WE,Towers with Radar,7,12,8,0,27,0,15,64,0,79,7,27,72,0,106,60,0,60,166
06/17/2020,STS,CA,AWP,WE,Towers with Radar,8,2,9,0,19,0,31,88,0,119,8,33,97,0,138,102,0,102,240
06/18/2020,STS,CA,AWP,WE,Towers with Radar,7,8,10,0,25,0,9,70,0,79,7,17,80,0,104,54,0,54,158
06/19/2020,STS,CA,AWP,WE,Towers with Radar,6,13,9,0,28,0,6,90,0,96,6,19,99,0,124,103,0,103,227
06/20/2020,STS,CA,AWP,WE,Towers with Radar,7,8,28,0,43,0,18,62,0,80,7,26,90,0,123,4,0,4,127
06/21/2020,STS,CA,AWP,WE,Towers with Radar,7,4,9,0,20,0,9,82,0,91,7,13,91,0,111,54,0,54,165
06/22/2020,STS,CA,AWP,WE,Towers with Radar,6,4,13,0,23,0,14,83,0,97,6,18,96,0,120,42,0,42,162
06/23/2020,STS,CA,AWP,WE,Towers with Radar,6,10,18,0,34,0,8,91,4,103,6,18,109,4,137,84,0,84,221
06/24/2020,STS,CA,AWP,WE,Towers with Radar,6,10,18,0,34,0,5,67,1,73,6,15,85,1,107,22,0,22,129
06/25/2020,STS,CA,AWP,WE,Towers with Radar,7,7,16,1,31,0,8,62,3,73,7,15,78,4,104,110,0,110,214
06/26/2020,STS,CA,AWP,WE,Towers with Radar,8,10,15,0,33,0,18,72,0,90,8,28,87,0,123,90,0,90,213
06/27/2020,STS,CA,AWP,WE,Towers with Radar,7,6,20,0,33,0,8,46,0,54,7,14,66,0,87,40,0,40,127
06/28/2020,STS,CA,AWP,WE,Towers with Radar,7,7,18,0,32,0,14,68,0,82,7,21,86,0,114,114,0,114,228
06/29/2020,STS,CA,AWP,WE,Towers with Radar,7,9,15,0,31,0,4,82,0,86,7,13,97,0,117,136,0,136,253
06/30/2020,STS,CA,AWP,WE,Towers with Radar,6,10,14,0,30,0,10,83,2,95,6,20,97,2,125,132,0,132,257
07/01/2020,STS,CA,AWP,WE,Towers with Radar,10,6,10,0,26,0,5,83,4,92,10,11,93,4,118,54,0,54,172
07/02/2020,STS,CA,AWP,WE,Towers with Radar,9,9,10,0,28,0,10,53,0,63,9,19,63,0,91,80,0,80,171
07/03/2020,STS,CA,AWP,WE,Towers with Radar,10,7,17,0,34,0,7,62,1,70,10,14,79,1,104,42,0,42,146
07/04/2020,STS,CA,AWP,WE,Towers with Radar,9,10,3,0,22,0,12,61,0,73,9,22,64,0,95,18,0,18,113
07/05/2020,STS,CA,AWP,WE,Towers with Radar,11,11,15,0,37,0,14,71,0,85,11,25,86,0,122,74,0,74,196
07/06/2020,STS,CA,AWP,WE,Towers with Radar,9,6,11,0,26,0,18,72,0,90,9,24,83,0,116,44,0,44,160
07/07/2020,STS,CA,AWP,WE,Towers with Radar,11,7,9,0,27,0,17,84,0,101,11,24,93,0,128,50,0,50,178
07/08/2020,STS,CA,AWP,WE,Towers with Radar,12,4,8,0,24,0,11,90,0,101,12,15,98,0,125,134,0,134,259
07/09/2020,STS,CA,AWP,WE,Towers with Radar,11,7,16,0,34,0,11,98,4,113,11,18,114,4,147,68,0,68,215
07/10/2020,STS,CA,AWP,WE,Towers with Radar,11,4,7,8,30,0,9,75,5,89,11,13,82,13,119,64,0,64,183
07/11/2020,STS,CA,AWP,WE,Towers with Radar,11,9,6,0,26,0,4,105,0,109,11,13,111,0,135,158,0,158,293
07/12/2020,STS,CA,AWP,WE,Towers with Radar,12,10,11,0,33,0,11,88,2,101,12,21,99,2,134,100,0,100,234
07/13/2020,STS,CA,AWP,WE,Towers with Radar,12,9,8,0,29,0,7,66,1,74,12,16,74,1,103,62,0,62,165
07/14/2020,STS,CA,AWP,WE,Towers with Radar,10,1,14,0,25,0,13,76,4,93,10,14,90,4,118,56,0,56,174
07/15/2020,STS,CA,AWP,WE,Towers with Radar,13,7,12,0,32,0,11,50,10,71,13,18,62,10,103,48,12,60,163
07/16/2020,STS,CA,AWP,WE,Towers with Radar,12,9,29,1,51,0,2,71,2,75,12,11,100,3,126,44,0,44,170
07/17/2020,STS,CA,AWP,WE,Towers with Radar,11,3,21,0,35,0,12,57,1,70,11,15,78,1,105,54,0,54,159
07/18/2020,STS,CA,AWP,WE,Towers with Radar,11,3,14,0,28,0,3,62,0,65,11,6,76,0,93,42,0,42,135
07/19/2020,STS,CA,AWP,WE,Towers with Radar,12,11,18,0,41,0,7,66,0,73,12,18,84,0,114,88,0,88,202
07/20/2020,STS,CA,AWP,WE,Towers with Radar,12,7,23,0,42,0,1,75,3,79,12,8,98,3,121,18,0,18,139
07/21/2020,STS,CA,AWP,WE,Towers with Radar,12,3,23,0,38,0,4,71,2,77,12,7,94,2,115,82,0,82,197
07/22/2020,STS,CA,AWP,WE,Towers with Radar,15,4,19,0,38,0,9,64,0,73,15,13,83,0,111,114,0,114,225
07/23/2020,STS,CA,AWP,WE,Towers with Radar,11,11,17,0,39,0,7,74,0,81,11,18,91,0,120,96,0,96,216
07/24/2020,STS,CA,AWP,WE,Towers with Radar,11,9,16,2,38,0,9,73,1,83,11,18,89,3,121,56,0,56,177
07/25/2020,STS,CA,AWP,WE,Towers with Radar,13,13,17,0,43,0,11,68,0,79,13,24,85,0,122,66,0,66,188
07/26/2020,STS,CA,AWP,WE,Towers with Radar,13,8,29,0,50,0,7,77,0,84,13,15,106,0,134,50,0,50,184
07/27/2020,STS,CA,AWP,WE,Towers with Radar,12,7,23,2,44,0,11,61,0,72,12,18,84,2,116,48,0,48,164
07/28/2020,STS,CA,AWP,WE,Towers with Radar,9,4,18,0,31,0,17,68,0,85,9,21,86,0,116,32,0,32,148
07/29/2020,STS,CA,AWP,WE,Towers with Radar,12,11,12,1,36,0,8,73,5,86,12,19,85,6,122,46,0,46,168
07/30/2020,STS,CA,AWP,WE,Towers with Radar,9,10,13,1,33,0,3,66,2,71,9,13,79,3,104,38,0,38,142
07/31/2020,STS,CA,AWP,WE,Towers with Radar,11,6,19,0,36,0,2,74,0,76,11,8,93,0,112,58,0,58,170
08/01/2020,STS,CA,AWP,WE,Towers with Radar,8,8,14,0,30,0,3,95,0,98,8,11,109,0,128,92,0,92,220
08/02/2020,STS,CA,AWP,WE,Towers with Radar,9,5,13,0,27,0,5,73,0,78,9,10,86,0,105,36,0,36,141
08/03/2020,STS,CA,AWP,WE,Towers with Radar,9,6,16,0,31,0,13,82,3,98,9,19,98,3,129,28,4,32,161
08/04/2020,STS,CA,AWP,WE,Towers with Radar,9,2,14,0,25,0,7,42,0,49,9,9,56,0,74,43,0,43,117
08/05/2020,STS,CA,AWP,WE,Towers with Radar,8,7,20,0,35,0,6,59,0,65,8,13,79,0,100,34,0,34,134
08/06/2020,STS,CA,AWP,WE,Towers with Radar,8,11,16,0,35,0,7,53,0,60,8,18,69,0,95,66,0,66,161
08/07/2020,STS,CA,AWP,WE,Towers with Radar,7,5,16,0,28,0,7,93,0,100,7,12,109,0,128,66,0,66,194
08/08/2020,STS,CA,AWP,WE,Towers with Radar,8,5,17,0,30,0,18,81,0,99,8,23,98,0,129,52,0,52,181
08/09/2020,STS,CA,AWP,WE,Towers with Radar,9,6,9,0,24,0,10,80,0,90,9,16,89,0,114,62,0,62,176
08/10/2020,STS,CA,AWP,WE,Towers with Radar,9,4,12,0,25,0,6,65,0,71,9,10,77,0,96,34,0,34,130
08/11/2020,STS,CA,AWP,WE,Towers with Radar,8,15,23,0,46,0,6,48,0,54,8,21,71,0,100,20,0,20,120
08/12/2020,STS,CA,AWP,WE,Towers with Radar,9,5,19,0,33,0,5,61,0,66,9,10,80,0,99,100,0,100,199
08/13/2020,STS,CA,AWP,WE,Towers with Radar,8,9,9,0,26,0,17,90,3,110,8,26,99,3,136,160,0,160,296
08/14/2020,STS,CA,AWP,WE,Towers with Radar,7,5,9,0,21,0,4,73,2,79,7,9,82,2,100,80,0,80,180
08/15/2020,STS,CA,AWP,WE,Towers with Radar,8,14,9,0,31,0,9,69,0,78,8,23,78,0,109,66,0,66,175
08/16/2020,STS,CA,AWP,WE,Towers with Radar,9,10,15,0,34,0,13,43,2,58,9,23,58,2,92,26,0,26,118
08/17/2020,STS,CA,AWP,WE,Towers with Radar,7,6,13,0,26,0,54,34,0,88,7,60,47,0,114,2,0,2,116
08/18/2020,STS,CA,AWP,WE,Towers with Radar,5,7,17,0,29,0,46,57,1,104,5,53,74,1,133,38,0,38,171
08/19/2020,STS,CA,AWP,WE,Towers with Radar,10,12,22,1,45,0,58,51,12,121,10,70,73,13,166,24,10,34,200
08/20/2020,STS,CA,AWP,WE,Towers with Radar,7,7,11,0,25,0,74,23,6,103,7,81,34,6,128,12,0,12,140
08/21/2020,STS,CA,AWP,WE,Towers with Radar,12,7,15,1,35,0,154,52,6,212,12,161,67,7,247,36,0,36,283
08/22/2020,STS,CA,AWP,WE,Towers with Radar,7,12,14,1,34,0,68,44,2,114,7,80,58,3,148,52,0,52,200
08/23/2020,STS,CA,AWP,WE,Towers with Radar,12,11,21,4,48,0,21,22,5,48,12,32,43,9,96,6,0,6,102
08/24/2020,STS,CA,AWP,WE,Towers with Radar,11,11,13,4,39,0,36,16,0,52,11,47,29,4,91,4,0,4,95
08/25/2020,STS,CA,AWP,WE,Towers with Radar,15,19,10,0,44,0,44,36,0,80,15,63,46,0,124,46,0,46,170
08/26/2020,STS,CA,AWP,WE,Towers with Radar,15,14,21,0,50,0,25,26,0,51,15,39,47,0,101,110,0,110,211
08/27/2020,STS,CA,AWP,WE,Towers with Radar,14,13,23,0,50,0,32,59,0,91,14,45,82,0,141,72,0,72,213
08/28/2020,STS,CA,AWP,WE,Towers with Radar,15,8,24,0,47,0,12,48,0,60,15,20,72,0,107,38,0,38,145
08/29/2020,STS,CA,AWP,WE,Towers with Radar,11,8,28,0,47,0,12,57,0,69,11,20,85,0,116,42,0,42,158
08/30/2020,STS,CA,AWP,WE,Towers with Radar,15,7,21,0,43,0,6,28,0,34,15,13,49,0,77,24,0,24,101
08/31/2020,STS,CA,AWP,WE,Towers with Radar,13,9,10,0,32,0,4,49,0,53,13,13,59,0,85,70,0,70,155
09/01/2020,STS,CA,AWP,WE,Towers with Radar,11,2,16,0,29,0,12,36,0,48,11,14,52,0,77,108,0,108,185
09/02/2020,STS,CA,AWP,WE,Towers with Radar,12,6,17,0,35,0,6,44,0,50,12,12,61,0,85,80,0,80,165
09/03/2020,STS,CA,AWP,WE,Towers with Radar,11,5,16,0,32,0,4,46,0,50,11,9,62,0,82,42,0,42,124
09/04/2020,STS,CA,AWP,WE,Towers with Radar,14,10,17,0,41,0,12,69,0,81,14,22,86,0,122,36,0,36,158
09/05/2020,STS,CA,AWP,WE,Towers with Radar,15,6,10,0,31,0,11,76,0,87,15,17,86,0,118,70,0,70,188
09/06/2020,STS,CA,AWP,WE,Towers with Radar,12,5,7,0,24,0,15,52,0,67,12,20,59,0,91,66,0,66,157
09/07/2020,STS,CA,AWP,WE,Towers with Radar,15,8,14,0,37,0,18,39,0,57,15,26,53,0,94,32,0,32,126
09/08/2020,STS,CA,AWP,WE,Towers with Radar,13,11,18,0,42,0,3,17,0,20,13,14,35,0,62,58,0,58,120
09/09/2020,STS,CA,AWP,WE,Towers with Radar,14,13,18,0,45,0,2,1,0,3,14,15,19,0,48,0,0,0,48
09/10/2020,STS,CA,AWP,WE,Towers with Radar,13,15,26,0,54,0,0,0,0,0,13,15,26,0,54,0,0,0,54
09/11/2020,STS,CA,AWP,WE,Towers with Radar,14,17,11,0,42,0,0,0,0,0,14,17,11,0,42,0,0,0,42
09/12/2020,STS,CA,AWP,WE,Towers with Radar,14,18,28,0,60,0,0,0,0,0,14,18,28,0,60,0,0,0,60
09/13/2020,STS,CA,AWP,WE,Towers with Radar,13,15,20,0,48,0,6,0,0,6,13,21,20,0,54,0,0,0,54
09/14/2020,STS,CA,AWP,WE,Towers with Radar,12,10,28,0,50,0,11,6,0,17,12,21,34,0,67,2,0,2,69
09/15/2020,STS,CA,AWP,WE,Towers with Radar,9,6,18,0,33,0,4,59,0,63,9,10,77,0,96,46,0,46,142
09/16/2020,STS,CA,AWP,WE,Towers with Radar,12,11,28,0,51,0,16,74,0,90,12,27,102,0,141,64,0,64,205
09/17/2020,STS,CA,AWP,WE,Towers with Radar,12,9,25,0,46,0,28,105,0,133,12,37,130,0,179,98,0,98,277
09/18/2020,STS,CA,AWP,WE,Towers with Radar,13,13,20,0,46,0,5,75,0,80,13,18,95,0,126,18,0,18,144
09/19/2020,STS,CA,AWP,WE,Towers with Radar,14,10,13,0,37,1,29,80,0,110,15,39,93,0,147,78,0,78,225
09/20/2020,STS,CA,AWP,WE,Towers with Radar,12,13,10,0,35,0,7,63,0,70,12,20,73,0,105,80,0,80,185
09/21/2020,STS,CA,AWP,WE,Towers with Radar,14,18,19,0,51,0,8,55,0,63,14,26,74,0,114,84,0,84,198
09/22/2020,STS,CA,AWP,WE,Towers with Radar,14,13,4,0,31,0,13,96,0,109,14,26,100,0,140,116,0,116,256
09/23/2020,STS,CA,AWP,WE,Towers with Radar,14,8,13,0,35,0,30,91,0,121,14,38,104,0,156,84,0,84,240
09/24/2020,STS,CA,AWP,WE,Towers with Radar,13,4,24,1,42,0,16,117,0,133,13,20,141,1,175,114,0,114,289
09/25/2020,STS,CA,AWP,WE,Towers with Radar,14,7,12,0,33,0,18,103,2,123,14,25,115,2,156,66,0,66,222
09/26/2020,STS,CA,AWP,WE,Towers with Radar,14,12,12,0,38,0,7,106,9,122,14,19,118,9,160,126,0,126,286
09/27/2020,STS,CA,AWP,WE,Towers with Radar,15,13,20,0,48,0,181,61,0,242,15,194,81,0,290,14,0,14,304
09/28/2020,STS,CA,AWP,WE,Towers with Radar,17,16,17,0,50,0,89,13,0,102,17,105,30,0,152,0,0,0,152
09/29/2020,STS,CA,AWP,WE,Towers with Radar,15,10,8,1,34,0,6,37,1,44,15,16,45,2,78,34,0,34,112
09/30/2020,STS,CA,AWP,WE,Towers with Radar,14,9,19,0,42,0,10,42,0,52,14,19,61,0,94,80,0,80,174
10/01/2020,STS,CA,AWP,WE,Towers with Radar,14,19,32,0,65,0,2,2,0,4,14,21,34,0,69,16,0,16,85
10/02/2020,STS,CA,AWP,WE,Towers with Radar,13,16,20,0,49,0,0,0,0,0,13,16,20,0,49,4,0,4,53
10/03/2020,STS,CA,AWP,WE,Towers with Radar,15,11,14,0,40,0,132,45,0,177,15,143,59,0,217,52,0,52,269
10/04/2020,STS,CA,AWP,WE,Towers with Radar,14,8,12,0,34,0,84,66,0,150,14,92,78,0,184,72,0,72,256
10/05/2020,STS,CA,AWP,WE,Towers with Radar,13,5,15,0,33,0,27,78,0,105,13,32,93,0,138,116,0,116,254
10/06/2020,STS,CA,AWP,WE,Towers with Radar,16,6,16,0,38,0,26,87,0,113,16,32,103,0,151,90,0,90,241
10/07/2020,STS,CA,AWP,WE,Towers with Radar,16,11,23,1,51,0,9,71,17,97,16,20,94,18,148,66,0,66,214
10/08/2020,STS,CA,AWP,WE,Towers with Radar,16,22,31,0,69,0,14,40,0,54,16,36,71,0,123,100,0,100,223
10/09/2020,STS,CA,AWP,WE,Towers with Radar,15,13,24,0,52,0,8,85,0,93,15,21,109,0,145,140,0,140,285
10/10/2020,STS,CA,AWP,WE,Towers with Radar,16,8,23,0,47,0,10,3,0,13,16,18,26,0,60,0,0,0,60
10/11/2020,STS,CA,AWP,WE,Towers with Radar,16,17,8,0,41,0,11,110,0,121,16,28,118,0,162,130,0,130,292
10/12/2020,STS,CA,AWP,WE,Towers with Radar,16,6,25,0,47,0,14,75,0,89,16,20,100,0,136,78,0,78,214
10/13/2020,STS,CA,AWP,WE,Towers with Radar,18,1,8,0,27,0,15,110,0,125,18,16,118,0,152,120,0,120,272
10/14/2020,STS,CA,AWP,WE,Towers with Radar,15,3,20,0,38,0,22,124,0,146,15,25,144,0,184,188,0,188,372
10/15/2020,STS,CA,AWP,WE,Towers with Radar,15,13,12,1,41,0,12,98,13,123,15,25,110,14,164,86,10,96,260
10/16/2020,STS,CA,AWP,WE,Towers with Radar,15,15,16,0,46,0,25,115,0,140,15,40,131,0,186,56,0,56,242
10/17/2020,STS,CA,AWP,WE,Towers with Radar,16,7,9,0,32,0,14,105,0,119,16,21,114,0,151,82,0,82,233
10/18/2020,STS,CA,AWP,WE,Towers with Radar,15,10,18,0,43,0,3,127,0,130,15,13,145,0,173,62,0,62,235
10/19/2020,STS,CA,AWP,WE,Towers with Radar,17,13,11,0,41,0,11,95,2,108,17,24,106,2,149,50,0,50,199
10/20/2020,STS,CA,AWP,WE,Towers with Radar,15,12,12,0,39,0,16,102,0,118,15,28,114,0,157,142,0,142,299
10/21/2020,STS,CA,AWP,WE,Towers with Radar,16,10,14,0,40,0,4,112,1,117,16,14,126,1,157,140,0,140,297
10/22/2020,STS,CA,AWP,WE,Towers with Radar,16,11,22,0,49,0,13,82,0,95,16,24,104,0,144,72,0,72,216
10/23/2020,STS,CA,AWP,WE,Towers with Radar,15,9,24,1,49,18,102,41,0,161,33,111,65,1,210,74,0,74,284
10/24/2020,STS,CA,AWP,WE,Towers with Radar,16,3,24,0,43,0,9,65,1,75,16,12,89,1,118,80,0,80,198
10/25/2020,STS,CA,AWP,WE,Towers with Radar,16,16,24,0,56,0,5,107,0,112,16,21,131,0,168,98,0,98,266
10/26/2020,STS,CA,AWP,WE,Towers with Radar,15,3,20,0,38,0,16,64,1,81,15,19,84,1,119,86,0,86,205
10/27/2020,STS,CA,AWP,WE,Towers with Radar,16,6,13,0,35,0,8,142,0,150,16,14,155,0,185,130,0,130,315
10/28/2020,STS,CA,AWP,WE,Towers with Radar,15,5,17,0,37,0,7,122,0,129,15,12,139,0,166,122,0,122,288
10/29/2020,STS,CA,AWP,WE,Towers with Radar,16,18,13,0,47,0,5,99,0,104,16,23,112,0,151,84,0,84,235
10/30/2020,STS,CA,AWP,WE,Towers with Radar,17,13,17,0,47,0,7,109,2,118,17,20,126,2,165,86,0,86,251
10/31/2020,STS,CA,AWP,WE,Towers with Radar,16,3,9,0,28,0,10,104,3,117,16,13,113,3,145,32,4,36,181
11/01/2020,STS,CA,AWP,WE,Towers with Radar,17,8,12,0,37,0,17,70,0,87,17,25,82,0,124,108,0,108,232
11/02/2020,STS,CA,AWP,WE,Towers with Radar,16,11,9,0,36,0,10,121,0,131,16,21,130,0,167,126,0,126,293
11/03/2020,STS,CA,AWP,WE,Towers with Radar,16,5,23,0,44,0,8,101,0,109,16,13,124,0,153,68,0,68,221
11/04/2020,STS,CA,AWP,WE,Towers with Radar,15,14,20,0,49,0,23,90,0,113,15,37,110,0,162,62,0,62,224
11/05/2020,STS,CA,AWP,WE,Towers with Radar,15,11,24,0,50,0,20,120,0,140,15,31,144,0,190,82,0,82,272
11/06/2020,STS,CA,AWP,WE,Towers with Radar,16,7,28,0,51,0,6,40,0,46,16,13,68,0,97,42,0,42,139
11/07/2020,STS,CA,AWP,WE,Towers with Radar,16,5,10,1,32,0,17,110,0,127,16,22,120,1,159,130,0,130,289
11/08/2020,STS,CA,AWP,WE,Towers with Radar,15,11,21,0,47,0,16,27,0,43,15,27,48,0,90,22,0,22,112
11/09/2020,STS,CA,AWP,WE,Towers with Radar,16,14,19,0,49,0,9,86,0,95,16,23,105,0,144,98,0,98,242
11/10/2020,STS,CA,AWP,WE,Towers with Radar,16,12,13,2,43,0,14,85,2,101,16,26,98,4,144,154,0,154,298
11/11/2020,STS,CA,AWP,WE,Towers with Radar,16,9,31,2,58,0,30,117,0,147,16,39,148,2,205,80,0,80,285
11/12/2020,STS,CA,AWP,WE,Towers with Radar,16,6,4,0,26,0,13,107,0,120,16,19,111,0,146,131,0,131,277
11/13/2020,STS,CA,AWP,WE,Towers with Radar,16,13,35,1,65,0,6,2,0,8,16,19,37,1,73,0,0,0,73
11/14/2020,STS,CA,AWP,WE,Towers with Radar,15,13,11,0,39,0,11,99,5,115,15,24,110,5,154,110,0,110,264
11/15/2020,STS,CA,AWP,WE,Towers with Radar,16,11,11,0,38,0,9,116,2,127,16,20,127,2,165,134,0,134,299
11/16/2020,STS,CA,AWP,WE,Towers with Radar,17,22,15,4,58,0,10,90,5,105,17,32,105,9,163,68,0,68,231
11/17/2020,STS,CA,AWP,WE,Towers with Radar,17,12,30,0,59,0,0,0,0,0,17,12,30,0,59,2,0,2,61
11/18/2020,STS,CA,AWP,WE,Towers with Radar,16,18,33,2,69,0,5,24,4,33,16,23,57,6,102,104,0,104,206
11/19/2020,STS,CA,AWP,WE,Towers with Radar,16,7,20,0,43,0,7,62,2,71,16,14,82,2,114,74,2,76,190
11/20/2020,STS,CA,AWP,WE,Towers with Radar,18,7,14,0,39,0,7,129,2,138,18,14,143,2,177,112,0,112,289
11/21/2020,STS,CA,AWP,WE,Towers with Radar,18,17,10,0,45,0,8,140,0,148,18,25,150,0,193,90,0,90,283
11/22/2020,STS,CA,AWP,WE,Towers with Radar,18,15,19,0,52,0,10,101,0,111,18,25,120,0,163,88,0,88,251
11/23/2020,STS,CA,AWP,WE,Towers with Radar,15,12,25,0,52,0,10,74,0,84,15,22,99,0,136,84,0,84,220
11/24/2020,STS,CA,AWP,WE,Towers with Radar,16,16,12,1,45,0,2,83,0,85,16,18,95,1,130,100,8,108,238
11/25/2020,STS,CA,AWP,WE,Towers with Radar,18,11,19,0,48,0,9,69,0,78,18,20,88,0,126,44,0,44,170
11/26/2020,STS,CA,AWP,WE,Towers with Radar,9,2,6,0,17,0,8,24,0,32,9,10,30,0,49,0,0,0,49
11/27/2020,STS,CA,AWP,WE,Towers with Radar,16,5,13,0,34,0,6,91,0,97,16,11,104,0,131,72,0,72,203
11/28/2020,STS,CA,AWP,WE,Towers with Radar,20,8,12,0,40,0,6,115,2,123,20,14,127,2,163,90,0,90,253
11/29/2020,STS,CA,AWP,WE,Towers with Radar,19,16,9,0,44,0,15,102,0,117,19,31,111,0,161,98,0,98,259
11/30/2020,STS,CA,AWP,WE,Towers with Radar,18,5,13,0,36,0,10,99,1,110,18,15,112,1,146,104,0,104,250
12/01/2020,STS,CA,AWP,WE,Towers with Radar,14,7,7,2,30,0,9,86,8,103,14,16,93,10,133,66,4,70,203
12/02/2020,STS,CA,AWP,WE,Towers with Radar,16,6,18,0,40,0,7,75,0,82,16,13,93,0,122,98,0,98,220
12/03/2020,STS,CA,AWP,WE,Towers with Radar,14,7,7,0,28,0,5,79,2,86,14,12,86,2,114,122,4,126,240
12/04/2020,STS,CA,AWP,WE,Towers with Radar,14,7,11,0,32,0,5,111,0,116,14,12,122,0,148,118,0,118,266
12/05/2020,STS,CA,AWP,WE,Towers with Radar,16,7,5,0,28,0,4,90,0,94,16,11,95,0,122,76,0,76,198
12/06/2020,STS,CA,AWP,WE,Towers with Radar,14,11,9,0,34,0,8,81,0,89,14,19,90,0,123,114,0,114,237
12/07/2020,STS,CA,AWP,WE,Towers with Radar,14,8,6,1,29,0,10,48,2,60,14,18,54,3,89,46,18,64,153
12/08/2020,STS,CA,AWP,WE,Towers with Radar,14,2,12,3,31,0,4,85,5,94,14,6,97,8,125,104,0,104,229
12/09/2020,STS,CA,AWP,WE,Towers with Radar,14,6,7,0,27,0,15,89,3,107,14,21,96,3,134,86,0,86,220
12/10/2020,STS,CA,AWP,WE,Towers with Radar,14,11,11,0,36,0,5,130,0,135,14,16,141,0,171,64,0,64,235
12/11/2020,STS,CA,AWP,WE,Towers with Radar,14,6,26,0,46,0,5,39,0,44,14,11,65,0,90,76,0,76,166
12/12/2020,STS,CA,AWP,WE,Towers with Radar,15,10,18,2,45,0,6,20,0,26,15,16,38,2,71,24,0,24,95
12/13/2020,STS,CA,AWP,WE,Towers with Radar,14,12,32,0,58,0,6,0,0,6,14,18,32,0,64,0,0,0,64
12/14/2020,STS,CA,AWP,WE,Towers with Radar,14,7,15,0,36,0,10,106,0,116,14,17,121,0,152,92,0,92,244
12/15/2020,STS,CA,AWP,WE,Towers with Radar,13,8,19,3,43,0,7,53,0,60,13,15,72,3,103,92,2,94,197
12/16/2020,STS,CA,AWP,WE,Towers with Radar,14,17,25,0,56,0,5,7,0,12,14,22,32,0,68,6,0,6,74
12/17/2020,STS,CA,AWP,WE,Towers with Radar,16,2,13,0,31,0,11,61,0,72,16,13,74,0,103,104,0,104,207
12/18/2020,STS,CA,AWP,WE,Towers with Radar,16,5,18,0,39,0,6,115,2,123,16,11,133,2,162,136,2,138,300
12/19/2020,STS,CA,AWP,WE,Towers with Radar,16,7,17,0,40,0,9,104,0,113,16,16,121,0,153,86,0,86,239
12/20/2020,STS,CA,AWP,WE,Towers with Radar,14,14,9,0,37,0,8,79,0,87,14,22,88,0,124,72,0,72,196
12/21/2020,STS,CA,AWP,WE,Towers with Radar,15,6,12,0,33,0,20,50,0,70,15,26,62,0,103,26,0,26,129
12/22/2020,STS,CA,AWP,WE,Towers with Radar,14,2,21,0,37,0,14,69,0,83,14,16,90,0,120,64,0,64,184
12/23/2020,STS,CA,AWP,WE,Towers with Radar,17,8,20,0,45,0,10,86,0,96,17,18,106,0,141,58,0,58,199
12/24/2020,STS,CA,AWP,WE,Towers with Radar,12,1,8,0,21,0,4,46,0,50,12,5,54,0,71,18,0,18,89
12/25/2020,STS,CA,AWP,WE,Towers with Radar,16,0,8,0,24,0,0,3,0,3,16,0,11,0,27,2,0,2,29
12/26/2020,STS,CA,AWP,WE,Towers with Radar,14,9,19,0,42,0,4,42,2,48,14,13,61,2,90,76,0,76,166
12/27/2020,STS,CA,AWP,WE,Towers with Radar,16,9,17,0,42,0,4,63,0,67,16,13,80,0,109,52,0,52,161
12/28/2020,STS,CA,AWP,WE,Towers with Radar,16,8,14,0,38,0,9,64,0,73,16,17,78,0,111,62,0,62,173
12/29/2020,STS,CA,AWP,WE,Towers with Radar,16,9,12,0,37,0,10,102,0,112,16,19,114,0,149,84,0,84,233
12/30/2020,STS,CA,AWP,WE,Towers with Radar,16,7,19,0,42,0,5,76,0,81,16,12,95,0,123,136,0,136,259
12/31/2020,STS,CA,AWP,WE,Towers with Radar,11,2,11,0,24,0,10,80,0,90,11,12,91,0,114,48,0,48,162
01/01/2021,STS,CA,AWP,WE,Towers with Radar,16,3,1,0,20,0,11,70,0,81,16,14,71,0,101,44,0,44,145
01/02/2021,STS,CA,AWP,WE,Towers with Radar,18,13,34,0,65,0,0,1,0,1,18,13,35,0,66,0,0,0,66
01/03/2021,STS,CA,AWP,WE,Towers with Radar,17,16,22,0,55,0,3,19,0,22,17,19,41,0,77,12,0,12,89
01/04/2021,STS,CA,AWP,WE,Towers with Radar,13,7,9,0,29,0,4,2,0,6,13,11,11,0,35,0,0,0,35
01/05/2021,STS,CA,AWP,WE,Towers with Radar,8,3,15,0,26,0,8,111,0,119,8,11,126,0,145,156,0,156,301
01/06/2021,STS,CA,AWP,WE,Towers with Radar,11,3,9,0,23,0,2,6,0,8,11,5,15,0,31,44,0,44,75
01/07/2021,STS,CA,AWP,WE,Towers with Radar,9,6,16,0,31,0,2,4,0,6,9,8,20,0,37,92,0,92,129
01/08/2021,STS,CA,AWP,WE,Towers with Radar,10,6,20,0,36,0,5,55,0,60,10,11,75,0,96,14,0,14,110
01/09/2021,STS,CA,AWP,WE,Towers with Radar,11,2,8,0,21,0,5,160,0,165,11,7,168,0,186,60,0,60,246
01/10/2021,STS,CA,AWP,WE,Towers with Radar,10,10,33,1,54,0,2,4,0,6,10,12,37,1,60,2,0,2,62
01/11/2021,STS,CA,AWP,WE,Towers with Radar,10,12,14,0,36,0,5,60,0,65,10,17,74,0,101,80,0,80,181
01/12/2021,STS,CA,AWP,WE,Towers with Radar,8,11,23,0,42,0,6,38,0,44,8,17,61,0,86,44,0,44,130
01/13/2021,STS,CA,AWP,WE,Towers with Radar,8,9,22,0,39,0,8,25,0,33,8,17,47,0,72,72,0,72,144
01/14/2021,STS,CA,AWP,WE,Towers with Radar,7,9,22,0,38,0,8,76,1,85,7,17,98,1,123,78,0,78,201
01/15/2021,STS,CA,AWP,WE,Towers with Radar,10,7,17,0,34,0,8,121,0,129,10,15,138,0,163,134,0,134,297
01/16/2021,STS,CA,AWP,WE,Towers with Radar,10,6,14,0,30,0,11,111,0,122,10,17,125,0,152,142,0,142,294
01/17/2021,STS,CA,AWP,WE,Towers with Radar,10,7,9,0,26,0,9,126,0,135,10,16,135,0,161,68,0,68,229
01/18/2021,STS,CA,AWP,WE,Towers with Radar,10,4,12,0,26,0,4,33,0,37,10,8,45,0,63,8,0,8,71
01/19/2021,STS,CA,AWP,WE,Towers with Radar,7,11,3,0,21,0,0,14,0,14,7,11,17,0,35,46,0,46,81
01/20/2021,STS,CA,AWP,WE,Towers with Radar,7,10,12,0,29,0,6,104,2,112,7,16,116,2,141,124,0,124,265
01/21/2021,STS,CA,AWP,WE,Towers with Radar,8,3,16,0,27,0,19,105,1,125,8,22,121,1,152,92,0,92,244
01/22/2021,STS,CA,AWP,WE,Towers with Radar,10,11,20,0,41,0,7,32,0,39,10,18,52,0,80,82,0,82,162
01/23/2021,STS,CA,AWP,WE,Towers with Radar,9,4,9,0,22,0,12,123,0,135,9,16,132,0,157,126,0,126,283
01/24/2021,STS,CA,AWP,WE,Towers with Radar,9,9,23,0,41,0,3,4,0,7,9,12,27,0,48,28,0,28,76
01/25/2021,STS,CA,AWP,WE,Towers with Radar,10,5,12,0,27,0,9,41,1,51,10,14,53,1,78,96,0,96,174
01/26/2021,STS,CA,AWP,WE,Towers with Radar,8,7,8,0,23,0,3,37,0,40,8,10,45,0,63,60,0,60,123
01/27/2021,STS,CA,AWP,WE,Towers with Radar,7,8,14,0,29,0,2,11,0,13,7,10,25,0,42,14,0,14,56
01/28/2021,STS,CA,AWP,WE,Towers with Radar,8,11,8,0,27,0,3,8,0,11,8,14,16,0,38,30,0,30,68
01/29/2021,STS,CA,AWP,WE,Towers with Radar,8,8,22,0,38,0,8,54,5,67,8,16,76,5,105,70,0,70,175
01/30/2021,STS,CA,AWP,WE,Towers with Radar,9,2,20,0,31,0,10,59,2,71,9,12,79,2,102,82,0,82,184
01/31/2021,STS,CA,AWP,WE,Towers with Radar,6,8,15,0,29,0,4,50,0,54,6,12,65,0,83,72,0,72,155
02/01/2021,STS,CA,AWP,WE,Towers with Radar,6,6,17,0,29,0,3,21,0,24,6,9,38,0,53,28,0,28,81
02/02/2021,STS,CA,AWP,WE,Towers with Radar,6,10,17,0,33,0,7,61,0,68,6,17,78,0,101,148,0,148,249
02/03/2021,STS,CA,AWP,WE,Towers with Radar,6,7,21,0,34,0,8,48,0,56,6,15,69,0,90,122,0,122,212
02/04/2021,STS,CA,AWP,WE,Towers with Radar,6,8,16,0,30,0,12,108,0,120,6,20,124,0,150,90,0,90,240
02/05/2021,STS,CA,AWP,WE,Towers with Radar,6,4,12,0,22,0,13,132,0,145,6,17,144,0,167,110,0,110,277
02/06/2021,STS,CA,AWP,WE,Towers with Radar,6,7,12,0,25,0,5,125,0,130,6,12,137,0,155,124,0,124,279
02/07/2021,STS,CA,AWP,WE,Towers with Radar,6,2,11,0,19,0,9,97,0,106,6,11,108,0,125,62,0,62,187
02/08/2021,STS,CA,AWP,WE,Towers with Radar,4,8,13,0,25,0,7,79,0,86,4,15,92,0,111,120,0,120,231
02/09/2021,STS,CA,AWP,WE,Towers with Radar,7,7,13,1,28,0,7,95,1,103,7,14,108,2,131,116,0,116,247
02/10/2021,STS,CA,AWP,WE,Towers with Radar,6,10,15,0,31,0,11,112,1,124,6,21,127,1,155,142,0,142,297
02/11/2021,STS,CA,AWP,WE,Towers with Radar,8,13,32,0,53,0,3,3,0,6,8,16,35,0,59,16,0,16,75
02/12/2021,STS,CA,AWP,WE,Towers with Radar,11,5,28,4,48,0,11,108,4,123,11,16,136,8,171,194,0,194,365
02/13/2021,STS,CA,AWP,WE,Towers with Radar,3,10,19,0,32,0,6,48,0,54,3,16,67,0,86,36,0,36,122
02/14/2021,STS,CA,AWP,WE,Towers with Radar,5,12,23,0,40,0,2,45,4,51,5,14,68,4,91,60,0,60,151
02/15/2021,STS,CA,AWP,WE,Towers with Radar,7,13,37,0,57,0,7,43,0,50,7,20,80,0,107,184,0,184,291
02/16/2021,STS,CA,AWP,WE,Towers with Radar,8,9,24,0,41,0,10,132,0,142,8,19,156,0,183,118,0,118,301
02/17/2021,STS,CA,AWP,WE,Towers with Radar,6,7,21,2,36,0,7,117,0,124,6,14,138,2,160,154,0,154,314
02/18/2021,STS,CA,AWP,WE,Towers with Radar,8,5,16,0,29,0,11,98,0,109,8,16,114,0,138,102,0,102,240
02/19/2021,STS,CA,AWP,WE,Towers with Radar,10,11,28,1,50,0,9,41,0,50,10,20,69,1,100,80,0,80,180
02/20/2021,STS,CA,AWP,WE,Towers with Radar,7,14,14,0,35,0,14,83,0,97,7,28,97,0,132,120,0,120,252
02/21/2021,STS,CA,AWP,WE,Towers with Radar,10,9,11,0,30,0,14,158,0,172,10,23,169,0,202,122,0,122,324
02/22/2021,STS,CA,AWP,WE,Towers with Radar,8,8,20,0,36,0,5,117,0,122,8,13,137,0,158,194,0,194,352
02/23/2021,STS,CA,AWP,WE,Towers with Radar,8,3,15,1,27,0,10,78,3,91,8,13,93,4,118,98,0,98,216
02/24/2021,STS,CA,AWP,WE,Towers with Radar,5,12,17,0,34,0,15,94,0,109,5,27,111,0,143,92,0,92,235
02/25/2021,STS,CA,AWP,WE,Towers with Radar,8,11,8,0,27,0,9,126,0,135,8,20,134,0,162,171,0,171,333
02/26/2021,STS,CA,AWP,WE,Towers with Radar,10,14,15,2,41,0,10,91,0,101,10,24,106,2,142,48,0,48,190
02/27/2021,STS,CA,AWP,WE,Towers with Radar,6,7,10,0,23,0,9,103,0,112,6,16,113,0,135,78,0,78,213
02/28/2021,STS,CA,AWP,WE,Towers with Radar,10,17,12,0,39,0,6,143,0,149,10,23,155,0,188,146,0,146,334
03/01/2021,STS,CA,AWP,WE,Towers with Radar,10,9,19,0,38,0,7,82,0,89,10,16,101,0,127,182,0,182,309
03/02/2021,STS,CA,AWP,WE,Towers with Radar,7,8,15,1,31,0,4,131,1,136,7,12,146,2,167,84,0,84,251
03/03/2021,STS,CA,AWP,WE,Towers with Radar,6,11,21,0,38,0,8,117,2,127,6,19,138,2,165,138,0,138,303
03/04/2021,STS,CA,AWP,WE,Towers with Radar,7,17,27,0,51,0,2,78,0,80,7,19,105,0,131,140,0,140,271
03/05/2021,STS,CA,AWP,WE,Towers with Radar,9,10,44,0,63,0,6,70,2,78,9,16,114,2,141,86,0,86,227
03/06/2021,STS,CA,AWP,WE,Towers with Radar,6,13,9,0,28,0,5,84,0,89,6,18,93,0,117,94,0,94,211
03/07/2021,STS,CA,AWP,WE,Towers with Radar,11,10,31,0,52,0,14,143,0,157,11,24,174,0,209,144,0,144,353
03/08/2021,STS,CA,AWP,WE,Towers with Radar,10,8,15,0,33,0,7,26,0,33,10,15,41,0,66,90,0,90,156
03/09/2021,STS,CA,AWP,WE,Towers with Radar,8,10,14,0,32,0,5,6,0,11,8,15,20,0,43,6,0,6,49
03/10/2021,STS,CA,AWP,WE,Towers with Radar,6,6,21,0,33,0,7,12,0,19,6,13,33,0,52,0,0,0,52
03/11/2021,STS,CA,AWP,WE,Towers with Radar,8,18,27,2,55,0,6,110,0,116,8,24,137,2,171,154,0,154,325
03/12/2021,STS,CA,AWP,WE,Towers with Radar,10,11,23,3,47,0,12,176,0,188,10,23,199,3,235,144,0,144,379
03/13/2021,STS,CA,AWP,WE,Towers with Radar,8,13,28,1,50,0,11,118,0,129,8,24,146,1,179,92,0,92,271
03/14/2021,STS,CA,AWP,WE,Towers with Radar,9,12,36,0,57,0,3,15,0,18,9,15,51,0,75,20,0,20,95
03/15/2021,STS,CA,AWP,WE,Towers with Radar,11,5,23,0,39,0,11,58,0,69,11,16,81,0,108,76,0,76,184
03/16/2021,STS,CA,AWP,WE,Towers with Radar,8,8,17,0,33,0,6,126,0,132,8,14,143,0,165,124,0,124,289
03/17/2021,STS,CA,AWP,WE,Towers with Radar,5,12,16,0,33,0,8,88,0,96,5,20,104,0,129,80,0,80,209
03/18/2021,STS,CA,AWP,WE,Towers with Radar,14,6,35,0,55,0,0,0,0,0,14,6,35,0,55,0,0,0,55
03/19/2021,STS,CA,AWP,WE,Towers with Radar,14,10,19,0,43,0,9,62,0,71,14,19,81,0,114,82,0,82,196
03/20/2021,STS,CA,AWP,WE,Towers with Radar,12,7,14,0,33,0,8,144,0,152,12,15,158,0,185,102,0,102,287
03/21/2021,STS,CA,AWP,WE,Towers with Radar,13,12,27,0,52,0,14,179,0,193,13,26,206,0,245,94,0,94,339
03/22/2021,STS,CA,AWP,WE,Towers with Radar,14,11,11,0,36,0,6,94,0,100,14,17,105,0,136,42,0,42,178
03/23/2021,STS,CA,AWP,WE,Towers with Radar,14,9,13,0,36,0,8,86,0,94,14,17,99,0,130,70,0,70,200
03/24/2021,STS,CA,AWP,WE,Towers with Radar,14,8,24,1,47,0,13,123,0,136,14,21,147,1,183,122,0,122,305
03/25/2021,STS,CA,AWP,WE,Towers with Radar,14,15,25,0,54,0,11,84,0,95,14,26,109,0,149,90,0,90,239
03/26/2021,STS,CA,AWP,WE,Towers with Radar,14,16,12,0,42,0,11,164,0,175,14,27,176,0,217,78,0,78,295
03/27/2021,STS,CA,AWP,WE,Towers with Radar,14,15,6,0,35,0,8,149,0,157,14,23,155,0,192,78,0,78,270
03/28/2021,STS,CA,AWP,WE,Towers with Radar,14,24,32,0,70,0,4,142,0,146,14,28,174,0,216,120,0,120,336
03/29/2021,STS,CA,AWP,WE,Towers with Radar,14,17,16,0,47,0,4,84,0,88,14,21,100,0,135,106,0,106,241
03/30/2021,STS,CA,AWP,WE,Towers with Radar,15,9,9,2,35,0,12,74,0,86,15,21,83,2,121,68,0,68,189
03/31/2021,STS,CA,AWP,WE,Towers with Radar,14,11,20,0,45,0,13,115,0,128,14,24,135,0,173,106,0,106,279
04/01/2021,STS,CA,AWP,WE,Towers with Radar,15,11,14,2,42,0,8,120,1,129,15,19,134,3,171,114,0,114,285
04/02/2021,STS,CA,AWP,WE,Towers with Radar,16,14,36,2,68,0,8,89,0,97,16,22,125,2,165,46,0,46,211
04/03/2021,STS,CA,AWP,WE,Towers with Radar,15,17,17,0,49,0,17,102,0,119,15,34,119,0,168,152,0,152,320
04/04/2021,STS,CA,AWP,WE,Towers with Radar,18,9,18,0,45,0,2,67,0,69,18,11,85,0,114,106,0,106,220
04/05/2021,STS,CA,AWP,WE,Towers with Radar,18,16,23,0,57,0,5,54,2,61,18,21,77,2,118,128,0,128,246
04/06/2021,STS,CA,AWP,WE,Towers with Radar,17,20,37,0,74,0,3,57,0,60,17,23,94,0,134,120,0,120,254
04/07/2021,STS,CA,AWP,WE,Towers with Radar,18,13,20,0,51,0,10,85,0,95,18,23,105,0,146,154,0,154,300
04/08/2021,STS,CA,AWP,WE,Towers with Radar,18,14,26,0,58,0,9,119,0,128,18,23,145,0,186,114,0,114,300
04/09/2021,STS,CA,AWP,WE,Towers with Radar,18,9,26,0,53,0,9,126,0,135,18,18,152,0,188,192,0,192,380
04/10/2021,STS,CA,AWP,WE,Towers with Radar,20,16,16,0,52,0,11,141,0,152,20,27,157,0,204,102,0,102,306
04/11/2021,STS,CA,AWP,WE,Towers with Radar,17,8,25,0,50,0,6,101,0,107,17,14,126,0,157,56,0,56,213
04/12/2021,STS,CA,AWP,WE,Towers with Radar,18,9,22,1,50,0,7,117,0,124,18,16,139,1,174,140,0,140,314
04/13/2021,STS,CA,AWP,WE,Towers with Radar,18,13,14,2,47,0,9,72,0,81,18,22,86,2,128,120,0,120,248
04/14/2021,STS,CA,AWP,WE,Towers with Radar,19,8,16,5,48,0,15,121,0,136,19,23,137,5,184,124,0,124,308
04/15/2021,STS,CA,AWP,WE,Towers with Radar,18,13,31,2,64,0,7,108,0,115,18,20,139,2,179,150,0,150,329
04/16/2021,STS,CA,AWP,WE,Towers with Radar,18,24,36,0,78,0,6,113,0,119,18,30,149,0,197,95,0,95,292
04/17/2021,STS,CA,AWP,WE,Towers with Radar,18,6,17,0,41,0,9,90,2,101,18,15,107,2,142,118,0,118,260
04/18/2021,STS,CA,AWP,WE,Towers with Radar,21,26,23,0,70,0,13,136,0,149,21,39,159,0,219,60,0,60,279
04/19/2021,STS,CA,AWP,WE,Towers with Radar,18,10,23,0,51,0,5,79,0,84,18,15,102,0,135,128,0,128,263
04/20/2021,STS,CA,AWP,WE,Towers with Radar,18,5,16,0,39,0,12,100,0,112,18,17,116,0,151,104,0,104,255
04/21/2021,STS,CA,AWP,WE,Towers with Radar,18,10,24,0,52,0,14,115,4,133,18,24,139,4,185,144,0,144,329
04/22/2021,STS,CA,AWP,WE,Towers with Radar,21,20,44,0,85,0,16,39,0,55,21,36,83,0,140,64,0,64,204
04/23/2021,STS,CA,AWP,WE,Towers with Radar,18,14,20,0,52,0,5,105,0,110,18,19,125,0,162,142,0,142,304
04/24/2021,STS,CA,AWP,WE,Towers with Radar,18,11,21,0,50,0,6,46,0,52,18,17,67,0,102,104,0,104,206
04/25/2021,STS,CA,AWP,WE,Towers with Radar,17,14,27,0,58,0,5,22,0,27,17,19,49,0,85,32,0,32,117
04/26/2021,STS,CA,AWP,WE,Towers with Radar,20,13,20,0,53,0,6,96,0,102,20,19,116,0,155,52,0,52,207
04/27/2021,STS,CA,AWP,WE,Towers with Radar,18,8,12,0,38,0,8,138,0,146,18,16,150,0,184,150,0,150,334
04/28/2021,STS,CA,AWP,WE,Towers with Radar,20,8,27,0,55,0,15,128,0,143,20,23,155,0,198,134,0,134,332
04/29/2021,STS,CA,AWP,WE,Towers with Radar,20,9,14,0,43,0,11,134,0,145,20,20,148,0,188,130,0,130,318
04/30/2021,STS,CA,AWP,WE,Towers with Radar,19,10,14,0,43,0,12,136,6,154,19,22,150,6,197,156,0,156,353
05/01/2021,STS,CA,AWP,WE,Towers with Radar,20,6,20,0,46,0,23,82,0,105,20,29,102,0,151,68,0,68,219
05/02/2021,STS,CA,AWP,WE,Towers with Radar,19,11,29,0,59,0,7,98,0,105,19,18,127,0,164,68,0,68,232
05/03/2021,STS,CA,AWP,WE,Towers with Radar,20,7,27,0,54,0,13,97,2,112,20,20,124,2,166,106,0,106,272
05/04/2021,STS,CA,AWP,WE,Towers with Radar,21,12,10,0,43,0,22,135,0,157,21,34,145,0,200,128,0,128,328
05/05/2021,STS,CA,AWP,WE,Towers with Radar,20,19,14,0,53,0,7,120,0,127,20,26,134,0,180,186,0,186,366
05/06/2021,STS,CA,AWP,WE,Towers with Radar,18,14,36,0,68,0,11,113,0,124,18,25,149,0,192,144,0,144,336
05/07/2021,STS,CA,AWP,WE,Towers with Radar,20,27,9,0,56,0,13,135,1,149,20,40,144,1,205,168,0,168,373
05/08/2021,STS,CA,AWP,WE,Towers with Radar,20,4,18,0,42,0,14,95,0,109,20,18,113,0,151,114,0,114,265
05/09/2021,STS,CA,AWP,WE,Towers with Radar,20,11,11,0,42,0,11,109,0,120,20,22,120,0,162,62,0,62,224
05/10/2021,STS,CA,AWP,WE,Towers with Radar,20,17,23,0,60,0,7,116,0,123,20,24,139,0,183,98,0,98,281
05/11/2021,STS,CA,AWP,WE,Towers with Radar,20,12,22,0,54,0,7,144,0,151,20,19,166,0,205,100,0,100,305
05/12/2021,STS,CA,AWP,WE,Towers with Radar,20,17,28,0,65,0,22,124,3,149,20,39,152,3,214,200,6,206,420
05/13/2021,STS,CA,AWP,WE,Towers with Radar,20,20,45,0,85,0,13,115,1,129,20,33,160,1,214,86,0,86,300
05/14/2021,STS,CA,AWP,WE,Towers with Radar,20,12,38,0,70,0,4,85,0,89,20,16,123,0,159,126,0,126,285
05/15/2021,STS,CA,AWP,WE,Towers with Radar,16,14,28,0,58,0,6,128,0,134,16,20,156,0,192,62,0,62,254
05/16/2021,STS,CA,AWP,WE,Towers with Radar,20,24,36,0,80,0,5,65,0,70,20,29,101,0,150,42,0,42,192
05/17/2021,STS,CA,AWP,WE,Towers with Radar,19,16,29,0,64,0,1,90,0,91,19,17,119,0,155,70,0,70,225
05/18/2021,STS,CA,AWP,WE,Towers with Radar,20,9,14,1,44,0,8,116,6,130,20,17,130,7,174,40,0,40,214
05/19/2021,STS,CA,AWP,WE,Towers with Radar,20,13,17,0,50,0,19,101,0,120,20,32,118,0,170,56,0,56,226
05/20/2021,STS,CA,AWP,WE,Towers with Radar,20,14,24,0,58,0,8,80,2,90,20,22,104,2,148,52,0,52,200
05/21/2021,STS,CA,AWP,WE,Towers with Radar,20,15,34,0,69,0,10,103,0,113,20,25,137,0,182,88,0,88,270
05/22/2021,STS,CA,AWP,WE,Towers with Radar,20,10,17,0,47,0,4,142,0,146,20,14,159,0,193,76,0,76,269
05/23/2021,STS,CA,AWP,WE,Towers with Radar,20,25,33,0,78,0,7,118,0,125,20,32,151,0,203,122,0,122,325
05/24/2021,STS,CA,AWP,WE,Towers with Radar,19,13,30,0,62,0,11,120,0,131,19,24,150,0,193,104,0,104,297
05/25/2021,STS,CA,AWP,WE,Towers with Radar,20,14,13,0,47,0,4,120,0,124,20,18,133,0,171,102,0,102,273
05/26/2021,STS,CA,AWP,WE,Towers with Radar,20,7,15,0,42,0,17,181,1,199,20,24,196,1,241,110,0,110,351
05/27/2021,STS,CA,AWP,WE,Towers with Radar,20,15,25,0,60,0,19,130,0,149,20,34,155,0,209,140,0,140,349
05/28/2021,STS,CA,AWP,WE,Towers with Radar,20,20,32,0,72,0,8,136,1,145,20,28,168,1,217,104,0,104,321
05/29/2021,STS,CA,AWP,WE,Towers with Radar,20,17,20,0,57,0,9,118,1,128,20,26,138,1,185,70,0,70,255
05/30/2021,STS,CA,AWP,WE,Towers with Radar,18,9,8,0,35,0,5,114,2,121,18,14,122,2,156,104,0,104,260
05/31/2021,STS,CA,AWP,WE,Towers with Radar,20,20,30,0,70,6,9,112,0,127,26,29,142,0,197,134,0,134,331
06/01/2021,STS,CA,AWP,WE,Towers with Radar,21,22,16,0,59,0,29,121,0,150,21,51,137,0,209,128,0,128,337
06/02/2021,STS,CA,AWP,WE,Towers with Radar,21,8,34,0,63,0,9,103,0,112,21,17,137,0,175,150,0,150,325
06/03/2021,STS,CA,AWP,WE,Towers with Radar,22,16,25,0,63,0,12,140,1,153,22,28,165,1,216,84,0,84,300
06/04/2021,STS,CA,AWP,WE,Towers with Radar,22,5,30,1,58,0,18,99,2,119,22,23,129,3,177,98,0,98,275
06/05/2021,STS,CA,AWP,WE,Towers with Radar,23,19,18,0,60,0,10,112,3,125,23,29,130,3,185,66,0,66,251
06/06/2021,STS,CA,AWP,WE,Towers with Radar,22,21,37,0,80,0,10,109,0,119,22,31,146,0,199,72,0,72,271
06/07/2021,STS,CA,AWP,WE,Towers with Radar,22,15,29,0,66,0,11,74,2,87,22,26,103,2,153,98,0,98,251
06/08/2021,STS,CA,AWP,WE,Towers with Radar,22,13,22,0,57,0,12,89,0,101,22,25,111,0,158,72,0,72,230
06/09/2021,STS,CA,AWP,WE,Towers with Radar,22,12,22,0,56,0,6,74,3,83,22,18,96,3,139,92,0,92,231
06/10/2021,STS,CA,AWP,WE,Towers with Radar,22,17,18,0,57,0,6,127,3,136,22,23,145,3,193,144,0,144,337
06/11/2021,STS,CA,AWP,WE,Towers with Radar,22,11,34,0,67,0,20,122,0,142,22,31,156,0,209,156,0,156,365
06/12/2021,STS,CA,AWP,WE,Towers with Radar,24,13,20,0,57,0,18,95,0,113,24,31,115,0,170,130,0,130,300
06/13/2021,STS,CA,AWP,WE,Towers with Radar,21,19,22,0,62,0,21,105,0,126,21,40,127,0,188,82,0,82,270
06/14/2021,STS,CA,AWP,WE,Towers with Radar,22,17,17,0,56,0,22,60,0,82,22,39,77,0,138,62,0,62,200
06/15/2021,STS,CA,AWP,WE,Towers with Radar,21,20,18,2,61,0,12,98,0,110,21,32,116,2,171,88,0,88,259
06/16/2021,STS,CA,AWP,WE,Towers with Radar,24,16,16,0,56,0,18,106,0,124,24,34,122,0,180,70,0,70,250
06/17/2021,STS,CA,AWP,WE,Towers with Radar,20,9,34,2,65,0,13,84,12,109,20,22,118,14,174,80,0,80,254
06/18/2021,STS,CA,AWP,WE,Towers with Radar,21,5,36,0,62,0,13,85,0,98,21,18,121,0,160,166,0,166,326
06/19/2021,STS,CA,AWP,WE,Towers with Radar,23,12,20,0,55,0,18,104,0,122,23,30,124,0,177,112,0,112,289
06/20/2021,STS,CA,AWP,WE,Towers with Radar,21,12,18,0,51,0,12,98,0,110,21,24,116,0,161,86,0,86,247
06/21/2021,STS,CA,AWP,WE,Towers with Radar,20,17,31,0,68,0,28,93,1,122,20,45,124,1,190,150,0,150,340
06/22/2021,STS,CA,AWP,WE,Towers with Radar,21,11,38,2,72,0,8,62,1,71,21,19,100,3,143,136,0,136,279
06/23/2021,STS,CA,AWP,WE,Towers with Radar,21,13,28,0,62,0,21,89,1,111,21,34,117,1,173,74,0,74,247
06/24/2021,STS,CA,AWP,WE,Towers with Radar,22,20,25,1,68,0,8,94,2,104,22,28,119,3,172,126,0,126,298
06/25/2021,STS,CA,AWP,WE,Towers with Radar,21,10,34,0,65,0,25,84,0,109,21,35,118,0,174,68,0,68,242
06/26/2021,STS,CA,AWP,WE,Towers with Radar,23,6,15,0,44,0,8,99,0,107,23,14,114,0,151,114,0,114,265
06/27/2021,STS,CA,AWP,WE,Towers with Radar,18,14,29,0,61,0,21,98,0,119,18,35,127,0,180,122,0,122,302
06/28/2021,STS,CA,AWP,WE,Towers with Radar,20,18,21,1,60,0,4,100,1,105,20,22,121,2,165,110,0,110,275
06/29/2021,STS,CA,AWP,WE,Towers with Radar,22,14,21,0,57,0,14,106,0,120,22,28,127,0,177,192,0,192,369
06/30/2021,STS,CA,AWP,WE,Towers with Radar,21,11,27,0,59,0,13,101,0,114,21,24,128,0,173,130,0,130,303
07/01/2021,STS,CA,AWP,WE,Towers with Radar,21,24,26,0,71,0,8,82,0,90,21,32,108,0,161,72,0,72,233
07/02/2021,STS,CA,AWP,WE,Towers with Radar,20,17,28,0,65,0,17,119,0,136,20,34,147,0,201,146,0,146,347
07/03/2021,STS,CA,AWP,WE,Towers with Radar,20,7,24,0,51,0,10,75,0,85,20,17,99,0,136,116,0,116,252
07/04/2021,STS,CA,AWP,WE,Towers with Radar,22,5,17,0,44,0,25,80,0,105,22,30,97,0,149,24,0,24,173
07/05/2021,STS,CA,AWP,WE,Towers with Radar,22,11,26,0,59,0,15,106,0,121,22,26,132,0,180,100,0,100,280
07/06/2021,STS,CA,AWP,WE,Towers with Radar,22,21,33,0,76,0,5,72,0,77,22,26,105,0,153,124,0,124,277
07/07/2021,STS,CA,AWP,WE,Towers with Radar,21,12,30,0,63,0,22,89,2,113,21,34,119,2,176,90,0,90,266
07/08/2021,STS,CA,AWP,WE,Towers with Radar,21,24,35,0,80,0,11,124,0,135,21,35,159,0,215,136,0,136,351
07/09/2021,STS,CA,AWP,WE,Towers with Radar,19,22,19,0,60,0,26,140,0,166,19,48,159,0,226,152,0,152,378
07/10/2021,STS,CA,AWP,WE,Towers with Radar,22,7,18,0,47,3,10,100,0,113,25,17,118,0,160,142,0,142,302
07/11/2021,STS,CA,AWP,WE,Towers with Radar,22,26,40,0,88,0,16,122,0,138,22,42,162,0,226,92,0,92,318
07/12/2021,STS,CA,AWP,WE,Towers with Radar,22,21,37,0,80,0,6,71,0,77,22,27,108,0,157,110,0,110,267
07/13/2021,STS,CA,AWP,WE,Towers with Radar,19,21,22,0,62,0,14,110,0,124,19,35,132,0,186,96,0,96,282
07/14/2021,STS,CA,AWP,WE,Towers with Radar,19,15,43,0,77,0,26,98,1,125,19,41,141,1,202,76,0,76,278
07/15/2021,STS,CA,AWP,WE,Towers with Radar,22,22,30,0,74,0,17,101,2,120,22,39,131,2,194,148,0,148,342
07/16/2021,STS,CA,AWP,WE,Towers with Radar,21,22,27,4,74,0,14,102,2,118,21,36,129,6,192,156,0,156,348
07/17/2021,STS,CA,AWP,WE,Towers with Radar,19,8,17,0,44,0,15,137,0,152,19,23,154,0,196,156,0,156,352
07/18/2021,STS,CA,AWP,WE,Towers with Radar,21,30,41,0,92,0,35,126,0,161,21,65,167,0,253,54,0,54,307
07/19/2021,STS,CA,AWP,WE,Towers with Radar,21,22,23,0,66,0,11,103,4,118,21,33,126,4,184,72,0,72,256
07/20/2021,STS,CA,AWP,WE,Towers with Radar,21,14,20,0,55,0,22,96,0,118,21,36,116,0,173,110,0,110,283
07/21/2021,STS,CA,AWP,WE,Towers with Radar,19,22,33,0,74,0,21,121,0,142,19,43,154,0,216,82,0,82,298
07/22/2021,STS,CA,AWP,WE,Towers with Radar,20,36,41,0,97,0,9,115,0,124,20,45,156,0,221,94,2,96,317
07/23/2021,STS,CA,AWP,WE,Towers with Radar,23,27,21,0,71,0,25,159,0,184,23,52,180,0,255,90,0,90,345
07/24/2021,STS,CA,AWP,WE,Towers with Radar,20,21,13,0,54,0,14,116,0,130,20,35,129,0,184,100,0,100,284
07/25/2021,STS,CA,AWP,WE,Towers with Radar,22,33,45,0,100,0,10,122,0,132,22,43,167,0,232,68,0,68,300
07/26/2021,STS,CA,AWP,WE,Towers with Radar,19,23,32,0,74,0,8,99,0,107,19,31,131,0,181,120,0,120,301
07/27/2021,STS,CA,AWP,WE,Towers with Radar,19,14,22,2,57,0,17,103,0,120,19,31,125,2,177,96,0,96,273
07/28/2021,STS,CA,AWP,WE,Towers with Radar,19,22,38,1,80,0,13,110,1,124,19,35,148,2,204,62,0,62,266
07/29/2021,STS,CA,AWP,WE,Towers with Radar,20,28,29,0,77,0,19,99,3,121,20,47,128,3,198,96,0,96,294
07/30/2021,STS,CA,AWP,WE,Towers with Radar,21,19,41,0,81,0,36,86,4,126,21,55,127,4,207,100,0,100,307
07/31/2021,STS,CA,AWP,WE,Towers with Radar,34,23,22,1,80,0,13,135,3,151,34,36,157,4,231,72,0,72,303
08/01/2021,STS,CA,AWP,WE,Towers with Radar,22,33,42,0,97,0,25,109,0,134,22,58,151,0,231,104,0,104,335
08/02/2021,STS,CA,AWP,WE,Towers with Radar,23,15,27,0,65,0,5,117,0,122,23,20,144,0,187,106,0,106,293
08/03/2021,STS,CA,AWP,WE,Towers with Radar,21,11,23,0,55,0,19,89,0,108,21,30,112,0,163,78,0,78,241
08/04/2021,STS,CA,AWP,WE,Towers with Radar,20,18,37,2,77,0,15,61,0,76,20,33,98,2,153,62,0,62,215
08/05/2021,STS,CA,AWP,WE,Towers with Radar,23,28,33,2,86,0,17,56,0,73,23,45,89,2,159,62,0,62,221
08/06/2021,STS,CA,AWP,WE,Towers with Radar,22,26,43,0,91,0,8,47,2,57,22,34,90,2,148,88,0,88,236
08/07/2021,STS,CA,AWP,WE,Towers with Radar,23,19,36,3,81,0,21,69,0,90,23,40,105,3,171,118,0,118,289
08/08/2021,STS,CA,AWP,WE,Towers with Radar,23,24,26,0,73,0,10,93,0,103,23,34,119,0,176,126,0,126,302
08/09/2021,STS,CA,AWP,WE,Towers with Radar,23,11,17,0,51,0,20,125,0,145,23,31,142,0,196,56,0,56,252
08/10/2021,STS,CA,AWP,WE,Towers with Radar,21,12,22,1,56,0,22,96,1,119,21,34,118,2,175,68,0,68,243
08/11/2021,STS,CA,AWP,WE,Towers with Radar,22,20,19,0,61,0,24,111,0,135,22,44,130,0,196,108,0,108,304
08/12/2021,STS,CA,AWP,WE,Towers with Radar,23,8,36,0,67,0,8,72,0,80,23,16,108,0,147,124,0,124,271
08/13/2021,STS,CA,AWP,WE,Towers with Radar,26,16,26,0,68,0,42,115,0,157,26,58,141,0,225,110,0,110,335
08/14/2021,STS,CA,AWP,WE,Towers with Radar,23,14,28,0,65,0,17,89,0,106,23,31,117,0,171,132,0,132,303
08/15/2021,STS,CA,AWP,WE,Towers with Radar,23,12,25,0,60,0,18,86,0,104,23,30,111,0,164,46,0,46,210
08/16/2021,STS,CA,AWP,WE,Towers with Radar,22,7,22,0,51,0,10,84,0,94,22,17,106,0,145,94,0,94,239
08/17/2021,STS,CA,AWP,WE,Towers with Radar,20,9,22,0,51,0,6,109,0,115,20,15,131,0,166,178,0,178,344
08/18/2021,STS,CA,AWP,WE,Towers with Radar,23,13,41,0,77,0,56,79,0,135,23,69,120,0,212,62,0,62,274
08/19/2021,STS,CA,AWP,WE,Towers with Radar,23,24,43,0,90,0,6,91,3,100,23,30,134,3,190,96,8,104,294
08/20/2021,STS,CA,AWP,WE,Towers with Radar,23,14,40,0,77,0,8,54,0,62,23,22,94,0,139,128,0,128,267
08/21/2021,STS,CA,AWP,WE,Towers with Radar,22,20,43,0,85,0,1,37,0,38,22,21,80,0,123,78,0,78,201
08/22/2021,STS,CA,AWP,WE,Towers with Radar,23,18,29,0,70,0,4,57,0,61,23,22,86,0,131,106,0,106,237
08/23/2021,STS,CA,AWP,WE,Towers with Radar,23,21,30,0,74,0,3,73,0,76,23,24,103,0,150,46,0,46,196
08/24/2021,STS,CA,AWP,WE,Towers with Radar,20,16,28,0,64,0,8,104,0,112,20,24,132,0,176,72,0,72,248
08/25/2021,STS,CA,AWP,WE,Towers with Radar,21,17,32,0,70,0,7,99,2,108,21,24,131,2,178,74,0,74,252
08/26/2021,STS,CA,AWP,WE,Towers with Radar,23,23,18,0,64,0,13,97,1,111,23,36,115,1,175,108,0,108,283
08/27/2021,STS,CA,AWP,WE,Towers with Radar,25,12,31,0,68,0,17,89,4,110,25,29,120,4,178,126,0,126,304
08/28/2021,STS,CA,AWP,WE,Towers with Radar,21,18,9,0,48,0,17,61,0,78,21,35,70,0,126,96,0,96,222
08/29/2021,STS,CA,AWP,WE,Towers with Radar,23,24,33,0,80,0,8,68,0,76,23,32,101,0,156,66,0,66,222
08/30/2021,STS,CA,AWP,WE,Towers with Radar,23,9,38,0,70,0,6,74,0,80,23,15,112,0,150,44,26,70,220
08/31/2021,STS,CA,AWP,WE,Towers with Radar,25,19,16,0,60,0,27,129,0,156,25,46,145,0,216,84,0,84,300
09/01/2021,STS,CA,AWP,WE,Towers with Radar,18,18,41,0,77,0,13,81,0,94,18,31,122,0,171,68,0,68,239
09/02/2021,STS,CA,AWP,WE,Towers with Radar,23,11,28,0,62,0,18,86,4,108,23,29,114,4,170,70,0,70,240
09/03/2021,STS,CA,AWP,WE,Towers with Radar,22,22,36,0,80,0,15,83,0,98,22,37,119,0,178,34,0,34,212
09/04/2021,STS,CA,AWP,WE,Towers with Radar,25,10,17,0,52,0,18,76,0,94,25,28,93,0,146,120,0,120,266
09/05/2021,STS,CA,AWP,WE,Towers with Radar,22,14,16,0,52,0,16,91,2,109,22,30,107,2,161,60,0,60,221
09/06/2021,STS,CA,AWP,WE,Towers with Radar,22,20,22,0,64,0,15,116,0,131,22,35,138,0,195,48,0,48,243
09/07/2021,STS,CA,AWP,WE,Towers with Radar,20,16,24,0,60,0,9,83,0,92,20,25,107,0,152,66,0,66,218
09/08/2021,STS,CA,AWP,WE,Towers with Radar,17,12,18,0,47,0,18,87,0,105,17,30,105,0,152,80,0,80,232
09/09/2021,STS,CA,AWP,WE,Towers with Radar,30,16,20,0,66,0,9,104,3,116,30,25,124,3,182,70,8,78,260
09/10/2021,STS,CA,AWP,WE,Towers with Radar,26,12,49,0,87,0,15,100,0,115,26,27,149,0,202,82,0,82,284
09/11/2021,STS,CA,AWP,WE,Towers with Radar,19,10,22,0,51,0,13,120,0,133,19,23,142,0,184,34,0,34,218
09/12/2021,STS,CA,AWP,WE,Towers with Radar,27,20,24,0,71,0,22,109,0,131,27,42,133,0,202,46,0,46,248
09/13/2021,STS,CA,AWP,WE,Towers with Radar,26,12,30,0,68,0,23,104,0,127,26,35,134,0,195,152,0,152,347
09/14/2021,STS,CA,AWP,WE,Towers with Radar,0,0,0,0,0,0,0,0,0,0,0,0,0,0,0,0,0,0,0
09/15/2021,STS,CA,AWP,WE,Towers with Radar,0,0,0,0,0,0,0,0,0,0,0,0,0,0,0,0,0,0,0
09/16/2021,STS,CA,AWP,WE,Towers with Radar,30,19,41,0,90,0,7,83,0,90,30,26,124,0,180,52,0,52,232
09/17/2021,STS,CA,AWP,WE,Towers with Radar,31,26,41,0,98,0,8,78,0,86,31,34,119,0,184,138,0,138,322
09/18/2021,STS,CA,AWP,WE,Towers with Radar,20,16,55,0,91,0,0,1,0,1,20,16,56,0,92,0,0,0,92
09/19/2021,STS,CA,AWP,WE,Towers with Radar,30,27,33,0,90,0,7,106,0,113,30,34,139,0,203,50,0,50,253
09/20/2021,STS,CA,AWP,WE,Towers with Radar,28,5,27,0,60,0,10,124,3,137,28,15,151,3,197,68,0,68,265
09/21/2021,STS,CA,AWP,WE,Towers with Radar,20,16,16,1,53,0,30,97,6,133,20,46,113,7,186,64,4,68,254
09/22/2021,STS,CA,AWP,WE,Towers with Radar,17,24,24,0,65,0,17,128,0,145,17,41,152,0,210,100,0,100,310
09/23/2021,STS,CA,AWP,WE,Towers with Radar,29,19,49,0,97,0,8,86,0,94,29,27,135,0,191,90,0,90,281
09/24/2021,STS,CA,AWP,WE,Towers with Radar,28,16,21,4,69,0,12,152,0,164,28,28,173,4,233,122,0,122,355
09/25/2021,STS,CA,AWP,WE,Towers with Radar,19,17,30,2,68,0,13,102,0,115,19,30,132,2,183,88,0,88,271
09/26/2021,STS,CA,AWP,WE,Towers with Radar,30,17,29,0,76,0,10,113,0,123,30,27,142,0,199,28,0,28,227
09/27/2021,STS,CA,AWP,WE,Towers with Radar,30,20,47,3,100,0,2,30,1,33,30,22,77,4,133,108,0,108,241
09/28/2021,STS,CA,AWP,WE,Towers with Radar,17,15,18,1,51,0,6,137,0,143,17,21,155,1,194,136,0,136,330
09/29/2021,STS,CA,AWP,WE,Towers with Radar,17,11,22,0,50,0,6,130,0,136,17,17,152,0,186,104,0,104,290
09/30/2021,STS,CA,AWP,WE,Towers with Radar,29,14,26,1,70,0,15,127,2,144,29,29,153,3,214,70,0,70,284
10/01/2021,STS,CA,AWP,WE,Towers with Radar,31,21,24,0,76,0,12,154,0,166,31,33,178,0,242,136,0,136,378
10/02/2021,STS,CA,AWP,WE,Towers with Radar,21,11,15,0,47,0,17,123,0,140,21,28,138,0,187,92,0,92,279
10/03/2021,STS,CA,AWP,WE,Towers with Radar,30,22,22,0,74,0,10,115,0,125,30,32,137,0,199,82,0,82,281
10/04/2021,STS,CA,AWP,WE,Towers with Radar,32,15,22,0,69,0,20,95,0,115,32,35,117,0,184,144,0,144,328
10/05/2021,STS,CA,AWP,WE,Towers with Radar,17,13,32,0,62,0,10,103,0,113,17,23,135,0,175,96,0,96,271
10/06/2021,STS,CA,AWP,WE,Towers with Radar,18,22,37,0,77,0,8,93,2,103,18,30,130,2,180,128,0,128,308
10/07/2021,STS,CA,AWP,WE,Towers with Radar,27,24,46,0,97,0,11,92,0,103,27,35,138,0,200,126,0,126,326
10/08/2021,STS,CA,AWP,WE,Towers with Radar,28,18,51,0,97,0,9,99,0,108,28,27,150,0,205,116,0,116,321
10/09/2021,STS,CA,AWP,WE,Towers with Radar,15,15,15,0,45,0,9,129,0,138,15,24,144,0,183,116,0,116,299
10/10/2021,STS,CA,AWP,WE,Towers with Radar,28,25,27,0,80,0,7,119,0,126,28,32,146,0,206,96,0,96,302
10/11/2021,STS,CA,AWP,WE,Towers with Radar,31,17,21,2,71,0,14,56,0,70,31,31,77,2,141,62,0,62,203
10/12/2021,STS,CA,AWP,WE,Towers with Radar,18,20,15,0,53,0,18,92,0,110,18,38,107,0,163,46,0,46,209
10/13/2021,STS,CA,AWP,WE,Towers with Radar,17,23,30,0,70,0,6,87,0,93,17,29,117,0,163,124,0,124,287
10/14/2021,STS,CA,AWP,WE,Towers with Radar,26,18,40,2,86,0,11,113,0,124,26,29,153,2,210,62,0,62,272
10/15/2021,STS,CA,AWP,WE,Towers with Radar,32,24,21,0,77,0,15,116,0,131,32,39,137,0,208,160,0,160,368
10/16/2021,STS,CA,AWP,WE,Towers with Radar,15,16,13,2,46,0,9,148,0,157,15,25,161,2,203,62,0,62,265
10/17/2021,STS,CA,AWP,WE,Towers with Radar,27,30,40,0,97,0,5,31,0,36,27,35,71,0,133,26,0,26,159
10/18/2021,STS,CA,AWP,WE,Towers with Radar,26,19,29,0,74,0,4,80,0,84,26,23,109,0,158,124,0,124,282
10/19/2021,STS,CA,AWP,WE,Towers with Radar,18,12,20,0,50,0,2,60,0,62,18,14,80,0,112,132,0,132,244
10/20/2021,STS,CA,AWP,WE,Towers with Radar,25,30,34,0,89,0,0,0,0,0,25,30,34,0,89,0,0,0,89
10/21/2021,STS,CA,AWP,WE,Towers with Radar,22,23,43,0,88,0,0,0,0,0,22,23,43,0,88,0,0,0,88
10/22/2021,STS,CA,AWP,WE,Towers with Radar,25,26,35,8,94,0,10,60,6,76,25,36,95,14,170,146,0,146,316
10/23/2021,STS,CA,AWP,WE,Towers with Radar,17,14,44,0,75,0,3,1,0,4,17,17,45,0,79,4,0,4,83
10/24/2021,STS,CA,AWP,WE,Towers with Radar,13,10,12,0,35,0,0,0,0,0,13,10,12,0,35,0,0,0,35
10/25/2021,STS,CA,AWP,WE,Towers with Radar,32,20,22,0,74,0,6,34,0,40,32,26,56,0,114,88,0,88,202
10/26/2021,STS,CA,AWP,WE,Towers with Radar,17,15,47,0,79,0,0,0,0,0,17,15,47,0,79,4,0,4,83
10/27/2021,STS,CA,AWP,WE,Towers with Radar,17,22,38,0,77,0,7,72,0,79,17,29,110,0,156,82,0,82,238
10/28/2021,STS,CA,AWP,WE,Towers with Radar,27,9,29,0,65,0,7,120,0,127,27,16,149,0,192,144,0,144,336
10/29/2021,STS,CA,AWP,WE,Towers with Radar,32,14,24,0,70,0,13,151,0,164,32,27,175,0,234,196,0,196,430
10/30/2021,STS,CA,AWP,WE,Towers with Radar,15,21,32,0,68,0,5,5,0,10,15,26,37,0,78,0,0,0,78
10/31/2021,STS,CA,AWP,WE,Towers with Radar,26,11,33,0,70,0,2,8,0,10,26,13,41,0,80,6,0,6,86
11/01/2021,STS,CA,AWP,WE,Towers with Radar,29,16,35,0,80,0,1,1,0,2,29,17,36,0,82,4,0,4,86
11/02/2021,STS,CA,AWP,WE,Towers with Radar,15,16,32,0,63,0,8,64,0,72,15,24,96,0,135,128,0,128,263
11/03/2021,STS,CA,AWP,WE,Towers with Radar,16,9,16,0,41,0,8,119,2,129,16,17,135,2,170,148,0,148,318
11/04/2021,STS,CA,AWP,WE,Towers with Radar,28,11,30,0,69,0,7,85,3,95,28,18,115,3,164,272,0,272,436
11/05/2021,STS,CA,AWP,WE,Towers with Radar,29,17,25,0,71,0,9,114,0,123,29,26,139,0,194,138,0,138,332
11/06/2021,STS,CA,AWP,WE,Towers with Radar,18,12,18,0,48,0,12,68,4,84,18,24,86,4,132,172,0,172,304
11/07/2021,STS,CA,AWP,WE,Towers with Radar,25,22,26,0,73,0,14,199,0,213,25,36,225,0,286,110,0,110,396
11/08/2021,STS,CA,AWP,WE,Towers with Radar,26,15,32,0,73,0,4,69,0,73,26,19,101,0,146,68,0,68,214
11/09/2021,STS,CA,AWP,WE,Towers with Radar,17,16,37,0,70,0,1,0,0,1,17,17,37,0,71,0,0,0,71
11/10/2021,STS,CA,AWP,WE,Towers with Radar,16,14,41,0,71,0,5,75,0,80,16,19,116,0,151,86,0,86,237
11/11/2021,STS,CA,AWP,WE,Towers with Radar,27,30,28,0,85,0,13,157,0,170,27,43,185,0,255,134,0,134,389
11/12/2021,STS,CA,AWP,WE,Towers with Radar,31,8,37,0,76,0,8,85,0,93,31,16,122,0,169,198,0,198,367
11/13/2021,STS,CA,AWP,WE,Towers with Radar,16,14,22,0,52,0,5,128,0,133,16,19,150,0,185,42,0,42,227
11/14/2021,STS,CA,AWP,WE,Towers with Radar,25,34,36,0,95,0,8,50,0,58,25,42,86,0,153,122,0,122,275
11/15/2021,STS,CA,AWP,WE,Towers with Radar,26,17,38,0,81,0,0,10,0,10,26,17,48,0,91,14,0,14,105
11/16/2021,STS,CA,AWP,WE,Towers with Radar,16,11,33,0,60,0,7,109,0,116,16,18,142,0,176,94,0,94,270
11/17/2021,STS,CA,AWP,WE,Towers with Radar,14,10,18,0,42,0,5,108,0,113,14,15,126,0,155,120,0,120,275
11/18/2021,STS,CA,AWP,WE,Towers with Radar,26,7,31,0,64,0,12,80,0,92,26,19,111,0,156,154,0,154,310
11/19/2021,STS,CA,AWP,WE,Towers with Radar,22,41,48,4,115,0,2,6,0,8,22,43,54,4,123,2,0,2,125
11/20/2021,STS,CA,AWP,WE,Towers with Radar,16,23,20,1,60,0,21,122,0,143,16,44,142,1,203,85,0,85,288
11/21/2021,STS,CA,AWP,WE,Towers with Radar,22,8,21,0,51,0,13,142,0,155,22,21,163,0,206,98,0,98,304
11/22/2021,STS,CA,AWP,WE,Towers with Radar,21,11,9,5,46,0,22,147,6,175,21,33,156,11,221,116,4,120,341
11/23/2021,STS,CA,AWP,WE,Towers with Radar,16,21,23,2,62,0,14,131,0,145,16,35,154,2,207,106,0,106,313
11/24/2021,STS,CA,AWP,WE,Towers with Radar,17,18,38,0,73,1,13,104,0,118,18,31,142,0,191,64,0,64,255
11/25/2021,STS,CA,AWP,WE,Towers with Radar,17,3,4,0,24,0,2,36,0,38,17,5,40,0,62,32,0,32,94
11/26/2021,STS,CA,AWP,WE,Towers with Radar,22,6,11,0,39,0,15,135,0,150,22,21,146,0,189,130,0,130,319
11/27/2021,STS,CA,AWP,WE,Towers with Radar,20,16,39,0,75,0,8,123,0,131,20,24,162,0,206,80,0,80,286
11/28/2021,STS,CA,AWP,WE,Towers with Radar,23,26,25,0,74,0,46,112,0,158,23,72,137,0,232,78,0,78,310
11/29/2021,STS,CA,AWP,WE,Towers with Radar,22,14,15,2,53,0,10,123,6,139,22,24,138,8,192,164,0,164,356
11/30/2021,STS,CA,AWP,WE,Towers with Radar,17,10,22,0,49,0,7,141,0,148,17,17,163,0,197,68,0,68,265
12/01/2021,STS,CA,AWP,WE,Towers with Radar,18,11,18,0,47,0,10,120,0,130,18,21,138,0,177,186,0,186,363
12/02/2021,STS,CA,AWP,WE,Towers with Radar,20,11,23,0,54,0,6,116,4,126,20,17,139,4,180,138,0,138,318
12/03/2021,STS,CA,AWP,WE,Towers with Radar,20,13,36,2,71,0,0,2,0,2,20,13,38,2,73,0,0,0,73
12/04/2021,STS,CA,AWP,WE,Towers with Radar,16,9,28,0,53,0,0,0,0,0,16,9,28,0,53,12,0,12,65
12/05/2021,STS,CA,AWP,WE,Towers with Radar,25,12,23,0,60,0,9,110,0,119,25,21,133,0,179,112,0,112,291
12/06/2021,STS,CA,AWP,WE,Towers with Radar,22,13,31,0,66,0,0,0,0,0,22,13,31,0,66,0,0,0,66
12/07/2021,STS,CA,AWP,WE,Towers with Radar,22,20,34,6,82,0,6,69,0,75,22,26,103,6,157,64,0,64,221
12/08/2021,STS,CA,AWP,WE,Towers with Radar,16,15,33,1,65,0,0,7,0,7,16,15,40,1,72,10,0,10,82
12/09/2021,STS,CA,AWP,WE,Towers with Radar,23,16,28,2,69,0,8,118,1,127,23,24,146,3,196,146,16,162,358
12/10/2021,STS,CA,AWP,WE,Towers with Radar,20,15,26,0,61,0,13,163,2,178,20,28,189,2,239,242,0,242,481
12/11/2021,STS,CA,AWP,WE,Towers with Radar,16,11,12,0,39,0,1,126,0,127,16,12,138,0,166,164,0,164,330
12/12/2021,STS,CA,AWP,WE,Towers with Radar,25,16,25,0,66,0,0,0,0,0,25,16,25,0,66,0,0,0,66
12/13/2021,STS,CA,AWP,WE,Towers with Radar,19,6,20,0,45,0,1,0,0,1,19,7,20,0,46,0,0,0,46
12/14/2021,STS,CA,AWP,WE,Towers with Radar,22,6,25,0,53,0,5,87,0,92,22,11,112,0,145,158,0,158,303
12/15/2021,STS,CA,AWP,WE,Towers with Radar,16,14,28,2,60,0,1,2,0,3,16,15,30,2,63,2,0,2,65
12/16/2021,STS,CA,AWP,WE,Towers with Radar,20,13,25,1,59,0,3,82,2,87,20,16,107,3,146,100,0,100,246
12/17/2021,STS,CA,AWP,WE,Towers with Radar,21,23,28,0,72,0,13,132,0,145,21,36,160,0,217,162,0,162,379
12/18/2021,STS,CA,AWP,WE,Towers with Radar,25,27,21,0,73,0,5,85,0,90,25,32,106,0,163,96,0,96,259
12/19/2021,STS,CA,AWP,WE,Towers with Radar,17,25,46,0,88,0,4,30,0,34,17,29,76,0,122,88,0,88,210
12/20/2021,STS,CA,AWP,WE,Towers with Radar,21,24,24,0,69,0,2,39,0,41,21,26,63,0,110,102,0,102,212
12/21/2021,STS,CA,AWP,WE,Towers with Radar,14,11,17,0,42,0,3,24,0,27,14,14,41,0,69,10,0,10,79
12/22/2021,STS,CA,AWP,WE,Towers with Radar,14,10,31,0,55,0,0,0,0,0,14,10,31,0,55,0,0,0,55
12/23/2021,STS,CA,AWP,WE,Towers with Radar,23,24,17,0,64,0,1,4,0,5,23,25,21,0,69,10,0,10,79
12/24/2021,STS,CA,AWP,WE,Towers with Radar,20,8,7,0,35,0,6,58,4,68,20,14,65,4,103,46,0,46,149
12/25/2021,STS,CA,AWP,WE,Towers with Radar,16,9,3,0,28,0,0,4,0,4,16,9,7,0,32,0,0,0,32
12/26/2021,STS,CA,AWP,WE,Towers with Radar,15,16,16,0,47,0,1,8,0,9,15,17,24,0,56,4,0,4,60
12/27/2021,STS,CA,AWP,WE,Towers with Radar,17,13,20,0,50,0,2,31,0,33,17,15,51,0,83,56,0,56,139
12/28/2021,STS,CA,AWP,WE,Towers with Radar,11,16,26,0,53,0,2,6,0,8,11,18,32,0,61,14,0,14,75
12/29/2021,STS,CA,AWP,WE,Towers with Radar,13,5,25,0,43,0,1,30,0,31,13,6,55,0,74,90,0,90,164
12/30/2021,STS,CA,AWP,WE,Towers with Radar,21,18,26,0,65,0,7,94,1,102,21,25,120,1,167,114,0,114,281
12/31/2021,STS,CA,AWP,WE,Towers with Radar,18,10,18,0,46,0,13,132,0,145,18,23,150,0,191,122,0,122,313
01/01/2022,STS,CA,AWP,WE,Towers with Radar,17,13,9,0,39,1,9,141,0,151,18,22,150,0,190,76,0,76,266
01/02/2022,STS,CA,AWP,WE,Towers with Radar,15,11,42,0,68,0,8,125,0,133,15,19,167,0,201,142,0,142,343
01/03/2022,STS,CA,AWP,WE,Towers with Radar,20,11,29,0,60,0,0,0,0,0,20,11,29,0,60,2,0,2,62
01/04/2022,STS,CA,AWP,WE,Towers with Radar,20,25,26,0,71,0,3,9,0,12,20,28,35,0,83,56,0,56,139
01/05/2022,STS,CA,AWP,WE,Towers with Radar,19,13,18,0,50,0,4,20,0,24,19,17,38,0,74,44,0,44,118
01/06/2022,STS,CA,AWP,WE,Towers with Radar,22,7,39,1,69,0,0,0,0,0,22,7,39,1,69,4,0,4,73
01/07/2022,STS,CA,AWP,WE,Towers with Radar,25,15,28,0,68,0,6,21,0,27,25,21,49,0,95,106,0,106,201
01/08/2022,STS,CA,AWP,WE,Towers with Radar,18,10,17,0,45,0,8,145,11,164,18,18,162,11,209,144,0,144,353
01/09/2022,STS,CA,AWP,WE,Towers with Radar,12,15,22,0,49,0,5,111,0,116,12,20,133,0,165,132,0,132,297
01/10/2022,STS,CA,AWP,WE,Towers with Radar,20,7,16,0,43,0,1,100,0,101,20,8,116,0,144,80,0,80,224
01/11/2022,STS,CA,AWP,WE,Towers with Radar,19,9,15,0,43,0,7,109,2,118,19,16,124,2,161,178,0,178,339
01/12/2022,STS,CA,AWP,WE,Towers with Radar,19,8,18,1,46,0,9,105,4,118,19,17,123,5,164,154,0,154,318
01/13/2022,STS,CA,AWP,WE,Towers with Radar,24,5,26,0,55,0,12,83,0,95,24,17,109,0,150,116,0,116,266
01/14/2022,STS,CA,AWP,WE,Towers with Radar,21,15,28,0,64,0,21,123,0,144,21,36,151,0,208,104,0,104,312
01/15/2022,STS,CA,AWP,WE,Towers with Radar,15,11,21,0,47,0,9,147,0,156,15,20,168,0,203,90,0,90,293
01/16/2022,STS,CA,AWP,WE,Towers with Radar,21,3,17,0,41,0,13,125,0,138,21,16,142,0,179,46,0,46,225
01/17/2022,STS,CA,AWP,WE,Towers with Radar,21,16,24,0,61,0,8,116,0,124,21,24,140,0,185,92,0,92,277
01/18/2022,STS,CA,AWP,WE,Towers with Radar,24,12,21,0,57,0,2,54,1,57,24,14,75,1,114,90,0,90,204
01/19/2022,STS,CA,AWP,WE,Towers with Radar,16,11,13,0,40,0,10,96,4,110,16,21,109,4,150,170,0,170,320
01/20/2022,STS,CA,AWP,WE,Towers with Radar,21,13,28,2,64,0,7,97,1,105,21,20,125,3,169,92,0,92,261
01/21/2022,STS,CA,AWP,WE,Towers with Radar,22,14,13,0,49,0,21,78,0,99,22,35,91,0,148,104,0,104,252
01/22/2022,STS,CA,AWP,WE,Towers with Radar,17,8,21,1,47,0,2,64,0,66,17,10,85,1,113,142,0,142,255
01/23/2022,STS,CA,AWP,WE,Towers with Radar,22,22,21,0,65,0,2,145,0,147,22,24,166,0,212,86,0,86,298
01/24/2022,STS,CA,AWP,WE,Towers with Radar,19,10,21,0,50,0,7,97,0,104,19,17,118,0,154,78,0,78,232
01/25/2022,STS,CA,AWP,WE,Towers with Radar,24,8,19,1,52,0,5,100,1,106,24,13,119,2,158,180,0,180,338
01/26/2022,STS,CA,AWP,WE,Towers with Radar,15,13,27,0,55,0,13,93,0,106,15,26,120,0,161,158,0,158,319
01/27/2022,STS,CA,AWP,WE,Towers with Radar,11,4,13,0,28,0,5,66,0,71,11,9,79,0,99,86,0,86,185
01/28/2022,STS,CA,AWP,WE,Towers with Radar,21,9,17,1,48,0,12,94,0,106,21,21,111,1,154,102,0,102,256
01/29/2022,STS,CA,AWP,WE,Towers with Radar,18,6,18,0,42,0,9,136,0,145,18,15,154,0,187,112,0,112,299
01/30/2022,STS,CA,AWP,WE,Towers with Radar,26,8,19,0,53,0,15,114,0,129,26,23,133,0,182,100,0,100,282
01/31/2022,STS,CA,AWP,WE,Towers with Radar,22,9,12,0,43,0,5,76,0,81,22,14,88,0,124,78,0,78,202
02/01/2022,STS,CA,AWP,WE,Towers with Radar,24,10,15,0,49,0,7,39,0,46,24,17,54,0,95,36,0,36,131
02/02/2022,STS,CA,AWP,WE,Towers with Radar,16,12,10,1,39,0,7,39,3,49,16,19,49,4,88,22,4,26,114
02/03/2022,STS,CA,AWP,WE,Towers with Radar,21,13,20,1,55,0,9,121,2,132,21,22,141,3,187,168,0,168,355
02/04/2022,STS,CA,AWP,WE,Towers with Radar,18,10,24,1,53,0,14,165,0,179,18,24,189,1,232,120,0,120,352
02/05/2022,STS,CA,AWP,WE,Towers with Radar,15,9,15,0,39,0,7,122,0,129,15,16,137,0,168,82,0,82,250
02/06/2022,STS,CA,AWP,WE,Towers with Radar,22,17,23,0,62,0,4,164,0,168,22,21,187,0,230,60,0,60,290
02/07/2022,STS,CA,AWP,WE,Towers with Radar,18,5,26,0,49,0,5,103,0,108,18,10,129,0,157,136,0,136,293
02/08/2022,STS,CA,AWP,WE,Towers with Radar,25,5,12,0,42,0,5,98,0,103,25,10,110,0,145,126,0,126,271
02/09/2022,STS,CA,AWP,WE,Towers with Radar,20,13,9,0,42,0,6,101,0,107,20,19,110,0,149,58,0,58,207
02/10/2022,STS,CA,AWP,WE,Towers with Radar,21,12,22,1,56,0,9,139,1,149,21,21,161,2,205,84,0,84,289
02/11/2022,STS,CA,AWP,WE,Towers with Radar,19,13,23,0,55,0,12,130,0,142,19,25,153,0,197,124,0,124,321
02/12/2022,STS,CA,AWP,WE,Towers with Radar,13,13,14,2,42,0,10,144,0,154,13,23,158,2,196,80,0,80,276
02/13/2022,STS,CA,AWP,WE,Towers with Radar,21,4,13,0,38,0,17,146,0,163,21,21,159,0,201,68,0,68,269
02/14/2022,STS,CA,AWP,WE,Towers with Radar,22,15,29,1,67,0,10,40,1,51,22,25,69,2,118,124,0,124,242
02/15/2022,STS,CA,AWP,WE,Towers with Radar,16,10,17,0,43,0,3,53,0,56,16,13,70,0,99,84,0,84,183
02/16/2022,STS,CA,AWP,WE,Towers with Radar,15,8,14,0,37,0,11,105,0,116,15,19,119,0,153,30,0,30,183
02/17/2022,STS,CA,AWP,WE,Towers with Radar,20,14,27,0,61,0,10,136,2,148,20,24,163,2,209,106,0,106,315
02/18/2022,STS,CA,AWP,WE,Towers with Radar,19,11,19,0,49,0,11,146,1,158,19,22,165,1,207,114,0,114,321
02/19/2022,STS,CA,AWP,WE,Towers with Radar,14,17,17,0,48,0,10,170,0,180,14,27,187,0,228,138,0,138,366
02/20/2022,STS,CA,AWP,WE,Towers with Radar,20,18,32,0,70,0,3,79,0,82,20,21,111,0,152,48,0,48,200
02/21/2022,STS,CA,AWP,WE,Towers with Radar,22,21,16,0,59,0,11,39,0,50,22,32,55,0,109,44,0,44,153
02/22/2022,STS,CA,AWP,WE,Towers with Radar,14,22,23,0,59,0,5,89,2,96,14,27,112,2,155,106,0,106,261
02/23/2022,STS,CA,AWP,WE,Towers with Radar,17,13,18,0,48,0,9,114,0,123,17,22,132,0,171,138,0,138,309
02/24/2022,STS,CA,AWP,WE,Towers with Radar,20,11,27,0,58,0,11,120,2,133,20,22,147,2,191,136,0,136,327
02/25/2022,STS,CA,AWP,WE,Towers with Radar,24,17,16,0,57,0,27,109,1,137,24,44,125,1,194,164,0,164,358
02/26/2022,STS,CA,AWP,WE,Towers with Radar,15,6,23,0,44,0,12,117,0,129,15,18,140,0,173,64,0,64,237
02/27/2022,STS,CA,AWP,WE,Towers with Radar,19,13,17,0,49,0,15,106,0,121,19,28,123,0,170,82,0,82,252
02/28/2022,STS,CA,AWP,WE,Towers with Radar,21,15,11,1,48,0,5,140,4,149,21,20,151,5,197,88,0,88,285
03/01/2022,STS,CA,AWP,WE,Towers with Radar,15,6,10,1,32,0,12,93,3,108,15,18,103,4,140,110,0,110,250
03/02/2022,STS,CA,AWP,WE,Towers with Radar,14,8,24,1,47,0,13,96,0,109,14,21,120,1,156,172,0,172,328
03/03/2022,STS,CA,AWP,WE,Towers with Radar,15,23,39,0,77,0,4,17,0,21,15,27,56,0,98,36,0,36,134
03/04/2022,STS,CA,AWP,WE,Towers with Radar,22,10,22,0,54,0,12,55,2,69,22,22,77,2,123,42,0,42,165
03/05/2022,STS,CA,AWP,WE,Towers with Radar,16,11,12,0,39,0,14,115,0,129,16,25,127,0,168,68,0,68,236
03/06/2022,STS,CA,AWP,WE,Towers with Radar,19,25,25,0,69,0,4,144,1,149,19,29,169,1,218,106,0,106,324
03/07/2022,STS,CA,AWP,WE,Towers with Radar,21,14,19,1,55,0,4,108,1,113,21,18,127,2,168,124,0,124,292
03/08/2022,STS,CA,AWP,WE,Towers with Radar,15,7,17,2,41,0,10,120,0,130,15,17,137,2,171,126,0,126,297
03/09/2022,STS,CA,AWP,WE,Towers with Radar,15,13,20,2,50,0,5,105,2,112,15,18,125,4,162,50,0,50,212
03/10/2022,STS,CA,AWP,WE,Towers with Radar,20,12,16,1,49,0,7,104,0,111,20,19,120,1,160,130,0,130,290
03/11/2022,STS,CA,AWP,WE,Towers with Radar,21,15,16,0,52,0,12,136,0,148,21,27,152,0,200,142,0,142,342
03/12/2022,STS,CA,AWP,WE,Towers with Radar,17,11,19,0,47,0,10,101,0,111,17,21,120,0,158,140,0,140,298
03/13/2022,STS,CA,AWP,WE,Towers with Radar,19,11,25,0,55,0,9,95,0,104,19,20,120,0,159,58,0,58,217
03/14/2022,STS,CA,AWP,WE,Towers with Radar,23,9,24,0,56,0,14,106,1,121,23,23,130,1,177,150,0,150,327
03/15/2022,STS,CA,AWP,WE,Towers with Radar,18,11,39,0,68,0,7,17,0,24,18,18,56,0,92,80,0,80,172
03/16/2022,STS,CA,AWP,WE,Towers with Radar,16,13,21,0,50,0,12,88,0,100,16,25,109,0,150,132,0,132,282
03/17/2022,STS,CA,AWP,WE,Towers with Radar,24,20,18,0,62,0,12,83,0,95,24,32,101,0,157,170,0,170,327
03/18/2022,STS,CA,AWP,WE,Towers with Radar,26,10,22,0,58,0,13,107,0,120,26,23,129,0,178,156,0,156,334
03/19/2022,STS,CA,AWP,WE,Towers with Radar,20,8,24,2,54,0,4,35,0,39,20,12,59,2,93,42,0,42,135
03/20/2022,STS,CA,AWP,WE,Towers with Radar,23,11,26,0,60,0,17,112,0,129,23,28,138,0,189,154,0,154,343
03/21/2022,STS,CA,AWP,WE,Towers with Radar,25,21,19,4,69,0,6,102,0,108,25,27,121,4,177,174,0,174,351
03/22/2022,STS,CA,AWP,WE,Towers with Radar,21,23,24,0,68,0,11,127,0,138,21,34,151,0,206,144,0,144,350
03/23/2022,STS,CA,AWP,WE,Towers with Radar,19,14,26,0,59,0,8,94,0,102,19,22,120,0,161,80,0,80,241
03/24/2022,STS,CA,AWP,WE,Towers with Radar,24,15,23,0,62,0,12,105,0,117,24,27,128,0,179,40,0,40,219
03/25/2022,STS,CA,AWP,WE,Towers with Radar,26,14,14,0,54,0,9,96,0,105,26,23,110,0,159,74,0,74,233
03/26/2022,STS,CA,AWP,WE,Towers with Radar,21,12,24,0,57,0,8,135,0,143,21,20,159,0,200,98,0,98,298
03/27/2022,STS,CA,AWP,WE,Towers with Radar,24,7,37,0,68,0,4,27,0,31,24,11,64,0,99,74,0,74,173
03/28/2022,STS,CA,AWP,WE,Towers with Radar,28,14,41,0,83,0,6,13,0,19,28,20,54,0,102,58,0,58,160
03/29/2022,STS,CA,AWP,WE,Towers with Radar,23,9,24,1,57,0,2,71,0,73,23,11,95,1,130,110,0,110,240
03/30/2022,STS,CA,AWP,WE,Towers with Radar,20,12,19,2,53,0,4,80,1,85,20,16,99,3,138,130,0,130,268
03/31/2022,STS,CA,AWP,WE,Towers with Radar,24,14,23,0,61,0,14,99,0,113,24,28,122,0,174,78,0,78,252
04/01/2022,STS,CA,AWP,WE,Towers with Radar,26,14,16,1,57,0,12,123,0,135,26,26,139,1,192,92,0,92,284
04/02/2022,STS,CA,AWP,WE,Towers with Radar,20,5,14,1,40,0,7,123,0,130,20,12,137,1,170,62,0,62,232
04/03/2022,STS,CA,AWP,WE,Towers with Radar,23,14,23,0,60,0,4,93,0,97,23,18,116,0,157,82,0,82,239
04/04/2022,STS,CA,AWP,WE,Towers with Radar,25,13,24,2,64,0,3,53,0,56,25,16,77,2,120,100,0,100,220
04/05/2022,STS,CA,AWP,WE,Towers with Radar,19,10,23,0,52,0,7,116,0,123,19,17,139,0,175,186,0,186,361
04/06/2022,STS,CA,AWP,WE,Towers with Radar,20,25,13,0,58,0,9,123,0,132,20,34,136,0,190,96,0,96,286
04/07/2022,STS,CA,AWP,WE,Towers with Radar,25,30,22,0,77,0,15,134,2,151,25,45,156,2,228,142,0,142,370
04/08/2022,STS,CA,AWP,WE,Towers with Radar,28,20,19,0,67,0,12,117,0,129,28,32,136,0,196,16,0,16,212
04/09/2022,STS,CA,AWP,WE,Towers with Radar,20,11,13,0,44,0,15,73,0,88,20,26,86,0,132,76,0,76,208
04/10/2022,STS,CA,AWP,WE,Towers with Radar,24,20,16,0,60,0,11,66,0,77,24,31,82,0,137,36,1,37,174
04/11/2022,STS,CA,AWP,WE,Towers with Radar,26,29,20,0,75,0,13,15,0,28,26,42,35,0,103,2,0,2,105
04/12/2022,STS,CA,AWP,WE,Towers with Radar,22,19,26,0,67,0,11,80,0,91,22,30,106,0,158,88,0,88,246
04/13/2022,STS,CA,AWP,WE,Towers with Radar,20,10,27,0,57,0,10,42,2,54,20,20,69,2,111,132,0,132,243
04/14/2022,STS,CA,AWP,WE,Towers with Radar,26,18,39,0,83,0,3,6,0,9,26,21,45,0,92,0,0,0,92
04/15/2022,STS,CA,AWP,WE,Towers with Radar,28,19,23,0,70,0,21,101,1,123,28,40,124,1,193,166,0,166,359
04/16/2022,STS,CA,AWP,WE,Towers with Radar,20,12,26,4,62,0,4,43,0,47,20,16,69,4,109,96,0,96,205
04/17/2022,STS,CA,AWP,WE,Towers with Radar,25,20,29,0,74,0,5,101,0,106,25,25,130,0,180,72,0,72,252
04/18/2022,STS,CA,AWP,WE,Towers with Radar,24,16,23,0,63,0,4,32,0,36,24,20,55,0,99,34,0,34,133
04/19/2022,STS,CA,AWP,WE,Towers with Radar,18,11,25,0,54,0,4,53,0,57,18,15,78,0,111,140,0,140,251
04/20/2022,STS,CA,AWP,WE,Towers with Radar,16,11,36,0,63,0,3,10,0,13,16,14,46,0,76,8,0,8,84
04/21/2022,STS,CA,AWP,WE,Towers with Radar,24,13,23,0,60,0,11,20,0,31,24,24,43,0,91,54,0,54,145
04/22/2022,STS,CA,AWP,WE,Towers with Radar,27,19,38,0,84,0,13,72,2,87,27,32,110,2,171,130,0,130,301
04/23/2022,STS,CA,AWP,WE,Towers with Radar,19,7,17,0,43,0,18,190,0,208,19,25,207,0,251,78,0,78,329
04/24/2022,STS,CA,AWP,WE,Towers with Radar,26,26,30,0,82,0,17,142,0,159,26,43,172,0,241,120,0,120,361
04/25/2022,STS,CA,AWP,WE,Towers with Radar,27,10,17,0,54,0,6,136,0,142,27,16,153,0,196,168,0,168,364
04/26/2022,STS,CA,AWP,WE,Towers with Radar,19,10,21,1,51,0,6,81,1,88,19,16,102,2,139,152,0,152,291
04/27/2022,STS,CA,AWP,WE,Towers with Radar,12,16,19,0,47,0,6,94,0,100,12,22,113,0,147,122,0,122,269
04/28/2022,STS,CA,AWP,WE,Towers with Radar,24,10,20,0,54,0,11,85,0,96,24,21,105,0,150,102,0,102,252
04/29/2022,STS,CA,AWP,WE,Towers with Radar,31,14,31,0,76,0,10,125,0,135,31,24,156,0,211,104,0,104,315
04/30/2022,STS,CA,AWP,WE,Towers with Radar,20,7,16,0,43,0,12,107,0,119,20,19,123,0,162,94,0,94,256
05/01/2022,STS,CA,AWP,WE,Towers with Radar,24,16,18,0,58,0,35,115,0,150,24,51,133,0,208,78,0,78,286
05/02/2022,STS,CA,AWP,WE,Towers with Radar,9,11,25,0,45,0,9,50,0,59,9,20,75,0,104,28,0,28,132
05/03/2022,STS,CA,AWP,WE,Towers with Radar,23,6,12,0,41,0,5,106,2,113,23,11,118,2,154,130,0,130,284
05/04/2022,STS,CA,AWP,WE,Towers with Radar,20,11,18,0,49,0,8,116,0,124,20,19,134,0,173,134,0,134,307
05/05/2022,STS,CA,AWP,WE,Towers with Radar,24,8,29,0,61,0,13,104,0,117,24,21,133,0,178,170,0,170,348
05/06/2022,STS,CA,AWP,WE,Towers with Radar,24,21,45,0,90,0,7,12,0,19,24,28,57,0,109,28,0,28,137
05/07/2022,STS,CA,AWP,WE,Towers with Radar,18,6,16,0,40,0,15,83,0,98,18,21,99,0,138,58,0,58,196
05/08/2022,STS,CA,AWP,WE,Towers with Radar,23,24,26,0,73,0,12,15,0,27,23,36,41,0,100,4,0,4,104
05/09/2022,STS,CA,AWP,WE,Towers with Radar,22,10,31,0,63,0,6,71,0,77,22,16,102,0,140,88,0,88,228
05/10/2022,STS,CA,AWP,WE,Towers with Radar,24,14,31,0,69,0,15,76,0,91,24,29,107,0,160,192,0,192,352
05/11/2022,STS,CA,AWP,WE,Towers with Radar,17,12,18,0,47,0,8,121,6,135,17,20,139,6,182,174,0,174,356
05/12/2022,STS,CA,AWP,WE,Towers with Radar,24,14,20,0,58,0,7,108,3,118,24,21,128,3,176,227,0,227,403
05/13/2022,STS,CA,AWP,WE,Towers with Radar,22,13,21,0,56,0,9,136,0,145,22,22,157,0,201,154,0,154,355
05/14/2022,STS,CA,AWP,WE,Towers with Radar,17,12,12,0,41,0,12,114,0,126,17,24,126,0,167,96,0,96,263
05/15/2022,STS,CA,AWP,WE,Towers with Radar,23,24,24,0,71,0,24,142,0,166,23,48,166,0,237,150,0,150,387
05/16/2022,STS,CA,AWP,WE,Towers with Radar,22,17,16,0,55,0,10,100,17,127,22,27,116,17,182,172,8,180,362
05/17/2022,STS,CA,AWP,WE,Towers with Radar,22,6,10,0,38,0,12,115,0,127,22,18,125,0,165,270,0,270,435
05/18/2022,STS,CA,AWP,WE,Towers with Radar,15,18,23,1,57,0,18,100,6,124,15,36,123,7,181,190,0,190,371
05/19/2022,STS,CA,AWP,WE,Towers with Radar,23,14,21,0,58,0,20,79,0,99,23,34,100,0,157,65,0,65,222
05/20/2022,STS,CA,AWP,WE,Towers with Radar,21,17,14,0,52,0,13,58,0,71,21,30,72,0,123,96,0,96,219
05/21/2022,STS,CA,AWP,WE,Towers with Radar,21,11,15,0,47,0,5,171,0,176,21,16,186,0,223,66,0,66,289
05/22/2022,STS,CA,AWP,WE,Towers with Radar,22,12,25,0,59,0,9,101,0,110,22,21,126,0,169,54,0,54,223
05/23/2022,STS,CA,AWP,WE,Towers with Radar,21,5,17,0,43,0,25,120,0,145,21,30,137,0,188,66,0,66,254
05/24/2022,STS,CA,AWP,WE,Towers with Radar,22,14,28,0,64,0,16,98,0,114,22,30,126,0,178,134,0,134,312
05/25/2022,STS,CA,AWP,WE,Towers with Radar,17,11,31,2,61,0,15,87,0,102,17,26,118,2,163,276,0,276,439
05/26/2022,STS,CA,AWP,WE,Towers with Radar,23,10,31,0,64,0,14,43,2,59,23,24,74,2,123,110,0,110,233
05/27/2022,STS,CA,AWP,WE,Towers with Radar,27,15,50,0,92,0,15,41,0,56,27,30,91,0,148,72,0,72,220
05/28/2022,STS,CA,AWP,WE,Towers with Radar,22,10,11,0,43,0,27,40,0,67,22,37,51,0,110,98,0,98,208
05/29/2022,STS,CA,AWP,WE,Towers with Radar,23,10,8,0,41,0,8,67,0,75,23,18,75,0,116,80,0,80,196
05/30/2022,STS,CA,AWP,WE,Towers with Radar,25,12,30,0,67,0,16,105,0,121,25,28,135,0,188,98,0,98,286
05/31/2022,STS,CA,AWP,WE,Towers with Radar,21,7,19,0,47,0,65,133,0,198,21,72,152,0,245,86,0,86,331
06/01/2022,STS,CA,AWP,WE,Towers with Radar,17,10,26,0,53,0,25,121,0,146,17,35,147,0,199,158,0,158,357
06/02/2022,STS,CA,AWP,WE,Towers with Radar,22,14,38,2,76,0,13,111,0,124,22,27,149,2,200,78,0,78,278
06/03/2022,STS,CA,AWP,WE,Towers with Radar,25,14,14,0,53,0,13,94,0,107,25,27,108,0,160,166,0,166,326
06/04/2022,STS,CA,AWP,WE,Towers with Radar,20,19,17,0,56,0,8,100,0,108,20,27,117,0,164,128,0,128,292
06/05/2022,STS,CA,AWP,WE,Towers with Radar,23,24,34,0,81,0,6,14,0,20,23,30,48,0,101,44,0,44,145
06/06/2022,STS,CA,AWP,WE,Towers with Radar,27,14,29,0,70,0,19,85,0,104,27,33,114,0,174,108,0,108,282
06/07/2022,STS,CA,AWP,WE,Towers with Radar,18,4,19,1,42,0,11,123,0,134,18,15,142,1,176,162,0,162,338
06/08/2022,STS,CA,AWP,WE,Towers with Radar,20,8,26,4,58,0,14,118,0,132,20,22,144,4,190,138,0,138,328
06/09/2022,STS,CA,AWP,WE,Towers with Radar,24,33,29,0,86,0,27,77,1,105,24,60,106,1,191,80,0,80,271
06/10/2022,STS,CA,AWP,WE,Towers with Radar,26,24,27,0,77,0,12,89,0,101,26,36,116,0,178,92,0,92,270
06/11/2022,STS,CA,AWP,WE,Towers with Radar,20,15,12,0,47,0,23,159,4,186,20,38,171,4,233,48,0,48,281
06/12/2022,STS,CA,AWP,WE,Towers with Radar,27,42,59,0,128,0,18,49,0,67,27,60,108,0,195,86,0,86,281
06/13/2022,STS,CA,AWP,WE,Towers with Radar,26,5,15,0,46,0,37,101,0,138,26,42,116,0,184,72,0,72,256
06/14/2022,STS,CA,AWP,WE,Towers with Radar,19,6,37,2,64,0,21,112,1,134,19,27,149,3,198,54,0,54,252
06/15/2022,STS,CA,AWP,WE,Towers with Radar,20,20,24,2,66,0,9,110,0,119,20,29,134,2,185,126,0,126,311
06/16/2022,STS,CA,AWP,WE,Towers with Radar,26,23,31,1,81,0,27,105,3,135,26,50,136,4,216,148,12,160,376
06/17/2022,STS,CA,AWP,WE,Towers with Radar,26,10,12,3,51,0,30,63,0,93,26,40,75,3,144,82,0,82,226
06/18/2022,STS,CA,AWP,WE,Towers with Radar,21,3,22,0,46,0,22,142,0,164,21,25,164,0,210,84,0,84,294
06/19/2022,STS,CA,AWP,WE,Towers with Radar,26,14,13,0,53,0,22,100,0,122,26,36,113,0,175,96,0,96,271
06/20/2022,STS,CA,AWP,WE,Towers with Radar,25,27,21,0,73,0,18,115,0,133,25,45,136,0,206,56,0,56,262
06/21/2022,STS,CA,AWP,WE,Towers with Radar,20,17,10,2,49,0,28,79,0,107,20,45,89,2,156,116,0,116,272
06/22/2022,STS,CA,AWP,WE,Towers with Radar,22,14,16,0,52,0,28,119,0,147,22,42,135,0,199,114,0,114,313
06/23/2022,STS,CA,AWP,WE,Towers with Radar,25,9,21,2,57,0,35,110,0,145,25,44,131,2,202,133,0,133,335
06/24/2022,STS,CA,AWP,WE,Towers with Radar,29,19,18,1,67,0,36,118,0,154,29,55,136,1,221,132,0,132,353
06/25/2022,STS,CA,AWP,WE,Towers with Radar,24,12,31,0,67,0,16,113,0,129,24,28,144,0,196,50,0,50,246
06/26/2022,STS,CA,AWP,WE,Towers with Radar,27,27,32,0,86,0,19,78,0,97,27,46,110,0,183,88,0,88,271
06/27/2022,STS,CA,AWP,WE,Towers with Radar,29,20,21,0,70,0,46,80,0,126,29,66,101,0,196,96,0,96,292
06/28/2022,STS,CA,AWP,WE,Towers with Radar,19,26,10,0,55,0,15,119,0,134,19,41,129,0,189,102,0,102,291
06/29/2022,STS,CA,AWP,WE,Towers with Radar,21,16,14,0,51,0,12,103,3,118,21,28,117,3,169,98,0,98,267
06/30/2022,STS,CA,AWP,WE,Towers with Radar,26,13,30,0,69,0,15,78,0,93,26,28,108,0,162,104,0,104,266
07/01/2022,STS,CA,AWP,WE,Towers with Radar,27,15,39,0,81,0,15,108,0,123,27,30,147,0,204,73,0,73,277
07/02/2022,STS,CA,AWP,WE,Towers with Radar,21,8,39,0,68,0,14,79,0,93,21,22,118,0,161,62,0,62,223
07/03/2022,STS,CA,AWP,WE,Towers with Radar,24,11,19,1,55,0,11,63,0,74,24,22,82,1,129,112,0,112,241
07/04/2022,STS,CA,AWP,WE,Towers with Radar,27,7,16,0,50,0,9,33,0,42,27,16,49,0,92,69,0,69,161
07/05/2022,STS,CA,AWP,WE,Towers with Radar,21,12,33,0,66,0,20,49,2,71,21,32,82,2,137,82,0,82,219
07/06/2022,STS,CA,AWP,WE,Towers with Radar,20,14,27,0,61,0,22,81,0,103,20,36,108,0,164,112,0,112,276
07/07/2022,STS,CA,AWP,WE,Towers with Radar,27,10,24,0,61,0,19,100,0,119,27,29,124,0,180,76,0,76,256
07/08/2022,STS,CA,AWP,WE,Towers with Radar,26,10,7,0,43,0,39,116,4,159,26,49,123,4,202,126,0,126,328
07/09/2022,STS,CA,AWP,WE,Towers with Radar,22,18,18,0,58,0,15,84,0,99,22,33,102,0,157,116,0,116,273
07/10/2022,STS,CA,AWP,WE,Towers with Radar,25,12,18,0,55,0,5,98,0,103,25,17,116,0,158,118,0,118,276
07/11/2022,STS,CA,AWP,WE,Towers with Radar,27,10,16,0,53,0,10,108,0,118,27,20,124,0,171,94,0,94,265
07/12/2022,STS,CA,AWP,WE,Towers with Radar,19,23,27,2,71,0,18,86,0,104,19,41,113,2,175,102,0,102,277
07/13/2022,STS,CA,AWP,WE,Towers with Radar,21,29,43,0,93,0,31,120,0,151,21,60,163,0,244,118,0,118,362
07/14/2022,STS,CA,AWP,WE,Towers with Radar,26,24,51,0,101,0,6,83,0,89,26,30,134,0,190,84,0,84,274
07/15/2022,STS,CA,AWP,WE,Towers with Radar,26,21,20,0,67,0,13,91,0,104,26,34,111,0,171,42,0,42,213
07/16/2022,STS,CA,AWP,WE,Towers with Radar,20,14,21,0,55,0,21,100,0,121,20,35,121,0,176,46,0,46,222
07/17/2022,STS,CA,AWP,WE,Towers with Radar,28,46,51,0,125,0,18,106,0,124,28,64,157,0,249,56,0,56,305
07/18/2022,STS,CA,AWP,WE,Towers with Radar,28,7,28,2,65,0,26,93,0,119,28,33,121,2,184,40,0,40,224
07/19/2022,STS,CA,AWP,WE,Towers with Radar,19,12,36,0,67,0,22,91,0,113,19,34,127,0,180,48,0,48,228
07/20/2022,STS,CA,AWP,WE,Towers with Radar,21,14,32,0,67,0,17,122,0,139,21,31,154,0,206,40,0,40,246
07/21/2022,STS,CA,AWP,WE,Towers with Radar,27,40,69,0,136,0,17,81,0,98,27,57,150,0,234,66,0,66,300
07/22/2022,STS,CA,AWP,WE,Towers with Radar,28,16,33,0,77,0,24,90,1,115,28,40,123,1,192,96,0,96,288
07/23/2022,STS,CA,AWP,WE,Towers with Radar,21,19,21,0,61,0,12,88,1,101,21,31,109,1,162,34,0,34,196
07/24/2022,STS,CA,AWP,WE,Towers with Radar,27,52,76,0,155,0,17,61,0,78,27,69,137,0,233,38,0,38,271
07/25/2022,STS,CA,AWP,WE,Towers with Radar,25,26,35,0,86,0,23,71,0,94,25,49,106,0,180,66,0,66,246
07/26/2022,STS,CA,AWP,WE,Towers with Radar,19,6,33,0,58,0,17,88,0,105,19,23,121,0,163,51,0,51,214
07/27/2022,STS,CA,AWP,WE,Towers with Radar,23,17,23,4,67,0,20,89,6,115,23,37,112,10,182,80,0,80,262
07/28/2022,STS,CA,AWP,WE,Towers with Radar,27,26,48,0,101,0,9,79,0,88,27,35,127,0,189,134,0,134,323
07/29/2022,STS,CA,AWP,WE,Towers with Radar,29,26,15,0,70,0,18,82,0,100,29,44,97,0,170,80,0,80,250
07/30/2022,STS,CA,AWP,WE,Towers with Radar,24,13,27,0,64,0,12,72,0,84,24,25,99,0,148,110,0,110,258
07/31/2022,STS,CA,AWP,WE,Towers with Radar,28,32,35,0,95,0,8,81,0,89,28,40,116,0,184,64,0,64,248
08/01/2022,STS,CA,AWP,WE,Towers with Radar,28,18,19,0,65,0,11,56,3,70,28,29,75,3,135,50,0,50,185
08/02/2022,STS,CA,AWP,WE,Towers with Radar,20,13,9,2,44,0,20,106,0,126,20,33,115,2,170,96,0,96,266
08/03/2022,STS,CA,AWP,WE,Towers with Radar,21,9,18,0,48,0,15,84,0,99,21,24,102,0,147,86,0,86,233
08/04/2022,STS,CA,AWP,WE,Towers with Radar,31,10,19,0,60,0,32,118,0,150,31,42,137,0,210,98,0,98,308
08/05/2022,STS,CA,AWP,WE,Towers with Radar,29,25,33,0,87,0,12,92,2,106,29,37,125,2,193,162,0,162,355
08/06/2022,STS,CA,AWP,WE,Towers with Radar,20,16,15,0,51,0,17,97,0,114,20,33,112,0,165,166,0,166,331
08/07/2022,STS,CA,AWP,WE,Towers with Radar,26,18,15,0,59,0,10,73,0,83,26,28,88,0,142,82,0,82,224
08/08/2022,STS,CA,AWP,WE,Towers with Radar,26,12,31,0,69,1,23,85,0,109,27,35,116,0,178,58,0,58,236
08/09/2022,STS,CA,AWP,WE,Towers with Radar,18,13,17,4,52,0,20,91,7,118,18,33,108,11,170,104,0,104,274
08/10/2022,STS,CA,AWP,WE,Towers with Radar,20,19,13,2,54,0,14,86,0,100,20,33,99,2,154,142,0,142,296
08/11/2022,STS,CA,AWP,WE,Towers with Radar,29,13,22,3,67,0,12,112,1,125,29,25,134,4,192,84,0,84,276
08/12/2022,STS,CA,AWP,WE,Towers with Radar,26,13,24,0,63,0,8,92,2,102,26,21,116,2,165,128,0,128,293
08/13/2022,STS,CA,AWP,WE,Towers with Radar,19,9,8,0,36,0,17,118,0,135,19,26,126,0,171,26,0,26,197
08/14/2022,STS,CA,AWP,WE,Towers with Radar,26,14,21,0,61,0,19,86,0,105,26,33,107,0,166,94,0,94,260
08/15/2022,STS,CA,AWP,WE,Towers with Radar,26,19,20,2,67,0,35,81,0,116,26,54,101,2,183,46,0,46,229
08/16/2022,STS,CA,AWP,WE,Towers with Radar,18,11,23,1,53,0,19,92,0,111,18,30,115,1,164,104,0,104,268
08/17/2022,STS,CA,AWP,WE,Towers with Radar,20,11,19,0,50,0,17,82,7,106,20,28,101,7,156,101,0,101,257
08/18/2022,STS,CA,AWP,WE,Towers with Radar,27,5,23,0,55,0,14,85,0,99,27,19,108,0,154,98,0,98,252
08/19/2022,STS,CA,AWP,WE,Towers with Radar,26,18,24,0,68,0,20,102,0,122,26,38,126,0,190,102,0,102,292
08/20/2022,STS,CA,AWP,WE,Towers with Radar,18,11,20,0,49,0,25,114,0,139,18,36,134,0,188,102,0,102,290
08/21/2022,STS,CA,AWP,WE,Towers with Radar,28,16,24,0,68,0,9,111,0,120,28,25,135,0,188,114,0,114,302
08/22/2022,STS,CA,AWP,WE,Towers with Radar,23,13,28,2,66,0,12,81,0,93,23,25,109,2,159,48,0,48,207
08/23/2022,STS,CA,AWP,WE,Towers with Radar,19,8,17,2,46,0,10,67,0,77,19,18,84,2,123,86,0,86,209
08/24/2022,STS,CA,AWP,WE,Towers with Radar,20,8,16,0,44,0,14,92,0,106,20,22,108,0,150,102,0,102,252
08/25/2022,STS,CA,AWP,WE,Towers with Radar,22,17,28,0,67,0,7,65,0,72,22,24,93,0,139,96,0,96,235
08/26/2022,STS,CA,AWP,WE,Towers with Radar,26,17,25,0,68,0,10,89,1,100,26,27,114,1,168,86,0,86,254
08/27/2022,STS,CA,AWP,WE,Towers with Radar,18,12,11,2,43,0,19,83,2,104,18,31,94,4,147,74,0,74,221
08/28/2022,STS,CA,AWP,WE,Towers with Radar,26,21,36,0,83,0,11,80,0,91,26,32,116,0,174,124,0,124,298
08/29/2022,STS,CA,AWP,WE,Towers with Radar,24,12,32,1,69,0,18,94,1,113,24,30,126,2,182,114,0,114,296
08/30/2022,STS,CA,AWP,WE,Towers with Radar,18,11,13,0,42,0,21,46,6,73,18,32,59,6,115,142,0,142,257
08/31/2022,STS,CA,AWP,WE,Towers with Radar,22,16,31,2,71,0,17,84,0,101,22,33,115,2,172,122,0,122,294
09/01/2022,STS,CA,AWP,WE,Towers with Radar,26,13,13,0,52,0,17,90,0,107,26,30,103,0,159,96,0,96,255
09/02/2022,STS,CA,AWP,WE,Towers with Radar,26,14,27,0,67,0,25,84,0,109,26,39,111,0,176,102,0,102,278
09/03/2022,STS,CA,AWP,WE,Towers with Radar,19,5,16,0,40,0,16,102,0,118,19,21,118,0,158,98,0,98,256
09/04/2022,STS,CA,AWP,WE,Towers with Radar,25,13,13,1,52,0,14,64,0,78,25,27,77,1,130,91,0,91,221
09/05/2022,STS,CA,AWP,WE,Towers with Radar,26,12,21,0,59,0,24,77,0,101,26,36,98,0,160,70,0,70,230
09/06/2022,STS,CA,AWP,WE,Towers with Radar,19,8,10,0,37,0,15,48,0,63,19,23,58,0,100,60,0,60,160
09/07/2022,STS,CA,AWP,WE,Towers with Radar,28,8,10,0,46,0,11,65,3,79,28,19,75,3,125,40,0,40,165
09/08/2022,STS,CA,AWP,WE,Towers with Radar,27,21,14,0,62,0,25,62,0,87,27,46,76,0,149,46,0,46,195
09/09/2022,STS,CA,AWP,WE,Towers with Radar,30,17,22,0,69,0,7,74,0,81,30,24,96,0,150,90,0,90,240
09/10/2022,STS,CA,AWP,WE,Towers with Radar,24,15,22,0,61,0,13,56,0,69,24,28,78,0,130,56,0,56,186
09/11/2022,STS,CA,AWP,WE,Towers with Radar,31,19,27,0,77,0,17,90,0,107,31,36,117,0,184,81,0,81,265
09/12/2022,STS,CA,AWP,WE,Towers with Radar,29,14,19,1,63,1,7,78,1,87,30,21,97,2,150,46,0,46,196
09/13/2022,STS,CA,AWP,WE,Towers with Radar,22,14,17,0,53,0,6,87,0,93,22,20,104,0,146,94,0,94,240
09/14/2022,STS,CA,AWP,WE,Towers with Radar,21,15,12,0,48,0,11,84,0,95,21,26,96,0,143,42,0,42,185
09/15/2022,STS,CA,AWP,WE,Towers with Radar,30,21,31,2,84,0,6,69,8,83,30,27,100,10,167,53,0,53,220
09/16/2022,STS,CA,AWP,WE,Towers with Radar,29,17,13,0,59,0,19,102,0,121,29,36,115,0,180,73,0,73,253
09/17/2022,STS,CA,AWP,WE,Towers with Radar,27,18,22,0,67,0,48,96,0,144,27,66,118,0,211,40,0,40,251
09/18/2022,STS,CA,AWP,WE,Towers with Radar,30,23,22,0,75,0,2,2,0,4,30,25,24,0,79,0,0,0,79
09/19/2022,STS,CA,AWP,WE,Towers with Radar,29,17,19,0,65,0,9,28,0,37,29,26,47,0,102,100,0,100,202
09/20/2022,STS,CA,AWP,WE,Towers with Radar,29,8,35,0,72,0,5,65,0,70,29,13,100,0,142,78,0,78,220
09/21/2022,STS,CA,AWP,WE,Towers with Radar,24,8,25,0,57,0,28,87,0,115,24,36,112,0,172,150,0,150,322
09/22/2022,STS,CA,AWP,WE,Towers with Radar,30,15,27,2,74,0,21,117,3,141,30,36,144,5,215,112,0,112,327
09/23/2022,STS,CA,AWP,WE,Towers with Radar,31,18,23,1,73,0,28,162,1,191,31,46,185,2,264,116,0,116,380
09/24/2022,STS,CA,AWP,WE,Towers with Radar,23,10,7,0,40,1,9,220,0,230,24,19,227,0,270,44,0,44,314
09/25/2022,STS,CA,AWP,WE,Towers with Radar,32,10,22,0,64,0,11,96,0,107,32,21,118,0,171,96,0,96,267
09/26/2022,STS,CA,AWP,WE,Towers with Radar,31,22,30,0,83,0,18,80,0,98,31,40,110,0,181,70,0,70,251
09/27/2022,STS,CA,AWP,WE,Towers with Radar,23,11,32,0,66,0,6,68,0,74,23,17,100,0,140,54,0,54,194
09/28/2022,STS,CA,AWP,WE,Towers with Radar,24,21,15,1,61,0,8,92,0,100,24,29,107,1,161,78,0,78,239
09/29/2022,STS,CA,AWP,WE,Towers with Radar,29,14,16,2,61,0,21,110,0,131,29,35,126,2,192,111,0,111,303
09/30/2022,STS,CA,AWP,WE,Towers with Radar,30,13,26,0,69,0,17,112,1,130,30,30,138,1,199,150,0,150,349
10/01/2022,STS,CA,AWP,WE,Towers with Radar,25,12,21,1,59,0,8,34,1,43,25,20,55,2,102,42,0,42,144
10/02/2022,STS,CA,AWP,WE,Towers with Radar,33,21,18,0,72,0,13,56,0,69,33,34,74,0,141,74,0,74,215
10/03/2022,STS,CA,AWP,WE,Towers with Radar,30,14,24,0,68,0,15,81,2,98,30,29,105,2,166,44,0,44,210
10/04/2022,STS,CA,AWP,WE,Towers with Radar,26,21,24,0,71,0,8,60,0,68,26,29,84,0,139,108,0,108,247
10/05/2022,STS,CA,AWP,WE,Towers with Radar,26,7,18,0,51,0,9,85,0,94,26,16,103,0,145,104,0,104,249
10/06/2022,STS,CA,AWP,WE,Towers with Radar,27,14,26,0,67,0,24,80,2,106,27,38,106,2,173,88,0,88,261
10/07/2022,STS,CA,AWP,WE,Towers with Radar,30,19,22,0,71,0,16,89,0,105,30,35,111,0,176,132,0,132,308
10/08/2022,STS,CA,AWP,WE,Towers with Radar,20,1,20,1,42,0,15,95,0,110,20,16,115,1,152,102,0,102,254
10/09/2022,STS,CA,AWP,WE,Towers with Radar,27,19,27,0,73,0,18,64,0,82,27,37,91,0,155,94,0,94,249
10/10/2022,STS,CA,AWP,WE,Towers with Radar,27,15,30,0,72,0,19,82,0,101,27,34,112,0,173,46,0,46,219
10/11/2022,STS,CA,AWP,WE,Towers with Radar,21,20,20,0,61,0,10,66,0,76,21,30,86,0,137,96,0,96,233
10/12/2022,STS,CA,AWP,WE,Towers with Radar,22,17,42,2,83,0,15,73,0,88,22,32,115,2,171,67,0,67,238
10/13/2022,STS,CA,AWP,WE,Towers with Radar,26,22,43,0,91,0,16,62,0,78,26,38,105,0,169,50,0,50,219
10/14/2022,STS,CA,AWP,WE,Towers with Radar,28,26,38,1,93,0,20,73,3,96,28,46,111,4,189,72,0,72,261
10/15/2022,STS,CA,AWP,WE,Towers with Radar,18,26,36,0,80,0,12,17,0,29,18,38,53,0,109,26,0,26,135
10/16/2022,STS,CA,AWP,WE,Towers with Radar,25,15,43,0,83,0,14,34,0,48,25,29,77,0,131,48,0,48,179
10/17/2022,STS,CA,AWP,WE,Towers with Radar,28,16,27,0,71,0,16,91,0,107,28,32,118,0,178,28,0,28,206
10/18/2022,STS,CA,AWP,WE,Towers with Radar,20,14,28,0,62,0,17,80,0,97,20,31,108,0,159,74,0,74,233
10/19/2022,STS,CA,AWP,WE,Towers with Radar,22,15,25,3,65,0,13,118,1,132,22,28,143,4,197,70,0,70,267
10/20/2022,STS,CA,AWP,WE,Towers with Radar,28,31,22,0,81,0,16,90,1,107,28,47,112,1,188,28,0,28,216
10/21/2022,STS,CA,AWP,WE,Towers with Radar,28,16,31,2,77,0,11,85,0,96,28,27,116,2,173,78,0,78,251
10/22/2022,STS,CA,AWP,WE,Towers with Radar,21,9,13,0,43,0,10,43,0,53,21,19,56,0,96,0,0,0,96
10/23/2022,STS,CA,AWP,WE,Towers with Radar,27,18,28,0,73,0,9,105,0,114,27,27,133,0,187,56,0,56,243
10/24/2022,STS,CA,AWP,WE,Towers with Radar,28,20,21,1,70,0,15,111,1,127,28,35,132,2,197,64,0,64,261
10/25/2022,STS,CA,AWP,WE,Towers with Radar,21,11,17,1,50,0,9,106,1,116,21,20,123,2,166,70,0,70,236
10/26/2022,STS,CA,AWP,WE,Towers with Radar,22,12,30,0,64,0,20,95,0,115,22,32,125,0,179,116,0,116,295
10/27/2022,STS,CA,AWP,WE,Towers with Radar,27,23,19,0,69,0,11,101,0,112,27,34,120,0,181,166,0,166,347
10/28/2022,STS,CA,AWP,WE,Towers with Radar,31,14,11,1,57,0,13,105,0,118,31,27,116,1,175,110,0,110,285
10/29/2022,STS,CA,AWP,WE,Towers with Radar,20,4,15,3,42,0,8,115,2,125,20,12,130,5,167,114,0,114,281
10/30/2022,STS,CA,AWP,WE,Towers with Radar,26,14,18,0,58,0,12,74,0,86,26,26,92,0,144,86,0,86,230
10/31/2022,STS,CA,AWP,WE,Towers with Radar,28,11,17,2,58,0,21,49,2,72,28,32,66,4,130,122,0,122,252
11/01/2022,STS,CA,AWP,WE,Towers with Radar,19,11,32,2,64,0,3,26,0,29,19,14,58,2,93,46,0,46,139
11/02/2022,STS,CA,AWP,WE,Towers with Radar,21,10,13,2,46,0,8,57,0,65,21,18,70,2,111,88,0,88,199
11/03/2022,STS,CA,AWP,WE,Towers with Radar,24,17,32,0,73,0,12,107,1,120,24,29,139,1,193,115,0,115,308
11/04/2022,STS,CA,AWP,WE,Towers with Radar,27,21,26,0,74,0,2,115,0,117,27,23,141,0,191,104,0,104,295
11/05/2022,STS,CA,AWP,WE,Towers with Radar,17,22,42,0,81,0,4,1,0,5,17,26,43,0,86,40,0,40,126
11/06/2022,STS,CA,AWP,WE,Towers with Radar,25,22,36,0,83,0,12,70,0,82,25,34,106,0,165,84,0,84,249
11/07/2022,STS,CA,AWP,WE,Towers with Radar,25,10,26,0,61,0,6,6,0,12,25,16,32,0,73,10,0,10,83
11/08/2022,STS,CA,AWP,WE,Towers with Radar,16,6,17,0,39,0,1,2,0,3,16,7,19,0,42,22,0,22,64
11/09/2022,STS,CA,AWP,WE,Towers with Radar,19,16,26,0,61,0,15,71,0,86,19,31,97,0,147,60,0,60,207
11/10/2022,STS,CA,AWP,WE,Towers with Radar,24,9,23,0,56,0,8,100,0,108,24,17,123,0,164,88,0,88,252
11/11/2022,STS,CA,AWP,WE,Towers with Radar,27,11,26,0,64,0,16,110,0,126,27,27,136,0,190,143,0,143,333
11/12/2022,STS,CA,AWP,WE,Towers with Radar,17,8,14,0,39,0,7,75,0,82,17,15,89,0,121,88,0,88,209
11/13/2022,STS,CA,AWP,WE,Towers with Radar,24,12,31,0,67,0,15,106,0,121,24,27,137,0,188,50,0,50,238
11/14/2022,STS,CA,AWP,WE,Towers with Radar,28,28,18,0,74,0,7,78,0,85,28,35,96,0,159,122,0,122,281
11/15/2022,STS,CA,AWP,WE,Towers with Radar,21,20,20,1,62,0,7,96,0,103,21,27,116,1,165,74,0,74,239
11/16/2022,STS,CA,AWP,WE,Towers with Radar,20,28,19,0,67,0,12,86,1,99,20,40,105,1,166,42,0,42,208
11/17/2022,STS,CA,AWP,WE,Towers with Radar,25,38,21,0,84,0,14,70,0,84,25,52,91,0,168,104,0,104,272
11/18/2022,STS,CA,AWP,WE,Towers with Radar,26,23,32,0,81,0,13,74,0,87,26,36,106,0,168,50,0,50,218
11/19/2022,STS,CA,AWP,WE,Towers with Radar,22,22,19,0,63,0,15,100,0,115,22,37,119,0,178,96,0,96,274
11/20/2022,STS,CA,AWP,WE,Towers with Radar,26,16,37,0,79,0,10,116,0,126,26,26,153,0,205,100,0,100,305
11/21/2022,STS,CA,AWP,WE,Towers with Radar,26,11,18,0,55,0,11,77,0,88,26,22,95,0,143,118,0,118,261
11/22/2022,STS,CA,AWP,WE,Towers with Radar,23,12,25,0,60,0,16,99,4,119,23,28,124,4,179,84,2,86,265
11/23/2022,STS,CA,AWP,WE,Towers with Radar,19,17,30,2,68,0,10,81,0,91,19,27,111,2,159,102,0,102,261
11/24/2022,STS,CA,AWP,WE,Towers with Radar,14,3,9,0,26,0,14,32,0,46,14,17,41,0,72,4,0,4,76
11/25/2022,STS,CA,AWP,WE,Towers with Radar,24,7,15,0,46,0,20,59,0,79,24,27,74,0,125,126,0,126,251
11/26/2022,STS,CA,AWP,WE,Towers with Radar,19,13,19,0,51,0,5,95,0,100,19,18,114,0,151,94,0,94,245
11/27/2022,STS,CA,AWP,WE,Towers with Radar,24,15,29,0,68,0,12,86,0,98,24,27,115,0,166,52,0,52,218
11/28/2022,STS,CA,AWP,WE,Towers with Radar,26,13,17,1,57,0,13,48,0,61,26,26,65,1,118,36,0,36,154
11/29/2022,STS,CA,AWP,WE,Towers with Radar,23,14,10,4,51,0,10,124,0,134,23,24,134,4,185,86,0,86,271
11/30/2022,STS,CA,AWP,WE,Towers with Radar,10,5,33,0,48,0,10,65,2,77,10,15,98,2,125,143,0,143,268
12/01/2022,STS,CA,AWP,WE,Towers with Radar,18,15,33,0,66,0,4,15,0,19,18,19,48,0,85,28,0,28,113
12/02/2022,STS,CA,AWP,WE,Towers with Radar,19,7,17,2,45,0,10,106,2,118,19,17,123,4,163,166,0,166,329
12/03/2022,STS,CA,AWP,WE,Towers with Radar,14,11,25,0,50,0,0,0,0,0,14,11,25,0,50,0,0,0,50
12/04/2022,STS,CA,AWP,WE,Towers with Radar,17,10,24,0,51,0,4,17,0,21,17,14,41,0,72,38,0,38,110
12/05/2022,STS,CA,AWP,WE,Towers with Radar,18,13,17,0,48,0,11,20,0,31,18,24,37,0,79,60,0,60,139
12/06/2022,STS,CA,AWP,WE,Towers with Radar,16,13,15,2,46,0,3,43,0,46,16,16,58,2,92,156,0,156,248
12/07/2022,STS,CA,AWP,WE,Towers with Radar,10,7,30,0,47,0,8,97,0,105,10,15,127,0,152,120,0,120,272
12/08/2022,STS,CA,AWP,WE,Towers with Radar,20,18,25,0,63,0,0,3,0,3,20,18,28,0,66,8,0,8,74
12/09/2022,STS,CA,AWP,WE,Towers with Radar,19,15,34,0,68,0,1,35,0,36,19,16,69,0,104,70,0,70,174
12/10/2022,STS,CA,AWP,WE,Towers with Radar,7,4,14,0,25,0,0,0,0,0,7,4,14,0,25,0,0,0,25
12/11/2022,STS,CA,AWP,WE,Towers with Radar,18,6,15,0,39,0,2,18,0,20,18,8,33,0,59,44,0,44,103
12/12/2022,STS,CA,AWP,WE,Towers with Radar,19,11,28,2,60,0,11,93,0,104,19,22,121,2,164,68,0,68,232
12/13/2022,STS,CA,AWP,WE,Towers with Radar,14,9,13,0,36,0,26,97,0,123,14,35,110,0,159,104,0,104,263
12/14/2022,STS,CA,AWP,WE,Towers with Radar,11,18,18,4,51,0,4,67,0,71,11,22,85,4,122,69,0,69,191
12/15/2022,STS,CA,AWP,WE,Towers with Radar,21,24,18,0,63,0,8,78,0,86,21,32,96,0,149,96,0,96,245
12/16/2022,STS,CA,AWP,WE,Towers with Radar,25,4,17,0,46,0,14,86,0,100,25,18,103,0,146,138,0,138,284
12/17/2022,STS,CA,AWP,WE,Towers with Radar,16,4,27,0,47,0,7,101,0,108,16,11,128,0,155,172,0,172,327
12/18/2022,STS,CA,AWP,WE,Towers with Radar,22,20,26,0,68,0,10,78,0,88,22,30,104,0,156,92,0,92,248
12/19/2022,STS,CA,AWP,WE,Towers with Radar,22,24,24,0,70,0,0,6,0,6,22,24,30,0,76,90,0,90,166
12/20/2022,STS,CA,AWP,WE,Towers with Radar,22,4,16,0,42,0,6,47,0,53,22,10,63,0,95,164,0,164,259
12/21/2022,STS,CA,AWP,WE,Towers with Radar,14,12,44,1,71,0,6,63,0,69,14,18,107,1,140,94,0,94,234
12/22/2022,STS,CA,AWP,WE,Towers with Radar,21,13,25,0,59,0,2,19,0,21,21,15,44,0,80,36,0,36,116
12/23/2022,STS,CA,AWP,WE,Towers with Radar,21,15,40,0,76,0,4,12,0,16,21,19,52,0,92,76,0,76,168
12/24/2022,STS,CA,AWP,WE,Towers with Radar,11,2,11,0,24,0,5,51,0,56,11,7,62,0,80,62,0,62,142
12/25/2022,STS,CA,AWP,WE,Towers with Radar,17,4,4,0,25,0,4,14,0,18,17,8,18,0,43,22,0,22,65
12/26/2022,STS,CA,AWP,WE,Towers with Radar,23,17,24,0,64,0,1,10,0,11,23,18,34,0,75,44,0,44,119
12/27/2022,STS,CA,AWP,WE,Towers with Radar,20,12,34,0,66,0,5,15,2,22,20,17,49,2,88,52,0,52,140
12/28/2022,STS,CA,AWP,WE,Towers with Radar,17,8,20,0,45,0,5,70,0,75,17,13,90,0,120,74,0,74,194
12/29/2022,STS,CA,AWP,WE,Towers with Radar,21,13,27,0,61,0,0,0,0,0,21,13,27,0,61,0,0,0,61
12/30/2022,STS,CA,AWP,WE,Towers with Radar,28,6,15,0,49,0,0,0,0,0,28,6,15,0,49,0,0,0,49
12/31/2022,STS,CA,AWP,WE,Towers with Radar,11,2,11,0,24,0,0,2,0,2,11,2,13,0,26,6,0,6,32
01/01/2023,STS,CA,AWP,WE,Towers with Radar,20,5,15,0,40,0,4,125,0,129,20,9,140,0,169,56,0,56,225
01/02/2023,STS,CA,AWP,WE,Towers with Radar,24,11,24,0,59,0,1,18,0,19,24,12,42,0,78,40,0,40,118
01/03/2023,STS,CA,AWP,WE,Towers with Radar,22,15,21,0,58,0,3,11,1,15,22,18,32,1,73,40,18,58,131
01/04/2023,STS,CA,AWP,WE,Towers with Radar,20,5,10,0,35,0,0,0,0,0,20,5,10,0,35,0,0,0,35
01/05/2023,STS,CA,AWP,WE,Towers with Radar,21,10,10,0,41,0,2,3,0,5,21,12,13,0,46,4,0,4,50
01/06/2023,STS,CA,AWP,WE,Towers with Radar,24,14,21,0,59,0,5,11,0,16,24,19,32,0,75,88,0,88,163
01/07/2023,STS,CA,AWP,WE,Towers with Radar,16,3,8,0,27,0,3,5,0,8,16,6,13,0,35,24,0,24,59
01/08/2023,STS,CA,AWP,WE,Towers with Radar,23,9,14,0,46,0,9,35,0,44,23,18,49,0,90,74,0,74,164
01/09/2023,STS,CA,AWP,WE,Towers with Radar,21,10,25,0,56,0,9,27,4,40,21,19,52,4,96,55,0,55,151
01/10/2023,STS,CA,AWP,WE,Towers with Radar,11,5,10,0,26,0,5,1,0,6,11,10,11,0,32,0,0,0,32
01/11/2023,STS,CA,AWP,WE,Towers with Radar,14,10,7,0,31,0,0,0,0,0,14,10,7,0,31,0,0,0,31
01/12/2023,STS,CA,AWP,WE,Towers with Radar,19,11,33,0,63,0,11,80,0,91,19,22,113,0,154,108,0,108,262
01/13/2023,STS,CA,AWP,WE,Towers with Radar,20,23,15,0,58,1,2,0,0,3,21,25,15,0,61,0,0,0,61
01/14/2023,STS,CA,AWP,WE,Towers with Radar,9,8,19,0,36,0,0,0,0,0,9,8,19,0,36,0,0,0,36
01/15/2023,STS,CA,AWP,WE,Towers with Radar,18,10,6,0,34,0,1,3,0,4,18,11,9,0,38,12,0,12,50
01/16/2023,STS,CA,AWP,WE,Towers with Radar,19,10,17,0,46,0,20,41,0,61,19,30,58,0,107,104,0,104,211
01/17/2023,STS,CA,AWP,WE,Towers with Radar,14,12,18,2,46,0,23,91,2,116,14,35,109,4,162,86,10,96,258
01/18/2023,STS,CA,AWP,WE,Towers with Radar,12,7,17,0,36,0,7,24,0,31,12,14,41,0,67,76,0,76,143
01/19/2023,STS,CA,AWP,WE,Towers with Radar,17,23,29,0,69,0,8,76,4,88,17,31,105,4,157,128,0,128,285
01/20/2023,STS,CA,AWP,WE,Towers with Radar,22,9,25,1,57,0,17,122,0,139,22,26,147,1,196,134,0,134,330
01/21/2023,STS,CA,AWP,WE,Towers with Radar,9,14,16,2,41,0,15,141,3,159,9,29,157,5,200,102,0,102,302
01/22/2023,STS,CA,AWP,WE,Towers with Radar,19,12,19,0,50,0,13,91,1,105,19,25,110,1,155,100,0,100,255
01/23/2023,STS,CA,AWP,WE,Towers with Radar,19,16,24,4,63,0,5,57,5,67,19,21,81,9,130,83,0,83,213
01/24/2023,STS,CA,AWP,WE,Towers with Radar,12,5,26,0,43,0,13,91,1,105,12,18,117,1,148,124,0,124,272
01/25/2023,STS,CA,AWP,WE,Towers with Radar,12,10,24,0,46,0,14,75,0,89,12,24,99,0,135,125,0,125,260
01/26/2023,STS,CA,AWP,WE,Towers with Radar,20,10,33,0,63,0,13,87,1,101,20,23,120,1,164,131,0,131,295
01/27/2023,STS,CA,AWP,WE,Towers with Radar,19,6,18,0,43,0,17,82,0,99,19,23,100,0,142,110,0,110,252
01/28/2023,STS,CA,AWP,WE,Towers with Radar,10,13,25,0,48,0,6,140,0,146,10,19,165,0,194,116,0,116,310
01/29/2023,STS,CA,AWP,WE,Towers with Radar,18,16,17,0,51,0,5,23,0,28,18,21,40,0,79,26,0,26,105
01/30/2023,STS,CA,AWP,WE,Towers with Radar,18,9,32,2,61,0,12,76,0,88,18,21,108,2,149,94,0,94,243
01/31/2023,STS,CA,AWP,WE,Towers with Radar,12,5,20,0,37,0,8,114,0,122,12,13,134,0,159,176,0,176,335
02/01/2023,STS,CA,AWP,WE,Towers with Radar,10,10,26,0,46,0,14,94,0,108,10,24,120,0,154,128,0,128,282
02/02/2023,STS,CA,AWP,WE,Towers with Radar,19,10,11,0,40,0,12,62,2,76,19,22,73,2,116,112,0,112,228
02/03/2023,STS,CA,AWP,WE,Towers with Radar,21,9,28,0,58,0,10,18,0,28,21,19,46,0,86,78,0,78,164
02/04/2023,STS,CA,AWP,WE,Towers with Radar,16,6,27,0,49,0,0,8,0,8,16,6,35,0,57,58,0,58,115
02/05/2023,STS,CA,AWP,WE,Towers with Radar,22,13,9,0,44,0,7,9,0,16,22,20,18,0,60,6,0,6,66
02/06/2023,STS,CA,AWP,WE,Towers with Radar,23,2,27,1,53,0,7,88,9,104,23,9,115,10,157,140,2,142,299
02/07/2023,STS,CA,AWP,WE,Towers with Radar,17,15,27,0,59,0,7,99,0,106,17,22,126,0,165,162,0,162,327
02/08/2023,STS,CA,AWP,WE,Towers with Radar,13,9,35,1,58,0,13,92,2,107,13,22,127,3,165,126,0,126,291
02/09/2023,STS,CA,AWP,WE,Towers with Radar,21,6,17,0,44,0,18,102,0,120,21,24,119,0,164,88,0,88,252
02/10/2023,STS,CA,AWP,WE,Towers with Radar,23,15,30,0,68,0,10,71,0,81,23,25,101,0,149,112,0,112,261
02/11/2023,STS,CA,AWP,WE,Towers with Radar,13,4,26,0,43,0,7,99,0,106,13,11,125,0,149,120,0,120,269
02/12/2023,STS,CA,AWP,WE,Towers with Radar,21,8,23,0,52,0,11,118,0,129,21,19,141,0,181,113,0,113,294
02/13/2023,STS,CA,AWP,WE,Towers with Radar,23,19,20,1,63,0,13,51,0,64,23,32,71,1,127,22,0,22,149
02/14/2023,STS,CA,AWP,WE,Towers with Radar,16,9,11,0,36,0,7,29,0,36,16,16,40,0,72,60,0,60,132
02/15/2023,STS,CA,AWP,WE,Towers with Radar,13,17,45,0,75,0,18,114,0,132,13,35,159,0,207,74,0,74,281
02/16/2023,STS,CA,AWP,WE,Towers with Radar,23,13,16,0,52,0,17,79,0,96,23,30,95,0,148,104,0,104,252
02/17/2023,STS,CA,AWP,WE,Towers with Radar,25,11,29,0,65,0,9,92,0,101,25,20,121,0,166,198,0,198,364
02/18/2023,STS,CA,AWP,WE,Towers with Radar,17,18,17,0,52,0,8,95,0,103,17,26,112,0,155,118,0,118,273
02/19/2023,STS,CA,AWP,WE,Towers with Radar,22,5,16,0,43,0,7,128,0,135,22,12,144,0,178,108,0,108,286
02/20/2023,STS,CA,AWP,WE,Towers with Radar,24,5,26,0,55,0,9,94,0,103,24,14,120,0,158,132,0,132,290
02/21/2023,STS,CA,AWP,WE,Towers with Radar,17,11,15,0,43,0,5,28,0,33,17,16,43,0,76,20,0,20,96
02/22/2023,STS,CA,AWP,WE,Towers with Radar,17,14,11,0,42,0,18,31,0,49,17,32,42,0,91,20,10,30,121
02/23/2023,STS,CA,AWP,WE,Towers with Radar,20,11,21,0,52,0,8,8,0,16,20,19,29,0,68,4,0,4,72
02/24/2023,STS,CA,AWP,WE,Towers with Radar,24,8,15,0,47,0,8,14,0,22,24,16,29,0,69,24,0,24,93
02/25/2023,STS,CA,AWP,WE,Towers with Radar,20,15,12,0,47,0,8,30,1,39,20,23,42,1,86,78,0,78,164
02/26/2023,STS,CA,AWP,WE,Towers with Radar,24,18,16,0,58,0,3,16,0,19,24,21,32,0,77,14,0,14,91
02/27/2023,STS,CA,AWP,WE,Towers with Radar,24,15,18,0,57,0,2,4,0,6,24,17,22,0,63,0,0,0,63
02/28/2023,STS,CA,AWP,WE,Towers with Radar,17,2,20,0,39,0,4,11,0,15,17,6,31,0,54,8,0,8,62
03/01/2023,STS,CA,AWP,WE,Towers with Radar,15,11,11,0,37,0,13,75,0,88,15,24,86,0,125,32,0,32,157
03/02/2023,STS,CA,AWP,WE,Towers with Radar,22,17,32,1,72,0,7,113,0,120,22,24,145,1,192,100,0,100,292
03/03/2023,STS,CA,AWP,WE,Towers with Radar,24,15,37,0,76,0,10,119,0,129,24,25,156,0,205,150,0,150,355
03/04/2023,STS,CA,AWP,WE,Towers with Radar,15,19,26,0,60,0,5,6,0,11,15,24,32,0,71,14,0,14,85
03/05/2023,STS,CA,AWP,WE,Towers with Radar,19,14,22,0,55,0,3,22,0,25,19,17,44,0,80,22,0,22,102
03/06/2023,STS,CA,AWP,WE,Towers with Radar,23,14,12,0,49,0,2,20,0,22,23,16,32,0,71,42,0,42,113
03/07/2023,STS,CA,AWP,WE,Towers with Radar,15,9,23,0,47,0,2,27,0,29,15,11,50,0,76,34,0,34,110
03/08/2023,STS,CA,AWP,WE,Towers with Radar,14,4,23,5,46,0,7,121,6,134,14,11,144,11,180,140,0,140,320
03/09/2023,STS,CA,AWP,WE,Towers with Radar,21,13,20,0,54,0,3,2,1,6,21,16,22,1,60,14,0,14,74
03/10/2023,STS,CA,AWP,WE,Towers with Radar,21,16,26,0,63,0,12,36,1,49,21,28,62,1,112,70,0,70,182
03/11/2023,STS,CA,AWP,WE,Towers with Radar,18,11,25,4,58,0,0,10,0,10,18,11,35,4,68,24,0,24,92
03/12/2023,STS,CA,AWP,WE,Towers with Radar,19,14,24,0,57,0,0,0,0,0,19,14,24,0,57,0,0,0,57
03/13/2023,STS,CA,AWP,WE,Towers with Radar,27,17,18,0,62,0,0,0,0,0,27,17,18,0,62,0,0,0,62
03/14/2023,STS,CA,AWP,WE,Towers with Radar,15,5,9,0,29,0,5,8,0,13,15,10,17,0,42,16,0,16,58
03/15/2023,STS,CA,AWP,WE,Towers with Radar,16,13,30,0,59,0,15,115,0,130,16,28,145,0,189,142,0,142,331
03/16/2023,STS,CA,AWP,WE,Towers with Radar,22,22,32,0,76,0,10,120,0,130,22,32,152,0,206,80,0,80,286
03/17/2023,STS,CA,AWP,WE,Towers with Radar,25,12,30,0,67,0,16,78,0,94,25,28,108,0,161,218,0,218,379
03/18/2023,STS,CA,AWP,WE,Towers with Radar,15,6,17,2,40,0,3,92,0,95,15,9,109,2,135,92,0,92,227
03/19/2023,STS,CA,AWP,WE,Towers with Radar,26,13,28,2,69,0,0,0,0,0,26,13,28,2,69,0,0,0,69
03/20/2023,STS,CA,AWP,WE,Towers with Radar,24,14,14,0,52,0,9,73,0,82,24,23,87,0,134,40,0,40,174
03/21/2023,STS,CA,AWP,WE,Towers with Radar,17,8,12,1,38,0,0,1,0,1,17,8,13,1,39,0,6,6,45
03/22/2023,STS,CA,AWP,WE,Towers with Radar,14,15,16,0,45,0,10,38,0,48,14,25,54,0,93,162,0,162,255
03/23/2023,STS,CA,AWP,WE,Towers with Radar,21,9,27,0,57,0,12,59,0,71,21,21,86,0,128,136,0,136,264
03/24/2023,STS,CA,AWP,WE,Towers with Radar,25,17,25,0,67,0,14,67,0,81,25,31,92,0,148,52,0,52,200
03/25/2023,STS,CA,AWP,WE,Towers with Radar,15,11,17,0,43,0,9,87,0,96,15,20,104,0,139,68,0,68,207
03/26/2023,STS,CA,AWP,WE,Towers with Radar,20,6,47,0,73,0,8,121,0,129,20,14,168,0,202,82,0,82,284
03/27/2023,STS,CA,AWP,WE,Towers with Radar,23,10,11,0,44,0,15,72,0,87,23,25,83,0,131,124,0,124,255
03/28/2023,STS,CA,AWP,WE,Towers with Radar,17,8,17,0,42,0,8,3,0,11,17,16,20,0,53,2,0,2,55
03/29/2023,STS,CA,AWP,WE,Towers with Radar,14,17,15,0,46,0,6,7,0,13,14,23,22,0,59,16,0,16,75
03/30/2023,STS,CA,AWP,WE,Towers with Radar,21,25,23,0,69,2,25,64,0,91,23,50,87,0,160,74,0,74,234
03/31/2023,STS,CA,AWP,WE,Towers with Radar,24,21,19,2,66,0,8,88,0,96,24,29,107,2,162,122,0,122,284
04/01/2023,STS,CA,AWP,WE,Towers with Radar,15,13,16,1,45,0,11,49,0,60,15,24,65,1,105,118,0,118,223
04/02/2023,STS,CA,AWP,WE,Towers with Radar,22,21,25,0,68,0,10,69,0,79,22,31,94,0,147,40,0,40,187
04/03/2023,STS,CA,AWP,WE,Towers with Radar,23,15,16,0,54,0,7,28,0,35,23,22,44,0,89,10,0,10,99
04/04/2023,STS,CA,AWP,WE,Towers with Radar,21,21,17,0,59,0,10,86,0,96,21,31,103,0,155,76,0,76,231
04/05/2023,STS,CA,AWP,WE,Towers with Radar,18,9,22,0,49,0,11,109,0,120,18,20,131,0,169,118,0,118,287
04/06/2023,STS,CA,AWP,WE,Towers with Radar,24,11,20,4,59,0,8,82,0,90,24,19,102,4,149,46,0,46,195
04/07/2023,STS,CA,AWP,WE,Towers with Radar,26,12,21,4,63,0,9,15,0,24,26,21,36,4,87,14,0,14,101
04/08/2023,STS,CA,AWP,WE,Towers with Radar,17,4,23,0,44,0,9,75,0,84,17,13,98,0,128,80,0,80,208
04/09/2023,STS,CA,AWP,WE,Towers with Radar,23,15,13,0,51,0,12,80,0,92,23,27,93,0,143,58,0,58,201
04/10/2023,STS,CA,AWP,WE,Towers with Radar,25,6,14,0,45,0,14,64,0,78,25,20,78,0,123,48,0,48,171
04/11/2023,STS,CA,AWP,WE,Towers with Radar,21,6,20,0,47,0,8,80,0,88,21,14,100,0,135,148,0,148,283
04/12/2023,STS,CA,AWP,WE,Towers with Radar,17,15,19,0,51,0,5,68,0,73,17,20,87,0,124,42,0,42,166
04/13/2023,STS,CA,AWP,WE,Towers with Radar,20,17,37,1,75,0,16,102,0,118,20,33,139,1,193,118,0,118,311
04/14/2023,STS,CA,AWP,WE,Towers with Radar,24,15,20,0,59,0,13,109,0,122,24,28,129,0,181,86,0,86,267
04/15/2023,STS,CA,AWP,WE,Towers with Radar,18,4,22,0,44,0,6,86,0,92,18,10,108,0,136,152,0,152,288
04/16/2023,STS,CA,AWP,WE,Towers with Radar,24,18,21,0,63,0,5,83,0,88,24,23,104,0,151,130,0,130,281
04/17/2023,STS,CA,AWP,WE,Towers with Radar,23,20,31,0,74,0,5,67,0,72,23,25,98,0,146,52,0,52,198
04/18/2023,STS,CA,AWP,WE,Towers with Radar,22,14,12,1,49,0,11,67,0,78,22,25,79,1,127,40,0,40,167
04/19/2023,STS,CA,AWP,WE,Towers with Radar,19,12,21,0,52,0,13,102,0,115,19,25,123,0,167,76,0,76,243
04/20/2023,STS,CA,AWP,WE,Towers with Radar,26,20,29,0,75,0,12,129,0,141,26,32,158,0,216,40,0,40,256
04/21/2023,STS,CA,AWP,WE,Towers with Radar,26,20,22,0,68,0,17,127,1,145,26,37,149,1,213,112,0,112,325
04/22/2023,STS,CA,AWP,WE,Towers with Radar,21,15,20,0,56,0,12,118,0,130,21,27,138,0,186,112,0,112,298
04/23/2023,STS,CA,AWP,WE,Towers with Radar,26,27,33,0,86,0,14,83,0,97,26,41,116,0,183,68,0,68,251
04/24/2023,STS,CA,AWP,WE,Towers with Radar,27,11,19,0,57,0,6,86,0,92,27,17,105,0,149,98,0,98,247
04/25/2023,STS,CA,AWP,WE,Towers with Radar,21,12,23,0,56,0,6,82,2,90,21,18,105,2,146,122,0,122,268
04/26/2023,STS,CA,AWP,WE,Towers with Radar,18,13,31,0,62,0,12,95,0,107,18,25,126,0,169,66,0,66,235
04/27/2023,STS,CA,AWP,WE,Towers with Radar,29,10,46,0,85,0,13,104,2,119,29,23,150,2,204,112,0,112,316
04/28/2023,STS,CA,AWP,WE,Towers with Radar,28,22,25,2,77,0,11,102,0,113,28,33,127,2,190,130,0,130,320
04/29/2023,STS,CA,AWP,WE,Towers with Radar,19,5,28,0,52,0,14,148,0,162,19,19,176,0,214,62,0,62,276
04/30/2023,STS,CA,AWP,WE,Towers with Radar,27,12,25,0,64,0,10,79,0,89,27,22,104,0,153,36,0,36,189
05/01/2023,STS,CA,AWP,WE,Towers with Radar,28,18,33,0,79,0,2,44,0,46,28,20,77,0,125,78,0,78,203
05/02/2023,STS,CA,AWP,WE,Towers with Radar,19,15,21,1,56,0,12,26,1,39,19,27,47,2,95,68,0,68,163
05/03/2023,STS,CA,AWP,WE,Towers with Radar,19,9,13,0,41,0,9,42,0,51,19,18,55,0,92,89,0,89,181
05/04/2023,STS,CA,AWP,WE,Towers with Radar,26,18,41,0,85,0,6,31,0,37,26,24,72,0,122,38,0,38,160
05/05/2023,STS,CA,AWP,WE,Towers with Radar,25,21,40,2,88,0,4,39,0,43,25,25,79,2,131,74,0,74,205
05/06/2023,STS,CA,AWP,WE,Towers with Radar,20,5,30,0,55,0,6,30,0,36,20,11,60,0,91,76,0,76,167
05/07/2023,STS,CA,AWP,WE,Towers with Radar,24,11,36,0,71,0,10,94,0,104,24,21,130,0,175,92,0,92,267
05/08/2023,STS,CA,AWP,WE,Towers with Radar,25,12,18,0,55,0,10,49,0,59,25,22,67,0,114,84,0,84,198
05/09/2023,STS,CA,AWP,WE,Towers with Radar,17,10,20,0,47,0,7,89,0,96,17,17,109,0,143,126,0,126,269
05/10/2023,STS,CA,AWP,WE,Towers with Radar,17,11,36,0,64,0,17,88,0,105,17,28,124,0,169,140,0,140,309
05/11/2023,STS,CA,AWP,WE,Towers with Radar,25,17,31,0,73,0,5,97,4,106,25,22,128,4,179,130,0,130,309
05/12/2023,STS,CA,AWP,WE,Towers with Radar,25,10,32,0,67,0,11,105,0,116,25,21,137,0,183,124,0,124,307
05/13/2023,STS,CA,AWP,WE,Towers with Radar,22,8,20,0,50,0,16,135,0,151,22,24,155,0,201,150,0,150,351
05/14/2023,STS,CA,AWP,WE,Towers with Radar,25,17,28,0,70,0,13,79,0,92,25,30,107,0,162,90,0,90,252
05/15/2023,STS,CA,AWP,WE,Towers with Radar,25,8,20,1,54,0,17,103,1,121,25,25,123,2,175,60,0,60,235
05/16/2023,STS,CA,AWP,WE,Towers with Radar,16,11,23,2,52,0,18,82,0,100,16,29,105,2,152,70,0,70,222
05/17/2023,STS,CA,AWP,WE,Towers with Radar,17,12,34,0,63,0,9,68,0,77,17,21,102,0,140,76,0,76,216
05/18/2023,STS,CA,AWP,WE,Towers with Radar,26,15,31,0,72,0,14,84,0,98,26,29,115,0,170,166,0,166,336
05/19/2023,STS,CA,AWP,WE,Towers with Radar,24,22,35,0,81,0,13,92,0,105,24,35,127,0,186,164,0,164,350
05/20/2023,STS,CA,AWP,WE,Towers with Radar,19,9,26,0,54,0,3,187,0,190,19,12,213,0,244,12,0,12,256
05/21/2023,STS,CA,AWP,WE,Towers with Radar,24,24,27,0,75,0,15,97,1,113,24,39,124,1,188,100,0,100,288
05/22/2023,STS,CA,AWP,WE,Towers with Radar,25,20,26,0,71,0,18,57,0,75,25,38,83,0,146,112,0,112,258
05/23/2023,STS,CA,AWP,WE,Towers with Radar,23,18,26,2,69,0,10,61,0,71,23,28,87,2,140,86,0,86,226
05/24/2023,STS,CA,AWP,WE,Towers with Radar,18,20,48,0,86,1,8,60,0,69,19,28,108,0,155,82,0,82,237
05/25/2023,STS,CA,AWP,WE,Towers with Radar,25,34,39,1,99,0,16,46,0,62,25,50,85,1,161,100,0,100,261
05/26/2023,STS,CA,AWP,WE,Towers with Radar,25,20,63,0,108,0,5,33,2,40,25,25,96,2,148,94,0,94,242
05/27/2023,STS,CA,AWP,WE,Towers with Radar,20,10,38,0,68,0,1,53,0,54,20,11,91,0,122,62,0,62,184
05/28/2023,STS,CA,AWP,WE,Towers with Radar,25,8,15,0,48,0,10,55,0,65,25,18,70,0,113,26,0,26,139
05/29/2023,STS,CA,AWP,WE,Towers with Radar,25,29,43,0,97,0,11,26,0,37,25,40,69,0,134,44,0,44,178
05/30/2023,STS,CA,AWP,WE,Towers with Radar,18,13,37,0,68,0,13,38,0,51,18,26,75,0,119,114,0,114,233
05/31/2023,STS,CA,AWP,WE,Towers with Radar,19,10,29,0,58,0,7,72,6,85,19,17,101,6,143,70,4,74,217
06/01/2023,STS,CA,AWP,WE,Towers with Radar,27,14,32,3,76,0,7,91,2,100,27,21,123,5,176,82,0,82,258
06/02/2023,STS,CA,AWP,WE,Towers with Radar,26,17,22,1,66,0,11,108,0,119,26,28,130,1,185,107,0,107,292
06/03/2023,STS,CA,AWP,WE,Towers with Radar,20,18,18,0,56,0,5,114,0,119,20,23,132,0,175,74,0,74,249
06/04/2023,STS,CA,AWP,WE,Towers with Radar,27,12,21,0,60,0,15,99,0,114,27,27,120,0,174,62,0,62,236
06/05/2023,STS,CA,AWP,WE,Towers with Radar,26,12,40,0,78,0,12,47,0,59,26,24,87,0,137,12,0,12,149
06/06/2023,STS,CA,AWP,WE,Towers with Radar,17,18,18,0,53,0,12,19,0,31,17,30,37,0,84,26,0,26,110
06/07/2023,STS,CA,AWP,WE,Towers with Radar,15,25,36,0,76,0,1,34,0,35,15,26,70,0,111,164,0,164,275
06/08/2023,STS,CA,AWP,WE,Towers with Radar,25,45,71,0,141,0,7,63,0,70,25,52,134,0,211,48,0,48,259
06/09/2023,STS,CA,AWP,WE,Towers with Radar,26,15,43,0,84,0,12,48,0,60,26,27,91,0,144,140,0,140,284
06/10/2023,STS,CA,AWP,WE,Towers with Radar,19,15,48,0,82,0,4,75,0,79,19,19,123,0,161,44,0,44,205
06/11/2023,STS,CA,AWP,WE,Towers with Radar,26,40,70,0,136,0,11,81,0,92,26,51,151,0,228,56,0,56,284
06/12/2023,STS,CA,AWP,WE,Towers with Radar,28,15,27,1,71,0,4,56,1,61,28,19,83,2,132,116,0,116,248
06/13/2023,STS,CA,AWP,WE,Towers with Radar,18,9,30,0,57,0,7,71,0,78,18,16,101,0,135,108,0,108,243
06/14/2023,STS,CA,AWP,WE,Towers with Radar,18,8,30,0,56,0,12,75,0,87,18,20,105,0,143,88,0,88,231
06/15/2023,STS,CA,AWP,WE,Towers with Radar,25,21,30,2,78,0,16,106,0,122,25,37,136,2,200,62,0,62,262
06/16/2023,STS,CA,AWP,WE,Towers with Radar,25,12,43,2,82,0,42,93,0,135,25,54,136,2,217,100,0,100,317
06/17/2023,STS,CA,AWP,WE,Towers with Radar,18,17,25,0,60,1,14,78,0,93,19,31,103,0,153,110,0,110,263
06/18/2023,STS,CA,AWP,WE,Towers with Radar,24,11,31,1,67,0,9,92,0,101,24,20,123,1,168,16,0,16,184
06/19/2023,STS,CA,AWP,WE,Towers with Radar,25,9,21,0,55,0,8,58,0,66,25,17,79,0,121,16,0,16,137
06/20/2023,STS,CA,AWP,WE,Towers with Radar,17,13,23,0,53,0,22,76,0,98,17,35,99,0,151,114,0,114,265
06/21/2023,STS,CA,AWP,WE,Towers with Radar,16,10,20,0,46,0,19,90,0,109,16,29,110,0,155,94,0,94,249
06/22/2023,STS,CA,AWP,WE,Towers with Radar,26,13,46,2,87,0,19,47,3,69,26,32,93,5,156,112,0,112,268
06/23/2023,STS,CA,AWP,WE,Towers with Radar,24,24,43,0,91,0,16,80,0,96,24,40,123,0,187,144,0,144,331
06/24/2023,STS,CA,AWP,WE,Towers with Radar,16,16,30,0,62,0,17,68,0,85,16,33,98,0,147,88,0,88,235
06/25/2023,STS,CA,AWP,WE,Towers with Radar,24,26,56,0,106,0,9,36,0,45,24,35,92,0,151,40,0,40,191
06/26/2023,STS,CA,AWP,WE,Towers with Radar,25,14,35,0,74,0,14,73,0,87,25,28,108,0,161,66,0,66,227
06/27/2023,STS,CA,AWP,WE,Towers with Radar,17,7,30,0,54,0,8,83,0,91,17,15,113,0,145,104,0,104,249
06/28/2023,STS,CA,AWP,WE,Towers with Radar,18,17,27,0,62,0,8,97,0,105,18,25,124,0,167,182,0,182,349
06/29/2023,STS,CA,AWP,WE,Towers with Radar,28,17,29,2,76,0,13,116,0,129,28,30,145,2,205,94,6,100,305
06/30/2023,STS,CA,AWP,WE,Towers with Radar,24,9,32,0,65,0,22,114,0,136,24,31,146,0,201,162,0,162,363
07/01/2023,STS,CA,AWP,WE,Towers with Radar,15,11,23,0,49,0,25,107,0,132,15,36,130,0,181,72,0,72,253
07/02/2023,STS,CA,AWP,WE,Towers with Radar,24,8,21,0,53,0,27,87,0,114,24,35,108,0,167,26,0,26,193
07/03/2023,STS,CA,AWP,WE,Towers with Radar,25,10,16,1,52,0,21,82,0,103,25,31,98,1,155,80,0,80,235
07/04/2023,STS,CA,AWP,WE,Towers with Radar,13,7,18,0,38,0,15,58,0,73,13,22,76,0,111,52,0,52,163
07/05/2023,STS,CA,AWP,WE,Towers with Radar,14,14,34,0,62,0,24,80,0,104,14,38,114,0,166,48,0,48,214
07/06/2023,STS,CA,AWP,WE,Towers with Radar,24,23,41,1,89,0,12,75,0,87,24,35,116,1,176,166,0,166,342
07/07/2023,STS,CA,AWP,WE,Towers with Radar,23,16,20,1,60,0,10,76,3,89,23,26,96,4,149,134,0,134,283
07/08/2023,STS,CA,AWP,WE,Towers with Radar,15,24,18,0,57,0,6,108,2,116,15,30,126,2,173,82,0,82,255
07/09/2023,STS,CA,AWP,WE,Towers with Radar,24,11,32,0,67,0,14,81,0,95,24,25,113,0,162,92,0,92,254
07/10/2023,STS,CA,AWP,WE,Towers with Radar,25,17,27,0,69,0,9,89,1,99,25,26,116,1,168,106,0,106,274
07/11/2023,STS,CA,AWP,WE,Towers with Radar,13,4,27,0,44,0,35,100,2,137,13,39,127,2,181,184,0,184,365
07/12/2023,STS,CA,AWP,WE,Towers with Radar,13,16,34,1,64,0,16,91,1,108,13,32,125,2,172,154,0,154,326
07/13/2023,STS,CA,AWP,WE,Towers with Radar,24,34,62,0,120,0,15,87,0,102,24,49,149,0,222,88,0,88,310
07/14/2023,STS,CA,AWP,WE,Towers with Radar,23,31,38,1,93,0,16,107,0,123,23,47,145,1,216,40,0,40,256
07/15/2023,STS,CA,AWP,WE,Towers with Radar,16,22,26,0,64,0,24,86,0,110,16,46,112,0,174,108,0,108,282
07/16/2023,STS,CA,AWP,WE,Towers with Radar,24,37,52,0,113,0,19,86,1,106,24,56,138,1,219,56,0,56,275
07/17/2023,STS,CA,AWP,WE,Towers with Radar,25,13,32,2,72,0,10,82,2,94,25,23,114,4,166,62,0,62,228
07/18/2023,STS,CA,AWP,WE,Towers with Radar,15,15,32,0,62,0,10,104,0,114,15,25,136,0,176,70,0,70,246
07/19/2023,STS,CA,AWP,WE,Towers with Radar,16,21,44,0,81,0,17,93,0,110,16,38,137,0,191,48,0,48,239
07/20/2023,STS,CA,AWP,WE,Towers with Radar,24,53,75,0,152,0,19,99,0,118,24,72,174,0,270,42,0,42,312
07/21/2023,STS,CA,AWP,WE,Towers with Radar,25,18,25,0,68,0,19,121,0,140,25,37,146,0,208,92,0,92,300
07/22/2023,STS,CA,AWP,WE,Towers with Radar,16,29,27,0,72,0,11,86,0,97,16,40,113,0,169,44,0,44,213
07/23/2023,STS,CA,AWP,WE,Towers with Radar,24,59,68,0,151,0,12,85,0,97,24,71,153,0,248,56,0,56,304
07/24/2023,STS,CA,AWP,WE,Towers with Radar,25,23,27,0,75,0,17,79,0,96,25,40,106,0,171,72,0,72,243
07/25/2023,STS,CA,AWP,WE,Towers with Radar,16,23,21,0,60,0,17,89,0,106,16,40,110,0,166,86,0,86,252
07/26/2023,STS,CA,AWP,WE,Towers with Radar,16,14,32,0,62,0,10,79,2,91,16,24,111,2,153,94,0,94,247
07/27/2023,STS,CA,AWP,WE,Towers with Radar,26,21,37,2,86,0,26,93,0,119,26,47,130,2,205,46,0,46,251
07/28/2023,STS,CA,AWP,WE,Towers with Radar,25,14,25,0,64,0,30,85,0,115,25,44,110,0,179,84,0,84,263
07/29/2023,STS,CA,AWP,WE,Towers with Radar,16,18,26,0,60,0,17,103,0,120,16,35,129,0,180,94,0,94,274
07/30/2023,STS,CA,AWP,WE,Towers with Radar,25,34,51,0,110,0,13,101,0,114,25,47,152,0,224,98,0,98,322
07/31/2023,STS,CA,AWP,WE,Towers with Radar,25,19,23,1,68,0,23,90,0,113,25,42,113,1,181,78,0,78,259
08/01/2023,STS,CA,AWP,WE,Towers with Radar,17,7,25,1,50,0,20,81,0,101,17,27,106,1,151,80,0,80,231
08/02/2023,STS,CA,AWP,WE,Towers with Radar,17,17,26,0,60,0,5,97,1,103,17,22,123,1,163,92,0,92,255
08/03/2023,STS,CA,AWP,WE,Towers with Radar,24,7,29,4,64,0,14,74,0,88,24,21,103,4,152,114,0,114,266
08/04/2023,STS,CA,AWP,WE,Towers with Radar,23,14,39,0,76,0,17,92,0,109,23,31,131,0,185,156,0,156,341
08/05/2023,STS,CA,AWP,WE,Towers with Radar,16,15,7,0,38,0,17,93,0,110,16,32,100,0,148,94,0,94,242
08/06/2023,STS,CA,AWP,WE,Towers with Radar,24,22,21,0,67,0,14,117,0,131,24,36,138,0,198,118,0,118,316
08/07/2023,STS,CA,AWP,WE,Towers with Radar,25,15,8,0,48,0,16,77,1,94,25,31,85,1,142,94,0,94,236
08/08/2023,STS,CA,AWP,WE,Towers with Radar,17,17,25,1,60,0,13,93,1,107,17,30,118,2,167,150,0,150,317
08/09/2023,STS,CA,AWP,WE,Towers with Radar,17,23,26,0,66,0,7,104,1,112,17,30,130,1,178,118,0,118,296
08/10/2023,STS,CA,AWP,WE,Towers with Radar,27,13,25,1,66,0,10,111,5,126,27,23,136,6,192,96,0,96,288
08/11/2023,STS,CA,AWP,WE,Towers with Radar,25,14,27,0,66,0,14,74,0,88,25,28,101,0,154,118,0,118,272
08/12/2023,STS,CA,AWP,WE,Towers with Radar,16,8,27,1,52,0,12,110,0,122,16,20,137,1,174,101,0,101,275
08/13/2023,STS,CA,AWP,WE,Towers with Radar,26,23,21,2,72,0,16,120,0,136,26,39,141,2,208,116,0,116,324
08/14/2023,STS,CA,AWP,WE,Towers with Radar,25,17,19,2,63,0,16,102,0,118,25,33,121,2,181,162,0,162,343
08/15/2023,STS,CA,AWP,WE,Towers with Radar,19,13,16,0,48,0,21,93,0,114,19,34,109,0,162,108,0,108,270
08/16/2023,STS,CA,AWP,WE,Towers with Radar,19,8,27,2,56,0,33,93,1,127,19,41,120,3,183,108,0,108,291
08/17/2023,STS,CA,AWP,WE,Towers with Radar,27,8,40,0,75,0,8,114,0,122,27,16,154,0,197,136,0,136,333
08/18/2023,STS,CA,AWP,WE,Towers with Radar,27,13,31,0,71,0,12,52,0,64,27,25,83,0,135,88,0,88,223
08/19/2023,STS,CA,AWP,WE,Towers with Radar,17,19,29,0,65,0,24,143,1,168,17,43,172,1,233,46,0,46,279
08/20/2023,STS,CA,AWP,WE,Towers with Radar,27,14,23,0,64,0,9,98,1,108,27,23,121,1,172,88,0,88,260
08/21/2023,STS,CA,AWP,WE,Towers with Radar,30,24,42,0,96,0,11,23,0,34,30,35,65,0,130,28,0,28,158
08/22/2023,STS,CA,AWP,WE,Towers with Radar,19,31,20,2,72,0,21,75,0,96,19,52,95,2,168,120,0,120,288
08/23/2023,STS,CA,AWP,WE,Towers with Radar,18,10,24,0,52,0,14,91,0,105,18,24,115,0,157,140,0,140,297
08/24/2023,STS,CA,AWP,WE,Towers with Radar,27,15,26,0,68,0,22,120,0,142,27,37,146,0,210,84,0,84,294
08/25/2023,STS,CA,AWP,WE,Towers with Radar,28,11,37,0,76,0,9,110,3,122,28,20,147,3,198,98,0,98,296
08/26/2023,STS,CA,AWP,WE,Towers with Radar,18,8,25,0,51,0,6,93,0,99,18,14,118,0,150,40,0,40,190
08/27/2023,STS,CA,AWP,WE,Towers with Radar,28,7,23,0,58,0,17,112,0,129,28,24,135,0,187,96,0,96,283
08/28/2023,STS,CA,AWP,WE,Towers with Radar,27,13,24,0,64,0,25,72,1,98,27,38,96,1,162,86,0,86,248
08/29/2023,STS,CA,AWP,WE,Towers with Radar,18,9,19,0,46,0,14,110,0,124,18,23,129,0,170,94,0,94,264
08/30/2023,STS,CA,AWP,WE,Towers with Radar,19,10,14,0,43,0,10,72,0,82,19,20,86,0,125,136,0,136,261
08/31/2023,STS,CA,AWP,WE,Towers with Radar,28,16,24,0,68,0,25,106,0,131,28,41,130,0,199,92,0,92,291
