01/01/2000,STT,VI,ASO,ES,Combined TRACON& Tower with Radar,22,47,10,2,81,10,106,30,0,146,32,153,40,2,227,0,0,0,227
01/02/2000,STT,VI,ASO,ES,Combined TRACON& Tower with Radar,29,60,13,2,104,5,132,75,1,213,34,192,88,3,317,20,0,20,337
01/03/2000,STT,VI,ASO,ES,Combined TRACON& Tower with Radar,26,66,15,2,109,0,147,64,2,213,26,213,79,4,322,6,0,6,328
01/04/2000,STT,VI,ASO,ES,Combined TRACON& Tower with Radar,25,65,14,2,106,0,131,60,10,201,25,196,74,12,307,0,0,0,307
01/05/2000,STT,VI,ASO,ES,Combined TRACON& Tower with Radar,30,67,15,1,113,0,190,74,0,264,30,257,89,1,377,8,0,8,385
01/06/2000,STT,VI,ASO,ES,Combined TRACON& Tower with Radar,27,59,13,2,101,0,104,36,11,151,27,163,49,13,252,54,0,54,306
01/07/2000,STT,VI,ASO,ES,Combined TRACON& Tower with Radar,30,66,14,2,112,0,101,48,11,160,30,167,62,13,272,20,0,20,292
01/08/2000,STT,VI,ASO,ES,Combined TRACON& Tower with Radar,27,56,12,0,95,6,129,36,0,171,33,185,48,0,266,0,0,0,266
01/09/2000,STT,VI,ASO,ES,Combined TRACON& Tower with Radar,27,56,11,2,96,4,110,35,0,149,31,166,46,2,245,18,0,18,263
01/10/2000,STT,VI,ASO,ES,Combined TRACON& Tower with Radar,27,59,12,3,101,0,125,42,6,173,27,184,54,9,274,20,0,20,294
01/11/2000,STT,VI,ASO,ES,Combined TRACON& Tower with Radar,24,59,11,3,97,0,110,32,14,156,24,169,43,17,253,10,0,10,263
01/12/2000,STT,VI,ASO,ES,Combined TRACON& Tower with Radar,28,62,12,3,105,0,134,82,8,224,28,196,94,11,329,28,0,28,357
01/13/2000,STT,VI,ASO,ES,Combined TRACON& Tower with Radar,27,62,13,2,104,0,98,33,0,131,27,160,46,2,235,14,0,14,249
01/14/2000,STT,VI,ASO,ES,Combined TRACON& Tower with Radar,21,60,12,2,95,0,115,48,0,163,21,175,60,2,258,10,0,10,268
01/15/2000,STT,VI,ASO,ES,Combined TRACON& Tower with Radar,31,60,12,3,106,3,120,36,4,163,34,180,48,7,269,0,0,0,269
01/16/2000,STT,VI,ASO,ES,Combined TRACON& Tower with Radar,19,37,7,0,63,9,14,17,0,40,28,51,24,0,103,0,0,0,103
01/17/2000,STT,VI,ASO,ES,Combined TRACON& Tower with Radar,28,55,12,3,98,4,94,25,0,123,32,149,37,3,221,6,0,6,227
01/18/2000,STT,VI,ASO,ES,Combined TRACON& Tower with Radar,26,51,10,3,90,0,115,36,1,152,26,166,46,4,242,0,0,0,242
01/19/2000,STT,VI,ASO,ES,Combined TRACON& Tower with Radar,27,53,11,3,94,3,183,55,1,242,30,236,66,4,336,30,0,30,366
01/20/2000,STT,VI,ASO,ES,Combined TRACON& Tower with Radar,27,53,11,3,94,0,115,62,9,186,27,168,73,12,280,36,6,42,322
01/21/2000,STT,VI,ASO,ES,Combined TRACON& Tower with Radar,27,53,11,3,94,0,127,68,0,195,27,180,79,3,289,26,0,26,315
01/22/2000,STT,VI,ASO,ES,Combined TRACON& Tower with Radar,31,61,12,0,104,7,125,56,0,188,38,186,68,0,292,16,0,16,308
01/23/2000,STT,VI,ASO,ES,Combined TRACON& Tower with Radar,31,61,12,2,106,12,59,29,0,100,43,120,41,2,206,54,0,54,260
01/24/2000,STT,VI,ASO,ES,Combined TRACON& Tower with Radar,25,53,11,1,90,0,148,53,0,201,25,201,64,1,291,10,0,10,301
01/25/2000,STT,VI,ASO,ES,Combined TRACON& Tower with Radar,18,50,10,3,81,0,117,43,1,161,18,167,53,4,242,32,0,32,274
01/26/2000,STT,VI,ASO,ES,Combined TRACON& Tower with Radar,30,60,12,2,104,0,160,56,15,231,30,220,68,17,335,18,0,18,353
01/27/2000,STT,VI,ASO,ES,Combined TRACON& Tower with Radar,30,59,11,2,102,0,125,34,5,164,30,184,45,7,266,16,0,16,282
01/28/2000,STT,VI,ASO,ES,Combined TRACON& Tower with Radar,25,70,14,3,112,0,108,55,2,165,25,178,69,5,277,42,0,42,319
01/29/2000,STT,VI,ASO,ES,Combined TRACON& Tower with Radar,34,70,14,1,119,3,108,52,0,163,37,178,66,1,282,40,0,40,322
01/30/2000,STT,VI,ASO,ES,Combined TRACON& Tower with Radar,33,65,13,2,113,1,64,64,0,129,34,129,77,2,242,48,0,48,290
01/31/2000,STT,VI,ASO,ES,Combined TRACON& Tower with Radar,27,58,12,0,97,0,122,31,0,153,27,180,43,0,250,34,0,34,284
02/01/2000,STT,VI,ASO,ES,Combined TRACON& Tower with Radar,22,48,16,1,87,3,94,30,2,129,25,142,46,3,216,18,0,18,234
02/02/2000,STT,VI,ASO,ES,Combined TRACON& Tower with Radar,25,54,18,1,98,6,137,54,8,205,31,191,72,9,303,8,0,8,311
02/03/2000,STT,VI,ASO,ES,Combined TRACON& Tower with Radar,32,70,22,2,126,1,78,30,7,116,33,148,52,9,242,40,0,40,282
02/04/2000,STT,VI,ASO,ES,Combined TRACON& Tower with Radar,25,61,20,1,107,0,108,40,4,152,25,169,60,5,259,28,0,28,287
02/05/2000,STT,VI,ASO,ES,Combined TRACON& Tower with Radar,29,63,20,1,113,8,100,48,2,158,37,163,68,3,271,14,8,22,293
02/06/2000,STT,VI,ASO,ES,Combined TRACON& Tower with Radar,32,70,22,2,126,9,49,36,1,95,41,119,58,3,221,12,0,12,233
02/07/2000,STT,VI,ASO,ES,Combined TRACON& Tower with Radar,24,71,23,2,120,0,91,26,5,122,24,162,49,7,242,0,0,0,242
02/08/2000,STT,VI,ASO,ES,Combined TRACON& Tower with Radar,24,53,17,1,95,3,73,64,0,140,27,126,81,1,235,12,0,12,247
02/09/2000,STT,VI,ASO,ES,Combined TRACON& Tower with Radar,28,56,18,1,103,2,143,71,5,221,30,199,89,6,324,20,0,20,344
02/10/2000,STT,VI,ASO,ES,Combined TRACON& Tower with Radar,30,63,20,2,115,0,120,45,16,181,30,183,65,18,296,22,0,22,318
02/11/2000,STT,VI,ASO,ES,Combined TRACON& Tower with Radar,21,56,17,2,96,0,119,84,0,203,21,175,101,2,299,0,0,0,299
02/12/2000,STT,VI,ASO,ES,Combined TRACON& Tower with Radar,31,64,20,0,115,3,118,39,0,160,34,182,59,0,275,16,0,16,291
02/13/2000,STT,VI,ASO,ES,Combined TRACON& Tower with Radar,27,70,22,3,122,0,44,39,10,93,27,114,61,13,215,18,0,18,233
02/14/2000,STT,VI,ASO,ES,Combined TRACON& Tower with Radar,30,63,19,3,115,0,98,53,0,151,30,161,72,3,266,0,0,0,266
02/15/2000,STT,VI,ASO,ES,Combined TRACON& Tower with Radar,23,51,15,2,91,0,106,46,1,153,23,157,61,3,244,8,0,8,252
02/16/2000,STT,VI,ASO,ES,Combined TRACON& Tower with Radar,30,65,20,3,118,0,127,72,3,202,30,192,92,6,320,24,1,25,345
02/17/2000,STT,VI,ASO,ES,Combined TRACON& Tower with Radar,34,75,23,3,135,0,94,50,1,145,34,169,73,4,280,18,0,18,298
02/18/2000,STT,VI,ASO,ES,Combined TRACON& Tower with Radar,28,67,20,3,118,0,168,80,3,251,28,235,100,6,369,0,0,0,369
02/19/2000,STT,VI,ASO,ES,Combined TRACON& Tower with Radar,37,75,23,0,135,1,116,42,0,159,38,191,65,0,294,16,0,16,310
02/20/2000,STT,VI,ASO,ES,Combined TRACON& Tower with Radar,31,63,19,0,113,6,71,49,0,126,37,134,68,0,239,3,0,3,242
02/21/2000,STT,VI,ASO,ES,Combined TRACON& Tower with Radar,30,73,22,0,125,0,106,66,0,172,30,179,88,0,297,0,0,0,297
02/22/2000,STT,VI,ASO,ES,Combined TRACON& Tower with Radar,22,56,17,0,95,0,133,31,0,164,22,189,48,0,259,36,0,36,295
02/23/2000,STT,VI,ASO,ES,Combined TRACON& Tower with Radar,32,65,20,2,119,8,85,51,4,148,40,150,71,6,267,16,8,24,291
02/24/2000,STT,VI,ASO,ES,Combined TRACON& Tower with Radar,25,68,20,2,115,0,153,60,0,213,25,221,80,2,328,0,0,0,328
02/25/2000,STT,VI,ASO,ES,Combined TRACON& Tower with Radar,31,75,22,2,130,0,105,58,11,174,31,180,80,13,304,0,0,0,304
02/26/2000,STT,VI,ASO,ES,Combined TRACON& Tower with Radar,37,77,24,2,140,0,120,48,2,170,37,197,72,4,310,8,0,8,318
02/27/2000,STT,VI,ASO,ES,Combined TRACON& Tower with Radar,32,72,22,2,128,0,81,44,6,131,32,153,66,8,259,10,0,10,269
02/28/2000,STT,VI,ASO,ES,Combined TRACON& Tower with Radar,28,66,20,2,116,0,112,40,7,159,28,178,60,9,275,6,0,6,281
02/29/2000,STT,VI,ASO,ES,Combined TRACON& Tower with Radar,26,55,17,1,99,2,115,55,0,172,28,170,72,1,271,34,0,34,305
03/01/2000,STT,VI,ASO,ES,Combined TRACON& Tower with Radar,23,51,15,2,91,0,154,70,0,224,23,205,85,2,315,16,0,16,331
03/02/2000,STT,VI,ASO,ES,Combined TRACON& Tower with Radar,27,57,17,1,102,98,96,79,0,273,125,153,96,1,375,0,12,12,387
03/03/2000,STT,VI,ASO,ES,Combined TRACON& Tower with Radar,29,83,23,3,138,0,118,94,13,225,29,201,117,16,363,18,12,30,393
03/04/2000,STT,VI,ASO,ES,Combined TRACON& Tower with Radar,30,64,18,2,114,8,123,38,14,183,38,187,56,16,297,14,2,16,313
03/05/2000,STT,VI,ASO,ES,Combined TRACON& Tower with Radar,32,68,19,3,122,3,65,45,5,118,35,133,64,8,240,2,0,2,242
03/06/2000,STT,VI,ASO,ES,Combined TRACON& Tower with Radar,25,54,15,2,96,0,138,42,2,182,25,192,57,4,278,0,0,0,278
03/07/2000,STT,VI,ASO,ES,Combined TRACON& Tower with Radar,24,55,15,1,95,0,80,54,0,134,24,135,69,1,229,2,0,2,231
03/08/2000,STT,VI,ASO,ES,Combined TRACON& Tower with Radar,26,55,15,3,99,2,112,46,1,161,28,167,61,4,260,16,0,16,276
03/09/2000,STT,VI,ASO,ES,Combined TRACON& Tower with Radar,28,58,15,0,101,6,125,42,0,173,34,183,57,0,274,0,0,0,274
03/10/2000,STT,VI,ASO,ES,Combined TRACON& Tower with Radar,35,72,19,4,130,3,120,47,0,170,38,192,66,4,300,6,0,6,306
03/11/2000,STT,VI,ASO,ES,Combined TRACON& Tower with Radar,30,62,17,3,112,6,138,65,1,210,36,200,82,4,322,10,0,10,332
03/12/2000,STT,VI,ASO,ES,Combined TRACON& Tower with Radar,28,59,15,3,105,18,66,45,6,135,46,125,60,9,240,22,0,22,262
03/13/2000,STT,VI,ASO,ES,Combined TRACON& Tower with Radar,27,73,20,4,124,0,101,40,6,147,27,174,60,10,271,0,0,0,271
03/14/2000,STT,VI,ASO,ES,Combined TRACON& Tower with Radar,23,49,13,0,85,5,92,60,0,157,28,141,73,0,242,0,0,0,242
03/15/2000,STT,VI,ASO,ES,Combined TRACON& Tower with Radar,26,54,14,0,94,0,160,70,0,230,26,214,84,0,324,28,0,28,352
03/16/2000,STT,VI,ASO,ES,Combined TRACON& Tower with Radar,23,60,17,3,103,0,98,34,2,134,23,158,51,5,237,20,0,20,257
03/17/2000,STT,VI,ASO,ES,Combined TRACON& Tower with Radar,27,84,22,4,137,0,146,70,25,241,27,230,92,29,378,0,0,0,378
03/18/2000,STT,VI,ASO,ES,Combined TRACON& Tower with Radar,36,72,20,4,132,8,126,36,0,170,44,198,56,4,302,30,0,30,332
03/19/2000,STT,VI,ASO,ES,Combined TRACON& Tower with Radar,31,62,17,3,113,7,80,34,6,127,38,142,51,9,240,0,0,0,240
03/20/2000,STT,VI,ASO,ES,Combined TRACON& Tower with Radar,30,60,16,3,109,1,58,36,2,97,31,118,52,5,206,2,0,2,208
03/21/2000,STT,VI,ASO,ES,Combined TRACON& Tower with Radar,21,58,15,3,97,0,123,48,0,171,21,181,63,3,268,0,0,0,268
03/22/2000,STT,VI,ASO,ES,Combined TRACON& Tower with Radar,20,55,14,0,89,0,138,75,0,213,20,193,89,0,302,18,0,18,320
03/23/2000,STT,VI,ASO,ES,Combined TRACON& Tower with Radar,27,58,15,3,103,0,134,45,2,181,27,192,60,5,284,30,0,30,314
03/24/2000,STT,VI,ASO,ES,Combined TRACON& Tower with Radar,32,65,17,1,115,0,132,60,0,192,32,197,77,1,307,16,0,16,323
03/25/2000,STT,VI,ASO,ES,Combined TRACON& Tower with Radar,27,54,15,0,96,7,153,39,0,199,34,207,54,0,295,0,0,0,295
03/26/2000,STT,VI,ASO,ES,Combined TRACON& Tower with Radar,29,58,15,2,104,6,82,51,0,139,35,140,66,2,243,12,0,12,255
03/27/2000,STT,VI,ASO,ES,Combined TRACON& Tower with Radar,25,50,13,2,90,4,125,31,13,173,29,175,44,15,263,14,0,14,277
03/28/2000,STT,VI,ASO,ES,Combined TRACON& Tower with Radar,25,71,19,3,118,0,81,32,3,116,25,152,51,6,234,52,0,52,286
03/29/2000,STT,VI,ASO,ES,Combined TRACON& Tower with Radar,29,74,20,3,126,0,150,70,13,233,29,224,90,16,359,0,0,0,359
03/30/2000,STT,VI,ASO,ES,Combined TRACON& Tower with Radar,28,58,16,2,104,0,107,46,2,155,28,165,62,4,259,30,0,30,289
03/31/2000,STT,VI,ASO,ES,Combined TRACON& Tower with Radar,33,66,17,3,119,4,135,62,3,204,37,201,79,6,323,20,0,20,343
04/01/2000,STT,VI,ASO,ES,Combined TRACON& Tower with Radar,34,58,17,2,111,0,141,44,2,187,34,199,61,4,298,22,6,28,326
04/02/2000,STT,VI,ASO,ES,Combined TRACON& Tower with Radar,30,53,15,2,100,6,64,52,0,122,36,117,67,2,222,8,0,8,230
04/03/2000,STT,VI,ASO,ES,Combined TRACON& Tower with Radar,24,41,12,1,78,2,109,34,3,148,26,150,46,4,226,16,0,16,242
04/04/2000,STT,VI,ASO,ES,Combined TRACON& Tower with Radar,27,51,14,2,94,0,129,30,1,160,27,180,44,3,254,2,0,2,256
04/05/2000,STT,VI,ASO,ES,Combined TRACON& Tower with Radar,29,51,15,0,95,4,127,69,0,200,33,178,84,0,295,19,0,19,314
04/06/2000,STT,VI,ASO,ES,Combined TRACON& Tower with Radar,22,48,13,1,84,0,151,59,5,215,22,199,72,6,299,22,0,22,321
04/07/2000,STT,VI,ASO,ES,Combined TRACON& Tower with Radar,27,55,15,2,99,0,133,61,0,194,27,188,76,2,293,14,5,19,312
04/08/2000,STT,VI,ASO,ES,Combined TRACON& Tower with Radar,30,52,15,2,99,0,157,46,10,213,30,209,61,12,312,10,0,10,322
04/09/2000,STT,VI,ASO,ES,Combined TRACON& Tower with Radar,25,43,13,1,82,9,107,35,1,152,34,150,48,2,234,14,0,14,248
04/10/2000,STT,VI,ASO,ES,Combined TRACON& Tower with Radar,31,57,16,0,104,0,102,59,0,161,31,159,75,0,265,12,0,12,277
04/11/2000,STT,VI,ASO,ES,Combined TRACON& Tower with Radar,23,40,12,1,76,3,126,47,0,176,26,166,59,1,252,6,0,6,258
04/12/2000,STT,VI,ASO,ES,Combined TRACON& Tower with Radar,26,44,13,1,84,0,153,72,6,231,26,197,85,7,315,40,0,40,355
04/13/2000,STT,VI,ASO,ES,Combined TRACON& Tower with Radar,27,52,14,2,95,0,97,76,0,173,27,149,90,2,268,8,0,8,276
04/14/2000,STT,VI,ASO,ES,Combined TRACON& Tower with Radar,28,52,14,3,97,0,158,51,5,214,28,210,65,8,311,20,0,20,331
04/15/2000,STT,VI,ASO,ES,Combined TRACON& Tower with Radar,20,32,8,2,62,17,107,77,8,209,37,139,85,10,271,18,0,18,289
04/16/2000,STT,VI,ASO,ES,Combined TRACON& Tower with Radar,33,54,14,3,104,8,92,30,0,130,41,146,44,3,234,6,0,6,240
04/17/2000,STT,VI,ASO,ES,Combined TRACON& Tower with Radar,27,52,14,3,96,0,133,50,11,194,27,185,64,14,290,12,0,12,302
04/18/2000,STT,VI,ASO,ES,Combined TRACON& Tower with Radar,27,53,14,0,94,0,132,45,0,177,27,185,59,0,271,0,0,0,271
04/19/2000,STT,VI,ASO,ES,Combined TRACON& Tower with Radar,29,50,13,3,95,0,174,82,10,266,29,224,95,13,361,6,0,6,367
04/20/2000,STT,VI,ASO,ES,Combined TRACON& Tower with Radar,24,43,11,2,80,0,153,100,2,255,24,196,111,4,335,48,0,48,383
04/21/2000,STT,VI,ASO,ES,Combined TRACON& Tower with Radar,27,43,11,2,83,0,158,49,8,215,27,201,60,10,298,22,0,22,320
04/22/2000,STT,VI,ASO,ES,Combined TRACON& Tower with Radar,30,48,13,0,91,6,158,43,0,207,36,206,56,0,298,16,0,16,314
04/23/2000,STT,VI,ASO,ES,Combined TRACON& Tower with Radar,28,45,12,1,86,9,141,30,0,180,37,186,42,1,266,0,0,0,266
04/24/2000,STT,VI,ASO,ES,Combined TRACON& Tower with Radar,28,61,16,3,108,0,113,65,8,186,28,174,81,11,294,10,0,10,304
04/25/2000,STT,VI,ASO,ES,Combined TRACON& Tower with Radar,25,50,13,1,89,0,117,51,2,170,25,167,64,3,259,0,0,0,259
04/26/2000,STT,VI,ASO,ES,Combined TRACON& Tower with Radar,23,52,13,2,90,0,188,66,10,264,23,240,79,12,354,0,0,0,354
04/27/2000,STT,VI,ASO,ES,Combined TRACON& Tower with Radar,25,48,12,1,86,0,112,65,0,177,25,160,77,1,263,38,0,38,301
04/28/2000,STT,VI,ASO,ES,Combined TRACON& Tower with Radar,26,43,12,1,82,8,133,63,1,205,34,176,75,2,287,14,0,14,301
04/29/2000,STT,VI,ASO,ES,Combined TRACON& Tower with Radar,31,54,14,2,101,0,120,29,0,149,31,174,43,2,250,14,0,14,264
04/30/2000,STT,VI,ASO,ES,Combined TRACON& Tower with Radar,0,0,0,0,0,0,0,0,0,0,0,0,0,0,0,0,0,0,0
05/01/2000,STT,VI,ASO,ES,Combined TRACON& Tower with Radar,20,46,9,1,76,1,144,49,5,199,21,190,58,6,275,0,0,0,275
05/02/2000,STT,VI,ASO,ES,Combined TRACON& Tower with Radar,22,64,13,0,99,0,106,33,0,139,22,170,46,0,238,0,0,0,238
05/03/2000,STT,VI,ASO,ES,Combined TRACON& Tower with Radar,24,56,11,2,93,4,190,73,3,270,28,246,84,5,363,10,0,10,373
05/04/2000,STT,VI,ASO,ES,Combined TRACON& Tower with Radar,27,63,13,2,105,0,120,47,7,174,27,183,60,9,279,24,0,24,303
05/05/2000,STT,VI,ASO,ES,Combined TRACON& Tower with Radar,25,58,12,0,95,5,118,80,0,203,30,176,92,0,298,16,0,16,314
05/06/2000,STT,VI,ASO,ES,Combined TRACON& Tower with Radar,20,45,9,1,75,4,117,22,3,146,24,162,31,4,221,36,0,36,257
05/07/2000,STT,VI,ASO,ES,Combined TRACON& Tower with Radar,20,45,9,0,74,9,142,47,0,198,29,187,56,0,272,10,0,10,282
05/08/2000,STT,VI,ASO,ES,Combined TRACON& Tower with Radar,22,51,10,2,85,12,134,56,2,204,34,185,66,4,289,10,0,10,299
05/09/2000,STT,VI,ASO,ES,Combined TRACON& Tower with Radar,24,56,11,0,91,0,142,42,0,184,24,198,53,0,275,3,0,3,278
05/10/2000,STT,VI,ASO,ES,Combined TRACON& Tower with Radar,23,52,10,2,87,2,139,58,4,203,25,191,68,6,290,16,0,16,306
05/11/2000,STT,VI,ASO,ES,Combined TRACON& Tower with Radar,20,61,12,2,95,0,79,35,12,126,20,140,47,14,221,4,0,4,225
05/12/2000,STT,VI,ASO,ES,Combined TRACON& Tower with Radar,20,56,11,0,87,0,147,65,0,212,20,203,76,0,299,40,0,40,339
05/13/2000,STT,VI,ASO,ES,Combined TRACON& Tower with Radar,18,38,7,2,65,6,110,29,0,145,24,148,36,2,210,12,0,12,222
05/14/2000,STT,VI,ASO,ES,Combined TRACON& Tower with Radar,19,40,7,0,66,8,80,29,0,117,27,120,36,0,183,0,0,0,183
05/15/2000,STT,VI,ASO,ES,Combined TRACON& Tower with Radar,19,54,10,3,86,0,117,51,7,175,19,171,61,10,261,0,0,0,261
05/16/2000,STT,VI,ASO,ES,Combined TRACON& Tower with Radar,21,45,9,0,75,0,107,37,0,144,21,152,46,0,219,2,0,2,221
05/17/2000,STT,VI,ASO,ES,Combined TRACON& Tower with Radar,20,56,10,3,89,0,108,79,3,190,20,164,89,6,279,2,0,2,281
05/18/2000,STT,VI,ASO,ES,Combined TRACON& Tower with Radar,19,56,10,2,87,0,116,64,0,180,19,172,74,2,267,0,0,0,267
05/19/2000,STT,VI,ASO,ES,Combined TRACON& Tower with Radar,22,46,8,3,79,4,80,37,4,125,26,126,45,7,204,48,0,48,252
05/20/2000,STT,VI,ASO,ES,Combined TRACON& Tower with Radar,23,57,11,2,93,0,101,66,0,167,23,158,77,2,260,20,0,20,280
05/21/2000,STT,VI,ASO,ES,Combined TRACON& Tower with Radar,21,45,8,2,76,2,71,31,3,107,23,116,39,5,183,26,0,26,209
05/22/2000,STT,VI,ASO,ES,Combined TRACON& Tower with Radar,22,49,9,2,82,0,106,40,0,146,22,155,49,2,228,0,0,0,228
05/23/2000,STT,VI,ASO,ES,Combined TRACON& Tower with Radar,22,47,8,3,80,0,108,66,3,177,22,155,74,6,257,22,0,22,279
05/24/2000,STT,VI,ASO,ES,Combined TRACON& Tower with Radar,21,54,10,3,88,0,82,66,0,148,21,136,76,3,236,49,0,49,285
05/25/2000,STT,VI,ASO,ES,Combined TRACON& Tower with Radar,22,51,9,3,85,0,90,58,0,148,22,141,67,3,233,36,0,36,269
05/26/2000,STT,VI,ASO,ES,Combined TRACON& Tower with Radar,24,55,10,3,92,0,113,67,9,189,24,168,77,12,281,24,0,24,305
05/27/2000,STT,VI,ASO,ES,Combined TRACON& Tower with Radar,21,46,8,0,75,1,85,45,0,131,22,131,53,0,206,40,0,40,246
05/28/2000,STT,VI,ASO,ES,Combined TRACON& Tower with Radar,21,44,8,0,73,1,77,32,0,110,22,121,40,0,183,12,0,12,195
05/29/2000,STT,VI,ASO,ES,Combined TRACON& Tower with Radar,24,55,10,2,91,0,94,25,3,122,24,149,35,5,213,0,0,0,213
05/30/2000,STT,VI,ASO,ES,Combined TRACON& Tower with Radar,20,61,11,0,92,0,92,26,0,118,20,153,37,0,210,30,0,30,240
05/31/2000,STT,VI,ASO,ES,Combined TRACON& Tower with Radar,23,52,9,1,85,0,84,47,0,131,23,136,56,1,216,40,0,40,256
06/01/2000,STT,VI,ASO,ES,Combined TRACON& Tower with Radar,24,53,7,2,86,0,89,46,0,135,24,142,53,2,221,16,0,16,237
06/02/2000,STT,VI,ASO,ES,Combined TRACON& Tower with Radar,21,53,7,2,83,0,87,57,0,144,21,140,64,2,227,10,0,10,237
06/03/2000,STT,VI,ASO,ES,Combined TRACON& Tower with Radar,17,40,6,2,65,8,85,22,0,115,25,125,28,2,180,4,0,4,184
06/04/2000,STT,VI,ASO,ES,Combined TRACON& Tower with Radar,19,43,6,0,68,4,68,35,0,107,23,111,41,0,175,0,0,0,175
06/05/2000,STT,VI,ASO,ES,Combined TRACON& Tower with Radar,19,47,6,3,75,0,107,46,5,158,19,154,52,8,233,0,0,0,233
06/06/2000,STT,VI,ASO,ES,Combined TRACON& Tower with Radar,19,52,7,2,80,0,85,37,0,122,19,137,44,2,202,24,0,24,226
06/07/2000,STT,VI,ASO,ES,Combined TRACON& Tower with Radar,20,46,6,3,75,3,90,67,0,160,23,136,73,3,235,12,0,12,247
06/08/2000,STT,VI,ASO,ES,Combined TRACON& Tower with Radar,18,41,6,0,65,7,91,72,0,170,25,132,78,0,235,40,0,40,275
06/09/2000,STT,VI,ASO,ES,Combined TRACON& Tower with Radar,20,50,7,4,81,0,104,74,0,178,20,154,81,4,259,14,0,14,273
06/10/2000,STT,VI,ASO,ES,Combined TRACON& Tower with Radar,20,46,6,4,76,5,76,34,1,116,25,122,40,5,192,8,0,8,200
06/11/2000,STT,VI,ASO,ES,Combined TRACON& Tower with Radar,16,40,5,1,62,7,61,27,0,95,23,101,32,1,157,0,0,0,157
06/12/2000,STT,VI,ASO,ES,Combined TRACON& Tower with Radar,20,67,9,0,96,0,87,33,0,120,20,154,42,0,216,8,0,8,224
06/13/2000,STT,VI,ASO,ES,Combined TRACON& Tower with Radar,19,47,6,4,76,0,89,42,1,132,19,136,48,5,208,6,0,6,214
06/14/2000,STT,VI,ASO,ES,Combined TRACON& Tower with Radar,20,46,5,4,75,0,107,65,0,172,20,153,70,4,247,20,0,20,267
06/15/2000,STT,VI,ASO,ES,Combined TRACON& Tower with Radar,22,48,6,3,79,0,85,62,0,147,22,133,68,3,226,32,0,32,258
06/16/2000,STT,VI,ASO,ES,Combined TRACON& Tower with Radar,26,72,9,6,113,0,70,49,8,127,26,142,58,14,240,4,0,4,244
06/17/2000,STT,VI,ASO,ES,Combined TRACON& Tower with Radar,22,46,6,4,78,1,86,32,2,121,23,132,38,6,199,50,0,50,249
06/18/2000,STT,VI,ASO,ES,Combined TRACON& Tower with Radar,21,45,6,4,76,1,61,19,9,90,22,106,25,13,166,0,0,0,166
06/19/2000,STT,VI,ASO,ES,Combined TRACON& Tower with Radar,19,48,6,4,77,0,110,62,0,172,19,158,68,4,249,0,4,4,253
06/20/2000,STT,VI,ASO,ES,Combined TRACON& Tower with Radar,20,46,6,4,76,0,89,39,6,134,20,135,45,10,210,0,0,0,210
06/21/2000,STT,VI,ASO,ES,Combined TRACON& Tower with Radar,20,49,6,5,80,0,104,53,9,166,20,153,59,14,246,18,24,42,288
06/22/2000,STT,VI,ASO,ES,Combined TRACON& Tower with Radar,19,51,6,5,81,0,82,57,12,151,19,133,63,17,232,0,0,0,232
06/23/2000,STT,VI,ASO,ES,Combined TRACON& Tower with Radar,21,45,6,0,72,3,109,51,0,163,24,154,57,0,235,10,0,10,245
06/24/2000,STT,VI,ASO,ES,Combined TRACON& Tower with Radar,21,45,5,4,75,4,74,35,7,120,25,119,40,11,195,26,0,26,221
06/25/2000,STT,VI,ASO,ES,Combined TRACON& Tower with Radar,22,48,6,4,80,2,54,28,4,88,24,102,34,8,168,0,0,0,168
06/26/2000,STT,VI,ASO,ES,Combined TRACON& Tower with Radar,27,59,8,2,96,11,134,39,0,184,38,193,47,2,280,0,0,0,280
06/27/2000,STT,VI,ASO,ES,Combined TRACON& Tower with Radar,24,59,8,4,95,0,72,39,12,123,24,131,47,16,218,4,0,4,222
06/28/2000,STT,VI,ASO,ES,Combined TRACON& Tower with Radar,27,58,7,4,96,0,75,51,6,132,27,133,58,10,228,10,0,10,238
06/29/2000,STT,VI,ASO,ES,Combined TRACON& Tower with Radar,19,49,6,3,77,0,109,57,0,166,19,158,63,3,243,16,0,16,259
06/30/2000,STT,VI,ASO,ES,Combined TRACON& Tower with Radar,20,52,6,4,82,0,104,68,0,172,20,156,74,4,254,8,0,8,262
07/01/2000,STT,VI,ASO,ES,Combined TRACON& Tower with Radar,18,50,9,1,78,5,75,32,4,116,23,125,41,5,194,8,0,8,202
07/02/2000,STT,VI,ASO,ES,Combined TRACON& Tower with Radar,18,48,8,0,74,3,53,11,0,67,21,101,19,0,141,0,0,0,141
07/03/2000,STT,VI,ASO,ES,Combined TRACON& Tower with Radar,21,62,10,0,93,0,82,56,0,138,21,144,66,0,231,0,0,0,231
07/04/2000,STT,VI,ASO,ES,Combined TRACON& Tower with Radar,17,50,9,1,77,0,83,31,0,114,17,133,40,1,191,0,0,0,191
07/05/2000,STT,VI,ASO,ES,Combined TRACON& Tower with Radar,20,59,10,1,90,0,114,25,8,147,20,173,35,9,237,0,0,0,237
07/06/2000,STT,VI,ASO,ES,Combined TRACON& Tower with Radar,17,48,8,1,74,5,108,54,3,170,22,156,62,4,244,8,0,8,252
07/07/2000,STT,VI,ASO,ES,Combined TRACON& Tower with Radar,19,53,9,1,82,0,102,80,5,187,19,155,89,6,269,16,0,16,285
07/08/2000,STT,VI,ASO,ES,Combined TRACON& Tower with Radar,24,66,11,1,102,1,60,61,18,140,25,126,72,19,242,12,0,12,254
07/09/2000,STT,VI,ASO,ES,Combined TRACON& Tower with Radar,17,48,8,1,74,7,59,42,1,109,24,107,50,2,183,8,0,8,191
07/10/2000,STT,VI,ASO,ES,Combined TRACON& Tower with Radar,19,61,10,0,90,0,116,59,0,175,19,177,69,0,265,6,0,6,271
07/11/2000,STT,VI,ASO,ES,Combined TRACON& Tower with Radar,14,53,9,1,77,0,75,54,3,132,14,128,63,4,209,10,0,10,219
07/12/2000,STT,VI,ASO,ES,Combined TRACON& Tower with Radar,19,52,9,0,80,0,99,62,0,161,19,151,71,0,241,38,0,38,279
07/13/2000,STT,VI,ASO,ES,Combined TRACON& Tower with Radar,22,58,10,0,90,0,87,70,0,157,22,145,80,0,247,16,0,16,263
07/14/2000,STT,VI,ASO,ES,Combined TRACON& Tower with Radar,21,53,9,0,83,0,87,67,0,154,21,140,76,0,237,0,0,0,237
07/15/2000,STT,VI,ASO,ES,Combined TRACON& Tower with Radar,19,48,7,0,74,3,76,41,0,120,22,124,48,0,194,16,0,16,210
07/16/2000,STT,VI,ASO,ES,Combined TRACON& Tower with Radar,19,48,7,0,74,2,60,34,0,96,21,108,41,0,170,0,0,0,170
07/17/2000,STT,VI,ASO,ES,Combined TRACON& Tower with Radar,21,54,9,2,86,1,83,49,5,138,22,137,58,7,224,6,0,6,230
07/18/2000,STT,VI,ASO,ES,Combined TRACON& Tower with Radar,26,70,11,0,107,0,98,56,0,154,26,168,67,0,261,0,0,0,261
07/19/2000,STT,VI,ASO,ES,Combined TRACON& Tower with Radar,17,55,8,1,81,0,99,61,0,160,17,154,69,1,241,6,2,8,249
07/20/2000,STT,VI,ASO,ES,Combined TRACON& Tower with Radar,20,61,10,2,93,0,71,41,4,116,20,132,51,6,209,15,0,15,224
07/21/2000,STT,VI,ASO,ES,Combined TRACON& Tower with Radar,20,52,8,0,80,0,94,73,0,167,20,146,81,0,247,48,0,48,295
07/22/2000,STT,VI,ASO,ES,Combined TRACON& Tower with Radar,18,46,7,2,73,2,84,49,1,136,20,130,56,3,209,26,0,26,235
07/23/2000,STT,VI,ASO,ES,Combined TRACON& Tower with Radar,19,51,8,0,78,3,55,31,0,89,22,106,39,0,167,0,0,0,167
07/24/2000,STT,VI,ASO,ES,Combined TRACON& Tower with Radar,19,57,9,2,87,0,80,66,1,147,19,137,75,3,234,0,0,0,234
07/25/2000,STT,VI,ASO,ES,Combined TRACON& Tower with Radar,18,55,8,2,83,0,85,63,4,152,18,140,71,6,235,1,8,9,244
07/26/2000,STT,VI,ASO,ES,Combined TRACON& Tower with Radar,21,58,9,2,90,0,100,50,5,155,21,158,59,7,245,0,8,8,253
07/27/2000,STT,VI,ASO,ES,Combined TRACON& Tower with Radar,21,58,9,2,90,0,87,66,6,159,21,145,75,8,249,18,0,18,267
07/28/2000,STT,VI,ASO,ES,Combined TRACON& Tower with Radar,20,53,8,1,82,0,88,49,11,148,20,141,57,12,230,10,8,18,248
07/29/2000,STT,VI,ASO,ES,Combined TRACON& Tower with Radar,23,61,9,1,94,1,43,6,4,54,24,104,15,5,148,0,0,0,148
07/30/2000,STT,VI,ASO,ES,Combined TRACON& Tower with Radar,21,54,8,1,84,3,46,36,2,87,24,100,44,3,171,12,0,12,183
07/31/2000,STT,VI,ASO,ES,Combined TRACON& Tower with Radar,19,52,8,1,80,0,104,53,3,160,19,156,61,4,240,12,0,12,252
08/01/2000,STT,VI,ASO,ES,Combined TRACON& Tower with Radar,17,53,9,1,80,6,81,52,0,139,23,134,61,1,219,40,0,40,259
08/02/2000,STT,VI,ASO,ES,Combined TRACON& Tower with Radar,16,49,8,1,74,1,108,53,3,165,17,157,61,4,239,24,0,24,263
08/03/2000,STT,VI,ASO,ES,Combined TRACON& Tower with Radar,16,58,9,1,84,0,78,57,1,136,16,136,66,2,220,28,0,28,248
08/04/2000,STT,VI,ASO,ES,Combined TRACON& Tower with Radar,18,61,9,0,88,0,78,70,0,148,18,139,79,0,236,10,0,10,246
08/05/2000,STT,VI,ASO,ES,Combined TRACON& Tower with Radar,15,45,7,0,67,3,77,38,0,118,18,122,45,0,185,28,0,28,213
08/06/2000,STT,VI,ASO,ES,Combined TRACON& Tower with Radar,15,46,7,1,69,7,64,41,1,113,22,110,48,2,182,8,0,8,190
08/07/2000,STT,VI,ASO,ES,Combined TRACON& Tower with Radar,15,62,10,1,88,0,84,54,3,141,15,146,64,4,229,0,0,0,229
08/08/2000,STT,VI,ASO,ES,Combined TRACON& Tower with Radar,19,59,8,2,88,2,81,44,7,134,21,140,52,9,222,6,0,6,228
08/09/2000,STT,VI,ASO,ES,Combined TRACON& Tower with Radar,14,61,9,2,86,0,93,45,3,141,14,154,54,5,227,10,0,10,237
08/10/2000,STT,VI,ASO,ES,Combined TRACON& Tower with Radar,19,63,10,2,94,0,96,50,2,148,19,159,60,4,242,6,0,6,248
08/11/2000,STT,VI,ASO,ES,Combined TRACON& Tower with Radar,16,55,8,2,81,0,86,55,4,145,16,141,63,6,226,36,0,36,262
08/12/2000,STT,VI,ASO,ES,Combined TRACON& Tower with Radar,15,48,7,0,70,8,55,59,0,122,23,103,66,0,192,11,0,11,203
08/13/2000,STT,VI,ASO,ES,Combined TRACON& Tower with Radar,15,47,7,2,71,4,61,39,0,104,19,108,46,2,175,18,0,18,193
08/14/2000,STT,VI,ASO,ES,Combined TRACON& Tower with Radar,16,50,7,2,75,5,101,49,1,156,21,151,56,3,231,2,0,2,233
08/15/2000,STT,VI,ASO,ES,Combined TRACON& Tower with Radar,19,63,9,2,93,0,92,56,3,151,19,155,65,5,244,22,0,22,266
08/16/2000,STT,VI,ASO,ES,Combined TRACON& Tower with Radar,16,54,8,2,80,0,91,57,6,154,16,145,65,8,234,42,0,42,276
08/17/2000,STT,VI,ASO,ES,Combined TRACON& Tower with Radar,17,57,8,2,84,0,68,53,0,121,17,125,61,2,205,18,0,18,223
08/18/2000,STT,VI,ASO,ES,Combined TRACON& Tower with Radar,17,55,8,2,82,0,95,59,3,157,17,150,67,5,239,34,0,34,273
08/19/2000,STT,VI,ASO,ES,Combined TRACON& Tower with Radar,18,52,7,2,79,2,67,34,3,106,20,119,41,5,185,6,0,6,191
08/20/2000,STT,VI,ASO,ES,Combined TRACON& Tower with Radar,16,48,7,2,73,4,55,25,4,88,20,103,32,6,161,0,0,0,161
08/21/2000,STT,VI,ASO,ES,Combined TRACON& Tower with Radar,20,64,9,2,95,0,70,68,1,139,20,134,77,3,234,0,0,0,234
08/22/2000,STT,VI,ASO,ES,Combined TRACON& Tower with Radar,0,0,0,0,0,0,0,0,0,0,0,0,0,0,0,0,0,0,0
08/23/2000,STT,VI,ASO,ES,Combined TRACON& Tower with Radar,13,45,6,0,64,0,26,50,0,76,13,71,56,0,140,0,0,0,140
08/24/2000,STT,VI,ASO,ES,Combined TRACON& Tower with Radar,20,58,8,2,88,4,62,54,9,129,24,120,62,11,217,52,0,52,269
08/25/2000,STT,VI,ASO,ES,Combined TRACON& Tower with Radar,15,50,7,2,74,0,75,77,5,157,15,125,84,7,231,4,6,10,241
08/26/2000,STT,VI,ASO,ES,Combined TRACON& Tower with Radar,17,49,7,0,73,2,69,27,0,98,19,118,34,0,171,32,0,32,203
08/27/2000,STT,VI,ASO,ES,Combined TRACON& Tower with Radar,16,48,7,2,73,2,44,39,2,87,18,92,46,4,160,0,0,0,160
08/28/2000,STT,VI,ASO,ES,Combined TRACON& Tower with Radar,15,52,8,2,77,0,114,26,0,140,15,166,34,2,217,26,0,26,243
08/29/2000,STT,VI,ASO,ES,Combined TRACON& Tower with Radar,16,47,7,1,71,0,61,32,5,98,16,108,39,6,169,12,4,16,185
08/30/2000,STT,VI,ASO,ES,Combined TRACON& Tower with Radar,11,51,8,1,71,0,115,31,4,150,11,166,39,5,221,32,0,32,253
08/31/2000,STT,VI,ASO,ES,Combined TRACON& Tower with Radar,17,56,8,1,82,0,69,41,7,117,17,125,49,8,199,34,0,34,233
09/01/2000,STT,VI,ASO,ES,Combined TRACON& Tower with Radar,14,56,9,1,80,0,93,49,2,144,14,149,58,3,224,24,0,24,248
09/02/2000,STT,VI,ASO,ES,Combined TRACON& Tower with Radar,13,54,9,1,77,9,52,22,0,83,22,106,31,1,160,2,0,2,162
09/03/2000,STT,VI,ASO,ES,Combined TRACON& Tower with Radar,13,50,8,0,71,3,45,22,2,72,16,95,30,2,143,2,0,2,145
09/04/2000,STT,VI,ASO,ES,Combined TRACON& Tower with Radar,13,50,9,0,72,3,85,45,2,135,16,135,54,2,207,26,0,26,233
09/05/2000,STT,VI,ASO,ES,Combined TRACON& Tower with Radar,15,59,9,1,84,4,83,34,1,122,19,142,43,2,206,10,0,10,216
09/06/2000,STT,VI,ASO,ES,Combined TRACON& Tower with Radar,14,51,8,1,74,1,99,45,7,152,15,150,53,8,226,10,0,10,236
09/07/2000,STT,VI,ASO,ES,Combined TRACON& Tower with Radar,12,52,8,1,73,0,84,36,3,123,12,136,44,4,196,26,0,26,222
09/08/2000,STT,VI,ASO,ES,Combined TRACON& Tower with Radar,13,50,9,0,72,0,96,35,2,133,13,146,44,2,205,14,0,14,219
09/09/2000,STT,VI,ASO,ES,Combined TRACON& Tower with Radar,14,50,9,0,73,4,59,41,4,108,18,109,50,4,181,8,0,8,189
09/10/2000,STT,VI,ASO,ES,Combined TRACON& Tower with Radar,14,53,9,1,77,0,53,25,3,81,14,106,34,4,158,2,4,6,164
09/11/2000,STT,VI,ASO,ES,Combined TRACON& Tower with Radar,10,56,8,1,75,0,88,48,0,136,10,144,56,1,211,14,0,14,225
09/12/2000,STT,VI,ASO,ES,Combined TRACON& Tower with Radar,13,56,8,0,77,0,72,64,0,136,13,128,72,0,213,33,0,33,246
09/13/2000,STT,VI,ASO,ES,Combined TRACON& Tower with Radar,12,58,8,2,80,0,81,47,7,135,12,139,55,9,215,12,0,12,227
09/14/2000,STT,VI,ASO,ES,Combined TRACON& Tower with Radar,14,51,7,2,74,3,62,59,4,128,17,113,66,6,202,62,0,62,264
09/15/2000,STT,VI,ASO,ES,Combined TRACON& Tower with Radar,13,51,7,1,72,0,70,67,0,137,13,121,74,1,209,24,4,28,237
09/16/2000,STT,VI,ASO,ES,Combined TRACON& Tower with Radar,14,50,8,1,73,6,47,38,8,99,20,97,46,9,172,2,0,2,174
09/17/2000,STT,VI,ASO,ES,Combined TRACON& Tower with Radar,14,63,9,2,88,0,13,14,6,33,14,76,23,8,121,0,0,0,121
09/18/2000,STT,VI,ASO,ES,Combined TRACON& Tower with Radar,10,49,8,1,68,0,80,69,0,149,10,129,77,1,217,6,0,6,223
09/19/2000,STT,VI,ASO,ES,Combined TRACON& Tower with Radar,18,66,10,2,96,4,30,61,2,97,22,96,71,4,193,26,0,26,219
09/20/2000,STT,VI,ASO,ES,Combined TRACON& Tower with Radar,17,62,9,2,90,1,53,73,1,128,18,115,82,3,218,14,0,14,232
09/21/2000,STT,VI,ASO,ES,Combined TRACON& Tower with Radar,15,56,8,2,81,0,68,62,2,132,15,124,70,4,213,32,0,32,245
09/22/2000,STT,VI,ASO,ES,Combined TRACON& Tower with Radar,14,65,9,1,89,0,66,83,2,151,14,131,92,3,240,24,0,24,264
09/23/2000,STT,VI,ASO,ES,Combined TRACON& Tower with Radar,14,49,7,0,70,2,53,31,8,94,16,102,38,8,164,28,0,28,192
09/24/2000,STT,VI,ASO,ES,Combined TRACON& Tower with Radar,13,48,7,0,68,5,48,19,5,77,18,96,26,5,145,18,0,18,163
09/25/2000,STT,VI,ASO,ES,Combined TRACON& Tower with Radar,12,52,7,1,72,0,71,41,0,112,12,123,48,1,184,28,0,28,212
09/26/2000,STT,VI,ASO,ES,Combined TRACON& Tower with Radar,14,68,10,1,93,0,46,66,1,113,14,114,76,2,206,41,0,41,247
09/27/2000,STT,VI,ASO,ES,Combined TRACON& Tower with Radar,12,70,10,1,93,0,50,39,8,97,12,120,49,9,190,14,0,14,204
09/28/2000,STT,VI,ASO,ES,Combined TRACON& Tower with Radar,18,68,10,1,97,2,43,42,1,88,20,111,52,2,185,36,0,36,221
09/29/2000,STT,VI,ASO,ES,Combined TRACON& Tower with Radar,14,60,8,1,83,0,66,72,1,139,14,126,80,2,222,46,0,46,268
09/30/2000,STT,VI,ASO,ES,Combined TRACON& Tower with Radar,15,55,8,1,79,0,62,35,1,98,15,117,43,2,177,82,0,82,259
10/01/2000,STT,VI,ASO,ES,Combined TRACON& Tower with Radar,12,49,7,0,68,6,44,18,0,68,18,93,25,0,136,0,0,0,136
10/02/2000,STT,VI,ASO,ES,Combined TRACON& Tower with Radar,11,59,8,2,80,0,75,76,2,153,11,134,84,4,233,34,0,34,267
10/03/2000,STT,VI,ASO,ES,Combined TRACON& Tower with Radar,13,59,8,2,82,0,54,64,2,120,13,113,72,4,202,36,0,36,238
10/04/2000,STT,VI,ASO,ES,Combined TRACON& Tower with Radar,9,47,6,2,64,0,78,93,4,175,9,125,99,6,239,56,0,56,295
10/05/2000,STT,VI,ASO,ES,Combined TRACON& Tower with Radar,12,58,8,2,80,0,60,53,4,117,12,118,61,6,197,34,0,34,231
10/06/2000,STT,VI,ASO,ES,Combined TRACON& Tower with Radar,14,64,8,2,88,0,58,75,0,133,14,122,83,2,221,4,0,4,225
10/07/2000,STT,VI,ASO,ES,Combined TRACON& Tower with Radar,12,48,6,0,66,5,96,37,0,138,17,144,43,0,204,45,0,45,249
10/08/2000,STT,VI,ASO,ES,Combined TRACON& Tower with Radar,15,57,7,1,80,7,38,17,0,62,22,95,24,1,142,10,0,10,152
10/09/2000,STT,VI,ASO,ES,Combined TRACON& Tower with Radar,10,55,8,0,73,0,98,43,0,141,10,153,51,0,214,36,0,36,250
10/10/2000,STT,VI,ASO,ES,Combined TRACON& Tower with Radar,15,61,8,2,86,1,92,55,1,149,16,153,63,3,235,52,0,52,287
10/11/2000,STT,VI,ASO,ES,Combined TRACON& Tower with Radar,12,64,8,2,86,0,83,65,11,159,12,147,73,13,245,0,0,0,245
10/12/2000,STT,VI,ASO,ES,Combined TRACON& Tower with Radar,14,55,7,2,78,1,50,81,4,136,15,105,88,6,214,38,0,38,252
10/13/2000,STT,VI,ASO,ES,Combined TRACON& Tower with Radar,13,54,7,2,76,0,76,79,3,158,13,130,86,5,234,40,0,40,274
10/14/2000,STT,VI,ASO,ES,Combined TRACON& Tower with Radar,16,55,6,1,78,0,82,40,0,122,16,137,46,1,200,26,0,26,226
10/15/2000,STT,VI,ASO,ES,Combined TRACON& Tower with Radar,14,49,6,2,71,2,49,24,0,75,16,98,30,2,146,18,0,18,164
10/16/2000,STT,VI,ASO,ES,Combined TRACON& Tower with Radar,11,58,7,3,79,0,72,63,1,136,11,130,70,4,215,34,0,34,249
10/17/2000,STT,VI,ASO,ES,Combined TRACON& Tower with Radar,13,47,5,0,65,0,57,67,0,124,13,104,72,0,189,28,0,28,217
10/18/2000,STT,VI,ASO,ES,Combined TRACON& Tower with Radar,14,60,8,3,85,0,81,86,8,175,14,141,94,11,260,2,0,2,262
10/19/2000,STT,VI,ASO,ES,Combined TRACON& Tower with Radar,12,58,7,3,80,0,103,67,6,176,12,161,74,9,256,8,0,8,264
10/20/2000,STT,VI,ASO,ES,Combined TRACON& Tower with Radar,16,56,6,3,81,1,101,90,2,194,17,157,96,5,275,28,0,28,303
10/21/2000,STT,VI,ASO,ES,Combined TRACON& Tower with Radar,13,45,5,3,66,5,120,34,0,159,18,165,39,3,225,0,0,0,225
10/22/2000,STT,VI,ASO,ES,Combined TRACON& Tower with Radar,15,52,6,3,76,6,41,26,5,78,21,93,32,8,154,10,0,10,164
10/23/2000,STT,VI,ASO,ES,Combined TRACON& Tower with Radar,18,63,8,2,91,1,69,58,0,128,19,132,66,2,219,42,0,42,261
10/24/2000,STT,VI,ASO,ES,Combined TRACON& Tower with Radar,15,60,8,1,84,0,83,53,0,136,15,143,61,1,220,42,0,42,262
10/25/2000,STT,VI,ASO,ES,Combined TRACON& Tower with Radar,14,67,8,4,93,0,100,85,6,191,14,167,93,10,284,46,0,46,330
10/26/2000,STT,VI,ASO,ES,Combined TRACON& Tower with Radar,14,56,7,0,77,0,90,82,0,172,14,146,89,0,249,28,0,28,277
10/27/2000,STT,VI,ASO,ES,Combined TRACON& Tower with Radar,14,60,7,3,84,0,88,59,5,152,14,148,66,8,236,32,0,32,268
10/28/2000,STT,VI,ASO,ES,Combined TRACON& Tower with Radar,17,58,7,3,85,6,80,36,19,141,23,138,43,22,226,22,0,22,248
10/29/2000,STT,VI,ASO,ES,Combined TRACON& Tower with Radar,14,50,6,2,72,5,87,22,0,114,19,137,28,2,186,24,0,24,210
10/30/2000,STT,VI,ASO,ES,Combined TRACON& Tower with Radar,16,65,8,4,93,0,78,74,12,164,16,143,82,16,257,42,10,52,309
10/31/2000,STT,VI,ASO,ES,Combined TRACON& Tower with Radar,18,62,7,3,90,6,76,59,1,142,24,138,66,4,232,8,10,18,250
11/01/2000,STT,VI,ASO,ES,Combined TRACON& Tower with Radar,23,71,14,3,111,0,105,52,1,158,23,176,66,4,269,32,0,32,301
11/02/2000,STT,VI,ASO,ES,Combined TRACON& Tower with Radar,23,68,13,3,107,0,100,70,10,180,23,168,83,13,287,18,0,18,305
11/03/2000,STT,VI,ASO,ES,Combined TRACON& Tower with Radar,21,60,12,2,95,3,93,82,1,179,24,153,94,3,274,2,0,2,276
11/04/2000,STT,VI,ASO,ES,Combined TRACON& Tower with Radar,15,45,9,0,69,7,116,35,0,158,22,161,44,0,227,0,0,0,227
11/05/2000,STT,VI,ASO,ES,Combined TRACON& Tower with Radar,15,45,9,0,69,7,89,47,0,143,22,134,56,0,212,18,0,18,230
11/06/2000,STT,VI,ASO,ES,Combined TRACON& Tower with Radar,18,52,11,2,83,3,111,56,7,177,21,163,67,9,260,14,6,20,280
11/07/2000,STT,VI,ASO,ES,Combined TRACON& Tower with Radar,16,49,10,0,75,0,110,45,0,155,16,159,55,0,230,14,0,14,244
11/08/2000,STT,VI,ASO,ES,Combined TRACON& Tower with Radar,16,61,12,2,91,0,136,78,15,229,16,197,90,17,320,18,0,18,338
11/09/2000,STT,VI,ASO,ES,Combined TRACON& Tower with Radar,17,54,11,2,84,0,115,76,8,199,17,169,87,10,283,4,0,4,287
11/10/2000,STT,VI,ASO,ES,Combined TRACON& Tower with Radar,19,55,10,3,87,0,127,64,2,193,19,182,74,5,280,18,0,18,298
11/11/2000,STT,VI,ASO,ES,Combined TRACON& Tower with Radar,21,56,10,3,90,1,116,28,7,152,22,172,38,10,242,42,0,42,284
11/12/2000,STT,VI,ASO,ES,Combined TRACON& Tower with Radar,15,40,8,2,65,2,98,22,4,126,17,138,30,6,191,8,0,8,199
11/13/2000,STT,VI,ASO,ES,Combined TRACON& Tower with Radar,19,55,10,3,87,0,122,56,2,180,19,177,66,5,267,10,0,10,277
11/14/2000,STT,VI,ASO,ES,Combined TRACON& Tower with Radar,18,48,9,0,75,0,114,51,0,165,18,162,60,0,240,38,0,38,278
11/15/2000,STT,VI,ASO,ES,Combined TRACON& Tower with Radar,17,59,11,3,90,0,115,68,6,189,17,174,79,9,279,36,0,36,315
11/16/2000,STT,VI,ASO,ES,Combined TRACON& Tower with Radar,21,56,10,3,90,3,131,74,1,209,24,187,84,4,299,36,0,36,335
11/17/2000,STT,VI,ASO,ES,Combined TRACON& Tower with Radar,20,60,11,3,94,0,96,103,6,205,20,156,114,9,299,24,0,24,323
11/18/2000,STT,VI,ASO,ES,Combined TRACON& Tower with Radar,20,54,10,1,85,3,119,82,0,204,23,173,92,1,289,32,0,32,321
11/19/2000,STT,VI,ASO,ES,Combined TRACON& Tower with Radar,17,48,9,3,77,6,93,41,1,141,23,141,50,4,218,20,0,20,238
11/20/2000,STT,VI,ASO,ES,Combined TRACON& Tower with Radar,19,61,12,0,92,0,105,94,0,199,19,166,106,0,291,28,0,28,319
11/21/2000,STT,VI,ASO,ES,Combined TRACON& Tower with Radar,20,58,11,0,89,0,91,91,0,182,20,149,102,0,271,28,0,28,299
11/22/2000,STT,VI,ASO,ES,Combined TRACON& Tower with Radar,19,64,13,3,99,0,167,83,2,252,19,231,96,5,351,28,0,28,379
11/23/2000,STT,VI,ASO,ES,Combined TRACON& Tower with Radar,18,47,8,0,73,0,94,22,0,116,18,141,30,0,189,28,0,28,217
11/24/2000,STT,VI,ASO,ES,Combined TRACON& Tower with Radar,19,52,10,2,83,5,160,87,2,254,24,212,97,4,337,30,0,30,367
11/25/2000,STT,VI,ASO,ES,Combined TRACON& Tower with Radar,20,55,10,2,87,2,117,54,0,173,22,172,64,2,260,16,0,16,276
11/26/2000,STT,VI,ASO,ES,Combined TRACON& Tower with Radar,17,49,9,2,77,3,112,38,0,153,20,161,47,2,230,10,0,10,240
11/27/2000,STT,VI,ASO,ES,Combined TRACON& Tower with Radar,19,52,10,2,83,5,126,58,1,190,24,178,68,3,273,24,0,24,297
11/28/2000,STT,VI,ASO,ES,Combined TRACON& Tower with Radar,19,64,11,2,96,0,101,69,14,184,19,165,80,16,280,26,0,26,306
11/29/2000,STT,VI,ASO,ES,Combined TRACON& Tower with Radar,18,56,10,2,86,0,139,66,6,211,18,195,76,8,297,36,0,36,333
11/30/2000,STT,VI,ASO,ES,Combined TRACON& Tower with Radar,18,68,12,1,99,0,113,69,0,182,18,181,81,1,281,30,0,30,311
12/01/2000,STT,VI,ASO,ES,Combined TRACON& Tower with Radar,18,52,16,1,87,0,146,53,17,216,18,198,69,18,303,38,0,38,341
12/02/2000,STT,VI,ASO,ES,Combined TRACON& Tower with Radar,16,43,13,1,73,6,119,25,1,151,22,162,38,2,224,52,0,52,276
12/03/2000,STT,VI,ASO,ES,Combined TRACON& Tower with Radar,18,47,14,1,80,2,92,35,7,136,20,139,49,8,216,16,0,16,232
12/04/2000,STT,VI,ASO,ES,Combined TRACON& Tower with Radar,20,51,15,1,87,0,104,53,9,166,20,155,68,10,253,35,0,35,288
12/05/2000,STT,VI,ASO,ES,Combined TRACON& Tower with Radar,20,56,17,1,94,0,120,51,1,172,20,176,68,2,266,10,0,10,276
12/06/2000,STT,VI,ASO,ES,Combined TRACON& Tower with Radar,17,57,18,1,93,0,142,45,1,188,17,199,63,2,281,24,0,24,305
12/07/2000,STT,VI,ASO,ES,Combined TRACON& Tower with Radar,17,46,14,1,78,0,130,63,3,196,17,176,77,4,274,10,0,10,284
12/08/2000,STT,VI,ASO,ES,Combined TRACON& Tower with Radar,22,65,21,1,109,0,141,99,7,247,22,206,120,8,356,58,0,58,414
12/09/2000,STT,VI,ASO,ES,Combined TRACON& Tower with Radar,16,43,12,0,71,8,137,69,0,214,24,180,81,0,285,52,0,52,337
12/10/2000,STT,VI,ASO,ES,Combined TRACON& Tower with Radar,19,49,14,2,84,8,81,31,2,122,27,130,45,4,206,34,0,34,240
12/11/2000,STT,VI,ASO,ES,Combined TRACON& Tower with Radar,19,53,15,2,89,0,89,67,5,161,19,142,82,7,250,8,0,8,258
12/12/2000,STT,VI,ASO,ES,Combined TRACON& Tower with Radar,19,56,16,2,93,0,94,57,0,151,19,150,73,2,244,44,0,44,288
12/13/2000,STT,VI,ASO,ES,Combined TRACON& Tower with Radar,18,69,20,3,110,0,122,86,4,212,18,191,106,7,322,16,0,16,338
12/14/2000,STT,VI,ASO,ES,Combined TRACON& Tower with Radar,18,63,18,2,101,0,123,68,1,192,18,186,86,3,293,16,0,16,309
12/15/2000,STT,VI,ASO,ES,Combined TRACON& Tower with Radar,21,71,21,3,116,0,146,69,3,218,21,217,90,6,334,14,0,14,348
12/16/2000,STT,VI,ASO,ES,Combined TRACON& Tower with Radar,25,66,19,1,111,0,119,59,0,178,25,185,78,1,289,16,0,16,305
12/17/2000,STT,VI,ASO,ES,Combined TRACON& Tower with Radar,26,64,19,2,111,2,79,67,4,152,28,143,86,6,263,28,0,28,291
12/18/2000,STT,VI,ASO,ES,Combined TRACON& Tower with Radar,23,60,18,2,103,0,140,47,7,194,23,200,65,9,297,10,0,10,307
12/19/2000,STT,VI,ASO,ES,Combined TRACON& Tower with Radar,24,59,17,2,102,0,116,45,1,162,24,175,62,3,264,4,0,4,268
12/20/2000,STT,VI,ASO,ES,Combined TRACON& Tower with Radar,20,56,17,2,95,0,193,68,5,266,20,249,85,7,361,30,0,30,391
12/21/2000,STT,VI,ASO,ES,Combined TRACON& Tower with Radar,20,51,15,2,88,2,160,66,13,241,22,211,81,15,329,10,0,10,339
12/22/2000,STT,VI,ASO,ES,Combined TRACON& Tower with Radar,23,55,16,0,94,0,155,76,0,231,23,210,92,0,325,24,0,24,349
12/23/2000,STT,VI,ASO,ES,Combined TRACON& Tower with Radar,26,62,18,0,106,4,109,80,0,193,30,171,98,0,299,0,0,0,299
12/24/2000,STT,VI,ASO,ES,Combined TRACON& Tower with Radar,22,54,16,0,92,8,108,32,0,148,30,162,48,0,240,4,0,4,244
12/25/2000,STT,VI,ASO,ES,Combined TRACON& Tower with Radar,21,50,14,0,85,2,92,19,0,113,23,142,33,0,198,0,0,0,198
12/26/2000,STT,VI,ASO,ES,Combined TRACON& Tower with Radar,23,57,17,0,97,3,134,51,0,188,26,191,68,0,285,0,0,0,285
12/27/2000,STT,VI,ASO,ES,Combined TRACON& Tower with Radar,26,71,20,1,118,0,145,93,0,238,26,216,113,1,356,57,2,59,415
12/28/2000,STT,VI,ASO,ES,Combined TRACON& Tower with Radar,24,61,17,1,103,0,146,68,20,234,24,207,85,21,337,24,0,24,361
12/29/2000,STT,VI,ASO,ES,Combined TRACON& Tower with Radar,22,63,18,1,104,0,137,84,3,224,22,200,102,4,328,52,0,52,380
12/30/2000,STT,VI,ASO,ES,Combined TRACON& Tower with Radar,20,50,15,1,86,7,160,47,0,214,27,210,62,1,300,12,0,12,312
12/31/2000,STT,VI,ASO,ES,Combined TRACON& Tower with Radar,20,51,15,1,87,5,125,43,0,173,25,176,58,1,260,14,0,14,274
01/01/2001,STT,VI,ASO,ES,Combined TRACON& Tower with Radar,6,0,0,0,6,17,0,0,0,17,23,0,0,0,23,0,0,0,23
01/02/2001,STT,VI,ASO,ES,Combined TRACON& Tower with Radar,27,64,18,0,109,0,155,56,0,211,27,219,74,0,320,14,0,14,334
01/03/2001,STT,VI,ASO,ES,Combined TRACON& Tower with Radar,24,60,17,2,103,0,178,85,0,263,24,238,102,2,366,10,0,10,376
01/04/2001,STT,VI,ASO,ES,Combined TRACON& Tower with Radar,21,59,16,4,100,0,167,69,23,259,21,226,85,27,359,20,0,20,379
01/05/2001,STT,VI,ASO,ES,Combined TRACON& Tower with Radar,22,58,16,1,97,0,203,79,0,282,22,261,95,1,379,29,0,29,408
01/06/2001,STT,VI,ASO,ES,Combined TRACON& Tower with Radar,23,50,15,0,88,11,152,39,0,202,34,202,54,0,290,30,0,30,320
01/07/2001,STT,VI,ASO,ES,Combined TRACON& Tower with Radar,23,50,15,0,88,5,174,47,0,226,28,224,62,0,314,20,0,20,334
01/08/2001,STT,VI,ASO,ES,Combined TRACON& Tower with Radar,23,52,14,0,89,0,144,37,0,181,23,196,51,0,270,24,6,30,300
01/09/2001,STT,VI,ASO,ES,Combined TRACON& Tower with Radar,24,50,14,3,91,0,156,51,0,207,24,206,65,3,298,6,14,20,318
01/10/2001,STT,VI,ASO,ES,Combined TRACON& Tower with Radar,26,52,14,4,96,2,166,48,10,226,28,218,62,14,322,35,2,37,359
01/11/2001,STT,VI,ASO,ES,Combined TRACON& Tower with Radar,24,57,15,0,96,0,181,66,0,247,24,238,81,0,343,50,2,52,395
01/12/2001,STT,VI,ASO,ES,Combined TRACON& Tower with Radar,21,48,13,4,86,0,164,69,1,234,21,212,82,5,320,4,0,4,324
01/13/2001,STT,VI,ASO,ES,Combined TRACON& Tower with Radar,24,49,13,4,90,12,142,41,2,197,36,191,54,6,287,42,0,42,329
01/14/2001,STT,VI,ASO,ES,Combined TRACON& Tower with Radar,21,42,11,0,74,8,81,31,0,120,29,123,42,0,194,26,0,26,220
01/15/2001,STT,VI,ASO,ES,Combined TRACON& Tower with Radar,22,53,15,2,92,0,118,56,0,174,22,171,71,2,266,12,0,12,278
01/16/2001,STT,VI,ASO,ES,Combined TRACON& Tower with Radar,23,88,24,7,142,0,101,34,40,175,23,189,58,47,317,0,0,0,317
01/17/2001,STT,VI,ASO,ES,Combined TRACON& Tower with Radar,24,52,14,4,94,0,146,54,17,217,24,198,68,21,311,32,6,38,349
01/18/2001,STT,VI,ASO,ES,Combined TRACON& Tower with Radar,20,41,11,4,76,0,143,46,4,193,20,184,57,8,269,0,10,10,279
01/19/2001,STT,VI,ASO,ES,Combined TRACON& Tower with Radar,22,49,14,4,89,0,154,48,8,210,22,203,62,12,299,6,0,6,305
01/20/2001,STT,VI,ASO,ES,Combined TRACON& Tower with Radar,19,41,11,3,74,15,152,37,0,204,34,193,48,3,278,10,0,10,288
01/21/2001,STT,VI,ASO,ES,Combined TRACON& Tower with Radar,23,45,12,4,84,0,113,41,1,155,23,158,53,5,239,20,0,20,259
01/22/2001,STT,VI,ASO,ES,Combined TRACON& Tower with Radar,23,47,12,2,84,3,130,34,0,167,26,177,46,2,251,44,2,46,297
01/23/2001,STT,VI,ASO,ES,Combined TRACON& Tower with Radar,21,48,13,4,86,0,133,56,2,191,21,181,69,6,277,16,0,16,293
01/24/2001,STT,VI,ASO,ES,Combined TRACON& Tower with Radar,21,43,11,4,79,0,168,54,6,228,21,211,65,10,307,20,0,20,327
01/25/2001,STT,VI,ASO,ES,Combined TRACON& Tower with Radar,23,48,12,3,86,0,184,58,7,249,23,232,70,10,335,14,4,18,353
01/26/2001,STT,VI,ASO,ES,Combined TRACON& Tower with Radar,21,48,12,3,84,0,172,44,4,220,21,220,56,7,304,28,0,28,332
01/27/2001,STT,VI,ASO,ES,Combined TRACON& Tower with Radar,26,54,15,3,98,10,149,42,0,201,36,203,57,3,299,18,0,18,317
01/28/2001,STT,VI,ASO,ES,Combined TRACON& Tower with Radar,24,50,14,3,91,3,92,50,4,149,27,142,64,7,240,10,0,10,250
01/29/2001,STT,VI,ASO,ES,Combined TRACON& Tower with Radar,20,84,22,6,132,0,127,12,3,142,20,211,34,9,274,2,0,2,276
01/30/2001,STT,VI,ASO,ES,Combined TRACON& Tower with Radar,18,60,16,4,98,0,103,49,16,168,18,163,65,20,266,0,2,2,268
01/31/2001,STT,VI,ASO,ES,Combined TRACON& Tower with Radar,19,42,11,3,75,5,167,62,3,237,24,209,73,6,312,52,4,56,368
02/01/2001,STT,VI,ASO,ES,Combined TRACON& Tower with Radar,23,41,12,3,79,0,142,36,12,190,23,183,48,15,269,24,8,32,301
02/02/2001,STT,VI,ASO,ES,Combined TRACON& Tower with Radar,23,50,15,3,91,0,210,84,0,294,23,260,99,3,385,32,0,32,417
02/03/2001,STT,VI,ASO,ES,Combined TRACON& Tower with Radar,27,44,13,3,87,11,136,37,4,188,38,180,50,7,275,17,0,17,292
02/04/2001,STT,VI,ASO,ES,Combined TRACON& Tower with Radar,25,42,13,3,83,5,95,32,6,138,30,137,45,9,221,22,0,22,243
02/05/2001,STT,VI,ASO,ES,Combined TRACON& Tower with Radar,19,36,11,2,68,0,154,41,9,204,19,190,52,11,272,28,0,28,300
02/06/2001,STT,VI,ASO,ES,Combined TRACON& Tower with Radar,22,45,13,2,82,0,125,43,0,168,22,170,56,2,250,12,0,12,262
02/07/2001,STT,VI,ASO,ES,Combined TRACON& Tower with Radar,23,38,11,3,75,0,180,56,9,245,23,218,67,12,320,6,10,16,336
02/08/2001,STT,VI,ASO,ES,Combined TRACON& Tower with Radar,21,36,11,3,71,3,186,45,7,241,24,222,56,10,312,8,0,8,320
02/09/2001,STT,VI,ASO,ES,Combined TRACON& Tower with Radar,23,40,12,3,78,6,176,67,5,254,29,216,79,8,332,8,18,26,358
02/10/2001,STT,VI,ASO,ES,Combined TRACON& Tower with Radar,25,40,12,3,80,12,188,41,2,243,37,228,53,5,323,22,0,22,345
02/11/2001,STT,VI,ASO,ES,Combined TRACON& Tower with Radar,22,36,11,0,69,8,111,24,0,143,30,147,35,0,212,32,0,32,244
02/12/2001,STT,VI,ASO,ES,Combined TRACON& Tower with Radar,22,41,13,3,79,0,149,31,25,205,22,190,44,28,284,8,8,16,300
02/13/2001,STT,VI,ASO,ES,Combined TRACON& Tower with Radar,22,40,12,3,77,0,145,40,23,208,22,185,52,26,285,14,16,30,315
02/14/2001,STT,VI,ASO,ES,Combined TRACON& Tower with Radar,26,42,12,4,84,0,162,45,0,207,26,204,57,4,291,2,2,4,295
02/15/2001,STT,VI,ASO,ES,Combined TRACON& Tower with Radar,26,41,11,4,82,1,159,59,10,229,27,200,70,14,311,28,4,32,343
02/16/2001,STT,VI,ASO,ES,Combined TRACON& Tower with Radar,24,44,13,4,85,0,220,44,10,274,24,264,57,14,359,24,6,30,389
02/17/2001,STT,VI,ASO,ES,Combined TRACON& Tower with Radar,28,45,13,1,87,11,170,87,0,268,39,215,100,1,355,91,0,91,446
02/18/2001,STT,VI,ASO,ES,Combined TRACON& Tower with Radar,25,39,11,4,79,2,121,52,3,178,27,160,63,7,257,64,0,64,321
02/19/2001,STT,VI,ASO,ES,Combined TRACON& Tower with Radar,25,39,11,2,77,0,176,55,0,231,25,215,66,2,308,32,0,32,340
02/20/2001,STT,VI,ASO,ES,Combined TRACON& Tower with Radar,22,41,11,4,78,0,147,33,6,186,22,188,44,10,264,24,0,24,288
02/21/2001,STT,VI,ASO,ES,Combined TRACON& Tower with Radar,22,42,12,4,80,0,191,62,3,256,22,233,74,7,336,24,0,24,360
02/22/2001,STT,VI,ASO,ES,Combined TRACON& Tower with Radar,20,37,10,1,68,0,179,42,0,221,20,216,52,1,289,6,0,6,295
02/23/2001,STT,VI,ASO,ES,Combined TRACON& Tower with Radar,22,56,16,5,99,0,208,63,9,280,22,264,79,14,379,41,8,49,428
02/24/2001,STT,VI,ASO,ES,Combined TRACON& Tower with Radar,32,50,14,4,100,4,163,72,0,239,36,213,86,4,339,44,0,44,383
02/25/2001,STT,VI,ASO,ES,Combined TRACON& Tower with Radar,26,40,11,3,80,4,150,34,0,188,30,190,45,3,268,44,0,44,312
02/26/2001,STT,VI,ASO,ES,Combined TRACON& Tower with Radar,26,43,12,4,85,0,161,49,12,222,26,204,61,16,307,26,0,26,333
02/27/2001,STT,VI,ASO,ES,Combined TRACON& Tower with Radar,19,38,10,2,69,0,181,47,0,228,19,219,57,2,297,24,0,24,321
02/28/2001,STT,VI,ASO,ES,Combined TRACON& Tower with Radar,24,50,14,3,91,0,176,50,0,226,24,226,64,3,317,28,0,28,345
03/01/2001,STT,VI,ASO,ES,Combined TRACON& Tower with Radar,22,38,14,2,76,0,151,55,5,211,22,189,69,7,287,74,0,74,361
03/02/2001,STT,VI,ASO,ES,Combined TRACON& Tower with Radar,22,38,15,2,77,1,217,71,1,290,23,255,86,3,367,81,0,81,448
03/03/2001,STT,VI,ASO,ES,Combined TRACON& Tower with Radar,27,47,17,2,93,16,170,69,0,255,43,217,86,2,348,64,0,64,412
03/04/2001,STT,VI,ASO,ES,Combined TRACON& Tower with Radar,27,46,17,3,93,3,119,47,1,170,30,165,64,4,263,68,0,68,331
03/05/2001,STT,VI,ASO,ES,Combined TRACON& Tower with Radar,19,35,13,2,69,0,161,55,0,216,19,196,68,2,285,70,0,70,355
03/06/2001,STT,VI,ASO,ES,Combined TRACON& Tower with Radar,20,34,12,2,68,1,145,62,7,215,21,179,74,9,283,90,0,90,373
03/07/2001,STT,VI,ASO,ES,Combined TRACON& Tower with Radar,25,42,15,3,85,0,186,61,2,249,25,228,76,5,334,18,0,18,352
03/08/2001,STT,VI,ASO,ES,Combined TRACON& Tower with Radar,24,41,15,3,83,1,186,48,6,241,25,227,63,9,324,22,0,22,346
03/09/2001,STT,VI,ASO,ES,Combined TRACON& Tower with Radar,21,36,13,2,72,3,202,57,2,264,24,238,70,4,336,70,0,70,406
03/10/2001,STT,VI,ASO,ES,Combined TRACON& Tower with Radar,23,41,15,3,82,13,176,37,3,229,36,217,52,6,311,38,0,38,349
03/11/2001,STT,VI,ASO,ES,Combined TRACON& Tower with Radar,23,39,14,3,79,6,108,21,5,140,29,147,35,8,219,38,0,38,257
03/12/2001,STT,VI,ASO,ES,Combined TRACON& Tower with Radar,19,33,13,2,67,5,173,43,1,222,24,206,56,3,289,34,0,34,323
03/13/2001,STT,VI,ASO,ES,Combined TRACON& Tower with Radar,21,43,15,4,83,0,140,28,4,172,21,183,43,8,255,24,0,24,279
03/14/2001,STT,VI,ASO,ES,Combined TRACON& Tower with Radar,25,41,14,2,82,0,182,65,0,247,25,223,79,2,329,18,0,18,347
03/15/2001,STT,VI,ASO,ES,Combined TRACON& Tower with Radar,24,45,15,4,88,0,171,32,17,220,24,216,47,21,308,8,14,22,330
03/16/2001,STT,VI,ASO,ES,Combined TRACON& Tower with Radar,21,42,14,4,81,0,209,91,1,301,21,251,105,5,382,36,0,36,418
03/17/2001,STT,VI,ASO,ES,Combined TRACON& Tower with Radar,25,41,14,3,83,11,176,63,0,250,36,217,77,3,333,59,0,59,392
03/18/2001,STT,VI,ASO,ES,Combined TRACON& Tower with Radar,26,43,15,3,87,1,151,51,0,203,27,194,66,3,290,28,0,28,318
03/19/2001,STT,VI,ASO,ES,Combined TRACON& Tower with Radar,22,35,13,0,70,1,177,25,0,203,23,212,38,0,273,0,0,0,273
03/20/2001,STT,VI,ASO,ES,Combined TRACON& Tower with Radar,27,43,15,4,89,2,130,38,7,177,29,173,53,11,266,36,6,42,308
03/21/2001,STT,VI,ASO,ES,Combined TRACON& Tower with Radar,27,57,20,5,109,0,175,33,4,212,27,232,53,9,321,36,0,36,357
03/22/2001,STT,VI,ASO,ES,Combined TRACON& Tower with Radar,24,71,25,2,122,0,180,42,0,222,24,251,67,2,344,26,0,26,370
03/23/2001,STT,VI,ASO,ES,Combined TRACON& Tower with Radar,20,52,18,5,95,0,178,42,2,222,20,230,60,7,317,53,4,57,374
03/24/2001,STT,VI,ASO,ES,Combined TRACON& Tower with Radar,28,46,16,2,92,2,212,63,0,277,30,258,79,2,369,0,0,0,369
03/25/2001,STT,VI,ASO,ES,Combined TRACON& Tower with Radar,29,47,17,4,97,0,132,57,1,190,29,179,74,5,287,56,0,56,343
03/26/2001,STT,VI,ASO,ES,Combined TRACON& Tower with Radar,24,38,13,3,78,0,145,47,0,192,24,183,60,3,270,14,0,14,284
03/27/2001,STT,VI,ASO,ES,Combined TRACON& Tower with Radar,23,37,13,3,76,1,165,51,1,218,24,202,64,4,294,42,0,42,336
03/28/2001,STT,VI,ASO,ES,Combined TRACON& Tower with Radar,26,58,20,5,109,0,112,86,31,229,26,170,106,36,338,50,8,58,396
03/29/2001,STT,VI,ASO,ES,Combined TRACON& Tower with Radar,23,38,14,2,77,1,168,56,6,231,24,206,70,8,308,32,2,34,342
03/30/2001,STT,VI,ASO,ES,Combined TRACON& Tower with Radar,24,40,13,3,80,4,191,73,2,270,28,231,86,5,350,70,0,70,420
03/31/2001,STT,VI,ASO,ES,Combined TRACON& Tower with Radar,26,42,14,1,83,12,161,57,0,230,38,203,71,1,313,72,0,72,385
04/01/2001,STT,VI,ASO,ES,Combined TRACON& Tower with Radar,21,42,12,1,76,2,194,47,0,243,23,236,59,1,319,46,0,46,365
04/02/2001,STT,VI,ASO,ES,Combined TRACON& Tower with Radar,20,41,12,2,75,0,148,36,1,185,20,189,48,3,260,26,0,26,286
04/03/2001,STT,VI,ASO,ES,Combined TRACON& Tower with Radar,20,41,12,2,75,1,174,38,5,218,21,215,50,7,293,60,2,62,355
04/04/2001,STT,VI,ASO,ES,Combined TRACON& Tower with Radar,21,46,14,2,83,0,152,52,5,209,21,198,66,7,292,16,0,16,308
04/05/2001,STT,VI,ASO,ES,Combined TRACON& Tower with Radar,20,38,11,1,70,0,166,63,0,229,20,204,74,1,299,58,0,58,357
04/06/2001,STT,VI,ASO,ES,Combined TRACON& Tower with Radar,21,54,16,3,94,0,146,74,8,228,21,200,90,11,322,26,0,26,348
04/07/2001,STT,VI,ASO,ES,Combined TRACON& Tower with Radar,23,45,13,1,82,5,146,46,0,197,28,191,59,1,279,14,0,14,293
04/08/2001,STT,VI,ASO,ES,Combined TRACON& Tower with Radar,22,43,12,2,79,5,94,50,9,158,27,137,62,11,237,22,0,22,259
04/09/2001,STT,VI,ASO,ES,Combined TRACON& Tower with Radar,21,41,12,2,76,0,113,40,6,159,21,154,52,8,235,12,0,12,247
04/10/2001,STT,VI,ASO,ES,Combined TRACON& Tower with Radar,20,44,13,0,77,0,165,64,0,229,20,209,77,0,306,14,0,14,320
04/11/2001,STT,VI,ASO,ES,Combined TRACON& Tower with Radar,24,64,18,4,110,0,160,65,16,241,24,224,83,20,351,22,8,30,381
04/12/2001,STT,VI,ASO,ES,Combined TRACON& Tower with Radar,20,43,12,3,78,0,154,80,11,245,20,197,92,14,323,12,0,12,335
04/13/2001,STT,VI,ASO,ES,Combined TRACON& Tower with Radar,21,39,11,3,74,6,144,30,3,183,27,183,41,6,257,15,0,15,272
04/14/2001,STT,VI,ASO,ES,Combined TRACON& Tower with Radar,27,50,14,0,91,10,125,75,0,210,37,175,89,0,301,24,0,24,325
04/15/2001,STT,VI,ASO,ES,Combined TRACON& Tower with Radar,21,37,10,1,69,3,133,56,0,192,24,170,66,1,261,8,0,8,269
04/16/2001,STT,VI,ASO,ES,Combined TRACON& Tower with Radar,19,49,14,1,83,0,177,51,0,228,19,226,65,1,311,8,0,8,319
04/17/2001,STT,VI,ASO,ES,Combined TRACON& Tower with Radar,19,56,15,3,93,0,133,47,0,180,19,189,62,3,273,18,0,18,291
04/18/2001,STT,VI,ASO,ES,Combined TRACON& Tower with Radar,21,55,15,4,95,0,151,55,2,208,21,206,70,6,303,52,0,52,355
04/19/2001,STT,VI,ASO,ES,Combined TRACON& Tower with Radar,21,45,13,3,82,0,168,41,9,218,21,213,54,12,300,40,0,40,340
04/20/2001,STT,VI,ASO,ES,Combined TRACON& Tower with Radar,21,39,11,3,74,3,233,59,1,296,24,272,70,4,370,40,0,40,410
04/21/2001,STT,VI,ASO,ES,Combined TRACON& Tower with Radar,21,53,15,4,93,0,147,75,7,229,21,200,90,11,322,26,0,26,348
04/22/2001,STT,VI,ASO,ES,Combined TRACON& Tower with Radar,24,43,12,2,81,0,115,39,0,154,24,158,51,2,235,0,0,0,235
04/23/2001,STT,VI,ASO,ES,Combined TRACON& Tower with Radar,22,41,12,3,78,3,138,58,1,200,25,179,70,4,278,24,0,24,302
04/24/2001,STT,VI,ASO,ES,Combined TRACON& Tower with Radar,22,41,12,3,78,1,160,29,7,197,23,201,41,10,275,14,0,14,289
04/25/2001,STT,VI,ASO,ES,Combined TRACON& Tower with Radar,21,40,11,0,72,1,153,43,0,197,22,193,54,0,269,10,0,10,279
04/26/2001,STT,VI,ASO,ES,Combined TRACON& Tower with Radar,20,45,13,0,78,0,148,61,0,209,20,193,74,0,287,14,0,14,301
04/27/2001,STT,VI,ASO,ES,Combined TRACON& Tower with Radar,18,34,9,1,62,4,145,53,2,204,22,179,62,3,266,8,0,8,274
04/28/2001,STT,VI,ASO,ES,Combined TRACON& Tower with Radar,20,37,10,1,68,10,146,25,0,181,30,183,35,1,249,0,0,0,249
04/29/2001,STT,VI,ASO,ES,Combined TRACON& Tower with Radar,18,35,9,0,62,9,121,45,0,175,27,156,54,0,237,14,0,14,251
04/30/2001,STT,VI,ASO,ES,Combined TRACON& Tower with Radar,21,40,11,2,74,3,184,35,2,224,24,224,46,4,298,18,0,18,316
05/01/2001,STT,VI,ASO,ES,Combined TRACON& Tower with Radar,22,53,10,1,86,0,127,29,0,156,22,180,39,1,242,6,0,6,248
05/02/2001,STT,VI,ASO,ES,Combined TRACON& Tower with Radar,21,51,10,2,84,0,129,45,2,176,21,180,55,4,260,0,0,0,260
05/03/2001,STT,VI,ASO,ES,Combined TRACON& Tower with Radar,27,70,13,3,113,0,124,57,10,191,27,194,70,13,304,6,0,6,310
05/04/2001,STT,VI,ASO,ES,Combined TRACON& Tower with Radar,19,52,10,2,83,0,124,47,4,175,19,176,57,6,258,16,0,16,274
05/05/2001,STT,VI,ASO,ES,Combined TRACON& Tower with Radar,18,42,8,0,68,5,108,47,0,160,23,150,55,0,228,10,0,10,238
05/06/2001,STT,VI,ASO,ES,Combined TRACON& Tower with Radar,16,40,8,0,64,7,79,30,0,116,23,119,38,0,180,12,0,12,192
05/07/2001,STT,VI,ASO,ES,Combined TRACON& Tower with Radar,24,81,15,0,120,0,89,17,0,106,24,170,32,0,226,0,0,0,226
05/08/2001,STT,VI,ASO,ES,Combined TRACON& Tower with Radar,20,63,12,0,95,0,96,34,0,130,20,159,46,0,225,6,0,6,231
05/09/2001,STT,VI,ASO,ES,Combined TRACON& Tower with Radar,23,70,13,3,109,0,82,25,2,109,23,152,38,5,218,28,0,28,246
05/10/2001,STT,VI,ASO,ES,Combined TRACON& Tower with Radar,19,55,11,2,87,0,102,37,11,150,19,157,48,13,237,18,0,18,255
05/11/2001,STT,VI,ASO,ES,Combined TRACON& Tower with Radar,18,42,8,0,68,0,118,40,0,158,18,160,48,0,226,56,0,56,282
05/12/2001,STT,VI,ASO,ES,Combined TRACON& Tower with Radar,17,36,7,1,61,6,104,29,1,140,23,140,36,2,201,26,0,26,227
05/13/2001,STT,VI,ASO,ES,Combined TRACON& Tower with Radar,17,36,6,0,59,4,85,22,0,111,21,121,28,0,170,0,0,0,170
05/14/2001,STT,VI,ASO,ES,Combined TRACON& Tower with Radar,17,39,7,0,63,5,111,25,0,141,22,150,32,0,204,18,0,18,222
05/15/2001,STT,VI,ASO,ES,Combined TRACON& Tower with Radar,19,45,8,2,74,0,122,33,0,155,19,167,41,2,229,0,0,0,229
05/16/2001,STT,VI,ASO,ES,Combined TRACON& Tower with Radar,18,43,7,3,71,0,96,44,5,145,18,139,51,8,216,4,0,4,220
05/17/2001,STT,VI,ASO,ES,Combined TRACON& Tower with Radar,18,43,7,3,71,0,114,26,10,150,18,157,33,13,221,2,0,2,223
05/18/2001,STT,VI,ASO,ES,Combined TRACON& Tower with Radar,17,65,11,4,97,0,94,35,2,131,17,159,46,6,228,6,12,18,246
05/19/2001,STT,VI,ASO,ES,Combined TRACON& Tower with Radar,19,42,8,3,72,5,94,38,4,141,24,136,46,7,213,36,0,36,249
05/20/2001,STT,VI,ASO,ES,Combined TRACON& Tower with Radar,17,37,6,3,63,5,100,20,6,131,22,137,26,9,194,4,0,4,198
05/21/2001,STT,VI,ASO,ES,Combined TRACON& Tower with Radar,18,39,7,1,65,2,122,36,0,160,20,161,43,1,225,22,0,22,247
05/22/2001,STT,VI,ASO,ES,Combined TRACON& Tower with Radar,19,53,9,3,84,0,87,57,21,165,19,140,66,24,249,28,0,28,277
05/23/2001,STT,VI,ASO,ES,Combined TRACON& Tower with Radar,21,45,8,3,77,2,109,55,5,171,23,154,63,8,248,0,0,0,248
05/24/2001,STT,VI,ASO,ES,Combined TRACON& Tower with Radar,17,39,7,3,66,1,98,50,5,154,18,137,57,8,220,16,4,20,240
05/25/2001,STT,VI,ASO,ES,Combined TRACON& Tower with Radar,19,42,8,2,71,0,128,63,0,191,19,170,71,2,262,14,0,14,276
05/26/2001,STT,VI,ASO,ES,Combined TRACON& Tower with Radar,19,42,7,0,68,4,81,12,0,97,23,123,19,0,165,0,0,0,165
05/27/2001,STT,VI,ASO,ES,Combined TRACON& Tower with Radar,15,33,5,1,54,7,86,17,3,113,22,119,22,4,167,0,0,0,167
05/28/2001,STT,VI,ASO,ES,Combined TRACON& Tower with Radar,17,39,6,2,64,3,127,25,0,155,20,166,31,2,219,12,0,12,231
05/29/2001,STT,VI,ASO,ES,Combined TRACON& Tower with Radar,15,35,6,1,57,1,129,27,3,160,16,164,33,4,217,28,0,28,245
05/30/2001,STT,VI,ASO,ES,Combined TRACON& Tower with Radar,19,43,7,2,71,0,129,36,9,174,19,172,43,11,245,0,0,0,245
05/31/2001,STT,VI,ASO,ES,Combined TRACON& Tower with Radar,19,43,8,2,72,3,103,45,6,157,22,146,53,8,229,0,0,0,229
06/01/2001,STT,VI,ASO,ES,Combined TRACON& Tower with Radar,18,57,13,3,91,0,79,51,11,141,18,136,64,14,232,0,12,12,244
06/02/2001,STT,VI,ASO,ES,Combined TRACON& Tower with Radar,20,41,10,2,73,1,89,34,1,125,21,130,44,3,198,34,0,34,232
06/03/2001,STT,VI,ASO,ES,Combined TRACON& Tower with Radar,18,37,8,2,65,7,62,26,1,96,25,99,34,3,161,0,0,0,161
06/04/2001,STT,VI,ASO,ES,Combined TRACON& Tower with Radar,19,40,9,2,70,3,94,41,6,144,22,134,50,8,214,16,6,22,236
06/05/2001,STT,VI,ASO,ES,Combined TRACON& Tower with Radar,21,42,10,2,75,1,118,49,1,169,22,160,59,3,244,14,4,18,262
06/06/2001,STT,VI,ASO,ES,Combined TRACON& Tower with Radar,20,49,11,3,83,0,83,50,1,134,20,132,61,4,217,8,0,8,225
06/07/2001,STT,VI,ASO,ES,Combined TRACON& Tower with Radar,20,42,10,2,74,0,115,33,0,148,20,157,43,2,222,0,0,0,222
06/08/2001,STT,VI,ASO,ES,Combined TRACON& Tower with Radar,19,41,9,3,72,0,105,47,1,153,19,146,56,4,225,24,0,24,249
06/09/2001,STT,VI,ASO,ES,Combined TRACON& Tower with Radar,22,42,9,4,77,1,79,53,0,133,23,121,62,4,210,30,0,30,240
06/10/2001,STT,VI,ASO,ES,Combined TRACON& Tower with Radar,17,31,6,2,56,2,66,11,0,79,19,97,17,2,135,4,0,4,139
06/11/2001,STT,VI,ASO,ES,Combined TRACON& Tower with Radar,18,35,7,3,63,1,125,55,1,182,19,160,62,4,245,0,0,0,245
06/12/2001,STT,VI,ASO,ES,Combined TRACON& Tower with Radar,15,40,9,3,67,0,118,43,3,164,15,158,52,6,231,16,0,16,247
06/13/2001,STT,VI,ASO,ES,Combined TRACON& Tower with Radar,19,36,8,3,66,5,106,56,5,172,24,142,64,8,238,22,0,22,260
06/14/2001,STT,VI,ASO,ES,Combined TRACON& Tower with Radar,19,36,7,3,65,1,118,42,13,174,20,154,49,16,239,8,0,8,247
06/15/2001,STT,VI,ASO,ES,Combined TRACON& Tower with Radar,18,35,7,2,62,2,113,52,0,167,20,148,59,2,229,46,0,46,275
06/16/2001,STT,VI,ASO,ES,Combined TRACON& Tower with Radar,18,35,7,3,63,7,90,31,18,146,25,125,38,21,209,20,0,20,229
06/17/2001,STT,VI,ASO,ES,Combined TRACON& Tower with Radar,20,37,8,3,68,0,65,29,0,94,20,102,37,3,162,4,0,4,166
06/18/2001,STT,VI,ASO,ES,Combined TRACON& Tower with Radar,20,38,8,3,69,0,110,31,11,152,20,148,39,14,221,0,12,12,233
06/19/2001,STT,VI,ASO,ES,Combined TRACON& Tower with Radar,17,33,7,1,58,2,126,33,0,161,19,159,40,1,219,0,0,0,219
06/20/2001,STT,VI,ASO,ES,Combined TRACON& Tower with Radar,21,40,9,2,72,1,92,48,0,141,22,132,57,2,213,0,0,0,213
06/21/2001,STT,VI,ASO,ES,Combined TRACON& Tower with Radar,20,39,8,3,70,0,117,31,13,161,20,156,39,16,231,17,6,23,254
06/22/2001,STT,VI,ASO,ES,Combined TRACON& Tower with Radar,14,38,8,3,63,0,130,51,0,181,14,168,59,3,244,16,0,16,260
06/23/2001,STT,VI,ASO,ES,Combined TRACON& Tower with Radar,17,34,7,3,61,6,96,33,5,140,23,130,40,8,201,2,0,2,203
06/24/2001,STT,VI,ASO,ES,Combined TRACON& Tower with Radar,19,37,8,1,65,2,80,48,0,130,21,117,56,1,195,22,0,22,217
06/25/2001,STT,VI,ASO,ES,Combined TRACON& Tower with Radar,18,60,12,4,94,0,92,81,5,178,18,152,93,9,272,20,0,20,292
06/26/2001,STT,VI,ASO,ES,Combined TRACON& Tower with Radar,18,39,8,2,67,0,118,54,5,177,18,157,62,7,244,6,0,6,250
06/27/2001,STT,VI,ASO,ES,Combined TRACON& Tower with Radar,21,47,10,3,81,0,110,44,1,155,21,157,54,4,236,22,0,22,258
06/28/2001,STT,VI,ASO,ES,Combined TRACON& Tower with Radar,20,39,8,2,69,1,110,40,2,153,21,149,48,4,222,14,0,14,236
06/29/2001,STT,VI,ASO,ES,Combined TRACON& Tower with Radar,22,51,11,3,87,0,101,56,9,166,22,152,67,12,253,16,0,16,269
06/30/2001,STT,VI,ASO,ES,Combined TRACON& Tower with Radar,15,31,6,1,53,7,89,44,0,140,22,120,50,1,193,0,0,0,193
07/01/2001,STT,VI,ASO,ES,Combined TRACON& Tower with Radar,19,43,7,0,69,4,79,23,0,106,23,122,30,0,175,4,0,4,179
07/02/2001,STT,VI,ASO,ES,Combined TRACON& Tower with Radar,19,49,7,2,77,0,85,23,2,110,19,134,30,4,187,8,0,8,195
07/03/2001,STT,VI,ASO,ES,Combined TRACON& Tower with Radar,20,46,7,1,74,0,105,41,3,149,20,151,48,4,223,14,0,14,237
07/04/2001,STT,VI,ASO,ES,Combined TRACON& Tower with Radar,16,37,5,0,58,3,69,17,0,89,19,106,22,0,147,0,0,0,147
07/05/2001,STT,VI,ASO,ES,Combined TRACON& Tower with Radar,19,42,6,1,68,2,116,50,7,175,21,158,56,8,243,16,4,20,263
07/06/2001,STT,VI,ASO,ES,Combined TRACON& Tower with Radar,16,37,6,1,60,0,108,41,0,149,16,145,47,1,209,0,0,0,209
07/07/2001,STT,VI,ASO,ES,Combined TRACON& Tower with Radar,16,38,6,1,61,6,90,19,1,116,22,128,25,2,177,36,0,36,213
07/08/2001,STT,VI,ASO,ES,Combined TRACON& Tower with Radar,13,31,4,0,48,7,76,31,0,114,20,107,35,0,162,8,0,8,170
07/09/2001,STT,VI,ASO,ES,Combined TRACON& Tower with Radar,19,48,6,3,76,0,105,37,10,152,19,153,43,13,228,0,0,0,228
07/10/2001,STT,VI,ASO,ES,Combined TRACON& Tower with Radar,20,46,6,2,74,0,107,36,1,144,20,153,42,3,218,8,0,8,226
07/11/2001,STT,VI,ASO,ES,Combined TRACON& Tower with Radar,19,45,6,2,72,0,119,44,10,173,19,164,50,12,245,2,0,2,247
07/12/2001,STT,VI,ASO,ES,Combined TRACON& Tower with Radar,21,48,6,3,78,0,89,40,1,130,21,137,46,4,208,12,2,14,222
07/13/2001,STT,VI,ASO,ES,Combined TRACON& Tower with Radar,18,43,6,0,67,0,101,45,0,146,18,144,51,0,213,0,0,0,213
07/14/2001,STT,VI,ASO,ES,Combined TRACON& Tower with Radar,17,36,4,0,57,6,87,45,0,138,23,123,49,0,195,40,0,40,235
07/15/2001,STT,VI,ASO,ES,Combined TRACON& Tower with Radar,18,37,5,0,60,2,64,34,0,100,20,101,39,0,160,8,0,8,168
07/16/2001,STT,VI,ASO,ES,Combined TRACON& Tower with Radar,18,43,6,2,69,0,104,52,2,158,18,147,58,4,227,6,0,6,233
07/17/2001,STT,VI,ASO,ES,Combined TRACON& Tower with Radar,20,47,6,3,76,0,125,60,1,186,20,172,66,4,262,6,0,6,268
07/18/2001,STT,VI,ASO,ES,Combined TRACON& Tower with Radar,16,47,6,3,72,0,98,54,9,161,16,145,60,12,233,6,0,6,239
07/19/2001,STT,VI,ASO,ES,Combined TRACON& Tower with Radar,17,37,5,2,61,1,92,32,1,126,18,129,37,3,187,14,0,14,201
07/20/2001,STT,VI,ASO,ES,Combined TRACON& Tower with Radar,18,44,6,0,68,0,107,53,0,160,18,151,59,0,228,38,0,38,266
07/21/2001,STT,VI,ASO,ES,Combined TRACON& Tower with Radar,17,35,4,0,56,7,77,38,0,122,24,112,42,0,178,32,0,32,210
07/22/2001,STT,VI,ASO,ES,Combined TRACON& Tower with Radar,20,43,6,2,71,2,62,10,0,74,22,105,16,2,145,6,0,6,151
07/23/2001,STT,VI,ASO,ES,Combined TRACON& Tower with Radar,20,43,6,2,71,0,98,42,0,140,20,141,48,2,211,50,0,50,261
07/24/2001,STT,VI,ASO,ES,Combined TRACON& Tower with Radar,18,50,6,3,77,0,111,47,14,172,18,161,53,17,249,8,0,8,257
07/25/2001,STT,VI,ASO,ES,Combined TRACON& Tower with Radar,18,39,5,2,64,0,125,61,0,186,18,164,66,2,250,28,0,28,278
07/26/2001,STT,VI,ASO,ES,Combined TRACON& Tower with Radar,20,43,6,1,70,0,100,59,0,159,20,143,65,1,229,22,0,22,251
07/27/2001,STT,VI,ASO,ES,Combined TRACON& Tower with Radar,16,42,5,0,63,0,107,54,0,161,16,149,59,0,224,12,0,12,236
07/28/2001,STT,VI,ASO,ES,Combined TRACON& Tower with Radar,22,46,6,1,75,2,71,41,1,115,24,117,47,2,190,30,0,30,220
07/29/2001,STT,VI,ASO,ES,Combined TRACON& Tower with Radar,18,38,5,1,62,1,33,12,1,47,19,71,17,2,109,14,0,14,123
07/30/2001,STT,VI,ASO,ES,Combined TRACON& Tower with Radar,1,16,2,0,19,0,97,59,1,157,1,113,61,1,176,16,4,20,196
07/31/2001,STT,VI,ASO,ES,Combined TRACON& Tower with Radar,20,48,6,2,76,0,132,56,0,188,20,180,62,2,264,12,0,12,276
08/01/2001,STT,VI,ASO,ES,Combined TRACON& Tower with Radar,21,52,8,2,83,2,93,56,3,154,23,145,64,5,237,0,0,0,237
08/02/2001,STT,VI,ASO,ES,Combined TRACON& Tower with Radar,18,45,7,1,71,0,104,62,4,170,18,149,69,5,241,14,0,14,255
08/03/2001,STT,VI,ASO,ES,Combined TRACON& Tower with Radar,19,44,7,1,71,3,79,51,1,134,22,123,58,2,205,6,0,6,211
08/04/2001,STT,VI,ASO,ES,Combined TRACON& Tower with Radar,14,36,6,1,57,8,81,30,4,123,22,117,36,5,180,26,4,30,210
08/05/2001,STT,VI,ASO,ES,Combined TRACON& Tower with Radar,15,35,5,1,56,4,73,33,6,116,19,108,38,7,172,18,0,18,190
08/06/2001,STT,VI,ASO,ES,Combined TRACON& Tower with Radar,18,44,7,1,70,0,106,32,2,140,18,150,39,3,210,8,0,8,218
08/07/2001,STT,VI,ASO,ES,Combined TRACON& Tower with Radar,21,48,7,2,78,0,89,45,0,134,21,137,52,2,212,0,0,0,212
08/08/2001,STT,VI,ASO,ES,Combined TRACON& Tower with Radar,21,49,7,1,78,1,127,41,0,169,22,176,48,1,247,0,12,12,259
08/09/2001,STT,VI,ASO,ES,Combined TRACON& Tower with Radar,18,46,7,2,73,0,87,36,0,123,18,133,43,2,196,4,12,16,212
08/10/2001,STT,VI,ASO,ES,Combined TRACON& Tower with Radar,17,40,6,0,63,1,101,37,0,139,18,141,43,0,202,0,0,0,202
08/11/2001,STT,VI,ASO,ES,Combined TRACON& Tower with Radar,14,35,6,1,56,6,80,22,3,111,20,115,28,4,167,12,0,12,179
08/12/2001,STT,VI,ASO,ES,Combined TRACON& Tower with Radar,17,37,6,0,60,7,54,29,0,90,24,91,35,0,150,0,0,0,150
08/13/2001,STT,VI,ASO,ES,Combined TRACON& Tower with Radar,17,44,6,3,70,0,85,40,3,128,17,129,46,6,198,2,0,2,200
08/14/2001,STT,VI,ASO,ES,Combined TRACON& Tower with Radar,18,43,6,2,69,0,100,52,6,158,18,143,58,8,227,30,0,30,257
08/15/2001,STT,VI,ASO,ES,Combined TRACON& Tower with Radar,18,39,6,2,65,4,90,40,2,136,22,129,46,4,201,0,0,0,201
08/16/2001,STT,VI,ASO,ES,Combined TRACON& Tower with Radar,20,46,6,3,75,2,106,34,8,150,22,152,40,11,225,4,0,4,229
08/17/2001,STT,VI,ASO,ES,Combined TRACON& Tower with Radar,16,52,7,3,78,0,93,22,10,125,16,145,29,13,203,2,0,2,205
08/18/2001,STT,VI,ASO,ES,Combined TRACON& Tower with Radar,15,33,4,2,54,6,74,22,1,103,21,107,26,3,157,20,0,20,177
08/19/2001,STT,VI,ASO,ES,Combined TRACON& Tower with Radar,16,36,5,2,59,3,68,34,0,105,19,104,39,2,164,6,0,6,170
08/20/2001,STT,VI,ASO,ES,Combined TRACON& Tower with Radar,15,38,5,2,60,0,97,28,0,125,15,135,33,2,185,0,4,4,189
08/21/2001,STT,VI,ASO,ES,Combined TRACON& Tower with Radar,15,43,6,2,66,0,98,47,12,157,15,141,53,14,223,6,0,6,229
08/22/2001,STT,VI,ASO,ES,Combined TRACON& Tower with Radar,12,52,7,3,74,0,57,23,2,82,12,109,30,5,156,0,2,2,158
08/23/2001,STT,VI,ASO,ES,Combined TRACON& Tower with Radar,19,54,7,3,83,0,90,36,14,140,19,144,43,17,223,0,0,0,223
08/24/2001,STT,VI,ASO,ES,Combined TRACON& Tower with Radar,17,38,6,0,61,0,102,55,0,157,17,140,61,0,218,6,0,6,224
08/25/2001,STT,VI,ASO,ES,Combined TRACON& Tower with Radar,16,35,5,2,58,6,60,26,3,95,22,95,31,5,153,18,0,18,171
08/26/2001,STT,VI,ASO,ES,Combined TRACON& Tower with Radar,15,35,5,0,55,5,52,20,0,77,20,87,25,0,132,8,0,8,140
08/27/2001,STT,VI,ASO,ES,Combined TRACON& Tower with Radar,12,45,6,3,66,0,119,37,5,161,12,164,43,8,227,6,0,6,233
08/28/2001,STT,VI,ASO,ES,Combined TRACON& Tower with Radar,15,44,6,2,67,0,98,33,5,136,15,142,39,7,203,0,0,0,203
08/29/2001,STT,VI,ASO,ES,Combined TRACON& Tower with Radar,20,48,6,3,77,0,74,61,7,142,20,122,67,10,219,0,0,0,219
08/30/2001,STT,VI,ASO,ES,Combined TRACON& Tower with Radar,19,45,6,1,71,0,87,41,7,135,19,132,47,8,206,18,2,20,226
08/31/2001,STT,VI,ASO,ES,Combined TRACON& Tower with Radar,14,42,6,0,62,0,100,65,0,165,14,142,71,0,227,24,0,24,251
09/01/2001,STT,VI,ASO,ES,Combined TRACON& Tower with Radar,16,42,7,0,65,2,65,12,0,79,18,107,19,0,144,0,0,0,144
09/02/2001,STT,VI,ASO,ES,Combined TRACON& Tower with Radar,17,43,6,1,67,7,56,29,5,97,24,99,35,6,164,16,6,22,186
09/03/2001,STT,VI,ASO,ES,Combined TRACON& Tower with Radar,15,41,6,0,62,0,87,66,0,153,15,128,72,0,215,10,0,10,225
09/04/2001,STT,VI,ASO,ES,Combined TRACON& Tower with Radar,15,48,7,0,70,0,107,56,0,163,15,155,63,0,233,10,0,10,243
09/05/2001,STT,VI,ASO,ES,Combined TRACON& Tower with Radar,16,41,6,1,64,0,87,39,9,135,16,128,45,10,199,4,0,4,203
09/06/2001,STT,VI,ASO,ES,Combined TRACON& Tower with Radar,14,42,6,1,63,0,98,34,1,133,14,140,40,2,196,6,0,6,202
09/07/2001,STT,VI,ASO,ES,Combined TRACON& Tower with Radar,10,43,6,0,59,0,90,53,0,143,10,133,59,0,202,0,0,0,202
09/08/2001,STT,VI,ASO,ES,Combined TRACON& Tower with Radar,13,34,6,0,53,5,58,19,1,83,18,92,25,1,136,16,0,16,152
09/09/2001,STT,VI,ASO,ES,Combined TRACON& Tower with Radar,15,39,6,1,61,5,52,35,1,93,20,91,41,2,154,0,0,0,154
09/10/2001,STT,VI,ASO,ES,Combined TRACON& Tower with Radar,13,65,10,1,89,0,86,50,4,140,13,151,60,5,229,24,0,24,253
09/11/2001,STT,VI,ASO,ES,Combined TRACON& Tower with Radar,3,9,2,0,14,0,22,10,4,36,3,31,12,4,50,4,0,4,54
09/12/2001,STT,VI,ASO,ES,Combined TRACON& Tower with Radar,0,0,0,0,0,0,0,0,6,6,0,0,0,6,6,0,0,0,6
09/13/2001,STT,VI,ASO,ES,Combined TRACON& Tower with Radar,3,8,0,0,11,10,0,0,10,20,13,8,0,10,31,0,0,0,31
09/14/2001,STT,VI,ASO,ES,Combined TRACON& Tower with Radar,19,45,6,2,72,47,24,2,11,84,66,69,8,13,156,0,0,0,156
09/15/2001,STT,VI,ASO,ES,Combined TRACON& Tower with Radar,17,41,1,2,61,54,2,0,1,57,71,43,1,3,118,0,0,0,118
09/16/2001,STT,VI,ASO,ES,Combined TRACON& Tower with Radar,18,41,3,0,62,33,0,0,0,33,51,41,3,0,95,0,0,0,95
09/17/2001,STT,VI,ASO,ES,Combined TRACON& Tower with Radar,23,57,8,2,90,42,12,0,0,54,65,69,8,2,144,0,0,0,144
09/18/2001,STT,VI,ASO,ES,Combined TRACON& Tower with Radar,25,61,8,2,96,6,48,10,10,74,31,109,18,12,170,0,4,4,174
09/19/2001,STT,VI,ASO,ES,Combined TRACON& Tower with Radar,12,60,8,2,82,0,64,17,2,83,12,124,25,4,165,0,0,0,165
09/20/2001,STT,VI,ASO,ES,Combined TRACON& Tower with Radar,10,55,8,2,75,0,79,10,3,92,10,134,18,5,167,0,5,5,172
09/21/2001,STT,VI,ASO,ES,Combined TRACON& Tower with Radar,20,48,6,2,76,4,71,22,11,108,24,119,28,13,184,0,0,0,184
09/22/2001,STT,VI,ASO,ES,Combined TRACON& Tower with Radar,16,39,5,2,62,2,49,12,2,65,18,88,17,4,127,0,0,0,127
09/23/2001,STT,VI,ASO,ES,Combined TRACON& Tower with Radar,15,36,5,2,58,7,43,8,3,61,22,79,13,5,119,0,0,0,119
09/24/2001,STT,VI,ASO,ES,Combined TRACON& Tower with Radar,16,54,7,2,79,0,58,23,14,95,16,112,30,16,174,10,0,10,184
09/25/2001,STT,VI,ASO,ES,Combined TRACON& Tower with Radar,14,53,7,1,75,0,68,32,15,115,14,121,39,16,190,0,0,0,190
09/26/2001,STT,VI,ASO,ES,Combined TRACON& Tower with Radar,12,55,7,1,75,0,66,30,11,107,12,121,37,12,182,0,0,0,182
09/27/2001,STT,VI,ASO,ES,Combined TRACON& Tower with Radar,12,51,7,1,71,0,100,18,5,123,12,151,25,6,194,4,2,6,200
09/28/2001,STT,VI,ASO,ES,Combined TRACON& Tower with Radar,18,45,6,1,70,9,84,26,11,130,27,129,32,12,200,30,0,30,230
09/29/2001,STT,VI,ASO,ES,Combined TRACON& Tower with Radar,13,32,4,0,49,3,86,8,1,98,16,118,12,1,147,4,0,4,151
09/30/2001,STT,VI,ASO,ES,Combined TRACON& Tower with Radar,12,41,5,1,59,0,43,8,1,52,12,84,13,2,111,8,0,8,119
10/01/2001,STT,VI,ASO,ES,Combined TRACON& Tower with Radar,14,64,5,1,84,0,63,17,5,85,14,127,22,6,169,8,0,8,177
10/02/2001,STT,VI,ASO,ES,Combined TRACON& Tower with Radar,13,65,6,1,85,0,64,26,9,99,13,129,32,10,184,12,2,14,198
10/03/2001,STT,VI,ASO,ES,Combined TRACON& Tower with Radar,12,72,6,2,92,0,77,16,7,100,12,149,22,9,192,16,0,16,208
10/04/2001,STT,VI,ASO,ES,Combined TRACON& Tower with Radar,12,57,5,1,75,0,74,34,0,108,12,131,39,1,183,20,0,20,203
10/05/2001,STT,VI,ASO,ES,Combined TRACON& Tower with Radar,14,57,5,1,77,0,86,4,2,92,14,143,9,3,169,6,0,6,175
10/06/2001,STT,VI,ASO,ES,Combined TRACON& Tower with Radar,8,32,3,0,43,8,68,9,0,85,16,100,12,0,128,20,0,20,148
10/07/2001,STT,VI,ASO,ES,Combined TRACON& Tower with Radar,13,48,4,0,65,1,46,17,0,64,14,94,21,0,129,46,0,46,175
10/08/2001,STT,VI,ASO,ES,Combined TRACON& Tower with Radar,9,61,5,0,75,0,80,3,0,83,9,141,8,0,158,18,0,18,176
10/09/2001,STT,VI,ASO,ES,Combined TRACON& Tower with Radar,16,61,5,1,83,0,65,22,12,99,16,126,27,13,182,28,2,30,212
10/10/2001,STT,VI,ASO,ES,Combined TRACON& Tower with Radar,14,65,6,1,86,0,66,29,8,103,14,131,35,9,189,16,0,16,205
10/11/2001,STT,VI,ASO,ES,Combined TRACON& Tower with Radar,12,53,4,2,71,0,69,19,1,89,12,122,23,3,160,0,0,0,160
10/12/2001,STT,VI,ASO,ES,Combined TRACON& Tower with Radar,11,48,3,1,63,0,108,37,0,145,11,156,40,1,208,0,0,0,208
10/13/2001,STT,VI,ASO,ES,Combined TRACON& Tower with Radar,12,43,3,2,60,4,67,23,1,95,16,110,26,3,155,26,0,26,181
10/14/2001,STT,VI,ASO,ES,Combined TRACON& Tower with Radar,14,48,3,2,67,3,45,11,4,63,17,93,14,6,130,0,0,0,130
10/15/2001,STT,VI,ASO,ES,Combined TRACON& Tower with Radar,7,62,4,1,74,0,48,11,0,59,7,110,15,1,133,0,0,0,133
10/16/2001,STT,VI,ASO,ES,Combined TRACON& Tower with Radar,14,65,5,2,86,0,67,26,6,99,14,132,31,8,185,12,0,12,197
10/17/2001,STT,VI,ASO,ES,Combined TRACON& Tower with Radar,12,47,3,2,64,0,88,32,3,123,12,135,35,5,187,28,0,28,215
10/18/2001,STT,VI,ASO,ES,Combined TRACON& Tower with Radar,14,49,3,2,68,5,95,23,5,128,19,144,26,7,196,0,6,6,202
10/19/2001,STT,VI,ASO,ES,Combined TRACON& Tower with Radar,10,42,3,2,57,0,119,34,0,153,10,161,37,2,210,30,0,30,240
10/20/2001,STT,VI,ASO,ES,Combined TRACON& Tower with Radar,9,32,3,0,44,8,75,24,0,107,17,107,27,0,151,4,0,4,155
10/21/2001,STT,VI,ASO,ES,Combined TRACON& Tower with Radar,12,42,3,0,57,3,51,23,0,77,15,93,26,0,134,44,0,44,178
10/22/2001,STT,VI,ASO,ES,Combined TRACON& Tower with Radar,14,47,3,2,66,2,67,30,4,103,16,114,33,6,169,12,0,12,181
10/23/2001,STT,VI,ASO,ES,Combined TRACON& Tower with Radar,15,54,4,2,75,2,74,30,17,123,17,128,34,19,198,10,0,10,208
10/24/2001,STT,VI,ASO,ES,Combined TRACON& Tower with Radar,12,44,3,1,60,1,119,29,0,149,13,163,32,1,209,6,0,6,215
10/25/2001,STT,VI,ASO,ES,Combined TRACON& Tower with Radar,11,40,3,0,54,1,94,43,0,138,12,134,46,0,192,42,0,42,234
10/26/2001,STT,VI,ASO,ES,Combined TRACON& Tower with Radar,10,39,3,2,54,0,134,31,0,165,10,173,34,2,219,14,2,16,235
10/27/2001,STT,VI,ASO,ES,Combined TRACON& Tower with Radar,9,30,2,0,41,5,84,20,0,109,14,114,22,0,150,58,0,58,208
10/28/2001,STT,VI,ASO,ES,Combined TRACON& Tower with Radar,8,26,1,0,35,4,95,20,0,119,12,121,21,0,154,42,0,42,196
10/29/2001,STT,VI,ASO,ES,Combined TRACON& Tower with Radar,11,38,2,1,52,1,78,23,8,110,12,116,25,9,162,16,0,16,178
10/30/2001,STT,VI,ASO,ES,Combined TRACON& Tower with Radar,13,48,3,1,65,1,104,42,2,149,14,152,45,3,214,24,4,28,242
10/31/2001,STT,VI,ASO,ES,Combined TRACON& Tower with Radar,10,37,2,1,50,4,103,36,3,146,14,140,38,4,196,36,0,36,232
11/01/2001,STT,VI,ASO,ES,Combined TRACON& Tower with Radar,20,40,7,1,68,0,98,25,4,127,20,138,32,5,195,15,0,15,210
11/02/2001,STT,VI,ASO,ES,Combined TRACON& Tower with Radar,21,35,7,0,63,6,122,37,0,165,27,157,44,0,228,30,0,30,258
11/03/2001,STT,VI,ASO,ES,Combined TRACON& Tower with Radar,15,27,5,0,47,6,89,27,0,122,21,116,32,0,169,62,0,62,231
11/04/2001,STT,VI,ASO,ES,Combined TRACON& Tower with Radar,20,34,6,0,60,3,73,14,7,97,23,107,20,7,157,42,6,48,205
11/05/2001,STT,VI,ASO,ES,Combined TRACON& Tower with Radar,19,37,6,0,62,0,101,26,4,131,19,138,32,4,193,4,0,4,197
11/06/2001,STT,VI,ASO,ES,Combined TRACON& Tower with Radar,18,39,7,1,65,0,122,36,3,161,18,161,43,4,226,20,0,20,246
11/07/2001,STT,VI,ASO,ES,Combined TRACON& Tower with Radar,24,65,12,1,102,0,75,14,9,98,24,140,26,10,200,0,0,0,200
11/08/2001,STT,VI,ASO,ES,Combined TRACON& Tower with Radar,20,48,8,1,77,0,86,28,6,120,20,134,36,7,197,10,0,10,207
11/09/2001,STT,VI,ASO,ES,Combined TRACON& Tower with Radar,18,58,9,2,87,0,108,20,7,135,18,166,29,9,222,0,0,0,222
11/10/2001,STT,VI,ASO,ES,Combined TRACON& Tower with Radar,21,35,5,0,61,4,100,9,0,113,25,135,14,0,174,54,0,54,228
11/11/2001,STT,VI,ASO,ES,Combined TRACON& Tower with Radar,16,28,4,1,49,8,79,10,1,98,24,107,14,2,147,38,0,38,185
11/12/2001,STT,VI,ASO,ES,Combined TRACON& Tower with Radar,18,30,4,1,53,4,104,16,6,130,22,134,20,7,183,32,0,32,215
11/13/2001,STT,VI,ASO,ES,Combined TRACON& Tower with Radar,16,35,6,1,58,0,102,16,2,120,16,137,22,3,178,16,0,16,194
11/14/2001,STT,VI,ASO,ES,Combined TRACON& Tower with Radar,16,40,6,1,63,0,135,42,0,177,16,175,48,1,240,32,0,32,272
11/15/2001,STT,VI,ASO,ES,Combined TRACON& Tower with Radar,22,37,6,1,66,3,109,28,6,146,25,146,34,7,212,18,0,18,230
11/16/2001,STT,VI,ASO,ES,Combined TRACON& Tower with Radar,22,34,6,1,63,3,150,40,0,193,25,184,46,1,256,40,0,40,296
11/17/2001,STT,VI,ASO,ES,Combined TRACON& Tower with Radar,22,34,5,1,62,7,93,21,6,127,29,127,26,7,189,108,0,108,297
11/18/2001,STT,VI,ASO,ES,Combined TRACON& Tower with Radar,21,32,5,1,59,6,66,21,8,101,27,98,26,9,160,54,0,54,214
11/19/2001,STT,VI,ASO,ES,Combined TRACON& Tower with Radar,23,36,5,1,65,1,104,34,4,143,24,140,39,5,208,6,0,6,214
11/20/2001,STT,VI,ASO,ES,Combined TRACON& Tower with Radar,18,33,6,1,58,0,105,46,4,155,18,138,52,5,213,16,0,16,229
11/21/2001,STT,VI,ASO,ES,Combined TRACON& Tower with Radar,25,43,7,2,77,0,130,64,6,200,25,173,71,8,277,22,2,24,301
11/22/2001,STT,VI,ASO,ES,Combined TRACON& Tower with Radar,18,28,5,0,51,4,66,18,0,88,22,94,23,0,139,0,0,0,139
11/23/2001,STT,VI,ASO,ES,Combined TRACON& Tower with Radar,23,36,5,0,64,1,107,34,0,142,24,143,39,0,206,14,0,14,220
11/24/2001,STT,VI,ASO,ES,Combined TRACON& Tower with Radar,19,29,4,0,52,9,121,35,0,165,28,150,39,0,217,4,0,4,221
11/25/2001,STT,VI,ASO,ES,Combined TRACON& Tower with Radar,24,38,6,0,68,3,100,42,0,145,27,138,48,0,213,0,0,0,213
11/26/2001,STT,VI,ASO,ES,Combined TRACON& Tower with Radar,21,33,6,1,61,6,109,29,3,147,27,142,35,4,208,6,2,8,216
11/27/2001,STT,VI,ASO,ES,Combined TRACON& Tower with Radar,24,48,8,2,82,0,88,34,2,124,24,136,42,4,206,36,2,38,244
11/28/2001,STT,VI,ASO,ES,Combined TRACON& Tower with Radar,18,38,6,1,63,0,95,51,0,146,18,133,57,1,209,10,0,10,219
11/29/2001,STT,VI,ASO,ES,Combined TRACON& Tower with Radar,22,34,5,1,62,4,116,21,7,148,26,150,26,8,210,6,0,6,216
11/30/2001,STT,VI,ASO,ES,Combined TRACON& Tower with Radar,23,38,6,0,67,2,110,60,4,176,25,148,66,4,243,28,0,28,271
12/01/2001,STT,VI,ASO,ES,Combined TRACON& Tower with Radar,20,29,9,0,58,9,88,26,4,127,29,117,35,4,185,28,0,28,213
12/02/2001,STT,VI,ASO,ES,Combined TRACON& Tower with Radar,21,31,10,1,63,12,68,21,2,103,33,99,31,3,166,28,0,28,194
12/03/2001,STT,VI,ASO,ES,Combined TRACON& Tower with Radar,26,39,13,1,79,0,119,32,1,152,26,158,45,2,231,12,0,12,243
12/04/2001,STT,VI,ASO,ES,Combined TRACON& Tower with Radar,29,53,17,1,100,0,80,30,27,137,29,133,47,28,237,10,0,10,247
12/05/2001,STT,VI,ASO,ES,Combined TRACON& Tower with Radar,30,49,16,1,96,0,98,47,7,152,30,147,63,8,248,34,0,34,282
12/06/2001,STT,VI,ASO,ES,Combined TRACON& Tower with Radar,26,39,13,1,79,1,106,47,12,166,27,145,60,13,245,26,6,32,277
12/07/2001,STT,VI,ASO,ES,Combined TRACON& Tower with Radar,27,40,13,1,81,4,117,62,14,197,31,157,75,15,278,32,0,32,310
12/08/2001,STT,VI,ASO,ES,Combined TRACON& Tower with Radar,20,30,10,0,60,16,100,6,2,124,36,130,16,2,184,18,2,20,204
12/09/2001,STT,VI,ASO,ES,Combined TRACON& Tower with Radar,23,34,12,1,70,11,69,23,16,119,34,103,35,17,189,4,0,4,193
12/10/2001,STT,VI,ASO,ES,Combined TRACON& Tower with Radar,21,32,11,1,65,2,96,17,7,122,23,128,28,8,187,6,0,6,193
12/11/2001,STT,VI,ASO,ES,Combined TRACON& Tower with Radar,25,41,14,1,81,0,85,26,1,112,25,126,40,2,193,12,0,12,205
12/12/2001,STT,VI,ASO,ES,Combined TRACON& Tower with Radar,25,44,15,0,84,0,89,24,0,113,25,133,39,0,197,3,0,3,200
12/13/2001,STT,VI,ASO,ES,Combined TRACON& Tower with Radar,29,42,14,1,86,0,120,26,1,147,29,162,40,2,233,4,0,4,237
12/14/2001,STT,VI,ASO,ES,Combined TRACON& Tower with Radar,30,48,15,2,95,0,101,30,2,133,30,149,45,4,228,0,0,0,228
12/15/2001,STT,VI,ASO,ES,Combined TRACON& Tower with Radar,34,51,17,0,102,0,56,6,0,62,34,107,23,0,164,6,0,6,170
12/16/2001,STT,VI,ASO,ES,Combined TRACON& Tower with Radar,29,39,12,0,80,7,66,14,0,87,36,105,26,0,167,8,0,8,175
12/17/2001,STT,VI,ASO,ES,Combined TRACON& Tower with Radar,28,54,17,1,100,0,89,39,0,128,28,143,56,1,228,6,0,6,234
12/18/2001,STT,VI,ASO,ES,Combined TRACON& Tower with Radar,25,45,14,2,86,0,85,46,5,136,25,130,60,7,222,30,0,30,252
12/19/2001,STT,VI,ASO,ES,Combined TRACON& Tower with Radar,25,37,11,2,75,0,113,84,2,199,25,150,95,4,274,21,0,21,295
12/20/2001,STT,VI,ASO,ES,Combined TRACON& Tower with Radar,28,39,12,2,81,0,92,47,0,139,28,131,59,2,220,0,0,0,220
12/21/2001,STT,VI,ASO,ES,Combined TRACON& Tower with Radar,34,46,15,2,97,0,132,83,10,225,34,178,98,12,322,12,4,16,338
12/22/2001,STT,VI,ASO,ES,Combined TRACON& Tower with Radar,35,53,17,0,105,0,111,39,0,150,35,164,56,0,255,10,0,10,265
12/23/2001,STT,VI,ASO,ES,Combined TRACON& Tower with Radar,24,50,16,0,90,0,87,50,0,137,24,137,66,0,227,16,0,16,243
12/24/2001,STT,VI,ASO,ES,Combined TRACON& Tower with Radar,26,45,14,0,85,0,88,35,0,123,26,133,49,0,208,2,0,2,210
12/25/2001,STT,VI,ASO,ES,Combined TRACON& Tower with Radar,23,31,10,0,64,5,60,7,0,72,28,91,17,0,136,10,0,10,146
12/26/2001,STT,VI,ASO,ES,Combined TRACON& Tower with Radar,30,43,13,0,86,0,148,34,0,182,30,191,47,0,268,26,0,26,294
12/27/2001,STT,VI,ASO,ES,Combined TRACON& Tower with Radar,32,44,14,2,92,1,145,62,14,222,33,189,76,16,314,4,0,4,318
12/28/2001,STT,VI,ASO,ES,Combined TRACON& Tower with Radar,28,40,12,1,81,4,126,72,14,216,32,166,84,15,297,18,0,18,315
12/29/2001,STT,VI,ASO,ES,Combined TRACON& Tower with Radar,27,37,11,1,76,3,101,59,6,169,30,138,70,7,245,44,8,52,297
12/30/2001,STT,VI,ASO,ES,Combined TRACON& Tower with Radar,25,36,11,0,72,11,83,42,0,136,36,119,53,0,208,16,0,16,224
12/31/2001,STT,VI,ASO,ES,Combined TRACON& Tower with Radar,27,44,13,0,84,0,98,43,0,141,27,142,56,0,225,14,0,14,239
01/01/2002,STT,VI,ASO,ES,Combined TRACON& Tower with Radar,26,37,17,0,80,0,84,53,0,137,26,121,70,0,217,0,0,0,217
01/02/2002,STT,VI,ASO,ES,Combined TRACON& Tower with Radar,27,46,21,1,95,0,155,100,10,265,27,201,121,11,360,14,2,16,376
01/03/2002,STT,VI,ASO,ES,Combined TRACON& Tower with Radar,24,44,20,1,89,0,127,59,12,198,24,171,79,13,287,0,12,12,299
01/04/2002,STT,VI,ASO,ES,Combined TRACON& Tower with Radar,30,40,18,1,89,0,154,79,16,249,30,194,97,17,338,16,2,18,356
01/05/2002,STT,VI,ASO,ES,Combined TRACON& Tower with Radar,37,48,22,1,108,0,110,62,0,172,37,158,84,1,280,6,0,6,286
01/06/2002,STT,VI,ASO,ES,Combined TRACON& Tower with Radar,30,43,20,0,93,0,105,37,0,142,30,148,57,0,235,6,0,6,241
01/07/2002,STT,VI,ASO,ES,Combined TRACON& Tower with Radar,28,31,14,1,74,1,112,38,0,151,29,143,52,1,225,22,0,22,247
01/08/2002,STT,VI,ASO,ES,Combined TRACON& Tower with Radar,29,33,15,1,78,1,105,42,3,151,30,138,57,4,229,4,0,4,233
01/09/2002,STT,VI,ASO,ES,Combined TRACON& Tower with Radar,30,36,17,1,84,0,138,53,4,195,30,174,70,5,279,16,0,16,295
01/10/2002,STT,VI,ASO,ES,Combined TRACON& Tower with Radar,27,31,15,1,74,0,136,37,2,175,27,167,52,3,249,18,0,18,267
01/11/2002,STT,VI,ASO,ES,Combined TRACON& Tower with Radar,32,35,17,1,85,7,133,50,0,190,39,168,67,1,275,0,0,0,275
01/12/2002,STT,VI,ASO,ES,Combined TRACON& Tower with Radar,31,34,16,1,82,5,99,36,3,143,36,133,52,4,225,10,0,10,235
01/13/2002,STT,VI,ASO,ES,Combined TRACON& Tower with Radar,28,29,14,0,71,4,90,33,0,127,32,119,47,0,198,22,0,22,220
01/14/2002,STT,VI,ASO,ES,Combined TRACON& Tower with Radar,29,34,16,1,80,0,115,30,4,149,29,149,46,5,229,14,0,14,243
01/15/2002,STT,VI,ASO,ES,Combined TRACON& Tower with Radar,31,34,16,0,81,0,101,34,0,135,31,135,50,0,216,36,14,50,266
01/16/2002,STT,VI,ASO,ES,Combined TRACON& Tower with Radar,28,32,14,2,76,0,158,32,3,193,28,190,46,5,269,6,2,8,277
01/17/2002,STT,VI,ASO,ES,Combined TRACON& Tower with Radar,26,29,13,2,70,3,105,32,10,150,29,134,45,12,220,8,0,8,228
01/18/2002,STT,VI,ASO,ES,Combined TRACON& Tower with Radar,33,37,16,0,86,0,149,35,0,184,33,186,51,0,270,0,0,0,270
01/19/2002,STT,VI,ASO,ES,Combined TRACON& Tower with Radar,24,25,11,0,60,15,120,28,0,163,39,145,39,0,223,20,0,20,243
01/20/2002,STT,VI,ASO,ES,Combined TRACON& Tower with Radar,26,28,13,0,67,4,88,24,0,116,30,116,37,0,183,4,0,4,187
01/21/2002,STT,VI,ASO,ES,Combined TRACON& Tower with Radar,26,27,12,1,66,3,82,28,0,113,29,109,40,1,179,22,0,22,201
01/22/2002,STT,VI,ASO,ES,Combined TRACON& Tower with Radar,32,35,16,2,85,0,120,42,5,167,32,155,58,7,252,4,0,4,256
01/23/2002,STT,VI,ASO,ES,Combined TRACON& Tower with Radar,23,25,11,2,61,2,131,36,2,171,25,156,47,4,232,6,2,8,240
01/24/2002,STT,VI,ASO,ES,Combined TRACON& Tower with Radar,29,31,14,2,76,3,116,32,6,157,32,147,46,8,233,8,0,8,241
01/25/2002,STT,VI,ASO,ES,Combined TRACON& Tower with Radar,28,31,14,2,75,12,138,56,2,208,40,169,70,4,283,14,0,14,297
01/26/2002,STT,VI,ASO,ES,Combined TRACON& Tower with Radar,32,35,16,2,85,7,102,28,1,138,39,137,44,3,223,20,0,20,243
01/27/2002,STT,VI,ASO,ES,Combined TRACON& Tower with Radar,26,29,13,1,69,5,68,25,4,102,31,97,38,5,171,8,0,8,179
01/28/2002,STT,VI,ASO,ES,Combined TRACON& Tower with Radar,32,38,16,1,87,0,95,4,2,101,32,133,20,3,188,22,2,24,212
01/29/2002,STT,VI,ASO,ES,Combined TRACON& Tower with Radar,34,38,16,1,89,0,97,19,0,116,34,135,35,1,205,0,0,0,205
01/30/2002,STT,VI,ASO,ES,Combined TRACON& Tower with Radar,31,35,15,1,82,2,120,48,0,170,33,155,63,1,252,64,0,64,316
01/31/2002,STT,VI,ASO,ES,Combined TRACON& Tower with Radar,28,32,14,1,75,0,117,41,2,160,28,149,55,3,235,6,0,6,241
02/01/2002,STT,VI,ASO,ES,Combined TRACON& Tower with Radar,29,32,14,1,76,1,134,38,8,181,30,166,52,9,257,10,2,12,269
02/02/2002,STT,VI,ASO,ES,Combined TRACON& Tower with Radar,27,30,14,1,72,8,104,28,2,142,35,134,42,3,214,10,0,10,224
02/03/2002,STT,VI,ASO,ES,Combined TRACON& Tower with Radar,31,33,15,1,80,0,68,27,3,98,31,101,42,4,178,2,2,4,182
02/04/2002,STT,VI,ASO,ES,Combined TRACON& Tower with Radar,24,27,12,1,64,4,114,37,1,156,28,141,49,2,220,38,0,38,258
02/05/2002,STT,VI,ASO,ES,Combined TRACON& Tower with Radar,29,32,15,1,77,1,144,38,6,189,30,176,53,7,266,20,0,20,286
02/06/2002,STT,VI,ASO,ES,Combined TRACON& Tower with Radar,24,30,14,1,69,0,157,44,4,205,24,187,58,5,274,14,0,14,288
02/07/2002,STT,VI,ASO,ES,Combined TRACON& Tower with Radar,27,29,14,1,71,0,135,42,8,185,27,164,56,9,256,22,2,24,280
02/08/2002,STT,VI,ASO,ES,Combined TRACON& Tower with Radar,28,35,16,1,80,0,122,67,2,191,28,157,83,3,271,14,0,14,285
02/09/2002,STT,VI,ASO,ES,Combined TRACON& Tower with Radar,32,35,16,0,83,9,116,78,0,203,41,151,94,0,286,14,0,14,300
02/10/2002,STT,VI,ASO,ES,Combined TRACON& Tower with Radar,27,29,14,0,70,8,81,43,0,132,35,110,57,0,202,30,0,30,232
02/11/2002,STT,VI,ASO,ES,Combined TRACON& Tower with Radar,28,29,14,0,71,0,123,24,0,147,28,152,38,0,218,18,0,18,236
02/12/2002,STT,VI,ASO,ES,Combined TRACON& Tower with Radar,25,30,14,1,70,0,125,44,2,171,25,155,58,3,241,10,0,10,251
02/13/2002,STT,VI,ASO,ES,Combined TRACON& Tower with Radar,29,37,16,2,84,0,132,48,1,181,29,169,64,3,265,12,0,12,277
02/14/2002,STT,VI,ASO,ES,Combined TRACON& Tower with Radar,26,29,13,2,70,0,113,50,1,164,26,142,63,3,234,18,0,18,252
02/15/2002,STT,VI,ASO,ES,Combined TRACON& Tower with Radar,33,33,15,2,83,1,181,77,0,259,34,214,92,2,342,0,6,6,348
02/16/2002,STT,VI,ASO,ES,Combined TRACON& Tower with Radar,30,31,13,0,74,11,121,52,0,184,41,152,65,0,258,28,0,28,286
02/17/2002,STT,VI,ASO,ES,Combined TRACON& Tower with Radar,30,30,13,0,73,4,91,47,0,142,34,121,60,0,215,24,0,24,239
02/18/2002,STT,VI,ASO,ES,Combined TRACON& Tower with Radar,30,31,14,0,75,1,126,38,0,165,31,157,52,0,240,12,0,12,252
02/19/2002,STT,VI,ASO,ES,Combined TRACON& Tower with Radar,28,42,19,2,91,0,89,28,4,121,28,131,47,6,212,0,0,0,212
02/20/2002,STT,VI,ASO,ES,Combined TRACON& Tower with Radar,30,36,16,2,84,0,98,30,1,129,30,134,46,3,213,0,0,0,213
02/21/2002,STT,VI,ASO,ES,Combined TRACON& Tower with Radar,29,35,15,2,81,0,157,31,19,207,29,192,46,21,288,16,0,16,304
02/22/2002,STT,VI,ASO,ES,Combined TRACON& Tower with Radar,31,35,16,2,84,0,125,61,7,193,31,160,77,9,277,28,0,28,305
02/23/2002,STT,VI,ASO,ES,Combined TRACON& Tower with Radar,46,46,21,2,115,17,80,40,2,139,63,126,61,4,254,36,0,36,290
02/24/2002,STT,VI,ASO,ES,Combined TRACON& Tower with Radar,31,32,14,1,78,4,92,24,13,133,35,124,38,14,211,44,0,44,255
02/25/2002,STT,VI,ASO,ES,Combined TRACON& Tower with Radar,28,36,16,1,81,0,142,53,7,202,28,178,69,8,283,12,0,12,295
02/26/2002,STT,VI,ASO,ES,Combined TRACON& Tower with Radar,30,38,16,1,85,0,106,24,6,136,30,144,40,7,221,14,4,18,239
02/27/2002,STT,VI,ASO,ES,Combined TRACON& Tower with Radar,32,39,17,1,89,0,113,60,3,176,32,152,77,4,265,32,0,32,297
02/28/2002,STT,VI,ASO,ES,Combined TRACON& Tower with Radar,26,27,11,0,64,2,90,59,0,151,28,117,70,0,215,16,0,16,231
03/01/2002,STT,VI,ASO,ES,Combined TRACON& Tower with Radar,33,35,15,0,83,3,141,59,0,203,36,176,74,0,286,50,0,50,336
03/02/2002,STT,VI,ASO,ES,Combined TRACON& Tower with Radar,24,26,11,0,61,14,113,23,0,150,38,139,34,0,211,52,0,52,263
03/03/2002,STT,VI,ASO,ES,Combined TRACON& Tower with Radar,27,28,12,1,68,1,94,41,4,140,28,122,53,5,208,26,0,26,234
03/04/2002,STT,VI,ASO,ES,Combined TRACON& Tower with Radar,29,30,13,0,72,1,107,30,0,138,30,137,43,0,210,8,0,8,218
03/05/2002,STT,VI,ASO,ES,Combined TRACON& Tower with Radar,28,29,13,1,71,0,119,29,4,152,28,148,42,5,223,18,8,26,249
03/06/2002,STT,VI,ASO,ES,Combined TRACON& Tower with Radar,27,28,12,1,68,1,130,54,0,185,28,158,66,1,253,56,0,56,309
03/07/2002,STT,VI,ASO,ES,Combined TRACON& Tower with Radar,27,31,13,0,71,0,154,34,0,188,27,185,47,0,259,20,0,20,279
03/08/2002,STT,VI,ASO,ES,Combined TRACON& Tower with Radar,33,40,17,1,91,0,124,69,13,206,33,164,86,14,297,42,6,48,345
03/09/2002,STT,VI,ASO,ES,Combined TRACON& Tower with Radar,33,34,14,1,82,5,134,52,12,203,38,168,66,13,285,40,0,40,325
03/10/2002,STT,VI,ASO,ES,Combined TRACON& Tower with Radar,33,34,15,1,83,1,101,28,11,141,34,135,43,12,224,28,0,28,252
03/11/2002,STT,VI,ASO,ES,Combined TRACON& Tower with Radar,30,32,13,1,76,1,104,41,5,151,31,136,54,6,227,4,0,4,231
03/12/2002,STT,VI,ASO,ES,Combined TRACON& Tower with Radar,25,26,11,1,63,0,140,46,4,190,25,166,57,5,253,16,0,16,269
03/13/2002,STT,VI,ASO,ES,Combined TRACON& Tower with Radar,29,28,12,2,71,2,128,51,0,181,31,156,63,2,252,0,0,0,252
03/14/2002,STT,VI,ASO,ES,Combined TRACON& Tower with Radar,26,32,13,2,73,0,147,33,0,180,26,179,46,2,253,58,0,58,311
03/15/2002,STT,VI,ASO,ES,Combined TRACON& Tower with Radar,32,33,14,2,81,0,163,52,2,217,32,196,66,4,298,12,0,12,310
03/16/2002,STT,VI,ASO,ES,Combined TRACON& Tower with Radar,34,33,13,0,80,10,168,50,0,228,44,201,63,0,308,32,0,32,340
03/17/2002,STT,VI,ASO,ES,Combined TRACON& Tower with Radar,32,32,13,0,77,1,117,47,0,165,33,149,60,0,242,24,0,24,266
03/18/2002,STT,VI,ASO,ES,Combined TRACON& Tower with Radar,35,35,15,2,87,0,141,26,0,167,35,176,41,2,254,20,0,20,274
03/19/2002,STT,VI,ASO,ES,Combined TRACON& Tower with Radar,27,27,11,0,65,1,124,41,0,166,28,151,52,0,231,20,0,20,251
03/20/2002,STT,VI,ASO,ES,Combined TRACON& Tower with Radar,29,28,11,2,70,1,143,52,2,198,30,171,63,4,268,0,8,8,276
03/21/2002,STT,VI,ASO,ES,Combined TRACON& Tower with Radar,26,30,12,2,70,0,172,29,10,211,26,202,41,12,281,24,4,28,309
03/22/2002,STT,VI,ASO,ES,Combined TRACON& Tower with Radar,31,37,15,2,85,0,171,55,0,226,31,208,70,2,311,24,0,24,335
03/23/2002,STT,VI,ASO,ES,Combined TRACON& Tower with Radar,37,36,15,2,90,6,166,69,5,246,43,202,84,7,336,50,0,50,386
03/24/2002,STT,VI,ASO,ES,Combined TRACON& Tower with Radar,32,31,13,2,78,2,88,50,1,141,34,119,63,3,219,22,0,22,241
03/25/2002,STT,VI,ASO,ES,Combined TRACON& Tower with Radar,30,32,13,2,77,0,111,29,3,143,30,143,42,5,220,8,0,8,228
03/26/2002,STT,VI,ASO,ES,Combined TRACON& Tower with Radar,23,23,9,2,57,1,136,33,0,170,24,159,42,2,227,36,6,42,269
03/27/2002,STT,VI,ASO,ES,Combined TRACON& Tower with Radar,31,48,19,1,99,0,151,69,0,220,31,199,88,1,319,14,2,16,335
03/28/2002,STT,VI,ASO,ES,Combined TRACON& Tower with Radar,30,34,14,1,79,0,156,42,3,201,30,190,56,4,280,0,0,0,280
03/29/2002,STT,VI,ASO,ES,Combined TRACON& Tower with Radar,30,31,12,1,74,2,120,53,4,179,32,151,65,5,253,18,0,18,271
03/30/2002,STT,VI,ASO,ES,Combined TRACON& Tower with Radar,39,40,16,0,95,2,137,61,0,200,41,177,77,0,295,4,0,4,299
03/31/2002,STT,VI,ASO,ES,Combined TRACON& Tower with Radar,32,34,13,1,80,0,141,57,1,199,32,175,70,2,279,16,0,16,295
04/01/2002,STT,VI,ASO,ES,Combined TRACON& Tower with Radar,27,38,11,0,76,1,140,47,0,188,28,178,58,0,264,6,2,8,272
04/02/2002,STT,VI,ASO,ES,Combined TRACON& Tower with Radar,30,44,12,3,89,0,117,42,1,160,30,161,54,4,249,30,0,30,279
04/03/2002,STT,VI,ASO,ES,Combined TRACON& Tower with Radar,23,38,10,2,73,0,125,51,4,180,23,163,61,6,253,22,0,22,275
04/04/2002,STT,VI,ASO,ES,Combined TRACON& Tower with Radar,24,34,9,2,69,1,138,33,3,175,25,172,42,5,244,14,0,14,258
04/05/2002,STT,VI,ASO,ES,Combined TRACON& Tower with Radar,32,55,14,4,105,0,122,38,16,176,32,177,52,20,281,22,0,22,303
04/06/2002,STT,VI,ASO,ES,Combined TRACON& Tower with Radar,26,37,10,0,73,15,86,38,0,139,41,123,48,0,212,24,0,24,236
04/07/2002,STT,VI,ASO,ES,Combined TRACON& Tower with Radar,32,48,13,3,96,0,59,46,17,122,32,107,59,20,218,22,0,22,240
04/08/2002,STT,VI,ASO,ES,Combined TRACON& Tower with Radar,30,40,11,3,84,2,89,27,1,119,32,129,38,4,203,0,0,0,203
04/09/2002,STT,VI,ASO,ES,Combined TRACON& Tower with Radar,23,40,11,3,77,0,106,15,0,121,23,146,26,3,198,0,0,0,198
04/10/2002,STT,VI,ASO,ES,Combined TRACON& Tower with Radar,24,33,9,2,68,0,139,45,0,184,24,172,54,2,252,0,0,0,252
04/11/2002,STT,VI,ASO,ES,Combined TRACON& Tower with Radar,26,42,10,4,82,0,101,47,3,151,26,143,57,7,233,4,0,4,237
04/12/2002,STT,VI,ASO,ES,Combined TRACON& Tower with Radar,25,33,9,3,70,5,116,79,1,201,30,149,88,4,271,18,0,18,289
04/13/2002,STT,VI,ASO,ES,Combined TRACON& Tower with Radar,23,29,7,3,62,11,130,44,3,188,34,159,51,6,250,70,4,74,324
04/14/2002,STT,VI,ASO,ES,Combined TRACON& Tower with Radar,24,31,8,2,65,5,75,37,0,117,29,106,45,2,182,32,0,32,214
04/15/2002,STT,VI,ASO,ES,Combined TRACON& Tower with Radar,28,58,14,1,101,0,93,16,0,109,28,151,30,1,210,12,0,12,222
04/16/2002,STT,VI,ASO,ES,Combined TRACON& Tower with Radar,27,42,10,2,81,0,99,30,0,129,27,141,40,2,210,36,0,36,246
04/17/2002,STT,VI,ASO,ES,Combined TRACON& Tower with Radar,25,40,10,4,79,0,102,64,6,172,25,142,74,10,251,20,0,20,271
04/18/2002,STT,VI,ASO,ES,Combined TRACON& Tower with Radar,20,39,10,4,73,0,127,44,4,175,20,166,54,8,248,32,0,32,280
04/19/2002,STT,VI,ASO,ES,Combined TRACON& Tower with Radar,29,40,10,4,83,2,131,59,8,200,31,171,69,12,283,28,0,28,311
04/20/2002,STT,VI,ASO,ES,Combined TRACON& Tower with Radar,31,42,10,4,87,0,114,27,3,144,31,156,37,7,231,52,0,52,283
04/21/2002,STT,VI,ASO,ES,Combined TRACON& Tower with Radar,29,38,10,3,80,1,98,11,10,120,30,136,21,13,200,6,0,6,206
04/22/2002,STT,VI,ASO,ES,Combined TRACON& Tower with Radar,31,43,10,4,88,0,96,37,21,154,31,139,47,25,242,60,0,60,302
04/23/2002,STT,VI,ASO,ES,Combined TRACON& Tower with Radar,25,37,9,2,73,0,117,46,14,177,25,154,55,16,250,20,0,20,270
04/24/2002,STT,VI,ASO,ES,Combined TRACON& Tower with Radar,24,34,9,2,69,0,139,45,5,189,24,173,54,7,258,26,0,26,284
04/25/2002,STT,VI,ASO,ES,Combined TRACON& Tower with Radar,19,31,8,2,60,0,132,61,6,199,19,163,69,8,259,0,0,0,259
04/26/2002,STT,VI,ASO,ES,Combined TRACON& Tower with Radar,21,29,7,2,59,6,135,31,3,175,27,164,38,5,234,26,0,26,260
04/27/2002,STT,VI,ASO,ES,Combined TRACON& Tower with Radar,20,27,6,2,55,13,127,23,1,164,33,154,29,3,219,44,0,44,263
04/28/2002,STT,VI,ASO,ES,Combined TRACON& Tower with Radar,20,29,7,1,57,11,117,30,0,158,31,146,37,1,215,16,0,16,231
04/29/2002,STT,VI,ASO,ES,Combined TRACON& Tower with Radar,24,32,7,0,63,3,153,52,0,208,27,185,59,0,271,16,0,16,287
04/30/2002,STT,VI,ASO,ES,Combined TRACON& Tower with Radar,24,37,9,2,72,0,121,45,11,177,24,158,54,13,249,6,0,6,255
05/01/2002,STT,VI,ASO,ES,Combined TRACON& Tower with Radar,21,37,8,1,67,1,140,48,4,193,22,177,56,5,260,72,0,72,332
05/02/2002,STT,VI,ASO,ES,Combined TRACON& Tower with Radar,15,40,9,1,65,0,105,36,14,155,15,145,45,15,220,30,0,30,250
05/03/2002,STT,VI,ASO,ES,Combined TRACON& Tower with Radar,19,35,8,1,63,8,112,53,1,174,27,147,61,2,237,29,0,29,266
05/04/2002,STT,VI,ASO,ES,Combined TRACON& Tower with Radar,15,26,6,0,47,9,108,24,5,146,24,134,30,5,193,8,0,8,201
05/05/2002,STT,VI,ASO,ES,Combined TRACON& Tower with Radar,21,36,8,1,66,2,79,31,3,115,23,115,39,4,181,45,4,49,230
05/06/2002,STT,VI,ASO,ES,Combined TRACON& Tower with Radar,21,38,9,1,69,0,121,40,3,164,21,159,49,4,233,12,0,12,245
05/07/2002,STT,VI,ASO,ES,Combined TRACON& Tower with Radar,21,37,9,0,67,1,120,68,0,189,22,157,77,0,256,72,6,78,334
05/08/2002,STT,VI,ASO,ES,Combined TRACON& Tower with Radar,20,37,9,0,66,0,105,46,0,151,20,142,55,0,217,64,0,64,281
05/09/2002,STT,VI,ASO,ES,Combined TRACON& Tower with Radar,16,30,7,1,54,1,98,37,4,140,17,128,44,5,194,32,0,32,226
05/10/2002,STT,VI,ASO,ES,Combined TRACON& Tower with Radar,22,45,10,1,78,0,110,52,1,163,22,155,62,2,241,26,2,28,269
05/11/2002,STT,VI,ASO,ES,Combined TRACON& Tower with Radar,19,30,6,2,57,4,116,62,0,182,23,146,68,2,239,28,0,28,267
05/12/2002,STT,VI,ASO,ES,Combined TRACON& Tower with Radar,17,29,6,0,52,3,103,24,0,130,20,132,30,0,182,62,0,62,244
05/13/2002,STT,VI,ASO,ES,Combined TRACON& Tower with Radar,20,37,7,1,65,0,111,46,0,157,20,148,53,1,222,0,0,0,222
05/14/2002,STT,VI,ASO,ES,Combined TRACON& Tower with Radar,19,34,7,0,60,0,92,44,0,136,19,126,51,0,196,16,0,16,212
05/15/2002,STT,VI,ASO,ES,Combined TRACON& Tower with Radar,18,33,7,2,60,0,120,31,0,151,18,153,38,2,211,22,0,22,233
05/16/2002,STT,VI,ASO,ES,Combined TRACON& Tower with Radar,18,34,7,2,61,0,101,28,5,134,18,135,35,7,195,26,6,32,227
05/17/2002,STT,VI,ASO,ES,Combined TRACON& Tower with Radar,23,39,8,2,72,5,117,41,4,167,28,156,49,6,239,8,0,8,247
05/18/2002,STT,VI,ASO,ES,Combined TRACON& Tower with Radar,19,31,7,2,59,9,94,69,1,173,28,125,76,3,232,34,0,34,266
05/19/2002,STT,VI,ASO,ES,Combined TRACON& Tower with Radar,20,34,7,0,61,6,79,55,0,140,26,113,62,0,201,14,0,14,215
05/20/2002,STT,VI,ASO,ES,Combined TRACON& Tower with Radar,24,40,8,2,74,0,79,48,5,132,24,119,56,7,206,24,0,24,230
05/21/2002,STT,VI,ASO,ES,Combined TRACON& Tower with Radar,24,39,8,2,73,3,77,35,1,116,27,116,43,3,189,30,0,30,219
05/22/2002,STT,VI,ASO,ES,Combined TRACON& Tower with Radar,20,37,8,2,67,0,107,46,0,153,20,144,54,2,220,0,0,0,220
05/23/2002,STT,VI,ASO,ES,Combined TRACON& Tower with Radar,16,33,7,2,58,0,113,39,0,152,16,146,46,2,210,48,0,48,258
05/24/2002,STT,VI,ASO,ES,Combined TRACON& Tower with Radar,21,49,10,2,82,0,93,54,0,147,21,142,64,2,229,52,0,52,281
05/25/2002,STT,VI,ASO,ES,Combined TRACON& Tower with Radar,20,35,7,1,63,7,89,45,1,142,27,124,52,2,205,24,0,24,229
05/26/2002,STT,VI,ASO,ES,Combined TRACON& Tower with Radar,16,27,5,0,48,2,67,21,0,90,18,94,26,0,138,18,0,18,156
05/27/2002,STT,VI,ASO,ES,Combined TRACON& Tower with Radar,22,37,7,1,67,2,90,34,3,129,24,127,41,4,196,16,0,16,212
05/28/2002,STT,VI,ASO,ES,Combined TRACON& Tower with Radar,21,40,8,1,70,0,97,49,2,148,21,137,57,3,218,34,0,34,252
05/29/2002,STT,VI,ASO,ES,Combined TRACON& Tower with Radar,15,47,10,1,73,0,97,26,5,128,15,144,36,6,201,8,0,8,209
05/30/2002,STT,VI,ASO,ES,Combined TRACON& Tower with Radar,22,39,8,1,70,0,88,44,2,134,22,127,52,3,204,14,0,14,218
05/31/2002,STT,VI,ASO,ES,Combined TRACON& Tower with Radar,24,44,10,1,79,0,105,45,20,170,24,149,55,21,249,36,0,36,285
06/01/2002,STT,VI,ASO,ES,Combined TRACON& Tower with Radar,22,44,9,2,77,1,88,15,0,104,23,132,24,2,181,0,0,0,181
06/02/2002,STT,VI,ASO,ES,Combined TRACON& Tower with Radar,18,35,7,1,61,2,66,13,2,83,20,101,20,3,144,0,0,0,144
06/03/2002,STT,VI,ASO,ES,Combined TRACON& Tower with Radar,20,40,9,1,70,4,94,48,12,158,24,134,57,13,228,0,0,0,228
06/04/2002,STT,VI,ASO,ES,Combined TRACON& Tower with Radar,19,45,10,2,76,0,92,15,3,110,19,137,25,5,186,26,0,26,212
06/05/2002,STT,VI,ASO,ES,Combined TRACON& Tower with Radar,16,46,10,2,74,0,87,34,2,123,16,133,44,4,197,0,0,0,197
06/06/2002,STT,VI,ASO,ES,Combined TRACON& Tower with Radar,17,42,9,1,69,0,78,37,0,115,17,120,46,1,184,48,0,48,232
06/07/2002,STT,VI,ASO,ES,Combined TRACON& Tower with Radar,20,40,9,1,70,4,90,50,2,146,24,130,59,3,216,20,0,20,236
06/08/2002,STT,VI,ASO,ES,Combined TRACON& Tower with Radar,20,37,8,0,65,7,86,28,0,121,27,123,36,0,186,20,0,20,206
06/09/2002,STT,VI,ASO,ES,Combined TRACON& Tower with Radar,16,29,5,0,50,2,58,31,0,91,18,87,36,0,141,36,0,36,177
06/10/2002,STT,VI,ASO,ES,Combined TRACON& Tower with Radar,21,39,8,2,70,0,99,41,5,145,21,138,49,7,215,16,0,16,231
06/11/2002,STT,VI,ASO,ES,Combined TRACON& Tower with Radar,15,33,7,2,57,0,98,29,7,134,15,131,36,9,191,46,10,56,247
06/12/2002,STT,VI,ASO,ES,Combined TRACON& Tower with Radar,20,41,8,3,72,0,114,33,5,152,20,155,41,8,224,30,2,32,256
06/13/2002,STT,VI,ASO,ES,Combined TRACON& Tower with Radar,16,35,7,0,58,0,103,52,0,155,16,138,59,0,213,0,0,0,213
06/14/2002,STT,VI,ASO,ES,Combined TRACON& Tower with Radar,20,38,7,2,67,7,93,36,0,136,27,131,43,2,203,16,0,16,219
06/15/2002,STT,VI,ASO,ES,Combined TRACON& Tower with Radar,19,34,7,2,62,12,76,31,0,119,31,110,38,2,181,23,0,23,204
06/16/2002,STT,VI,ASO,ES,Combined TRACON& Tower with Radar,15,26,5,2,48,2,57,23,1,83,17,83,28,3,131,14,0,14,145
06/17/2002,STT,VI,ASO,ES,Combined TRACON& Tower with Radar,26,49,9,3,87,0,89,20,1,110,26,138,29,4,197,0,0,0,197
06/18/2002,STT,VI,ASO,ES,Combined TRACON& Tower with Radar,16,44,9,3,72,0,82,31,3,116,16,126,40,6,188,12,0,12,200
06/19/2002,STT,VI,ASO,ES,Combined TRACON& Tower with Radar,24,44,8,1,77,0,79,61,0,140,24,123,69,1,217,16,2,18,235
06/20/2002,STT,VI,ASO,ES,Combined TRACON& Tower with Radar,15,38,7,1,61,0,107,50,0,157,15,145,57,1,218,24,0,24,242
06/21/2002,STT,VI,ASO,ES,Combined TRACON& Tower with Radar,22,39,7,3,71,1,107,53,2,163,23,146,60,5,234,14,0,14,248
06/22/2002,STT,VI,ASO,ES,Combined TRACON& Tower with Radar,15,27,5,1,48,10,89,38,0,137,25,116,43,1,185,24,0,24,209
06/23/2002,STT,VI,ASO,ES,Combined TRACON& Tower with Radar,18,33,7,2,60,1,84,30,0,115,19,117,37,2,175,38,0,38,213
06/24/2002,STT,VI,ASO,ES,Combined TRACON& Tower with Radar,21,39,8,2,70,0,103,36,17,156,21,142,44,19,226,30,0,30,256
06/25/2002,STT,VI,ASO,ES,Combined TRACON& Tower with Radar,19,37,7,1,64,0,81,52,6,139,19,118,59,7,203,44,0,44,247
06/26/2002,STT,VI,ASO,ES,Combined TRACON& Tower with Radar,15,42,8,2,67,0,95,53,11,159,15,137,61,13,226,25,1,26,252
06/27/2002,STT,VI,ASO,ES,Combined TRACON& Tower with Radar,13,40,8,1,62,0,87,51,0,138,13,127,59,1,200,12,0,12,212
06/28/2002,STT,VI,ASO,ES,Combined TRACON& Tower with Radar,22,42,8,0,72,2,104,68,0,174,24,146,76,0,246,0,0,0,246
06/29/2002,STT,VI,ASO,ES,Combined TRACON& Tower with Radar,17,33,6,0,56,10,80,40,0,130,27,113,46,0,186,26,0,26,212
06/30/2002,STT,VI,ASO,ES,Combined TRACON& Tower with Radar,16,35,6,0,57,0,82,17,0,99,16,117,23,0,156,18,0,18,174
07/01/2002,STT,VI,ASO,ES,Combined TRACON& Tower with Radar,22,39,8,1,70,1,85,51,9,146,23,124,59,10,216,30,0,30,246
07/02/2002,STT,VI,ASO,ES,Combined TRACON& Tower with Radar,22,37,8,1,68,0,94,44,21,159,22,131,52,22,227,16,0,16,243
07/03/2002,STT,VI,ASO,ES,Combined TRACON& Tower with Radar,26,43,9,1,79,2,91,41,0,134,28,134,50,1,213,32,0,32,245
07/04/2002,STT,VI,ASO,ES,Combined TRACON& Tower with Radar,17,35,7,0,59,0,90,25,0,115,17,125,32,0,174,12,0,12,186
07/05/2002,STT,VI,ASO,ES,Combined TRACON& Tower with Radar,19,33,7,0,59,9,96,51,0,156,28,129,58,0,215,0,0,0,215
07/06/2002,STT,VI,ASO,ES,Combined TRACON& Tower with Radar,19,32,7,0,58,10,99,20,6,135,29,131,27,6,193,0,0,0,193
07/07/2002,STT,VI,ASO,ES,Combined TRACON& Tower with Radar,21,35,7,1,64,2,86,36,0,124,23,121,43,1,188,0,0,0,188
07/08/2002,STT,VI,ASO,ES,Combined TRACON& Tower with Radar,23,42,9,1,75,0,94,37,0,131,23,136,46,1,206,14,0,14,220
07/09/2002,STT,VI,ASO,ES,Combined TRACON& Tower with Radar,20,35,7,1,63,0,94,35,4,133,20,129,42,5,196,32,0,32,228
07/10/2002,STT,VI,ASO,ES,Combined TRACON& Tower with Radar,19,32,7,0,58,3,115,35,0,153,22,147,42,0,211,0,0,0,211
07/11/2002,STT,VI,ASO,ES,Combined TRACON& Tower with Radar,14,25,6,0,45,0,108,20,2,130,14,133,26,2,175,0,0,0,175
07/12/2002,STT,VI,ASO,ES,Combined TRACON& Tower with Radar,24,39,8,0,71,3,101,35,0,139,27,140,43,0,210,14,0,14,224
07/13/2002,STT,VI,ASO,ES,Combined TRACON& Tower with Radar,16,25,6,0,47,8,91,29,4,132,24,116,35,4,179,10,0,10,189
07/14/2002,STT,VI,ASO,ES,Combined TRACON& Tower with Radar,18,34,7,1,60,0,64,23,0,87,18,98,30,1,147,0,0,0,147
07/15/2002,STT,VI,ASO,ES,Combined TRACON& Tower with Radar,24,40,8,1,73,0,90,46,0,136,24,130,54,1,209,0,0,0,209
07/16/2002,STT,VI,ASO,ES,Combined TRACON& Tower with Radar,18,37,7,2,64,0,108,40,10,158,18,145,47,12,222,0,0,0,222
07/17/2002,STT,VI,ASO,ES,Combined TRACON& Tower with Radar,19,32,6,1,58,0,94,23,2,119,19,126,29,3,177,0,0,0,177
07/18/2002,STT,VI,ASO,ES,Combined TRACON& Tower with Radar,13,30,6,1,50,0,103,46,2,151,13,133,52,3,201,0,0,0,201
07/19/2002,STT,VI,ASO,ES,Combined TRACON& Tower with Radar,23,36,7,2,68,5,108,46,7,166,28,144,53,9,234,48,2,50,284
07/20/2002,STT,VI,ASO,ES,Combined TRACON& Tower with Radar,20,32,6,0,58,9,92,22,0,123,29,124,28,0,181,0,0,0,181
07/21/2002,STT,VI,ASO,ES,Combined TRACON& Tower with Radar,18,30,6,1,55,0,74,26,10,110,18,104,32,11,165,28,0,28,193
07/22/2002,STT,VI,ASO,ES,Combined TRACON& Tower with Radar,22,35,7,2,66,0,88,48,0,136,22,123,55,2,202,0,0,0,202
07/23/2002,STT,VI,ASO,ES,Combined TRACON& Tower with Radar,17,41,8,2,68,0,68,48,1,117,17,109,56,3,185,14,4,18,203
07/24/2002,STT,VI,ASO,ES,Combined TRACON& Tower with Radar,19,42,8,2,71,0,111,73,4,188,19,153,81,6,259,22,2,24,283
07/25/2002,STT,VI,ASO,ES,Combined TRACON& Tower with Radar,14,32,6,1,53,0,83,51,5,139,14,115,57,6,192,44,0,44,236
07/26/2002,STT,VI,ASO,ES,Combined TRACON& Tower with Radar,20,32,6,2,60,8,102,64,7,181,28,134,70,9,241,44,4,48,289
07/27/2002,STT,VI,ASO,ES,Combined TRACON& Tower with Radar,29,50,9,0,88,0,81,13,0,94,29,131,22,0,182,18,0,18,200
07/28/2002,STT,VI,ASO,ES,Combined TRACON& Tower with Radar,17,43,8,0,68,0,61,18,0,79,17,104,26,0,147,16,0,16,163
07/29/2002,STT,VI,ASO,ES,Combined TRACON& Tower with Radar,22,36,7,1,66,0,119,38,1,158,22,155,45,2,224,0,0,0,224
07/30/2002,STT,VI,ASO,ES,Combined TRACON& Tower with Radar,13,33,6,0,52,0,121,38,9,168,13,154,44,9,220,28,0,28,248
07/31/2002,STT,VI,ASO,ES,Combined TRACON& Tower with Radar,25,42,8,1,76,3,107,47,2,159,28,149,55,3,235,6,0,6,241
08/01/2002,STT,VI,ASO,ES,Combined TRACON& Tower with Radar,19,31,8,1,59,0,116,35,1,152,19,147,43,2,211,8,0,8,219
08/02/2002,STT,VI,ASO,ES,Combined TRACON& Tower with Radar,22,36,9,1,68,6,91,74,2,173,28,127,83,3,241,50,0,50,291
08/03/2002,STT,VI,ASO,ES,Combined TRACON& Tower with Radar,17,27,7,0,51,10,116,41,0,167,27,143,48,0,218,52,0,52,270
08/04/2002,STT,VI,ASO,ES,Combined TRACON& Tower with Radar,17,29,8,1,55,2,68,50,7,127,19,97,58,8,182,28,0,28,210
08/05/2002,STT,VI,ASO,ES,Combined TRACON& Tower with Radar,23,37,9,1,70,0,108,51,4,163,23,145,60,5,233,50,4,54,287
08/06/2002,STT,VI,ASO,ES,Combined TRACON& Tower with Radar,17,28,8,0,53,1,99,30,0,130,18,127,38,0,183,58,0,58,241
08/07/2002,STT,VI,ASO,ES,Combined TRACON& Tower with Radar,16,30,8,0,54,0,127,36,0,163,16,157,44,0,217,0,0,0,217
08/08/2002,STT,VI,ASO,ES,Combined TRACON& Tower with Radar,16,33,9,1,59,0,110,44,1,155,16,143,53,2,214,34,0,34,248
08/09/2002,STT,VI,ASO,ES,Combined TRACON& Tower with Radar,23,34,9,1,67,1,124,39,4,168,24,158,48,5,235,0,0,0,235
08/10/2002,STT,VI,ASO,ES,Combined TRACON& Tower with Radar,16,23,7,0,46,9,112,32,6,159,25,135,39,6,205,26,0,26,231
08/11/2002,STT,VI,ASO,ES,Combined TRACON& Tower with Radar,16,23,7,0,46,0,81,35,0,116,16,104,42,0,162,32,0,32,194
08/12/2002,STT,VI,ASO,ES,Combined TRACON& Tower with Radar,23,34,8,0,65,0,119,45,0,164,23,153,53,0,229,22,0,22,251
08/13/2002,STT,VI,ASO,ES,Combined TRACON& Tower with Radar,17,31,7,2,57,0,107,45,8,160,17,138,52,10,217,46,2,48,265
08/14/2002,STT,VI,ASO,ES,Combined TRACON& Tower with Radar,21,32,8,2,63,2,127,50,4,183,23,159,58,6,246,22,6,28,274
08/15/2002,STT,VI,ASO,ES,Combined TRACON& Tower with Radar,14,35,8,2,59,0,109,35,0,144,14,144,43,2,203,4,0,4,207
08/16/2002,STT,VI,ASO,ES,Combined TRACON& Tower with Radar,22,48,12,2,84,0,105,61,6,172,22,153,73,8,256,16,0,16,272
08/17/2002,STT,VI,ASO,ES,Combined TRACON& Tower with Radar,20,30,7,2,59,6,104,20,3,133,26,134,27,5,192,0,0,0,192
08/18/2002,STT,VI,ASO,ES,Combined TRACON& Tower with Radar,19,32,8,2,61,0,74,44,6,124,19,106,52,8,185,7,0,7,192
08/19/2002,STT,VI,ASO,ES,Combined TRACON& Tower with Radar,19,30,7,2,58,5,126,36,2,169,24,156,43,4,227,34,0,34,261
08/20/2002,STT,VI,ASO,ES,Combined TRACON& Tower with Radar,21,32,8,2,63,0,94,32,4,130,21,126,40,6,193,10,0,10,203
08/21/2002,STT,VI,ASO,ES,Combined TRACON& Tower with Radar,20,39,9,2,70,0,111,30,6,147,20,150,39,8,217,14,0,14,231
08/22/2002,STT,VI,ASO,ES,Combined TRACON& Tower with Radar,17,31,7,1,56,0,127,49,2,178,17,158,56,3,234,16,0,16,250
08/23/2002,STT,VI,ASO,ES,Combined TRACON& Tower with Radar,21,33,7,1,62,4,106,53,4,167,25,139,60,5,229,8,6,14,243
08/24/2002,STT,VI,ASO,ES,Combined TRACON& Tower with Radar,16,24,6,0,46,11,90,20,0,121,27,114,26,0,167,6,0,6,173
08/25/2002,STT,VI,ASO,ES,Combined TRACON& Tower with Radar,19,30,7,0,56,0,72,32,0,104,19,102,39,0,160,21,0,21,181
08/26/2002,STT,VI,ASO,ES,Combined TRACON& Tower with Radar,23,39,9,1,72,0,115,28,4,147,23,154,37,5,219,56,8,64,283
08/27/2002,STT,VI,ASO,ES,Combined TRACON& Tower with Radar,15,31,7,0,53,0,137,43,0,180,15,168,50,0,233,20,2,22,255
08/28/2002,STT,VI,ASO,ES,Combined TRACON& Tower with Radar,16,28,7,0,51,0,94,31,6,131,16,122,38,6,182,8,0,8,190
08/29/2002,STT,VI,ASO,ES,Combined TRACON& Tower with Radar,14,32,7,1,54,0,134,28,7,169,14,166,35,8,223,12,0,12,235
08/30/2002,STT,VI,ASO,ES,Combined TRACON& Tower with Radar,23,45,10,0,78,0,115,39,0,154,23,160,49,0,232,6,0,6,238
08/31/2002,STT,VI,ASO,ES,Combined TRACON& Tower with Radar,18,29,7,0,54,6,87,15,0,108,24,116,22,0,162,2,0,2,164
09/01/2002,STT,VI,ASO,ES,Combined TRACON& Tower with Radar,17,37,6,0,60,2,45,17,0,64,19,82,23,0,124,0,0,0,124
09/02/2002,STT,VI,ASO,ES,Combined TRACON& Tower with Radar,13,30,6,0,49,6,96,38,2,142,19,126,44,2,191,22,0,22,213
09/03/2002,STT,VI,ASO,ES,Combined TRACON& Tower with Radar,15,33,6,0,54,1,99,45,0,145,16,132,51,0,199,6,0,6,205
09/04/2002,STT,VI,ASO,ES,Combined TRACON& Tower with Radar,18,41,7,1,67,2,101,42,4,149,20,142,49,5,216,12,0,12,228
09/05/2002,STT,VI,ASO,ES,Combined TRACON& Tower with Radar,15,35,6,0,56,1,92,26,5,124,16,127,32,5,180,0,0,0,180
09/06/2002,STT,VI,ASO,ES,Combined TRACON& Tower with Radar,17,38,7,0,62,3,89,34,7,133,20,127,41,7,195,0,0,0,195
09/07/2002,STT,VI,ASO,ES,Combined TRACON& Tower with Radar,13,29,5,0,47,11,76,22,0,109,24,105,27,0,156,0,0,0,156
09/08/2002,STT,VI,ASO,ES,Combined TRACON& Tower with Radar,12,28,4,0,44,6,61,18,0,85,18,89,22,0,129,18,0,18,147
09/09/2002,STT,VI,ASO,ES,Combined TRACON& Tower with Radar,18,37,5,1,61,0,89,25,1,115,18,126,30,2,176,32,0,32,208
09/10/2002,STT,VI,ASO,ES,Combined TRACON& Tower with Radar,13,43,6,2,64,0,104,47,0,151,13,147,53,2,215,0,0,0,215
09/11/2002,STT,VI,ASO,ES,Combined TRACON& Tower with Radar,12,32,5,1,50,0,94,57,1,152,12,126,62,2,202,4,0,4,206
09/12/2002,STT,VI,ASO,ES,Combined TRACON& Tower with Radar,13,37,6,1,57,0,95,40,9,144,13,132,46,10,201,18,0,18,219
09/13/2002,STT,VI,ASO,ES,Combined TRACON& Tower with Radar,19,45,6,0,70,0,85,40,0,125,19,130,46,0,195,0,0,0,195
09/14/2002,STT,VI,ASO,ES,Combined TRACON& Tower with Radar,19,40,6,2,67,4,84,22,11,121,23,124,28,13,188,0,14,14,202
09/15/2002,STT,VI,ASO,ES,Combined TRACON& Tower with Radar,16,32,4,1,53,1,63,12,1,77,17,95,16,2,130,8,0,8,138
09/16/2002,STT,VI,ASO,ES,Combined TRACON& Tower with Radar,17,52,7,2,78,0,105,24,20,149,17,157,31,22,227,0,0,0,227
09/17/2002,STT,VI,ASO,ES,Combined TRACON& Tower with Radar,14,33,5,1,53,0,88,29,2,119,14,121,34,3,172,10,4,14,186
09/18/2002,STT,VI,ASO,ES,Combined TRACON& Tower with Radar,16,40,5,2,63,0,110,45,2,157,16,150,50,4,220,0,0,0,220
09/19/2002,STT,VI,ASO,ES,Combined TRACON& Tower with Radar,12,38,6,0,56,0,93,32,0,125,12,131,38,0,181,12,0,12,193
09/20/2002,STT,VI,ASO,ES,Combined TRACON& Tower with Radar,17,42,6,2,67,0,125,30,22,177,17,167,36,24,244,4,0,4,248
09/21/2002,STT,VI,ASO,ES,Combined TRACON& Tower with Radar,16,32,4,0,52,9,70,18,0,97,25,102,22,0,149,8,0,8,157
09/22/2002,STT,VI,ASO,ES,Combined TRACON& Tower with Radar,13,27,4,1,45,5,71,18,1,95,18,98,22,2,140,8,0,8,148
09/23/2002,STT,VI,ASO,ES,Combined TRACON& Tower with Radar,19,43,6,2,70,0,76,37,4,117,19,119,43,6,187,16,0,16,203
09/24/2002,STT,VI,ASO,ES,Combined TRACON& Tower with Radar,14,44,6,2,66,0,69,17,2,88,14,113,23,4,154,0,0,0,154
09/25/2002,STT,VI,ASO,ES,Combined TRACON& Tower with Radar,15,51,7,0,73,0,66,24,0,90,15,117,31,0,163,10,0,10,173
09/26/2002,STT,VI,ASO,ES,Combined TRACON& Tower with Radar,16,33,4,0,53,5,92,34,2,133,21,125,38,2,186,8,0,8,194
09/27/2002,STT,VI,ASO,ES,Combined TRACON& Tower with Radar,16,38,6,0,60,0,78,29,2,109,16,116,35,2,169,18,0,18,187
09/28/2002,STT,VI,ASO,ES,Combined TRACON& Tower with Radar,21,44,6,1,72,3,61,13,0,77,24,105,19,1,149,12,2,14,163
09/29/2002,STT,VI,ASO,ES,Combined TRACON& Tower with Radar,12,26,4,0,42,6,64,29,0,99,18,90,33,0,141,6,0,6,147
09/30/2002,STT,VI,ASO,ES,Combined TRACON& Tower with Radar,17,43,6,0,66,0,88,29,0,117,17,131,35,0,183,2,0,2,185
10/01/2002,STT,VI,ASO,ES,Combined TRACON& Tower with Radar,14,36,6,1,57,1,101,37,1,140,15,137,43,2,197,8,0,8,205
10/02/2002,STT,VI,ASO,ES,Combined TRACON& Tower with Radar,16,45,7,1,69,0,104,26,8,138,16,149,33,9,207,2,0,2,209
10/03/2002,STT,VI,ASO,ES,Combined TRACON& Tower with Radar,15,38,6,0,59,0,99,36,0,135,15,137,42,0,194,14,0,14,208
10/04/2002,STT,VI,ASO,ES,Combined TRACON& Tower with Radar,16,50,8,0,74,0,90,43,0,133,16,140,51,0,207,6,0,6,213
10/05/2002,STT,VI,ASO,ES,Combined TRACON& Tower with Radar,13,32,5,0,50,7,80,28,0,115,20,112,33,0,165,0,0,0,165
10/06/2002,STT,VI,ASO,ES,Combined TRACON& Tower with Radar,10,26,4,1,41,6,72,13,4,95,16,98,17,5,136,16,0,16,152
10/07/2002,STT,VI,ASO,ES,Combined TRACON& Tower with Radar,14,35,6,1,56,2,90,37,8,137,16,125,43,9,193,24,0,24,217
10/08/2002,STT,VI,ASO,ES,Combined TRACON& Tower with Radar,14,34,6,1,55,0,87,33,8,128,14,121,39,9,183,10,6,16,199
10/09/2002,STT,VI,ASO,ES,Combined TRACON& Tower with Radar,16,39,6,1,62,0,87,46,1,134,16,126,52,2,196,34,0,34,230
10/10/2002,STT,VI,ASO,ES,Combined TRACON& Tower with Radar,11,37,6,1,55,0,98,49,1,148,11,135,55,2,203,14,0,14,217
10/11/2002,STT,VI,ASO,ES,Combined TRACON& Tower with Radar,18,47,8,0,73,0,85,54,0,139,18,132,62,0,212,24,0,24,236
10/12/2002,STT,VI,ASO,ES,Combined TRACON& Tower with Radar,15,33,4,2,54,9,94,23,9,135,24,127,27,11,189,32,0,32,221
10/13/2002,STT,VI,ASO,ES,Combined TRACON& Tower with Radar,12,29,4,2,47,6,52,31,0,89,18,81,35,2,136,0,0,0,136
10/14/2002,STT,VI,ASO,ES,Combined TRACON& Tower with Radar,14,30,4,2,50,2,91,30,4,127,16,121,34,6,177,12,0,12,189
10/15/2002,STT,VI,ASO,ES,Combined TRACON& Tower with Radar,16,38,5,2,61,0,85,37,4,126,16,123,42,6,187,14,0,14,201
10/16/2002,STT,VI,ASO,ES,Combined TRACON& Tower with Radar,16,40,5,2,63,0,87,44,11,142,16,127,49,13,205,0,4,4,209
10/17/2002,STT,VI,ASO,ES,Combined TRACON& Tower with Radar,14,36,5,1,56,0,102,45,0,147,14,138,50,1,203,18,6,24,227
10/18/2002,STT,VI,ASO,ES,Combined TRACON& Tower with Radar,15,46,6,2,69,0,108,56,3,167,15,154,62,5,236,6,0,6,242
10/19/2002,STT,VI,ASO,ES,Combined TRACON& Tower with Radar,16,35,5,1,57,5,82,28,0,115,21,117,33,1,172,12,0,12,184
10/20/2002,STT,VI,ASO,ES,Combined TRACON& Tower with Radar,14,30,4,2,50,3,71,29,4,107,17,101,33,6,157,0,0,0,157
10/21/2002,STT,VI,ASO,ES,Combined TRACON& Tower with Radar,15,37,5,2,59,0,95,37,3,135,15,132,42,5,194,0,0,0,194
10/22/2002,STT,VI,ASO,ES,Combined TRACON& Tower with Radar,9,41,6,2,58,0,84,59,9,152,9,125,65,11,210,22,2,24,234
10/23/2002,STT,VI,ASO,ES,Combined TRACON& Tower with Radar,14,35,5,2,56,0,84,29,9,122,14,119,34,11,178,24,4,28,206
10/24/2002,STT,VI,ASO,ES,Combined TRACON& Tower with Radar,13,35,5,2,55,0,77,36,4,117,13,112,41,6,172,42,2,44,216
10/25/2002,STT,VI,ASO,ES,Combined TRACON& Tower with Radar,18,43,7,0,68,0,118,48,0,166,18,161,55,0,234,16,0,16,250
10/26/2002,STT,VI,ASO,ES,Combined TRACON& Tower with Radar,15,32,4,2,53,7,101,15,0,123,22,133,19,2,176,0,0,0,176
10/27/2002,STT,VI,ASO,ES,Combined TRACON& Tower with Radar,11,26,3,1,41,2,76,37,1,116,13,102,40,2,157,6,0,6,163
10/28/2002,STT,VI,ASO,ES,Combined TRACON& Tower with Radar,16,39,6,1,62,0,91,38,8,137,16,130,44,9,199,22,6,28,227
10/29/2002,STT,VI,ASO,ES,Combined TRACON& Tower with Radar,10,34,4,1,49,0,100,54,0,154,10,134,58,1,203,20,2,22,225
10/30/2002,STT,VI,ASO,ES,Combined TRACON& Tower with Radar,14,31,4,1,50,0,104,41,19,164,14,135,45,20,214,36,0,36,250
10/31/2002,STT,VI,ASO,ES,Combined TRACON& Tower with Radar,12,34,4,0,50,0,126,55,0,181,12,160,59,0,231,50,0,50,281
11/01/2002,STT,VI,ASO,ES,Combined TRACON& Tower with Radar,20,35,8,0,63,1,147,31,0,179,21,182,39,0,242,26,0,26,268
11/02/2002,STT,VI,ASO,ES,Combined TRACON& Tower with Radar,17,30,7,0,54,7,110,29,13,159,24,140,36,13,213,40,4,44,257
11/03/2002,STT,VI,ASO,ES,Combined TRACON& Tower with Radar,18,30,7,0,55,10,75,19,1,105,28,105,26,1,160,20,0,20,180
11/04/2002,STT,VI,ASO,ES,Combined TRACON& Tower with Radar,17,30,7,0,54,0,114,25,7,146,17,144,32,7,200,12,0,12,212
11/05/2002,STT,VI,ASO,ES,Combined TRACON& Tower with Radar,19,37,8,0,64,0,112,26,0,138,19,149,34,0,202,12,0,12,214
11/06/2002,STT,VI,ASO,ES,Combined TRACON& Tower with Radar,16,35,8,1,60,0,113,44,8,165,16,148,52,9,225,4,6,10,235
11/07/2002,STT,VI,ASO,ES,Combined TRACON& Tower with Radar,18,30,7,0,55,2,113,49,0,164,20,143,56,0,219,22,0,22,241
11/08/2002,STT,VI,ASO,ES,Combined TRACON& Tower with Radar,21,37,8,1,67,1,133,55,0,189,22,170,63,1,256,26,0,26,282
11/09/2002,STT,VI,ASO,ES,Combined TRACON& Tower with Radar,21,36,8,1,66,9,107,32,15,163,30,143,40,16,229,22,0,22,251
11/10/2002,STT,VI,ASO,ES,Combined TRACON& Tower with Radar,19,32,8,0,59,7,78,37,5,127,26,110,45,5,186,22,0,22,208
11/11/2002,STT,VI,ASO,ES,Combined TRACON& Tower with Radar,20,34,8,1,63,0,107,33,5,145,20,141,41,6,208,8,0,8,216
11/12/2002,STT,VI,ASO,ES,Combined TRACON& Tower with Radar,22,34,8,1,65,0,95,37,3,135,22,129,45,4,200,6,2,8,208
11/13/2002,STT,VI,ASO,ES,Combined TRACON& Tower with Radar,18,39,9,1,67,0,120,37,18,175,18,159,46,19,242,12,0,12,254
11/14/2002,STT,VI,ASO,ES,Combined TRACON& Tower with Radar,18,37,8,2,65,0,110,48,3,161,18,147,56,5,226,10,0,10,236
11/15/2002,STT,VI,ASO,ES,Combined TRACON& Tower with Radar,23,39,8,0,70,0,123,47,0,170,23,162,55,0,240,8,0,8,248
11/16/2002,STT,VI,ASO,ES,Combined TRACON& Tower with Radar,23,37,8,2,70,4,109,46,1,160,27,146,54,3,230,46,0,46,276
11/17/2002,STT,VI,ASO,ES,Combined TRACON& Tower with Radar,21,33,7,2,63,11,74,43,1,129,32,107,50,3,192,28,0,28,220
11/18/2002,STT,VI,ASO,ES,Combined TRACON& Tower with Radar,20,37,8,0,65,0,112,41,0,153,20,149,49,0,218,0,0,0,218
11/19/2002,STT,VI,ASO,ES,Combined TRACON& Tower with Radar,19,37,8,0,64,0,111,30,0,141,19,148,38,0,205,8,0,8,213
11/20/2002,STT,VI,ASO,ES,Combined TRACON& Tower with Radar,18,46,10,2,76,0,112,40,6,158,18,158,50,8,234,0,14,14,248
11/21/2002,STT,VI,ASO,ES,Combined TRACON& Tower with Radar,18,36,7,2,63,0,106,52,2,160,18,142,59,4,223,40,0,40,263
11/22/2002,STT,VI,ASO,ES,Combined TRACON& Tower with Radar,24,49,10,1,84,0,150,42,0,192,24,199,52,1,276,26,0,26,302
11/23/2002,STT,VI,ASO,ES,Combined TRACON& Tower with Radar,24,39,8,1,72,2,127,35,4,168,26,166,43,5,240,36,0,36,276
11/24/2002,STT,VI,ASO,ES,Combined TRACON& Tower with Radar,21,35,7,1,64,5,93,34,1,133,26,128,41,2,197,24,0,24,221
11/25/2002,STT,VI,ASO,ES,Combined TRACON& Tower with Radar,20,39,8,1,68,0,96,59,2,157,20,135,67,3,225,8,0,8,233
11/26/2002,STT,VI,ASO,ES,Combined TRACON& Tower with Radar,20,41,9,1,71,0,122,41,4,167,20,163,50,5,238,14,0,14,252
11/27/2002,STT,VI,ASO,ES,Combined TRACON& Tower with Radar,19,37,7,0,63,0,141,51,0,192,19,178,58,0,255,28,0,28,283
11/28/2002,STT,VI,ASO,ES,Combined TRACON& Tower with Radar,15,24,5,0,44,2,104,21,0,127,17,128,26,0,171,44,0,44,215
11/29/2002,STT,VI,ASO,ES,Combined TRACON& Tower with Radar,24,40,8,0,72,0,118,33,0,151,24,158,41,0,223,28,0,28,251
11/30/2002,STT,VI,ASO,ES,Combined TRACON& Tower with Radar,25,40,8,0,73,4,102,30,0,136,29,142,38,0,209,0,0,0,209
12/01/2002,STT,VI,ASO,ES,Combined TRACON& Tower with Radar,29,44,21,0,94,0,135,27,0,162,29,179,48,0,256,12,0,12,268
12/02/2002,STT,VI,ASO,ES,Combined TRACON& Tower with Radar,22,34,17,1,74,3,103,25,1,132,25,137,42,2,206,6,0,6,212
12/03/2002,STT,VI,ASO,ES,Combined TRACON& Tower with Radar,19,31,15,1,66,2,131,45,1,179,21,162,60,2,245,38,2,40,285
12/04/2002,STT,VI,ASO,ES,Combined TRACON& Tower with Radar,20,40,19,0,79,0,125,15,0,140,20,165,34,0,219,26,0,26,245
12/05/2002,STT,VI,ASO,ES,Combined TRACON& Tower with Radar,15,28,13,1,57,0,145,29,2,176,15,173,42,3,233,35,0,35,268
12/06/2002,STT,VI,ASO,ES,Combined TRACON& Tower with Radar,21,34,16,1,72,0,161,60,1,222,21,195,76,2,294,20,0,20,314
12/07/2002,STT,VI,ASO,ES,Combined TRACON& Tower with Radar,19,31,15,1,66,8,98,20,6,132,27,129,35,7,198,24,0,24,222
12/08/2002,STT,VI,ASO,ES,Combined TRACON& Tower with Radar,22,34,16,1,73,6,91,24,4,125,28,125,40,5,198,16,0,16,214
12/09/2002,STT,VI,ASO,ES,Combined TRACON& Tower with Radar,17,26,13,1,57,0,147,30,8,185,17,173,43,9,242,16,0,16,258
12/10/2002,STT,VI,ASO,ES,Combined TRACON& Tower with Radar,21,31,15,1,68,0,124,37,4,165,21,155,52,5,233,36,0,36,269
12/11/2002,STT,VI,ASO,ES,Combined TRACON& Tower with Radar,22,33,16,1,72,0,121,64,1,186,22,154,80,2,258,6,0,6,264
12/12/2002,STT,VI,ASO,ES,Combined TRACON& Tower with Radar,18,28,14,1,61,0,123,26,5,154,18,151,40,6,215,0,0,0,215
12/13/2002,STT,VI,ASO,ES,Combined TRACON& Tower with Radar,23,39,18,2,82,0,132,34,3,169,23,171,52,5,251,10,0,10,261
12/14/2002,STT,VI,ASO,ES,Combined TRACON& Tower with Radar,22,31,14,2,69,7,137,49,1,194,29,168,63,3,263,38,0,38,301
12/15/2002,STT,VI,ASO,ES,Combined TRACON& Tower with Radar,22,31,14,2,69,9,101,16,2,128,31,132,30,4,197,10,0,10,207
12/16/2002,STT,VI,ASO,ES,Combined TRACON& Tower with Radar,19,34,16,2,71,0,119,47,3,169,19,153,63,5,240,10,0,10,250
12/17/2002,STT,VI,ASO,ES,Combined TRACON& Tower with Radar,22,35,17,2,76,0,130,41,2,173,22,165,58,4,249,8,0,8,257
12/18/2002,STT,VI,ASO,ES,Combined TRACON& Tower with Radar,19,28,13,2,62,2,147,41,3,193,21,175,54,5,255,16,14,30,285
12/19/2002,STT,VI,ASO,ES,Combined TRACON& Tower with Radar,19,28,13,2,62,1,118,48,2,169,20,146,61,4,231,24,0,24,255
12/20/2002,STT,VI,ASO,ES,Combined TRACON& Tower with Radar,20,37,17,2,76,0,128,68,10,206,20,165,85,12,282,16,0,16,298
12/21/2002,STT,VI,ASO,ES,Combined TRACON& Tower with Radar,27,40,19,2,88,6,140,42,0,188,33,180,61,2,276,0,0,0,276
12/22/2002,STT,VI,ASO,ES,Combined TRACON& Tower with Radar,30,50,23,3,106,0,85,27,5,117,30,135,50,8,223,0,0,0,223
12/23/2002,STT,VI,ASO,ES,Combined TRACON& Tower with Radar,27,44,21,2,94,0,142,73,8,223,27,186,94,10,317,16,0,16,333
12/24/2002,STT,VI,ASO,ES,Combined TRACON& Tower with Radar,28,40,19,0,87,3,133,44,0,180,31,173,63,0,267,20,0,20,287
12/25/2002,STT,VI,ASO,ES,Combined TRACON& Tower with Radar,21,32,15,1,69,0,71,3,0,74,21,103,18,1,143,41,0,41,184
12/26/2002,STT,VI,ASO,ES,Combined TRACON& Tower with Radar,22,48,22,1,93,0,115,61,21,197,22,163,83,22,290,0,0,0,290
12/27/2002,STT,VI,ASO,ES,Combined TRACON& Tower with Radar,25,58,26,2,111,0,151,77,10,238,25,209,103,12,349,12,0,12,361
12/28/2002,STT,VI,ASO,ES,Combined TRACON& Tower with Radar,29,43,20,0,92,9,127,68,0,204,38,170,88,0,296,10,0,10,306
12/29/2002,STT,VI,ASO,ES,Combined TRACON& Tower with Radar,26,38,17,0,81,5,89,34,0,128,31,127,51,0,209,0,0,0,209
12/30/2002,STT,VI,ASO,ES,Combined TRACON& Tower with Radar,24,40,18,1,83,0,126,48,10,184,24,166,66,11,267,34,0,34,301
12/31/2002,STT,VI,ASO,ES,Combined TRACON& Tower with Radar,24,39,18,0,81,0,162,52,0,214,24,201,70,0,295,18,0,18,313
01/01/2003,STT,VI,ASO,ES,Combined TRACON& Tower with Radar,24,38,17,0,79,1,94,36,0,131,25,132,53,0,210,16,0,16,226
01/02/2003,STT,VI,ASO,ES,Combined TRACON& Tower with Radar,22,42,19,1,84,0,131,43,11,185,22,173,62,12,269,10,0,10,279
01/03/2003,STT,VI,ASO,ES,Combined TRACON& Tower with Radar,29,50,21,2,102,0,154,63,6,223,29,204,84,8,325,10,0,10,335
01/04/2003,STT,VI,ASO,ES,Combined TRACON& Tower with Radar,39,61,26,0,126,1,111,88,0,200,40,172,114,0,326,0,0,0,326
01/05/2003,STT,VI,ASO,ES,Combined TRACON& Tower with Radar,24,40,18,1,83,0,133,43,14,190,24,173,61,15,273,28,0,28,301
01/06/2003,STT,VI,ASO,ES,Combined TRACON& Tower with Radar,31,52,22,0,105,0,123,43,0,166,31,175,65,0,271,0,0,0,271
01/07/2003,STT,VI,ASO,ES,Combined TRACON& Tower with Radar,19,36,16,1,72,0,118,38,0,156,19,154,54,1,228,12,0,12,240
01/08/2003,STT,VI,ASO,ES,Combined TRACON& Tower with Radar,23,38,17,1,79,0,152,51,10,213,23,190,68,11,292,0,2,2,294
01/09/2003,STT,VI,ASO,ES,Combined TRACON& Tower with Radar,24,39,16,2,81,3,127,31,5,166,27,166,47,7,247,30,0,30,277
01/10/2003,STT,VI,ASO,ES,Combined TRACON& Tower with Radar,19,31,13,0,63,10,116,27,0,153,29,147,40,0,216,0,0,0,216
01/11/2003,STT,VI,ASO,ES,Combined TRACON& Tower with Radar,23,38,16,2,79,0,145,33,1,179,23,183,49,3,258,0,0,0,258
01/12/2003,STT,VI,ASO,ES,Combined TRACON& Tower with Radar,24,39,16,0,79,8,91,47,0,146,32,130,63,0,225,0,0,0,225
01/13/2003,STT,VI,ASO,ES,Combined TRACON& Tower with Radar,23,42,17,0,82,0,112,33,0,145,23,154,50,0,227,0,0,0,227
01/14/2003,STT,VI,ASO,ES,Combined TRACON& Tower with Radar,20,34,13,2,69,0,121,43,7,171,20,155,56,9,240,8,12,20,260
01/15/2003,STT,VI,ASO,ES,Combined TRACON& Tower with Radar,21,33,12,2,68,6,136,0,28,170,27,169,12,30,238,0,0,0,238
01/16/2003,STT,VI,ASO,ES,Combined TRACON& Tower with Radar,22,33,14,0,69,1,129,43,0,173,23,162,57,0,242,16,0,16,258
01/17/2003,STT,VI,ASO,ES,Combined TRACON& Tower with Radar,24,36,15,0,75,0,164,46,0,210,24,200,61,0,285,12,0,12,297
01/18/2003,STT,VI,ASO,ES,Combined TRACON& Tower with Radar,31,46,19,2,98,0,114,30,4,148,31,160,49,6,246,20,0,20,266
01/19/2003,STT,VI,ASO,ES,Combined TRACON& Tower with Radar,26,38,16,1,81,6,103,15,0,124,32,141,31,1,205,26,0,26,231
01/20/2003,STT,VI,ASO,ES,Combined TRACON& Tower with Radar,23,34,14,1,72,2,98,31,0,131,25,132,45,1,203,0,0,0,203
01/21/2003,STT,VI,ASO,ES,Combined TRACON& Tower with Radar,20,35,15,1,71,0,118,49,0,167,20,153,64,1,238,34,0,34,272
01/22/2003,STT,VI,ASO,ES,Combined TRACON& Tower with Radar,25,37,15,2,79,0,152,40,9,201,25,189,55,11,280,6,6,12,292
01/23/2003,STT,VI,ASO,ES,Combined TRACON& Tower with Radar,22,55,23,3,103,0,119,19,6,144,22,174,42,9,247,0,0,0,247
01/24/2003,STT,VI,ASO,ES,Combined TRACON& Tower with Radar,25,37,15,2,79,2,145,31,3,181,27,182,46,5,260,2,0,2,262
01/25/2003,STT,VI,ASO,ES,Combined TRACON& Tower with Radar,35,63,26,2,126,0,91,13,0,104,35,154,39,2,230,7,0,7,237
01/26/2003,STT,VI,ASO,ES,Combined TRACON& Tower with Radar,25,37,16,2,80,10,104,15,5,134,35,141,31,7,214,32,0,32,246
01/27/2003,STT,VI,ASO,ES,Combined TRACON& Tower with Radar,24,37,15,1,77,0,126,35,11,172,24,163,50,12,249,0,2,2,251
01/28/2003,STT,VI,ASO,ES,Combined TRACON& Tower with Radar,23,38,16,1,78,0,139,41,6,186,23,177,57,7,264,30,8,38,302
01/29/2003,STT,VI,ASO,ES,Combined TRACON& Tower with Radar,22,39,16,1,78,0,144,71,5,220,22,183,87,6,298,0,16,16,314
01/30/2003,STT,VI,ASO,ES,Combined TRACON& Tower with Radar,25,40,17,1,83,0,129,32,3,164,25,169,49,4,247,10,0,10,257
01/31/2003,STT,VI,ASO,ES,Combined TRACON& Tower with Radar,28,43,18,1,90,1,126,52,4,183,29,169,70,5,273,0,0,0,273
02/01/2003,STT,VI,ASO,ES,Combined TRACON& Tower with Radar,33,52,21,4,110,0,110,23,3,136,33,162,44,7,246,14,0,14,260
02/02/2003,STT,VI,ASO,ES,Combined TRACON& Tower with Radar,22,35,15,1,73,8,93,38,0,139,30,128,53,1,212,26,2,28,240
02/03/2003,STT,VI,ASO,ES,Combined TRACON& Tower with Radar,23,38,16,0,77,0,121,52,0,173,23,159,68,0,250,6,0,6,256
02/04/2003,STT,VI,ASO,ES,Combined TRACON& Tower with Radar,22,47,19,3,91,0,112,47,5,164,22,159,66,8,255,2,0,2,257
02/05/2003,STT,VI,ASO,ES,Combined TRACON& Tower with Radar,24,37,16,2,79,2,153,56,5,216,26,190,72,7,295,54,0,54,349
02/06/2003,STT,VI,ASO,ES,Combined TRACON& Tower with Radar,22,34,14,2,72,4,139,44,0,187,26,173,58,2,259,12,0,12,271
02/07/2003,STT,VI,ASO,ES,Combined TRACON& Tower with Radar,20,46,19,3,88,0,141,46,0,187,20,187,65,3,275,10,0,10,285
02/08/2003,STT,VI,ASO,ES,Combined TRACON& Tower with Radar,26,38,16,3,83,9,113,27,3,152,35,151,43,6,235,12,0,12,247
02/09/2003,STT,VI,ASO,ES,Combined TRACON& Tower with Radar,24,35,14,3,76,6,86,32,1,125,30,121,46,4,201,0,0,0,201
02/10/2003,STT,VI,ASO,ES,Combined TRACON& Tower with Radar,25,39,15,1,80,0,118,36,0,154,25,157,51,1,234,10,0,10,244
02/11/2003,STT,VI,ASO,ES,Combined TRACON& Tower with Radar,22,38,15,4,79,0,132,35,7,174,22,170,50,11,253,22,0,22,275
02/12/2003,STT,VI,ASO,ES,Combined TRACON& Tower with Radar,24,35,14,3,76,1,143,44,4,192,25,178,58,7,268,28,4,32,300
02/13/2003,STT,VI,ASO,ES,Combined TRACON& Tower with Radar,26,48,19,4,97,0,113,65,10,188,26,161,84,14,285,12,4,16,301
02/14/2003,STT,VI,ASO,ES,Combined TRACON& Tower with Radar,36,69,27,3,135,0,154,49,0,203,36,223,76,3,338,24,2,26,364
02/15/2003,STT,VI,ASO,ES,Combined TRACON& Tower with Radar,26,38,15,2,81,5,158,41,0,204,31,196,56,2,285,26,18,44,329
02/16/2003,STT,VI,ASO,ES,Combined TRACON& Tower with Radar,28,42,16,4,90,10,124,20,21,175,38,166,36,25,265,0,0,0,265
02/17/2003,STT,VI,ASO,ES,Combined TRACON& Tower with Radar,24,46,18,1,89,0,140,48,0,188,24,186,66,1,277,8,0,8,285
02/18/2003,STT,VI,ASO,ES,Combined TRACON& Tower with Radar,23,40,15,4,82,0,169,52,8,229,23,209,67,12,311,27,8,35,346
02/19/2003,STT,VI,ASO,ES,Combined TRACON& Tower with Radar,25,40,15,4,84,0,128,42,1,171,25,168,57,5,255,0,2,2,257
02/20/2003,STT,VI,ASO,ES,Combined TRACON& Tower with Radar,23,36,14,3,76,0,150,34,0,184,23,186,48,3,260,0,0,0,260
02/21/2003,STT,VI,ASO,ES,Combined TRACON& Tower with Radar,25,41,16,3,85,0,150,39,7,196,25,191,55,10,281,28,0,28,309
02/22/2003,STT,VI,ASO,ES,Combined TRACON& Tower with Radar,26,38,14,3,81,9,144,36,9,198,35,182,50,12,279,0,0,0,279
02/23/2003,STT,VI,ASO,ES,Combined TRACON& Tower with Radar,26,38,14,3,81,8,102,18,1,129,34,140,32,4,210,0,0,0,210
02/24/2003,STT,VI,ASO,ES,Combined TRACON& Tower with Radar,27,42,16,3,88,1,128,38,5,172,28,170,54,8,260,10,2,12,272
02/25/2003,STT,VI,ASO,ES,Combined TRACON& Tower with Radar,28,45,17,3,93,0,117,58,17,192,28,162,75,20,285,18,18,36,321
02/26/2003,STT,VI,ASO,ES,Combined TRACON& Tower with Radar,23,34,13,1,71,3,138,48,0,189,26,172,61,1,260,18,2,20,280
02/27/2003,STT,VI,ASO,ES,Combined TRACON& Tower with Radar,26,41,16,2,85,0,149,53,0,202,26,190,69,2,287,4,2,6,293
02/28/2003,STT,VI,ASO,ES,Combined TRACON& Tower with Radar,26,41,16,3,86,0,163,67,5,235,26,204,83,8,321,50,10,60,381
03/01/2003,STT,VI,ASO,ES,Combined TRACON& Tower with Radar,34,54,28,1,117,0,125,39,0,164,34,179,67,1,281,32,0,32,313
03/02/2003,STT,VI,ASO,ES,Combined TRACON& Tower with Radar,27,34,18,1,80,5,102,42,1,150,32,136,60,2,230,46,0,46,276
03/03/2003,STT,VI,ASO,ES,Combined TRACON& Tower with Radar,26,33,18,1,78,2,141,39,3,185,28,174,57,4,263,40,0,40,303
03/04/2003,STT,VI,ASO,ES,Combined TRACON& Tower with Radar,22,28,15,0,65,8,133,32,2,175,30,161,47,2,240,0,0,0,240
03/05/2003,STT,VI,ASO,ES,Combined TRACON& Tower with Radar,19,27,15,0,61,0,141,48,1,190,19,168,63,1,251,8,2,10,261
03/06/2003,STT,VI,ASO,ES,Combined TRACON& Tower with Radar,22,28,16,0,66,1,128,35,7,171,23,156,51,7,237,66,2,68,305
03/07/2003,STT,VI,ASO,ES,Combined TRACON& Tower with Radar,28,35,18,1,82,0,160,68,3,231,28,195,86,4,313,46,0,46,359
03/08/2003,STT,VI,ASO,ES,Combined TRACON& Tower with Radar,28,36,19,1,84,9,147,74,1,231,37,183,93,2,315,70,0,70,385
03/09/2003,STT,VI,ASO,ES,Combined TRACON& Tower with Radar,26,30,16,0,72,3,125,33,0,161,29,155,49,0,233,32,0,32,265
03/10/2003,STT,VI,ASO,ES,Combined TRACON& Tower with Radar,29,38,20,1,88,0,134,42,3,179,29,172,62,4,267,36,0,36,303
03/11/2003,STT,VI,ASO,ES,Combined TRACON& Tower with Radar,26,30,17,1,74,0,139,29,7,175,26,169,46,8,249,0,0,0,249
03/12/2003,STT,VI,ASO,ES,Combined TRACON& Tower with Radar,24,32,17,1,74,0,157,56,1,214,24,189,73,2,288,38,0,38,326
03/13/2003,STT,VI,ASO,ES,Combined TRACON& Tower with Radar,21,33,18,1,73,0,140,48,5,193,21,173,66,6,266,28,2,30,296
03/14/2003,STT,VI,ASO,ES,Combined TRACON& Tower with Radar,29,36,19,0,84,0,155,64,0,219,29,191,83,0,303,0,0,0,303
03/15/2003,STT,VI,ASO,ES,Combined TRACON& Tower with Radar,35,41,21,0,97,5,148,67,0,220,40,189,88,0,317,46,0,46,363
03/16/2003,STT,VI,ASO,ES,Combined TRACON& Tower with Radar,26,32,16,2,76,8,133,61,2,204,34,165,77,4,280,18,0,18,298
03/17/2003,STT,VI,ASO,ES,Combined TRACON& Tower with Radar,25,37,19,2,83,0,144,44,18,206,25,181,63,20,289,12,0,12,301
03/18/2003,STT,VI,ASO,ES,Combined TRACON& Tower with Radar,27,34,17,2,80,0,159,74,0,233,27,193,91,2,313,4,2,6,319
03/19/2003,STT,VI,ASO,ES,Combined TRACON& Tower with Radar,24,39,20,2,85,0,145,46,2,193,24,184,66,4,278,24,0,24,302
03/20/2003,STT,VI,ASO,ES,Combined TRACON& Tower with Radar,26,32,17,1,76,0,150,52,0,202,26,182,69,1,278,44,0,44,322
03/21/2003,STT,VI,ASO,ES,Combined TRACON& Tower with Radar,29,39,20,2,90,0,160,67,0,227,29,199,87,2,317,0,0,0,317
03/22/2003,STT,VI,ASO,ES,Combined TRACON& Tower with Radar,34,41,21,2,98,1,166,67,5,239,35,207,88,7,337,30,0,30,367
03/23/2003,STT,VI,ASO,ES,Combined TRACON& Tower with Radar,30,36,18,2,86,6,127,44,2,179,36,163,62,4,265,12,0,12,277
03/24/2003,STT,VI,ASO,ES,Combined TRACON& Tower with Radar,30,38,20,2,90,0,113,42,0,155,30,151,62,2,245,10,0,10,255
03/25/2003,STT,VI,ASO,ES,Combined TRACON& Tower with Radar,27,34,17,1,79,0,120,50,7,177,27,154,67,8,256,12,0,12,268
03/26/2003,STT,VI,ASO,ES,Combined TRACON& Tower with Radar,24,33,16,1,74,0,128,63,1,192,24,161,79,2,266,36,0,36,302
03/27/2003,STT,VI,ASO,ES,Combined TRACON& Tower with Radar,26,33,16,1,76,3,130,45,0,178,29,163,61,1,254,24,0,24,278
03/28/2003,STT,VI,ASO,ES,Combined TRACON& Tower with Radar,26,33,16,1,76,0,159,40,1,200,26,192,56,2,276,20,0,20,296
03/29/2003,STT,VI,ASO,ES,Combined TRACON& Tower with Radar,32,41,20,0,93,0,154,65,0,219,32,195,85,0,312,12,0,12,324
03/30/2003,STT,VI,ASO,ES,Combined TRACON& Tower with Radar,29,36,18,1,84,5,123,44,3,175,34,159,62,4,259,12,0,12,271
03/31/2003,STT,VI,ASO,ES,Combined TRACON& Tower with Radar,26,37,18,1,82,0,116,45,7,168,26,153,63,8,250,27,4,31,281
04/01/2003,STT,VI,ASO,ES,Combined TRACON& Tower with Radar,25,42,15,1,83,0,122,62,3,187,25,164,77,4,270,0,6,6,276
04/02/2003,STT,VI,ASO,ES,Combined TRACON& Tower with Radar,25,38,14,1,78,0,134,47,1,182,25,172,61,2,260,22,0,22,282
04/03/2003,STT,VI,ASO,ES,Combined TRACON& Tower with Radar,21,47,17,1,86,0,152,26,3,181,21,199,43,4,267,14,2,16,283
04/04/2003,STT,VI,ASO,ES,Combined TRACON& Tower with Radar,26,39,15,1,81,5,140,38,14,197,31,179,53,15,278,28,0,28,306
04/05/2003,STT,VI,ASO,ES,Combined TRACON& Tower with Radar,37,56,20,2,115,0,79,19,3,101,37,135,39,5,216,0,0,0,216
04/06/2003,STT,VI,ASO,ES,Combined TRACON& Tower with Radar,27,41,15,1,84,8,77,29,5,119,35,118,44,6,203,26,0,26,229
04/07/2003,STT,VI,ASO,ES,Combined TRACON& Tower with Radar,21,32,12,1,66,0,110,38,12,160,21,142,50,13,226,14,6,20,246
04/08/2003,STT,VI,ASO,ES,Combined TRACON& Tower with Radar,21,33,12,1,67,4,114,52,4,174,25,147,64,5,241,10,0,10,251
04/09/2003,STT,VI,ASO,ES,Combined TRACON& Tower with Radar,24,37,14,1,76,1,121,24,3,149,25,158,38,4,225,24,0,24,249
04/10/2003,STT,VI,ASO,ES,Combined TRACON& Tower with Radar,22,34,13,1,70,0,139,64,9,212,22,173,77,10,282,6,0,6,288
04/11/2003,STT,VI,ASO,ES,Combined TRACON& Tower with Radar,27,41,16,1,85,0,132,60,2,194,27,173,76,3,279,6,0,6,285
04/12/2003,STT,VI,ASO,ES,Combined TRACON& Tower with Radar,30,43,15,2,90,5,135,42,5,187,35,178,57,7,277,18,0,18,295
04/13/2003,STT,VI,ASO,ES,Combined TRACON& Tower with Radar,20,29,10,2,61,17,113,23,0,153,37,142,33,2,214,32,0,32,246
04/14/2003,STT,VI,ASO,ES,Combined TRACON& Tower with Radar,21,29,10,2,62,7,118,48,1,174,28,147,58,3,236,0,0,0,236
04/15/2003,STT,VI,ASO,ES,Combined TRACON& Tower with Radar,20,29,10,2,61,4,121,49,5,179,24,150,59,7,240,12,0,12,252
04/16/2003,STT,VI,ASO,ES,Combined TRACON& Tower with Radar,26,40,14,2,82,0,138,68,3,209,26,178,82,5,291,20,0,20,311
04/17/2003,STT,VI,ASO,ES,Combined TRACON& Tower with Radar,29,65,23,3,120,0,64,24,2,90,29,129,47,5,210,0,2,2,212
04/18/2003,STT,VI,ASO,ES,Combined TRACON& Tower with Radar,34,52,18,0,104,0,114,43,0,157,34,166,61,0,261,8,0,8,269
04/19/2003,STT,VI,ASO,ES,Combined TRACON& Tower with Radar,31,60,21,0,112,0,102,40,0,142,31,162,61,0,254,28,0,28,282
04/20/2003,STT,VI,ASO,ES,Combined TRACON& Tower with Radar,26,37,13,0,76,6,79,35,0,120,32,116,48,0,196,0,0,0,196
04/21/2003,STT,VI,ASO,ES,Combined TRACON& Tower with Radar,26,37,13,2,78,0,118,33,2,153,26,155,46,4,231,0,0,0,231
04/22/2003,STT,VI,ASO,ES,Combined TRACON& Tower with Radar,23,54,19,0,96,0,79,36,0,115,23,133,55,0,211,16,0,16,227
04/23/2003,STT,VI,ASO,ES,Combined TRACON& Tower with Radar,27,40,14,0,81,0,122,49,0,171,27,162,63,0,252,0,0,0,252
04/24/2003,STT,VI,ASO,ES,Combined TRACON& Tower with Radar,21,34,11,1,67,0,126,51,2,179,21,160,62,3,246,18,2,20,266
04/25/2003,STT,VI,ASO,ES,Combined TRACON& Tower with Radar,27,39,13,0,79,1,100,65,0,166,28,139,78,0,245,14,0,14,259
04/26/2003,STT,VI,ASO,ES,Combined TRACON& Tower with Radar,20,30,10,1,61,12,115,30,0,157,32,145,40,1,218,10,0,10,228
04/27/2003,STT,VI,ASO,ES,Combined TRACON& Tower with Radar,21,32,11,1,65,9,93,24,1,127,30,125,35,2,192,12,0,12,204
04/28/2003,STT,VI,ASO,ES,Combined TRACON& Tower with Radar,27,46,16,1,90,0,113,44,16,173,27,159,60,17,263,12,4,16,279
04/29/2003,STT,VI,ASO,ES,Combined TRACON& Tower with Radar,24,36,12,1,73,0,129,64,3,196,24,165,76,4,269,12,0,12,281
04/30/2003,STT,VI,ASO,ES,Combined TRACON& Tower with Radar,24,35,12,0,71,0,128,47,0,175,24,163,59,0,246,4,0,4,250
05/01/2003,STT,VI,ASO,ES,Combined TRACON& Tower with Radar,26,19,10,1,56,1,125,30,3,159,27,144,40,4,215,0,0,0,215
05/02/2003,STT,VI,ASO,ES,Combined TRACON& Tower with Radar,25,18,9,0,52,4,111,53,0,168,29,129,62,0,220,6,0,6,226
05/03/2003,STT,VI,ASO,ES,Combined TRACON& Tower with Radar,25,18,10,0,53,12,116,36,0,164,37,134,46,0,217,16,0,16,233
05/04/2003,STT,VI,ASO,ES,Combined TRACON& Tower with Radar,28,20,10,1,59,4,119,13,15,151,32,139,23,16,210,30,0,30,240
05/05/2003,STT,VI,ASO,ES,Combined TRACON& Tower with Radar,29,24,13,1,67,0,111,75,6,192,29,135,88,7,259,18,0,18,277
05/06/2003,STT,VI,ASO,ES,Combined TRACON& Tower with Radar,25,21,12,1,59,0,144,54,1,199,25,165,66,2,258,20,0,20,278
05/07/2003,STT,VI,ASO,ES,Combined TRACON& Tower with Radar,28,20,11,1,60,1,108,50,11,170,29,128,61,12,230,6,0,6,236
05/08/2003,STT,VI,ASO,ES,Combined TRACON& Tower with Radar,28,20,10,1,59,1,97,62,4,164,29,117,72,5,223,32,0,32,255
05/09/2003,STT,VI,ASO,ES,Combined TRACON& Tower with Radar,27,19,10,1,57,4,128,63,1,196,31,147,73,2,253,26,0,26,279
05/10/2003,STT,VI,ASO,ES,Combined TRACON& Tower with Radar,25,18,10,1,54,9,108,16,7,140,34,126,26,8,194,20,0,20,214
05/11/2003,STT,VI,ASO,ES,Combined TRACON& Tower with Radar,28,20,10,1,59,7,77,48,0,132,35,97,58,1,191,30,0,30,221
05/12/2003,STT,VI,ASO,ES,Combined TRACON& Tower with Radar,30,21,11,1,63,0,121,47,0,168,30,142,58,1,231,10,0,10,241
05/13/2003,STT,VI,ASO,ES,Combined TRACON& Tower with Radar,23,24,12,1,60,0,116,43,0,159,23,140,55,1,219,32,0,32,251
05/14/2003,STT,VI,ASO,ES,Combined TRACON& Tower with Radar,32,26,14,1,73,0,113,31,2,146,32,139,45,3,219,16,0,16,235
05/15/2003,STT,VI,ASO,ES,Combined TRACON& Tower with Radar,28,20,9,2,59,3,108,48,2,161,31,128,57,4,220,24,2,26,246
05/16/2003,STT,VI,ASO,ES,Combined TRACON& Tower with Radar,27,24,12,2,65,0,107,63,2,172,27,131,75,4,237,58,4,62,299
05/17/2003,STT,VI,ASO,ES,Combined TRACON& Tower with Radar,38,26,13,3,80,0,93,27,14,134,38,119,40,17,214,60,0,60,274
05/18/2003,STT,VI,ASO,ES,Combined TRACON& Tower with Radar,26,17,9,2,54,3,74,25,8,110,29,91,34,10,164,22,0,22,186
05/19/2003,STT,VI,ASO,ES,Combined TRACON& Tower with Radar,30,20,10,2,62,0,102,52,1,155,30,122,62,3,217,18,4,22,239
05/20/2003,STT,VI,ASO,ES,Combined TRACON& Tower with Radar,28,23,12,2,65,0,99,40,12,151,28,122,52,14,216,20,0,20,236
05/21/2003,STT,VI,ASO,ES,Combined TRACON& Tower with Radar,29,23,11,2,65,0,106,40,4,150,29,129,51,6,215,24,0,24,239
05/22/2003,STT,VI,ASO,ES,Combined TRACON& Tower with Radar,30,21,11,0,62,0,90,57,0,147,30,111,68,0,209,12,0,12,221
05/23/2003,STT,VI,ASO,ES,Combined TRACON& Tower with Radar,28,20,10,1,59,0,118,47,0,165,28,138,57,1,224,10,0,10,234
05/24/2003,STT,VI,ASO,ES,Combined TRACON& Tower with Radar,30,20,10,1,61,0,98,36,0,134,30,118,46,1,195,4,0,4,199
05/25/2003,STT,VI,ASO,ES,Combined TRACON& Tower with Radar,24,17,8,2,51,0,85,32,0,117,24,102,40,2,168,30,0,30,198
05/26/2003,STT,VI,ASO,ES,Combined TRACON& Tower with Radar,25,16,9,2,52,3,114,52,4,173,28,130,61,6,225,10,0,10,235
05/27/2003,STT,VI,ASO,ES,Combined TRACON& Tower with Radar,26,19,10,1,56,0,99,23,0,122,26,118,33,1,178,28,0,28,206
05/28/2003,STT,VI,ASO,ES,Combined TRACON& Tower with Radar,29,19,10,2,60,1,110,53,1,165,30,129,63,3,225,0,0,0,225
05/29/2003,STT,VI,ASO,ES,Combined TRACON& Tower with Radar,28,18,10,2,58,5,111,79,1,196,33,129,89,3,254,78,0,78,332
05/30/2003,STT,VI,ASO,ES,Combined TRACON& Tower with Radar,28,20,11,2,61,0,133,86,1,220,28,153,97,3,281,56,0,56,337
05/31/2003,STT,VI,ASO,ES,Combined TRACON& Tower with Radar,25,17,8,1,51,6,82,57,1,146,31,99,65,2,197,0,0,0,197
06/01/2003,STT,VI,ASO,ES,Combined TRACON& Tower with Radar,27,18,9,1,55,6,81,26,1,114,33,99,35,2,169,6,0,6,175
06/02/2003,STT,VI,ASO,ES,Combined TRACON& Tower with Radar,26,17,8,1,52,4,111,50,0,165,30,128,58,1,217,18,0,18,235
06/03/2003,STT,VI,ASO,ES,Combined TRACON& Tower with Radar,29,19,9,1,58,0,114,34,0,148,29,133,43,1,206,14,0,14,220
06/04/2003,STT,VI,ASO,ES,Combined TRACON& Tower with Radar,28,18,9,1,56,1,135,49,3,188,29,153,58,4,244,44,0,44,288
06/05/2003,STT,VI,ASO,ES,Combined TRACON& Tower with Radar,26,20,9,1,56,0,96,52,7,155,26,116,61,8,211,26,0,26,237
06/06/2003,STT,VI,ASO,ES,Combined TRACON& Tower with Radar,26,18,8,1,53,5,92,47,4,148,31,110,55,5,201,8,0,8,209
06/07/2003,STT,VI,ASO,ES,Combined TRACON& Tower with Radar,26,18,8,1,53,7,99,32,0,138,33,117,40,1,191,20,0,20,211
06/08/2003,STT,VI,ASO,ES,Combined TRACON& Tower with Radar,29,19,9,1,58,0,92,25,7,124,29,111,34,8,182,6,0,6,188
06/09/2003,STT,VI,ASO,ES,Combined TRACON& Tower with Radar,32,22,10,2,66,0,111,37,5,153,32,133,47,7,219,12,4,16,235
06/10/2003,STT,VI,ASO,ES,Combined TRACON& Tower with Radar,26,22,9,2,59,0,102,32,3,137,26,124,41,5,196,16,0,16,212
06/11/2003,STT,VI,ASO,ES,Combined TRACON& Tower with Radar,26,22,9,2,59,0,123,48,4,175,26,145,57,6,234,28,0,28,262
06/12/2003,STT,VI,ASO,ES,Combined TRACON& Tower with Radar,30,23,9,2,64,0,93,42,3,138,30,116,51,5,202,28,0,28,230
06/13/2003,STT,VI,ASO,ES,Combined TRACON& Tower with Radar,30,21,8,2,61,0,114,55,1,170,30,135,63,3,231,0,2,2,233
06/14/2003,STT,VI,ASO,ES,Combined TRACON& Tower with Radar,33,22,9,2,66,5,98,34,2,139,38,120,43,4,205,22,0,22,227
06/15/2003,STT,VI,ASO,ES,Combined TRACON& Tower with Radar,29,21,9,0,59,0,79,20,0,99,29,100,29,0,158,0,0,0,158
06/16/2003,STT,VI,ASO,ES,Combined TRACON& Tower with Radar,30,20,9,0,59,0,102,39,0,141,30,122,48,0,200,12,0,12,212
06/17/2003,STT,VI,ASO,ES,Combined TRACON& Tower with Radar,26,17,7,2,52,2,101,48,4,155,28,118,55,6,207,6,2,8,215
06/18/2003,STT,VI,ASO,ES,Combined TRACON& Tower with Radar,23,20,9,0,52,0,107,43,0,150,23,127,52,0,202,52,0,52,254
06/19/2003,STT,VI,ASO,ES,Combined TRACON& Tower with Radar,26,20,8,0,54,0,108,48,0,156,26,128,56,0,210,26,0,26,236
06/20/2003,STT,VI,ASO,ES,Combined TRACON& Tower with Radar,31,22,10,2,65,0,100,64,4,168,31,122,74,6,233,22,0,22,255
06/21/2003,STT,VI,ASO,ES,Combined TRACON& Tower with Radar,29,17,8,1,55,3,114,25,0,142,32,131,33,1,197,8,0,8,205
06/22/2003,STT,VI,ASO,ES,Combined TRACON& Tower with Radar,28,17,7,0,52,4,80,25,0,109,32,97,32,0,161,18,0,18,179
06/23/2003,STT,VI,ASO,ES,Combined TRACON& Tower with Radar,30,18,8,2,58,2,98,45,4,149,32,116,53,6,207,2,0,2,209
06/24/2003,STT,VI,ASO,ES,Combined TRACON& Tower with Radar,26,19,8,2,55,0,131,54,0,185,26,150,62,2,240,12,0,12,252
06/25/2003,STT,VI,ASO,ES,Combined TRACON& Tower with Radar,24,17,8,2,51,0,111,56,13,180,24,128,64,15,231,32,0,32,263
06/26/2003,STT,VI,ASO,ES,Combined TRACON& Tower with Radar,29,19,8,0,56,0,102,51,0,153,29,121,59,0,209,16,0,16,225
06/27/2003,STT,VI,ASO,ES,Combined TRACON& Tower with Radar,25,15,7,0,47,5,106,64,0,175,30,121,71,0,222,2,0,2,224
06/28/2003,STT,VI,ASO,ES,Combined TRACON& Tower with Radar,29,17,8,2,56,2,115,26,8,151,31,132,34,10,207,0,0,0,207
06/29/2003,STT,VI,ASO,ES,Combined TRACON& Tower with Radar,28,18,8,1,55,4,85,33,3,125,32,103,41,4,180,0,0,0,180
06/30/2003,STT,VI,ASO,ES,Combined TRACON& Tower with Radar,28,19,8,0,55,0,121,29,0,150,28,140,37,0,205,0,0,0,205
07/01/2003,STT,VI,ASO,ES,Combined TRACON& Tower with Radar,25,20,9,1,55,3,124,23,5,155,28,144,32,6,210,22,0,22,232
07/02/2003,STT,VI,ASO,ES,Combined TRACON& Tower with Radar,22,17,7,1,47,6,105,36,6,153,28,122,43,7,200,10,0,10,210
07/03/2003,STT,VI,ASO,ES,Combined TRACON& Tower with Radar,28,23,9,1,61,4,126,47,8,185,32,149,56,9,246,10,0,10,256
07/04/2003,STT,VI,ASO,ES,Combined TRACON& Tower with Radar,25,20,8,0,53,0,100,22,0,122,25,120,30,0,175,0,0,0,175
07/05/2003,STT,VI,ASO,ES,Combined TRACON& Tower with Radar,25,20,8,1,54,14,105,14,11,144,39,125,22,12,198,24,0,24,222
07/06/2003,STT,VI,ASO,ES,Combined TRACON& Tower with Radar,27,21,9,1,58,2,98,49,2,151,29,119,58,3,209,0,0,0,209
07/07/2003,STT,VI,ASO,ES,Combined TRACON& Tower with Radar,32,26,10,1,69,1,99,38,4,142,33,125,48,5,211,2,0,2,213
07/08/2003,STT,VI,ASO,ES,Combined TRACON& Tower with Radar,27,25,10,1,63,0,94,35,3,132,27,119,45,4,195,8,0,8,203
07/09/2003,STT,VI,ASO,ES,Combined TRACON& Tower with Radar,26,24,10,1,61,0,119,37,6,162,26,143,47,7,223,16,0,16,239
07/10/2003,STT,VI,ASO,ES,Combined TRACON& Tower with Radar,24,19,7,1,51,4,110,40,0,154,28,129,47,1,205,6,0,6,211
07/11/2003,STT,VI,ASO,ES,Combined TRACON& Tower with Radar,26,23,8,2,59,0,136,47,0,183,26,159,55,2,242,0,0,0,242
07/12/2003,STT,VI,ASO,ES,Combined TRACON& Tower with Radar,25,20,7,2,54,13,111,43,0,167,38,131,50,2,221,8,0,8,229
07/13/2003,STT,VI,ASO,ES,Combined TRACON& Tower with Radar,17,21,8,0,46,0,83,30,0,113,17,104,38,0,159,0,0,0,159
07/14/2003,STT,VI,ASO,ES,Combined TRACON& Tower with Radar,23,21,8,2,54,0,106,49,5,160,23,127,57,7,214,0,2,2,216
07/15/2003,STT,VI,ASO,ES,Combined TRACON& Tower with Radar,22,21,7,0,50,0,107,46,0,153,22,128,53,0,203,16,0,16,219
07/16/2003,STT,VI,ASO,ES,Combined TRACON& Tower with Radar,27,24,8,2,61,0,124,37,2,163,27,148,45,4,224,24,0,24,248
07/17/2003,STT,VI,ASO,ES,Combined TRACON& Tower with Radar,27,21,8,2,58,3,115,52,0,170,30,136,60,2,228,12,0,12,240
07/18/2003,STT,VI,ASO,ES,Combined TRACON& Tower with Radar,27,20,8,2,57,0,108,55,4,167,27,128,63,6,224,6,0,6,230
07/19/2003,STT,VI,ASO,ES,Combined TRACON& Tower with Radar,25,18,7,0,50,8,90,33,0,131,33,108,40,0,181,6,0,6,187
07/20/2003,STT,VI,ASO,ES,Combined TRACON& Tower with Radar,25,17,7,1,50,2,83,33,0,118,27,100,40,1,168,10,2,12,180
07/21/2003,STT,VI,ASO,ES,Combined TRACON& Tower with Radar,27,26,10,0,63,0,110,36,0,146,27,136,46,0,209,8,0,8,217
07/22/2003,STT,VI,ASO,ES,Combined TRACON& Tower with Radar,31,32,12,0,75,0,91,31,0,122,31,123,43,0,197,4,0,4,201
07/23/2003,STT,VI,ASO,ES,Combined TRACON& Tower with Radar,25,22,8,2,57,0,101,53,2,156,25,123,61,4,213,16,0,16,229
07/24/2003,STT,VI,ASO,ES,Combined TRACON& Tower with Radar,26,19,7,0,52,9,99,51,0,159,35,118,58,0,211,0,0,0,211
07/25/2003,STT,VI,ASO,ES,Combined TRACON& Tower with Radar,24,18,6,0,48,8,97,63,0,168,32,115,69,0,216,12,0,12,228
07/26/2003,STT,VI,ASO,ES,Combined TRACON& Tower with Radar,27,20,7,0,54,9,100,25,0,134,36,120,32,0,188,2,0,2,190
07/27/2003,STT,VI,ASO,ES,Combined TRACON& Tower with Radar,29,24,9,0,62,0,88,34,0,122,29,112,43,0,184,0,0,0,184
07/28/2003,STT,VI,ASO,ES,Combined TRACON& Tower with Radar,28,35,13,0,76,0,113,69,0,182,28,148,82,0,258,58,0,58,316
07/29/2003,STT,VI,ASO,ES,Combined TRACON& Tower with Radar,33,32,12,2,79,0,101,57,21,179,33,133,69,23,258,22,0,22,280
07/30/2003,STT,VI,ASO,ES,Combined TRACON& Tower with Radar,27,21,8,1,57,1,118,55,1,175,28,139,63,2,232,0,0,0,232
07/31/2003,STT,VI,ASO,ES,Combined TRACON& Tower with Radar,30,24,9,1,64,0,127,47,1,175,30,151,56,2,239,6,0,6,245
08/01/2003,STT,VI,ASO,ES,Combined TRACON& Tower with Radar,24,20,8,0,52,6,118,53,1,178,30,138,61,1,230,26,0,26,256
08/02/2003,STT,VI,ASO,ES,Combined TRACON& Tower with Radar,25,22,9,0,56,6,88,30,0,124,31,110,39,0,180,0,0,0,180
08/03/2003,STT,VI,ASO,ES,Combined TRACON& Tower with Radar,25,20,9,0,54,4,76,46,2,128,29,96,55,2,182,14,0,14,196
08/04/2003,STT,VI,ASO,ES,Combined TRACON& Tower with Radar,25,20,9,0,54,6,111,35,1,153,31,131,44,1,207,26,0,26,233
08/05/2003,STT,VI,ASO,ES,Combined TRACON& Tower with Radar,23,27,12,0,62,0,106,62,0,168,23,133,74,0,230,6,0,6,236
08/06/2003,STT,VI,ASO,ES,Combined TRACON& Tower with Radar,21,25,11,0,57,0,114,50,3,167,21,139,61,3,224,4,2,6,230
08/07/2003,STT,VI,ASO,ES,Combined TRACON& Tower with Radar,28,24,10,0,62,2,86,56,6,150,30,110,66,6,212,24,2,26,238
08/08/2003,STT,VI,ASO,ES,Combined TRACON& Tower with Radar,25,21,9,0,55,3,102,57,2,164,28,123,66,2,219,1,1,2,221
08/09/2003,STT,VI,ASO,ES,Combined TRACON& Tower with Radar,25,21,9,0,55,8,88,21,0,117,33,109,30,0,172,0,0,0,172
08/10/2003,STT,VI,ASO,ES,Combined TRACON& Tower with Radar,22,19,8,0,49,8,73,43,7,131,30,92,51,7,180,30,0,30,210
08/11/2003,STT,VI,ASO,ES,Combined TRACON& Tower with Radar,25,20,9,0,54,3,87,46,0,136,28,107,55,0,190,30,0,30,220
08/12/2003,STT,VI,ASO,ES,Combined TRACON& Tower with Radar,23,23,9,0,55,0,124,49,0,173,23,147,58,0,228,20,0,20,248
08/13/2003,STT,VI,ASO,ES,Combined TRACON& Tower with Radar,23,20,8,0,51,0,117,50,0,167,23,137,58,0,218,6,0,6,224
08/14/2003,STT,VI,ASO,ES,Combined TRACON& Tower with Radar,29,25,9,1,64,1,98,63,1,163,30,123,72,2,227,4,0,4,231
08/15/2003,STT,VI,ASO,ES,Combined TRACON& Tower with Radar,23,19,7,0,49,4,90,61,0,155,27,109,68,0,204,20,0,20,224
08/16/2003,STT,VI,ASO,ES,Combined TRACON& Tower with Radar,22,18,7,1,48,10,118,27,8,163,32,136,34,9,211,22,0,22,233
08/17/2003,STT,VI,ASO,ES,Combined TRACON& Tower with Radar,22,19,7,1,49,11,73,24,5,113,33,92,31,6,162,2,0,2,164
08/18/2003,STT,VI,ASO,ES,Combined TRACON& Tower with Radar,27,26,10,1,64,0,102,50,5,157,27,128,60,6,221,22,0,22,243
08/19/2003,STT,VI,ASO,ES,Combined TRACON& Tower with Radar,25,26,10,0,61,0,116,60,0,176,25,142,70,0,237,40,0,40,277
08/20/2003,STT,VI,ASO,ES,Combined TRACON& Tower with Radar,21,23,9,0,53,0,114,47,0,161,21,137,56,0,214,48,0,48,262
08/21/2003,STT,VI,ASO,ES,Combined TRACON& Tower with Radar,27,28,11,0,66,0,101,41,0,142,27,129,52,0,208,0,0,0,208
08/22/2003,STT,VI,ASO,ES,Combined TRACON& Tower with Radar,28,27,10,0,65,0,103,46,0,149,28,130,56,0,214,16,0,16,230
08/23/2003,STT,VI,ASO,ES,Combined TRACON& Tower with Radar,29,24,9,0,62,2,77,26,0,105,31,101,35,0,167,22,0,22,189
08/24/2003,STT,VI,ASO,ES,Combined TRACON& Tower with Radar,23,19,7,0,49,6,73,26,0,105,29,92,33,0,154,78,0,78,232
08/25/2003,STT,VI,ASO,ES,Combined TRACON& Tower with Radar,27,28,11,0,66,0,91,20,0,111,27,119,31,0,177,8,0,8,185
08/26/2003,STT,VI,ASO,ES,Combined TRACON& Tower with Radar,24,26,10,0,60,0,101,41,0,142,24,127,51,0,202,22,0,22,224
08/27/2003,STT,VI,ASO,ES,Combined TRACON& Tower with Radar,24,26,10,0,60,0,116,41,0,157,24,142,51,0,217,50,0,50,267
08/28/2003,STT,VI,ASO,ES,Combined TRACON& Tower with Radar,29,25,10,0,64,0,89,41,0,130,29,114,51,0,194,48,0,48,242
08/29/2003,STT,VI,ASO,ES,Combined TRACON& Tower with Radar,28,24,9,0,61,0,108,49,0,157,28,132,58,0,218,0,0,0,218
08/30/2003,STT,VI,ASO,ES,Combined TRACON& Tower with Radar,30,25,9,0,64,6,103,39,0,148,36,128,48,0,212,22,0,22,234
08/31/2003,STT,VI,ASO,ES,Combined TRACON& Tower with Radar,26,20,8,0,54,2,77,33,0,112,28,97,41,0,166,10,0,10,176
09/01/2003,STT,VI,ASO,ES,Combined TRACON& Tower with Radar,15,16,7,0,38,10,100,38,0,148,25,116,45,0,186,44,0,44,230
09/02/2003,STT,VI,ASO,ES,Combined TRACON& Tower with Radar,25,30,13,0,68,0,114,30,0,144,25,144,43,0,212,4,0,4,216
09/03/2003,STT,VI,ASO,ES,Combined TRACON& Tower with Radar,25,27,12,0,64,2,103,38,3,146,27,130,50,3,210,4,0,4,214
09/04/2003,STT,VI,ASO,ES,Combined TRACON& Tower with Radar,18,21,10,0,49,0,101,32,2,135,18,122,42,2,184,52,0,52,236
09/05/2003,STT,VI,ASO,ES,Combined TRACON& Tower with Radar,21,23,10,0,54,5,102,45,4,156,26,125,55,4,210,2,0,2,212
09/06/2003,STT,VI,ASO,ES,Combined TRACON& Tower with Radar,21,22,10,0,53,4,82,14,0,100,25,104,24,0,153,12,0,12,165
09/07/2003,STT,VI,ASO,ES,Combined TRACON& Tower with Radar,15,17,7,0,39,6,71,15,0,92,21,88,22,0,131,34,0,34,165
09/08/2003,STT,VI,ASO,ES,Combined TRACON& Tower with Radar,23,24,11,0,58,3,83,23,4,113,26,107,34,4,171,6,0,6,177
09/09/2003,STT,VI,ASO,ES,Combined TRACON& Tower with Radar,16,22,10,0,48,0,95,47,3,145,16,117,57,3,193,8,0,8,201
09/10/2003,STT,VI,ASO,ES,Combined TRACON& Tower with Radar,20,24,11,0,55,0,99,48,2,149,20,123,59,2,204,2,0,2,206
09/11/2003,STT,VI,ASO,ES,Combined TRACON& Tower with Radar,18,23,10,0,51,0,100,40,0,140,18,123,50,0,191,4,0,4,195
09/12/2003,STT,VI,ASO,ES,Combined TRACON& Tower with Radar,21,22,9,1,53,0,102,30,1,133,21,124,39,2,186,36,0,36,222
09/13/2003,STT,VI,ASO,ES,Combined TRACON& Tower with Radar,21,22,9,1,53,0,72,19,3,94,21,94,28,4,147,0,0,0,147
09/14/2003,STT,VI,ASO,ES,Combined TRACON& Tower with Radar,17,19,7,1,44,2,52,15,1,70,19,71,22,2,114,0,0,0,114
09/15/2003,STT,VI,ASO,ES,Combined TRACON& Tower with Radar,20,21,8,1,50,4,103,26,3,136,24,124,34,4,186,2,0,2,188
09/16/2003,STT,VI,ASO,ES,Combined TRACON& Tower with Radar,22,24,10,1,57,0,115,56,1,172,22,139,66,2,229,44,0,44,273
09/17/2003,STT,VI,ASO,ES,Combined TRACON& Tower with Radar,20,25,10,1,56,0,80,60,1,141,20,105,70,2,197,20,0,20,217
09/18/2003,STT,VI,ASO,ES,Combined TRACON& Tower with Radar,17,20,8,0,45,0,99,37,0,136,17,119,45,0,181,40,0,40,221
09/19/2003,STT,VI,ASO,ES,Combined TRACON& Tower with Radar,25,26,11,1,63,0,97,41,3,141,25,123,52,4,204,12,2,14,218
09/20/2003,STT,VI,ASO,ES,Combined TRACON& Tower with Radar,20,20,8,0,48,5,61,19,0,85,25,81,27,0,133,14,0,14,147
09/21/2003,STT,VI,ASO,ES,Combined TRACON& Tower with Radar,23,22,10,0,55,0,38,3,0,41,23,60,13,0,96,0,0,0,96
09/22/2003,STT,VI,ASO,ES,Combined TRACON& Tower with Radar,20,25,10,1,56,0,101,23,1,125,20,126,33,2,181,10,0,10,191
09/23/2003,STT,VI,ASO,ES,Combined TRACON& Tower with Radar,16,20,8,0,44,0,108,39,0,147,16,128,47,0,191,8,0,8,199
09/24/2003,STT,VI,ASO,ES,Combined TRACON& Tower with Radar,21,21,9,0,51,0,100,52,0,152,21,121,61,0,203,12,0,12,215
09/25/2003,STT,VI,ASO,ES,Combined TRACON& Tower with Radar,18,20,9,1,48,0,112,32,3,147,18,132,41,4,195,12,0,12,207
09/26/2003,STT,VI,ASO,ES,Combined TRACON& Tower with Radar,20,23,9,0,52,0,101,35,0,136,20,124,44,0,188,22,0,22,210
09/27/2003,STT,VI,ASO,ES,Combined TRACON& Tower with Radar,22,22,9,1,54,7,76,31,7,121,29,98,40,8,175,6,0,6,181
09/28/2003,STT,VI,ASO,ES,Combined TRACON& Tower with Radar,18,18,7,1,44,4,65,29,0,98,22,83,36,1,142,0,0,0,142
09/29/2003,STT,VI,ASO,ES,Combined TRACON& Tower with Radar,22,22,9,1,54,2,88,36,5,131,24,110,45,6,185,2,0,2,187
09/30/2003,STT,VI,ASO,ES,Combined TRACON& Tower with Radar,21,24,10,1,56,0,96,47,1,144,21,120,57,2,200,6,0,6,206
10/01/2003,STT,VI,ASO,ES,Combined TRACON& Tower with Radar,15,19,12,0,46,0,103,54,2,159,15,122,66,2,205,12,0,12,217
10/02/2003,STT,VI,ASO,ES,Combined TRACON& Tower with Radar,15,20,14,0,49,0,83,37,4,124,15,103,51,4,173,6,0,6,179
10/03/2003,STT,VI,ASO,ES,Combined TRACON& Tower with Radar,20,19,12,0,51,0,83,40,6,129,20,102,52,6,180,6,0,6,186
10/04/2003,STT,VI,ASO,ES,Combined TRACON& Tower with Radar,21,20,13,0,54,5,70,7,0,82,26,90,20,0,136,2,0,2,138
10/05/2003,STT,VI,ASO,ES,Combined TRACON& Tower with Radar,14,14,10,0,38,6,66,53,0,125,20,80,63,0,163,30,0,30,193
10/06/2003,STT,VI,ASO,ES,Combined TRACON& Tower with Radar,20,19,13,0,52,4,81,40,0,125,24,100,53,0,177,12,0,12,189
10/07/2003,STT,VI,ASO,ES,Combined TRACON& Tower with Radar,11,15,10,0,36,0,90,31,1,122,11,105,41,1,158,6,0,6,164
10/08/2003,STT,VI,ASO,ES,Combined TRACON& Tower with Radar,17,19,12,0,48,0,76,26,2,104,17,95,38,2,152,0,0,0,152
10/09/2003,STT,VI,ASO,ES,Combined TRACON& Tower with Radar,20,35,23,0,78,0,52,22,0,74,20,87,45,0,152,0,0,0,152
10/10/2003,STT,VI,ASO,ES,Combined TRACON& Tower with Radar,19,27,18,0,64,0,85,30,2,117,19,112,48,2,181,12,0,12,193
10/11/2003,STT,VI,ASO,ES,Combined TRACON& Tower with Radar,15,15,11,0,41,9,84,17,0,110,24,99,28,0,151,4,0,4,155
10/12/2003,STT,VI,ASO,ES,Combined TRACON& Tower with Radar,18,17,11,0,46,1,77,26,0,104,19,94,37,0,150,6,0,6,156
10/13/2003,STT,VI,ASO,ES,Combined TRACON& Tower with Radar,16,16,10,0,42,6,102,26,0,134,22,118,36,0,176,2,0,2,178
10/14/2003,STT,VI,ASO,ES,Combined TRACON& Tower with Radar,17,19,11,0,47,0,98,35,0,133,17,117,46,0,180,12,0,12,192
10/15/2003,STT,VI,ASO,ES,Combined TRACON& Tower with Radar,20,20,12,1,53,0,97,53,7,157,20,117,65,8,210,10,0,10,220
10/16/2003,STT,VI,ASO,ES,Combined TRACON& Tower with Radar,18,18,11,1,48,3,92,52,1,148,21,110,63,2,196,6,0,6,202
10/17/2003,STT,VI,ASO,ES,Combined TRACON& Tower with Radar,21,20,12,1,54,2,118,54,6,180,23,138,66,7,234,24,0,24,258
10/18/2003,STT,VI,ASO,ES,Combined TRACON& Tower with Radar,22,19,12,1,54,10,92,34,11,147,32,111,46,12,201,4,4,8,209
10/19/2003,STT,VI,ASO,ES,Combined TRACON& Tower with Radar,21,19,13,1,54,0,77,31,7,115,21,96,44,8,169,2,0,2,171
10/20/2003,STT,VI,ASO,ES,Combined TRACON& Tower with Radar,21,20,14,0,55,0,92,30,0,122,21,112,44,0,177,22,0,22,199
10/21/2003,STT,VI,ASO,ES,Combined TRACON& Tower with Radar,15,17,11,1,44,0,92,34,0,126,15,109,45,1,170,14,0,14,184
10/22/2003,STT,VI,ASO,ES,Combined TRACON& Tower with Radar,19,21,15,1,56,0,101,59,5,165,19,122,74,6,221,40,0,40,261
10/23/2003,STT,VI,ASO,ES,Combined TRACON& Tower with Radar,18,16,10,0,44,1,106,48,0,155,19,122,58,0,199,50,0,50,249
10/24/2003,STT,VI,ASO,ES,Combined TRACON& Tower with Radar,18,16,10,1,45,0,135,44,1,180,18,151,54,2,225,6,0,6,231
10/25/2003,STT,VI,ASO,ES,Combined TRACON& Tower with Radar,19,16,11,0,46,10,110,18,0,138,29,126,29,0,184,2,0,2,186
10/26/2003,STT,VI,ASO,ES,Combined TRACON& Tower with Radar,15,12,8,0,35,7,85,31,0,123,22,97,39,0,158,22,0,22,180
10/27/2003,STT,VI,ASO,ES,Combined TRACON& Tower with Radar,22,19,13,0,54,3,128,43,0,174,25,147,56,0,228,10,0,10,238
10/28/2003,STT,VI,ASO,ES,Combined TRACON& Tower with Radar,17,15,9,0,41,1,112,33,0,146,18,127,42,0,187,0,0,0,187
10/29/2003,STT,VI,ASO,ES,Combined TRACON& Tower with Radar,19,18,11,0,48,0,124,42,0,166,19,142,53,0,214,0,0,0,214
10/30/2003,STT,VI,ASO,ES,Combined TRACON& Tower with Radar,23,19,13,0,55,0,102,28,0,130,23,121,41,0,185,0,0,0,185
10/31/2003,STT,VI,ASO,ES,Combined TRACON& Tower with Radar,26,28,18,0,72,0,111,65,0,176,26,139,83,0,248,24,0,24,272
11/01/2003,STT,VI,ASO,ES,Combined TRACON& Tower with Radar,26,21,17,0,64,8,95,14,0,117,34,116,31,0,181,6,0,6,187
11/02/2003,STT,VI,ASO,ES,Combined TRACON& Tower with Radar,21,19,14,0,54,10,75,22,0,107,31,94,36,0,161,0,0,0,161
11/03/2003,STT,VI,ASO,ES,Combined TRACON& Tower with Radar,24,22,16,0,62,0,108,28,3,139,24,130,44,3,201,0,0,0,201
11/04/2003,STT,VI,ASO,ES,Combined TRACON& Tower with Radar,21,19,14,0,54,4,111,27,0,142,25,130,41,0,196,0,0,0,196
11/05/2003,STT,VI,ASO,ES,Combined TRACON& Tower with Radar,32,28,21,0,81,1,114,47,0,162,33,142,68,0,243,14,0,14,257
11/06/2003,STT,VI,ASO,ES,Combined TRACON& Tower with Radar,26,23,17,0,66,111,42,5,0,158,137,65,22,0,224,10,0,10,234
11/07/2003,STT,VI,ASO,ES,Combined TRACON& Tower with Radar,27,23,17,0,67,4,139,49,4,196,31,162,66,4,263,4,0,4,267
11/08/2003,STT,VI,ASO,ES,Combined TRACON& Tower with Radar,28,25,18,0,71,9,101,20,0,130,37,126,38,0,201,26,0,26,227
11/09/2003,STT,VI,ASO,ES,Combined TRACON& Tower with Radar,30,26,19,0,75,0,102,18,2,122,30,128,37,2,197,0,0,0,197
11/10/2003,STT,VI,ASO,ES,Combined TRACON& Tower with Radar,28,25,18,0,71,4,89,34,2,129,32,114,52,2,200,2,0,2,202
11/11/2003,STT,VI,ASO,ES,Combined TRACON& Tower with Radar,23,35,26,0,84,0,48,8,2,58,23,83,34,2,142,0,0,0,142
11/12/2003,STT,VI,ASO,ES,Combined TRACON& Tower with Radar,30,40,29,0,99,0,50,16,0,66,30,90,45,0,165,0,0,0,165
11/13/2003,STT,VI,ASO,ES,Combined TRACON& Tower with Radar,26,37,27,1,91,0,71,25,2,98,26,108,52,3,189,0,0,0,189
11/14/2003,STT,VI,ASO,ES,Combined TRACON& Tower with Radar,27,33,24,1,85,0,65,19,1,85,27,98,43,2,170,0,0,0,170
11/15/2003,STT,VI,ASO,ES,Combined TRACON& Tower with Radar,34,28,21,0,83,8,107,32,0,147,42,135,53,0,230,6,0,6,236
11/16/2003,STT,VI,ASO,ES,Combined TRACON& Tower with Radar,30,24,17,0,71,5,82,20,0,107,35,106,37,0,178,8,0,8,186
11/17/2003,STT,VI,ASO,ES,Combined TRACON& Tower with Radar,30,33,24,1,88,0,89,32,1,122,30,122,56,2,210,2,0,2,212
11/18/2003,STT,VI,ASO,ES,Combined TRACON& Tower with Radar,26,22,16,1,65,0,104,48,1,153,26,126,64,2,218,3,0,3,221
11/19/2003,STT,VI,ASO,ES,Combined TRACON& Tower with Radar,23,22,16,1,62,0,115,42,1,158,23,137,58,2,220,2,0,2,222
11/20/2003,STT,VI,ASO,ES,Combined TRACON& Tower with Radar,27,27,20,1,75,0,124,58,0,182,27,151,78,1,257,44,0,44,301
11/21/2003,STT,VI,ASO,ES,Combined TRACON& Tower with Radar,29,26,20,0,75,0,132,69,0,201,29,158,89,0,276,34,0,34,310
11/22/2003,STT,VI,ASO,ES,Combined TRACON& Tower with Radar,35,29,21,1,86,5,108,36,3,152,40,137,57,4,238,12,0,12,250
11/23/2003,STT,VI,ASO,ES,Combined TRACON& Tower with Radar,27,21,16,1,65,9,87,35,5,136,36,108,51,6,201,34,0,34,235
11/24/2003,STT,VI,ASO,ES,Combined TRACON& Tower with Radar,30,24,17,1,72,2,114,48,15,179,32,138,65,16,251,0,0,0,251
11/25/2003,STT,VI,ASO,ES,Combined TRACON& Tower with Radar,24,24,18,1,67,0,122,46,0,168,24,146,64,1,235,10,0,10,245
11/26/2003,STT,VI,ASO,ES,Combined TRACON& Tower with Radar,28,24,17,0,69,0,122,56,0,178,28,146,73,0,247,14,0,14,261
11/27/2003,STT,VI,ASO,ES,Combined TRACON& Tower with Radar,22,18,13,0,53,6,83,21,0,110,28,101,34,0,163,0,0,0,163
11/28/2003,STT,VI,ASO,ES,Combined TRACON& Tower with Radar,25,20,14,0,59,5,117,41,0,163,30,137,55,0,222,6,0,6,228
11/29/2003,STT,VI,ASO,ES,Combined TRACON& Tower with Radar,29,23,17,0,69,14,128,37,0,179,43,151,54,0,248,26,0,26,274
11/30/2003,STT,VI,ASO,ES,Combined TRACON& Tower with Radar,30,25,18,0,73,4,109,52,0,165,34,134,70,0,238,14,0,14,252
12/01/2003,STT,VI,ASO,ES,Combined TRACON& Tower with Radar,23,21,18,0,62,7,123,38,2,170,30,144,56,2,232,10,0,10,242
12/02/2003,STT,VI,ASO,ES,Combined TRACON& Tower with Radar,24,22,18,0,64,8,108,40,1,157,32,130,58,1,221,40,0,40,261
12/03/2003,STT,VI,ASO,ES,Combined TRACON& Tower with Radar,24,22,19,0,65,6,143,48,4,201,30,165,67,4,266,6,0,6,272
12/04/2003,STT,VI,ASO,ES,Combined TRACON& Tower with Radar,26,25,21,0,72,0,118,45,3,166,26,143,66,3,238,40,8,48,286
12/05/2003,STT,VI,ASO,ES,Combined TRACON& Tower with Radar,27,25,21,0,73,3,122,41,3,169,30,147,62,3,242,0,0,0,242
12/06/2003,STT,VI,ASO,ES,Combined TRACON& Tower with Radar,30,27,22,0,79,7,87,18,2,114,37,114,40,2,193,0,0,0,193
12/07/2003,STT,VI,ASO,ES,Combined TRACON& Tower with Radar,22,20,17,0,59,10,79,6,0,95,32,99,23,0,154,0,0,0,154
12/08/2003,STT,VI,ASO,ES,Combined TRACON& Tower with Radar,31,30,25,0,86,0,86,18,0,104,31,116,43,0,190,0,0,0,190
12/09/2003,STT,VI,ASO,ES,Combined TRACON& Tower with Radar,25,23,18,1,67,1,116,50,1,168,26,139,68,2,235,0,0,0,235
12/10/2003,STT,VI,ASO,ES,Combined TRACON& Tower with Radar,26,25,20,1,72,0,113,49,2,164,26,138,69,3,236,4,0,4,240
12/11/2003,STT,VI,ASO,ES,Combined TRACON& Tower with Radar,27,28,22,1,78,0,100,46,1,147,27,128,68,2,225,22,0,22,247
12/12/2003,STT,VI,ASO,ES,Combined TRACON& Tower with Radar,28,25,20,1,74,3,122,58,1,184,31,147,78,2,258,18,0,18,276
12/13/2003,STT,VI,ASO,ES,Combined TRACON& Tower with Radar,32,27,23,1,83,12,103,54,0,169,44,130,77,1,252,28,0,28,280
12/14/2003,STT,VI,ASO,ES,Combined TRACON& Tower with Radar,21,18,15,1,55,14,80,37,2,133,35,98,52,3,188,10,0,10,198
12/15/2003,STT,VI,ASO,ES,Combined TRACON& Tower with Radar,24,21,18,1,64,0,117,35,13,165,24,138,53,14,229,24,0,24,253
12/16/2003,STT,VI,ASO,ES,Combined TRACON& Tower with Radar,26,22,18,1,67,4,116,29,0,149,30,138,47,1,216,6,0,6,222
12/17/2003,STT,VI,ASO,ES,Combined TRACON& Tower with Radar,25,21,17,1,64,3,107,52,0,162,28,128,69,1,226,2,0,2,228
12/18/2003,STT,VI,ASO,ES,Combined TRACON& Tower with Radar,24,31,25,2,82,0,121,60,5,186,24,152,85,7,268,10,0,10,278
12/19/2003,STT,VI,ASO,ES,Combined TRACON& Tower with Radar,24,28,24,2,78,0,144,56,1,201,24,172,80,3,279,6,0,6,285
12/20/2003,STT,VI,ASO,ES,Combined TRACON& Tower with Radar,35,30,25,0,90,2,128,62,0,192,37,158,87,0,282,12,0,12,294
12/21/2003,STT,VI,ASO,ES,Combined TRACON& Tower with Radar,32,28,23,1,84,3,90,66,3,162,35,118,89,4,246,0,0,0,246
12/22/2003,STT,VI,ASO,ES,Combined TRACON& Tower with Radar,29,29,24,0,82,0,118,73,0,191,29,147,97,0,273,14,0,14,287
12/23/2003,STT,VI,ASO,ES,Combined TRACON& Tower with Radar,25,27,22,0,74,0,143,94,0,237,25,170,116,0,311,24,0,24,335
12/24/2003,STT,VI,ASO,ES,Combined TRACON& Tower with Radar,27,32,26,0,85,0,128,54,0,182,27,160,80,0,267,26,0,26,293
12/25/2003,STT,VI,ASO,ES,Combined TRACON& Tower with Radar,21,18,15,0,54,8,71,3,0,82,29,89,18,0,136,0,0,0,136
12/26/2003,STT,VI,ASO,ES,Combined TRACON& Tower with Radar,36,38,32,2,108,0,134,96,0,230,36,172,128,2,338,16,0,16,354
12/27/2003,STT,VI,ASO,ES,Combined TRACON& Tower with Radar,46,55,44,0,145,0,118,84,0,202,46,173,128,0,347,0,0,0,347
12/28/2003,STT,VI,ASO,ES,Combined TRACON& Tower with Radar,36,32,25,0,93,6,113,50,0,169,42,145,75,0,262,2,0,2,264
12/29/2003,STT,VI,ASO,ES,Combined TRACON& Tower with Radar,36,31,26,0,93,1,130,62,0,193,37,161,88,0,286,0,0,0,286
12/30/2003,STT,VI,ASO,ES,Combined TRACON& Tower with Radar,28,26,20,0,74,0,128,56,1,185,28,154,76,1,259,0,2,2,261
12/31/2003,STT,VI,ASO,ES,Combined TRACON& Tower with Radar,50,44,33,0,127,79,67,0,0,146,129,111,33,0,273,0,0,0,273
01/01/2004,STT,VI,ASO,ES,Combined TRACON& Tower with Radar,23,24,20,0,67,0,105,26,0,131,23,129,46,0,198,0,0,0,198
01/02/2004,STT,VI,ASO,ES,Combined TRACON& Tower with Radar,36,43,34,0,113,0,159,78,0,237,36,202,112,0,350,12,0,12,362
01/03/2004,STT,VI,ASO,ES,Combined TRACON& Tower with Radar,46,54,44,0,144,0,111,131,0,242,46,165,175,0,386,0,0,0,386
01/04/2004,STT,VI,ASO,ES,Combined TRACON& Tower with Radar,50,50,40,0,140,0,96,70,0,166,50,146,110,0,306,6,0,6,312
01/05/2004,STT,VI,ASO,ES,Combined TRACON& Tower with Radar,36,37,29,0,102,0,123,66,0,189,36,160,95,0,291,0,0,0,291
01/06/2004,STT,VI,ASO,ES,Combined TRACON& Tower with Radar,28,27,21,1,77,0,99,34,2,135,28,126,55,3,212,10,0,10,222
01/07/2004,STT,VI,ASO,ES,Combined TRACON& Tower with Radar,27,27,21,1,76,0,126,39,4,169,27,153,60,5,245,12,0,12,257
01/08/2004,STT,VI,ASO,ES,Combined TRACON& Tower with Radar,26,28,23,1,78,0,106,60,6,172,26,134,83,7,250,4,10,14,264
01/09/2004,STT,VI,ASO,ES,Combined TRACON& Tower with Radar,33,33,25,2,93,0,144,55,5,204,33,177,80,7,297,38,0,38,335
01/10/2004,STT,VI,ASO,ES,Combined TRACON& Tower with Radar,31,28,21,0,80,14,102,27,0,143,45,130,48,0,223,28,0,28,251
01/11/2004,STT,VI,ASO,ES,Combined TRACON& Tower with Radar,29,27,21,0,77,12,70,20,0,102,41,97,41,0,179,0,0,0,179
01/12/2004,STT,VI,ASO,ES,Combined TRACON& Tower with Radar,29,28,21,0,78,0,132,35,0,167,29,160,56,0,245,0,0,0,245
01/13/2004,STT,VI,ASO,ES,Combined TRACON& Tower with Radar,30,25,21,0,76,0,116,44,0,160,30,141,65,0,236,24,0,24,260
01/14/2004,STT,VI,ASO,ES,Combined TRACON& Tower with Radar,30,30,24,1,85,0,114,46,4,164,30,144,70,5,249,4,6,10,259
01/15/2004,STT,VI,ASO,ES,Combined TRACON& Tower with Radar,24,29,24,1,78,0,122,56,7,185,24,151,80,8,263,18,0,18,281
01/16/2004,STT,VI,ASO,ES,Combined TRACON& Tower with Radar,35,30,24,1,90,3,125,57,6,191,38,155,81,7,281,18,0,18,299
01/17/2004,STT,VI,ASO,ES,Combined TRACON& Tower with Radar,35,29,24,0,88,9,117,47,0,173,44,146,71,0,261,56,0,56,317
01/18/2004,STT,VI,ASO,ES,Combined TRACON& Tower with Radar,29,25,20,0,74,17,78,32,0,127,46,103,52,0,201,34,0,34,235
01/19/2004,STT,VI,ASO,ES,Combined TRACON& Tower with Radar,30,26,21,0,77,5,120,56,0,181,35,146,77,0,258,14,0,14,272
01/20/2004,STT,VI,ASO,ES,Combined TRACON& Tower with Radar,27,26,22,1,76,0,111,65,3,179,27,137,87,4,255,0,0,0,255
01/21/2004,STT,VI,ASO,ES,Combined TRACON& Tower with Radar,28,24,20,1,73,3,125,59,4,191,31,149,79,5,264,0,0,0,264
01/22/2004,STT,VI,ASO,ES,Combined TRACON& Tower with Radar,29,25,20,1,75,4,103,43,2,152,33,128,63,3,227,40,0,40,267
01/23/2004,STT,VI,ASO,ES,Combined TRACON& Tower with Radar,38,33,26,2,99,2,123,46,3,174,40,156,72,5,273,46,0,46,319
01/24/2004,STT,VI,ASO,ES,Combined TRACON& Tower with Radar,33,28,23,1,85,12,126,49,16,203,45,154,72,17,288,0,0,0,288
01/25/2004,STT,VI,ASO,ES,Combined TRACON& Tower with Radar,28,23,19,1,71,8,84,38,2,132,36,107,57,3,203,12,0,12,215
01/26/2004,STT,VI,ASO,ES,Combined TRACON& Tower with Radar,32,27,22,0,81,1,115,42,0,158,33,142,64,0,239,8,0,8,247
01/27/2004,STT,VI,ASO,ES,Combined TRACON& Tower with Radar,25,29,23,0,77,0,116,44,0,160,25,145,67,0,237,8,0,8,245
01/28/2004,STT,VI,ASO,ES,Combined TRACON& Tower with Radar,33,29,24,0,86,0,121,60,8,189,33,150,84,8,275,32,0,32,307
01/29/2004,STT,VI,ASO,ES,Combined TRACON& Tower with Radar,30,27,21,0,78,0,116,42,7,165,30,143,63,7,243,10,0,10,253
01/30/2004,STT,VI,ASO,ES,Combined TRACON& Tower with Radar,29,29,23,0,81,0,130,69,4,203,29,159,92,4,284,30,0,30,314
01/31/2004,STT,VI,ASO,ES,Combined TRACON& Tower with Radar,31,27,22,0,80,7,110,28,0,145,38,137,50,0,225,22,0,22,247
02/01/2004,STT,VI,ASO,ES,Combined TRACON& Tower with Radar,33,27,23,0,83,5,92,48,0,145,38,119,71,0,228,14,0,14,242
02/02/2004,STT,VI,ASO,ES,Combined TRACON& Tower with Radar,32,26,22,0,80,2,127,52,3,184,34,153,74,3,264,16,0,16,280
02/03/2004,STT,VI,ASO,ES,Combined TRACON& Tower with Radar,28,25,21,0,74,0,113,40,0,153,28,138,61,0,227,12,0,12,239
02/04/2004,STT,VI,ASO,ES,Combined TRACON& Tower with Radar,29,25,20,0,74,3,140,55,3,201,32,165,75,3,275,22,0,22,297
02/05/2004,STT,VI,ASO,ES,Combined TRACON& Tower with Radar,29,29,24,0,82,0,112,51,5,168,29,141,75,5,250,24,0,24,274
02/06/2004,STT,VI,ASO,ES,Combined TRACON& Tower with Radar,37,36,29,2,104,0,142,58,1,201,37,178,87,3,305,0,0,0,305
02/07/2004,STT,VI,ASO,ES,Combined TRACON& Tower with Radar,42,35,29,1,107,3,109,47,0,159,45,144,76,1,266,8,0,8,274
02/08/2004,STT,VI,ASO,ES,Combined TRACON& Tower with Radar,31,26,21,0,78,12,65,40,0,117,43,91,61,0,195,32,0,32,227
02/09/2004,STT,VI,ASO,ES,Combined TRACON& Tower with Radar,31,32,26,0,89,0,127,45,0,172,31,159,71,0,261,18,0,18,279
02/10/2004,STT,VI,ASO,ES,Combined TRACON& Tower with Radar,28,27,22,1,78,0,101,59,4,164,28,128,81,5,242,20,0,20,262
02/11/2004,STT,VI,ASO,ES,Combined TRACON& Tower with Radar,29,26,20,1,76,0,139,60,4,203,29,165,80,5,279,8,0,8,287
02/12/2004,STT,VI,ASO,ES,Combined TRACON& Tower with Radar,32,30,23,1,86,0,112,68,3,183,32,142,91,4,269,14,0,14,283
02/13/2004,STT,VI,ASO,ES,Combined TRACON& Tower with Radar,34,28,23,0,85,4,139,76,0,219,38,167,99,0,304,10,0,10,314
02/14/2004,STT,VI,ASO,ES,Combined TRACON& Tower with Radar,41,34,27,0,102,7,128,44,0,179,48,162,71,0,281,16,0,16,297
02/15/2004,STT,VI,ASO,ES,Combined TRACON& Tower with Radar,32,27,22,0,81,6,105,40,0,151,38,132,62,0,232,0,0,0,232
02/16/2004,STT,VI,ASO,ES,Combined TRACON& Tower with Radar,34,29,24,1,88,0,122,73,1,196,34,151,97,2,284,0,0,0,284
02/17/2004,STT,VI,ASO,ES,Combined TRACON& Tower with Radar,29,31,24,1,85,0,121,69,3,193,29,152,93,4,278,16,0,16,294
02/18/2004,STT,VI,ASO,ES,Combined TRACON& Tower with Radar,30,26,22,1,79,0,128,56,7,191,30,154,78,8,270,16,0,16,286
02/19/2004,STT,VI,ASO,ES,Combined TRACON& Tower with Radar,34,26,22,1,83,0,127,50,2,179,34,153,72,3,262,6,0,6,268
02/20/2004,STT,VI,ASO,ES,Combined TRACON& Tower with Radar,40,36,30,2,108,0,145,70,0,215,40,181,100,2,323,12,0,12,335
02/21/2004,STT,VI,ASO,ES,Combined TRACON& Tower with Radar,45,34,29,2,110,2,142,85,3,232,47,176,114,5,342,34,0,34,376
02/22/2004,STT,VI,ASO,ES,Combined TRACON& Tower with Radar,39,31,25,1,96,4,86,44,7,141,43,117,69,8,237,34,0,34,271
02/23/2004,STT,VI,ASO,ES,Combined TRACON& Tower with Radar,37,31,26,1,95,0,118,78,1,197,37,149,104,2,292,0,0,0,292
02/24/2004,STT,VI,ASO,ES,Combined TRACON& Tower with Radar,29,23,18,0,70,0,100,41,0,141,29,123,59,0,211,4,0,4,215
02/25/2004,STT,VI,ASO,ES,Combined TRACON& Tower with Radar,29,23,19,0,71,2,131,47,0,180,31,154,66,0,251,0,0,0,251
02/26/2004,STT,VI,ASO,ES,Combined TRACON& Tower with Radar,32,28,22,0,82,0,130,47,3,180,32,158,69,3,262,34,0,34,296
02/27/2004,STT,VI,ASO,ES,Combined TRACON& Tower with Radar,34,27,22,0,83,5,112,59,1,177,39,139,81,1,260,18,0,18,278
02/28/2004,STT,VI,ASO,ES,Combined TRACON& Tower with Radar,34,27,22,0,83,9,117,35,2,163,43,144,57,2,246,20,0,20,266
02/29/2004,STT,VI,ASO,ES,Combined TRACON& Tower with Radar,38,38,30,0,106,0,75,25,0,100,38,113,55,0,206,18,0,18,224
03/01/2004,STT,VI,ASO,ES,Combined TRACON& Tower with Radar,38,27,15,0,80,117,44,0,0,161,155,71,15,0,241,0,0,0,241
03/02/2004,STT,VI,ASO,ES,Combined TRACON& Tower with Radar,32,24,20,1,77,1,114,32,0,147,33,138,52,1,224,0,0,0,224
03/03/2004,STT,VI,ASO,ES,Combined TRACON& Tower with Radar,31,22,20,1,74,3,133,52,4,192,34,155,72,5,266,0,0,0,266
03/04/2004,STT,VI,ASO,ES,Combined TRACON& Tower with Radar,36,27,23,1,87,1,107,38,3,149,37,134,61,4,236,0,0,0,236
03/05/2004,STT,VI,ASO,ES,Combined TRACON& Tower with Radar,36,27,23,1,87,5,111,52,1,169,41,138,75,2,256,0,0,0,256
03/06/2004,STT,VI,ASO,ES,Combined TRACON& Tower with Radar,33,23,21,0,77,13,119,29,0,161,46,142,50,0,238,0,0,0,238
03/07/2004,STT,VI,ASO,ES,Combined TRACON& Tower with Radar,37,27,23,1,88,8,94,29,1,132,45,121,52,2,220,2,0,2,222
03/08/2004,STT,VI,ASO,ES,Combined TRACON& Tower with Radar,30,22,19,1,72,8,119,30,1,158,38,141,49,2,230,44,0,44,274
03/09/2004,STT,VI,ASO,ES,Combined TRACON& Tower with Radar,29,21,18,1,69,7,116,51,0,174,36,137,69,1,243,24,0,24,267
03/10/2004,STT,VI,ASO,ES,Combined TRACON& Tower with Radar,30,22,20,0,72,0,126,64,0,190,30,148,84,0,262,6,0,6,268
03/11/2004,STT,VI,ASO,ES,Combined TRACON& Tower with Radar,34,26,23,1,84,0,108,58,3,169,34,134,81,4,253,16,0,16,269
03/12/2004,STT,VI,ASO,ES,Combined TRACON& Tower with Radar,36,25,22,2,85,1,136,51,1,189,37,161,73,3,274,20,0,20,294
03/13/2004,STT,VI,ASO,ES,Combined TRACON& Tower with Radar,49,37,31,0,117,0,152,87,0,239,49,189,118,0,356,0,0,0,356
03/14/2004,STT,VI,ASO,ES,Combined TRACON& Tower with Radar,32,23,20,0,75,9,104,44,0,157,41,127,64,0,232,10,0,10,242
03/15/2004,STT,VI,ASO,ES,Combined TRACON& Tower with Radar,34,25,21,0,80,3,126,41,0,170,37,151,62,0,250,36,0,36,286
03/16/2004,STT,VI,ASO,ES,Combined TRACON& Tower with Radar,30,23,19,0,72,0,132,45,0,177,30,155,64,0,249,0,0,0,249
03/17/2004,STT,VI,ASO,ES,Combined TRACON& Tower with Radar,34,28,25,2,89,0,127,50,2,179,34,155,75,4,268,12,0,12,280
03/18/2004,STT,VI,ASO,ES,Combined TRACON& Tower with Radar,32,31,26,2,91,0,126,51,6,183,32,157,77,8,274,0,0,0,274
03/19/2004,STT,VI,ASO,ES,Combined TRACON& Tower with Radar,40,34,29,2,105,0,134,77,3,214,40,168,106,5,319,8,0,8,327
03/20/2004,STT,VI,ASO,ES,Combined TRACON& Tower with Radar,50,39,33,3,125,0,139,71,6,216,50,178,104,9,341,14,0,14,355
03/21/2004,STT,VI,ASO,ES,Combined TRACON& Tower with Radar,41,30,26,2,99,0,102,46,4,152,41,132,72,6,251,42,0,42,293
03/22/2004,STT,VI,ASO,ES,Combined TRACON& Tower with Radar,33,24,21,2,80,0,125,61,13,199,33,149,82,15,279,20,0,20,299
03/23/2004,STT,VI,ASO,ES,Combined TRACON& Tower with Radar,34,26,23,2,85,0,137,53,6,196,34,163,76,8,281,6,0,6,287
03/24/2004,STT,VI,ASO,ES,Combined TRACON& Tower with Radar,34,26,22,0,82,0,141,45,0,186,34,167,67,0,268,24,0,24,292
03/25/2004,STT,VI,ASO,ES,Combined TRACON& Tower with Radar,34,23,20,1,78,3,118,44,5,170,37,141,64,6,248,8,0,8,256
03/26/2004,STT,VI,ASO,ES,Combined TRACON& Tower with Radar,39,32,27,0,98,0,122,60,0,182,39,154,87,0,280,6,0,6,286
03/27/2004,STT,VI,ASO,ES,Combined TRACON& Tower with Radar,43,36,30,0,109,0,135,62,0,197,43,171,92,0,306,2,0,2,308
03/28/2004,STT,VI,ASO,ES,Combined TRACON& Tower with Radar,40,28,24,0,92,4,104,48,0,156,44,132,72,0,248,8,0,8,256
03/29/2004,STT,VI,ASO,ES,Combined TRACON& Tower with Radar,33,25,21,1,80,0,113,45,1,159,33,138,66,2,239,28,0,28,267
03/30/2004,STT,VI,ASO,ES,Combined TRACON& Tower with Radar,32,22,19,0,73,3,131,59,0,193,35,153,78,0,266,0,0,0,266
03/31/2004,STT,VI,ASO,ES,Combined TRACON& Tower with Radar,33,30,25,0,88,0,113,38,0,151,33,143,63,0,239,6,0,6,245
04/01/2004,STT,VI,ASO,ES,Combined TRACON& Tower with Radar,32,22,18,0,72,2,144,44,4,194,34,166,62,4,266,32,0,32,298
04/02/2004,STT,VI,ASO,ES,Combined TRACON& Tower with Radar,42,28,24,0,94,2,148,72,0,222,44,176,96,0,316,16,0,16,332
04/03/2004,STT,VI,ASO,ES,Combined TRACON& Tower with Radar,42,28,24,1,95,1,123,55,1,180,43,151,79,2,275,18,0,18,293
04/04/2004,STT,VI,ASO,ES,Combined TRACON& Tower with Radar,35,23,20,0,78,3,107,42,2,154,38,130,62,2,232,26,0,26,258
04/05/2004,STT,VI,ASO,ES,Combined TRACON& Tower with Radar,32,22,19,0,73,5,130,45,2,182,37,152,64,2,255,20,0,20,275
04/06/2004,STT,VI,ASO,ES,Combined TRACON& Tower with Radar,35,24,21,0,80,0,127,37,6,170,35,151,58,6,250,10,0,10,260
04/07/2004,STT,VI,ASO,ES,Combined TRACON& Tower with Radar,34,23,20,0,77,6,120,58,0,184,40,143,78,0,261,16,0,16,277
04/08/2004,STT,VI,ASO,ES,Combined TRACON& Tower with Radar,31,21,19,0,71,9,115,71,2,197,40,136,90,2,268,36,0,36,304
04/09/2004,STT,VI,ASO,ES,Combined TRACON& Tower with Radar,40,26,23,0,89,1,117,47,0,165,41,143,70,0,254,18,0,18,272
04/10/2004,STT,VI,ASO,ES,Combined TRACON& Tower with Radar,40,27,22,0,89,6,83,53,0,142,46,110,75,0,231,0,0,0,231
04/11/2004,STT,VI,ASO,ES,Combined TRACON& Tower with Radar,35,24,19,0,78,7,103,38,0,148,42,127,57,0,226,28,0,28,254
04/12/2004,STT,VI,ASO,ES,Combined TRACON& Tower with Radar,40,27,22,0,89,0,117,65,0,182,40,144,87,0,271,14,0,14,285
04/13/2004,STT,VI,ASO,ES,Combined TRACON& Tower with Radar,30,25,21,0,76,0,145,59,0,204,30,170,80,0,280,24,0,24,304
04/14/2004,STT,VI,ASO,ES,Combined TRACON& Tower with Radar,30,28,22,2,82,0,124,55,1,180,30,152,77,3,262,38,0,38,300
04/15/2004,STT,VI,ASO,ES,Combined TRACON& Tower with Radar,33,24,20,1,78,0,137,43,0,180,33,161,63,1,258,0,0,0,258
04/16/2004,STT,VI,ASO,ES,Combined TRACON& Tower with Radar,38,26,20,0,84,0,122,64,0,186,38,148,84,0,270,10,0,10,280
04/17/2004,STT,VI,ASO,ES,Combined TRACON& Tower with Radar,42,27,23,0,92,0,131,50,0,181,42,158,73,0,273,12,0,12,285
04/18/2004,STT,VI,ASO,ES,Combined TRACON& Tower with Radar,40,24,21,2,87,4,85,61,0,150,44,109,82,2,237,0,0,0,237
04/19/2004,STT,VI,ASO,ES,Combined TRACON& Tower with Radar,39,28,23,2,92,0,127,49,0,176,39,155,72,2,268,14,0,14,282
04/20/2004,STT,VI,ASO,ES,Combined TRACON& Tower with Radar,30,25,21,0,76,0,114,36,0,150,30,139,57,0,226,14,0,14,240
04/21/2004,STT,VI,ASO,ES,Combined TRACON& Tower with Radar,33,28,24,2,87,0,128,55,2,185,33,156,79,4,272,20,0,20,292
04/22/2004,STT,VI,ASO,ES,Combined TRACON& Tower with Radar,40,26,21,2,89,0,127,61,21,209,40,153,82,23,298,20,2,22,320
04/23/2004,STT,VI,ASO,ES,Combined TRACON& Tower with Radar,41,26,22,2,91,0,135,54,0,189,41,161,76,2,280,6,0,6,286
04/24/2004,STT,VI,ASO,ES,Combined TRACON& Tower with Radar,33,22,17,0,72,9,90,68,0,167,42,112,85,0,239,38,0,38,277
04/25/2004,STT,VI,ASO,ES,Combined TRACON& Tower with Radar,37,24,20,0,81,8,111,52,3,174,45,135,72,3,255,6,8,14,269
04/26/2004,STT,VI,ASO,ES,Combined TRACON& Tower with Radar,38,30,25,0,93,0,107,44,0,151,38,137,69,0,244,4,0,4,248
04/27/2004,STT,VI,ASO,ES,Combined TRACON& Tower with Radar,35,25,21,1,82,0,110,63,3,176,35,135,84,4,258,16,0,16,274
04/28/2004,STT,VI,ASO,ES,Combined TRACON& Tower with Radar,35,26,21,0,82,0,141,67,4,212,35,167,88,4,294,22,0,22,316
04/29/2004,STT,VI,ASO,ES,Combined TRACON& Tower with Radar,42,28,23,1,94,0,123,76,2,201,42,151,99,3,295,2,0,2,297
04/30/2004,STT,VI,ASO,ES,Combined TRACON& Tower with Radar,36,24,19,0,79,8,116,64,0,188,44,140,83,0,267,14,0,14,281
05/01/2004,STT,VI,ASO,ES,Combined TRACON& Tower with Radar,32,27,16,1,76,9,116,35,0,160,41,143,51,1,236,46,0,46,282
05/02/2004,STT,VI,ASO,ES,Combined TRACON& Tower with Radar,29,24,14,1,68,6,184,71,1,262,35,208,85,2,330,34,0,34,364
05/03/2004,STT,VI,ASO,ES,Combined TRACON& Tower with Radar,33,28,17,2,80,0,151,35,4,190,33,179,52,6,270,0,0,0,270
05/04/2004,STT,VI,ASO,ES,Combined TRACON& Tower with Radar,33,30,18,2,83,0,121,51,0,172,33,151,69,2,255,26,0,26,281
05/05/2004,STT,VI,ASO,ES,Combined TRACON& Tower with Radar,29,25,15,1,70,5,103,48,3,159,34,128,63,4,229,6,0,6,235
05/06/2004,STT,VI,ASO,ES,Combined TRACON& Tower with Radar,24,20,12,1,57,6,89,46,0,141,30,109,58,1,198,10,0,10,208
05/07/2004,STT,VI,ASO,ES,Combined TRACON& Tower with Radar,29,24,14,1,68,6,126,66,2,200,35,150,80,3,268,12,0,12,280
05/08/2004,STT,VI,ASO,ES,Combined TRACON& Tower with Radar,27,23,13,1,64,11,124,39,0,174,38,147,52,1,238,46,0,46,284
05/09/2004,STT,VI,ASO,ES,Combined TRACON& Tower with Radar,29,24,14,0,67,7,87,24,0,118,36,111,38,0,185,32,0,32,217
05/10/2004,STT,VI,ASO,ES,Combined TRACON& Tower with Radar,30,29,17,1,77,0,96,39,0,135,30,125,56,1,212,6,0,6,218
05/11/2004,STT,VI,ASO,ES,Combined TRACON& Tower with Radar,33,28,17,2,80,0,121,30,2,153,33,149,47,4,233,0,0,0,233
05/12/2004,STT,VI,ASO,ES,Combined TRACON& Tower with Radar,37,30,18,1,86,79,37,4,0,120,116,67,22,1,206,4,0,4,210
05/13/2004,STT,VI,ASO,ES,Combined TRACON& Tower with Radar,32,31,18,2,83,0,79,39,8,126,32,110,57,10,209,18,0,18,227
05/14/2004,STT,VI,ASO,ES,Combined TRACON& Tower with Radar,29,33,20,2,84,0,81,56,8,145,29,114,76,10,229,0,0,0,229
05/15/2004,STT,VI,ASO,ES,Combined TRACON& Tower with Radar,30,25,15,2,72,8,102,41,19,170,38,127,56,21,242,16,0,16,258
05/16/2004,STT,VI,ASO,ES,Combined TRACON& Tower with Radar,20,17,9,2,48,6,72,32,2,112,26,89,41,4,160,8,0,8,168
05/17/2004,STT,VI,ASO,ES,Combined TRACON& Tower with Radar,26,25,14,2,67,0,87,47,2,136,26,112,61,4,203,12,0,12,215
05/18/2004,STT,VI,ASO,ES,Combined TRACON& Tower with Radar,33,25,15,2,75,7,80,57,4,148,40,105,72,6,223,0,0,0,223
05/19/2004,STT,VI,ASO,ES,Combined TRACON& Tower with Radar,31,25,15,2,73,0,98,64,2,164,31,123,79,4,237,20,0,20,257
05/20/2004,STT,VI,ASO,ES,Combined TRACON& Tower with Radar,30,25,15,2,72,0,92,31,0,123,30,117,46,2,195,18,0,18,213
05/21/2004,STT,VI,ASO,ES,Combined TRACON& Tower with Radar,29,28,17,3,77,0,91,37,1,129,29,119,54,4,206,28,0,28,234
05/22/2004,STT,VI,ASO,ES,Combined TRACON& Tower with Radar,40,32,19,3,94,0,78,26,0,104,40,110,45,3,198,22,0,22,220
05/23/2004,STT,VI,ASO,ES,Combined TRACON& Tower with Radar,29,26,16,0,71,0,77,9,0,86,29,103,25,0,157,8,0,8,165
05/24/2004,STT,VI,ASO,ES,Combined TRACON& Tower with Radar,31,31,18,0,80,0,90,69,0,159,31,121,87,0,239,6,0,6,245
05/25/2004,STT,VI,ASO,ES,Combined TRACON& Tower with Radar,32,27,16,2,77,0,93,36,5,134,32,120,52,7,211,10,0,10,221
05/26/2004,STT,VI,ASO,ES,Combined TRACON& Tower with Radar,28,27,16,3,74,0,113,62,6,181,28,140,78,9,255,18,0,18,273
05/27/2004,STT,VI,ASO,ES,Combined TRACON& Tower with Radar,31,24,14,2,71,3,100,76,4,183,34,124,90,6,254,0,0,0,254
05/28/2004,STT,VI,ASO,ES,Combined TRACON& Tower with Radar,28,22,13,2,65,0,110,81,0,191,28,132,94,2,256,20,0,20,276
05/29/2004,STT,VI,ASO,ES,Combined TRACON& Tower with Radar,36,28,16,3,83,7,83,57,0,147,43,111,73,3,230,8,0,8,238
05/30/2004,STT,VI,ASO,ES,Combined TRACON& Tower with Radar,24,19,11,1,55,4,76,37,1,118,28,95,48,2,173,22,0,22,195
05/31/2004,STT,VI,ASO,ES,Combined TRACON& Tower with Radar,23,19,10,0,52,5,96,48,0,149,28,115,58,0,201,0,0,0,201
06/01/2004,STT,VI,ASO,ES,Combined TRACON& Tower with Radar,31,29,15,0,75,0,81,46,0,127,31,110,61,0,202,0,0,0,202
06/02/2004,STT,VI,ASO,ES,Combined TRACON& Tower with Radar,28,25,12,0,65,0,106,40,0,146,28,131,52,0,211,4,0,4,215
06/03/2004,STT,VI,ASO,ES,Combined TRACON& Tower with Radar,35,33,16,2,86,0,119,53,0,172,35,152,69,2,258,26,0,26,284
06/04/2004,STT,VI,ASO,ES,Combined TRACON& Tower with Radar,28,29,14,1,72,0,93,69,1,163,28,122,83,2,235,22,0,22,257
06/05/2004,STT,VI,ASO,ES,Combined TRACON& Tower with Radar,33,29,14,0,76,0,79,40,0,119,33,108,54,0,195,24,0,24,219
06/06/2004,STT,VI,ASO,ES,Combined TRACON& Tower with Radar,23,20,10,0,53,6,83,22,0,111,29,103,32,0,164,22,0,22,186
06/07/2004,STT,VI,ASO,ES,Combined TRACON& Tower with Radar,28,26,13,1,68,0,104,56,12,172,28,130,69,13,240,40,0,40,280
06/08/2004,STT,VI,ASO,ES,Combined TRACON& Tower with Radar,28,26,12,1,67,0,105,73,1,179,28,131,85,2,246,30,0,30,276
06/09/2004,STT,VI,ASO,ES,Combined TRACON& Tower with Radar,29,30,15,0,74,0,92,70,0,162,29,122,85,0,236,28,0,28,264
06/10/2004,STT,VI,ASO,ES,Combined TRACON& Tower with Radar,31,32,15,1,79,0,93,37,6,136,31,125,52,7,215,24,0,24,239
06/11/2004,STT,VI,ASO,ES,Combined TRACON& Tower with Radar,32,28,14,1,75,0,88,64,0,152,32,116,78,1,227,28,0,28,255
06/12/2004,STT,VI,ASO,ES,Combined TRACON& Tower with Radar,27,24,12,1,64,14,86,43,4,147,41,110,55,5,211,28,0,28,239
06/13/2004,STT,VI,ASO,ES,Combined TRACON& Tower with Radar,23,21,10,1,55,3,81,32,8,124,26,102,42,9,179,16,0,16,195
06/14/2004,STT,VI,ASO,ES,Combined TRACON& Tower with Radar,24,24,11,2,61,0,89,31,3,123,24,113,42,5,184,4,0,4,188
06/15/2004,STT,VI,ASO,ES,Combined TRACON& Tower with Radar,29,30,14,1,74,0,91,75,0,166,29,121,89,1,240,36,0,36,276
06/16/2004,STT,VI,ASO,ES,Combined TRACON& Tower with Radar,32,31,14,2,79,0,102,84,11,197,32,133,98,13,276,34,0,34,310
06/17/2004,STT,VI,ASO,ES,Combined TRACON& Tower with Radar,30,31,14,2,77,0,77,64,10,151,30,108,78,12,228,0,0,0,228
06/18/2004,STT,VI,ASO,ES,Combined TRACON& Tower with Radar,30,27,12,0,69,0,101,59,0,160,30,128,71,0,229,12,0,12,241
06/19/2004,STT,VI,ASO,ES,Combined TRACON& Tower with Radar,33,29,13,0,75,11,88,49,0,148,44,117,62,0,223,6,0,6,229
06/20/2004,STT,VI,ASO,ES,Combined TRACON& Tower with Radar,27,22,10,0,59,5,85,33,0,123,32,107,43,0,182,0,0,0,182
06/21/2004,STT,VI,ASO,ES,Combined TRACON& Tower with Radar,31,26,13,0,70,1,107,64,0,172,32,133,77,0,242,12,0,12,254
06/22/2004,STT,VI,ASO,ES,Combined TRACON& Tower with Radar,31,25,12,0,68,2,105,31,0,138,33,130,43,0,206,2,0,2,208
06/23/2004,STT,VI,ASO,ES,Combined TRACON& Tower with Radar,34,30,14,2,80,0,91,38,1,130,34,121,52,3,210,16,0,16,226
06/24/2004,STT,VI,ASO,ES,Combined TRACON& Tower with Radar,32,33,15,3,83,0,75,58,15,148,32,108,73,18,231,26,0,26,257
06/25/2004,STT,VI,ASO,ES,Combined TRACON& Tower with Radar,29,24,12,1,66,0,107,36,0,143,29,131,48,1,209,6,0,6,215
06/26/2004,STT,VI,ASO,ES,Combined TRACON& Tower with Radar,32,27,12,2,73,10,97,32,4,143,42,124,44,6,216,48,0,48,264
06/27/2004,STT,VI,ASO,ES,Combined TRACON& Tower with Radar,25,21,10,0,56,2,78,38,0,118,27,99,48,0,174,0,0,0,174
06/28/2004,STT,VI,ASO,ES,Combined TRACON& Tower with Radar,25,25,12,0,62,0,101,51,0,152,25,126,63,0,214,18,0,18,232
06/29/2004,STT,VI,ASO,ES,Combined TRACON& Tower with Radar,27,26,12,1,66,0,96,51,0,147,27,122,63,1,213,20,0,20,233
06/30/2004,STT,VI,ASO,ES,Combined TRACON& Tower with Radar,29,24,11,0,64,1,89,44,0,134,30,113,55,0,198,22,0,22,220
07/01/2004,STT,VI,ASO,ES,Combined TRACON& Tower with Radar,27,24,11,0,62,5,88,48,4,145,32,112,59,4,207,30,0,30,237
07/02/2004,STT,VI,ASO,ES,Combined TRACON& Tower with Radar,26,28,14,0,68,0,96,84,2,182,26,124,98,2,250,20,0,20,270
07/03/2004,STT,VI,ASO,ES,Combined TRACON& Tower with Radar,32,28,14,0,74,7,96,52,0,155,39,124,66,0,229,62,0,62,291
07/04/2004,STT,VI,ASO,ES,Combined TRACON& Tower with Radar,25,22,11,0,58,2,81,19,0,102,27,103,30,0,160,32,0,32,192
07/05/2004,STT,VI,ASO,ES,Combined TRACON& Tower with Radar,20,17,9,0,46,6,92,37,0,135,26,109,46,0,181,42,0,42,223
07/06/2004,STT,VI,ASO,ES,Combined TRACON& Tower with Radar,29,26,12,0,67,0,101,42,0,143,29,127,54,0,210,10,0,10,220
07/07/2004,STT,VI,ASO,ES,Combined TRACON& Tower with Radar,30,28,13,1,72,0,86,58,1,145,30,114,71,2,217,0,0,0,217
07/08/2004,STT,VI,ASO,ES,Combined TRACON& Tower with Radar,28,29,13,2,72,0,86,47,11,144,28,115,60,13,216,10,0,10,226
07/09/2004,STT,VI,ASO,ES,Combined TRACON& Tower with Radar,29,28,13,2,72,0,113,60,4,177,29,141,73,6,249,6,0,6,255
07/10/2004,STT,VI,ASO,ES,Combined TRACON& Tower with Radar,27,24,10,0,61,10,101,44,0,155,37,125,54,0,216,32,0,32,248
07/11/2004,STT,VI,ASO,ES,Combined TRACON& Tower with Radar,25,22,11,0,58,7,64,32,0,103,32,86,43,0,161,0,0,0,161
07/12/2004,STT,VI,ASO,ES,Combined TRACON& Tower with Radar,25,26,12,1,64,0,100,32,7,139,25,126,44,8,203,0,0,0,203
07/13/2004,STT,VI,ASO,ES,Combined TRACON& Tower with Radar,28,26,12,1,67,0,98,37,1,136,28,124,49,2,203,0,0,0,203
07/14/2004,STT,VI,ASO,ES,Combined TRACON& Tower with Radar,28,27,12,0,67,0,96,47,0,143,28,123,59,0,210,0,0,0,210
07/15/2004,STT,VI,ASO,ES,Combined TRACON& Tower with Radar,25,22,11,1,59,0,77,30,5,112,25,99,41,6,171,6,0,6,177
07/16/2004,STT,VI,ASO,ES,Combined TRACON& Tower with Radar,29,25,13,1,68,0,104,54,1,159,29,129,67,2,227,2,0,2,229
07/17/2004,STT,VI,ASO,ES,Combined TRACON& Tower with Radar,30,25,12,1,68,8,93,43,2,146,38,118,55,3,214,0,0,0,214
07/18/2004,STT,VI,ASO,ES,Combined TRACON& Tower with Radar,25,20,9,1,55,3,79,33,4,119,28,99,42,5,174,0,0,0,174
07/19/2004,STT,VI,ASO,ES,Combined TRACON& Tower with Radar,29,24,11,0,64,3,80,40,0,123,32,104,51,0,187,34,0,34,221
07/20/2004,STT,VI,ASO,ES,Combined TRACON& Tower with Radar,28,25,12,0,65,0,96,37,0,133,28,121,49,0,198,6,0,6,204
07/21/2004,STT,VI,ASO,ES,Combined TRACON& Tower with Radar,30,27,12,0,69,0,87,41,0,128,30,114,53,0,197,6,0,6,203
07/22/2004,STT,VI,ASO,ES,Combined TRACON& Tower with Radar,29,25,12,0,66,0,103,48,0,151,29,128,60,0,217,16,0,16,233
07/23/2004,STT,VI,ASO,ES,Combined TRACON& Tower with Radar,20,18,9,0,47,0,136,86,0,222,20,154,95,0,269,16,0,16,285
07/24/2004,STT,VI,ASO,ES,Combined TRACON& Tower with Radar,35,28,13,0,76,1,111,60,0,172,36,139,73,0,248,16,0,16,264
07/25/2004,STT,VI,ASO,ES,Combined TRACON& Tower with Radar,26,26,12,0,64,0,76,45,0,121,26,102,57,0,185,0,0,0,185
07/26/2004,STT,VI,ASO,ES,Combined TRACON& Tower with Radar,26,21,10,0,57,1,104,50,0,155,27,125,60,0,212,0,0,0,212
07/27/2004,STT,VI,ASO,ES,Combined TRACON& Tower with Radar,27,23,11,1,62,0,88,45,1,134,27,111,56,2,196,6,0,6,202
07/28/2004,STT,VI,ASO,ES,Combined TRACON& Tower with Radar,30,24,12,1,67,0,95,35,2,132,30,119,47,3,199,10,0,10,209
07/29/2004,STT,VI,ASO,ES,Combined TRACON& Tower with Radar,30,28,13,0,71,0,103,49,3,155,30,131,62,3,226,0,0,0,226
07/30/2004,STT,VI,ASO,ES,Combined TRACON& Tower with Radar,25,28,13,1,67,0,110,63,3,176,25,138,76,4,243,12,0,12,255
07/31/2004,STT,VI,ASO,ES,Combined TRACON& Tower with Radar,33,28,13,0,74,5,93,47,0,145,38,121,60,0,219,14,0,14,233
08/01/2004,STT,VI,ASO,ES,Combined TRACON& Tower with Radar,19,20,9,0,48,0,91,49,0,140,19,111,58,0,188,12,0,12,200
08/02/2004,STT,VI,ASO,ES,Combined TRACON& Tower with Radar,22,24,11,0,57,0,98,48,2,148,22,122,59,2,205,22,0,22,227
08/03/2004,STT,VI,ASO,ES,Combined TRACON& Tower with Radar,27,25,11,0,63,0,89,46,1,136,27,114,57,1,199,4,0,4,203
08/04/2004,STT,VI,ASO,ES,Combined TRACON& Tower with Radar,26,29,13,0,68,0,90,38,0,128,26,119,51,0,196,0,0,0,196
08/05/2004,STT,VI,ASO,ES,Combined TRACON& Tower with Radar,24,23,10,0,57,0,91,26,0,117,24,114,36,0,174,12,0,12,186
08/06/2004,STT,VI,ASO,ES,Combined TRACON& Tower with Radar,25,23,11,0,59,0,103,53,0,156,25,126,64,0,215,10,0,10,225
08/07/2004,STT,VI,ASO,ES,Combined TRACON& Tower with Radar,26,23,11,0,60,8,95,39,0,142,34,118,50,0,202,30,0,30,232
08/08/2004,STT,VI,ASO,ES,Combined TRACON& Tower with Radar,25,23,10,0,58,2,67,44,0,113,27,90,54,0,171,8,0,8,179
08/09/2004,STT,VI,ASO,ES,Combined TRACON& Tower with Radar,25,23,10,0,58,0,80,21,0,101,25,103,31,0,159,0,0,0,159
08/10/2004,STT,VI,ASO,ES,Combined TRACON& Tower with Radar,27,26,11,0,64,0,90,48,0,138,27,116,59,0,202,28,0,28,230
08/11/2004,STT,VI,ASO,ES,Combined TRACON& Tower with Radar,26,23,11,0,60,1,94,34,0,129,27,117,45,0,189,0,0,0,189
08/12/2004,STT,VI,ASO,ES,Combined TRACON& Tower with Radar,25,23,10,0,58,0,97,24,2,123,25,120,34,2,181,8,0,8,189
08/13/2004,STT,VI,ASO,ES,Combined TRACON& Tower with Radar,24,26,11,0,61,0,116,27,0,143,24,142,38,0,204,10,0,10,214
08/14/2004,STT,VI,ASO,ES,Combined TRACON& Tower with Radar,28,26,12,0,66,8,91,28,7,134,36,117,40,7,200,24,0,24,224
08/15/2004,STT,VI,ASO,ES,Combined TRACON& Tower with Radar,21,20,9,0,50,5,84,32,5,126,26,104,41,5,176,0,0,0,176
08/16/2004,STT,VI,ASO,ES,Combined TRACON& Tower with Radar,24,22,10,0,56,0,102,51,1,154,24,124,61,1,210,22,0,22,232
08/17/2004,STT,VI,ASO,ES,Combined TRACON& Tower with Radar,24,23,10,0,57,4,88,30,5,127,28,111,40,5,184,38,0,38,222
08/18/2004,STT,VI,ASO,ES,Combined TRACON& Tower with Radar,27,25,11,1,64,0,78,42,4,124,27,103,53,5,188,20,0,20,208
08/19/2004,STT,VI,ASO,ES,Combined TRACON& Tower with Radar,23,20,8,1,52,3,102,37,3,145,26,122,45,4,197,44,0,44,241
08/20/2004,STT,VI,ASO,ES,Combined TRACON& Tower with Radar,24,22,10,1,57,0,95,56,5,156,24,117,66,6,213,20,0,20,233
08/21/2004,STT,VI,ASO,ES,Combined TRACON& Tower with Radar,29,25,10,1,65,6,79,44,1,130,35,104,54,2,195,4,0,4,199
08/22/2004,STT,VI,ASO,ES,Combined TRACON& Tower with Radar,20,16,7,1,44,3,74,37,3,117,23,90,44,4,161,12,0,12,173
08/23/2004,STT,VI,ASO,ES,Combined TRACON& Tower with Radar,22,23,10,0,55,0,101,33,0,134,22,124,43,0,189,32,0,32,221
08/24/2004,STT,VI,ASO,ES,Combined TRACON& Tower with Radar,25,22,9,0,56,0,103,45,0,148,25,125,54,0,204,62,0,62,266
08/25/2004,STT,VI,ASO,ES,Combined TRACON& Tower with Radar,27,26,11,1,65,0,92,54,2,148,27,118,65,3,213,46,0,46,259
08/26/2004,STT,VI,ASO,ES,Combined TRACON& Tower with Radar,26,25,10,1,62,0,91,63,4,158,26,116,73,5,220,54,0,54,274
08/27/2004,STT,VI,ASO,ES,Combined TRACON& Tower with Radar,29,25,10,1,65,0,87,32,2,121,29,112,42,3,186,44,0,44,230
08/28/2004,STT,VI,ASO,ES,Combined TRACON& Tower with Radar,28,23,10,1,62,6,67,60,0,133,34,90,70,1,195,78,0,78,273
08/29/2004,STT,VI,ASO,ES,Combined TRACON& Tower with Radar,19,15,7,0,41,1,80,33,0,114,20,95,40,0,155,32,0,32,187
08/30/2004,STT,VI,ASO,ES,Combined TRACON& Tower with Radar,29,27,11,1,68,0,86,75,1,162,29,113,86,2,230,10,0,10,240
08/31/2004,STT,VI,ASO,ES,Combined TRACON& Tower with Radar,3,7,3,0,13,0,13,9,2,24,3,20,12,2,37,0,0,0,37
09/01/2004,STT,VI,ASO,ES,Combined TRACON& Tower with Radar,26,24,10,0,60,0,85,39,0,124,26,109,49,0,184,2,0,2,186
09/02/2004,STT,VI,ASO,ES,Combined TRACON& Tower with Radar,20,19,8,0,47,4,94,27,0,125,24,113,35,0,172,0,0,0,172
09/03/2004,STT,VI,ASO,ES,Combined TRACON& Tower with Radar,14,20,8,0,42,0,109,48,0,157,14,129,56,0,199,0,0,0,199
09/04/2004,STT,VI,ASO,ES,Combined TRACON& Tower with Radar,23,20,9,0,52,7,77,22,0,106,30,97,31,0,158,34,0,34,192
09/05/2004,STT,VI,ASO,ES,Combined TRACON& Tower with Radar,18,17,7,0,42,5,68,18,0,91,23,85,25,0,133,16,0,16,149
09/06/2004,STT,VI,ASO,ES,Combined TRACON& Tower with Radar,16,15,6,0,37,5,93,36,2,136,21,108,42,2,173,30,0,30,203
09/07/2004,STT,VI,ASO,ES,Combined TRACON& Tower with Radar,25,25,10,0,60,0,85,31,1,117,25,110,41,1,177,4,0,4,181
09/08/2004,STT,VI,ASO,ES,Combined TRACON& Tower with Radar,21,21,9,0,51,0,76,23,0,99,21,97,32,0,150,2,0,2,152
09/09/2004,STT,VI,ASO,ES,Combined TRACON& Tower with Radar,21,20,8,0,49,1,88,26,2,117,22,108,34,2,166,10,0,10,176
09/10/2004,STT,VI,ASO,ES,Combined TRACON& Tower with Radar,22,20,9,0,51,0,107,47,0,154,22,127,56,0,205,32,0,32,237
09/11/2004,STT,VI,ASO,ES,Combined TRACON& Tower with Radar,26,23,10,0,59,6,78,34,0,118,32,101,44,0,177,8,0,8,185
09/12/2004,STT,VI,ASO,ES,Combined TRACON& Tower with Radar,18,16,7,0,41,5,60,10,3,78,23,76,17,3,119,0,0,0,119
09/13/2004,STT,VI,ASO,ES,Combined TRACON& Tower with Radar,23,21,8,0,52,0,87,37,0,124,23,108,45,0,176,0,0,0,176
09/14/2004,STT,VI,ASO,ES,Combined TRACON& Tower with Radar,22,20,7,0,49,0,73,22,0,95,22,93,29,0,144,0,0,0,144
09/15/2004,STT,VI,ASO,ES,Combined TRACON& Tower with Radar,0,0,0,0,0,0,0,0,0,0,0,0,0,0,0,0,0,0,0
09/16/2004,STT,VI,ASO,ES,Combined TRACON& Tower with Radar,22,23,8,1,54,0,26,9,2,37,22,49,17,3,91,0,0,0,91
09/17/2004,STT,VI,ASO,ES,Combined TRACON& Tower with Radar,22,23,8,1,54,0,77,46,0,123,22,100,54,1,177,0,0,0,177
09/18/2004,STT,VI,ASO,ES,Combined TRACON& Tower with Radar,23,22,8,1,54,4,78,14,9,105,27,100,22,10,159,0,0,0,159
09/19/2004,STT,VI,ASO,ES,Combined TRACON& Tower with Radar,22,19,7,1,49,0,59,24,0,83,22,78,31,1,132,46,0,46,178
09/20/2004,STT,VI,ASO,ES,Combined TRACON& Tower with Radar,24,19,8,0,51,0,99,35,0,134,24,118,43,0,185,0,0,0,185
09/21/2004,STT,VI,ASO,ES,Combined TRACON& Tower with Radar,24,19,8,0,51,0,99,42,0,141,24,118,50,0,192,0,0,0,192
09/22/2004,STT,VI,ASO,ES,Combined TRACON& Tower with Radar,20,22,8,1,51,0,82,65,2,149,20,104,73,3,200,0,0,0,200
09/23/2004,STT,VI,ASO,ES,Combined TRACON& Tower with Radar,20,20,7,1,48,0,89,17,10,116,20,109,24,11,164,0,0,0,164
09/24/2004,STT,VI,ASO,ES,Combined TRACON& Tower with Radar,20,18,7,1,46,0,102,28,1,131,20,120,35,2,177,0,4,4,181
09/25/2004,STT,VI,ASO,ES,Combined TRACON& Tower with Radar,24,20,8,1,53,6,47,24,0,77,30,67,32,1,130,8,0,8,138
09/26/2004,STT,VI,ASO,ES,Combined TRACON& Tower with Radar,18,14,6,1,39,3,60,16,4,83,21,74,22,5,122,0,0,0,122
09/27/2004,STT,VI,ASO,ES,Combined TRACON& Tower with Radar,25,27,10,1,63,0,81,44,1,126,25,108,54,2,189,10,0,10,199
09/28/2004,STT,VI,ASO,ES,Combined TRACON& Tower with Radar,20,18,6,0,44,3,71,30,5,109,23,89,36,5,153,0,0,0,153
09/29/2004,STT,VI,ASO,ES,Combined TRACON& Tower with Radar,20,23,9,0,52,0,96,56,2,154,20,119,65,2,206,0,0,0,206
09/30/2004,STT,VI,ASO,ES,Combined TRACON& Tower with Radar,19,22,8,0,49,0,76,33,5,114,19,98,41,5,163,24,0,24,187
10/01/2004,STT,VI,ASO,ES,Combined TRACON& Tower with Radar,0,0,0,0,0,23,131,39,1,194,23,131,39,1,194,14,0,14,208
10/02/2004,STT,VI,ASO,ES,Combined TRACON& Tower with Radar,0,0,0,0,0,31,95,33,0,159,31,95,33,0,159,8,0,8,167
10/03/2004,STT,VI,ASO,ES,Combined TRACON& Tower with Radar,0,0,0,0,0,19,77,33,0,129,19,77,33,0,129,0,0,0,129
10/04/2004,STT,VI,ASO,ES,Combined TRACON& Tower with Radar,0,0,0,0,0,27,123,27,0,177,27,123,27,0,177,0,0,0,177
10/05/2004,STT,VI,ASO,ES,Combined TRACON& Tower with Radar,0,0,0,0,0,23,118,35,0,176,23,118,35,0,176,10,0,10,186
10/06/2004,STT,VI,ASO,ES,Combined TRACON& Tower with Radar,0,0,0,0,0,21,106,62,0,189,21,106,62,0,189,14,0,14,203
10/07/2004,STT,VI,ASO,ES,Combined TRACON& Tower with Radar,0,0,0,0,0,22,111,34,0,167,22,111,34,0,167,0,0,0,167
10/08/2004,STT,VI,ASO,ES,Combined TRACON& Tower with Radar,0,0,0,0,0,25,124,55,0,204,25,124,55,0,204,12,0,12,216
10/09/2004,STT,VI,ASO,ES,Combined TRACON& Tower with Radar,0,0,0,0,0,30,114,41,0,185,30,114,41,0,185,0,0,0,185
10/10/2004,STT,VI,ASO,ES,Combined TRACON& Tower with Radar,0,0,0,0,0,22,91,19,3,135,22,91,19,3,135,0,0,0,135
10/11/2004,STT,VI,ASO,ES,Combined TRACON& Tower with Radar,0,0,0,0,0,24,120,36,2,182,24,120,36,2,182,12,0,12,194
10/12/2004,STT,VI,ASO,ES,Combined TRACON& Tower with Radar,0,0,0,0,0,26,113,42,0,181,26,113,42,0,181,0,0,0,181
10/13/2004,STT,VI,ASO,ES,Combined TRACON& Tower with Radar,0,0,0,0,0,21,113,31,8,173,21,113,31,8,173,0,0,0,173
10/14/2004,STT,VI,ASO,ES,Combined TRACON& Tower with Radar,0,0,0,0,0,21,109,30,8,168,21,109,30,8,168,20,0,20,188
10/15/2004,STT,VI,ASO,ES,Combined TRACON& Tower with Radar,0,0,0,0,0,22,116,79,2,219,22,116,79,2,219,71,0,71,290
10/16/2004,STT,VI,ASO,ES,Combined TRACON& Tower with Radar,0,0,0,0,0,29,88,53,1,171,29,88,53,1,171,8,0,8,179
10/17/2004,STT,VI,ASO,ES,Combined TRACON& Tower with Radar,0,0,0,0,0,22,83,38,9,152,22,83,38,9,152,8,0,8,160
10/18/2004,STT,VI,ASO,ES,Combined TRACON& Tower with Radar,0,0,0,0,0,24,128,32,1,185,24,128,32,1,185,22,0,22,207
10/19/2004,STT,VI,ASO,ES,Combined TRACON& Tower with Radar,0,0,0,0,0,24,112,37,6,179,24,112,37,6,179,6,0,6,185
10/20/2004,STT,VI,ASO,ES,Combined TRACON& Tower with Radar,0,0,0,0,0,19,118,49,4,190,19,118,49,4,190,22,0,22,212
10/21/2004,STT,VI,ASO,ES,Combined TRACON& Tower with Radar,0,0,0,0,0,20,119,17,0,156,20,119,17,0,156,26,0,26,182
10/22/2004,STT,VI,ASO,ES,Combined TRACON& Tower with Radar,0,0,0,0,0,24,142,50,2,218,24,142,50,2,218,0,0,0,218
10/23/2004,STT,VI,ASO,ES,Combined TRACON& Tower with Radar,0,0,0,0,0,35,129,44,9,217,35,129,44,9,217,4,0,4,221
10/24/2004,STT,VI,ASO,ES,Combined TRACON& Tower with Radar,0,0,0,0,0,19,100,56,10,185,19,100,56,10,185,0,0,0,185
10/25/2004,STT,VI,ASO,ES,Combined TRACON& Tower with Radar,0,0,0,0,0,22,101,30,1,154,22,101,30,1,154,22,0,22,176
10/26/2004,STT,VI,ASO,ES,Combined TRACON& Tower with Radar,0,0,0,0,0,26,107,33,0,166,26,107,33,0,166,0,0,0,166
10/27/2004,STT,VI,ASO,ES,Combined TRACON& Tower with Radar,0,0,0,0,0,22,100,56,0,178,22,100,56,0,178,14,0,14,192
10/28/2004,STT,VI,ASO,ES,Combined TRACON& Tower with Radar,0,0,0,0,0,22,122,59,0,203,22,122,59,0,203,30,0,30,233
10/29/2004,STT,VI,ASO,ES,Combined TRACON& Tower with Radar,0,0,0,0,0,23,111,88,4,226,23,111,88,4,226,0,0,0,226
10/30/2004,STT,VI,ASO,ES,Combined TRACON& Tower with Radar,0,0,0,0,0,32,130,71,1,234,32,130,71,1,234,4,0,4,238
10/31/2004,STT,VI,ASO,ES,Combined TRACON& Tower with Radar,0,0,0,0,0,26,88,39,0,153,26,88,39,0,153,0,0,0,153
11/01/2004,STT,VI,ASO,ES,Towers with Radar,0,0,0,0,0,30,97,62,0,189,30,97,62,0,189,2,0,2,191
11/02/2004,STT,VI,ASO,ES,Towers with Radar,0,0,0,0,0,29,100,53,1,183,29,100,53,1,183,6,0,6,189
11/03/2004,STT,VI,ASO,ES,Towers with Radar,0,0,0,0,0,30,129,49,2,210,30,129,49,2,210,0,0,0,210
11/04/2004,STT,VI,ASO,ES,Towers with Radar,0,0,0,0,0,24,111,41,0,176,24,111,41,0,176,0,0,0,176
11/05/2004,STT,VI,ASO,ES,Towers with Radar,0,0,0,0,0,30,132,43,2,207,30,132,43,2,207,0,0,0,207
11/06/2004,STT,VI,ASO,ES,Towers with Radar,0,0,0,0,0,40,126,63,0,229,40,126,63,0,229,0,0,0,229
11/07/2004,STT,VI,ASO,ES,Towers with Radar,0,0,0,0,0,33,90,42,1,166,33,90,42,1,166,0,0,0,166
11/08/2004,STT,VI,ASO,ES,Towers with Radar,0,0,0,0,0,28,127,54,0,209,28,127,54,0,209,0,0,0,209
11/09/2004,STT,VI,ASO,ES,Towers with Radar,0,0,0,0,0,29,111,52,1,193,29,111,52,1,193,0,0,0,193
11/10/2004,STT,VI,ASO,ES,Towers with Radar,27,120,55,8,210,0,0,0,0,0,27,120,55,8,210,0,0,0,210
11/11/2004,STT,VI,ASO,ES,Towers with Radar,0,0,0,0,0,27,125,49,9,210,27,125,49,9,210,6,0,6,216
11/12/2004,STT,VI,ASO,ES,Towers with Radar,0,0,0,0,0,40,121,48,2,211,40,121,48,2,211,0,0,0,211
11/13/2004,STT,VI,ASO,ES,Towers with Radar,0,0,0,0,0,43,132,32,0,207,43,132,32,0,207,0,0,0,207
11/14/2004,STT,VI,ASO,ES,Towers with Radar,0,0,0,0,0,33,94,38,0,165,33,94,38,0,165,3,0,3,168
11/15/2004,STT,VI,ASO,ES,Towers with Radar,0,0,0,0,0,46,118,27,0,191,46,118,27,0,191,0,0,0,191
11/16/2004,STT,VI,ASO,ES,Towers with Radar,0,0,0,0,0,44,106,51,0,201,44,106,51,0,201,0,0,0,201
11/17/2004,STT,VI,ASO,ES,Towers with Radar,0,0,0,0,0,32,128,52,0,212,32,128,52,0,212,0,0,0,212
11/18/2004,STT,VI,ASO,ES,Towers with Radar,0,0,0,0,0,27,129,50,4,210,27,129,50,4,210,14,0,14,224
11/19/2004,STT,VI,ASO,ES,Towers with Radar,0,0,0,0,0,32,184,55,0,271,32,184,55,0,271,6,0,6,277
11/20/2004,STT,VI,ASO,ES,Towers with Radar,0,0,0,0,0,42,165,77,6,290,42,165,77,6,290,0,0,0,290
11/21/2004,STT,VI,ASO,ES,Towers with Radar,0,0,0,0,0,32,126,19,6,183,32,126,19,6,183,0,0,0,183
11/22/2004,STT,VI,ASO,ES,Towers with Radar,0,0,0,0,0,28,133,56,0,217,28,133,56,0,217,0,0,0,217
11/23/2004,STT,VI,ASO,ES,Towers with Radar,0,0,0,0,0,27,113,50,2,192,27,113,50,2,192,0,0,0,192
11/24/2004,STT,VI,ASO,ES,Towers with Radar,0,0,0,0,0,34,111,60,4,209,34,111,60,4,209,0,0,0,209
11/25/2004,STT,VI,ASO,ES,Towers with Radar,0,0,0,0,0,28,102,29,0,159,28,102,29,0,159,6,0,6,165
11/26/2004,STT,VI,ASO,ES,Towers with Radar,0,0,0,0,0,34,136,41,1,212,34,136,41,1,212,0,0,0,212
11/27/2004,STT,VI,ASO,ES,Towers with Radar,0,0,0,0,0,44,136,55,0,235,44,136,55,0,235,4,0,4,239
11/28/2004,STT,VI,ASO,ES,Towers with Radar,0,0,0,0,0,37,125,67,2,231,37,125,67,2,231,0,0,0,231
11/29/2004,STT,VI,ASO,ES,Towers with Radar,0,0,0,0,0,29,131,39,8,207,29,131,39,8,207,16,0,16,223
11/30/2004,STT,VI,ASO,ES,Towers with Radar,0,0,0,0,0,32,122,63,3,220,32,122,63,3,220,8,3,11,231
12/01/2004,STT,VI,ASO,ES,Towers with Radar,0,0,0,0,0,30,123,61,0,214,30,123,61,0,214,34,0,34,248
12/02/2004,STT,VI,ASO,ES,Towers with Radar,0,0,0,0,0,29,137,51,0,217,29,137,51,0,217,8,0,8,225
12/03/2004,STT,VI,ASO,ES,Towers with Radar,0,0,0,0,0,32,162,28,14,236,32,162,28,14,236,10,0,10,246
12/04/2004,STT,VI,ASO,ES,Towers with Radar,0,0,0,0,0,40,152,49,4,245,40,152,49,4,245,20,0,20,265
12/05/2004,STT,VI,ASO,ES,Towers with Radar,0,0,0,0,0,35,99,35,4,173,35,99,35,4,173,18,0,18,191
12/06/2004,STT,VI,ASO,ES,Towers with Radar,0,0,0,0,0,27,126,48,2,203,27,126,48,2,203,0,0,0,203
12/07/2004,STT,VI,ASO,ES,Towers with Radar,0,0,0,0,0,33,124,57,3,217,33,124,57,3,217,12,2,14,231
12/08/2004,STT,VI,ASO,ES,Towers with Radar,0,0,0,0,0,30,109,65,7,211,30,109,65,7,211,14,0,14,225
12/09/2004,STT,VI,ASO,ES,Towers with Radar,0,0,0,0,0,31,142,49,8,230,31,142,49,8,230,0,0,0,230
12/10/2004,STT,VI,ASO,ES,Towers with Radar,0,0,0,0,0,33,168,54,0,255,33,168,54,0,255,20,4,24,279
12/11/2004,STT,VI,ASO,ES,Towers with Radar,0,0,0,0,0,44,139,31,9,223,44,139,31,9,223,8,0,8,231
12/12/2004,STT,VI,ASO,ES,Towers with Radar,0,0,0,0,0,34,107,44,10,195,34,107,44,10,195,4,0,4,199
12/13/2004,STT,VI,ASO,ES,Towers with Radar,0,0,0,0,0,28,117,52,3,200,28,117,52,3,200,2,0,2,202
12/14/2004,STT,VI,ASO,ES,Towers with Radar,0,0,0,0,0,36,129,58,0,223,36,129,58,0,223,0,0,0,223
12/15/2004,STT,VI,ASO,ES,Towers with Radar,0,0,0,0,0,27,124,83,2,236,27,124,83,2,236,12,0,12,248
12/16/2004,STT,VI,ASO,ES,Towers with Radar,0,0,0,0,0,30,138,68,0,236,30,138,68,0,236,2,0,2,238
12/17/2004,STT,VI,ASO,ES,Towers with Radar,0,0,0,0,0,36,168,57,0,261,36,168,57,0,261,16,0,16,277
12/18/2004,STT,VI,ASO,ES,Towers with Radar,0,0,0,0,0,48,193,59,0,300,48,193,59,0,300,36,0,36,336
12/19/2004,STT,VI,ASO,ES,Towers with Radar,0,0,0,0,0,38,136,51,0,225,38,136,51,0,225,28,0,28,253
12/20/2004,STT,VI,ASO,ES,Towers with Radar,0,0,0,0,0,29,144,54,0,227,29,144,54,0,227,30,0,30,257
12/21/2004,STT,VI,ASO,ES,Towers with Radar,0,0,0,0,0,28,114,75,0,217,28,114,75,0,217,0,0,0,217
12/22/2004,STT,VI,ASO,ES,Towers with Radar,0,0,0,0,0,38,187,67,2,294,38,187,67,2,294,6,0,6,300
12/23/2004,STT,VI,ASO,ES,Towers with Radar,0,0,0,0,0,32,173,75,0,280,32,173,75,0,280,14,0,14,294
12/24/2004,STT,VI,ASO,ES,Towers with Radar,0,0,0,0,0,39,143,44,3,229,39,143,44,3,229,20,0,20,249
12/25/2004,STT,VI,ASO,ES,Towers with Radar,0,0,0,0,0,47,117,42,0,206,47,117,42,0,206,0,0,0,206
12/26/2004,STT,VI,ASO,ES,Towers with Radar,0,0,0,0,0,38,127,71,0,236,38,127,71,0,236,0,0,0,236
12/27/2004,STT,VI,ASO,ES,Towers with Radar,0,0,0,0,0,36,148,82,0,266,36,148,82,0,266,20,0,20,286
12/28/2004,STT,VI,ASO,ES,Towers with Radar,0,0,0,0,0,40,139,75,0,254,40,139,75,0,254,10,0,10,264
12/29/2004,STT,VI,ASO,ES,Towers with Radar,0,0,0,0,0,36,145,85,0,266,36,145,85,0,266,24,0,24,290
12/30/2004,STT,VI,ASO,ES,Towers with Radar,0,0,0,0,0,30,166,85,4,285,30,166,85,4,285,0,0,0,285
12/31/2004,STT,VI,ASO,ES,Towers with Radar,0,0,0,0,0,41,138,51,0,230,41,138,51,0,230,0,0,0,230
01/01/2005,STT,VI,ASO,ES,Towers with Radar,49,45,30,0,124,0,80,24,0,104,49,125,54,0,228,0,0,0,228
01/02/2005,STT,VI,ASO,ES,Towers with Radar,53,48,38,0,139,0,86,60,0,146,53,134,98,0,285,8,0,8,293
01/03/2005,STT,VI,ASO,ES,Towers with Radar,39,27,32,0,98,0,117,65,0,182,39,144,97,0,280,8,0,8,288
01/04/2005,STT,VI,ASO,ES,Towers with Radar,43,21,24,0,88,0,88,36,0,124,43,109,60,0,212,14,0,14,226
01/05/2005,STT,VI,ASO,ES,Towers with Radar,41,29,18,0,88,0,88,38,0,126,41,117,56,0,214,18,0,18,232
01/06/2005,STT,VI,ASO,ES,Towers with Radar,37,23,24,0,84,0,119,29,0,148,37,142,53,0,232,10,0,10,242
01/07/2005,STT,VI,ASO,ES,Towers with Radar,38,38,21,0,97,0,90,38,0,128,38,128,59,0,225,0,0,0,225
01/08/2005,STT,VI,ASO,ES,Towers with Radar,52,18,22,0,92,0,104,44,0,148,52,122,66,0,240,0,0,0,240
01/09/2005,STT,VI,ASO,ES,Towers with Radar,42,31,34,0,107,0,89,32,0,121,42,120,66,0,228,0,0,0,228
01/10/2005,STT,VI,ASO,ES,Towers with Radar,34,27,18,0,79,0,105,42,0,147,34,132,60,0,226,16,0,16,242
01/11/2005,STT,VI,ASO,ES,Towers with Radar,35,29,15,2,81,0,154,40,1,195,35,183,55,3,276,10,0,10,286
01/12/2005,STT,VI,ASO,ES,Towers with Radar,35,27,20,3,85,0,127,43,1,171,35,154,63,4,256,28,0,28,284
01/13/2005,STT,VI,ASO,ES,Towers with Radar,39,37,31,0,107,0,103,33,0,136,39,140,64,0,243,6,0,6,249
01/14/2005,STT,VI,ASO,ES,Towers with Radar,44,29,21,1,95,0,131,54,0,185,44,160,75,1,280,24,0,24,304
01/15/2005,STT,VI,ASO,ES,Towers with Radar,54,25,11,0,90,0,136,44,0,180,54,161,55,0,270,0,0,0,270
01/16/2005,STT,VI,ASO,ES,Towers with Radar,37,21,6,0,64,0,81,31,0,112,37,102,37,0,176,10,0,10,186
01/17/2005,STT,VI,ASO,ES,Towers with Radar,40,21,23,1,85,0,105,37,2,144,40,126,60,3,229,22,0,22,251
01/18/2005,STT,VI,ASO,ES,Towers with Radar,41,28,25,0,94,0,104,25,3,132,41,132,50,3,226,10,0,10,236
01/19/2005,STT,VI,ASO,ES,Towers with Radar,37,33,18,0,88,0,83,36,2,121,37,116,54,2,209,2,0,2,211
01/20/2005,STT,VI,ASO,ES,Towers with Radar,42,35,15,0,92,0,104,37,5,146,42,139,52,5,238,0,2,2,240
01/21/2005,STT,VI,ASO,ES,Towers with Radar,0,0,0,0,0,44,143,65,4,256,44,143,65,4,256,62,0,62,318
01/22/2005,STT,VI,ASO,ES,Towers with Radar,48,16,15,0,79,0,127,49,2,178,48,143,64,2,257,20,0,20,277
01/23/2005,STT,VI,ASO,ES,Towers with Radar,35,13,13,0,61,0,72,45,8,125,35,85,58,8,186,24,0,24,210
01/24/2005,STT,VI,ASO,ES,Towers with Radar,41,32,14,4,91,0,100,38,0,138,41,132,52,4,229,20,0,20,249
01/25/2005,STT,VI,ASO,ES,Towers with Radar,45,34,19,0,98,0,99,26,1,126,45,133,45,1,224,0,0,0,224
01/26/2005,STT,VI,ASO,ES,Towers with Radar,42,29,14,1,86,0,129,52,2,183,42,158,66,3,269,22,4,26,295
01/27/2005,STT,VI,ASO,ES,Towers with Radar,41,29,16,0,86,0,88,52,0,140,41,117,68,0,226,34,0,34,260
01/28/2005,STT,VI,ASO,ES,Towers with Radar,0,0,0,0,0,44,157,67,2,270,44,157,67,2,270,0,0,0,270
01/29/2005,STT,VI,ASO,ES,Towers with Radar,48,29,11,0,88,0,110,57,0,167,48,139,68,0,255,14,0,14,269
01/30/2005,STT,VI,ASO,ES,Towers with Radar,48,34,16,0,98,0,69,18,0,87,48,103,34,0,185,0,0,0,185
01/31/2005,STT,VI,ASO,ES,Towers with Radar,42,25,16,0,83,0,117,36,0,153,42,142,52,0,236,14,0,14,250
02/01/2005,STT,VI,ASO,ES,Towers with Radar,47,20,20,3,90,0,128,34,6,168,47,148,54,9,258,32,2,34,292
02/02/2005,STT,VI,ASO,ES,Towers with Radar,46,19,22,0,87,0,98,36,0,134,46,117,58,0,221,0,0,0,221
02/03/2005,STT,VI,ASO,ES,Towers with Radar,43,28,12,2,85,0,106,20,0,126,43,134,32,2,211,0,0,0,211
02/04/2005,STT,VI,ASO,ES,Towers with Radar,0,0,0,0,0,56,179,52,0,287,56,179,52,0,287,0,0,0,287
02/05/2005,STT,VI,ASO,ES,Towers with Radar,57,24,12,0,93,0,140,31,4,175,57,164,43,4,268,26,0,26,294
02/06/2005,STT,VI,ASO,ES,Towers with Radar,47,84,43,4,178,0,0,0,0,0,47,84,43,4,178,0,0,0,178
02/07/2005,STT,VI,ASO,ES,Towers with Radar,42,33,14,0,89,0,110,26,0,136,42,143,40,0,225,10,0,10,235
02/08/2005,STT,VI,ASO,ES,Towers with Radar,44,23,29,0,96,0,131,24,0,155,44,154,53,0,251,18,0,18,269
02/09/2005,STT,VI,ASO,ES,Towers with Radar,44,22,16,0,82,0,116,49,0,165,44,138,65,0,247,0,0,0,247
02/10/2005,STT,VI,ASO,ES,Towers with Radar,0,0,0,0,0,45,140,46,0,231,45,140,46,0,231,12,0,12,243
02/11/2005,STT,VI,ASO,ES,Towers with Radar,47,22,17,0,86,0,121,43,0,164,47,143,60,0,250,22,0,22,272
02/12/2005,STT,VI,ASO,ES,Towers with Radar,54,12,28,0,94,0,110,86,0,196,54,122,114,0,290,12,0,12,302
02/13/2005,STT,VI,ASO,ES,Towers with Radar,54,15,16,0,85,0,67,25,0,92,54,82,41,0,177,0,0,0,177
02/14/2005,STT,VI,ASO,ES,Towers with Radar,39,23,31,0,93,0,123,26,0,149,39,146,57,0,242,0,0,0,242
02/15/2005,STT,VI,ASO,ES,Towers with Radar,41,20,19,0,80,0,133,26,0,159,41,153,45,0,239,0,0,0,239
02/16/2005,STT,VI,ASO,ES,Towers with Radar,43,31,28,0,102,0,91,56,0,147,43,122,84,0,249,0,0,0,249
02/17/2005,STT,VI,ASO,ES,Towers with Radar,0,0,0,0,0,42,137,93,0,272,42,137,93,0,272,12,0,12,284
02/18/2005,STT,VI,ASO,ES,Towers with Radar,44,30,36,0,110,0,156,62,0,218,44,186,98,0,328,10,0,10,338
02/19/2005,STT,VI,ASO,ES,Towers with Radar,56,27,9,0,92,0,141,58,4,203,56,168,67,4,295,10,0,10,305
02/20/2005,STT,VI,ASO,ES,Towers with Radar,49,20,15,0,84,0,103,43,0,146,49,123,58,0,230,2,0,2,232
02/21/2005,STT,VI,ASO,ES,Towers with Radar,43,22,24,0,89,0,147,45,0,192,43,169,69,0,281,0,0,0,281
02/22/2005,STT,VI,ASO,ES,Towers with Radar,47,20,25,2,94,0,119,53,0,172,47,139,78,2,266,0,0,0,266
02/23/2005,STT,VI,ASO,ES,Towers with Radar,46,24,28,2,100,0,108,46,1,155,46,132,74,3,255,42,0,42,297
02/24/2005,STT,VI,ASO,ES,Towers with Radar,38,20,14,3,75,0,125,28,0,153,38,145,42,3,228,0,0,0,228
02/25/2005,STT,VI,ASO,ES,Towers with Radar,47,30,37,4,118,0,110,33,3,146,47,140,70,7,264,0,0,0,264
02/26/2005,STT,VI,ASO,ES,Towers with Radar,54,17,24,0,95,0,130,66,1,197,54,147,90,1,292,20,0,20,312
02/27/2005,STT,VI,ASO,ES,Towers with Radar,51,16,19,7,93,0,118,39,0,157,51,134,58,7,250,30,0,30,280
02/28/2005,STT,VI,ASO,ES,Towers with Radar,43,15,22,0,80,0,124,38,0,162,43,139,60,0,242,38,0,38,280
03/01/2005,STT,VI,ASO,ES,Towers with Radar,47,21,30,0,98,0,114,35,1,150,47,135,65,1,248,16,0,16,264
03/02/2005,STT,VI,ASO,ES,Towers with Radar,44,20,23,0,87,0,98,61,6,165,44,118,84,6,252,24,0,24,276
03/03/2005,STT,VI,ASO,ES,Towers with Radar,42,22,19,0,83,0,103,76,4,183,42,125,95,4,266,24,0,24,290
03/04/2005,STT,VI,ASO,ES,Towers with Radar,43,23,18,0,84,0,111,63,2,176,43,134,81,2,260,18,0,18,278
03/05/2005,STT,VI,ASO,ES,Towers with Radar,55,15,30,18,118,0,124,38,8,170,55,139,68,26,288,35,0,35,323
03/06/2005,STT,VI,ASO,ES,Towers with Radar,52,15,19,0,86,0,120,42,2,164,52,135,61,2,250,0,0,0,250
03/07/2005,STT,VI,ASO,ES,Towers with Radar,41,23,17,0,81,0,114,36,0,150,41,137,53,0,231,10,0,10,241
03/08/2005,STT,VI,ASO,ES,Towers with Radar,50,19,25,0,94,0,137,38,4,179,50,156,63,4,273,0,0,0,273
03/09/2005,STT,VI,ASO,ES,Towers with Radar,45,21,12,2,80,0,124,51,9,184,45,145,63,11,264,60,0,60,324
03/10/2005,STT,VI,ASO,ES,Towers with Radar,46,19,21,6,92,0,116,42,2,160,46,135,63,8,252,24,0,24,276
03/11/2005,STT,VI,ASO,ES,Towers with Radar,50,18,30,0,98,0,129,49,0,178,50,147,79,0,276,24,0,24,300
03/12/2005,STT,VI,ASO,ES,Towers with Radar,56,23,31,0,110,0,165,55,0,220,56,188,86,0,330,22,0,22,352
03/13/2005,STT,VI,ASO,ES,Towers with Radar,51,18,16,0,85,1,107,18,0,126,52,125,34,0,211,24,0,24,235
03/14/2005,STT,VI,ASO,ES,Towers with Radar,42,25,11,1,79,0,117,55,0,172,42,142,66,1,251,16,0,16,267
03/15/2005,STT,VI,ASO,ES,Towers with Radar,45,21,6,0,72,0,149,32,1,182,45,170,38,1,254,28,0,28,282
03/16/2005,STT,VI,ASO,ES,Towers with Radar,47,20,12,1,80,0,91,48,4,143,47,111,60,5,223,16,0,16,239
03/17/2005,STT,VI,ASO,ES,Towers with Radar,44,12,24,1,81,0,104,58,5,167,44,116,82,6,248,10,0,10,258
03/18/2005,STT,VI,ASO,ES,Towers with Radar,50,17,38,12,117,0,131,68,0,199,50,148,106,12,316,12,0,12,328
03/19/2005,STT,VI,ASO,ES,Towers with Radar,55,27,37,2,121,0,165,54,0,219,55,192,91,2,340,20,0,20,360
03/20/2005,STT,VI,ASO,ES,Towers with Radar,52,22,26,2,102,0,114,34,0,148,52,136,60,2,250,26,0,26,276
03/21/2005,STT,VI,ASO,ES,Towers with Radar,44,21,12,1,78,0,116,43,1,160,44,137,55,2,238,30,0,30,268
03/22/2005,STT,VI,ASO,ES,Towers with Radar,49,23,23,0,95,0,135,55,4,194,49,158,78,4,289,16,0,16,305
03/23/2005,STT,VI,ASO,ES,Towers with Radar,46,19,16,2,83,0,101,70,3,174,46,120,86,5,257,8,0,8,265
03/24/2005,STT,VI,ASO,ES,Towers with Radar,46,15,25,0,86,0,143,69,0,212,46,158,94,0,298,12,0,12,310
03/25/2005,STT,VI,ASO,ES,Towers with Radar,51,13,19,0,83,0,101,44,0,145,51,114,63,0,228,30,0,30,258
03/26/2005,STT,VI,ASO,ES,Towers with Radar,57,16,53,0,126,0,172,56,0,228,57,188,109,0,354,48,0,48,402
03/27/2005,STT,VI,ASO,ES,Towers with Radar,48,17,25,0,90,0,123,50,2,175,48,140,75,2,265,34,0,34,299
03/28/2005,STT,VI,ASO,ES,Towers with Radar,43,16,18,0,77,0,111,68,0,179,43,127,86,0,256,38,0,38,294
03/29/2005,STT,VI,ASO,ES,Towers with Radar,48,20,11,0,79,0,115,46,0,161,48,135,57,0,240,0,0,0,240
03/30/2005,STT,VI,ASO,ES,Towers with Radar,0,0,0,0,0,46,134,39,5,224,46,134,39,5,224,34,0,34,258
03/31/2005,STT,VI,ASO,ES,Towers with Radar,46,23,14,1,84,0,133,23,2,158,46,156,37,3,242,20,0,20,262
04/01/2005,STT,VI,ASO,ES,Towers with Radar,48,21,21,1,91,0,171,62,0,233,48,192,83,1,324,14,0,14,338
04/02/2005,STT,VI,ASO,ES,Towers with Radar,58,11,28,1,98,0,158,60,2,220,58,169,88,3,318,0,0,0,318
04/03/2005,STT,VI,ASO,ES,Towers with Radar,52,14,33,0,99,0,105,34,2,141,52,119,67,2,240,0,2,2,242
04/04/2005,STT,VI,ASO,ES,Towers with Radar,45,16,27,1,89,0,117,34,0,151,45,133,61,1,240,22,0,22,262
04/05/2005,STT,VI,ASO,ES,Towers with Radar,44,17,13,0,74,0,112,46,0,158,44,129,59,0,232,0,0,0,232
04/06/2005,STT,VI,ASO,ES,Towers with Radar,45,21,28,4,98,0,96,35,6,137,45,117,63,10,235,30,0,30,265
04/07/2005,STT,VI,ASO,ES,Towers with Radar,45,14,11,0,70,0,125,35,0,160,45,139,46,0,230,56,0,56,286
04/08/2005,STT,VI,ASO,ES,Towers with Radar,47,19,18,2,86,0,115,47,2,164,47,134,65,4,250,28,0,28,278
04/09/2005,STT,VI,ASO,ES,Towers with Radar,46,12,13,0,71,0,172,41,0,213,46,184,54,0,284,2,0,2,286
04/10/2005,STT,VI,ASO,ES,Towers with Radar,44,12,12,1,69,0,85,33,0,118,44,97,45,1,187,14,0,14,201
04/11/2005,STT,VI,ASO,ES,Towers with Radar,43,22,23,6,94,0,108,29,0,137,43,130,52,6,231,8,0,8,239
04/12/2005,STT,VI,ASO,ES,Towers with Radar,0,0,0,0,0,41,160,40,3,244,41,160,40,3,244,6,0,6,250
04/13/2005,STT,VI,ASO,ES,Towers with Radar,41,19,10,2,72,0,95,42,4,141,41,114,52,6,213,38,0,38,251
04/14/2005,STT,VI,ASO,ES,Towers with Radar,37,17,19,1,74,0,83,36,3,122,37,100,55,4,196,20,0,20,216
04/15/2005,STT,VI,ASO,ES,Towers with Radar,45,20,12,1,78,0,126,36,8,170,45,146,48,9,248,12,0,12,260
04/16/2005,STT,VI,ASO,ES,Towers with Radar,53,13,10,1,77,0,131,45,7,183,53,144,55,8,260,0,4,4,264
04/17/2005,STT,VI,ASO,ES,Towers with Radar,45,16,16,1,78,0,88,37,1,126,45,104,53,2,204,8,0,8,212
04/18/2005,STT,VI,ASO,ES,Towers with Radar,40,16,22,1,79,0,103,22,2,127,40,119,44,3,206,0,0,0,206
04/19/2005,STT,VI,ASO,ES,Towers with Radar,0,0,0,0,0,43,153,39,1,236,43,153,39,1,236,36,0,36,272
04/20/2005,STT,VI,ASO,ES,Towers with Radar,44,22,16,0,82,0,133,45,0,178,44,155,61,0,260,95,0,95,355
04/21/2005,STT,VI,ASO,ES,Towers with Radar,62,20,22,3,107,0,89,64,2,155,62,109,86,5,262,18,0,18,280
04/22/2005,STT,VI,ASO,ES,Towers with Radar,43,25,12,1,81,0,126,59,1,186,43,151,71,2,267,64,0,64,331
04/23/2005,STT,VI,ASO,ES,Towers with Radar,40,11,11,0,62,2,113,53,2,170,42,124,64,2,232,0,0,0,232
04/24/2005,STT,VI,ASO,ES,Towers with Radar,41,12,18,0,71,0,88,37,2,127,41,100,55,2,198,26,0,26,224
04/25/2005,STT,VI,ASO,ES,Towers with Radar,0,0,0,0,0,45,126,77,0,248,45,126,77,0,248,0,0,0,248
04/26/2005,STT,VI,ASO,ES,Towers with Radar,44,15,25,0,84,0,158,36,2,196,44,173,61,2,280,24,0,24,304
04/27/2005,STT,VI,ASO,ES,Towers with Radar,41,16,13,0,70,0,104,47,2,153,41,120,60,2,223,0,0,0,223
04/28/2005,STT,VI,ASO,ES,Towers with Radar,48,30,14,1,93,0,116,36,2,154,48,146,50,3,247,63,0,63,310
04/29/2005,STT,VI,ASO,ES,Towers with Radar,42,18,12,1,73,0,125,35,1,161,42,143,47,2,234,4,0,4,238
04/30/2005,STT,VI,ASO,ES,Towers with Radar,49,12,3,0,64,0,108,43,1,152,49,120,46,1,216,14,0,14,230
05/01/2005,STT,VI,ASO,ES,Towers with Radar,39,11,7,5,62,0,102,44,5,151,39,113,51,10,213,16,0,16,229
05/02/2005,STT,VI,ASO,ES,Towers with Radar,0,0,0,0,0,32,108,67,0,207,32,108,67,0,207,10,0,10,217
05/03/2005,STT,VI,ASO,ES,Towers with Radar,34,20,2,0,56,0,107,44,0,151,34,127,46,0,207,6,0,6,213
05/04/2005,STT,VI,ASO,ES,Towers with Radar,30,17,10,4,61,0,112,72,10,194,30,129,82,14,255,32,0,32,287
05/05/2005,STT,VI,ASO,ES,Towers with Radar,34,19,11,0,64,0,98,58,0,156,34,117,69,0,220,32,0,32,252
05/06/2005,STT,VI,ASO,ES,Towers with Radar,34,21,13,0,68,0,98,44,2,144,34,119,57,2,212,10,0,10,222
05/07/2005,STT,VI,ASO,ES,Towers with Radar,41,12,2,0,55,0,85,66,6,157,41,97,68,6,212,20,0,20,232
05/08/2005,STT,VI,ASO,ES,Towers with Radar,0,0,0,0,0,32,87,25,0,144,32,87,25,0,144,6,0,6,150
05/09/2005,STT,VI,ASO,ES,Towers with Radar,34,21,7,2,64,0,95,14,1,110,34,116,21,3,174,4,0,4,178
05/10/2005,STT,VI,ASO,ES,Towers with Radar,36,25,9,2,72,0,97,28,1,126,36,122,37,3,198,26,0,26,224
05/11/2005,STT,VI,ASO,ES,Towers with Radar,32,16,10,3,61,0,119,57,0,176,32,135,67,3,237,32,0,32,269
05/12/2005,STT,VI,ASO,ES,Towers with Radar,33,28,29,3,93,0,94,35,1,130,33,122,64,4,223,10,0,10,233
05/13/2005,STT,VI,ASO,ES,Towers with Radar,34,31,26,0,91,0,101,53,7,161,34,132,79,7,252,10,0,10,262
05/14/2005,STT,VI,ASO,ES,Towers with Radar,40,20,7,0,67,0,94,43,4,141,40,114,50,4,208,0,0,0,208
05/15/2005,STT,VI,ASO,ES,Towers with Radar,31,19,9,1,60,0,80,10,0,90,31,99,19,1,150,0,0,0,150
05/16/2005,STT,VI,ASO,ES,Towers with Radar,0,0,0,0,0,30,109,39,4,182,30,109,39,4,182,0,0,0,182
05/17/2005,STT,VI,ASO,ES,Towers with Radar,35,51,9,4,99,0,123,23,1,147,35,174,32,5,246,0,0,0,246
05/18/2005,STT,VI,ASO,ES,Towers with Radar,32,24,15,5,76,0,76,19,3,98,32,100,34,8,174,0,0,0,174
05/19/2005,STT,VI,ASO,ES,Towers with Radar,36,32,4,5,77,0,108,35,5,148,36,140,39,10,225,0,0,0,225
05/20/2005,STT,VI,ASO,ES,Towers with Radar,34,28,6,1,69,0,93,44,7,144,34,121,50,8,213,18,0,18,231
05/21/2005,STT,VI,ASO,ES,Towers with Radar,39,15,7,1,62,0,101,39,1,141,39,116,46,2,203,0,0,0,203
05/22/2005,STT,VI,ASO,ES,Towers with Radar,0,0,0,0,0,32,87,35,6,160,32,87,35,6,160,18,0,18,178
05/23/2005,STT,VI,ASO,ES,Towers with Radar,29,36,14,0,79,0,86,15,0,101,29,122,29,0,180,8,0,8,188
05/24/2005,STT,VI,ASO,ES,Towers with Radar,37,25,4,0,66,0,86,40,0,126,37,111,44,0,192,53,0,53,245
05/25/2005,STT,VI,ASO,ES,Towers with Radar,34,17,8,0,59,0,91,35,0,126,34,108,43,0,185,10,0,10,195
05/26/2005,STT,VI,ASO,ES,Towers with Radar,33,26,10,0,69,0,133,38,3,174,33,159,48,3,243,20,4,24,267
05/27/2005,STT,VI,ASO,ES,Towers with Radar,33,26,12,0,71,0,130,63,0,193,33,156,75,0,264,34,0,34,298
05/28/2005,STT,VI,ASO,ES,Towers with Radar,42,16,0,0,58,0,105,81,0,186,42,121,81,0,244,40,0,40,284
05/29/2005,STT,VI,ASO,ES,Towers with Radar,0,0,0,0,0,30,103,31,0,164,30,103,31,0,164,40,0,40,204
05/30/2005,STT,VI,ASO,ES,Towers with Radar,31,15,5,0,51,0,106,36,4,146,31,121,41,4,197,10,0,10,207
05/31/2005,STT,VI,ASO,ES,Towers with Radar,35,22,5,0,62,0,110,36,0,146,35,132,41,0,208,34,0,34,242
06/01/2005,STT,VI,ASO,ES,Towers with Radar,32,17,16,0,65,0,122,37,1,160,32,139,53,1,225,0,0,0,225
06/02/2005,STT,VI,ASO,ES,Towers with Radar,33,14,10,1,58,0,129,45,1,175,33,143,55,2,233,14,0,14,247
06/03/2005,STT,VI,ASO,ES,Towers with Radar,29,20,8,1,58,0,107,43,6,156,29,127,51,7,214,0,0,0,214
06/04/2005,STT,VI,ASO,ES,Towers with Radar,0,0,0,0,0,42,122,45,2,211,42,122,45,2,211,35,0,35,246
06/05/2005,STT,VI,ASO,ES,Towers with Radar,0,0,0,0,0,36,78,29,6,149,36,78,29,6,149,34,0,34,183
06/06/2005,STT,VI,ASO,ES,Towers with Radar,32,27,11,1,71,0,86,38,1,125,32,113,49,2,196,0,0,0,196
06/07/2005,STT,VI,ASO,ES,Towers with Radar,30,25,9,0,64,0,84,36,4,124,30,109,45,4,188,52,0,52,240
06/08/2005,STT,VI,ASO,ES,Towers with Radar,36,20,8,0,64,0,96,42,0,138,36,116,50,0,202,12,0,12,214
06/09/2005,STT,VI,ASO,ES,Towers with Radar,37,16,20,1,74,0,94,24,0,118,37,110,44,1,192,20,0,20,212
06/10/2005,STT,VI,ASO,ES,Towers with Radar,33,20,18,1,72,0,97,32,2,131,33,117,50,3,203,0,0,0,203
06/11/2005,STT,VI,ASO,ES,Towers with Radar,0,0,0,0,0,47,97,43,1,188,47,97,43,1,188,30,0,30,218
06/12/2005,STT,VI,ASO,ES,Towers with Radar,0,0,0,0,0,33,95,37,1,166,33,95,37,1,166,8,0,8,174
06/13/2005,STT,VI,ASO,ES,Towers with Radar,34,20,6,0,60,0,97,27,0,124,34,117,33,0,184,2,0,2,186
06/14/2005,STT,VI,ASO,ES,Towers with Radar,34,16,2,0,52,0,96,56,6,158,34,112,58,6,210,6,0,6,216
06/15/2005,STT,VI,ASO,ES,Towers with Radar,30,26,15,1,72,0,102,59,0,161,30,128,74,1,233,6,0,6,239
06/16/2005,STT,VI,ASO,ES,Towers with Radar,34,14,9,0,57,0,113,47,4,164,34,127,56,4,221,36,0,36,257
06/17/2005,STT,VI,ASO,ES,Towers with Radar,32,14,15,1,62,0,101,44,0,145,32,115,59,1,207,0,0,0,207
06/18/2005,STT,VI,ASO,ES,Towers with Radar,0,0,0,0,0,44,123,49,1,217,44,123,49,1,217,46,0,46,263
06/19/2005,STT,VI,ASO,ES,Towers with Radar,0,0,0,0,0,38,94,45,0,177,38,94,45,0,177,8,0,8,185
06/20/2005,STT,VI,ASO,ES,Towers with Radar,39,25,10,4,78,0,89,36,14,139,39,114,46,18,217,0,0,0,217
06/21/2005,STT,VI,ASO,ES,Towers with Radar,29,16,8,0,53,0,79,48,1,128,29,95,56,1,181,6,0,6,187
06/22/2005,STT,VI,ASO,ES,Towers with Radar,33,27,4,14,78,0,104,59,0,163,33,131,63,14,241,30,0,30,271
06/23/2005,STT,VI,ASO,ES,Towers with Radar,35,14,13,0,62,0,94,40,0,134,35,108,53,0,196,0,0,0,196
06/24/2005,STT,VI,ASO,ES,Towers with Radar,35,21,17,1,74,0,90,75,0,165,35,111,92,1,239,4,0,4,243
06/25/2005,STT,VI,ASO,ES,Towers with Radar,42,21,8,4,75,0,111,35,3,149,42,132,43,7,224,56,0,56,280
06/26/2005,STT,VI,ASO,ES,Towers with Radar,37,15,9,2,63,0,71,34,0,105,37,86,43,2,168,14,0,14,182
06/27/2005,STT,VI,ASO,ES,Towers with Radar,34,24,3,0,61,0,82,36,9,127,34,106,39,9,188,12,0,12,200
06/28/2005,STT,VI,ASO,ES,Towers with Radar,38,20,10,2,70,0,102,55,1,158,38,122,65,3,228,6,0,6,234
06/29/2005,STT,VI,ASO,ES,Towers with Radar,31,22,9,0,62,0,83,36,1,120,31,105,45,1,182,0,0,0,182
06/30/2005,STT,VI,ASO,ES,Towers with Radar,33,21,9,9,72,0,87,74,0,161,33,108,83,9,233,16,0,16,249
07/01/2005,STT,VI,ASO,ES,Towers with Radar,32,18,16,0,66,0,115,49,0,164,32,133,65,0,230,14,0,14,244
07/02/2005,STT,VI,ASO,ES,Towers with Radar,39,15,3,2,59,0,101,37,0,138,39,116,40,2,197,6,0,6,203
07/03/2005,STT,VI,ASO,ES,Towers with Radar,37,15,12,0,64,0,74,55,0,129,37,89,67,0,193,22,0,22,215
07/04/2005,STT,VI,ASO,ES,Towers with Radar,31,12,6,0,49,0,71,41,0,112,31,83,47,0,161,0,0,0,161
07/05/2005,STT,VI,ASO,ES,Towers with Radar,32,29,14,0,75,0,75,52,5,132,32,104,66,5,207,16,0,16,223
07/06/2005,STT,VI,ASO,ES,Towers with Radar,32,21,13,6,72,0,76,26,0,102,32,97,39,6,174,14,0,14,188
07/07/2005,STT,VI,ASO,ES,Towers with Radar,28,18,5,0,51,0,84,42,0,126,28,102,47,0,177,0,0,0,177
07/08/2005,STT,VI,ASO,ES,Towers with Radar,35,17,9,0,61,0,107,37,3,147,35,124,46,3,208,46,0,46,254
07/09/2005,STT,VI,ASO,ES,Towers with Radar,41,15,1,6,63,0,89,56,0,145,41,104,57,6,208,34,0,34,242
07/10/2005,STT,VI,ASO,ES,Towers with Radar,37,13,7,0,57,0,69,58,0,127,37,82,65,0,184,20,0,20,204
07/11/2005,STT,VI,ASO,ES,Towers with Radar,34,24,6,0,64,0,95,39,5,139,34,119,45,5,203,6,0,6,209
07/12/2005,STT,VI,ASO,ES,Towers with Radar,33,19,4,0,56,0,103,60,2,165,33,122,64,2,221,22,0,22,243
07/13/2005,STT,VI,ASO,ES,Towers with Radar,28,13,13,0,54,0,91,36,0,127,28,104,49,0,181,0,0,0,181
07/14/2005,STT,VI,ASO,ES,Towers with Radar,37,24,9,1,71,0,96,35,2,133,37,120,44,3,204,0,0,0,204
07/15/2005,STT,VI,ASO,ES,Towers with Radar,34,12,8,1,55,0,102,53,2,157,34,114,61,3,212,0,0,0,212
07/16/2005,STT,VI,ASO,ES,Towers with Radar,42,12,10,2,66,0,88,55,2,145,42,100,65,4,211,34,0,34,245
07/17/2005,STT,VI,ASO,ES,Towers with Radar,36,13,4,0,53,0,67,39,0,106,36,80,43,0,159,24,0,24,183
07/18/2005,STT,VI,ASO,ES,Towers with Radar,31,19,10,0,60,0,85,21,6,112,31,104,31,6,172,0,0,0,172
07/19/2005,STT,VI,ASO,ES,Towers with Radar,32,27,9,0,68,0,76,28,0,104,32,103,37,0,172,20,0,20,192
07/20/2005,STT,VI,ASO,ES,Towers with Radar,27,23,8,0,58,0,87,42,0,129,27,110,50,0,187,44,0,44,231
07/21/2005,STT,VI,ASO,ES,Towers with Radar,30,23,12,0,65,0,107,34,2,143,30,130,46,2,208,28,0,28,236
07/22/2005,STT,VI,ASO,ES,Towers with Radar,27,17,17,0,61,0,124,59,0,183,27,141,76,0,244,6,0,6,250
07/23/2005,STT,VI,ASO,ES,Towers with Radar,40,11,9,5,65,0,84,31,2,117,40,95,40,7,182,18,0,18,200
07/24/2005,STT,VI,ASO,ES,Towers with Radar,35,12,0,0,47,0,83,43,2,128,35,95,43,2,175,4,0,4,179
07/25/2005,STT,VI,ASO,ES,Towers with Radar,30,17,11,0,58,0,92,59,0,151,30,109,70,0,209,46,0,46,255
07/26/2005,STT,VI,ASO,ES,Towers with Radar,32,21,8,0,61,0,112,50,0,162,32,133,58,0,223,30,0,30,253
07/27/2005,STT,VI,ASO,ES,Towers with Radar,29,19,6,0,54,0,98,32,2,132,29,117,38,2,186,12,0,12,198
07/28/2005,STT,VI,ASO,ES,Towers with Radar,30,20,4,0,54,0,97,47,0,144,30,117,51,0,198,10,0,10,208
07/29/2005,STT,VI,ASO,ES,Towers with Radar,35,23,10,1,69,0,92,35,0,127,35,115,45,1,196,12,0,12,208
07/30/2005,STT,VI,ASO,ES,Towers with Radar,38,12,2,0,52,0,77,32,0,109,38,89,34,0,161,0,0,0,161
07/31/2005,STT,VI,ASO,ES,Towers with Radar,38,15,5,0,58,0,74,32,0,106,38,89,37,0,164,22,0,22,186
08/01/2005,STT,VI,ASO,ES,Towers with Radar,31,27,17,0,75,0,102,45,3,150,31,129,62,3,225,10,0,10,235
08/02/2005,STT,VI,ASO,ES,Towers with Radar,26,20,12,5,63,0,100,46,0,146,26,120,58,5,209,0,0,0,209
08/03/2005,STT,VI,ASO,ES,Towers with Radar,33,26,6,0,65,0,108,71,0,179,33,134,77,0,244,18,0,18,262
08/04/2005,STT,VI,ASO,ES,Towers with Radar,29,21,10,0,60,0,81,51,0,132,29,102,61,0,192,16,0,16,208
08/05/2005,STT,VI,ASO,ES,Towers with Radar,33,23,14,0,70,0,88,51,1,140,33,111,65,1,210,26,0,26,236
08/06/2005,STT,VI,ASO,ES,Towers with Radar,38,17,3,6,64,0,99,43,0,142,38,116,46,6,206,7,0,7,213
08/07/2005,STT,VI,ASO,ES,Towers with Radar,36,15,6,8,65,0,69,50,0,119,36,84,56,8,184,6,0,6,190
08/08/2005,STT,VI,ASO,ES,Towers with Radar,32,22,9,3,66,0,98,44,0,142,32,120,53,3,208,8,0,8,216
08/09/2005,STT,VI,ASO,ES,Towers with Radar,31,26,7,0,64,0,115,40,4,159,31,141,47,4,223,40,0,40,263
08/10/2005,STT,VI,ASO,ES,Towers with Radar,29,21,16,1,67,0,107,51,0,158,29,128,67,1,225,40,0,40,265
08/11/2005,STT,VI,ASO,ES,Towers with Radar,28,25,11,3,67,0,100,53,4,157,28,125,64,7,224,4,0,4,228
08/12/2005,STT,VI,ASO,ES,Towers with Radar,36,33,6,1,76,0,89,50,0,139,36,122,56,1,215,8,0,8,223
08/13/2005,STT,VI,ASO,ES,Towers with Radar,41,22,1,0,64,0,77,35,0,112,41,99,36,0,176,34,0,34,210
08/14/2005,STT,VI,ASO,ES,Towers with Radar,37,15,13,0,65,0,86,34,0,120,37,101,47,0,185,8,0,8,193
08/15/2005,STT,VI,ASO,ES,Towers with Radar,33,25,14,0,72,0,89,27,0,116,33,114,41,0,188,28,0,28,216
08/16/2005,STT,VI,ASO,ES,Towers with Radar,33,22,8,0,63,0,98,39,3,140,33,120,47,3,203,12,0,12,215
08/17/2005,STT,VI,ASO,ES,Towers with Radar,31,33,8,0,72,0,98,35,2,135,31,131,43,2,207,0,0,0,207
08/18/2005,STT,VI,ASO,ES,Towers with Radar,31,23,10,1,65,0,76,24,0,100,31,99,34,1,165,0,0,0,165
08/19/2005,STT,VI,ASO,ES,Towers with Radar,33,22,14,0,69,0,98,40,7,145,33,120,54,7,214,2,0,2,216
08/20/2005,STT,VI,ASO,ES,Towers with Radar,42,21,9,0,72,0,76,23,2,101,42,97,32,2,173,6,0,6,179
08/21/2005,STT,VI,ASO,ES,Towers with Radar,33,17,15,0,65,0,73,40,3,116,33,90,55,3,181,24,0,24,205
08/22/2005,STT,VI,ASO,ES,Towers with Radar,34,24,6,1,65,0,100,32,0,132,34,124,38,1,197,6,0,6,203
08/23/2005,STT,VI,ASO,ES,Towers with Radar,30,31,9,0,70,0,97,19,2,118,30,128,28,2,188,14,0,14,202
08/24/2005,STT,VI,ASO,ES,Towers with Radar,29,34,9,3,75,0,88,21,1,110,29,122,30,4,185,0,0,0,185
08/25/2005,STT,VI,ASO,ES,Towers with Radar,29,23,6,0,58,0,105,31,5,141,29,128,37,5,199,0,0,0,199
08/26/2005,STT,VI,ASO,ES,Towers with Radar,31,27,4,0,62,0,85,37,3,125,31,112,41,3,187,18,0,18,205
08/27/2005,STT,VI,ASO,ES,Towers with Radar,34,20,1,0,55,0,56,35,3,94,34,76,36,3,149,54,0,54,203
08/28/2005,STT,VI,ASO,ES,Towers with Radar,30,16,3,0,49,0,67,28,5,100,30,83,31,5,149,8,6,14,163
08/29/2005,STT,VI,ASO,ES,Towers with Radar,30,43,5,2,80,0,91,35,4,130,30,134,40,6,210,26,4,30,240
08/30/2005,STT,VI,ASO,ES,Towers with Radar,26,21,10,0,57,0,95,37,2,134,26,116,47,2,191,30,0,30,221
08/31/2005,STT,VI,ASO,ES,Towers with Radar,21,5,22,2,50,0,101,32,4,137,21,106,54,6,187,0,0,0,187
09/01/2005,STT,VI,ASO,ES,Towers with Radar,26,29,15,0,70,3,74,47,7,131,29,103,62,7,201,8,0,8,209
09/02/2005,STT,VI,ASO,ES,Towers with Radar,19,31,12,0,62,0,95,60,0,155,19,126,72,0,217,24,0,24,241
09/03/2005,STT,VI,ASO,ES,Towers with Radar,29,14,3,0,46,0,80,27,0,107,29,94,30,0,153,18,0,18,171
09/04/2005,STT,VI,ASO,ES,Towers with Radar,25,17,1,0,43,0,69,57,3,129,25,86,58,3,172,32,0,32,204
09/05/2005,STT,VI,ASO,ES,Towers with Radar,18,16,4,0,38,0,76,41,0,117,18,92,45,0,155,6,0,6,161
09/06/2005,STT,VI,ASO,ES,Towers with Radar,19,21,9,0,49,0,89,34,0,123,19,110,43,0,172,10,0,10,182
09/07/2005,STT,VI,ASO,ES,Towers with Radar,18,23,14,0,55,0,76,40,4,120,18,99,54,4,175,44,0,44,219
09/08/2005,STT,VI,ASO,ES,Towers with Radar,20,27,6,0,53,0,87,29,0,116,20,114,35,0,169,10,0,10,179
09/09/2005,STT,VI,ASO,ES,Towers with Radar,18,24,12,4,58,0,82,32,3,117,18,106,44,7,175,12,0,12,187
09/10/2005,STT,VI,ASO,ES,Towers with Radar,21,18,3,0,42,0,76,37,8,121,21,94,40,8,163,0,0,0,163
09/11/2005,STT,VI,ASO,ES,Towers with Radar,26,18,7,0,51,0,59,18,0,77,26,77,25,0,128,0,0,0,128
09/12/2005,STT,VI,ASO,ES,Towers with Radar,17,22,9,0,48,0,62,33,0,95,17,84,42,0,143,16,0,16,159
09/13/2005,STT,VI,ASO,ES,Towers with Radar,18,23,8,0,49,0,76,36,0,112,18,99,44,0,161,0,0,0,161
09/14/2005,STT,VI,ASO,ES,Towers with Radar,18,26,9,1,54,0,77,51,1,129,18,103,60,2,183,20,0,20,203
09/15/2005,STT,VI,ASO,ES,Towers with Radar,25,33,7,0,65,0,73,32,1,106,25,106,39,1,171,18,0,18,189
09/16/2005,STT,VI,ASO,ES,Towers with Radar,20,25,12,0,57,0,92,37,0,129,20,117,49,0,186,18,0,18,204
09/17/2005,STT,VI,ASO,ES,Towers with Radar,18,20,4,0,42,0,74,37,0,111,18,94,41,0,153,0,0,0,153
09/18/2005,STT,VI,ASO,ES,Towers with Radar,20,16,5,0,41,0,57,17,0,74,20,73,22,0,115,10,0,10,125
09/19/2005,STT,VI,ASO,ES,Towers with Radar,20,21,14,0,55,0,69,27,4,100,20,90,41,4,155,0,0,0,155
09/20/2005,STT,VI,ASO,ES,Towers with Radar,14,24,7,1,46,0,65,39,5,109,14,89,46,6,155,10,0,10,165
09/21/2005,STT,VI,ASO,ES,Towers with Radar,19,21,14,0,54,0,70,49,1,120,19,91,63,1,174,0,0,0,174
09/22/2005,STT,VI,ASO,ES,Towers with Radar,18,23,16,0,57,0,93,66,3,162,18,116,82,3,219,2,0,2,221
09/23/2005,STT,VI,ASO,ES,Towers with Radar,18,23,18,0,59,0,77,72,0,149,18,100,90,0,208,16,0,16,224
09/24/2005,STT,VI,ASO,ES,Towers with Radar,21,19,6,0,46,0,62,47,0,109,21,81,53,0,155,18,0,18,173
09/25/2005,STT,VI,ASO,ES,Towers with Radar,20,21,9,0,50,2,49,37,0,88,22,70,46,0,138,4,0,4,142
09/26/2005,STT,VI,ASO,ES,Towers with Radar,19,21,11,2,53,0,64,43,1,108,19,85,54,3,161,16,0,16,177
09/27/2005,STT,VI,ASO,ES,Towers with Radar,16,33,8,0,57,0,62,40,0,102,16,95,48,0,159,46,0,46,205
09/28/2005,STT,VI,ASO,ES,Towers with Radar,19,42,17,0,78,0,69,47,0,116,19,111,64,0,194,0,0,0,194
09/29/2005,STT,VI,ASO,ES,Towers with Radar,18,24,5,0,47,0,86,28,0,114,18,110,33,0,161,16,0,16,177
09/30/2005,STT,VI,ASO,ES,Towers with Radar,17,20,7,0,44,0,78,56,2,136,17,98,63,2,180,48,0,48,228
10/01/2005,STT,VI,ASO,ES,Towers with Radar,30,17,9,0,56,0,76,48,5,129,30,93,57,5,185,12,0,12,197
10/02/2005,STT,VI,ASO,ES,Towers with Radar,26,19,11,0,56,0,57,14,1,72,26,76,25,1,128,0,0,0,128
10/03/2005,STT,VI,ASO,ES,Towers with Radar,21,34,17,0,72,0,47,15,6,68,21,81,32,6,140,0,0,0,140
10/04/2005,STT,VI,ASO,ES,Towers with Radar,19,37,11,0,67,0,55,20,0,75,19,92,31,0,142,0,0,0,142
10/05/2005,STT,VI,ASO,ES,Towers with Radar,20,22,9,0,51,0,73,35,5,113,20,95,44,5,164,16,0,16,180
10/06/2005,STT,VI,ASO,ES,Towers with Radar,19,28,7,3,57,0,97,33,2,132,19,125,40,5,189,48,0,48,237
10/07/2005,STT,VI,ASO,ES,Towers with Radar,22,23,10,0,55,0,98,48,10,156,22,121,58,10,211,14,0,14,225
10/08/2005,STT,VI,ASO,ES,Towers with Radar,27,20,28,0,75,0,81,30,0,111,27,101,58,0,186,8,0,8,194
10/09/2005,STT,VI,ASO,ES,Towers with Radar,27,17,7,0,51,0,57,26,0,83,27,74,33,0,134,0,0,0,134
10/10/2005,STT,VI,ASO,ES,Towers with Radar,23,39,13,0,75,0,11,14,0,25,23,50,27,0,100,0,0,0,100
10/11/2005,STT,VI,ASO,ES,Towers with Radar,18,45,12,0,75,0,47,31,0,78,18,92,43,0,153,22,0,22,175
10/12/2005,STT,VI,ASO,ES,Towers with Radar,22,25,9,0,56,0,48,35,0,83,22,73,44,0,139,8,0,8,147
10/13/2005,STT,VI,ASO,ES,Towers with Radar,20,19,16,6,61,0,84,51,2,137,20,103,67,8,198,8,0,8,206
10/14/2005,STT,VI,ASO,ES,Towers with Radar,20,24,14,0,58,0,90,41,0,131,20,114,55,0,189,8,0,8,197
10/15/2005,STT,VI,ASO,ES,Towers with Radar,26,16,6,1,49,0,61,33,0,94,26,77,39,1,143,12,0,12,155
10/16/2005,STT,VI,ASO,ES,Towers with Radar,24,16,3,8,51,0,80,25,4,109,24,96,28,12,160,0,0,0,160
10/17/2005,STT,VI,ASO,ES,Towers with Radar,20,24,9,0,53,0,70,32,0,102,20,94,41,0,155,18,0,18,173
10/18/2005,STT,VI,ASO,ES,Towers with Radar,18,21,13,0,52,0,83,39,2,124,18,104,52,2,176,14,0,14,190
10/19/2005,STT,VI,ASO,ES,Towers with Radar,18,30,12,3,63,0,81,37,4,122,18,111,49,7,185,0,0,0,185
10/20/2005,STT,VI,ASO,ES,Towers with Radar,17,36,6,2,61,0,98,48,3,149,17,134,54,5,210,6,0,6,216
10/21/2005,STT,VI,ASO,ES,Towers with Radar,22,26,15,13,76,0,84,43,10,137,22,110,58,23,213,0,0,0,213
10/22/2005,STT,VI,ASO,ES,Towers with Radar,25,24,7,0,56,0,81,26,3,110,25,105,33,3,166,0,0,0,166
10/23/2005,STT,VI,ASO,ES,Towers with Radar,24,19,3,0,46,0,64,21,2,87,24,83,24,2,133,2,0,2,135
10/24/2005,STT,VI,ASO,ES,Towers with Radar,21,23,13,0,57,0,68,43,3,114,21,91,56,3,171,56,0,56,227
10/25/2005,STT,VI,ASO,ES,Towers with Radar,18,13,20,0,51,0,64,36,1,101,18,77,56,1,152,0,0,0,152
10/26/2005,STT,VI,ASO,ES,Towers with Radar,19,23,14,1,57,0,72,48,5,125,19,95,62,6,182,10,0,10,192
10/27/2005,STT,VI,ASO,ES,Towers with Radar,20,30,13,2,65,0,84,45,1,130,20,114,58,3,195,20,0,20,215
10/28/2005,STT,VI,ASO,ES,Towers with Radar,18,36,15,3,72,0,68,59,0,127,18,104,74,3,199,0,0,0,199
10/29/2005,STT,VI,ASO,ES,Towers with Radar,27,17,5,1,50,0,66,37,0,103,27,83,42,1,153,22,0,22,175
10/30/2005,STT,VI,ASO,ES,Towers with Radar,25,18,4,0,47,0,57,40,0,97,25,75,44,0,144,0,0,0,144
10/31/2005,STT,VI,ASO,ES,Towers with Radar,22,29,16,0,67,0,65,38,0,103,22,94,54,0,170,4,0,4,174
11/01/2005,STT,VI,ASO,ES,Towers with Radar,25,25,10,0,60,0,73,35,0,108,25,98,45,0,168,6,0,6,174
11/02/2005,STT,VI,ASO,ES,Towers with Radar,25,35,8,0,68,0,104,32,4,140,25,139,40,4,208,14,0,14,222
11/03/2005,STT,VI,ASO,ES,Towers with Radar,30,26,7,0,63,0,83,41,6,130,30,109,48,6,193,20,0,20,213
11/04/2005,STT,VI,ASO,ES,Towers with Radar,26,28,12,0,66,0,90,50,0,140,26,118,62,0,206,10,0,10,216
11/05/2005,STT,VI,ASO,ES,Towers with Radar,36,20,4,0,60,0,70,37,0,107,36,90,41,0,167,0,0,0,167
11/06/2005,STT,VI,ASO,ES,Towers with Radar,32,40,5,0,77,0,66,17,0,83,32,106,22,0,160,0,0,0,160
11/07/2005,STT,VI,ASO,ES,Towers with Radar,32,23,9,0,64,0,76,46,0,122,32,99,55,0,186,36,0,36,222
11/08/2005,STT,VI,ASO,ES,Towers with Radar,26,27,22,7,82,0,82,40,3,125,26,109,62,10,207,0,0,0,207
11/09/2005,STT,VI,ASO,ES,Towers with Radar,26,29,5,0,60,0,86,56,0,142,26,115,61,0,202,0,0,0,202
11/10/2005,STT,VI,ASO,ES,Towers with Radar,28,29,13,0,70,0,84,39,2,125,28,113,52,2,195,0,0,0,195
11/11/2005,STT,VI,ASO,ES,Towers with Radar,33,29,11,0,73,0,83,38,14,135,33,112,49,14,208,0,0,0,208
11/12/2005,STT,VI,ASO,ES,Towers with Radar,36,26,17,0,79,0,89,55,0,144,36,115,72,0,223,0,0,0,223
11/13/2005,STT,VI,ASO,ES,Towers with Radar,30,21,10,0,61,0,78,34,6,118,30,99,44,6,179,10,0,10,189
11/14/2005,STT,VI,ASO,ES,Towers with Radar,31,22,14,0,67,0,87,27,20,134,31,109,41,20,201,0,0,0,201
11/15/2005,STT,VI,ASO,ES,Towers with Radar,28,34,8,0,70,0,105,61,0,166,28,139,69,0,236,0,0,0,236
11/16/2005,STT,VI,ASO,ES,Towers with Radar,23,44,11,0,78,0,87,32,0,119,23,131,43,0,197,20,0,20,217
11/17/2005,STT,VI,ASO,ES,Towers with Radar,30,26,14,0,70,0,104,49,0,153,30,130,63,0,223,22,0,22,245
11/18/2005,STT,VI,ASO,ES,Towers with Radar,30,35,17,0,82,0,102,45,0,147,30,137,62,0,229,18,0,18,247
11/19/2005,STT,VI,ASO,ES,Towers with Radar,34,19,13,0,66,0,100,63,3,166,34,119,76,3,232,0,0,0,232
11/20/2005,STT,VI,ASO,ES,Towers with Radar,32,21,10,0,63,0,84,44,8,136,32,105,54,8,199,6,0,6,205
11/21/2005,STT,VI,ASO,ES,Towers with Radar,30,27,10,0,67,0,97,42,0,139,30,124,52,0,206,16,0,16,222
11/22/2005,STT,VI,ASO,ES,Towers with Radar,32,28,23,0,83,0,88,51,2,141,32,116,74,2,224,0,0,0,224
11/23/2005,STT,VI,ASO,ES,Towers with Radar,23,33,13,0,69,0,101,60,0,161,23,134,73,0,230,0,0,0,230
11/24/2005,STT,VI,ASO,ES,Towers with Radar,27,25,3,0,55,0,61,16,0,77,27,86,19,0,132,0,0,0,132
11/25/2005,STT,VI,ASO,ES,Towers with Radar,25,29,16,0,70,0,111,39,0,150,25,140,55,0,220,0,0,0,220
11/26/2005,STT,VI,ASO,ES,Towers with Radar,42,21,17,0,80,0,88,42,0,130,42,109,59,0,210,0,0,0,210
11/27/2005,STT,VI,ASO,ES,Towers with Radar,30,34,24,0,88,0,94,43,0,137,30,128,67,0,225,4,0,4,229
11/28/2005,STT,VI,ASO,ES,Towers with Radar,35,26,12,2,75,0,105,37,4,146,35,131,49,6,221,0,0,0,221
11/29/2005,STT,VI,ASO,ES,Towers with Radar,25,27,25,2,79,0,86,51,0,137,25,113,76,2,216,14,0,14,230
11/30/2005,STT,VI,ASO,ES,Towers with Radar,25,41,15,0,81,0,82,47,1,130,25,123,62,1,211,16,0,16,227
12/01/2005,STT,VI,ASO,ES,Towers with Radar,28,29,4,0,61,0,94,53,2,149,28,123,57,2,210,0,0,0,210
12/02/2005,STT,VI,ASO,ES,Towers with Radar,25,23,10,3,61,0,111,36,0,147,25,134,46,3,208,0,0,0,208
12/03/2005,STT,VI,ASO,ES,Towers with Radar,40,34,10,0,84,0,68,20,2,90,40,102,30,2,174,0,0,0,174
12/04/2005,STT,VI,ASO,ES,Towers with Radar,28,20,4,1,53,0,0,0,0,0,28,20,4,1,53,0,0,0,53
12/05/2005,STT,VI,ASO,ES,Towers with Radar,25,28,9,0,62,0,114,50,2,166,25,142,59,2,228,26,0,26,254
12/06/2005,STT,VI,ASO,ES,Towers with Radar,20,23,9,0,52,0,97,48,0,145,20,120,57,0,197,0,0,0,197
12/07/2005,STT,VI,ASO,ES,Towers with Radar,24,32,6,0,62,0,70,48,0,118,24,102,54,0,180,0,0,0,180
12/08/2005,STT,VI,ASO,ES,Towers with Radar,26,31,9,3,69,0,84,53,3,140,26,115,62,6,209,8,0,8,217
12/09/2005,STT,VI,ASO,ES,Towers with Radar,22,30,9,2,63,0,101,34,0,135,22,131,43,2,198,0,0,0,198
12/10/2005,STT,VI,ASO,ES,Towers with Radar,41,22,8,4,75,0,93,61,7,161,41,115,69,11,236,14,0,14,250
12/11/2005,STT,VI,ASO,ES,Towers with Radar,27,31,9,1,68,0,69,34,8,111,27,100,43,9,179,0,0,0,179
12/12/2005,STT,VI,ASO,ES,Towers with Radar,26,21,7,2,56,0,100,30,0,130,26,121,37,2,186,0,0,0,186
12/13/2005,STT,VI,ASO,ES,Towers with Radar,24,30,14,0,68,0,109,64,0,173,24,139,78,0,241,0,0,0,241
12/14/2005,STT,VI,ASO,ES,Towers with Radar,24,26,12,0,62,0,100,54,4,158,24,126,66,4,220,16,0,16,236
12/15/2005,STT,VI,ASO,ES,Towers with Radar,35,43,5,0,83,0,105,47,0,152,35,148,52,0,235,2,0,2,237
12/16/2005,STT,VI,ASO,ES,Towers with Radar,37,45,17,0,99,0,127,58,4,189,37,172,75,4,288,0,0,0,288
12/17/2005,STT,VI,ASO,ES,Towers with Radar,46,20,29,0,95,0,119,76,0,195,46,139,105,0,290,4,0,4,294
12/18/2005,STT,VI,ASO,ES,Towers with Radar,37,19,17,0,73,0,91,51,0,142,37,110,68,0,215,0,0,0,215
12/19/2005,STT,VI,ASO,ES,Towers with Radar,32,24,15,0,71,0,104,48,0,152,32,128,63,0,223,0,0,0,223
12/20/2005,STT,VI,ASO,ES,Towers with Radar,37,25,28,0,90,0,102,60,2,164,37,127,88,2,254,16,0,16,270
12/21/2005,STT,VI,ASO,ES,Towers with Radar,36,44,17,0,97,0,91,60,4,155,36,135,77,4,252,10,0,10,262
12/22/2005,STT,VI,ASO,ES,Towers with Radar,36,39,24,8,107,0,97,37,0,134,36,136,61,8,241,6,14,20,261
12/23/2005,STT,VI,ASO,ES,Towers with Radar,42,23,32,0,97,0,119,60,0,179,42,142,92,0,276,0,0,0,276
12/24/2005,STT,VI,ASO,ES,Towers with Radar,50,33,20,0,103,0,76,33,0,109,50,109,53,0,212,6,0,6,218
12/25/2005,STT,VI,ASO,ES,Towers with Radar,42,32,14,2,90,0,77,25,0,102,42,109,39,2,192,2,0,2,194
12/26/2005,STT,VI,ASO,ES,Towers with Radar,39,16,42,0,97,0,93,47,4,144,39,109,89,4,241,0,0,0,241
12/27/2005,STT,VI,ASO,ES,Towers with Radar,42,19,36,1,98,0,131,70,6,207,42,150,106,7,305,0,0,0,305
12/28/2005,STT,VI,ASO,ES,Towers with Radar,36,24,12,0,72,324,85,50,0,459,360,109,62,0,531,0,0,0,531
12/29/2005,STT,VI,ASO,ES,Towers with Radar,54,27,29,0,110,0,107,63,0,170,54,134,92,0,280,8,0,8,288
12/30/2005,STT,VI,ASO,ES,Towers with Radar,36,34,23,1,94,0,115,80,1,196,36,149,103,2,290,0,0,0,290
12/31/2005,STT,VI,ASO,ES,Towers with Radar,46,18,18,0,82,0,118,47,0,165,46,136,65,0,247,0,0,0,247
01/01/2006,STT,VI,ASO,ES,Towers with Radar,44,23,31,0,98,0,99,42,0,141,44,122,73,0,239,0,0,0,239
01/02/2006,STT,VI,ASO,ES,Towers with Radar,45,30,56,0,131,0,106,77,2,185,45,136,133,2,316,0,0,0,316
01/03/2006,STT,VI,ASO,ES,Towers with Radar,49,43,49,0,141,0,117,75,0,192,49,160,124,0,333,4,0,4,337
01/04/2006,STT,VI,ASO,ES,Towers with Radar,35,28,23,1,87,0,89,62,0,151,35,117,85,1,238,2,0,2,240
01/05/2006,STT,VI,ASO,ES,Towers with Radar,38,30,20,0,88,0,129,70,0,199,38,159,90,0,287,0,0,0,287
01/06/2006,STT,VI,ASO,ES,Towers with Radar,30,21,16,0,67,0,96,45,0,141,30,117,61,0,208,8,2,10,218
01/07/2006,STT,VI,ASO,ES,Towers with Radar,42,19,16,0,77,0,94,41,0,135,42,113,57,0,212,0,0,0,212
01/08/2006,STT,VI,ASO,ES,Towers with Radar,42,16,10,0,68,0,101,29,2,132,42,117,39,2,200,0,0,0,200
01/09/2006,STT,VI,ASO,ES,Towers with Radar,32,32,17,0,81,0,124,44,4,172,32,156,61,4,253,4,0,4,257
01/10/2006,STT,VI,ASO,ES,Towers with Radar,44,22,29,0,95,0,114,49,4,167,44,136,78,4,262,0,0,0,262
01/11/2006,STT,VI,ASO,ES,Towers with Radar,31,30,21,0,82,0,115,51,5,171,31,145,72,5,253,16,0,16,269
01/12/2006,STT,VI,ASO,ES,Towers with Radar,37,32,10,0,79,0,122,49,0,171,37,154,59,0,250,14,0,14,264
01/13/2006,STT,VI,ASO,ES,Towers with Radar,39,26,33,11,109,0,134,69,1,204,39,160,102,12,313,10,0,10,323
01/14/2006,STT,VI,ASO,ES,Towers with Radar,41,19,19,0,79,0,110,32,0,142,41,129,51,0,221,0,0,0,221
01/15/2006,STT,VI,ASO,ES,Towers with Radar,40,26,22,0,88,0,72,47,0,119,40,98,69,0,207,40,0,40,247
01/16/2006,STT,VI,ASO,ES,Towers with Radar,31,28,43,0,102,0,73,21,0,94,31,101,64,0,196,4,0,4,200
01/17/2006,STT,VI,ASO,ES,Towers with Radar,44,39,17,2,102,0,118,57,3,178,44,157,74,5,280,0,4,4,284
01/18/2006,STT,VI,ASO,ES,Towers with Radar,34,32,13,0,79,0,72,37,2,111,34,104,50,2,190,0,0,0,190
01/19/2006,STT,VI,ASO,ES,Towers with Radar,39,30,14,0,83,0,129,54,0,183,39,159,68,0,266,0,0,0,266
01/20/2006,STT,VI,ASO,ES,Towers with Radar,38,34,24,0,96,0,0,0,0,0,38,34,24,0,96,0,0,0,96
01/21/2006,STT,VI,ASO,ES,Towers with Radar,49,26,12,2,89,0,0,0,0,0,49,26,12,2,89,8,0,8,97
01/22/2006,STT,VI,ASO,ES,Towers with Radar,35,21,10,0,66,0,65,30,2,97,35,86,40,2,163,6,0,6,169
01/23/2006,STT,VI,ASO,ES,Towers with Radar,34,27,14,0,75,0,97,41,1,139,34,124,55,1,214,8,0,8,222
01/24/2006,STT,VI,ASO,ES,Towers with Radar,47,26,24,2,99,0,120,58,0,178,47,146,82,2,277,14,0,14,291
01/25/2006,STT,VI,ASO,ES,Towers with Radar,36,29,17,0,82,0,86,41,0,127,36,115,58,0,209,46,0,46,255
01/26/2006,STT,VI,ASO,ES,Towers with Radar,37,27,11,0,75,0,112,27,2,141,37,139,38,2,216,2,0,2,218
01/27/2006,STT,VI,ASO,ES,Towers with Radar,40,22,27,0,89,0,130,46,3,179,40,152,73,3,268,8,0,8,276
01/28/2006,STT,VI,ASO,ES,Towers with Radar,48,19,14,0,81,0,46,25,0,71,48,65,39,0,152,0,0,0,152
01/29/2006,STT,VI,ASO,ES,Towers with Radar,38,18,7,0,63,0,93,19,2,114,38,111,26,2,177,0,0,0,177
01/30/2006,STT,VI,ASO,ES,Towers with Radar,35,26,11,0,72,0,91,44,1,136,35,117,55,1,208,0,0,0,208
01/31/2006,STT,VI,ASO,ES,Towers with Radar,45,23,22,0,90,0,88,55,0,143,45,111,77,0,233,0,0,0,233
02/01/2006,STT,VI,ASO,ES,Towers with Radar,38,125,67,2,232,0,0,0,0,0,38,125,67,2,232,18,0,18,250
02/02/2006,STT,VI,ASO,ES,Towers with Radar,39,41,23,0,103,0,86,37,0,123,39,127,60,0,226,4,0,4,230
02/03/2006,STT,VI,ASO,ES,Towers with Radar,42,31,23,0,96,0,124,50,8,182,42,155,73,8,278,0,0,0,278
02/04/2006,STT,VI,ASO,ES,Towers with Radar,48,22,22,0,92,0,101,67,4,172,48,123,89,4,264,38,0,38,302
02/05/2006,STT,VI,ASO,ES,Towers with Radar,41,30,21,0,92,0,86,28,4,118,41,116,49,4,210,10,0,10,220
02/06/2006,STT,VI,ASO,ES,Towers with Radar,38,25,21,0,84,0,119,57,3,179,38,144,78,3,263,20,0,20,283
02/07/2006,STT,VI,ASO,ES,Towers with Radar,41,49,23,0,113,0,97,36,0,133,41,146,59,0,246,38,0,38,284
02/08/2006,STT,VI,ASO,ES,Towers with Radar,38,48,17,1,104,0,84,49,0,133,38,132,66,1,237,14,0,14,251
02/09/2006,STT,VI,ASO,ES,Towers with Radar,38,27,16,0,81,0,115,50,8,173,38,142,66,8,254,24,0,24,278
02/10/2006,STT,VI,ASO,ES,Towers with Radar,40,33,19,4,96,0,110,53,2,165,40,143,72,6,261,2,0,2,263
02/11/2006,STT,VI,ASO,ES,Towers with Radar,47,16,9,0,72,0,99,53,7,159,47,115,62,7,231,0,0,0,231
02/12/2006,STT,VI,ASO,ES,Towers with Radar,34,19,8,1,62,0,81,30,8,119,34,100,38,9,181,0,0,0,181
02/13/2006,STT,VI,ASO,ES,Towers with Radar,35,23,18,1,77,0,110,51,0,161,35,133,69,1,238,8,0,8,246
02/14/2006,STT,VI,ASO,ES,Towers with Radar,41,26,13,0,80,0,105,59,0,164,41,131,72,0,244,0,0,0,244
02/15/2006,STT,VI,ASO,ES,Towers with Radar,40,26,17,2,85,0,82,56,2,140,40,108,73,4,225,14,0,14,239
02/16/2006,STT,VI,ASO,ES,Towers with Radar,39,25,22,0,86,0,139,52,1,192,39,164,74,1,278,18,0,18,296
02/17/2006,STT,VI,ASO,ES,Towers with Radar,42,31,26,2,101,0,158,78,0,236,42,189,104,2,337,26,0,26,363
02/18/2006,STT,VI,ASO,ES,Towers with Radar,51,16,28,0,95,0,155,36,1,192,51,171,64,1,287,16,0,16,303
02/19/2006,STT,VI,ASO,ES,Towers with Radar,43,18,13,0,74,0,86,44,0,130,43,104,57,0,204,30,0,30,234
02/20/2006,STT,VI,ASO,ES,Towers with Radar,39,23,17,0,79,0,114,48,0,162,39,137,65,0,241,8,0,8,249
02/21/2006,STT,VI,ASO,ES,Towers with Radar,43,39,26,0,108,0,131,39,4,174,43,170,65,4,282,0,0,0,282
02/22/2006,STT,VI,ASO,ES,Towers with Radar,39,38,7,0,84,0,106,35,0,141,39,144,42,0,225,14,0,14,239
02/23/2006,STT,VI,ASO,ES,Towers with Radar,39,33,17,0,89,0,118,35,0,153,39,151,52,0,242,2,0,2,244
02/24/2006,STT,VI,ASO,ES,Towers with Radar,36,34,26,0,96,0,159,57,5,221,36,193,83,5,317,6,0,6,323
02/25/2006,STT,VI,ASO,ES,Towers with Radar,48,17,31,0,96,0,114,73,0,187,48,131,104,0,283,6,0,6,289
02/26/2006,STT,VI,ASO,ES,Towers with Radar,43,32,16,3,94,0,98,44,5,147,43,130,60,8,241,6,0,6,247
02/27/2006,STT,VI,ASO,ES,Towers with Radar,36,26,15,1,78,0,122,53,0,175,36,148,68,1,253,18,0,18,271
02/28/2006,STT,VI,ASO,ES,Towers with Radar,43,29,17,12,101,0,107,66,0,173,43,136,83,12,274,20,0,20,294
03/01/2006,STT,VI,ASO,ES,Towers with Radar,40,26,21,0,87,0,82,54,0,136,40,108,75,0,223,6,0,6,229
03/02/2006,STT,VI,ASO,ES,Towers with Radar,41,28,21,0,90,0,95,45,0,140,41,123,66,0,230,14,0,14,244
03/03/2006,STT,VI,ASO,ES,Towers with Radar,40,28,21,0,89,0,129,65,3,197,40,157,86,3,286,14,0,14,300
03/04/2006,STT,VI,ASO,ES,Towers with Radar,47,22,20,0,89,0,106,49,2,157,47,128,69,2,246,0,8,8,254
03/05/2006,STT,VI,ASO,ES,Towers with Radar,42,26,15,0,83,0,103,41,0,144,42,129,56,0,227,8,0,8,235
03/06/2006,STT,VI,ASO,ES,Towers with Radar,39,24,23,0,86,0,90,45,1,136,39,114,68,1,222,4,0,4,226
03/07/2006,STT,VI,ASO,ES,Towers with Radar,41,25,15,0,81,0,109,50,0,159,41,134,65,0,240,46,0,46,286
03/08/2006,STT,VI,ASO,ES,Towers with Radar,40,24,27,0,91,0,121,46,0,167,40,145,73,0,258,14,0,14,272
03/09/2006,STT,VI,ASO,ES,Towers with Radar,35,25,20,0,80,0,73,35,1,109,35,98,55,1,189,0,3,3,192
03/10/2006,STT,VI,ASO,ES,Towers with Radar,40,29,25,2,96,0,106,62,0,168,40,135,87,2,264,0,0,0,264
03/11/2006,STT,VI,ASO,ES,Towers with Radar,49,20,18,0,87,0,132,71,0,203,49,152,89,0,290,0,0,0,290
03/12/2006,STT,VI,ASO,ES,Towers with Radar,44,21,20,0,85,0,87,51,0,138,44,108,71,0,223,0,0,0,223
03/13/2006,STT,VI,ASO,ES,Towers with Radar,38,25,14,4,81,0,99,37,2,138,38,124,51,6,219,0,0,0,219
03/14/2006,STT,VI,ASO,ES,Towers with Radar,40,28,16,0,84,0,88,23,0,111,40,116,39,0,195,34,0,34,229
03/15/2006,STT,VI,ASO,ES,Towers with Radar,39,27,22,0,88,0,95,56,2,153,39,122,78,2,241,6,0,6,247
03/16/2006,STT,VI,ASO,ES,Towers with Radar,42,25,15,0,82,0,107,43,6,156,42,132,58,6,238,34,0,34,272
03/17/2006,STT,VI,ASO,ES,Towers with Radar,37,30,19,0,86,0,133,56,4,193,37,163,75,4,279,0,0,0,279
03/18/2006,STT,VI,ASO,ES,Towers with Radar,50,24,27,1,102,0,128,36,0,164,50,152,63,1,266,44,0,44,310
03/19/2006,STT,VI,ASO,ES,Towers with Radar,42,23,19,1,85,0,106,63,2,171,42,129,82,3,256,10,0,10,266
03/20/2006,STT,VI,ASO,ES,Towers with Radar,38,24,13,1,76,0,100,43,2,145,38,124,56,3,221,12,0,12,233
03/21/2006,STT,VI,ASO,ES,Towers with Radar,42,23,16,0,81,0,104,70,2,176,42,127,86,2,257,56,0,56,313
03/22/2006,STT,VI,ASO,ES,Towers with Radar,38,26,21,0,85,0,94,56,0,150,38,120,77,0,235,20,0,20,255
03/23/2006,STT,VI,ASO,ES,Towers with Radar,42,24,12,1,79,0,112,55,0,167,42,136,67,1,246,0,0,0,246
03/24/2006,STT,VI,ASO,ES,Towers with Radar,42,29,19,1,91,0,147,70,2,219,42,176,89,3,310,2,0,2,312
03/25/2006,STT,VI,ASO,ES,Towers with Radar,49,25,17,0,91,0,137,70,10,217,49,162,87,10,308,8,0,8,316
03/26/2006,STT,VI,ASO,ES,Towers with Radar,44,22,24,0,90,0,113,69,4,186,44,135,93,4,276,4,0,4,280
03/27/2006,STT,VI,ASO,ES,Towers with Radar,43,32,16,0,91,0,87,43,0,130,43,119,59,0,221,0,0,0,221
03/28/2006,STT,VI,ASO,ES,Towers with Radar,42,31,11,2,86,0,103,58,6,167,42,134,69,8,253,18,0,18,271
03/29/2006,STT,VI,ASO,ES,Towers with Radar,38,24,14,1,77,0,106,53,8,167,38,130,67,9,244,8,0,8,252
03/30/2006,STT,VI,ASO,ES,Towers with Radar,40,27,11,1,79,0,94,41,1,136,40,121,52,2,215,0,0,0,215
03/31/2006,STT,VI,ASO,ES,Towers with Radar,44,27,9,1,81,0,109,57,4,170,44,136,66,5,251,10,0,10,261
04/01/2006,STT,VI,ASO,ES,Towers with Radar,50,51,11,2,114,0,82,37,0,119,50,133,48,2,233,0,0,0,233
04/02/2006,STT,VI,ASO,ES,Towers with Radar,39,14,17,1,71,0,111,51,0,162,39,125,68,1,233,0,0,0,233
04/03/2006,STT,VI,ASO,ES,Towers with Radar,40,25,11,0,76,0,89,42,0,131,40,114,53,0,207,0,0,0,207
04/04/2006,STT,VI,ASO,ES,Towers with Radar,39,17,6,0,62,0,117,51,0,168,39,134,57,0,230,54,0,54,284
04/05/2006,STT,VI,ASO,ES,Towers with Radar,40,21,17,0,78,0,96,42,0,138,40,117,59,0,216,22,0,22,238
04/06/2006,STT,VI,ASO,ES,Towers with Radar,33,20,12,1,66,2,80,42,6,130,35,100,54,7,196,4,0,4,200
04/07/2006,STT,VI,ASO,ES,Towers with Radar,42,24,20,14,100,0,110,54,0,164,42,134,74,14,264,0,0,0,264
04/08/2006,STT,VI,ASO,ES,Towers with Radar,49,16,13,0,78,0,112,43,0,155,49,128,56,0,233,4,0,4,237
04/09/2006,STT,VI,ASO,ES,Towers with Radar,42,16,21,13,92,0,95,47,4,146,42,111,68,17,238,10,0,10,248
04/10/2006,STT,VI,ASO,ES,Towers with Radar,37,20,16,1,74,0,93,40,0,133,37,113,56,1,207,10,0,10,217
04/11/2006,STT,VI,ASO,ES,Towers with Radar,42,19,16,7,84,0,91,49,0,140,42,110,65,7,224,12,0,12,236
04/12/2006,STT,VI,ASO,ES,Towers with Radar,33,24,8,1,66,0,101,47,4,152,33,125,55,5,218,0,0,0,218
04/13/2006,STT,VI,ASO,ES,Towers with Radar,41,23,27,11,102,0,101,48,0,149,41,124,75,11,251,4,0,4,255
04/14/2006,STT,VI,ASO,ES,Towers with Radar,41,21,14,0,76,0,75,24,0,99,41,96,38,0,175,0,0,0,175
04/15/2006,STT,VI,ASO,ES,Towers with Radar,47,13,12,0,72,0,88,27,0,115,47,101,39,0,187,6,0,6,193
04/16/2006,STT,VI,ASO,ES,Towers with Radar,39,15,18,1,73,0,90,33,7,130,39,105,51,8,203,2,0,2,205
04/17/2006,STT,VI,ASO,ES,Towers with Radar,37,22,18,1,78,0,99,51,2,152,37,121,69,3,230,8,0,8,238
04/18/2006,STT,VI,ASO,ES,Towers with Radar,45,21,14,2,82,0,100,53,1,154,45,121,67,3,236,10,0,10,246
04/19/2006,STT,VI,ASO,ES,Towers with Radar,37,24,3,12,76,0,85,34,1,120,37,109,37,13,196,26,0,26,222
04/20/2006,STT,VI,ASO,ES,Towers with Radar,36,22,9,3,70,0,98,40,5,143,36,120,49,8,213,12,0,12,225
04/21/2006,STT,VI,ASO,ES,Towers with Radar,39,22,23,0,84,0,120,35,0,155,39,142,58,0,239,0,0,0,239
04/22/2006,STT,VI,ASO,ES,Towers with Radar,45,24,6,0,75,0,99,30,0,129,45,123,36,0,204,0,0,0,204
04/23/2006,STT,VI,ASO,ES,Towers with Radar,42,27,16,0,85,0,72,34,0,106,42,99,50,0,191,0,0,0,191
04/24/2006,STT,VI,ASO,ES,Towers with Radar,36,22,9,1,68,0,99,40,9,148,36,121,49,10,216,0,0,0,216
04/25/2006,STT,VI,ASO,ES,Towers with Radar,44,25,13,0,82,0,115,54,0,169,44,140,67,0,251,26,0,26,277
04/26/2006,STT,VI,ASO,ES,Towers with Radar,35,22,5,0,62,0,101,45,4,150,35,123,50,4,212,28,0,28,240
04/27/2006,STT,VI,ASO,ES,Towers with Radar,34,30,6,0,70,0,96,32,2,130,34,126,38,2,200,4,0,4,204
04/28/2006,STT,VI,ASO,ES,Towers with Radar,36,24,4,3,67,0,100,31,1,132,36,124,35,4,199,20,0,20,219
04/29/2006,STT,VI,ASO,ES,Towers with Radar,48,13,4,0,65,0,95,33,0,128,48,108,37,0,193,22,0,22,215
04/30/2006,STT,VI,ASO,ES,Towers with Radar,42,24,12,0,78,0,85,37,2,124,42,109,49,2,202,4,0,4,206
05/01/2006,STT,VI,ASO,ES,Towers with Radar,35,26,12,0,73,0,79,31,0,110,35,105,43,0,183,6,0,6,189
05/02/2006,STT,VI,ASO,ES,Towers with Radar,37,22,9,0,68,0,87,39,4,130,37,109,48,4,198,2,0,2,200
05/03/2006,STT,VI,ASO,ES,Towers with Radar,32,36,66,24,158,0,66,18,0,84,32,102,84,24,242,26,0,26,268
05/04/2006,STT,VI,ASO,ES,Towers with Radar,32,22,12,4,70,0,99,38,10,147,32,121,50,14,217,4,0,4,221
05/05/2006,STT,VI,ASO,ES,Towers with Radar,31,16,14,0,61,0,100,42,5,147,31,116,56,5,208,12,0,12,220
05/06/2006,STT,VI,ASO,ES,Towers with Radar,49,12,6,0,67,0,71,39,0,110,49,83,45,0,177,6,0,6,183
05/07/2006,STT,VI,ASO,ES,Towers with Radar,40,19,7,0,66,0,88,34,0,122,40,107,41,0,188,12,0,12,200
05/08/2006,STT,VI,ASO,ES,Towers with Radar,30,25,10,0,65,0,102,36,3,141,30,127,46,3,206,8,0,8,214
05/09/2006,STT,VI,ASO,ES,Towers with Radar,36,28,16,7,87,0,116,45,1,162,36,144,61,8,249,38,0,38,287
05/10/2006,STT,VI,ASO,ES,Towers with Radar,30,24,16,0,70,0,75,29,0,104,30,99,45,0,174,50,0,50,224
05/11/2006,STT,VI,ASO,ES,Towers with Radar,29,18,13,0,60,0,95,35,50,180,29,113,48,50,240,4,0,4,244
05/12/2006,STT,VI,ASO,ES,Towers with Radar,29,22,7,2,60,0,80,45,2,127,29,102,52,4,187,16,0,16,203
05/13/2006,STT,VI,ASO,ES,Towers with Radar,45,13,16,1,75,0,85,52,2,139,45,98,68,3,214,6,0,6,220
05/14/2006,STT,VI,ASO,ES,Towers with Radar,35,12,9,2,58,0,64,17,0,81,35,76,26,2,139,22,0,22,161
05/15/2006,STT,VI,ASO,ES,Towers with Radar,27,29,7,0,63,0,76,33,2,111,27,105,40,2,174,16,0,16,190
05/16/2006,STT,VI,ASO,ES,Towers with Radar,36,28,15,6,85,0,81,45,1,127,36,109,60,7,212,6,0,6,218
05/17/2006,STT,VI,ASO,ES,Towers with Radar,31,23,7,2,63,0,85,37,2,124,31,108,44,4,187,24,0,24,211
05/18/2006,STT,VI,ASO,ES,Towers with Radar,34,22,15,3,74,0,87,31,1,119,34,109,46,4,193,10,0,10,203
05/19/2006,STT,VI,ASO,ES,Towers with Radar,29,25,15,3,72,0,84,26,8,118,29,109,41,11,190,6,0,6,196
05/20/2006,STT,VI,ASO,ES,Towers with Radar,41,15,6,0,62,0,86,28,5,119,41,101,34,5,181,14,0,14,195
05/21/2006,STT,VI,ASO,ES,Towers with Radar,31,14,3,4,52,0,64,37,7,108,31,78,40,11,160,0,0,0,160
05/22/2006,STT,VI,ASO,ES,Towers with Radar,23,22,7,0,52,0,81,35,5,121,23,103,42,5,173,22,0,22,195
05/23/2006,STT,VI,ASO,ES,Towers with Radar,26,22,15,2,65,0,89,35,3,127,26,111,50,5,192,22,0,22,214
05/24/2006,STT,VI,ASO,ES,Towers with Radar,29,20,9,1,59,0,80,54,5,139,29,100,63,6,198,10,0,10,208
05/25/2006,STT,VI,ASO,ES,Towers with Radar,30,29,6,1,66,0,84,48,0,132,30,113,54,1,198,6,0,6,204
05/26/2006,STT,VI,ASO,ES,Towers with Radar,29,18,12,2,61,0,103,53,1,157,29,121,65,3,218,40,0,40,258
05/27/2006,STT,VI,ASO,ES,Towers with Radar,42,15,6,0,63,0,91,39,2,132,42,106,45,2,195,52,0,52,247
05/28/2006,STT,VI,ASO,ES,Towers with Radar,33,14,5,0,52,0,73,29,2,104,33,87,34,2,156,0,0,0,156
05/29/2006,STT,VI,ASO,ES,Towers with Radar,26,14,11,0,51,0,82,39,4,125,26,96,50,4,176,18,0,18,194
05/30/2006,STT,VI,ASO,ES,Towers with Radar,33,20,21,2,76,0,87,42,2,131,33,107,63,4,207,4,0,4,211
05/31/2006,STT,VI,ASO,ES,Towers with Radar,29,18,22,0,69,0,85,34,4,123,29,103,56,4,192,22,0,22,214
06/01/2006,STT,VI,ASO,ES,Towers with Radar,33,21,3,2,59,0,96,42,2,140,33,117,45,4,199,31,0,31,230
06/02/2006,STT,VI,ASO,ES,Towers with Radar,29,19,18,1,67,0,96,43,0,139,29,115,61,1,206,58,0,58,264
06/03/2006,STT,VI,ASO,ES,Towers with Radar,45,14,6,0,65,0,71,48,8,127,45,85,54,8,192,36,0,36,228
06/04/2006,STT,VI,ASO,ES,Towers with Radar,34,20,5,2,61,0,68,30,0,98,34,88,35,2,159,60,0,60,219
06/05/2006,STT,VI,ASO,ES,Towers with Radar,24,23,14,0,61,0,93,35,2,130,24,116,49,2,191,40,0,40,231
06/06/2006,STT,VI,ASO,ES,Towers with Radar,35,17,15,0,67,0,86,35,1,122,35,103,50,1,189,0,1,1,190
06/07/2006,STT,VI,ASO,ES,Towers with Radar,30,27,10,0,67,0,84,41,2,127,30,111,51,2,194,38,0,38,232
06/08/2006,STT,VI,ASO,ES,Towers with Radar,30,36,23,0,89,0,86,42,2,130,30,122,65,2,219,26,0,26,245
06/09/2006,STT,VI,ASO,ES,Towers with Radar,29,19,11,0,59,0,87,48,0,135,29,106,59,0,194,24,0,24,218
06/10/2006,STT,VI,ASO,ES,Towers with Radar,50,16,10,0,76,0,89,47,0,136,50,105,57,0,212,22,0,22,234
06/11/2006,STT,VI,ASO,ES,Towers with Radar,39,17,14,0,70,0,76,16,0,92,39,93,30,0,162,34,0,34,196
06/12/2006,STT,VI,ASO,ES,Towers with Radar,31,22,16,0,69,0,70,35,8,113,31,92,51,8,182,18,0,18,200
06/13/2006,STT,VI,ASO,ES,Towers with Radar,32,24,16,0,72,0,77,22,6,105,32,101,38,6,177,16,0,16,193
06/14/2006,STT,VI,ASO,ES,Towers with Radar,29,24,10,0,63,0,104,38,0,142,29,128,48,0,205,18,0,18,223
06/15/2006,STT,VI,ASO,ES,Towers with Radar,29,20,7,1,57,0,97,48,2,147,29,117,55,3,204,16,10,26,230
06/16/2006,STT,VI,ASO,ES,Towers with Radar,29,16,11,0,56,0,87,46,8,141,29,103,57,8,197,28,0,28,225
06/17/2006,STT,VI,ASO,ES,Towers with Radar,45,19,7,0,71,0,77,38,0,115,45,96,45,0,186,0,0,0,186
06/18/2006,STT,VI,ASO,ES,Towers with Radar,38,14,5,0,57,0,75,23,0,98,38,89,28,0,155,8,0,8,163
06/19/2006,STT,VI,ASO,ES,Towers with Radar,26,20,8,0,54,0,90,44,2,136,26,110,52,2,190,24,0,24,214
06/20/2006,STT,VI,ASO,ES,Towers with Radar,31,26,14,0,71,0,76,41,0,117,31,102,55,0,188,14,0,14,202
06/21/2006,STT,VI,ASO,ES,Towers with Radar,31,32,10,1,74,0,89,45,5,139,31,121,55,6,213,28,0,28,241
06/22/2006,STT,VI,ASO,ES,Towers with Radar,31,24,14,7,76,0,66,58,3,127,31,90,72,10,203,60,6,66,269
06/23/2006,STT,VI,ASO,ES,Towers with Radar,26,20,19,0,65,0,96,46,0,142,26,116,65,0,207,42,0,42,249
06/24/2006,STT,VI,ASO,ES,Towers with Radar,38,19,10,4,71,0,80,26,0,106,38,99,36,4,177,14,0,14,191
06/25/2006,STT,VI,ASO,ES,Towers with Radar,37,20,6,2,65,0,55,36,0,91,37,75,42,2,156,18,0,18,174
06/26/2006,STT,VI,ASO,ES,Towers with Radar,25,20,10,0,55,0,82,35,0,117,25,102,45,0,172,0,0,0,172
06/27/2006,STT,VI,ASO,ES,Towers with Radar,30,33,12,0,75,1,73,42,1,117,31,106,54,1,192,46,0,46,238
06/28/2006,STT,VI,ASO,ES,Towers with Radar,30,24,1,0,55,0,96,48,2,146,30,120,49,2,201,10,0,10,211
06/29/2006,STT,VI,ASO,ES,Towers with Radar,30,30,10,0,70,0,88,45,0,133,30,118,55,0,203,6,0,6,209
06/30/2006,STT,VI,ASO,ES,Towers with Radar,28,28,11,0,67,0,80,54,0,134,28,108,65,0,201,0,0,0,201
07/01/2006,STT,VI,ASO,ES,Towers with Radar,49,19,7,3,78,0,100,27,0,127,49,119,34,3,205,6,0,6,211
07/02/2006,STT,VI,ASO,ES,Towers with Radar,38,11,6,0,55,0,86,21,0,107,38,97,27,0,162,0,0,0,162
07/03/2006,STT,VI,ASO,ES,Towers with Radar,29,17,6,0,52,0,69,50,0,119,29,86,56,0,171,0,0,0,171
07/04/2006,STT,VI,ASO,ES,Towers with Radar,31,14,5,0,50,0,63,31,0,94,31,77,36,0,144,0,0,0,144
07/05/2006,STT,VI,ASO,ES,Towers with Radar,29,20,9,0,58,0,77,51,0,128,29,97,60,0,186,10,0,10,196
07/06/2006,STT,VI,ASO,ES,Towers with Radar,35,17,8,0,60,0,80,55,0,135,35,97,63,0,195,0,0,0,195
07/07/2006,STT,VI,ASO,ES,Towers with Radar,30,33,4,0,67,0,92,37,7,136,30,125,41,7,203,0,0,0,203
07/08/2006,STT,VI,ASO,ES,Towers with Radar,48,20,8,0,76,0,99,34,0,133,48,119,42,0,209,10,0,10,219
07/09/2006,STT,VI,ASO,ES,Towers with Radar,39,13,2,2,56,0,69,25,0,94,39,82,27,2,150,0,0,0,150
07/10/2006,STT,VI,ASO,ES,Towers with Radar,28,30,10,1,69,0,63,29,0,92,28,93,39,1,161,0,0,0,161
07/11/2006,STT,VI,ASO,ES,Towers with Radar,34,26,8,0,68,0,74,32,6,112,34,100,40,6,180,24,6,30,210
07/12/2006,STT,VI,ASO,ES,Towers with Radar,30,21,10,0,61,0,77,44,0,121,30,98,54,0,182,28,0,28,210
07/13/2006,STT,VI,ASO,ES,Towers with Radar,31,25,12,2,70,0,89,30,0,119,31,114,42,2,189,20,0,20,209
07/14/2006,STT,VI,ASO,ES,Towers with Radar,32,26,12,5,75,0,79,40,3,122,32,105,52,8,197,14,0,14,211
07/15/2006,STT,VI,ASO,ES,Towers with Radar,40,19,7,2,68,0,77,41,0,118,40,96,48,2,186,14,0,14,200
07/16/2006,STT,VI,ASO,ES,Towers with Radar,39,12,9,1,61,0,72,29,2,103,39,84,38,3,164,10,0,10,174
07/17/2006,STT,VI,ASO,ES,Towers with Radar,29,20,10,0,59,0,95,38,0,133,29,115,48,0,192,30,0,30,222
07/18/2006,STT,VI,ASO,ES,Towers with Radar,34,32,10,0,76,0,86,43,0,129,34,118,53,0,205,4,0,4,209
07/19/2006,STT,VI,ASO,ES,Towers with Radar,31,21,7,0,59,0,80,43,2,125,31,101,50,2,184,8,0,8,192
07/20/2006,STT,VI,ASO,ES,Towers with Radar,33,21,10,0,64,0,76,35,2,113,33,97,45,2,177,0,0,0,177
07/21/2006,STT,VI,ASO,ES,Towers with Radar,27,24,10,0,61,0,84,51,2,137,27,108,61,2,198,10,0,10,208
07/22/2006,STT,VI,ASO,ES,Towers with Radar,42,14,0,0,56,0,79,53,0,132,42,93,53,0,188,10,0,10,198
07/23/2006,STT,VI,ASO,ES,Towers with Radar,34,12,6,0,52,0,71,29,0,100,34,83,35,0,152,0,0,0,152
07/24/2006,STT,VI,ASO,ES,Towers with Radar,27,18,10,0,55,0,77,40,0,117,27,95,50,0,172,24,0,24,196
07/25/2006,STT,VI,ASO,ES,Towers with Radar,30,20,10,0,60,0,70,46,4,120,30,90,56,4,180,8,0,8,188
07/26/2006,STT,VI,ASO,ES,Towers with Radar,29,19,8,0,56,0,74,51,5,130,29,93,59,5,186,20,0,20,206
07/27/2006,STT,VI,ASO,ES,Towers with Radar,31,22,11,8,72,0,78,30,5,113,31,100,41,13,185,10,0,10,195
07/28/2006,STT,VI,ASO,ES,Towers with Radar,31,25,12,1,69,0,76,59,1,136,31,101,71,2,205,26,0,26,231
07/29/2006,STT,VI,ASO,ES,Towers with Radar,42,25,5,0,72,0,67,30,0,97,42,92,35,0,169,10,0,10,179
07/30/2006,STT,VI,ASO,ES,Towers with Radar,36,15,10,2,63,0,49,31,7,87,36,64,41,9,150,0,0,0,150
07/31/2006,STT,VI,ASO,ES,Towers with Radar,28,21,13,0,62,0,72,61,1,134,28,93,74,1,196,0,0,0,196
08/01/2006,STT,VI,ASO,ES,Towers with Radar,33,23,4,0,60,0,77,66,0,143,33,100,70,0,203,30,0,30,233
08/02/2006,STT,VI,ASO,ES,Towers with Radar,18,22,1,0,41,0,48,4,0,52,18,70,5,0,93,4,0,4,97
08/03/2006,STT,VI,ASO,ES,Towers with Radar,27,25,9,0,61,0,76,23,5,104,27,101,32,5,165,0,2,2,167
08/04/2006,STT,VI,ASO,ES,Towers with Radar,32,18,10,2,62,2,82,52,0,136,34,100,62,2,198,22,0,22,220
08/05/2006,STT,VI,ASO,ES,Towers with Radar,44,22,8,2,76,0,66,45,2,113,44,88,53,4,189,0,0,0,189
08/06/2006,STT,VI,ASO,ES,Towers with Radar,36,14,2,0,52,0,59,32,4,95,36,73,34,4,147,0,0,0,147
08/07/2006,STT,VI,ASO,ES,Towers with Radar,32,24,8,0,64,0,68,26,3,97,32,92,34,3,161,8,0,8,169
08/08/2006,STT,VI,ASO,ES,Towers with Radar,30,22,9,2,63,0,84,41,0,125,30,106,50,2,188,12,0,12,200
08/09/2006,STT,VI,ASO,ES,Towers with Radar,30,23,5,3,61,0,68,36,0,104,30,91,41,3,165,26,0,26,191
08/10/2006,STT,VI,ASO,ES,Towers with Radar,26,25,8,0,59,0,66,34,0,100,26,91,42,0,159,0,0,0,159
08/11/2006,STT,VI,ASO,ES,Towers with Radar,28,20,21,0,69,0,81,81,0,162,28,101,102,0,231,36,0,36,267
08/12/2006,STT,VI,ASO,ES,Towers with Radar,43,17,3,1,64,0,84,51,0,135,43,101,54,1,199,0,0,0,199
08/13/2006,STT,VI,ASO,ES,Towers with Radar,36,11,4,0,51,0,67,30,0,97,36,78,34,0,148,22,0,22,170
08/14/2006,STT,VI,ASO,ES,Towers with Radar,30,24,7,0,61,0,69,41,2,112,30,93,48,2,173,22,0,22,195
08/15/2006,STT,VI,ASO,ES,Towers with Radar,30,25,6,0,61,0,63,47,1,111,30,88,53,1,172,4,0,4,176
08/16/2006,STT,VI,ASO,ES,Towers with Radar,30,21,7,0,58,0,74,52,2,128,30,95,59,2,186,12,0,12,198
08/17/2006,STT,VI,ASO,ES,Towers with Radar,29,19,5,1,54,0,74,23,2,99,29,93,28,3,153,36,0,36,189
08/18/2006,STT,VI,ASO,ES,Towers with Radar,36,20,9,0,65,0,75,50,3,128,36,95,59,3,193,26,0,26,219
08/19/2006,STT,VI,ASO,ES,Towers with Radar,43,12,0,0,55,0,76,26,4,106,43,88,26,4,161,32,0,32,193
08/20/2006,STT,VI,ASO,ES,Towers with Radar,34,16,3,0,53,0,63,18,0,81,34,79,21,0,134,6,0,6,140
08/21/2006,STT,VI,ASO,ES,Towers with Radar,26,19,15,4,64,0,65,31,1,97,26,84,46,5,161,36,0,36,197
08/22/2006,STT,VI,ASO,ES,Towers with Radar,29,20,8,0,57,0,63,35,0,98,29,83,43,0,155,52,0,52,207
08/23/2006,STT,VI,ASO,ES,Towers with Radar,27,21,7,0,55,0,75,33,0,108,27,96,40,0,163,24,0,24,187
08/24/2006,STT,VI,ASO,ES,Towers with Radar,30,20,16,1,67,0,80,36,3,119,30,100,52,4,186,20,0,20,206
08/25/2006,STT,VI,ASO,ES,Towers with Radar,28,24,16,0,68,0,76,47,0,123,28,100,63,0,191,26,0,26,217
08/26/2006,STT,VI,ASO,ES,Towers with Radar,41,20,2,1,64,0,65,20,0,85,41,85,22,1,149,24,0,24,173
08/27/2006,STT,VI,ASO,ES,Towers with Radar,36,20,4,0,60,0,57,28,0,85,36,77,32,0,145,4,0,4,149
08/28/2006,STT,VI,ASO,ES,Towers with Radar,30,19,8,0,57,0,63,28,0,91,30,82,36,0,148,2,0,2,150
08/29/2006,STT,VI,ASO,ES,Towers with Radar,28,24,5,0,57,0,71,62,2,135,28,95,67,2,192,52,0,52,244
08/30/2006,STT,VI,ASO,ES,Towers with Radar,23,22,16,0,61,0,69,55,0,124,23,91,71,0,185,48,0,48,233
08/31/2006,STT,VI,ASO,ES,Towers with Radar,26,14,14,0,54,0,72,42,0,114,26,86,56,0,168,20,0,20,188
09/01/2006,STT,VI,ASO,ES,Towers with Radar,24,23,8,0,55,0,93,36,0,129,24,116,44,0,184,22,0,22,206
09/02/2006,STT,VI,ASO,ES,Towers with Radar,37,14,3,0,54,0,77,28,2,107,37,91,31,2,161,14,0,14,175
09/03/2006,STT,VI,ASO,ES,Towers with Radar,30,13,2,0,45,0,59,14,0,73,30,72,16,0,118,0,0,0,118
09/04/2006,STT,VI,ASO,ES,Towers with Radar,22,21,10,0,53,0,49,27,0,76,22,70,37,0,129,26,0,26,155
09/05/2006,STT,VI,ASO,ES,Towers with Radar,24,26,39,1,90,0,65,11,0,76,24,91,50,1,166,46,1,47,213
09/06/2006,STT,VI,ASO,ES,Towers with Radar,16,24,6,1,47,0,66,35,2,103,16,90,41,3,150,42,0,42,192
09/07/2006,STT,VI,ASO,ES,Towers with Radar,20,14,3,0,37,0,59,45,2,106,20,73,48,2,143,38,0,38,181
09/08/2006,STT,VI,ASO,ES,Towers with Radar,21,25,12,0,58,0,67,47,2,116,21,92,59,2,174,6,0,6,180
09/09/2006,STT,VI,ASO,ES,Towers with Radar,26,10,3,0,39,0,52,26,0,78,26,62,29,0,117,30,0,30,147
09/10/2006,STT,VI,ASO,ES,Towers with Radar,20,10,4,0,34,0,60,29,0,89,20,70,33,0,123,0,0,0,123
09/11/2006,STT,VI,ASO,ES,Towers with Radar,21,22,4,0,47,0,65,36,0,101,21,87,40,0,148,44,0,44,192
09/12/2006,STT,VI,ASO,ES,Towers with Radar,19,18,7,0,44,0,50,38,0,88,19,68,45,0,132,56,0,56,188
09/13/2006,STT,VI,ASO,ES,Towers with Radar,15,15,15,0,45,0,57,34,0,91,15,72,49,0,136,16,0,16,152
09/14/2006,STT,VI,ASO,ES,Towers with Radar,21,15,14,0,50,0,65,41,0,106,21,80,55,0,156,18,0,18,174
09/15/2006,STT,VI,ASO,ES,Towers with Radar,19,19,9,3,50,0,62,35,4,101,19,81,44,7,151,12,0,12,163
09/16/2006,STT,VI,ASO,ES,Towers with Radar,24,9,1,0,34,0,67,24,10,101,24,76,25,10,135,22,0,22,157
09/17/2006,STT,VI,ASO,ES,Towers with Radar,21,6,5,0,32,0,52,25,0,77,21,58,30,0,109,10,0,10,119
09/18/2006,STT,VI,ASO,ES,Towers with Radar,20,17,13,0,50,0,57,45,0,102,20,74,58,0,152,44,0,44,196
09/19/2006,STT,VI,ASO,ES,Towers with Radar,18,14,4,0,36,0,69,42,1,112,18,83,46,1,148,32,0,32,180
09/20/2006,STT,VI,ASO,ES,Towers with Radar,16,18,8,0,42,0,67,43,0,110,16,85,51,0,152,26,0,26,178
09/21/2006,STT,VI,ASO,ES,Towers with Radar,21,22,2,0,45,0,65,37,0,102,21,87,39,0,147,8,0,8,155
09/22/2006,STT,VI,ASO,ES,Towers with Radar,21,10,15,0,46,0,83,80,0,163,21,93,95,0,209,16,0,16,225
09/23/2006,STT,VI,ASO,ES,Towers with Radar,24,6,6,0,36,0,98,40,1,139,24,104,46,1,175,30,0,30,205
09/24/2006,STT,VI,ASO,ES,Towers with Radar,20,7,4,0,31,0,61,22,0,83,20,68,26,0,114,16,0,16,130
09/25/2006,STT,VI,ASO,ES,Towers with Radar,22,13,8,0,43,0,93,37,2,132,22,106,45,2,175,0,0,0,175
09/26/2006,STT,VI,ASO,ES,Towers with Radar,17,19,9,0,45,0,81,46,0,127,17,100,55,0,172,30,0,30,202
09/27/2006,STT,VI,ASO,ES,Towers with Radar,21,25,3,0,49,0,71,37,0,108,21,96,40,0,157,28,0,28,185
09/28/2006,STT,VI,ASO,ES,Towers with Radar,21,19,13,0,53,0,84,32,0,116,21,103,45,0,169,14,0,14,183
09/29/2006,STT,VI,ASO,ES,Towers with Radar,20,17,7,0,44,0,86,55,0,141,20,103,62,0,185,0,0,0,185
09/30/2006,STT,VI,ASO,ES,Towers with Radar,24,6,3,0,33,0,84,26,6,116,24,90,29,6,149,4,0,4,153
10/01/2006,STT,VI,ASO,ES,Towers with Radar,21,6,4,0,31,0,72,19,1,92,21,78,23,1,123,10,0,10,133
10/02/2006,STT,VI,ASO,ES,Towers with Radar,20,23,14,1,58,0,68,27,2,97,20,91,41,3,155,16,0,16,171
10/03/2006,STT,VI,ASO,ES,Towers with Radar,21,21,7,1,50,0,70,36,2,108,21,91,43,3,158,0,0,0,158
10/04/2006,STT,VI,ASO,ES,Towers with Radar,16,22,11,0,49,0,78,27,0,105,16,100,38,0,154,26,0,26,180
10/05/2006,STT,VI,ASO,ES,Towers with Radar,19,14,16,1,50,0,75,49,3,127,19,89,65,4,177,10,0,10,187
10/06/2006,STT,VI,ASO,ES,Towers with Radar,23,16,11,0,50,0,99,49,0,148,23,115,60,0,198,0,0,0,198
10/07/2006,STT,VI,ASO,ES,Towers with Radar,30,3,8,0,41,0,91,39,0,130,30,94,47,0,171,4,0,4,175
10/08/2006,STT,VI,ASO,ES,Towers with Radar,20,7,7,0,34,0,73,28,0,101,20,80,35,0,135,0,0,0,135
10/09/2006,STT,VI,ASO,ES,Towers with Radar,20,14,8,0,42,0,72,27,0,99,20,86,35,0,141,0,0,0,141
10/10/2006,STT,VI,ASO,ES,Towers with Radar,18,23,10,0,51,0,81,23,0,104,18,104,33,0,155,14,0,14,169
10/11/2006,STT,VI,ASO,ES,Towers with Radar,16,20,4,0,40,0,79,41,0,120,16,99,45,0,160,28,0,28,188
10/12/2006,STT,VI,ASO,ES,Towers with Radar,22,19,9,0,50,0,69,35,2,106,22,88,44,2,156,46,0,46,202
10/13/2006,STT,VI,ASO,ES,Towers with Radar,20,17,13,1,51,0,77,47,0,124,20,94,60,1,175,56,0,56,231
10/14/2006,STT,VI,ASO,ES,Towers with Radar,28,14,1,15,58,0,90,20,1,111,28,104,21,16,169,14,0,14,183
10/15/2006,STT,VI,ASO,ES,Towers with Radar,20,8,4,3,35,0,73,36,4,113,20,81,40,7,148,8,0,8,156
10/16/2006,STT,VI,ASO,ES,Towers with Radar,20,18,14,1,53,0,100,42,7,149,20,118,56,8,202,18,0,18,220
10/17/2006,STT,VI,ASO,ES,Towers with Radar,19,21,10,2,52,0,71,42,0,113,19,92,52,2,165,20,0,20,185
10/18/2006,STT,VI,ASO,ES,Towers with Radar,16,24,7,0,47,0,73,43,3,119,16,97,50,3,166,20,0,20,186
10/19/2006,STT,VI,ASO,ES,Towers with Radar,20,18,12,0,50,0,81,18,0,99,20,99,30,0,149,0,0,0,149
10/20/2006,STT,VI,ASO,ES,Towers with Radar,19,22,14,2,57,0,71,46,1,118,19,93,60,3,175,0,0,0,175
10/21/2006,STT,VI,ASO,ES,Towers with Radar,29,7,5,0,41,0,78,38,2,118,29,85,43,2,159,10,0,10,169
10/22/2006,STT,VI,ASO,ES,Towers with Radar,20,9,7,0,36,0,72,40,0,112,20,81,47,0,148,10,0,10,158
10/23/2006,STT,VI,ASO,ES,Towers with Radar,21,20,9,13,63,0,86,53,4,143,21,106,62,17,206,26,0,26,232
10/24/2006,STT,VI,ASO,ES,Towers with Radar,17,19,10,1,47,0,91,39,0,130,17,110,49,1,177,12,0,12,189
10/25/2006,STT,VI,ASO,ES,Towers with Radar,18,21,8,0,47,0,73,61,0,134,18,94,69,0,181,22,0,22,203
10/26/2006,STT,VI,ASO,ES,Towers with Radar,20,23,6,3,52,0,95,54,13,162,20,118,60,16,214,50,0,50,264
10/27/2006,STT,VI,ASO,ES,Towers with Radar,19,20,22,0,61,0,79,81,2,162,19,99,103,2,223,14,0,14,237
10/28/2006,STT,VI,ASO,ES,Towers with Radar,29,13,8,0,50,0,89,41,2,132,29,102,49,2,182,18,0,18,200
10/29/2006,STT,VI,ASO,ES,Towers with Radar,28,9,4,0,41,0,73,29,4,106,28,82,33,4,147,6,0,6,153
10/30/2006,STT,VI,ASO,ES,Towers with Radar,24,18,19,0,61,0,73,46,0,119,24,91,65,0,180,4,0,4,184
10/31/2006,STT,VI,ASO,ES,Towers with Radar,21,18,15,2,56,0,83,45,4,132,21,101,60,6,188,28,0,28,216
11/01/2006,STT,VI,ASO,ES,Towers with Radar,22,22,10,0,54,0,81,43,2,126,22,103,53,2,180,22,0,22,202
11/02/2006,STT,VI,ASO,ES,Towers with Radar,24,22,13,1,60,0,105,49,0,154,24,127,62,1,214,18,0,18,232
11/03/2006,STT,VI,ASO,ES,Towers with Radar,23,17,23,11,74,0,93,67,1,161,23,110,90,12,235,0,0,0,235
11/04/2006,STT,VI,ASO,ES,Towers with Radar,39,9,5,0,53,0,97,46,13,156,39,106,51,13,209,0,0,0,209
11/05/2006,STT,VI,ASO,ES,Towers with Radar,26,6,8,0,40,0,108,43,0,151,26,114,51,0,191,6,0,6,197
11/06/2006,STT,VI,ASO,ES,Towers with Radar,26,18,6,1,51,0,84,36,0,120,26,102,42,1,171,18,0,18,189
11/07/2006,STT,VI,ASO,ES,Towers with Radar,21,17,11,0,49,0,85,64,0,149,21,102,75,0,198,10,0,10,208
11/08/2006,STT,VI,ASO,ES,Towers with Radar,21,20,3,0,44,0,91,49,0,140,21,111,52,0,184,12,0,12,196
11/09/2006,STT,VI,ASO,ES,Towers with Radar,23,19,17,0,59,0,98,41,0,139,23,117,58,0,198,4,0,4,202
11/10/2006,STT,VI,ASO,ES,Towers with Radar,23,21,16,1,61,0,102,44,0,146,23,123,60,1,207,8,0,8,215
11/11/2006,STT,VI,ASO,ES,Towers with Radar,38,12,2,1,53,0,102,26,9,137,38,114,28,10,190,12,0,12,202
11/12/2006,STT,VI,ASO,ES,Towers with Radar,26,7,7,0,40,0,69,31,0,100,26,76,38,0,140,21,0,21,161
11/13/2006,STT,VI,ASO,ES,Towers with Radar,24,23,16,0,63,0,104,32,2,138,24,127,48,2,201,6,0,6,207
11/14/2006,STT,VI,ASO,ES,Towers with Radar,22,19,13,0,54,0,96,50,0,146,22,115,63,0,200,6,0,6,206
11/15/2006,STT,VI,ASO,ES,Towers with Radar,22,16,5,0,43,0,96,38,0,134,22,112,43,0,177,24,0,24,201
11/16/2006,STT,VI,ASO,ES,Towers with Radar,27,21,21,3,72,0,92,42,1,135,27,113,63,4,207,8,0,8,215
11/17/2006,STT,VI,ASO,ES,Towers with Radar,27,21,15,0,63,0,149,53,7,209,27,170,68,7,272,16,0,16,288
11/18/2006,STT,VI,ASO,ES,Towers with Radar,43,14,6,2,65,0,117,50,2,169,43,131,56,4,234,16,0,16,250
11/19/2006,STT,VI,ASO,ES,Towers with Radar,31,9,21,1,62,0,76,47,9,132,31,85,68,10,194,18,0,18,212
11/20/2006,STT,VI,ASO,ES,Towers with Radar,30,17,12,0,59,0,96,44,0,140,30,113,56,0,199,0,0,0,199
11/21/2006,STT,VI,ASO,ES,Towers with Radar,31,31,25,0,87,0,95,42,0,137,31,126,67,0,224,32,0,32,256
11/22/2006,STT,VI,ASO,ES,Towers with Radar,22,21,23,0,66,0,99,96,3,198,22,120,119,3,264,8,0,8,272
11/23/2006,STT,VI,ASO,ES,Towers with Radar,24,6,22,0,52,0,86,30,0,116,24,92,52,0,168,2,0,2,170
11/24/2006,STT,VI,ASO,ES,Towers with Radar,24,18,14,0,56,0,105,46,0,151,24,123,60,0,207,0,0,0,207
11/25/2006,STT,VI,ASO,ES,Towers with Radar,42,10,9,0,61,0,118,41,2,161,42,128,50,2,222,10,0,10,232
11/26/2006,STT,VI,ASO,ES,Towers with Radar,29,23,14,0,66,1,123,59,0,183,30,146,73,0,249,0,0,0,249
11/27/2006,STT,VI,ASO,ES,Towers with Radar,29,20,12,0,61,0,107,46,0,153,29,127,58,0,214,28,0,28,242
11/28/2006,STT,VI,ASO,ES,Towers with Radar,24,12,44,7,87,0,92,30,2,124,24,104,74,9,211,10,0,10,221
11/29/2006,STT,VI,ASO,ES,Towers with Radar,27,23,4,5,59,0,80,42,0,122,27,103,46,5,181,8,0,8,189
11/30/2006,STT,VI,ASO,ES,Towers with Radar,29,24,12,2,67,0,88,43,1,132,29,112,55,3,199,0,0,0,199
12/01/2006,STT,VI,ASO,ES,Towers with Radar,26,32,15,1,74,0,77,38,0,115,26,109,53,1,189,0,0,0,189
12/02/2006,STT,VI,ASO,ES,Towers with Radar,45,17,6,0,68,0,95,34,0,129,45,112,40,0,197,4,0,4,201
12/03/2006,STT,VI,ASO,ES,Towers with Radar,30,11,8,0,49,0,81,31,0,112,30,92,39,0,161,0,0,0,161
12/04/2006,STT,VI,ASO,ES,Towers with Radar,27,26,8,2,63,0,95,31,2,128,27,121,39,4,191,18,0,18,209
12/05/2006,STT,VI,ASO,ES,Towers with Radar,27,16,19,0,62,0,88,46,6,140,27,104,65,6,202,20,0,20,222
12/06/2006,STT,VI,ASO,ES,Towers with Radar,26,23,14,8,71,0,76,38,0,114,26,99,52,8,185,10,0,10,195
12/07/2006,STT,VI,ASO,ES,Towers with Radar,27,19,15,0,61,0,105,56,0,161,27,124,71,0,222,16,0,16,238
12/08/2006,STT,VI,ASO,ES,Towers with Radar,26,28,19,0,73,0,103,54,5,162,26,131,73,5,235,8,0,8,243
12/09/2006,STT,VI,ASO,ES,Towers with Radar,44,116,11,3,174,0,0,41,3,44,44,116,52,6,218,26,0,26,244
12/10/2006,STT,VI,ASO,ES,Towers with Radar,31,13,4,0,48,0,87,26,4,117,31,100,30,4,165,14,0,14,179
12/11/2006,STT,VI,ASO,ES,Towers with Radar,30,21,13,0,64,0,110,42,0,152,30,131,55,0,216,0,0,0,216
12/12/2006,STT,VI,ASO,ES,Towers with Radar,23,25,12,2,62,0,90,43,4,137,23,115,55,6,199,8,0,8,207
12/13/2006,STT,VI,ASO,ES,Towers with Radar,26,26,9,0,61,0,109,60,0,169,26,135,69,0,230,42,0,42,272
12/14/2006,STT,VI,ASO,ES,Towers with Radar,45,34,13,0,92,0,106,53,0,159,45,140,66,0,251,56,0,56,307
12/15/2006,STT,VI,ASO,ES,Towers with Radar,39,29,17,0,85,0,126,49,0,175,39,155,66,0,260,24,0,24,284
12/16/2006,STT,VI,ASO,ES,Towers with Radar,56,11,10,0,77,0,102,61,0,163,56,113,71,0,240,10,0,10,250
12/17/2006,STT,VI,ASO,ES,Towers with Radar,46,8,11,0,65,0,90,44,0,134,46,98,55,0,199,0,0,0,199
12/18/2006,STT,VI,ASO,ES,Towers with Radar,42,29,12,0,83,0,131,48,0,179,42,160,60,0,262,0,0,0,262
12/19/2006,STT,VI,ASO,ES,Towers with Radar,35,35,15,0,85,0,104,47,0,151,35,139,62,0,236,30,0,30,266
12/20/2006,STT,VI,ASO,ES,Towers with Radar,41,31,20,0,92,0,124,63,1,188,41,155,83,1,280,24,0,24,304
12/21/2006,STT,VI,ASO,ES,Towers with Radar,45,28,27,0,100,0,151,42,2,195,45,179,69,2,295,30,0,30,325
12/22/2006,STT,VI,ASO,ES,Towers with Radar,48,33,25,0,106,0,153,69,0,222,48,186,94,0,328,0,0,0,328
12/23/2006,STT,VI,ASO,ES,Towers with Radar,55,12,29,0,96,0,157,77,0,234,55,169,106,0,330,0,0,0,330
12/24/2006,STT,VI,ASO,ES,Towers with Radar,40,10,20,0,70,0,101,48,0,149,40,111,68,0,219,20,0,20,239
12/25/2006,STT,VI,ASO,ES,Towers with Radar,33,8,9,0,50,0,101,21,0,122,33,109,30,0,172,4,0,4,176
12/26/2006,STT,VI,ASO,ES,Towers with Radar,49,19,36,0,104,0,160,58,0,218,49,179,94,0,322,20,0,20,342
12/27/2006,STT,VI,ASO,ES,Towers with Radar,43,31,58,0,132,0,126,75,0,201,43,157,133,0,333,0,0,0,333
12/28/2006,STT,VI,ASO,ES,Towers with Radar,48,19,26,0,93,0,132,43,2,177,48,151,69,2,270,20,0,20,290
12/29/2006,STT,VI,ASO,ES,Towers with Radar,38,39,21,0,98,0,129,42,0,171,38,168,63,0,269,10,0,10,279
12/30/2006,STT,VI,ASO,ES,Towers with Radar,54,9,32,0,95,0,142,66,0,208,54,151,98,0,303,0,0,0,303
12/31/2006,STT,VI,ASO,ES,Towers with Radar,44,12,13,0,69,0,106,48,0,154,44,118,61,0,223,0,0,0,223
01/01/2007,STT,VI,ASO,ES,Towers with Radar,43,9,33,3,88,0,143,46,3,192,43,152,79,6,280,0,0,0,280
01/02/2007,STT,VI,ASO,ES,Towers with Radar,48,24,49,0,121,0,138,89,9,236,48,162,138,9,357,14,0,14,371
01/03/2007,STT,VI,ASO,ES,Towers with Radar,42,36,34,0,112,0,122,74,0,196,42,158,108,0,308,0,0,0,308
01/04/2007,STT,VI,ASO,ES,Towers with Radar,47,30,25,0,102,0,148,63,0,211,47,178,88,0,313,18,0,18,331
01/05/2007,STT,VI,ASO,ES,Towers with Radar,44,27,36,0,107,0,122,44,2,168,44,149,80,2,275,14,0,14,289
01/06/2007,STT,VI,ASO,ES,Towers with Radar,57,12,26,0,95,2,147,57,0,206,59,159,83,0,301,2,0,2,303
01/07/2007,STT,VI,ASO,ES,Towers with Radar,48,10,13,1,72,0,127,36,5,168,48,137,49,6,240,0,0,0,240
01/08/2007,STT,VI,ASO,ES,Towers with Radar,40,20,25,11,96,0,135,45,9,189,40,155,70,20,285,36,0,36,321
01/09/2007,STT,VI,ASO,ES,Towers with Radar,42,30,11,1,84,0,118,35,3,156,42,148,46,4,240,4,0,4,244
01/10/2007,STT,VI,ASO,ES,Towers with Radar,37,31,17,1,86,0,115,39,0,154,37,146,56,1,240,22,0,22,262
01/11/2007,STT,VI,ASO,ES,Towers with Radar,42,43,18,0,103,0,104,39,2,145,42,147,57,2,248,16,0,16,264
01/12/2007,STT,VI,ASO,ES,Towers with Radar,44,30,17,2,93,0,115,56,0,171,44,145,73,2,264,25,0,25,289
01/13/2007,STT,VI,ASO,ES,Towers with Radar,51,12,17,0,80,0,116,38,0,154,51,128,55,0,234,26,0,26,260
01/14/2007,STT,VI,ASO,ES,Towers with Radar,43,6,7,0,56,0,96,27,0,123,43,102,34,0,179,22,0,22,201
01/15/2007,STT,VI,ASO,ES,Towers with Radar,40,12,34,0,86,0,104,25,0,129,40,116,59,0,215,12,0,12,227
01/16/2007,STT,VI,ASO,ES,Towers with Radar,42,29,16,0,87,0,102,57,0,159,42,131,73,0,246,14,0,14,260
01/17/2007,STT,VI,ASO,ES,Towers with Radar,41,22,12,2,77,0,114,49,0,163,41,136,61,2,240,16,0,16,256
01/18/2007,STT,VI,ASO,ES,Towers with Radar,46,26,8,2,82,0,138,33,6,177,46,164,41,8,259,0,0,0,259
01/19/2007,STT,VI,ASO,ES,Towers with Radar,42,36,14,0,92,0,119,44,0,163,42,155,58,0,255,0,0,0,255
01/20/2007,STT,VI,ASO,ES,Towers with Radar,55,18,16,1,90,0,147,34,2,183,55,165,50,3,273,20,0,20,293
01/21/2007,STT,VI,ASO,ES,Towers with Radar,40,8,15,0,63,0,102,35,3,140,40,110,50,3,203,24,0,24,227
01/22/2007,STT,VI,ASO,ES,Towers with Radar,39,21,18,0,78,0,124,45,0,169,39,145,63,0,247,0,0,0,247
01/23/2007,STT,VI,ASO,ES,Towers with Radar,39,21,9,2,71,0,107,53,1,161,39,128,62,3,232,36,0,36,268
01/24/2007,STT,VI,ASO,ES,Towers with Radar,41,29,11,0,81,0,108,55,2,165,41,137,66,2,246,24,0,24,270
01/25/2007,STT,VI,ASO,ES,Towers with Radar,42,21,8,1,72,0,0,0,0,0,42,21,8,1,72,32,6,38,110
01/26/2007,STT,VI,ASO,ES,Towers with Radar,40,26,16,7,89,0,142,49,2,193,40,168,65,9,282,4,0,4,286
01/27/2007,STT,VI,ASO,ES,Towers with Radar,54,8,16,0,78,0,89,52,0,141,54,97,68,0,219,0,0,0,219
01/28/2007,STT,VI,ASO,ES,Towers with Radar,43,7,13,0,63,0,112,41,2,155,43,119,54,2,218,24,0,24,242
01/29/2007,STT,VI,ASO,ES,Towers with Radar,38,16,13,1,68,0,115,41,11,167,38,131,54,12,235,24,0,24,259
01/30/2007,STT,VI,ASO,ES,Towers with Radar,38,22,10,2,72,0,123,37,3,163,38,145,47,5,235,6,0,6,241
01/31/2007,STT,VI,ASO,ES,Towers with Radar,37,28,10,2,77,0,105,46,5,156,37,133,56,7,233,22,0,22,255
02/01/2007,STT,VI,ASO,ES,Towers with Radar,42,31,16,5,94,0,149,46,7,202,42,180,62,12,296,6,0,6,302
02/02/2007,STT,VI,ASO,ES,Towers with Radar,44,23,27,0,94,0,120,44,0,164,44,143,71,0,258,0,0,0,258
02/03/2007,STT,VI,ASO,ES,Towers with Radar,52,13,12,0,77,0,120,40,0,160,52,133,52,0,237,18,0,18,255
02/04/2007,STT,VI,ASO,ES,Towers with Radar,42,7,11,0,60,0,106,38,0,144,42,113,49,0,204,14,0,14,218
02/05/2007,STT,VI,ASO,ES,Towers with Radar,36,24,18,3,81,1,129,38,15,183,37,153,56,18,264,40,0,40,304
02/06/2007,STT,VI,ASO,ES,Towers with Radar,43,28,20,2,93,0,117,57,1,175,43,145,77,3,268,28,0,28,296
02/07/2007,STT,VI,ASO,ES,Towers with Radar,37,37,14,0,88,0,112,45,0,157,37,149,59,0,245,24,0,24,269
02/08/2007,STT,VI,ASO,ES,Towers with Radar,42,41,27,3,113,0,114,31,0,145,42,155,58,3,258,4,0,4,262
02/09/2007,STT,VI,ASO,ES,Towers with Radar,43,32,24,2,101,0,137,57,1,195,43,169,81,3,296,0,28,28,324
02/10/2007,STT,VI,ASO,ES,Towers with Radar,50,9,15,2,76,0,141,35,0,176,50,150,50,2,252,0,0,0,252
02/11/2007,STT,VI,ASO,ES,Towers with Radar,39,6,19,2,66,0,148,48,6,202,39,154,67,8,268,0,0,0,268
02/12/2007,STT,VI,ASO,ES,Towers with Radar,35,16,19,2,72,0,134,41,4,179,35,150,60,6,251,12,0,12,263
02/13/2007,STT,VI,ASO,ES,Towers with Radar,39,25,6,2,72,0,105,60,1,166,39,130,66,3,238,0,0,0,238
02/14/2007,STT,VI,ASO,ES,Towers with Radar,35,24,12,1,72,0,105,44,0,149,35,129,56,1,221,2,0,2,223
02/15/2007,STT,VI,ASO,ES,Towers with Radar,42,52,42,2,138,0,126,36,2,164,42,178,78,4,302,0,0,0,302
02/16/2007,STT,VI,ASO,ES,Towers with Radar,39,30,19,0,88,0,169,84,9,262,39,199,103,9,350,8,0,8,358
02/17/2007,STT,VI,ASO,ES,Towers with Radar,50,8,27,0,85,0,164,83,1,248,50,172,110,1,333,16,0,16,349
02/18/2007,STT,VI,ASO,ES,Towers with Radar,44,4,24,1,73,0,115,69,0,184,44,119,93,1,257,4,0,4,261
02/19/2007,STT,VI,ASO,ES,Towers with Radar,36,16,33,1,86,0,140,55,0,195,36,156,88,1,281,0,0,0,281
02/20/2007,STT,VI,ASO,ES,Towers with Radar,43,53,33,0,129,0,88,36,0,124,43,141,69,0,253,0,0,0,253
02/21/2007,STT,VI,ASO,ES,Towers with Radar,35,35,10,2,82,0,112,32,2,146,35,147,42,4,228,26,0,26,254
02/22/2007,STT,VI,ASO,ES,Towers with Radar,42,27,24,5,98,0,136,44,3,183,42,163,68,8,281,0,0,0,281
02/23/2007,STT,VI,ASO,ES,Towers with Radar,40,27,31,0,98,0,144,44,4,192,40,171,75,4,290,10,0,10,300
02/24/2007,STT,VI,ASO,ES,Towers with Radar,53,11,19,0,83,0,146,49,0,195,53,157,68,0,278,14,0,14,292
02/25/2007,STT,VI,ASO,ES,Towers with Radar,46,5,35,0,86,0,132,47,0,179,46,137,82,0,265,2,0,2,267
02/26/2007,STT,VI,ASO,ES,Towers with Radar,32,16,14,2,64,0,135,46,2,183,32,151,60,4,247,0,0,0,247
02/27/2007,STT,VI,ASO,ES,Towers with Radar,44,22,10,0,76,0,109,54,0,163,44,131,64,0,239,0,0,0,239
02/28/2007,STT,VI,ASO,ES,Towers with Radar,38,31,14,0,83,0,104,58,0,162,38,135,72,0,245,24,0,24,269
03/01/2007,STT,VI,ASO,ES,Towers with Radar,43,20,16,0,79,0,127,35,0,162,43,147,51,0,241,6,0,6,247
03/02/2007,STT,VI,ASO,ES,Towers with Radar,38,25,17,0,80,0,144,52,1,197,38,169,69,1,277,10,0,10,287
03/03/2007,STT,VI,ASO,ES,Towers with Radar,53,7,17,4,81,0,140,40,0,180,53,147,57,4,261,16,0,16,277
03/04/2007,STT,VI,ASO,ES,Towers with Radar,45,7,22,0,74,0,116,47,4,167,45,123,69,4,241,16,0,16,257
03/05/2007,STT,VI,ASO,ES,Towers with Radar,32,16,27,0,75,0,107,40,0,147,32,123,67,0,222,0,0,0,222
03/06/2007,STT,VI,ASO,ES,Towers with Radar,31,25,9,0,65,0,115,38,2,155,31,140,47,2,220,44,0,44,264
03/07/2007,STT,VI,ASO,ES,Towers with Radar,34,26,0,0,60,0,114,8,40,162,34,140,8,40,222,32,0,32,254
03/08/2007,STT,VI,ASO,ES,Towers with Radar,40,25,24,0,89,0,118,40,0,158,40,143,64,0,247,8,0,8,255
03/09/2007,STT,VI,ASO,ES,Towers with Radar,38,25,16,0,79,0,123,56,1,180,38,148,72,1,259,0,0,0,259
03/10/2007,STT,VI,ASO,ES,Towers with Radar,57,8,31,0,96,0,145,58,0,203,57,153,89,0,299,20,0,20,319
03/11/2007,STT,VI,ASO,ES,Towers with Radar,43,7,18,0,68,0,125,49,2,176,43,132,67,2,244,0,0,0,244
03/12/2007,STT,VI,ASO,ES,Towers with Radar,33,26,15,0,74,0,124,52,2,178,33,150,67,2,252,34,0,34,286
03/13/2007,STT,VI,ASO,ES,Towers with Radar,40,23,24,0,87,0,143,63,0,206,40,166,87,0,293,0,0,0,293
03/14/2007,STT,VI,ASO,ES,Towers with Radar,37,27,19,0,83,0,112,48,1,161,37,139,67,1,244,0,0,0,244
03/15/2007,STT,VI,ASO,ES,Towers with Radar,35,30,23,1,89,0,117,38,0,155,35,147,61,1,244,14,0,14,258
03/16/2007,STT,VI,ASO,ES,Towers with Radar,35,41,48,2,126,0,127,62,0,189,35,168,110,2,315,31,0,31,346
03/17/2007,STT,VI,ASO,ES,Towers with Radar,50,11,42,2,105,0,167,69,2,238,50,178,111,4,343,4,0,4,347
03/18/2007,STT,VI,ASO,ES,Towers with Radar,48,12,51,0,111,0,148,44,2,194,48,160,95,2,305,0,0,0,305
03/19/2007,STT,VI,ASO,ES,Towers with Radar,34,15,29,4,82,0,149,52,6,207,34,164,81,10,289,36,0,36,325
03/20/2007,STT,VI,ASO,ES,Towers with Radar,44,22,25,2,93,0,146,67,0,213,44,168,92,2,306,28,0,28,334
03/21/2007,STT,VI,ASO,ES,Towers with Radar,36,24,16,0,76,0,125,45,3,173,36,149,61,3,249,51,0,51,300
03/22/2007,STT,VI,ASO,ES,Towers with Radar,35,20,21,1,77,0,135,42,5,182,35,155,63,6,259,28,0,28,287
03/23/2007,STT,VI,ASO,ES,Towers with Radar,40,28,27,0,95,0,140,52,2,194,40,168,79,2,289,0,0,0,289
03/24/2007,STT,VI,ASO,ES,Towers with Radar,55,7,36,0,98,0,151,70,6,227,55,158,106,6,325,0,0,0,325
03/25/2007,STT,VI,ASO,ES,Towers with Radar,42,4,19,0,65,0,130,45,2,177,42,134,64,2,242,0,0,0,242
03/26/2007,STT,VI,ASO,ES,Towers with Radar,34,17,18,1,70,0,124,62,0,186,34,141,80,1,256,46,0,46,302
03/27/2007,STT,VI,ASO,ES,Towers with Radar,33,27,25,1,86,0,86,31,0,117,33,113,56,1,203,8,1,9,212
03/28/2007,STT,VI,ASO,ES,Towers with Radar,37,31,14,3,85,0,113,50,4,167,37,144,64,7,252,34,0,34,286
03/29/2007,STT,VI,ASO,ES,Towers with Radar,40,24,12,0,76,0,130,46,2,178,40,154,58,2,254,0,0,0,254
03/30/2007,STT,VI,ASO,ES,Towers with Radar,42,38,24,2,106,0,124,49,5,178,42,162,73,7,284,0,0,0,284
03/31/2007,STT,VI,ASO,ES,Towers with Radar,54,10,43,2,109,0,150,58,9,217,54,160,101,11,326,0,0,0,326
04/01/2007,STT,VI,ASO,ES,Towers with Radar,40,5,21,0,66,0,148,43,2,193,40,153,64,2,259,0,0,0,259
04/02/2007,STT,VI,ASO,ES,Towers with Radar,36,19,10,0,65,0,134,46,2,182,36,153,56,2,247,4,0,4,251
04/03/2007,STT,VI,ASO,ES,Towers with Radar,34,18,8,4,64,0,93,37,0,130,34,111,45,4,194,15,4,19,213
04/04/2007,STT,VI,ASO,ES,Towers with Radar,33,30,19,0,82,0,113,51,2,166,33,143,70,2,248,0,0,0,248
04/05/2007,STT,VI,ASO,ES,Towers with Radar,38,25,25,2,90,0,129,64,0,193,38,154,89,2,283,0,0,0,283
04/06/2007,STT,VI,ASO,ES,Towers with Radar,37,13,17,2,69,0,114,29,0,143,37,127,46,2,212,0,0,0,212
04/07/2007,STT,VI,ASO,ES,Towers with Radar,49,7,14,0,70,0,169,63,0,232,49,176,77,0,302,6,0,6,308
04/08/2007,STT,VI,ASO,ES,Towers with Radar,38,7,21,0,66,0,132,52,0,184,38,139,73,0,250,0,0,0,250
04/09/2007,STT,VI,ASO,ES,Towers with Radar,30,20,18,0,68,0,124,66,10,200,30,144,84,10,268,4,0,4,272
04/10/2007,STT,VI,ASO,ES,Towers with Radar,0,0,0,0,0,38,150,65,4,257,38,150,65,4,257,12,4,16,273
04/11/2007,STT,VI,ASO,ES,Towers with Radar,33,32,11,0,76,0,89,60,0,149,33,121,71,0,225,8,0,8,233
04/12/2007,STT,VI,ASO,ES,Towers with Radar,36,27,25,1,89,0,121,45,4,170,36,148,70,5,259,4,0,4,263
04/13/2007,STT,VI,ASO,ES,Towers with Radar,34,26,15,3,78,0,126,51,2,179,34,152,66,5,257,22,0,22,279
04/14/2007,STT,VI,ASO,ES,Towers with Radar,52,7,7,0,66,0,132,38,5,175,52,139,45,5,241,0,0,0,241
04/15/2007,STT,VI,ASO,ES,Towers with Radar,36,4,15,0,55,0,115,43,4,162,36,119,58,4,217,8,0,8,225
04/16/2007,STT,VI,ASO,ES,Towers with Radar,35,18,11,0,64,0,106,37,0,143,35,124,48,0,207,34,0,34,241
04/17/2007,STT,VI,ASO,ES,Towers with Radar,37,36,20,4,97,0,120,34,2,156,37,156,54,6,253,0,2,2,255
04/18/2007,STT,VI,ASO,ES,Towers with Radar,32,41,21,13,107,0,87,39,0,126,32,128,60,13,233,34,0,34,267
04/19/2007,STT,VI,ASO,ES,Towers with Radar,38,19,12,1,70,0,105,45,0,150,38,124,57,1,220,0,0,0,220
04/20/2007,STT,VI,ASO,ES,Towers with Radar,37,25,22,7,91,0,113,61,0,174,37,138,83,7,265,0,0,0,265
04/21/2007,STT,VI,ASO,ES,Towers with Radar,49,27,12,0,88,0,118,44,2,164,49,145,56,2,252,0,0,0,252
04/22/2007,STT,VI,ASO,ES,Towers with Radar,36,36,18,8,98,0,83,31,1,115,36,119,49,9,213,6,0,6,219
04/23/2007,STT,VI,ASO,ES,Towers with Radar,29,50,22,3,104,0,61,22,0,83,29,111,44,3,187,0,0,0,187
04/24/2007,STT,VI,ASO,ES,Towers with Radar,35,38,20,3,96,0,63,39,1,103,35,101,59,4,199,0,0,0,199
04/25/2007,STT,VI,ASO,ES,Towers with Radar,33,26,10,0,69,0,103,58,0,161,33,129,68,0,230,34,0,34,264
04/26/2007,STT,VI,ASO,ES,Towers with Radar,34,34,15,2,85,0,93,50,0,143,34,127,65,2,228,28,0,28,256
04/27/2007,STT,VI,ASO,ES,Towers with Radar,35,14,7,0,56,0,120,49,1,170,35,134,56,1,226,0,0,0,226
04/28/2007,STT,VI,ASO,ES,Towers with Radar,50,4,7,0,61,0,106,50,0,156,50,110,57,0,217,20,0,20,237
04/29/2007,STT,VI,ASO,ES,Towers with Radar,32,5,8,0,45,0,121,57,2,180,32,126,65,2,225,0,0,0,225
04/30/2007,STT,VI,ASO,ES,Towers with Radar,34,24,12,0,70,0,111,56,0,167,34,135,68,0,237,2,0,2,239
05/01/2007,STT,VI,ASO,ES,Towers with Radar,34,29,11,1,75,0,96,51,0,147,34,125,62,1,222,14,1,15,237
05/02/2007,STT,VI,ASO,ES,Towers with Radar,32,25,11,3,71,0,101,41,1,143,32,126,52,4,214,0,0,0,214
05/03/2007,STT,VI,ASO,ES,Towers with Radar,29,20,10,0,59,0,108,42,0,150,29,128,52,0,209,0,0,0,209
05/04/2007,STT,VI,ASO,ES,Towers with Radar,27,14,7,0,48,0,129,50,7,186,27,143,57,7,234,20,0,20,254
05/05/2007,STT,VI,ASO,ES,Towers with Radar,46,6,16,0,68,0,128,34,0,162,46,134,50,0,230,28,0,28,258
05/06/2007,STT,VI,ASO,ES,Towers with Radar,31,16,7,0,54,0,96,35,7,138,31,112,42,7,192,10,0,10,202
05/07/2007,STT,VI,ASO,ES,Towers with Radar,28,26,14,12,80,0,100,38,4,142,28,126,52,16,222,36,0,36,258
05/08/2007,STT,VI,ASO,ES,Towers with Radar,27,23,7,4,61,0,105,36,1,142,27,128,43,5,203,36,0,36,239
05/09/2007,STT,VI,ASO,ES,Towers with Radar,31,28,6,0,65,0,101,32,0,133,31,129,38,0,198,30,0,30,228
05/10/2007,STT,VI,ASO,ES,Towers with Radar,27,26,17,0,70,0,109,49,0,158,27,135,66,0,228,34,0,34,262
05/11/2007,STT,VI,ASO,ES,Towers with Radar,26,15,10,0,51,0,100,58,0,158,26,115,68,0,209,34,0,34,243
05/12/2007,STT,VI,ASO,ES,Towers with Radar,39,4,1,0,44,0,109,34,0,143,39,113,35,0,187,6,0,6,193
05/13/2007,STT,VI,ASO,ES,Towers with Radar,29,5,6,0,40,0,85,29,0,114,29,90,35,0,154,0,0,0,154
05/14/2007,STT,VI,ASO,ES,Towers with Radar,25,22,16,0,63,0,90,43,0,133,25,112,59,0,196,40,0,40,236
05/15/2007,STT,VI,ASO,ES,Towers with Radar,28,27,21,1,77,0,109,50,0,159,28,136,71,1,236,44,0,44,280
05/16/2007,STT,VI,ASO,ES,Towers with Radar,29,24,9,0,62,0,106,40,0,146,29,130,49,0,208,21,0,21,229
05/17/2007,STT,VI,ASO,ES,Towers with Radar,28,22,29,3,82,0,112,49,1,162,28,134,78,4,244,50,0,50,294
05/18/2007,STT,VI,ASO,ES,Towers with Radar,28,13,18,4,63,0,131,53,6,190,28,144,71,10,253,22,0,22,275
05/19/2007,STT,VI,ASO,ES,Towers with Radar,42,14,18,0,74,1,119,50,0,170,43,133,68,0,244,16,0,16,260
05/20/2007,STT,VI,ASO,ES,Towers with Radar,29,4,22,1,56,0,121,58,2,181,29,125,80,3,237,42,0,42,279
05/21/2007,STT,VI,ASO,ES,Towers with Radar,27,24,10,3,64,0,106,56,3,165,27,130,66,6,229,0,0,0,229
05/22/2007,STT,VI,ASO,ES,Towers with Radar,28,22,7,2,59,0,110,56,12,178,28,132,63,14,237,32,0,32,269
05/23/2007,STT,VI,ASO,ES,Towers with Radar,29,23,10,11,73,0,106,45,4,155,29,129,55,15,228,64,0,64,292
05/24/2007,STT,VI,ASO,ES,Towers with Radar,31,27,7,0,65,0,123,51,0,174,31,150,58,0,239,28,0,28,267
05/25/2007,STT,VI,ASO,ES,Towers with Radar,27,17,13,0,57,0,121,60,0,181,27,138,73,0,238,16,0,16,254
05/26/2007,STT,VI,ASO,ES,Towers with Radar,43,4,9,0,56,0,151,44,0,195,43,155,53,0,251,54,0,54,305
05/27/2007,STT,VI,ASO,ES,Towers with Radar,30,10,3,2,45,0,91,47,0,138,30,101,50,2,183,4,0,4,187
05/28/2007,STT,VI,ASO,ES,Towers with Radar,25,15,12,2,54,0,97,63,1,161,25,112,75,3,215,32,0,32,247
05/29/2007,STT,VI,ASO,ES,Towers with Radar,28,28,10,8,74,0,99,46,0,145,28,127,56,8,219,36,0,36,255
05/30/2007,STT,VI,ASO,ES,Towers with Radar,29,30,16,2,77,0,109,30,0,139,29,139,46,2,216,42,0,42,258
05/31/2007,STT,VI,ASO,ES,Towers with Radar,26,10,12,0,48,0,105,40,1,146,26,115,52,1,194,0,0,0,194
06/01/2007,STT,VI,ASO,ES,Towers with Radar,29,17,14,4,64,0,100,37,2,139,29,117,51,6,203,0,0,0,203
06/02/2007,STT,VI,ASO,ES,Towers with Radar,46,10,9,2,67,0,100,41,4,145,46,110,50,6,212,36,0,36,248
06/03/2007,STT,VI,ASO,ES,Towers with Radar,28,7,6,0,41,0,77,40,2,119,28,84,46,2,160,18,0,18,178
06/04/2007,STT,VI,ASO,ES,Towers with Radar,30,11,15,0,56,0,109,53,0,162,30,120,68,0,218,4,0,4,222
06/05/2007,STT,VI,ASO,ES,Towers with Radar,30,12,13,0,55,0,84,48,0,132,30,96,61,0,187,38,0,38,225
06/06/2007,STT,VI,ASO,ES,Towers with Radar,32,15,10,0,57,0,106,56,0,162,32,121,66,0,219,44,0,44,263
06/07/2007,STT,VI,ASO,ES,Towers with Radar,34,12,5,1,52,0,98,39,2,139,34,110,44,3,191,16,0,16,207
06/08/2007,STT,VI,ASO,ES,Towers with Radar,31,18,16,1,66,0,118,68,3,189,31,136,84,4,255,0,0,0,255
06/09/2007,STT,VI,ASO,ES,Towers with Radar,48,8,6,0,62,0,111,43,4,158,48,119,49,4,220,0,0,0,220
06/10/2007,STT,VI,ASO,ES,Towers with Radar,34,5,5,0,44,0,96,58,0,154,34,101,63,0,198,0,0,0,198
06/11/2007,STT,VI,ASO,ES,Towers with Radar,33,17,11,0,61,0,106,51,0,157,33,123,62,0,218,8,0,8,226
06/12/2007,STT,VI,ASO,ES,Towers with Radar,30,49,27,1,107,0,64,33,2,99,30,113,60,3,206,38,0,38,244
06/13/2007,STT,VI,ASO,ES,Towers with Radar,30,16,20,7,73,0,90,61,1,152,30,106,81,8,225,16,0,16,241
06/14/2007,STT,VI,ASO,ES,Towers with Radar,40,17,27,9,93,0,61,45,0,106,40,78,72,9,199,10,0,10,209
06/15/2007,STT,VI,ASO,ES,Towers with Radar,30,22,14,0,66,0,94,58,6,158,30,116,72,6,224,26,0,26,250
06/16/2007,STT,VI,ASO,ES,Towers with Radar,45,7,12,1,65,0,97,50,0,147,45,104,62,1,212,30,0,30,242
06/17/2007,STT,VI,ASO,ES,Towers with Radar,37,22,13,0,72,0,65,27,0,92,37,87,40,0,164,15,0,15,179
06/18/2007,STT,VI,ASO,ES,Towers with Radar,33,14,14,3,64,0,101,43,5,149,33,115,57,8,213,32,0,32,245
06/19/2007,STT,VI,ASO,ES,Towers with Radar,32,16,4,1,53,0,109,47,2,158,32,125,51,3,211,2,0,2,213
06/20/2007,STT,VI,ASO,ES,Towers with Radar,31,15,11,15,72,0,115,53,1,169,31,130,64,16,241,8,0,8,249
06/21/2007,STT,VI,ASO,ES,Towers with Radar,36,17,14,0,67,0,106,47,0,153,36,123,61,0,220,36,0,36,256
06/22/2007,STT,VI,ASO,ES,Towers with Radar,32,12,25,2,71,0,119,62,5,186,32,131,87,7,257,20,0,20,277
06/23/2007,STT,VI,ASO,ES,Towers with Radar,42,9,5,0,56,0,100,44,1,145,42,109,49,1,201,36,0,36,237
06/24/2007,STT,VI,ASO,ES,Towers with Radar,37,5,7,14,63,0,98,48,5,151,37,103,55,19,214,0,0,0,214
06/25/2007,STT,VI,ASO,ES,Towers with Radar,30,16,9,2,57,0,116,41,3,160,30,132,50,5,217,38,0,38,255
06/26/2007,STT,VI,ASO,ES,Towers with Radar,31,16,13,2,62,0,104,38,5,147,31,120,51,7,209,12,0,12,221
06/27/2007,STT,VI,ASO,ES,Towers with Radar,33,16,6,0,55,0,112,61,2,175,33,128,67,2,230,20,0,20,250
06/28/2007,STT,VI,ASO,ES,Towers with Radar,36,15,22,0,73,0,105,36,0,141,36,120,58,0,214,18,0,18,232
06/29/2007,STT,VI,ASO,ES,Towers with Radar,31,15,14,0,60,0,103,66,5,174,31,118,80,5,234,16,0,16,250
06/30/2007,STT,VI,ASO,ES,Towers with Radar,45,8,8,0,61,0,104,45,0,149,45,112,53,0,210,0,0,0,210
07/01/2007,STT,VI,ASO,ES,Towers with Radar,35,8,5,0,48,0,96,51,0,147,35,104,56,0,195,0,0,0,195
07/02/2007,STT,VI,ASO,ES,Towers with Radar,31,18,16,0,65,0,94,38,2,134,31,112,54,2,199,14,0,14,213
07/03/2007,STT,VI,ASO,ES,Towers with Radar,31,15,5,0,51,0,84,41,0,125,31,99,46,0,176,6,0,6,182
07/04/2007,STT,VI,ASO,ES,Towers with Radar,29,9,0,0,38,0,70,37,0,107,29,79,37,0,145,44,0,44,189
07/05/2007,STT,VI,ASO,ES,Towers with Radar,31,15,5,0,51,0,91,40,0,131,31,106,45,0,182,17,0,17,199
07/06/2007,STT,VI,ASO,ES,Towers with Radar,28,22,9,4,63,0,98,61,1,160,28,120,70,5,223,12,2,14,237
07/07/2007,STT,VI,ASO,ES,Towers with Radar,46,7,6,2,61,0,99,47,0,146,46,106,53,2,207,18,0,18,225
07/08/2007,STT,VI,ASO,ES,Towers with Radar,36,6,4,0,46,0,103,55,0,158,36,109,59,0,204,0,0,0,204
07/09/2007,STT,VI,ASO,ES,Towers with Radar,31,13,17,0,61,2,106,42,0,150,33,119,59,0,211,8,0,8,219
07/10/2007,STT,VI,ASO,ES,Towers with Radar,27,15,12,0,54,0,66,41,0,107,27,81,53,0,161,0,0,0,161
07/11/2007,STT,VI,ASO,ES,Towers with Radar,30,18,8,0,56,0,100,42,4,146,30,118,50,4,202,40,0,40,242
07/12/2007,STT,VI,ASO,ES,Towers with Radar,34,20,8,0,62,0,104,32,2,138,34,124,40,2,200,10,0,10,210
07/13/2007,STT,VI,ASO,ES,Towers with Radar,26,21,1,0,48,0,103,54,3,160,26,124,55,3,208,34,0,34,242
07/14/2007,STT,VI,ASO,ES,Towers with Radar,44,6,11,0,61,0,105,51,0,156,44,111,62,0,217,8,0,8,225
07/15/2007,STT,VI,ASO,ES,Towers with Radar,36,8,7,0,51,0,87,56,2,145,36,95,63,2,196,40,0,40,236
07/16/2007,STT,VI,ASO,ES,Towers with Radar,30,15,29,8,82,0,86,63,9,158,30,101,92,17,240,8,0,8,248
07/17/2007,STT,VI,ASO,ES,Towers with Radar,29,18,18,1,66,0,83,50,0,133,29,101,68,1,199,0,0,0,199
07/18/2007,STT,VI,ASO,ES,Towers with Radar,30,16,27,0,73,0,90,96,4,190,30,106,123,4,263,46,0,46,309
07/19/2007,STT,VI,ASO,ES,Towers with Radar,38,25,17,0,80,0,99,60,0,159,38,124,77,0,239,0,0,0,239
07/20/2007,STT,VI,ASO,ES,Towers with Radar,26,17,10,0,53,0,93,54,2,149,26,110,64,2,202,34,0,34,236
07/21/2007,STT,VI,ASO,ES,Towers with Radar,40,9,2,0,51,0,113,36,0,149,40,122,38,0,200,12,0,12,212
07/22/2007,STT,VI,ASO,ES,Towers with Radar,36,18,1,1,56,0,95,47,4,146,36,113,48,5,202,4,0,4,206
07/23/2007,STT,VI,ASO,ES,Towers with Radar,26,20,11,5,62,0,92,45,1,138,26,112,56,6,200,26,0,26,226
07/24/2007,STT,VI,ASO,ES,Towers with Radar,28,14,18,0,60,0,86,55,1,142,28,100,73,1,202,8,0,8,210
07/25/2007,STT,VI,ASO,ES,Towers with Radar,32,17,11,2,62,0,89,57,0,146,32,106,68,2,208,0,0,0,208
07/26/2007,STT,VI,ASO,ES,Towers with Radar,37,16,6,0,59,0,93,41,2,136,37,109,47,2,195,0,0,0,195
07/27/2007,STT,VI,ASO,ES,Towers with Radar,26,18,11,0,55,0,102,69,0,171,26,120,80,0,226,12,0,12,238
07/28/2007,STT,VI,ASO,ES,Towers with Radar,41,7,3,7,58,0,100,48,0,148,41,107,51,7,206,42,0,42,248
07/29/2007,STT,VI,ASO,ES,Towers with Radar,34,8,10,0,52,0,94,48,0,142,34,102,58,0,194,2,0,2,196
07/30/2007,STT,VI,ASO,ES,Towers with Radar,30,15,15,0,60,0,92,61,0,153,30,107,76,0,213,0,0,0,213
07/31/2007,STT,VI,ASO,ES,Towers with Radar,27,14,21,0,62,0,84,57,2,143,27,98,78,2,205,0,0,0,205
08/01/2007,STT,VI,ASO,ES,Towers with Radar,31,19,9,0,59,0,82,57,0,139,31,101,66,0,198,34,0,34,232
08/02/2007,STT,VI,ASO,ES,Towers with Radar,34,22,12,0,68,0,93,53,0,146,34,115,65,0,214,0,0,0,214
08/03/2007,STT,VI,ASO,ES,Towers with Radar,29,13,12,0,54,0,111,63,0,174,29,124,75,0,228,24,0,24,252
08/04/2007,STT,VI,ASO,ES,Towers with Radar,45,9,8,0,62,0,103,50,2,155,45,112,58,2,217,18,0,18,235
08/05/2007,STT,VI,ASO,ES,Towers with Radar,37,6,12,0,55,0,87,37,0,124,37,93,49,0,179,0,0,0,179
08/06/2007,STT,VI,ASO,ES,Towers with Radar,31,11,17,7,66,0,92,45,1,138,31,103,62,8,204,0,0,0,204
08/07/2007,STT,VI,ASO,ES,Towers with Radar,31,30,12,0,73,0,73,36,4,113,31,103,48,4,186,8,0,8,194
08/08/2007,STT,VI,ASO,ES,Towers with Radar,32,18,3,0,53,0,99,46,7,152,32,117,49,7,205,6,0,6,211
08/09/2007,STT,VI,ASO,ES,Towers with Radar,35,20,12,0,67,0,97,39,8,144,35,117,51,8,211,12,0,12,223
08/10/2007,STT,VI,ASO,ES,Towers with Radar,29,18,8,0,55,0,113,49,12,174,29,131,57,12,229,24,0,24,253
08/11/2007,STT,VI,ASO,ES,Towers with Radar,41,7,1,0,49,0,85,46,2,133,41,92,47,2,182,23,0,23,205
08/12/2007,STT,VI,ASO,ES,Towers with Radar,33,7,3,0,43,0,83,38,8,129,33,90,41,8,172,10,0,10,182
08/13/2007,STT,VI,ASO,ES,Towers with Radar,31,14,19,0,64,0,96,55,11,162,31,110,74,11,226,0,0,0,226
08/14/2007,STT,VI,ASO,ES,Towers with Radar,31,14,5,0,50,0,90,45,4,139,31,104,50,4,189,6,4,10,199
08/15/2007,STT,VI,ASO,ES,Towers with Radar,32,20,6,1,59,0,111,47,2,160,32,131,53,3,219,0,0,0,219
08/16/2007,STT,VI,ASO,ES,Towers with Radar,29,19,6,0,54,0,83,39,0,122,29,102,45,0,176,14,0,14,190
08/17/2007,STT,VI,ASO,ES,Towers with Radar,26,21,4,2,53,0,57,25,1,83,26,78,29,3,136,2,0,2,138
08/18/2007,STT,VI,ASO,ES,Towers with Radar,40,16,5,6,67,0,39,9,0,48,40,55,14,6,115,0,0,0,115
08/19/2007,STT,VI,ASO,ES,Towers with Radar,31,7,2,0,40,0,82,25,0,107,31,89,27,0,147,0,0,0,147
08/20/2007,STT,VI,ASO,ES,Towers with Radar,32,10,18,0,60,0,79,43,0,122,32,89,61,0,182,6,0,6,188
08/21/2007,STT,VI,ASO,ES,Towers with Radar,30,16,12,0,58,0,74,44,0,118,30,90,56,0,176,6,0,6,182
08/22/2007,STT,VI,ASO,ES,Towers with Radar,27,16,9,0,52,0,91,56,0,147,27,107,65,0,199,40,0,40,239
08/23/2007,STT,VI,ASO,ES,Towers with Radar,32,32,13,1,78,0,87,31,1,119,32,119,44,2,197,0,0,0,197
08/24/2007,STT,VI,ASO,ES,Towers with Radar,27,21,6,2,56,0,91,52,0,143,27,112,58,2,199,20,0,20,219
08/25/2007,STT,VI,ASO,ES,Towers with Radar,37,6,11,0,54,0,102,46,0,148,37,108,57,0,202,10,0,10,212
08/26/2007,STT,VI,ASO,ES,Towers with Radar,33,7,1,1,42,0,78,44,4,126,33,85,45,5,168,26,0,26,194
08/27/2007,STT,VI,ASO,ES,Towers with Radar,33,15,22,0,70,0,73,38,0,111,33,88,60,0,181,10,0,10,191
08/28/2007,STT,VI,ASO,ES,Towers with Radar,31,21,16,0,68,0,62,53,0,115,31,83,69,0,183,0,0,0,183
08/29/2007,STT,VI,ASO,ES,Towers with Radar,29,16,14,2,61,0,90,61,0,151,29,106,75,2,212,0,0,0,212
08/30/2007,STT,VI,ASO,ES,Towers with Radar,31,14,17,0,62,0,67,53,3,123,31,81,70,3,185,4,0,4,189
08/31/2007,STT,VI,ASO,ES,Towers with Radar,30,20,23,0,73,0,69,47,0,116,30,89,70,0,189,2,0,2,191
09/01/2007,STT,VI,ASO,ES,Towers with Radar,37,3,7,0,47,0,70,53,1,124,37,73,60,1,171,4,0,4,175
09/02/2007,STT,VI,ASO,ES,Towers with Radar,33,7,4,0,44,0,58,35,0,93,33,65,39,0,137,14,0,14,151
09/03/2007,STT,VI,ASO,ES,Towers with Radar,31,4,14,1,50,0,83,53,0,136,31,87,67,1,186,10,0,10,196
09/04/2007,STT,VI,ASO,ES,Towers with Radar,27,7,13,0,47,1,59,44,4,108,28,66,57,4,155,28,0,28,183
09/05/2007,STT,VI,ASO,ES,Towers with Radar,22,18,10,0,50,0,87,34,0,121,22,105,44,0,171,16,0,16,187
09/06/2007,STT,VI,ASO,ES,Towers with Radar,19,16,18,1,54,0,60,51,1,112,19,76,69,2,166,0,0,0,166
09/07/2007,STT,VI,ASO,ES,Towers with Radar,22,18,17,1,58,0,71,72,4,147,22,89,89,5,205,26,0,26,231
09/08/2007,STT,VI,ASO,ES,Towers with Radar,34,8,3,6,51,0,84,33,0,117,34,92,36,6,168,11,0,11,179
09/09/2007,STT,VI,ASO,ES,Towers with Radar,26,7,3,0,36,0,60,29,4,93,26,67,32,4,129,4,0,4,133
09/10/2007,STT,VI,ASO,ES,Towers with Radar,27,18,11,0,56,0,62,43,2,107,27,80,54,2,163,12,0,12,175
09/11/2007,STT,VI,ASO,ES,Towers with Radar,20,16,10,0,46,0,59,63,0,122,20,75,73,0,168,24,0,24,192
09/12/2007,STT,VI,ASO,ES,Towers with Radar,23,17,4,0,44,0,66,50,0,116,23,83,54,0,160,14,0,14,174
09/13/2007,STT,VI,ASO,ES,Towers with Radar,20,10,14,0,44,0,68,60,0,128,20,78,74,0,172,46,0,46,218
09/14/2007,STT,VI,ASO,ES,Towers with Radar,24,14,19,4,61,0,74,63,4,141,24,88,82,8,202,16,0,16,218
09/15/2007,STT,VI,ASO,ES,Towers with Radar,28,8,3,0,39,0,64,33,0,97,28,72,36,0,136,18,0,18,154
09/16/2007,STT,VI,ASO,ES,Towers with Radar,27,5,3,0,35,0,71,22,0,93,27,76,25,0,128,6,0,6,134
09/17/2007,STT,VI,ASO,ES,Towers with Radar,24,15,21,2,62,0,59,34,1,94,24,74,55,3,156,10,0,10,166
09/18/2007,STT,VI,ASO,ES,Towers with Radar,25,11,16,0,52,0,60,39,0,99,25,71,55,0,151,8,0,8,159
09/19/2007,STT,VI,ASO,ES,Towers with Radar,22,10,15,0,47,0,60,44,2,106,22,70,59,2,153,48,0,48,201
09/20/2007,STT,VI,ASO,ES,Towers with Radar,21,10,34,0,65,0,76,50,0,126,21,86,84,0,191,58,0,58,249
09/21/2007,STT,VI,ASO,ES,Towers with Radar,25,14,16,1,56,0,87,61,0,148,25,101,77,1,204,14,0,14,218
09/22/2007,STT,VI,ASO,ES,Towers with Radar,27,3,6,1,37,0,68,35,0,103,27,71,41,1,140,16,0,16,156
09/23/2007,STT,VI,ASO,ES,Towers with Radar,26,8,5,0,39,0,59,28,0,87,26,67,33,0,126,8,0,8,134
09/24/2007,STT,VI,ASO,ES,Towers with Radar,23,17,15,6,61,0,69,48,3,120,23,86,63,9,181,4,0,4,185
09/25/2007,STT,VI,ASO,ES,Towers with Radar,21,13,17,0,51,0,65,44,0,109,21,78,61,0,160,12,0,12,172
09/26/2007,STT,VI,ASO,ES,Towers with Radar,23,13,23,9,68,0,63,33,1,97,23,76,56,10,165,30,0,30,195
09/27/2007,STT,VI,ASO,ES,Towers with Radar,21,13,14,0,48,0,80,41,2,123,21,93,55,2,171,20,0,20,191
09/28/2007,STT,VI,ASO,ES,Towers with Radar,25,11,18,2,56,0,64,39,0,103,25,75,57,2,159,22,0,22,181
09/29/2007,STT,VI,ASO,ES,Towers with Radar,27,5,10,0,42,0,69,39,0,108,27,74,49,0,150,42,0,42,192
09/30/2007,STT,VI,ASO,ES,Towers with Radar,28,7,5,0,40,0,61,22,2,85,28,68,27,2,125,26,0,26,151
10/01/2007,STT,VI,ASO,ES,Towers with Radar,22,20,9,0,51,0,73,48,0,121,22,93,57,0,172,28,0,28,200
10/02/2007,STT,VI,ASO,ES,Towers with Radar,20,15,15,1,51,0,75,49,2,126,20,90,64,3,177,36,0,36,213
10/03/2007,STT,VI,ASO,ES,Towers with Radar,20,9,11,3,43,0,85,42,2,129,20,94,53,5,172,12,0,12,184
10/04/2007,STT,VI,ASO,ES,Towers with Radar,19,16,13,0,48,0,72,44,0,116,19,88,57,0,164,37,0,37,201
10/05/2007,STT,VI,ASO,ES,Towers with Radar,23,14,14,1,52,0,80,33,2,115,23,94,47,3,167,24,0,24,191
10/06/2007,STT,VI,ASO,ES,Towers with Radar,32,5,0,0,37,0,78,38,0,116,32,83,38,0,153,42,0,42,195
10/07/2007,STT,VI,ASO,ES,Towers with Radar,27,4,4,0,35,0,42,15,0,57,27,46,19,0,92,10,0,10,102
10/08/2007,STT,VI,ASO,ES,Towers with Radar,24,11,3,0,38,0,80,27,0,107,24,91,30,0,145,26,0,26,171
10/09/2007,STT,VI,ASO,ES,Towers with Radar,20,14,22,1,57,0,78,40,3,121,20,92,62,4,178,18,0,18,196
10/10/2007,STT,VI,ASO,ES,Towers with Radar,22,19,16,0,57,0,78,53,0,131,22,97,69,0,188,8,0,8,196
10/11/2007,STT,VI,ASO,ES,Towers with Radar,20,15,12,0,47,0,73,35,0,108,20,88,47,0,155,26,0,26,181
10/12/2007,STT,VI,ASO,ES,Towers with Radar,24,22,13,0,59,0,80,54,0,134,24,102,67,0,193,0,0,0,193
10/13/2007,STT,VI,ASO,ES,Towers with Radar,33,6,8,0,47,0,90,57,0,147,33,96,65,0,194,10,0,10,204
10/14/2007,STT,VI,ASO,ES,Towers with Radar,27,7,6,0,40,0,77,72,0,149,27,84,78,0,189,48,0,48,237
10/15/2007,STT,VI,ASO,ES,Towers with Radar,25,14,10,0,49,0,68,54,2,124,25,82,64,2,173,10,0,10,183
10/16/2007,STT,VI,ASO,ES,Towers with Radar,21,17,13,0,51,0,64,42,0,106,21,81,55,0,157,8,0,8,165
10/17/2007,STT,VI,ASO,ES,Towers with Radar,22,12,18,0,52,0,59,67,0,126,22,71,85,0,178,12,0,12,190
10/18/2007,STT,VI,ASO,ES,Towers with Radar,21,18,16,8,63,0,80,65,1,146,21,98,81,9,209,4,4,8,217
10/19/2007,STT,VI,ASO,ES,Towers with Radar,24,13,13,2,52,0,77,43,2,122,24,90,56,4,174,14,0,14,188
10/20/2007,STT,VI,ASO,ES,Towers with Radar,34,101,51,0,186,0,0,5,0,5,34,101,56,0,191,12,0,12,203
10/21/2007,STT,VI,ASO,ES,Towers with Radar,25,5,2,0,32,0,67,28,6,101,25,72,30,6,133,26,0,26,159
10/22/2007,STT,VI,ASO,ES,Towers with Radar,26,16,18,0,60,0,77,59,0,136,26,93,77,0,196,42,0,42,238
10/23/2007,STT,VI,ASO,ES,Towers with Radar,23,9,24,3,59,0,69,50,1,120,23,78,74,4,179,3,3,6,185
10/24/2007,STT,VI,ASO,ES,Towers with Radar,21,10,12,0,43,0,72,57,0,129,21,82,69,0,172,52,0,52,224
10/25/2007,STT,VI,ASO,ES,Towers with Radar,21,13,13,0,47,0,74,64,0,138,21,87,77,0,185,20,0,20,205
10/26/2007,STT,VI,ASO,ES,Towers with Radar,26,22,37,3,88,0,60,43,5,108,26,82,80,8,196,0,0,0,196
10/27/2007,STT,VI,ASO,ES,Towers with Radar,32,27,10,0,69,0,34,11,0,45,32,61,21,0,114,12,0,12,126
10/28/2007,STT,VI,ASO,ES,Towers with Radar,26,20,8,0,54,0,36,15,0,51,26,56,23,0,105,0,0,0,105
10/29/2007,STT,VI,ASO,ES,Towers with Radar,24,18,16,2,60,0,81,45,2,128,24,99,61,4,188,24,0,24,212
10/30/2007,STT,VI,ASO,ES,Towers with Radar,20,20,10,2,52,0,74,38,3,115,20,94,48,5,167,16,0,16,183
10/31/2007,STT,VI,ASO,ES,Towers with Radar,22,16,12,0,50,0,80,59,0,139,22,96,71,0,189,0,0,0,189
11/01/2007,STT,VI,ASO,ES,Towers with Radar,24,12,7,0,43,0,83,34,0,117,24,95,41,0,160,18,0,18,178
11/02/2007,STT,VI,ASO,ES,Towers with Radar,25,13,14,0,52,0,97,76,2,175,25,110,90,2,227,2,0,2,229
11/03/2007,STT,VI,ASO,ES,Towers with Radar,36,5,7,0,48,0,96,43,0,139,36,101,50,0,187,4,0,4,191
11/04/2007,STT,VI,ASO,ES,Towers with Radar,35,6,0,0,41,0,78,30,0,108,35,84,30,0,149,28,0,28,177
11/05/2007,STT,VI,ASO,ES,Towers with Radar,29,16,18,0,63,0,79,34,0,113,29,95,52,0,176,12,0,12,188
11/06/2007,STT,VI,ASO,ES,Towers with Radar,21,16,9,0,46,0,81,41,0,122,21,97,50,0,168,2,0,2,170
11/07/2007,STT,VI,ASO,ES,Towers with Radar,28,14,25,2,69,0,78,41,0,119,28,92,66,2,188,24,0,24,212
11/08/2007,STT,VI,ASO,ES,Towers with Radar,29,11,19,0,59,0,86,55,0,141,29,97,74,0,200,8,0,8,208
11/09/2007,STT,VI,ASO,ES,Towers with Radar,29,13,10,1,53,0,93,56,1,150,29,106,66,2,203,12,0,12,215
11/10/2007,STT,VI,ASO,ES,Towers with Radar,41,5,6,0,52,0,84,54,0,138,41,89,60,0,190,37,0,37,227
11/11/2007,STT,VI,ASO,ES,Towers with Radar,30,4,10,0,44,0,86,54,0,140,30,90,64,0,184,30,0,30,214
11/12/2007,STT,VI,ASO,ES,Towers with Radar,28,25,14,0,67,0,82,53,5,140,28,107,67,5,207,16,0,16,223
11/13/2007,STT,VI,ASO,ES,Towers with Radar,24,19,16,0,59,0,64,44,0,108,24,83,60,0,167,34,0,34,201
11/14/2007,STT,VI,ASO,ES,Towers with Radar,29,17,16,12,74,0,105,54,5,164,29,122,70,17,238,10,0,10,248
11/15/2007,STT,VI,ASO,ES,Towers with Radar,27,13,19,0,59,0,90,44,2,136,27,103,63,2,195,10,0,10,205
11/16/2007,STT,VI,ASO,ES,Towers with Radar,30,17,15,1,63,0,111,57,0,168,30,128,72,1,231,40,0,40,271
11/17/2007,STT,VI,ASO,ES,Towers with Radar,45,9,11,1,66,0,122,55,2,179,45,131,66,3,245,0,0,0,245
11/18/2007,STT,VI,ASO,ES,Towers with Radar,35,13,12,0,60,0,93,38,0,131,35,106,50,0,191,26,0,26,217
11/19/2007,STT,VI,ASO,ES,Towers with Radar,34,33,19,1,87,0,95,47,1,143,34,128,66,2,230,0,0,0,230
11/20/2007,STT,VI,ASO,ES,Towers with Radar,37,23,24,0,84,0,84,43,0,127,37,107,67,0,211,0,0,0,211
11/21/2007,STT,VI,ASO,ES,Towers with Radar,30,11,30,1,72,0,92,82,1,175,30,103,112,2,247,8,0,8,255
11/22/2007,STT,VI,ASO,ES,Towers with Radar,25,4,2,0,31,0,66,42,0,108,25,70,44,0,139,0,0,0,139
11/23/2007,STT,VI,ASO,ES,Towers with Radar,25,9,16,0,50,0,109,53,2,164,25,118,69,2,214,0,0,0,214
11/24/2007,STT,VI,ASO,ES,Towers with Radar,48,13,11,0,72,0,107,40,0,147,48,120,51,0,219,0,0,0,219
11/25/2007,STT,VI,ASO,ES,Towers with Radar,33,10,15,0,58,0,125,64,0,189,33,135,79,0,247,6,0,6,253
11/26/2007,STT,VI,ASO,ES,Towers with Radar,32,17,16,0,65,0,110,49,1,160,32,127,65,1,225,4,0,4,229
11/27/2007,STT,VI,ASO,ES,Towers with Radar,32,14,18,1,65,0,79,50,0,129,32,93,68,1,194,10,0,10,204
11/28/2007,STT,VI,ASO,ES,Towers with Radar,29,15,12,0,56,0,98,63,0,161,29,113,75,0,217,4,0,4,221
11/29/2007,STT,VI,ASO,ES,Towers with Radar,29,17,22,0,68,0,102,56,1,159,29,119,78,1,227,20,0,20,247
11/30/2007,STT,VI,ASO,ES,Towers with Radar,30,20,20,0,70,1,100,50,0,151,31,120,70,0,221,4,0,4,225
12/01/2007,STT,VI,ASO,ES,Towers with Radar,47,5,12,0,64,0,122,46,0,168,47,127,58,0,232,10,0,10,242
12/02/2007,STT,VI,ASO,ES,Towers with Radar,34,7,10,0,51,0,98,23,0,121,34,105,33,0,172,12,0,12,184
12/03/2007,STT,VI,ASO,ES,Towers with Radar,31,12,18,0,61,0,95,47,0,142,31,107,65,0,203,0,0,0,203
12/04/2007,STT,VI,ASO,ES,Towers with Radar,28,10,17,0,55,0,84,35,0,119,28,94,52,0,174,2,0,2,176
12/05/2007,STT,VI,ASO,ES,Towers with Radar,30,12,24,0,66,0,89,47,0,136,30,101,71,0,202,10,0,10,212
12/06/2007,STT,VI,ASO,ES,Towers with Radar,32,15,23,4,74,0,95,54,3,152,32,110,77,7,226,22,0,22,248
12/07/2007,STT,VI,ASO,ES,Towers with Radar,28,12,11,0,51,0,120,54,0,174,28,132,65,0,225,0,0,0,225
12/08/2007,STT,VI,ASO,ES,Towers with Radar,40,9,2,0,51,0,92,30,7,129,40,101,32,7,180,0,0,0,180
12/09/2007,STT,VI,ASO,ES,Towers with Radar,38,5,4,0,47,0,108,29,4,141,38,113,33,4,188,0,0,0,188
12/10/2007,STT,VI,ASO,ES,Towers with Radar,32,11,17,1,61,0,77,29,1,107,32,88,46,2,168,0,0,0,168
12/11/2007,STT,VI,ASO,ES,Towers with Radar,32,16,29,0,77,0,98,36,0,134,32,114,65,0,211,0,0,0,211
12/12/2007,STT,VI,ASO,ES,Towers with Radar,24,18,24,3,69,0,87,40,3,130,24,105,64,6,199,2,0,2,201
12/13/2007,STT,VI,ASO,ES,Towers with Radar,26,49,20,3,98,0,77,48,0,125,26,126,68,3,223,0,0,0,223
12/14/2007,STT,VI,ASO,ES,Towers with Radar,38,25,24,6,93,0,90,38,0,128,38,115,62,6,221,4,0,4,225
12/15/2007,STT,VI,ASO,ES,Towers with Radar,49,13,13,2,77,0,98,70,0,168,49,111,83,2,245,0,0,0,245
12/16/2007,STT,VI,ASO,ES,Towers with Radar,34,8,12,1,55,0,89,38,0,127,34,97,50,1,182,18,0,18,200
12/17/2007,STT,VI,ASO,ES,Towers with Radar,31,18,15,0,64,0,100,73,0,173,31,118,88,0,237,30,0,30,267
12/18/2007,STT,VI,ASO,ES,Towers with Radar,35,15,16,3,69,0,89,49,1,139,35,104,65,4,208,30,0,30,238
12/19/2007,STT,VI,ASO,ES,Towers with Radar,31,23,25,0,79,0,87,84,1,172,31,110,109,1,251,0,0,0,251
12/20/2007,STT,VI,ASO,ES,Towers with Radar,38,11,28,0,77,0,140,97,1,238,38,151,125,1,315,20,0,20,335
12/21/2007,STT,VI,ASO,ES,Towers with Radar,36,18,29,0,83,0,125,84,1,210,36,143,113,1,293,12,0,12,305
12/22/2007,STT,VI,ASO,ES,Towers with Radar,46,12,43,7,108,0,139,80,0,219,46,151,123,7,327,6,0,6,333
12/23/2007,STT,VI,ASO,ES,Towers with Radar,40,10,18,0,68,0,117,64,0,181,40,127,82,0,249,10,0,10,259
12/24/2007,STT,VI,ASO,ES,Towers with Radar,26,11,11,0,48,0,95,64,0,159,26,106,75,0,207,8,0,8,215
12/25/2007,STT,VI,ASO,ES,Towers with Radar,27,5,8,1,41,2,62,28,3,95,29,67,36,4,136,0,0,0,136
12/26/2007,STT,VI,ASO,ES,Towers with Radar,34,10,47,0,91,0,111,70,0,181,34,121,117,0,272,4,0,4,276
12/27/2007,STT,VI,ASO,ES,Towers with Radar,41,9,33,0,83,0,132,59,1,192,41,141,92,1,275,8,0,8,283
12/28/2007,STT,VI,ASO,ES,Towers with Radar,43,16,28,0,87,0,125,66,0,191,43,141,94,0,278,22,0,22,300
12/29/2007,STT,VI,ASO,ES,Towers with Radar,51,7,28,0,86,0,102,53,0,155,51,109,81,0,241,10,0,10,251
12/30/2007,STT,VI,ASO,ES,Towers with Radar,42,8,31,0,81,0,115,37,0,152,42,123,68,0,233,0,0,0,233
12/31/2007,STT,VI,ASO,ES,Towers with Radar,32,8,15,0,55,0,107,58,0,165,32,115,73,0,220,9,0,9,229
01/01/2008,STT,VI,ASO,ES,Towers with Radar,27,12,26,0,65,0,87,48,0,135,27,99,74,0,200,0,0,0,200
01/02/2008,STT,VI,ASO,ES,Towers with Radar,31,22,42,0,95,0,128,76,1,205,31,150,118,1,300,0,0,0,300
01/03/2008,STT,VI,ASO,ES,Towers with Radar,36,14,44,2,96,0,150,82,0,232,36,164,126,2,328,26,0,26,354
01/04/2008,STT,VI,ASO,ES,Towers with Radar,39,15,32,0,86,0,155,83,1,239,39,170,115,1,325,0,0,0,325
01/05/2008,STT,VI,ASO,ES,Towers with Radar,49,135,116,0,300,0,0,0,0,0,49,135,116,0,300,0,0,0,300
01/06/2008,STT,VI,ASO,ES,Towers with Radar,37,25,30,0,92,0,135,75,0,210,37,160,105,0,302,0,0,0,302
01/07/2008,STT,VI,ASO,ES,Towers with Radar,30,12,29,0,71,0,114,64,0,178,30,126,93,0,249,2,0,2,251
01/08/2008,STT,VI,ASO,ES,Towers with Radar,29,15,11,0,55,0,105,68,1,174,29,120,79,1,229,0,0,0,229
01/09/2008,STT,VI,ASO,ES,Towers with Radar,33,19,12,10,74,0,99,50,0,149,33,118,62,10,223,8,0,8,231
01/10/2008,STT,VI,ASO,ES,Towers with Radar,34,27,24,1,86,0,116,44,1,161,34,143,68,2,247,18,0,18,265
01/11/2008,STT,VI,ASO,ES,Towers with Radar,35,15,16,0,66,0,89,63,0,152,35,104,79,0,218,12,0,12,230
01/12/2008,STT,VI,ASO,ES,Towers with Radar,45,7,21,9,82,0,118,35,3,156,45,125,56,12,238,6,0,6,244
01/13/2008,STT,VI,ASO,ES,Towers with Radar,37,13,19,4,73,0,88,35,1,124,37,101,54,5,197,6,0,6,203
01/14/2008,STT,VI,ASO,ES,Towers with Radar,29,14,23,1,67,0,94,33,2,129,29,108,56,3,196,0,0,0,196
01/15/2008,STT,VI,ASO,ES,Towers with Radar,30,12,11,0,53,0,101,64,5,170,30,113,75,5,223,0,0,0,223
01/16/2008,STT,VI,ASO,ES,Towers with Radar,28,20,26,0,74,0,105,88,1,194,28,125,114,1,268,2,0,2,270
01/17/2008,STT,VI,ASO,ES,Towers with Radar,32,9,30,11,82,2,102,61,0,165,34,111,91,11,247,16,0,16,263
01/18/2008,STT,VI,ASO,ES,Towers with Radar,31,22,23,2,78,0,110,47,0,157,31,132,70,2,235,0,0,0,235
01/19/2008,STT,VI,ASO,ES,Towers with Radar,50,11,20,0,81,0,111,45,0,156,50,122,65,0,237,8,0,8,245
01/20/2008,STT,VI,ASO,ES,Towers with Radar,40,14,9,0,63,0,107,27,0,134,40,121,36,0,197,0,0,0,197
01/21/2008,STT,VI,ASO,ES,Towers with Radar,25,40,18,0,83,0,43,33,0,76,25,83,51,0,159,18,0,18,177
01/22/2008,STT,VI,ASO,ES,Towers with Radar,26,11,19,0,56,0,91,62,0,153,26,102,81,0,209,12,0,12,221
01/23/2008,STT,VI,ASO,ES,Towers with Radar,33,23,15,0,71,0,100,65,2,167,33,123,80,2,238,14,0,14,252
01/24/2008,STT,VI,ASO,ES,Towers with Radar,33,15,16,0,64,0,95,46,0,141,33,110,62,0,205,0,0,0,205
01/25/2008,STT,VI,ASO,ES,Towers with Radar,32,21,23,0,76,0,106,68,2,176,32,127,91,2,252,16,0,16,268
01/26/2008,STT,VI,ASO,ES,Towers with Radar,46,11,19,0,76,0,124,50,0,174,46,135,69,0,250,6,0,6,256
01/27/2008,STT,VI,ASO,ES,Towers with Radar,35,8,12,0,55,0,82,42,0,124,35,90,54,0,179,0,0,0,179
01/28/2008,STT,VI,ASO,ES,Towers with Radar,31,16,24,0,71,0,81,38,5,124,31,97,62,5,195,15,0,15,210
01/29/2008,STT,VI,ASO,ES,Towers with Radar,32,17,19,0,68,0,103,44,0,147,32,120,63,0,215,0,0,0,215
01/30/2008,STT,VI,ASO,ES,Towers with Radar,29,17,15,0,61,0,91,41,1,133,29,108,56,1,194,38,0,38,232
01/31/2008,STT,VI,ASO,ES,Towers with Radar,37,8,18,0,63,0,99,48,1,148,37,107,66,1,211,0,0,0,211
02/01/2008,STT,VI,ASO,ES,Towers with Radar,32,135,66,0,233,0,0,0,0,0,32,135,66,0,233,6,0,6,239
02/02/2008,STT,VI,ASO,ES,Towers with Radar,57,16,21,0,94,0,103,39,0,142,57,119,60,0,236,0,0,0,236
02/03/2008,STT,VI,ASO,ES,Towers with Radar,40,14,12,0,66,0,94,32,0,126,40,108,44,0,192,14,0,14,206
02/04/2008,STT,VI,ASO,ES,Towers with Radar,34,18,23,0,75,0,81,22,0,103,34,99,45,0,178,6,0,6,184
02/05/2008,STT,VI,ASO,ES,Towers with Radar,29,12,31,0,72,0,93,63,2,158,29,105,94,2,230,8,0,8,238
02/06/2008,STT,VI,ASO,ES,Towers with Radar,34,17,28,1,80,0,95,59,0,154,34,112,87,1,234,12,0,12,246
02/07/2008,STT,VI,ASO,ES,Towers with Radar,35,19,30,0,84,1,107,59,0,167,36,126,89,0,251,42,0,42,293
02/08/2008,STT,VI,ASO,ES,Towers with Radar,35,36,20,0,91,0,109,71,1,181,35,145,91,1,272,14,0,14,286
02/09/2008,STT,VI,ASO,ES,Towers with Radar,47,18,19,1,85,0,116,55,3,174,47,134,74,4,259,26,0,26,285
02/10/2008,STT,VI,ASO,ES,Towers with Radar,40,13,10,0,63,0,100,59,5,164,40,113,69,5,227,0,0,0,227
02/11/2008,STT,VI,ASO,ES,Towers with Radar,30,15,18,1,64,0,103,59,2,164,30,118,77,3,228,48,0,48,276
02/12/2008,STT,VI,ASO,ES,Towers with Radar,32,32,27,1,92,0,91,48,6,145,32,123,75,7,237,68,0,68,305
02/13/2008,STT,VI,ASO,ES,Towers with Radar,32,14,11,0,57,0,107,80,6,193,32,121,91,6,250,26,2,28,278
02/14/2008,STT,VI,ASO,ES,Towers with Radar,39,9,22,0,70,0,127,64,2,193,39,136,86,2,263,8,0,8,271
02/15/2008,STT,VI,ASO,ES,Towers with Radar,37,21,29,0,87,0,147,131,1,279,37,168,160,1,366,12,4,16,382
02/16/2008,STT,VI,ASO,ES,Towers with Radar,50,15,18,1,84,0,143,75,0,218,50,158,93,1,302,2,0,2,304
02/17/2008,STT,VI,ASO,ES,Towers with Radar,41,34,20,0,95,0,93,55,1,149,41,127,75,1,244,4,2,6,250
02/18/2008,STT,VI,ASO,ES,Towers with Radar,31,11,34,0,76,0,135,109,0,244,31,146,143,0,320,14,0,14,334
02/19/2008,STT,VI,ASO,ES,Towers with Radar,25,18,23,1,67,0,124,77,2,203,25,142,100,3,270,34,0,34,304
02/20/2008,STT,VI,ASO,ES,Towers with Radar,31,10,27,1,69,0,118,55,7,180,31,128,82,8,249,0,0,0,249
02/21/2008,STT,VI,ASO,ES,Towers with Radar,47,15,27,0,89,0,112,67,0,179,47,127,94,0,268,0,0,0,268
02/22/2008,STT,VI,ASO,ES,Towers with Radar,37,21,17,0,75,0,110,77,0,187,37,131,94,0,262,16,0,16,278
02/23/2008,STT,VI,ASO,ES,Towers with Radar,46,17,23,0,86,0,152,62,0,214,46,169,85,0,300,8,0,8,308
02/24/2008,STT,VI,ASO,ES,Towers with Radar,45,5,18,0,68,0,118,75,0,193,45,123,93,0,261,2,0,2,263
02/25/2008,STT,VI,ASO,ES,Towers with Radar,33,16,20,0,69,0,103,55,0,158,33,119,75,0,227,16,0,16,243
02/26/2008,STT,VI,ASO,ES,Towers with Radar,37,12,20,4,73,0,102,54,4,160,37,114,74,8,233,38,0,38,271
02/27/2008,STT,VI,ASO,ES,Towers with Radar,30,16,20,0,66,0,92,58,0,150,30,108,78,0,216,24,0,24,240
02/28/2008,STT,VI,ASO,ES,Towers with Radar,37,18,18,3,76,0,110,56,4,170,37,128,74,7,246,34,0,34,280
02/29/2008,STT,VI,ASO,ES,Towers with Radar,38,24,22,5,89,0,107,67,0,174,38,131,89,5,263,16,0,16,279
03/01/2008,STT,VI,ASO,ES,Towers with Radar,51,15,20,0,86,0,116,52,0,168,51,131,72,0,254,0,0,0,254
03/02/2008,STT,VI,ASO,ES,Towers with Radar,44,13,15,2,74,0,108,53,3,164,44,121,68,5,238,18,0,18,256
03/03/2008,STT,VI,ASO,ES,Towers with Radar,36,16,19,3,74,0,88,54,1,143,36,104,73,4,217,2,0,2,219
03/04/2008,STT,VI,ASO,ES,Towers with Radar,33,17,25,5,80,0,96,54,3,153,33,113,79,8,233,6,0,6,239
03/05/2008,STT,VI,ASO,ES,Towers with Radar,33,13,18,0,64,0,109,47,0,156,33,122,65,0,220,0,0,0,220
03/06/2008,STT,VI,ASO,ES,Towers with Radar,39,15,23,1,78,0,129,38,0,167,39,144,61,1,245,0,0,0,245
03/07/2008,STT,VI,ASO,ES,Towers with Radar,38,21,19,0,78,0,116,60,0,176,38,137,79,0,254,8,0,8,262
03/08/2008,STT,VI,ASO,ES,Towers with Radar,49,17,22,0,88,0,124,49,0,173,49,141,71,0,261,4,0,4,265
03/09/2008,STT,VI,ASO,ES,Towers with Radar,46,16,12,0,74,0,96,42,0,138,46,112,54,0,212,6,0,6,218
03/10/2008,STT,VI,ASO,ES,Towers with Radar,33,12,19,0,64,0,110,39,5,154,33,122,58,5,218,0,0,0,218
03/11/2008,STT,VI,ASO,ES,Towers with Radar,37,16,18,14,85,0,100,75,2,177,37,116,93,16,262,4,0,4,266
03/12/2008,STT,VI,ASO,ES,Towers with Radar,32,15,19,1,67,0,103,55,0,158,32,118,74,1,225,0,10,10,235
03/13/2008,STT,VI,ASO,ES,Towers with Radar,40,128,73,0,241,0,0,0,0,0,40,128,73,0,241,18,0,18,259
03/14/2008,STT,VI,ASO,ES,Towers with Radar,38,25,22,1,86,0,138,70,0,208,38,163,92,1,294,2,0,2,296
03/15/2008,STT,VI,ASO,ES,Towers with Radar,51,10,39,0,100,0,151,77,0,228,51,161,116,0,328,28,0,28,356
03/16/2008,STT,VI,ASO,ES,Towers with Radar,45,13,24,0,82,0,128,54,0,182,45,141,78,0,264,6,0,6,270
03/17/2008,STT,VI,ASO,ES,Towers with Radar,34,20,7,0,61,0,115,50,1,166,34,135,57,1,227,8,0,8,235
03/18/2008,STT,VI,ASO,ES,Towers with Radar,24,31,16,0,71,18,112,67,0,197,42,143,83,0,268,24,0,24,292
03/19/2008,STT,VI,ASO,ES,Towers with Radar,32,24,11,4,71,0,119,57,0,176,32,143,68,4,247,4,0,4,251
03/20/2008,STT,VI,ASO,ES,Towers with Radar,41,138,79,3,261,0,0,0,0,0,41,138,79,3,261,0,0,0,261
03/21/2008,STT,VI,ASO,ES,Towers with Radar,41,16,21,0,78,0,125,31,1,157,41,141,52,1,235,0,0,0,235
03/22/2008,STT,VI,ASO,ES,Towers with Radar,53,20,38,0,111,0,141,64,0,205,53,161,102,0,316,0,0,0,316
03/23/2008,STT,VI,ASO,ES,Towers with Radar,44,16,12,0,72,0,125,39,0,164,44,141,51,0,236,0,0,0,236
03/24/2008,STT,VI,ASO,ES,Towers with Radar,32,26,16,1,75,0,146,56,1,203,32,172,72,2,278,10,0,10,288
03/25/2008,STT,VI,ASO,ES,Towers with Radar,33,30,16,0,79,0,98,40,0,138,33,128,56,0,217,22,0,22,239
03/26/2008,STT,VI,ASO,ES,Towers with Radar,32,29,24,0,85,0,102,85,0,187,32,131,109,0,272,40,0,40,312
03/27/2008,STT,VI,ASO,ES,Towers with Radar,41,134,65,0,240,0,0,0,0,0,41,134,65,0,240,0,0,0,240
03/28/2008,STT,VI,ASO,ES,Towers with Radar,38,29,22,0,89,0,125,58,0,183,38,154,80,0,272,0,0,0,272
03/29/2008,STT,VI,ASO,ES,Towers with Radar,51,16,23,0,90,0,141,53,2,196,51,157,76,2,286,2,0,2,288
03/30/2008,STT,VI,ASO,ES,Towers with Radar,45,17,16,0,78,0,134,61,0,195,45,151,77,0,273,4,0,4,277
03/31/2008,STT,VI,ASO,ES,Towers with Radar,34,30,10,0,74,0,118,61,0,179,34,148,71,0,253,2,0,2,255
04/01/2008,STT,VI,ASO,ES,Towers with Radar,35,27,17,0,79,0,92,31,9,132,35,119,48,9,211,0,0,0,211
04/02/2008,STT,VI,ASO,ES,Towers with Radar,32,30,4,3,69,0,115,52,1,168,32,145,56,4,237,14,0,14,251
04/03/2008,STT,VI,ASO,ES,Towers with Radar,40,46,21,0,107,0,114,38,0,152,40,160,59,0,259,36,0,36,295
04/04/2008,STT,VI,ASO,ES,Towers with Radar,35,25,9,0,69,0,106,53,0,159,35,131,62,0,228,0,0,0,228
04/05/2008,STT,VI,ASO,ES,Towers with Radar,53,13,11,1,78,0,96,41,1,138,53,109,52,2,216,6,0,6,222
04/06/2008,STT,VI,ASO,ES,Towers with Radar,42,12,15,0,69,0,111,39,0,150,42,123,54,0,219,0,0,0,219
04/07/2008,STT,VI,ASO,ES,Towers with Radar,32,26,8,4,70,0,92,32,12,136,32,118,40,16,206,12,0,12,218
04/08/2008,STT,VI,ASO,ES,Towers with Radar,35,20,8,0,63,0,104,56,0,160,35,124,64,0,223,68,0,68,291
04/09/2008,STT,VI,ASO,ES,Towers with Radar,30,25,5,4,64,0,93,53,2,148,30,118,58,6,212,40,0,40,252
04/10/2008,STT,VI,ASO,ES,Towers with Radar,32,25,16,0,73,0,85,50,0,135,32,110,66,0,208,10,0,10,218
04/11/2008,STT,VI,ASO,ES,Towers with Radar,37,26,12,4,79,0,125,31,0,156,37,151,43,4,235,10,0,10,245
04/12/2008,STT,VI,ASO,ES,Towers with Radar,49,13,15,12,89,0,117,49,3,169,49,130,64,15,258,20,0,20,278
04/13/2008,STT,VI,ASO,ES,Towers with Radar,39,14,9,4,66,0,116,32,0,148,39,130,41,4,214,10,0,10,224
04/14/2008,STT,VI,ASO,ES,Towers with Radar,25,57,8,7,97,0,42,28,0,70,25,99,36,7,167,0,0,0,167
04/15/2008,STT,VI,ASO,ES,Towers with Radar,37,22,3,6,68,0,129,53,1,183,37,151,56,7,251,14,0,14,265
04/16/2008,STT,VI,ASO,ES,Towers with Radar,29,22,12,5,68,0,106,47,7,160,29,128,59,12,228,10,0,10,238
04/17/2008,STT,VI,ASO,ES,Towers with Radar,34,135,54,4,227,0,0,0,0,0,34,135,54,4,227,40,0,40,267
04/18/2008,STT,VI,ASO,ES,Towers with Radar,35,36,7,0,78,0,143,46,0,189,35,179,53,0,267,14,0,14,281
04/19/2008,STT,VI,ASO,ES,Towers with Radar,51,14,14,0,79,0,131,54,0,185,51,145,68,0,264,14,0,14,278
04/20/2008,STT,VI,ASO,ES,Towers with Radar,43,11,6,0,60,0,94,35,0,129,43,105,41,0,189,0,0,0,189
04/21/2008,STT,VI,ASO,ES,Towers with Radar,32,22,8,0,62,0,114,56,0,170,32,136,64,0,232,0,0,0,232
04/22/2008,STT,VI,ASO,ES,Towers with Radar,33,24,8,4,69,0,97,52,0,149,33,121,60,4,218,26,0,26,244
04/23/2008,STT,VI,ASO,ES,Towers with Radar,31,26,7,0,64,0,106,59,0,165,31,132,66,0,229,32,0,32,261
04/24/2008,STT,VI,ASO,ES,Towers with Radar,29,21,7,0,57,0,0,0,0,0,29,21,7,0,57,10,0,10,67
04/25/2008,STT,VI,ASO,ES,Towers with Radar,36,24,16,0,76,0,104,39,0,143,36,128,55,0,219,0,0,0,219
04/26/2008,STT,VI,ASO,ES,Towers with Radar,52,30,5,0,87,0,103,42,0,145,52,133,47,0,232,0,0,0,232
04/27/2008,STT,VI,ASO,ES,Towers with Radar,37,31,11,0,79,0,127,52,0,179,37,158,63,0,258,2,0,2,260
04/28/2008,STT,VI,ASO,ES,Towers with Radar,35,31,7,0,73,0,116,48,0,164,35,147,55,0,237,8,0,8,245
04/29/2008,STT,VI,ASO,ES,Towers with Radar,29,21,10,0,60,0,104,52,0,156,29,125,62,0,216,10,0,10,226
04/30/2008,STT,VI,ASO,ES,Towers with Radar,35,23,9,2,69,0,86,65,2,153,35,109,74,4,222,26,0,26,248
05/01/2008,STT,VI,ASO,ES,Towers with Radar,31,109,57,1,198,0,0,0,0,0,31,109,57,1,198,8,1,9,207
05/02/2008,STT,VI,ASO,ES,Towers with Radar,33,20,9,2,64,0,103,45,0,148,33,123,54,2,212,0,2,2,214
05/03/2008,STT,VI,ASO,ES,Towers with Radar,44,6,7,0,57,0,117,45,0,162,44,123,52,0,219,18,0,18,237
05/04/2008,STT,VI,ASO,ES,Towers with Radar,33,6,5,0,44,0,87,34,1,122,33,93,39,1,166,0,22,22,188
05/05/2008,STT,VI,ASO,ES,Towers with Radar,29,25,8,0,62,0,94,37,0,131,29,119,45,0,193,0,0,0,193
05/06/2008,STT,VI,ASO,ES,Towers with Radar,28,21,4,0,53,0,89,28,0,117,28,110,32,0,170,0,0,0,170
05/07/2008,STT,VI,ASO,ES,Towers with Radar,25,26,7,0,58,0,91,43,0,134,25,117,50,0,192,16,0,16,208
05/08/2008,STT,VI,ASO,ES,Towers with Radar,29,114,10,0,153,0,0,0,0,0,29,114,10,0,153,26,0,26,179
05/09/2008,STT,VI,ASO,ES,Towers with Radar,32,28,2,0,62,0,111,57,0,168,32,139,59,0,230,2,0,2,232
05/10/2008,STT,VI,ASO,ES,Towers with Radar,39,10,9,0,58,0,98,23,1,122,39,108,32,1,180,12,0,12,192
05/11/2008,STT,VI,ASO,ES,Towers with Radar,34,8,8,0,50,0,105,45,0,150,34,113,53,0,200,0,0,0,200
05/12/2008,STT,VI,ASO,ES,Towers with Radar,30,22,6,0,58,0,94,42,0,136,30,116,48,0,194,6,0,6,200
05/13/2008,STT,VI,ASO,ES,Towers with Radar,28,27,4,0,59,0,100,57,0,157,28,127,61,0,216,6,0,6,222
05/14/2008,STT,VI,ASO,ES,Towers with Radar,28,20,3,0,51,0,87,58,4,149,28,107,61,4,200,6,0,6,206
05/15/2008,STT,VI,ASO,ES,Towers with Radar,26,126,63,1,216,0,0,0,0,0,26,126,63,1,216,12,0,12,228
05/16/2008,STT,VI,ASO,ES,Towers with Radar,33,26,2,0,61,0,94,57,0,151,33,120,59,0,212,0,0,0,212
05/17/2008,STT,VI,ASO,ES,Towers with Radar,41,10,6,0,57,0,107,40,15,162,41,117,46,15,219,2,0,2,221
05/18/2008,STT,VI,ASO,ES,Towers with Radar,36,8,11,0,55,0,103,33,6,142,36,111,44,6,197,0,0,0,197
05/19/2008,STT,VI,ASO,ES,Towers with Radar,29,31,5,2,67,0,89,37,2,128,29,120,42,4,195,0,0,0,195
05/20/2008,STT,VI,ASO,ES,Towers with Radar,30,18,3,6,57,0,5,153,2,160,30,23,156,8,217,24,0,24,241
05/21/2008,STT,VI,ASO,ES,Towers with Radar,28,22,6,0,56,0,88,57,0,145,28,110,63,0,201,16,0,16,217
05/22/2008,STT,VI,ASO,ES,Towers with Radar,30,126,70,0,226,0,0,0,0,0,30,126,70,0,226,20,0,20,246
05/23/2008,STT,VI,ASO,ES,Towers with Radar,32,19,12,0,63,0,97,64,0,161,32,116,76,0,224,0,0,0,224
05/24/2008,STT,VI,ASO,ES,Towers with Radar,43,8,4,0,55,0,115,47,0,162,43,123,51,0,217,8,0,8,225
05/25/2008,STT,VI,ASO,ES,Towers with Radar,30,9,8,0,47,0,87,26,2,115,30,96,34,2,162,0,0,0,162
05/26/2008,STT,VI,ASO,ES,Towers with Radar,28,7,11,0,46,0,94,38,0,132,28,101,49,0,178,38,0,38,216
05/27/2008,STT,VI,ASO,ES,Towers with Radar,28,19,0,0,47,0,95,50,0,145,28,114,50,0,192,32,0,32,224
05/28/2008,STT,VI,ASO,ES,Towers with Radar,29,21,17,0,67,0,70,37,4,111,29,91,54,4,178,0,0,0,178
05/29/2008,STT,VI,ASO,ES,Towers with Radar,28,113,72,0,213,0,0,0,0,0,28,113,72,0,213,20,0,20,233
05/30/2008,STT,VI,ASO,ES,Towers with Radar,32,18,10,0,60,0,109,70,0,179,32,127,80,0,239,18,0,18,257
05/31/2008,STT,VI,ASO,ES,Towers with Radar,39,8,6,0,53,0,119,34,0,153,39,127,40,0,206,12,0,12,218
06/01/2008,STT,VI,ASO,ES,Towers with Radar,36,7,6,1,50,0,73,44,0,117,36,80,50,1,167,0,0,0,167
06/02/2008,STT,VI,ASO,ES,Towers with Radar,29,25,4,0,58,0,73,35,0,108,29,98,39,0,166,4,0,4,170
06/03/2008,STT,VI,ASO,ES,Towers with Radar,27,23,0,0,50,0,80,51,1,132,27,103,51,1,182,20,0,20,202
06/04/2008,STT,VI,ASO,ES,Towers with Radar,31,25,5,0,61,0,55,75,0,130,31,80,80,0,191,0,0,0,191
06/05/2008,STT,VI,ASO,ES,Towers with Radar,30,108,64,0,202,0,0,0,0,0,30,108,64,0,202,12,0,12,214
06/06/2008,STT,VI,ASO,ES,Towers with Radar,32,19,5,0,56,0,89,55,0,144,32,108,60,0,200,6,0,6,206
06/07/2008,STT,VI,ASO,ES,Towers with Radar,39,6,15,0,60,0,80,40,0,120,39,86,55,0,180,0,0,0,180
06/08/2008,STT,VI,ASO,ES,Towers with Radar,36,6,7,0,49,0,87,46,0,133,36,93,53,0,182,0,0,0,182
06/09/2008,STT,VI,ASO,ES,Towers with Radar,33,23,9,0,65,0,82,65,0,147,33,105,74,0,212,32,0,32,244
06/10/2008,STT,VI,ASO,ES,Towers with Radar,24,23,5,2,54,0,79,62,1,142,24,102,67,3,196,14,0,14,210
06/11/2008,STT,VI,ASO,ES,Towers with Radar,0,0,0,0,0,29,137,59,4,229,29,137,59,4,229,10,0,10,239
06/12/2008,STT,VI,ASO,ES,Towers with Radar,30,115,52,0,197,0,0,0,0,0,30,115,52,0,197,16,0,16,213
06/13/2008,STT,VI,ASO,ES,Towers with Radar,32,21,4,0,57,0,110,60,0,170,32,131,64,0,227,16,0,16,243
06/14/2008,STT,VI,ASO,ES,Towers with Radar,42,9,5,0,56,0,88,44,0,132,42,97,49,0,188,12,0,12,200
06/15/2008,STT,VI,ASO,ES,Towers with Radar,34,9,4,0,47,0,81,26,0,107,34,90,30,0,154,0,0,0,154
06/16/2008,STT,VI,ASO,ES,Towers with Radar,32,23,7,0,62,0,74,63,2,139,32,97,70,2,201,22,0,22,223
06/17/2008,STT,VI,ASO,ES,Towers with Radar,26,20,7,0,53,0,85,46,0,131,26,105,53,0,184,10,0,10,194
06/18/2008,STT,VI,ASO,ES,Towers with Radar,33,24,14,2,73,0,89,65,10,164,33,113,79,12,237,16,0,16,253
06/19/2008,STT,VI,ASO,ES,Towers with Radar,34,96,52,7,189,0,0,0,0,0,34,96,52,7,189,4,0,4,193
06/20/2008,STT,VI,ASO,ES,Towers with Radar,27,22,8,2,59,0,96,53,1,150,27,118,61,3,209,12,0,12,221
06/21/2008,STT,VI,ASO,ES,Towers with Radar,43,7,5,1,56,0,97,48,0,145,43,104,53,1,201,0,0,0,201
06/22/2008,STT,VI,ASO,ES,Towers with Radar,37,5,7,3,52,0,81,41,5,127,37,86,48,8,179,0,0,0,179
06/23/2008,STT,VI,ASO,ES,Towers with Radar,36,19,0,1,56,0,95,52,10,157,36,114,52,11,213,4,0,4,217
06/24/2008,STT,VI,ASO,ES,Towers with Radar,25,20,11,2,58,0,99,51,10,160,25,119,62,12,218,4,0,4,222
06/25/2008,STT,VI,ASO,ES,Towers with Radar,31,16,6,8,61,0,89,65,4,158,31,105,71,12,219,0,0,0,219
06/26/2008,STT,VI,ASO,ES,Towers with Radar,32,106,53,20,211,0,0,0,0,0,32,106,53,20,211,6,0,6,217
06/27/2008,STT,VI,ASO,ES,Towers with Radar,32,18,8,8,66,0,113,62,8,183,32,131,70,16,249,8,0,8,257
06/28/2008,STT,VI,ASO,ES,Towers with Radar,41,15,8,9,73,0,78,47,0,125,41,93,55,9,198,4,0,4,202
06/29/2008,STT,VI,ASO,ES,Towers with Radar,35,8,5,2,50,0,81,47,2,130,35,89,52,4,180,0,0,0,180
06/30/2008,STT,VI,ASO,ES,Towers with Radar,33,24,4,3,64,0,80,51,1,132,33,104,55,4,196,6,0,6,202
07/01/2008,STT,VI,ASO,ES,Towers with Radar,26,98,45,4,173,0,0,0,0,0,26,98,45,4,173,0,0,0,173
07/02/2008,STT,VI,ASO,ES,Towers with Radar,30,18,4,2,54,0,88,47,0,135,30,106,51,2,189,10,0,10,199
07/03/2008,STT,VI,ASO,ES,Towers with Radar,30,99,68,0,197,0,0,0,0,0,30,99,68,0,197,6,0,6,203
07/04/2008,STT,VI,ASO,ES,Towers with Radar,28,73,30,0,131,0,0,0,0,0,28,73,30,0,131,22,0,22,153
07/05/2008,STT,VI,ASO,ES,Towers with Radar,42,7,2,0,51,0,74,37,0,111,42,81,39,0,162,4,0,4,166
07/06/2008,STT,VI,ASO,ES,Towers with Radar,37,6,4,0,47,0,81,49,0,130,37,87,53,0,177,0,0,0,177
07/07/2008,STT,VI,ASO,ES,Towers with Radar,35,21,10,0,66,0,83,61,0,144,35,104,71,0,210,2,0,2,212
07/08/2008,STT,VI,ASO,ES,Towers with Radar,27,21,9,0,57,0,94,80,0,174,27,115,89,0,231,6,0,6,237
07/09/2008,STT,VI,ASO,ES,Towers with Radar,31,22,9,0,62,0,77,49,4,130,31,99,58,4,192,28,0,28,220
07/10/2008,STT,VI,ASO,ES,Towers with Radar,32,102,51,0,185,0,0,0,0,0,32,102,51,0,185,0,0,0,185
07/11/2008,STT,VI,ASO,ES,Towers with Radar,34,14,8,0,56,0,102,48,6,156,34,116,56,6,212,0,0,0,212
07/12/2008,STT,VI,ASO,ES,Towers with Radar,42,6,9,2,59,0,80,37,2,119,42,86,46,4,178,10,0,10,188
07/13/2008,STT,VI,ASO,ES,Towers with Radar,38,6,9,0,53,0,66,37,1,104,38,72,46,1,157,2,0,2,159
07/14/2008,STT,VI,ASO,ES,Towers with Radar,32,22,8,0,62,0,62,53,0,115,32,84,61,0,177,12,0,12,189
07/15/2008,STT,VI,ASO,ES,Towers with Radar,28,20,9,1,58,0,68,52,0,120,28,88,61,1,178,2,0,2,180
07/16/2008,STT,VI,ASO,ES,Towers with Radar,34,30,2,0,66,0,77,46,6,129,34,107,48,6,195,16,0,16,211
07/17/2008,STT,VI,ASO,ES,Towers with Radar,32,22,4,1,59,0,91,53,0,144,32,113,57,1,203,18,0,18,221
07/18/2008,STT,VI,ASO,ES,Towers with Radar,33,18,3,0,54,0,91,61,0,152,33,109,64,0,206,24,0,24,230
07/19/2008,STT,VI,ASO,ES,Towers with Radar,43,6,4,0,53,0,77,64,0,141,43,83,68,0,194,9,0,9,203
07/20/2008,STT,VI,ASO,ES,Towers with Radar,36,8,8,0,52,0,77,38,0,115,36,85,46,0,167,10,0,10,177
07/21/2008,STT,VI,ASO,ES,Towers with Radar,30,20,4,0,54,0,88,58,0,146,30,108,62,0,200,0,0,0,200
07/22/2008,STT,VI,ASO,ES,Towers with Radar,32,20,4,0,56,0,87,57,0,144,32,107,61,0,200,50,0,50,250
07/23/2008,STT,VI,ASO,ES,Towers with Radar,30,20,7,0,57,0,20,55,2,77,30,40,62,2,134,0,0,0,134
07/24/2008,STT,VI,ASO,ES,Towers with Radar,32,19,10,0,61,0,97,76,0,173,32,116,86,0,234,10,0,10,244
07/25/2008,STT,VI,ASO,ES,Towers with Radar,32,16,2,0,50,0,98,59,0,157,32,114,61,0,207,0,0,0,207
07/26/2008,STT,VI,ASO,ES,Towers with Radar,42,8,6,0,56,0,81,56,0,137,42,89,62,0,193,24,0,24,217
07/27/2008,STT,VI,ASO,ES,Towers with Radar,35,8,3,0,46,0,86,44,0,130,35,94,47,0,176,6,0,6,182
07/28/2008,STT,VI,ASO,ES,Towers with Radar,31,22,4,0,57,0,78,68,0,146,31,100,72,0,203,4,0,4,207
07/29/2008,STT,VI,ASO,ES,Towers with Radar,25,24,3,0,52,0,75,64,2,141,25,99,67,2,193,44,0,44,237
07/30/2008,STT,VI,ASO,ES,Towers with Radar,29,20,7,0,56,0,89,66,0,155,29,109,73,0,211,0,0,0,211
07/31/2008,STT,VI,ASO,ES,Towers with Radar,32,86,48,2,168,0,0,0,0,0,32,86,48,2,168,4,0,4,172
08/01/2008,STT,VI,ASO,ES,Towers with Radar,33,20,6,0,59,0,103,68,0,171,33,123,74,0,230,0,0,0,230
08/02/2008,STT,VI,ASO,ES,Towers with Radar,40,15,2,0,57,0,63,22,0,85,40,78,24,0,142,0,0,0,142
08/03/2008,STT,VI,ASO,ES,Towers with Radar,34,7,2,0,43,0,89,36,0,125,34,96,38,0,168,0,0,0,168
08/04/2008,STT,VI,ASO,ES,Towers with Radar,30,22,1,0,53,0,80,36,0,116,30,102,37,0,169,8,0,8,177
08/05/2008,STT,VI,ASO,ES,Towers with Radar,28,22,7,0,57,0,74,51,0,125,28,96,58,0,182,0,0,0,182
08/06/2008,STT,VI,ASO,ES,Towers with Radar,31,23,6,0,60,0,79,37,0,116,31,102,43,0,176,4,0,4,180
08/07/2008,STT,VI,ASO,ES,Towers with Radar,33,19,3,0,55,0,83,75,1,159,33,102,78,1,214,30,0,30,244
08/08/2008,STT,VI,ASO,ES,Towers with Radar,34,22,5,0,61,0,87,42,5,134,34,109,47,5,195,2,0,2,197
08/09/2008,STT,VI,ASO,ES,Towers with Radar,44,5,5,0,54,0,72,37,4,113,44,77,42,4,167,2,0,2,169
08/10/2008,STT,VI,ASO,ES,Towers with Radar,33,4,11,0,48,0,74,27,4,105,33,78,38,4,153,0,0,0,153
08/11/2008,STT,VI,ASO,ES,Towers with Radar,28,22,2,0,52,0,84,52,0,136,28,106,54,0,188,14,0,14,202
08/12/2008,STT,VI,ASO,ES,Towers with Radar,28,20,7,0,55,0,92,52,0,144,28,112,59,0,199,22,0,22,221
08/13/2008,STT,VI,ASO,ES,Towers with Radar,30,22,7,0,59,0,82,52,6,140,30,104,59,6,199,42,0,42,241
08/14/2008,STT,VI,ASO,ES,Towers with Radar,31,24,4,0,59,0,78,43,0,121,31,102,47,0,180,42,0,42,222
08/15/2008,STT,VI,ASO,ES,Towers with Radar,33,22,10,0,65,0,84,45,0,129,33,106,55,0,194,8,0,8,202
08/16/2008,STT,VI,ASO,ES,Towers with Radar,41,7,3,0,51,0,73,40,1,114,41,80,43,1,165,24,0,24,189
08/17/2008,STT,VI,ASO,ES,Towers with Radar,32,6,4,0,42,0,76,36,3,115,32,82,40,3,157,0,0,0,157
08/18/2008,STT,VI,ASO,ES,Towers with Radar,30,21,8,0,59,0,73,49,0,122,30,94,57,0,181,58,0,58,239
08/19/2008,STT,VI,ASO,ES,Towers with Radar,26,21,9,0,56,0,72,56,0,128,26,93,65,0,184,74,0,74,258
08/20/2008,STT,VI,ASO,ES,Towers with Radar,26,21,3,0,50,0,93,51,0,144,26,114,54,0,194,48,0,48,242
08/21/2008,STT,VI,ASO,ES,Towers with Radar,31,22,2,0,55,0,96,52,0,148,31,118,54,0,203,12,0,12,215
08/22/2008,STT,VI,ASO,ES,Towers with Radar,31,19,2,0,52,0,85,38,1,124,31,104,40,1,176,8,0,8,184
08/23/2008,STT,VI,ASO,ES,Towers with Radar,37,4,2,0,43,0,81,30,0,111,37,85,32,0,154,20,0,20,174
08/24/2008,STT,VI,ASO,ES,Towers with Radar,33,7,2,16,58,0,76,9,0,85,33,83,11,16,143,2,0,2,145
08/25/2008,STT,VI,ASO,ES,Towers with Radar,28,30,3,1,62,0,62,36,0,98,28,92,39,1,160,12,0,12,172
08/26/2008,STT,VI,ASO,ES,Towers with Radar,26,18,1,9,54,0,63,54,0,117,26,81,55,9,171,26,0,26,197
08/27/2008,STT,VI,ASO,ES,Towers with Radar,32,23,0,0,55,0,81,39,0,120,32,104,39,0,175,24,0,24,199
08/28/2008,STT,VI,ASO,ES,Towers with Radar,28,24,3,3,58,0,78,50,4,132,28,102,53,7,190,22,0,22,212
08/29/2008,STT,VI,ASO,ES,Towers with Radar,32,19,2,0,53,0,97,64,0,161,32,116,66,0,214,2,0,2,216
08/30/2008,STT,VI,ASO,ES,Towers with Radar,26,7,1,0,34,0,63,22,0,85,26,70,23,0,119,0,0,0,119
08/31/2008,STT,VI,ASO,ES,Towers with Radar,25,6,0,0,31,0,66,17,0,83,25,72,17,0,114,0,0,0,114
09/01/2008,STT,VI,ASO,ES,Towers with Radar,22,6,2,0,30,0,79,39,0,118,22,85,41,0,148,28,0,28,176
09/02/2008,STT,VI,ASO,ES,Towers with Radar,19,28,5,0,52,0,73,34,0,107,19,101,39,0,159,24,0,24,183
09/03/2008,STT,VI,ASO,ES,Towers with Radar,13,24,5,0,42,0,45,20,0,65,13,69,25,0,107,10,0,10,117
09/04/2008,STT,VI,ASO,ES,Towers with Radar,12,19,3,0,34,0,64,49,0,113,12,83,52,0,147,10,0,10,157
09/05/2008,STT,VI,ASO,ES,Towers with Radar,13,24,8,0,45,0,0,0,0,0,13,24,8,0,45,20,0,20,65
09/06/2008,STT,VI,ASO,ES,Towers with Radar,17,8,0,0,25,0,57,35,0,92,17,65,35,0,117,28,0,28,145
09/07/2008,STT,VI,ASO,ES,Towers with Radar,16,6,2,0,24,0,65,24,0,89,16,71,26,0,113,0,0,0,113
09/08/2008,STT,VI,ASO,ES,Towers with Radar,15,25,6,0,46,0,61,34,1,96,15,86,40,1,142,0,0,0,142
09/09/2008,STT,VI,ASO,ES,Towers with Radar,11,26,11,0,48,0,64,46,0,110,11,90,57,0,158,18,0,18,176
09/10/2008,STT,VI,ASO,ES,Towers with Radar,12,17,11,5,45,0,80,55,1,136,12,97,66,6,181,60,0,60,241
09/11/2008,STT,VI,ASO,ES,Towers with Radar,12,17,3,0,32,0,74,54,0,128,12,91,57,0,160,22,0,22,182
09/12/2008,STT,VI,ASO,ES,Towers with Radar,14,23,6,0,43,0,61,46,0,107,14,84,52,0,150,20,0,20,170
09/13/2008,STT,VI,ASO,ES,Towers with Radar,18,4,3,0,25,0,70,32,0,102,18,74,35,0,127,6,0,6,133
09/14/2008,STT,VI,ASO,ES,Towers with Radar,15,9,2,0,26,0,71,24,0,95,15,80,26,0,121,0,0,0,121
09/15/2008,STT,VI,ASO,ES,Towers with Radar,15,21,0,8,44,0,79,40,3,122,15,100,40,11,166,18,0,18,184
09/16/2008,STT,VI,ASO,ES,Towers with Radar,14,19,16,0,49,0,80,59,0,139,14,99,75,0,188,16,0,16,204
09/17/2008,STT,VI,ASO,ES,Towers with Radar,14,20,14,0,48,0,72,42,1,115,14,92,56,1,163,42,0,42,205
09/18/2008,STT,VI,ASO,ES,Towers with Radar,12,19,4,0,35,0,82,52,0,134,12,101,56,0,169,12,0,12,181
09/19/2008,STT,VI,ASO,ES,Towers with Radar,11,17,2,0,30,0,72,47,0,119,11,89,49,0,149,36,0,36,185
09/20/2008,STT,VI,ASO,ES,Towers with Radar,20,6,5,0,31,0,73,27,0,100,20,79,32,0,131,22,0,22,153
09/21/2008,STT,VI,ASO,ES,Towers with Radar,13,23,1,0,37,0,33,9,4,46,13,56,10,4,83,14,0,14,97
09/22/2008,STT,VI,ASO,ES,Towers with Radar,16,48,10,0,74,0,44,17,0,61,16,92,27,0,135,0,0,0,135
09/23/2008,STT,VI,ASO,ES,Towers with Radar,14,22,3,0,39,0,66,47,2,115,14,88,50,2,154,0,0,0,154
09/24/2008,STT,VI,ASO,ES,Towers with Radar,12,23,2,0,37,0,88,58,2,148,12,111,60,2,185,10,0,10,195
09/25/2008,STT,VI,ASO,ES,Towers with Radar,12,21,3,0,36,0,90,48,2,140,12,111,51,2,176,14,0,14,190
09/26/2008,STT,VI,ASO,ES,Towers with Radar,15,18,6,0,39,0,94,72,0,166,15,112,78,0,205,2,0,2,207
09/27/2008,STT,VI,ASO,ES,Towers with Radar,18,9,7,0,34,0,75,35,0,110,18,84,42,0,144,40,0,40,184
09/28/2008,STT,VI,ASO,ES,Towers with Radar,15,5,1,0,21,0,83,37,0,120,15,88,38,0,141,0,0,0,141
09/29/2008,STT,VI,ASO,ES,Towers with Radar,14,20,1,0,35,0,87,27,0,114,14,107,28,0,149,0,0,0,149
09/30/2008,STT,VI,ASO,ES,Towers with Radar,11,16,6,0,33,0,82,48,0,130,11,98,54,0,163,16,0,16,179
10/01/2008,STT,VI,ASO,ES,Towers with Radar,12,21,6,2,41,0,75,48,0,123,12,96,54,2,164,36,0,36,200
10/02/2008,STT,VI,ASO,ES,Towers with Radar,9,15,10,0,34,0,90,66,0,156,9,105,76,0,190,32,0,32,222
10/03/2008,STT,VI,ASO,ES,Towers with Radar,13,14,1,0,28,0,86,56,0,142,13,100,57,0,170,0,0,0,170
10/04/2008,STT,VI,ASO,ES,Towers with Radar,20,7,0,0,27,0,72,32,0,104,20,79,32,0,131,8,0,8,139
10/05/2008,STT,VI,ASO,ES,Towers with Radar,13,7,2,0,22,0,81,31,0,112,13,88,33,0,134,10,0,10,144
10/06/2008,STT,VI,ASO,ES,Towers with Radar,14,19,0,0,33,0,83,40,0,123,14,102,40,0,156,28,0,28,184
10/07/2008,STT,VI,ASO,ES,Towers with Radar,10,18,3,0,31,0,76,42,0,118,10,94,45,0,149,6,0,6,155
10/08/2008,STT,VI,ASO,ES,Towers with Radar,13,25,6,0,44,0,92,61,7,160,13,117,67,7,204,14,0,14,218
10/09/2008,STT,VI,ASO,ES,Towers with Radar,12,17,6,0,35,0,91,66,3,160,12,108,72,3,195,34,0,34,229
10/10/2008,STT,VI,ASO,ES,Towers with Radar,13,17,12,0,42,0,101,76,0,177,13,118,88,0,219,62,0,62,281
10/11/2008,STT,VI,ASO,ES,Towers with Radar,17,8,5,0,30,0,94,33,0,127,17,102,38,0,157,40,0,40,197
10/12/2008,STT,VI,ASO,ES,Towers with Radar,14,7,7,0,28,0,70,46,0,116,14,77,53,0,144,16,0,16,160
10/13/2008,STT,VI,ASO,ES,Towers with Radar,14,31,16,0,61,0,64,51,0,115,14,95,67,0,176,24,0,24,200
10/14/2008,STT,VI,ASO,ES,Towers with Radar,10,33,15,0,58,0,73,61,0,134,10,106,76,0,192,16,0,16,208
10/15/2008,STT,VI,ASO,ES,Towers with Radar,5,4,17,2,28,0,4,14,0,18,5,8,31,2,46,0,0,0,46
10/16/2008,STT,VI,ASO,ES,Towers with Radar,6,24,5,0,35,0,32,59,4,95,6,56,64,4,130,0,0,0,130
10/17/2008,STT,VI,ASO,ES,Towers with Radar,14,16,5,0,35,0,83,81,3,167,14,99,86,3,202,10,0,10,212
10/18/2008,STT,VI,ASO,ES,Towers with Radar,20,3,6,0,29,0,93,41,2,136,20,96,47,2,165,8,0,8,173
10/19/2008,STT,VI,ASO,ES,Towers with Radar,16,7,9,0,32,0,72,37,0,109,16,79,46,0,141,22,0,22,163
10/20/2008,STT,VI,ASO,ES,Towers with Radar,13,23,1,0,37,0,105,54,0,159,13,128,55,0,196,44,0,44,240
10/21/2008,STT,VI,ASO,ES,Towers with Radar,12,23,5,0,40,0,107,58,0,165,12,130,63,0,205,34,0,34,239
10/22/2008,STT,VI,ASO,ES,Towers with Radar,13,23,6,0,42,0,115,46,4,165,13,138,52,4,207,26,0,26,233
10/23/2008,STT,VI,ASO,ES,Towers with Radar,12,20,8,0,40,0,116,71,0,187,12,136,79,0,227,8,0,8,235
10/24/2008,STT,VI,ASO,ES,Towers with Radar,14,15,6,0,35,0,125,93,0,218,14,140,99,0,253,24,0,24,277
10/25/2008,STT,VI,ASO,ES,Towers with Radar,17,5,4,8,34,0,114,32,4,150,17,119,36,12,184,44,0,44,228
10/26/2008,STT,VI,ASO,ES,Towers with Radar,14,6,11,0,31,0,109,51,4,164,14,115,62,4,195,42,0,42,237
10/27/2008,STT,VI,ASO,ES,Towers with Radar,14,19,4,0,37,0,104,43,0,147,14,123,47,0,184,26,0,26,210
10/28/2008,STT,VI,ASO,ES,Towers with Radar,9,20,8,0,37,0,110,54,0,164,9,130,62,0,201,26,0,26,227
10/29/2008,STT,VI,ASO,ES,Towers with Radar,13,31,3,0,47,0,96,60,2,158,13,127,63,2,205,16,0,16,221
10/30/2008,STT,VI,ASO,ES,Towers with Radar,10,24,3,2,39,0,123,65,0,188,10,147,68,2,227,20,0,20,247
10/31/2008,STT,VI,ASO,ES,Towers with Radar,14,18,4,0,36,0,106,59,0,165,14,124,63,0,201,26,0,26,227
11/01/2008,STT,VI,ASO,ES,Towers with Radar,17,6,2,0,25,0,117,25,0,142,17,123,27,0,167,28,0,28,195
11/02/2008,STT,VI,ASO,ES,Towers with Radar,17,4,0,0,21,0,87,51,0,138,17,91,51,0,159,26,0,26,185
11/03/2008,STT,VI,ASO,ES,Towers with Radar,17,21,4,0,42,0,87,54,0,141,17,108,58,0,183,44,0,44,227
11/04/2008,STT,VI,ASO,ES,Towers with Radar,15,19,9,0,43,0,84,48,0,132,15,103,57,0,175,56,0,56,231
11/05/2008,STT,VI,ASO,ES,Towers with Radar,14,23,5,0,42,0,113,58,2,173,14,136,63,2,215,24,0,24,239
11/06/2008,STT,VI,ASO,ES,Towers with Radar,18,22,8,0,48,0,113,47,0,160,18,135,55,0,208,32,0,32,240
11/07/2008,STT,VI,ASO,ES,Towers with Radar,16,18,6,4,44,0,133,65,0,198,16,151,71,4,242,30,0,30,272
11/08/2008,STT,VI,ASO,ES,Towers with Radar,31,5,13,0,49,0,109,49,2,160,31,114,62,2,209,20,0,20,229
11/09/2008,STT,VI,ASO,ES,Towers with Radar,19,4,11,0,34,0,93,47,0,140,19,97,58,0,174,12,0,12,186
11/10/2008,STT,VI,ASO,ES,Towers with Radar,14,18,8,0,40,0,117,56,4,177,14,135,64,4,217,14,0,14,231
11/11/2008,STT,VI,ASO,ES,Towers with Radar,14,23,7,0,44,0,89,64,4,157,14,112,71,4,201,32,0,32,233
11/12/2008,STT,VI,ASO,ES,Towers with Radar,14,31,6,0,51,0,110,61,1,172,14,141,67,1,223,18,0,18,241
11/13/2008,STT,VI,ASO,ES,Towers with Radar,16,22,11,0,49,0,115,58,0,173,16,137,69,0,222,34,0,34,256
11/14/2008,STT,VI,ASO,ES,Towers with Radar,22,26,6,0,54,0,126,49,0,175,22,152,55,0,229,24,0,24,253
11/15/2008,STT,VI,ASO,ES,Towers with Radar,30,8,5,0,43,0,109,58,0,167,30,117,63,0,210,0,0,0,210
11/16/2008,STT,VI,ASO,ES,Towers with Radar,19,8,2,0,29,0,92,48,0,140,19,100,50,0,169,0,0,0,169
11/17/2008,STT,VI,ASO,ES,Towers with Radar,19,19,3,0,41,0,119,40,0,159,19,138,43,0,200,22,0,22,222
11/18/2008,STT,VI,ASO,ES,Towers with Radar,16,18,6,0,40,0,82,60,0,142,16,100,66,0,182,28,0,28,210
11/19/2008,STT,VI,ASO,ES,Towers with Radar,16,24,8,2,50,0,83,68,4,155,16,107,76,6,205,12,12,24,229
11/20/2008,STT,VI,ASO,ES,Towers with Radar,21,16,4,4,45,0,114,58,2,174,21,130,62,6,219,2,0,2,221
11/21/2008,STT,VI,ASO,ES,Towers with Radar,18,19,16,0,53,0,130,57,0,187,18,149,73,0,240,16,0,16,256
11/22/2008,STT,VI,ASO,ES,Towers with Radar,33,5,35,11,84,0,115,37,0,152,33,120,72,11,236,28,0,28,264
11/23/2008,STT,VI,ASO,ES,Towers with Radar,26,11,3,12,52,0,105,27,0,132,26,116,30,12,184,0,0,0,184
11/24/2008,STT,VI,ASO,ES,Towers with Radar,20,26,2,10,58,0,91,42,0,133,20,117,44,10,191,12,0,12,203
11/25/2008,STT,VI,ASO,ES,Towers with Radar,20,18,5,2,45,0,99,58,0,157,20,117,63,2,202,0,0,0,202
11/26/2008,STT,VI,ASO,ES,Towers with Radar,18,22,7,2,49,0,105,71,2,178,18,127,78,4,227,6,0,6,233
11/27/2008,STT,VI,ASO,ES,Towers with Radar,17,5,1,0,23,0,70,24,0,94,17,75,25,0,117,0,0,0,117
11/28/2008,STT,VI,ASO,ES,Towers with Radar,16,10,7,0,33,0,102,51,0,153,16,112,58,0,186,6,0,6,192
11/29/2008,STT,VI,ASO,ES,Towers with Radar,33,7,11,0,51,0,144,53,0,197,33,151,64,0,248,0,0,0,248
11/30/2008,STT,VI,ASO,ES,Towers with Radar,27,6,13,0,46,0,0,0,0,0,27,6,13,0,46,4,0,4,50
12/01/2008,STT,VI,ASO,ES,Towers with Radar,20,25,5,0,50,0,109,47,0,156,20,134,52,0,206,14,0,14,220
12/02/2008,STT,VI,ASO,ES,Towers with Radar,20,21,4,0,45,0,105,72,0,177,20,126,76,0,222,40,0,40,262
12/03/2008,STT,VI,ASO,ES,Towers with Radar,20,37,5,0,62,0,102,39,0,141,20,139,44,0,203,0,0,0,203
12/04/2008,STT,VI,ASO,ES,Towers with Radar,22,29,12,0,63,0,90,55,0,145,22,119,67,0,208,0,0,0,208
12/05/2008,STT,VI,ASO,ES,Towers with Radar,17,16,20,0,53,0,117,61,0,178,17,133,81,0,231,4,0,4,235
12/06/2008,STT,VI,ASO,ES,Towers with Radar,32,10,9,0,51,0,95,29,0,124,32,105,38,0,175,12,0,12,187
12/07/2008,STT,VI,ASO,ES,Towers with Radar,24,5,8,0,37,0,87,37,0,124,24,92,45,0,161,6,0,6,167
12/08/2008,STT,VI,ASO,ES,Towers with Radar,19,29,7,0,55,0,101,52,1,154,19,130,59,1,209,0,0,0,209
12/09/2008,STT,VI,ASO,ES,Towers with Radar,20,20,5,0,45,0,0,0,0,0,20,20,5,0,45,0,0,0,45
12/10/2008,STT,VI,ASO,ES,Towers with Radar,19,21,5,0,45,0,92,43,0,135,19,113,48,0,180,0,0,0,180
12/11/2008,STT,VI,ASO,ES,Towers with Radar,23,25,4,0,52,0,104,71,3,178,23,129,75,3,230,16,0,16,246
12/12/2008,STT,VI,ASO,ES,Towers with Radar,17,18,7,0,42,0,111,54,0,165,17,129,61,0,207,26,0,26,233
12/13/2008,STT,VI,ASO,ES,Towers with Radar,31,5,11,0,47,0,117,44,0,161,31,122,55,0,208,14,0,14,222
12/14/2008,STT,VI,ASO,ES,Towers with Radar,23,6,4,0,33,4,96,43,0,143,27,102,47,0,176,0,0,0,176
12/15/2008,STT,VI,ASO,ES,Towers with Radar,21,23,8,0,52,0,98,55,0,153,21,121,63,0,205,18,0,18,223
12/16/2008,STT,VI,ASO,ES,Towers with Radar,20,20,9,0,49,0,116,60,0,176,20,136,69,0,225,0,0,0,225
12/17/2008,STT,VI,ASO,ES,Towers with Radar,17,36,3,0,56,0,111,61,2,174,17,147,64,2,230,8,0,8,238
12/18/2008,STT,VI,ASO,ES,Towers with Radar,31,26,8,0,65,0,107,58,0,165,31,133,66,0,230,30,0,30,260
12/19/2008,STT,VI,ASO,ES,Towers with Radar,32,28,17,0,77,0,114,54,0,168,32,142,71,0,245,4,0,4,249
12/20/2008,STT,VI,ASO,ES,Towers with Radar,43,10,23,0,76,0,131,79,0,210,43,141,102,0,286,10,1,11,297
12/21/2008,STT,VI,ASO,ES,Towers with Radar,38,4,15,0,57,0,93,68,0,161,38,97,83,0,218,0,0,0,218
12/22/2008,STT,VI,ASO,ES,Towers with Radar,31,31,14,0,76,0,114,83,0,197,31,145,97,0,273,0,0,0,273
12/23/2008,STT,VI,ASO,ES,Towers with Radar,29,19,13,0,61,0,108,95,0,203,29,127,108,0,264,0,0,0,264
12/24/2008,STT,VI,ASO,ES,Towers with Radar,26,33,17,0,76,0,87,57,0,144,26,120,74,0,220,0,0,0,220
12/25/2008,STT,VI,ASO,ES,Towers with Radar,33,9,1,0,43,0,75,42,0,117,33,84,43,0,160,0,0,0,160
12/26/2008,STT,VI,ASO,ES,Towers with Radar,36,13,38,0,87,0,110,66,0,176,36,123,104,0,263,0,0,0,263
12/27/2008,STT,VI,ASO,ES,Towers with Radar,43,22,43,0,108,0,115,40,0,155,43,137,83,0,263,2,0,2,265
12/28/2008,STT,VI,ASO,ES,Towers with Radar,37,7,24,0,68,0,117,73,2,192,37,124,97,2,260,0,0,0,260
12/29/2008,STT,VI,ASO,ES,Towers with Radar,27,25,14,0,66,0,94,69,0,163,27,119,83,0,229,16,0,16,245
12/30/2008,STT,VI,ASO,ES,Towers with Radar,30,23,26,0,79,0,113,71,0,184,30,136,97,0,263,0,0,0,263
12/31/2008,STT,VI,ASO,ES,Towers with Radar,22,20,4,0,46,0,108,56,0,164,22,128,60,0,210,0,0,0,210
01/01/2009,STT,VI,ASO,ES,Towers with Radar,32,6,9,0,47,0,80,50,0,130,32,86,59,0,177,0,0,0,177
01/02/2009,STT,VI,ASO,ES,Towers with Radar,37,14,24,0,75,0,126,83,0,209,37,140,107,0,284,0,0,0,284
01/03/2009,STT,VI,ASO,ES,Towers with Radar,41,21,38,0,100,0,124,89,0,213,41,145,127,0,313,0,0,0,313
01/04/2009,STT,VI,ASO,ES,Towers with Radar,38,7,33,0,78,0,122,83,1,206,38,129,116,1,284,24,0,24,308
01/05/2009,STT,VI,ASO,ES,Towers with Radar,28,21,27,0,76,0,102,74,0,176,28,123,101,0,252,0,0,0,252
01/06/2009,STT,VI,ASO,ES,Towers with Radar,23,24,12,0,59,0,78,68,1,147,23,102,80,1,206,34,0,34,240
01/07/2009,STT,VI,ASO,ES,Towers with Radar,25,21,3,0,49,0,94,64,0,158,25,115,67,0,207,0,0,0,207
01/08/2009,STT,VI,ASO,ES,Towers with Radar,31,23,6,0,60,0,105,67,0,172,31,128,73,0,232,36,0,36,268
01/09/2009,STT,VI,ASO,ES,Towers with Radar,29,19,11,0,59,0,90,57,0,147,29,109,68,0,206,2,0,2,208
01/10/2009,STT,VI,ASO,ES,Towers with Radar,40,8,17,4,69,0,101,47,0,148,40,109,64,4,217,0,0,0,217
01/11/2009,STT,VI,ASO,ES,Towers with Radar,30,11,19,8,68,0,72,17,0,89,30,83,36,8,157,0,0,0,157
01/12/2009,STT,VI,ASO,ES,Towers with Radar,29,19,5,4,57,0,93,76,0,169,29,112,81,4,226,14,0,14,240
01/13/2009,STT,VI,ASO,ES,Towers with Radar,22,16,9,0,47,0,86,56,2,144,22,102,65,2,191,2,0,2,193
01/14/2009,STT,VI,ASO,ES,Towers with Radar,24,28,9,0,61,0,96,61,0,157,24,124,70,0,218,8,0,8,226
01/15/2009,STT,VI,ASO,ES,Towers with Radar,26,27,9,0,62,0,0,0,0,0,26,27,9,0,62,20,0,20,82
01/16/2009,STT,VI,ASO,ES,Towers with Radar,32,28,22,0,82,0,88,55,0,143,32,116,77,0,225,36,0,36,261
01/17/2009,STT,VI,ASO,ES,Towers with Radar,37,14,13,0,64,0,73,31,0,104,37,87,44,0,168,28,0,28,196
01/18/2009,STT,VI,ASO,ES,Towers with Radar,30,5,7,0,42,0,64,50,0,114,30,69,57,0,156,5,0,5,161
01/19/2009,STT,VI,ASO,ES,Towers with Radar,31,6,2,0,39,0,91,50,0,141,31,97,52,0,180,0,0,0,180
01/20/2009,STT,VI,ASO,ES,Towers with Radar,23,25,9,2,59,0,85,49,3,137,23,110,58,5,196,34,0,34,230
01/21/2009,STT,VI,ASO,ES,Towers with Radar,23,24,9,2,58,0,89,49,2,140,23,113,58,4,198,26,0,26,224
01/22/2009,STT,VI,ASO,ES,Towers with Radar,30,21,8,0,59,0,86,53,0,139,30,107,61,0,198,0,0,0,198
01/23/2009,STT,VI,ASO,ES,Towers with Radar,32,16,4,1,53,0,114,48,4,166,32,130,52,5,219,26,0,26,245
01/24/2009,STT,VI,ASO,ES,Towers with Radar,39,5,10,2,56,0,109,54,1,164,39,114,64,3,220,0,0,0,220
01/25/2009,STT,VI,ASO,ES,Towers with Radar,32,4,12,1,49,0,77,38,4,119,32,81,50,5,168,8,0,8,176
01/26/2009,STT,VI,ASO,ES,Towers with Radar,30,23,7,0,60,0,84,48,0,132,30,107,55,0,192,6,0,6,198
01/27/2009,STT,VI,ASO,ES,Towers with Radar,22,17,7,0,46,0,84,56,1,141,22,101,63,1,187,4,0,4,191
01/28/2009,STT,VI,ASO,ES,Towers with Radar,24,17,5,0,46,0,90,54,2,146,24,107,59,2,192,10,0,10,202
01/29/2009,STT,VI,ASO,ES,Towers with Radar,31,22,4,3,60,0,99,64,1,164,31,121,68,4,224,24,1,25,249
01/30/2009,STT,VI,ASO,ES,Towers with Radar,31,17,7,1,56,0,101,75,0,176,31,118,82,1,232,28,0,28,260
01/31/2009,STT,VI,ASO,ES,Towers with Radar,36,4,8,2,50,0,101,44,2,147,36,105,52,4,197,32,0,32,229
02/01/2009,STT,VI,ASO,ES,Towers with Radar,31,3,14,0,48,0,88,53,0,141,31,91,67,0,189,8,0,8,197
02/02/2009,STT,VI,ASO,ES,Towers with Radar,32,22,13,0,67,0,104,48,0,152,32,126,61,0,219,46,0,46,265
02/03/2009,STT,VI,ASO,ES,Towers with Radar,21,19,2,1,43,0,86,56,0,142,21,105,58,1,185,0,0,0,185
02/04/2009,STT,VI,ASO,ES,Towers with Radar,25,17,5,2,49,0,109,40,3,152,25,126,45,5,201,44,8,52,253
02/05/2009,STT,VI,ASO,ES,Towers with Radar,32,18,10,0,60,0,91,56,3,150,32,109,66,3,210,12,0,12,222
02/06/2009,STT,VI,ASO,ES,Towers with Radar,29,16,7,4,56,0,114,52,0,166,29,130,59,4,222,12,0,12,234
02/07/2009,STT,VI,ASO,ES,Towers with Radar,39,4,5,1,49,0,95,37,8,140,39,99,42,9,189,12,0,12,201
02/08/2009,STT,VI,ASO,ES,Towers with Radar,32,13,9,3,57,0,75,31,4,110,32,88,40,7,167,0,0,0,167
02/09/2009,STT,VI,ASO,ES,Towers with Radar,27,18,6,2,53,0,76,50,0,126,27,94,56,2,179,46,0,46,225
02/10/2009,STT,VI,ASO,ES,Towers with Radar,24,25,8,2,59,0,87,59,1,147,24,112,67,3,206,22,0,22,228
02/11/2009,STT,VI,ASO,ES,Towers with Radar,26,16,16,3,61,0,113,56,0,169,26,129,72,3,230,12,0,12,242
02/12/2009,STT,VI,ASO,ES,Towers with Radar,34,17,16,0,67,0,120,72,1,193,34,137,88,1,260,8,0,8,268
02/13/2009,STT,VI,ASO,ES,Towers with Radar,25,11,28,0,64,0,143,103,4,250,25,154,131,4,314,36,0,36,350
02/14/2009,STT,VI,ASO,ES,Towers with Radar,47,7,23,0,77,0,119,84,0,203,47,126,107,0,280,26,0,26,306
02/15/2009,STT,VI,ASO,ES,Towers with Radar,38,6,13,0,57,0,93,65,0,158,38,99,78,0,215,0,0,0,215
02/16/2009,STT,VI,ASO,ES,Towers with Radar,32,6,17,0,55,0,106,99,0,205,32,112,116,0,260,30,0,30,290
02/17/2009,STT,VI,ASO,ES,Towers with Radar,34,13,15,0,62,0,105,89,2,196,34,118,104,2,258,8,0,8,266
02/18/2009,STT,VI,ASO,ES,Towers with Radar,27,14,18,2,61,0,77,44,0,121,27,91,62,2,182,0,0,0,182
02/19/2009,STT,VI,ASO,ES,Towers with Radar,35,23,26,2,86,0,96,45,2,143,35,119,71,4,229,0,20,20,249
02/20/2009,STT,VI,ASO,ES,Towers with Radar,35,10,9,0,54,0,111,86,2,199,35,121,95,2,253,20,0,20,273
02/21/2009,STT,VI,ASO,ES,Towers with Radar,42,5,19,0,66,0,127,63,0,190,42,132,82,0,256,0,0,0,256
02/22/2009,STT,VI,ASO,ES,Towers with Radar,38,8,15,1,62,0,98,58,0,156,38,106,73,1,218,8,0,8,226
02/23/2009,STT,VI,ASO,ES,Towers with Radar,39,24,5,0,68,0,93,58,2,153,39,117,63,2,221,0,0,0,221
02/24/2009,STT,VI,ASO,ES,Towers with Radar,32,29,6,7,74,0,121,61,0,182,32,150,67,7,256,4,6,10,266
02/25/2009,STT,VI,ASO,ES,Towers with Radar,26,22,8,0,56,0,100,59,0,159,26,122,67,0,215,0,0,0,215
02/26/2009,STT,VI,ASO,ES,Towers with Radar,33,19,6,0,58,0,102,65,1,168,33,121,71,1,226,32,0,32,258
02/27/2009,STT,VI,ASO,ES,Towers with Radar,34,20,14,0,68,0,130,65,2,197,34,150,79,2,265,16,0,16,281
02/28/2009,STT,VI,ASO,ES,Towers with Radar,45,7,13,0,65,0,122,55,2,179,45,129,68,2,244,58,3,61,305
03/01/2009,STT,VI,ASO,ES,Towers with Radar,36,4,12,0,52,0,93,38,0,131,36,97,50,0,183,32,0,32,215
03/02/2009,STT,VI,ASO,ES,Towers with Radar,29,23,4,0,56,0,90,45,0,135,29,113,49,0,191,0,0,0,191
03/03/2009,STT,VI,ASO,ES,Towers with Radar,32,30,12,4,78,0,98,39,0,137,32,128,51,4,215,0,6,6,221
03/04/2009,STT,VI,ASO,ES,Towers with Radar,26,28,12,3,69,0,85,34,3,122,26,113,46,6,191,4,2,6,197
03/05/2009,STT,VI,ASO,ES,Towers with Radar,38,51,4,0,93,0,83,33,0,116,38,134,37,0,209,0,0,0,209
03/06/2009,STT,VI,ASO,ES,Towers with Radar,36,20,8,1,65,0,29,33,0,62,36,49,41,1,127,0,0,0,127
03/07/2009,STT,VI,ASO,ES,Towers with Radar,40,6,13,1,60,0,46,33,2,81,40,52,46,3,141,0,2,2,143
03/08/2009,STT,VI,ASO,ES,Towers with Radar,40,7,13,2,62,0,98,28,0,126,40,105,41,2,188,0,0,0,188
03/09/2009,STT,VI,ASO,ES,Towers with Radar,31,24,1,0,56,0,106,49,0,155,31,130,50,0,211,22,0,22,233
03/10/2009,STT,VI,ASO,ES,Towers with Radar,33,9,5,0,47,0,107,41,0,148,33,116,46,0,195,12,0,12,207
03/11/2009,STT,VI,ASO,ES,Towers with Radar,27,29,6,0,62,0,110,54,0,164,27,139,60,0,226,20,0,20,246
03/12/2009,STT,VI,ASO,ES,Towers with Radar,34,14,12,0,60,0,132,34,0,166,34,146,46,0,226,44,0,44,270
03/13/2009,STT,VI,ASO,ES,Towers with Radar,34,18,22,0,74,0,127,65,0,192,34,145,87,0,266,52,0,52,318
03/14/2009,STT,VI,ASO,ES,Towers with Radar,41,7,26,0,74,0,116,57,0,173,41,123,83,0,247,6,0,6,253
03/15/2009,STT,VI,ASO,ES,Towers with Radar,39,12,18,0,69,0,102,51,0,153,39,114,69,0,222,20,0,20,242
03/16/2009,STT,VI,ASO,ES,Towers with Radar,31,36,12,0,79,0,80,47,0,127,31,116,59,0,206,26,0,26,232
03/17/2009,STT,VI,ASO,ES,Towers with Radar,32,16,15,2,65,0,130,62,0,192,32,146,77,2,257,54,0,54,311
03/18/2009,STT,VI,ASO,ES,Towers with Radar,23,19,13,2,57,0,94,60,1,155,23,113,73,3,212,70,2,72,284
03/19/2009,STT,VI,ASO,ES,Towers with Radar,31,21,10,0,62,0,123,64,0,187,31,144,74,0,249,54,0,54,303
03/20/2009,STT,VI,ASO,ES,Towers with Radar,31,13,27,0,71,0,135,75,0,210,31,148,102,0,281,18,0,18,299
03/21/2009,STT,VI,ASO,ES,Towers with Radar,39,4,28,0,71,0,127,54,3,184,39,131,82,3,255,42,0,42,297
03/22/2009,STT,VI,ASO,ES,Towers with Radar,38,4,27,4,73,0,84,35,0,119,38,88,62,4,192,46,0,46,238
03/23/2009,STT,VI,ASO,ES,Towers with Radar,37,23,12,0,72,0,95,45,0,140,37,118,57,0,212,14,0,14,226
03/24/2009,STT,VI,ASO,ES,Towers with Radar,32,17,8,0,57,0,111,56,0,167,32,128,64,0,224,10,0,10,234
03/25/2009,STT,VI,ASO,ES,Towers with Radar,27,26,14,2,69,0,90,50,0,140,27,116,64,2,209,0,0,0,209
03/26/2009,STT,VI,ASO,ES,Towers with Radar,33,19,10,5,67,0,111,55,5,171,33,130,65,10,238,6,0,6,244
03/27/2009,STT,VI,ASO,ES,Towers with Radar,36,12,14,2,64,0,117,81,4,202,36,129,95,6,266,18,0,18,284
03/28/2009,STT,VI,ASO,ES,Towers with Radar,41,4,25,0,70,0,126,65,0,191,41,130,90,0,261,10,0,10,271
03/29/2009,STT,VI,ASO,ES,Towers with Radar,36,4,23,0,63,0,82,44,0,126,36,86,67,0,189,2,0,2,191
03/30/2009,STT,VI,ASO,ES,Towers with Radar,31,20,12,0,63,0,114,63,0,177,31,134,75,0,240,8,0,8,248
03/31/2009,STT,VI,ASO,ES,Towers with Radar,33,22,15,0,70,0,88,43,0,131,33,110,58,0,201,28,0,28,229
04/01/2009,STT,VI,ASO,ES,Towers with Radar,26,26,9,0,61,0,106,54,2,162,26,132,63,2,223,38,0,38,261
04/02/2009,STT,VI,ASO,ES,Towers with Radar,31,11,20,3,65,0,83,46,0,129,31,94,66,3,194,40,0,40,234
04/03/2009,STT,VI,ASO,ES,Towers with Radar,34,14,3,1,52,0,111,49,3,163,34,125,52,4,215,34,0,34,249
04/04/2009,STT,VI,ASO,ES,Towers with Radar,43,3,10,0,56,0,108,37,2,147,43,111,47,2,203,20,0,20,223
04/05/2009,STT,VI,ASO,ES,Towers with Radar,37,8,3,3,51,0,88,36,1,125,37,96,39,4,176,20,0,20,196
04/06/2009,STT,VI,ASO,ES,Towers with Radar,31,18,6,0,55,0,107,59,2,168,31,125,65,2,223,56,0,56,279
04/07/2009,STT,VI,ASO,ES,Towers with Radar,30,16,9,0,55,0,96,52,0,148,30,112,61,0,203,16,0,16,219
04/08/2009,STT,VI,ASO,ES,Towers with Radar,27,20,5,0,52,0,98,62,0,160,27,118,67,0,212,38,0,38,250
04/09/2009,STT,VI,ASO,ES,Towers with Radar,29,17,6,0,52,0,112,63,3,178,29,129,69,3,230,6,0,6,236
04/10/2009,STT,VI,ASO,ES,Towers with Radar,34,7,4,0,45,0,92,50,0,142,34,99,54,0,187,18,0,18,205
04/11/2009,STT,VI,ASO,ES,Towers with Radar,44,8,7,0,59,0,127,43,0,170,44,135,50,0,229,14,0,14,243
04/12/2009,STT,VI,ASO,ES,Towers with Radar,41,3,5,0,49,0,103,47,2,152,41,106,52,2,201,6,0,6,207
04/13/2009,STT,VI,ASO,ES,Towers with Radar,30,20,2,1,53,0,107,54,1,162,30,127,56,2,215,0,0,0,215
04/14/2009,STT,VI,ASO,ES,Towers with Radar,28,15,3,0,46,0,117,57,0,174,28,132,60,0,220,34,0,34,254
04/15/2009,STT,VI,ASO,ES,Towers with Radar,28,14,8,0,50,0,104,42,0,146,28,118,50,0,196,14,0,14,210
04/16/2009,STT,VI,ASO,ES,Towers with Radar,31,18,8,0,57,0,96,56,0,152,31,114,64,0,209,20,0,20,229
04/17/2009,STT,VI,ASO,ES,Towers with Radar,35,20,6,0,61,0,108,75,0,183,35,128,81,0,244,50,0,50,294
04/18/2009,STT,VI,ASO,ES,Towers with Radar,44,7,12,0,63,0,101,47,4,152,44,108,59,4,215,0,0,0,215
04/19/2009,STT,VI,ASO,ES,Towers with Radar,40,7,4,0,51,0,86,40,0,126,40,93,44,0,177,4,0,4,181
04/20/2009,STT,VI,ASO,ES,Towers with Radar,31,12,8,0,51,0,98,71,0,169,31,110,79,0,220,52,0,52,272
04/21/2009,STT,VI,ASO,ES,Towers with Radar,28,17,8,4,57,0,95,50,0,145,28,112,58,4,202,10,0,10,212
04/22/2009,STT,VI,ASO,ES,Towers with Radar,29,16,1,0,46,0,103,37,0,140,29,119,38,0,186,42,0,42,228
04/23/2009,STT,VI,ASO,ES,Towers with Radar,30,20,4,0,54,0,124,54,0,178,30,144,58,0,232,16,0,16,248
04/24/2009,STT,VI,ASO,ES,Towers with Radar,29,17,4,0,50,0,132,61,1,194,29,149,65,1,244,4,0,4,248
04/25/2009,STT,VI,ASO,ES,Towers with Radar,41,25,8,0,74,0,113,38,13,164,41,138,46,13,238,14,0,14,252
04/26/2009,STT,VI,ASO,ES,Towers with Radar,36,4,3,0,43,0,92,27,0,119,36,96,30,0,162,16,0,16,178
04/27/2009,STT,VI,ASO,ES,Towers with Radar,31,20,2,0,53,0,107,50,0,157,31,127,52,0,210,24,0,24,234
04/28/2009,STT,VI,ASO,ES,Towers with Radar,28,19,6,4,57,0,94,56,0,150,28,113,62,4,207,28,0,28,235
04/29/2009,STT,VI,ASO,ES,Towers with Radar,28,28,6,0,62,0,110,62,0,172,28,138,68,0,234,36,0,36,270
04/30/2009,STT,VI,ASO,ES,Towers with Radar,29,24,4,0,57,0,92,46,0,138,29,116,50,0,195,6,0,6,201
05/01/2009,STT,VI,ASO,ES,Towers with Radar,35,9,2,0,46,0,101,79,3,183,35,110,81,3,229,0,0,0,229
05/02/2009,STT,VI,ASO,ES,Towers with Radar,40,10,0,0,50,0,100,35,0,135,40,110,35,0,185,14,0,14,199
05/03/2009,STT,VI,ASO,ES,Towers with Radar,38,7,9,0,54,0,112,62,0,174,38,119,71,0,228,12,0,12,240
05/04/2009,STT,VI,ASO,ES,Towers with Radar,32,40,9,0,81,0,70,36,0,106,32,110,45,0,187,0,0,0,187
05/05/2009,STT,VI,ASO,ES,Towers with Radar,24,21,9,0,54,0,89,67,2,158,24,110,76,2,212,34,0,34,246
05/06/2009,STT,VI,ASO,ES,Towers with Radar,38,7,9,0,54,0,112,62,0,174,38,119,71,0,228,12,0,12,240
05/07/2009,STT,VI,ASO,ES,Towers with Radar,27,32,4,0,63,0,92,47,0,139,27,124,51,0,202,34,0,34,236
05/08/2009,STT,VI,ASO,ES,Towers with Radar,33,28,3,0,64,0,118,53,0,171,33,146,56,0,235,48,0,48,283
05/09/2009,STT,VI,ASO,ES,Towers with Radar,32,11,1,0,44,0,75,32,0,107,32,86,33,0,151,16,0,16,167
05/10/2009,STT,VI,ASO,ES,Towers with Radar,28,6,3,0,37,0,74,31,2,107,28,80,34,2,144,18,0,18,162
05/11/2009,STT,VI,ASO,ES,Towers with Radar,27,25,1,3,56,0,87,33,5,125,27,112,34,8,181,26,0,26,207
05/12/2009,STT,VI,ASO,ES,Towers with Radar,24,45,9,0,78,0,75,47,1,123,24,120,56,1,201,66,0,66,267
05/13/2009,STT,VI,ASO,ES,Towers with Radar,25,35,6,0,66,0,65,46,2,113,25,100,52,2,179,18,0,18,197
05/14/2009,STT,VI,ASO,ES,Towers with Radar,26,25,7,1,59,0,124,49,0,173,26,149,56,1,232,0,0,0,232
05/15/2009,STT,VI,ASO,ES,Towers with Radar,25,18,10,0,53,0,83,65,0,148,25,101,75,0,201,18,0,18,219
05/16/2009,STT,VI,ASO,ES,Towers with Radar,38,14,5,1,58,0,85,27,3,115,38,99,32,4,173,8,0,8,181
05/17/2009,STT,VI,ASO,ES,Towers with Radar,29,8,3,4,44,0,54,45,0,99,29,62,48,4,143,38,0,38,181
05/18/2009,STT,VI,ASO,ES,Towers with Radar,28,36,9,0,73,0,63,38,0,101,28,99,47,0,174,0,0,0,174
05/19/2009,STT,VI,ASO,ES,Towers with Radar,23,22,7,4,56,0,79,45,1,125,23,101,52,5,181,12,0,12,193
05/20/2009,STT,VI,ASO,ES,Towers with Radar,30,24,6,0,60,0,89,63,1,153,30,113,69,1,213,20,0,20,233
05/21/2009,STT,VI,ASO,ES,Towers with Radar,26,25,4,0,55,0,89,42,0,131,26,114,46,0,186,20,0,20,206
05/22/2009,STT,VI,ASO,ES,Towers with Radar,29,18,6,0,53,0,100,51,0,151,29,118,57,0,204,0,0,0,204
05/23/2009,STT,VI,ASO,ES,Towers with Radar,37,7,6,0,50,0,96,35,0,131,37,103,41,0,181,0,0,0,181
05/24/2009,STT,VI,ASO,ES,Towers with Radar,32,8,2,0,42,0,75,23,1,99,32,83,25,1,141,4,4,8,149
05/25/2009,STT,VI,ASO,ES,Towers with Radar,27,5,11,0,43,0,89,33,0,122,27,94,44,0,165,0,0,0,165
05/26/2009,STT,VI,ASO,ES,Towers with Radar,24,33,9,2,68,0,80,46,2,128,24,113,55,4,196,16,0,16,212
05/27/2009,STT,VI,ASO,ES,Towers with Radar,28,28,1,2,59,0,77,46,2,125,28,105,47,4,184,22,0,22,206
05/28/2009,STT,VI,ASO,ES,Towers with Radar,23,24,2,0,49,0,110,63,1,174,23,134,65,1,223,30,0,30,253
05/29/2009,STT,VI,ASO,ES,Towers with Radar,27,21,5,0,53,0,99,52,0,151,27,120,57,0,204,0,0,0,204
05/30/2009,STT,VI,ASO,ES,Towers with Radar,33,5,7,2,47,0,83,37,0,120,33,88,44,2,167,16,0,16,183
05/31/2009,STT,VI,ASO,ES,Towers with Radar,29,4,1,8,42,0,79,26,0,105,29,83,27,8,147,0,0,0,147
06/01/2009,STT,VI,ASO,ES,Towers with Radar,26,18,1,1,46,0,85,50,0,135,26,103,51,1,181,0,0,0,181
06/02/2009,STT,VI,ASO,ES,Towers with Radar,22,21,9,3,55,0,79,41,4,124,22,100,50,7,179,10,12,22,201
06/03/2009,STT,VI,ASO,ES,Towers with Radar,29,34,3,1,67,0,83,41,0,124,29,117,44,1,191,16,0,16,207
06/04/2009,STT,VI,ASO,ES,Towers with Radar,23,26,1,0,50,0,82,44,6,132,23,108,45,6,182,38,0,38,220
06/05/2009,STT,VI,ASO,ES,Towers with Radar,28,15,0,3,46,0,100,55,0,155,28,115,55,3,201,14,0,14,215
06/06/2009,STT,VI,ASO,ES,Towers with Radar,35,9,6,1,51,0,74,44,0,118,35,83,50,1,169,24,0,24,193
06/07/2009,STT,VI,ASO,ES,Towers with Radar,30,6,5,5,46,0,79,23,0,102,30,85,28,5,148,8,0,8,156
06/08/2009,STT,VI,ASO,ES,Towers with Radar,25,25,4,2,56,0,75,34,0,109,25,100,38,2,165,10,0,10,175
06/09/2009,STT,VI,ASO,ES,Towers with Radar,22,19,8,3,52,0,89,50,2,141,22,108,58,5,193,16,0,16,209
06/10/2009,STT,VI,ASO,ES,Towers with Radar,27,27,9,0,63,0,88,46,0,134,27,115,55,0,197,38,0,38,235
06/11/2009,STT,VI,ASO,ES,Towers with Radar,26,32,4,1,63,0,96,52,1,149,26,128,56,2,212,50,0,50,262
06/12/2009,STT,VI,ASO,ES,Towers with Radar,26,21,14,1,62,0,116,48,0,164,26,137,62,1,226,0,0,0,226
06/13/2009,STT,VI,ASO,ES,Towers with Radar,35,14,5,6,60,0,80,33,0,113,35,94,38,6,173,24,0,24,197
06/14/2009,STT,VI,ASO,ES,Towers with Radar,32,9,5,3,49,0,81,28,0,109,32,90,33,3,158,0,0,0,158
06/15/2009,STT,VI,ASO,ES,Towers with Radar,29,25,9,5,68,0,88,47,1,136,29,113,56,6,204,52,12,64,268
06/16/2009,STT,VI,ASO,ES,Towers with Radar,27,29,8,0,64,0,75,34,2,111,27,104,42,2,175,0,0,0,175
06/17/2009,STT,VI,ASO,ES,Towers with Radar,27,33,9,0,69,0,89,61,0,150,27,122,70,0,219,42,0,42,261
06/18/2009,STT,VI,ASO,ES,Towers with Radar,26,31,9,0,66,0,89,61,0,150,26,120,70,0,216,19,0,19,235
06/19/2009,STT,VI,ASO,ES,Towers with Radar,29,15,9,0,53,0,103,56,0,159,29,118,65,0,212,10,0,10,222
06/20/2009,STT,VI,ASO,ES,Towers with Radar,35,7,0,5,47,0,89,36,0,125,35,96,36,5,172,16,0,16,188
06/21/2009,STT,VI,ASO,ES,Towers with Radar,32,6,5,0,43,0,81,55,0,136,32,87,60,0,179,0,0,0,179
06/22/2009,STT,VI,ASO,ES,Towers with Radar,30,23,0,0,53,0,89,98,0,187,30,112,98,0,240,16,0,16,256
06/23/2009,STT,VI,ASO,ES,Towers with Radar,27,17,5,2,51,0,82,48,3,133,27,99,53,5,184,24,0,24,208
06/24/2009,STT,VI,ASO,ES,Towers with Radar,25,19,6,0,50,0,80,46,1,127,25,99,52,1,177,30,0,30,207
06/25/2009,STT,VI,ASO,ES,Towers with Radar,27,26,2,0,55,0,93,58,0,151,27,119,60,0,206,38,0,38,244
06/26/2009,STT,VI,ASO,ES,Towers with Radar,28,27,9,0,64,0,93,50,0,143,28,120,59,0,207,6,0,6,213
06/27/2009,STT,VI,ASO,ES,Towers with Radar,35,24,2,0,61,0,70,38,0,108,35,94,40,0,169,14,0,14,183
06/28/2009,STT,VI,ASO,ES,Towers with Radar,33,16,0,2,51,0,62,16,0,78,33,78,16,2,129,0,0,0,129
06/29/2009,STT,VI,ASO,ES,Towers with Radar,28,17,3,0,48,0,88,46,0,134,28,105,49,0,182,0,0,0,182
06/30/2009,STT,VI,ASO,ES,Towers with Radar,29,19,8,0,56,0,83,47,0,130,29,102,55,0,186,18,0,18,204
07/01/2009,STT,VI,ASO,ES,Towers with Radar,29,21,2,1,53,0,92,61,3,156,29,113,63,4,209,48,0,48,257
07/02/2009,STT,VI,ASO,ES,Towers with Radar,30,23,6,0,59,0,97,60,2,159,30,120,66,2,218,24,0,24,242
07/03/2009,STT,VI,ASO,ES,Towers with Radar,28,18,5,0,51,0,76,38,0,114,28,94,43,0,165,12,0,12,177
07/04/2009,STT,VI,ASO,ES,Towers with Radar,32,10,2,0,44,0,57,48,1,106,32,67,50,1,150,12,0,12,162
07/05/2009,STT,VI,ASO,ES,Towers with Radar,34,22,3,0,59,0,82,30,0,112,34,104,33,0,171,6,0,6,177
07/06/2009,STT,VI,ASO,ES,Towers with Radar,28,23,5,0,56,0,74,34,0,108,28,97,39,0,164,0,0,0,164
07/07/2009,STT,VI,ASO,ES,Towers with Radar,28,24,11,1,64,0,82,58,3,143,28,106,69,4,207,20,0,20,227
07/08/2009,STT,VI,ASO,ES,Towers with Radar,29,24,6,1,60,0,76,46,4,126,29,100,52,5,186,10,0,10,196
07/09/2009,STT,VI,ASO,ES,Towers with Radar,28,22,3,0,53,0,97,54,0,151,28,119,57,0,204,12,0,12,216
07/10/2009,STT,VI,ASO,ES,Towers with Radar,32,21,11,2,66,0,105,43,0,148,32,126,54,2,214,20,0,20,234
07/11/2009,STT,VI,ASO,ES,Towers with Radar,36,5,6,2,49,0,68,29,7,104,36,73,35,9,153,0,0,0,153
07/12/2009,STT,VI,ASO,ES,Towers with Radar,33,10,3,0,46,0,66,30,0,96,33,76,33,0,142,0,0,0,142
07/13/2009,STT,VI,ASO,ES,Towers with Radar,28,21,7,0,56,0,85,47,0,132,28,106,54,0,188,4,0,4,192
07/14/2009,STT,VI,ASO,ES,Towers with Radar,30,28,5,1,64,0,93,58,4,155,30,121,63,5,219,24,0,24,243
07/15/2009,STT,VI,ASO,ES,Towers with Radar,30,25,7,0,62,0,88,46,0,134,30,113,53,0,196,38,0,38,234
07/16/2009,STT,VI,ASO,ES,Towers with Radar,28,24,3,4,59,0,87,43,0,130,28,111,46,4,189,20,0,20,209
07/17/2009,STT,VI,ASO,ES,Towers with Radar,29,22,14,2,67,0,101,47,4,152,29,123,61,6,219,30,0,30,249
07/18/2009,STT,VI,ASO,ES,Towers with Radar,32,8,4,0,44,0,65,28,1,94,32,73,32,1,138,0,0,0,138
07/19/2009,STT,VI,ASO,ES,Towers with Radar,33,13,7,0,53,0,71,33,3,107,33,84,40,3,160,14,0,14,174
07/20/2009,STT,VI,ASO,ES,Towers with Radar,27,21,7,0,55,0,80,50,0,130,27,101,57,0,185,50,0,50,235
07/21/2009,STT,VI,ASO,ES,Towers with Radar,25,24,7,0,56,0,88,50,0,138,25,112,57,0,194,16,0,16,210
07/22/2009,STT,VI,ASO,ES,Towers with Radar,28,24,5,0,57,0,96,53,0,149,28,120,58,0,206,28,0,28,234
07/23/2009,STT,VI,ASO,ES,Towers with Radar,31,22,8,0,61,0,95,58,0,153,31,117,66,0,214,44,0,44,258
07/24/2009,STT,VI,ASO,ES,Towers with Radar,29,20,11,0,60,0,97,77,0,174,29,117,88,0,234,30,0,30,264
07/25/2009,STT,VI,ASO,ES,Towers with Radar,38,17,2,0,57,0,59,48,0,107,38,76,50,0,164,14,0,14,178
07/26/2009,STT,VI,ASO,ES,Towers with Radar,33,10,3,0,46,0,72,35,0,107,33,82,38,0,153,0,10,10,163
07/27/2009,STT,VI,ASO,ES,Towers with Radar,26,23,4,0,53,0,87,48,0,135,26,110,52,0,188,6,0,6,194
07/28/2009,STT,VI,ASO,ES,Towers with Radar,28,17,3,0,48,0,88,60,5,153,28,105,63,5,201,20,0,20,221
07/29/2009,STT,VI,ASO,ES,Towers with Radar,29,23,7,0,59,0,81,38,0,119,29,104,45,0,178,0,0,0,178
07/30/2009,STT,VI,ASO,ES,Towers with Radar,27,16,7,0,50,0,93,57,0,150,27,109,64,0,200,14,0,14,214
07/31/2009,STT,VI,ASO,ES,Towers with Radar,27,16,9,0,52,0,106,57,0,163,27,122,66,0,215,0,0,0,215
08/01/2009,STT,VI,ASO,ES,Towers with Radar,36,10,6,0,52,0,65,58,0,123,36,75,64,0,175,26,0,26,201
08/02/2009,STT,VI,ASO,ES,Towers with Radar,33,12,7,0,52,0,77,29,0,106,33,89,36,0,158,6,0,6,164
08/03/2009,STT,VI,ASO,ES,Towers with Radar,28,21,5,0,54,0,89,46,0,135,28,110,51,0,189,6,0,6,195
08/04/2009,STT,VI,ASO,ES,Towers with Radar,28,18,3,0,49,0,93,60,0,153,28,111,63,0,202,14,0,14,216
08/05/2009,STT,VI,ASO,ES,Towers with Radar,28,18,6,0,52,0,98,50,0,148,28,116,56,0,200,12,0,12,212
08/06/2009,STT,VI,ASO,ES,Towers with Radar,28,19,7,0,54,0,102,49,0,151,28,121,56,0,205,18,0,18,223
08/07/2009,STT,VI,ASO,ES,Towers with Radar,31,20,8,0,59,0,107,46,0,153,31,127,54,0,212,8,0,8,220
08/08/2009,STT,VI,ASO,ES,Towers with Radar,37,8,18,2,65,0,80,29,0,109,37,88,47,2,174,0,0,0,174
08/09/2009,STT,VI,ASO,ES,Towers with Radar,34,10,8,0,52,0,74,29,0,103,34,84,37,0,155,0,0,0,155
08/10/2009,STT,VI,ASO,ES,Towers with Radar,27,22,0,0,49,0,83,46,0,129,27,105,46,0,178,0,0,0,178
08/11/2009,STT,VI,ASO,ES,Towers with Radar,28,19,4,0,51,0,94,53,0,147,28,113,57,0,198,0,0,0,198
08/12/2009,STT,VI,ASO,ES,Towers with Radar,32,24,4,1,61,0,75,44,2,121,32,99,48,3,182,0,0,0,182
08/13/2009,STT,VI,ASO,ES,Towers with Radar,30,17,6,4,57,0,78,40,0,118,30,95,46,4,175,0,0,0,175
08/14/2009,STT,VI,ASO,ES,Towers with Radar,30,19,3,1,53,0,108,50,5,163,30,127,53,6,216,10,0,10,226
08/15/2009,STT,VI,ASO,ES,Towers with Radar,36,7,11,4,58,0,69,32,5,106,36,76,43,9,164,10,2,12,176
08/16/2009,STT,VI,ASO,ES,Towers with Radar,34,8,5,9,56,0,86,38,0,124,34,94,43,9,180,0,0,0,180
08/17/2009,STT,VI,ASO,ES,Towers with Radar,27,28,0,2,57,0,51,22,0,73,27,79,22,2,130,0,0,0,130
08/18/2009,STT,VI,ASO,ES,Towers with Radar,22,22,11,2,57,0,80,65,0,145,22,102,76,2,202,14,0,14,216
08/19/2009,STT,VI,ASO,ES,Towers with Radar,23,17,10,0,50,0,80,41,0,121,23,97,51,0,171,10,0,10,181
08/20/2009,STT,VI,ASO,ES,Towers with Radar,22,22,0,0,44,0,90,49,0,139,22,112,49,0,183,28,0,28,211
08/21/2009,STT,VI,ASO,ES,Towers with Radar,21,16,2,0,39,0,89,45,2,136,21,105,47,2,175,0,0,0,175
08/22/2009,STT,VI,ASO,ES,Towers with Radar,31,6,0,0,37,0,65,25,3,93,31,71,25,3,130,0,0,0,130
08/23/2009,STT,VI,ASO,ES,Towers with Radar,27,28,1,0,56,0,65,33,5,103,27,93,34,5,159,26,0,26,185
08/24/2009,STT,VI,ASO,ES,Towers with Radar,24,26,3,1,54,0,84,47,0,131,24,110,50,1,185,18,0,18,203
08/25/2009,STT,VI,ASO,ES,Towers with Radar,16,26,3,1,46,0,78,64,0,142,16,104,67,1,188,48,2,50,238
08/26/2009,STT,VI,ASO,ES,Towers with Radar,20,27,5,0,52,0,78,44,0,122,20,105,49,0,174,18,0,18,192
08/27/2009,STT,VI,ASO,ES,Towers with Radar,22,38,9,0,69,0,82,42,0,124,22,120,51,0,193,18,0,18,211
08/28/2009,STT,VI,ASO,ES,Towers with Radar,36,10,6,0,52,0,65,58,0,123,36,75,64,0,175,26,0,26,201
08/29/2009,STT,VI,ASO,ES,Towers with Radar,27,6,4,0,37,0,67,26,0,93,27,73,30,0,130,14,0,14,144
08/30/2009,STT,VI,ASO,ES,Towers with Radar,26,5,18,5,54,0,66,24,1,91,26,71,42,6,145,26,0,26,171
08/31/2009,STT,VI,ASO,ES,Towers with Radar,22,20,15,8,65,0,74,29,0,103,22,94,44,8,168,22,2,24,192
09/01/2009,STT,VI,ASO,ES,Towers with Radar,16,17,4,4,41,0,63,38,2,103,16,80,42,6,144,2,0,2,146
09/02/2009,STT,VI,ASO,ES,Towers with Radar,19,19,7,0,45,0,76,45,0,121,19,95,52,0,166,2,0,2,168
09/03/2009,STT,VI,ASO,ES,Towers with Radar,15,17,2,0,34,0,34,21,0,55,15,51,23,0,89,6,0,6,95
09/04/2009,STT,VI,ASO,ES,Towers with Radar,23,26,11,0,60,0,47,31,0,78,23,73,42,0,138,24,0,24,162
09/05/2009,STT,VI,ASO,ES,Towers with Radar,24,11,4,0,39,0,43,21,0,64,24,54,25,0,103,62,0,62,165
09/06/2009,STT,VI,ASO,ES,Towers with Radar,24,8,4,0,36,0,57,36,0,93,24,65,40,0,129,56,0,56,185
09/07/2009,STT,VI,ASO,ES,Towers with Radar,20,6,3,0,29,0,84,41,2,127,20,90,44,2,156,72,0,72,228
09/08/2009,STT,VI,ASO,ES,Towers with Radar,16,17,4,0,37,0,79,47,4,130,16,96,51,4,167,48,0,48,215
09/09/2009,STT,VI,ASO,ES,Towers with Radar,13,22,9,0,44,0,71,48,0,119,13,93,57,0,163,80,0,80,243
09/10/2009,STT,VI,ASO,ES,Towers with Radar,11,21,4,0,36,0,78,44,4,126,11,99,48,4,162,60,0,60,222
09/11/2009,STT,VI,ASO,ES,Towers with Radar,18,20,6,2,46,0,86,48,4,138,18,106,54,6,184,38,0,38,222
09/12/2009,STT,VI,ASO,ES,Towers with Radar,16,9,3,0,28,0,63,26,0,89,16,72,29,0,117,20,0,20,137
09/13/2009,STT,VI,ASO,ES,Towers with Radar,25,11,0,0,36,0,55,25,1,81,25,66,25,1,117,0,0,0,117
09/14/2009,STT,VI,ASO,ES,Towers with Radar,20,15,4,0,39,0,79,34,0,113,20,94,38,0,152,30,0,30,182
09/15/2009,STT,VI,ASO,ES,Towers with Radar,13,18,6,0,37,0,72,46,0,118,13,90,52,0,155,38,0,38,193
09/16/2009,STT,VI,ASO,ES,Towers with Radar,21,25,9,0,55,0,89,34,3,126,21,114,43,3,181,12,0,12,193
09/17/2009,STT,VI,ASO,ES,Towers with Radar,17,19,6,0,42,0,92,57,0,149,17,111,63,0,191,10,0,10,201
09/18/2009,STT,VI,ASO,ES,Towers with Radar,22,23,4,3,52,0,77,43,0,120,22,100,47,3,172,6,2,8,180
09/19/2009,STT,VI,ASO,ES,Towers with Radar,22,7,2,0,31,0,70,22,0,92,22,77,24,0,123,2,0,2,125
09/20/2009,STT,VI,ASO,ES,Towers with Radar,24,6,0,5,35,0,59,16,0,75,24,65,16,5,110,0,0,0,110
09/21/2009,STT,VI,ASO,ES,Towers with Radar,20,55,6,0,81,0,72,36,0,108,20,127,42,0,189,12,0,12,201
09/22/2009,STT,VI,ASO,ES,Towers with Radar,14,19,5,0,38,0,81,43,0,124,14,100,48,0,162,10,0,10,172
09/23/2009,STT,VI,ASO,ES,Towers with Radar,18,19,5,0,42,0,85,46,0,131,18,104,51,0,173,12,0,12,185
09/24/2009,STT,VI,ASO,ES,Towers with Radar,16,19,2,0,37,0,86,43,0,129,16,105,45,0,166,2,0,2,168
09/25/2009,STT,VI,ASO,ES,Towers with Radar,20,11,7,0,38,0,104,63,1,168,20,115,70,1,206,0,0,0,206
09/26/2009,STT,VI,ASO,ES,Towers with Radar,19,3,1,0,23,0,65,42,0,107,19,68,43,0,130,20,0,20,150
09/27/2009,STT,VI,ASO,ES,Towers with Radar,24,4,7,1,36,0,60,33,1,94,24,64,40,2,130,14,0,14,144
09/28/2009,STT,VI,ASO,ES,Towers with Radar,19,25,2,0,46,0,76,25,2,103,19,101,27,2,149,16,0,16,165
09/29/2009,STT,VI,ASO,ES,Towers with Radar,14,27,1,0,42,0,76,37,0,113,14,103,38,0,155,22,0,22,177
09/30/2009,STT,VI,ASO,ES,Towers with Radar,17,24,5,0,46,0,81,46,4,131,17,105,51,4,177,26,0,26,203
10/01/2009,STT,VI,ASO,ES,Towers with Radar,16,21,10,0,47,0,90,45,0,135,16,111,55,0,182,2,0,2,184
10/02/2009,STT,VI,ASO,ES,Towers with Radar,17,19,13,0,49,0,88,49,0,137,17,107,62,0,186,10,0,10,196
10/03/2009,STT,VI,ASO,ES,Towers with Radar,24,8,2,0,34,0,62,42,0,104,24,70,44,0,138,6,0,6,144
10/04/2009,STT,VI,ASO,ES,Towers with Radar,26,8,3,0,37,0,69,35,0,104,26,77,38,0,141,4,0,4,145
10/05/2009,STT,VI,ASO,ES,Towers with Radar,20,20,4,2,46,70,34,0,0,104,90,54,4,2,150,14,0,14,164
10/06/2009,STT,VI,ASO,ES,Towers with Radar,14,20,5,0,39,0,77,45,0,122,14,97,50,0,161,4,0,4,165
10/07/2009,STT,VI,ASO,ES,Towers with Radar,19,22,7,0,48,0,82,32,2,116,19,104,39,2,164,0,0,0,164
10/08/2009,STT,VI,ASO,ES,Towers with Radar,16,29,8,3,56,0,88,42,1,131,16,117,50,4,187,20,0,20,207
10/09/2009,STT,VI,ASO,ES,Towers with Radar,20,25,10,0,55,0,79,65,0,144,20,104,75,0,199,4,0,4,203
10/10/2009,STT,VI,ASO,ES,Towers with Radar,24,8,3,0,35,0,73,41,0,114,24,81,44,0,149,2,0,2,151
10/11/2009,STT,VI,ASO,ES,Towers with Radar,26,13,0,0,39,0,55,33,0,88,26,68,33,0,127,10,0,10,137
10/12/2009,STT,VI,ASO,ES,Towers with Radar,20,24,12,0,56,0,74,28,0,102,20,98,40,0,158,20,0,20,178
10/13/2009,STT,VI,ASO,ES,Towers with Radar,14,34,10,0,58,0,79,40,2,121,14,113,50,2,179,20,0,20,199
10/14/2009,STT,VI,ASO,ES,Towers with Radar,18,28,4,4,54,0,77,44,0,121,18,105,48,4,175,2,0,2,177
10/15/2009,STT,VI,ASO,ES,Towers with Radar,18,27,4,0,49,0,78,32,0,110,18,105,36,0,159,0,0,0,159
10/16/2009,STT,VI,ASO,ES,Towers with Radar,20,15,10,3,48,0,105,57,1,163,20,120,67,4,211,6,0,6,217
10/17/2009,STT,VI,ASO,ES,Towers with Radar,26,12,1,0,39,0,73,37,0,110,26,85,38,0,149,22,0,22,171
10/18/2009,STT,VI,ASO,ES,Towers with Radar,25,11,6,0,42,0,66,48,0,114,25,77,54,0,156,6,0,6,162
10/19/2009,STT,VI,ASO,ES,Towers with Radar,19,21,6,0,46,0,80,35,0,115,19,101,41,0,161,0,0,0,161
10/20/2009,STT,VI,ASO,ES,Towers with Radar,14,36,3,0,53,0,77,46,0,123,14,113,49,0,176,24,0,24,200
10/21/2009,STT,VI,ASO,ES,Towers with Radar,18,24,4,2,48,0,77,30,1,108,18,101,34,3,156,2,0,2,158
10/22/2009,STT,VI,ASO,ES,Towers with Radar,16,43,7,4,70,0,78,40,1,119,16,121,47,5,189,10,6,16,205
10/23/2009,STT,VI,ASO,ES,Towers with Radar,20,7,6,0,33,0,93,58,0,151,20,100,64,0,184,10,0,10,194
10/24/2009,STT,VI,ASO,ES,Towers with Radar,25,5,6,4,40,0,78,21,3,102,25,83,27,7,142,8,0,8,150
10/25/2009,STT,VI,ASO,ES,Towers with Radar,26,4,4,0,34,0,80,41,6,127,26,84,45,6,161,0,0,0,161
10/26/2009,STT,VI,ASO,ES,Towers with Radar,20,16,4,0,40,0,82,52,0,134,20,98,56,0,174,58,0,58,232
10/27/2009,STT,VI,ASO,ES,Towers with Radar,14,22,4,1,41,0,72,41,3,116,14,94,45,4,157,56,0,56,213
10/28/2009,STT,VI,ASO,ES,Towers with Radar,19,26,16,1,62,0,90,45,2,137,19,116,61,3,199,28,0,28,227
10/29/2009,STT,VI,ASO,ES,Towers with Radar,16,18,11,4,49,0,97,38,2,137,16,115,49,6,186,0,0,0,186
10/30/2009,STT,VI,ASO,ES,Towers with Radar,21,20,6,0,47,0,108,55,2,165,21,128,61,2,212,14,0,14,226
10/31/2009,STT,VI,ASO,ES,Towers with Radar,25,23,4,1,53,0,79,38,0,117,25,102,42,1,170,24,0,24,194
11/01/2009,STT,VI,ASO,ES,Towers with Radar,30,7,10,0,47,0,75,25,0,100,30,82,35,0,147,0,0,0,147
11/02/2009,STT,VI,ASO,ES,Towers with Radar,26,0,0,0,26,0,87,34,0,121,26,87,34,0,147,10,0,10,157
11/03/2009,STT,VI,ASO,ES,Towers with Radar,18,23,7,0,48,0,86,39,0,125,18,109,46,0,173,16,0,16,189
11/04/2009,STT,VI,ASO,ES,Towers with Radar,20,24,5,2,51,0,89,56,0,145,20,113,61,2,196,16,0,16,212
11/05/2009,STT,VI,ASO,ES,Towers with Radar,20,17,14,0,51,0,99,40,2,141,20,116,54,2,192,4,8,12,204
11/06/2009,STT,VI,ASO,ES,Towers with Radar,22,7,13,0,42,0,111,72,0,183,22,118,85,0,225,0,0,0,225
11/07/2009,STT,VI,ASO,ES,Towers with Radar,34,10,2,0,46,0,80,40,0,120,34,90,42,0,166,20,0,20,186
11/08/2009,STT,VI,ASO,ES,Towers with Radar,31,6,5,0,42,0,70,40,0,110,31,76,45,0,152,0,0,0,152
11/09/2009,STT,VI,ASO,ES,Towers with Radar,23,18,3,0,44,0,89,32,0,121,23,107,35,0,165,0,0,0,165
11/10/2009,STT,VI,ASO,ES,Towers with Radar,18,19,10,7,54,0,90,42,2,134,18,109,52,9,188,22,16,38,226
11/11/2009,STT,VI,ASO,ES,Towers with Radar,20,17,4,4,45,0,89,33,2,124,20,106,37,6,169,16,0,16,185
11/12/2009,STT,VI,ASO,ES,Towers with Radar,22,22,13,0,57,0,105,26,0,131,22,127,39,0,188,0,0,0,188
11/13/2009,STT,VI,ASO,ES,Towers with Radar,20,17,10,0,47,0,107,57,0,164,20,124,67,0,211,6,0,6,217
11/14/2009,STT,VI,ASO,ES,Towers with Radar,34,11,4,0,49,0,88,38,0,126,34,99,42,0,175,10,0,10,185
11/15/2009,STT,VI,ASO,ES,Towers with Radar,29,12,8,0,49,0,96,37,1,134,29,108,45,1,183,14,0,14,197
11/16/2009,STT,VI,ASO,ES,Towers with Radar,20,30,4,0,54,0,34,17,0,51,20,64,21,0,105,0,0,0,105
11/17/2009,STT,VI,ASO,ES,Towers with Radar,18,22,9,0,49,0,100,56,0,156,18,122,65,0,205,6,0,6,211
11/18/2009,STT,VI,ASO,ES,Towers with Radar,29,26,5,1,61,0,93,49,1,143,29,119,54,2,204,32,0,32,236
11/19/2009,STT,VI,ASO,ES,Towers with Radar,26,27,7,0,60,0,103,47,3,153,26,130,54,3,213,64,0,64,277
11/20/2009,STT,VI,ASO,ES,Towers with Radar,24,19,11,0,54,0,111,53,1,165,24,130,64,1,219,22,0,22,241
11/21/2009,STT,VI,ASO,ES,Towers with Radar,38,22,9,0,69,0,97,44,1,142,38,119,53,1,211,4,0,4,215
11/22/2009,STT,VI,ASO,ES,Towers with Radar,36,6,7,0,49,0,94,43,0,137,36,100,50,0,186,0,10,10,196
11/23/2009,STT,VI,ASO,ES,Towers with Radar,28,16,4,0,48,0,90,45,0,135,28,106,49,0,183,30,0,30,213
11/24/2009,STT,VI,ASO,ES,Towers with Radar,24,22,13,0,59,0,107,48,0,155,24,129,61,0,214,24,0,24,238
11/25/2009,STT,VI,ASO,ES,Towers with Radar,28,23,15,0,66,0,125,55,2,182,28,148,70,2,248,0,0,0,248
11/26/2009,STT,VI,ASO,ES,Towers with Radar,23,5,2,0,30,0,73,25,0,98,23,78,27,0,128,6,0,6,134
11/27/2009,STT,VI,ASO,ES,Towers with Radar,29,11,6,0,46,0,98,40,0,138,29,109,46,0,184,0,0,0,184
11/28/2009,STT,VI,ASO,ES,Towers with Radar,39,13,6,0,58,0,99,47,0,146,39,112,53,0,204,0,0,0,204
11/29/2009,STT,VI,ASO,ES,Towers with Radar,34,11,13,0,58,0,105,48,0,153,34,116,61,0,211,0,0,0,211
11/30/2009,STT,VI,ASO,ES,Towers with Radar,32,19,7,0,58,0,119,43,5,167,32,138,50,5,225,2,0,2,227
12/01/2009,STT,VI,ASO,ES,Towers with Radar,17,17,11,0,45,0,76,32,5,113,17,93,43,5,158,0,0,0,158
12/02/2009,STT,VI,ASO,ES,Towers with Radar,24,21,5,2,52,0,111,37,3,151,24,132,42,5,203,6,0,6,209
12/03/2009,STT,VI,ASO,ES,Towers with Radar,31,22,4,1,58,0,106,40,5,151,31,128,44,6,209,14,2,16,225
12/04/2009,STT,VI,ASO,ES,Towers with Radar,24,18,5,2,49,0,107,61,14,182,24,125,66,16,231,2,0,2,233
12/05/2009,STT,VI,ASO,ES,Towers with Radar,38,10,1,0,49,0,84,31,0,115,38,94,32,0,164,0,0,0,164
12/06/2009,STT,VI,ASO,ES,Towers with Radar,36,9,8,0,53,0,79,35,6,120,36,88,43,6,173,0,0,0,173
12/07/2009,STT,VI,ASO,ES,Towers with Radar,31,0,0,0,31,0,77,42,0,119,31,77,42,0,150,6,0,6,156
12/08/2009,STT,VI,ASO,ES,Towers with Radar,19,18,8,4,49,0,112,61,3,176,19,130,69,7,225,12,0,12,237
12/09/2009,STT,VI,ASO,ES,Towers with Radar,25,25,1,5,56,0,99,47,3,149,25,124,48,8,205,0,0,0,205
12/10/2009,STT,VI,ASO,ES,Towers with Radar,27,21,8,4,60,0,97,51,4,152,27,118,59,8,212,8,0,8,220
12/11/2009,STT,VI,ASO,ES,Towers with Radar,27,25,12,1,65,0,108,59,0,167,27,133,71,1,232,16,0,16,248
12/12/2009,STT,VI,ASO,ES,Towers with Radar,39,12,2,0,53,0,93,33,4,130,39,105,35,4,183,20,0,20,203
12/13/2009,STT,VI,ASO,ES,Towers with Radar,34,13,6,9,62,0,89,39,0,128,34,102,45,9,190,6,0,6,196
12/14/2009,STT,VI,ASO,ES,Towers with Radar,31,20,3,0,54,0,112,47,0,159,31,132,50,0,213,12,0,12,225
12/15/2009,STT,VI,ASO,ES,Towers with Radar,20,18,7,3,48,0,101,50,1,152,20,119,57,4,200,24,0,24,224
12/16/2009,STT,VI,ASO,ES,Towers with Radar,24,29,6,1,60,0,118,63,6,187,24,147,69,7,247,48,4,52,299
12/17/2009,STT,VI,ASO,ES,Towers with Radar,33,24,6,1,64,0,105,46,2,153,33,129,52,3,217,24,0,24,241
12/18/2009,STT,VI,ASO,ES,Towers with Radar,31,20,8,2,61,0,137,84,0,221,31,157,92,2,282,24,0,24,306
12/19/2009,STT,VI,ASO,ES,Towers with Radar,41,12,13,0,66,0,118,43,0,161,41,130,56,0,227,0,0,0,227
12/20/2009,STT,VI,ASO,ES,Towers with Radar,38,16,17,0,71,0,86,40,0,126,38,102,57,0,197,16,0,16,213
12/21/2009,STT,VI,ASO,ES,Towers with Radar,39,22,17,0,78,0,121,62,0,183,39,143,79,0,261,0,0,0,261
12/22/2009,STT,VI,ASO,ES,Towers with Radar,33,20,13,0,66,0,122,49,0,171,33,142,62,0,237,0,0,0,237
12/23/2009,STT,VI,ASO,ES,Towers with Radar,35,23,10,0,68,0,100,62,0,162,35,123,72,0,230,0,0,0,230
12/24/2009,STT,VI,ASO,ES,Towers with Radar,34,23,9,0,66,0,101,51,0,152,34,124,60,0,218,0,0,0,218
12/25/2009,STT,VI,ASO,ES,Towers with Radar,33,7,8,0,48,0,72,20,0,92,33,79,28,0,140,0,0,0,140
12/26/2009,STT,VI,ASO,ES,Towers with Radar,42,20,34,0,96,0,97,65,3,165,42,117,99,3,261,18,0,18,279
12/27/2009,STT,VI,ASO,ES,Towers with Radar,44,26,36,2,108,0,110,48,0,158,44,136,84,2,266,0,0,0,266
12/28/2009,STT,VI,ASO,ES,Towers with Radar,41,27,11,1,80,0,89,45,2,136,41,116,56,3,216,0,0,0,216
12/29/2009,STT,VI,ASO,ES,Towers with Radar,29,26,11,0,66,0,89,64,0,153,29,115,75,0,219,0,0,0,219
12/30/2009,STT,VI,ASO,ES,Towers with Radar,46,52,25,0,123,0,54,46,0,100,46,106,71,0,223,0,0,0,223
12/31/2009,STT,VI,ASO,ES,Towers with Radar,39,41,19,0,99,0,89,66,0,155,39,130,85,0,254,0,0,0,254
01/01/2010,STT,VI,ASO,ES,Towers with Radar,34,11,10,0,55,0,106,57,2,165,34,117,67,2,220,0,0,0,220
01/02/2010,STT,VI,ASO,ES,Towers with Radar,48,10,49,0,107,0,112,62,0,174,48,122,111,0,281,0,0,0,281
01/03/2010,STT,VI,ASO,ES,Towers with Radar,43,11,40,4,98,0,115,66,3,184,43,126,106,7,282,0,0,0,282
01/04/2010,STT,VI,ASO,ES,Towers with Radar,37,22,26,0,85,0,103,32,0,135,37,125,58,0,220,0,0,0,220
01/05/2010,STT,VI,ASO,ES,Towers with Radar,23,17,17,1,58,0,96,50,0,146,23,113,67,1,204,8,0,8,212
01/06/2010,STT,VI,ASO,ES,Towers with Radar,30,19,14,0,63,0,83,44,0,127,30,102,58,0,190,18,0,18,208
01/07/2010,STT,VI,ASO,ES,Towers with Radar,33,47,16,0,96,0,58,37,0,95,33,105,53,0,191,12,0,12,203
01/08/2010,STT,VI,ASO,ES,Towers with Radar,31,41,20,0,92,0,76,52,2,130,31,117,72,2,222,0,0,0,222
01/09/2010,STT,VI,ASO,ES,Towers with Radar,44,15,15,2,76,0,95,47,0,142,44,110,62,2,218,4,0,4,222
01/10/2010,STT,VI,ASO,ES,Towers with Radar,41,18,6,2,67,0,96,29,2,127,41,114,35,4,194,0,0,0,194
01/11/2010,STT,VI,ASO,ES,Towers with Radar,34,19,5,11,69,0,101,50,0,151,34,120,55,11,220,26,0,26,246
01/12/2010,STT,VI,ASO,ES,Towers with Radar,20,19,8,4,51,0,88,58,1,147,20,107,66,5,198,14,0,14,212
01/13/2010,STT,VI,ASO,ES,Towers with Radar,29,22,12,0,63,0,113,54,0,167,29,135,66,0,230,2,0,2,232
01/14/2010,STT,VI,ASO,ES,Towers with Radar,31,56,11,6,104,0,71,30,0,101,31,127,41,6,205,0,0,0,205
01/15/2010,STT,VI,ASO,ES,Towers with Radar,35,73,30,0,138,0,48,18,0,66,35,121,48,0,204,0,0,0,204
01/16/2010,STT,VI,ASO,ES,Towers with Radar,47,45,13,0,105,0,58,63,0,121,47,103,76,0,226,0,0,0,226
01/17/2010,STT,VI,ASO,ES,Towers with Radar,37,47,23,0,107,0,38,10,0,48,37,85,33,0,155,0,0,0,155
01/18/2010,STT,VI,ASO,ES,Towers with Radar,35,22,10,0,67,0,111,60,0,171,35,133,70,0,238,20,0,20,258
01/19/2010,STT,VI,ASO,ES,Towers with Radar,24,19,18,0,61,0,99,52,0,151,24,118,70,0,212,40,0,40,252
01/20/2010,STT,VI,ASO,ES,Towers with Radar,29,22,4,13,68,0,95,42,0,137,29,117,46,13,205,30,0,30,235
01/21/2010,STT,VI,ASO,ES,Towers with Radar,33,23,5,0,61,0,101,50,0,151,33,124,55,0,212,6,0,6,218
01/22/2010,STT,VI,ASO,ES,Towers with Radar,30,33,21,0,84,0,87,59,0,146,30,120,80,0,230,8,0,8,238
01/23/2010,STT,VI,ASO,ES,Towers with Radar,48,11,3,5,67,0,89,33,0,122,48,100,36,5,189,6,0,6,195
01/24/2010,STT,VI,ASO,ES,Towers with Radar,37,8,12,0,57,0,95,32,3,130,37,103,44,3,187,0,0,0,187
01/25/2010,STT,VI,ASO,ES,Towers with Radar,36,32,5,0,73,0,92,37,1,130,36,124,42,1,203,8,0,8,211
01/26/2010,STT,VI,ASO,ES,Towers with Radar,22,27,4,0,53,0,91,39,2,132,22,118,43,2,185,0,0,0,185
01/27/2010,STT,VI,ASO,ES,Towers with Radar,28,23,10,1,62,0,0,0,0,0,28,23,10,1,62,22,18,40,102
01/28/2010,STT,VI,ASO,ES,Towers with Radar,30,29,12,0,71,0,112,45,0,157,30,141,57,0,228,0,0,0,228
01/29/2010,STT,VI,ASO,ES,Towers with Radar,30,24,14,0,68,0,101,57,0,158,30,125,71,0,226,0,0,0,226
01/30/2010,STT,VI,ASO,ES,Towers with Radar,45,11,9,0,65,0,99,32,1,132,45,110,41,1,197,0,0,0,197
01/31/2010,STT,VI,ASO,ES,Towers with Radar,38,15,11,0,64,0,78,37,0,115,38,93,48,0,179,2,0,2,181
02/01/2010,STT,VI,ASO,ES,Towers with Radar,34,25,6,0,65,0,103,42,0,145,34,128,48,0,210,18,0,18,228
02/02/2010,STT,VI,ASO,ES,Towers with Radar,22,22,3,0,47,0,95,43,2,140,22,117,46,2,187,6,0,6,193
02/03/2010,STT,VI,ASO,ES,Towers with Radar,31,22,6,0,59,0,103,51,2,156,31,125,57,2,215,88,0,88,303
02/04/2010,STT,VI,ASO,ES,Towers with Radar,33,23,7,5,68,0,89,47,1,137,33,112,54,6,205,24,0,24,229
02/05/2010,STT,VI,ASO,ES,Towers with Radar,33,18,21,0,72,0,116,59,4,179,33,134,80,4,251,22,0,22,273
02/06/2010,STT,VI,ASO,ES,Towers with Radar,39,9,16,0,64,0,92,35,0,127,39,101,51,0,191,8,0,8,199
02/07/2010,STT,VI,ASO,ES,Towers with Radar,37,8,7,0,52,0,80,37,2,119,37,88,44,2,171,16,0,16,187
02/08/2010,STT,VI,ASO,ES,Towers with Radar,34,27,8,0,69,0,103,50,4,157,34,130,58,4,226,24,0,24,250
02/09/2010,STT,VI,ASO,ES,Towers with Radar,25,20,15,0,60,0,108,47,0,155,25,128,62,0,215,30,0,30,245
02/10/2010,STT,VI,ASO,ES,Towers with Radar,22,24,12,4,62,0,109,48,4,161,22,133,60,8,223,0,0,0,223
02/11/2010,STT,VI,ASO,ES,Towers with Radar,41,18,8,2,69,0,134,42,2,178,41,152,50,4,247,22,0,22,269
02/12/2010,STT,VI,ASO,ES,Towers with Radar,37,41,35,1,114,0,124,83,2,209,37,165,118,3,323,14,0,14,337
02/13/2010,STT,VI,ASO,ES,Towers with Radar,40,19,22,2,83,0,129,67,1,197,40,148,89,3,280,10,0,10,290
02/14/2010,STT,VI,ASO,ES,Towers with Radar,46,4,17,0,67,0,105,55,0,160,46,109,72,0,227,0,0,0,227
02/15/2010,STT,VI,ASO,ES,Towers with Radar,36,11,21,0,68,0,130,72,0,202,36,141,93,0,270,8,0,8,278
02/16/2010,STT,VI,ASO,ES,Towers with Radar,34,18,19,0,71,0,127,44,0,171,34,145,63,0,242,30,0,30,272
02/17/2010,STT,VI,ASO,ES,Towers with Radar,32,25,4,0,61,0,111,39,0,150,32,136,43,0,211,28,0,28,239
02/18/2010,STT,VI,ASO,ES,Towers with Radar,39,13,9,2,63,0,112,47,2,161,39,125,56,4,224,16,0,16,240
02/19/2010,STT,VI,ASO,ES,Towers with Radar,36,27,17,0,80,0,117,60,0,177,36,144,77,0,257,14,0,14,271
02/20/2010,STT,VI,ASO,ES,Towers with Radar,48,13,23,4,88,0,106,42,1,149,48,119,65,5,237,0,0,0,237
02/21/2010,STT,VI,ASO,ES,Towers with Radar,47,7,14,4,72,0,116,30,0,146,47,123,44,4,218,30,0,30,248
02/22/2010,STT,VI,ASO,ES,Towers with Radar,35,17,10,0,62,0,100,44,1,145,35,117,54,1,207,12,0,12,219
02/23/2010,STT,VI,ASO,ES,Towers with Radar,33,18,2,8,61,0,94,39,1,134,33,112,41,9,195,24,0,24,219
02/24/2010,STT,VI,ASO,ES,Towers with Radar,33,21,18,1,73,0,138,48,0,186,33,159,66,1,259,14,2,16,275
02/25/2010,STT,VI,ASO,ES,Towers with Radar,33,19,12,7,71,0,124,47,0,171,33,143,59,7,242,40,2,42,284
02/26/2010,STT,VI,ASO,ES,Towers with Radar,31,35,18,3,87,0,92,77,1,170,31,127,95,4,257,0,0,0,257
02/27/2010,STT,VI,ASO,ES,Towers with Radar,49,24,15,0,88,0,98,46,3,147,49,122,61,3,235,0,0,0,235
02/28/2010,STT,VI,ASO,ES,Towers with Radar,46,15,11,3,75,0,81,53,3,137,46,96,64,6,212,0,0,0,212
03/01/2010,STT,VI,ASO,ES,Towers with Radar,33,17,12,2,64,0,105,43,1,149,33,122,55,3,213,0,0,0,213
03/02/2010,STT,VI,ASO,ES,Towers with Radar,30,19,4,2,55,0,108,44,0,152,30,127,48,2,207,0,0,0,207
03/03/2010,STT,VI,ASO,ES,Towers with Radar,34,19,4,0,57,0,104,54,0,158,34,123,58,0,215,26,0,26,241
03/04/2010,STT,VI,ASO,ES,Towers with Radar,33,20,6,0,59,0,99,53,0,152,33,119,59,0,211,10,0,10,221
03/05/2010,STT,VI,ASO,ES,Towers with Radar,37,31,18,1,87,0,99,49,10,158,37,130,67,11,245,0,0,0,245
03/06/2010,STT,VI,ASO,ES,Towers with Radar,48,44,8,0,100,0,54,26,0,80,48,98,34,0,180,0,0,0,180
03/07/2010,STT,VI,ASO,ES,Towers with Radar,46,34,16,0,96,0,60,20,0,80,46,94,36,0,176,0,0,0,176
03/08/2010,STT,VI,ASO,ES,Towers with Radar,37,27,13,0,77,0,109,33,1,143,37,136,46,1,220,0,0,0,220
03/09/2010,STT,VI,ASO,ES,Towers with Radar,34,17,11,0,62,0,104,32,0,136,34,121,43,0,198,14,0,14,212
03/10/2010,STT,VI,ASO,ES,Towers with Radar,35,23,9,0,67,0,99,53,1,153,35,122,62,1,220,10,12,22,242
03/11/2010,STT,VI,ASO,ES,Towers with Radar,36,50,22,0,108,0,71,41,0,112,36,121,63,0,220,24,0,24,244
03/12/2010,STT,VI,ASO,ES,Towers with Radar,35,24,17,4,80,0,127,48,0,175,35,151,65,4,255,22,0,22,277
03/13/2010,STT,VI,ASO,ES,Towers with Radar,44,12,28,0,84,0,138,58,26,222,44,150,86,26,306,8,0,8,314
03/14/2010,STT,VI,ASO,ES,Towers with Radar,46,7,18,4,75,0,109,34,0,143,46,116,52,4,218,14,0,14,232
03/15/2010,STT,VI,ASO,ES,Towers with Radar,35,20,17,0,72,0,125,58,0,183,35,145,75,0,255,0,0,0,255
03/16/2010,STT,VI,ASO,ES,Towers with Radar,34,24,4,0,62,0,110,52,0,162,34,134,56,0,224,16,0,16,240
03/17/2010,STT,VI,ASO,ES,Towers with Radar,34,26,9,0,69,0,106,53,2,161,34,132,62,2,230,8,0,8,238
03/18/2010,STT,VI,ASO,ES,Towers with Radar,36,21,8,0,65,0,107,50,0,157,36,128,58,0,222,26,0,26,248
03/19/2010,STT,VI,ASO,ES,Towers with Radar,36,14,16,0,66,0,125,64,1,190,36,139,80,1,256,8,0,8,264
03/20/2010,STT,VI,ASO,ES,Towers with Radar,50,14,33,0,97,0,117,34,0,151,50,131,67,0,248,0,0,0,248
03/21/2010,STT,VI,ASO,ES,Towers with Radar,40,14,9,0,63,0,82,39,0,121,40,96,48,0,184,0,0,0,184
03/22/2010,STT,VI,ASO,ES,Towers with Radar,34,24,19,0,77,0,106,50,0,156,34,130,69,0,233,0,0,0,233
03/23/2010,STT,VI,ASO,ES,Towers with Radar,33,21,8,0,62,0,95,51,0,146,33,116,59,0,208,6,0,6,214
03/24/2010,STT,VI,ASO,ES,Towers with Radar,33,19,6,0,58,0,107,54,0,161,33,126,60,0,219,4,0,4,223
03/25/2010,STT,VI,ASO,ES,Towers with Radar,36,13,10,4,63,0,132,46,0,178,36,145,56,4,241,0,0,0,241
03/26/2010,STT,VI,ASO,ES,Towers with Radar,36,16,9,0,61,0,167,72,0,239,36,183,81,0,300,18,0,18,318
03/27/2010,STT,VI,ASO,ES,Towers with Radar,50,11,17,0,78,0,125,52,0,177,50,136,69,0,255,52,0,52,307
03/28/2010,STT,VI,ASO,ES,Towers with Radar,46,9,15,0,70,0,96,52,0,148,46,105,67,0,218,34,0,34,252
03/29/2010,STT,VI,ASO,ES,Towers with Radar,35,20,16,0,71,0,118,63,2,183,35,138,79,2,254,6,0,6,260
03/30/2010,STT,VI,ASO,ES,Towers with Radar,33,17,17,0,67,0,105,62,2,169,33,122,79,2,236,4,0,4,240
03/31/2010,STT,VI,ASO,ES,Towers with Radar,33,39,29,0,101,0,92,66,1,159,33,131,95,1,260,18,0,18,278
04/01/2010,STT,VI,ASO,ES,Towers with Radar,38,19,9,0,66,0,102,79,0,181,38,121,88,0,247,40,0,40,287
04/02/2010,STT,VI,ASO,ES,Towers with Radar,37,12,21,0,70,0,94,34,0,128,37,106,55,0,198,4,0,4,202
04/03/2010,STT,VI,ASO,ES,Towers with Radar,51,12,22,0,85,0,108,43,3,154,51,120,65,3,239,8,0,8,247
04/04/2010,STT,VI,ASO,ES,Towers with Radar,46,38,13,0,97,0,71,26,1,98,46,109,39,1,195,0,0,0,195
04/05/2010,STT,VI,ASO,ES,Towers with Radar,33,22,18,0,73,0,104,53,5,162,33,126,71,5,235,0,0,0,235
04/06/2010,STT,VI,ASO,ES,Towers with Radar,27,26,14,3,70,0,94,41,0,135,27,120,55,3,205,0,0,0,205
04/07/2010,STT,VI,ASO,ES,Towers with Radar,26,20,7,0,53,0,102,53,0,155,26,122,60,0,208,8,0,8,216
04/08/2010,STT,VI,ASO,ES,Towers with Radar,33,18,7,4,62,0,111,48,1,160,33,129,55,5,222,0,0,0,222
04/09/2010,STT,VI,ASO,ES,Towers with Radar,34,18,18,0,70,0,122,49,0,171,34,140,67,0,241,18,0,18,259
04/10/2010,STT,VI,ASO,ES,Towers with Radar,49,8,25,0,82,0,108,45,0,153,49,116,70,0,235,30,0,30,265
04/11/2010,STT,VI,ASO,ES,Towers with Radar,40,11,19,0,70,0,93,47,1,141,40,104,66,1,211,8,0,8,219
04/12/2010,STT,VI,ASO,ES,Towers with Radar,30,22,9,0,61,0,121,50,0,171,30,143,59,0,232,0,0,0,232
04/13/2010,STT,VI,ASO,ES,Towers with Radar,30,25,11,0,66,0,97,34,0,131,30,122,45,0,197,0,0,0,197
04/14/2010,STT,VI,ASO,ES,Towers with Radar,28,23,8,3,62,0,103,39,4,146,28,126,47,7,208,16,0,16,224
04/15/2010,STT,VI,ASO,ES,Towers with Radar,30,26,11,0,67,0,118,44,1,163,30,144,55,1,230,8,0,8,238
04/16/2010,STT,VI,ASO,ES,Towers with Radar,33,20,8,3,64,0,108,68,1,177,33,128,76,4,241,18,0,18,259
04/17/2010,STT,VI,ASO,ES,Towers with Radar,42,11,9,12,74,0,104,18,0,122,42,115,27,12,196,6,0,6,202
04/18/2010,STT,VI,ASO,ES,Towers with Radar,31,5,5,2,43,0,89,27,0,116,31,94,32,2,159,0,0,0,159
04/19/2010,STT,VI,ASO,ES,Towers with Radar,29,32,8,0,69,0,83,54,0,137,29,115,62,0,206,8,0,8,214
04/20/2010,STT,VI,ASO,ES,Towers with Radar,28,32,5,0,65,0,94,39,0,133,28,126,44,0,198,0,0,0,198
04/21/2010,STT,VI,ASO,ES,Towers with Radar,28,21,9,0,58,0,117,63,0,180,28,138,72,0,238,22,0,22,260
04/22/2010,STT,VI,ASO,ES,Towers with Radar,30,29,11,0,70,0,121,46,0,167,30,150,57,0,237,46,0,46,283
04/23/2010,STT,VI,ASO,ES,Towers with Radar,34,29,19,2,84,0,100,55,0,155,34,129,74,2,239,40,0,40,279
04/24/2010,STT,VI,ASO,ES,Towers with Radar,37,34,13,0,84,0,94,32,0,126,37,128,45,0,210,0,0,0,210
04/25/2010,STT,VI,ASO,ES,Towers with Radar,29,6,13,0,48,0,88,31,0,119,29,94,44,0,167,6,0,6,173
04/26/2010,STT,VI,ASO,ES,Towers with Radar,30,19,9,0,58,0,89,40,0,129,30,108,49,0,187,14,0,14,201
04/27/2010,STT,VI,ASO,ES,Towers with Radar,28,17,8,0,53,0,95,54,0,149,28,112,62,0,202,28,0,28,230
04/28/2010,STT,VI,ASO,ES,Towers with Radar,28,28,5,0,61,0,88,66,2,156,28,116,71,2,217,2,0,2,219
04/29/2010,STT,VI,ASO,ES,Towers with Radar,29,26,6,0,61,0,86,73,7,166,29,112,79,7,227,0,2,2,229
04/30/2010,STT,VI,ASO,ES,Towers with Radar,35,13,20,0,68,0,105,48,0,153,35,118,68,0,221,12,0,12,233
05/01/2010,STT,VI,ASO,ES,Towers with Radar,38,8,3,0,49,0,72,34,0,106,38,80,37,0,155,6,0,6,161
05/02/2010,STT,VI,ASO,ES,Towers with Radar,28,13,3,0,44,0,109,56,0,165,28,122,59,0,209,0,0,0,209
05/03/2010,STT,VI,ASO,ES,Towers with Radar,26,19,2,1,48,0,97,61,0,158,26,116,63,1,206,28,0,28,234
05/04/2010,STT,VI,ASO,ES,Towers with Radar,27,23,8,7,65,0,74,70,0,144,27,97,78,7,209,0,0,0,209
05/05/2010,STT,VI,ASO,ES,Towers with Radar,27,20,15,0,62,0,99,47,0,146,27,119,62,0,208,8,0,8,216
05/06/2010,STT,VI,ASO,ES,Towers with Radar,24,26,10,2,62,0,92,56,5,153,24,118,66,7,215,32,8,40,255
05/07/2010,STT,VI,ASO,ES,Towers with Radar,26,36,9,2,73,0,83,41,0,124,26,119,50,2,197,0,0,0,197
05/08/2010,STT,VI,ASO,ES,Towers with Radar,44,16,1,0,61,0,68,33,0,101,44,84,34,0,162,46,0,46,208
05/09/2010,STT,VI,ASO,ES,Towers with Radar,32,7,6,0,45,0,67,29,0,96,32,74,35,0,141,12,0,12,153
05/10/2010,STT,VI,ASO,ES,Towers with Radar,24,19,3,0,46,0,82,43,0,125,24,101,46,0,171,2,0,2,173
05/11/2010,STT,VI,ASO,ES,Towers with Radar,24,27,4,0,55,0,68,39,2,109,24,95,43,2,164,4,0,4,168
05/12/2010,STT,VI,ASO,ES,Towers with Radar,26,17,18,1,62,0,80,46,2,128,26,97,64,3,190,64,6,70,260
05/13/2010,STT,VI,ASO,ES,Towers with Radar,25,28,8,4,65,0,92,50,0,142,25,120,58,4,207,48,0,48,255
05/14/2010,STT,VI,ASO,ES,Towers with Radar,26,20,5,4,55,0,96,48,0,144,26,116,53,4,199,20,0,20,219
05/15/2010,STT,VI,ASO,ES,Towers with Radar,36,8,4,4,52,0,90,26,0,116,36,98,30,4,168,6,0,6,174
05/16/2010,STT,VI,ASO,ES,Towers with Radar,31,4,4,5,44,0,81,25,2,108,31,85,29,7,152,12,0,12,164
05/17/2010,STT,VI,ASO,ES,Towers with Radar,27,34,13,0,74,0,68,44,0,112,27,102,57,0,186,16,0,16,202
05/18/2010,STT,VI,ASO,ES,Towers with Radar,23,19,14,0,56,0,85,58,0,143,23,104,72,0,199,6,0,6,205
05/19/2010,STT,VI,ASO,ES,Towers with Radar,25,24,10,1,60,0,81,55,3,139,25,105,65,4,199,63,0,63,262
05/20/2010,STT,VI,ASO,ES,Towers with Radar,23,21,7,5,56,0,97,58,0,155,23,118,65,5,211,48,0,48,259
05/21/2010,STT,VI,ASO,ES,Towers with Radar,27,16,3,0,46,0,113,61,0,174,27,129,64,0,220,38,0,38,258
05/22/2010,STT,VI,ASO,ES,Towers with Radar,39,6,6,0,51,0,102,50,2,154,39,108,56,2,205,12,0,12,217
05/23/2010,STT,VI,ASO,ES,Towers with Radar,29,8,1,0,38,0,76,30,0,106,29,84,31,0,144,20,0,20,164
05/24/2010,STT,VI,ASO,ES,Towers with Radar,24,23,1,0,48,0,87,35,0,122,24,110,36,0,170,0,0,0,170
05/25/2010,STT,VI,ASO,ES,Towers with Radar,24,49,7,1,81,0,94,37,3,134,24,143,44,4,215,28,0,28,243
05/26/2010,STT,VI,ASO,ES,Towers with Radar,26,25,8,0,59,0,92,48,0,140,26,117,56,0,199,18,0,18,217
05/27/2010,STT,VI,ASO,ES,Towers with Radar,24,45,12,0,81,0,68,35,0,103,24,113,47,0,184,12,0,12,196
05/28/2010,STT,VI,ASO,ES,Towers with Radar,27,30,16,3,76,0,82,46,0,128,27,112,62,3,204,66,0,66,270
05/29/2010,STT,VI,ASO,ES,Towers with Radar,37,20,3,0,60,0,66,30,0,96,37,86,33,0,156,0,0,0,156
05/30/2010,STT,VI,ASO,ES,Towers with Radar,27,12,1,0,40,0,69,22,0,91,27,81,23,0,131,0,0,0,131
05/31/2010,STT,VI,ASO,ES,Towers with Radar,23,6,8,0,37,0,89,33,0,122,23,95,41,0,159,20,0,20,179
06/01/2010,STT,VI,ASO,ES,Towers with Radar,24,26,8,0,58,0,77,30,0,107,24,103,38,0,165,0,0,0,165
06/02/2010,STT,VI,ASO,ES,Towers with Radar,26,41,7,0,74,0,61,49,0,110,26,102,56,0,184,36,0,36,220
06/03/2010,STT,VI,ASO,ES,Towers with Radar,25,36,5,0,66,0,70,33,0,103,25,106,38,0,169,6,0,6,175
06/04/2010,STT,VI,ASO,ES,Towers with Radar,28,29,6,4,67,0,84,46,0,130,28,113,52,4,197,16,0,16,213
06/05/2010,STT,VI,ASO,ES,Towers with Radar,39,11,8,0,58,0,69,22,0,91,39,80,30,0,149,14,0,14,163
06/06/2010,STT,VI,ASO,ES,Towers with Radar,30,4,2,0,36,0,60,41,0,101,30,64,43,0,137,12,0,12,149
06/07/2010,STT,VI,ASO,ES,Towers with Radar,24,16,11,0,51,0,83,49,0,132,24,99,60,0,183,0,0,0,183
06/08/2010,STT,VI,ASO,ES,Towers with Radar,24,17,8,0,49,0,91,38,5,134,24,108,46,5,183,0,0,0,183
06/09/2010,STT,VI,ASO,ES,Towers with Radar,28,20,4,0,52,0,90,32,0,122,28,110,36,0,174,0,0,0,174
06/10/2010,STT,VI,ASO,ES,Towers with Radar,27,19,12,0,58,0,78,33,0,111,27,97,45,0,169,0,0,0,169
06/11/2010,STT,VI,ASO,ES,Towers with Radar,28,17,18,0,63,0,99,47,0,146,28,116,65,0,209,6,0,6,215
06/12/2010,STT,VI,ASO,ES,Towers with Radar,38,5,10,0,53,0,95,36,16,147,38,100,46,16,200,6,2,8,208
06/13/2010,STT,VI,ASO,ES,Towers with Radar,29,16,6,6,57,0,51,20,0,71,29,67,26,6,128,0,0,0,128
06/14/2010,STT,VI,ASO,ES,Towers with Radar,24,16,7,4,51,0,87,44,2,133,24,103,51,6,184,0,0,0,184
06/15/2010,STT,VI,ASO,ES,Towers with Radar,25,17,8,0,50,0,72,52,0,124,25,89,60,0,174,4,0,4,178
06/16/2010,STT,VI,ASO,ES,Towers with Radar,27,19,8,5,59,0,74,53,1,128,27,93,61,6,187,0,0,0,187
06/17/2010,STT,VI,ASO,ES,Towers with Radar,26,20,4,0,50,0,76,51,1,128,26,96,55,1,178,20,0,20,198
06/18/2010,STT,VI,ASO,ES,Towers with Radar,27,16,11,5,59,0,111,64,1,176,27,127,75,6,235,0,0,0,235
06/19/2010,STT,VI,ASO,ES,Towers with Radar,40,22,7,2,71,0,48,27,0,75,40,70,34,2,146,0,0,0,146
06/20/2010,STT,VI,ASO,ES,Towers with Radar,31,29,10,4,74,0,43,10,0,53,31,72,20,4,127,0,0,0,127
06/21/2010,STT,VI,ASO,ES,Towers with Radar,26,19,13,2,60,0,78,40,0,118,26,97,53,2,178,0,0,0,178
06/22/2010,STT,VI,ASO,ES,Towers with Radar,28,14,2,0,44,0,89,39,0,128,28,103,41,0,172,2,0,2,174
06/23/2010,STT,VI,ASO,ES,Towers with Radar,21,14,6,0,41,0,74,41,2,117,21,88,47,2,158,0,0,0,158
06/24/2010,STT,VI,ASO,ES,Towers with Radar,30,16,9,4,59,0,84,43,0,127,30,100,52,4,186,0,0,0,186
06/25/2010,STT,VI,ASO,ES,Towers with Radar,30,20,19,0,69,0,89,40,0,129,30,109,59,0,198,0,0,0,198
06/26/2010,STT,VI,ASO,ES,Towers with Radar,40,8,6,0,54,0,76,31,6,113,40,84,37,6,167,26,0,26,193
06/27/2010,STT,VI,ASO,ES,Towers with Radar,36,4,5,2,47,0,67,26,1,94,36,71,31,3,141,0,0,0,141
06/28/2010,STT,VI,ASO,ES,Towers with Radar,25,15,9,0,49,0,89,41,0,130,25,104,50,0,179,2,0,2,181
06/29/2010,STT,VI,ASO,ES,Towers with Radar,26,16,9,0,51,0,74,52,0,126,26,90,61,0,177,66,0,66,243
06/30/2010,STT,VI,ASO,ES,Towers with Radar,27,19,10,0,56,0,82,51,1,134,27,101,61,1,190,52,0,52,242
07/01/2010,STT,VI,ASO,ES,Towers with Radar,28,20,12,0,60,0,89,52,0,141,28,109,64,0,201,64,0,64,265
07/02/2010,STT,VI,ASO,ES,Towers with Radar,28,18,7,2,55,0,96,46,0,142,28,114,53,2,197,10,0,10,207
07/03/2010,STT,VI,ASO,ES,Towers with Radar,40,11,8,0,59,0,77,47,0,124,40,88,55,0,183,12,0,12,195
07/04/2010,STT,VI,ASO,ES,Towers with Radar,32,7,6,0,45,0,64,48,0,112,32,71,54,0,157,56,0,56,213
07/05/2010,STT,VI,ASO,ES,Towers with Radar,25,8,4,0,37,0,60,35,0,95,25,68,39,0,132,32,0,32,164
07/06/2010,STT,VI,ASO,ES,Towers with Radar,25,16,5,2,48,0,83,37,0,120,25,99,42,2,168,46,0,46,214
07/07/2010,STT,VI,ASO,ES,Towers with Radar,30,18,4,0,52,0,80,56,4,140,30,98,60,4,192,30,0,30,222
07/08/2010,STT,VI,ASO,ES,Towers with Radar,26,17,8,0,51,0,81,68,0,149,26,98,76,0,200,36,0,36,236
07/09/2010,STT,VI,ASO,ES,Towers with Radar,31,19,8,2,60,0,81,46,2,129,31,100,54,4,189,26,0,26,215
07/10/2010,STT,VI,ASO,ES,Towers with Radar,40,8,5,0,53,0,72,33,1,106,40,80,38,1,159,0,0,0,159
07/11/2010,STT,VI,ASO,ES,Towers with Radar,34,5,2,0,41,0,74,35,0,109,34,79,37,0,150,0,0,0,150
07/12/2010,STT,VI,ASO,ES,Towers with Radar,26,21,5,0,52,0,74,47,0,121,26,95,52,0,173,32,0,32,205
07/13/2010,STT,VI,ASO,ES,Towers with Radar,28,14,11,0,53,0,76,53,0,129,28,90,64,0,182,20,0,20,202
07/14/2010,STT,VI,ASO,ES,Towers with Radar,29,18,9,0,56,0,94,54,2,150,29,112,63,2,206,42,0,42,248
07/15/2010,STT,VI,ASO,ES,Towers with Radar,30,17,15,0,62,0,101,53,0,154,30,118,68,0,216,24,0,24,240
07/16/2010,STT,VI,ASO,ES,Towers with Radar,29,34,6,0,69,0,120,53,0,173,29,154,59,0,242,8,0,8,250
07/17/2010,STT,VI,ASO,ES,Towers with Radar,42,13,6,0,61,0,69,25,0,94,42,82,31,0,155,0,0,0,155
07/18/2010,STT,VI,ASO,ES,Towers with Radar,38,9,6,0,53,0,58,20,0,78,38,67,26,0,131,0,0,0,131
07/19/2010,STT,VI,ASO,ES,Towers with Radar,28,28,11,0,67,52,26,0,0,78,80,54,11,0,145,0,0,0,145
07/20/2010,STT,VI,ASO,ES,Towers with Radar,28,33,13,0,74,0,25,20,0,45,28,58,33,0,119,0,0,0,119
07/21/2010,STT,VI,ASO,ES,Towers with Radar,29,26,12,0,67,0,73,51,0,124,29,99,63,0,191,42,0,42,233
07/22/2010,STT,VI,ASO,ES,Towers with Radar,27,28,10,4,69,0,69,38,2,109,27,97,48,6,178,54,6,60,238
07/23/2010,STT,VI,ASO,ES,Towers with Radar,28,22,8,0,58,0,76,48,0,124,28,98,56,0,182,40,0,40,222
07/24/2010,STT,VI,ASO,ES,Towers with Radar,42,15,7,0,64,0,73,36,0,109,42,88,43,0,173,38,0,38,211
07/25/2010,STT,VI,ASO,ES,Towers with Radar,35,6,8,0,49,62,18,0,0,80,97,24,8,0,129,2,0,2,131
07/26/2010,STT,VI,ASO,ES,Towers with Radar,28,21,7,0,56,0,83,49,0,132,28,104,56,0,188,10,0,10,198
07/27/2010,STT,VI,ASO,ES,Towers with Radar,28,15,9,0,52,0,89,43,2,134,28,104,52,2,186,16,0,16,202
07/28/2010,STT,VI,ASO,ES,Towers with Radar,29,17,8,1,55,0,82,53,2,137,29,99,61,3,192,56,0,56,248
07/29/2010,STT,VI,ASO,ES,Towers with Radar,29,18,15,0,62,0,77,45,0,122,29,95,60,0,184,14,0,14,198
07/30/2010,STT,VI,ASO,ES,Towers with Radar,30,19,7,0,56,0,91,54,4,149,30,110,61,4,205,26,0,26,231
07/31/2010,STT,VI,ASO,ES,Towers with Radar,40,10,8,0,58,0,66,50,0,116,40,76,58,0,174,26,0,26,200
08/01/2010,STT,VI,ASO,ES,Towers with Radar,35,5,2,0,42,0,82,33,0,115,35,87,35,0,157,4,0,4,161
08/02/2010,STT,VI,ASO,ES,Towers with Radar,27,22,3,0,52,0,78,44,0,122,27,100,47,0,174,26,0,26,200
08/03/2010,STT,VI,ASO,ES,Towers with Radar,29,23,5,0,57,0,77,48,0,125,29,100,53,0,182,42,0,42,224
08/04/2010,STT,VI,ASO,ES,Towers with Radar,31,15,15,0,61,0,89,44,0,133,31,104,59,0,194,24,0,24,218
08/05/2010,STT,VI,ASO,ES,Towers with Radar,28,14,10,2,54,0,93,55,2,150,28,107,65,4,204,36,0,36,240
08/06/2010,STT,VI,ASO,ES,Towers with Radar,37,17,10,0,64,0,83,45,0,128,37,100,55,0,192,18,0,18,210
08/07/2010,STT,VI,ASO,ES,Towers with Radar,41,8,4,1,54,0,76,27,6,109,41,84,31,7,163,24,0,24,187
08/08/2010,STT,VI,ASO,ES,Towers with Radar,34,10,3,6,53,0,77,37,0,114,34,87,40,6,167,0,0,0,167
08/09/2010,STT,VI,ASO,ES,Towers with Radar,23,19,8,0,50,0,78,31,0,109,23,97,39,0,159,0,0,0,159
08/10/2010,STT,VI,ASO,ES,Towers with Radar,28,16,25,0,69,0,69,39,0,108,28,85,64,0,177,14,0,14,191
08/11/2010,STT,VI,ASO,ES,Towers with Radar,29,18,20,1,68,0,83,33,3,119,29,101,53,4,187,0,0,0,187
08/12/2010,STT,VI,ASO,ES,Towers with Radar,28,22,10,0,60,0,72,52,0,124,28,94,62,0,184,4,0,4,188
08/13/2010,STT,VI,ASO,ES,Towers with Radar,28,17,6,0,51,0,86,49,0,135,28,103,55,0,186,12,0,12,198
08/14/2010,STT,VI,ASO,ES,Towers with Radar,39,8,4,0,51,0,81,39,0,120,39,89,43,0,171,14,0,14,185
08/15/2010,STT,VI,ASO,ES,Towers with Radar,33,5,2,0,40,0,68,38,5,111,33,73,40,5,151,8,0,8,159
08/16/2010,STT,VI,ASO,ES,Towers with Radar,26,20,7,0,53,0,84,39,0,123,26,104,46,0,176,24,0,24,200
08/17/2010,STT,VI,ASO,ES,Towers with Radar,21,21,2,0,44,0,87,40,0,127,21,108,42,0,171,8,0,8,179
08/18/2010,STT,VI,ASO,ES,Towers with Radar,24,23,8,0,55,0,82,52,2,136,24,105,60,2,191,28,10,38,229
08/19/2010,STT,VI,ASO,ES,Towers with Radar,22,22,7,2,53,0,86,39,3,128,22,108,46,5,181,16,0,16,197
08/20/2010,STT,VI,ASO,ES,Towers with Radar,23,30,3,0,56,0,100,68,10,178,23,130,71,10,234,32,0,32,266
08/21/2010,STT,VI,ASO,ES,Towers with Radar,32,10,6,3,51,0,71,30,0,101,32,81,36,3,152,14,12,26,178
08/22/2010,STT,VI,ASO,ES,Towers with Radar,26,8,1,0,35,0,69,41,4,114,26,77,42,4,149,14,0,14,163
08/23/2010,STT,VI,ASO,ES,Towers with Radar,22,18,3,5,48,0,69,27,1,97,22,87,30,6,145,0,6,6,151
08/24/2010,STT,VI,ASO,ES,Towers with Radar,19,16,10,0,45,0,83,42,0,125,19,99,52,0,170,18,0,18,188
08/25/2010,STT,VI,ASO,ES,Towers with Radar,18,22,12,0,52,0,79,46,2,127,18,101,58,2,179,34,0,34,213
08/26/2010,STT,VI,ASO,ES,Towers with Radar,20,19,4,0,43,0,80,40,2,122,20,99,44,2,165,32,0,32,197
08/27/2010,STT,VI,ASO,ES,Towers with Radar,18,22,1,1,42,0,84,57,2,143,18,106,58,3,185,68,2,70,255
08/28/2010,STT,VI,ASO,ES,Towers with Radar,24,6,3,2,35,0,56,41,0,97,24,62,44,2,132,10,0,10,142
08/29/2010,STT,VI,ASO,ES,Towers with Radar,23,3,10,2,38,0,65,49,0,114,23,68,59,2,152,0,0,0,152
08/30/2010,STT,VI,ASO,ES,Towers with Radar,0,0,0,0,0,0,0,0,0,0,0,0,0,0,0,0,0,0,0
08/31/2010,STT,VI,ASO,ES,Towers with Radar,17,16,1,0,34,0,51,15,3,69,17,67,16,3,103,0,0,0,103
09/01/2010,STT,VI,ASO,ES,Towers with Radar,19,21,12,2,54,0,67,32,1,100,19,88,44,3,154,10,0,10,164
09/02/2010,STT,VI,ASO,ES,Towers with Radar,19,18,0,0,37,0,71,34,0,105,19,89,34,0,142,2,0,2,144
09/03/2010,STT,VI,ASO,ES,Towers with Radar,18,22,6,0,46,0,76,67,2,145,18,98,73,2,191,20,8,28,219
09/04/2010,STT,VI,ASO,ES,Towers with Radar,20,7,1,0,28,0,61,49,0,110,20,68,50,0,138,28,0,28,166
09/05/2010,STT,VI,ASO,ES,Towers with Radar,21,4,1,0,26,0,55,39,0,94,21,59,40,0,120,0,0,0,120
09/06/2010,STT,VI,ASO,ES,Towers with Radar,18,6,1,0,25,0,70,52,0,122,18,76,53,0,147,12,0,12,159
09/07/2010,STT,VI,ASO,ES,Towers with Radar,15,35,3,0,53,0,67,34,0,101,15,102,37,0,154,0,0,0,154
09/08/2010,STT,VI,ASO,ES,Towers with Radar,14,14,6,1,35,0,77,34,9,120,14,91,40,10,155,0,0,0,155
09/09/2010,STT,VI,ASO,ES,Towers with Radar,17,14,1,0,32,0,74,57,0,131,17,88,58,0,163,19,0,19,182
09/10/2010,STT,VI,ASO,ES,Towers with Radar,15,25,3,0,43,0,87,37,5,129,15,112,40,5,172,28,0,28,200
09/11/2010,STT,VI,ASO,ES,Towers with Radar,18,11,2,0,31,0,59,24,3,86,18,70,26,3,117,18,0,18,135
09/12/2010,STT,VI,ASO,ES,Towers with Radar,21,5,2,2,30,0,53,17,1,71,21,58,19,3,101,0,2,2,103
09/13/2010,STT,VI,ASO,ES,Towers with Radar,14,18,0,0,32,0,70,50,4,124,14,88,50,4,156,20,0,20,176
09/14/2010,STT,VI,ASO,ES,Towers with Radar,17,22,4,0,43,0,81,41,1,123,17,103,45,1,166,28,0,28,194
09/15/2010,STT,VI,ASO,ES,Towers with Radar,13,19,5,0,37,0,74,49,2,125,13,93,54,2,162,0,4,4,166
09/16/2010,STT,VI,ASO,ES,Towers with Radar,16,19,1,4,40,0,81,38,0,119,16,100,39,4,159,12,0,12,171
09/17/2010,STT,VI,ASO,ES,Towers with Radar,12,23,6,2,43,0,82,59,0,141,12,105,65,2,184,18,0,18,202
09/18/2010,STT,VI,ASO,ES,Towers with Radar,21,2,5,1,29,0,59,23,0,82,21,61,28,1,111,12,0,12,123
09/19/2010,STT,VI,ASO,ES,Towers with Radar,20,8,3,4,35,0,48,15,4,67,20,56,18,8,102,0,0,0,102
09/20/2010,STT,VI,ASO,ES,Towers with Radar,14,20,14,4,52,0,73,26,2,101,14,93,40,6,153,0,2,2,155
09/21/2010,STT,VI,ASO,ES,Towers with Radar,14,25,8,0,47,0,82,43,1,126,14,107,51,1,173,16,0,16,189
09/22/2010,STT,VI,ASO,ES,Towers with Radar,14,22,8,4,48,0,83,41,3,127,14,105,49,7,175,0,0,0,175
09/23/2010,STT,VI,ASO,ES,Towers with Radar,16,18,4,0,38,0,79,45,1,125,16,97,49,1,163,68,0,68,231
09/24/2010,STT,VI,ASO,ES,Towers with Radar,18,20,6,0,44,0,101,58,2,161,18,121,64,2,205,16,10,26,231
09/25/2010,STT,VI,ASO,ES,Towers with Radar,20,7,2,0,29,0,65,25,0,90,20,72,27,0,119,62,0,62,181
09/26/2010,STT,VI,ASO,ES,Towers with Radar,19,3,1,0,23,0,60,34,2,96,19,63,35,2,119,20,0,20,139
09/27/2010,STT,VI,ASO,ES,Towers with Radar,15,21,1,0,37,0,90,34,0,124,15,111,35,0,161,16,0,16,177
09/28/2010,STT,VI,ASO,ES,Towers with Radar,15,21,0,0,36,0,75,31,0,106,15,96,31,0,142,0,0,0,142
09/29/2010,STT,VI,ASO,ES,Towers with Radar,16,18,4,0,38,0,77,38,2,117,16,95,42,2,155,42,0,42,197
09/30/2010,STT,VI,ASO,ES,Towers with Radar,16,25,3,0,44,0,69,41,7,117,16,94,44,7,161,42,0,42,203
10/01/2010,STT,VI,ASO,ES,Towers with Radar,17,39,2,0,58,0,62,38,3,103,17,101,40,3,161,0,0,0,161
10/02/2010,STT,VI,ASO,ES,Towers with Radar,20,8,3,0,31,0,64,32,0,96,20,72,35,0,127,72,0,72,199
10/03/2010,STT,VI,ASO,ES,Towers with Radar,20,9,3,0,32,0,54,20,0,74,20,63,23,0,106,14,0,14,120
10/04/2010,STT,VI,ASO,ES,Towers with Radar,16,22,1,0,39,0,72,29,0,101,16,94,30,0,140,0,0,0,140
10/05/2010,STT,VI,ASO,ES,Towers with Radar,15,36,9,0,60,0,45,15,3,63,15,81,24,3,123,0,0,0,123
10/06/2010,STT,VI,ASO,ES,Towers with Radar,20,34,8,0,62,0,28,12,1,41,20,62,20,1,103,0,0,0,103
10/07/2010,STT,VI,ASO,ES,Towers with Radar,12,46,15,0,73,0,28,12,0,40,12,74,27,0,113,0,0,0,113
10/08/2010,STT,VI,ASO,ES,Towers with Radar,21,32,7,0,60,0,76,46,0,122,21,108,53,0,182,0,0,0,182
10/09/2010,STT,VI,ASO,ES,Towers with Radar,20,7,3,0,30,0,62,24,0,86,20,69,27,0,116,16,0,16,132
10/10/2010,STT,VI,ASO,ES,Towers with Radar,20,4,0,0,24,0,57,22,2,81,20,61,22,2,105,4,0,4,109
10/11/2010,STT,VI,ASO,ES,Towers with Radar,16,12,1,0,29,0,59,24,0,83,16,71,25,0,112,0,0,0,112
10/12/2010,STT,VI,ASO,ES,Towers with Radar,16,19,5,1,41,0,80,38,2,120,16,99,43,3,161,6,0,6,167
10/13/2010,STT,VI,ASO,ES,Towers with Radar,16,19,1,0,36,0,69,33,0,102,16,88,34,0,138,20,0,20,158
10/14/2010,STT,VI,ASO,ES,Towers with Radar,16,24,1,2,43,0,80,41,0,121,16,104,42,2,164,0,0,0,164
10/15/2010,STT,VI,ASO,ES,Towers with Radar,17,17,2,7,43,0,86,68,2,156,17,103,70,9,199,18,0,18,217
10/16/2010,STT,VI,ASO,ES,Towers with Radar,18,8,3,3,32,0,73,42,2,117,18,81,45,5,149,20,0,20,169
10/17/2010,STT,VI,ASO,ES,Towers with Radar,20,4,1,0,25,0,61,42,4,107,20,65,43,4,132,0,0,0,132
10/18/2010,STT,VI,ASO,ES,Towers with Radar,16,22,1,0,39,0,68,45,2,115,16,90,46,2,154,10,0,10,164
10/19/2010,STT,VI,ASO,ES,Towers with Radar,16,20,2,0,38,0,85,41,0,126,16,105,43,0,164,6,0,6,170
10/20/2010,STT,VI,ASO,ES,Towers with Radar,16,22,5,2,45,0,76,38,5,119,16,98,43,7,164,0,0,0,164
10/21/2010,STT,VI,ASO,ES,Towers with Radar,16,26,11,0,53,0,85,45,5,135,16,111,56,5,188,6,0,6,194
10/22/2010,STT,VI,ASO,ES,Towers with Radar,17,19,8,0,44,0,85,80,0,165,17,104,88,0,209,2,0,2,211
10/23/2010,STT,VI,ASO,ES,Towers with Radar,21,10,6,0,37,0,81,45,4,130,21,91,51,4,167,10,0,10,177
10/24/2010,STT,VI,ASO,ES,Towers with Radar,21,5,5,0,31,0,71,47,6,124,21,76,52,6,155,0,0,0,155
10/25/2010,STT,VI,ASO,ES,Towers with Radar,16,42,1,0,59,0,89,39,0,128,16,131,40,0,187,8,0,8,195
10/26/2010,STT,VI,ASO,ES,Towers with Radar,16,24,4,0,44,0,78,42,0,120,16,102,46,0,164,34,0,34,198
10/27/2010,STT,VI,ASO,ES,Towers with Radar,16,22,11,0,49,0,79,39,0,118,16,101,50,0,167,8,0,8,175
10/28/2010,STT,VI,ASO,ES,Towers with Radar,16,23,5,0,44,0,76,52,0,128,16,99,57,0,172,20,0,20,192
10/29/2010,STT,VI,ASO,ES,Towers with Radar,15,23,2,0,40,0,86,46,0,132,15,109,48,0,172,0,0,0,172
10/30/2010,STT,VI,ASO,ES,Towers with Radar,20,9,3,0,32,0,89,26,0,115,20,98,29,0,147,0,0,0,147
10/31/2010,STT,VI,ASO,ES,Towers with Radar,22,7,2,0,31,0,63,45,0,108,22,70,47,0,139,0,0,0,139
11/01/2010,STT,VI,ASO,ES,Towers with Radar,18,16,0,0,34,0,81,49,0,130,18,97,49,0,164,4,0,4,168
11/02/2010,STT,VI,ASO,ES,Towers with Radar,16,26,8,1,51,0,83,25,0,108,16,109,33,1,159,0,0,0,159
11/03/2010,STT,VI,ASO,ES,Towers with Radar,16,24,9,4,53,0,81,48,0,129,16,105,57,4,182,4,0,4,186
11/04/2010,STT,VI,ASO,ES,Towers with Radar,17,14,7,1,39,0,91,55,0,146,17,105,62,1,185,10,0,10,195
11/05/2010,STT,VI,ASO,ES,Towers with Radar,16,22,12,0,50,0,98,51,0,149,16,120,63,0,199,0,0,0,199
11/06/2010,STT,VI,ASO,ES,Towers with Radar,24,22,4,0,50,0,79,19,0,98,24,101,23,0,148,0,0,0,148
11/07/2010,STT,VI,ASO,ES,Towers with Radar,27,30,4,0,61,0,34,23,0,57,27,64,27,0,118,0,0,0,118
11/08/2010,STT,VI,ASO,ES,Towers with Radar,18,25,6,0,49,0,67,46,0,113,18,92,52,0,162,0,0,0,162
11/09/2010,STT,VI,ASO,ES,Towers with Radar,17,28,2,4,51,0,75,34,0,109,17,103,36,4,160,0,0,0,160
11/10/2010,STT,VI,ASO,ES,Towers with Radar,17,42,16,2,77,0,53,19,0,72,17,95,35,2,149,0,0,0,149
11/11/2010,STT,VI,ASO,ES,Towers with Radar,20,27,9,1,57,0,68,21,1,90,20,95,30,2,147,0,0,0,147
11/12/2010,STT,VI,ASO,ES,Towers with Radar,18,24,3,0,45,0,92,65,0,157,18,116,68,0,202,0,0,0,202
11/13/2010,STT,VI,ASO,ES,Towers with Radar,28,9,8,4,49,0,84,32,4,120,28,93,40,8,169,0,0,0,169
11/14/2010,STT,VI,ASO,ES,Towers with Radar,24,6,4,5,39,0,72,45,2,119,24,78,49,7,158,0,0,0,158
11/15/2010,STT,VI,ASO,ES,Towers with Radar,20,13,2,0,35,0,95,61,1,157,20,108,63,1,192,4,0,4,196
11/16/2010,STT,VI,ASO,ES,Towers with Radar,18,26,3,0,47,0,90,48,0,138,18,116,51,0,185,6,0,6,191
11/17/2010,STT,VI,ASO,ES,Towers with Radar,19,21,11,0,51,0,91,37,0,128,19,112,48,0,179,12,0,12,191
11/18/2010,STT,VI,ASO,ES,Towers with Radar,22,18,10,0,50,0,92,48,2,142,22,110,58,2,192,0,0,0,192
11/19/2010,STT,VI,ASO,ES,Towers with Radar,20,27,2,3,52,0,109,53,3,165,20,136,55,6,217,6,0,6,223
11/20/2010,STT,VI,ASO,ES,Towers with Radar,31,6,0,0,37,0,103,54,0,157,31,109,54,0,194,4,0,4,198
11/21/2010,STT,VI,ASO,ES,Towers with Radar,24,7,4,0,35,0,76,30,0,106,24,83,34,0,141,0,0,0,141
11/22/2010,STT,VI,ASO,ES,Towers with Radar,22,18,4,0,44,0,91,45,0,136,22,109,49,0,180,0,0,0,180
11/23/2010,STT,VI,ASO,ES,Towers with Radar,21,21,6,0,48,0,101,57,0,158,21,122,63,0,206,4,0,4,210
11/24/2010,STT,VI,ASO,ES,Towers with Radar,20,24,11,0,55,0,114,61,0,175,20,138,72,0,230,0,0,0,230
11/25/2010,STT,VI,ASO,ES,Towers with Radar,18,5,2,0,25,0,61,25,0,86,18,66,27,0,111,2,0,2,113
11/26/2010,STT,VI,ASO,ES,Towers with Radar,21,12,6,0,39,0,111,47,0,158,21,123,53,0,197,8,0,8,205
11/27/2010,STT,VI,ASO,ES,Towers with Radar,31,9,15,0,55,0,125,28,6,159,31,134,43,6,214,0,0,0,214
11/28/2010,STT,VI,ASO,ES,Towers with Radar,24,7,13,0,44,0,101,74,1,176,24,108,87,1,220,0,0,0,220
11/29/2010,STT,VI,ASO,ES,Towers with Radar,21,20,6,0,47,0,104,50,0,154,21,124,56,0,201,0,0,0,201
11/30/2010,STT,VI,ASO,ES,Towers with Radar,19,25,5,0,49,0,86,40,0,126,19,111,45,0,175,0,0,0,175
12/01/2010,STT,VI,ASO,ES,Towers with Radar,21,26,3,7,57,0,94,46,0,140,21,120,49,7,197,16,0,16,213
12/02/2010,STT,VI,ASO,ES,Towers with Radar,24,21,7,0,52,0,79,34,0,113,24,100,41,0,165,4,0,4,169
12/03/2010,STT,VI,ASO,ES,Towers with Radar,20,17,7,0,44,0,103,47,0,150,20,120,54,0,194,0,0,0,194
12/04/2010,STT,VI,ASO,ES,Towers with Radar,30,5,12,2,49,0,88,38,4,130,30,93,50,6,179,28,0,28,207
12/05/2010,STT,VI,ASO,ES,Towers with Radar,25,7,4,2,38,0,76,45,5,126,25,83,49,7,164,0,0,0,164
12/06/2010,STT,VI,ASO,ES,Towers with Radar,23,23,7,0,53,0,95,60,0,155,23,118,67,0,208,28,0,28,236
12/07/2010,STT,VI,ASO,ES,Towers with Radar,20,29,9,0,58,0,75,34,0,109,20,104,43,0,167,12,0,12,179
12/08/2010,STT,VI,ASO,ES,Towers with Radar,20,18,5,8,51,0,94,68,2,164,20,112,73,10,215,10,6,16,231
12/09/2010,STT,VI,ASO,ES,Towers with Radar,23,27,8,2,60,0,78,55,3,136,23,105,63,5,196,8,0,8,204
12/10/2010,STT,VI,ASO,ES,Towers with Radar,19,36,4,4,63,0,83,71,3,157,19,119,75,7,220,0,14,14,234
12/11/2010,STT,VI,ASO,ES,Towers with Radar,30,5,2,0,37,0,100,42,2,144,30,105,44,2,181,58,0,58,239
12/12/2010,STT,VI,ASO,ES,Towers with Radar,25,7,4,0,36,0,78,41,1,120,25,85,45,1,156,0,0,0,156
12/13/2010,STT,VI,ASO,ES,Towers with Radar,21,16,7,0,44,0,80,33,0,113,21,96,40,0,157,12,0,12,169
12/14/2010,STT,VI,ASO,ES,Towers with Radar,21,22,12,0,55,0,90,64,2,156,21,112,76,2,211,26,0,26,237
12/15/2010,STT,VI,ASO,ES,Towers with Radar,20,26,6,4,56,0,0,0,0,0,20,26,6,4,56,12,0,12,68
12/16/2010,STT,VI,ASO,ES,Towers with Radar,28,29,3,15,75,0,109,33,0,142,28,138,36,15,217,0,0,0,217
12/17/2010,STT,VI,ASO,ES,Towers with Radar,27,26,6,2,61,0,113,60,6,179,27,139,66,8,240,40,0,40,280
12/18/2010,STT,VI,ASO,ES,Towers with Radar,42,11,13,0,66,0,102,63,1,166,42,113,76,1,232,22,0,22,254
12/19/2010,STT,VI,ASO,ES,Towers with Radar,32,10,17,1,60,0,87,29,0,116,32,97,46,1,176,0,0,0,176
12/20/2010,STT,VI,ASO,ES,Towers with Radar,30,33,9,0,72,0,98,56,0,154,30,131,65,0,226,0,0,0,226
12/21/2010,STT,VI,ASO,ES,Towers with Radar,31,27,7,0,65,0,0,0,0,0,31,27,7,0,65,6,0,6,71
12/22/2010,STT,VI,ASO,ES,Towers with Radar,26,26,19,0,71,0,98,54,3,155,26,124,73,3,226,4,0,4,230
12/23/2010,STT,VI,ASO,ES,Towers with Radar,32,21,26,0,79,0,102,62,2,166,32,123,88,2,245,14,0,14,259
12/24/2010,STT,VI,ASO,ES,Towers with Radar,26,9,10,0,45,0,113,49,0,162,26,122,59,0,207,30,0,30,237
12/25/2010,STT,VI,ASO,ES,Towers with Radar,42,7,11,0,60,0,88,35,0,123,42,95,46,0,183,0,0,0,183
12/26/2010,STT,VI,ASO,ES,Towers with Radar,34,20,48,8,110,0,113,72,2,187,34,133,120,10,297,26,8,34,331
12/27/2010,STT,VI,ASO,ES,Towers with Radar,25,28,30,1,84,0,110,52,3,165,25,138,82,4,249,30,0,30,279
12/28/2010,STT,VI,ASO,ES,Towers with Radar,28,36,26,2,92,0,80,56,0,136,28,116,82,2,228,32,0,32,260
12/29/2010,STT,VI,ASO,ES,Towers with Radar,32,31,14,0,77,0,57,36,2,95,32,88,50,2,172,0,0,0,172
12/30/2010,STT,VI,ASO,ES,Towers with Radar,33,35,17,0,85,0,97,68,3,168,33,132,85,3,253,0,0,0,253
12/31/2010,STT,VI,ASO,ES,Towers with Radar,31,19,16,0,66,0,99,47,3,149,31,118,63,3,215,4,0,4,219
01/01/2011,STT,VI,ASO,ES,Towers with Radar,42,9,26,0,77,0,82,36,0,118,42,91,62,0,195,0,0,0,195
01/02/2011,STT,VI,ASO,ES,Towers with Radar,35,22,57,1,115,0,100,43,2,145,35,122,100,3,260,0,0,0,260
01/03/2011,STT,VI,ASO,ES,Towers with Radar,35,26,22,4,87,0,111,66,23,200,35,137,88,27,287,0,0,0,287
01/04/2011,STT,VI,ASO,ES,Towers with Radar,29,20,22,0,71,0,109,66,4,179,29,129,88,4,250,12,0,12,262
01/05/2011,STT,VI,ASO,ES,Towers with Radar,24,24,10,1,59,0,93,71,3,167,24,117,81,4,226,50,12,62,288
01/06/2011,STT,VI,ASO,ES,Towers with Radar,32,13,13,0,58,0,95,40,0,135,32,108,53,0,193,18,0,18,211
01/07/2011,STT,VI,ASO,ES,Towers with Radar,28,20,11,0,59,0,92,57,0,149,28,112,68,0,208,57,0,57,265
01/08/2011,STT,VI,ASO,ES,Towers with Radar,42,9,9,0,60,0,76,49,0,125,42,85,58,0,185,36,0,36,221
01/09/2011,STT,VI,ASO,ES,Towers with Radar,34,10,11,0,55,0,112,86,0,198,34,122,97,0,253,0,0,0,253
01/10/2011,STT,VI,ASO,ES,Towers with Radar,32,24,9,0,65,0,99,56,0,155,32,123,65,0,220,22,0,22,242
01/11/2011,STT,VI,ASO,ES,Towers with Radar,19,23,12,4,58,0,89,62,0,151,19,112,74,4,209,0,0,0,209
01/12/2011,STT,VI,ASO,ES,Towers with Radar,21,25,6,2,54,0,84,44,4,132,21,109,50,6,186,16,0,16,202
01/13/2011,STT,VI,ASO,ES,Towers with Radar,29,22,5,4,60,0,87,44,0,131,29,109,49,4,191,29,0,29,220
01/14/2011,STT,VI,ASO,ES,Towers with Radar,29,22,10,0,61,0,97,72,0,169,29,119,82,0,230,57,0,57,287
01/15/2011,STT,VI,ASO,ES,Towers with Radar,44,4,13,2,63,0,76,50,0,126,44,80,63,2,189,10,0,10,199
01/16/2011,STT,VI,ASO,ES,Towers with Radar,35,4,8,1,48,0,95,25,3,123,35,99,33,4,171,0,0,0,171
01/17/2011,STT,VI,ASO,ES,Towers with Radar,29,10,13,0,52,0,92,55,0,147,29,102,68,0,199,14,0,14,213
01/18/2011,STT,VI,ASO,ES,Towers with Radar,22,20,6,2,50,0,86,55,0,141,22,106,61,2,191,28,0,28,219
01/19/2011,STT,VI,ASO,ES,Towers with Radar,26,18,9,0,53,0,93,55,1,149,26,111,64,1,202,0,0,0,202
01/20/2011,STT,VI,ASO,ES,Towers with Radar,31,24,11,3,69,0,88,52,1,141,31,112,63,4,210,2,0,2,212
01/21/2011,STT,VI,ASO,ES,Towers with Radar,29,22,10,4,65,0,99,58,2,159,29,121,68,6,224,0,8,8,232
01/22/2011,STT,VI,ASO,ES,Towers with Radar,43,8,10,6,67,0,93,35,0,128,43,101,45,6,195,6,0,6,201
01/23/2011,STT,VI,ASO,ES,Towers with Radar,35,6,10,7,58,0,79,23,0,102,35,85,33,7,160,0,0,0,160
01/24/2011,STT,VI,ASO,ES,Towers with Radar,29,16,3,2,50,0,87,31,0,118,29,103,34,2,168,10,0,10,178
01/25/2011,STT,VI,ASO,ES,Towers with Radar,22,30,6,0,58,0,90,51,1,142,22,120,57,1,200,26,0,26,226
01/26/2011,STT,VI,ASO,ES,Towers with Radar,24,36,10,0,70,0,97,50,0,147,24,133,60,0,217,2,0,2,219
01/27/2011,STT,VI,ASO,ES,Towers with Radar,31,23,8,4,66,0,90,52,0,142,31,113,60,4,208,12,0,12,220
01/28/2011,STT,VI,ASO,ES,Towers with Radar,28,31,10,1,70,0,0,0,0,0,28,31,10,1,70,10,8,18,88
01/29/2011,STT,VI,ASO,ES,Towers with Radar,42,5,9,3,59,0,69,51,0,120,42,74,60,3,179,12,0,12,191
01/30/2011,STT,VI,ASO,ES,Towers with Radar,35,18,6,0,59,0,83,50,0,133,35,101,56,0,192,18,0,18,210
01/31/2011,STT,VI,ASO,ES,Towers with Radar,30,41,18,0,89,0,82,47,0,129,30,123,65,0,218,42,0,42,260
02/01/2011,STT,VI,ASO,ES,Towers with Radar,21,17,6,0,44,0,96,59,0,155,21,113,65,0,199,68,0,68,267
02/02/2011,STT,VI,ASO,ES,Towers with Radar,22,16,8,0,46,0,111,47,0,158,22,127,55,0,204,36,0,36,240
02/03/2011,STT,VI,ASO,ES,Towers with Radar,30,16,6,0,52,0,91,50,0,141,30,107,56,0,193,0,0,0,193
02/04/2011,STT,VI,ASO,ES,Towers with Radar,29,21,11,0,61,0,100,42,1,143,29,121,53,1,204,0,12,12,216
02/05/2011,STT,VI,ASO,ES,Towers with Radar,43,14,8,0,65,0,82,38,0,120,43,96,46,0,185,0,0,0,185
02/06/2011,STT,VI,ASO,ES,Towers with Radar,35,7,16,0,58,0,81,32,1,114,35,88,48,1,172,0,0,0,172
02/07/2011,STT,VI,ASO,ES,Towers with Radar,41,18,12,0,71,0,92,40,2,134,41,110,52,2,205,38,0,38,243
02/08/2011,STT,VI,ASO,ES,Towers with Radar,21,17,19,4,61,0,107,47,2,156,21,124,66,6,217,6,2,8,225
02/09/2011,STT,VI,ASO,ES,Towers with Radar,23,23,13,12,71,0,92,62,0,154,23,115,75,12,225,22,0,22,247
02/10/2011,STT,VI,ASO,ES,Towers with Radar,30,18,7,2,57,0,98,67,0,165,30,116,74,2,222,40,0,40,262
02/11/2011,STT,VI,ASO,ES,Towers with Radar,29,21,19,4,73,0,115,61,0,176,29,136,80,4,249,32,0,32,281
02/12/2011,STT,VI,ASO,ES,Towers with Radar,45,4,19,4,72,0,79,52,5,136,45,83,71,9,208,16,0,16,224
02/13/2011,STT,VI,ASO,ES,Towers with Radar,31,11,13,8,63,0,67,52,3,122,31,78,65,11,185,8,0,8,193
02/14/2011,STT,VI,ASO,ES,Towers with Radar,30,50,28,0,108,0,67,48,0,115,30,117,76,0,223,38,0,38,261
02/15/2011,STT,VI,ASO,ES,Towers with Radar,25,33,7,0,65,0,100,59,0,159,25,133,66,0,224,0,0,0,224
02/16/2011,STT,VI,ASO,ES,Towers with Radar,24,29,18,8,79,0,103,77,3,183,24,132,95,11,262,28,6,34,296
02/17/2011,STT,VI,ASO,ES,Towers with Radar,31,26,18,4,79,0,128,71,0,199,31,154,89,4,278,66,0,66,344
02/18/2011,STT,VI,ASO,ES,Towers with Radar,30,30,20,2,82,0,157,90,0,247,30,187,110,2,329,25,0,25,354
02/19/2011,STT,VI,ASO,ES,Towers with Radar,44,11,28,0,83,0,126,96,0,222,44,137,124,0,305,30,0,30,335
02/20/2011,STT,VI,ASO,ES,Towers with Radar,36,9,10,0,55,0,118,66,2,186,36,127,76,2,241,20,0,20,261
02/21/2011,STT,VI,ASO,ES,Towers with Radar,32,14,23,0,69,0,119,85,0,204,32,133,108,0,273,0,0,0,273
02/22/2011,STT,VI,ASO,ES,Towers with Radar,30,21,18,0,69,0,98,61,0,159,30,119,79,0,228,54,0,54,282
02/23/2011,STT,VI,ASO,ES,Towers with Radar,28,18,4,0,50,0,100,45,1,146,28,118,49,1,196,0,0,0,196
02/24/2011,STT,VI,ASO,ES,Towers with Radar,32,17,6,0,55,0,106,68,1,175,32,123,74,1,230,6,0,6,236
02/25/2011,STT,VI,ASO,ES,Towers with Radar,30,18,10,1,59,0,101,71,1,173,30,119,81,2,232,0,8,8,240
02/26/2011,STT,VI,ASO,ES,Towers with Radar,44,11,14,0,69,0,112,59,0,171,44,123,73,0,240,14,0,14,254
02/27/2011,STT,VI,ASO,ES,Towers with Radar,39,14,15,0,68,0,109,49,0,158,39,123,64,0,226,28,0,28,254
02/28/2011,STT,VI,ASO,ES,Towers with Radar,32,20,12,4,68,0,100,46,0,146,32,120,58,4,214,0,0,0,214
03/01/2011,STT,VI,ASO,ES,Towers with Radar,31,19,9,6,65,0,105,45,0,150,31,124,54,6,215,0,0,0,215
03/02/2011,STT,VI,ASO,ES,Towers with Radar,29,23,7,0,59,0,99,47,0,146,29,122,54,0,205,30,0,30,235
03/03/2011,STT,VI,ASO,ES,Towers with Radar,32,22,6,0,60,0,92,50,0,142,32,114,56,0,202,8,0,8,210
03/04/2011,STT,VI,ASO,ES,Towers with Radar,30,23,8,1,62,0,110,65,0,175,30,133,73,1,237,18,0,18,255
03/05/2011,STT,VI,ASO,ES,Towers with Radar,44,6,21,0,71,0,86,49,1,136,44,92,70,1,207,16,0,16,223
03/06/2011,STT,VI,ASO,ES,Towers with Radar,38,7,12,0,57,0,73,48,2,123,38,80,60,2,180,0,0,0,180
03/07/2011,STT,VI,ASO,ES,Towers with Radar,33,29,12,0,74,0,92,40,0,132,33,121,52,0,206,0,0,0,206
03/08/2011,STT,VI,ASO,ES,Towers with Radar,30,16,9,0,55,0,91,35,0,126,30,107,44,0,181,0,0,0,181
03/09/2011,STT,VI,ASO,ES,Towers with Radar,27,21,19,10,77,0,92,45,2,139,27,113,64,12,216,0,0,0,216
03/10/2011,STT,VI,ASO,ES,Towers with Radar,32,19,12,11,74,0,106,50,0,156,32,125,62,11,230,10,0,10,240
03/11/2011,STT,VI,ASO,ES,Towers with Radar,30,16,12,0,58,0,130,64,3,197,30,146,76,3,255,0,0,0,255
03/12/2011,STT,VI,ASO,ES,Towers with Radar,45,5,32,4,86,0,109,59,0,168,45,114,91,4,254,0,0,0,254
03/13/2011,STT,VI,ASO,ES,Towers with Radar,40,6,31,4,81,0,98,48,3,149,40,104,79,7,230,0,0,0,230
03/14/2011,STT,VI,ASO,ES,Towers with Radar,31,27,11,0,69,1,102,37,2,142,32,129,48,2,211,0,0,0,211
03/15/2011,STT,VI,ASO,ES,Towers with Radar,31,15,9,2,57,0,101,54,0,155,31,116,63,2,212,4,0,4,216
03/16/2011,STT,VI,ASO,ES,Towers with Radar,27,22,15,7,71,0,94,46,1,141,27,116,61,8,212,12,0,12,224
03/17/2011,STT,VI,ASO,ES,Towers with Radar,33,15,11,0,59,0,113,44,5,162,33,128,55,5,221,2,6,8,229
03/18/2011,STT,VI,ASO,ES,Towers with Radar,29,17,11,0,57,0,108,57,0,165,29,125,68,0,222,8,0,8,230
03/19/2011,STT,VI,ASO,ES,Towers with Radar,42,7,26,3,78,0,84,61,0,145,42,91,87,3,223,20,0,20,243
03/20/2011,STT,VI,ASO,ES,Towers with Radar,38,19,29,3,89,0,89,45,2,136,38,108,74,5,225,0,0,0,225
03/21/2011,STT,VI,ASO,ES,Towers with Radar,35,27,13,0,75,0,100,43,0,143,35,127,56,0,218,0,0,0,218
03/22/2011,STT,VI,ASO,ES,Towers with Radar,30,24,16,2,72,0,82,45,4,131,30,106,61,6,203,6,0,6,209
03/23/2011,STT,VI,ASO,ES,Towers with Radar,28,25,11,7,71,0,98,42,1,141,28,123,53,8,212,24,0,24,236
03/24/2011,STT,VI,ASO,ES,Towers with Radar,34,30,9,0,73,0,97,35,0,132,34,127,44,0,205,6,0,6,211
03/25/2011,STT,VI,ASO,ES,Towers with Radar,29,19,9,0,57,0,116,51,1,168,29,135,60,1,225,30,0,30,255
03/26/2011,STT,VI,ASO,ES,Towers with Radar,43,9,23,2,77,0,79,51,5,135,43,88,74,7,212,0,0,0,212
03/27/2011,STT,VI,ASO,ES,Towers with Radar,36,8,16,0,60,0,78,48,2,128,36,86,64,2,188,6,0,6,194
03/28/2011,STT,VI,ASO,ES,Towers with Radar,32,13,9,0,54,0,88,45,1,134,32,101,54,1,188,0,0,0,188
03/29/2011,STT,VI,ASO,ES,Towers with Radar,31,32,14,0,77,0,81,40,0,121,31,113,54,0,198,10,0,10,208
03/30/2011,STT,VI,ASO,ES,Towers with Radar,28,48,15,2,93,0,81,37,4,122,28,129,52,6,215,6,0,6,221
03/31/2011,STT,VI,ASO,ES,Towers with Radar,32,22,3,0,57,0,76,58,0,134,32,98,61,0,191,0,0,0,191
04/01/2011,STT,VI,ASO,ES,Towers with Radar,28,29,5,0,62,0,93,68,0,161,28,122,73,0,223,8,0,8,231
04/02/2011,STT,VI,ASO,ES,Towers with Radar,42,9,30,6,87,0,85,49,5,139,42,94,79,11,226,2,0,2,228
04/03/2011,STT,VI,ASO,ES,Towers with Radar,36,7,19,0,62,0,76,52,2,130,36,83,71,2,192,18,0,18,210
04/04/2011,STT,VI,ASO,ES,Towers with Radar,30,20,9,1,60,0,80,51,0,131,30,100,60,1,191,42,0,42,233
04/05/2011,STT,VI,ASO,ES,Towers with Radar,21,34,9,0,64,0,68,40,2,110,21,102,49,2,174,62,0,62,236
04/06/2011,STT,VI,ASO,ES,Towers with Radar,22,17,5,5,49,0,76,53,1,130,22,93,58,6,179,0,0,0,179
04/07/2011,STT,VI,ASO,ES,Towers with Radar,25,23,3,1,52,0,101,40,2,143,25,124,43,3,195,8,0,8,203
04/08/2011,STT,VI,ASO,ES,Towers with Radar,22,30,13,1,66,0,100,60,2,162,22,130,73,3,228,28,0,28,256
04/09/2011,STT,VI,ASO,ES,Towers with Radar,37,6,5,0,48,0,71,39,2,112,37,77,44,2,160,16,0,16,176
04/10/2011,STT,VI,ASO,ES,Towers with Radar,31,10,12,1,54,0,68,53,3,124,31,78,65,4,178,54,0,54,232
04/11/2011,STT,VI,ASO,ES,Towers with Radar,28,16,7,0,51,0,86,41,0,127,28,102,48,0,178,12,0,12,190
04/12/2011,STT,VI,ASO,ES,Towers with Radar,24,22,38,9,93,0,78,42,0,120,24,100,80,9,213,18,0,18,231
04/13/2011,STT,VI,ASO,ES,Towers with Radar,21,25,6,1,53,0,86,54,2,142,21,111,60,3,195,34,0,34,229
04/14/2011,STT,VI,ASO,ES,Towers with Radar,27,36,7,0,70,0,99,49,0,148,27,135,56,0,218,14,0,14,232
04/15/2011,STT,VI,ASO,ES,Towers with Radar,23,45,6,2,76,0,91,78,2,171,23,136,84,4,247,6,0,6,253
04/16/2011,STT,VI,ASO,ES,Towers with Radar,35,11,13,0,59,0,97,47,1,145,35,108,60,1,204,20,0,20,224
04/17/2011,STT,VI,ASO,ES,Towers with Radar,30,6,14,2,52,0,72,50,1,123,30,78,64,3,175,24,0,24,199
04/18/2011,STT,VI,ASO,ES,Towers with Radar,24,15,4,5,48,0,89,46,0,135,24,104,50,5,183,10,0,10,193
04/19/2011,STT,VI,ASO,ES,Towers with Radar,26,18,5,0,49,0,83,51,0,134,26,101,56,0,183,10,0,10,193
04/20/2011,STT,VI,ASO,ES,Towers with Radar,20,26,3,4,53,0,102,51,0,153,20,128,54,4,206,14,0,14,220
04/21/2011,STT,VI,ASO,ES,Towers with Radar,26,17,8,0,51,0,91,57,0,148,26,108,65,0,199,0,0,0,199
04/22/2011,STT,VI,ASO,ES,Towers with Radar,21,5,7,0,33,0,87,50,0,137,21,92,57,0,170,10,0,10,180
04/23/2011,STT,VI,ASO,ES,Towers with Radar,35,10,18,0,63,0,77,44,0,121,35,87,62,0,184,14,0,14,198
04/24/2011,STT,VI,ASO,ES,Towers with Radar,29,10,11,0,50,0,79,41,0,120,29,89,52,0,170,0,0,0,170
04/25/2011,STT,VI,ASO,ES,Towers with Radar,26,25,2,5,58,0,95,63,1,159,26,120,65,6,217,20,0,20,237
04/26/2011,STT,VI,ASO,ES,Towers with Radar,23,27,2,2,54,0,85,61,0,146,23,112,63,2,200,0,0,0,200
04/27/2011,STT,VI,ASO,ES,Towers with Radar,20,37,11,1,69,0,86,55,9,150,20,123,66,10,219,0,0,0,219
04/28/2011,STT,VI,ASO,ES,Towers with Radar,26,15,6,2,49,0,107,56,0,163,26,122,62,2,212,42,0,42,254
04/29/2011,STT,VI,ASO,ES,Towers with Radar,23,21,8,0,52,0,104,51,0,155,23,125,59,0,207,6,0,6,213
04/30/2011,STT,VI,ASO,ES,Towers with Radar,35,13,11,0,59,0,78,48,0,126,35,91,59,0,185,56,0,56,241
05/01/2011,STT,VI,ASO,ES,Towers with Radar,25,14,6,2,47,0,43,24,0,67,25,57,30,2,114,0,0,0,114
05/02/2011,STT,VI,ASO,ES,Towers with Radar,27,19,16,0,62,0,70,40,0,110,27,89,56,0,172,6,0,6,178
05/03/2011,STT,VI,ASO,ES,Towers with Radar,20,22,1,0,43,0,72,52,2,126,20,94,53,2,169,0,2,2,171
05/04/2011,STT,VI,ASO,ES,Towers with Radar,20,21,2,0,43,0,99,74,0,173,20,120,76,0,216,12,0,12,228
05/05/2011,STT,VI,ASO,ES,Towers with Radar,18,20,7,1,46,0,99,61,5,165,18,119,68,6,211,8,0,8,219
05/06/2011,STT,VI,ASO,ES,Towers with Radar,16,10,4,0,30,0,95,69,2,166,16,105,73,2,196,14,0,14,210
05/07/2011,STT,VI,ASO,ES,Towers with Radar,23,4,1,0,28,0,78,29,0,107,23,82,30,0,135,16,0,16,151
05/08/2011,STT,VI,ASO,ES,Towers with Radar,20,5,5,3,33,0,107,52,1,160,20,112,57,4,193,6,0,6,199
05/09/2011,STT,VI,ASO,ES,Towers with Radar,18,32,4,4,58,0,95,78,2,175,18,127,82,6,233,0,0,0,233
05/10/2011,STT,VI,ASO,ES,Towers with Radar,18,29,4,1,52,0,73,50,0,123,18,102,54,1,175,14,0,14,189
05/11/2011,STT,VI,ASO,ES,Towers with Radar,17,15,3,1,36,0,109,43,0,152,17,124,46,1,188,18,0,18,206
05/12/2011,STT,VI,ASO,ES,Towers with Radar,18,31,11,0,60,0,96,41,0,137,18,127,52,0,197,36,0,36,233
05/13/2011,STT,VI,ASO,ES,Towers with Radar,17,37,9,1,64,0,76,53,1,130,17,113,62,2,194,0,0,0,194
05/14/2011,STT,VI,ASO,ES,Towers with Radar,24,19,12,1,56,0,54,34,1,89,24,73,46,2,145,7,0,7,152
05/15/2011,STT,VI,ASO,ES,Towers with Radar,21,23,6,4,54,0,48,38,0,86,21,71,44,4,140,0,0,0,140
05/16/2011,STT,VI,ASO,ES,Towers with Radar,18,27,6,0,51,0,59,35,0,94,18,86,41,0,145,0,0,0,145
05/17/2011,STT,VI,ASO,ES,Towers with Radar,18,43,8,0,69,0,51,31,0,82,18,94,39,0,151,4,0,4,155
05/18/2011,STT,VI,ASO,ES,Towers with Radar,18,19,15,0,52,0,80,39,0,119,18,99,54,0,171,12,0,12,183
05/19/2011,STT,VI,ASO,ES,Towers with Radar,19,28,7,0,54,0,75,32,0,107,19,103,39,0,161,18,0,18,179
05/20/2011,STT,VI,ASO,ES,Towers with Radar,19,59,10,1,89,0,33,14,1,48,19,92,24,2,137,0,0,0,137
05/21/2011,STT,VI,ASO,ES,Towers with Radar,23,22,8,2,55,0,62,28,1,91,23,84,36,3,146,2,0,2,148
05/22/2011,STT,VI,ASO,ES,Towers with Radar,21,11,3,0,35,0,70,35,0,105,21,81,38,0,140,0,0,0,140
05/23/2011,STT,VI,ASO,ES,Towers with Radar,18,26,9,0,53,0,66,37,3,106,18,92,46,3,159,15,0,15,174
05/24/2011,STT,VI,ASO,ES,Towers with Radar,19,19,11,0,49,0,85,63,0,148,19,104,74,0,197,24,0,24,221
05/25/2011,STT,VI,ASO,ES,Towers with Radar,18,28,15,1,62,0,70,28,1,99,18,98,43,2,161,32,0,32,193
05/26/2011,STT,VI,ASO,ES,Towers with Radar,18,18,18,0,54,0,87,47,1,135,18,105,65,1,189,34,0,34,223
05/27/2011,STT,VI,ASO,ES,Towers with Radar,17,17,8,2,44,0,99,58,2,159,17,116,66,4,203,8,0,8,211
05/28/2011,STT,VI,ASO,ES,Towers with Radar,26,6,5,0,37,0,67,34,2,103,26,73,39,2,140,0,0,0,140
05/29/2011,STT,VI,ASO,ES,Towers with Radar,22,4,7,0,33,0,51,45,0,96,22,55,52,0,129,6,0,6,135
05/30/2011,STT,VI,ASO,ES,Towers with Radar,17,7,9,0,33,0,67,31,4,102,17,74,40,4,135,21,0,21,156
05/31/2011,STT,VI,ASO,ES,Towers with Radar,17,22,9,0,48,0,68,41,0,109,17,90,50,0,157,20,0,20,177
06/01/2011,STT,VI,ASO,ES,Towers with Radar,18,23,5,0,46,0,73,30,2,105,18,96,35,2,151,18,10,28,179
06/02/2011,STT,VI,ASO,ES,Towers with Radar,20,27,6,1,54,0,92,27,3,122,20,119,33,4,176,10,0,10,186
06/03/2011,STT,VI,ASO,ES,Towers with Radar,17,23,10,0,50,0,80,38,0,118,17,103,48,0,168,24,0,24,192
06/04/2011,STT,VI,ASO,ES,Towers with Radar,26,15,5,2,48,0,63,29,2,94,26,78,34,4,142,0,0,0,142
06/05/2011,STT,VI,ASO,ES,Towers with Radar,22,22,7,1,52,0,33,21,0,54,22,55,28,1,106,0,0,0,106
06/06/2011,STT,VI,ASO,ES,Towers with Radar,20,26,2,0,48,0,56,35,0,91,20,82,37,0,139,14,0,14,153
06/07/2011,STT,VI,ASO,ES,Towers with Radar,20,40,10,0,70,0,32,15,0,47,20,72,25,0,117,0,0,0,117
06/08/2011,STT,VI,ASO,ES,Towers with Radar,20,34,18,0,72,0,62,43,0,105,20,96,61,0,177,20,0,20,197
06/09/2011,STT,VI,ASO,ES,Towers with Radar,28,24,7,7,66,0,102,39,0,141,28,126,46,7,207,5,0,5,212
06/10/2011,STT,VI,ASO,ES,Towers with Radar,20,20,6,0,46,0,79,49,0,128,20,99,55,0,174,8,0,8,182
06/11/2011,STT,VI,ASO,ES,Towers with Radar,33,8,7,4,52,0,75,42,1,118,33,83,49,5,170,24,0,24,194
06/12/2011,STT,VI,ASO,ES,Towers with Radar,27,7,3,0,37,0,55,40,0,95,27,62,43,0,132,8,0,8,140
06/13/2011,STT,VI,ASO,ES,Towers with Radar,22,20,12,0,54,0,65,39,0,104,22,85,51,0,158,8,0,8,166
06/14/2011,STT,VI,ASO,ES,Towers with Radar,27,17,2,3,49,0,92,30,3,125,27,109,32,6,174,22,0,22,196
06/15/2011,STT,VI,ASO,ES,Towers with Radar,27,19,3,0,49,0,95,45,0,140,27,114,48,0,189,0,0,0,189
06/16/2011,STT,VI,ASO,ES,Towers with Radar,24,22,6,0,52,0,96,35,0,131,24,118,41,0,183,0,0,0,183
06/17/2011,STT,VI,ASO,ES,Towers with Radar,21,16,0,5,42,0,106,48,3,157,21,122,48,8,199,6,0,6,205
06/18/2011,STT,VI,ASO,ES,Towers with Radar,34,8,14,4,60,0,78,42,2,122,34,86,56,6,182,12,0,12,194
06/19/2011,STT,VI,ASO,ES,Towers with Radar,26,9,7,0,42,0,62,40,1,103,26,71,47,1,145,2,0,2,147
06/20/2011,STT,VI,ASO,ES,Towers with Radar,23,15,4,0,42,0,69,39,0,108,23,84,43,0,150,8,0,8,158
06/21/2011,STT,VI,ASO,ES,Towers with Radar,24,23,6,2,55,0,75,32,0,107,24,98,38,2,162,10,0,10,172
06/22/2011,STT,VI,ASO,ES,Towers with Radar,26,12,8,2,48,0,0,0,0,0,26,12,8,2,48,0,6,6,54
06/23/2011,STT,VI,ASO,ES,Towers with Radar,25,14,2,4,45,0,94,36,0,130,25,108,38,4,175,22,0,22,197
06/24/2011,STT,VI,ASO,ES,Towers with Radar,22,24,5,1,52,0,93,46,0,139,22,117,51,1,191,0,0,0,191
06/25/2011,STT,VI,ASO,ES,Towers with Radar,36,9,4,0,49,0,62,49,0,111,36,71,53,0,160,12,0,12,172
06/26/2011,STT,VI,ASO,ES,Towers with Radar,28,11,7,2,48,0,69,27,0,96,28,80,34,2,144,0,0,0,144
06/27/2011,STT,VI,ASO,ES,Towers with Radar,26,35,3,0,64,0,65,23,1,89,26,100,26,1,153,14,0,14,167
06/28/2011,STT,VI,ASO,ES,Towers with Radar,24,21,6,6,57,0,65,44,0,109,24,86,50,6,166,12,0,12,178
06/29/2011,STT,VI,ASO,ES,Towers with Radar,26,42,10,0,78,0,54,33,2,89,26,96,43,2,167,8,0,8,175
06/30/2011,STT,VI,ASO,ES,Towers with Radar,24,18,0,0,42,0,77,50,0,127,24,95,50,0,169,8,0,8,177
07/01/2011,STT,VI,ASO,ES,Towers with Radar,22,25,15,0,62,0,81,41,1,123,22,106,56,1,185,0,4,4,189
07/02/2011,STT,VI,ASO,ES,Towers with Radar,34,12,11,0,57,0,57,31,1,89,34,69,42,1,146,0,0,0,146
07/03/2011,STT,VI,ASO,ES,Towers with Radar,31,23,5,0,59,0,24,18,0,42,31,47,23,0,101,0,0,0,101
07/04/2011,STT,VI,ASO,ES,Towers with Radar,23,7,4,0,34,0,55,32,0,87,23,62,36,0,121,0,0,0,121
07/05/2011,STT,VI,ASO,ES,Towers with Radar,26,16,1,1,44,0,68,57,3,128,26,84,58,4,172,4,0,4,176
07/06/2011,STT,VI,ASO,ES,Towers with Radar,24,22,8,0,54,0,66,33,5,104,24,88,41,5,158,10,0,10,168
07/07/2011,STT,VI,ASO,ES,Towers with Radar,26,25,11,0,62,0,68,40,0,108,26,93,51,0,170,18,0,18,188
07/08/2011,STT,VI,ASO,ES,Towers with Radar,22,30,8,0,60,0,62,39,1,102,22,92,47,1,162,22,0,22,184
07/09/2011,STT,VI,ASO,ES,Towers with Radar,34,11,4,0,49,0,65,25,2,92,34,76,29,2,141,6,0,6,147
07/10/2011,STT,VI,ASO,ES,Towers with Radar,27,10,4,0,41,0,50,31,1,82,27,60,35,1,123,14,0,14,137
07/11/2011,STT,VI,ASO,ES,Towers with Radar,23,18,2,0,43,0,72,32,2,106,23,90,34,2,149,43,0,43,192
07/12/2011,STT,VI,ASO,ES,Towers with Radar,23,25,6,2,56,0,89,38,0,127,23,114,44,2,183,30,0,30,213
07/13/2011,STT,VI,ASO,ES,Towers with Radar,24,22,3,1,50,0,89,31,1,121,24,111,34,2,171,0,0,0,171
07/14/2011,STT,VI,ASO,ES,Towers with Radar,32,30,9,4,75,0,82,28,0,110,32,112,37,4,185,0,0,0,185
07/15/2011,STT,VI,ASO,ES,Towers with Radar,23,20,5,0,48,0,80,33,0,113,23,100,38,0,161,0,0,0,161
07/16/2011,STT,VI,ASO,ES,Towers with Radar,33,8,1,0,42,0,61,30,3,94,33,69,31,3,136,0,0,0,136
07/17/2011,STT,VI,ASO,ES,Towers with Radar,26,8,5,0,39,0,0,0,0,0,26,8,5,0,39,0,0,0,39
07/18/2011,STT,VI,ASO,ES,Towers with Radar,34,19,3,0,56,0,72,43,0,115,34,91,46,0,171,20,0,20,191
07/19/2011,STT,VI,ASO,ES,Towers with Radar,24,15,5,2,46,0,108,41,0,149,24,123,46,2,195,20,0,20,215
07/20/2011,STT,VI,ASO,ES,Towers with Radar,23,14,8,4,49,0,68,44,0,112,23,82,52,4,161,32,0,32,193
07/21/2011,STT,VI,ASO,ES,Towers with Radar,26,21,5,1,53,0,80,45,0,125,26,101,50,1,178,10,6,16,194
07/22/2011,STT,VI,ASO,ES,Towers with Radar,23,22,5,2,52,0,89,36,0,125,23,111,41,2,177,6,0,6,183
07/23/2011,STT,VI,ASO,ES,Towers with Radar,34,6,5,0,45,0,71,37,0,108,34,77,42,0,153,20,0,20,173
07/24/2011,STT,VI,ASO,ES,Towers with Radar,28,4,7,0,39,0,57,35,0,92,28,61,42,0,131,0,0,0,131
07/25/2011,STT,VI,ASO,ES,Towers with Radar,24,15,9,5,53,0,76,43,0,119,24,91,52,5,172,2,0,2,174
07/26/2011,STT,VI,ASO,ES,Towers with Radar,24,16,4,0,44,0,71,40,0,111,24,87,44,0,155,16,0,16,171
07/27/2011,STT,VI,ASO,ES,Towers with Radar,31,24,9,0,64,0,74,43,0,117,31,98,52,0,181,16,0,16,197
07/28/2011,STT,VI,ASO,ES,Towers with Radar,24,20,5,0,49,0,73,39,1,113,24,93,44,1,162,18,0,18,180
07/29/2011,STT,VI,ASO,ES,Towers with Radar,23,14,6,0,43,0,96,47,0,143,23,110,53,0,186,0,0,0,186
07/30/2011,STT,VI,ASO,ES,Towers with Radar,36,5,4,0,45,0,69,49,0,118,36,74,53,0,163,0,0,0,163
07/31/2011,STT,VI,ASO,ES,Towers with Radar,26,7,2,0,35,0,59,28,0,87,26,66,30,0,122,0,0,0,122
08/01/2011,STT,VI,ASO,ES,Towers with Radar,24,21,20,0,65,0,71,27,0,98,24,92,47,0,163,10,0,10,173
08/02/2011,STT,VI,ASO,ES,Towers with Radar,24,9,3,0,36,0,62,17,0,79,24,71,20,0,115,10,0,10,125
08/03/2011,STT,VI,ASO,ES,Towers with Radar,21,30,12,0,63,0,46,9,0,55,21,76,21,0,118,4,0,4,122
08/04/2011,STT,VI,ASO,ES,Towers with Radar,26,17,5,0,48,0,66,41,0,107,26,83,46,0,155,0,0,0,155
08/05/2011,STT,VI,ASO,ES,Towers with Radar,24,17,9,0,50,0,82,50,5,137,24,99,59,5,187,6,0,6,193
08/06/2011,STT,VI,ASO,ES,Towers with Radar,34,6,9,0,49,0,61,34,3,98,34,67,43,3,147,8,0,8,155
08/07/2011,STT,VI,ASO,ES,Towers with Radar,27,8,11,9,55,0,47,19,1,67,27,55,30,10,122,18,0,18,140
08/08/2011,STT,VI,ASO,ES,Towers with Radar,24,19,6,0,49,0,66,25,0,91,24,85,31,0,140,38,0,38,178
08/09/2011,STT,VI,ASO,ES,Towers with Radar,24,19,9,0,52,0,64,37,0,101,24,83,46,0,153,20,0,20,173
08/10/2011,STT,VI,ASO,ES,Towers with Radar,20,14,11,0,45,0,83,35,0,118,20,97,46,0,163,10,0,10,173
08/11/2011,STT,VI,ASO,ES,Towers with Radar,27,16,3,0,46,0,77,20,0,97,27,93,23,0,143,0,0,0,143
08/12/2011,STT,VI,ASO,ES,Towers with Radar,23,21,4,0,48,0,81,35,0,116,23,102,39,0,164,8,0,8,172
08/13/2011,STT,VI,ASO,ES,Towers with Radar,35,9,3,0,47,0,55,24,0,79,35,64,27,0,126,44,0,44,170
08/14/2011,STT,VI,ASO,ES,Towers with Radar,28,7,1,0,36,0,53,21,0,74,28,60,22,0,110,28,0,28,138
08/15/2011,STT,VI,ASO,ES,Towers with Radar,24,20,5,0,49,0,70,28,0,98,24,90,33,0,147,22,0,22,169
08/16/2011,STT,VI,ASO,ES,Towers with Radar,19,24,6,0,49,0,68,23,0,91,19,92,29,0,140,0,0,0,140
08/17/2011,STT,VI,ASO,ES,Towers with Radar,19,22,3,1,45,0,70,25,2,97,19,92,28,3,142,12,22,34,176
08/18/2011,STT,VI,ASO,ES,Towers with Radar,19,15,4,0,38,0,85,28,3,116,19,100,32,3,154,32,0,32,186
08/19/2011,STT,VI,ASO,ES,Towers with Radar,22,16,6,1,45,0,77,44,1,122,22,93,50,2,167,36,0,36,203
08/20/2011,STT,VI,ASO,ES,Towers with Radar,26,10,5,0,41,0,63,22,0,85,26,73,27,0,126,8,0,8,134
08/21/2011,STT,VI,ASO,ES,Towers with Radar,12,3,3,0,18,0,16,3,0,19,12,19,6,0,37,0,0,0,37
08/22/2011,STT,VI,ASO,ES,Towers with Radar,19,5,25,12,61,0,9,1,0,10,19,14,26,12,71,0,0,0,71
08/23/2011,STT,VI,ASO,ES,Towers with Radar,17,27,16,0,60,0,64,31,0,95,17,91,47,0,155,0,0,0,155
08/24/2011,STT,VI,ASO,ES,Towers with Radar,18,20,6,4,48,0,76,30,0,106,18,96,36,4,154,16,0,16,170
08/25/2011,STT,VI,ASO,ES,Towers with Radar,16,21,3,0,40,0,82,31,0,113,16,103,34,0,153,0,0,0,153
08/26/2011,STT,VI,ASO,ES,Towers with Radar,18,18,6,2,44,0,81,20,2,103,18,99,26,4,147,18,0,18,165
08/27/2011,STT,VI,ASO,ES,Towers with Radar,21,9,1,0,31,0,59,20,0,79,21,68,21,0,110,0,0,0,110
08/28/2011,STT,VI,ASO,ES,Towers with Radar,18,5,1,0,24,0,0,0,0,0,18,5,1,0,24,0,0,0,24
08/29/2011,STT,VI,ASO,ES,Towers with Radar,19,21,9,2,51,0,77,19,0,96,19,98,28,2,147,33,0,33,180
08/30/2011,STT,VI,ASO,ES,Towers with Radar,19,19,2,8,48,0,73,43,1,117,19,92,45,9,165,30,4,34,199
08/31/2011,STT,VI,ASO,ES,Towers with Radar,18,17,2,0,37,0,75,37,0,112,18,92,39,0,149,28,0,28,177
09/01/2011,STT,VI,ASO,ES,Towers with Radar,18,16,7,0,41,0,73,27,0,100,18,89,34,0,141,60,0,60,201
09/02/2011,STT,VI,ASO,ES,Towers with Radar,19,23,5,1,48,0,76,36,2,114,19,99,41,3,162,16,4,20,182
09/03/2011,STT,VI,ASO,ES,Towers with Radar,19,8,4,1,32,0,57,26,0,83,19,65,30,1,115,8,0,8,123
09/04/2011,STT,VI,ASO,ES,Towers with Radar,19,6,2,0,27,0,47,15,8,70,19,53,17,8,97,0,0,0,97
09/05/2011,STT,VI,ASO,ES,Towers with Radar,17,4,0,0,21,0,73,28,0,101,17,77,28,0,122,38,0,38,160
09/06/2011,STT,VI,ASO,ES,Towers with Radar,16,20,3,0,39,0,80,31,0,111,16,100,34,0,150,52,0,52,202
09/07/2011,STT,VI,ASO,ES,Towers with Radar,14,12,2,0,28,0,77,23,0,100,14,89,25,0,128,30,0,30,158
09/08/2011,STT,VI,ASO,ES,Towers with Radar,15,25,4,0,44,0,61,25,0,86,15,86,29,0,130,16,0,16,146
09/09/2011,STT,VI,ASO,ES,Towers with Radar,18,18,10,2,48,0,75,26,4,105,18,93,36,6,153,6,0,6,159
09/10/2011,STT,VI,ASO,ES,Towers with Radar,4,1,1,0,6,0,24,8,0,32,4,25,9,0,38,0,0,0,38
09/11/2011,STT,VI,ASO,ES,Towers with Radar,9,4,0,3,16,0,30,6,8,44,9,34,6,11,60,0,0,0,60
09/12/2011,STT,VI,ASO,ES,Towers with Radar,22,30,0,0,52,0,46,14,0,60,22,76,14,0,112,0,0,0,112
09/13/2011,STT,VI,ASO,ES,Towers with Radar,15,25,10,0,50,0,60,27,0,87,15,85,37,0,137,16,0,16,153
09/14/2011,STT,VI,ASO,ES,Towers with Radar,13,19,1,0,33,0,67,46,0,113,13,86,47,0,146,14,0,14,160
09/15/2011,STT,VI,ASO,ES,Towers with Radar,13,21,1,0,35,0,61,27,0,88,13,82,28,0,123,8,0,8,131
09/16/2011,STT,VI,ASO,ES,Towers with Radar,17,24,4,0,45,0,77,26,3,106,17,101,30,3,151,12,2,14,165
09/17/2011,STT,VI,ASO,ES,Towers with Radar,16,5,3,2,26,0,60,21,0,81,16,65,24,2,107,0,0,0,107
09/18/2011,STT,VI,ASO,ES,Towers with Radar,17,6,1,0,24,0,46,13,0,59,17,52,14,0,83,0,0,0,83
09/19/2011,STT,VI,ASO,ES,Towers with Radar,16,18,7,0,41,0,55,31,2,88,16,73,38,2,129,16,2,18,147
09/20/2011,STT,VI,ASO,ES,Towers with Radar,15,17,3,0,35,0,61,19,0,80,15,78,22,0,115,12,0,12,127
09/21/2011,STT,VI,ASO,ES,Towers with Radar,16,17,4,0,37,0,89,37,2,128,16,106,41,2,165,0,14,14,179
09/22/2011,STT,VI,ASO,ES,Towers with Radar,14,18,4,0,36,0,76,35,0,111,14,94,39,0,147,6,0,6,153
09/23/2011,STT,VI,ASO,ES,Towers with Radar,17,19,2,0,38,0,73,48,0,121,17,92,50,0,159,6,0,6,165
09/24/2011,STT,VI,ASO,ES,Towers with Radar,16,8,3,0,27,0,60,22,0,82,16,68,25,0,109,5,0,5,114
09/25/2011,STT,VI,ASO,ES,Towers with Radar,18,16,6,0,40,0,0,0,0,0,18,16,6,0,40,10,0,10,50
09/26/2011,STT,VI,ASO,ES,Towers with Radar,17,21,14,0,52,0,61,37,0,98,17,82,51,0,150,16,0,16,166
09/27/2011,STT,VI,ASO,ES,Towers with Radar,14,19,9,0,42,0,64,39,0,103,14,83,48,0,145,42,0,42,187
09/28/2011,STT,VI,ASO,ES,Towers with Radar,13,18,9,0,40,0,77,24,0,101,13,95,33,0,141,6,0,6,147
09/29/2011,STT,VI,ASO,ES,Towers with Radar,14,18,4,0,36,0,83,33,0,116,14,101,37,0,152,20,0,20,172
09/30/2011,STT,VI,ASO,ES,Towers with Radar,17,17,0,0,34,0,75,22,1,98,17,92,22,1,132,19,0,19,151
10/01/2011,STT,VI,ASO,ES,Towers with Radar,18,8,2,0,28,0,53,20,0,73,18,61,22,0,101,16,0,16,117
10/02/2011,STT,VI,ASO,ES,Towers with Radar,19,5,4,0,28,0,0,0,0,0,19,5,4,0,28,12,0,12,40
10/03/2011,STT,VI,ASO,ES,Towers with Radar,17,15,3,0,35,0,67,24,0,91,17,82,27,0,126,8,0,8,134
10/04/2011,STT,VI,ASO,ES,Towers with Radar,15,19,5,0,39,0,62,44,0,106,15,81,49,0,145,14,0,14,159
10/05/2011,STT,VI,ASO,ES,Towers with Radar,18,15,6,2,41,0,70,41,2,113,18,85,47,4,154,10,26,36,190
10/06/2011,STT,VI,ASO,ES,Towers with Radar,15,17,2,0,34,0,83,26,0,109,15,100,28,0,143,12,0,12,155
10/07/2011,STT,VI,ASO,ES,Towers with Radar,18,20,4,0,42,0,75,29,1,105,18,95,33,1,147,6,0,6,153
10/08/2011,STT,VI,ASO,ES,Towers with Radar,18,8,1,0,27,0,46,21,0,67,18,54,22,0,94,25,0,25,119
10/09/2011,STT,VI,ASO,ES,Towers with Radar,19,5,4,0,28,0,53,19,0,72,19,58,23,0,100,0,0,0,100
10/10/2011,STT,VI,ASO,ES,Towers with Radar,16,12,8,0,36,0,65,27,0,92,16,77,35,0,128,6,0,6,134
10/11/2011,STT,VI,ASO,ES,Towers with Radar,16,19,2,2,39,0,68,35,0,103,16,87,37,2,142,24,0,24,166
10/12/2011,STT,VI,ASO,ES,Towers with Radar,17,20,11,1,49,0,83,21,0,104,17,103,32,1,153,20,0,20,173
10/13/2011,STT,VI,ASO,ES,Towers with Radar,16,17,2,1,36,0,77,45,2,124,16,94,47,3,160,0,0,0,160
10/14/2011,STT,VI,ASO,ES,Towers with Radar,17,21,2,3,43,0,71,42,4,117,17,92,44,7,160,4,6,10,170
10/15/2011,STT,VI,ASO,ES,Towers with Radar,17,5,4,1,27,0,72,19,0,91,17,77,23,1,118,0,0,0,118
10/16/2011,STT,VI,ASO,ES,Towers with Radar,19,7,3,3,32,0,62,9,1,72,19,69,12,4,104,0,0,0,104
10/17/2011,STT,VI,ASO,ES,Towers with Radar,17,17,1,4,39,0,70,32,0,102,17,87,33,4,141,24,0,24,165
10/18/2011,STT,VI,ASO,ES,Towers with Radar,16,16,2,0,34,0,72,31,0,103,16,88,33,0,137,24,0,24,161
10/19/2011,STT,VI,ASO,ES,Towers with Radar,18,18,10,4,50,0,83,42,0,125,18,101,52,4,175,22,0,22,197
10/20/2011,STT,VI,ASO,ES,Towers with Radar,15,17,0,0,32,0,65,32,0,97,15,82,32,0,129,32,0,32,161
10/21/2011,STT,VI,ASO,ES,Towers with Radar,20,18,6,2,46,0,81,32,0,113,20,99,38,2,159,16,0,16,175
10/22/2011,STT,VI,ASO,ES,Towers with Radar,18,16,3,0,37,0,63,28,1,92,18,79,31,1,129,26,0,26,155
10/23/2011,STT,VI,ASO,ES,Towers with Radar,23,7,3,0,33,0,66,25,0,91,23,73,28,0,124,4,0,4,128
10/24/2011,STT,VI,ASO,ES,Towers with Radar,12,21,6,0,39,0,70,28,0,98,12,91,34,0,137,14,0,14,151
10/25/2011,STT,VI,ASO,ES,Towers with Radar,17,36,4,0,57,0,76,38,0,114,17,112,42,0,171,40,0,40,211
10/26/2011,STT,VI,ASO,ES,Towers with Radar,17,21,4,6,48,0,89,28,0,117,17,110,32,6,165,14,4,18,183
10/27/2011,STT,VI,ASO,ES,Towers with Radar,14,19,0,0,33,0,77,35,0,112,14,96,35,0,145,22,0,22,167
10/28/2011,STT,VI,ASO,ES,Towers with Radar,18,18,3,0,39,0,78,33,0,111,18,96,36,0,150,14,0,14,164
10/29/2011,STT,VI,ASO,ES,Towers with Radar,19,9,3,0,31,0,70,32,0,102,19,79,35,0,133,22,0,22,155
10/30/2011,STT,VI,ASO,ES,Towers with Radar,21,8,3,0,32,0,63,21,0,84,21,71,24,0,116,12,0,12,128
10/31/2011,STT,VI,ASO,ES,Towers with Radar,14,21,1,0,36,0,67,34,0,101,14,88,35,0,137,12,0,12,149
11/01/2011,STT,VI,ASO,ES,Towers with Radar,15,21,0,0,36,0,74,21,0,95,15,95,21,0,131,10,0,10,141
11/02/2011,STT,VI,ASO,ES,Towers with Radar,19,21,4,0,44,0,99,23,0,122,19,120,27,0,166,0,0,0,166
11/03/2011,STT,VI,ASO,ES,Towers with Radar,15,34,6,0,55,0,56,20,0,76,15,90,26,0,131,0,0,0,131
11/04/2011,STT,VI,ASO,ES,Towers with Radar,16,24,2,0,42,0,84,39,0,123,16,108,41,0,165,14,0,14,179
11/05/2011,STT,VI,ASO,ES,Towers with Radar,22,6,11,0,39,0,69,29,0,98,22,75,40,0,137,0,0,0,137
11/06/2011,STT,VI,ASO,ES,Towers with Radar,23,7,5,0,35,0,58,18,0,76,23,65,23,0,111,0,0,0,111
11/07/2011,STT,VI,ASO,ES,Towers with Radar,16,26,2,0,44,0,75,33,0,108,16,101,35,0,152,31,0,31,183
11/08/2011,STT,VI,ASO,ES,Towers with Radar,19,24,3,0,46,0,70,42,0,112,19,94,45,0,158,6,0,6,164
11/09/2011,STT,VI,ASO,ES,Towers with Radar,18,32,8,0,58,0,92,20,0,112,18,124,28,0,170,0,0,0,170
11/10/2011,STT,VI,ASO,ES,Towers with Radar,21,25,3,0,49,0,83,28,0,111,21,108,31,0,160,0,0,0,160
11/11/2011,STT,VI,ASO,ES,Towers with Radar,18,16,8,0,42,0,82,29,0,111,18,98,37,0,153,20,0,20,173
11/12/2011,STT,VI,ASO,ES,Towers with Radar,28,8,4,0,40,0,75,27,0,102,28,83,31,0,142,0,0,0,142
11/13/2011,STT,VI,ASO,ES,Towers with Radar,23,5,8,0,36,0,74,30,0,104,23,79,38,0,140,4,0,4,144
11/14/2011,STT,VI,ASO,ES,Towers with Radar,18,26,1,0,45,0,95,38,0,133,18,121,39,0,178,20,0,20,198
11/15/2011,STT,VI,ASO,ES,Towers with Radar,18,21,4,2,45,0,98,31,1,130,18,119,35,3,175,28,0,28,203
11/16/2011,STT,VI,ASO,ES,Towers with Radar,18,23,2,4,47,0,113,41,0,154,18,136,43,4,201,10,0,10,211
11/17/2011,STT,VI,ASO,ES,Towers with Radar,23,18,1,4,46,0,96,33,0,129,23,114,34,4,175,6,0,6,181
11/18/2011,STT,VI,ASO,ES,Towers with Radar,25,21,5,1,52,0,129,38,3,170,25,150,43,4,222,0,0,0,222
11/19/2011,STT,VI,ASO,ES,Towers with Radar,34,4,16,0,54,0,86,38,0,124,34,90,54,0,178,10,0,10,188
11/20/2011,STT,VI,ASO,ES,Towers with Radar,24,24,5,0,53,0,70,21,0,91,24,94,26,0,144,0,0,0,144
11/21/2011,STT,VI,ASO,ES,Towers with Radar,20,26,5,0,51,0,0,0,0,0,20,26,5,0,51,0,0,0,51
11/22/2011,STT,VI,ASO,ES,Towers with Radar,22,28,14,0,64,0,80,40,0,120,22,108,54,0,184,6,0,6,190
11/23/2011,STT,VI,ASO,ES,Towers with Radar,22,19,11,0,52,0,116,46,1,163,22,135,57,1,215,8,0,8,223
11/24/2011,STT,VI,ASO,ES,Towers with Radar,21,4,5,0,30,0,74,16,0,90,21,78,21,0,120,1,0,1,121
11/25/2011,STT,VI,ASO,ES,Towers with Radar,21,15,3,0,39,0,91,29,0,120,21,106,32,0,159,0,0,0,159
11/26/2011,STT,VI,ASO,ES,Towers with Radar,34,12,16,0,62,0,66,24,0,90,34,78,40,0,152,16,0,16,168
11/27/2011,STT,VI,ASO,ES,Towers with Radar,26,23,19,0,68,0,82,26,0,108,26,105,45,0,176,26,0,26,202
11/28/2011,STT,VI,ASO,ES,Towers with Radar,20,34,6,0,60,0,81,43,1,125,20,115,49,1,185,4,0,4,189
11/29/2011,STT,VI,ASO,ES,Towers with Radar,19,19,12,3,53,0,95,54,1,150,19,114,66,4,203,6,0,6,209
11/30/2011,STT,VI,ASO,ES,Towers with Radar,26,15,2,0,43,0,87,30,0,117,26,102,32,0,160,12,0,12,172
12/01/2011,STT,VI,ASO,ES,Towers with Radar,22,13,6,0,41,0,81,48,0,129,22,94,54,0,170,4,0,4,174
12/02/2011,STT,VI,ASO,ES,Towers with Radar,20,23,1,0,44,0,91,38,0,129,20,114,39,0,173,5,0,5,178
12/03/2011,STT,VI,ASO,ES,Towers with Radar,34,8,5,0,47,0,68,18,0,86,34,76,23,0,133,8,0,8,141
12/04/2011,STT,VI,ASO,ES,Towers with Radar,23,15,13,4,55,0,64,12,0,76,23,79,25,4,131,0,0,0,131
12/05/2011,STT,VI,ASO,ES,Towers with Radar,20,27,4,1,52,0,81,18,0,99,20,108,22,1,151,2,0,2,153
12/06/2011,STT,VI,ASO,ES,Towers with Radar,18,14,3,0,35,0,74,46,0,120,18,88,49,0,155,21,0,21,176
12/07/2011,STT,VI,ASO,ES,Towers with Radar,23,15,6,0,44,0,98,49,8,155,23,113,55,8,199,0,0,0,199
12/08/2011,STT,VI,ASO,ES,Towers with Radar,22,25,3,3,53,0,80,37,1,118,22,105,40,4,171,6,0,6,177
12/09/2011,STT,VI,ASO,ES,Towers with Radar,20,30,6,1,57,0,87,41,1,129,20,117,47,2,186,22,0,22,208
12/10/2011,STT,VI,ASO,ES,Towers with Radar,35,29,7,0,71,0,61,26,0,87,35,90,33,0,158,8,0,8,166
12/11/2011,STT,VI,ASO,ES,Towers with Radar,26,14,11,1,52,0,55,40,3,98,26,69,51,4,150,6,0,6,156
12/12/2011,STT,VI,ASO,ES,Towers with Radar,23,19,4,1,47,0,73,33,4,110,23,92,37,5,157,0,0,0,157
12/13/2011,STT,VI,ASO,ES,Towers with Radar,25,28,11,0,64,0,86,53,4,143,25,114,64,4,207,10,0,10,217
12/14/2011,STT,VI,ASO,ES,Towers with Radar,25,22,7,2,56,0,102,54,2,158,25,124,61,4,214,29,0,29,243
12/15/2011,STT,VI,ASO,ES,Towers with Radar,31,23,7,1,62,0,95,30,0,125,31,118,37,1,187,0,0,0,187
12/16/2011,STT,VI,ASO,ES,Towers with Radar,28,29,3,15,75,0,109,33,0,142,28,138,36,15,217,0,0,0,217
12/17/2011,STT,VI,ASO,ES,Towers with Radar,46,11,16,0,73,0,88,65,0,153,46,99,81,0,226,0,0,0,226
12/18/2011,STT,VI,ASO,ES,Towers with Radar,33,11,16,0,60,0,70,35,0,105,33,81,51,0,165,0,0,0,165
12/19/2011,STT,VI,ASO,ES,Towers with Radar,32,20,6,0,58,0,89,47,0,136,32,109,53,0,194,0,0,0,194
12/20/2011,STT,VI,ASO,ES,Towers with Radar,33,25,8,4,70,0,75,51,3,129,33,100,59,7,199,0,0,0,199
12/21/2011,STT,VI,ASO,ES,Towers with Radar,28,17,6,0,51,0,93,52,0,145,28,110,58,0,196,0,0,0,196
12/22/2011,STT,VI,ASO,ES,Towers with Radar,34,21,21,0,76,0,90,52,0,142,34,111,73,0,218,0,0,0,218
12/23/2011,STT,VI,ASO,ES,Towers with Radar,30,26,18,0,74,0,107,69,0,176,30,133,87,0,250,36,0,36,286
12/24/2011,STT,VI,ASO,ES,Towers with Radar,47,11,15,0,73,0,79,36,0,115,47,90,51,0,188,24,0,24,212
12/25/2011,STT,VI,ASO,ES,Towers with Radar,33,8,9,0,50,0,63,21,5,89,33,71,30,5,139,0,0,0,139
12/26/2011,STT,VI,ASO,ES,Towers with Radar,32,10,47,0,89,0,103,65,1,169,32,113,112,1,258,30,0,30,288
12/27/2011,STT,VI,ASO,ES,Towers with Radar,29,23,23,0,75,0,99,48,0,147,29,122,71,0,222,32,0,32,254
12/28/2011,STT,VI,ASO,ES,Towers with Radar,27,16,17,1,61,0,123,54,0,177,27,139,71,1,238,60,0,60,298
12/29/2011,STT,VI,ASO,ES,Towers with Radar,33,16,14,0,63,0,82,45,0,127,33,98,59,0,190,8,0,8,198
12/30/2011,STT,VI,ASO,ES,Towers with Radar,27,19,21,0,67,0,105,54,2,161,27,124,75,2,228,0,0,0,228
12/31/2011,STT,VI,ASO,ES,Towers with Radar,49,8,18,0,75,0,83,32,0,115,49,91,50,0,190,0,0,0,190
01/01/2012,STT,VI,ASO,ES,Towers with Radar,34,11,25,0,70,0,0,0,0,0,34,11,25,0,70,0,0,0,70
01/02/2012,STT,VI,ASO,ES,Towers with Radar,31,13,47,6,97,0,94,32,0,126,31,107,79,6,223,11,0,11,234
01/03/2012,STT,VI,ASO,ES,Towers with Radar,28,15,30,0,73,0,96,38,1,135,28,111,68,1,208,0,0,0,208
01/04/2012,STT,VI,ASO,ES,Towers with Radar,25,20,20,0,65,0,120,51,0,171,25,140,71,0,236,0,0,0,236
01/05/2012,STT,VI,ASO,ES,Towers with Radar,31,20,18,0,69,0,96,65,0,161,31,116,83,0,230,16,0,16,246
01/06/2012,STT,VI,ASO,ES,Towers with Radar,26,16,9,0,51,0,89,45,0,134,26,105,54,0,185,2,0,2,187
01/07/2012,STT,VI,ASO,ES,Towers with Radar,48,11,9,0,68,0,65,48,0,113,48,76,57,0,181,10,0,10,191
01/08/2012,STT,VI,ASO,ES,Towers with Radar,34,10,14,0,58,0,92,33,2,127,34,102,47,2,185,16,0,16,201
01/09/2012,STT,VI,ASO,ES,Towers with Radar,31,15,7,0,53,0,89,46,0,135,31,104,53,0,188,0,0,0,188
01/10/2012,STT,VI,ASO,ES,Towers with Radar,24,25,5,0,54,0,88,35,0,123,24,113,40,0,177,20,0,20,197
01/11/2012,STT,VI,ASO,ES,Towers with Radar,26,15,9,0,50,0,107,47,1,155,26,122,56,1,205,0,5,5,210
01/12/2012,STT,VI,ASO,ES,Towers with Radar,32,26,11,0,69,0,115,33,1,149,32,141,44,1,218,2,0,2,220
01/13/2012,STT,VI,ASO,ES,Towers with Radar,30,16,16,2,64,0,99,55,1,155,30,115,71,3,219,40,12,52,271
01/14/2012,STT,VI,ASO,ES,Towers with Radar,47,12,13,0,72,0,97,42,0,139,47,109,55,0,211,26,0,26,237
01/15/2012,STT,VI,ASO,ES,Towers with Radar,35,9,21,0,65,0,54,21,0,75,35,63,42,0,140,2,0,2,142
01/16/2012,STT,VI,ASO,ES,Towers with Radar,30,9,3,0,42,0,83,26,0,109,30,92,29,0,151,18,0,18,169
01/17/2012,STT,VI,ASO,ES,Towers with Radar,26,23,10,0,59,0,83,38,0,121,26,106,48,0,180,0,0,0,180
01/18/2012,STT,VI,ASO,ES,Towers with Radar,26,21,13,3,63,0,115,37,0,152,26,136,50,3,215,0,0,0,215
01/19/2012,STT,VI,ASO,ES,Towers with Radar,31,18,8,0,57,0,78,50,0,128,31,96,58,0,185,0,0,0,185
01/20/2012,STT,VI,ASO,ES,Towers with Radar,28,17,9,6,60,0,95,58,2,155,28,112,67,8,215,0,2,2,217
01/21/2012,STT,VI,ASO,ES,Towers with Radar,52,12,14,1,79,0,63,41,0,104,52,75,55,1,183,0,0,0,183
01/22/2012,STT,VI,ASO,ES,Towers with Radar,32,8,7,2,49,0,63,24,0,87,32,71,31,2,136,0,0,0,136
01/23/2012,STT,VI,ASO,ES,Towers with Radar,29,21,8,0,58,0,75,30,2,107,29,96,38,2,165,0,0,0,165
01/24/2012,STT,VI,ASO,ES,Towers with Radar,26,16,13,0,55,0,73,33,0,106,26,89,46,0,161,0,0,0,161
01/25/2012,STT,VI,ASO,ES,Towers with Radar,27,20,19,4,70,0,111,48,2,161,27,131,67,6,231,4,0,4,235
01/26/2012,STT,VI,ASO,ES,Towers with Radar,32,20,12,7,71,0,77,40,0,117,32,97,52,7,188,12,4,16,204
01/27/2012,STT,VI,ASO,ES,Towers with Radar,28,21,11,0,60,0,110,39,2,151,28,131,50,2,211,33,0,33,244
01/28/2012,STT,VI,ASO,ES,Towers with Radar,50,8,10,2,70,0,74,28,0,102,50,82,38,2,172,12,0,12,184
01/29/2012,STT,VI,ASO,ES,Towers with Radar,34,9,13,2,58,0,77,32,0,109,34,86,45,2,167,0,0,0,167
01/30/2012,STT,VI,ASO,ES,Towers with Radar,30,22,8,2,62,0,79,40,0,119,30,101,48,2,181,24,0,24,205
01/31/2012,STT,VI,ASO,ES,Towers with Radar,27,18,17,0,62,0,72,36,0,108,27,90,53,0,170,0,0,0,170
02/01/2012,STT,VI,ASO,ES,Towers with Radar,25,15,8,0,48,0,116,29,2,147,25,131,37,2,195,0,0,0,195
02/02/2012,STT,VI,ASO,ES,Towers with Radar,31,20,10,0,61,0,90,32,0,122,31,110,42,0,183,0,0,0,183
02/03/2012,STT,VI,ASO,ES,Towers with Radar,27,18,9,6,60,0,92,36,0,128,27,110,45,6,188,32,0,32,220
02/04/2012,STT,VI,ASO,ES,Towers with Radar,50,8,7,8,73,0,89,34,6,129,50,97,41,14,202,7,0,7,209
02/05/2012,STT,VI,ASO,ES,Towers with Radar,34,12,10,3,59,0,54,19,0,73,34,66,29,3,132,14,0,14,146
02/06/2012,STT,VI,ASO,ES,Towers with Radar,26,20,8,0,54,0,69,31,5,105,26,89,39,5,159,6,0,6,165
02/07/2012,STT,VI,ASO,ES,Towers with Radar,26,29,7,0,62,0,68,41,1,110,26,97,48,1,172,36,0,36,208
02/08/2012,STT,VI,ASO,ES,Towers with Radar,26,23,3,0,52,0,107,39,2,148,26,130,42,2,200,6,8,14,214
02/09/2012,STT,VI,ASO,ES,Towers with Radar,32,19,5,0,56,0,100,35,2,137,32,119,40,2,193,37,0,37,230
02/10/2012,STT,VI,ASO,ES,Towers with Radar,28,21,5,2,56,0,102,58,0,160,28,123,63,2,216,6,18,24,240
02/11/2012,STT,VI,ASO,ES,Towers with Radar,53,10,12,2,77,0,80,39,1,120,53,90,51,3,197,11,0,11,208
02/12/2012,STT,VI,ASO,ES,Towers with Radar,34,9,5,3,51,0,77,25,0,102,34,86,30,3,153,12,0,12,165
02/13/2012,STT,VI,ASO,ES,Towers with Radar,30,21,11,0,62,0,60,38,0,98,30,81,49,0,160,30,0,30,190
02/14/2012,STT,VI,ASO,ES,Towers with Radar,27,16,9,4,56,0,82,38,0,120,27,98,47,4,176,20,0,20,196
02/15/2012,STT,VI,ASO,ES,Towers with Radar,26,16,8,0,50,0,124,41,0,165,26,140,49,0,215,2,0,2,217
02/16/2012,STT,VI,ASO,ES,Towers with Radar,32,17,16,4,69,0,104,54,3,161,32,121,70,7,230,0,0,0,230
02/17/2012,STT,VI,ASO,ES,Towers with Radar,30,21,20,1,72,0,146,74,0,220,30,167,94,1,292,8,0,8,300
02/18/2012,STT,VI,ASO,ES,Towers with Radar,57,6,16,0,79,0,108,39,0,147,57,114,55,0,226,0,0,0,226
02/19/2012,STT,VI,ASO,ES,Towers with Radar,37,8,19,0,64,0,90,36,2,128,37,98,55,2,192,0,0,0,192
02/20/2012,STT,VI,ASO,ES,Towers with Radar,35,12,10,0,57,0,147,41,0,188,35,159,51,0,245,0,0,0,245
02/21/2012,STT,VI,ASO,ES,Towers with Radar,30,14,16,0,60,0,94,44,0,138,30,108,60,0,198,10,0,10,208
02/22/2012,STT,VI,ASO,ES,Towers with Radar,25,18,6,0,49,0,114,38,0,152,25,132,44,0,201,2,0,2,203
02/23/2012,STT,VI,ASO,ES,Towers with Radar,35,19,11,0,65,0,98,44,0,142,35,117,55,0,207,18,0,18,225
02/24/2012,STT,VI,ASO,ES,Towers with Radar,33,21,11,0,65,0,105,50,0,155,33,126,61,0,220,0,0,0,220
02/25/2012,STT,VI,ASO,ES,Towers with Radar,61,13,12,1,87,0,48,45,1,94,61,61,57,2,181,0,0,0,181
02/26/2012,STT,VI,ASO,ES,Towers with Radar,37,6,18,0,61,0,57,50,0,107,37,63,68,0,168,0,0,0,168
02/27/2012,STT,VI,ASO,ES,Towers with Radar,31,19,6,0,56,0,84,51,0,135,31,103,57,0,191,12,0,12,203
02/28/2012,STT,VI,ASO,ES,Towers with Radar,30,15,10,4,59,0,81,48,0,129,30,96,58,4,188,26,0,26,214
02/29/2012,STT,VI,ASO,ES,Towers with Radar,28,24,10,0,62,0,115,39,0,154,28,139,49,0,216,10,0,10,226
03/01/2012,STT,VI,ASO,ES,Towers with Radar,34,22,22,0,78,0,98,42,0,140,34,120,64,0,218,8,0,8,226
03/02/2012,STT,VI,ASO,ES,Towers with Radar,32,17,9,0,58,0,110,72,2,184,32,127,81,2,242,35,0,35,277
03/03/2012,STT,VI,ASO,ES,Towers with Radar,52,9,7,0,68,0,73,44,0,117,52,82,51,0,185,32,0,32,217
03/04/2012,STT,VI,ASO,ES,Towers with Radar,37,5,5,0,47,0,63,55,0,118,37,68,60,0,165,20,0,20,185
03/05/2012,STT,VI,ASO,ES,Towers with Radar,31,20,8,0,59,0,70,17,0,87,31,90,25,0,146,14,0,14,160
03/06/2012,STT,VI,ASO,ES,Towers with Radar,29,13,22,4,68,0,63,30,2,95,29,76,52,6,163,12,0,12,175
03/07/2012,STT,VI,ASO,ES,Towers with Radar,28,21,15,0,64,0,111,24,0,135,28,132,39,0,199,12,0,12,211
03/08/2012,STT,VI,ASO,ES,Towers with Radar,34,21,6,0,61,0,81,22,0,103,34,102,28,0,164,46,0,46,210
03/09/2012,STT,VI,ASO,ES,Towers with Radar,32,24,8,0,64,0,112,62,0,174,32,136,70,0,238,0,0,0,238
03/10/2012,STT,VI,ASO,ES,Towers with Radar,54,11,15,0,80,0,87,37,0,124,54,98,52,0,204,14,0,14,218
03/11/2012,STT,VI,ASO,ES,Towers with Radar,35,10,19,0,64,0,83,41,0,124,35,93,60,0,188,8,0,8,196
03/12/2012,STT,VI,ASO,ES,Towers with Radar,29,21,13,1,64,0,74,36,0,110,29,95,49,1,174,0,0,0,174
03/13/2012,STT,VI,ASO,ES,Towers with Radar,27,19,12,5,63,0,91,41,0,132,27,110,53,5,195,6,0,6,201
03/14/2012,STT,VI,ASO,ES,Towers with Radar,29,17,5,0,51,0,109,32,0,141,29,126,37,0,192,0,0,0,192
03/15/2012,STT,VI,ASO,ES,Towers with Radar,35,19,8,0,62,0,96,39,2,137,35,115,47,2,199,8,0,8,207
03/16/2012,STT,VI,ASO,ES,Towers with Radar,31,28,12,0,71,0,103,41,0,144,31,131,53,0,215,12,0,12,227
03/17/2012,STT,VI,ASO,ES,Towers with Radar,54,6,24,0,84,0,75,52,0,127,54,81,76,0,211,24,0,24,235
03/18/2012,STT,VI,ASO,ES,Towers with Radar,35,14,14,2,65,0,90,32,0,122,35,104,46,2,187,0,0,0,187
03/19/2012,STT,VI,ASO,ES,Towers with Radar,32,26,12,0,70,0,76,23,0,99,32,102,35,0,169,14,0,14,183
03/20/2012,STT,VI,ASO,ES,Towers with Radar,29,16,15,0,60,0,87,36,0,123,29,103,51,0,183,4,0,4,187
03/21/2012,STT,VI,ASO,ES,Towers with Radar,26,19,15,0,60,0,99,39,0,138,26,118,54,0,198,0,0,0,198
03/22/2012,STT,VI,ASO,ES,Towers with Radar,35,23,6,3,67,0,90,32,0,122,35,113,38,3,189,0,0,0,189
03/23/2012,STT,VI,ASO,ES,Towers with Radar,35,30,10,0,75,0,83,40,0,123,35,113,50,0,198,2,0,2,200
03/24/2012,STT,VI,ASO,ES,Towers with Radar,54,12,20,7,93,0,77,50,1,128,54,89,70,8,221,0,0,0,221
03/25/2012,STT,VI,ASO,ES,Towers with Radar,37,16,15,1,69,0,71,23,1,95,37,87,38,2,164,6,0,6,170
03/26/2012,STT,VI,ASO,ES,Towers with Radar,33,19,12,0,64,0,82,27,0,109,33,101,39,0,173,14,0,14,187
03/27/2012,STT,VI,ASO,ES,Towers with Radar,27,16,10,0,53,0,80,37,0,117,27,96,47,0,170,42,0,42,212
03/28/2012,STT,VI,ASO,ES,Towers with Radar,26,22,6,0,54,0,106,31,0,137,26,128,37,0,191,0,0,0,191
03/29/2012,STT,VI,ASO,ES,Towers with Radar,34,31,17,0,82,0,86,27,0,113,34,117,44,0,195,36,0,36,231
03/30/2012,STT,VI,ASO,ES,Towers with Radar,32,32,7,2,73,0,98,44,0,142,32,130,51,2,215,0,0,0,215
03/31/2012,STT,VI,ASO,ES,Towers with Radar,54,10,14,1,79,0,78,43,1,122,54,88,57,2,201,14,0,14,215
04/01/2012,STT,VI,ASO,ES,Towers with Radar,37,5,11,0,53,0,90,29,0,119,37,95,40,0,172,0,0,0,172
04/02/2012,STT,VI,ASO,ES,Towers with Radar,31,23,8,0,62,0,79,34,0,113,31,102,42,0,175,9,0,9,184
04/03/2012,STT,VI,ASO,ES,Towers with Radar,26,15,12,0,53,0,78,45,0,123,26,93,57,0,176,28,0,28,204
04/04/2012,STT,VI,ASO,ES,Towers with Radar,28,21,9,0,58,0,107,42,1,150,28,128,51,1,208,28,0,28,236
04/05/2012,STT,VI,ASO,ES,Towers with Radar,34,26,8,0,68,0,99,54,6,159,34,125,62,6,227,42,2,44,271
04/06/2012,STT,VI,ASO,ES,Towers with Radar,30,10,9,1,50,0,84,35,3,122,30,94,44,4,172,28,0,28,200
04/07/2012,STT,VI,ASO,ES,Towers with Radar,50,11,8,0,69,0,78,37,2,117,50,89,45,2,186,28,0,28,214
04/08/2012,STT,VI,ASO,ES,Towers with Radar,35,14,16,0,65,0,89,26,0,115,35,103,42,0,180,0,0,0,180
04/09/2012,STT,VI,ASO,ES,Towers with Radar,34,23,8,0,65,0,86,32,0,118,34,109,40,0,183,0,0,0,183
04/10/2012,STT,VI,ASO,ES,Towers with Radar,27,18,11,0,56,0,63,36,0,99,27,81,47,0,155,8,0,8,163
04/11/2012,STT,VI,ASO,ES,Towers with Radar,26,19,6,0,51,0,93,31,0,124,26,112,37,0,175,32,0,32,207
04/12/2012,STT,VI,ASO,ES,Towers with Radar,33,26,9,0,68,0,76,35,0,111,33,102,44,0,179,8,0,8,187
04/13/2012,STT,VI,ASO,ES,Towers with Radar,29,21,12,3,65,0,114,43,1,158,29,135,55,4,223,21,0,21,244
04/14/2012,STT,VI,ASO,ES,Towers with Radar,44,14,7,0,65,0,91,32,0,123,44,105,39,0,188,36,0,36,224
04/15/2012,STT,VI,ASO,ES,Towers with Radar,35,9,9,0,53,0,78,19,0,97,35,87,28,0,150,0,0,0,150
04/16/2012,STT,VI,ASO,ES,Towers with Radar,29,14,15,0,58,0,85,37,0,122,29,99,52,0,180,0,0,0,180
04/17/2012,STT,VI,ASO,ES,Towers with Radar,27,19,14,0,60,0,84,23,0,107,27,103,37,0,167,0,0,0,167
04/18/2012,STT,VI,ASO,ES,Towers with Radar,27,22,9,0,58,0,97,32,0,129,27,119,41,0,187,12,0,12,199
04/19/2012,STT,VI,ASO,ES,Towers with Radar,34,28,8,0,70,0,85,47,0,132,34,113,55,0,202,18,0,18,220
04/20/2012,STT,VI,ASO,ES,Towers with Radar,29,17,15,6,67,0,112,36,0,148,29,129,51,6,215,0,0,0,215
04/21/2012,STT,VI,ASO,ES,Towers with Radar,43,16,6,0,65,0,75,38,1,114,43,91,44,1,179,30,0,30,209
04/22/2012,STT,VI,ASO,ES,Towers with Radar,34,14,11,0,59,0,73,28,0,101,34,87,39,0,160,0,0,0,160
04/23/2012,STT,VI,ASO,ES,Towers with Radar,32,17,8,0,57,0,86,22,0,108,32,103,30,0,165,22,0,22,187
04/24/2012,STT,VI,ASO,ES,Towers with Radar,26,15,4,0,45,0,107,45,0,152,26,122,49,0,197,2,0,2,199
04/25/2012,STT,VI,ASO,ES,Towers with Radar,27,19,7,0,53,0,119,47,2,168,27,138,54,2,221,22,4,26,247
04/26/2012,STT,VI,ASO,ES,Towers with Radar,31,20,14,0,65,0,107,45,0,152,31,127,59,0,217,12,0,12,229
04/27/2012,STT,VI,ASO,ES,Towers with Radar,31,15,5,0,51,0,100,35,0,135,31,115,40,0,186,20,0,20,206
04/28/2012,STT,VI,ASO,ES,Towers with Radar,49,12,13,1,75,0,80,38,1,119,49,92,51,2,194,18,0,18,212
04/29/2012,STT,VI,ASO,ES,Towers with Radar,34,14,11,0,59,0,73,28,0,101,34,87,39,0,160,2,0,2,162
04/30/2012,STT,VI,ASO,ES,Towers with Radar,27,25,6,0,58,0,134,33,0,167,27,159,39,0,225,0,0,0,225
05/01/2012,STT,VI,ASO,ES,Towers with Radar,26,16,5,3,50,0,90,41,0,131,26,106,46,3,181,12,0,12,193
05/02/2012,STT,VI,ASO,ES,Towers with Radar,26,33,8,0,67,0,78,22,0,100,26,111,30,0,167,0,0,0,167
05/03/2012,STT,VI,ASO,ES,Towers with Radar,29,24,10,0,63,0,81,33,0,114,29,105,43,0,177,20,0,20,197
05/04/2012,STT,VI,ASO,ES,Towers with Radar,25,25,13,0,63,0,80,47,0,127,25,105,60,0,190,50,0,50,240
05/05/2012,STT,VI,ASO,ES,Towers with Radar,37,15,9,0,61,0,75,16,0,91,37,90,25,0,152,0,0,0,152
05/06/2012,STT,VI,ASO,ES,Towers with Radar,30,37,3,0,70,0,32,22,0,54,30,69,25,0,124,0,0,0,124
05/07/2012,STT,VI,ASO,ES,Towers with Radar,27,26,5,1,59,0,76,38,5,119,27,102,43,6,178,29,0,29,207
05/08/2012,STT,VI,ASO,ES,Towers with Radar,26,18,6,1,51,0,75,36,0,111,26,93,42,1,162,26,0,26,188
05/09/2012,STT,VI,ASO,ES,Towers with Radar,25,21,6,0,52,0,71,35,0,106,25,92,41,0,158,22,0,22,180
05/10/2012,STT,VI,ASO,ES,Towers with Radar,28,34,4,0,66,0,61,14,4,79,28,95,18,4,145,20,0,20,165
05/11/2012,STT,VI,ASO,ES,Towers with Radar,22,32,4,0,58,0,77,41,3,121,22,109,45,3,179,35,6,41,220
05/12/2012,STT,VI,ASO,ES,Towers with Radar,36,10,2,0,48,0,62,29,0,91,36,72,31,0,139,20,0,20,159
05/13/2012,STT,VI,ASO,ES,Towers with Radar,29,8,1,0,38,0,47,31,0,78,29,55,32,0,116,0,0,0,116
05/14/2012,STT,VI,ASO,ES,Towers with Radar,28,19,5,0,52,0,67,19,0,86,28,86,24,0,138,0,0,0,138
05/15/2012,STT,VI,ASO,ES,Towers with Radar,26,16,5,2,49,0,71,30,1,102,26,87,35,3,151,4,2,6,157
05/16/2012,STT,VI,ASO,ES,Towers with Radar,26,26,7,5,64,0,65,12,0,77,26,91,19,5,141,0,0,0,141
05/17/2012,STT,VI,ASO,ES,Towers with Radar,28,16,6,0,50,0,81,29,0,110,28,97,35,0,160,6,0,6,166
05/18/2012,STT,VI,ASO,ES,Towers with Radar,24,28,5,3,60,0,82,21,1,104,24,110,26,4,164,8,2,10,174
05/19/2012,STT,VI,ASO,ES,Towers with Radar,34,6,3,0,43,0,59,12,0,71,34,65,15,0,114,10,2,12,126
05/20/2012,STT,VI,ASO,ES,Towers with Radar,29,7,6,4,46,0,65,23,3,91,29,72,29,7,137,0,0,0,137
05/21/2012,STT,VI,ASO,ES,Towers with Radar,27,18,0,0,45,0,68,17,0,85,27,86,17,0,130,0,0,0,130
05/22/2012,STT,VI,ASO,ES,Towers with Radar,25,11,16,2,54,0,47,39,0,86,25,58,55,2,140,18,0,18,158
05/23/2012,STT,VI,ASO,ES,Towers with Radar,26,22,2,0,50,0,63,22,1,86,26,85,24,1,136,2,0,2,138
05/24/2012,STT,VI,ASO,ES,Towers with Radar,27,18,16,0,61,0,83,43,5,131,27,101,59,5,192,6,0,6,198
05/25/2012,STT,VI,ASO,ES,Towers with Radar,24,20,2,0,46,0,89,54,0,143,24,109,56,0,189,10,0,10,199
05/26/2012,STT,VI,ASO,ES,Towers with Radar,39,8,6,0,53,0,57,32,1,90,39,65,38,1,143,37,0,37,180
05/27/2012,STT,VI,ASO,ES,Towers with Radar,32,11,3,0,46,0,51,27,1,79,32,62,30,1,125,18,0,18,143
05/28/2012,STT,VI,ASO,ES,Towers with Radar,24,5,2,0,31,0,66,37,0,103,24,71,39,0,134,55,0,55,189
05/29/2012,STT,VI,ASO,ES,Towers with Radar,26,18,3,0,47,0,72,31,0,103,26,90,34,0,150,36,0,36,186
05/30/2012,STT,VI,ASO,ES,Towers with Radar,26,19,4,2,51,0,72,41,0,113,26,91,45,2,164,34,4,38,202
05/31/2012,STT,VI,ASO,ES,Towers with Radar,26,21,15,0,62,0,69,29,0,98,26,90,44,0,160,16,0,16,176
06/01/2012,STT,VI,ASO,ES,Towers with Radar,24,29,5,0,58,0,66,34,0,100,24,95,39,0,158,12,0,12,170
06/02/2012,STT,VI,ASO,ES,Towers with Radar,38,9,11,4,62,0,53,26,0,79,38,62,37,4,141,51,0,51,192
06/03/2012,STT,VI,ASO,ES,Towers with Radar,31,7,6,2,46,0,52,30,0,82,31,59,36,2,128,20,0,20,148
06/04/2012,STT,VI,ASO,ES,Towers with Radar,25,21,1,0,47,0,70,31,2,103,25,91,32,2,150,36,4,40,190
06/05/2012,STT,VI,ASO,ES,Towers with Radar,27,20,6,0,53,0,69,28,0,97,27,89,34,0,150,6,0,6,156
06/06/2012,STT,VI,ASO,ES,Towers with Radar,27,25,3,0,55,0,77,37,1,115,27,102,40,1,170,14,0,14,184
06/07/2012,STT,VI,ASO,ES,Towers with Radar,28,28,4,0,60,0,60,32,0,92,28,88,36,0,152,10,0,10,162
06/08/2012,STT,VI,ASO,ES,Towers with Radar,24,18,8,0,50,0,90,55,1,146,24,108,63,1,196,4,0,4,200
06/09/2012,STT,VI,ASO,ES,Towers with Radar,37,8,6,1,52,0,60,26,0,86,37,68,32,1,138,19,0,19,157
06/10/2012,STT,VI,ASO,ES,Towers with Radar,31,5,9,0,45,0,68,41,0,109,31,73,50,0,154,40,0,40,194
06/11/2012,STT,VI,ASO,ES,Towers with Radar,25,19,2,0,46,0,65,22,0,87,25,84,24,0,133,10,0,10,143
06/12/2012,STT,VI,ASO,ES,Towers with Radar,23,9,0,0,32,0,55,33,0,88,23,64,33,0,120,2,0,2,122
06/13/2012,STT,VI,ASO,ES,Towers with Radar,26,17,5,6,54,0,90,35,0,125,26,107,40,6,179,30,0,30,209
06/14/2012,STT,VI,ASO,ES,Towers with Radar,27,18,5,0,50,0,73,33,2,108,27,91,38,2,158,22,0,22,180
06/15/2012,STT,VI,ASO,ES,Towers with Radar,26,22,4,0,52,0,93,43,0,136,26,115,47,0,188,44,0,44,232
06/16/2012,STT,VI,ASO,ES,Towers with Radar,35,6,4,1,46,0,68,23,0,91,35,74,27,1,137,30,0,30,167
06/17/2012,STT,VI,ASO,ES,Towers with Radar,35,10,11,0,56,0,55,20,0,75,35,65,31,0,131,20,0,20,151
06/18/2012,STT,VI,ASO,ES,Towers with Radar,26,21,5,0,52,0,74,24,2,100,26,95,29,2,152,0,0,0,152
06/19/2012,STT,VI,ASO,ES,Towers with Radar,27,17,0,0,44,0,60,30,0,90,27,77,30,0,134,0,0,0,134
06/20/2012,STT,VI,ASO,ES,Towers with Radar,26,17,7,0,50,0,75,21,0,96,26,92,28,0,146,0,0,0,146
06/21/2012,STT,VI,ASO,ES,Towers with Radar,24,22,5,0,51,0,74,31,0,105,24,96,36,0,156,34,0,34,190
06/22/2012,STT,VI,ASO,ES,Towers with Radar,29,17,3,3,52,0,81,39,0,120,29,98,42,3,172,0,0,0,172
06/23/2012,STT,VI,ASO,ES,Towers with Radar,38,6,1,0,45,0,64,34,2,100,38,70,35,2,145,6,0,6,151
06/24/2012,STT,VI,ASO,ES,Towers with Radar,32,5,5,4,46,0,62,28,1,91,32,67,33,5,137,8,0,8,145
06/25/2012,STT,VI,ASO,ES,Towers with Radar,27,19,3,0,49,0,67,29,1,97,27,86,32,1,146,15,1,16,162
06/26/2012,STT,VI,ASO,ES,Towers with Radar,25,21,3,0,49,69,37,0,0,106,94,58,3,0,155,22,0,22,177
06/27/2012,STT,VI,ASO,ES,Towers with Radar,26,20,6,0,52,0,71,25,1,97,26,91,31,1,149,20,0,20,169
06/28/2012,STT,VI,ASO,ES,Towers with Radar,26,23,7,0,56,0,79,31,1,111,26,102,38,1,167,14,0,14,181
06/29/2012,STT,VI,ASO,ES,Towers with Radar,26,17,6,0,49,0,89,46,4,139,26,106,52,4,188,28,0,28,216
06/30/2012,STT,VI,ASO,ES,Towers with Radar,37,7,10,0,54,0,61,32,0,93,37,68,42,0,147,0,0,0,147
07/01/2012,STT,VI,ASO,ES,Towers with Radar,32,9,4,0,45,0,57,30,1,88,32,66,34,1,133,0,0,0,133
07/02/2012,STT,VI,ASO,ES,Towers with Radar,30,27,4,0,61,0,62,26,2,90,30,89,30,2,151,6,0,6,157
07/03/2012,STT,VI,ASO,ES,Towers with Radar,26,16,9,0,51,0,58,25,0,83,26,74,34,0,134,0,0,0,134
07/04/2012,STT,VI,ASO,ES,Towers with Radar,25,14,3,0,42,0,53,6,0,59,25,67,9,0,101,0,0,0,101
07/05/2012,STT,VI,ASO,ES,Towers with Radar,23,29,6,0,58,0,63,25,1,89,23,92,31,1,147,22,0,22,169
07/06/2012,STT,VI,ASO,ES,Towers with Radar,27,19,1,2,49,0,80,33,4,117,27,99,34,6,166,0,0,0,166
07/07/2012,STT,VI,ASO,ES,Towers with Radar,39,8,10,0,57,0,53,23,0,76,39,61,33,0,133,0,0,0,133
07/08/2012,STT,VI,ASO,ES,Towers with Radar,32,10,4,3,49,0,46,28,2,76,32,56,32,5,125,22,0,22,147
07/09/2012,STT,VI,ASO,ES,Towers with Radar,28,20,3,0,51,0,60,55,1,116,28,80,58,1,167,16,0,16,183
07/10/2012,STT,VI,ASO,ES,Towers with Radar,20,18,5,0,43,0,64,35,0,99,20,82,40,0,142,16,0,16,158
07/11/2012,STT,VI,ASO,ES,Towers with Radar,30,17,8,0,55,0,82,65,0,147,30,99,73,0,202,0,0,0,202
07/12/2012,STT,VI,ASO,ES,Towers with Radar,24,21,7,10,62,0,83,27,2,112,24,104,34,12,174,4,0,4,178
07/13/2012,STT,VI,ASO,ES,Towers with Radar,27,23,4,0,54,0,87,23,4,114,27,110,27,4,168,0,6,6,174
07/14/2012,STT,VI,ASO,ES,Towers with Radar,39,6,5,2,52,0,57,19,1,77,39,63,24,3,129,6,0,6,135
07/15/2012,STT,VI,ASO,ES,Towers with Radar,32,14,9,2,57,0,46,11,0,57,32,60,20,2,114,0,0,0,114
07/16/2012,STT,VI,ASO,ES,Towers with Radar,26,21,7,0,54,0,74,40,0,114,26,95,47,0,168,4,0,4,172
07/17/2012,STT,VI,ASO,ES,Towers with Radar,26,20,2,0,48,0,75,30,0,105,26,95,32,0,153,0,0,0,153
07/18/2012,STT,VI,ASO,ES,Towers with Radar,26,18,7,1,52,0,72,37,0,109,26,90,44,1,161,0,0,0,161
07/19/2012,STT,VI,ASO,ES,Towers with Radar,24,20,3,2,49,0,75,20,2,97,24,95,23,4,146,0,0,0,146
07/20/2012,STT,VI,ASO,ES,Towers with Radar,26,37,8,3,74,0,67,29,0,96,26,104,37,3,170,4,0,4,174
07/21/2012,STT,VI,ASO,ES,Towers with Radar,40,9,3,2,54,0,52,15,0,67,40,61,18,2,121,6,0,6,127
07/22/2012,STT,VI,ASO,ES,Towers with Radar,32,9,4,0,45,0,0,0,0,0,32,9,4,0,45,36,0,36,81
07/23/2012,STT,VI,ASO,ES,Towers with Radar,26,18,7,4,55,0,63,37,2,102,26,81,44,6,157,8,0,8,165
07/24/2012,STT,VI,ASO,ES,Towers with Radar,26,17,3,0,46,0,57,43,1,101,26,74,46,1,147,18,0,18,165
07/25/2012,STT,VI,ASO,ES,Towers with Radar,27,17,4,1,49,0,66,29,3,98,27,83,33,4,147,28,12,40,187
07/26/2012,STT,VI,ASO,ES,Towers with Radar,24,20,1,1,46,0,70,37,1,108,24,90,38,2,154,28,0,28,182
07/27/2012,STT,VI,ASO,ES,Towers with Radar,26,26,6,2,60,0,91,27,0,118,26,117,33,2,178,4,0,4,182
07/28/2012,STT,VI,ASO,ES,Towers with Radar,38,8,7,0,53,0,61,26,0,87,38,69,33,0,140,32,0,32,172
07/29/2012,STT,VI,ASO,ES,Towers with Radar,32,5,3,0,40,0,57,16,0,73,32,62,19,0,113,4,0,4,117
07/30/2012,STT,VI,ASO,ES,Towers with Radar,25,24,20,0,69,0,48,30,0,78,25,72,50,0,147,16,0,16,163
07/31/2012,STT,VI,ASO,ES,Towers with Radar,28,28,12,0,68,0,58,16,0,74,28,86,28,0,142,10,0,10,152
08/01/2012,STT,VI,ASO,ES,Towers with Radar,27,20,5,4,56,0,71,31,0,102,27,91,36,4,158,4,0,4,162
08/02/2012,STT,VI,ASO,ES,Towers with Radar,24,17,14,5,60,0,73,22,0,95,24,90,36,5,155,34,0,34,189
08/03/2012,STT,VI,ASO,ES,Towers with Radar,28,19,8,2,57,0,76,22,0,98,28,95,30,2,155,14,0,14,169
08/04/2012,STT,VI,ASO,ES,Towers with Radar,38,7,9,4,58,0,62,37,0,99,38,69,46,4,157,0,0,0,157
08/05/2012,STT,VI,ASO,ES,Towers with Radar,32,6,6,2,46,0,66,37,0,103,32,72,43,2,149,2,0,2,151
08/06/2012,STT,VI,ASO,ES,Towers with Radar,24,20,4,3,51,0,78,31,0,109,24,98,35,3,160,18,0,18,178
08/07/2012,STT,VI,ASO,ES,Towers with Radar,26,18,3,0,47,0,58,37,0,95,26,76,40,0,142,8,0,8,150
08/08/2012,STT,VI,ASO,ES,Towers with Radar,26,19,11,0,56,0,94,27,0,121,26,113,38,0,177,10,0,10,187
08/09/2012,STT,VI,ASO,ES,Towers with Radar,24,23,5,0,52,0,79,24,0,103,24,102,29,0,155,20,0,20,175
08/10/2012,STT,VI,ASO,ES,Towers with Radar,27,16,2,4,49,0,82,34,0,116,27,98,36,4,165,6,0,6,171
08/11/2012,STT,VI,ASO,ES,Towers with Radar,38,4,5,0,47,0,57,13,0,70,38,61,18,0,117,8,0,8,125
08/12/2012,STT,VI,ASO,ES,Towers with Radar,32,10,4,0,46,0,59,14,2,75,32,69,18,2,121,0,0,0,121
08/13/2012,STT,VI,ASO,ES,Towers with Radar,24,22,3,1,50,0,68,24,0,92,24,90,27,1,142,8,0,8,150
08/14/2012,STT,VI,ASO,ES,Towers with Radar,19,19,5,0,43,0,63,29,2,94,19,82,34,2,137,0,0,0,137
08/15/2012,STT,VI,ASO,ES,Towers with Radar,22,17,9,9,57,0,77,26,0,103,22,94,35,9,160,18,0,18,178
08/16/2012,STT,VI,ASO,ES,Towers with Radar,23,19,4,0,46,0,75,24,0,99,23,94,28,0,145,0,0,0,145
08/17/2012,STT,VI,ASO,ES,Towers with Radar,24,17,1,4,46,0,88,31,0,119,24,105,32,4,165,0,0,0,165
08/18/2012,STT,VI,ASO,ES,Towers with Radar,34,9,4,0,47,0,54,15,0,69,34,63,19,0,116,0,0,0,116
08/19/2012,STT,VI,ASO,ES,Towers with Radar,30,4,5,0,39,0,66,17,0,83,30,70,22,0,122,0,0,0,122
08/20/2012,STT,VI,ASO,ES,Towers with Radar,25,26,3,2,56,0,61,21,0,82,25,87,24,2,138,0,0,0,138
08/21/2012,STT,VI,ASO,ES,Towers with Radar,14,20,10,0,44,0,61,24,0,85,14,81,34,0,129,4,0,4,133
08/22/2012,STT,VI,ASO,ES,Towers with Radar,13,15,9,2,39,0,60,10,1,71,13,75,19,3,110,0,4,4,114
08/23/2012,STT,VI,ASO,ES,Towers with Radar,10,2,0,1,13,0,0,0,0,0,10,2,0,1,13,0,0,0,13
08/24/2012,STT,VI,ASO,ES,Towers with Radar,16,35,2,0,53,0,79,8,0,87,16,114,10,0,140,0,0,0,140
08/25/2012,STT,VI,ASO,ES,Towers with Radar,24,6,11,0,41,0,54,14,0,68,24,60,25,0,109,0,0,0,109
08/26/2012,STT,VI,ASO,ES,Towers with Radar,14,5,6,0,25,0,55,12,0,67,14,60,18,0,92,0,0,0,92
08/27/2012,STT,VI,ASO,ES,Towers with Radar,18,24,9,0,51,0,76,35,0,111,18,100,44,0,162,32,0,32,194
08/28/2012,STT,VI,ASO,ES,Towers with Radar,14,18,6,0,38,0,67,34,0,101,14,85,40,0,139,8,0,8,147
08/29/2012,STT,VI,ASO,ES,Towers with Radar,12,19,4,0,35,0,72,48,0,120,12,91,52,0,155,10,0,10,165
08/30/2012,STT,VI,ASO,ES,Towers with Radar,14,23,5,0,42,0,77,32,0,109,14,100,37,0,151,30,0,30,181
08/31/2012,STT,VI,ASO,ES,Towers with Radar,16,21,6,0,43,0,94,38,0,132,16,115,44,0,175,26,0,26,201
09/01/2012,STT,VI,ASO,ES,Towers with Radar,24,7,5,0,36,0,78,31,0,109,24,85,36,0,145,6,0,6,151
09/02/2012,STT,VI,ASO,ES,Towers with Radar,18,5,6,2,31,0,52,10,0,62,18,57,16,2,93,0,0,0,93
09/03/2012,STT,VI,ASO,ES,Towers with Radar,15,7,6,0,28,0,64,14,0,78,15,71,20,0,106,0,0,0,106
09/04/2012,STT,VI,ASO,ES,Towers with Radar,14,22,6,0,42,0,59,28,0,87,14,81,34,0,129,0,0,0,129
09/05/2012,STT,VI,ASO,ES,Towers with Radar,12,20,0,4,36,0,67,36,0,103,12,87,36,4,139,14,0,14,153
09/06/2012,STT,VI,ASO,ES,Towers with Radar,14,23,4,0,41,0,66,43,0,109,14,89,47,0,150,2,0,2,152
09/07/2012,STT,VI,ASO,ES,Towers with Radar,15,19,6,2,42,0,71,27,0,98,15,90,33,2,140,22,0,22,162
09/08/2012,STT,VI,ASO,ES,Towers with Radar,20,4,5,0,29,0,62,23,1,86,20,66,28,1,115,28,0,28,143
09/09/2012,STT,VI,ASO,ES,Towers with Radar,19,5,3,4,31,0,46,10,0,56,19,51,13,4,87,0,0,0,87
09/10/2012,STT,VI,ASO,ES,Towers with Radar,16,20,1,0,37,0,65,29,4,98,16,85,30,4,135,4,0,4,139
09/11/2012,STT,VI,ASO,ES,Towers with Radar,12,19,7,0,38,0,55,26,2,83,12,74,33,2,121,16,2,18,139
09/12/2012,STT,VI,ASO,ES,Towers with Radar,12,10,14,9,45,0,59,16,2,77,12,69,30,11,122,12,4,16,138
09/13/2012,STT,VI,ASO,ES,Towers with Radar,14,18,3,4,39,0,78,22,5,105,14,96,25,9,144,0,0,0,144
09/14/2012,STT,VI,ASO,ES,Towers with Radar,14,18,6,4,42,0,79,16,6,101,14,97,22,10,143,44,4,48,191
09/15/2012,STT,VI,ASO,ES,Towers with Radar,20,5,5,2,32,0,55,16,1,72,20,60,21,3,104,4,0,4,108
09/16/2012,STT,VI,ASO,ES,Towers with Radar,20,6,1,2,29,0,55,23,0,78,20,61,24,2,107,0,0,0,107
09/17/2012,STT,VI,ASO,ES,Towers with Radar,13,22,13,0,48,0,73,31,0,104,13,95,44,0,152,22,0,22,174
09/18/2012,STT,VI,ASO,ES,Towers with Radar,13,28,16,1,58,0,51,33,0,84,13,79,49,1,142,54,2,56,198
09/19/2012,STT,VI,ASO,ES,Towers with Radar,12,21,0,0,33,0,71,36,0,107,12,92,36,0,140,24,0,24,164
09/20/2012,STT,VI,ASO,ES,Towers with Radar,14,21,1,0,36,0,69,26,0,95,14,90,27,0,131,18,0,18,149
09/21/2012,STT,VI,ASO,ES,Towers with Radar,14,20,2,0,36,0,84,16,0,100,14,104,18,0,136,12,0,12,148
09/22/2012,STT,VI,ASO,ES,Towers with Radar,20,6,2,0,28,0,58,27,0,85,20,64,29,0,113,50,0,50,163
09/23/2012,STT,VI,ASO,ES,Towers with Radar,20,14,0,0,34,0,39,13,1,53,20,53,13,1,87,0,0,0,87
09/24/2012,STT,VI,ASO,ES,Towers with Radar,15,10,24,0,49,0,54,30,0,84,15,64,54,0,133,32,0,32,165
09/25/2012,STT,VI,ASO,ES,Towers with Radar,12,10,11,0,33,0,0,0,0,0,12,10,11,0,33,24,0,24,57
09/26/2012,STT,VI,ASO,ES,Towers with Radar,12,19,2,0,33,0,69,31,0,100,12,88,33,0,133,48,0,48,181
09/27/2012,STT,VI,ASO,ES,Towers with Radar,14,24,18,0,56,0,73,32,0,105,14,97,50,0,161,22,0,22,183
09/28/2012,STT,VI,ASO,ES,Towers with Radar,14,26,9,4,53,0,79,33,0,112,14,105,42,4,165,0,0,0,165
09/29/2012,STT,VI,ASO,ES,Towers with Radar,21,8,0,0,29,0,54,14,0,68,21,62,14,0,97,16,0,16,113
09/30/2012,STT,VI,ASO,ES,Towers with Radar,20,4,6,0,30,0,63,13,0,76,20,67,19,0,106,0,0,0,106
10/01/2012,STT,VI,ASO,ES,Towers with Radar,14,21,9,0,44,0,66,28,0,94,14,87,37,0,138,6,0,6,144
10/02/2012,STT,VI,ASO,ES,Towers with Radar,12,19,8,0,39,0,62,26,0,88,12,81,34,0,127,0,0,0,127
10/03/2012,STT,VI,ASO,ES,Towers with Radar,10,15,5,2,32,0,70,34,0,104,10,85,39,2,136,8,0,8,144
10/04/2012,STT,VI,ASO,ES,Towers with Radar,14,17,3,0,34,0,80,44,0,124,14,97,47,0,158,16,0,16,174
10/05/2012,STT,VI,ASO,ES,Towers with Radar,15,17,7,0,39,0,64,28,0,92,15,81,35,0,131,26,0,26,157
10/06/2012,STT,VI,ASO,ES,Towers with Radar,24,12,3,0,39,0,53,13,0,66,24,65,16,0,105,0,0,0,105
10/07/2012,STT,VI,ASO,ES,Towers with Radar,19,16,3,0,38,0,48,17,0,65,19,64,20,0,103,0,0,0,103
10/08/2012,STT,VI,ASO,ES,Towers with Radar,13,14,5,0,32,0,71,12,0,83,13,85,17,0,115,2,0,2,117
10/09/2012,STT,VI,ASO,ES,Towers with Radar,15,21,9,0,45,0,70,23,0,93,15,91,32,0,138,6,0,6,144
10/10/2012,STT,VI,ASO,ES,Towers with Radar,14,24,6,0,44,0,70,24,0,94,14,94,30,0,138,0,0,0,138
10/11/2012,STT,VI,ASO,ES,Towers with Radar,13,23,1,4,41,0,80,31,1,112,13,103,32,5,153,32,0,32,185
10/12/2012,STT,VI,ASO,ES,Towers with Radar,14,19,3,0,36,0,73,24,0,97,14,92,27,0,133,0,0,0,133
10/13/2012,STT,VI,ASO,ES,Towers with Radar,24,7,5,9,45,0,57,24,12,93,24,64,29,21,138,2,8,10,148
10/14/2012,STT,VI,ASO,ES,Towers with Radar,9,10,1,3,23,0,51,19,0,70,9,61,20,3,93,0,0,0,93
10/15/2012,STT,VI,ASO,ES,Towers with Radar,15,24,7,0,46,0,71,26,5,102,15,95,33,5,148,0,0,0,148
10/16/2012,STT,VI,ASO,ES,Towers with Radar,14,23,4,3,44,0,59,28,0,87,14,82,32,3,131,0,0,0,131
10/17/2012,STT,VI,ASO,ES,Towers with Radar,12,24,5,1,42,0,69,29,0,98,12,93,34,1,140,2,0,2,142
10/18/2012,STT,VI,ASO,ES,Towers with Radar,14,35,7,2,58,0,74,19,2,95,14,109,26,4,153,0,0,0,153
10/19/2012,STT,VI,ASO,ES,Towers with Radar,15,27,7,0,49,0,70,27,0,97,15,97,34,0,146,34,0,34,180
10/20/2012,STT,VI,ASO,ES,Towers with Radar,24,9,2,0,35,0,55,20,0,75,24,64,22,0,110,4,0,4,114
10/21/2012,STT,VI,ASO,ES,Towers with Radar,20,5,5,0,30,0,61,12,0,73,20,66,17,0,103,0,0,0,103
10/22/2012,STT,VI,ASO,ES,Towers with Radar,14,18,3,0,35,0,59,24,0,83,14,77,27,0,118,0,0,0,118
10/23/2012,STT,VI,ASO,ES,Towers with Radar,10,19,8,1,38,0,62,22,0,84,10,81,30,1,122,4,0,4,126
10/24/2012,STT,VI,ASO,ES,Towers with Radar,10,30,5,0,45,0,83,27,3,113,10,113,32,3,158,0,0,0,158
10/25/2012,STT,VI,ASO,ES,Towers with Radar,15,24,6,0,45,0,76,36,0,112,15,100,42,0,157,10,0,10,167
10/26/2012,STT,VI,ASO,ES,Towers with Radar,14,30,6,0,50,0,72,27,0,99,14,102,33,0,149,8,0,8,157
10/27/2012,STT,VI,ASO,ES,Towers with Radar,23,12,9,0,44,0,71,10,0,81,23,83,19,0,125,12,0,12,137
10/28/2012,STT,VI,ASO,ES,Towers with Radar,22,7,12,0,41,0,63,24,2,89,22,70,36,2,130,4,0,4,134
10/29/2012,STT,VI,ASO,ES,Towers with Radar,13,27,0,0,40,0,72,21,0,93,13,99,21,0,133,22,0,22,155
10/30/2012,STT,VI,ASO,ES,Towers with Radar,15,17,6,1,39,0,69,35,0,104,15,86,41,1,143,6,0,6,149
10/31/2012,STT,VI,ASO,ES,Towers with Radar,14,17,7,7,45,0,96,39,1,136,14,113,46,8,181,0,0,0,181
11/01/2012,STT,VI,ASO,ES,Towers with Radar,16,21,14,2,53,0,76,33,0,109,16,97,47,2,162,48,2,50,212
11/02/2012,STT,VI,ASO,ES,Towers with Radar,18,22,10,1,51,0,89,27,1,117,18,111,37,2,168,2,2,4,172
11/03/2012,STT,VI,ASO,ES,Towers with Radar,26,6,5,0,37,0,70,24,2,96,26,76,29,2,133,10,0,10,143
11/04/2012,STT,VI,ASO,ES,Towers with Radar,26,5,4,0,35,0,55,19,0,74,26,60,23,0,109,10,0,10,119
11/05/2012,STT,VI,ASO,ES,Towers with Radar,16,22,5,0,43,0,62,39,0,101,16,84,44,0,144,10,0,10,154
11/06/2012,STT,VI,ASO,ES,Towers with Radar,16,18,2,0,36,0,61,14,2,77,16,79,16,2,113,6,2,8,121
11/07/2012,STT,VI,ASO,ES,Towers with Radar,17,23,5,4,49,0,103,25,0,128,17,126,30,4,177,0,0,0,177
11/08/2012,STT,VI,ASO,ES,Towers with Radar,20,22,8,0,50,0,81,35,0,116,20,103,43,0,166,12,0,12,178
11/09/2012,STT,VI,ASO,ES,Towers with Radar,18,22,10,1,51,0,84,29,1,114,18,106,39,2,165,16,14,30,195
11/10/2012,STT,VI,ASO,ES,Towers with Radar,33,9,7,6,55,0,69,14,0,83,33,78,21,6,138,0,0,0,138
11/11/2012,STT,VI,ASO,ES,Towers with Radar,24,7,2,4,37,0,56,21,0,77,24,63,23,4,114,0,0,0,114
11/12/2012,STT,VI,ASO,ES,Towers with Radar,17,18,4,6,45,0,61,22,0,83,17,79,26,6,128,0,0,0,128
11/13/2012,STT,VI,ASO,ES,Towers with Radar,18,20,15,2,55,0,70,32,0,102,18,90,47,2,157,22,0,22,179
11/14/2012,STT,VI,ASO,ES,Towers with Radar,17,22,6,0,45,0,116,18,0,134,17,138,24,0,179,0,0,0,179
11/15/2012,STT,VI,ASO,ES,Towers with Radar,27,21,14,4,66,0,77,34,0,111,27,98,48,4,177,40,0,40,217
11/16/2012,STT,VI,ASO,ES,Towers with Radar,27,25,7,0,59,0,69,34,0,103,27,94,41,0,162,2,0,2,164
11/17/2012,STT,VI,ASO,ES,Towers with Radar,38,11,21,0,70,0,68,34,1,103,38,79,55,1,173,12,2,14,187
11/18/2012,STT,VI,ASO,ES,Towers with Radar,31,9,13,0,53,0,53,23,0,76,31,62,36,0,129,0,0,0,129
11/19/2012,STT,VI,ASO,ES,Towers with Radar,33,23,7,2,65,0,70,26,2,98,33,93,33,4,163,0,0,0,163
11/20/2012,STT,VI,ASO,ES,Towers with Radar,23,16,12,2,53,0,63,25,0,88,23,79,37,2,141,4,0,4,145
11/21/2012,STT,VI,ASO,ES,Towers with Radar,24,24,8,0,56,0,100,48,0,148,24,124,56,0,204,6,0,6,210
11/22/2012,STT,VI,ASO,ES,Towers with Radar,23,11,6,0,40,0,67,7,0,74,23,78,13,0,114,0,0,0,114
11/23/2012,STT,VI,ASO,ES,Towers with Radar,28,19,12,0,59,0,64,19,0,83,28,83,31,0,142,0,0,0,142
11/24/2012,STT,VI,ASO,ES,Towers with Radar,40,9,11,0,60,0,70,44,1,115,40,79,55,1,175,19,0,19,194
11/25/2012,STT,VI,ASO,ES,Towers with Radar,32,6,11,0,49,0,70,38,0,108,32,76,49,0,157,0,0,0,157
11/26/2012,STT,VI,ASO,ES,Towers with Radar,35,16,7,0,58,0,78,25,0,103,35,94,32,0,161,2,0,2,163
11/27/2012,STT,VI,ASO,ES,Towers with Radar,24,16,9,0,49,0,69,38,0,107,24,85,47,0,156,0,0,0,156
11/28/2012,STT,VI,ASO,ES,Towers with Radar,24,26,5,0,55,0,97,30,0,127,24,123,35,0,182,0,0,0,182
11/29/2012,STT,VI,ASO,ES,Towers with Radar,29,22,5,0,56,0,70,27,0,97,29,92,32,0,153,0,2,2,155
11/30/2012,STT,VI,ASO,ES,Towers with Radar,26,17,7,0,50,0,96,41,0,137,26,113,48,0,187,2,0,2,189
12/01/2012,STT,VI,ASO,ES,Towers with Radar,38,10,9,0,57,0,74,30,0,104,38,84,39,0,161,0,0,0,161
12/02/2012,STT,VI,ASO,ES,Towers with Radar,30,10,12,0,52,0,52,37,0,89,30,62,49,0,141,0,0,0,141
12/03/2012,STT,VI,ASO,ES,Towers with Radar,24,23,9,0,56,0,80,22,0,102,24,103,31,0,158,26,0,26,184
12/04/2012,STT,VI,ASO,ES,Towers with Radar,24,19,4,0,47,0,77,26,0,103,24,96,30,0,150,16,0,16,166
12/05/2012,STT,VI,ASO,ES,Towers with Radar,23,17,6,0,46,0,93,41,0,134,23,110,47,0,180,24,0,24,204
12/06/2012,STT,VI,ASO,ES,Towers with Radar,26,22,6,0,54,0,90,24,0,114,26,112,30,0,168,18,0,18,186
12/07/2012,STT,VI,ASO,ES,Towers with Radar,27,20,8,0,55,0,92,33,0,125,27,112,41,0,180,0,0,0,180
12/08/2012,STT,VI,ASO,ES,Towers with Radar,37,10,8,0,55,0,88,37,0,125,37,98,45,0,180,18,0,18,198
12/09/2012,STT,VI,ASO,ES,Towers with Radar,30,10,6,0,46,0,61,35,0,96,30,71,41,0,142,24,0,24,166
12/10/2012,STT,VI,ASO,ES,Towers with Radar,23,23,4,0,50,0,86,22,1,109,23,109,26,1,159,0,0,0,159
12/11/2012,STT,VI,ASO,ES,Towers with Radar,23,23,5,0,51,0,81,28,0,109,23,104,33,0,160,0,0,0,160
12/12/2012,STT,VI,ASO,ES,Towers with Radar,23,21,10,2,56,0,104,40,0,144,23,125,50,2,200,0,0,0,200
12/13/2012,STT,VI,ASO,ES,Towers with Radar,28,27,23,4,82,0,93,34,0,127,28,120,57,4,209,0,0,0,209
12/14/2012,STT,VI,ASO,ES,Towers with Radar,23,23,7,2,55,0,103,37,1,141,23,126,44,3,196,4,0,4,200
12/15/2012,STT,VI,ASO,ES,Towers with Radar,41,9,5,0,55,0,85,28,1,114,41,94,33,1,169,0,0,0,169
12/16/2012,STT,VI,ASO,ES,Towers with Radar,30,13,10,0,53,0,77,12,0,89,30,90,22,0,142,22,0,22,164
12/17/2012,STT,VI,ASO,ES,Towers with Radar,27,28,5,0,60,0,89,39,0,128,27,117,44,0,188,0,0,0,188
12/18/2012,STT,VI,ASO,ES,Towers with Radar,31,20,17,0,68,0,73,28,0,101,31,93,45,0,169,0,0,0,169
12/19/2012,STT,VI,ASO,ES,Towers with Radar,28,24,4,0,56,0,112,42,0,154,28,136,46,0,210,8,0,8,218
12/20/2012,STT,VI,ASO,ES,Towers with Radar,34,28,7,4,73,0,91,39,1,131,34,119,46,5,204,0,0,0,204
12/21/2012,STT,VI,ASO,ES,Towers with Radar,29,30,36,0,95,0,102,42,0,144,29,132,78,0,239,0,0,0,239
12/22/2012,STT,VI,ASO,ES,Towers with Radar,47,16,39,0,102,0,106,47,0,153,47,122,86,0,255,0,0,0,255
12/23/2012,STT,VI,ASO,ES,Towers with Radar,33,11,16,0,60,0,93,29,0,122,33,104,45,0,182,0,0,0,182
12/24/2012,STT,VI,ASO,ES,Towers with Radar,32,22,8,0,62,0,88,22,0,110,32,110,30,0,172,6,0,6,178
12/25/2012,STT,VI,ASO,ES,Towers with Radar,34,2,10,0,46,0,55,13,0,68,34,57,23,0,114,0,0,0,114
12/26/2012,STT,VI,ASO,ES,Towers with Radar,30,17,29,0,76,0,118,37,0,155,30,135,66,0,231,0,0,0,231
12/27/2012,STT,VI,ASO,ES,Towers with Radar,32,29,40,2,103,0,102,58,0,160,32,131,98,2,263,6,0,6,269
12/28/2012,STT,VI,ASO,ES,Towers with Radar,30,23,27,0,80,0,110,40,0,150,30,133,67,0,230,36,0,36,266
12/29/2012,STT,VI,ASO,ES,Towers with Radar,44,9,29,0,82,0,77,30,0,107,44,86,59,0,189,0,0,0,189
12/30/2012,STT,VI,ASO,ES,Towers with Radar,34,10,13,0,57,0,92,42,0,134,34,102,55,0,191,0,0,0,191
12/31/2012,STT,VI,ASO,ES,Towers with Radar,32,23,12,0,67,0,101,48,0,149,32,124,60,0,216,0,0,0,216
01/01/2013,STT,VI,ASO,ES,Towers with Radar,32,8,22,0,62,0,94,31,1,126,32,102,53,1,188,0,0,0,188
01/02/2013,STT,VI,ASO,ES,Towers with Radar,30,13,24,0,67,0,128,35,0,163,30,141,59,0,230,0,0,0,230
01/03/2013,STT,VI,ASO,ES,Towers with Radar,34,26,22,0,82,0,88,48,0,136,34,114,70,0,218,20,0,20,238
01/04/2013,STT,VI,ASO,ES,Towers with Radar,29,26,21,0,76,0,131,48,0,179,29,157,69,0,255,8,0,8,263
01/05/2013,STT,VI,ASO,ES,Towers with Radar,46,21,36,0,103,0,103,44,0,147,46,124,80,0,250,0,0,0,250
01/06/2013,STT,VI,ASO,ES,Towers with Radar,34,12,25,0,71,0,136,36,0,172,34,148,61,0,243,0,0,0,243
01/07/2013,STT,VI,ASO,ES,Towers with Radar,30,24,13,0,67,0,107,25,0,132,30,131,38,0,199,0,0,0,199
01/08/2013,STT,VI,ASO,ES,Towers with Radar,28,25,12,0,65,0,75,30,0,105,28,100,42,0,170,0,0,0,170
01/09/2013,STT,VI,ASO,ES,Towers with Radar,29,18,11,0,58,0,110,46,1,157,29,128,57,1,215,0,2,2,217
01/10/2013,STT,VI,ASO,ES,Towers with Radar,32,30,19,0,81,0,68,33,1,102,32,98,52,1,183,2,0,2,185
01/11/2013,STT,VI,ASO,ES,Towers with Radar,28,23,9,0,60,0,89,37,2,128,28,112,46,2,188,0,0,0,188
01/12/2013,STT,VI,ASO,ES,Towers with Radar,47,11,12,2,72,0,81,32,2,115,47,92,44,4,187,0,0,0,187
01/13/2013,STT,VI,ASO,ES,Towers with Radar,32,12,6,3,53,0,74,17,2,93,32,86,23,5,146,0,0,0,146
01/14/2013,STT,VI,ASO,ES,Towers with Radar,30,22,18,4,74,0,100,24,0,124,30,122,42,4,198,4,0,4,202
01/15/2013,STT,VI,ASO,ES,Towers with Radar,28,17,16,0,61,0,89,38,0,127,28,106,54,0,188,8,0,8,196
01/16/2013,STT,VI,ASO,ES,Towers with Radar,28,19,12,0,59,0,119,35,0,154,28,138,47,0,213,0,0,0,213
01/17/2013,STT,VI,ASO,ES,Towers with Radar,33,21,8,2,64,0,92,26,2,120,33,113,34,4,184,2,0,2,186
01/18/2013,STT,VI,ASO,ES,Towers with Radar,32,20,38,2,92,0,93,48,0,141,32,113,86,2,233,0,0,0,233
01/19/2013,STT,VI,ASO,ES,Towers with Radar,52,9,13,0,74,0,90,29,0,119,52,99,42,0,193,11,0,11,204
01/20/2013,STT,VI,ASO,ES,Towers with Radar,34,16,15,0,65,0,72,24,0,96,34,88,39,0,161,8,0,8,169
01/21/2013,STT,VI,ASO,ES,Towers with Radar,35,14,19,0,68,0,92,19,0,111,35,106,38,0,179,0,0,0,179
01/22/2013,STT,VI,ASO,ES,Towers with Radar,29,19,7,0,55,0,98,35,0,133,29,117,42,0,188,0,0,0,188
01/23/2013,STT,VI,ASO,ES,Towers with Radar,27,22,10,2,61,0,120,45,0,165,27,142,55,2,226,0,0,0,226
01/24/2013,STT,VI,ASO,ES,Towers with Radar,32,19,6,0,57,0,95,37,5,137,32,114,43,5,194,6,0,6,200
01/25/2013,STT,VI,ASO,ES,Towers with Radar,28,17,5,0,50,0,106,45,0,151,28,123,50,0,201,0,0,0,201
01/26/2013,STT,VI,ASO,ES,Towers with Radar,47,7,17,2,73,0,73,31,2,106,47,80,48,4,179,0,0,0,179
01/27/2013,STT,VI,ASO,ES,Towers with Radar,35,7,9,2,53,0,77,30,0,107,35,84,39,2,160,0,0,0,160
01/28/2013,STT,VI,ASO,ES,Towers with Radar,30,20,9,0,59,0,86,24,0,110,30,106,33,0,169,0,0,0,169
01/29/2013,STT,VI,ASO,ES,Towers with Radar,28,18,8,3,57,0,108,31,0,139,28,126,39,3,196,2,0,2,198
01/30/2013,STT,VI,ASO,ES,Towers with Radar,29,21,11,1,62,0,120,23,0,143,29,141,34,1,205,0,0,0,205
01/31/2013,STT,VI,ASO,ES,Towers with Radar,32,20,9,5,66,0,86,28,0,114,32,106,37,5,180,22,0,22,202
02/01/2013,STT,VI,ASO,ES,Towers with Radar,27,35,6,1,69,0,100,20,1,121,27,135,26,2,190,0,0,0,190
02/02/2013,STT,VI,ASO,ES,Towers with Radar,48,6,17,3,74,0,77,22,1,100,48,83,39,4,174,0,0,0,174
02/03/2013,STT,VI,ASO,ES,Towers with Radar,31,5,4,2,42,0,78,16,0,94,31,83,20,2,136,3,0,3,139
02/04/2013,STT,VI,ASO,ES,Towers with Radar,30,25,10,0,65,0,81,52,0,133,30,106,62,0,198,76,0,76,274
02/05/2013,STT,VI,ASO,ES,Towers with Radar,29,18,5,0,52,0,88,30,0,118,29,106,35,0,170,4,0,4,174
02/06/2013,STT,VI,ASO,ES,Towers with Radar,28,14,6,3,51,0,108,23,1,132,28,122,29,4,183,0,0,0,183
02/07/2013,STT,VI,ASO,ES,Towers with Radar,32,19,7,3,61,0,82,44,0,126,32,101,51,3,187,12,0,12,199
02/08/2013,STT,VI,ASO,ES,Towers with Radar,29,19,21,2,71,0,103,46,0,149,29,122,67,2,220,10,0,10,230
02/09/2013,STT,VI,ASO,ES,Towers with Radar,42,3,13,4,62,0,87,33,0,120,42,90,46,4,182,20,0,20,202
02/10/2013,STT,VI,ASO,ES,Towers with Radar,33,5,3,4,45,0,67,26,0,93,33,72,29,4,138,16,0,16,154
02/11/2013,STT,VI,ASO,ES,Towers with Radar,30,31,0,0,61,0,70,31,0,101,30,101,31,0,162,0,0,0,162
02/12/2013,STT,VI,ASO,ES,Towers with Radar,27,19,8,2,56,0,90,39,1,130,27,109,47,3,186,0,0,0,186
02/13/2013,STT,VI,ASO,ES,Towers with Radar,29,23,9,0,61,0,118,24,0,142,29,141,33,0,203,8,0,8,211
02/14/2013,STT,VI,ASO,ES,Towers with Radar,34,23,9,0,66,0,100,34,5,139,34,123,43,5,205,46,0,46,251
02/15/2013,STT,VI,ASO,ES,Towers with Radar,33,25,21,0,79,0,182,47,1,230,33,207,68,1,309,0,0,0,309
02/16/2013,STT,VI,ASO,ES,Towers with Radar,52,8,19,0,79,0,127,47,0,174,52,135,66,0,253,0,0,0,253
02/17/2013,STT,VI,ASO,ES,Towers with Radar,38,8,8,0,54,0,93,67,0,160,38,101,75,0,214,2,0,2,216
02/18/2013,STT,VI,ASO,ES,Towers with Radar,34,13,11,2,60,0,164,42,1,207,34,177,53,3,267,4,0,4,271
02/19/2013,STT,VI,ASO,ES,Towers with Radar,30,25,21,0,76,0,106,49,0,155,30,131,70,0,231,16,0,16,247
02/20/2013,STT,VI,ASO,ES,Towers with Radar,29,19,24,0,72,0,125,29,0,154,29,144,53,0,226,30,0,30,256
02/21/2013,STT,VI,ASO,ES,Towers with Radar,35,12,10,0,57,0,102,36,2,140,35,114,46,2,197,4,0,4,201
02/22/2013,STT,VI,ASO,ES,Towers with Radar,33,22,14,0,69,0,119,49,4,172,33,141,63,4,241,8,0,8,249
02/23/2013,STT,VI,ASO,ES,Towers with Radar,52,11,14,0,77,0,97,34,3,134,52,108,48,3,211,10,2,12,223
02/24/2013,STT,VI,ASO,ES,Towers with Radar,38,13,10,2,63,0,83,17,0,100,38,96,27,2,163,10,0,10,173
02/25/2013,STT,VI,ASO,ES,Towers with Radar,34,18,10,0,62,0,96,31,0,127,34,114,41,0,189,59,0,59,248
02/26/2013,STT,VI,ASO,ES,Towers with Radar,29,20,9,0,58,0,98,40,0,138,29,118,49,0,196,28,0,28,224
02/27/2013,STT,VI,ASO,ES,Towers with Radar,31,16,9,0,56,0,120,32,0,152,31,136,41,0,208,0,0,0,208
02/28/2013,STT,VI,ASO,ES,Towers with Radar,33,21,13,0,67,0,95,41,8,144,33,116,54,8,211,8,0,8,219
03/01/2013,STT,VI,ASO,ES,Towers with Radar,32,18,12,0,62,0,108,47,0,155,32,126,59,0,217,0,0,0,217
03/02/2013,STT,VI,ASO,ES,Towers with Radar,50,6,13,3,72,0,81,30,0,111,50,87,43,3,183,12,0,12,195
03/03/2013,STT,VI,ASO,ES,Towers with Radar,37,11,19,0,67,0,80,28,0,108,37,91,47,0,175,0,0,0,175
03/04/2013,STT,VI,ASO,ES,Towers with Radar,36,25,8,0,69,0,92,33,0,125,36,117,41,0,194,20,0,20,214
03/05/2013,STT,VI,ASO,ES,Towers with Radar,21,38,16,0,75,0,59,23,0,82,21,97,39,0,157,0,0,0,157
03/06/2013,STT,VI,ASO,ES,Towers with Radar,29,17,21,0,67,0,121,51,0,172,29,138,72,0,239,20,0,20,259
03/07/2013,STT,VI,ASO,ES,Towers with Radar,34,19,10,0,63,0,103,42,0,145,34,122,52,0,208,49,0,49,257
03/08/2013,STT,VI,ASO,ES,Towers with Radar,32,17,11,0,60,0,108,35,2,145,32,125,46,2,205,0,0,0,205
03/09/2013,STT,VI,ASO,ES,Towers with Radar,53,14,19,0,86,0,92,24,0,116,53,106,43,0,202,18,0,18,220
03/10/2013,STT,VI,ASO,ES,Towers with Radar,38,11,15,0,64,0,87,19,0,106,38,98,34,0,170,6,0,6,176
03/11/2013,STT,VI,ASO,ES,Towers with Radar,34,26,10,0,70,0,98,31,0,129,34,124,41,0,199,0,0,0,199
03/12/2013,STT,VI,ASO,ES,Towers with Radar,23,33,7,0,63,0,91,37,0,128,23,124,44,0,191,17,0,17,208
03/13/2013,STT,VI,ASO,ES,Towers with Radar,25,19,5,0,49,0,110,45,0,155,25,129,50,0,204,24,0,24,228
03/14/2013,STT,VI,ASO,ES,Towers with Radar,34,21,6,0,61,14,82,28,0,124,48,103,34,0,185,37,0,37,222
03/15/2013,STT,VI,ASO,ES,Towers with Radar,32,23,16,0,71,0,116,34,0,150,32,139,50,0,221,16,0,16,237
03/16/2013,STT,VI,ASO,ES,Towers with Radar,53,8,28,0,89,0,114,32,0,146,53,122,60,0,235,0,0,0,235
03/17/2013,STT,VI,ASO,ES,Towers with Radar,40,6,20,0,66,0,93,28,0,121,40,99,48,0,187,0,0,0,187
03/18/2013,STT,VI,ASO,ES,Towers with Radar,33,41,14,0,88,0,95,27,2,124,33,136,41,2,212,0,0,0,212
03/19/2013,STT,VI,ASO,ES,Towers with Radar,20,27,9,0,56,0,91,47,0,138,20,118,56,0,194,14,0,14,208
03/20/2013,STT,VI,ASO,ES,Towers with Radar,29,23,8,6,66,0,108,47,1,156,29,131,55,7,222,58,0,58,280
03/21/2013,STT,VI,ASO,ES,Towers with Radar,33,22,13,0,68,0,95,44,2,141,33,117,57,2,209,22,0,22,231
03/22/2013,STT,VI,ASO,ES,Towers with Radar,30,25,15,2,72,0,109,44,0,153,30,134,59,2,225,0,0,0,225
03/23/2013,STT,VI,ASO,ES,Towers with Radar,50,18,28,0,96,0,100,44,0,144,50,118,72,0,240,0,0,0,240
03/24/2013,STT,VI,ASO,ES,Towers with Radar,39,9,27,2,77,0,96,35,0,131,39,105,62,2,208,2,0,2,210
03/25/2013,STT,VI,ASO,ES,Towers with Radar,33,22,6,0,61,0,107,48,0,155,33,129,54,0,216,0,0,0,216
03/26/2013,STT,VI,ASO,ES,Towers with Radar,23,23,11,0,57,0,105,34,1,140,23,128,45,1,197,16,0,16,213
03/27/2013,STT,VI,ASO,ES,Towers with Radar,28,30,11,0,69,0,112,39,0,151,28,142,50,0,220,4,0,4,224
03/28/2013,STT,VI,ASO,ES,Towers with Radar,33,30,14,0,77,0,95,51,0,146,33,125,65,0,223,4,0,4,227
03/29/2013,STT,VI,ASO,ES,Towers with Radar,33,25,15,0,73,0,84,25,0,109,33,109,40,0,182,0,0,0,182
03/30/2013,STT,VI,ASO,ES,Towers with Radar,47,24,25,0,96,0,94,30,0,124,47,118,55,0,220,0,0,0,220
03/31/2013,STT,VI,ASO,ES,Towers with Radar,36,33,18,0,87,0,69,28,0,97,36,102,46,0,184,0,0,0,184
04/01/2013,STT,VI,ASO,ES,Towers with Radar,28,37,15,0,80,0,116,34,0,150,28,153,49,0,230,10,0,10,240
04/02/2013,STT,VI,ASO,ES,Towers with Radar,19,26,10,1,56,0,91,35,0,126,19,117,45,1,182,20,0,20,202
04/03/2013,STT,VI,ASO,ES,Towers with Radar,23,24,9,0,56,0,96,45,0,141,23,120,54,0,197,36,0,36,233
04/04/2013,STT,VI,ASO,ES,Towers with Radar,30,26,11,1,68,0,88,33,0,121,30,114,44,1,189,6,0,6,195
04/05/2013,STT,VI,ASO,ES,Towers with Radar,28,30,10,0,68,0,103,37,0,140,28,133,47,0,208,0,0,0,208
04/06/2013,STT,VI,ASO,ES,Towers with Radar,44,13,22,0,79,0,123,19,0,142,44,136,41,0,221,2,0,2,223
04/07/2013,STT,VI,ASO,ES,Towers with Radar,32,12,16,0,60,0,100,30,0,130,32,112,46,0,190,4,0,4,194
04/08/2013,STT,VI,ASO,ES,Towers with Radar,28,26,19,2,75,0,86,14,0,100,28,112,33,2,175,0,0,0,175
04/09/2013,STT,VI,ASO,ES,Towers with Radar,22,32,8,4,66,0,81,38,0,119,22,113,46,4,185,0,0,0,185
04/10/2013,STT,VI,ASO,ES,Towers with Radar,21,25,8,1,55,0,93,36,4,133,21,118,44,5,188,4,0,4,192
04/11/2013,STT,VI,ASO,ES,Towers with Radar,26,24,3,3,56,0,96,27,4,127,26,120,30,7,183,9,2,11,194
04/12/2013,STT,VI,ASO,ES,Towers with Radar,24,19,10,4,57,0,115,29,1,145,24,134,39,5,202,2,0,2,204
04/13/2013,STT,VI,ASO,ES,Towers with Radar,45,14,9,0,68,0,80,26,0,106,45,94,35,0,174,0,0,0,174
04/14/2013,STT,VI,ASO,ES,Towers with Radar,28,11,8,0,47,0,86,24,0,110,28,97,32,0,157,0,0,0,157
04/15/2013,STT,VI,ASO,ES,Towers with Radar,26,36,3,4,69,0,90,27,0,117,26,126,30,4,186,10,0,10,196
04/16/2013,STT,VI,ASO,ES,Towers with Radar,17,26,4,0,47,0,93,31,0,124,17,119,35,0,171,14,0,14,185
04/17/2013,STT,VI,ASO,ES,Towers with Radar,20,31,12,0,63,0,97,32,0,129,20,128,44,0,192,12,0,12,204
04/18/2013,STT,VI,ASO,ES,Towers with Radar,26,30,32,3,91,0,99,43,1,143,26,129,75,4,234,7,0,7,241
04/19/2013,STT,VI,ASO,ES,Towers with Radar,25,33,8,2,68,0,99,36,0,135,25,132,44,2,203,2,0,2,205
04/20/2013,STT,VI,ASO,ES,Towers with Radar,43,16,11,0,70,0,98,32,0,130,43,114,43,0,200,0,0,0,200
04/21/2013,STT,VI,ASO,ES,Towers with Radar,28,10,10,0,48,0,96,27,2,125,28,106,37,2,173,4,0,4,177
04/22/2013,STT,VI,ASO,ES,Towers with Radar,26,26,12,0,64,0,121,32,0,153,26,147,44,0,217,10,0,10,227
04/23/2013,STT,VI,ASO,ES,Towers with Radar,20,25,6,0,51,0,100,25,0,125,20,125,31,0,176,10,0,10,186
04/24/2013,STT,VI,ASO,ES,Towers with Radar,20,26,6,0,52,0,113,23,0,136,20,139,29,0,188,0,0,0,188
04/25/2013,STT,VI,ASO,ES,Towers with Radar,26,27,2,0,55,0,101,27,0,128,26,128,29,0,183,2,0,2,185
04/26/2013,STT,VI,ASO,ES,Towers with Radar,24,20,2,0,46,0,108,42,0,150,24,128,44,0,196,2,0,2,198
04/27/2013,STT,VI,ASO,ES,Towers with Radar,41,13,5,0,59,0,105,19,0,124,41,118,24,0,183,0,0,0,183
04/28/2013,STT,VI,ASO,ES,Towers with Radar,28,12,4,0,44,0,142,23,2,167,28,154,27,2,211,0,0,0,211
04/29/2013,STT,VI,ASO,ES,Towers with Radar,27,30,1,0,58,0,151,20,0,171,27,181,21,0,229,29,0,29,258
04/30/2013,STT,VI,ASO,ES,Towers with Radar,23,35,3,2,63,0,122,24,0,146,23,157,27,2,209,4,0,4,213
05/01/2013,STT,VI,ASO,ES,Towers with Radar,22,24,5,1,52,0,100,33,0,133,22,124,38,1,185,28,0,28,213
05/02/2013,STT,VI,ASO,ES,Towers with Radar,24,42,12,0,78,0,79,18,0,97,24,121,30,0,175,36,0,36,211
05/03/2013,STT,VI,ASO,ES,Towers with Radar,22,26,17,0,65,0,87,20,0,107,22,113,37,0,172,15,0,15,187
05/04/2013,STT,VI,ASO,ES,Towers with Radar,36,14,2,0,52,0,73,22,0,95,36,87,24,0,147,22,0,22,169
05/05/2013,STT,VI,ASO,ES,Towers with Radar,26,12,6,0,44,0,70,20,0,90,26,82,26,0,134,40,0,40,174
05/06/2013,STT,VI,ASO,ES,Towers with Radar,19,32,5,0,56,0,87,22,0,109,19,119,27,0,165,36,0,36,201
05/07/2013,STT,VI,ASO,ES,Towers with Radar,18,23,4,0,45,0,79,33,0,112,18,102,37,0,157,24,0,24,181
05/08/2013,STT,VI,ASO,ES,Towers with Radar,18,33,12,4,67,0,80,22,0,102,18,113,34,4,169,2,0,2,171
05/09/2013,STT,VI,ASO,ES,Towers with Radar,22,47,6,0,75,0,68,12,0,80,22,115,18,0,155,0,0,0,155
05/10/2013,STT,VI,ASO,ES,Towers with Radar,22,31,6,0,59,0,90,17,6,113,22,121,23,6,172,0,0,0,172
05/11/2013,STT,VI,ASO,ES,Towers with Radar,34,14,3,0,51,0,97,12,0,109,34,111,15,0,160,1,0,1,161
05/12/2013,STT,VI,ASO,ES,Towers with Radar,26,12,2,0,40,0,65,23,0,88,26,77,25,0,128,0,0,0,128
05/13/2013,STT,VI,ASO,ES,Towers with Radar,20,23,3,0,46,0,119,11,0,130,20,142,14,0,176,0,0,0,176
05/14/2013,STT,VI,ASO,ES,Towers with Radar,18,21,7,0,46,0,78,29,0,107,18,99,36,0,153,18,0,18,171
05/15/2013,STT,VI,ASO,ES,Towers with Radar,17,37,5,0,59,0,72,20,0,92,17,109,25,0,151,27,0,27,178
05/16/2013,STT,VI,ASO,ES,Towers with Radar,26,20,10,0,56,0,73,26,0,99,26,93,36,0,155,34,0,34,189
05/17/2013,STT,VI,ASO,ES,Towers with Radar,22,24,10,0,56,0,83,24,0,107,22,107,34,0,163,8,0,8,171
05/18/2013,STT,VI,ASO,ES,Towers with Radar,35,12,1,0,48,0,101,22,0,123,35,113,23,0,171,0,0,0,171
05/19/2013,STT,VI,ASO,ES,Towers with Radar,26,8,2,0,36,0,75,13,0,88,26,83,15,0,124,13,0,13,137
05/20/2013,STT,VI,ASO,ES,Towers with Radar,20,26,2,0,48,0,103,20,0,123,20,129,22,0,171,11,0,11,182
05/21/2013,STT,VI,ASO,ES,Towers with Radar,18,22,7,0,47,0,81,13,0,94,18,103,20,0,141,18,0,18,159
05/22/2013,STT,VI,ASO,ES,Towers with Radar,18,37,16,0,71,0,70,26,0,96,18,107,42,0,167,0,0,0,167
05/23/2013,STT,VI,ASO,ES,Towers with Radar,22,18,5,0,45,0,87,27,1,115,22,105,32,1,160,2,2,4,164
05/24/2013,STT,VI,ASO,ES,Towers with Radar,20,39,13,4,76,0,86,28,3,117,20,125,41,7,193,4,0,4,197
05/25/2013,STT,VI,ASO,ES,Towers with Radar,37,27,3,1,68,0,63,15,0,78,37,90,18,1,146,0,0,0,146
05/26/2013,STT,VI,ASO,ES,Towers with Radar,28,16,3,0,47,0,48,5,0,53,28,64,8,0,100,0,0,0,100
05/27/2013,STT,VI,ASO,ES,Towers with Radar,20,23,9,0,52,0,74,28,1,103,20,97,37,1,155,2,0,2,157
05/28/2013,STT,VI,ASO,ES,Towers with Radar,18,26,5,1,50,0,91,30,2,123,18,117,35,3,173,15,0,15,188
05/29/2013,STT,VI,ASO,ES,Towers with Radar,18,29,13,7,67,0,88,36,2,126,18,117,49,9,193,48,0,48,241
05/30/2013,STT,VI,ASO,ES,Towers with Radar,21,23,5,0,49,0,72,26,0,98,21,95,31,0,147,12,0,12,159
05/31/2013,STT,VI,ASO,ES,Towers with Radar,22,39,19,0,80,0,81,23,0,104,22,120,42,0,184,0,0,0,184
06/01/2013,STT,VI,ASO,ES,Towers with Radar,32,16,8,2,58,0,61,23,1,85,32,77,31,3,143,0,0,0,143
06/02/2013,STT,VI,ASO,ES,Towers with Radar,28,10,5,0,43,0,63,29,0,92,28,73,34,0,135,4,0,4,139
06/03/2013,STT,VI,ASO,ES,Towers with Radar,21,27,17,0,65,0,89,28,0,117,21,116,45,0,182,24,0,24,206
06/04/2013,STT,VI,ASO,ES,Towers with Radar,19,36,8,1,64,0,76,20,0,96,19,112,28,1,160,0,0,0,160
06/05/2013,STT,VI,ASO,ES,Towers with Radar,18,24,6,2,50,0,81,28,5,114,18,105,34,7,164,18,0,18,182
06/06/2013,STT,VI,ASO,ES,Towers with Radar,20,26,2,0,48,0,76,20,4,100,20,102,22,4,148,68,0,68,216
06/07/2013,STT,VI,ASO,ES,Towers with Radar,20,25,1,0,46,0,91,35,3,129,20,116,36,3,175,0,2,2,177
06/08/2013,STT,VI,ASO,ES,Towers with Radar,30,15,6,0,51,0,63,36,0,99,30,78,42,0,150,0,0,0,150
06/09/2013,STT,VI,ASO,ES,Towers with Radar,26,10,2,0,38,0,77,20,4,101,26,87,22,4,139,10,0,10,149
06/10/2013,STT,VI,ASO,ES,Towers with Radar,20,26,9,0,55,0,100,18,0,118,20,126,27,0,173,6,0,6,179
06/11/2013,STT,VI,ASO,ES,Towers with Radar,21,29,10,1,61,0,74,37,0,111,21,103,47,1,172,6,0,6,178
06/12/2013,STT,VI,ASO,ES,Towers with Radar,20,39,9,0,68,0,85,19,0,104,20,124,28,0,172,8,0,8,180
06/13/2013,STT,VI,ASO,ES,Towers with Radar,20,22,4,0,46,0,83,20,1,104,20,105,24,1,150,0,0,0,150
06/14/2013,STT,VI,ASO,ES,Towers with Radar,20,27,8,4,59,0,89,26,0,115,20,116,34,4,174,14,0,14,188
06/15/2013,STT,VI,ASO,ES,Towers with Radar,33,19,8,2,62,0,64,34,4,102,33,83,42,6,164,4,0,4,168
06/16/2013,STT,VI,ASO,ES,Towers with Radar,26,14,3,0,43,0,62,17,1,80,26,76,20,1,123,22,0,22,145
06/17/2013,STT,VI,ASO,ES,Towers with Radar,21,29,12,0,62,0,85,38,0,123,21,114,50,0,185,6,0,6,191
06/18/2013,STT,VI,ASO,ES,Towers with Radar,20,24,12,0,56,0,76,24,0,100,20,100,36,0,156,18,0,18,174
06/19/2013,STT,VI,ASO,ES,Towers with Radar,19,40,9,0,68,0,49,13,3,65,19,89,22,3,133,0,0,0,133
06/20/2013,STT,VI,ASO,ES,Towers with Radar,20,25,8,0,53,0,78,20,0,98,20,103,28,0,151,8,0,8,159
06/21/2013,STT,VI,ASO,ES,Towers with Radar,20,27,11,0,58,0,86,32,0,118,20,113,43,0,176,20,0,20,196
06/22/2013,STT,VI,ASO,ES,Towers with Radar,32,19,5,2,58,0,65,15,0,80,32,84,20,2,138,0,0,0,138
06/23/2013,STT,VI,ASO,ES,Towers with Radar,26,15,10,0,51,0,81,31,0,112,26,96,41,0,163,0,0,0,163
06/24/2013,STT,VI,ASO,ES,Towers with Radar,20,26,7,0,53,0,84,29,1,114,20,110,36,1,167,10,0,10,177
06/25/2013,STT,VI,ASO,ES,Towers with Radar,20,32,6,1,59,0,67,20,0,87,20,99,26,1,146,0,0,0,146
06/26/2013,STT,VI,ASO,ES,Towers with Radar,20,38,12,0,70,0,83,9,2,94,20,121,21,2,164,0,0,0,164
06/27/2013,STT,VI,ASO,ES,Towers with Radar,20,27,15,0,62,0,70,12,0,82,20,97,27,0,144,2,0,2,146
06/28/2013,STT,VI,ASO,ES,Towers with Radar,21,22,9,0,52,0,102,31,0,133,21,124,40,0,185,4,0,4,189
06/29/2013,STT,VI,ASO,ES,Towers with Radar,32,12,12,0,56,0,82,14,0,96,32,94,26,0,152,0,0,0,152
06/30/2013,STT,VI,ASO,ES,Towers with Radar,26,10,4,0,40,0,69,30,0,99,26,79,34,0,139,22,0,22,161
07/01/2013,STT,VI,ASO,ES,Towers with Radar,20,23,10,4,57,0,80,19,2,101,20,103,29,6,158,44,0,44,202
07/02/2013,STT,VI,ASO,ES,Towers with Radar,20,23,13,0,56,0,99,23,0,122,20,122,36,0,178,16,0,16,194
07/03/2013,STT,VI,ASO,ES,Towers with Radar,20,26,10,0,56,0,69,26,0,95,20,95,36,0,151,12,0,12,163
07/04/2013,STT,VI,ASO,ES,Towers with Radar,20,6,3,0,29,0,75,10,0,85,20,81,13,0,114,0,0,0,114
07/05/2013,STT,VI,ASO,ES,Towers with Radar,20,27,2,0,49,0,93,14,0,107,20,120,16,0,156,0,0,0,156
07/06/2013,STT,VI,ASO,ES,Towers with Radar,32,14,2,0,48,0,74,13,0,87,32,88,15,0,135,12,0,12,147
07/07/2013,STT,VI,ASO,ES,Towers with Radar,26,12,18,0,56,0,83,21,0,104,26,95,39,0,160,6,0,6,166
07/08/2013,STT,VI,ASO,ES,Towers with Radar,20,23,4,0,47,0,93,14,0,107,20,116,18,0,154,4,0,4,158
07/09/2013,STT,VI,ASO,ES,Towers with Radar,21,23,12,0,56,0,75,19,0,94,21,98,31,0,150,24,0,24,174
07/10/2013,STT,VI,ASO,ES,Towers with Radar,20,34,3,0,57,0,62,16,1,79,20,96,19,1,136,32,0,32,168
07/11/2013,STT,VI,ASO,ES,Towers with Radar,20,30,5,1,56,0,93,29,3,125,20,123,34,4,181,42,0,42,223
07/12/2013,STT,VI,ASO,ES,Towers with Radar,20,25,4,2,51,0,105,32,22,159,20,130,36,24,210,22,0,22,232
07/13/2013,STT,VI,ASO,ES,Towers with Radar,32,24,5,0,61,0,73,21,2,96,32,97,26,2,157,0,0,0,157
07/14/2013,STT,VI,ASO,ES,Towers with Radar,26,17,2,0,45,0,75,20,0,95,26,92,22,0,140,6,0,6,146
07/15/2013,STT,VI,ASO,ES,Towers with Radar,21,16,3,0,40,0,103,26,0,129,21,119,29,0,169,6,0,6,175
07/16/2013,STT,VI,ASO,ES,Towers with Radar,19,19,6,0,44,0,87,22,0,109,19,106,28,0,153,0,0,0,153
07/17/2013,STT,VI,ASO,ES,Towers with Radar,20,18,7,0,45,0,85,74,2,161,20,103,81,2,206,38,0,38,244
07/18/2013,STT,VI,ASO,ES,Towers with Radar,32,28,9,0,69,0,55,17,0,72,32,83,26,0,141,12,0,12,153
07/19/2013,STT,VI,ASO,ES,Towers with Radar,20,27,6,0,53,0,95,29,8,132,20,122,35,8,185,0,0,0,185
07/20/2013,STT,VI,ASO,ES,Towers with Radar,32,13,4,0,49,0,86,19,0,105,32,99,23,0,154,0,0,0,154
07/21/2013,STT,VI,ASO,ES,Towers with Radar,26,8,2,0,36,0,71,12,0,83,26,79,14,0,119,0,0,0,119
07/22/2013,STT,VI,ASO,ES,Towers with Radar,22,25,9,0,56,0,78,16,0,94,22,103,25,0,150,0,0,0,150
07/23/2013,STT,VI,ASO,ES,Towers with Radar,19,32,6,0,57,0,103,33,0,136,19,135,39,0,193,2,0,2,195
07/24/2013,STT,VI,ASO,ES,Towers with Radar,21,20,3,0,44,0,84,34,4,122,21,104,37,4,166,0,0,0,166
07/25/2013,STT,VI,ASO,ES,Towers with Radar,18,18,11,0,47,0,82,38,0,120,18,100,49,0,167,14,0,14,181
07/26/2013,STT,VI,ASO,ES,Towers with Radar,20,21,7,0,48,0,104,25,2,131,20,125,32,2,179,4,0,4,183
07/27/2013,STT,VI,ASO,ES,Towers with Radar,32,10,4,0,46,0,83,20,0,103,32,93,24,0,149,0,0,0,149
07/28/2013,STT,VI,ASO,ES,Towers with Radar,27,12,7,0,46,0,68,21,0,89,27,80,28,0,135,0,0,0,135
07/29/2013,STT,VI,ASO,ES,Towers with Radar,21,19,3,0,43,0,77,21,2,100,21,96,24,2,143,8,0,8,151
07/30/2013,STT,VI,ASO,ES,Towers with Radar,20,19,9,1,49,0,82,28,1,111,20,101,37,2,160,0,0,0,160
07/31/2013,STT,VI,ASO,ES,Towers with Radar,21,19,6,2,48,0,73,27,4,104,21,92,33,6,152,4,0,4,156
08/01/2013,STT,VI,ASO,ES,Towers with Radar,21,24,11,0,56,0,83,24,0,107,21,107,35,0,163,4,0,4,167
08/02/2013,STT,VI,ASO,ES,Towers with Radar,20,20,7,0,47,0,91,34,2,127,20,111,41,2,174,0,0,0,174
08/03/2013,STT,VI,ASO,ES,Towers with Radar,32,9,5,2,48,0,61,11,0,72,32,70,16,2,120,0,0,0,120
08/04/2013,STT,VI,ASO,ES,Towers with Radar,28,8,6,0,42,0,63,23,0,86,28,71,29,0,128,0,0,0,128
08/05/2013,STT,VI,ASO,ES,Towers with Radar,20,22,8,0,50,0,86,19,0,105,20,108,27,0,155,17,0,17,172
08/06/2013,STT,VI,ASO,ES,Towers with Radar,20,20,11,0,51,0,67,23,0,90,20,87,34,0,141,24,0,24,165
08/07/2013,STT,VI,ASO,ES,Towers with Radar,21,16,6,0,43,0,94,23,0,117,21,110,29,0,160,19,0,19,179
08/08/2013,STT,VI,ASO,ES,Towers with Radar,21,20,5,0,46,0,63,33,0,96,21,83,38,0,142,16,0,16,158
08/09/2013,STT,VI,ASO,ES,Towers with Radar,20,25,8,2,55,0,75,33,2,110,20,100,41,4,165,0,0,0,165
08/10/2013,STT,VI,ASO,ES,Towers with Radar,33,10,8,0,51,0,65,10,0,75,33,75,18,0,126,0,0,0,126
08/11/2013,STT,VI,ASO,ES,Towers with Radar,26,10,9,0,45,0,66,24,0,90,26,76,33,0,135,0,0,0,135
08/12/2013,STT,VI,ASO,ES,Towers with Radar,21,23,8,0,52,0,93,32,0,125,21,116,40,0,177,30,0,30,207
08/13/2013,STT,VI,ASO,ES,Towers with Radar,20,21,15,1,57,0,69,34,1,104,20,90,49,2,161,19,0,19,180
08/14/2013,STT,VI,ASO,ES,Towers with Radar,22,19,12,11,64,0,82,26,5,113,22,101,38,16,177,6,2,8,185
08/15/2013,STT,VI,ASO,ES,Towers with Radar,19,18,7,4,48,0,72,20,2,94,19,90,27,6,142,34,2,36,178
08/16/2013,STT,VI,ASO,ES,Towers with Radar,21,17,14,0,52,0,93,31,0,124,21,110,45,0,176,14,0,14,190
08/17/2013,STT,VI,ASO,ES,Towers with Radar,29,11,12,1,53,0,77,24,0,101,29,88,36,1,154,0,2,2,156
08/18/2013,STT,VI,ASO,ES,Towers with Radar,23,16,10,0,49,0,57,15,0,72,23,73,25,0,121,0,0,0,121
08/19/2013,STT,VI,ASO,ES,Towers with Radar,21,22,6,2,51,0,88,23,2,113,21,110,29,4,164,9,0,9,173
08/20/2013,STT,VI,ASO,ES,Towers with Radar,16,18,5,1,40,0,81,24,6,111,16,99,29,7,151,6,0,6,157
08/21/2013,STT,VI,ASO,ES,Towers with Radar,17,20,5,0,42,0,87,36,0,123,17,107,41,0,165,6,0,6,171
08/22/2013,STT,VI,ASO,ES,Towers with Radar,23,23,8,0,54,0,72,16,0,88,23,95,24,0,142,6,0,6,148
08/23/2013,STT,VI,ASO,ES,Towers with Radar,18,19,13,0,50,0,80,21,0,101,18,99,34,0,151,0,0,0,151
08/24/2013,STT,VI,ASO,ES,Towers with Radar,27,4,5,0,36,0,55,13,0,68,27,59,18,0,104,0,0,0,104
08/25/2013,STT,VI,ASO,ES,Towers with Radar,20,10,5,2,37,0,53,12,0,65,20,63,17,2,102,6,0,6,108
08/26/2013,STT,VI,ASO,ES,Towers with Radar,18,18,5,0,41,0,72,30,4,106,18,90,35,4,147,68,0,68,215
08/27/2013,STT,VI,ASO,ES,Towers with Radar,12,17,7,0,36,0,79,35,8,122,12,96,42,8,158,46,0,46,204
08/28/2013,STT,VI,ASO,ES,Towers with Radar,12,18,12,0,42,0,91,22,10,123,12,109,34,10,165,32,0,32,197
08/29/2013,STT,VI,ASO,ES,Towers with Radar,14,28,8,0,50,0,85,43,4,132,14,113,51,4,182,34,1,35,217
08/30/2013,STT,VI,ASO,ES,Towers with Radar,13,18,13,0,44,0,88,37,7,132,13,106,50,7,176,0,0,0,176
08/31/2013,STT,VI,ASO,ES,Towers with Radar,20,6,7,0,33,2,61,10,3,76,22,67,17,3,109,2,0,2,111
09/01/2013,STT,VI,ASO,ES,Towers with Radar,18,10,4,0,32,0,50,17,0,67,18,60,21,0,99,0,0,0,99
09/02/2013,STT,VI,ASO,ES,Towers with Radar,14,13,7,2,36,0,81,22,0,103,14,94,29,2,139,0,0,0,139
09/03/2013,STT,VI,ASO,ES,Towers with Radar,12,15,14,0,41,0,78,20,0,98,12,93,34,0,139,10,0,10,149
09/04/2013,STT,VI,ASO,ES,Towers with Radar,9,24,12,0,45,0,40,8,0,48,9,64,20,0,93,0,0,0,93
09/05/2013,STT,VI,ASO,ES,Towers with Radar,10,24,10,0,44,0,36,6,0,42,10,60,16,0,86,41,0,41,127
09/06/2013,STT,VI,ASO,ES,Towers with Radar,10,26,6,0,42,0,63,15,2,80,10,89,21,2,122,34,0,34,156
09/07/2013,STT,VI,ASO,ES,Towers with Radar,18,14,7,0,39,0,48,14,0,62,18,62,21,0,101,0,0,0,101
09/08/2013,STT,VI,ASO,ES,Towers with Radar,14,10,5,2,31,0,49,6,0,55,14,59,11,2,86,0,0,0,86
09/09/2013,STT,VI,ASO,ES,Towers with Radar,10,21,2,1,34,0,76,18,1,95,10,97,20,2,129,2,0,2,131
09/10/2013,STT,VI,ASO,ES,Towers with Radar,11,25,7,0,43,0,72,30,8,110,11,97,37,8,153,34,0,34,187
09/11/2013,STT,VI,ASO,ES,Towers with Radar,11,21,6,0,38,0,83,39,2,124,11,104,45,2,162,2,0,2,164
09/12/2013,STT,VI,ASO,ES,Towers with Radar,10,22,3,1,36,0,68,18,5,91,10,90,21,6,127,0,4,4,131
09/13/2013,STT,VI,ASO,ES,Towers with Radar,10,20,8,0,38,0,82,21,0,103,10,102,29,0,141,17,0,17,158
09/14/2013,STT,VI,ASO,ES,Towers with Radar,20,14,6,0,40,0,66,22,0,88,20,80,28,0,128,2,0,2,130
09/15/2013,STT,VI,ASO,ES,Towers with Radar,14,8,6,0,28,0,68,10,0,78,14,76,16,0,106,0,0,0,106
09/16/2013,STT,VI,ASO,ES,Towers with Radar,10,21,9,0,40,0,67,29,0,96,10,88,38,0,136,0,0,0,136
09/17/2013,STT,VI,ASO,ES,Towers with Radar,9,32,4,6,51,0,90,21,0,111,9,122,25,6,162,8,2,10,172
09/18/2013,STT,VI,ASO,ES,Towers with Radar,10,18,15,0,43,0,81,22,0,103,10,99,37,0,146,14,0,14,160
09/19/2013,STT,VI,ASO,ES,Towers with Radar,10,26,4,1,41,0,66,20,0,86,10,92,24,1,127,0,0,0,127
09/20/2013,STT,VI,ASO,ES,Towers with Radar,11,20,4,2,37,0,72,18,0,90,11,92,22,2,127,5,0,5,132
09/21/2013,STT,VI,ASO,ES,Towers with Radar,18,7,6,0,31,0,61,13,0,74,18,68,19,0,105,0,0,0,105
09/22/2013,STT,VI,ASO,ES,Towers with Radar,14,9,3,0,26,0,66,17,0,83,14,75,20,0,109,0,0,0,109
09/23/2013,STT,VI,ASO,ES,Towers with Radar,10,18,2,0,30,0,64,22,0,86,10,82,24,0,116,2,0,2,118
09/24/2013,STT,VI,ASO,ES,Towers with Radar,9,21,9,0,39,0,61,26,0,87,9,82,35,0,126,8,0,8,134
09/25/2013,STT,VI,ASO,ES,Towers with Radar,10,14,1,0,25,0,71,40,0,111,10,85,41,0,136,20,0,20,156
09/26/2013,STT,VI,ASO,ES,Towers with Radar,10,20,3,0,33,0,64,29,0,93,10,84,32,0,126,20,0,20,146
09/27/2013,STT,VI,ASO,ES,Towers with Radar,10,17,3,0,30,0,82,20,0,102,10,99,23,0,132,8,0,8,140
09/28/2013,STT,VI,ASO,ES,Towers with Radar,21,8,0,0,29,0,54,22,0,76,21,62,22,0,105,16,0,16,121
09/29/2013,STT,VI,ASO,ES,Towers with Radar,15,19,6,0,40,0,52,16,0,68,15,71,22,0,108,0,0,0,108
09/30/2013,STT,VI,ASO,ES,Towers with Radar,9,24,5,0,38,0,62,22,3,87,9,86,27,3,125,23,0,23,148
10/01/2013,STT,VI,ASO,ES,Towers with Radar,10,20,2,0,32,0,62,31,0,93,10,82,33,0,125,0,0,0,125
10/02/2013,STT,VI,ASO,ES,Towers with Radar,10,19,7,0,36,0,59,28,0,87,10,78,35,0,123,6,0,6,129
10/03/2013,STT,VI,ASO,ES,Towers with Radar,12,19,4,0,35,0,72,35,0,107,12,91,39,0,142,0,0,0,142
10/04/2013,STT,VI,ASO,ES,Towers with Radar,12,17,0,0,29,0,76,33,0,109,12,93,33,0,138,2,0,2,140
10/05/2013,STT,VI,ASO,ES,Towers with Radar,24,8,2,0,34,0,55,17,0,72,24,63,19,0,106,17,0,17,123
10/06/2013,STT,VI,ASO,ES,Towers with Radar,18,9,3,0,30,0,47,10,0,57,18,56,13,0,87,2,0,2,89
10/07/2013,STT,VI,ASO,ES,Towers with Radar,13,21,6,0,40,0,68,25,2,95,13,89,31,2,135,2,0,2,137
10/08/2013,STT,VI,ASO,ES,Towers with Radar,11,25,4,0,40,0,57,21,1,79,11,82,25,1,119,2,0,2,121
10/09/2013,STT,VI,ASO,ES,Towers with Radar,11,29,5,0,45,0,66,25,0,91,11,95,30,0,136,0,0,0,136
10/10/2013,STT,VI,ASO,ES,Towers with Radar,11,22,10,0,43,0,76,23,0,99,11,98,33,0,142,8,0,8,150
10/11/2013,STT,VI,ASO,ES,Towers with Radar,11,21,7,0,39,0,113,23,0,136,11,134,30,0,175,6,0,6,181
10/12/2013,STT,VI,ASO,ES,Towers with Radar,24,12,7,0,43,0,64,16,0,80,24,76,23,0,123,6,0,6,129
10/13/2013,STT,VI,ASO,ES,Towers with Radar,18,9,0,0,27,0,58,24,0,82,18,67,24,0,109,0,0,0,109
10/14/2013,STT,VI,ASO,ES,Towers with Radar,12,22,6,0,40,0,79,20,0,99,12,101,26,0,139,2,0,2,141
10/15/2013,STT,VI,ASO,ES,Towers with Radar,13,21,6,0,40,0,81,25,0,106,13,102,31,0,146,0,0,0,146
10/16/2013,STT,VI,ASO,ES,Towers with Radar,12,22,2,0,36,0,74,26,1,101,12,96,28,1,137,6,0,6,143
10/17/2013,STT,VI,ASO,ES,Towers with Radar,12,20,3,0,35,0,77,42,0,119,12,97,45,0,154,0,0,0,154
10/18/2013,STT,VI,ASO,ES,Towers with Radar,12,26,8,0,46,0,91,17,0,108,12,117,25,0,154,0,0,0,154
10/19/2013,STT,VI,ASO,ES,Towers with Radar,24,9,4,0,37,0,74,19,0,93,24,83,23,0,130,12,0,12,142
10/20/2013,STT,VI,ASO,ES,Towers with Radar,18,9,3,0,30,0,65,20,0,85,18,74,23,0,115,0,0,0,115
10/21/2013,STT,VI,ASO,ES,Towers with Radar,12,17,14,10,53,0,75,15,2,92,12,92,29,12,145,21,8,29,174
10/22/2013,STT,VI,ASO,ES,Towers with Radar,12,19,6,0,37,0,103,41,0,144,12,122,47,0,181,7,0,7,188
10/23/2013,STT,VI,ASO,ES,Towers with Radar,12,17,8,0,37,2,79,23,0,104,14,96,31,0,141,6,0,6,147
10/24/2013,STT,VI,ASO,ES,Towers with Radar,12,22,4,0,38,0,82,22,0,104,12,104,26,0,142,2,0,2,144
10/25/2013,STT,VI,ASO,ES,Towers with Radar,12,20,10,0,42,0,91,21,0,112,12,111,31,0,154,0,0,0,154
10/26/2013,STT,VI,ASO,ES,Towers with Radar,25,8,7,0,40,0,79,31,0,110,25,87,38,0,150,0,0,0,150
10/27/2013,STT,VI,ASO,ES,Towers with Radar,20,9,5,0,34,0,62,25,0,87,20,71,30,0,121,10,0,10,131
10/28/2013,STT,VI,ASO,ES,Towers with Radar,12,24,14,8,58,0,77,26,2,105,12,101,40,10,163,14,0,14,177
10/29/2013,STT,VI,ASO,ES,Towers with Radar,12,23,5,0,40,0,61,27,0,88,12,84,32,0,128,19,0,19,147
10/30/2013,STT,VI,ASO,ES,Towers with Radar,11,19,15,0,45,0,86,28,2,116,11,105,43,2,161,22,0,22,183
10/31/2013,STT,VI,ASO,ES,Towers with Radar,12,33,6,0,51,0,77,23,0,100,12,110,29,0,151,32,0,32,183
11/01/2013,STT,VI,ASO,ES,Towers with Radar,14,26,3,0,43,0,94,25,0,119,14,120,28,0,162,18,0,18,180
11/02/2013,STT,VI,ASO,ES,Towers with Radar,28,15,12,0,55,0,74,8,0,82,28,89,20,0,137,0,0,0,137
11/03/2013,STT,VI,ASO,ES,Towers with Radar,19,19,10,0,48,0,63,8,0,71,19,82,18,0,119,0,0,0,119
11/04/2013,STT,VI,ASO,ES,Towers with Radar,12,30,5,0,47,0,91,24,0,115,12,121,29,0,162,0,0,0,162
11/05/2013,STT,VI,ASO,ES,Towers with Radar,12,22,7,0,41,0,73,32,0,105,12,95,39,0,146,16,0,16,162
11/06/2013,STT,VI,ASO,ES,Towers with Radar,12,19,18,3,52,0,120,16,0,136,12,139,34,3,188,1,0,1,189
11/07/2013,STT,VI,ASO,ES,Towers with Radar,16,27,4,0,47,0,85,25,0,110,16,112,29,0,157,2,0,2,159
11/08/2013,STT,VI,ASO,ES,Towers with Radar,17,18,12,0,47,0,98,40,0,138,17,116,52,0,185,18,0,18,203
11/09/2013,STT,VI,ASO,ES,Towers with Radar,32,10,6,0,48,0,71,22,0,93,32,81,28,0,141,0,0,0,141
11/10/2013,STT,VI,ASO,ES,Towers with Radar,22,10,8,0,40,0,76,23,0,99,22,86,31,0,139,0,0,0,139
11/11/2013,STT,VI,ASO,ES,Towers with Radar,14,22,1,0,37,0,82,41,0,123,14,104,42,0,160,40,0,40,200
11/12/2013,STT,VI,ASO,ES,Towers with Radar,15,23,10,0,48,0,113,23,0,136,15,136,33,0,184,4,0,4,188
11/13/2013,STT,VI,ASO,ES,Towers with Radar,14,25,4,0,43,0,97,28,0,125,14,122,32,0,168,22,0,22,190
11/14/2013,STT,VI,ASO,ES,Towers with Radar,15,18,16,0,49,0,93,33,0,126,15,111,49,0,175,10,0,10,185
11/15/2013,STT,VI,ASO,ES,Towers with Radar,16,33,26,0,75,0,111,26,0,137,16,144,52,0,212,0,0,0,212
11/16/2013,STT,VI,ASO,ES,Towers with Radar,30,9,11,0,50,0,96,26,7,129,30,105,37,7,179,0,0,0,179
11/17/2013,STT,VI,ASO,ES,Towers with Radar,22,9,9,0,40,0,86,23,3,112,22,95,32,3,152,0,0,0,152
11/18/2013,STT,VI,ASO,ES,Towers with Radar,14,28,3,0,45,0,96,29,0,125,14,124,32,0,170,0,0,0,170
11/19/2013,STT,VI,ASO,ES,Towers with Radar,14,21,15,0,50,0,90,34,1,125,14,111,49,1,175,0,0,0,175
11/20/2013,STT,VI,ASO,ES,Towers with Radar,17,32,14,0,63,0,112,25,0,137,17,144,39,0,200,8,0,8,208
11/21/2013,STT,VI,ASO,ES,Towers with Radar,22,27,18,0,67,0,91,28,0,119,22,118,46,0,186,2,0,2,188
11/22/2013,STT,VI,ASO,ES,Towers with Radar,20,25,16,0,61,0,123,38,0,161,20,148,54,0,222,0,0,0,222
11/23/2013,STT,VI,ASO,ES,Towers with Radar,32,6,29,0,67,0,83,21,1,105,32,89,50,1,172,0,0,0,172
11/24/2013,STT,VI,ASO,ES,Towers with Radar,24,9,5,0,38,0,63,17,0,80,24,72,22,0,118,0,0,0,118
11/25/2013,STT,VI,ASO,ES,Towers with Radar,20,27,7,1,55,0,91,22,4,117,20,118,29,5,172,0,2,2,174
11/26/2013,STT,VI,ASO,ES,Towers with Radar,20,22,8,0,50,0,96,33,0,129,20,118,41,0,179,0,0,0,179
11/27/2013,STT,VI,ASO,ES,Towers with Radar,17,30,7,1,55,0,99,25,0,124,17,129,32,1,179,0,2,2,181
11/28/2013,STT,VI,ASO,ES,Towers with Radar,19,19,2,0,40,0,59,11,0,70,19,78,13,0,110,0,0,0,110
11/29/2013,STT,VI,ASO,ES,Towers with Radar,21,19,12,0,52,0,97,19,0,116,21,116,31,0,168,0,0,0,168
11/30/2013,STT,VI,ASO,ES,Towers with Radar,33,22,20,0,75,0,80,19,0,99,33,102,39,0,174,0,0,0,174
12/01/2013,STT,VI,ASO,ES,Towers with Radar,27,10,16,0,53,0,100,30,0,130,27,110,46,0,183,0,0,0,183
12/02/2013,STT,VI,ASO,ES,Towers with Radar,22,29,6,0,57,0,108,25,0,133,22,137,31,0,190,0,0,0,190
12/03/2013,STT,VI,ASO,ES,Towers with Radar,17,25,6,0,48,0,86,28,0,114,17,111,34,0,162,0,0,0,162
12/04/2013,STT,VI,ASO,ES,Towers with Radar,18,36,12,1,67,0,69,17,1,87,18,105,29,2,154,0,0,0,154
12/05/2013,STT,VI,ASO,ES,Towers with Radar,18,27,13,0,58,0,82,13,0,95,18,109,26,0,153,7,0,7,160
12/06/2013,STT,VI,ASO,ES,Towers with Radar,19,23,10,2,54,0,101,23,0,124,19,124,33,2,178,30,0,30,208
12/07/2013,STT,VI,ASO,ES,Towers with Radar,32,12,6,0,50,0,85,18,7,110,32,97,24,7,160,14,0,14,174
12/08/2013,STT,VI,ASO,ES,Towers with Radar,22,12,7,0,41,0,70,22,0,92,22,82,29,0,133,12,0,12,145
12/09/2013,STT,VI,ASO,ES,Towers with Radar,18,25,11,0,54,0,102,28,4,134,18,127,39,4,188,22,0,22,210
12/10/2013,STT,VI,ASO,ES,Towers with Radar,18,20,4,0,42,0,90,34,6,130,18,110,38,6,172,12,0,12,184
12/11/2013,STT,VI,ASO,ES,Towers with Radar,18,29,14,0,61,0,89,32,0,121,18,118,46,0,182,16,0,16,198
12/12/2013,STT,VI,ASO,ES,Towers with Radar,18,28,6,0,52,0,119,34,3,156,18,147,40,3,208,10,0,10,218
12/13/2013,STT,VI,ASO,ES,Towers with Radar,20,23,15,2,60,0,116,29,0,145,20,139,44,2,205,0,0,0,205
12/14/2013,STT,VI,ASO,ES,Towers with Radar,32,18,8,0,58,0,83,31,0,114,32,101,39,0,172,0,0,0,172
12/15/2013,STT,VI,ASO,ES,Towers with Radar,24,6,2,0,32,0,84,29,0,113,24,90,31,0,145,22,0,22,167
12/16/2013,STT,VI,ASO,ES,Towers with Radar,19,34,14,0,67,0,105,35,0,140,19,139,49,0,207,16,0,16,223
12/17/2013,STT,VI,ASO,ES,Towers with Radar,19,20,9,0,48,0,80,49,1,130,19,100,58,1,178,6,0,6,184
12/18/2013,STT,VI,ASO,ES,Towers with Radar,17,24,9,0,50,0,100,46,2,148,17,124,55,2,198,2,5,7,205
12/19/2013,STT,VI,ASO,ES,Towers with Radar,30,31,8,0,69,0,92,27,0,119,30,123,35,0,188,8,0,8,196
12/20/2013,STT,VI,ASO,ES,Towers with Radar,32,29,18,0,79,0,110,44,0,154,32,139,62,0,233,0,0,0,233
12/21/2013,STT,VI,ASO,ES,Towers with Radar,46,17,18,0,81,0,97,39,2,138,46,114,57,2,219,8,0,8,227
12/22/2013,STT,VI,ASO,ES,Towers with Radar,37,14,9,0,60,0,81,46,7,134,37,95,55,7,194,4,0,4,198
12/23/2013,STT,VI,ASO,ES,Towers with Radar,32,26,15,0,73,0,108,36,0,144,32,134,51,0,217,0,0,0,217
12/24/2013,STT,VI,ASO,ES,Towers with Radar,31,35,14,0,80,0,79,11,0,90,31,114,25,0,170,4,0,4,174
12/25/2013,STT,VI,ASO,ES,Towers with Radar,30,15,5,0,50,0,65,16,4,85,30,80,21,4,135,8,0,8,143
12/26/2013,STT,VI,ASO,ES,Towers with Radar,32,32,33,0,97,0,112,50,0,162,32,144,83,0,259,22,0,22,281
12/27/2013,STT,VI,ASO,ES,Towers with Radar,33,36,35,0,104,0,126,36,0,162,33,162,71,0,266,0,0,0,266
12/28/2013,STT,VI,ASO,ES,Towers with Radar,44,15,26,0,85,0,97,29,0,126,44,112,55,0,211,0,0,0,211
12/29/2013,STT,VI,ASO,ES,Towers with Radar,33,21,17,0,71,0,65,49,0,114,33,86,66,0,185,0,0,0,185
12/30/2013,STT,VI,ASO,ES,Towers with Radar,31,21,12,0,64,0,96,44,1,141,31,117,56,1,205,10,0,10,215
12/31/2013,STT,VI,ASO,ES,Towers with Radar,32,18,15,0,65,0,77,40,2,119,32,95,55,2,184,0,0,0,184
01/01/2014,STT,VI,ASO,ES,Towers with Radar,30,15,14,0,59,0,87,29,2,118,30,102,43,2,177,6,0,6,183
01/02/2014,STT,VI,ASO,ES,Towers with Radar,30,22,16,0,68,0,116,46,0,162,30,138,62,0,230,0,0,0,230
01/03/2014,STT,VI,ASO,ES,Towers with Radar,26,26,19,0,71,0,121,51,0,172,26,147,70,0,243,0,0,0,243
01/04/2014,STT,VI,ASO,ES,Towers with Radar,46,16,52,0,114,0,101,50,0,151,46,117,102,0,265,12,0,12,277
01/05/2014,STT,VI,ASO,ES,Towers with Radar,32,15,26,0,73,0,108,50,0,158,32,123,76,0,231,0,0,0,231
01/06/2014,STT,VI,ASO,ES,Towers with Radar,29,30,27,0,86,0,90,37,0,127,29,120,64,0,213,0,0,0,213
01/07/2014,STT,VI,ASO,ES,Towers with Radar,29,24,16,0,69,0,85,35,0,120,29,109,51,0,189,4,0,4,193
01/08/2014,STT,VI,ASO,ES,Towers with Radar,25,21,11,0,57,0,105,35,0,140,25,126,46,0,197,12,0,12,209
01/09/2014,STT,VI,ASO,ES,Towers with Radar,28,37,22,0,87,0,87,41,5,133,28,124,63,5,220,20,0,20,240
01/10/2014,STT,VI,ASO,ES,Towers with Radar,24,25,14,3,66,0,113,45,1,159,24,138,59,4,225,13,0,13,238
01/11/2014,STT,VI,ASO,ES,Towers with Radar,44,12,7,0,63,0,73,29,0,102,44,85,36,0,165,0,0,0,165
01/12/2014,STT,VI,ASO,ES,Towers with Radar,24,6,13,3,46,0,70,28,5,103,24,76,41,8,149,6,0,6,155
01/13/2014,STT,VI,ASO,ES,Towers with Radar,28,26,8,0,62,0,70,32,2,104,28,96,40,2,166,22,0,22,188
01/14/2014,STT,VI,ASO,ES,Towers with Radar,24,29,10,0,63,0,92,37,0,129,24,121,47,0,192,0,0,0,192
01/15/2014,STT,VI,ASO,ES,Towers with Radar,26,43,25,1,95,0,121,35,2,158,26,164,60,3,253,12,16,28,281
01/16/2014,STT,VI,ASO,ES,Towers with Radar,28,24,12,0,64,0,88,47,0,135,28,112,59,0,199,6,0,6,205
01/17/2014,STT,VI,ASO,ES,Towers with Radar,24,24,20,0,68,0,99,27,0,126,24,123,47,0,194,41,0,41,235
01/18/2014,STT,VI,ASO,ES,Towers with Radar,39,8,19,0,66,0,89,37,0,126,39,97,56,0,192,0,0,0,192
01/19/2014,STT,VI,ASO,ES,Towers with Radar,32,12,14,0,58,0,68,27,0,95,32,80,41,0,153,0,0,0,153
01/20/2014,STT,VI,ASO,ES,Towers with Radar,26,18,6,0,50,0,78,39,0,117,26,96,45,0,167,20,0,20,187
01/21/2014,STT,VI,ASO,ES,Towers with Radar,20,24,8,2,54,0,79,34,0,113,20,103,42,2,167,6,0,6,173
01/22/2014,STT,VI,ASO,ES,Towers with Radar,20,28,9,1,58,0,81,33,0,114,20,109,42,1,172,40,0,40,212
01/23/2014,STT,VI,ASO,ES,Towers with Radar,27,35,11,0,73,0,84,39,0,123,27,119,50,0,196,8,0,8,204
01/24/2014,STT,VI,ASO,ES,Towers with Radar,23,28,29,0,80,0,95,33,1,129,23,123,62,1,209,10,0,10,219
01/25/2014,STT,VI,ASO,ES,Towers with Radar,42,9,18,0,69,0,75,29,0,104,42,84,47,0,173,0,0,0,173
01/26/2014,STT,VI,ASO,ES,Towers with Radar,30,12,8,0,50,0,65,31,3,99,30,77,39,3,149,0,0,0,149
01/27/2014,STT,VI,ASO,ES,Towers with Radar,26,23,16,0,65,0,73,33,3,109,26,96,49,3,174,0,0,0,174
01/28/2014,STT,VI,ASO,ES,Towers with Radar,24,20,7,0,51,0,76,36,0,112,24,96,43,0,163,0,0,0,163
01/29/2014,STT,VI,ASO,ES,Towers with Radar,24,26,12,0,62,0,91,24,0,115,24,117,36,0,177,10,0,10,187
01/30/2014,STT,VI,ASO,ES,Towers with Radar,28,25,13,0,66,0,79,21,2,102,28,104,34,2,168,4,0,4,172
01/31/2014,STT,VI,ASO,ES,Towers with Radar,25,18,12,0,55,0,93,34,1,128,25,111,46,1,183,4,0,4,187
02/01/2014,STT,VI,ASO,ES,Towers with Radar,43,17,21,0,81,0,88,18,0,106,43,105,39,0,187,8,0,8,195
02/02/2014,STT,VI,ASO,ES,Towers with Radar,29,9,14,0,52,0,76,33,3,112,29,85,47,3,164,0,0,0,164
02/03/2014,STT,VI,ASO,ES,Towers with Radar,26,29,14,0,69,0,98,25,1,124,26,127,39,1,193,35,0,35,228
02/04/2014,STT,VI,ASO,ES,Towers with Radar,22,21,13,0,56,0,86,35,2,123,22,107,48,2,179,34,0,34,213
02/05/2014,STT,VI,ASO,ES,Towers with Radar,19,23,3,0,45,0,97,41,0,138,19,120,44,0,183,30,0,30,213
02/06/2014,STT,VI,ASO,ES,Towers with Radar,28,40,11,0,79,0,101,45,0,146,28,141,56,0,225,12,0,12,237
02/07/2014,STT,VI,ASO,ES,Towers with Radar,26,48,22,0,96,0,105,44,0,149,26,153,66,0,245,28,0,28,273
02/08/2014,STT,VI,ASO,ES,Towers with Radar,41,12,24,0,77,0,79,27,0,106,41,91,51,0,183,6,0,6,189
02/09/2014,STT,VI,ASO,ES,Towers with Radar,30,9,5,0,44,0,58,33,3,94,30,67,38,3,138,0,0,0,138
02/10/2014,STT,VI,ASO,ES,Towers with Radar,26,24,6,1,57,0,67,28,2,97,26,91,34,3,154,18,0,18,172
02/11/2014,STT,VI,ASO,ES,Towers with Radar,23,17,4,0,44,0,89,46,0,135,23,106,50,0,179,20,0,20,199
02/12/2014,STT,VI,ASO,ES,Towers with Radar,20,31,11,0,62,0,117,43,1,161,20,148,54,1,223,4,0,4,227
02/13/2014,STT,VI,ASO,ES,Towers with Radar,22,27,12,2,63,0,101,52,0,153,22,128,64,2,216,12,0,12,228
02/14/2014,STT,VI,ASO,ES,Towers with Radar,29,19,19,0,67,0,158,60,0,218,29,177,79,0,285,8,0,8,293
02/15/2014,STT,VI,ASO,ES,Towers with Radar,44,10,17,0,71,0,115,48,0,163,44,125,65,0,234,0,0,0,234
02/16/2014,STT,VI,ASO,ES,Towers with Radar,33,10,11,0,54,0,88,51,0,139,33,98,62,0,193,0,0,0,193
02/17/2014,STT,VI,ASO,ES,Towers with Radar,31,19,15,0,65,0,141,54,0,195,31,160,69,0,260,2,0,2,262
02/18/2014,STT,VI,ASO,ES,Towers with Radar,26,25,12,0,63,0,89,51,0,140,26,114,63,0,203,0,0,0,203
02/19/2014,STT,VI,ASO,ES,Towers with Radar,28,22,12,0,62,0,97,42,4,143,28,119,54,4,205,14,6,20,225
02/20/2014,STT,VI,ASO,ES,Towers with Radar,32,23,9,0,64,0,88,53,0,141,32,111,62,0,205,6,0,6,211
02/21/2014,STT,VI,ASO,ES,Towers with Radar,27,21,5,0,53,0,100,35,2,137,27,121,40,2,190,4,0,4,194
02/22/2014,STT,VI,ASO,ES,Towers with Radar,46,10,26,0,82,0,101,36,5,142,46,111,62,5,224,2,0,2,226
02/23/2014,STT,VI,ASO,ES,Towers with Radar,33,9,18,0,60,0,73,36,0,109,33,82,54,0,169,0,0,0,169
02/24/2014,STT,VI,ASO,ES,Towers with Radar,32,24,12,2,70,0,99,34,0,133,32,123,46,2,203,0,0,0,203
02/25/2014,STT,VI,ASO,ES,Towers with Radar,26,25,8,0,59,0,90,37,0,127,26,115,45,0,186,17,0,17,203
02/26/2014,STT,VI,ASO,ES,Towers with Radar,28,18,11,0,57,0,99,27,3,129,28,117,38,3,186,18,22,40,226
02/27/2014,STT,VI,ASO,ES,Towers with Radar,30,19,12,0,61,0,92,49,0,141,30,111,61,0,202,0,0,0,202
02/28/2014,STT,VI,ASO,ES,Towers with Radar,28,27,12,0,67,0,124,40,0,164,28,151,52,0,231,0,0,0,231
03/01/2014,STT,VI,ASO,ES,Towers with Radar,48,11,12,0,71,0,73,38,0,111,48,84,50,0,182,0,0,0,182
03/02/2014,STT,VI,ASO,ES,Towers with Radar,34,11,15,0,60,0,67,30,0,97,34,78,45,0,157,0,0,0,157
03/03/2014,STT,VI,ASO,ES,Towers with Radar,26,18,7,1,52,0,74,28,2,104,26,92,35,3,156,2,0,2,158
03/04/2014,STT,VI,ASO,ES,Towers with Radar,26,26,16,0,68,0,74,38,0,112,26,100,54,0,180,6,0,6,186
03/05/2014,STT,VI,ASO,ES,Towers with Radar,23,20,17,2,62,5,103,34,0,142,28,123,51,2,204,14,0,14,218
03/06/2014,STT,VI,ASO,ES,Towers with Radar,30,33,10,1,74,0,95,31,1,127,30,128,41,2,201,2,0,2,203
03/07/2014,STT,VI,ASO,ES,Towers with Radar,28,23,21,0,72,0,130,40,0,170,28,153,61,0,242,4,0,4,246
03/08/2014,STT,VI,ASO,ES,Towers with Radar,47,14,15,3,79,0,86,40,6,132,47,100,55,9,211,2,0,2,213
03/09/2014,STT,VI,ASO,ES,Towers with Radar,34,7,20,1,62,0,72,27,4,103,34,79,47,5,165,0,0,0,165
03/10/2014,STT,VI,ASO,ES,Towers with Radar,30,17,11,0,58,0,81,39,1,121,30,98,50,1,179,0,0,0,179
03/11/2014,STT,VI,ASO,ES,Towers with Radar,24,26,8,0,58,0,84,41,0,125,24,110,49,0,183,14,0,14,197
03/12/2014,STT,VI,ASO,ES,Towers with Radar,29,26,6,0,61,0,98,37,0,135,29,124,43,0,196,12,0,12,208
03/13/2014,STT,VI,ASO,ES,Towers with Radar,34,22,10,0,66,0,99,46,0,145,34,121,56,0,211,18,0,18,229
03/14/2014,STT,VI,ASO,ES,Towers with Radar,28,15,17,0,60,0,132,53,0,185,28,147,70,0,245,10,0,10,255
03/15/2014,STT,VI,ASO,ES,Towers with Radar,49,13,22,0,84,0,96,36,0,132,49,109,58,0,216,0,0,0,216
03/16/2014,STT,VI,ASO,ES,Towers with Radar,34,7,14,0,55,0,85,38,1,124,34,92,52,1,179,0,0,0,179
03/17/2014,STT,VI,ASO,ES,Towers with Radar,30,18,9,0,57,0,94,30,3,127,30,112,39,3,184,36,0,36,220
03/18/2014,STT,VI,ASO,ES,Towers with Radar,23,19,9,0,51,0,100,46,0,146,23,119,55,0,197,18,0,18,215
03/19/2014,STT,VI,ASO,ES,Towers with Radar,30,19,9,0,58,0,112,51,0,163,30,131,60,0,221,6,0,6,227
03/20/2014,STT,VI,ASO,ES,Towers with Radar,30,27,11,0,68,0,102,32,0,134,30,129,43,0,202,2,0,2,204
03/21/2014,STT,VI,ASO,ES,Towers with Radar,25,32,11,0,68,0,110,50,0,160,25,142,61,0,228,14,0,14,242
03/22/2014,STT,VI,ASO,ES,Towers with Radar,48,9,21,0,78,0,91,40,0,131,48,100,61,0,209,17,0,17,226
03/23/2014,STT,VI,ASO,ES,Towers with Radar,34,10,18,0,62,0,82,32,2,116,34,92,50,2,178,23,0,23,201
03/24/2014,STT,VI,ASO,ES,Towers with Radar,30,16,4,0,50,0,84,26,0,110,30,100,30,0,160,4,0,4,164
03/25/2014,STT,VI,ASO,ES,Towers with Radar,24,20,7,0,51,0,93,36,0,129,24,113,43,0,180,4,0,4,184
03/26/2014,STT,VI,ASO,ES,Towers with Radar,29,18,10,4,61,0,103,46,0,149,29,121,56,4,210,8,0,8,218
03/27/2014,STT,VI,ASO,ES,Towers with Radar,30,21,8,1,60,0,98,31,0,129,30,119,39,1,189,0,0,0,189
03/28/2014,STT,VI,ASO,ES,Towers with Radar,29,22,16,0,67,0,108,26,0,134,29,130,42,0,201,10,0,10,211
03/29/2014,STT,VI,ASO,ES,Towers with Radar,50,11,21,0,82,0,90,49,0,139,50,101,70,0,221,6,0,6,227
03/30/2014,STT,VI,ASO,ES,Towers with Radar,34,12,15,4,65,0,72,31,0,103,34,84,46,4,168,0,0,0,168
03/31/2014,STT,VI,ASO,ES,Towers with Radar,30,17,12,0,59,0,87,35,0,122,30,104,47,0,181,0,0,0,181
04/01/2014,STT,VI,ASO,ES,Towers with Radar,21,18,1,0,40,0,88,33,0,121,21,106,34,0,161,0,0,0,161
04/02/2014,STT,VI,ASO,ES,Towers with Radar,25,23,6,0,54,0,109,28,0,137,25,132,34,0,191,6,0,6,197
04/03/2014,STT,VI,ASO,ES,Towers with Radar,26,23,5,2,56,0,91,34,0,125,26,114,39,2,181,8,0,8,189
04/04/2014,STT,VI,ASO,ES,Towers with Radar,24,37,6,0,67,0,105,15,5,125,24,142,21,5,192,10,0,10,202
04/05/2014,STT,VI,ASO,ES,Towers with Radar,48,13,12,0,73,0,113,26,3,142,48,126,38,3,215,0,0,0,215
04/06/2014,STT,VI,ASO,ES,Towers with Radar,30,8,6,0,44,0,71,16,0,87,30,79,22,0,131,0,0,0,131
04/07/2014,STT,VI,ASO,ES,Towers with Radar,26,25,7,1,59,0,94,30,1,125,26,119,37,2,184,14,0,14,198
04/08/2014,STT,VI,ASO,ES,Towers with Radar,19,22,3,1,45,0,98,56,1,155,19,120,59,2,200,17,0,17,217
04/09/2014,STT,VI,ASO,ES,Towers with Radar,20,32,6,0,58,0,80,32,0,112,20,112,38,0,170,14,0,14,184
04/10/2014,STT,VI,ASO,ES,Towers with Radar,28,31,5,2,66,0,90,37,0,127,28,121,42,2,193,10,0,10,203
04/11/2014,STT,VI,ASO,ES,Towers with Radar,24,17,12,0,53,0,130,39,0,169,24,147,51,0,222,8,0,8,230
04/12/2014,STT,VI,ASO,ES,Towers with Radar,46,7,14,0,67,0,94,39,1,134,46,101,53,1,201,0,0,0,201
04/13/2014,STT,VI,ASO,ES,Towers with Radar,30,11,10,0,51,0,89,29,0,118,30,100,39,0,169,0,0,0,169
04/14/2014,STT,VI,ASO,ES,Towers with Radar,24,32,4,0,60,0,94,28,1,123,24,126,32,1,183,28,0,28,211
04/15/2014,STT,VI,ASO,ES,Towers with Radar,22,24,11,2,59,0,84,30,0,114,22,108,41,2,173,5,0,5,178
04/16/2014,STT,VI,ASO,ES,Towers with Radar,23,14,7,0,44,0,93,35,0,128,23,107,42,0,172,0,0,0,172
04/17/2014,STT,VI,ASO,ES,Towers with Radar,26,25,12,0,63,0,97,34,0,131,26,122,46,0,194,4,0,4,198
04/18/2014,STT,VI,ASO,ES,Towers with Radar,31,20,5,1,57,0,86,31,1,118,31,106,36,2,175,18,0,18,193
04/19/2014,STT,VI,ASO,ES,Towers with Radar,47,15,11,0,73,0,99,18,3,120,47,114,29,3,193,0,0,0,193
04/20/2014,STT,VI,ASO,ES,Towers with Radar,27,8,15,0,50,0,94,24,2,120,27,102,39,2,170,4,0,4,174
04/21/2014,STT,VI,ASO,ES,Towers with Radar,26,30,6,0,62,0,105,33,0,138,26,135,39,0,200,12,0,12,212
04/22/2014,STT,VI,ASO,ES,Towers with Radar,22,27,9,0,58,0,113,32,0,145,22,140,41,0,203,16,0,16,219
04/23/2014,STT,VI,ASO,ES,Towers with Radar,24,17,5,1,47,0,94,25,3,122,24,111,30,4,169,0,0,0,169
04/24/2014,STT,VI,ASO,ES,Towers with Radar,26,18,13,0,57,0,93,30,0,123,26,111,43,0,180,14,0,14,194
04/25/2014,STT,VI,ASO,ES,Towers with Radar,24,21,10,0,55,0,124,56,0,180,24,145,66,0,235,10,0,10,245
04/26/2014,STT,VI,ASO,ES,Towers with Radar,45,12,6,0,63,0,87,29,2,118,45,99,35,2,181,0,0,0,181
04/27/2014,STT,VI,ASO,ES,Towers with Radar,30,8,6,0,44,0,67,23,0,90,30,75,29,0,134,0,0,0,134
04/28/2014,STT,VI,ASO,ES,Towers with Radar,26,18,7,0,51,0,87,21,0,108,26,105,28,0,159,0,0,0,159
04/29/2014,STT,VI,ASO,ES,Towers with Radar,22,20,5,0,47,0,82,37,0,119,22,102,42,0,166,0,0,0,166
04/30/2014,STT,VI,ASO,ES,Towers with Radar,23,11,1,0,35,0,117,40,0,157,23,128,41,0,192,4,0,4,196
05/01/2014,STT,VI,ASO,ES,Towers with Radar,22,42,3,0,67,0,93,39,3,135,22,135,42,3,202,0,0,0,202
05/02/2014,STT,VI,ASO,ES,Towers with Radar,21,13,2,0,36,0,96,40,0,136,21,109,42,0,172,0,0,0,172
05/03/2014,STT,VI,ASO,ES,Towers with Radar,38,6,3,0,47,0,69,35,0,104,38,75,38,0,151,0,0,0,151
05/04/2014,STT,VI,ASO,ES,Towers with Radar,23,15,7,0,45,0,101,33,0,134,23,116,40,0,179,2,0,2,181
05/05/2014,STT,VI,ASO,ES,Towers with Radar,20,24,4,1,49,2,106,33,0,141,22,130,37,1,190,24,0,24,214
05/06/2014,STT,VI,ASO,ES,Towers with Radar,26,14,3,1,44,0,90,37,0,127,26,104,40,1,171,6,0,6,177
05/07/2014,STT,VI,ASO,ES,Towers with Radar,20,18,10,0,48,0,87,18,1,106,20,105,28,1,154,0,0,0,154
05/08/2014,STT,VI,ASO,ES,Towers with Radar,20,29,9,0,58,0,69,21,0,90,20,98,30,0,148,0,0,0,148
05/09/2014,STT,VI,ASO,ES,Towers with Radar,17,20,20,0,57,0,99,19,0,118,17,119,39,0,175,6,0,6,181
05/10/2014,STT,VI,ASO,ES,Towers with Radar,35,19,8,0,62,0,24,4,0,28,35,43,12,0,90,0,0,0,90
05/11/2014,STT,VI,ASO,ES,Towers with Radar,25,8,4,0,37,0,63,18,0,81,25,71,22,0,118,0,0,0,118
05/12/2014,STT,VI,ASO,ES,Towers with Radar,21,20,5,0,46,0,96,19,1,116,21,116,24,1,162,0,0,0,162
05/13/2014,STT,VI,ASO,ES,Towers with Radar,20,39,7,0,66,0,82,27,0,109,20,121,34,0,175,10,0,10,185
05/14/2014,STT,VI,ASO,ES,Towers with Radar,21,16,7,0,44,0,77,23,2,102,21,93,30,2,146,10,0,10,156
05/15/2014,STT,VI,ASO,ES,Towers with Radar,20,22,4,0,46,0,87,38,0,125,20,109,42,0,171,14,0,14,185
05/16/2014,STT,VI,ASO,ES,Towers with Radar,20,14,5,0,39,0,97,23,0,120,20,111,28,0,159,0,0,0,159
05/17/2014,STT,VI,ASO,ES,Towers with Radar,35,11,3,0,49,0,86,24,4,114,35,97,27,4,163,0,0,0,163
05/18/2014,STT,VI,ASO,ES,Towers with Radar,24,9,7,0,40,0,70,21,2,93,24,79,28,2,133,2,0,2,135
05/19/2014,STT,VI,ASO,ES,Towers with Radar,21,17,8,0,46,0,78,22,0,100,21,95,30,0,146,28,0,28,174
05/20/2014,STT,VI,ASO,ES,Towers with Radar,19,36,5,5,65,0,78,34,2,114,19,114,39,7,179,0,0,0,179
05/21/2014,STT,VI,ASO,ES,Towers with Radar,20,12,5,0,37,0,89,28,1,118,20,101,33,1,155,33,8,41,196
05/22/2014,STT,VI,ASO,ES,Towers with Radar,21,25,2,1,49,0,83,28,1,112,21,108,30,2,161,0,0,0,161
05/23/2014,STT,VI,ASO,ES,Towers with Radar,20,25,9,0,54,0,98,27,0,125,20,123,36,0,179,0,0,0,179
05/24/2014,STT,VI,ASO,ES,Towers with Radar,35,11,11,0,57,0,74,27,2,103,35,85,38,2,160,12,0,12,172
05/25/2014,STT,VI,ASO,ES,Towers with Radar,26,7,7,0,40,0,61,37,2,100,26,68,44,2,140,16,0,16,156
05/26/2014,STT,VI,ASO,ES,Towers with Radar,20,13,7,0,40,0,66,29,0,95,20,79,36,0,135,0,0,0,135
05/27/2014,STT,VI,ASO,ES,Towers with Radar,20,17,3,0,40,0,78,25,4,107,20,95,28,4,147,0,0,0,147
05/28/2014,STT,VI,ASO,ES,Towers with Radar,22,15,17,1,55,0,80,30,8,118,22,95,47,9,173,4,12,16,189
05/29/2014,STT,VI,ASO,ES,Towers with Radar,20,24,8,6,58,0,72,28,0,100,20,96,36,6,158,22,0,22,180
05/30/2014,STT,VI,ASO,ES,Towers with Radar,20,20,8,0,48,0,93,36,0,129,20,113,44,0,177,13,0,13,190
05/31/2014,STT,VI,ASO,ES,Towers with Radar,36,9,7,0,52,0,89,36,4,129,36,98,43,4,181,0,0,0,181
06/01/2014,STT,VI,ASO,ES,Towers with Radar,30,18,3,0,51,0,54,16,0,70,30,72,19,0,121,0,0,0,121
06/02/2014,STT,VI,ASO,ES,Towers with Radar,20,28,0,0,48,0,80,16,0,96,20,108,16,0,144,0,0,0,144
06/03/2014,STT,VI,ASO,ES,Towers with Radar,20,29,5,6,60,0,64,29,5,98,20,93,34,11,158,0,0,0,158
06/04/2014,STT,VI,ASO,ES,Towers with Radar,20,27,6,0,53,0,78,27,0,105,20,105,33,0,158,22,0,22,180
06/05/2014,STT,VI,ASO,ES,Towers with Radar,22,34,2,2,60,0,71,24,0,95,22,105,26,2,155,14,0,14,169
06/06/2014,STT,VI,ASO,ES,Towers with Radar,22,27,9,0,58,0,75,24,0,99,22,102,33,0,157,8,0,8,165
06/07/2014,STT,VI,ASO,ES,Towers with Radar,35,12,27,0,74,0,62,30,0,92,35,74,57,0,166,30,0,30,196
06/08/2014,STT,VI,ASO,ES,Towers with Radar,34,17,7,0,58,0,54,26,0,80,34,71,33,0,138,0,0,0,138
06/09/2014,STT,VI,ASO,ES,Towers with Radar,22,27,6,0,55,0,71,18,0,89,22,98,24,0,144,0,0,0,144
06/10/2014,STT,VI,ASO,ES,Towers with Radar,19,24,14,0,57,0,69,24,0,93,19,93,38,0,150,0,0,0,150
06/11/2014,STT,VI,ASO,ES,Towers with Radar,24,25,17,0,66,0,79,33,3,115,24,104,50,3,181,0,14,14,195
06/12/2014,STT,VI,ASO,ES,Towers with Radar,22,27,4,0,53,0,73,31,0,104,22,100,35,0,157,0,0,0,157
06/13/2014,STT,VI,ASO,ES,Towers with Radar,22,26,4,0,52,0,82,36,0,118,22,108,40,0,170,8,0,8,178
06/14/2014,STT,VI,ASO,ES,Towers with Radar,36,13,10,0,59,0,47,21,2,70,36,60,31,2,129,0,0,0,129
06/15/2014,STT,VI,ASO,ES,Towers with Radar,34,15,3,0,52,0,52,21,0,73,34,67,24,0,125,0,0,0,125
06/16/2014,STT,VI,ASO,ES,Towers with Radar,22,29,5,0,56,0,61,20,0,81,22,90,25,0,137,4,0,4,141
06/17/2014,STT,VI,ASO,ES,Towers with Radar,20,26,5,0,51,0,58,42,0,100,20,84,47,0,151,2,0,2,153
06/18/2014,STT,VI,ASO,ES,Towers with Radar,26,23,8,0,57,0,83,28,2,113,26,106,36,2,170,0,4,4,174
06/19/2014,STT,VI,ASO,ES,Towers with Radar,22,24,4,0,50,0,79,31,0,110,22,103,35,0,160,10,0,10,170
06/20/2014,STT,VI,ASO,ES,Towers with Radar,19,28,5,0,52,0,84,40,0,124,19,112,45,0,176,26,0,26,202
06/21/2014,STT,VI,ASO,ES,Towers with Radar,36,13,14,0,63,0,58,34,7,99,36,71,48,7,162,4,0,4,166
06/22/2014,STT,VI,ASO,ES,Towers with Radar,34,16,1,0,51,0,50,25,0,75,34,66,26,0,126,0,0,0,126
06/23/2014,STT,VI,ASO,ES,Towers with Radar,21,23,8,0,52,0,73,20,2,95,21,96,28,2,147,0,0,0,147
06/24/2014,STT,VI,ASO,ES,Towers with Radar,23,23,4,0,50,0,68,39,0,107,23,91,43,0,157,6,0,6,163
06/25/2014,STT,VI,ASO,ES,Towers with Radar,26,25,23,0,74,0,75,35,0,110,26,100,58,0,184,0,0,0,184
06/26/2014,STT,VI,ASO,ES,Towers with Radar,21,33,11,0,65,0,73,39,0,112,21,106,50,0,177,4,0,4,181
06/27/2014,STT,VI,ASO,ES,Towers with Radar,22,27,5,0,54,0,79,29,0,108,22,106,34,0,162,14,0,14,176
06/28/2014,STT,VI,ASO,ES,Towers with Radar,35,13,2,0,50,0,52,11,0,63,35,65,13,0,113,0,0,0,113
06/29/2014,STT,VI,ASO,ES,Towers with Radar,34,18,5,0,57,0,52,17,0,69,34,70,22,0,126,0,0,0,126
06/30/2014,STT,VI,ASO,ES,Towers with Radar,21,28,12,2,63,0,66,28,0,94,21,94,40,2,157,2,0,2,159
07/01/2014,STT,VI,ASO,ES,Towers with Radar,22,33,3,0,58,0,58,22,0,80,22,91,25,0,138,14,0,14,152
07/02/2014,STT,VI,ASO,ES,Towers with Radar,23,31,5,0,59,0,77,27,0,104,23,108,32,0,163,6,0,6,169
07/03/2014,STT,VI,ASO,ES,Towers with Radar,24,34,2,0,60,0,77,30,0,107,24,111,32,0,167,14,0,14,181
07/04/2014,STT,VI,ASO,ES,Towers with Radar,24,16,2,0,42,0,54,16,0,70,24,70,18,0,112,0,0,0,112
07/05/2014,STT,VI,ASO,ES,Towers with Radar,35,24,1,0,60,0,49,11,0,60,35,73,12,0,120,0,0,0,120
07/06/2014,STT,VI,ASO,ES,Towers with Radar,32,15,11,0,58,0,62,18,0,80,32,77,29,0,138,6,0,6,144
07/07/2014,STT,VI,ASO,ES,Towers with Radar,23,28,24,0,75,0,68,43,0,111,23,96,67,0,186,10,0,10,196
07/08/2014,STT,VI,ASO,ES,Towers with Radar,22,29,2,0,53,0,70,53,0,123,22,99,55,0,176,2,12,14,190
07/09/2014,STT,VI,ASO,ES,Towers with Radar,24,26,5,0,55,0,68,30,0,98,24,94,35,0,153,16,0,16,169
07/10/2014,STT,VI,ASO,ES,Towers with Radar,23,31,16,2,72,0,69,15,1,85,23,100,31,3,157,6,0,6,163
07/11/2014,STT,VI,ASO,ES,Towers with Radar,20,24,8,0,52,0,91,31,0,122,20,115,39,0,174,0,0,0,174
07/12/2014,STT,VI,ASO,ES,Towers with Radar,33,16,11,1,61,0,62,23,5,90,33,78,34,6,151,0,0,0,151
07/13/2014,STT,VI,ASO,ES,Towers with Radar,31,15,6,8,60,0,49,19,6,74,31,64,25,14,134,0,0,0,134
07/14/2014,STT,VI,ASO,ES,Towers with Radar,23,26,4,0,53,0,73,27,0,100,23,99,31,0,153,0,0,0,153
07/15/2014,STT,VI,ASO,ES,Towers with Radar,22,32,15,0,69,0,68,22,0,90,22,100,37,0,159,4,0,4,163
07/16/2014,STT,VI,ASO,ES,Towers with Radar,25,27,12,1,65,0,74,25,2,101,25,101,37,3,166,0,0,0,166
07/17/2014,STT,VI,ASO,ES,Towers with Radar,23,32,4,0,59,0,77,20,2,99,23,109,24,2,158,16,0,16,174
07/18/2014,STT,VI,ASO,ES,Towers with Radar,23,41,10,0,74,0,85,29,0,114,23,126,39,0,188,6,0,6,194
07/19/2014,STT,VI,ASO,ES,Towers with Radar,35,18,8,1,62,0,65,15,0,80,35,83,23,1,142,0,0,0,142
07/20/2014,STT,VI,ASO,ES,Towers with Radar,32,16,6,0,54,0,56,34,0,90,32,72,40,0,144,6,0,6,150
07/21/2014,STT,VI,ASO,ES,Towers with Radar,23,23,4,0,50,0,72,35,0,107,23,95,39,0,157,0,0,0,157
07/22/2014,STT,VI,ASO,ES,Towers with Radar,22,28,8,2,60,0,76,43,0,119,22,104,51,2,179,24,0,24,203
07/23/2014,STT,VI,ASO,ES,Towers with Radar,24,24,3,0,51,0,80,39,3,122,24,104,42,3,173,0,0,0,173
07/24/2014,STT,VI,ASO,ES,Towers with Radar,25,32,5,0,62,0,83,39,0,122,25,115,44,0,184,18,0,18,202
07/25/2014,STT,VI,ASO,ES,Towers with Radar,22,27,2,1,52,0,81,39,0,120,22,108,41,1,172,44,2,46,218
07/26/2014,STT,VI,ASO,ES,Towers with Radar,36,14,8,1,59,0,65,20,1,86,36,79,28,2,145,12,0,12,157
07/27/2014,STT,VI,ASO,ES,Towers with Radar,31,13,10,0,54,0,62,17,0,79,31,75,27,0,133,0,0,0,133
07/28/2014,STT,VI,ASO,ES,Towers with Radar,23,26,9,2,60,0,62,31,1,94,23,88,40,3,154,4,0,4,158
07/29/2014,STT,VI,ASO,ES,Towers with Radar,24,27,6,0,57,0,73,26,2,101,24,100,32,2,158,4,0,4,162
07/30/2014,STT,VI,ASO,ES,Towers with Radar,24,23,1,0,48,0,68,16,3,87,24,91,17,3,135,4,0,4,139
07/31/2014,STT,VI,ASO,ES,Towers with Radar,23,31,5,0,59,0,65,31,0,96,23,96,36,0,155,10,0,10,165
08/01/2014,STT,VI,ASO,ES,Towers with Radar,24,36,10,0,70,0,73,32,0,105,24,109,42,0,175,0,0,0,175
08/02/2014,STT,VI,ASO,ES,Towers with Radar,35,14,1,0,50,0,12,7,0,19,35,26,8,0,69,0,0,0,69
08/03/2014,STT,VI,ASO,ES,Towers with Radar,32,11,5,0,48,0,62,29,2,93,32,73,34,2,141,0,0,0,141
08/04/2014,STT,VI,ASO,ES,Towers with Radar,22,25,5,0,52,0,63,14,0,77,22,88,19,0,129,0,0,0,129
08/05/2014,STT,VI,ASO,ES,Towers with Radar,23,35,7,0,65,0,67,44,5,116,23,102,51,5,181,4,0,4,185
08/06/2014,STT,VI,ASO,ES,Towers with Radar,24,27,7,0,58,0,59,20,0,79,24,86,27,0,137,10,0,10,147
08/07/2014,STT,VI,ASO,ES,Towers with Radar,25,33,3,0,61,0,87,36,0,123,25,120,39,0,184,8,0,8,192
08/08/2014,STT,VI,ASO,ES,Towers with Radar,24,29,11,0,64,0,63,24,0,87,24,92,35,0,151,6,0,6,157
08/09/2014,STT,VI,ASO,ES,Towers with Radar,36,19,4,0,59,0,54,24,0,78,36,73,28,0,137,0,0,0,137
08/10/2014,STT,VI,ASO,ES,Towers with Radar,31,15,8,0,54,0,52,20,0,72,31,67,28,0,126,10,0,10,136
08/11/2014,STT,VI,ASO,ES,Towers with Radar,24,26,9,0,59,0,63,18,0,81,24,89,27,0,140,0,0,0,140
08/12/2014,STT,VI,ASO,ES,Towers with Radar,22,33,11,0,66,0,64,32,0,96,22,97,43,0,162,0,0,0,162
08/13/2014,STT,VI,ASO,ES,Towers with Radar,23,36,4,0,63,0,57,16,0,73,23,93,20,0,136,4,0,4,140
08/14/2014,STT,VI,ASO,ES,Towers with Radar,23,33,7,0,63,0,59,21,4,84,23,92,28,4,147,0,0,0,147
08/15/2014,STT,VI,ASO,ES,Towers with Radar,23,27,10,0,60,0,69,36,0,105,23,96,46,0,165,0,0,0,165
08/16/2014,STT,VI,ASO,ES,Towers with Radar,37,29,3,0,69,0,47,12,7,66,37,76,15,7,135,0,0,0,135
08/17/2014,STT,VI,ASO,ES,Towers with Radar,33,14,4,0,51,0,68,18,0,86,33,82,22,0,137,0,0,0,137
08/18/2014,STT,VI,ASO,ES,Towers with Radar,23,28,3,1,55,0,68,23,2,93,23,96,26,3,148,2,4,6,154
08/19/2014,STT,VI,ASO,ES,Towers with Radar,14,32,9,0,55,0,73,28,0,101,14,105,37,0,156,4,0,4,160
08/20/2014,STT,VI,ASO,ES,Towers with Radar,14,28,6,0,48,0,72,16,11,99,14,100,22,11,147,10,0,10,157
08/21/2014,STT,VI,ASO,ES,Towers with Radar,14,34,3,0,51,0,55,25,7,87,14,89,28,7,138,0,0,0,138
08/22/2014,STT,VI,ASO,ES,Towers with Radar,16,51,6,0,73,0,22,7,14,43,16,73,13,14,116,0,0,0,116
08/23/2014,STT,VI,ASO,ES,Towers with Radar,28,31,2,0,61,0,40,12,0,52,28,71,14,0,113,20,0,20,133
08/24/2014,STT,VI,ASO,ES,Towers with Radar,18,15,5,0,38,0,50,9,2,61,18,65,14,2,99,0,0,0,99
08/25/2014,STT,VI,ASO,ES,Towers with Radar,12,27,5,0,44,0,50,25,1,76,12,77,30,1,120,0,0,0,120
08/26/2014,STT,VI,ASO,ES,Towers with Radar,13,26,6,0,45,0,61,31,0,92,13,87,37,0,137,0,0,0,137
08/27/2014,STT,VI,ASO,ES,Towers with Radar,14,28,2,0,44,0,68,19,2,89,14,96,21,2,133,2,0,2,135
08/28/2014,STT,VI,ASO,ES,Towers with Radar,14,29,5,2,50,0,72,26,0,98,14,101,31,2,148,30,0,30,178
08/29/2014,STT,VI,ASO,ES,Towers with Radar,14,30,5,0,49,0,68,28,0,96,14,98,33,0,145,0,0,0,145
08/30/2014,STT,VI,ASO,ES,Towers with Radar,27,16,4,0,47,0,53,14,1,68,27,69,18,1,115,16,0,16,131
08/31/2014,STT,VI,ASO,ES,Towers with Radar,22,17,0,0,39,0,59,2,0,61,22,76,2,0,100,0,0,0,100
09/01/2014,STT,VI,ASO,ES,Towers with Radar,13,12,3,0,28,0,52,43,0,95,13,64,46,0,123,0,0,0,123
09/02/2014,STT,VI,ASO,ES,Towers with Radar,11,33,10,0,54,0,61,24,0,85,11,94,34,0,139,8,0,8,147
09/03/2014,STT,VI,ASO,ES,Towers with Radar,10,27,13,2,52,0,66,38,2,106,10,93,51,4,158,0,0,0,158
09/04/2014,STT,VI,ASO,ES,Towers with Radar,12,25,4,0,41,0,65,31,0,96,12,90,35,0,137,4,0,4,141
09/05/2014,STT,VI,ASO,ES,Towers with Radar,13,22,4,2,41,0,69,26,4,99,13,91,30,6,140,0,0,0,140
09/06/2014,STT,VI,ASO,ES,Towers with Radar,22,16,3,0,41,0,44,13,0,57,22,60,16,0,98,6,0,6,104
09/07/2014,STT,VI,ASO,ES,Towers with Radar,14,16,4,0,34,0,39,7,0,46,14,55,11,0,80,0,0,0,80
09/08/2014,STT,VI,ASO,ES,Towers with Radar,9,27,3,0,39,0,74,23,8,105,9,101,26,8,144,0,0,0,144
09/09/2014,STT,VI,ASO,ES,Towers with Radar,9,24,2,0,35,0,63,19,12,94,9,87,21,12,129,20,0,20,149
09/10/2014,STT,VI,ASO,ES,Towers with Radar,11,23,1,0,35,0,65,30,11,106,11,88,31,11,141,20,0,20,161
09/11/2014,STT,VI,ASO,ES,Towers with Radar,10,30,2,0,42,0,52,30,7,89,10,82,32,7,131,18,4,22,153
09/12/2014,STT,VI,ASO,ES,Towers with Radar,12,32,1,0,45,0,63,23,3,89,12,95,24,3,134,32,0,32,166
09/13/2014,STT,VI,ASO,ES,Towers with Radar,21,17,2,0,40,0,51,12,2,65,21,68,14,2,105,6,0,6,111
09/14/2014,STT,VI,ASO,ES,Towers with Radar,14,12,5,0,31,0,37,14,4,55,14,49,19,4,86,0,0,0,86
09/15/2014,STT,VI,ASO,ES,Towers with Radar,10,27,3,0,40,0,61,31,0,92,10,88,34,0,132,32,0,32,164
09/16/2014,STT,VI,ASO,ES,Towers with Radar,10,28,12,2,52,0,66,26,0,92,10,94,38,2,144,10,0,10,154
09/17/2014,STT,VI,ASO,ES,Towers with Radar,11,22,5,0,38,0,54,35,0,89,11,76,40,0,127,40,0,40,167
09/18/2014,STT,VI,ASO,ES,Towers with Radar,10,31,10,0,51,0,73,13,1,87,10,104,23,1,138,22,0,22,160
09/19/2014,STT,VI,ASO,ES,Towers with Radar,12,28,8,0,48,0,71,21,4,96,12,99,29,4,144,16,0,16,160
09/20/2014,STT,VI,ASO,ES,Towers with Radar,19,15,5,0,39,0,64,13,0,77,19,79,18,0,116,6,0,6,122
09/21/2014,STT,VI,ASO,ES,Towers with Radar,14,13,3,0,30,0,47,25,0,72,14,60,28,0,102,10,0,10,112
09/22/2014,STT,VI,ASO,ES,Towers with Radar,10,29,6,0,45,0,58,14,1,73,10,87,20,1,118,10,0,10,128
09/23/2014,STT,VI,ASO,ES,Towers with Radar,9,26,9,0,44,0,59,19,0,78,9,85,28,0,122,0,0,0,122
09/24/2014,STT,VI,ASO,ES,Towers with Radar,10,25,14,0,49,0,62,13,0,75,10,87,27,0,124,0,0,0,124
09/25/2014,STT,VI,ASO,ES,Towers with Radar,12,43,11,0,66,0,64,22,0,86,12,107,33,0,152,0,0,0,152
09/26/2014,STT,VI,ASO,ES,Towers with Radar,11,33,6,0,50,0,53,37,8,98,11,86,43,8,148,16,0,16,164
09/27/2014,STT,VI,ASO,ES,Towers with Radar,22,18,1,0,41,0,56,10,1,67,22,74,11,1,108,0,0,0,108
09/28/2014,STT,VI,ASO,ES,Towers with Radar,14,11,2,0,27,0,46,11,2,59,14,57,13,2,86,0,0,0,86
09/29/2014,STT,VI,ASO,ES,Towers with Radar,9,27,3,0,39,0,56,21,0,77,9,83,24,0,116,8,0,8,124
09/30/2014,STT,VI,ASO,ES,Towers with Radar,10,31,4,0,45,0,66,37,0,103,10,97,41,0,148,20,0,20,168
10/01/2014,STT,VI,ASO,ES,Towers with Radar,10,26,1,0,37,0,61,25,0,86,10,87,26,0,123,24,0,24,147
10/02/2014,STT,VI,ASO,ES,Towers with Radar,17,29,1,0,47,0,75,24,2,101,17,104,25,2,148,38,0,38,186
10/03/2014,STT,VI,ASO,ES,Towers with Radar,14,29,1,0,44,0,75,29,1,105,14,104,30,1,149,36,0,36,185
10/04/2014,STT,VI,ASO,ES,Towers with Radar,25,16,2,0,43,0,57,18,0,75,25,73,20,0,118,0,0,0,118
10/05/2014,STT,VI,ASO,ES,Towers with Radar,18,13,1,0,32,0,50,9,0,59,18,63,10,0,91,0,0,0,91
10/06/2014,STT,VI,ASO,ES,Towers with Radar,15,25,2,0,42,0,75,22,4,101,15,100,24,4,143,16,0,16,159
10/07/2014,STT,VI,ASO,ES,Towers with Radar,12,30,5,1,48,0,51,32,2,85,12,81,37,3,133,54,0,54,187
10/08/2014,STT,VI,ASO,ES,Towers with Radar,14,30,5,0,49,0,55,26,0,81,14,85,31,0,130,18,0,18,148
10/09/2014,STT,VI,ASO,ES,Towers with Radar,13,25,4,0,42,0,64,32,0,96,13,89,36,0,138,24,0,24,162
10/10/2014,STT,VI,ASO,ES,Towers with Radar,14,31,5,0,50,0,80,37,0,117,14,111,42,0,167,18,0,18,185
10/11/2014,STT,VI,ASO,ES,Towers with Radar,23,15,2,0,40,0,53,23,0,76,23,68,25,0,116,6,0,6,122
10/12/2014,STT,VI,ASO,ES,Towers with Radar,17,11,3,0,31,0,52,27,0,79,17,63,30,0,110,0,0,0,110
10/13/2014,STT,VI,ASO,ES,Towers with Radar,11,16,3,0,30,0,47,15,0,62,11,63,18,0,92,0,0,0,92
10/14/2014,STT,VI,ASO,ES,Towers with Radar,11,28,2,0,41,0,48,24,2,74,11,76,26,2,115,0,0,0,115
10/15/2014,STT,VI,ASO,ES,Towers with Radar,12,25,5,0,42,0,69,24,4,97,12,94,29,4,139,14,0,14,153
10/16/2014,STT,VI,ASO,ES,Towers with Radar,15,30,5,0,50,0,59,44,0,103,15,89,49,0,153,16,0,16,169
10/17/2014,STT,VI,ASO,ES,Towers with Radar,14,38,0,0,52,0,86,14,0,100,14,124,14,0,152,10,0,10,162
10/18/2014,STT,VI,ASO,ES,Towers with Radar,24,15,2,0,41,0,55,16,3,74,24,70,18,3,115,10,0,10,125
10/19/2014,STT,VI,ASO,ES,Towers with Radar,17,16,5,2,40,0,70,18,0,88,17,86,23,2,128,0,0,0,128
10/20/2014,STT,VI,ASO,ES,Towers with Radar,13,27,5,0,45,0,78,37,0,115,13,105,42,0,160,8,0,8,168
10/21/2014,STT,VI,ASO,ES,Towers with Radar,12,26,10,6,54,0,70,26,0,96,12,96,36,6,150,12,0,12,162
10/22/2014,STT,VI,ASO,ES,Towers with Radar,14,23,0,0,37,0,66,24,0,90,14,89,24,0,127,14,0,14,141
10/23/2014,STT,VI,ASO,ES,Towers with Radar,14,27,12,0,53,0,68,39,0,107,14,95,51,0,160,22,2,24,184
10/24/2014,STT,VI,ASO,ES,Towers with Radar,17,23,3,0,43,0,78,42,2,122,17,101,45,2,165,15,0,15,180
10/25/2014,STT,VI,ASO,ES,Towers with Radar,26,17,2,0,45,0,54,33,6,93,26,71,35,6,138,0,0,0,138
10/26/2014,STT,VI,ASO,ES,Towers with Radar,20,10,6,0,36,0,77,17,10,104,20,87,23,10,140,6,0,6,146
10/27/2014,STT,VI,ASO,ES,Towers with Radar,14,30,1,0,45,0,77,29,0,106,14,107,30,0,151,12,0,12,163
10/28/2014,STT,VI,ASO,ES,Towers with Radar,13,25,10,0,48,0,59,34,0,93,13,84,44,0,141,15,0,15,156
10/29/2014,STT,VI,ASO,ES,Towers with Radar,15,27,1,0,43,0,64,23,0,87,15,91,24,0,130,14,0,14,144
10/30/2014,STT,VI,ASO,ES,Towers with Radar,16,32,0,0,48,0,73,37,0,110,16,105,37,0,158,16,0,16,174
10/31/2014,STT,VI,ASO,ES,Towers with Radar,18,25,5,0,48,0,83,21,2,106,18,108,26,2,154,0,0,0,154
11/01/2014,STT,VI,ASO,ES,Towers with Radar,28,11,4,0,43,0,64,33,0,97,28,75,37,0,140,0,0,0,140
11/02/2014,STT,VI,ASO,ES,Towers with Radar,22,14,3,0,39,0,68,29,0,97,22,82,32,0,136,2,0,2,138
11/03/2014,STT,VI,ASO,ES,Towers with Radar,19,27,0,0,46,0,66,26,0,92,19,93,26,0,138,22,0,22,160
11/04/2014,STT,VI,ASO,ES,Towers with Radar,14,45,11,0,70,0,53,14,0,67,14,98,25,0,137,4,0,4,141
11/05/2014,STT,VI,ASO,ES,Towers with Radar,16,36,6,0,58,0,63,27,0,90,16,99,33,0,148,8,0,8,156
11/06/2014,STT,VI,ASO,ES,Towers with Radar,22,30,9,0,61,0,85,34,0,119,22,115,43,0,180,0,0,0,180
11/07/2014,STT,VI,ASO,ES,Towers with Radar,23,31,5,0,59,0,4,1,0,5,23,35,6,0,64,0,0,0,64
11/08/2014,STT,VI,ASO,ES,Towers with Radar,36,19,7,0,62,0,67,35,4,106,36,86,42,4,168,0,0,0,168
11/09/2014,STT,VI,ASO,ES,Towers with Radar,28,12,9,0,49,0,61,22,5,88,28,73,31,5,137,32,2,34,171
11/10/2014,STT,VI,ASO,ES,Towers with Radar,23,27,1,1,52,0,81,37,0,118,23,108,38,1,170,0,4,4,174
11/11/2014,STT,VI,ASO,ES,Towers with Radar,18,18,4,0,40,0,79,30,2,111,18,97,34,2,151,61,2,63,214
11/12/2014,STT,VI,ASO,ES,Towers with Radar,21,25,1,0,47,0,85,37,0,122,21,110,38,0,169,12,0,12,181
11/13/2014,STT,VI,ASO,ES,Towers with Radar,22,29,3,0,54,0,63,24,3,90,22,92,27,3,144,0,0,0,144
11/14/2014,STT,VI,ASO,ES,Towers with Radar,24,25,6,0,55,0,78,37,0,115,24,103,43,0,170,14,0,14,184
11/15/2014,STT,VI,ASO,ES,Towers with Radar,34,13,6,0,53,0,76,28,1,105,34,89,34,1,158,2,0,2,160
11/16/2014,STT,VI,ASO,ES,Towers with Radar,29,10,4,0,43,0,67,23,0,90,29,77,27,0,133,0,0,0,133
11/17/2014,STT,VI,ASO,ES,Towers with Radar,18,29,2,0,49,0,68,21,0,89,18,97,23,0,138,6,2,8,146
11/18/2014,STT,VI,ASO,ES,Towers with Radar,20,29,1,0,50,0,71,33,6,110,20,100,34,6,160,36,0,36,196
11/19/2014,STT,VI,ASO,ES,Towers with Radar,22,23,9,0,54,0,86,35,10,131,22,109,44,10,185,18,4,22,207
11/20/2014,STT,VI,ASO,ES,Towers with Radar,24,32,7,0,63,0,87,45,3,135,24,119,52,3,198,30,0,30,228
11/21/2014,STT,VI,ASO,ES,Towers with Radar,25,24,7,0,56,0,109,28,0,137,25,133,35,0,193,26,0,26,219
11/22/2014,STT,VI,ASO,ES,Towers with Radar,26,10,23,0,59,0,71,28,0,99,26,81,51,0,158,0,0,0,158
11/23/2014,STT,VI,ASO,ES,Towers with Radar,30,17,3,0,50,0,91,28,6,125,30,108,31,6,175,10,0,10,185
11/24/2014,STT,VI,ASO,ES,Towers with Radar,23,32,8,0,63,0,76,31,4,111,23,108,39,4,174,26,0,26,200
11/25/2014,STT,VI,ASO,ES,Towers with Radar,18,31,16,0,65,0,70,26,0,96,18,101,42,0,161,0,2,2,163
11/26/2014,STT,VI,ASO,ES,Towers with Radar,21,30,8,0,59,0,86,38,2,126,21,116,46,2,185,22,6,28,213
11/27/2014,STT,VI,ASO,ES,Towers with Radar,22,14,2,0,38,0,70,22,0,92,22,84,24,0,130,14,0,14,144
11/28/2014,STT,VI,ASO,ES,Towers with Radar,25,21,7,0,53,0,91,26,0,117,25,112,33,0,170,0,0,0,170
11/29/2014,STT,VI,ASO,ES,Towers with Radar,36,11,5,0,52,0,71,24,3,98,36,82,29,3,150,2,0,2,152
11/30/2014,STT,VI,ASO,ES,Towers with Radar,29,9,19,0,57,0,93,36,1,130,29,102,55,1,187,12,0,12,199
12/01/2014,STT,VI,ASO,ES,Towers with Radar,22,33,3,0,58,0,95,23,2,120,22,128,26,2,178,0,0,0,178
12/02/2014,STT,VI,ASO,ES,Towers with Radar,20,34,6,0,60,0,87,26,2,115,20,121,32,2,175,6,0,6,181
12/03/2014,STT,VI,ASO,ES,Towers with Radar,21,30,13,0,64,0,92,41,1,134,21,122,54,1,198,6,0,6,204
12/04/2014,STT,VI,ASO,ES,Towers with Radar,21,37,5,0,63,0,93,31,0,124,21,130,36,0,187,0,0,0,187
12/05/2014,STT,VI,ASO,ES,Towers with Radar,25,33,22,0,80,0,95,36,0,131,25,128,58,0,211,2,0,2,213
12/06/2014,STT,VI,ASO,ES,Towers with Radar,34,9,6,0,49,0,69,59,0,128,34,78,65,0,177,0,0,0,177
12/07/2014,STT,VI,ASO,ES,Towers with Radar,22,12,5,1,40,6,73,43,1,123,28,85,48,2,163,20,0,20,183
12/08/2014,STT,VI,ASO,ES,Towers with Radar,19,32,7,1,59,0,73,38,3,114,19,105,45,4,173,30,0,30,203
12/09/2014,STT,VI,ASO,ES,Towers with Radar,18,49,6,0,73,0,87,41,0,128,18,136,47,0,201,0,0,0,201
12/10/2014,STT,VI,ASO,ES,Towers with Radar,19,27,11,0,57,0,71,44,0,115,19,98,55,0,172,0,0,0,172
12/11/2014,STT,VI,ASO,ES,Towers with Radar,22,37,7,1,67,0,83,43,0,126,22,120,50,1,193,16,0,16,209
12/12/2014,STT,VI,ASO,ES,Towers with Radar,25,27,9,0,61,0,92,43,1,136,25,119,52,1,197,6,0,6,203
12/13/2014,STT,VI,ASO,ES,Towers with Radar,33,15,8,1,57,0,75,43,0,118,33,90,51,1,175,8,0,8,183
12/14/2014,STT,VI,ASO,ES,Towers with Radar,28,10,8,0,46,0,62,37,0,99,28,72,45,0,145,0,0,0,145
12/15/2014,STT,VI,ASO,ES,Towers with Radar,19,40,11,0,70,0,87,22,3,112,19,127,33,3,182,12,0,12,194
12/16/2014,STT,VI,ASO,ES,Towers with Radar,17,42,6,0,65,0,45,33,0,78,17,87,39,0,143,6,0,6,149
12/17/2014,STT,VI,ASO,ES,Towers with Radar,19,26,15,0,60,0,87,34,4,125,19,113,49,4,185,16,0,16,201
12/18/2014,STT,VI,ASO,ES,Towers with Radar,30,34,12,2,78,0,79,48,1,128,30,113,60,3,206,4,0,4,210
12/19/2014,STT,VI,ASO,ES,Towers with Radar,28,35,18,0,81,0,99,64,0,163,28,134,82,0,244,2,0,2,246
12/20/2014,STT,VI,ASO,ES,Towers with Radar,45,14,27,0,86,0,88,51,0,139,45,102,78,0,225,0,0,0,225
12/21/2014,STT,VI,ASO,ES,Towers with Radar,42,16,9,0,67,0,94,26,0,120,42,110,35,0,187,0,0,0,187
12/22/2014,STT,VI,ASO,ES,Towers with Radar,32,31,4,0,67,0,94,29,0,123,32,125,33,0,190,0,0,0,190
12/23/2014,STT,VI,ASO,ES,Towers with Radar,30,37,3,0,70,0,87,40,0,127,30,124,43,0,197,0,0,0,197
12/24/2014,STT,VI,ASO,ES,Towers with Radar,30,29,10,0,69,0,86,29,0,115,30,115,39,0,184,8,0,8,192
12/25/2014,STT,VI,ASO,ES,Towers with Radar,34,12,5,0,51,0,66,19,0,85,34,78,24,0,136,0,0,0,136
12/26/2014,STT,VI,ASO,ES,Towers with Radar,34,20,44,0,98,0,127,31,2,160,34,147,75,2,258,0,0,0,258
12/27/2014,STT,VI,ASO,ES,Towers with Radar,51,19,48,0,118,0,97,49,2,148,51,116,97,2,266,0,0,0,266
12/28/2014,STT,VI,ASO,ES,Towers with Radar,44,15,24,0,83,0,96,52,0,148,44,111,76,0,231,0,0,0,231
12/29/2014,STT,VI,ASO,ES,Towers with Radar,30,31,15,0,76,0,93,56,2,151,30,124,71,2,227,30,0,30,257
12/30/2014,STT,VI,ASO,ES,Towers with Radar,32,35,16,0,83,0,101,57,0,158,32,136,73,0,241,58,0,58,299
12/31/2014,STT,VI,ASO,ES,Towers with Radar,33,24,9,0,66,0,89,37,0,126,33,113,46,0,192,0,0,0,192
01/01/2015,STT,VI,ASO,ES,Towers with Radar,34,15,16,0,65,0,73,19,0,92,34,88,35,0,157,18,0,18,175
01/02/2015,STT,VI,ASO,ES,Towers with Radar,35,22,35,0,92,0,107,54,0,161,35,129,89,0,253,10,0,10,263
01/03/2015,STT,VI,ASO,ES,Towers with Radar,53,14,61,0,128,0,104,46,0,150,53,118,107,0,278,6,0,6,284
01/04/2015,STT,VI,ASO,ES,Towers with Radar,42,18,53,0,113,0,103,57,3,163,42,121,110,3,276,0,0,0,276
01/05/2015,STT,VI,ASO,ES,Towers with Radar,32,29,12,0,73,0,154,32,0,186,32,183,44,0,259,18,0,18,277
01/06/2015,STT,VI,ASO,ES,Towers with Radar,28,27,10,0,65,0,121,54,0,175,28,148,64,0,240,8,0,8,248
01/07/2015,STT,VI,ASO,ES,Towers with Radar,30,29,8,0,67,0,110,44,0,154,30,139,52,0,221,8,0,8,229
01/08/2015,STT,VI,ASO,ES,Towers with Radar,30,29,10,0,69,0,84,28,2,114,30,113,38,2,183,30,0,30,213
01/09/2015,STT,VI,ASO,ES,Towers with Radar,29,25,17,0,71,0,86,28,0,114,29,111,45,0,185,8,0,8,193
01/10/2015,STT,VI,ASO,ES,Towers with Radar,43,13,15,0,71,0,74,20,0,94,43,87,35,0,165,0,0,0,165
01/11/2015,STT,VI,ASO,ES,Towers with Radar,34,11,15,0,60,0,64,27,4,95,34,75,42,4,155,6,0,6,161
01/12/2015,STT,VI,ASO,ES,Towers with Radar,27,30,12,0,69,0,65,40,0,105,27,95,52,0,174,12,0,12,186
01/13/2015,STT,VI,ASO,ES,Towers with Radar,22,31,12,0,65,0,108,25,2,135,22,139,37,2,200,0,0,0,200
01/14/2015,STT,VI,ASO,ES,Towers with Radar,23,27,12,0,62,0,70,43,0,113,23,97,55,0,175,6,0,6,181
01/15/2015,STT,VI,ASO,ES,Towers with Radar,27,28,4,0,59,0,73,34,0,107,27,101,38,0,166,37,0,37,203
01/16/2015,STT,VI,ASO,ES,Towers with Radar,30,25,15,0,70,0,95,46,6,147,30,120,61,6,217,24,0,24,241
01/17/2015,STT,VI,ASO,ES,Towers with Radar,44,13,7,0,64,0,84,22,5,111,44,97,29,5,175,12,0,12,187
01/18/2015,STT,VI,ASO,ES,Towers with Radar,34,11,16,0,61,0,66,20,1,87,34,77,36,1,148,0,0,0,148
01/19/2015,STT,VI,ASO,ES,Towers with Radar,31,18,13,0,62,0,84,21,2,107,31,102,34,2,169,6,0,6,175
01/20/2015,STT,VI,ASO,ES,Towers with Radar,21,30,13,0,64,0,105,44,1,150,21,135,57,1,214,20,0,20,234
01/21/2015,STT,VI,ASO,ES,Towers with Radar,22,27,9,0,58,0,104,32,0,136,22,131,41,0,194,36,0,36,230
01/22/2015,STT,VI,ASO,ES,Towers with Radar,27,29,17,2,75,0,70,33,0,103,27,99,50,2,178,24,0,24,202
01/23/2015,STT,VI,ASO,ES,Towers with Radar,28,24,4,0,56,0,105,34,0,139,28,129,38,0,195,16,0,16,211
01/24/2015,STT,VI,ASO,ES,Towers with Radar,44,9,22,0,75,0,78,34,0,112,44,87,56,0,187,10,0,10,197
01/25/2015,STT,VI,ASO,ES,Towers with Radar,34,15,10,0,59,0,65,39,0,104,34,80,49,0,163,10,0,10,173
01/26/2015,STT,VI,ASO,ES,Towers with Radar,26,40,7,0,73,0,85,27,0,112,26,125,34,0,185,0,0,0,185
01/27/2015,STT,VI,ASO,ES,Towers with Radar,16,30,6,1,53,0,89,28,1,118,16,119,34,2,171,0,0,0,171
01/28/2015,STT,VI,ASO,ES,Towers with Radar,21,20,6,0,47,0,85,23,0,108,21,105,29,0,155,8,0,8,163
01/29/2015,STT,VI,ASO,ES,Towers with Radar,26,26,6,0,58,0,99,21,3,123,26,125,27,3,181,0,0,0,181
01/30/2015,STT,VI,ASO,ES,Towers with Radar,26,26,14,1,67,0,116,32,0,148,26,142,46,1,215,15,0,15,230
01/31/2015,STT,VI,ASO,ES,Towers with Radar,42,18,7,0,67,0,69,23,0,92,42,87,30,0,159,0,0,0,159
02/01/2015,STT,VI,ASO,ES,Towers with Radar,32,10,13,0,55,0,87,23,0,110,32,97,36,0,165,0,0,0,165
02/02/2015,STT,VI,ASO,ES,Towers with Radar,23,26,1,0,50,0,75,25,0,100,23,101,26,0,150,0,0,0,150
02/03/2015,STT,VI,ASO,ES,Towers with Radar,21,31,7,0,59,0,71,34,0,105,21,102,41,0,164,16,0,16,180
02/04/2015,STT,VI,ASO,ES,Towers with Radar,24,24,8,0,56,0,95,40,0,135,24,119,48,0,191,0,0,0,191
02/05/2015,STT,VI,ASO,ES,Towers with Radar,26,29,5,0,60,0,104,31,1,136,26,133,36,1,196,0,3,3,199
02/06/2015,STT,VI,ASO,ES,Towers with Radar,27,32,7,0,66,0,100,38,0,138,27,132,45,0,204,14,0,14,218
02/07/2015,STT,VI,ASO,ES,Towers with Radar,44,11,15,0,70,0,90,16,1,107,44,101,31,1,177,0,0,0,177
02/08/2015,STT,VI,ASO,ES,Towers with Radar,34,10,14,0,58,0,64,32,0,96,34,74,46,0,154,0,0,0,154
02/09/2015,STT,VI,ASO,ES,Towers with Radar,28,29,5,0,62,0,111,28,1,140,28,140,33,1,202,8,0,8,210
02/10/2015,STT,VI,ASO,ES,Towers with Radar,23,29,8,0,60,0,85,34,0,119,23,114,42,0,179,20,0,20,199
02/11/2015,STT,VI,ASO,ES,Towers with Radar,23,23,10,0,56,0,89,29,0,118,23,112,39,0,174,0,0,0,174
02/12/2015,STT,VI,ASO,ES,Towers with Radar,30,25,25,0,80,0,119,39,0,158,30,144,64,0,238,0,0,0,238
02/13/2015,STT,VI,ASO,ES,Towers with Radar,35,31,17,0,83,0,96,51,0,147,35,127,68,0,230,0,0,0,230
02/14/2015,STT,VI,ASO,ES,Towers with Radar,44,21,23,0,88,0,98,48,0,146,44,119,71,0,234,0,0,0,234
02/15/2015,STT,VI,ASO,ES,Towers with Radar,25,18,17,0,60,0,64,47,0,111,25,82,64,0,171,4,0,4,175
02/16/2015,STT,VI,ASO,ES,Towers with Radar,29,35,22,0,86,0,85,29,0,114,29,120,51,0,200,0,0,0,200
02/17/2015,STT,VI,ASO,ES,Towers with Radar,25,40,12,0,77,0,125,44,0,169,25,165,56,0,246,16,0,16,262
02/18/2015,STT,VI,ASO,ES,Towers with Radar,27,19,11,0,57,0,99,50,0,149,27,118,61,0,206,0,0,0,206
02/19/2015,STT,VI,ASO,ES,Towers with Radar,30,25,10,0,65,0,86,39,0,125,30,111,49,0,190,0,0,0,190
02/20/2015,STT,VI,ASO,ES,Towers with Radar,33,24,15,0,72,0,103,36,0,139,33,127,51,0,211,20,0,20,231
02/21/2015,STT,VI,ASO,ES,Towers with Radar,43,17,31,0,91,0,99,45,0,144,43,116,76,0,235,0,0,0,235
02/22/2015,STT,VI,ASO,ES,Towers with Radar,30,25,15,0,70,0,61,34,0,95,30,86,49,0,165,0,0,0,165
02/23/2015,STT,VI,ASO,ES,Towers with Radar,31,29,4,0,64,0,87,47,0,134,31,116,51,0,198,0,0,0,198
02/24/2015,STT,VI,ASO,ES,Towers with Radar,29,27,7,0,63,0,98,37,1,136,29,125,44,1,199,0,2,2,201
02/25/2015,STT,VI,ASO,ES,Towers with Radar,26,27,11,0,64,0,85,41,0,126,26,112,52,0,190,0,0,0,190
02/26/2015,STT,VI,ASO,ES,Towers with Radar,29,24,10,0,63,0,92,28,4,124,29,116,38,4,187,0,0,0,187
02/27/2015,STT,VI,ASO,ES,Towers with Radar,29,27,9,8,73,0,95,40,0,135,29,122,49,8,208,0,0,0,208
02/28/2015,STT,VI,ASO,ES,Towers with Radar,44,17,20,0,81,0,63,52,0,115,44,80,72,0,196,0,0,0,196
03/01/2015,STT,VI,ASO,ES,Towers with Radar,38,23,15,9,85,0,77,65,3,145,38,100,80,12,230,0,0,0,230
03/02/2015,STT,VI,ASO,ES,Towers with Radar,28,28,4,0,60,0,70,30,3,103,28,98,34,3,163,0,0,0,163
03/03/2015,STT,VI,ASO,ES,Towers with Radar,26,30,9,0,65,0,115,31,0,146,26,145,40,0,211,0,0,0,211
03/04/2015,STT,VI,ASO,ES,Towers with Radar,27,20,9,0,56,0,89,35,0,124,27,109,44,0,180,0,0,0,180
03/05/2015,STT,VI,ASO,ES,Towers with Radar,29,27,18,1,75,0,83,28,4,115,29,110,46,5,190,2,0,2,192
03/06/2015,STT,VI,ASO,ES,Towers with Radar,27,32,10,0,69,0,96,27,0,123,27,128,37,0,192,4,0,4,196
03/07/2015,STT,VI,ASO,ES,Towers with Radar,46,12,30,0,88,0,90,42,0,132,46,102,72,0,220,6,0,6,226
03/08/2015,STT,VI,ASO,ES,Towers with Radar,37,15,16,0,68,0,64,38,0,102,37,79,54,0,170,0,0,0,170
03/09/2015,STT,VI,ASO,ES,Towers with Radar,28,39,7,0,74,0,80,36,1,117,28,119,43,1,191,4,0,4,195
03/10/2015,STT,VI,ASO,ES,Towers with Radar,25,31,7,0,63,0,96,40,0,136,25,127,47,0,199,0,0,0,199
03/11/2015,STT,VI,ASO,ES,Towers with Radar,28,49,3,0,80,0,78,28,1,107,28,127,31,1,187,0,0,0,187
03/12/2015,STT,VI,ASO,ES,Towers with Radar,28,50,24,0,102,0,92,27,2,121,28,142,51,2,223,6,0,6,229
03/13/2015,STT,VI,ASO,ES,Towers with Radar,30,36,17,0,83,0,89,30,0,119,30,125,47,0,202,0,0,0,202
03/14/2015,STT,VI,ASO,ES,Towers with Radar,48,19,19,0,86,0,67,26,0,93,48,86,45,0,179,0,0,0,179
03/15/2015,STT,VI,ASO,ES,Towers with Radar,36,18,22,0,76,0,74,59,0,133,36,92,81,0,209,0,0,0,209
03/16/2015,STT,VI,ASO,ES,Towers with Radar,27,47,18,0,92,0,92,32,1,125,27,139,50,1,217,0,0,0,217
03/17/2015,STT,VI,ASO,ES,Towers with Radar,25,44,14,0,83,0,90,49,0,139,25,134,63,0,222,20,0,20,242
03/18/2015,STT,VI,ASO,ES,Towers with Radar,30,28,21,0,79,0,89,57,1,147,30,117,78,1,226,12,1,13,239
03/19/2015,STT,VI,ASO,ES,Towers with Radar,28,33,33,0,94,0,79,43,0,122,28,112,76,0,216,14,0,14,230
03/20/2015,STT,VI,ASO,ES,Towers with Radar,30,28,23,0,81,0,100,40,0,140,30,128,63,0,221,2,0,2,223
03/21/2015,STT,VI,ASO,ES,Towers with Radar,47,20,36,0,103,0,70,55,0,125,47,90,91,0,228,0,0,0,228
03/22/2015,STT,VI,ASO,ES,Towers with Radar,38,14,18,0,70,0,76,31,0,107,38,90,49,0,177,0,0,0,177
03/23/2015,STT,VI,ASO,ES,Towers with Radar,27,31,8,0,66,0,89,40,2,131,27,120,48,2,197,0,0,0,197
03/24/2015,STT,VI,ASO,ES,Towers with Radar,25,29,8,0,62,0,94,49,3,146,25,123,57,3,208,4,0,4,212
03/25/2015,STT,VI,ASO,ES,Towers with Radar,28,22,12,0,62,0,83,41,0,124,28,105,53,0,186,6,0,6,192
03/26/2015,STT,VI,ASO,ES,Towers with Radar,27,35,16,0,78,0,95,38,6,139,27,130,54,6,217,0,0,0,217
03/27/2015,STT,VI,ASO,ES,Towers with Radar,30,34,17,0,81,0,121,31,3,155,30,155,48,3,236,0,0,0,236
03/28/2015,STT,VI,ASO,ES,Towers with Radar,50,15,22,0,87,0,69,45,0,114,50,84,67,0,201,0,0,0,201
03/29/2015,STT,VI,ASO,ES,Towers with Radar,37,14,16,0,67,0,66,39,2,107,37,80,55,2,174,12,0,12,186
03/30/2015,STT,VI,ASO,ES,Towers with Radar,28,32,13,3,76,0,76,41,2,119,28,108,54,5,195,26,0,26,221
03/31/2015,STT,VI,ASO,ES,Towers with Radar,26,27,13,2,68,0,91,40,3,134,26,118,53,5,202,0,0,0,202
04/01/2015,STT,VI,ASO,ES,Towers with Radar,29,29,14,0,72,0,87,35,2,124,29,116,49,2,196,0,0,0,196
04/02/2015,STT,VI,ASO,ES,Towers with Radar,31,34,25,0,90,0,96,61,0,157,31,130,86,0,247,6,0,6,253
04/03/2015,STT,VI,ASO,ES,Towers with Radar,29,16,27,0,72,0,83,36,3,122,29,99,63,3,194,0,0,0,194
04/04/2015,STT,VI,ASO,ES,Towers with Radar,49,19,25,2,95,0,67,30,0,97,49,86,55,2,192,0,0,0,192
04/05/2015,STT,VI,ASO,ES,Towers with Radar,36,17,17,0,70,0,70,46,0,116,36,87,63,0,186,0,0,0,186
04/06/2015,STT,VI,ASO,ES,Towers with Radar,28,27,15,0,70,0,62,53,1,116,28,89,68,1,186,0,0,0,186
04/07/2015,STT,VI,ASO,ES,Towers with Radar,27,38,9,0,74,0,72,57,9,138,27,110,66,9,212,28,0,28,240
04/08/2015,STT,VI,ASO,ES,Towers with Radar,28,27,9,0,64,0,76,30,11,117,28,103,39,11,181,26,0,26,207
04/09/2015,STT,VI,ASO,ES,Towers with Radar,29,37,10,0,76,0,84,46,11,141,29,121,56,11,217,8,0,8,225
04/10/2015,STT,VI,ASO,ES,Towers with Radar,30,34,15,1,80,0,107,27,13,147,30,141,42,14,227,20,0,20,247
04/11/2015,STT,VI,ASO,ES,Towers with Radar,44,16,16,1,77,0,72,41,2,115,44,88,57,3,192,0,0,0,192
04/12/2015,STT,VI,ASO,ES,Towers with Radar,36,20,10,0,66,0,70,43,0,113,36,90,53,0,179,6,0,6,185
04/13/2015,STT,VI,ASO,ES,Towers with Radar,32,30,9,1,72,0,73,25,1,99,32,103,34,2,171,0,0,0,171
04/14/2015,STT,VI,ASO,ES,Towers with Radar,27,26,2,0,55,0,84,36,0,120,27,110,38,0,175,22,0,22,197
04/15/2015,STT,VI,ASO,ES,Towers with Radar,27,22,3,0,52,0,75,46,0,121,27,97,49,0,173,50,0,50,223
04/16/2015,STT,VI,ASO,ES,Towers with Radar,30,32,3,0,65,0,86,53,6,145,30,118,56,6,210,18,0,18,228
04/17/2015,STT,VI,ASO,ES,Towers with Radar,31,31,4,0,66,0,99,38,3,140,31,130,42,3,206,9,0,9,215
04/18/2015,STT,VI,ASO,ES,Towers with Radar,40,15,10,0,65,0,86,45,0,131,40,101,55,0,196,0,0,0,196
04/19/2015,STT,VI,ASO,ES,Towers with Radar,36,14,7,0,57,0,71,30,4,105,36,85,37,4,162,1,0,1,163
04/20/2015,STT,VI,ASO,ES,Towers with Radar,31,30,7,0,68,0,68,45,5,118,31,98,52,5,186,24,0,24,210
04/21/2015,STT,VI,ASO,ES,Towers with Radar,25,30,3,0,58,0,86,41,0,127,25,116,44,0,185,10,0,10,195
04/22/2015,STT,VI,ASO,ES,Towers with Radar,23,28,10,0,61,0,98,35,2,135,23,126,45,2,196,0,0,0,196
04/23/2015,STT,VI,ASO,ES,Towers with Radar,27,31,9,0,67,0,93,30,2,125,27,124,39,2,192,2,0,2,194
04/24/2015,STT,VI,ASO,ES,Towers with Radar,29,27,9,0,65,0,104,36,0,140,29,131,45,0,205,32,0,32,237
04/25/2015,STT,VI,ASO,ES,Towers with Radar,42,13,7,0,62,0,62,33,0,95,42,75,40,0,157,14,0,14,171
04/26/2015,STT,VI,ASO,ES,Towers with Radar,35,14,1,0,50,0,70,32,0,102,35,84,33,0,152,0,0,0,152
04/27/2015,STT,VI,ASO,ES,Towers with Radar,27,21,8,0,56,0,89,28,0,117,27,110,36,0,173,0,0,0,173
04/28/2015,STT,VI,ASO,ES,Towers with Radar,24,36,12,0,72,0,84,36,3,123,24,120,48,3,195,0,0,0,195
04/29/2015,STT,VI,ASO,ES,Towers with Radar,25,22,3,0,50,0,91,34,0,125,25,113,37,0,175,0,0,0,175
04/30/2015,STT,VI,ASO,ES,Towers with Radar,26,32,12,0,70,0,108,29,1,138,26,140,41,1,208,2,2,4,212
05/01/2015,STT,VI,ASO,ES,Towers with Radar,28,19,15,0,62,0,88,22,0,110,28,107,37,0,172,0,0,0,172
05/02/2015,STT,VI,ASO,ES,Towers with Radar,37,14,3,0,54,0,78,23,0,101,37,92,26,0,155,0,0,0,155
05/03/2015,STT,VI,ASO,ES,Towers with Radar,32,14,7,0,53,0,95,37,0,132,32,109,44,0,185,2,0,2,187
05/04/2015,STT,VI,ASO,ES,Towers with Radar,27,29,7,0,63,0,89,36,0,125,27,118,43,0,188,4,0,4,192
05/05/2015,STT,VI,ASO,ES,Towers with Radar,22,30,6,0,58,0,108,32,0,140,22,138,38,0,198,0,0,0,198
05/06/2015,STT,VI,ASO,ES,Towers with Radar,22,24,5,0,51,0,85,41,0,126,22,109,46,0,177,18,0,18,195
05/07/2015,STT,VI,ASO,ES,Towers with Radar,23,30,12,0,65,0,98,30,3,131,23,128,42,3,196,0,0,0,196
05/08/2015,STT,VI,ASO,ES,Towers with Radar,24,25,2,0,51,0,101,28,0,129,24,126,30,0,180,0,0,0,180
05/09/2015,STT,VI,ASO,ES,Towers with Radar,35,14,4,0,53,0,67,34,0,101,35,81,38,0,154,0,0,0,154
05/10/2015,STT,VI,ASO,ES,Towers with Radar,30,15,3,0,48,0,70,30,0,100,30,85,33,0,148,0,0,0,148
05/11/2015,STT,VI,ASO,ES,Towers with Radar,24,34,6,0,64,0,73,31,0,104,24,107,37,0,168,0,0,0,168
05/12/2015,STT,VI,ASO,ES,Towers with Radar,22,33,4,0,59,0,81,14,8,103,22,114,18,8,162,0,0,0,162
05/13/2015,STT,VI,ASO,ES,Towers with Radar,22,28,9,0,59,0,103,39,0,142,22,131,48,0,201,0,0,0,201
05/14/2015,STT,VI,ASO,ES,Towers with Radar,24,35,10,0,69,0,70,29,0,99,24,105,39,0,168,12,0,12,180
05/15/2015,STT,VI,ASO,ES,Towers with Radar,24,33,3,0,60,0,87,25,0,112,24,120,28,0,172,0,0,0,172
05/16/2015,STT,VI,ASO,ES,Towers with Radar,34,16,7,1,58,0,63,31,5,99,34,79,38,6,157,14,0,14,171
05/17/2015,STT,VI,ASO,ES,Towers with Radar,29,12,7,1,49,0,60,14,3,77,29,72,21,4,126,0,0,0,126
05/18/2015,STT,VI,ASO,ES,Towers with Radar,24,31,11,0,66,0,71,21,0,92,24,102,32,0,158,5,0,5,163
05/19/2015,STT,VI,ASO,ES,Towers with Radar,22,35,5,0,62,0,60,25,3,88,22,95,30,3,150,8,0,8,158
05/20/2015,STT,VI,ASO,ES,Towers with Radar,23,36,12,0,71,0,87,28,1,116,23,123,40,1,187,0,0,0,187
05/21/2015,STT,VI,ASO,ES,Towers with Radar,22,25,7,0,54,0,80,38,1,119,22,105,45,1,173,8,0,8,181
05/22/2015,STT,VI,ASO,ES,Towers with Radar,23,27,4,0,54,0,94,38,0,132,23,121,42,0,186,0,0,0,186
05/23/2015,STT,VI,ASO,ES,Towers with Radar,37,15,5,0,57,0,67,27,4,98,37,82,32,4,155,2,0,2,157
05/24/2015,STT,VI,ASO,ES,Towers with Radar,29,15,2,0,46,0,72,13,1,86,29,87,15,1,132,12,0,12,144
05/25/2015,STT,VI,ASO,ES,Towers with Radar,24,18,8,0,50,0,85,28,4,117,24,103,36,4,167,18,0,18,185
05/26/2015,STT,VI,ASO,ES,Towers with Radar,23,34,5,0,62,0,80,39,0,119,23,114,44,0,181,10,0,10,191
05/27/2015,STT,VI,ASO,ES,Towers with Radar,23,21,4,0,48,0,75,30,2,107,23,96,34,2,155,0,0,0,155
05/28/2015,STT,VI,ASO,ES,Towers with Radar,23,29,8,0,60,0,84,34,0,118,23,113,42,0,178,2,0,2,180
05/29/2015,STT,VI,ASO,ES,Towers with Radar,24,30,9,12,75,0,70,35,2,107,24,100,44,14,182,0,0,0,182
05/30/2015,STT,VI,ASO,ES,Towers with Radar,35,13,4,0,52,0,66,24,0,90,35,79,28,0,142,8,0,8,150
05/31/2015,STT,VI,ASO,ES,Towers with Radar,27,13,25,0,65,0,51,40,0,91,27,64,65,0,156,0,0,0,156
06/01/2015,STT,VI,ASO,ES,Towers with Radar,25,34,4,0,63,0,68,26,2,96,25,102,30,2,159,10,0,10,169
06/02/2015,STT,VI,ASO,ES,Towers with Radar,22,25,5,0,52,0,71,25,0,96,22,96,30,0,148,6,0,6,154
06/03/2015,STT,VI,ASO,ES,Towers with Radar,24,22,5,0,51,0,52,27,2,81,24,74,32,2,132,0,0,0,132
06/04/2015,STT,VI,ASO,ES,Towers with Radar,22,39,9,0,70,0,71,24,2,97,22,110,33,2,167,30,0,30,197
06/05/2015,STT,VI,ASO,ES,Towers with Radar,21,27,5,0,53,0,90,26,0,116,21,117,31,0,169,8,0,8,177
06/06/2015,STT,VI,ASO,ES,Towers with Radar,40,15,8,1,64,0,65,19,0,84,40,80,27,1,148,16,0,16,164
06/07/2015,STT,VI,ASO,ES,Towers with Radar,32,14,3,0,49,0,59,37,0,96,32,73,40,0,145,8,0,8,153
06/08/2015,STT,VI,ASO,ES,Towers with Radar,22,27,9,0,58,0,67,45,0,112,22,94,54,0,170,0,0,0,170
06/09/2015,STT,VI,ASO,ES,Towers with Radar,19,30,4,0,53,0,72,32,2,106,19,102,36,2,159,0,0,0,159
06/10/2015,STT,VI,ASO,ES,Towers with Radar,20,23,4,0,47,0,74,35,1,110,20,97,39,1,157,0,0,0,157
06/11/2015,STT,VI,ASO,ES,Towers with Radar,21,31,2,0,54,0,93,34,6,133,21,124,36,6,187,12,0,12,199
06/12/2015,STT,VI,ASO,ES,Towers with Radar,19,32,9,0,60,0,87,35,0,122,19,119,44,0,182,18,0,18,200
06/13/2015,STT,VI,ASO,ES,Towers with Radar,40,13,3,0,56,0,54,36,0,90,40,67,39,0,146,8,0,8,154
06/14/2015,STT,VI,ASO,ES,Towers with Radar,32,13,5,0,50,0,75,20,0,95,32,88,25,0,145,6,0,6,151
06/15/2015,STT,VI,ASO,ES,Towers with Radar,21,29,10,0,60,0,74,34,0,108,21,103,44,0,168,0,0,0,168
06/16/2015,STT,VI,ASO,ES,Towers with Radar,19,25,2,0,46,0,59,22,0,81,19,84,24,0,127,14,0,14,141
06/17/2015,STT,VI,ASO,ES,Towers with Radar,18,22,7,4,51,0,86,26,2,114,18,108,33,6,165,2,0,2,167
06/18/2015,STT,VI,ASO,ES,Towers with Radar,22,31,5,2,60,0,85,43,1,129,22,116,48,3,189,0,0,0,189
06/19/2015,STT,VI,ASO,ES,Towers with Radar,22,26,5,2,55,0,94,44,2,140,22,120,49,4,195,4,0,4,199
06/20/2015,STT,VI,ASO,ES,Towers with Radar,37,13,9,0,59,0,71,31,0,102,37,84,40,0,161,4,0,4,165
06/21/2015,STT,VI,ASO,ES,Towers with Radar,32,13,8,0,53,0,54,26,0,80,32,67,34,0,133,0,0,0,133
06/22/2015,STT,VI,ASO,ES,Towers with Radar,22,33,15,0,70,0,68,31,13,112,22,101,46,13,182,0,0,0,182
06/23/2015,STT,VI,ASO,ES,Towers with Radar,21,30,13,0,64,0,70,24,6,100,21,100,37,6,164,0,0,0,164
06/24/2015,STT,VI,ASO,ES,Towers with Radar,22,28,3,0,53,0,73,27,4,104,22,101,30,4,157,12,0,12,169
06/25/2015,STT,VI,ASO,ES,Towers with Radar,22,23,10,0,55,0,85,33,5,123,22,108,43,5,178,12,2,14,192
06/26/2015,STT,VI,ASO,ES,Towers with Radar,22,22,6,0,50,0,96,28,0,124,22,118,34,0,174,0,0,0,174
06/27/2015,STT,VI,ASO,ES,Towers with Radar,35,10,6,0,51,0,66,31,0,97,35,76,37,0,148,10,0,10,158
06/28/2015,STT,VI,ASO,ES,Towers with Radar,31,15,9,0,55,0,66,22,0,88,31,81,31,0,143,0,0,0,143
06/29/2015,STT,VI,ASO,ES,Towers with Radar,21,28,1,3,53,0,77,36,0,113,21,105,37,3,166,0,0,0,166
06/30/2015,STT,VI,ASO,ES,Towers with Radar,24,26,12,0,62,0,58,27,0,85,24,84,39,0,147,0,0,0,147
07/01/2015,STT,VI,ASO,ES,Towers with Radar,21,26,8,0,55,0,60,15,0,75,21,86,23,0,130,0,0,0,130
07/02/2015,STT,VI,ASO,ES,Towers with Radar,22,35,4,0,61,0,69,23,2,94,22,104,27,2,155,0,0,0,155
07/03/2015,STT,VI,ASO,ES,Towers with Radar,23,18,1,0,42,0,78,39,0,117,23,96,40,0,159,0,0,0,159
07/04/2015,STT,VI,ASO,ES,Towers with Radar,38,7,4,0,49,0,48,18,0,66,38,55,22,0,115,0,0,0,115
07/05/2015,STT,VI,ASO,ES,Towers with Radar,32,12,7,0,51,0,66,21,0,87,32,78,28,0,138,0,0,0,138
07/06/2015,STT,VI,ASO,ES,Towers with Radar,22,32,4,0,58,0,75,37,0,112,22,107,41,0,170,0,0,0,170
07/07/2015,STT,VI,ASO,ES,Towers with Radar,27,25,5,0,57,0,66,36,2,104,27,91,41,2,161,0,0,0,161
07/08/2015,STT,VI,ASO,ES,Towers with Radar,21,22,9,0,52,0,71,40,4,115,21,93,49,4,167,6,4,10,177
07/09/2015,STT,VI,ASO,ES,Towers with Radar,22,33,3,0,58,0,70,23,9,102,22,103,26,9,160,12,0,12,172
07/10/2015,STT,VI,ASO,ES,Towers with Radar,22,23,9,0,54,0,100,42,3,145,22,123,51,3,199,8,0,8,207
07/11/2015,STT,VI,ASO,ES,Towers with Radar,37,14,5,0,56,0,64,17,0,81,37,78,22,0,137,0,0,0,137
07/12/2015,STT,VI,ASO,ES,Towers with Radar,33,18,7,0,58,0,62,16,4,82,33,80,23,4,140,0,0,0,140
07/13/2015,STT,VI,ASO,ES,Towers with Radar,25,26,4,0,55,0,74,36,0,110,25,100,40,0,165,0,0,0,165
07/14/2015,STT,VI,ASO,ES,Towers with Radar,21,27,3,0,51,0,62,35,0,97,21,89,38,0,148,0,0,0,148
07/15/2015,STT,VI,ASO,ES,Towers with Radar,23,17,2,0,42,0,61,34,0,95,23,78,36,0,137,0,0,0,137
07/16/2015,STT,VI,ASO,ES,Towers with Radar,22,30,0,0,52,0,62,25,1,88,22,92,25,1,140,10,0,10,150
07/17/2015,STT,VI,ASO,ES,Towers with Radar,21,27,3,1,52,0,94,23,5,122,21,121,26,6,174,8,0,8,182
07/18/2015,STT,VI,ASO,ES,Towers with Radar,38,15,5,10,68,0,65,25,0,90,38,80,30,10,158,0,0,0,158
07/19/2015,STT,VI,ASO,ES,Towers with Radar,33,11,13,1,58,0,71,16,6,93,33,82,29,7,151,0,0,0,151
07/20/2015,STT,VI,ASO,ES,Towers with Radar,23,28,2,1,54,0,84,37,0,121,23,112,39,1,175,0,0,0,175
07/21/2015,STT,VI,ASO,ES,Towers with Radar,25,35,4,0,64,0,60,24,0,84,25,95,28,0,148,0,0,0,148
07/22/2015,STT,VI,ASO,ES,Towers with Radar,22,21,8,0,51,0,74,36,3,113,22,95,44,3,164,0,0,0,164
07/23/2015,STT,VI,ASO,ES,Towers with Radar,22,27,2,0,51,0,75,29,0,104,22,102,31,0,155,0,0,0,155
07/24/2015,STT,VI,ASO,ES,Towers with Radar,22,27,5,0,54,0,98,30,0,128,22,125,35,0,182,12,0,12,194
07/25/2015,STT,VI,ASO,ES,Towers with Radar,39,13,3,0,55,0,54,21,0,75,39,67,24,0,130,0,0,0,130
07/26/2015,STT,VI,ASO,ES,Towers with Radar,33,12,7,0,52,0,74,19,0,93,33,86,26,0,145,0,0,0,145
07/27/2015,STT,VI,ASO,ES,Towers with Radar,22,30,10,0,62,0,76,28,0,104,22,106,38,0,166,0,0,0,166
07/28/2015,STT,VI,ASO,ES,Towers with Radar,22,29,7,0,58,0,69,33,0,102,22,98,40,0,160,0,0,0,160
07/29/2015,STT,VI,ASO,ES,Towers with Radar,21,29,7,0,57,0,80,42,0,122,21,109,49,0,179,16,0,16,195
07/30/2015,STT,VI,ASO,ES,Towers with Radar,22,32,7,0,61,0,80,26,0,106,22,112,33,0,167,0,0,0,167
07/31/2015,STT,VI,ASO,ES,Towers with Radar,23,29,5,0,57,0,97,36,0,133,23,126,41,0,190,0,0,0,190
08/01/2015,STT,VI,ASO,ES,Towers with Radar,38,13,3,0,54,0,66,34,0,100,38,79,37,0,154,0,0,0,154
08/02/2015,STT,VI,ASO,ES,Towers with Radar,32,15,3,0,50,0,66,29,0,95,32,81,32,0,145,0,0,0,145
08/03/2015,STT,VI,ASO,ES,Towers with Radar,22,27,14,0,63,0,77,37,1,115,22,104,51,1,178,0,0,0,178
08/04/2015,STT,VI,ASO,ES,Towers with Radar,22,28,6,0,56,0,75,38,0,113,22,103,44,0,169,4,0,4,173
08/05/2015,STT,VI,ASO,ES,Towers with Radar,21,24,6,0,51,0,76,34,0,110,21,100,40,0,161,0,0,0,161
08/06/2015,STT,VI,ASO,ES,Towers with Radar,22,33,7,0,62,0,77,34,2,113,22,110,41,2,175,0,0,0,175
08/07/2015,STT,VI,ASO,ES,Towers with Radar,21,23,6,0,50,0,95,33,0,128,21,118,39,0,178,0,0,0,178
08/08/2015,STT,VI,ASO,ES,Towers with Radar,39,17,3,0,59,0,61,15,2,78,39,78,18,2,137,0,0,0,137
08/09/2015,STT,VI,ASO,ES,Towers with Radar,33,13,4,0,50,0,70,22,0,92,33,83,26,0,142,0,0,0,142
08/10/2015,STT,VI,ASO,ES,Towers with Radar,22,28,9,0,59,0,70,27,3,100,22,98,36,3,159,0,0,0,159
08/11/2015,STT,VI,ASO,ES,Towers with Radar,22,27,5,0,54,0,74,36,0,110,22,101,41,0,164,0,0,0,164
08/12/2015,STT,VI,ASO,ES,Towers with Radar,22,27,6,0,55,0,79,48,1,128,22,106,54,1,183,10,0,10,193
08/13/2015,STT,VI,ASO,ES,Towers with Radar,21,31,3,0,55,0,72,31,0,103,21,103,34,0,158,10,0,10,168
08/14/2015,STT,VI,ASO,ES,Towers with Radar,22,28,2,0,52,0,88,25,0,113,22,116,27,0,165,0,0,0,165
08/15/2015,STT,VI,ASO,ES,Towers with Radar,40,19,0,0,59,0,51,13,0,64,40,70,13,0,123,0,0,0,123
08/16/2015,STT,VI,ASO,ES,Towers with Radar,32,13,5,0,50,0,63,11,0,74,32,76,16,0,124,0,0,0,124
08/17/2015,STT,VI,ASO,ES,Towers with Radar,23,29,4,0,56,0,75,22,0,97,23,104,26,0,153,0,0,0,153
08/18/2015,STT,VI,ASO,ES,Towers with Radar,12,30,6,0,48,0,74,24,0,98,12,104,30,0,146,12,0,12,158
08/19/2015,STT,VI,ASO,ES,Towers with Radar,14,25,0,0,39,0,77,36,2,115,14,102,36,2,154,14,0,14,168
08/20/2015,STT,VI,ASO,ES,Towers with Radar,16,30,9,0,55,0,85,31,0,116,16,115,40,0,171,0,0,0,171
08/21/2015,STT,VI,ASO,ES,Towers with Radar,16,28,9,0,53,0,91,29,0,120,16,119,38,0,173,0,0,0,173
08/22/2015,STT,VI,ASO,ES,Towers with Radar,26,14,3,0,43,0,57,28,0,85,26,71,31,0,128,0,0,0,128
08/23/2015,STT,VI,ASO,ES,Towers with Radar,22,8,5,0,35,0,46,14,0,60,22,54,19,0,95,0,0,0,95
08/24/2015,STT,VI,ASO,ES,Towers with Radar,16,22,0,0,38,0,51,9,0,60,16,73,9,0,98,16,0,16,114
08/25/2015,STT,VI,ASO,ES,Towers with Radar,14,34,4,0,52,0,48,12,1,61,14,82,16,1,113,0,0,0,113
08/26/2015,STT,VI,ASO,ES,Towers with Radar,14,21,7,0,42,0,81,42,0,123,14,102,49,0,165,0,0,0,165
08/27/2015,STT,VI,ASO,ES,Towers with Radar,7,6,0,0,13,0,0,2,0,2,7,6,2,0,15,0,0,0,15
08/28/2015,STT,VI,ASO,ES,Towers with Radar,13,13,3,0,29,0,38,35,0,73,13,51,38,0,102,0,0,0,102
08/29/2015,STT,VI,ASO,ES,Towers with Radar,25,14,9,0,48,0,61,24,0,85,25,75,33,0,133,36,0,36,169
08/30/2015,STT,VI,ASO,ES,Towers with Radar,24,12,7,0,43,0,60,16,0,76,24,72,23,0,119,12,0,12,131
08/31/2015,STT,VI,ASO,ES,Towers with Radar,16,24,3,0,43,0,83,21,0,104,16,107,24,0,147,13,0,13,160
09/01/2015,STT,VI,ASO,ES,Towers with Radar,12,21,7,0,40,0,64,16,0,80,12,85,23,0,120,12,0,12,132
09/02/2015,STT,VI,ASO,ES,Towers with Radar,13,16,6,0,35,0,83,27,0,110,13,99,33,0,145,0,0,0,145
09/03/2015,STT,VI,ASO,ES,Towers with Radar,11,23,4,0,38,0,82,23,0,105,11,105,27,0,143,4,0,4,147
09/04/2015,STT,VI,ASO,ES,Towers with Radar,14,24,2,0,40,0,81,37,0,118,14,105,39,0,158,0,0,0,158
09/05/2015,STT,VI,ASO,ES,Towers with Radar,22,9,1,0,32,0,65,21,0,86,22,74,22,0,118,0,0,0,118
09/06/2015,STT,VI,ASO,ES,Towers with Radar,20,11,5,0,36,0,57,13,0,70,20,68,18,0,106,0,0,0,106
09/07/2015,STT,VI,ASO,ES,Towers with Radar,12,13,4,0,29,0,69,20,0,89,12,82,24,0,118,12,0,12,130
09/08/2015,STT,VI,ASO,ES,Towers with Radar,17,21,5,0,43,0,71,32,0,103,17,92,37,0,146,0,0,0,146
09/09/2015,STT,VI,ASO,ES,Towers with Radar,23,19,4,0,46,0,74,28,0,102,23,93,32,0,148,0,0,0,148
09/10/2015,STT,VI,ASO,ES,Towers with Radar,24,22,0,0,46,0,72,45,2,119,24,94,45,2,165,4,0,4,169
09/11/2015,STT,VI,ASO,ES,Towers with Radar,12,21,1,0,34,0,100,30,0,130,12,121,31,0,164,0,0,0,164
09/12/2015,STT,VI,ASO,ES,Towers with Radar,16,14,2,0,32,0,47,14,0,61,16,61,16,0,93,0,0,0,93
09/13/2015,STT,VI,ASO,ES,Towers with Radar,17,14,3,2,36,0,60,23,0,83,17,74,26,2,119,0,0,0,119
09/14/2015,STT,VI,ASO,ES,Towers with Radar,10,23,5,0,38,0,74,32,2,108,10,97,37,2,146,0,0,0,146
09/15/2015,STT,VI,ASO,ES,Towers with Radar,8,23,8,0,39,0,61,21,0,82,8,84,29,0,121,0,0,0,121
09/16/2015,STT,VI,ASO,ES,Towers with Radar,8,23,5,0,36,0,70,27,3,100,8,93,32,3,136,6,0,6,142
09/17/2015,STT,VI,ASO,ES,Towers with Radar,9,33,3,0,45,0,64,21,0,85,9,97,24,0,130,0,0,0,130
09/18/2015,STT,VI,ASO,ES,Towers with Radar,12,26,1,0,39,0,66,11,5,82,12,92,12,5,121,2,0,2,123
09/19/2015,STT,VI,ASO,ES,Towers with Radar,16,7,4,0,27,0,59,9,0,68,16,66,13,0,95,0,0,0,95
09/20/2015,STT,VI,ASO,ES,Towers with Radar,16,10,1,0,27,0,42,17,0,59,16,52,18,0,86,0,0,0,86
09/21/2015,STT,VI,ASO,ES,Towers with Radar,10,27,0,0,37,0,66,10,0,76,10,93,10,0,113,0,0,0,113
09/22/2015,STT,VI,ASO,ES,Towers with Radar,8,32,2,0,42,0,68,21,2,91,8,100,23,2,133,0,0,0,133
09/23/2015,STT,VI,ASO,ES,Towers with Radar,8,44,4,0,56,0,68,29,0,97,8,112,33,0,153,0,0,0,153
09/24/2015,STT,VI,ASO,ES,Towers with Radar,10,32,14,0,56,0,68,20,0,88,10,100,34,0,144,8,0,8,152
09/25/2015,STT,VI,ASO,ES,Towers with Radar,12,21,6,0,39,0,68,36,0,104,12,89,42,0,143,0,0,0,143
09/26/2015,STT,VI,ASO,ES,Towers with Radar,20,12,2,0,34,0,39,12,0,51,20,51,14,0,85,0,0,0,85
09/27/2015,STT,VI,ASO,ES,Towers with Radar,15,11,3,0,29,0,48,14,0,62,15,59,17,0,91,10,0,10,101
09/28/2015,STT,VI,ASO,ES,Towers with Radar,10,23,0,0,33,0,70,13,0,83,10,93,13,0,116,4,0,4,120
09/29/2015,STT,VI,ASO,ES,Towers with Radar,9,16,2,0,27,0,77,21,0,98,9,93,23,0,125,35,0,35,160
09/30/2015,STT,VI,ASO,ES,Towers with Radar,8,25,4,0,37,0,71,25,1,97,8,96,29,1,134,2,0,2,136
10/01/2015,STT,VI,ASO,ES,Towers with Radar,12,24,4,0,40,0,64,26,1,91,12,88,30,1,131,0,0,0,131
10/02/2015,STT,VI,ASO,ES,Towers with Radar,12,27,2,0,41,0,84,32,0,116,12,111,34,0,157,2,0,2,159
10/03/2015,STT,VI,ASO,ES,Towers with Radar,20,10,4,0,34,0,45,4,0,49,20,55,8,0,83,0,0,0,83
10/04/2015,STT,VI,ASO,ES,Towers with Radar,15,16,2,0,33,0,50,7,0,57,15,66,9,0,90,2,0,2,92
10/05/2015,STT,VI,ASO,ES,Towers with Radar,14,28,0,0,42,0,71,28,0,99,14,99,28,0,141,0,0,0,141
10/06/2015,STT,VI,ASO,ES,Towers with Radar,10,24,1,0,35,0,54,26,0,80,10,78,27,0,115,0,0,0,115
10/07/2015,STT,VI,ASO,ES,Towers with Radar,12,27,4,0,43,0,71,20,0,91,12,98,24,0,134,0,0,0,134
10/08/2015,STT,VI,ASO,ES,Towers with Radar,13,34,8,0,55,0,66,18,2,86,13,100,26,2,141,0,0,0,141
10/09/2015,STT,VI,ASO,ES,Towers with Radar,14,27,5,0,46,0,77,21,0,98,14,104,26,0,144,10,0,10,154
10/10/2015,STT,VI,ASO,ES,Towers with Radar,23,11,1,0,35,0,47,11,0,58,23,58,12,0,93,6,0,6,99
10/11/2015,STT,VI,ASO,ES,Towers with Radar,18,11,2,0,31,0,56,21,0,77,18,67,23,0,108,0,0,0,108
10/12/2015,STT,VI,ASO,ES,Towers with Radar,14,22,3,0,39,0,59,22,0,81,14,81,25,0,120,2,0,2,122
10/13/2015,STT,VI,ASO,ES,Towers with Radar,10,21,4,0,35,0,81,14,0,95,10,102,18,0,130,0,0,0,130
10/14/2015,STT,VI,ASO,ES,Towers with Radar,12,23,3,0,38,0,74,18,2,94,12,97,21,2,132,0,0,0,132
10/15/2015,STT,VI,ASO,ES,Towers with Radar,14,27,11,0,52,0,69,25,3,97,14,96,36,3,149,10,0,10,159
10/16/2015,STT,VI,ASO,ES,Towers with Radar,14,29,2,0,45,0,95,25,0,120,14,124,27,0,165,8,0,8,173
10/17/2015,STT,VI,ASO,ES,Towers with Radar,23,21,14,0,58,0,51,21,0,72,23,72,35,0,130,12,0,12,142
10/18/2015,STT,VI,ASO,ES,Towers with Radar,18,8,5,0,31,0,70,10,1,81,18,78,15,1,112,10,0,10,122
10/19/2015,STT,VI,ASO,ES,Towers with Radar,14,31,4,0,49,0,69,21,2,92,14,100,25,2,141,19,0,19,160
10/20/2015,STT,VI,ASO,ES,Towers with Radar,9,28,4,0,41,0,72,31,0,103,9,100,35,0,144,6,0,6,150
10/21/2015,STT,VI,ASO,ES,Towers with Radar,12,22,4,0,38,0,67,31,0,98,12,89,35,0,136,0,0,0,136
10/22/2015,STT,VI,ASO,ES,Towers with Radar,14,25,2,0,41,0,65,24,0,89,14,90,26,0,130,0,0,0,130
10/23/2015,STT,VI,ASO,ES,Towers with Radar,15,31,2,0,48,0,67,27,0,94,15,98,29,0,142,0,0,0,142
10/24/2015,STT,VI,ASO,ES,Towers with Radar,24,12,6,0,42,0,52,30,3,85,24,64,36,3,127,10,0,10,137
10/25/2015,STT,VI,ASO,ES,Towers with Radar,23,9,7,0,39,0,72,28,0,100,23,81,35,0,139,0,0,0,139
10/26/2015,STT,VI,ASO,ES,Towers with Radar,14,30,5,0,49,0,66,21,0,87,14,96,26,0,136,0,0,0,136
10/27/2015,STT,VI,ASO,ES,Towers with Radar,10,33,4,0,47,0,70,13,0,83,10,103,17,0,130,0,0,0,130
10/28/2015,STT,VI,ASO,ES,Towers with Radar,12,21,4,0,37,0,75,20,2,97,12,96,24,2,134,0,0,0,134
10/29/2015,STT,VI,ASO,ES,Towers with Radar,14,23,3,0,40,0,80,27,0,107,14,103,30,0,147,6,0,6,153
10/30/2015,STT,VI,ASO,ES,Towers with Radar,16,26,7,0,49,0,86,35,0,121,16,112,42,0,170,12,0,12,182
10/31/2015,STT,VI,ASO,ES,Towers with Radar,28,12,4,0,44,0,51,21,1,73,28,63,25,1,117,0,0,0,117
11/01/2015,STT,VI,ASO,ES,Towers with Radar,20,19,4,0,43,0,59,28,0,87,20,78,32,0,130,0,0,0,130
11/02/2015,STT,VI,ASO,ES,Towers with Radar,13,31,9,0,53,0,82,24,5,111,13,113,33,5,164,4,0,4,168
11/03/2015,STT,VI,ASO,ES,Towers with Radar,10,28,2,0,40,0,57,30,2,89,10,85,32,2,129,4,0,4,133
11/04/2015,STT,VI,ASO,ES,Towers with Radar,11,34,10,0,55,0,63,19,4,86,11,97,29,4,141,0,0,0,141
11/05/2015,STT,VI,ASO,ES,Towers with Radar,18,37,5,0,60,0,72,33,0,105,18,109,38,0,165,2,0,2,167
11/06/2015,STT,VI,ASO,ES,Towers with Radar,20,29,8,2,59,0,75,28,13,116,20,104,36,15,175,0,0,0,175
11/07/2015,STT,VI,ASO,ES,Towers with Radar,32,14,5,0,51,0,51,23,0,74,32,65,28,0,125,18,0,18,143
11/08/2015,STT,VI,ASO,ES,Towers with Radar,23,17,6,2,48,0,54,20,5,79,23,71,26,7,127,0,0,0,127
11/09/2015,STT,VI,ASO,ES,Towers with Radar,19,29,10,1,59,0,66,28,3,97,19,95,38,4,156,6,0,6,162
11/10/2015,STT,VI,ASO,ES,Towers with Radar,14,32,5,0,51,0,75,34,0,109,14,107,39,0,160,12,0,12,172
11/11/2015,STT,VI,ASO,ES,Towers with Radar,16,24,20,0,60,0,70,34,0,104,16,94,54,0,164,0,0,0,164
11/12/2015,STT,VI,ASO,ES,Towers with Radar,18,26,17,0,61,0,69,41,0,110,18,95,58,0,171,6,0,6,177
11/13/2015,STT,VI,ASO,ES,Towers with Radar,22,27,4,0,53,0,77,28,0,105,22,104,32,0,158,2,0,2,160
11/14/2015,STT,VI,ASO,ES,Towers with Radar,29,17,1,0,47,0,64,25,5,94,29,81,26,5,141,0,0,0,141
11/15/2015,STT,VI,ASO,ES,Towers with Radar,22,19,6,0,47,0,55,34,0,89,22,74,40,0,136,0,0,0,136
11/16/2015,STT,VI,ASO,ES,Towers with Radar,19,27,7,0,53,0,83,52,4,139,19,110,59,4,192,6,0,6,198
11/17/2015,STT,VI,ASO,ES,Towers with Radar,16,25,17,0,58,0,84,36,0,120,16,109,53,0,178,10,0,10,188
11/18/2015,STT,VI,ASO,ES,Towers with Radar,20,27,9,0,56,0,77,40,2,119,20,104,49,2,175,18,0,18,193
11/19/2015,STT,VI,ASO,ES,Towers with Radar,18,31,10,0,59,0,72,50,0,122,18,103,60,0,181,4,0,4,185
11/20/2015,STT,VI,ASO,ES,Towers with Radar,22,30,9,0,61,0,96,51,4,151,22,126,60,4,212,22,0,22,234
11/21/2015,STT,VI,ASO,ES,Towers with Radar,39,19,13,0,71,0,73,40,0,113,39,92,53,0,184,0,0,0,184
11/22/2015,STT,VI,ASO,ES,Towers with Radar,24,18,13,0,55,0,52,22,0,74,24,70,35,0,129,0,0,0,129
11/23/2015,STT,VI,ASO,ES,Towers with Radar,20,38,3,0,61,0,55,30,0,85,20,93,33,0,146,0,0,0,146
11/24/2015,STT,VI,ASO,ES,Towers with Radar,17,32,13,0,62,0,70,25,0,95,17,102,38,0,157,0,0,0,157
11/25/2015,STT,VI,ASO,ES,Towers with Radar,22,28,12,0,62,0,82,58,2,142,22,110,70,2,204,0,0,0,204
11/26/2015,STT,VI,ASO,ES,Towers with Radar,21,14,3,0,38,0,45,10,0,55,21,59,13,0,93,0,0,0,93
11/27/2015,STT,VI,ASO,ES,Towers with Radar,22,33,11,0,66,0,75,25,0,100,22,108,36,0,166,0,0,0,166
11/28/2015,STT,VI,ASO,ES,Towers with Radar,38,38,19,0,95,0,61,35,2,98,38,99,54,2,193,0,0,0,193
11/29/2015,STT,VI,ASO,ES,Towers with Radar,24,21,21,0,66,0,71,26,0,97,24,92,47,0,163,0,0,0,163
11/30/2015,STT,VI,ASO,ES,Towers with Radar,20,29,5,0,54,0,67,40,0,107,20,96,45,0,161,12,0,12,173
12/01/2015,STT,VI,ASO,ES,Towers with Radar,19,42,20,0,81,0,53,33,1,87,19,95,53,1,168,0,0,0,168
12/02/2015,STT,VI,ASO,ES,Towers with Radar,20,27,7,0,54,0,64,35,0,99,20,91,42,0,153,0,0,0,153
12/03/2015,STT,VI,ASO,ES,Towers with Radar,21,33,17,0,71,0,80,38,1,119,21,113,55,1,190,8,0,8,198
12/04/2015,STT,VI,ASO,ES,Towers with Radar,21,37,5,0,63,0,63,45,2,110,21,100,50,2,173,10,0,10,183
12/05/2015,STT,VI,ASO,ES,Towers with Radar,32,18,9,0,59,0,75,22,0,97,32,93,31,0,156,8,0,8,164
12/06/2015,STT,VI,ASO,ES,Towers with Radar,24,26,7,0,57,0,44,19,0,63,24,70,26,0,120,6,0,6,126
12/07/2015,STT,VI,ASO,ES,Towers with Radar,18,33,9,0,60,0,80,34,0,114,18,113,43,0,174,6,0,6,180
12/08/2015,STT,VI,ASO,ES,Towers with Radar,18,26,13,0,57,0,71,32,0,103,18,97,45,0,160,4,0,4,164
12/09/2015,STT,VI,ASO,ES,Towers with Radar,20,30,6,0,56,0,77,28,2,107,20,107,34,2,163,22,0,22,185
12/10/2015,STT,VI,ASO,ES,Towers with Radar,20,32,3,0,55,0,85,31,1,117,20,117,34,1,172,4,6,10,182
12/11/2015,STT,VI,ASO,ES,Towers with Radar,18,39,5,0,62,0,85,43,0,128,18,124,48,0,190,0,0,0,190
12/12/2015,STT,VI,ASO,ES,Towers with Radar,32,15,9,0,56,0,80,40,0,120,32,95,49,0,176,0,0,0,176
12/13/2015,STT,VI,ASO,ES,Towers with Radar,24,16,2,0,42,0,70,30,0,100,24,86,32,0,142,4,0,4,146
12/14/2015,STT,VI,ASO,ES,Towers with Radar,20,39,4,0,63,0,82,34,4,120,20,121,38,4,183,2,0,2,185
12/15/2015,STT,VI,ASO,ES,Towers with Radar,19,42,3,0,64,0,75,48,0,123,19,117,51,0,187,0,0,0,187
12/16/2015,STT,VI,ASO,ES,Towers with Radar,19,30,6,0,55,0,94,64,0,158,19,124,70,0,213,0,0,0,213
12/17/2015,STT,VI,ASO,ES,Towers with Radar,30,44,5,0,79,0,77,45,4,126,30,121,50,4,205,6,0,6,211
12/18/2015,STT,VI,ASO,ES,Towers with Radar,33,44,12,0,89,0,88,50,0,138,33,132,62,0,227,0,0,0,227
12/19/2015,STT,VI,ASO,ES,Towers with Radar,48,23,19,0,90,0,68,33,0,101,48,91,52,0,191,6,0,6,197
12/20/2015,STT,VI,ASO,ES,Towers with Radar,42,25,7,0,74,0,56,23,0,79,42,81,30,0,153,0,0,0,153
12/21/2015,STT,VI,ASO,ES,Towers with Radar,37,29,10,0,76,0,76,38,0,114,37,105,48,0,190,0,0,0,190
12/22/2015,STT,VI,ASO,ES,Towers with Radar,36,30,8,0,74,0,80,36,2,118,36,110,44,2,192,0,0,0,192
12/23/2015,STT,VI,ASO,ES,Towers with Radar,29,33,7,0,69,0,77,53,0,130,29,110,60,0,199,0,0,0,199
12/24/2015,STT,VI,ASO,ES,Towers with Radar,31,28,16,0,75,0,78,49,0,127,31,106,65,0,202,0,0,0,202
12/25/2015,STT,VI,ASO,ES,Towers with Radar,34,20,10,0,64,0,70,17,0,87,34,90,27,0,151,0,0,0,151
12/26/2015,STT,VI,ASO,ES,Towers with Radar,49,33,36,0,118,0,88,44,0,132,49,121,80,0,250,0,0,0,250
12/27/2015,STT,VI,ASO,ES,Towers with Radar,45,37,24,0,106,0,74,44,0,118,45,111,68,0,224,0,0,0,224
12/28/2015,STT,VI,ASO,ES,Towers with Radar,33,39,20,0,92,0,91,48,0,139,33,130,68,0,231,0,0,0,231
12/29/2015,STT,VI,ASO,ES,Towers with Radar,35,49,19,0,103,0,84,36,0,120,35,133,55,0,223,2,0,2,225
12/30/2015,STT,VI,ASO,ES,Towers with Radar,35,30,14,0,79,0,82,39,0,121,35,112,53,0,200,0,0,0,200
12/31/2015,STT,VI,ASO,ES,Towers with Radar,33,27,6,0,66,0,77,28,1,106,33,104,34,1,172,0,0,0,172
01/01/2016,STT,VI,ASO,ES,Towers with Radar,35,17,16,0,68,0,78,16,0,94,35,95,32,0,162,0,0,0,162
01/02/2016,STT,VI,ASO,ES,Towers with Radar,47,27,46,0,120,0,100,37,0,137,47,127,83,0,257,0,0,0,257
01/03/2016,STT,VI,ASO,ES,Towers with Radar,44,21,52,0,117,0,95,74,2,171,44,116,126,2,288,0,0,0,288
01/04/2016,STT,VI,ASO,ES,Towers with Radar,33,29,23,0,85,0,120,47,0,167,33,149,70,0,252,0,0,0,252
01/05/2016,STT,VI,ASO,ES,Towers with Radar,26,32,22,0,80,0,95,33,0,128,26,127,55,0,208,0,0,0,208
01/06/2016,STT,VI,ASO,ES,Towers with Radar,26,28,9,0,63,0,80,22,0,102,26,108,31,0,165,0,0,0,165
01/07/2016,STT,VI,ASO,ES,Towers with Radar,30,27,18,0,75,0,85,35,0,120,30,112,53,0,195,6,0,6,201
01/08/2016,STT,VI,ASO,ES,Towers with Radar,28,28,11,0,67,0,100,38,0,138,28,128,49,0,205,0,0,0,205
01/09/2016,STT,VI,ASO,ES,Towers with Radar,39,17,10,0,66,0,70,42,0,112,39,87,52,0,178,0,0,0,178
01/10/2016,STT,VI,ASO,ES,Towers with Radar,30,20,15,0,65,0,46,53,3,102,30,66,68,3,167,0,0,0,167
01/11/2016,STT,VI,ASO,ES,Towers with Radar,28,35,10,0,73,0,76,36,0,112,28,111,46,0,185,6,0,6,191
01/12/2016,STT,VI,ASO,ES,Towers with Radar,24,22,4,0,50,0,97,47,0,144,24,119,51,0,194,16,0,16,210
01/13/2016,STT,VI,ASO,ES,Towers with Radar,23,33,13,0,69,0,79,40,0,119,23,112,53,0,188,6,0,6,194
01/14/2016,STT,VI,ASO,ES,Towers with Radar,25,36,6,0,67,0,72,56,0,128,25,108,62,0,195,0,0,0,195
01/15/2016,STT,VI,ASO,ES,Towers with Radar,26,41,19,0,86,0,91,43,0,134,26,132,62,0,220,8,0,8,228
01/16/2016,STT,VI,ASO,ES,Towers with Radar,37,17,22,0,76,0,68,30,0,98,37,85,52,0,174,2,0,2,176
01/17/2016,STT,VI,ASO,ES,Towers with Radar,31,16,5,0,52,0,50,43,0,93,31,66,48,0,145,4,0,4,149
01/18/2016,STT,VI,ASO,ES,Towers with Radar,25,27,10,0,62,0,83,28,0,111,25,110,38,0,173,0,0,0,173
01/19/2016,STT,VI,ASO,ES,Towers with Radar,23,31,3,0,57,0,93,28,0,121,23,124,31,0,178,0,0,0,178
01/20/2016,STT,VI,ASO,ES,Towers with Radar,22,19,4,0,45,0,69,24,0,93,22,88,28,0,138,6,0,6,144
01/21/2016,STT,VI,ASO,ES,Towers with Radar,24,33,13,0,70,0,68,38,0,106,24,101,51,0,176,2,0,2,178
01/22/2016,STT,VI,ASO,ES,Towers with Radar,24,34,11,0,69,0,86,35,0,121,24,120,46,0,190,0,0,0,190
01/23/2016,STT,VI,ASO,ES,Towers with Radar,23,18,10,0,51,0,62,32,0,94,23,80,42,0,145,0,0,0,145
01/24/2016,STT,VI,ASO,ES,Towers with Radar,26,17,8,0,51,0,52,22,2,76,26,69,30,2,127,0,0,0,127
01/25/2016,STT,VI,ASO,ES,Towers with Radar,23,28,5,0,56,0,71,30,0,101,23,99,35,0,157,2,0,2,159
01/26/2016,STT,VI,ASO,ES,Towers with Radar,24,33,8,0,65,0,81,53,0,134,24,114,61,0,199,8,0,8,207
01/27/2016,STT,VI,ASO,ES,Towers with Radar,22,27,15,0,64,0,82,42,0,124,22,109,57,0,188,18,0,18,206
01/28/2016,STT,VI,ASO,ES,Towers with Radar,25,32,8,0,65,0,82,28,2,112,25,114,36,2,177,2,0,2,179
01/29/2016,STT,VI,ASO,ES,Towers with Radar,26,32,7,0,65,0,99,46,0,145,26,131,53,0,210,0,0,0,210
01/30/2016,STT,VI,ASO,ES,Towers with Radar,37,27,9,0,73,0,66,30,0,96,37,93,39,0,169,12,0,12,181
01/31/2016,STT,VI,ASO,ES,Towers with Radar,31,12,18,0,61,0,77,42,0,119,31,89,60,0,180,0,0,0,180
02/01/2016,STT,VI,ASO,ES,Towers with Radar,24,32,17,0,73,0,75,34,1,110,24,107,51,1,183,0,0,0,183
02/02/2016,STT,VI,ASO,ES,Towers with Radar,23,31,2,0,56,0,93,42,0,135,23,124,44,0,191,2,0,2,193
02/03/2016,STT,VI,ASO,ES,Towers with Radar,22,25,7,0,54,0,96,33,0,129,22,121,40,0,183,16,0,16,199
02/04/2016,STT,VI,ASO,ES,Towers with Radar,24,33,5,0,62,0,87,47,0,134,24,120,52,0,196,0,0,0,196
02/05/2016,STT,VI,ASO,ES,Towers with Radar,26,29,14,0,69,0,110,51,0,161,26,139,65,0,230,4,0,4,234
02/06/2016,STT,VI,ASO,ES,Towers with Radar,38,17,10,0,65,0,63,22,0,85,38,80,32,0,150,0,0,0,150
02/07/2016,STT,VI,ASO,ES,Towers with Radar,31,17,10,0,58,0,63,36,0,99,31,80,46,0,157,0,0,0,157
02/08/2016,STT,VI,ASO,ES,Towers with Radar,24,29,9,0,62,0,89,54,0,143,24,118,63,0,205,10,0,10,215
02/09/2016,STT,VI,ASO,ES,Towers with Radar,22,31,3,0,56,0,100,34,5,139,22,131,37,5,195,24,0,24,219
02/10/2016,STT,VI,ASO,ES,Towers with Radar,22,27,9,0,58,0,87,41,0,128,22,114,50,0,186,12,0,12,198
02/11/2016,STT,VI,ASO,ES,Towers with Radar,34,37,12,0,83,0,108,39,0,147,34,145,51,0,230,18,0,18,248
02/12/2016,STT,VI,ASO,ES,Towers with Radar,32,38,15,0,85,0,132,48,0,180,32,170,63,0,265,2,0,2,267
02/13/2016,STT,VI,ASO,ES,Towers with Radar,45,13,18,0,76,0,107,31,0,138,45,120,49,0,214,10,0,10,224
02/14/2016,STT,VI,ASO,ES,Towers with Radar,0,0,0,0,0,0,0,0,0,0,0,0,0,0,0,0,0,0,0
02/15/2016,STT,VI,ASO,ES,Towers with Radar,0,0,0,0,0,0,0,0,0,0,0,0,0,0,0,0,0,0,0
02/16/2016,STT,VI,ASO,ES,Towers with Radar,29,30,10,0,69,0,102,38,0,140,29,132,48,0,209,0,0,0,209
02/17/2016,STT,VI,ASO,ES,Towers with Radar,28,28,9,0,65,0,84,44,0,128,28,112,53,0,193,0,0,0,193
02/18/2016,STT,VI,ASO,ES,Towers with Radar,31,30,9,0,70,0,78,46,0,124,31,108,55,0,194,0,0,0,194
02/19/2016,STT,VI,ASO,ES,Towers with Radar,32,36,17,0,85,0,93,48,1,142,32,129,65,1,227,6,0,6,233
02/20/2016,STT,VI,ASO,ES,Towers with Radar,47,19,15,0,81,0,74,34,0,108,47,93,49,0,189,2,0,2,191
02/21/2016,STT,VI,ASO,ES,Towers with Radar,36,18,7,0,61,0,58,44,0,102,36,76,51,0,163,24,0,24,187
02/22/2016,STT,VI,ASO,ES,Towers with Radar,32,28,5,0,65,0,74,32,0,106,32,102,37,0,171,0,0,0,171
02/23/2016,STT,VI,ASO,ES,Towers with Radar,29,40,7,0,76,0,78,40,0,118,29,118,47,0,194,12,0,12,206
02/24/2016,STT,VI,ASO,ES,Towers with Radar,26,34,12,0,72,0,83,33,0,116,26,117,45,0,188,2,0,2,190
02/25/2016,STT,VI,ASO,ES,Towers with Radar,30,36,11,0,77,0,80,46,0,126,30,116,57,0,203,0,0,0,203
02/26/2016,STT,VI,ASO,ES,Towers with Radar,30,26,7,0,63,0,102,37,0,139,30,128,44,0,202,4,0,4,206
02/27/2016,STT,VI,ASO,ES,Towers with Radar,44,16,20,0,80,0,77,29,0,106,44,93,49,0,186,5,0,5,191
02/28/2016,STT,VI,ASO,ES,Towers with Radar,35,14,9,0,58,0,53,31,0,84,35,67,40,0,142,0,0,0,142
02/29/2016,STT,VI,ASO,ES,Towers with Radar,30,30,5,0,65,0,78,47,0,125,30,108,52,0,190,0,0,0,190
03/01/2016,STT,VI,ASO,ES,Towers with Radar,30,24,18,0,72,0,90,45,0,135,30,114,63,0,207,2,0,2,209
03/02/2016,STT,VI,ASO,ES,Towers with Radar,28,25,4,0,57,0,77,28,0,105,28,102,32,0,162,4,0,4,166
03/03/2016,STT,VI,ASO,ES,Towers with Radar,32,36,10,0,78,0,84,52,0,136,32,120,62,0,214,22,0,22,236
03/04/2016,STT,VI,ASO,ES,Towers with Radar,33,34,8,0,75,0,94,40,0,134,33,128,48,0,209,2,0,2,211
03/05/2016,STT,VI,ASO,ES,Towers with Radar,51,16,8,0,75,0,66,42,1,109,51,82,50,1,184,12,0,12,196
03/06/2016,STT,VI,ASO,ES,Towers with Radar,35,26,20,0,81,0,59,29,0,88,35,85,49,0,169,8,0,8,177
03/07/2016,STT,VI,ASO,ES,Towers with Radar,33,40,12,0,85,0,63,33,0,96,33,103,45,0,181,0,0,0,181
03/08/2016,STT,VI,ASO,ES,Towers with Radar,33,46,20,1,100,0,68,31,0,99,33,114,51,1,199,2,0,2,201
03/09/2016,STT,VI,ASO,ES,Towers with Radar,30,26,16,0,72,0,74,28,0,102,30,100,44,0,174,0,0,0,174
03/10/2016,STT,VI,ASO,ES,Towers with Radar,34,30,5,0,69,0,72,50,0,122,34,102,55,0,191,24,0,24,215
03/11/2016,STT,VI,ASO,ES,Towers with Radar,32,35,16,0,83,0,100,51,0,151,32,135,67,0,234,0,0,0,234
03/12/2016,STT,VI,ASO,ES,Towers with Radar,51,17,25,0,93,0,63,46,0,109,51,80,71,0,202,0,0,0,202
03/13/2016,STT,VI,ASO,ES,Towers with Radar,36,22,15,0,73,0,64,38,0,102,36,86,53,0,175,0,0,0,175
03/14/2016,STT,VI,ASO,ES,Towers with Radar,32,40,16,0,88,0,73,21,0,94,32,113,37,0,182,8,0,8,190
03/15/2016,STT,VI,ASO,ES,Towers with Radar,32,34,9,0,75,0,70,36,3,109,32,104,45,3,184,0,0,0,184
03/16/2016,STT,VI,ASO,ES,Towers with Radar,30,26,15,0,71,0,82,40,0,122,30,108,55,0,193,6,0,6,199
03/17/2016,STT,VI,ASO,ES,Towers with Radar,32,24,12,0,68,0,92,34,0,126,32,116,46,0,194,2,0,2,196
03/18/2016,STT,VI,ASO,ES,Towers with Radar,34,28,11,0,73,0,104,60,3,167,34,132,71,3,240,0,0,0,240
03/19/2016,STT,VI,ASO,ES,Towers with Radar,47,15,24,0,86,0,81,55,2,138,47,96,79,2,224,0,0,0,224
03/20/2016,STT,VI,ASO,ES,Towers with Radar,38,30,6,0,74,0,57,45,1,103,38,87,51,1,177,0,0,0,177
03/21/2016,STT,VI,ASO,ES,Towers with Radar,31,31,15,0,77,0,89,46,0,135,31,120,61,0,212,10,0,10,222
03/22/2016,STT,VI,ASO,ES,Towers with Radar,32,30,14,0,76,0,87,50,0,137,32,117,64,0,213,6,10,16,229
03/23/2016,STT,VI,ASO,ES,Towers with Radar,29,37,23,2,91,2,69,29,1,101,31,106,52,3,192,0,0,0,192
03/24/2016,STT,VI,ASO,ES,Towers with Radar,34,32,12,0,78,0,95,61,2,158,34,127,73,2,236,20,0,20,256
03/25/2016,STT,VI,ASO,ES,Towers with Radar,35,18,15,0,68,0,83,21,0,104,35,101,36,0,172,0,0,0,172
03/26/2016,STT,VI,ASO,ES,Towers with Radar,50,20,15,0,85,0,73,58,0,131,50,93,73,0,216,0,0,0,216
03/27/2016,STT,VI,ASO,ES,Towers with Radar,39,15,13,0,67,0,69,32,0,101,39,84,45,0,168,0,0,0,168
03/28/2016,STT,VI,ASO,ES,Towers with Radar,31,29,10,0,70,0,91,48,0,139,31,120,58,0,209,0,0,0,209
03/29/2016,STT,VI,ASO,ES,Towers with Radar,36,30,12,2,80,0,74,41,0,115,36,104,53,2,195,6,0,6,201
03/30/2016,STT,VI,ASO,ES,Towers with Radar,29,27,17,0,73,0,64,16,0,80,29,91,33,0,153,2,0,2,155
03/31/2016,STT,VI,ASO,ES,Towers with Radar,34,29,7,2,72,0,74,61,0,135,34,103,68,2,207,0,0,0,207
04/01/2016,STT,VI,ASO,ES,Towers with Radar,27,46,6,0,79,0,86,38,0,124,27,132,44,0,203,8,0,8,211
04/02/2016,STT,VI,ASO,ES,Towers with Radar,51,15,15,0,81,0,82,33,0,115,51,97,48,0,196,10,0,10,206
04/03/2016,STT,VI,ASO,ES,Towers with Radar,39,12,8,0,59,0,63,19,0,82,39,75,27,0,141,20,0,20,161
04/04/2016,STT,VI,ASO,ES,Towers with Radar,32,28,10,1,71,0,84,29,0,113,32,112,39,1,184,20,0,20,204
04/05/2016,STT,VI,ASO,ES,Towers with Radar,30,29,3,0,62,0,86,45,0,131,30,115,48,0,193,34,0,34,227
04/06/2016,STT,VI,ASO,ES,Towers with Radar,28,25,11,2,66,0,77,33,1,111,28,102,44,3,177,32,0,32,209
04/07/2016,STT,VI,ASO,ES,Towers with Radar,34,25,13,1,73,0,80,52,3,135,34,105,65,4,208,0,0,0,208
04/08/2016,STT,VI,ASO,ES,Towers with Radar,30,21,9,0,60,0,90,42,0,132,30,111,51,0,192,0,0,0,192
04/09/2016,STT,VI,ASO,ES,Towers with Radar,43,13,18,0,74,0,53,35,1,89,43,66,53,1,163,0,0,0,163
04/10/2016,STT,VI,ASO,ES,Towers with Radar,33,13,7,0,53,0,44,36,1,81,33,57,43,1,134,0,0,0,134
04/11/2016,STT,VI,ASO,ES,Towers with Radar,30,33,9,1,73,0,67,46,0,113,30,100,55,1,186,0,0,0,186
04/12/2016,STT,VI,ASO,ES,Towers with Radar,30,33,5,0,68,0,73,48,0,121,30,106,53,0,189,10,0,10,199
04/13/2016,STT,VI,ASO,ES,Towers with Radar,28,25,6,2,61,0,72,40,5,117,28,97,46,7,178,4,0,4,182
04/14/2016,STT,VI,ASO,ES,Towers with Radar,31,23,17,0,71,0,71,45,1,117,31,94,62,1,188,16,0,16,204
04/15/2016,STT,VI,ASO,ES,Towers with Radar,29,23,9,0,61,0,74,63,2,139,29,97,72,2,200,8,0,8,208
04/16/2016,STT,VI,ASO,ES,Towers with Radar,42,14,8,0,64,0,65,36,0,101,42,79,44,0,165,0,0,0,165
04/17/2016,STT,VI,ASO,ES,Towers with Radar,31,12,3,0,46,0,62,35,0,97,31,74,38,0,143,0,0,0,143
04/18/2016,STT,VI,ASO,ES,Towers with Radar,30,36,4,0,70,0,67,27,0,94,30,103,31,0,164,1,0,1,165
04/19/2016,STT,VI,ASO,ES,Towers with Radar,31,35,10,0,76,0,70,35,0,105,31,105,45,0,181,0,0,0,181
04/20/2016,STT,VI,ASO,ES,Towers with Radar,27,19,14,0,60,0,74,41,3,118,27,93,55,3,178,0,0,0,178
04/21/2016,STT,VI,ASO,ES,Towers with Radar,30,26,3,0,59,0,73,43,0,116,30,99,46,0,175,10,0,10,185
04/22/2016,STT,VI,ASO,ES,Towers with Radar,30,36,9,1,76,0,68,38,3,109,30,104,47,4,185,0,0,0,185
04/23/2016,STT,VI,ASO,ES,Towers with Radar,43,20,9,0,72,0,72,27,1,100,43,92,36,1,172,0,0,0,172
04/24/2016,STT,VI,ASO,ES,Towers with Radar,33,13,2,0,48,0,54,26,1,81,33,67,28,1,129,12,0,12,141
04/25/2016,STT,VI,ASO,ES,Towers with Radar,31,27,6,0,64,0,65,23,0,88,31,92,29,0,152,0,0,0,152
04/26/2016,STT,VI,ASO,ES,Towers with Radar,28,33,4,0,65,0,67,38,0,105,28,100,42,0,170,2,0,2,172
04/27/2016,STT,VI,ASO,ES,Towers with Radar,28,30,2,0,60,0,87,32,0,119,28,117,34,0,179,2,0,2,181
04/28/2016,STT,VI,ASO,ES,Towers with Radar,30,34,9,0,73,0,60,34,1,95,30,94,43,1,168,2,0,2,170
04/29/2016,STT,VI,ASO,ES,Towers with Radar,30,17,1,0,48,0,80,25,0,105,30,97,26,0,153,0,0,0,153
04/30/2016,STT,VI,ASO,ES,Towers with Radar,42,21,3,0,66,0,57,23,0,80,42,78,26,0,146,0,0,0,146
05/01/2016,STT,VI,ASO,ES,Towers with Radar,34,18,10,0,62,0,58,47,0,105,34,76,57,0,167,0,0,0,167
05/02/2016,STT,VI,ASO,ES,Towers with Radar,30,33,10,0,73,0,92,35,0,127,30,125,45,0,200,9,0,9,209
05/03/2016,STT,VI,ASO,ES,Towers with Radar,30,27,6,0,63,0,105,37,0,142,30,132,43,0,205,32,0,32,237
05/04/2016,STT,VI,ASO,ES,Towers with Radar,23,27,5,0,55,0,96,28,0,124,23,123,33,0,179,0,0,0,179
05/05/2016,STT,VI,ASO,ES,Towers with Radar,27,34,4,0,65,0,69,42,0,111,27,103,46,0,176,8,0,8,184
05/06/2016,STT,VI,ASO,ES,Towers with Radar,28,33,10,0,71,0,83,32,0,115,28,116,42,0,186,0,0,0,186
05/07/2016,STT,VI,ASO,ES,Towers with Radar,37,17,4,0,58,0,49,23,0,72,37,66,27,0,130,10,0,10,140
05/08/2016,STT,VI,ASO,ES,Towers with Radar,27,12,4,0,43,0,57,16,0,73,27,69,20,0,116,0,0,0,116
05/09/2016,STT,VI,ASO,ES,Towers with Radar,27,28,6,0,61,0,62,19,0,81,27,90,25,0,142,8,0,8,150
05/10/2016,STT,VI,ASO,ES,Towers with Radar,23,36,10,0,69,0,77,26,0,103,23,113,36,0,172,4,0,4,176
05/11/2016,STT,VI,ASO,ES,Towers with Radar,22,24,5,3,54,0,84,29,1,114,22,108,34,4,168,6,0,6,174
05/12/2016,STT,VI,ASO,ES,Towers with Radar,26,41,14,0,81,0,74,25,0,99,26,115,39,0,180,2,0,2,182
05/13/2016,STT,VI,ASO,ES,Towers with Radar,26,23,8,0,57,0,74,41,0,115,26,97,49,0,172,12,0,12,184
05/14/2016,STT,VI,ASO,ES,Towers with Radar,37,11,5,0,53,0,61,18,0,79,37,72,23,0,132,8,0,8,140
05/15/2016,STT,VI,ASO,ES,Towers with Radar,28,11,6,0,45,0,64,25,0,89,28,75,31,0,134,8,0,8,142
05/16/2016,STT,VI,ASO,ES,Towers with Radar,26,25,2,0,53,0,68,33,0,101,26,93,35,0,154,10,0,10,164
05/17/2016,STT,VI,ASO,ES,Towers with Radar,24,24,10,0,58,0,60,28,0,88,24,84,38,0,146,8,0,8,154
05/18/2016,STT,VI,ASO,ES,Towers with Radar,22,18,16,0,56,0,63,40,0,103,22,81,56,0,159,6,0,6,165
05/19/2016,STT,VI,ASO,ES,Towers with Radar,26,25,16,0,67,0,78,32,0,110,26,103,48,0,177,24,0,24,201
05/20/2016,STT,VI,ASO,ES,Towers with Radar,25,19,6,0,50,0,92,49,0,141,25,111,55,0,191,10,0,10,201
05/21/2016,STT,VI,ASO,ES,Towers with Radar,37,11,8,0,56,0,67,39,0,106,37,78,47,0,162,18,0,18,180
05/22/2016,STT,VI,ASO,ES,Towers with Radar,30,11,5,0,46,0,65,21,0,86,30,76,26,0,132,0,12,12,144
05/23/2016,STT,VI,ASO,ES,Towers with Radar,26,18,12,0,56,0,72,47,2,121,26,90,59,2,177,12,10,22,199
05/24/2016,STT,VI,ASO,ES,Towers with Radar,24,20,3,0,47,0,62,27,7,96,24,82,30,7,143,2,0,2,145
05/25/2016,STT,VI,ASO,ES,Towers with Radar,22,21,7,0,50,0,73,42,9,124,22,94,49,9,174,0,0,0,174
05/26/2016,STT,VI,ASO,ES,Towers with Radar,26,24,2,0,52,0,76,41,7,124,26,100,43,7,176,0,0,0,176
05/27/2016,STT,VI,ASO,ES,Towers with Radar,25,26,3,0,54,0,79,37,10,126,25,105,40,10,180,0,0,0,180
05/28/2016,STT,VI,ASO,ES,Towers with Radar,39,12,8,0,59,0,53,24,0,77,39,65,32,0,136,0,0,0,136
05/29/2016,STT,VI,ASO,ES,Towers with Radar,28,11,2,0,41,0,48,20,3,71,28,59,22,3,112,20,0,20,132
05/30/2016,STT,VI,ASO,ES,Towers with Radar,26,15,7,0,48,0,80,36,0,116,26,95,43,0,164,0,0,0,164
05/31/2016,STT,VI,ASO,ES,Towers with Radar,25,23,3,1,52,0,64,50,5,119,25,87,53,6,171,4,0,4,175
06/01/2016,STT,VI,ASO,ES,Towers with Radar,22,21,0,2,45,0,63,17,6,86,22,84,17,8,131,8,0,8,139
06/02/2016,STT,VI,ASO,ES,Towers with Radar,24,26,11,0,61,0,69,39,5,113,24,95,50,5,174,22,0,22,196
06/03/2016,STT,VI,ASO,ES,Towers with Radar,24,27,9,0,60,0,74,32,0,106,24,101,41,0,166,16,0,16,182
06/04/2016,STT,VI,ASO,ES,Towers with Radar,40,16,13,0,69,0,54,42,0,96,40,70,55,0,165,26,0,26,191
06/05/2016,STT,VI,ASO,ES,Towers with Radar,28,11,7,7,53,0,60,36,0,96,28,71,43,7,149,20,0,20,169
06/06/2016,STT,VI,ASO,ES,Towers with Radar,24,17,4,0,45,0,75,39,0,114,24,92,43,0,159,38,0,38,197
06/07/2016,STT,VI,ASO,ES,Towers with Radar,25,21,17,0,63,0,77,39,0,116,25,98,56,0,179,0,2,2,181
06/08/2016,STT,VI,ASO,ES,Towers with Radar,28,19,15,0,62,0,70,22,2,94,28,89,37,2,156,0,0,0,156
06/09/2016,STT,VI,ASO,ES,Towers with Radar,28,24,9,0,61,0,71,34,0,105,28,95,43,0,166,0,0,0,166
06/10/2016,STT,VI,ASO,ES,Towers with Radar,27,24,12,2,65,0,85,30,0,115,27,109,42,2,180,0,0,0,180
06/11/2016,STT,VI,ASO,ES,Towers with Radar,41,16,11,0,68,0,58,25,0,83,41,74,36,0,151,6,0,6,157
06/12/2016,STT,VI,ASO,ES,Towers with Radar,30,13,8,1,52,0,56,32,0,88,30,69,40,1,140,18,0,18,158
06/13/2016,STT,VI,ASO,ES,Towers with Radar,27,16,4,0,47,0,81,23,2,106,27,97,27,2,153,8,0,8,161
06/14/2016,STT,VI,ASO,ES,Towers with Radar,28,25,5,2,60,0,80,31,0,111,28,105,36,2,171,8,0,8,179
06/15/2016,STT,VI,ASO,ES,Towers with Radar,28,20,7,0,55,0,72,50,0,122,28,92,57,0,177,12,0,12,189
06/16/2016,STT,VI,ASO,ES,Towers with Radar,28,30,20,0,78,0,74,31,0,105,28,104,51,0,183,0,0,0,183
06/17/2016,STT,VI,ASO,ES,Towers with Radar,28,31,7,1,67,0,100,43,1,144,28,131,50,2,211,4,0,4,215
06/18/2016,STT,VI,ASO,ES,Towers with Radar,36,14,9,0,59,0,62,52,1,115,36,76,61,1,174,25,0,25,199
06/19/2016,STT,VI,ASO,ES,Towers with Radar,29,12,12,0,53,0,63,31,2,96,29,75,43,2,149,14,0,14,163
06/20/2016,STT,VI,ASO,ES,Towers with Radar,26,25,6,0,57,0,81,23,0,104,26,106,29,0,161,0,0,0,161
06/21/2016,STT,VI,ASO,ES,Towers with Radar,28,21,5,0,54,0,82,45,5,132,28,103,50,5,186,2,0,2,188
06/22/2016,STT,VI,ASO,ES,Towers with Radar,28,19,9,0,56,0,75,33,0,108,28,94,42,0,164,4,0,4,168
06/23/2016,STT,VI,ASO,ES,Towers with Radar,26,26,1,0,53,0,75,38,0,113,26,101,39,0,166,0,0,0,166
06/24/2016,STT,VI,ASO,ES,Towers with Radar,28,28,1,1,58,0,99,47,4,150,28,127,48,5,208,2,0,2,210
06/25/2016,STT,VI,ASO,ES,Towers with Radar,38,13,6,0,57,0,52,23,0,75,38,65,29,0,132,0,0,0,132
06/26/2016,STT,VI,ASO,ES,Towers with Radar,32,13,7,0,52,0,73,24,0,97,32,86,31,0,149,0,0,0,149
06/27/2016,STT,VI,ASO,ES,Towers with Radar,26,23,5,0,54,0,73,24,0,97,26,96,29,0,151,0,0,0,151
06/28/2016,STT,VI,ASO,ES,Towers with Radar,27,24,9,0,60,0,80,41,0,121,27,104,50,0,181,0,0,0,181
06/29/2016,STT,VI,ASO,ES,Towers with Radar,29,19,8,0,56,0,68,59,0,127,29,87,67,0,183,16,0,16,199
06/30/2016,STT,VI,ASO,ES,Towers with Radar,28,24,18,0,70,0,75,42,0,117,28,99,60,0,187,0,0,0,187
07/01/2016,STT,VI,ASO,ES,Towers with Radar,28,21,9,0,58,0,111,25,0,136,28,132,34,0,194,10,0,10,204
07/02/2016,STT,VI,ASO,ES,Towers with Radar,38,7,7,0,52,0,62,20,0,82,38,69,27,0,134,0,0,0,134
07/03/2016,STT,VI,ASO,ES,Towers with Radar,25,18,4,0,47,0,59,20,0,79,25,77,24,0,126,8,0,8,134
07/04/2016,STT,VI,ASO,ES,Towers with Radar,26,12,5,0,43,0,74,24,0,98,26,86,29,0,141,0,0,0,141
07/05/2016,STT,VI,ASO,ES,Towers with Radar,31,26,4,0,61,0,87,26,0,113,31,113,30,0,174,0,0,0,174
07/06/2016,STT,VI,ASO,ES,Towers with Radar,27,21,3,0,51,0,81,30,0,111,27,102,33,0,162,0,0,0,162
07/07/2016,STT,VI,ASO,ES,Towers with Radar,28,23,11,2,64,0,68,35,4,107,28,91,46,6,171,0,0,0,171
07/08/2016,STT,VI,ASO,ES,Towers with Radar,29,22,10,0,61,0,84,38,5,127,29,106,48,5,188,6,0,6,194
07/09/2016,STT,VI,ASO,ES,Towers with Radar,38,15,8,2,63,0,60,24,4,88,38,75,32,6,151,2,0,2,153
07/10/2016,STT,VI,ASO,ES,Towers with Radar,30,12,6,0,48,0,62,19,3,84,30,74,25,3,132,0,0,0,132
07/11/2016,STT,VI,ASO,ES,Towers with Radar,24,19,5,0,48,0,81,36,0,117,24,100,41,0,165,0,0,0,165
07/12/2016,STT,VI,ASO,ES,Towers with Radar,29,18,4,0,51,0,75,32,0,107,29,93,36,0,158,6,0,6,164
07/13/2016,STT,VI,ASO,ES,Towers with Radar,26,19,14,2,61,0,64,41,3,108,26,83,55,5,169,14,4,18,187
07/14/2016,STT,VI,ASO,ES,Towers with Radar,30,30,6,0,66,0,86,53,3,142,30,116,59,3,208,0,0,0,208
07/15/2016,STT,VI,ASO,ES,Towers with Radar,27,29,8,0,64,0,96,24,3,123,27,125,32,3,187,8,0,8,195
07/16/2016,STT,VI,ASO,ES,Towers with Radar,43,13,9,2,67,0,75,30,2,107,43,88,39,4,174,0,0,0,174
07/17/2016,STT,VI,ASO,ES,Towers with Radar,30,8,3,0,41,0,64,24,0,88,30,72,27,0,129,6,0,6,135
07/18/2016,STT,VI,ASO,ES,Towers with Radar,26,23,6,0,55,0,84,28,0,112,26,107,34,0,167,8,0,8,175
07/19/2016,STT,VI,ASO,ES,Towers with Radar,30,18,5,0,53,0,75,33,5,113,30,93,38,5,166,16,0,16,182
07/20/2016,STT,VI,ASO,ES,Towers with Radar,28,22,4,0,54,0,84,27,0,111,28,106,31,0,165,0,0,0,165
07/21/2016,STT,VI,ASO,ES,Towers with Radar,28,21,5,0,54,0,71,49,2,122,28,92,54,2,176,8,0,8,184
07/22/2016,STT,VI,ASO,ES,Towers with Radar,27,18,6,0,51,0,110,46,2,158,27,128,52,2,209,16,0,16,225
07/23/2016,STT,VI,ASO,ES,Towers with Radar,38,17,1,0,56,0,45,41,7,93,38,62,42,7,149,3,0,3,152
07/24/2016,STT,VI,ASO,ES,Towers with Radar,30,13,5,0,48,0,61,24,0,85,30,74,29,0,133,8,0,8,141
07/25/2016,STT,VI,ASO,ES,Towers with Radar,25,19,5,0,49,0,86,26,0,112,25,105,31,0,161,24,0,24,185
07/26/2016,STT,VI,ASO,ES,Towers with Radar,31,27,4,0,62,0,80,39,0,119,31,107,43,0,181,18,0,18,199
07/27/2016,STT,VI,ASO,ES,Towers with Radar,28,20,4,0,52,0,71,32,1,104,28,91,36,1,156,16,0,16,172
07/28/2016,STT,VI,ASO,ES,Towers with Radar,28,31,4,0,63,0,75,39,0,114,28,106,43,0,177,0,0,0,177
07/29/2016,STT,VI,ASO,ES,Towers with Radar,28,24,16,0,68,0,83,67,4,154,28,107,83,4,222,20,0,20,242
07/30/2016,STT,VI,ASO,ES,Towers with Radar,36,12,8,0,56,0,54,35,2,91,36,66,43,2,147,4,0,4,151
07/31/2016,STT,VI,ASO,ES,Towers with Radar,27,24,2,0,53,0,50,19,0,69,27,74,21,0,122,0,0,0,122
08/01/2016,STT,VI,ASO,ES,Towers with Radar,25,25,0,0,50,0,82,34,0,116,25,107,34,0,166,0,0,0,166
08/02/2016,STT,VI,ASO,ES,Towers with Radar,31,28,8,0,67,0,64,37,0,101,31,92,45,0,168,8,0,8,176
08/03/2016,STT,VI,ASO,ES,Towers with Radar,28,25,2,1,56,0,68,43,0,111,28,93,45,1,167,0,0,0,167
08/04/2016,STT,VI,ASO,ES,Towers with Radar,28,30,3,1,62,0,58,46,0,104,28,88,49,1,166,0,0,0,166
08/05/2016,STT,VI,ASO,ES,Towers with Radar,28,36,10,0,74,0,51,20,0,71,28,87,30,0,145,0,0,0,145
08/06/2016,STT,VI,ASO,ES,Towers with Radar,38,10,11,0,59,0,41,38,0,79,38,51,49,0,138,0,0,0,138
08/07/2016,STT,VI,ASO,ES,Towers with Radar,30,13,1,2,46,0,47,32,2,81,30,60,33,4,127,0,0,0,127
08/08/2016,STT,VI,ASO,ES,Towers with Radar,26,20,6,3,55,0,70,29,0,99,26,90,35,3,154,28,0,28,182
08/09/2016,STT,VI,ASO,ES,Towers with Radar,30,25,6,0,61,0,71,44,2,117,30,96,50,2,178,10,0,10,188
08/10/2016,STT,VI,ASO,ES,Towers with Radar,30,17,6,0,53,0,73,34,0,107,30,90,40,0,160,4,0,4,164
08/11/2016,STT,VI,ASO,ES,Towers with Radar,28,27,7,0,62,0,64,45,0,109,28,91,52,0,171,0,0,0,171
08/12/2016,STT,VI,ASO,ES,Towers with Radar,28,23,2,0,53,0,76,46,1,123,28,99,48,1,176,10,0,10,186
08/13/2016,STT,VI,ASO,ES,Towers with Radar,38,15,8,6,67,0,46,15,0,61,38,61,23,6,128,0,2,2,130
08/14/2016,STT,VI,ASO,ES,Towers with Radar,30,11,12,7,60,0,60,15,1,76,30,71,27,8,136,0,0,0,136
08/15/2016,STT,VI,ASO,ES,Towers with Radar,24,16,3,0,43,0,71,29,0,100,24,87,32,0,143,0,0,0,143
08/16/2016,STT,VI,ASO,ES,Towers with Radar,24,22,4,0,50,0,69,26,0,95,24,91,30,0,145,0,0,0,145
08/17/2016,STT,VI,ASO,ES,Towers with Radar,24,32,11,0,67,0,72,27,0,99,24,104,38,0,166,0,0,0,166
08/18/2016,STT,VI,ASO,ES,Towers with Radar,26,26,5,0,57,0,63,32,0,95,26,89,37,0,152,16,0,16,168
08/19/2016,STT,VI,ASO,ES,Towers with Radar,23,19,8,5,55,0,93,40,3,136,23,112,48,8,191,24,0,24,215
08/20/2016,STT,VI,ASO,ES,Towers with Radar,36,12,4,0,52,0,43,19,2,64,36,55,23,2,116,0,0,0,116
08/21/2016,STT,VI,ASO,ES,Towers with Radar,26,11,4,0,41,0,53,30,0,83,26,64,34,0,124,20,0,20,144
08/22/2016,STT,VI,ASO,ES,Towers with Radar,25,15,4,0,44,0,93,24,2,119,25,108,28,2,163,22,0,22,185
08/23/2016,STT,VI,ASO,ES,Towers with Radar,18,18,1,0,37,0,74,43,0,117,18,92,44,0,154,0,0,0,154
08/24/2016,STT,VI,ASO,ES,Towers with Radar,20,24,0,0,44,0,44,20,0,64,20,68,20,0,108,0,0,0,108
08/25/2016,STT,VI,ASO,ES,Towers with Radar,20,30,4,0,54,0,58,19,1,78,20,88,23,1,132,0,0,0,132
08/26/2016,STT,VI,ASO,ES,Towers with Radar,20,21,4,0,45,0,85,35,0,120,20,106,39,0,165,20,0,20,185
08/27/2016,STT,VI,ASO,ES,Towers with Radar,26,13,0,0,39,0,51,17,2,70,26,64,17,2,109,0,0,0,109
08/28/2016,STT,VI,ASO,ES,Towers with Radar,18,11,4,0,33,0,53,20,4,77,18,64,24,4,110,8,0,8,118
08/29/2016,STT,VI,ASO,ES,Towers with Radar,21,19,5,0,45,0,68,33,0,101,21,87,38,0,146,0,0,0,146
08/30/2016,STT,VI,ASO,ES,Towers with Radar,18,25,2,0,45,0,73,27,4,104,18,98,29,4,149,0,0,0,149
08/31/2016,STT,VI,ASO,ES,Towers with Radar,16,20,4,0,40,0,73,39,6,118,16,93,43,6,158,6,0,6,164
09/01/2016,STT,VI,ASO,ES,Towers with Radar,20,25,0,0,45,0,65,38,0,103,20,90,38,0,148,0,0,0,148
09/02/2016,STT,VI,ASO,ES,Towers with Radar,21,21,0,0,42,0,77,35,0,112,21,98,35,0,154,19,0,19,173
09/03/2016,STT,VI,ASO,ES,Towers with Radar,22,15,3,1,41,0,58,25,5,88,22,73,28,6,129,0,2,2,131
09/04/2016,STT,VI,ASO,ES,Towers with Radar,14,8,2,0,24,0,47,13,0,60,14,55,15,0,84,0,0,0,84
09/05/2016,STT,VI,ASO,ES,Towers with Radar,16,12,5,0,33,0,54,21,0,75,16,66,26,0,108,0,0,0,108
09/06/2016,STT,VI,ASO,ES,Towers with Radar,16,21,0,0,37,0,78,28,0,106,16,99,28,0,143,0,0,0,143
09/07/2016,STT,VI,ASO,ES,Towers with Radar,14,17,7,0,38,0,57,31,0,88,14,74,38,0,126,18,0,18,144
09/08/2016,STT,VI,ASO,ES,Towers with Radar,18,20,2,0,40,0,65,38,0,103,18,85,40,0,143,10,0,10,153
09/09/2016,STT,VI,ASO,ES,Towers with Radar,16,23,2,0,41,0,57,35,0,92,16,80,37,0,133,16,0,16,149
09/10/2016,STT,VI,ASO,ES,Towers with Radar,18,11,4,0,33,0,40,24,3,67,18,51,28,3,100,0,0,0,100
09/11/2016,STT,VI,ASO,ES,Towers with Radar,19,8,11,0,38,0,45,21,0,66,19,53,32,0,104,0,0,0,104
09/12/2016,STT,VI,ASO,ES,Towers with Radar,16,20,2,0,38,0,52,32,0,84,16,72,34,0,122,20,0,20,142
09/13/2016,STT,VI,ASO,ES,Towers with Radar,14,31,6,0,51,0,51,54,1,106,14,82,60,1,157,2,0,2,159
09/14/2016,STT,VI,ASO,ES,Towers with Radar,14,19,5,0,38,0,72,39,1,112,14,91,44,1,150,40,0,40,190
09/15/2016,STT,VI,ASO,ES,Towers with Radar,18,27,3,0,48,0,77,25,3,105,18,104,28,3,153,24,0,24,177
09/16/2016,STT,VI,ASO,ES,Towers with Radar,16,27,1,0,44,0,72,20,0,92,16,99,21,0,136,6,0,6,142
09/17/2016,STT,VI,ASO,ES,Towers with Radar,17,14,8,0,39,0,43,36,0,79,17,57,44,0,118,17,0,17,135
09/18/2016,STT,VI,ASO,ES,Towers with Radar,18,11,6,0,35,0,45,25,0,70,18,56,31,0,105,10,0,10,115
09/19/2016,STT,VI,ASO,ES,Towers with Radar,17,18,6,0,41,0,62,16,0,78,17,80,22,0,119,10,0,10,129
09/20/2016,STT,VI,ASO,ES,Towers with Radar,13,29,6,0,48,0,49,41,2,92,13,78,47,2,140,20,0,20,160
09/21/2016,STT,VI,ASO,ES,Towers with Radar,15,28,1,0,44,0,67,26,0,93,15,95,27,0,137,12,0,12,149
09/22/2016,STT,VI,ASO,ES,Towers with Radar,18,21,3,0,42,0,67,32,1,100,18,88,35,1,142,10,0,10,152
09/23/2016,STT,VI,ASO,ES,Towers with Radar,17,23,3,0,43,0,83,38,2,123,17,106,41,2,166,7,0,7,173
09/24/2016,STT,VI,ASO,ES,Towers with Radar,20,12,3,0,35,0,69,28,2,99,20,81,31,2,134,42,0,42,176
09/25/2016,STT,VI,ASO,ES,Towers with Radar,18,9,2,0,29,0,54,14,4,72,18,63,16,4,101,10,0,10,111
09/26/2016,STT,VI,ASO,ES,Towers with Radar,16,20,4,0,40,0,54,30,0,84,16,74,34,0,124,6,0,6,130
09/27/2016,STT,VI,ASO,ES,Towers with Radar,13,21,6,0,40,0,73,32,0,105,13,94,38,0,145,20,0,20,165
09/28/2016,STT,VI,ASO,ES,Towers with Radar,14,21,6,0,41,0,63,22,0,85,14,84,28,0,126,0,0,0,126
09/29/2016,STT,VI,ASO,ES,Towers with Radar,18,35,4,0,57,0,53,17,0,70,18,88,21,0,127,0,0,0,127
09/30/2016,STT,VI,ASO,ES,Towers with Radar,16,22,1,0,39,0,78,19,0,97,16,100,20,0,136,6,0,6,142
10/01/2016,STT,VI,ASO,ES,Towers with Radar,22,20,4,0,46,0,38,35,0,73,22,58,39,0,119,4,0,4,123
10/02/2016,STT,VI,ASO,ES,Towers with Radar,18,16,3,0,37,0,35,15,0,50,18,51,18,0,87,2,0,2,89
10/03/2016,STT,VI,ASO,ES,Towers with Radar,18,26,2,0,46,0,35,21,0,56,18,61,23,0,102,8,0,8,110
10/04/2016,STT,VI,ASO,ES,Towers with Radar,13,27,6,0,46,0,56,25,0,81,13,83,31,0,127,18,0,18,145
10/05/2016,STT,VI,ASO,ES,Towers with Radar,14,21,6,0,41,0,58,30,0,88,14,79,36,0,129,0,0,0,129
10/06/2016,STT,VI,ASO,ES,Towers with Radar,13,25,1,0,39,0,58,29,0,87,13,83,30,0,126,10,0,10,136
10/07/2016,STT,VI,ASO,ES,Towers with Radar,10,23,7,0,40,0,82,33,0,115,10,105,40,0,155,14,0,14,169
10/08/2016,STT,VI,ASO,ES,Towers with Radar,26,10,4,0,40,0,66,28,0,94,26,76,32,0,134,38,0,38,172
10/09/2016,STT,VI,ASO,ES,Towers with Radar,22,8,2,0,32,0,50,14,0,64,22,58,16,0,96,0,0,0,96
10/10/2016,STT,VI,ASO,ES,Towers with Radar,22,14,4,0,40,0,59,31,0,90,22,73,35,0,130,20,0,20,150
10/11/2016,STT,VI,ASO,ES,Towers with Radar,14,30,7,0,51,0,53,37,0,90,14,83,44,0,141,8,0,8,149
10/12/2016,STT,VI,ASO,ES,Towers with Radar,14,33,5,0,52,0,72,40,4,116,14,105,45,4,168,0,0,0,168
10/13/2016,STT,VI,ASO,ES,Towers with Radar,20,23,10,2,55,0,68,30,0,98,20,91,40,2,153,22,0,22,175
10/14/2016,STT,VI,ASO,ES,Towers with Radar,20,22,3,1,46,0,80,29,0,109,20,102,32,1,155,6,0,6,161
10/15/2016,STT,VI,ASO,ES,Towers with Radar,26,10,2,0,38,0,51,20,2,73,26,61,22,2,111,0,0,0,111
10/16/2016,STT,VI,ASO,ES,Towers with Radar,20,10,5,0,35,0,50,16,1,67,20,60,21,1,102,4,0,4,106
10/17/2016,STT,VI,ASO,ES,Towers with Radar,20,26,6,0,52,0,61,46,0,107,20,87,52,0,159,18,0,18,177
10/18/2016,STT,VI,ASO,ES,Towers with Radar,14,33,5,0,52,0,60,37,0,97,14,93,42,0,149,10,0,10,159
10/19/2016,STT,VI,ASO,ES,Towers with Radar,14,33,3,0,50,0,67,23,0,90,14,100,26,0,140,0,2,2,142
10/20/2016,STT,VI,ASO,ES,Towers with Radar,20,22,3,4,49,0,75,41,0,116,20,97,44,4,165,24,0,24,189
10/21/2016,STT,VI,ASO,ES,Towers with Radar,20,14,6,0,40,0,91,32,1,124,20,105,38,1,164,6,0,6,170
10/22/2016,STT,VI,ASO,ES,Towers with Radar,26,19,4,0,49,0,69,34,0,103,26,88,38,0,152,14,0,14,166
10/23/2016,STT,VI,ASO,ES,Towers with Radar,20,9,5,0,34,0,58,19,0,77,20,67,24,0,111,0,0,0,111
10/24/2016,STT,VI,ASO,ES,Towers with Radar,23,27,5,0,55,0,62,25,0,87,23,89,30,0,142,4,0,4,146
10/25/2016,STT,VI,ASO,ES,Towers with Radar,14,29,3,0,46,0,54,37,0,91,14,83,40,0,137,0,0,0,137
10/26/2016,STT,VI,ASO,ES,Towers with Radar,14,16,4,0,34,0,56,38,0,94,14,72,42,0,128,0,0,0,128
10/27/2016,STT,VI,ASO,ES,Towers with Radar,20,25,6,0,51,0,67,47,0,114,20,92,53,0,165,9,0,9,174
10/28/2016,STT,VI,ASO,ES,Towers with Radar,22,27,4,0,53,0,83,36,0,119,22,110,40,0,172,4,0,4,176
10/29/2016,STT,VI,ASO,ES,Towers with Radar,29,9,4,0,42,0,51,26,0,77,29,60,30,0,119,26,0,26,145
10/30/2016,STT,VI,ASO,ES,Towers with Radar,24,9,5,0,38,0,48,20,0,68,24,57,25,0,106,12,0,12,118
10/31/2016,STT,VI,ASO,ES,Towers with Radar,21,19,0,0,40,0,70,25,0,95,21,89,25,0,135,0,0,0,135
11/01/2016,STT,VI,ASO,ES,Towers with Radar,15,27,7,0,49,0,46,16,0,62,15,73,23,0,111,12,0,12,123
11/02/2016,STT,VI,ASO,ES,Towers with Radar,15,31,2,2,50,0,59,31,0,90,15,90,33,2,140,0,0,0,140
11/03/2016,STT,VI,ASO,ES,Towers with Radar,21,32,2,2,57,0,56,16,0,72,21,88,18,2,129,0,0,0,129
11/04/2016,STT,VI,ASO,ES,Towers with Radar,24,24,2,0,50,0,93,52,4,149,24,117,54,4,199,0,0,0,199
11/05/2016,STT,VI,ASO,ES,Towers with Radar,33,11,3,0,47,0,62,18,2,82,33,73,21,2,129,0,0,0,129
11/06/2016,STT,VI,ASO,ES,Towers with Radar,28,11,8,0,47,0,47,11,2,60,28,58,19,2,107,0,0,0,107
11/07/2016,STT,VI,ASO,ES,Towers with Radar,22,22,3,0,47,0,61,45,0,106,22,83,48,0,153,0,0,0,153
11/08/2016,STT,VI,ASO,ES,Towers with Radar,17,26,7,0,50,0,70,36,0,106,17,96,43,0,156,0,0,0,156
11/09/2016,STT,VI,ASO,ES,Towers with Radar,16,34,14,0,64,0,68,48,2,118,16,102,62,2,182,0,0,0,182
11/10/2016,STT,VI,ASO,ES,Towers with Radar,20,27,3,1,51,0,80,36,0,116,20,107,39,1,167,8,0,8,175
11/11/2016,STT,VI,ASO,ES,Towers with Radar,24,21,2,2,49,0,95,40,5,140,24,116,42,7,189,8,0,8,197
11/12/2016,STT,VI,ASO,ES,Towers with Radar,34,17,12,0,63,0,56,29,0,85,34,73,41,0,148,30,0,30,178
11/13/2016,STT,VI,ASO,ES,Towers with Radar,29,17,5,0,51,0,57,36,1,94,29,74,41,1,145,10,0,10,155
11/14/2016,STT,VI,ASO,ES,Towers with Radar,22,23,0,0,45,0,98,43,2,143,22,121,43,2,188,8,0,8,196
11/15/2016,STT,VI,ASO,ES,Towers with Radar,17,27,11,0,55,0,84,29,0,113,17,111,40,0,168,6,0,6,174
11/16/2016,STT,VI,ASO,ES,Towers with Radar,18,27,6,0,51,0,56,49,4,109,18,83,55,4,160,8,0,8,168
11/17/2016,STT,VI,ASO,ES,Towers with Radar,21,34,4,0,59,0,77,34,1,112,21,111,38,1,171,42,0,42,213
11/18/2016,STT,VI,ASO,ES,Towers with Radar,25,33,9,0,67,0,85,32,0,117,25,118,41,0,184,36,0,36,220
11/19/2016,STT,VI,ASO,ES,Towers with Radar,37,11,15,0,63,0,79,47,0,126,37,90,62,0,189,20,0,20,209
11/20/2016,STT,VI,ASO,ES,Towers with Radar,29,10,4,0,43,0,60,19,0,79,29,70,23,0,122,16,0,16,138
11/21/2016,STT,VI,ASO,ES,Towers with Radar,22,24,3,0,49,0,52,21,3,76,22,76,24,3,125,11,0,11,136
11/22/2016,STT,VI,ASO,ES,Towers with Radar,19,35,17,0,71,0,66,40,0,106,19,101,57,0,177,0,0,0,177
11/23/2016,STT,VI,ASO,ES,Towers with Radar,18,30,11,2,61,0,64,28,2,94,18,94,39,4,155,16,0,16,171
11/24/2016,STT,VI,ASO,ES,Towers with Radar,21,13,2,0,36,0,49,16,0,65,21,62,18,0,101,6,0,6,107
11/25/2016,STT,VI,ASO,ES,Towers with Radar,21,22,13,0,56,0,76,32,0,108,21,98,45,0,164,6,0,6,170
11/26/2016,STT,VI,ASO,ES,Towers with Radar,38,17,11,0,66,0,56,43,0,99,38,73,54,0,165,4,0,4,169
11/27/2016,STT,VI,ASO,ES,Towers with Radar,29,14,21,0,64,0,59,36,0,95,29,73,57,0,159,2,0,2,161
11/28/2016,STT,VI,ASO,ES,Towers with Radar,22,36,8,0,66,0,52,22,0,74,22,88,30,0,140,2,0,2,142
11/29/2016,STT,VI,ASO,ES,Towers with Radar,16,27,11,0,54,0,77,32,0,109,16,104,43,0,163,0,0,0,163
11/30/2016,STT,VI,ASO,ES,Towers with Radar,18,27,14,1,60,0,63,34,1,98,18,90,48,2,158,2,0,2,160
12/01/2016,STT,VI,ASO,ES,Towers with Radar,20,28,10,0,58,0,58,24,3,85,20,86,34,3,143,0,0,0,143
12/02/2016,STT,VI,ASO,ES,Towers with Radar,23,25,9,0,57,0,84,39,0,123,23,109,48,0,180,8,0,8,188
12/03/2016,STT,VI,ASO,ES,Towers with Radar,36,22,3,0,61,0,55,26,2,83,36,77,29,2,144,12,0,12,156
12/04/2016,STT,VI,ASO,ES,Towers with Radar,27,11,3,0,41,0,55,19,2,76,27,66,22,2,117,0,0,0,117
12/05/2016,STT,VI,ASO,ES,Towers with Radar,22,26,3,0,51,0,74,22,0,96,22,100,25,0,147,2,0,2,149
12/06/2016,STT,VI,ASO,ES,Towers with Radar,16,28,3,0,47,0,64,25,0,89,16,92,28,0,136,2,0,2,138
12/07/2016,STT,VI,ASO,ES,Towers with Radar,19,29,9,0,57,0,54,31,3,88,19,83,40,3,145,4,0,4,149
12/08/2016,STT,VI,ASO,ES,Towers with Radar,20,29,6,0,55,0,79,35,2,116,20,108,41,2,171,0,0,0,171
12/09/2016,STT,VI,ASO,ES,Towers with Radar,24,31,8,1,64,0,93,49,3,145,24,124,57,4,209,24,2,26,235
12/10/2016,STT,VI,ASO,ES,Towers with Radar,35,13,6,0,54,1,71,31,1,104,36,84,37,1,158,22,0,22,180
12/11/2016,STT,VI,ASO,ES,Towers with Radar,27,15,7,0,49,0,66,22,0,88,27,81,29,0,137,0,0,0,137
12/12/2016,STT,VI,ASO,ES,Towers with Radar,22,28,9,0,59,0,52,27,0,79,22,80,36,0,138,11,0,11,149
12/13/2016,STT,VI,ASO,ES,Towers with Radar,17,26,6,0,49,0,68,34,0,102,17,94,40,0,151,16,0,16,167
12/14/2016,STT,VI,ASO,ES,Towers with Radar,21,16,14,1,52,0,59,50,1,110,21,75,64,2,162,6,1,7,169
12/15/2016,STT,VI,ASO,ES,Towers with Radar,25,33,8,0,66,0,74,37,2,113,25,107,45,2,179,32,0,32,211
12/16/2016,STT,VI,ASO,ES,Towers with Radar,31,29,8,2,70,0,95,41,1,137,31,124,49,3,207,8,0,8,215
12/17/2016,STT,VI,ASO,ES,Towers with Radar,43,14,11,0,68,0,75,37,2,114,43,89,48,2,182,6,0,6,188
12/18/2016,STT,VI,ASO,ES,Towers with Radar,46,17,7,0,70,0,61,41,3,105,46,78,48,3,175,22,0,22,197
12/19/2016,STT,VI,ASO,ES,Towers with Radar,35,23,13,0,71,0,68,47,0,115,35,91,60,0,186,0,0,0,186
12/20/2016,STT,VI,ASO,ES,Towers with Radar,33,30,13,0,76,0,77,46,2,125,33,107,59,2,201,8,0,8,209
12/21/2016,STT,VI,ASO,ES,Towers with Radar,38,28,10,0,76,0,86,54,0,140,38,114,64,0,216,18,0,18,234
12/22/2016,STT,VI,ASO,ES,Towers with Radar,37,32,7,0,76,0,88,50,2,140,37,120,57,2,216,38,0,38,254
12/23/2016,STT,VI,ASO,ES,Towers with Radar,37,28,16,0,81,0,99,46,0,145,37,127,62,0,226,16,0,16,242
12/24/2016,STT,VI,ASO,ES,Towers with Radar,47,19,9,0,75,0,68,19,0,87,47,87,28,0,162,2,0,2,164
12/25/2016,STT,VI,ASO,ES,Towers with Radar,41,10,6,0,57,0,60,9,0,69,41,70,15,0,126,2,0,2,128
12/26/2016,STT,VI,ASO,ES,Towers with Radar,38,22,30,0,90,0,86,36,0,122,38,108,66,0,212,17,0,17,229
12/27/2016,STT,VI,ASO,ES,Towers with Radar,35,26,24,0,85,0,88,54,0,142,35,114,78,0,227,12,0,12,239
12/28/2016,STT,VI,ASO,ES,Towers with Radar,40,25,8,0,73,0,82,48,0,130,40,107,56,0,203,0,0,0,203
12/29/2016,STT,VI,ASO,ES,Towers with Radar,36,29,12,0,77,0,87,45,2,134,36,116,57,2,211,12,0,12,223
12/30/2016,STT,VI,ASO,ES,Towers with Radar,36,38,8,0,82,0,98,48,0,146,36,136,56,0,228,0,0,0,228
12/31/2016,STT,VI,ASO,ES,Towers with Radar,47,15,13,0,75,0,60,21,0,81,47,75,34,0,156,32,0,32,188
01/01/2017,STT,VI,ASO,ES,Towers with Radar,41,12,16,0,69,0,58,33,0,91,41,70,49,0,160,0,0,0,160
01/02/2017,STT,VI,ASO,ES,Towers with Radar,36,16,44,0,96,0,99,62,0,161,36,115,106,0,257,12,0,12,269
01/03/2017,STT,VI,ASO,ES,Towers with Radar,39,22,26,0,87,0,66,61,0,127,39,88,87,0,214,26,0,26,240
01/04/2017,STT,VI,ASO,ES,Towers with Radar,36,27,13,0,76,0,91,49,0,140,36,118,62,0,216,42,0,42,258
01/05/2017,STT,VI,ASO,ES,Towers with Radar,34,23,10,0,67,0,101,50,1,152,34,124,60,1,219,8,0,8,227
01/06/2017,STT,VI,ASO,ES,Towers with Radar,32,22,13,0,67,0,93,45,0,138,32,115,58,0,205,40,0,40,245
01/07/2017,STT,VI,ASO,ES,Towers with Radar,51,13,11,0,75,0,70,53,3,126,51,83,64,3,201,10,0,10,211
01/08/2017,STT,VI,ASO,ES,Towers with Radar,35,12,13,0,60,0,82,48,0,130,35,94,61,0,190,0,0,0,190
01/09/2017,STT,VI,ASO,ES,Towers with Radar,30,19,7,0,56,0,103,45,0,148,30,122,52,0,204,24,0,24,228
01/10/2017,STT,VI,ASO,ES,Towers with Radar,26,22,6,0,54,0,79,60,0,139,26,101,66,0,193,14,0,14,207
01/11/2017,STT,VI,ASO,ES,Towers with Radar,26,23,8,0,57,0,80,39,1,120,26,103,47,1,177,0,0,0,177
01/12/2017,STT,VI,ASO,ES,Towers with Radar,31,30,18,0,79,0,75,55,0,130,31,105,73,0,209,2,0,2,211
01/13/2017,STT,VI,ASO,ES,Towers with Radar,30,22,11,0,63,0,59,59,6,124,30,81,70,6,187,0,0,0,187
01/14/2017,STT,VI,ASO,ES,Towers with Radar,40,12,13,0,65,0,47,38,0,85,40,59,51,0,150,0,0,0,150
01/15/2017,STT,VI,ASO,ES,Towers with Radar,33,11,12,0,56,0,72,24,0,96,33,83,36,0,152,2,0,2,154
01/16/2017,STT,VI,ASO,ES,Towers with Radar,28,16,6,0,50,0,79,25,0,104,28,95,31,0,154,0,0,0,154
01/17/2017,STT,VI,ASO,ES,Towers with Radar,26,22,2,0,50,0,85,41,0,126,26,107,43,0,176,0,0,0,176
01/18/2017,STT,VI,ASO,ES,Towers with Radar,26,24,6,0,56,0,84,39,0,123,26,108,45,0,179,0,0,0,179
01/19/2017,STT,VI,ASO,ES,Towers with Radar,30,33,6,0,69,0,83,56,0,139,30,116,62,0,208,16,0,16,224
01/20/2017,STT,VI,ASO,ES,Towers with Radar,30,25,3,0,58,0,105,43,0,148,30,130,46,0,206,0,0,0,206
01/21/2017,STT,VI,ASO,ES,Towers with Radar,42,15,8,0,65,0,64,16,1,81,42,79,24,1,146,10,0,10,156
01/22/2017,STT,VI,ASO,ES,Towers with Radar,33,11,4,0,48,0,66,21,0,87,33,77,25,0,135,14,0,14,149
01/23/2017,STT,VI,ASO,ES,Towers with Radar,29,31,8,1,69,0,78,25,0,103,29,109,33,1,172,0,0,0,172
01/24/2017,STT,VI,ASO,ES,Towers with Radar,22,24,2,0,48,0,58,31,0,89,22,82,33,0,137,20,0,20,157
01/25/2017,STT,VI,ASO,ES,Towers with Radar,27,21,8,0,56,0,83,34,0,117,27,104,42,0,173,10,0,10,183
01/26/2017,STT,VI,ASO,ES,Towers with Radar,30,29,13,0,72,0,83,59,1,143,30,112,72,1,215,18,0,18,233
01/27/2017,STT,VI,ASO,ES,Towers with Radar,30,25,12,0,67,0,90,40,0,130,30,115,52,0,197,26,0,26,223
01/28/2017,STT,VI,ASO,ES,Towers with Radar,39,12,13,1,65,0,71,24,0,95,39,83,37,1,160,17,0,17,177
01/29/2017,STT,VI,ASO,ES,Towers with Radar,35,14,19,0,68,0,75,22,0,97,35,89,41,0,165,0,0,0,165
01/30/2017,STT,VI,ASO,ES,Towers with Radar,24,21,5,0,50,0,82,31,0,113,24,103,36,0,163,12,0,12,175
01/31/2017,STT,VI,ASO,ES,Towers with Radar,26,22,8,0,56,0,92,28,11,131,26,114,36,11,187,0,0,0,187
02/01/2017,STT,VI,ASO,ES,Towers with Radar,25,24,5,0,54,0,97,36,0,133,25,121,41,0,187,14,0,14,201
02/02/2017,STT,VI,ASO,ES,Towers with Radar,30,32,9,0,71,0,79,42,5,126,30,111,51,5,197,32,0,32,229
02/03/2017,STT,VI,ASO,ES,Towers with Radar,30,27,12,0,69,0,106,30,12,148,30,133,42,12,217,40,0,40,257
02/04/2017,STT,VI,ASO,ES,Towers with Radar,41,13,17,0,71,0,58,46,5,109,41,71,63,5,180,10,0,10,190
02/05/2017,STT,VI,ASO,ES,Towers with Radar,33,7,6,0,46,0,66,18,2,86,33,73,24,2,132,2,0,2,134
02/06/2017,STT,VI,ASO,ES,Towers with Radar,27,26,4,3,60,0,66,56,0,122,27,92,60,3,182,32,0,32,214
02/07/2017,STT,VI,ASO,ES,Towers with Radar,26,26,5,0,57,0,82,27,0,109,26,108,32,0,166,14,0,14,180
02/08/2017,STT,VI,ASO,ES,Towers with Radar,26,21,8,0,55,0,86,25,0,111,26,107,33,0,166,34,0,34,200
02/09/2017,STT,VI,ASO,ES,Towers with Radar,22,23,11,0,56,0,84,67,0,151,22,107,78,0,207,16,0,16,223
02/10/2017,STT,VI,ASO,ES,Towers with Radar,30,33,16,1,80,0,104,73,2,179,30,137,89,3,259,62,0,62,321
02/11/2017,STT,VI,ASO,ES,Towers with Radar,40,10,16,0,66,0,72,45,1,118,40,82,61,1,184,48,0,48,232
02/12/2017,STT,VI,ASO,ES,Towers with Radar,33,7,16,4,60,0,64,26,0,90,33,71,42,4,150,14,0,14,164
02/13/2017,STT,VI,ASO,ES,Towers with Radar,29,26,6,0,61,0,76,37,0,113,29,102,43,0,174,44,0,44,218
02/14/2017,STT,VI,ASO,ES,Towers with Radar,26,23,2,0,51,0,83,43,0,126,26,106,45,0,177,36,0,36,213
02/15/2017,STT,VI,ASO,ES,Towers with Radar,25,20,6,0,51,0,93,51,0,144,25,113,57,0,195,4,0,4,199
02/16/2017,STT,VI,ASO,ES,Towers with Radar,34,28,9,0,71,0,96,63,2,161,34,124,72,2,232,4,0,4,236
02/17/2017,STT,VI,ASO,ES,Towers with Radar,34,25,17,0,76,0,124,95,0,219,34,149,112,0,295,20,0,20,315
02/18/2017,STT,VI,ASO,ES,Towers with Radar,45,17,25,0,87,0,76,38,0,114,45,93,63,0,201,20,0,20,221
02/19/2017,STT,VI,ASO,ES,Towers with Radar,38,10,3,0,51,0,82,37,0,119,38,92,40,0,170,24,0,24,194
02/20/2017,STT,VI,ASO,ES,Towers with Radar,34,15,15,0,64,0,104,58,0,162,34,119,73,0,226,18,0,18,244
02/21/2017,STT,VI,ASO,ES,Towers with Radar,31,27,7,0,65,0,107,59,0,166,31,134,66,0,231,0,0,0,231
02/22/2017,STT,VI,ASO,ES,Towers with Radar,32,20,6,0,58,0,92,41,0,133,32,112,47,0,191,0,0,0,191
02/23/2017,STT,VI,ASO,ES,Towers with Radar,34,38,7,0,79,0,78,33,0,111,34,116,40,0,190,6,0,6,196
02/24/2017,STT,VI,ASO,ES,Towers with Radar,34,29,11,0,74,0,101,40,0,141,34,130,51,0,215,2,0,2,217
02/25/2017,STT,VI,ASO,ES,Towers with Radar,45,15,11,0,71,0,71,32,0,103,45,86,43,0,174,0,0,0,174
02/26/2017,STT,VI,ASO,ES,Towers with Radar,35,13,12,0,60,0,76,23,0,99,35,89,35,0,159,0,0,0,159
02/27/2017,STT,VI,ASO,ES,Towers with Radar,33,18,9,0,60,0,86,31,0,117,33,104,40,0,177,10,0,10,187
02/28/2017,STT,VI,ASO,ES,Towers with Radar,31,29,10,0,70,0,99,29,0,128,31,128,39,0,198,13,0,13,211
03/01/2017,STT,VI,ASO,ES,Towers with Radar,31,17,7,0,55,0,81,37,0,118,31,98,44,0,173,2,0,2,175
03/02/2017,STT,VI,ASO,ES,Towers with Radar,32,31,7,0,70,0,94,50,0,144,32,125,57,0,214,18,0,18,232
03/03/2017,STT,VI,ASO,ES,Towers with Radar,32,34,10,0,76,0,101,35,0,136,32,135,45,0,212,28,0,28,240
03/04/2017,STT,VI,ASO,ES,Towers with Radar,45,17,8,0,70,0,68,36,0,104,45,85,44,0,174,38,0,38,212
03/05/2017,STT,VI,ASO,ES,Towers with Radar,35,8,12,0,55,0,77,34,0,111,35,85,46,0,166,25,0,25,191
03/06/2017,STT,VI,ASO,ES,Towers with Radar,33,29,15,0,77,0,61,32,0,93,33,90,47,0,170,4,0,4,174
03/07/2017,STT,VI,ASO,ES,Towers with Radar,29,33,17,0,79,0,68,18,3,89,29,101,35,3,168,0,0,0,168
03/08/2017,STT,VI,ASO,ES,Towers with Radar,31,24,10,1,66,0,85,46,3,134,31,109,56,4,200,0,0,0,200
03/09/2017,STT,VI,ASO,ES,Towers with Radar,32,28,12,0,72,0,77,48,2,127,32,105,60,2,199,0,0,0,199
03/10/2017,STT,VI,ASO,ES,Towers with Radar,32,32,8,0,72,0,98,72,0,170,32,130,80,0,242,18,0,18,260
03/11/2017,STT,VI,ASO,ES,Towers with Radar,49,10,22,0,81,0,85,33,1,119,49,95,55,1,200,27,0,27,227
03/12/2017,STT,VI,ASO,ES,Towers with Radar,35,9,25,0,69,0,58,55,0,113,35,67,80,0,182,10,0,10,192
03/13/2017,STT,VI,ASO,ES,Towers with Radar,33,24,16,0,73,0,83,39,0,122,33,107,55,0,195,26,3,29,224
03/14/2017,STT,VI,ASO,ES,Towers with Radar,18,30,9,0,57,0,106,34,0,140,18,136,43,0,197,26,0,26,223
03/15/2017,STT,VI,ASO,ES,Towers with Radar,30,17,7,2,56,0,109,43,4,156,30,126,50,6,212,28,0,28,240
03/16/2017,STT,VI,ASO,ES,Towers with Radar,33,33,9,0,75,0,107,45,8,160,33,140,54,8,235,0,0,0,235
03/17/2017,STT,VI,ASO,ES,Towers with Radar,33,38,16,0,87,0,114,64,2,180,33,152,80,2,267,8,0,8,275
03/18/2017,STT,VI,ASO,ES,Towers with Radar,49,11,32,0,92,0,79,37,1,117,49,90,69,1,209,0,0,0,209
03/19/2017,STT,VI,ASO,ES,Towers with Radar,34,14,13,3,64,0,64,41,8,113,34,78,54,11,177,14,0,14,191
03/20/2017,STT,VI,ASO,ES,Towers with Radar,31,23,12,0,66,0,86,33,0,119,31,109,45,0,185,10,0,10,195
03/21/2017,STT,VI,ASO,ES,Towers with Radar,29,20,5,1,55,0,80,48,3,131,29,100,53,4,186,14,0,14,200
03/22/2017,STT,VI,ASO,ES,Towers with Radar,30,22,1,2,55,0,84,43,0,127,30,106,44,2,182,0,0,0,182
03/23/2017,STT,VI,ASO,ES,Towers with Radar,32,35,8,0,75,0,84,32,7,123,32,119,40,7,198,34,0,34,232
03/24/2017,STT,VI,ASO,ES,Towers with Radar,32,61,11,0,104,0,83,64,0,147,32,144,75,0,251,2,0,2,253
03/25/2017,STT,VI,ASO,ES,Towers with Radar,49,14,17,0,80,0,77,39,0,116,49,91,56,0,196,4,0,4,200
03/26/2017,STT,VI,ASO,ES,Towers with Radar,35,12,12,0,59,0,60,34,0,94,35,72,46,0,153,20,0,20,173
03/27/2017,STT,VI,ASO,ES,Towers with Radar,32,26,11,2,71,0,81,46,1,128,32,107,57,3,199,6,0,6,205
03/28/2017,STT,VI,ASO,ES,Towers with Radar,28,28,7,0,63,0,77,36,0,113,28,105,43,0,176,34,0,34,210
03/29/2017,STT,VI,ASO,ES,Towers with Radar,31,21,4,0,56,0,96,32,1,129,31,117,36,1,185,16,0,16,201
03/30/2017,STT,VI,ASO,ES,Towers with Radar,33,25,10,0,68,0,69,52,2,123,33,94,62,2,191,6,0,6,197
03/31/2017,STT,VI,ASO,ES,Towers with Radar,32,27,15,0,74,0,105,50,7,162,32,132,65,7,236,36,0,36,272
04/01/2017,STT,VI,ASO,ES,Towers with Radar,48,11,14,1,74,0,62,60,0,122,48,73,74,1,196,14,0,14,210
04/02/2017,STT,VI,ASO,ES,Towers with Radar,41,11,19,0,71,0,77,30,0,107,41,88,49,0,178,5,0,5,183
04/03/2017,STT,VI,ASO,ES,Towers with Radar,32,20,3,0,55,0,79,38,0,117,32,99,41,0,172,22,0,22,194
04/04/2017,STT,VI,ASO,ES,Towers with Radar,29,15,2,0,46,0,96,27,0,123,29,111,29,0,169,0,0,0,169
04/05/2017,STT,VI,ASO,ES,Towers with Radar,27,23,11,2,63,0,96,31,2,129,27,119,42,4,192,16,0,16,208
04/06/2017,STT,VI,ASO,ES,Towers with Radar,28,29,2,0,59,0,83,50,1,134,28,112,52,1,193,2,0,2,195
04/07/2017,STT,VI,ASO,ES,Towers with Radar,30,34,12,0,76,0,111,79,4,194,30,145,91,4,270,30,0,30,300
04/08/2017,STT,VI,ASO,ES,Towers with Radar,45,16,11,0,72,0,78,39,1,118,45,94,50,1,190,10,0,10,200
04/09/2017,STT,VI,ASO,ES,Towers with Radar,33,7,9,0,49,0,65,36,2,103,33,72,45,2,152,24,0,24,176
04/10/2017,STT,VI,ASO,ES,Towers with Radar,29,32,15,2,78,0,76,21,2,99,29,108,36,4,177,18,0,18,195
04/11/2017,STT,VI,ASO,ES,Towers with Radar,28,22,2,0,52,0,95,53,2,150,28,117,55,2,202,14,0,14,216
04/12/2017,STT,VI,ASO,ES,Towers with Radar,28,33,7,0,68,0,80,32,2,114,28,113,39,2,182,25,0,25,207
04/13/2017,STT,VI,ASO,ES,Towers with Radar,30,24,8,0,62,0,83,53,1,137,30,107,61,1,199,40,0,40,239
04/14/2017,STT,VI,ASO,ES,Towers with Radar,30,24,10,0,64,0,85,40,0,125,30,109,50,0,189,58,0,58,247
04/15/2017,STT,VI,ASO,ES,Towers with Radar,45,11,11,0,67,0,62,58,0,120,45,73,69,0,187,50,0,50,237
04/16/2017,STT,VI,ASO,ES,Towers with Radar,35,13,10,0,58,0,60,55,0,115,35,73,65,0,173,36,0,36,209
04/17/2017,STT,VI,ASO,ES,Towers with Radar,30,32,19,0,81,0,73,40,0,113,30,105,59,0,194,18,0,18,212
04/18/2017,STT,VI,ASO,ES,Towers with Radar,28,24,9,0,61,0,70,45,0,115,28,94,54,0,176,0,0,0,176
04/19/2017,STT,VI,ASO,ES,Towers with Radar,28,24,4,0,56,0,81,40,1,122,28,105,44,1,178,16,0,16,194
04/20/2017,STT,VI,ASO,ES,Towers with Radar,30,31,5,0,66,0,75,33,2,110,30,106,38,2,176,12,0,12,188
04/21/2017,STT,VI,ASO,ES,Towers with Radar,30,25,5,0,60,0,96,40,2,138,30,121,45,2,198,20,0,20,218
04/22/2017,STT,VI,ASO,ES,Towers with Radar,37,11,3,0,51,0,51,47,0,98,37,62,50,0,149,20,0,20,169
04/23/2017,STT,VI,ASO,ES,Towers with Radar,33,14,6,1,54,0,56,25,9,90,33,70,31,10,144,0,0,0,144
04/24/2017,STT,VI,ASO,ES,Towers with Radar,28,26,7,0,61,0,83,35,7,125,28,109,42,7,186,0,0,0,186
04/25/2017,STT,VI,ASO,ES,Towers with Radar,27,21,5,0,53,0,70,27,1,98,27,91,32,1,151,0,0,0,151
04/26/2017,STT,VI,ASO,ES,Towers with Radar,27,26,10,0,63,0,91,45,2,138,27,117,55,2,201,26,0,26,227
04/27/2017,STT,VI,ASO,ES,Towers with Radar,29,23,4,0,56,0,74,40,0,114,29,97,44,0,170,10,0,10,180
04/28/2017,STT,VI,ASO,ES,Towers with Radar,28,19,9,0,56,0,71,38,0,109,28,90,47,0,165,0,0,0,165
04/29/2017,STT,VI,ASO,ES,Towers with Radar,39,13,2,0,54,0,60,30,0,90,39,73,32,0,144,22,0,22,166
04/30/2017,STT,VI,ASO,ES,Towers with Radar,32,12,17,0,61,0,95,60,0,155,32,107,77,0,216,6,0,6,222
05/01/2017,STT,VI,ASO,ES,Towers with Radar,26,35,7,0,68,0,79,33,17,129,26,114,40,17,197,0,0,0,197
05/02/2017,STT,VI,ASO,ES,Towers with Radar,25,25,5,5,60,0,73,50,11,134,25,98,55,16,194,22,0,22,216
05/03/2017,STT,VI,ASO,ES,Towers with Radar,26,20,5,0,51,0,59,35,6,100,26,79,40,6,151,42,0,42,193
05/04/2017,STT,VI,ASO,ES,Towers with Radar,26,26,2,0,54,0,90,27,3,120,26,116,29,3,174,24,0,24,198
05/05/2017,STT,VI,ASO,ES,Towers with Radar,24,23,7,0,54,0,73,35,0,108,24,96,42,0,162,30,0,30,192
05/06/2017,STT,VI,ASO,ES,Towers with Radar,37,9,2,0,48,0,45,26,0,71,37,54,28,0,119,8,0,8,127
05/07/2017,STT,VI,ASO,ES,Towers with Radar,25,10,3,0,38,0,62,29,0,91,25,72,32,0,129,26,0,26,155
05/08/2017,STT,VI,ASO,ES,Towers with Radar,22,23,5,0,50,0,57,39,0,96,22,80,44,0,146,2,0,2,148
05/09/2017,STT,VI,ASO,ES,Towers with Radar,19,43,4,0,66,0,50,23,0,73,19,93,27,0,139,10,0,10,149
05/10/2017,STT,VI,ASO,ES,Towers with Radar,19,28,3,1,51,0,55,25,1,81,19,83,28,2,132,30,0,30,162
05/11/2017,STT,VI,ASO,ES,Towers with Radar,24,52,9,2,87,0,78,33,0,111,24,130,42,2,198,16,0,16,214
05/12/2017,STT,VI,ASO,ES,Towers with Radar,25,24,10,2,61,0,77,39,0,116,25,101,49,2,177,32,0,32,209
05/13/2017,STT,VI,ASO,ES,Towers with Radar,38,11,2,3,54,0,51,30,1,82,38,62,32,4,136,5,0,5,141
05/14/2017,STT,VI,ASO,ES,Towers with Radar,24,9,3,2,38,0,55,20,2,77,24,64,23,4,115,10,0,10,125
05/15/2017,STT,VI,ASO,ES,Towers with Radar,24,22,3,0,49,0,53,30,20,103,24,75,33,20,152,4,0,4,156
05/16/2017,STT,VI,ASO,ES,Towers with Radar,19,25,7,5,56,0,72,25,18,115,19,97,32,23,171,18,0,18,189
05/17/2017,STT,VI,ASO,ES,Towers with Radar,20,18,5,0,43,0,60,25,14,99,20,78,30,14,142,16,0,16,158
05/18/2017,STT,VI,ASO,ES,Towers with Radar,22,22,2,0,46,0,65,32,5,102,22,87,34,5,148,0,0,0,148
05/19/2017,STT,VI,ASO,ES,Towers with Radar,24,28,7,1,60,0,87,31,4,122,24,115,38,5,182,6,0,6,188
05/20/2017,STT,VI,ASO,ES,Towers with Radar,37,11,10,2,60,0,45,13,0,58,37,56,23,2,118,0,0,0,118
05/21/2017,STT,VI,ASO,ES,Towers with Radar,25,10,12,0,47,0,57,14,0,71,25,67,26,0,118,0,0,0,118
05/22/2017,STT,VI,ASO,ES,Towers with Radar,24,21,7,3,55,0,75,25,2,102,24,96,32,5,157,0,7,7,164
05/23/2017,STT,VI,ASO,ES,Towers with Radar,19,23,7,2,51,0,71,27,0,98,19,94,34,2,149,4,0,4,153
05/24/2017,STT,VI,ASO,ES,Towers with Radar,19,19,3,0,41,0,61,25,1,87,19,80,28,1,128,0,0,0,128
05/25/2017,STT,VI,ASO,ES,Towers with Radar,24,25,5,0,54,0,50,39,0,89,24,75,44,0,143,3,0,3,146
05/26/2017,STT,VI,ASO,ES,Towers with Radar,24,22,10,0,56,0,85,37,2,124,24,107,47,2,180,4,0,4,184
05/27/2017,STT,VI,ASO,ES,Towers with Radar,37,11,4,0,52,0,56,22,0,78,37,67,26,0,130,12,0,12,142
05/28/2017,STT,VI,ASO,ES,Towers with Radar,25,11,3,0,39,0,60,23,0,83,25,71,26,0,122,0,0,0,122
05/29/2017,STT,VI,ASO,ES,Towers with Radar,23,15,10,0,48,0,66,29,0,95,23,81,39,0,143,6,0,6,149
05/30/2017,STT,VI,ASO,ES,Towers with Radar,19,21,14,0,54,0,74,31,0,105,19,95,45,0,159,2,0,2,161
05/31/2017,STT,VI,ASO,ES,Towers with Radar,18,27,6,0,51,0,65,17,0,82,18,92,23,0,133,0,0,0,133
06/01/2017,STT,VI,ASO,ES,Towers with Radar,25,23,8,0,56,0,66,26,2,94,25,89,34,2,150,0,0,0,150
06/02/2017,STT,VI,ASO,ES,Towers with Radar,22,31,4,0,57,0,72,33,0,105,22,103,37,0,162,4,0,4,166
06/03/2017,STT,VI,ASO,ES,Towers with Radar,36,15,6,0,57,0,52,27,0,79,36,67,33,0,136,8,0,8,144
06/04/2017,STT,VI,ASO,ES,Towers with Radar,24,14,7,0,45,0,52,21,0,73,24,66,28,0,118,10,0,10,128
06/05/2017,STT,VI,ASO,ES,Towers with Radar,22,28,15,0,65,0,89,18,4,111,22,117,33,4,176,0,0,0,176
06/06/2017,STT,VI,ASO,ES,Towers with Radar,18,26,3,2,49,0,69,28,4,101,18,95,31,6,150,0,0,0,150
06/07/2017,STT,VI,ASO,ES,Towers with Radar,19,17,7,1,44,0,70,23,6,99,19,87,30,7,143,8,0,8,151
06/08/2017,STT,VI,ASO,ES,Towers with Radar,30,33,9,0,72,0,57,38,0,95,30,90,47,0,167,0,0,0,167
06/09/2017,STT,VI,ASO,ES,Towers with Radar,26,26,12,0,64,0,65,43,2,110,26,91,55,2,174,26,0,26,200
06/10/2017,STT,VI,ASO,ES,Towers with Radar,38,10,12,0,60,0,60,34,4,98,38,70,46,4,158,6,0,6,164
06/11/2017,STT,VI,ASO,ES,Towers with Radar,29,13,6,0,48,0,72,25,0,97,29,85,31,0,145,0,0,0,145
06/12/2017,STT,VI,ASO,ES,Towers with Radar,26,23,4,0,53,0,51,46,0,97,26,74,50,0,150,6,0,6,156
06/13/2017,STT,VI,ASO,ES,Towers with Radar,26,22,6,0,54,0,69,25,5,99,26,91,31,5,153,6,0,6,159
06/14/2017,STT,VI,ASO,ES,Towers with Radar,26,20,12,0,58,0,57,22,0,79,26,77,34,0,137,11,0,11,148
06/15/2017,STT,VI,ASO,ES,Towers with Radar,26,24,6,0,56,0,45,38,0,83,26,69,44,0,139,23,0,23,162
06/16/2017,STT,VI,ASO,ES,Towers with Radar,26,27,6,0,59,0,81,36,1,118,26,108,42,1,177,8,0,8,185
06/17/2017,STT,VI,ASO,ES,Towers with Radar,38,12,12,0,62,0,51,50,1,102,38,63,62,1,164,7,0,7,171
06/18/2017,STT,VI,ASO,ES,Towers with Radar,30,10,2,0,42,0,48,25,0,73,30,58,27,0,115,0,0,0,115
06/19/2017,STT,VI,ASO,ES,Towers with Radar,26,23,4,0,53,0,62,41,0,103,26,85,45,0,156,16,0,16,172
06/20/2017,STT,VI,ASO,ES,Towers with Radar,26,32,5,0,63,0,59,37,2,98,26,91,42,2,161,0,0,0,161
06/21/2017,STT,VI,ASO,ES,Towers with Radar,26,26,22,0,74,0,58,28,0,86,26,84,50,0,160,6,0,6,166
06/22/2017,STT,VI,ASO,ES,Towers with Radar,26,24,1,0,51,0,70,33,0,103,26,94,34,0,154,8,0,8,162
06/23/2017,STT,VI,ASO,ES,Towers with Radar,26,24,3,0,53,0,76,33,0,109,26,100,36,0,162,0,0,0,162
06/24/2017,STT,VI,ASO,ES,Towers with Radar,38,16,7,0,61,0,49,26,0,75,38,65,33,0,136,14,0,14,150
06/25/2017,STT,VI,ASO,ES,Towers with Radar,30,9,5,0,44,0,68,21,0,89,30,77,26,0,133,12,0,12,145
06/26/2017,STT,VI,ASO,ES,Towers with Radar,26,16,14,0,56,0,66,37,0,103,26,82,51,0,159,8,0,8,167
06/27/2017,STT,VI,ASO,ES,Towers with Radar,26,20,4,0,50,0,74,37,0,111,26,94,41,0,161,14,0,14,175
06/28/2017,STT,VI,ASO,ES,Towers with Radar,25,21,8,0,54,0,85,43,0,128,25,106,51,0,182,5,0,5,187
06/29/2017,STT,VI,ASO,ES,Towers with Radar,26,22,14,0,62,0,67,40,0,107,26,89,54,0,169,4,0,4,173
06/30/2017,STT,VI,ASO,ES,Towers with Radar,32,20,8,0,60,0,95,54,0,149,32,115,62,0,209,2,0,2,211
07/01/2017,STT,VI,ASO,ES,Towers with Radar,38,11,5,0,54,0,58,27,0,85,38,69,32,0,139,10,0,10,149
07/02/2017,STT,VI,ASO,ES,Towers with Radar,31,8,4,0,43,0,62,26,2,90,31,70,30,2,133,0,0,0,133
07/03/2017,STT,VI,ASO,ES,Towers with Radar,28,27,5,0,60,0,49,38,0,87,28,76,43,0,147,10,0,10,157
07/04/2017,STT,VI,ASO,ES,Towers with Radar,26,9,5,0,40,0,57,15,0,72,26,66,20,0,112,0,0,0,112
07/05/2017,STT,VI,ASO,ES,Towers with Radar,24,18,3,0,45,0,87,28,0,115,24,105,31,0,160,4,0,4,164
07/06/2017,STT,VI,ASO,ES,Towers with Radar,28,25,6,1,60,0,72,48,5,125,28,97,54,6,185,6,0,6,191
07/07/2017,STT,VI,ASO,ES,Towers with Radar,27,29,3,0,59,0,82,31,0,113,27,111,34,0,172,2,0,2,174
07/08/2017,STT,VI,ASO,ES,Towers with Radar,33,14,10,0,57,0,59,26,0,85,33,73,36,0,142,0,0,0,142
07/09/2017,STT,VI,ASO,ES,Towers with Radar,30,14,14,0,58,0,58,22,0,80,30,72,36,0,138,28,0,28,166
07/10/2017,STT,VI,ASO,ES,Towers with Radar,25,22,4,0,51,0,52,29,1,82,25,74,33,1,133,12,0,12,145
07/11/2017,STT,VI,ASO,ES,Towers with Radar,29,25,1,0,55,0,74,25,2,101,29,99,26,2,156,6,0,6,162
07/12/2017,STT,VI,ASO,ES,Towers with Radar,26,18,3,0,47,0,58,33,0,91,26,76,36,0,138,15,0,15,153
07/13/2017,STT,VI,ASO,ES,Towers with Radar,26,35,9,0,70,0,58,20,0,78,26,93,29,0,148,7,0,7,155
07/14/2017,STT,VI,ASO,ES,Towers with Radar,27,23,7,0,57,0,59,43,0,102,27,82,50,0,159,4,0,4,163
07/15/2017,STT,VI,ASO,ES,Towers with Radar,37,12,8,0,57,0,54,25,4,83,37,66,33,4,140,16,0,16,156
07/16/2017,STT,VI,ASO,ES,Towers with Radar,31,9,15,0,55,0,66,28,0,94,31,75,43,0,149,4,0,4,153
07/17/2017,STT,VI,ASO,ES,Towers with Radar,25,23,11,0,59,0,62,46,0,108,25,85,57,0,167,6,0,6,173
07/18/2017,STT,VI,ASO,ES,Towers with Radar,24,21,6,0,51,0,66,40,0,106,24,87,46,0,157,10,0,10,167
07/19/2017,STT,VI,ASO,ES,Towers with Radar,26,20,5,0,51,0,73,39,3,115,26,93,44,3,166,8,0,8,174
07/20/2017,STT,VI,ASO,ES,Towers with Radar,26,30,4,0,60,0,59,71,2,132,26,89,75,2,192,17,0,17,209
07/21/2017,STT,VI,ASO,ES,Towers with Radar,26,20,1,1,48,0,68,48,5,121,26,88,49,6,169,44,0,44,213
07/22/2017,STT,VI,ASO,ES,Towers with Radar,38,11,3,0,52,0,52,40,0,92,38,63,43,0,144,38,0,38,182
07/23/2017,STT,VI,ASO,ES,Towers with Radar,30,8,5,0,43,0,49,32,0,81,30,57,37,0,124,16,0,16,140
07/24/2017,STT,VI,ASO,ES,Towers with Radar,21,27,10,0,58,0,73,46,1,120,21,100,56,1,178,28,0,28,206
07/25/2017,STT,VI,ASO,ES,Towers with Radar,26,27,5,0,58,0,79,37,0,116,26,106,42,0,174,18,0,18,192
07/26/2017,STT,VI,ASO,ES,Towers with Radar,26,19,5,4,54,0,78,56,5,139,26,97,61,9,193,32,0,32,225
07/27/2017,STT,VI,ASO,ES,Towers with Radar,26,23,3,0,52,0,91,43,0,134,26,114,46,0,186,37,0,37,223
07/28/2017,STT,VI,ASO,ES,Towers with Radar,26,23,9,0,58,0,110,51,0,161,26,133,60,0,219,38,0,38,257
07/29/2017,STT,VI,ASO,ES,Towers with Radar,38,12,3,1,54,0,65,60,1,126,38,77,63,2,180,17,0,17,197
07/30/2017,STT,VI,ASO,ES,Towers with Radar,31,9,6,0,46,0,60,43,0,103,31,69,49,0,149,16,0,16,165
07/31/2017,STT,VI,ASO,ES,Towers with Radar,25,22,2,0,49,0,77,46,0,123,25,99,48,0,172,6,0,6,178
08/01/2017,STT,VI,ASO,ES,Towers with Radar,25,22,3,0,50,0,69,36,0,105,25,91,39,0,155,0,0,0,155
08/02/2017,STT,VI,ASO,ES,Towers with Radar,24,25,3,0,52,0,62,23,0,85,24,87,26,0,137,0,0,0,137
08/03/2017,STT,VI,ASO,ES,Towers with Radar,27,25,6,0,58,0,69,45,0,114,27,94,51,0,172,4,0,4,176
08/04/2017,STT,VI,ASO,ES,Towers with Radar,25,29,3,0,57,0,68,34,0,102,25,97,37,0,159,0,0,0,159
08/05/2017,STT,VI,ASO,ES,Towers with Radar,38,12,1,0,51,0,58,26,0,84,38,70,27,0,135,17,0,17,152
08/06/2017,STT,VI,ASO,ES,Towers with Radar,34,10,4,0,48,0,46,25,0,71,34,56,29,0,119,4,0,4,123
08/07/2017,STT,VI,ASO,ES,Towers with Radar,26,25,7,1,59,0,55,19,2,76,26,80,26,3,135,0,0,0,135
08/08/2017,STT,VI,ASO,ES,Towers with Radar,26,28,2,0,56,0,59,40,2,101,26,87,42,2,157,0,0,0,157
08/09/2017,STT,VI,ASO,ES,Towers with Radar,28,23,2,0,53,0,71,35,1,107,28,94,37,1,160,0,0,0,160
08/10/2017,STT,VI,ASO,ES,Towers with Radar,25,24,6,0,55,0,67,44,4,115,25,91,50,4,170,0,0,0,170
08/11/2017,STT,VI,ASO,ES,Towers with Radar,26,20,4,0,50,0,74,41,0,115,26,94,45,0,165,8,0,8,173
08/12/2017,STT,VI,ASO,ES,Towers with Radar,38,12,5,0,55,0,57,27,0,84,38,69,32,0,139,0,0,0,139
08/13/2017,STT,VI,ASO,ES,Towers with Radar,31,12,4,0,47,0,47,42,0,89,31,59,46,0,136,0,0,0,136
08/14/2017,STT,VI,ASO,ES,Towers with Radar,26,21,6,0,53,0,68,34,0,102,26,89,40,0,155,0,0,0,155
08/15/2017,STT,VI,ASO,ES,Towers with Radar,22,23,2,0,47,0,69,35,3,107,22,92,37,3,154,0,0,0,154
08/16/2017,STT,VI,ASO,ES,Towers with Radar,22,29,9,0,60,0,66,21,2,89,22,95,30,2,149,0,0,0,149
08/17/2017,STT,VI,ASO,ES,Towers with Radar,22,28,8,0,58,0,52,31,3,86,22,80,39,3,144,0,0,0,144
08/18/2017,STT,VI,ASO,ES,Towers with Radar,22,25,4,0,51,0,72,46,2,120,22,97,50,2,171,2,0,2,173
08/19/2017,STT,VI,ASO,ES,Towers with Radar,36,10,7,0,53,0,48,14,0,62,36,58,21,0,115,2,0,2,117
08/20/2017,STT,VI,ASO,ES,Towers with Radar,25,8,9,0,42,0,42,22,0,64,25,50,31,0,106,0,0,0,106
08/21/2017,STT,VI,ASO,ES,Towers with Radar,23,22,6,0,51,0,71,25,0,96,23,93,31,0,147,8,0,8,155
08/22/2017,STT,VI,ASO,ES,Towers with Radar,17,20,0,0,37,0,62,22,0,84,17,82,22,0,121,0,0,0,121
08/23/2017,STT,VI,ASO,ES,Towers with Radar,16,16,3,0,35,0,68,42,0,110,16,84,45,0,145,0,0,0,145
08/24/2017,STT,VI,ASO,ES,Towers with Radar,18,26,7,0,51,0,55,34,0,89,18,81,41,0,140,0,0,0,140
08/25/2017,STT,VI,ASO,ES,Towers with Radar,16,25,7,0,48,0,67,36,0,103,16,92,43,0,151,0,0,0,151
08/26/2017,STT,VI,ASO,ES,Towers with Radar,27,17,3,0,47,0,42,17,0,59,27,59,20,0,106,0,0,0,106
08/27/2017,STT,VI,ASO,ES,Towers with Radar,17,12,4,0,33,0,57,28,0,85,17,69,32,0,118,2,0,2,120
08/28/2017,STT,VI,ASO,ES,Towers with Radar,16,25,2,0,43,0,67,28,0,95,16,92,30,0,138,18,0,18,156
08/29/2017,STT,VI,ASO,ES,Towers with Radar,16,21,6,0,43,0,75,35,0,110,16,96,41,0,153,12,0,12,165
08/30/2017,STT,VI,ASO,ES,Towers with Radar,14,19,4,0,37,0,69,48,0,117,14,88,52,0,154,0,0,0,154
08/31/2017,STT,VI,ASO,ES,Towers with Radar,16,23,6,0,45,0,60,47,1,108,16,83,53,1,153,8,0,8,161
09/01/2017,STT,VI,ASO,ES,Towers with Radar,16,26,6,0,48,0,77,31,0,108,16,103,37,0,156,0,0,0,156
09/02/2017,STT,VI,ASO,ES,Towers with Radar,26,7,4,0,37,0,53,19,0,72,26,60,23,0,109,17,0,17,126
09/03/2017,STT,VI,ASO,ES,Towers with Radar,17,9,6,0,32,0,45,21,1,67,17,54,27,1,99,0,0,0,99
09/04/2017,STT,VI,ASO,ES,Towers with Radar,16,16,16,2,50,0,57,34,1,92,16,73,50,3,142,0,0,0,142
09/05/2017,STT,VI,ASO,ES,Towers with Radar,9,16,25,0,50,0,16,25,0,41,9,32,50,0,91,0,0,0,91
09/06/2017,STT,VI,ASO,ES,Towers with Radar,0,0,0,0,0,0,0,0,0,0,0,0,0,0,0,0,0,0,0
09/07/2017,STT,VI,ASO,ES,Towers with Radar,0,0,0,0,0,0,0,0,0,0,0,0,0,0,0,0,0,0,0
09/08/2017,STT,VI,ASO,ES,Towers with Radar,0,0,0,0,0,0,0,0,0,0,0,0,0,0,0,0,0,0,0
09/09/2017,STT,VI,ASO,ES,Towers with Radar,0,0,0,0,0,0,0,0,0,0,0,0,0,0,0,0,0,0,0
09/10/2017,STT,VI,ASO,ES,Towers with Radar,0,0,0,0,0,0,0,0,0,0,0,0,0,0,0,0,0,0,0
09/11/2017,STT,VI,ASO,ES,Towers with Radar,0,0,0,0,0,0,0,0,0,0,0,0,0,0,0,0,0,0,0
09/12/2017,STT,VI,ASO,ES,Towers with Radar,0,0,0,0,0,0,0,0,0,0,0,0,0,0,0,0,0,0,0
09/13/2017,STT,VI,ASO,ES,Towers with Radar,0,0,0,0,0,0,0,0,0,0,0,0,0,0,0,0,0,0,0
09/14/2017,STT,VI,ASO,ES,Towers with Radar,0,0,0,0,0,0,0,0,0,0,0,0,0,0,0,0,0,0,0
09/15/2017,STT,VI,ASO,ES,Towers with Radar,0,0,0,0,0,0,0,0,0,0,0,0,0,0,0,0,0,0,0
09/16/2017,STT,VI,ASO,ES,Towers with Radar,0,0,0,0,0,0,0,0,0,0,0,0,0,0,0,0,0,0,0
09/17/2017,STT,VI,ASO,ES,Towers with Radar,0,0,0,0,0,0,0,0,0,0,0,0,0,0,0,0,0,0,0
09/18/2017,STT,VI,ASO,ES,Towers with Radar,0,0,0,0,0,0,0,0,0,0,0,0,0,0,0,0,0,0,0
09/19/2017,STT,VI,ASO,ES,Towers with Radar,0,0,0,0,0,0,0,0,0,0,0,0,0,0,0,0,0,0,0
09/20/2017,STT,VI,ASO,ES,Towers with Radar,0,0,0,0,0,0,0,0,0,0,0,0,0,0,0,0,0,0,0
09/21/2017,STT,VI,ASO,ES,Towers with Radar,0,0,0,0,0,0,0,0,0,0,0,0,0,0,0,0,0,0,0
09/22/2017,STT,VI,ASO,ES,Towers with Radar,0,0,0,0,0,0,0,0,0,0,0,0,0,0,0,0,0,0,0
09/23/2017,STT,VI,ASO,ES,Towers with Radar,0,0,0,0,0,0,0,0,0,0,0,0,0,0,0,0,0,0,0
09/24/2017,STT,VI,ASO,ES,Towers with Radar,0,0,0,0,0,0,0,0,0,0,0,0,0,0,0,0,0,0,0
09/25/2017,STT,VI,ASO,ES,Towers with Radar,0,0,0,0,0,0,0,0,0,0,0,0,0,0,0,0,0,0,0
09/26/2017,STT,VI,ASO,ES,Towers with Radar,0,0,0,0,0,0,0,0,0,0,0,0,0,0,0,0,0,0,0
09/27/2017,STT,VI,ASO,ES,Towers with Radar,0,0,0,0,0,0,0,0,0,0,0,0,0,0,0,0,0,0,0
09/28/2017,STT,VI,ASO,ES,Towers with Radar,0,0,0,0,0,0,0,0,0,0,0,0,0,0,0,0,0,0,0
09/29/2017,STT,VI,ASO,ES,Towers with Radar,0,0,0,0,0,0,0,0,0,0,0,0,0,0,0,0,0,0,0
09/30/2017,STT,VI,ASO,ES,Towers with Radar,0,0,0,0,0,0,0,0,0,0,0,0,0,0,0,0,0,0,0
10/01/2017,STT,VI,ASO,ES,Towers with Radar,0,0,0,0,0,0,0,0,0,0,0,0,0,0,0,0,0,0,0
10/02/2017,STT,VI,ASO,ES,Towers with Radar,0,0,0,0,0,0,0,0,0,0,0,0,0,0,0,0,0,0,0
10/03/2017,STT,VI,ASO,ES,Towers with Radar,0,0,0,0,0,0,0,0,0,0,0,0,0,0,0,0,0,0,0
10/04/2017,STT,VI,ASO,ES,Towers with Radar,0,0,0,0,0,0,0,0,0,0,0,0,0,0,0,0,0,0,0
10/05/2017,STT,VI,ASO,ES,Towers with Radar,0,0,0,0,0,0,0,0,0,0,0,0,0,0,0,0,0,0,0
10/06/2017,STT,VI,ASO,ES,Towers with Radar,11,27,2,2,42,0,47,6,11,64,11,74,8,13,106,9,0,9,115
10/07/2017,STT,VI,ASO,ES,Towers with Radar,8,21,9,0,38,0,8,63,19,90,8,29,72,19,128,0,0,0,128
10/08/2017,STT,VI,ASO,ES,Towers with Radar,9,15,2,4,30,0,21,17,13,51,9,36,19,17,81,0,0,0,81
10/09/2017,STT,VI,ASO,ES,Towers with Radar,7,18,8,3,36,0,42,19,12,73,7,60,27,15,109,0,0,0,109
10/10/2017,STT,VI,ASO,ES,Towers with Radar,8,29,15,1,53,0,28,31,11,70,8,57,46,12,123,0,0,0,123
10/11/2017,STT,VI,ASO,ES,Towers with Radar,8,9,8,2,27,1,30,22,6,59,9,39,30,8,86,0,0,0,86
10/12/2017,STT,VI,ASO,ES,Towers with Radar,7,20,9,0,36,0,38,41,9,88,7,58,50,9,124,0,0,0,124
10/13/2017,STT,VI,ASO,ES,Towers with Radar,8,19,2,0,29,0,40,48,17,105,8,59,50,17,134,0,0,0,134
10/14/2017,STT,VI,ASO,ES,Towers with Radar,10,7,2,2,21,0,31,16,13,60,10,38,18,15,81,0,0,0,81
10/15/2017,STT,VI,ASO,ES,Towers with Radar,0,0,0,0,0,0,0,0,0,0,0,0,0,0,0,0,0,0,0
10/16/2017,STT,VI,ASO,ES,Towers with Radar,0,0,0,0,0,0,0,0,0,0,0,0,0,0,0,0,0,0,0
10/17/2017,STT,VI,ASO,ES,Towers with Radar,0,0,0,0,0,0,0,0,0,0,0,0,0,0,0,0,0,0,0
10/18/2017,STT,VI,ASO,ES,Towers with Radar,7,31,7,1,46,1,39,26,10,76,8,70,33,11,122,0,0,0,122
10/19/2017,STT,VI,ASO,ES,Towers with Radar,6,20,6,2,34,0,42,20,11,73,6,62,26,13,107,0,0,0,107
10/20/2017,STT,VI,ASO,ES,Towers with Radar,6,21,3,0,30,0,45,30,4,79,6,66,33,4,109,0,0,0,109
10/21/2017,STT,VI,ASO,ES,Towers with Radar,7,10,3,1,21,0,29,19,13,61,7,39,22,14,82,0,0,0,82
10/22/2017,STT,VI,ASO,ES,Towers with Radar,7,13,4,0,24,0,28,16,11,55,7,41,20,11,79,0,0,0,79
10/23/2017,STT,VI,ASO,ES,Towers with Radar,9,14,4,1,28,0,45,16,9,70,9,59,20,10,98,0,0,0,98
10/24/2017,STT,VI,ASO,ES,Towers with Radar,6,19,10,0,35,0,53,43,3,99,6,72,53,3,134,0,0,0,134
10/25/2017,STT,VI,ASO,ES,Towers with Radar,0,0,0,0,0,0,0,0,0,0,0,0,0,0,0,0,0,0,0
10/26/2017,STT,VI,ASO,ES,Towers with Radar,0,0,0,0,0,0,0,0,0,0,0,0,0,0,0,0,0,0,0
10/27/2017,STT,VI,ASO,ES,Towers with Radar,0,0,0,0,0,0,0,0,0,0,0,0,0,0,0,0,0,0,0
10/28/2017,STT,VI,ASO,ES,Towers with Radar,0,0,0,0,0,0,0,0,0,0,0,0,0,0,0,0,0,0,0
10/29/2017,STT,VI,ASO,ES,Towers with Radar,0,0,0,0,0,0,0,0,0,0,0,0,0,0,0,0,0,0,0
10/30/2017,STT,VI,ASO,ES,Towers with Radar,6,29,4,0,39,0,37,33,6,76,6,66,37,6,115,8,0,8,123
10/31/2017,STT,VI,ASO,ES,Towers with Radar,6,19,5,0,30,0,60,29,4,93,6,79,34,4,123,12,0,12,135
11/01/2017,STT,VI,ASO,ES,Towers with Radar,10,29,4,2,45,0,45,41,10,96,10,74,45,12,141,0,4,4,145
11/02/2017,STT,VI,ASO,ES,Towers with Radar,8,15,3,6,32,0,68,43,4,115,8,83,46,10,147,6,0,6,153
11/03/2017,STT,VI,ASO,ES,Towers with Radar,8,20,6,4,38,0,55,33,10,98,8,75,39,14,136,6,0,6,142
11/04/2017,STT,VI,ASO,ES,Towers with Radar,11,12,8,4,35,0,55,29,8,92,11,67,37,12,127,24,0,24,151
11/05/2017,STT,VI,ASO,ES,Towers with Radar,8,17,6,4,35,0,30,16,3,49,8,47,22,7,84,0,0,0,84
11/06/2017,STT,VI,ASO,ES,Towers with Radar,8,24,4,1,37,0,40,22,2,64,8,64,26,3,101,0,0,0,101
11/07/2017,STT,VI,ASO,ES,Towers with Radar,8,22,9,2,41,0,45,34,9,88,8,67,43,11,129,14,0,14,143
11/08/2017,STT,VI,ASO,ES,Towers with Radar,8,27,9,1,45,0,32,28,2,62,8,59,37,3,107,7,0,7,114
11/09/2017,STT,VI,ASO,ES,Towers with Radar,6,20,2,1,29,0,58,28,3,89,6,78,30,4,118,0,0,0,118
11/10/2017,STT,VI,ASO,ES,Towers with Radar,6,20,3,1,30,0,47,35,1,83,6,67,38,2,113,0,0,0,113
11/11/2017,STT,VI,ASO,ES,Towers with Radar,8,10,1,2,21,0,33,29,2,64,8,43,30,4,85,0,0,0,85
11/12/2017,STT,VI,ASO,ES,Towers with Radar,6,15,1,0,22,0,28,23,2,53,6,43,24,2,75,0,0,0,75
11/13/2017,STT,VI,ASO,ES,Towers with Radar,8,20,2,0,30,0,42,24,0,66,8,62,26,0,96,0,0,0,96
11/14/2017,STT,VI,ASO,ES,Towers with Radar,6,22,5,3,36,0,43,23,0,66,6,65,28,3,102,0,0,0,102
11/15/2017,STT,VI,ASO,ES,Towers with Radar,10,20,9,0,39,0,56,34,0,90,10,76,43,0,129,0,0,0,129
11/16/2017,STT,VI,ASO,ES,Towers with Radar,8,31,11,2,52,0,53,20,0,73,8,84,31,2,125,0,0,0,125
11/17/2017,STT,VI,ASO,ES,Towers with Radar,8,24,3,0,35,0,53,30,1,84,8,77,33,1,119,16,0,16,135
11/18/2017,STT,VI,ASO,ES,Towers with Radar,8,13,8,0,29,0,35,19,0,54,8,48,27,0,83,8,0,8,91
11/19/2017,STT,VI,ASO,ES,Towers with Radar,0,0,0,0,0,0,0,0,0,0,0,0,0,0,0,0,0,0,0
11/20/2017,STT,VI,ASO,ES,Towers with Radar,0,0,0,0,0,0,0,0,0,0,0,0,0,0,0,0,0,0,0
11/21/2017,STT,VI,ASO,ES,Towers with Radar,0,0,0,0,0,0,0,0,0,0,0,0,0,0,0,0,0,0,0
11/22/2017,STT,VI,ASO,ES,Towers with Radar,0,0,0,0,0,0,0,0,0,0,0,0,0,0,0,0,0,0,0
11/23/2017,STT,VI,ASO,ES,Towers with Radar,0,0,0,0,0,0,0,0,0,0,0,0,0,0,0,0,0,0,0
11/24/2017,STT,VI,ASO,ES,Towers with Radar,0,0,0,0,0,0,0,0,0,0,0,0,0,0,0,0,0,0,0
11/25/2017,STT,VI,ASO,ES,Towers with Radar,0,0,0,0,0,0,0,0,0,0,0,0,0,0,0,0,0,0,0
11/26/2017,STT,VI,ASO,ES,Towers with Radar,0,0,0,0,0,0,0,0,0,0,0,0,0,0,0,0,0,0,0
11/27/2017,STT,VI,ASO,ES,Towers with Radar,0,0,0,0,0,0,0,0,0,0,0,0,0,0,0,0,0,0,0
11/28/2017,STT,VI,ASO,ES,Towers with Radar,0,0,0,0,0,0,0,0,0,0,0,0,0,0,0,0,0,0,0
11/29/2017,STT,VI,ASO,ES,Towers with Radar,0,0,0,0,0,0,0,0,0,0,0,0,0,0,0,0,0,0,0
11/30/2017,STT,VI,ASO,ES,Towers with Radar,0,0,0,0,0,0,0,0,0,0,0,0,0,0,0,0,0,0,0
12/01/2017,STT,VI,ASO,ES,Towers with Radar,0,0,0,0,0,0,0,0,0,0,0,0,0,0,0,0,0,0,0
12/02/2017,STT,VI,ASO,ES,Towers with Radar,0,0,0,0,0,0,0,0,0,0,0,0,0,0,0,0,0,0,0
12/03/2017,STT,VI,ASO,ES,Towers with Radar,0,0,0,0,0,0,0,0,0,0,0,0,0,0,0,0,0,0,0
12/04/2017,STT,VI,ASO,ES,Towers with Radar,8,21,4,0,33,0,57,26,0,83,8,78,30,0,116,6,0,6,122
12/05/2017,STT,VI,ASO,ES,Towers with Radar,7,27,4,1,39,0,52,34,3,89,7,79,38,4,128,16,0,16,144
12/06/2017,STT,VI,ASO,ES,Towers with Radar,12,24,4,0,40,0,54,14,0,68,12,78,18,0,108,8,0,8,116
12/07/2017,STT,VI,ASO,ES,Towers with Radar,8,27,3,0,38,0,54,30,0,84,8,81,33,0,122,16,0,16,138
12/08/2017,STT,VI,ASO,ES,Towers with Radar,7,18,1,0,26,0,70,23,0,93,7,88,24,0,119,8,0,8,127
12/09/2017,STT,VI,ASO,ES,Towers with Radar,9,11,2,0,22,0,37,18,0,55,9,48,20,0,77,10,0,10,87
12/10/2017,STT,VI,ASO,ES,Towers with Radar,8,10,8,0,26,0,40,18,0,58,8,50,26,0,84,0,0,0,84
12/11/2017,STT,VI,ASO,ES,Towers with Radar,6,18,2,0,26,0,50,21,0,71,6,68,23,0,97,3,0,3,100
12/12/2017,STT,VI,ASO,ES,Towers with Radar,8,22,3,0,33,0,40,43,0,83,8,62,46,0,116,20,0,20,136
12/13/2017,STT,VI,ASO,ES,Towers with Radar,9,21,6,0,36,0,55,33,0,88,9,76,39,0,124,35,0,35,159
12/14/2017,STT,VI,ASO,ES,Towers with Radar,8,22,2,0,32,0,60,27,1,88,8,82,29,1,120,6,0,6,126
12/15/2017,STT,VI,ASO,ES,Towers with Radar,8,26,3,0,37,0,76,23,0,99,8,102,26,0,136,0,0,0,136
12/16/2017,STT,VI,ASO,ES,Towers with Radar,10,10,1,0,21,0,55,27,0,82,10,65,28,0,103,14,0,14,117
12/17/2017,STT,VI,ASO,ES,Towers with Radar,8,12,5,0,25,0,46,15,0,61,8,58,20,0,86,0,0,0,86
12/18/2017,STT,VI,ASO,ES,Towers with Radar,8,22,9,0,39,0,58,32,0,90,8,80,41,0,129,10,0,10,139
12/19/2017,STT,VI,ASO,ES,Towers with Radar,8,28,2,0,38,0,66,38,0,104,8,94,40,0,142,10,0,10,152
12/20/2017,STT,VI,ASO,ES,Towers with Radar,10,19,3,0,32,0,76,40,2,118,10,95,43,2,150,26,0,26,176
12/21/2017,STT,VI,ASO,ES,Towers with Radar,8,25,4,0,37,0,67,47,0,114,8,92,51,0,151,0,0,0,151
12/22/2017,STT,VI,ASO,ES,Towers with Radar,7,18,3,0,28,0,84,43,0,127,7,102,46,0,155,0,0,0,155
12/23/2017,STT,VI,ASO,ES,Towers with Radar,10,11,3,0,24,0,68,39,2,109,10,79,42,2,133,10,0,10,143
12/24/2017,STT,VI,ASO,ES,Towers with Radar,8,13,1,0,22,0,50,35,0,85,8,63,36,0,107,0,0,0,107
12/25/2017,STT,VI,ASO,ES,Towers with Radar,8,11,1,0,20,0,37,8,0,45,8,48,9,0,65,0,0,0,65
12/26/2017,STT,VI,ASO,ES,Towers with Radar,8,21,6,0,35,0,75,16,0,91,8,96,22,0,126,8,0,8,134
12/27/2017,STT,VI,ASO,ES,Towers with Radar,10,24,2,0,36,0,73,24,0,97,10,97,26,0,133,0,0,0,133
12/28/2017,STT,VI,ASO,ES,Towers with Radar,8,24,4,0,36,0,66,33,0,99,8,90,37,0,135,0,0,0,135
12/29/2017,STT,VI,ASO,ES,Towers with Radar,8,22,3,0,33,0,67,14,0,81,8,89,17,0,114,8,0,8,122
12/30/2017,STT,VI,ASO,ES,Towers with Radar,10,10,2,0,22,0,63,24,0,87,10,73,26,0,109,0,0,0,109
12/31/2017,STT,VI,ASO,ES,Towers with Radar,8,13,0,0,21,0,57,15,0,72,8,70,15,0,93,0,0,0,93
01/01/2018,STT,VI,ASO,ES,Towers with Radar,8,10,7,0,25,0,37,8,0,45,8,47,15,0,70,0,0,0,70
01/02/2018,STT,VI,ASO,ES,Towers with Radar,8,18,5,0,31,0,62,39,0,101,8,80,44,0,132,8,0,8,140
01/03/2018,STT,VI,ASO,ES,Towers with Radar,10,17,1,0,28,0,64,28,0,92,10,81,29,0,120,0,0,0,120
01/04/2018,STT,VI,ASO,ES,Towers with Radar,10,22,10,0,42,0,52,28,0,80,10,74,38,0,122,0,0,0,122
01/05/2018,STT,VI,ASO,ES,Towers with Radar,8,18,3,0,29,0,57,25,0,82,8,75,28,0,111,0,0,0,111
01/06/2018,STT,VI,ASO,ES,Towers with Radar,7,14,6,0,27,0,53,31,0,84,7,67,37,0,111,0,0,0,111
01/07/2018,STT,VI,ASO,ES,Towers with Radar,8,11,3,0,22,0,56,30,0,86,8,67,33,0,108,0,0,0,108
01/08/2018,STT,VI,ASO,ES,Towers with Radar,8,23,3,0,34,0,69,25,0,94,8,92,28,0,128,0,0,0,128
01/09/2018,STT,VI,ASO,ES,Towers with Radar,8,20,5,0,33,0,65,30,0,95,8,85,35,0,128,0,0,0,128
01/10/2018,STT,VI,ASO,ES,Towers with Radar,10,24,6,0,40,0,66,30,0,96,10,90,36,0,136,8,0,8,144
01/11/2018,STT,VI,ASO,ES,Towers with Radar,8,20,5,0,33,0,60,39,0,99,8,80,44,0,132,9,0,9,141
01/12/2018,STT,VI,ASO,ES,Towers with Radar,8,26,5,0,39,0,58,44,0,102,8,84,49,0,141,18,0,18,159
01/13/2018,STT,VI,ASO,ES,Towers with Radar,10,13,3,0,26,0,47,20,0,67,10,60,23,0,93,0,0,0,93
01/14/2018,STT,VI,ASO,ES,Towers with Radar,8,11,3,0,22,0,34,24,0,58,8,45,27,0,80,0,0,0,80
01/15/2018,STT,VI,ASO,ES,Towers with Radar,8,17,4,0,29,0,49,31,0,80,8,66,35,0,109,0,0,0,109
01/16/2018,STT,VI,ASO,ES,Towers with Radar,8,22,10,0,40,0,66,32,2,100,8,88,42,2,140,0,0,0,140
01/17/2018,STT,VI,ASO,ES,Towers with Radar,10,18,4,0,32,0,76,24,0,100,10,94,28,0,132,12,0,12,144
01/18/2018,STT,VI,ASO,ES,Towers with Radar,8,23,5,0,36,0,54,35,0,89,8,77,40,0,125,6,0,6,131
01/19/2018,STT,VI,ASO,ES,Towers with Radar,8,23,1,0,32,0,58,24,3,85,8,81,25,3,117,15,0,15,132
01/20/2018,STT,VI,ASO,ES,Towers with Radar,8,14,4,0,26,0,49,20,4,73,8,63,24,4,99,36,0,36,135
01/21/2018,STT,VI,ASO,ES,Towers with Radar,8,11,5,0,24,0,36,28,0,64,8,47,33,0,88,22,0,22,110
01/22/2018,STT,VI,ASO,ES,Towers with Radar,8,26,3,0,37,0,36,46,0,82,8,62,49,0,119,24,0,24,143
01/23/2018,STT,VI,ASO,ES,Towers with Radar,8,19,1,0,28,0,47,54,0,101,8,66,55,0,129,20,0,20,149
01/24/2018,STT,VI,ASO,ES,Towers with Radar,10,27,5,0,42,0,40,36,0,76,10,67,41,0,118,28,0,28,146
01/25/2018,STT,VI,ASO,ES,Towers with Radar,8,25,5,0,38,0,47,29,0,76,8,72,34,0,114,4,0,4,118
01/26/2018,STT,VI,ASO,ES,Towers with Radar,8,20,3,0,31,0,59,25,2,86,8,79,28,2,117,6,0,6,123
01/27/2018,STT,VI,ASO,ES,Towers with Radar,0,0,0,0,0,0,0,0,0,0,0,0,0,0,0,0,0,0,0
01/28/2018,STT,VI,ASO,ES,Towers with Radar,0,0,0,0,0,0,0,0,0,0,0,0,0,0,0,0,0,0,0
01/29/2018,STT,VI,ASO,ES,Towers with Radar,8,24,2,0,34,0,49,16,0,65,8,73,18,0,99,0,0,0,99
01/30/2018,STT,VI,ASO,ES,Towers with Radar,8,24,9,0,41,0,46,37,0,83,8,70,46,0,124,0,0,0,124
01/31/2018,STT,VI,ASO,ES,Towers with Radar,10,21,3,0,34,0,67,24,0,91,10,88,27,0,125,0,0,0,125
02/01/2018,STT,VI,ASO,ES,Towers with Radar,8,23,7,0,38,0,66,21,2,89,8,89,28,2,127,23,0,23,150
02/02/2018,STT,VI,ASO,ES,Towers with Radar,8,28,2,0,38,0,64,28,0,92,8,92,30,0,130,0,0,0,130
02/03/2018,STT,VI,ASO,ES,Towers with Radar,10,15,3,0,28,0,55,27,0,82,10,70,30,0,110,0,0,0,110
02/04/2018,STT,VI,ASO,ES,Towers with Radar,8,14,2,0,24,0,46,9,0,55,8,60,11,0,79,0,0,0,79
02/05/2018,STT,VI,ASO,ES,Towers with Radar,8,22,6,0,36,0,62,26,0,88,8,84,32,0,124,0,0,0,124
02/06/2018,STT,VI,ASO,ES,Towers with Radar,8,19,3,0,30,0,77,26,1,104,8,96,29,1,134,0,0,0,134
02/07/2018,STT,VI,ASO,ES,Towers with Radar,10,18,7,0,35,0,64,16,0,80,10,82,23,0,115,0,0,0,115
02/08/2018,STT,VI,ASO,ES,Towers with Radar,8,21,3,0,32,0,66,19,0,85,8,87,22,0,117,0,0,0,117
02/09/2018,STT,VI,ASO,ES,Towers with Radar,8,24,6,0,38,0,89,28,0,117,8,113,34,0,155,0,0,0,155
02/10/2018,STT,VI,ASO,ES,Towers with Radar,7,13,8,0,28,0,57,10,0,67,7,70,18,0,95,0,0,0,95
02/11/2018,STT,VI,ASO,ES,Towers with Radar,9,11,4,0,24,0,50,22,0,72,9,61,26,0,96,0,0,0,96
02/12/2018,STT,VI,ASO,ES,Towers with Radar,9,20,5,0,34,0,69,16,0,85,9,89,21,0,119,2,0,2,121
02/13/2018,STT,VI,ASO,ES,Towers with Radar,8,22,2,0,32,0,71,26,4,101,8,93,28,4,133,0,0,0,133
02/14/2018,STT,VI,ASO,ES,Towers with Radar,10,21,7,0,38,0,51,19,0,70,10,72,26,0,108,0,0,0,108
02/15/2018,STT,VI,ASO,ES,Towers with Radar,10,22,3,0,35,0,60,33,0,93,10,82,36,0,128,0,0,0,128
02/16/2018,STT,VI,ASO,ES,Towers with Radar,12,27,6,0,45,0,76,33,0,109,12,103,39,0,154,0,0,0,154
02/17/2018,STT,VI,ASO,ES,Towers with Radar,12,13,5,0,30,0,61,32,0,93,12,74,37,0,123,3,0,3,126
02/18/2018,STT,VI,ASO,ES,Towers with Radar,10,13,3,0,26,0,63,30,0,93,10,76,33,0,119,0,0,0,119
02/19/2018,STT,VI,ASO,ES,Towers with Radar,12,20,6,0,38,0,80,25,1,106,12,100,31,1,144,0,0,0,144
02/20/2018,STT,VI,ASO,ES,Towers with Radar,10,26,7,0,43,0,70,31,0,101,10,96,38,0,144,0,0,0,144
02/21/2018,STT,VI,ASO,ES,Towers with Radar,14,26,8,0,48,0,57,27,0,84,14,83,35,0,132,0,0,0,132
02/22/2018,STT,VI,ASO,ES,Towers with Radar,12,24,7,0,43,0,75,36,2,113,12,99,43,2,156,0,0,0,156
02/23/2018,STT,VI,ASO,ES,Towers with Radar,13,26,5,0,44,0,72,29,0,101,13,98,34,0,145,13,0,13,158
02/24/2018,STT,VI,ASO,ES,Towers with Radar,15,10,6,0,31,0,68,22,0,90,15,78,28,0,121,0,0,0,121
02/25/2018,STT,VI,ASO,ES,Towers with Radar,10,13,6,0,29,0,57,22,0,79,10,70,28,0,108,0,0,0,108
02/26/2018,STT,VI,ASO,ES,Towers with Radar,12,21,3,0,36,0,63,32,0,95,12,84,35,0,131,18,0,18,149
02/27/2018,STT,VI,ASO,ES,Towers with Radar,10,21,5,0,36,0,68,23,0,91,10,89,28,0,127,0,0,0,127
02/28/2018,STT,VI,ASO,ES,Towers with Radar,12,22,9,0,43,0,62,27,2,91,12,84,36,2,134,0,0,0,134
03/01/2018,STT,VI,ASO,ES,Towers with Radar,10,25,6,0,41,0,74,31,0,105,10,99,37,0,146,5,0,5,151
03/02/2018,STT,VI,ASO,ES,Towers with Radar,12,19,3,0,34,0,64,27,0,91,12,83,30,0,125,0,0,0,125
03/03/2018,STT,VI,ASO,ES,Towers with Radar,13,16,6,1,36,0,48,32,1,81,13,64,38,2,117,10,0,10,127
03/04/2018,STT,VI,ASO,ES,Towers with Radar,12,12,5,0,29,0,53,29,0,82,12,65,34,0,111,6,0,6,117
03/05/2018,STT,VI,ASO,ES,Towers with Radar,10,26,1,0,37,0,74,30,3,107,10,100,31,3,144,12,0,12,156
03/06/2018,STT,VI,ASO,ES,Towers with Radar,10,22,7,0,39,0,78,22,0,100,10,100,29,0,139,10,0,10,149
03/07/2018,STT,VI,ASO,ES,Towers with Radar,12,21,2,0,35,0,64,35,2,101,12,85,37,2,136,4,0,4,140
03/08/2018,STT,VI,ASO,ES,Towers with Radar,10,22,11,0,43,0,79,34,0,113,10,101,45,0,156,16,0,16,172
03/09/2018,STT,VI,ASO,ES,Towers with Radar,13,28,8,0,49,0,80,50,0,130,13,108,58,0,179,0,0,0,179
03/10/2018,STT,VI,ASO,ES,Towers with Radar,19,24,10,0,53,0,63,32,0,95,19,87,42,0,148,0,0,0,148
03/11/2018,STT,VI,ASO,ES,Towers with Radar,13,11,15,0,39,0,54,13,1,68,13,65,28,1,107,0,0,0,107
03/12/2018,STT,VI,ASO,ES,Towers with Radar,11,25,8,0,44,0,64,38,1,103,11,89,46,1,147,12,0,12,159
03/13/2018,STT,VI,ASO,ES,Towers with Radar,12,25,3,0,40,0,65,34,0,99,12,90,37,0,139,8,0,8,147
03/14/2018,STT,VI,ASO,ES,Towers with Radar,13,20,10,0,43,0,64,31,0,95,13,84,41,0,138,12,0,12,150
03/15/2018,STT,VI,ASO,ES,Towers with Radar,12,23,4,0,39,0,70,39,0,109,12,93,43,0,148,8,0,8,156
03/16/2018,STT,VI,ASO,ES,Towers with Radar,12,23,5,0,40,0,78,35,0,113,12,101,40,0,153,0,0,0,153
03/17/2018,STT,VI,ASO,ES,Towers with Radar,12,15,7,2,36,0,68,24,0,92,12,83,31,2,128,5,0,5,133
03/18/2018,STT,VI,ASO,ES,Towers with Radar,12,13,7,0,32,0,52,28,0,80,12,65,35,0,112,0,0,0,112
03/19/2018,STT,VI,ASO,ES,Towers with Radar,12,26,5,0,43,0,79,18,0,97,12,105,23,0,140,0,0,0,140
03/20/2018,STT,VI,ASO,ES,Towers with Radar,12,29,6,0,47,0,63,30,0,93,12,92,36,0,140,0,0,0,140
03/21/2018,STT,VI,ASO,ES,Towers with Radar,12,20,2,0,34,0,65,31,0,96,12,85,33,0,130,0,0,0,130
03/22/2018,STT,VI,ASO,ES,Towers with Radar,12,25,11,0,48,0,65,27,0,92,12,90,38,0,140,0,0,0,140
03/23/2018,STT,VI,ASO,ES,Towers with Radar,13,27,5,0,45,0,70,31,0,101,13,97,36,0,146,0,0,0,146
03/24/2018,STT,VI,ASO,ES,Towers with Radar,12,12,6,0,30,0,79,33,0,112,12,91,39,0,142,4,0,4,146
03/25/2018,STT,VI,ASO,ES,Towers with Radar,13,13,9,0,35,0,64,16,0,80,13,77,25,0,115,0,0,0,115
03/26/2018,STT,VI,ASO,ES,Towers with Radar,13,24,10,0,47,0,83,27,0,110,13,107,37,0,157,0,0,0,157
03/27/2018,STT,VI,ASO,ES,Towers with Radar,12,31,5,0,48,0,76,39,1,116,12,107,44,1,164,8,0,8,172
03/28/2018,STT,VI,ASO,ES,Towers with Radar,12,23,10,0,45,0,75,46,2,123,12,98,56,2,168,0,0,0,168
03/29/2018,STT,VI,ASO,ES,Towers with Radar,12,20,10,0,42,0,79,31,0,110,12,99,41,0,152,0,0,0,152
03/30/2018,STT,VI,ASO,ES,Towers with Radar,12,16,3,0,31,0,71,21,0,92,12,87,24,0,123,0,0,0,123
03/31/2018,STT,VI,ASO,ES,Towers with Radar,12,7,8,0,27,0,62,16,0,78,12,69,24,0,105,6,0,6,111
04/01/2018,STT,VI,ASO,ES,Towers with Radar,12,9,4,1,26,0,63,17,0,80,12,72,21,1,106,22,0,22,128
04/02/2018,STT,VI,ASO,ES,Towers with Radar,12,29,9,0,50,0,84,33,1,118,12,113,42,1,168,16,0,16,184
04/03/2018,STT,VI,ASO,ES,Towers with Radar,12,26,6,0,44,0,73,38,2,113,12,99,44,2,157,22,0,22,179
04/04/2018,STT,VI,ASO,ES,Towers with Radar,12,21,11,0,44,0,65,37,0,102,12,86,48,0,146,26,0,26,172
04/05/2018,STT,VI,ASO,ES,Towers with Radar,13,26,1,1,41,0,62,41,1,104,13,88,42,2,145,0,0,0,145
04/06/2018,STT,VI,ASO,ES,Towers with Radar,11,20,5,0,36,0,67,34,0,101,11,87,39,0,137,16,0,16,153
04/07/2018,STT,VI,ASO,ES,Towers with Radar,17,14,9,0,40,0,66,35,0,101,17,80,44,0,141,12,0,12,153
04/08/2018,STT,VI,ASO,ES,Towers with Radar,11,9,5,1,26,0,47,35,1,83,11,56,40,2,109,0,0,0,109
04/09/2018,STT,VI,ASO,ES,Towers with Radar,12,24,3,0,39,0,63,41,0,104,12,87,44,0,143,10,0,10,153
04/10/2018,STT,VI,ASO,ES,Towers with Radar,12,25,6,0,43,0,56,40,0,96,12,81,46,0,139,16,0,16,155
04/11/2018,STT,VI,ASO,ES,Towers with Radar,12,22,1,0,35,0,67,26,0,93,12,89,27,0,128,16,0,16,144
04/12/2018,STT,VI,ASO,ES,Towers with Radar,12,29,5,1,47,0,59,41,0,100,12,88,46,1,147,10,0,10,157
04/13/2018,STT,VI,ASO,ES,Towers with Radar,12,29,3,2,46,0,73,18,0,91,12,102,21,2,137,16,6,22,159
04/14/2018,STT,VI,ASO,ES,Towers with Radar,18,12,6,0,36,0,68,9,0,77,18,80,15,0,113,2,0,2,115
04/15/2018,STT,VI,ASO,ES,Towers with Radar,16,13,4,0,33,0,50,21,0,71,16,63,25,0,104,0,0,0,104
04/16/2018,STT,VI,ASO,ES,Towers with Radar,12,25,2,0,39,0,63,35,0,98,12,88,37,0,137,0,0,0,137
04/17/2018,STT,VI,ASO,ES,Towers with Radar,12,30,2,0,44,0,60,32,1,93,12,90,34,1,137,0,0,0,137
04/18/2018,STT,VI,ASO,ES,Towers with Radar,13,21,1,0,35,0,66,37,0,103,13,87,38,0,138,10,0,10,148
04/19/2018,STT,VI,ASO,ES,Towers with Radar,0,0,0,0,0,0,0,0,0,0,0,0,0,0,0,0,0,0,0
04/20/2018,STT,VI,ASO,ES,Towers with Radar,13,24,6,0,43,0,72,44,0,116,13,96,50,0,159,0,0,0,159
04/21/2018,STT,VI,ASO,ES,Towers with Radar,18,15,3,0,36,0,49,26,0,75,18,64,29,0,111,10,0,10,121
04/22/2018,STT,VI,ASO,ES,Towers with Radar,16,12,5,0,33,0,56,16,0,72,16,68,21,0,105,0,0,0,105
04/23/2018,STT,VI,ASO,ES,Towers with Radar,12,27,5,0,44,0,64,16,0,80,12,91,21,0,124,0,0,0,124
04/24/2018,STT,VI,ASO,ES,Towers with Radar,12,21,6,0,39,0,87,41,0,128,12,108,47,0,167,33,0,33,200
04/25/2018,STT,VI,ASO,ES,Towers with Radar,12,25,5,0,42,0,57,33,2,92,12,82,38,2,134,0,0,0,134
04/26/2018,STT,VI,ASO,ES,Towers with Radar,12,22,4,0,38,0,66,35,0,101,12,88,39,0,139,0,0,0,139
04/27/2018,STT,VI,ASO,ES,Towers with Radar,13,21,6,0,40,0,63,35,0,98,13,84,41,0,138,8,0,8,146
04/28/2018,STT,VI,ASO,ES,Towers with Radar,18,11,5,0,34,0,60,19,0,79,18,71,24,0,113,0,0,0,113
04/29/2018,STT,VI,ASO,ES,Towers with Radar,12,7,3,2,24,0,83,34,0,117,12,90,37,2,141,8,0,8,149
04/30/2018,STT,VI,ASO,ES,Towers with Radar,12,24,4,0,40,0,73,37,0,110,12,97,41,0,150,0,0,0,150
05/01/2018,STT,VI,ASO,ES,Towers with Radar,12,28,6,0,46,0,69,42,0,111,12,97,48,0,157,0,0,0,157
05/02/2018,STT,VI,ASO,ES,Towers with Radar,12,21,2,0,35,0,56,29,2,87,12,77,31,2,122,10,0,10,132
05/03/2018,STT,VI,ASO,ES,Towers with Radar,12,27,4,0,43,0,57,35,0,92,12,84,39,0,135,0,0,0,135
05/04/2018,STT,VI,ASO,ES,Towers with Radar,12,28,5,0,45,0,57,31,0,88,12,85,36,0,133,0,0,0,133
05/05/2018,STT,VI,ASO,ES,Towers with Radar,20,11,1,0,32,0,48,22,0,70,20,59,23,0,102,0,0,0,102
05/06/2018,STT,VI,ASO,ES,Towers with Radar,12,9,1,0,22,0,33,22,0,55,12,42,23,0,77,0,0,0,77
05/07/2018,STT,VI,ASO,ES,Towers with Radar,14,30,1,0,45,0,60,31,0,91,14,90,32,0,136,0,0,0,136
05/08/2018,STT,VI,ASO,ES,Towers with Radar,12,25,4,0,41,0,63,43,2,108,12,88,47,2,149,2,0,2,151
05/09/2018,STT,VI,ASO,ES,Towers with Radar,12,22,6,0,40,0,56,34,0,90,12,78,40,0,130,12,0,12,142
05/10/2018,STT,VI,ASO,ES,Towers with Radar,12,25,1,0,38,0,61,45,0,106,12,86,46,0,144,4,0,4,148
05/11/2018,STT,VI,ASO,ES,Towers with Radar,12,28,3,0,43,0,61,50,0,111,12,89,53,0,154,0,0,0,154
05/12/2018,STT,VI,ASO,ES,Towers with Radar,20,11,7,0,38,0,43,47,0,90,20,54,54,0,128,14,0,14,142
05/13/2018,STT,VI,ASO,ES,Towers with Radar,8,13,2,0,23,0,31,16,0,47,8,44,18,0,70,0,0,0,70
05/14/2018,STT,VI,ASO,ES,Towers with Radar,12,27,4,1,44,0,35,36,4,75,12,62,40,5,119,0,0,0,119
05/15/2018,STT,VI,ASO,ES,Towers with Radar,12,26,1,0,39,0,33,40,0,73,12,59,41,0,112,14,0,14,126
05/16/2018,STT,VI,ASO,ES,Towers with Radar,12,22,5,0,39,0,53,38,12,103,12,75,43,12,142,18,0,18,160
05/17/2018,STT,VI,ASO,ES,Towers with Radar,11,26,1,0,38,0,58,53,1,112,11,84,54,1,150,0,0,0,150
05/18/2018,STT,VI,ASO,ES,Towers with Radar,12,22,0,0,34,0,67,54,0,121,12,89,54,0,155,12,0,12,167
05/19/2018,STT,VI,ASO,ES,Towers with Radar,19,10,0,0,29,0,45,36,0,81,19,55,36,0,110,16,0,16,126
05/20/2018,STT,VI,ASO,ES,Towers with Radar,12,9,6,0,27,0,36,25,0,61,12,45,31,0,88,0,0,0,88
05/21/2018,STT,VI,ASO,ES,Towers with Radar,12,23,3,0,38,0,52,31,0,83,12,75,34,0,121,8,0,8,129
05/22/2018,STT,VI,ASO,ES,Towers with Radar,12,25,9,0,46,0,47,42,0,89,12,72,51,0,135,12,0,12,147
05/23/2018,STT,VI,ASO,ES,Towers with Radar,10,20,1,0,31,0,56,31,0,87,10,76,32,0,118,10,0,10,128
05/24/2018,STT,VI,ASO,ES,Towers with Radar,14,22,3,0,39,0,63,41,0,104,14,85,44,0,143,8,0,8,151
05/25/2018,STT,VI,ASO,ES,Towers with Radar,14,26,4,0,44,0,71,37,2,110,14,97,41,2,154,14,0,14,168
05/26/2018,STT,VI,ASO,ES,Towers with Radar,20,8,1,0,29,0,60,47,2,109,20,68,48,2,138,0,0,0,138
05/27/2018,STT,VI,ASO,ES,Towers with Radar,16,8,6,0,30,0,55,11,0,66,16,63,17,0,96,0,0,0,96
05/28/2018,STT,VI,ASO,ES,Towers with Radar,13,15,2,0,30,0,57,27,0,84,13,72,29,0,114,15,0,15,129
05/29/2018,STT,VI,ASO,ES,Towers with Radar,14,23,3,0,40,0,70,28,2,100,14,93,31,2,140,16,0,16,156
05/30/2018,STT,VI,ASO,ES,Towers with Radar,14,17,6,0,37,0,61,26,0,87,14,78,32,0,124,8,0,8,132
05/31/2018,STT,VI,ASO,ES,Towers with Radar,14,23,0,0,37,0,56,37,0,93,14,79,37,0,130,13,0,13,143
06/01/2018,STT,VI,ASO,ES,Towers with Radar,12,18,3,0,33,0,89,34,0,123,12,107,37,0,156,8,0,8,164
06/02/2018,STT,VI,ASO,ES,Towers with Radar,20,11,4,0,35,0,61,19,0,80,20,72,23,0,115,3,0,3,118
06/03/2018,STT,VI,ASO,ES,Towers with Radar,14,12,0,0,26,0,58,32,0,90,14,70,32,0,116,10,0,10,126
06/04/2018,STT,VI,ASO,ES,Towers with Radar,14,19,2,0,35,0,66,22,0,88,14,85,24,0,123,4,0,4,127
06/05/2018,STT,VI,ASO,ES,Towers with Radar,14,26,5,0,45,0,74,31,0,105,14,100,36,0,150,4,0,4,154
06/06/2018,STT,VI,ASO,ES,Towers with Radar,14,25,6,0,45,0,65,19,0,84,14,90,25,0,129,10,0,10,139
06/07/2018,STT,VI,ASO,ES,Towers with Radar,16,20,0,0,36,0,64,27,1,92,16,84,27,1,128,5,0,5,133
06/08/2018,STT,VI,ASO,ES,Towers with Radar,16,21,4,0,41,0,81,21,0,102,16,102,25,0,143,24,0,24,167
06/09/2018,STT,VI,ASO,ES,Towers with Radar,18,13,8,0,39,0,48,23,0,71,18,61,31,0,110,20,0,20,130
06/10/2018,STT,VI,ASO,ES,Towers with Radar,16,14,7,0,37,0,61,13,0,74,16,75,20,0,111,10,0,10,121
06/11/2018,STT,VI,ASO,ES,Towers with Radar,16,24,0,0,40,0,74,26,0,100,16,98,26,0,140,8,0,8,148
06/12/2018,STT,VI,ASO,ES,Towers with Radar,16,26,11,0,53,0,92,34,0,126,16,118,45,0,179,6,0,6,185
06/13/2018,STT,VI,ASO,ES,Towers with Radar,15,22,4,0,41,0,64,36,0,100,15,86,40,0,141,10,0,10,151
06/14/2018,STT,VI,ASO,ES,Towers with Radar,16,25,4,0,45,0,60,37,0,97,16,85,41,0,142,18,0,18,160
06/15/2018,STT,VI,ASO,ES,Towers with Radar,16,25,7,0,48,0,67,29,0,96,16,92,36,0,144,17,0,17,161
06/16/2018,STT,VI,ASO,ES,Towers with Radar,18,12,4,0,34,0,59,34,0,93,18,71,38,0,127,58,0,58,185
06/17/2018,STT,VI,ASO,ES,Towers with Radar,16,11,1,0,28,0,42,21,0,63,16,53,22,0,91,0,0,0,91
06/18/2018,STT,VI,ASO,ES,Towers with Radar,15,22,5,0,42,0,72,24,0,96,15,94,29,0,138,0,0,0,138
06/19/2018,STT,VI,ASO,ES,Towers with Radar,18,27,7,0,52,0,52,34,0,86,18,79,41,0,138,0,0,0,138
06/20/2018,STT,VI,ASO,ES,Towers with Radar,16,23,8,0,47,0,56,39,0,95,16,79,47,0,142,0,0,0,142
06/21/2018,STT,VI,ASO,ES,Towers with Radar,16,27,2,0,45,0,59,49,0,108,16,86,51,0,153,0,0,0,153
06/22/2018,STT,VI,ASO,ES,Towers with Radar,16,29,6,0,51,0,61,29,0,90,16,90,35,0,141,0,0,0,141
06/23/2018,STT,VI,ASO,ES,Towers with Radar,18,23,6,0,47,0,30,18,0,48,18,53,24,0,95,0,0,0,95
06/24/2018,STT,VI,ASO,ES,Towers with Radar,16,12,1,0,29,0,34,20,0,54,16,46,21,0,83,2,0,2,85
06/25/2018,STT,VI,ASO,ES,Towers with Radar,16,24,10,0,50,0,61,50,0,111,16,85,60,0,161,2,0,2,163
06/26/2018,STT,VI,ASO,ES,Towers with Radar,16,21,4,0,41,0,59,39,0,98,16,80,43,0,139,10,0,10,149
06/27/2018,STT,VI,ASO,ES,Towers with Radar,15,24,3,0,42,0,52,44,0,96,15,76,47,0,138,0,0,0,138
06/28/2018,STT,VI,ASO,ES,Towers with Radar,16,25,3,0,44,0,60,47,2,109,16,85,50,2,153,10,0,10,163
06/29/2018,STT,VI,ASO,ES,Towers with Radar,17,23,7,0,47,0,70,35,0,105,17,93,42,0,152,0,0,0,152
06/30/2018,STT,VI,ASO,ES,Towers with Radar,18,14,0,0,32,0,64,28,0,92,18,78,28,0,124,0,0,0,124
07/01/2018,STT,VI,ASO,ES,Towers with Radar,16,11,0,0,27,0,40,26,0,66,16,51,26,0,93,15,0,15,108
07/02/2018,STT,VI,ASO,ES,Towers with Radar,16,23,4,2,45,0,63,38,1,102,16,86,42,3,147,0,0,0,147
07/03/2018,STT,VI,ASO,ES,Towers with Radar,16,23,3,0,42,0,58,31,0,89,16,81,34,0,131,0,0,0,131
07/04/2018,STT,VI,ASO,ES,Towers with Radar,15,12,3,0,30,0,52,14,0,66,15,64,17,0,96,14,0,14,110
07/05/2018,STT,VI,ASO,ES,Towers with Radar,16,15,7,0,38,0,66,39,0,105,16,81,46,0,143,0,0,0,143
07/06/2018,STT,VI,ASO,ES,Towers with Radar,16,25,7,0,48,0,69,29,0,98,16,94,36,0,146,0,0,0,146
07/07/2018,STT,VI,ASO,ES,Towers with Radar,19,14,2,0,35,0,40,21,0,61,19,54,23,0,96,8,0,8,104
07/08/2018,STT,VI,ASO,ES,Towers with Radar,16,13,5,0,34,0,48,18,0,66,16,61,23,0,100,0,0,0,100
07/09/2018,STT,VI,ASO,ES,Towers with Radar,16,22,9,0,47,0,26,7,0,33,16,48,16,0,80,0,0,0,80
07/10/2018,STT,VI,ASO,ES,Towers with Radar,16,27,6,0,49,0,66,48,0,114,16,93,54,0,163,2,0,2,165
07/11/2018,STT,VI,ASO,ES,Towers with Radar,16,25,10,0,51,0,68,47,0,115,16,93,57,0,166,4,0,4,170
07/12/2018,STT,VI,ASO,ES,Towers with Radar,16,22,8,0,46,0,74,34,2,110,16,96,42,2,156,14,0,14,170
07/13/2018,STT,VI,ASO,ES,Towers with Radar,16,23,2,2,43,0,60,27,1,88,16,83,29,3,131,0,0,0,131
07/14/2018,STT,VI,ASO,ES,Towers with Radar,18,11,7,2,38,0,42,34,0,76,18,53,41,2,114,12,0,12,126
07/15/2018,STT,VI,ASO,ES,Towers with Radar,16,13,3,0,32,0,40,36,0,76,16,53,39,0,108,0,0,0,108
07/16/2018,STT,VI,ASO,ES,Towers with Radar,19,25,3,0,47,0,64,20,0,84,19,89,23,0,131,0,0,0,131
07/17/2018,STT,VI,ASO,ES,Towers with Radar,16,23,4,2,45,0,73,37,0,110,16,96,41,2,155,0,0,0,155
07/18/2018,STT,VI,ASO,ES,Towers with Radar,16,26,6,0,48,0,52,24,0,76,16,78,30,0,124,0,0,0,124
07/19/2018,STT,VI,ASO,ES,Towers with Radar,16,26,3,0,45,0,57,27,0,84,16,83,30,0,129,0,2,2,131
07/20/2018,STT,VI,ASO,ES,Towers with Radar,16,25,5,0,46,0,64,18,0,82,16,89,23,0,128,2,0,2,130
07/21/2018,STT,VI,ASO,ES,Towers with Radar,18,11,1,0,30,0,53,28,0,81,18,64,29,0,111,18,0,18,129
07/22/2018,STT,VI,ASO,ES,Towers with Radar,16,12,6,0,34,0,59,15,0,74,16,71,21,0,108,0,0,0,108
07/23/2018,STT,VI,ASO,ES,Towers with Radar,16,30,4,0,50,0,54,33,0,87,16,84,37,0,137,12,0,12,149
07/24/2018,STT,VI,ASO,ES,Towers with Radar,16,23,1,0,40,0,66,28,2,96,16,89,29,2,136,0,0,0,136
07/25/2018,STT,VI,ASO,ES,Towers with Radar,15,28,6,0,49,0,61,41,4,106,15,89,47,4,155,6,0,6,161
07/26/2018,STT,VI,ASO,ES,Towers with Radar,17,27,5,0,49,0,67,38,0,105,17,94,43,0,154,0,0,0,154
07/27/2018,STT,VI,ASO,ES,Towers with Radar,16,24,1,1,42,0,85,30,0,115,16,109,31,1,157,0,0,0,157
07/28/2018,STT,VI,ASO,ES,Towers with Radar,19,12,3,1,35,0,44,29,16,89,19,56,32,17,124,14,0,14,138
07/29/2018,STT,VI,ASO,ES,Towers with Radar,16,12,4,0,32,0,54,19,4,77,16,66,23,4,109,0,0,0,109
07/30/2018,STT,VI,ASO,ES,Towers with Radar,14,27,7,0,48,0,65,29,0,94,14,92,36,0,142,0,0,0,142
07/31/2018,STT,VI,ASO,ES,Towers with Radar,16,24,3,0,43,0,64,44,0,108,16,88,47,0,151,0,0,0,151
08/01/2018,STT,VI,ASO,ES,Towers with Radar,17,20,7,0,44,0,74,16,0,90,17,94,23,0,134,0,0,0,134
08/02/2018,STT,VI,ASO,ES,Towers with Radar,16,23,8,0,47,0,68,38,2,108,16,91,46,2,155,16,0,16,171
08/03/2018,STT,VI,ASO,ES,Towers with Radar,16,26,4,0,46,0,77,27,0,104,16,103,31,0,150,0,0,0,150
08/04/2018,STT,VI,ASO,ES,Towers with Radar,0,0,0,0,0,0,0,0,0,0,0,0,0,0,0,0,0,0,0
08/05/2018,STT,VI,ASO,ES,Towers with Radar,16,11,8,0,35,0,43,15,0,58,16,54,23,0,93,0,0,0,93
08/06/2018,STT,VI,ASO,ES,Towers with Radar,16,27,8,0,51,0,65,19,2,86,16,92,27,2,137,0,0,0,137
08/07/2018,STT,VI,ASO,ES,Towers with Radar,16,26,1,0,43,0,64,50,2,116,16,90,51,2,159,8,0,8,167
08/08/2018,STT,VI,ASO,ES,Towers with Radar,16,27,5,0,48,0,62,41,3,106,16,89,46,3,154,0,0,0,154
08/09/2018,STT,VI,ASO,ES,Towers with Radar,16,24,3,0,43,0,72,41,0,113,16,96,44,0,156,0,0,0,156
08/10/2018,STT,VI,ASO,ES,Towers with Radar,16,24,3,0,43,0,75,32,0,107,16,99,35,0,150,0,0,0,150
08/11/2018,STT,VI,ASO,ES,Towers with Radar,13,19,0,0,32,0,49,26,0,75,13,68,26,0,107,0,0,0,107
08/12/2018,STT,VI,ASO,ES,Towers with Radar,16,13,0,0,29,0,44,23,0,67,16,57,23,0,96,0,0,0,96
08/13/2018,STT,VI,ASO,ES,Towers with Radar,16,26,3,0,45,0,55,24,0,79,16,81,27,0,124,0,0,0,124
08/14/2018,STT,VI,ASO,ES,Towers with Radar,16,21,2,0,39,0,59,47,2,108,16,80,49,2,147,0,0,0,147
08/15/2018,STT,VI,ASO,ES,Towers with Radar,16,23,4,0,43,0,80,32,4,116,16,103,36,4,159,0,0,0,159
08/16/2018,STT,VI,ASO,ES,Towers with Radar,18,28,2,0,48,0,72,25,0,97,18,100,27,0,145,6,0,6,151
08/17/2018,STT,VI,ASO,ES,Towers with Radar,18,25,2,0,45,0,73,23,5,101,18,98,25,5,146,0,0,0,146
08/18/2018,STT,VI,ASO,ES,Towers with Radar,20,14,2,0,36,0,48,18,0,66,20,62,20,0,102,0,0,0,102
08/19/2018,STT,VI,ASO,ES,Towers with Radar,16,11,10,0,37,0,54,18,0,72,16,65,28,0,109,0,0,0,109
08/20/2018,STT,VI,ASO,ES,Towers with Radar,16,25,3,0,44,0,79,18,0,97,16,104,21,0,141,0,0,0,141
08/21/2018,STT,VI,ASO,ES,Towers with Radar,14,23,4,1,42,0,59,28,0,87,14,82,32,1,129,0,0,0,129
08/22/2018,STT,VI,ASO,ES,Towers with Radar,14,18,12,0,44,0,71,35,0,106,14,89,47,0,150,10,0,10,160
08/23/2018,STT,VI,ASO,ES,Towers with Radar,14,24,3,0,41,0,60,35,0,95,14,84,38,0,136,0,0,0,136
08/24/2018,STT,VI,ASO,ES,Towers with Radar,14,26,17,0,57,0,75,17,0,92,14,101,34,0,149,0,0,0,149
08/25/2018,STT,VI,ASO,ES,Towers with Radar,16,13,5,0,34,0,51,9,0,60,16,64,14,0,94,0,0,0,94
08/26/2018,STT,VI,ASO,ES,Towers with Radar,14,13,0,0,27,0,43,23,0,66,14,56,23,0,93,0,0,0,93
08/27/2018,STT,VI,ASO,ES,Towers with Radar,14,28,2,0,44,0,76,16,0,92,14,104,18,0,136,0,0,0,136
08/28/2018,STT,VI,ASO,ES,Towers with Radar,14,23,4,0,41,0,77,24,0,101,14,100,28,0,142,0,0,0,142
08/29/2018,STT,VI,ASO,ES,Towers with Radar,14,33,3,0,50,0,73,26,0,99,14,106,29,0,149,2,0,2,151
08/30/2018,STT,VI,ASO,ES,Towers with Radar,14,39,5,0,58,0,32,20,2,54,14,71,25,2,112,0,0,0,112
08/31/2018,STT,VI,ASO,ES,Towers with Radar,14,28,6,0,48,0,90,37,0,127,14,118,43,0,175,0,0,0,175
09/01/2018,STT,VI,ASO,ES,Towers with Radar,16,11,0,0,27,0,63,29,0,92,16,74,29,0,119,0,0,0,119
09/02/2018,STT,VI,ASO,ES,Towers with Radar,14,14,0,0,28,0,38,21,0,59,14,52,21,0,87,6,0,6,93
09/03/2018,STT,VI,ASO,ES,Towers with Radar,12,18,3,0,33,0,49,19,0,68,12,67,22,0,101,4,0,4,105
09/04/2018,STT,VI,ASO,ES,Towers with Radar,12,25,2,0,39,0,60,25,0,85,12,85,27,0,124,0,0,0,124
09/05/2018,STT,VI,ASO,ES,Towers with Radar,12,21,1,0,34,0,62,13,0,75,12,83,14,0,109,0,0,0,109
09/06/2018,STT,VI,ASO,ES,Towers with Radar,12,20,2,2,36,0,68,32,2,102,12,88,34,4,138,0,0,0,138
09/07/2018,STT,VI,ASO,ES,Towers with Radar,14,21,2,0,37,0,69,22,0,91,14,90,24,0,128,0,0,0,128
09/08/2018,STT,VI,ASO,ES,Towers with Radar,16,17,3,0,36,0,45,18,0,63,16,62,21,0,99,0,0,0,99
09/09/2018,STT,VI,ASO,ES,Towers with Radar,14,12,0,0,26,0,39,21,0,60,14,51,21,0,86,0,0,0,86
09/10/2018,STT,VI,ASO,ES,Towers with Radar,12,23,0,0,35,0,60,25,2,87,12,83,25,2,122,0,0,0,122
09/11/2018,STT,VI,ASO,ES,Towers with Radar,11,21,1,0,33,0,37,43,0,80,11,58,44,0,113,0,0,0,113
09/12/2018,STT,VI,ASO,ES,Towers with Radar,11,22,3,0,36,0,53,22,0,75,11,75,25,0,111,0,0,0,111
09/13/2018,STT,VI,ASO,ES,Towers with Radar,12,25,4,0,41,0,60,32,0,92,12,85,36,0,133,0,0,0,133
09/14/2018,STT,VI,ASO,ES,Towers with Radar,15,34,1,0,50,0,41,7,0,48,15,75,8,0,98,0,0,0,98
09/15/2018,STT,VI,ASO,ES,Towers with Radar,20,14,3,0,37,0,38,30,0,68,20,52,33,0,105,8,0,8,113
09/16/2018,STT,VI,ASO,ES,Towers with Radar,17,11,4,0,32,0,35,10,0,45,17,46,14,0,77,0,0,0,77
09/17/2018,STT,VI,ASO,ES,Towers with Radar,12,23,6,0,41,0,56,25,0,81,12,79,31,0,122,10,0,10,132
09/18/2018,STT,VI,ASO,ES,Towers with Radar,10,22,3,0,35,0,65,24,0,89,10,87,27,0,124,0,0,0,124
09/19/2018,STT,VI,ASO,ES,Towers with Radar,10,24,3,0,37,0,56,22,0,78,10,80,25,0,115,12,0,12,127
09/20/2018,STT,VI,ASO,ES,Towers with Radar,12,21,2,0,35,0,64,28,0,92,12,85,30,0,127,0,0,0,127
09/21/2018,STT,VI,ASO,ES,Towers with Radar,15,26,2,0,43,0,60,31,0,91,15,86,33,0,134,10,0,10,144
09/22/2018,STT,VI,ASO,ES,Towers with Radar,16,9,3,0,28,0,43,26,0,69,16,52,29,0,97,10,0,10,107
09/23/2018,STT,VI,ASO,ES,Towers with Radar,14,9,1,0,24,0,39,22,0,61,14,48,23,0,85,5,0,5,90
09/24/2018,STT,VI,ASO,ES,Towers with Radar,13,22,4,0,39,0,57,40,0,97,13,79,44,0,136,0,0,0,136
09/25/2018,STT,VI,ASO,ES,Towers with Radar,10,25,1,0,36,0,54,23,0,77,10,79,24,0,113,4,0,4,117
09/26/2018,STT,VI,ASO,ES,Towers with Radar,10,23,4,0,37,0,59,23,0,82,10,82,27,0,119,6,0,6,125
09/27/2018,STT,VI,ASO,ES,Towers with Radar,12,23,1,0,36,0,56,30,4,90,12,79,31,4,126,8,0,8,134
09/28/2018,STT,VI,ASO,ES,Towers with Radar,14,30,2,0,46,0,51,12,0,63,14,81,14,0,109,0,0,0,109
09/29/2018,STT,VI,ASO,ES,Towers with Radar,16,16,1,0,33,0,38,13,0,51,16,54,14,0,84,0,0,0,84
09/30/2018,STT,VI,ASO,ES,Towers with Radar,14,10,3,0,27,0,40,11,0,51,14,50,14,0,78,4,0,4,82
10/01/2018,STT,VI,ASO,ES,Towers with Radar,12,22,1,0,35,0,60,14,0,74,12,82,15,0,109,20,0,20,129
10/02/2018,STT,VI,ASO,ES,Towers with Radar,10,25,2,0,37,0,61,26,0,87,10,86,28,0,124,15,0,15,139
10/03/2018,STT,VI,ASO,ES,Towers with Radar,10,22,5,0,37,0,44,28,0,72,10,66,33,0,109,0,0,0,109
10/04/2018,STT,VI,ASO,ES,Towers with Radar,12,26,0,0,38,0,54,19,0,73,12,80,19,0,111,14,0,14,125
10/05/2018,STT,VI,ASO,ES,Towers with Radar,13,32,9,0,54,0,54,20,0,74,13,86,29,0,128,0,0,0,128
10/06/2018,STT,VI,ASO,ES,Towers with Radar,16,15,1,0,32,0,51,24,0,75,16,66,25,0,107,0,0,0,107
10/07/2018,STT,VI,ASO,ES,Towers with Radar,16,12,2,0,30,0,40,11,0,51,16,52,13,0,81,0,0,0,81
10/08/2018,STT,VI,ASO,ES,Towers with Radar,14,13,1,0,28,0,60,21,0,81,14,73,22,0,109,0,0,0,109
10/09/2018,STT,VI,ASO,ES,Towers with Radar,10,26,5,0,41,0,53,34,1,88,10,79,39,1,129,3,0,3,132
10/10/2018,STT,VI,ASO,ES,Towers with Radar,10,25,3,0,38,0,56,19,0,75,10,81,22,0,113,14,0,14,127
10/11/2018,STT,VI,ASO,ES,Towers with Radar,12,26,4,0,42,0,54,37,3,94,12,80,41,3,136,30,0,30,166
10/12/2018,STT,VI,ASO,ES,Towers with Radar,14,40,6,0,60,0,43,18,0,61,14,83,24,0,121,0,0,0,121
10/13/2018,STT,VI,ASO,ES,Towers with Radar,16,16,0,0,32,0,36,15,0,51,16,52,15,0,83,16,0,16,99
10/14/2018,STT,VI,ASO,ES,Towers with Radar,13,15,2,1,31,0,34,18,0,52,13,49,20,1,83,0,0,0,83
10/15/2018,STT,VI,ASO,ES,Towers with Radar,13,28,3,0,44,0,45,30,0,75,13,73,33,0,119,0,0,0,119
10/16/2018,STT,VI,ASO,ES,Towers with Radar,10,23,9,0,42,0,37,30,0,67,10,60,39,0,109,0,0,0,109
10/17/2018,STT,VI,ASO,ES,Towers with Radar,8,29,3,0,40,0,39,24,1,64,8,68,27,1,104,0,0,0,104
10/18/2018,STT,VI,ASO,ES,Towers with Radar,12,23,5,0,40,0,34,43,3,80,12,57,48,3,120,0,0,0,120
10/19/2018,STT,VI,ASO,ES,Towers with Radar,14,25,2,0,41,0,57,30,0,87,14,82,32,0,128,0,0,0,128
10/20/2018,STT,VI,ASO,ES,Towers with Radar,16,12,0,1,29,0,50,20,0,70,16,62,20,1,99,21,0,21,120
10/21/2018,STT,VI,ASO,ES,Towers with Radar,14,11,2,0,27,0,39,29,2,70,14,50,31,2,97,0,0,0,97
10/22/2018,STT,VI,ASO,ES,Towers with Radar,14,34,3,1,52,0,43,27,0,70,14,77,30,1,122,0,0,0,122
10/23/2018,STT,VI,ASO,ES,Towers with Radar,10,27,2,1,40,0,54,31,2,87,10,81,33,3,127,20,0,20,147
10/24/2018,STT,VI,ASO,ES,Towers with Radar,10,23,4,0,37,0,39,34,0,73,10,62,38,0,110,20,0,20,130
10/25/2018,STT,VI,ASO,ES,Towers with Radar,12,23,5,1,41,0,42,30,1,73,12,65,35,2,114,14,0,14,128
10/26/2018,STT,VI,ASO,ES,Towers with Radar,15,33,6,0,54,0,49,42,0,91,15,82,48,0,145,0,0,0,145
10/27/2018,STT,VI,ASO,ES,Towers with Radar,19,15,0,0,34,0,46,22,0,68,19,61,22,0,102,0,0,0,102
10/28/2018,STT,VI,ASO,ES,Towers with Radar,16,9,3,0,28,0,39,20,0,59,16,48,23,0,87,0,0,0,87
10/29/2018,STT,VI,ASO,ES,Towers with Radar,14,20,2,0,36,0,54,43,0,97,14,74,45,0,133,0,0,0,133
10/30/2018,STT,VI,ASO,ES,Towers with Radar,11,21,3,0,35,0,46,41,0,87,11,67,44,0,122,14,0,14,136
10/31/2018,STT,VI,ASO,ES,Towers with Radar,12,22,6,0,40,0,43,30,2,75,12,65,36,2,115,0,0,0,115
11/01/2018,STT,VI,ASO,ES,Towers with Radar,14,28,3,0,45,0,50,32,0,82,14,78,35,0,127,4,0,4,131
11/02/2018,STT,VI,ASO,ES,Towers with Radar,14,36,9,0,59,0,49,24,0,73,14,85,33,0,132,5,0,5,137
11/03/2018,STT,VI,ASO,ES,Towers with Radar,20,12,3,0,35,0,43,23,1,67,20,55,26,1,102,9,0,9,111
11/04/2018,STT,VI,ASO,ES,Towers with Radar,18,12,3,0,33,0,37,26,0,63,18,49,29,0,96,0,0,0,96
11/05/2018,STT,VI,ASO,ES,Towers with Radar,15,32,5,0,52,0,37,19,0,56,15,69,24,0,108,8,0,8,116
11/06/2018,STT,VI,ASO,ES,Towers with Radar,12,26,6,3,47,0,43,54,6,103,12,69,60,9,150,0,0,0,150
11/07/2018,STT,VI,ASO,ES,Towers with Radar,12,26,9,0,47,0,37,32,0,69,12,63,41,0,116,1,0,1,117
11/08/2018,STT,VI,ASO,ES,Towers with Radar,18,24,2,0,44,0,35,21,0,56,18,59,23,0,100,21,0,21,121
11/09/2018,STT,VI,ASO,ES,Towers with Radar,16,23,5,0,44,0,55,51,0,106,16,78,56,0,150,0,0,0,150
11/10/2018,STT,VI,ASO,ES,Towers with Radar,23,12,5,1,41,0,48,29,0,77,23,60,34,1,118,43,0,43,161
11/11/2018,STT,VI,ASO,ES,Towers with Radar,21,7,5,0,33,0,43,25,0,68,21,50,30,0,101,0,0,0,101
11/12/2018,STT,VI,ASO,ES,Towers with Radar,16,16,3,0,35,0,44,29,0,73,16,60,32,0,108,0,0,0,108
11/13/2018,STT,VI,ASO,ES,Towers with Radar,16,35,1,0,52,0,51,26,0,77,16,86,27,0,129,4,0,4,133
11/14/2018,STT,VI,ASO,ES,Towers with Radar,14,25,8,0,47,0,45,24,0,69,14,70,32,0,116,0,0,0,116
11/15/2018,STT,VI,ASO,ES,Towers with Radar,19,29,6,0,54,0,58,24,0,82,19,87,30,0,136,0,0,0,136
11/16/2018,STT,VI,ASO,ES,Towers with Radar,16,32,13,0,61,0,56,27,0,83,16,88,40,0,144,0,0,0,144
11/17/2018,STT,VI,ASO,ES,Towers with Radar,19,14,9,0,42,0,49,23,0,72,19,63,32,0,114,0,0,0,114
11/18/2018,STT,VI,ASO,ES,Towers with Radar,20,8,2,0,30,0,54,26,0,80,20,62,28,0,110,0,0,0,110
11/19/2018,STT,VI,ASO,ES,Towers with Radar,14,29,3,0,46,0,56,34,0,90,14,85,37,0,136,0,0,0,136
11/20/2018,STT,VI,ASO,ES,Towers with Radar,16,27,17,0,60,0,62,34,0,96,16,89,51,0,156,21,0,21,177
11/21/2018,STT,VI,ASO,ES,Towers with Radar,18,29,4,0,51,0,71,40,0,111,18,100,44,0,162,0,0,0,162
11/22/2018,STT,VI,ASO,ES,Towers with Radar,16,10,3,0,29,0,41,28,0,69,16,51,31,0,98,6,0,6,104
11/23/2018,STT,VI,ASO,ES,Towers with Radar,16,22,4,0,42,0,45,31,0,76,16,67,35,0,118,10,0,10,128
11/24/2018,STT,VI,ASO,ES,Towers with Radar,22,12,7,0,41,0,53,34,0,87,22,65,41,0,128,4,0,4,132
11/25/2018,STT,VI,ASO,ES,Towers with Radar,20,22,15,0,57,0,51,38,0,89,20,73,53,0,146,0,0,0,146
11/26/2018,STT,VI,ASO,ES,Towers with Radar,14,34,1,0,49,0,63,38,0,101,14,97,39,0,150,0,0,0,150
11/27/2018,STT,VI,ASO,ES,Towers with Radar,16,28,7,0,51,0,55,35,0,90,16,83,42,0,141,14,0,14,155
11/28/2018,STT,VI,ASO,ES,Towers with Radar,12,21,10,0,43,0,52,42,0,94,12,73,52,0,137,1,0,1,138
11/29/2018,STT,VI,ASO,ES,Towers with Radar,18,26,0,0,44,0,69,43,0,112,18,95,43,0,156,16,0,16,172
11/30/2018,STT,VI,ASO,ES,Towers with Radar,16,25,9,0,50,0,55,25,0,80,16,80,34,0,130,12,0,12,142
12/01/2018,STT,VI,ASO,ES,Towers with Radar,22,16,5,0,43,0,46,34,0,80,22,62,39,0,123,24,0,24,147
12/02/2018,STT,VI,ASO,ES,Towers with Radar,20,15,3,0,38,0,38,38,0,76,20,53,41,0,114,4,0,4,118
12/03/2018,STT,VI,ASO,ES,Towers with Radar,12,28,6,0,46,0,50,34,0,84,12,78,40,0,130,17,0,17,147
12/04/2018,STT,VI,ASO,ES,Towers with Radar,13,24,7,0,44,0,52,36,0,88,13,76,43,0,132,8,0,8,140
12/05/2018,STT,VI,ASO,ES,Towers with Radar,14,26,3,0,43,0,47,24,0,71,14,73,27,0,114,0,0,0,114
12/06/2018,STT,VI,ASO,ES,Towers with Radar,18,27,5,0,50,0,44,39,0,83,18,71,44,0,133,6,0,6,139
12/07/2018,STT,VI,ASO,ES,Towers with Radar,16,30,3,0,49,0,50,35,0,85,16,80,38,0,134,8,0,8,142
12/08/2018,STT,VI,ASO,ES,Towers with Radar,22,15,8,0,45,0,50,27,0,77,22,65,35,0,122,0,0,0,122
12/09/2018,STT,VI,ASO,ES,Towers with Radar,14,10,6,0,30,0,51,31,0,82,14,61,37,0,112,10,0,10,122
12/10/2018,STT,VI,ASO,ES,Towers with Radar,12,27,2,0,41,0,49,30,0,79,12,76,32,0,120,0,0,0,120
12/11/2018,STT,VI,ASO,ES,Towers with Radar,14,24,12,0,50,0,65,29,0,94,14,89,41,0,144,0,0,0,144
12/12/2018,STT,VI,ASO,ES,Towers with Radar,14,23,3,0,40,0,62,42,0,104,14,85,45,0,144,4,0,4,148
12/13/2018,STT,VI,ASO,ES,Towers with Radar,18,31,6,0,55,0,54,41,0,95,18,85,47,0,150,0,0,0,150
12/14/2018,STT,VI,ASO,ES,Towers with Radar,16,30,6,0,52,0,62,41,2,105,16,92,47,2,157,4,0,4,161
12/15/2018,STT,VI,ASO,ES,Towers with Radar,22,10,7,0,39,0,44,37,0,81,22,54,44,0,120,0,0,0,120
12/16/2018,STT,VI,ASO,ES,Towers with Radar,20,14,8,0,42,0,48,26,0,74,20,62,34,0,116,0,0,0,116
12/17/2018,STT,VI,ASO,ES,Towers with Radar,11,22,2,0,35,0,63,18,0,81,11,85,20,0,116,7,0,7,123
12/18/2018,STT,VI,ASO,ES,Towers with Radar,14,30,2,0,46,0,49,54,0,103,14,79,56,0,149,16,0,16,165
12/19/2018,STT,VI,ASO,ES,Towers with Radar,18,21,11,0,50,0,51,42,0,93,18,72,53,0,143,15,0,15,158
12/20/2018,STT,VI,ASO,ES,Towers with Radar,24,32,8,0,64,0,52,45,0,97,24,84,53,0,161,14,0,14,175
12/21/2018,STT,VI,ASO,ES,Towers with Radar,22,35,12,0,69,0,74,50,0,124,22,109,62,0,193,20,0,20,213
12/22/2018,STT,VI,ASO,ES,Towers with Radar,30,20,12,0,62,0,57,39,0,96,30,77,51,0,158,0,0,0,158
12/23/2018,STT,VI,ASO,ES,Towers with Radar,26,17,4,0,47,0,36,41,0,77,26,53,45,0,124,0,0,0,124
12/24/2018,STT,VI,ASO,ES,Towers with Radar,25,32,3,0,60,0,48,49,0,97,25,80,52,0,157,0,0,0,157
12/25/2018,STT,VI,ASO,ES,Towers with Radar,27,13,1,0,41,0,36,13,0,49,27,49,14,0,90,0,0,0,90
12/26/2018,STT,VI,ASO,ES,Towers with Radar,24,28,20,0,72,0,57,41,0,98,24,85,61,0,170,6,0,6,176
12/27/2018,STT,VI,ASO,ES,Towers with Radar,26,39,23,0,88,0,72,47,0,119,26,111,70,0,207,0,0,0,207
12/28/2018,STT,VI,ASO,ES,Towers with Radar,24,37,16,0,77,0,66,30,0,96,24,103,46,0,173,0,0,0,173
12/29/2018,STT,VI,ASO,ES,Towers with Radar,29,12,9,0,50,0,64,14,0,78,29,76,23,0,128,0,0,0,128
12/30/2018,STT,VI,ASO,ES,Towers with Radar,27,20,2,0,49,0,42,21,0,63,27,62,23,0,112,0,0,0,112
12/31/2018,STT,VI,ASO,ES,Towers with Radar,27,28,8,0,63,0,55,45,0,100,27,83,53,0,163,3,0,3,166
01/01/2019,STT,VI,ASO,ES,Towers with Radar,26,16,13,0,55,0,69,38,0,107,26,85,51,0,162,6,0,6,168
01/02/2019,STT,VI,ASO,ES,Towers with Radar,24,30,12,1,67,0,67,43,1,111,24,97,55,2,178,0,0,0,178
01/03/2019,STT,VI,ASO,ES,Towers with Radar,29,25,12,0,66,0,58,44,0,102,29,83,56,0,168,4,0,4,172
01/04/2019,STT,VI,ASO,ES,Towers with Radar,24,34,11,0,69,0,70,44,2,116,24,104,55,2,185,0,0,0,185
01/05/2019,STT,VI,ASO,ES,Towers with Radar,31,22,14,0,67,0,56,33,0,89,31,78,47,0,156,14,0,14,170
01/06/2019,STT,VI,ASO,ES,Towers with Radar,24,28,15,0,67,0,54,47,0,101,24,82,62,0,168,10,0,10,178
01/07/2019,STT,VI,ASO,ES,Towers with Radar,24,36,11,0,71,0,65,35,0,100,24,101,46,0,171,38,0,38,209
01/08/2019,STT,VI,ASO,ES,Towers with Radar,21,34,4,0,59,0,57,43,2,102,21,91,47,2,161,24,0,24,185
01/09/2019,STT,VI,ASO,ES,Towers with Radar,17,31,5,0,53,0,54,36,0,90,17,85,41,0,143,20,0,20,163
01/10/2019,STT,VI,ASO,ES,Towers with Radar,24,30,10,0,64,0,49,36,0,85,24,79,46,0,149,0,0,0,149
01/11/2019,STT,VI,ASO,ES,Towers with Radar,22,27,10,0,59,0,58,37,0,95,22,85,47,0,154,20,0,20,174
01/12/2019,STT,VI,ASO,ES,Towers with Radar,26,13,6,0,45,0,50,20,0,70,26,63,26,0,115,18,0,18,133
01/13/2019,STT,VI,ASO,ES,Towers with Radar,25,10,3,0,38,0,40,45,0,85,25,50,48,0,123,0,0,0,123
01/14/2019,STT,VI,ASO,ES,Towers with Radar,20,33,5,0,58,0,58,39,0,97,20,91,44,0,155,12,0,12,167
01/15/2019,STT,VI,ASO,ES,Towers with Radar,20,20,15,0,55,0,66,37,1,104,20,86,52,1,159,12,0,12,171
01/16/2019,STT,VI,ASO,ES,Towers with Radar,18,28,13,0,59,0,49,40,0,89,18,77,53,0,148,0,0,0,148
01/17/2019,STT,VI,ASO,ES,Towers with Radar,23,38,7,0,68,0,54,28,0,82,23,92,35,0,150,0,0,0,150
01/18/2019,STT,VI,ASO,ES,Towers with Radar,21,33,8,0,62,0,71,34,0,105,21,104,42,0,167,20,0,20,187
01/19/2019,STT,VI,ASO,ES,Towers with Radar,27,13,4,0,44,0,63,30,0,93,27,76,34,0,137,6,0,6,143
01/20/2019,STT,VI,ASO,ES,Towers with Radar,24,15,3,0,42,0,50,24,0,74,24,65,27,0,116,0,0,0,116
01/21/2019,STT,VI,ASO,ES,Towers with Radar,20,31,4,0,55,0,50,42,0,92,20,81,46,0,147,6,0,6,153
01/22/2019,STT,VI,ASO,ES,Towers with Radar,18,37,6,0,61,0,66,20,0,86,18,103,26,0,147,28,0,28,175
01/23/2019,STT,VI,ASO,ES,Towers with Radar,18,31,3,0,52,0,61,27,0,88,18,92,30,0,140,0,0,0,140
01/24/2019,STT,VI,ASO,ES,Towers with Radar,20,31,4,0,55,0,54,33,0,87,20,85,37,0,142,9,0,9,151
01/25/2019,STT,VI,ASO,ES,Towers with Radar,23,45,7,0,75,0,57,38,0,95,23,102,45,0,170,0,0,0,170
01/26/2019,STT,VI,ASO,ES,Towers with Radar,26,15,3,0,44,0,70,29,0,99,26,85,32,0,143,15,0,15,158
01/27/2019,STT,VI,ASO,ES,Towers with Radar,24,15,4,0,43,0,46,31,0,77,24,61,35,0,120,0,0,0,120
01/28/2019,STT,VI,ASO,ES,Towers with Radar,20,31,3,0,54,0,50,30,0,80,20,81,33,0,134,0,0,0,134
01/29/2019,STT,VI,ASO,ES,Towers with Radar,20,29,10,0,59,0,53,40,0,93,20,82,50,0,152,0,0,0,152
01/30/2019,STT,VI,ASO,ES,Towers with Radar,20,26,3,0,49,0,62,38,0,100,20,88,41,0,149,0,0,0,149
01/31/2019,STT,VI,ASO,ES,Towers with Radar,24,27,4,0,55,0,50,41,0,91,24,77,45,0,146,20,0,20,166
02/01/2019,STT,VI,ASO,ES,Towers with Radar,20,36,11,0,67,0,61,38,0,99,20,97,49,0,166,7,0,7,173
02/02/2019,STT,VI,ASO,ES,Towers with Radar,26,18,9,0,53,0,56,53,0,109,26,74,62,0,162,20,0,20,182
02/03/2019,STT,VI,ASO,ES,Towers with Radar,25,18,7,0,50,0,41,37,0,78,25,59,44,0,128,4,0,4,132
02/04/2019,STT,VI,ASO,ES,Towers with Radar,20,28,8,0,56,0,48,20,0,68,20,76,28,0,124,1,0,1,125
02/05/2019,STT,VI,ASO,ES,Towers with Radar,20,28,4,0,52,0,87,29,1,117,20,115,33,1,169,6,0,6,175
02/06/2019,STT,VI,ASO,ES,Towers with Radar,18,28,7,0,53,0,69,34,1,104,18,97,41,1,157,16,0,16,173
02/07/2019,STT,VI,ASO,ES,Towers with Radar,26,32,2,0,60,0,71,30,0,101,26,103,32,0,161,18,0,18,179
02/08/2019,STT,VI,ASO,ES,Towers with Radar,23,35,16,0,74,0,59,16,0,75,23,94,32,0,149,12,0,12,161
02/09/2019,STT,VI,ASO,ES,Towers with Radar,26,16,8,0,50,0,51,29,0,80,26,67,37,0,130,14,0,14,144
02/10/2019,STT,VI,ASO,ES,Towers with Radar,24,15,13,0,52,0,51,28,0,79,24,66,41,0,131,30,0,30,161
02/11/2019,STT,VI,ASO,ES,Towers with Radar,20,31,7,0,58,0,50,27,0,77,20,81,34,0,135,12,0,12,147
02/12/2019,STT,VI,ASO,ES,Towers with Radar,20,29,5,0,54,0,50,36,0,86,20,79,41,0,140,22,0,22,162
02/13/2019,STT,VI,ASO,ES,Towers with Radar,18,31,3,0,52,0,55,21,2,78,18,86,24,2,130,10,0,10,140
02/14/2019,STT,VI,ASO,ES,Towers with Radar,26,36,13,0,75,0,55,35,2,92,26,91,48,2,167,6,0,6,173
02/15/2019,STT,VI,ASO,ES,Towers with Radar,24,39,12,0,75,0,68,60,0,128,24,107,72,0,203,1,0,1,204
02/16/2019,STT,VI,ASO,ES,Towers with Radar,29,22,8,0,59,0,53,38,0,91,29,75,46,0,150,0,0,0,150
02/17/2019,STT,VI,ASO,ES,Towers with Radar,24,18,11,0,53,0,41,43,6,90,24,59,54,6,143,7,0,7,150
02/18/2019,STT,VI,ASO,ES,Towers with Radar,26,21,3,0,50,0,61,41,0,102,26,82,44,0,152,22,0,22,174
02/19/2019,STT,VI,ASO,ES,Towers with Radar,27,36,3,0,66,0,73,24,0,97,27,109,27,0,163,0,0,0,163
02/20/2019,STT,VI,ASO,ES,Towers with Radar,20,35,11,0,66,0,48,35,0,83,20,83,46,0,149,10,0,10,159
02/21/2019,STT,VI,ASO,ES,Towers with Radar,26,31,6,0,63,0,52,41,0,93,26,83,47,0,156,2,0,2,158
02/22/2019,STT,VI,ASO,ES,Towers with Radar,24,37,9,0,70,0,57,29,0,86,24,94,38,0,156,10,0,10,166
02/23/2019,STT,VI,ASO,ES,Towers with Radar,29,15,9,0,53,0,49,32,0,81,29,64,41,0,134,29,0,29,163
02/24/2019,STT,VI,ASO,ES,Towers with Radar,27,20,4,0,51,0,45,27,0,72,27,65,31,0,123,10,0,10,133
02/25/2019,STT,VI,ASO,ES,Towers with Radar,24,28,2,0,54,0,57,24,0,81,24,85,26,0,135,8,0,8,143
02/26/2019,STT,VI,ASO,ES,Towers with Radar,24,30,5,0,59,0,47,29,0,76,24,77,34,0,135,0,0,0,135
02/27/2019,STT,VI,ASO,ES,Towers with Radar,21,36,3,0,60,0,61,30,0,91,21,97,33,0,151,0,0,0,151
02/28/2019,STT,VI,ASO,ES,Towers with Radar,30,33,2,0,65,0,62,44,0,106,30,95,46,0,171,6,0,6,177
03/01/2019,STT,VI,ASO,ES,Towers with Radar,27,32,3,0,62,0,61,31,1,93,27,93,34,1,155,8,1,9,164
03/02/2019,STT,VI,ASO,ES,Towers with Radar,26,15,13,0,54,0,59,34,0,93,26,74,47,0,147,12,0,12,159
03/03/2019,STT,VI,ASO,ES,Towers with Radar,26,16,5,0,47,0,40,31,0,71,26,56,36,0,118,0,0,0,118
03/04/2019,STT,VI,ASO,ES,Towers with Radar,24,32,10,0,66,0,45,27,0,72,24,77,37,0,138,0,0,0,138
03/05/2019,STT,VI,ASO,ES,Towers with Radar,25,29,7,0,61,0,50,32,0,82,25,79,39,0,143,0,0,0,143
03/06/2019,STT,VI,ASO,ES,Towers with Radar,22,25,4,0,51,0,57,32,0,89,22,82,36,0,140,0,0,0,140
03/07/2019,STT,VI,ASO,ES,Towers with Radar,26,28,4,0,58,0,56,37,0,93,26,84,41,0,151,24,0,24,175
03/08/2019,STT,VI,ASO,ES,Towers with Radar,24,33,4,0,61,0,62,40,0,102,24,95,44,0,163,0,0,0,163
03/09/2019,STT,VI,ASO,ES,Towers with Radar,28,14,10,0,52,0,51,31,0,82,28,65,41,0,134,16,0,16,150
03/10/2019,STT,VI,ASO,ES,Towers with Radar,26,21,7,0,54,0,52,28,0,80,26,73,35,0,134,0,0,0,134
03/11/2019,STT,VI,ASO,ES,Towers with Radar,23,35,8,0,66,0,61,27,0,88,23,96,35,0,154,2,0,2,156
03/12/2019,STT,VI,ASO,ES,Towers with Radar,28,24,5,0,57,0,60,38,0,98,28,84,43,0,155,0,0,0,155
03/13/2019,STT,VI,ASO,ES,Towers with Radar,24,26,6,0,56,0,55,36,0,91,24,81,42,0,147,18,0,18,165
03/14/2019,STT,VI,ASO,ES,Towers with Radar,26,26,5,0,57,0,58,37,1,96,26,84,42,1,153,15,0,15,168
03/15/2019,STT,VI,ASO,ES,Towers with Radar,25,50,16,0,91,0,54,55,1,110,25,104,71,1,201,8,0,8,209
03/16/2019,STT,VI,ASO,ES,Towers with Radar,28,17,16,0,61,0,41,47,1,89,28,58,63,1,150,0,0,0,150
03/17/2019,STT,VI,ASO,ES,Towers with Radar,27,19,8,0,54,0,58,34,0,92,27,77,42,0,146,13,0,13,159
03/18/2019,STT,VI,ASO,ES,Towers with Radar,26,30,9,0,65,0,70,27,0,97,26,100,36,0,162,0,0,0,162
03/19/2019,STT,VI,ASO,ES,Towers with Radar,26,29,4,0,59,0,55,25,0,80,26,84,29,0,139,0,0,0,139
03/20/2019,STT,VI,ASO,ES,Towers with Radar,22,25,5,0,52,0,50,42,0,92,22,75,47,0,144,15,0,15,159
03/21/2019,STT,VI,ASO,ES,Towers with Radar,25,34,12,2,73,0,61,17,0,78,25,95,29,2,151,0,0,0,151
03/22/2019,STT,VI,ASO,ES,Towers with Radar,24,28,10,0,62,0,66,35,2,103,24,94,45,2,165,20,0,20,185
03/23/2019,STT,VI,ASO,ES,Towers with Radar,30,20,12,0,62,0,61,21,0,82,30,81,33,0,144,17,0,17,161
03/24/2019,STT,VI,ASO,ES,Towers with Radar,27,24,9,0,60,0,41,29,0,70,27,65,38,0,130,46,0,46,176
03/25/2019,STT,VI,ASO,ES,Towers with Radar,25,32,7,0,64,0,39,60,0,99,25,71,67,0,163,12,0,12,175
03/26/2019,STT,VI,ASO,ES,Towers with Radar,26,27,2,0,55,0,54,25,0,79,26,81,27,0,134,0,0,0,134
03/27/2019,STT,VI,ASO,ES,Towers with Radar,24,27,7,0,58,0,58,29,1,88,24,85,36,1,146,10,0,10,156
03/28/2019,STT,VI,ASO,ES,Towers with Radar,26,30,3,0,59,0,50,20,4,74,26,80,23,4,133,6,0,6,139
03/29/2019,STT,VI,ASO,ES,Towers with Radar,25,28,2,0,55,0,65,33,1,99,25,93,35,1,154,0,0,0,154
03/30/2019,STT,VI,ASO,ES,Towers with Radar,30,21,15,0,66,0,60,34,0,94,30,81,49,0,160,24,0,24,184
03/31/2019,STT,VI,ASO,ES,Towers with Radar,26,19,5,0,50,0,48,31,0,79,26,67,36,0,129,2,0,2,131
04/01/2019,STT,VI,ASO,ES,Towers with Radar,24,26,3,0,53,0,62,30,0,92,24,88,33,0,145,0,0,0,145
04/02/2019,STT,VI,ASO,ES,Towers with Radar,27,28,2,0,57,0,55,38,0,93,27,83,40,0,150,0,0,0,150
04/03/2019,STT,VI,ASO,ES,Towers with Radar,22,29,4,0,55,0,72,20,0,92,22,101,24,0,147,2,0,2,149
04/04/2019,STT,VI,ASO,ES,Towers with Radar,26,23,2,0,51,0,34,47,0,81,26,57,49,0,132,8,0,8,140
04/05/2019,STT,VI,ASO,ES,Towers with Radar,26,24,12,0,62,0,48,31,0,79,26,72,43,0,141,20,0,20,161
04/06/2019,STT,VI,ASO,ES,Towers with Radar,28,21,9,0,58,0,47,27,0,74,28,68,36,0,132,0,0,0,132
04/07/2019,STT,VI,ASO,ES,Towers with Radar,27,19,12,0,58,0,49,35,0,84,27,68,47,0,142,0,0,0,142
04/08/2019,STT,VI,ASO,ES,Towers with Radar,25,35,6,0,66,0,53,29,0,82,25,88,35,0,148,2,0,2,150
04/09/2019,STT,VI,ASO,ES,Towers with Radar,27,35,2,0,64,0,51,21,0,72,27,86,23,0,136,4,0,4,140
04/10/2019,STT,VI,ASO,ES,Towers with Radar,22,22,8,0,52,0,35,38,0,73,22,57,46,0,125,24,0,24,149
04/11/2019,STT,VI,ASO,ES,Towers with Radar,27,26,5,0,58,0,60,37,0,97,27,86,42,0,155,0,0,0,155
04/12/2019,STT,VI,ASO,ES,Towers with Radar,24,30,3,0,57,0,52,36,0,88,24,82,39,0,145,4,0,4,149
04/13/2019,STT,VI,ASO,ES,Towers with Radar,28,16,8,0,52,0,52,39,0,91,28,68,47,0,143,10,0,10,153
04/14/2019,STT,VI,ASO,ES,Towers with Radar,26,17,8,0,51,0,41,25,0,66,26,58,33,0,117,16,0,16,133
04/15/2019,STT,VI,ASO,ES,Towers with Radar,24,28,3,0,55,0,43,25,1,69,24,71,28,1,124,0,0,0,124
04/16/2019,STT,VI,ASO,ES,Towers with Radar,26,26,3,0,55,0,55,27,0,82,26,81,30,0,137,2,0,2,139
04/17/2019,STT,VI,ASO,ES,Towers with Radar,23,29,7,0,59,0,58,38,2,98,23,87,45,2,157,12,0,12,169
04/18/2019,STT,VI,ASO,ES,Towers with Radar,27,29,3,0,59,0,66,51,0,117,27,95,54,0,176,0,0,0,176
04/19/2019,STT,VI,ASO,ES,Towers with Radar,24,18,4,0,46,0,56,35,0,91,24,74,39,0,137,0,0,0,137
04/20/2019,STT,VI,ASO,ES,Towers with Radar,28,15,3,0,46,0,53,26,0,79,28,68,29,0,125,0,0,0,125
04/21/2019,STT,VI,ASO,ES,Towers with Radar,27,12,4,0,43,0,53,32,0,85,27,65,36,0,128,58,0,58,186
04/22/2019,STT,VI,ASO,ES,Towers with Radar,26,32,2,0,60,0,59,38,0,97,26,91,40,0,157,0,0,0,157
04/23/2019,STT,VI,ASO,ES,Towers with Radar,24,28,6,0,58,0,66,39,0,105,24,94,45,0,163,0,0,0,163
04/24/2019,STT,VI,ASO,ES,Towers with Radar,20,25,3,0,48,0,51,33,0,84,20,76,36,0,132,28,0,28,160
04/25/2019,STT,VI,ASO,ES,Towers with Radar,24,27,3,0,54,0,48,33,0,81,24,75,36,0,135,34,0,34,169
04/26/2019,STT,VI,ASO,ES,Towers with Radar,22,26,4,0,52,0,59,35,1,95,22,85,39,1,147,0,0,0,147
04/27/2019,STT,VI,ASO,ES,Towers with Radar,28,14,3,0,45,0,40,40,0,80,28,54,43,0,125,16,0,16,141
04/28/2019,STT,VI,ASO,ES,Towers with Radar,24,20,8,0,52,0,42,27,0,69,24,62,35,0,121,18,0,18,139
04/29/2019,STT,VI,ASO,ES,Towers with Radar,18,24,4,0,46,0,44,23,0,67,18,68,27,0,113,0,0,0,113
04/30/2019,STT,VI,ASO,ES,Towers with Radar,20,27,3,0,50,0,53,33,0,86,20,80,36,0,136,10,0,10,146
05/01/2019,STT,VI,ASO,ES,Towers with Radar,16,23,11,0,50,0,49,41,0,90,16,72,52,0,140,18,0,18,158
05/02/2019,STT,VI,ASO,ES,Towers with Radar,20,28,8,0,56,0,53,26,0,79,20,81,34,0,135,6,0,6,141
05/03/2019,STT,VI,ASO,ES,Towers with Radar,18,19,1,2,40,0,48,36,0,84,18,67,37,2,124,0,0,0,124
05/04/2019,STT,VI,ASO,ES,Towers with Radar,28,11,0,0,39,0,52,22,0,74,28,63,22,0,113,0,0,0,113
05/05/2019,STT,VI,ASO,ES,Towers with Radar,20,17,4,1,42,0,77,43,6,126,20,94,47,7,168,6,8,14,182
05/06/2019,STT,VI,ASO,ES,Towers with Radar,19,32,6,0,57,0,73,53,0,126,19,105,59,0,183,0,0,0,183
05/07/2019,STT,VI,ASO,ES,Towers with Radar,20,24,4,0,48,0,70,51,0,121,20,94,55,0,169,0,0,0,169
05/08/2019,STT,VI,ASO,ES,Towers with Radar,16,23,1,0,40,0,51,35,2,88,16,74,36,2,128,0,2,2,130
05/09/2019,STT,VI,ASO,ES,Towers with Radar,20,24,2,2,48,0,62,30,3,95,20,86,32,5,143,28,0,28,171
05/10/2019,STT,VI,ASO,ES,Towers with Radar,18,23,6,0,47,0,63,29,2,94,18,86,35,2,141,0,0,0,141
05/11/2019,STT,VI,ASO,ES,Towers with Radar,29,14,7,0,50,0,43,28,0,71,29,57,35,0,121,0,0,0,121
05/12/2019,STT,VI,ASO,ES,Towers with Radar,21,12,6,2,41,0,39,19,0,58,21,51,25,2,99,2,0,2,101
05/13/2019,STT,VI,ASO,ES,Towers with Radar,18,24,3,0,45,0,61,32,0,93,18,85,35,0,138,0,0,0,138
05/14/2019,STT,VI,ASO,ES,Towers with Radar,20,22,5,0,47,0,54,30,0,84,20,76,35,0,131,12,0,12,143
05/15/2019,STT,VI,ASO,ES,Towers with Radar,16,20,7,0,43,0,54,19,0,73,16,74,26,0,116,0,0,0,116
05/16/2019,STT,VI,ASO,ES,Towers with Radar,20,20,8,0,48,0,64,41,0,105,20,84,49,0,153,26,0,26,179
05/17/2019,STT,VI,ASO,ES,Towers with Radar,18,24,9,0,51,0,59,40,0,99,18,83,49,0,150,0,0,0,150
05/18/2019,STT,VI,ASO,ES,Towers with Radar,30,13,10,0,53,0,46,27,0,73,30,59,37,0,126,4,0,4,130
05/19/2019,STT,VI,ASO,ES,Towers with Radar,20,13,8,0,41,0,35,27,0,62,20,48,35,0,103,0,0,0,103
05/20/2019,STT,VI,ASO,ES,Towers with Radar,18,25,4,0,47,0,50,30,0,80,18,75,34,0,127,8,0,8,135
05/21/2019,STT,VI,ASO,ES,Towers with Radar,21,21,2,0,44,0,60,28,0,88,21,81,30,0,132,8,0,8,140
05/22/2019,STT,VI,ASO,ES,Towers with Radar,15,23,3,0,41,0,60,16,2,78,15,83,19,2,119,0,0,0,119
05/23/2019,STT,VI,ASO,ES,Towers with Radar,20,28,3,0,51,0,56,26,0,82,20,84,29,0,133,0,0,0,133
05/24/2019,STT,VI,ASO,ES,Towers with Radar,19,25,9,0,53,0,50,50,0,100,19,75,59,0,153,20,0,20,173
05/25/2019,STT,VI,ASO,ES,Towers with Radar,30,13,2,0,45,0,59,41,0,100,30,72,43,0,145,0,0,0,145
05/26/2019,STT,VI,ASO,ES,Towers with Radar,20,12,1,0,33,0,43,36,0,79,20,55,37,0,112,14,0,14,126
05/27/2019,STT,VI,ASO,ES,Towers with Radar,18,23,7,0,48,0,39,11,0,50,18,62,18,0,98,8,0,8,106
05/28/2019,STT,VI,ASO,ES,Towers with Radar,20,29,6,0,55,0,56,20,0,76,20,85,26,0,131,0,0,0,131
05/29/2019,STT,VI,ASO,ES,Towers with Radar,16,25,3,0,44,0,40,17,0,57,16,65,20,0,101,0,0,0,101
05/30/2019,STT,VI,ASO,ES,Towers with Radar,20,24,14,0,58,0,41,28,0,69,20,65,42,0,127,2,0,2,129
05/31/2019,STT,VI,ASO,ES,Towers with Radar,19,23,4,0,46,0,55,29,0,84,19,78,33,0,130,6,0,6,136
06/01/2019,STT,VI,ASO,ES,Towers with Radar,28,12,5,0,45,0,37,36,0,73,28,49,41,0,118,0,0,0,118
06/02/2019,STT,VI,ASO,ES,Towers with Radar,21,11,5,0,37,0,47,32,0,79,21,58,37,0,116,22,0,22,138
06/03/2019,STT,VI,ASO,ES,Towers with Radar,18,24,4,0,46,0,61,24,0,85,18,85,28,0,131,27,0,27,158
06/04/2019,STT,VI,ASO,ES,Towers with Radar,20,27,6,0,53,0,63,38,0,101,20,90,44,0,154,28,11,39,193
06/05/2019,STT,VI,ASO,ES,Towers with Radar,16,22,4,0,42,0,47,34,0,81,16,69,38,0,123,0,0,0,123
06/06/2019,STT,VI,ASO,ES,Towers with Radar,22,23,6,0,51,0,60,21,0,81,22,83,27,0,132,9,0,9,141
06/07/2019,STT,VI,ASO,ES,Towers with Radar,24,19,4,0,47,0,51,34,0,85,24,70,38,0,132,20,0,20,152
06/08/2019,STT,VI,ASO,ES,Towers with Radar,30,9,5,0,44,0,39,26,0,65,30,48,31,0,109,0,0,0,109
06/09/2019,STT,VI,ASO,ES,Towers with Radar,22,9,2,0,33,0,43,24,0,67,22,52,26,0,100,12,0,12,112
06/10/2019,STT,VI,ASO,ES,Towers with Radar,24,26,5,0,55,0,44,22,3,69,24,70,27,3,124,0,0,0,124
06/11/2019,STT,VI,ASO,ES,Towers with Radar,24,23,5,0,52,0,50,20,3,73,24,73,25,3,125,8,0,8,133
06/12/2019,STT,VI,ASO,ES,Towers with Radar,22,20,3,0,45,0,49,31,0,80,22,69,34,0,125,16,0,16,141
06/13/2019,STT,VI,ASO,ES,Towers with Radar,23,22,0,0,45,0,66,32,0,98,23,88,32,0,143,4,0,4,147
06/14/2019,STT,VI,ASO,ES,Towers with Radar,23,23,1,0,47,0,62,38,0,100,23,85,39,0,147,16,0,16,163
06/15/2019,STT,VI,ASO,ES,Towers with Radar,28,15,10,0,53,0,51,18,0,69,28,66,28,0,122,0,0,0,122
06/16/2019,STT,VI,ASO,ES,Towers with Radar,22,12,2,0,36,0,53,19,0,72,22,65,21,0,108,0,0,0,108
06/17/2019,STT,VI,ASO,ES,Towers with Radar,22,27,3,0,52,0,56,34,0,90,22,83,37,0,142,0,0,0,142
06/18/2019,STT,VI,ASO,ES,Towers with Radar,25,22,3,0,50,0,60,36,0,96,25,82,39,0,146,0,0,0,146
06/19/2019,STT,VI,ASO,ES,Towers with Radar,22,20,3,0,45,0,58,31,0,89,22,78,34,0,134,0,0,0,134
06/20/2019,STT,VI,ASO,ES,Towers with Radar,24,23,4,0,51,0,57,26,2,85,24,80,30,2,136,0,0,0,136
06/21/2019,STT,VI,ASO,ES,Towers with Radar,22,23,5,0,50,0,59,31,0,90,22,82,36,0,140,0,0,0,140
06/22/2019,STT,VI,ASO,ES,Towers with Radar,25,22,6,0,53,0,40,27,0,67,25,62,33,0,120,10,0,10,130
06/23/2019,STT,VI,ASO,ES,Towers with Radar,24,10,6,1,41,0,50,25,0,75,24,60,31,1,116,0,1,1,117
06/24/2019,STT,VI,ASO,ES,Towers with Radar,23,23,6,0,52,0,50,34,0,84,23,73,40,0,136,0,0,0,136
06/25/2019,STT,VI,ASO,ES,Towers with Radar,24,20,2,0,46,0,56,25,0,81,24,76,27,0,127,0,0,0,127
06/26/2019,STT,VI,ASO,ES,Towers with Radar,22,23,5,0,50,0,48,40,0,88,22,71,45,0,138,0,0,0,138
06/27/2019,STT,VI,ASO,ES,Towers with Radar,24,23,6,0,53,0,59,85,0,144,24,82,91,0,197,14,0,14,211
06/28/2019,STT,VI,ASO,ES,Towers with Radar,23,23,3,0,49,0,63,32,0,95,23,86,35,0,144,0,0,0,144
06/29/2019,STT,VI,ASO,ES,Towers with Radar,26,14,5,0,45,0,51,35,0,86,26,65,40,0,131,0,0,0,131
06/30/2019,STT,VI,ASO,ES,Towers with Radar,24,10,5,0,39,0,47,14,0,61,24,57,19,0,100,14,0,14,114
07/01/2019,STT,VI,ASO,ES,Towers with Radar,22,27,5,0,54,0,50,36,2,88,22,77,41,2,142,0,0,0,142
07/02/2019,STT,VI,ASO,ES,Towers with Radar,24,22,4,0,50,0,63,37,0,100,24,85,41,0,150,0,0,0,150
07/03/2019,STT,VI,ASO,ES,Towers with Radar,22,21,3,0,46,0,56,26,0,82,22,77,29,0,128,0,0,0,128
07/04/2019,STT,VI,ASO,ES,Towers with Radar,22,7,1,0,30,0,55,23,2,80,22,62,24,2,110,0,0,0,110
07/05/2019,STT,VI,ASO,ES,Towers with Radar,22,23,2,0,47,0,67,20,0,87,22,90,22,0,134,0,0,0,134
07/06/2019,STT,VI,ASO,ES,Towers with Radar,29,9,8,0,46,0,48,31,0,79,29,57,39,0,125,0,0,0,125
07/07/2019,STT,VI,ASO,ES,Towers with Radar,24,12,3,0,39,0,53,30,0,83,24,65,33,0,122,0,0,0,122
07/08/2019,STT,VI,ASO,ES,Towers with Radar,23,25,1,0,49,0,38,36,0,74,23,63,37,0,123,0,0,0,123
07/09/2019,STT,VI,ASO,ES,Towers with Radar,24,23,10,0,57,0,55,25,0,80,24,78,35,0,137,0,0,0,137
07/10/2019,STT,VI,ASO,ES,Towers with Radar,22,22,3,1,48,0,52,25,2,79,22,74,28,3,127,0,0,0,127
07/11/2019,STT,VI,ASO,ES,Towers with Radar,24,20,1,1,46,0,63,27,0,90,24,83,28,1,136,26,0,26,162
07/12/2019,STT,VI,ASO,ES,Towers with Radar,23,21,4,0,48,0,51,38,0,89,23,72,42,0,137,0,2,2,139
07/13/2019,STT,VI,ASO,ES,Towers with Radar,24,13,5,0,42,0,39,27,0,66,24,52,32,0,108,0,0,0,108
07/14/2019,STT,VI,ASO,ES,Towers with Radar,26,12,2,0,40,0,45,15,0,60,26,57,17,0,100,18,0,18,118
07/15/2019,STT,VI,ASO,ES,Towers with Radar,23,26,2,0,51,0,54,20,0,74,23,80,22,0,125,0,0,0,125
07/16/2019,STT,VI,ASO,ES,Towers with Radar,24,22,4,0,50,0,54,25,0,79,24,76,29,0,129,0,0,0,129
07/17/2019,STT,VI,ASO,ES,Towers with Radar,21,24,4,0,49,0,56,16,0,72,21,80,20,0,121,0,0,0,121
07/18/2019,STT,VI,ASO,ES,Towers with Radar,25,26,2,0,53,0,53,28,4,85,25,79,30,4,138,0,0,0,138
07/19/2019,STT,VI,ASO,ES,Towers with Radar,23,24,4,0,51,0,55,31,0,86,23,79,35,0,137,0,0,0,137
07/20/2019,STT,VI,ASO,ES,Towers with Radar,25,11,9,0,45,0,43,22,0,65,25,54,31,0,110,12,0,12,122
07/21/2019,STT,VI,ASO,ES,Towers with Radar,24,11,6,0,41,0,48,22,0,70,24,59,28,0,111,0,0,0,111
07/22/2019,STT,VI,ASO,ES,Towers with Radar,22,23,3,0,48,0,50,12,2,64,22,73,15,2,112,4,0,4,116
07/23/2019,STT,VI,ASO,ES,Towers with Radar,21,27,7,0,55,0,42,35,0,77,21,69,42,0,132,6,0,6,138
07/24/2019,STT,VI,ASO,ES,Towers with Radar,23,21,5,0,49,0,61,17,2,80,23,82,22,2,129,0,0,0,129
07/25/2019,STT,VI,ASO,ES,Towers with Radar,22,19,1,0,42,0,62,34,4,100,22,81,35,4,142,0,0,0,142
07/26/2019,STT,VI,ASO,ES,Towers with Radar,23,23,3,0,49,0,60,34,0,94,23,83,37,0,143,0,0,0,143
07/27/2019,STT,VI,ASO,ES,Towers with Radar,26,11,6,0,43,0,37,29,0,66,26,48,35,0,109,4,0,4,113
07/28/2019,STT,VI,ASO,ES,Towers with Radar,24,16,2,0,42,0,62,20,4,86,24,78,22,4,128,0,0,0,128
07/29/2019,STT,VI,ASO,ES,Towers with Radar,22,22,9,0,53,0,59,36,0,95,22,81,45,0,148,0,0,0,148
07/30/2019,STT,VI,ASO,ES,Towers with Radar,24,29,8,0,61,0,38,16,0,54,24,67,24,0,115,8,0,8,123
07/31/2019,STT,VI,ASO,ES,Towers with Radar,21,21,1,0,43,0,38,12,2,52,21,59,13,2,95,0,0,0,95
08/01/2019,STT,VI,ASO,ES,Towers with Radar,24,20,3,0,47,0,64,46,2,112,24,84,49,2,159,2,0,2,161
08/02/2019,STT,VI,ASO,ES,Towers with Radar,21,22,7,0,50,0,61,32,0,93,21,83,39,0,143,2,0,2,145
08/03/2019,STT,VI,ASO,ES,Towers with Radar,26,12,8,0,46,0,46,26,0,72,26,58,34,0,118,4,0,4,122
08/04/2019,STT,VI,ASO,ES,Towers with Radar,25,9,4,0,38,0,57,15,2,74,25,66,19,2,112,0,0,0,112
08/05/2019,STT,VI,ASO,ES,Towers with Radar,22,27,4,1,54,0,47,22,1,70,22,74,26,2,124,0,0,0,124
08/06/2019,STT,VI,ASO,ES,Towers with Radar,23,22,4,0,49,0,63,26,1,90,23,85,30,1,139,4,0,4,143
08/07/2019,STT,VI,ASO,ES,Towers with Radar,22,20,7,0,49,0,53,22,0,75,22,73,29,0,124,0,0,0,124
08/08/2019,STT,VI,ASO,ES,Towers with Radar,24,22,6,0,52,0,48,37,0,85,24,70,43,0,137,6,0,6,143
08/09/2019,STT,VI,ASO,ES,Towers with Radar,25,22,2,0,49,0,54,23,0,77,25,76,25,0,126,0,0,0,126
08/10/2019,STT,VI,ASO,ES,Towers with Radar,26,10,2,0,38,0,57,15,0,72,26,67,17,0,110,0,0,0,110
08/11/2019,STT,VI,ASO,ES,Towers with Radar,24,9,1,0,34,0,52,12,0,64,24,61,13,0,98,0,0,0,98
08/12/2019,STT,VI,ASO,ES,Towers with Radar,22,26,2,0,50,0,55,41,0,96,22,81,43,0,146,0,0,0,146
08/13/2019,STT,VI,ASO,ES,Towers with Radar,25,31,2,0,58,0,47,31,0,78,25,78,33,0,136,4,0,4,140
08/14/2019,STT,VI,ASO,ES,Towers with Radar,22,21,0,0,43,0,49,25,4,78,22,70,25,4,121,6,0,6,127
08/15/2019,STT,VI,ASO,ES,Towers with Radar,25,22,4,0,51,0,63,34,0,97,25,85,38,0,148,6,0,6,154
08/16/2019,STT,VI,ASO,ES,Towers with Radar,22,22,0,0,44,0,63,29,0,92,22,85,29,0,136,0,0,0,136
08/17/2019,STT,VI,ASO,ES,Towers with Radar,26,12,7,1,46,0,45,26,0,71,26,57,33,1,117,0,0,0,117
08/18/2019,STT,VI,ASO,ES,Towers with Radar,24,7,3,0,34,0,50,21,1,72,24,57,24,1,106,2,0,2,108
08/19/2019,STT,VI,ASO,ES,Towers with Radar,22,25,2,0,49,0,63,30,0,93,22,88,32,0,142,4,0,4,146
08/20/2019,STT,VI,ASO,ES,Towers with Radar,16,23,1,1,41,0,48,21,0,69,16,71,22,1,110,0,0,0,110
08/21/2019,STT,VI,ASO,ES,Towers with Radar,14,19,6,0,39,0,55,18,0,73,14,74,24,0,112,22,0,22,134
08/22/2019,STT,VI,ASO,ES,Towers with Radar,18,25,2,3,48,0,61,25,5,91,18,86,27,8,139,0,0,0,139
08/23/2019,STT,VI,ASO,ES,Towers with Radar,17,20,5,0,42,0,57,25,0,82,17,77,30,0,124,0,0,0,124
08/24/2019,STT,VI,ASO,ES,Towers with Radar,20,9,10,0,39,0,48,30,0,78,20,57,40,0,117,4,0,4,121
08/25/2019,STT,VI,ASO,ES,Towers with Radar,18,9,4,0,31,0,38,22,0,60,18,47,26,0,91,0,0,0,91
08/26/2019,STT,VI,ASO,ES,Towers with Radar,17,30,1,0,48,0,54,25,3,82,17,84,26,3,130,6,0,6,136
08/27/2019,STT,VI,ASO,ES,Towers with Radar,16,21,4,0,41,0,55,31,0,86,16,76,35,0,127,0,0,0,127
08/28/2019,STT,VI,ASO,ES,Towers with Radar,2,0,5,0,7,0,0,0,0,0,2,0,5,0,7,0,0,0,7
08/29/2019,STT,VI,ASO,ES,Towers with Radar,24,13,7,0,44,0,38,31,5,74,24,51,38,5,118,0,0,0,118
08/30/2019,STT,VI,ASO,ES,Towers with Radar,17,33,5,0,55,0,93,40,0,133,17,126,45,0,188,0,4,4,192
08/31/2019,STT,VI,ASO,ES,Towers with Radar,18,11,0,0,29,0,49,13,0,62,18,60,13,0,91,0,0,0,91
09/01/2019,STT,VI,ASO,ES,Towers with Radar,12,11,3,0,26,0,40,6,0,46,12,51,9,0,72,0,0,0,72
09/02/2019,STT,VI,ASO,ES,Towers with Radar,12,16,6,0,34,0,48,21,0,69,12,64,27,0,103,0,0,0,103
09/03/2019,STT,VI,ASO,ES,Towers with Radar,6,18,1,0,25,0,53,21,0,74,6,71,22,0,99,0,0,0,99
09/04/2019,STT,VI,ASO,ES,Towers with Radar,10,21,2,0,33,0,51,16,0,67,10,72,18,0,100,5,0,5,105
09/05/2019,STT,VI,ASO,ES,Towers with Radar,12,26,6,0,44,0,47,22,2,71,12,73,28,2,115,0,0,0,115
09/06/2019,STT,VI,ASO,ES,Towers with Radar,10,22,5,2,39,0,57,30,0,87,10,79,35,2,126,0,4,4,130
09/07/2019,STT,VI,ASO,ES,Towers with Radar,19,10,6,0,35,0,35,30,2,67,19,45,36,2,102,0,0,0,102
09/08/2019,STT,VI,ASO,ES,Towers with Radar,12,8,9,0,29,0,40,15,0,55,12,48,24,0,84,0,0,0,84
09/09/2019,STT,VI,ASO,ES,Towers with Radar,10,26,4,0,40,0,49,24,0,73,10,75,28,0,113,0,0,0,113
09/10/2019,STT,VI,ASO,ES,Towers with Radar,8,23,2,0,33,0,46,21,0,67,8,69,23,0,100,0,0,0,100
09/11/2019,STT,VI,ASO,ES,Towers with Radar,7,21,3,0,31,0,46,22,0,68,7,67,25,0,99,6,0,6,105
09/12/2019,STT,VI,ASO,ES,Towers with Radar,12,22,5,0,39,0,52,27,2,81,12,74,32,2,120,0,0,0,120
09/13/2019,STT,VI,ASO,ES,Towers with Radar,10,21,2,0,33,0,53,31,2,86,10,74,33,2,119,0,0,0,119
09/14/2019,STT,VI,ASO,ES,Towers with Radar,20,11,2,0,33,0,39,23,0,62,20,50,25,0,95,6,0,6,101
09/15/2019,STT,VI,ASO,ES,Towers with Radar,12,9,3,0,24,0,33,24,0,57,12,42,27,0,81,4,0,4,85
09/16/2019,STT,VI,ASO,ES,Towers with Radar,10,30,3,0,43,0,43,17,0,60,10,73,20,0,103,0,0,0,103
09/17/2019,STT,VI,ASO,ES,Towers with Radar,8,28,3,0,39,0,48,19,0,67,8,76,22,0,106,0,0,0,106
09/18/2019,STT,VI,ASO,ES,Towers with Radar,8,23,4,0,35,0,51,28,0,79,8,74,32,0,114,0,0,0,114
09/19/2019,STT,VI,ASO,ES,Towers with Radar,12,20,9,0,41,0,60,27,1,88,12,80,36,1,129,0,0,0,129
09/20/2019,STT,VI,ASO,ES,Towers with Radar,8,19,5,0,32,0,52,10,2,64,8,71,15,2,96,0,0,0,96
09/21/2019,STT,VI,ASO,ES,Towers with Radar,20,12,3,0,35,0,34,18,2,54,20,46,21,2,89,0,0,0,89
09/22/2019,STT,VI,ASO,ES,Towers with Radar,11,11,3,0,25,0,33,12,1,46,11,44,15,1,71,0,0,0,71
09/23/2019,STT,VI,ASO,ES,Towers with Radar,11,24,8,0,43,0,53,21,2,76,11,77,29,2,119,2,0,2,121
09/24/2019,STT,VI,ASO,ES,Towers with Radar,6,0,0,0,6,0,6,0,0,6,6,6,0,0,12,2,0,2,14
09/25/2019,STT,VI,ASO,ES,Towers with Radar,8,20,8,2,38,0,47,16,1,64,8,67,24,3,102,0,0,0,102
09/26/2019,STT,VI,ASO,ES,Towers with Radar,12,23,6,1,42,0,46,20,1,67,12,69,26,2,109,7,0,7,116
09/27/2019,STT,VI,ASO,ES,Towers with Radar,10,25,1,0,36,0,51,32,7,90,10,76,33,7,126,14,4,18,144
09/28/2019,STT,VI,ASO,ES,Towers with Radar,20,12,5,0,37,0,35,9,0,44,20,47,14,0,81,2,0,2,83
09/29/2019,STT,VI,ASO,ES,Towers with Radar,12,11,0,0,23,0,42,12,0,54,12,53,12,0,77,0,0,0,77
09/30/2019,STT,VI,ASO,ES,Towers with Radar,10,25,2,0,37,0,47,14,2,63,10,72,16,2,100,0,0,0,100
10/01/2019,STT,VI,ASO,ES,Towers with Radar,8,28,2,0,38,0,44,26,2,72,8,72,28,2,110,2,0,2,112
10/02/2019,STT,VI,ASO,ES,Towers with Radar,8,19,3,0,30,0,50,15,0,65,8,69,18,0,95,0,0,0,95
10/03/2019,STT,VI,ASO,ES,Towers with Radar,12,21,6,0,39,0,59,22,3,84,12,80,28,3,123,15,0,15,138
10/04/2019,STT,VI,ASO,ES,Towers with Radar,11,24,5,0,40,0,55,23,28,106,11,79,28,28,146,2,0,2,148
10/05/2019,STT,VI,ASO,ES,Towers with Radar,22,11,3,0,36,0,37,20,0,57,22,48,23,0,93,10,0,10,103
10/06/2019,STT,VI,ASO,ES,Towers with Radar,12,9,1,0,22,0,34,11,2,47,12,43,12,2,69,0,0,0,69
10/07/2019,STT,VI,ASO,ES,Towers with Radar,8,27,4,0,39,0,54,29,0,83,8,81,33,0,122,6,0,6,128
10/08/2019,STT,VI,ASO,ES,Towers with Radar,8,19,2,0,29,0,53,27,0,80,8,72,29,0,109,0,0,0,109
10/09/2019,STT,VI,ASO,ES,Towers with Radar,8,25,0,0,33,0,39,21,0,60,8,64,21,0,93,0,0,0,93
10/10/2019,STT,VI,ASO,ES,Towers with Radar,12,22,2,0,36,0,62,25,0,87,12,84,27,0,123,0,0,0,123
10/11/2019,STT,VI,ASO,ES,Towers with Radar,10,24,1,0,35,0,60,23,0,83,10,84,24,0,118,0,0,0,118
10/12/2019,STT,VI,ASO,ES,Towers with Radar,22,12,5,0,39,0,44,27,0,71,22,56,32,0,110,0,0,0,110
10/13/2019,STT,VI,ASO,ES,Towers with Radar,12,10,4,0,26,0,37,18,0,55,12,47,22,0,81,0,0,0,81
10/14/2019,STT,VI,ASO,ES,Towers with Radar,10,24,4,0,38,0,59,28,0,87,10,83,32,0,125,20,0,20,145
10/15/2019,STT,VI,ASO,ES,Towers with Radar,11,25,2,0,38,0,53,27,3,83,11,78,29,3,121,32,0,32,153
10/16/2019,STT,VI,ASO,ES,Towers with Radar,8,22,3,0,33,0,56,18,0,74,8,78,21,0,107,24,0,24,131
10/17/2019,STT,VI,ASO,ES,Towers with Radar,12,25,2,0,39,0,48,33,2,83,12,73,35,2,122,26,0,26,148
10/18/2019,STT,VI,ASO,ES,Towers with Radar,10,28,6,0,44,0,61,45,0,106,10,89,51,0,150,42,0,42,192
10/19/2019,STT,VI,ASO,ES,Towers with Radar,22,12,3,0,37,0,46,38,0,84,22,58,41,0,121,8,0,8,129
10/20/2019,STT,VI,ASO,ES,Towers with Radar,12,10,1,0,23,0,40,18,0,58,12,50,19,0,81,0,0,0,81
10/21/2019,STT,VI,ASO,ES,Towers with Radar,10,27,4,0,41,0,60,29,0,89,10,87,33,0,130,22,0,22,152
10/22/2019,STT,VI,ASO,ES,Towers with Radar,8,26,4,0,38,0,48,10,0,58,8,74,14,0,96,12,0,12,108
10/23/2019,STT,VI,ASO,ES,Towers with Radar,8,22,2,2,34,0,50,19,0,69,8,72,21,2,103,20,0,20,123
10/24/2019,STT,VI,ASO,ES,Towers with Radar,12,28,1,0,41,0,50,30,0,80,12,78,31,0,121,0,0,0,121
10/25/2019,STT,VI,ASO,ES,Towers with Radar,11,29,3,0,43,0,55,25,0,80,11,84,28,0,123,0,0,0,123
10/26/2019,STT,VI,ASO,ES,Towers with Radar,22,12,2,2,38,0,49,25,0,74,22,61,27,2,112,12,0,12,124
10/27/2019,STT,VI,ASO,ES,Towers with Radar,13,6,2,0,21,0,43,13,0,56,13,49,15,0,77,8,0,8,85
10/28/2019,STT,VI,ASO,ES,Towers with Radar,13,25,2,0,40,0,53,32,0,85,13,78,34,0,125,0,0,0,125
10/29/2019,STT,VI,ASO,ES,Towers with Radar,10,25,2,0,37,0,47,24,0,71,10,72,26,0,108,0,0,0,108
10/30/2019,STT,VI,ASO,ES,Towers with Radar,9,21,3,0,33,0,51,18,0,69,9,72,21,0,102,40,0,40,142
10/31/2019,STT,VI,ASO,ES,Towers with Radar,13,28,5,2,48,0,46,29,0,75,13,74,34,2,123,2,0,2,125
11/01/2019,STT,VI,ASO,ES,Towers with Radar,12,29,5,0,46,0,54,34,0,88,12,83,39,0,134,22,0,22,156
11/02/2019,STT,VI,ASO,ES,Towers with Radar,26,14,2,0,42,0,49,16,0,65,26,63,18,0,107,16,0,16,123
11/03/2019,STT,VI,ASO,ES,Towers with Radar,14,11,1,0,26,0,43,28,0,71,14,54,29,0,97,12,0,12,109
11/04/2019,STT,VI,ASO,ES,Towers with Radar,14,32,4,0,50,0,58,41,0,99,14,90,45,0,149,8,0,8,157
11/05/2019,STT,VI,ASO,ES,Towers with Radar,12,20,7,0,39,0,51,15,0,66,12,71,22,0,105,24,0,24,129
11/06/2019,STT,VI,ASO,ES,Towers with Radar,12,21,5,0,38,0,61,26,1,88,12,82,31,1,126,0,0,0,126
11/07/2019,STT,VI,ASO,ES,Towers with Radar,17,21,11,0,49,0,58,46,3,107,17,79,57,3,156,20,0,20,176
11/08/2019,STT,VI,ASO,ES,Towers with Radar,14,26,9,0,49,0,59,21,0,80,14,85,30,0,129,0,0,0,129
11/09/2019,STT,VI,ASO,ES,Towers with Radar,26,10,5,0,41,0,44,31,0,75,26,54,36,0,116,26,0,26,142
11/10/2019,STT,VI,ASO,ES,Towers with Radar,18,10,7,0,35,0,47,9,0,56,18,57,16,0,91,10,0,10,101
11/11/2019,STT,VI,ASO,ES,Towers with Radar,15,15,3,0,33,0,65,33,5,103,15,80,36,5,136,6,0,6,142
11/12/2019,STT,VI,ASO,ES,Towers with Radar,12,26,6,0,44,0,58,25,0,83,12,84,31,0,127,0,0,0,127
11/13/2019,STT,VI,ASO,ES,Towers with Radar,12,21,8,0,41,0,59,28,0,87,12,80,36,0,128,6,0,6,134
11/14/2019,STT,VI,ASO,ES,Towers with Radar,16,25,0,1,42,0,54,45,2,101,16,79,45,3,143,17,0,17,160
11/15/2019,STT,VI,ASO,ES,Towers with Radar,14,27,12,0,53,0,55,40,2,97,14,82,52,2,150,22,0,22,172
11/16/2019,STT,VI,ASO,ES,Towers with Radar,28,14,5,0,47,0,35,16,0,51,28,49,21,0,98,16,0,16,114
11/17/2019,STT,VI,ASO,ES,Towers with Radar,16,15,2,0,33,0,47,22,0,69,16,62,24,0,102,26,0,26,128
11/18/2019,STT,VI,ASO,ES,Towers with Radar,13,24,2,0,39,0,71,34,0,105,13,95,36,0,144,24,0,24,168
11/19/2019,STT,VI,ASO,ES,Towers with Radar,14,25,4,1,44,0,47,41,1,89,14,72,45,2,133,0,0,0,133
11/20/2019,STT,VI,ASO,ES,Towers with Radar,15,19,7,0,41,0,59,19,2,80,15,78,26,2,121,32,0,32,153
11/21/2019,STT,VI,ASO,ES,Towers with Radar,22,29,1,0,52,0,67,30,0,97,22,96,31,0,149,18,0,18,167
11/22/2019,STT,VI,ASO,ES,Towers with Radar,19,26,1,0,46,0,63,37,0,100,19,89,38,0,146,0,0,0,146
11/23/2019,STT,VI,ASO,ES,Towers with Radar,31,19,7,0,57,0,40,31,2,73,31,59,38,2,130,0,0,0,130
11/24/2019,STT,VI,ASO,ES,Towers with Radar,24,14,4,0,42,0,38,23,0,61,24,52,27,0,103,2,0,2,105
11/25/2019,STT,VI,ASO,ES,Towers with Radar,22,30,3,0,55,0,52,33,0,85,22,82,36,0,140,4,0,4,144
11/26/2019,STT,VI,ASO,ES,Towers with Radar,23,26,10,0,59,0,55,43,3,101,23,81,53,3,160,26,0,26,186
11/27/2019,STT,VI,ASO,ES,Towers with Radar,18,25,4,0,47,0,57,45,2,104,18,82,49,2,151,0,0,0,151
11/28/2019,STT,VI,ASO,ES,Towers with Radar,18,11,0,0,29,0,41,21,1,63,18,52,21,1,92,12,0,12,104
11/29/2019,STT,VI,ASO,ES,Towers with Radar,21,21,4,0,46,0,50,25,1,76,21,71,29,1,122,0,0,0,122
11/30/2019,STT,VI,ASO,ES,Towers with Radar,31,16,5,0,52,0,51,20,0,71,31,67,25,0,123,10,0,10,133
12/01/2019,STT,VI,ASO,ES,Towers with Radar,26,18,9,0,53,0,52,39,0,91,26,70,48,0,144,0,0,0,144
12/02/2019,STT,VI,ASO,ES,Towers with Radar,22,28,6,0,56,0,59,32,0,91,22,87,38,0,147,0,0,0,147
12/03/2019,STT,VI,ASO,ES,Towers with Radar,20,36,6,0,62,0,54,18,1,73,20,90,24,1,135,24,0,24,159
12/04/2019,STT,VI,ASO,ES,Towers with Radar,14,23,6,0,43,0,76,30,0,106,14,99,36,0,149,23,0,23,172
12/05/2019,STT,VI,ASO,ES,Towers with Radar,16,36,10,0,62,0,64,35,0,99,16,100,45,0,161,32,0,32,193
12/06/2019,STT,VI,ASO,ES,Towers with Radar,15,23,0,0,38,0,72,49,0,121,15,95,49,0,159,47,0,47,206
12/07/2019,STT,VI,ASO,ES,Towers with Radar,35,15,4,0,54,0,49,22,0,71,35,64,26,0,125,6,0,6,131
12/08/2019,STT,VI,ASO,ES,Towers with Radar,20,12,8,0,40,0,45,27,0,72,20,57,35,0,112,0,0,0,112
12/09/2019,STT,VI,ASO,ES,Towers with Radar,16,30,10,0,56,0,69,36,4,109,16,99,46,4,165,22,0,22,187
12/10/2019,STT,VI,ASO,ES,Towers with Radar,16,26,10,0,52,0,42,32,0,74,16,68,42,0,126,0,0,0,126
12/11/2019,STT,VI,ASO,ES,Towers with Radar,14,22,14,0,50,0,67,27,0,94,14,89,41,0,144,0,0,0,144
12/12/2019,STT,VI,ASO,ES,Towers with Radar,17,28,12,0,57,0,49,36,3,88,17,77,48,3,145,8,0,8,153
12/13/2019,STT,VI,ASO,ES,Towers with Radar,16,36,8,0,60,0,58,23,2,83,16,94,31,2,143,0,0,0,143
12/14/2019,STT,VI,ASO,ES,Towers with Radar,34,20,5,0,59,0,52,28,0,80,34,72,33,0,139,0,0,0,139
12/15/2019,STT,VI,ASO,ES,Towers with Radar,20,13,11,0,44,0,40,25,0,65,20,53,36,0,109,0,0,0,109
12/16/2019,STT,VI,ASO,ES,Towers with Radar,16,44,9,0,69,0,54,33,1,88,16,98,42,1,157,0,0,0,157
12/17/2019,STT,VI,ASO,ES,Towers with Radar,16,24,5,0,45,0,45,25,0,70,16,69,30,0,115,0,0,0,115
12/18/2019,STT,VI,ASO,ES,Towers with Radar,18,22,1,0,41,0,51,39,2,92,18,73,40,2,133,4,0,4,137
12/19/2019,STT,VI,ASO,ES,Towers with Radar,25,28,5,0,58,0,61,41,4,106,25,89,46,4,164,0,0,0,164
12/20/2019,STT,VI,ASO,ES,Towers with Radar,28,29,19,0,76,0,63,38,2,103,28,92,57,2,179,3,0,3,182
12/21/2019,STT,VI,ASO,ES,Towers with Radar,38,27,8,0,73,0,59,38,0,97,38,86,46,0,170,0,0,0,170
12/22/2019,STT,VI,ASO,ES,Towers with Radar,27,15,10,0,52,0,53,33,0,86,27,68,43,0,138,0,0,0,138
12/23/2019,STT,VI,ASO,ES,Towers with Radar,30,29,6,0,65,0,58,33,0,91,30,87,39,0,156,0,0,0,156
12/24/2019,STT,VI,ASO,ES,Towers with Radar,28,19,4,0,51,0,55,23,0,78,28,74,27,0,129,0,0,0,129
12/25/2019,STT,VI,ASO,ES,Towers with Radar,26,12,7,0,45,0,43,8,0,51,26,55,15,0,96,0,0,0,96
12/26/2019,STT,VI,ASO,ES,Towers with Radar,34,34,25,0,93,0,57,18,0,75,34,91,43,0,168,0,0,0,168
12/27/2019,STT,VI,ASO,ES,Towers with Radar,26,35,19,0,80,0,103,53,0,156,26,138,72,0,236,0,0,0,236
12/28/2019,STT,VI,ASO,ES,Towers with Radar,39,26,21,0,86,0,59,22,0,81,39,85,43,0,167,0,0,0,167
12/29/2019,STT,VI,ASO,ES,Towers with Radar,28,14,10,0,52,0,48,31,0,79,28,62,41,0,131,0,0,0,131
12/30/2019,STT,VI,ASO,ES,Towers with Radar,27,34,4,0,65,0,60,26,3,89,27,94,30,3,154,0,0,0,154
12/31/2019,STT,VI,ASO,ES,Towers with Radar,28,24,5,0,57,0,64,30,0,94,28,88,35,0,151,0,0,0,151
01/01/2020,STT,VI,ASO,ES,Towers with Radar,26,20,11,0,57,0,42,18,0,60,26,62,29,0,117,0,0,0,117
01/02/2020,STT,VI,ASO,ES,Towers with Radar,28,27,13,0,68,0,60,42,4,106,28,87,55,4,174,0,0,0,174
01/03/2020,STT,VI,ASO,ES,Towers with Radar,27,42,10,0,79,0,69,37,0,106,27,111,47,0,185,0,0,0,185
01/04/2020,STT,VI,ASO,ES,Towers with Radar,37,28,21,0,86,0,57,60,0,117,37,85,81,0,203,14,0,14,217
01/05/2020,STT,VI,ASO,ES,Towers with Radar,28,19,23,0,70,0,51,47,0,98,28,70,70,0,168,0,0,0,168
01/06/2020,STT,VI,ASO,ES,Towers with Radar,26,26,8,0,60,0,66,42,0,108,26,92,50,0,168,0,0,0,168
01/07/2020,STT,VI,ASO,ES,Towers with Radar,22,21,9,0,52,0,62,28,0,90,22,83,37,0,142,0,0,0,142
01/08/2020,STT,VI,ASO,ES,Towers with Radar,22,23,5,0,50,0,57,20,2,79,22,80,25,2,129,0,0,0,129
01/09/2020,STT,VI,ASO,ES,Towers with Radar,29,26,7,0,62,0,41,47,0,88,29,67,54,0,150,26,0,26,176
01/10/2020,STT,VI,ASO,ES,Towers with Radar,27,30,3,0,60,0,64,29,0,93,27,94,32,0,153,0,0,0,153
01/11/2020,STT,VI,ASO,ES,Towers with Radar,40,18,4,0,62,0,51,33,0,84,40,69,37,0,146,0,0,0,146
01/12/2020,STT,VI,ASO,ES,Towers with Radar,28,21,5,0,54,0,57,32,0,89,28,78,37,0,143,0,0,0,143
01/13/2020,STT,VI,ASO,ES,Towers with Radar,29,25,11,0,65,0,53,35,0,88,29,78,46,0,153,0,0,0,153
01/14/2020,STT,VI,ASO,ES,Towers with Radar,22,23,6,0,51,0,61,27,0,88,22,84,33,0,139,14,0,14,153
01/15/2020,STT,VI,ASO,ES,Towers with Radar,22,28,3,0,53,0,56,23,3,82,22,84,26,3,135,22,0,22,157
01/16/2020,STT,VI,ASO,ES,Towers with Radar,30,26,4,0,60,0,57,95,0,152,30,83,99,0,212,0,0,0,212
01/17/2020,STT,VI,ASO,ES,Towers with Radar,26,35,16,0,77,0,71,66,1,138,26,106,82,1,215,44,0,44,259
01/18/2020,STT,VI,ASO,ES,Towers with Radar,38,14,7,0,59,0,75,39,0,114,38,89,46,0,173,24,0,24,197
01/19/2020,STT,VI,ASO,ES,Towers with Radar,28,16,9,0,53,0,62,29,0,91,28,78,38,0,144,0,0,0,144
01/20/2020,STT,VI,ASO,ES,Towers with Radar,30,25,11,0,66,0,63,51,0,114,30,88,62,0,180,0,0,0,180
01/21/2020,STT,VI,ASO,ES,Towers with Radar,23,24,5,0,52,0,71,17,0,88,23,95,22,0,140,26,0,26,166
01/22/2020,STT,VI,ASO,ES,Towers with Radar,22,18,11,0,51,0,73,21,0,94,22,91,32,0,145,22,0,22,167
01/23/2020,STT,VI,ASO,ES,Towers with Radar,30,22,7,0,59,0,64,33,0,97,30,86,40,0,156,0,0,0,156
01/24/2020,STT,VI,ASO,ES,Towers with Radar,27,45,13,0,85,0,66,47,0,113,27,111,60,0,198,0,0,0,198
01/25/2020,STT,VI,ASO,ES,Towers with Radar,33,15,9,0,57,0,50,53,0,103,33,65,62,0,160,0,0,0,160
01/26/2020,STT,VI,ASO,ES,Towers with Radar,29,14,7,0,50,0,44,21,0,65,29,58,28,0,115,0,0,0,115
01/27/2020,STT,VI,ASO,ES,Towers with Radar,27,33,4,0,64,0,72,16,1,89,27,105,20,1,153,0,0,0,153
01/28/2020,STT,VI,ASO,ES,Towers with Radar,23,28,7,0,58,0,62,27,0,89,23,90,34,0,147,0,0,0,147
01/29/2020,STT,VI,ASO,ES,Towers with Radar,22,25,5,1,53,0,62,30,0,92,22,87,35,1,145,0,6,6,151
01/30/2020,STT,VI,ASO,ES,Towers with Radar,30,30,11,0,71,0,57,28,1,86,30,87,39,1,157,2,0,2,159
01/31/2020,STT,VI,ASO,ES,Towers with Radar,28,22,6,0,56,0,68,26,0,94,28,90,32,0,150,16,0,16,166
02/01/2020,STT,VI,ASO,ES,Towers with Radar,38,16,9,0,63,0,47,44,0,91,38,63,53,0,154,26,0,26,180
02/02/2020,STT,VI,ASO,ES,Towers with Radar,28,8,6,0,42,0,51,33,1,85,28,59,39,1,127,0,0,0,127
02/03/2020,STT,VI,ASO,ES,Towers with Radar,27,24,11,0,62,0,62,31,2,95,27,86,42,2,157,56,0,56,213
02/04/2020,STT,VI,ASO,ES,Towers with Radar,22,22,5,0,49,0,48,35,0,83,22,70,40,0,132,54,0,54,186
02/05/2020,STT,VI,ASO,ES,Towers with Radar,22,27,6,1,56,0,50,37,1,88,22,77,43,2,144,1,0,1,145
02/06/2020,STT,VI,ASO,ES,Towers with Radar,28,25,11,0,64,0,55,30,0,85,28,80,41,0,149,0,0,0,149
02/07/2020,STT,VI,ASO,ES,Towers with Radar,27,35,13,0,75,0,66,41,0,107,27,101,54,0,182,0,0,0,182
02/08/2020,STT,VI,ASO,ES,Towers with Radar,38,20,6,0,64,0,47,35,0,82,38,67,41,0,146,0,0,0,146
02/09/2020,STT,VI,ASO,ES,Towers with Radar,28,15,4,0,47,0,65,37,0,102,28,80,41,0,149,4,0,4,153
02/10/2020,STT,VI,ASO,ES,Towers with Radar,44,28,8,1,81,0,87,44,1,132,44,115,52,2,213,24,0,24,237
02/11/2020,STT,VI,ASO,ES,Towers with Radar,23,19,0,0,42,0,48,26,1,75,23,67,26,1,117,0,0,0,117
02/12/2020,STT,VI,ASO,ES,Towers with Radar,22,22,5,1,50,0,57,29,0,86,22,79,34,1,136,0,2,2,138
02/13/2020,STT,VI,ASO,ES,Towers with Radar,32,25,1,0,58,0,64,26,2,92,32,89,27,2,150,12,0,12,162
02/14/2020,STT,VI,ASO,ES,Towers with Radar,29,26,12,0,67,0,86,42,0,128,29,112,54,0,195,18,0,18,213
02/15/2020,STT,VI,ASO,ES,Towers with Radar,42,17,8,0,67,0,53,28,0,81,42,70,36,0,148,12,0,12,160
02/16/2020,STT,VI,ASO,ES,Towers with Radar,29,12,5,0,46,0,52,30,0,82,29,64,35,0,128,8,0,8,136
02/17/2020,STT,VI,ASO,ES,Towers with Radar,29,23,3,0,55,0,75,38,0,113,29,98,41,0,168,12,0,12,180
02/18/2020,STT,VI,ASO,ES,Towers with Radar,27,27,12,0,66,0,79,28,0,107,27,106,40,0,173,10,0,10,183
02/19/2020,STT,VI,ASO,ES,Towers with Radar,23,24,6,0,53,0,60,30,5,95,23,84,36,5,148,0,0,0,148
02/20/2020,STT,VI,ASO,ES,Towers with Radar,33,24,7,0,64,0,73,40,3,116,33,97,47,3,180,6,0,6,186
02/21/2020,STT,VI,ASO,ES,Towers with Radar,29,31,7,0,67,0,55,33,0,88,29,86,40,0,155,42,0,42,197
02/22/2020,STT,VI,ASO,ES,Towers with Radar,39,18,14,0,71,0,49,32,0,81,39,67,46,0,152,20,0,20,172
02/23/2020,STT,VI,ASO,ES,Towers with Radar,30,11,13,0,54,0,44,32,0,76,30,55,45,0,130,2,0,2,132
02/24/2020,STT,VI,ASO,ES,Towers with Radar,29,32,9,0,70,0,69,39,2,110,29,101,48,2,180,2,0,2,182
02/25/2020,STT,VI,ASO,ES,Towers with Radar,27,38,11,1,77,0,63,17,0,80,27,101,28,1,157,6,0,6,163
02/26/2020,STT,VI,ASO,ES,Towers with Radar,26,31,4,0,61,0,51,29,0,80,26,82,33,0,141,22,0,22,163
02/27/2020,STT,VI,ASO,ES,Towers with Radar,34,26,16,0,76,0,67,37,0,104,34,93,53,0,180,0,0,0,180
02/28/2020,STT,VI,ASO,ES,Towers with Radar,28,30,10,0,68,0,69,37,2,108,28,99,47,2,176,0,0,0,176
02/29/2020,STT,VI,ASO,ES,Towers with Radar,41,18,7,0,66,0,60,29,2,91,41,78,36,2,157,2,0,2,159
03/01/2020,STT,VI,ASO,ES,Towers with Radar,30,11,9,0,50,0,60,24,0,84,30,71,33,0,134,32,0,32,166
03/02/2020,STT,VI,ASO,ES,Towers with Radar,29,24,11,0,64,0,62,22,0,84,29,86,33,0,148,16,0,16,164
03/03/2020,STT,VI,ASO,ES,Towers with Radar,28,21,5,0,54,0,52,31,0,83,28,73,36,0,137,12,0,12,149
03/04/2020,STT,VI,ASO,ES,Towers with Radar,26,25,6,0,57,0,62,30,0,92,26,87,36,0,149,8,0,8,157
03/05/2020,STT,VI,ASO,ES,Towers with Radar,30,30,7,0,67,0,61,36,0,97,30,91,43,0,164,0,0,0,164
03/06/2020,STT,VI,ASO,ES,Towers with Radar,28,28,9,0,65,0,59,25,0,84,28,87,34,0,149,0,0,0,149
03/07/2020,STT,VI,ASO,ES,Towers with Radar,40,18,3,0,61,0,52,37,0,89,40,70,40,0,150,0,0,0,150
03/08/2020,STT,VI,ASO,ES,Towers with Radar,30,18,13,0,61,0,43,33,0,76,30,61,46,0,137,18,0,18,155
03/09/2020,STT,VI,ASO,ES,Towers with Radar,30,43,4,0,77,0,54,22,0,76,30,97,26,0,153,2,0,2,155
03/10/2020,STT,VI,ASO,ES,Towers with Radar,26,26,4,0,56,0,53,20,0,73,26,79,24,0,129,0,0,0,129
03/11/2020,STT,VI,ASO,ES,Towers with Radar,27,26,8,0,61,0,62,33,0,95,27,88,41,0,156,2,0,2,158
03/12/2020,STT,VI,ASO,ES,Towers with Radar,30,26,5,0,61,0,57,35,0,92,30,83,40,0,153,0,0,0,153
03/13/2020,STT,VI,ASO,ES,Towers with Radar,27,43,7,0,77,0,76,35,0,111,27,119,42,0,188,6,0,6,194
03/14/2020,STT,VI,ASO,ES,Towers with Radar,38,28,16,0,82,0,43,37,0,80,38,71,53,0,162,2,0,2,164
03/15/2020,STT,VI,ASO,ES,Towers with Radar,30,21,6,0,57,0,61,27,0,88,30,82,33,0,145,0,0,0,145
03/16/2020,STT,VI,ASO,ES,Towers with Radar,28,31,12,0,71,0,61,26,0,87,28,92,38,0,158,0,0,0,158
03/17/2020,STT,VI,ASO,ES,Towers with Radar,30,34,9,0,73,0,42,21,0,63,30,76,30,0,136,0,0,0,136
03/18/2020,STT,VI,ASO,ES,Towers with Radar,30,26,8,0,64,0,35,22,0,57,30,61,30,0,121,0,0,0,121
03/19/2020,STT,VI,ASO,ES,Towers with Radar,34,26,11,0,71,0,40,24,0,64,34,66,35,0,135,0,0,0,135
03/20/2020,STT,VI,ASO,ES,Towers with Radar,30,37,5,0,72,0,52,17,0,69,30,89,22,0,141,0,0,0,141
03/21/2020,STT,VI,ASO,ES,Towers with Radar,38,21,9,0,68,0,32,8,0,40,38,53,17,0,108,0,0,0,108
03/22/2020,STT,VI,ASO,ES,Towers with Radar,30,14,4,0,48,0,16,14,0,30,30,30,18,0,78,0,0,0,78
03/23/2020,STT,VI,ASO,ES,Towers with Radar,24,27,3,0,54,0,16,12,0,28,24,43,15,0,82,4,0,4,86
03/24/2020,STT,VI,ASO,ES,Towers with Radar,23,28,9,0,60,0,17,9,0,26,23,45,18,0,86,0,0,0,86
03/25/2020,STT,VI,ASO,ES,Towers with Radar,12,17,1,0,30,0,28,9,0,37,12,45,10,0,67,0,0,0,67
03/26/2020,STT,VI,ASO,ES,Towers with Radar,14,22,3,0,39,0,24,19,0,43,14,46,22,0,82,8,0,8,90
03/27/2020,STT,VI,ASO,ES,Towers with Radar,10,23,2,0,35,0,24,12,0,36,10,47,14,0,71,6,0,6,77
03/28/2020,STT,VI,ASO,ES,Towers with Radar,10,10,3,0,23,0,9,7,0,16,10,19,10,0,39,0,0,0,39
03/29/2020,STT,VI,ASO,ES,Towers with Radar,10,6,0,0,16,0,15,4,0,19,10,21,4,0,35,0,0,0,35
03/30/2020,STT,VI,ASO,ES,Towers with Radar,8,16,2,0,26,0,15,5,0,20,8,31,7,0,46,0,0,0,46
03/31/2020,STT,VI,ASO,ES,Towers with Radar,8,16,4,0,28,0,21,8,0,29,8,37,12,0,57,0,0,0,57
04/01/2020,STT,VI,ASO,ES,Towers with Radar,10,13,0,0,23,0,21,13,0,34,10,34,13,0,57,2,0,2,59
04/02/2020,STT,VI,ASO,ES,Towers with Radar,10,15,4,0,29,0,20,11,0,31,10,35,15,0,60,2,0,2,62
04/03/2020,STT,VI,ASO,ES,Towers with Radar,10,16,0,0,26,0,26,14,0,40,10,42,14,0,66,0,2,2,68
04/04/2020,STT,VI,ASO,ES,Towers with Radar,8,6,3,0,17,1,12,4,0,17,9,18,7,0,34,0,0,0,34
04/05/2020,STT,VI,ASO,ES,Towers with Radar,11,8,3,0,22,0,8,3,0,11,11,16,6,0,33,12,0,12,45
04/06/2020,STT,VI,ASO,ES,Towers with Radar,6,18,0,0,24,0,13,8,0,21,6,31,8,0,45,12,0,12,57
04/07/2020,STT,VI,ASO,ES,Towers with Radar,8,21,2,0,31,0,30,17,0,47,8,51,19,0,78,12,0,12,90
04/08/2020,STT,VI,ASO,ES,Towers with Radar,6,22,1,0,29,0,18,6,0,24,6,40,7,0,53,0,0,0,53
04/09/2020,STT,VI,ASO,ES,Towers with Radar,4,15,0,0,19,0,24,12,0,36,4,39,12,0,55,22,0,22,77
04/10/2020,STT,VI,ASO,ES,Towers with Radar,6,5,0,0,11,0,12,8,0,20,6,17,8,0,31,0,0,0,31
04/11/2020,STT,VI,ASO,ES,Towers with Radar,8,2,0,0,10,0,17,0,0,17,8,19,0,0,27,0,0,0,27
04/12/2020,STT,VI,ASO,ES,Towers with Radar,8,3,1,0,12,0,10,4,0,14,8,13,5,0,26,6,0,6,32
04/13/2020,STT,VI,ASO,ES,Towers with Radar,4,15,7,0,26,0,15,4,0,19,4,30,11,0,45,0,0,0,45
04/14/2020,STT,VI,ASO,ES,Towers with Radar,4,6,0,0,10,0,16,15,0,31,4,22,15,0,41,12,0,12,53
04/15/2020,STT,VI,ASO,ES,Towers with Radar,4,9,1,0,14,0,20,8,0,28,4,29,9,0,42,0,0,0,42
04/16/2020,STT,VI,ASO,ES,Towers with Radar,4,11,1,0,16,0,22,8,0,30,4,33,9,0,46,10,0,10,56
04/17/2020,STT,VI,ASO,ES,Towers with Radar,2,10,3,0,15,0,30,18,0,48,2,40,21,0,63,22,0,22,85
04/18/2020,STT,VI,ASO,ES,Towers with Radar,4,5,5,0,14,0,11,4,0,15,4,16,9,0,29,18,0,18,47
04/19/2020,STT,VI,ASO,ES,Towers with Radar,4,5,5,0,14,0,12,8,0,20,4,17,13,0,34,0,0,0,34
04/20/2020,STT,VI,ASO,ES,Towers with Radar,4,13,0,0,17,0,19,14,0,33,4,32,14,0,50,9,0,9,59
04/21/2020,STT,VI,ASO,ES,Towers with Radar,2,10,0,0,12,0,17,20,0,37,2,27,20,0,49,40,0,40,89
04/22/2020,STT,VI,ASO,ES,Towers with Radar,4,10,2,0,16,0,15,16,1,32,4,25,18,1,48,12,0,12,60
04/23/2020,STT,VI,ASO,ES,Towers with Radar,4,14,1,0,19,0,17,10,2,29,4,31,11,2,48,34,0,34,82
04/24/2020,STT,VI,ASO,ES,Towers with Radar,4,13,3,0,20,0,20,17,0,37,4,33,20,0,57,18,0,18,75
04/25/2020,STT,VI,ASO,ES,Towers with Radar,6,7,2,0,15,0,12,8,0,20,6,19,10,0,35,2,0,2,37
04/26/2020,STT,VI,ASO,ES,Towers with Radar,6,2,1,0,9,0,16,4,0,20,6,18,5,0,29,0,0,0,29
04/27/2020,STT,VI,ASO,ES,Towers with Radar,2,12,2,0,16,0,17,10,0,27,2,29,12,0,43,8,0,8,51
04/28/2020,STT,VI,ASO,ES,Towers with Radar,4,9,2,0,15,0,21,9,4,34,4,30,11,4,49,0,0,0,49
04/29/2020,STT,VI,ASO,ES,Towers with Radar,4,10,7,0,21,0,20,20,0,40,4,30,27,0,61,14,0,14,75
04/30/2020,STT,VI,ASO,ES,Towers with Radar,4,15,0,0,19,0,25,14,0,39,4,40,14,0,58,28,0,28,86
05/01/2020,STT,VI,ASO,ES,Towers with Radar,4,10,6,0,20,0,23,14,2,39,4,33,20,2,59,22,0,22,81
05/02/2020,STT,VI,ASO,ES,Towers with Radar,8,4,5,0,17,0,16,11,0,27,8,20,16,0,44,10,0,10,54
05/03/2020,STT,VI,ASO,ES,Towers with Radar,4,1,0,0,5,0,21,9,0,30,4,22,9,0,35,14,0,14,49
05/04/2020,STT,VI,ASO,ES,Towers with Radar,6,15,6,0,27,0,16,17,0,33,6,31,23,0,60,34,0,34,94
05/05/2020,STT,VI,ASO,ES,Towers with Radar,3,13,2,0,18,0,21,21,4,46,3,34,23,4,64,7,0,7,71
05/06/2020,STT,VI,ASO,ES,Towers with Radar,0,17,2,0,19,0,21,22,0,43,0,38,24,0,62,26,0,26,88
05/07/2020,STT,VI,ASO,ES,Towers with Radar,5,21,12,1,39,0,18,8,0,26,5,39,20,1,65,0,0,0,65
05/08/2020,STT,VI,ASO,ES,Towers with Radar,8,19,2,0,29,0,24,12,0,36,8,43,14,0,65,6,0,6,71
05/09/2020,STT,VI,ASO,ES,Towers with Radar,13,4,0,0,17,0,15,17,0,32,13,19,17,0,49,0,0,0,49
05/10/2020,STT,VI,ASO,ES,Towers with Radar,8,3,3,0,14,0,19,0,0,19,8,22,3,0,33,0,0,0,33
05/11/2020,STT,VI,ASO,ES,Towers with Radar,6,18,3,0,27,0,16,20,0,36,6,34,23,0,63,4,0,4,67
05/12/2020,STT,VI,ASO,ES,Towers with Radar,2,14,7,0,23,0,27,20,0,47,2,41,27,0,70,12,0,12,82
05/13/2020,STT,VI,ASO,ES,Towers with Radar,2,13,3,0,18,0,24,12,0,36,2,37,15,0,54,0,0,0,54
05/14/2020,STT,VI,ASO,ES,Towers with Radar,4,19,2,0,25,0,21,16,0,37,4,40,18,0,62,0,0,0,62
05/15/2020,STT,VI,ASO,ES,Towers with Radar,8,19,3,0,30,0,23,14,0,37,8,42,17,0,67,2,0,2,69
05/16/2020,STT,VI,ASO,ES,Towers with Radar,13,4,4,0,21,0,16,14,0,30,13,20,18,0,51,16,0,16,67
05/17/2020,STT,VI,ASO,ES,Towers with Radar,8,3,2,0,13,0,17,10,1,28,8,20,12,1,41,2,0,2,43
05/18/2020,STT,VI,ASO,ES,Towers with Radar,6,15,2,0,23,0,16,22,0,38,6,31,24,0,61,0,0,0,61
05/19/2020,STT,VI,ASO,ES,Towers with Radar,2,16,4,0,22,0,25,19,0,44,2,41,23,0,66,28,0,28,94
05/20/2020,STT,VI,ASO,ES,Towers with Radar,2,17,4,0,23,0,29,15,0,44,2,46,19,0,67,46,0,46,113
05/21/2020,STT,VI,ASO,ES,Towers with Radar,3,22,4,0,29,0,21,13,0,34,3,43,17,0,63,26,0,26,89
05/22/2020,STT,VI,ASO,ES,Towers with Radar,8,22,2,0,32,0,32,10,0,42,8,54,12,0,74,0,0,0,74
05/23/2020,STT,VI,ASO,ES,Towers with Radar,12,5,6,0,23,0,27,17,0,44,12,32,23,0,67,16,0,16,83
05/24/2020,STT,VI,ASO,ES,Towers with Radar,8,6,7,0,21,0,18,10,0,28,8,24,17,0,49,22,0,22,71
05/25/2020,STT,VI,ASO,ES,Towers with Radar,6,8,2,0,16,0,21,18,0,39,6,29,20,0,55,24,0,24,79
05/26/2020,STT,VI,ASO,ES,Towers with Radar,2,13,5,0,20,0,41,26,0,67,2,54,31,0,87,6,0,6,93
05/27/2020,STT,VI,ASO,ES,Towers with Radar,2,17,6,0,25,0,35,12,0,47,2,52,18,0,72,20,0,20,92
05/28/2020,STT,VI,ASO,ES,Towers with Radar,4,25,10,0,39,0,27,9,0,36,4,52,19,0,75,0,0,0,75
05/29/2020,STT,VI,ASO,ES,Towers with Radar,8,16,2,0,26,0,36,17,0,53,8,52,19,0,79,24,0,24,103
05/30/2020,STT,VI,ASO,ES,Towers with Radar,13,6,13,0,32,0,29,8,0,37,13,35,21,0,69,14,0,14,83
05/31/2020,STT,VI,ASO,ES,Towers with Radar,8,8,10,0,26,0,32,12,0,44,8,40,22,0,70,4,0,4,74
06/01/2020,STT,VI,ASO,ES,Towers with Radar,8,17,8,0,33,0,27,14,0,41,8,44,22,0,74,32,0,32,106
06/02/2020,STT,VI,ASO,ES,Towers with Radar,2,23,8,0,33,0,43,20,0,63,2,66,28,0,96,34,0,34,130
06/03/2020,STT,VI,ASO,ES,Towers with Radar,4,16,5,0,25,0,53,25,0,78,4,69,30,0,103,48,0,48,151
06/04/2020,STT,VI,ASO,ES,Towers with Radar,6,22,8,2,38,0,48,32,0,80,6,70,40,2,118,8,0,8,126
06/05/2020,STT,VI,ASO,ES,Towers with Radar,14,19,4,0,37,0,44,28,0,72,14,63,32,0,109,24,0,24,133
06/06/2020,STT,VI,ASO,ES,Towers with Radar,16,13,7,0,36,0,40,29,0,69,16,53,36,0,105,19,0,19,124
06/07/2020,STT,VI,ASO,ES,Towers with Radar,12,5,13,0,30,0,25,17,0,42,12,30,30,0,72,0,0,0,72
06/08/2020,STT,VI,ASO,ES,Towers with Radar,10,14,4,0,28,0,35,28,0,63,10,49,32,0,91,88,0,88,179
06/09/2020,STT,VI,ASO,ES,Towers with Radar,6,15,7,0,28,0,36,27,0,63,6,51,34,0,91,64,0,64,155
06/10/2020,STT,VI,ASO,ES,Towers with Radar,5,16,4,0,25,0,55,18,0,73,5,71,22,0,98,56,2,58,156
06/11/2020,STT,VI,ASO,ES,Towers with Radar,6,23,5,0,34,0,39,19,0,58,6,62,24,0,92,16,0,16,108
06/12/2020,STT,VI,ASO,ES,Towers with Radar,10,20,4,0,34,0,46,23,0,69,10,66,27,0,103,38,0,38,141
06/13/2020,STT,VI,ASO,ES,Towers with Radar,18,8,11,0,37,0,46,16,0,62,18,54,27,0,99,24,0,24,123
06/14/2020,STT,VI,ASO,ES,Towers with Radar,10,4,10,0,24,0,51,11,0,62,10,55,21,0,86,0,0,0,86
06/15/2020,STT,VI,ASO,ES,Towers with Radar,8,17,12,0,37,0,41,21,0,62,8,58,33,0,99,10,0,10,109
06/16/2020,STT,VI,ASO,ES,Towers with Radar,5,13,5,0,23,0,48,20,0,68,5,61,25,0,91,30,0,30,121
06/17/2020,STT,VI,ASO,ES,Towers with Radar,4,13,3,1,21,0,56,22,0,78,4,69,25,1,99,14,2,16,115
06/18/2020,STT,VI,ASO,ES,Towers with Radar,6,18,7,1,32,0,64,40,1,105,6,82,47,2,137,20,2,22,159
06/19/2020,STT,VI,ASO,ES,Towers with Radar,10,18,14,0,42,0,75,21,0,96,10,93,35,0,138,66,0,66,204
06/20/2020,STT,VI,ASO,ES,Towers with Radar,18,6,10,0,34,0,51,23,0,74,18,57,33,0,108,22,0,22,130
06/21/2020,STT,VI,ASO,ES,Towers with Radar,10,9,11,0,30,0,50,25,0,75,10,59,36,0,105,18,0,18,123
06/22/2020,STT,VI,ASO,ES,Towers with Radar,8,26,13,0,47,0,52,28,0,80,8,78,41,0,127,4,0,4,131
06/23/2020,STT,VI,ASO,ES,Towers with Radar,6,34,18,0,58,0,21,5,0,26,6,55,23,0,84,0,0,0,84
06/24/2020,STT,VI,ASO,ES,Towers with Radar,4,20,5,0,29,0,40,17,0,57,4,60,22,0,86,0,0,0,86
06/25/2020,STT,VI,ASO,ES,Towers with Radar,6,17,6,0,29,0,52,33,0,85,6,69,39,0,114,32,0,32,146
06/26/2020,STT,VI,ASO,ES,Towers with Radar,12,20,9,0,41,0,63,21,0,84,12,83,30,0,125,51,0,51,176
06/27/2020,STT,VI,ASO,ES,Towers with Radar,18,9,9,0,36,0,44,11,0,55,18,53,20,0,91,10,0,10,101
06/28/2020,STT,VI,ASO,ES,Towers with Radar,12,5,4,0,21,0,50,19,0,69,12,55,23,0,90,28,0,28,118
06/29/2020,STT,VI,ASO,ES,Towers with Radar,8,17,19,0,44,0,45,23,0,68,8,62,42,0,112,32,0,32,144
06/30/2020,STT,VI,ASO,ES,Towers with Radar,5,13,10,0,28,0,42,21,2,65,5,55,31,2,93,4,0,4,97
07/01/2020,STT,VI,ASO,ES,Towers with Radar,14,11,13,0,38,0,51,26,0,77,14,62,39,0,115,0,0,0,115
07/02/2020,STT,VI,ASO,ES,Towers with Radar,19,20,13,0,52,0,50,34,0,84,19,70,47,0,136,50,0,50,186
07/03/2020,STT,VI,ASO,ES,Towers with Radar,24,11,9,0,44,0,46,32,0,78,24,57,41,0,122,48,0,48,170
07/04/2020,STT,VI,ASO,ES,Towers with Radar,22,4,3,0,29,0,42,13,0,55,22,46,16,0,84,12,0,12,96
07/05/2020,STT,VI,ASO,ES,Towers with Radar,22,3,9,0,34,0,40,16,0,56,22,43,25,0,90,30,0,30,120
07/06/2020,STT,VI,ASO,ES,Towers with Radar,16,16,16,1,49,0,48,13,0,61,16,64,29,1,110,26,0,26,136
07/07/2020,STT,VI,ASO,ES,Towers with Radar,16,23,15,0,54,0,45,13,0,58,16,68,28,0,112,2,0,2,114
07/08/2020,STT,VI,ASO,ES,Towers with Radar,15,15,5,0,35,0,48,15,0,63,15,63,20,0,98,0,0,0,98
07/09/2020,STT,VI,ASO,ES,Towers with Radar,18,18,8,0,44,0,44,25,0,69,18,62,33,0,113,16,0,16,129
07/10/2020,STT,VI,ASO,ES,Towers with Radar,22,18,11,0,51,0,50,21,0,71,22,68,32,0,122,44,0,44,166
07/11/2020,STT,VI,ASO,ES,Towers with Radar,24,7,10,0,41,0,48,21,0,69,24,55,31,0,110,0,0,0,110
07/12/2020,STT,VI,ASO,ES,Towers with Radar,24,7,4,0,35,0,42,10,0,52,24,49,14,0,87,12,0,12,99
07/13/2020,STT,VI,ASO,ES,Towers with Radar,22,16,7,0,45,0,47,15,0,62,22,63,22,0,107,2,0,2,109
07/14/2020,STT,VI,ASO,ES,Towers with Radar,17,17,3,0,37,0,40,17,0,57,17,57,20,0,94,0,0,0,94
07/15/2020,STT,VI,ASO,ES,Towers with Radar,16,17,3,0,36,0,42,26,0,68,16,59,29,0,104,6,0,6,110
07/16/2020,STT,VI,ASO,ES,Towers with Radar,19,23,11,0,53,0,45,23,0,68,19,68,34,0,121,20,0,20,141
07/17/2020,STT,VI,ASO,ES,Towers with Radar,25,19,3,0,47,0,70,27,0,97,25,89,30,0,144,10,0,10,154
07/18/2020,STT,VI,ASO,ES,Towers with Radar,26,10,3,0,39,0,43,18,0,61,26,53,21,0,100,0,0,0,100
07/19/2020,STT,VI,ASO,ES,Towers with Radar,24,4,4,0,32,0,47,14,0,61,24,51,18,0,93,26,0,26,119
07/20/2020,STT,VI,ASO,ES,Towers with Radar,22,17,4,0,43,0,47,18,0,65,22,64,22,0,108,6,0,6,114
07/21/2020,STT,VI,ASO,ES,Towers with Radar,16,18,3,0,37,0,46,27,0,73,16,64,30,0,110,0,0,0,110
07/22/2020,STT,VI,ASO,ES,Towers with Radar,18,20,6,0,44,0,40,21,0,61,18,60,27,0,105,8,0,8,113
07/23/2020,STT,VI,ASO,ES,Towers with Radar,18,26,20,0,64,0,38,16,0,54,18,64,36,0,118,18,0,18,136
07/24/2020,STT,VI,ASO,ES,Towers with Radar,24,22,9,0,55,0,47,21,2,70,24,69,30,2,125,4,0,4,129
07/25/2020,STT,VI,ASO,ES,Towers with Radar,24,14,3,0,41,0,39,15,0,54,24,53,18,0,95,0,0,0,95
07/26/2020,STT,VI,ASO,ES,Towers with Radar,24,7,3,0,34,0,33,14,0,47,24,40,17,0,81,0,0,0,81
07/27/2020,STT,VI,ASO,ES,Towers with Radar,22,20,7,0,49,0,50,16,1,67,22,70,23,1,116,0,0,0,116
07/28/2020,STT,VI,ASO,ES,Towers with Radar,17,15,9,0,41,0,45,18,0,63,17,60,27,0,104,0,0,0,104
07/29/2020,STT,VI,ASO,ES,Towers with Radar,14,2,1,0,17,0,9,8,0,17,14,11,9,0,34,0,0,0,34
07/30/2020,STT,VI,ASO,ES,Towers with Radar,20,23,5,0,48,0,22,6,0,28,20,45,11,0,76,0,0,0,76
07/31/2020,STT,VI,ASO,ES,Towers with Radar,24,25,5,0,54,0,49,28,0,77,24,74,33,0,131,0,0,0,131
08/01/2020,STT,VI,ASO,ES,Towers with Radar,28,13,10,0,51,0,39,21,0,60,28,52,31,0,111,6,0,6,117
08/02/2020,STT,VI,ASO,ES,Towers with Radar,26,1,12,0,39,0,43,3,0,46,26,44,15,0,85,0,0,0,85
08/03/2020,STT,VI,ASO,ES,Towers with Radar,26,23,11,0,60,0,45,25,0,70,26,68,36,0,130,19,0,19,149
08/04/2020,STT,VI,ASO,ES,Towers with Radar,21,17,4,0,42,0,41,26,3,70,21,58,30,3,112,5,0,5,117
08/05/2020,STT,VI,ASO,ES,Towers with Radar,20,22,10,0,52,0,52,26,0,78,20,74,36,0,130,8,0,8,138
08/06/2020,STT,VI,ASO,ES,Towers with Radar,24,15,7,0,46,0,61,64,0,125,24,76,71,0,171,0,0,0,171
08/07/2020,STT,VI,ASO,ES,Towers with Radar,24,19,1,0,44,0,59,30,0,89,24,78,31,0,133,10,0,10,143
08/08/2020,STT,VI,ASO,ES,Towers with Radar,28,11,8,0,47,0,45,19,0,64,28,56,27,0,111,0,0,0,111
08/09/2020,STT,VI,ASO,ES,Towers with Radar,25,8,7,0,40,0,42,15,0,57,25,50,22,0,97,0,0,0,97
08/10/2020,STT,VI,ASO,ES,Towers with Radar,24,15,6,0,45,0,59,14,0,73,24,74,20,0,118,0,0,0,118
08/11/2020,STT,VI,ASO,ES,Towers with Radar,23,17,3,0,43,0,47,16,0,63,23,64,19,0,106,18,0,18,124
08/12/2020,STT,VI,ASO,ES,Towers with Radar,20,13,4,0,37,0,55,7,2,64,20,68,11,2,101,0,0,0,101
08/13/2020,STT,VI,ASO,ES,Towers with Radar,22,16,13,0,51,0,49,18,0,67,22,65,31,0,118,42,0,42,160
08/14/2020,STT,VI,ASO,ES,Towers with Radar,23,21,4,0,48,0,54,26,2,82,23,75,30,2,130,18,0,18,148
08/15/2020,STT,VI,ASO,ES,Towers with Radar,27,11,9,0,47,0,42,9,0,51,27,53,18,0,98,0,0,0,98
08/16/2020,STT,VI,ASO,ES,Towers with Radar,25,17,6,0,48,0,37,15,0,52,25,54,21,0,100,0,0,0,100
08/17/2020,STT,VI,ASO,ES,Towers with Radar,24,22,6,0,52,0,46,12,0,58,24,68,18,0,110,0,0,0,110
08/18/2020,STT,VI,ASO,ES,Towers with Radar,19,13,2,0,34,0,38,19,0,57,19,51,21,0,91,0,0,0,91
08/19/2020,STT,VI,ASO,ES,Towers with Radar,17,12,0,2,31,0,41,5,0,46,17,53,5,2,77,20,0,20,97
08/20/2020,STT,VI,ASO,ES,Towers with Radar,20,21,3,0,44,0,55,7,1,63,20,76,10,1,107,0,0,0,107
08/21/2020,STT,VI,ASO,ES,Towers with Radar,20,20,7,0,47,0,44,12,0,56,20,64,19,0,103,0,0,0,103
08/22/2020,STT,VI,ASO,ES,Towers with Radar,20,1,1,0,22,0,0,0,0,0,20,1,1,0,22,0,0,0,22
08/23/2020,STT,VI,ASO,ES,Towers with Radar,18,7,2,0,27,0,40,5,0,45,18,47,7,0,72,0,0,0,72
08/24/2020,STT,VI,ASO,ES,Towers with Radar,16,27,5,0,48,0,36,16,0,52,16,63,21,0,100,4,0,4,104
08/25/2020,STT,VI,ASO,ES,Towers with Radar,16,14,3,0,33,0,31,27,0,58,16,45,30,0,91,4,0,4,95
08/26/2020,STT,VI,ASO,ES,Towers with Radar,11,13,7,0,31,0,36,13,0,49,11,49,20,0,80,4,0,4,84
08/27/2020,STT,VI,ASO,ES,Towers with Radar,16,23,8,0,47,0,34,12,0,46,16,57,20,0,93,8,0,8,101
08/28/2020,STT,VI,ASO,ES,Towers with Radar,16,21,6,0,43,0,47,19,0,66,16,68,25,0,109,4,0,4,113
08/29/2020,STT,VI,ASO,ES,Towers with Radar,18,6,2,0,26,0,24,12,0,36,18,30,14,0,62,12,0,12,74
08/30/2020,STT,VI,ASO,ES,Towers with Radar,18,8,11,0,37,0,21,4,0,25,18,29,15,0,62,0,0,0,62
08/31/2020,STT,VI,ASO,ES,Towers with Radar,14,19,1,0,34,0,37,7,0,44,14,56,8,0,78,16,0,16,94
09/01/2020,STT,VI,ASO,ES,Towers with Radar,10,21,1,0,32,0,28,6,2,36,10,49,7,2,68,18,0,18,86
09/02/2020,STT,VI,ASO,ES,Towers with Radar,9,18,5,0,32,0,38,20,0,58,9,56,25,0,90,25,0,25,115
09/03/2020,STT,VI,ASO,ES,Towers with Radar,15,17,1,0,33,0,46,11,0,57,15,63,12,0,90,22,0,22,112
09/04/2020,STT,VI,ASO,ES,Towers with Radar,12,16,4,0,32,0,44,15,0,59,12,60,19,0,91,26,0,26,117
09/05/2020,STT,VI,ASO,ES,Towers with Radar,14,10,1,0,25,0,30,23,0,53,14,40,24,0,78,36,0,36,114
09/06/2020,STT,VI,ASO,ES,Towers with Radar,13,3,2,0,18,0,36,7,0,43,13,39,9,0,61,0,0,0,61
09/07/2020,STT,VI,ASO,ES,Towers with Radar,8,9,3,0,20,0,33,13,0,46,8,42,16,0,66,12,0,12,78
09/08/2020,STT,VI,ASO,ES,Towers with Radar,6,14,6,0,26,0,33,14,0,47,6,47,20,0,73,22,0,22,95
09/09/2020,STT,VI,ASO,ES,Towers with Radar,8,14,2,4,28,0,40,13,0,53,8,54,15,4,81,18,4,22,103
09/10/2020,STT,VI,ASO,ES,Towers with Radar,14,19,6,0,39,0,37,16,0,53,14,56,22,0,92,0,0,0,92
09/11/2020,STT,VI,ASO,ES,Towers with Radar,8,20,0,0,28,0,36,0,0,36,8,56,0,0,64,8,4,12,76
09/12/2020,STT,VI,ASO,ES,Towers with Radar,12,6,1,0,19,0,25,9,0,34,12,31,10,0,53,20,0,20,73
09/13/2020,STT,VI,ASO,ES,Towers with Radar,12,4,1,0,17,0,36,5,0,41,12,40,6,0,58,6,0,6,64
09/14/2020,STT,VI,ASO,ES,Towers with Radar,12,15,4,0,31,0,34,17,0,51,12,49,21,0,82,0,0,0,82
09/15/2020,STT,VI,ASO,ES,Towers with Radar,8,18,0,0,26,0,31,15,0,46,8,49,15,0,72,21,0,21,93
09/16/2020,STT,VI,ASO,ES,Towers with Radar,9,16,2,4,31,0,42,12,0,54,9,58,14,4,85,0,0,0,85
09/17/2020,STT,VI,ASO,ES,Towers with Radar,12,16,0,0,28,0,43,0,0,43,12,59,0,0,71,8,0,8,79
09/18/2020,STT,VI,ASO,ES,Towers with Radar,8,20,0,0,28,0,42,0,0,42,8,62,0,0,70,16,0,16,86
09/19/2020,STT,VI,ASO,ES,Towers with Radar,12,6,3,0,21,0,34,4,0,38,12,40,7,0,59,0,0,0,59
09/20/2020,STT,VI,ASO,ES,Towers with Radar,12,0,4,0,16,0,36,12,0,48,12,36,16,0,64,0,2,2,66
09/21/2020,STT,VI,ASO,ES,Towers with Radar,12,15,3,0,30,0,34,17,0,51,12,49,20,0,81,30,0,30,111
09/22/2020,STT,VI,ASO,ES,Towers with Radar,7,18,2,0,27,0,27,10,0,37,7,45,12,0,64,12,0,12,76
09/23/2020,STT,VI,ASO,ES,Towers with Radar,8,19,5,0,32,0,36,15,0,51,8,55,20,0,83,0,0,0,83
09/24/2020,STT,VI,ASO,ES,Towers with Radar,12,20,1,0,33,0,37,15,0,52,12,57,16,0,85,8,0,8,93
09/25/2020,STT,VI,ASO,ES,Towers with Radar,9,19,1,0,29,0,39,25,1,65,9,58,26,1,94,28,0,28,122
09/26/2020,STT,VI,ASO,ES,Towers with Radar,12,7,1,0,20,0,26,14,0,40,12,33,15,0,60,18,0,18,78
09/27/2020,STT,VI,ASO,ES,Towers with Radar,12,2,3,0,17,0,27,15,0,42,12,29,18,0,59,6,0,6,65
09/28/2020,STT,VI,ASO,ES,Towers with Radar,12,20,1,0,33,0,35,19,0,54,12,55,20,0,87,56,0,56,143
09/29/2020,STT,VI,ASO,ES,Towers with Radar,6,12,2,0,20,0,42,18,0,60,6,54,20,0,80,6,0,6,86
09/30/2020,STT,VI,ASO,ES,Towers with Radar,8,15,0,0,23,0,41,0,0,41,8,56,0,0,64,22,0,22,86
10/01/2020,STT,VI,ASO,ES,Towers with Radar,22,25,5,0,52,0,42,25,0,67,22,67,30,0,119,0,0,0,119
10/02/2020,STT,VI,ASO,ES,Towers with Radar,16,24,7,0,47,0,50,17,0,67,16,74,24,0,114,0,0,0,114
10/03/2020,STT,VI,ASO,ES,Towers with Radar,21,8,4,0,33,0,32,16,0,48,21,40,20,0,81,0,0,0,81
10/04/2020,STT,VI,ASO,ES,Towers with Radar,20,10,5,0,35,0,34,6,0,40,20,44,11,0,75,0,0,0,75
10/05/2020,STT,VI,ASO,ES,Towers with Radar,14,19,0,0,33,0,40,15,0,55,14,59,15,0,88,7,0,7,95
10/06/2020,STT,VI,ASO,ES,Towers with Radar,11,17,5,0,33,0,41,14,0,55,11,58,19,0,88,7,0,7,95
10/07/2020,STT,VI,ASO,ES,Towers with Radar,12,15,2,0,29,0,46,9,0,55,12,61,11,0,84,0,0,0,84
10/08/2020,STT,VI,ASO,ES,Towers with Radar,24,16,7,0,47,0,50,25,0,75,24,66,32,0,122,12,0,12,134
10/09/2020,STT,VI,ASO,ES,Towers with Radar,20,15,3,0,38,0,61,3,2,66,20,76,6,2,104,4,0,4,108
10/10/2020,STT,VI,ASO,ES,Towers with Radar,22,14,4,0,40,0,36,5,0,41,22,50,9,0,81,20,0,20,101
10/11/2020,STT,VI,ASO,ES,Towers with Radar,24,7,1,0,32,0,36,13,0,49,24,43,14,0,81,0,0,0,81
10/12/2020,STT,VI,ASO,ES,Towers with Radar,16,12,11,0,39,0,44,7,0,51,16,56,18,0,90,18,0,18,108
10/13/2020,STT,VI,ASO,ES,Towers with Radar,12,18,7,0,37,0,39,20,0,59,12,57,27,0,96,30,0,30,126
10/14/2020,STT,VI,ASO,ES,Towers with Radar,14,17,5,0,36,0,44,8,2,54,14,61,13,2,90,0,0,0,90
10/15/2020,STT,VI,ASO,ES,Towers with Radar,25,19,6,0,50,0,47,24,0,71,25,66,30,0,121,0,0,0,121
10/16/2020,STT,VI,ASO,ES,Towers with Radar,18,26,13,0,57,0,37,12,0,49,18,63,25,0,106,0,0,0,106
10/17/2020,STT,VI,ASO,ES,Towers with Radar,23,7,0,0,30,0,42,0,0,42,23,49,0,0,72,0,0,0,72
10/18/2020,STT,VI,ASO,ES,Towers with Radar,24,12,7,0,43,0,34,12,0,46,24,46,19,0,89,4,0,4,93
10/19/2020,STT,VI,ASO,ES,Towers with Radar,14,20,1,0,35,0,50,11,0,61,14,70,12,0,96,4,0,4,100
10/20/2020,STT,VI,ASO,ES,Towers with Radar,11,15,3,0,29,0,48,11,0,59,11,63,14,0,88,0,0,0,88
10/21/2020,STT,VI,ASO,ES,Towers with Radar,12,17,5,0,34,0,51,15,0,66,12,68,20,0,100,2,0,2,102
10/22/2020,STT,VI,ASO,ES,Towers with Radar,22,18,4,0,44,0,44,24,0,68,22,62,28,0,112,28,0,28,140
10/23/2020,STT,VI,ASO,ES,Towers with Radar,19,18,3,0,40,0,53,27,0,80,19,71,30,0,120,0,0,0,120
10/24/2020,STT,VI,ASO,ES,Towers with Radar,21,11,3,0,35,0,43,11,0,54,21,54,14,0,89,0,0,0,89
10/25/2020,STT,VI,ASO,ES,Towers with Radar,25,5,5,0,35,0,43,11,0,54,25,48,16,0,89,6,0,6,95
10/26/2020,STT,VI,ASO,ES,Towers with Radar,13,19,3,0,35,0,48,14,0,62,13,67,17,0,97,0,0,0,97
10/27/2020,STT,VI,ASO,ES,Towers with Radar,9,20,2,0,31,0,36,12,0,48,9,56,14,0,79,2,0,2,81
10/28/2020,STT,VI,ASO,ES,Towers with Radar,13,22,3,0,38,0,44,12,0,56,13,66,15,0,94,18,0,18,112
10/29/2020,STT,VI,ASO,ES,Towers with Radar,22,30,2,0,54,0,36,14,0,50,22,66,16,0,104,0,0,0,104
10/30/2020,STT,VI,ASO,ES,Towers with Radar,18,25,3,0,46,0,51,20,2,73,18,76,23,2,119,18,0,18,137
10/31/2020,STT,VI,ASO,ES,Towers with Radar,20,10,7,0,37,0,41,18,0,59,20,51,25,0,96,8,0,8,104
11/01/2020,STT,VI,ASO,ES,Towers with Radar,22,6,5,0,33,0,39,13,0,52,22,45,18,0,85,0,0,0,85
11/02/2020,STT,VI,ASO,ES,Towers with Radar,15,19,1,0,35,0,49,12,2,63,15,68,13,2,98,26,0,26,124
11/03/2020,STT,VI,ASO,ES,Towers with Radar,14,24,4,0,42,0,34,16,0,50,14,58,20,0,92,6,0,6,98
11/04/2020,STT,VI,ASO,ES,Towers with Radar,15,20,9,1,45,0,53,13,1,67,15,73,22,2,112,13,0,13,125
11/05/2020,STT,VI,ASO,ES,Towers with Radar,26,23,4,0,53,0,44,13,1,58,26,67,17,1,111,22,0,22,133
11/06/2020,STT,VI,ASO,ES,Towers with Radar,22,27,3,0,52,0,43,26,0,69,22,70,29,0,121,0,0,0,121
11/07/2020,STT,VI,ASO,ES,Towers with Radar,38,9,8,0,55,0,38,19,0,57,38,47,27,0,112,24,0,24,136
11/08/2020,STT,VI,ASO,ES,Towers with Radar,28,11,7,0,46,0,34,19,0,53,28,45,26,0,99,28,0,28,127
11/09/2020,STT,VI,ASO,ES,Towers with Radar,22,20,7,2,51,0,47,15,4,66,22,67,22,6,117,16,0,16,133
11/10/2020,STT,VI,ASO,ES,Towers with Radar,13,51,10,0,74,0,15,3,0,18,13,66,13,0,92,0,0,0,92
11/11/2020,STT,VI,ASO,ES,Towers with Radar,16,39,11,3,69,0,16,3,0,19,16,55,14,3,88,0,0,0,88
11/12/2020,STT,VI,ASO,ES,Towers with Radar,26,27,6,0,59,0,58,23,0,81,26,85,29,0,140,0,0,0,140
11/13/2020,STT,VI,ASO,ES,Towers with Radar,22,27,3,0,52,0,43,30,0,73,22,70,33,0,125,0,0,0,125
11/14/2020,STT,VI,ASO,ES,Towers with Radar,36,14,11,0,61,0,37,20,0,57,36,51,31,0,118,18,0,18,136
11/15/2020,STT,VI,ASO,ES,Towers with Radar,27,8,2,0,37,0,42,17,0,59,27,50,19,0,96,2,0,2,98
11/16/2020,STT,VI,ASO,ES,Towers with Radar,22,16,5,0,43,0,52,26,2,80,22,68,31,2,123,14,0,14,137
11/17/2020,STT,VI,ASO,ES,Towers with Radar,14,20,7,0,41,0,47,13,0,60,14,67,20,0,101,20,0,20,121
11/18/2020,STT,VI,ASO,ES,Towers with Radar,20,18,4,0,42,0,49,11,0,60,20,67,15,0,102,24,0,24,126
11/19/2020,STT,VI,ASO,ES,Towers with Radar,26,25,6,0,57,0,41,29,0,70,26,66,35,0,127,24,0,24,151
11/20/2020,STT,VI,ASO,ES,Towers with Radar,26,24,7,0,57,0,61,19,2,82,26,85,26,2,139,6,0,6,145
11/21/2020,STT,VI,ASO,ES,Towers with Radar,36,14,13,0,63,0,39,12,0,51,36,53,25,0,114,19,0,19,133
11/22/2020,STT,VI,ASO,ES,Towers with Radar,34,15,8,0,57,0,32,13,7,52,34,47,21,7,109,0,0,0,109
11/23/2020,STT,VI,ASO,ES,Towers with Radar,20,17,6,0,43,0,56,12,0,68,20,73,18,0,111,24,0,24,135
11/24/2020,STT,VI,ASO,ES,Towers with Radar,26,22,2,0,50,0,50,19,0,69,26,72,21,0,119,32,0,32,151
11/25/2020,STT,VI,ASO,ES,Towers with Radar,28,20,6,0,54,0,57,13,0,70,28,77,19,0,124,4,0,4,128
11/26/2020,STT,VI,ASO,ES,Towers with Radar,14,6,0,0,20,0,35,12,0,47,14,41,12,0,67,0,0,0,67
11/27/2020,STT,VI,ASO,ES,Towers with Radar,21,12,4,0,37,0,52,26,0,78,21,64,30,0,115,12,0,12,127
11/28/2020,STT,VI,ASO,ES,Towers with Radar,36,11,6,0,53,0,46,13,0,59,36,57,19,0,112,6,0,6,118
11/29/2020,STT,VI,ASO,ES,Towers with Radar,34,11,11,0,56,0,50,12,0,62,34,61,23,0,118,22,0,22,140
11/30/2020,STT,VI,ASO,ES,Towers with Radar,28,21,6,0,55,0,64,23,0,87,28,85,29,0,142,10,0,10,152
12/01/2020,STT,VI,ASO,ES,Towers with Radar,22,13,8,0,43,0,45,36,0,81,22,58,44,0,124,34,0,34,158
12/02/2020,STT,VI,ASO,ES,Towers with Radar,21,13,11,0,45,0,43,32,0,75,21,56,43,0,120,18,0,18,138
12/03/2020,STT,VI,ASO,ES,Towers with Radar,26,19,5,0,50,0,46,27,0,73,26,65,32,0,123,2,0,2,125
12/04/2020,STT,VI,ASO,ES,Towers with Radar,25,20,5,0,50,0,49,29,0,78,25,69,34,0,128,10,0,10,138
12/05/2020,STT,VI,ASO,ES,Towers with Radar,35,19,7,0,61,0,32,20,0,52,35,51,27,0,113,0,0,0,113
12/06/2020,STT,VI,ASO,ES,Towers with Radar,28,36,10,0,74,0,29,9,0,38,28,65,19,0,112,4,0,4,116
12/07/2020,STT,VI,ASO,ES,Towers with Radar,24,25,9,0,58,0,43,21,0,64,24,68,30,0,122,26,0,26,148
12/08/2020,STT,VI,ASO,ES,Towers with Radar,18,23,11,0,52,0,46,21,0,67,18,69,32,0,119,20,0,20,139
12/09/2020,STT,VI,ASO,ES,Towers with Radar,18,20,8,0,46,0,49,17,0,66,18,69,25,0,112,10,0,10,122
12/10/2020,STT,VI,ASO,ES,Towers with Radar,25,28,12,0,65,0,56,37,0,93,25,84,49,0,158,22,0,22,180
12/11/2020,STT,VI,ASO,ES,Towers with Radar,24,17,18,0,59,0,57,30,1,88,24,74,48,1,147,10,0,10,157
12/12/2020,STT,VI,ASO,ES,Towers with Radar,33,6,26,8,73,0,34,24,0,58,33,40,50,8,131,0,0,0,131
12/13/2020,STT,VI,ASO,ES,Towers with Radar,29,13,11,0,53,0,33,17,0,50,29,46,28,0,103,0,0,0,103
12/14/2020,STT,VI,ASO,ES,Towers with Radar,24,21,11,0,56,0,55,21,0,76,24,76,32,0,132,0,0,0,132
12/15/2020,STT,VI,ASO,ES,Towers with Radar,16,23,10,0,49,0,45,30,0,75,16,68,40,0,124,8,0,8,132
12/16/2020,STT,VI,ASO,ES,Towers with Radar,19,22,9,0,50,0,42,23,0,65,19,64,32,0,115,14,0,14,129
12/17/2020,STT,VI,ASO,ES,Towers with Radar,29,26,12,0,67,0,50,20,1,71,29,76,32,1,138,0,0,0,138
12/18/2020,STT,VI,ASO,ES,Towers with Radar,34,27,16,0,77,1,67,41,1,110,35,94,57,1,187,30,0,30,217
12/19/2020,STT,VI,ASO,ES,Towers with Radar,42,16,31,0,89,0,42,34,0,76,42,58,65,0,165,6,0,6,171
12/20/2020,STT,VI,ASO,ES,Towers with Radar,40,14,13,0,67,0,47,15,0,62,40,61,28,0,129,0,0,0,129
12/21/2020,STT,VI,ASO,ES,Towers with Radar,32,21,7,0,60,0,42,23,0,65,32,63,30,0,125,0,0,0,125
12/22/2020,STT,VI,ASO,ES,Towers with Radar,36,26,5,8,75,0,64,24,3,91,36,90,29,11,166,2,0,2,168
12/23/2020,STT,VI,ASO,ES,Towers with Radar,36,25,7,0,68,0,52,29,0,81,36,77,36,0,149,0,0,0,149
12/24/2020,STT,VI,ASO,ES,Towers with Radar,28,24,10,0,62,0,42,11,0,53,28,66,21,0,115,0,0,0,115
12/25/2020,STT,VI,ASO,ES,Towers with Radar,24,3,1,0,28,0,31,6,0,37,24,34,7,0,65,0,0,0,65
12/26/2020,STT,VI,ASO,ES,Towers with Radar,44,7,33,0,84,0,62,21,0,83,44,69,54,0,167,0,0,0,167
12/27/2020,STT,VI,ASO,ES,Towers with Radar,36,11,31,0,78,0,61,17,0,78,36,72,48,0,156,0,0,0,156
12/28/2020,STT,VI,ASO,ES,Towers with Radar,34,21,36,0,91,0,52,14,0,66,34,73,50,0,157,2,0,2,159
12/29/2020,STT,VI,ASO,ES,Towers with Radar,39,25,23,0,87,0,34,21,0,55,39,59,44,0,142,0,0,0,142
12/30/2020,STT,VI,ASO,ES,Towers with Radar,34,18,17,0,69,0,53,29,0,82,34,71,46,0,151,4,0,4,155
12/31/2020,STT,VI,ASO,ES,Towers with Radar,29,24,9,0,62,0,54,12,0,66,29,78,21,0,128,0,0,0,128
01/01/2021,STT,VI,ASO,ES,Towers with Radar,25,9,11,0,45,0,37,9,0,46,25,46,20,0,91,0,0,0,91
01/02/2021,STT,VI,ASO,ES,Towers with Radar,44,17,28,0,89,0,46,22,0,68,44,63,50,0,157,0,0,0,157
01/03/2021,STT,VI,ASO,ES,Towers with Radar,38,22,23,0,83,0,45,26,0,71,38,67,49,0,154,6,0,6,160
01/04/2021,STT,VI,ASO,ES,Towers with Radar,34,30,21,0,85,0,50,25,0,75,34,80,46,0,160,0,0,0,160
01/05/2021,STT,VI,ASO,ES,Towers with Radar,26,32,9,0,67,0,39,9,0,48,26,71,18,0,115,10,0,10,125
01/06/2021,STT,VI,ASO,ES,Towers with Radar,24,12,15,0,51,0,49,10,2,61,24,61,25,2,112,54,0,54,166
01/07/2021,STT,VI,ASO,ES,Towers with Radar,32,20,11,0,63,0,57,24,0,81,32,77,35,0,144,40,0,40,184
01/08/2021,STT,VI,ASO,ES,Towers with Radar,28,28,21,0,77,0,50,31,1,82,28,78,52,1,159,22,0,22,181
01/09/2021,STT,VI,ASO,ES,Towers with Radar,45,7,10,0,62,0,32,31,0,63,45,39,41,0,125,22,0,22,147
01/10/2021,STT,VI,ASO,ES,Towers with Radar,31,10,18,2,61,0,49,13,2,64,31,59,31,4,125,12,0,12,137
01/11/2021,STT,VI,ASO,ES,Towers with Radar,27,20,7,0,54,0,69,32,2,103,27,89,39,2,157,6,0,6,163
01/12/2021,STT,VI,ASO,ES,Towers with Radar,26,24,7,0,57,0,58,19,0,77,26,82,26,0,134,0,0,0,134
01/13/2021,STT,VI,ASO,ES,Towers with Radar,26,13,15,0,54,0,52,23,0,75,26,65,38,0,129,6,0,6,135
01/14/2021,STT,VI,ASO,ES,Towers with Radar,32,24,2,0,58,0,44,33,0,77,32,68,35,0,135,0,0,0,135
01/15/2021,STT,VI,ASO,ES,Towers with Radar,28,21,18,0,67,0,55,31,2,88,28,76,49,2,155,16,0,16,171
01/16/2021,STT,VI,ASO,ES,Towers with Radar,44,14,13,2,73,0,33,30,0,63,44,47,43,2,136,0,0,0,136
01/17/2021,STT,VI,ASO,ES,Towers with Radar,30,16,10,0,56,0,30,18,0,48,30,46,28,0,104,0,0,0,104
01/18/2021,STT,VI,ASO,ES,Towers with Radar,29,10,9,0,48,0,45,13,0,58,29,55,22,0,106,10,0,10,116
01/19/2021,STT,VI,ASO,ES,Towers with Radar,26,22,5,0,53,0,40,26,0,66,26,62,31,0,119,2,0,2,121
01/20/2021,STT,VI,ASO,ES,Towers with Radar,26,17,14,0,57,0,37,16,0,53,26,54,30,0,110,0,0,0,110
01/21/2021,STT,VI,ASO,ES,Towers with Radar,32,16,9,0,57,0,52,30,0,82,32,68,39,0,139,0,0,0,139
01/22/2021,STT,VI,ASO,ES,Towers with Radar,28,22,14,0,64,0,40,41,0,81,28,62,55,0,145,10,0,10,155
01/23/2021,STT,VI,ASO,ES,Towers with Radar,45,20,19,0,84,0,28,40,0,68,45,48,59,0,152,4,0,4,156
01/24/2021,STT,VI,ASO,ES,Towers with Radar,32,12,16,0,60,0,32,14,0,46,32,44,30,0,106,0,0,0,106
01/25/2021,STT,VI,ASO,ES,Towers with Radar,28,20,15,1,64,0,56,18,1,75,28,76,33,2,139,6,0,6,145
01/26/2021,STT,VI,ASO,ES,Towers with Radar,26,18,8,1,53,0,43,30,1,74,26,61,38,2,127,0,0,0,127
01/27/2021,STT,VI,ASO,ES,Towers with Radar,26,12,5,1,44,0,51,32,1,84,26,63,37,2,128,6,0,6,134
01/28/2021,STT,VI,ASO,ES,Towers with Radar,29,25,10,0,64,0,49,29,2,80,29,74,39,2,144,0,0,0,144
01/29/2021,STT,VI,ASO,ES,Towers with Radar,28,20,11,0,59,0,55,21,0,76,28,75,32,0,135,0,0,0,135
01/30/2021,STT,VI,ASO,ES,Towers with Radar,46,36,9,0,91,0,16,23,0,39,46,52,32,0,130,0,0,0,130
01/31/2021,STT,VI,ASO,ES,Towers with Radar,30,22,14,0,66,0,24,12,0,36,30,46,26,0,102,0,0,0,102
02/01/2021,STT,VI,ASO,ES,Towers with Radar,24,16,7,0,47,0,62,23,0,85,24,78,30,0,132,0,0,0,132
02/02/2021,STT,VI,ASO,ES,Towers with Radar,23,22,8,0,53,0,42,24,0,66,23,64,32,0,119,0,0,0,119
02/03/2021,STT,VI,ASO,ES,Towers with Radar,22,21,16,0,59,0,42,21,0,63,22,63,37,0,122,40,0,40,162
02/04/2021,STT,VI,ASO,ES,Towers with Radar,30,26,7,0,63,0,43,32,0,75,30,69,39,0,138,22,0,22,160
02/05/2021,STT,VI,ASO,ES,Towers with Radar,28,15,15,0,58,0,57,20,0,77,28,72,35,0,135,18,0,18,153
02/06/2021,STT,VI,ASO,ES,Towers with Radar,43,11,9,0,63,0,35,22,0,57,43,46,31,0,120,10,0,10,130
02/07/2021,STT,VI,ASO,ES,Towers with Radar,32,6,15,0,53,0,32,30,0,62,32,38,45,0,115,0,0,0,115
02/08/2021,STT,VI,ASO,ES,Towers with Radar,28,16,16,0,60,0,46,37,0,83,28,62,53,0,143,4,0,4,147
02/09/2021,STT,VI,ASO,ES,Towers with Radar,24,24,7,0,55,0,45,15,0,60,24,69,22,0,115,0,0,0,115
02/10/2021,STT,VI,ASO,ES,Towers with Radar,26,18,25,0,69,0,41,18,0,59,26,59,43,0,128,0,0,0,128
02/11/2021,STT,VI,ASO,ES,Towers with Radar,34,21,20,0,75,0,46,38,0,84,34,67,58,0,159,0,0,0,159
02/12/2021,STT,VI,ASO,ES,Towers with Radar,37,27,27,0,91,0,62,35,1,98,37,89,62,1,189,12,1,13,202
02/13/2021,STT,VI,ASO,ES,Towers with Radar,46,14,22,0,82,0,34,26,2,62,46,48,48,2,144,0,0,0,144
02/14/2021,STT,VI,ASO,ES,Towers with Radar,40,10,8,0,58,0,39,19,0,58,40,49,27,0,116,0,0,0,116
02/15/2021,STT,VI,ASO,ES,Towers with Radar,38,12,8,0,58,0,59,24,0,83,38,71,32,0,141,0,0,0,141
02/16/2021,STT,VI,ASO,ES,Towers with Radar,26,19,12,1,58,0,46,35,2,83,26,65,47,3,141,34,0,34,175
02/17/2021,STT,VI,ASO,ES,Towers with Radar,28,21,20,0,69,0,48,12,0,60,28,69,32,0,129,0,0,0,129
02/18/2021,STT,VI,ASO,ES,Towers with Radar,35,24,7,0,66,0,49,12,0,61,35,73,19,0,127,0,0,0,127
02/19/2021,STT,VI,ASO,ES,Towers with Radar,39,17,10,0,66,0,49,41,0,90,39,66,51,0,156,0,0,0,156
02/20/2021,STT,VI,ASO,ES,Towers with Radar,46,22,18,0,86,0,39,29,0,68,46,61,47,0,154,2,0,2,156
02/21/2021,STT,VI,ASO,ES,Towers with Radar,39,11,18,0,68,0,26,23,4,53,39,37,41,4,121,0,0,0,121
02/22/2021,STT,VI,ASO,ES,Towers with Radar,37,32,10,0,79,0,43,27,0,70,37,75,37,0,149,0,0,0,149
02/23/2021,STT,VI,ASO,ES,Towers with Radar,28,21,13,1,63,0,47,38,4,89,28,68,51,5,152,6,0,6,158
02/24/2021,STT,VI,ASO,ES,Towers with Radar,30,17,5,0,52,0,53,24,1,78,30,70,29,1,130,6,0,6,136
02/25/2021,STT,VI,ASO,ES,Towers with Radar,36,20,14,0,70,0,46,27,0,73,36,66,41,0,143,12,0,12,155
02/26/2021,STT,VI,ASO,ES,Towers with Radar,38,19,24,0,81,1,53,43,0,97,39,72,67,0,178,0,0,0,178
02/27/2021,STT,VI,ASO,ES,Towers with Radar,46,22,25,0,93,0,34,19,0,53,46,56,44,0,146,2,0,2,148
02/28/2021,STT,VI,ASO,ES,Towers with Radar,40,6,21,0,67,0,35,9,0,44,40,41,30,0,111,0,0,0,111
03/01/2021,STT,VI,ASO,ES,Towers with Radar,37,18,11,0,66,0,63,15,0,78,37,81,26,0,144,0,0,0,144
03/02/2021,STT,VI,ASO,ES,Towers with Radar,34,22,7,0,63,0,40,15,0,55,34,62,22,0,118,28,0,28,146
03/03/2021,STT,VI,ASO,ES,Towers with Radar,37,17,17,0,71,0,49,33,0,82,37,66,50,0,153,14,0,14,167
03/04/2021,STT,VI,ASO,ES,Towers with Radar,40,28,11,0,79,0,55,27,0,82,40,83,38,0,161,42,0,42,203
03/05/2021,STT,VI,ASO,ES,Towers with Radar,45,12,12,1,70,0,82,25,1,108,45,94,37,2,178,28,0,28,206
03/06/2021,STT,VI,ASO,ES,Towers with Radar,50,14,22,0,86,0,37,22,0,59,50,51,44,0,145,0,0,0,145
03/07/2021,STT,VI,ASO,ES,Towers with Radar,50,11,6,0,67,0,42,18,0,60,50,53,24,0,127,6,0,6,133
03/08/2021,STT,VI,ASO,ES,Towers with Radar,44,16,11,0,71,0,53,27,2,82,44,69,38,2,153,18,0,18,171
03/09/2021,STT,VI,ASO,ES,Towers with Radar,44,27,5,0,76,0,41,23,2,66,44,68,28,2,142,26,0,26,168
03/10/2021,STT,VI,ASO,ES,Towers with Radar,40,35,18,0,93,0,60,31,3,94,40,95,49,3,187,20,0,20,207
03/11/2021,STT,VI,ASO,ES,Towers with Radar,41,26,12,0,79,0,62,29,0,91,41,88,41,0,170,38,0,38,208
03/12/2021,STT,VI,ASO,ES,Towers with Radar,46,25,25,0,96,0,81,38,2,121,46,106,63,2,217,20,0,20,237
03/13/2021,STT,VI,ASO,ES,Towers with Radar,57,33,16,0,106,0,35,13,0,48,57,68,29,0,154,0,0,0,154
03/14/2021,STT,VI,ASO,ES,Towers with Radar,53,14,13,0,80,0,41,17,0,58,53,55,30,0,138,0,0,0,138
03/15/2021,STT,VI,ASO,ES,Towers with Radar,41,32,17,0,90,0,48,22,0,70,41,80,39,0,160,0,0,0,160
03/16/2021,STT,VI,ASO,ES,Towers with Radar,40,17,10,0,67,0,50,38,0,88,40,67,48,0,155,6,0,6,161
03/17/2021,STT,VI,ASO,ES,Towers with Radar,42,25,26,0,93,0,49,15,0,64,42,74,41,0,157,2,0,2,159
03/18/2021,STT,VI,ASO,ES,Towers with Radar,44,25,8,2,79,0,46,27,0,73,44,71,35,2,152,8,0,8,160
03/19/2021,STT,VI,ASO,ES,Towers with Radar,45,21,24,0,90,0,72,37,0,109,45,93,61,0,199,4,0,4,203
03/20/2021,STT,VI,ASO,ES,Towers with Radar,55,36,24,0,115,0,50,29,0,79,55,86,53,0,194,22,0,22,216
03/21/2021,STT,VI,ASO,ES,Towers with Radar,50,9,43,0,102,0,44,27,0,71,50,53,70,0,173,36,0,36,209
03/22/2021,STT,VI,ASO,ES,Towers with Radar,44,21,19,0,84,0,68,20,0,88,44,89,39,0,172,17,0,17,189
03/23/2021,STT,VI,ASO,ES,Towers with Radar,41,19,8,0,68,0,72,26,0,98,41,91,34,0,166,44,0,44,210
03/24/2021,STT,VI,ASO,ES,Towers with Radar,42,22,23,0,87,0,82,20,0,102,42,104,43,0,189,22,0,22,211
03/25/2021,STT,VI,ASO,ES,Towers with Radar,43,28,8,0,79,0,64,28,0,92,43,92,36,0,171,8,0,8,179
03/26/2021,STT,VI,ASO,ES,Towers with Radar,46,21,7,0,74,0,70,39,0,109,46,91,46,0,183,40,0,40,223
03/27/2021,STT,VI,ASO,ES,Towers with Radar,56,22,21,0,99,0,47,29,0,76,56,69,50,0,175,36,0,36,211
03/28/2021,STT,VI,ASO,ES,Towers with Radar,50,15,16,0,81,0,51,31,2,84,50,66,47,2,165,0,0,0,165
03/29/2021,STT,VI,ASO,ES,Towers with Radar,46,18,5,0,69,0,56,24,2,82,46,74,29,2,151,6,0,6,157
03/30/2021,STT,VI,ASO,ES,Towers with Radar,42,21,14,0,77,0,52,36,0,88,42,73,50,0,165,0,0,0,165
03/31/2021,STT,VI,ASO,ES,Towers with Radar,42,25,9,0,76,0,62,18,0,80,42,87,27,0,156,0,0,0,156
04/01/2021,STT,VI,ASO,ES,Towers with Radar,38,26,10,0,74,0,69,34,0,103,38,95,44,0,177,0,0,0,177
04/02/2021,STT,VI,ASO,ES,Towers with Radar,47,25,18,0,90,0,48,27,0,75,47,73,45,0,165,46,0,46,211
04/03/2021,STT,VI,ASO,ES,Towers with Radar,53,17,19,0,89,0,35,33,2,70,53,52,52,2,159,18,0,18,177
04/04/2021,STT,VI,ASO,ES,Towers with Radar,50,14,13,0,77,0,42,22,1,65,50,56,35,1,142,4,0,4,146
04/05/2021,STT,VI,ASO,ES,Towers with Radar,48,30,9,0,87,0,51,31,1,83,48,81,40,1,170,2,0,2,172
04/06/2021,STT,VI,ASO,ES,Towers with Radar,42,22,4,0,68,0,59,16,2,77,42,81,20,2,145,0,0,0,145
04/07/2021,STT,VI,ASO,ES,Towers with Radar,39,20,8,0,67,0,42,16,0,58,39,62,24,0,125,0,0,0,125
04/08/2021,STT,VI,ASO,ES,Towers with Radar,45,20,9,0,74,0,52,35,2,89,45,72,44,2,163,6,0,6,169
04/09/2021,STT,VI,ASO,ES,Towers with Radar,49,18,14,0,81,0,69,22,0,91,49,87,36,0,172,0,0,0,172
04/10/2021,STT,VI,ASO,ES,Towers with Radar,56,13,17,0,86,0,49,25,0,74,56,62,42,0,160,22,0,22,182
04/11/2021,STT,VI,ASO,ES,Towers with Radar,51,10,15,5,81,0,42,25,6,73,51,52,40,11,154,8,0,8,162
04/12/2021,STT,VI,ASO,ES,Towers with Radar,44,20,5,2,71,0,58,24,0,82,44,78,29,2,153,0,0,0,153
04/13/2021,STT,VI,ASO,ES,Towers with Radar,36,22,6,0,64,0,46,27,0,73,36,68,33,0,137,0,0,0,137
04/14/2021,STT,VI,ASO,ES,Towers with Radar,38,16,12,0,66,0,61,19,4,84,38,77,31,4,150,6,0,6,156
04/15/2021,STT,VI,ASO,ES,Towers with Radar,42,22,9,0,73,0,60,28,2,90,42,82,37,2,163,6,0,6,169
04/16/2021,STT,VI,ASO,ES,Towers with Radar,47,25,6,0,78,0,63,27,3,93,47,88,33,3,171,0,2,2,173
04/17/2021,STT,VI,ASO,ES,Towers with Radar,52,14,20,0,86,0,34,15,0,49,52,48,35,0,135,8,0,8,143
04/18/2021,STT,VI,ASO,ES,Towers with Radar,42,14,14,0,70,0,40,23,2,65,42,54,37,2,135,16,0,16,151
04/19/2021,STT,VI,ASO,ES,Towers with Radar,48,18,8,0,74,0,53,24,0,77,48,71,32,0,151,10,0,10,161
04/20/2021,STT,VI,ASO,ES,Towers with Radar,40,24,6,0,70,0,46,27,3,76,40,70,33,3,146,44,0,44,190
04/21/2021,STT,VI,ASO,ES,Towers with Radar,39,31,12,0,82,0,39,24,3,66,39,70,36,3,148,16,0,16,164
04/22/2021,STT,VI,ASO,ES,Towers with Radar,43,27,6,0,76,0,50,37,2,89,43,77,43,2,165,31,0,31,196
04/23/2021,STT,VI,ASO,ES,Towers with Radar,46,21,7,0,74,0,68,29,5,102,46,89,36,5,176,0,0,0,176
04/24/2021,STT,VI,ASO,ES,Towers with Radar,51,12,8,0,71,0,35,25,0,60,51,47,33,0,131,10,0,10,141
04/25/2021,STT,VI,ASO,ES,Towers with Radar,46,17,8,0,71,0,37,25,0,62,46,54,33,0,133,20,0,20,153
04/26/2021,STT,VI,ASO,ES,Towers with Radar,46,21,9,0,76,0,46,18,0,64,46,67,27,0,140,8,0,8,148
04/27/2021,STT,VI,ASO,ES,Towers with Radar,38,25,8,0,71,0,41,28,3,72,38,66,36,3,143,24,0,24,167
04/28/2021,STT,VI,ASO,ES,Towers with Radar,34,45,11,0,90,0,30,13,0,43,34,75,24,0,133,14,0,14,147
04/29/2021,STT,VI,ASO,ES,Towers with Radar,37,28,6,0,71,0,48,31,0,79,37,76,37,0,150,15,0,15,165
04/30/2021,STT,VI,ASO,ES,Towers with Radar,43,17,8,0,68,0,70,44,0,114,43,87,52,0,182,16,0,16,198
05/01/2021,STT,VI,ASO,ES,Towers with Radar,46,9,13,0,68,0,41,27,0,68,46,50,40,0,136,4,0,4,140
05/02/2021,STT,VI,ASO,ES,Towers with Radar,46,13,5,0,64,0,40,11,1,52,46,53,16,1,116,4,1,5,121
05/03/2021,STT,VI,ASO,ES,Towers with Radar,43,23,6,0,72,0,48,18,0,66,43,71,24,0,138,22,0,22,160
05/04/2021,STT,VI,ASO,ES,Towers with Radar,38,20,2,0,60,0,55,26,0,81,38,75,28,0,141,0,0,0,141
05/05/2021,STT,VI,ASO,ES,Towers with Radar,36,19,5,0,60,0,50,15,0,65,36,69,20,0,125,41,0,41,166
05/06/2021,STT,VI,ASO,ES,Towers with Radar,42,24,5,0,71,0,51,19,0,70,42,75,24,0,141,2,0,2,143
05/07/2021,STT,VI,ASO,ES,Towers with Radar,46,21,3,0,70,0,66,23,1,90,46,87,26,1,160,13,0,13,173
05/08/2021,STT,VI,ASO,ES,Towers with Radar,44,11,12,0,67,0,36,27,0,63,44,47,39,0,130,2,0,2,132
05/09/2021,STT,VI,ASO,ES,Towers with Radar,46,10,3,0,59,0,37,23,0,60,46,47,26,0,119,10,2,12,131
05/10/2021,STT,VI,ASO,ES,Towers with Radar,46,15,9,0,70,0,58,17,0,75,46,73,26,0,145,12,0,12,157
05/11/2021,STT,VI,ASO,ES,Towers with Radar,45,22,6,0,73,0,45,28,0,73,45,67,34,0,146,6,0,6,152
05/12/2021,STT,VI,ASO,ES,Towers with Radar,44,19,3,0,66,0,52,22,1,75,44,71,25,1,141,36,3,39,180
05/13/2021,STT,VI,ASO,ES,Towers with Radar,48,20,9,0,77,0,58,22,0,80,48,78,31,0,157,71,0,71,228
05/14/2021,STT,VI,ASO,ES,Towers with Radar,46,16,5,1,68,0,68,26,0,94,46,84,31,1,162,0,0,0,162
05/15/2021,STT,VI,ASO,ES,Towers with Radar,41,16,5,0,62,0,43,27,0,70,41,59,32,0,132,8,0,8,140
05/16/2021,STT,VI,ASO,ES,Towers with Radar,48,8,3,0,59,0,39,38,0,77,48,47,41,0,136,36,0,36,172
05/17/2021,STT,VI,ASO,ES,Towers with Radar,47,16,4,0,67,0,52,34,0,86,47,68,38,0,153,28,0,28,181
05/18/2021,STT,VI,ASO,ES,Towers with Radar,44,18,9,0,71,0,47,20,0,67,44,65,29,0,138,30,0,30,168
05/19/2021,STT,VI,ASO,ES,Towers with Radar,44,22,5,0,71,0,46,16,1,63,44,68,21,1,134,34,0,34,168
05/20/2021,STT,VI,ASO,ES,Towers with Radar,47,17,3,0,67,0,61,22,0,83,47,78,25,0,150,22,0,22,172
05/21/2021,STT,VI,ASO,ES,Towers with Radar,45,26,2,0,73,0,61,34,1,96,45,87,36,1,169,18,0,18,187
05/22/2021,STT,VI,ASO,ES,Towers with Radar,49,11,21,0,81,0,45,27,0,72,49,56,48,0,153,0,0,0,153
05/23/2021,STT,VI,ASO,ES,Towers with Radar,47,21,7,0,75,0,21,8,0,29,47,42,15,0,104,0,0,0,104
05/24/2021,STT,VI,ASO,ES,Towers with Radar,46,20,9,0,75,0,50,31,2,83,46,70,40,2,158,20,0,20,178
05/25/2021,STT,VI,ASO,ES,Towers with Radar,44,20,10,0,74,0,57,31,0,88,44,77,41,0,162,10,0,10,172
05/26/2021,STT,VI,ASO,ES,Towers with Radar,43,13,7,0,63,0,62,26,0,88,43,75,33,0,151,37,0,37,188
05/27/2021,STT,VI,ASO,ES,Towers with Radar,46,20,9,0,75,0,56,45,0,101,46,76,54,0,176,0,0,0,176
05/28/2021,STT,VI,ASO,ES,Towers with Radar,46,33,13,0,92,0,66,42,1,109,46,99,55,1,201,0,0,0,201
05/29/2021,STT,VI,ASO,ES,Towers with Radar,50,10,15,0,75,0,47,20,0,67,50,57,35,0,142,8,0,8,150
05/30/2021,STT,VI,ASO,ES,Towers with Radar,45,6,7,0,58,0,36,28,0,64,45,42,35,0,122,0,0,0,122
05/31/2021,STT,VI,ASO,ES,Towers with Radar,45,12,3,0,60,0,44,27,0,71,45,56,30,0,131,0,0,0,131
06/01/2021,STT,VI,ASO,ES,Towers with Radar,45,23,9,0,77,0,60,28,0,88,45,83,37,0,165,4,2,6,171
06/02/2021,STT,VI,ASO,ES,Towers with Radar,44,21,3,0,68,0,56,15,1,72,44,77,18,1,140,12,0,12,152
06/03/2021,STT,VI,ASO,ES,Towers with Radar,48,18,7,0,73,0,46,30,0,76,48,64,37,0,149,0,0,0,149
06/04/2021,STT,VI,ASO,ES,Towers with Radar,49,18,8,0,75,0,58,30,0,88,49,76,38,0,163,12,0,12,175
06/05/2021,STT,VI,ASO,ES,Towers with Radar,53,13,17,0,83,0,44,23,2,69,53,57,40,2,152,0,1,1,153
06/06/2021,STT,VI,ASO,ES,Towers with Radar,46,11,4,0,61,0,47,20,0,67,46,58,24,0,128,0,0,0,128
06/07/2021,STT,VI,ASO,ES,Towers with Radar,44,25,8,0,77,0,44,11,1,56,44,69,19,1,133,16,2,18,151
06/08/2021,STT,VI,ASO,ES,Towers with Radar,40,25,4,0,69,0,54,21,0,75,40,79,25,0,144,40,0,40,184
06/09/2021,STT,VI,ASO,ES,Towers with Radar,46,21,12,0,79,0,44,25,0,69,46,65,37,0,148,12,0,12,160
06/10/2021,STT,VI,ASO,ES,Towers with Radar,43,30,8,0,81,0,47,24,0,71,43,77,32,0,152,2,0,2,154
06/11/2021,STT,VI,ASO,ES,Towers with Radar,42,22,12,0,76,0,64,26,0,90,42,86,38,0,166,0,0,0,166
06/12/2021,STT,VI,ASO,ES,Towers with Radar,54,16,7,0,77,0,56,39,0,95,54,72,46,0,172,8,0,8,180
06/13/2021,STT,VI,ASO,ES,Towers with Radar,46,9,5,0,60,0,43,32,0,75,46,52,37,0,135,12,0,12,147
06/14/2021,STT,VI,ASO,ES,Towers with Radar,48,19,3,0,70,0,59,26,0,85,48,78,29,0,155,26,0,26,181
06/15/2021,STT,VI,ASO,ES,Towers with Radar,44,20,2,0,66,0,57,40,0,97,44,77,42,0,163,20,0,20,183
06/16/2021,STT,VI,ASO,ES,Towers with Radar,44,19,8,0,71,0,60,20,0,80,44,79,28,0,151,0,0,0,151
06/17/2021,STT,VI,ASO,ES,Towers with Radar,42,28,5,0,75,0,52,23,1,76,42,80,28,1,151,12,0,12,163
06/18/2021,STT,VI,ASO,ES,Towers with Radar,47,18,6,0,71,0,78,35,0,113,47,96,41,0,184,0,0,0,184
06/19/2021,STT,VI,ASO,ES,Towers with Radar,55,16,13,0,84,0,50,32,0,82,55,66,45,0,166,0,0,0,166
06/20/2021,STT,VI,ASO,ES,Towers with Radar,46,6,3,0,55,0,48,24,0,72,46,54,27,0,127,0,0,0,127
06/21/2021,STT,VI,ASO,ES,Towers with Radar,47,15,8,0,70,0,69,29,0,98,47,84,37,0,168,24,0,24,192
06/22/2021,STT,VI,ASO,ES,Towers with Radar,45,22,3,0,70,0,66,21,0,87,45,88,24,0,157,2,0,2,159
06/23/2021,STT,VI,ASO,ES,Towers with Radar,44,17,6,0,67,0,58,33,0,91,44,75,39,0,158,28,0,28,186
06/24/2021,STT,VI,ASO,ES,Towers with Radar,44,23,8,0,75,0,61,36,0,97,44,84,44,0,172,2,0,2,174
06/25/2021,STT,VI,ASO,ES,Towers with Radar,45,24,8,0,77,0,74,27,3,104,45,98,35,3,181,23,0,23,204
06/26/2021,STT,VI,ASO,ES,Towers with Radar,54,11,11,0,76,0,34,14,1,49,54,45,25,1,125,0,0,0,125
06/27/2021,STT,VI,ASO,ES,Towers with Radar,48,9,5,0,62,0,58,19,0,77,48,67,24,0,139,6,0,6,145
06/28/2021,STT,VI,ASO,ES,Towers with Radar,45,21,9,0,75,0,60,21,0,81,45,81,30,0,156,30,0,30,186
06/29/2021,STT,VI,ASO,ES,Towers with Radar,44,24,8,0,76,0,54,33,1,88,44,78,41,1,164,6,0,6,170
06/30/2021,STT,VI,ASO,ES,Towers with Radar,45,26,7,0,78,0,59,27,1,87,45,85,34,1,165,8,0,8,173
07/01/2021,STT,VI,ASO,ES,Towers with Radar,45,27,12,0,84,0,71,22,0,93,45,98,34,0,177,12,0,12,189
07/02/2021,STT,VI,ASO,ES,Towers with Radar,42,30,6,0,78,0,71,34,0,105,42,101,40,0,183,4,0,4,187
07/03/2021,STT,VI,ASO,ES,Towers with Radar,58,10,6,0,74,0,52,15,0,67,58,62,21,0,141,0,0,0,141
07/04/2021,STT,VI,ASO,ES,Towers with Radar,46,5,5,0,56,0,49,19,0,68,46,54,24,0,124,0,0,0,124
07/05/2021,STT,VI,ASO,ES,Towers with Radar,46,11,12,0,69,0,56,22,0,78,46,67,34,0,147,8,0,8,155
07/06/2021,STT,VI,ASO,ES,Towers with Radar,48,19,5,0,72,0,65,28,0,93,48,84,33,0,165,6,0,6,171
07/07/2021,STT,VI,ASO,ES,Towers with Radar,37,20,16,0,73,0,56,21,4,81,37,76,37,4,154,8,0,8,162
07/08/2021,STT,VI,ASO,ES,Towers with Radar,46,23,4,0,73,0,58,31,0,89,46,81,35,0,162,30,0,30,192
07/09/2021,STT,VI,ASO,ES,Towers with Radar,46,23,10,0,79,0,61,39,0,100,46,84,49,0,179,24,2,26,205
07/10/2021,STT,VI,ASO,ES,Towers with Radar,55,11,11,0,77,0,36,21,0,57,55,47,32,0,134,6,1,7,141
07/11/2021,STT,VI,ASO,ES,Towers with Radar,50,9,6,0,65,0,43,15,0,58,50,52,21,0,123,28,0,28,151
07/12/2021,STT,VI,ASO,ES,Towers with Radar,44,23,5,0,72,0,59,26,0,85,44,82,31,0,157,14,0,14,171
07/13/2021,STT,VI,ASO,ES,Towers with Radar,47,18,9,0,74,0,63,26,0,89,47,81,35,0,163,20,0,20,183
07/14/2021,STT,VI,ASO,ES,Towers with Radar,45,17,10,0,72,0,68,20,5,93,45,85,30,5,165,26,0,26,191
07/15/2021,STT,VI,ASO,ES,Towers with Radar,47,16,2,0,65,0,65,35,0,100,47,81,37,0,165,62,0,62,227
07/16/2021,STT,VI,ASO,ES,Towers with Radar,44,17,5,0,66,0,68,31,5,104,44,85,36,5,170,13,0,13,183
07/17/2021,STT,VI,ASO,ES,Towers with Radar,53,9,6,0,68,0,45,36,0,81,53,54,42,0,149,14,0,14,163
07/18/2021,STT,VI,ASO,ES,Towers with Radar,53,7,6,0,66,0,47,16,3,66,53,54,22,3,132,27,0,27,159
07/19/2021,STT,VI,ASO,ES,Towers with Radar,46,18,8,0,72,0,65,28,2,95,46,83,36,2,167,36,0,36,203
07/20/2021,STT,VI,ASO,ES,Towers with Radar,45,23,4,0,72,0,70,20,0,90,45,93,24,0,162,18,0,18,180
07/21/2021,STT,VI,ASO,ES,Towers with Radar,43,15,7,0,65,0,63,28,0,91,43,78,35,0,156,38,0,38,194
07/22/2021,STT,VI,ASO,ES,Towers with Radar,44,16,4,0,64,0,54,28,3,85,44,70,32,3,149,29,0,29,178
07/23/2021,STT,VI,ASO,ES,Towers with Radar,42,23,7,0,72,0,68,47,0,115,42,91,54,0,187,16,0,16,203
07/24/2021,STT,VI,ASO,ES,Towers with Radar,55,4,27,0,86,0,29,12,2,43,55,33,39,2,129,0,0,0,129
07/25/2021,STT,VI,ASO,ES,Towers with Radar,48,10,3,0,61,0,43,17,0,60,48,53,20,0,121,0,0,0,121
07/26/2021,STT,VI,ASO,ES,Towers with Radar,44,21,7,0,72,0,65,30,0,95,44,86,37,0,167,24,0,24,191
07/27/2021,STT,VI,ASO,ES,Towers with Radar,45,18,12,0,75,0,54,19,0,73,45,72,31,0,148,0,0,0,148
07/28/2021,STT,VI,ASO,ES,Towers with Radar,42,19,8,0,69,0,60,21,1,82,42,79,29,1,151,34,0,34,185
07/29/2021,STT,VI,ASO,ES,Towers with Radar,50,19,3,0,72,0,47,15,0,62,50,66,18,0,134,34,0,34,168
07/30/2021,STT,VI,ASO,ES,Towers with Radar,44,19,6,0,69,0,82,31,0,113,44,101,37,0,182,10,0,10,192
07/31/2021,STT,VI,ASO,ES,Towers with Radar,53,11,7,0,71,0,43,22,0,65,53,54,29,0,136,20,0,20,156
08/01/2021,STT,VI,ASO,ES,Towers with Radar,43,10,7,0,60,0,44,23,0,67,43,54,30,0,127,0,0,0,127
08/02/2021,STT,VI,ASO,ES,Towers with Radar,40,23,8,0,71,0,63,20,0,83,40,86,28,0,154,16,0,16,170
08/03/2021,STT,VI,ASO,ES,Towers with Radar,42,19,2,0,63,0,59,18,4,81,42,78,20,4,144,0,0,0,144
08/04/2021,STT,VI,ASO,ES,Towers with Radar,40,25,5,0,70,0,56,29,0,85,40,81,34,0,155,40,0,40,195
08/05/2021,STT,VI,ASO,ES,Towers with Radar,48,17,2,0,67,0,53,25,0,78,48,70,27,0,145,30,0,30,175
08/06/2021,STT,VI,ASO,ES,Towers with Radar,46,19,3,0,68,0,65,21,0,86,46,84,24,0,154,24,0,24,178
08/07/2021,STT,VI,ASO,ES,Towers with Radar,54,11,13,0,78,0,45,22,0,67,54,56,35,0,145,0,0,0,145
08/08/2021,STT,VI,ASO,ES,Towers with Radar,47,18,1,0,66,0,32,11,0,43,47,50,12,0,109,0,0,0,109
08/09/2021,STT,VI,ASO,ES,Towers with Radar,42,18,5,0,65,0,58,25,2,85,42,76,30,2,150,0,0,0,150
08/10/2021,STT,VI,ASO,ES,Towers with Radar,46,12,5,0,63,0,33,10,0,43,46,45,15,0,106,0,0,0,106
08/11/2021,STT,VI,ASO,ES,Towers with Radar,44,20,6,0,70,0,48,15,4,67,44,68,21,4,137,0,0,0,137
08/12/2021,STT,VI,ASO,ES,Towers with Radar,48,17,1,0,66,0,51,24,0,75,48,68,25,0,141,16,0,16,157
08/13/2021,STT,VI,ASO,ES,Towers with Radar,42,17,2,0,61,0,61,16,0,77,42,78,18,0,138,18,0,18,156
08/14/2021,STT,VI,ASO,ES,Towers with Radar,53,15,8,0,76,0,41,18,2,61,53,56,26,2,137,22,0,22,159
08/15/2021,STT,VI,ASO,ES,Towers with Radar,34,8,2,0,44,0,0,0,0,0,34,8,2,0,44,0,0,0,44
08/16/2021,STT,VI,ASO,ES,Towers with Radar,50,28,5,0,83,0,48,17,0,65,50,76,22,0,148,0,0,0,148
08/17/2021,STT,VI,ASO,ES,Towers with Radar,21,21,2,0,44,0,59,24,0,83,21,80,26,0,127,4,0,4,131
08/18/2021,STT,VI,ASO,ES,Towers with Radar,21,19,3,0,43,0,54,15,0,69,21,73,18,0,112,14,0,14,126
08/19/2021,STT,VI,ASO,ES,Towers with Radar,27,18,4,0,49,0,50,29,1,80,27,68,33,1,129,2,0,2,131
08/20/2021,STT,VI,ASO,ES,Towers with Radar,30,19,8,0,57,0,60,21,0,81,30,79,29,0,138,6,0,6,144
08/21/2021,STT,VI,ASO,ES,Towers with Radar,40,9,5,0,54,0,42,16,0,58,40,51,21,0,112,10,0,10,122
08/22/2021,STT,VI,ASO,ES,Towers with Radar,34,9,8,0,51,0,35,11,0,46,34,44,19,0,97,0,0,0,97
08/23/2021,STT,VI,ASO,ES,Towers with Radar,33,16,4,0,53,0,61,9,0,70,33,77,13,0,123,6,0,6,129
08/24/2021,STT,VI,ASO,ES,Towers with Radar,17,25,10,0,52,0,61,8,0,69,17,86,18,0,121,0,0,0,121
08/25/2021,STT,VI,ASO,ES,Towers with Radar,22,21,4,0,47,0,57,11,1,69,22,78,15,1,116,12,0,12,128
08/26/2021,STT,VI,ASO,ES,Towers with Radar,25,19,3,0,47,0,55,7,0,62,25,74,10,0,109,18,0,18,127
08/27/2021,STT,VI,ASO,ES,Towers with Radar,31,16,5,0,52,0,61,14,3,78,31,77,19,3,130,6,0,6,136
08/28/2021,STT,VI,ASO,ES,Towers with Radar,41,9,5,0,55,0,37,14,0,51,41,46,19,0,106,0,0,0,106
08/29/2021,STT,VI,ASO,ES,Towers with Radar,31,8,3,0,42,0,39,10,0,49,31,47,13,0,91,0,0,0,91
08/30/2021,STT,VI,ASO,ES,Towers with Radar,33,26,2,0,61,0,49,12,0,61,33,75,14,0,122,0,0,0,122
08/31/2021,STT,VI,ASO,ES,Towers with Radar,21,23,8,0,52,0,51,7,2,60,21,74,15,2,112,12,0,12,124
09/01/2021,STT,VI,ASO,ES,Towers with Radar,24,13,11,0,48,0,67,23,0,90,24,80,34,0,138,34,0,34,172
09/02/2021,STT,VI,ASO,ES,Towers with Radar,20,17,0,1,38,0,56,20,0,76,20,73,20,1,114,28,0,28,142
09/03/2021,STT,VI,ASO,ES,Towers with Radar,27,19,5,1,52,0,59,27,0,86,27,78,32,1,138,10,0,10,148
09/04/2021,STT,VI,ASO,ES,Towers with Radar,41,10,4,0,55,0,36,28,0,64,41,46,32,0,119,6,0,6,125
09/05/2021,STT,VI,ASO,ES,Towers with Radar,29,5,3,0,37,0,36,11,0,47,29,41,14,0,84,0,0,0,84
09/06/2021,STT,VI,ASO,ES,Towers with Radar,31,20,4,0,55,0,41,23,0,64,31,61,27,0,119,0,0,0,119
09/07/2021,STT,VI,ASO,ES,Towers with Radar,20,14,2,0,36,0,57,20,0,77,20,71,22,0,113,10,0,10,123
09/08/2021,STT,VI,ASO,ES,Towers with Radar,16,15,1,0,32,0,47,12,2,61,16,62,13,2,93,12,0,12,105
09/09/2021,STT,VI,ASO,ES,Towers with Radar,19,19,4,0,42,0,46,25,0,71,19,65,29,0,113,0,0,0,113
09/10/2021,STT,VI,ASO,ES,Towers with Radar,21,20,1,0,42,0,54,10,0,64,21,74,11,0,106,0,0,0,106
09/11/2021,STT,VI,ASO,ES,Towers with Radar,37,9,2,0,48,0,31,12,0,43,37,40,14,0,91,18,0,18,109
09/12/2021,STT,VI,ASO,ES,Towers with Radar,25,6,5,0,36,0,35,7,0,42,25,41,12,0,78,6,0,6,84
09/13/2021,STT,VI,ASO,ES,Towers with Radar,18,19,3,0,40,0,41,33,0,74,18,60,36,0,114,24,0,24,138
09/14/2021,STT,VI,ASO,ES,Towers with Radar,18,17,7,0,42,0,44,25,0,69,18,61,32,0,111,16,0,16,127
09/15/2021,STT,VI,ASO,ES,Towers with Radar,14,17,3,0,34,0,38,21,0,59,14,55,24,0,93,52,0,52,145
09/16/2021,STT,VI,ASO,ES,Towers with Radar,17,16,4,0,37,0,43,42,4,89,17,59,46,4,126,4,2,6,132
09/17/2021,STT,VI,ASO,ES,Towers with Radar,20,23,1,0,44,0,55,26,0,81,20,78,27,0,125,52,0,52,177
09/18/2021,STT,VI,ASO,ES,Towers with Radar,37,10,4,0,51,0,33,22,0,55,37,43,26,0,106,12,0,12,118
09/19/2021,STT,VI,ASO,ES,Towers with Radar,22,5,2,0,29,0,39,14,0,53,22,44,16,0,82,2,0,2,84
09/20/2021,STT,VI,ASO,ES,Towers with Radar,18,18,3,0,39,0,42,23,0,65,18,60,26,0,104,10,0,10,114
09/21/2021,STT,VI,ASO,ES,Towers with Radar,16,23,5,0,44,0,49,21,0,70,16,72,26,0,114,26,0,26,140
09/22/2021,STT,VI,ASO,ES,Towers with Radar,14,17,5,0,36,0,55,11,0,66,14,72,16,0,102,43,0,43,145
09/23/2021,STT,VI,ASO,ES,Towers with Radar,18,28,1,0,47,0,51,29,0,80,18,79,30,0,127,14,0,14,141
09/24/2021,STT,VI,ASO,ES,Towers with Radar,20,13,1,0,34,0,55,21,0,76,20,68,22,0,110,34,0,34,144
09/25/2021,STT,VI,ASO,ES,Towers with Radar,37,8,2,0,47,0,37,22,0,59,37,45,24,0,106,12,0,12,118
09/26/2021,STT,VI,ASO,ES,Towers with Radar,22,5,1,0,28,0,34,13,0,47,22,39,14,0,75,0,0,0,75
09/27/2021,STT,VI,ASO,ES,Towers with Radar,18,18,1,0,37,0,45,21,0,66,18,63,22,0,103,52,0,52,155
09/28/2021,STT,VI,ASO,ES,Towers with Radar,15,9,2,0,26,0,52,25,0,77,15,61,27,0,103,44,0,44,147
09/29/2021,STT,VI,ASO,ES,Towers with Radar,15,16,4,0,35,0,52,12,0,64,15,68,16,0,99,72,0,72,171
09/30/2021,STT,VI,ASO,ES,Towers with Radar,20,19,4,0,43,0,43,18,2,63,20,62,22,2,106,16,0,16,122
10/01/2021,STT,VI,ASO,ES,Towers with Radar,20,19,2,0,41,0,53,24,0,77,20,72,26,0,118,6,0,6,124
10/02/2021,STT,VI,ASO,ES,Towers with Radar,37,10,2,0,49,0,49,23,0,72,37,59,25,0,121,14,0,14,135
10/03/2021,STT,VI,ASO,ES,Towers with Radar,24,9,5,0,38,0,35,13,0,48,24,44,18,0,86,0,0,0,86
10/04/2021,STT,VI,ASO,ES,Towers with Radar,18,19,4,0,41,0,46,22,0,68,18,65,26,0,109,2,0,2,111
10/05/2021,STT,VI,ASO,ES,Towers with Radar,15,17,5,0,37,0,49,20,0,69,15,66,25,0,106,16,0,16,122
10/06/2021,STT,VI,ASO,ES,Towers with Radar,14,22,6,0,42,0,51,18,0,69,14,73,24,0,111,0,0,0,111
10/07/2021,STT,VI,ASO,ES,Towers with Radar,20,20,3,0,43,0,49,22,0,71,20,69,25,0,114,23,0,23,137
10/08/2021,STT,VI,ASO,ES,Towers with Radar,26,30,5,0,61,0,47,24,0,71,26,77,29,0,132,22,0,22,154
10/09/2021,STT,VI,ASO,ES,Towers with Radar,45,13,4,0,62,0,34,20,0,54,45,47,24,0,116,0,0,0,116
10/10/2021,STT,VI,ASO,ES,Towers with Radar,26,8,9,0,43,0,41,11,0,52,26,49,20,0,95,0,0,0,95
10/11/2021,STT,VI,ASO,ES,Towers with Radar,20,14,0,0,34,0,43,13,0,56,20,57,13,0,90,0,0,0,90
10/12/2021,STT,VI,ASO,ES,Towers with Radar,19,23,6,0,48,0,50,11,2,63,19,73,17,2,111,0,0,0,111
10/13/2021,STT,VI,ASO,ES,Towers with Radar,18,19,6,0,43,0,36,23,0,59,18,55,29,0,102,0,0,0,102
10/14/2021,STT,VI,ASO,ES,Towers with Radar,21,18,5,0,44,0,51,16,0,67,21,69,21,0,111,0,0,0,111
10/15/2021,STT,VI,ASO,ES,Towers with Radar,21,21,8,0,50,0,61,22,0,83,21,82,30,0,133,0,0,0,133
10/16/2021,STT,VI,ASO,ES,Towers with Radar,41,9,1,0,51,0,42,18,0,60,41,51,19,0,111,12,0,12,123
10/17/2021,STT,VI,ASO,ES,Towers with Radar,26,8,5,0,39,0,36,28,0,64,26,44,33,0,103,26,0,26,129
10/18/2021,STT,VI,ASO,ES,Towers with Radar,20,18,3,2,43,0,52,10,1,63,20,70,13,3,106,8,0,8,114
10/19/2021,STT,VI,ASO,ES,Towers with Radar,21,18,6,0,45,0,42,29,0,71,21,60,35,0,116,32,0,32,148
10/20/2021,STT,VI,ASO,ES,Towers with Radar,16,19,7,0,42,0,48,20,0,68,16,67,27,0,110,16,0,16,126
10/21/2021,STT,VI,ASO,ES,Towers with Radar,21,21,6,0,48,0,51,11,1,63,21,72,17,1,111,0,0,0,111
10/22/2021,STT,VI,ASO,ES,Towers with Radar,23,15,8,0,46,0,55,27,0,82,23,70,35,0,128,0,0,0,128
10/23/2021,STT,VI,ASO,ES,Towers with Radar,43,11,3,0,57,0,33,32,0,65,43,44,35,0,122,14,0,14,136
10/24/2021,STT,VI,ASO,ES,Towers with Radar,26,10,4,0,40,0,44,14,0,58,26,54,18,0,98,24,0,24,122
10/25/2021,STT,VI,ASO,ES,Towers with Radar,22,19,3,0,44,0,43,11,1,55,22,62,14,1,99,6,0,6,105
10/26/2021,STT,VI,ASO,ES,Towers with Radar,21,17,9,0,47,0,61,13,0,74,21,78,22,0,121,0,0,0,121
10/27/2021,STT,VI,ASO,ES,Towers with Radar,17,17,17,0,51,0,59,28,0,87,17,76,45,0,138,30,0,30,168
10/28/2021,STT,VI,ASO,ES,Towers with Radar,19,22,5,0,46,0,52,29,0,81,19,74,34,0,127,16,0,16,143
10/29/2021,STT,VI,ASO,ES,Towers with Radar,21,22,6,0,49,0,57,28,0,85,21,79,34,0,134,14,0,14,148
10/30/2021,STT,VI,ASO,ES,Towers with Radar,39,11,10,0,60,0,43,33,0,76,39,54,43,0,136,2,0,2,138
10/31/2021,STT,VI,ASO,ES,Towers with Radar,28,10,12,0,50,0,41,9,0,50,28,51,21,0,100,4,0,4,104
11/01/2021,STT,VI,ASO,ES,Towers with Radar,20,24,16,0,60,0,56,27,0,83,20,80,43,0,143,21,0,21,164
11/02/2021,STT,VI,ASO,ES,Towers with Radar,20,22,10,0,52,0,50,33,0,83,20,72,43,0,135,24,0,24,159
11/03/2021,STT,VI,ASO,ES,Towers with Radar,24,19,4,0,47,0,45,19,0,64,24,64,23,0,111,26,0,26,137
11/04/2021,STT,VI,ASO,ES,Towers with Radar,29,16,5,0,50,0,54,34,3,91,29,70,39,3,141,7,0,7,148
11/05/2021,STT,VI,ASO,ES,Towers with Radar,27,22,8,0,57,0,58,31,0,89,27,80,39,0,146,6,0,6,152
11/06/2021,STT,VI,ASO,ES,Towers with Radar,42,14,9,0,65,0,38,31,0,69,42,52,40,0,134,47,0,47,181
11/07/2021,STT,VI,ASO,ES,Towers with Radar,32,11,6,0,49,0,43,19,0,62,32,54,25,0,111,4,0,4,115
11/08/2021,STT,VI,ASO,ES,Towers with Radar,23,18,5,0,46,0,53,24,1,78,23,71,29,1,124,4,2,6,130
11/09/2021,STT,VI,ASO,ES,Towers with Radar,22,22,9,0,53,0,55,30,0,85,22,77,39,0,138,0,0,0,138
11/10/2021,STT,VI,ASO,ES,Towers with Radar,26,17,7,0,50,0,61,34,0,95,26,78,41,0,145,50,0,50,195
11/11/2021,STT,VI,ASO,ES,Towers with Radar,28,12,6,0,46,0,42,37,0,79,28,54,43,0,125,36,0,36,161
11/12/2021,STT,VI,ASO,ES,Towers with Radar,26,26,9,0,61,0,62,30,0,92,26,88,39,0,153,30,0,30,183
11/13/2021,STT,VI,ASO,ES,Towers with Radar,43,14,6,0,63,0,37,21,0,58,43,51,27,0,121,0,0,0,121
11/14/2021,STT,VI,ASO,ES,Towers with Radar,35,12,9,0,56,0,43,25,0,68,35,55,34,0,124,30,0,30,154
11/15/2021,STT,VI,ASO,ES,Towers with Radar,22,24,7,0,53,0,45,26,0,71,22,69,33,0,124,30,0,30,154
11/16/2021,STT,VI,ASO,ES,Towers with Radar,20,26,10,0,56,0,50,44,0,94,20,76,54,0,150,14,0,14,164
11/17/2021,STT,VI,ASO,ES,Towers with Radar,28,25,6,0,59,0,48,28,1,77,28,73,34,1,136,38,1,39,175
11/18/2021,STT,VI,ASO,ES,Towers with Radar,34,30,10,0,74,0,53,30,0,83,34,83,40,0,157,0,0,0,157
11/19/2021,STT,VI,ASO,ES,Towers with Radar,30,26,18,0,74,0,61,43,0,104,30,87,61,0,178,46,0,46,224
11/20/2021,STT,VI,ASO,ES,Towers with Radar,49,20,17,0,86,0,36,24,0,60,49,56,41,0,146,0,0,0,146
11/21/2021,STT,VI,ASO,ES,Towers with Radar,34,15,4,0,53,0,45,27,0,72,34,60,31,0,125,28,0,28,153
11/22/2021,STT,VI,ASO,ES,Towers with Radar,23,19,7,0,49,0,48,24,0,72,23,67,31,0,121,10,0,10,131
11/23/2021,STT,VI,ASO,ES,Towers with Radar,31,32,9,1,73,0,56,35,1,92,31,88,44,2,165,26,0,26,191
11/24/2021,STT,VI,ASO,ES,Towers with Radar,30,24,9,0,63,0,65,34,0,99,30,89,43,0,162,6,0,6,168
11/25/2021,STT,VI,ASO,ES,Towers with Radar,23,19,3,0,45,0,27,8,0,35,23,46,11,0,80,2,0,2,82
11/26/2021,STT,VI,ASO,ES,Towers with Radar,28,18,3,0,49,0,55,7,0,62,28,73,10,0,111,0,0,0,111
11/27/2021,STT,VI,ASO,ES,Towers with Radar,51,18,9,0,78,0,43,27,0,70,51,61,36,0,148,0,0,0,148
11/28/2021,STT,VI,ASO,ES,Towers with Radar,37,25,12,0,74,0,53,19,0,72,37,78,31,0,146,0,0,0,146
11/29/2021,STT,VI,ASO,ES,Towers with Radar,28,21,14,0,63,0,72,10,0,82,28,93,24,0,145,0,0,0,145
11/30/2021,STT,VI,ASO,ES,Towers with Radar,28,25,6,0,59,0,50,26,0,76,28,75,32,0,135,14,0,14,149
12/01/2021,STT,VI,ASO,ES,Towers with Radar,27,34,11,0,72,0,43,29,0,72,27,77,40,0,144,15,0,15,159
12/02/2021,STT,VI,ASO,ES,Towers with Radar,28,32,14,0,74,0,44,34,4,82,28,76,48,4,156,24,0,24,180
12/03/2021,STT,VI,ASO,ES,Towers with Radar,26,28,7,0,61,0,58,25,1,84,26,86,32,1,145,30,0,30,175
12/04/2021,STT,VI,ASO,ES,Towers with Radar,47,15,3,0,65,0,45,14,0,59,47,60,17,0,124,3,0,3,127
12/05/2021,STT,VI,ASO,ES,Towers with Radar,36,16,6,0,58,0,43,18,0,61,36,59,24,0,119,0,0,0,119
12/06/2021,STT,VI,ASO,ES,Towers with Radar,23,17,11,0,51,0,60,26,0,86,23,77,37,0,137,12,0,12,149
12/07/2021,STT,VI,ASO,ES,Towers with Radar,23,23,8,0,54,0,54,27,0,81,23,77,35,0,135,16,0,16,151
12/08/2021,STT,VI,ASO,ES,Towers with Radar,26,21,12,0,59,0,53,34,4,91,26,74,46,4,150,4,0,4,154
12/09/2021,STT,VI,ASO,ES,Towers with Radar,27,23,12,0,62,0,56,39,0,95,27,79,51,0,157,4,0,4,161
12/10/2021,STT,VI,ASO,ES,Towers with Radar,27,26,7,0,60,0,61,36,0,97,27,87,43,0,157,4,0,4,161
12/11/2021,STT,VI,ASO,ES,Towers with Radar,47,9,6,0,62,0,41,14,2,57,47,50,20,2,119,0,0,0,119
12/12/2021,STT,VI,ASO,ES,Towers with Radar,32,13,7,0,52,0,42,39,0,81,32,55,46,0,133,9,0,9,142
12/13/2021,STT,VI,ASO,ES,Towers with Radar,25,29,8,0,62,0,57,20,0,77,25,86,28,0,139,0,0,0,139
12/14/2021,STT,VI,ASO,ES,Towers with Radar,27,22,3,0,52,0,56,42,0,98,27,78,45,0,150,0,0,0,150
12/15/2021,STT,VI,ASO,ES,Towers with Radar,26,30,15,0,71,0,46,35,1,82,26,76,50,1,153,16,0,16,169
12/16/2021,STT,VI,ASO,ES,Towers with Radar,35,28,9,0,72,0,61,49,0,110,35,89,58,0,182,22,0,22,204
12/17/2021,STT,VI,ASO,ES,Towers with Radar,33,28,15,0,76,0,64,60,0,124,33,92,75,0,200,0,0,0,200
12/18/2021,STT,VI,ASO,ES,Towers with Radar,55,22,25,0,102,0,48,27,0,75,55,70,52,0,177,0,0,0,177
12/19/2021,STT,VI,ASO,ES,Towers with Radar,38,20,19,0,77,0,37,28,0,65,38,57,47,0,142,12,0,12,154
12/20/2021,STT,VI,ASO,ES,Towers with Radar,34,25,16,0,75,0,58,37,0,95,34,83,53,0,170,0,0,0,170
12/21/2021,STT,VI,ASO,ES,Towers with Radar,38,37,15,0,90,0,48,33,0,81,38,85,48,0,171,0,0,0,171
12/22/2021,STT,VI,ASO,ES,Towers with Radar,42,31,17,0,90,0,61,47,0,108,42,92,64,0,198,28,0,28,226
12/23/2021,STT,VI,ASO,ES,Towers with Radar,40,26,12,0,78,0,58,45,0,103,40,84,57,0,181,28,0,28,209
12/24/2021,STT,VI,ASO,ES,Towers with Radar,36,17,12,0,65,0,55,29,0,84,36,72,41,0,149,6,0,6,155
12/25/2021,STT,VI,ASO,ES,Towers with Radar,54,6,4,0,64,0,42,7,0,49,54,48,11,0,113,0,0,0,113
12/26/2021,STT,VI,ASO,ES,Towers with Radar,42,22,46,0,110,0,37,27,0,64,42,59,73,0,174,0,0,0,174
12/27/2021,STT,VI,ASO,ES,Towers with Radar,36,23,21,0,80,0,57,40,0,97,36,80,61,0,177,16,0,16,193
12/28/2021,STT,VI,ASO,ES,Towers with Radar,39,30,15,0,84,0,58,32,0,90,39,88,47,0,174,0,0,0,174
12/29/2021,STT,VI,ASO,ES,Towers with Radar,40,24,11,0,75,0,55,20,0,75,40,79,31,0,150,10,0,10,160
12/30/2021,STT,VI,ASO,ES,Towers with Radar,38,30,10,0,78,0,63,41,0,104,38,93,51,0,182,0,0,0,182
12/31/2021,STT,VI,ASO,ES,Towers with Radar,37,26,13,0,76,0,49,17,0,66,37,75,30,0,142,0,0,0,142
01/01/2022,STT,VI,ASO,ES,Towers with Radar,50,13,17,0,80,0,51,10,0,61,50,64,27,0,141,6,0,6,147
01/02/2022,STT,VI,ASO,ES,Towers with Radar,44,27,26,0,97,0,41,33,0,74,44,68,59,0,171,18,0,18,189
01/03/2022,STT,VI,ASO,ES,Towers with Radar,36,25,20,0,81,0,55,23,0,78,36,80,43,0,159,6,0,6,165
01/04/2022,STT,VI,ASO,ES,Towers with Radar,39,30,17,0,86,0,43,26,0,69,39,73,43,0,155,6,0,6,161
01/05/2022,STT,VI,ASO,ES,Towers with Radar,30,25,9,0,64,0,45,29,0,74,30,70,38,0,138,4,0,4,142
01/06/2022,STT,VI,ASO,ES,Towers with Radar,32,23,5,0,60,0,42,24,0,66,32,65,29,0,126,20,0,20,146
01/07/2022,STT,VI,ASO,ES,Towers with Radar,29,27,8,0,64,0,55,28,0,83,29,82,36,0,147,8,0,8,155
01/08/2022,STT,VI,ASO,ES,Towers with Radar,47,11,13,0,71,0,48,35,0,83,47,59,48,0,154,8,0,8,162
01/09/2022,STT,VI,ASO,ES,Towers with Radar,35,15,12,0,62,0,38,23,0,61,35,53,35,0,123,0,0,0,123
01/10/2022,STT,VI,ASO,ES,Towers with Radar,30,23,8,0,61,0,54,25,0,79,30,77,33,0,140,0,0,0,140
01/11/2022,STT,VI,ASO,ES,Towers with Radar,32,25,10,0,67,0,46,26,0,72,32,71,36,0,139,8,0,8,147
01/12/2022,STT,VI,ASO,ES,Towers with Radar,30,30,7,2,69,0,47,23,0,70,30,77,30,2,139,8,0,8,147
01/13/2022,STT,VI,ASO,ES,Towers with Radar,33,38,9,0,80,0,46,20,0,66,33,84,29,0,146,0,0,0,146
01/14/2022,STT,VI,ASO,ES,Towers with Radar,28,32,16,0,76,0,55,32,0,87,28,87,48,0,163,0,0,0,163
01/15/2022,STT,VI,ASO,ES,Towers with Radar,46,18,9,0,73,0,45,35,0,80,46,63,44,0,153,8,0,8,161
01/16/2022,STT,VI,ASO,ES,Towers with Radar,24,5,6,0,35,0,10,7,0,17,24,15,13,0,52,0,0,0,52
01/17/2022,STT,VI,ASO,ES,Towers with Radar,29,26,9,0,64,0,49,27,0,76,29,75,36,0,140,26,0,26,166
01/18/2022,STT,VI,ASO,ES,Towers with Radar,30,30,13,0,73,0,49,23,2,74,30,79,36,2,147,22,0,22,169
01/19/2022,STT,VI,ASO,ES,Towers with Radar,29,19,9,0,57,0,47,18,0,65,29,66,27,0,122,26,0,26,148
01/20/2022,STT,VI,ASO,ES,Towers with Radar,31,29,11,1,72,0,54,33,0,87,31,83,44,1,159,17,2,19,178
01/21/2022,STT,VI,ASO,ES,Towers with Radar,30,24,9,0,63,0,53,24,0,77,30,77,33,0,140,6,0,6,146
01/22/2022,STT,VI,ASO,ES,Towers with Radar,49,17,9,0,75,0,46,23,0,69,49,63,32,0,144,12,0,12,156
01/23/2022,STT,VI,ASO,ES,Towers with Radar,34,14,9,0,57,0,37,24,0,61,34,51,33,0,118,10,0,10,128
01/24/2022,STT,VI,ASO,ES,Towers with Radar,26,9,2,0,37,0,17,9,0,26,26,26,11,0,63,0,0,0,63
01/25/2022,STT,VI,ASO,ES,Towers with Radar,30,29,9,0,68,0,45,26,0,71,30,74,35,0,139,21,0,21,160
01/26/2022,STT,VI,ASO,ES,Towers with Radar,31,18,17,0,66,0,60,35,0,95,31,78,52,0,161,36,2,38,199
01/27/2022,STT,VI,ASO,ES,Towers with Radar,29,18,11,0,58,0,51,39,0,90,29,69,50,0,148,36,0,36,184
01/28/2022,STT,VI,ASO,ES,Towers with Radar,27,23,9,0,59,0,56,30,0,86,27,79,39,0,145,43,0,43,188
01/29/2022,STT,VI,ASO,ES,Towers with Radar,32,17,20,0,69,0,38,33,0,71,32,55,53,0,140,10,0,10,150
01/30/2022,STT,VI,ASO,ES,Towers with Radar,29,28,14,0,71,0,23,26,0,49,29,51,40,0,120,18,0,18,138
01/31/2022,STT,VI,ASO,ES,Towers with Radar,27,22,13,0,62,0,51,24,0,75,27,73,37,0,137,4,0,4,141
02/01/2022,STT,VI,ASO,ES,Towers with Radar,30,24,6,0,60,0,48,30,0,78,30,72,36,0,138,6,0,6,144
02/02/2022,STT,VI,ASO,ES,Towers with Radar,30,20,12,0,62,0,52,31,0,83,30,72,43,0,145,44,0,44,189
02/03/2022,STT,VI,ASO,ES,Towers with Radar,30,25,15,0,70,0,51,23,2,76,30,76,38,2,146,20,0,20,166
02/04/2022,STT,VI,ASO,ES,Towers with Radar,27,32,8,0,67,0,46,23,0,69,27,78,31,0,136,0,0,0,136
02/05/2022,STT,VI,ASO,ES,Towers with Radar,43,20,12,0,75,0,29,15,0,44,43,49,27,0,119,0,0,0,119
02/06/2022,STT,VI,ASO,ES,Towers with Radar,36,23,12,0,71,0,23,9,0,32,36,46,21,0,103,2,0,2,105
02/07/2022,STT,VI,ASO,ES,Towers with Radar,29,25,7,1,62,0,42,34,1,77,29,67,41,2,139,0,0,0,139
02/08/2022,STT,VI,ASO,ES,Towers with Radar,27,23,5,0,55,0,52,43,0,95,27,75,48,0,150,0,0,0,150
02/09/2022,STT,VI,ASO,ES,Towers with Radar,30,23,10,0,63,0,46,27,2,75,30,69,37,2,138,6,0,6,144
02/10/2022,STT,VI,ASO,ES,Towers with Radar,31,26,10,0,67,0,56,22,0,78,31,82,32,0,145,16,0,16,161
02/11/2022,STT,VI,ASO,ES,Towers with Radar,32,22,4,0,58,0,69,32,0,101,32,91,36,0,159,0,0,0,159
02/12/2022,STT,VI,ASO,ES,Towers with Radar,49,17,21,0,87,0,27,33,0,60,49,44,54,0,147,13,0,13,160
02/13/2022,STT,VI,ASO,ES,Towers with Radar,33,18,20,0,71,0,28,22,0,50,33,46,42,0,121,0,0,0,121
02/14/2022,STT,VI,ASO,ES,Towers with Radar,28,25,14,0,67,0,50,26,0,76,28,75,40,0,143,0,0,0,143
02/15/2022,STT,VI,ASO,ES,Towers with Radar,26,27,9,0,62,0,40,54,0,94,26,67,63,0,156,30,0,30,186
02/16/2022,STT,VI,ASO,ES,Towers with Radar,28,29,10,0,67,0,51,25,0,76,28,80,35,0,143,52,0,52,195
02/17/2022,STT,VI,ASO,ES,Towers with Radar,32,21,13,1,67,0,72,17,2,91,32,93,30,3,158,10,0,10,168
02/18/2022,STT,VI,ASO,ES,Towers with Radar,33,24,19,0,76,0,61,30,0,91,33,85,49,0,167,8,0,8,175
02/19/2022,STT,VI,ASO,ES,Towers with Radar,50,15,15,0,80,0,30,26,0,56,50,45,41,0,136,0,0,0,136
02/20/2022,STT,VI,ASO,ES,Towers with Radar,38,14,21,4,77,0,42,38,0,80,38,56,59,4,157,8,0,8,165
02/21/2022,STT,VI,ASO,ES,Towers with Radar,34,10,9,0,53,0,56,30,1,87,34,66,39,1,140,8,0,8,148
02/22/2022,STT,VI,ASO,ES,Towers with Radar,32,24,12,0,68,0,42,20,0,62,32,66,32,0,130,22,0,22,152
02/23/2022,STT,VI,ASO,ES,Towers with Radar,33,33,21,0,87,0,50,33,0,83,33,83,54,0,170,15,0,15,185
02/24/2022,STT,VI,ASO,ES,Towers with Radar,35,25,12,0,72,0,73,26,0,99,35,98,38,0,171,16,0,16,187
02/25/2022,STT,VI,ASO,ES,Towers with Radar,31,19,9,0,59,0,66,45,0,111,31,85,54,0,170,24,0,24,194
02/26/2022,STT,VI,ASO,ES,Towers with Radar,51,18,8,0,77,0,44,45,0,89,51,62,53,0,166,28,0,28,194
02/27/2022,STT,VI,ASO,ES,Towers with Radar,37,11,15,0,63,0,31,35,0,66,37,42,50,0,129,2,0,2,131
02/28/2022,STT,VI,ASO,ES,Towers with Radar,34,23,10,0,67,0,42,36,2,80,34,65,46,2,147,10,0,10,157
03/01/2022,STT,VI,ASO,ES,Towers with Radar,31,24,10,0,65,0,54,52,0,106,31,78,62,0,171,8,0,8,179
03/02/2022,STT,VI,ASO,ES,Towers with Radar,24,19,6,0,49,0,61,29,0,90,24,80,35,0,139,36,0,36,175
03/03/2022,STT,VI,ASO,ES,Towers with Radar,31,43,10,0,84,0,46,40,0,86,31,89,50,0,170,14,0,14,184
03/04/2022,STT,VI,ASO,ES,Towers with Radar,33,20,14,0,67,0,71,44,0,115,33,91,58,0,182,12,0,12,194
03/05/2022,STT,VI,ASO,ES,Towers with Radar,55,18,11,0,84,0,29,33,2,64,55,47,44,2,148,18,0,18,166
03/06/2022,STT,VI,ASO,ES,Towers with Radar,40,14,10,0,64,0,35,34,0,69,40,49,44,0,133,2,0,2,135
03/07/2022,STT,VI,ASO,ES,Towers with Radar,36,21,5,0,62,0,48,48,0,96,36,69,53,0,158,44,0,44,202
03/08/2022,STT,VI,ASO,ES,Towers with Radar,34,25,13,0,72,0,56,32,1,89,34,81,45,1,161,12,0,12,173
03/09/2022,STT,VI,ASO,ES,Towers with Radar,37,19,8,0,64,0,54,25,0,79,37,73,33,0,143,28,0,28,171
03/10/2022,STT,VI,ASO,ES,Towers with Radar,36,33,13,0,82,0,44,41,1,86,36,77,54,1,168,24,0,24,192
03/11/2022,STT,VI,ASO,ES,Towers with Radar,36,25,29,0,90,0,52,57,0,109,36,77,86,0,199,6,0,6,205
03/12/2022,STT,VI,ASO,ES,Towers with Radar,51,19,27,2,99,0,34,38,0,72,51,53,65,2,171,2,0,2,173
03/13/2022,STT,VI,ASO,ES,Towers with Radar,38,15,18,0,71,0,38,36,0,74,38,53,54,0,145,4,0,4,149
03/14/2022,STT,VI,ASO,ES,Towers with Radar,39,29,7,0,75,0,60,35,1,96,39,89,42,1,171,22,0,22,193
03/15/2022,STT,VI,ASO,ES,Towers with Radar,35,17,3,0,55,0,72,30,6,108,35,89,33,6,163,32,0,32,195
03/16/2022,STT,VI,ASO,ES,Towers with Radar,36,22,8,2,68,0,46,30,3,79,36,68,38,5,147,16,0,16,163
03/17/2022,STT,VI,ASO,ES,Towers with Radar,36,28,18,0,82,0,47,29,0,76,36,75,47,0,158,32,0,32,190
03/18/2022,STT,VI,ASO,ES,Towers with Radar,36,27,15,0,78,0,70,30,0,100,36,97,45,0,178,13,0,13,191
03/19/2022,STT,VI,ASO,ES,Towers with Radar,52,33,29,0,114,0,56,29,0,85,52,89,58,0,199,22,0,22,221
03/20/2022,STT,VI,ASO,ES,Towers with Radar,40,14,20,0,74,0,47,39,0,86,40,61,59,0,160,8,0,8,168
03/21/2022,STT,VI,ASO,ES,Towers with Radar,40,35,10,0,85,0,46,28,0,74,40,81,38,0,159,52,0,52,211
03/22/2022,STT,VI,ASO,ES,Towers with Radar,34,22,3,0,59,0,48,26,0,74,34,70,29,0,133,12,0,12,145
03/23/2022,STT,VI,ASO,ES,Towers with Radar,34,22,8,2,66,0,56,27,0,83,34,78,35,2,149,64,0,64,213
03/24/2022,STT,VI,ASO,ES,Towers with Radar,38,33,13,0,84,0,56,28,0,84,38,89,41,0,168,12,0,12,180
03/25/2022,STT,VI,ASO,ES,Towers with Radar,34,25,12,0,71,0,57,46,0,103,34,82,58,0,174,57,0,57,231
03/26/2022,STT,VI,ASO,ES,Towers with Radar,52,23,19,0,94,0,30,43,0,73,52,53,62,0,167,20,0,20,187
03/27/2022,STT,VI,ASO,ES,Towers with Radar,40,11,9,0,60,0,33,35,0,68,40,44,44,0,128,30,0,30,158
03/28/2022,STT,VI,ASO,ES,Towers with Radar,36,17,11,0,64,0,46,28,0,74,36,63,39,0,138,50,0,50,188
03/29/2022,STT,VI,ASO,ES,Towers with Radar,34,24,14,0,72,0,54,31,0,85,34,78,45,0,157,42,0,42,199
03/30/2022,STT,VI,ASO,ES,Towers with Radar,34,17,2,0,53,0,56,27,0,83,34,73,29,0,136,0,0,0,136
03/31/2022,STT,VI,ASO,ES,Towers with Radar,35,25,7,0,67,0,54,18,1,73,35,79,25,1,140,10,0,10,150
04/01/2022,STT,VI,ASO,ES,Towers with Radar,34,19,10,0,63,0,70,33,0,103,34,89,43,0,166,6,0,6,172
04/02/2022,STT,VI,ASO,ES,Towers with Radar,49,20,21,0,90,0,42,35,0,77,49,62,56,0,167,0,0,0,167
04/03/2022,STT,VI,ASO,ES,Towers with Radar,38,13,8,0,59,0,35,38,0,73,38,48,46,0,132,0,0,0,132
04/04/2022,STT,VI,ASO,ES,Towers with Radar,34,19,6,0,59,0,58,24,2,84,34,77,30,2,143,32,0,32,175
04/05/2022,STT,VI,ASO,ES,Towers with Radar,30,22,5,0,57,0,50,30,0,80,30,72,35,0,137,22,0,22,159
04/06/2022,STT,VI,ASO,ES,Towers with Radar,34,23,8,0,65,0,42,22,0,64,34,65,30,0,129,0,0,0,129
04/07/2022,STT,VI,ASO,ES,Towers with Radar,29,19,12,0,60,0,53,18,0,71,29,72,30,0,131,0,0,0,131
04/08/2022,STT,VI,ASO,ES,Towers with Radar,32,20,12,0,64,0,62,38,0,100,32,82,50,0,164,16,0,16,180
04/09/2022,STT,VI,ASO,ES,Towers with Radar,50,12,11,0,73,0,48,44,2,94,50,60,55,2,167,16,0,16,183
04/10/2022,STT,VI,ASO,ES,Towers with Radar,32,14,15,2,63,0,28,27,0,55,32,42,42,2,118,0,0,0,118
04/11/2022,STT,VI,ASO,ES,Towers with Radar,36,21,11,0,68,0,46,46,0,92,36,67,57,0,160,24,0,24,184
04/12/2022,STT,VI,ASO,ES,Towers with Radar,25,20,10,0,55,5,46,40,0,91,30,66,50,0,146,60,0,60,206
04/13/2022,STT,VI,ASO,ES,Towers with Radar,36,22,7,0,65,0,54,39,2,95,36,76,46,2,160,32,0,32,192
04/14/2022,STT,VI,ASO,ES,Towers with Radar,32,24,15,0,71,0,69,32,2,103,32,93,47,2,174,27,0,27,201
04/15/2022,STT,VI,ASO,ES,Towers with Radar,35,9,15,0,59,0,49,32,0,81,35,58,47,0,140,0,0,0,140
04/16/2022,STT,VI,ASO,ES,Towers with Radar,48,12,15,0,75,0,40,28,0,68,48,52,43,0,143,0,0,0,143
04/17/2022,STT,VI,ASO,ES,Towers with Radar,37,10,8,0,55,0,42,20,0,62,37,52,28,0,117,0,0,0,117
04/18/2022,STT,VI,ASO,ES,Towers with Radar,34,25,7,0,66,0,64,27,0,91,34,89,34,0,157,12,0,12,169
04/19/2022,STT,VI,ASO,ES,Towers with Radar,28,25,7,0,60,0,59,26,4,89,28,84,33,4,149,0,0,0,149
04/20/2022,STT,VI,ASO,ES,Towers with Radar,30,25,19,2,76,0,42,38,0,80,30,67,57,2,156,10,0,10,166
04/21/2022,STT,VI,ASO,ES,Towers with Radar,34,16,5,0,55,0,55,41,0,96,34,71,46,0,151,34,0,34,185
04/22/2022,STT,VI,ASO,ES,Towers with Radar,33,24,6,0,63,0,75,42,2,119,33,99,48,2,182,47,0,47,229
04/23/2022,STT,VI,ASO,ES,Towers with Radar,46,19,13,0,78,0,40,43,0,83,46,59,56,0,161,20,0,20,181
04/24/2022,STT,VI,ASO,ES,Towers with Radar,37,11,8,0,56,0,40,44,0,84,37,51,52,0,140,0,0,0,140
04/25/2022,STT,VI,ASO,ES,Towers with Radar,33,23,15,0,71,0,45,31,0,76,33,68,46,0,147,6,1,7,154
04/26/2022,STT,VI,ASO,ES,Towers with Radar,28,21,11,0,60,0,64,32,0,96,28,85,43,0,156,28,0,28,184
04/27/2022,STT,VI,ASO,ES,Towers with Radar,30,18,3,0,51,0,65,67,1,133,30,83,70,1,184,60,0,60,244
04/28/2022,STT,VI,ASO,ES,Towers with Radar,31,24,2,0,57,0,52,28,1,81,31,76,30,1,138,4,0,4,142
04/29/2022,STT,VI,ASO,ES,Towers with Radar,33,7,8,0,48,0,49,44,1,94,33,56,52,1,142,0,0,0,142
04/30/2022,STT,VI,ASO,ES,Towers with Radar,48,20,10,0,78,0,17,4,1,22,48,37,14,1,100,0,0,0,100
05/01/2022,STT,VI,ASO,ES,Towers with Radar,35,30,13,0,78,0,26,20,0,46,35,56,33,0,124,0,0,0,124
05/02/2022,STT,VI,ASO,ES,Towers with Radar,34,20,13,0,67,0,52,38,2,92,34,72,51,2,159,18,0,18,177
05/03/2022,STT,VI,ASO,ES,Towers with Radar,25,19,11,0,55,0,54,27,0,81,25,73,38,0,136,62,0,62,198
05/04/2022,STT,VI,ASO,ES,Towers with Radar,30,28,8,0,66,0,45,32,0,77,30,73,40,0,143,66,0,66,209
05/05/2022,STT,VI,ASO,ES,Towers with Radar,28,14,6,0,48,0,47,25,0,72,28,61,31,0,120,30,0,30,150
05/06/2022,STT,VI,ASO,ES,Towers with Radar,31,18,9,0,58,0,45,31,0,76,31,63,40,0,134,31,0,31,165
05/07/2022,STT,VI,ASO,ES,Towers with Radar,43,15,13,0,71,0,27,15,0,42,43,42,28,0,113,0,0,0,113
05/08/2022,STT,VI,ASO,ES,Towers with Radar,29,15,6,0,50,0,36,10,0,46,29,51,16,0,96,2,0,2,98
05/09/2022,STT,VI,ASO,ES,Towers with Radar,32,15,8,0,55,0,39,29,0,68,32,54,37,0,123,0,0,0,123
05/10/2022,STT,VI,ASO,ES,Towers with Radar,28,19,9,0,56,0,32,50,0,82,28,51,59,0,138,18,0,18,156
05/11/2022,STT,VI,ASO,ES,Towers with Radar,33,23,7,0,63,0,35,60,0,95,33,58,67,0,158,42,0,42,200
05/12/2022,STT,VI,ASO,ES,Towers with Radar,29,27,9,0,65,0,46,25,0,71,29,73,34,0,136,0,0,0,136
05/13/2022,STT,VI,ASO,ES,Towers with Radar,31,26,6,2,65,0,33,40,0,73,31,59,46,2,138,22,0,22,160
05/14/2022,STT,VI,ASO,ES,Towers with Radar,42,14,21,0,77,0,23,21,0,44,42,37,42,0,121,24,0,24,145
05/15/2022,STT,VI,ASO,ES,Towers with Radar,31,12,7,0,50,0,23,23,0,46,31,35,30,0,96,0,0,0,96
05/16/2022,STT,VI,ASO,ES,Towers with Radar,31,25,6,0,62,0,31,23,0,54,31,56,29,0,116,0,0,0,116
05/17/2022,STT,VI,ASO,ES,Towers with Radar,28,24,15,0,67,0,59,35,1,95,28,83,50,1,162,16,0,16,178
05/18/2022,STT,VI,ASO,ES,Towers with Radar,32,20,13,0,65,0,46,41,1,88,32,66,54,1,153,16,0,16,169
05/19/2022,STT,VI,ASO,ES,Towers with Radar,27,21,7,0,55,0,36,33,0,69,27,57,40,0,124,18,0,18,142
05/20/2022,STT,VI,ASO,ES,Towers with Radar,30,18,12,0,60,0,55,47,6,108,30,73,59,6,168,70,0,70,238
05/21/2022,STT,VI,ASO,ES,Towers with Radar,43,9,12,0,64,0,31,22,0,53,43,40,34,0,117,20,0,20,137
05/22/2022,STT,VI,ASO,ES,Towers with Radar,30,11,12,0,53,0,27,17,0,44,30,38,29,0,97,0,0,0,97
05/23/2022,STT,VI,ASO,ES,Towers with Radar,32,20,7,0,59,0,41,24,2,67,32,61,31,2,126,0,0,0,126
05/24/2022,STT,VI,ASO,ES,Towers with Radar,28,22,5,0,55,0,42,27,0,69,28,64,32,0,124,12,0,12,136
05/25/2022,STT,VI,ASO,ES,Towers with Radar,29,21,6,0,56,0,41,25,0,66,29,62,31,0,122,36,0,36,158
05/26/2022,STT,VI,ASO,ES,Towers with Radar,27,24,13,0,64,0,41,13,0,54,27,65,26,0,118,54,0,54,172
05/27/2022,STT,VI,ASO,ES,Towers with Radar,31,19,3,0,53,0,62,62,2,126,31,81,65,2,179,44,0,44,223
05/28/2022,STT,VI,ASO,ES,Towers with Radar,43,9,6,0,58,0,49,28,0,77,43,58,34,0,135,27,0,27,162
05/29/2022,STT,VI,ASO,ES,Towers with Radar,30,15,5,0,50,0,32,21,0,53,30,47,26,0,103,10,0,10,113
05/30/2022,STT,VI,ASO,ES,Towers with Radar,32,15,8,0,55,0,46,22,0,68,32,61,30,0,123,0,0,0,123
05/31/2022,STT,VI,ASO,ES,Towers with Radar,28,24,7,0,59,0,59,21,2,82,28,83,28,2,141,14,0,14,155
06/01/2022,STT,VI,ASO,ES,Towers with Radar,32,17,5,2,56,0,44,26,3,73,32,61,31,5,129,40,0,40,169
06/02/2022,STT,VI,ASO,ES,Towers with Radar,26,20,8,0,54,0,39,31,0,70,26,59,39,0,124,8,0,8,132
06/03/2022,STT,VI,ASO,ES,Towers with Radar,34,22,5,0,61,0,69,60,0,129,34,91,65,0,190,48,0,48,238
06/04/2022,STT,VI,ASO,ES,Towers with Radar,43,15,5,0,63,0,18,39,0,57,43,33,44,0,120,4,0,4,124
06/05/2022,STT,VI,ASO,ES,Towers with Radar,33,10,4,0,47,0,29,17,0,46,33,39,21,0,93,0,0,0,93
06/06/2022,STT,VI,ASO,ES,Towers with Radar,34,19,8,0,61,0,33,26,0,59,34,52,34,0,120,32,0,32,152
06/07/2022,STT,VI,ASO,ES,Towers with Radar,31,15,3,0,49,0,29,43,0,72,31,44,46,0,121,22,0,22,143
06/08/2022,STT,VI,ASO,ES,Towers with Radar,34,18,8,0,60,0,38,40,4,82,34,56,48,4,142,8,0,8,150
06/09/2022,STT,VI,ASO,ES,Towers with Radar,28,15,5,0,48,0,38,22,0,60,28,53,27,0,108,48,0,48,156
06/10/2022,STT,VI,ASO,ES,Towers with Radar,35,13,5,0,53,0,45,45,0,90,35,58,50,0,143,0,0,0,143
06/11/2022,STT,VI,ASO,ES,Towers with Radar,42,7,12,0,61,0,23,20,0,43,42,30,32,0,104,0,0,0,104
06/12/2022,STT,VI,ASO,ES,Towers with Radar,36,9,7,0,52,0,21,26,0,47,36,30,33,0,99,0,0,0,99
06/13/2022,STT,VI,ASO,ES,Towers with Radar,36,22,12,0,70,0,26,24,0,50,36,48,36,0,120,32,0,32,152
06/14/2022,STT,VI,ASO,ES,Towers with Radar,30,19,4,0,53,0,20,26,0,46,30,39,30,0,99,20,0,20,119
06/15/2022,STT,VI,ASO,ES,Towers with Radar,36,22,6,0,64,0,36,25,0,61,36,58,31,0,125,18,0,18,143
06/16/2022,STT,VI,ASO,ES,Towers with Radar,32,19,10,0,61,0,40,26,0,66,32,59,36,0,127,16,0,16,143
06/17/2022,STT,VI,ASO,ES,Towers with Radar,32,25,12,0,69,0,55,47,0,102,32,80,59,0,171,18,0,18,189
06/18/2022,STT,VI,ASO,ES,Towers with Radar,44,18,20,0,82,0,19,11,2,32,44,37,31,2,114,22,0,22,136
06/19/2022,STT,VI,ASO,ES,Towers with Radar,32,17,5,0,54,0,21,33,0,54,32,38,38,0,108,0,0,0,108
06/20/2022,STT,VI,ASO,ES,Towers with Radar,36,9,5,0,50,0,28,30,0,58,36,37,35,0,108,20,0,20,128
06/21/2022,STT,VI,ASO,ES,Towers with Radar,32,13,2,0,47,0,30,45,0,75,32,43,47,0,122,42,0,42,164
06/22/2022,STT,VI,ASO,ES,Towers with Radar,36,18,8,0,62,0,31,54,0,85,36,49,62,0,147,0,0,0,147
06/23/2022,STT,VI,ASO,ES,Towers with Radar,30,22,4,0,56,0,39,41,0,80,30,61,45,0,136,16,0,16,152
06/24/2022,STT,VI,ASO,ES,Towers with Radar,34,17,3,0,54,0,42,24,0,66,34,59,27,0,120,0,0,0,120
06/25/2022,STT,VI,ASO,ES,Towers with Radar,44,13,10,0,67,0,22,15,0,37,44,35,25,0,104,14,0,14,118
06/26/2022,STT,VI,ASO,ES,Towers with Radar,34,11,6,0,51,0,21,19,0,40,34,32,25,0,91,0,0,0,91
06/27/2022,STT,VI,ASO,ES,Towers with Radar,34,17,10,0,61,0,30,40,0,70,34,47,50,0,131,0,0,0,131
06/28/2022,STT,VI,ASO,ES,Towers with Radar,37,19,4,0,60,0,26,22,0,48,37,45,26,0,108,30,0,30,138
06/29/2022,STT,VI,ASO,ES,Towers with Radar,36,17,5,0,58,0,42,42,0,84,36,59,47,0,142,26,0,26,168
06/30/2022,STT,VI,ASO,ES,Towers with Radar,32,16,10,0,58,0,48,29,3,80,32,64,39,3,138,8,0,8,146
07/01/2022,STT,VI,ASO,ES,Towers with Radar,32,25,13,0,70,0,51,51,1,103,32,76,64,1,173,6,0,6,179
07/02/2022,STT,VI,ASO,ES,Towers with Radar,44,19,13,6,82,3,8,10,0,21,47,27,23,6,103,0,0,0,103
07/03/2022,STT,VI,ASO,ES,Towers with Radar,30,9,3,0,42,0,19,13,0,32,30,28,16,0,74,0,0,0,74
07/04/2022,STT,VI,ASO,ES,Towers with Radar,34,9,1,0,44,0,28,17,0,45,34,37,18,0,89,0,0,0,89
07/05/2022,STT,VI,ASO,ES,Towers with Radar,30,20,6,0,56,0,41,42,0,83,30,61,48,0,139,20,0,20,159
07/06/2022,STT,VI,ASO,ES,Towers with Radar,32,18,5,0,55,0,41,17,2,60,32,59,22,2,115,36,0,36,151
07/07/2022,STT,VI,ASO,ES,Towers with Radar,30,19,4,0,53,0,33,32,2,67,30,52,36,2,120,34,0,34,154
07/08/2022,STT,VI,ASO,ES,Towers with Radar,32,18,12,0,62,0,42,43,0,85,32,60,55,0,147,22,0,22,169
07/09/2022,STT,VI,ASO,ES,Towers with Radar,44,16,12,0,72,0,34,30,0,64,44,50,42,0,136,6,0,6,142
07/10/2022,STT,VI,ASO,ES,Towers with Radar,33,7,3,0,43,0,32,23,0,55,33,39,26,0,98,4,0,4,102
07/11/2022,STT,VI,ASO,ES,Towers with Radar,34,20,7,0,61,0,29,20,0,49,34,49,27,0,110,6,0,6,116
07/12/2022,STT,VI,ASO,ES,Towers with Radar,29,16,11,0,56,0,32,33,0,65,29,48,44,0,121,16,0,16,137
07/13/2022,STT,VI,ASO,ES,Towers with Radar,30,20,8,0,58,0,34,21,0,55,30,54,29,0,113,0,0,0,113
07/14/2022,STT,VI,ASO,ES,Towers with Radar,33,20,10,0,63,0,37,38,0,75,33,57,48,0,138,4,0,4,142
07/15/2022,STT,VI,ASO,ES,Towers with Radar,32,17,12,0,61,0,72,54,0,126,32,89,66,0,187,0,0,0,187
07/16/2022,STT,VI,ASO,ES,Towers with Radar,46,5,6,0,57,0,22,21,0,43,46,27,27,0,100,22,0,22,122
07/17/2022,STT,VI,ASO,ES,Towers with Radar,31,8,11,0,50,0,25,22,0,47,31,33,33,0,97,12,0,12,109
07/18/2022,STT,VI,ASO,ES,Towers with Radar,34,22,9,0,65,0,31,33,0,64,34,53,42,0,129,18,0,18,147
07/19/2022,STT,VI,ASO,ES,Towers with Radar,29,21,3,0,53,0,21,31,1,53,29,42,34,1,106,44,0,44,150
07/20/2022,STT,VI,ASO,ES,Towers with Radar,35,14,4,1,54,0,38,37,0,75,35,52,41,1,129,16,0,16,145
07/21/2022,STT,VI,ASO,ES,Towers with Radar,30,30,6,0,66,0,18,18,0,36,30,48,24,0,102,0,0,0,102
07/22/2022,STT,VI,ASO,ES,Towers with Radar,32,13,1,0,46,0,46,55,0,101,32,59,56,0,147,0,0,0,147
07/23/2022,STT,VI,ASO,ES,Towers with Radar,40,13,7,0,60,0,29,33,1,63,40,42,40,1,123,12,0,12,135
07/24/2022,STT,VI,ASO,ES,Towers with Radar,31,11,8,0,50,0,11,17,0,28,31,22,25,0,78,0,0,0,78
07/25/2022,STT,VI,ASO,ES,Towers with Radar,34,19,3,0,56,0,26,26,0,52,34,45,29,0,108,4,0,4,112
07/26/2022,STT,VI,ASO,ES,Towers with Radar,36,18,7,0,61,0,27,27,0,54,36,45,34,0,115,0,0,0,115
07/27/2022,STT,VI,ASO,ES,Towers with Radar,32,24,8,0,64,0,35,30,0,65,32,59,38,0,129,18,0,18,147
07/28/2022,STT,VI,ASO,ES,Towers with Radar,28,18,6,0,52,0,41,23,1,65,28,59,29,1,117,0,0,0,117
07/29/2022,STT,VI,ASO,ES,Towers with Radar,32,25,4,0,61,0,42,40,1,83,32,67,44,1,144,0,0,0,144
07/30/2022,STT,VI,ASO,ES,Towers with Radar,44,11,15,0,70,0,21,26,0,47,44,32,41,0,117,0,0,0,117
07/31/2022,STT,VI,ASO,ES,Towers with Radar,33,7,5,0,45,0,15,24,0,39,33,22,29,0,84,14,0,14,98
08/01/2022,STT,VI,ASO,ES,Towers with Radar,34,14,8,0,56,0,29,27,2,58,34,43,35,2,114,4,0,4,118
08/02/2022,STT,VI,ASO,ES,Towers with Radar,30,15,7,0,52,0,33,20,1,54,30,48,27,1,106,0,0,0,106
08/03/2022,STT,VI,ASO,ES,Towers with Radar,32,22,4,0,58,0,34,15,1,50,32,56,19,1,108,0,4,4,112
08/04/2022,STT,VI,ASO,ES,Towers with Radar,30,19,8,0,57,0,34,16,0,50,30,53,24,0,107,0,0,0,107
08/05/2022,STT,VI,ASO,ES,Towers with Radar,31,17,5,0,53,0,38,40,0,78,31,55,45,0,131,0,0,0,131
08/06/2022,STT,VI,ASO,ES,Towers with Radar,47,7,7,0,61,0,24,29,0,53,47,31,36,0,114,6,0,6,120
08/07/2022,STT,VI,ASO,ES,Towers with Radar,32,14,5,0,51,0,25,32,0,57,32,39,37,0,108,2,0,2,110
08/08/2022,STT,VI,ASO,ES,Towers with Radar,34,14,5,0,53,0,41,39,0,80,34,55,44,0,133,6,0,6,139
08/09/2022,STT,VI,ASO,ES,Towers with Radar,33,26,5,0,64,0,28,20,0,48,33,54,25,0,112,14,0,14,126
08/10/2022,STT,VI,ASO,ES,Towers with Radar,35,18,5,0,58,0,41,28,0,69,35,59,33,0,127,24,0,24,151
08/11/2022,STT,VI,ASO,ES,Towers with Radar,29,21,9,0,59,0,35,33,4,72,29,56,42,4,131,22,0,22,153
08/12/2022,STT,VI,ASO,ES,Towers with Radar,33,16,15,0,64,0,42,34,1,77,33,58,49,1,141,16,0,16,157
08/13/2022,STT,VI,ASO,ES,Towers with Radar,44,10,5,0,59,0,22,33,0,55,44,32,38,0,114,18,0,18,132
08/14/2022,STT,VI,ASO,ES,Towers with Radar,29,10,0,0,39,0,28,22,0,50,29,38,22,0,89,10,0,10,99
08/15/2022,STT,VI,ASO,ES,Towers with Radar,31,14,4,0,49,0,28,29,0,57,31,42,33,0,106,10,0,10,116
08/16/2022,STT,VI,ASO,ES,Towers with Radar,22,15,6,0,43,0,34,35,3,72,22,49,41,3,115,0,0,0,115
08/17/2022,STT,VI,ASO,ES,Towers with Radar,24,19,3,0,46,0,37,12,1,50,24,56,15,1,96,4,0,4,100
08/18/2022,STT,VI,ASO,ES,Towers with Radar,20,27,12,0,59,0,32,33,0,65,20,59,45,0,124,0,0,0,124
08/19/2022,STT,VI,ASO,ES,Towers with Radar,25,18,9,0,52,0,53,39,0,92,25,71,48,0,144,8,0,8,152
08/20/2022,STT,VI,ASO,ES,Towers with Radar,32,9,6,0,47,0,17,18,0,35,32,26,24,0,82,14,0,14,96
08/21/2022,STT,VI,ASO,ES,Towers with Radar,28,12,4,0,44,0,11,17,1,29,28,23,21,1,73,0,0,0,73
08/22/2022,STT,VI,ASO,ES,Towers with Radar,24,16,6,0,46,0,26,24,0,50,24,42,30,0,96,0,0,0,96
08/23/2022,STT,VI,ASO,ES,Towers with Radar,22,17,2,0,41,0,30,15,0,45,22,47,17,0,86,6,0,6,92
08/24/2022,STT,VI,ASO,ES,Towers with Radar,24,17,9,0,50,0,31,34,2,67,24,48,43,2,117,20,0,20,137
08/25/2022,STT,VI,ASO,ES,Towers with Radar,20,16,2,0,38,0,33,15,0,48,20,49,17,0,86,40,0,40,126
08/26/2022,STT,VI,ASO,ES,Towers with Radar,24,20,6,4,54,0,34,34,0,68,24,54,40,4,122,26,0,26,148
08/27/2022,STT,VI,ASO,ES,Towers with Radar,37,13,7,0,57,0,23,29,0,52,37,36,36,0,109,0,0,0,109
08/28/2022,STT,VI,ASO,ES,Towers with Radar,25,10,5,2,42,0,23,35,0,58,25,33,40,2,100,0,0,0,100
08/29/2022,STT,VI,ASO,ES,Towers with Radar,24,13,2,0,39,0,35,22,3,60,24,48,24,3,99,0,0,0,99
08/30/2022,STT,VI,ASO,ES,Towers with Radar,22,20,6,0,48,0,31,28,3,62,22,51,34,3,110,8,0,8,118
08/31/2022,STT,VI,ASO,ES,Towers with Radar,26,16,19,0,61,0,36,24,0,60,26,52,43,0,121,24,0,24,145
09/01/2022,STT,VI,ASO,ES,Towers with Radar,19,22,4,0,45,0,35,36,0,71,19,57,40,0,116,58,0,58,174
09/02/2022,STT,VI,ASO,ES,Towers with Radar,26,13,3,0,42,0,43,33,0,76,26,56,36,0,118,0,0,0,118
09/03/2022,STT,VI,ASO,ES,Towers with Radar,32,12,4,0,48,0,26,23,0,49,32,38,27,0,97,0,0,0,97
09/04/2022,STT,VI,ASO,ES,Towers with Radar,5,6,2,0,13,0,8,14,2,24,5,14,16,2,37,0,0,0,37
09/05/2022,STT,VI,ASO,ES,Towers with Radar,23,21,9,0,53,0,8,34,0,42,23,29,43,0,95,0,0,0,95
09/06/2022,STT,VI,ASO,ES,Towers with Radar,27,14,1,0,42,0,24,29,0,53,27,38,30,0,95,0,0,0,95
09/07/2022,STT,VI,ASO,ES,Towers with Radar,12,18,0,0,30,0,29,24,0,53,12,47,24,0,83,4,0,4,87
09/08/2022,STT,VI,ASO,ES,Towers with Radar,14,18,7,1,40,0,28,23,4,55,14,46,30,5,95,24,0,24,119
09/09/2022,STT,VI,ASO,ES,Towers with Radar,16,16,5,0,37,0,37,39,0,76,16,53,44,0,113,0,0,0,113
09/10/2022,STT,VI,ASO,ES,Towers with Radar,22,8,3,0,33,0,18,18,0,36,22,26,21,0,69,11,0,11,80
09/11/2022,STT,VI,ASO,ES,Towers with Radar,20,5,8,0,33,0,22,5,0,27,20,27,13,0,60,8,0,8,68
09/12/2022,STT,VI,ASO,ES,Towers with Radar,14,14,0,0,28,0,32,31,0,63,14,46,31,0,91,0,0,0,91
09/13/2022,STT,VI,ASO,ES,Towers with Radar,12,15,3,0,30,0,28,47,0,75,12,43,50,0,105,14,0,14,119
09/14/2022,STT,VI,ASO,ES,Towers with Radar,12,18,4,0,34,0,28,21,0,49,12,46,25,0,83,8,0,8,91
09/15/2022,STT,VI,ASO,ES,Towers with Radar,14,24,11,0,49,0,25,22,3,50,14,49,33,3,99,0,0,0,99
09/16/2022,STT,VI,ASO,ES,Towers with Radar,16,14,8,0,38,0,37,7,2,46,16,51,15,2,84,0,0,0,84
09/17/2022,STT,VI,ASO,ES,Towers with Radar,10,0,0,0,10,0,0,0,0,0,10,0,0,0,10,0,0,0,10
09/18/2022,STT,VI,ASO,ES,Towers with Radar,0,0,0,0,0,0,0,0,0,0,0,0,0,0,0,0,0,0,0
09/19/2022,STT,VI,ASO,ES,Towers with Radar,16,10,0,0,26,0,9,9,0,18,16,19,9,0,44,0,0,0,44
09/20/2022,STT,VI,ASO,ES,Towers with Radar,12,18,6,0,36,0,29,24,6,59,12,47,30,6,95,0,0,0,95
09/21/2022,STT,VI,ASO,ES,Towers with Radar,12,21,9,0,42,7,29,32,1,69,19,50,41,1,111,7,0,7,118
09/22/2022,STT,VI,ASO,ES,Towers with Radar,14,18,4,0,36,0,36,25,2,63,14,54,29,2,99,28,0,28,127
09/23/2022,STT,VI,ASO,ES,Towers with Radar,20,16,6,0,42,0,36,22,2,60,20,52,28,2,102,0,0,0,102
09/24/2022,STT,VI,ASO,ES,Towers with Radar,21,6,5,0,32,0,21,13,0,34,21,27,18,0,66,6,0,6,72
09/25/2022,STT,VI,ASO,ES,Towers with Radar,17,7,4,2,30,0,19,34,0,53,17,26,38,2,83,12,0,12,95
09/26/2022,STT,VI,ASO,ES,Towers with Radar,16,16,2,0,34,0,40,25,0,65,16,56,27,0,99,14,0,14,113
09/27/2022,STT,VI,ASO,ES,Towers with Radar,14,16,11,0,41,0,36,43,0,79,14,52,54,0,120,24,0,24,144
09/28/2022,STT,VI,ASO,ES,Towers with Radar,12,11,10,0,33,0,31,22,0,53,12,42,32,0,86,22,0,22,108
09/29/2022,STT,VI,ASO,ES,Towers with Radar,11,18,7,0,36,0,36,15,0,51,11,54,22,0,87,24,0,24,111
09/30/2022,STT,VI,ASO,ES,Towers with Radar,16,14,0,0,30,0,41,27,2,70,16,55,27,2,100,18,0,18,118
10/01/2022,STT,VI,ASO,ES,Towers with Radar,22,9,7,0,38,0,22,16,0,38,22,31,23,0,76,0,0,0,76
10/02/2022,STT,VI,ASO,ES,Towers with Radar,18,8,6,0,32,0,19,18,0,37,18,27,24,0,69,0,0,0,69
10/03/2022,STT,VI,ASO,ES,Towers with Radar,14,20,1,0,35,0,31,14,2,47,14,51,15,2,82,12,0,12,94
10/04/2022,STT,VI,ASO,ES,Towers with Radar,12,16,3,0,31,0,20,23,0,43,12,36,26,0,74,28,0,28,102
10/05/2022,STT,VI,ASO,ES,Towers with Radar,12,21,3,0,36,0,36,20,0,56,12,57,23,0,92,14,0,14,106
10/06/2022,STT,VI,ASO,ES,Towers with Radar,14,20,0,0,34,0,40,23,1,64,14,60,23,1,98,4,0,4,102
10/07/2022,STT,VI,ASO,ES,Towers with Radar,20,16,11,0,47,0,52,26,0,78,20,68,37,0,125,0,0,0,125
10/08/2022,STT,VI,ASO,ES,Towers with Radar,31,7,4,0,42,0,27,13,0,40,31,34,17,0,82,0,0,0,82
10/09/2022,STT,VI,ASO,ES,Towers with Radar,19,10,11,0,40,0,19,22,0,41,19,29,33,0,81,12,0,12,93
10/10/2022,STT,VI,ASO,ES,Towers with Radar,16,9,5,0,30,0,46,26,0,72,16,55,31,0,102,14,0,14,116
10/11/2022,STT,VI,ASO,ES,Towers with Radar,12,19,3,0,34,0,38,34,2,74,12,57,37,2,108,44,0,44,152
10/12/2022,STT,VI,ASO,ES,Towers with Radar,13,18,3,0,34,0,31,26,0,57,13,49,29,0,91,22,0,22,113
10/13/2022,STT,VI,ASO,ES,Towers with Radar,14,27,6,0,47,0,33,25,2,60,14,60,31,2,107,38,0,38,145
10/14/2022,STT,VI,ASO,ES,Towers with Radar,16,19,11,0,46,0,35,24,2,61,16,54,35,2,107,0,0,0,107
10/15/2022,STT,VI,ASO,ES,Towers with Radar,31,7,8,3,49,0,29,13,1,43,31,36,21,4,92,0,0,0,92
10/16/2022,STT,VI,ASO,ES,Towers with Radar,18,13,4,0,35,0,20,13,0,33,18,33,17,0,68,4,0,4,72
10/17/2022,STT,VI,ASO,ES,Towers with Radar,15,16,1,0,32,0,36,16,0,52,15,52,17,0,84,18,0,18,102
10/18/2022,STT,VI,ASO,ES,Towers with Radar,14,17,7,0,38,0,35,30,0,65,14,52,37,0,103,20,0,20,123
10/19/2022,STT,VI,ASO,ES,Towers with Radar,12,19,4,2,37,0,33,19,2,54,12,52,23,4,91,4,0,4,95
10/20/2022,STT,VI,ASO,ES,Towers with Radar,14,21,2,2,39,0,48,22,0,70,14,69,24,2,109,0,0,0,109
10/21/2022,STT,VI,ASO,ES,Towers with Radar,18,19,8,0,45,0,40,24,1,65,18,59,32,1,110,20,0,20,130
10/22/2022,STT,VI,ASO,ES,Towers with Radar,31,7,2,0,40,0,20,28,0,48,31,27,30,0,88,15,0,15,103
10/23/2022,STT,VI,ASO,ES,Towers with Radar,19,6,5,0,30,0,28,20,0,48,19,34,25,0,78,0,0,0,78
10/24/2022,STT,VI,ASO,ES,Towers with Radar,16,13,3,6,38,0,37,18,0,55,16,50,21,6,93,0,0,0,93
10/25/2022,STT,VI,ASO,ES,Towers with Radar,13,25,1,0,39,0,33,26,0,59,13,58,27,0,98,6,0,6,104
10/26/2022,STT,VI,ASO,ES,Towers with Radar,12,38,7,0,57,0,14,8,0,22,12,52,15,0,79,0,0,0,79
10/27/2022,STT,VI,ASO,ES,Towers with Radar,14,28,3,0,45,0,33,13,0,46,14,61,16,0,91,26,0,26,117
10/28/2022,STT,VI,ASO,ES,Towers with Radar,17,20,9,0,46,0,46,35,2,83,17,66,44,2,129,14,0,14,143
10/29/2022,STT,VI,ASO,ES,Towers with Radar,30,12,5,0,47,0,20,19,0,39,30,32,24,0,86,22,0,22,108
10/30/2022,STT,VI,ASO,ES,Towers with Radar,19,16,4,0,39,0,23,12,0,35,19,39,16,0,74,0,0,0,74
10/31/2022,STT,VI,ASO,ES,Towers with Radar,17,20,5,0,42,0,43,16,0,59,17,63,21,0,101,0,0,0,101
11/01/2022,STT,VI,ASO,ES,Towers with Radar,16,21,9,2,48,0,31,21,0,52,16,52,30,2,100,16,0,16,116
11/02/2022,STT,VI,ASO,ES,Towers with Radar,16,22,6,0,44,0,35,16,3,54,16,57,22,3,98,8,0,8,106
11/03/2022,STT,VI,ASO,ES,Towers with Radar,21,19,18,0,58,0,39,19,5,63,21,58,37,5,121,0,6,6,127
11/04/2022,STT,VI,ASO,ES,Towers with Radar,22,18,11,0,51,0,43,12,0,55,22,61,23,0,106,0,0,0,106
11/05/2022,STT,VI,ASO,ES,Towers with Radar,43,12,17,0,72,0,9,5,0,14,43,21,22,0,86,0,0,0,86
11/06/2022,STT,VI,ASO,ES,Towers with Radar,22,8,3,0,33,0,25,19,0,44,22,33,22,0,77,0,0,0,77
11/07/2022,STT,VI,ASO,ES,Towers with Radar,21,17,9,0,47,0,41,20,0,61,21,58,29,0,108,4,0,4,112
11/08/2022,STT,VI,ASO,ES,Towers with Radar,23,19,7,2,51,0,30,22,0,52,23,49,29,2,103,0,0,0,103
11/09/2022,STT,VI,ASO,ES,Towers with Radar,19,16,12,0,47,0,34,23,0,57,19,50,35,0,104,4,0,4,108
11/10/2022,STT,VI,ASO,ES,Towers with Radar,20,17,4,0,41,0,39,23,1,63,20,56,27,1,104,0,0,0,104
11/11/2022,STT,VI,ASO,ES,Towers with Radar,20,12,8,0,40,0,43,30,0,73,20,55,38,0,113,0,0,0,113
11/12/2022,STT,VI,ASO,ES,Towers with Radar,40,14,15,0,69,0,26,18,0,44,40,40,33,0,113,0,0,0,113
11/13/2022,STT,VI,ASO,ES,Towers with Radar,22,13,6,0,41,0,26,14,0,40,22,39,20,0,81,0,0,0,81
11/14/2022,STT,VI,ASO,ES,Towers with Radar,22,17,9,0,48,0,46,17,0,63,22,63,26,0,111,16,0,16,127
11/15/2022,STT,VI,ASO,ES,Towers with Radar,22,18,11,0,51,0,34,43,0,77,22,52,54,0,128,0,0,0,128
11/16/2022,STT,VI,ASO,ES,Towers with Radar,22,16,13,0,51,0,38,62,0,100,22,54,75,0,151,14,0,14,165
11/17/2022,STT,VI,ASO,ES,Towers with Radar,23,17,6,0,46,0,52,31,0,83,23,69,37,0,129,20,0,20,149
11/18/2022,STT,VI,ASO,ES,Towers with Radar,22,15,10,0,47,0,43,25,0,68,22,58,35,0,115,0,0,0,115
11/19/2022,STT,VI,ASO,ES,Towers with Radar,43,17,17,1,78,0,23,33,0,56,43,40,50,1,134,18,0,18,152
11/20/2022,STT,VI,ASO,ES,Towers with Radar,22,10,13,1,46,0,18,19,4,41,22,28,32,5,87,25,0,25,112
11/21/2022,STT,VI,ASO,ES,Towers with Radar,23,26,15,1,65,0,37,10,4,51,23,63,25,5,116,0,0,0,116
11/22/2022,STT,VI,ASO,ES,Towers with Radar,21,25,14,2,62,0,35,16,0,51,21,60,30,2,113,0,0,0,113
11/23/2022,STT,VI,ASO,ES,Towers with Radar,23,23,5,0,51,0,54,25,2,81,23,77,30,2,132,0,0,0,132
11/24/2022,STT,VI,ASO,ES,Towers with Radar,17,12,2,0,31,0,31,13,0,44,17,43,15,0,75,0,0,0,75
11/25/2022,STT,VI,ASO,ES,Towers with Radar,22,21,4,0,47,0,38,22,0,60,22,59,26,0,107,0,0,0,107
11/26/2022,STT,VI,ASO,ES,Towers with Radar,42,17,9,0,68,0,18,26,0,44,42,35,35,0,112,0,0,0,112
11/27/2022,STT,VI,ASO,ES,Towers with Radar,26,19,16,0,61,0,39,32,0,71,26,58,48,0,132,0,0,0,132
11/28/2022,STT,VI,ASO,ES,Towers with Radar,22,20,18,1,61,0,40,32,0,72,22,60,50,1,133,4,0,4,137
11/29/2022,STT,VI,ASO,ES,Towers with Radar,23,20,12,0,55,0,35,24,0,59,23,55,36,0,114,0,0,0,114
11/30/2022,STT,VI,ASO,ES,Towers with Radar,24,23,10,0,57,0,36,36,3,75,24,59,46,3,132,9,0,9,141
12/01/2022,STT,VI,ASO,ES,Towers with Radar,24,22,8,0,54,0,37,31,0,68,24,59,39,0,122,0,0,0,122
12/02/2022,STT,VI,ASO,ES,Towers with Radar,24,19,13,0,56,0,38,20,0,58,24,57,33,0,114,0,0,0,114
12/03/2022,STT,VI,ASO,ES,Towers with Radar,39,12,4,0,55,0,26,9,0,35,39,38,13,0,90,0,0,0,90
12/04/2022,STT,VI,ASO,ES,Towers with Radar,25,11,2,0,38,0,20,12,0,32,25,31,14,0,70,5,0,5,75
12/05/2022,STT,VI,ASO,ES,Towers with Radar,24,25,7,0,56,0,39,22,0,61,24,64,29,0,117,0,0,0,117
12/06/2022,STT,VI,ASO,ES,Towers with Radar,24,27,3,0,54,0,21,30,0,51,24,48,33,0,105,0,0,0,105
12/07/2022,STT,VI,ASO,ES,Towers with Radar,24,23,11,0,58,0,34,31,2,67,24,57,42,2,125,2,0,2,127
12/08/2022,STT,VI,ASO,ES,Towers with Radar,24,27,9,0,60,0,38,41,0,79,24,65,50,0,139,2,0,2,141
12/09/2022,STT,VI,ASO,ES,Towers with Radar,25,21,13,0,59,0,47,42,0,89,25,68,55,0,148,18,0,18,166
12/10/2022,STT,VI,ASO,ES,Towers with Radar,38,16,4,0,58,0,38,26,0,64,38,54,30,0,122,18,0,18,140
12/11/2022,STT,VI,ASO,ES,Towers with Radar,24,12,7,0,43,0,30,17,0,47,24,42,24,0,90,14,0,14,104
12/12/2022,STT,VI,ASO,ES,Towers with Radar,24,21,5,0,50,0,43,34,0,77,24,64,39,0,127,14,0,14,141
12/13/2022,STT,VI,ASO,ES,Towers with Radar,24,22,10,3,59,0,45,38,0,83,24,67,48,3,142,0,0,0,142
12/14/2022,STT,VI,ASO,ES,Towers with Radar,24,22,10,0,56,0,45,23,0,68,24,67,33,0,124,0,0,0,124
12/15/2022,STT,VI,ASO,ES,Towers with Radar,28,21,7,0,56,0,52,50,0,102,28,73,57,0,158,12,0,12,170
12/16/2022,STT,VI,ASO,ES,Towers with Radar,28,18,7,2,55,0,50,25,0,75,28,68,32,2,130,0,0,0,130
12/17/2022,STT,VI,ASO,ES,Towers with Radar,46,17,11,2,76,0,28,22,0,50,46,45,33,2,126,0,0,0,126
12/18/2022,STT,VI,ASO,ES,Towers with Radar,36,20,6,0,62,0,25,36,0,61,36,45,42,0,123,0,0,0,123
12/19/2022,STT,VI,ASO,ES,Towers with Radar,35,24,9,0,68,0,43,29,0,72,35,67,38,0,140,0,0,0,140
12/20/2022,STT,VI,ASO,ES,Towers with Radar,34,17,5,0,56,0,39,34,5,78,34,56,39,5,134,22,0,22,156
12/21/2022,STT,VI,ASO,ES,Towers with Radar,33,24,0,0,57,0,30,29,1,60,33,54,29,1,117,17,0,17,134
12/22/2022,STT,VI,ASO,ES,Towers with Radar,32,29,8,0,69,0,44,14,0,58,32,73,22,0,127,0,0,0,127
12/23/2022,STT,VI,ASO,ES,Towers with Radar,33,26,17,0,76,0,45,39,0,84,33,71,56,0,160,0,0,0,160
12/24/2022,STT,VI,ASO,ES,Towers with Radar,41,8,6,0,55,0,22,24,0,46,41,30,30,0,101,0,0,0,101
12/25/2022,STT,VI,ASO,ES,Towers with Radar,32,7,2,0,41,0,14,21,0,35,32,21,23,0,76,4,0,4,80
12/26/2022,STT,VI,ASO,ES,Towers with Radar,37,17,43,2,99,0,41,28,0,69,37,58,71,2,168,0,0,0,168
12/27/2022,STT,VI,ASO,ES,Towers with Radar,38,35,20,0,93,0,43,22,0,65,38,78,42,0,158,2,0,2,160
12/28/2022,STT,VI,ASO,ES,Towers with Radar,35,45,18,0,98,0,30,22,0,52,35,75,40,0,150,0,0,0,150
12/29/2022,STT,VI,ASO,ES,Towers with Radar,34,48,7,0,89,0,24,17,0,41,34,72,24,0,130,0,0,0,130
12/30/2022,STT,VI,ASO,ES,Towers with Radar,34,42,11,0,87,0,36,25,0,61,34,78,36,0,148,0,0,0,148
12/31/2022,STT,VI,ASO,ES,Towers with Radar,40,28,7,0,75,0,32,11,0,43,40,60,18,0,118,0,0,0,118
01/01/2023,STT,VI,ASO,ES,Towers with Radar,37,29,12,0,78,0,24,15,0,39,37,53,27,0,117,16,0,16,133
01/02/2023,STT,VI,ASO,ES,Towers with Radar,38,43,29,0,110,0,32,36,0,68,38,75,65,0,178,16,0,16,194
01/03/2023,STT,VI,ASO,ES,Towers with Radar,35,27,22,0,84,0,47,42,2,91,35,74,64,2,175,8,0,8,183
01/04/2023,STT,VI,ASO,ES,Towers with Radar,34,32,11,0,77,0,46,48,0,94,34,78,59,0,171,0,0,0,171
01/05/2023,STT,VI,ASO,ES,Towers with Radar,30,27,11,0,68,0,54,50,0,104,30,81,61,0,172,24,0,24,196
01/06/2023,STT,VI,ASO,ES,Towers with Radar,30,13,5,0,48,0,43,21,0,64,30,56,26,0,112,13,0,13,125
01/07/2023,STT,VI,ASO,ES,Towers with Radar,43,19,20,0,82,0,38,19,0,57,43,57,39,0,139,5,0,5,144
01/08/2023,STT,VI,ASO,ES,Towers with Radar,35,16,9,0,60,0,46,48,0,94,35,62,57,0,154,0,0,0,154
01/09/2023,STT,VI,ASO,ES,Towers with Radar,31,24,8,0,63,0,53,46,0,99,31,77,54,0,162,0,0,0,162
01/10/2023,STT,VI,ASO,ES,Towers with Radar,29,22,9,0,60,0,40,41,0,81,29,62,50,0,141,22,0,22,163
01/11/2023,STT,VI,ASO,ES,Towers with Radar,29,22,8,0,59,0,32,33,0,65,29,54,41,0,124,30,0,30,154
01/12/2023,STT,VI,ASO,ES,Towers with Radar,29,21,16,0,66,0,37,36,0,73,29,58,52,0,139,8,0,8,147
01/13/2023,STT,VI,ASO,ES,Towers with Radar,30,19,16,0,65,0,37,15,0,52,30,56,31,0,117,0,0,0,117
01/14/2023,STT,VI,ASO,ES,Towers with Radar,43,19,11,2,75,0,21,15,0,36,43,40,26,2,111,0,0,0,111
01/15/2023,STT,VI,ASO,ES,Towers with Radar,32,14,8,0,54,0,15,25,0,40,32,29,33,0,94,0,0,0,94
01/16/2023,STT,VI,ASO,ES,Towers with Radar,28,29,18,0,75,0,27,26,0,53,28,56,44,0,128,0,0,0,128
01/17/2023,STT,VI,ASO,ES,Towers with Radar,30,22,5,4,61,0,37,57,0,94,30,59,62,4,155,0,0,0,155
01/18/2023,STT,VI,ASO,ES,Towers with Radar,28,20,7,0,55,0,28,17,1,46,28,48,24,1,101,0,0,0,101
01/19/2023,STT,VI,ASO,ES,Towers with Radar,28,22,7,0,57,0,32,22,1,55,28,54,29,1,112,20,0,20,132
01/20/2023,STT,VI,ASO,ES,Towers with Radar,30,15,16,0,61,0,25,28,0,53,30,40,44,0,114,0,0,0,114
01/21/2023,STT,VI,ASO,ES,Towers with Radar,41,9,17,0,67,0,14,19,0,33,41,23,36,0,100,0,0,0,100
01/22/2023,STT,VI,ASO,ES,Towers with Radar,32,12,11,0,55,0,23,9,0,32,32,35,20,0,87,40,0,40,127
01/23/2023,STT,VI,ASO,ES,Towers with Radar,27,22,4,0,53,0,38,20,1,59,27,60,24,1,112,22,0,22,134
01/24/2023,STT,VI,ASO,ES,Towers with Radar,30,22,13,5,70,0,31,35,0,66,30,53,48,5,136,30,0,30,166
01/25/2023,STT,VI,ASO,ES,Towers with Radar,27,20,4,0,51,0,36,29,0,65,27,56,33,0,116,0,0,0,116
01/26/2023,STT,VI,ASO,ES,Towers with Radar,28,23,9,0,60,0,30,38,0,68,28,53,47,0,128,20,0,20,148
01/27/2023,STT,VI,ASO,ES,Towers with Radar,30,18,11,0,59,0,36,23,0,59,30,54,34,0,118,0,0,0,118
01/28/2023,STT,VI,ASO,ES,Towers with Radar,46,10,11,0,67,0,22,27,0,49,46,32,38,0,116,6,0,6,122
01/29/2023,STT,VI,ASO,ES,Towers with Radar,33,10,11,0,54,0,18,17,0,35,33,28,28,0,89,0,0,0,89
01/30/2023,STT,VI,ASO,ES,Towers with Radar,33,16,11,0,60,0,39,17,0,56,33,55,28,0,116,24,0,24,140
01/31/2023,STT,VI,ASO,ES,Towers with Radar,30,19,6,2,57,0,31,38,0,69,30,50,44,2,126,0,0,0,126
02/01/2023,STT,VI,ASO,ES,Towers with Radar,29,17,11,0,57,0,36,32,0,68,29,53,43,0,125,18,0,18,143
02/02/2023,STT,VI,ASO,ES,Towers with Radar,28,23,14,1,66,0,38,28,2,68,28,61,42,3,134,4,0,4,138
02/03/2023,STT,VI,ASO,ES,Towers with Radar,32,19,14,0,65,0,30,21,1,52,32,49,35,1,117,4,0,4,121
02/04/2023,STT,VI,ASO,ES,Towers with Radar,43,12,23,0,78,0,24,20,0,44,43,36,43,0,122,0,0,0,122
02/05/2023,STT,VI,ASO,ES,Towers with Radar,36,13,11,0,60,0,17,8,0,25,36,30,19,0,85,0,0,0,85
02/06/2023,STT,VI,ASO,ES,Towers with Radar,30,12,8,0,50,0,41,21,0,62,30,53,29,0,112,0,0,0,112
02/07/2023,STT,VI,ASO,ES,Towers with Radar,33,24,3,0,60,0,29,15,0,44,33,53,18,0,104,0,0,0,104
02/08/2023,STT,VI,ASO,ES,Towers with Radar,31,23,8,0,62,0,34,24,0,58,31,57,32,0,120,4,0,4,124
02/09/2023,STT,VI,ASO,ES,Towers with Radar,30,23,12,0,65,0,45,23,0,68,30,68,35,0,133,0,0,0,133
02/10/2023,STT,VI,ASO,ES,Towers with Radar,32,20,9,0,61,0,42,18,0,60,32,62,27,0,121,4,0,4,125
02/11/2023,STT,VI,ASO,ES,Towers with Radar,45,13,11,0,69,0,27,23,0,50,45,40,34,0,119,0,0,0,119
02/12/2023,STT,VI,ASO,ES,Towers with Radar,34,15,8,1,58,0,37,16,0,53,34,52,24,1,111,0,0,0,111
02/13/2023,STT,VI,ASO,ES,Towers with Radar,31,17,3,0,51,0,43,23,0,66,31,60,26,0,117,0,0,0,117
02/14/2023,STT,VI,ASO,ES,Towers with Radar,34,27,2,0,63,0,31,28,0,59,34,58,30,0,122,7,0,7,129
02/15/2023,STT,VI,ASO,ES,Towers with Radar,30,24,12,0,66,0,44,31,0,75,30,68,43,0,141,13,0,13,154
02/16/2023,STT,VI,ASO,ES,Towers with Radar,28,20,7,0,55,0,35,28,2,65,28,55,35,2,120,5,0,5,125
02/17/2023,STT,VI,ASO,ES,Towers with Radar,31,20,7,0,58,0,73,43,1,117,31,93,50,1,175,0,0,0,175
02/18/2023,STT,VI,ASO,ES,Towers with Radar,43,14,9,0,66,0,31,45,0,76,43,45,54,0,142,0,0,0,142
02/19/2023,STT,VI,ASO,ES,Towers with Radar,39,16,8,0,63,0,34,17,0,51,39,50,25,0,114,10,0,10,124
02/20/2023,STT,VI,ASO,ES,Towers with Radar,29,13,13,0,55,0,46,40,0,86,29,59,53,0,141,6,0,6,147
02/21/2023,STT,VI,ASO,ES,Towers with Radar,31,24,10,0,65,0,48,48,0,96,31,72,58,0,161,18,0,18,179
02/22/2023,STT,VI,ASO,ES,Towers with Radar,28,18,4,0,50,0,35,17,0,52,28,53,21,0,102,0,0,0,102
02/23/2023,STT,VI,ASO,ES,Towers with Radar,28,23,10,0,61,0,54,19,0,73,28,77,29,0,134,0,0,0,134
02/24/2023,STT,VI,ASO,ES,Towers with Radar,32,19,6,0,57,0,49,22,0,71,32,68,28,0,128,0,0,0,128
02/25/2023,STT,VI,ASO,ES,Towers with Radar,42,17,19,0,78,0,45,20,0,65,42,62,39,0,143,0,0,0,143
02/26/2023,STT,VI,ASO,ES,Towers with Radar,37,12,14,0,63,0,30,23,0,53,37,42,37,0,116,0,0,0,116
02/27/2023,STT,VI,ASO,ES,Towers with Radar,28,24,6,0,58,0,46,29,1,76,28,70,35,1,134,12,0,12,146
02/28/2023,STT,VI,ASO,ES,Towers with Radar,30,26,9,0,65,0,32,34,0,66,30,58,43,0,131,18,0,18,149
03/01/2023,STT,VI,ASO,ES,Towers with Radar,28,25,1,0,54,0,30,27,0,57,28,55,28,0,111,6,0,6,117
03/02/2023,STT,VI,ASO,ES,Towers with Radar,28,19,13,0,60,0,49,24,1,74,28,68,37,1,134,44,0,44,178
03/03/2023,STT,VI,ASO,ES,Towers with Radar,32,20,19,0,71,0,44,32,0,76,32,64,51,0,147,22,0,22,169
03/04/2023,STT,VI,ASO,ES,Towers with Radar,42,17,16,0,75,0,31,13,0,44,42,48,29,0,119,0,0,0,119
03/05/2023,STT,VI,ASO,ES,Towers with Radar,37,17,10,0,64,0,36,19,0,55,37,53,29,0,119,0,0,0,119
03/06/2023,STT,VI,ASO,ES,Towers with Radar,28,21,2,0,51,0,38,26,0,64,28,59,28,0,115,16,0,16,131
03/07/2023,STT,VI,ASO,ES,Towers with Radar,30,19,7,0,56,0,40,19,0,59,30,59,26,0,115,8,0,8,123
03/08/2023,STT,VI,ASO,ES,Towers with Radar,29,16,16,6,67,0,28,26,0,54,29,44,42,6,121,14,0,14,135
03/09/2023,STT,VI,ASO,ES,Towers with Radar,32,23,5,0,60,0,38,33,2,73,32,61,38,2,133,24,0,24,157
03/10/2023,STT,VI,ASO,ES,Towers with Radar,33,35,7,0,75,0,57,21,4,82,33,92,28,4,157,2,0,2,159
03/11/2023,STT,VI,ASO,ES,Towers with Radar,44,29,30,0,103,0,36,43,0,79,44,65,73,0,182,0,0,0,182
03/12/2023,STT,VI,ASO,ES,Towers with Radar,34,13,11,0,58,0,39,38,0,77,34,52,49,0,135,0,0,0,135
03/13/2023,STT,VI,ASO,ES,Towers with Radar,32,20,8,0,60,0,34,32,0,66,32,54,40,0,126,10,0,10,136
03/14/2023,STT,VI,ASO,ES,Towers with Radar,30,22,2,0,54,0,33,29,0,62,30,55,31,0,116,4,0,4,120
03/15/2023,STT,VI,ASO,ES,Towers with Radar,30,20,9,0,59,0,34,38,0,72,30,54,47,0,131,4,0,4,135
03/16/2023,STT,VI,ASO,ES,Towers with Radar,30,26,10,0,66,0,41,26,2,69,30,67,36,2,135,0,6,6,141
03/17/2023,STT,VI,ASO,ES,Towers with Radar,33,22,13,0,68,0,41,30,1,72,33,63,43,1,140,0,0,0,140
03/18/2023,STT,VI,ASO,ES,Towers with Radar,42,15,35,0,92,0,38,21,0,59,42,53,56,0,151,0,0,0,151
03/19/2023,STT,VI,ASO,ES,Towers with Radar,36,12,23,0,71,0,32,26,2,60,36,44,49,2,131,8,0,8,139
03/20/2023,STT,VI,ASO,ES,Towers with Radar,30,20,8,0,58,0,39,25,0,64,30,59,33,0,122,8,0,8,130
03/21/2023,STT,VI,ASO,ES,Towers with Radar,30,29,9,0,68,0,32,50,0,82,30,61,59,0,150,24,0,24,174
03/22/2023,STT,VI,ASO,ES,Towers with Radar,29,29,19,0,77,0,33,24,4,61,29,62,43,4,138,16,0,16,154
03/23/2023,STT,VI,ASO,ES,Towers with Radar,29,21,19,0,69,0,31,24,0,55,29,52,43,0,124,20,0,20,144
03/24/2023,STT,VI,ASO,ES,Towers with Radar,32,26,14,0,72,0,37,36,0,73,32,63,50,0,145,17,0,17,162
03/25/2023,STT,VI,ASO,ES,Towers with Radar,42,21,13,0,76,0,28,25,0,53,42,49,38,0,129,14,0,14,143
03/26/2023,STT,VI,ASO,ES,Towers with Radar,32,22,6,0,60,0,35,41,0,76,32,57,47,0,136,0,0,0,136
03/27/2023,STT,VI,ASO,ES,Towers with Radar,32,20,8,0,60,0,38,27,0,65,32,58,35,0,125,10,0,10,135
03/28/2023,STT,VI,ASO,ES,Towers with Radar,31,23,14,0,68,0,33,47,0,80,31,56,61,0,148,22,0,22,170
03/29/2023,STT,VI,ASO,ES,Towers with Radar,29,24,8,0,61,0,21,43,0,64,29,45,51,0,125,0,0,0,125
03/30/2023,STT,VI,ASO,ES,Towers with Radar,31,18,7,0,56,0,41,40,0,81,31,59,47,0,137,6,0,6,143
03/31/2023,STT,VI,ASO,ES,Towers with Radar,32,23,14,0,69,0,43,30,0,73,32,66,44,0,142,0,0,0,142
04/01/2023,STT,VI,ASO,ES,Towers with Radar,40,14,24,0,78,0,38,27,0,65,40,52,51,0,143,0,0,0,143
04/02/2023,STT,VI,ASO,ES,Towers with Radar,35,10,10,0,55,0,33,32,0,65,35,43,42,0,120,0,0,0,120
04/03/2023,STT,VI,ASO,ES,Towers with Radar,34,22,5,0,61,0,33,9,0,42,34,55,14,0,103,0,0,0,103
04/04/2023,STT,VI,ASO,ES,Towers with Radar,28,24,4,2,58,0,32,20,1,53,28,56,24,3,111,0,0,0,111
04/05/2023,STT,VI,ASO,ES,Towers with Radar,26,28,10,0,64,0,34,33,0,67,26,62,43,0,131,0,0,0,131
04/06/2023,STT,VI,ASO,ES,Towers with Radar,26,23,22,0,71,0,25,25,0,50,26,48,47,0,121,6,0,6,127
04/07/2023,STT,VI,ASO,ES,Towers with Radar,27,15,11,0,53,0,32,20,0,52,27,47,31,0,105,14,0,14,119
04/08/2023,STT,VI,ASO,ES,Towers with Radar,36,26,10,0,72,0,25,13,0,38,36,51,23,0,110,6,0,6,116
04/09/2023,STT,VI,ASO,ES,Towers with Radar,34,10,10,0,54,0,27,14,0,41,34,37,24,0,95,0,0,0,95
04/10/2023,STT,VI,ASO,ES,Towers with Radar,27,23,18,0,68,0,34,27,0,61,27,57,45,0,129,8,0,8,137
04/11/2023,STT,VI,ASO,ES,Towers with Radar,26,31,8,0,65,0,28,28,3,59,26,59,36,3,124,4,0,4,128
04/12/2023,STT,VI,ASO,ES,Towers with Radar,24,20,1,0,45,0,37,31,0,68,24,57,32,0,113,10,0,10,123
04/13/2023,STT,VI,ASO,ES,Towers with Radar,24,25,8,0,57,0,38,21,0,59,24,63,29,0,116,0,0,0,116
04/14/2023,STT,VI,ASO,ES,Towers with Radar,29,16,10,0,55,0,48,31,0,79,29,64,41,0,134,7,0,7,141
04/15/2023,STT,VI,ASO,ES,Towers with Radar,36,13,21,0,70,0,41,17,0,58,36,54,38,0,128,4,0,4,132
04/16/2023,STT,VI,ASO,ES,Towers with Radar,31,10,5,0,46,0,26,25,2,53,31,36,30,2,99,28,0,28,127
04/17/2023,STT,VI,ASO,ES,Towers with Radar,29,22,5,1,57,0,40,22,0,62,29,62,27,1,119,6,0,6,125
04/18/2023,STT,VI,ASO,ES,Towers with Radar,30,22,12,0,64,0,38,20,2,60,30,60,32,2,124,0,0,0,124
04/19/2023,STT,VI,ASO,ES,Towers with Radar,26,23,6,0,55,0,31,29,0,60,26,54,35,0,115,0,0,0,115
04/20/2023,STT,VI,ASO,ES,Towers with Radar,28,20,9,0,57,0,35,32,0,67,28,55,41,0,124,8,0,8,132
04/21/2023,STT,VI,ASO,ES,Towers with Radar,30,18,6,0,54,0,49,26,5,80,30,67,32,5,134,7,0,7,141
04/22/2023,STT,VI,ASO,ES,Towers with Radar,42,15,17,0,74,0,34,19,0,53,42,49,36,0,127,12,0,12,139
04/23/2023,STT,VI,ASO,ES,Towers with Radar,28,11,13,0,52,0,31,18,0,49,28,42,31,0,101,0,0,0,101
04/24/2023,STT,VI,ASO,ES,Towers with Radar,28,20,3,0,51,0,38,36,0,74,28,58,39,0,125,0,0,0,125
04/25/2023,STT,VI,ASO,ES,Towers with Radar,26,22,8,2,58,0,48,51,0,99,26,70,59,2,157,2,0,2,159
04/26/2023,STT,VI,ASO,ES,Towers with Radar,25,23,2,0,50,0,47,34,2,83,25,70,36,2,133,8,0,8,141
04/27/2023,STT,VI,ASO,ES,Towers with Radar,26,13,7,0,46,0,42,25,0,67,26,55,32,0,113,0,0,0,113
04/28/2023,STT,VI,ASO,ES,Towers with Radar,28,9,6,0,43,0,35,34,0,69,28,44,40,0,112,0,0,0,112
04/29/2023,STT,VI,ASO,ES,Towers with Radar,37,18,8,0,63,0,31,40,0,71,37,49,48,0,134,10,4,14,148
04/30/2023,STT,VI,ASO,ES,Towers with Radar,29,9,6,5,49,0,39,40,0,79,29,48,46,5,128,0,0,0,128
05/01/2023,STT,VI,ASO,ES,Towers with Radar,22,23,12,0,57,0,40,35,0,75,22,63,47,0,132,0,0,0,132
05/02/2023,STT,VI,ASO,ES,Towers with Radar,30,22,8,0,60,0,40,37,1,78,30,62,45,1,138,6,0,6,144
05/03/2023,STT,VI,ASO,ES,Towers with Radar,25,24,11,0,60,0,32,40,0,72,25,56,51,0,132,0,0,0,132
05/04/2023,STT,VI,ASO,ES,Towers with Radar,27,22,6,4,59,0,57,31,3,91,27,79,37,7,150,0,0,0,150
05/05/2023,STT,VI,ASO,ES,Towers with Radar,22,17,11,1,51,0,33,41,0,74,22,50,52,1,125,4,0,4,129
05/06/2023,STT,VI,ASO,ES,Towers with Radar,33,12,5,0,50,0,33,27,0,60,33,45,32,0,110,6,0,6,116
05/07/2023,STT,VI,ASO,ES,Towers with Radar,26,17,11,0,54,0,37,38,2,77,26,54,49,2,131,6,0,6,137
05/08/2023,STT,VI,ASO,ES,Towers with Radar,19,24,4,0,47,0,34,36,0,70,19,58,40,0,117,0,0,0,117
05/09/2023,STT,VI,ASO,ES,Towers with Radar,20,27,5,0,52,0,40,57,0,97,20,67,62,0,149,0,0,0,149
05/10/2023,STT,VI,ASO,ES,Towers with Radar,20,23,6,2,51,0,26,43,2,71,20,49,49,4,122,4,0,4,126
05/11/2023,STT,VI,ASO,ES,Towers with Radar,23,19,19,0,61,0,37,43,0,80,23,56,62,0,141,4,0,4,145
05/12/2023,STT,VI,ASO,ES,Towers with Radar,21,17,4,0,42,0,34,38,0,72,21,51,42,0,114,2,0,2,116
05/13/2023,STT,VI,ASO,ES,Towers with Radar,35,8,7,0,50,0,30,35,0,65,35,38,42,0,115,8,0,8,123
05/14/2023,STT,VI,ASO,ES,Towers with Radar,27,8,5,0,40,0,33,30,0,63,27,41,35,0,103,14,0,14,117
05/15/2023,STT,VI,ASO,ES,Towers with Radar,21,22,6,3,52,0,35,33,0,68,21,57,39,3,120,8,0,8,128
05/16/2023,STT,VI,ASO,ES,Towers with Radar,24,21,2,0,47,0,28,36,0,64,24,49,38,0,111,10,0,10,121
05/17/2023,STT,VI,ASO,ES,Towers with Radar,21,27,6,0,54,0,18,41,0,59,21,45,47,0,113,28,0,28,141
05/18/2023,STT,VI,ASO,ES,Towers with Radar,20,21,7,0,48,0,34,31,0,65,20,55,38,0,113,10,0,10,123
05/19/2023,STT,VI,ASO,ES,Towers with Radar,22,18,7,0,47,0,36,42,0,78,22,54,49,0,125,16,0,16,141
05/20/2023,STT,VI,ASO,ES,Towers with Radar,34,10,5,0,49,0,35,49,0,84,34,45,54,0,133,24,0,24,157
05/21/2023,STT,VI,ASO,ES,Towers with Radar,26,12,4,0,42,0,32,36,0,68,26,44,40,0,110,10,0,10,120
05/22/2023,STT,VI,ASO,ES,Towers with Radar,24,23,8,0,55,0,31,34,0,65,24,54,42,0,120,6,0,6,126
05/23/2023,STT,VI,ASO,ES,Towers with Radar,25,23,4,0,52,0,29,43,0,72,25,52,47,0,124,0,0,0,124
05/24/2023,STT,VI,ASO,ES,Towers with Radar,18,24,8,0,50,0,33,41,0,74,18,57,49,0,124,2,0,2,126
05/25/2023,STT,VI,ASO,ES,Towers with Radar,20,23,10,0,53,0,38,44,2,84,20,61,54,2,137,8,0,8,145
05/26/2023,STT,VI,ASO,ES,Towers with Radar,25,15,11,0,51,0,51,59,1,111,25,66,70,1,162,0,0,0,162
05/27/2023,STT,VI,ASO,ES,Towers with Radar,34,9,16,0,59,0,32,53,0,85,34,41,69,0,144,20,0,20,164
05/28/2023,STT,VI,ASO,ES,Towers with Radar,24,11,8,0,43,0,25,29,0,54,24,36,37,0,97,24,0,24,121
05/29/2023,STT,VI,ASO,ES,Towers with Radar,21,13,12,0,46,0,28,40,0,68,21,41,52,0,114,14,0,14,128
05/30/2023,STT,VI,ASO,ES,Towers with Radar,24,22,4,0,50,0,42,38,0,80,24,64,42,0,130,10,0,10,140
05/31/2023,STT,VI,ASO,ES,Towers with Radar,18,27,15,0,60,0,33,44,0,77,18,60,59,0,137,8,0,8,145
06/01/2023,STT,VI,ASO,ES,Towers with Radar,21,18,8,0,47,0,32,41,0,73,21,50,49,0,120,0,0,0,120
06/02/2023,STT,VI,ASO,ES,Towers with Radar,25,20,8,0,53,0,44,39,0,83,25,64,47,0,136,0,0,0,136
06/03/2023,STT,VI,ASO,ES,Towers with Radar,37,13,9,0,59,0,31,34,0,65,37,44,43,0,124,6,0,6,130
06/04/2023,STT,VI,ASO,ES,Towers with Radar,28,11,7,0,46,0,29,27,0,56,28,40,34,0,102,0,0,0,102
06/05/2023,STT,VI,ASO,ES,Towers with Radar,25,22,15,6,68,0,31,25,2,58,25,53,40,8,126,32,0,32,158
06/06/2023,STT,VI,ASO,ES,Towers with Radar,27,24,4,0,55,0,28,35,0,63,27,52,39,0,118,6,0,6,124
06/07/2023,STT,VI,ASO,ES,Towers with Radar,22,29,4,0,55,0,32,34,0,66,22,61,38,0,121,16,0,16,137
06/08/2023,STT,VI,ASO,ES,Towers with Radar,24,26,3,0,53,0,28,53,0,81,24,54,56,0,134,0,0,0,134
06/09/2023,STT,VI,ASO,ES,Towers with Radar,22,23,3,0,48,0,47,45,0,92,22,70,48,0,140,4,0,4,144
06/10/2023,STT,VI,ASO,ES,Towers with Radar,37,9,10,0,56,0,33,36,0,69,37,42,46,0,125,0,0,0,125
06/11/2023,STT,VI,ASO,ES,Towers with Radar,29,12,7,0,48,0,34,30,0,64,29,46,37,0,112,0,0,0,112
06/12/2023,STT,VI,ASO,ES,Towers with Radar,28,26,17,3,74,0,28,28,0,56,28,54,45,3,130,40,0,40,170
06/13/2023,STT,VI,ASO,ES,Towers with Radar,29,26,9,2,66,0,30,37,0,67,29,56,46,2,133,4,0,4,137
06/14/2023,STT,VI,ASO,ES,Towers with Radar,24,24,4,0,52,0,35,38,0,73,24,59,42,0,125,14,0,14,139
06/15/2023,STT,VI,ASO,ES,Towers with Radar,26,25,12,0,63,0,40,45,0,85,26,65,57,0,148,6,0,6,154
06/16/2023,STT,VI,ASO,ES,Towers with Radar,26,20,7,0,53,0,50,53,0,103,26,70,60,0,156,0,0,0,156
06/17/2023,STT,VI,ASO,ES,Towers with Radar,39,12,7,0,58,0,29,30,0,59,39,41,37,0,117,10,0,10,127
06/18/2023,STT,VI,ASO,ES,Towers with Radar,29,11,9,0,49,0,23,40,0,63,29,34,49,0,112,10,0,10,122
06/19/2023,STT,VI,ASO,ES,Towers with Radar,26,7,9,0,42,0,37,56,0,93,26,44,65,0,135,0,0,0,135
06/20/2023,STT,VI,ASO,ES,Towers with Radar,25,16,7,0,48,0,44,50,1,95,25,60,57,1,143,10,0,10,153
06/21/2023,STT,VI,ASO,ES,Towers with Radar,23,17,3,0,43,0,29,41,0,70,23,46,44,0,113,4,0,4,117
06/22/2023,STT,VI,ASO,ES,Towers with Radar,30,15,8,0,53,0,35,36,1,72,30,50,44,1,125,2,0,2,127
06/23/2023,STT,VI,ASO,ES,Towers with Radar,26,17,10,0,53,0,28,31,0,59,26,45,41,0,112,0,0,0,112
06/24/2023,STT,VI,ASO,ES,Towers with Radar,39,8,11,0,58,0,26,34,0,60,39,34,45,0,118,0,0,0,118
06/25/2023,STT,VI,ASO,ES,Towers with Radar,31,7,5,0,43,0,30,44,0,74,31,37,49,0,117,4,0,4,121
06/26/2023,STT,VI,ASO,ES,Towers with Radar,29,20,4,0,53,0,36,38,0,74,29,56,42,0,127,0,0,0,127
06/27/2023,STT,VI,ASO,ES,Towers with Radar,0,0,0,0,0,0,0,0,0,0,0,0,0,0,0,0,0,0,0
06/28/2023,STT,VI,ASO,ES,Towers with Radar,22,23,3,0,48,0,35,49,0,84,22,58,52,0,132,12,0,12,144
06/29/2023,STT,VI,ASO,ES,Towers with Radar,26,28,12,0,66,0,19,37,2,58,26,47,49,2,124,68,0,68,192
06/30/2023,STT,VI,ASO,ES,Towers with Radar,26,21,13,0,60,0,42,67,0,109,26,63,80,0,169,6,0,6,175
07/01/2023,STT,VI,ASO,ES,Towers with Radar,38,15,5,0,58,0,29,44,0,73,38,44,49,0,131,28,0,28,159
07/02/2023,STT,VI,ASO,ES,Towers with Radar,33,10,4,0,47,0,39,30,0,69,33,49,34,0,116,36,0,36,152
07/03/2023,STT,VI,ASO,ES,Towers with Radar,25,20,4,0,49,0,32,38,0,70,25,52,42,0,119,0,0,0,119
07/04/2023,STT,VI,ASO,ES,Towers with Radar,28,12,2,0,42,0,20,33,0,53,28,32,35,0,95,0,0,0,95
07/05/2023,STT,VI,ASO,ES,Towers with Radar,22,26,0,0,48,0,30,44,2,76,22,56,44,2,124,34,0,34,158
07/06/2023,STT,VI,ASO,ES,Towers with Radar,26,29,1,0,56,0,32,49,0,81,26,61,50,0,137,10,0,10,147
07/07/2023,STT,VI,ASO,ES,Towers with Radar,28,18,10,0,56,0,36,42,0,78,28,54,52,0,134,2,0,2,136
07/08/2023,STT,VI,ASO,ES,Towers with Radar,38,10,9,0,57,0,26,18,0,44,38,36,27,0,101,0,0,0,101
07/09/2023,STT,VI,ASO,ES,Towers with Radar,32,10,7,0,49,0,28,42,0,70,32,38,49,0,119,28,0,28,147
07/10/2023,STT,VI,ASO,ES,Towers with Radar,28,25,5,0,58,0,25,37,0,62,28,50,42,0,120,0,0,0,120
07/11/2023,STT,VI,ASO,ES,Towers with Radar,31,23,1,0,55,0,26,31,0,57,31,49,32,0,112,14,0,14,126
07/12/2023,STT,VI,ASO,ES,Towers with Radar,22,25,1,0,48,0,27,33,0,60,22,52,34,0,108,0,0,0,108
07/13/2023,STT,VI,ASO,ES,Towers with Radar,28,30,7,0,65,0,41,33,4,78,28,71,40,4,143,0,0,0,143
07/14/2023,STT,VI,ASO,ES,Towers with Radar,26,19,4,0,49,0,39,48,0,87,26,58,52,0,136,4,0,4,140
07/15/2023,STT,VI,ASO,ES,Towers with Radar,38,11,3,0,52,0,33,45,0,78,38,44,48,0,130,48,0,48,178
07/16/2023,STT,VI,ASO,ES,Towers with Radar,25,13,5,0,43,0,27,38,0,65,25,40,43,0,108,20,0,20,128
07/17/2023,STT,VI,ASO,ES,Towers with Radar,28,28,6,0,62,0,33,35,0,68,28,61,41,0,130,2,0,2,132
07/18/2023,STT,VI,ASO,ES,Towers with Radar,26,23,2,0,51,0,33,44,0,77,26,56,46,0,128,3,0,3,131
07/19/2023,STT,VI,ASO,ES,Towers with Radar,22,21,10,0,53,0,36,36,0,72,22,57,46,0,125,6,0,6,131
07/20/2023,STT,VI,ASO,ES,Towers with Radar,26,26,6,0,58,0,35,38,0,73,26,61,44,0,131,16,0,16,147
07/21/2023,STT,VI,ASO,ES,Towers with Radar,29,16,8,0,53,0,36,49,0,85,29,52,57,0,138,52,0,52,190
07/22/2023,STT,VI,ASO,ES,Towers with Radar,39,15,11,0,65,0,22,44,0,66,39,37,55,0,131,4,0,4,135
07/23/2023,STT,VI,ASO,ES,Towers with Radar,32,12,3,0,47,0,16,33,0,49,32,28,36,0,96,0,0,0,96
07/24/2023,STT,VI,ASO,ES,Towers with Radar,25,28,7,0,60,0,24,33,0,57,25,52,40,0,117,0,0,0,117
07/25/2023,STT,VI,ASO,ES,Towers with Radar,24,29,2,0,55,0,28,25,0,53,24,57,27,0,108,0,0,0,108
07/26/2023,STT,VI,ASO,ES,Towers with Radar,22,21,7,0,50,0,31,40,0,71,22,52,47,0,121,10,0,10,131
07/27/2023,STT,VI,ASO,ES,Towers with Radar,26,24,3,0,53,0,31,33,0,64,26,55,36,0,117,38,0,38,155
07/28/2023,STT,VI,ASO,ES,Towers with Radar,24,20,9,0,53,0,36,51,0,87,24,56,60,0,140,33,0,33,173
07/29/2023,STT,VI,ASO,ES,Towers with Radar,37,11,10,0,58,0,24,41,0,65,37,35,51,0,123,22,0,22,145
07/30/2023,STT,VI,ASO,ES,Towers with Radar,32,11,6,0,49,0,19,30,0,49,32,30,36,0,98,0,0,0,98
07/31/2023,STT,VI,ASO,ES,Towers with Radar,27,29,2,0,58,0,34,40,0,74,27,63,42,0,132,0,0,0,132
08/01/2023,STT,VI,ASO,ES,Towers with Radar,30,24,7,0,61,0,29,46,2,77,30,53,53,2,138,0,0,0,138
08/02/2023,STT,VI,ASO,ES,Towers with Radar,22,23,4,8,57,0,27,40,0,67,22,50,44,8,124,0,0,0,124
08/03/2023,STT,VI,ASO,ES,Towers with Radar,29,23,3,0,55,0,34,58,3,95,29,57,61,3,150,20,0,20,170
08/04/2023,STT,VI,ASO,ES,Towers with Radar,26,22,7,0,55,0,37,57,0,94,26,59,64,0,149,0,0,0,149
08/05/2023,STT,VI,ASO,ES,Towers with Radar,38,14,12,1,65,0,19,39,0,58,38,33,51,1,123,16,2,18,141
08/06/2023,STT,VI,ASO,ES,Towers with Radar,33,7,4,0,44,0,33,29,0,62,33,40,33,0,106,4,0,4,110
08/07/2023,STT,VI,ASO,ES,Towers with Radar,28,28,2,0,58,0,54,29,0,83,28,82,31,0,141,6,0,6,147
08/08/2023,STT,VI,ASO,ES,Towers with Radar,26,25,5,0,56,0,49,43,0,92,26,74,48,0,148,20,0,20,168
08/09/2023,STT,VI,ASO,ES,Towers with Radar,21,25,8,0,54,0,51,36,1,88,21,76,44,1,142,0,0,0,142
08/10/2023,STT,VI,ASO,ES,Towers with Radar,21,20,6,0,47,0,52,49,0,101,21,72,55,0,148,0,0,0,148
08/11/2023,STT,VI,ASO,ES,Towers with Radar,25,17,8,0,50,0,64,34,0,98,25,81,42,0,148,12,0,12,160
08/12/2023,STT,VI,ASO,ES,Towers with Radar,39,8,8,0,55,0,43,39,0,82,39,51,47,0,137,4,0,4,141
08/13/2023,STT,VI,ASO,ES,Towers with Radar,28,9,5,0,42,0,45,37,0,82,28,54,42,0,124,4,0,4,128
08/14/2023,STT,VI,ASO,ES,Towers with Radar,20,20,7,0,47,0,57,57,0,114,20,77,64,0,161,6,0,6,167
08/15/2023,STT,VI,ASO,ES,Towers with Radar,22,23,6,0,51,0,59,46,2,107,22,82,52,2,158,4,0,4,162
08/16/2023,STT,VI,ASO,ES,Towers with Radar,14,20,1,7,42,0,57,32,0,89,14,77,33,7,131,20,0,20,151
08/17/2023,STT,VI,ASO,ES,Towers with Radar,16,24,4,0,44,0,50,43,0,93,16,74,47,0,137,10,0,10,147
08/18/2023,STT,VI,ASO,ES,Towers with Radar,14,22,3,0,39,0,68,42,0,110,14,90,45,0,149,6,0,6,155
08/19/2023,STT,VI,ASO,ES,Towers with Radar,32,9,0,0,41,0,48,34,0,82,32,57,34,0,123,0,0,0,123
08/20/2023,STT,VI,ASO,ES,Towers with Radar,25,7,1,0,33,0,37,16,0,53,25,44,17,0,86,0,0,0,86
08/21/2023,STT,VI,ASO,ES,Towers with Radar,27,23,6,0,56,1,47,41,0,89,28,70,47,0,145,12,0,12,157
08/22/2023,STT,VI,ASO,ES,Towers with Radar,19,28,6,0,53,0,43,24,0,67,19,71,30,0,120,8,0,8,128
08/23/2023,STT,VI,ASO,ES,Towers with Radar,17,28,5,0,50,0,44,60,0,104,17,72,65,0,154,0,0,0,154
08/24/2023,STT,VI,ASO,ES,Towers with Radar,16,29,4,0,49,0,49,52,0,101,16,78,56,0,150,26,0,26,176
08/25/2023,STT,VI,ASO,ES,Towers with Radar,18,21,6,0,45,0,57,46,0,103,18,78,52,0,148,4,0,4,152
08/26/2023,STT,VI,ASO,ES,Towers with Radar,27,10,4,0,41,0,29,21,0,50,27,39,25,0,91,0,0,0,91
08/27/2023,STT,VI,ASO,ES,Towers with Radar,29,12,3,0,44,0,39,32,0,71,29,51,35,0,115,16,0,16,131
08/28/2023,STT,VI,ASO,ES,Towers with Radar,18,19,8,0,45,0,55,43,0,98,18,74,51,0,143,0,0,0,143
08/29/2023,STT,VI,ASO,ES,Towers with Radar,21,20,0,1,42,0,50,36,0,86,21,70,36,1,128,6,2,8,136
08/30/2023,STT,VI,ASO,ES,Towers with Radar,14,25,5,4,48,0,45,56,0,101,14,70,61,4,149,0,0,0,149
08/31/2023,STT,VI,ASO,ES,Towers with Radar,18,18,5,2,43,0,48,40,0,88,18,66,45,2,131,2,0,2,133
