01/01/2000,STX,VI,ASO,ES,Federal Contract Tower,9,28,6,0,43,5,38,11,0,54,14,66,17,0,97,0,0,0,97
01/02/2000,STX,VI,ASO,ES,Federal Contract Tower,13,38,8,2,61,1,70,26,0,97,14,108,34,2,158,0,0,0,158
01/03/2000,STX,VI,ASO,ES,Federal Contract Tower,15,46,10,5,76,0,92,14,6,112,15,138,24,11,188,0,4,4,192
01/04/2000,STX,VI,ASO,ES,Federal Contract Tower,13,43,9,5,70,0,90,17,0,107,13,133,26,5,177,0,0,0,177
01/05/2000,STX,VI,ASO,ES,Federal Contract Tower,15,41,9,4,69,3,93,27,2,125,18,134,36,6,194,10,6,16,210
01/06/2000,STX,VI,ASO,ES,Federal Contract Tower,16,47,9,5,77,0,74,24,2,100,16,121,33,7,177,4,0,4,181
01/07/2000,STX,VI,ASO,ES,Federal Contract Tower,15,40,9,4,68,7,86,14,0,107,22,126,23,4,175,4,0,4,179
01/08/2000,STX,VI,ASO,ES,Federal Contract Tower,13,34,6,5,58,5,77,13,0,95,18,111,19,5,153,8,0,8,161
01/09/2000,STX,VI,ASO,ES,Federal Contract Tower,14,42,8,4,68,0,84,16,0,100,14,126,24,4,168,10,0,10,178
01/10/2000,STX,VI,ASO,ES,Federal Contract Tower,16,42,8,6,72,0,108,4,1,113,16,150,12,7,185,10,4,14,199
01/11/2000,STX,VI,ASO,ES,Federal Contract Tower,16,44,8,6,74,0,72,31,10,113,16,116,39,16,187,20,18,38,225
01/12/2000,STX,VI,ASO,ES,Federal Contract Tower,16,48,10,6,80,0,65,29,4,98,16,113,39,10,178,24,8,32,210
01/13/2000,STX,VI,ASO,ES,Federal Contract Tower,16,47,9,6,78,0,60,32,4,96,16,107,41,10,174,58,0,58,232
01/14/2000,STX,VI,ASO,ES,Federal Contract Tower,15,47,8,6,76,0,81,30,5,116,15,128,38,11,192,36,0,36,228
01/15/2000,STX,VI,ASO,ES,Federal Contract Tower,16,39,7,5,67,2,58,12,2,74,18,97,19,7,141,0,0,0,141
01/16/2000,STX,VI,ASO,ES,Federal Contract Tower,15,37,5,3,60,0,9,0,0,9,15,46,5,3,69,0,0,0,69
01/17/2000,STX,VI,ASO,ES,Federal Contract Tower,14,34,6,5,59,2,66,13,1,82,16,100,19,6,141,22,0,22,163
01/18/2000,STX,VI,ASO,ES,Federal Contract Tower,15,38,7,5,65,1,79,19,5,104,16,117,26,10,169,4,2,6,175
01/19/2000,STX,VI,ASO,ES,Federal Contract Tower,15,43,8,6,72,0,100,20,4,124,15,143,28,10,196,12,24,36,232
01/20/2000,STX,VI,ASO,ES,Federal Contract Tower,14,34,6,5,59,2,89,24,10,125,16,123,30,15,184,30,6,36,220
01/21/2000,STX,VI,ASO,ES,Federal Contract Tower,14,35,6,5,60,1,87,24,1,113,15,122,30,6,173,0,12,12,185
01/22/2000,STX,VI,ASO,ES,Federal Contract Tower,13,33,6,5,57,2,55,7,5,69,15,88,13,10,126,10,8,18,144
01/23/2000,STX,VI,ASO,ES,Federal Contract Tower,15,36,6,3,60,1,60,13,0,74,16,96,19,3,134,30,0,30,164
01/24/2000,STX,VI,ASO,ES,Federal Contract Tower,16,40,8,4,68,0,68,15,11,94,16,108,23,15,162,0,10,10,172
01/25/2000,STX,VI,ASO,ES,Federal Contract Tower,14,42,7,5,68,0,70,22,4,96,14,112,29,9,164,20,2,22,186
01/26/2000,STX,VI,ASO,ES,Federal Contract Tower,16,40,7,4,67,0,70,25,6,101,16,110,32,10,168,14,10,24,192
01/27/2000,STX,VI,ASO,ES,Federal Contract Tower,19,49,10,5,83,1,61,15,22,99,20,110,25,27,182,12,6,18,200
01/28/2000,STX,VI,ASO,ES,Federal Contract Tower,15,46,8,5,74,0,74,19,7,100,15,120,27,12,174,8,0,8,182
01/29/2000,STX,VI,ASO,ES,Federal Contract Tower,14,43,8,5,70,0,49,13,7,69,14,92,21,12,139,38,0,38,177
01/30/2000,STX,VI,ASO,ES,Federal Contract Tower,15,43,8,5,71,0,42,14,5,61,15,85,22,10,132,0,0,0,132
01/31/2000,STX,VI,ASO,ES,Federal Contract Tower,16,42,7,1,66,0,61,14,0,75,16,103,21,1,141,0,0,0,141
02/01/2000,STX,VI,ASO,ES,Federal Contract Tower,14,40,8,4,66,2,63,17,3,85,16,103,25,7,151,4,0,4,155
02/02/2000,STX,VI,ASO,ES,Federal Contract Tower,15,41,8,4,68,0,90,31,4,125,15,131,39,8,193,14,0,14,207
02/03/2000,STX,VI,ASO,ES,Federal Contract Tower,16,44,8,5,73,0,67,28,0,95,16,111,36,5,168,26,0,26,194
02/04/2000,STX,VI,ASO,ES,Federal Contract Tower,14,38,8,4,64,0,68,28,0,96,14,106,36,4,160,24,2,26,186
02/05/2000,STX,VI,ASO,ES,Federal Contract Tower,18,49,9,1,77,0,41,15,0,56,18,90,24,1,133,4,0,4,137
02/06/2000,STX,VI,ASO,ES,Federal Contract Tower,12,34,7,2,55,4,39,29,0,72,16,73,36,2,127,8,8,16,143
02/07/2000,STX,VI,ASO,ES,Federal Contract Tower,18,48,9,5,80,0,48,15,0,63,18,96,24,5,143,4,0,4,147
02/08/2000,STX,VI,ASO,ES,Federal Contract Tower,15,41,9,4,69,1,60,21,1,83,16,101,30,5,152,4,0,4,156
02/09/2000,STX,VI,ASO,ES,Federal Contract Tower,15,41,8,4,68,1,81,39,0,121,16,122,47,4,189,12,0,12,201
02/10/2000,STX,VI,ASO,ES,Federal Contract Tower,15,50,9,6,80,0,66,24,9,99,15,116,33,15,179,26,0,26,205
02/11/2000,STX,VI,ASO,ES,Federal Contract Tower,16,43,7,5,71,0,62,28,0,90,16,105,35,5,161,2,14,16,177
02/12/2000,STX,VI,ASO,ES,Federal Contract Tower,13,33,6,2,54,6,48,18,0,72,19,81,24,2,126,14,0,14,140
02/13/2000,STX,VI,ASO,ES,Federal Contract Tower,16,40,8,5,69,0,36,29,6,71,16,76,37,11,140,52,0,52,192
02/14/2000,STX,VI,ASO,ES,Federal Contract Tower,16,42,7,5,70,0,63,21,0,84,16,105,28,5,154,2,6,8,162
02/15/2000,STX,VI,ASO,ES,Federal Contract Tower,16,43,7,6,72,0,64,43,1,108,16,107,50,7,180,12,0,12,192
02/16/2000,STX,VI,ASO,ES,Federal Contract Tower,16,47,8,6,77,0,69,28,5,102,16,116,36,11,179,8,2,10,189
02/17/2000,STX,VI,ASO,ES,Federal Contract Tower,20,51,9,7,87,0,61,42,0,103,20,112,51,7,190,20,8,28,218
02/18/2000,STX,VI,ASO,ES,Federal Contract Tower,17,48,9,6,80,0,108,39,4,151,17,156,48,10,231,22,4,26,257
02/19/2000,STX,VI,ASO,ES,Federal Contract Tower,17,49,9,5,80,0,61,15,0,76,17,110,24,5,156,0,2,2,158
02/20/2000,STX,VI,ASO,ES,Federal Contract Tower,16,40,7,5,68,2,62,15,5,84,18,102,22,10,152,2,6,8,160
02/21/2000,STX,VI,ASO,ES,Federal Contract Tower,16,43,7,6,72,0,73,34,1,108,16,116,41,7,180,14,12,26,206
02/22/2000,STX,VI,ASO,ES,Federal Contract Tower,15,46,9,6,76,0,64,18,20,102,15,110,27,26,178,0,10,10,188
02/23/2000,STX,VI,ASO,ES,Federal Contract Tower,16,46,8,6,76,0,60,29,1,90,16,106,37,7,166,0,12,12,178
02/24/2000,STX,VI,ASO,ES,Federal Contract Tower,16,52,9,6,83,0,64,38,7,109,16,116,47,13,192,24,14,38,230
02/25/2000,STX,VI,ASO,ES,Federal Contract Tower,18,47,9,5,79,0,63,32,20,115,18,110,41,25,194,4,14,18,212
02/26/2000,STX,VI,ASO,ES,Federal Contract Tower,13,35,6,4,58,10,55,18,0,83,23,90,24,4,141,28,0,28,169
02/27/2000,STX,VI,ASO,ES,Federal Contract Tower,15,38,6,4,63,1,55,16,3,75,16,93,22,7,138,14,0,14,152
02/28/2000,STX,VI,ASO,ES,Federal Contract Tower,15,43,7,5,70,0,69,21,3,93,15,112,28,8,163,0,0,0,163
02/29/2000,STX,VI,ASO,ES,Federal Contract Tower,16,47,8,5,76,0,59,24,8,91,16,106,32,13,167,10,6,16,183
03/01/2000,STX,VI,ASO,ES,Federal Contract Tower,14,43,9,6,72,0,55,32,6,93,14,98,41,12,165,18,14,32,197
03/02/2000,STX,VI,ASO,ES,Federal Contract Tower,16,49,9,7,81,0,67,37,4,108,16,116,46,11,189,26,4,30,219
03/03/2000,STX,VI,ASO,ES,Federal Contract Tower,11,47,9,7,74,0,83,35,2,120,11,130,44,9,194,16,4,20,214
03/04/2000,STX,VI,ASO,ES,Federal Contract Tower,14,39,9,5,67,5,51,12,8,76,19,90,21,13,143,14,8,22,165
03/05/2000,STX,VI,ASO,ES,Federal Contract Tower,13,36,7,5,61,2,42,12,8,64,15,78,19,13,125,46,6,52,177
03/06/2000,STX,VI,ASO,ES,Federal Contract Tower,16,44,9,6,75,3,58,30,6,97,19,102,39,12,172,64,0,64,236
03/07/2000,STX,VI,ASO,ES,Federal Contract Tower,16,42,8,6,72,2,57,36,1,96,18,99,44,7,168,50,12,62,230
03/08/2000,STX,VI,ASO,ES,Federal Contract Tower,17,48,9,7,81,1,58,28,11,98,18,106,37,18,179,20,24,44,223
03/09/2000,STX,VI,ASO,ES,Federal Contract Tower,15,42,8,5,70,1,63,13,0,77,16,105,21,5,147,12,0,12,159
03/10/2000,STX,VI,ASO,ES,Federal Contract Tower,14,41,8,6,69,2,91,32,2,127,16,132,40,8,196,0,2,2,198
03/11/2000,STX,VI,ASO,ES,Federal Contract Tower,15,41,8,6,70,1,58,23,0,82,16,99,31,6,152,2,0,2,154
03/12/2000,STX,VI,ASO,ES,Federal Contract Tower,12,37,6,6,61,0,60,18,3,81,12,97,24,9,142,8,6,14,156
03/13/2000,STX,VI,ASO,ES,Federal Contract Tower,18,50,9,8,85,0,77,12,6,95,18,127,21,14,180,0,10,10,190
03/14/2000,STX,VI,ASO,ES,Federal Contract Tower,15,37,7,6,65,1,68,30,0,99,16,105,37,6,164,0,6,6,170
03/15/2000,STX,VI,ASO,ES,Federal Contract Tower,16,41,7,7,71,0,63,45,1,109,16,104,52,8,180,18,6,24,204
03/16/2000,STX,VI,ASO,ES,Federal Contract Tower,17,41,7,7,72,1,68,26,0,95,18,109,33,7,167,16,0,16,183
03/17/2000,STX,VI,ASO,ES,Federal Contract Tower,16,63,11,10,100,0,56,33,30,119,16,119,44,40,219,0,0,0,219
03/18/2000,STX,VI,ASO,ES,Federal Contract Tower,17,41,7,7,72,3,45,19,4,71,20,86,26,11,143,26,0,26,169
03/19/2000,STX,VI,ASO,ES,Federal Contract Tower,15,38,8,6,67,1,45,4,22,72,16,83,12,28,139,4,2,6,145
03/20/2000,STX,VI,ASO,ES,Federal Contract Tower,18,46,8,8,80,0,70,26,1,97,18,116,34,9,177,32,18,50,227
03/21/2000,STX,VI,ASO,ES,Federal Contract Tower,15,40,7,4,66,0,60,33,0,93,15,100,40,4,159,18,4,22,181
03/22/2000,STX,VI,ASO,ES,Federal Contract Tower,14,39,7,7,67,0,77,25,0,102,14,116,32,7,169,0,10,10,179
03/23/2000,STX,VI,ASO,ES,Federal Contract Tower,16,40,7,7,70,0,56,27,1,84,16,96,34,8,154,32,0,32,186
03/24/2000,STX,VI,ASO,ES,Federal Contract Tower,16,45,8,8,77,0,72,30,0,102,16,117,38,8,179,0,0,0,179
03/25/2000,STX,VI,ASO,ES,Federal Contract Tower,13,34,6,2,55,5,61,12,0,78,18,95,18,2,133,28,0,28,161
03/26/2000,STX,VI,ASO,ES,Federal Contract Tower,13,31,6,3,53,1,68,25,0,94,14,99,31,3,147,58,0,58,205
03/27/2000,STX,VI,ASO,ES,Federal Contract Tower,16,41,7,6,70,0,62,21,1,84,16,103,28,7,154,0,8,8,162
03/28/2000,STX,VI,ASO,ES,Federal Contract Tower,18,47,8,3,76,0,48,30,0,78,18,95,38,3,154,28,2,30,184
03/29/2000,STX,VI,ASO,ES,Federal Contract Tower,16,46,8,6,76,0,62,27,3,92,16,108,35,9,168,18,8,26,194
03/30/2000,STX,VI,ASO,ES,Federal Contract Tower,16,43,7,6,72,0,73,33,0,106,16,116,40,6,178,16,14,30,208
03/31/2000,STX,VI,ASO,ES,Federal Contract Tower,18,45,8,6,77,0,68,32,3,103,18,113,40,9,180,6,4,10,190
04/01/2000,STX,VI,ASO,ES,Federal Contract Tower,15,33,6,3,57,1,55,19,3,78,16,88,25,6,135,8,4,12,147
04/02/2000,STX,VI,ASO,ES,Federal Contract Tower,15,33,6,3,57,3,46,25,2,76,18,79,31,5,133,16,2,18,151
04/03/2000,STX,VI,ASO,ES,Federal Contract Tower,19,43,8,4,74,2,53,32,4,91,21,96,40,8,165,0,0,0,165
04/04/2000,STX,VI,ASO,ES,Federal Contract Tower,18,44,8,4,74,0,51,21,6,78,18,95,29,10,152,6,0,6,158
04/05/2000,STX,VI,ASO,ES,Federal Contract Tower,19,44,8,4,75,0,61,25,9,95,19,105,33,13,170,36,8,44,214
04/06/2000,STX,VI,ASO,ES,Federal Contract Tower,18,40,8,3,69,0,65,24,1,90,18,105,32,4,159,10,4,14,173
04/07/2000,STX,VI,ASO,ES,Federal Contract Tower,19,44,8,4,75,1,69,39,4,113,20,113,47,8,188,4,4,8,196
04/08/2000,STX,VI,ASO,ES,Federal Contract Tower,16,37,7,3,63,4,45,15,11,75,20,82,22,14,138,6,0,6,144
04/09/2000,STX,VI,ASO,ES,Federal Contract Tower,16,32,6,3,57,2,57,16,4,79,18,89,22,7,136,8,0,8,144
04/10/2000,STX,VI,ASO,ES,Federal Contract Tower,19,40,8,4,71,1,74,19,3,97,20,114,27,7,168,18,0,18,186
04/11/2000,STX,VI,ASO,ES,Federal Contract Tower,18,36,7,2,63,2,62,32,0,96,20,98,39,2,159,0,8,8,167
04/12/2000,STX,VI,ASO,ES,Federal Contract Tower,16,40,8,4,68,0,72,26,5,103,16,112,34,9,171,12,0,12,183
04/13/2000,STX,VI,ASO,ES,Federal Contract Tower,18,40,7,5,70,0,56,29,2,87,18,96,36,7,157,8,0,8,165
04/14/2000,STX,VI,ASO,ES,Federal Contract Tower,19,40,7,2,68,2,84,29,0,115,21,124,36,2,183,10,0,10,193
04/15/2000,STX,VI,ASO,ES,Federal Contract Tower,16,34,6,4,60,1,56,15,5,77,17,90,21,9,137,2,10,12,149
04/16/2000,STX,VI,ASO,ES,Federal Contract Tower,18,38,7,4,67,0,38,11,1,50,18,76,18,5,117,0,0,0,117
04/17/2000,STX,VI,ASO,ES,Federal Contract Tower,20,42,7,5,74,0,53,20,3,76,20,95,27,8,150,4,8,12,162
04/18/2000,STX,VI,ASO,ES,Federal Contract Tower,18,47,8,5,78,0,48,30,0,78,18,95,38,5,156,12,4,16,172
04/19/2000,STX,VI,ASO,ES,Federal Contract Tower,16,47,8,5,76,0,67,28,7,102,16,114,36,12,178,30,0,30,208
04/20/2000,STX,VI,ASO,ES,Federal Contract Tower,18,40,7,5,70,0,88,37,0,125,18,128,44,5,195,38,0,38,233
04/21/2000,STX,VI,ASO,ES,Federal Contract Tower,16,32,5,4,57,4,53,28,6,91,20,85,33,10,148,6,0,6,154
04/22/2000,STX,VI,ASO,ES,Federal Contract Tower,14,30,5,4,53,2,59,9,1,71,16,89,14,5,124,6,0,6,130
04/23/2000,STX,VI,ASO,ES,Federal Contract Tower,14,30,5,1,50,0,55,12,0,67,14,85,17,1,117,0,0,0,117
04/24/2000,STX,VI,ASO,ES,Federal Contract Tower,17,36,6,4,63,1,70,31,0,102,18,106,37,4,165,14,4,18,183
04/25/2000,STX,VI,ASO,ES,Federal Contract Tower,18,42,7,4,71,0,71,40,2,113,18,113,47,6,184,30,0,30,214
04/26/2000,STX,VI,ASO,ES,Federal Contract Tower,16,39,7,3,65,0,87,34,3,124,16,126,41,6,189,2,12,14,203
04/27/2000,STX,VI,ASO,ES,Federal Contract Tower,15,40,7,3,65,0,68,45,9,122,15,108,52,12,187,42,4,46,233
04/28/2000,STX,VI,ASO,ES,Federal Contract Tower,15,35,6,0,56,0,78,41,0,119,15,113,47,0,175,42,0,42,217
04/29/2000,STX,VI,ASO,ES,Federal Contract Tower,17,35,6,3,61,2,56,17,3,78,19,91,23,6,139,2,0,2,141
04/30/2000,STX,VI,ASO,ES,Federal Contract Tower,12,32,5,3,52,0,69,18,1,88,12,101,23,4,140,72,0,72,212
05/01/2000,STX,VI,ASO,ES,Federal Contract Tower,9,39,9,1,58,0,75,38,0,113,9,114,47,1,171,40,2,42,213
05/02/2000,STX,VI,ASO,ES,Federal Contract Tower,11,47,10,5,73,0,61,35,0,96,11,108,45,5,169,50,10,60,229
05/03/2000,STX,VI,ASO,ES,Federal Contract Tower,17,45,9,5,76,2,112,39,7,160,19,157,48,12,236,22,0,22,258
05/04/2000,STX,VI,ASO,ES,Federal Contract Tower,16,43,9,5,73,6,83,32,14,135,22,126,41,19,208,48,2,50,258
05/05/2000,STX,VI,ASO,ES,Federal Contract Tower,16,41,9,4,70,0,85,35,4,124,16,126,44,8,194,34,8,42,236
05/06/2000,STX,VI,ASO,ES,Federal Contract Tower,12,35,7,4,58,0,64,15,3,82,12,99,22,7,140,16,0,16,156
05/07/2000,STX,VI,ASO,ES,Federal Contract Tower,12,32,8,3,55,7,103,14,0,124,19,135,22,3,179,8,0,8,187
05/08/2000,STX,VI,ASO,ES,Federal Contract Tower,17,45,9,5,76,5,64,28,6,103,22,109,37,11,179,14,0,14,193
05/09/2000,STX,VI,ASO,ES,Federal Contract Tower,14,41,9,4,68,0,70,24,0,94,14,111,33,4,162,60,0,60,222
05/10/2000,STX,VI,ASO,ES,Federal Contract Tower,14,44,8,6,72,0,78,39,8,125,14,122,47,14,197,42,6,48,245
05/11/2000,STX,VI,ASO,ES,Federal Contract Tower,18,45,8,5,76,1,61,12,0,74,19,106,20,5,150,36,0,36,186
05/12/2000,STX,VI,ASO,ES,Federal Contract Tower,13,33,6,3,55,3,79,50,0,132,16,112,56,3,187,76,4,80,267
05/13/2000,STX,VI,ASO,ES,Federal Contract Tower,13,30,6,2,51,0,64,23,0,87,13,94,29,2,138,28,0,28,166
05/14/2000,STX,VI,ASO,ES,Federal Contract Tower,12,28,5,4,49,6,50,16,2,74,18,78,21,6,123,18,0,18,141
05/15/2000,STX,VI,ASO,ES,Federal Contract Tower,15,34,6,1,56,3,74,49,0,126,18,108,55,1,182,76,8,84,266
05/16/2000,STX,VI,ASO,ES,Federal Contract Tower,14,38,8,5,65,0,65,39,2,106,14,103,47,7,171,46,6,52,223
05/17/2000,STX,VI,ASO,ES,Federal Contract Tower,14,44,8,6,72,0,66,31,5,102,14,110,39,11,174,40,4,44,218
05/18/2000,STX,VI,ASO,ES,Federal Contract Tower,14,36,7,5,62,2,73,36,6,117,16,109,43,11,179,44,0,44,223
05/19/2000,STX,VI,ASO,ES,Federal Contract Tower,14,34,6,3,57,1,72,33,0,106,15,106,39,3,163,52,0,52,215
05/20/2000,STX,VI,ASO,ES,Federal Contract Tower,11,33,6,4,54,0,56,17,0,73,11,89,23,4,127,48,0,48,175
05/21/2000,STX,VI,ASO,ES,Federal Contract Tower,11,27,5,4,47,1,69,15,4,89,12,96,20,8,136,50,0,50,186
05/22/2000,STX,VI,ASO,ES,Federal Contract Tower,16,38,8,5,67,4,56,21,2,83,20,94,29,7,150,32,8,40,190
05/23/2000,STX,VI,ASO,ES,Federal Contract Tower,15,40,8,5,68,0,62,46,7,115,15,102,54,12,183,32,10,42,225
05/24/2000,STX,VI,ASO,ES,Federal Contract Tower,14,33,6,5,58,2,79,38,8,127,16,112,44,13,185,70,0,70,255
05/25/2000,STX,VI,ASO,ES,Federal Contract Tower,14,33,6,4,57,3,73,28,4,108,17,106,34,8,165,36,4,40,205
05/26/2000,STX,VI,ASO,ES,Federal Contract Tower,17,40,7,2,66,1,99,49,0,149,18,139,56,2,215,8,0,8,223
05/27/2000,STX,VI,ASO,ES,Federal Contract Tower,11,28,5,2,46,1,66,20,0,87,12,94,25,2,133,4,0,4,137
05/28/2000,STX,VI,ASO,ES,Federal Contract Tower,5,27,5,1,38,0,66,14,0,80,5,93,19,1,118,10,0,10,128
05/29/2000,STX,VI,ASO,ES,Federal Contract Tower,12,42,8,2,64,0,82,24,0,106,12,124,32,2,170,14,0,14,184
05/30/2000,STX,VI,ASO,ES,Federal Contract Tower,14,40,8,1,63,0,61,20,0,81,14,101,28,1,144,20,0,20,164
05/31/2000,STX,VI,ASO,ES,Federal Contract Tower,12,40,8,3,63,0,77,21,0,98,12,117,29,3,161,8,6,14,175
06/01/2000,STX,VI,ASO,ES,Federal Contract Tower,14,36,9,5,64,0,56,27,6,89,14,92,36,11,153,24,10,34,187
06/02/2000,STX,VI,ASO,ES,Federal Contract Tower,11,28,6,4,49,3,63,40,7,113,14,91,46,11,162,24,6,30,192
06/03/2000,STX,VI,ASO,ES,Federal Contract Tower,11,28,6,4,49,1,55,7,3,66,12,83,13,7,115,10,0,10,125
06/04/2000,STX,VI,ASO,ES,Federal Contract Tower,9,24,6,3,42,3,46,18,1,68,12,70,24,4,110,68,0,68,178
06/05/2000,STX,VI,ASO,ES,Federal Contract Tower,10,31,7,5,53,0,63,25,1,89,10,94,32,6,142,8,0,8,150
06/06/2000,STX,VI,ASO,ES,Federal Contract Tower,9,24,6,1,40,5,55,27,0,87,14,79,33,1,127,16,0,16,143
06/07/2000,STX,VI,ASO,ES,Federal Contract Tower,12,32,7,2,53,0,66,31,0,97,12,98,38,2,150,0,2,2,152
06/08/2000,STX,VI,ASO,ES,Federal Contract Tower,12,29,7,4,52,2,66,23,5,96,14,95,30,9,148,26,0,26,174
06/09/2000,STX,VI,ASO,ES,Federal Contract Tower,14,34,7,6,61,0,76,30,4,110,14,110,37,10,171,6,6,12,183
06/10/2000,STX,VI,ASO,ES,Federal Contract Tower,10,25,5,5,45,4,51,8,1,64,14,76,13,6,109,12,2,14,123
06/11/2000,STX,VI,ASO,ES,Federal Contract Tower,9,24,5,4,42,0,53,9,0,62,9,77,14,4,104,6,0,6,110
06/12/2000,STX,VI,ASO,ES,Federal Contract Tower,10,45,9,8,72,0,53,14,1,68,10,98,23,9,140,2,0,2,142
06/13/2000,STX,VI,ASO,ES,Federal Contract Tower,15,37,7,7,66,0,61,38,5,104,15,98,45,12,170,36,0,36,206
06/14/2000,STX,VI,ASO,ES,Federal Contract Tower,12,32,7,6,57,0,68,35,6,109,12,100,42,12,166,14,0,14,180
06/15/2000,STX,VI,ASO,ES,Federal Contract Tower,12,30,6,5,53,0,71,36,0,107,12,101,42,5,160,14,0,14,174
06/16/2000,STX,VI,ASO,ES,Federal Contract Tower,14,40,9,7,70,0,56,33,10,99,14,96,42,17,169,4,6,10,179
06/17/2000,STX,VI,ASO,ES,Federal Contract Tower,9,24,5,5,43,2,62,9,4,77,11,86,14,9,120,12,4,16,136
06/18/2000,STX,VI,ASO,ES,Federal Contract Tower,10,23,5,4,42,1,55,14,2,72,11,78,19,6,114,0,4,4,118
06/19/2000,STX,VI,ASO,ES,Federal Contract Tower,14,31,6,6,57,0,69,40,9,118,14,100,46,15,175,14,4,18,193
06/20/2000,STX,VI,ASO,ES,Federal Contract Tower,12,34,7,6,59,0,62,32,11,105,12,96,39,17,164,32,6,38,202
06/21/2000,STX,VI,ASO,ES,Federal Contract Tower,13,30,6,6,55,1,82,33,10,126,14,112,39,16,181,22,0,22,203
06/22/2000,STX,VI,ASO,ES,Federal Contract Tower,12,31,6,6,55,0,82,36,6,124,12,113,42,12,179,28,0,28,207
06/23/2000,STX,VI,ASO,ES,Federal Contract Tower,12,28,6,5,51,0,68,26,8,102,12,96,32,13,153,26,0,26,179
06/24/2000,STX,VI,ASO,ES,Federal Contract Tower,10,26,5,5,46,0,58,18,4,80,10,84,23,9,126,22,8,30,156
06/25/2000,STX,VI,ASO,ES,Federal Contract Tower,10,23,5,3,41,0,42,10,0,52,10,65,15,3,93,36,0,36,129
06/26/2000,STX,VI,ASO,ES,Federal Contract Tower,12,36,8,5,61,0,63,31,4,98,12,99,39,9,159,12,4,16,175
06/27/2000,STX,VI,ASO,ES,Federal Contract Tower,12,32,6,5,55,0,59,20,3,82,12,91,26,8,137,18,0,18,155
06/28/2000,STX,VI,ASO,ES,Federal Contract Tower,14,35,7,5,61,4,76,32,2,114,18,111,39,7,175,14,0,14,189
06/29/2000,STX,VI,ASO,ES,Federal Contract Tower,14,35,7,5,61,0,65,30,2,97,14,100,37,7,158,38,0,38,196
06/30/2000,STX,VI,ASO,ES,Federal Contract Tower,12,28,6,4,50,1,81,45,0,127,13,109,51,4,177,2,0,2,179
07/01/2000,STX,VI,ASO,ES,Federal Contract Tower,8,28,7,2,45,2,58,22,8,90,10,86,29,10,135,10,0,10,145
07/02/2000,STX,VI,ASO,ES,Federal Contract Tower,9,32,7,3,51,1,44,15,1,61,10,76,22,4,112,48,0,48,160
07/03/2000,STX,VI,ASO,ES,Federal Contract Tower,9,32,7,0,48,1,64,9,0,74,10,96,16,0,122,0,0,0,122
07/04/2000,STX,VI,ASO,ES,Federal Contract Tower,9,30,7,2,48,2,47,12,0,61,11,77,19,2,109,4,0,4,113
07/05/2000,STX,VI,ASO,ES,Federal Contract Tower,10,37,8,3,58,2,60,9,5,76,12,97,17,8,134,12,0,12,146
07/06/2000,STX,VI,ASO,ES,Federal Contract Tower,9,30,6,2,47,3,71,21,3,98,12,101,27,5,145,16,2,18,163
07/07/2000,STX,VI,ASO,ES,Federal Contract Tower,9,31,7,2,49,0,85,29,9,123,9,116,36,11,172,44,0,44,216
07/08/2000,STX,VI,ASO,ES,Federal Contract Tower,7,25,5,3,40,6,69,20,5,100,13,94,25,8,140,0,0,0,140
07/09/2000,STX,VI,ASO,ES,Federal Contract Tower,9,27,5,2,43,3,43,15,0,61,12,70,20,2,104,14,0,14,118
07/10/2000,STX,VI,ASO,ES,Federal Contract Tower,11,37,8,4,60,0,63,29,0,92,11,100,37,4,152,8,0,8,160
07/11/2000,STX,VI,ASO,ES,Federal Contract Tower,11,37,7,4,59,0,48,35,1,84,11,85,42,5,143,28,0,28,171
07/12/2000,STX,VI,ASO,ES,Federal Contract Tower,10,34,6,2,52,0,82,29,0,111,10,116,35,2,163,20,0,20,183
07/13/2000,STX,VI,ASO,ES,Federal Contract Tower,11,32,6,1,50,1,56,27,0,84,12,88,33,1,134,16,0,16,150
07/14/2000,STX,VI,ASO,ES,Federal Contract Tower,8,31,6,4,49,0,78,29,0,107,8,109,35,4,156,22,0,22,178
07/15/2000,STX,VI,ASO,ES,Federal Contract Tower,8,23,4,3,38,2,55,18,0,75,10,78,22,3,113,14,0,14,127
07/16/2000,STX,VI,ASO,ES,Federal Contract Tower,8,25,5,3,41,0,50,19,0,69,8,75,24,3,110,48,0,48,158
07/17/2000,STX,VI,ASO,ES,Federal Contract Tower,8,32,6,4,50,0,73,25,1,99,8,105,31,5,149,20,0,20,169
07/18/2000,STX,VI,ASO,ES,Federal Contract Tower,8,31,6,3,48,0,66,38,0,104,8,97,44,3,152,18,0,18,170
07/19/2000,STX,VI,ASO,ES,Federal Contract Tower,10,37,8,4,59,0,77,29,2,108,10,114,37,6,167,24,0,24,191
07/20/2000,STX,VI,ASO,ES,Federal Contract Tower,10,39,8,4,61,0,74,29,4,107,10,113,37,8,168,28,0,28,196
07/21/2000,STX,VI,ASO,ES,Federal Contract Tower,11,33,6,4,54,0,78,45,4,127,11,111,51,8,181,16,2,18,199
07/22/2000,STX,VI,ASO,ES,Federal Contract Tower,7,32,6,2,47,0,57,33,9,99,7,89,39,11,146,50,2,52,198
07/23/2000,STX,VI,ASO,ES,Federal Contract Tower,8,28,6,2,44,0,47,14,4,65,8,75,20,6,109,0,12,12,121
07/24/2000,STX,VI,ASO,ES,Federal Contract Tower,8,35,7,3,53,0,55,27,2,84,8,90,34,5,137,36,0,36,173
07/25/2000,STX,VI,ASO,ES,Federal Contract Tower,10,38,8,3,59,0,60,27,9,96,10,98,35,12,155,30,24,54,209
07/26/2000,STX,VI,ASO,ES,Federal Contract Tower,10,37,7,3,57,0,80,26,4,110,10,117,33,7,167,10,4,14,181
07/27/2000,STX,VI,ASO,ES,Federal Contract Tower,11,33,6,3,53,1,64,36,1,102,12,97,42,4,155,14,8,22,177
07/28/2000,STX,VI,ASO,ES,Federal Contract Tower,10,32,6,2,50,3,66,33,8,110,13,98,39,10,160,10,6,16,176
07/29/2000,STX,VI,ASO,ES,Federal Contract Tower,10,37,7,3,57,0,38,4,2,44,10,75,11,5,101,8,0,8,109
07/30/2000,STX,VI,ASO,ES,Federal Contract Tower,9,28,6,2,45,0,49,23,4,76,9,77,29,6,121,12,0,12,133
07/31/2000,STX,VI,ASO,ES,Federal Contract Tower,12,38,7,3,60,0,59,23,3,85,12,97,30,6,145,52,0,52,197
08/01/2000,STX,VI,ASO,ES,Federal Contract Tower,14,35,10,6,65,6,49,31,1,87,20,84,41,7,152,10,10,20,172
08/02/2000,STX,VI,ASO,ES,Federal Contract Tower,12,34,10,6,62,0,78,18,1,97,12,112,28,7,159,14,8,22,181
08/03/2000,STX,VI,ASO,ES,Federal Contract Tower,12,33,10,5,60,0,66,16,0,82,12,99,26,5,142,14,12,26,168
08/04/2000,STX,VI,ASO,ES,Federal Contract Tower,12,28,8,2,50,0,79,30,0,109,12,107,38,2,159,6,0,6,165
08/05/2000,STX,VI,ASO,ES,Federal Contract Tower,10,24,7,4,45,0,56,10,6,72,10,80,17,10,117,20,8,28,145
08/06/2000,STX,VI,ASO,ES,Federal Contract Tower,9,21,7,3,40,3,54,18,0,75,12,75,25,3,115,16,0,16,131
08/07/2000,STX,VI,ASO,ES,Federal Contract Tower,17,40,11,7,75,0,60,14,6,80,17,100,25,13,155,0,6,6,161
08/08/2000,STX,VI,ASO,ES,Federal Contract Tower,12,34,10,4,60,0,66,20,0,86,12,100,30,4,146,8,0,8,154
08/09/2000,STX,VI,ASO,ES,Federal Contract Tower,10,33,10,5,58,0,81,24,5,110,10,114,34,10,168,36,16,52,220
08/10/2000,STX,VI,ASO,ES,Federal Contract Tower,14,32,8,6,60,0,63,22,3,88,14,95,30,9,148,18,4,22,170
08/11/2000,STX,VI,ASO,ES,Federal Contract Tower,12,29,8,5,54,3,84,33,0,120,15,113,41,5,174,0,2,2,176
08/12/2000,STX,VI,ASO,ES,Federal Contract Tower,12,25,6,5,48,0,52,18,0,70,12,77,24,5,118,10,2,12,130
08/13/2000,STX,VI,ASO,ES,Federal Contract Tower,12,25,6,5,48,4,45,15,8,72,16,70,21,13,120,4,16,20,140
08/14/2000,STX,VI,ASO,ES,Federal Contract Tower,13,26,7,4,50,4,65,20,0,89,17,91,27,4,139,0,0,0,139
08/15/2000,STX,VI,ASO,ES,Federal Contract Tower,14,29,8,5,56,0,64,34,0,98,14,93,42,5,154,40,18,58,212
08/16/2000,STX,VI,ASO,ES,Federal Contract Tower,10,26,7,5,48,0,75,30,2,107,10,101,37,7,155,0,6,6,161
08/17/2000,STX,VI,ASO,ES,Federal Contract Tower,14,29,8,6,57,2,53,36,0,91,16,82,44,6,148,38,4,42,190
08/18/2000,STX,VI,ASO,ES,Federal Contract Tower,10,29,8,6,53,0,86,19,6,111,10,115,27,12,164,0,8,8,172
08/19/2000,STX,VI,ASO,ES,Federal Contract Tower,12,27,7,6,52,0,52,26,7,85,12,79,33,13,137,20,2,22,159
08/20/2000,STX,VI,ASO,ES,Federal Contract Tower,12,26,7,5,50,0,48,19,5,72,12,74,26,10,122,26,0,26,148
08/21/2000,STX,VI,ASO,ES,Federal Contract Tower,14,30,8,6,58,1,44,30,9,84,15,74,38,15,142,0,0,0,142
08/22/2000,STX,VI,ASO,ES,Federal Contract Tower,0,0,0,1,1,0,0,2,3,5,0,0,2,4,6,0,0,0,6
08/23/2000,STX,VI,ASO,ES,Federal Contract Tower,9,26,7,5,47,0,34,29,3,66,9,60,36,8,113,2,6,8,121
08/24/2000,STX,VI,ASO,ES,Federal Contract Tower,14,32,9,6,61,0,63,28,10,101,14,95,37,16,162,0,6,6,168
08/25/2000,STX,VI,ASO,ES,Federal Contract Tower,13,27,7,6,53,1,78,29,8,116,14,105,36,14,169,10,0,10,179
08/26/2000,STX,VI,ASO,ES,Federal Contract Tower,9,23,6,4,42,5,45,20,4,74,14,68,26,8,116,44,0,44,160
08/27/2000,STX,VI,ASO,ES,Federal Contract Tower,9,20,6,3,38,3,43,12,3,61,12,63,18,6,99,14,0,14,113
08/28/2000,STX,VI,ASO,ES,Federal Contract Tower,10,32,8,3,53,0,63,24,0,87,10,95,32,3,140,20,0,20,160
08/29/2000,STX,VI,ASO,ES,Federal Contract Tower,12,33,9,5,59,0,44,19,2,65,12,77,28,7,124,42,10,52,176
08/30/2000,STX,VI,ASO,ES,Federal Contract Tower,12,28,7,5,52,0,64,28,6,98,12,92,35,11,150,22,0,22,172
08/31/2000,STX,VI,ASO,ES,Federal Contract Tower,12,29,8,0,49,0,68,24,0,92,12,97,32,0,141,42,8,50,191
09/01/2000,STX,VI,ASO,ES,Federal Contract Tower,11,32,8,4,55,1,92,33,3,129,12,124,41,7,184,18,10,28,212
09/02/2000,STX,VI,ASO,ES,Federal Contract Tower,8,24,5,2,39,0,48,5,0,53,8,72,10,2,92,24,0,24,116
09/03/2000,STX,VI,ASO,ES,Federal Contract Tower,8,25,6,3,42,0,46,7,5,58,8,71,13,8,100,0,46,46,146
09/04/2000,STX,VI,ASO,ES,Federal Contract Tower,10,28,6,3,47,4,74,14,1,93,14,102,20,4,140,0,18,18,158
09/05/2000,STX,VI,ASO,ES,Federal Contract Tower,12,33,8,4,57,0,60,11,2,73,12,93,19,6,130,14,6,20,150
09/06/2000,STX,VI,ASO,ES,Federal Contract Tower,12,37,8,5,62,0,59,30,9,98,12,96,38,14,160,32,16,48,208
09/07/2000,STX,VI,ASO,ES,Federal Contract Tower,10,30,7,4,51,0,63,20,1,84,10,93,27,5,135,16,2,18,153
09/08/2000,STX,VI,ASO,ES,Federal Contract Tower,10,29,7,4,50,4,63,26,0,93,14,92,33,4,143,40,4,44,187
09/09/2000,STX,VI,ASO,ES,Federal Contract Tower,8,25,6,3,42,2,53,22,0,77,10,78,28,3,119,36,0,36,155
09/10/2000,STX,VI,ASO,ES,Federal Contract Tower,9,26,6,3,44,1,38,10,1,50,10,64,16,4,94,8,16,24,118
09/11/2000,STX,VI,ASO,ES,Federal Contract Tower,8,35,8,4,55,0,59,22,1,82,8,94,30,5,137,20,0,20,157
09/12/2000,STX,VI,ASO,ES,Federal Contract Tower,10,32,8,3,53,0,55,19,0,74,10,87,27,3,127,12,8,20,147
09/13/2000,STX,VI,ASO,ES,Federal Contract Tower,12,30,6,5,53,0,69,25,9,103,12,99,31,14,156,26,20,46,202
09/14/2000,STX,VI,ASO,ES,Federal Contract Tower,12,30,6,5,53,2,64,20,6,92,14,94,26,11,145,0,6,6,151
09/15/2000,STX,VI,ASO,ES,Federal Contract Tower,14,38,8,6,66,0,72,29,9,110,14,110,37,15,176,18,4,22,198
09/16/2000,STX,VI,ASO,ES,Federal Contract Tower,12,30,6,5,53,0,32,18,11,61,12,62,24,16,114,14,0,14,128
09/17/2000,STX,VI,ASO,ES,Federal Contract Tower,12,35,5,4,56,0,22,0,0,22,12,57,5,4,78,0,0,0,78
09/18/2000,STX,VI,ASO,ES,Federal Contract Tower,12,34,7,4,57,0,58,20,0,78,12,92,27,4,135,20,0,20,155
09/19/2000,STX,VI,ASO,ES,Federal Contract Tower,13,32,7,5,57,3,45,28,1,77,16,77,35,6,134,32,0,32,166
09/20/2000,STX,VI,ASO,ES,Federal Contract Tower,8,34,7,5,54,0,72,21,1,94,8,106,28,6,148,28,12,40,188
09/21/2000,STX,VI,ASO,ES,Federal Contract Tower,12,31,7,1,51,0,50,29,0,79,12,81,36,1,130,40,4,44,174
09/22/2000,STX,VI,ASO,ES,Federal Contract Tower,14,35,7,5,61,0,56,62,6,124,14,91,69,11,185,32,6,38,223
09/23/2000,STX,VI,ASO,ES,Federal Contract Tower,11,27,6,4,48,1,53,13,10,77,12,80,19,14,125,2,0,2,127
09/24/2000,STX,VI,ASO,ES,Federal Contract Tower,11,27,6,4,48,1,41,10,5,57,12,68,16,9,105,0,0,0,105
09/25/2000,STX,VI,ASO,ES,Federal Contract Tower,12,30,6,1,49,0,62,26,0,88,12,92,32,1,137,26,4,30,167
09/26/2000,STX,VI,ASO,ES,Federal Contract Tower,8,32,7,3,50,0,54,31,0,85,8,86,38,3,135,64,10,74,209
09/27/2000,STX,VI,ASO,ES,Federal Contract Tower,12,42,9,7,70,0,38,16,5,59,12,80,25,12,129,0,8,8,137
09/28/2000,STX,VI,ASO,ES,Federal Contract Tower,12,31,6,4,53,6,45,34,2,87,18,76,40,6,140,28,4,32,172
09/29/2000,STX,VI,ASO,ES,Federal Contract Tower,13,33,6,3,55,1,62,31,0,94,14,95,37,3,149,60,0,60,209
09/30/2000,STX,VI,ASO,ES,Federal Contract Tower,11,30,6,4,51,1,39,15,1,56,12,69,21,5,107,18,0,18,125
10/01/2000,STX,VI,ASO,ES,Federal Contract Tower,12,27,5,4,48,0,36,7,1,44,12,63,12,5,92,26,8,34,126
10/02/2000,STX,VI,ASO,ES,Federal Contract Tower,8,33,7,5,53,0,63,14,0,77,8,96,21,5,130,0,4,4,134
10/03/2000,STX,VI,ASO,ES,Federal Contract Tower,12,34,7,5,58,0,47,21,11,79,12,81,28,16,137,42,28,70,207
10/04/2000,STX,VI,ASO,ES,Federal Contract Tower,10,27,5,4,46,0,64,18,6,88,10,91,23,10,134,44,4,48,182
10/05/2000,STX,VI,ASO,ES,Federal Contract Tower,12,30,7,4,53,0,55,16,5,76,12,85,23,9,129,0,22,22,151
10/06/2000,STX,VI,ASO,ES,Federal Contract Tower,14,34,7,5,60,0,71,30,9,110,14,105,37,14,170,42,6,48,218
10/07/2000,STX,VI,ASO,ES,Federal Contract Tower,10,23,5,1,39,2,56,13,0,71,12,79,18,1,110,8,0,8,118
10/08/2000,STX,VI,ASO,ES,Federal Contract Tower,10,25,5,1,41,0,47,19,0,66,10,72,24,1,107,54,0,54,161
10/09/2000,STX,VI,ASO,ES,Federal Contract Tower,12,27,5,0,44,0,69,18,0,87,12,96,23,0,131,18,0,18,149
10/10/2000,STX,VI,ASO,ES,Federal Contract Tower,12,28,6,2,48,0,64,20,0,84,12,92,26,2,132,28,10,38,170
10/11/2000,STX,VI,ASO,ES,Federal Contract Tower,13,30,5,5,53,5,61,19,2,87,18,91,24,7,140,0,2,2,142
10/12/2000,STX,VI,ASO,ES,Federal Contract Tower,12,28,5,5,50,0,54,29,2,85,12,82,34,7,135,60,12,72,207
10/13/2000,STX,VI,ASO,ES,Federal Contract Tower,12,27,5,5,49,0,81,24,1,106,12,108,29,6,155,6,12,18,173
10/14/2000,STX,VI,ASO,ES,Federal Contract Tower,10,23,4,2,39,0,55,28,0,83,10,78,32,2,122,34,0,34,156
10/15/2000,STX,VI,ASO,ES,Federal Contract Tower,10,21,4,4,39,2,34,14,5,55,12,55,18,9,94,12,2,14,108
10/16/2000,STX,VI,ASO,ES,Federal Contract Tower,12,25,5,5,47,0,62,15,1,78,12,87,20,6,125,0,0,0,125
10/17/2000,STX,VI,ASO,ES,Federal Contract Tower,12,24,4,4,44,0,54,23,2,79,12,78,27,6,123,22,10,32,155
10/18/2000,STX,VI,ASO,ES,Federal Contract Tower,10,27,5,5,47,0,68,34,3,105,10,95,39,8,152,8,8,16,168
10/19/2000,STX,VI,ASO,ES,Federal Contract Tower,13,28,5,5,51,0,62,27,3,92,13,90,32,8,143,32,2,34,177
10/20/2000,STX,VI,ASO,ES,Federal Contract Tower,14,28,5,5,52,6,72,26,5,109,20,100,31,10,161,20,0,20,181
10/21/2000,STX,VI,ASO,ES,Federal Contract Tower,12,25,5,5,47,2,61,27,3,93,14,86,32,8,140,40,6,46,186
10/22/2000,STX,VI,ASO,ES,Federal Contract Tower,12,24,4,4,44,2,39,16,8,65,14,63,20,12,109,10,0,10,119
10/23/2000,STX,VI,ASO,ES,Federal Contract Tower,12,27,5,3,47,0,60,15,0,75,12,87,20,3,122,18,0,18,140
10/24/2000,STX,VI,ASO,ES,Federal Contract Tower,12,27,5,5,49,2,60,32,5,99,14,87,37,10,148,26,14,40,188
10/25/2000,STX,VI,ASO,ES,Federal Contract Tower,12,28,5,5,50,0,58,27,5,90,12,86,32,10,140,6,4,10,150
10/26/2000,STX,VI,ASO,ES,Federal Contract Tower,12,26,4,5,47,0,72,43,2,117,12,98,47,7,164,46,0,46,210
10/27/2000,STX,VI,ASO,ES,Federal Contract Tower,12,27,4,4,47,0,69,36,2,107,12,96,40,6,154,10,0,10,164
10/28/2000,STX,VI,ASO,ES,Federal Contract Tower,12,26,5,4,47,0,54,26,4,84,12,80,31,8,131,4,0,4,135
10/29/2000,STX,VI,ASO,ES,Federal Contract Tower,11,24,4,3,42,3,38,18,0,59,14,62,22,3,101,0,0,0,101
10/30/2000,STX,VI,ASO,ES,Federal Contract Tower,12,28,5,4,49,0,66,23,5,94,12,94,28,9,143,24,0,24,167
10/31/2000,STX,VI,ASO,ES,Federal Contract Tower,14,30,6,4,54,0,66,25,3,94,14,96,31,7,148,38,4,42,190
11/01/2000,STX,VI,ASO,ES,Federal Contract Tower,12,36,9,4,61,0,49,18,7,74,12,85,27,11,135,14,8,22,157
11/02/2000,STX,VI,ASO,ES,Federal Contract Tower,12,30,8,2,52,0,62,32,0,94,12,92,40,2,146,42,30,72,218
11/03/2000,STX,VI,ASO,ES,Federal Contract Tower,12,30,8,3,53,0,66,36,0,102,12,96,44,3,155,24,8,32,187
11/04/2000,STX,VI,ASO,ES,Federal Contract Tower,10,25,7,2,44,2,57,23,0,82,12,82,30,2,126,0,0,0,126
11/05/2000,STX,VI,ASO,ES,Federal Contract Tower,9,22,6,2,39,3,37,22,0,62,12,59,28,2,101,16,0,16,117
11/06/2000,STX,VI,ASO,ES,Federal Contract Tower,13,31,9,3,56,1,60,18,3,82,14,91,27,6,138,12,4,16,154
11/07/2000,STX,VI,ASO,ES,Federal Contract Tower,10,25,7,3,45,6,49,14,3,72,16,74,21,6,117,6,0,6,123
11/08/2000,STX,VI,ASO,ES,Federal Contract Tower,12,37,9,4,62,0,58,35,5,98,12,95,44,9,160,8,10,18,178
11/09/2000,STX,VI,ASO,ES,Federal Contract Tower,12,33,8,5,58,0,85,33,10,128,12,118,41,15,186,10,0,10,196
11/10/2000,STX,VI,ASO,ES,Federal Contract Tower,11,24,5,4,44,1,77,23,2,103,12,101,28,6,147,14,2,16,163
11/11/2000,STX,VI,ASO,ES,Federal Contract Tower,12,25,6,4,47,0,58,15,18,91,12,83,21,22,138,22,0,22,160
11/12/2000,STX,VI,ASO,ES,Federal Contract Tower,12,25,6,4,47,0,62,11,16,89,12,87,17,20,136,28,20,48,184
11/13/2000,STX,VI,ASO,ES,Federal Contract Tower,11,25,6,2,44,3,79,6,0,88,14,104,12,2,132,0,0,0,132
11/14/2000,STX,VI,ASO,ES,Federal Contract Tower,11,23,6,2,42,1,74,14,0,89,12,97,20,2,131,0,2,2,133
11/15/2000,STX,VI,ASO,ES,Federal Contract Tower,12,28,7,2,49,0,78,19,0,97,12,106,26,2,146,2,2,4,150
11/16/2000,STX,VI,ASO,ES,Federal Contract Tower,14,30,8,4,56,0,61,33,7,101,14,91,41,11,157,18,6,24,181
11/17/2000,STX,VI,ASO,ES,Federal Contract Tower,12,36,8,5,61,0,63,50,6,119,12,99,58,11,180,22,0,22,202
11/18/2000,STX,VI,ASO,ES,Federal Contract Tower,11,24,6,4,45,3,54,41,2,100,14,78,47,6,145,16,0,16,161
11/19/2000,STX,VI,ASO,ES,Federal Contract Tower,12,26,6,4,48,0,49,17,14,80,12,75,23,18,128,24,0,24,152
11/20/2000,STX,VI,ASO,ES,Federal Contract Tower,13,28,7,4,52,1,75,28,8,112,14,103,35,12,164,40,6,46,210
11/21/2000,STX,VI,ASO,ES,Federal Contract Tower,12,30,7,4,53,0,79,25,8,112,12,109,32,12,165,0,0,0,165
11/22/2000,STX,VI,ASO,ES,Federal Contract Tower,12,27,7,3,49,0,116,30,0,146,12,143,37,3,195,20,0,20,215
11/23/2000,STX,VI,ASO,ES,Federal Contract Tower,11,23,5,0,39,1,65,3,0,69,12,88,8,0,108,0,0,0,108
11/24/2000,STX,VI,ASO,ES,Federal Contract Tower,12,27,6,0,45,0,77,27,0,104,12,104,33,0,149,22,0,22,171
11/25/2000,STX,VI,ASO,ES,Federal Contract Tower,10,27,6,1,44,0,58,19,0,77,10,85,25,1,121,4,0,4,125
11/26/2000,STX,VI,ASO,ES,Federal Contract Tower,11,26,6,1,44,7,84,20,0,111,18,110,26,1,155,6,0,6,161
11/27/2000,STX,VI,ASO,ES,Federal Contract Tower,12,26,6,3,47,0,67,15,9,91,12,93,21,12,138,0,2,2,140
11/28/2000,STX,VI,ASO,ES,Federal Contract Tower,14,32,7,4,57,0,64,33,2,99,14,96,40,6,156,30,2,32,188
11/29/2000,STX,VI,ASO,ES,Federal Contract Tower,13,30,7,3,53,1,69,24,2,96,14,99,31,5,149,10,6,16,165
11/30/2000,STX,VI,ASO,ES,Federal Contract Tower,14,38,9,4,65,0,58,10,0,68,14,96,19,4,133,8,4,12,145
12/01/2000,STX,VI,ASO,ES,Federal Contract Tower,10,28,7,2,47,4,81,25,2,112,14,109,32,4,159,0,8,8,167
12/02/2000,STX,VI,ASO,ES,Federal Contract Tower,10,28,7,2,47,2,54,18,5,79,12,82,25,7,126,0,10,10,136
12/03/2000,STX,VI,ASO,ES,Federal Contract Tower,11,30,8,2,51,1,53,11,9,74,12,83,19,11,125,6,0,6,131
12/04/2000,STX,VI,ASO,ES,Federal Contract Tower,10,27,7,2,46,2,74,18,1,95,12,101,25,3,141,0,0,0,141
12/05/2000,STX,VI,ASO,ES,Federal Contract Tower,12,33,8,3,56,2,60,23,5,90,14,93,31,8,146,14,2,16,162
12/06/2000,STX,VI,ASO,ES,Federal Contract Tower,12,32,8,2,54,0,57,29,4,90,12,89,37,6,144,0,20,20,164
12/07/2000,STX,VI,ASO,ES,Federal Contract Tower,10,27,7,2,46,2,77,15,2,96,12,104,22,4,142,10,4,14,156
12/08/2000,STX,VI,ASO,ES,Federal Contract Tower,12,33,9,3,57,0,77,33,5,115,12,110,42,8,172,16,0,16,188
12/09/2000,STX,VI,ASO,ES,Federal Contract Tower,10,26,7,2,45,4,55,16,0,75,14,81,23,2,120,8,12,20,140
12/10/2000,STX,VI,ASO,ES,Federal Contract Tower,12,33,9,3,57,0,53,8,6,67,12,86,17,9,124,0,0,0,124
12/11/2000,STX,VI,ASO,ES,Federal Contract Tower,10,28,8,2,48,2,76,21,4,103,12,104,29,6,151,12,0,12,163
12/12/2000,STX,VI,ASO,ES,Federal Contract Tower,10,33,8,3,54,0,72,25,0,97,10,105,33,3,151,16,6,22,173
12/13/2000,STX,VI,ASO,ES,Federal Contract Tower,12,40,11,3,66,0,71,35,3,109,12,111,46,6,175,4,4,8,183
12/14/2000,STX,VI,ASO,ES,Federal Contract Tower,12,32,7,4,55,0,75,27,5,107,12,107,34,9,162,10,12,22,184
12/15/2000,STX,VI,ASO,ES,Federal Contract Tower,9,37,9,4,59,0,92,39,6,137,9,129,48,10,196,6,18,24,220
12/16/2000,STX,VI,ASO,ES,Federal Contract Tower,7,28,7,3,45,0,83,29,2,114,7,111,36,5,159,4,0,4,163
12/17/2000,STX,VI,ASO,ES,Federal Contract Tower,12,28,7,3,50,0,66,13,7,86,12,94,20,10,136,6,0,6,142
12/18/2000,STX,VI,ASO,ES,Federal Contract Tower,14,36,9,4,63,0,73,19,7,99,14,109,28,11,162,10,2,12,174
12/19/2000,STX,VI,ASO,ES,Federal Contract Tower,10,38,9,4,61,0,83,17,4,104,10,121,26,8,165,0,2,2,167
12/20/2000,STX,VI,ASO,ES,Federal Contract Tower,12,31,7,3,53,0,86,26,9,121,12,117,33,12,174,8,2,10,184
12/21/2000,STX,VI,ASO,ES,Federal Contract Tower,10,29,7,3,49,0,108,30,3,141,10,137,37,6,190,12,0,12,202
12/22/2000,STX,VI,ASO,ES,Federal Contract Tower,12,34,8,2,56,0,123,44,0,167,12,157,52,2,223,6,0,6,229
12/23/2000,STX,VI,ASO,ES,Federal Contract Tower,6,24,5,2,37,0,99,26,0,125,6,123,31,2,162,14,0,14,176
12/24/2000,STX,VI,ASO,ES,Federal Contract Tower,10,23,5,0,38,0,75,19,0,94,10,98,24,0,132,20,0,20,152
12/25/2000,STX,VI,ASO,ES,Federal Contract Tower,9,22,5,0,36,3,78,8,0,89,12,100,13,0,125,0,0,0,125
12/26/2000,STX,VI,ASO,ES,Federal Contract Tower,11,26,6,0,43,3,107,14,0,124,14,133,20,0,167,4,0,4,171
12/27/2000,STX,VI,ASO,ES,Federal Contract Tower,12,28,7,3,50,2,112,14,9,137,14,140,21,12,187,0,2,2,189
12/28/2000,STX,VI,ASO,ES,Federal Contract Tower,12,30,7,1,50,0,105,14,0,119,12,135,21,1,169,4,2,6,175
12/29/2000,STX,VI,ASO,ES,Federal Contract Tower,12,29,8,2,51,0,111,35,0,146,12,140,43,2,197,0,46,46,243
12/30/2000,STX,VI,ASO,ES,Federal Contract Tower,10,23,5,0,38,2,99,17,0,118,12,122,22,0,156,4,0,4,160
12/31/2000,STX,VI,ASO,ES,Federal Contract Tower,8,21,5,0,34,6,74,15,0,95,14,95,20,0,129,0,0,0,129
01/01/2001,STX,VI,ASO,ES,Federal Contract Tower,8,28,8,1,45,6,78,1,0,85,14,106,9,1,130,0,0,0,130
01/02/2001,STX,VI,ASO,ES,Federal Contract Tower,10,34,9,1,54,2,93,22,0,117,12,127,31,1,171,6,0,6,177
01/03/2001,STX,VI,ASO,ES,Federal Contract Tower,9,30,8,0,47,3,111,19,0,133,12,141,27,0,180,0,0,0,180
01/04/2001,STX,VI,ASO,ES,Federal Contract Tower,10,35,10,1,56,0,121,18,0,139,10,156,28,1,195,14,16,30,225
01/05/2001,STX,VI,ASO,ES,Federal Contract Tower,9,30,9,0,48,3,101,32,0,136,12,131,41,0,184,14,2,16,200
01/06/2001,STX,VI,ASO,ES,Federal Contract Tower,7,21,6,2,36,3,91,11,1,106,10,112,17,3,142,4,0,4,146
01/07/2001,STX,VI,ASO,ES,Federal Contract Tower,10,31,8,3,52,4,107,29,0,140,14,138,37,3,192,12,4,16,208
01/08/2001,STX,VI,ASO,ES,Federal Contract Tower,12,34,9,5,60,0,110,24,0,134,12,144,33,5,194,0,0,0,194
01/09/2001,STX,VI,ASO,ES,Federal Contract Tower,10,33,8,5,56,0,93,24,4,121,10,126,32,9,177,6,0,6,183
01/10/2001,STX,VI,ASO,ES,Federal Contract Tower,10,39,10,6,65,0,101,28,27,156,10,140,38,33,221,0,26,26,247
01/11/2001,STX,VI,ASO,ES,Federal Contract Tower,8,36,9,5,58,0,108,17,6,131,8,144,26,11,189,6,2,8,197
01/12/2001,STX,VI,ASO,ES,Federal Contract Tower,12,36,9,5,62,0,111,34,35,180,12,147,43,40,242,6,72,78,320
01/13/2001,STX,VI,ASO,ES,Federal Contract Tower,8,26,7,4,45,0,84,27,7,118,8,110,34,11,163,2,10,12,175
01/14/2001,STX,VI,ASO,ES,Federal Contract Tower,11,31,8,5,55,1,66,27,1,95,12,97,35,6,150,24,0,24,174
01/15/2001,STX,VI,ASO,ES,Federal Contract Tower,10,31,8,2,51,2,97,18,0,117,12,128,26,2,168,6,0,6,174
01/16/2001,STX,VI,ASO,ES,Federal Contract Tower,10,30,8,4,52,0,94,27,2,123,10,124,35,6,175,0,26,26,201
01/17/2001,STX,VI,ASO,ES,Federal Contract Tower,8,26,7,4,45,0,98,23,11,132,8,124,30,15,177,4,16,20,197
01/18/2001,STX,VI,ASO,ES,Federal Contract Tower,6,29,7,4,46,0,100,20,3,123,6,129,27,7,169,4,8,12,181
01/19/2001,STX,VI,ASO,ES,Federal Contract Tower,6,34,9,5,54,0,98,24,2,124,6,132,33,7,178,2,0,2,180
01/20/2001,STX,VI,ASO,ES,Federal Contract Tower,10,29,7,4,50,0,72,23,5,100,10,101,30,9,150,2,4,6,156
01/21/2001,STX,VI,ASO,ES,Federal Contract Tower,9,26,7,4,46,5,59,13,3,80,14,85,20,7,126,14,4,18,144
01/22/2001,STX,VI,ASO,ES,Federal Contract Tower,11,30,7,4,52,1,83,16,0,100,12,113,23,4,152,0,14,14,166
01/23/2001,STX,VI,ASO,ES,Federal Contract Tower,8,33,8,4,53,0,79,32,5,116,8,112,40,9,169,8,8,16,185
01/24/2001,STX,VI,ASO,ES,Federal Contract Tower,10,32,8,4,54,0,98,24,6,128,10,130,32,10,182,0,10,10,192
01/25/2001,STX,VI,ASO,ES,Federal Contract Tower,8,30,7,3,48,0,101,36,4,141,8,131,43,7,189,12,8,20,209
01/26/2001,STX,VI,ASO,ES,Federal Contract Tower,10,28,7,3,48,2,97,28,1,128,12,125,35,4,176,8,0,8,184
01/27/2001,STX,VI,ASO,ES,Federal Contract Tower,8,25,6,3,42,2,77,12,0,91,10,102,18,3,133,10,4,14,147
01/28/2001,STX,VI,ASO,ES,Federal Contract Tower,10,32,8,4,54,0,63,14,2,79,10,95,22,6,133,8,0,8,141
01/29/2001,STX,VI,ASO,ES,Federal Contract Tower,12,54,14,6,86,0,51,6,1,58,12,105,20,7,144,0,0,0,144
01/30/2001,STX,VI,ASO,ES,Federal Contract Tower,11,31,7,3,52,1,87,24,5,117,12,118,31,8,169,4,4,8,177
01/31/2001,STX,VI,ASO,ES,Federal Contract Tower,9,27,7,3,46,1,99,14,6,120,10,126,21,9,166,0,0,0,166
02/01/2001,STX,VI,ASO,ES,Federal Contract Tower,8,35,9,5,57,0,96,8,0,104,8,131,17,5,161,0,6,6,167
02/02/2001,STX,VI,ASO,ES,Federal Contract Tower,10,28,8,4,50,0,107,25,0,132,10,135,33,4,182,6,2,8,190
02/03/2001,STX,VI,ASO,ES,Federal Contract Tower,11,32,9,4,56,1,85,15,7,108,12,117,24,11,164,2,0,2,166
02/04/2001,STX,VI,ASO,ES,Federal Contract Tower,8,23,6,3,40,6,75,10,3,94,14,98,16,6,134,0,8,8,142
02/05/2001,STX,VI,ASO,ES,Federal Contract Tower,9,26,7,3,45,3,99,22,4,128,12,125,29,7,173,8,4,12,185
02/06/2001,STX,VI,ASO,ES,Federal Contract Tower,9,24,7,3,43,3,92,29,0,124,12,116,36,3,167,4,4,8,175
02/07/2001,STX,VI,ASO,ES,Federal Contract Tower,9,25,7,3,44,3,100,23,0,126,12,125,30,3,170,0,0,0,170
02/08/2001,STX,VI,ASO,ES,Federal Contract Tower,9,24,7,3,43,1,100,23,1,125,10,124,30,4,168,8,2,10,178
02/09/2001,STX,VI,ASO,ES,Federal Contract Tower,10,30,8,3,51,0,112,32,0,144,10,142,40,3,195,16,4,20,215
02/10/2001,STX,VI,ASO,ES,Federal Contract Tower,7,19,6,2,34,5,87,5,0,97,12,106,11,2,131,2,0,2,133
02/11/2001,STX,VI,ASO,ES,Federal Contract Tower,9,27,8,3,47,5,78,16,1,100,14,105,24,4,147,0,0,0,147
02/12/2001,STX,VI,ASO,ES,Federal Contract Tower,10,45,11,7,73,0,79,26,1,106,10,124,37,8,179,0,4,4,183
02/13/2001,STX,VI,ASO,ES,Federal Contract Tower,10,29,7,5,51,0,83,24,1,108,10,112,31,6,159,0,12,12,171
02/14/2001,STX,VI,ASO,ES,Federal Contract Tower,12,34,9,5,60,0,93,29,0,122,12,127,38,5,182,6,0,6,188
02/15/2001,STX,VI,ASO,ES,Federal Contract Tower,12,39,10,6,67,0,96,37,8,141,12,135,47,14,208,12,10,22,230
02/16/2001,STX,VI,ASO,ES,Federal Contract Tower,10,42,11,7,70,0,116,41,2,159,10,158,52,9,229,0,10,10,239
02/17/2001,STX,VI,ASO,ES,Federal Contract Tower,11,28,7,5,51,1,99,28,3,131,12,127,35,8,182,12,0,12,194
02/18/2001,STX,VI,ASO,ES,Federal Contract Tower,12,29,7,5,53,0,99,26,3,128,12,128,33,8,181,14,0,14,195
02/19/2001,STX,VI,ASO,ES,Federal Contract Tower,10,24,6,3,43,2,124,27,0,153,12,148,33,3,196,18,0,18,214
02/20/2001,STX,VI,ASO,ES,Federal Contract Tower,10,24,6,1,41,2,121,14,0,137,12,145,20,1,178,6,6,12,190
02/21/2001,STX,VI,ASO,ES,Federal Contract Tower,9,23,6,4,42,1,112,25,3,141,10,135,31,7,183,16,30,46,229
02/22/2001,STX,VI,ASO,ES,Federal Contract Tower,11,29,7,5,52,0,114,20,6,140,11,143,27,11,192,0,24,24,216
02/23/2001,STX,VI,ASO,ES,Federal Contract Tower,11,37,10,6,64,0,118,16,6,140,11,155,26,12,204,0,18,18,222
02/24/2001,STX,VI,ASO,ES,Federal Contract Tower,11,29,7,4,51,1,82,21,0,104,12,111,28,4,155,18,2,20,175
02/25/2001,STX,VI,ASO,ES,Federal Contract Tower,13,32,8,5,58,0,66,0,4,70,13,98,8,9,128,0,0,0,128
02/26/2001,STX,VI,ASO,ES,Federal Contract Tower,10,34,9,6,59,0,101,21,0,122,10,135,30,6,181,12,14,26,207
02/27/2001,STX,VI,ASO,ES,Federal Contract Tower,7,23,6,3,39,0,97,19,0,116,7,120,25,3,155,14,0,14,169
02/28/2001,STX,VI,ASO,ES,Federal Contract Tower,11,35,9,5,60,0,94,27,2,123,11,129,36,7,183,0,8,8,191
03/01/2001,STX,VI,ASO,ES,Federal Contract Tower,11,29,8,5,53,1,102,25,6,134,12,131,33,11,187,0,0,0,187
03/02/2001,STX,VI,ASO,ES,Federal Contract Tower,11,29,8,5,53,1,125,28,7,161,12,154,36,12,214,0,4,4,218
03/03/2001,STX,VI,ASO,ES,Federal Contract Tower,10,26,8,5,49,0,95,14,4,113,10,121,22,9,162,2,4,6,168
03/04/2001,STX,VI,ASO,ES,Federal Contract Tower,9,23,6,4,42,4,81,16,1,102,13,104,22,5,144,6,0,6,150
03/05/2001,STX,VI,ASO,ES,Federal Contract Tower,9,24,8,3,44,2,107,32,0,141,11,131,40,3,185,6,0,6,191
03/06/2001,STX,VI,ASO,ES,Federal Contract Tower,10,25,7,1,43,0,99,33,0,132,10,124,40,1,175,0,4,4,179
03/07/2001,STX,VI,ASO,ES,Federal Contract Tower,11,28,8,5,52,1,95,24,1,121,12,123,32,6,173,4,2,6,179
03/08/2001,STX,VI,ASO,ES,Federal Contract Tower,11,27,8,5,51,1,104,15,4,124,12,131,23,9,175,0,2,2,177
03/09/2001,STX,VI,ASO,ES,Federal Contract Tower,11,29,9,4,53,1,113,29,0,143,12,142,38,4,196,0,0,0,196
03/10/2001,STX,VI,ASO,ES,Federal Contract Tower,10,25,7,2,44,2,89,21,0,112,12,114,28,2,156,2,4,6,162
03/11/2001,STX,VI,ASO,ES,Federal Contract Tower,14,32,9,7,62,0,65,8,12,85,14,97,17,19,147,0,20,20,167
03/12/2001,STX,VI,ASO,ES,Federal Contract Tower,12,27,7,6,52,2,98,15,2,117,14,125,22,8,169,0,4,4,173
03/13/2001,STX,VI,ASO,ES,Federal Contract Tower,12,32,8,7,59,0,87,15,7,109,12,119,23,14,168,2,8,10,178
03/14/2001,STX,VI,ASO,ES,Federal Contract Tower,11,26,7,6,50,1,118,20,2,141,12,144,27,8,191,0,0,0,191
03/15/2001,STX,VI,ASO,ES,Federal Contract Tower,11,25,6,3,45,1,100,17,0,118,12,125,23,3,163,2,0,2,165
03/16/2001,STX,VI,ASO,ES,Federal Contract Tower,12,30,7,7,56,0,112,31,1,144,12,142,38,8,200,0,8,8,208
03/17/2001,STX,VI,ASO,ES,Federal Contract Tower,10,22,6,5,43,4,81,17,3,105,14,103,23,8,148,8,28,36,184
03/18/2001,STX,VI,ASO,ES,Federal Contract Tower,10,22,6,5,43,2,80,22,0,104,12,102,28,5,147,8,0,8,155
03/19/2001,STX,VI,ASO,ES,Federal Contract Tower,10,22,5,5,42,0,104,22,1,127,10,126,27,6,169,4,0,4,173
03/20/2001,STX,VI,ASO,ES,Federal Contract Tower,12,32,9,6,59,0,88,23,0,111,12,120,32,6,170,10,12,22,192
03/21/2001,STX,VI,ASO,ES,Federal Contract Tower,12,35,9,5,61,0,98,26,0,124,12,133,35,5,185,4,22,26,211
03/22/2001,STX,VI,ASO,ES,Federal Contract Tower,10,42,12,7,71,0,82,16,0,98,10,124,28,7,169,8,26,34,203
03/23/2001,STX,VI,ASO,ES,Federal Contract Tower,10,39,10,9,68,0,107,19,2,128,10,146,29,11,196,0,8,8,204
03/24/2001,STX,VI,ASO,ES,Federal Contract Tower,12,30,8,7,57,0,79,29,1,109,12,109,37,8,166,0,0,0,166
03/25/2001,STX,VI,ASO,ES,Federal Contract Tower,13,30,7,7,57,3,68,33,6,110,16,98,40,13,167,0,0,0,167
03/26/2001,STX,VI,ASO,ES,Federal Contract Tower,10,30,7,7,54,0,95,22,0,117,10,125,29,7,171,0,0,0,171
03/27/2001,STX,VI,ASO,ES,Federal Contract Tower,11,26,6,5,48,1,99,15,7,122,12,125,21,12,170,0,0,0,170
03/28/2001,STX,VI,ASO,ES,Federal Contract Tower,12,29,7,5,53,0,85,21,18,124,12,114,28,23,177,6,6,12,189
03/29/2001,STX,VI,ASO,ES,Federal Contract Tower,11,25,6,5,47,1,106,36,14,157,12,131,42,19,204,30,4,34,238
03/30/2001,STX,VI,ASO,ES,Federal Contract Tower,12,30,7,5,54,0,111,27,10,148,12,141,34,15,202,0,0,0,202
03/31/2001,STX,VI,ASO,ES,Federal Contract Tower,12,32,8,6,58,0,77,21,11,109,12,109,29,17,167,0,0,0,167
04/01/2001,STX,VI,ASO,ES,Federal Contract Tower,10,27,4,2,43,0,90,23,6,119,10,117,27,8,162,32,0,32,194
04/02/2001,STX,VI,ASO,ES,Federal Contract Tower,12,24,5,4,45,0,90,31,5,126,12,114,36,9,171,18,0,18,189
04/03/2001,STX,VI,ASO,ES,Federal Contract Tower,12,26,4,8,50,0,90,20,0,110,12,116,24,8,160,0,16,16,176
04/04/2001,STX,VI,ASO,ES,Federal Contract Tower,9,27,2,4,42,0,100,14,3,117,9,127,16,7,159,0,0,0,159
04/05/2001,STX,VI,ASO,ES,Federal Contract Tower,8,28,6,3,45,0,103,27,3,133,8,131,33,6,178,14,0,14,192
04/06/2001,STX,VI,ASO,ES,Federal Contract Tower,10,36,19,7,72,0,102,24,5,131,10,138,43,12,203,4,2,6,209
04/07/2001,STX,VI,ASO,ES,Federal Contract Tower,8,24,2,8,42,0,69,17,5,91,8,93,19,13,133,10,10,20,153
04/08/2001,STX,VI,ASO,ES,Federal Contract Tower,10,27,4,7,48,0,81,21,2,104,10,108,25,9,152,6,2,8,160
04/09/2001,STX,VI,ASO,ES,Federal Contract Tower,10,35,5,5,55,0,87,16,1,104,10,122,21,6,159,16,2,18,177
04/10/2001,STX,VI,ASO,ES,Federal Contract Tower,7,35,7,0,49,0,87,33,0,120,7,122,40,0,169,22,0,22,191
04/11/2001,STX,VI,ASO,ES,Federal Contract Tower,11,31,13,3,58,0,116,22,0,138,11,147,35,3,196,10,6,16,212
04/12/2001,STX,VI,ASO,ES,Federal Contract Tower,10,46,5,6,67,0,115,36,1,152,10,161,41,7,219,2,0,2,221
04/13/2001,STX,VI,ASO,ES,Federal Contract Tower,10,23,5,2,40,0,73,19,0,92,10,96,24,2,132,0,0,0,132
04/14/2001,STX,VI,ASO,ES,Federal Contract Tower,10,18,8,2,38,0,79,4,0,83,10,97,12,2,121,2,0,2,123
04/15/2001,STX,VI,ASO,ES,Federal Contract Tower,10,26,4,1,41,0,84,42,0,126,10,110,46,1,167,6,0,6,173
04/16/2001,STX,VI,ASO,ES,Federal Contract Tower,11,40,6,1,58,0,104,35,1,140,11,144,41,2,198,4,8,12,210
04/17/2001,STX,VI,ASO,ES,Federal Contract Tower,13,27,7,4,51,0,79,23,2,104,13,106,30,6,155,0,10,10,165
04/18/2001,STX,VI,ASO,ES,Federal Contract Tower,11,26,8,11,56,0,84,19,0,103,11,110,27,11,159,8,14,22,181
04/19/2001,STX,VI,ASO,ES,Federal Contract Tower,9,29,11,17,66,0,86,11,10,107,9,115,22,27,173,2,4,6,179
04/20/2001,STX,VI,ASO,ES,Federal Contract Tower,8,29,7,6,50,0,93,28,1,122,8,122,35,7,172,0,0,0,172
04/21/2001,STX,VI,ASO,ES,Federal Contract Tower,9,30,9,4,52,0,64,13,0,77,9,94,22,4,129,0,0,0,129
04/22/2001,STX,VI,ASO,ES,Federal Contract Tower,11,18,4,10,43,0,54,12,0,66,11,72,16,10,109,2,0,2,111
04/23/2001,STX,VI,ASO,ES,Federal Contract Tower,16,24,5,6,51,0,79,26,0,105,16,103,31,6,156,0,0,0,156
04/24/2001,STX,VI,ASO,ES,Federal Contract Tower,12,24,6,14,56,0,90,17,1,108,12,114,23,15,164,4,20,24,188
04/25/2001,STX,VI,ASO,ES,Federal Contract Tower,12,22,7,6,47,0,83,22,0,105,12,105,29,6,152,20,4,24,176
04/26/2001,STX,VI,ASO,ES,Federal Contract Tower,12,24,9,7,52,0,84,17,0,101,12,108,26,7,153,24,0,24,177
04/27/2001,STX,VI,ASO,ES,Federal Contract Tower,10,25,5,6,46,0,99,20,0,119,10,124,25,6,165,2,6,8,173
04/28/2001,STX,VI,ASO,ES,Federal Contract Tower,12,15,7,8,42,0,71,8,4,83,12,86,15,12,125,2,0,2,127
04/29/2001,STX,VI,ASO,ES,Federal Contract Tower,10,16,5,6,37,0,88,19,0,107,10,104,24,6,144,4,0,4,148
04/30/2001,STX,VI,ASO,ES,Federal Contract Tower,12,27,2,6,47,0,96,17,7,120,12,123,19,13,167,0,6,6,173
05/01/2001,STX,VI,ASO,ES,Federal Contract Tower,14,29,6,9,58,0,61,16,1,78,14,90,22,10,136,0,0,0,136
05/02/2001,STX,VI,ASO,ES,Federal Contract Tower,14,22,13,7,56,0,98,12,0,110,14,120,25,7,166,6,6,12,178
05/03/2001,STX,VI,ASO,ES,Federal Contract Tower,18,25,6,8,57,0,73,18,2,93,18,98,24,10,150,0,8,8,158
05/04/2001,STX,VI,ASO,ES,Federal Contract Tower,13,26,5,4,48,3,95,16,1,115,16,121,21,5,163,0,4,4,167
05/05/2001,STX,VI,ASO,ES,Federal Contract Tower,8,18,4,2,32,0,82,17,0,99,8,100,21,2,131,2,0,2,133
05/06/2001,STX,VI,ASO,ES,Federal Contract Tower,10,28,4,4,46,0,54,24,0,78,10,82,28,4,124,4,6,10,134
05/07/2001,STX,VI,ASO,ES,Federal Contract Tower,12,56,19,6,93,0,14,2,0,16,12,70,21,6,109,0,0,0,109
05/08/2001,STX,VI,ASO,ES,Federal Contract Tower,18,34,12,3,67,0,64,11,2,77,18,98,23,5,144,0,0,0,144
05/09/2001,STX,VI,ASO,ES,Federal Contract Tower,10,43,11,1,65,0,61,17,0,78,10,104,28,1,143,0,0,0,143
05/10/2001,STX,VI,ASO,ES,Federal Contract Tower,12,26,8,7,53,0,72,17,5,94,12,98,25,12,147,8,4,12,159
05/11/2001,STX,VI,ASO,ES,Federal Contract Tower,10,29,5,1,45,0,104,28,2,134,10,133,33,3,179,2,0,2,181
05/12/2001,STX,VI,ASO,ES,Federal Contract Tower,12,14,3,2,31,0,71,20,1,92,12,85,23,3,123,24,0,24,147
05/13/2001,STX,VI,ASO,ES,Federal Contract Tower,12,14,5,3,34,0,80,3,0,83,12,94,8,3,117,8,4,12,129
05/14/2001,STX,VI,ASO,ES,Federal Contract Tower,14,24,2,2,42,0,82,21,2,105,14,106,23,4,147,8,0,8,155
05/15/2001,STX,VI,ASO,ES,Federal Contract Tower,12,26,7,0,45,0,68,22,2,92,12,94,29,2,137,6,0,6,143
05/16/2001,STX,VI,ASO,ES,Federal Contract Tower,8,27,9,1,45,0,72,15,3,90,8,99,24,4,135,22,2,24,159
05/17/2001,STX,VI,ASO,ES,Federal Contract Tower,10,30,8,9,57,0,74,19,1,94,10,104,27,10,151,0,0,0,151
05/18/2001,STX,VI,ASO,ES,Federal Contract Tower,10,45,11,16,82,0,61,31,1,93,10,106,42,17,175,0,4,4,179
05/19/2001,STX,VI,ASO,ES,Federal Contract Tower,12,19,2,16,49,0,62,19,5,86,12,81,21,21,135,0,32,32,167
05/20/2001,STX,VI,ASO,ES,Federal Contract Tower,12,15,1,14,42,0,65,20,2,87,12,80,21,16,129,12,0,12,141
05/21/2001,STX,VI,ASO,ES,Federal Contract Tower,12,26,4,4,46,0,78,20,0,98,12,104,24,4,144,16,0,16,160
05/22/2001,STX,VI,ASO,ES,Federal Contract Tower,12,31,9,6,58,0,64,23,3,90,12,95,32,9,148,12,8,20,168
05/23/2001,STX,VI,ASO,ES,Federal Contract Tower,12,32,9,3,56,0,68,30,3,101,12,100,39,6,157,8,0,8,165
05/24/2001,STX,VI,ASO,ES,Federal Contract Tower,12,26,8,9,55,0,73,18,5,96,12,99,26,14,151,12,6,18,169
05/25/2001,STX,VI,ASO,ES,Federal Contract Tower,12,32,3,7,54,0,110,49,2,161,12,142,52,9,215,0,0,0,215
05/26/2001,STX,VI,ASO,ES,Federal Contract Tower,10,22,4,0,36,0,68,8,3,79,10,90,12,3,115,10,0,10,125
05/27/2001,STX,VI,ASO,ES,Federal Contract Tower,8,22,4,0,34,0,52,14,2,68,8,74,18,2,102,2,0,2,104
05/28/2001,STX,VI,ASO,ES,Federal Contract Tower,10,26,4,0,40,0,97,26,2,125,10,123,30,2,165,0,0,0,165
05/29/2001,STX,VI,ASO,ES,Federal Contract Tower,12,28,3,1,44,0,73,24,4,101,12,101,27,5,145,16,0,16,161
05/30/2001,STX,VI,ASO,ES,Federal Contract Tower,12,25,4,6,47,0,76,26,1,103,12,101,30,7,150,14,0,14,164
05/31/2001,STX,VI,ASO,ES,Federal Contract Tower,10,27,3,9,49,0,82,28,1,111,10,109,31,10,160,12,4,16,176
06/01/2001,STX,VI,ASO,ES,Federal Contract Tower,11,25,6,8,50,0,86,26,2,114,11,111,32,10,164,0,10,10,174
06/02/2001,STX,VI,ASO,ES,Federal Contract Tower,10,18,5,8,41,0,59,13,1,73,10,77,18,9,114,6,6,12,126
06/03/2001,STX,VI,ASO,ES,Federal Contract Tower,8,19,3,2,32,0,58,14,2,74,8,77,17,4,106,0,0,0,106
06/04/2001,STX,VI,ASO,ES,Federal Contract Tower,13,30,4,2,49,0,69,24,3,96,13,99,28,5,145,0,12,12,157
06/05/2001,STX,VI,ASO,ES,Federal Contract Tower,12,37,6,2,57,0,53,17,1,71,12,90,23,3,128,0,2,2,130
06/06/2001,STX,VI,ASO,ES,Federal Contract Tower,11,33,11,8,63,0,77,17,0,94,11,110,28,8,157,10,12,22,179
06/07/2001,STX,VI,ASO,ES,Federal Contract Tower,11,27,8,10,56,0,82,22,3,107,11,109,30,13,163,8,0,8,171
06/08/2001,STX,VI,ASO,ES,Federal Contract Tower,11,27,4,2,44,0,82,25,1,108,11,109,29,3,152,6,0,6,158
06/09/2001,STX,VI,ASO,ES,Federal Contract Tower,8,20,4,6,38,0,63,13,0,76,8,83,17,6,114,4,6,10,124
06/10/2001,STX,VI,ASO,ES,Federal Contract Tower,10,19,3,5,37,0,52,10,5,67,10,71,13,10,104,0,4,4,108
06/11/2001,STX,VI,ASO,ES,Federal Contract Tower,10,31,5,0,46,0,73,24,0,97,10,104,29,0,143,2,6,8,151
06/12/2001,STX,VI,ASO,ES,Federal Contract Tower,10,29,6,5,50,0,81,30,5,116,10,110,36,10,166,26,0,26,192
06/13/2001,STX,VI,ASO,ES,Federal Contract Tower,12,24,8,2,46,0,81,19,8,108,12,105,27,10,154,10,0,10,164
06/14/2001,STX,VI,ASO,ES,Federal Contract Tower,15,20,2,5,42,0,84,20,6,110,15,104,22,11,152,0,0,0,152
06/15/2001,STX,VI,ASO,ES,Federal Contract Tower,11,22,6,3,42,0,107,28,3,138,11,129,34,6,180,2,2,4,184
06/16/2001,STX,VI,ASO,ES,Federal Contract Tower,10,18,4,14,46,0,61,13,5,79,10,79,17,19,125,6,10,16,141
06/17/2001,STX,VI,ASO,ES,Federal Contract Tower,10,22,2,5,39,0,62,27,2,91,10,84,29,7,130,12,0,12,142
06/18/2001,STX,VI,ASO,ES,Federal Contract Tower,13,25,10,4,52,0,78,31,7,116,13,103,41,11,168,0,0,0,168
06/19/2001,STX,VI,ASO,ES,Federal Contract Tower,11,29,9,0,49,0,64,17,2,83,11,93,26,2,132,0,2,2,134
06/20/2001,STX,VI,ASO,ES,Federal Contract Tower,12,30,11,4,57,0,78,16,0,94,12,108,27,4,151,6,10,16,167
06/21/2001,STX,VI,ASO,ES,Federal Contract Tower,12,23,2,11,48,0,84,19,0,103,12,107,21,11,151,16,10,26,177
06/22/2001,STX,VI,ASO,ES,Federal Contract Tower,10,26,2,5,43,0,78,36,4,118,10,104,38,9,161,4,4,8,169
06/23/2001,STX,VI,ASO,ES,Federal Contract Tower,8,20,4,7,39,0,61,14,0,75,8,81,18,7,114,0,8,8,122
06/24/2001,STX,VI,ASO,ES,Federal Contract Tower,10,19,8,7,44,0,53,19,0,72,10,72,27,7,116,0,0,0,116
06/25/2001,STX,VI,ASO,ES,Federal Contract Tower,6,43,7,0,56,0,62,20,2,84,6,105,27,2,140,10,6,16,156
06/26/2001,STX,VI,ASO,ES,Federal Contract Tower,10,28,6,1,45,0,69,17,1,87,10,97,23,2,132,6,0,6,138
06/27/2001,STX,VI,ASO,ES,Federal Contract Tower,10,34,4,5,53,0,64,26,4,94,10,98,30,9,147,0,14,14,161
06/28/2001,STX,VI,ASO,ES,Federal Contract Tower,11,25,8,2,46,0,83,20,5,108,11,108,28,7,154,2,0,2,156
06/29/2001,STX,VI,ASO,ES,Federal Contract Tower,11,25,5,6,47,0,83,37,4,124,11,108,42,10,171,2,2,4,175
06/30/2001,STX,VI,ASO,ES,Federal Contract Tower,10,18,7,4,39,0,67,18,3,88,10,85,25,7,127,4,0,4,131
07/01/2001,STX,VI,ASO,ES,Federal Contract Tower,13,20,3,3,39,0,60,12,2,74,13,80,15,5,113,2,0,2,115
07/02/2001,STX,VI,ASO,ES,Federal Contract Tower,14,42,4,3,63,0,57,23,3,83,14,99,27,6,146,0,8,8,154
07/03/2001,STX,VI,ASO,ES,Federal Contract Tower,9,37,5,6,57,0,72,19,1,92,9,109,24,7,149,0,6,6,155
07/04/2001,STX,VI,ASO,ES,Federal Contract Tower,8,29,0,0,37,0,56,12,0,68,8,85,12,0,105,2,0,2,107
07/05/2001,STX,VI,ASO,ES,Federal Contract Tower,11,29,7,3,50,0,86,22,4,112,11,115,29,7,162,0,0,0,162
07/06/2001,STX,VI,ASO,ES,Federal Contract Tower,12,25,8,1,46,0,93,25,0,118,12,118,33,1,164,0,4,4,168
07/07/2001,STX,VI,ASO,ES,Federal Contract Tower,12,16,6,1,35,0,62,6,0,68,12,78,12,1,103,0,2,2,105
07/08/2001,STX,VI,ASO,ES,Federal Contract Tower,12,18,3,1,34,0,70,13,0,83,12,88,16,1,117,0,32,32,149
07/09/2001,STX,VI,ASO,ES,Federal Contract Tower,11,33,5,0,49,0,69,27,2,98,11,102,32,2,147,6,2,8,155
07/10/2001,STX,VI,ASO,ES,Federal Contract Tower,9,35,4,0,48,0,66,14,5,85,9,101,18,5,133,0,2,2,135
07/11/2001,STX,VI,ASO,ES,Federal Contract Tower,12,36,4,10,62,0,70,19,7,96,12,106,23,17,158,4,0,4,162
07/12/2001,STX,VI,ASO,ES,Federal Contract Tower,12,27,9,3,51,0,74,6,2,82,12,101,15,5,133,0,2,2,135
07/13/2001,STX,VI,ASO,ES,Federal Contract Tower,15,29,12,2,58,0,77,22,4,103,15,106,34,6,161,4,0,4,165
07/14/2001,STX,VI,ASO,ES,Federal Contract Tower,9,18,6,3,36,0,65,8,4,77,9,83,14,7,113,12,8,20,133
07/15/2001,STX,VI,ASO,ES,Federal Contract Tower,6,23,4,2,35,0,65,17,0,82,6,88,21,2,117,0,0,0,117
07/16/2001,STX,VI,ASO,ES,Federal Contract Tower,11,31,5,1,48,0,64,18,5,87,11,95,23,6,135,6,2,8,143
07/17/2001,STX,VI,ASO,ES,Federal Contract Tower,11,33,4,4,52,0,73,22,0,95,11,106,26,4,147,0,12,12,159
07/18/2001,STX,VI,ASO,ES,Federal Contract Tower,12,31,13,3,59,0,100,11,7,118,12,131,24,10,177,0,4,4,181
07/19/2001,STX,VI,ASO,ES,Federal Contract Tower,11,27,6,5,49,0,77,22,3,102,11,104,28,8,151,0,36,36,187
07/20/2001,STX,VI,ASO,ES,Federal Contract Tower,9,30,9,3,51,0,88,24,4,116,9,118,33,7,167,0,0,0,167
07/21/2001,STX,VI,ASO,ES,Federal Contract Tower,8,20,4,3,35,0,70,16,0,86,8,90,20,3,121,16,0,16,137
07/22/2001,STX,VI,ASO,ES,Federal Contract Tower,7,22,0,1,30,0,64,16,0,80,7,86,16,1,110,0,0,0,110
07/23/2001,STX,VI,ASO,ES,Federal Contract Tower,9,36,9,1,55,0,89,23,0,112,9,125,32,1,167,8,10,18,185
07/24/2001,STX,VI,ASO,ES,Federal Contract Tower,12,35,8,0,55,0,67,15,1,83,12,102,23,1,138,8,12,20,158
07/25/2001,STX,VI,ASO,ES,Federal Contract Tower,7,39,9,5,60,0,80,22,2,104,7,119,31,7,164,0,16,16,180
07/26/2001,STX,VI,ASO,ES,Federal Contract Tower,11,31,4,3,49,0,76,19,1,96,11,107,23,4,145,6,8,14,159
07/27/2001,STX,VI,ASO,ES,Federal Contract Tower,9,28,10,1,48,0,86,25,0,111,9,114,35,1,159,6,4,10,169
07/28/2001,STX,VI,ASO,ES,Federal Contract Tower,6,22,11,3,42,0,61,12,0,73,6,83,23,3,115,12,0,12,127
07/29/2001,STX,VI,ASO,ES,Federal Contract Tower,8,34,2,2,46,0,31,9,0,40,8,65,11,2,86,6,0,6,92
07/30/2001,STX,VI,ASO,ES,Federal Contract Tower,0,23,0,0,23,0,63,14,1,78,0,86,14,1,101,0,0,0,101
07/31/2001,STX,VI,ASO,ES,Federal Contract Tower,11,36,4,0,51,0,70,16,2,88,11,106,20,2,139,0,0,0,139
08/01/2001,STX,VI,ASO,ES,Federal Contract Tower,11,31,7,0,49,0,88,14,2,104,11,119,21,2,153,0,4,4,157
08/02/2001,STX,VI,ASO,ES,Federal Contract Tower,10,30,10,1,51,0,77,19,2,98,10,107,29,3,149,6,0,6,155
08/03/2001,STX,VI,ASO,ES,Federal Contract Tower,13,27,5,3,48,0,79,17,8,104,13,106,22,11,152,2,10,12,164
08/04/2001,STX,VI,ASO,ES,Federal Contract Tower,10,18,5,2,35,0,68,9,6,83,10,86,14,8,118,18,18,36,154
08/05/2001,STX,VI,ASO,ES,Federal Contract Tower,10,19,2,2,33,0,68,16,0,84,10,87,18,2,117,0,2,2,119
08/06/2001,STX,VI,ASO,ES,Federal Contract Tower,11,27,4,2,44,0,74,25,0,99,11,101,29,2,143,8,6,14,157
08/07/2001,STX,VI,ASO,ES,Federal Contract Tower,15,36,12,4,67,0,72,26,5,103,15,108,38,9,170,6,4,10,180
08/08/2001,STX,VI,ASO,ES,Federal Contract Tower,11,38,3,5,57,0,72,15,13,100,11,110,18,18,157,8,50,58,215
08/09/2001,STX,VI,ASO,ES,Federal Contract Tower,12,30,3,0,45,0,74,16,1,91,12,104,19,1,136,0,10,10,146
08/10/2001,STX,VI,ASO,ES,Federal Contract Tower,12,32,2,1,47,0,86,32,0,118,12,118,34,1,165,4,22,26,191
08/11/2001,STX,VI,ASO,ES,Federal Contract Tower,11,18,7,3,39,0,60,11,1,72,11,78,18,4,111,2,0,2,113
08/12/2001,STX,VI,ASO,ES,Federal Contract Tower,17,20,1,6,44,0,64,14,1,79,17,84,15,7,123,0,0,0,123
08/13/2001,STX,VI,ASO,ES,Federal Contract Tower,8,37,3,1,49,0,72,17,2,91,8,109,20,3,140,0,14,14,154
08/14/2001,STX,VI,ASO,ES,Federal Contract Tower,11,31,3,12,57,0,59,23,0,82,11,90,26,12,139,0,8,8,147
08/15/2001,STX,VI,ASO,ES,Federal Contract Tower,11,28,5,6,50,0,77,21,4,102,11,105,26,10,152,0,8,8,160
08/16/2001,STX,VI,ASO,ES,Federal Contract Tower,11,29,5,1,46,0,78,19,14,111,11,107,24,15,157,0,0,0,157
08/17/2001,STX,VI,ASO,ES,Federal Contract Tower,10,41,12,5,68,0,72,21,2,95,10,113,33,7,163,2,0,2,165
08/18/2001,STX,VI,ASO,ES,Federal Contract Tower,10,18,4,6,38,0,58,15,0,73,10,76,19,6,111,0,0,0,111
08/19/2001,STX,VI,ASO,ES,Federal Contract Tower,10,22,2,7,41,0,56,12,3,71,10,78,14,10,112,0,4,4,116
08/20/2001,STX,VI,ASO,ES,Federal Contract Tower,9,36,2,4,51,0,69,24,0,93,9,105,26,4,144,0,0,0,144
08/21/2001,STX,VI,ASO,ES,Federal Contract Tower,11,31,4,11,57,0,64,15,1,80,11,95,19,12,137,0,0,0,137
08/22/2001,STX,VI,ASO,ES,Federal Contract Tower,12,37,12,3,64,0,31,7,2,40,12,68,19,5,104,0,0,0,104
08/23/2001,STX,VI,ASO,ES,Federal Contract Tower,15,24,9,13,61,0,66,16,3,85,15,90,25,16,146,0,0,0,146
08/24/2001,STX,VI,ASO,ES,Federal Contract Tower,22,18,8,5,53,0,70,33,0,103,22,88,41,5,156,4,2,6,162
08/25/2001,STX,VI,ASO,ES,Federal Contract Tower,14,14,4,5,37,0,62,17,0,79,14,76,21,5,116,2,0,2,118
08/26/2001,STX,VI,ASO,ES,Federal Contract Tower,12,17,4,5,38,0,54,9,5,68,12,71,13,10,106,0,6,6,112
08/27/2001,STX,VI,ASO,ES,Federal Contract Tower,12,36,3,8,59,0,55,22,4,81,12,91,25,12,140,2,4,6,146
08/28/2001,STX,VI,ASO,ES,Federal Contract Tower,12,32,10,7,61,0,65,20,2,87,12,97,30,9,148,0,4,4,152
08/29/2001,STX,VI,ASO,ES,Federal Contract Tower,15,31,8,2,56,0,54,32,4,90,15,85,40,6,146,4,0,4,150
08/30/2001,STX,VI,ASO,ES,Federal Contract Tower,16,25,8,3,52,0,60,25,5,90,16,85,33,8,142,0,16,16,158
08/31/2001,STX,VI,ASO,ES,Federal Contract Tower,14,26,10,4,54,0,98,48,4,150,14,124,58,8,204,5,0,5,209
09/01/2001,STX,VI,ASO,ES,Federal Contract Tower,14,18,4,3,39,0,47,12,0,59,14,65,16,3,98,2,0,2,100
09/02/2001,STX,VI,ASO,ES,Federal Contract Tower,16,18,2,2,38,0,49,15,4,68,16,67,17,6,106,0,6,6,112
09/03/2001,STX,VI,ASO,ES,Federal Contract Tower,14,24,0,2,40,0,103,53,2,158,14,127,53,4,198,0,0,0,198
09/04/2001,STX,VI,ASO,ES,Federal Contract Tower,14,29,2,7,52,0,72,35,1,108,14,101,37,8,160,0,2,2,162
09/05/2001,STX,VI,ASO,ES,Federal Contract Tower,11,33,10,6,60,0,71,13,3,87,11,104,23,9,147,0,6,6,153
09/06/2001,STX,VI,ASO,ES,Federal Contract Tower,10,29,6,5,50,0,65,8,3,76,10,94,14,8,126,0,2,2,128
09/07/2001,STX,VI,ASO,ES,Federal Contract Tower,11,30,8,9,58,0,79,22,1,102,11,109,30,10,160,12,0,12,172
09/08/2001,STX,VI,ASO,ES,Federal Contract Tower,12,16,0,8,36,0,57,11,3,71,12,73,11,11,107,0,12,12,119
09/09/2001,STX,VI,ASO,ES,Federal Contract Tower,10,23,3,4,40,0,55,13,3,71,10,78,16,7,111,0,0,0,111
09/10/2001,STX,VI,ASO,ES,Federal Contract Tower,11,38,7,1,57,0,55,16,0,71,11,93,23,1,128,2,0,2,130
09/11/2001,STX,VI,ASO,ES,Federal Contract Tower,1,5,1,2,9,0,14,4,2,20,1,19,5,4,29,0,0,0,29
09/12/2001,STX,VI,ASO,ES,Federal Contract Tower,0,0,0,0,0,0,0,0,4,4,0,0,0,4,4,0,0,0,4
09/13/2001,STX,VI,ASO,ES,Federal Contract Tower,1,7,0,0,8,0,12,0,2,14,1,19,0,2,22,0,0,0,22
09/14/2001,STX,VI,ASO,ES,Federal Contract Tower,11,54,0,7,72,0,49,2,7,58,11,103,2,14,130,0,4,4,134
09/15/2001,STX,VI,ASO,ES,Federal Contract Tower,11,41,0,2,54,0,26,0,0,26,11,67,0,2,80,0,0,0,80
09/16/2001,STX,VI,ASO,ES,Federal Contract Tower,12,43,1,2,58,0,33,0,0,33,12,76,1,2,91,0,0,0,91
09/17/2001,STX,VI,ASO,ES,Federal Contract Tower,7,56,3,2,68,0,42,0,0,42,7,98,3,2,110,0,4,4,114
09/18/2001,STX,VI,ASO,ES,Federal Contract Tower,9,62,1,5,77,0,51,0,1,52,9,113,1,6,129,0,16,16,145
09/19/2001,STX,VI,ASO,ES,Federal Contract Tower,8,64,6,2,80,0,37,8,1,46,8,101,14,3,126,0,0,0,126
09/20/2001,STX,VI,ASO,ES,Federal Contract Tower,8,45,5,4,62,0,42,6,13,61,8,87,11,17,123,0,10,10,133
09/21/2001,STX,VI,ASO,ES,Federal Contract Tower,10,36,5,3,54,0,72,13,5,90,10,108,18,8,144,0,4,4,148
09/22/2001,STX,VI,ASO,ES,Federal Contract Tower,7,23,3,1,34,0,38,12,6,56,7,61,15,7,90,0,0,0,90
09/23/2001,STX,VI,ASO,ES,Federal Contract Tower,6,36,0,0,42,0,39,9,6,54,6,75,9,6,96,0,2,2,98
09/24/2001,STX,VI,ASO,ES,Federal Contract Tower,6,47,5,0,58,0,52,9,5,66,6,99,14,5,124,2,12,14,138
09/25/2001,STX,VI,ASO,ES,Federal Contract Tower,7,45,1,2,55,0,34,17,5,56,7,79,18,7,111,0,6,6,117
09/26/2001,STX,VI,ASO,ES,Federal Contract Tower,7,51,12,2,72,0,50,14,4,68,7,101,26,6,140,0,6,6,146
09/27/2001,STX,VI,ASO,ES,Federal Contract Tower,7,34,6,2,49,0,73,13,6,92,7,107,19,8,141,0,0,0,141
09/28/2001,STX,VI,ASO,ES,Federal Contract Tower,8,31,2,0,41,0,74,26,3,103,8,105,28,3,144,0,0,0,144
09/29/2001,STX,VI,ASO,ES,Federal Contract Tower,7,17,4,1,29,0,57,11,2,70,7,74,15,3,99,10,0,10,109
09/30/2001,STX,VI,ASO,ES,Federal Contract Tower,6,32,0,1,39,0,45,9,0,54,6,77,9,1,93,0,0,0,93
10/01/2001,STX,VI,ASO,ES,Federal Contract Tower,11,56,4,0,71,0,41,10,4,55,11,97,14,4,126,0,0,0,126
10/02/2001,STX,VI,ASO,ES,Federal Contract Tower,12,45,5,6,68,0,44,5,3,52,12,89,10,9,120,0,0,0,120
10/03/2001,STX,VI,ASO,ES,Federal Contract Tower,10,43,8,4,65,0,60,2,4,66,10,103,10,8,131,0,4,4,135
10/04/2001,STX,VI,ASO,ES,Federal Contract Tower,14,29,5,5,53,0,68,4,0,72,14,97,9,5,125,0,0,0,125
10/05/2001,STX,VI,ASO,ES,Federal Contract Tower,9,41,7,4,61,0,52,2,0,54,9,93,9,4,115,0,0,0,115
10/06/2001,STX,VI,ASO,ES,Federal Contract Tower,8,16,2,5,31,0,73,6,1,80,8,89,8,6,111,0,2,2,113
10/07/2001,STX,VI,ASO,ES,Federal Contract Tower,8,29,0,5,42,0,43,8,0,51,8,72,8,5,93,0,0,0,93
10/08/2001,STX,VI,ASO,ES,Federal Contract Tower,12,44,4,5,65,0,46,6,2,54,12,90,10,7,119,0,0,0,119
10/09/2001,STX,VI,ASO,ES,Federal Contract Tower,10,43,5,5,63,0,51,11,4,66,10,94,16,9,129,0,0,0,129
10/10/2001,STX,VI,ASO,ES,Federal Contract Tower,7,41,14,8,70,0,63,11,6,80,7,104,25,14,150,10,0,10,160
10/11/2001,STX,VI,ASO,ES,Federal Contract Tower,7,28,5,1,41,0,65,7,2,74,7,93,12,3,115,16,0,16,131
10/12/2001,STX,VI,ASO,ES,Federal Contract Tower,8,29,4,1,42,0,72,18,2,92,8,101,22,3,134,2,0,2,136
10/13/2001,STX,VI,ASO,ES,Federal Contract Tower,11,13,2,3,29,0,46,7,1,54,11,59,9,4,83,28,0,28,111
10/14/2001,STX,VI,ASO,ES,Federal Contract Tower,5,39,1,5,50,0,23,6,2,31,5,62,7,7,81,0,0,0,81
10/15/2001,STX,VI,ASO,ES,Federal Contract Tower,8,45,7,0,60,0,25,1,4,30,8,70,8,4,90,0,0,0,90
10/16/2001,STX,VI,ASO,ES,Federal Contract Tower,7,42,10,4,63,0,42,16,2,60,7,84,26,6,123,10,4,14,137
10/17/2001,STX,VI,ASO,ES,Federal Contract Tower,6,39,2,0,47,0,48,23,2,73,6,87,25,2,120,2,2,4,124
10/18/2001,STX,VI,ASO,ES,Federal Contract Tower,9,24,6,4,43,0,74,11,1,86,9,98,17,5,129,10,0,10,139
10/19/2001,STX,VI,ASO,ES,Federal Contract Tower,10,25,2,1,38,0,69,25,0,94,10,94,27,1,132,2,0,2,134
10/20/2001,STX,VI,ASO,ES,Federal Contract Tower,10,10,2,0,22,0,62,18,0,80,10,72,20,0,102,7,0,7,109
10/21/2001,STX,VI,ASO,ES,Federal Contract Tower,6,18,4,0,28,0,42,12,0,54,6,60,16,0,82,0,0,0,82
10/22/2001,STX,VI,ASO,ES,Federal Contract Tower,8,34,3,1,46,0,46,33,0,79,8,80,36,1,125,4,2,6,131
10/23/2001,STX,VI,ASO,ES,Federal Contract Tower,4,36,9,0,49,0,53,21,2,76,4,89,30,2,125,4,0,4,129
10/24/2001,STX,VI,ASO,ES,Federal Contract Tower,7,30,11,1,49,0,63,12,3,78,7,93,23,4,127,0,0,0,127
10/25/2001,STX,VI,ASO,ES,Federal Contract Tower,8,28,3,0,39,0,68,15,1,84,8,96,18,1,123,0,0,0,123
10/26/2001,STX,VI,ASO,ES,Federal Contract Tower,14,20,3,4,41,0,97,16,4,117,14,117,19,8,158,0,24,24,182
10/27/2001,STX,VI,ASO,ES,Federal Contract Tower,7,12,3,0,22,0,56,4,4,64,7,68,7,4,86,0,0,0,86
10/28/2001,STX,VI,ASO,ES,Federal Contract Tower,5,14,0,1,20,0,78,19,0,97,5,92,19,1,117,14,0,14,131
10/29/2001,STX,VI,ASO,ES,Federal Contract Tower,7,33,2,0,42,0,61,14,10,85,7,94,16,10,127,8,8,16,143
10/30/2001,STX,VI,ASO,ES,Federal Contract Tower,4,31,8,0,43,0,75,27,2,104,4,106,35,2,147,4,4,8,155
10/31/2001,STX,VI,ASO,ES,Federal Contract Tower,6,29,6,0,41,0,77,10,6,93,6,106,16,6,134,0,0,0,134
11/01/2001,STX,VI,ASO,ES,Federal Contract Tower,9,29,5,0,43,0,75,12,2,89,9,104,17,2,132,2,0,2,134
11/02/2001,STX,VI,ASO,ES,Federal Contract Tower,14,20,3,0,37,0,84,23,4,111,14,104,26,4,148,4,0,4,152
11/03/2001,STX,VI,ASO,ES,Federal Contract Tower,10,14,2,0,26,0,46,21,2,69,10,60,23,2,95,4,0,4,99
11/04/2001,STX,VI,ASO,ES,Federal Contract Tower,8,14,1,2,25,0,65,7,3,75,8,79,8,5,100,0,24,24,124
11/05/2001,STX,VI,ASO,ES,Federal Contract Tower,10,30,1,4,45,0,56,22,6,84,10,86,23,10,129,16,10,26,155
11/06/2001,STX,VI,ASO,ES,Federal Contract Tower,10,27,2,1,40,0,72,13,2,87,10,99,15,3,127,12,0,12,139
11/07/2001,STX,VI,ASO,ES,Federal Contract Tower,10,38,4,2,54,0,56,9,3,68,10,94,13,5,122,2,0,2,124
11/08/2001,STX,VI,ASO,ES,Federal Contract Tower,10,48,12,10,80,0,28,5,1,34,10,76,17,11,114,0,0,0,114
11/09/2001,STX,VI,ASO,ES,Federal Contract Tower,10,72,5,5,92,0,49,15,0,64,10,121,20,5,156,0,0,0,156
11/10/2001,STX,VI,ASO,ES,Federal Contract Tower,14,12,6,4,36,0,67,11,6,84,14,79,17,10,120,0,0,0,120
11/11/2001,STX,VI,ASO,ES,Federal Contract Tower,8,16,4,3,31,0,67,10,7,84,8,83,14,10,115,0,2,2,117
11/12/2001,STX,VI,ASO,ES,Federal Contract Tower,14,20,3,0,37,0,82,9,9,100,14,102,12,9,137,0,8,8,145
11/13/2001,STX,VI,ASO,ES,Federal Contract Tower,9,22,9,0,40,0,71,10,2,83,9,93,19,2,123,0,0,0,123
11/14/2001,STX,VI,ASO,ES,Federal Contract Tower,11,27,10,0,48,0,71,12,1,84,11,98,22,1,132,0,0,0,132
11/15/2001,STX,VI,ASO,ES,Federal Contract Tower,13,34,5,0,52,0,67,10,4,81,13,101,15,4,133,16,0,16,149
11/16/2001,STX,VI,ASO,ES,Federal Contract Tower,14,31,4,2,51,0,72,28,5,105,14,103,32,7,156,18,0,18,174
11/17/2001,STX,VI,ASO,ES,Federal Contract Tower,9,18,3,3,33,0,55,9,12,76,9,73,12,15,109,2,0,2,111
11/18/2001,STX,VI,ASO,ES,Federal Contract Tower,15,15,2,1,33,0,57,12,16,85,15,72,14,17,118,0,10,10,128
11/19/2001,STX,VI,ASO,ES,Federal Contract Tower,10,38,6,3,57,0,58,19,3,80,10,96,25,6,137,0,12,12,149
11/20/2001,STX,VI,ASO,ES,Federal Contract Tower,14,31,6,1,52,0,70,10,8,88,14,101,16,9,140,2,0,2,142
11/21/2001,STX,VI,ASO,ES,Federal Contract Tower,14,32,4,4,54,0,91,29,3,123,14,123,33,7,177,0,0,0,177
11/22/2001,STX,VI,ASO,ES,Federal Contract Tower,12,21,0,0,33,0,64,15,0,79,12,85,15,0,112,8,0,8,120
11/23/2001,STX,VI,ASO,ES,Federal Contract Tower,12,33,2,1,48,0,74,16,0,90,12,107,18,1,138,2,0,2,140
11/24/2001,STX,VI,ASO,ES,Federal Contract Tower,12,16,1,2,31,0,62,11,0,73,12,78,12,2,104,2,0,2,106
11/25/2001,STX,VI,ASO,ES,Federal Contract Tower,10,18,5,2,35,0,85,61,2,148,10,103,66,4,183,0,10,10,193
11/26/2001,STX,VI,ASO,ES,Federal Contract Tower,14,28,6,4,52,0,68,32,1,101,14,96,38,5,153,2,0,2,155
11/27/2001,STX,VI,ASO,ES,Federal Contract Tower,16,35,8,0,59,0,55,13,3,71,16,90,21,3,130,24,2,26,156
11/28/2001,STX,VI,ASO,ES,Federal Contract Tower,15,24,9,0,48,0,80,24,2,106,15,104,33,2,154,14,0,14,168
11/29/2001,STX,VI,ASO,ES,Federal Contract Tower,14,32,9,1,56,0,67,11,6,84,14,99,20,7,140,6,0,6,146
11/30/2001,STX,VI,ASO,ES,Federal Contract Tower,12,28,5,3,48,0,71,26,3,100,12,99,31,6,148,20,0,20,168
12/01/2001,STX,VI,ASO,ES,Federal Contract Tower,12,16,2,1,31,0,55,22,5,82,12,71,24,6,113,4,0,4,117
12/02/2001,STX,VI,ASO,ES,Federal Contract Tower,9,33,6,3,51,0,41,17,2,60,9,74,23,5,111,18,0,18,129
12/03/2001,STX,VI,ASO,ES,Federal Contract Tower,13,44,6,0,63,0,40,27,2,69,13,84,33,2,132,18,0,18,150
12/04/2001,STX,VI,ASO,ES,Federal Contract Tower,14,44,12,4,74,0,52,14,0,66,14,96,26,4,140,22,4,26,166
12/05/2001,STX,VI,ASO,ES,Federal Contract Tower,12,46,11,3,72,0,54,20,0,74,12,100,31,3,146,4,0,4,150
12/06/2001,STX,VI,ASO,ES,Federal Contract Tower,12,32,11,7,62,0,65,14,0,79,12,97,25,7,141,0,4,4,145
12/07/2001,STX,VI,ASO,ES,Federal Contract Tower,12,34,14,5,65,0,74,31,1,106,12,108,45,6,171,0,12,12,183
12/08/2001,STX,VI,ASO,ES,Federal Contract Tower,9,19,3,2,33,0,63,9,5,77,9,82,12,7,110,0,0,0,110
12/09/2001,STX,VI,ASO,ES,Federal Contract Tower,11,19,2,12,44,0,54,17,3,74,11,73,19,15,118,0,0,0,118
12/10/2001,STX,VI,ASO,ES,Federal Contract Tower,12,38,7,3,60,0,49,18,1,68,12,87,25,4,128,2,2,4,132
12/11/2001,STX,VI,ASO,ES,Federal Contract Tower,14,45,3,2,64,0,56,15,0,71,14,101,18,2,135,0,12,12,147
12/12/2001,STX,VI,ASO,ES,Federal Contract Tower,16,40,14,1,71,0,59,5,3,67,16,99,19,4,138,0,0,0,138
12/13/2001,STX,VI,ASO,ES,Federal Contract Tower,12,34,8,0,54,0,68,14,2,84,12,102,22,2,138,22,0,22,160
12/14/2001,STX,VI,ASO,ES,Federal Contract Tower,10,45,7,2,64,0,81,16,6,103,10,126,23,8,167,0,0,0,167
12/15/2001,STX,VI,ASO,ES,Federal Contract Tower,10,39,18,2,69,0,32,0,0,32,10,71,18,2,101,2,0,2,103
12/16/2001,STX,VI,ASO,ES,Federal Contract Tower,12,28,10,5,55,0,44,14,0,58,12,72,24,5,113,6,0,6,119
12/17/2001,STX,VI,ASO,ES,Federal Contract Tower,12,51,6,0,69,0,38,19,0,57,12,89,25,0,126,16,4,20,146
12/18/2001,STX,VI,ASO,ES,Federal Contract Tower,17,53,14,0,84,0,40,17,3,60,17,93,31,3,144,12,0,12,156
12/19/2001,STX,VI,ASO,ES,Federal Contract Tower,16,33,6,0,55,0,66,30,2,98,16,99,36,2,153,0,8,8,161
12/20/2001,STX,VI,ASO,ES,Federal Contract Tower,14,34,5,0,53,0,77,36,2,115,14,111,41,2,168,0,0,0,168
12/21/2001,STX,VI,ASO,ES,Federal Contract Tower,15,26,3,2,46,0,117,62,8,187,15,143,65,10,233,26,10,36,269
12/22/2001,STX,VI,ASO,ES,Federal Contract Tower,11,33,9,3,56,0,76,22,0,98,11,109,31,3,154,0,0,0,154
12/23/2001,STX,VI,ASO,ES,Federal Contract Tower,8,37,14,1,60,0,57,15,0,72,8,94,29,1,132,0,0,0,132
12/24/2001,STX,VI,ASO,ES,Federal Contract Tower,11,34,9,0,54,0,66,29,0,95,11,100,38,0,149,0,0,0,149
12/25/2001,STX,VI,ASO,ES,Federal Contract Tower,16,21,0,0,37,0,62,29,0,91,16,83,29,0,128,0,0,0,128
12/26/2001,STX,VI,ASO,ES,Federal Contract Tower,16,34,6,0,56,0,77,26,0,103,16,111,32,0,159,0,2,2,161
12/27/2001,STX,VI,ASO,ES,Federal Contract Tower,16,28,4,0,48,0,98,27,2,127,16,126,31,2,175,0,0,0,175
12/28/2001,STX,VI,ASO,ES,Federal Contract Tower,16,30,5,0,51,0,92,53,0,145,16,122,58,0,196,12,0,12,208
12/29/2001,STX,VI,ASO,ES,Federal Contract Tower,16,18,6,0,40,0,67,24,0,91,16,85,30,0,131,6,0,6,137
12/30/2001,STX,VI,ASO,ES,Federal Contract Tower,17,25,8,0,50,0,60,27,0,87,17,85,35,0,137,0,0,0,137
12/31/2001,STX,VI,ASO,ES,Federal Contract Tower,17,33,7,0,57,0,68,27,0,95,17,101,34,0,152,2,0,2,154
01/01/2002,STX,VI,ASO,ES,Federal Contract Tower,14,29,6,0,49,0,59,17,0,76,14,88,23,0,125,0,0,0,125
01/02/2002,STX,VI,ASO,ES,Federal Contract Tower,14,29,6,2,51,0,94,19,2,115,14,123,25,4,166,4,0,4,170
01/03/2002,STX,VI,ASO,ES,Federal Contract Tower,14,32,6,2,54,0,87,37,8,132,14,119,43,10,186,8,4,12,198
01/04/2002,STX,VI,ASO,ES,Federal Contract Tower,14,31,7,0,52,0,96,29,2,127,14,127,36,2,179,4,0,4,183
01/05/2002,STX,VI,ASO,ES,Federal Contract Tower,14,25,14,1,54,0,70,18,0,88,14,95,32,1,142,0,0,0,142
01/06/2002,STX,VI,ASO,ES,Federal Contract Tower,12,40,13,1,66,0,63,5,0,68,12,103,18,1,134,14,0,14,148
01/07/2002,STX,VI,ASO,ES,Federal Contract Tower,15,34,7,0,56,0,81,26,0,107,15,115,33,0,163,6,0,6,169
01/08/2002,STX,VI,ASO,ES,Federal Contract Tower,15,25,7,1,48,0,75,28,4,107,15,100,35,5,155,16,0,16,171
01/09/2002,STX,VI,ASO,ES,Federal Contract Tower,16,27,21,1,65,0,87,21,5,113,16,114,42,6,178,0,0,0,178
01/10/2002,STX,VI,ASO,ES,Federal Contract Tower,14,29,9,0,52,0,78,26,0,104,14,107,35,0,156,2,0,2,158
01/11/2002,STX,VI,ASO,ES,Federal Contract Tower,15,32,7,2,56,0,91,33,0,124,15,123,40,2,180,10,0,10,190
01/12/2002,STX,VI,ASO,ES,Federal Contract Tower,10,20,7,6,43,0,64,15,1,80,10,84,22,7,123,0,0,0,123
01/13/2002,STX,VI,ASO,ES,Federal Contract Tower,16,23,9,6,54,0,52,11,0,63,16,75,20,6,117,0,0,0,117
01/14/2002,STX,VI,ASO,ES,Federal Contract Tower,13,33,5,0,51,0,69,23,7,99,13,102,28,7,150,10,0,10,160
01/15/2002,STX,VI,ASO,ES,Federal Contract Tower,10,35,6,0,51,0,63,23,8,94,10,98,29,8,145,8,2,10,155
01/16/2002,STX,VI,ASO,ES,Federal Contract Tower,15,27,17,2,61,0,84,25,4,113,15,111,42,6,174,8,0,8,182
01/17/2002,STX,VI,ASO,ES,Federal Contract Tower,13,30,6,5,54,0,68,28,0,96,13,98,34,5,150,0,0,0,150
01/18/2002,STX,VI,ASO,ES,Federal Contract Tower,17,29,8,2,56,0,87,30,8,125,17,116,38,10,181,0,0,0,181
01/19/2002,STX,VI,ASO,ES,Federal Contract Tower,11,22,8,1,42,0,65,11,5,81,11,87,19,6,123,16,0,16,139
01/20/2002,STX,VI,ASO,ES,Federal Contract Tower,12,22,3,2,39,0,34,13,3,50,12,56,16,5,89,0,0,0,89
01/21/2002,STX,VI,ASO,ES,Federal Contract Tower,18,23,2,0,43,0,63,36,1,100,18,86,38,1,143,0,0,0,143
01/22/2002,STX,VI,ASO,ES,Federal Contract Tower,14,38,7,5,64,0,54,19,2,75,14,92,26,7,139,0,0,0,139
01/23/2002,STX,VI,ASO,ES,Federal Contract Tower,14,31,6,0,51,0,69,26,2,97,14,100,32,2,148,4,0,4,152
01/24/2002,STX,VI,ASO,ES,Federal Contract Tower,15,35,11,2,63,0,63,27,3,93,15,98,38,5,156,0,2,2,158
01/25/2002,STX,VI,ASO,ES,Federal Contract Tower,18,21,7,0,46,0,82,35,2,119,18,103,42,2,165,0,0,0,165
01/26/2002,STX,VI,ASO,ES,Federal Contract Tower,15,17,1,3,36,0,56,19,0,75,15,73,20,3,111,6,0,6,117
01/27/2002,STX,VI,ASO,ES,Federal Contract Tower,14,25,4,5,48,0,46,16,0,62,14,71,20,5,110,2,0,2,112
01/28/2002,STX,VI,ASO,ES,Federal Contract Tower,12,43,11,0,66,0,51,13,2,66,12,94,24,2,132,4,0,4,136
01/29/2002,STX,VI,ASO,ES,Federal Contract Tower,14,46,12,2,74,0,36,19,6,61,14,82,31,8,135,0,0,0,135
01/30/2002,STX,VI,ASO,ES,Federal Contract Tower,17,25,9,0,51,0,66,28,9,103,17,91,37,9,154,0,8,8,162
01/31/2002,STX,VI,ASO,ES,Federal Contract Tower,14,29,8,2,53,0,68,20,6,94,14,97,28,8,147,6,0,6,153
02/01/2002,STX,VI,ASO,ES,Federal Contract Tower,11,39,4,1,55,0,69,16,2,87,11,108,20,3,142,0,0,0,142
02/02/2002,STX,VI,ASO,ES,Federal Contract Tower,8,26,5,1,40,0,53,4,0,57,8,79,9,1,97,24,0,24,121
02/03/2002,STX,VI,ASO,ES,Federal Contract Tower,11,33,8,0,52,0,37,12,0,49,11,70,20,0,101,28,0,28,129
02/04/2002,STX,VI,ASO,ES,Federal Contract Tower,13,33,4,0,50,0,65,25,4,94,13,98,29,4,144,0,0,0,144
02/05/2002,STX,VI,ASO,ES,Federal Contract Tower,8,45,6,3,62,0,54,16,3,73,8,99,22,6,135,0,0,0,135
02/06/2002,STX,VI,ASO,ES,Federal Contract Tower,8,43,6,5,62,0,74,36,0,110,8,117,42,5,172,8,2,10,182
02/07/2002,STX,VI,ASO,ES,Federal Contract Tower,8,39,6,1,54,0,69,20,4,93,8,108,26,5,147,0,2,2,149
02/08/2002,STX,VI,ASO,ES,Federal Contract Tower,12,34,4,3,53,0,82,26,2,110,12,116,30,5,163,16,0,16,179
02/09/2002,STX,VI,ASO,ES,Federal Contract Tower,12,20,3,4,39,0,58,16,4,78,12,78,19,8,117,4,0,4,121
02/10/2002,STX,VI,ASO,ES,Federal Contract Tower,9,24,8,0,41,0,50,18,0,68,9,74,26,0,109,8,0,8,117
02/11/2002,STX,VI,ASO,ES,Federal Contract Tower,12,37,4,1,54,0,67,20,6,93,12,104,24,7,147,0,2,2,149
02/12/2002,STX,VI,ASO,ES,Federal Contract Tower,10,34,4,2,50,0,64,22,3,89,10,98,26,5,139,0,0,0,139
02/13/2002,STX,VI,ASO,ES,Federal Contract Tower,10,43,11,1,65,0,72,21,4,97,10,115,32,5,162,0,0,0,162
02/14/2002,STX,VI,ASO,ES,Federal Contract Tower,10,35,4,6,55,0,71,35,4,110,10,106,39,10,165,6,0,6,171
02/15/2002,STX,VI,ASO,ES,Federal Contract Tower,12,33,8,1,54,0,112,36,0,148,12,145,44,1,202,0,0,0,202
02/16/2002,STX,VI,ASO,ES,Federal Contract Tower,14,16,3,0,33,0,83,22,0,105,14,99,25,0,138,2,0,2,140
02/17/2002,STX,VI,ASO,ES,Federal Contract Tower,10,22,5,1,38,0,68,27,0,95,10,90,32,1,133,0,0,0,133
02/18/2002,STX,VI,ASO,ES,Federal Contract Tower,15,30,7,0,52,0,80,36,2,118,15,110,43,2,170,4,2,6,176
02/19/2002,STX,VI,ASO,ES,Federal Contract Tower,15,36,3,1,55,0,59,30,2,91,15,95,33,3,146,2,0,2,148
02/20/2002,STX,VI,ASO,ES,Federal Contract Tower,10,33,13,4,60,0,69,19,2,90,10,102,32,6,150,4,0,4,154
02/21/2002,STX,VI,ASO,ES,Federal Contract Tower,12,37,9,4,62,0,77,33,15,125,12,114,42,19,187,0,0,0,187
02/22/2002,STX,VI,ASO,ES,Federal Contract Tower,12,30,8,3,53,0,93,23,2,118,12,123,31,5,171,2,0,2,173
02/23/2002,STX,VI,ASO,ES,Federal Contract Tower,10,17,6,5,38,0,66,14,1,81,10,83,20,6,119,6,0,6,125
02/24/2002,STX,VI,ASO,ES,Federal Contract Tower,9,18,4,5,36,0,60,24,4,88,9,78,28,9,124,8,0,8,132
02/25/2002,STX,VI,ASO,ES,Federal Contract Tower,13,32,6,2,53,0,68,20,5,93,13,100,26,7,146,12,0,12,158
02/26/2002,STX,VI,ASO,ES,Federal Contract Tower,10,55,15,5,85,0,48,13,2,63,10,103,28,7,148,0,0,0,148
02/27/2002,STX,VI,ASO,ES,Federal Contract Tower,12,33,13,3,61,0,78,22,3,103,12,111,35,6,164,4,0,4,168
02/28/2002,STX,VI,ASO,ES,Federal Contract Tower,10,33,8,1,52,0,81,39,2,122,10,114,47,3,174,8,0,8,182
03/01/2002,STX,VI,ASO,ES,Federal Contract Tower,12,36,8,3,59,0,72,32,4,108,12,108,40,7,167,0,0,0,167
03/02/2002,STX,VI,ASO,ES,Federal Contract Tower,16,12,4,2,34,0,64,16,2,82,16,76,20,4,116,4,0,4,120
03/03/2002,STX,VI,ASO,ES,Federal Contract Tower,16,17,3,2,38,0,57,29,0,86,16,74,32,2,124,0,0,0,124
03/04/2002,STX,VI,ASO,ES,Federal Contract Tower,16,33,5,1,55,0,70,23,4,97,16,103,28,5,152,4,0,4,156
03/05/2002,STX,VI,ASO,ES,Federal Contract Tower,14,27,3,0,44,0,56,37,3,96,14,83,40,3,140,2,0,2,142
03/06/2002,STX,VI,ASO,ES,Federal Contract Tower,14,43,7,3,67,0,76,23,2,101,14,119,30,5,168,0,0,0,168
03/07/2002,STX,VI,ASO,ES,Federal Contract Tower,15,34,2,1,52,0,71,33,5,109,15,105,35,6,161,0,0,0,161
03/08/2002,STX,VI,ASO,ES,Federal Contract Tower,19,33,3,15,70,0,75,35,4,114,19,108,38,19,184,0,4,4,188
03/09/2002,STX,VI,ASO,ES,Federal Contract Tower,16,19,3,5,43,0,79,17,10,106,16,98,20,15,149,4,8,12,161
03/10/2002,STX,VI,ASO,ES,Federal Contract Tower,10,28,3,10,51,0,65,31,0,96,10,93,34,10,147,2,0,2,149
03/11/2002,STX,VI,ASO,ES,Federal Contract Tower,14,32,9,8,63,0,78,28,2,108,14,110,37,10,171,0,2,2,173
03/12/2002,STX,VI,ASO,ES,Federal Contract Tower,14,37,3,1,55,0,76,30,6,112,14,113,33,7,167,10,0,10,177
03/13/2002,STX,VI,ASO,ES,Federal Contract Tower,12,38,6,2,58,0,65,23,0,88,12,103,29,2,146,2,0,2,148
03/14/2002,STX,VI,ASO,ES,Federal Contract Tower,14,30,7,1,52,0,72,26,5,103,14,102,33,6,155,0,0,0,155
03/15/2002,STX,VI,ASO,ES,Federal Contract Tower,14,38,4,1,57,0,96,32,0,128,14,134,36,1,185,0,0,0,185
03/16/2002,STX,VI,ASO,ES,Federal Contract Tower,11,22,3,1,37,6,67,10,0,83,17,89,13,1,120,10,0,10,130
03/17/2002,STX,VI,ASO,ES,Federal Contract Tower,12,18,0,2,32,0,65,23,0,88,12,83,23,2,120,0,0,0,120
03/18/2002,STX,VI,ASO,ES,Federal Contract Tower,14,38,9,0,61,0,73,20,2,95,14,111,29,2,156,0,0,0,156
03/19/2002,STX,VI,ASO,ES,Federal Contract Tower,14,32,4,0,50,0,62,27,0,89,14,94,31,0,139,0,0,0,139
03/20/2002,STX,VI,ASO,ES,Federal Contract Tower,16,33,6,3,58,0,73,28,7,108,16,106,34,10,166,0,6,6,172
03/21/2002,STX,VI,ASO,ES,Federal Contract Tower,10,30,6,0,46,0,80,18,8,106,10,110,24,8,152,2,0,2,154
03/22/2002,STX,VI,ASO,ES,Federal Contract Tower,17,35,6,1,59,0,87,27,2,116,17,122,33,3,175,6,0,6,181
03/23/2002,STX,VI,ASO,ES,Federal Contract Tower,16,22,5,4,47,0,79,28,2,109,16,101,33,6,156,4,0,4,160
03/24/2002,STX,VI,ASO,ES,Federal Contract Tower,12,15,4,1,32,0,61,21,2,84,12,76,25,3,116,10,0,10,126
03/25/2002,STX,VI,ASO,ES,Federal Contract Tower,12,41,5,1,59,0,60,26,2,88,12,101,31,3,147,2,2,4,151
03/26/2002,STX,VI,ASO,ES,Federal Contract Tower,10,32,5,0,47,0,75,39,0,114,10,107,44,0,161,0,0,0,161
03/27/2002,STX,VI,ASO,ES,Federal Contract Tower,14,38,7,0,59,0,87,26,0,113,14,125,33,0,172,10,0,10,182
03/28/2002,STX,VI,ASO,ES,Federal Contract Tower,16,31,10,2,59,0,103,42,12,157,16,134,52,14,216,2,0,2,218
03/29/2002,STX,VI,ASO,ES,Federal Contract Tower,14,23,3,1,41,0,65,16,4,85,14,88,19,5,126,2,0,2,128
03/30/2002,STX,VI,ASO,ES,Federal Contract Tower,11,21,6,1,39,0,57,19,0,76,11,78,25,1,115,20,0,20,135
03/31/2002,STX,VI,ASO,ES,Federal Contract Tower,12,21,2,0,35,0,68,35,0,103,12,89,37,0,138,8,0,8,146
04/01/2002,STX,VI,ASO,ES,Federal Contract Tower,14,34,9,1,58,0,87,46,2,135,14,121,55,3,193,8,0,8,201
04/02/2002,STX,VI,ASO,ES,Federal Contract Tower,12,36,5,3,56,0,70,27,1,98,12,106,32,4,154,8,0,8,162
04/03/2002,STX,VI,ASO,ES,Federal Contract Tower,14,38,4,5,61,0,71,24,0,95,14,109,28,5,156,0,0,0,156
04/04/2002,STX,VI,ASO,ES,Federal Contract Tower,14,37,2,5,58,0,64,34,4,102,14,101,36,9,160,0,14,14,174
04/05/2002,STX,VI,ASO,ES,Federal Contract Tower,16,36,5,2,59,0,70,34,5,109,16,106,39,7,168,24,0,24,192
04/06/2002,STX,VI,ASO,ES,Federal Contract Tower,14,19,4,0,37,0,55,7,4,66,14,74,11,4,103,28,10,38,141
04/07/2002,STX,VI,ASO,ES,Federal Contract Tower,10,14,6,2,32,0,51,20,1,72,10,65,26,3,104,0,0,0,104
04/08/2002,STX,VI,ASO,ES,Federal Contract Tower,13,31,5,7,56,0,57,22,12,91,13,88,27,19,147,0,0,0,147
04/09/2002,STX,VI,ASO,ES,Federal Contract Tower,9,46,7,1,63,0,59,14,1,74,9,105,21,2,137,12,0,12,149
04/10/2002,STX,VI,ASO,ES,Federal Contract Tower,10,37,12,3,62,0,59,35,6,100,10,96,47,9,162,12,18,30,192
04/11/2002,STX,VI,ASO,ES,Federal Contract Tower,7,35,11,3,56,0,64,19,3,86,7,99,30,6,142,0,0,0,142
04/12/2002,STX,VI,ASO,ES,Federal Contract Tower,6,40,8,10,64,0,64,52,11,127,6,104,60,21,191,24,18,42,233
04/13/2002,STX,VI,ASO,ES,Federal Contract Tower,8,19,1,5,33,0,63,14,6,83,8,82,15,11,116,0,0,0,116
04/14/2002,STX,VI,ASO,ES,Federal Contract Tower,12,13,3,4,32,0,50,22,5,77,12,63,25,9,109,10,0,10,119
04/15/2002,STX,VI,ASO,ES,Federal Contract Tower,18,53,14,2,87,0,35,9,2,46,18,88,23,4,133,4,0,4,137
04/16/2002,STX,VI,ASO,ES,Federal Contract Tower,19,33,6,3,61,0,45,23,0,68,19,78,29,3,129,2,0,2,131
04/17/2002,STX,VI,ASO,ES,Federal Contract Tower,10,37,6,3,56,0,71,36,4,111,10,108,42,7,167,0,0,0,167
04/18/2002,STX,VI,ASO,ES,Federal Contract Tower,13,28,6,0,47,0,66,21,0,87,13,94,27,0,134,0,0,0,134
04/19/2002,STX,VI,ASO,ES,Federal Contract Tower,12,29,9,9,59,0,83,33,11,127,12,112,42,20,186,0,2,2,188
04/20/2002,STX,VI,ASO,ES,Federal Contract Tower,7,26,10,7,50,0,49,11,0,60,7,75,21,7,110,6,0,6,116
04/21/2002,STX,VI,ASO,ES,Federal Contract Tower,10,24,12,5,51,0,49,17,2,68,10,73,29,7,119,10,0,10,129
04/22/2002,STX,VI,ASO,ES,Federal Contract Tower,12,31,16,1,60,0,60,21,8,89,12,91,37,9,149,10,0,10,159
04/23/2002,STX,VI,ASO,ES,Federal Contract Tower,12,31,4,6,53,0,69,27,6,102,12,100,31,12,155,12,0,12,167
04/24/2002,STX,VI,ASO,ES,Federal Contract Tower,9,31,8,6,54,0,82,39,2,123,9,113,47,8,177,2,0,2,179
04/25/2002,STX,VI,ASO,ES,Federal Contract Tower,6,38,5,4,53,0,66,45,0,111,6,104,50,4,164,8,4,12,176
04/26/2002,STX,VI,ASO,ES,Federal Contract Tower,13,29,3,4,49,0,76,23,10,109,13,105,26,14,158,12,0,12,170
04/27/2002,STX,VI,ASO,ES,Federal Contract Tower,5,21,7,5,38,0,52,14,2,68,5,73,21,7,106,16,0,16,122
04/28/2002,STX,VI,ASO,ES,Federal Contract Tower,7,29,4,4,44,0,75,31,0,106,7,104,35,4,150,0,0,0,150
04/29/2002,STX,VI,ASO,ES,Federal Contract Tower,9,35,10,1,55,0,82,38,3,123,9,117,48,4,178,0,2,2,180
04/30/2002,STX,VI,ASO,ES,Federal Contract Tower,10,36,3,6,55,0,61,30,6,97,10,97,33,12,152,0,10,10,162
05/01/2002,STX,VI,ASO,ES,Federal Contract Tower,10,31,16,5,62,0,69,28,2,99,10,100,44,7,161,2,0,2,163
05/02/2002,STX,VI,ASO,ES,Federal Contract Tower,16,28,9,10,63,0,62,31,1,94,16,90,40,11,157,0,6,6,163
05/03/2002,STX,VI,ASO,ES,Federal Contract Tower,17,25,10,4,56,0,77,33,10,120,17,102,43,14,176,0,6,6,182
05/04/2002,STX,VI,ASO,ES,Federal Contract Tower,12,16,4,1,33,0,47,12,0,59,12,63,16,1,92,2,0,2,94
05/05/2002,STX,VI,ASO,ES,Federal Contract Tower,10,14,4,0,28,0,50,10,0,60,10,64,14,0,88,2,0,2,90
05/06/2002,STX,VI,ASO,ES,Federal Contract Tower,12,23,15,0,50,0,80,19,4,103,12,103,34,4,153,0,0,0,153
05/07/2002,STX,VI,ASO,ES,Federal Contract Tower,10,28,8,0,46,0,57,37,4,98,10,85,45,4,144,2,0,2,146
05/08/2002,STX,VI,ASO,ES,Federal Contract Tower,10,39,11,0,60,0,60,43,2,105,10,99,54,2,165,10,0,10,175
05/09/2002,STX,VI,ASO,ES,Federal Contract Tower,9,28,2,1,40,0,69,30,7,106,9,97,32,8,146,12,0,12,158
05/10/2002,STX,VI,ASO,ES,Federal Contract Tower,11,25,7,1,44,0,86,46,1,133,11,111,53,2,177,0,0,0,177
05/11/2002,STX,VI,ASO,ES,Federal Contract Tower,9,12,4,2,27,0,62,22,0,84,9,74,26,2,111,16,0,16,127
05/12/2002,STX,VI,ASO,ES,Federal Contract Tower,12,11,2,1,26,0,54,22,0,76,12,65,24,1,102,2,0,2,104
05/13/2002,STX,VI,ASO,ES,Federal Contract Tower,12,25,7,3,47,0,70,38,2,110,12,95,45,5,157,0,0,0,157
05/14/2002,STX,VI,ASO,ES,Federal Contract Tower,12,30,5,0,47,0,62,34,2,98,12,92,39,2,145,0,0,0,145
05/15/2002,STX,VI,ASO,ES,Federal Contract Tower,10,35,5,0,50,0,58,31,2,91,10,93,36,2,141,0,0,0,141
05/16/2002,STX,VI,ASO,ES,Federal Contract Tower,10,22,4,1,37,0,69,35,2,106,10,91,39,3,143,0,16,16,159
05/17/2002,STX,VI,ASO,ES,Federal Contract Tower,14,19,8,1,42,0,68,31,4,103,14,87,39,5,145,0,0,0,145
05/18/2002,STX,VI,ASO,ES,Federal Contract Tower,12,11,3,4,30,0,63,22,4,89,12,74,25,8,119,2,0,2,121
05/19/2002,STX,VI,ASO,ES,Federal Contract Tower,10,16,7,3,36,0,59,18,0,77,10,75,25,3,113,0,0,0,113
05/20/2002,STX,VI,ASO,ES,Federal Contract Tower,9,31,4,2,46,0,55,18,8,81,9,86,22,10,127,4,0,4,131
05/21/2002,STX,VI,ASO,ES,Federal Contract Tower,10,31,8,4,53,0,52,24,6,82,10,83,32,10,135,0,0,0,135
05/22/2002,STX,VI,ASO,ES,Federal Contract Tower,10,34,5,1,50,0,59,42,2,103,10,93,47,3,153,0,0,0,153
05/23/2002,STX,VI,ASO,ES,Federal Contract Tower,9,27,5,2,43,0,63,42,2,107,9,90,47,4,150,0,0,0,150
05/24/2002,STX,VI,ASO,ES,Federal Contract Tower,11,24,7,4,46,0,87,31,7,125,11,111,38,11,171,6,2,8,179
05/25/2002,STX,VI,ASO,ES,Federal Contract Tower,12,12,5,2,31,0,54,13,0,67,12,66,18,2,98,2,0,2,100
05/26/2002,STX,VI,ASO,ES,Federal Contract Tower,12,12,1,1,26,0,53,30,0,83,12,65,31,1,109,6,0,6,115
05/27/2002,STX,VI,ASO,ES,Federal Contract Tower,10,23,2,1,36,0,67,21,4,92,10,90,23,5,128,8,0,8,136
05/28/2002,STX,VI,ASO,ES,Federal Contract Tower,14,33,6,4,57,0,65,22,4,91,14,98,28,8,148,26,4,30,178
05/29/2002,STX,VI,ASO,ES,Federal Contract Tower,10,33,6,3,52,0,58,26,2,86,10,91,32,5,138,0,6,6,144
05/30/2002,STX,VI,ASO,ES,Federal Contract Tower,11,30,9,5,55,0,59,34,1,94,11,89,43,6,149,22,0,22,171
05/31/2002,STX,VI,ASO,ES,Federal Contract Tower,10,32,13,2,57,0,73,28,4,105,10,105,41,6,162,0,2,2,164
06/01/2002,STX,VI,ASO,ES,Federal Contract Tower,8,18,2,3,31,0,48,17,6,71,8,66,19,9,102,24,0,24,126
06/02/2002,STX,VI,ASO,ES,Federal Contract Tower,12,20,4,7,43,0,41,17,4,62,12,61,21,11,105,6,0,6,111
06/03/2002,STX,VI,ASO,ES,Federal Contract Tower,12,35,7,7,61,0,44,20,4,68,12,79,27,11,129,0,0,0,129
06/04/2002,STX,VI,ASO,ES,Federal Contract Tower,6,50,6,3,65,0,33,22,17,72,6,83,28,20,137,16,4,20,157
06/05/2002,STX,VI,ASO,ES,Federal Contract Tower,13,32,13,1,59,0,67,23,2,92,13,99,36,3,151,0,2,2,153
06/06/2002,STX,VI,ASO,ES,Federal Contract Tower,12,21,3,1,37,0,55,24,2,81,12,76,27,3,118,0,0,0,118
06/07/2002,STX,VI,ASO,ES,Federal Contract Tower,11,27,6,1,45,0,72,34,2,108,11,99,40,3,153,0,0,0,153
06/08/2002,STX,VI,ASO,ES,Federal Contract Tower,12,16,4,1,33,0,35,14,0,49,12,51,18,1,82,10,0,10,92
06/09/2002,STX,VI,ASO,ES,Federal Contract Tower,12,13,2,1,28,0,45,9,0,54,12,58,11,1,82,0,0,0,82
06/10/2002,STX,VI,ASO,ES,Federal Contract Tower,9,28,7,7,51,0,59,22,4,85,9,87,29,11,136,0,0,0,136
06/11/2002,STX,VI,ASO,ES,Federal Contract Tower,9,25,2,3,39,0,56,23,10,89,9,81,25,13,128,0,0,0,128
06/12/2002,STX,VI,ASO,ES,Federal Contract Tower,6,30,12,10,58,0,57,22,3,82,6,87,34,13,140,10,0,10,150
06/13/2002,STX,VI,ASO,ES,Federal Contract Tower,6,29,9,1,45,0,54,21,6,81,6,83,30,7,126,10,0,10,136
06/14/2002,STX,VI,ASO,ES,Federal Contract Tower,14,19,3,7,43,0,67,27,6,100,14,86,30,13,143,4,6,10,153
06/15/2002,STX,VI,ASO,ES,Federal Contract Tower,11,10,3,1,25,0,61,10,0,71,11,71,13,1,96,24,0,24,120
06/16/2002,STX,VI,ASO,ES,Federal Contract Tower,12,12,1,2,27,0,48,18,0,66,12,60,19,2,93,8,0,8,101
06/17/2002,STX,VI,ASO,ES,Federal Contract Tower,7,44,7,1,59,0,51,23,1,75,7,95,30,2,134,8,6,14,148
06/18/2002,STX,VI,ASO,ES,Federal Contract Tower,6,46,7,7,66,0,36,13,0,49,6,82,20,7,115,14,0,14,129
06/19/2002,STX,VI,ASO,ES,Federal Contract Tower,7,45,5,10,67,0,49,33,9,91,7,94,38,19,158,0,2,2,160
06/20/2002,STX,VI,ASO,ES,Federal Contract Tower,11,24,4,3,42,0,58,29,1,88,11,82,33,4,130,16,0,16,146
06/21/2002,STX,VI,ASO,ES,Federal Contract Tower,11,22,3,2,38,0,73,31,6,110,11,95,34,8,148,20,0,20,168
06/22/2002,STX,VI,ASO,ES,Federal Contract Tower,12,10,2,2,26,0,47,16,0,63,12,57,18,2,89,4,4,8,97
06/23/2002,STX,VI,ASO,ES,Federal Contract Tower,10,12,3,0,25,0,51,18,0,69,10,63,21,0,94,0,0,0,94
06/24/2002,STX,VI,ASO,ES,Federal Contract Tower,12,28,5,4,49,0,58,31,7,96,12,86,36,11,145,12,0,12,157
06/25/2002,STX,VI,ASO,ES,Federal Contract Tower,9,30,5,16,60,0,58,27,5,90,9,88,32,21,150,26,6,32,182
06/26/2002,STX,VI,ASO,ES,Federal Contract Tower,14,33,8,8,63,0,51,46,2,99,14,84,54,10,162,18,0,18,180
06/27/2002,STX,VI,ASO,ES,Federal Contract Tower,12,23,20,5,60,0,58,34,0,92,12,81,54,5,152,32,0,32,184
06/28/2002,STX,VI,ASO,ES,Federal Contract Tower,13,25,7,7,52,0,71,41,2,114,13,96,48,9,166,0,0,0,166
06/29/2002,STX,VI,ASO,ES,Federal Contract Tower,11,13,5,3,32,0,52,22,7,81,11,65,27,10,113,2,0,2,115
06/30/2002,STX,VI,ASO,ES,Federal Contract Tower,12,19,4,1,36,0,52,21,0,73,12,71,25,1,109,0,0,0,109
07/01/2002,STX,VI,ASO,ES,Federal Contract Tower,9,35,12,3,59,0,50,34,5,89,9,85,46,8,148,0,14,14,162
07/02/2002,STX,VI,ASO,ES,Federal Contract Tower,10,24,9,7,50,0,57,35,3,95,10,81,44,10,145,8,0,8,153
07/03/2002,STX,VI,ASO,ES,Federal Contract Tower,8,34,9,1,52,0,51,33,1,85,8,85,42,2,137,0,0,0,137
07/04/2002,STX,VI,ASO,ES,Federal Contract Tower,7,20,0,2,29,0,47,25,4,76,7,67,25,6,105,0,0,0,105
07/05/2002,STX,VI,ASO,ES,Federal Contract Tower,9,29,3,5,46,0,66,30,0,96,9,95,33,5,142,4,0,4,146
07/06/2002,STX,VI,ASO,ES,Federal Contract Tower,7,12,4,4,27,0,61,15,3,79,7,73,19,7,106,40,2,42,148
07/07/2002,STX,VI,ASO,ES,Federal Contract Tower,11,14,2,4,31,0,58,21,0,79,11,72,23,4,110,4,0,4,114
07/08/2002,STX,VI,ASO,ES,Federal Contract Tower,6,35,7,3,51,0,55,29,4,88,6,90,36,7,139,0,0,0,139
07/09/2002,STX,VI,ASO,ES,Federal Contract Tower,6,33,3,4,46,0,44,40,0,84,6,77,43,4,130,24,0,24,154
07/10/2002,STX,VI,ASO,ES,Federal Contract Tower,10,33,3,2,48,0,57,38,0,95,10,90,41,2,143,10,0,10,153
07/11/2002,STX,VI,ASO,ES,Federal Contract Tower,9,22,1,2,34,0,52,38,4,94,9,74,39,6,128,2,6,8,136
07/12/2002,STX,VI,ASO,ES,Federal Contract Tower,11,20,8,2,41,0,71,28,2,101,11,91,36,4,142,20,4,24,166
07/13/2002,STX,VI,ASO,ES,Federal Contract Tower,10,9,3,6,28,0,59,35,2,96,10,68,38,8,124,6,0,6,130
07/14/2002,STX,VI,ASO,ES,Federal Contract Tower,9,15,6,2,32,0,49,21,0,70,9,64,27,2,102,0,0,0,102
07/15/2002,STX,VI,ASO,ES,Federal Contract Tower,7,38,8,5,58,0,67,30,2,99,7,105,38,7,157,0,4,4,161
07/16/2002,STX,VI,ASO,ES,Federal Contract Tower,8,36,5,1,50,0,45,34,5,84,8,81,39,6,134,10,0,10,144
07/17/2002,STX,VI,ASO,ES,Federal Contract Tower,9,28,5,2,44,0,67,36,8,111,9,95,41,10,155,0,0,0,155
07/18/2002,STX,VI,ASO,ES,Federal Contract Tower,12,20,5,9,46,0,60,36,7,103,12,80,41,16,149,0,2,2,151
07/19/2002,STX,VI,ASO,ES,Federal Contract Tower,9,21,5,0,35,0,74,39,7,120,9,95,44,7,155,0,0,0,155
07/20/2002,STX,VI,ASO,ES,Federal Contract Tower,10,12,5,0,27,0,49,19,2,70,10,61,24,2,97,2,0,2,99
07/21/2002,STX,VI,ASO,ES,Federal Contract Tower,10,11,0,3,24,0,54,27,0,81,10,65,27,3,105,0,0,0,105
07/22/2002,STX,VI,ASO,ES,Federal Contract Tower,8,26,4,3,41,0,59,23,0,82,8,85,27,3,123,0,0,0,123
07/23/2002,STX,VI,ASO,ES,Federal Contract Tower,6,33,12,1,52,0,46,30,4,80,6,79,42,5,132,0,12,12,144
07/24/2002,STX,VI,ASO,ES,Federal Contract Tower,7,30,17,4,58,0,61,46,0,107,7,91,63,4,165,16,0,16,181
07/25/2002,STX,VI,ASO,ES,Federal Contract Tower,7,20,5,6,38,0,58,24,3,85,7,78,29,9,123,8,0,8,131
07/26/2002,STX,VI,ASO,ES,Federal Contract Tower,10,20,6,6,42,0,78,44,2,124,10,98,50,8,166,8,10,18,184
07/27/2002,STX,VI,ASO,ES,Federal Contract Tower,9,19,5,5,38,0,53,16,0,69,9,72,21,5,107,0,0,0,107
07/28/2002,STX,VI,ASO,ES,Federal Contract Tower,7,27,4,6,44,0,57,13,1,71,7,84,17,7,115,0,0,0,115
07/29/2002,STX,VI,ASO,ES,Federal Contract Tower,5,32,3,2,42,0,78,31,3,112,5,110,34,5,154,34,16,50,204
07/30/2002,STX,VI,ASO,ES,Federal Contract Tower,11,22,6,5,44,0,60,27,1,88,11,82,33,6,132,10,0,10,142
07/31/2002,STX,VI,ASO,ES,Federal Contract Tower,8,25,8,3,44,0,79,57,8,144,8,104,65,11,188,4,36,40,228
08/01/2002,STX,VI,ASO,ES,Federal Contract Tower,10,17,4,4,35,0,84,49,4,137,10,101,53,8,172,0,10,10,182
08/02/2002,STX,VI,ASO,ES,Federal Contract Tower,10,17,13,2,42,0,88,51,6,145,10,105,64,8,187,8,0,8,195
08/03/2002,STX,VI,ASO,ES,Federal Contract Tower,8,9,6,0,23,0,68,18,0,86,8,77,24,0,109,0,0,0,109
08/04/2002,STX,VI,ASO,ES,Federal Contract Tower,14,9,2,1,26,0,81,35,0,116,14,90,37,1,142,0,0,0,142
08/05/2002,STX,VI,ASO,ES,Federal Contract Tower,14,18,6,0,38,0,75,24,2,101,14,93,30,2,139,14,0,14,153
08/06/2002,STX,VI,ASO,ES,Federal Contract Tower,6,22,5,1,34,0,58,34,0,92,6,80,39,1,126,8,0,8,134
08/07/2002,STX,VI,ASO,ES,Federal Contract Tower,7,26,11,8,52,0,66,31,0,97,7,92,42,8,149,6,0,6,155
08/08/2002,STX,VI,ASO,ES,Federal Contract Tower,7,28,13,1,49,0,63,39,1,103,7,91,52,2,152,6,0,6,158
08/09/2002,STX,VI,ASO,ES,Federal Contract Tower,6,21,10,1,38,0,82,38,4,124,6,103,48,5,162,0,0,0,162
08/10/2002,STX,VI,ASO,ES,Federal Contract Tower,6,14,6,2,28,0,62,24,5,91,6,76,30,7,119,20,22,42,161
08/11/2002,STX,VI,ASO,ES,Federal Contract Tower,6,16,3,1,26,0,60,17,0,77,6,76,20,1,103,0,2,2,105
08/12/2002,STX,VI,ASO,ES,Federal Contract Tower,8,24,11,0,43,0,72,23,1,96,8,96,34,1,139,2,0,2,141
08/13/2002,STX,VI,ASO,ES,Federal Contract Tower,6,26,9,0,41,0,57,34,4,95,6,83,43,4,136,0,0,0,136
08/14/2002,STX,VI,ASO,ES,Federal Contract Tower,6,32,9,1,48,0,66,36,3,105,6,98,45,4,153,0,0,0,153
08/15/2002,STX,VI,ASO,ES,Federal Contract Tower,6,28,7,3,44,0,64,35,3,102,6,92,42,6,146,0,0,0,146
08/16/2002,STX,VI,ASO,ES,Federal Contract Tower,6,32,18,4,60,0,69,34,7,110,6,101,52,11,170,2,0,2,172
08/17/2002,STX,VI,ASO,ES,Federal Contract Tower,6,13,3,2,24,0,57,19,0,76,6,70,22,2,100,2,0,2,102
08/18/2002,STX,VI,ASO,ES,Federal Contract Tower,7,22,5,2,36,0,48,32,4,84,7,70,37,6,120,2,0,2,122
08/19/2002,STX,VI,ASO,ES,Federal Contract Tower,7,24,7,2,40,0,66,31,5,102,7,90,38,7,142,2,0,2,144
08/20/2002,STX,VI,ASO,ES,Federal Contract Tower,9,23,5,4,41,0,65,22,0,87,9,88,27,4,128,20,2,22,150
08/21/2002,STX,VI,ASO,ES,Federal Contract Tower,10,30,12,5,57,0,68,35,2,105,10,98,47,7,162,0,0,0,162
08/22/2002,STX,VI,ASO,ES,Federal Contract Tower,8,25,4,1,38,0,68,45,2,115,8,93,49,3,153,2,0,2,155
08/23/2002,STX,VI,ASO,ES,Federal Contract Tower,9,19,8,3,39,0,78,33,12,123,9,97,41,15,162,6,10,16,178
08/24/2002,STX,VI,ASO,ES,Federal Contract Tower,7,14,6,4,31,0,72,20,0,92,7,86,26,4,123,12,0,12,135
08/25/2002,STX,VI,ASO,ES,Federal Contract Tower,8,13,3,2,26,0,63,29,0,92,8,76,32,2,118,0,0,0,118
08/26/2002,STX,VI,ASO,ES,Federal Contract Tower,14,25,5,4,48,0,71,21,0,92,14,96,26,4,140,0,4,4,144
08/27/2002,STX,VI,ASO,ES,Federal Contract Tower,6,25,7,1,39,0,56,32,2,90,6,81,39,3,129,8,0,8,137
08/28/2002,STX,VI,ASO,ES,Federal Contract Tower,6,32,4,1,43,0,50,25,4,79,6,82,29,5,122,2,0,2,124
08/29/2002,STX,VI,ASO,ES,Federal Contract Tower,6,30,4,0,40,0,69,19,8,96,6,99,23,8,136,2,0,2,138
08/30/2002,STX,VI,ASO,ES,Federal Contract Tower,7,33,15,3,58,0,70,29,0,99,7,103,44,3,157,0,0,0,157
08/31/2002,STX,VI,ASO,ES,Federal Contract Tower,9,13,5,1,28,0,64,15,0,79,9,77,20,1,107,8,0,8,115
09/01/2002,STX,VI,ASO,ES,Federal Contract Tower,6,17,1,0,24,0,47,16,0,63,6,64,17,0,87,4,0,4,91
09/02/2002,STX,VI,ASO,ES,Federal Contract Tower,6,20,3,0,29,0,61,38,2,101,6,81,41,2,130,18,0,18,148
09/03/2002,STX,VI,ASO,ES,Federal Contract Tower,6,27,7,0,40,0,56,22,0,78,6,83,29,0,118,2,0,2,120
09/04/2002,STX,VI,ASO,ES,Federal Contract Tower,6,36,3,0,45,0,53,28,8,89,6,89,31,8,134,0,4,4,138
09/05/2002,STX,VI,ASO,ES,Federal Contract Tower,6,26,5,0,37,0,70,38,1,109,6,96,43,1,146,10,0,10,156
09/06/2002,STX,VI,ASO,ES,Federal Contract Tower,7,27,7,1,42,0,60,27,4,91,7,87,34,5,133,2,0,2,135
09/07/2002,STX,VI,ASO,ES,Federal Contract Tower,7,16,4,2,29,0,52,17,0,69,7,68,21,2,98,4,0,4,102
09/08/2002,STX,VI,ASO,ES,Federal Contract Tower,8,13,5,1,27,0,52,13,0,65,8,65,18,1,92,24,0,24,116
09/09/2002,STX,VI,ASO,ES,Federal Contract Tower,11,22,6,5,44,0,57,21,1,79,11,79,27,6,123,10,0,10,133
09/10/2002,STX,VI,ASO,ES,Federal Contract Tower,6,31,5,5,47,0,52,26,2,80,6,83,31,7,127,4,0,4,131
09/11/2002,STX,VI,ASO,ES,Federal Contract Tower,6,30,3,1,40,0,58,46,2,106,6,88,49,3,146,2,0,2,148
09/12/2002,STX,VI,ASO,ES,Federal Contract Tower,6,28,9,3,46,0,50,38,4,92,6,78,47,7,138,2,0,2,140
09/13/2002,STX,VI,ASO,ES,Federal Contract Tower,8,30,6,6,50,0,52,32,3,87,8,82,38,9,137,14,0,14,151
09/14/2002,STX,VI,ASO,ES,Federal Contract Tower,10,13,4,5,32,0,44,13,8,65,10,57,17,13,97,8,2,10,107
09/15/2002,STX,VI,ASO,ES,Federal Contract Tower,7,23,4,6,40,0,33,13,3,49,7,56,17,9,89,2,0,2,91
09/16/2002,STX,VI,ASO,ES,Federal Contract Tower,9,40,10,7,66,0,49,22,3,74,9,89,32,10,140,26,0,26,166
09/17/2002,STX,VI,ASO,ES,Federal Contract Tower,8,26,9,11,54,0,56,33,3,92,8,82,42,14,146,16,0,16,162
09/18/2002,STX,VI,ASO,ES,Federal Contract Tower,6,43,5,7,61,0,53,47,3,103,6,96,52,10,164,6,0,6,170
09/19/2002,STX,VI,ASO,ES,Federal Contract Tower,6,34,8,4,52,0,61,25,4,90,6,95,33,8,142,36,0,36,178
09/20/2002,STX,VI,ASO,ES,Federal Contract Tower,6,26,6,21,59,0,63,31,13,107,6,89,37,34,166,10,2,12,178
09/21/2002,STX,VI,ASO,ES,Federal Contract Tower,6,16,4,1,27,0,51,12,1,64,6,67,16,2,91,12,0,12,103
09/22/2002,STX,VI,ASO,ES,Federal Contract Tower,6,17,0,3,26,0,49,21,0,70,6,66,21,3,96,0,0,0,96
09/23/2002,STX,VI,ASO,ES,Federal Contract Tower,12,30,7,8,57,0,56,26,4,86,12,86,33,12,143,0,0,0,143
09/24/2002,STX,VI,ASO,ES,Federal Contract Tower,6,38,10,6,60,0,34,26,2,62,6,72,36,8,122,0,0,0,122
09/25/2002,STX,VI,ASO,ES,Federal Contract Tower,6,48,4,4,62,0,48,32,0,80,6,96,36,4,142,30,0,30,172
09/26/2002,STX,VI,ASO,ES,Federal Contract Tower,8,34,10,8,60,0,65,28,4,97,8,99,38,12,157,0,12,12,169
09/27/2002,STX,VI,ASO,ES,Federal Contract Tower,6,29,5,9,49,0,70,38,0,108,6,99,43,9,157,32,0,32,189
09/28/2002,STX,VI,ASO,ES,Federal Contract Tower,6,20,6,5,37,0,50,13,2,65,6,70,19,7,102,22,0,22,124
09/29/2002,STX,VI,ASO,ES,Federal Contract Tower,6,18,3,2,29,0,49,10,0,59,6,67,13,2,88,4,0,4,92
09/30/2002,STX,VI,ASO,ES,Federal Contract Tower,8,35,8,2,53,0,51,23,2,76,8,86,31,4,129,40,0,40,169
10/01/2002,STX,VI,ASO,ES,Federal Contract Tower,7,29,4,2,42,0,64,36,5,105,7,93,40,7,147,4,0,4,151
10/02/2002,STX,VI,ASO,ES,Federal Contract Tower,6,39,10,0,55,0,44,29,0,73,6,83,39,0,128,6,0,6,134
10/03/2002,STX,VI,ASO,ES,Federal Contract Tower,10,24,7,0,41,0,57,36,12,105,10,81,43,12,146,22,16,38,184
10/04/2002,STX,VI,ASO,ES,Federal Contract Tower,6,27,11,1,45,0,57,43,1,101,6,84,54,2,146,10,0,10,156
10/05/2002,STX,VI,ASO,ES,Federal Contract Tower,6,18,2,1,27,0,53,36,0,89,6,71,38,1,116,24,0,24,140
10/06/2002,STX,VI,ASO,ES,Federal Contract Tower,6,15,5,4,30,0,48,14,3,65,6,63,19,7,95,14,0,14,109
10/07/2002,STX,VI,ASO,ES,Federal Contract Tower,8,27,3,5,43,0,64,44,9,117,8,91,47,14,160,10,0,10,170
10/08/2002,STX,VI,ASO,ES,Federal Contract Tower,6,29,14,6,55,0,50,32,8,90,6,79,46,14,145,52,14,66,211
10/09/2002,STX,VI,ASO,ES,Federal Contract Tower,6,35,7,5,53,0,55,36,4,95,6,90,43,9,148,40,2,42,190
10/10/2002,STX,VI,ASO,ES,Federal Contract Tower,6,32,9,2,49,0,48,38,6,92,6,80,47,8,141,0,0,0,141
10/11/2002,STX,VI,ASO,ES,Federal Contract Tower,6,29,12,0,47,0,65,31,0,96,6,94,43,0,143,16,0,16,159
10/12/2002,STX,VI,ASO,ES,Federal Contract Tower,8,14,6,0,28,0,53,19,1,73,8,67,25,1,101,12,0,12,113
10/13/2002,STX,VI,ASO,ES,Federal Contract Tower,6,17,4,1,28,0,51,22,2,75,6,68,26,3,103,34,0,34,137
10/14/2002,STX,VI,ASO,ES,Federal Contract Tower,6,30,4,0,40,0,48,25,0,73,6,78,29,0,113,86,0,86,199
10/15/2002,STX,VI,ASO,ES,Federal Contract Tower,5,31,8,1,45,0,51,34,2,87,5,82,42,3,132,0,0,0,132
10/16/2002,STX,VI,ASO,ES,Federal Contract Tower,6,32,7,4,49,0,56,34,4,94,6,88,41,8,143,18,0,18,161
10/17/2002,STX,VI,ASO,ES,Federal Contract Tower,6,27,2,2,37,0,62,39,3,104,6,89,41,5,141,0,4,4,145
10/18/2002,STX,VI,ASO,ES,Federal Contract Tower,6,28,5,5,44,0,66,40,2,108,6,94,45,7,152,46,0,46,198
10/19/2002,STX,VI,ASO,ES,Federal Contract Tower,8,14,2,0,24,0,53,22,3,78,8,67,24,3,102,4,10,14,116
10/20/2002,STX,VI,ASO,ES,Federal Contract Tower,6,19,3,7,35,0,50,21,0,71,6,69,24,7,106,54,0,54,160
10/21/2002,STX,VI,ASO,ES,Federal Contract Tower,8,33,4,2,47,0,54,17,0,71,8,87,21,2,118,34,0,34,152
10/22/2002,STX,VI,ASO,ES,Federal Contract Tower,5,30,6,4,45,0,46,30,9,85,5,76,36,13,130,12,0,12,142
10/23/2002,STX,VI,ASO,ES,Federal Contract Tower,6,31,5,1,43,0,50,30,2,82,6,81,35,3,125,46,0,46,171
10/24/2002,STX,VI,ASO,ES,Federal Contract Tower,6,28,6,2,42,0,58,36,1,95,6,86,42,3,137,0,0,0,137
10/25/2002,STX,VI,ASO,ES,Federal Contract Tower,7,27,6,3,43,0,63,31,4,98,7,90,37,7,141,30,0,30,171
10/26/2002,STX,VI,ASO,ES,Federal Contract Tower,7,15,9,2,33,0,52,21,2,75,7,67,30,4,108,0,0,0,108
10/27/2002,STX,VI,ASO,ES,Federal Contract Tower,6,17,4,2,29,0,63,17,3,83,6,80,21,5,112,22,0,22,134
10/28/2002,STX,VI,ASO,ES,Federal Contract Tower,8,29,4,3,44,0,56,15,0,71,8,85,19,3,115,0,4,4,119
10/29/2002,STX,VI,ASO,ES,Federal Contract Tower,6,30,5,4,45,0,57,30,10,97,6,87,35,14,142,12,2,14,156
10/30/2002,STX,VI,ASO,ES,Federal Contract Tower,6,34,7,1,48,0,68,35,1,104,6,102,42,2,152,0,0,0,152
10/31/2002,STX,VI,ASO,ES,Federal Contract Tower,7,38,9,0,54,0,61,39,0,100,7,99,48,0,154,0,0,0,154
11/01/2002,STX,VI,ASO,ES,Federal Contract Tower,9,29,7,0,45,0,62,41,2,105,9,91,48,2,150,8,0,8,158
11/02/2002,STX,VI,ASO,ES,Federal Contract Tower,8,15,4,0,27,0,46,14,6,66,8,61,18,6,93,12,4,16,109
11/03/2002,STX,VI,ASO,ES,Federal Contract Tower,8,15,1,0,24,0,53,23,0,76,8,68,24,0,100,0,0,0,100
11/04/2002,STX,VI,ASO,ES,Federal Contract Tower,8,28,2,0,38,0,63,25,0,88,8,91,27,0,126,0,0,0,126
11/05/2002,STX,VI,ASO,ES,Federal Contract Tower,10,28,9,1,48,0,50,28,4,82,10,78,37,5,130,18,0,18,148
11/06/2002,STX,VI,ASO,ES,Federal Contract Tower,8,29,6,2,45,0,57,29,3,89,8,86,35,5,134,0,8,8,142
11/07/2002,STX,VI,ASO,ES,Federal Contract Tower,8,30,5,6,49,0,66,33,2,101,8,96,38,8,150,18,14,32,182
11/08/2002,STX,VI,ASO,ES,Federal Contract Tower,8,26,4,13,51,0,80,45,0,125,8,106,49,13,176,0,14,14,190
11/09/2002,STX,VI,ASO,ES,Federal Contract Tower,8,15,2,9,34,0,64,33,13,110,8,79,35,22,144,10,0,10,154
11/10/2002,STX,VI,ASO,ES,Federal Contract Tower,6,18,0,8,32,0,54,32,0,86,6,72,32,8,118,0,0,0,118
11/11/2002,STX,VI,ASO,ES,Federal Contract Tower,8,27,3,1,39,0,59,23,6,88,8,86,26,7,127,0,0,0,127
11/12/2002,STX,VI,ASO,ES,Federal Contract Tower,8,29,10,1,48,0,58,26,0,84,8,87,36,1,132,4,0,4,136
11/13/2002,STX,VI,ASO,ES,Federal Contract Tower,8,31,4,0,43,0,60,23,0,83,8,91,27,0,126,0,0,0,126
11/14/2002,STX,VI,ASO,ES,Federal Contract Tower,8,27,9,0,44,0,63,31,0,94,8,90,40,0,138,8,0,8,146
11/15/2002,STX,VI,ASO,ES,Federal Contract Tower,9,27,12,2,50,0,72,38,6,116,9,99,50,8,166,0,0,0,166
11/16/2002,STX,VI,ASO,ES,Federal Contract Tower,9,15,2,1,27,0,63,34,7,104,9,78,36,8,131,0,0,0,131
11/17/2002,STX,VI,ASO,ES,Federal Contract Tower,8,17,1,2,28,0,53,26,10,89,8,70,27,12,117,4,0,4,121
11/18/2002,STX,VI,ASO,ES,Federal Contract Tower,8,29,2,2,41,0,56,35,2,93,8,85,37,4,134,10,0,10,144
11/19/2002,STX,VI,ASO,ES,Federal Contract Tower,9,29,7,2,47,0,62,21,0,83,9,91,28,2,130,22,0,22,152
11/20/2002,STX,VI,ASO,ES,Federal Contract Tower,9,31,11,1,52,0,63,29,4,96,9,94,40,5,148,8,0,8,156
11/21/2002,STX,VI,ASO,ES,Federal Contract Tower,8,35,15,3,61,0,59,44,3,106,8,94,59,6,167,0,20,20,187
11/22/2002,STX,VI,ASO,ES,Federal Contract Tower,10,29,7,1,47,0,77,36,0,113,10,106,43,1,160,0,0,0,160
11/23/2002,STX,VI,ASO,ES,Federal Contract Tower,8,14,3,4,29,0,67,29,0,96,8,81,32,4,125,26,0,26,151
11/24/2002,STX,VI,ASO,ES,Federal Contract Tower,8,16,3,6,33,0,69,34,0,103,8,85,37,6,136,4,0,4,140
11/25/2002,STX,VI,ASO,ES,Federal Contract Tower,13,32,0,3,48,0,65,31,0,96,13,97,31,3,144,8,0,8,152
11/26/2002,STX,VI,ASO,ES,Federal Contract Tower,9,30,8,6,53,0,67,38,6,111,9,97,46,12,164,12,0,12,176
11/27/2002,STX,VI,ASO,ES,Federal Contract Tower,9,33,6,2,50,0,72,50,0,122,9,105,56,2,172,12,0,12,184
11/28/2002,STX,VI,ASO,ES,Federal Contract Tower,11,12,2,0,25,0,51,25,0,76,11,63,27,0,101,0,0,0,101
11/29/2002,STX,VI,ASO,ES,Federal Contract Tower,9,27,5,2,43,0,75,23,1,99,9,102,28,3,142,6,0,6,148
11/30/2002,STX,VI,ASO,ES,Federal Contract Tower,9,13,1,0,23,0,58,23,0,81,9,71,24,0,104,12,0,12,116
12/01/2002,STX,VI,ASO,ES,Federal Contract Tower,10,15,3,1,29,0,79,29,0,108,10,94,32,1,137,10,0,10,147
12/02/2002,STX,VI,ASO,ES,Federal Contract Tower,10,30,9,7,56,0,72,34,10,116,10,102,43,17,172,0,0,0,172
12/03/2002,STX,VI,ASO,ES,Federal Contract Tower,8,26,4,0,38,0,60,34,2,96,8,86,38,2,134,10,0,10,144
12/04/2002,STX,VI,ASO,ES,Federal Contract Tower,12,27,9,2,50,0,64,26,2,92,12,91,35,4,142,10,0,10,152
12/05/2002,STX,VI,ASO,ES,Federal Contract Tower,8,35,10,2,55,0,52,26,6,84,8,87,36,8,139,0,0,0,139
12/06/2002,STX,VI,ASO,ES,Federal Contract Tower,8,24,20,3,55,0,87,36,2,125,8,111,56,5,180,22,4,26,206
12/07/2002,STX,VI,ASO,ES,Federal Contract Tower,8,14,1,1,24,0,59,26,5,90,8,73,27,6,114,4,0,4,118
12/08/2002,STX,VI,ASO,ES,Federal Contract Tower,8,15,3,0,26,0,69,16,4,89,8,84,19,4,115,4,0,4,119
12/09/2002,STX,VI,ASO,ES,Federal Contract Tower,10,27,7,1,45,0,72,24,2,98,10,99,31,3,143,4,0,4,147
12/10/2002,STX,VI,ASO,ES,Federal Contract Tower,8,30,10,0,48,0,63,34,6,103,8,93,44,6,151,2,0,2,153
12/11/2002,STX,VI,ASO,ES,Federal Contract Tower,9,37,12,1,59,0,57,29,5,91,9,94,41,6,150,0,4,4,154
12/12/2002,STX,VI,ASO,ES,Federal Contract Tower,8,32,10,2,52,0,67,40,0,107,8,99,50,2,159,16,0,16,175
12/13/2002,STX,VI,ASO,ES,Federal Contract Tower,10,27,10,2,49,0,72,24,0,96,10,99,34,2,145,0,0,0,145
12/14/2002,STX,VI,ASO,ES,Federal Contract Tower,11,14,4,3,32,0,64,30,0,94,11,78,34,3,126,14,0,14,140
12/15/2002,STX,VI,ASO,ES,Federal Contract Tower,10,13,0,2,25,0,68,17,0,85,10,81,17,2,110,6,0,6,116
12/16/2002,STX,VI,ASO,ES,Federal Contract Tower,9,35,12,3,59,0,68,39,1,108,9,103,51,4,167,20,0,20,187
12/17/2002,STX,VI,ASO,ES,Federal Contract Tower,9,30,9,2,50,0,65,29,6,100,9,95,38,8,150,8,0,8,158
12/18/2002,STX,VI,ASO,ES,Federal Contract Tower,10,27,6,2,45,0,76,41,4,121,10,103,47,6,166,2,4,6,172
12/19/2002,STX,VI,ASO,ES,Federal Contract Tower,11,22,5,5,43,0,74,39,3,116,11,96,44,8,159,4,10,14,173
12/20/2002,STX,VI,ASO,ES,Federal Contract Tower,10,26,13,2,51,0,86,44,5,135,10,112,57,7,186,8,0,8,194
12/21/2002,STX,VI,ASO,ES,Federal Contract Tower,10,18,4,4,36,0,92,18,0,110,10,110,22,4,146,4,0,4,150
12/22/2002,STX,VI,ASO,ES,Federal Contract Tower,8,23,5,2,38,0,81,16,0,97,8,104,21,2,135,2,0,2,137
12/23/2002,STX,VI,ASO,ES,Federal Contract Tower,10,24,10,0,44,0,93,34,4,131,10,117,44,4,175,6,0,6,181
12/24/2002,STX,VI,ASO,ES,Federal Contract Tower,15,22,6,0,43,0,80,43,0,123,15,102,49,0,166,6,0,6,172
12/25/2002,STX,VI,ASO,ES,Federal Contract Tower,11,23,1,0,35,0,39,17,0,56,11,62,18,0,91,0,0,0,91
12/26/2002,STX,VI,ASO,ES,Federal Contract Tower,9,32,7,0,48,0,73,53,10,136,9,105,60,10,184,22,0,22,206
12/27/2002,STX,VI,ASO,ES,Federal Contract Tower,12,24,9,0,45,0,91,25,3,119,12,115,34,3,164,4,4,8,172
12/28/2002,STX,VI,ASO,ES,Federal Contract Tower,12,13,10,0,35,0,87,18,0,105,12,100,28,0,140,0,0,0,140
12/29/2002,STX,VI,ASO,ES,Federal Contract Tower,11,15,10,1,37,0,72,28,0,100,11,87,38,1,137,6,0,6,143
12/30/2002,STX,VI,ASO,ES,Federal Contract Tower,11,24,7,0,42,0,79,40,2,121,11,103,47,2,163,6,4,10,173
12/31/2002,STX,VI,ASO,ES,Federal Contract Tower,9,28,7,0,44,0,86,34,0,120,9,114,41,0,164,2,0,2,166
01/01/2003,STX,VI,ASO,ES,Federal Contract Tower,9,25,4,0,38,0,36,21,0,57,9,61,25,0,95,0,0,0,95
01/02/2003,STX,VI,ASO,ES,Federal Contract Tower,8,35,9,0,52,0,79,19,0,98,8,114,28,0,150,0,0,0,150
01/03/2003,STX,VI,ASO,ES,Federal Contract Tower,9,30,3,3,45,0,87,35,0,122,9,117,38,3,167,0,0,0,167
01/04/2003,STX,VI,ASO,ES,Federal Contract Tower,7,21,17,3,48,0,74,14,1,89,7,95,31,4,137,0,8,8,145
01/05/2003,STX,VI,ASO,ES,Federal Contract Tower,8,27,7,3,45,0,83,27,0,110,8,110,34,3,155,6,0,6,161
01/06/2003,STX,VI,ASO,ES,Federal Contract Tower,10,24,13,7,54,0,89,23,8,120,10,113,36,15,174,4,8,12,186
01/07/2003,STX,VI,ASO,ES,Federal Contract Tower,11,18,13,3,45,0,95,24,0,119,11,113,37,3,164,0,6,6,170
01/08/2003,STX,VI,ASO,ES,Federal Contract Tower,9,29,10,1,49,0,90,38,15,143,9,119,48,16,192,0,0,0,192
01/09/2003,STX,VI,ASO,ES,Federal Contract Tower,9,41,14,3,67,0,72,35,6,113,9,113,49,9,180,24,0,24,204
01/10/2003,STX,VI,ASO,ES,Federal Contract Tower,8,29,5,3,45,0,86,28,1,115,8,115,33,4,160,0,0,0,160
01/11/2003,STX,VI,ASO,ES,Federal Contract Tower,8,14,5,1,28,0,75,28,0,103,8,89,33,1,131,8,0,8,139
01/12/2003,STX,VI,ASO,ES,Federal Contract Tower,8,13,8,1,30,0,71,25,0,96,8,84,33,1,126,2,0,2,128
01/13/2003,STX,VI,ASO,ES,Federal Contract Tower,10,27,4,2,43,0,85,19,1,105,10,112,23,3,148,0,0,0,148
01/14/2003,STX,VI,ASO,ES,Federal Contract Tower,8,30,6,3,47,0,63,33,2,98,8,93,39,5,145,16,0,16,161
01/15/2003,STX,VI,ASO,ES,Federal Contract Tower,11,22,7,3,43,0,78,32,2,112,11,100,39,5,155,0,0,0,155
01/16/2003,STX,VI,ASO,ES,Federal Contract Tower,9,23,4,2,38,0,70,40,0,110,9,93,44,2,148,0,0,0,148
01/17/2003,STX,VI,ASO,ES,Federal Contract Tower,11,21,12,2,46,0,104,47,2,153,11,125,59,4,199,6,2,8,207
01/18/2003,STX,VI,ASO,ES,Federal Contract Tower,8,26,4,3,41,0,55,23,0,78,8,81,27,3,119,28,0,28,147
01/19/2003,STX,VI,ASO,ES,Federal Contract Tower,9,12,3,1,25,0,61,29,0,90,9,73,32,1,115,18,0,18,133
01/20/2003,STX,VI,ASO,ES,Federal Contract Tower,12,17,4,1,34,0,70,26,0,96,12,87,30,1,130,38,0,38,168
01/21/2003,STX,VI,ASO,ES,Federal Contract Tower,9,23,3,1,36,0,76,37,2,115,9,99,40,3,151,20,0,20,171
01/22/2003,STX,VI,ASO,ES,Federal Contract Tower,8,26,7,0,41,0,62,41,0,103,8,88,48,0,144,0,0,0,144
01/23/2003,STX,VI,ASO,ES,Federal Contract Tower,8,40,14,1,63,0,60,23,0,83,8,100,37,1,146,32,0,32,178
01/24/2003,STX,VI,ASO,ES,Federal Contract Tower,10,24,11,2,47,0,83,42,1,126,10,107,53,3,173,12,0,12,185
01/25/2003,STX,VI,ASO,ES,Federal Contract Tower,8,28,6,2,44,0,59,23,2,84,8,87,29,4,128,0,0,0,128
01/26/2003,STX,VI,ASO,ES,Federal Contract Tower,8,20,10,5,43,0,62,10,2,74,8,82,20,7,117,4,0,4,121
01/27/2003,STX,VI,ASO,ES,Federal Contract Tower,10,26,8,4,48,0,76,20,5,101,10,102,28,9,149,4,0,4,153
01/28/2003,STX,VI,ASO,ES,Federal Contract Tower,10,23,9,4,46,0,73,28,3,104,10,96,37,7,150,20,0,20,170
01/29/2003,STX,VI,ASO,ES,Federal Contract Tower,8,26,6,1,41,0,77,27,4,108,8,103,33,5,149,14,12,26,175
01/30/2003,STX,VI,ASO,ES,Federal Contract Tower,8,27,7,3,45,0,66,30,3,99,8,93,37,6,144,2,0,2,146
01/31/2003,STX,VI,ASO,ES,Federal Contract Tower,10,28,7,6,51,0,87,25,0,112,10,115,32,6,163,0,2,2,165
02/01/2003,STX,VI,ASO,ES,Federal Contract Tower,8,15,4,7,34,0,62,19,2,83,8,77,23,9,117,0,0,0,117
02/02/2003,STX,VI,ASO,ES,Federal Contract Tower,10,16,8,1,35,0,65,20,1,86,10,81,28,2,121,20,0,20,141
02/03/2003,STX,VI,ASO,ES,Federal Contract Tower,10,25,10,0,45,0,69,41,2,112,10,94,51,2,157,20,2,22,179
02/04/2003,STX,VI,ASO,ES,Federal Contract Tower,8,30,7,0,45,0,57,34,7,98,8,87,41,7,143,4,2,6,149
02/05/2003,STX,VI,ASO,ES,Federal Contract Tower,8,33,16,7,64,0,68,24,9,101,8,101,40,16,165,0,10,10,175
02/06/2003,STX,VI,ASO,ES,Federal Contract Tower,10,27,5,2,44,0,76,42,3,121,10,103,47,5,165,10,0,10,175
02/07/2003,STX,VI,ASO,ES,Federal Contract Tower,9,26,4,2,41,0,91,38,5,134,9,117,42,7,175,4,8,12,187
02/08/2003,STX,VI,ASO,ES,Federal Contract Tower,8,15,5,3,31,0,69,26,4,99,8,84,31,7,130,0,0,0,130
02/09/2003,STX,VI,ASO,ES,Federal Contract Tower,8,14,3,4,29,0,64,12,0,76,8,78,15,4,105,6,0,6,111
02/10/2003,STX,VI,ASO,ES,Federal Contract Tower,10,31,8,1,50,0,74,24,0,98,10,105,32,1,148,0,0,0,148
02/11/2003,STX,VI,ASO,ES,Federal Contract Tower,8,36,4,2,50,0,73,31,0,104,8,109,35,2,154,2,0,2,156
02/12/2003,STX,VI,ASO,ES,Federal Contract Tower,8,26,6,7,47,0,73,34,2,109,8,99,40,9,156,0,14,14,170
02/13/2003,STX,VI,ASO,ES,Federal Contract Tower,8,22,7,3,40,0,82,36,5,123,8,104,43,8,163,0,8,8,171
02/14/2003,STX,VI,ASO,ES,Federal Contract Tower,8,27,12,4,51,0,122,50,2,174,8,149,62,6,225,10,0,10,235
02/15/2003,STX,VI,ASO,ES,Federal Contract Tower,8,15,3,2,28,0,101,39,2,142,8,116,42,4,170,12,12,24,194
02/16/2003,STX,VI,ASO,ES,Federal Contract Tower,7,17,10,1,35,0,70,29,0,99,7,87,39,1,134,18,0,18,152
02/17/2003,STX,VI,ASO,ES,Federal Contract Tower,12,21,6,0,39,0,89,34,0,123,12,110,40,0,162,0,0,0,162
02/18/2003,STX,VI,ASO,ES,Federal Contract Tower,13,23,4,2,42,0,90,34,9,133,13,113,38,11,175,8,4,12,187
02/19/2003,STX,VI,ASO,ES,Federal Contract Tower,9,23,7,3,42,0,80,41,5,126,9,103,48,8,168,6,2,8,176
02/20/2003,STX,VI,ASO,ES,Federal Contract Tower,8,27,5,0,40,0,84,35,2,121,8,111,40,2,161,14,0,14,175
02/21/2003,STX,VI,ASO,ES,Federal Contract Tower,7,29,6,7,49,0,104,33,0,137,7,133,39,7,186,4,2,6,192
02/22/2003,STX,VI,ASO,ES,Federal Contract Tower,11,12,2,6,31,0,85,24,7,116,11,97,26,13,147,10,0,10,157
02/23/2003,STX,VI,ASO,ES,Federal Contract Tower,10,14,3,5,32,0,68,21,0,89,10,82,24,5,121,12,0,12,133
02/24/2003,STX,VI,ASO,ES,Federal Contract Tower,9,21,11,4,45,0,95,17,5,117,9,116,28,9,162,0,0,0,162
02/25/2003,STX,VI,ASO,ES,Federal Contract Tower,8,32,15,6,61,0,68,24,9,101,8,100,39,15,162,10,8,18,180
02/26/2003,STX,VI,ASO,ES,Federal Contract Tower,8,31,8,5,52,0,71,40,9,120,8,102,48,14,172,10,8,18,190
02/27/2003,STX,VI,ASO,ES,Federal Contract Tower,10,23,9,1,43,0,80,33,2,115,10,103,42,3,158,4,0,4,162
02/28/2003,STX,VI,ASO,ES,Federal Contract Tower,8,23,9,4,44,0,92,37,7,136,8,115,46,11,180,32,0,32,212
03/01/2003,STX,VI,ASO,ES,Federal Contract Tower,10,13,4,0,27,0,70,22,0,92,10,83,26,0,119,12,0,12,131
03/02/2003,STX,VI,ASO,ES,Federal Contract Tower,11,17,7,0,35,0,57,18,0,75,11,74,25,0,110,20,0,20,130
03/03/2003,STX,VI,ASO,ES,Federal Contract Tower,11,26,5,0,42,0,73,25,4,102,11,99,30,4,144,24,0,24,168
03/04/2003,STX,VI,ASO,ES,Federal Contract Tower,12,20,8,1,41,0,81,36,4,121,12,101,44,5,162,36,14,50,212
03/05/2003,STX,VI,ASO,ES,Federal Contract Tower,10,22,4,1,37,0,81,30,4,115,10,103,34,5,152,0,2,2,154
03/06/2003,STX,VI,ASO,ES,Federal Contract Tower,11,23,10,0,44,0,78,29,1,108,11,101,39,1,152,8,2,10,162
03/07/2003,STX,VI,ASO,ES,Federal Contract Tower,11,27,4,0,42,0,90,32,3,125,11,117,36,3,167,30,2,32,199
03/08/2003,STX,VI,ASO,ES,Federal Contract Tower,8,17,4,7,36,0,86,22,0,108,8,103,26,7,144,66,6,72,216
03/09/2003,STX,VI,ASO,ES,Federal Contract Tower,7,16,4,1,28,0,73,19,0,92,7,89,23,1,120,26,0,26,146
03/10/2003,STX,VI,ASO,ES,Federal Contract Tower,8,29,12,0,49,0,75,29,4,108,8,104,41,4,157,38,0,38,195
03/11/2003,STX,VI,ASO,ES,Federal Contract Tower,11,23,7,2,43,0,74,26,7,107,11,97,33,9,150,0,0,0,150
03/12/2003,STX,VI,ASO,ES,Federal Contract Tower,9,25,6,4,44,0,82,35,2,119,9,107,41,6,163,0,6,6,169
03/13/2003,STX,VI,ASO,ES,Federal Contract Tower,15,20,4,4,43,0,82,38,4,124,15,102,42,8,167,0,0,0,167
03/14/2003,STX,VI,ASO,ES,Federal Contract Tower,12,26,8,3,49,0,97,45,1,143,12,123,53,4,192,28,0,28,220
03/15/2003,STX,VI,ASO,ES,Federal Contract Tower,8,16,2,2,28,0,80,21,5,106,8,96,23,7,134,52,18,70,204
03/16/2003,STX,VI,ASO,ES,Federal Contract Tower,8,20,2,1,31,0,66,30,2,98,8,86,32,3,129,44,18,62,191
03/17/2003,STX,VI,ASO,ES,Federal Contract Tower,9,30,6,3,48,0,77,29,5,111,9,107,35,8,159,22,6,28,187
03/18/2003,STX,VI,ASO,ES,Federal Contract Tower,8,24,4,6,42,0,81,44,6,131,8,105,48,12,173,30,0,30,203
03/19/2003,STX,VI,ASO,ES,Federal Contract Tower,11,24,5,5,45,0,80,40,0,120,11,104,45,5,165,34,10,44,209
03/20/2003,STX,VI,ASO,ES,Federal Contract Tower,10,21,7,0,38,0,86,52,4,142,10,107,59,4,180,8,0,8,188
03/21/2003,STX,VI,ASO,ES,Federal Contract Tower,11,20,8,7,46,0,110,55,0,165,11,130,63,7,211,22,12,34,245
03/22/2003,STX,VI,ASO,ES,Federal Contract Tower,9,13,4,4,30,0,86,20,5,111,9,99,24,9,141,40,0,40,181
03/23/2003,STX,VI,ASO,ES,Federal Contract Tower,10,17,4,2,33,0,79,29,6,114,10,96,33,8,147,36,4,40,187
03/24/2003,STX,VI,ASO,ES,Federal Contract Tower,10,25,9,1,45,0,73,26,2,101,10,98,35,3,146,14,0,14,160
03/25/2003,STX,VI,ASO,ES,Federal Contract Tower,10,19,8,2,39,0,86,38,3,127,10,105,46,5,166,4,0,4,170
03/26/2003,STX,VI,ASO,ES,Federal Contract Tower,8,25,4,0,37,0,78,43,1,122,8,103,47,1,159,40,0,40,199
03/27/2003,STX,VI,ASO,ES,Federal Contract Tower,14,27,7,1,49,0,69,37,2,108,14,96,44,3,157,4,0,4,161
03/28/2003,STX,VI,ASO,ES,Federal Contract Tower,8,25,6,2,41,0,119,30,2,151,8,144,36,4,192,16,0,16,208
03/29/2003,STX,VI,ASO,ES,Federal Contract Tower,10,13,4,0,27,0,88,27,0,115,10,101,31,0,142,10,0,10,152
03/30/2003,STX,VI,ASO,ES,Federal Contract Tower,7,21,2,0,30,0,71,21,2,94,7,92,23,2,124,10,8,18,142
03/31/2003,STX,VI,ASO,ES,Federal Contract Tower,10,28,8,0,46,0,70,33,2,105,10,98,41,2,151,20,0,20,171
04/01/2003,STX,VI,ASO,ES,Federal Contract Tower,9,27,4,0,40,0,78,42,0,120,9,105,46,0,160,26,0,26,186
04/02/2003,STX,VI,ASO,ES,Federal Contract Tower,8,23,4,4,39,0,74,36,5,115,8,97,40,9,154,6,2,8,162
04/03/2003,STX,VI,ASO,ES,Federal Contract Tower,8,27,8,5,48,0,76,27,3,106,8,103,35,8,154,16,0,16,170
04/04/2003,STX,VI,ASO,ES,Federal Contract Tower,11,22,5,2,40,0,86,37,8,131,11,108,42,10,171,18,0,18,189
04/05/2003,STX,VI,ASO,ES,Federal Contract Tower,11,20,4,4,39,0,49,25,0,74,11,69,29,4,113,30,0,30,143
04/06/2003,STX,VI,ASO,ES,Federal Contract Tower,10,12,0,7,29,0,73,25,0,98,10,85,25,7,127,2,0,2,129
04/07/2003,STX,VI,ASO,ES,Federal Contract Tower,6,28,6,4,44,0,99,27,0,126,6,127,33,4,170,2,0,2,172
04/08/2003,STX,VI,ASO,ES,Federal Contract Tower,9,25,3,2,39,0,82,39,2,123,9,107,42,4,162,4,0,4,166
04/09/2003,STX,VI,ASO,ES,Federal Contract Tower,11,24,4,3,42,0,69,36,0,105,11,93,40,3,147,6,0,6,153
04/10/2003,STX,VI,ASO,ES,Federal Contract Tower,10,27,5,0,42,0,73,45,2,120,10,100,50,2,162,14,0,14,176
04/11/2003,STX,VI,ASO,ES,Federal Contract Tower,11,32,12,2,57,0,80,27,2,109,11,112,39,4,166,30,0,30,196
04/12/2003,STX,VI,ASO,ES,Federal Contract Tower,8,18,3,2,31,0,84,28,5,117,8,102,31,7,148,32,10,42,190
04/13/2003,STX,VI,ASO,ES,Federal Contract Tower,6,18,0,2,26,0,64,14,0,78,6,82,14,2,104,0,0,0,104
04/14/2003,STX,VI,ASO,ES,Federal Contract Tower,10,24,2,4,40,0,83,39,0,122,10,107,41,4,162,0,0,0,162
04/15/2003,STX,VI,ASO,ES,Federal Contract Tower,8,26,7,3,44,0,73,29,0,102,8,99,36,3,146,12,0,12,158
04/16/2003,STX,VI,ASO,ES,Federal Contract Tower,8,30,6,7,51,0,81,39,4,124,8,111,45,11,175,20,0,20,195
04/17/2003,STX,VI,ASO,ES,Federal Contract Tower,12,48,18,4,82,0,37,23,0,60,12,85,41,4,142,4,0,4,146
04/18/2003,STX,VI,ASO,ES,Federal Contract Tower,10,25,5,3,43,0,66,20,1,87,10,91,25,4,130,0,0,0,130
04/19/2003,STX,VI,ASO,ES,Federal Contract Tower,11,23,5,0,39,0,61,15,0,76,11,84,20,0,115,32,0,32,147
04/20/2003,STX,VI,ASO,ES,Federal Contract Tower,7,17,2,2,28,0,63,18,0,81,7,80,20,2,109,10,0,10,119
04/21/2003,STX,VI,ASO,ES,Federal Contract Tower,12,27,10,0,49,0,89,32,6,127,12,116,42,6,176,6,0,6,182
04/22/2003,STX,VI,ASO,ES,Federal Contract Tower,9,40,17,4,70,0,53,20,1,74,9,93,37,5,144,16,0,16,160
04/23/2003,STX,VI,ASO,ES,Federal Contract Tower,8,27,10,3,48,0,73,39,0,112,8,100,49,3,160,14,0,14,174
04/24/2003,STX,VI,ASO,ES,Federal Contract Tower,6,29,11,2,48,0,65,40,3,108,6,94,51,5,156,36,4,40,196
04/25/2003,STX,VI,ASO,ES,Federal Contract Tower,10,24,6,4,44,0,73,37,1,111,10,97,43,5,155,30,0,30,185
04/26/2003,STX,VI,ASO,ES,Federal Contract Tower,11,12,4,1,28,0,80,28,2,110,11,92,32,3,138,20,0,20,158
04/27/2003,STX,VI,ASO,ES,Federal Contract Tower,8,10,1,2,21,0,65,26,2,93,8,75,27,4,114,4,0,4,118
04/28/2003,STX,VI,ASO,ES,Federal Contract Tower,10,21,2,4,37,0,73,32,0,105,10,94,34,4,142,10,4,14,156
04/29/2003,STX,VI,ASO,ES,Federal Contract Tower,11,23,7,2,43,0,78,45,2,125,11,101,52,4,168,18,14,32,200
04/30/2003,STX,VI,ASO,ES,Federal Contract Tower,11,22,9,0,42,0,74,32,2,108,11,96,41,2,150,24,0,24,174
05/01/2003,STX,VI,ASO,ES,Federal Contract Tower,16,11,7,0,34,0,78,33,2,113,16,89,40,2,147,42,0,42,189
05/02/2003,STX,VI,ASO,ES,Federal Contract Tower,19,20,5,0,44,0,73,27,0,100,19,93,32,0,144,20,0,20,164
05/03/2003,STX,VI,ASO,ES,Federal Contract Tower,19,4,4,0,27,0,63,23,0,86,19,67,27,0,113,6,0,6,119
05/04/2003,STX,VI,ASO,ES,Federal Contract Tower,15,6,2,0,23,0,83,11,0,94,15,89,13,0,117,12,0,12,129
05/05/2003,STX,VI,ASO,ES,Federal Contract Tower,18,11,12,0,41,0,75,35,0,110,18,86,47,0,151,2,0,2,153
05/06/2003,STX,VI,ASO,ES,Federal Contract Tower,19,9,5,1,34,0,67,37,1,105,19,76,42,2,139,18,0,18,157
05/07/2003,STX,VI,ASO,ES,Federal Contract Tower,18,10,2,0,30,0,75,46,0,121,18,85,48,0,151,28,0,28,179
05/08/2003,STX,VI,ASO,ES,Federal Contract Tower,18,12,6,4,40,0,69,49,0,118,18,81,55,4,158,10,24,34,192
05/09/2003,STX,VI,ASO,ES,Federal Contract Tower,16,13,7,1,37,0,77,50,1,128,16,90,57,2,165,26,0,26,191
05/10/2003,STX,VI,ASO,ES,Federal Contract Tower,17,4,1,0,22,0,70,24,0,94,17,74,25,0,116,14,0,14,130
05/11/2003,STX,VI,ASO,ES,Federal Contract Tower,16,5,2,1,24,0,44,20,0,64,16,49,22,1,88,32,0,32,120
05/12/2003,STX,VI,ASO,ES,Federal Contract Tower,16,12,2,1,31,0,79,23,1,103,16,91,25,2,134,0,0,0,134
05/13/2003,STX,VI,ASO,ES,Federal Contract Tower,16,11,5,3,35,0,62,26,0,88,16,73,31,3,123,10,0,10,133
05/14/2003,STX,VI,ASO,ES,Federal Contract Tower,16,17,10,6,49,0,66,25,0,91,16,83,35,6,140,4,0,4,144
05/15/2003,STX,VI,ASO,ES,Federal Contract Tower,17,11,8,7,43,0,75,38,6,119,17,86,46,13,162,30,0,30,192
05/16/2003,STX,VI,ASO,ES,Federal Contract Tower,15,12,6,2,35,0,81,39,4,124,15,93,45,6,159,14,10,24,183
05/17/2003,STX,VI,ASO,ES,Federal Contract Tower,14,6,3,2,25,0,65,16,7,88,14,71,19,9,113,2,2,4,117
05/18/2003,STX,VI,ASO,ES,Federal Contract Tower,16,9,7,2,34,0,57,15,8,80,16,66,22,10,114,4,0,4,118
05/19/2003,STX,VI,ASO,ES,Federal Contract Tower,19,9,6,6,40,0,71,22,2,95,19,80,28,8,135,0,6,6,141
05/20/2003,STX,VI,ASO,ES,Federal Contract Tower,17,14,6,2,39,0,60,34,17,111,17,74,40,19,150,28,14,42,192
05/21/2003,STX,VI,ASO,ES,Federal Contract Tower,18,11,5,7,41,0,70,36,5,111,18,81,41,12,152,20,0,20,172
05/22/2003,STX,VI,ASO,ES,Federal Contract Tower,16,12,10,6,44,0,63,44,5,112,16,75,54,11,156,28,6,34,190
05/23/2003,STX,VI,ASO,ES,Federal Contract Tower,18,14,13,7,52,0,81,53,7,141,18,95,66,14,193,34,4,38,231
05/24/2003,STX,VI,ASO,ES,Federal Contract Tower,15,6,6,1,28,0,66,25,0,91,15,72,31,1,119,10,0,10,129
05/25/2003,STX,VI,ASO,ES,Federal Contract Tower,16,8,0,2,26,0,54,28,0,82,16,62,28,2,108,8,0,8,116
05/26/2003,STX,VI,ASO,ES,Federal Contract Tower,20,2,6,2,30,0,85,42,4,131,20,87,48,6,161,4,2,6,167
05/27/2003,STX,VI,ASO,ES,Federal Contract Tower,18,10,5,0,33,0,66,25,2,93,18,76,30,2,126,8,0,8,134
05/28/2003,STX,VI,ASO,ES,Federal Contract Tower,18,9,5,3,35,0,67,34,0,101,18,76,39,3,136,14,0,14,150
05/29/2003,STX,VI,ASO,ES,Federal Contract Tower,16,9,6,0,31,0,67,52,0,119,16,76,58,0,150,40,0,40,190
05/30/2003,STX,VI,ASO,ES,Federal Contract Tower,16,10,7,3,36,0,82,41,3,126,16,92,48,6,162,14,12,26,188
05/31/2003,STX,VI,ASO,ES,Federal Contract Tower,19,2,4,6,31,0,62,26,1,89,19,64,30,7,120,22,2,24,144
06/01/2003,STX,VI,ASO,ES,Federal Contract Tower,18,5,1,4,28,0,52,15,1,68,18,57,16,5,96,16,0,16,112
06/02/2003,STX,VI,ASO,ES,Federal Contract Tower,14,13,5,3,35,0,65,23,0,88,14,78,28,3,123,2,0,2,125
06/03/2003,STX,VI,ASO,ES,Federal Contract Tower,18,13,9,0,40,0,63,28,6,97,18,76,37,6,137,10,12,22,159
06/04/2003,STX,VI,ASO,ES,Federal Contract Tower,18,9,6,3,36,0,70,37,0,107,18,79,43,3,143,0,0,0,143
06/05/2003,STX,VI,ASO,ES,Federal Contract Tower,15,13,10,4,42,0,67,38,1,106,15,80,48,5,148,14,16,30,178
06/06/2003,STX,VI,ASO,ES,Federal Contract Tower,17,11,10,0,38,0,76,44,0,120,17,87,54,0,158,8,0,8,166
06/07/2003,STX,VI,ASO,ES,Federal Contract Tower,15,8,6,2,31,0,68,28,4,100,15,76,34,6,131,54,0,54,185
06/08/2003,STX,VI,ASO,ES,Federal Contract Tower,20,3,3,1,27,0,65,24,2,91,20,68,27,3,118,14,0,14,132
06/09/2003,STX,VI,ASO,ES,Federal Contract Tower,20,8,8,4,40,0,67,21,1,89,20,75,29,5,129,12,6,18,147
06/10/2003,STX,VI,ASO,ES,Federal Contract Tower,18,10,2,3,33,0,66,26,3,95,18,76,28,6,128,26,0,26,154
06/11/2003,STX,VI,ASO,ES,Federal Contract Tower,16,13,2,4,35,0,67,46,6,119,16,80,48,10,154,0,10,10,164
06/12/2003,STX,VI,ASO,ES,Federal Contract Tower,14,13,7,3,37,0,66,32,0,98,14,79,39,3,135,0,2,2,137
06/13/2003,STX,VI,ASO,ES,Federal Contract Tower,18,11,3,4,36,0,85,35,0,120,18,96,38,4,156,2,22,24,180
06/14/2003,STX,VI,ASO,ES,Federal Contract Tower,16,10,5,3,34,0,57,31,0,88,16,67,36,3,122,32,0,32,154
06/15/2003,STX,VI,ASO,ES,Federal Contract Tower,16,18,10,1,45,0,44,20,0,64,16,62,30,1,109,6,0,6,115
06/16/2003,STX,VI,ASO,ES,Federal Contract Tower,19,11,12,2,44,0,61,19,0,80,19,72,31,2,124,2,4,6,130
06/17/2003,STX,VI,ASO,ES,Federal Contract Tower,16,12,5,2,35,0,60,39,5,104,16,72,44,7,139,0,10,10,149
06/18/2003,STX,VI,ASO,ES,Federal Contract Tower,16,12,5,2,35,0,74,32,8,114,16,86,37,10,149,24,18,42,191
06/19/2003,STX,VI,ASO,ES,Federal Contract Tower,14,14,8,4,40,0,70,22,2,94,14,84,30,6,134,14,0,14,148
06/20/2003,STX,VI,ASO,ES,Federal Contract Tower,17,10,10,3,40,0,79,38,7,124,17,89,48,10,164,36,2,38,202
06/21/2003,STX,VI,ASO,ES,Federal Contract Tower,15,7,6,2,30,0,63,26,0,89,15,70,32,2,119,6,0,6,125
06/22/2003,STX,VI,ASO,ES,Federal Contract Tower,17,3,3,2,25,0,57,25,0,82,17,60,28,2,107,24,0,24,131
06/23/2003,STX,VI,ASO,ES,Federal Contract Tower,15,11,4,7,37,0,75,28,11,114,15,86,32,18,151,14,6,20,171
06/24/2003,STX,VI,ASO,ES,Federal Contract Tower,16,12,4,0,32,0,65,50,13,128,16,77,54,13,160,18,6,24,184
06/25/2003,STX,VI,ASO,ES,Federal Contract Tower,18,11,9,6,44,0,76,39,13,128,18,87,48,19,172,14,26,40,212
06/26/2003,STX,VI,ASO,ES,Federal Contract Tower,16,11,6,2,35,0,68,27,4,99,16,79,33,6,134,10,14,24,158
06/27/2003,STX,VI,ASO,ES,Federal Contract Tower,16,15,12,3,46,0,74,52,6,132,16,89,64,9,178,18,0,18,196
06/28/2003,STX,VI,ASO,ES,Federal Contract Tower,17,4,2,3,26,0,65,27,5,97,17,69,29,8,123,18,2,20,143
06/29/2003,STX,VI,ASO,ES,Federal Contract Tower,19,2,5,2,28,0,55,21,1,77,19,57,26,3,105,0,0,0,105
06/30/2003,STX,VI,ASO,ES,Federal Contract Tower,14,16,7,2,39,0,74,26,0,100,14,90,33,2,139,10,12,22,161
07/01/2003,STX,VI,ASO,ES,Federal Contract Tower,16,14,7,2,39,0,80,26,6,112,16,94,33,8,151,4,10,14,165
07/02/2003,STX,VI,ASO,ES,Federal Contract Tower,15,12,5,0,32,0,78,31,0,109,15,90,36,0,141,12,0,12,153
07/03/2003,STX,VI,ASO,ES,Federal Contract Tower,15,10,3,2,30,0,90,41,3,134,15,100,44,5,164,30,0,30,194
07/04/2003,STX,VI,ASO,ES,Federal Contract Tower,13,9,2,0,24,0,71,29,0,100,13,80,31,0,124,22,0,22,146
07/05/2003,STX,VI,ASO,ES,Federal Contract Tower,9,11,6,1,27,0,66,19,0,85,9,77,25,1,112,0,0,0,112
07/06/2003,STX,VI,ASO,ES,Federal Contract Tower,10,7,4,2,23,0,69,30,0,99,10,76,34,2,122,0,0,0,122
07/07/2003,STX,VI,ASO,ES,Federal Contract Tower,16,16,0,2,34,0,77,20,1,98,16,93,20,3,132,4,0,4,136
07/08/2003,STX,VI,ASO,ES,Federal Contract Tower,12,34,7,4,57,0,48,24,0,72,12,82,31,4,129,2,0,2,131
07/09/2003,STX,VI,ASO,ES,Federal Contract Tower,16,15,1,3,35,0,72,39,0,111,16,87,40,3,146,18,0,18,164
07/10/2003,STX,VI,ASO,ES,Federal Contract Tower,15,14,7,2,38,0,70,29,0,99,15,84,36,2,137,30,0,30,167
07/11/2003,STX,VI,ASO,ES,Federal Contract Tower,14,14,2,2,32,0,93,25,0,118,14,107,27,2,150,4,0,4,154
07/12/2003,STX,VI,ASO,ES,Federal Contract Tower,8,13,0,0,21,0,64,22,1,87,8,77,22,1,108,12,0,12,120
07/13/2003,STX,VI,ASO,ES,Federal Contract Tower,7,10,6,2,25,0,49,15,0,64,7,59,21,2,89,0,0,0,89
07/14/2003,STX,VI,ASO,ES,Federal Contract Tower,10,9,8,1,28,0,78,26,6,110,10,87,34,7,138,0,6,6,144
07/15/2003,STX,VI,ASO,ES,Federal Contract Tower,10,16,7,2,35,0,72,25,0,97,10,88,32,2,132,6,0,6,138
07/16/2003,STX,VI,ASO,ES,Federal Contract Tower,10,24,7,2,43,0,67,31,4,102,10,91,38,6,145,16,0,16,161
07/17/2003,STX,VI,ASO,ES,Federal Contract Tower,10,17,13,1,41,0,71,47,0,118,10,88,60,1,159,0,0,0,159
07/18/2003,STX,VI,ASO,ES,Federal Contract Tower,10,20,8,3,41,0,76,42,6,124,10,96,50,9,165,4,0,4,169
07/19/2003,STX,VI,ASO,ES,Federal Contract Tower,9,12,6,2,29,0,68,22,0,90,9,80,28,2,119,12,0,12,131
07/20/2003,STX,VI,ASO,ES,Federal Contract Tower,9,11,2,4,26,0,65,29,1,95,9,76,31,5,121,14,2,16,137
07/21/2003,STX,VI,ASO,ES,Federal Contract Tower,13,24,5,6,48,0,65,24,2,91,13,89,29,8,139,20,10,30,169
07/22/2003,STX,VI,ASO,ES,Federal Contract Tower,14,33,14,2,63,0,43,16,2,61,14,76,30,4,124,0,0,0,124
07/23/2003,STX,VI,ASO,ES,Federal Contract Tower,7,23,6,4,40,0,73,38,0,111,7,96,44,4,151,0,0,0,151
07/24/2003,STX,VI,ASO,ES,Federal Contract Tower,14,12,8,2,36,0,69,40,1,110,14,81,48,3,146,10,0,10,156
07/25/2003,STX,VI,ASO,ES,Federal Contract Tower,12,17,7,4,40,0,71,43,0,114,12,88,50,4,154,16,0,16,170
07/26/2003,STX,VI,ASO,ES,Federal Contract Tower,12,9,1,1,23,0,62,17,0,79,12,71,18,1,102,8,0,8,110
07/27/2003,STX,VI,ASO,ES,Federal Contract Tower,10,10,8,2,30,0,49,11,0,60,10,59,19,2,90,14,0,14,104
07/28/2003,STX,VI,ASO,ES,Federal Contract Tower,10,20,3,1,34,0,73,24,0,97,10,93,27,1,131,18,0,18,149
07/29/2003,STX,VI,ASO,ES,Federal Contract Tower,15,11,6,1,33,0,74,48,0,122,15,85,54,1,155,10,0,10,165
07/30/2003,STX,VI,ASO,ES,Federal Contract Tower,16,12,6,0,34,0,80,40,0,120,16,92,46,0,154,2,0,2,156
07/31/2003,STX,VI,ASO,ES,Federal Contract Tower,18,13,11,0,42,0,77,44,0,121,18,90,55,0,163,12,0,12,175
08/01/2003,STX,VI,ASO,ES,Federal Contract Tower,14,17,4,4,39,0,78,45,0,123,14,95,49,4,162,38,0,38,200
08/02/2003,STX,VI,ASO,ES,Federal Contract Tower,12,8,2,1,23,0,67,23,0,90,12,75,25,1,113,28,0,28,141
08/03/2003,STX,VI,ASO,ES,Federal Contract Tower,10,11,5,0,26,0,70,23,3,96,10,81,28,3,122,24,0,24,146
08/04/2003,STX,VI,ASO,ES,Federal Contract Tower,17,16,3,2,38,0,64,26,4,94,17,80,29,6,132,24,4,28,160
08/05/2003,STX,VI,ASO,ES,Federal Contract Tower,14,9,3,0,26,0,73,33,0,106,14,82,36,0,132,0,0,0,132
08/06/2003,STX,VI,ASO,ES,Federal Contract Tower,17,10,5,1,33,0,64,40,0,104,17,74,45,1,137,32,0,32,169
08/07/2003,STX,VI,ASO,ES,Federal Contract Tower,16,16,13,5,50,0,67,25,2,94,16,83,38,7,144,0,0,0,144
08/08/2003,STX,VI,ASO,ES,Federal Contract Tower,14,12,8,1,35,0,85,40,1,126,14,97,48,2,161,14,2,16,177
08/09/2003,STX,VI,ASO,ES,Federal Contract Tower,13,6,2,1,22,0,69,11,0,80,13,75,13,1,102,0,0,0,102
08/10/2003,STX,VI,ASO,ES,Federal Contract Tower,15,5,1,1,22,0,65,12,1,78,15,70,13,2,100,12,0,12,112
08/11/2003,STX,VI,ASO,ES,Federal Contract Tower,17,11,5,1,34,0,66,24,2,92,17,77,29,3,126,30,0,30,156
08/12/2003,STX,VI,ASO,ES,Federal Contract Tower,16,11,3,1,31,0,69,33,0,102,16,80,36,1,133,12,0,12,145
08/13/2003,STX,VI,ASO,ES,Federal Contract Tower,18,7,4,1,30,0,78,49,0,127,18,85,53,1,157,4,0,4,161
08/14/2003,STX,VI,ASO,ES,Federal Contract Tower,16,11,0,6,33,0,76,29,6,111,16,87,29,12,144,0,0,0,144
08/15/2003,STX,VI,ASO,ES,Federal Contract Tower,16,11,6,3,36,0,81,34,1,116,16,92,40,4,152,2,0,2,154
08/16/2003,STX,VI,ASO,ES,Federal Contract Tower,16,5,0,0,21,0,64,27,10,101,16,69,27,10,122,10,0,10,132
08/17/2003,STX,VI,ASO,ES,Federal Contract Tower,13,4,0,0,17,0,62,1,10,73,13,66,1,10,90,2,0,2,92
08/18/2003,STX,VI,ASO,ES,Federal Contract Tower,15,17,3,1,36,0,71,26,2,99,15,88,29,3,135,0,0,0,135
08/19/2003,STX,VI,ASO,ES,Federal Contract Tower,13,15,5,3,36,0,78,26,3,107,13,93,31,6,143,0,0,0,143
08/20/2003,STX,VI,ASO,ES,Federal Contract Tower,14,19,2,6,41,0,65,41,0,106,14,84,43,6,147,0,4,4,151
08/21/2003,STX,VI,ASO,ES,Federal Contract Tower,16,14,3,2,35,0,66,26,2,94,16,80,29,4,129,0,0,0,129
08/22/2003,STX,VI,ASO,ES,Federal Contract Tower,15,25,6,5,51,0,77,31,1,109,15,102,37,6,160,0,0,0,160
08/23/2003,STX,VI,ASO,ES,Federal Contract Tower,15,6,3,2,26,0,64,24,0,88,15,70,27,2,114,8,0,8,122
08/24/2003,STX,VI,ASO,ES,Federal Contract Tower,18,4,3,6,31,0,60,19,0,79,18,64,22,6,110,12,0,12,122
08/25/2003,STX,VI,ASO,ES,Federal Contract Tower,13,19,8,4,44,0,61,17,0,78,13,80,25,4,122,36,0,36,158
08/26/2003,STX,VI,ASO,ES,Federal Contract Tower,12,17,7,3,39,0,60,31,0,91,12,77,38,3,130,24,0,24,154
08/27/2003,STX,VI,ASO,ES,Federal Contract Tower,13,16,7,0,36,0,67,53,2,122,13,83,60,2,158,22,6,28,186
08/28/2003,STX,VI,ASO,ES,Federal Contract Tower,16,11,15,3,45,0,65,48,4,117,16,76,63,7,162,38,0,38,200
08/29/2003,STX,VI,ASO,ES,Federal Contract Tower,16,16,2,2,36,0,97,53,1,151,16,113,55,3,187,42,0,42,229
08/30/2003,STX,VI,ASO,ES,Federal Contract Tower,17,4,1,3,25,0,65,32,0,97,17,69,33,3,122,58,0,58,180
08/31/2003,STX,VI,ASO,ES,Federal Contract Tower,14,8,2,2,26,0,68,14,0,82,14,76,16,2,108,22,0,22,130
09/01/2003,STX,VI,ASO,ES,Federal Contract Tower,12,12,3,7,34,0,76,18,1,95,12,88,21,8,129,0,0,0,129
09/02/2003,STX,VI,ASO,ES,Federal Contract Tower,11,18,11,3,43,0,63,30,1,94,11,81,41,4,137,42,4,46,183
09/03/2003,STX,VI,ASO,ES,Federal Contract Tower,10,17,7,10,44,0,68,43,0,111,10,85,50,10,155,66,0,66,221
09/04/2003,STX,VI,ASO,ES,Federal Contract Tower,15,14,5,8,42,0,69,42,2,113,15,83,47,10,155,46,0,46,201
09/05/2003,STX,VI,ASO,ES,Federal Contract Tower,10,16,5,5,36,0,75,41,4,120,10,91,46,9,156,26,0,26,182
09/06/2003,STX,VI,ASO,ES,Federal Contract Tower,11,10,0,4,25,0,52,9,0,61,11,62,9,4,86,16,0,16,102
09/07/2003,STX,VI,ASO,ES,Federal Contract Tower,11,8,5,1,25,0,40,15,0,55,11,48,20,1,80,10,0,10,90
09/08/2003,STX,VI,ASO,ES,Federal Contract Tower,17,11,4,4,36,0,57,27,0,84,17,68,31,4,120,42,0,42,162
09/09/2003,STX,VI,ASO,ES,Federal Contract Tower,11,14,7,4,36,0,58,46,0,104,11,72,53,4,140,14,0,14,154
09/10/2003,STX,VI,ASO,ES,Federal Contract Tower,13,13,6,3,35,0,65,42,3,110,13,78,48,6,145,32,0,32,177
09/11/2003,STX,VI,ASO,ES,Federal Contract Tower,14,13,10,3,40,0,61,35,0,96,14,74,45,3,136,6,0,6,142
09/12/2003,STX,VI,ASO,ES,Federal Contract Tower,13,11,9,8,41,0,74,31,0,105,13,85,40,8,146,0,0,0,146
09/13/2003,STX,VI,ASO,ES,Federal Contract Tower,13,9,7,9,38,0,58,15,0,73,13,67,22,9,111,46,0,46,157
09/14/2003,STX,VI,ASO,ES,Federal Contract Tower,14,6,5,7,32,0,54,10,5,69,14,60,15,12,101,24,10,34,135
09/15/2003,STX,VI,ASO,ES,Federal Contract Tower,13,17,5,5,40,0,56,21,5,82,13,73,26,10,122,28,0,28,150
09/16/2003,STX,VI,ASO,ES,Federal Contract Tower,10,15,8,4,37,0,59,36,2,97,10,74,44,6,134,16,0,16,150
09/17/2003,STX,VI,ASO,ES,Federal Contract Tower,9,16,8,4,37,0,62,38,2,102,9,78,46,6,139,18,0,18,157
09/18/2003,STX,VI,ASO,ES,Federal Contract Tower,11,15,4,1,31,0,63,37,0,100,11,78,41,1,131,10,0,10,141
09/19/2003,STX,VI,ASO,ES,Federal Contract Tower,8,18,6,1,33,0,66,32,3,101,8,84,38,4,134,6,0,6,140
09/20/2003,STX,VI,ASO,ES,Federal Contract Tower,13,10,2,2,27,0,49,21,0,70,13,59,23,2,97,50,0,50,147
09/21/2003,STX,VI,ASO,ES,Federal Contract Tower,13,11,3,1,28,0,30,1,1,32,13,41,4,2,60,2,0,2,62
09/22/2003,STX,VI,ASO,ES,Federal Contract Tower,11,14,6,1,32,0,64,14,3,81,11,78,20,4,113,0,0,0,113
09/23/2003,STX,VI,ASO,ES,Federal Contract Tower,13,13,6,0,32,0,57,34,3,94,13,70,40,3,126,0,6,6,132
09/24/2003,STX,VI,ASO,ES,Federal Contract Tower,14,11,5,1,31,0,60,45,7,112,14,71,50,8,143,42,4,46,189
09/25/2003,STX,VI,ASO,ES,Federal Contract Tower,16,10,13,2,41,0,69,35,4,108,16,79,48,6,149,22,0,22,171
09/26/2003,STX,VI,ASO,ES,Federal Contract Tower,12,14,8,3,37,0,73,42,3,118,12,87,50,6,155,34,0,34,189
09/27/2003,STX,VI,ASO,ES,Federal Contract Tower,12,8,4,0,24,0,59,23,1,83,12,67,27,1,107,8,0,8,115
09/28/2003,STX,VI,ASO,ES,Federal Contract Tower,14,4,1,0,19,0,61,15,4,80,14,65,16,4,99,54,0,54,153
09/29/2003,STX,VI,ASO,ES,Federal Contract Tower,14,12,7,2,35,0,76,29,12,117,14,88,36,14,152,0,2,2,154
09/30/2003,STX,VI,ASO,ES,Federal Contract Tower,15,10,4,0,29,0,59,39,0,98,15,69,43,0,127,4,0,4,131
10/01/2003,STX,VI,ASO,ES,Federal Contract Tower,8,11,6,0,25,4,58,33,0,95,12,69,39,0,120,10,0,10,130
10/02/2003,STX,VI,ASO,ES,Federal Contract Tower,9,12,7,1,29,2,56,35,3,96,11,68,42,4,125,46,2,48,173
10/03/2003,STX,VI,ASO,ES,Federal Contract Tower,8,11,5,1,25,3,70,26,5,104,11,81,31,6,129,4,0,4,133
10/04/2003,STX,VI,ASO,ES,Federal Contract Tower,8,10,5,1,24,4,46,23,1,74,12,56,28,2,98,20,0,20,118
10/05/2003,STX,VI,ASO,ES,Federal Contract Tower,10,14,6,1,31,0,45,35,0,80,10,59,41,1,111,12,0,12,123
10/06/2003,STX,VI,ASO,ES,Federal Contract Tower,9,12,6,2,29,1,64,29,1,95,10,76,35,3,124,24,0,24,148
10/07/2003,STX,VI,ASO,ES,Federal Contract Tower,8,12,6,2,28,0,61,30,3,94,8,73,36,5,122,0,0,0,122
10/08/2003,STX,VI,ASO,ES,Federal Contract Tower,10,13,6,3,32,0,61,54,5,120,10,74,60,8,152,12,0,12,164
10/09/2003,STX,VI,ASO,ES,Federal Contract Tower,8,29,13,2,52,0,30,18,0,48,8,59,31,2,100,0,0,0,100
10/10/2003,STX,VI,ASO,ES,Federal Contract Tower,9,21,9,4,43,0,75,30,3,108,9,96,39,7,151,2,0,2,153
10/11/2003,STX,VI,ASO,ES,Federal Contract Tower,6,7,3,2,18,4,62,16,1,83,10,69,19,3,101,38,0,38,139
10/12/2003,STX,VI,ASO,ES,Federal Contract Tower,6,9,4,2,21,0,53,13,5,71,6,62,17,7,92,10,0,10,102
10/13/2003,STX,VI,ASO,ES,Federal Contract Tower,10,13,6,3,32,0,77,9,2,88,10,90,15,5,120,0,0,0,120
10/14/2003,STX,VI,ASO,ES,Federal Contract Tower,10,11,5,2,28,0,58,36,3,97,10,69,41,5,125,6,0,6,131
10/15/2003,STX,VI,ASO,ES,Federal Contract Tower,11,12,5,2,30,0,61,52,6,119,11,73,57,8,149,24,0,24,173
10/16/2003,STX,VI,ASO,ES,Federal Contract Tower,9,11,6,2,28,0,67,45,2,114,9,78,51,4,142,16,0,16,158
10/17/2003,STX,VI,ASO,ES,Federal Contract Tower,8,10,5,2,25,0,86,48,5,139,8,96,53,7,164,26,0,26,190
10/18/2003,STX,VI,ASO,ES,Federal Contract Tower,7,7,3,2,19,5,57,28,8,98,12,64,31,10,117,30,0,30,147
10/19/2003,STX,VI,ASO,ES,Federal Contract Tower,7,8,3,2,20,1,51,11,5,68,8,59,14,7,88,22,0,22,110
10/20/2003,STX,VI,ASO,ES,Federal Contract Tower,11,13,6,1,31,1,69,24,0,94,12,82,30,1,125,6,0,6,131
10/21/2003,STX,VI,ASO,ES,Federal Contract Tower,9,12,5,0,26,0,61,31,0,92,9,73,36,0,118,20,0,20,138
10/22/2003,STX,VI,ASO,ES,Federal Contract Tower,10,14,6,1,31,0,56,39,5,100,10,70,45,6,131,8,4,12,143
10/23/2003,STX,VI,ASO,ES,Federal Contract Tower,9,11,5,0,25,2,64,28,0,94,11,75,33,0,119,40,0,40,159
10/24/2003,STX,VI,ASO,ES,Federal Contract Tower,9,11,5,1,26,2,75,36,1,114,11,86,41,2,140,40,0,40,180
10/25/2003,STX,VI,ASO,ES,Federal Contract Tower,7,10,4,1,22,7,55,31,1,94,14,65,35,2,116,62,0,62,178
10/26/2003,STX,VI,ASO,ES,Federal Contract Tower,7,8,3,1,19,3,62,15,1,81,10,70,18,2,100,34,0,34,134
10/27/2003,STX,VI,ASO,ES,Federal Contract Tower,9,12,6,1,28,0,76,23,0,99,9,88,29,1,127,2,0,2,129
10/28/2003,STX,VI,ASO,ES,Federal Contract Tower,9,11,5,0,25,3,63,24,0,90,12,74,29,0,115,10,0,10,125
10/29/2003,STX,VI,ASO,ES,Federal Contract Tower,11,14,6,0,31,0,58,38,0,96,11,72,44,0,127,4,0,4,131
10/30/2003,STX,VI,ASO,ES,Federal Contract Tower,12,17,7,0,36,0,63,24,0,87,12,80,31,0,123,0,0,0,123
10/31/2003,STX,VI,ASO,ES,Federal Contract Tower,9,14,6,1,30,0,81,55,1,137,9,95,61,2,167,30,0,30,197
11/01/2003,STX,VI,ASO,ES,Federal Contract Tower,7,10,6,1,24,5,62,19,0,86,12,72,25,1,110,20,0,20,130
11/02/2003,STX,VI,ASO,ES,Federal Contract Tower,11,16,9,0,36,2,42,35,0,79,13,58,44,0,115,8,0,8,123
11/03/2003,STX,VI,ASO,ES,Federal Contract Tower,8,12,6,1,27,5,66,14,0,85,13,78,20,1,112,18,0,18,130
11/04/2003,STX,VI,ASO,ES,Federal Contract Tower,9,13,7,1,30,0,65,35,0,100,9,78,42,1,130,40,0,40,170
11/05/2003,STX,VI,ASO,ES,Federal Contract Tower,11,15,9,1,36,0,63,38,7,108,11,78,47,8,144,16,0,16,160
11/06/2003,STX,VI,ASO,ES,Federal Contract Tower,11,16,9,1,37,3,63,28,5,99,14,79,37,6,136,58,2,60,196
11/07/2003,STX,VI,ASO,ES,Federal Contract Tower,12,16,9,1,38,1,79,33,15,128,13,95,42,16,166,12,0,12,178
11/08/2003,STX,VI,ASO,ES,Federal Contract Tower,10,14,9,1,34,2,73,23,1,99,12,87,32,2,133,44,0,44,177
11/09/2003,STX,VI,ASO,ES,Federal Contract Tower,14,21,10,3,48,0,61,16,13,90,14,82,26,16,138,30,0,30,168
11/10/2003,STX,VI,ASO,ES,Federal Contract Tower,14,19,10,3,46,0,60,20,0,80,14,79,30,3,126,0,0,0,126
11/11/2003,STX,VI,ASO,ES,Federal Contract Tower,9,25,13,2,49,0,27,5,0,32,9,52,18,2,81,0,0,0,81
11/12/2003,STX,VI,ASO,ES,Federal Contract Tower,11,30,16,0,57,0,19,19,0,38,11,49,35,0,95,0,0,0,95
11/13/2003,STX,VI,ASO,ES,Federal Contract Tower,14,28,15,4,61,0,41,9,8,58,14,69,24,12,119,0,14,14,133
11/14/2003,STX,VI,ASO,ES,Federal Contract Tower,13,27,14,3,57,0,46,15,0,61,13,73,29,3,118,0,0,0,118
11/15/2003,STX,VI,ASO,ES,Federal Contract Tower,12,14,7,2,35,3,51,16,2,72,15,65,23,4,107,68,0,68,175
11/16/2003,STX,VI,ASO,ES,Federal Contract Tower,9,11,5,2,27,5,70,7,16,98,14,81,12,18,125,72,6,78,203
11/17/2003,STX,VI,ASO,ES,Federal Contract Tower,11,20,11,0,42,0,50,28,0,78,11,70,39,0,120,16,0,16,136
11/18/2003,STX,VI,ASO,ES,Federal Contract Tower,8,14,7,1,30,0,66,37,0,103,8,80,44,1,133,36,0,36,169
11/19/2003,STX,VI,ASO,ES,Federal Contract Tower,8,18,10,3,39,0,59,37,1,97,8,77,47,4,136,22,0,22,158
11/20/2003,STX,VI,ASO,ES,Federal Contract Tower,12,14,8,2,36,1,62,47,0,110,13,76,55,2,146,24,0,24,170
11/21/2003,STX,VI,ASO,ES,Federal Contract Tower,14,17,9,3,43,0,72,39,4,115,14,89,48,7,158,18,0,18,176
11/22/2003,STX,VI,ASO,ES,Federal Contract Tower,13,16,8,3,40,3,49,13,4,69,16,65,21,7,109,44,0,44,153
11/23/2003,STX,VI,ASO,ES,Federal Contract Tower,7,7,4,1,19,5,61,15,3,84,12,68,19,4,103,50,0,50,153
11/24/2003,STX,VI,ASO,ES,Federal Contract Tower,12,14,7,2,35,1,73,39,3,116,13,87,46,5,151,8,0,8,159
11/25/2003,STX,VI,ASO,ES,Federal Contract Tower,10,12,6,2,30,4,64,34,2,104,14,76,40,4,134,22,0,22,156
11/26/2003,STX,VI,ASO,ES,Federal Contract Tower,9,12,5,1,27,5,85,35,2,127,14,97,40,3,154,36,0,36,190
11/27/2003,STX,VI,ASO,ES,Federal Contract Tower,9,12,6,0,27,1,49,3,0,53,10,61,9,0,80,0,0,0,80
11/28/2003,STX,VI,ASO,ES,Federal Contract Tower,10,14,6,1,31,0,92,33,0,125,10,106,39,1,156,24,0,24,180
11/29/2003,STX,VI,ASO,ES,Federal Contract Tower,9,11,5,0,25,9,56,38,0,103,18,67,43,0,128,62,0,62,190
11/30/2003,STX,VI,ASO,ES,Federal Contract Tower,6,9,4,1,20,6,67,32,0,105,12,76,36,1,125,22,0,22,147
12/01/2003,STX,VI,ASO,ES,Federal Contract Tower,15,15,8,1,39,0,82,31,2,115,15,97,39,3,154,24,0,24,178
12/02/2003,STX,VI,ASO,ES,Federal Contract Tower,14,13,6,1,34,3,66,22,2,93,17,79,28,3,127,12,0,12,139
12/03/2003,STX,VI,ASO,ES,Federal Contract Tower,15,14,7,1,37,2,62,44,5,113,17,76,51,6,150,22,4,26,176
12/04/2003,STX,VI,ASO,ES,Federal Contract Tower,14,12,6,1,33,1,59,34,5,99,15,71,40,6,132,18,4,22,154
12/05/2003,STX,VI,ASO,ES,Federal Contract Tower,16,15,7,1,39,0,73,46,1,120,16,88,53,2,159,18,0,18,177
12/06/2003,STX,VI,ASO,ES,Federal Contract Tower,19,16,8,2,45,1,52,16,1,70,20,68,24,3,115,34,12,46,161
12/07/2003,STX,VI,ASO,ES,Federal Contract Tower,11,9,5,1,26,7,51,13,0,71,18,60,18,1,97,22,10,32,129
12/08/2003,STX,VI,ASO,ES,Federal Contract Tower,14,21,11,2,48,0,59,19,2,80,14,80,30,4,128,0,0,0,128
12/09/2003,STX,VI,ASO,ES,Federal Contract Tower,12,11,6,1,30,4,55,36,1,96,16,66,42,2,126,22,0,22,148
12/10/2003,STX,VI,ASO,ES,Federal Contract Tower,13,12,6,0,31,3,64,36,0,103,16,76,42,0,134,0,0,0,134
12/11/2003,STX,VI,ASO,ES,Federal Contract Tower,11,11,5,1,28,5,75,31,3,114,16,86,36,4,142,36,0,36,178
12/12/2003,STX,VI,ASO,ES,Federal Contract Tower,16,16,8,1,41,0,81,39,10,130,16,97,47,11,171,2,24,26,197
12/13/2003,STX,VI,ASO,ES,Federal Contract Tower,14,12,6,1,33,6,59,36,4,105,20,71,42,5,138,44,0,44,182
12/14/2003,STX,VI,ASO,ES,Federal Contract Tower,11,11,4,2,28,7,50,19,3,79,18,61,23,5,107,6,0,6,113
12/15/2003,STX,VI,ASO,ES,Federal Contract Tower,12,11,5,2,30,5,76,30,1,112,17,87,35,3,142,28,0,28,170
12/16/2003,STX,VI,ASO,ES,Federal Contract Tower,14,12,5,1,32,1,79,29,0,109,15,91,34,1,141,56,0,56,197
12/17/2003,STX,VI,ASO,ES,Federal Contract Tower,18,16,7,2,43,0,80,56,0,136,18,96,63,2,179,0,0,0,179
12/18/2003,STX,VI,ASO,ES,Federal Contract Tower,13,12,6,2,33,0,83,44,0,127,13,95,50,2,160,22,22,44,204
12/19/2003,STX,VI,ASO,ES,Federal Contract Tower,14,11,5,2,32,0,92,51,1,144,14,103,56,3,176,68,0,68,244
12/20/2003,STX,VI,ASO,ES,Federal Contract Tower,15,11,5,2,33,4,75,39,0,118,19,86,44,2,151,32,0,32,183
12/21/2003,STX,VI,ASO,ES,Federal Contract Tower,12,10,4,1,27,0,64,25,0,89,12,74,29,1,116,58,0,58,174
12/22/2003,STX,VI,ASO,ES,Federal Contract Tower,15,15,8,2,40,0,101,44,0,145,15,116,52,2,185,44,0,44,229
12/23/2003,STX,VI,ASO,ES,Federal Contract Tower,11,12,5,2,30,0,98,44,0,142,11,110,49,2,172,16,0,16,188
12/24/2003,STX,VI,ASO,ES,Federal Contract Tower,15,16,7,0,38,0,77,22,0,99,15,93,29,0,137,8,0,8,145
12/25/2003,STX,VI,ASO,ES,Federal Contract Tower,12,8,4,1,25,0,62,9,0,71,12,70,13,1,96,0,0,0,96
12/26/2003,STX,VI,ASO,ES,Federal Contract Tower,11,13,6,2,32,0,75,64,0,139,11,88,70,2,171,4,0,4,175
12/27/2003,STX,VI,ASO,ES,Federal Contract Tower,10,18,8,3,39,0,52,33,5,90,10,70,41,8,129,30,16,46,175
12/28/2003,STX,VI,ASO,ES,Federal Contract Tower,13,11,5,0,29,0,79,19,0,98,13,90,24,0,127,4,0,4,131
12/29/2003,STX,VI,ASO,ES,Federal Contract Tower,17,15,7,0,39,0,89,30,0,119,17,104,37,0,158,26,0,26,184
12/30/2003,STX,VI,ASO,ES,Federal Contract Tower,14,11,5,1,31,0,79,35,1,115,14,90,40,2,146,20,0,20,166
12/31/2003,STX,VI,ASO,ES,Federal Contract Tower,15,13,6,1,35,0,89,40,0,129,15,102,46,1,164,28,10,38,202
01/01/2004,STX,VI,ASO,ES,Federal Contract Tower,8,7,5,0,20,7,62,6,0,75,15,69,11,0,95,0,0,0,95
01/02/2004,STX,VI,ASO,ES,Federal Contract Tower,11,13,7,0,31,0,99,28,0,127,11,112,35,0,158,10,0,10,168
01/03/2004,STX,VI,ASO,ES,Federal Contract Tower,18,15,9,0,42,0,69,42,0,111,18,84,51,0,153,44,0,44,197
01/04/2004,STX,VI,ASO,ES,Federal Contract Tower,11,12,6,0,29,0,72,45,0,117,11,84,51,0,146,12,0,12,158
01/05/2004,STX,VI,ASO,ES,Federal Contract Tower,16,18,10,2,46,0,83,21,4,108,16,101,31,6,154,20,10,30,184
01/06/2004,STX,VI,ASO,ES,Federal Contract Tower,14,16,9,1,40,0,60,20,0,80,14,76,29,1,120,12,0,12,132
01/07/2004,STX,VI,ASO,ES,Federal Contract Tower,14,13,8,1,36,0,88,30,9,127,14,101,38,10,163,30,12,42,205
01/08/2004,STX,VI,ASO,ES,Federal Contract Tower,15,17,10,2,44,0,75,56,6,137,15,92,66,8,181,0,8,8,189
01/09/2004,STX,VI,ASO,ES,Federal Contract Tower,15,13,8,1,37,1,85,41,8,135,16,98,49,9,172,46,4,50,222
01/10/2004,STX,VI,ASO,ES,Federal Contract Tower,18,15,8,2,43,1,57,19,1,78,19,72,27,3,121,22,0,22,143
01/11/2004,STX,VI,ASO,ES,Federal Contract Tower,13,11,5,1,30,3,69,11,0,83,16,80,16,1,113,30,0,30,143
01/12/2004,STX,VI,ASO,ES,Federal Contract Tower,14,13,7,0,34,0,78,27,0,105,14,91,34,0,139,22,0,22,161
01/13/2004,STX,VI,ASO,ES,Federal Contract Tower,12,11,5,1,29,4,67,22,0,93,16,78,27,1,122,14,0,14,136
01/14/2004,STX,VI,ASO,ES,Federal Contract Tower,16,14,7,2,39,0,73,36,4,113,16,87,43,6,152,48,8,56,208
01/15/2004,STX,VI,ASO,ES,Federal Contract Tower,16,13,6,2,37,0,66,31,4,101,16,79,37,6,138,30,0,30,168
01/16/2004,STX,VI,ASO,ES,Federal Contract Tower,13,10,6,2,31,0,83,54,3,140,13,93,60,5,171,86,0,86,257
01/17/2004,STX,VI,ASO,ES,Federal Contract Tower,13,10,5,2,30,4,50,40,0,94,17,60,45,2,124,20,6,26,150
01/18/2004,STX,VI,ASO,ES,Federal Contract Tower,11,7,4,1,23,4,56,15,0,75,15,63,19,1,98,0,0,0,98
01/19/2004,STX,VI,ASO,ES,Federal Contract Tower,13,10,5,0,28,2,58,30,0,90,15,68,35,0,118,32,0,32,150
01/20/2004,STX,VI,ASO,ES,Federal Contract Tower,16,15,8,2,41,0,62,38,0,100,16,77,46,2,141,2,0,2,143
01/21/2004,STX,VI,ASO,ES,Federal Contract Tower,15,12,6,2,35,1,65,40,0,106,16,77,46,2,141,32,0,32,173
01/22/2004,STX,VI,ASO,ES,Federal Contract Tower,15,10,6,1,32,1,70,51,0,122,16,80,57,1,154,54,0,54,208
01/23/2004,STX,VI,ASO,ES,Federal Contract Tower,15,15,8,3,41,0,83,31,6,120,15,98,39,9,161,46,8,54,215
01/24/2004,STX,VI,ASO,ES,Federal Contract Tower,15,11,6,2,34,6,58,42,14,120,21,69,48,16,154,44,52,96,250
01/25/2004,STX,VI,ASO,ES,Federal Contract Tower,10,8,4,1,23,4,65,19,2,90,14,73,23,3,113,28,0,28,141
01/26/2004,STX,VI,ASO,ES,Federal Contract Tower,14,14,6,0,34,0,71,21,0,92,14,85,27,0,126,36,0,36,162
01/27/2004,STX,VI,ASO,ES,Federal Contract Tower,14,14,6,0,34,0,67,30,0,97,14,81,36,0,131,34,0,34,165
01/28/2004,STX,VI,ASO,ES,Federal Contract Tower,14,15,8,1,38,0,75,46,10,131,14,90,54,11,169,12,0,12,181
01/29/2004,STX,VI,ASO,ES,Federal Contract Tower,14,12,5,1,32,2,72,33,5,112,16,84,38,6,144,32,0,32,176
01/30/2004,STX,VI,ASO,ES,Federal Contract Tower,14,11,5,1,31,2,74,37,3,116,16,85,42,4,147,32,0,32,179
01/31/2004,STX,VI,ASO,ES,Federal Contract Tower,13,11,5,1,30,6,59,21,0,86,19,70,26,1,116,62,0,62,178
02/01/2004,STX,VI,ASO,ES,Federal Contract Tower,10,9,7,0,26,8,49,20,2,79,18,58,27,2,105,28,0,28,133
02/02/2004,STX,VI,ASO,ES,Federal Contract Tower,14,12,7,0,33,3,70,22,0,95,17,82,29,0,128,24,0,24,152
02/03/2004,STX,VI,ASO,ES,Federal Contract Tower,16,15,9,0,40,0,64,47,0,111,16,79,56,0,151,20,0,20,171
02/04/2004,STX,VI,ASO,ES,Federal Contract Tower,17,15,9,1,42,0,70,45,3,118,17,85,54,4,160,48,0,48,208
02/05/2004,STX,VI,ASO,ES,Federal Contract Tower,17,15,9,1,42,0,68,37,3,108,17,83,46,4,150,40,0,40,190
02/06/2004,STX,VI,ASO,ES,Federal Contract Tower,18,18,11,1,48,0,70,39,2,111,18,88,50,3,159,24,0,24,183
02/07/2004,STX,VI,ASO,ES,Federal Contract Tower,15,12,8,1,36,4,47,21,1,73,19,59,29,2,109,44,0,44,153
02/08/2004,STX,VI,ASO,ES,Federal Contract Tower,13,12,7,1,33,5,34,24,2,65,18,46,31,3,98,2,0,2,100
02/09/2004,STX,VI,ASO,ES,Federal Contract Tower,18,18,11,1,48,0,62,15,2,79,18,80,26,3,127,26,0,26,153
02/10/2004,STX,VI,ASO,ES,Federal Contract Tower,16,14,8,1,39,1,59,25,0,85,17,73,33,1,124,26,0,26,150
02/11/2004,STX,VI,ASO,ES,Federal Contract Tower,15,13,7,1,36,2,69,37,0,108,17,82,44,1,144,18,0,18,162
02/12/2004,STX,VI,ASO,ES,Federal Contract Tower,16,15,8,2,41,0,65,38,2,105,16,80,46,4,146,52,0,52,198
02/13/2004,STX,VI,ASO,ES,Federal Contract Tower,18,16,9,2,45,0,93,55,1,149,18,109,64,3,194,24,0,24,218
02/14/2004,STX,VI,ASO,ES,Federal Contract Tower,14,12,6,0,32,6,63,19,0,88,20,75,25,0,120,20,0,20,140
02/15/2004,STX,VI,ASO,ES,Federal Contract Tower,18,16,9,1,44,2,89,22,0,113,20,105,31,1,157,22,0,22,179
02/16/2004,STX,VI,ASO,ES,Federal Contract Tower,14,10,6,0,30,1,85,35,0,121,15,95,41,0,151,18,0,18,169
02/17/2004,STX,VI,ASO,ES,Federal Contract Tower,16,17,10,2,45,0,72,40,1,113,16,89,50,3,158,30,0,30,188
02/18/2004,STX,VI,ASO,ES,Federal Contract Tower,16,14,8,2,40,0,67,33,4,104,16,81,41,6,144,0,0,0,144
02/19/2004,STX,VI,ASO,ES,Federal Contract Tower,16,13,7,2,38,0,70,46,5,121,16,83,53,7,159,32,0,32,191
02/20/2004,STX,VI,ASO,ES,Federal Contract Tower,15,12,7,2,36,0,95,44,2,141,15,107,51,4,177,38,2,40,217
02/21/2004,STX,VI,ASO,ES,Federal Contract Tower,19,14,8,2,43,0,81,30,8,119,19,95,38,10,162,28,0,28,190
02/22/2004,STX,VI,ASO,ES,Federal Contract Tower,16,12,7,2,37,1,62,13,2,78,17,74,20,4,115,12,0,12,127
02/23/2004,STX,VI,ASO,ES,Federal Contract Tower,18,16,9,2,45,0,70,25,4,99,18,86,34,6,144,2,14,16,160
02/24/2004,STX,VI,ASO,ES,Federal Contract Tower,14,9,6,2,31,4,64,28,4,100,18,73,34,6,131,18,14,32,163
02/25/2004,STX,VI,ASO,ES,Federal Contract Tower,16,12,7,2,37,2,79,46,0,127,18,91,53,2,164,19,0,19,183
02/26/2004,STX,VI,ASO,ES,Federal Contract Tower,16,19,10,1,46,0,64,51,5,120,16,83,61,6,166,24,4,28,194
02/27/2004,STX,VI,ASO,ES,Federal Contract Tower,18,17,9,1,45,0,77,41,1,119,18,94,50,2,164,18,0,18,182
02/28/2004,STX,VI,ASO,ES,Federal Contract Tower,15,12,6,1,34,3,55,21,3,82,18,67,27,4,116,66,0,66,182
02/29/2004,STX,VI,ASO,ES,Federal Contract Tower,17,21,11,2,51,0,38,32,0,70,17,59,43,2,121,8,0,8,129
03/01/2004,STX,VI,ASO,ES,Federal Contract Tower,15,18,9,0,42,3,76,23,0,102,18,94,32,0,144,6,0,6,150
03/02/2004,STX,VI,ASO,ES,Federal Contract Tower,13,16,8,0,37,0,66,20,0,86,13,82,28,0,123,8,0,8,131
03/03/2004,STX,VI,ASO,ES,Federal Contract Tower,13,16,8,2,39,0,77,32,2,111,13,93,40,4,150,0,0,0,150
03/04/2004,STX,VI,ASO,ES,Federal Contract Tower,12,14,8,2,36,2,72,25,3,102,14,86,33,5,138,14,0,14,152
03/05/2004,STX,VI,ASO,ES,Federal Contract Tower,11,13,7,2,33,3,75,36,0,114,14,88,43,2,147,8,0,8,155
03/06/2004,STX,VI,ASO,ES,Federal Contract Tower,8,10,5,1,24,8,55,25,0,88,16,65,30,1,112,26,0,26,138
03/07/2004,STX,VI,ASO,ES,Federal Contract Tower,8,10,5,1,24,6,58,12,2,78,14,68,17,3,102,10,0,10,112
03/08/2004,STX,VI,ASO,ES,Federal Contract Tower,12,16,7,3,38,0,74,30,0,104,12,90,37,3,142,52,0,52,194
03/09/2004,STX,VI,ASO,ES,Federal Contract Tower,11,11,5,2,29,1,67,28,0,96,12,78,33,2,125,24,0,24,149
03/10/2004,STX,VI,ASO,ES,Federal Contract Tower,10,11,5,0,26,1,69,46,0,116,11,80,51,0,142,42,0,42,184
03/11/2004,STX,VI,ASO,ES,Federal Contract Tower,14,15,7,3,39,0,64,41,4,109,14,79,48,7,148,8,0,8,156
03/12/2004,STX,VI,ASO,ES,Federal Contract Tower,14,16,8,3,41,0,94,46,5,145,14,110,54,8,186,56,6,62,248
03/13/2004,STX,VI,ASO,ES,Federal Contract Tower,12,12,5,3,32,4,54,28,2,88,16,66,33,5,120,56,0,56,176
03/14/2004,STX,VI,ASO,ES,Federal Contract Tower,12,12,6,1,31,0,55,30,0,85,12,67,36,1,116,16,0,16,132
03/15/2004,STX,VI,ASO,ES,Federal Contract Tower,12,12,5,0,29,0,79,20,0,99,12,91,25,0,128,22,0,22,150
03/16/2004,STX,VI,ASO,ES,Federal Contract Tower,11,16,8,3,38,0,65,45,0,110,11,81,53,3,148,36,0,36,184
03/17/2004,STX,VI,ASO,ES,Federal Contract Tower,13,15,8,3,39,0,67,49,7,123,13,82,57,10,162,32,0,32,194
03/18/2004,STX,VI,ASO,ES,Federal Contract Tower,13,21,11,4,49,0,67,39,15,121,13,88,50,19,170,52,0,52,222
03/19/2004,STX,VI,ASO,ES,Federal Contract Tower,14,19,9,4,46,0,70,39,0,109,14,89,48,4,155,30,0,30,185
03/20/2004,STX,VI,ASO,ES,Federal Contract Tower,16,21,11,4,52,0,60,7,6,73,16,81,18,10,125,24,0,24,149
03/21/2004,STX,VI,ASO,ES,Federal Contract Tower,12,13,6,3,34,2,59,13,6,80,14,72,19,9,114,20,0,20,134
03/22/2004,STX,VI,ASO,ES,Federal Contract Tower,11,11,5,2,29,4,76,25,0,105,15,87,30,2,134,44,0,44,178
03/23/2004,STX,VI,ASO,ES,Federal Contract Tower,12,13,6,2,33,0,62,30,0,92,12,75,36,2,125,10,2,12,137
03/24/2004,STX,VI,ASO,ES,Federal Contract Tower,13,17,8,2,40,0,80,30,3,113,13,97,38,5,153,0,0,0,153
03/25/2004,STX,VI,ASO,ES,Federal Contract Tower,10,11,6,1,28,3,77,32,5,117,13,88,38,6,145,0,0,0,145
03/26/2004,STX,VI,ASO,ES,Federal Contract Tower,14,19,8,2,43,0,72,29,0,101,14,91,37,2,144,50,28,78,222
03/27/2004,STX,VI,ASO,ES,Federal Contract Tower,14,15,6,1,36,2,49,19,0,70,16,64,25,1,106,28,0,28,134
03/28/2004,STX,VI,ASO,ES,Federal Contract Tower,14,15,6,2,37,2,64,10,2,78,16,79,16,4,115,44,0,44,159
03/29/2004,STX,VI,ASO,ES,Federal Contract Tower,14,20,9,3,46,0,65,37,0,102,14,85,46,3,148,58,0,58,206
03/30/2004,STX,VI,ASO,ES,Federal Contract Tower,12,15,7,2,36,0,53,36,0,89,12,68,43,2,125,6,0,6,131
03/31/2004,STX,VI,ASO,ES,Federal Contract Tower,12,18,8,3,41,0,79,49,0,128,12,97,57,3,169,88,0,88,257
04/01/2004,STX,VI,ASO,ES,Federal Contract Tower,15,15,8,2,40,0,75,46,5,126,15,90,54,7,166,32,0,32,198
04/02/2004,STX,VI,ASO,ES,Federal Contract Tower,13,17,9,0,39,0,80,40,0,120,13,97,49,0,159,82,0,82,241
04/03/2004,STX,VI,ASO,ES,Federal Contract Tower,15,14,7,2,38,2,62,23,0,87,17,76,30,2,125,96,0,96,221
04/04/2004,STX,VI,ASO,ES,Federal Contract Tower,15,16,9,2,42,0,58,8,18,84,15,74,17,20,126,14,18,32,158
04/05/2004,STX,VI,ASO,ES,Federal Contract Tower,16,14,8,2,40,0,58,32,1,91,16,72,40,3,131,48,0,48,179
04/06/2004,STX,VI,ASO,ES,Federal Contract Tower,17,15,8,1,41,0,62,49,0,111,17,77,57,1,152,20,0,20,172
04/07/2004,STX,VI,ASO,ES,Federal Contract Tower,17,15,8,2,42,1,67,46,0,114,18,82,54,2,156,38,0,38,194
04/08/2004,STX,VI,ASO,ES,Federal Contract Tower,13,12,7,0,32,2,73,45,0,120,15,85,52,0,152,38,0,38,190
04/09/2004,STX,VI,ASO,ES,Federal Contract Tower,13,11,6,1,31,4,52,31,0,87,17,63,37,1,118,30,0,30,148
04/10/2004,STX,VI,ASO,ES,Federal Contract Tower,12,10,5,2,29,6,43,24,0,73,18,53,29,2,102,2,0,2,104
04/11/2004,STX,VI,ASO,ES,Federal Contract Tower,9,8,4,1,22,4,55,9,0,68,13,63,13,1,90,6,0,6,96
04/12/2004,STX,VI,ASO,ES,Federal Contract Tower,18,16,7,2,43,3,60,48,0,111,21,76,55,2,154,16,0,16,170
04/13/2004,STX,VI,ASO,ES,Federal Contract Tower,15,12,6,1,34,1,62,33,0,96,16,74,39,1,130,42,0,42,172
04/14/2004,STX,VI,ASO,ES,Federal Contract Tower,17,16,8,3,44,0,71,40,4,115,17,87,48,7,159,50,0,50,209
04/15/2004,STX,VI,ASO,ES,Federal Contract Tower,15,14,6,2,37,0,62,30,0,92,15,76,36,2,129,20,0,20,149
04/16/2004,STX,VI,ASO,ES,Federal Contract Tower,18,16,8,1,43,1,62,46,0,109,19,78,54,1,152,0,0,0,152
04/17/2004,STX,VI,ASO,ES,Federal Contract Tower,13,12,6,2,33,6,52,27,0,85,19,64,33,2,118,0,0,0,118
04/18/2004,STX,VI,ASO,ES,Federal Contract Tower,12,10,5,1,28,0,54,22,0,76,12,64,27,1,104,10,0,10,114
04/19/2004,STX,VI,ASO,ES,Federal Contract Tower,15,17,9,2,43,0,64,19,0,83,15,81,28,2,126,52,0,52,178
04/20/2004,STX,VI,ASO,ES,Federal Contract Tower,16,16,8,0,40,0,66,28,0,94,16,82,36,0,134,20,0,20,154
04/21/2004,STX,VI,ASO,ES,Federal Contract Tower,16,15,7,3,41,0,65,40,0,105,16,80,47,3,146,42,0,42,188
04/22/2004,STX,VI,ASO,ES,Federal Contract Tower,13,15,7,3,38,0,64,41,1,106,13,79,48,4,144,26,6,32,176
04/23/2004,STX,VI,ASO,ES,Federal Contract Tower,16,16,8,3,43,0,69,37,1,107,16,85,45,4,150,22,0,22,172
04/24/2004,STX,VI,ASO,ES,Federal Contract Tower,14,11,6,2,33,5,51,24,1,81,19,62,30,3,114,30,0,30,144
04/25/2004,STX,VI,ASO,ES,Federal Contract Tower,11,8,4,0,23,4,57,14,0,75,15,65,18,0,98,10,0,10,108
04/26/2004,STX,VI,ASO,ES,Federal Contract Tower,16,12,6,2,36,1,60,37,0,98,17,72,43,2,134,12,0,12,146
04/27/2004,STX,VI,ASO,ES,Federal Contract Tower,16,14,6,2,38,1,69,67,1,138,17,83,73,3,176,20,0,20,196
04/28/2004,STX,VI,ASO,ES,Federal Contract Tower,16,12,6,2,36,2,96,45,3,146,18,108,51,5,182,22,0,22,204
04/29/2004,STX,VI,ASO,ES,Federal Contract Tower,18,14,7,2,41,0,82,30,1,113,18,96,37,3,154,10,0,10,164
04/30/2004,STX,VI,ASO,ES,Federal Contract Tower,20,16,8,2,46,1,68,32,3,104,21,84,40,5,150,30,10,40,190
05/01/2004,STX,VI,ASO,ES,Federal Contract Tower,12,13,7,2,34,5,59,25,7,96,17,72,32,9,130,8,0,8,138
05/02/2004,STX,VI,ASO,ES,Federal Contract Tower,10,11,6,1,28,6,75,23,1,105,16,86,29,2,133,16,0,16,149
05/03/2004,STX,VI,ASO,ES,Federal Contract Tower,16,17,9,3,45,1,77,28,1,107,17,94,37,4,152,42,2,44,196
05/04/2004,STX,VI,ASO,ES,Federal Contract Tower,17,19,10,3,49,0,54,31,2,87,17,73,41,5,136,20,0,20,156
05/05/2004,STX,VI,ASO,ES,Federal Contract Tower,16,17,9,2,44,2,64,53,0,119,18,81,62,2,163,20,0,20,183
05/06/2004,STX,VI,ASO,ES,Federal Contract Tower,13,14,8,2,37,1,64,31,8,104,14,78,39,10,141,22,30,52,193
05/07/2004,STX,VI,ASO,ES,Federal Contract Tower,15,16,8,2,41,0,78,44,2,124,15,94,52,4,165,70,0,70,235
05/08/2004,STX,VI,ASO,ES,Federal Contract Tower,13,13,7,2,35,5,55,26,0,86,18,68,33,2,121,18,0,18,139
05/09/2004,STX,VI,ASO,ES,Federal Contract Tower,11,12,6,1,30,5,50,9,0,64,16,62,15,1,94,4,0,4,98
05/10/2004,STX,VI,ASO,ES,Federal Contract Tower,14,15,8,1,38,3,60,33,0,96,17,75,41,1,134,56,0,56,190
05/11/2004,STX,VI,ASO,ES,Federal Contract Tower,15,15,8,2,40,1,55,21,2,79,16,70,29,4,119,30,0,30,149
05/12/2004,STX,VI,ASO,ES,Federal Contract Tower,14,17,8,0,39,0,59,35,0,94,14,76,43,0,133,8,0,8,141
05/13/2004,STX,VI,ASO,ES,Federal Contract Tower,16,21,10,4,51,0,57,27,0,84,16,78,37,4,135,0,0,0,135
05/14/2004,STX,VI,ASO,ES,Federal Contract Tower,12,21,10,4,47,0,62,31,1,94,12,83,41,5,141,0,0,0,141
05/15/2004,STX,VI,ASO,ES,Federal Contract Tower,12,13,6,3,34,4,50,19,6,79,16,63,25,9,113,0,0,0,113
05/16/2004,STX,VI,ASO,ES,Federal Contract Tower,11,11,5,3,30,0,54,10,3,67,11,65,15,6,97,6,0,6,103
05/17/2004,STX,VI,ASO,ES,Federal Contract Tower,15,15,8,3,41,0,61,24,2,87,15,76,32,5,128,0,0,0,128
05/18/2004,STX,VI,ASO,ES,Federal Contract Tower,16,15,7,3,41,0,54,38,6,98,16,69,45,9,139,4,0,4,143
05/19/2004,STX,VI,ASO,ES,Federal Contract Tower,15,18,9,4,46,0,53,40,2,95,15,71,49,6,141,0,0,0,141
05/20/2004,STX,VI,ASO,ES,Federal Contract Tower,15,23,11,5,54,0,41,20,3,64,15,64,31,8,118,12,20,32,150
05/21/2004,STX,VI,ASO,ES,Federal Contract Tower,16,23,12,5,56,0,57,17,5,79,16,80,29,10,135,0,0,0,135
05/22/2004,STX,VI,ASO,ES,Federal Contract Tower,16,19,9,4,48,0,41,0,4,45,16,60,9,8,93,0,0,0,93
05/23/2004,STX,VI,ASO,ES,Federal Contract Tower,13,12,6,3,34,2,55,3,0,60,15,67,9,3,94,6,0,6,100
05/24/2004,STX,VI,ASO,ES,Federal Contract Tower,16,18,9,3,46,0,59,38,0,97,16,77,47,3,143,16,0,16,159
05/25/2004,STX,VI,ASO,ES,Federal Contract Tower,15,14,7,1,37,0,62,30,0,92,15,76,37,1,129,10,0,10,139
05/26/2004,STX,VI,ASO,ES,Federal Contract Tower,16,15,8,2,41,0,61,61,0,122,16,76,69,2,163,8,0,8,171
05/27/2004,STX,VI,ASO,ES,Federal Contract Tower,14,13,7,3,37,2,54,32,1,89,16,67,39,4,126,2,0,2,128
05/28/2004,STX,VI,ASO,ES,Federal Contract Tower,16,16,8,2,42,0,72,40,0,112,16,88,48,2,154,2,0,2,156
05/29/2004,STX,VI,ASO,ES,Federal Contract Tower,11,11,5,1,28,7,63,38,2,110,18,74,43,3,138,24,0,24,162
05/30/2004,STX,VI,ASO,ES,Federal Contract Tower,9,8,4,1,22,4,67,16,8,95,13,75,20,9,117,28,0,28,145
05/31/2004,STX,VI,ASO,ES,Federal Contract Tower,12,11,5,0,28,2,67,31,0,100,14,78,36,0,128,22,0,22,150
06/01/2004,STX,VI,ASO,ES,Federal Contract Tower,15,12,7,0,34,1,65,26,0,92,16,77,33,0,126,0,0,0,126
06/02/2004,STX,VI,ASO,ES,Federal Contract Tower,13,11,6,1,31,3,64,35,0,102,16,75,41,1,133,8,0,8,141
06/03/2004,STX,VI,ASO,ES,Federal Contract Tower,18,17,9,2,46,0,52,40,9,101,18,69,49,11,147,0,0,0,147
06/04/2004,STX,VI,ASO,ES,Federal Contract Tower,14,13,7,2,36,0,79,28,1,108,14,92,35,3,144,2,2,4,148
06/05/2004,STX,VI,ASO,ES,Federal Contract Tower,13,11,7,1,32,4,56,16,4,80,17,67,23,5,112,16,22,38,150
06/06/2004,STX,VI,ASO,ES,Federal Contract Tower,11,10,5,1,27,2,48,11,7,68,13,58,16,8,95,0,30,30,125
06/07/2004,STX,VI,ASO,ES,Federal Contract Tower,11,10,5,1,27,3,67,29,7,106,14,77,34,8,133,18,0,18,151
06/08/2004,STX,VI,ASO,ES,Federal Contract Tower,12,10,6,1,29,4,74,27,5,110,16,84,33,6,139,0,10,10,149
06/09/2004,STX,VI,ASO,ES,Federal Contract Tower,15,14,7,2,38,0,66,44,1,111,15,80,51,3,149,32,0,32,181
06/10/2004,STX,VI,ASO,ES,Federal Contract Tower,16,18,10,2,46,0,62,29,5,96,16,80,39,7,142,16,0,16,158
06/11/2004,STX,VI,ASO,ES,Federal Contract Tower,18,15,8,1,42,0,66,44,0,110,18,81,52,1,152,28,0,28,180
06/12/2004,STX,VI,ASO,ES,Federal Contract Tower,11,10,5,2,28,7,44,21,4,76,18,54,26,6,104,14,0,14,118
06/13/2004,STX,VI,ASO,ES,Federal Contract Tower,10,8,4,2,24,3,56,14,6,79,13,64,18,8,103,24,0,24,127
06/14/2004,STX,VI,ASO,ES,Federal Contract Tower,15,13,6,3,37,0,78,9,1,88,15,91,15,4,125,46,0,46,171
06/15/2004,STX,VI,ASO,ES,Federal Contract Tower,14,12,5,0,31,2,68,34,0,104,16,80,39,0,135,36,0,36,171
06/16/2004,STX,VI,ASO,ES,Federal Contract Tower,15,15,7,3,40,0,66,34,4,104,15,81,41,7,144,6,0,6,150
06/17/2004,STX,VI,ASO,ES,Federal Contract Tower,15,17,8,3,43,0,59,44,9,112,15,76,52,12,155,0,0,0,155
06/18/2004,STX,VI,ASO,ES,Federal Contract Tower,15,13,6,3,37,0,72,43,5,120,15,85,49,8,157,16,0,16,173
06/19/2004,STX,VI,ASO,ES,Federal Contract Tower,14,10,6,2,32,4,58,28,1,91,18,68,34,3,123,48,0,48,171
06/20/2004,STX,VI,ASO,ES,Federal Contract Tower,12,9,5,0,26,4,51,15,0,70,16,60,20,0,96,16,0,16,112
06/21/2004,STX,VI,ASO,ES,Federal Contract Tower,15,13,6,1,35,0,81,24,0,105,15,94,30,1,140,38,0,38,178
06/22/2004,STX,VI,ASO,ES,Federal Contract Tower,12,9,4,0,25,2,68,33,0,103,14,77,37,0,128,22,0,22,150
06/23/2004,STX,VI,ASO,ES,Federal Contract Tower,15,13,6,3,37,0,72,35,2,109,15,85,41,5,146,0,2,2,148
06/24/2004,STX,VI,ASO,ES,Federal Contract Tower,14,17,8,4,43,0,55,46,6,107,14,72,54,10,150,48,26,74,224
06/25/2004,STX,VI,ASO,ES,Federal Contract Tower,17,14,7,3,41,0,71,35,0,106,17,85,42,3,147,52,0,52,199
06/26/2004,STX,VI,ASO,ES,Federal Contract Tower,12,9,4,2,27,5,58,34,1,98,17,67,38,3,125,24,0,24,149
06/27/2004,STX,VI,ASO,ES,Federal Contract Tower,10,8,4,0,22,0,60,14,0,74,10,68,18,0,96,6,0,6,102
06/28/2004,STX,VI,ASO,ES,Federal Contract Tower,13,12,6,0,31,0,63,34,0,97,13,75,40,0,128,40,0,40,168
06/29/2004,STX,VI,ASO,ES,Federal Contract Tower,13,13,6,2,34,0,62,52,6,120,13,75,58,8,154,48,0,48,202
06/30/2004,STX,VI,ASO,ES,Federal Contract Tower,15,13,6,2,36,0,68,38,3,109,15,81,44,5,145,18,0,18,163
07/01/2004,STX,VI,ASO,ES,Federal Contract Tower,12,15,6,2,35,0,65,32,9,106,12,80,38,11,141,20,0,20,161
07/02/2004,STX,VI,ASO,ES,Federal Contract Tower,11,13,5,1,30,2,73,42,0,117,13,86,47,1,147,58,0,58,205
07/03/2004,STX,VI,ASO,ES,Federal Contract Tower,9,11,5,1,26,6,53,13,0,72,15,64,18,1,98,50,0,50,148
07/04/2004,STX,VI,ASO,ES,Federal Contract Tower,8,10,4,0,22,3,62,6,0,71,11,72,10,0,93,28,0,28,121
07/05/2004,STX,VI,ASO,ES,Federal Contract Tower,8,9,4,0,21,2,69,5,0,76,10,78,9,0,97,46,0,46,143
07/06/2004,STX,VI,ASO,ES,Federal Contract Tower,14,16,6,2,38,0,59,21,1,81,14,75,27,3,119,36,0,36,155
07/07/2004,STX,VI,ASO,ES,Federal Contract Tower,12,15,6,2,35,2,58,32,1,93,14,73,38,3,128,42,0,42,170
07/08/2004,STX,VI,ASO,ES,Federal Contract Tower,13,15,6,2,36,0,63,33,7,103,13,78,39,9,139,42,4,46,185
07/09/2004,STX,VI,ASO,ES,Federal Contract Tower,14,20,9,3,46,0,61,42,6,109,14,81,51,9,155,74,0,74,229
07/10/2004,STX,VI,ASO,ES,Federal Contract Tower,11,12,5,2,30,5,56,19,3,83,16,68,24,5,113,14,22,36,149
07/11/2004,STX,VI,ASO,ES,Federal Contract Tower,10,9,3,2,24,3,52,17,1,73,13,61,20,3,97,32,0,32,129
07/12/2004,STX,VI,ASO,ES,Federal Contract Tower,13,22,8,4,47,0,70,20,0,90,13,92,28,4,137,80,0,80,217
07/13/2004,STX,VI,ASO,ES,Federal Contract Tower,12,12,4,3,31,0,66,24,1,91,12,78,28,4,122,0,26,26,148
07/14/2004,STX,VI,ASO,ES,Federal Contract Tower,13,14,5,2,34,1,73,26,0,100,14,87,31,2,134,40,0,40,174
07/15/2004,STX,VI,ASO,ES,Federal Contract Tower,15,17,6,3,41,0,70,37,1,108,15,87,43,4,149,26,2,28,177
07/16/2004,STX,VI,ASO,ES,Federal Contract Tower,13,14,5,3,35,1,78,28,5,112,14,92,33,8,147,62,0,62,209
07/17/2004,STX,VI,ASO,ES,Federal Contract Tower,11,11,4,2,28,6,61,20,2,89,17,72,24,4,117,44,0,44,161
07/18/2004,STX,VI,ASO,ES,Federal Contract Tower,11,12,4,1,28,3,63,17,0,83,14,75,21,1,111,22,0,22,133
07/19/2004,STX,VI,ASO,ES,Federal Contract Tower,9,14,5,1,29,0,65,43,0,108,9,79,48,1,137,28,0,28,165
07/20/2004,STX,VI,ASO,ES,Federal Contract Tower,13,17,6,0,36,0,61,23,0,84,13,78,29,0,120,50,0,50,170
07/21/2004,STX,VI,ASO,ES,Federal Contract Tower,13,14,5,2,34,0,68,39,0,107,13,82,44,2,141,44,0,44,185
07/22/2004,STX,VI,ASO,ES,Federal Contract Tower,13,14,5,2,34,1,66,31,0,98,14,80,36,2,132,34,0,34,166
07/23/2004,STX,VI,ASO,ES,Federal Contract Tower,13,16,7,3,39,0,74,42,2,118,13,90,49,5,157,44,0,44,201
07/24/2004,STX,VI,ASO,ES,Federal Contract Tower,11,12,4,2,29,5,63,18,0,86,16,75,22,2,115,32,0,32,147
07/25/2004,STX,VI,ASO,ES,Federal Contract Tower,12,13,4,3,32,0,48,10,2,60,12,61,14,5,92,14,0,14,106
07/26/2004,STX,VI,ASO,ES,Federal Contract Tower,12,12,4,0,28,0,61,34,0,95,12,73,38,0,123,14,0,14,137
07/27/2004,STX,VI,ASO,ES,Federal Contract Tower,13,14,5,2,34,0,68,21,3,92,13,82,26,5,126,40,0,40,166
07/28/2004,STX,VI,ASO,ES,Federal Contract Tower,14,15,5,2,36,0,65,26,5,96,14,80,31,7,132,2,0,2,134
07/29/2004,STX,VI,ASO,ES,Federal Contract Tower,13,17,6,2,38,0,69,25,2,96,13,86,31,4,134,6,0,6,140
07/30/2004,STX,VI,ASO,ES,Federal Contract Tower,11,19,7,3,40,0,78,39,9,126,11,97,46,12,166,28,6,34,200
07/31/2004,STX,VI,ASO,ES,Federal Contract Tower,10,11,3,0,24,4,63,23,0,90,14,74,26,0,114,16,0,16,130
08/01/2004,STX,VI,ASO,ES,Federal Contract Tower,9,10,4,1,24,2,54,17,0,73,11,64,21,1,97,0,0,0,97
08/02/2004,STX,VI,ASO,ES,Federal Contract Tower,14,17,5,2,38,0,69,31,0,100,14,86,36,2,138,4,0,4,142
08/03/2004,STX,VI,ASO,ES,Federal Contract Tower,12,13,5,0,30,2,71,38,0,111,14,84,43,0,141,2,0,2,143
08/04/2004,STX,VI,ASO,ES,Federal Contract Tower,13,20,7,2,42,0,65,38,0,103,13,85,45,2,145,8,0,8,153
08/05/2004,STX,VI,ASO,ES,Federal Contract Tower,12,13,4,1,30,2,53,33,0,88,14,66,37,1,118,4,0,4,122
08/06/2004,STX,VI,ASO,ES,Federal Contract Tower,15,16,5,0,36,4,59,37,0,100,19,75,42,0,136,16,0,16,152
08/07/2004,STX,VI,ASO,ES,Federal Contract Tower,11,12,4,1,28,7,58,30,0,95,18,70,34,1,123,38,0,38,161
08/08/2004,STX,VI,ASO,ES,Federal Contract Tower,10,10,4,0,24,4,50,12,0,66,14,60,16,0,90,42,0,42,132
08/09/2004,STX,VI,ASO,ES,Federal Contract Tower,15,17,6,3,41,0,62,16,0,78,15,79,22,3,119,34,0,34,153
08/10/2004,STX,VI,ASO,ES,Federal Contract Tower,13,16,4,4,37,0,62,27,0,89,13,78,31,4,126,12,0,12,138
08/11/2004,STX,VI,ASO,ES,Federal Contract Tower,15,17,4,4,40,0,69,32,2,103,15,86,36,6,143,0,0,0,143
08/12/2004,STX,VI,ASO,ES,Federal Contract Tower,14,20,5,5,44,0,63,40,6,109,14,83,45,11,153,26,12,38,191
08/13/2004,STX,VI,ASO,ES,Federal Contract Tower,15,18,5,1,39,0,70,38,0,108,15,88,43,1,147,26,0,26,173
08/14/2004,STX,VI,ASO,ES,Federal Contract Tower,12,12,3,3,30,3,59,25,7,94,15,71,28,10,124,68,26,94,218
08/15/2004,STX,VI,ASO,ES,Federal Contract Tower,11,12,3,3,29,3,50,11,6,70,14,62,14,9,99,4,0,4,103
08/16/2004,STX,VI,ASO,ES,Federal Contract Tower,11,11,3,3,28,0,70,35,0,105,11,81,38,3,133,20,2,22,155
08/17/2004,STX,VI,ASO,ES,Federal Contract Tower,14,13,4,2,33,4,68,33,0,105,18,81,37,2,138,52,0,52,190
08/18/2004,STX,VI,ASO,ES,Federal Contract Tower,15,14,4,4,37,0,55,38,3,96,15,69,42,7,133,0,0,0,133
08/19/2004,STX,VI,ASO,ES,Federal Contract Tower,14,13,4,3,34,0,64,32,3,99,14,77,36,6,133,4,0,4,137
08/20/2004,STX,VI,ASO,ES,Federal Contract Tower,15,14,4,3,36,0,66,21,3,90,15,80,25,6,126,2,0,2,128
08/21/2004,STX,VI,ASO,ES,Federal Contract Tower,14,13,4,3,34,4,58,21,2,85,18,71,25,5,119,38,0,38,157
08/22/2004,STX,VI,ASO,ES,Federal Contract Tower,13,11,3,3,30,0,53,5,3,61,13,64,8,6,91,0,0,0,91
08/23/2004,STX,VI,ASO,ES,Federal Contract Tower,12,13,4,2,31,0,74,27,0,101,12,87,31,2,132,28,0,28,160
08/24/2004,STX,VI,ASO,ES,Federal Contract Tower,12,12,4,2,30,0,63,25,0,88,12,75,29,2,118,12,0,12,130
08/25/2004,STX,VI,ASO,ES,Federal Contract Tower,14,15,4,2,35,0,64,39,2,105,14,79,43,4,140,0,0,0,140
08/26/2004,STX,VI,ASO,ES,Federal Contract Tower,15,20,5,4,44,0,62,33,2,97,15,82,38,6,141,14,0,14,155
08/27/2004,STX,VI,ASO,ES,Federal Contract Tower,14,14,4,0,32,2,71,18,0,91,16,85,22,0,123,0,0,0,123
08/28/2004,STX,VI,ASO,ES,Federal Contract Tower,13,13,4,2,32,4,46,22,1,73,17,59,26,3,105,40,0,40,145
08/29/2004,STX,VI,ASO,ES,Federal Contract Tower,13,12,3,2,30,0,47,23,5,75,13,59,26,7,105,16,0,16,121
08/30/2004,STX,VI,ASO,ES,Federal Contract Tower,14,15,4,2,35,0,61,45,0,106,14,76,49,2,141,2,0,2,143
08/31/2004,STX,VI,ASO,ES,Federal Contract Tower,14,14,4,2,34,1,9,9,11,30,15,23,13,13,64,2,0,2,66
09/01/2004,STX,VI,ASO,ES,Federal Contract Tower,15,15,7,2,39,1,57,31,5,94,16,72,38,7,133,0,0,0,133
09/02/2004,STX,VI,ASO,ES,Federal Contract Tower,13,16,6,3,38,0,50,30,4,84,13,66,36,7,122,0,0,0,122
09/03/2004,STX,VI,ASO,ES,Federal Contract Tower,9,14,5,2,30,0,72,34,1,107,9,86,39,3,137,14,0,14,151
09/04/2004,STX,VI,ASO,ES,Federal Contract Tower,11,11,4,1,27,1,62,15,0,78,12,73,19,1,105,22,0,22,127
09/05/2004,STX,VI,ASO,ES,Federal Contract Tower,12,12,5,2,31,1,43,9,5,58,13,55,14,7,89,40,0,40,129
09/06/2004,STX,VI,ASO,ES,Federal Contract Tower,12,13,5,2,32,0,67,16,6,89,12,80,21,8,121,42,0,42,163
09/07/2004,STX,VI,ASO,ES,Federal Contract Tower,15,15,7,2,39,1,62,17,4,84,16,77,24,6,123,6,0,6,129
09/08/2004,STX,VI,ASO,ES,Federal Contract Tower,12,15,7,2,36,0,58,16,5,79,12,73,23,7,115,20,0,20,135
09/09/2004,STX,VI,ASO,ES,Federal Contract Tower,12,14,5,2,33,0,57,32,3,92,12,71,37,5,125,16,0,16,141
09/10/2004,STX,VI,ASO,ES,Federal Contract Tower,12,12,5,2,31,1,77,30,1,109,13,89,35,3,140,8,0,8,148
09/11/2004,STX,VI,ASO,ES,Federal Contract Tower,7,7,2,0,16,5,52,24,0,81,12,59,26,0,97,30,0,30,127
09/12/2004,STX,VI,ASO,ES,Federal Contract Tower,8,8,1,1,18,4,40,0,0,44,12,48,1,1,62,0,0,0,62
09/13/2004,STX,VI,ASO,ES,Federal Contract Tower,13,13,5,0,31,1,63,22,0,86,14,76,27,0,117,10,0,10,127
09/14/2004,STX,VI,ASO,ES,Federal Contract Tower,10,10,3,0,23,2,54,11,0,67,12,64,14,0,90,6,0,6,96
09/15/2004,STX,VI,ASO,ES,Federal Contract Tower,0,0,0,0,0,0,0,0,0,0,0,0,0,0,0,0,0,0,0
09/16/2004,STX,VI,ASO,ES,Federal Contract Tower,12,11,4,2,29,0,20,12,0,32,12,31,16,2,61,0,0,0,61
09/17/2004,STX,VI,ASO,ES,Federal Contract Tower,11,11,4,2,28,0,61,31,0,92,11,72,35,2,120,0,0,0,120
09/18/2004,STX,VI,ASO,ES,Federal Contract Tower,10,8,4,2,24,0,56,15,9,80,10,64,19,11,104,38,0,38,142
09/19/2004,STX,VI,ASO,ES,Federal Contract Tower,10,8,3,2,23,2,53,14,0,69,12,61,17,2,92,8,0,8,100
09/20/2004,STX,VI,ASO,ES,Federal Contract Tower,10,7,3,0,20,1,64,16,0,81,11,71,19,0,101,0,0,0,101
09/21/2004,STX,VI,ASO,ES,Federal Contract Tower,12,9,3,2,26,1,67,25,0,93,13,76,28,2,119,0,0,0,119
09/22/2004,STX,VI,ASO,ES,Federal Contract Tower,11,10,4,0,25,0,72,40,0,112,11,82,44,0,137,34,0,34,171
09/23/2004,STX,VI,ASO,ES,Federal Contract Tower,11,9,4,2,26,1,58,22,6,87,12,67,26,8,113,0,0,0,113
09/24/2004,STX,VI,ASO,ES,Federal Contract Tower,12,10,3,1,26,0,69,36,0,105,12,79,39,1,131,16,0,16,147
09/25/2004,STX,VI,ASO,ES,Federal Contract Tower,4,2,1,0,7,4,12,7,0,23,8,14,8,0,30,0,0,0,30
09/26/2004,STX,VI,ASO,ES,Federal Contract Tower,7,6,2,0,15,2,43,15,0,60,9,49,17,0,75,60,0,60,135
09/27/2004,STX,VI,ASO,ES,Federal Contract Tower,12,14,5,1,32,0,61,14,0,75,12,75,19,1,107,22,0,22,129
09/28/2004,STX,VI,ASO,ES,Federal Contract Tower,12,12,4,2,30,0,57,29,7,93,12,69,33,9,123,44,0,44,167
09/29/2004,STX,VI,ASO,ES,Federal Contract Tower,12,11,3,2,28,0,67,30,5,102,12,78,33,7,130,16,0,16,146
09/30/2004,STX,VI,ASO,ES,Federal Contract Tower,12,13,4,2,31,0,68,26,4,98,12,81,30,6,129,2,0,2,131
10/01/2004,STX,VI,ASO,ES,Federal Contract Tower,13,13,10,1,37,0,67,21,3,91,13,80,31,4,128,10,2,12,140
10/02/2004,STX,VI,ASO,ES,Federal Contract Tower,12,8,4,2,26,0,55,21,0,76,12,63,25,2,102,22,0,22,124
10/03/2004,STX,VI,ASO,ES,Federal Contract Tower,10,8,4,0,22,0,38,21,0,59,10,46,25,0,81,22,0,22,103
10/04/2004,STX,VI,ASO,ES,Federal Contract Tower,13,13,3,0,29,0,66,16,0,82,13,79,19,0,111,4,0,4,115
10/05/2004,STX,VI,ASO,ES,Federal Contract Tower,11,13,5,0,29,0,64,22,0,86,11,77,27,0,115,44,0,44,159
10/06/2004,STX,VI,ASO,ES,Federal Contract Tower,12,15,6,0,33,0,58,35,0,93,12,73,41,0,126,26,0,26,152
10/07/2004,STX,VI,ASO,ES,Federal Contract Tower,14,15,7,2,38,0,49,18,1,68,14,64,25,3,106,0,32,32,138
10/08/2004,STX,VI,ASO,ES,Federal Contract Tower,12,11,5,0,28,0,54,39,0,93,12,65,44,0,121,2,0,2,123
10/09/2004,STX,VI,ASO,ES,Federal Contract Tower,15,6,6,2,29,0,54,46,4,104,15,60,52,6,133,26,0,26,159
10/10/2004,STX,VI,ASO,ES,Federal Contract Tower,10,7,1,1,19,0,45,18,2,65,10,52,19,3,84,0,0,0,84
10/11/2004,STX,VI,ASO,ES,Federal Contract Tower,11,15,2,2,30,0,48,30,0,78,11,63,32,2,108,52,0,52,160
10/12/2004,STX,VI,ASO,ES,Federal Contract Tower,14,12,6,2,34,0,59,31,0,90,14,71,37,2,124,4,0,4,128
10/13/2004,STX,VI,ASO,ES,Federal Contract Tower,14,13,3,2,32,0,54,37,10,101,14,67,40,12,133,18,0,18,151
10/14/2004,STX,VI,ASO,ES,Federal Contract Tower,13,13,9,6,41,0,58,16,8,82,13,71,25,14,123,44,0,44,167
10/15/2004,STX,VI,ASO,ES,Federal Contract Tower,12,14,5,3,34,0,68,48,2,118,12,82,53,5,152,28,0,28,180
10/16/2004,STX,VI,ASO,ES,Federal Contract Tower,14,6,2,3,25,0,48,52,0,100,14,54,54,3,125,16,0,16,141
10/17/2004,STX,VI,ASO,ES,Federal Contract Tower,12,8,1,3,24,0,56,15,0,71,12,64,16,3,95,4,0,4,99
10/18/2004,STX,VI,ASO,ES,Federal Contract Tower,13,17,6,1,37,0,64,11,0,75,13,81,17,1,112,28,0,28,140
10/19/2004,STX,VI,ASO,ES,Federal Contract Tower,11,17,4,1,33,0,65,26,2,93,11,82,30,3,126,20,0,20,146
10/20/2004,STX,VI,ASO,ES,Federal Contract Tower,13,18,11,1,43,0,55,32,2,89,13,73,43,3,132,14,0,14,146
10/21/2004,STX,VI,ASO,ES,Federal Contract Tower,10,36,3,2,51,0,31,23,0,54,10,67,26,2,105,16,0,16,121
10/22/2004,STX,VI,ASO,ES,Federal Contract Tower,13,11,9,2,35,0,82,39,2,123,13,93,48,4,158,26,0,26,184
10/23/2004,STX,VI,ASO,ES,Federal Contract Tower,10,12,9,5,36,0,58,40,3,101,10,70,49,8,137,22,0,22,159
10/24/2004,STX,VI,ASO,ES,Federal Contract Tower,8,8,2,2,20,0,43,20,4,67,8,51,22,6,87,32,2,34,121
10/25/2004,STX,VI,ASO,ES,Federal Contract Tower,11,12,4,1,28,0,61,24,2,87,11,73,28,3,115,2,0,2,117
10/26/2004,STX,VI,ASO,ES,Federal Contract Tower,13,13,4,0,30,0,62,36,1,99,13,75,40,1,129,14,0,14,143
10/27/2004,STX,VI,ASO,ES,Federal Contract Tower,14,12,3,0,29,0,58,40,0,98,14,70,43,0,127,16,0,16,143
10/28/2004,STX,VI,ASO,ES,Federal Contract Tower,11,11,4,0,26,0,68,28,0,96,11,79,32,0,122,0,0,0,122
10/29/2004,STX,VI,ASO,ES,Federal Contract Tower,12,12,9,0,33,0,61,43,0,104,12,73,52,0,137,2,0,2,139
10/30/2004,STX,VI,ASO,ES,Federal Contract Tower,13,6,5,0,24,0,79,48,0,127,13,85,53,0,151,4,0,4,155
10/31/2004,STX,VI,ASO,ES,Federal Contract Tower,11,7,1,0,19,0,54,15,0,69,11,61,16,0,88,2,0,2,90
11/01/2004,STX,VI,ASO,ES,Federal Contract Tower,12,14,10,1,37,0,57,29,0,86,12,71,39,1,123,4,0,4,127
11/02/2004,STX,VI,ASO,ES,Federal Contract Tower,13,11,6,0,30,0,59,32,1,92,13,70,38,1,122,24,0,24,146
11/03/2004,STX,VI,ASO,ES,Federal Contract Tower,13,11,14,0,38,0,61,31,2,94,13,72,45,2,132,20,0,20,152
11/04/2004,STX,VI,ASO,ES,Federal Contract Tower,12,11,7,1,31,0,60,26,2,88,12,71,33,3,119,6,0,6,125
11/05/2004,STX,VI,ASO,ES,Federal Contract Tower,12,12,10,1,35,0,71,37,2,110,12,83,47,3,145,2,0,2,147
11/06/2004,STX,VI,ASO,ES,Federal Contract Tower,16,6,8,2,32,0,55,38,0,93,16,61,46,2,125,0,0,0,125
11/07/2004,STX,VI,ASO,ES,Federal Contract Tower,12,7,14,3,36,0,45,29,0,74,12,52,43,3,110,18,0,18,128
11/08/2004,STX,VI,ASO,ES,Federal Contract Tower,12,19,10,2,43,0,49,20,0,69,12,68,30,2,112,16,0,16,128
11/09/2004,STX,VI,ASO,ES,Federal Contract Tower,10,15,12,1,38,0,57,17,0,74,10,72,29,1,112,18,0,18,130
11/10/2004,STX,VI,ASO,ES,Federal Contract Tower,12,29,19,4,64,0,41,16,3,60,12,70,35,7,124,10,0,10,134
11/11/2004,STX,VI,ASO,ES,Federal Contract Tower,11,10,14,4,39,0,51,21,1,73,11,61,35,5,112,2,0,2,114
11/12/2004,STX,VI,ASO,ES,Federal Contract Tower,12,23,20,2,57,0,64,18,1,83,12,87,38,3,140,0,0,0,140
11/13/2004,STX,VI,ASO,ES,Federal Contract Tower,13,9,9,1,32,0,60,28,0,88,13,69,37,1,120,0,0,0,120
11/14/2004,STX,VI,ASO,ES,Federal Contract Tower,13,25,5,1,44,0,28,5,0,33,13,53,10,1,77,0,0,0,77
11/15/2004,STX,VI,ASO,ES,Federal Contract Tower,12,21,18,0,51,0,68,16,0,84,12,89,34,0,135,14,0,14,149
11/16/2004,STX,VI,ASO,ES,Federal Contract Tower,12,15,11,0,38,0,53,29,2,84,12,68,40,2,122,18,0,18,140
11/17/2004,STX,VI,ASO,ES,Federal Contract Tower,12,14,8,0,34,0,74,40,4,118,12,88,48,4,152,34,0,34,186
11/18/2004,STX,VI,ASO,ES,Federal Contract Tower,11,15,16,2,44,0,75,30,4,109,11,90,46,6,153,24,0,24,177
11/19/2004,STX,VI,ASO,ES,Federal Contract Tower,12,16,15,5,48,0,69,45,0,114,12,85,60,5,162,0,0,0,162
11/20/2004,STX,VI,ASO,ES,Federal Contract Tower,16,21,4,6,47,0,46,56,1,103,16,67,60,7,150,6,0,6,156
11/21/2004,STX,VI,ASO,ES,Federal Contract Tower,12,10,2,7,31,0,63,15,0,78,12,73,17,7,109,0,0,0,109
11/22/2004,STX,VI,ASO,ES,Federal Contract Tower,11,17,13,1,42,0,57,36,0,93,11,74,49,1,135,8,0,8,143
11/23/2004,STX,VI,ASO,ES,Federal Contract Tower,12,14,10,0,36,0,60,27,0,87,12,74,37,0,123,6,0,6,129
11/24/2004,STX,VI,ASO,ES,Federal Contract Tower,14,15,13,0,42,0,77,33,0,110,14,92,46,0,152,4,0,4,156
11/25/2004,STX,VI,ASO,ES,Federal Contract Tower,14,8,0,0,22,0,38,9,0,47,14,46,9,0,69,0,0,0,69
11/26/2004,STX,VI,ASO,ES,Federal Contract Tower,14,17,8,0,39,0,63,34,0,97,14,80,42,0,136,36,0,36,172
11/27/2004,STX,VI,ASO,ES,Federal Contract Tower,16,8,6,0,30,0,55,33,0,88,16,63,39,0,118,2,0,2,120
11/28/2004,STX,VI,ASO,ES,Federal Contract Tower,8,12,16,0,36,0,67,16,0,83,8,79,32,0,119,4,0,4,123
11/29/2004,STX,VI,ASO,ES,Federal Contract Tower,14,12,12,7,45,0,76,31,0,107,14,88,43,7,152,8,0,8,160
11/30/2004,STX,VI,ASO,ES,Federal Contract Tower,15,14,14,1,44,0,61,25,0,86,15,75,39,1,130,12,0,12,142
12/01/2004,STX,VI,ASO,ES,Federal Contract Tower,16,17,15,0,48,0,63,25,0,88,16,80,40,0,136,24,0,24,160
12/02/2004,STX,VI,ASO,ES,Federal Contract Tower,15,16,9,1,41,0,57,41,0,98,15,73,50,1,139,12,4,16,155
12/03/2004,STX,VI,ASO,ES,Federal Contract Tower,12,16,8,0,36,0,58,28,0,86,12,74,36,0,122,16,0,16,138
12/04/2004,STX,VI,ASO,ES,Federal Contract Tower,18,9,6,5,38,0,59,45,0,104,18,68,51,5,142,18,0,18,160
12/05/2004,STX,VI,ASO,ES,Federal Contract Tower,16,11,5,4,36,0,67,13,1,81,16,78,18,5,117,40,0,40,157
12/06/2004,STX,VI,ASO,ES,Federal Contract Tower,14,16,7,0,37,0,72,42,0,114,14,88,49,0,151,8,0,8,159
12/07/2004,STX,VI,ASO,ES,Federal Contract Tower,14,17,15,0,46,0,61,21,1,83,14,78,36,1,129,0,0,0,129
12/08/2004,STX,VI,ASO,ES,Federal Contract Tower,14,19,22,5,60,0,52,25,2,79,14,71,47,7,139,0,2,2,141
12/09/2004,STX,VI,ASO,ES,Federal Contract Tower,14,19,13,0,46,0,54,43,6,103,14,73,56,6,149,86,0,86,235
12/10/2004,STX,VI,ASO,ES,Federal Contract Tower,14,15,6,1,36,0,73,56,1,130,14,88,62,2,166,16,2,18,184
12/11/2004,STX,VI,ASO,ES,Federal Contract Tower,16,9,5,2,32,0,61,41,6,108,16,70,46,8,140,24,0,24,164
12/12/2004,STX,VI,ASO,ES,Federal Contract Tower,14,10,1,0,25,0,63,21,9,93,14,73,22,9,118,18,0,18,136
12/13/2004,STX,VI,ASO,ES,Federal Contract Tower,14,38,9,2,63,0,62,19,0,81,14,100,28,2,144,6,0,6,150
12/14/2004,STX,VI,ASO,ES,Federal Contract Tower,16,17,13,1,47,0,65,32,0,97,16,82,45,1,144,24,0,24,168
12/15/2004,STX,VI,ASO,ES,Federal Contract Tower,14,20,4,1,39,0,67,51,0,118,14,87,55,1,157,40,0,40,197
12/16/2004,STX,VI,ASO,ES,Federal Contract Tower,15,20,4,0,39,0,72,37,0,109,15,92,41,0,148,10,0,10,158
12/17/2004,STX,VI,ASO,ES,Federal Contract Tower,16,14,10,5,45,0,82,62,0,144,16,96,72,5,189,4,0,4,193
12/18/2004,STX,VI,ASO,ES,Federal Contract Tower,20,9,16,5,50,0,58,60,0,118,20,67,76,5,168,46,0,46,214
12/19/2004,STX,VI,ASO,ES,Federal Contract Tower,16,11,3,4,34,0,72,35,0,107,16,83,38,4,141,6,0,6,147
12/20/2004,STX,VI,ASO,ES,Federal Contract Tower,16,21,13,5,55,0,80,26,0,106,16,101,39,5,161,12,0,12,173
12/21/2004,STX,VI,ASO,ES,Federal Contract Tower,16,15,14,2,47,0,67,34,2,103,16,82,48,4,150,12,0,12,162
12/22/2004,STX,VI,ASO,ES,Federal Contract Tower,17,19,13,1,50,0,80,46,0,126,17,99,59,1,176,2,0,2,178
12/23/2004,STX,VI,ASO,ES,Federal Contract Tower,17,15,13,0,45,0,76,42,2,120,17,91,55,2,165,28,0,28,193
12/24/2004,STX,VI,ASO,ES,Federal Contract Tower,16,10,9,0,35,0,57,27,2,86,16,67,36,2,121,4,0,4,125
12/25/2004,STX,VI,ASO,ES,Federal Contract Tower,16,11,9,0,36,0,46,21,0,67,16,57,30,0,103,24,0,24,127
12/26/2004,STX,VI,ASO,ES,Federal Contract Tower,12,11,10,0,33,0,62,26,0,88,12,73,36,0,121,28,0,28,149
12/27/2004,STX,VI,ASO,ES,Federal Contract Tower,18,12,14,0,44,0,71,26,0,97,18,83,40,0,141,0,0,0,141
12/28/2004,STX,VI,ASO,ES,Federal Contract Tower,16,19,14,0,49,0,79,29,0,108,16,98,43,0,157,44,0,44,201
12/29/2004,STX,VI,ASO,ES,Federal Contract Tower,19,13,10,0,42,0,65,40,0,105,19,78,50,0,147,24,0,24,171
12/30/2004,STX,VI,ASO,ES,Federal Contract Tower,15,18,18,0,51,0,77,44,2,123,15,95,62,2,174,2,0,2,176
12/31/2004,STX,VI,ASO,ES,Federal Contract Tower,16,17,7,1,41,0,59,39,0,98,16,76,46,1,139,6,0,6,145
01/01/2005,STX,VI,ASO,ES,Federal Contract Tower,20,25,15,0,60,0,31,15,0,46,20,56,30,0,106,0,0,0,106
01/02/2005,STX,VI,ASO,ES,Federal Contract Tower,21,9,20,0,50,0,62,28,0,90,21,71,48,0,140,2,0,2,142
01/03/2005,STX,VI,ASO,ES,Federal Contract Tower,24,15,15,0,54,0,84,22,0,106,24,99,37,0,160,4,0,4,164
01/04/2005,STX,VI,ASO,ES,Federal Contract Tower,24,20,11,0,55,0,75,26,0,101,24,95,37,0,156,40,0,40,196
01/05/2005,STX,VI,ASO,ES,Federal Contract Tower,23,20,8,0,51,0,60,21,0,81,23,80,29,0,132,10,0,10,142
01/06/2005,STX,VI,ASO,ES,Federal Contract Tower,19,12,12,0,43,0,53,28,0,81,19,65,40,0,124,6,0,6,130
01/07/2005,STX,VI,ASO,ES,Federal Contract Tower,20,23,18,3,64,0,57,29,0,86,20,80,47,3,150,18,0,18,168
01/08/2005,STX,VI,ASO,ES,Federal Contract Tower,24,9,6,4,43,0,48,24,0,72,24,57,30,4,115,4,0,4,119
01/09/2005,STX,VI,ASO,ES,Federal Contract Tower,22,39,7,1,69,0,38,16,0,54,22,77,23,1,123,12,0,12,135
01/10/2005,STX,VI,ASO,ES,Federal Contract Tower,22,25,11,0,58,0,80,26,0,106,22,105,37,0,164,6,0,6,170
01/11/2005,STX,VI,ASO,ES,Federal Contract Tower,18,18,21,1,58,0,64,31,1,96,18,82,52,2,154,0,0,0,154
01/12/2005,STX,VI,ASO,ES,Federal Contract Tower,21,25,13,6,65,0,55,24,1,80,21,80,37,7,145,0,0,0,145
01/13/2005,STX,VI,ASO,ES,Federal Contract Tower,20,31,16,0,67,0,47,18,0,65,20,78,34,0,132,6,0,6,138
01/14/2005,STX,VI,ASO,ES,Federal Contract Tower,21,15,9,0,45,0,67,33,2,102,21,82,42,2,147,26,0,26,173
01/15/2005,STX,VI,ASO,ES,Federal Contract Tower,25,13,9,1,48,0,45,44,1,90,25,58,53,2,138,28,0,28,166
01/16/2005,STX,VI,ASO,ES,Federal Contract Tower,25,8,9,0,42,0,51,14,0,65,25,59,23,0,107,28,0,28,135
01/17/2005,STX,VI,ASO,ES,Federal Contract Tower,24,11,15,0,50,0,61,27,2,90,24,72,42,2,140,10,0,10,150
01/18/2005,STX,VI,ASO,ES,Federal Contract Tower,23,16,11,1,51,0,76,39,3,118,23,92,50,4,169,4,4,8,177
01/19/2005,STX,VI,ASO,ES,Federal Contract Tower,22,25,11,1,59,0,52,26,0,78,22,77,37,1,137,12,0,12,149
01/20/2005,STX,VI,ASO,ES,Federal Contract Tower,25,35,18,0,78,0,49,29,5,83,25,84,47,5,161,18,38,56,217
01/21/2005,STX,VI,ASO,ES,Federal Contract Tower,24,15,14,5,58,0,75,37,0,112,24,90,51,5,170,22,0,22,192
01/22/2005,STX,VI,ASO,ES,Federal Contract Tower,26,10,9,0,45,0,56,45,3,104,26,66,54,3,149,22,0,22,171
01/23/2005,STX,VI,ASO,ES,Federal Contract Tower,20,7,3,1,31,0,58,24,8,90,20,65,27,9,121,30,0,30,151
01/24/2005,STX,VI,ASO,ES,Federal Contract Tower,24,15,9,2,50,0,73,29,0,102,24,88,38,2,152,16,0,16,168
01/25/2005,STX,VI,ASO,ES,Federal Contract Tower,24,22,14,2,62,0,59,27,0,86,24,81,41,2,148,12,0,12,160
01/26/2005,STX,VI,ASO,ES,Federal Contract Tower,23,20,11,2,56,0,57,26,0,83,23,77,37,2,139,4,0,4,143
01/27/2005,STX,VI,ASO,ES,Federal Contract Tower,22,17,19,0,58,0,65,19,0,84,22,82,38,0,142,0,0,0,142
01/28/2005,STX,VI,ASO,ES,Federal Contract Tower,22,16,12,2,52,0,66,23,0,89,22,82,35,2,141,0,0,0,141
01/29/2005,STX,VI,ASO,ES,Federal Contract Tower,22,8,10,1,41,0,64,28,0,92,22,72,38,1,133,8,0,8,141
01/30/2005,STX,VI,ASO,ES,Federal Contract Tower,24,27,9,1,61,0,45,14,0,59,24,72,23,1,120,10,0,10,130
01/31/2005,STX,VI,ASO,ES,Federal Contract Tower,25,19,7,0,51,0,75,15,0,90,25,94,22,0,141,28,0,28,169
02/01/2005,STX,VI,ASO,ES,Federal Contract Tower,24,13,7,0,44,0,59,30,0,89,24,72,37,0,133,14,0,14,147
02/02/2005,STX,VI,ASO,ES,Federal Contract Tower,24,17,5,0,46,0,57,24,0,81,24,74,29,0,127,10,0,10,137
02/03/2005,STX,VI,ASO,ES,Federal Contract Tower,22,16,17,3,58,0,75,29,0,104,22,91,46,3,162,10,0,10,172
02/04/2005,STX,VI,ASO,ES,Federal Contract Tower,24,14,16,2,56,0,78,37,0,115,24,92,53,2,171,6,0,6,177
02/05/2005,STX,VI,ASO,ES,Federal Contract Tower,26,6,4,2,38,0,49,28,3,80,26,55,32,5,118,10,30,40,158
02/06/2005,STX,VI,ASO,ES,Federal Contract Tower,22,14,8,6,50,0,52,13,1,66,22,66,21,7,116,8,22,30,146
02/07/2005,STX,VI,ASO,ES,Federal Contract Tower,24,15,8,1,48,0,77,9,0,86,24,92,17,1,134,0,0,0,134
02/08/2005,STX,VI,ASO,ES,Federal Contract Tower,23,13,8,0,44,0,75,21,0,96,23,88,29,0,140,18,0,18,158
02/09/2005,STX,VI,ASO,ES,Federal Contract Tower,24,14,6,0,44,0,74,21,0,95,24,88,27,0,139,0,0,0,139
02/10/2005,STX,VI,ASO,ES,Federal Contract Tower,24,16,10,2,52,0,69,19,3,91,24,85,29,5,143,24,2,26,169
02/11/2005,STX,VI,ASO,ES,Federal Contract Tower,24,15,8,1,48,0,78,28,0,106,24,93,36,1,154,8,0,8,162
02/12/2005,STX,VI,ASO,ES,Federal Contract Tower,27,7,13,1,48,0,64,38,0,102,27,71,51,1,150,28,0,28,178
02/13/2005,STX,VI,ASO,ES,Federal Contract Tower,26,7,9,1,43,0,48,25,0,73,26,55,34,1,116,4,0,4,120
02/14/2005,STX,VI,ASO,ES,Federal Contract Tower,22,23,11,0,56,0,62,13,0,75,22,85,24,0,131,4,0,4,135
02/15/2005,STX,VI,ASO,ES,Federal Contract Tower,22,20,9,1,52,0,63,28,0,91,22,83,37,1,143,0,0,0,143
02/16/2005,STX,VI,ASO,ES,Federal Contract Tower,22,18,12,2,54,0,66,29,0,95,22,84,41,2,149,30,0,30,179
02/17/2005,STX,VI,ASO,ES,Federal Contract Tower,24,21,13,5,63,0,72,58,0,130,24,93,71,5,193,14,0,14,207
02/18/2005,STX,VI,ASO,ES,Federal Contract Tower,22,19,15,0,56,0,82,43,0,125,22,101,58,0,181,0,0,0,181
02/19/2005,STX,VI,ASO,ES,Federal Contract Tower,26,6,5,0,37,0,59,36,0,95,26,65,41,0,132,8,0,8,140
02/20/2005,STX,VI,ASO,ES,Federal Contract Tower,24,9,8,0,41,0,62,39,0,101,24,71,47,0,142,36,0,36,178
02/21/2005,STX,VI,ASO,ES,Federal Contract Tower,22,13,15,1,51,0,76,28,0,104,22,89,43,1,155,28,0,28,183
02/22/2005,STX,VI,ASO,ES,Federal Contract Tower,25,13,7,3,48,0,75,35,1,111,25,88,42,4,159,16,0,16,175
02/23/2005,STX,VI,ASO,ES,Federal Contract Tower,24,14,12,4,54,0,64,35,0,99,24,78,47,4,153,2,0,2,155
02/24/2005,STX,VI,ASO,ES,Federal Contract Tower,24,14,13,3,54,0,76,28,0,104,24,90,41,3,158,2,0,2,160
02/25/2005,STX,VI,ASO,ES,Federal Contract Tower,22,25,9,5,61,0,76,29,4,109,22,101,38,9,170,0,0,0,170
02/26/2005,STX,VI,ASO,ES,Federal Contract Tower,28,8,8,2,46,0,68,57,0,125,28,76,65,2,171,38,0,38,209
02/27/2005,STX,VI,ASO,ES,Federal Contract Tower,23,6,5,0,34,0,66,23,2,91,23,72,28,2,125,0,0,0,125
02/28/2005,STX,VI,ASO,ES,Federal Contract Tower,24,17,6,0,47,0,70,29,2,101,24,87,35,2,148,20,0,20,168
03/01/2005,STX,VI,ASO,ES,Federal Contract Tower,24,17,7,2,50,0,58,20,2,80,24,75,27,4,130,4,0,4,134
03/02/2005,STX,VI,ASO,ES,Federal Contract Tower,24,16,8,0,48,0,53,49,8,110,24,69,57,8,158,12,0,12,170
03/03/2005,STX,VI,ASO,ES,Federal Contract Tower,24,15,14,1,54,0,57,59,2,118,24,72,73,3,172,8,0,8,180
03/04/2005,STX,VI,ASO,ES,Federal Contract Tower,22,12,10,0,44,0,75,36,2,113,22,87,46,2,157,12,0,12,169
03/05/2005,STX,VI,ASO,ES,Federal Contract Tower,26,7,10,2,45,0,49,47,2,98,26,56,57,4,143,40,0,40,183
03/06/2005,STX,VI,ASO,ES,Federal Contract Tower,24,6,6,1,37,0,64,30,2,96,24,70,36,3,133,52,0,52,185
03/07/2005,STX,VI,ASO,ES,Federal Contract Tower,24,18,9,2,53,0,78,35,0,113,24,96,44,2,166,18,0,18,184
03/08/2005,STX,VI,ASO,ES,Federal Contract Tower,22,17,11,0,50,0,61,42,4,107,22,78,53,4,157,66,0,66,223
03/09/2005,STX,VI,ASO,ES,Federal Contract Tower,26,13,7,1,47,0,65,32,2,99,26,78,39,3,146,14,0,14,160
03/10/2005,STX,VI,ASO,ES,Federal Contract Tower,23,14,13,1,51,0,66,40,2,108,23,80,53,3,159,32,0,32,191
03/11/2005,STX,VI,ASO,ES,Federal Contract Tower,24,15,9,1,49,0,65,42,0,107,24,80,51,1,156,40,0,40,196
03/12/2005,STX,VI,ASO,ES,Federal Contract Tower,32,7,6,1,46,0,51,36,0,87,32,58,42,1,133,10,0,10,143
03/13/2005,STX,VI,ASO,ES,Federal Contract Tower,25,9,4,1,39,0,60,21,0,81,25,69,25,1,120,34,0,34,154
03/14/2005,STX,VI,ASO,ES,Federal Contract Tower,23,15,15,1,54,0,70,21,0,91,23,85,36,1,145,4,0,4,149
03/15/2005,STX,VI,ASO,ES,Federal Contract Tower,23,15,7,2,47,0,68,25,2,95,23,83,32,4,142,34,0,34,176
03/16/2005,STX,VI,ASO,ES,Federal Contract Tower,26,16,6,0,48,0,62,36,3,101,26,78,42,3,149,30,0,30,179
03/17/2005,STX,VI,ASO,ES,Federal Contract Tower,24,13,8,0,45,0,63,28,4,95,24,76,36,4,140,36,0,36,176
03/18/2005,STX,VI,ASO,ES,Federal Contract Tower,24,17,12,2,55,0,76,43,2,121,24,93,55,4,176,22,0,22,198
03/19/2005,STX,VI,ASO,ES,Federal Contract Tower,27,6,4,1,38,0,62,38,0,100,27,68,42,1,138,26,0,26,164
03/20/2005,STX,VI,ASO,ES,Federal Contract Tower,20,7,7,3,37,0,57,30,1,88,20,64,37,4,125,54,28,82,207
03/21/2005,STX,VI,ASO,ES,Federal Contract Tower,22,17,7,2,48,0,85,18,1,104,22,102,25,3,152,12,0,12,164
03/22/2005,STX,VI,ASO,ES,Federal Contract Tower,24,13,11,0,48,0,72,44,4,120,24,85,55,4,168,34,0,34,202
03/23/2005,STX,VI,ASO,ES,Federal Contract Tower,25,12,4,4,45,0,59,33,3,95,25,71,37,7,140,38,0,38,178
03/24/2005,STX,VI,ASO,ES,Federal Contract Tower,24,14,17,1,56,0,75,29,0,104,24,89,46,1,160,16,0,16,176
03/25/2005,STX,VI,ASO,ES,Federal Contract Tower,24,6,4,0,34,0,59,33,1,93,24,65,37,1,127,30,0,30,157
03/26/2005,STX,VI,ASO,ES,Federal Contract Tower,30,10,4,1,45,0,52,28,0,80,30,62,32,1,125,46,0,46,171
03/27/2005,STX,VI,ASO,ES,Federal Contract Tower,22,10,3,1,36,0,51,21,2,74,22,61,24,3,110,26,0,26,136
03/28/2005,STX,VI,ASO,ES,Federal Contract Tower,23,16,5,0,44,0,79,41,0,120,23,95,46,0,164,26,0,26,190
03/29/2005,STX,VI,ASO,ES,Federal Contract Tower,25,13,6,3,47,0,70,23,1,94,25,83,29,4,141,34,0,34,175
03/30/2005,STX,VI,ASO,ES,Federal Contract Tower,26,15,8,0,49,0,56,28,2,86,26,71,36,2,135,70,0,70,205
03/31/2005,STX,VI,ASO,ES,Federal Contract Tower,24,17,7,2,50,0,71,27,2,100,24,88,34,4,150,4,0,4,154
04/01/2005,STX,VI,ASO,ES,Federal Contract Tower,23,20,10,2,55,0,77,28,0,105,23,97,38,2,160,30,0,30,190
04/02/2005,STX,VI,ASO,ES,Federal Contract Tower,29,6,5,0,40,0,60,33,2,95,29,66,38,2,135,18,0,18,153
04/03/2005,STX,VI,ASO,ES,Federal Contract Tower,22,6,3,0,31,0,64,27,2,93,22,70,30,2,124,28,0,28,152
04/04/2005,STX,VI,ASO,ES,Federal Contract Tower,23,14,8,0,45,0,71,25,0,96,23,85,33,0,141,24,0,24,165
04/05/2005,STX,VI,ASO,ES,Federal Contract Tower,22,12,11,0,45,0,64,36,0,100,22,76,47,0,145,48,0,48,193
04/06/2005,STX,VI,ASO,ES,Federal Contract Tower,26,14,10,0,50,0,63,17,6,86,26,77,27,6,136,40,0,40,176
04/07/2005,STX,VI,ASO,ES,Federal Contract Tower,21,13,2,0,36,0,62,38,0,100,21,75,40,0,136,22,0,22,158
04/08/2005,STX,VI,ASO,ES,Federal Contract Tower,23,12,4,1,40,0,69,42,1,112,23,81,46,2,152,10,0,10,162
04/09/2005,STX,VI,ASO,ES,Federal Contract Tower,27,7,6,0,40,0,62,39,0,101,27,69,45,0,141,6,0,6,147
04/10/2005,STX,VI,ASO,ES,Federal Contract Tower,22,6,6,1,35,0,51,30,0,81,22,57,36,1,116,18,0,18,134
04/11/2005,STX,VI,ASO,ES,Federal Contract Tower,24,18,5,6,53,0,55,22,2,79,24,73,27,8,132,0,0,0,132
04/12/2005,STX,VI,ASO,ES,Federal Contract Tower,24,13,10,3,50,0,56,17,1,74,24,69,27,4,124,2,0,2,126
04/13/2005,STX,VI,ASO,ES,Federal Contract Tower,26,13,11,0,50,0,56,28,7,91,26,69,39,7,141,2,0,2,143
04/14/2005,STX,VI,ASO,ES,Federal Contract Tower,24,14,10,1,49,0,50,30,4,84,24,64,40,5,133,16,0,16,149
04/15/2005,STX,VI,ASO,ES,Federal Contract Tower,23,12,6,1,42,0,69,32,10,111,23,81,38,11,153,12,0,12,165
04/16/2005,STX,VI,ASO,ES,Federal Contract Tower,25,6,5,0,36,0,50,46,6,102,25,56,51,6,138,76,0,76,214
04/17/2005,STX,VI,ASO,ES,Federal Contract Tower,22,6,3,0,31,0,54,14,2,70,22,60,17,2,101,8,0,8,109
04/18/2005,STX,VI,ASO,ES,Federal Contract Tower,24,14,11,0,49,0,64,17,2,83,24,78,28,2,132,8,0,8,140
04/19/2005,STX,VI,ASO,ES,Federal Contract Tower,24,15,9,2,50,0,62,26,3,91,24,77,35,5,141,74,2,76,217
04/20/2005,STX,VI,ASO,ES,Federal Contract Tower,25,23,11,0,59,0,52,35,0,87,25,75,46,0,146,24,0,24,170
04/21/2005,STX,VI,ASO,ES,Federal Contract Tower,30,14,10,1,55,0,58,26,1,85,30,72,36,2,140,36,0,36,176
04/22/2005,STX,VI,ASO,ES,Federal Contract Tower,20,17,13,2,52,0,69,21,2,92,20,86,34,4,144,44,0,44,188
04/23/2005,STX,VI,ASO,ES,Federal Contract Tower,27,9,6,2,44,0,46,26,2,74,27,55,32,4,118,22,0,22,140
04/24/2005,STX,VI,ASO,ES,Federal Contract Tower,22,8,1,2,33,0,48,22,1,71,22,56,23,3,104,12,0,12,116
04/25/2005,STX,VI,ASO,ES,Federal Contract Tower,23,19,7,0,49,0,74,37,0,111,23,93,44,0,160,26,0,26,186
04/26/2005,STX,VI,ASO,ES,Federal Contract Tower,24,14,6,4,48,0,68,34,0,102,24,82,40,4,150,8,0,8,158
04/27/2005,STX,VI,ASO,ES,Federal Contract Tower,26,12,4,1,43,0,63,50,0,113,26,75,54,1,156,40,0,40,196
04/28/2005,STX,VI,ASO,ES,Federal Contract Tower,24,13,12,2,51,0,64,30,2,96,24,77,42,4,147,0,0,0,147
04/29/2005,STX,VI,ASO,ES,Federal Contract Tower,24,14,9,4,51,0,70,40,1,111,24,84,49,5,162,20,0,20,182
04/30/2005,STX,VI,ASO,ES,Federal Contract Tower,26,6,11,0,43,0,58,22,0,80,26,64,33,0,123,14,0,14,137
05/01/2005,STX,VI,ASO,ES,Federal Contract Tower,22,8,7,0,37,0,65,33,0,98,22,73,40,0,135,0,0,0,135
05/02/2005,STX,VI,ASO,ES,Federal Contract Tower,15,13,11,0,39,0,63,37,0,100,15,76,48,0,139,18,0,18,157
05/03/2005,STX,VI,ASO,ES,Federal Contract Tower,15,13,7,0,35,0,60,40,0,100,15,73,47,0,135,46,0,46,181
05/04/2005,STX,VI,ASO,ES,Federal Contract Tower,18,13,7,3,41,0,62,43,4,109,18,75,50,7,150,36,2,38,188
05/05/2005,STX,VI,ASO,ES,Federal Contract Tower,16,14,10,1,41,0,66,40,0,106,16,80,50,1,147,18,0,18,165
05/06/2005,STX,VI,ASO,ES,Federal Contract Tower,15,13,6,2,36,0,65,48,1,114,15,78,54,3,150,26,0,26,176
05/07/2005,STX,VI,ASO,ES,Federal Contract Tower,21,6,3,1,31,0,60,54,0,114,21,66,57,1,145,56,0,56,201
05/08/2005,STX,VI,ASO,ES,Federal Contract Tower,14,7,3,2,26,0,52,14,0,66,14,59,17,2,92,22,0,22,114
05/09/2005,STX,VI,ASO,ES,Federal Contract Tower,15,17,5,1,38,0,66,20,0,86,15,83,25,1,124,0,0,0,124
05/10/2005,STX,VI,ASO,ES,Federal Contract Tower,16,12,7,2,37,0,60,29,0,89,16,72,36,2,126,26,0,26,152
05/11/2005,STX,VI,ASO,ES,Federal Contract Tower,17,14,5,6,42,0,54,28,0,82,17,68,33,6,124,36,0,36,160
05/12/2005,STX,VI,ASO,ES,Federal Contract Tower,15,17,9,6,47,0,58,22,0,80,15,75,31,6,127,46,0,46,173
05/13/2005,STX,VI,ASO,ES,Federal Contract Tower,14,23,13,1,51,0,54,28,0,82,14,77,41,1,133,4,0,4,137
05/14/2005,STX,VI,ASO,ES,Federal Contract Tower,18,9,8,0,35,0,46,38,1,85,18,55,46,1,120,20,14,34,154
05/15/2005,STX,VI,ASO,ES,Federal Contract Tower,15,7,8,8,38,0,63,13,2,78,15,70,21,10,116,58,4,62,178
05/16/2005,STX,VI,ASO,ES,Federal Contract Tower,13,28,19,3,63,0,49,11,2,62,13,77,30,5,125,0,0,0,125
05/17/2005,STX,VI,ASO,ES,Federal Contract Tower,16,21,13,4,54,0,62,21,1,84,16,83,34,5,138,22,0,22,160
05/18/2005,STX,VI,ASO,ES,Federal Contract Tower,18,22,14,6,60,0,44,14,3,61,18,66,28,9,121,16,0,16,137
05/19/2005,STX,VI,ASO,ES,Federal Contract Tower,16,13,8,5,42,0,53,28,5,86,16,66,36,10,128,0,0,0,128
05/20/2005,STX,VI,ASO,ES,Federal Contract Tower,16,13,8,4,41,0,71,36,2,109,16,84,44,6,150,26,0,26,176
05/21/2005,STX,VI,ASO,ES,Federal Contract Tower,22,6,4,4,36,0,40,40,4,84,22,46,44,8,120,22,0,22,142
05/22/2005,STX,VI,ASO,ES,Federal Contract Tower,18,8,3,4,33,0,51,16,1,68,18,59,19,5,101,56,0,56,157
05/23/2005,STX,VI,ASO,ES,Federal Contract Tower,16,14,7,3,40,0,63,19,0,82,16,77,26,3,122,6,0,6,128
05/24/2005,STX,VI,ASO,ES,Federal Contract Tower,16,10,5,2,33,0,56,36,0,92,16,66,41,2,125,50,0,50,175
05/25/2005,STX,VI,ASO,ES,Federal Contract Tower,20,21,11,1,53,0,51,42,0,93,20,72,53,1,146,18,0,18,164
05/26/2005,STX,VI,ASO,ES,Federal Contract Tower,16,16,9,4,45,0,58,33,0,91,16,74,42,4,136,6,10,16,152
05/27/2005,STX,VI,ASO,ES,Federal Contract Tower,14,12,6,4,36,0,72,39,0,111,14,84,45,4,147,14,0,14,161
05/28/2005,STX,VI,ASO,ES,Federal Contract Tower,19,6,0,5,30,0,44,43,0,87,19,50,43,5,117,32,0,32,149
05/29/2005,STX,VI,ASO,ES,Federal Contract Tower,13,7,2,4,26,0,56,18,0,74,13,63,20,4,100,0,0,0,100
05/30/2005,STX,VI,ASO,ES,Federal Contract Tower,10,6,7,2,25,0,68,21,2,91,10,74,28,4,116,14,0,14,130
05/31/2005,STX,VI,ASO,ES,Federal Contract Tower,16,13,6,0,35,0,69,24,0,93,16,82,30,0,128,18,0,18,146
06/01/2005,STX,VI,ASO,ES,Federal Contract Tower,17,13,4,0,34,0,62,34,0,96,17,75,38,0,130,2,0,2,132
06/02/2005,STX,VI,ASO,ES,Federal Contract Tower,15,13,6,2,36,0,61,31,1,93,15,74,37,3,129,0,0,0,129
06/03/2005,STX,VI,ASO,ES,Federal Contract Tower,14,14,8,0,36,0,63,40,4,107,14,77,48,4,143,18,0,18,161
06/04/2005,STX,VI,ASO,ES,Federal Contract Tower,21,10,0,0,31,0,48,42,3,93,21,58,42,3,124,20,0,20,144
06/05/2005,STX,VI,ASO,ES,Federal Contract Tower,17,9,2,0,28,0,52,22,4,78,17,61,24,4,106,34,0,34,140
06/06/2005,STX,VI,ASO,ES,Federal Contract Tower,14,14,8,2,38,0,65,17,1,83,14,79,25,3,121,2,0,2,123
06/07/2005,STX,VI,ASO,ES,Federal Contract Tower,15,16,11,0,42,0,63,16,1,80,15,79,27,1,122,4,0,4,126
06/08/2005,STX,VI,ASO,ES,Federal Contract Tower,18,12,5,0,35,0,59,25,0,84,18,71,30,0,119,22,0,22,141
06/09/2005,STX,VI,ASO,ES,Federal Contract Tower,16,14,6,3,39,0,45,31,0,76,16,59,37,3,115,24,6,30,145
06/10/2005,STX,VI,ASO,ES,Federal Contract Tower,16,18,15,3,52,0,70,30,0,100,16,88,45,3,152,32,10,42,194
06/11/2005,STX,VI,ASO,ES,Federal Contract Tower,20,9,1,3,33,0,51,40,0,91,20,60,41,3,124,60,0,60,184
06/12/2005,STX,VI,ASO,ES,Federal Contract Tower,16,9,1,2,28,0,58,23,0,81,16,67,24,2,109,28,0,28,137
06/13/2005,STX,VI,ASO,ES,Federal Contract Tower,16,12,4,0,32,0,71,33,0,104,16,83,37,0,136,6,0,6,142
06/14/2005,STX,VI,ASO,ES,Federal Contract Tower,18,12,2,0,32,0,60,32,4,96,18,72,34,4,128,0,0,0,128
06/15/2005,STX,VI,ASO,ES,Federal Contract Tower,12,16,8,0,36,0,54,34,0,88,12,70,42,0,124,32,0,32,156
06/16/2005,STX,VI,ASO,ES,Federal Contract Tower,17,17,7,0,41,0,61,32,6,99,17,78,39,6,140,16,0,16,156
06/17/2005,STX,VI,ASO,ES,Federal Contract Tower,14,12,5,0,31,0,60,38,0,98,14,72,43,0,129,34,0,34,163
06/18/2005,STX,VI,ASO,ES,Federal Contract Tower,19,10,2,0,31,0,43,27,0,70,19,53,29,0,101,0,0,0,101
06/19/2005,STX,VI,ASO,ES,Federal Contract Tower,16,9,2,0,27,0,61,8,2,71,16,70,10,2,98,0,0,0,98
06/20/2005,STX,VI,ASO,ES,Federal Contract Tower,14,13,11,2,40,0,65,28,6,99,14,78,39,8,139,26,0,26,165
06/21/2005,STX,VI,ASO,ES,Federal Contract Tower,15,14,1,0,30,0,60,34,0,94,15,74,35,0,124,12,0,12,136
06/22/2005,STX,VI,ASO,ES,Federal Contract Tower,18,14,8,5,45,0,50,39,1,90,18,64,47,6,135,6,18,24,159
06/23/2005,STX,VI,ASO,ES,Federal Contract Tower,16,13,10,2,41,0,57,31,2,90,16,70,41,4,131,2,24,26,157
06/24/2005,STX,VI,ASO,ES,Federal Contract Tower,16,18,8,4,46,0,60,40,0,100,16,78,48,4,146,36,0,36,182
06/25/2005,STX,VI,ASO,ES,Federal Contract Tower,19,8,1,8,36,0,54,14,2,70,19,62,15,10,106,4,0,4,110
06/26/2005,STX,VI,ASO,ES,Federal Contract Tower,16,8,2,2,28,0,47,15,0,62,16,55,17,2,90,16,0,16,106
06/27/2005,STX,VI,ASO,ES,Federal Contract Tower,15,13,5,2,35,0,64,32,1,97,15,77,37,3,132,14,0,14,146
06/28/2005,STX,VI,ASO,ES,Federal Contract Tower,20,12,5,6,43,0,51,26,1,78,20,63,31,7,121,30,0,30,151
06/29/2005,STX,VI,ASO,ES,Federal Contract Tower,18,17,11,3,49,0,65,25,2,92,18,82,36,5,141,10,12,22,163
06/30/2005,STX,VI,ASO,ES,Federal Contract Tower,13,15,4,4,36,0,67,34,0,101,13,82,38,4,137,6,0,6,143
07/01/2005,STX,VI,ASO,ES,Federal Contract Tower,11,17,6,0,34,0,75,26,0,101,11,92,32,0,135,4,0,4,139
07/02/2005,STX,VI,ASO,ES,Federal Contract Tower,17,8,3,0,28,0,59,19,0,78,17,67,22,0,106,28,0,28,134
07/03/2005,STX,VI,ASO,ES,Federal Contract Tower,13,8,0,0,21,0,63,69,0,132,13,71,69,0,153,24,0,24,177
07/04/2005,STX,VI,ASO,ES,Federal Contract Tower,13,7,4,0,24,0,62,20,0,82,13,69,24,0,106,0,0,0,106
07/05/2005,STX,VI,ASO,ES,Federal Contract Tower,18,20,10,3,51,0,58,21,0,79,18,78,31,3,130,28,0,28,158
07/06/2005,STX,VI,ASO,ES,Federal Contract Tower,18,15,13,6,52,0,58,19,0,77,18,73,32,6,129,60,0,60,189
07/07/2005,STX,VI,ASO,ES,Federal Contract Tower,16,15,6,3,40,0,59,34,2,95,16,74,40,5,135,66,0,66,201
07/08/2005,STX,VI,ASO,ES,Federal Contract Tower,15,14,15,5,49,0,65,31,2,98,15,79,46,7,147,62,0,62,209
07/09/2005,STX,VI,ASO,ES,Federal Contract Tower,18,11,0,6,35,0,59,30,0,89,18,70,30,6,124,40,0,40,164
07/10/2005,STX,VI,ASO,ES,Federal Contract Tower,16,8,5,2,31,0,52,31,0,83,16,60,36,2,114,36,0,36,150
07/11/2005,STX,VI,ASO,ES,Federal Contract Tower,15,16,11,2,44,0,64,40,2,106,15,80,51,4,150,6,0,6,156
07/12/2005,STX,VI,ASO,ES,Federal Contract Tower,18,14,8,1,41,0,59,38,0,97,18,73,46,1,138,36,0,36,174
07/13/2005,STX,VI,ASO,ES,Federal Contract Tower,18,18,15,3,54,0,68,43,0,111,18,86,58,3,165,32,0,32,197
07/14/2005,STX,VI,ASO,ES,Federal Contract Tower,16,15,8,4,43,0,57,26,2,85,16,72,34,6,128,28,0,28,156
07/15/2005,STX,VI,ASO,ES,Federal Contract Tower,13,15,6,7,41,0,65,38,1,104,13,80,44,8,145,54,0,54,199
07/16/2005,STX,VI,ASO,ES,Federal Contract Tower,20,8,2,4,34,0,48,22,2,72,20,56,24,6,106,6,0,6,112
07/17/2005,STX,VI,ASO,ES,Federal Contract Tower,15,8,3,3,29,0,55,15,1,71,15,63,18,4,100,6,0,6,106
07/18/2005,STX,VI,ASO,ES,Federal Contract Tower,12,21,7,1,41,0,64,22,7,93,12,85,29,8,134,0,0,0,134
07/19/2005,STX,VI,ASO,ES,Federal Contract Tower,16,18,8,2,44,0,52,17,1,70,16,70,25,3,114,20,0,20,134
07/20/2005,STX,VI,ASO,ES,Federal Contract Tower,19,22,8,0,49,0,43,32,0,75,19,65,40,0,124,34,0,34,158
07/21/2005,STX,VI,ASO,ES,Federal Contract Tower,15,18,8,2,43,0,67,31,3,101,15,85,39,5,144,36,0,36,180
07/22/2005,STX,VI,ASO,ES,Federal Contract Tower,10,18,10,0,38,0,67,39,0,106,10,85,49,0,144,30,0,30,174
07/23/2005,STX,VI,ASO,ES,Federal Contract Tower,16,9,3,0,28,0,50,24,0,74,16,59,27,0,102,0,0,0,102
07/24/2005,STX,VI,ASO,ES,Federal Contract Tower,12,8,0,1,21,0,67,35,0,102,12,75,35,1,123,30,0,30,153
07/25/2005,STX,VI,ASO,ES,Federal Contract Tower,12,13,6,0,31,0,74,32,3,109,12,87,38,3,140,62,0,62,202
07/26/2005,STX,VI,ASO,ES,Federal Contract Tower,18,10,5,2,35,0,62,36,0,98,18,72,41,2,133,46,0,46,179
07/27/2005,STX,VI,ASO,ES,Federal Contract Tower,17,11,6,0,34,0,63,26,2,91,17,74,32,2,125,18,0,18,143
07/28/2005,STX,VI,ASO,ES,Federal Contract Tower,15,11,7,0,33,0,60,32,2,94,15,71,39,2,127,0,0,0,127
07/29/2005,STX,VI,ASO,ES,Federal Contract Tower,14,14,12,0,40,0,50,16,0,66,14,64,28,0,106,4,0,4,110
07/30/2005,STX,VI,ASO,ES,Federal Contract Tower,19,8,0,2,29,0,41,21,0,62,19,49,21,2,91,46,0,46,137
07/31/2005,STX,VI,ASO,ES,Federal Contract Tower,14,8,0,3,25,0,55,20,0,75,14,63,20,3,100,16,0,16,116
08/01/2005,STX,VI,ASO,ES,Federal Contract Tower,13,13,8,1,35,0,73,24,10,107,13,86,32,11,142,18,2,20,162
08/02/2005,STX,VI,ASO,ES,Federal Contract Tower,16,12,10,7,45,0,64,25,2,91,16,76,35,9,136,26,0,26,162
08/03/2005,STX,VI,ASO,ES,Federal Contract Tower,16,11,6,1,34,0,59,40,9,108,16,70,46,10,142,20,0,20,162
08/04/2005,STX,VI,ASO,ES,Federal Contract Tower,15,15,3,0,33,0,49,24,0,73,15,64,27,0,106,0,0,0,106
08/05/2005,STX,VI,ASO,ES,Federal Contract Tower,15,10,12,0,37,0,65,26,0,91,15,75,38,0,128,0,0,0,128
08/06/2005,STX,VI,ASO,ES,Federal Contract Tower,19,9,3,5,36,0,51,23,1,75,19,60,26,6,111,14,0,14,125
08/07/2005,STX,VI,ASO,ES,Federal Contract Tower,17,7,1,6,31,0,56,33,0,89,17,63,34,6,120,0,0,0,120
08/08/2005,STX,VI,ASO,ES,Federal Contract Tower,15,12,5,0,32,0,81,29,0,110,15,93,34,0,142,12,0,12,154
08/09/2005,STX,VI,ASO,ES,Federal Contract Tower,16,10,11,1,38,0,73,26,3,102,16,83,37,4,140,4,0,4,144
08/10/2005,STX,VI,ASO,ES,Federal Contract Tower,18,10,2,0,30,0,48,30,0,78,18,58,32,0,108,10,0,10,118
08/11/2005,STX,VI,ASO,ES,Federal Contract Tower,16,13,2,2,33,0,59,38,3,100,16,72,40,5,133,58,0,58,191
08/12/2005,STX,VI,ASO,ES,Federal Contract Tower,16,11,4,1,32,0,63,28,2,93,16,74,32,3,125,10,0,10,135
08/13/2005,STX,VI,ASO,ES,Federal Contract Tower,20,8,1,0,29,0,44,24,0,68,20,52,25,0,97,46,0,46,143
08/14/2005,STX,VI,ASO,ES,Federal Contract Tower,16,7,1,2,26,0,55,22,2,79,16,62,23,4,105,18,0,18,123
08/15/2005,STX,VI,ASO,ES,Federal Contract Tower,15,11,6,1,33,0,67,9,0,76,15,78,15,1,109,0,0,0,109
08/16/2005,STX,VI,ASO,ES,Federal Contract Tower,18,12,8,1,39,0,62,19,0,81,18,74,27,1,120,26,0,26,146
08/17/2005,STX,VI,ASO,ES,Federal Contract Tower,18,12,4,0,34,0,53,35,1,89,18,65,39,1,123,18,0,18,141
08/18/2005,STX,VI,ASO,ES,Federal Contract Tower,15,14,10,6,45,0,43,27,1,71,15,57,37,7,116,12,0,12,128
08/19/2005,STX,VI,ASO,ES,Federal Contract Tower,16,12,5,4,37,0,60,38,4,102,16,72,43,8,139,30,0,30,169
08/20/2005,STX,VI,ASO,ES,Federal Contract Tower,19,10,2,3,34,0,47,15,4,66,19,57,17,7,100,26,0,26,126
08/21/2005,STX,VI,ASO,ES,Federal Contract Tower,15,8,1,4,28,0,63,13,4,80,15,71,14,8,108,4,0,4,112
08/22/2005,STX,VI,ASO,ES,Federal Contract Tower,14,13,9,1,37,0,65,28,0,93,14,78,37,1,130,0,0,0,130
08/23/2005,STX,VI,ASO,ES,Federal Contract Tower,16,10,6,0,32,0,62,31,1,94,16,72,37,1,126,0,0,0,126
08/24/2005,STX,VI,ASO,ES,Federal Contract Tower,17,16,12,4,49,0,51,9,3,63,17,67,21,7,112,10,0,10,122
08/25/2005,STX,VI,ASO,ES,Federal Contract Tower,15,13,5,1,34,0,45,28,2,75,15,58,33,3,109,18,2,20,129
08/26/2005,STX,VI,ASO,ES,Federal Contract Tower,15,12,6,0,33,0,54,35,2,91,15,66,41,2,124,32,0,32,156
08/27/2005,STX,VI,ASO,ES,Federal Contract Tower,20,8,3,1,32,0,35,13,0,48,20,43,16,1,80,22,0,22,102
08/28/2005,STX,VI,ASO,ES,Federal Contract Tower,14,10,1,0,25,0,59,17,2,78,14,69,18,2,103,16,0,16,119
08/29/2005,STX,VI,ASO,ES,Federal Contract Tower,13,12,6,2,33,0,71,30,2,103,13,83,36,4,136,26,0,26,162
08/30/2005,STX,VI,ASO,ES,Federal Contract Tower,15,8,6,0,29,0,56,27,2,85,15,64,33,2,114,14,0,14,128
08/31/2005,STX,VI,ASO,ES,Federal Contract Tower,12,12,4,0,28,0,51,46,4,101,12,63,50,4,129,28,0,28,157
09/01/2005,STX,VI,ASO,ES,Federal Contract Tower,10,11,4,0,25,0,59,25,6,90,10,70,29,6,115,10,0,10,125
09/02/2005,STX,VI,ASO,ES,Federal Contract Tower,9,10,6,0,25,0,67,33,0,100,9,77,39,0,125,10,0,10,135
09/03/2005,STX,VI,ASO,ES,Federal Contract Tower,18,9,2,0,29,0,58,20,0,78,18,67,22,0,107,20,0,20,127
09/04/2005,STX,VI,ASO,ES,Federal Contract Tower,11,14,1,0,26,0,58,54,2,114,11,72,55,2,140,2,0,2,142
09/05/2005,STX,VI,ASO,ES,Federal Contract Tower,5,6,3,2,16,0,64,26,0,90,5,70,29,2,106,2,0,2,108
09/06/2005,STX,VI,ASO,ES,Federal Contract Tower,11,10,11,4,36,0,54,32,0,86,11,64,43,4,122,0,0,0,122
09/07/2005,STX,VI,ASO,ES,Federal Contract Tower,15,12,4,1,32,0,57,23,3,83,15,69,27,4,115,32,0,32,147
09/08/2005,STX,VI,ASO,ES,Federal Contract Tower,12,11,6,2,31,0,54,28,0,82,12,65,34,2,113,12,0,12,125
09/09/2005,STX,VI,ASO,ES,Federal Contract Tower,10,17,13,6,46,0,54,25,1,80,10,71,38,7,126,0,0,0,126
09/10/2005,STX,VI,ASO,ES,Federal Contract Tower,14,8,2,0,24,0,39,28,7,74,14,47,30,7,98,16,0,16,114
09/11/2005,STX,VI,ASO,ES,Federal Contract Tower,14,8,4,3,29,0,48,9,0,57,14,56,13,3,86,0,0,0,86
09/12/2005,STX,VI,ASO,ES,Federal Contract Tower,10,13,7,0,30,0,62,41,0,103,10,75,48,0,133,26,0,26,159
09/13/2005,STX,VI,ASO,ES,Federal Contract Tower,12,12,6,1,31,0,49,34,0,83,12,61,40,1,114,14,0,14,128
09/14/2005,STX,VI,ASO,ES,Federal Contract Tower,14,15,5,2,36,0,52,26,1,79,14,67,31,3,115,18,0,18,133
09/15/2005,STX,VI,ASO,ES,Federal Contract Tower,16,11,5,0,32,0,56,18,2,76,16,67,23,2,108,0,0,0,108
09/16/2005,STX,VI,ASO,ES,Federal Contract Tower,10,12,7,3,32,0,55,24,1,80,10,67,31,4,112,8,2,10,122
09/17/2005,STX,VI,ASO,ES,Federal Contract Tower,14,8,2,4,28,0,36,24,0,60,14,44,26,4,88,18,0,18,106
09/18/2005,STX,VI,ASO,ES,Federal Contract Tower,9,8,2,7,26,0,47,16,1,64,9,55,18,8,90,10,0,10,100
09/19/2005,STX,VI,ASO,ES,Federal Contract Tower,11,12,12,7,42,0,61,18,3,82,11,73,30,10,124,0,0,0,124
09/20/2005,STX,VI,ASO,ES,Federal Contract Tower,12,10,10,7,39,0,46,35,2,83,12,56,45,9,122,10,2,12,134
09/21/2005,STX,VI,ASO,ES,Federal Contract Tower,14,11,4,3,32,0,50,33,2,85,14,61,37,5,117,10,0,10,127
09/22/2005,STX,VI,ASO,ES,Federal Contract Tower,14,11,4,2,31,0,51,28,0,79,14,62,32,2,110,22,0,22,132
09/23/2005,STX,VI,ASO,ES,Federal Contract Tower,10,12,1,4,27,0,57,27,1,85,10,69,28,5,112,16,0,16,128
09/24/2005,STX,VI,ASO,ES,Federal Contract Tower,14,8,0,0,22,0,39,17,0,56,14,47,17,0,78,6,0,6,84
09/25/2005,STX,VI,ASO,ES,Federal Contract Tower,10,8,1,1,20,0,54,19,0,73,10,62,20,1,93,0,0,0,93
09/26/2005,STX,VI,ASO,ES,Federal Contract Tower,10,10,4,0,24,0,65,31,0,96,10,75,35,0,120,14,0,14,134
09/27/2005,STX,VI,ASO,ES,Federal Contract Tower,12,10,8,0,30,0,47,19,0,66,12,57,27,0,96,4,0,4,100
09/28/2005,STX,VI,ASO,ES,Federal Contract Tower,14,10,8,0,32,0,40,25,2,67,14,50,33,2,99,32,0,32,131
09/29/2005,STX,VI,ASO,ES,Federal Contract Tower,12,13,7,0,32,0,53,33,1,87,12,66,40,1,119,12,0,12,131
09/30/2005,STX,VI,ASO,ES,Federal Contract Tower,10,11,2,0,23,0,58,45,0,103,10,69,47,0,126,18,0,18,144
10/01/2005,STX,VI,ASO,ES,Federal Contract Tower,14,8,0,1,23,0,40,21,2,63,14,48,21,3,86,14,0,14,100
10/02/2005,STX,VI,ASO,ES,Federal Contract Tower,12,8,2,1,23,0,48,24,0,72,12,56,26,1,95,8,0,8,103
10/03/2005,STX,VI,ASO,ES,Federal Contract Tower,11,19,14,0,44,0,47,14,0,61,11,66,28,0,105,0,0,0,105
10/04/2005,STX,VI,ASO,ES,Federal Contract Tower,14,20,8,0,42,0,35,16,0,51,14,55,24,0,93,2,0,2,95
10/05/2005,STX,VI,ASO,ES,Federal Contract Tower,16,10,5,2,33,0,49,25,2,76,16,59,30,4,109,16,0,16,125
10/06/2005,STX,VI,ASO,ES,Federal Contract Tower,14,13,6,2,35,0,57,30,3,90,14,70,36,5,125,44,2,46,171
10/07/2005,STX,VI,ASO,ES,Federal Contract Tower,11,12,6,0,29,0,58,36,8,102,11,70,42,8,131,24,0,24,155
10/08/2005,STX,VI,ASO,ES,Federal Contract Tower,16,8,5,1,30,0,52,22,0,74,16,60,27,1,104,16,0,16,120
10/09/2005,STX,VI,ASO,ES,Federal Contract Tower,12,8,3,0,23,0,54,21,0,75,12,62,24,0,98,10,0,10,108
10/10/2005,STX,VI,ASO,ES,Federal Contract Tower,12,23,9,1,45,0,18,11,0,29,12,41,20,1,74,0,0,0,74
10/11/2005,STX,VI,ASO,ES,Federal Contract Tower,11,20,9,2,42,0,45,20,0,65,11,65,29,2,107,10,24,34,141
10/12/2005,STX,VI,ASO,ES,Federal Contract Tower,14,12,12,0,38,0,34,34,0,68,14,46,46,0,106,38,0,38,144
10/13/2005,STX,VI,ASO,ES,Federal Contract Tower,12,11,5,0,28,0,48,31,0,79,12,59,36,0,107,14,0,14,121
10/14/2005,STX,VI,ASO,ES,Federal Contract Tower,9,12,3,0,24,0,50,30,0,80,9,62,33,0,104,26,0,26,130
10/15/2005,STX,VI,ASO,ES,Federal Contract Tower,13,10,4,4,31,0,39,21,0,60,13,49,25,4,91,36,0,36,127
10/16/2005,STX,VI,ASO,ES,Federal Contract Tower,10,8,3,2,23,0,54,15,5,74,10,62,18,7,97,20,0,20,117
10/17/2005,STX,VI,ASO,ES,Federal Contract Tower,9,12,8,0,29,0,68,25,0,93,9,80,33,0,122,0,0,0,122
10/18/2005,STX,VI,ASO,ES,Federal Contract Tower,12,12,4,0,28,0,55,31,1,87,12,67,35,1,115,12,0,12,127
10/19/2005,STX,VI,ASO,ES,Federal Contract Tower,14,11,5,5,35,0,55,38,3,96,14,66,43,8,131,0,0,0,131
10/20/2005,STX,VI,ASO,ES,Federal Contract Tower,12,11,11,4,38,0,68,40,2,110,12,79,51,6,148,42,0,42,190
10/21/2005,STX,VI,ASO,ES,Federal Contract Tower,11,14,8,6,39,0,52,33,0,85,11,66,41,6,124,22,0,22,146
10/22/2005,STX,VI,ASO,ES,Federal Contract Tower,14,10,2,4,30,0,46,20,2,68,14,56,22,6,98,0,0,0,98
10/23/2005,STX,VI,ASO,ES,Federal Contract Tower,10,11,0,1,22,0,49,12,2,63,10,60,12,3,85,0,0,0,85
10/24/2005,STX,VI,ASO,ES,Federal Contract Tower,10,10,4,0,24,0,64,34,2,100,10,74,38,2,124,18,0,18,142
10/25/2005,STX,VI,ASO,ES,Federal Contract Tower,10,13,3,0,26,0,57,34,1,92,10,70,37,1,118,44,0,44,162
10/26/2005,STX,VI,ASO,ES,Federal Contract Tower,14,13,10,0,37,0,50,37,4,91,14,63,47,4,128,30,0,30,158
10/27/2005,STX,VI,ASO,ES,Federal Contract Tower,12,17,9,4,42,0,51,41,1,93,12,68,50,5,135,24,22,46,181
10/28/2005,STX,VI,ASO,ES,Federal Contract Tower,11,12,9,5,37,0,57,50,0,107,11,69,59,5,144,36,0,36,180
10/29/2005,STX,VI,ASO,ES,Federal Contract Tower,14,8,1,1,24,0,37,20,0,57,14,45,21,1,81,10,0,10,91
10/30/2005,STX,VI,ASO,ES,Federal Contract Tower,16,9,1,0,26,0,51,34,0,85,16,60,35,0,111,22,0,22,133
10/31/2005,STX,VI,ASO,ES,Federal Contract Tower,14,16,6,1,37,0,73,27,8,108,14,89,33,9,145,40,0,40,185
11/01/2005,STX,VI,ASO,ES,Federal Contract Tower,15,14,5,0,34,0,59,23,0,82,15,73,28,0,116,40,0,40,156
11/02/2005,STX,VI,ASO,ES,Federal Contract Tower,17,14,7,0,38,0,46,25,5,76,17,60,32,5,114,36,0,36,150
11/03/2005,STX,VI,ASO,ES,Federal Contract Tower,16,14,6,2,38,0,59,35,5,99,16,73,41,7,137,26,0,26,163
11/04/2005,STX,VI,ASO,ES,Federal Contract Tower,16,14,7,1,38,0,63,25,0,88,16,77,32,1,126,8,0,8,134
11/05/2005,STX,VI,ASO,ES,Federal Contract Tower,18,8,1,3,30,0,47,32,0,79,18,55,33,3,109,44,0,44,153
11/06/2005,STX,VI,ASO,ES,Federal Contract Tower,16,9,3,3,31,0,48,23,0,71,16,57,26,3,102,34,0,34,136
11/07/2005,STX,VI,ASO,ES,Federal Contract Tower,16,13,6,0,35,0,62,27,0,89,16,75,33,0,124,0,0,0,124
11/08/2005,STX,VI,ASO,ES,Federal Contract Tower,14,14,6,5,39,0,60,38,0,98,14,74,44,5,137,10,0,10,147
11/09/2005,STX,VI,ASO,ES,Federal Contract Tower,18,15,7,4,44,0,56,35,2,93,18,71,42,6,137,14,0,14,151
11/10/2005,STX,VI,ASO,ES,Federal Contract Tower,14,14,13,5,46,0,66,27,5,98,14,80,40,10,144,0,0,0,144
11/11/2005,STX,VI,ASO,ES,Federal Contract Tower,18,14,8,3,43,0,59,37,11,107,18,73,45,14,150,4,0,4,154
11/12/2005,STX,VI,ASO,ES,Federal Contract Tower,20,11,6,3,40,0,33,26,0,59,20,44,32,3,99,2,0,2,101
11/13/2005,STX,VI,ASO,ES,Federal Contract Tower,14,8,5,3,30,0,75,20,5,100,14,83,25,8,130,4,0,4,134
11/14/2005,STX,VI,ASO,ES,Federal Contract Tower,16,13,9,2,40,0,73,34,0,107,16,86,43,2,147,0,0,0,147
11/15/2005,STX,VI,ASO,ES,Federal Contract Tower,16,14,11,4,45,0,66,38,0,104,16,80,49,4,149,6,0,6,155
11/16/2005,STX,VI,ASO,ES,Federal Contract Tower,16,12,6,0,34,0,61,27,4,92,16,73,33,4,126,8,0,8,134
11/17/2005,STX,VI,ASO,ES,Federal Contract Tower,14,13,5,4,36,0,57,40,1,98,14,70,45,5,134,4,0,4,138
11/18/2005,STX,VI,ASO,ES,Federal Contract Tower,17,14,7,0,38,0,64,33,0,97,17,78,40,0,135,56,0,56,191
11/19/2005,STX,VI,ASO,ES,Federal Contract Tower,19,8,6,1,34,0,57,33,6,96,19,65,39,7,130,12,0,12,142
11/20/2005,STX,VI,ASO,ES,Federal Contract Tower,14,8,4,2,28,0,54,32,8,94,14,62,36,10,122,2,0,2,124
11/21/2005,STX,VI,ASO,ES,Federal Contract Tower,16,15,14,1,46,0,68,21,4,93,16,83,35,5,139,0,0,0,139
11/22/2005,STX,VI,ASO,ES,Federal Contract Tower,17,13,11,0,41,0,58,32,4,94,17,71,43,4,135,4,0,4,139
11/23/2005,STX,VI,ASO,ES,Federal Contract Tower,12,16,6,0,34,0,62,23,0,85,12,78,29,0,119,2,0,2,121
11/24/2005,STX,VI,ASO,ES,Federal Contract Tower,14,10,3,0,27,0,39,9,0,48,14,49,12,0,75,0,0,0,75
11/25/2005,STX,VI,ASO,ES,Federal Contract Tower,12,13,5,0,30,0,53,20,0,73,12,66,25,0,103,0,0,0,103
11/26/2005,STX,VI,ASO,ES,Federal Contract Tower,20,8,2,1,31,0,42,26,0,68,20,50,28,1,99,18,0,18,117
11/27/2005,STX,VI,ASO,ES,Federal Contract Tower,11,11,11,1,34,0,69,25,0,94,11,80,36,1,128,4,0,4,132
11/28/2005,STX,VI,ASO,ES,Federal Contract Tower,13,12,9,0,34,0,70,27,6,103,13,82,36,6,137,0,0,0,137
11/29/2005,STX,VI,ASO,ES,Federal Contract Tower,16,12,12,1,41,0,61,32,2,95,16,73,44,3,136,2,0,2,138
11/30/2005,STX,VI,ASO,ES,Federal Contract Tower,18,14,9,1,42,0,57,29,0,86,18,71,38,1,128,0,0,0,128
12/01/2005,STX,VI,ASO,ES,Federal Contract Tower,16,13,6,2,37,0,57,29,1,87,16,70,35,3,124,8,0,8,132
12/02/2005,STX,VI,ASO,ES,Federal Contract Tower,14,14,9,0,37,0,53,23,0,76,14,67,32,0,113,0,0,0,113
12/03/2005,STX,VI,ASO,ES,Federal Contract Tower,18,14,4,1,37,0,41,13,0,54,18,55,17,1,91,0,0,0,91
12/04/2005,STX,VI,ASO,ES,Federal Contract Tower,14,8,5,1,28,0,47,27,0,74,14,55,32,1,102,14,0,14,116
12/05/2005,STX,VI,ASO,ES,Federal Contract Tower,14,13,8,0,35,0,71,37,1,109,14,84,45,1,144,24,0,24,168
12/06/2005,STX,VI,ASO,ES,Federal Contract Tower,14,13,14,0,41,0,63,44,0,107,14,76,58,0,148,0,0,0,148
12/07/2005,STX,VI,ASO,ES,Federal Contract Tower,16,14,7,0,37,0,51,31,0,82,16,65,38,0,119,0,0,0,119
12/08/2005,STX,VI,ASO,ES,Federal Contract Tower,14,16,5,0,35,0,48,46,5,99,14,64,51,5,134,0,0,0,134
12/09/2005,STX,VI,ASO,ES,Federal Contract Tower,14,16,11,5,46,0,67,23,0,90,14,83,34,5,136,8,0,8,144
12/10/2005,STX,VI,ASO,ES,Federal Contract Tower,18,8,4,8,38,0,44,43,4,91,18,52,47,12,129,18,0,18,147
12/11/2005,STX,VI,ASO,ES,Federal Contract Tower,14,18,4,4,40,0,44,31,3,78,14,62,35,7,118,30,0,30,148
12/12/2005,STX,VI,ASO,ES,Federal Contract Tower,14,15,10,3,42,0,61,29,0,90,14,76,39,3,132,16,0,16,148
12/13/2005,STX,VI,ASO,ES,Federal Contract Tower,14,12,9,1,36,0,59,43,1,103,14,71,52,2,139,16,0,16,155
12/14/2005,STX,VI,ASO,ES,Federal Contract Tower,16,16,7,1,40,0,65,54,5,124,16,81,61,6,164,12,0,12,176
12/15/2005,STX,VI,ASO,ES,Federal Contract Tower,16,17,10,1,44,0,70,44,1,115,16,87,54,2,159,4,0,4,163
12/16/2005,STX,VI,ASO,ES,Federal Contract Tower,16,15,17,4,52,0,83,38,5,126,16,98,55,9,178,16,0,16,194
12/17/2005,STX,VI,ASO,ES,Federal Contract Tower,19,11,5,4,39,0,68,42,1,111,19,79,47,5,150,10,0,10,160
12/18/2005,STX,VI,ASO,ES,Federal Contract Tower,14,8,10,1,33,0,66,36,0,102,14,74,46,1,135,40,0,40,175
12/19/2005,STX,VI,ASO,ES,Federal Contract Tower,16,18,8,0,42,0,69,28,1,98,16,87,36,1,140,10,0,10,150
12/20/2005,STX,VI,ASO,ES,Federal Contract Tower,16,15,11,0,42,0,81,31,3,115,16,96,42,3,157,34,0,34,191
12/21/2005,STX,VI,ASO,ES,Federal Contract Tower,18,22,12,3,55,0,70,34,4,108,18,92,46,7,163,22,0,22,185
12/22/2005,STX,VI,ASO,ES,Federal Contract Tower,16,15,13,3,47,0,81,27,2,110,16,96,40,5,157,0,18,18,175
12/23/2005,STX,VI,ASO,ES,Federal Contract Tower,16,16,10,0,42,0,78,21,0,99,16,94,31,0,141,0,0,0,141
12/24/2005,STX,VI,ASO,ES,Federal Contract Tower,20,20,12,0,52,0,49,23,0,72,20,69,35,0,124,0,0,0,124
12/25/2005,STX,VI,ASO,ES,Federal Contract Tower,16,12,1,0,29,0,50,12,0,62,16,62,13,0,91,0,0,0,91
12/26/2005,STX,VI,ASO,ES,Federal Contract Tower,15,8,14,0,37,0,68,33,0,101,15,76,47,0,138,2,0,2,140
12/27/2005,STX,VI,ASO,ES,Federal Contract Tower,15,14,13,2,44,0,77,41,2,120,15,91,54,4,164,16,6,22,186
12/28/2005,STX,VI,ASO,ES,Federal Contract Tower,17,12,12,0,41,0,74,36,2,112,17,86,48,2,153,2,0,2,155
12/29/2005,STX,VI,ASO,ES,Federal Contract Tower,14,13,10,1,38,0,78,45,4,127,14,91,55,5,165,30,0,30,195
12/30/2005,STX,VI,ASO,ES,Federal Contract Tower,15,15,8,1,39,0,80,38,3,121,15,95,46,4,160,14,0,14,174
12/31/2005,STX,VI,ASO,ES,Federal Contract Tower,20,9,10,0,39,0,53,22,1,76,20,62,32,1,115,0,0,0,115
01/01/2006,STX,VI,ASO,ES,Federal Contract Tower,15,10,10,0,35,0,46,13,2,61,15,56,23,2,96,0,0,0,96
01/02/2006,STX,VI,ASO,ES,Federal Contract Tower,17,11,17,0,45,0,65,25,0,90,17,76,42,0,135,4,0,4,139
01/03/2006,STX,VI,ASO,ES,Federal Contract Tower,16,12,24,0,52,0,69,36,1,106,16,81,60,1,158,12,0,12,170
01/04/2006,STX,VI,ASO,ES,Federal Contract Tower,18,14,5,0,37,0,60,48,0,108,18,74,53,0,145,0,0,0,145
01/05/2006,STX,VI,ASO,ES,Federal Contract Tower,15,17,8,1,41,0,67,44,0,111,15,84,52,1,152,10,0,10,162
01/06/2006,STX,VI,ASO,ES,Federal Contract Tower,15,10,7,1,33,0,64,25,3,92,15,74,32,4,125,2,0,2,127
01/07/2006,STX,VI,ASO,ES,Federal Contract Tower,20,8,20,1,49,0,64,37,1,102,20,72,57,2,151,46,0,46,197
01/08/2006,STX,VI,ASO,ES,Federal Contract Tower,16,8,10,2,36,0,84,27,0,111,16,92,37,2,147,34,0,34,181
01/09/2006,STX,VI,ASO,ES,Federal Contract Tower,16,16,13,0,45,0,93,42,6,141,16,109,55,6,186,0,0,0,186
01/10/2006,STX,VI,ASO,ES,Federal Contract Tower,16,12,10,0,38,0,87,32,6,125,16,99,42,6,163,6,2,8,171
01/11/2006,STX,VI,ASO,ES,Federal Contract Tower,18,12,12,2,44,0,78,38,5,121,18,90,50,7,165,30,0,30,195
01/12/2006,STX,VI,ASO,ES,Federal Contract Tower,16,16,9,0,41,0,71,36,0,107,16,87,45,0,148,28,0,28,176
01/13/2006,STX,VI,ASO,ES,Federal Contract Tower,15,14,11,5,45,0,80,51,2,133,15,94,62,7,178,16,0,16,194
01/14/2006,STX,VI,ASO,ES,Federal Contract Tower,19,8,2,2,31,0,62,14,1,77,19,70,16,3,108,24,4,28,136
01/15/2006,STX,VI,ASO,ES,Federal Contract Tower,14,8,3,1,26,0,57,32,0,89,14,65,35,1,115,38,0,38,153
01/16/2006,STX,VI,ASO,ES,Federal Contract Tower,16,16,9,0,41,0,74,15,0,89,16,90,24,0,130,0,0,0,130
01/17/2006,STX,VI,ASO,ES,Federal Contract Tower,16,14,13,0,43,0,70,34,2,106,16,84,47,2,149,30,0,30,179
01/18/2006,STX,VI,ASO,ES,Federal Contract Tower,16,12,7,3,38,0,60,31,1,92,16,72,38,4,130,18,0,18,148
01/19/2006,STX,VI,ASO,ES,Federal Contract Tower,16,14,9,1,40,0,69,38,2,109,16,83,47,3,149,26,0,26,175
01/20/2006,STX,VI,ASO,ES,Federal Contract Tower,15,17,8,2,42,0,81,51,2,134,15,98,59,4,176,32,0,32,208
01/21/2006,STX,VI,ASO,ES,Federal Contract Tower,19,8,9,4,40,0,53,29,6,88,19,61,38,10,128,4,0,4,132
01/22/2006,STX,VI,ASO,ES,Federal Contract Tower,14,9,4,5,32,0,51,12,0,63,14,60,16,5,95,2,0,2,97
01/23/2006,STX,VI,ASO,ES,Federal Contract Tower,16,14,13,1,44,0,76,32,4,112,16,90,45,5,156,2,0,2,158
01/24/2006,STX,VI,ASO,ES,Federal Contract Tower,15,14,7,0,36,0,75,29,0,104,15,89,36,0,140,30,0,30,170
01/25/2006,STX,VI,ASO,ES,Federal Contract Tower,16,12,10,0,38,0,67,27,0,94,16,79,37,0,132,44,0,44,176
01/26/2006,STX,VI,ASO,ES,Federal Contract Tower,15,16,5,1,37,0,70,25,0,95,15,86,30,1,132,24,0,24,156
01/27/2006,STX,VI,ASO,ES,Federal Contract Tower,16,12,9,2,39,0,66,41,3,110,16,78,50,5,149,34,0,34,183
01/28/2006,STX,VI,ASO,ES,Federal Contract Tower,19,8,4,2,33,0,38,15,0,53,19,46,19,2,86,2,0,2,88
01/29/2006,STX,VI,ASO,ES,Federal Contract Tower,12,8,5,1,26,0,66,13,2,81,12,74,18,3,107,2,0,2,109
01/30/2006,STX,VI,ASO,ES,Federal Contract Tower,16,13,13,0,42,0,76,20,0,96,16,89,33,0,138,0,0,0,138
01/31/2006,STX,VI,ASO,ES,Federal Contract Tower,16,12,5,1,34,0,68,22,1,91,16,80,27,2,125,0,0,0,125
02/01/2006,STX,VI,ASO,ES,Federal Contract Tower,18,12,4,0,34,0,70,33,4,107,18,82,37,4,141,0,0,0,141
02/02/2006,STX,VI,ASO,ES,Federal Contract Tower,16,29,20,0,65,0,43,16,0,59,16,72,36,0,124,0,0,0,124
02/03/2006,STX,VI,ASO,ES,Federal Contract Tower,16,13,14,0,43,0,70,27,2,99,16,83,41,2,142,0,0,0,142
02/04/2006,STX,VI,ASO,ES,Federal Contract Tower,20,10,3,2,35,0,57,23,8,88,20,67,26,10,123,4,0,4,127
02/05/2006,STX,VI,ASO,ES,Federal Contract Tower,16,6,0,1,23,0,63,20,0,83,16,69,20,1,106,2,0,2,108
02/06/2006,STX,VI,ASO,ES,Federal Contract Tower,16,13,10,0,39,0,77,38,0,115,16,90,48,0,154,0,0,0,154
02/07/2006,STX,VI,ASO,ES,Federal Contract Tower,16,15,6,2,39,0,69,22,0,91,16,84,28,2,130,6,0,6,136
02/08/2006,STX,VI,ASO,ES,Federal Contract Tower,18,12,16,0,46,0,69,26,0,95,18,81,42,0,141,2,0,2,143
02/09/2006,STX,VI,ASO,ES,Federal Contract Tower,15,12,7,1,35,0,74,25,8,107,15,86,32,9,142,4,0,4,146
02/10/2006,STX,VI,ASO,ES,Federal Contract Tower,16,15,6,5,42,0,69,26,3,98,16,84,32,8,140,0,0,0,140
02/11/2006,STX,VI,ASO,ES,Federal Contract Tower,20,8,4,3,35,0,60,22,2,84,20,68,26,5,119,0,0,0,119
02/12/2006,STX,VI,ASO,ES,Federal Contract Tower,16,8,3,5,32,0,58,25,4,87,16,66,28,9,119,0,0,0,119
02/13/2006,STX,VI,ASO,ES,Federal Contract Tower,16,12,10,1,39,0,84,30,0,114,16,96,40,1,153,6,0,6,159
02/14/2006,STX,VI,ASO,ES,Federal Contract Tower,16,16,9,1,42,0,73,31,0,104,16,89,40,1,146,28,0,28,174
02/15/2006,STX,VI,ASO,ES,Federal Contract Tower,18,14,11,5,48,0,68,29,0,97,18,82,40,5,145,16,16,32,177
02/16/2006,STX,VI,ASO,ES,Federal Contract Tower,16,17,9,3,45,0,85,35,0,120,16,102,44,3,165,4,8,12,177
02/17/2006,STX,VI,ASO,ES,Federal Contract Tower,18,14,13,0,45,0,103,45,1,149,18,117,58,1,194,10,0,10,204
02/18/2006,STX,VI,ASO,ES,Federal Contract Tower,16,11,5,5,37,0,72,21,0,93,16,83,26,5,130,6,0,6,136
02/19/2006,STX,VI,ASO,ES,Federal Contract Tower,15,8,5,3,31,0,74,28,0,102,15,82,33,3,133,8,4,12,145
02/20/2006,STX,VI,ASO,ES,Federal Contract Tower,18,12,11,1,42,0,95,28,0,123,18,107,39,1,165,0,0,0,165
02/21/2006,STX,VI,ASO,ES,Federal Contract Tower,17,15,15,1,48,0,87,33,1,121,17,102,48,2,169,10,0,10,179
02/22/2006,STX,VI,ASO,ES,Federal Contract Tower,18,15,5,1,39,0,75,22,3,100,18,90,27,4,139,50,0,50,189
02/23/2006,STX,VI,ASO,ES,Federal Contract Tower,16,14,12,0,42,0,77,33,0,110,16,91,45,0,152,22,0,22,174
02/24/2006,STX,VI,ASO,ES,Federal Contract Tower,16,16,12,2,46,0,84,36,3,123,16,100,48,5,169,20,0,20,189
02/25/2006,STX,VI,ASO,ES,Federal Contract Tower,22,8,3,3,36,0,62,32,0,94,22,70,35,3,130,0,0,0,130
02/26/2006,STX,VI,ASO,ES,Federal Contract Tower,14,10,8,6,38,0,73,20,3,96,14,83,28,9,134,8,0,8,142
02/27/2006,STX,VI,ASO,ES,Federal Contract Tower,15,14,6,3,38,0,82,28,0,110,15,96,34,3,148,10,0,10,158
02/28/2006,STX,VI,ASO,ES,Federal Contract Tower,17,11,14,4,46,0,80,42,0,122,17,91,56,4,168,8,0,8,176
03/01/2006,STX,VI,ASO,ES,Federal Contract Tower,17,16,8,1,42,0,57,31,0,88,17,73,39,1,130,28,0,28,158
03/02/2006,STX,VI,ASO,ES,Federal Contract Tower,16,14,8,0,38,0,77,29,0,106,16,91,37,0,144,12,0,12,156
03/03/2006,STX,VI,ASO,ES,Federal Contract Tower,16,16,11,7,50,0,83,37,2,122,16,99,48,9,172,0,0,0,172
03/04/2006,STX,VI,ASO,ES,Federal Contract Tower,20,9,2,2,33,0,62,13,2,77,20,71,15,4,110,0,4,4,114
03/05/2006,STX,VI,ASO,ES,Federal Contract Tower,16,8,2,2,28,0,71,8,0,79,16,79,10,2,107,0,0,0,107
03/06/2006,STX,VI,ASO,ES,Federal Contract Tower,16,15,11,0,42,0,74,27,1,102,16,89,38,1,144,0,0,0,144
03/07/2006,STX,VI,ASO,ES,Federal Contract Tower,16,12,11,0,39,0,67,35,0,102,16,79,46,0,141,4,0,4,145
03/08/2006,STX,VI,ASO,ES,Federal Contract Tower,18,10,7,0,35,0,79,27,0,106,18,89,34,0,141,28,0,28,169
03/09/2006,STX,VI,ASO,ES,Federal Contract Tower,16,13,9,1,39,0,59,28,4,91,16,72,37,5,130,2,10,12,142
03/10/2006,STX,VI,ASO,ES,Federal Contract Tower,16,15,12,3,46,0,78,35,0,113,16,93,47,3,159,12,0,12,171
03/11/2006,STX,VI,ASO,ES,Federal Contract Tower,20,8,5,0,33,0,56,30,2,88,20,64,35,2,121,10,0,10,131
03/12/2006,STX,VI,ASO,ES,Federal Contract Tower,18,9,4,2,33,0,62,22,1,85,18,71,26,3,118,18,0,18,136
03/13/2006,STX,VI,ASO,ES,Federal Contract Tower,16,16,6,6,44,0,79,15,2,96,16,95,21,8,140,38,0,38,178
03/14/2006,STX,VI,ASO,ES,Federal Contract Tower,16,11,19,0,46,0,66,13,0,79,16,77,32,0,125,24,0,24,149
03/15/2006,STX,VI,ASO,ES,Federal Contract Tower,18,12,8,2,40,0,64,25,2,91,18,76,33,4,131,24,0,24,155
03/16/2006,STX,VI,ASO,ES,Federal Contract Tower,18,17,11,0,46,0,74,31,8,113,18,91,42,8,159,10,0,10,169
03/17/2006,STX,VI,ASO,ES,Federal Contract Tower,16,14,10,0,40,0,97,35,3,135,16,111,45,3,175,0,0,0,175
03/18/2006,STX,VI,ASO,ES,Federal Contract Tower,20,9,2,0,31,0,58,35,0,93,20,67,37,0,124,0,0,0,124
03/19/2006,STX,VI,ASO,ES,Federal Contract Tower,16,11,4,5,36,0,84,29,0,113,16,95,33,5,149,10,0,10,159
03/20/2006,STX,VI,ASO,ES,Federal Contract Tower,16,13,12,1,42,0,89,29,0,118,16,102,41,1,160,20,0,20,180
03/21/2006,STX,VI,ASO,ES,Federal Contract Tower,16,14,9,2,41,0,82,36,0,118,16,96,45,2,159,26,0,26,185
03/22/2006,STX,VI,ASO,ES,Federal Contract Tower,18,12,13,0,43,0,71,32,0,103,18,83,45,0,146,10,0,10,156
03/23/2006,STX,VI,ASO,ES,Federal Contract Tower,16,17,9,1,43,0,75,26,0,101,16,92,35,1,144,8,0,8,152
03/24/2006,STX,VI,ASO,ES,Federal Contract Tower,16,16,9,4,45,0,81,27,4,112,16,97,36,8,157,0,0,0,157
03/25/2006,STX,VI,ASO,ES,Federal Contract Tower,20,11,9,4,44,0,56,35,6,97,20,67,44,10,141,40,0,40,181
03/26/2006,STX,VI,ASO,ES,Federal Contract Tower,16,12,7,3,38,0,55,30,1,86,16,67,37,4,124,34,0,34,158
03/27/2006,STX,VI,ASO,ES,Federal Contract Tower,20,17,6,1,44,0,67,24,1,92,20,84,30,2,136,4,0,4,140
03/28/2006,STX,VI,ASO,ES,Federal Contract Tower,16,15,10,0,41,0,65,28,2,95,16,80,38,2,136,42,0,42,178
03/29/2006,STX,VI,ASO,ES,Federal Contract Tower,18,13,10,1,42,0,77,21,4,102,18,90,31,5,144,2,0,2,146
03/30/2006,STX,VI,ASO,ES,Federal Contract Tower,15,18,17,2,52,0,79,35,0,114,15,97,52,2,166,0,0,0,166
03/31/2006,STX,VI,ASO,ES,Federal Contract Tower,16,20,9,0,45,0,71,39,1,111,16,91,48,1,156,14,0,14,170
04/01/2006,STX,VI,ASO,ES,Federal Contract Tower,22,15,7,2,46,0,44,30,0,74,22,59,37,2,120,52,0,52,172
04/02/2006,STX,VI,ASO,ES,Federal Contract Tower,21,11,0,0,32,0,57,25,0,82,21,68,25,0,114,62,0,62,176
04/03/2006,STX,VI,ASO,ES,Federal Contract Tower,19,12,12,0,43,0,63,35,0,98,19,75,47,0,141,32,0,32,173
04/04/2006,STX,VI,ASO,ES,Federal Contract Tower,18,12,12,1,43,0,65,33,0,98,18,77,45,1,141,8,0,8,149
04/05/2006,STX,VI,ASO,ES,Federal Contract Tower,20,14,10,1,45,0,54,27,0,81,20,68,37,1,126,20,0,20,146
04/06/2006,STX,VI,ASO,ES,Federal Contract Tower,19,12,11,1,43,0,56,21,4,81,19,68,32,5,124,2,2,4,128
04/07/2006,STX,VI,ASO,ES,Federal Contract Tower,19,18,18,8,63,0,64,33,4,101,19,82,51,12,164,14,0,14,178
04/08/2006,STX,VI,ASO,ES,Federal Contract Tower,24,8,8,1,41,0,47,15,2,64,24,55,23,3,105,20,0,20,125
04/09/2006,STX,VI,ASO,ES,Federal Contract Tower,18,8,3,7,36,0,51,22,0,73,18,59,25,7,109,30,0,30,139
04/10/2006,STX,VI,ASO,ES,Federal Contract Tower,19,15,10,2,46,0,52,35,0,87,19,67,45,2,133,24,0,24,157
04/11/2006,STX,VI,ASO,ES,Federal Contract Tower,19,12,10,6,47,0,59,29,4,92,19,71,39,10,139,12,2,14,153
04/12/2006,STX,VI,ASO,ES,Federal Contract Tower,17,15,11,4,47,0,70,34,0,104,17,85,45,4,151,4,0,4,155
04/13/2006,STX,VI,ASO,ES,Federal Contract Tower,17,16,17,1,51,0,56,29,0,85,17,72,46,1,136,6,0,6,142
04/14/2006,STX,VI,ASO,ES,Federal Contract Tower,15,12,8,2,37,0,34,10,0,44,15,46,18,2,81,22,0,22,103
04/15/2006,STX,VI,ASO,ES,Federal Contract Tower,23,8,2,2,35,0,41,22,0,63,23,49,24,2,98,16,2,18,116
04/16/2006,STX,VI,ASO,ES,Federal Contract Tower,12,8,1,1,22,0,48,21,0,69,12,56,22,1,91,56,0,56,147
04/17/2006,STX,VI,ASO,ES,Federal Contract Tower,18,14,6,1,39,0,79,34,3,116,18,93,40,4,155,8,0,8,163
04/18/2006,STX,VI,ASO,ES,Federal Contract Tower,18,12,9,1,40,0,64,32,1,97,18,76,41,2,137,16,0,16,153
04/19/2006,STX,VI,ASO,ES,Federal Contract Tower,21,14,13,3,51,0,61,29,2,92,21,75,42,5,143,22,0,22,165
04/20/2006,STX,VI,ASO,ES,Federal Contract Tower,16,12,8,0,36,0,61,40,6,107,16,73,48,6,143,30,0,30,173
04/21/2006,STX,VI,ASO,ES,Federal Contract Tower,19,13,18,2,52,0,68,19,0,87,19,81,37,2,139,24,0,24,163
04/22/2006,STX,VI,ASO,ES,Federal Contract Tower,25,11,6,0,42,0,48,42,0,90,25,59,48,0,132,68,0,68,200
04/23/2006,STX,VI,ASO,ES,Federal Contract Tower,17,9,1,0,27,0,48,27,0,75,17,57,28,0,102,68,0,68,170
04/24/2006,STX,VI,ASO,ES,Federal Contract Tower,18,14,8,4,44,0,68,29,7,104,18,82,37,11,148,10,10,20,168
04/25/2006,STX,VI,ASO,ES,Federal Contract Tower,19,12,13,1,45,0,70,23,0,93,19,82,36,1,138,30,0,30,168
04/26/2006,STX,VI,ASO,ES,Federal Contract Tower,21,13,10,1,45,0,70,22,4,96,21,83,32,5,141,2,0,2,143
04/27/2006,STX,VI,ASO,ES,Federal Contract Tower,16,16,4,0,36,0,56,24,4,84,16,72,28,4,120,0,0,0,120
04/28/2006,STX,VI,ASO,ES,Federal Contract Tower,19,16,7,1,43,0,47,23,4,74,19,63,30,5,117,24,0,24,141
04/29/2006,STX,VI,ASO,ES,Federal Contract Tower,23,8,3,4,38,0,41,13,0,54,23,49,16,4,92,0,0,0,92
04/30/2006,STX,VI,ASO,ES,Federal Contract Tower,16,6,5,3,30,0,59,17,2,78,16,65,22,5,108,44,0,44,152
05/01/2006,STX,VI,ASO,ES,Federal Contract Tower,16,13,16,0,45,0,60,19,0,79,16,73,35,0,124,6,0,6,130
05/02/2006,STX,VI,ASO,ES,Federal Contract Tower,17,11,12,0,40,0,65,15,3,83,17,76,27,3,123,36,0,36,159
05/03/2006,STX,VI,ASO,ES,Federal Contract Tower,20,22,14,2,58,0,44,19,2,65,20,66,33,4,123,4,0,4,127
05/04/2006,STX,VI,ASO,ES,Federal Contract Tower,18,17,14,1,50,0,57,24,4,85,18,74,38,5,135,4,4,8,143
05/05/2006,STX,VI,ASO,ES,Federal Contract Tower,18,14,8,0,40,0,60,29,2,91,18,74,37,2,131,0,0,0,131
05/06/2006,STX,VI,ASO,ES,Federal Contract Tower,23,4,2,0,29,0,34,25,0,59,23,38,27,0,88,34,0,34,122
05/07/2006,STX,VI,ASO,ES,Federal Contract Tower,17,16,6,2,41,0,26,11,0,37,17,42,17,2,78,4,0,4,82
05/08/2006,STX,VI,ASO,ES,Federal Contract Tower,19,13,12,2,46,0,65,24,0,89,19,78,36,2,135,0,0,0,135
05/09/2006,STX,VI,ASO,ES,Federal Contract Tower,19,15,8,4,46,0,56,38,0,94,19,71,46,4,140,32,0,32,172
05/10/2006,STX,VI,ASO,ES,Federal Contract Tower,21,14,8,0,43,0,54,23,3,80,21,68,31,3,123,0,4,4,127
05/11/2006,STX,VI,ASO,ES,Federal Contract Tower,18,14,7,1,40,0,57,17,1,75,18,71,24,2,115,26,0,26,141
05/12/2006,STX,VI,ASO,ES,Federal Contract Tower,16,9,12,1,38,0,69,25,0,94,16,78,37,1,132,6,0,6,138
05/13/2006,STX,VI,ASO,ES,Federal Contract Tower,20,4,2,2,28,0,48,20,0,68,20,52,22,2,96,16,0,16,112
05/14/2006,STX,VI,ASO,ES,Federal Contract Tower,17,4,1,2,24,0,58,17,0,75,17,62,18,2,99,28,0,28,127
05/15/2006,STX,VI,ASO,ES,Federal Contract Tower,17,12,9,0,38,0,53,13,5,71,17,65,22,5,109,0,0,0,109
05/16/2006,STX,VI,ASO,ES,Federal Contract Tower,17,10,14,2,43,0,63,40,0,103,17,73,54,2,146,20,0,20,166
05/17/2006,STX,VI,ASO,ES,Federal Contract Tower,22,8,4,4,38,0,49,35,11,95,22,57,39,15,133,16,30,46,179
05/18/2006,STX,VI,ASO,ES,Federal Contract Tower,18,8,7,4,37,0,56,24,0,80,18,64,31,4,117,6,28,34,151
05/19/2006,STX,VI,ASO,ES,Federal Contract Tower,19,10,10,2,41,0,54,33,12,99,19,64,43,14,140,10,0,10,150
05/20/2006,STX,VI,ASO,ES,Federal Contract Tower,23,4,5,3,35,0,39,24,1,64,23,43,29,4,99,36,0,36,135
05/21/2006,STX,VI,ASO,ES,Federal Contract Tower,17,4,1,1,23,0,48,29,5,82,17,52,30,6,105,16,0,16,121
05/22/2006,STX,VI,ASO,ES,Federal Contract Tower,18,9,4,5,36,0,45,33,2,80,18,54,37,7,116,8,0,8,124
05/23/2006,STX,VI,ASO,ES,Federal Contract Tower,9,11,11,2,33,0,61,25,1,87,9,72,36,3,120,0,2,2,122
05/24/2006,STX,VI,ASO,ES,Federal Contract Tower,18,10,4,1,33,0,57,30,4,91,18,67,34,5,124,20,0,20,144
05/25/2006,STX,VI,ASO,ES,Federal Contract Tower,19,11,7,2,39,0,58,32,0,90,19,69,39,2,129,14,0,14,143
05/26/2006,STX,VI,ASO,ES,Federal Contract Tower,13,9,7,2,31,0,76,25,1,102,13,85,32,3,133,6,0,6,139
05/27/2006,STX,VI,ASO,ES,Federal Contract Tower,23,5,5,1,34,0,47,24,3,74,23,52,29,4,108,48,0,48,156
05/28/2006,STX,VI,ASO,ES,Federal Contract Tower,16,5,8,1,30,0,55,31,2,88,16,60,39,3,118,66,0,66,184
05/29/2006,STX,VI,ASO,ES,Federal Contract Tower,15,5,4,0,24,0,62,23,2,87,15,67,27,2,111,12,0,12,123
05/30/2006,STX,VI,ASO,ES,Federal Contract Tower,18,10,9,2,39,0,61,31,2,94,18,71,40,4,133,16,0,16,149
05/31/2006,STX,VI,ASO,ES,Federal Contract Tower,21,8,7,2,38,0,49,30,2,81,21,57,37,4,119,14,0,14,133
06/01/2006,STX,VI,ASO,ES,Federal Contract Tower,18,10,5,4,37,0,53,30,4,87,18,63,35,8,124,18,0,18,142
06/02/2006,STX,VI,ASO,ES,Federal Contract Tower,16,9,7,8,40,0,55,23,0,78,16,64,30,8,118,0,0,0,118
06/03/2006,STX,VI,ASO,ES,Federal Contract Tower,22,6,3,0,31,0,34,22,0,56,22,40,25,0,87,68,0,68,155
06/04/2006,STX,VI,ASO,ES,Federal Contract Tower,6,3,4,3,16,0,54,15,2,71,6,57,19,5,87,18,0,18,105
06/05/2006,STX,VI,ASO,ES,Federal Contract Tower,7,10,14,1,32,0,69,32,0,101,7,79,46,1,133,14,0,14,147
06/06/2006,STX,VI,ASO,ES,Federal Contract Tower,20,8,6,0,34,0,70,21,2,93,20,78,27,2,127,2,0,2,129
06/07/2006,STX,VI,ASO,ES,Federal Contract Tower,21,10,10,1,42,0,57,28,1,86,21,67,38,2,128,4,0,4,132
06/08/2006,STX,VI,ASO,ES,Federal Contract Tower,19,10,6,0,35,0,52,32,0,84,19,62,38,0,119,12,0,12,131
06/09/2006,STX,VI,ASO,ES,Federal Contract Tower,19,11,9,1,40,0,62,36,0,98,19,73,45,1,138,12,0,12,150
06/10/2006,STX,VI,ASO,ES,Federal Contract Tower,23,4,2,2,31,0,46,19,1,66,23,50,21,3,97,16,0,16,113
06/11/2006,STX,VI,ASO,ES,Federal Contract Tower,16,6,3,1,26,0,49,15,0,64,16,55,18,1,90,32,2,34,124
06/12/2006,STX,VI,ASO,ES,Federal Contract Tower,16,11,9,1,37,0,58,24,4,86,16,69,33,5,123,2,0,2,125
06/13/2006,STX,VI,ASO,ES,Federal Contract Tower,18,12,12,0,42,0,64,10,0,74,18,76,22,0,116,34,0,34,150
06/14/2006,STX,VI,ASO,ES,Federal Contract Tower,20,8,12,0,40,0,67,14,0,81,20,75,26,0,121,0,0,0,121
06/15/2006,STX,VI,ASO,ES,Federal Contract Tower,19,8,7,0,34,0,49,29,2,80,19,57,36,2,114,10,0,10,124
06/16/2006,STX,VI,ASO,ES,Federal Contract Tower,19,10,10,2,41,0,60,28,8,96,19,70,38,10,137,22,0,22,159
06/17/2006,STX,VI,ASO,ES,Federal Contract Tower,26,4,1,2,33,0,51,17,1,69,26,55,18,3,102,6,0,6,108
06/18/2006,STX,VI,ASO,ES,Federal Contract Tower,17,10,4,3,34,0,46,14,0,60,17,56,18,3,94,20,0,20,114
06/19/2006,STX,VI,ASO,ES,Federal Contract Tower,15,12,10,0,37,0,65,29,0,94,15,77,39,0,131,26,0,26,157
06/20/2006,STX,VI,ASO,ES,Federal Contract Tower,19,17,7,1,44,0,46,23,0,69,19,63,30,1,113,4,0,4,117
06/21/2006,STX,VI,ASO,ES,Federal Contract Tower,21,19,10,4,54,0,41,37,1,79,21,60,47,5,133,0,0,0,133
06/22/2006,STX,VI,ASO,ES,Federal Contract Tower,19,13,9,2,43,0,46,47,0,93,19,59,56,2,136,22,0,22,158
06/23/2006,STX,VI,ASO,ES,Federal Contract Tower,17,11,8,0,36,0,64,25,0,89,17,75,33,0,125,16,0,16,141
06/24/2006,STX,VI,ASO,ES,Federal Contract Tower,23,4,5,5,37,0,45,24,0,69,23,49,29,5,106,32,0,32,138
06/25/2006,STX,VI,ASO,ES,Federal Contract Tower,17,4,2,3,26,0,43,17,0,60,17,47,19,3,86,8,0,8,94
06/26/2006,STX,VI,ASO,ES,Federal Contract Tower,12,13,5,0,30,0,51,26,0,77,12,64,31,0,107,28,0,28,135
06/27/2006,STX,VI,ASO,ES,Federal Contract Tower,17,10,8,0,35,0,54,36,4,94,17,64,44,4,129,4,2,6,135
06/28/2006,STX,VI,ASO,ES,Federal Contract Tower,21,10,9,0,40,0,60,19,0,79,21,70,28,0,119,12,0,12,131
06/29/2006,STX,VI,ASO,ES,Federal Contract Tower,18,12,15,0,45,0,51,23,0,74,18,63,38,0,119,24,0,24,143
06/30/2006,STX,VI,ASO,ES,Federal Contract Tower,19,12,14,0,45,0,55,26,0,81,19,67,40,0,126,14,0,14,140
07/01/2006,STX,VI,ASO,ES,Federal Contract Tower,19,7,10,0,36,0,53,23,0,76,19,60,33,0,112,0,0,0,112
07/02/2006,STX,VI,ASO,ES,Federal Contract Tower,20,7,3,0,30,0,50,16,0,66,20,57,19,0,96,8,0,8,104
07/03/2006,STX,VI,ASO,ES,Federal Contract Tower,18,12,5,0,35,0,56,33,0,89,18,68,38,0,124,2,0,2,126
07/04/2006,STX,VI,ASO,ES,Federal Contract Tower,19,6,1,0,26,0,45,8,0,53,19,51,9,0,79,4,0,4,83
07/05/2006,STX,VI,ASO,ES,Federal Contract Tower,21,15,3,0,39,0,60,14,0,74,21,75,17,0,113,0,0,0,113
07/06/2006,STX,VI,ASO,ES,Federal Contract Tower,15,10,10,2,37,0,59,22,0,81,15,69,32,2,118,6,0,6,124
07/07/2006,STX,VI,ASO,ES,Federal Contract Tower,20,14,13,5,52,0,63,18,0,81,20,77,31,5,133,8,0,8,141
07/08/2006,STX,VI,ASO,ES,Federal Contract Tower,23,6,3,5,37,0,49,24,0,73,23,55,27,5,110,16,0,16,126
07/09/2006,STX,VI,ASO,ES,Federal Contract Tower,15,9,2,4,30,0,49,17,0,66,15,58,19,4,96,4,0,4,100
07/10/2006,STX,VI,ASO,ES,Federal Contract Tower,17,12,12,1,42,0,55,20,0,75,17,67,32,1,117,6,0,6,123
07/11/2006,STX,VI,ASO,ES,Federal Contract Tower,18,10,5,2,35,0,58,28,4,90,18,68,33,6,125,0,0,0,125
07/12/2006,STX,VI,ASO,ES,Federal Contract Tower,21,13,7,1,42,0,46,36,0,82,21,59,43,1,124,22,0,22,146
07/13/2006,STX,VI,ASO,ES,Federal Contract Tower,19,11,7,2,39,0,57,18,0,75,19,68,25,2,114,22,0,22,136
07/14/2006,STX,VI,ASO,ES,Federal Contract Tower,18,15,8,8,49,0,68,27,2,97,18,83,35,10,146,16,6,22,168
07/15/2006,STX,VI,ASO,ES,Federal Contract Tower,20,6,6,6,38,0,53,14,5,72,20,59,20,11,110,42,0,42,152
07/16/2006,STX,VI,ASO,ES,Federal Contract Tower,16,8,0,4,28,0,57,7,4,68,16,65,7,8,96,8,2,10,106
07/17/2006,STX,VI,ASO,ES,Federal Contract Tower,16,13,8,2,39,0,62,23,1,86,16,75,31,3,125,14,0,14,139
07/18/2006,STX,VI,ASO,ES,Federal Contract Tower,17,12,8,1,38,0,57,21,2,80,17,69,29,3,118,38,0,38,156
07/19/2006,STX,VI,ASO,ES,Federal Contract Tower,21,16,9,1,47,0,55,14,0,69,21,71,23,1,116,0,0,0,116
07/20/2006,STX,VI,ASO,ES,Federal Contract Tower,17,8,5,2,32,0,58,31,2,91,17,66,36,4,123,42,2,44,167
07/21/2006,STX,VI,ASO,ES,Federal Contract Tower,15,10,8,0,33,0,67,31,2,100,15,77,39,2,133,0,0,0,133
07/22/2006,STX,VI,ASO,ES,Federal Contract Tower,17,6,5,1,29,0,56,24,0,80,17,62,29,1,109,8,0,8,117
07/23/2006,STX,VI,ASO,ES,Federal Contract Tower,16,10,4,0,30,0,49,25,0,74,16,59,29,0,104,14,0,14,118
07/24/2006,STX,VI,ASO,ES,Federal Contract Tower,16,12,7,1,36,0,62,16,0,78,16,74,23,1,114,14,0,14,128
07/25/2006,STX,VI,ASO,ES,Federal Contract Tower,16,11,4,0,31,0,57,32,3,92,16,68,36,3,123,6,0,6,129
07/26/2006,STX,VI,ASO,ES,Federal Contract Tower,18,10,9,2,39,0,45,19,0,64,18,55,28,2,103,0,0,0,103
07/27/2006,STX,VI,ASO,ES,Federal Contract Tower,16,20,8,4,48,0,45,21,1,67,16,65,29,5,115,0,0,0,115
07/28/2006,STX,VI,ASO,ES,Federal Contract Tower,16,17,7,2,42,0,60,24,1,85,16,77,31,3,127,8,0,8,135
07/29/2006,STX,VI,ASO,ES,Federal Contract Tower,21,11,4,1,37,0,36,7,0,43,21,47,11,1,80,0,0,0,80
07/30/2006,STX,VI,ASO,ES,Federal Contract Tower,13,7,4,2,26,0,49,12,7,68,13,56,16,9,94,10,0,10,104
07/31/2006,STX,VI,ASO,ES,Federal Contract Tower,14,11,8,5,38,0,58,38,3,99,14,69,46,8,137,6,0,6,143
08/01/2006,STX,VI,ASO,ES,Federal Contract Tower,19,13,6,4,42,0,44,34,0,78,19,57,40,4,120,22,0,22,142
08/02/2006,STX,VI,ASO,ES,Federal Contract Tower,19,15,4,3,41,0,35,6,1,42,19,50,10,4,83,4,0,4,87
08/03/2006,STX,VI,ASO,ES,Federal Contract Tower,16,16,4,6,42,0,43,24,0,67,16,59,28,6,109,0,6,6,115
08/04/2006,STX,VI,ASO,ES,Federal Contract Tower,21,11,8,7,47,0,41,27,0,68,21,52,35,7,115,12,6,18,133
08/05/2006,STX,VI,ASO,ES,Federal Contract Tower,23,6,2,4,35,0,43,23,2,68,23,49,25,6,103,10,0,10,113
08/06/2006,STX,VI,ASO,ES,Federal Contract Tower,17,9,2,2,30,0,52,11,4,67,17,61,13,6,97,6,0,6,103
08/07/2006,STX,VI,ASO,ES,Federal Contract Tower,17,13,10,1,41,0,51,24,0,75,17,64,34,1,116,0,0,0,116
08/08/2006,STX,VI,ASO,ES,Federal Contract Tower,20,12,6,3,41,0,57,22,5,84,20,69,28,8,125,0,6,6,131
08/09/2006,STX,VI,ASO,ES,Federal Contract Tower,20,10,4,3,37,0,43,36,7,86,20,53,40,10,123,0,0,0,123
08/10/2006,STX,VI,ASO,ES,Federal Contract Tower,17,13,12,3,45,0,49,24,6,79,17,62,36,9,124,12,0,12,136
08/11/2006,STX,VI,ASO,ES,Federal Contract Tower,17,12,4,2,35,0,53,31,5,89,17,65,35,7,124,10,0,10,134
08/12/2006,STX,VI,ASO,ES,Federal Contract Tower,23,8,2,2,35,0,38,15,0,53,23,46,17,2,88,16,0,16,104
08/13/2006,STX,VI,ASO,ES,Federal Contract Tower,20,8,0,1,29,0,45,12,0,57,20,53,12,1,86,0,0,0,86
08/14/2006,STX,VI,ASO,ES,Federal Contract Tower,18,13,5,1,37,0,58,19,0,77,18,71,24,1,114,2,0,2,116
08/15/2006,STX,VI,ASO,ES,Federal Contract Tower,18,10,5,1,34,0,46,36,2,84,18,56,41,3,118,14,0,14,132
08/16/2006,STX,VI,ASO,ES,Federal Contract Tower,21,12,2,3,38,0,48,21,2,71,21,60,23,5,109,22,8,30,139
08/17/2006,STX,VI,ASO,ES,Federal Contract Tower,19,12,7,1,39,0,43,27,5,75,19,55,34,6,114,24,2,26,140
08/18/2006,STX,VI,ASO,ES,Federal Contract Tower,19,8,8,1,36,0,49,25,2,76,19,57,33,3,112,0,0,0,112
08/19/2006,STX,VI,ASO,ES,Federal Contract Tower,23,8,1,5,37,0,42,24,1,67,23,50,25,6,104,6,2,8,112
08/20/2006,STX,VI,ASO,ES,Federal Contract Tower,18,7,4,3,32,0,54,7,3,64,18,61,11,6,96,34,4,38,134
08/21/2006,STX,VI,ASO,ES,Federal Contract Tower,17,14,13,0,44,0,51,18,0,69,17,65,31,0,113,12,0,12,125
08/22/2006,STX,VI,ASO,ES,Federal Contract Tower,19,12,10,0,41,0,50,23,0,73,19,62,33,0,114,22,0,22,136
08/23/2006,STX,VI,ASO,ES,Federal Contract Tower,21,10,4,2,37,0,39,29,0,68,21,49,33,2,105,18,0,18,123
08/24/2006,STX,VI,ASO,ES,Federal Contract Tower,18,12,10,5,45,0,50,28,2,80,18,62,38,7,125,38,2,40,165
08/25/2006,STX,VI,ASO,ES,Federal Contract Tower,20,13,12,5,50,0,50,17,0,67,20,63,29,5,117,8,0,8,125
08/26/2006,STX,VI,ASO,ES,Federal Contract Tower,22,9,6,8,45,0,37,6,0,43,22,46,12,8,88,2,0,2,90
08/27/2006,STX,VI,ASO,ES,Federal Contract Tower,20,8,5,4,37,0,54,21,0,75,20,62,26,4,112,18,0,18,130
08/28/2006,STX,VI,ASO,ES,Federal Contract Tower,18,13,6,2,39,0,47,23,0,70,18,60,29,2,109,22,0,22,131
08/29/2006,STX,VI,ASO,ES,Federal Contract Tower,16,10,4,2,32,0,51,31,0,82,16,61,35,2,114,6,0,6,120
08/30/2006,STX,VI,ASO,ES,Federal Contract Tower,20,11,12,0,43,0,41,39,0,80,20,52,51,0,123,18,0,18,141
08/31/2006,STX,VI,ASO,ES,Federal Contract Tower,18,13,10,3,44,0,49,27,1,77,18,62,37,4,121,0,16,16,137
09/01/2006,STX,VI,ASO,ES,Federal Contract Tower,13,11,10,1,35,0,50,20,0,70,13,61,30,1,105,0,0,0,105
09/02/2006,STX,VI,ASO,ES,Federal Contract Tower,21,8,3,1,33,0,42,24,0,66,21,50,27,1,99,10,0,10,109
09/03/2006,STX,VI,ASO,ES,Federal Contract Tower,13,6,4,0,23,0,49,18,0,67,13,55,22,0,90,8,0,8,98
09/04/2006,STX,VI,ASO,ES,Federal Contract Tower,11,9,4,0,24,0,59,27,2,88,11,68,31,2,112,0,0,0,112
09/05/2006,STX,VI,ASO,ES,Federal Contract Tower,19,14,9,3,45,0,49,27,1,77,19,63,36,4,122,16,24,40,162
09/06/2006,STX,VI,ASO,ES,Federal Contract Tower,15,11,4,2,32,0,50,29,2,81,15,61,33,4,113,16,0,16,129
09/07/2006,STX,VI,ASO,ES,Federal Contract Tower,14,8,7,5,34,0,39,28,1,68,14,47,35,6,102,4,0,4,106
09/08/2006,STX,VI,ASO,ES,Federal Contract Tower,13,10,5,1,29,0,39,30,0,69,13,49,35,1,98,2,0,2,100
09/09/2006,STX,VI,ASO,ES,Federal Contract Tower,17,4,0,4,25,0,37,30,0,67,17,41,30,4,92,40,0,40,132
09/10/2006,STX,VI,ASO,ES,Federal Contract Tower,16,4,4,4,28,0,43,12,0,55,16,47,16,4,83,6,0,6,89
09/11/2006,STX,VI,ASO,ES,Federal Contract Tower,15,9,10,3,37,0,35,24,1,60,15,44,34,4,97,2,0,2,99
09/12/2006,STX,VI,ASO,ES,Federal Contract Tower,15,8,8,2,33,0,36,29,0,65,15,44,37,2,98,36,0,36,134
09/13/2006,STX,VI,ASO,ES,Federal Contract Tower,15,11,2,2,30,0,46,24,0,70,15,57,26,2,100,2,0,2,102
09/14/2006,STX,VI,ASO,ES,Federal Contract Tower,15,5,9,1,30,0,41,28,0,69,15,46,37,1,99,8,0,8,107
09/15/2006,STX,VI,ASO,ES,Federal Contract Tower,13,8,6,6,33,0,43,30,1,74,13,51,36,7,107,4,0,4,111
09/16/2006,STX,VI,ASO,ES,Federal Contract Tower,16,4,1,0,21,0,45,13,9,67,16,49,14,9,88,28,0,28,116
09/17/2006,STX,VI,ASO,ES,Federal Contract Tower,14,2,0,1,17,0,42,14,1,57,14,44,14,2,74,6,0,6,80
09/18/2006,STX,VI,ASO,ES,Federal Contract Tower,13,13,10,2,38,0,37,19,0,56,13,50,29,2,94,2,0,2,96
09/19/2006,STX,VI,ASO,ES,Federal Contract Tower,15,8,9,0,32,0,46,22,0,68,15,54,31,0,100,10,0,10,110
09/20/2006,STX,VI,ASO,ES,Federal Contract Tower,15,9,5,1,30,0,52,32,0,84,15,61,37,1,114,0,0,0,114
09/21/2006,STX,VI,ASO,ES,Federal Contract Tower,15,6,10,2,33,0,46,30,0,76,15,52,40,2,109,0,0,0,109
09/22/2006,STX,VI,ASO,ES,Federal Contract Tower,13,7,8,4,32,0,42,33,0,75,13,49,41,4,107,0,0,0,107
09/23/2006,STX,VI,ASO,ES,Federal Contract Tower,17,2,4,2,25,0,39,26,0,65,17,41,30,2,90,58,0,58,148
09/24/2006,STX,VI,ASO,ES,Federal Contract Tower,15,3,3,1,22,0,41,18,0,59,15,44,21,1,81,30,0,30,111
09/25/2006,STX,VI,ASO,ES,Federal Contract Tower,13,7,5,3,28,0,46,32,0,78,13,53,37,3,106,6,0,6,112
09/26/2006,STX,VI,ASO,ES,Federal Contract Tower,15,10,10,0,35,0,37,21,0,58,15,47,31,0,93,0,0,0,93
09/27/2006,STX,VI,ASO,ES,Federal Contract Tower,15,8,6,0,29,0,46,24,0,70,15,54,30,0,99,22,0,22,121
09/28/2006,STX,VI,ASO,ES,Federal Contract Tower,15,8,14,1,38,0,40,27,0,67,15,48,41,1,105,10,0,10,115
09/29/2006,STX,VI,ASO,ES,Federal Contract Tower,14,13,11,2,40,0,42,48,0,90,14,55,59,2,130,4,0,4,134
09/30/2006,STX,VI,ASO,ES,Federal Contract Tower,17,2,2,1,22,0,47,20,6,73,17,49,22,7,95,42,4,46,141
10/01/2006,STX,VI,ASO,ES,Federal Contract Tower,15,2,2,2,21,0,49,22,5,76,15,51,24,7,97,40,0,40,137
10/02/2006,STX,VI,ASO,ES,Federal Contract Tower,13,6,8,0,27,0,52,18,0,70,13,58,26,0,97,4,0,4,101
10/03/2006,STX,VI,ASO,ES,Federal Contract Tower,15,6,10,0,31,0,54,27,0,81,15,60,37,0,112,0,0,0,112
10/04/2006,STX,VI,ASO,ES,Federal Contract Tower,15,8,2,0,25,0,39,22,0,61,15,47,24,0,86,0,0,0,86
10/05/2006,STX,VI,ASO,ES,Federal Contract Tower,15,9,13,2,39,0,38,46,1,85,15,47,59,3,124,18,8,26,150
10/06/2006,STX,VI,ASO,ES,Federal Contract Tower,12,12,6,0,30,0,51,38,0,89,12,63,44,0,119,8,0,8,127
10/07/2006,STX,VI,ASO,ES,Federal Contract Tower,17,2,0,1,20,0,43,25,0,68,17,45,25,1,88,18,0,18,106
10/08/2006,STX,VI,ASO,ES,Federal Contract Tower,15,2,3,1,21,0,50,22,0,72,15,52,25,1,93,14,0,14,107
10/09/2006,STX,VI,ASO,ES,Federal Contract Tower,13,9,8,0,30,0,54,23,0,77,13,63,31,0,107,8,0,8,115
10/10/2006,STX,VI,ASO,ES,Federal Contract Tower,15,6,10,0,31,0,56,20,0,76,15,62,30,0,107,2,0,2,109
10/11/2006,STX,VI,ASO,ES,Federal Contract Tower,13,7,6,0,26,0,40,32,4,76,13,47,38,4,102,14,0,14,116
10/12/2006,STX,VI,ASO,ES,Federal Contract Tower,15,9,8,0,32,0,31,37,0,68,15,40,45,0,100,2,0,2,102
10/13/2006,STX,VI,ASO,ES,Federal Contract Tower,13,10,8,2,33,0,41,30,4,75,13,51,38,6,108,32,0,32,140
10/14/2006,STX,VI,ASO,ES,Federal Contract Tower,16,6,1,9,32,0,39,20,0,59,16,45,21,9,91,16,0,16,107
10/15/2006,STX,VI,ASO,ES,Federal Contract Tower,13,2,6,4,25,0,50,25,4,79,13,52,31,8,104,4,0,4,108
10/16/2006,STX,VI,ASO,ES,Federal Contract Tower,13,8,11,0,32,0,52,23,2,77,13,60,34,2,109,0,0,0,109
10/17/2006,STX,VI,ASO,ES,Federal Contract Tower,15,12,11,0,38,0,33,31,0,64,15,45,42,0,102,0,0,0,102
10/18/2006,STX,VI,ASO,ES,Federal Contract Tower,14,10,7,0,31,0,29,27,4,60,14,39,34,4,91,2,0,2,93
10/19/2006,STX,VI,ASO,ES,Federal Contract Tower,14,12,13,0,39,0,34,10,0,44,14,46,23,0,83,0,0,0,83
10/20/2006,STX,VI,ASO,ES,Federal Contract Tower,13,13,11,4,41,0,43,24,0,67,13,56,35,4,108,4,0,4,112
10/21/2006,STX,VI,ASO,ES,Federal Contract Tower,17,2,2,3,24,0,35,19,1,55,17,37,21,4,79,44,8,52,131
10/22/2006,STX,VI,ASO,ES,Federal Contract Tower,15,2,4,2,23,0,62,10,0,72,15,64,14,2,95,2,0,2,97
10/23/2006,STX,VI,ASO,ES,Federal Contract Tower,13,8,8,0,29,0,47,25,0,72,13,55,33,0,101,2,0,2,103
10/24/2006,STX,VI,ASO,ES,Federal Contract Tower,15,6,10,0,31,0,56,23,0,79,15,62,33,0,110,10,0,10,120
10/25/2006,STX,VI,ASO,ES,Federal Contract Tower,15,10,7,0,32,0,41,39,0,80,15,51,46,0,112,4,0,4,116
10/26/2006,STX,VI,ASO,ES,Federal Contract Tower,15,9,9,2,35,0,42,37,2,81,15,51,46,4,116,0,0,0,116
10/27/2006,STX,VI,ASO,ES,Federal Contract Tower,13,9,14,4,40,0,42,56,0,98,13,51,70,4,138,16,0,16,154
10/28/2006,STX,VI,ASO,ES,Federal Contract Tower,17,2,1,3,23,0,36,18,0,54,17,38,19,3,77,0,0,0,77
10/29/2006,STX,VI,ASO,ES,Federal Contract Tower,15,4,3,5,27,0,47,28,2,77,15,51,31,7,104,26,0,26,130
10/30/2006,STX,VI,ASO,ES,Federal Contract Tower,13,6,11,2,32,0,60,30,0,90,13,66,41,2,122,4,0,4,126
10/31/2006,STX,VI,ASO,ES,Federal Contract Tower,15,9,8,4,36,0,52,21,6,79,15,61,29,10,115,36,0,36,151
11/01/2006,STX,VI,ASO,ES,Federal Contract Tower,15,8,9,1,33,0,35,25,0,60,15,43,34,1,93,6,0,6,99
11/02/2006,STX,VI,ASO,ES,Federal Contract Tower,15,10,9,0,34,0,45,38,0,83,15,55,47,0,117,20,0,20,137
11/03/2006,STX,VI,ASO,ES,Federal Contract Tower,13,10,8,5,36,0,60,62,0,122,13,70,70,5,158,0,0,0,158
11/04/2006,STX,VI,ASO,ES,Federal Contract Tower,20,2,5,0,27,0,49,28,2,79,20,51,33,2,106,34,0,34,140
11/05/2006,STX,VI,ASO,ES,Federal Contract Tower,16,2,6,0,24,0,58,43,0,101,16,60,49,0,125,20,0,20,145
11/06/2006,STX,VI,ASO,ES,Federal Contract Tower,16,8,11,0,35,0,61,32,0,93,16,69,43,0,128,6,0,6,134
11/07/2006,STX,VI,ASO,ES,Federal Contract Tower,17,6,9,0,32,0,47,45,0,92,17,53,54,0,124,8,0,8,132
11/08/2006,STX,VI,ASO,ES,Federal Contract Tower,15,10,11,2,38,0,41,40,0,81,15,51,51,2,119,6,0,6,125
11/09/2006,STX,VI,ASO,ES,Federal Contract Tower,12,12,11,3,38,0,47,25,0,72,12,59,36,3,110,0,0,0,110
11/10/2006,STX,VI,ASO,ES,Federal Contract Tower,14,7,5,2,28,0,49,36,0,85,14,56,41,2,113,6,0,6,119
11/11/2006,STX,VI,ASO,ES,Federal Contract Tower,21,2,5,2,30,0,36,40,7,83,21,38,45,9,113,36,6,42,155
11/12/2006,STX,VI,ASO,ES,Federal Contract Tower,15,15,3,1,34,0,36,18,0,54,15,51,21,1,88,14,0,14,102
11/13/2006,STX,VI,ASO,ES,Federal Contract Tower,13,11,13,0,37,0,54,27,0,81,13,65,40,0,118,0,0,0,118
11/14/2006,STX,VI,ASO,ES,Federal Contract Tower,14,11,8,0,33,0,56,16,0,72,14,67,24,0,105,2,0,2,107
11/15/2006,STX,VI,ASO,ES,Federal Contract Tower,15,11,3,0,29,0,38,27,0,65,15,49,30,0,94,8,0,8,102
11/16/2006,STX,VI,ASO,ES,Federal Contract Tower,19,10,11,2,42,0,52,42,2,96,19,62,53,4,138,8,0,8,146
11/17/2006,STX,VI,ASO,ES,Federal Contract Tower,17,11,11,1,40,0,77,32,2,111,17,88,43,3,151,4,0,4,155
11/18/2006,STX,VI,ASO,ES,Federal Contract Tower,24,3,3,2,32,0,51,47,2,100,24,54,50,4,132,32,0,32,164
11/19/2006,STX,VI,ASO,ES,Federal Contract Tower,19,3,5,3,30,0,68,24,7,99,19,71,29,10,129,46,0,46,175
11/20/2006,STX,VI,ASO,ES,Federal Contract Tower,17,10,7,1,35,0,58,31,2,91,17,68,38,3,126,0,0,0,126
11/21/2006,STX,VI,ASO,ES,Federal Contract Tower,19,9,9,1,38,0,64,45,0,109,19,73,54,1,147,14,0,14,161
11/22/2006,STX,VI,ASO,ES,Federal Contract Tower,13,14,9,1,37,0,63,40,2,105,13,77,49,3,142,12,2,14,156
11/23/2006,STX,VI,ASO,ES,Federal Contract Tower,15,6,3,1,25,0,51,9,0,60,15,57,12,1,85,0,0,0,85
11/24/2006,STX,VI,ASO,ES,Federal Contract Tower,19,9,6,0,34,0,55,23,0,78,19,64,29,0,112,0,0,0,112
11/25/2006,STX,VI,ASO,ES,Federal Contract Tower,17,4,3,0,24,0,44,19,0,63,17,48,22,0,87,20,0,20,107
11/26/2006,STX,VI,ASO,ES,Federal Contract Tower,12,3,12,0,27,0,69,57,0,126,12,72,69,0,153,4,0,4,157
11/27/2006,STX,VI,ASO,ES,Federal Contract Tower,21,9,11,1,42,0,63,28,0,91,21,72,39,1,133,6,0,6,139
11/28/2006,STX,VI,ASO,ES,Federal Contract Tower,19,13,11,0,43,0,58,22,0,80,19,71,33,0,123,36,0,36,159
11/29/2006,STX,VI,ASO,ES,Federal Contract Tower,19,16,8,2,45,0,30,35,0,65,19,46,43,2,110,0,0,0,110
11/30/2006,STX,VI,ASO,ES,Federal Contract Tower,19,19,7,0,45,0,50,33,0,83,19,69,40,0,128,0,0,0,128
12/01/2006,STX,VI,ASO,ES,Federal Contract Tower,16,19,9,0,44,0,44,30,0,74,16,63,39,0,118,4,0,4,122
12/02/2006,STX,VI,ASO,ES,Federal Contract Tower,24,3,3,1,31,0,34,22,0,56,24,37,25,1,87,16,0,16,103
12/03/2006,STX,VI,ASO,ES,Federal Contract Tower,19,2,1,1,23,0,50,19,1,70,19,52,20,2,93,12,0,12,105
12/04/2006,STX,VI,ASO,ES,Federal Contract Tower,17,10,9,1,37,0,65,31,4,100,17,75,40,5,137,0,0,0,137
12/05/2006,STX,VI,ASO,ES,Federal Contract Tower,19,11,14,2,46,0,48,15,4,67,19,59,29,6,113,12,12,24,137
12/06/2006,STX,VI,ASO,ES,Federal Contract Tower,18,14,11,10,53,0,40,29,0,69,18,54,40,10,122,8,0,8,130
12/07/2006,STX,VI,ASO,ES,Federal Contract Tower,18,14,6,3,41,0,52,36,1,89,18,66,42,4,130,10,0,10,140
12/08/2006,STX,VI,ASO,ES,Federal Contract Tower,18,19,13,5,55,0,57,30,4,91,18,76,43,9,146,0,0,0,146
12/09/2006,STX,VI,ASO,ES,Federal Contract Tower,22,4,2,10,38,0,55,30,3,88,22,59,32,13,126,38,22,60,186
12/10/2006,STX,VI,ASO,ES,Federal Contract Tower,19,2,1,4,26,0,46,27,4,77,19,48,28,8,103,10,0,10,113
12/11/2006,STX,VI,ASO,ES,Federal Contract Tower,17,6,14,1,38,0,72,22,0,94,17,78,36,1,132,2,0,2,134
12/12/2006,STX,VI,ASO,ES,Federal Contract Tower,18,13,12,1,44,0,58,24,5,87,18,71,36,6,131,6,0,6,137
12/13/2006,STX,VI,ASO,ES,Federal Contract Tower,18,14,3,0,35,0,53,48,0,101,18,67,51,0,136,22,0,22,158
12/14/2006,STX,VI,ASO,ES,Federal Contract Tower,22,23,4,0,49,0,52,35,0,87,22,75,39,0,136,4,0,4,140
12/15/2006,STX,VI,ASO,ES,Federal Contract Tower,24,17,9,6,56,0,55,35,0,90,24,72,44,6,146,2,0,2,148
12/16/2006,STX,VI,ASO,ES,Federal Contract Tower,25,3,7,5,40,0,45,28,0,73,25,48,35,5,113,12,2,14,127
12/17/2006,STX,VI,ASO,ES,Federal Contract Tower,21,3,4,2,30,0,48,20,2,70,21,51,24,4,100,22,0,22,122
12/18/2006,STX,VI,ASO,ES,Federal Contract Tower,21,12,9,6,48,0,88,28,0,116,21,100,37,6,164,2,0,2,166
12/19/2006,STX,VI,ASO,ES,Federal Contract Tower,21,11,16,1,49,0,93,43,0,136,21,104,59,1,185,12,0,12,197
12/20/2006,STX,VI,ASO,ES,Federal Contract Tower,23,16,12,1,52,0,58,33,4,95,23,74,45,5,147,0,4,4,151
12/21/2006,STX,VI,ASO,ES,Federal Contract Tower,21,14,14,3,52,0,70,32,4,106,21,84,46,7,158,16,0,16,174
12/22/2006,STX,VI,ASO,ES,Federal Contract Tower,23,15,16,2,56,0,74,51,1,126,23,89,67,3,182,2,0,2,184
12/23/2006,STX,VI,ASO,ES,Federal Contract Tower,25,4,7,0,36,0,62,26,0,88,25,66,33,0,124,0,0,0,124
12/24/2006,STX,VI,ASO,ES,Federal Contract Tower,13,4,4,0,21,0,66,18,0,84,13,70,22,0,105,8,0,8,113
12/25/2006,STX,VI,ASO,ES,Federal Contract Tower,15,4,2,0,21,0,64,9,0,73,15,68,11,0,94,0,0,0,94
12/26/2006,STX,VI,ASO,ES,Federal Contract Tower,22,19,17,0,58,0,67,32,0,99,22,86,49,0,157,0,0,0,157
12/27/2006,STX,VI,ASO,ES,Federal Contract Tower,24,19,11,0,54,0,59,34,0,93,24,78,45,0,147,16,0,16,163
12/28/2006,STX,VI,ASO,ES,Federal Contract Tower,20,18,18,0,56,0,58,34,0,92,20,76,52,0,148,12,0,12,160
12/29/2006,STX,VI,ASO,ES,Federal Contract Tower,23,27,21,1,72,0,58,32,0,90,23,85,53,1,162,6,0,6,168
12/30/2006,STX,VI,ASO,ES,Federal Contract Tower,25,5,8,2,40,0,54,25,0,79,25,59,33,2,119,24,0,24,143
12/31/2006,STX,VI,ASO,ES,Federal Contract Tower,17,2,8,1,28,0,75,21,0,96,17,77,29,1,124,14,0,14,138
01/01/2007,STX,VI,ASO,ES,Federal Contract Tower,21,2,12,4,39,0,80,10,3,93,21,82,22,7,132,16,0,16,148
01/02/2007,STX,VI,ASO,ES,Federal Contract Tower,21,26,23,0,70,0,83,42,10,135,21,109,65,10,205,6,0,6,211
01/03/2007,STX,VI,ASO,ES,Federal Contract Tower,24,17,13,0,54,0,69,47,0,116,24,86,60,0,170,0,0,0,170
01/04/2007,STX,VI,ASO,ES,Federal Contract Tower,17,17,7,1,42,0,65,36,1,102,17,82,43,2,144,8,0,8,152
01/05/2007,STX,VI,ASO,ES,Federal Contract Tower,16,15,11,0,42,0,64,34,0,98,16,79,45,0,140,4,0,4,144
01/06/2007,STX,VI,ASO,ES,Federal Contract Tower,19,3,11,1,34,0,52,31,0,83,19,55,42,1,117,14,0,14,131
01/07/2007,STX,VI,ASO,ES,Federal Contract Tower,15,2,6,1,24,0,105,38,1,144,15,107,44,2,168,20,0,20,188
01/08/2007,STX,VI,ASO,ES,Federal Contract Tower,15,7,14,0,36,0,105,25,7,137,15,112,39,7,173,0,8,8,181
01/09/2007,STX,VI,ASO,ES,Federal Contract Tower,18,20,11,0,49,0,78,20,2,100,18,98,31,2,149,12,0,12,161
01/10/2007,STX,VI,ASO,ES,Federal Contract Tower,21,18,9,2,50,0,60,30,0,90,21,78,39,2,140,18,0,18,158
01/11/2007,STX,VI,ASO,ES,Federal Contract Tower,19,17,9,1,46,0,68,34,0,102,19,85,43,1,148,8,0,8,156
01/12/2007,STX,VI,ASO,ES,Federal Contract Tower,23,18,19,1,61,0,81,24,1,106,23,99,43,2,167,4,0,4,171
01/13/2007,STX,VI,ASO,ES,Federal Contract Tower,25,5,6,0,36,0,66,24,2,92,25,71,30,2,128,38,0,38,166
01/14/2007,STX,VI,ASO,ES,Federal Contract Tower,21,2,2,2,27,0,68,22,0,90,21,70,24,2,117,8,0,8,125
01/15/2007,STX,VI,ASO,ES,Federal Contract Tower,21,8,8,3,40,0,87,17,0,104,21,95,25,3,144,16,0,16,160
01/16/2007,STX,VI,ASO,ES,Federal Contract Tower,22,21,9,5,57,0,63,39,0,102,22,84,48,5,159,26,2,28,187
01/17/2007,STX,VI,ASO,ES,Federal Contract Tower,23,14,9,0,46,0,66,26,0,92,23,80,35,0,138,0,0,0,138
01/18/2007,STX,VI,ASO,ES,Federal Contract Tower,21,21,10,1,53,0,68,30,4,102,21,89,40,5,155,6,0,6,161
01/19/2007,STX,VI,ASO,ES,Federal Contract Tower,22,20,10,5,57,0,70,21,0,91,22,90,31,5,148,14,0,14,162
01/20/2007,STX,VI,ASO,ES,Federal Contract Tower,25,2,2,4,33,0,73,25,2,100,25,75,27,6,133,44,2,46,179
01/21/2007,STX,VI,ASO,ES,Federal Contract Tower,21,2,7,4,34,0,60,28,5,93,21,62,35,9,127,20,4,24,151
01/22/2007,STX,VI,ASO,ES,Federal Contract Tower,21,10,11,2,44,0,78,24,0,102,21,88,35,2,146,20,0,20,166
01/23/2007,STX,VI,ASO,ES,Federal Contract Tower,21,12,13,3,49,0,67,27,3,97,21,79,40,6,146,38,6,44,190
01/24/2007,STX,VI,ASO,ES,Federal Contract Tower,22,20,12,2,56,0,62,25,2,89,22,82,37,4,145,68,0,68,213
01/25/2007,STX,VI,ASO,ES,Federal Contract Tower,21,18,17,2,58,0,65,25,2,92,21,83,42,4,150,20,0,20,170
01/26/2007,STX,VI,ASO,ES,Federal Contract Tower,24,14,8,1,47,0,78,24,1,103,24,92,32,2,150,0,0,0,150
01/27/2007,STX,VI,ASO,ES,Federal Contract Tower,23,2,5,1,31,0,66,28,0,94,23,68,33,1,125,84,0,84,209
01/28/2007,STX,VI,ASO,ES,Federal Contract Tower,21,2,5,0,28,0,63,28,0,91,21,65,33,0,119,48,0,48,167
01/29/2007,STX,VI,ASO,ES,Federal Contract Tower,21,12,6,1,40,0,76,17,0,93,21,88,23,1,133,22,0,22,155
01/30/2007,STX,VI,ASO,ES,Federal Contract Tower,21,15,8,7,51,0,66,38,2,106,21,81,46,9,157,56,10,66,223
01/31/2007,STX,VI,ASO,ES,Federal Contract Tower,23,20,6,2,51,0,62,39,6,107,23,82,45,8,158,2,0,2,160
02/01/2007,STX,VI,ASO,ES,Federal Contract Tower,19,15,7,4,45,0,76,36,10,122,19,91,43,14,167,32,8,40,207
02/02/2007,STX,VI,ASO,ES,Federal Contract Tower,23,17,13,1,54,0,83,31,0,114,23,100,44,1,168,0,0,0,168
02/03/2007,STX,VI,ASO,ES,Federal Contract Tower,25,2,5,1,33,0,59,26,0,85,25,61,31,1,118,44,0,44,162
02/04/2007,STX,VI,ASO,ES,Federal Contract Tower,21,3,3,0,27,0,54,19,0,73,21,57,22,0,100,6,0,6,106
02/05/2007,STX,VI,ASO,ES,Federal Contract Tower,23,4,12,3,42,0,93,38,7,138,23,97,50,10,180,10,6,16,196
02/06/2007,STX,VI,ASO,ES,Federal Contract Tower,21,17,15,5,58,0,79,24,1,104,21,96,39,6,162,14,0,14,176
02/07/2007,STX,VI,ASO,ES,Federal Contract Tower,23,20,5,4,52,0,69,32,3,104,23,89,37,7,156,0,0,0,156
02/08/2007,STX,VI,ASO,ES,Federal Contract Tower,21,21,20,6,68,0,63,25,0,88,21,84,45,6,156,6,0,6,162
02/09/2007,STX,VI,ASO,ES,Federal Contract Tower,23,15,10,0,48,0,79,37,5,121,23,94,47,5,169,0,2,2,171
02/10/2007,STX,VI,ASO,ES,Federal Contract Tower,23,2,10,1,36,0,67,38,0,105,23,69,48,1,141,22,0,22,163
02/11/2007,STX,VI,ASO,ES,Federal Contract Tower,21,4,8,5,38,0,70,23,4,97,21,74,31,9,135,26,0,26,161
02/12/2007,STX,VI,ASO,ES,Federal Contract Tower,21,11,4,2,38,0,80,20,2,102,21,91,24,4,140,0,2,2,142
02/13/2007,STX,VI,ASO,ES,Federal Contract Tower,21,14,13,2,50,0,63,37,3,103,21,77,50,5,153,30,0,30,183
02/14/2007,STX,VI,ASO,ES,Federal Contract Tower,22,17,7,2,48,0,68,34,0,102,22,85,41,2,150,12,0,12,162
02/15/2007,STX,VI,ASO,ES,Federal Contract Tower,23,19,10,0,52,0,74,36,4,114,23,93,46,4,166,12,0,12,178
02/16/2007,STX,VI,ASO,ES,Federal Contract Tower,23,18,11,3,55,0,96,45,12,153,23,114,56,15,208,24,0,24,232
02/17/2007,STX,VI,ASO,ES,Federal Contract Tower,25,3,10,5,43,0,87,43,0,130,25,90,53,5,173,14,0,14,187
02/18/2007,STX,VI,ASO,ES,Federal Contract Tower,21,3,4,3,31,0,85,47,0,132,21,88,51,3,163,64,0,64,227
02/19/2007,STX,VI,ASO,ES,Federal Contract Tower,20,12,7,2,41,0,123,34,0,157,20,135,41,2,198,10,0,10,208
02/20/2007,STX,VI,ASO,ES,Federal Contract Tower,21,28,13,0,62,0,77,27,0,104,21,105,40,0,166,0,0,0,166
02/21/2007,STX,VI,ASO,ES,Federal Contract Tower,22,24,4,2,52,0,54,22,0,76,22,78,26,2,128,0,0,0,128
02/22/2007,STX,VI,ASO,ES,Federal Contract Tower,22,24,11,1,58,0,65,22,2,89,22,89,33,3,147,38,0,38,185
02/23/2007,STX,VI,ASO,ES,Federal Contract Tower,23,21,19,5,68,0,73,20,7,100,23,94,39,12,168,20,0,20,188
02/24/2007,STX,VI,ASO,ES,Federal Contract Tower,25,3,5,0,33,0,65,46,1,112,25,68,51,1,145,54,0,54,199
02/25/2007,STX,VI,ASO,ES,Federal Contract Tower,19,5,7,2,33,0,74,25,0,99,19,79,32,2,132,6,0,6,138
02/26/2007,STX,VI,ASO,ES,Federal Contract Tower,17,12,0,5,34,0,96,29,0,125,17,108,29,5,159,12,0,12,171
02/27/2007,STX,VI,ASO,ES,Federal Contract Tower,21,17,7,1,46,0,60,34,0,94,21,77,41,1,140,38,0,38,178
02/28/2007,STX,VI,ASO,ES,Federal Contract Tower,20,21,6,3,50,0,64,40,0,104,20,85,46,3,154,22,0,22,176
03/01/2007,STX,VI,ASO,ES,Federal Contract Tower,19,17,7,0,43,0,73,40,1,114,19,90,47,1,157,22,0,22,179
03/02/2007,STX,VI,ASO,ES,Federal Contract Tower,15,16,5,1,37,0,75,38,2,115,15,91,43,3,152,16,0,16,168
03/03/2007,STX,VI,ASO,ES,Federal Contract Tower,21,3,6,2,32,0,53,24,0,77,21,56,30,2,109,28,0,28,137
03/04/2007,STX,VI,ASO,ES,Federal Contract Tower,21,4,5,1,31,0,56,36,4,96,21,60,41,5,127,44,0,44,171
03/05/2007,STX,VI,ASO,ES,Federal Contract Tower,17,8,3,3,31,0,69,27,0,96,17,77,30,3,127,20,2,22,149
03/06/2007,STX,VI,ASO,ES,Federal Contract Tower,17,18,6,4,45,0,67,31,1,99,17,85,37,5,144,12,0,12,156
03/07/2007,STX,VI,ASO,ES,Federal Contract Tower,17,18,6,2,43,0,67,31,0,98,17,85,37,2,141,38,0,38,179
03/08/2007,STX,VI,ASO,ES,Federal Contract Tower,18,22,8,0,48,0,71,31,0,102,18,93,39,0,150,12,0,12,162
03/09/2007,STX,VI,ASO,ES,Federal Contract Tower,19,21,12,3,55,0,71,47,2,120,19,92,59,5,175,12,0,12,187
03/10/2007,STX,VI,ASO,ES,Federal Contract Tower,21,2,5,3,31,0,59,23,1,83,21,61,28,4,114,38,8,46,160
03/11/2007,STX,VI,ASO,ES,Federal Contract Tower,16,5,5,3,29,0,70,19,2,91,16,75,24,5,120,10,0,10,130
03/12/2007,STX,VI,ASO,ES,Federal Contract Tower,18,19,6,3,46,0,69,32,1,102,18,88,38,4,148,28,0,28,176
03/13/2007,STX,VI,ASO,ES,Federal Contract Tower,16,16,9,1,42,0,58,38,0,96,16,74,47,1,138,46,0,46,184
03/14/2007,STX,VI,ASO,ES,Federal Contract Tower,19,19,6,2,46,0,51,25,0,76,19,70,31,2,122,20,0,20,142
03/15/2007,STX,VI,ASO,ES,Federal Contract Tower,16,25,3,0,44,0,71,38,2,111,16,96,41,2,155,44,0,44,199
03/16/2007,STX,VI,ASO,ES,Federal Contract Tower,19,33,14,6,72,0,63,20,1,84,19,96,34,7,156,32,0,32,188
03/17/2007,STX,VI,ASO,ES,Federal Contract Tower,22,2,6,5,35,0,67,17,0,84,22,69,23,5,119,44,0,44,163
03/18/2007,STX,VI,ASO,ES,Federal Contract Tower,17,2,6,1,26,0,73,28,0,101,17,75,34,1,127,80,0,80,207
03/19/2007,STX,VI,ASO,ES,Federal Contract Tower,16,9,5,10,40,0,83,23,0,106,16,92,28,10,146,4,0,4,150
03/20/2007,STX,VI,ASO,ES,Federal Contract Tower,20,18,10,0,48,0,66,43,0,109,20,84,53,0,157,20,0,20,177
03/21/2007,STX,VI,ASO,ES,Federal Contract Tower,19,19,7,1,46,0,64,35,0,99,19,83,42,1,145,30,0,30,175
03/22/2007,STX,VI,ASO,ES,Federal Contract Tower,17,20,6,4,47,0,62,32,0,94,17,82,38,4,141,62,0,62,203
03/23/2007,STX,VI,ASO,ES,Federal Contract Tower,19,19,9,1,48,0,69,36,2,107,19,88,45,3,155,0,0,0,155
03/24/2007,STX,VI,ASO,ES,Federal Contract Tower,20,2,5,3,30,0,76,29,8,113,20,78,34,11,143,0,4,4,147
03/25/2007,STX,VI,ASO,ES,Federal Contract Tower,17,5,7,2,31,0,77,29,2,108,17,82,36,4,139,18,0,18,157
03/26/2007,STX,VI,ASO,ES,Federal Contract Tower,17,10,11,1,39,0,81,42,0,123,17,91,53,1,162,38,0,38,200
03/27/2007,STX,VI,ASO,ES,Federal Contract Tower,17,25,9,0,51,0,47,15,0,62,17,72,24,0,113,32,0,32,145
03/28/2007,STX,VI,ASO,ES,Federal Contract Tower,18,19,7,5,49,0,50,35,0,85,18,69,42,5,134,42,0,42,176
03/29/2007,STX,VI,ASO,ES,Federal Contract Tower,17,17,13,2,49,0,62,26,0,88,17,79,39,2,137,46,0,46,183
03/30/2007,STX,VI,ASO,ES,Federal Contract Tower,18,31,13,6,68,0,51,26,0,77,18,82,39,6,145,6,0,6,151
03/31/2007,STX,VI,ASO,ES,Federal Contract Tower,22,6,3,5,36,0,54,22,3,79,22,60,25,8,115,36,2,38,153
04/01/2007,STX,VI,ASO,ES,Federal Contract Tower,18,3,6,4,31,0,73,29,1,103,18,76,35,5,134,40,0,40,174
04/02/2007,STX,VI,ASO,ES,Federal Contract Tower,17,10,7,0,34,0,81,45,2,128,17,91,52,2,162,38,0,38,200
04/03/2007,STX,VI,ASO,ES,Federal Contract Tower,17,17,9,0,43,0,62,25,0,87,17,79,34,0,130,28,0,28,158
04/04/2007,STX,VI,ASO,ES,Federal Contract Tower,20,31,10,0,61,0,49,45,0,94,20,80,55,0,155,12,0,12,167
04/05/2007,STX,VI,ASO,ES,Federal Contract Tower,17,16,8,0,41,0,71,41,0,112,17,87,49,0,153,20,0,20,173
04/06/2007,STX,VI,ASO,ES,Federal Contract Tower,19,12,5,2,38,0,58,27,0,85,19,70,32,2,123,40,0,40,163
04/07/2007,STX,VI,ASO,ES,Federal Contract Tower,22,2,3,0,27,0,65,46,0,111,22,67,49,0,138,112,0,112,250
04/08/2007,STX,VI,ASO,ES,Federal Contract Tower,18,3,5,1,27,0,78,36,0,114,18,81,41,1,141,28,0,28,169
04/09/2007,STX,VI,ASO,ES,Federal Contract Tower,19,10,4,2,35,0,84,33,3,120,19,94,37,5,155,50,4,54,209
04/10/2007,STX,VI,ASO,ES,Federal Contract Tower,15,16,8,1,40,0,76,30,2,108,15,92,38,3,148,12,0,12,160
04/11/2007,STX,VI,ASO,ES,Federal Contract Tower,19,18,8,2,47,0,56,28,0,84,19,74,36,2,131,34,0,34,165
04/12/2007,STX,VI,ASO,ES,Federal Contract Tower,16,20,11,4,51,0,54,34,1,89,16,74,45,5,140,26,0,26,166
04/13/2007,STX,VI,ASO,ES,Federal Contract Tower,20,15,6,4,45,0,75,36,3,114,20,90,42,7,159,4,0,4,163
04/14/2007,STX,VI,ASO,ES,Federal Contract Tower,21,3,1,2,27,0,56,29,5,90,21,59,30,7,117,50,0,50,167
04/15/2007,STX,VI,ASO,ES,Federal Contract Tower,17,3,1,1,22,0,58,33,3,94,17,61,34,4,116,32,0,32,148
04/16/2007,STX,VI,ASO,ES,Federal Contract Tower,17,11,6,0,34,0,80,20,0,100,17,91,26,0,134,20,0,20,154
04/17/2007,STX,VI,ASO,ES,Federal Contract Tower,17,18,8,0,43,0,70,19,0,89,17,88,27,0,132,12,0,12,144
04/18/2007,STX,VI,ASO,ES,Federal Contract Tower,19,26,3,0,48,0,46,25,0,71,19,72,28,0,119,14,0,14,133
04/19/2007,STX,VI,ASO,ES,Federal Contract Tower,17,8,7,0,32,0,66,31,0,97,17,74,38,0,129,10,0,10,139
04/20/2007,STX,VI,ASO,ES,Federal Contract Tower,16,20,4,5,45,0,67,52,1,120,16,87,56,6,165,36,0,36,201
04/21/2007,STX,VI,ASO,ES,Federal Contract Tower,22,14,2,1,39,0,49,20,0,69,22,63,22,1,108,12,0,12,120
04/22/2007,STX,VI,ASO,ES,Federal Contract Tower,17,11,4,6,38,0,56,20,0,76,17,67,24,6,114,64,0,64,178
04/23/2007,STX,VI,ASO,ES,Federal Contract Tower,15,37,14,3,69,0,34,24,0,58,15,71,38,3,127,24,0,24,151
04/24/2007,STX,VI,ASO,ES,Federal Contract Tower,14,24,9,1,48,0,42,38,1,81,14,66,47,2,129,30,0,30,159
04/25/2007,STX,VI,ASO,ES,Federal Contract Tower,17,20,5,3,45,0,45,51,0,96,17,65,56,3,141,2,0,2,143
04/26/2007,STX,VI,ASO,ES,Federal Contract Tower,16,23,13,4,56,0,54,42,0,96,16,77,55,4,152,16,0,16,168
04/27/2007,STX,VI,ASO,ES,Federal Contract Tower,15,18,6,2,41,0,68,42,0,110,15,86,48,2,151,2,0,2,153
04/28/2007,STX,VI,ASO,ES,Federal Contract Tower,22,2,0,1,25,0,53,36,3,92,22,55,36,4,117,6,0,6,123
04/29/2007,STX,VI,ASO,ES,Federal Contract Tower,18,3,3,1,25,0,74,51,0,125,18,77,54,1,150,68,0,68,218
04/30/2007,STX,VI,ASO,ES,Federal Contract Tower,17,22,10,0,49,0,61,49,0,110,17,83,59,0,159,32,0,32,191
05/01/2007,STX,VI,ASO,ES,Federal Contract Tower,18,28,8,0,54,0,49,38,0,87,18,77,46,0,141,24,0,24,165
05/02/2007,STX,VI,ASO,ES,Federal Contract Tower,22,20,6,3,51,0,36,52,1,89,22,56,58,4,140,72,0,72,212
05/03/2007,STX,VI,ASO,ES,Federal Contract Tower,17,29,11,0,57,0,53,49,0,102,17,82,60,0,159,24,0,24,183
05/04/2007,STX,VI,ASO,ES,Federal Contract Tower,17,14,11,1,43,0,74,37,5,116,17,88,48,6,159,24,0,24,183
05/05/2007,STX,VI,ASO,ES,Federal Contract Tower,21,2,4,2,29,0,59,30,1,90,21,61,34,3,119,28,0,28,147
05/06/2007,STX,VI,ASO,ES,Federal Contract Tower,16,3,9,4,32,0,65,35,10,110,16,68,44,14,142,14,18,32,174
05/07/2007,STX,VI,ASO,ES,Federal Contract Tower,18,25,13,2,58,0,54,36,2,92,18,79,49,4,150,32,0,32,182
05/08/2007,STX,VI,ASO,ES,Federal Contract Tower,18,30,11,0,59,0,51,33,0,84,18,81,44,0,143,12,0,12,155
05/09/2007,STX,VI,ASO,ES,Federal Contract Tower,23,23,2,0,48,0,34,31,0,65,23,57,33,0,113,50,0,50,163
05/10/2007,STX,VI,ASO,ES,Federal Contract Tower,19,21,3,1,44,0,51,56,0,107,19,72,59,1,151,60,0,60,211
05/11/2007,STX,VI,ASO,ES,Federal Contract Tower,21,15,3,1,40,0,75,48,0,123,21,90,51,1,163,0,0,0,163
05/12/2007,STX,VI,ASO,ES,Federal Contract Tower,22,2,4,0,28,0,64,32,0,96,22,66,36,0,124,18,0,18,142
05/13/2007,STX,VI,ASO,ES,Federal Contract Tower,20,3,3,0,26,0,57,24,0,81,20,60,27,0,107,42,0,42,149
05/14/2007,STX,VI,ASO,ES,Federal Contract Tower,21,24,5,1,51,0,62,36,0,98,21,86,41,1,149,8,0,8,157
05/15/2007,STX,VI,ASO,ES,Federal Contract Tower,21,15,10,1,47,0,54,46,1,101,21,69,56,2,148,8,0,8,156
05/16/2007,STX,VI,ASO,ES,Federal Contract Tower,21,18,7,1,47,0,55,51,0,106,21,73,58,1,153,36,0,36,189
05/17/2007,STX,VI,ASO,ES,Federal Contract Tower,20,18,4,1,43,0,50,34,0,84,20,68,38,1,127,0,0,0,127
05/18/2007,STX,VI,ASO,ES,Federal Contract Tower,19,12,16,3,50,0,64,44,6,114,19,76,60,9,164,16,0,16,180
05/19/2007,STX,VI,ASO,ES,Federal Contract Tower,20,4,8,1,33,0,64,40,0,104,20,68,48,1,137,22,0,22,159
05/20/2007,STX,VI,ASO,ES,Federal Contract Tower,19,3,5,2,29,0,57,31,4,92,19,60,36,6,121,34,0,34,155
05/21/2007,STX,VI,ASO,ES,Federal Contract Tower,19,26,5,3,53,0,50,44,1,95,19,76,49,4,148,0,2,2,150
05/22/2007,STX,VI,ASO,ES,Federal Contract Tower,20,16,5,0,41,0,54,30,0,84,20,70,35,0,125,0,0,0,125
05/23/2007,STX,VI,ASO,ES,Federal Contract Tower,20,17,5,2,44,0,51,34,0,85,20,68,39,2,129,2,0,2,131
05/24/2007,STX,VI,ASO,ES,Federal Contract Tower,20,20,15,2,57,0,44,31,0,75,20,64,46,2,132,12,0,12,144
05/25/2007,STX,VI,ASO,ES,Federal Contract Tower,15,11,6,3,35,0,78,46,0,124,15,89,52,3,159,18,0,18,177
05/26/2007,STX,VI,ASO,ES,Federal Contract Tower,21,4,4,4,33,0,56,34,0,90,21,60,38,4,123,24,0,24,147
05/27/2007,STX,VI,ASO,ES,Federal Contract Tower,19,2,3,4,28,0,58,23,0,81,19,60,26,4,109,26,0,26,135
05/28/2007,STX,VI,ASO,ES,Federal Contract Tower,19,16,2,1,38,0,53,21,1,75,19,69,23,2,113,30,0,30,143
05/29/2007,STX,VI,ASO,ES,Federal Contract Tower,18,17,6,7,48,0,48,33,0,81,18,65,39,7,129,4,0,4,133
05/30/2007,STX,VI,ASO,ES,Federal Contract Tower,22,16,8,5,51,0,56,13,0,69,22,72,21,5,120,0,0,0,120
05/31/2007,STX,VI,ASO,ES,Federal Contract Tower,19,11,7,1,38,0,54,43,1,98,19,65,50,2,136,8,0,8,144
06/01/2007,STX,VI,ASO,ES,Federal Contract Tower,19,12,9,4,44,0,67,25,1,93,19,79,34,5,137,2,0,2,139
06/02/2007,STX,VI,ASO,ES,Federal Contract Tower,22,3,2,2,29,0,45,28,4,77,22,48,30,6,106,38,0,38,144
06/03/2007,STX,VI,ASO,ES,Federal Contract Tower,20,2,4,1,27,0,44,25,2,71,20,46,29,3,98,32,0,32,130
06/04/2007,STX,VI,ASO,ES,Federal Contract Tower,17,12,9,0,38,0,51,40,0,91,17,63,49,0,129,8,0,8,137
06/05/2007,STX,VI,ASO,ES,Federal Contract Tower,20,7,11,0,38,0,46,33,0,79,20,53,44,0,117,10,0,10,127
06/06/2007,STX,VI,ASO,ES,Federal Contract Tower,22,12,5,0,39,0,37,50,0,87,22,49,55,0,126,38,0,38,164
06/07/2007,STX,VI,ASO,ES,Federal Contract Tower,20,10,4,1,35,0,63,37,2,102,20,73,41,3,137,0,0,0,137
06/08/2007,STX,VI,ASO,ES,Federal Contract Tower,20,10,8,2,40,0,58,53,3,114,20,68,61,5,154,0,0,0,154
06/09/2007,STX,VI,ASO,ES,Federal Contract Tower,22,2,5,0,29,0,51,38,0,89,22,53,43,0,118,4,0,4,122
06/10/2007,STX,VI,ASO,ES,Federal Contract Tower,19,2,0,0,21,0,62,58,0,120,19,64,58,0,141,62,0,62,203
06/11/2007,STX,VI,ASO,ES,Federal Contract Tower,18,13,3,2,36,0,52,48,0,100,18,65,51,2,136,0,0,0,136
06/12/2007,STX,VI,ASO,ES,Federal Contract Tower,21,6,9,1,37,0,53,44,2,99,21,59,53,3,136,20,0,20,156
06/13/2007,STX,VI,ASO,ES,Federal Contract Tower,22,9,5,1,37,0,25,67,1,93,22,34,72,2,130,6,2,8,138
06/14/2007,STX,VI,ASO,ES,Federal Contract Tower,20,13,6,0,39,0,41,51,0,92,20,54,57,0,131,10,0,10,141
06/15/2007,STX,VI,ASO,ES,Federal Contract Tower,20,11,11,1,43,0,63,64,5,132,20,74,75,6,175,42,0,42,217
06/16/2007,STX,VI,ASO,ES,Federal Contract Tower,22,2,3,0,27,0,40,42,0,82,22,42,45,0,109,36,0,36,145
06/17/2007,STX,VI,ASO,ES,Federal Contract Tower,20,3,0,0,23,0,52,31,0,83,20,55,31,0,106,12,0,12,118
06/18/2007,STX,VI,ASO,ES,Federal Contract Tower,20,7,9,3,39,0,57,41,1,99,20,64,50,4,138,42,0,42,180
06/19/2007,STX,VI,ASO,ES,Federal Contract Tower,20,6,6,6,38,0,55,57,3,115,20,61,63,9,153,28,6,34,187
06/20/2007,STX,VI,ASO,ES,Federal Contract Tower,22,10,8,5,45,0,55,39,1,95,22,65,47,6,140,16,0,16,156
06/21/2007,STX,VI,ASO,ES,Federal Contract Tower,19,9,13,2,43,0,52,43,0,95,19,61,56,2,138,34,0,34,172
06/22/2007,STX,VI,ASO,ES,Federal Contract Tower,22,14,7,7,50,0,57,58,1,116,22,71,65,8,166,16,0,16,182
06/23/2007,STX,VI,ASO,ES,Federal Contract Tower,22,2,1,0,25,0,43,29,0,72,22,45,30,0,97,28,0,28,125
06/24/2007,STX,VI,ASO,ES,Federal Contract Tower,20,2,6,6,34,0,45,39,2,86,20,47,45,8,120,58,0,58,178
06/25/2007,STX,VI,ASO,ES,Federal Contract Tower,20,13,7,3,43,0,46,29,3,78,20,59,36,6,121,28,0,28,149
06/26/2007,STX,VI,ASO,ES,Federal Contract Tower,18,6,5,9,38,0,53,26,11,90,18,59,31,20,128,10,12,22,150
06/27/2007,STX,VI,ASO,ES,Federal Contract Tower,20,8,9,2,39,0,51,45,2,98,20,59,54,4,137,4,0,4,141
06/28/2007,STX,VI,ASO,ES,Federal Contract Tower,20,8,5,2,35,0,50,36,0,86,20,58,41,2,121,14,0,14,135
06/29/2007,STX,VI,ASO,ES,Federal Contract Tower,21,12,14,2,49,0,60,41,7,108,21,72,55,9,157,2,0,2,159
06/30/2007,STX,VI,ASO,ES,Federal Contract Tower,23,1,3,0,27,0,44,32,0,76,23,45,35,0,103,0,0,0,103
07/01/2007,STX,VI,ASO,ES,Federal Contract Tower,20,2,2,1,25,0,48,51,0,99,20,50,53,1,124,0,0,0,124
07/02/2007,STX,VI,ASO,ES,Federal Contract Tower,18,12,6,0,36,0,59,47,0,106,18,71,53,0,142,0,0,0,142
07/03/2007,STX,VI,ASO,ES,Federal Contract Tower,20,6,6,1,33,0,65,36,5,106,20,71,42,6,139,0,30,30,169
07/04/2007,STX,VI,ASO,ES,Federal Contract Tower,20,2,2,1,25,0,43,23,1,67,20,45,25,2,92,56,0,56,148
07/05/2007,STX,VI,ASO,ES,Federal Contract Tower,21,6,11,1,39,0,53,34,0,87,21,59,45,1,126,28,0,28,154
07/06/2007,STX,VI,ASO,ES,Federal Contract Tower,23,12,10,5,50,0,70,30,0,100,23,82,40,5,150,34,0,34,184
07/07/2007,STX,VI,ASO,ES,Federal Contract Tower,22,2,0,4,28,0,51,25,0,76,22,53,25,4,104,0,2,2,106
07/08/2007,STX,VI,ASO,ES,Federal Contract Tower,20,2,2,4,28,0,48,33,0,81,20,50,35,4,109,32,0,32,141
07/09/2007,STX,VI,ASO,ES,Federal Contract Tower,19,10,11,4,44,0,62,47,0,109,19,72,58,4,153,2,0,2,155
07/10/2007,STX,VI,ASO,ES,Federal Contract Tower,18,6,11,1,36,0,58,23,0,81,18,64,34,1,117,18,0,18,135
07/11/2007,STX,VI,ASO,ES,Federal Contract Tower,22,8,9,1,40,0,49,45,3,97,22,57,54,4,137,12,0,12,149
07/12/2007,STX,VI,ASO,ES,Federal Contract Tower,19,8,7,5,39,0,59,34,2,95,19,67,41,7,134,0,4,4,138
07/13/2007,STX,VI,ASO,ES,Federal Contract Tower,22,8,12,0,42,0,55,34,5,94,22,63,46,5,136,10,0,10,146
07/14/2007,STX,VI,ASO,ES,Federal Contract Tower,22,2,1,0,25,0,56,30,0,86,22,58,31,0,111,8,0,8,119
07/15/2007,STX,VI,ASO,ES,Federal Contract Tower,20,4,2,3,29,0,37,29,5,71,20,41,31,8,100,8,18,26,126
07/16/2007,STX,VI,ASO,ES,Federal Contract Tower,16,13,5,1,35,0,57,35,2,94,16,70,40,3,129,2,0,2,131
07/17/2007,STX,VI,ASO,ES,Federal Contract Tower,20,14,14,0,48,0,57,36,0,93,20,71,50,0,141,0,0,0,141
07/18/2007,STX,VI,ASO,ES,Federal Contract Tower,21,11,7,5,44,0,50,47,3,100,21,61,54,8,144,14,0,14,158
07/19/2007,STX,VI,ASO,ES,Federal Contract Tower,16,12,8,1,37,0,43,35,4,82,16,55,43,5,119,16,8,24,143
07/20/2007,STX,VI,ASO,ES,Federal Contract Tower,20,17,9,2,48,0,71,35,3,109,20,88,44,5,157,20,0,20,177
07/21/2007,STX,VI,ASO,ES,Federal Contract Tower,17,4,2,2,25,0,51,19,0,70,17,55,21,2,95,4,0,4,99
07/22/2007,STX,VI,ASO,ES,Federal Contract Tower,20,4,1,4,29,0,52,38,1,91,20,56,39,5,120,44,0,44,164
07/23/2007,STX,VI,ASO,ES,Federal Contract Tower,18,11,8,5,42,0,50,29,1,80,18,61,37,6,122,0,0,0,122
07/24/2007,STX,VI,ASO,ES,Federal Contract Tower,20,9,5,0,34,0,55,31,4,90,20,64,36,4,124,8,0,8,132
07/25/2007,STX,VI,ASO,ES,Federal Contract Tower,22,7,9,3,41,0,55,25,1,81,22,62,34,4,122,2,0,2,124
07/26/2007,STX,VI,ASO,ES,Federal Contract Tower,17,7,13,3,40,0,63,37,8,108,17,70,50,11,148,0,0,0,148
07/27/2007,STX,VI,ASO,ES,Federal Contract Tower,22,12,8,3,45,0,61,29,3,93,22,73,37,6,138,0,0,0,138
07/28/2007,STX,VI,ASO,ES,Federal Contract Tower,22,4,7,2,35,0,49,27,2,78,22,53,34,4,113,6,0,6,119
07/29/2007,STX,VI,ASO,ES,Federal Contract Tower,20,4,3,3,30,0,58,24,0,82,20,62,27,3,112,36,0,36,148
07/30/2007,STX,VI,ASO,ES,Federal Contract Tower,18,14,4,2,38,0,58,37,6,101,18,72,41,8,139,20,0,20,159
07/31/2007,STX,VI,ASO,ES,Federal Contract Tower,20,10,3,5,38,0,55,32,5,92,20,65,35,10,130,22,16,38,168
08/01/2007,STX,VI,ASO,ES,Federal Contract Tower,21,14,4,5,44,0,49,27,7,83,21,63,31,12,127,14,12,26,153
08/02/2007,STX,VI,ASO,ES,Federal Contract Tower,17,10,4,4,35,0,51,42,4,97,17,61,46,8,132,2,8,10,142
08/03/2007,STX,VI,ASO,ES,Federal Contract Tower,26,11,7,3,47,0,66,43,1,110,26,77,50,4,157,20,0,20,177
08/04/2007,STX,VI,ASO,ES,Federal Contract Tower,18,4,4,1,27,0,47,27,1,75,18,51,31,2,102,6,0,6,108
08/05/2007,STX,VI,ASO,ES,Federal Contract Tower,22,4,1,1,28,0,51,42,0,93,22,55,43,1,121,14,0,14,135
08/06/2007,STX,VI,ASO,ES,Federal Contract Tower,23,14,7,1,45,0,63,41,1,105,23,77,48,2,150,44,0,44,194
08/07/2007,STX,VI,ASO,ES,Federal Contract Tower,19,19,8,0,46,0,49,50,0,99,19,68,58,0,145,74,0,74,219
08/08/2007,STX,VI,ASO,ES,Federal Contract Tower,22,11,4,0,37,0,58,39,2,99,22,69,43,2,136,28,4,32,168
08/09/2007,STX,VI,ASO,ES,Federal Contract Tower,20,12,9,0,41,0,62,36,3,101,20,74,45,3,142,18,6,24,166
08/10/2007,STX,VI,ASO,ES,Federal Contract Tower,24,12,9,1,46,0,62,55,5,122,24,74,64,6,168,12,8,20,188
08/11/2007,STX,VI,ASO,ES,Federal Contract Tower,23,4,1,1,29,0,46,26,2,74,23,50,27,3,103,26,0,26,129
08/12/2007,STX,VI,ASO,ES,Federal Contract Tower,20,4,6,0,30,0,52,40,6,98,20,56,46,6,128,18,0,18,146
08/13/2007,STX,VI,ASO,ES,Federal Contract Tower,22,12,7,0,41,0,55,36,2,93,22,67,43,2,134,48,0,48,182
08/14/2007,STX,VI,ASO,ES,Federal Contract Tower,19,11,10,0,40,0,64,32,0,96,19,75,42,0,136,0,0,0,136
08/15/2007,STX,VI,ASO,ES,Federal Contract Tower,22,13,6,2,43,0,51,44,1,96,22,64,50,3,139,36,0,36,175
08/16/2007,STX,VI,ASO,ES,Federal Contract Tower,18,12,11,7,48,0,49,56,0,105,18,61,67,7,153,16,10,26,179
08/17/2007,STX,VI,ASO,ES,Federal Contract Tower,22,12,10,5,49,0,25,29,2,56,22,37,39,7,105,4,0,4,109
08/18/2007,STX,VI,ASO,ES,Federal Contract Tower,22,4,7,8,41,0,20,18,0,38,22,24,25,8,79,0,0,0,79
08/19/2007,STX,VI,ASO,ES,Federal Contract Tower,20,4,7,4,35,0,61,33,1,95,20,65,40,5,130,74,8,82,212
08/20/2007,STX,VI,ASO,ES,Federal Contract Tower,21,8,9,4,42,0,65,42,1,108,21,73,51,5,150,8,24,32,182
08/21/2007,STX,VI,ASO,ES,Federal Contract Tower,20,10,8,3,41,0,55,34,0,89,20,65,42,3,130,12,0,12,142
08/22/2007,STX,VI,ASO,ES,Federal Contract Tower,20,8,6,2,36,0,54,40,0,94,20,62,46,2,130,30,0,30,160
08/23/2007,STX,VI,ASO,ES,Federal Contract Tower,18,12,8,2,40,0,61,39,3,103,18,73,47,5,143,6,2,8,151
08/24/2007,STX,VI,ASO,ES,Federal Contract Tower,21,10,5,5,41,0,60,29,5,94,21,70,34,10,135,0,4,4,139
08/25/2007,STX,VI,ASO,ES,Federal Contract Tower,21,2,7,2,32,0,41,17,0,58,21,43,24,2,90,8,0,8,98
08/26/2007,STX,VI,ASO,ES,Federal Contract Tower,22,2,4,2,30,0,46,30,0,76,22,48,34,2,106,26,0,26,132
08/27/2007,STX,VI,ASO,ES,Federal Contract Tower,21,10,12,6,49,0,40,37,0,77,21,50,49,6,126,20,0,20,146
08/28/2007,STX,VI,ASO,ES,Federal Contract Tower,18,9,5,4,36,0,44,31,0,75,18,53,36,4,111,0,22,22,133
08/29/2007,STX,VI,ASO,ES,Federal Contract Tower,18,8,7,3,36,0,55,40,3,98,18,63,47,6,134,28,20,48,182
08/30/2007,STX,VI,ASO,ES,Federal Contract Tower,19,12,10,5,46,0,55,31,1,87,19,67,41,6,133,8,0,8,141
08/31/2007,STX,VI,ASO,ES,Federal Contract Tower,23,10,8,6,47,0,55,39,0,94,23,65,47,6,141,0,0,0,141
09/01/2007,STX,VI,ASO,ES,Federal Contract Tower,24,2,3,8,37,0,37,34,1,72,24,39,37,9,109,2,0,2,111
09/02/2007,STX,VI,ASO,ES,Federal Contract Tower,20,2,4,6,32,0,37,35,0,72,20,39,39,6,104,74,2,76,180
09/03/2007,STX,VI,ASO,ES,Federal Contract Tower,20,2,4,5,31,0,47,44,0,91,20,49,48,5,122,20,0,20,142
09/04/2007,STX,VI,ASO,ES,Federal Contract Tower,20,12,5,4,41,0,41,30,0,71,20,53,35,4,112,2,0,2,114
09/05/2007,STX,VI,ASO,ES,Federal Contract Tower,16,10,9,2,37,0,35,33,0,68,16,45,42,2,105,34,0,34,139
09/06/2007,STX,VI,ASO,ES,Federal Contract Tower,18,8,8,1,35,0,46,43,1,90,18,54,51,2,125,14,0,14,139
09/07/2007,STX,VI,ASO,ES,Federal Contract Tower,17,9,8,0,34,0,53,40,2,95,17,62,48,2,129,26,0,26,155
09/08/2007,STX,VI,ASO,ES,Federal Contract Tower,18,2,3,4,27,0,46,26,1,73,18,48,29,5,100,72,12,84,184
09/09/2007,STX,VI,ASO,ES,Federal Contract Tower,19,2,2,1,24,0,42,19,4,65,19,44,21,5,89,20,0,20,109
09/10/2007,STX,VI,ASO,ES,Federal Contract Tower,16,11,5,2,34,0,48,34,2,84,16,59,39,4,118,20,0,20,138
09/11/2007,STX,VI,ASO,ES,Federal Contract Tower,18,7,10,0,35,0,38,45,0,83,18,45,55,0,118,0,0,0,118
09/12/2007,STX,VI,ASO,ES,Federal Contract Tower,15,8,8,1,32,0,46,32,0,78,15,54,40,1,110,14,0,14,124
09/13/2007,STX,VI,ASO,ES,Federal Contract Tower,18,10,5,1,34,0,51,30,0,81,18,61,35,1,115,4,0,4,119
09/14/2007,STX,VI,ASO,ES,Federal Contract Tower,17,12,17,2,48,0,61,33,2,96,17,73,50,4,144,8,2,10,154
09/15/2007,STX,VI,ASO,ES,Federal Contract Tower,18,2,3,4,27,0,49,24,0,73,18,51,27,4,100,16,0,16,116
09/16/2007,STX,VI,ASO,ES,Federal Contract Tower,18,2,6,3,29,0,54,21,0,75,18,56,27,3,104,72,0,72,176
09/17/2007,STX,VI,ASO,ES,Federal Contract Tower,16,11,7,0,34,0,54,36,2,92,16,65,43,2,126,20,2,22,148
09/18/2007,STX,VI,ASO,ES,Federal Contract Tower,16,11,13,1,41,0,46,23,0,69,16,57,36,1,110,20,0,20,130
09/19/2007,STX,VI,ASO,ES,Federal Contract Tower,15,10,9,3,37,0,42,40,0,82,15,52,49,3,119,20,12,32,151
09/20/2007,STX,VI,ASO,ES,Federal Contract Tower,18,8,11,2,39,0,46,34,2,82,18,54,45,4,121,14,48,62,183
09/21/2007,STX,VI,ASO,ES,Federal Contract Tower,18,13,10,2,43,0,62,31,0,93,18,75,41,2,136,2,0,2,138
09/22/2007,STX,VI,ASO,ES,Federal Contract Tower,19,2,8,2,31,0,43,22,0,65,19,45,30,2,96,22,0,22,118
09/23/2007,STX,VI,ASO,ES,Federal Contract Tower,18,2,2,2,24,0,55,26,0,81,18,57,28,2,105,62,0,62,167
09/24/2007,STX,VI,ASO,ES,Federal Contract Tower,15,10,5,2,32,0,56,41,2,99,15,66,46,4,131,0,2,2,133
09/25/2007,STX,VI,ASO,ES,Federal Contract Tower,17,8,7,3,35,0,57,34,0,91,17,65,41,3,126,12,0,12,138
09/26/2007,STX,VI,ASO,ES,Federal Contract Tower,16,9,8,2,35,0,36,12,0,48,16,45,20,2,83,0,0,0,83
09/27/2007,STX,VI,ASO,ES,Federal Contract Tower,18,10,8,5,41,0,40,22,0,62,18,50,30,5,103,4,0,4,107
09/28/2007,STX,VI,ASO,ES,Federal Contract Tower,23,13,9,2,47,0,54,26,0,80,23,67,35,2,127,0,0,0,127
09/29/2007,STX,VI,ASO,ES,Federal Contract Tower,20,2,2,1,25,0,43,31,0,74,20,45,33,1,99,2,0,2,101
09/30/2007,STX,VI,ASO,ES,Federal Contract Tower,18,2,6,1,27,0,45,19,0,64,18,47,25,1,91,26,0,26,117
10/01/2007,STX,VI,ASO,ES,Federal Contract Tower,15,10,10,0,35,0,56,35,0,91,15,66,45,0,126,16,0,16,142
10/02/2007,STX,VI,ASO,ES,Federal Contract Tower,16,8,10,0,34,0,59,34,2,95,16,67,44,2,129,6,2,8,137
10/03/2007,STX,VI,ASO,ES,Federal Contract Tower,15,8,8,3,34,0,43,15,0,58,15,51,23,3,92,18,0,18,110
10/04/2007,STX,VI,ASO,ES,Federal Contract Tower,17,7,6,0,30,0,44,27,0,71,17,51,33,0,101,2,0,2,103
10/05/2007,STX,VI,ASO,ES,Federal Contract Tower,15,17,9,0,41,0,47,29,1,77,15,64,38,1,118,18,0,18,136
10/06/2007,STX,VI,ASO,ES,Federal Contract Tower,19,3,4,1,27,0,47,32,0,79,19,50,36,1,106,26,0,26,132
10/07/2007,STX,VI,ASO,ES,Federal Contract Tower,20,2,2,2,26,0,31,12,0,43,20,33,14,2,69,22,0,22,91
10/08/2007,STX,VI,ASO,ES,Federal Contract Tower,15,8,5,2,30,0,44,29,2,75,15,52,34,4,105,4,0,4,109
10/09/2007,STX,VI,ASO,ES,Federal Contract Tower,18,9,6,3,36,0,47,31,1,79,18,56,37,4,115,6,0,6,121
10/10/2007,STX,VI,ASO,ES,Federal Contract Tower,15,8,6,0,29,0,54,31,0,85,15,62,37,0,114,16,0,16,130
10/11/2007,STX,VI,ASO,ES,Federal Contract Tower,17,9,7,3,36,0,45,28,0,73,17,54,35,3,109,0,6,6,115
10/12/2007,STX,VI,ASO,ES,Federal Contract Tower,17,13,12,3,45,0,55,41,0,96,17,68,53,3,141,4,0,4,145
10/13/2007,STX,VI,ASO,ES,Federal Contract Tower,19,3,2,1,25,0,33,47,2,82,19,36,49,3,107,4,4,8,115
10/14/2007,STX,VI,ASO,ES,Federal Contract Tower,17,4,1,2,24,0,52,67,0,119,17,56,68,2,143,42,0,42,185
10/15/2007,STX,VI,ASO,ES,Federal Contract Tower,15,10,7,1,33,0,42,46,0,88,15,52,53,1,121,34,0,34,155
10/16/2007,STX,VI,ASO,ES,Federal Contract Tower,17,5,6,4,32,0,45,31,1,77,17,50,37,5,109,14,34,48,157
10/17/2007,STX,VI,ASO,ES,Federal Contract Tower,16,9,6,0,31,0,39,43,0,82,16,48,49,0,113,18,0,18,131
10/18/2007,STX,VI,ASO,ES,Federal Contract Tower,18,8,13,0,39,0,57,35,1,93,18,65,48,1,132,0,0,0,132
10/19/2007,STX,VI,ASO,ES,Federal Contract Tower,15,12,11,6,44,0,63,37,3,103,15,75,48,9,147,10,0,10,157
10/20/2007,STX,VI,ASO,ES,Federal Contract Tower,19,2,6,3,30,0,47,26,2,75,19,49,32,5,105,20,2,22,127
10/21/2007,STX,VI,ASO,ES,Federal Contract Tower,16,2,7,2,27,0,46,40,6,92,16,48,47,8,119,64,0,64,183
10/22/2007,STX,VI,ASO,ES,Federal Contract Tower,15,10,7,0,32,0,47,29,0,76,15,57,36,0,108,4,0,4,112
10/23/2007,STX,VI,ASO,ES,Federal Contract Tower,17,8,11,0,36,0,47,36,3,86,17,55,47,3,122,2,8,10,132
10/24/2007,STX,VI,ASO,ES,Federal Contract Tower,15,8,7,1,31,0,44,35,0,79,15,52,42,1,110,0,0,0,110
10/25/2007,STX,VI,ASO,ES,Federal Contract Tower,17,18,9,4,48,0,37,32,0,69,17,55,41,4,117,0,0,0,117
10/26/2007,STX,VI,ASO,ES,Federal Contract Tower,18,21,19,6,64,0,38,23,0,61,18,59,42,6,125,16,2,18,143
10/27/2007,STX,VI,ASO,ES,Federal Contract Tower,20,12,6,5,43,0,21,7,0,28,20,33,13,5,71,0,0,0,71
10/28/2007,STX,VI,ASO,ES,Federal Contract Tower,17,10,5,8,40,0,30,16,0,46,17,40,21,8,86,52,0,52,138
10/29/2007,STX,VI,ASO,ES,Federal Contract Tower,14,12,9,6,41,0,52,27,4,83,14,64,36,10,124,4,16,20,144
10/30/2007,STX,VI,ASO,ES,Federal Contract Tower,18,9,10,0,37,0,47,46,2,95,18,56,56,2,132,10,8,18,150
10/31/2007,STX,VI,ASO,ES,Federal Contract Tower,16,11,10,2,39,0,45,25,5,75,16,56,35,7,114,40,0,40,154
11/01/2007,STX,VI,ASO,ES,Federal Contract Tower,17,8,9,0,34,0,50,19,0,69,17,58,28,0,103,6,0,6,109
11/02/2007,STX,VI,ASO,ES,Federal Contract Tower,17,15,9,0,41,0,55,35,3,93,17,70,44,3,134,12,2,14,148
11/03/2007,STX,VI,ASO,ES,Federal Contract Tower,19,2,4,1,26,0,56,33,0,89,19,58,37,1,115,74,0,74,189
11/04/2007,STX,VI,ASO,ES,Federal Contract Tower,19,3,2,1,25,0,48,33,0,81,19,51,35,1,106,104,0,104,210
11/05/2007,STX,VI,ASO,ES,Federal Contract Tower,17,10,6,0,33,0,54,25,0,79,17,64,31,0,112,14,0,14,126
11/06/2007,STX,VI,ASO,ES,Federal Contract Tower,17,7,9,0,33,0,50,28,0,78,17,57,37,0,111,48,0,48,159
11/07/2007,STX,VI,ASO,ES,Federal Contract Tower,17,7,6,4,34,0,50,31,0,81,17,57,37,4,115,24,4,28,143
11/08/2007,STX,VI,ASO,ES,Federal Contract Tower,19,6,7,2,34,0,64,30,5,99,19,70,37,7,133,0,0,0,133
11/09/2007,STX,VI,ASO,ES,Federal Contract Tower,19,14,6,3,42,0,60,51,0,111,19,74,57,3,153,42,0,42,195
11/10/2007,STX,VI,ASO,ES,Federal Contract Tower,22,2,2,2,28,0,58,38,0,96,22,60,40,2,124,56,0,56,180
11/11/2007,STX,VI,ASO,ES,Federal Contract Tower,17,2,5,2,26,0,63,34,0,97,17,65,39,2,123,58,0,58,181
11/12/2007,STX,VI,ASO,ES,Federal Contract Tower,18,8,6,1,33,0,65,36,0,101,18,73,42,1,134,32,0,32,166
11/13/2007,STX,VI,ASO,ES,Federal Contract Tower,19,10,15,2,46,0,45,38,3,86,19,55,53,5,132,62,0,62,194
11/14/2007,STX,VI,ASO,ES,Federal Contract Tower,16,9,13,0,38,0,59,39,0,98,16,68,52,0,136,52,0,52,188
11/15/2007,STX,VI,ASO,ES,Federal Contract Tower,19,5,11,2,37,0,62,33,1,96,19,67,44,3,133,24,0,24,157
11/16/2007,STX,VI,ASO,ES,Federal Contract Tower,19,13,13,2,47,0,74,35,0,109,19,87,48,2,156,26,0,26,182
11/17/2007,STX,VI,ASO,ES,Federal Contract Tower,23,2,5,2,32,0,48,30,1,79,23,50,35,3,111,50,14,64,175
11/18/2007,STX,VI,ASO,ES,Federal Contract Tower,19,9,3,4,35,0,50,26,0,76,19,59,29,4,111,98,0,98,209
11/19/2007,STX,VI,ASO,ES,Federal Contract Tower,18,13,16,0,47,0,46,26,0,72,18,59,42,0,119,22,0,22,141
11/20/2007,STX,VI,ASO,ES,Federal Contract Tower,21,8,16,0,45,0,52,43,0,95,21,60,59,0,140,22,0,22,162
11/21/2007,STX,VI,ASO,ES,Federal Contract Tower,19,8,13,1,41,0,65,63,0,128,19,73,76,1,169,10,0,10,179
11/22/2007,STX,VI,ASO,ES,Federal Contract Tower,11,2,0,0,13,0,46,38,0,84,11,48,38,0,97,6,0,6,103
11/23/2007,STX,VI,ASO,ES,Federal Contract Tower,15,5,11,0,31,0,59,33,0,92,15,64,44,0,123,8,0,8,131
11/24/2007,STX,VI,ASO,ES,Federal Contract Tower,23,2,6,0,31,0,56,24,0,80,23,58,30,0,111,12,0,12,123
11/25/2007,STX,VI,ASO,ES,Federal Contract Tower,19,3,9,0,31,0,56,61,0,117,19,59,70,0,148,30,0,30,178
11/26/2007,STX,VI,ASO,ES,Federal Contract Tower,19,7,10,3,39,0,52,39,3,94,19,59,49,6,133,12,6,18,151
11/27/2007,STX,VI,ASO,ES,Federal Contract Tower,19,7,5,2,33,0,54,24,0,78,19,61,29,2,111,20,0,20,131
11/28/2007,STX,VI,ASO,ES,Federal Contract Tower,19,8,7,0,34,0,42,47,0,89,19,50,54,0,123,24,0,24,147
11/29/2007,STX,VI,ASO,ES,Federal Contract Tower,19,6,10,2,37,0,59,41,2,102,19,65,51,4,139,10,0,10,149
11/30/2007,STX,VI,ASO,ES,Federal Contract Tower,20,13,12,3,48,0,65,40,1,106,20,78,52,4,154,10,0,10,164
12/01/2007,STX,VI,ASO,ES,Federal Contract Tower,23,2,3,2,30,0,46,40,0,86,23,48,43,2,116,64,0,64,180
12/02/2007,STX,VI,ASO,ES,Federal Contract Tower,20,2,2,0,24,0,46,24,0,70,20,48,26,0,94,60,0,60,154
12/03/2007,STX,VI,ASO,ES,Federal Contract Tower,19,10,8,1,38,0,54,35,0,89,19,64,43,1,127,30,0,30,157
12/04/2007,STX,VI,ASO,ES,Federal Contract Tower,19,8,8,2,37,0,51,33,0,84,19,59,41,2,121,12,0,12,133
12/05/2007,STX,VI,ASO,ES,Federal Contract Tower,19,8,13,0,40,0,57,20,3,80,19,65,33,3,120,36,6,42,162
12/06/2007,STX,VI,ASO,ES,Federal Contract Tower,19,6,16,5,46,0,66,17,3,86,19,72,33,8,132,22,2,24,156
12/07/2007,STX,VI,ASO,ES,Federal Contract Tower,19,10,7,5,41,0,74,46,2,122,19,84,53,7,163,6,0,6,169
12/08/2007,STX,VI,ASO,ES,Federal Contract Tower,23,3,8,0,34,0,60,25,9,94,23,63,33,9,128,66,8,74,202
12/09/2007,STX,VI,ASO,ES,Federal Contract Tower,19,4,6,0,29,0,58,24,3,85,19,62,30,3,114,52,0,52,166
12/10/2007,STX,VI,ASO,ES,Federal Contract Tower,19,15,12,3,49,0,38,28,1,67,19,53,40,4,116,2,0,2,118
12/11/2007,STX,VI,ASO,ES,Federal Contract Tower,19,7,9,2,37,0,64,34,1,99,19,71,43,3,136,32,10,42,178
12/12/2007,STX,VI,ASO,ES,Federal Contract Tower,19,7,13,5,44,0,57,36,7,100,19,64,49,12,144,22,42,64,208
12/13/2007,STX,VI,ASO,ES,Federal Contract Tower,16,11,11,2,40,0,57,39,0,96,16,68,50,2,136,10,0,10,146
12/14/2007,STX,VI,ASO,ES,Federal Contract Tower,19,12,14,8,53,0,62,32,0,94,19,74,46,8,147,6,0,6,153
12/15/2007,STX,VI,ASO,ES,Federal Contract Tower,24,8,4,5,41,0,66,36,0,102,24,74,40,5,143,50,8,58,201
12/16/2007,STX,VI,ASO,ES,Federal Contract Tower,17,4,7,3,31,0,51,27,0,78,17,55,34,3,109,54,0,54,163
12/17/2007,STX,VI,ASO,ES,Federal Contract Tower,17,12,5,0,34,0,79,52,0,131,17,91,57,0,165,32,0,32,197
12/18/2007,STX,VI,ASO,ES,Federal Contract Tower,17,7,17,0,41,0,75,34,2,111,17,82,51,2,152,72,2,74,226
12/19/2007,STX,VI,ASO,ES,Federal Contract Tower,17,7,7,0,31,0,74,55,0,129,17,81,62,0,160,38,0,38,198
12/20/2007,STX,VI,ASO,ES,Federal Contract Tower,17,7,14,2,40,0,84,50,0,134,17,91,64,2,174,54,0,54,228
12/21/2007,STX,VI,ASO,ES,Federal Contract Tower,17,16,22,3,58,0,89,44,1,134,17,105,66,4,192,2,0,2,194
12/22/2007,STX,VI,ASO,ES,Federal Contract Tower,18,2,11,2,33,0,80,35,2,117,18,82,46,4,150,40,0,40,190
12/23/2007,STX,VI,ASO,ES,Federal Contract Tower,18,4,17,1,40,0,65,36,0,101,18,69,53,1,141,58,0,58,199
12/24/2007,STX,VI,ASO,ES,Federal Contract Tower,12,10,4,0,26,0,64,53,0,117,12,74,57,0,143,12,0,12,155
12/25/2007,STX,VI,ASO,ES,Federal Contract Tower,11,5,0,0,16,0,52,15,0,67,11,57,15,0,83,14,0,14,97
12/26/2007,STX,VI,ASO,ES,Federal Contract Tower,20,6,17,0,43,0,66,49,0,115,20,72,66,0,158,6,0,6,164
12/27/2007,STX,VI,ASO,ES,Federal Contract Tower,17,15,20,0,52,0,62,30,1,93,17,77,50,1,145,0,0,0,145
12/28/2007,STX,VI,ASO,ES,Federal Contract Tower,20,8,17,0,45,0,76,31,0,107,20,84,48,0,152,2,0,2,154
12/29/2007,STX,VI,ASO,ES,Federal Contract Tower,22,4,13,1,40,0,61,18,0,79,22,65,31,1,119,22,0,22,141
12/30/2007,STX,VI,ASO,ES,Federal Contract Tower,19,2,8,2,31,0,72,29,0,101,19,74,37,2,132,62,0,62,194
12/31/2007,STX,VI,ASO,ES,Federal Contract Tower,18,9,6,1,34,0,62,44,0,106,18,71,50,1,140,24,0,24,164
01/01/2008,STX,VI,ASO,ES,Federal Contract Tower,17,7,9,0,33,0,58,10,0,68,17,65,19,0,101,18,0,18,119
01/02/2008,STX,VI,ASO,ES,Federal Contract Tower,18,12,8,0,38,0,76,50,1,127,18,88,58,1,165,28,0,28,193
01/03/2008,STX,VI,ASO,ES,Federal Contract Tower,17,11,9,3,40,0,78,52,0,130,17,89,61,3,170,6,0,6,176
01/04/2008,STX,VI,ASO,ES,Federal Contract Tower,19,6,8,2,35,0,83,32,0,115,19,89,40,2,150,0,0,0,150
01/05/2008,STX,VI,ASO,ES,Federal Contract Tower,19,4,10,4,37,0,69,31,1,101,19,73,41,5,138,14,4,18,156
01/06/2008,STX,VI,ASO,ES,Federal Contract Tower,17,7,16,6,46,0,76,40,0,116,17,83,56,6,162,12,0,12,174
01/07/2008,STX,VI,ASO,ES,Federal Contract Tower,17,7,13,6,43,0,80,39,5,124,17,87,52,11,167,10,0,10,177
01/08/2008,STX,VI,ASO,ES,Federal Contract Tower,15,11,10,2,38,0,65,59,3,127,15,76,69,5,165,40,0,40,205
01/09/2008,STX,VI,ASO,ES,Federal Contract Tower,20,6,5,11,42,0,71,41,0,112,20,77,46,11,154,24,0,24,178
01/10/2008,STX,VI,ASO,ES,Federal Contract Tower,17,6,6,4,33,0,69,26,0,95,17,75,32,4,128,0,0,0,128
01/11/2008,STX,VI,ASO,ES,Federal Contract Tower,17,12,6,3,38,0,68,36,0,104,17,80,42,3,142,0,0,0,142
01/12/2008,STX,VI,ASO,ES,Federal Contract Tower,20,2,5,6,33,0,72,29,4,105,20,74,34,10,138,76,4,80,218
01/13/2008,STX,VI,ASO,ES,Federal Contract Tower,13,2,8,0,23,0,64,22,2,88,13,66,30,2,111,56,0,56,167
01/14/2008,STX,VI,ASO,ES,Federal Contract Tower,18,9,8,1,36,0,67,27,1,95,18,76,35,2,131,16,0,16,147
01/15/2008,STX,VI,ASO,ES,Federal Contract Tower,15,7,6,2,30,0,71,41,0,112,15,78,47,2,142,14,0,14,156
01/16/2008,STX,VI,ASO,ES,Federal Contract Tower,16,14,7,4,41,0,67,52,0,119,16,81,59,4,160,2,18,20,180
01/17/2008,STX,VI,ASO,ES,Federal Contract Tower,13,10,3,8,34,0,70,40,0,110,13,80,43,8,144,20,0,20,164
01/18/2008,STX,VI,ASO,ES,Federal Contract Tower,17,9,12,11,49,0,78,39,0,117,17,87,51,11,166,0,0,0,166
01/19/2008,STX,VI,ASO,ES,Federal Contract Tower,19,4,5,5,33,0,63,33,0,96,19,67,38,5,129,36,0,36,165
01/20/2008,STX,VI,ASO,ES,Federal Contract Tower,15,10,2,2,29,0,53,31,0,84,15,63,33,2,113,94,0,94,207
01/21/2008,STX,VI,ASO,ES,Federal Contract Tower,15,19,17,3,54,0,43,30,0,73,15,62,47,3,127,0,0,0,127
01/22/2008,STX,VI,ASO,ES,Federal Contract Tower,15,10,4,0,29,0,62,42,0,104,15,72,46,0,133,26,0,26,159
01/23/2008,STX,VI,ASO,ES,Federal Contract Tower,16,12,5,1,34,0,59,26,0,85,16,71,31,1,119,18,0,18,137
01/24/2008,STX,VI,ASO,ES,Federal Contract Tower,18,7,9,0,34,0,72,34,5,111,18,79,43,5,145,20,8,28,173
01/25/2008,STX,VI,ASO,ES,Federal Contract Tower,17,12,8,0,37,0,82,35,4,121,17,94,43,4,158,0,0,0,158
01/26/2008,STX,VI,ASO,ES,Federal Contract Tower,17,2,4,0,23,0,58,22,0,80,17,60,26,0,103,0,0,0,103
01/27/2008,STX,VI,ASO,ES,Federal Contract Tower,15,2,4,0,21,0,56,38,0,94,15,58,42,0,115,52,0,52,167
01/28/2008,STX,VI,ASO,ES,Federal Contract Tower,15,10,9,0,34,0,51,31,2,84,15,61,40,2,118,4,4,8,126
01/29/2008,STX,VI,ASO,ES,Federal Contract Tower,15,12,10,0,37,0,57,22,0,79,15,69,32,0,116,4,0,4,120
01/30/2008,STX,VI,ASO,ES,Federal Contract Tower,17,9,7,0,33,0,62,23,0,85,17,71,30,0,118,0,0,0,118
01/31/2008,STX,VI,ASO,ES,Federal Contract Tower,17,11,9,2,39,0,78,31,1,110,17,89,40,3,149,0,2,2,151
02/01/2008,STX,VI,ASO,ES,Federal Contract Tower,17,12,10,2,41,0,83,41,2,126,17,95,51,4,167,6,0,6,173
02/02/2008,STX,VI,ASO,ES,Federal Contract Tower,20,8,3,1,32,0,60,30,0,90,20,68,33,1,122,36,0,36,158
02/03/2008,STX,VI,ASO,ES,Federal Contract Tower,16,9,3,3,31,0,50,17,1,68,16,59,20,4,99,46,2,48,147
02/04/2008,STX,VI,ASO,ES,Federal Contract Tower,19,14,9,1,43,0,48,28,1,77,19,62,37,2,120,20,0,20,140
02/05/2008,STX,VI,ASO,ES,Federal Contract Tower,17,7,14,4,42,0,60,42,0,102,17,67,56,4,144,30,0,30,174
02/06/2008,STX,VI,ASO,ES,Federal Contract Tower,19,11,8,0,38,0,57,29,0,86,19,68,37,0,124,24,0,24,148
02/07/2008,STX,VI,ASO,ES,Federal Contract Tower,17,9,9,1,36,0,68,34,3,105,17,77,43,4,141,20,0,20,161
02/08/2008,STX,VI,ASO,ES,Federal Contract Tower,19,13,14,1,47,0,73,45,0,118,19,86,59,1,165,16,0,16,181
02/09/2008,STX,VI,ASO,ES,Federal Contract Tower,18,9,4,1,32,0,68,24,6,98,18,77,28,7,130,16,0,16,146
02/10/2008,STX,VI,ASO,ES,Federal Contract Tower,13,10,7,4,34,0,51,39,3,93,13,61,46,7,127,58,0,58,185
02/11/2008,STX,VI,ASO,ES,Federal Contract Tower,15,16,4,3,38,0,66,35,0,101,15,82,39,3,139,40,0,40,179
02/12/2008,STX,VI,ASO,ES,Federal Contract Tower,19,7,5,0,31,0,83,18,0,101,19,90,23,0,132,12,0,12,144
02/13/2008,STX,VI,ASO,ES,Federal Contract Tower,19,8,12,0,39,0,71,41,0,112,19,79,53,0,151,6,2,8,159
02/14/2008,STX,VI,ASO,ES,Federal Contract Tower,17,7,10,3,37,0,74,38,1,113,17,81,48,4,150,38,0,38,188
02/15/2008,STX,VI,ASO,ES,Federal Contract Tower,19,16,16,2,53,0,94,101,1,196,19,110,117,3,249,0,0,0,249
02/16/2008,STX,VI,ASO,ES,Federal Contract Tower,21,14,4,1,40,0,70,69,0,139,21,84,73,1,179,24,0,24,203
02/17/2008,STX,VI,ASO,ES,Federal Contract Tower,13,21,8,2,44,0,64,51,0,115,13,85,59,2,159,36,0,36,195
02/18/2008,STX,VI,ASO,ES,Federal Contract Tower,14,9,4,2,29,0,92,103,0,195,14,101,107,2,224,4,0,4,228
02/19/2008,STX,VI,ASO,ES,Federal Contract Tower,16,8,15,1,40,0,94,50,1,145,16,102,65,2,185,0,0,0,185
02/20/2008,STX,VI,ASO,ES,Federal Contract Tower,18,12,9,1,40,0,72,41,5,118,18,84,50,6,158,38,0,38,196
02/21/2008,STX,VI,ASO,ES,Federal Contract Tower,16,7,17,2,42,0,78,57,3,138,16,85,74,5,180,26,0,26,206
02/22/2008,STX,VI,ASO,ES,Federal Contract Tower,19,23,4,5,51,0,64,62,0,126,19,87,66,5,177,10,16,26,203
02/23/2008,STX,VI,ASO,ES,Federal Contract Tower,20,8,7,3,38,0,60,37,0,97,20,68,44,3,135,42,0,42,177
02/24/2008,STX,VI,ASO,ES,Federal Contract Tower,18,3,1,3,25,0,56,55,0,111,18,59,56,3,136,62,0,62,198
02/25/2008,STX,VI,ASO,ES,Federal Contract Tower,17,9,11,1,38,0,69,43,0,112,17,78,54,1,150,12,0,12,162
02/26/2008,STX,VI,ASO,ES,Federal Contract Tower,17,8,7,5,37,0,77,29,5,111,17,85,36,10,148,20,0,20,168
02/27/2008,STX,VI,ASO,ES,Federal Contract Tower,19,7,8,1,35,0,71,48,0,119,19,78,56,1,154,36,0,36,190
02/28/2008,STX,VI,ASO,ES,Federal Contract Tower,17,6,5,3,31,0,90,42,2,134,17,96,47,5,165,16,8,24,189
02/29/2008,STX,VI,ASO,ES,Federal Contract Tower,19,22,9,4,54,0,61,34,1,96,19,83,43,5,150,0,0,0,150
03/01/2008,STX,VI,ASO,ES,Federal Contract Tower,20,11,6,5,42,0,56,15,0,71,20,67,21,5,113,12,0,12,125
03/02/2008,STX,VI,ASO,ES,Federal Contract Tower,17,7,4,10,38,0,63,34,0,97,17,70,38,10,135,6,0,6,141
03/03/2008,STX,VI,ASO,ES,Federal Contract Tower,16,13,8,4,41,0,61,33,1,95,16,74,41,5,136,40,0,40,176
03/04/2008,STX,VI,ASO,ES,Federal Contract Tower,18,17,11,5,51,0,62,30,2,94,18,79,41,7,145,32,2,34,179
03/05/2008,STX,VI,ASO,ES,Federal Contract Tower,19,7,4,0,30,0,73,28,0,101,19,80,32,0,131,0,0,0,131
03/06/2008,STX,VI,ASO,ES,Federal Contract Tower,17,5,7,1,30,0,65,36,0,101,17,70,43,1,131,28,0,28,159
03/07/2008,STX,VI,ASO,ES,Federal Contract Tower,16,21,9,1,47,0,76,41,0,117,16,97,50,1,164,24,0,24,188
03/08/2008,STX,VI,ASO,ES,Federal Contract Tower,21,10,9,2,42,0,62,33,1,96,21,72,42,3,138,32,0,32,170
03/09/2008,STX,VI,ASO,ES,Federal Contract Tower,15,9,7,1,32,0,62,22,0,84,15,71,29,1,116,10,0,10,126
03/10/2008,STX,VI,ASO,ES,Federal Contract Tower,15,16,6,0,37,0,70,25,0,95,15,86,31,0,132,18,2,20,152
03/11/2008,STX,VI,ASO,ES,Federal Contract Tower,12,8,6,0,26,0,73,23,0,96,12,81,29,0,122,8,0,8,130
03/12/2008,STX,VI,ASO,ES,Federal Contract Tower,19,8,10,0,37,0,66,35,0,101,19,74,45,0,138,14,0,14,152
03/13/2008,STX,VI,ASO,ES,Federal Contract Tower,17,7,4,1,29,0,66,37,0,103,17,73,41,1,132,18,0,18,150
03/14/2008,STX,VI,ASO,ES,Federal Contract Tower,20,18,6,4,48,0,68,41,0,109,20,86,47,4,157,6,4,10,167
03/15/2008,STX,VI,ASO,ES,Federal Contract Tower,22,4,13,6,45,0,77,38,1,116,22,81,51,7,161,22,0,22,183
03/16/2008,STX,VI,ASO,ES,Federal Contract Tower,16,8,7,7,38,0,63,31,0,94,16,71,38,7,132,42,8,50,182
03/17/2008,STX,VI,ASO,ES,Federal Contract Tower,18,17,5,2,42,0,68,31,8,107,18,85,36,10,149,40,14,54,203
03/18/2008,STX,VI,ASO,ES,Federal Contract Tower,19,8,9,3,39,0,81,21,0,102,19,89,30,3,141,10,0,10,151
03/19/2008,STX,VI,ASO,ES,Federal Contract Tower,19,11,7,5,42,0,79,31,2,112,19,90,38,7,154,24,0,24,178
03/20/2008,STX,VI,ASO,ES,Federal Contract Tower,17,13,11,0,41,0,81,46,2,129,17,94,57,2,170,20,0,20,190
03/21/2008,STX,VI,ASO,ES,Federal Contract Tower,19,13,10,0,42,0,67,14,0,81,19,80,24,0,123,0,0,0,123
03/22/2008,STX,VI,ASO,ES,Federal Contract Tower,22,6,13,0,41,0,55,29,0,84,22,61,42,0,125,38,0,38,163
03/23/2008,STX,VI,ASO,ES,Federal Contract Tower,18,11,6,0,35,0,55,36,0,91,18,66,42,0,126,48,0,48,174
03/24/2008,STX,VI,ASO,ES,Federal Contract Tower,17,19,7,1,44,0,70,38,0,108,17,89,45,1,152,16,0,16,168
03/25/2008,STX,VI,ASO,ES,Federal Contract Tower,17,18,9,0,44,0,60,24,0,84,17,78,33,0,128,4,0,4,132
03/26/2008,STX,VI,ASO,ES,Federal Contract Tower,20,12,8,0,40,0,67,32,0,99,20,79,40,0,139,6,0,6,145
03/27/2008,STX,VI,ASO,ES,Federal Contract Tower,18,11,12,1,42,0,61,45,0,106,18,72,57,1,148,26,0,26,174
03/28/2008,STX,VI,ASO,ES,Federal Contract Tower,20,19,11,1,51,0,78,48,0,126,20,97,59,1,177,8,0,8,185
03/29/2008,STX,VI,ASO,ES,Federal Contract Tower,21,10,9,2,42,0,65,31,2,98,21,75,40,4,140,24,0,24,164
03/30/2008,STX,VI,ASO,ES,Federal Contract Tower,18,8,12,1,39,0,57,43,0,100,18,65,55,1,139,64,0,64,203
03/31/2008,STX,VI,ASO,ES,Federal Contract Tower,19,22,8,1,50,0,66,42,0,108,19,88,50,1,158,6,0,6,164
04/01/2008,STX,VI,ASO,ES,Federal Contract Tower,18,13,0,0,31,0,66,23,2,91,18,79,23,2,122,4,0,4,126
04/02/2008,STX,VI,ASO,ES,Federal Contract Tower,20,16,7,4,47,0,65,22,2,89,20,81,29,6,136,6,0,6,142
04/03/2008,STX,VI,ASO,ES,Federal Contract Tower,18,24,11,0,53,0,48,32,0,80,18,72,43,0,133,0,0,0,133
04/04/2008,STX,VI,ASO,ES,Federal Contract Tower,20,23,11,0,54,0,63,21,0,84,20,86,32,0,138,18,0,18,156
04/05/2008,STX,VI,ASO,ES,Federal Contract Tower,24,8,8,2,42,0,51,29,0,80,24,59,37,2,122,0,10,10,132
04/06/2008,STX,VI,ASO,ES,Federal Contract Tower,16,11,9,2,38,0,53,33,1,87,16,64,42,3,125,42,0,42,167
04/07/2008,STX,VI,ASO,ES,Federal Contract Tower,15,19,2,1,37,0,55,22,2,79,15,74,24,3,116,4,0,4,120
04/08/2008,STX,VI,ASO,ES,Federal Contract Tower,16,13,3,1,33,0,56,41,6,103,16,69,44,7,136,2,16,18,154
04/09/2008,STX,VI,ASO,ES,Federal Contract Tower,17,8,10,4,39,0,64,30,2,96,17,72,40,6,135,4,0,4,139
04/10/2008,STX,VI,ASO,ES,Federal Contract Tower,15,18,6,0,39,0,56,46,0,102,15,74,52,0,141,14,0,14,155
04/11/2008,STX,VI,ASO,ES,Federal Contract Tower,17,19,6,3,45,0,86,24,4,114,17,105,30,7,159,2,0,2,161
04/12/2008,STX,VI,ASO,ES,Federal Contract Tower,19,8,5,15,47,0,57,29,3,89,19,65,34,18,136,6,2,8,144
04/13/2008,STX,VI,ASO,ES,Federal Contract Tower,15,11,9,8,43,0,55,43,0,98,15,66,52,8,141,64,0,64,205
04/14/2008,STX,VI,ASO,ES,Federal Contract Tower,15,40,8,3,66,0,18,13,0,31,15,58,21,3,97,2,0,2,99
04/15/2008,STX,VI,ASO,ES,Federal Contract Tower,16,17,6,0,39,0,61,28,0,89,16,78,34,0,128,0,0,0,128
04/16/2008,STX,VI,ASO,ES,Federal Contract Tower,19,11,7,7,44,0,62,28,3,93,19,73,35,10,137,6,16,22,159
04/17/2008,STX,VI,ASO,ES,Federal Contract Tower,15,14,7,5,41,0,77,40,2,119,15,91,47,7,160,6,0,6,166
04/18/2008,STX,VI,ASO,ES,Federal Contract Tower,16,28,4,0,48,0,77,32,3,112,16,105,36,3,160,8,0,8,168
04/19/2008,STX,VI,ASO,ES,Federal Contract Tower,19,10,1,5,35,0,57,34,2,93,19,67,35,7,128,10,0,10,138
04/20/2008,STX,VI,ASO,ES,Federal Contract Tower,15,8,2,2,27,0,59,26,0,85,15,67,28,2,112,66,0,66,178
04/21/2008,STX,VI,ASO,ES,Federal Contract Tower,16,17,2,2,37,0,60,41,0,101,16,77,43,2,138,46,0,46,184
04/22/2008,STX,VI,ASO,ES,Federal Contract Tower,16,12,2,0,30,0,59,43,0,102,16,71,45,0,132,8,0,8,140
04/23/2008,STX,VI,ASO,ES,Federal Contract Tower,17,9,5,1,32,0,56,45,0,101,17,65,50,1,133,14,0,14,147
04/24/2008,STX,VI,ASO,ES,Federal Contract Tower,15,10,5,1,31,0,66,33,1,100,15,76,38,2,131,22,0,22,153
04/25/2008,STX,VI,ASO,ES,Federal Contract Tower,16,23,8,3,50,0,58,42,0,100,16,81,50,3,150,16,0,16,166
04/26/2008,STX,VI,ASO,ES,Federal Contract Tower,20,15,6,3,44,0,42,22,0,64,20,57,28,3,108,28,0,28,136
04/27/2008,STX,VI,ASO,ES,Federal Contract Tower,15,9,7,1,32,0,64,47,0,111,15,73,54,1,143,46,0,46,189
04/28/2008,STX,VI,ASO,ES,Federal Contract Tower,16,13,5,0,34,0,69,45,0,114,16,82,50,0,148,2,0,2,150
04/29/2008,STX,VI,ASO,ES,Federal Contract Tower,16,10,11,1,38,0,48,30,1,79,16,58,41,2,117,30,8,38,155
04/30/2008,STX,VI,ASO,ES,Federal Contract Tower,18,12,10,0,40,0,52,49,1,102,18,64,59,1,142,38,0,38,180
05/01/2008,STX,VI,ASO,ES,Federal Contract Tower,20,12,20,0,52,0,55,43,2,100,20,67,63,2,152,32,4,36,188
05/02/2008,STX,VI,ASO,ES,Federal Contract Tower,18,13,15,2,48,0,58,28,2,88,18,71,43,4,136,0,10,10,146
05/03/2008,STX,VI,ASO,ES,Federal Contract Tower,20,4,1,1,26,0,55,22,0,77,20,59,23,1,103,42,0,42,145
05/04/2008,STX,VI,ASO,ES,Federal Contract Tower,19,2,6,3,30,0,59,24,0,83,19,61,30,3,113,22,0,22,135
05/05/2008,STX,VI,ASO,ES,Federal Contract Tower,19,17,5,0,41,0,64,50,0,114,19,81,55,0,155,36,0,36,191
05/06/2008,STX,VI,ASO,ES,Federal Contract Tower,19,14,10,0,43,0,52,26,0,78,19,66,36,0,121,4,0,4,125
05/07/2008,STX,VI,ASO,ES,Federal Contract Tower,19,10,12,0,41,0,55,28,0,83,19,65,40,0,124,10,0,10,134
05/08/2008,STX,VI,ASO,ES,Federal Contract Tower,19,19,4,1,43,0,53,38,0,91,19,72,42,1,134,12,0,12,146
05/09/2008,STX,VI,ASO,ES,Federal Contract Tower,20,17,6,2,45,0,63,42,0,105,20,80,48,2,150,6,0,6,156
05/10/2008,STX,VI,ASO,ES,Federal Contract Tower,20,2,3,3,28,0,46,32,0,78,20,48,35,3,106,18,0,18,124
05/11/2008,STX,VI,ASO,ES,Federal Contract Tower,20,2,2,2,26,0,54,33,1,88,20,56,35,3,114,20,0,20,134
05/12/2008,STX,VI,ASO,ES,Federal Contract Tower,19,16,2,1,38,0,54,30,0,84,19,70,32,1,122,6,0,6,128
05/13/2008,STX,VI,ASO,ES,Federal Contract Tower,20,11,4,1,36,0,56,46,0,102,20,67,50,1,138,18,0,18,156
05/14/2008,STX,VI,ASO,ES,Federal Contract Tower,22,10,7,2,41,0,52,34,0,86,22,62,41,2,127,12,0,12,139
05/15/2008,STX,VI,ASO,ES,Federal Contract Tower,19,11,8,2,40,0,57,39,0,96,19,68,47,2,136,36,0,36,172
05/16/2008,STX,VI,ASO,ES,Federal Contract Tower,19,17,4,4,44,0,75,43,2,120,19,92,47,6,164,20,0,20,184
05/17/2008,STX,VI,ASO,ES,Federal Contract Tower,19,2,4,6,31,0,51,31,4,86,19,53,35,10,117,28,2,30,147
05/18/2008,STX,VI,ASO,ES,Federal Contract Tower,19,2,4,4,29,0,58,28,0,86,19,60,32,4,115,82,0,82,197
05/19/2008,STX,VI,ASO,ES,Federal Contract Tower,20,15,8,2,45,0,53,40,2,95,20,68,48,4,140,10,0,10,150
05/20/2008,STX,VI,ASO,ES,Federal Contract Tower,18,12,2,0,32,0,48,37,4,89,18,60,39,4,121,12,4,16,137
05/21/2008,STX,VI,ASO,ES,Federal Contract Tower,20,14,11,1,46,0,58,48,0,106,20,72,59,1,152,28,0,28,180
05/22/2008,STX,VI,ASO,ES,Federal Contract Tower,21,14,7,4,46,0,58,30,4,92,21,72,37,8,138,22,10,32,170
05/23/2008,STX,VI,ASO,ES,Federal Contract Tower,20,13,6,2,41,0,70,47,3,120,20,83,53,5,161,6,12,18,179
05/24/2008,STX,VI,ASO,ES,Federal Contract Tower,15,2,5,0,22,0,51,32,1,84,15,53,37,1,106,6,0,6,112
05/25/2008,STX,VI,ASO,ES,Federal Contract Tower,13,2,4,2,21,0,51,30,1,82,13,53,34,3,103,20,0,20,123
05/26/2008,STX,VI,ASO,ES,Federal Contract Tower,13,6,1,2,22,0,58,33,0,91,13,64,34,2,113,2,0,2,115
05/27/2008,STX,VI,ASO,ES,Federal Contract Tower,19,10,3,2,34,0,42,40,1,83,19,52,43,3,117,8,16,24,141
05/28/2008,STX,VI,ASO,ES,Federal Contract Tower,21,12,12,0,45,0,45,29,4,78,21,57,41,4,123,4,0,4,127
05/29/2008,STX,VI,ASO,ES,Federal Contract Tower,19,11,5,0,35,0,52,39,3,94,19,63,44,3,129,12,0,12,141
05/30/2008,STX,VI,ASO,ES,Federal Contract Tower,17,15,7,2,41,0,70,58,1,129,17,85,65,3,170,4,0,4,174
05/31/2008,STX,VI,ASO,ES,Federal Contract Tower,20,2,1,0,23,0,54,28,0,82,20,56,29,0,105,30,0,30,135
06/01/2008,STX,VI,ASO,ES,Federal Contract Tower,18,6,5,1,30,0,41,39,0,80,18,47,44,1,110,34,0,34,144
06/02/2008,STX,VI,ASO,ES,Federal Contract Tower,20,15,1,1,37,0,51,28,0,79,20,66,29,1,116,26,0,26,142
06/03/2008,STX,VI,ASO,ES,Federal Contract Tower,19,15,3,0,37,0,40,44,0,84,19,55,47,0,121,0,0,0,121
06/04/2008,STX,VI,ASO,ES,Federal Contract Tower,22,10,6,0,38,0,39,40,1,80,22,49,46,1,118,20,0,20,138
06/05/2008,STX,VI,ASO,ES,Federal Contract Tower,21,11,3,0,35,0,52,34,0,86,21,63,37,0,121,4,0,4,125
06/06/2008,STX,VI,ASO,ES,Federal Contract Tower,19,15,4,0,38,0,72,34,0,106,19,87,38,0,144,4,0,4,148
06/07/2008,STX,VI,ASO,ES,Federal Contract Tower,21,3,1,3,28,0,45,35,2,82,21,48,36,5,110,30,6,36,146
06/08/2008,STX,VI,ASO,ES,Federal Contract Tower,20,2,6,5,33,0,33,34,4,71,20,35,40,9,104,22,0,22,126
06/09/2008,STX,VI,ASO,ES,Federal Contract Tower,19,14,4,1,38,0,54,28,7,89,19,68,32,8,127,10,4,14,141
06/10/2008,STX,VI,ASO,ES,Federal Contract Tower,20,12,6,1,39,0,50,38,7,95,20,62,44,8,134,18,42,60,194
06/11/2008,STX,VI,ASO,ES,Federal Contract Tower,21,10,5,2,38,0,48,44,5,97,21,58,49,7,135,34,30,64,199
06/12/2008,STX,VI,ASO,ES,Federal Contract Tower,20,12,4,2,38,0,60,42,3,105,20,72,46,5,143,24,8,32,175
06/13/2008,STX,VI,ASO,ES,Federal Contract Tower,20,13,1,1,35,0,62,42,11,115,20,75,43,12,150,2,0,2,152
06/14/2008,STX,VI,ASO,ES,Federal Contract Tower,22,4,2,0,28,0,48,26,2,76,22,52,28,2,104,0,0,0,104
06/15/2008,STX,VI,ASO,ES,Federal Contract Tower,19,2,4,0,25,0,46,40,0,86,19,48,44,0,111,36,0,36,147
06/16/2008,STX,VI,ASO,ES,Federal Contract Tower,18,13,2,3,36,0,46,25,6,77,18,59,27,9,113,6,6,12,125
06/17/2008,STX,VI,ASO,ES,Federal Contract Tower,19,13,5,3,40,0,53,53,6,112,19,66,58,9,152,10,0,10,162
06/18/2008,STX,VI,ASO,ES,Federal Contract Tower,21,9,9,2,41,0,41,45,7,93,21,50,54,9,134,14,2,16,150
06/19/2008,STX,VI,ASO,ES,Federal Contract Tower,21,10,6,3,40,0,53,34,2,89,21,63,40,5,129,4,0,4,133
06/20/2008,STX,VI,ASO,ES,Federal Contract Tower,20,16,6,4,46,0,71,42,4,117,20,87,48,8,163,8,0,8,171
06/21/2008,STX,VI,ASO,ES,Federal Contract Tower,22,2,5,1,30,0,44,38,2,84,22,46,43,3,114,32,0,32,146
06/22/2008,STX,VI,ASO,ES,Federal Contract Tower,20,3,2,2,27,0,39,28,6,73,20,42,30,8,100,28,0,28,128
06/23/2008,STX,VI,ASO,ES,Federal Contract Tower,20,15,7,4,46,0,47,36,3,86,20,62,43,7,132,4,0,4,136
06/24/2008,STX,VI,ASO,ES,Federal Contract Tower,18,14,8,0,40,0,39,35,2,76,18,53,43,2,116,8,0,8,124
06/25/2008,STX,VI,ASO,ES,Federal Contract Tower,22,10,8,8,48,0,48,41,0,89,22,58,49,8,137,8,0,8,145
06/26/2008,STX,VI,ASO,ES,Federal Contract Tower,19,12,5,8,44,0,41,45,1,87,19,53,50,9,131,34,0,34,165
06/27/2008,STX,VI,ASO,ES,Federal Contract Tower,21,13,6,10,50,0,67,48,2,117,21,80,54,12,167,22,0,22,189
06/28/2008,STX,VI,ASO,ES,Federal Contract Tower,21,7,2,7,37,0,34,26,2,62,21,41,28,9,99,12,0,12,111
06/29/2008,STX,VI,ASO,ES,Federal Contract Tower,17,2,2,1,22,0,39,35,0,74,17,41,37,1,96,14,0,14,110
06/30/2008,STX,VI,ASO,ES,Federal Contract Tower,19,17,5,3,44,0,42,28,1,71,19,59,33,4,115,4,0,4,119
07/01/2008,STX,VI,ASO,ES,Federal Contract Tower,19,11,10,2,42,0,53,29,3,85,19,64,39,5,127,16,2,18,145
07/02/2008,STX,VI,ASO,ES,Federal Contract Tower,22,9,3,3,37,0,42,30,0,72,22,51,33,3,109,16,0,16,125
07/03/2008,STX,VI,ASO,ES,Federal Contract Tower,19,12,2,1,34,0,60,50,0,110,19,72,52,1,144,0,0,0,144
07/04/2008,STX,VI,ASO,ES,Federal Contract Tower,14,4,2,1,21,0,44,26,0,70,14,48,28,1,91,0,0,0,91
07/05/2008,STX,VI,ASO,ES,Federal Contract Tower,22,6,7,0,35,0,42,16,0,58,22,48,23,0,93,16,0,16,109
07/06/2008,STX,VI,ASO,ES,Federal Contract Tower,19,4,8,0,31,0,46,46,0,92,19,50,54,0,123,48,0,48,171
07/07/2008,STX,VI,ASO,ES,Federal Contract Tower,18,11,5,0,34,0,46,26,0,72,18,57,31,0,106,2,0,2,108
07/08/2008,STX,VI,ASO,ES,Federal Contract Tower,20,10,4,0,34,0,47,36,0,83,20,57,40,0,117,0,0,0,117
07/09/2008,STX,VI,ASO,ES,Federal Contract Tower,21,8,6,0,35,0,42,33,6,81,21,50,39,6,116,34,0,34,150
07/10/2008,STX,VI,ASO,ES,Federal Contract Tower,19,9,0,2,30,0,48,39,0,87,19,57,39,2,117,0,0,0,117
07/11/2008,STX,VI,ASO,ES,Federal Contract Tower,19,13,6,1,39,0,45,50,8,103,19,58,56,9,142,0,0,0,142
07/12/2008,STX,VI,ASO,ES,Federal Contract Tower,22,4,5,4,35,0,39,35,0,74,22,43,40,4,109,26,0,26,135
07/13/2008,STX,VI,ASO,ES,Federal Contract Tower,20,4,1,3,28,0,30,25,0,55,20,34,26,3,83,24,0,24,107
07/14/2008,STX,VI,ASO,ES,Federal Contract Tower,20,12,6,0,38,0,50,28,0,78,20,62,34,0,116,20,0,20,136
07/15/2008,STX,VI,ASO,ES,Federal Contract Tower,18,17,4,5,44,0,43,31,0,74,18,60,35,5,118,6,0,6,124
07/16/2008,STX,VI,ASO,ES,Federal Contract Tower,23,9,6,2,40,0,46,18,41,105,23,55,24,43,145,2,4,6,151
07/17/2008,STX,VI,ASO,ES,Federal Contract Tower,20,11,7,3,41,0,51,26,2,79,20,62,33,5,120,0,4,4,124
07/18/2008,STX,VI,ASO,ES,Federal Contract Tower,20,16,9,4,49,0,65,41,0,106,20,81,50,4,155,14,0,14,169
07/19/2008,STX,VI,ASO,ES,Federal Contract Tower,22,4,3,5,34,0,38,39,0,77,22,42,42,5,111,20,0,20,131
07/20/2008,STX,VI,ASO,ES,Federal Contract Tower,19,4,2,4,29,0,38,29,0,67,19,42,31,4,96,20,0,20,116
07/21/2008,STX,VI,ASO,ES,Federal Contract Tower,21,12,5,0,38,0,52,31,0,83,21,64,36,0,121,8,0,8,129
07/22/2008,STX,VI,ASO,ES,Federal Contract Tower,21,11,5,0,37,0,46,34,0,80,21,57,39,0,117,0,0,0,117
07/23/2008,STX,VI,ASO,ES,Federal Contract Tower,20,11,5,2,38,0,49,45,0,94,20,60,50,2,132,0,0,0,132
07/24/2008,STX,VI,ASO,ES,Federal Contract Tower,20,11,5,2,38,0,49,45,0,94,20,60,50,2,132,0,0,0,132
07/25/2008,STX,VI,ASO,ES,Federal Contract Tower,20,15,3,3,41,0,67,30,0,97,20,82,33,3,138,12,0,12,150
07/26/2008,STX,VI,ASO,ES,Federal Contract Tower,22,4,1,7,34,0,42,37,0,79,22,46,38,7,113,14,14,28,141
07/27/2008,STX,VI,ASO,ES,Federal Contract Tower,20,4,4,3,31,0,38,34,2,74,20,42,38,5,105,36,6,42,147
07/28/2008,STX,VI,ASO,ES,Federal Contract Tower,20,11,2,1,34,0,51,35,2,88,20,62,37,3,122,4,0,4,126
07/29/2008,STX,VI,ASO,ES,Federal Contract Tower,19,13,2,0,34,0,53,37,1,91,19,66,39,1,125,0,0,0,125
07/30/2008,STX,VI,ASO,ES,Federal Contract Tower,22,10,8,0,40,0,48,36,0,84,22,58,44,0,124,10,0,10,134
07/31/2008,STX,VI,ASO,ES,Federal Contract Tower,20,16,2,1,39,0,48,29,0,77,20,64,31,1,116,4,0,4,120
08/01/2008,STX,VI,ASO,ES,Federal Contract Tower,22,14,1,1,38,0,71,37,0,108,22,85,38,1,146,0,0,0,146
08/02/2008,STX,VI,ASO,ES,Federal Contract Tower,22,10,6,0,38,0,43,17,0,60,22,53,23,0,98,0,0,0,98
08/03/2008,STX,VI,ASO,ES,Federal Contract Tower,20,4,3,0,27,0,49,55,0,104,20,53,58,0,131,14,0,14,145
08/04/2008,STX,VI,ASO,ES,Federal Contract Tower,20,10,4,0,34,0,55,29,0,84,20,65,33,0,118,0,0,0,118
08/05/2008,STX,VI,ASO,ES,Federal Contract Tower,19,12,5,0,36,0,57,38,0,95,19,69,43,0,131,20,0,20,151
08/06/2008,STX,VI,ASO,ES,Federal Contract Tower,22,9,11,0,42,0,44,45,0,89,22,53,56,0,131,50,0,50,181
08/07/2008,STX,VI,ASO,ES,Federal Contract Tower,19,11,1,0,31,0,54,50,0,104,19,65,51,0,135,34,0,34,169
08/08/2008,STX,VI,ASO,ES,Federal Contract Tower,20,14,3,0,37,0,64,37,5,106,20,78,40,5,143,16,0,16,159
08/09/2008,STX,VI,ASO,ES,Federal Contract Tower,20,7,1,2,30,0,51,35,6,92,20,58,36,8,122,26,10,36,158
08/10/2008,STX,VI,ASO,ES,Federal Contract Tower,21,8,3,3,35,0,54,32,5,91,21,62,35,8,126,40,22,62,188
08/11/2008,STX,VI,ASO,ES,Federal Contract Tower,20,13,1,0,34,0,60,43,7,110,20,73,44,7,144,26,0,26,170
08/12/2008,STX,VI,ASO,ES,Federal Contract Tower,19,11,2,3,35,0,53,32,1,86,19,64,34,4,121,0,0,0,121
08/13/2008,STX,VI,ASO,ES,Federal Contract Tower,22,12,5,0,39,0,43,23,8,74,22,55,28,8,113,60,0,60,173
08/14/2008,STX,VI,ASO,ES,Federal Contract Tower,19,14,9,2,44,0,39,23,0,62,19,53,32,2,106,36,0,36,142
08/15/2008,STX,VI,ASO,ES,Federal Contract Tower,18,18,15,6,57,0,38,30,2,70,18,56,45,8,127,0,0,0,127
08/16/2008,STX,VI,ASO,ES,Federal Contract Tower,23,4,2,3,32,0,40,30,0,70,23,44,32,3,102,46,0,46,148
08/17/2008,STX,VI,ASO,ES,Federal Contract Tower,18,4,5,4,31,0,47,37,4,88,18,51,42,8,119,112,0,112,231
08/18/2008,STX,VI,ASO,ES,Federal Contract Tower,20,15,6,1,42,0,51,38,2,91,20,66,44,3,133,6,0,6,139
08/19/2008,STX,VI,ASO,ES,Federal Contract Tower,20,12,4,2,38,0,41,38,0,79,20,53,42,2,117,32,0,32,149
08/20/2008,STX,VI,ASO,ES,Federal Contract Tower,20,8,5,1,34,0,43,35,6,84,20,51,40,7,118,6,0,6,124
08/21/2008,STX,VI,ASO,ES,Federal Contract Tower,20,10,2,1,33,0,53,44,0,97,20,63,46,1,130,0,0,0,130
08/22/2008,STX,VI,ASO,ES,Federal Contract Tower,20,13,6,1,40,0,51,32,0,83,20,64,38,1,123,10,0,10,133
08/23/2008,STX,VI,ASO,ES,Federal Contract Tower,22,4,5,4,35,0,46,21,2,69,22,50,26,6,104,0,12,12,116
08/24/2008,STX,VI,ASO,ES,Federal Contract Tower,20,5,6,3,34,0,37,31,0,68,20,42,37,3,102,22,0,22,124
08/25/2008,STX,VI,ASO,ES,Federal Contract Tower,18,14,6,0,38,0,46,30,0,76,18,60,36,0,114,12,0,12,126
08/26/2008,STX,VI,ASO,ES,Federal Contract Tower,18,10,3,4,35,0,38,37,0,75,18,48,40,4,110,24,0,24,134
08/27/2008,STX,VI,ASO,ES,Federal Contract Tower,18,10,5,0,33,0,34,30,0,64,18,44,35,0,97,18,0,18,115
08/28/2008,STX,VI,ASO,ES,Federal Contract Tower,20,10,7,5,42,0,35,41,2,78,20,45,48,7,120,8,4,12,132
08/29/2008,STX,VI,ASO,ES,Federal Contract Tower,20,18,4,2,44,0,40,43,0,83,20,58,47,2,127,2,0,2,129
08/30/2008,STX,VI,ASO,ES,Federal Contract Tower,12,4,4,3,23,0,42,19,0,61,12,46,23,3,84,6,2,8,92
08/31/2008,STX,VI,ASO,ES,Federal Contract Tower,8,4,4,2,18,0,46,20,0,66,8,50,24,2,84,12,0,12,96
09/01/2008,STX,VI,ASO,ES,Federal Contract Tower,12,2,2,1,17,0,35,33,0,68,12,37,35,1,85,0,0,0,85
09/02/2008,STX,VI,ASO,ES,Federal Contract Tower,12,18,6,0,36,0,37,14,0,51,12,55,20,0,87,4,0,4,91
09/03/2008,STX,VI,ASO,ES,Federal Contract Tower,9,11,12,3,35,0,24,14,0,38,9,35,26,3,73,0,0,0,73
09/04/2008,STX,VI,ASO,ES,Federal Contract Tower,7,10,11,0,28,0,34,30,0,64,7,44,41,0,92,6,0,6,98
09/05/2008,STX,VI,ASO,ES,Federal Contract Tower,8,15,8,3,34,0,49,35,0,84,8,64,43,3,118,0,0,0,118
09/06/2008,STX,VI,ASO,ES,Federal Contract Tower,10,4,4,3,21,0,46,42,0,88,10,50,46,3,109,22,0,22,131
09/07/2008,STX,VI,ASO,ES,Federal Contract Tower,7,3,0,4,14,0,40,37,2,79,7,43,37,6,93,44,0,44,137
09/08/2008,STX,VI,ASO,ES,Federal Contract Tower,5,15,9,4,33,0,32,19,0,51,5,47,28,4,84,0,0,0,84
09/09/2008,STX,VI,ASO,ES,Federal Contract Tower,7,10,6,1,24,7,41,33,2,83,14,51,39,3,107,20,0,20,127
09/10/2008,STX,VI,ASO,ES,Federal Contract Tower,5,9,3,2,19,0,35,39,2,76,5,44,42,4,95,4,0,4,99
09/11/2008,STX,VI,ASO,ES,Federal Contract Tower,7,10,2,2,21,0,35,45,0,80,7,45,47,2,101,18,0,18,119
09/12/2008,STX,VI,ASO,ES,Federal Contract Tower,7,15,10,3,35,0,45,32,0,77,7,60,42,3,112,10,0,10,122
09/13/2008,STX,VI,ASO,ES,Federal Contract Tower,8,2,2,0,12,0,36,39,2,77,8,38,41,2,89,60,10,70,159
09/14/2008,STX,VI,ASO,ES,Federal Contract Tower,7,2,2,0,11,0,32,29,0,61,7,34,31,0,72,40,0,40,112
09/15/2008,STX,VI,ASO,ES,Federal Contract Tower,5,14,3,0,22,0,42,39,2,83,5,56,42,2,105,28,0,28,133
09/16/2008,STX,VI,ASO,ES,Federal Contract Tower,7,10,11,0,28,7,46,59,4,116,14,56,70,4,144,52,0,52,196
09/17/2008,STX,VI,ASO,ES,Federal Contract Tower,5,11,11,0,27,0,35,39,0,74,5,46,50,0,101,68,0,68,169
09/18/2008,STX,VI,ASO,ES,Federal Contract Tower,7,10,6,0,23,0,51,46,0,97,7,61,52,0,120,44,0,44,164
09/19/2008,STX,VI,ASO,ES,Federal Contract Tower,7,14,2,0,23,0,41,35,0,76,7,55,37,0,99,14,0,14,113
09/20/2008,STX,VI,ASO,ES,Federal Contract Tower,9,3,5,1,18,0,43,28,0,71,9,46,33,1,89,8,8,16,105
09/21/2008,STX,VI,ASO,ES,Federal Contract Tower,7,20,2,4,33,0,20,6,0,26,7,40,8,4,59,0,0,0,59
09/22/2008,STX,VI,ASO,ES,Federal Contract Tower,5,22,15,2,44,0,23,16,0,39,5,45,31,2,83,0,0,0,83
09/23/2008,STX,VI,ASO,ES,Federal Contract Tower,9,12,10,2,33,9,51,34,2,96,18,63,44,4,129,34,0,34,163
09/24/2008,STX,VI,ASO,ES,Federal Contract Tower,5,10,11,3,29,0,44,52,1,97,5,54,63,4,126,75,22,97,223
09/25/2008,STX,VI,ASO,ES,Federal Contract Tower,8,9,2,3,22,0,41,39,2,82,8,50,41,5,104,10,0,10,114
09/26/2008,STX,VI,ASO,ES,Federal Contract Tower,8,11,4,3,26,0,52,48,1,101,8,63,52,4,127,0,0,0,127
09/27/2008,STX,VI,ASO,ES,Federal Contract Tower,9,3,2,4,18,0,40,23,0,63,9,43,25,4,81,0,0,0,81
09/28/2008,STX,VI,ASO,ES,Federal Contract Tower,7,2,3,3,15,0,40,46,0,86,7,42,49,3,101,22,0,22,123
09/29/2008,STX,VI,ASO,ES,Federal Contract Tower,5,14,0,2,21,0,42,37,0,79,5,56,37,2,100,0,0,0,100
09/30/2008,STX,VI,ASO,ES,Federal Contract Tower,7,10,8,0,25,7,63,34,0,104,14,73,42,0,129,20,0,20,149
10/01/2008,STX,VI,ASO,ES,Federal Contract Tower,5,10,5,2,22,0,53,42,0,95,5,63,47,2,117,48,0,48,165
10/02/2008,STX,VI,ASO,ES,Federal Contract Tower,7,13,3,0,23,0,48,38,0,86,7,61,41,0,109,20,0,20,129
10/03/2008,STX,VI,ASO,ES,Federal Contract Tower,7,17,1,0,25,0,49,37,2,88,7,66,38,2,113,2,0,2,115
10/04/2008,STX,VI,ASO,ES,Federal Contract Tower,9,6,6,1,22,0,43,21,0,64,9,49,27,1,86,30,0,30,116
10/05/2008,STX,VI,ASO,ES,Federal Contract Tower,7,4,4,1,16,0,49,31,0,80,7,53,35,1,96,26,0,26,122
10/06/2008,STX,VI,ASO,ES,Federal Contract Tower,5,14,5,0,24,0,51,36,6,93,5,65,41,6,117,4,26,30,147
10/07/2008,STX,VI,ASO,ES,Federal Contract Tower,8,9,4,0,21,8,53,41,0,102,16,62,45,0,123,46,0,46,169
10/08/2008,STX,VI,ASO,ES,Federal Contract Tower,5,13,2,1,21,0,47,26,7,80,5,60,28,8,101,0,0,0,101
10/09/2008,STX,VI,ASO,ES,Federal Contract Tower,9,10,0,1,20,0,48,40,2,90,9,58,40,3,110,22,0,22,132
10/10/2008,STX,VI,ASO,ES,Federal Contract Tower,7,14,4,1,26,0,55,47,2,104,7,69,51,3,130,0,0,0,130
10/11/2008,STX,VI,ASO,ES,Federal Contract Tower,8,8,4,0,20,0,36,24,0,60,8,44,28,0,80,0,0,0,80
10/12/2008,STX,VI,ASO,ES,Federal Contract Tower,8,9,2,0,19,0,34,31,0,65,8,43,33,0,84,4,0,4,88
10/13/2008,STX,VI,ASO,ES,Federal Contract Tower,6,16,3,3,28,0,37,37,0,74,6,53,40,3,102,4,0,4,106
10/14/2008,STX,VI,ASO,ES,Federal Contract Tower,7,17,9,4,37,7,53,41,4,105,14,70,50,8,142,4,0,4,146
10/15/2008,STX,VI,ASO,ES,Federal Contract Tower,3,4,9,5,21,0,2,13,0,15,3,6,22,5,36,2,0,2,38
10/16/2008,STX,VI,ASO,ES,Federal Contract Tower,4,5,2,0,11,0,7,62,4,73,4,12,64,4,84,0,0,0,84
10/17/2008,STX,VI,ASO,ES,Federal Contract Tower,8,19,1,2,30,0,44,53,5,102,8,63,54,7,132,2,0,2,134
10/18/2008,STX,VI,ASO,ES,Federal Contract Tower,9,9,5,3,26,0,50,26,5,81,9,59,31,8,107,16,0,16,123
10/19/2008,STX,VI,ASO,ES,Federal Contract Tower,7,2,2,1,12,0,50,30,4,84,7,52,32,5,96,24,0,24,120
10/20/2008,STX,VI,ASO,ES,Federal Contract Tower,4,15,1,0,20,0,44,38,0,82,4,59,39,0,102,0,0,0,102
10/21/2008,STX,VI,ASO,ES,Federal Contract Tower,9,13,1,2,25,9,65,44,2,120,18,78,45,4,145,16,4,20,165
10/22/2008,STX,VI,ASO,ES,Federal Contract Tower,0,38,36,3,77,5,14,4,1,24,5,52,40,4,101,6,0,6,107
10/23/2008,STX,VI,ASO,ES,Federal Contract Tower,7,13,1,2,23,0,41,36,2,79,7,54,37,4,102,0,0,0,102
10/24/2008,STX,VI,ASO,ES,Federal Contract Tower,7,14,6,1,28,0,54,47,0,101,7,68,53,1,129,16,0,16,145
10/25/2008,STX,VI,ASO,ES,Federal Contract Tower,8,1,0,2,11,0,60,32,6,98,8,61,32,8,109,58,0,58,167
10/26/2008,STX,VI,ASO,ES,Federal Contract Tower,7,6,0,0,13,0,44,29,4,77,7,50,29,4,90,38,2,40,130
10/27/2008,STX,VI,ASO,ES,Federal Contract Tower,5,12,4,0,21,0,50,30,0,80,5,62,34,0,101,42,0,42,143
10/28/2008,STX,VI,ASO,ES,Federal Contract Tower,7,12,2,1,22,7,72,44,1,124,14,84,46,2,146,26,20,46,192
10/29/2008,STX,VI,ASO,ES,Federal Contract Tower,5,14,3,0,22,0,45,37,4,86,5,59,40,4,108,38,0,38,146
10/30/2008,STX,VI,ASO,ES,Federal Contract Tower,7,14,1,0,22,0,49,49,2,100,7,63,50,2,122,44,0,44,166
10/31/2008,STX,VI,ASO,ES,Federal Contract Tower,6,19,6,0,31,0,57,34,0,91,6,76,40,0,122,16,0,16,138
11/01/2008,STX,VI,ASO,ES,Federal Contract Tower,9,3,1,1,14,0,47,29,1,77,9,50,30,2,91,40,12,52,143
11/02/2008,STX,VI,ASO,ES,Federal Contract Tower,9,4,1,2,16,0,49,56,0,105,9,53,57,2,121,30,0,30,151
11/03/2008,STX,VI,ASO,ES,Federal Contract Tower,9,12,1,1,23,0,45,45,0,90,9,57,46,1,113,32,0,32,145
11/04/2008,STX,VI,ASO,ES,Federal Contract Tower,9,7,2,0,18,9,58,45,0,112,18,65,47,0,130,30,0,30,160
11/05/2008,STX,VI,ASO,ES,Federal Contract Tower,8,11,3,2,24,0,57,50,2,109,8,68,53,4,133,38,0,38,171
11/06/2008,STX,VI,ASO,ES,Federal Contract Tower,9,14,4,1,28,0,43,41,0,84,9,57,45,1,112,2,0,2,114
11/07/2008,STX,VI,ASO,ES,Federal Contract Tower,8,21,2,6,37,0,55,66,0,121,8,76,68,6,158,20,0,20,178
11/08/2008,STX,VI,ASO,ES,Federal Contract Tower,13,3,1,3,20,0,61,56,3,120,13,64,57,6,140,14,0,14,154
11/09/2008,STX,VI,ASO,ES,Federal Contract Tower,7,3,3,2,15,0,70,38,1,109,7,73,41,3,124,52,0,52,176
11/10/2008,STX,VI,ASO,ES,Federal Contract Tower,8,10,5,0,23,0,57,45,4,106,8,67,50,4,129,20,0,20,149
11/11/2008,STX,VI,ASO,ES,Federal Contract Tower,8,8,1,1,18,8,57,36,5,106,16,65,37,6,124,50,0,50,174
11/12/2008,STX,VI,ASO,ES,Federal Contract Tower,8,10,1,1,20,0,45,37,1,83,8,55,38,2,103,24,0,24,127
11/13/2008,STX,VI,ASO,ES,Federal Contract Tower,9,7,6,1,23,0,49,35,1,85,9,56,41,2,108,6,0,6,114
11/14/2008,STX,VI,ASO,ES,Federal Contract Tower,9,14,5,0,28,0,60,51,0,111,9,74,56,0,139,0,0,0,139
11/15/2008,STX,VI,ASO,ES,Federal Contract Tower,8,3,5,1,17,0,56,29,0,85,8,59,34,1,102,0,0,0,102
11/16/2008,STX,VI,ASO,ES,Federal Contract Tower,10,6,3,2,21,0,47,31,0,78,10,53,34,2,99,6,0,6,105
11/17/2008,STX,VI,ASO,ES,Federal Contract Tower,8,20,2,0,30,0,45,43,0,88,8,65,45,0,118,68,0,68,186
11/18/2008,STX,VI,ASO,ES,Federal Contract Tower,8,12,3,3,26,0,41,50,0,91,8,53,53,3,117,30,0,30,147
11/19/2008,STX,VI,ASO,ES,Federal Contract Tower,8,10,6,5,29,0,47,58,1,106,8,57,64,6,135,104,2,106,241
11/20/2008,STX,VI,ASO,ES,Federal Contract Tower,9,10,2,6,27,0,67,40,0,107,9,77,42,6,134,14,0,14,148
11/21/2008,STX,VI,ASO,ES,Federal Contract Tower,8,11,3,2,24,0,51,32,5,88,8,62,35,7,112,0,0,0,112
11/22/2008,STX,VI,ASO,ES,Federal Contract Tower,11,6,6,3,26,0,48,41,0,89,11,54,47,3,115,14,0,14,129
11/23/2008,STX,VI,ASO,ES,Federal Contract Tower,11,8,0,7,26,0,47,28,0,75,11,55,28,7,101,50,0,50,151
11/24/2008,STX,VI,ASO,ES,Federal Contract Tower,9,17,5,0,31,0,45,33,1,79,9,62,38,1,110,4,0,4,114
11/25/2008,STX,VI,ASO,ES,Federal Contract Tower,8,14,3,1,26,0,55,39,0,94,8,69,42,1,120,14,0,14,134
11/26/2008,STX,VI,ASO,ES,Federal Contract Tower,9,10,3,0,22,0,52,39,2,93,9,62,42,2,115,0,0,0,115
11/27/2008,STX,VI,ASO,ES,Federal Contract Tower,9,2,0,0,11,0,32,28,0,60,9,34,28,0,71,0,0,0,71
11/28/2008,STX,VI,ASO,ES,Federal Contract Tower,8,8,0,0,16,0,43,40,0,83,8,51,40,0,99,2,0,2,101
11/29/2008,STX,VI,ASO,ES,Federal Contract Tower,12,3,5,2,22,0,50,32,0,82,12,53,37,2,104,14,0,14,118
11/30/2008,STX,VI,ASO,ES,Federal Contract Tower,9,3,3,1,16,0,58,53,0,111,9,61,56,1,127,6,0,6,133
12/01/2008,STX,VI,ASO,ES,Federal Contract Tower,8,12,6,2,28,0,52,36,3,91,8,64,42,5,119,8,0,8,127
12/02/2008,STX,VI,ASO,ES,Federal Contract Tower,9,12,3,0,24,68,36,0,0,104,77,48,3,0,128,2,0,2,130
12/03/2008,STX,VI,ASO,ES,Federal Contract Tower,9,17,7,0,33,0,51,41,0,92,9,68,48,0,125,18,0,18,143
12/04/2008,STX,VI,ASO,ES,Federal Contract Tower,9,22,8,0,39,0,53,41,0,94,9,75,49,0,133,6,0,6,139
12/05/2008,STX,VI,ASO,ES,Federal Contract Tower,9,13,7,2,31,0,59,40,0,99,9,72,47,2,130,12,0,12,142
12/06/2008,STX,VI,ASO,ES,Federal Contract Tower,12,2,2,1,17,0,51,37,1,89,12,53,39,2,106,6,6,12,118
12/07/2008,STX,VI,ASO,ES,Federal Contract Tower,11,10,9,2,32,0,44,40,1,85,11,54,49,3,117,0,20,20,137
12/08/2008,STX,VI,ASO,ES,Federal Contract Tower,8,13,3,1,25,0,60,41,0,101,8,73,44,1,126,6,0,6,132
12/09/2008,STX,VI,ASO,ES,Federal Contract Tower,6,17,6,1,30,0,51,38,0,89,6,68,44,1,119,10,0,10,129
12/10/2008,STX,VI,ASO,ES,Federal Contract Tower,9,13,7,1,30,0,47,34,0,81,9,60,41,1,111,10,0,10,121
12/11/2008,STX,VI,ASO,ES,Federal Contract Tower,9,10,5,1,25,0,54,66,3,123,9,64,71,4,148,38,0,38,186
12/12/2008,STX,VI,ASO,ES,Federal Contract Tower,9,12,7,3,31,0,58,41,0,99,9,70,48,3,130,0,0,0,130
12/13/2008,STX,VI,ASO,ES,Federal Contract Tower,10,2,5,3,20,0,60,42,1,103,10,62,47,4,123,10,10,20,143
12/14/2008,STX,VI,ASO,ES,Federal Contract Tower,9,2,4,6,21,0,53,34,0,87,9,55,38,6,108,16,0,16,124
12/15/2008,STX,VI,ASO,ES,Federal Contract Tower,9,13,4,0,26,0,44,44,0,88,9,57,48,0,114,16,0,16,130
12/16/2008,STX,VI,ASO,ES,Federal Contract Tower,9,12,6,0,27,0,53,45,0,98,9,65,51,0,125,6,0,6,131
12/17/2008,STX,VI,ASO,ES,Federal Contract Tower,8,11,6,0,25,0,53,44,6,103,8,64,50,6,128,22,0,22,150
12/18/2008,STX,VI,ASO,ES,Federal Contract Tower,11,11,4,1,27,0,57,52,0,109,11,68,56,1,136,0,0,0,136
12/19/2008,STX,VI,ASO,ES,Federal Contract Tower,11,17,6,4,38,0,65,57,0,122,11,82,63,4,160,16,0,16,176
12/20/2008,STX,VI,ASO,ES,Federal Contract Tower,16,3,4,2,25,0,59,49,2,110,16,62,53,4,135,6,0,6,141
12/21/2008,STX,VI,ASO,ES,Federal Contract Tower,15,5,4,4,28,0,57,50,0,107,15,62,54,4,135,46,0,46,181
12/22/2008,STX,VI,ASO,ES,Federal Contract Tower,10,12,7,1,30,0,54,37,1,92,10,66,44,2,122,16,0,16,138
12/23/2008,STX,VI,ASO,ES,Federal Contract Tower,11,13,5,0,29,0,74,43,0,117,11,87,48,0,146,0,0,0,146
12/24/2008,STX,VI,ASO,ES,Federal Contract Tower,12,11,7,0,30,0,63,37,9,109,12,74,44,9,139,6,0,6,145
12/25/2008,STX,VI,ASO,ES,Federal Contract Tower,11,3,0,0,14,0,49,26,10,85,11,52,26,10,99,0,0,0,99
12/26/2008,STX,VI,ASO,ES,Federal Contract Tower,13,12,9,0,34,0,62,40,3,105,13,74,49,3,139,14,0,14,153
12/27/2008,STX,VI,ASO,ES,Federal Contract Tower,14,6,7,0,27,0,45,28,0,73,14,51,35,0,100,0,0,0,100
12/28/2008,STX,VI,ASO,ES,Federal Contract Tower,16,5,4,1,26,0,53,48,0,101,16,58,52,1,127,6,0,6,133
12/29/2008,STX,VI,ASO,ES,Federal Contract Tower,10,27,8,1,46,0,55,48,6,109,10,82,56,7,155,20,0,20,175
12/30/2008,STX,VI,ASO,ES,Federal Contract Tower,11,14,2,0,27,0,73,47,2,122,11,87,49,2,149,20,0,20,169
12/31/2008,STX,VI,ASO,ES,Federal Contract Tower,12,6,1,1,20,0,69,43,2,114,12,75,44,3,134,20,0,20,154
01/01/2009,STX,VI,ASO,ES,Federal Contract Tower,11,2,4,0,17,0,49,28,0,77,11,51,32,0,94,64,0,64,158
01/02/2009,STX,VI,ASO,ES,Federal Contract Tower,12,8,12,1,33,0,59,50,0,109,12,67,62,1,142,0,0,0,142
01/03/2009,STX,VI,ASO,ES,Federal Contract Tower,15,20,11,1,47,0,42,54,0,96,15,62,65,1,143,34,0,34,177
01/04/2009,STX,VI,ASO,ES,Federal Contract Tower,12,4,5,0,21,0,72,48,0,120,12,76,53,0,141,28,0,28,169
01/05/2009,STX,VI,ASO,ES,Federal Contract Tower,13,13,3,0,29,0,65,45,0,110,13,78,48,0,139,34,0,34,173
01/06/2009,STX,VI,ASO,ES,Federal Contract Tower,9,4,12,0,25,0,59,41,2,102,9,63,53,2,127,18,0,18,145
01/07/2009,STX,VI,ASO,ES,Federal Contract Tower,14,12,4,0,30,56,50,0,0,106,70,62,4,0,136,20,0,20,156
01/08/2009,STX,VI,ASO,ES,Federal Contract Tower,11,10,6,1,28,0,53,42,0,95,11,63,48,1,123,0,0,0,123
01/09/2009,STX,VI,ASO,ES,Federal Contract Tower,11,12,3,0,26,0,53,46,0,99,11,65,49,0,125,0,0,0,125
01/10/2009,STX,VI,ASO,ES,Federal Contract Tower,16,3,4,4,27,0,44,24,1,69,16,47,28,5,96,6,10,16,112
01/11/2009,STX,VI,ASO,ES,Federal Contract Tower,13,8,5,7,33,0,58,29,0,87,13,66,34,7,120,44,0,44,164
01/12/2009,STX,VI,ASO,ES,Federal Contract Tower,9,14,2,4,29,0,59,55,0,114,9,73,57,4,143,10,0,10,153
01/13/2009,STX,VI,ASO,ES,Federal Contract Tower,9,8,2,1,20,0,57,39,2,98,9,65,41,3,118,10,6,16,134
01/14/2009,STX,VI,ASO,ES,Federal Contract Tower,11,10,6,1,28,0,52,46,0,98,11,62,52,1,126,16,0,16,142
01/15/2009,STX,VI,ASO,ES,Federal Contract Tower,9,11,2,3,25,0,47,50,0,97,9,58,52,3,122,24,0,24,146
01/16/2009,STX,VI,ASO,ES,Federal Contract Tower,8,24,9,1,42,0,54,42,0,96,8,78,51,1,138,4,0,4,142
01/17/2009,STX,VI,ASO,ES,Federal Contract Tower,15,10,7,3,35,0,36,41,3,80,15,46,48,6,115,52,8,60,175
01/18/2009,STX,VI,ASO,ES,Federal Contract Tower,8,4,1,5,18,0,42,33,3,78,8,46,34,8,96,32,4,36,132
01/19/2009,STX,VI,ASO,ES,Federal Contract Tower,8,5,1,2,16,0,54,32,0,86,8,59,33,2,102,4,2,6,108
01/20/2009,STX,VI,ASO,ES,Federal Contract Tower,8,11,2,2,23,0,53,29,1,83,8,64,31,3,106,14,0,14,120
01/21/2009,STX,VI,ASO,ES,Federal Contract Tower,10,16,6,6,38,0,42,26,0,68,10,58,32,6,106,0,0,0,106
01/22/2009,STX,VI,ASO,ES,Federal Contract Tower,8,15,5,4,32,0,48,42,5,95,8,63,47,9,127,42,4,46,173
01/23/2009,STX,VI,ASO,ES,Federal Contract Tower,9,15,2,3,29,0,67,48,4,119,9,82,50,7,148,32,0,32,180
01/24/2009,STX,VI,ASO,ES,Federal Contract Tower,14,2,2,5,23,0,45,36,1,82,14,47,38,6,105,22,0,22,127
01/25/2009,STX,VI,ASO,ES,Federal Contract Tower,11,2,1,2,16,0,46,34,4,84,11,48,35,6,100,44,0,44,144
01/26/2009,STX,VI,ASO,ES,Federal Contract Tower,8,14,2,1,25,0,55,37,0,92,8,69,39,1,117,60,0,60,177
01/27/2009,STX,VI,ASO,ES,Federal Contract Tower,8,8,3,3,22,0,39,36,4,79,8,47,39,7,101,42,0,42,143
01/28/2009,STX,VI,ASO,ES,Federal Contract Tower,11,9,6,2,28,0,37,45,2,84,11,46,51,4,112,62,0,62,174
01/29/2009,STX,VI,ASO,ES,Federal Contract Tower,8,9,0,3,20,0,45,33,0,78,8,54,33,3,98,10,0,10,108
01/30/2009,STX,VI,ASO,ES,Federal Contract Tower,9,14,2,3,28,0,60,60,0,120,9,74,62,3,148,14,0,14,162
01/31/2009,STX,VI,ASO,ES,Federal Contract Tower,16,5,4,4,29,0,37,21,0,58,16,42,25,4,87,42,0,42,129
02/01/2009,STX,VI,ASO,ES,Federal Contract Tower,10,3,2,0,15,0,45,40,0,85,10,48,42,0,100,42,0,42,142
02/02/2009,STX,VI,ASO,ES,Federal Contract Tower,8,12,4,0,24,0,45,28,0,73,8,57,32,0,97,44,0,44,141
02/03/2009,STX,VI,ASO,ES,Federal Contract Tower,7,10,1,2,20,0,46,33,0,79,7,56,34,2,99,20,0,20,119
02/04/2009,STX,VI,ASO,ES,Federal Contract Tower,11,8,3,3,25,0,47,30,1,78,11,55,33,4,103,52,36,88,191
02/05/2009,STX,VI,ASO,ES,Federal Contract Tower,9,11,3,0,23,0,44,44,6,94,9,55,47,6,117,6,8,14,131
02/06/2009,STX,VI,ASO,ES,Federal Contract Tower,8,16,7,6,37,0,44,43,3,90,8,60,50,9,127,2,22,24,151
02/07/2009,STX,VI,ASO,ES,Federal Contract Tower,16,3,1,7,27,0,43,37,9,89,16,46,38,16,116,22,50,72,188
02/08/2009,STX,VI,ASO,ES,Federal Contract Tower,12,5,7,4,28,0,35,21,3,59,12,40,28,7,87,8,0,8,95
02/09/2009,STX,VI,ASO,ES,Federal Contract Tower,8,19,5,2,34,0,34,31,12,77,8,53,36,14,111,2,2,4,115
02/10/2009,STX,VI,ASO,ES,Federal Contract Tower,7,21,2,2,32,0,40,33,9,82,7,61,35,11,114,0,16,16,130
02/11/2009,STX,VI,ASO,ES,Federal Contract Tower,11,9,11,2,33,0,50,31,8,89,11,59,42,10,122,0,6,6,128
02/12/2009,STX,VI,ASO,ES,Federal Contract Tower,8,10,7,4,29,0,56,54,7,117,8,66,61,11,146,8,0,8,154
02/13/2009,STX,VI,ASO,ES,Federal Contract Tower,10,15,5,2,32,0,68,83,7,158,10,83,88,9,190,18,0,18,208
02/14/2009,STX,VI,ASO,ES,Federal Contract Tower,14,2,6,0,22,0,46,70,0,116,14,48,76,0,138,26,0,26,164
02/15/2009,STX,VI,ASO,ES,Federal Contract Tower,15,11,8,2,36,0,38,61,2,101,15,49,69,4,137,18,2,20,157
02/16/2009,STX,VI,ASO,ES,Federal Contract Tower,9,6,5,3,23,0,66,80,0,146,9,72,85,3,169,4,0,4,173
02/17/2009,STX,VI,ASO,ES,Federal Contract Tower,8,8,3,1,20,0,42,66,2,110,8,50,69,3,130,28,0,28,158
02/18/2009,STX,VI,ASO,ES,Federal Contract Tower,10,9,5,2,26,0,42,40,1,83,10,51,45,3,109,10,54,64,173
02/19/2009,STX,VI,ASO,ES,Federal Contract Tower,9,25,28,3,65,0,27,36,1,64,9,52,64,4,129,8,0,8,137
02/20/2009,STX,VI,ASO,ES,Federal Contract Tower,10,14,5,1,30,0,45,60,0,105,10,59,65,1,135,0,0,0,135
02/21/2009,STX,VI,ASO,ES,Federal Contract Tower,15,2,5,2,24,0,47,51,1,99,15,49,56,3,123,28,0,28,151
02/22/2009,STX,VI,ASO,ES,Federal Contract Tower,13,3,1,5,22,0,39,43,1,83,13,42,44,6,105,0,0,0,105
02/23/2009,STX,VI,ASO,ES,Federal Contract Tower,9,15,2,0,26,0,41,35,2,78,9,56,37,2,104,2,0,2,106
02/24/2009,STX,VI,ASO,ES,Federal Contract Tower,9,11,3,2,25,0,46,51,0,97,9,57,54,2,122,2,0,2,124
02/25/2009,STX,VI,ASO,ES,Federal Contract Tower,11,10,3,3,27,0,38,42,2,82,11,48,45,5,109,4,10,14,123
02/26/2009,STX,VI,ASO,ES,Federal Contract Tower,9,8,3,3,23,0,59,52,2,113,9,67,55,5,136,8,2,10,146
02/27/2009,STX,VI,ASO,ES,Federal Contract Tower,10,12,3,3,28,0,60,49,1,110,10,72,52,4,138,10,0,10,148
02/28/2009,STX,VI,ASO,ES,Federal Contract Tower,15,2,7,3,27,0,62,22,5,89,15,64,29,8,116,8,36,44,160
03/01/2009,STX,VI,ASO,ES,Federal Contract Tower,14,2,0,3,19,0,61,26,0,87,14,63,26,3,106,10,0,10,116
03/02/2009,STX,VI,ASO,ES,Federal Contract Tower,9,15,6,2,32,0,57,30,1,88,9,72,36,3,120,16,20,36,156
03/03/2009,STX,VI,ASO,ES,Federal Contract Tower,8,21,5,2,36,0,41,30,0,71,8,62,35,2,107,34,30,64,171
03/04/2009,STX,VI,ASO,ES,Federal Contract Tower,11,18,8,5,42,0,42,31,3,76,11,60,39,8,118,14,10,24,142
03/05/2009,STX,VI,ASO,ES,Federal Contract Tower,9,26,10,2,47,0,31,26,1,58,9,57,36,3,105,2,46,48,153
03/06/2009,STX,VI,ASO,ES,Federal Contract Tower,11,17,7,3,38,0,26,16,1,43,11,43,23,4,81,0,0,0,81
03/07/2009,STX,VI,ASO,ES,Federal Contract Tower,14,4,4,3,25,0,35,26,2,63,14,39,30,5,88,4,0,4,92
03/08/2009,STX,VI,ASO,ES,Federal Contract Tower,15,2,1,4,22,0,56,22,1,79,15,58,23,5,101,0,0,0,101
03/09/2009,STX,VI,ASO,ES,Federal Contract Tower,9,14,1,0,24,0,61,26,2,89,9,75,27,2,113,2,0,2,115
03/10/2009,STX,VI,ASO,ES,Federal Contract Tower,8,8,1,1,18,0,64,40,0,104,8,72,41,1,122,50,0,50,172
03/11/2009,STX,VI,ASO,ES,Federal Contract Tower,11,6,4,1,22,0,52,31,0,83,11,58,35,1,105,36,0,36,141
03/12/2009,STX,VI,ASO,ES,Federal Contract Tower,8,6,4,1,19,0,64,31,0,95,8,70,35,1,114,4,0,4,118
03/13/2009,STX,VI,ASO,ES,Federal Contract Tower,11,18,10,2,41,0,59,32,0,91,11,77,42,2,132,0,0,0,132
03/14/2009,STX,VI,ASO,ES,Federal Contract Tower,16,3,5,1,25,0,63,17,1,81,16,66,22,2,106,2,0,2,108
03/15/2009,STX,VI,ASO,ES,Federal Contract Tower,15,8,4,2,29,0,45,38,3,86,15,53,42,5,115,0,0,0,115
03/16/2009,STX,VI,ASO,ES,Federal Contract Tower,8,28,9,0,45,0,38,17,0,55,8,66,26,0,100,0,0,0,100
03/17/2009,STX,VI,ASO,ES,Federal Contract Tower,9,11,3,0,23,0,62,34,0,96,9,73,37,0,119,0,0,0,119
03/18/2009,STX,VI,ASO,ES,Federal Contract Tower,11,7,6,1,25,0,55,35,5,95,11,62,41,6,120,4,0,4,124
03/19/2009,STX,VI,ASO,ES,Federal Contract Tower,10,9,2,1,22,0,65,37,0,102,10,74,39,1,124,0,0,0,124
03/20/2009,STX,VI,ASO,ES,Federal Contract Tower,13,10,10,1,34,0,69,32,0,101,13,79,42,1,135,4,0,4,139
03/21/2009,STX,VI,ASO,ES,Federal Contract Tower,17,3,4,5,29,0,50,35,5,90,17,53,39,10,119,46,12,58,177
03/22/2009,STX,VI,ASO,ES,Federal Contract Tower,13,4,4,4,25,0,42,22,0,64,13,46,26,4,89,16,0,16,105
03/23/2009,STX,VI,ASO,ES,Federal Contract Tower,10,13,3,4,30,0,47,21,0,68,10,60,24,4,98,0,0,0,98
03/24/2009,STX,VI,ASO,ES,Federal Contract Tower,8,10,2,0,20,0,59,27,0,86,8,69,29,0,106,0,0,0,106
03/25/2009,STX,VI,ASO,ES,Federal Contract Tower,12,10,1,2,25,0,51,39,0,90,12,61,40,2,115,0,0,0,115
03/26/2009,STX,VI,ASO,ES,Federal Contract Tower,9,13,3,2,27,0,52,41,0,93,9,65,44,2,120,20,0,20,140
03/27/2009,STX,VI,ASO,ES,Federal Contract Tower,11,10,3,3,27,0,69,50,0,119,11,79,53,3,146,12,0,12,158
03/28/2009,STX,VI,ASO,ES,Federal Contract Tower,16,2,2,0,20,0,51,20,0,71,16,53,22,0,91,52,0,52,143
03/29/2009,STX,VI,ASO,ES,Federal Contract Tower,12,4,2,2,20,0,62,26,0,88,12,66,28,2,108,6,0,6,114
03/30/2009,STX,VI,ASO,ES,Federal Contract Tower,8,11,5,0,24,0,52,44,0,96,8,63,49,0,120,8,0,8,128
03/31/2009,STX,VI,ASO,ES,Federal Contract Tower,8,16,6,4,34,0,44,21,3,68,8,60,27,7,102,8,60,68,170
04/01/2009,STX,VI,ASO,ES,Federal Contract Tower,10,11,2,0,23,0,54,35,0,89,10,65,37,0,112,0,0,0,112
04/02/2009,STX,VI,ASO,ES,Federal Contract Tower,9,10,2,1,22,0,54,30,2,86,9,64,32,3,108,14,0,14,122
04/03/2009,STX,VI,ASO,ES,Federal Contract Tower,11,12,2,2,27,0,66,32,3,101,11,78,34,5,128,0,0,0,128
04/04/2009,STX,VI,ASO,ES,Federal Contract Tower,18,2,3,3,26,0,64,13,3,80,18,66,16,6,106,8,0,8,114
04/05/2009,STX,VI,ASO,ES,Federal Contract Tower,14,2,2,5,23,0,52,31,1,84,14,54,33,6,107,4,0,4,111
04/06/2009,STX,VI,ASO,ES,Federal Contract Tower,8,8,3,0,19,0,63,25,1,89,8,71,28,1,108,8,6,14,122
04/07/2009,STX,VI,ASO,ES,Federal Contract Tower,12,9,4,1,26,0,54,33,0,87,12,63,37,1,113,0,0,0,113
04/08/2009,STX,VI,ASO,ES,Federal Contract Tower,12,11,4,4,31,0,49,28,2,79,12,60,32,6,110,0,16,16,126
04/09/2009,STX,VI,ASO,ES,Federal Contract Tower,10,11,2,2,25,0,65,37,0,102,10,76,39,2,127,14,0,14,141
04/10/2009,STX,VI,ASO,ES,Federal Contract Tower,15,2,3,1,21,0,50,23,0,73,15,52,26,1,94,30,0,30,124
04/11/2009,STX,VI,ASO,ES,Federal Contract Tower,16,2,0,0,18,0,53,21,0,74,16,55,21,0,92,0,0,0,92
04/12/2009,STX,VI,ASO,ES,Federal Contract Tower,15,4,5,0,24,0,56,27,2,85,15,60,32,2,109,0,0,0,109
04/13/2009,STX,VI,ASO,ES,Federal Contract Tower,12,10,3,0,25,0,58,40,0,98,12,68,43,0,123,12,0,12,135
04/14/2009,STX,VI,ASO,ES,Federal Contract Tower,10,6,0,2,18,0,48,36,0,84,10,54,36,2,102,0,0,0,102
04/15/2009,STX,VI,ASO,ES,Federal Contract Tower,14,8,3,0,25,0,47,19,6,72,14,55,22,6,97,2,10,12,109
04/16/2009,STX,VI,ASO,ES,Federal Contract Tower,12,7,3,1,23,0,60,32,2,94,12,67,35,3,117,48,8,56,173
04/17/2009,STX,VI,ASO,ES,Federal Contract Tower,15,9,1,4,29,0,59,48,1,108,15,68,49,5,137,14,8,22,159
04/18/2009,STX,VI,ASO,ES,Federal Contract Tower,16,2,4,3,25,0,47,31,0,78,16,49,35,3,103,4,0,4,107
04/19/2009,STX,VI,ASO,ES,Federal Contract Tower,14,2,3,3,22,0,53,25,0,78,14,55,28,3,100,2,0,2,102
04/20/2009,STX,VI,ASO,ES,Federal Contract Tower,12,8,2,2,24,0,60,30,7,97,12,68,32,9,121,16,2,18,139
04/21/2009,STX,VI,ASO,ES,Federal Contract Tower,10,10,7,4,31,0,43,31,0,74,10,53,38,4,105,0,0,0,105
04/22/2009,STX,VI,ASO,ES,Federal Contract Tower,14,9,5,0,28,0,55,32,0,87,14,64,37,0,115,16,0,16,131
04/23/2009,STX,VI,ASO,ES,Federal Contract Tower,12,11,2,3,28,0,66,45,1,112,12,77,47,4,140,38,0,38,178
04/24/2009,STX,VI,ASO,ES,Federal Contract Tower,12,12,2,2,28,0,65,44,0,109,12,77,46,2,137,14,0,14,151
04/25/2009,STX,VI,ASO,ES,Federal Contract Tower,16,4,6,3,29,0,61,22,10,93,16,65,28,13,122,12,0,12,134
04/26/2009,STX,VI,ASO,ES,Federal Contract Tower,12,2,3,0,17,0,59,15,2,76,12,61,18,2,93,4,0,4,97
04/27/2009,STX,VI,ASO,ES,Federal Contract Tower,12,11,1,1,25,0,63,31,4,98,12,74,32,5,123,8,4,12,135
04/28/2009,STX,VI,ASO,ES,Federal Contract Tower,12,8,4,4,28,0,55,35,6,96,12,63,39,10,124,22,0,22,146
04/29/2009,STX,VI,ASO,ES,Federal Contract Tower,14,10,7,1,32,0,51,39,0,90,14,61,46,1,122,8,0,8,130
04/30/2009,STX,VI,ASO,ES,Federal Contract Tower,12,11,12,2,37,0,49,43,0,92,12,60,55,2,129,36,0,36,165
05/01/2009,STX,VI,ASO,ES,Federal Contract Tower,14,11,5,1,31,0,71,67,0,138,14,82,72,1,169,0,0,0,169
05/02/2009,STX,VI,ASO,ES,Federal Contract Tower,18,5,5,1,29,0,46,32,0,78,18,51,37,1,107,2,0,2,109
05/03/2009,STX,VI,ASO,ES,Federal Contract Tower,14,2,2,0,18,0,63,42,0,105,14,65,44,0,123,0,0,0,123
05/04/2009,STX,VI,ASO,ES,Federal Contract Tower,15,25,8,0,48,0,39,36,2,77,15,64,44,2,125,0,12,12,137
05/05/2009,STX,VI,ASO,ES,Federal Contract Tower,14,10,7,0,31,0,35,41,4,80,14,45,48,4,111,0,0,0,111
05/06/2009,STX,VI,ASO,ES,Federal Contract Tower,16,12,7,2,37,0,38,22,0,60,16,50,29,2,97,10,0,10,107
05/07/2009,STX,VI,ASO,ES,Federal Contract Tower,14,17,6,1,38,0,42,30,0,72,14,59,36,1,110,14,0,14,124
05/08/2009,STX,VI,ASO,ES,Federal Contract Tower,14,14,3,1,32,0,63,38,0,101,14,77,41,1,133,12,0,12,145
05/09/2009,STX,VI,ASO,ES,Federal Contract Tower,17,3,1,3,24,0,47,19,2,68,17,50,20,5,92,28,16,44,136
05/10/2009,STX,VI,ASO,ES,Federal Contract Tower,15,2,2,1,20,0,44,21,0,65,15,46,23,1,85,34,0,34,119
05/11/2009,STX,VI,ASO,ES,Federal Contract Tower,14,18,5,1,38,0,41,30,2,73,14,59,35,3,111,30,0,30,141
05/12/2009,STX,VI,ASO,ES,Federal Contract Tower,14,13,10,2,39,0,38,27,0,65,14,51,37,2,104,24,0,24,128
05/13/2009,STX,VI,ASO,ES,Federal Contract Tower,16,14,11,3,44,0,41,29,2,72,16,55,40,5,116,22,32,54,170
05/14/2009,STX,VI,ASO,ES,Federal Contract Tower,14,10,1,3,28,0,59,42,0,101,14,69,43,3,129,56,0,56,185
05/15/2009,STX,VI,ASO,ES,Federal Contract Tower,13,12,3,2,30,0,51,47,0,98,13,63,50,2,128,22,0,22,150
05/16/2009,STX,VI,ASO,ES,Federal Contract Tower,16,3,2,2,23,0,34,33,2,69,16,37,35,4,92,42,0,42,134
05/17/2009,STX,VI,ASO,ES,Federal Contract Tower,14,2,4,6,26,0,40,30,0,70,14,42,34,6,96,2,0,2,98
05/18/2009,STX,VI,ASO,ES,Federal Contract Tower,14,21,10,0,45,0,26,18,0,44,14,47,28,0,89,0,0,0,89
05/19/2009,STX,VI,ASO,ES,Federal Contract Tower,14,15,9,2,40,0,35,32,0,67,14,50,41,2,107,0,0,0,107
05/20/2009,STX,VI,ASO,ES,Federal Contract Tower,17,10,5,2,34,0,41,33,0,74,17,51,38,2,108,2,0,2,110
05/21/2009,STX,VI,ASO,ES,Federal Contract Tower,14,13,4,3,34,0,55,33,0,88,14,68,37,3,122,8,0,8,130
05/22/2009,STX,VI,ASO,ES,Federal Contract Tower,14,14,8,4,40,0,61,41,0,102,14,75,49,4,142,8,0,8,150
05/23/2009,STX,VI,ASO,ES,Federal Contract Tower,14,4,0,2,20,0,45,44,0,89,14,49,44,2,109,32,0,32,141
05/24/2009,STX,VI,ASO,ES,Federal Contract Tower,14,6,0,0,20,0,43,24,0,67,14,49,24,0,87,0,0,0,87
05/25/2009,STX,VI,ASO,ES,Federal Contract Tower,14,3,3,1,21,0,60,31,0,91,14,63,34,1,112,0,2,2,114
05/26/2009,STX,VI,ASO,ES,Federal Contract Tower,15,17,2,0,34,0,40,26,2,68,15,57,28,2,102,14,2,16,118
05/27/2009,STX,VI,ASO,ES,Federal Contract Tower,16,9,2,1,28,0,42,40,1,83,16,51,42,2,111,16,2,18,129
05/28/2009,STX,VI,ASO,ES,Federal Contract Tower,12,14,9,6,41,0,46,51,0,97,12,60,60,6,138,18,2,20,158
05/29/2009,STX,VI,ASO,ES,Federal Contract Tower,14,15,5,1,35,0,54,42,0,96,14,69,47,1,131,18,0,18,149
05/30/2009,STX,VI,ASO,ES,Federal Contract Tower,14,4,1,3,22,0,38,29,0,67,14,42,30,3,89,16,0,16,105
05/31/2009,STX,VI,ASO,ES,Federal Contract Tower,12,2,1,3,18,0,40,34,1,75,12,42,35,4,93,0,0,0,93
06/01/2009,STX,VI,ASO,ES,Federal Contract Tower,14,10,8,2,34,0,44,24,0,68,14,54,32,2,102,6,0,6,108
06/02/2009,STX,VI,ASO,ES,Federal Contract Tower,12,20,1,0,33,0,35,30,0,65,12,55,31,0,98,4,0,4,102
06/03/2009,STX,VI,ASO,ES,Federal Contract Tower,16,21,7,2,46,0,30,28,0,58,16,51,35,2,104,6,0,6,110
06/04/2009,STX,VI,ASO,ES,Federal Contract Tower,14,12,3,2,31,0,39,30,3,72,14,51,33,5,103,8,0,8,111
06/05/2009,STX,VI,ASO,ES,Federal Contract Tower,14,8,3,8,33,0,50,41,0,91,14,58,44,8,124,0,0,0,124
06/06/2009,STX,VI,ASO,ES,Federal Contract Tower,16,3,3,1,23,0,36,18,2,56,16,39,21,3,79,0,0,0,79
06/07/2009,STX,VI,ASO,ES,Federal Contract Tower,14,4,3,3,24,0,39,27,1,67,14,43,30,4,91,0,0,0,91
06/08/2009,STX,VI,ASO,ES,Federal Contract Tower,14,13,3,3,33,0,35,31,2,68,14,48,34,5,101,2,0,2,103
06/09/2009,STX,VI,ASO,ES,Federal Contract Tower,14,16,1,1,32,0,39,38,0,77,14,55,39,1,109,10,0,10,119
06/10/2009,STX,VI,ASO,ES,Federal Contract Tower,16,12,8,0,36,0,42,31,7,80,16,54,39,7,116,0,16,16,132
06/11/2009,STX,VI,ASO,ES,Federal Contract Tower,16,17,10,1,44,0,43,41,5,89,16,60,51,6,133,0,14,14,147
06/12/2009,STX,VI,ASO,ES,Federal Contract Tower,13,11,7,0,31,0,58,50,3,111,13,69,57,3,142,24,8,32,174
06/13/2009,STX,VI,ASO,ES,Federal Contract Tower,19,8,3,6,36,0,29,56,2,87,19,37,59,8,123,12,0,12,135
06/14/2009,STX,VI,ASO,ES,Federal Contract Tower,14,4,2,4,24,0,52,30,2,84,14,56,32,6,108,12,0,12,120
06/15/2009,STX,VI,ASO,ES,Federal Contract Tower,14,13,6,4,37,0,36,38,0,74,14,49,44,4,111,0,2,2,113
06/16/2009,STX,VI,ASO,ES,Federal Contract Tower,15,11,10,2,38,0,32,21,1,54,15,43,31,3,92,0,0,0,92
06/17/2009,STX,VI,ASO,ES,Federal Contract Tower,17,9,2,0,28,0,38,41,0,79,17,47,43,0,107,10,0,10,117
06/18/2009,STX,VI,ASO,ES,Federal Contract Tower,14,12,5,2,33,0,42,41,0,83,14,54,46,2,116,14,0,14,130
06/19/2009,STX,VI,ASO,ES,Federal Contract Tower,17,8,3,6,34,0,50,44,4,98,17,58,47,10,132,16,0,16,148
06/20/2009,STX,VI,ASO,ES,Federal Contract Tower,16,2,0,3,21,0,39,33,2,74,16,41,33,5,95,20,0,20,115
06/21/2009,STX,VI,ASO,ES,Federal Contract Tower,17,4,2,3,26,0,41,31,0,72,17,45,33,3,98,16,0,16,114
06/22/2009,STX,VI,ASO,ES,Federal Contract Tower,16,9,2,3,30,0,46,35,0,81,16,55,37,3,111,12,0,12,123
06/23/2009,STX,VI,ASO,ES,Federal Contract Tower,14,9,5,2,30,0,42,35,2,79,14,51,40,4,109,0,0,0,109
06/24/2009,STX,VI,ASO,ES,Federal Contract Tower,16,8,2,1,27,0,40,37,1,78,16,48,39,2,105,14,0,14,119
06/25/2009,STX,VI,ASO,ES,Federal Contract Tower,14,13,1,2,30,0,44,41,0,85,14,57,42,2,115,14,0,14,129
06/26/2009,STX,VI,ASO,ES,Federal Contract Tower,16,18,8,0,42,0,40,29,0,69,16,58,37,0,111,12,0,12,123
06/27/2009,STX,VI,ASO,ES,Federal Contract Tower,14,18,2,3,37,0,25,23,0,48,14,43,25,3,85,0,0,0,85
06/28/2009,STX,VI,ASO,ES,Federal Contract Tower,14,9,1,3,27,0,26,27,0,53,14,35,28,3,80,8,0,8,88
06/29/2009,STX,VI,ASO,ES,Federal Contract Tower,16,10,3,0,29,0,44,35,4,83,16,54,38,4,112,2,0,2,114
06/30/2009,STX,VI,ASO,ES,Federal Contract Tower,14,11,4,0,29,0,34,37,0,71,14,45,41,0,100,2,0,2,102
07/01/2009,STX,VI,ASO,ES,Federal Contract Tower,16,9,3,1,29,0,38,37,0,75,16,47,40,1,104,2,0,2,106
07/02/2009,STX,VI,ASO,ES,Federal Contract Tower,13,10,3,2,28,0,59,39,0,98,13,69,42,2,126,14,0,14,140
07/03/2009,STX,VI,ASO,ES,Federal Contract Tower,15,3,5,0,23,0,55,28,0,83,15,58,33,0,106,16,0,16,122
07/04/2009,STX,VI,ASO,ES,Federal Contract Tower,14,5,1,0,20,0,35,11,0,46,14,40,12,0,66,0,0,0,66
07/05/2009,STX,VI,ASO,ES,Federal Contract Tower,17,7,6,0,30,0,44,36,1,81,17,51,42,1,111,0,0,0,111
07/06/2009,STX,VI,ASO,ES,Federal Contract Tower,16,19,7,0,42,0,40,23,0,63,16,59,30,0,105,0,0,0,105
07/07/2009,STX,VI,ASO,ES,Federal Contract Tower,15,8,10,1,34,0,41,39,2,82,15,49,49,3,116,4,0,4,120
07/08/2009,STX,VI,ASO,ES,Federal Contract Tower,15,11,7,1,34,0,40,28,6,74,15,51,35,7,108,8,0,8,116
07/09/2009,STX,VI,ASO,ES,Federal Contract Tower,14,8,0,0,22,0,49,36,0,85,14,57,36,0,107,0,0,0,107
07/10/2009,STX,VI,ASO,ES,Federal Contract Tower,16,13,6,0,35,0,52,44,0,96,16,65,50,0,131,12,0,12,143
07/11/2009,STX,VI,ASO,ES,Federal Contract Tower,16,7,7,1,31,0,30,21,3,54,16,37,28,4,85,0,0,0,85
07/12/2009,STX,VI,ASO,ES,Federal Contract Tower,16,8,3,3,30,0,43,31,0,74,16,51,34,3,104,6,0,6,110
07/13/2009,STX,VI,ASO,ES,Federal Contract Tower,16,10,4,0,30,0,45,37,1,83,16,55,41,1,113,2,0,2,115
07/14/2009,STX,VI,ASO,ES,Federal Contract Tower,14,15,4,1,34,0,33,29,3,65,14,48,33,4,99,4,0,4,103
07/15/2009,STX,VI,ASO,ES,Federal Contract Tower,15,12,5,0,32,0,31,35,1,67,15,43,40,1,99,0,0,0,99
07/16/2009,STX,VI,ASO,ES,Federal Contract Tower,14,17,6,4,41,0,45,37,2,84,14,62,43,6,125,28,0,28,153
07/17/2009,STX,VI,ASO,ES,Federal Contract Tower,15,15,6,7,43,0,53,26,4,83,15,68,32,11,126,4,4,8,134
07/18/2009,STX,VI,ASO,ES,Federal Contract Tower,17,8,3,3,31,0,27,26,0,53,17,35,29,3,84,0,22,22,106
07/19/2009,STX,VI,ASO,ES,Federal Contract Tower,15,10,2,2,29,0,27,20,2,49,15,37,22,4,78,0,0,0,78
07/20/2009,STX,VI,ASO,ES,Federal Contract Tower,13,17,8,0,38,0,42,32,0,74,13,59,40,0,112,0,0,0,112
07/21/2009,STX,VI,ASO,ES,Federal Contract Tower,11,15,6,0,32,0,32,25,0,57,11,47,31,0,89,2,0,2,91
07/22/2009,STX,VI,ASO,ES,Federal Contract Tower,15,7,3,1,26,0,44,34,5,83,15,51,37,6,109,0,12,12,121
07/23/2009,STX,VI,ASO,ES,Federal Contract Tower,11,10,4,7,32,0,50,29,3,82,11,60,33,10,114,0,4,4,118
07/24/2009,STX,VI,ASO,ES,Federal Contract Tower,14,11,6,0,31,0,58,31,0,89,14,69,37,0,120,0,0,0,120
07/25/2009,STX,VI,ASO,ES,Federal Contract Tower,16,2,4,0,22,0,26,22,0,48,16,28,26,0,70,0,0,0,70
07/26/2009,STX,VI,ASO,ES,Federal Contract Tower,16,4,2,0,22,0,46,29,0,75,16,50,31,0,97,0,0,0,97
07/27/2009,STX,VI,ASO,ES,Federal Contract Tower,14,12,7,1,34,0,50,32,0,82,14,62,39,1,116,0,0,0,116
07/28/2009,STX,VI,ASO,ES,Federal Contract Tower,14,9,4,0,27,0,40,38,0,78,14,49,42,0,105,20,0,20,125
07/29/2009,STX,VI,ASO,ES,Federal Contract Tower,15,7,6,0,28,0,51,31,0,82,15,58,37,0,110,4,0,4,114
07/30/2009,STX,VI,ASO,ES,Federal Contract Tower,13,6,2,1,22,0,40,34,0,74,13,46,36,1,96,12,0,12,108
07/31/2009,STX,VI,ASO,ES,Federal Contract Tower,16,6,6,2,30,0,50,42,0,92,16,56,48,2,122,4,0,4,126
08/01/2009,STX,VI,ASO,ES,Federal Contract Tower,14,6,4,0,24,0,37,39,0,76,14,43,43,0,100,0,0,0,100
08/02/2009,STX,VI,ASO,ES,Federal Contract Tower,18,5,1,0,24,0,41,30,0,71,18,46,31,0,95,4,0,4,99
08/03/2009,STX,VI,ASO,ES,Federal Contract Tower,17,14,4,0,35,0,44,36,3,83,17,58,40,3,118,2,0,2,120
08/04/2009,STX,VI,ASO,ES,Federal Contract Tower,15,11,4,0,30,0,45,34,0,79,15,56,38,0,109,4,0,4,113
08/05/2009,STX,VI,ASO,ES,Federal Contract Tower,17,6,6,1,30,0,45,34,1,80,17,51,40,2,110,0,0,0,110
08/06/2009,STX,VI,ASO,ES,Federal Contract Tower,15,9,6,2,32,0,52,34,0,86,15,61,40,2,118,0,0,0,118
08/07/2009,STX,VI,ASO,ES,Federal Contract Tower,14,6,2,1,23,0,60,42,0,102,14,66,44,1,125,6,0,6,131
08/08/2009,STX,VI,ASO,ES,Federal Contract Tower,17,2,4,3,26,0,36,23,0,59,17,38,27,3,85,4,2,6,91
08/09/2009,STX,VI,ASO,ES,Federal Contract Tower,18,4,1,4,27,0,41,26,0,67,18,45,27,4,94,8,0,8,102
08/10/2009,STX,VI,ASO,ES,Federal Contract Tower,17,13,4,0,34,0,41,31,0,72,17,54,35,0,106,12,0,12,118
08/11/2009,STX,VI,ASO,ES,Federal Contract Tower,16,11,2,1,30,0,37,32,1,70,16,48,34,2,100,0,36,36,136
08/12/2009,STX,VI,ASO,ES,Federal Contract Tower,20,7,9,2,38,0,33,30,2,65,20,40,39,4,103,2,0,2,105
08/13/2009,STX,VI,ASO,ES,Federal Contract Tower,16,11,3,5,35,0,41,40,0,81,16,52,43,5,116,20,0,20,136
08/14/2009,STX,VI,ASO,ES,Federal Contract Tower,17,7,2,2,28,0,55,37,6,98,17,62,39,8,126,2,0,2,128
08/15/2009,STX,VI,ASO,ES,Federal Contract Tower,17,5,1,6,29,0,38,33,5,76,17,43,34,11,105,0,4,4,109
08/16/2009,STX,VI,ASO,ES,Federal Contract Tower,17,3,1,10,31,0,50,48,1,99,17,53,49,11,130,34,0,34,164
08/17/2009,STX,VI,ASO,ES,Federal Contract Tower,16,18,10,4,48,0,26,18,0,44,16,44,28,4,92,0,0,0,92
08/18/2009,STX,VI,ASO,ES,Federal Contract Tower,15,14,8,3,40,0,40,35,1,76,15,54,43,4,116,4,0,4,120
08/19/2009,STX,VI,ASO,ES,Federal Contract Tower,15,9,7,5,36,0,42,26,0,68,15,51,33,5,104,0,0,0,104
08/20/2009,STX,VI,ASO,ES,Federal Contract Tower,15,12,2,4,33,0,48,32,0,80,15,60,34,4,113,18,0,18,131
08/21/2009,STX,VI,ASO,ES,Federal Contract Tower,15,9,1,4,29,0,45,32,1,78,15,54,33,5,107,0,0,0,107
08/22/2009,STX,VI,ASO,ES,Federal Contract Tower,17,7,0,3,27,0,37,21,0,58,17,44,21,3,85,0,0,0,85
08/23/2009,STX,VI,ASO,ES,Federal Contract Tower,16,3,3,2,24,0,43,32,0,75,16,46,35,2,99,20,0,20,119
08/24/2009,STX,VI,ASO,ES,Federal Contract Tower,16,12,5,2,35,0,38,36,0,74,16,50,41,2,109,12,0,12,121
08/25/2009,STX,VI,ASO,ES,Federal Contract Tower,11,12,2,4,29,0,30,40,3,73,11,42,42,7,102,0,0,0,102
08/26/2009,STX,VI,ASO,ES,Federal Contract Tower,14,12,1,3,30,0,33,32,1,66,14,45,33,4,96,0,2,2,98
08/27/2009,STX,VI,ASO,ES,Federal Contract Tower,14,11,1,4,30,0,49,45,4,98,14,60,46,8,128,26,4,30,158
08/28/2009,STX,VI,ASO,ES,Federal Contract Tower,13,12,5,2,32,0,55,39,0,94,13,67,44,2,126,16,0,16,142
08/29/2009,STX,VI,ASO,ES,Federal Contract Tower,15,6,4,1,26,0,27,26,0,53,15,33,30,1,79,12,0,12,91
08/30/2009,STX,VI,ASO,ES,Federal Contract Tower,14,7,1,0,22,0,36,20,0,56,14,43,21,0,78,0,0,0,78
08/31/2009,STX,VI,ASO,ES,Federal Contract Tower,13,12,1,3,29,0,46,36,1,83,13,58,37,4,112,0,0,0,112
09/01/2009,STX,VI,ASO,ES,Federal Contract Tower,13,12,3,3,31,0,45,47,2,94,13,57,50,5,125,16,0,16,141
09/02/2009,STX,VI,ASO,ES,Federal Contract Tower,13,8,3,5,29,0,40,26,2,68,13,48,29,7,97,0,0,0,97
09/03/2009,STX,VI,ASO,ES,Federal Contract Tower,14,11,1,4,30,0,14,20,3,37,14,25,21,7,67,4,16,20,87
09/04/2009,STX,VI,ASO,ES,Federal Contract Tower,14,19,9,1,43,0,25,21,0,46,14,44,30,1,89,0,0,0,89
09/05/2009,STX,VI,ASO,ES,Federal Contract Tower,14,9,2,5,30,0,22,15,0,37,14,31,17,5,67,2,0,2,69
09/06/2009,STX,VI,ASO,ES,Federal Contract Tower,14,7,4,1,26,0,32,27,1,60,14,39,31,2,86,0,0,0,86
09/07/2009,STX,VI,ASO,ES,Federal Contract Tower,14,6,1,1,22,0,46,20,1,67,14,52,21,2,89,24,0,24,113
09/08/2009,STX,VI,ASO,ES,Federal Contract Tower,13,12,3,3,31,0,55,40,0,95,13,67,43,3,126,40,0,40,166
09/09/2009,STX,VI,ASO,ES,Federal Contract Tower,13,11,6,1,31,0,52,27,0,79,13,63,33,1,110,2,0,2,112
09/10/2009,STX,VI,ASO,ES,Federal Contract Tower,11,8,3,1,23,0,50,23,5,78,11,58,26,6,101,2,24,26,127
09/11/2009,STX,VI,ASO,ES,Federal Contract Tower,12,7,4,1,24,0,65,27,3,95,12,72,31,4,119,0,2,2,121
09/12/2009,STX,VI,ASO,ES,Federal Contract Tower,15,7,2,1,25,0,43,15,4,62,15,50,17,5,87,18,0,18,105
09/13/2009,STX,VI,ASO,ES,Federal Contract Tower,15,4,5,2,26,0,45,31,2,78,15,49,36,4,104,18,0,18,122
09/14/2009,STX,VI,ASO,ES,Federal Contract Tower,13,13,3,0,29,0,57,23,0,80,13,70,26,0,109,0,0,0,109
09/15/2009,STX,VI,ASO,ES,Federal Contract Tower,14,11,2,2,29,0,66,20,0,86,14,77,22,2,115,22,0,22,137
09/16/2009,STX,VI,ASO,ES,Federal Contract Tower,14,9,5,2,30,0,46,39,1,86,14,55,44,3,116,16,0,16,132
09/17/2009,STX,VI,ASO,ES,Federal Contract Tower,13,11,1,2,27,0,45,39,0,84,13,56,40,2,111,22,0,22,133
09/18/2009,STX,VI,ASO,ES,Federal Contract Tower,13,6,5,4,28,0,66,35,1,102,13,72,40,5,130,0,4,4,134
09/19/2009,STX,VI,ASO,ES,Federal Contract Tower,15,12,2,1,30,0,39,25,5,69,15,51,27,6,99,6,18,24,123
09/20/2009,STX,VI,ASO,ES,Federal Contract Tower,13,8,3,7,31,0,44,21,2,67,13,52,24,9,98,10,2,12,110
09/21/2009,STX,VI,ASO,ES,Federal Contract Tower,14,15,2,4,35,0,52,21,1,74,14,67,23,5,109,2,0,2,111
09/22/2009,STX,VI,ASO,ES,Federal Contract Tower,14,12,1,3,30,0,53,35,0,88,14,65,36,3,118,30,0,30,148
09/23/2009,STX,VI,ASO,ES,Federal Contract Tower,13,8,3,3,27,0,48,40,2,90,13,56,43,5,117,18,0,18,135
09/24/2009,STX,VI,ASO,ES,Federal Contract Tower,13,9,0,3,25,0,51,28,0,79,13,60,28,3,104,24,0,24,128
09/25/2009,STX,VI,ASO,ES,Federal Contract Tower,13,5,2,1,21,0,75,47,0,122,13,80,49,1,143,0,0,0,143
09/26/2009,STX,VI,ASO,ES,Federal Contract Tower,15,3,0,0,18,0,48,27,0,75,15,51,27,0,93,2,0,2,95
09/27/2009,STX,VI,ASO,ES,Federal Contract Tower,13,3,1,1,18,0,53,32,1,86,13,56,33,2,104,10,0,10,114
09/28/2009,STX,VI,ASO,ES,Federal Contract Tower,13,13,1,0,27,0,52,23,3,78,13,65,24,3,105,8,0,8,113
09/29/2009,STX,VI,ASO,ES,Federal Contract Tower,15,11,6,1,33,0,52,24,0,76,15,63,30,1,109,6,0,6,115
09/30/2009,STX,VI,ASO,ES,Federal Contract Tower,13,10,6,0,29,0,48,39,3,90,13,58,45,3,119,10,0,10,129
10/01/2009,STX,VI,ASO,ES,Federal Contract Tower,13,9,5,0,27,0,51,35,0,86,13,60,40,0,113,44,0,44,157
10/02/2009,STX,VI,ASO,ES,Federal Contract Tower,13,12,5,0,30,0,64,36,0,100,13,76,41,0,130,4,0,4,134
10/03/2009,STX,VI,ASO,ES,Federal Contract Tower,15,3,0,3,21,0,50,34,1,85,15,53,34,4,106,4,4,8,114
10/04/2009,STX,VI,ASO,ES,Federal Contract Tower,13,8,3,2,26,0,43,29,0,72,13,51,32,2,98,34,0,34,132
10/05/2009,STX,VI,ASO,ES,Federal Contract Tower,13,13,0,0,26,0,47,27,0,74,13,60,27,0,100,0,0,0,100
10/06/2009,STX,VI,ASO,ES,Federal Contract Tower,13,10,5,0,28,0,54,36,0,90,13,64,41,0,118,22,0,22,140
10/07/2009,STX,VI,ASO,ES,Federal Contract Tower,14,8,10,3,35,0,55,21,2,78,14,63,31,5,113,8,0,8,121
10/08/2009,STX,VI,ASO,ES,Federal Contract Tower,11,10,5,6,32,0,58,31,1,90,11,68,36,7,122,34,2,36,158
10/09/2009,STX,VI,ASO,ES,Federal Contract Tower,13,14,4,0,31,0,67,52,0,119,13,81,56,0,150,22,0,22,172
10/10/2009,STX,VI,ASO,ES,Federal Contract Tower,15,6,4,1,26,0,43,26,0,69,15,49,30,1,95,24,0,24,119
10/11/2009,STX,VI,ASO,ES,Federal Contract Tower,13,7,3,0,23,0,45,40,2,87,13,52,43,2,110,10,10,20,130
10/12/2009,STX,VI,ASO,ES,Federal Contract Tower,13,15,6,1,35,0,48,18,0,66,13,63,24,1,101,2,0,2,103
10/13/2009,STX,VI,ASO,ES,Federal Contract Tower,14,16,4,0,34,0,46,44,0,90,14,62,48,0,124,24,0,24,148
10/14/2009,STX,VI,ASO,ES,Federal Contract Tower,13,9,3,4,29,0,45,27,0,72,13,54,30,4,101,28,0,28,129
10/15/2009,STX,VI,ASO,ES,Federal Contract Tower,13,9,7,0,29,0,50,20,0,70,13,59,27,0,99,30,0,30,129
10/16/2009,STX,VI,ASO,ES,Federal Contract Tower,13,4,7,1,25,0,78,40,1,119,13,82,47,2,144,0,0,0,144
10/17/2009,STX,VI,ASO,ES,Federal Contract Tower,14,3,0,0,17,0,40,27,0,67,14,43,27,0,84,16,0,16,100
10/18/2009,STX,VI,ASO,ES,Federal Contract Tower,14,4,4,0,22,0,52,40,0,92,14,56,44,0,114,26,0,26,140
10/19/2009,STX,VI,ASO,ES,Federal Contract Tower,13,11,7,4,35,0,52,29,2,83,13,63,36,6,118,14,44,58,176
10/20/2009,STX,VI,ASO,ES,Federal Contract Tower,12,12,3,2,29,0,44,26,0,70,12,56,29,2,99,46,0,46,145
10/21/2009,STX,VI,ASO,ES,Federal Contract Tower,13,6,6,3,28,0,48,34,5,87,13,54,40,8,115,34,30,64,179
10/22/2009,STX,VI,ASO,ES,Federal Contract Tower,13,9,2,5,29,0,46,39,1,86,13,55,41,6,115,30,4,34,149
10/23/2009,STX,VI,ASO,ES,Federal Contract Tower,13,8,4,3,28,0,61,46,0,107,13,69,50,3,135,4,0,4,139
10/24/2009,STX,VI,ASO,ES,Federal Contract Tower,15,3,3,7,28,0,45,23,2,70,15,48,26,9,98,30,6,36,134
10/25/2009,STX,VI,ASO,ES,Federal Contract Tower,13,4,2,0,19,0,51,42,6,99,13,55,44,6,118,10,0,10,128
10/26/2009,STX,VI,ASO,ES,Federal Contract Tower,13,10,2,1,26,0,54,42,2,98,13,64,44,3,124,10,0,10,134
10/27/2009,STX,VI,ASO,ES,Federal Contract Tower,13,12,6,0,31,0,50,18,2,70,13,62,24,2,101,22,0,22,123
10/28/2009,STX,VI,ASO,ES,Federal Contract Tower,14,8,13,2,37,0,62,32,2,96,14,70,45,4,133,12,10,22,155
10/29/2009,STX,VI,ASO,ES,Federal Contract Tower,13,11,2,0,26,0,73,33,3,109,13,84,35,3,135,24,4,28,163
10/30/2009,STX,VI,ASO,ES,Federal Contract Tower,13,7,1,0,21,0,83,41,2,126,13,90,42,2,147,4,0,4,151
10/31/2009,STX,VI,ASO,ES,Federal Contract Tower,15,2,2,1,20,0,57,28,0,85,15,59,30,1,105,10,0,10,115
11/01/2009,STX,VI,ASO,ES,Federal Contract Tower,17,4,0,1,22,0,60,29,0,89,17,64,29,1,111,10,0,10,121
11/02/2009,STX,VI,ASO,ES,Federal Contract Tower,17,9,4,1,31,0,64,28,0,92,17,73,32,1,123,6,0,6,129
11/03/2009,STX,VI,ASO,ES,Federal Contract Tower,16,11,5,0,32,0,66,25,0,91,16,77,30,0,123,0,0,0,123
11/04/2009,STX,VI,ASO,ES,Federal Contract Tower,16,10,4,2,32,0,55,41,0,96,16,65,45,2,128,10,0,10,138
11/05/2009,STX,VI,ASO,ES,Federal Contract Tower,15,14,6,1,36,0,60,28,0,88,15,74,34,1,124,28,8,36,160
11/06/2009,STX,VI,ASO,ES,Federal Contract Tower,15,9,2,2,28,0,96,51,3,150,15,105,53,5,178,14,54,68,246
11/07/2009,STX,VI,ASO,ES,Federal Contract Tower,17,3,2,1,23,0,59,29,1,89,17,62,31,2,112,16,8,24,136
11/08/2009,STX,VI,ASO,ES,Federal Contract Tower,16,16,2,5,39,0,59,38,0,97,16,75,40,5,136,10,0,10,146
11/09/2009,STX,VI,ASO,ES,Federal Contract Tower,14,14,7,2,37,0,67,21,0,88,14,81,28,2,125,2,0,2,127
11/10/2009,STX,VI,ASO,ES,Federal Contract Tower,12,10,8,6,36,0,58,29,2,89,12,68,37,8,125,40,32,72,197
11/11/2009,STX,VI,ASO,ES,Federal Contract Tower,16,7,5,5,33,0,44,38,2,84,16,51,43,7,117,34,16,50,167
11/12/2009,STX,VI,ASO,ES,Federal Contract Tower,16,17,6,1,40,0,64,24,5,93,16,81,30,6,133,0,30,30,163
11/13/2009,STX,VI,ASO,ES,Federal Contract Tower,15,13,4,1,33,0,84,39,0,123,15,97,43,1,156,0,0,0,156
11/14/2009,STX,VI,ASO,ES,Federal Contract Tower,20,5,6,2,33,0,57,27,0,84,20,62,33,2,117,12,2,14,131
11/15/2009,STX,VI,ASO,ES,Federal Contract Tower,14,6,2,1,23,0,78,40,0,118,14,84,42,1,141,6,0,6,147
11/16/2009,STX,VI,ASO,ES,Federal Contract Tower,15,16,10,0,41,0,27,14,0,41,15,43,24,0,82,2,0,2,84
11/17/2009,STX,VI,ASO,ES,Federal Contract Tower,15,17,3,0,35,0,58,35,0,93,15,75,38,0,128,16,0,16,144
11/18/2009,STX,VI,ASO,ES,Federal Contract Tower,20,9,6,0,35,0,71,21,0,92,20,80,27,0,127,22,0,22,149
11/19/2009,STX,VI,ASO,ES,Federal Contract Tower,14,13,1,1,29,0,54,36,6,96,14,67,37,7,125,18,0,18,143
11/20/2009,STX,VI,ASO,ES,Federal Contract Tower,16,9,2,4,31,0,92,42,1,135,16,101,44,5,166,0,0,0,166
11/21/2009,STX,VI,ASO,ES,Federal Contract Tower,17,6,1,2,26,0,59,22,0,81,17,65,23,2,107,0,0,0,107
11/22/2009,STX,VI,ASO,ES,Federal Contract Tower,17,4,3,3,27,0,80,33,0,113,17,84,36,3,140,8,0,8,148
11/23/2009,STX,VI,ASO,ES,Federal Contract Tower,17,11,6,0,34,0,66,32,0,98,17,77,38,0,132,10,0,10,142
11/24/2009,STX,VI,ASO,ES,Federal Contract Tower,17,9,6,0,32,0,70,34,0,104,17,79,40,0,136,34,0,34,170
11/25/2009,STX,VI,ASO,ES,Federal Contract Tower,17,17,3,1,38,0,81,44,1,126,17,98,47,2,164,2,0,2,166
11/26/2009,STX,VI,ASO,ES,Federal Contract Tower,17,4,1,0,22,0,50,19,0,69,17,54,20,0,91,8,0,8,99
11/27/2009,STX,VI,ASO,ES,Federal Contract Tower,17,15,2,0,34,0,61,27,0,88,17,76,29,0,122,18,0,18,140
11/28/2009,STX,VI,ASO,ES,Federal Contract Tower,17,3,6,0,26,0,60,28,0,88,17,63,34,0,114,38,0,38,152
11/29/2009,STX,VI,ASO,ES,Federal Contract Tower,17,6,7,0,30,0,83,41,0,124,17,89,48,0,154,4,0,4,158
11/30/2009,STX,VI,ASO,ES,Federal Contract Tower,17,9,5,0,31,0,72,32,14,118,17,81,37,14,149,6,2,8,157
12/01/2009,STX,VI,ASO,ES,Federal Contract Tower,17,24,1,0,42,0,58,20,7,85,17,82,21,7,127,20,12,32,159
12/02/2009,STX,VI,ASO,ES,Federal Contract Tower,19,12,4,2,37,0,68,27,8,103,19,80,31,10,140,10,30,40,180
12/03/2009,STX,VI,ASO,ES,Federal Contract Tower,17,12,3,0,32,0,56,29,9,94,17,68,32,9,126,0,20,20,146
12/04/2009,STX,VI,ASO,ES,Federal Contract Tower,16,10,5,5,36,0,92,46,6,144,16,102,51,11,180,6,0,6,186
12/05/2009,STX,VI,ASO,ES,Federal Contract Tower,18,2,1,3,24,0,62,31,8,101,18,64,32,11,125,8,0,8,133
12/06/2009,STX,VI,ASO,ES,Federal Contract Tower,15,3,6,5,29,0,70,27,0,97,15,73,33,5,126,2,0,2,128
12/07/2009,STX,VI,ASO,ES,Federal Contract Tower,13,14,7,4,38,0,66,26,2,94,13,80,33,6,132,18,2,20,152
12/08/2009,STX,VI,ASO,ES,Federal Contract Tower,14,14,4,4,36,0,63,23,2,88,14,77,27,6,124,16,38,54,178
12/09/2009,STX,VI,ASO,ES,Federal Contract Tower,18,13,8,4,43,0,59,31,0,90,18,72,39,4,133,0,0,0,133
12/10/2009,STX,VI,ASO,ES,Federal Contract Tower,17,14,4,1,36,0,63,41,8,112,17,77,45,9,148,12,0,12,160
12/11/2009,STX,VI,ASO,ES,Federal Contract Tower,17,14,11,5,47,0,86,38,0,124,17,100,49,5,171,10,0,10,181
12/12/2009,STX,VI,ASO,ES,Federal Contract Tower,18,5,4,7,34,0,68,23,1,92,18,73,27,8,126,20,0,20,146
12/13/2009,STX,VI,ASO,ES,Federal Contract Tower,17,12,1,19,49,0,54,40,0,94,17,66,41,19,143,18,0,18,161
12/14/2009,STX,VI,ASO,ES,Federal Contract Tower,17,8,5,5,35,0,80,29,0,109,17,88,34,5,144,4,0,4,148
12/15/2009,STX,VI,ASO,ES,Federal Contract Tower,17,11,2,2,32,0,66,31,1,98,17,77,33,3,130,24,0,24,154
12/16/2009,STX,VI,ASO,ES,Federal Contract Tower,18,8,10,0,36,0,78,48,6,132,18,86,58,6,168,2,10,12,180
12/17/2009,STX,VI,ASO,ES,Federal Contract Tower,17,11,7,1,36,0,75,32,2,109,17,86,39,3,145,30,10,40,185
12/18/2009,STX,VI,ASO,ES,Federal Contract Tower,18,15,10,1,44,0,92,39,0,131,18,107,49,1,175,4,0,4,179
12/19/2009,STX,VI,ASO,ES,Federal Contract Tower,21,9,2,1,33,0,85,34,1,120,21,94,36,2,153,8,0,8,161
12/20/2009,STX,VI,ASO,ES,Federal Contract Tower,18,3,8,0,29,0,74,39,0,113,18,77,47,0,142,8,0,8,150
12/21/2009,STX,VI,ASO,ES,Federal Contract Tower,18,10,6,1,35,0,84,37,0,121,18,94,43,1,156,2,0,2,158
12/22/2009,STX,VI,ASO,ES,Federal Contract Tower,19,8,14,0,41,0,70,41,3,114,19,78,55,3,155,18,0,18,173
12/23/2009,STX,VI,ASO,ES,Federal Contract Tower,17,12,9,2,40,0,79,48,1,128,17,91,57,3,168,0,0,0,168
12/24/2009,STX,VI,ASO,ES,Federal Contract Tower,18,14,4,0,36,0,74,36,0,110,18,88,40,0,146,26,0,26,172
12/25/2009,STX,VI,ASO,ES,Federal Contract Tower,20,6,5,0,31,0,49,17,2,68,20,55,22,2,99,2,0,2,101
12/26/2009,STX,VI,ASO,ES,Federal Contract Tower,20,9,5,0,34,0,60,56,0,116,20,69,61,0,150,6,0,6,156
12/27/2009,STX,VI,ASO,ES,Federal Contract Tower,18,6,8,1,33,0,73,25,0,98,18,79,33,1,131,0,0,0,131
12/28/2009,STX,VI,ASO,ES,Federal Contract Tower,19,13,3,1,36,0,62,33,2,97,19,75,36,3,133,0,0,0,133
12/29/2009,STX,VI,ASO,ES,Federal Contract Tower,14,14,4,1,33,0,71,44,0,115,14,85,48,1,148,26,0,26,174
12/30/2009,STX,VI,ASO,ES,Federal Contract Tower,19,30,22,1,72,0,40,28,0,68,19,70,50,1,140,12,0,12,152
12/31/2009,STX,VI,ASO,ES,Federal Contract Tower,19,46,16,1,82,0,38,29,0,67,19,84,45,1,149,0,0,0,149
01/01/2010,STX,VI,ASO,ES,Federal Contract Tower,19,8,3,0,30,0,63,27,1,91,19,71,30,1,121,4,0,4,125
01/02/2010,STX,VI,ASO,ES,Federal Contract Tower,19,5,11,2,37,0,66,32,1,99,19,71,43,3,136,12,22,34,170
01/03/2010,STX,VI,ASO,ES,Federal Contract Tower,18,6,5,0,29,0,73,44,0,117,18,79,49,0,146,42,0,42,188
01/04/2010,STX,VI,ASO,ES,Federal Contract Tower,19,9,5,0,33,0,78,46,0,124,19,87,51,0,157,8,0,8,165
01/05/2010,STX,VI,ASO,ES,Federal Contract Tower,17,7,1,2,27,0,80,26,0,106,17,87,27,2,133,10,0,10,143
01/06/2010,STX,VI,ASO,ES,Federal Contract Tower,17,6,3,0,26,0,76,23,0,99,17,82,26,0,125,0,0,0,125
01/07/2010,STX,VI,ASO,ES,Federal Contract Tower,19,30,10,4,63,0,42,29,0,71,19,72,39,4,134,20,0,20,154
01/08/2010,STX,VI,ASO,ES,Federal Contract Tower,17,35,10,1,63,0,54,34,0,88,17,89,44,1,151,4,36,40,191
01/09/2010,STX,VI,ASO,ES,Federal Contract Tower,20,4,6,3,33,0,59,32,0,91,20,63,38,3,124,20,0,20,144
01/10/2010,STX,VI,ASO,ES,Federal Contract Tower,17,6,1,4,28,0,67,29,2,98,17,73,30,6,126,12,0,12,138
01/11/2010,STX,VI,ASO,ES,Federal Contract Tower,18,11,4,3,36,0,85,35,0,120,18,96,39,3,156,12,0,12,168
01/12/2010,STX,VI,ASO,ES,Federal Contract Tower,19,21,0,4,44,0,78,39,1,118,19,99,39,5,162,16,0,16,178
01/13/2010,STX,VI,ASO,ES,Federal Contract Tower,17,11,4,4,36,0,86,39,1,126,17,97,43,5,162,14,0,14,176
01/14/2010,STX,VI,ASO,ES,Federal Contract Tower,19,29,6,6,60,0,51,25,2,78,19,80,31,8,138,14,0,14,152
01/15/2010,STX,VI,ASO,ES,Federal Contract Tower,18,45,17,1,81,0,25,7,0,32,18,70,24,1,113,10,0,10,123
01/16/2010,STX,VI,ASO,ES,Federal Contract Tower,18,15,10,1,44,0,49,43,0,92,18,64,53,1,136,4,0,4,140
01/17/2010,STX,VI,ASO,ES,Federal Contract Tower,17,23,3,2,45,0,29,21,0,50,17,52,24,2,95,0,0,0,95
01/18/2010,STX,VI,ASO,ES,Federal Contract Tower,21,7,5,1,34,0,65,50,0,115,21,72,55,1,149,6,0,6,155
01/19/2010,STX,VI,ASO,ES,Federal Contract Tower,18,11,3,3,35,0,74,31,0,105,18,85,34,3,140,28,0,28,168
01/20/2010,STX,VI,ASO,ES,Federal Contract Tower,17,13,1,1,32,0,69,30,0,99,17,82,31,1,131,36,0,36,167
01/21/2010,STX,VI,ASO,ES,Federal Contract Tower,17,16,4,1,38,0,64,33,0,97,17,80,37,1,135,6,0,6,141
01/22/2010,STX,VI,ASO,ES,Federal Contract Tower,17,23,6,0,46,0,76,37,0,113,17,99,43,0,159,6,0,6,165
01/23/2010,STX,VI,ASO,ES,Federal Contract Tower,19,6,6,2,33,0,66,18,0,84,19,72,24,2,117,0,0,0,117
01/24/2010,STX,VI,ASO,ES,Federal Contract Tower,18,6,0,2,26,0,62,17,0,79,18,68,17,2,105,22,0,22,127
01/25/2010,STX,VI,ASO,ES,Federal Contract Tower,21,25,12,1,59,0,61,21,5,87,21,86,33,6,146,0,0,0,146
01/26/2010,STX,VI,ASO,ES,Federal Contract Tower,12,16,4,2,34,0,71,32,1,104,12,87,36,3,138,2,6,8,146
01/27/2010,STX,VI,ASO,ES,Federal Contract Tower,14,10,6,1,31,0,69,32,2,103,14,79,38,3,134,10,0,10,144
01/28/2010,STX,VI,ASO,ES,Federal Contract Tower,15,12,2,1,30,0,67,42,0,109,15,79,44,1,139,0,0,0,139
01/29/2010,STX,VI,ASO,ES,Federal Contract Tower,15,18,5,1,39,0,70,49,0,119,15,88,54,1,158,0,0,0,158
01/30/2010,STX,VI,ASO,ES,Federal Contract Tower,20,5,2,0,27,0,70,27,0,97,20,75,29,0,124,12,0,12,136
01/31/2010,STX,VI,ASO,ES,Federal Contract Tower,17,12,2,0,31,0,57,38,0,95,17,69,40,0,126,6,0,6,132
02/01/2010,STX,VI,ASO,ES,Federal Contract Tower,19,14,3,0,36,0,78,44,0,122,19,92,47,0,158,0,0,0,158
02/02/2010,STX,VI,ASO,ES,Federal Contract Tower,16,11,4,0,31,0,68,27,2,97,16,79,31,2,128,2,14,16,144
02/03/2010,STX,VI,ASO,ES,Federal Contract Tower,17,10,4,0,31,0,75,44,3,122,17,85,48,3,153,24,8,32,185
02/04/2010,STX,VI,ASO,ES,Federal Contract Tower,20,18,8,4,50,0,61,29,2,92,20,79,37,6,142,16,24,40,182
02/05/2010,STX,VI,ASO,ES,Federal Contract Tower,17,10,2,0,29,0,61,45,2,108,17,71,47,2,137,16,0,16,153
02/06/2010,STX,VI,ASO,ES,Federal Contract Tower,20,3,2,0,25,0,62,31,2,95,20,65,33,2,120,10,22,32,152
02/07/2010,STX,VI,ASO,ES,Federal Contract Tower,13,3,1,0,17,0,55,26,0,81,13,58,27,0,98,34,0,34,132
02/08/2010,STX,VI,ASO,ES,Federal Contract Tower,19,13,3,1,36,0,76,31,3,110,19,89,34,4,146,14,0,14,160
02/09/2010,STX,VI,ASO,ES,Federal Contract Tower,17,8,3,2,30,0,73,35,8,116,17,81,38,10,146,32,52,84,230
02/10/2010,STX,VI,ASO,ES,Federal Contract Tower,15,17,2,5,39,0,59,34,5,98,15,76,36,10,137,10,60,70,207
02/11/2010,STX,VI,ASO,ES,Federal Contract Tower,17,11,4,2,34,0,67,28,5,100,17,78,32,7,134,47,28,75,209
02/12/2010,STX,VI,ASO,ES,Federal Contract Tower,17,30,9,2,58,0,95,64,2,161,17,125,73,4,219,4,0,4,223
02/13/2010,STX,VI,ASO,ES,Federal Contract Tower,15,9,5,5,34,0,81,40,0,121,15,90,45,5,155,4,0,4,159
02/14/2010,STX,VI,ASO,ES,Federal Contract Tower,19,7,1,0,27,0,92,41,1,134,19,99,42,1,161,8,0,8,169
02/15/2010,STX,VI,ASO,ES,Federal Contract Tower,19,6,5,0,30,0,112,55,0,167,19,118,60,0,197,0,0,0,197
02/16/2010,STX,VI,ASO,ES,Federal Contract Tower,19,18,9,0,46,0,89,36,0,125,19,107,45,0,171,26,0,26,197
02/17/2010,STX,VI,ASO,ES,Federal Contract Tower,21,12,3,1,37,0,74,30,5,109,21,86,33,6,146,34,26,60,206
02/18/2010,STX,VI,ASO,ES,Federal Contract Tower,20,12,7,6,45,0,73,33,5,111,20,85,40,11,156,4,32,36,192
02/19/2010,STX,VI,ASO,ES,Federal Contract Tower,18,24,9,0,51,0,52,36,2,90,18,76,45,2,141,4,0,4,145
02/20/2010,STX,VI,ASO,ES,Federal Contract Tower,20,16,3,6,45,0,52,30,4,86,20,68,33,10,131,2,70,72,203
02/21/2010,STX,VI,ASO,ES,Federal Contract Tower,19,15,3,9,46,0,54,27,0,81,19,69,30,9,127,16,94,110,237
02/22/2010,STX,VI,ASO,ES,Federal Contract Tower,20,17,4,2,43,0,74,28,1,103,20,91,32,3,146,32,8,40,186
02/23/2010,STX,VI,ASO,ES,Federal Contract Tower,17,13,3,4,37,0,75,29,2,106,17,88,32,6,143,28,18,46,189
02/24/2010,STX,VI,ASO,ES,Federal Contract Tower,18,14,8,3,43,0,69,28,1,98,18,83,36,4,141,14,46,60,201
02/25/2010,STX,VI,ASO,ES,Federal Contract Tower,19,16,2,4,41,0,70,27,2,99,19,86,29,6,140,40,2,42,182
02/26/2010,STX,VI,ASO,ES,Federal Contract Tower,19,27,3,3,52,0,75,45,1,121,19,102,48,4,173,0,0,0,173
02/27/2010,STX,VI,ASO,ES,Federal Contract Tower,20,25,5,1,51,0,47,19,1,67,20,72,24,2,118,0,4,4,122
02/28/2010,STX,VI,ASO,ES,Federal Contract Tower,17,10,3,4,34,0,74,31,4,109,17,84,34,8,143,4,12,16,159
03/01/2010,STX,VI,ASO,ES,Federal Contract Tower,18,12,4,3,37,0,81,33,0,114,18,93,37,3,151,6,0,6,157
03/02/2010,STX,VI,ASO,ES,Federal Contract Tower,19,14,5,1,39,0,73,38,2,113,19,87,43,3,152,36,32,68,220
03/03/2010,STX,VI,ASO,ES,Federal Contract Tower,15,9,4,2,30,0,71,38,0,109,15,80,42,2,139,30,0,30,169
03/04/2010,STX,VI,ASO,ES,Federal Contract Tower,19,15,7,2,43,0,66,32,1,99,19,81,39,3,142,30,28,58,200
03/05/2010,STX,VI,ASO,ES,Federal Contract Tower,17,18,2,1,38,0,70,36,11,117,17,88,38,12,155,0,0,0,155
03/06/2010,STX,VI,ASO,ES,Federal Contract Tower,16,23,1,0,40,0,34,12,0,46,16,57,13,0,86,0,0,0,86
03/07/2010,STX,VI,ASO,ES,Federal Contract Tower,19,30,9,0,58,0,38,10,0,48,19,68,19,0,106,0,0,0,106
03/08/2010,STX,VI,ASO,ES,Federal Contract Tower,18,15,10,0,43,0,68,18,0,86,18,83,28,0,129,6,0,6,135
03/09/2010,STX,VI,ASO,ES,Federal Contract Tower,17,10,5,1,33,0,59,27,7,93,17,69,32,8,126,68,10,78,204
03/10/2010,STX,VI,ASO,ES,Federal Contract Tower,19,16,11,2,48,0,56,35,2,93,19,72,46,4,141,28,30,58,199
03/11/2010,STX,VI,ASO,ES,Federal Contract Tower,22,33,8,3,66,0,41,16,0,57,22,74,24,3,123,10,0,10,133
03/12/2010,STX,VI,ASO,ES,Federal Contract Tower,15,18,6,6,45,0,76,32,1,109,15,94,38,7,154,2,4,6,160
03/13/2010,STX,VI,ASO,ES,Federal Contract Tower,16,5,2,4,27,0,70,25,0,95,16,75,27,4,122,0,6,6,128
03/14/2010,STX,VI,ASO,ES,Federal Contract Tower,17,5,5,5,32,0,63,32,1,96,17,68,37,6,128,10,2,12,140
03/15/2010,STX,VI,ASO,ES,Federal Contract Tower,16,10,2,3,31,0,67,31,0,98,16,77,33,3,129,8,0,8,137
03/16/2010,STX,VI,ASO,ES,Federal Contract Tower,16,12,7,1,36,0,62,37,0,99,16,74,44,1,135,16,0,16,151
03/17/2010,STX,VI,ASO,ES,Federal Contract Tower,16,8,5,0,29,0,62,27,3,92,16,70,32,3,121,6,4,10,131
03/18/2010,STX,VI,ASO,ES,Federal Contract Tower,13,12,5,0,30,0,76,39,0,115,13,88,44,0,145,30,0,30,175
03/19/2010,STX,VI,ASO,ES,Federal Contract Tower,16,15,6,0,37,0,87,32,0,119,16,102,38,0,156,0,0,0,156
03/20/2010,STX,VI,ASO,ES,Federal Contract Tower,16,12,6,1,35,0,66,23,0,89,16,78,29,1,124,36,0,36,160
03/21/2010,STX,VI,ASO,ES,Federal Contract Tower,19,3,3,2,27,0,70,22,0,92,19,73,25,2,119,8,0,8,127
03/22/2010,STX,VI,ASO,ES,Federal Contract Tower,16,8,2,0,26,0,68,30,0,98,16,76,32,0,124,4,0,4,128
03/23/2010,STX,VI,ASO,ES,Federal Contract Tower,15,13,4,0,32,0,73,34,2,109,15,86,38,2,141,12,0,12,153
03/24/2010,STX,VI,ASO,ES,Federal Contract Tower,16,5,12,0,33,0,74,34,0,108,16,79,46,0,141,0,0,0,141
03/25/2010,STX,VI,ASO,ES,Federal Contract Tower,16,8,2,6,32,0,76,34,0,110,16,84,36,6,142,4,0,4,146
03/26/2010,STX,VI,ASO,ES,Federal Contract Tower,16,13,1,2,32,0,100,51,0,151,16,113,52,2,183,6,0,6,189
03/27/2010,STX,VI,ASO,ES,Federal Contract Tower,17,12,6,0,35,0,61,37,0,98,17,73,43,0,133,0,0,0,133
03/28/2010,STX,VI,ASO,ES,Federal Contract Tower,16,7,3,1,27,0,86,72,1,159,16,93,75,2,186,10,0,10,196
03/29/2010,STX,VI,ASO,ES,Federal Contract Tower,20,8,8,0,36,0,86,47,0,133,20,94,55,0,169,2,0,2,171
03/30/2010,STX,VI,ASO,ES,Federal Contract Tower,14,9,7,2,32,0,83,33,3,119,14,92,40,5,151,8,0,8,159
03/31/2010,STX,VI,ASO,ES,Federal Contract Tower,16,10,7,3,36,0,80,52,4,136,16,90,59,7,172,6,0,6,178
04/01/2010,STX,VI,ASO,ES,Federal Contract Tower,15,15,5,1,36,0,79,57,2,138,15,94,62,3,174,22,8,30,204
04/02/2010,STX,VI,ASO,ES,Federal Contract Tower,17,7,3,1,28,0,58,18,0,76,17,65,21,1,104,16,0,16,120
04/03/2010,STX,VI,ASO,ES,Federal Contract Tower,19,6,6,0,31,0,60,21,0,81,19,66,27,0,112,6,0,6,118
04/04/2010,STX,VI,ASO,ES,Federal Contract Tower,16,9,5,0,30,0,51,21,0,72,16,60,26,0,102,6,0,6,108
04/05/2010,STX,VI,ASO,ES,Federal Contract Tower,15,10,3,0,28,0,77,51,2,130,15,87,54,2,158,12,0,12,170
04/06/2010,STX,VI,ASO,ES,Federal Contract Tower,13,8,5,4,30,0,72,35,2,109,13,80,40,6,139,32,6,38,177
04/07/2010,STX,VI,ASO,ES,Federal Contract Tower,15,11,2,3,31,0,69,37,0,106,15,80,39,3,137,14,0,14,151
04/08/2010,STX,VI,ASO,ES,Federal Contract Tower,13,16,4,4,37,0,78,33,6,117,13,94,37,10,154,34,0,34,188
04/09/2010,STX,VI,ASO,ES,Federal Contract Tower,13,19,6,0,38,0,78,35,1,114,13,97,41,1,152,40,0,40,192
04/10/2010,STX,VI,ASO,ES,Federal Contract Tower,17,9,3,0,29,0,62,21,0,83,17,71,24,0,112,8,0,8,120
04/11/2010,STX,VI,ASO,ES,Federal Contract Tower,12,14,4,0,30,0,61,23,0,84,12,75,27,0,114,0,0,0,114
04/12/2010,STX,VI,ASO,ES,Federal Contract Tower,13,20,8,2,43,0,75,29,0,104,13,95,37,2,147,4,0,4,151
04/13/2010,STX,VI,ASO,ES,Federal Contract Tower,13,22,6,5,46,0,62,30,3,95,13,84,36,8,141,16,46,62,203
04/14/2010,STX,VI,ASO,ES,Federal Contract Tower,15,6,5,7,33,0,74,43,5,122,15,80,48,12,155,14,36,50,205
04/15/2010,STX,VI,ASO,ES,Federal Contract Tower,14,22,4,8,48,0,55,33,2,90,14,77,37,10,138,10,48,58,196
04/16/2010,STX,VI,ASO,ES,Federal Contract Tower,13,25,1,2,41,0,59,54,2,115,13,84,55,4,156,6,8,14,170
04/17/2010,STX,VI,ASO,ES,Federal Contract Tower,16,10,5,11,42,0,75,22,0,97,16,85,27,11,139,8,0,8,147
04/18/2010,STX,VI,ASO,ES,Federal Contract Tower,15,6,1,5,27,0,61,28,1,90,15,67,29,6,117,10,0,10,127
04/19/2010,STX,VI,ASO,ES,Federal Contract Tower,12,16,5,1,34,0,66,38,0,104,12,82,43,1,138,0,0,0,138
04/20/2010,STX,VI,ASO,ES,Federal Contract Tower,13,15,10,4,42,0,67,34,0,101,13,82,44,4,143,26,18,44,187
04/21/2010,STX,VI,ASO,ES,Federal Contract Tower,14,19,5,2,40,0,59,43,0,102,14,78,48,2,142,24,16,40,182
04/22/2010,STX,VI,ASO,ES,Federal Contract Tower,14,18,5,1,38,0,62,36,2,100,14,80,41,3,138,0,0,0,138
04/23/2010,STX,VI,ASO,ES,Federal Contract Tower,13,20,9,0,42,0,55,40,0,95,13,75,49,0,137,2,0,2,139
04/24/2010,STX,VI,ASO,ES,Federal Contract Tower,17,21,1,3,42,0,34,28,0,62,17,55,29,3,104,0,0,0,104
04/25/2010,STX,VI,ASO,ES,Federal Contract Tower,13,8,3,0,24,0,70,27,1,98,13,78,30,1,122,8,0,8,130
04/26/2010,STX,VI,ASO,ES,Federal Contract Tower,11,14,9,1,35,0,67,29,0,96,11,81,38,1,131,22,0,22,153
04/27/2010,STX,VI,ASO,ES,Federal Contract Tower,12,7,2,1,22,0,54,44,1,99,12,61,46,2,121,26,6,32,153
04/28/2010,STX,VI,ASO,ES,Federal Contract Tower,15,7,6,3,31,0,56,54,1,111,15,63,60,4,142,54,0,54,196
04/29/2010,STX,VI,ASO,ES,Federal Contract Tower,13,12,1,0,26,0,59,58,0,117,13,71,59,0,143,6,0,6,149
04/30/2010,STX,VI,ASO,ES,Federal Contract Tower,13,11,1,2,27,0,76,48,1,125,13,87,49,3,152,12,6,18,170
05/01/2010,STX,VI,ASO,ES,Federal Contract Tower,17,2,0,0,19,0,64,37,2,103,17,66,37,2,122,10,0,10,132
05/02/2010,STX,VI,ASO,ES,Federal Contract Tower,8,10,1,0,19,0,86,51,0,137,8,96,52,0,156,14,0,14,170
05/03/2010,STX,VI,ASO,ES,Federal Contract Tower,14,16,7,0,37,0,70,51,0,121,14,86,58,0,158,8,0,8,166
05/04/2010,STX,VI,ASO,ES,Federal Contract Tower,12,10,2,1,25,0,49,34,0,83,12,59,36,1,108,8,0,8,116
05/05/2010,STX,VI,ASO,ES,Federal Contract Tower,15,6,4,2,27,0,45,48,0,93,15,51,52,2,120,22,0,22,142
05/06/2010,STX,VI,ASO,ES,Federal Contract Tower,10,7,6,3,26,0,51,41,11,103,10,58,47,14,129,2,0,2,131
05/07/2010,STX,VI,ASO,ES,Federal Contract Tower,14,19,8,3,44,0,68,42,0,110,14,87,50,3,154,26,0,26,180
05/08/2010,STX,VI,ASO,ES,Federal Contract Tower,15,3,2,3,23,0,39,25,0,64,15,42,27,3,87,10,0,10,97
05/09/2010,STX,VI,ASO,ES,Federal Contract Tower,13,13,2,0,28,0,36,20,0,56,13,49,22,0,84,4,0,4,88
05/10/2010,STX,VI,ASO,ES,Federal Contract Tower,13,9,0,2,24,0,51,31,0,82,13,60,31,2,106,0,0,0,106
05/11/2010,STX,VI,ASO,ES,Federal Contract Tower,13,12,2,3,30,0,41,33,0,74,13,53,35,3,104,30,0,30,134
05/12/2010,STX,VI,ASO,ES,Federal Contract Tower,15,6,6,3,30,0,52,33,0,85,15,58,39,3,115,8,0,8,123
05/13/2010,STX,VI,ASO,ES,Federal Contract Tower,13,10,7,3,33,0,49,30,0,79,13,59,37,3,112,0,0,0,112
05/14/2010,STX,VI,ASO,ES,Federal Contract Tower,13,12,2,6,33,0,67,25,0,92,13,79,27,6,125,0,0,0,125
05/15/2010,STX,VI,ASO,ES,Federal Contract Tower,16,2,1,4,23,0,52,21,0,73,16,54,22,4,96,0,0,0,96
05/16/2010,STX,VI,ASO,ES,Federal Contract Tower,13,12,1,9,35,0,33,19,2,54,13,45,20,11,89,2,0,2,91
05/17/2010,STX,VI,ASO,ES,Federal Contract Tower,13,18,13,0,44,0,47,33,1,81,13,65,46,1,125,24,0,24,149
05/18/2010,STX,VI,ASO,ES,Federal Contract Tower,13,10,5,0,28,0,47,37,4,88,13,57,42,4,116,34,0,34,150
05/19/2010,STX,VI,ASO,ES,Federal Contract Tower,15,7,9,1,32,0,49,32,1,82,15,56,41,2,114,28,0,28,142
05/20/2010,STX,VI,ASO,ES,Federal Contract Tower,13,8,5,3,29,0,41,46,0,87,13,49,51,3,116,14,0,14,130
05/21/2010,STX,VI,ASO,ES,Federal Contract Tower,13,11,3,1,28,0,47,49,0,96,13,58,52,1,124,66,0,66,190
05/22/2010,STX,VI,ASO,ES,Federal Contract Tower,16,3,2,0,21,0,53,33,0,86,16,56,35,0,107,18,0,18,125
05/23/2010,STX,VI,ASO,ES,Federal Contract Tower,9,9,0,0,18,0,34,24,0,58,9,43,24,0,76,34,0,34,110
05/24/2010,STX,VI,ASO,ES,Federal Contract Tower,13,9,3,0,25,0,54,22,2,78,13,63,25,2,103,12,0,12,115
05/25/2010,STX,VI,ASO,ES,Federal Contract Tower,13,13,11,4,41,0,51,24,2,77,13,64,35,6,118,8,16,24,142
05/26/2010,STX,VI,ASO,ES,Federal Contract Tower,15,10,11,2,38,0,41,31,0,72,15,51,42,2,110,20,0,20,130
05/27/2010,STX,VI,ASO,ES,Federal Contract Tower,13,27,11,0,51,0,30,20,0,50,13,57,31,0,101,0,0,0,101
05/28/2010,STX,VI,ASO,ES,Federal Contract Tower,13,16,7,4,40,0,52,29,0,81,13,68,36,4,121,0,0,0,121
05/29/2010,STX,VI,ASO,ES,Federal Contract Tower,14,11,0,0,25,0,33,20,4,57,14,44,20,4,82,12,0,12,94
05/30/2010,STX,VI,ASO,ES,Federal Contract Tower,12,2,2,0,16,0,36,19,0,55,12,38,21,0,71,2,0,2,73
05/31/2010,STX,VI,ASO,ES,Federal Contract Tower,13,3,0,0,16,0,41,20,0,61,13,44,20,0,77,6,0,6,83
06/01/2010,STX,VI,ASO,ES,Federal Contract Tower,13,11,8,0,32,0,45,21,0,66,13,56,29,0,98,0,0,0,98
06/02/2010,STX,VI,ASO,ES,Federal Contract Tower,15,22,7,0,44,0,30,33,3,66,15,52,40,3,110,24,0,24,134
06/03/2010,STX,VI,ASO,ES,Federal Contract Tower,15,13,7,3,38,0,42,33,0,75,15,55,40,3,113,16,0,16,129
06/04/2010,STX,VI,ASO,ES,Federal Contract Tower,12,9,7,4,32,0,49,30,1,80,12,58,37,5,112,12,0,12,124
06/05/2010,STX,VI,ASO,ES,Federal Contract Tower,15,4,2,2,23,0,40,11,6,57,15,44,13,8,80,0,0,0,80
06/06/2010,STX,VI,ASO,ES,Federal Contract Tower,12,2,5,2,21,0,47,29,2,78,12,49,34,4,99,8,0,8,107
06/07/2010,STX,VI,ASO,ES,Federal Contract Tower,14,8,5,0,27,0,50,37,0,87,14,58,42,0,114,18,0,18,132
06/08/2010,STX,VI,ASO,ES,Federal Contract Tower,14,8,4,1,27,0,40,22,2,64,14,48,26,3,91,26,0,26,117
06/09/2010,STX,VI,ASO,ES,Federal Contract Tower,18,8,13,0,39,0,37,42,0,79,18,45,55,0,118,14,0,14,132
06/10/2010,STX,VI,ASO,ES,Federal Contract Tower,14,8,6,1,29,0,44,32,0,76,14,52,38,1,105,0,0,0,105
06/11/2010,STX,VI,ASO,ES,Federal Contract Tower,13,9,2,4,28,0,50,28,0,78,13,59,30,4,106,0,0,0,106
06/12/2010,STX,VI,ASO,ES,Federal Contract Tower,13,2,2,2,19,0,51,21,0,72,13,53,23,2,91,18,0,18,109
06/13/2010,STX,VI,ASO,ES,Federal Contract Tower,13,7,4,4,28,0,39,18,0,57,13,46,22,4,85,12,0,12,97
06/14/2010,STX,VI,ASO,ES,Federal Contract Tower,13,7,4,4,28,0,51,34,1,86,13,58,38,5,114,0,2,2,116
06/15/2010,STX,VI,ASO,ES,Federal Contract Tower,14,7,5,1,27,0,47,31,5,83,14,54,36,6,110,12,0,12,122
06/16/2010,STX,VI,ASO,ES,Federal Contract Tower,12,7,8,1,28,0,43,48,5,96,12,50,56,6,124,18,2,20,144
06/17/2010,STX,VI,ASO,ES,Federal Contract Tower,13,4,1,3,21,0,54,36,1,91,13,58,37,4,112,4,10,14,126
06/18/2010,STX,VI,ASO,ES,Federal Contract Tower,12,14,8,6,40,0,73,47,0,120,12,87,55,6,160,10,0,10,170
06/19/2010,STX,VI,ASO,ES,Federal Contract Tower,12,13,3,5,33,0,22,18,0,40,12,35,21,5,73,6,0,6,79
06/20/2010,STX,VI,ASO,ES,Federal Contract Tower,12,15,1,7,35,0,28,6,0,34,12,43,7,7,69,0,0,0,69
06/21/2010,STX,VI,ASO,ES,Federal Contract Tower,13,9,3,4,29,0,48,35,0,83,13,57,38,4,112,6,0,6,118
06/22/2010,STX,VI,ASO,ES,Federal Contract Tower,13,9,5,0,27,0,47,33,0,80,13,56,38,0,107,2,0,2,109
06/23/2010,STX,VI,ASO,ES,Federal Contract Tower,11,8,7,2,28,0,41,32,0,73,11,49,39,2,101,14,0,14,115
06/24/2010,STX,VI,ASO,ES,Federal Contract Tower,13,11,3,4,31,0,47,40,1,88,13,58,43,5,119,8,0,8,127
06/25/2010,STX,VI,ASO,ES,Federal Contract Tower,13,21,11,0,45,0,41,27,0,68,13,62,38,0,113,0,0,0,113
06/26/2010,STX,VI,ASO,ES,Federal Contract Tower,14,2,1,1,18,0,55,21,2,78,14,57,22,3,96,22,0,22,118
06/27/2010,STX,VI,ASO,ES,Federal Contract Tower,15,3,2,4,24,0,47,19,2,68,15,50,21,6,92,4,0,4,96
06/28/2010,STX,VI,ASO,ES,Federal Contract Tower,13,9,4,0,26,0,51,30,0,81,13,60,34,0,107,4,0,4,111
06/29/2010,STX,VI,ASO,ES,Federal Contract Tower,13,11,4,1,29,0,43,28,3,74,13,54,32,4,103,8,0,8,111
06/30/2010,STX,VI,ASO,ES,Federal Contract Tower,11,9,10,0,30,0,45,28,4,77,11,54,38,4,107,0,2,2,109
07/01/2010,STX,VI,ASO,ES,Federal Contract Tower,16,13,2,3,34,0,52,40,2,94,16,65,42,5,128,28,0,28,156
07/02/2010,STX,VI,ASO,ES,Federal Contract Tower,13,8,4,6,31,0,74,27,0,101,13,82,31,6,132,26,0,26,158
07/03/2010,STX,VI,ASO,ES,Federal Contract Tower,14,2,2,0,18,0,50,37,0,87,14,52,39,0,105,10,0,10,115
07/04/2010,STX,VI,ASO,ES,Federal Contract Tower,13,2,0,0,15,0,46,32,0,78,13,48,32,0,93,0,0,0,93
07/05/2010,STX,VI,ASO,ES,Federal Contract Tower,13,7,3,0,23,0,38,27,0,65,13,45,30,0,88,0,0,0,88
07/06/2010,STX,VI,ASO,ES,Federal Contract Tower,13,9,4,3,29,0,53,29,0,82,13,62,33,3,111,0,0,0,111
07/07/2010,STX,VI,ASO,ES,Federal Contract Tower,11,14,3,2,30,0,42,36,4,82,11,56,39,6,112,10,0,10,122
07/08/2010,STX,VI,ASO,ES,Federal Contract Tower,13,16,1,5,35,0,36,51,0,87,13,52,52,5,122,4,0,4,126
07/09/2010,STX,VI,ASO,ES,Federal Contract Tower,13,8,2,3,26,0,59,37,2,98,13,67,39,5,124,36,0,36,160
07/10/2010,STX,VI,ASO,ES,Federal Contract Tower,12,2,2,2,18,0,47,28,1,76,12,49,30,3,94,6,0,6,100
07/11/2010,STX,VI,ASO,ES,Federal Contract Tower,13,2,0,2,17,0,44,30,0,74,13,46,30,2,91,0,0,0,91
07/12/2010,STX,VI,ASO,ES,Federal Contract Tower,12,10,3,0,25,0,52,37,0,89,12,62,40,0,114,8,0,8,122
07/13/2010,STX,VI,ASO,ES,Federal Contract Tower,13,10,7,0,30,0,45,28,0,73,13,55,35,0,103,12,0,12,115
07/14/2010,STX,VI,ASO,ES,Federal Contract Tower,11,8,5,0,24,0,51,45,2,98,11,59,50,2,122,2,0,2,124
07/15/2010,STX,VI,ASO,ES,Federal Contract Tower,13,10,1,1,25,0,55,37,0,92,13,65,38,1,117,14,0,14,131
07/16/2010,STX,VI,ASO,ES,Federal Contract Tower,13,7,6,1,27,0,77,38,0,115,13,84,44,1,142,2,0,2,144
07/17/2010,STX,VI,ASO,ES,Federal Contract Tower,12,7,3,2,24,0,47,16,0,63,12,54,19,2,87,0,0,0,87
07/18/2010,STX,VI,ASO,ES,Federal Contract Tower,13,6,2,2,23,0,51,21,0,72,13,57,23,2,95,12,0,12,107
07/19/2010,STX,VI,ASO,ES,Federal Contract Tower,13,16,10,1,40,0,34,26,0,60,13,50,36,1,100,2,0,2,102
07/20/2010,STX,VI,ASO,ES,Federal Contract Tower,13,22,11,1,47,0,18,8,0,26,13,40,19,1,73,0,0,0,73
07/21/2010,STX,VI,ASO,ES,Federal Contract Tower,12,12,10,3,37,0,45,28,2,75,12,57,38,5,112,4,0,4,116
07/22/2010,STX,VI,ASO,ES,Federal Contract Tower,13,20,5,5,43,0,43,28,0,71,13,63,33,5,114,26,0,26,140
07/23/2010,STX,VI,ASO,ES,Federal Contract Tower,12,12,7,0,31,0,53,42,2,97,12,65,49,2,128,18,0,18,146
07/24/2010,STX,VI,ASO,ES,Federal Contract Tower,13,2,6,3,24,0,37,18,1,56,13,39,24,4,80,22,0,22,102
07/25/2010,STX,VI,ASO,ES,Federal Contract Tower,13,2,1,0,16,0,46,34,0,80,13,48,35,0,96,0,0,0,96
07/26/2010,STX,VI,ASO,ES,Federal Contract Tower,13,12,1,2,28,0,54,41,0,95,13,66,42,2,123,0,0,0,123
07/27/2010,STX,VI,ASO,ES,Federal Contract Tower,13,10,2,0,25,0,53,24,0,77,13,63,26,0,102,8,2,10,112
07/28/2010,STX,VI,ASO,ES,Federal Contract Tower,13,7,5,1,26,0,49,39,2,90,13,56,44,3,116,22,0,22,138
07/29/2010,STX,VI,ASO,ES,Federal Contract Tower,13,8,3,1,25,0,54,30,0,84,13,62,33,1,109,2,0,2,111
07/30/2010,STX,VI,ASO,ES,Federal Contract Tower,13,8,3,3,27,0,50,35,4,89,13,58,38,7,116,8,0,8,124
07/31/2010,STX,VI,ASO,ES,Federal Contract Tower,13,2,7,1,23,0,40,32,0,72,13,42,39,1,95,6,0,6,101
08/01/2010,STX,VI,ASO,ES,Federal Contract Tower,15,2,1,0,18,0,49,25,0,74,15,51,26,0,92,0,0,0,92
08/02/2010,STX,VI,ASO,ES,Federal Contract Tower,13,11,5,0,29,0,59,30,0,89,13,70,35,0,118,0,0,0,118
08/03/2010,STX,VI,ASO,ES,Federal Contract Tower,13,8,6,3,30,0,50,30,1,81,13,58,36,4,111,8,0,8,119
08/04/2010,STX,VI,ASO,ES,Federal Contract Tower,11,6,8,2,27,0,45,28,1,74,11,51,36,3,101,32,0,32,133
08/05/2010,STX,VI,ASO,ES,Federal Contract Tower,13,9,1,5,28,0,60,48,2,110,13,69,49,7,138,6,0,6,144
08/06/2010,STX,VI,ASO,ES,Federal Contract Tower,12,8,2,1,23,0,76,36,1,113,12,84,38,2,136,8,0,8,144
08/07/2010,STX,VI,ASO,ES,Federal Contract Tower,13,3,4,5,25,0,50,41,4,95,13,53,45,9,120,34,24,58,178
08/08/2010,STX,VI,ASO,ES,Federal Contract Tower,13,3,2,8,26,0,53,28,0,81,13,56,30,8,107,6,0,6,113
08/09/2010,STX,VI,ASO,ES,Federal Contract Tower,12,16,8,1,37,0,46,27,0,73,12,62,35,1,110,0,0,0,110
08/10/2010,STX,VI,ASO,ES,Federal Contract Tower,13,8,6,5,32,0,46,28,0,74,13,54,34,5,106,38,0,38,144
08/11/2010,STX,VI,ASO,ES,Federal Contract Tower,11,10,10,4,35,0,50,29,3,82,11,60,39,7,117,6,0,6,123
08/12/2010,STX,VI,ASO,ES,Federal Contract Tower,13,17,9,4,43,0,46,44,0,90,13,63,53,4,133,16,0,16,149
08/13/2010,STX,VI,ASO,ES,Federal Contract Tower,14,11,9,1,35,0,67,45,0,112,14,78,54,1,147,6,0,6,153
08/14/2010,STX,VI,ASO,ES,Federal Contract Tower,13,5,2,0,20,0,46,20,0,66,13,51,22,0,86,26,0,26,112
08/15/2010,STX,VI,ASO,ES,Federal Contract Tower,13,3,1,0,17,0,48,28,0,76,13,51,29,0,93,0,0,0,93
08/16/2010,STX,VI,ASO,ES,Federal Contract Tower,14,9,8,0,31,0,53,27,0,80,14,62,35,0,111,16,0,16,127
08/17/2010,STX,VI,ASO,ES,Federal Contract Tower,10,7,8,0,25,0,49,38,0,87,10,56,46,0,112,30,0,30,142
08/18/2010,STX,VI,ASO,ES,Federal Contract Tower,11,6,11,0,28,0,58,42,8,108,11,64,53,8,136,6,4,10,146
08/19/2010,STX,VI,ASO,ES,Federal Contract Tower,11,13,4,3,31,0,54,33,3,90,11,67,37,6,121,32,0,32,153
08/20/2010,STX,VI,ASO,ES,Federal Contract Tower,10,5,8,5,28,0,69,36,4,109,10,74,44,9,137,42,26,68,205
08/21/2010,STX,VI,ASO,ES,Federal Contract Tower,13,2,5,5,25,0,41,24,3,68,13,43,29,8,93,26,26,52,145
08/22/2010,STX,VI,ASO,ES,Federal Contract Tower,11,4,1,4,20,0,51,26,4,81,11,55,27,8,101,10,10,20,121
08/23/2010,STX,VI,ASO,ES,Federal Contract Tower,11,18,8,4,41,0,42,21,0,63,11,60,29,4,104,12,8,20,124
08/24/2010,STX,VI,ASO,ES,Federal Contract Tower,9,9,8,4,30,0,45,27,5,77,9,54,35,9,107,34,18,52,159
08/25/2010,STX,VI,ASO,ES,Federal Contract Tower,9,5,9,7,30,0,39,27,1,67,9,44,36,8,97,0,16,16,113
08/26/2010,STX,VI,ASO,ES,Federal Contract Tower,9,10,6,7,32,0,57,35,2,94,9,67,41,9,126,0,2,2,128
08/27/2010,STX,VI,ASO,ES,Federal Contract Tower,9,8,6,9,32,0,56,43,0,99,9,64,49,9,131,40,0,40,171
08/28/2010,STX,VI,ASO,ES,Federal Contract Tower,12,2,4,6,24,0,37,36,1,74,12,39,40,7,98,6,0,6,104
08/29/2010,STX,VI,ASO,ES,Federal Contract Tower,10,2,1,6,19,0,39,36,5,80,10,41,37,11,99,0,0,0,99
08/30/2010,STX,VI,ASO,ES,Federal Contract Tower,1,0,0,4,5,0,0,1,0,1,1,0,1,4,6,0,0,0,6
08/31/2010,STX,VI,ASO,ES,Federal Contract Tower,9,6,7,5,27,0,26,17,2,45,9,32,24,7,72,0,0,0,72
09/01/2010,STX,VI,ASO,ES,Federal Contract Tower,9,8,8,11,36,0,44,27,1,72,9,52,35,12,108,20,0,20,128
09/02/2010,STX,VI,ASO,ES,Federal Contract Tower,9,8,7,0,24,0,51,44,0,95,9,59,51,0,119,8,32,40,159
09/03/2010,STX,VI,ASO,ES,Federal Contract Tower,10,9,13,6,38,0,74,39,1,114,10,83,52,7,152,6,6,12,164
09/04/2010,STX,VI,ASO,ES,Federal Contract Tower,9,3,2,0,14,0,51,39,0,90,9,54,41,0,104,26,0,26,130
09/05/2010,STX,VI,ASO,ES,Federal Contract Tower,9,2,4,0,15,0,45,43,0,88,9,47,47,0,103,0,0,0,103
09/06/2010,STX,VI,ASO,ES,Federal Contract Tower,9,4,4,3,20,0,52,29,0,81,9,56,33,3,101,2,0,2,103
09/07/2010,STX,VI,ASO,ES,Federal Contract Tower,9,11,13,0,33,0,40,26,1,67,9,51,39,1,100,0,14,14,114
09/08/2010,STX,VI,ASO,ES,Federal Contract Tower,9,6,5,3,23,0,36,26,2,64,9,42,31,5,87,2,0,2,89
09/09/2010,STX,VI,ASO,ES,Federal Contract Tower,10,6,4,1,21,0,47,45,2,94,10,53,49,3,115,6,0,6,121
09/10/2010,STX,VI,ASO,ES,Federal Contract Tower,9,5,8,4,26,0,58,28,5,91,9,63,36,9,117,14,4,18,135
09/11/2010,STX,VI,ASO,ES,Federal Contract Tower,9,9,7,1,26,0,29,11,4,44,9,38,18,5,70,0,0,0,70
09/12/2010,STX,VI,ASO,ES,Federal Contract Tower,9,4,8,2,23,0,48,15,0,63,9,52,23,2,86,8,2,10,96
09/13/2010,STX,VI,ASO,ES,Federal Contract Tower,9,7,5,3,24,0,49,36,5,90,9,56,41,8,114,0,2,2,116
09/14/2010,STX,VI,ASO,ES,Federal Contract Tower,9,8,10,2,29,0,50,27,0,77,9,58,37,2,106,10,24,34,140
09/15/2010,STX,VI,ASO,ES,Federal Contract Tower,9,7,7,6,29,0,48,34,4,86,9,55,41,10,115,6,16,22,137
09/16/2010,STX,VI,ASO,ES,Federal Contract Tower,9,5,2,8,24,0,43,39,0,82,9,48,41,8,106,6,0,6,112
09/17/2010,STX,VI,ASO,ES,Federal Contract Tower,9,14,9,4,36,0,47,26,4,77,9,61,35,8,113,0,0,0,113
09/18/2010,STX,VI,ASO,ES,Federal Contract Tower,10,3,4,4,21,0,43,16,0,59,10,46,20,4,80,20,0,20,100
09/19/2010,STX,VI,ASO,ES,Federal Contract Tower,8,6,3,3,20,0,38,31,2,71,8,44,34,5,91,18,2,20,111
09/20/2010,STX,VI,ASO,ES,Federal Contract Tower,9,8,9,4,30,0,49,27,0,76,9,57,36,4,106,8,6,14,120
09/21/2010,STX,VI,ASO,ES,Federal Contract Tower,9,9,12,0,30,0,44,29,3,76,9,53,41,3,106,32,2,34,140
09/22/2010,STX,VI,ASO,ES,Federal Contract Tower,9,8,7,5,29,0,41,33,6,80,9,49,40,11,109,22,4,26,135
09/23/2010,STX,VI,ASO,ES,Federal Contract Tower,9,8,8,4,29,0,46,22,2,70,9,54,30,6,99,10,8,18,117
09/24/2010,STX,VI,ASO,ES,Federal Contract Tower,10,6,13,4,33,0,60,40,2,102,10,66,53,6,135,20,0,20,155
09/25/2010,STX,VI,ASO,ES,Federal Contract Tower,9,2,3,2,16,0,39,20,0,59,9,41,23,2,75,26,2,28,103
09/26/2010,STX,VI,ASO,ES,Federal Contract Tower,9,2,2,0,13,0,49,37,1,87,9,51,39,1,100,6,0,6,106
09/27/2010,STX,VI,ASO,ES,Federal Contract Tower,9,6,5,0,20,0,53,38,0,91,9,59,43,0,111,24,0,24,135
09/28/2010,STX,VI,ASO,ES,Federal Contract Tower,9,8,9,0,26,0,48,20,0,68,9,56,29,0,94,10,0,10,104
09/29/2010,STX,VI,ASO,ES,Federal Contract Tower,9,6,8,2,25,0,42,33,0,75,9,48,41,2,100,32,0,32,132
09/30/2010,STX,VI,ASO,ES,Federal Contract Tower,9,8,10,0,27,0,47,33,2,82,9,55,43,2,109,14,0,14,123
10/01/2010,STX,VI,ASO,ES,Federal Contract Tower,9,12,4,4,29,0,51,39,0,90,9,63,43,4,119,28,0,28,147
10/02/2010,STX,VI,ASO,ES,Federal Contract Tower,9,2,1,1,13,0,37,16,0,53,9,39,17,1,66,4,0,4,70
10/03/2010,STX,VI,ASO,ES,Federal Contract Tower,9,7,2,1,19,0,35,22,0,57,9,42,24,1,76,22,0,22,98
10/04/2010,STX,VI,ASO,ES,Federal Contract Tower,9,10,7,0,26,0,48,25,0,73,9,58,32,0,99,26,0,26,125
10/05/2010,STX,VI,ASO,ES,Federal Contract Tower,9,21,13,0,43,0,32,8,0,40,9,53,21,0,83,0,0,0,83
10/06/2010,STX,VI,ASO,ES,Federal Contract Tower,9,20,17,1,47,0,10,12,9,31,9,30,29,10,78,8,0,8,86
10/07/2010,STX,VI,ASO,ES,Federal Contract Tower,11,22,17,5,55,0,19,13,7,39,11,41,30,12,94,0,0,0,94
10/08/2010,STX,VI,ASO,ES,Federal Contract Tower,9,16,9,1,35,0,43,23,4,70,9,59,32,5,105,0,0,0,105
10/09/2010,STX,VI,ASO,ES,Federal Contract Tower,9,1,2,1,13,0,36,18,0,54,9,37,20,1,67,4,0,4,71
10/10/2010,STX,VI,ASO,ES,Federal Contract Tower,9,2,2,1,14,0,43,14,1,58,9,45,16,2,72,0,0,0,72
10/11/2010,STX,VI,ASO,ES,Federal Contract Tower,9,5,3,0,17,0,45,18,0,63,9,50,21,0,80,4,0,4,84
10/12/2010,STX,VI,ASO,ES,Federal Contract Tower,8,11,8,6,33,0,50,28,2,80,8,61,36,8,113,16,0,16,129
10/13/2010,STX,VI,ASO,ES,Federal Contract Tower,9,5,10,0,24,0,44,31,1,76,9,49,41,1,100,26,6,32,132
10/14/2010,STX,VI,ASO,ES,Federal Contract Tower,9,9,4,4,26,0,43,37,1,81,9,52,41,5,107,6,4,10,117
10/15/2010,STX,VI,ASO,ES,Federal Contract Tower,12,4,7,0,23,0,49,65,0,114,12,53,72,0,137,30,0,30,167
10/16/2010,STX,VI,ASO,ES,Federal Contract Tower,9,3,2,1,15,0,42,39,3,84,9,45,41,4,99,0,0,0,99
10/17/2010,STX,VI,ASO,ES,Federal Contract Tower,8,2,1,0,11,0,46,41,4,91,8,48,42,4,102,0,0,0,102
10/18/2010,STX,VI,ASO,ES,Federal Contract Tower,8,7,2,0,17,0,57,36,3,96,8,64,38,3,113,24,4,28,141
10/19/2010,STX,VI,ASO,ES,Federal Contract Tower,9,5,5,0,19,0,56,35,0,91,9,61,40,0,110,10,0,10,120
10/20/2010,STX,VI,ASO,ES,Federal Contract Tower,9,8,2,3,22,0,47,33,5,85,9,55,35,8,107,30,0,30,137
10/21/2010,STX,VI,ASO,ES,Federal Contract Tower,9,8,2,0,19,0,38,33,4,75,9,46,35,4,94,8,8,16,110
10/22/2010,STX,VI,ASO,ES,Federal Contract Tower,9,5,8,2,24,0,44,64,0,108,9,49,72,2,132,22,0,22,154
10/23/2010,STX,VI,ASO,ES,Federal Contract Tower,9,2,4,1,16,0,43,26,4,73,9,45,30,5,89,8,0,8,97
10/24/2010,STX,VI,ASO,ES,Federal Contract Tower,9,2,4,0,15,0,51,44,6,101,9,53,48,6,116,0,0,0,116
10/25/2010,STX,VI,ASO,ES,Federal Contract Tower,10,7,8,0,25,0,50,26,2,78,10,57,34,2,103,22,0,22,125
10/26/2010,STX,VI,ASO,ES,Federal Contract Tower,9,9,8,1,27,0,46,22,0,68,9,55,30,1,95,2,0,2,97
10/27/2010,STX,VI,ASO,ES,Federal Contract Tower,9,8,9,3,29,0,44,28,0,72,9,52,37,3,101,32,0,32,133
10/28/2010,STX,VI,ASO,ES,Federal Contract Tower,9,8,4,2,23,0,45,31,0,76,9,53,35,2,99,12,10,22,121
10/29/2010,STX,VI,ASO,ES,Federal Contract Tower,9,7,13,3,32,0,53,33,0,86,9,60,46,3,118,10,0,10,128
10/30/2010,STX,VI,ASO,ES,Federal Contract Tower,9,4,5,2,20,0,44,26,0,70,9,48,31,2,90,4,0,4,94
10/31/2010,STX,VI,ASO,ES,Federal Contract Tower,9,2,2,4,17,0,40,48,0,88,9,42,50,4,105,8,0,8,113
11/01/2010,STX,VI,ASO,ES,Federal Contract Tower,10,9,9,5,33,0,58,38,2,98,10,67,47,7,131,0,0,0,131
11/02/2010,STX,VI,ASO,ES,Federal Contract Tower,10,9,9,6,34,0,61,26,0,87,10,70,35,6,121,2,0,2,123
11/03/2010,STX,VI,ASO,ES,Federal Contract Tower,10,6,10,7,33,0,45,33,0,78,10,51,43,7,111,38,0,38,149
11/04/2010,STX,VI,ASO,ES,Federal Contract Tower,9,5,7,4,25,0,46,29,0,75,9,51,36,4,100,0,0,0,100
11/05/2010,STX,VI,ASO,ES,Federal Contract Tower,9,6,14,5,34,0,58,48,1,107,9,64,62,6,141,36,0,36,177
11/06/2010,STX,VI,ASO,ES,Federal Contract Tower,9,2,3,7,21,0,35,8,0,43,9,37,11,7,64,10,0,10,74
11/07/2010,STX,VI,ASO,ES,Federal Contract Tower,8,17,0,0,25,0,30,18,0,48,8,47,18,0,73,0,0,0,73
11/08/2010,STX,VI,ASO,ES,Federal Contract Tower,9,21,8,2,40,0,35,34,0,69,9,56,42,2,109,24,0,24,133
11/09/2010,STX,VI,ASO,ES,Federal Contract Tower,10,16,8,5,39,0,49,28,0,77,10,65,36,5,116,22,0,22,138
11/10/2010,STX,VI,ASO,ES,Federal Contract Tower,9,23,20,4,56,0,23,9,0,32,9,46,29,4,88,0,0,0,88
11/11/2010,STX,VI,ASO,ES,Federal Contract Tower,8,10,7,1,26,0,30,18,1,49,8,40,25,2,75,18,2,20,95
11/12/2010,STX,VI,ASO,ES,Federal Contract Tower,10,9,10,3,32,0,51,58,0,109,10,60,68,3,141,6,0,6,147
11/13/2010,STX,VI,ASO,ES,Federal Contract Tower,9,3,1,5,18,0,41,29,0,70,9,44,30,5,88,2,0,2,90
11/14/2010,STX,VI,ASO,ES,Federal Contract Tower,9,2,8,7,26,0,46,44,2,92,9,48,52,9,118,0,0,0,118
11/15/2010,STX,VI,ASO,ES,Federal Contract Tower,9,10,6,1,26,0,53,36,4,93,9,63,42,5,119,6,12,18,137
11/16/2010,STX,VI,ASO,ES,Federal Contract Tower,9,7,6,0,22,0,44,29,0,73,9,51,35,0,95,0,0,0,95
11/17/2010,STX,VI,ASO,ES,Federal Contract Tower,9,7,7,3,26,0,45,32,0,77,9,52,39,3,103,18,0,18,121
11/18/2010,STX,VI,ASO,ES,Federal Contract Tower,9,8,4,2,23,0,35,47,5,87,9,43,51,7,110,30,4,34,144
11/19/2010,STX,VI,ASO,ES,Federal Contract Tower,9,7,3,3,22,0,54,39,2,95,9,61,42,5,117,10,0,10,127
11/20/2010,STX,VI,ASO,ES,Federal Contract Tower,9,5,2,1,17,0,47,33,0,80,9,52,35,1,97,32,0,32,129
11/21/2010,STX,VI,ASO,ES,Federal Contract Tower,9,3,0,2,14,0,49,20,0,69,9,52,20,2,83,6,0,6,89
11/22/2010,STX,VI,ASO,ES,Federal Contract Tower,11,7,8,0,26,0,56,33,0,89,11,63,41,0,115,0,0,0,115
11/23/2010,STX,VI,ASO,ES,Federal Contract Tower,10,13,6,2,31,0,44,41,0,85,10,57,47,2,116,0,0,0,116
11/24/2010,STX,VI,ASO,ES,Federal Contract Tower,10,5,12,0,27,0,56,42,0,98,10,61,54,0,125,14,0,14,139
11/25/2010,STX,VI,ASO,ES,Federal Contract Tower,9,2,1,0,12,0,38,20,0,58,9,40,21,0,70,0,0,0,70
11/26/2010,STX,VI,ASO,ES,Federal Contract Tower,9,3,6,0,18,0,44,28,0,72,9,47,34,0,90,0,0,0,90
11/27/2010,STX,VI,ASO,ES,Federal Contract Tower,10,3,7,0,20,0,49,21,0,70,10,52,28,0,90,0,0,0,90
11/28/2010,STX,VI,ASO,ES,Federal Contract Tower,14,3,6,0,23,0,54,49,0,103,14,57,55,0,126,0,0,0,126
11/29/2010,STX,VI,ASO,ES,Federal Contract Tower,9,7,7,0,23,0,62,26,0,88,9,69,33,0,111,18,0,18,129
11/30/2010,STX,VI,ASO,ES,Federal Contract Tower,9,9,9,1,28,0,43,22,2,67,9,52,31,3,95,16,0,16,111
12/01/2010,STX,VI,ASO,ES,Federal Contract Tower,13,9,4,6,32,0,42,33,1,76,13,51,37,7,108,46,0,46,154
12/02/2010,STX,VI,ASO,ES,Federal Contract Tower,9,11,5,0,25,0,49,31,1,81,9,60,36,1,106,0,0,0,106
12/03/2010,STX,VI,ASO,ES,Federal Contract Tower,8,9,7,1,25,0,71,41,0,112,8,80,48,1,137,36,0,36,173
12/04/2010,STX,VI,ASO,ES,Federal Contract Tower,9,3,4,1,17,0,43,22,1,66,9,46,26,2,83,0,0,0,83
12/05/2010,STX,VI,ASO,ES,Federal Contract Tower,9,2,4,4,19,0,48,26,0,74,9,50,30,4,93,2,0,2,95
12/06/2010,STX,VI,ASO,ES,Federal Contract Tower,9,8,3,1,21,0,45,42,0,87,9,53,45,1,108,2,0,2,110
12/07/2010,STX,VI,ASO,ES,Federal Contract Tower,11,9,10,3,33,0,35,24,1,60,11,44,34,4,93,30,0,30,123
12/08/2010,STX,VI,ASO,ES,Federal Contract Tower,8,5,9,1,23,1,40,36,0,77,9,45,45,1,100,8,0,8,108
12/09/2010,STX,VI,ASO,ES,Federal Contract Tower,9,8,9,8,34,0,57,23,1,81,9,65,32,9,115,8,0,8,123
12/10/2010,STX,VI,ASO,ES,Federal Contract Tower,11,4,4,9,28,0,59,40,7,106,11,63,44,16,134,22,8,30,164
12/11/2010,STX,VI,ASO,ES,Federal Contract Tower,9,3,6,0,18,0,58,28,2,88,9,61,34,2,106,0,0,0,106
12/12/2010,STX,VI,ASO,ES,Federal Contract Tower,10,2,6,3,21,0,49,28,0,77,10,51,34,3,98,6,0,6,104
12/13/2010,STX,VI,ASO,ES,Federal Contract Tower,9,7,3,0,19,1,56,26,0,83,10,63,29,0,102,8,0,8,110
12/14/2010,STX,VI,ASO,ES,Federal Contract Tower,9,9,5,0,23,0,41,38,0,79,9,50,43,0,102,0,0,0,102
12/15/2010,STX,VI,ASO,ES,Federal Contract Tower,9,17,11,3,40,0,48,29,0,77,9,65,40,3,117,0,0,0,117
12/16/2010,STX,VI,ASO,ES,Federal Contract Tower,12,10,9,6,37,0,67,30,2,99,12,77,39,8,136,4,4,8,144
12/17/2010,STX,VI,ASO,ES,Federal Contract Tower,11,8,7,5,31,0,64,38,1,103,11,72,45,6,134,16,0,16,150
12/18/2010,STX,VI,ASO,ES,Federal Contract Tower,16,5,2,2,25,0,68,28,5,101,16,73,30,7,126,4,0,4,130
12/19/2010,STX,VI,ASO,ES,Federal Contract Tower,12,4,7,1,24,0,63,54,0,117,12,67,61,1,141,4,0,4,145
12/20/2010,STX,VI,ASO,ES,Federal Contract Tower,12,12,14,2,40,0,64,22,0,86,12,76,36,2,126,18,0,18,144
12/21/2010,STX,VI,ASO,ES,Federal Contract Tower,12,10,10,1,33,0,66,27,0,93,12,76,37,1,126,20,0,20,146
12/22/2010,STX,VI,ASO,ES,Federal Contract Tower,14,13,11,0,38,0,58,25,0,83,14,71,36,0,121,0,0,0,121
12/23/2010,STX,VI,ASO,ES,Federal Contract Tower,11,8,10,0,29,0,72,27,0,99,11,80,37,0,128,40,0,40,168
12/24/2010,STX,VI,ASO,ES,Federal Contract Tower,11,3,3,0,17,0,61,31,0,92,11,64,34,0,109,22,0,22,131
12/25/2010,STX,VI,ASO,ES,Federal Contract Tower,15,3,3,0,21,0,37,19,0,56,15,40,22,0,77,0,0,0,77
12/26/2010,STX,VI,ASO,ES,Federal Contract Tower,11,9,5,1,26,0,50,36,0,86,11,59,41,1,112,4,0,4,116
12/27/2010,STX,VI,ASO,ES,Federal Contract Tower,12,7,8,1,28,0,62,25,0,87,12,69,33,1,115,0,0,0,115
12/28/2010,STX,VI,ASO,ES,Federal Contract Tower,11,11,8,7,37,0,49,26,0,75,11,60,34,7,112,0,0,0,112
12/29/2010,STX,VI,ASO,ES,Federal Contract Tower,14,7,11,2,34,0,35,23,2,60,14,42,34,4,94,2,4,6,100
12/30/2010,STX,VI,ASO,ES,Federal Contract Tower,11,10,6,1,28,0,62,38,0,100,11,72,44,1,128,22,0,22,150
12/31/2010,STX,VI,ASO,ES,Federal Contract Tower,11,8,6,0,25,0,53,42,0,95,11,61,48,0,120,12,0,12,132
01/01/2011,STX,VI,ASO,ES,Federal Contract Tower,14,7,4,0,25,0,41,20,0,61,14,48,24,0,86,2,0,2,88
01/02/2011,STX,VI,ASO,ES,Federal Contract Tower,12,5,10,0,27,0,54,20,0,74,12,59,30,0,101,0,0,0,101
01/03/2011,STX,VI,ASO,ES,Federal Contract Tower,12,18,9,1,40,0,63,51,13,127,12,81,60,14,167,0,0,0,167
01/04/2011,STX,VI,ASO,ES,Federal Contract Tower,12,8,11,0,31,0,54,52,5,111,12,62,63,5,142,4,4,8,150
01/05/2011,STX,VI,ASO,ES,Federal Contract Tower,11,7,8,2,28,0,44,44,2,90,11,51,52,4,118,16,0,16,134
01/06/2011,STX,VI,ASO,ES,Federal Contract Tower,11,4,5,0,20,0,57,26,0,83,11,61,31,0,103,14,0,14,117
01/07/2011,STX,VI,ASO,ES,Federal Contract Tower,10,4,6,0,20,0,61,20,0,81,10,65,26,0,101,6,0,6,107
01/08/2011,STX,VI,ASO,ES,Federal Contract Tower,15,4,0,0,19,0,43,24,0,67,15,47,24,0,86,0,0,0,86
01/09/2011,STX,VI,ASO,ES,Federal Contract Tower,9,4,2,1,16,0,92,60,0,152,9,96,62,1,168,8,0,8,176
01/10/2011,STX,VI,ASO,ES,Federal Contract Tower,13,11,5,0,29,0,75,43,2,120,13,86,48,2,149,16,4,20,169
01/11/2011,STX,VI,ASO,ES,Federal Contract Tower,11,8,9,6,34,0,49,31,0,80,11,57,40,6,114,0,10,10,124
01/12/2011,STX,VI,ASO,ES,Federal Contract Tower,11,8,7,3,29,0,51,22,0,73,11,59,29,3,102,12,0,12,114
01/13/2011,STX,VI,ASO,ES,Federal Contract Tower,10,12,4,5,31,0,43,28,0,71,10,55,32,5,102,26,0,26,128
01/14/2011,STX,VI,ASO,ES,Federal Contract Tower,10,5,6,0,21,0,59,49,2,110,10,64,55,2,131,20,0,20,151
01/15/2011,STX,VI,ASO,ES,Federal Contract Tower,13,3,3,2,21,0,43,33,0,76,13,46,36,2,97,8,0,8,105
01/16/2011,STX,VI,ASO,ES,Federal Contract Tower,12,5,1,3,21,0,52,27,0,79,12,57,28,3,100,18,0,18,118
01/17/2011,STX,VI,ASO,ES,Federal Contract Tower,12,2,11,1,26,0,67,39,0,106,12,69,50,1,132,10,0,10,142
01/18/2011,STX,VI,ASO,ES,Federal Contract Tower,12,9,9,4,34,0,51,37,1,89,12,60,46,5,123,14,32,46,169
01/19/2011,STX,VI,ASO,ES,Federal Contract Tower,12,6,10,0,28,0,52,35,0,87,12,58,45,0,115,16,0,16,131
01/20/2011,STX,VI,ASO,ES,Federal Contract Tower,11,7,4,4,26,0,53,37,1,91,11,60,41,5,117,14,0,14,131
01/21/2011,STX,VI,ASO,ES,Federal Contract Tower,12,11,5,6,34,0,46,35,0,81,12,57,40,6,115,6,0,6,121
01/22/2011,STX,VI,ASO,ES,Federal Contract Tower,15,3,5,11,34,0,55,19,0,74,15,58,24,11,108,0,0,0,108
01/23/2011,STX,VI,ASO,ES,Federal Contract Tower,13,4,4,12,33,0,42,19,1,62,13,46,23,13,95,0,0,0,95
01/24/2011,STX,VI,ASO,ES,Federal Contract Tower,11,10,6,3,30,0,51,25,1,77,11,61,31,4,107,2,0,2,109
01/25/2011,STX,VI,ASO,ES,Federal Contract Tower,12,5,9,0,26,0,53,30,2,85,12,58,39,2,111,6,0,6,117
01/26/2011,STX,VI,ASO,ES,Federal Contract Tower,11,6,5,0,22,0,58,32,0,90,11,64,37,0,112,12,0,12,124
01/27/2011,STX,VI,ASO,ES,Federal Contract Tower,11,7,9,6,33,0,49,42,1,92,11,56,51,7,125,40,0,40,165
01/28/2011,STX,VI,ASO,ES,Federal Contract Tower,11,7,6,1,25,0,56,39,0,95,11,63,45,1,120,32,0,32,152
01/29/2011,STX,VI,ASO,ES,Federal Contract Tower,15,3,6,0,24,0,44,33,0,77,15,47,39,0,101,28,0,28,129
01/30/2011,STX,VI,ASO,ES,Federal Contract Tower,12,2,5,2,21,0,45,23,0,68,12,47,28,2,89,26,0,26,115
01/31/2011,STX,VI,ASO,ES,Federal Contract Tower,12,9,2,0,23,0,50,34,0,84,12,59,36,0,107,8,0,8,115
02/01/2011,STX,VI,ASO,ES,Federal Contract Tower,12,16,6,0,34,0,53,31,0,84,12,69,37,0,118,12,0,12,130
02/02/2011,STX,VI,ASO,ES,Federal Contract Tower,12,5,5,2,24,0,52,32,0,84,12,57,37,2,108,14,0,14,122
02/03/2011,STX,VI,ASO,ES,Federal Contract Tower,10,5,5,0,20,0,54,37,3,94,10,59,42,3,114,2,12,14,128
02/04/2011,STX,VI,ASO,ES,Federal Contract Tower,12,7,6,0,25,0,58,37,0,95,12,65,43,0,120,8,0,8,128
02/05/2011,STX,VI,ASO,ES,Federal Contract Tower,15,4,3,1,23,0,48,15,0,63,15,52,18,1,86,22,0,22,108
02/06/2011,STX,VI,ASO,ES,Federal Contract Tower,12,2,5,1,20,0,54,23,0,77,12,56,28,1,97,2,0,2,99
02/07/2011,STX,VI,ASO,ES,Federal Contract Tower,12,7,4,0,23,0,61,29,0,90,12,68,33,0,113,0,0,0,113
02/08/2011,STX,VI,ASO,ES,Federal Contract Tower,12,10,8,6,36,0,62,26,2,90,12,72,34,8,126,0,2,2,128
02/09/2011,STX,VI,ASO,ES,Federal Contract Tower,11,7,11,5,34,0,55,34,0,89,11,62,45,5,123,6,0,6,129
02/10/2011,STX,VI,ASO,ES,Federal Contract Tower,11,8,6,4,29,0,56,26,0,82,11,64,32,4,111,0,0,0,111
02/11/2011,STX,VI,ASO,ES,Federal Contract Tower,11,9,2,5,27,0,70,36,2,108,11,79,38,7,135,0,0,0,135
02/12/2011,STX,VI,ASO,ES,Federal Contract Tower,14,6,2,5,27,0,45,20,3,68,14,51,22,8,95,14,0,14,109
02/13/2011,STX,VI,ASO,ES,Federal Contract Tower,9,6,2,8,25,0,48,28,1,77,9,54,30,9,102,0,0,0,102
02/14/2011,STX,VI,ASO,ES,Federal Contract Tower,11,19,11,0,41,0,53,32,0,85,11,72,43,0,126,20,0,20,146
02/15/2011,STX,VI,ASO,ES,Federal Contract Tower,12,7,3,0,22,0,58,37,0,95,12,65,40,0,117,2,0,2,119
02/16/2011,STX,VI,ASO,ES,Federal Contract Tower,11,4,10,6,31,0,70,41,0,111,11,74,51,6,142,20,0,20,162
02/17/2011,STX,VI,ASO,ES,Federal Contract Tower,11,16,10,4,41,0,64,45,0,109,11,80,55,4,150,36,0,36,186
02/18/2011,STX,VI,ASO,ES,Federal Contract Tower,12,9,11,4,36,0,107,61,0,168,12,116,72,4,204,10,0,10,214
02/19/2011,STX,VI,ASO,ES,Federal Contract Tower,14,3,11,0,28,0,86,51,0,137,14,89,62,0,165,8,0,8,173
02/20/2011,STX,VI,ASO,ES,Federal Contract Tower,11,4,3,0,18,0,89,60,0,149,11,93,63,0,167,16,0,16,183
02/21/2011,STX,VI,ASO,ES,Federal Contract Tower,11,8,9,2,30,0,96,63,1,160,11,104,72,3,190,0,0,0,190
02/22/2011,STX,VI,ASO,ES,Federal Contract Tower,11,18,9,2,40,0,71,41,5,117,11,89,50,7,157,6,6,12,169
02/23/2011,STX,VI,ASO,ES,Federal Contract Tower,13,6,10,1,30,0,65,30,0,95,13,71,40,1,125,18,12,30,155
02/24/2011,STX,VI,ASO,ES,Federal Contract Tower,10,7,10,2,29,0,65,38,0,103,10,72,48,2,132,10,22,32,164
02/25/2011,STX,VI,ASO,ES,Federal Contract Tower,12,9,7,1,29,0,73,40,0,113,12,82,47,1,142,20,0,20,162
02/26/2011,STX,VI,ASO,ES,Federal Contract Tower,15,3,4,0,22,0,53,22,0,75,15,56,26,0,97,2,0,2,99
02/27/2011,STX,VI,ASO,ES,Federal Contract Tower,11,3,6,3,23,0,63,26,2,91,11,66,32,5,114,2,0,2,116
02/28/2011,STX,VI,ASO,ES,Federal Contract Tower,11,11,6,2,30,0,65,29,0,94,11,76,35,2,124,8,0,8,132
03/01/2011,STX,VI,ASO,ES,Federal Contract Tower,12,6,7,6,31,0,65,33,2,100,12,71,40,8,131,6,0,6,137
03/02/2011,STX,VI,ASO,ES,Federal Contract Tower,13,9,4,1,27,0,52,40,4,96,13,61,44,5,123,12,40,52,175
03/03/2011,STX,VI,ASO,ES,Federal Contract Tower,11,6,5,5,27,0,64,34,1,99,11,70,39,6,126,32,20,52,178
03/04/2011,STX,VI,ASO,ES,Federal Contract Tower,10,5,9,2,26,0,76,53,2,131,10,81,62,4,157,24,6,30,187
03/05/2011,STX,VI,ASO,ES,Federal Contract Tower,16,3,3,1,23,0,55,23,0,78,16,58,26,1,101,12,0,12,113
03/06/2011,STX,VI,ASO,ES,Federal Contract Tower,13,3,1,0,17,0,63,29,0,92,13,66,30,0,109,4,0,4,113
03/07/2011,STX,VI,ASO,ES,Federal Contract Tower,12,11,8,0,31,0,68,33,3,104,12,79,41,3,135,2,0,2,137
03/08/2011,STX,VI,ASO,ES,Federal Contract Tower,11,6,9,1,27,0,74,21,3,98,11,80,30,4,125,2,32,34,159
03/09/2011,STX,VI,ASO,ES,Federal Contract Tower,13,6,6,3,28,0,51,20,0,71,13,57,26,3,99,0,0,0,99
03/10/2011,STX,VI,ASO,ES,Federal Contract Tower,11,7,6,9,33,0,57,21,4,82,11,64,27,13,115,28,0,28,143
03/11/2011,STX,VI,ASO,ES,Federal Contract Tower,9,4,3,2,18,0,84,40,0,124,9,88,43,2,142,12,6,18,160
03/12/2011,STX,VI,ASO,ES,Federal Contract Tower,15,4,5,5,29,0,61,20,3,84,15,65,25,8,113,6,6,12,125
03/13/2011,STX,VI,ASO,ES,Federal Contract Tower,11,2,4,6,23,0,72,34,1,107,11,74,38,7,130,14,12,26,156
03/14/2011,STX,VI,ASO,ES,Federal Contract Tower,11,7,8,2,28,0,66,19,0,85,11,73,27,2,113,0,0,0,113
03/15/2011,STX,VI,ASO,ES,Federal Contract Tower,11,5,4,5,25,0,57,30,0,87,11,62,34,5,112,0,0,0,112
03/16/2011,STX,VI,ASO,ES,Federal Contract Tower,13,9,6,5,33,0,61,42,11,114,13,70,48,16,147,18,2,20,167
03/17/2011,STX,VI,ASO,ES,Federal Contract Tower,11,9,0,8,28,0,58,19,7,84,11,67,19,15,112,26,26,52,164
03/18/2011,STX,VI,ASO,ES,Federal Contract Tower,11,7,6,3,27,0,66,32,5,103,11,73,38,8,130,12,0,12,142
03/19/2011,STX,VI,ASO,ES,Federal Contract Tower,15,2,2,3,22,0,50,21,0,71,15,52,23,3,93,30,0,30,123
03/20/2011,STX,VI,ASO,ES,Federal Contract Tower,11,6,4,13,34,0,52,19,1,72,11,58,23,14,106,0,0,0,106
03/21/2011,STX,VI,ASO,ES,Federal Contract Tower,10,8,5,10,33,0,53,24,0,77,10,61,29,10,110,6,0,6,116
03/22/2011,STX,VI,ASO,ES,Federal Contract Tower,11,12,5,5,33,0,52,29,1,82,11,64,34,6,115,2,0,2,117
03/23/2011,STX,VI,ASO,ES,Federal Contract Tower,13,4,3,4,24,0,56,34,1,91,13,60,37,5,115,32,6,38,153
03/24/2011,STX,VI,ASO,ES,Federal Contract Tower,11,6,10,0,27,0,55,20,0,75,11,61,30,0,102,8,0,8,110
03/25/2011,STX,VI,ASO,ES,Federal Contract Tower,11,6,5,1,23,0,76,31,1,108,11,82,36,2,131,4,0,4,135
03/26/2011,STX,VI,ASO,ES,Federal Contract Tower,13,4,6,4,27,0,61,23,1,85,13,65,29,5,112,16,0,16,128
03/27/2011,STX,VI,ASO,ES,Federal Contract Tower,9,9,4,0,22,0,52,30,0,82,9,61,34,0,104,0,0,0,104
03/28/2011,STX,VI,ASO,ES,Federal Contract Tower,9,9,4,0,22,0,52,30,0,82,9,61,34,0,104,0,0,0,104
03/29/2011,STX,VI,ASO,ES,Federal Contract Tower,10,7,5,0,22,0,70,28,0,98,10,77,33,0,120,2,0,2,122
03/30/2011,STX,VI,ASO,ES,Federal Contract Tower,13,20,11,1,45,0,53,18,1,72,13,73,29,2,117,2,2,4,121
03/31/2011,STX,VI,ASO,ES,Federal Contract Tower,11,9,4,0,24,0,54,40,0,94,11,63,44,0,118,10,0,10,128
04/01/2011,STX,VI,ASO,ES,Federal Contract Tower,11,8,7,0,26,0,64,55,0,119,11,72,62,0,145,16,0,16,161
04/02/2011,STX,VI,ASO,ES,Federal Contract Tower,14,6,5,0,25,0,45,24,1,70,14,51,29,1,95,0,0,0,95
04/03/2011,STX,VI,ASO,ES,Federal Contract Tower,12,4,3,0,19,0,53,38,0,91,12,57,41,0,110,0,0,0,110
04/04/2011,STX,VI,ASO,ES,Federal Contract Tower,11,14,10,1,36,0,51,26,1,78,11,65,36,2,114,6,0,6,120
04/05/2011,STX,VI,ASO,ES,Federal Contract Tower,6,19,11,1,37,0,44,34,0,78,6,63,45,1,115,18,0,18,133
04/06/2011,STX,VI,ASO,ES,Federal Contract Tower,6,3,3,7,19,0,58,34,2,94,6,61,37,9,113,6,26,32,145
04/07/2011,STX,VI,ASO,ES,Federal Contract Tower,6,9,3,6,24,0,58,31,1,90,6,67,34,7,114,48,0,48,162
04/08/2011,STX,VI,ASO,ES,Federal Contract Tower,7,16,4,1,28,0,59,50,1,110,7,75,54,2,138,8,0,8,146
04/09/2011,STX,VI,ASO,ES,Federal Contract Tower,9,5,4,0,18,0,49,21,0,70,9,54,25,0,88,4,0,4,92
04/10/2011,STX,VI,ASO,ES,Federal Contract Tower,6,3,8,3,20,0,62,32,1,95,6,65,40,4,115,6,0,6,121
04/11/2011,STX,VI,ASO,ES,Federal Contract Tower,6,8,6,5,25,0,67,28,0,95,6,75,34,5,120,0,0,0,120
04/12/2011,STX,VI,ASO,ES,Federal Contract Tower,5,23,11,4,43,0,41,21,0,62,5,64,32,4,105,16,0,16,121
04/13/2011,STX,VI,ASO,ES,Federal Contract Tower,6,5,8,1,20,0,62,36,1,99,6,67,44,2,119,8,0,8,127
04/14/2011,STX,VI,ASO,ES,Federal Contract Tower,6,14,4,0,24,0,59,38,0,97,6,73,42,0,121,12,0,12,133
04/15/2011,STX,VI,ASO,ES,Federal Contract Tower,6,15,10,3,34,0,59,40,1,100,6,74,50,4,134,4,0,4,138
04/16/2011,STX,VI,ASO,ES,Federal Contract Tower,10,1,6,0,17,0,60,19,0,79,10,61,25,0,96,4,0,4,100
04/17/2011,STX,VI,ASO,ES,Federal Contract Tower,6,4,5,5,20,0,71,23,0,94,6,75,28,5,114,0,0,0,114
04/18/2011,STX,VI,ASO,ES,Federal Contract Tower,6,11,8,4,29,0,66,28,0,94,6,77,36,4,123,0,0,0,123
04/19/2011,STX,VI,ASO,ES,Federal Contract Tower,6,6,3,2,17,0,69,31,0,100,6,75,34,2,117,0,0,0,117
04/20/2011,STX,VI,ASO,ES,Federal Contract Tower,6,8,9,4,27,0,79,42,0,121,6,87,51,4,148,38,0,38,186
04/21/2011,STX,VI,ASO,ES,Federal Contract Tower,7,7,6,2,22,0,69,47,0,116,7,76,53,2,138,8,0,8,146
04/22/2011,STX,VI,ASO,ES,Federal Contract Tower,6,1,2,1,10,0,56,22,0,78,6,57,24,1,88,2,0,2,90
04/23/2011,STX,VI,ASO,ES,Federal Contract Tower,9,3,7,0,19,0,53,14,0,67,9,56,21,0,86,8,0,8,94
04/24/2011,STX,VI,ASO,ES,Federal Contract Tower,6,4,1,0,11,0,54,28,1,83,6,58,29,1,94,4,0,4,98
04/25/2011,STX,VI,ASO,ES,Federal Contract Tower,6,5,8,0,19,0,66,36,0,102,6,71,44,0,121,12,0,12,133
04/26/2011,STX,VI,ASO,ES,Federal Contract Tower,5,9,9,4,27,0,65,29,0,94,5,74,38,4,121,4,0,4,125
04/27/2011,STX,VI,ASO,ES,Federal Contract Tower,5,15,12,3,35,0,53,28,0,81,5,68,40,3,116,24,0,24,140
04/28/2011,STX,VI,ASO,ES,Federal Contract Tower,5,12,10,5,32,0,73,33,0,106,5,85,43,5,138,8,0,8,146
04/29/2011,STX,VI,ASO,ES,Federal Contract Tower,6,5,6,1,18,0,78,37,0,115,6,83,43,1,133,4,0,4,137
04/30/2011,STX,VI,ASO,ES,Federal Contract Tower,9,2,6,0,17,0,56,24,0,80,9,58,30,0,97,24,0,24,121
05/01/2011,STX,VI,ASO,ES,Federal Contract Tower,6,16,2,2,26,0,52,18,0,70,6,68,20,2,96,0,0,0,96
05/02/2011,STX,VI,ASO,ES,Federal Contract Tower,6,15,10,2,33,0,64,44,2,110,6,79,54,4,143,8,0,8,151
05/03/2011,STX,VI,ASO,ES,Federal Contract Tower,6,10,7,0,23,0,57,50,2,109,6,67,57,2,132,14,0,14,146
05/04/2011,STX,VI,ASO,ES,Federal Contract Tower,6,10,8,0,24,0,58,52,0,110,6,68,60,0,134,0,0,0,134
05/05/2011,STX,VI,ASO,ES,Federal Contract Tower,6,4,7,4,21,0,50,43,5,98,6,54,50,9,119,4,12,16,135
05/06/2011,STX,VI,ASO,ES,Federal Contract Tower,6,6,6,1,19,0,57,48,0,105,6,63,54,1,124,0,0,0,124
05/07/2011,STX,VI,ASO,ES,Federal Contract Tower,8,2,4,0,14,0,41,17,0,58,8,43,21,0,72,14,0,14,86
05/08/2011,STX,VI,ASO,ES,Federal Contract Tower,7,2,3,2,14,0,75,55,1,131,7,77,58,3,145,0,0,0,145
05/09/2011,STX,VI,ASO,ES,Federal Contract Tower,7,6,11,8,32,0,58,50,4,112,7,64,61,12,144,0,22,22,166
05/10/2011,STX,VI,ASO,ES,Federal Contract Tower,7,17,11,1,36,0,45,29,0,74,7,62,40,1,110,36,0,36,146
05/11/2011,STX,VI,ASO,ES,Federal Contract Tower,6,4,7,0,17,0,51,31,0,82,6,55,38,0,99,14,0,14,113
05/12/2011,STX,VI,ASO,ES,Federal Contract Tower,6,12,13,2,33,0,45,13,0,58,6,57,26,2,91,0,0,0,91
05/13/2011,STX,VI,ASO,ES,Federal Contract Tower,5,19,13,1,38,0,46,43,0,89,5,65,56,1,127,6,0,6,133
05/14/2011,STX,VI,ASO,ES,Federal Contract Tower,8,7,1,2,18,0,24,23,1,48,8,31,24,3,66,4,0,4,70
05/15/2011,STX,VI,ASO,ES,Federal Contract Tower,6,22,4,6,38,0,30,34,0,64,6,52,38,6,102,0,22,22,124
05/16/2011,STX,VI,ASO,ES,Federal Contract Tower,6,15,5,2,28,0,40,32,0,72,6,55,37,2,100,16,0,16,116
05/17/2011,STX,VI,ASO,ES,Federal Contract Tower,6,25,18,1,50,0,29,15,0,44,6,54,33,1,94,10,0,10,104
05/18/2011,STX,VI,ASO,ES,Federal Contract Tower,6,9,8,1,24,0,49,37,0,86,6,58,45,1,110,28,0,28,138
05/19/2011,STX,VI,ASO,ES,Federal Contract Tower,6,13,15,1,35,0,39,16,0,55,6,52,31,1,90,0,0,0,90
05/20/2011,STX,VI,ASO,ES,Federal Contract Tower,6,42,16,3,67,0,12,12,0,24,6,54,28,3,91,0,0,0,91
05/21/2011,STX,VI,ASO,ES,Federal Contract Tower,8,10,5,1,24,0,36,14,0,50,8,46,19,1,74,0,0,0,74
05/22/2011,STX,VI,ASO,ES,Federal Contract Tower,6,2,6,2,16,0,46,31,0,77,6,48,37,2,93,4,0,4,97
05/23/2011,STX,VI,ASO,ES,Federal Contract Tower,6,16,12,1,35,0,40,31,3,74,6,56,43,4,109,18,0,18,127
05/24/2011,STX,VI,ASO,ES,Federal Contract Tower,6,14,8,1,29,0,42,24,0,66,6,56,32,1,95,0,0,0,95
05/25/2011,STX,VI,ASO,ES,Federal Contract Tower,8,13,4,0,25,0,42,29,0,71,8,55,33,0,96,12,0,12,108
05/26/2011,STX,VI,ASO,ES,Federal Contract Tower,6,7,5,4,22,0,49,24,1,74,6,56,29,5,96,28,14,42,138
05/27/2011,STX,VI,ASO,ES,Federal Contract Tower,6,9,6,0,21,0,53,39,3,95,6,62,45,3,116,16,0,16,132
05/28/2011,STX,VI,ASO,ES,Federal Contract Tower,8,5,3,0,16,0,45,15,0,60,8,50,18,0,76,24,0,24,100
05/29/2011,STX,VI,ASO,ES,Federal Contract Tower,6,2,1,0,9,0,38,26,1,65,6,40,27,1,74,2,0,2,76
05/30/2011,STX,VI,ASO,ES,Federal Contract Tower,5,5,4,0,14,0,61,25,4,90,5,66,29,4,104,8,0,8,112
05/31/2011,STX,VI,ASO,ES,Federal Contract Tower,6,10,5,0,21,0,49,27,0,76,6,59,32,0,97,0,0,0,97
06/01/2011,STX,VI,ASO,ES,Federal Contract Tower,6,13,8,2,29,0,37,22,2,61,6,50,30,4,90,6,0,6,96
06/02/2011,STX,VI,ASO,ES,Federal Contract Tower,6,12,11,4,33,0,44,28,2,74,6,56,39,6,107,32,28,60,167
06/03/2011,STX,VI,ASO,ES,Federal Contract Tower,6,8,9,2,25,0,40,31,0,71,6,48,40,2,96,6,0,6,102
06/04/2011,STX,VI,ASO,ES,Federal Contract Tower,8,9,4,3,24,0,37,28,1,66,8,46,32,4,90,0,0,0,90
06/05/2011,STX,VI,ASO,ES,Federal Contract Tower,6,10,1,3,20,0,21,18,0,39,6,31,19,3,59,10,0,10,69
06/06/2011,STX,VI,ASO,ES,Federal Contract Tower,6,13,10,1,30,0,41,34,0,75,6,54,44,1,105,4,0,4,109
06/07/2011,STX,VI,ASO,ES,Federal Contract Tower,6,34,15,0,55,0,19,8,0,27,6,53,23,0,82,8,0,8,90
06/08/2011,STX,VI,ASO,ES,Federal Contract Tower,5,17,16,2,40,0,33,29,5,67,5,50,45,7,107,22,8,30,137
06/09/2011,STX,VI,ASO,ES,Federal Contract Tower,9,11,13,3,36,0,51,39,0,90,9,62,52,3,126,40,0,40,166
06/10/2011,STX,VI,ASO,ES,Federal Contract Tower,10,5,3,2,20,0,66,38,2,106,10,71,41,4,126,34,0,34,160
06/11/2011,STX,VI,ASO,ES,Federal Contract Tower,10,3,2,4,19,0,48,18,1,67,10,51,20,5,86,20,4,24,110
06/12/2011,STX,VI,ASO,ES,Federal Contract Tower,10,4,2,0,16,0,41,32,0,73,10,45,34,0,89,4,0,4,93
06/13/2011,STX,VI,ASO,ES,Federal Contract Tower,8,12,10,0,30,0,53,24,0,77,8,65,34,0,107,4,0,4,111
06/14/2011,STX,VI,ASO,ES,Federal Contract Tower,10,7,5,4,26,0,49,20,0,69,10,56,25,4,95,4,0,4,99
06/15/2011,STX,VI,ASO,ES,Federal Contract Tower,8,6,5,3,22,0,55,35,0,90,8,61,40,3,112,20,0,20,132
06/16/2011,STX,VI,ASO,ES,Federal Contract Tower,8,9,11,0,28,0,54,22,0,76,8,63,33,0,104,24,0,24,128
06/17/2011,STX,VI,ASO,ES,Federal Contract Tower,11,7,8,8,34,0,83,42,0,125,11,90,50,8,159,30,0,30,189
06/18/2011,STX,VI,ASO,ES,Federal Contract Tower,10,4,2,4,20,0,59,22,0,81,10,63,24,4,101,18,0,18,119
06/19/2011,STX,VI,ASO,ES,Federal Contract Tower,8,4,4,1,17,0,47,39,0,86,8,51,43,1,103,18,0,18,121
06/20/2011,STX,VI,ASO,ES,Federal Contract Tower,9,6,3,1,19,0,47,26,1,74,9,53,29,2,93,12,0,12,105
06/21/2011,STX,VI,ASO,ES,Federal Contract Tower,10,8,2,2,22,0,50,36,0,86,10,58,38,2,108,28,0,28,136
06/22/2011,STX,VI,ASO,ES,Federal Contract Tower,8,4,8,5,25,0,62,39,0,101,8,66,47,5,126,20,0,20,146
06/23/2011,STX,VI,ASO,ES,Federal Contract Tower,7,5,9,3,24,0,46,35,0,81,7,51,44,3,105,18,0,18,123
06/24/2011,STX,VI,ASO,ES,Federal Contract Tower,10,10,8,1,29,0,53,35,4,92,10,63,43,5,121,24,16,40,161
06/25/2011,STX,VI,ASO,ES,Federal Contract Tower,10,6,4,4,24,0,40,20,1,61,10,46,24,5,85,42,4,46,131
06/26/2011,STX,VI,ASO,ES,Federal Contract Tower,10,6,3,4,23,0,52,27,2,81,10,58,30,6,104,0,4,4,108
06/27/2011,STX,VI,ASO,ES,Federal Contract Tower,8,34,6,2,50,0,28,16,2,46,8,62,22,4,96,0,6,6,102
06/28/2011,STX,VI,ASO,ES,Federal Contract Tower,10,14,6,3,33,0,50,32,1,83,10,64,38,4,116,14,0,14,130
06/29/2011,STX,VI,ASO,ES,Federal Contract Tower,8,5,6,1,20,0,53,37,4,94,8,58,43,5,114,2,2,4,118
06/30/2011,STX,VI,ASO,ES,Federal Contract Tower,6,10,4,0,20,0,51,44,0,95,6,61,48,0,115,22,0,22,137
07/01/2011,STX,VI,ASO,ES,Federal Contract Tower,10,22,13,1,46,0,40,32,0,72,10,62,45,1,118,0,0,0,118
07/02/2011,STX,VI,ASO,ES,Federal Contract Tower,10,6,6,0,22,0,46,14,0,60,10,52,20,0,82,0,0,0,82
07/03/2011,STX,VI,ASO,ES,Federal Contract Tower,9,13,7,0,29,0,21,19,0,40,9,34,26,0,69,0,0,0,69
07/04/2011,STX,VI,ASO,ES,Federal Contract Tower,8,6,4,1,19,0,44,28,0,72,8,50,32,1,91,0,0,0,91
07/05/2011,STX,VI,ASO,ES,Federal Contract Tower,10,9,5,0,24,0,50,36,0,86,10,59,41,0,110,56,0,56,166
07/06/2011,STX,VI,ASO,ES,Federal Contract Tower,7,7,6,3,23,0,51,38,6,95,7,58,44,9,118,42,12,54,172
07/07/2011,STX,VI,ASO,ES,Federal Contract Tower,7,9,14,1,31,0,48,20,1,69,7,57,34,2,100,4,0,4,104
07/08/2011,STX,VI,ASO,ES,Federal Contract Tower,10,10,3,0,23,0,51,35,2,88,10,61,38,2,111,0,0,0,111
07/09/2011,STX,VI,ASO,ES,Federal Contract Tower,10,4,3,0,17,0,45,18,0,63,10,49,21,0,80,0,0,0,80
07/10/2011,STX,VI,ASO,ES,Federal Contract Tower,10,3,3,2,18,0,47,17,1,65,10,50,20,3,83,0,0,0,83
07/11/2011,STX,VI,ASO,ES,Federal Contract Tower,8,7,13,0,28,0,56,31,0,87,8,63,44,0,115,16,0,16,131
07/12/2011,STX,VI,ASO,ES,Federal Contract Tower,10,21,10,3,44,0,38,29,2,69,10,59,39,5,113,58,0,58,171
07/13/2011,STX,VI,ASO,ES,Federal Contract Tower,8,7,5,0,20,0,50,31,0,81,8,57,36,0,101,14,0,14,115
07/14/2011,STX,VI,ASO,ES,Federal Contract Tower,16,8,2,3,29,0,46,32,0,78,16,54,34,3,107,88,0,88,195
07/15/2011,STX,VI,ASO,ES,Federal Contract Tower,11,6,13,0,30,0,52,33,0,85,11,58,46,0,115,26,0,26,141
07/16/2011,STX,VI,ASO,ES,Federal Contract Tower,10,4,0,1,15,0,36,19,0,55,10,40,19,1,70,4,0,4,74
07/17/2011,STX,VI,ASO,ES,Federal Contract Tower,9,2,5,0,16,0,41,27,0,68,9,43,32,0,84,0,0,0,84
07/18/2011,STX,VI,ASO,ES,Federal Contract Tower,7,9,6,0,22,0,56,33,4,93,7,65,39,4,115,22,6,28,143
07/19/2011,STX,VI,ASO,ES,Federal Contract Tower,10,8,6,0,24,0,46,39,3,88,10,54,45,3,112,14,16,30,142
07/20/2011,STX,VI,ASO,ES,Federal Contract Tower,8,3,6,2,19,0,36,41,1,78,8,39,47,3,97,16,0,16,113
07/21/2011,STX,VI,ASO,ES,Federal Contract Tower,7,4,3,4,18,0,44,35,0,79,7,48,38,4,97,22,12,34,131
07/22/2011,STX,VI,ASO,ES,Federal Contract Tower,12,15,7,2,36,0,49,29,0,78,12,64,36,2,114,8,0,8,122
07/23/2011,STX,VI,ASO,ES,Federal Contract Tower,10,5,8,2,25,0,43,20,0,63,10,48,28,2,88,44,0,44,132
07/24/2011,STX,VI,ASO,ES,Federal Contract Tower,10,1,5,1,17,0,47,25,0,72,10,48,30,1,89,40,0,40,129
07/25/2011,STX,VI,ASO,ES,Federal Contract Tower,8,6,10,1,25,0,56,31,0,87,8,62,41,1,112,40,0,40,152
07/26/2011,STX,VI,ASO,ES,Federal Contract Tower,10,7,8,0,25,0,37,23,0,60,10,44,31,0,85,16,0,16,101
07/27/2011,STX,VI,ASO,ES,Federal Contract Tower,8,6,14,0,28,0,45,37,0,82,8,51,51,0,110,4,0,4,114
07/28/2011,STX,VI,ASO,ES,Federal Contract Tower,8,12,11,1,32,0,40,21,1,62,8,52,32,2,94,4,10,14,108
07/29/2011,STX,VI,ASO,ES,Federal Contract Tower,8,5,6,2,21,0,45,32,0,77,8,50,38,2,98,26,0,26,124
07/30/2011,STX,VI,ASO,ES,Federal Contract Tower,10,2,6,3,21,0,41,22,0,63,10,43,28,3,84,18,0,18,102
07/31/2011,STX,VI,ASO,ES,Federal Contract Tower,10,2,4,3,19,0,38,16,0,54,10,40,20,3,73,4,0,4,77
08/01/2011,STX,VI,ASO,ES,Federal Contract Tower,8,10,8,4,30,0,52,26,0,78,8,62,34,4,108,8,0,8,116
08/02/2011,STX,VI,ASO,ES,Federal Contract Tower,10,6,12,4,32,0,44,10,0,54,10,50,22,4,86,0,0,0,86
08/03/2011,STX,VI,ASO,ES,Federal Contract Tower,6,13,7,3,29,0,29,7,0,36,6,42,14,3,65,26,0,26,91
08/04/2011,STX,VI,ASO,ES,Federal Contract Tower,7,8,7,5,27,0,42,27,0,69,7,50,34,5,96,0,0,0,96
08/05/2011,STX,VI,ASO,ES,Federal Contract Tower,9,8,4,3,24,0,62,22,2,86,9,70,26,5,110,8,0,8,118
08/06/2011,STX,VI,ASO,ES,Federal Contract Tower,10,3,3,2,18,0,44,11,0,55,10,47,14,2,73,4,0,4,77
08/07/2011,STX,VI,ASO,ES,Federal Contract Tower,10,5,1,5,21,0,37,21,1,59,10,42,22,6,80,8,10,18,98
08/08/2011,STX,VI,ASO,ES,Federal Contract Tower,8,6,8,0,22,0,53,17,0,70,8,59,25,0,92,12,0,12,104
08/09/2011,STX,VI,ASO,ES,Federal Contract Tower,8,11,12,0,31,0,48,15,1,64,8,59,27,1,95,6,8,14,109
08/10/2011,STX,VI,ASO,ES,Federal Contract Tower,8,4,6,0,18,0,0,0,0,0,8,4,6,0,18,34,0,34,52
08/11/2011,STX,VI,ASO,ES,Federal Contract Tower,8,9,11,1,29,0,43,10,0,53,8,52,21,1,82,2,0,2,84
08/12/2011,STX,VI,ASO,ES,Federal Contract Tower,9,6,9,2,26,0,42,25,0,67,9,48,34,2,93,28,0,28,121
08/13/2011,STX,VI,ASO,ES,Federal Contract Tower,9,4,4,3,20,0,37,6,0,43,9,41,10,3,63,34,0,34,97
08/14/2011,STX,VI,ASO,ES,Federal Contract Tower,11,4,3,3,21,0,44,20,0,64,11,48,23,3,85,44,0,44,129
08/15/2011,STX,VI,ASO,ES,Federal Contract Tower,8,9,9,3,29,0,48,25,1,74,8,57,34,4,103,42,0,42,145
08/16/2011,STX,VI,ASO,ES,Federal Contract Tower,8,12,9,0,29,0,42,11,0,53,8,54,20,0,82,4,0,4,86
08/17/2011,STX,VI,ASO,ES,Federal Contract Tower,8,6,6,2,22,0,43,31,0,74,8,49,37,2,96,16,0,16,112
08/18/2011,STX,VI,ASO,ES,Federal Contract Tower,8,5,6,3,22,0,47,23,1,71,8,52,29,4,93,60,14,74,167
08/19/2011,STX,VI,ASO,ES,Federal Contract Tower,10,6,7,4,27,0,46,31,2,79,10,52,38,6,106,0,0,0,106
08/20/2011,STX,VI,ASO,ES,Federal Contract Tower,8,2,5,4,19,0,34,18,0,52,8,36,23,4,71,24,0,24,95
08/21/2011,STX,VI,ASO,ES,Federal Contract Tower,6,1,5,3,15,0,7,1,0,8,6,8,6,3,23,0,0,0,23
08/22/2011,STX,VI,ASO,ES,Federal Contract Tower,6,4,5,4,19,0,16,6,3,25,6,20,11,7,44,0,0,0,44
08/23/2011,STX,VI,ASO,ES,Federal Contract Tower,8,22,10,8,48,0,35,12,0,47,8,57,22,8,95,0,4,4,99
08/24/2011,STX,VI,ASO,ES,Federal Contract Tower,8,20,8,8,44,0,38,18,0,56,8,58,26,8,100,22,0,22,122
08/25/2011,STX,VI,ASO,ES,Federal Contract Tower,6,8,11,4,29,0,51,22,0,73,6,59,33,4,102,2,0,2,104
08/26/2011,STX,VI,ASO,ES,Federal Contract Tower,7,6,1,6,20,0,51,19,0,70,7,57,20,6,90,16,0,16,106
08/27/2011,STX,VI,ASO,ES,Federal Contract Tower,8,2,5,5,20,0,33,12,2,47,8,35,17,7,67,10,8,18,85
08/28/2011,STX,VI,ASO,ES,Federal Contract Tower,8,2,1,3,14,0,45,12,2,59,8,47,13,5,73,4,0,4,77
08/29/2011,STX,VI,ASO,ES,Federal Contract Tower,7,4,6,3,20,0,42,11,0,53,7,46,17,3,73,0,0,0,73
08/30/2011,STX,VI,ASO,ES,Federal Contract Tower,8,5,9,5,27,0,51,26,1,78,8,56,35,6,105,0,0,0,105
08/31/2011,STX,VI,ASO,ES,Federal Contract Tower,8,5,6,0,19,0,42,31,0,73,8,47,37,0,92,24,0,24,116
09/01/2011,STX,VI,ASO,ES,Federal Contract Tower,8,8,7,3,26,0,42,24,0,66,8,50,31,3,92,8,0,8,100
09/02/2011,STX,VI,ASO,ES,Federal Contract Tower,7,7,4,1,19,0,51,24,3,78,7,58,28,4,97,6,26,32,129
09/03/2011,STX,VI,ASO,ES,Federal Contract Tower,8,2,2,9,21,0,34,10,1,45,8,36,12,10,66,0,4,4,70
09/04/2011,STX,VI,ASO,ES,Federal Contract Tower,8,2,1,2,13,0,35,15,1,51,8,37,16,3,64,0,6,6,70
09/05/2011,STX,VI,ASO,ES,Federal Contract Tower,8,2,2,0,12,0,48,9,0,57,8,50,11,0,69,4,0,4,73
09/06/2011,STX,VI,ASO,ES,Federal Contract Tower,8,6,0,3,17,0,44,31,5,80,8,50,31,8,97,16,18,34,131
09/07/2011,STX,VI,ASO,ES,Federal Contract Tower,8,5,2,3,18,0,42,27,2,71,8,47,29,5,89,2,2,4,93
09/08/2011,STX,VI,ASO,ES,Federal Contract Tower,8,11,10,4,33,0,44,12,1,57,8,55,22,5,90,24,0,24,114
09/09/2011,STX,VI,ASO,ES,Federal Contract Tower,9,9,8,8,34,0,39,25,2,66,9,48,33,10,100,0,2,2,102
09/10/2011,STX,VI,ASO,ES,Federal Contract Tower,3,0,2,1,6,0,16,7,0,23,3,16,9,1,29,0,0,0,29
09/11/2011,STX,VI,ASO,ES,Federal Contract Tower,9,6,2,4,21,0,19,4,4,27,9,25,6,8,48,20,6,26,74
09/12/2011,STX,VI,ASO,ES,Federal Contract Tower,8,28,10,0,46,0,22,10,0,32,8,50,20,0,78,6,0,6,84
09/13/2011,STX,VI,ASO,ES,Federal Contract Tower,8,17,8,0,33,0,31,21,0,52,8,48,29,0,85,18,0,18,103
09/14/2011,STX,VI,ASO,ES,Federal Contract Tower,8,6,7,2,23,0,41,32,0,73,8,47,39,2,96,18,4,22,118
09/15/2011,STX,VI,ASO,ES,Federal Contract Tower,8,11,5,0,24,0,42,27,1,70,8,53,32,1,94,8,0,8,102
09/16/2011,STX,VI,ASO,ES,Federal Contract Tower,8,9,5,1,23,0,47,36,0,83,8,56,41,1,106,24,0,24,130
09/17/2011,STX,VI,ASO,ES,Federal Contract Tower,8,2,5,2,17,0,32,13,0,45,8,34,18,2,62,16,0,16,78
09/18/2011,STX,VI,ASO,ES,Federal Contract Tower,7,2,3,0,12,0,35,10,0,45,7,37,13,0,57,38,0,38,95
09/19/2011,STX,VI,ASO,ES,Federal Contract Tower,8,9,4,1,22,0,39,15,0,54,8,48,19,1,76,0,0,0,76
09/20/2011,STX,VI,ASO,ES,Federal Contract Tower,8,13,6,0,27,0,37,12,0,49,8,50,18,0,76,4,0,4,80
09/21/2011,STX,VI,ASO,ES,Federal Contract Tower,8,3,3,3,17,0,41,29,0,70,8,44,32,3,87,42,0,42,129
09/22/2011,STX,VI,ASO,ES,Federal Contract Tower,6,7,5,0,18,0,43,18,0,61,6,50,23,0,79,16,0,16,95
09/23/2011,STX,VI,ASO,ES,Federal Contract Tower,8,6,9,3,26,0,46,26,0,72,8,52,35,3,98,10,0,10,108
09/24/2011,STX,VI,ASO,ES,Federal Contract Tower,8,2,7,3,20,0,37,8,1,46,8,39,15,4,66,8,0,8,74
09/25/2011,STX,VI,ASO,ES,Federal Contract Tower,8,2,4,3,17,0,41,13,1,55,8,43,17,4,72,6,0,6,78
09/26/2011,STX,VI,ASO,ES,Federal Contract Tower,8,5,8,1,22,0,41,20,0,61,8,46,28,1,83,18,0,18,101
09/27/2011,STX,VI,ASO,ES,Federal Contract Tower,8,8,4,2,22,0,37,22,0,59,8,45,26,2,81,0,0,0,81
09/28/2011,STX,VI,ASO,ES,Federal Contract Tower,8,5,3,4,20,0,46,30,1,77,8,51,33,5,97,4,0,4,101
09/29/2011,STX,VI,ASO,ES,Federal Contract Tower,8,7,4,1,20,0,44,24,1,69,8,51,28,2,89,8,0,8,97
09/30/2011,STX,VI,ASO,ES,Federal Contract Tower,8,5,6,4,23,0,50,24,0,74,8,55,30,4,97,0,0,0,97
10/01/2011,STX,VI,ASO,ES,Federal Contract Tower,8,4,3,2,17,0,36,22,0,58,8,40,25,2,75,28,0,28,103
10/02/2011,STX,VI,ASO,ES,Federal Contract Tower,8,2,5,0,15,0,42,11,0,53,8,44,16,0,68,0,0,0,68
10/03/2011,STX,VI,ASO,ES,Federal Contract Tower,8,5,5,2,20,0,40,28,0,68,8,45,33,2,88,22,0,22,110
10/04/2011,STX,VI,ASO,ES,Federal Contract Tower,8,6,5,0,19,0,46,34,0,80,8,52,39,0,99,8,0,8,107
10/05/2011,STX,VI,ASO,ES,Federal Contract Tower,8,4,7,0,19,0,39,27,0,66,8,43,34,0,85,2,0,2,87
10/06/2011,STX,VI,ASO,ES,Federal Contract Tower,8,6,6,2,22,0,47,28,0,75,8,53,34,2,97,16,0,16,113
10/07/2011,STX,VI,ASO,ES,Federal Contract Tower,8,8,3,0,19,0,46,27,0,73,8,54,30,0,92,10,0,10,102
10/08/2011,STX,VI,ASO,ES,Federal Contract Tower,7,2,3,0,12,0,34,6,0,40,7,36,9,0,52,12,0,12,64
10/09/2011,STX,VI,ASO,ES,Federal Contract Tower,8,3,2,0,13,0,35,15,0,50,8,38,17,0,63,18,0,18,81
10/10/2011,STX,VI,ASO,ES,Federal Contract Tower,6,7,1,0,14,0,41,12,0,53,6,48,13,0,67,4,0,4,71
10/11/2011,STX,VI,ASO,ES,Federal Contract Tower,9,9,1,1,20,0,43,30,0,73,9,52,31,1,93,6,0,6,99
10/12/2011,STX,VI,ASO,ES,Federal Contract Tower,10,6,2,3,21,0,52,27,0,79,10,58,29,3,100,8,16,24,124
10/13/2011,STX,VI,ASO,ES,Federal Contract Tower,8,6,4,2,20,0,44,24,0,68,8,50,28,2,88,4,2,6,94
10/14/2011,STX,VI,ASO,ES,Federal Contract Tower,9,4,2,2,17,0,50,22,5,77,9,54,24,7,94,8,0,8,102
10/15/2011,STX,VI,ASO,ES,Federal Contract Tower,10,3,1,1,15,0,46,20,1,67,10,49,21,2,82,10,10,20,102
10/16/2011,STX,VI,ASO,ES,Federal Contract Tower,8,3,5,5,21,0,54,8,1,63,8,57,13,6,84,0,10,10,94
10/17/2011,STX,VI,ASO,ES,Federal Contract Tower,7,7,0,5,19,0,51,30,0,81,7,58,30,5,100,0,0,0,100
10/18/2011,STX,VI,ASO,ES,Federal Contract Tower,7,11,1,2,21,0,43,34,0,77,7,54,35,2,98,16,0,16,114
10/19/2011,STX,VI,ASO,ES,Federal Contract Tower,8,5,3,4,20,0,57,28,3,88,8,62,31,7,108,4,0,4,112
10/20/2011,STX,VI,ASO,ES,Federal Contract Tower,8,6,1,0,15,0,41,26,0,67,8,47,27,0,82,18,0,18,100
10/21/2011,STX,VI,ASO,ES,Federal Contract Tower,9,5,4,5,23,0,49,32,0,81,9,54,36,5,104,6,0,6,110
10/22/2011,STX,VI,ASO,ES,Federal Contract Tower,8,1,7,0,16,0,41,31,0,72,8,42,38,0,88,0,0,0,88
10/23/2011,STX,VI,ASO,ES,Federal Contract Tower,8,2,8,0,18,0,42,23,0,65,8,44,31,0,83,2,0,2,85
10/24/2011,STX,VI,ASO,ES,Federal Contract Tower,8,7,5,0,20,0,45,14,0,59,8,52,19,0,79,8,0,8,87
10/25/2011,STX,VI,ASO,ES,Federal Contract Tower,8,8,7,0,23,0,43,25,0,68,8,51,32,0,91,36,0,36,127
10/26/2011,STX,VI,ASO,ES,Federal Contract Tower,9,7,3,5,24,0,59,21,3,83,9,66,24,8,107,16,14,30,137
10/27/2011,STX,VI,ASO,ES,Federal Contract Tower,8,8,6,5,27,0,40,32,3,75,8,48,38,8,102,20,34,54,156
10/28/2011,STX,VI,ASO,ES,Federal Contract Tower,8,6,14,0,28,0,51,35,0,86,8,57,49,0,114,28,0,28,142
10/29/2011,STX,VI,ASO,ES,Federal Contract Tower,8,4,6,0,18,0,46,17,0,63,8,50,23,0,81,10,0,10,91
10/30/2011,STX,VI,ASO,ES,Federal Contract Tower,7,3,9,0,19,0,50,23,0,73,7,53,32,0,92,10,0,10,102
10/31/2011,STX,VI,ASO,ES,Federal Contract Tower,8,12,6,0,26,0,47,35,0,82,8,59,41,0,108,2,0,2,110
11/01/2011,STX,VI,ASO,ES,Federal Contract Tower,8,8,2,0,18,0,42,19,0,61,8,50,21,0,79,17,0,17,96
11/02/2011,STX,VI,ASO,ES,Federal Contract Tower,11,12,7,0,30,0,63,13,0,76,11,75,20,0,106,2,0,2,108
11/03/2011,STX,VI,ASO,ES,Federal Contract Tower,7,11,5,0,23,0,45,17,2,64,7,56,22,2,87,54,0,54,141
11/04/2011,STX,VI,ASO,ES,Federal Contract Tower,7,10,3,0,20,0,49,25,0,74,7,59,28,0,94,20,0,20,114
11/05/2011,STX,VI,ASO,ES,Federal Contract Tower,7,2,1,0,10,0,37,26,0,63,7,39,27,0,73,8,0,8,81
11/06/2011,STX,VI,ASO,ES,Federal Contract Tower,8,3,2,1,14,42,19,1,0,62,50,22,3,1,76,10,0,10,86
11/07/2011,STX,VI,ASO,ES,Federal Contract Tower,8,11,2,0,21,0,53,23,0,76,8,64,25,0,97,10,0,10,107
11/08/2011,STX,VI,ASO,ES,Federal Contract Tower,7,7,5,0,19,0,55,30,1,86,7,62,35,1,105,30,18,48,153
11/09/2011,STX,VI,ASO,ES,Federal Contract Tower,10,16,7,0,33,0,60,19,0,79,10,76,26,0,112,2,0,2,114
11/10/2011,STX,VI,ASO,ES,Federal Contract Tower,6,12,3,1,22,0,46,23,0,69,6,58,26,1,91,26,0,26,117
11/11/2011,STX,VI,ASO,ES,Federal Contract Tower,8,4,5,0,17,0,45,22,0,67,8,49,27,0,84,20,0,20,104
11/12/2011,STX,VI,ASO,ES,Federal Contract Tower,8,7,1,0,16,0,38,13,0,51,8,45,14,0,67,0,0,0,67
11/13/2011,STX,VI,ASO,ES,Federal Contract Tower,8,2,1,0,11,0,47,24,4,75,8,49,25,4,86,0,0,0,86
11/14/2011,STX,VI,ASO,ES,Federal Contract Tower,8,14,4,0,26,0,55,19,0,74,8,69,23,0,100,0,0,0,100
11/15/2011,STX,VI,ASO,ES,Federal Contract Tower,7,6,8,3,24,0,42,36,0,78,7,48,44,3,102,10,0,10,112
11/16/2011,STX,VI,ASO,ES,Federal Contract Tower,8,4,0,2,14,0,82,22,0,104,8,86,22,2,118,12,0,12,130
11/17/2011,STX,VI,ASO,ES,Federal Contract Tower,11,11,5,5,32,0,38,14,0,52,11,49,19,5,84,8,0,8,92
11/18/2011,STX,VI,ASO,ES,Federal Contract Tower,8,6,5,7,26,0,51,33,0,84,8,57,38,7,110,6,0,6,116
11/19/2011,STX,VI,ASO,ES,Federal Contract Tower,10,6,0,1,17,0,45,13,2,60,10,51,13,3,77,28,0,28,105
11/20/2011,STX,VI,ASO,ES,Federal Contract Tower,6,4,2,0,12,0,44,19,1,64,6,48,21,1,76,0,0,0,76
11/21/2011,STX,VI,ASO,ES,Federal Contract Tower,9,13,3,2,27,0,51,24,0,75,9,64,27,2,102,24,0,24,126
11/22/2011,STX,VI,ASO,ES,Federal Contract Tower,10,9,8,0,27,0,49,38,0,87,10,58,46,0,114,12,0,12,126
11/23/2011,STX,VI,ASO,ES,Federal Contract Tower,10,7,3,0,20,0,86,35,0,121,10,93,38,0,141,0,0,0,141
11/24/2011,STX,VI,ASO,ES,Federal Contract Tower,10,2,1,0,13,0,39,4,0,43,10,41,5,0,56,4,0,4,60
11/25/2011,STX,VI,ASO,ES,Federal Contract Tower,8,8,1,0,17,0,42,14,0,56,8,50,15,0,73,0,0,0,73
11/26/2011,STX,VI,ASO,ES,Federal Contract Tower,8,14,2,0,24,0,28,4,0,32,8,42,6,0,56,0,0,0,56
11/27/2011,STX,VI,ASO,ES,Federal Contract Tower,7,4,7,0,18,0,58,28,1,87,7,62,35,1,105,8,0,8,113
11/28/2011,STX,VI,ASO,ES,Federal Contract Tower,10,11,4,2,27,0,47,32,4,83,10,58,36,6,110,10,8,18,128
11/29/2011,STX,VI,ASO,ES,Federal Contract Tower,9,11,10,2,32,0,43,26,0,69,9,54,36,2,101,8,0,8,109
11/30/2011,STX,VI,ASO,ES,Federal Contract Tower,12,2,2,0,16,0,73,33,0,106,12,75,35,0,122,8,18,26,148
12/01/2011,STX,VI,ASO,ES,Federal Contract Tower,10,6,3,2,21,0,41,33,1,75,10,47,36,3,96,10,14,24,120
12/02/2011,STX,VI,ASO,ES,Federal Contract Tower,6,9,7,1,23,0,41,33,0,74,6,50,40,1,97,0,0,0,97
12/03/2011,STX,VI,ASO,ES,Federal Contract Tower,8,9,1,0,18,0,32,21,0,53,8,41,22,0,71,4,0,4,75
12/04/2011,STX,VI,ASO,ES,Federal Contract Tower,8,10,4,1,23,0,39,9,2,50,8,49,13,3,73,0,0,0,73
12/05/2011,STX,VI,ASO,ES,Federal Contract Tower,10,15,10,2,37,0,37,15,0,52,10,52,25,2,89,8,0,8,97
12/06/2011,STX,VI,ASO,ES,Federal Contract Tower,10,4,4,2,20,0,34,28,1,63,10,38,32,3,83,10,0,10,93
12/07/2011,STX,VI,ASO,ES,Federal Contract Tower,12,1,4,6,23,0,69,39,1,109,12,70,43,7,132,20,4,24,156
12/08/2011,STX,VI,ASO,ES,Federal Contract Tower,9,9,5,2,25,0,32,32,1,65,9,41,37,3,90,0,0,0,90
12/09/2011,STX,VI,ASO,ES,Federal Contract Tower,8,21,7,5,41,0,28,26,0,54,8,49,33,5,95,0,0,0,95
12/10/2011,STX,VI,ASO,ES,Federal Contract Tower,10,21,6,4,41,0,26,14,0,40,10,47,20,4,81,0,0,0,81
12/11/2011,STX,VI,ASO,ES,Federal Contract Tower,8,5,0,3,16,0,33,15,0,48,8,38,15,3,64,2,0,2,66
12/12/2011,STX,VI,ASO,ES,Federal Contract Tower,12,7,1,1,21,0,38,25,4,67,12,45,26,5,88,8,6,14,102
12/13/2011,STX,VI,ASO,ES,Federal Contract Tower,11,11,8,0,30,0,39,27,6,72,11,50,35,6,102,14,20,34,136
12/14/2011,STX,VI,ASO,ES,Federal Contract Tower,11,7,8,0,26,0,61,33,0,94,11,68,41,0,120,0,0,0,120
12/15/2011,STX,VI,ASO,ES,Federal Contract Tower,12,9,6,3,30,0,42,24,0,66,12,51,30,3,96,22,0,22,118
12/16/2011,STX,VI,ASO,ES,Federal Contract Tower,10,6,9,0,25,0,45,27,2,74,10,51,36,2,99,0,0,0,99
12/17/2011,STX,VI,ASO,ES,Federal Contract Tower,16,4,4,4,28,0,43,41,0,84,16,47,45,4,112,0,0,0,112
12/18/2011,STX,VI,ASO,ES,Federal Contract Tower,9,2,4,3,18,0,48,16,0,64,9,50,20,3,82,0,0,0,82
12/19/2011,STX,VI,ASO,ES,Federal Contract Tower,11,7,6,0,24,0,54,30,6,90,11,61,36,6,114,6,16,22,136
12/20/2011,STX,VI,ASO,ES,Federal Contract Tower,11,13,9,4,37,0,44,24,1,69,11,57,33,5,106,10,0,10,116
12/21/2011,STX,VI,ASO,ES,Federal Contract Tower,12,10,8,1,31,0,67,28,2,97,12,77,36,3,128,0,0,0,128
12/22/2011,STX,VI,ASO,ES,Federal Contract Tower,11,8,7,0,26,0,51,30,6,87,11,59,37,6,113,0,4,4,117
12/23/2011,STX,VI,ASO,ES,Federal Contract Tower,9,4,6,1,20,0,61,20,0,81,9,65,26,1,101,0,0,0,101
12/24/2011,STX,VI,ASO,ES,Federal Contract Tower,16,3,1,0,20,0,53,20,0,73,16,56,21,0,93,8,0,8,101
12/25/2011,STX,VI,ASO,ES,Federal Contract Tower,9,7,1,0,17,0,30,6,0,36,9,37,7,0,53,0,0,0,53
12/26/2011,STX,VI,ASO,ES,Federal Contract Tower,11,3,8,1,23,0,50,36,0,86,11,53,44,1,109,0,0,0,109
12/27/2011,STX,VI,ASO,ES,Federal Contract Tower,12,16,7,3,38,0,41,19,2,62,12,57,26,5,100,28,2,30,130
12/28/2011,STX,VI,ASO,ES,Federal Contract Tower,13,12,3,0,28,0,72,28,0,100,13,84,31,0,128,6,0,6,134
12/29/2011,STX,VI,ASO,ES,Federal Contract Tower,12,9,1,0,22,0,60,25,0,85,12,69,26,0,107,26,0,26,133
12/30/2011,STX,VI,ASO,ES,Federal Contract Tower,10,4,7,0,21,0,64,39,1,104,10,68,46,1,125,6,4,10,135
12/31/2011,STX,VI,ASO,ES,Federal Contract Tower,17,4,7,0,28,0,53,12,0,65,17,57,19,0,93,0,0,0,93
01/01/2012,STX,VI,ASO,ES,Federal Contract Tower,10,3,8,1,22,0,46,9,0,55,10,49,17,1,77,6,0,6,83
01/02/2012,STX,VI,ASO,ES,Federal Contract Tower,12,6,12,2,32,0,62,16,2,80,12,68,28,4,112,0,4,4,116
01/03/2012,STX,VI,ASO,ES,Federal Contract Tower,12,10,10,1,33,0,44,35,0,79,12,54,45,1,112,18,0,18,130
01/04/2012,STX,VI,ASO,ES,Federal Contract Tower,12,7,7,1,27,0,68,32,0,100,12,75,39,1,127,6,0,6,133
01/05/2012,STX,VI,ASO,ES,Federal Contract Tower,12,11,7,0,30,0,47,36,0,83,12,58,43,0,113,10,0,10,123
01/06/2012,STX,VI,ASO,ES,Federal Contract Tower,9,4,4,0,17,0,45,30,0,75,9,49,34,0,92,10,0,10,102
01/07/2012,STX,VI,ASO,ES,Federal Contract Tower,15,4,9,0,28,0,41,17,0,58,15,45,26,0,86,2,0,2,88
01/08/2012,STX,VI,ASO,ES,Federal Contract Tower,9,2,4,0,15,0,67,17,0,84,9,69,21,0,99,6,0,6,105
01/09/2012,STX,VI,ASO,ES,Federal Contract Tower,12,14,5,0,31,0,50,27,2,79,12,64,32,2,110,4,0,4,114
01/10/2012,STX,VI,ASO,ES,Federal Contract Tower,11,9,3,6,29,0,41,26,3,70,11,50,29,9,99,12,28,40,139
01/11/2012,STX,VI,ASO,ES,Federal Contract Tower,14,7,1,0,22,0,74,28,6,108,14,81,29,6,130,0,16,16,146
01/12/2012,STX,VI,ASO,ES,Federal Contract Tower,13,10,4,0,27,0,49,25,6,80,13,59,29,6,107,30,26,56,163
01/13/2012,STX,VI,ASO,ES,Federal Contract Tower,10,6,7,0,23,0,53,38,5,96,10,59,45,5,119,4,6,10,129
01/14/2012,STX,VI,ASO,ES,Federal Contract Tower,16,2,4,0,22,0,43,20,1,64,16,45,24,1,86,6,0,6,92
01/15/2012,STX,VI,ASO,ES,Federal Contract Tower,11,1,0,0,12,0,33,34,0,67,11,34,34,0,79,10,0,10,89
01/16/2012,STX,VI,ASO,ES,Federal Contract Tower,11,10,3,1,25,0,48,15,0,63,11,58,18,1,88,2,0,2,90
01/17/2012,STX,VI,ASO,ES,Federal Contract Tower,11,13,11,1,36,0,42,30,0,72,11,55,41,1,108,0,12,12,120
01/18/2012,STX,VI,ASO,ES,Federal Contract Tower,14,22,8,5,49,0,52,21,4,77,14,74,29,9,126,20,46,66,192
01/19/2012,STX,VI,ASO,ES,Federal Contract Tower,12,12,6,1,31,0,42,35,4,81,12,54,41,5,112,32,45,77,189
01/20/2012,STX,VI,ASO,ES,Federal Contract Tower,9,11,5,6,31,0,49,44,2,95,9,60,49,8,126,30,34,64,190
01/21/2012,STX,VI,ASO,ES,Federal Contract Tower,14,2,5,1,22,0,39,35,2,76,14,41,40,3,98,24,10,34,132
01/22/2012,STX,VI,ASO,ES,Federal Contract Tower,10,3,4,2,19,0,38,18,0,56,10,41,22,2,75,10,0,10,85
01/23/2012,STX,VI,ASO,ES,Federal Contract Tower,12,9,2,0,23,0,47,23,1,71,12,56,25,1,94,24,4,28,122
01/24/2012,STX,VI,ASO,ES,Federal Contract Tower,12,9,8,0,29,0,39,19,2,60,12,48,27,2,89,12,10,22,111
01/25/2012,STX,VI,ASO,ES,Federal Contract Tower,14,6,2,4,26,0,64,29,3,96,14,70,31,7,122,44,18,62,184
01/26/2012,STX,VI,ASO,ES,Federal Contract Tower,10,8,6,4,28,0,37,25,2,64,10,45,31,6,92,16,14,30,122
01/27/2012,STX,VI,ASO,ES,Federal Contract Tower,11,5,8,0,24,0,54,29,0,83,11,59,37,0,107,0,0,0,107
01/28/2012,STX,VI,ASO,ES,Federal Contract Tower,16,2,6,4,28,0,36,22,0,58,16,38,28,4,86,24,0,24,110
01/29/2012,STX,VI,ASO,ES,Federal Contract Tower,9,3,1,2,15,0,50,20,0,70,9,53,21,2,85,10,0,10,95
01/30/2012,STX,VI,ASO,ES,Federal Contract Tower,11,10,7,2,30,0,39,17,0,56,11,49,24,2,86,4,0,4,90
01/31/2012,STX,VI,ASO,ES,Federal Contract Tower,12,14,5,0,31,0,37,23,0,60,12,51,28,0,91,32,0,32,123
02/01/2012,STX,VI,ASO,ES,Federal Contract Tower,13,8,5,4,30,0,61,31,0,92,13,69,36,4,122,44,0,44,166
02/02/2012,STX,VI,ASO,ES,Federal Contract Tower,11,8,2,0,21,0,37,15,3,55,11,45,17,3,76,0,2,2,78
02/03/2012,STX,VI,ASO,ES,Federal Contract Tower,9,5,12,7,33,0,52,22,1,75,9,57,34,8,108,18,0,18,126
02/04/2012,STX,VI,ASO,ES,Federal Contract Tower,18,2,2,5,27,0,37,13,2,52,18,39,15,7,79,4,0,4,83
02/05/2012,STX,VI,ASO,ES,Federal Contract Tower,10,2,1,5,18,0,34,8,0,42,10,36,9,5,60,0,0,0,60
02/06/2012,STX,VI,ASO,ES,Federal Contract Tower,12,7,1,0,20,0,39,18,2,59,12,46,19,2,79,14,0,14,93
02/07/2012,STX,VI,ASO,ES,Federal Contract Tower,12,15,7,1,35,0,29,22,1,52,12,44,29,2,87,12,0,12,99
02/08/2012,STX,VI,ASO,ES,Federal Contract Tower,13,5,4,1,23,0,72,22,0,94,13,77,26,1,117,10,0,10,127
02/09/2012,STX,VI,ASO,ES,Federal Contract Tower,12,6,2,1,21,0,43,25,0,68,12,49,27,1,89,54,0,54,143
02/10/2012,STX,VI,ASO,ES,Federal Contract Tower,10,8,3,1,22,0,55,26,2,83,10,63,29,3,105,12,0,12,117
02/11/2012,STX,VI,ASO,ES,Federal Contract Tower,16,2,3,0,21,0,30,15,1,46,16,32,18,1,67,12,0,12,79
02/12/2012,STX,VI,ASO,ES,Federal Contract Tower,10,2,4,0,16,0,46,19,1,66,10,48,23,1,82,12,0,12,94
02/13/2012,STX,VI,ASO,ES,Federal Contract Tower,11,9,6,0,26,0,39,21,0,60,11,48,27,0,86,6,0,6,92
02/14/2012,STX,VI,ASO,ES,Federal Contract Tower,11,13,7,4,35,0,34,18,0,52,11,47,25,4,87,2,0,2,89
02/15/2012,STX,VI,ASO,ES,Federal Contract Tower,13,14,6,2,35,0,78,27,0,105,13,92,33,2,140,0,2,2,142
02/16/2012,STX,VI,ASO,ES,Federal Contract Tower,12,8,3,4,27,0,56,27,2,85,12,64,30,6,112,2,50,52,164
02/17/2012,STX,VI,ASO,ES,Federal Contract Tower,11,5,1,0,17,0,91,43,0,134,11,96,44,0,151,0,0,0,151
02/18/2012,STX,VI,ASO,ES,Federal Contract Tower,17,3,3,0,23,0,71,26,0,97,17,74,29,0,120,16,0,16,136
02/19/2012,STX,VI,ASO,ES,Federal Contract Tower,10,2,2,0,14,0,73,53,0,126,10,75,55,0,140,0,0,0,140
02/20/2012,STX,VI,ASO,ES,Federal Contract Tower,12,6,2,2,22,0,106,16,0,122,12,112,18,2,144,2,0,2,146
02/21/2012,STX,VI,ASO,ES,Federal Contract Tower,11,7,3,0,21,0,62,34,1,97,11,69,37,1,118,16,0,16,134
02/22/2012,STX,VI,ASO,ES,Federal Contract Tower,14,4,7,6,31,0,72,22,4,98,14,76,29,10,129,4,30,34,163
02/23/2012,STX,VI,ASO,ES,Federal Contract Tower,10,7,3,2,22,0,39,35,2,76,10,46,38,4,98,36,10,46,144
02/24/2012,STX,VI,ASO,ES,Federal Contract Tower,7,8,5,1,21,0,46,46,0,92,7,54,51,1,113,14,0,14,127
02/25/2012,STX,VI,ASO,ES,Federal Contract Tower,15,2,1,2,20,0,26,10,0,36,15,28,11,2,56,14,0,14,70
02/26/2012,STX,VI,ASO,ES,Federal Contract Tower,10,3,3,0,16,0,36,35,0,71,10,39,38,0,87,4,0,4,91
02/27/2012,STX,VI,ASO,ES,Federal Contract Tower,11,9,4,0,24,0,49,20,1,70,11,58,24,1,94,0,0,0,94
02/28/2012,STX,VI,ASO,ES,Federal Contract Tower,11,9,1,4,25,0,46,19,0,65,11,55,20,4,90,2,0,2,92
02/29/2012,STX,VI,ASO,ES,Federal Contract Tower,12,6,6,0,24,0,73,32,1,106,12,79,38,1,130,22,0,22,152
03/01/2012,STX,VI,ASO,ES,Federal Contract Tower,13,14,7,2,36,0,50,28,1,79,13,64,35,3,115,4,10,14,129
03/02/2012,STX,VI,ASO,ES,Federal Contract Tower,9,5,2,0,16,0,52,51,5,108,9,57,53,5,124,0,16,16,140
03/03/2012,STX,VI,ASO,ES,Federal Contract Tower,15,7,3,1,26,0,32,25,0,57,15,39,28,1,83,16,0,16,99
03/04/2012,STX,VI,ASO,ES,Federal Contract Tower,9,2,2,1,14,0,48,39,0,87,9,50,41,1,101,0,0,0,101
03/05/2012,STX,VI,ASO,ES,Federal Contract Tower,12,9,4,0,25,0,45,18,0,63,12,54,22,0,88,14,0,14,102
03/06/2012,STX,VI,ASO,ES,Federal Contract Tower,11,8,5,0,24,0,43,25,0,68,11,51,30,0,92,0,0,0,92
03/07/2012,STX,VI,ASO,ES,Federal Contract Tower,13,13,7,0,33,0,67,18,0,85,13,80,25,0,118,6,0,6,124
03/08/2012,STX,VI,ASO,ES,Federal Contract Tower,10,8,8,3,29,0,46,17,0,63,10,54,25,3,92,28,26,54,146
03/09/2012,STX,VI,ASO,ES,Federal Contract Tower,10,5,6,3,24,0,54,34,0,88,10,59,40,3,112,56,0,56,168
03/10/2012,STX,VI,ASO,ES,Federal Contract Tower,16,3,3,2,24,0,38,9,0,47,16,41,12,2,71,14,0,14,85
03/11/2012,STX,VI,ASO,ES,Federal Contract Tower,9,2,3,1,15,0,50,20,0,70,9,52,23,1,85,0,0,0,85
03/12/2012,STX,VI,ASO,ES,Federal Contract Tower,11,7,1,1,20,0,41,20,2,63,11,48,21,3,83,0,0,0,83
03/13/2012,STX,VI,ASO,ES,Federal Contract Tower,10,7,7,1,25,0,41,29,4,74,10,48,36,5,99,0,28,28,127
03/14/2012,STX,VI,ASO,ES,Federal Contract Tower,13,5,3,0,21,0,67,29,0,96,13,72,32,0,117,12,0,12,129
03/15/2012,STX,VI,ASO,ES,Federal Contract Tower,11,6,7,4,28,0,48,25,4,77,11,54,32,8,105,36,34,70,175
03/16/2012,STX,VI,ASO,ES,Federal Contract Tower,10,13,3,2,28,0,43,29,0,72,10,56,32,2,100,12,0,12,112
03/17/2012,STX,VI,ASO,ES,Federal Contract Tower,17,2,8,2,29,0,33,13,2,48,17,35,21,4,77,0,16,16,93
03/18/2012,STX,VI,ASO,ES,Federal Contract Tower,9,2,2,6,19,0,42,14,2,58,9,44,16,8,77,0,0,0,77
03/19/2012,STX,VI,ASO,ES,Federal Contract Tower,11,8,5,0,24,0,45,13,0,58,11,53,18,0,82,0,0,0,82
03/20/2012,STX,VI,ASO,ES,Federal Contract Tower,11,7,9,1,28,0,44,23,2,69,11,51,32,3,97,0,0,0,97
03/21/2012,STX,VI,ASO,ES,Federal Contract Tower,11,7,7,9,34,0,65,21,0,86,11,72,28,9,120,22,0,22,142
03/22/2012,STX,VI,ASO,ES,Federal Contract Tower,13,17,8,5,43,0,39,15,1,55,13,56,23,6,98,0,0,0,98
03/23/2012,STX,VI,ASO,ES,Federal Contract Tower,10,15,14,5,44,0,43,30,0,73,10,58,44,5,117,16,6,22,139
03/24/2012,STX,VI,ASO,ES,Federal Contract Tower,14,6,4,8,32,0,29,13,1,43,14,35,17,9,75,8,0,8,83
03/25/2012,STX,VI,ASO,ES,Federal Contract Tower,11,3,2,1,17,0,40,26,0,66,11,43,28,1,83,8,0,8,91
03/26/2012,STX,VI,ASO,ES,Federal Contract Tower,12,8,2,0,22,0,36,22,0,58,12,44,24,0,80,4,0,4,84
03/27/2012,STX,VI,ASO,ES,Federal Contract Tower,12,6,4,1,23,0,38,26,0,64,12,44,30,1,87,0,0,0,87
03/28/2012,STX,VI,ASO,ES,Federal Contract Tower,14,8,5,0,27,0,69,35,0,104,14,77,40,0,131,26,0,26,157
03/29/2012,STX,VI,ASO,ES,Federal Contract Tower,13,15,11,0,39,0,48,16,0,64,13,63,27,0,103,14,0,14,117
03/30/2012,STX,VI,ASO,ES,Federal Contract Tower,10,20,8,9,47,0,50,27,0,77,10,70,35,9,124,0,0,0,124
03/31/2012,STX,VI,ASO,ES,Federal Contract Tower,15,4,7,2,28,0,41,25,1,67,15,45,32,3,95,0,0,0,95
04/01/2012,STX,VI,ASO,ES,Federal Contract Tower,11,2,3,4,20,0,44,20,0,64,11,46,23,4,84,0,0,0,84
04/02/2012,STX,VI,ASO,ES,Federal Contract Tower,14,7,3,5,29,0,40,19,2,61,14,47,22,7,90,4,14,18,108
04/03/2012,STX,VI,ASO,ES,Federal Contract Tower,10,8,0,1,19,0,39,30,2,71,10,47,30,3,90,16,0,16,106
04/04/2012,STX,VI,ASO,ES,Federal Contract Tower,11,9,9,1,30,0,66,24,2,92,11,75,33,3,122,22,22,44,166
04/05/2012,STX,VI,ASO,ES,Federal Contract Tower,11,10,5,0,26,1,48,25,6,80,12,58,30,6,106,30,24,54,160
04/06/2012,STX,VI,ASO,ES,Federal Contract Tower,10,4,3,0,17,0,38,20,0,58,10,42,23,0,75,0,0,0,75
04/07/2012,STX,VI,ASO,ES,Federal Contract Tower,14,2,4,0,20,0,38,17,0,55,14,40,21,0,75,58,0,58,133
04/08/2012,STX,VI,ASO,ES,Federal Contract Tower,10,3,0,0,13,0,45,12,2,59,10,48,12,2,72,2,0,2,74
04/09/2012,STX,VI,ASO,ES,Federal Contract Tower,11,12,8,0,31,0,45,24,0,69,11,57,32,0,100,22,0,22,122
04/10/2012,STX,VI,ASO,ES,Federal Contract Tower,12,10,3,0,25,0,44,25,7,76,12,54,28,7,101,7,5,12,113
04/11/2012,STX,VI,ASO,ES,Federal Contract Tower,12,5,6,0,23,0,56,28,0,84,12,61,34,0,107,4,0,4,111
04/12/2012,STX,VI,ASO,ES,Federal Contract Tower,11,9,2,3,25,0,43,22,1,66,11,52,24,4,91,38,26,64,155
04/13/2012,STX,VI,ASO,ES,Federal Contract Tower,8,12,6,3,29,0,45,30,1,76,8,57,36,4,105,22,0,22,127
04/14/2012,STX,VI,ASO,ES,Federal Contract Tower,15,3,5,2,25,0,51,10,0,61,15,54,15,2,86,22,0,22,108
04/15/2012,STX,VI,ASO,ES,Federal Contract Tower,10,9,0,3,22,0,45,9,0,54,10,54,9,3,76,0,0,0,76
04/16/2012,STX,VI,ASO,ES,Federal Contract Tower,12,8,3,2,25,0,43,28,0,71,12,51,31,2,96,8,0,8,104
04/17/2012,STX,VI,ASO,ES,Federal Contract Tower,12,11,2,0,25,0,43,21,1,65,12,54,23,1,90,0,2,2,92
04/18/2012,STX,VI,ASO,ES,Federal Contract Tower,11,5,3,6,25,1,46,24,4,75,12,51,27,10,100,32,8,40,140
04/19/2012,STX,VI,ASO,ES,Federal Contract Tower,11,7,1,1,20,1,43,40,2,86,12,50,41,3,106,24,10,34,140
04/20/2012,STX,VI,ASO,ES,Federal Contract Tower,10,10,4,4,28,0,56,26,6,88,10,66,30,10,116,10,8,18,134
04/21/2012,STX,VI,ASO,ES,Federal Contract Tower,15,2,2,0,19,0,31,14,1,46,15,33,16,1,65,14,0,14,79
04/22/2012,STX,VI,ASO,ES,Federal Contract Tower,9,15,3,0,27,0,35,8,0,43,9,50,11,0,70,4,0,4,74
04/23/2012,STX,VI,ASO,ES,Federal Contract Tower,12,10,3,0,25,0,47,20,2,69,12,57,23,2,94,42,10,52,146
04/24/2012,STX,VI,ASO,ES,Federal Contract Tower,11,8,5,3,27,0,55,27,4,86,11,63,32,7,113,0,2,2,115
04/25/2012,STX,VI,ASO,ES,Federal Contract Tower,11,10,8,0,29,0,58,31,0,89,11,68,39,0,118,4,0,4,122
04/26/2012,STX,VI,ASO,ES,Federal Contract Tower,12,9,4,0,25,0,55,24,0,79,12,64,28,0,104,28,0,28,132
04/27/2012,STX,VI,ASO,ES,Federal Contract Tower,10,6,3,2,21,0,57,25,0,82,10,63,28,2,103,0,0,0,103
04/28/2012,STX,VI,ASO,ES,Federal Contract Tower,14,2,2,1,19,0,40,14,0,54,14,42,16,1,73,10,0,10,83
04/29/2012,STX,VI,ASO,ES,Federal Contract Tower,9,3,0,0,12,1,92,15,1,109,10,95,15,1,121,0,0,0,121
04/30/2012,STX,VI,ASO,ES,Federal Contract Tower,12,14,6,2,34,0,73,16,0,89,12,87,22,2,123,0,0,0,123
05/01/2012,STX,VI,ASO,ES,Federal Contract Tower,12,17,0,2,31,0,42,23,3,68,12,59,23,5,99,2,0,2,101
05/02/2012,STX,VI,ASO,ES,Federal Contract Tower,13,21,12,1,47,0,27,16,0,43,13,48,28,1,90,40,0,40,130
05/03/2012,STX,VI,ASO,ES,Federal Contract Tower,9,11,5,0,25,0,34,18,0,52,9,45,23,0,77,62,0,62,139
05/04/2012,STX,VI,ASO,ES,Federal Contract Tower,12,13,18,1,44,0,46,21,0,67,12,59,39,1,111,12,0,12,123
05/05/2012,STX,VI,ASO,ES,Federal Contract Tower,13,7,1,3,24,0,34,8,0,42,13,41,9,3,66,28,0,28,94
05/06/2012,STX,VI,ASO,ES,Federal Contract Tower,9,24,2,0,35,0,16,5,0,21,9,40,7,0,56,0,0,0,56
05/07/2012,STX,VI,ASO,ES,Federal Contract Tower,11,12,10,1,34,0,42,25,2,69,11,54,35,3,103,10,4,14,117
05/08/2012,STX,VI,ASO,ES,Federal Contract Tower,10,9,2,2,23,0,30,25,3,58,10,39,27,5,81,10,24,34,115
05/09/2012,STX,VI,ASO,ES,Federal Contract Tower,11,6,3,1,21,0,28,31,2,61,11,34,34,3,82,44,0,44,126
05/10/2012,STX,VI,ASO,ES,Federal Contract Tower,11,9,2,1,23,0,31,16,0,47,11,40,18,1,70,14,0,14,84
05/11/2012,STX,VI,ASO,ES,Federal Contract Tower,9,17,3,3,32,0,30,21,2,53,9,47,24,5,85,6,0,6,91
05/12/2012,STX,VI,ASO,ES,Federal Contract Tower,10,4,2,0,16,0,29,12,0,41,10,33,14,0,57,58,0,58,115
05/13/2012,STX,VI,ASO,ES,Federal Contract Tower,8,6,3,3,20,0,27,22,0,49,8,33,25,3,69,0,0,0,69
05/14/2012,STX,VI,ASO,ES,Federal Contract Tower,11,16,2,0,29,0,31,17,2,50,11,47,19,2,79,0,4,4,83
05/15/2012,STX,VI,ASO,ES,Federal Contract Tower,12,8,3,1,24,0,35,29,0,64,12,43,32,1,88,32,0,32,120
05/16/2012,STX,VI,ASO,ES,Federal Contract Tower,10,11,12,4,37,1,30,7,0,38,11,41,19,4,75,34,0,34,109
05/17/2012,STX,VI,ASO,ES,Federal Contract Tower,12,13,12,2,39,0,34,12,3,49,12,47,24,5,88,0,36,36,124
05/18/2012,STX,VI,ASO,ES,Federal Contract Tower,9,19,6,2,36,0,37,16,2,55,9,56,22,4,91,24,14,38,129
05/19/2012,STX,VI,ASO,ES,Federal Contract Tower,14,11,3,0,28,0,24,17,0,41,14,35,20,0,69,12,0,12,81
05/20/2012,STX,VI,ASO,ES,Federal Contract Tower,8,2,1,3,14,0,31,12,3,46,8,33,13,6,60,0,0,0,60
05/21/2012,STX,VI,ASO,ES,Federal Contract Tower,12,8,2,3,25,0,43,18,6,67,12,51,20,9,92,26,0,26,118
05/22/2012,STX,VI,ASO,ES,Federal Contract Tower,11,6,2,2,21,0,29,34,5,68,11,35,36,7,89,12,0,12,101
05/23/2012,STX,VI,ASO,ES,Federal Contract Tower,11,9,8,2,30,0,38,15,3,56,11,47,23,5,86,12,16,28,114
05/24/2012,STX,VI,ASO,ES,Federal Contract Tower,9,9,6,2,26,0,32,22,1,55,9,41,28,3,81,6,0,6,87
05/25/2012,STX,VI,ASO,ES,Federal Contract Tower,8,11,5,1,25,0,44,17,0,61,8,55,22,1,86,8,0,8,94
05/26/2012,STX,VI,ASO,ES,Federal Contract Tower,14,6,4,0,24,0,21,14,0,35,14,27,18,0,59,8,0,8,67
05/27/2012,STX,VI,ASO,ES,Federal Contract Tower,8,5,1,0,14,0,28,8,4,40,8,33,9,4,54,0,0,0,54
05/28/2012,STX,VI,ASO,ES,Federal Contract Tower,12,12,1,0,25,0,28,23,0,51,12,40,24,0,76,4,0,4,80
05/29/2012,STX,VI,ASO,ES,Federal Contract Tower,12,11,4,0,27,0,29,25,0,54,12,40,29,0,81,18,0,18,99
05/30/2012,STX,VI,ASO,ES,Federal Contract Tower,12,7,3,0,22,0,34,31,2,67,12,41,34,2,89,18,2,20,109
05/31/2012,STX,VI,ASO,ES,Federal Contract Tower,12,13,7,0,32,0,33,26,0,59,12,46,33,0,91,0,0,0,91
06/01/2012,STX,VI,ASO,ES,Federal Contract Tower,9,16,8,0,33,0,27,21,0,48,9,43,29,0,81,30,0,30,111
06/02/2012,STX,VI,ASO,ES,Federal Contract Tower,11,10,2,4,27,0,18,11,15,44,11,28,13,19,71,30,6,36,107
06/03/2012,STX,VI,ASO,ES,Federal Contract Tower,9,2,0,5,16,0,28,15,0,43,9,30,15,5,59,0,0,0,59
06/04/2012,STX,VI,ASO,ES,Federal Contract Tower,12,10,1,0,23,0,44,26,5,75,12,54,27,5,98,18,2,20,118
06/05/2012,STX,VI,ASO,ES,Federal Contract Tower,11,11,2,1,25,0,27,23,0,50,11,38,25,1,75,22,0,22,97
06/06/2012,STX,VI,ASO,ES,Federal Contract Tower,10,6,11,1,28,0,32,23,0,55,10,38,34,1,83,2,0,2,85
06/07/2012,STX,VI,ASO,ES,Federal Contract Tower,12,8,6,5,31,0,34,24,3,61,12,42,30,8,92,14,10,24,116
06/08/2012,STX,VI,ASO,ES,Federal Contract Tower,9,12,5,3,29,0,45,23,0,68,9,57,28,3,97,16,0,16,113
06/09/2012,STX,VI,ASO,ES,Federal Contract Tower,14,2,2,2,20,0,26,9,0,35,14,28,11,2,55,0,6,6,61
06/10/2012,STX,VI,ASO,ES,Federal Contract Tower,9,2,2,3,16,0,35,11,0,46,9,37,13,3,62,8,0,8,70
06/11/2012,STX,VI,ASO,ES,Federal Contract Tower,12,8,5,0,25,0,31,18,0,49,12,39,23,0,74,6,0,6,80
06/12/2012,STX,VI,ASO,ES,Federal Contract Tower,12,6,4,0,22,0,36,32,1,69,12,42,36,1,91,6,0,6,97
06/13/2012,STX,VI,ASO,ES,Federal Contract Tower,12,7,4,6,29,0,36,28,0,64,12,43,32,6,93,34,0,34,127
06/14/2012,STX,VI,ASO,ES,Federal Contract Tower,12,9,3,0,24,0,30,20,0,50,12,39,23,0,74,8,0,8,82
06/15/2012,STX,VI,ASO,ES,Federal Contract Tower,9,10,2,0,21,0,41,25,0,66,9,51,27,0,87,22,0,22,109
06/16/2012,STX,VI,ASO,ES,Federal Contract Tower,11,2,2,0,15,0,27,14,0,41,11,29,16,0,56,38,0,38,94
06/17/2012,STX,VI,ASO,ES,Federal Contract Tower,10,9,4,0,23,0,19,14,0,33,10,28,18,0,56,0,0,0,56
06/18/2012,STX,VI,ASO,ES,Federal Contract Tower,12,17,8,2,39,0,29,16,1,46,12,46,24,3,85,8,0,8,93
06/19/2012,STX,VI,ASO,ES,Federal Contract Tower,11,6,4,0,21,0,30,26,0,56,11,36,30,0,77,28,0,28,105
06/20/2012,STX,VI,ASO,ES,Federal Contract Tower,13,7,0,4,24,0,33,18,4,55,13,40,18,8,79,14,14,28,107
06/21/2012,STX,VI,ASO,ES,Federal Contract Tower,11,8,2,0,21,0,29,22,0,51,11,37,24,0,72,20,0,20,92
06/22/2012,STX,VI,ASO,ES,Federal Contract Tower,9,10,6,2,27,0,38,20,2,60,9,48,26,4,87,32,0,32,119
06/23/2012,STX,VI,ASO,ES,Federal Contract Tower,10,3,6,0,19,0,30,22,0,52,10,33,28,0,71,64,0,64,135
06/24/2012,STX,VI,ASO,ES,Federal Contract Tower,9,2,0,3,14,0,35,12,2,49,9,37,12,5,63,0,0,0,63
06/25/2012,STX,VI,ASO,ES,Federal Contract Tower,10,15,7,0,32,0,24,16,3,43,10,39,23,3,75,8,0,8,83
06/26/2012,STX,VI,ASO,ES,Federal Contract Tower,11,8,3,0,22,0,29,30,0,59,11,37,33,0,81,6,0,6,87
06/27/2012,STX,VI,ASO,ES,Federal Contract Tower,12,7,3,2,24,0,35,23,3,61,12,42,26,5,85,16,0,16,101
06/28/2012,STX,VI,ASO,ES,Federal Contract Tower,12,10,2,1,25,0,34,25,1,60,12,44,27,2,85,4,0,4,89
06/29/2012,STX,VI,ASO,ES,Federal Contract Tower,10,8,2,3,23,0,35,35,1,71,10,43,37,4,94,16,0,16,110
06/30/2012,STX,VI,ASO,ES,Federal Contract Tower,11,2,4,8,25,0,28,13,1,42,11,30,17,9,67,18,4,22,89
07/01/2012,STX,VI,ASO,ES,Federal Contract Tower,10,2,0,2,14,0,29,12,0,41,10,31,12,2,55,0,0,0,55
07/02/2012,STX,VI,ASO,ES,Federal Contract Tower,12,18,2,4,36,0,27,20,9,56,12,45,22,13,92,0,0,0,92
07/03/2012,STX,VI,ASO,ES,Federal Contract Tower,12,7,2,2,23,0,27,18,11,56,12,34,20,13,79,6,0,6,85
07/04/2012,STX,VI,ASO,ES,Federal Contract Tower,11,5,0,0,16,0,29,5,0,34,11,34,5,0,50,0,0,0,50
07/05/2012,STX,VI,ASO,ES,Federal Contract Tower,12,26,8,0,46,0,23,23,2,48,12,49,31,2,94,0,12,12,106
07/06/2012,STX,VI,ASO,ES,Federal Contract Tower,9,9,3,0,21,0,36,20,3,59,9,45,23,3,80,26,4,30,110
07/07/2012,STX,VI,ASO,ES,Federal Contract Tower,13,8,2,3,26,0,22,14,0,36,13,30,16,3,62,22,0,22,84
07/08/2012,STX,VI,ASO,ES,Federal Contract Tower,10,2,2,2,16,0,36,20,0,56,10,38,22,2,72,0,0,0,72
07/09/2012,STX,VI,ASO,ES,Federal Contract Tower,12,10,6,0,28,0,28,24,0,52,12,38,30,0,80,2,0,2,82
07/10/2012,STX,VI,ASO,ES,Federal Contract Tower,12,8,4,0,24,0,29,25,5,59,12,37,29,5,83,0,0,0,83
07/11/2012,STX,VI,ASO,ES,Federal Contract Tower,12,7,6,5,30,0,35,27,3,65,12,42,33,8,95,0,22,22,117
07/12/2012,STX,VI,ASO,ES,Federal Contract Tower,11,8,4,4,27,0,38,23,0,61,11,46,27,4,88,0,0,0,88
07/13/2012,STX,VI,ASO,ES,Federal Contract Tower,10,11,7,0,28,0,38,17,1,56,10,49,24,1,84,0,0,0,84
07/14/2012,STX,VI,ASO,ES,Federal Contract Tower,13,10,4,2,29,0,21,9,0,30,13,31,13,2,59,0,0,0,59
07/15/2012,STX,VI,ASO,ES,Federal Contract Tower,10,5,1,1,17,0,29,15,0,44,10,34,16,1,61,0,0,0,61
07/16/2012,STX,VI,ASO,ES,Federal Contract Tower,11,8,2,1,22,0,33,28,0,61,11,41,30,1,83,18,0,18,101
07/17/2012,STX,VI,ASO,ES,Federal Contract Tower,9,9,9,4,31,0,30,30,0,60,9,39,39,4,91,6,0,6,97
07/18/2012,STX,VI,ASO,ES,Federal Contract Tower,11,12,6,1,30,0,36,24,0,60,11,48,30,1,90,22,0,22,112
07/19/2012,STX,VI,ASO,ES,Federal Contract Tower,12,16,7,3,38,0,26,14,1,41,12,42,21,4,79,30,0,30,109
07/20/2012,STX,VI,ASO,ES,Federal Contract Tower,10,18,8,4,40,0,27,13,0,40,10,45,21,4,80,8,0,8,88
07/21/2012,STX,VI,ASO,ES,Federal Contract Tower,12,7,4,3,26,0,21,2,0,23,12,28,6,3,49,0,0,0,49
07/22/2012,STX,VI,ASO,ES,Federal Contract Tower,10,4,0,1,15,0,26,8,0,34,10,30,8,1,49,8,0,8,57
07/23/2012,STX,VI,ASO,ES,Federal Contract Tower,12,10,0,0,22,0,35,19,2,56,12,45,19,2,78,20,2,22,100
07/24/2012,STX,VI,ASO,ES,Federal Contract Tower,12,10,1,0,23,0,28,28,4,60,12,38,29,4,83,16,26,42,125
07/25/2012,STX,VI,ASO,ES,Federal Contract Tower,11,6,1,2,20,0,29,23,4,56,11,35,24,6,76,0,14,14,90
07/26/2012,STX,VI,ASO,ES,Federal Contract Tower,12,8,2,5,27,0,31,23,1,55,12,39,25,6,82,0,0,0,82
07/27/2012,STX,VI,ASO,ES,Federal Contract Tower,10,14,3,3,30,0,42,23,1,66,10,56,26,4,96,16,16,32,128
07/28/2012,STX,VI,ASO,ES,Federal Contract Tower,14,7,2,0,23,0,25,10,0,35,14,32,12,0,58,22,0,22,80
07/29/2012,STX,VI,ASO,ES,Federal Contract Tower,10,2,2,1,15,0,37,7,0,44,10,39,9,1,59,10,0,10,69
07/30/2012,STX,VI,ASO,ES,Federal Contract Tower,12,10,7,0,29,0,32,12,2,46,12,42,19,2,75,0,4,4,79
07/31/2012,STX,VI,ASO,ES,Federal Contract Tower,11,16,13,1,41,0,23,11,5,39,11,39,24,6,80,0,8,8,88
08/01/2012,STX,VI,ASO,ES,Federal Contract Tower,12,7,6,5,30,0,34,29,1,64,12,41,35,6,94,38,0,38,132
08/02/2012,STX,VI,ASO,ES,Federal Contract Tower,12,8,6,5,31,0,31,20,2,53,12,39,26,7,84,0,0,0,84
08/03/2012,STX,VI,ASO,ES,Federal Contract Tower,8,12,5,7,32,0,40,18,1,59,8,52,23,8,91,0,0,0,91
08/04/2012,STX,VI,ASO,ES,Federal Contract Tower,11,2,2,6,21,0,30,12,5,47,11,32,14,11,68,0,68,68,136
08/05/2012,STX,VI,ASO,ES,Federal Contract Tower,11,1,3,7,22,0,32,11,1,44,11,33,14,8,66,0,40,40,106
08/06/2012,STX,VI,ASO,ES,Federal Contract Tower,12,10,0,3,25,0,38,21,0,59,12,48,21,3,84,0,0,0,84
08/07/2012,STX,VI,ASO,ES,Federal Contract Tower,11,8,6,3,28,0,30,20,1,51,11,38,26,4,79,22,20,42,121
08/08/2012,STX,VI,ASO,ES,Federal Contract Tower,11,5,7,0,23,0,30,22,4,56,11,35,29,4,79,4,28,32,111
08/09/2012,STX,VI,ASO,ES,Federal Contract Tower,12,7,4,1,24,0,36,27,2,65,12,43,31,3,89,14,24,38,127
08/10/2012,STX,VI,ASO,ES,Federal Contract Tower,9,9,5,7,30,0,37,24,0,61,9,46,29,7,91,6,2,8,99
08/11/2012,STX,VI,ASO,ES,Federal Contract Tower,11,3,0,3,17,0,28,13,0,41,11,31,13,3,58,28,0,28,86
08/12/2012,STX,VI,ASO,ES,Federal Contract Tower,9,2,2,2,15,0,31,9,0,40,9,33,11,2,55,0,0,0,55
08/13/2012,STX,VI,ASO,ES,Federal Contract Tower,10,9,10,5,34,0,33,25,7,65,10,42,35,12,99,0,10,10,109
08/14/2012,STX,VI,ASO,ES,Federal Contract Tower,14,10,8,2,34,0,32,25,3,60,14,42,33,5,94,0,14,14,108
08/15/2012,STX,VI,ASO,ES,Federal Contract Tower,12,6,8,2,28,0,36,35,2,73,12,42,43,4,101,0,4,4,105
08/16/2012,STX,VI,ASO,ES,Federal Contract Tower,10,9,5,5,29,0,32,25,2,59,10,41,30,7,88,22,38,60,148
08/17/2012,STX,VI,ASO,ES,Federal Contract Tower,10,8,6,4,28,0,44,18,1,63,10,52,24,5,91,0,8,8,99
08/18/2012,STX,VI,ASO,ES,Federal Contract Tower,13,2,2,0,17,0,30,14,0,44,13,32,16,0,61,24,0,24,85
08/19/2012,STX,VI,ASO,ES,Federal Contract Tower,10,2,2,1,15,0,35,16,3,54,10,37,18,4,69,0,2,2,71
08/20/2012,STX,VI,ASO,ES,Federal Contract Tower,11,8,2,7,28,0,38,17,3,58,11,46,19,10,86,0,4,4,90
08/21/2012,STX,VI,ASO,ES,Federal Contract Tower,6,9,9,3,27,0,31,25,2,58,6,40,34,5,85,16,2,18,103
08/22/2012,STX,VI,ASO,ES,Federal Contract Tower,6,9,11,10,36,0,25,10,1,36,6,34,21,11,72,8,0,8,80
08/23/2012,STX,VI,ASO,ES,Federal Contract Tower,3,0,6,3,12,0,0,0,0,0,3,0,6,3,12,0,0,0,12
08/24/2012,STX,VI,ASO,ES,Federal Contract Tower,6,13,7,5,31,0,41,13,0,54,6,54,20,5,85,0,0,0,85
08/25/2012,STX,VI,ASO,ES,Federal Contract Tower,7,2,6,4,19,0,27,13,1,41,7,29,19,5,60,14,6,20,80
08/26/2012,STX,VI,ASO,ES,Federal Contract Tower,5,2,0,0,7,0,31,10,1,42,5,33,10,1,49,0,0,0,49
08/27/2012,STX,VI,ASO,ES,Federal Contract Tower,5,12,11,0,28,0,36,19,0,55,5,48,30,0,83,0,0,0,83
08/28/2012,STX,VI,ASO,ES,Federal Contract Tower,6,10,2,1,19,0,32,27,1,60,6,42,29,2,79,0,4,4,83
08/29/2012,STX,VI,ASO,ES,Federal Contract Tower,8,6,0,0,14,0,47,26,0,73,8,53,26,0,87,12,0,12,99
08/30/2012,STX,VI,ASO,ES,Federal Contract Tower,6,11,2,2,21,0,35,27,2,64,6,46,29,4,85,10,0,10,95
08/31/2012,STX,VI,ASO,ES,Federal Contract Tower,6,12,6,3,27,0,45,21,0,66,6,57,27,3,93,0,0,0,93
09/01/2012,STX,VI,ASO,ES,Federal Contract Tower,6,2,0,3,11,0,31,11,2,44,6,33,11,5,55,18,0,18,73
09/02/2012,STX,VI,ASO,ES,Federal Contract Tower,9,3,2,2,16,0,39,12,1,52,9,42,14,3,68,0,0,0,68
09/03/2012,STX,VI,ASO,ES,Federal Contract Tower,7,4,0,0,11,0,35,7,0,42,7,39,7,0,53,0,0,0,53
09/04/2012,STX,VI,ASO,ES,Federal Contract Tower,5,10,0,0,15,0,31,24,3,58,5,41,24,3,73,4,0,4,77
09/05/2012,STX,VI,ASO,ES,Federal Contract Tower,6,9,2,5,22,0,32,27,8,67,6,41,29,13,89,0,4,4,93
09/06/2012,STX,VI,ASO,ES,Federal Contract Tower,5,8,0,3,16,0,33,23,12,68,5,41,23,15,84,12,18,30,114
09/07/2012,STX,VI,ASO,ES,Federal Contract Tower,6,10,3,4,23,0,50,18,8,76,6,60,21,12,99,0,8,8,107
09/08/2012,STX,VI,ASO,ES,Federal Contract Tower,6,2,0,1,9,0,29,13,3,45,6,31,13,4,54,42,20,62,116
09/09/2012,STX,VI,ASO,ES,Federal Contract Tower,5,2,1,6,14,0,35,11,2,48,5,37,12,8,62,82,0,82,144
09/10/2012,STX,VI,ASO,ES,Federal Contract Tower,6,11,4,3,24,0,41,24,4,69,6,52,28,7,93,28,8,36,129
09/11/2012,STX,VI,ASO,ES,Federal Contract Tower,6,7,1,0,14,0,39,34,0,73,6,46,35,0,87,24,0,24,111
09/12/2012,STX,VI,ASO,ES,Federal Contract Tower,6,8,2,7,23,0,35,29,4,68,6,43,31,11,91,4,18,22,113
09/13/2012,STX,VI,ASO,ES,Federal Contract Tower,6,6,1,12,25,0,40,19,4,63,6,46,20,16,88,14,12,26,114
09/14/2012,STX,VI,ASO,ES,Federal Contract Tower,6,10,8,2,26,0,41,24,0,65,6,51,32,2,91,16,0,16,107
09/15/2012,STX,VI,ASO,ES,Federal Contract Tower,6,4,0,4,14,0,28,20,0,48,6,32,20,4,62,58,0,58,120
09/16/2012,STX,VI,ASO,ES,Federal Contract Tower,6,2,5,2,15,0,34,22,2,58,6,36,27,4,73,26,0,26,99
09/17/2012,STX,VI,ASO,ES,Federal Contract Tower,6,12,10,3,31,0,35,13,0,48,6,47,23,3,79,14,0,14,93
09/18/2012,STX,VI,ASO,ES,Federal Contract Tower,6,22,9,2,39,0,21,16,0,37,6,43,25,2,76,2,0,2,78
09/19/2012,STX,VI,ASO,ES,Federal Contract Tower,6,10,4,0,20,0,37,21,0,58,6,47,25,0,78,14,0,14,92
09/20/2012,STX,VI,ASO,ES,Federal Contract Tower,6,10,5,3,24,0,35,27,3,65,6,45,32,6,89,28,14,42,131
09/21/2012,STX,VI,ASO,ES,Federal Contract Tower,6,13,2,0,21,0,37,13,0,50,6,50,15,0,71,28,0,28,99
09/22/2012,STX,VI,ASO,ES,Federal Contract Tower,6,5,0,1,12,0,29,18,1,48,6,34,18,2,60,40,4,44,104
09/23/2012,STX,VI,ASO,ES,Federal Contract Tower,5,2,1,1,9,0,29,16,0,45,5,31,17,1,54,10,0,10,64
09/24/2012,STX,VI,ASO,ES,Federal Contract Tower,6,11,2,1,20,0,37,21,5,63,6,48,23,6,83,0,18,18,101
09/25/2012,STX,VI,ASO,ES,Federal Contract Tower,6,9,1,1,17,0,30,23,0,53,6,39,24,1,70,8,0,8,78
09/26/2012,STX,VI,ASO,ES,Federal Contract Tower,6,8,1,0,15,0,34,30,1,65,6,42,31,1,80,18,0,18,98
09/27/2012,STX,VI,ASO,ES,Federal Contract Tower,6,9,2,1,18,0,37,29,0,66,6,46,31,1,84,8,0,8,92
09/28/2012,STX,VI,ASO,ES,Federal Contract Tower,6,12,3,1,22,0,38,23,2,63,6,50,26,3,85,0,6,6,91
09/29/2012,STX,VI,ASO,ES,Federal Contract Tower,6,2,2,0,10,0,28,10,0,38,6,30,12,0,48,14,0,14,62
09/30/2012,STX,VI,ASO,ES,Federal Contract Tower,6,1,2,0,9,0,31,14,0,45,6,32,16,0,54,18,0,18,72
10/01/2012,STX,VI,ASO,ES,Federal Contract Tower,6,11,5,0,22,0,33,30,4,67,6,44,35,4,89,0,6,6,95
10/02/2012,STX,VI,ASO,ES,Federal Contract Tower,6,12,6,2,26,0,31,21,0,52,6,43,27,2,78,0,0,0,78
10/03/2012,STX,VI,ASO,ES,Federal Contract Tower,6,7,1,2,16,0,32,36,0,68,6,39,37,2,84,0,0,0,84
10/04/2012,STX,VI,ASO,ES,Federal Contract Tower,6,11,0,0,17,0,32,34,0,66,6,43,34,0,83,6,0,6,89
10/05/2012,STX,VI,ASO,ES,Federal Contract Tower,6,11,6,1,24,0,33,25,1,59,6,44,31,2,83,24,20,44,127
10/06/2012,STX,VI,ASO,ES,Federal Contract Tower,6,2,1,0,9,0,24,10,0,34,6,26,11,0,43,18,0,18,61
10/07/2012,STX,VI,ASO,ES,Federal Contract Tower,6,2,0,1,9,0,24,19,0,43,6,26,19,1,52,16,0,16,68
10/08/2012,STX,VI,ASO,ES,Federal Contract Tower,6,8,6,0,20,0,31,14,0,45,6,39,20,0,65,0,0,0,65
10/09/2012,STX,VI,ASO,ES,Federal Contract Tower,4,13,4,0,21,0,39,32,0,71,4,52,36,0,92,18,0,18,110
10/10/2012,STX,VI,ASO,ES,Federal Contract Tower,6,9,1,4,20,0,38,26,1,65,6,47,27,5,85,12,4,16,101
10/11/2012,STX,VI,ASO,ES,Federal Contract Tower,6,10,3,8,27,0,35,22,1,58,6,45,25,9,85,0,0,0,85
10/12/2012,STX,VI,ASO,ES,Federal Contract Tower,6,12,2,2,22,0,33,36,4,73,6,45,38,6,95,0,0,0,95
10/13/2012,STX,VI,ASO,ES,Federal Contract Tower,5,1,5,13,24,0,18,7,3,28,5,19,12,16,52,0,0,0,52
10/14/2012,STX,VI,ASO,ES,Federal Contract Tower,5,3,4,7,19,0,29,14,0,43,5,32,18,7,62,0,0,0,62
10/15/2012,STX,VI,ASO,ES,Federal Contract Tower,8,10,5,2,25,0,33,25,4,62,8,43,30,6,87,6,18,24,111
10/16/2012,STX,VI,ASO,ES,Federal Contract Tower,7,12,8,5,32,0,33,32,1,66,7,45,40,6,98,28,12,40,138
10/17/2012,STX,VI,ASO,ES,Federal Contract Tower,8,11,6,2,27,0,36,36,0,72,8,47,42,2,99,10,0,10,109
10/18/2012,STX,VI,ASO,ES,Federal Contract Tower,6,9,5,4,24,0,38,21,0,59,6,47,26,4,83,36,0,36,119
10/19/2012,STX,VI,ASO,ES,Federal Contract Tower,6,14,1,2,23,0,35,24,2,61,6,49,25,4,84,32,10,42,126
10/20/2012,STX,VI,ASO,ES,Federal Contract Tower,6,3,2,0,11,0,34,14,0,48,6,37,16,0,59,0,0,0,59
10/21/2012,STX,VI,ASO,ES,Federal Contract Tower,4,3,5,0,12,0,32,9,0,41,4,35,14,0,53,6,0,6,59
10/22/2012,STX,VI,ASO,ES,Federal Contract Tower,8,10,2,1,21,0,35,24,0,59,8,45,26,1,80,16,0,16,96
10/23/2012,STX,VI,ASO,ES,Federal Contract Tower,6,10,2,0,18,0,34,18,0,52,6,44,20,0,70,6,0,6,76
10/24/2012,STX,VI,ASO,ES,Federal Contract Tower,8,12,3,0,23,0,47,21,3,71,8,59,24,3,94,4,0,4,98
10/25/2012,STX,VI,ASO,ES,Federal Contract Tower,6,12,2,0,20,0,34,38,1,73,6,46,40,1,93,4,0,4,97
10/26/2012,STX,VI,ASO,ES,Federal Contract Tower,6,18,3,0,27,0,35,24,1,60,6,53,27,1,87,16,0,16,103
10/27/2012,STX,VI,ASO,ES,Federal Contract Tower,8,3,3,1,15,0,30,35,0,65,8,33,38,1,80,20,0,20,100
10/28/2012,STX,VI,ASO,ES,Federal Contract Tower,7,4,1,0,12,0,28,22,2,52,7,32,23,2,64,0,0,0,64
10/29/2012,STX,VI,ASO,ES,Federal Contract Tower,6,13,0,0,19,0,34,35,2,71,6,47,35,2,90,26,0,26,116
10/30/2012,STX,VI,ASO,ES,Federal Contract Tower,6,14,5,0,25,0,29,26,6,61,6,43,31,6,86,16,10,26,112
10/31/2012,STX,VI,ASO,ES,Federal Contract Tower,5,8,2,3,18,0,60,20,4,84,5,68,22,7,102,10,28,38,140
11/01/2012,STX,VI,ASO,ES,Federal Contract Tower,7,10,2,0,19,0,30,33,1,64,7,40,35,1,83,14,8,22,105
11/02/2012,STX,VI,ASO,ES,Federal Contract Tower,6,10,3,4,23,0,48,27,4,79,6,58,30,8,102,8,4,12,114
11/03/2012,STX,VI,ASO,ES,Federal Contract Tower,6,2,2,0,10,0,30,18,1,49,6,32,20,1,59,14,0,14,73
11/04/2012,STX,VI,ASO,ES,Federal Contract Tower,8,2,0,0,10,0,33,17,1,51,8,35,17,1,61,24,0,24,85
11/05/2012,STX,VI,ASO,ES,Federal Contract Tower,6,7,3,1,17,0,34,27,0,61,6,41,30,1,78,28,0,28,106
11/06/2012,STX,VI,ASO,ES,Federal Contract Tower,6,11,2,1,20,0,30,17,4,51,6,41,19,5,71,46,0,46,117
11/07/2012,STX,VI,ASO,ES,Federal Contract Tower,8,9,0,2,19,0,61,21,2,84,8,70,21,4,103,0,4,4,107
11/08/2012,STX,VI,ASO,ES,Federal Contract Tower,6,10,2,3,21,0,31,28,0,59,6,41,30,3,80,20,4,24,104
11/09/2012,STX,VI,ASO,ES,Federal Contract Tower,6,9,3,1,19,0,41,28,0,69,6,50,31,1,88,14,0,14,102
11/10/2012,STX,VI,ASO,ES,Federal Contract Tower,6,4,1,7,18,0,24,13,0,37,6,28,14,7,55,0,0,0,55
11/11/2012,STX,VI,ASO,ES,Federal Contract Tower,4,4,5,5,18,0,30,9,3,42,4,34,14,8,60,0,4,4,64
11/12/2012,STX,VI,ASO,ES,Federal Contract Tower,6,12,2,8,28,0,35,12,0,47,6,47,14,8,75,2,0,2,77
11/13/2012,STX,VI,ASO,ES,Federal Contract Tower,6,15,6,1,28,0,29,30,2,61,6,44,36,3,89,0,0,0,89
11/14/2012,STX,VI,ASO,ES,Federal Contract Tower,7,9,4,2,22,0,51,24,2,77,7,60,28,4,99,0,2,2,101
11/15/2012,STX,VI,ASO,ES,Federal Contract Tower,9,13,2,4,28,0,35,30,2,67,9,48,32,6,95,8,2,10,105
11/16/2012,STX,VI,ASO,ES,Federal Contract Tower,8,11,2,0,21,0,42,24,0,66,8,53,26,0,87,8,0,8,95
11/17/2012,STX,VI,ASO,ES,Federal Contract Tower,9,2,4,0,15,0,24,53,1,78,9,26,57,1,93,30,4,34,127
11/18/2012,STX,VI,ASO,ES,Federal Contract Tower,9,1,2,0,12,0,36,16,3,55,9,37,18,3,67,6,0,6,73
11/19/2012,STX,VI,ASO,ES,Federal Contract Tower,9,11,10,4,34,0,41,27,2,70,9,52,37,6,104,12,0,12,116
11/20/2012,STX,VI,ASO,ES,Federal Contract Tower,9,14,7,3,33,0,35,21,5,61,9,49,28,8,94,28,0,28,122
11/21/2012,STX,VI,ASO,ES,Federal Contract Tower,10,8,6,0,24,0,59,40,0,99,10,67,46,0,123,6,0,6,129
11/22/2012,STX,VI,ASO,ES,Federal Contract Tower,10,3,2,0,15,0,28,5,0,33,10,31,7,0,48,2,0,2,50
11/23/2012,STX,VI,ASO,ES,Federal Contract Tower,9,10,5,0,24,0,37,17,0,54,9,47,22,0,78,60,0,60,138
11/24/2012,STX,VI,ASO,ES,Federal Contract Tower,9,2,2,0,13,0,37,13,1,51,9,39,15,1,64,50,0,50,114
11/25/2012,STX,VI,ASO,ES,Federal Contract Tower,9,2,1,0,12,0,47,29,0,76,9,49,30,0,88,10,0,10,98
11/26/2012,STX,VI,ASO,ES,Federal Contract Tower,9,11,5,1,26,0,39,18,0,57,9,50,23,1,83,42,0,42,125
11/27/2012,STX,VI,ASO,ES,Federal Contract Tower,9,13,2,3,27,0,39,29,1,69,9,52,31,4,96,20,10,30,126
11/28/2012,STX,VI,ASO,ES,Federal Contract Tower,10,9,6,1,26,0,66,24,0,90,10,75,30,1,116,26,0,26,142
11/29/2012,STX,VI,ASO,ES,Federal Contract Tower,9,10,4,4,27,0,34,26,0,60,9,44,30,4,87,18,20,38,125
11/30/2012,STX,VI,ASO,ES,Federal Contract Tower,10,7,6,5,28,0,45,21,0,66,10,52,27,5,94,10,0,10,104
12/01/2012,STX,VI,ASO,ES,Federal Contract Tower,9,3,3,0,15,0,35,17,0,52,9,38,20,0,67,18,0,18,85
12/02/2012,STX,VI,ASO,ES,Federal Contract Tower,10,4,3,2,19,0,35,17,0,52,10,39,20,2,71,18,0,18,89
12/03/2012,STX,VI,ASO,ES,Federal Contract Tower,8,15,12,2,37,0,35,14,0,49,8,50,26,2,86,0,0,0,86
12/04/2012,STX,VI,ASO,ES,Federal Contract Tower,8,10,2,0,20,0,46,23,1,70,8,56,25,1,90,0,0,0,90
12/05/2012,STX,VI,ASO,ES,Federal Contract Tower,10,6,6,1,23,0,66,29,0,95,10,72,35,1,118,6,0,6,124
12/06/2012,STX,VI,ASO,ES,Federal Contract Tower,9,10,1,1,21,0,36,23,0,59,9,46,24,1,80,0,0,0,80
12/07/2012,STX,VI,ASO,ES,Federal Contract Tower,8,10,4,2,24,0,42,32,1,75,8,52,36,3,99,8,0,8,107
12/08/2012,STX,VI,ASO,ES,Federal Contract Tower,9,6,3,0,18,0,48,18,0,66,9,54,21,0,84,8,0,8,92
12/09/2012,STX,VI,ASO,ES,Federal Contract Tower,10,3,3,2,18,0,44,11,1,56,10,47,14,3,74,0,0,0,74
12/10/2012,STX,VI,ASO,ES,Federal Contract Tower,8,16,4,0,28,0,36,22,0,58,8,52,26,0,86,0,0,0,86
12/11/2012,STX,VI,ASO,ES,Federal Contract Tower,11,12,1,0,24,0,37,25,0,62,11,49,26,0,86,0,0,0,86
12/12/2012,STX,VI,ASO,ES,Federal Contract Tower,10,4,5,2,21,0,65,27,4,96,10,69,32,6,117,2,0,2,119
12/13/2012,STX,VI,ASO,ES,Federal Contract Tower,9,14,11,2,36,0,43,17,2,62,9,57,28,4,98,8,0,8,106
12/14/2012,STX,VI,ASO,ES,Federal Contract Tower,9,16,4,3,32,0,54,27,0,81,9,70,31,3,113,8,0,8,121
12/15/2012,STX,VI,ASO,ES,Federal Contract Tower,5,5,3,3,16,0,35,21,0,56,5,40,24,3,72,0,30,30,102
12/16/2012,STX,VI,ASO,ES,Federal Contract Tower,9,9,2,3,23,0,44,8,1,53,9,53,10,4,76,10,0,10,86
12/17/2012,STX,VI,ASO,ES,Federal Contract Tower,9,13,7,1,30,0,42,22,0,64,9,55,29,1,94,6,0,6,100
12/18/2012,STX,VI,ASO,ES,Federal Contract Tower,9,20,11,1,41,0,37,20,0,57,9,57,31,1,98,6,0,6,104
12/19/2012,STX,VI,ASO,ES,Federal Contract Tower,12,12,7,0,31,0,64,17,0,81,12,76,24,0,112,20,0,20,132
12/20/2012,STX,VI,ASO,ES,Federal Contract Tower,10,11,5,2,28,0,53,21,3,77,10,64,26,5,105,14,18,32,137
12/21/2012,STX,VI,ASO,ES,Federal Contract Tower,10,16,2,4,32,0,55,24,0,79,10,71,26,4,111,10,0,10,121
12/22/2012,STX,VI,ASO,ES,Federal Contract Tower,12,5,3,0,20,0,45,20,0,65,12,50,23,0,85,0,0,0,85
12/23/2012,STX,VI,ASO,ES,Federal Contract Tower,10,2,11,0,23,0,44,5,1,50,10,46,16,1,73,0,0,0,73
12/24/2012,STX,VI,ASO,ES,Federal Contract Tower,9,10,3,0,22,0,47,15,0,62,9,57,18,0,84,0,0,0,84
12/25/2012,STX,VI,ASO,ES,Federal Contract Tower,10,1,3,0,14,0,36,4,0,40,10,37,7,0,54,0,0,0,54
12/26/2012,STX,VI,ASO,ES,Federal Contract Tower,10,3,9,0,22,0,69,31,4,104,10,72,40,4,126,8,8,16,142
12/27/2012,STX,VI,ASO,ES,Federal Contract Tower,8,13,9,4,34,0,51,20,4,75,8,64,29,8,109,0,0,0,109
12/28/2012,STX,VI,ASO,ES,Federal Contract Tower,9,15,7,1,32,0,55,12,5,72,9,70,19,6,104,22,4,26,130
12/29/2012,STX,VI,ASO,ES,Federal Contract Tower,11,2,3,1,17,0,37,14,1,52,11,39,17,2,69,10,0,10,79
12/30/2012,STX,VI,ASO,ES,Federal Contract Tower,9,5,3,0,17,0,51,16,1,68,9,56,19,1,85,0,0,0,85
12/31/2012,STX,VI,ASO,ES,Federal Contract Tower,9,10,3,0,22,0,58,25,2,85,9,68,28,2,107,6,0,6,113
01/01/2013,STX,VI,ASO,ES,Federal Contract Tower,9,2,2,0,13,0,46,8,1,55,9,48,10,1,68,0,0,0,68
01/02/2013,STX,VI,ASO,ES,Federal Contract Tower,11,8,10,1,30,0,71,25,4,100,11,79,35,5,130,0,0,0,130
01/03/2013,STX,VI,ASO,ES,Federal Contract Tower,9,19,14,1,43,0,38,25,0,63,9,57,39,1,106,4,0,4,110
01/04/2013,STX,VI,ASO,ES,Federal Contract Tower,9,17,8,2,36,0,54,4,4,62,9,71,12,6,98,0,0,0,98
01/05/2013,STX,VI,ASO,ES,Federal Contract Tower,9,25,4,0,38,0,36,12,0,48,9,61,16,0,86,2,0,2,88
01/06/2013,STX,VI,ASO,ES,Federal Contract Tower,10,5,2,1,18,0,74,5,1,80,10,79,7,2,98,0,0,0,98
01/07/2013,STX,VI,ASO,ES,Federal Contract Tower,9,10,7,0,26,0,69,14,0,83,9,79,21,0,109,0,0,0,109
01/08/2013,STX,VI,ASO,ES,Federal Contract Tower,8,27,4,7,46,0,43,18,5,66,8,70,22,12,112,0,0,0,112
01/09/2013,STX,VI,ASO,ES,Federal Contract Tower,10,7,4,1,22,0,69,16,2,87,10,76,20,3,109,0,2,2,111
01/10/2013,STX,VI,ASO,ES,Federal Contract Tower,9,20,10,1,40,0,35,18,0,53,9,55,28,1,93,4,0,4,97
01/11/2013,STX,VI,ASO,ES,Federal Contract Tower,9,15,5,4,33,0,41,23,4,68,9,56,28,8,101,0,0,0,101
01/12/2013,STX,VI,ASO,ES,Federal Contract Tower,11,2,3,2,18,0,31,21,11,63,11,33,24,13,81,10,0,10,91
01/13/2013,STX,VI,ASO,ES,Federal Contract Tower,10,3,4,4,21,0,37,19,1,57,10,40,23,5,78,2,18,20,98
01/14/2013,STX,VI,ASO,ES,Federal Contract Tower,9,11,4,4,28,0,43,19,2,64,9,54,23,6,92,24,0,24,116
01/15/2013,STX,VI,ASO,ES,Federal Contract Tower,10,17,5,0,32,0,37,18,4,59,10,54,23,4,91,16,18,34,125
01/16/2013,STX,VI,ASO,ES,Federal Contract Tower,10,8,8,2,28,0,64,20,0,84,10,72,28,2,112,12,0,12,124
01/17/2013,STX,VI,ASO,ES,Federal Contract Tower,9,11,2,4,26,0,45,16,2,63,9,56,18,6,89,8,0,8,97
01/18/2013,STX,VI,ASO,ES,Federal Contract Tower,8,14,2,6,30,0,45,20,3,68,8,59,22,9,98,20,10,30,128
01/19/2013,STX,VI,ASO,ES,Federal Contract Tower,11,6,3,1,21,0,58,10,0,68,11,64,13,1,89,6,0,6,95
01/20/2013,STX,VI,ASO,ES,Federal Contract Tower,9,2,0,0,11,0,36,6,2,44,9,38,6,2,55,0,0,0,55
01/21/2013,STX,VI,ASO,ES,Federal Contract Tower,9,6,4,0,19,0,49,13,1,63,9,55,17,1,82,0,0,0,82
01/22/2013,STX,VI,ASO,ES,Federal Contract Tower,11,10,2,1,24,0,37,29,1,67,11,47,31,2,91,2,0,2,93
01/23/2013,STX,VI,ASO,ES,Federal Contract Tower,11,6,1,2,20,0,71,20,2,93,11,77,21,4,113,2,14,16,129
01/24/2013,STX,VI,ASO,ES,Federal Contract Tower,9,12,2,3,26,0,42,16,6,64,9,54,18,9,90,6,44,50,140
01/25/2013,STX,VI,ASO,ES,Federal Contract Tower,10,13,4,0,27,0,40,24,0,64,10,53,28,0,91,30,0,30,121
01/26/2013,STX,VI,ASO,ES,Federal Contract Tower,11,5,9,3,28,0,29,19,2,50,11,34,28,5,78,34,14,48,126
01/27/2013,STX,VI,ASO,ES,Federal Contract Tower,9,2,5,2,18,0,46,23,1,70,9,48,28,3,88,22,12,34,122
01/28/2013,STX,VI,ASO,ES,Federal Contract Tower,9,8,4,0,21,0,40,21,3,64,9,48,25,3,85,32,2,34,119
01/29/2013,STX,VI,ASO,ES,Federal Contract Tower,10,15,7,3,35,0,39,24,2,65,10,54,31,5,100,10,2,12,112
01/30/2013,STX,VI,ASO,ES,Federal Contract Tower,10,7,5,1,23,0,60,28,3,91,10,67,33,4,114,16,2,18,132
01/31/2013,STX,VI,ASO,ES,Federal Contract Tower,11,10,2,4,27,0,34,20,3,57,11,44,22,7,84,24,8,32,116
02/01/2013,STX,VI,ASO,ES,Federal Contract Tower,9,13,9,2,33,0,50,13,1,64,9,63,22,3,97,12,0,12,109
02/02/2013,STX,VI,ASO,ES,Federal Contract Tower,11,3,3,3,20,0,35,35,1,71,11,38,38,4,91,40,0,40,131
02/03/2013,STX,VI,ASO,ES,Federal Contract Tower,8,3,1,2,14,0,38,16,0,54,8,41,17,2,68,6,0,6,74
02/04/2013,STX,VI,ASO,ES,Federal Contract Tower,9,7,0,0,16,0,43,19,0,62,9,50,19,0,78,4,0,4,82
02/05/2013,STX,VI,ASO,ES,Federal Contract Tower,11,14,1,0,26,0,44,15,0,59,11,58,16,0,85,8,0,8,93
02/06/2013,STX,VI,ASO,ES,Federal Contract Tower,9,6,6,5,26,0,78,20,2,100,9,84,26,7,126,14,0,14,140
02/07/2013,STX,VI,ASO,ES,Federal Contract Tower,8,10,2,3,23,0,40,24,4,68,8,50,26,7,91,18,0,18,109
02/08/2013,STX,VI,ASO,ES,Federal Contract Tower,10,12,4,4,30,0,46,16,0,62,10,58,20,4,92,4,0,4,96
02/09/2013,STX,VI,ASO,ES,Federal Contract Tower,9,2,2,6,19,0,33,24,2,59,9,35,26,8,78,0,20,20,98
02/10/2013,STX,VI,ASO,ES,Federal Contract Tower,9,3,0,4,16,0,36,6,0,42,9,39,6,4,58,0,0,0,58
02/11/2013,STX,VI,ASO,ES,Federal Contract Tower,9,11,4,0,24,0,36,12,6,54,9,47,16,6,78,16,0,16,94
02/12/2013,STX,VI,ASO,ES,Federal Contract Tower,9,11,0,3,23,0,36,23,5,64,9,47,23,8,87,6,8,14,101
02/13/2013,STX,VI,ASO,ES,Federal Contract Tower,10,9,6,0,25,0,77,18,6,101,10,86,24,6,126,0,0,0,126
02/14/2013,STX,VI,ASO,ES,Federal Contract Tower,9,12,3,0,24,0,52,28,2,82,9,64,31,2,106,16,0,16,122
02/15/2013,STX,VI,ASO,ES,Federal Contract Tower,9,11,3,2,25,0,104,44,0,148,9,115,47,2,173,8,0,8,181
02/16/2013,STX,VI,ASO,ES,Federal Contract Tower,11,2,1,0,14,0,72,34,0,106,11,74,35,0,120,10,4,14,134
02/17/2013,STX,VI,ASO,ES,Federal Contract Tower,8,3,3,0,14,0,72,62,0,134,8,75,65,0,148,0,0,0,148
02/18/2013,STX,VI,ASO,ES,Federal Contract Tower,9,5,3,0,17,0,110,23,1,134,9,115,26,1,151,14,0,14,165
02/19/2013,STX,VI,ASO,ES,Federal Contract Tower,10,14,5,0,29,0,54,30,2,86,10,68,35,2,115,30,0,30,145
02/20/2013,STX,VI,ASO,ES,Federal Contract Tower,10,6,7,1,24,0,66,19,0,85,10,72,26,1,109,8,0,8,117
02/21/2013,STX,VI,ASO,ES,Federal Contract Tower,9,12,8,0,29,0,34,27,1,62,9,46,35,1,91,0,18,18,109
02/22/2013,STX,VI,ASO,ES,Federal Contract Tower,8,7,3,0,18,0,61,33,0,94,8,68,36,0,112,70,0,70,182
02/23/2013,STX,VI,ASO,ES,Federal Contract Tower,11,2,1,0,14,0,40,11,0,51,11,42,12,0,65,46,0,46,111
02/24/2013,STX,VI,ASO,ES,Federal Contract Tower,7,3,1,3,14,0,40,9,0,49,7,43,10,3,63,4,0,4,67
02/25/2013,STX,VI,ASO,ES,Federal Contract Tower,9,6,0,0,15,0,42,18,2,62,9,48,18,2,77,0,0,0,77
02/26/2013,STX,VI,ASO,ES,Federal Contract Tower,9,7,6,0,22,0,40,24,5,69,9,47,30,5,91,8,0,8,99
02/27/2013,STX,VI,ASO,ES,Federal Contract Tower,10,6,4,0,20,0,67,25,0,92,10,73,29,0,112,0,0,0,112
02/28/2013,STX,VI,ASO,ES,Federal Contract Tower,9,15,2,0,26,0,40,22,3,65,9,55,24,3,91,4,0,4,95
03/01/2013,STX,VI,ASO,ES,Federal Contract Tower,9,8,7,1,25,0,49,22,1,72,9,57,29,2,97,6,0,6,103
03/02/2013,STX,VI,ASO,ES,Federal Contract Tower,11,4,3,2,20,0,40,20,1,61,11,44,23,3,81,23,5,28,109
03/03/2013,STX,VI,ASO,ES,Federal Contract Tower,10,1,2,0,13,0,40,9,2,51,10,41,11,2,64,0,0,0,64
03/04/2013,STX,VI,ASO,ES,Federal Contract Tower,9,7,4,0,20,0,44,20,3,67,9,51,24,3,87,10,0,10,97
03/05/2013,STX,VI,ASO,ES,Federal Contract Tower,10,21,11,4,46,0,28,8,1,37,10,49,19,5,83,12,10,22,105
03/06/2013,STX,VI,ASO,ES,Federal Contract Tower,9,9,5,1,24,0,60,17,0,77,9,69,22,1,101,12,0,12,113
03/07/2013,STX,VI,ASO,ES,Federal Contract Tower,9,11,0,1,21,0,46,26,0,72,9,57,26,1,93,0,0,0,93
03/08/2013,STX,VI,ASO,ES,Federal Contract Tower,10,13,2,0,25,0,53,13,1,67,10,66,15,1,92,0,0,0,92
03/09/2013,STX,VI,ASO,ES,Federal Contract Tower,11,3,2,1,17,0,49,11,0,60,11,52,13,1,77,18,0,18,95
03/10/2013,STX,VI,ASO,ES,Federal Contract Tower,9,4,3,1,17,0,42,17,0,59,9,46,20,1,76,8,0,8,84
03/11/2013,STX,VI,ASO,ES,Federal Contract Tower,9,10,3,0,22,0,50,22,2,74,9,60,25,2,96,2,0,2,98
03/12/2013,STX,VI,ASO,ES,Federal Contract Tower,9,10,6,2,27,0,38,28,0,66,9,48,34,2,93,18,0,18,111
03/13/2013,STX,VI,ASO,ES,Federal Contract Tower,9,6,1,0,16,0,73,28,3,104,9,79,29,3,120,12,0,12,132
03/14/2013,STX,VI,ASO,ES,Federal Contract Tower,9,15,0,2,26,0,43,14,1,58,9,58,14,3,84,28,2,30,114
03/15/2013,STX,VI,ASO,ES,Federal Contract Tower,9,11,4,0,24,0,44,24,4,72,9,55,28,4,96,0,0,0,96
03/16/2013,STX,VI,ASO,ES,Federal Contract Tower,9,4,2,1,16,0,41,20,1,62,9,45,22,2,78,20,3,23,101
03/17/2013,STX,VI,ASO,ES,Federal Contract Tower,10,4,1,0,15,0,42,8,0,50,10,46,9,0,65,6,0,6,71
03/18/2013,STX,VI,ASO,ES,Federal Contract Tower,9,22,1,0,32,0,45,15,1,61,9,67,16,1,93,0,0,0,93
03/19/2013,STX,VI,ASO,ES,Federal Contract Tower,10,11,3,0,24,0,41,28,0,69,10,52,31,0,93,0,0,0,93
03/20/2013,STX,VI,ASO,ES,Federal Contract Tower,9,11,4,6,30,0,63,27,0,90,9,74,31,6,120,16,0,16,136
03/21/2013,STX,VI,ASO,ES,Federal Contract Tower,9,10,2,0,21,0,48,35,0,83,9,58,37,0,104,0,0,0,104
03/22/2013,STX,VI,ASO,ES,Federal Contract Tower,9,9,4,1,23,0,44,41,1,86,9,53,45,2,109,24,0,24,133
03/23/2013,STX,VI,ASO,ES,Federal Contract Tower,11,1,1,0,13,0,34,22,0,56,11,35,23,0,69,34,0,34,103
03/24/2013,STX,VI,ASO,ES,Federal Contract Tower,8,2,4,2,16,0,42,19,0,61,8,44,23,2,77,4,0,4,81
03/25/2013,STX,VI,ASO,ES,Federal Contract Tower,7,12,1,0,20,0,46,25,3,74,7,58,26,3,94,24,2,26,120
03/26/2013,STX,VI,ASO,ES,Federal Contract Tower,11,12,7,0,30,0,39,24,0,63,11,51,31,0,93,16,0,16,109
03/27/2013,STX,VI,ASO,ES,Federal Contract Tower,9,13,4,2,28,0,63,30,1,94,9,76,34,3,122,18,4,22,144
03/28/2013,STX,VI,ASO,ES,Federal Contract Tower,9,16,0,0,25,0,53,29,0,82,9,69,29,0,107,4,0,4,111
03/29/2013,STX,VI,ASO,ES,Federal Contract Tower,8,7,3,1,19,0,38,11,0,49,8,45,14,1,68,32,0,32,100
03/30/2013,STX,VI,ASO,ES,Federal Contract Tower,12,11,2,0,25,0,34,8,0,42,12,45,10,0,67,2,0,2,69
03/31/2013,STX,VI,ASO,ES,Federal Contract Tower,9,14,6,0,29,0,23,5,0,28,9,37,11,0,57,0,0,0,57
04/01/2013,STX,VI,ASO,ES,Federal Contract Tower,5,21,1,0,27,0,47,17,1,65,5,68,18,1,92,0,0,0,92
04/02/2013,STX,VI,ASO,ES,Federal Contract Tower,6,16,3,0,25,0,43,26,3,72,6,59,29,3,97,0,0,0,97
04/03/2013,STX,VI,ASO,ES,Federal Contract Tower,6,17,5,1,29,0,51,39,3,93,6,68,44,4,122,20,20,40,162
04/04/2013,STX,VI,ASO,ES,Federal Contract Tower,5,18,5,0,28,0,58,31,2,91,5,76,36,2,119,36,0,36,155
04/05/2013,STX,VI,ASO,ES,Federal Contract Tower,5,20,2,0,27,0,62,15,1,78,5,82,17,1,105,28,0,28,133
04/06/2013,STX,VI,ASO,ES,Federal Contract Tower,8,9,2,1,20,0,36,13,0,49,8,45,15,1,69,12,0,12,81
04/07/2013,STX,VI,ASO,ES,Federal Contract Tower,5,8,2,2,17,0,33,8,1,42,5,41,10,3,59,20,0,20,79
04/08/2013,STX,VI,ASO,ES,Federal Contract Tower,5,11,0,2,18,0,37,21,1,59,5,48,21,3,77,0,0,0,77
04/09/2013,STX,VI,ASO,ES,Federal Contract Tower,6,15,4,2,27,0,42,23,0,65,6,57,27,2,92,0,4,4,96
04/10/2013,STX,VI,ASO,ES,Federal Contract Tower,6,15,5,0,26,0,60,29,6,95,6,75,34,6,121,12,28,40,161
04/11/2013,STX,VI,ASO,ES,Federal Contract Tower,5,17,2,6,30,0,38,21,1,60,5,55,23,7,90,4,0,4,94
04/12/2013,STX,VI,ASO,ES,Federal Contract Tower,4,14,2,2,22,0,54,17,1,72,4,68,19,3,94,0,2,2,96
04/13/2013,STX,VI,ASO,ES,Federal Contract Tower,5,11,3,1,20,0,32,11,1,44,5,43,14,2,64,10,0,10,74
04/14/2013,STX,VI,ASO,ES,Federal Contract Tower,8,8,3,0,19,0,43,16,1,60,8,51,19,1,79,0,0,0,79
04/15/2013,STX,VI,ASO,ES,Federal Contract Tower,5,17,1,4,27,0,34,20,3,57,5,51,21,7,84,6,0,6,90
04/16/2013,STX,VI,ASO,ES,Federal Contract Tower,5,19,4,0,28,0,42,24,3,69,5,61,28,3,97,10,0,10,107
04/17/2013,STX,VI,ASO,ES,Federal Contract Tower,3,17,9,2,31,0,46,36,5,87,3,63,45,7,118,12,24,36,154
04/18/2013,STX,VI,ASO,ES,Federal Contract Tower,5,19,2,6,32,0,42,33,1,76,5,61,35,7,108,16,4,20,128
04/19/2013,STX,VI,ASO,ES,Federal Contract Tower,5,21,5,2,33,0,42,18,0,60,5,63,23,2,93,12,0,12,105
04/20/2013,STX,VI,ASO,ES,Federal Contract Tower,7,15,4,1,27,0,29,8,0,37,7,44,12,1,64,0,0,0,64
04/21/2013,STX,VI,ASO,ES,Federal Contract Tower,5,13,5,3,26,0,31,20,2,53,5,44,25,5,79,2,40,42,121
04/22/2013,STX,VI,ASO,ES,Federal Contract Tower,5,13,2,0,20,0,52,24,0,76,5,65,26,0,96,10,0,10,106
04/23/2013,STX,VI,ASO,ES,Federal Contract Tower,5,20,3,1,29,0,48,17,5,70,5,68,20,6,99,0,10,10,109
04/24/2013,STX,VI,ASO,ES,Federal Contract Tower,8,16,3,1,28,0,64,28,7,99,8,80,31,8,127,2,36,38,165
04/25/2013,STX,VI,ASO,ES,Federal Contract Tower,5,16,2,0,23,0,52,25,6,83,5,68,27,6,106,0,0,0,106
04/26/2013,STX,VI,ASO,ES,Federal Contract Tower,5,19,2,1,27,0,54,24,0,78,5,73,26,1,105,8,0,8,113
04/27/2013,STX,VI,ASO,ES,Federal Contract Tower,5,13,1,1,20,0,38,11,0,49,5,51,12,1,69,12,0,12,81
04/28/2013,STX,VI,ASO,ES,Federal Contract Tower,7,8,0,3,18,0,67,12,1,80,7,75,12,4,98,2,0,2,100
04/29/2013,STX,VI,ASO,ES,Federal Contract Tower,5,15,2,0,22,0,52,21,2,75,5,67,23,2,97,0,0,0,97
04/30/2013,STX,VI,ASO,ES,Federal Contract Tower,6,25,3,1,35,0,48,19,3,70,6,73,22,4,105,22,6,28,133
05/01/2013,STX,VI,ASO,ES,Federal Contract Tower,3,14,2,4,23,0,47,17,1,65,3,61,19,5,88,0,0,0,88
05/02/2013,STX,VI,ASO,ES,Federal Contract Tower,5,29,4,0,38,0,34,11,0,45,5,63,15,0,83,12,0,12,95
05/03/2013,STX,VI,ASO,ES,Federal Contract Tower,4,16,7,2,29,0,50,22,4,76,4,66,29,6,105,22,0,22,127
05/04/2013,STX,VI,ASO,ES,Federal Contract Tower,5,12,1,0,18,0,31,15,0,46,5,43,16,0,64,4,0,4,68
05/05/2013,STX,VI,ASO,ES,Federal Contract Tower,5,14,2,1,22,0,27,9,0,36,5,41,11,1,58,0,0,0,58
05/06/2013,STX,VI,ASO,ES,Federal Contract Tower,6,17,7,0,30,0,41,12,0,53,6,58,19,0,83,10,0,10,93
05/07/2013,STX,VI,ASO,ES,Federal Contract Tower,6,21,7,0,34,0,38,13,2,53,6,59,20,2,87,0,0,0,87
05/08/2013,STX,VI,ASO,ES,Federal Contract Tower,4,24,13,5,46,0,32,12,2,46,4,56,25,7,92,4,2,6,98
05/09/2013,STX,VI,ASO,ES,Federal Contract Tower,5,22,4,3,34,0,35,11,0,46,5,57,15,3,80,42,0,42,122
05/10/2013,STX,VI,ASO,ES,Federal Contract Tower,5,19,6,1,31,0,41,8,0,49,5,60,14,1,80,0,0,0,80
05/11/2013,STX,VI,ASO,ES,Federal Contract Tower,7,16,2,0,25,0,30,12,0,42,7,46,14,0,67,10,0,10,77
05/12/2013,STX,VI,ASO,ES,Federal Contract Tower,7,11,0,1,19,0,32,11,3,46,7,43,11,4,65,4,0,4,69
05/13/2013,STX,VI,ASO,ES,Federal Contract Tower,5,17,0,1,23,0,45,8,4,57,5,62,8,5,80,0,26,26,106
05/14/2013,STX,VI,ASO,ES,Federal Contract Tower,6,21,4,4,35,0,33,18,5,56,6,54,22,9,91,0,30,30,121
05/15/2013,STX,VI,ASO,ES,Federal Contract Tower,4,19,4,1,28,0,34,21,2,57,4,53,25,3,85,10,0,10,95
05/16/2013,STX,VI,ASO,ES,Federal Contract Tower,6,17,2,2,27,0,32,16,4,52,6,49,18,6,79,0,12,12,91
05/17/2013,STX,VI,ASO,ES,Federal Contract Tower,5,10,3,3,21,0,50,10,0,60,5,60,13,3,81,0,0,0,81
05/18/2013,STX,VI,ASO,ES,Federal Contract Tower,7,10,0,8,25,0,48,11,4,63,7,58,11,12,88,14,40,54,142
05/19/2013,STX,VI,ASO,ES,Federal Contract Tower,7,7,3,7,24,0,45,8,3,56,7,52,11,10,80,0,40,40,120
05/20/2013,STX,VI,ASO,ES,Federal Contract Tower,5,17,0,0,22,0,39,10,3,52,5,56,10,3,74,0,2,2,76
05/21/2013,STX,VI,ASO,ES,Federal Contract Tower,4,21,8,4,37,0,32,11,2,45,4,53,19,6,82,0,18,18,100
05/22/2013,STX,VI,ASO,ES,Federal Contract Tower,4,23,13,0,40,0,29,19,3,51,4,52,32,3,91,8,2,10,101
05/23/2013,STX,VI,ASO,ES,Federal Contract Tower,6,23,6,2,37,0,38,16,2,56,6,61,22,4,93,2,0,2,95
05/24/2013,STX,VI,ASO,ES,Federal Contract Tower,5,23,7,3,38,0,46,15,4,65,5,69,22,7,103,4,6,10,113
05/25/2013,STX,VI,ASO,ES,Federal Contract Tower,7,23,2,0,32,0,21,7,0,28,7,44,9,0,60,16,0,16,76
05/26/2013,STX,VI,ASO,ES,Federal Contract Tower,7,10,0,1,18,0,30,10,0,40,7,40,10,1,58,12,0,12,70
05/27/2013,STX,VI,ASO,ES,Federal Contract Tower,5,12,2,1,20,0,39,15,0,54,5,51,17,1,74,0,0,0,74
05/28/2013,STX,VI,ASO,ES,Federal Contract Tower,6,17,5,0,28,0,50,21,1,72,6,67,26,1,100,0,0,0,100
05/29/2013,STX,VI,ASO,ES,Federal Contract Tower,4,19,1,1,25,0,36,16,4,56,4,55,17,5,81,34,4,38,119
05/30/2013,STX,VI,ASO,ES,Federal Contract Tower,6,21,5,3,35,0,36,32,3,71,6,57,37,6,106,50,28,78,184
05/31/2013,STX,VI,ASO,ES,Federal Contract Tower,6,21,7,1,35,0,42,17,1,60,6,63,24,2,95,46,0,46,141
06/01/2013,STX,VI,ASO,ES,Federal Contract Tower,6,8,3,0,17,0,34,17,4,55,6,42,20,4,72,34,12,46,118
06/02/2013,STX,VI,ASO,ES,Federal Contract Tower,6,8,2,1,17,0,33,7,1,41,6,41,9,2,58,12,0,12,70
06/03/2013,STX,VI,ASO,ES,Federal Contract Tower,5,13,5,2,25,0,44,18,0,62,5,57,23,2,87,0,0,0,87
06/04/2013,STX,VI,ASO,ES,Federal Contract Tower,6,17,12,0,35,0,29,10,1,40,6,46,22,1,75,0,0,0,75
06/05/2013,STX,VI,ASO,ES,Federal Contract Tower,4,8,11,1,24,0,35,19,6,60,4,43,30,7,84,16,4,20,104
06/06/2013,STX,VI,ASO,ES,Federal Contract Tower,7,15,2,0,24,0,39,18,3,60,7,54,20,3,84,8,16,24,108
06/07/2013,STX,VI,ASO,ES,Federal Contract Tower,5,17,6,1,29,0,54,15,0,69,5,71,21,1,98,30,0,30,128
06/08/2013,STX,VI,ASO,ES,Federal Contract Tower,7,9,2,1,19,0,42,16,0,58,7,51,18,1,77,8,0,8,85
06/09/2013,STX,VI,ASO,ES,Federal Contract Tower,5,6,1,0,12,0,43,11,2,56,5,49,12,2,68,0,0,0,68
06/10/2013,STX,VI,ASO,ES,Federal Contract Tower,5,22,2,0,29,0,37,8,0,45,5,59,10,0,74,0,0,0,74
06/11/2013,STX,VI,ASO,ES,Federal Contract Tower,5,19,3,0,27,0,43,19,0,62,5,62,22,0,89,8,0,8,97
06/12/2013,STX,VI,ASO,ES,Federal Contract Tower,4,19,10,1,34,0,34,13,1,48,4,53,23,2,82,10,0,10,92
06/13/2013,STX,VI,ASO,ES,Federal Contract Tower,6,22,3,2,33,0,36,15,3,54,6,58,18,5,87,6,0,6,93
06/14/2013,STX,VI,ASO,ES,Federal Contract Tower,5,17,7,6,35,0,41,16,0,57,5,58,23,6,92,0,0,0,92
06/15/2013,STX,VI,ASO,ES,Federal Contract Tower,7,17,2,10,36,0,23,17,2,42,7,40,19,12,78,18,4,22,100
06/16/2013,STX,VI,ASO,ES,Federal Contract Tower,5,11,0,2,18,0,30,23,2,55,5,41,23,4,73,14,0,14,87
06/17/2013,STX,VI,ASO,ES,Federal Contract Tower,5,14,2,2,23,0,40,20,3,63,5,54,22,5,86,16,14,30,116
06/18/2013,STX,VI,ASO,ES,Federal Contract Tower,6,17,4,2,29,0,43,21,2,66,6,60,25,4,95,14,10,24,119
06/19/2013,STX,VI,ASO,ES,Federal Contract Tower,4,22,10,2,38,0,21,10,2,33,4,43,20,4,71,32,0,32,103
06/20/2013,STX,VI,ASO,ES,Federal Contract Tower,9,16,4,2,31,0,43,8,0,51,9,59,12,2,82,8,0,8,90
06/21/2013,STX,VI,ASO,ES,Federal Contract Tower,7,16,2,10,35,0,46,20,3,69,7,62,22,13,104,4,2,6,110
06/22/2013,STX,VI,ASO,ES,Federal Contract Tower,9,12,6,1,28,0,28,9,2,39,9,40,15,3,67,12,16,28,95
06/23/2013,STX,VI,ASO,ES,Federal Contract Tower,10,12,1,1,24,0,36,12,4,52,10,48,13,5,76,26,2,28,104
06/24/2013,STX,VI,ASO,ES,Federal Contract Tower,6,16,3,1,26,0,43,12,1,56,6,59,15,2,82,10,5,15,97
06/25/2013,STX,VI,ASO,ES,Federal Contract Tower,8,20,7,2,37,0,40,21,0,61,8,60,28,2,98,44,0,44,142
06/26/2013,STX,VI,ASO,ES,Federal Contract Tower,6,15,8,0,29,0,48,17,0,65,6,63,25,0,94,26,0,26,120
06/27/2013,STX,VI,ASO,ES,Federal Contract Tower,9,18,10,2,39,0,36,12,1,49,9,54,22,3,88,18,28,46,134
06/28/2013,STX,VI,ASO,ES,Federal Contract Tower,7,16,5,0,28,0,47,24,1,72,7,63,29,1,100,36,0,36,136
06/29/2013,STX,VI,ASO,ES,Federal Contract Tower,9,3,2,0,14,0,39,16,0,55,9,42,18,0,69,4,0,4,73
06/30/2013,STX,VI,ASO,ES,Federal Contract Tower,8,10,1,0,19,0,36,1,2,39,8,46,2,2,58,12,0,12,70
07/01/2013,STX,VI,ASO,ES,Federal Contract Tower,7,14,3,1,25,0,50,8,3,61,7,64,11,4,86,18,6,24,110
07/02/2013,STX,VI,ASO,ES,Federal Contract Tower,9,11,8,1,29,0,42,14,3,59,9,53,22,4,88,0,30,30,118
07/03/2013,STX,VI,ASO,ES,Federal Contract Tower,6,9,5,0,20,0,51,28,0,79,6,60,33,0,99,58,0,58,157
07/04/2013,STX,VI,ASO,ES,Federal Contract Tower,8,8,2,0,18,0,39,5,0,44,8,47,7,0,62,0,0,0,62
07/05/2013,STX,VI,ASO,ES,Federal Contract Tower,7,14,2,0,23,0,51,18,0,69,7,65,20,0,92,12,0,12,104
07/06/2013,STX,VI,ASO,ES,Federal Contract Tower,9,9,3,2,23,0,28,7,0,35,9,37,10,2,58,6,0,6,64
07/07/2013,STX,VI,ASO,ES,Federal Contract Tower,7,10,2,4,23,0,46,10,0,56,7,56,12,4,79,0,0,0,79
07/08/2013,STX,VI,ASO,ES,Federal Contract Tower,7,18,1,5,31,0,47,9,0,56,7,65,10,5,87,34,0,34,121
07/09/2013,STX,VI,ASO,ES,Federal Contract Tower,7,15,2,4,28,0,44,14,1,59,7,59,16,5,87,22,0,22,109
07/10/2013,STX,VI,ASO,ES,Federal Contract Tower,8,13,4,3,28,0,31,10,1,42,8,44,14,4,70,36,0,36,106
07/11/2013,STX,VI,ASO,ES,Federal Contract Tower,7,17,7,1,32,0,63,19,4,86,7,80,26,5,118,0,0,0,118
07/12/2013,STX,VI,ASO,ES,Federal Contract Tower,9,18,4,4,35,0,52,6,2,60,9,70,10,6,95,4,0,4,99
07/13/2013,STX,VI,ASO,ES,Federal Contract Tower,6,10,0,0,16,0,33,12,4,49,6,43,12,4,65,12,2,14,79
07/14/2013,STX,VI,ASO,ES,Federal Contract Tower,8,9,4,2,23,0,43,14,1,58,8,52,18,3,81,0,0,0,81
07/15/2013,STX,VI,ASO,ES,Federal Contract Tower,7,20,2,1,30,0,52,3,2,57,7,72,5,3,87,0,0,0,87
07/16/2013,STX,VI,ASO,ES,Federal Contract Tower,8,16,0,1,25,0,38,21,2,61,8,54,21,3,86,0,0,0,86
07/17/2013,STX,VI,ASO,ES,Federal Contract Tower,8,13,0,1,22,0,34,20,4,58,8,47,20,5,80,6,0,6,86
07/18/2013,STX,VI,ASO,ES,Federal Contract Tower,13,11,8,5,37,0,23,8,2,33,13,34,16,7,70,0,0,0,70
07/19/2013,STX,VI,ASO,ES,Federal Contract Tower,9,18,1,4,32,0,30,15,2,47,9,48,16,6,79,0,0,0,79
07/20/2013,STX,VI,ASO,ES,Federal Contract Tower,7,8,0,7,22,0,34,10,3,47,7,42,10,10,69,0,0,0,69
07/21/2013,STX,VI,ASO,ES,Federal Contract Tower,8,6,1,3,18,0,33,10,0,43,8,39,11,3,61,6,0,6,67
07/22/2013,STX,VI,ASO,ES,Federal Contract Tower,7,22,4,0,33,0,32,10,0,42,7,54,14,0,75,0,0,0,75
07/23/2013,STX,VI,ASO,ES,Federal Contract Tower,9,18,2,1,30,0,45,18,0,63,9,63,20,1,93,8,0,8,101
07/24/2013,STX,VI,ASO,ES,Federal Contract Tower,7,11,2,2,22,0,44,30,3,77,7,55,32,5,99,16,4,20,119
07/25/2013,STX,VI,ASO,ES,Federal Contract Tower,7,14,2,3,26,0,36,18,0,54,7,50,20,3,80,4,0,4,84
07/26/2013,STX,VI,ASO,ES,Federal Contract Tower,9,14,2,2,27,0,38,15,2,55,9,52,17,4,82,0,2,2,84
07/27/2013,STX,VI,ASO,ES,Federal Contract Tower,11,6,4,4,25,0,32,8,0,40,11,38,12,4,65,0,0,0,65
07/28/2013,STX,VI,ASO,ES,Federal Contract Tower,9,11,1,2,23,0,30,13,1,44,9,41,14,3,67,22,0,22,89
07/29/2013,STX,VI,ASO,ES,Federal Contract Tower,7,21,5,2,35,0,34,11,0,45,7,55,16,2,80,30,0,30,110
07/30/2013,STX,VI,ASO,ES,Federal Contract Tower,7,14,2,0,23,0,35,21,0,56,7,49,23,0,79,24,0,24,103
07/31/2013,STX,VI,ASO,ES,Federal Contract Tower,8,12,5,2,27,0,42,28,1,71,8,54,33,3,98,0,0,0,98
08/01/2013,STX,VI,ASO,ES,Federal Contract Tower,11,14,3,4,32,0,32,21,0,53,11,46,24,4,85,16,0,16,101
08/02/2013,STX,VI,ASO,ES,Federal Contract Tower,8,16,5,1,30,0,37,18,4,59,8,53,23,5,89,16,0,16,105
08/03/2013,STX,VI,ASO,ES,Federal Contract Tower,9,9,3,8,29,0,29,16,0,45,9,38,19,8,74,24,0,24,98
08/04/2013,STX,VI,ASO,ES,Federal Contract Tower,9,10,3,1,23,0,32,11,0,43,9,42,14,1,66,0,0,0,66
08/05/2013,STX,VI,ASO,ES,Federal Contract Tower,6,17,2,0,25,0,38,6,5,49,6,55,8,5,74,0,4,4,78
08/06/2013,STX,VI,ASO,ES,Federal Contract Tower,8,15,4,2,29,0,42,34,0,76,8,57,38,2,105,2,0,2,107
08/07/2013,STX,VI,ASO,ES,Federal Contract Tower,5,15,4,7,31,0,44,20,2,66,5,59,24,9,97,28,2,30,127
08/08/2013,STX,VI,ASO,ES,Federal Contract Tower,7,18,2,0,27,0,41,36,0,77,7,59,38,0,104,10,0,10,114
08/09/2013,STX,VI,ASO,ES,Federal Contract Tower,8,22,2,3,35,0,51,15,1,67,8,73,17,4,102,4,0,4,106
08/10/2013,STX,VI,ASO,ES,Federal Contract Tower,9,6,2,0,17,0,32,13,0,45,9,38,15,0,62,6,0,6,68
08/11/2013,STX,VI,ASO,ES,Federal Contract Tower,8,10,0,0,18,0,36,14,1,51,8,46,14,1,69,0,0,0,69
08/12/2013,STX,VI,ASO,ES,Federal Contract Tower,7,21,5,2,35,0,34,7,2,43,7,55,12,4,78,10,0,10,88
08/13/2013,STX,VI,ASO,ES,Federal Contract Tower,9,17,3,0,29,0,32,19,1,52,9,49,22,1,81,16,0,16,97
08/14/2013,STX,VI,ASO,ES,Federal Contract Tower,8,12,7,0,27,0,35,24,2,61,8,47,31,2,88,4,0,4,92
08/15/2013,STX,VI,ASO,ES,Federal Contract Tower,9,14,4,2,29,0,33,16,1,50,9,47,20,3,79,44,6,50,129
08/16/2013,STX,VI,ASO,ES,Federal Contract Tower,9,17,4,0,30,0,37,7,0,44,9,54,11,0,74,0,0,0,74
08/17/2013,STX,VI,ASO,ES,Federal Contract Tower,9,6,2,1,18,0,37,14,0,51,9,43,16,1,69,22,0,22,91
08/18/2013,STX,VI,ASO,ES,Federal Contract Tower,7,14,2,0,23,0,35,9,0,44,7,49,11,0,67,0,0,0,67
08/19/2013,STX,VI,ASO,ES,Federal Contract Tower,7,20,3,4,34,0,49,10,2,61,7,69,13,6,95,8,0,8,103
08/20/2013,STX,VI,ASO,ES,Federal Contract Tower,9,19,3,4,35,0,36,12,0,48,9,55,15,4,83,24,0,24,107
08/21/2013,STX,VI,ASO,ES,Federal Contract Tower,8,17,4,1,30,0,35,20,1,56,8,52,24,2,86,0,4,4,90
08/22/2013,STX,VI,ASO,ES,Federal Contract Tower,14,12,6,1,33,0,40,12,2,54,14,52,18,3,87,0,0,0,87
08/23/2013,STX,VI,ASO,ES,Federal Contract Tower,9,17,4,0,30,0,41,15,0,56,9,58,19,0,86,30,0,30,116
08/24/2013,STX,VI,ASO,ES,Federal Contract Tower,9,6,1,2,18,0,31,11,0,42,9,37,12,2,60,24,0,24,84
08/25/2013,STX,VI,ASO,ES,Federal Contract Tower,9,9,1,4,23,0,32,5,0,37,9,41,6,4,60,0,0,0,60
08/26/2013,STX,VI,ASO,ES,Federal Contract Tower,8,15,1,2,26,0,31,10,2,43,8,46,11,4,69,34,0,34,103
08/27/2013,STX,VI,ASO,ES,Federal Contract Tower,8,19,3,0,30,0,37,16,1,54,8,56,19,1,84,2,0,2,86
08/28/2013,STX,VI,ASO,ES,Federal Contract Tower,8,12,2,3,25,0,37,13,0,50,8,49,15,3,75,2,0,2,77
08/29/2013,STX,VI,ASO,ES,Federal Contract Tower,8,16,7,1,32,0,35,18,3,56,8,51,25,4,88,0,16,16,104
08/30/2013,STX,VI,ASO,ES,Federal Contract Tower,8,15,3,1,27,0,48,18,2,68,8,63,21,3,95,6,0,6,101
08/31/2013,STX,VI,ASO,ES,Federal Contract Tower,7,6,2,3,18,0,31,12,0,43,7,37,14,3,61,15,0,15,76
09/01/2013,STX,VI,ASO,ES,Federal Contract Tower,8,6,0,1,15,0,35,6,1,42,8,41,6,2,57,0,0,0,57
09/02/2013,STX,VI,ASO,ES,Federal Contract Tower,7,12,2,0,21,0,46,13,0,59,7,58,15,0,80,0,0,0,80
09/03/2013,STX,VI,ASO,ES,Federal Contract Tower,6,19,4,2,31,0,36,19,3,58,6,55,23,5,89,10,0,10,99
09/04/2013,STX,VI,ASO,ES,Federal Contract Tower,4,21,4,3,32,0,17,8,0,25,4,38,12,3,57,8,0,8,65
09/05/2013,STX,VI,ASO,ES,Federal Contract Tower,4,18,6,2,30,0,18,4,1,23,4,36,10,3,53,0,0,0,53
09/06/2013,STX,VI,ASO,ES,Federal Contract Tower,4,23,4,5,36,0,39,5,0,44,4,62,9,5,80,6,0,6,86
09/07/2013,STX,VI,ASO,ES,Federal Contract Tower,6,10,5,8,29,0,24,2,0,26,6,34,7,8,55,0,0,0,55
09/08/2013,STX,VI,ASO,ES,Federal Contract Tower,6,7,1,2,16,0,29,9,0,38,6,36,10,2,54,0,0,0,54
09/09/2013,STX,VI,ASO,ES,Federal Contract Tower,4,17,7,1,29,0,40,4,2,46,4,57,11,3,75,10,2,12,87
09/10/2013,STX,VI,ASO,ES,Federal Contract Tower,4,16,6,1,27,0,32,14,5,51,4,48,20,6,78,0,18,18,96
09/11/2013,STX,VI,ASO,ES,Federal Contract Tower,4,10,3,2,19,0,42,15,2,59,4,52,18,4,78,2,0,2,80
09/12/2013,STX,VI,ASO,ES,Federal Contract Tower,5,20,7,1,33,0,28,20,5,53,5,48,27,6,86,16,20,36,122
09/13/2013,STX,VI,ASO,ES,Federal Contract Tower,4,16,3,0,23,0,42,15,0,57,4,58,18,0,80,10,0,10,90
09/14/2013,STX,VI,ASO,ES,Federal Contract Tower,5,2,0,1,8,0,36,13,0,49,5,38,13,1,57,24,0,24,81
09/15/2013,STX,VI,ASO,ES,Federal Contract Tower,5,9,1,1,16,0,39,8,2,49,5,48,9,3,65,0,0,0,65
09/16/2013,STX,VI,ASO,ES,Federal Contract Tower,4,19,3,2,28,0,31,15,4,50,4,50,18,6,78,0,8,8,86
09/17/2013,STX,VI,ASO,ES,Federal Contract Tower,6,15,3,1,25,0,36,22,2,60,6,51,25,3,85,26,16,42,127
09/18/2013,STX,VI,ASO,ES,Federal Contract Tower,4,12,0,11,27,0,36,16,2,54,4,48,16,13,81,18,0,18,99
09/19/2013,STX,VI,ASO,ES,Federal Contract Tower,7,17,4,0,28,0,26,11,4,41,7,43,15,4,69,4,4,8,77
09/20/2013,STX,VI,ASO,ES,Federal Contract Tower,4,21,2,0,27,0,28,12,0,40,4,49,14,0,67,20,0,20,87
09/21/2013,STX,VI,ASO,ES,Federal Contract Tower,7,6,2,1,16,0,31,13,0,44,7,37,15,1,60,8,0,8,68
09/22/2013,STX,VI,ASO,ES,Federal Contract Tower,6,2,0,1,9,0,37,16,2,55,6,39,16,3,64,8,0,8,72
09/23/2013,STX,VI,ASO,ES,Federal Contract Tower,4,13,8,2,27,0,40,10,1,51,4,53,18,3,78,8,0,8,86
09/24/2013,STX,VI,ASO,ES,Federal Contract Tower,4,15,5,2,26,0,38,21,0,59,4,53,26,2,85,0,0,0,85
09/25/2013,STX,VI,ASO,ES,Federal Contract Tower,4,14,5,0,23,0,40,29,0,69,4,54,34,0,92,30,0,30,122
09/26/2013,STX,VI,ASO,ES,Federal Contract Tower,6,17,3,2,28,0,49,28,2,79,6,66,31,4,107,6,0,6,113
09/27/2013,STX,VI,ASO,ES,Federal Contract Tower,4,12,1,2,19,0,48,5,0,53,4,60,6,2,72,20,0,20,92
09/28/2013,STX,VI,ASO,ES,Federal Contract Tower,6,5,3,0,14,0,29,14,0,43,6,34,17,0,57,12,0,12,69
09/29/2013,STX,VI,ASO,ES,Federal Contract Tower,6,7,3,0,16,0,43,12,0,55,6,50,15,0,71,2,0,2,73
09/30/2013,STX,VI,ASO,ES,Federal Contract Tower,5,15,4,2,26,0,41,9,2,52,5,56,13,4,78,10,1,11,89
10/01/2013,STX,VI,ASO,ES,Federal Contract Tower,4,19,3,0,26,0,31,12,0,43,4,50,15,0,69,0,0,0,69
10/02/2013,STX,VI,ASO,ES,Federal Contract Tower,4,11,2,0,17,0,29,20,0,49,4,40,22,0,66,44,0,44,110
10/03/2013,STX,VI,ASO,ES,Federal Contract Tower,6,16,2,0,24,0,36,35,0,71,6,52,37,0,95,32,0,32,127
10/04/2013,STX,VI,ASO,ES,Federal Contract Tower,4,14,4,0,22,0,54,18,0,72,4,68,22,0,94,0,0,0,94
10/05/2013,STX,VI,ASO,ES,Federal Contract Tower,6,5,6,0,17,0,30,17,0,47,6,35,23,0,64,2,0,2,66
10/06/2013,STX,VI,ASO,ES,Federal Contract Tower,6,6,3,0,15,0,28,17,0,45,6,34,20,0,60,0,0,0,60
10/07/2013,STX,VI,ASO,ES,Federal Contract Tower,4,15,3,1,23,0,43,5,2,50,4,58,8,3,73,20,0,20,93
10/08/2013,STX,VI,ASO,ES,Federal Contract Tower,6,17,4,0,27,0,33,19,0,52,6,50,23,0,79,4,0,4,83
10/09/2013,STX,VI,ASO,ES,Federal Contract Tower,4,14,4,0,22,0,38,21,0,59,4,52,25,0,81,26,0,26,107
10/10/2013,STX,VI,ASO,ES,Federal Contract Tower,6,18,2,0,26,0,34,15,0,49,6,52,17,0,75,24,0,24,99
10/11/2013,STX,VI,ASO,ES,Federal Contract Tower,5,17,6,0,28,0,67,12,0,79,5,84,18,0,107,0,0,0,107
10/12/2013,STX,VI,ASO,ES,Federal Contract Tower,6,7,0,0,13,0,30,11,0,41,6,37,11,0,54,8,0,8,62
10/13/2013,STX,VI,ASO,ES,Federal Contract Tower,5,8,0,0,13,0,40,13,0,53,5,48,13,0,66,0,0,0,66
10/14/2013,STX,VI,ASO,ES,Federal Contract Tower,4,16,2,0,22,0,48,7,0,55,4,64,9,0,77,0,0,0,77
10/15/2013,STX,VI,ASO,ES,Federal Contract Tower,3,17,3,0,23,0,33,20,0,53,3,50,23,0,76,0,0,0,76
10/16/2013,STX,VI,ASO,ES,Federal Contract Tower,4,14,4,0,22,0,40,19,2,61,4,54,23,2,83,8,0,8,91
10/17/2013,STX,VI,ASO,ES,Federal Contract Tower,7,19,3,0,29,0,41,18,0,59,7,60,21,0,88,24,0,24,112
10/18/2013,STX,VI,ASO,ES,Federal Contract Tower,4,18,2,0,24,0,32,15,0,47,4,50,17,0,71,22,0,22,93
10/19/2013,STX,VI,ASO,ES,Federal Contract Tower,6,5,1,0,12,0,29,18,1,48,6,34,19,1,60,32,0,32,92
10/20/2013,STX,VI,ASO,ES,Federal Contract Tower,6,5,0,0,11,0,35,9,0,44,6,40,9,0,55,0,0,0,55
10/21/2013,STX,VI,ASO,ES,Federal Contract Tower,4,18,1,0,23,0,29,10,4,43,4,47,11,4,66,0,4,4,70
10/22/2013,STX,VI,ASO,ES,Federal Contract Tower,6,15,2,0,23,0,33,38,0,71,6,48,40,0,94,28,0,28,122
10/23/2013,STX,VI,ASO,ES,Federal Contract Tower,4,12,3,0,19,0,39,13,0,52,4,51,16,0,71,18,0,18,89
10/24/2013,STX,VI,ASO,ES,Federal Contract Tower,4,15,1,1,21,0,41,21,0,62,4,56,22,1,83,0,0,0,83
10/25/2013,STX,VI,ASO,ES,Federal Contract Tower,4,13,1,0,18,0,54,15,0,69,4,67,16,0,87,12,0,12,99
10/26/2013,STX,VI,ASO,ES,Federal Contract Tower,6,7,2,2,17,0,36,16,0,52,6,43,18,2,69,0,0,0,69
10/27/2013,STX,VI,ASO,ES,Federal Contract Tower,6,10,4,2,22,0,40,21,0,61,6,50,25,2,83,0,0,0,83
10/28/2013,STX,VI,ASO,ES,Federal Contract Tower,4,15,3,1,23,0,29,17,0,46,4,44,20,1,69,8,4,12,81
10/29/2013,STX,VI,ASO,ES,Federal Contract Tower,6,20,3,1,30,0,27,18,2,47,6,47,21,3,77,22,16,38,115
10/30/2013,STX,VI,ASO,ES,Federal Contract Tower,4,12,1,2,19,0,36,21,2,59,4,48,22,4,78,16,24,40,118
10/31/2013,STX,VI,ASO,ES,Federal Contract Tower,6,27,3,0,36,0,26,15,0,41,6,53,18,0,77,0,0,0,77
11/01/2013,STX,VI,ASO,ES,Federal Contract Tower,4,22,2,0,28,0,46,19,0,65,4,68,21,0,93,0,0,0,93
11/02/2013,STX,VI,ASO,ES,Federal Contract Tower,6,13,2,0,21,0,27,10,2,39,6,40,12,2,60,0,0,0,60
11/03/2013,STX,VI,ASO,ES,Federal Contract Tower,6,15,4,2,27,0,39,13,0,52,6,54,17,2,79,0,0,0,79
11/04/2013,STX,VI,ASO,ES,Federal Contract Tower,6,15,4,2,27,0,41,11,0,52,6,56,15,2,79,12,0,12,91
11/05/2013,STX,VI,ASO,ES,Federal Contract Tower,4,18,5,3,30,0,37,28,2,67,4,55,33,5,97,22,18,40,137
11/06/2013,STX,VI,ASO,ES,Federal Contract Tower,8,12,6,0,26,0,58,17,0,75,8,70,23,0,101,14,0,14,115
11/07/2013,STX,VI,ASO,ES,Federal Contract Tower,4,13,2,0,19,0,39,27,2,68,4,52,29,2,87,4,0,4,91
11/08/2013,STX,VI,ASO,ES,Federal Contract Tower,6,17,3,0,26,0,48,21,0,69,6,65,24,0,95,10,0,10,105
11/09/2013,STX,VI,ASO,ES,Federal Contract Tower,6,6,3,0,15,0,36,25,2,63,6,42,28,2,78,28,0,28,106
11/10/2013,STX,VI,ASO,ES,Federal Contract Tower,8,4,3,0,15,0,47,21,5,73,8,51,24,5,88,8,0,8,96
11/11/2013,STX,VI,ASO,ES,Federal Contract Tower,4,18,2,0,24,0,38,12,0,50,4,56,14,0,74,0,0,0,74
11/12/2013,STX,VI,ASO,ES,Federal Contract Tower,6,14,2,0,22,0,46,26,3,75,6,60,28,3,97,6,4,10,107
11/13/2013,STX,VI,ASO,ES,Federal Contract Tower,5,9,4,0,18,0,49,22,8,79,5,58,26,8,97,20,16,36,133
11/14/2013,STX,VI,ASO,ES,Federal Contract Tower,5,12,3,2,22,0,36,19,2,57,5,48,22,4,79,0,0,0,79
11/15/2013,STX,VI,ASO,ES,Federal Contract Tower,4,20,2,1,27,0,53,25,1,79,4,73,27,2,106,26,0,26,132
11/16/2013,STX,VI,ASO,ES,Federal Contract Tower,6,10,1,1,18,0,34,21,2,57,6,44,22,3,75,28,0,28,103
11/17/2013,STX,VI,ASO,ES,Federal Contract Tower,6,6,1,1,14,0,44,11,0,55,6,50,12,1,69,0,0,0,69
11/18/2013,STX,VI,ASO,ES,Federal Contract Tower,5,20,3,0,28,0,32,13,0,45,5,52,16,0,73,0,0,0,73
11/19/2013,STX,VI,ASO,ES,Federal Contract Tower,5,14,2,0,21,0,46,34,0,80,5,60,36,0,101,16,0,16,117
11/20/2013,STX,VI,ASO,ES,Federal Contract Tower,6,14,6,0,26,0,65,30,4,99,6,79,36,4,125,20,10,30,155
11/21/2013,STX,VI,ASO,ES,Federal Contract Tower,9,19,6,2,36,0,41,20,0,61,9,60,26,2,97,34,0,34,131
11/22/2013,STX,VI,ASO,ES,Federal Contract Tower,5,14,10,0,29,0,50,12,2,64,5,64,22,2,93,52,4,56,149
11/23/2013,STX,VI,ASO,ES,Federal Contract Tower,8,6,2,1,17,0,49,23,1,73,8,55,25,2,90,36,0,36,126
11/24/2013,STX,VI,ASO,ES,Federal Contract Tower,7,9,2,1,19,0,38,5,2,45,7,47,7,3,64,0,0,0,64
11/25/2013,STX,VI,ASO,ES,Federal Contract Tower,5,15,7,0,27,0,38,17,2,57,5,53,24,2,84,14,0,14,98
11/26/2013,STX,VI,ASO,ES,Federal Contract Tower,7,17,2,0,26,0,45,23,0,68,7,62,25,0,94,20,0,20,114
11/27/2013,STX,VI,ASO,ES,Federal Contract Tower,4,21,5,1,31,0,60,21,2,83,4,81,26,3,114,30,4,34,148
11/28/2013,STX,VI,ASO,ES,Federal Contract Tower,5,8,1,0,14,0,33,7,0,40,5,41,8,0,54,6,0,6,60
11/29/2013,STX,VI,ASO,ES,Federal Contract Tower,7,16,8,0,31,0,30,8,2,40,7,46,16,2,71,20,0,20,91
11/30/2013,STX,VI,ASO,ES,Federal Contract Tower,8,17,1,0,26,0,22,12,1,35,8,39,13,1,61,6,0,6,67
12/01/2013,STX,VI,ASO,ES,Federal Contract Tower,7,13,10,0,30,0,55,23,0,78,7,68,33,0,108,34,0,34,142
12/02/2013,STX,VI,ASO,ES,Federal Contract Tower,5,11,4,0,20,0,54,32,0,86,5,65,36,0,106,8,0,8,114
12/03/2013,STX,VI,ASO,ES,Federal Contract Tower,6,18,2,0,26,0,42,21,0,63,6,60,23,0,89,6,0,6,95
12/04/2013,STX,VI,ASO,ES,Federal Contract Tower,5,17,11,2,35,0,33,13,2,48,5,50,24,4,83,0,4,4,87
12/05/2013,STX,VI,ASO,ES,Federal Contract Tower,5,26,10,2,43,0,30,9,1,40,5,56,19,3,83,16,0,16,99
12/06/2013,STX,VI,ASO,ES,Federal Contract Tower,6,13,4,5,28,0,46,14,0,60,6,59,18,5,88,20,0,20,108
12/07/2013,STX,VI,ASO,ES,Federal Contract Tower,8,7,0,0,15,0,47,12,6,65,8,54,12,6,80,34,0,34,114
12/08/2013,STX,VI,ASO,ES,Federal Contract Tower,7,13,6,1,27,0,30,5,1,36,7,43,11,2,63,0,0,0,63
12/09/2013,STX,VI,ASO,ES,Federal Contract Tower,5,22,2,2,31,0,58,19,9,86,5,80,21,11,117,38,2,40,157
12/10/2013,STX,VI,ASO,ES,Federal Contract Tower,5,14,6,1,26,0,41,19,3,63,5,55,25,4,89,36,10,46,135
12/11/2013,STX,VI,ASO,ES,Federal Contract Tower,4,18,7,2,31,0,46,19,8,73,4,64,26,10,104,32,16,48,152
12/12/2013,STX,VI,ASO,ES,Federal Contract Tower,7,15,6,2,30,0,40,14,3,57,7,55,20,5,87,32,18,50,137
12/13/2013,STX,VI,ASO,ES,Federal Contract Tower,6,13,5,1,25,0,65,26,0,91,6,78,31,1,116,44,0,44,160
12/14/2013,STX,VI,ASO,ES,Federal Contract Tower,8,7,4,3,22,0,41,17,0,58,8,48,21,3,80,12,0,12,92
12/15/2013,STX,VI,ASO,ES,Federal Contract Tower,6,8,7,3,24,0,44,14,0,58,6,52,21,3,82,0,0,0,82
12/16/2013,STX,VI,ASO,ES,Federal Contract Tower,5,14,6,0,25,0,51,21,10,82,5,65,27,10,107,6,22,28,135
12/17/2013,STX,VI,ASO,ES,Federal Contract Tower,6,18,2,2,28,0,58,27,1,86,6,76,29,3,114,8,2,10,124
12/18/2013,STX,VI,ASO,ES,Federal Contract Tower,7,20,4,0,31,0,56,29,3,88,7,76,33,3,119,38,22,60,179
12/19/2013,STX,VI,ASO,ES,Federal Contract Tower,9,14,12,2,37,0,42,29,6,77,9,56,41,8,114,26,10,36,150
12/20/2013,STX,VI,ASO,ES,Federal Contract Tower,8,22,4,2,36,0,52,22,2,76,8,74,26,4,112,24,0,24,136
12/21/2013,STX,VI,ASO,ES,Federal Contract Tower,10,12,3,0,25,0,39,14,0,53,10,51,17,0,78,6,0,6,84
12/22/2013,STX,VI,ASO,ES,Federal Contract Tower,10,6,3,0,19,0,53,32,0,85,10,59,35,0,104,6,0,6,110
12/23/2013,STX,VI,ASO,ES,Federal Contract Tower,7,16,1,0,24,0,58,11,2,71,7,74,12,2,95,0,0,0,95
12/24/2013,STX,VI,ASO,ES,Federal Contract Tower,8,21,5,0,34,0,43,5,0,48,8,64,10,0,82,0,0,0,82
12/25/2013,STX,VI,ASO,ES,Federal Contract Tower,5,5,2,0,12,0,45,12,0,57,5,50,14,0,69,0,0,0,69
12/26/2013,STX,VI,ASO,ES,Federal Contract Tower,8,12,7,1,28,0,50,18,0,68,8,62,25,1,96,4,0,4,100
12/27/2013,STX,VI,ASO,ES,Federal Contract Tower,8,28,10,3,49,0,45,22,5,72,8,73,32,8,121,0,0,0,121
12/28/2013,STX,VI,ASO,ES,Federal Contract Tower,11,10,3,0,24,0,36,16,0,52,11,46,19,0,76,0,0,0,76
12/29/2013,STX,VI,ASO,ES,Federal Contract Tower,7,14,4,0,25,0,55,12,0,67,7,69,16,0,92,0,0,0,92
12/30/2013,STX,VI,ASO,ES,Federal Contract Tower,7,13,6,0,26,0,49,11,0,60,7,62,17,0,86,0,0,0,86
12/31/2013,STX,VI,ASO,ES,Federal Contract Tower,9,15,3,2,29,0,52,30,0,82,9,67,33,2,111,0,0,0,111
01/01/2014,STX,VI,ASO,ES,Federal Contract Tower,8,12,3,3,26,0,45,24,2,71,8,57,27,5,97,10,6,16,113
01/02/2014,STX,VI,ASO,ES,Federal Contract Tower,8,10,22,1,41,0,58,17,0,75,8,68,39,1,116,4,0,4,120
01/03/2014,STX,VI,ASO,ES,Federal Contract Tower,7,11,8,0,26,0,50,11,0,61,7,61,19,0,87,0,0,0,87
01/04/2014,STX,VI,ASO,ES,Federal Contract Tower,13,7,7,0,27,0,40,19,0,59,13,47,26,0,86,24,0,24,110
01/05/2014,STX,VI,ASO,ES,Federal Contract Tower,8,6,2,0,16,0,53,29,0,82,8,59,31,0,98,32,0,32,130
01/06/2014,STX,VI,ASO,ES,Federal Contract Tower,4,11,6,0,21,0,55,23,1,79,4,66,29,1,100,24,0,24,124
01/07/2014,STX,VI,ASO,ES,Federal Contract Tower,4,17,6,0,27,0,45,12,0,57,4,62,18,0,84,20,0,20,104
01/08/2014,STX,VI,ASO,ES,Federal Contract Tower,4,15,7,0,26,0,49,30,3,82,4,64,37,3,108,48,2,50,158
01/09/2014,STX,VI,ASO,ES,Federal Contract Tower,7,10,16,0,33,0,41,17,3,61,7,51,33,3,94,28,0,28,122
01/10/2014,STX,VI,ASO,ES,Federal Contract Tower,7,12,5,4,28,0,51,26,2,79,7,63,31,6,107,68,0,68,175
01/11/2014,STX,VI,ASO,ES,Federal Contract Tower,10,6,3,0,19,0,32,19,3,54,10,38,22,3,73,44,8,52,125
01/12/2014,STX,VI,ASO,ES,Federal Contract Tower,7,9,3,4,23,0,39,20,4,63,7,48,23,8,86,0,0,0,86
01/13/2014,STX,VI,ASO,ES,Federal Contract Tower,5,14,3,0,22,0,34,13,7,54,5,48,16,7,76,4,10,14,90
01/14/2014,STX,VI,ASO,ES,Federal Contract Tower,6,29,5,0,40,0,28,24,2,54,6,57,29,2,94,0,0,0,94
01/15/2014,STX,VI,ASO,ES,Federal Contract Tower,7,20,5,0,32,0,50,21,0,71,7,70,26,0,103,62,4,66,169
01/16/2014,STX,VI,ASO,ES,Federal Contract Tower,5,9,4,0,18,0,40,20,0,60,5,49,24,0,78,22,0,22,100
01/17/2014,STX,VI,ASO,ES,Federal Contract Tower,8,9,1,0,18,0,49,18,2,69,8,58,19,2,87,36,0,36,123
01/18/2014,STX,VI,ASO,ES,Federal Contract Tower,10,5,3,0,18,0,38,11,0,49,10,43,14,0,67,18,0,18,85
01/19/2014,STX,VI,ASO,ES,Federal Contract Tower,5,4,0,0,9,0,38,9,0,47,5,42,9,0,56,0,0,0,56
01/20/2014,STX,VI,ASO,ES,Federal Contract Tower,5,9,8,0,22,0,43,16,1,60,5,52,24,1,82,2,0,2,84
01/21/2014,STX,VI,ASO,ES,Federal Contract Tower,5,18,3,0,26,0,40,27,4,71,5,58,30,4,97,10,14,24,121
01/22/2014,STX,VI,ASO,ES,Federal Contract Tower,6,18,3,0,27,0,42,23,3,68,6,60,26,3,95,0,8,8,103
01/23/2014,STX,VI,ASO,ES,Federal Contract Tower,6,10,2,0,18,0,42,27,3,72,6,52,29,3,90,6,6,12,102
01/24/2014,STX,VI,ASO,ES,Federal Contract Tower,8,15,3,3,29,0,44,17,3,64,8,59,20,6,93,8,36,44,137
01/25/2014,STX,VI,ASO,ES,Federal Contract Tower,8,6,7,1,22,0,35,14,1,50,8,41,21,2,72,12,0,12,84
01/26/2014,STX,VI,ASO,ES,Federal Contract Tower,4,8,3,1,16,0,34,17,2,53,4,42,20,3,69,0,0,0,69
01/27/2014,STX,VI,ASO,ES,Federal Contract Tower,5,11,1,0,17,0,45,16,5,66,5,56,17,5,83,4,0,4,87
01/28/2014,STX,VI,ASO,ES,Federal Contract Tower,5,15,1,1,22,0,34,23,5,62,5,49,24,6,84,6,12,18,102
01/29/2014,STX,VI,ASO,ES,Federal Contract Tower,8,19,1,0,28,0,41,27,6,74,8,60,28,6,102,28,0,28,130
01/30/2014,STX,VI,ASO,ES,Federal Contract Tower,5,10,3,1,19,0,41,18,6,65,5,51,21,7,84,0,38,38,122
01/31/2014,STX,VI,ASO,ES,Federal Contract Tower,8,12,8,6,34,0,48,12,0,60,8,60,20,6,94,0,14,14,108
02/01/2014,STX,VI,ASO,ES,Federal Contract Tower,10,3,4,1,18,0,25,8,1,34,10,28,12,2,52,6,0,6,58
02/02/2014,STX,VI,ASO,ES,Federal Contract Tower,4,2,3,1,10,0,37,11,2,50,4,39,14,3,60,2,0,2,62
02/03/2014,STX,VI,ASO,ES,Federal Contract Tower,5,16,0,0,21,0,38,14,2,54,5,54,14,2,75,0,12,12,87
02/04/2014,STX,VI,ASO,ES,Federal Contract Tower,5,14,3,2,24,0,35,20,5,60,5,49,23,7,84,0,38,38,122
02/05/2014,STX,VI,ASO,ES,Federal Contract Tower,7,18,5,2,32,0,47,29,4,80,7,65,34,6,112,8,40,48,160
02/06/2014,STX,VI,ASO,ES,Federal Contract Tower,5,11,8,2,26,0,47,19,3,69,5,58,27,5,95,46,34,80,175
02/07/2014,STX,VI,ASO,ES,Federal Contract Tower,8,14,3,0,25,0,52,29,2,83,8,66,32,2,108,22,0,22,130
02/08/2014,STX,VI,ASO,ES,Federal Contract Tower,10,5,4,0,19,0,34,14,0,48,10,39,18,0,67,2,0,2,69
02/09/2014,STX,VI,ASO,ES,Federal Contract Tower,5,6,0,0,11,0,40,25,3,68,5,46,25,3,79,0,20,20,99
02/10/2014,STX,VI,ASO,ES,Federal Contract Tower,5,13,2,0,20,0,51,11,2,64,5,64,13,2,84,2,0,2,86
02/11/2014,STX,VI,ASO,ES,Federal Contract Tower,5,13,3,0,21,0,47,18,2,67,5,60,21,2,88,38,26,64,152
02/12/2014,STX,VI,ASO,ES,Federal Contract Tower,10,21,7,2,40,0,47,25,2,74,10,68,32,4,114,32,18,50,164
02/13/2014,STX,VI,ASO,ES,Federal Contract Tower,5,15,5,4,29,0,50,44,4,98,5,65,49,8,127,42,22,64,191
02/14/2014,STX,VI,ASO,ES,Federal Contract Tower,8,11,5,1,25,0,92,38,0,130,8,103,43,1,155,16,0,16,171
02/15/2014,STX,VI,ASO,ES,Federal Contract Tower,9,7,2,1,19,0,57,27,1,85,9,64,29,2,104,4,0,4,108
02/16/2014,STX,VI,ASO,ES,Federal Contract Tower,6,10,1,1,18,0,70,60,0,130,6,80,61,1,148,40,0,40,188
02/17/2014,STX,VI,ASO,ES,Federal Contract Tower,5,13,4,0,22,0,89,32,0,121,5,102,36,0,143,0,0,0,143
02/18/2014,STX,VI,ASO,ES,Federal Contract Tower,6,16,7,0,29,0,54,42,2,98,6,70,49,2,127,40,0,40,167
02/19/2014,STX,VI,ASO,ES,Federal Contract Tower,6,19,1,0,26,0,52,19,2,73,6,71,20,2,99,54,0,54,153
02/20/2014,STX,VI,ASO,ES,Federal Contract Tower,6,14,4,0,24,0,51,19,0,70,6,65,23,0,94,74,0,74,168
02/21/2014,STX,VI,ASO,ES,Federal Contract Tower,7,20,7,3,37,0,43,21,1,65,7,63,28,4,102,64,0,64,166
02/22/2014,STX,VI,ASO,ES,Federal Contract Tower,10,8,4,7,29,0,37,16,0,53,10,45,20,7,82,22,4,26,108
02/23/2014,STX,VI,ASO,ES,Federal Contract Tower,5,4,2,4,15,0,40,21,1,62,5,44,23,5,77,10,0,10,87
02/24/2014,STX,VI,ASO,ES,Federal Contract Tower,5,17,2,2,26,0,47,26,0,73,5,64,28,2,99,26,0,26,125
02/25/2014,STX,VI,ASO,ES,Federal Contract Tower,3,14,1,1,19,0,50,26,3,79,3,64,27,4,98,14,0,14,112
02/26/2014,STX,VI,ASO,ES,Federal Contract Tower,6,17,2,2,27,0,49,20,5,74,6,66,22,7,101,42,0,42,143
02/27/2014,STX,VI,ASO,ES,Federal Contract Tower,7,13,6,3,29,0,37,18,4,59,7,50,24,7,88,0,0,0,88
02/28/2014,STX,VI,ASO,ES,Federal Contract Tower,7,13,0,2,22,0,61,30,3,94,7,74,30,5,116,22,8,30,146
03/01/2014,STX,VI,ASO,ES,Federal Contract Tower,10,6,1,4,21,0,33,17,1,51,10,39,18,5,72,16,0,16,88
03/02/2014,STX,VI,ASO,ES,Federal Contract Tower,5,7,2,0,14,0,42,21,0,63,5,49,23,0,77,0,0,0,77
03/03/2014,STX,VI,ASO,ES,Federal Contract Tower,5,14,3,2,24,0,48,16,4,68,5,62,19,6,92,24,0,24,116
03/04/2014,STX,VI,ASO,ES,Federal Contract Tower,5,14,6,2,27,0,32,24,4,60,5,46,30,6,87,16,14,30,117
03/05/2014,STX,VI,ASO,ES,Federal Contract Tower,6,17,4,10,37,0,45,15,0,60,6,62,19,10,97,14,0,14,111
03/06/2014,STX,VI,ASO,ES,Federal Contract Tower,5,15,2,2,24,0,41,18,1,60,5,56,20,3,84,10,0,10,94
03/07/2014,STX,VI,ASO,ES,Federal Contract Tower,8,16,2,0,26,0,46,21,0,67,8,62,23,0,93,16,0,16,109
03/08/2014,STX,VI,ASO,ES,Federal Contract Tower,10,5,3,3,21,0,31,7,3,41,10,36,10,6,62,0,0,0,62
03/09/2014,STX,VI,ASO,ES,Federal Contract Tower,5,8,2,13,28,0,44,13,10,67,5,52,15,23,95,0,2,2,97
03/10/2014,STX,VI,ASO,ES,Federal Contract Tower,4,14,3,1,22,0,44,29,0,73,4,58,32,1,95,18,0,18,113
03/11/2014,STX,VI,ASO,ES,Federal Contract Tower,4,12,6,1,23,0,43,22,0,65,4,55,28,1,88,12,0,12,100
03/12/2014,STX,VI,ASO,ES,Federal Contract Tower,8,16,3,6,33,0,50,27,0,77,8,66,30,6,110,12,2,14,124
03/13/2014,STX,VI,ASO,ES,Federal Contract Tower,5,13,2,0,20,0,36,30,0,66,5,49,32,0,86,8,0,8,94
03/14/2014,STX,VI,ASO,ES,Federal Contract Tower,8,15,2,1,26,0,77,12,4,93,8,92,14,5,119,18,0,18,137
03/15/2014,STX,VI,ASO,ES,Federal Contract Tower,10,3,6,2,21,0,37,24,0,61,10,40,30,2,82,24,0,24,106
03/16/2014,STX,VI,ASO,ES,Federal Contract Tower,6,4,3,1,14,0,51,12,1,64,6,55,15,2,78,0,0,0,78
03/17/2014,STX,VI,ASO,ES,Federal Contract Tower,5,16,2,0,23,0,57,18,0,75,5,73,20,0,98,16,0,16,114
03/18/2014,STX,VI,ASO,ES,Federal Contract Tower,4,16,2,4,26,0,54,21,1,76,4,70,23,5,102,36,0,36,138
03/19/2014,STX,VI,ASO,ES,Federal Contract Tower,5,17,2,3,27,0,59,30,1,90,5,76,32,4,117,16,0,16,133
03/20/2014,STX,VI,ASO,ES,Federal Contract Tower,5,10,4,0,19,0,45,33,4,82,5,55,37,4,101,12,4,16,117
03/21/2014,STX,VI,ASO,ES,Federal Contract Tower,8,16,1,2,27,0,60,21,0,81,8,76,22,2,108,28,0,28,136
03/22/2014,STX,VI,ASO,ES,Federal Contract Tower,10,10,2,0,22,0,41,25,0,66,10,51,27,0,88,4,0,4,92
03/23/2014,STX,VI,ASO,ES,Federal Contract Tower,6,4,3,0,13,0,42,16,0,58,6,46,19,0,71,0,0,0,71
03/24/2014,STX,VI,ASO,ES,Federal Contract Tower,5,11,2,0,18,0,54,18,4,76,5,65,20,4,94,18,0,18,112
03/25/2014,STX,VI,ASO,ES,Federal Contract Tower,4,16,0,2,22,0,44,18,4,66,4,60,18,6,88,26,0,26,114
03/26/2014,STX,VI,ASO,ES,Federal Contract Tower,5,23,1,1,30,0,53,16,0,69,5,76,17,1,99,10,0,10,109
03/27/2014,STX,VI,ASO,ES,Federal Contract Tower,5,13,8,1,27,0,49,13,6,68,5,62,21,7,95,4,0,4,99
03/28/2014,STX,VI,ASO,ES,Federal Contract Tower,7,14,4,0,25,0,57,25,0,82,7,71,29,0,107,16,0,16,123
03/29/2014,STX,VI,ASO,ES,Federal Contract Tower,10,4,4,0,18,0,41,7,2,50,10,45,11,2,68,0,0,0,68
03/30/2014,STX,VI,ASO,ES,Federal Contract Tower,5,4,1,2,12,0,40,19,3,62,5,44,20,5,74,24,0,24,98
03/31/2014,STX,VI,ASO,ES,Federal Contract Tower,5,12,1,0,18,0,53,21,4,78,5,65,22,4,96,30,0,30,126
04/01/2014,STX,VI,ASO,ES,Federal Contract Tower,4,18,0,2,24,0,47,22,2,71,4,65,22,4,95,0,0,0,95
04/02/2014,STX,VI,ASO,ES,Federal Contract Tower,6,18,2,0,26,0,51,17,1,69,6,69,19,1,95,12,0,12,107
04/03/2014,STX,VI,ASO,ES,Federal Contract Tower,5,12,2,2,21,0,44,27,1,72,5,56,29,3,93,4,0,4,97
04/04/2014,STX,VI,ASO,ES,Federal Contract Tower,8,25,5,0,38,0,42,9,2,53,8,67,14,2,91,34,0,34,125
04/05/2014,STX,VI,ASO,ES,Federal Contract Tower,10,10,2,1,23,0,31,20,4,55,10,41,22,5,78,4,0,4,82
04/06/2014,STX,VI,ASO,ES,Federal Contract Tower,6,8,1,0,15,0,34,21,2,57,6,42,22,2,72,0,0,0,72
04/07/2014,STX,VI,ASO,ES,Federal Contract Tower,5,23,4,0,32,0,59,19,6,84,5,82,23,6,116,14,0,14,130
04/08/2014,STX,VI,ASO,ES,Federal Contract Tower,4,15,0,2,21,0,41,28,15,84,4,56,28,17,105,0,14,14,119
04/09/2014,STX,VI,ASO,ES,Federal Contract Tower,8,14,2,2,26,0,60,27,5,92,8,74,29,7,118,12,40,52,170
04/10/2014,STX,VI,ASO,ES,Federal Contract Tower,6,14,6,3,29,0,39,20,6,65,6,53,26,9,94,0,0,0,94
04/11/2014,STX,VI,ASO,ES,Federal Contract Tower,7,12,0,0,19,0,47,26,5,78,7,59,26,5,97,18,0,18,115
04/12/2014,STX,VI,ASO,ES,Federal Contract Tower,10,4,7,2,23,0,28,29,2,59,10,32,36,4,82,0,0,0,82
04/13/2014,STX,VI,ASO,ES,Federal Contract Tower,5,8,1,0,14,0,56,14,0,70,5,64,15,0,84,0,0,0,84
04/14/2014,STX,VI,ASO,ES,Federal Contract Tower,5,17,3,1,26,0,49,7,4,60,5,66,10,5,86,16,0,16,102
04/15/2014,STX,VI,ASO,ES,Federal Contract Tower,4,13,3,0,20,0,48,18,0,66,4,61,21,0,86,0,0,0,86
04/16/2014,STX,VI,ASO,ES,Federal Contract Tower,6,15,4,0,25,0,53,19,3,75,6,68,23,3,100,18,0,18,118
04/17/2014,STX,VI,ASO,ES,Federal Contract Tower,5,17,3,0,25,0,47,27,2,76,5,64,30,2,101,6,0,6,107
04/18/2014,STX,VI,ASO,ES,Federal Contract Tower,8,9,0,0,17,0,43,30,1,74,8,52,30,1,91,18,0,18,109
04/19/2014,STX,VI,ASO,ES,Federal Contract Tower,10,5,3,1,19,0,35,2,2,39,10,40,5,3,58,0,0,0,58
04/20/2014,STX,VI,ASO,ES,Federal Contract Tower,6,10,6,0,22,0,46,23,0,69,6,56,29,0,91,28,0,28,119
04/21/2014,STX,VI,ASO,ES,Federal Contract Tower,6,14,3,0,23,0,50,21,2,73,6,64,24,2,96,20,0,20,116
04/22/2014,STX,VI,ASO,ES,Federal Contract Tower,4,21,0,0,25,0,50,17,0,67,4,71,17,0,92,0,0,0,92
04/23/2014,STX,VI,ASO,ES,Federal Contract Tower,6,8,1,2,17,0,49,25,6,80,6,57,26,8,97,8,0,8,105
04/24/2014,STX,VI,ASO,ES,Federal Contract Tower,5,12,9,0,26,0,44,23,1,68,5,56,32,1,94,24,0,24,118
04/25/2014,STX,VI,ASO,ES,Federal Contract Tower,8,13,0,1,22,0,53,34,0,87,8,66,34,1,109,16,0,16,125
04/26/2014,STX,VI,ASO,ES,Federal Contract Tower,9,6,2,2,19,0,35,14,1,50,9,41,16,3,69,16,4,20,89
04/27/2014,STX,VI,ASO,ES,Federal Contract Tower,6,6,2,1,15,0,37,15,3,55,6,43,17,4,70,18,0,18,88
04/28/2014,STX,VI,ASO,ES,Federal Contract Tower,5,12,2,0,19,0,44,9,0,53,5,56,11,0,72,0,0,0,72
04/29/2014,STX,VI,ASO,ES,Federal Contract Tower,4,14,1,0,19,0,51,40,4,95,4,65,41,4,114,30,0,30,144
04/30/2014,STX,VI,ASO,ES,Federal Contract Tower,7,6,2,0,15,0,62,27,1,90,7,68,29,1,105,24,0,24,129
05/01/2014,STX,VI,ASO,ES,Federal Contract Tower,5,14,5,0,24,0,61,22,4,87,5,75,27,4,111,0,0,0,111
05/02/2014,STX,VI,ASO,ES,Federal Contract Tower,8,14,2,0,24,0,48,27,0,75,8,62,29,0,99,22,0,22,121
05/03/2014,STX,VI,ASO,ES,Federal Contract Tower,7,5,0,0,12,0,43,33,0,76,7,48,33,0,88,24,0,24,112
05/04/2014,STX,VI,ASO,ES,Federal Contract Tower,6,14,2,0,22,0,58,29,0,87,6,72,31,0,109,0,0,0,109
05/05/2014,STX,VI,ASO,ES,Federal Contract Tower,5,14,5,1,25,0,65,28,0,93,5,79,33,1,118,28,0,28,146
05/06/2014,STX,VI,ASO,ES,Federal Contract Tower,4,15,0,3,22,0,55,24,0,79,4,70,24,3,101,8,0,8,109
05/07/2014,STX,VI,ASO,ES,Federal Contract Tower,7,12,3,4,26,0,42,28,5,75,7,54,31,9,101,20,32,52,153
05/08/2014,STX,VI,ASO,ES,Federal Contract Tower,8,20,6,3,37,0,26,18,0,44,8,46,24,3,81,0,0,0,81
05/09/2014,STX,VI,ASO,ES,Federal Contract Tower,7,20,6,7,40,0,44,13,0,57,7,64,19,7,97,18,0,18,115
05/10/2014,STX,VI,ASO,ES,Federal Contract Tower,6,26,5,1,38,0,16,1,0,17,6,42,6,1,55,0,0,0,55
05/11/2014,STX,VI,ASO,ES,Federal Contract Tower,4,7,1,3,15,0,39,10,0,49,4,46,11,3,64,6,0,6,70
05/12/2014,STX,VI,ASO,ES,Federal Contract Tower,5,19,5,0,29,0,34,5,3,42,5,53,10,3,71,0,0,0,71
05/13/2014,STX,VI,ASO,ES,Federal Contract Tower,5,17,0,1,23,0,40,23,4,67,5,57,23,5,90,8,8,16,106
05/14/2014,STX,VI,ASO,ES,Federal Contract Tower,7,12,6,2,27,0,41,20,7,68,7,53,26,9,95,10,30,40,135
05/15/2014,STX,VI,ASO,ES,Federal Contract Tower,5,16,8,0,29,0,31,15,3,49,5,47,23,3,78,14,6,20,98
05/16/2014,STX,VI,ASO,ES,Federal Contract Tower,6,11,2,1,20,0,50,23,0,73,6,61,25,1,93,22,0,22,115
05/17/2014,STX,VI,ASO,ES,Federal Contract Tower,7,7,5,1,20,0,49,29,3,81,7,56,34,4,101,10,2,12,113
05/18/2014,STX,VI,ASO,ES,Federal Contract Tower,5,5,2,1,13,0,47,28,2,77,5,52,30,3,90,8,0,8,98
05/19/2014,STX,VI,ASO,ES,Federal Contract Tower,5,15,5,1,26,0,47,7,0,54,5,62,12,1,80,6,0,6,86
05/20/2014,STX,VI,ASO,ES,Federal Contract Tower,6,20,5,2,33,0,42,18,1,61,6,62,23,3,94,4,22,26,120
05/21/2014,STX,VI,ASO,ES,Federal Contract Tower,7,10,5,1,23,0,48,23,3,74,7,58,28,4,97,4,14,18,115
05/22/2014,STX,VI,ASO,ES,Federal Contract Tower,5,21,3,2,31,0,37,14,3,54,5,58,17,5,85,2,26,28,113
05/23/2014,STX,VI,ASO,ES,Federal Contract Tower,7,15,4,0,26,0,45,12,2,59,7,60,16,2,85,0,0,0,85
05/24/2014,STX,VI,ASO,ES,Federal Contract Tower,8,4,1,0,13,0,42,11,2,55,8,46,12,2,68,8,0,8,76
05/25/2014,STX,VI,ASO,ES,Federal Contract Tower,6,5,1,1,13,0,46,23,2,71,6,51,24,3,84,0,0,0,84
05/26/2014,STX,VI,ASO,ES,Federal Contract Tower,5,14,2,0,21,0,37,14,1,52,5,51,16,1,73,0,0,0,73
05/27/2014,STX,VI,ASO,ES,Federal Contract Tower,5,13,2,1,21,0,39,19,3,61,5,52,21,4,82,0,16,16,98
05/28/2014,STX,VI,ASO,ES,Federal Contract Tower,7,9,6,1,23,0,42,19,12,73,7,51,25,13,96,0,16,16,112
05/29/2014,STX,VI,ASO,ES,Federal Contract Tower,6,20,2,0,28,0,38,30,6,74,6,58,32,6,102,52,12,64,166
05/30/2014,STX,VI,ASO,ES,Federal Contract Tower,8,13,2,0,23,0,44,19,0,63,8,57,21,0,86,0,0,0,86
05/31/2014,STX,VI,ASO,ES,Federal Contract Tower,7,7,0,1,15,0,28,17,2,47,7,35,17,3,62,0,0,0,62
06/01/2014,STX,VI,ASO,ES,Federal Contract Tower,5,10,0,3,18,0,39,7,2,48,5,49,7,5,66,0,0,0,66
06/02/2014,STX,VI,ASO,ES,Federal Contract Tower,5,18,1,0,24,0,41,18,2,61,5,59,19,2,85,6,0,6,91
06/03/2014,STX,VI,ASO,ES,Federal Contract Tower,5,23,3,0,31,0,30,22,3,55,5,53,25,3,86,16,18,34,120
06/04/2014,STX,VI,ASO,ES,Federal Contract Tower,8,19,2,0,29,0,25,26,3,54,8,44,28,3,83,8,2,10,93
06/05/2014,STX,VI,ASO,ES,Federal Contract Tower,6,23,3,3,35,0,28,19,9,56,6,51,22,12,91,6,26,32,123
06/06/2014,STX,VI,ASO,ES,Federal Contract Tower,7,23,3,1,34,0,30,14,1,45,7,53,17,2,79,0,2,2,81
06/07/2014,STX,VI,ASO,ES,Federal Contract Tower,7,10,1,6,24,0,28,15,1,44,7,38,16,7,68,16,0,16,84
06/08/2014,STX,VI,ASO,ES,Federal Contract Tower,5,11,1,2,19,0,28,19,4,51,5,39,20,6,70,20,0,20,90
06/09/2014,STX,VI,ASO,ES,Federal Contract Tower,4,19,3,2,28,0,36,7,2,45,4,55,10,4,73,0,0,0,73
06/10/2014,STX,VI,ASO,ES,Federal Contract Tower,5,22,0,0,27,0,39,17,0,56,5,61,17,0,83,0,0,0,83
06/11/2014,STX,VI,ASO,ES,Federal Contract Tower,7,16,2,3,28,0,32,19,3,54,7,48,21,6,82,0,18,18,100
06/12/2014,STX,VI,ASO,ES,Federal Contract Tower,5,20,1,4,30,0,37,32,5,74,5,57,33,9,104,30,28,58,162
06/13/2014,STX,VI,ASO,ES,Federal Contract Tower,7,20,2,2,31,0,52,31,1,84,7,72,33,3,115,0,0,0,115
06/14/2014,STX,VI,ASO,ES,Federal Contract Tower,7,8,2,1,18,0,23,19,2,44,7,31,21,3,62,8,8,16,78
06/15/2014,STX,VI,ASO,ES,Federal Contract Tower,5,10,1,0,16,0,31,23,2,56,5,41,24,2,72,4,0,4,76
06/16/2014,STX,VI,ASO,ES,Federal Contract Tower,5,20,1,0,26,0,48,17,0,65,5,68,18,0,91,8,0,8,99
06/17/2014,STX,VI,ASO,ES,Federal Contract Tower,5,25,2,0,32,0,41,24,5,70,5,66,26,5,102,18,0,18,120
06/18/2014,STX,VI,ASO,ES,Federal Contract Tower,6,16,2,0,24,0,31,10,4,45,6,47,12,4,69,0,0,0,69
06/19/2014,STX,VI,ASO,ES,Federal Contract Tower,5,19,3,0,27,0,33,20,0,53,5,52,23,0,80,34,0,34,114
06/20/2014,STX,VI,ASO,ES,Federal Contract Tower,7,25,3,0,35,0,40,21,0,61,7,65,24,0,96,0,0,0,96
06/21/2014,STX,VI,ASO,ES,Federal Contract Tower,7,9,0,1,17,0,28,25,9,62,7,37,25,10,79,4,0,4,83
06/22/2014,STX,VI,ASO,ES,Federal Contract Tower,5,10,1,1,17,0,31,21,0,52,5,41,22,1,69,0,0,0,69
06/23/2014,STX,VI,ASO,ES,Federal Contract Tower,5,18,3,0,26,0,41,14,5,60,5,59,17,5,86,12,16,28,114
06/24/2014,STX,VI,ASO,ES,Federal Contract Tower,5,18,2,1,26,0,32,24,4,60,5,50,26,5,86,18,4,22,108
06/25/2014,STX,VI,ASO,ES,Federal Contract Tower,5,17,1,0,23,0,39,63,2,104,5,56,64,2,127,50,0,50,177
06/26/2014,STX,VI,ASO,ES,Federal Contract Tower,5,20,0,2,27,0,31,32,2,65,5,51,32,4,92,28,0,28,120
06/27/2014,STX,VI,ASO,ES,Federal Contract Tower,8,19,1,2,30,0,37,24,0,61,8,56,25,2,91,36,0,36,127
06/28/2014,STX,VI,ASO,ES,Federal Contract Tower,8,10,4,2,24,0,31,17,2,50,8,41,21,4,74,26,0,26,100
06/29/2014,STX,VI,ASO,ES,Federal Contract Tower,6,11,0,1,18,0,33,27,2,62,6,44,27,3,80,12,0,12,92
06/30/2014,STX,VI,ASO,ES,Federal Contract Tower,4,22,0,2,28,0,45,27,0,72,4,67,27,2,100,10,0,10,110
07/01/2014,STX,VI,ASO,ES,Federal Contract Tower,5,27,1,0,33,0,30,21,0,51,5,57,22,0,84,0,0,0,84
07/02/2014,STX,VI,ASO,ES,Federal Contract Tower,6,17,2,0,25,0,32,17,6,55,6,49,19,6,80,0,6,6,86
07/03/2014,STX,VI,ASO,ES,Federal Contract Tower,7,23,2,0,32,0,51,18,0,69,7,74,20,0,101,0,0,0,101
07/04/2014,STX,VI,ASO,ES,Federal Contract Tower,8,13,0,0,21,0,43,14,1,58,8,56,14,1,79,10,0,10,89
07/05/2014,STX,VI,ASO,ES,Federal Contract Tower,6,13,1,0,20,0,27,7,1,35,6,40,8,1,55,0,0,0,55
07/06/2014,STX,VI,ASO,ES,Federal Contract Tower,7,11,3,0,21,0,44,22,1,67,7,55,25,1,88,0,0,0,88
07/07/2014,STX,VI,ASO,ES,Federal Contract Tower,6,20,1,0,27,0,32,10,0,42,6,52,11,0,69,0,0,0,69
07/08/2014,STX,VI,ASO,ES,Federal Contract Tower,5,21,0,1,27,0,34,16,2,52,5,55,16,3,79,14,0,14,93
07/09/2014,STX,VI,ASO,ES,Federal Contract Tower,5,24,0,0,29,0,43,30,0,73,5,67,30,0,102,18,0,18,120
07/10/2014,STX,VI,ASO,ES,Federal Contract Tower,8,20,1,4,33,0,38,19,2,59,8,58,20,6,92,6,0,6,98
07/11/2014,STX,VI,ASO,ES,Federal Contract Tower,5,21,5,7,38,0,55,16,6,77,5,76,21,13,115,20,0,20,135
07/12/2014,STX,VI,ASO,ES,Federal Contract Tower,6,11,0,6,23,0,29,12,5,46,6,40,12,11,69,0,4,4,73
07/13/2014,STX,VI,ASO,ES,Federal Contract Tower,5,15,0,6,26,0,32,23,8,63,5,47,23,14,89,0,16,16,105
07/14/2014,STX,VI,ASO,ES,Federal Contract Tower,6,22,1,5,34,0,33,25,0,58,6,55,26,5,92,6,4,10,102
07/15/2014,STX,VI,ASO,ES,Federal Contract Tower,4,22,3,2,31,0,25,15,0,40,4,47,18,2,71,0,0,0,71
07/16/2014,STX,VI,ASO,ES,Federal Contract Tower,5,18,2,1,26,0,37,15,0,52,5,55,17,1,78,0,0,0,78
07/17/2014,STX,VI,ASO,ES,Federal Contract Tower,7,26,1,3,37,0,40,22,0,62,7,66,23,3,99,22,22,44,143
07/18/2014,STX,VI,ASO,ES,Federal Contract Tower,8,19,3,1,31,0,46,24,1,71,8,65,27,2,102,10,0,10,112
07/19/2014,STX,VI,ASO,ES,Federal Contract Tower,6,12,1,4,23,0,33,24,1,58,6,45,25,5,81,14,0,14,95
07/20/2014,STX,VI,ASO,ES,Federal Contract Tower,5,11,3,2,21,0,41,20,0,61,5,52,23,2,82,18,0,18,100
07/21/2014,STX,VI,ASO,ES,Federal Contract Tower,9,21,2,0,32,0,49,32,0,81,9,70,34,0,113,38,0,38,151
07/22/2014,STX,VI,ASO,ES,Federal Contract Tower,5,28,2,4,39,0,45,18,0,63,5,73,20,4,102,4,0,4,106
07/23/2014,STX,VI,ASO,ES,Federal Contract Tower,6,17,1,3,27,0,28,21,2,51,6,45,22,5,78,0,4,4,82
07/24/2014,STX,VI,ASO,ES,Federal Contract Tower,7,25,0,6,38,0,31,23,3,57,7,56,23,9,95,26,44,70,165
07/25/2014,STX,VI,ASO,ES,Federal Contract Tower,8,19,0,6,33,0,39,24,0,63,8,58,24,6,96,16,14,30,126
07/26/2014,STX,VI,ASO,ES,Federal Contract Tower,6,11,1,9,27,0,36,19,2,57,6,47,20,11,84,8,4,12,96
07/27/2014,STX,VI,ASO,ES,Federal Contract Tower,7,9,0,4,20,0,31,14,2,47,7,40,14,6,67,0,0,0,67
07/28/2014,STX,VI,ASO,ES,Federal Contract Tower,7,22,2,2,33,0,31,9,0,40,7,53,11,2,73,6,0,6,79
07/29/2014,STX,VI,ASO,ES,Federal Contract Tower,5,19,0,2,26,0,41,26,5,72,5,60,26,7,98,10,6,16,114
07/30/2014,STX,VI,ASO,ES,Federal Contract Tower,6,18,1,4,29,0,33,24,6,63,6,51,25,10,92,18,0,18,110
07/31/2014,STX,VI,ASO,ES,Federal Contract Tower,7,23,1,3,34,0,33,24,4,61,7,56,25,7,95,36,0,36,131
08/01/2014,STX,VI,ASO,ES,Federal Contract Tower,8,23,1,5,37,0,40,22,0,62,8,63,23,5,99,8,0,8,107
08/02/2014,STX,VI,ASO,ES,Federal Contract Tower,6,12,2,3,23,0,5,5,0,10,6,17,7,3,33,0,0,0,33
08/03/2014,STX,VI,ASO,ES,Federal Contract Tower,7,10,2,7,26,0,33,15,4,52,7,43,17,11,78,0,0,0,78
08/04/2014,STX,VI,ASO,ES,Federal Contract Tower,7,20,0,4,31,0,41,27,1,69,7,61,27,5,100,16,0,16,116
08/05/2014,STX,VI,ASO,ES,Federal Contract Tower,5,23,1,2,31,0,31,31,2,64,5,54,32,4,95,10,0,10,105
08/06/2014,STX,VI,ASO,ES,Federal Contract Tower,6,18,3,3,30,0,36,18,0,54,6,54,21,3,84,16,0,16,100
08/07/2014,STX,VI,ASO,ES,Federal Contract Tower,7,19,1,0,27,0,40,22,0,62,7,59,23,0,89,12,0,12,101
08/08/2014,STX,VI,ASO,ES,Federal Contract Tower,8,21,6,2,37,0,39,13,2,54,8,60,19,4,91,8,0,8,99
08/09/2014,STX,VI,ASO,ES,Federal Contract Tower,6,12,1,1,20,0,31,10,0,41,6,43,11,1,61,0,0,0,61
08/10/2014,STX,VI,ASO,ES,Federal Contract Tower,7,9,1,0,17,0,42,7,2,51,7,51,8,2,68,0,0,0,68
08/11/2014,STX,VI,ASO,ES,Federal Contract Tower,7,17,2,0,26,0,36,11,0,47,7,53,13,0,73,0,0,0,73
08/12/2014,STX,VI,ASO,ES,Federal Contract Tower,5,22,2,6,35,0,32,20,3,55,5,54,22,9,90,10,26,36,126
08/13/2014,STX,VI,ASO,ES,Federal Contract Tower,6,17,0,3,26,0,41,32,2,75,6,58,32,5,101,36,20,56,157
08/14/2014,STX,VI,ASO,ES,Federal Contract Tower,8,23,5,1,37,0,41,19,2,62,8,64,24,3,99,12,4,16,115
08/15/2014,STX,VI,ASO,ES,Federal Contract Tower,8,18,0,6,32,0,45,18,3,66,8,63,18,9,98,18,0,18,116
08/16/2014,STX,VI,ASO,ES,Federal Contract Tower,6,12,1,0,19,0,23,9,2,34,6,35,10,2,53,2,0,2,55
08/17/2014,STX,VI,ASO,ES,Federal Contract Tower,6,12,0,2,20,0,41,9,3,53,6,53,9,5,73,0,0,0,73
08/18/2014,STX,VI,ASO,ES,Federal Contract Tower,6,21,0,0,27,0,38,16,23,77,6,59,16,23,104,19,36,55,159
08/19/2014,STX,VI,ASO,ES,Federal Contract Tower,4,26,2,2,34,0,32,23,7,62,4,58,25,9,96,0,52,52,148
08/20/2014,STX,VI,ASO,ES,Federal Contract Tower,6,17,2,2,27,0,37,21,15,73,6,54,23,17,100,20,68,88,188
08/21/2014,STX,VI,ASO,ES,Federal Contract Tower,6,22,3,4,35,0,28,13,12,53,6,50,16,16,88,0,12,12,100
08/22/2014,STX,VI,ASO,ES,Federal Contract Tower,6,36,10,3,55,0,19,5,14,38,6,55,15,17,93,0,0,0,93
08/23/2014,STX,VI,ASO,ES,Federal Contract Tower,4,17,3,7,31,0,26,11,0,37,4,43,14,7,68,12,0,12,80
08/24/2014,STX,VI,ASO,ES,Federal Contract Tower,6,11,2,4,23,0,32,6,1,39,6,43,8,5,62,0,0,0,62
08/25/2014,STX,VI,ASO,ES,Federal Contract Tower,6,17,1,3,27,0,42,37,1,80,6,59,38,4,107,4,0,4,111
08/26/2014,STX,VI,ASO,ES,Federal Contract Tower,4,21,2,6,33,0,36,16,2,54,4,57,18,8,87,0,26,26,113
08/27/2014,STX,VI,ASO,ES,Federal Contract Tower,6,18,0,2,26,0,38,20,4,62,6,56,20,6,88,0,0,0,88
08/28/2014,STX,VI,ASO,ES,Federal Contract Tower,6,24,0,2,32,0,36,29,10,75,6,60,29,12,107,28,30,58,165
08/29/2014,STX,VI,ASO,ES,Federal Contract Tower,6,27,1,2,36,0,43,16,0,59,6,70,17,2,95,14,0,14,109
08/30/2014,STX,VI,ASO,ES,Federal Contract Tower,4,16,1,0,21,0,27,5,2,34,4,43,6,2,55,0,0,0,55
08/31/2014,STX,VI,ASO,ES,Federal Contract Tower,6,10,2,0,18,0,36,10,1,47,6,46,12,1,65,6,0,6,71
09/01/2014,STX,VI,ASO,ES,Federal Contract Tower,6,12,0,0,18,0,45,4,2,51,6,57,4,2,69,0,0,0,69
09/02/2014,STX,VI,ASO,ES,Federal Contract Tower,4,25,4,0,33,0,46,13,7,66,4,71,17,7,99,10,26,36,135
09/03/2014,STX,VI,ASO,ES,Federal Contract Tower,6,14,2,1,23,0,36,25,4,65,6,50,27,5,88,34,14,48,136
09/04/2014,STX,VI,ASO,ES,Federal Contract Tower,6,21,3,1,31,0,40,20,0,60,6,61,23,1,91,12,0,12,103
09/05/2014,STX,VI,ASO,ES,Federal Contract Tower,6,19,2,2,29,0,42,24,3,69,6,61,26,5,98,28,0,28,126
09/06/2014,STX,VI,ASO,ES,Federal Contract Tower,4,8,3,0,15,0,24,9,1,34,4,32,12,1,49,0,0,0,49
09/07/2014,STX,VI,ASO,ES,Federal Contract Tower,6,12,2,2,22,0,30,9,0,39,6,42,11,2,61,0,16,16,77
09/08/2014,STX,VI,ASO,ES,Federal Contract Tower,6,15,3,0,24,0,48,14,7,69,6,63,17,7,93,12,2,14,107
09/09/2014,STX,VI,ASO,ES,Federal Contract Tower,4,17,0,0,21,0,37,18,4,59,4,54,18,4,80,10,18,28,108
09/10/2014,STX,VI,ASO,ES,Federal Contract Tower,6,17,3,2,28,0,42,30,2,74,6,59,33,4,102,82,0,82,184
09/11/2014,STX,VI,ASO,ES,Federal Contract Tower,6,18,1,6,31,0,30,17,4,51,6,48,18,10,82,18,0,18,100
09/12/2014,STX,VI,ASO,ES,Federal Contract Tower,6,24,2,3,35,0,38,14,2,54,6,62,16,5,89,26,0,26,115
09/13/2014,STX,VI,ASO,ES,Federal Contract Tower,4,9,3,2,18,0,37,7,2,46,4,46,10,4,64,20,0,20,84
09/14/2014,STX,VI,ASO,ES,Federal Contract Tower,6,8,4,2,20,0,31,8,4,43,6,39,12,6,63,0,0,0,63
09/15/2014,STX,VI,ASO,ES,Federal Contract Tower,4,17,3,2,26,0,37,10,2,49,4,54,13,4,75,16,2,18,93
09/16/2014,STX,VI,ASO,ES,Federal Contract Tower,4,23,1,2,30,0,36,17,0,53,4,59,18,2,83,14,0,14,97
09/17/2014,STX,VI,ASO,ES,Federal Contract Tower,6,17,3,4,30,0,35,23,0,58,6,52,26,4,88,26,0,26,114
09/18/2014,STX,VI,ASO,ES,Federal Contract Tower,6,22,4,5,37,0,34,14,1,49,6,56,18,6,86,24,0,24,110
09/19/2014,STX,VI,ASO,ES,Federal Contract Tower,6,17,2,6,31,0,38,16,2,56,6,55,18,8,87,10,4,14,101
09/20/2014,STX,VI,ASO,ES,Federal Contract Tower,4,13,0,8,25,0,27,9,0,36,4,40,9,8,61,0,0,0,61
09/21/2014,STX,VI,ASO,ES,Federal Contract Tower,6,11,0,7,24,0,26,14,3,43,6,37,14,10,67,0,0,0,67
09/22/2014,STX,VI,ASO,ES,Federal Contract Tower,4,19,0,0,23,0,43,14,0,57,4,62,14,0,80,6,0,6,86
09/23/2014,STX,VI,ASO,ES,Federal Contract Tower,4,16,1,1,22,0,51,12,0,63,4,67,13,1,85,2,0,2,87
09/24/2014,STX,VI,ASO,ES,Federal Contract Tower,6,18,1,3,28,0,62,8,0,70,6,80,9,3,98,0,0,0,98
09/25/2014,STX,VI,ASO,ES,Federal Contract Tower,6,28,2,0,36,0,26,9,0,35,6,54,11,0,71,0,0,0,71
09/26/2014,STX,VI,ASO,ES,Federal Contract Tower,6,23,0,2,31,0,38,19,6,63,6,61,19,8,94,6,0,6,100
09/27/2014,STX,VI,ASO,ES,Federal Contract Tower,4,10,1,5,20,0,43,4,2,49,4,53,5,7,69,6,0,6,75
09/28/2014,STX,VI,ASO,ES,Federal Contract Tower,6,10,0,2,18,0,32,5,2,39,6,42,5,4,57,4,0,4,61
09/29/2014,STX,VI,ASO,ES,Federal Contract Tower,6,18,2,0,26,0,39,13,0,52,6,57,15,0,78,12,0,12,90
09/30/2014,STX,VI,ASO,ES,Federal Contract Tower,5,18,3,0,26,0,44,30,4,78,5,62,33,4,104,32,6,38,142
10/01/2014,STX,VI,ASO,ES,Federal Contract Tower,6,20,2,0,28,0,41,13,0,54,6,61,15,0,82,40,0,40,122
10/02/2014,STX,VI,ASO,ES,Federal Contract Tower,6,20,2,0,28,0,37,19,0,56,6,57,21,0,84,14,0,14,98
10/03/2014,STX,VI,ASO,ES,Federal Contract Tower,6,22,1,1,30,0,36,14,3,53,6,58,15,4,83,12,0,12,95
10/04/2014,STX,VI,ASO,ES,Federal Contract Tower,4,9,0,1,14,0,31,9,0,40,4,40,9,1,54,4,0,4,58
10/05/2014,STX,VI,ASO,ES,Federal Contract Tower,5,9,0,1,15,0,33,8,0,41,5,42,8,1,56,2,0,2,58
10/06/2014,STX,VI,ASO,ES,Federal Contract Tower,5,16,3,0,24,0,43,22,2,67,5,59,25,2,91,14,0,14,105
10/07/2014,STX,VI,ASO,ES,Federal Contract Tower,4,22,0,0,26,0,34,24,0,58,4,56,24,0,84,4,0,4,88
10/08/2014,STX,VI,ASO,ES,Federal Contract Tower,6,14,0,0,20,0,37,35,0,72,6,51,35,0,92,12,0,12,104
10/09/2014,STX,VI,ASO,ES,Federal Contract Tower,6,25,0,0,31,0,40,18,0,58,6,65,18,0,89,8,0,8,97
10/10/2014,STX,VI,ASO,ES,Federal Contract Tower,6,17,1,0,24,0,43,20,1,64,6,60,21,1,88,24,0,24,112
10/11/2014,STX,VI,ASO,ES,Federal Contract Tower,4,10,5,4,23,0,25,13,0,38,4,35,18,4,61,0,0,0,61
10/12/2014,STX,VI,ASO,ES,Federal Contract Tower,6,10,0,2,18,0,31,13,3,47,6,41,13,5,65,0,0,0,65
10/13/2014,STX,VI,ASO,ES,Federal Contract Tower,2,12,0,4,18,0,24,15,0,39,2,36,15,4,57,0,0,0,57
10/14/2014,STX,VI,ASO,ES,Federal Contract Tower,4,21,4,0,29,0,24,18,1,43,4,45,22,1,72,0,0,0,72
10/15/2014,STX,VI,ASO,ES,Federal Contract Tower,4,18,3,0,25,0,31,12,8,51,4,49,15,8,76,4,8,12,88
10/16/2014,STX,VI,ASO,ES,Federal Contract Tower,6,20,1,2,29,0,40,28,0,68,6,60,29,2,97,0,0,0,97
10/17/2014,STX,VI,ASO,ES,Federal Contract Tower,6,19,3,6,34,0,58,19,0,77,6,77,22,6,111,50,0,50,161
10/18/2014,STX,VI,ASO,ES,Federal Contract Tower,4,11,0,1,16,0,34,13,2,49,4,45,13,3,65,10,0,10,75
10/19/2014,STX,VI,ASO,ES,Federal Contract Tower,6,11,2,3,22,0,40,12,1,53,6,51,14,4,75,0,42,42,117
10/20/2014,STX,VI,ASO,ES,Federal Contract Tower,4,15,0,0,19,0,43,9,1,53,4,58,9,1,72,12,0,12,84
10/21/2014,STX,VI,ASO,ES,Federal Contract Tower,6,23,0,4,33,0,35,25,2,62,6,58,25,6,95,36,0,36,131
10/22/2014,STX,VI,ASO,ES,Federal Contract Tower,6,16,1,1,24,0,34,23,0,57,6,50,24,1,81,16,0,16,97
10/23/2014,STX,VI,ASO,ES,Federal Contract Tower,6,23,1,4,34,0,33,30,3,66,6,56,31,7,100,24,36,60,160
10/24/2014,STX,VI,ASO,ES,Federal Contract Tower,6,18,0,1,25,0,46,28,1,75,6,64,28,2,100,30,0,30,130
10/25/2014,STX,VI,ASO,ES,Federal Contract Tower,4,12,1,2,19,0,28,16,8,52,4,40,17,10,71,0,0,0,71
10/26/2014,STX,VI,ASO,ES,Federal Contract Tower,3,10,0,1,14,0,40,18,9,67,3,50,18,10,81,0,0,0,81
10/27/2014,STX,VI,ASO,ES,Federal Contract Tower,4,22,6,0,32,0,35,15,0,50,4,57,21,0,82,10,0,10,92
10/28/2014,STX,VI,ASO,ES,Federal Contract Tower,4,22,4,0,30,0,32,22,0,54,4,54,26,0,84,4,0,4,88
10/29/2014,STX,VI,ASO,ES,Federal Contract Tower,6,19,0,0,25,0,35,16,2,53,6,54,16,2,78,0,0,0,78
10/30/2014,STX,VI,ASO,ES,Federal Contract Tower,4,23,1,1,29,0,35,18,0,53,4,58,19,1,82,4,0,4,86
10/31/2014,STX,VI,ASO,ES,Federal Contract Tower,4,25,2,3,34,0,0,0,0,0,4,25,2,3,34,6,0,6,40
11/01/2014,STX,VI,ASO,ES,Federal Contract Tower,4,11,1,2,18,0,0,0,0,0,4,11,1,2,18,14,0,14,32
11/02/2014,STX,VI,ASO,ES,Federal Contract Tower,4,10,2,2,18,0,42,9,2,53,4,52,11,4,71,6,0,6,77
11/03/2014,STX,VI,ASO,ES,Federal Contract Tower,4,21,0,0,25,0,35,9,0,44,4,56,9,0,69,4,0,4,73
11/04/2014,STX,VI,ASO,ES,Federal Contract Tower,4,28,12,1,45,0,22,6,0,28,4,50,18,1,73,8,0,8,81
11/05/2014,STX,VI,ASO,ES,Federal Contract Tower,6,28,4,1,39,0,26,26,0,52,6,54,30,1,91,6,0,6,97
11/06/2014,STX,VI,ASO,ES,Federal Contract Tower,5,29,5,4,43,0,35,19,1,55,5,64,24,5,98,44,0,44,142
11/07/2014,STX,VI,ASO,ES,Federal Contract Tower,6,23,1,7,37,0,0,0,0,0,6,23,1,7,37,0,0,0,37
11/08/2014,STX,VI,ASO,ES,Federal Contract Tower,8,12,0,4,24,0,39,15,4,58,8,51,15,8,82,0,0,0,82
11/09/2014,STX,VI,ASO,ES,Federal Contract Tower,6,8,1,5,20,0,34,22,7,63,6,42,23,12,83,0,0,0,83
11/10/2014,STX,VI,ASO,ES,Federal Contract Tower,5,19,0,7,31,0,37,22,0,59,5,56,22,7,90,22,0,22,112
11/11/2014,STX,VI,ASO,ES,Federal Contract Tower,4,20,1,3,28,0,24,13,4,41,4,44,14,7,69,4,0,4,73
11/12/2014,STX,VI,ASO,ES,Federal Contract Tower,7,23,1,3,34,0,35,26,2,63,7,58,27,5,97,12,0,12,109
11/13/2014,STX,VI,ASO,ES,Federal Contract Tower,5,24,4,4,37,0,28,19,0,47,5,52,23,4,84,20,0,20,104
11/14/2014,STX,VI,ASO,ES,Federal Contract Tower,8,20,1,5,34,0,0,0,0,0,8,20,1,5,34,18,0,18,52
11/15/2014,STX,VI,ASO,ES,Federal Contract Tower,8,11,0,3,22,0,0,0,0,0,8,11,0,3,22,18,0,18,40
11/16/2014,STX,VI,ASO,ES,Federal Contract Tower,5,10,2,5,22,0,31,14,0,45,5,41,16,5,67,0,0,0,67
11/17/2014,STX,VI,ASO,ES,Federal Contract Tower,5,21,2,1,29,0,44,13,1,58,5,65,15,2,87,26,0,26,113
11/18/2014,STX,VI,ASO,ES,Federal Contract Tower,4,28,1,2,35,0,33,30,0,63,4,61,31,2,98,32,0,32,130
11/19/2014,STX,VI,ASO,ES,Federal Contract Tower,6,20,4,6,36,0,34,17,0,51,6,54,21,6,87,16,6,22,109
11/20/2014,STX,VI,ASO,ES,Federal Contract Tower,5,28,3,1,37,0,33,34,9,76,5,61,37,10,113,24,36,60,173
11/21/2014,STX,VI,ASO,ES,Federal Contract Tower,8,24,4,0,36,0,0,0,0,0,8,24,4,0,36,22,0,22,58
11/22/2014,STX,VI,ASO,ES,Federal Contract Tower,8,13,10,4,35,0,0,0,0,0,8,13,10,4,35,24,4,28,63
11/23/2014,STX,VI,ASO,ES,Federal Contract Tower,6,10,1,2,19,0,33,22,1,56,6,43,23,3,75,18,0,18,93
11/24/2014,STX,VI,ASO,ES,Federal Contract Tower,5,26,1,3,35,0,32,15,0,47,5,58,16,3,82,8,0,8,90
11/25/2014,STX,VI,ASO,ES,Federal Contract Tower,4,29,5,1,39,0,28,23,2,53,4,57,28,3,92,14,20,34,126
11/26/2014,STX,VI,ASO,ES,Federal Contract Tower,6,24,0,4,34,0,0,0,0,0,6,24,0,4,34,14,0,14,48
11/27/2014,STX,VI,ASO,ES,Federal Contract Tower,5,14,0,2,21,0,0,0,0,0,5,14,0,2,21,0,0,0,21
11/28/2014,STX,VI,ASO,ES,Federal Contract Tower,8,21,1,0,30,0,0,0,0,0,8,21,1,0,30,6,0,6,36
11/29/2014,STX,VI,ASO,ES,Federal Contract Tower,8,11,3,0,22,0,0,0,0,0,8,11,3,0,22,2,0,2,24
11/30/2014,STX,VI,ASO,ES,Federal Contract Tower,6,10,3,0,19,0,56,21,3,80,6,66,24,3,99,12,0,12,111
12/01/2014,STX,VI,ASO,ES,Federal Contract Tower,5,20,4,0,29,0,46,7,2,55,5,66,11,2,84,0,0,0,84
12/02/2014,STX,VI,ASO,ES,Federal Contract Tower,4,24,2,0,30,0,34,22,4,60,4,58,24,4,90,12,0,12,102
12/03/2014,STX,VI,ASO,ES,Federal Contract Tower,6,24,4,0,34,0,36,28,2,66,6,60,32,2,100,8,0,8,108
12/04/2014,STX,VI,ASO,ES,Federal Contract Tower,5,32,1,0,38,0,27,23,3,53,5,59,24,3,91,26,4,30,121
12/05/2014,STX,VI,ASO,ES,Federal Contract Tower,8,25,1,0,34,0,42,16,3,61,8,67,17,3,95,8,8,16,111
12/06/2014,STX,VI,ASO,ES,Federal Contract Tower,8,11,2,0,21,0,0,0,0,0,8,11,2,0,21,2,0,2,23
12/07/2014,STX,VI,ASO,ES,Federal Contract Tower,6,10,0,0,16,0,0,0,0,0,6,10,0,0,16,10,0,10,26
12/08/2014,STX,VI,ASO,ES,Federal Contract Tower,5,22,1,1,29,0,31,29,0,60,5,53,30,1,89,0,0,0,89
12/09/2014,STX,VI,ASO,ES,Federal Contract Tower,4,26,1,2,33,0,29,31,1,61,4,55,32,3,94,12,0,12,106
12/10/2014,STX,VI,ASO,ES,Federal Contract Tower,6,18,4,1,29,0,44,24,0,68,6,62,28,1,97,20,0,20,117
12/11/2014,STX,VI,ASO,ES,Federal Contract Tower,4,26,2,4,36,0,0,0,0,0,4,26,2,4,36,0,16,16,52
12/12/2014,STX,VI,ASO,ES,Federal Contract Tower,8,25,1,9,43,0,0,0,0,0,8,25,1,9,43,0,0,0,43
12/13/2014,STX,VI,ASO,ES,Federal Contract Tower,8,11,2,7,28,0,0,0,0,0,8,11,2,7,28,0,8,8,36
12/14/2014,STX,VI,ASO,ES,Federal Contract Tower,7,9,6,7,29,0,0,0,0,0,7,9,6,7,29,8,0,8,37
12/15/2014,STX,VI,ASO,ES,Federal Contract Tower,5,28,1,0,34,0,38,13,0,51,5,66,14,0,85,6,0,6,91
12/16/2014,STX,VI,ASO,ES,Federal Contract Tower,4,28,10,1,43,0,23,17,0,40,4,51,27,1,83,0,0,0,83
12/17/2014,STX,VI,ASO,ES,Federal Contract Tower,7,21,4,2,34,0,37,11,2,50,7,58,15,4,84,0,28,28,112
12/18/2014,STX,VI,ASO,ES,Federal Contract Tower,6,26,5,3,40,0,0,0,0,0,6,26,5,3,40,14,16,30,70
12/19/2014,STX,VI,ASO,ES,Federal Contract Tower,7,21,3,0,31,0,0,0,0,0,7,21,3,0,31,24,0,24,55
12/20/2014,STX,VI,ASO,ES,Federal Contract Tower,13,12,4,0,29,0,0,0,0,0,13,12,4,0,29,0,0,0,29
12/21/2014,STX,VI,ASO,ES,Federal Contract Tower,6,11,4,0,21,0,52,14,0,66,6,63,18,0,87,2,0,2,89
12/22/2014,STX,VI,ASO,ES,Federal Contract Tower,6,19,1,1,27,0,69,24,0,93,6,88,25,1,120,14,0,14,134
12/23/2014,STX,VI,ASO,ES,Federal Contract Tower,7,25,4,0,36,0,42,26,3,71,7,67,30,3,107,0,8,8,115
12/24/2014,STX,VI,ASO,ES,Federal Contract Tower,10,24,2,0,36,0,59,8,0,67,10,83,10,0,103,6,0,6,109
12/25/2014,STX,VI,ASO,ES,Federal Contract Tower,6,13,1,0,20,0,0,0,0,0,6,13,1,0,20,0,0,0,20
12/26/2014,STX,VI,ASO,ES,Federal Contract Tower,8,12,1,2,23,0,60,17,2,79,8,72,18,4,102,10,0,10,112
12/27/2014,STX,VI,ASO,ES,Federal Contract Tower,12,12,3,3,30,0,38,16,5,59,12,50,19,8,89,0,16,16,105
12/28/2014,STX,VI,ASO,ES,Federal Contract Tower,4,13,10,1,28,0,43,23,3,69,4,56,33,4,97,0,0,0,97
12/29/2014,STX,VI,ASO,ES,Federal Contract Tower,6,20,3,2,31,0,46,12,4,62,6,66,15,6,93,12,8,20,113
12/30/2014,STX,VI,ASO,ES,Federal Contract Tower,6,24,5,0,35,0,42,36,0,78,6,66,41,0,113,12,0,12,125
12/31/2014,STX,VI,ASO,ES,Federal Contract Tower,8,20,0,1,29,0,46,19,0,65,8,66,19,1,94,4,0,4,98
01/01/2015,STX,VI,ASO,ES,Federal Contract Tower,5,11,2,6,24,0,0,0,0,0,5,11,2,6,24,18,0,18,42
01/02/2015,STX,VI,ASO,ES,Federal Contract Tower,8,22,6,1,37,0,0,0,0,0,8,22,6,1,37,0,0,0,37
01/03/2015,STX,VI,ASO,ES,Federal Contract Tower,12,13,5,4,34,0,0,0,0,0,12,13,5,4,34,8,8,16,50
01/04/2015,STX,VI,ASO,ES,Federal Contract Tower,6,12,12,0,30,0,69,24,3,96,6,81,36,3,126,0,0,0,126
01/05/2015,STX,VI,ASO,ES,Federal Contract Tower,6,20,4,2,32,0,64,24,3,91,6,84,28,5,123,0,20,20,143
01/06/2015,STX,VI,ASO,ES,Federal Contract Tower,7,13,4,0,24,0,70,32,0,102,7,83,36,0,126,12,0,12,138
01/07/2015,STX,VI,ASO,ES,Federal Contract Tower,8,23,2,1,34,0,65,26,0,91,8,88,28,1,125,0,0,0,125
01/08/2015,STX,VI,ASO,ES,Federal Contract Tower,6,24,2,1,33,0,0,0,0,0,6,24,2,1,33,18,0,18,51
01/09/2015,STX,VI,ASO,ES,Federal Contract Tower,8,23,0,0,31,0,0,0,0,0,8,23,0,0,31,17,0,17,48
01/10/2015,STX,VI,ASO,ES,Federal Contract Tower,12,11,3,0,26,0,0,0,0,0,12,11,3,0,26,0,0,0,26
01/11/2015,STX,VI,ASO,ES,Federal Contract Tower,6,12,2,0,20,0,40,8,1,49,6,52,10,1,69,0,0,0,69
01/12/2015,STX,VI,ASO,ES,Federal Contract Tower,4,26,1,1,32,0,34,18,0,52,4,60,19,1,84,6,0,6,90
01/13/2015,STX,VI,ASO,ES,Federal Contract Tower,4,22,4,1,31,0,48,24,0,72,4,70,28,1,103,16,0,16,119
01/14/2015,STX,VI,ASO,ES,Federal Contract Tower,6,20,6,4,36,0,38,43,1,82,6,58,49,5,118,4,36,40,158
01/15/2015,STX,VI,ASO,ES,Federal Contract Tower,4,22,2,2,30,0,0,0,0,0,4,22,2,2,30,50,10,60,90
01/16/2015,STX,VI,ASO,ES,Federal Contract Tower,7,23,6,1,37,0,0,0,0,0,7,23,6,1,37,16,0,16,53
01/17/2015,STX,VI,ASO,ES,Federal Contract Tower,12,10,1,0,23,0,0,0,0,0,12,10,1,0,23,12,0,12,35
01/18/2015,STX,VI,ASO,ES,Federal Contract Tower,6,10,2,0,18,0,46,16,1,63,6,56,18,1,81,0,0,0,81
01/19/2015,STX,VI,ASO,ES,Federal Contract Tower,6,14,3,1,24,0,52,13,0,65,6,66,16,1,89,0,0,0,89
01/20/2015,STX,VI,ASO,ES,Federal Contract Tower,5,20,4,0,29,0,59,30,0,89,5,79,34,0,118,0,0,0,118
01/21/2015,STX,VI,ASO,ES,Federal Contract Tower,6,17,3,0,26,0,41,26,4,71,6,58,29,4,97,12,0,12,109
01/22/2015,STX,VI,ASO,ES,Federal Contract Tower,4,25,4,0,33,0,0,0,0,0,4,25,4,0,33,14,0,14,47
01/23/2015,STX,VI,ASO,ES,Federal Contract Tower,7,22,6,2,37,0,0,0,0,0,7,22,6,2,37,18,0,18,55
01/24/2015,STX,VI,ASO,ES,Federal Contract Tower,12,11,6,1,30,0,0,0,0,0,12,11,6,1,30,6,0,6,36
01/25/2015,STX,VI,ASO,ES,Federal Contract Tower,6,9,1,1,17,0,38,22,2,62,6,47,23,3,79,46,0,46,125
01/26/2015,STX,VI,ASO,ES,Federal Contract Tower,5,19,0,0,24,0,33,16,0,49,5,52,16,0,73,0,0,0,73
01/27/2015,STX,VI,ASO,ES,Federal Contract Tower,4,21,2,1,28,0,49,30,2,81,4,70,32,3,109,24,0,24,133
01/28/2015,STX,VI,ASO,ES,Federal Contract Tower,6,14,6,0,26,0,44,22,0,66,6,58,28,0,92,18,0,18,110
01/29/2015,STX,VI,ASO,ES,Federal Contract Tower,4,22,0,4,30,0,0,0,0,0,4,22,0,4,30,0,0,0,30
01/30/2015,STX,VI,ASO,ES,Federal Contract Tower,4,24,3,0,31,0,0,0,0,0,4,24,3,0,31,0,0,0,31
01/31/2015,STX,VI,ASO,ES,Federal Contract Tower,10,11,0,2,23,0,0,0,0,0,10,11,0,2,23,0,0,0,23
02/01/2015,STX,VI,ASO,ES,Federal Contract Tower,5,9,2,2,18,0,40,10,0,50,5,49,12,2,68,0,0,0,68
02/02/2015,STX,VI,ASO,ES,Federal Contract Tower,5,16,1,0,22,0,51,20,0,71,5,67,21,0,93,10,0,10,103
02/03/2015,STX,VI,ASO,ES,Federal Contract Tower,5,22,2,1,30,0,38,35,0,73,5,60,37,1,103,2,6,8,111
02/04/2015,STX,VI,ASO,ES,Federal Contract Tower,4,18,3,1,26,0,44,32,0,76,4,62,35,1,102,12,0,12,114
02/05/2015,STX,VI,ASO,ES,Federal Contract Tower,4,19,1,2,26,0,46,22,3,71,4,65,23,5,97,4,26,30,127
02/06/2015,STX,VI,ASO,ES,Federal Contract Tower,5,24,4,0,33,0,0,0,0,0,5,24,4,0,33,10,0,10,43
02/07/2015,STX,VI,ASO,ES,Federal Contract Tower,10,13,5,1,29,0,0,0,0,0,10,13,5,1,29,0,0,0,29
02/08/2015,STX,VI,ASO,ES,Federal Contract Tower,5,9,0,0,14,0,45,8,1,54,5,54,8,1,68,4,0,4,72
02/09/2015,STX,VI,ASO,ES,Federal Contract Tower,5,20,1,1,27,0,45,11,0,56,5,65,12,1,83,24,0,24,107
02/10/2015,STX,VI,ASO,ES,Federal Contract Tower,4,17,2,0,23,0,49,24,0,73,4,66,26,0,96,0,0,0,96
02/11/2015,STX,VI,ASO,ES,Federal Contract Tower,4,17,7,0,28,0,48,26,2,76,4,65,33,2,104,6,0,6,110
02/12/2015,STX,VI,ASO,ES,Federal Contract Tower,5,21,6,1,33,0,0,0,0,0,5,21,6,1,33,16,0,16,49
02/13/2015,STX,VI,ASO,ES,Federal Contract Tower,8,22,5,0,35,0,0,0,0,0,8,22,5,0,35,0,0,0,35
02/14/2015,STX,VI,ASO,ES,Federal Contract Tower,12,16,9,2,39,0,0,0,0,0,12,16,9,2,39,4,0,4,43
02/15/2015,STX,VI,ASO,ES,Federal Contract Tower,5,12,3,0,20,0,56,41,0,97,5,68,44,0,117,10,0,10,127
02/16/2015,STX,VI,ASO,ES,Federal Contract Tower,6,27,7,0,40,0,58,23,0,81,6,85,30,0,121,6,0,6,127
02/17/2015,STX,VI,ASO,ES,Federal Contract Tower,8,21,0,0,29,0,72,42,0,114,8,93,42,0,143,40,0,40,183
02/18/2015,STX,VI,ASO,ES,Federal Contract Tower,4,24,2,0,30,0,46,29,1,76,4,70,31,1,106,22,0,22,128
02/19/2015,STX,VI,ASO,ES,Federal Contract Tower,4,21,6,1,32,0,0,0,0,0,4,21,6,1,32,22,0,22,54
02/20/2015,STX,VI,ASO,ES,Federal Contract Tower,7,22,6,0,35,0,0,0,0,0,7,22,6,0,35,0,0,0,35
02/21/2015,STX,VI,ASO,ES,Federal Contract Tower,10,15,4,0,29,0,0,0,0,0,10,15,4,0,29,16,0,16,45
02/22/2015,STX,VI,ASO,ES,Federal Contract Tower,5,14,3,0,22,0,37,13,2,52,5,51,16,2,74,0,0,0,74
02/23/2015,STX,VI,ASO,ES,Federal Contract Tower,6,21,3,2,32,0,42,17,0,59,6,63,20,2,91,26,0,26,117
02/24/2015,STX,VI,ASO,ES,Federal Contract Tower,5,20,0,1,26,0,59,20,1,80,5,79,20,2,106,2,0,2,108
02/25/2015,STX,VI,ASO,ES,Federal Contract Tower,4,21,2,2,29,0,47,22,0,69,4,68,24,2,98,18,0,18,116
02/26/2015,STX,VI,ASO,ES,Federal Contract Tower,8,17,1,2,28,0,43,23,4,70,8,60,24,6,98,32,0,32,130
02/27/2015,STX,VI,ASO,ES,Federal Contract Tower,7,27,1,7,42,0,0,0,0,0,7,27,1,7,42,4,2,6,48
02/28/2015,STX,VI,ASO,ES,Federal Contract Tower,10,15,2,0,27,0,0,0,0,0,10,15,2,0,27,14,0,14,41
03/01/2015,STX,VI,ASO,ES,Federal Contract Tower,5,10,5,9,29,0,46,32,0,78,5,56,37,9,107,0,0,0,107
03/02/2015,STX,VI,ASO,ES,Federal Contract Tower,6,22,0,0,28,0,39,13,1,53,6,61,13,1,81,0,4,4,85
03/03/2015,STX,VI,ASO,ES,Federal Contract Tower,7,22,1,0,30,0,61,28,0,89,7,83,29,0,119,40,0,40,159
03/04/2015,STX,VI,ASO,ES,Federal Contract Tower,4,19,0,0,23,0,40,23,0,63,4,59,23,0,86,0,0,0,86
03/05/2015,STX,VI,ASO,ES,Federal Contract Tower,5,24,1,3,33,0,41,25,4,70,5,65,26,7,103,0,14,14,117
03/06/2015,STX,VI,ASO,ES,Federal Contract Tower,6,24,4,2,36,0,0,0,0,0,6,24,4,2,36,14,4,18,54
03/07/2015,STX,VI,ASO,ES,Federal Contract Tower,10,13,1,0,24,0,0,0,0,0,10,13,1,0,24,18,0,18,42
03/08/2015,STX,VI,ASO,ES,Federal Contract Tower,6,16,3,0,25,0,38,13,2,53,6,54,16,2,78,4,0,4,82
03/09/2015,STX,VI,ASO,ES,Federal Contract Tower,6,25,1,0,32,0,42,20,1,63,6,67,21,1,95,12,4,16,111
03/10/2015,STX,VI,ASO,ES,Federal Contract Tower,5,27,2,3,37,0,42,36,0,78,5,69,38,3,115,28,32,60,175
03/11/2015,STX,VI,ASO,ES,Federal Contract Tower,4,26,2,2,34,0,38,22,9,69,4,64,24,11,103,16,0,16,119
03/12/2015,STX,VI,ASO,ES,Federal Contract Tower,5,25,0,3,33,0,39,25,0,64,5,64,25,3,97,14,2,16,113
03/13/2015,STX,VI,ASO,ES,Federal Contract Tower,8,30,3,1,42,0,0,0,0,0,8,30,3,1,42,0,0,0,42
03/14/2015,STX,VI,ASO,ES,Federal Contract Tower,14,16,9,1,40,0,0,0,0,0,14,16,9,1,40,10,0,10,50
03/15/2015,STX,VI,ASO,ES,Federal Contract Tower,6,16,1,6,29,0,36,13,2,51,6,52,14,8,80,0,8,8,88
03/16/2015,STX,VI,ASO,ES,Federal Contract Tower,6,27,3,2,38,0,45,11,8,64,6,72,14,10,102,18,14,32,134
03/17/2015,STX,VI,ASO,ES,Federal Contract Tower,7,23,0,1,31,0,56,35,20,111,7,79,35,21,142,22,84,106,248
03/18/2015,STX,VI,ASO,ES,Federal Contract Tower,4,25,3,2,34,0,41,25,12,78,4,66,28,14,112,20,30,50,162
03/19/2015,STX,VI,ASO,ES,Federal Contract Tower,5,24,1,1,31,0,47,26,6,79,5,71,27,7,110,4,20,24,134
03/20/2015,STX,VI,ASO,ES,Federal Contract Tower,6,24,4,0,34,0,0,0,0,0,6,24,4,0,34,28,0,28,62
03/21/2015,STX,VI,ASO,ES,Federal Contract Tower,10,14,9,2,35,0,0,0,0,0,10,14,9,2,35,2,0,2,37
03/22/2015,STX,VI,ASO,ES,Federal Contract Tower,8,13,3,0,24,0,50,9,0,59,8,63,12,0,83,12,0,12,95
03/23/2015,STX,VI,ASO,ES,Federal Contract Tower,6,23,2,1,32,0,48,18,2,68,6,71,20,3,100,0,0,0,100
03/24/2015,STX,VI,ASO,ES,Federal Contract Tower,5,20,5,2,32,0,51,32,6,89,5,71,37,8,121,42,22,64,185
03/25/2015,STX,VI,ASO,ES,Federal Contract Tower,4,24,2,5,35,0,37,22,8,67,4,61,24,13,102,10,4,14,116
03/26/2015,STX,VI,ASO,ES,Federal Contract Tower,5,19,1,1,26,0,46,24,9,79,5,65,25,10,105,20,6,26,131
03/27/2015,STX,VI,ASO,ES,Federal Contract Tower,6,26,3,1,36,0,0,0,0,0,6,26,3,1,36,12,10,22,58
03/28/2015,STX,VI,ASO,ES,Federal Contract Tower,8,13,4,4,29,0,0,0,0,0,8,13,4,4,29,10,0,10,39
03/29/2015,STX,VI,ASO,ES,Federal Contract Tower,8,14,4,1,27,0,41,20,10,71,8,55,24,11,98,0,8,8,106
03/30/2015,STX,VI,ASO,ES,Federal Contract Tower,6,24,8,8,46,0,48,19,5,72,6,72,27,13,118,8,0,8,126
03/31/2015,STX,VI,ASO,ES,Federal Contract Tower,7,27,5,8,47,0,55,28,9,92,7,82,33,17,139,4,20,24,163
04/01/2015,STX,VI,ASO,ES,Federal Contract Tower,4,28,3,0,35,0,52,12,5,69,4,80,15,5,104,0,4,4,108
04/02/2015,STX,VI,ASO,ES,Federal Contract Tower,5,28,5,1,39,0,38,42,7,87,5,66,47,8,126,32,0,32,158
04/03/2015,STX,VI,ASO,ES,Federal Contract Tower,6,16,5,0,27,0,0,0,0,0,6,16,5,0,27,0,6,6,33
04/04/2015,STX,VI,ASO,ES,Federal Contract Tower,10,13,3,4,30,0,0,0,0,0,10,13,3,4,30,10,0,10,40
04/05/2015,STX,VI,ASO,ES,Federal Contract Tower,6,12,3,0,21,0,39,19,6,64,6,51,22,6,85,0,0,0,85
04/06/2015,STX,VI,ASO,ES,Federal Contract Tower,6,21,3,3,33,0,47,25,4,76,6,68,28,7,109,6,0,6,115
04/07/2015,STX,VI,ASO,ES,Federal Contract Tower,5,20,3,2,30,0,57,24,3,84,5,77,27,5,114,36,0,36,150
04/08/2015,STX,VI,ASO,ES,Federal Contract Tower,4,23,3,2,32,0,43,17,7,67,4,66,20,9,99,4,12,16,115
04/09/2015,STX,VI,ASO,ES,Federal Contract Tower,5,28,3,0,36,0,33,22,7,62,5,61,25,7,98,0,28,28,126
04/10/2015,STX,VI,ASO,ES,Federal Contract Tower,6,30,1,0,37,0,0,0,0,0,6,30,1,0,37,40,0,40,77
04/11/2015,STX,VI,ASO,ES,Federal Contract Tower,10,14,3,1,28,0,0,0,0,0,10,14,3,1,28,10,6,16,44
04/12/2015,STX,VI,ASO,ES,Federal Contract Tower,6,13,1,0,20,0,41,10,3,54,6,54,11,3,74,0,6,6,80
04/13/2015,STX,VI,ASO,ES,Federal Contract Tower,6,26,2,1,35,0,35,15,6,56,6,61,17,7,91,28,6,34,125
04/14/2015,STX,VI,ASO,ES,Federal Contract Tower,6,20,1,1,28,0,53,25,3,81,6,73,26,4,109,20,0,20,129
04/15/2015,STX,VI,ASO,ES,Federal Contract Tower,4,19,1,1,25,0,43,29,4,76,4,62,30,5,101,0,0,0,101
04/16/2015,STX,VI,ASO,ES,Federal Contract Tower,5,21,3,2,31,0,48,33,5,86,5,69,36,7,117,30,0,30,147
04/17/2015,STX,VI,ASO,ES,Federal Contract Tower,6,27,4,1,38,0,0,0,0,0,6,27,4,1,38,0,0,0,38
04/18/2015,STX,VI,ASO,ES,Federal Contract Tower,10,16,1,0,27,0,0,0,0,0,10,16,1,0,27,6,0,6,33
04/19/2015,STX,VI,ASO,ES,Federal Contract Tower,6,9,2,2,19,0,53,12,8,73,6,62,14,10,92,0,0,0,92
04/20/2015,STX,VI,ASO,ES,Federal Contract Tower,6,23,2,2,33,0,42,23,2,67,6,65,25,4,100,12,4,16,116
04/21/2015,STX,VI,ASO,ES,Federal Contract Tower,5,23,1,1,30,0,41,36,2,79,5,64,37,3,109,46,0,46,155
04/22/2015,STX,VI,ASO,ES,Federal Contract Tower,4,22,3,1,30,0,51,22,4,77,4,73,25,5,107,28,2,30,137
04/23/2015,STX,VI,ASO,ES,Federal Contract Tower,5,28,2,2,37,0,39,16,0,55,5,67,18,2,92,12,0,12,104
04/24/2015,STX,VI,ASO,ES,Federal Contract Tower,6,28,9,2,45,0,0,0,0,0,6,28,9,2,45,14,0,14,59
04/25/2015,STX,VI,ASO,ES,Federal Contract Tower,10,18,1,0,29,0,0,0,0,0,10,18,1,0,29,18,0,18,47
04/26/2015,STX,VI,ASO,ES,Federal Contract Tower,6,14,3,1,24,0,42,12,0,54,6,56,15,1,78,4,0,4,82
04/27/2015,STX,VI,ASO,ES,Federal Contract Tower,6,21,2,0,29,0,36,16,0,52,6,57,18,0,81,24,0,24,105
04/28/2015,STX,VI,ASO,ES,Federal Contract Tower,5,21,2,0,28,0,46,33,0,79,5,67,35,0,107,18,0,18,125
04/29/2015,STX,VI,ASO,ES,Federal Contract Tower,4,18,3,0,25,0,52,27,0,79,4,70,30,0,104,32,0,32,136
04/30/2015,STX,VI,ASO,ES,Federal Contract Tower,5,23,3,1,32,0,56,34,1,91,5,79,37,2,123,48,0,48,171
05/01/2015,STX,VI,ASO,ES,Federal Contract Tower,6,27,8,1,42,0,0,0,0,0,6,27,8,1,42,30,0,30,72
05/02/2015,STX,VI,ASO,ES,Federal Contract Tower,10,16,1,1,28,0,0,0,0,0,10,16,1,1,28,16,0,16,44
05/03/2015,STX,VI,ASO,ES,Federal Contract Tower,6,15,4,0,25,0,67,20,0,87,6,82,24,0,112,24,0,24,136
05/04/2015,STX,VI,ASO,ES,Federal Contract Tower,6,28,3,1,38,0,41,20,0,61,6,69,23,1,99,0,0,0,99
05/05/2015,STX,VI,ASO,ES,Federal Contract Tower,5,26,2,4,37,0,39,27,0,66,5,65,29,4,103,12,30,42,145
05/06/2015,STX,VI,ASO,ES,Federal Contract Tower,4,20,0,2,26,0,44,30,1,75,4,64,30,3,101,12,26,38,139
05/07/2015,STX,VI,ASO,ES,Federal Contract Tower,5,16,2,1,24,0,39,20,1,60,5,55,22,2,84,30,0,30,114
05/08/2015,STX,VI,ASO,ES,Federal Contract Tower,6,21,3,3,33,0,0,0,0,0,6,21,3,3,33,26,0,26,59
05/09/2015,STX,VI,ASO,ES,Federal Contract Tower,8,14,4,0,26,0,0,0,0,0,8,14,4,0,26,18,0,18,44
05/10/2015,STX,VI,ASO,ES,Federal Contract Tower,6,14,1,3,24,0,40,9,3,52,6,54,10,6,76,0,0,0,76
05/11/2015,STX,VI,ASO,ES,Federal Contract Tower,5,32,2,0,39,0,32,20,4,56,5,64,22,4,95,0,0,0,95
05/12/2015,STX,VI,ASO,ES,Federal Contract Tower,4,29,0,1,34,0,34,17,0,51,4,63,17,1,85,10,0,10,95
05/13/2015,STX,VI,ASO,ES,Federal Contract Tower,4,28,1,1,34,0,31,22,2,55,4,59,23,3,89,0,12,12,101
05/14/2015,STX,VI,ASO,ES,Federal Contract Tower,5,25,1,2,33,0,41,18,4,63,5,66,19,6,96,0,0,0,96
05/15/2015,STX,VI,ASO,ES,Federal Contract Tower,6,22,0,0,28,0,0,0,0,0,6,22,0,0,28,10,0,10,38
05/16/2015,STX,VI,ASO,ES,Federal Contract Tower,8,14,1,0,23,0,0,0,0,0,8,14,1,0,23,6,0,6,29
05/17/2015,STX,VI,ASO,ES,Federal Contract Tower,6,13,2,0,21,0,35,13,2,50,6,48,15,2,71,0,0,0,71
05/18/2015,STX,VI,ASO,ES,Federal Contract Tower,4,28,1,0,33,0,25,19,0,44,4,53,20,0,77,10,0,10,87
05/19/2015,STX,VI,ASO,ES,Federal Contract Tower,4,31,1,1,37,0,37,28,4,69,4,68,29,5,106,14,0,14,120
05/20/2015,STX,VI,ASO,ES,Federal Contract Tower,6,29,0,2,37,0,35,28,1,64,6,64,28,3,101,26,0,26,127
05/21/2015,STX,VI,ASO,ES,Federal Contract Tower,7,26,2,2,37,0,34,22,0,56,7,60,24,2,93,4,20,24,117
05/22/2015,STX,VI,ASO,ES,Federal Contract Tower,6,25,4,1,36,0,0,0,0,0,6,25,4,1,36,0,0,0,36
05/23/2015,STX,VI,ASO,ES,Federal Contract Tower,8,14,2,2,26,0,0,0,0,0,8,14,2,2,26,0,0,0,26
05/24/2015,STX,VI,ASO,ES,Federal Contract Tower,6,12,0,0,18,0,42,11,2,55,6,54,11,2,73,6,0,6,79
05/25/2015,STX,VI,ASO,ES,Federal Contract Tower,5,20,2,0,27,0,46,13,3,62,5,66,15,3,89,24,0,24,113
05/26/2015,STX,VI,ASO,ES,Federal Contract Tower,4,29,0,0,33,0,34,33,1,68,4,63,33,1,101,16,0,16,117
05/27/2015,STX,VI,ASO,ES,Federal Contract Tower,4,30,7,1,42,0,35,28,2,65,4,65,35,3,107,26,0,26,133
05/28/2015,STX,VI,ASO,ES,Federal Contract Tower,5,23,7,1,36,0,40,32,0,72,5,63,39,1,108,34,22,56,164
05/29/2015,STX,VI,ASO,ES,Federal Contract Tower,6,28,0,0,34,0,0,0,0,0,6,28,0,0,34,18,0,18,52
05/30/2015,STX,VI,ASO,ES,Federal Contract Tower,8,14,1,0,23,0,0,0,0,0,8,14,1,0,23,10,4,14,37
05/31/2015,STX,VI,ASO,ES,Federal Contract Tower,5,11,0,0,16,0,48,30,0,78,5,59,30,0,94,6,0,6,100
06/01/2015,STX,VI,ASO,ES,Federal Contract Tower,5,26,7,0,38,0,36,17,4,57,5,62,24,4,95,0,0,0,95
06/02/2015,STX,VI,ASO,ES,Federal Contract Tower,4,29,5,0,38,0,39,12,2,53,4,68,17,2,91,6,0,6,97
06/03/2015,STX,VI,ASO,ES,Federal Contract Tower,5,24,2,1,32,0,33,25,2,60,5,57,27,3,92,0,2,2,94
06/04/2015,STX,VI,ASO,ES,Federal Contract Tower,6,21,3,0,30,0,35,24,2,61,6,56,27,2,91,4,0,4,95
06/05/2015,STX,VI,ASO,ES,Federal Contract Tower,6,22,1,0,29,0,0,0,0,0,6,22,1,0,29,0,0,0,29
06/06/2015,STX,VI,ASO,ES,Federal Contract Tower,10,14,2,0,26,0,0,0,0,0,10,14,2,0,26,8,24,32,58
06/07/2015,STX,VI,ASO,ES,Federal Contract Tower,6,13,1,0,20,0,38,18,2,58,6,51,19,2,78,6,0,6,84
06/08/2015,STX,VI,ASO,ES,Federal Contract Tower,6,27,3,1,37,0,29,14,2,45,6,56,17,3,82,12,0,12,94
06/09/2015,STX,VI,ASO,ES,Federal Contract Tower,6,28,3,1,38,0,28,34,4,66,6,56,37,5,104,0,24,24,128
06/10/2015,STX,VI,ASO,ES,Federal Contract Tower,6,25,0,0,31,0,32,30,3,65,6,57,30,3,96,14,20,34,130
06/11/2015,STX,VI,ASO,ES,Federal Contract Tower,6,25,0,0,31,0,52,19,1,72,6,77,19,1,103,6,0,6,109
06/12/2015,STX,VI,ASO,ES,Federal Contract Tower,6,24,0,0,30,0,0,0,0,0,6,24,0,0,30,8,0,8,38
06/13/2015,STX,VI,ASO,ES,Federal Contract Tower,10,14,1,0,25,0,0,0,0,0,10,14,1,0,25,2,0,2,27
06/14/2015,STX,VI,ASO,ES,Federal Contract Tower,6,15,3,0,24,0,43,12,0,55,6,58,15,0,79,0,0,0,79
06/15/2015,STX,VI,ASO,ES,Federal Contract Tower,6,32,3,0,41,0,27,21,0,48,6,59,24,0,89,4,0,4,93
06/16/2015,STX,VI,ASO,ES,Federal Contract Tower,6,29,1,1,37,0,34,24,0,58,6,63,25,1,95,6,0,6,101
06/17/2015,STX,VI,ASO,ES,Federal Contract Tower,6,32,0,2,40,0,33,16,1,50,6,65,16,3,90,2,28,30,120
06/18/2015,STX,VI,ASO,ES,Federal Contract Tower,5,27,3,3,38,0,44,33,0,77,5,71,36,3,115,6,40,46,161
06/19/2015,STX,VI,ASO,ES,Federal Contract Tower,5,24,3,1,33,0,0,0,0,0,5,24,3,1,33,0,4,4,37
06/20/2015,STX,VI,ASO,ES,Federal Contract Tower,10,16,0,0,26,0,0,0,0,0,10,16,0,0,26,0,0,0,26
06/21/2015,STX,VI,ASO,ES,Federal Contract Tower,6,14,0,0,20,0,44,10,0,54,6,58,10,0,74,0,0,0,74
06/22/2015,STX,VI,ASO,ES,Federal Contract Tower,6,28,0,0,34,0,31,6,2,39,6,59,6,2,73,0,0,0,73
06/23/2015,STX,VI,ASO,ES,Federal Contract Tower,6,24,6,1,37,0,41,21,7,69,6,65,27,8,106,16,0,16,122
06/24/2015,STX,VI,ASO,ES,Federal Contract Tower,6,22,3,1,32,0,42,26,2,70,6,64,29,3,102,6,0,6,108
06/25/2015,STX,VI,ASO,ES,Federal Contract Tower,6,23,4,1,34,0,43,56,9,108,6,66,60,10,142,122,22,144,286
06/26/2015,STX,VI,ASO,ES,Federal Contract Tower,6,22,0,0,28,0,0,0,0,0,6,22,0,0,28,0,0,0,28
06/27/2015,STX,VI,ASO,ES,Federal Contract Tower,10,12,0,2,24,0,0,0,0,0,10,12,0,2,24,36,0,36,60
06/28/2015,STX,VI,ASO,ES,Federal Contract Tower,6,14,1,1,22,0,43,17,0,60,6,57,18,1,82,4,12,16,98
06/29/2015,STX,VI,ASO,ES,Federal Contract Tower,4,25,5,0,34,0,38,25,0,63,4,63,30,0,97,32,0,32,129
06/30/2015,STX,VI,ASO,ES,Federal Contract Tower,5,27,2,0,34,0,40,24,0,64,5,67,26,0,98,16,0,16,114
07/01/2015,STX,VI,ASO,ES,Federal Contract Tower,6,28,6,0,40,0,43,19,0,62,6,71,25,0,102,8,0,8,110
07/02/2015,STX,VI,ASO,ES,Federal Contract Tower,6,20,0,0,26,0,0,0,0,0,6,20,0,0,26,0,0,0,26
07/03/2015,STX,VI,ASO,ES,Federal Contract Tower,5,18,2,0,25,0,0,0,0,0,5,18,2,0,25,18,0,18,43
07/04/2015,STX,VI,ASO,ES,Federal Contract Tower,10,10,1,0,21,0,0,0,0,0,10,10,1,0,21,6,0,6,27
07/05/2015,STX,VI,ASO,ES,Federal Contract Tower,6,13,0,0,19,0,39,12,2,53,6,52,12,2,72,0,0,0,72
07/06/2015,STX,VI,ASO,ES,Federal Contract Tower,6,22,3,1,32,0,43,19,4,66,6,65,22,5,98,16,0,16,114
07/07/2015,STX,VI,ASO,ES,Federal Contract Tower,6,22,2,0,30,0,34,27,0,61,6,56,29,0,91,8,0,8,99
07/08/2015,STX,VI,ASO,ES,Federal Contract Tower,6,22,4,0,32,0,44,26,8,78,6,66,30,8,110,20,4,24,134
07/09/2015,STX,VI,ASO,ES,Federal Contract Tower,6,23,1,4,34,0,0,0,0,0,6,23,1,4,34,40,6,46,80
07/10/2015,STX,VI,ASO,ES,Federal Contract Tower,6,24,5,0,35,0,0,0,0,0,6,24,5,0,35,22,0,22,57
07/11/2015,STX,VI,ASO,ES,Federal Contract Tower,9,13,4,0,26,0,0,0,0,0,9,13,4,0,26,18,0,18,44
07/12/2015,STX,VI,ASO,ES,Federal Contract Tower,5,10,2,0,17,0,41,8,2,51,5,51,10,2,68,22,0,22,90
07/13/2015,STX,VI,ASO,ES,Federal Contract Tower,6,19,2,0,27,0,39,19,0,58,6,58,21,0,85,4,0,4,89
07/14/2015,STX,VI,ASO,ES,Federal Contract Tower,6,25,2,0,33,0,37,22,0,59,6,62,24,0,92,18,0,18,110
07/15/2015,STX,VI,ASO,ES,Federal Contract Tower,6,20,2,0,28,0,46,26,0,72,6,66,28,0,100,14,0,14,114
07/16/2015,STX,VI,ASO,ES,Federal Contract Tower,5,28,1,0,34,0,31,22,0,53,5,59,23,0,87,10,0,10,97
07/17/2015,STX,VI,ASO,ES,Federal Contract Tower,6,24,1,1,32,0,0,0,0,0,6,24,1,1,32,14,0,14,46
07/18/2015,STX,VI,ASO,ES,Federal Contract Tower,10,14,8,10,42,0,0,0,0,0,10,14,8,10,42,24,0,24,66
07/19/2015,STX,VI,ASO,ES,Federal Contract Tower,5,12,1,5,23,0,35,7,1,43,5,47,8,6,66,8,0,8,74
07/20/2015,STX,VI,ASO,ES,Federal Contract Tower,6,23,0,2,31,0,36,18,0,54,6,59,18,2,85,18,0,18,103
07/21/2015,STX,VI,ASO,ES,Federal Contract Tower,5,24,5,0,34,0,39,22,0,61,5,63,27,0,95,22,0,22,117
07/22/2015,STX,VI,ASO,ES,Federal Contract Tower,6,23,3,1,33,0,43,25,0,68,6,66,28,1,101,42,2,44,145
07/23/2015,STX,VI,ASO,ES,Federal Contract Tower,6,26,1,2,35,0,40,16,0,56,6,66,17,2,91,8,0,8,99
07/24/2015,STX,VI,ASO,ES,Federal Contract Tower,6,28,3,4,41,0,0,0,0,0,6,28,3,4,41,30,0,30,71
07/25/2015,STX,VI,ASO,ES,Federal Contract Tower,9,14,1,4,28,0,0,0,0,0,9,14,1,4,28,6,0,6,34
07/26/2015,STX,VI,ASO,ES,Federal Contract Tower,6,14,0,4,24,0,39,16,0,55,6,53,16,4,79,4,0,4,83
07/27/2015,STX,VI,ASO,ES,Federal Contract Tower,6,22,0,4,32,0,50,12,0,62,6,72,12,4,94,8,14,22,116
07/28/2015,STX,VI,ASO,ES,Federal Contract Tower,6,26,0,2,34,0,40,10,0,50,6,66,10,2,84,0,0,0,84
07/29/2015,STX,VI,ASO,ES,Federal Contract Tower,6,22,0,0,28,0,41,18,0,59,6,63,18,0,87,10,10,20,107
07/30/2015,STX,VI,ASO,ES,Federal Contract Tower,5,26,3,1,35,0,36,29,0,65,5,62,32,1,100,12,8,20,120
07/31/2015,STX,VI,ASO,ES,Federal Contract Tower,5,27,0,0,32,0,50,34,0,84,5,77,34,0,116,16,0,16,132
08/01/2015,STX,VI,ASO,ES,Federal Contract Tower,9,14,3,3,29,0,31,35,2,68,9,45,38,5,97,20,0,20,117
08/02/2015,STX,VI,ASO,ES,Federal Contract Tower,6,12,1,4,23,0,44,16,0,60,6,56,17,4,83,38,0,38,121
08/03/2015,STX,VI,ASO,ES,Federal Contract Tower,6,24,0,3,33,0,34,19,0,53,6,58,19,3,86,6,0,6,92
08/04/2015,STX,VI,ASO,ES,Federal Contract Tower,6,22,3,0,31,0,38,19,0,57,6,60,22,0,88,4,0,4,92
08/05/2015,STX,VI,ASO,ES,Federal Contract Tower,6,29,1,0,36,0,42,17,0,59,6,71,18,0,95,20,0,20,115
08/06/2015,STX,VI,ASO,ES,Federal Contract Tower,6,27,2,0,35,0,45,24,0,69,6,72,26,0,104,22,0,22,126
08/07/2015,STX,VI,ASO,ES,Federal Contract Tower,6,23,0,0,29,0,54,17,0,71,6,77,17,0,100,8,0,8,108
08/08/2015,STX,VI,ASO,ES,Federal Contract Tower,9,15,3,0,27,0,37,4,0,41,9,52,7,0,68,8,0,8,76
08/09/2015,STX,VI,ASO,ES,Federal Contract Tower,7,15,1,0,23,0,43,10,0,53,7,58,11,0,76,2,0,2,78
08/10/2015,STX,VI,ASO,ES,Federal Contract Tower,5,22,3,1,31,0,44,7,0,51,5,66,10,1,82,4,0,4,86
08/11/2015,STX,VI,ASO,ES,Federal Contract Tower,5,20,0,0,25,0,42,21,0,63,5,62,21,0,88,18,0,18,106
08/12/2015,STX,VI,ASO,ES,Federal Contract Tower,6,21,2,0,29,0,46,24,0,70,6,67,26,0,99,2,0,2,101
08/13/2015,STX,VI,ASO,ES,Federal Contract Tower,6,28,1,0,35,0,42,14,0,56,6,70,15,0,91,6,0,6,97
08/14/2015,STX,VI,ASO,ES,Federal Contract Tower,5,26,1,0,32,0,56,16,0,72,5,82,17,0,104,10,0,10,114
08/15/2015,STX,VI,ASO,ES,Federal Contract Tower,10,18,2,0,30,0,31,7,0,38,10,49,9,0,68,0,0,0,68
08/16/2015,STX,VI,ASO,ES,Federal Contract Tower,5,14,0,0,19,0,50,7,0,57,5,64,7,0,76,4,0,4,80
08/17/2015,STX,VI,ASO,ES,Federal Contract Tower,5,23,0,0,28,0,48,11,4,63,5,71,11,4,91,6,0,6,97
08/18/2015,STX,VI,ASO,ES,Federal Contract Tower,4,25,0,0,29,0,46,16,0,62,4,71,16,0,91,10,0,10,101
08/19/2015,STX,VI,ASO,ES,Federal Contract Tower,4,20,1,0,25,0,52,22,0,74,4,72,23,0,99,8,0,8,107
08/20/2015,STX,VI,ASO,ES,Federal Contract Tower,4,25,6,0,35,0,40,25,0,65,4,65,31,0,100,0,0,0,100
08/21/2015,STX,VI,ASO,ES,Federal Contract Tower,4,32,1,3,40,0,51,28,0,79,4,83,29,3,119,4,0,4,123
08/22/2015,STX,VI,ASO,ES,Federal Contract Tower,4,12,3,2,21,0,42,13,0,55,4,54,16,2,76,10,0,10,86
08/23/2015,STX,VI,ASO,ES,Federal Contract Tower,4,13,2,2,21,0,35,3,0,38,4,48,5,2,59,0,0,0,59
08/24/2015,STX,VI,ASO,ES,Federal Contract Tower,4,24,1,2,31,0,28,9,0,37,4,52,10,2,68,0,0,0,68
08/25/2015,STX,VI,ASO,ES,Federal Contract Tower,4,28,4,2,38,0,26,7,0,33,4,54,11,2,71,0,0,0,71
08/26/2015,STX,VI,ASO,ES,Federal Contract Tower,4,20,2,2,28,0,45,20,1,66,4,65,22,3,94,0,0,0,94
08/27/2015,STX,VI,ASO,ES,Federal Contract Tower,0,5,0,2,7,0,0,0,0,0,0,5,0,2,7,0,0,0,7
08/28/2015,STX,VI,ASO,ES,Federal Contract Tower,4,14,1,1,20,0,20,14,0,34,4,34,15,1,54,0,0,0,54
08/29/2015,STX,VI,ASO,ES,Federal Contract Tower,4,20,2,0,26,0,44,16,0,60,4,64,18,0,86,0,0,0,86
08/30/2015,STX,VI,ASO,ES,Federal Contract Tower,4,12,0,1,17,0,46,7,2,55,4,58,7,3,72,6,0,6,78
08/31/2015,STX,VI,ASO,ES,Federal Contract Tower,4,28,2,0,34,0,39,13,0,52,4,67,15,0,86,16,0,16,102
09/01/2015,STX,VI,ASO,ES,Federal Contract Tower,6,25,2,0,33,0,38,32,0,70,6,63,34,0,103,12,0,12,115
09/02/2015,STX,VI,ASO,ES,Federal Contract Tower,4,20,3,0,27,0,39,34,0,73,4,59,37,0,100,16,0,16,116
09/03/2015,STX,VI,ASO,ES,Federal Contract Tower,4,19,0,0,23,0,38,16,0,54,4,57,16,0,77,12,0,12,89
09/04/2015,STX,VI,ASO,ES,Federal Contract Tower,4,25,0,0,29,0,57,17,0,74,4,82,17,0,103,10,0,10,113
09/05/2015,STX,VI,ASO,ES,Federal Contract Tower,4,14,2,0,20,0,42,6,2,50,4,56,8,2,70,0,6,6,76
09/06/2015,STX,VI,ASO,ES,Federal Contract Tower,4,11,1,0,16,0,44,11,0,55,4,55,12,0,71,0,0,0,71
09/07/2015,STX,VI,ASO,ES,Federal Contract Tower,4,15,2,1,22,0,34,2,1,37,4,49,4,2,59,8,0,8,67
09/08/2015,STX,VI,ASO,ES,Federal Contract Tower,4,18,2,0,24,0,39,25,2,66,4,57,27,2,90,0,0,0,90
09/09/2015,STX,VI,ASO,ES,Federal Contract Tower,4,16,0,0,20,0,48,17,0,65,4,64,17,0,85,0,0,0,85
09/10/2015,STX,VI,ASO,ES,Federal Contract Tower,4,19,2,1,26,0,44,19,3,66,4,63,21,4,92,0,0,0,92
09/11/2015,STX,VI,ASO,ES,Federal Contract Tower,4,21,1,0,26,0,60,18,0,78,4,81,19,0,104,0,0,0,104
09/12/2015,STX,VI,ASO,ES,Federal Contract Tower,4,15,1,0,20,0,35,8,0,43,4,50,9,0,63,8,0,8,71
09/13/2015,STX,VI,ASO,ES,Federal Contract Tower,4,12,2,0,18,0,42,12,6,60,4,54,14,6,78,0,0,0,78
09/14/2015,STX,VI,ASO,ES,Federal Contract Tower,4,19,0,1,24,0,35,24,1,60,4,54,24,2,84,12,0,12,96
09/15/2015,STX,VI,ASO,ES,Federal Contract Tower,6,22,0,0,28,0,38,16,0,54,6,60,16,0,82,8,0,8,90
09/16/2015,STX,VI,ASO,ES,Federal Contract Tower,4,22,6,0,32,0,38,27,2,67,4,60,33,2,99,20,0,20,119
09/17/2015,STX,VI,ASO,ES,Federal Contract Tower,4,21,0,0,25,0,37,25,1,63,4,58,25,1,88,8,0,8,96
09/18/2015,STX,VI,ASO,ES,Federal Contract Tower,4,29,1,1,35,0,48,17,7,72,4,77,18,8,107,10,0,10,117
09/19/2015,STX,VI,ASO,ES,Federal Contract Tower,4,13,0,1,18,0,39,10,0,49,4,52,10,1,67,14,0,14,81
09/20/2015,STX,VI,ASO,ES,Federal Contract Tower,4,10,1,0,15,0,34,8,0,42,4,44,9,0,57,0,0,0,57
09/21/2015,STX,VI,ASO,ES,Federal Contract Tower,4,21,0,0,25,0,34,11,0,45,4,55,11,0,70,4,0,4,74
09/22/2015,STX,VI,ASO,ES,Federal Contract Tower,4,20,5,3,32,0,42,22,3,67,4,62,27,6,99,4,30,34,133
09/23/2015,STX,VI,ASO,ES,Federal Contract Tower,4,23,2,2,31,0,45,23,0,68,4,68,25,2,99,14,28,42,141
09/24/2015,STX,VI,ASO,ES,Federal Contract Tower,4,23,5,1,33,0,50,19,1,70,4,73,24,2,103,14,54,68,171
09/25/2015,STX,VI,ASO,ES,Federal Contract Tower,4,23,4,2,33,0,48,21,2,71,4,71,25,4,104,6,2,8,112
09/26/2015,STX,VI,ASO,ES,Federal Contract Tower,3,12,1,1,17,0,36,10,2,48,3,48,11,3,65,12,0,12,77
09/27/2015,STX,VI,ASO,ES,Federal Contract Tower,5,9,6,0,20,0,39,8,3,50,5,48,14,3,70,10,0,10,80
09/28/2015,STX,VI,ASO,ES,Federal Contract Tower,4,18,3,2,27,0,36,6,1,43,4,54,9,3,70,12,0,12,82
09/29/2015,STX,VI,ASO,ES,Federal Contract Tower,4,18,1,1,24,0,38,18,1,57,4,56,19,2,81,12,0,12,93
09/30/2015,STX,VI,ASO,ES,Federal Contract Tower,4,19,6,2,31,0,49,24,3,76,4,68,30,5,107,6,16,22,129
10/01/2015,STX,VI,ASO,ES,Federal Contract Tower,4,21,1,3,29,0,42,20,2,64,4,63,21,5,93,6,0,6,99
10/02/2015,STX,VI,ASO,ES,Federal Contract Tower,4,29,0,1,34,0,48,28,0,76,4,77,28,1,110,18,0,18,128
10/03/2015,STX,VI,ASO,ES,Federal Contract Tower,4,13,0,0,17,0,42,2,0,44,4,55,2,0,61,30,0,30,91
10/04/2015,STX,VI,ASO,ES,Federal Contract Tower,4,13,2,0,19,0,41,10,2,53,4,54,12,2,72,12,0,12,84
10/05/2015,STX,VI,ASO,ES,Federal Contract Tower,4,24,1,0,29,0,43,9,0,52,4,67,10,0,81,0,0,0,81
10/06/2015,STX,VI,ASO,ES,Federal Contract Tower,4,20,1,0,25,0,35,18,0,53,4,55,19,0,78,14,0,14,92
10/07/2015,STX,VI,ASO,ES,Federal Contract Tower,0,4,22,0,26,0,42,14,0,56,0,46,36,0,82,0,0,0,82
10/08/2015,STX,VI,ASO,ES,Federal Contract Tower,6,23,5,0,34,0,29,11,0,40,6,52,16,0,74,8,0,8,82
10/09/2015,STX,VI,ASO,ES,Federal Contract Tower,4,25,2,0,31,0,46,12,0,58,4,71,14,0,89,10,0,10,99
10/10/2015,STX,VI,ASO,ES,Federal Contract Tower,5,15,3,0,23,0,38,2,2,42,5,53,5,2,65,10,0,10,75
10/11/2015,STX,VI,ASO,ES,Federal Contract Tower,6,11,1,0,18,0,41,7,1,49,6,52,8,1,67,0,0,0,67
10/12/2015,STX,VI,ASO,ES,Federal Contract Tower,5,13,1,0,19,0,38,19,0,57,5,51,20,0,76,22,0,22,98
10/13/2015,STX,VI,ASO,ES,Federal Contract Tower,4,22,1,0,27,0,39,26,0,65,4,61,27,0,92,10,0,10,102
10/14/2015,STX,VI,ASO,ES,Federal Contract Tower,4,22,3,0,29,0,0,0,0,0,4,22,3,0,29,18,0,18,47
10/15/2015,STX,VI,ASO,ES,Federal Contract Tower,4,23,2,2,31,0,40,23,3,66,4,63,25,5,97,22,26,48,145
10/16/2015,STX,VI,ASO,ES,Federal Contract Tower,4,26,8,0,38,0,61,18,1,80,4,87,26,1,118,10,0,10,128
10/17/2015,STX,VI,ASO,ES,Federal Contract Tower,5,10,0,0,15,0,39,18,0,57,5,49,18,0,72,36,0,36,108
10/18/2015,STX,VI,ASO,ES,Federal Contract Tower,6,11,5,0,22,0,52,13,2,67,6,63,18,2,89,16,0,16,105
10/19/2015,STX,VI,ASO,ES,Federal Contract Tower,5,25,0,0,30,0,39,10,0,49,5,64,10,0,79,0,0,0,79
10/20/2015,STX,VI,ASO,ES,Federal Contract Tower,4,26,4,1,35,0,36,20,2,58,4,62,24,3,93,0,0,0,93
10/21/2015,STX,VI,ASO,ES,Federal Contract Tower,4,21,3,1,29,0,37,20,0,57,4,58,23,1,86,14,0,14,100
10/22/2015,STX,VI,ASO,ES,Federal Contract Tower,4,21,2,2,29,0,37,16,2,55,4,58,18,4,84,0,28,28,112
10/23/2015,STX,VI,ASO,ES,Federal Contract Tower,4,22,2,1,29,0,44,17,0,61,4,66,19,1,90,2,0,2,92
10/24/2015,STX,VI,ASO,ES,Federal Contract Tower,5,11,3,0,19,0,29,18,4,51,5,40,21,4,70,8,0,8,78
10/25/2015,STX,VI,ASO,ES,Federal Contract Tower,5,11,5,1,22,0,36,4,5,45,5,47,9,6,67,0,0,0,67
10/26/2015,STX,VI,ASO,ES,Federal Contract Tower,5,33,3,0,41,0,29,11,0,40,5,62,14,0,81,0,0,0,81
10/27/2015,STX,VI,ASO,ES,Federal Contract Tower,4,26,3,0,33,0,23,15,0,38,4,49,18,0,71,0,0,0,71
10/28/2015,STX,VI,ASO,ES,Federal Contract Tower,4,26,0,1,31,0,34,22,5,61,4,60,22,6,92,0,14,14,106
10/29/2015,STX,VI,ASO,ES,Federal Contract Tower,4,24,1,0,29,0,29,15,1,45,4,53,16,1,74,0,0,0,74
10/30/2015,STX,VI,ASO,ES,Federal Contract Tower,4,21,0,0,25,0,55,8,2,65,4,76,8,2,90,0,2,2,92
10/31/2015,STX,VI,ASO,ES,Federal Contract Tower,5,13,0,0,18,0,31,11,2,44,5,44,11,2,62,8,0,8,70
11/01/2015,STX,VI,ASO,ES,Federal Contract Tower,5,14,0,0,19,0,46,13,1,60,5,60,13,1,79,19,0,19,98
11/02/2015,STX,VI,ASO,ES,Federal Contract Tower,5,25,0,0,30,0,36,20,0,56,5,61,20,0,86,0,0,0,86
11/03/2015,STX,VI,ASO,ES,Federal Contract Tower,4,26,3,6,39,0,31,13,0,44,4,57,16,6,83,0,20,20,103
11/04/2015,STX,VI,ASO,ES,Federal Contract Tower,4,20,2,4,30,0,33,9,1,43,4,53,11,5,73,0,30,30,103
11/05/2015,STX,VI,ASO,ES,Federal Contract Tower,4,22,3,0,29,0,40,20,0,60,4,62,23,0,89,8,0,8,97
11/06/2015,STX,VI,ASO,ES,Federal Contract Tower,6,28,0,2,36,0,45,11,5,61,6,73,11,7,97,8,0,8,105
11/07/2015,STX,VI,ASO,ES,Federal Contract Tower,4,14,0,1,19,0,27,17,0,44,4,41,17,1,63,0,0,0,63
11/08/2015,STX,VI,ASO,ES,Federal Contract Tower,6,14,1,2,23,0,33,12,3,48,6,47,13,5,71,0,0,0,71
11/09/2015,STX,VI,ASO,ES,Federal Contract Tower,5,22,0,1,28,0,36,13,3,52,5,58,13,4,80,2,4,6,86
11/10/2015,STX,VI,ASO,ES,Federal Contract Tower,4,26,8,3,41,0,38,18,0,56,4,64,26,3,97,2,0,2,99
11/11/2015,STX,VI,ASO,ES,Federal Contract Tower,4,16,3,1,24,0,36,21,1,58,4,52,24,2,82,22,2,24,106
11/12/2015,STX,VI,ASO,ES,Federal Contract Tower,4,23,2,6,35,0,31,23,1,55,4,54,25,7,90,8,24,32,122
11/13/2015,STX,VI,ASO,ES,Federal Contract Tower,6,28,1,0,35,0,49,14,0,63,6,77,15,0,98,4,0,4,102
11/14/2015,STX,VI,ASO,ES,Federal Contract Tower,5,15,1,0,21,0,34,21,2,57,5,49,22,2,78,22,12,34,112
11/15/2015,STX,VI,ASO,ES,Federal Contract Tower,6,15,3,0,24,0,37,12,0,49,6,52,15,0,73,12,0,12,85
11/16/2015,STX,VI,ASO,ES,Federal Contract Tower,5,27,2,0,34,0,35,44,1,80,5,62,46,1,114,6,0,6,120
11/17/2015,STX,VI,ASO,ES,Federal Contract Tower,4,22,3,0,29,0,32,27,2,61,4,54,30,2,90,10,0,10,100
11/18/2015,STX,VI,ASO,ES,Federal Contract Tower,4,22,2,1,29,0,33,25,2,60,4,55,27,3,89,24,0,24,113
11/19/2015,STX,VI,ASO,ES,Federal Contract Tower,4,23,3,0,30,0,32,33,2,67,4,55,36,2,97,18,0,18,115
11/20/2015,STX,VI,ASO,ES,Federal Contract Tower,6,26,2,1,35,0,49,27,3,79,6,75,29,4,114,0,0,0,114
11/21/2015,STX,VI,ASO,ES,Federal Contract Tower,4,15,1,0,20,0,36,36,4,76,4,51,37,4,96,24,0,24,120
11/22/2015,STX,VI,ASO,ES,Federal Contract Tower,6,13,3,0,22,0,33,10,2,45,6,46,13,2,67,0,0,0,67
11/23/2015,STX,VI,ASO,ES,Federal Contract Tower,5,24,7,0,36,0,27,22,0,49,5,51,29,0,85,8,0,8,93
11/24/2015,STX,VI,ASO,ES,Federal Contract Tower,4,22,2,1,29,0,41,22,3,66,4,63,24,4,95,2,14,16,111
11/25/2015,STX,VI,ASO,ES,Federal Contract Tower,4,25,2,0,31,0,50,29,0,79,4,75,31,0,110,6,0,6,116
11/26/2015,STX,VI,ASO,ES,Federal Contract Tower,4,14,0,0,18,0,32,3,0,35,4,46,3,0,53,0,0,0,53
11/27/2015,STX,VI,ASO,ES,Federal Contract Tower,6,22,0,0,28,0,37,11,0,48,6,59,11,0,76,2,0,2,78
11/28/2015,STX,VI,ASO,ES,Federal Contract Tower,5,21,5,0,31,0,18,13,0,31,5,39,18,0,62,8,0,8,70
11/29/2015,STX,VI,ASO,ES,Federal Contract Tower,6,18,2,1,27,0,38,18,2,58,6,56,20,3,85,18,0,18,103
11/30/2015,STX,VI,ASO,ES,Federal Contract Tower,5,25,3,5,38,0,38,18,2,58,5,63,21,7,96,2,0,2,98
12/01/2015,STX,VI,ASO,ES,Federal Contract Tower,4,32,4,0,40,0,23,20,0,43,4,55,24,0,83,0,0,0,83
12/02/2015,STX,VI,ASO,ES,Federal Contract Tower,4,26,2,2,34,0,42,15,0,57,4,68,17,2,91,14,0,14,105
12/03/2015,STX,VI,ASO,ES,Federal Contract Tower,4,22,4,0,30,0,41,25,0,66,4,63,29,0,96,0,2,2,98
12/04/2015,STX,VI,ASO,ES,Federal Contract Tower,4,28,3,1,36,0,49,24,1,74,4,77,27,2,110,12,0,12,122
12/05/2015,STX,VI,ASO,ES,Federal Contract Tower,7,23,3,1,34,0,29,13,0,42,7,52,16,1,76,0,0,0,76
12/06/2015,STX,VI,ASO,ES,Federal Contract Tower,6,21,2,2,31,0,32,12,1,45,6,53,14,3,76,2,0,2,78
12/07/2015,STX,VI,ASO,ES,Federal Contract Tower,5,32,5,0,42,0,32,19,0,51,5,64,24,0,93,4,0,4,97
12/08/2015,STX,VI,ASO,ES,Federal Contract Tower,4,26,3,0,33,0,42,17,0,59,4,68,20,0,92,2,0,2,94
12/09/2015,STX,VI,ASO,ES,Federal Contract Tower,4,26,4,0,34,0,39,11,0,50,4,65,15,0,84,20,4,24,108
12/10/2015,STX,VI,ASO,ES,Federal Contract Tower,4,20,2,1,27,0,33,21,0,54,4,53,23,1,81,2,0,2,83
12/11/2015,STX,VI,ASO,ES,Federal Contract Tower,6,28,2,0,36,0,46,24,0,70,6,74,26,0,106,8,0,8,114
12/12/2015,STX,VI,ASO,ES,Federal Contract Tower,5,14,6,0,25,0,35,20,0,55,5,49,26,0,80,10,0,10,90
12/13/2015,STX,VI,ASO,ES,Federal Contract Tower,6,13,0,0,19,0,41,10,2,53,6,54,10,2,72,0,0,0,72
12/14/2015,STX,VI,ASO,ES,Federal Contract Tower,5,26,1,0,32,0,38,28,4,70,5,64,29,4,102,6,0,6,108
12/15/2015,STX,VI,ASO,ES,Federal Contract Tower,4,29,2,2,37,0,42,32,3,77,4,71,34,5,114,14,0,14,128
12/16/2015,STX,VI,ASO,ES,Federal Contract Tower,4,23,5,1,33,0,37,22,0,59,4,60,27,1,92,14,0,14,106
12/17/2015,STX,VI,ASO,ES,Federal Contract Tower,4,26,9,3,42,0,46,24,5,75,4,72,33,8,117,4,8,12,129
12/18/2015,STX,VI,ASO,ES,Federal Contract Tower,7,22,2,1,32,0,59,24,0,83,7,81,26,1,115,0,0,0,115
12/19/2015,STX,VI,ASO,ES,Federal Contract Tower,10,15,1,0,26,0,30,15,0,45,10,45,16,0,71,8,0,8,79
12/20/2015,STX,VI,ASO,ES,Federal Contract Tower,6,21,8,0,35,0,27,9,0,36,6,48,17,0,71,0,0,0,71
12/21/2015,STX,VI,ASO,ES,Federal Contract Tower,6,37,3,0,46,0,39,19,0,58,6,76,22,0,104,6,0,6,110
12/22/2015,STX,VI,ASO,ES,Federal Contract Tower,5,27,7,4,43,0,49,14,3,66,5,76,21,7,109,24,16,40,149
12/23/2015,STX,VI,ASO,ES,Federal Contract Tower,7,28,1,1,37,0,44,22,0,66,7,72,23,1,103,14,0,14,117
12/24/2015,STX,VI,ASO,ES,Federal Contract Tower,5,20,5,0,30,0,54,15,0,69,5,74,20,0,99,0,0,0,99
12/25/2015,STX,VI,ASO,ES,Federal Contract Tower,7,19,1,0,27,0,37,12,0,49,7,56,13,0,76,2,0,2,78
12/26/2015,STX,VI,ASO,ES,Federal Contract Tower,9,15,4,3,31,0,35,26,0,61,9,50,30,3,92,6,0,6,98
12/27/2015,STX,VI,ASO,ES,Federal Contract Tower,4,13,7,1,25,0,31,23,6,60,4,44,30,7,85,0,10,10,95
12/28/2015,STX,VI,ASO,ES,Federal Contract Tower,5,27,10,0,42,0,38,17,2,57,5,65,27,2,99,0,0,0,99
12/29/2015,STX,VI,ASO,ES,Federal Contract Tower,5,30,1,0,36,0,35,20,0,55,5,65,21,0,91,0,0,0,91
12/30/2015,STX,VI,ASO,ES,Federal Contract Tower,7,25,1,0,33,0,42,19,2,63,7,67,20,2,96,6,0,6,102
12/31/2015,STX,VI,ASO,ES,Federal Contract Tower,5,20,1,0,26,0,42,8,1,51,5,62,9,1,77,0,0,0,77
01/01/2016,STX,VI,ASO,ES,Federal Contract Tower,8,16,1,0,25,0,38,4,0,42,8,54,5,0,67,0,0,0,67
01/02/2016,STX,VI,ASO,ES,Federal Contract Tower,9,11,3,5,28,0,33,13,3,49,9,44,16,8,77,0,12,12,89
01/03/2016,STX,VI,ASO,ES,Federal Contract Tower,5,17,5,1,28,0,47,37,1,85,5,64,42,2,113,0,0,0,113
01/04/2016,STX,VI,ASO,ES,Federal Contract Tower,5,29,3,0,37,0,42,20,0,62,5,71,23,0,99,0,0,0,99
01/05/2016,STX,VI,ASO,ES,Federal Contract Tower,4,25,9,0,38,0,42,9,0,51,4,67,18,0,89,8,0,8,97
01/06/2016,STX,VI,ASO,ES,Federal Contract Tower,10,17,3,2,32,0,41,15,0,56,10,58,18,2,88,6,0,6,94
01/07/2016,STX,VI,ASO,ES,Federal Contract Tower,6,16,9,1,32,0,42,12,0,54,6,58,21,1,86,10,0,10,96
01/08/2016,STX,VI,ASO,ES,Federal Contract Tower,6,23,6,0,35,0,55,14,0,69,6,78,20,0,104,0,0,0,104
01/09/2016,STX,VI,ASO,ES,Federal Contract Tower,10,10,5,0,25,0,35,29,0,64,10,45,34,0,89,4,0,4,93
01/10/2016,STX,VI,ASO,ES,Federal Contract Tower,6,12,7,2,27,0,38,19,0,57,6,50,26,2,84,10,0,10,94
01/11/2016,STX,VI,ASO,ES,Federal Contract Tower,5,26,3,1,35,0,38,23,0,61,5,64,26,1,96,10,0,10,106
01/12/2016,STX,VI,ASO,ES,Federal Contract Tower,4,25,5,0,34,0,43,28,0,71,4,68,33,0,105,26,0,26,131
01/13/2016,STX,VI,ASO,ES,Federal Contract Tower,7,19,5,2,33,0,38,19,0,57,7,57,24,2,90,10,0,10,100
01/14/2016,STX,VI,ASO,ES,Federal Contract Tower,4,24,3,1,32,0,39,21,1,61,4,63,24,2,93,22,0,22,115
01/15/2016,STX,VI,ASO,ES,Federal Contract Tower,6,25,3,2,36,0,56,17,0,73,6,81,20,2,109,4,0,4,113
01/16/2016,STX,VI,ASO,ES,Federal Contract Tower,9,19,1,0,29,0,26,15,1,42,9,45,16,1,71,6,0,6,77
01/17/2016,STX,VI,ASO,ES,Federal Contract Tower,5,15,1,2,23,0,31,17,0,48,5,46,18,2,71,10,0,10,81
01/18/2016,STX,VI,ASO,ES,Federal Contract Tower,5,20,9,0,34,0,42,16,0,58,5,62,25,0,92,18,0,18,110
01/19/2016,STX,VI,ASO,ES,Federal Contract Tower,4,28,2,2,36,0,31,26,2,59,4,59,28,4,95,28,0,28,123
01/20/2016,STX,VI,ASO,ES,Federal Contract Tower,7,24,3,1,35,0,69,23,0,92,7,93,26,1,127,10,0,10,137
01/21/2016,STX,VI,ASO,ES,Federal Contract Tower,4,25,9,1,39,0,46,27,0,73,4,71,36,1,112,16,0,16,128
01/22/2016,STX,VI,ASO,ES,Federal Contract Tower,6,24,5,2,37,0,55,16,1,72,6,79,21,3,109,12,0,12,121
01/23/2016,STX,VI,ASO,ES,Federal Contract Tower,10,17,1,1,29,0,30,20,1,51,10,47,21,2,80,0,0,0,80
01/24/2016,STX,VI,ASO,ES,Federal Contract Tower,6,11,2,0,19,0,29,9,7,45,6,40,11,7,64,8,0,8,72
01/25/2016,STX,VI,ASO,ES,Federal Contract Tower,7,24,1,0,32,0,36,14,2,52,7,60,15,2,84,2,0,2,86
01/26/2016,STX,VI,ASO,ES,Federal Contract Tower,4,28,3,0,35,0,29,31,6,66,4,57,34,6,101,22,10,32,133
01/27/2016,STX,VI,ASO,ES,Federal Contract Tower,7,22,7,1,37,0,36,23,3,62,7,58,30,4,99,8,14,22,121
01/28/2016,STX,VI,ASO,ES,Federal Contract Tower,4,25,8,1,38,0,42,19,0,61,4,67,27,1,99,0,26,26,125
01/29/2016,STX,VI,ASO,ES,Federal Contract Tower,7,25,3,0,35,0,53,9,2,64,7,78,12,2,99,0,0,0,99
01/30/2016,STX,VI,ASO,ES,Federal Contract Tower,9,21,4,0,34,0,26,4,0,30,9,47,8,0,64,4,0,4,68
01/31/2016,STX,VI,ASO,ES,Federal Contract Tower,6,13,1,2,22,0,36,16,0,52,6,49,17,2,74,2,0,2,76
02/01/2016,STX,VI,ASO,ES,Federal Contract Tower,5,21,1,0,27,0,49,12,0,61,5,70,13,0,88,12,0,12,100
02/02/2016,STX,VI,ASO,ES,Federal Contract Tower,5,27,1,0,33,0,36,19,2,57,5,63,20,2,90,6,0,6,96
02/03/2016,STX,VI,ASO,ES,Federal Contract Tower,7,19,3,0,29,0,43,16,0,59,7,62,19,0,88,4,0,4,92
02/04/2016,STX,VI,ASO,ES,Federal Contract Tower,4,19,5,2,30,0,38,23,0,61,4,57,28,2,91,0,18,18,109
02/05/2016,STX,VI,ASO,ES,Federal Contract Tower,7,20,5,0,32,0,52,13,0,65,7,72,18,0,97,0,0,0,97
02/06/2016,STX,VI,ASO,ES,Federal Contract Tower,9,15,2,0,26,0,34,17,0,51,9,49,19,0,77,0,0,0,77
02/07/2016,STX,VI,ASO,ES,Federal Contract Tower,6,15,2,0,23,0,33,12,1,46,6,48,14,1,69,8,0,8,77
02/08/2016,STX,VI,ASO,ES,Federal Contract Tower,5,23,5,0,33,0,39,19,0,58,5,62,24,0,91,0,0,0,91
02/09/2016,STX,VI,ASO,ES,Federal Contract Tower,5,23,2,0,30,0,35,22,2,59,5,58,24,2,89,2,0,2,91
02/10/2016,STX,VI,ASO,ES,Federal Contract Tower,7,19,6,0,32,0,44,22,0,66,7,63,28,0,98,0,0,0,98
02/11/2016,STX,VI,ASO,ES,Federal Contract Tower,4,23,3,0,30,0,55,22,0,77,4,78,25,0,107,0,0,0,107
02/12/2016,STX,VI,ASO,ES,Federal Contract Tower,8,27,1,0,36,0,91,32,2,125,8,118,33,2,161,0,0,0,161
02/13/2016,STX,VI,ASO,ES,Federal Contract Tower,9,17,3,0,29,0,40,36,0,76,9,57,39,0,105,28,0,28,133
02/14/2016,STX,VI,ASO,ES,Federal Contract Tower,5,11,3,2,21,0,45,25,0,70,5,56,28,2,91,0,0,0,91
02/15/2016,STX,VI,ASO,ES,Federal Contract Tower,6,25,4,0,35,0,75,11,0,86,6,100,15,0,121,0,0,0,121
02/16/2016,STX,VI,ASO,ES,Federal Contract Tower,5,30,3,0,38,0,38,24,0,62,5,68,27,0,100,4,0,4,104
02/17/2016,STX,VI,ASO,ES,Federal Contract Tower,7,23,3,0,33,0,41,29,0,70,7,64,32,0,103,0,0,0,103
02/18/2016,STX,VI,ASO,ES,Federal Contract Tower,5,23,3,0,31,0,45,17,0,62,5,68,20,0,93,0,0,0,93
02/19/2016,STX,VI,ASO,ES,Federal Contract Tower,8,29,8,0,45,0,47,23,1,71,8,76,31,1,116,18,0,18,134
02/20/2016,STX,VI,ASO,ES,Federal Contract Tower,10,14,3,0,27,0,36,14,0,50,10,50,17,0,77,4,0,4,81
02/21/2016,STX,VI,ASO,ES,Federal Contract Tower,6,12,2,0,20,0,32,9,0,41,6,44,11,0,61,18,0,18,79
02/22/2016,STX,VI,ASO,ES,Federal Contract Tower,6,22,4,1,33,0,42,14,5,61,6,64,18,6,94,0,4,4,98
02/23/2016,STX,VI,ASO,ES,Federal Contract Tower,6,19,2,1,28,0,36,28,4,68,6,55,30,5,96,0,0,0,96
02/24/2016,STX,VI,ASO,ES,Federal Contract Tower,7,22,5,0,34,0,31,18,0,49,7,53,23,0,83,12,0,12,95
02/25/2016,STX,VI,ASO,ES,Federal Contract Tower,5,21,3,0,29,0,36,30,0,66,5,57,33,0,95,14,0,14,109
02/26/2016,STX,VI,ASO,ES,Federal Contract Tower,7,21,3,2,33,0,48,7,2,57,7,69,10,4,90,0,0,0,90
02/27/2016,STX,VI,ASO,ES,Federal Contract Tower,10,15,0,0,25,0,34,14,2,50,10,49,14,2,75,28,0,28,103
02/28/2016,STX,VI,ASO,ES,Federal Contract Tower,5,8,6,1,20,0,41,2,0,43,5,49,8,1,63,0,0,0,63
02/29/2016,STX,VI,ASO,ES,Federal Contract Tower,7,25,0,0,32,0,35,10,0,45,7,60,10,0,77,0,0,0,77
03/01/2016,STX,VI,ASO,ES,Federal Contract Tower,5,19,1,1,26,0,34,25,0,59,5,53,26,1,85,24,0,24,109
03/02/2016,STX,VI,ASO,ES,Federal Contract Tower,7,24,2,1,34,0,36,11,0,47,7,60,13,1,81,0,0,0,81
03/03/2016,STX,VI,ASO,ES,Federal Contract Tower,6,22,1,2,31,0,38,21,0,59,6,60,22,2,90,0,0,0,90
03/04/2016,STX,VI,ASO,ES,Federal Contract Tower,8,30,1,0,39,0,43,21,0,64,8,73,22,0,103,6,0,6,109
03/05/2016,STX,VI,ASO,ES,Federal Contract Tower,9,13,3,0,25,0,30,8,2,40,9,43,11,2,65,2,26,28,93
03/06/2016,STX,VI,ASO,ES,Federal Contract Tower,6,14,4,4,28,0,35,12,4,51,6,49,16,8,79,0,26,26,105
03/07/2016,STX,VI,ASO,ES,Federal Contract Tower,4,27,2,1,34,0,25,10,0,35,4,52,12,1,69,8,0,8,77
03/08/2016,STX,VI,ASO,ES,Federal Contract Tower,7,30,11,0,48,0,25,15,0,40,7,55,26,0,88,4,0,4,92
03/09/2016,STX,VI,ASO,ES,Federal Contract Tower,8,21,4,1,34,0,38,15,0,53,8,59,19,1,87,0,0,0,87
03/10/2016,STX,VI,ASO,ES,Federal Contract Tower,6,24,0,0,30,0,39,19,2,60,6,63,19,2,90,0,14,14,104
03/11/2016,STX,VI,ASO,ES,Federal Contract Tower,8,25,0,0,33,0,60,36,0,96,8,85,36,0,129,0,0,0,129
03/12/2016,STX,VI,ASO,ES,Federal Contract Tower,10,15,4,0,29,0,38,8,0,46,10,53,12,0,75,10,0,10,85
03/13/2016,STX,VI,ASO,ES,Federal Contract Tower,6,17,2,0,25,0,46,15,0,61,6,63,17,0,86,0,0,0,86
03/14/2016,STX,VI,ASO,ES,Federal Contract Tower,6,33,6,0,45,0,22,5,0,27,6,55,11,0,72,0,0,0,72
03/15/2016,STX,VI,ASO,ES,Federal Contract Tower,6,21,3,0,30,0,35,21,0,56,6,56,24,0,86,0,0,0,86
03/16/2016,STX,VI,ASO,ES,Federal Contract Tower,8,21,2,0,31,0,31,16,0,47,8,52,18,0,78,14,0,14,92
03/17/2016,STX,VI,ASO,ES,Federal Contract Tower,6,22,4,0,32,0,41,22,0,63,6,63,26,0,95,8,8,16,111
03/18/2016,STX,VI,ASO,ES,Federal Contract Tower,8,22,5,0,35,0,55,23,0,78,8,77,28,0,113,8,0,8,121
03/19/2016,STX,VI,ASO,ES,Federal Contract Tower,10,14,6,0,30,0,29,13,0,42,10,43,19,0,72,14,4,18,90
03/20/2016,STX,VI,ASO,ES,Federal Contract Tower,6,12,0,0,18,0,36,13,6,55,6,48,13,6,73,8,16,24,97
03/21/2016,STX,VI,ASO,ES,Federal Contract Tower,6,22,4,0,32,0,39,19,0,58,6,61,23,0,90,2,0,2,92
03/22/2016,STX,VI,ASO,ES,Federal Contract Tower,6,17,2,0,25,0,35,27,3,65,6,52,29,3,90,0,0,0,90
03/23/2016,STX,VI,ASO,ES,Federal Contract Tower,8,22,3,1,34,0,40,35,1,76,8,62,38,2,110,32,40,72,182
03/24/2016,STX,VI,ASO,ES,Federal Contract Tower,6,22,8,0,36,0,46,28,0,74,6,68,36,0,110,2,0,2,112
03/25/2016,STX,VI,ASO,ES,Federal Contract Tower,8,18,5,8,39,0,42,6,0,48,8,60,11,8,87,6,0,6,93
03/26/2016,STX,VI,ASO,ES,Federal Contract Tower,10,14,2,0,26,0,29,11,0,40,10,43,13,0,66,4,0,4,70
03/27/2016,STX,VI,ASO,ES,Federal Contract Tower,6,12,1,0,19,0,32,13,2,47,6,44,14,2,66,0,0,0,66
03/28/2016,STX,VI,ASO,ES,Federal Contract Tower,6,20,4,0,30,0,48,17,0,65,6,68,21,0,95,10,0,10,105
03/29/2016,STX,VI,ASO,ES,Federal Contract Tower,6,21,5,2,34,0,42,22,0,64,6,63,27,2,98,10,0,10,108
03/30/2016,STX,VI,ASO,ES,Federal Contract Tower,8,25,5,3,41,0,29,9,0,38,8,54,14,3,79,0,22,22,101
03/31/2016,STX,VI,ASO,ES,Federal Contract Tower,6,23,2,4,35,0,37,27,2,66,6,60,29,6,101,0,12,12,113
04/01/2016,STX,VI,ASO,ES,Federal Contract Tower,8,34,2,2,46,0,34,12,2,48,8,68,14,4,94,0,0,0,94
04/02/2016,STX,VI,ASO,ES,Federal Contract Tower,9,16,4,0,29,0,33,12,0,45,9,49,16,0,74,2,0,2,76
04/03/2016,STX,VI,ASO,ES,Federal Contract Tower,6,12,4,0,22,0,37,8,0,45,6,49,12,0,67,4,0,4,71
04/04/2016,STX,VI,ASO,ES,Federal Contract Tower,6,19,4,2,31,0,39,13,0,52,6,58,17,2,83,2,0,2,85
04/05/2016,STX,VI,ASO,ES,Federal Contract Tower,6,20,3,0,29,0,30,28,0,58,6,50,31,0,87,8,0,8,95
04/06/2016,STX,VI,ASO,ES,Federal Contract Tower,8,16,3,10,37,0,33,21,3,57,8,49,24,13,94,0,0,0,94
04/07/2016,STX,VI,ASO,ES,Federal Contract Tower,6,18,3,5,32,0,41,23,3,67,6,59,26,8,99,28,0,28,127
04/08/2016,STX,VI,ASO,ES,Federal Contract Tower,8,23,2,3,36,0,39,23,1,63,8,62,25,4,99,2,0,2,101
04/09/2016,STX,VI,ASO,ES,Federal Contract Tower,10,14,1,5,30,0,22,22,1,45,10,36,23,6,75,8,22,30,105
04/10/2016,STX,VI,ASO,ES,Federal Contract Tower,6,7,6,4,23,0,27,34,4,65,6,34,40,8,88,24,0,24,112
04/11/2016,STX,VI,ASO,ES,Federal Contract Tower,6,22,2,0,30,0,35,22,0,57,6,57,24,0,87,4,0,4,91
04/12/2016,STX,VI,ASO,ES,Federal Contract Tower,6,19,6,0,31,0,32,34,0,66,6,51,40,0,97,22,0,22,119
04/13/2016,STX,VI,ASO,ES,Federal Contract Tower,8,18,10,10,46,0,35,39,1,75,8,53,49,11,121,34,0,34,155
04/14/2016,STX,VI,ASO,ES,Federal Contract Tower,6,20,2,3,31,0,33,30,3,66,6,53,32,6,97,48,0,48,145
04/15/2016,STX,VI,ASO,ES,Federal Contract Tower,6,20,1,2,29,0,55,46,0,101,6,75,47,2,130,58,4,62,192
04/16/2016,STX,VI,ASO,ES,Federal Contract Tower,10,12,13,2,37,0,29,46,2,77,10,41,59,4,114,24,0,24,138
04/17/2016,STX,VI,ASO,ES,Federal Contract Tower,6,11,1,1,19,0,35,12,0,47,6,46,13,1,66,10,0,10,76
04/18/2016,STX,VI,ASO,ES,Federal Contract Tower,6,23,0,0,29,0,27,10,0,37,6,50,10,0,66,0,0,0,66
04/19/2016,STX,VI,ASO,ES,Federal Contract Tower,8,21,2,0,31,0,28,19,0,47,8,49,21,0,78,3,0,3,81
04/20/2016,STX,VI,ASO,ES,Federal Contract Tower,8,21,6,0,35,0,30,17,0,47,8,51,23,0,82,0,0,0,82
04/21/2016,STX,VI,ASO,ES,Federal Contract Tower,6,24,0,1,31,0,25,23,0,48,6,49,23,1,79,10,0,10,89
04/22/2016,STX,VI,ASO,ES,Federal Contract Tower,6,34,3,0,43,0,33,15,2,50,6,67,18,2,93,0,0,0,93
04/23/2016,STX,VI,ASO,ES,Federal Contract Tower,10,15,2,0,27,0,26,11,0,37,10,41,13,0,64,0,0,0,64
04/24/2016,STX,VI,ASO,ES,Federal Contract Tower,6,12,2,0,20,0,30,22,2,54,6,42,24,2,74,10,0,10,84
04/25/2016,STX,VI,ASO,ES,Federal Contract Tower,6,23,0,2,31,0,30,9,0,39,6,53,9,2,70,12,0,12,82
04/26/2016,STX,VI,ASO,ES,Federal Contract Tower,6,19,6,0,31,0,28,25,0,53,6,47,31,0,84,2,0,2,86
04/27/2016,STX,VI,ASO,ES,Federal Contract Tower,8,22,0,0,30,0,31,16,0,47,8,53,16,0,77,10,0,10,87
04/29/2016,STX,VI,ASO,ES,Federal Contract Tower,6,25,5,0,36,0,42,14,0,56,6,67,19,0,92,16,0,16,108
04/30/2016,STX,VI,ASO,ES,Federal Contract Tower,10,13,6,1,30,0,25,7,2,34,10,38,13,3,64,0,24,24,88
05/01/2016,STX,VI,ASO,ES,Federal Contract Tower,6,14,7,0,27,0,32,27,0,59,6,46,34,0,86,0,0,0,86
05/02/2016,STX,VI,ASO,ES,Federal Contract Tower,6,27,7,0,40,0,45,19,0,64,6,72,26,0,104,0,0,0,104
05/03/2016,STX,VI,ASO,ES,Federal Contract Tower,6,28,2,0,36,0,34,20,2,56,6,62,22,2,92,0,18,18,110
05/04/2016,STX,VI,ASO,ES,Federal Contract Tower,5,23,2,0,30,0,26,20,1,47,5,49,22,1,77,22,24,46,123
05/05/2016,STX,VI,ASO,ES,Federal Contract Tower,6,24,6,0,36,0,23,16,0,39,6,47,22,0,75,4,0,4,79
05/06/2016,STX,VI,ASO,ES,Federal Contract Tower,6,28,5,0,39,0,34,19,0,53,6,62,24,0,92,4,0,4,96
05/07/2016,STX,VI,ASO,ES,Federal Contract Tower,10,15,1,0,26,0,25,11,0,36,10,40,12,0,62,0,0,0,62
05/08/2016,STX,VI,ASO,ES,Federal Contract Tower,6,12,2,0,20,0,33,8,0,41,6,45,10,0,61,0,0,0,61
05/09/2016,STX,VI,ASO,ES,Federal Contract Tower,6,23,1,0,30,0,27,6,0,33,6,50,7,0,63,0,0,0,63
05/10/2016,STX,VI,ASO,ES,Federal Contract Tower,6,20,4,0,30,0,35,20,0,55,6,55,24,0,85,0,0,0,85
05/11/2016,STX,VI,ASO,ES,Federal Contract Tower,6,19,2,0,27,0,27,17,0,44,6,46,19,0,71,2,0,2,73
05/12/2016,STX,VI,ASO,ES,Federal Contract Tower,6,24,7,0,37,0,31,17,0,48,6,55,24,0,85,0,0,0,85
05/13/2016,STX,VI,ASO,ES,Federal Contract Tower,6,23,1,0,30,0,35,29,1,65,6,58,30,1,95,4,0,4,99
05/14/2016,STX,VI,ASO,ES,Federal Contract Tower,10,14,1,0,25,0,26,14,0,40,10,40,15,0,65,19,0,19,84
05/15/2016,STX,VI,ASO,ES,Federal Contract Tower,6,10,1,0,17,0,33,10,2,45,6,43,11,2,62,0,0,0,62
05/16/2016,STX,VI,ASO,ES,Federal Contract Tower,6,22,5,1,34,0,24,8,0,32,6,46,13,1,66,0,0,0,66
05/17/2016,STX,VI,ASO,ES,Federal Contract Tower,6,20,1,1,28,0,24,20,0,44,6,44,21,1,72,0,0,0,72
05/18/2016,STX,VI,ASO,ES,Federal Contract Tower,5,20,4,1,30,0,31,20,0,51,5,51,24,1,81,0,0,0,81
05/19/2016,STX,VI,ASO,ES,Federal Contract Tower,5,21,1,1,28,0,38,27,0,65,5,59,28,1,93,10,0,10,103
05/20/2016,STX,VI,ASO,ES,Federal Contract Tower,6,21,2,2,31,0,46,34,0,80,6,67,36,2,111,2,0,2,113
05/21/2016,STX,VI,ASO,ES,Federal Contract Tower,10,11,2,1,24,0,27,9,0,36,10,38,11,1,60,0,0,0,60
05/22/2016,STX,VI,ASO,ES,Federal Contract Tower,6,8,1,2,17,0,36,19,8,63,6,44,20,10,80,0,10,10,90
05/23/2016,STX,VI,ASO,ES,Federal Contract Tower,6,19,2,0,27,0,36,18,15,69,6,55,20,15,96,0,46,46,142
05/24/2016,STX,VI,ASO,ES,Federal Contract Tower,6,17,3,1,27,0,25,25,16,66,6,42,28,17,93,16,38,54,147
05/25/2016,STX,VI,ASO,ES,Federal Contract Tower,6,16,5,1,28,0,31,21,14,66,6,47,26,15,94,12,12,24,118
05/26/2016,STX,VI,ASO,ES,Federal Contract Tower,6,22,2,1,31,0,38,30,9,77,6,60,32,10,108,2,6,8,116
05/27/2016,STX,VI,ASO,ES,Federal Contract Tower,6,25,2,1,34,0,40,20,14,74,6,65,22,15,108,0,8,8,116
05/28/2016,STX,VI,ASO,ES,Federal Contract Tower,10,14,1,0,25,0,23,15,0,38,10,37,16,0,63,0,0,0,63
05/29/2016,STX,VI,ASO,ES,Federal Contract Tower,6,11,2,0,19,0,27,17,2,46,6,38,19,2,65,0,0,0,65
05/30/2016,STX,VI,ASO,ES,Federal Contract Tower,6,15,2,0,23,0,39,12,0,51,6,54,14,0,74,0,0,0,74
05/31/2016,STX,VI,ASO,ES,Federal Contract Tower,6,21,5,3,35,0,24,20,6,50,6,45,25,9,85,0,0,0,85
06/01/2016,STX,VI,ASO,ES,Federal Contract Tower,6,18,3,4,31,0,26,9,12,47,6,44,12,16,78,0,42,42,120
06/02/2016,STX,VI,ASO,ES,Federal Contract Tower,6,20,6,2,34,0,24,27,12,63,6,44,33,14,97,0,34,34,131
06/03/2016,STX,VI,ASO,ES,Federal Contract Tower,6,24,4,1,35,0,30,17,0,47,6,54,21,1,82,0,0,0,82
06/04/2016,STX,VI,ASO,ES,Federal Contract Tower,8,13,1,2,24,0,22,10,0,32,8,35,11,2,56,0,0,0,56
06/05/2016,STX,VI,ASO,ES,Federal Contract Tower,6,7,3,6,22,0,30,7,3,40,6,37,10,9,62,8,0,8,70
06/06/2016,STX,VI,ASO,ES,Federal Contract Tower,6,15,5,0,26,0,35,20,0,55,6,50,25,0,81,2,0,2,83
06/07/2016,STX,VI,ASO,ES,Federal Contract Tower,6,16,1,0,23,0,30,22,0,52,6,46,23,0,75,0,0,0,75
06/08/2016,STX,VI,ASO,ES,Federal Contract Tower,6,20,4,1,31,0,26,11,1,38,6,46,15,2,69,0,0,0,69
06/09/2016,STX,VI,ASO,ES,Federal Contract Tower,6,18,3,1,28,0,37,21,0,58,6,55,24,1,86,8,0,8,94
06/10/2016,STX,VI,ASO,ES,Federal Contract Tower,6,19,2,1,28,0,39,14,4,57,6,58,16,5,85,0,2,2,87
06/11/2016,STX,VI,ASO,ES,Federal Contract Tower,9,10,1,0,20,0,31,12,6,49,9,41,13,6,69,2,0,2,71
06/12/2016,STX,VI,ASO,ES,Federal Contract Tower,6,9,4,1,20,0,32,24,0,56,6,41,28,1,76,0,0,0,76
06/13/2016,STX,VI,ASO,ES,Federal Contract Tower,5,19,3,3,30,0,26,18,2,46,5,45,21,5,76,0,0,0,76
06/14/2016,STX,VI,ASO,ES,Federal Contract Tower,6,15,1,1,23,0,32,24,0,56,6,47,25,1,79,0,0,0,79
06/15/2016,STX,VI,ASO,ES,Federal Contract Tower,6,23,7,1,37,0,27,24,0,51,6,50,31,1,88,0,0,0,88
06/16/2016,STX,VI,ASO,ES,Federal Contract Tower,5,20,2,1,28,0,31,15,2,48,5,51,17,3,76,0,0,0,76
06/17/2016,STX,VI,ASO,ES,Federal Contract Tower,6,15,5,1,27,0,36,31,6,73,6,51,36,7,100,6,2,8,108
06/18/2016,STX,VI,ASO,ES,Federal Contract Tower,9,10,2,3,24,0,25,15,1,41,9,35,17,4,65,26,0,26,91
06/19/2016,STX,VI,ASO,ES,Federal Contract Tower,6,11,2,0,19,0,30,21,2,53,6,41,23,2,72,16,0,16,88
06/20/2016,STX,VI,ASO,ES,Federal Contract Tower,6,22,2,0,30,0,39,8,0,47,6,61,10,0,77,6,0,6,83
06/21/2016,STX,VI,ASO,ES,Federal Contract Tower,6,15,5,1,27,0,33,25,8,66,6,48,30,9,93,0,14,14,107
06/22/2016,STX,VI,ASO,ES,Federal Contract Tower,6,18,2,0,26,0,36,16,0,52,6,54,18,0,78,0,0,0,78
06/23/2016,STX,VI,ASO,ES,Federal Contract Tower,6,12,0,0,18,0,35,28,2,65,6,47,28,2,83,6,0,6,89
06/24/2016,STX,VI,ASO,ES,Federal Contract Tower,6,23,2,0,31,0,51,27,6,84,6,74,29,6,115,12,0,12,127
06/25/2016,STX,VI,ASO,ES,Federal Contract Tower,10,10,0,0,20,0,25,14,0,39,10,35,14,0,59,32,0,32,91
06/26/2016,STX,VI,ASO,ES,Federal Contract Tower,6,8,3,0,17,0,40,18,0,58,6,48,21,0,75,12,0,12,87
06/27/2016,STX,VI,ASO,ES,Federal Contract Tower,5,21,2,0,28,0,30,19,0,49,5,51,21,0,77,14,0,14,91
06/28/2016,STX,VI,ASO,ES,Federal Contract Tower,6,14,2,1,23,0,35,27,0,62,6,49,29,1,85,10,0,10,95
06/29/2016,STX,VI,ASO,ES,Federal Contract Tower,6,18,2,0,26,0,29,19,1,49,6,47,21,1,75,18,0,18,93
06/30/2016,STX,VI,ASO,ES,Federal Contract Tower,6,14,4,1,25,0,34,23,1,58,6,48,27,2,83,46,0,46,129
07/01/2016,STX,VI,ASO,ES,Federal Contract Tower,6,22,2,1,31,0,43,4,0,47,6,65,6,1,78,4,0,4,82
07/02/2016,STX,VI,ASO,ES,Federal Contract Tower,9,6,3,0,18,0,25,9,0,34,9,31,12,0,52,2,0,2,54
07/03/2016,STX,VI,ASO,ES,Federal Contract Tower,6,9,4,1,20,0,37,13,0,50,6,46,17,1,70,4,0,4,74
07/04/2016,STX,VI,ASO,ES,Federal Contract Tower,6,12,0,0,18,0,38,9,0,47,6,50,9,0,65,8,0,8,73
07/05/2016,STX,VI,ASO,ES,Federal Contract Tower,6,16,4,0,26,0,36,18,0,54,6,52,22,0,80,0,0,0,80
07/06/2016,STX,VI,ASO,ES,Federal Contract Tower,6,23,7,0,36,0,31,28,0,59,6,54,35,0,95,8,0,8,103
07/08/2016,STX,VI,ASO,ES,Federal Contract Tower,6,18,0,0,24,0,34,16,8,58,6,52,16,8,82,0,0,0,82
07/10/2016,STX,VI,ASO,ES,Federal Contract Tower,6,10,2,0,18,0,30,9,0,39,6,40,11,0,57,0,0,0,57
07/13/2016,STX,VI,ASO,ES,Federal Contract Tower,6,22,1,2,31,0,28,23,0,51,6,50,24,2,82,0,29,29,111
07/14/2016,STX,VI,ASO,ES,Federal Contract Tower,6,18,1,0,25,0,34,24,2,60,6,52,25,2,85,12,0,12,97
07/15/2016,STX,VI,ASO,ES,Federal Contract Tower,5,19,0,1,25,0,45,19,3,67,5,64,19,4,92,8,0,8,100
07/16/2016,STX,VI,ASO,ES,Federal Contract Tower,10,9,3,1,23,0,26,15,0,41,10,35,18,1,64,8,4,12,76
07/17/2016,STX,VI,ASO,ES,Federal Contract Tower,6,9,1,0,16,0,27,13,0,40,6,36,14,0,56,0,0,0,56
07/18/2016,STX,VI,ASO,ES,Federal Contract Tower,6,18,3,0,27,0,35,13,0,48,6,53,16,0,75,0,0,0,75
07/19/2016,STX,VI,ASO,ES,Federal Contract Tower,6,17,1,0,24,0,32,21,6,59,6,49,22,6,83,10,0,10,93
07/20/2016,STX,VI,ASO,ES,Federal Contract Tower,6,21,1,0,28,0,28,17,0,45,6,49,18,0,73,2,0,2,75
07/21/2016,STX,VI,ASO,ES,Federal Contract Tower,6,15,6,0,27,0,24,23,2,49,6,39,29,2,76,0,0,0,76
07/22/2016,STX,VI,ASO,ES,Federal Contract Tower,6,19,2,0,27,0,42,12,1,55,6,61,14,1,82,16,0,16,98
07/23/2016,STX,VI,ASO,ES,Federal Contract Tower,10,9,0,0,19,0,27,24,0,51,10,36,24,0,70,2,0,2,72
07/24/2016,STX,VI,ASO,ES,Federal Contract Tower,6,10,2,2,20,0,36,2,0,38,6,46,4,2,58,0,0,0,58
07/25/2016,STX,VI,ASO,ES,Federal Contract Tower,6,21,1,1,29,0,34,14,0,48,6,55,15,1,77,2,0,2,79
07/26/2016,STX,VI,ASO,ES,Federal Contract Tower,6,23,0,2,31,0,33,26,0,59,6,56,26,2,90,4,0,4,94
07/27/2016,STX,VI,ASO,ES,Federal Contract Tower,6,16,4,0,26,0,35,21,0,56,6,51,25,0,82,18,0,18,100
07/28/2016,STX,VI,ASO,ES,Federal Contract Tower,6,17,2,2,27,0,32,32,0,64,6,49,34,2,91,16,0,16,107
07/29/2016,STX,VI,ASO,ES,Federal Contract Tower,6,20,2,2,30,0,46,27,4,77,6,66,29,6,107,0,0,0,107
07/30/2016,STX,VI,ASO,ES,Federal Contract Tower,10,9,0,2,21,0,25,11,0,36,10,34,11,2,57,0,0,0,57
07/31/2016,STX,VI,ASO,ES,Federal Contract Tower,4,8,2,1,15,0,25,3,0,28,4,33,5,1,43,0,0,0,43
08/01/2016,STX,VI,ASO,ES,Federal Contract Tower,5,22,1,1,29,0,29,12,1,42,5,51,13,2,71,10,0,10,81
08/02/2016,STX,VI,ASO,ES,Federal Contract Tower,5,16,3,1,25,0,35,25,0,60,5,51,28,1,85,8,0,8,93
08/03/2016,STX,VI,ASO,ES,Federal Contract Tower,5,19,3,4,31,0,32,25,0,57,5,51,28,4,88,0,40,40,128
08/04/2016,STX,VI,ASO,ES,Federal Contract Tower,6,22,0,1,29,0,29,18,0,47,6,51,18,1,76,12,0,12,88
08/05/2016,STX,VI,ASO,ES,Federal Contract Tower,6,31,2,2,41,0,31,11,0,42,6,62,13,2,83,0,0,0,83
08/06/2016,STX,VI,ASO,ES,Federal Contract Tower,9,9,0,0,18,0,28,11,0,39,9,37,11,0,57,16,0,16,73
08/07/2016,STX,VI,ASO,ES,Federal Contract Tower,4,10,3,0,17,0,31,13,0,44,4,41,16,0,61,4,0,4,65
08/08/2016,STX,VI,ASO,ES,Federal Contract Tower,6,20,4,3,33,0,34,15,0,49,6,54,19,3,82,4,0,4,86
08/09/2016,STX,VI,ASO,ES,Federal Contract Tower,5,19,1,1,26,0,27,21,0,48,5,46,22,1,74,0,0,0,74
08/10/2016,STX,VI,ASO,ES,Federal Contract Tower,5,19,5,2,31,0,31,19,0,50,5,50,24,2,81,6,20,26,107
08/11/2016,STX,VI,ASO,ES,Federal Contract Tower,6,22,3,0,31,0,31,22,4,57,6,53,25,4,88,0,4,4,92
08/12/2016,STX,VI,ASO,ES,Federal Contract Tower,6,20,2,0,28,0,43,30,0,73,6,63,32,0,101,12,0,12,113
08/13/2016,STX,VI,ASO,ES,Federal Contract Tower,10,9,0,0,19,0,29,3,0,32,10,38,3,0,51,0,0,0,51
08/14/2016,STX,VI,ASO,ES,Federal Contract Tower,6,8,4,2,20,0,32,8,0,40,6,40,12,2,60,0,4,4,64
08/15/2016,STX,VI,ASO,ES,Federal Contract Tower,6,18,1,0,25,0,32,11,0,43,6,50,12,0,68,0,0,0,68
08/16/2016,STX,VI,ASO,ES,Federal Contract Tower,5,19,3,0,27,0,27,30,0,57,5,46,33,0,84,6,0,6,90
08/17/2016,STX,VI,ASO,ES,Federal Contract Tower,6,19,1,0,26,0,30,20,0,50,6,49,21,0,76,12,0,12,88
08/18/2016,STX,VI,ASO,ES,Federal Contract Tower,6,13,0,2,21,0,40,17,1,58,6,53,17,3,79,16,0,16,95
08/19/2016,STX,VI,ASO,ES,Federal Contract Tower,6,19,3,6,34,0,48,20,0,68,6,67,23,6,102,4,0,4,106
08/20/2016,STX,VI,ASO,ES,Federal Contract Tower,10,9,3,2,24,0,25,3,0,28,10,34,6,2,52,0,2,2,54
08/21/2016,STX,VI,ASO,ES,Federal Contract Tower,6,8,2,2,18,0,32,19,0,51,6,40,21,2,69,10,0,10,79
08/22/2016,STX,VI,ASO,ES,Federal Contract Tower,6,14,3,1,24,0,32,7,0,39,6,46,10,1,63,0,0,0,63
08/23/2016,STX,VI,ASO,ES,Federal Contract Tower,5,15,2,2,24,0,33,23,0,56,5,48,25,2,80,0,0,0,80
08/24/2016,STX,VI,ASO,ES,Federal Contract Tower,4,25,5,3,37,0,23,8,0,31,4,48,13,3,68,4,0,4,72
08/25/2016,STX,VI,ASO,ES,Federal Contract Tower,4,22,2,4,32,0,35,15,0,50,4,57,17,4,82,2,0,2,84
08/26/2016,STX,VI,ASO,ES,Federal Contract Tower,4,21,6,4,35,0,44,25,0,69,4,65,31,4,104,4,0,4,108
08/27/2016,STX,VI,ASO,ES,Federal Contract Tower,6,10,1,0,17,0,22,7,0,29,6,32,8,0,46,4,0,4,50
08/28/2016,STX,VI,ASO,ES,Federal Contract Tower,4,9,3,1,17,0,31,8,0,39,4,40,11,1,56,0,0,0,56
08/29/2016,STX,VI,ASO,ES,Federal Contract Tower,4,22,3,0,29,0,41,13,0,54,4,63,16,0,83,0,0,0,83
08/30/2016,STX,VI,ASO,ES,Federal Contract Tower,4,18,2,1,25,0,41,18,5,64,4,59,20,6,89,8,4,12,101
08/31/2016,STX,VI,ASO,ES,Federal Contract Tower,4,15,2,0,21,0,33,25,4,62,4,48,27,4,83,8,0,8,91
09/01/2016,STX,VI,ASO,ES,Federal Contract Tower,4,15,1,0,20,0,29,15,0,44,4,44,16,0,64,0,0,0,64
09/02/2016,STX,VI,ASO,ES,Federal Contract Tower,4,20,0,0,24,0,44,16,0,60,4,64,16,0,84,2,0,2,86
09/03/2016,STX,VI,ASO,ES,Federal Contract Tower,4,11,1,0,16,0,26,10,7,43,4,37,11,7,59,14,0,14,73
09/04/2016,STX,VI,ASO,ES,Federal Contract Tower,4,10,0,0,14,0,30,13,0,43,4,40,13,0,57,0,0,0,57
09/05/2016,STX,VI,ASO,ES,Federal Contract Tower,4,19,1,0,24,0,42,2,0,44,4,61,3,0,68,0,0,0,68
09/06/2016,STX,VI,ASO,ES,Federal Contract Tower,4,17,1,1,23,0,36,14,2,52,4,53,15,3,75,4,22,26,101
09/07/2016,STX,VI,ASO,ES,Federal Contract Tower,4,19,1,1,25,0,40,14,2,56,4,59,15,3,81,0,8,8,89
09/09/2016,STX,VI,ASO,ES,Federal Contract Tower,4,20,5,0,29,0,42,18,0,60,4,62,23,0,89,18,0,18,107
09/10/2016,STX,VI,ASO,ES,Federal Contract Tower,4,9,1,2,16,0,22,5,0,27,4,31,6,2,43,2,0,2,45
09/11/2016,STX,VI,ASO,ES,Federal Contract Tower,4,10,2,0,16,0,29,19,2,50,4,39,21,2,66,18,0,18,84
09/12/2016,STX,VI,ASO,ES,Federal Contract Tower,4,18,7,0,29,0,33,12,0,45,4,51,19,0,74,2,0,2,76
09/13/2016,STX,VI,ASO,ES,Federal Contract Tower,4,16,4,1,25,0,32,31,0,63,4,48,35,1,88,10,34,44,132
09/14/2016,STX,VI,ASO,ES,Federal Contract Tower,4,16,1,1,22,0,30,22,1,53,4,46,23,2,75,12,4,16,91
09/15/2016,STX,VI,ASO,ES,Federal Contract Tower,4,15,3,0,22,0,35,22,1,58,4,50,25,1,80,8,7,15,95
09/16/2016,STX,VI,ASO,ES,Federal Contract Tower,4,20,0,0,24,0,44,20,0,64,4,64,20,0,88,0,0,0,88
09/17/2016,STX,VI,ASO,ES,Federal Contract Tower,4,8,1,0,13,0,25,7,0,32,4,33,8,0,45,14,0,14,59
09/18/2016,STX,VI,ASO,ES,Federal Contract Tower,4,8,0,0,12,0,32,11,0,43,4,40,11,0,55,0,0,0,55
09/19/2016,STX,VI,ASO,ES,Federal Contract Tower,4,17,3,2,26,0,32,9,8,49,4,49,12,10,75,0,2,2,77
09/20/2016,STX,VI,ASO,ES,Federal Contract Tower,4,24,2,0,30,0,31,17,1,49,4,55,19,1,79,0,0,0,79
09/21/2016,STX,VI,ASO,ES,Federal Contract Tower,4,21,5,4,34,0,28,18,3,49,4,49,23,7,83,0,0,0,83
09/22/2016,STX,VI,ASO,ES,Federal Contract Tower,4,15,9,3,31,0,31,17,3,51,4,46,26,6,82,0,0,0,82
09/23/2016,STX,VI,ASO,ES,Federal Contract Tower,4,17,6,3,30,0,49,24,2,75,4,66,30,5,105,4,0,4,109
09/24/2016,STX,VI,ASO,ES,Federal Contract Tower,4,8,4,1,17,0,32,9,0,41,4,40,13,1,58,4,4,8,66
09/25/2016,STX,VI,ASO,ES,Federal Contract Tower,4,8,1,2,15,0,37,20,3,60,4,45,21,5,75,6,0,6,81
09/26/2016,STX,VI,ASO,ES,Federal Contract Tower,4,21,4,2,31,0,39,16,0,55,4,60,20,2,86,0,0,0,86
09/27/2016,STX,VI,ASO,ES,Federal Contract Tower,4,21,1,2,28,0,36,24,2,62,4,57,25,4,90,22,16,38,128
09/28/2016,STX,VI,ASO,ES,Federal Contract Tower,4,26,0,3,33,0,25,13,2,40,4,51,13,5,73,2,0,2,75
09/29/2016,STX,VI,ASO,ES,Federal Contract Tower,4,30,5,4,43,0,29,19,0,48,4,59,24,4,91,0,0,0,91
09/30/2016,STX,VI,ASO,ES,Federal Contract Tower,4,21,5,6,36,0,54,9,0,63,4,75,14,6,99,0,0,0,99
10/01/2016,STX,VI,ASO,ES,Federal Contract Tower,4,14,7,4,29,0,30,22,0,52,4,44,29,4,81,20,0,20,101
10/02/2016,STX,VI,ASO,ES,Federal Contract Tower,4,12,1,3,20,0,37,6,0,43,4,49,7,3,63,0,0,0,63
10/03/2016,STX,VI,ASO,ES,Federal Contract Tower,4,26,3,4,37,0,29,14,0,43,4,55,17,4,80,4,0,4,84
10/04/2016,STX,VI,ASO,ES,Federal Contract Tower,4,24,4,3,35,0,33,21,2,56,4,57,25,5,91,4,0,4,95
10/05/2016,STX,VI,ASO,ES,Federal Contract Tower,4,20,6,2,32,0,31,28,0,59,4,51,34,2,91,6,0,6,97
10/06/2016,STX,VI,ASO,ES,Federal Contract Tower,2,15,0,4,21,0,35,19,1,55,2,50,19,5,76,0,22,22,98
10/07/2016,STX,VI,ASO,ES,Federal Contract Tower,2,19,1,0,22,0,35,21,0,56,2,54,22,0,78,12,0,12,90
10/08/2016,STX,VI,ASO,ES,Federal Contract Tower,5,8,2,1,16,0,26,15,0,41,5,34,17,1,57,0,0,0,57
10/09/2016,STX,VI,ASO,ES,Federal Contract Tower,7,8,3,0,18,0,25,11,0,36,7,33,14,0,54,0,0,0,54
10/10/2016,STX,VI,ASO,ES,Federal Contract Tower,4,15,3,0,22,0,36,9,0,45,4,51,12,0,67,0,0,0,67
10/11/2016,STX,VI,ASO,ES,Federal Contract Tower,4,24,7,0,35,0,27,29,0,56,4,51,36,0,91,0,0,0,91
10/12/2016,STX,VI,ASO,ES,Federal Contract Tower,4,21,2,1,28,0,34,28,4,66,4,55,30,5,94,14,16,30,124
10/13/2016,STX,VI,ASO,ES,Federal Contract Tower,4,15,4,1,24,0,34,14,1,49,4,49,18,2,73,14,24,38,111
10/14/2016,STX,VI,ASO,ES,Federal Contract Tower,4,20,4,0,28,0,48,14,0,62,4,68,18,0,90,0,0,0,90
10/15/2016,STX,VI,ASO,ES,Federal Contract Tower,5,8,0,0,13,0,26,3,0,29,5,34,3,0,42,0,0,0,42
10/16/2016,STX,VI,ASO,ES,Federal Contract Tower,5,7,0,0,12,0,35,7,0,42,5,42,7,0,54,0,0,0,54
10/17/2016,STX,VI,ASO,ES,Federal Contract Tower,4,18,0,0,22,0,43,13,0,56,4,61,13,0,78,0,0,0,78
10/18/2016,STX,VI,ASO,ES,Federal Contract Tower,4,22,1,2,29,0,30,10,3,43,4,52,11,5,72,0,20,20,92
10/19/2016,STX,VI,ASO,ES,Federal Contract Tower,4,20,5,1,30,0,29,10,1,40,4,49,15,2,70,4,12,16,86
10/20/2016,STX,VI,ASO,ES,Federal Contract Tower,4,16,1,1,22,0,35,17,1,53,4,51,18,2,75,12,22,34,109
10/21/2016,STX,VI,ASO,ES,Federal Contract Tower,4,18,0,0,22,0,52,15,1,68,4,70,15,1,90,0,0,0,90
10/22/2016,STX,VI,ASO,ES,Federal Contract Tower,5,8,2,0,15,0,33,15,1,49,5,41,17,1,64,0,0,0,64
10/23/2016,STX,VI,ASO,ES,Federal Contract Tower,5,8,3,0,16,0,45,13,0,58,5,53,16,0,74,0,8,8,82
10/24/2016,STX,VI,ASO,ES,Federal Contract Tower,4,21,7,0,32,0,39,10,0,49,4,60,17,0,81,0,0,0,81
10/25/2016,STX,VI,ASO,ES,Federal Contract Tower,4,21,1,0,26,0,39,26,2,67,4,60,27,2,93,0,0,0,93
10/26/2016,STX,VI,ASO,ES,Federal Contract Tower,4,17,1,0,22,0,29,18,2,49,4,46,19,2,71,0,0,0,71
10/27/2016,STX,VI,ASO,ES,Federal Contract Tower,4,18,2,0,24,0,29,28,0,57,4,47,30,0,81,0,0,0,81
10/28/2016,STX,VI,ASO,ES,Federal Contract Tower,4,23,4,0,31,0,51,24,3,78,4,74,28,3,109,12,4,16,125
10/29/2016,STX,VI,ASO,ES,Federal Contract Tower,5,8,2,1,16,0,26,10,1,37,5,34,12,2,53,0,4,4,57
10/30/2016,STX,VI,ASO,ES,Federal Contract Tower,5,7,1,0,13,0,36,18,0,54,5,43,19,0,67,12,0,12,79
10/31/2016,STX,VI,ASO,ES,Federal Contract Tower,4,21,8,2,35,0,37,12,0,49,4,58,20,2,84,8,0,8,92
11/01/2016,STX,VI,ASO,ES,Federal Contract Tower,4,26,5,3,38,0,20,6,0,26,4,46,11,3,64,0,0,0,64
11/02/2016,STX,VI,ASO,ES,Federal Contract Tower,6,21,3,1,31,0,29,11,0,40,6,50,14,1,71,12,0,12,83
11/03/2016,STX,VI,ASO,ES,Federal Contract Tower,4,20,2,2,28,0,32,20,0,52,4,52,22,2,80,10,0,10,90
11/04/2016,STX,VI,ASO,ES,Federal Contract Tower,7,24,2,0,33,0,36,20,0,56,7,60,22,0,89,18,0,18,107
11/05/2016,STX,VI,ASO,ES,Federal Contract Tower,6,11,3,0,20,0,37,13,2,52,6,48,16,2,72,0,0,0,72
11/06/2016,STX,VI,ASO,ES,Federal Contract Tower,6,10,3,0,19,0,28,13,2,43,6,38,16,2,62,0,0,0,62
11/07/2016,STX,VI,ASO,ES,Federal Contract Tower,6,19,2,0,27,0,26,24,0,50,6,45,26,0,77,6,0,6,83
11/08/2016,STX,VI,ASO,ES,Federal Contract Tower,6,24,0,1,31,0,31,20,0,51,6,55,20,1,82,4,0,4,86
11/09/2016,STX,VI,ASO,ES,Federal Contract Tower,6,20,8,1,35,0,28,19,2,49,6,48,27,3,84,2,0,2,86
11/11/2016,STX,VI,ASO,ES,Federal Contract Tower,7,17,3,0,27,0,48,26,4,78,7,65,29,4,105,0,0,0,105
11/12/2016,STX,VI,ASO,ES,Federal Contract Tower,6,10,2,0,18,0,23,29,5,57,6,33,31,5,75,6,0,6,81
11/13/2016,STX,VI,ASO,ES,Federal Contract Tower,6,11,4,0,21,0,36,19,1,56,6,47,23,1,77,0,0,0,77
11/14/2016,STX,VI,ASO,ES,Federal Contract Tower,6,23,6,2,37,0,41,22,0,63,6,64,28,2,100,10,0,10,110
11/15/2016,STX,VI,ASO,ES,Federal Contract Tower,6,21,2,0,29,0,32,32,0,64,6,53,34,0,93,6,0,6,99
11/16/2016,STX,VI,ASO,ES,Federal Contract Tower,6,27,3,0,36,0,26,29,0,55,6,53,32,0,91,2,0,2,93
11/18/2016,STX,VI,ASO,ES,Federal Contract Tower,8,23,4,1,36,0,45,20,2,67,8,68,24,3,103,8,0,8,111
11/19/2016,STX,VI,ASO,ES,Federal Contract Tower,6,8,1,0,15,0,23,21,1,45,6,31,22,1,60,0,0,0,60
11/20/2016,STX,VI,ASO,ES,Federal Contract Tower,6,10,6,1,23,0,34,7,0,41,6,44,13,1,64,2,0,2,66
11/21/2016,STX,VI,ASO,ES,Federal Contract Tower,6,25,7,0,38,0,23,2,0,25,6,48,9,0,63,0,0,0,63
11/22/2016,STX,VI,ASO,ES,Federal Contract Tower,5,27,3,0,35,0,30,22,0,52,5,57,25,0,87,2,0,2,89
11/23/2016,STX,VI,ASO,ES,Federal Contract Tower,6,22,5,2,35,0,46,15,0,61,6,68,20,2,96,4,0,4,100
11/24/2016,STX,VI,ASO,ES,Federal Contract Tower,6,14,4,0,24,0,26,7,0,33,6,40,11,0,57,0,0,0,57
11/25/2016,STX,VI,ASO,ES,Federal Contract Tower,8,20,2,0,30,0,36,13,0,49,8,56,15,0,79,0,0,0,79
11/26/2016,STX,VI,ASO,ES,Federal Contract Tower,6,10,5,0,21,0,26,10,0,36,6,36,15,0,57,10,0,10,67
11/27/2016,STX,VI,ASO,ES,Federal Contract Tower,6,13,6,0,25,0,39,23,0,62,6,52,29,0,87,0,0,0,87
11/28/2016,STX,VI,ASO,ES,Federal Contract Tower,5,28,7,0,40,0,29,9,0,38,5,57,16,0,78,4,0,4,82
11/29/2016,STX,VI,ASO,ES,Federal Contract Tower,6,26,3,0,35,0,34,35,0,69,6,60,38,0,104,16,0,16,120
11/30/2016,STX,VI,ASO,ES,Federal Contract Tower,5,23,4,0,32,0,34,24,0,58,5,57,28,0,90,6,0,6,96
12/01/2016,STX,VI,ASO,ES,Federal Contract Tower,5,23,2,0,30,0,31,15,4,50,5,54,17,4,80,0,0,0,80
12/02/2016,STX,VI,ASO,ES,Federal Contract Tower,8,23,4,1,36,0,46,17,1,64,8,69,21,2,100,2,0,2,102
12/03/2016,STX,VI,ASO,ES,Federal Contract Tower,6,13,1,1,21,0,24,5,0,29,6,37,6,1,50,0,0,0,50
12/04/2016,STX,VI,ASO,ES,Federal Contract Tower,6,12,1,0,19,0,35,10,0,45,6,47,11,0,64,0,0,0,64
12/05/2016,STX,VI,ASO,ES,Federal Contract Tower,6,24,4,3,37,0,33,10,0,43,6,57,14,3,80,0,0,0,80
12/06/2016,STX,VI,ASO,ES,Federal Contract Tower,5,17,2,3,27,0,31,19,2,52,5,48,21,5,79,1,0,1,80
12/07/2016,STX,VI,ASO,ES,Federal Contract Tower,4,22,4,2,32,0,31,9,5,45,4,53,13,7,77,0,8,8,85
12/09/2016,STX,VI,ASO,ES,Federal Contract Tower,8,27,3,2,40,0,44,18,1,63,8,71,21,3,103,0,0,0,103
12/10/2016,STX,VI,ASO,ES,Federal Contract Tower,5,11,2,3,21,0,25,20,2,47,5,36,22,5,68,2,0,2,70
12/11/2016,STX,VI,ASO,ES,Federal Contract Tower,6,12,18,2,38,0,36,17,0,53,6,48,35,2,91,4,0,4,95
12/12/2016,STX,VI,ASO,ES,Federal Contract Tower,6,22,3,0,31,0,40,20,2,62,6,62,23,2,93,0,0,0,93
12/14/2016,STX,VI,ASO,ES,Federal Contract Tower,4,16,9,0,29,0,39,25,0,64,4,55,34,0,93,6,0,6,99
12/15/2016,STX,VI,ASO,ES,Federal Contract Tower,5,16,4,0,25,0,38,25,2,65,5,54,29,2,90,34,0,34,124
12/16/2016,STX,VI,ASO,ES,Federal Contract Tower,8,27,13,1,49,0,49,19,0,68,8,76,32,1,117,0,0,0,117
12/17/2016,STX,VI,ASO,ES,Federal Contract Tower,10,11,5,0,26,0,40,17,0,57,10,51,22,0,83,0,0,0,83
12/18/2016,STX,VI,ASO,ES,Federal Contract Tower,8,12,4,1,25,0,55,34,0,89,8,67,38,1,114,6,0,6,120
12/19/2016,STX,VI,ASO,ES,Federal Contract Tower,7,24,5,0,36,0,44,27,0,71,7,68,32,0,107,0,0,0,107
12/20/2016,STX,VI,ASO,ES,Federal Contract Tower,8,25,3,0,36,0,37,24,2,63,8,62,27,2,99,0,0,0,99
12/21/2016,STX,VI,ASO,ES,Federal Contract Tower,8,19,4,3,34,0,43,27,2,72,8,62,31,5,106,0,22,22,128
12/22/2016,STX,VI,ASO,ES,Federal Contract Tower,8,21,6,0,35,0,38,26,0,64,8,59,32,0,99,0,0,0,99
12/23/2016,STX,VI,ASO,ES,Federal Contract Tower,10,22,1,0,33,0,51,16,0,67,10,73,17,0,100,0,0,0,100
12/24/2016,STX,VI,ASO,ES,Federal Contract Tower,8,16,1,0,25,0,46,8,0,54,8,62,9,0,79,0,0,0,79
12/25/2016,STX,VI,ASO,ES,Federal Contract Tower,8,10,0,0,18,0,36,7,0,43,8,46,7,0,61,0,0,0,61
12/26/2016,STX,VI,ASO,ES,Federal Contract Tower,8,14,10,4,36,0,48,16,0,64,8,62,26,4,100,0,0,0,100
12/27/2016,STX,VI,ASO,ES,Federal Contract Tower,8,21,3,1,33,0,37,19,5,61,8,58,22,6,94,0,0,0,94
12/28/2016,STX,VI,ASO,ES,Federal Contract Tower,8,23,2,1,34,0,38,18,0,56,8,61,20,1,90,16,0,16,106
12/29/2016,STX,VI,ASO,ES,Federal Contract Tower,8,20,3,3,34,0,39,32,0,71,8,59,35,3,105,0,0,0,105
12/30/2016,STX,VI,ASO,ES,Federal Contract Tower,10,23,5,0,38,0,49,13,2,64,10,72,18,2,102,0,0,0,102
12/31/2016,STX,VI,ASO,ES,Federal Contract Tower,7,11,1,0,19,0,29,7,0,36,7,40,8,0,55,0,0,0,55
01/01/2017,STX,VI,ASO,ES,Federal Contract Tower,7,10,8,0,25,0,30,3,0,33,7,40,11,0,58,0,0,0,58
01/02/2017,STX,VI,ASO,ES,Federal Contract Tower,8,16,11,2,37,0,48,17,7,72,8,64,28,9,109,8,8,16,125
01/03/2017,STX,VI,ASO,ES,Federal Contract Tower,7,16,5,2,30,0,36,27,3,66,7,52,32,5,96,0,0,0,96
01/04/2017,STX,VI,ASO,ES,Federal Contract Tower,7,17,7,2,33,0,45,23,0,68,7,62,30,2,101,10,0,10,111
01/05/2017,STX,VI,ASO,ES,Federal Contract Tower,8,20,1,5,34,0,42,19,6,67,8,62,20,11,101,0,4,4,105
01/06/2017,STX,VI,ASO,ES,Federal Contract Tower,10,14,1,2,27,0,46,34,0,80,10,60,35,2,107,14,2,16,123
01/07/2017,STX,VI,ASO,ES,Federal Contract Tower,9,11,2,0,22,0,34,19,1,54,9,45,21,1,76,0,0,0,76
01/08/2017,STX,VI,ASO,ES,Federal Contract Tower,6,10,5,0,21,0,51,34,2,87,6,61,39,2,108,20,2,22,130
01/09/2017,STX,VI,ASO,ES,Federal Contract Tower,7,26,0,1,34,0,59,25,1,85,7,85,25,2,119,6,0,6,125
01/10/2017,STX,VI,ASO,ES,Federal Contract Tower,5,19,4,0,28,0,48,24,1,73,5,67,28,1,101,0,4,4,105
01/11/2017,STX,VI,ASO,ES,Federal Contract Tower,8,21,7,0,36,0,43,21,1,65,8,64,28,1,101,0,0,0,101
01/12/2017,STX,VI,ASO,ES,Federal Contract Tower,6,18,7,0,31,0,36,34,0,70,6,54,41,0,101,4,0,4,105
01/13/2017,STX,VI,ASO,ES,Federal Contract Tower,8,21,4,1,34,0,45,32,2,79,8,66,36,3,113,6,0,6,119
01/14/2017,STX,VI,ASO,ES,Federal Contract Tower,10,10,2,0,22,0,20,33,0,53,10,30,35,0,75,0,0,0,75
01/15/2017,STX,VI,ASO,ES,Federal Contract Tower,6,11,9,0,26,0,42,19,0,61,6,53,28,0,87,0,0,0,87
01/16/2017,STX,VI,ASO,ES,Federal Contract Tower,7,17,1,0,25,0,37,7,1,45,7,54,8,1,70,0,0,0,70
01/17/2017,STX,VI,ASO,ES,Federal Contract Tower,4,21,2,0,27,0,48,24,0,72,4,69,26,0,99,0,0,0,99
01/18/2017,STX,VI,ASO,ES,Federal Contract Tower,8,19,4,2,33,0,44,29,0,73,8,63,33,2,106,18,4,22,128
01/19/2017,STX,VI,ASO,ES,Federal Contract Tower,6,18,3,0,27,0,43,35,0,78,6,61,38,0,105,2,0,2,107
01/20/2017,STX,VI,ASO,ES,Federal Contract Tower,8,23,2,0,33,0,57,28,0,85,8,80,30,0,118,0,0,0,118
01/21/2017,STX,VI,ASO,ES,Federal Contract Tower,10,11,7,2,30,0,31,6,1,38,10,42,13,3,68,0,0,0,68
01/22/2017,STX,VI,ASO,ES,Federal Contract Tower,6,13,3,1,23,0,37,15,1,53,6,50,18,2,76,4,8,12,88
01/23/2017,STX,VI,ASO,ES,Federal Contract Tower,7,24,2,0,33,0,36,12,0,48,7,60,14,0,81,8,0,8,89
01/24/2017,STX,VI,ASO,ES,Federal Contract Tower,5,19,5,1,30,0,37,10,0,47,5,56,15,1,77,0,0,0,77
01/25/2017,STX,VI,ASO,ES,Federal Contract Tower,8,20,4,1,33,0,35,15,3,53,8,55,19,4,86,0,14,14,100
01/26/2017,STX,VI,ASO,ES,Federal Contract Tower,5,19,4,0,28,0,42,27,0,69,5,61,31,0,97,10,0,10,107
01/27/2017,STX,VI,ASO,ES,Federal Contract Tower,8,26,7,0,41,0,46,13,0,59,8,72,20,0,100,18,0,18,118
01/28/2017,STX,VI,ASO,ES,Federal Contract Tower,10,10,2,3,25,0,28,6,0,34,10,38,8,3,59,4,0,4,63
01/29/2017,STX,VI,ASO,ES,Federal Contract Tower,6,11,5,2,24,0,41,14,0,55,6,52,19,2,79,28,0,28,107
01/30/2017,STX,VI,ASO,ES,Federal Contract Tower,6,26,2,2,36,0,41,16,8,65,6,67,18,10,101,0,16,16,117
01/31/2017,STX,VI,ASO,ES,Federal Contract Tower,5,17,2,0,24,0,41,19,20,80,5,58,21,20,104,6,24,30,134
02/01/2017,STX,VI,ASO,ES,Federal Contract Tower,8,19,1,0,28,0,42,23,14,79,8,61,24,14,107,0,22,22,129
02/02/2017,STX,VI,ASO,ES,Federal Contract Tower,6,19,3,6,34,0,31,19,11,61,6,50,22,17,95,0,62,62,157
02/03/2017,STX,VI,ASO,ES,Federal Contract Tower,8,20,3,0,31,0,45,9,15,69,8,65,12,15,100,0,0,0,100
02/04/2017,STX,VI,ASO,ES,Federal Contract Tower,10,10,1,1,22,0,23,4,12,39,10,33,5,13,61,0,0,0,61
02/05/2017,STX,VI,ASO,ES,Federal Contract Tower,6,10,5,1,22,0,32,10,1,43,6,42,15,2,65,0,8,8,73
02/06/2017,STX,VI,ASO,ES,Federal Contract Tower,7,21,4,0,32,0,58,16,17,91,7,79,20,17,123,0,8,8,131
02/08/2017,STX,VI,ASO,ES,Federal Contract Tower,8,20,3,3,34,0,44,13,0,57,8,64,16,3,91,0,0,0,91
02/09/2017,STX,VI,ASO,ES,Federal Contract Tower,6,16,2,3,27,0,47,38,5,90,6,63,40,8,117,0,22,22,139
02/10/2017,STX,VI,ASO,ES,Federal Contract Tower,8,29,7,1,45,0,54,35,0,89,8,83,42,1,134,0,16,16,150
02/11/2017,STX,VI,ASO,ES,Federal Contract Tower,10,10,4,1,25,0,31,17,2,50,10,41,21,3,75,0,0,0,75
02/12/2017,STX,VI,ASO,ES,Federal Contract Tower,6,11,2,0,19,0,44,16,0,60,6,55,18,0,79,2,0,2,81
02/13/2017,STX,VI,ASO,ES,Federal Contract Tower,7,21,8,1,37,0,50,15,0,65,7,71,23,1,102,0,0,0,102
02/14/2017,STX,VI,ASO,ES,Federal Contract Tower,6,16,1,0,23,0,46,17,0,63,6,62,18,0,86,0,0,0,86
02/16/2017,STX,VI,ASO,ES,Federal Contract Tower,7,15,3,0,25,0,48,25,0,73,7,63,28,0,98,8,0,8,106
02/17/2017,STX,VI,ASO,ES,Federal Contract Tower,8,22,4,3,37,0,75,58,5,138,8,97,62,8,175,2,6,8,183
02/18/2017,STX,VI,ASO,ES,Federal Contract Tower,10,11,7,0,28,0,35,20,1,56,10,46,27,1,84,6,0,6,90
02/19/2017,STX,VI,ASO,ES,Federal Contract Tower,6,9,3,0,18,0,49,43,0,92,6,58,46,0,110,20,0,20,130
02/20/2017,STX,VI,ASO,ES,Federal Contract Tower,8,14,1,0,23,0,80,28,0,108,8,94,29,0,131,28,0,28,159
02/21/2017,STX,VI,ASO,ES,Federal Contract Tower,6,22,0,0,28,0,52,31,0,83,6,74,31,0,111,0,0,0,111
02/22/2017,STX,VI,ASO,ES,Federal Contract Tower,8,16,3,0,27,0,41,21,0,62,8,57,24,0,89,8,0,8,97
02/23/2017,STX,VI,ASO,ES,Federal Contract Tower,5,22,4,0,31,0,47,22,1,70,5,69,26,1,101,0,0,0,101
02/24/2017,STX,VI,ASO,ES,Federal Contract Tower,8,18,3,0,29,0,67,26,1,94,8,85,29,1,123,0,0,0,123
02/25/2017,STX,VI,ASO,ES,Federal Contract Tower,10,10,5,0,25,0,38,19,3,60,10,48,24,3,85,8,0,8,93
02/26/2017,STX,VI,ASO,ES,Federal Contract Tower,6,10,5,0,21,0,37,14,2,53,6,47,19,2,74,12,0,12,86
02/27/2017,STX,VI,ASO,ES,Federal Contract Tower,8,22,2,0,32,0,42,20,0,62,8,64,22,0,94,12,0,12,106
02/28/2017,STX,VI,ASO,ES,Federal Contract Tower,6,30,3,0,39,0,37,13,3,53,6,67,16,3,92,0,0,0,92
03/01/2017,STX,VI,ASO,ES,Federal Contract Tower,8,20,1,1,30,0,37,18,0,55,8,57,19,1,85,0,0,0,85
03/02/2017,STX,VI,ASO,ES,Federal Contract Tower,6,22,8,1,37,0,36,18,0,54,6,58,26,1,91,6,2,8,99
03/03/2017,STX,VI,ASO,ES,Federal Contract Tower,7,20,3,3,33,0,56,26,2,84,7,76,29,5,117,2,0,2,119
03/04/2017,STX,VI,ASO,ES,Federal Contract Tower,10,11,1,2,24,0,39,15,0,54,10,50,16,2,78,14,0,14,92
03/05/2017,STX,VI,ASO,ES,Federal Contract Tower,6,9,1,1,17,0,37,11,0,48,6,46,12,1,65,16,0,16,81
03/06/2017,STX,VI,ASO,ES,Federal Contract Tower,8,30,5,0,43,0,30,10,0,40,8,60,15,0,83,10,0,10,93
03/07/2017,STX,VI,ASO,ES,Federal Contract Tower,8,28,7,0,43,0,25,13,0,38,8,53,20,0,81,8,0,8,89
03/08/2017,STX,VI,ASO,ES,Federal Contract Tower,8,16,4,0,28,0,42,22,0,64,8,58,26,0,92,0,0,0,92
03/09/2017,STX,VI,ASO,ES,Federal Contract Tower,5,24,8,0,37,0,35,22,2,59,5,59,30,2,96,16,0,16,112
03/10/2017,STX,VI,ASO,ES,Federal Contract Tower,8,22,4,0,34,0,48,45,0,93,8,70,49,0,127,6,0,6,133
03/11/2017,STX,VI,ASO,ES,Federal Contract Tower,10,10,4,0,24,0,33,16,1,50,10,43,20,1,74,8,0,8,82
03/12/2017,STX,VI,ASO,ES,Federal Contract Tower,6,10,2,0,18,0,36,31,0,67,6,46,33,0,85,10,0,10,95
03/13/2017,STX,VI,ASO,ES,Federal Contract Tower,8,23,2,0,33,0,54,17,0,71,8,77,19,0,104,0,0,0,104
03/14/2017,STX,VI,ASO,ES,Federal Contract Tower,6,21,3,0,30,0,40,13,0,53,6,61,16,0,83,0,0,0,83
03/15/2017,STX,VI,ASO,ES,Federal Contract Tower,8,16,5,1,30,0,40,24,2,66,8,56,29,3,96,6,0,6,102
03/16/2017,STX,VI,ASO,ES,Federal Contract Tower,6,22,4,0,32,0,41,21,6,68,6,63,25,6,100,14,0,14,114
03/17/2017,STX,VI,ASO,ES,Federal Contract Tower,8,24,8,0,40,0,51,40,2,93,8,75,48,2,133,0,0,0,133
03/18/2017,STX,VI,ASO,ES,Federal Contract Tower,10,12,8,0,30,0,31,13,0,44,10,43,21,0,74,6,0,6,80
03/19/2017,STX,VI,ASO,ES,Federal Contract Tower,6,13,3,1,23,0,32,13,9,54,6,45,16,10,77,0,0,0,77
03/20/2017,STX,VI,ASO,ES,Federal Contract Tower,8,23,2,0,33,0,43,10,4,57,8,66,12,4,90,0,0,0,90
03/21/2017,STX,VI,ASO,ES,Federal Contract Tower,6,23,4,0,33,0,36,20,6,62,6,59,24,6,95,0,4,4,99
03/22/2017,STX,VI,ASO,ES,Federal Contract Tower,8,20,3,1,32,0,47,28,3,78,8,67,31,4,110,0,0,0,110
03/23/2017,STX,VI,ASO,ES,Federal Contract Tower,6,28,5,0,39,0,42,23,0,65,6,70,28,0,104,26,0,26,130
03/24/2017,STX,VI,ASO,ES,Federal Contract Tower,8,41,4,0,53,0,48,46,0,94,8,89,50,0,147,4,0,4,151
03/25/2017,STX,VI,ASO,ES,Federal Contract Tower,10,16,5,0,31,0,31,15,2,48,10,47,20,2,79,6,0,6,85
03/26/2017,STX,VI,ASO,ES,Federal Contract Tower,6,13,0,1,20,0,37,22,1,60,6,50,22,2,80,0,0,0,80
03/27/2017,STX,VI,ASO,ES,Federal Contract Tower,8,20,5,1,34,0,37,11,1,49,8,57,16,2,83,4,2,6,89
03/28/2017,STX,VI,ASO,ES,Federal Contract Tower,6,23,5,0,34,0,40,24,0,64,6,63,29,0,98,4,0,4,102
03/29/2017,STX,VI,ASO,ES,Federal Contract Tower,8,18,8,2,36,0,44,26,2,72,8,62,34,4,108,4,0,4,112
03/30/2017,STX,VI,ASO,ES,Federal Contract Tower,6,25,4,3,38,0,38,20,2,60,6,63,24,5,98,2,0,2,100
03/31/2017,STX,VI,ASO,ES,Federal Contract Tower,8,22,2,1,33,0,55,24,10,89,8,77,26,11,122,0,2,2,124
04/01/2017,STX,VI,ASO,ES,Federal Contract Tower,10,11,3,0,24,0,37,22,0,59,10,48,25,0,83,0,0,0,83
04/02/2017,STX,VI,ASO,ES,Federal Contract Tower,6,13,7,0,26,0,37,8,0,45,6,50,15,0,71,0,0,0,71
04/03/2017,STX,VI,ASO,ES,Federal Contract Tower,6,20,4,0,30,0,39,17,0,56,6,59,21,0,86,6,0,6,92
04/04/2017,STX,VI,ASO,ES,Federal Contract Tower,6,18,4,0,28,0,42,8,1,51,6,60,12,1,79,6,0,6,85
04/05/2017,STX,VI,ASO,ES,Federal Contract Tower,6,23,4,1,34,0,42,14,0,56,6,65,18,1,90,20,0,20,110
04/06/2017,STX,VI,ASO,ES,Federal Contract Tower,6,22,4,0,32,0,33,25,4,62,6,55,29,4,94,0,0,0,94
04/07/2017,STX,VI,ASO,ES,Federal Contract Tower,7,25,1,0,33,0,43,59,3,105,7,68,60,3,138,2,0,2,140
04/08/2017,STX,VI,ASO,ES,Federal Contract Tower,10,12,5,3,30,0,32,30,1,63,10,44,35,4,93,0,0,0,93
04/09/2017,STX,VI,ASO,ES,Federal Contract Tower,6,8,5,1,20,0,30,32,6,68,6,38,37,7,88,28,0,28,116
04/10/2017,STX,VI,ASO,ES,Federal Contract Tower,7,28,8,1,44,0,30,16,3,49,7,58,24,4,93,6,0,6,99
04/11/2017,STX,VI,ASO,ES,Federal Contract Tower,4,22,2,3,31,0,44,20,0,64,4,66,22,3,95,8,0,8,103
04/12/2017,STX,VI,ASO,ES,Federal Contract Tower,6,23,2,4,35,0,39,30,3,72,6,62,32,7,107,4,22,26,133
04/13/2017,STX,VI,ASO,ES,Federal Contract Tower,6,24,1,1,32,0,33,18,7,58,6,57,19,8,90,24,4,28,118
04/14/2017,STX,VI,ASO,ES,Federal Contract Tower,6,14,10,1,31,0,42,26,0,68,6,56,36,1,99,2,0,2,101
04/15/2017,STX,VI,ASO,ES,Federal Contract Tower,10,12,1,0,23,0,26,15,0,41,10,38,16,0,64,0,0,0,64
04/16/2017,STX,VI,ASO,ES,Federal Contract Tower,8,19,4,0,31,0,21,25,0,46,8,40,29,0,77,12,0,12,89
04/17/2017,STX,VI,ASO,ES,Federal Contract Tower,6,29,10,1,46,0,41,13,2,56,6,70,23,3,102,0,0,0,102
04/18/2017,STX,VI,ASO,ES,Federal Contract Tower,6,26,3,0,35,0,45,35,1,81,6,71,38,1,116,18,0,18,134
04/19/2017,STX,VI,ASO,ES,Federal Contract Tower,6,20,3,0,29,0,40,25,2,67,6,60,28,2,96,0,0,0,96
04/20/2017,STX,VI,ASO,ES,Federal Contract Tower,6,19,0,0,25,0,42,13,2,57,6,61,13,2,82,0,0,0,82
04/21/2017,STX,VI,ASO,ES,Federal Contract Tower,6,21,2,4,33,0,48,27,2,77,6,69,29,6,110,0,0,0,110
04/22/2017,STX,VI,ASO,ES,Federal Contract Tower,10,11,2,0,23,0,26,21,0,47,10,37,23,0,70,4,0,4,74
04/23/2017,STX,VI,ASO,ES,Federal Contract Tower,6,12,0,1,19,0,36,12,9,57,6,48,12,10,76,0,26,26,102
04/24/2017,STX,VI,ASO,ES,Federal Contract Tower,8,21,0,3,32,0,47,16,11,74,8,68,16,14,106,0,32,32,138
04/25/2017,STX,VI,ASO,ES,Federal Contract Tower,6,23,5,3,37,0,49,15,4,68,6,72,20,7,105,0,0,0,105
04/26/2017,STX,VI,ASO,ES,Federal Contract Tower,8,18,5,3,34,0,51,26,5,82,8,69,31,8,116,0,8,8,124
04/27/2017,STX,VI,ASO,ES,Federal Contract Tower,6,21,2,2,31,0,36,33,12,81,6,57,35,14,112,14,0,14,126
04/28/2017,STX,VI,ASO,ES,Federal Contract Tower,6,24,2,1,33,0,46,38,1,85,6,70,40,2,118,10,0,10,128
04/29/2017,STX,VI,ASO,ES,Federal Contract Tower,10,16,1,0,27,0,24,8,11,43,10,40,9,11,70,0,16,16,86
04/30/2017,STX,VI,ASO,ES,Federal Contract Tower,6,17,0,1,24,0,34,21,7,62,6,51,21,8,86,0,18,18,104
05/01/2017,STX,VI,ASO,ES,Federal Contract Tower,6,23,3,3,35,0,42,19,12,73,6,65,22,15,108,0,24,24,132
05/02/2017,STX,VI,ASO,ES,Federal Contract Tower,6,24,4,1,35,0,36,17,3,56,6,60,21,4,91,4,4,8,99
05/03/2017,STX,VI,ASO,ES,Federal Contract Tower,6,18,2,2,28,0,32,19,11,62,6,50,21,13,90,0,20,20,110
05/04/2017,STX,VI,ASO,ES,Federal Contract Tower,6,22,2,3,33,0,29,16,18,63,6,51,18,21,96,0,0,0,96
05/05/2017,STX,VI,ASO,ES,Federal Contract Tower,6,19,0,2,27,0,39,12,2,53,6,58,12,4,80,2,0,2,82
05/06/2017,STX,VI,ASO,ES,Federal Contract Tower,10,11,1,3,25,0,17,6,1,24,10,28,7,4,49,0,30,30,79
05/07/2017,STX,VI,ASO,ES,Federal Contract Tower,6,12,2,2,22,0,28,14,1,43,6,40,16,3,65,0,0,0,65
05/08/2017,STX,VI,ASO,ES,Federal Contract Tower,6,19,3,1,29,0,35,16,3,54,6,54,19,4,83,0,0,0,83
05/09/2017,STX,VI,ASO,ES,Federal Contract Tower,6,31,5,1,43,0,17,10,0,27,6,48,15,1,70,0,0,0,70
05/10/2017,STX,VI,ASO,ES,Federal Contract Tower,6,18,4,14,42,0,30,23,1,54,6,48,27,15,96,6,0,6,102
05/11/2017,STX,VI,ASO,ES,Federal Contract Tower,6,30,8,1,45,0,27,20,1,48,6,57,28,2,93,0,0,0,93
05/12/2017,STX,VI,ASO,ES,Federal Contract Tower,6,20,5,2,33,0,40,18,1,59,6,60,23,3,92,5,0,5,97
05/13/2017,STX,VI,ASO,ES,Federal Contract Tower,10,9,3,1,23,0,26,23,2,51,10,35,26,3,74,4,0,4,78
05/14/2017,STX,VI,ASO,ES,Federal Contract Tower,6,12,0,5,23,0,34,11,4,49,6,46,11,9,72,0,0,0,72
05/15/2017,STX,VI,ASO,ES,Federal Contract Tower,6,18,1,2,27,0,27,7,3,37,6,45,8,5,64,0,0,0,64
05/16/2017,STX,VI,ASO,ES,Federal Contract Tower,6,25,3,1,35,0,24,21,18,63,6,49,24,19,98,12,16,28,126
05/17/2017,STX,VI,ASO,ES,Federal Contract Tower,6,18,4,0,28,0,33,16,8,57,6,51,20,8,85,0,2,2,87
05/18/2017,STX,VI,ASO,ES,Federal Contract Tower,6,23,0,4,33,0,28,23,6,57,6,51,23,10,90,0,27,27,117
05/19/2017,STX,VI,ASO,ES,Federal Contract Tower,6,18,4,2,30,0,43,24,16,83,6,61,28,18,113,2,0,2,115
05/20/2017,STX,VI,ASO,ES,Federal Contract Tower,10,12,0,1,23,0,24,8,2,34,10,36,8,3,57,0,0,0,57
05/21/2017,STX,VI,ASO,ES,Federal Contract Tower,6,12,2,1,21,0,17,11,2,30,6,29,13,3,51,6,0,6,57
05/22/2017,STX,VI,ASO,ES,Federal Contract Tower,6,20,2,1,29,0,36,8,1,45,6,56,10,2,74,12,0,12,86
05/23/2017,STX,VI,ASO,ES,Federal Contract Tower,4,20,2,2,28,0,30,19,4,53,4,50,21,6,81,4,32,36,117
05/24/2017,STX,VI,ASO,ES,Federal Contract Tower,6,16,2,3,27,0,28,25,2,55,6,44,27,5,82,4,16,20,102
05/25/2017,STX,VI,ASO,ES,Federal Contract Tower,6,20,3,0,29,0,25,18,0,43,6,45,21,0,72,0,0,0,72
05/26/2017,STX,VI,ASO,ES,Federal Contract Tower,6,19,2,0,27,0,39,30,0,69,6,58,32,0,96,2,0,2,98
05/27/2017,STX,VI,ASO,ES,Federal Contract Tower,10,12,0,0,22,0,20,9,0,29,10,32,9,0,51,0,0,0,51
05/28/2017,STX,VI,ASO,ES,Federal Contract Tower,5,10,0,0,15,0,25,6,0,31,5,35,6,0,46,0,0,0,46
05/29/2017,STX,VI,ASO,ES,Federal Contract Tower,6,15,1,0,22,0,38,7,0,45,6,53,8,0,67,0,0,0,67
05/30/2017,STX,VI,ASO,ES,Federal Contract Tower,6,24,2,0,32,0,31,12,0,43,6,55,14,0,75,0,0,0,75
05/31/2017,STX,VI,ASO,ES,Federal Contract Tower,6,19,4,0,29,0,25,15,0,40,6,44,19,0,69,0,0,0,69
06/01/2017,STX,VI,ASO,ES,Federal Contract Tower,6,18,1,1,26,0,26,20,0,46,6,44,21,1,72,4,0,4,76
06/02/2017,STX,VI,ASO,ES,Federal Contract Tower,5,21,5,2,33,0,44,14,3,61,5,65,19,5,94,2,0,2,96
06/03/2017,STX,VI,ASO,ES,Federal Contract Tower,10,12,3,0,25,0,24,10,1,35,10,36,13,1,60,0,0,0,60
06/04/2017,STX,VI,ASO,ES,Federal Contract Tower,6,12,3,1,22,0,26,15,0,41,6,38,18,1,63,0,0,0,63
06/05/2017,STX,VI,ASO,ES,Federal Contract Tower,6,22,3,0,31,0,26,3,6,35,6,48,6,6,66,0,0,0,66
06/06/2017,STX,VI,ASO,ES,Federal Contract Tower,6,20,2,1,29,0,24,16,1,41,6,44,18,2,70,12,0,12,82
06/07/2017,STX,VI,ASO,ES,Federal Contract Tower,4,19,5,1,29,0,29,13,7,49,4,48,18,8,78,6,4,10,88
06/08/2017,STX,VI,ASO,ES,Federal Contract Tower,5,21,2,1,29,0,36,16,6,58,5,57,18,7,87,0,0,0,87
06/09/2017,STX,VI,ASO,ES,Federal Contract Tower,7,18,2,2,29,0,41,22,14,77,7,59,24,16,106,2,0,2,108
06/11/2017,STX,VI,ASO,ES,Federal Contract Tower,6,11,4,1,22,0,35,13,3,51,6,46,17,4,73,16,12,28,101
06/12/2017,STX,VI,ASO,ES,Federal Contract Tower,6,22,2,0,30,0,28,8,6,42,6,50,10,6,72,0,24,24,96
06/13/2017,STX,VI,ASO,ES,Federal Contract Tower,8,23,1,1,33,0,34,12,5,51,8,57,13,6,84,0,12,12,96
06/14/2017,STX,VI,ASO,ES,Federal Contract Tower,6,18,4,0,28,0,31,16,0,47,6,49,20,0,75,0,0,0,75
06/15/2017,STX,VI,ASO,ES,Federal Contract Tower,6,19,2,1,28,0,39,21,0,60,6,58,23,1,88,4,0,4,92
06/16/2017,STX,VI,ASO,ES,Federal Contract Tower,6,19,0,4,29,0,44,26,1,71,6,63,26,5,100,6,0,6,106
06/17/2017,STX,VI,ASO,ES,Federal Contract Tower,10,12,1,4,27,0,26,27,2,55,10,38,28,6,82,0,0,0,82
06/18/2017,STX,VI,ASO,ES,Federal Contract Tower,5,10,1,4,20,0,30,7,0,37,5,40,8,4,57,0,0,0,57
06/19/2017,STX,VI,ASO,ES,Federal Contract Tower,6,25,3,2,36,0,29,19,0,48,6,54,22,2,84,0,0,0,84
06/20/2017,STX,VI,ASO,ES,Federal Contract Tower,8,25,2,1,36,0,25,19,0,44,8,50,21,1,80,6,0,6,86
06/21/2017,STX,VI,ASO,ES,Federal Contract Tower,6,18,5,1,30,0,39,23,1,63,6,57,28,2,93,12,0,12,105
06/22/2017,STX,VI,ASO,ES,Federal Contract Tower,6,18,0,1,25,0,35,13,0,48,6,53,13,1,73,0,0,0,73
06/23/2017,STX,VI,ASO,ES,Federal Contract Tower,6,19,3,3,31,0,43,3,0,46,6,62,6,3,77,12,0,12,89
06/24/2017,STX,VI,ASO,ES,Federal Contract Tower,10,11,7,1,29,0,25,11,0,36,10,36,18,1,65,4,0,4,69
06/25/2017,STX,VI,ASO,ES,Federal Contract Tower,6,11,1,0,18,0,28,4,0,32,6,39,5,0,50,0,0,0,50
06/26/2017,STX,VI,ASO,ES,Federal Contract Tower,6,19,1,0,26,0,36,15,0,51,6,55,16,0,77,0,0,0,77
06/27/2017,STX,VI,ASO,ES,Federal Contract Tower,8,20,2,0,30,0,39,10,0,49,8,59,12,0,79,0,0,0,79
06/28/2017,STX,VI,ASO,ES,Federal Contract Tower,6,22,0,0,28,0,39,51,0,90,6,61,51,0,118,64,0,64,182
06/29/2017,STX,VI,ASO,ES,Federal Contract Tower,6,27,8,1,42,0,27,11,0,38,6,54,19,1,80,0,0,0,80
06/30/2017,STX,VI,ASO,ES,Federal Contract Tower,6,21,3,2,32,0,43,29,0,72,6,64,32,2,104,6,0,6,110
07/01/2017,STX,VI,ASO,ES,Federal Contract Tower,9,12,3,2,26,0,24,7,0,31,9,36,10,2,57,0,0,0,57
07/02/2017,STX,VI,ASO,ES,Federal Contract Tower,7,12,0,1,20,0,28,10,0,38,7,40,10,1,58,0,0,0,58
07/03/2017,STX,VI,ASO,ES,Federal Contract Tower,6,24,2,0,32,0,33,6,0,39,6,57,8,0,71,0,0,0,71
07/04/2017,STX,VI,ASO,ES,Federal Contract Tower,7,17,0,0,24,0,26,7,0,33,7,43,7,0,57,0,0,0,57
07/05/2017,STX,VI,ASO,ES,Federal Contract Tower,6,16,3,0,25,0,39,12,0,51,6,55,15,0,76,0,0,0,76
07/06/2017,STX,VI,ASO,ES,Federal Contract Tower,6,21,4,1,32,0,31,20,4,55,6,52,24,5,87,0,17,17,104
07/07/2017,STX,VI,ASO,ES,Federal Contract Tower,6,22,1,0,29,0,40,15,0,55,6,62,16,0,84,6,0,6,90
07/08/2017,STX,VI,ASO,ES,Federal Contract Tower,10,13,3,0,26,0,29,9,0,38,10,42,12,0,64,0,0,0,64
07/09/2017,STX,VI,ASO,ES,Federal Contract Tower,6,12,0,0,18,0,28,14,0,42,6,40,14,0,60,0,0,0,60
07/10/2017,STX,VI,ASO,ES,Federal Contract Tower,6,19,3,1,29,0,30,17,0,47,6,49,20,1,76,4,0,4,80
07/11/2017,STX,VI,ASO,ES,Federal Contract Tower,8,35,0,2,45,0,21,12,0,33,8,56,12,2,78,0,0,0,78
07/12/2017,STX,VI,ASO,ES,Federal Contract Tower,5,18,3,1,27,0,28,15,1,44,5,46,18,2,71,0,0,0,71
07/13/2017,STX,VI,ASO,ES,Federal Contract Tower,6,26,8,2,42,0,24,7,3,34,6,50,15,5,76,0,4,4,80
07/14/2017,STX,VI,ASO,ES,Federal Contract Tower,6,23,1,2,32,0,34,17,2,53,6,57,18,4,85,0,0,0,85
07/15/2017,STX,VI,ASO,ES,Federal Contract Tower,10,12,1,2,25,0,24,12,2,38,10,36,13,4,63,8,0,8,71
07/16/2017,STX,VI,ASO,ES,Federal Contract Tower,5,12,1,0,18,0,32,15,0,47,5,44,16,0,65,4,0,4,69
07/17/2017,STX,VI,ASO,ES,Federal Contract Tower,6,19,3,3,31,0,30,14,0,44,6,49,17,3,75,0,0,0,75
07/18/2017,STX,VI,ASO,ES,Federal Contract Tower,8,24,2,6,40,0,31,16,1,48,8,55,18,7,88,0,0,0,88
07/19/2017,STX,VI,ASO,ES,Federal Contract Tower,6,19,4,0,29,0,39,7,9,55,6,58,11,9,84,0,0,0,84
07/20/2017,STX,VI,ASO,ES,Federal Contract Tower,6,24,2,6,38,0,34,32,0,66,6,58,34,6,104,0,12,12,116
07/21/2017,STX,VI,ASO,ES,Federal Contract Tower,6,20,1,1,28,0,34,20,0,54,6,54,21,1,82,0,0,0,82
07/22/2017,STX,VI,ASO,ES,Federal Contract Tower,10,12,3,2,27,0,21,9,0,30,10,33,12,2,57,0,0,0,57
07/23/2017,STX,VI,ASO,ES,Federal Contract Tower,6,12,3,1,22,0,27,8,0,35,6,39,11,1,57,0,0,0,57
07/24/2017,STX,VI,ASO,ES,Federal Contract Tower,6,23,2,0,31,0,27,19,2,48,6,50,21,2,79,4,0,4,83
07/25/2017,STX,VI,ASO,ES,Federal Contract Tower,8,25,0,0,33,0,32,16,0,48,8,57,16,0,81,0,0,0,81
07/26/2017,STX,VI,ASO,ES,Federal Contract Tower,5,16,2,1,24,0,33,20,2,55,5,49,22,3,79,6,0,6,85
07/27/2017,STX,VI,ASO,ES,Federal Contract Tower,6,22,2,3,33,0,36,21,0,57,6,58,23,3,90,0,0,0,90
07/28/2017,STX,VI,ASO,ES,Federal Contract Tower,6,20,0,0,26,0,43,18,0,61,6,63,18,0,87,14,0,14,101
07/29/2017,STX,VI,ASO,ES,Federal Contract Tower,10,10,2,2,24,0,22,24,3,49,10,32,26,5,73,0,0,0,73
07/30/2017,STX,VI,ASO,ES,Federal Contract Tower,6,12,6,1,25,0,36,13,1,50,6,48,19,2,75,0,2,2,77
08/01/2017,STX,VI,ASO,ES,Federal Contract Tower,8,24,4,2,38,0,29,18,2,49,8,53,22,4,87,6,2,8,95
08/02/2017,STX,VI,ASO,ES,Federal Contract Tower,6,24,8,0,38,0,29,19,0,48,6,53,27,0,86,4,0,4,90
08/03/2017,STX,VI,ASO,ES,Federal Contract Tower,5,22,5,2,34,0,21,28,4,53,5,43,33,6,87,0,8,8,95
08/04/2017,STX,VI,ASO,ES,Federal Contract Tower,6,26,2,0,34,0,34,12,0,46,6,60,14,0,80,0,0,0,80
08/05/2017,STX,VI,ASO,ES,Federal Contract Tower,10,12,0,0,22,0,25,12,0,37,10,37,12,0,59,8,0,8,67
08/06/2017,STX,VI,ASO,ES,Federal Contract Tower,6,12,6,0,24,0,20,19,0,39,6,32,25,0,63,4,0,4,67
08/07/2017,STX,VI,ASO,ES,Federal Contract Tower,6,21,1,0,28,0,25,6,4,35,6,46,7,4,63,0,0,0,63
08/08/2017,STX,VI,ASO,ES,Federal Contract Tower,8,25,10,0,43,0,28,9,0,37,8,53,19,0,80,0,0,0,80
08/09/2017,STX,VI,ASO,ES,Federal Contract Tower,6,21,5,0,32,0,27,14,0,41,6,48,19,0,73,6,0,6,79
08/10/2017,STX,VI,ASO,ES,Federal Contract Tower,6,25,4,2,37,0,28,32,0,60,6,53,36,2,97,0,2,2,99
08/11/2017,STX,VI,ASO,ES,Federal Contract Tower,6,21,7,1,35,0,33,11,1,45,6,54,18,2,80,0,0,0,80
08/12/2017,STX,VI,ASO,ES,Federal Contract Tower,10,12,4,0,26,0,23,13,0,36,10,35,17,0,62,4,0,4,66
08/13/2017,STX,VI,ASO,ES,Federal Contract Tower,6,16,5,0,27,0,21,12,0,33,6,37,17,0,60,8,0,8,68
08/14/2017,STX,VI,ASO,ES,Federal Contract Tower,6,20,4,2,32,0,27,14,0,41,6,47,18,2,73,0,0,0,73
08/15/2017,STX,VI,ASO,ES,Federal Contract Tower,8,21,3,0,32,0,29,23,2,54,8,50,26,2,86,0,0,0,86
08/16/2017,STX,VI,ASO,ES,Federal Contract Tower,8,20,3,2,33,0,24,4,0,28,8,44,7,2,61,0,0,0,61
08/17/2017,STX,VI,ASO,ES,Federal Contract Tower,6,22,4,5,37,0,26,17,0,43,6,48,21,5,80,0,0,0,80
08/18/2017,STX,VI,ASO,ES,Federal Contract Tower,6,21,2,2,31,0,40,13,0,53,6,61,15,2,84,0,0,0,84
08/19/2017,STX,VI,ASO,ES,Federal Contract Tower,10,13,1,4,28,0,22,3,2,27,10,35,4,6,55,0,0,0,55
08/20/2017,STX,VI,ASO,ES,Federal Contract Tower,6,12,1,2,21,0,24,1,0,25,6,36,2,2,46,0,0,0,46
08/21/2017,STX,VI,ASO,ES,Federal Contract Tower,6,20,3,1,30,0,35,15,0,50,6,55,18,1,80,0,0,0,80
08/22/2017,STX,VI,ASO,ES,Federal Contract Tower,5,20,2,3,30,0,31,15,0,46,5,51,17,3,76,6,0,6,82
08/23/2017,STX,VI,ASO,ES,Federal Contract Tower,4,24,4,0,32,0,29,19,0,48,4,53,23,0,80,10,0,10,90
08/24/2017,STX,VI,ASO,ES,Federal Contract Tower,4,20,2,0,26,0,23,15,0,38,4,43,17,0,64,4,0,4,68
08/25/2017,STX,VI,ASO,ES,Federal Contract Tower,4,22,1,1,28,0,38,27,0,65,4,60,28,1,93,10,0,10,103
08/26/2017,STX,VI,ASO,ES,Federal Contract Tower,6,12,0,0,18,0,20,10,2,32,6,32,10,2,50,0,0,0,50
08/27/2017,STX,VI,ASO,ES,Federal Contract Tower,4,10,1,1,16,0,27,11,0,38,4,37,12,1,54,4,0,4,58
08/28/2017,STX,VI,ASO,ES,Federal Contract Tower,4,20,1,0,25,0,27,3,0,30,4,47,4,0,55,0,0,0,55
08/30/2017,STX,VI,ASO,ES,Federal Contract Tower,4,21,1,0,26,0,27,17,0,44,4,48,18,0,70,6,0,6,76
08/31/2017,STX,VI,ASO,ES,Federal Contract Tower,4,21,4,0,29,0,27,19,0,46,4,48,23,0,75,0,0,0,75
09/01/2017,STX,VI,ASO,ES,Federal Contract Tower,4,21,3,0,28,0,34,19,0,53,4,55,22,0,81,6,0,6,87
09/02/2017,STX,VI,ASO,ES,Federal Contract Tower,4,8,3,0,15,0,22,10,0,32,4,30,13,0,47,0,0,0,47
09/03/2017,STX,VI,ASO,ES,Federal Contract Tower,4,9,2,3,18,0,31,9,0,40,4,40,11,3,58,0,0,0,58
09/04/2017,STX,VI,ASO,ES,Federal Contract Tower,4,16,7,5,32,0,25,18,3,46,4,41,25,8,78,0,0,0,78
09/05/2017,STX,VI,ASO,ES,Federal Contract Tower,4,21,10,4,39,0,8,28,0,36,4,29,38,4,75,0,0,0,75
10/23/2017,STX,VI,ASO,ES,Federal Contract Tower,4,24,6,8,42,0,20,8,11,39,4,44,14,19,81,0,0,0,81
10/24/2017,STX,VI,ASO,ES,Federal Contract Tower,4,19,5,3,31,0,22,34,8,64,4,41,39,11,95,0,0,0,95
10/25/2017,STX,VI,ASO,ES,Federal Contract Tower,5,21,8,3,37,0,21,33,12,66,5,42,41,15,103,0,0,0,103
10/26/2017,STX,VI,ASO,ES,Federal Contract Tower,7,20,10,6,43,0,24,19,6,49,7,44,29,12,92,2,18,20,112
10/27/2017,STX,VI,ASO,ES,Federal Contract Tower,4,27,9,4,44,0,22,24,9,55,4,49,33,13,99,2,8,10,109
10/29/2017,STX,VI,ASO,ES,Federal Contract Tower,5,15,2,1,23,1,21,16,12,50,6,36,18,13,73,4,0,4,77
10/31/2017,STX,VI,ASO,ES,Federal Contract Tower,4,22,1,0,27,0,28,20,3,51,4,50,21,3,78,4,0,4,82
11/01/2017,STX,VI,ASO,ES,Federal Contract Tower,4,23,2,2,31,0,24,24,10,58,4,47,26,12,89,0,2,2,91
11/02/2017,STX,VI,ASO,ES,Federal Contract Tower,4,20,6,3,33,0,25,21,6,52,4,45,27,9,85,0,2,2,87
11/03/2017,STX,VI,ASO,ES,Federal Contract Tower,4,17,8,0,29,0,29,19,6,54,4,46,27,6,83,2,0,2,85
11/04/2017,STX,VI,ASO,ES,Federal Contract Tower,4,14,10,2,30,0,19,22,6,47,4,33,32,8,77,0,6,6,83
11/05/2017,STX,VI,ASO,ES,Federal Contract Tower,5,8,12,2,27,0,23,10,0,33,5,31,22,2,60,6,0,6,66
11/06/2017,STX,VI,ASO,ES,Federal Contract Tower,5,18,5,4,32,0,24,16,1,41,5,42,21,5,73,0,0,0,73
11/07/2017,STX,VI,ASO,ES,Federal Contract Tower,6,16,4,3,29,0,29,24,4,57,6,45,28,7,86,2,2,4,90
11/08/2017,STX,VI,ASO,ES,Federal Contract Tower,4,24,2,2,32,0,21,24,4,49,4,45,26,6,81,0,4,4,85
11/09/2017,STX,VI,ASO,ES,Federal Contract Tower,4,17,6,0,27,0,25,20,11,56,4,42,26,11,83,0,16,16,99
11/10/2017,STX,VI,ASO,ES,Federal Contract Tower,4,15,5,0,24,0,24,21,6,51,4,39,26,6,75,0,4,4,79
11/11/2017,STX,VI,ASO,ES,Federal Contract Tower,4,12,4,2,22,0,24,26,4,54,4,36,30,6,76,8,0,8,84
11/12/2017,STX,VI,ASO,ES,Federal Contract Tower,4,8,2,0,14,0,29,12,2,43,4,37,14,2,57,0,0,0,57
11/13/2017,STX,VI,ASO,ES,Federal Contract Tower,4,18,5,3,30,0,30,20,0,50,4,48,25,3,80,0,0,0,80
11/14/2017,STX,VI,ASO,ES,Federal Contract Tower,4,16,6,4,30,0,34,19,0,53,4,50,25,4,83,10,0,10,93
11/20/2017,STX,VI,ASO,ES,Federal Contract Tower,4,23,5,6,38,0,22,15,0,37,4,45,20,6,75,0,0,0,75
11/21/2017,STX,VI,ASO,ES,Federal Contract Tower,4,13,2,0,19,0,28,19,0,47,4,41,21,0,66,0,0,0,66
11/22/2017,STX,VI,ASO,ES,Federal Contract Tower,4,18,0,0,22,0,26,19,2,47,4,44,19,2,69,0,6,6,75
11/23/2017,STX,VI,ASO,ES,Federal Contract Tower,4,10,3,0,17,0,18,5,0,23,4,28,8,0,40,0,0,0,40
11/24/2017,STX,VI,ASO,ES,Federal Contract Tower,4,21,1,0,26,0,26,11,0,37,4,47,12,0,63,0,0,0,63
11/25/2017,STX,VI,ASO,ES,Federal Contract Tower,3,14,3,0,20,0,21,10,0,31,3,35,13,0,51,0,0,0,51
11/26/2017,STX,VI,ASO,ES,Federal Contract Tower,4,9,1,0,14,0,26,16,0,42,4,35,17,0,56,2,0,2,58
11/27/2017,STX,VI,ASO,ES,Federal Contract Tower,4,16,2,0,22,0,27,12,0,39,4,43,14,0,61,0,0,0,61
11/28/2017,STX,VI,ASO,ES,Federal Contract Tower,4,13,8,0,25,0,33,20,0,53,4,46,28,0,78,0,0,0,78
11/29/2017,STX,VI,ASO,ES,Federal Contract Tower,4,19,4,0,27,0,26,13,0,39,4,45,17,0,66,0,0,0,66
11/30/2017,STX,VI,ASO,ES,Federal Contract Tower,4,18,6,0,28,0,22,41,0,63,4,40,47,0,91,0,0,0,91
12/01/2017,STX,VI,ASO,ES,Federal Contract Tower,4,12,2,3,21,0,34,24,0,58,4,46,26,3,79,0,0,0,79
12/02/2017,STX,VI,ASO,ES,Federal Contract Tower,6,9,5,4,24,0,23,8,3,34,6,32,13,7,58,0,0,0,58
12/03/2017,STX,VI,ASO,ES,Federal Contract Tower,5,8,0,1,14,0,28,11,0,39,5,36,11,1,53,0,0,0,53
12/04/2017,STX,VI,ASO,ES,Federal Contract Tower,4,18,3,0,25,0,32,13,0,45,4,50,16,0,70,0,0,0,70
12/06/2017,STX,VI,ASO,ES,Federal Contract Tower,4,20,3,2,29,0,26,10,0,36,4,46,13,2,65,10,0,10,75
12/08/2017,STX,VI,ASO,ES,Federal Contract Tower,4,13,3,1,21,0,42,23,0,65,4,55,26,1,86,0,0,0,86
12/09/2017,STX,VI,ASO,ES,Federal Contract Tower,4,8,3,0,15,0,30,6,0,36,4,38,9,0,51,0,0,0,51
12/10/2017,STX,VI,ASO,ES,Federal Contract Tower,5,10,1,0,16,0,28,7,0,35,5,38,8,0,51,4,0,4,55
12/11/2017,STX,VI,ASO,ES,Federal Contract Tower,4,13,2,0,19,0,33,16,0,49,4,46,18,0,68,2,0,2,70
12/12/2017,STX,VI,ASO,ES,Federal Contract Tower,4,25,9,1,39,0,38,40,0,78,4,63,49,1,117,2,6,8,125
12/13/2017,STX,VI,ASO,ES,Federal Contract Tower,4,15,0,1,20,0,30,17,0,47,4,45,17,1,67,0,0,0,67
12/14/2017,STX,VI,ASO,ES,Federal Contract Tower,4,12,5,0,21,0,36,21,0,57,4,48,26,0,78,0,0,0,78
12/15/2017,STX,VI,ASO,ES,Federal Contract Tower,5,14,6,1,26,0,36,21,0,57,5,50,27,1,83,0,0,0,83
12/16/2017,STX,VI,ASO,ES,Federal Contract Tower,7,9,6,1,23,0,30,29,0,59,7,39,35,1,82,2,0,2,84
12/17/2017,STX,VI,ASO,ES,Federal Contract Tower,6,14,2,3,25,0,25,6,0,31,6,39,8,3,56,10,0,10,66
12/18/2017,STX,VI,ASO,ES,Federal Contract Tower,6,23,7,1,37,0,37,13,0,50,6,60,20,1,87,0,0,0,87
12/19/2017,STX,VI,ASO,ES,Federal Contract Tower,6,17,6,2,31,0,36,22,0,58,6,53,28,2,89,0,0,0,89
12/20/2017,STX,VI,ASO,ES,Federal Contract Tower,6,20,0,0,26,0,35,32,0,67,6,55,32,0,93,2,0,2,95
12/21/2017,STX,VI,ASO,ES,Federal Contract Tower,8,26,2,0,36,0,37,31,0,68,8,63,33,0,104,0,0,0,104
12/22/2017,STX,VI,ASO,ES,Federal Contract Tower,8,21,4,0,33,0,41,29,2,72,8,62,33,2,105,4,0,4,109
12/23/2017,STX,VI,ASO,ES,Federal Contract Tower,9,9,3,0,21,0,35,21,0,56,9,44,24,0,77,0,0,0,77
12/24/2017,STX,VI,ASO,ES,Federal Contract Tower,8,9,0,0,17,0,27,11,0,38,8,36,11,0,55,0,0,0,55
12/25/2017,STX,VI,ASO,ES,Federal Contract Tower,8,8,4,0,20,0,17,7,0,24,8,25,11,0,44,6,0,6,50
12/26/2017,STX,VI,ASO,ES,Federal Contract Tower,8,20,4,0,32,0,30,6,0,36,8,50,10,0,68,0,0,0,68
12/27/2017,STX,VI,ASO,ES,Federal Contract Tower,8,23,3,0,34,0,30,16,0,46,8,53,19,0,80,0,0,0,80
12/28/2017,STX,VI,ASO,ES,Federal Contract Tower,7,26,3,0,36,0,26,18,0,44,7,52,21,0,80,6,0,6,86
12/29/2017,STX,VI,ASO,ES,Federal Contract Tower,10,21,3,0,34,0,29,6,0,35,10,50,9,0,69,0,0,0,69
12/30/2017,STX,VI,ASO,ES,Federal Contract Tower,10,10,3,0,23,0,32,12,0,44,10,42,15,0,67,12,0,12,79
12/31/2017,STX,VI,ASO,ES,Federal Contract Tower,8,7,4,0,19,0,29,7,0,36,8,36,11,0,55,10,0,10,65
01/01/2018,STX,VI,ASO,ES,Federal Contract Tower,8,12,8,0,28,0,21,3,0,24,8,33,11,0,52,0,0,0,52
01/02/2018,STX,VI,ASO,ES,Federal Contract Tower,8,14,5,0,27,0,30,21,0,51,8,44,26,0,78,0,0,0,78
01/03/2018,STX,VI,ASO,ES,Federal Contract Tower,8,13,3,0,24,0,33,30,0,63,8,46,33,0,87,6,0,6,93
01/04/2018,STX,VI,ASO,ES,Federal Contract Tower,8,14,3,0,25,0,32,18,0,50,8,46,21,0,75,4,0,4,79
01/05/2018,STX,VI,ASO,ES,Federal Contract Tower,7,15,5,0,27,0,32,12,0,44,7,47,17,0,71,0,0,0,71
01/06/2018,STX,VI,ASO,ES,Federal Contract Tower,10,6,4,0,20,0,30,10,0,40,10,36,14,0,60,0,0,0,60
01/07/2018,STX,VI,ASO,ES,Federal Contract Tower,7,10,6,0,23,0,37,9,0,46,7,47,15,0,69,0,0,0,69
01/09/2018,STX,VI,ASO,ES,Federal Contract Tower,6,14,6,0,26,0,37,21,0,58,6,51,27,0,84,0,0,0,84
01/17/2018,STX,VI,ASO,ES,Federal Contract Tower,6,13,7,5,31,0,28,18,4,50,6,41,25,9,81,0,0,0,81
01/18/2018,STX,VI,ASO,ES,Federal Contract Tower,8,14,3,0,25,0,33,25,0,58,8,47,28,0,83,0,0,0,83
01/19/2018,STX,VI,ASO,ES,Federal Contract Tower,6,19,4,0,29,0,27,16,3,46,6,46,20,3,75,0,0,0,75
01/20/2018,STX,VI,ASO,ES,Federal Contract Tower,10,7,0,1,18,0,25,7,4,36,10,32,7,5,54,0,0,0,54
01/21/2018,STX,VI,ASO,ES,Federal Contract Tower,8,8,2,0,18,0,22,11,3,36,8,30,13,3,54,0,4,4,58
01/22/2018,STX,VI,ASO,ES,Federal Contract Tower,8,17,3,0,28,0,29,24,3,56,8,46,27,3,84,0,0,0,84
01/23/2018,STX,VI,ASO,ES,Federal Contract Tower,6,17,3,0,26,0,30,37,0,67,6,47,40,0,93,0,0,0,93
01/24/2018,STX,VI,ASO,ES,Federal Contract Tower,6,20,6,0,32,0,26,28,0,54,6,46,34,0,86,18,0,18,104
01/25/2018,STX,VI,ASO,ES,Federal Contract Tower,8,16,4,0,28,0,29,19,0,48,8,45,23,0,76,0,0,0,76
01/26/2018,STX,VI,ASO,ES,Federal Contract Tower,6,17,5,0,28,0,28,15,1,44,6,45,20,1,72,0,0,0,72
01/27/2018,STX,VI,ASO,ES,Federal Contract Tower,10,8,4,0,22,0,19,14,0,33,10,27,18,0,55,0,0,0,55
01/30/2018,STX,VI,ASO,ES,Federal Contract Tower,8,22,3,0,33,0,30,22,0,52,8,52,25,0,85,0,0,0,85
01/31/2018,STX,VI,ASO,ES,Federal Contract Tower,6,13,3,0,22,0,37,20,0,57,6,50,23,0,79,0,0,0,79
02/01/2018,STX,VI,ASO,ES,Federal Contract Tower,8,14,2,0,24,0,31,20,0,51,8,45,22,0,75,0,0,0,75
02/02/2018,STX,VI,ASO,ES,Federal Contract Tower,6,17,1,0,24,0,41,16,0,57,6,58,17,0,81,0,0,0,81
02/03/2018,STX,VI,ASO,ES,Federal Contract Tower,18,6,1,0,25,0,33,17,0,50,18,39,18,0,75,0,0,0,75
02/06/2018,STX,VI,ASO,ES,Federal Contract Tower,6,16,3,0,25,0,31,15,0,46,6,47,18,0,71,0,0,0,71
02/07/2018,STX,VI,ASO,ES,Federal Contract Tower,6,14,2,0,22,0,30,15,0,45,6,44,17,0,67,0,0,0,67
02/08/2018,STX,VI,ASO,ES,Federal Contract Tower,6,18,8,0,32,0,37,16,0,53,6,55,24,0,85,4,0,4,89
02/09/2018,STX,VI,ASO,ES,Federal Contract Tower,6,17,3,0,26,0,47,9,2,58,6,64,12,2,84,0,4,4,88
02/10/2018,STX,VI,ASO,ES,Federal Contract Tower,10,7,2,0,19,0,31,11,0,42,10,38,13,0,61,0,0,0,61
02/11/2018,STX,VI,ASO,ES,Federal Contract Tower,8,7,7,0,22,0,28,8,0,36,8,35,15,0,58,0,0,0,58
02/12/2018,STX,VI,ASO,ES,Federal Contract Tower,8,20,4,0,32,0,36,4,0,40,8,56,8,0,72,0,0,0,72
02/13/2018,STX,VI,ASO,ES,Federal Contract Tower,6,18,1,0,25,0,39,20,0,59,6,57,21,0,84,2,0,2,86
02/14/2018,STX,VI,ASO,ES,Federal Contract Tower,6,14,15,0,35,0,35,4,0,39,6,49,19,0,74,16,0,16,90
02/15/2018,STX,VI,ASO,ES,Federal Contract Tower,8,23,2,0,33,0,38,10,2,50,8,61,12,2,83,0,4,4,87
02/16/2018,STX,VI,ASO,ES,Federal Contract Tower,6,18,3,0,27,0,42,14,0,56,6,60,17,0,83,0,0,0,83
02/17/2018,STX,VI,ASO,ES,Federal Contract Tower,10,7,4,0,21,0,37,23,0,60,10,44,27,0,81,0,0,0,81
02/18/2018,STX,VI,ASO,ES,Federal Contract Tower,6,8,3,0,17,0,32,10,0,42,6,40,13,0,59,4,0,4,63
02/19/2018,STX,VI,ASO,ES,Federal Contract Tower,8,13,2,0,23,0,43,14,0,57,8,56,16,0,80,0,0,0,80
02/20/2018,STX,VI,ASO,ES,Federal Contract Tower,6,19,15,0,40,0,34,21,0,55,6,53,36,0,95,10,0,10,105
02/21/2018,STX,VI,ASO,ES,Federal Contract Tower,8,16,9,0,33,0,34,19,0,53,8,50,28,0,86,8,0,8,94
02/22/2018,STX,VI,ASO,ES,Federal Contract Tower,8,19,3,0,30,0,40,15,0,55,8,59,18,0,85,2,0,2,87
02/23/2018,STX,VI,ASO,ES,Federal Contract Tower,6,20,6,1,33,0,41,8,0,49,6,61,14,1,82,2,0,2,84
02/24/2018,STX,VI,ASO,ES,Federal Contract Tower,10,7,9,2,28,0,31,9,0,40,10,38,18,2,68,0,0,0,68
02/26/2018,STX,VI,ASO,ES,Federal Contract Tower,8,18,15,0,41,0,37,23,0,60,8,55,38,0,101,10,0,10,111
02/27/2018,STX,VI,ASO,ES,Federal Contract Tower,6,15,3,0,24,0,31,27,0,58,6,46,30,0,82,0,0,0,82
02/28/2018,STX,VI,ASO,ES,Federal Contract Tower,6,14,7,0,27,0,38,25,4,67,6,52,32,4,94,8,0,8,102
03/01/2018,STX,VI,ASO,ES,Federal Contract Tower,8,15,8,0,31,0,35,24,0,59,8,50,32,0,90,0,0,0,90
03/02/2018,STX,VI,ASO,ES,Federal Contract Tower,6,16,4,1,27,0,43,21,0,64,6,59,25,1,91,0,0,0,91
03/03/2018,STX,VI,ASO,ES,Federal Contract Tower,10,8,7,0,25,0,33,23,1,57,10,41,30,1,82,4,0,4,86
03/04/2018,STX,VI,ASO,ES,Federal Contract Tower,9,9,2,0,20,0,31,25,0,56,9,40,27,0,76,4,0,4,80
03/05/2018,STX,VI,ASO,ES,Federal Contract Tower,6,15,3,0,24,0,31,23,0,54,6,46,26,0,78,0,0,0,78
03/06/2018,STX,VI,ASO,ES,Federal Contract Tower,6,19,5,1,31,0,37,19,0,56,6,56,24,1,87,0,0,0,87
03/07/2018,STX,VI,ASO,ES,Federal Contract Tower,6,18,4,0,28,0,30,23,4,57,6,48,27,4,85,0,0,0,85
03/08/2018,STX,VI,ASO,ES,Federal Contract Tower,8,14,6,0,28,0,45,31,0,76,8,59,37,0,104,16,0,16,120
03/09/2018,STX,VI,ASO,ES,Federal Contract Tower,6,21,1,0,28,0,41,23,0,64,6,62,24,0,92,2,0,2,94
03/10/2018,STX,VI,ASO,ES,Federal Contract Tower,10,8,4,0,22,0,34,12,0,46,10,42,16,0,68,0,0,0,68
03/11/2018,STX,VI,ASO,ES,Federal Contract Tower,6,8,6,0,20,0,30,11,0,41,6,38,17,0,61,0,0,0,61
03/12/2018,STX,VI,ASO,ES,Federal Contract Tower,8,18,10,0,36,0,31,18,6,55,8,49,28,6,91,0,12,12,103
03/13/2018,STX,VI,ASO,ES,Federal Contract Tower,6,16,3,0,25,0,0,0,0,0,6,16,3,0,25,0,14,14,39
03/14/2018,STX,VI,ASO,ES,Federal Contract Tower,6,19,7,0,32,0,27,11,1,39,6,46,18,1,71,0,0,0,71
03/15/2018,STX,VI,ASO,ES,Federal Contract Tower,8,19,9,0,36,0,34,19,0,53,8,53,28,0,89,0,0,0,89
03/16/2018,STX,VI,ASO,ES,Federal Contract Tower,6,17,5,0,28,0,60,15,0,75,6,77,20,0,103,4,0,4,107
03/18/2018,STX,VI,ASO,ES,Federal Contract Tower,6,10,2,1,19,0,41,12,0,53,6,51,14,1,72,0,0,0,72
03/19/2018,STX,VI,ASO,ES,Federal Contract Tower,8,19,4,0,31,0,33,11,0,44,8,52,15,0,75,6,0,6,81
03/20/2018,STX,VI,ASO,ES,Federal Contract Tower,6,19,5,0,30,0,41,22,0,63,6,60,27,0,93,0,0,0,93
03/21/2018,STX,VI,ASO,ES,Federal Contract Tower,6,13,3,0,22,0,35,24,0,59,6,48,27,0,81,0,0,0,81
03/22/2018,STX,VI,ASO,ES,Federal Contract Tower,8,22,4,0,34,0,52,18,0,70,8,74,22,0,104,6,0,6,110
03/23/2018,STX,VI,ASO,ES,Federal Contract Tower,6,20,5,1,32,0,52,22,2,76,6,72,27,3,108,0,0,0,108
03/24/2018,STX,VI,ASO,ES,Federal Contract Tower,10,10,6,1,27,0,42,9,0,51,10,52,15,1,78,4,0,4,82
03/25/2018,STX,VI,ASO,ES,Federal Contract Tower,9,12,2,2,25,0,37,4,1,42,9,49,6,3,67,0,0,0,67
03/26/2018,STX,VI,ASO,ES,Federal Contract Tower,8,20,5,1,34,0,41,13,0,54,8,61,18,1,88,3,0,3,91
03/27/2018,STX,VI,ASO,ES,Federal Contract Tower,6,21,2,1,30,0,38,21,2,61,6,59,23,3,91,0,4,4,95
03/28/2018,STX,VI,ASO,ES,Federal Contract Tower,7,13,7,0,27,0,42,29,0,71,7,55,36,0,98,0,0,0,98
03/29/2018,STX,VI,ASO,ES,Federal Contract Tower,8,19,6,0,33,0,43,17,0,60,8,62,23,0,93,0,0,0,93
03/31/2018,STX,VI,ASO,ES,Federal Contract Tower,10,5,1,0,16,0,34,4,0,38,10,39,5,0,54,6,0,6,60
04/01/2018,STX,VI,ASO,ES,Federal Contract Tower,6,12,2,0,20,0,26,3,0,29,6,38,5,0,49,0,0,0,49
04/02/2018,STX,VI,ASO,ES,Federal Contract Tower,8,16,4,1,29,0,40,13,4,57,8,56,17,5,86,0,0,0,86
04/03/2018,STX,VI,ASO,ES,Federal Contract Tower,6,18,8,1,33,0,34,30,1,65,6,52,38,2,98,2,0,2,100
04/04/2018,STX,VI,ASO,ES,Federal Contract Tower,6,19,6,0,31,0,28,22,0,50,6,47,28,0,81,0,0,0,81
04/05/2018,STX,VI,ASO,ES,Federal Contract Tower,10,25,5,0,40,0,27,27,1,55,10,52,32,1,95,12,0,12,107
04/06/2018,STX,VI,ASO,ES,Federal Contract Tower,6,24,2,2,34,0,32,25,2,59,6,56,27,4,93,6,0,6,99
04/07/2018,STX,VI,ASO,ES,Federal Contract Tower,10,10,10,0,30,0,29,16,0,45,10,39,26,0,75,4,0,4,79
04/08/2018,STX,VI,ASO,ES,Federal Contract Tower,8,12,0,2,22,0,28,20,1,49,8,40,20,3,71,6,0,6,77
04/09/2018,STX,VI,ASO,ES,Federal Contract Tower,6,17,6,1,30,0,26,21,0,47,6,43,27,1,77,0,0,0,77
04/10/2018,STX,VI,ASO,ES,Federal Contract Tower,6,16,3,1,26,0,27,28,0,55,6,43,31,1,81,6,0,6,87
04/11/2018,STX,VI,ASO,ES,Federal Contract Tower,6,20,6,0,32,0,32,16,0,48,6,52,22,0,80,14,0,14,94
04/12/2018,STX,VI,ASO,ES,Federal Contract Tower,6,23,3,2,34,0,25,29,2,56,6,48,32,4,90,0,2,2,92
04/13/2018,STX,VI,ASO,ES,Federal Contract Tower,6,21,2,0,29,0,45,18,0,63,6,66,20,0,92,0,0,0,92
04/14/2018,STX,VI,ASO,ES,Federal Contract Tower,10,11,2,0,23,0,31,5,0,36,10,42,7,0,59,6,0,6,65
04/15/2018,STX,VI,ASO,ES,Federal Contract Tower,6,12,1,0,19,0,35,12,0,47,6,47,13,0,66,14,0,14,80
04/16/2018,STX,VI,ASO,ES,Federal Contract Tower,6,18,2,1,27,0,32,20,2,54,6,50,22,3,81,0,0,0,81
04/17/2018,STX,VI,ASO,ES,Federal Contract Tower,6,18,2,0,26,0,29,24,1,54,6,47,26,1,80,0,0,0,80
04/18/2018,STX,VI,ASO,ES,Federal Contract Tower,6,19,4,1,30,0,34,16,1,51,6,53,20,2,81,6,0,6,87
04/19/2018,STX,VI,ASO,ES,Federal Contract Tower,6,16,3,1,26,0,32,17,2,51,6,48,20,3,77,0,0,0,77
04/20/2018,STX,VI,ASO,ES,Federal Contract Tower,6,19,1,2,28,0,34,29,1,64,6,53,30,3,92,0,0,0,92
04/21/2018,STX,VI,ASO,ES,Federal Contract Tower,10,8,1,1,20,0,26,8,4,38,10,34,9,5,58,0,2,2,60
04/22/2018,STX,VI,ASO,ES,Federal Contract Tower,6,9,1,0,16,0,39,7,0,46,6,48,8,0,62,0,0,0,62
04/23/2018,STX,VI,ASO,ES,Federal Contract Tower,5,19,3,0,27,0,37,8,0,45,5,56,11,0,72,0,0,0,72
04/24/2018,STX,VI,ASO,ES,Federal Contract Tower,6,17,5,2,30,0,42,23,0,65,6,59,28,2,95,0,0,0,95
04/25/2018,STX,VI,ASO,ES,Federal Contract Tower,6,14,6,0,26,0,44,20,2,66,6,58,26,2,92,12,0,12,104
04/26/2018,STX,VI,ASO,ES,Federal Contract Tower,6,19,4,0,29,0,41,19,0,60,6,60,23,0,89,0,0,0,89
04/27/2018,STX,VI,ASO,ES,Federal Contract Tower,6,16,6,0,28,0,51,20,0,71,6,67,26,0,99,8,0,8,107
04/28/2018,STX,VI,ASO,ES,Federal Contract Tower,10,8,5,0,23,0,36,11,0,47,10,44,16,0,70,16,0,16,86
04/29/2018,STX,VI,ASO,ES,Federal Contract Tower,6,9,2,3,20,0,44,23,1,68,6,53,25,4,88,14,0,14,102
04/30/2018,STX,VI,ASO,ES,Federal Contract Tower,6,16,6,0,28,0,43,18,0,61,6,59,24,0,89,0,0,0,89
05/01/2018,STX,VI,ASO,ES,Federal Contract Tower,6,20,2,1,29,0,42,29,0,71,6,62,31,1,100,8,2,10,110
05/02/2018,STX,VI,ASO,ES,Federal Contract Tower,6,15,6,0,27,0,26,18,0,44,6,41,24,0,71,0,0,0,71
05/03/2018,STX,VI,ASO,ES,Federal Contract Tower,6,19,0,0,25,0,24,16,0,40,6,43,16,0,65,8,0,8,73
05/04/2018,STX,VI,ASO,ES,Federal Contract Tower,6,26,0,0,32,0,30,25,0,55,6,56,25,0,87,2,0,2,89
05/05/2018,STX,VI,ASO,ES,Federal Contract Tower,10,10,0,0,20,0,19,26,0,45,10,29,26,0,65,8,0,8,73
05/06/2018,STX,VI,ASO,ES,Federal Contract Tower,6,11,1,1,19,0,23,15,0,38,6,34,16,1,57,2,0,2,59
05/07/2018,STX,VI,ASO,ES,Federal Contract Tower,6,18,6,0,30,0,29,21,0,50,6,47,27,0,80,4,0,4,84
05/08/2018,STX,VI,ASO,ES,Federal Contract Tower,6,15,7,0,28,0,29,32,0,61,6,44,39,0,89,12,0,12,101
05/09/2018,STX,VI,ASO,ES,Federal Contract Tower,6,11,3,0,20,0,24,20,0,44,6,35,23,0,64,0,0,0,64
05/11/2018,STX,VI,ASO,ES,Federal Contract Tower,6,16,3,1,26,0,38,28,2,68,6,54,31,3,94,0,0,0,94
05/12/2018,STX,VI,ASO,ES,Federal Contract Tower,10,10,5,0,25,0,22,30,3,55,10,32,35,3,80,8,0,8,88
05/13/2018,STX,VI,ASO,ES,Federal Contract Tower,6,11,2,0,19,0,28,12,2,42,6,39,14,2,61,6,0,6,67
05/14/2018,STX,VI,ASO,ES,Federal Contract Tower,6,20,3,0,29,0,29,20,0,49,6,49,23,0,78,0,0,0,78
05/15/2018,STX,VI,ASO,ES,Federal Contract Tower,6,17,3,1,27,30,27,0,0,57,36,44,3,1,84,0,0,0,84
05/17/2018,STX,VI,ASO,ES,Federal Contract Tower,5,18,6,0,29,0,34,32,0,66,5,52,38,0,95,0,0,0,95
05/19/2018,STX,VI,ASO,ES,Federal Contract Tower,10,9,1,0,20,0,15,22,0,37,10,24,23,0,57,0,0,0,57
05/20/2018,STX,VI,ASO,ES,Federal Contract Tower,6,11,3,0,20,0,26,18,0,44,6,37,21,0,64,2,0,2,66
05/21/2018,STX,VI,ASO,ES,Federal Contract Tower,6,18,0,2,26,0,33,11,2,46,6,51,11,4,72,0,0,0,72
05/22/2018,STX,VI,ASO,ES,Federal Contract Tower,6,14,3,1,24,0,30,30,0,60,6,44,33,1,84,0,0,0,84
05/23/2018,STX,VI,ASO,ES,Federal Contract Tower,6,11,2,0,19,0,33,28,1,62,6,44,30,1,81,8,0,8,89
05/24/2018,STX,VI,ASO,ES,Federal Contract Tower,8,16,5,2,31,0,39,28,0,67,8,55,33,2,98,18,0,18,116
05/25/2018,STX,VI,ASO,ES,Federal Contract Tower,7,18,3,3,31,0,39,24,0,63,7,57,27,3,94,0,0,0,94
05/26/2018,STX,VI,ASO,ES,Federal Contract Tower,11,7,8,1,27,0,35,21,2,58,11,42,29,3,85,6,0,6,91
05/27/2018,STX,VI,ASO,ES,Federal Contract Tower,8,8,2,0,18,0,29,11,0,40,8,37,13,0,58,3,0,3,61
05/28/2018,STX,VI,ASO,ES,Federal Contract Tower,6,12,7,0,25,0,39,8,0,47,6,51,15,0,72,5,0,5,77
05/29/2018,STX,VI,ASO,ES,Federal Contract Tower,8,14,3,3,28,0,0,0,0,0,8,14,3,3,28,0,0,0,28
05/30/2018,STX,VI,ASO,ES,Federal Contract Tower,6,11,9,0,26,0,32,20,0,52,6,43,29,0,78,0,0,0,78
05/31/2018,STX,VI,ASO,ES,Federal Contract Tower,8,22,1,0,31,0,33,21,0,54,8,55,22,0,85,2,0,2,87
06/01/2018,STX,VI,ASO,ES,Federal Contract Tower,6,14,5,0,25,0,54,8,0,62,6,68,13,0,87,3,0,3,90
06/02/2018,STX,VI,ASO,ES,Federal Contract Tower,10,9,3,0,22,0,29,11,0,40,10,38,14,0,62,6,0,6,68
06/03/2018,STX,VI,ASO,ES,Federal Contract Tower,8,11,0,0,19,0,39,9,0,48,8,50,9,0,67,8,0,8,75
06/04/2018,STX,VI,ASO,ES,Federal Contract Tower,5,13,7,0,25,0,43,17,0,60,5,56,24,0,85,0,0,0,85
06/05/2018,STX,VI,ASO,ES,Federal Contract Tower,8,13,9,0,30,0,41,20,0,61,8,54,29,0,91,0,0,0,91
06/06/2018,STX,VI,ASO,ES,Federal Contract Tower,5,12,6,0,23,0,36,12,0,48,5,48,18,0,71,2,0,2,73
06/07/2018,STX,VI,ASO,ES,Federal Contract Tower,7,22,3,0,32,0,39,16,0,55,7,61,19,0,87,6,0,6,93
06/08/2018,STX,VI,ASO,ES,Federal Contract Tower,5,14,1,0,20,0,40,11,0,51,5,54,12,0,71,0,0,0,71
06/09/2018,STX,VI,ASO,ES,Federal Contract Tower,9,8,2,0,19,0,30,11,2,43,9,38,13,2,62,0,0,0,62
06/10/2018,STX,VI,ASO,ES,Federal Contract Tower,8,9,4,0,21,0,42,4,0,46,8,51,8,0,67,0,0,0,67
06/11/2018,STX,VI,ASO,ES,Federal Contract Tower,5,18,5,0,28,0,48,17,0,65,5,66,22,0,93,0,0,0,93
06/12/2018,STX,VI,ASO,ES,Federal Contract Tower,8,14,3,0,25,0,33,20,0,53,8,47,23,0,78,10,0,10,88
06/13/2018,STX,VI,ASO,ES,Federal Contract Tower,6,11,5,0,22,0,37,15,2,54,6,48,20,2,76,2,0,2,78
06/14/2018,STX,VI,ASO,ES,Federal Contract Tower,8,18,4,0,30,0,42,24,0,66,8,60,28,0,96,0,0,0,96
06/15/2018,STX,VI,ASO,ES,Federal Contract Tower,6,16,2,2,26,0,38,21,0,59,6,54,23,2,85,8,0,8,93
06/17/2018,STX,VI,ASO,ES,Federal Contract Tower,8,8,0,0,16,0,36,8,0,44,8,44,8,0,60,0,0,0,60
06/18/2018,STX,VI,ASO,ES,Federal Contract Tower,6,12,2,0,20,0,35,23,0,58,6,47,25,0,78,0,0,0,78
06/19/2018,STX,VI,ASO,ES,Federal Contract Tower,7,19,1,0,27,0,31,24,0,55,7,50,25,0,82,6,0,6,88
06/20/2018,STX,VI,ASO,ES,Federal Contract Tower,8,15,10,0,33,0,33,21,1,55,8,48,31,1,88,9,0,9,97
06/21/2018,STX,VI,ASO,ES,Federal Contract Tower,8,21,6,1,36,0,33,15,0,48,8,54,21,1,84,2,0,2,86
06/22/2018,STX,VI,ASO,ES,Federal Contract Tower,6,22,5,0,33,0,42,18,0,60,6,64,23,0,93,0,0,0,93
06/23/2018,STX,VI,ASO,ES,Federal Contract Tower,9,15,2,0,26,0,24,12,0,36,9,39,14,0,62,0,0,0,62
06/24/2018,STX,VI,ASO,ES,Federal Contract Tower,8,11,6,1,26,0,28,14,4,46,8,39,20,5,72,0,4,4,76
06/25/2018,STX,VI,ASO,ES,Federal Contract Tower,6,14,9,1,30,0,46,19,1,66,6,60,28,2,96,0,0,0,96
06/26/2018,STX,VI,ASO,ES,Federal Contract Tower,12,13,3,0,28,0,39,25,0,64,12,52,28,0,92,12,0,12,104
06/27/2018,STX,VI,ASO,ES,Federal Contract Tower,6,14,4,1,25,0,36,22,0,58,6,50,26,1,83,4,0,4,87
06/28/2018,STX,VI,ASO,ES,Federal Contract Tower,7,20,2,0,29,0,40,21,0,61,7,60,23,0,90,10,0,10,100
06/29/2018,STX,VI,ASO,ES,Federal Contract Tower,6,24,4,0,34,0,43,24,0,67,6,67,28,0,101,20,0,20,121
06/30/2018,STX,VI,ASO,ES,Federal Contract Tower,9,10,5,2,26,0,36,8,0,44,9,46,13,2,70,0,0,0,70
07/01/2018,STX,VI,ASO,ES,Federal Contract Tower,8,9,6,1,24,0,33,13,1,47,8,42,19,2,71,4,0,4,75
07/02/2018,STX,VI,ASO,ES,Federal Contract Tower,6,17,2,1,26,0,41,20,2,63,6,58,22,3,89,0,4,4,93
07/03/2018,STX,VI,ASO,ES,Federal Contract Tower,8,15,4,0,27,0,46,18,0,64,8,61,22,0,91,10,0,10,101
07/04/2018,STX,VI,ASO,ES,Federal Contract Tower,6,8,0,0,14,0,30,5,0,35,6,38,5,0,49,0,0,0,49
07/05/2018,STX,VI,ASO,ES,Federal Contract Tower,8,17,3,0,28,0,36,20,0,56,8,53,23,0,84,2,0,2,86
07/06/2018,STX,VI,ASO,ES,Federal Contract Tower,6,20,4,1,31,0,35,15,2,52,6,55,19,3,83,0,0,0,83
07/07/2018,STX,VI,ASO,ES,Federal Contract Tower,9,10,5,0,24,0,24,8,0,32,9,34,13,0,56,0,0,0,56
07/08/2018,STX,VI,ASO,ES,Federal Contract Tower,8,9,1,0,18,0,31,10,0,41,8,40,11,0,59,0,0,0,59
07/09/2018,STX,VI,ASO,ES,Federal Contract Tower,6,13,3,0,22,0,14,0,0,14,6,27,3,0,36,0,0,0,36
07/10/2018,STX,VI,ASO,ES,Federal Contract Tower,7,19,6,0,32,0,37,23,0,60,7,56,29,0,92,0,0,0,92
07/11/2018,STX,VI,ASO,ES,Federal Contract Tower,5,12,8,0,25,0,43,6,0,49,5,55,14,0,74,0,0,0,74
07/12/2018,STX,VI,ASO,ES,Federal Contract Tower,8,20,5,0,33,0,36,70,2,108,8,56,75,2,141,56,2,58,199
07/13/2018,STX,VI,ASO,ES,Federal Contract Tower,6,20,3,4,33,0,36,17,1,54,6,56,20,5,87,0,4,4,91
07/14/2018,STX,VI,ASO,ES,Federal Contract Tower,9,10,4,2,25,0,20,18,0,38,9,30,22,2,63,0,0,0,63
07/15/2018,STX,VI,ASO,ES,Federal Contract Tower,8,11,2,0,21,0,25,23,0,48,8,36,25,0,69,14,0,14,83
07/16/2018,STX,VI,ASO,ES,Federal Contract Tower,6,20,6,0,32,0,28,9,0,37,6,48,15,0,69,0,0,0,69
07/17/2018,STX,VI,ASO,ES,Federal Contract Tower,7,15,0,0,22,0,36,14,0,50,7,51,14,0,72,0,0,0,72
07/18/2018,STX,VI,ASO,ES,Federal Contract Tower,6,13,7,0,26,0,40,22,0,62,6,53,29,0,88,0,0,0,88
07/19/2018,STX,VI,ASO,ES,Federal Contract Tower,8,21,4,0,33,0,32,20,2,54,8,53,24,2,87,0,0,0,87
07/20/2018,STX,VI,ASO,ES,Federal Contract Tower,5,16,2,0,23,0,40,14,0,54,5,56,16,0,77,0,0,0,77
07/21/2018,STX,VI,ASO,ES,Federal Contract Tower,10,8,2,0,20,0,32,27,0,59,10,40,29,0,79,2,0,2,81
07/22/2018,STX,VI,ASO,ES,Federal Contract Tower,8,8,1,0,17,0,35,10,0,45,8,43,11,0,62,2,0,2,64
07/23/2018,STX,VI,ASO,ES,Federal Contract Tower,5,18,5,0,28,0,27,22,0,49,5,45,27,0,77,0,0,0,77
07/24/2018,STX,VI,ASO,ES,Federal Contract Tower,5,17,2,0,24,0,42,15,0,57,5,59,17,0,81,4,0,4,85
07/25/2018,STX,VI,ASO,ES,Federal Contract Tower,5,12,3,0,20,0,37,23,0,60,5,49,26,0,80,0,0,0,80
07/26/2018,STX,VI,ASO,ES,Federal Contract Tower,8,24,6,0,38,0,36,40,0,76,8,60,46,0,114,24,0,24,138
07/27/2018,STX,VI,ASO,ES,Federal Contract Tower,6,14,1,1,22,0,52,10,0,62,6,66,11,1,84,26,0,26,110
07/28/2018,STX,VI,ASO,ES,Federal Contract Tower,9,8,3,0,20,0,34,24,1,59,9,42,27,1,79,0,0,0,79
07/29/2018,STX,VI,ASO,ES,Federal Contract Tower,7,8,4,1,20,0,32,16,0,48,7,40,20,1,68,0,0,0,68
07/30/2018,STX,VI,ASO,ES,Federal Contract Tower,6,15,7,6,34,0,28,26,3,57,6,43,33,9,91,10,4,14,105
07/31/2018,STX,VI,ASO,ES,Federal Contract Tower,8,13,4,2,27,0,36,23,1,60,8,49,27,3,87,4,2,6,93
08/01/2018,STX,VI,ASO,ES,Federal Contract Tower,6,12,2,1,21,0,34,18,1,53,6,46,20,2,74,0,2,2,76
08/02/2018,STX,VI,ASO,ES,Federal Contract Tower,8,17,7,1,33,0,39,24,3,66,8,56,31,4,99,8,10,18,117
08/03/2018,STX,VI,ASO,ES,Federal Contract Tower,7,20,0,4,31,0,41,29,0,70,7,61,29,4,101,6,0,6,107
08/04/2018,STX,VI,ASO,ES,Federal Contract Tower,10,10,7,0,27,0,26,16,0,42,10,36,23,0,69,0,0,0,69
08/05/2018,STX,VI,ASO,ES,Federal Contract Tower,8,8,4,0,20,0,36,13,0,49,8,44,17,0,69,0,0,0,69
08/06/2018,STX,VI,ASO,ES,Federal Contract Tower,6,15,4,0,25,0,36,14,4,54,6,51,18,4,79,0,14,14,93
08/07/2018,STX,VI,ASO,ES,Federal Contract Tower,8,17,1,0,26,0,36,23,2,61,8,53,24,2,87,0,10,10,97
08/08/2018,STX,VI,ASO,ES,Federal Contract Tower,6,13,3,0,22,0,38,30,0,68,6,51,33,0,90,10,0,10,100
08/09/2018,STX,VI,ASO,ES,Federal Contract Tower,8,24,0,0,32,0,0,0,0,0,8,24,0,0,32,0,0,0,32
08/10/2018,STX,VI,ASO,ES,Federal Contract Tower,5,14,4,0,23,0,52,28,0,80,5,66,32,0,103,12,0,12,115
08/11/2018,STX,VI,ASO,ES,Federal Contract Tower,9,9,1,1,20,0,36,14,3,53,9,45,15,4,73,0,8,8,81
08/12/2018,STX,VI,ASO,ES,Federal Contract Tower,8,8,1,0,17,0,35,14,0,49,8,43,15,0,66,0,0,0,66
08/13/2018,STX,VI,ASO,ES,Federal Contract Tower,6,17,9,0,32,0,42,5,0,47,6,59,14,0,79,12,0,12,91
08/14/2018,STX,VI,ASO,ES,Federal Contract Tower,8,20,1,0,29,0,31,35,6,72,8,51,36,6,101,18,0,18,119
08/15/2018,STX,VI,ASO,ES,Federal Contract Tower,6,12,0,0,18,0,53,30,0,83,6,65,30,0,101,0,0,0,101
08/16/2018,STX,VI,ASO,ES,Federal Contract Tower,8,22,4,0,34,0,38,19,0,57,8,60,23,0,91,0,0,0,91
08/17/2018,STX,VI,ASO,ES,Federal Contract Tower,3,19,5,0,27,0,42,21,0,63,3,61,26,0,90,0,0,0,90
08/18/2018,STX,VI,ASO,ES,Federal Contract Tower,10,8,0,0,18,0,32,15,0,47,10,40,15,0,65,0,0,0,65
08/19/2018,STX,VI,ASO,ES,Federal Contract Tower,8,8,2,0,18,0,33,16,0,49,8,41,18,0,67,0,0,0,67
08/20/2018,STX,VI,ASO,ES,Federal Contract Tower,6,20,3,0,29,0,44,7,0,51,6,64,10,0,80,14,0,14,94
08/21/2018,STX,VI,ASO,ES,Federal Contract Tower,7,16,0,0,23,0,43,26,0,69,7,59,26,0,92,8,0,8,100
08/22/2018,STX,VI,ASO,ES,Federal Contract Tower,4,12,5,0,21,0,0,0,0,0,4,12,5,0,21,0,0,0,21
08/23/2018,STX,VI,ASO,ES,Federal Contract Tower,6,23,1,0,30,0,39,24,6,69,6,62,25,6,99,10,0,10,109
08/24/2018,STX,VI,ASO,ES,Federal Contract Tower,4,18,1,1,24,50,24,1,0,75,54,42,2,1,99,0,0,0,99
08/25/2018,STX,VI,ASO,ES,Federal Contract Tower,6,8,2,0,16,0,35,10,0,45,6,43,12,0,61,0,0,0,61
08/26/2018,STX,VI,ASO,ES,Federal Contract Tower,6,8,3,1,18,0,32,10,0,42,6,40,13,1,60,0,0,0,60
08/27/2018,STX,VI,ASO,ES,Federal Contract Tower,4,15,4,1,24,0,46,10,0,56,4,61,14,1,80,0,0,0,80
08/28/2018,STX,VI,ASO,ES,Federal Contract Tower,5,16,1,0,22,0,49,24,0,73,5,65,25,0,95,14,0,14,109
08/29/2018,STX,VI,ASO,ES,Federal Contract Tower,4,23,4,0,31,0,42,16,0,58,4,65,20,0,89,0,0,0,89
08/30/2018,STX,VI,ASO,ES,Federal Contract Tower,6,30,5,0,41,0,19,16,0,35,6,49,21,0,76,0,0,0,76
08/31/2018,STX,VI,ASO,ES,Federal Contract Tower,4,18,3,0,25,0,62,29,0,91,4,80,32,0,116,4,0,4,120
09/01/2018,STX,VI,ASO,ES,Federal Contract Tower,4,9,3,0,16,0,39,7,0,46,4,48,10,0,62,0,0,0,62
09/02/2018,STX,VI,ASO,ES,Federal Contract Tower,6,8,0,0,14,0,33,11,0,44,6,41,11,0,58,2,0,2,60
09/03/2018,STX,VI,ASO,ES,Federal Contract Tower,4,12,1,0,17,0,42,8,0,50,4,54,9,0,67,0,0,0,67
09/04/2018,STX,VI,ASO,ES,Federal Contract Tower,6,18,6,1,31,0,52,13,0,65,6,70,19,1,96,0,0,0,96
09/05/2018,STX,VI,ASO,ES,Federal Contract Tower,4,14,2,0,20,0,43,18,0,61,4,57,20,0,81,0,0,0,81
09/06/2018,STX,VI,ASO,ES,Federal Contract Tower,6,14,4,1,25,0,46,18,0,64,6,60,22,1,89,0,0,0,89
09/07/2018,STX,VI,ASO,ES,Federal Contract Tower,4,22,1,0,27,0,52,18,0,70,4,74,19,0,97,4,0,4,101
09/08/2018,STX,VI,ASO,ES,Federal Contract Tower,4,9,4,0,17,0,38,18,0,56,4,47,22,0,73,0,0,0,73
09/09/2018,STX,VI,ASO,ES,Federal Contract Tower,6,8,1,1,16,0,38,12,0,50,6,46,13,1,66,0,0,0,66
09/10/2018,STX,VI,ASO,ES,Federal Contract Tower,4,15,3,1,23,0,41,12,2,55,4,56,15,3,78,0,0,0,78
09/11/2018,STX,VI,ASO,ES,Federal Contract Tower,6,18,0,0,24,0,35,22,0,57,6,53,22,0,81,20,0,20,101
09/12/2018,STX,VI,ASO,ES,Federal Contract Tower,4,15,2,3,24,0,37,24,0,61,4,52,26,3,85,0,0,0,85
09/13/2018,STX,VI,ASO,ES,Federal Contract Tower,6,18,5,0,29,0,41,30,2,73,6,59,35,2,102,12,2,14,116
09/14/2018,STX,VI,ASO,ES,Federal Contract Tower,3,35,0,1,39,0,20,0,0,20,3,55,0,1,59,0,0,0,59
09/15/2018,STX,VI,ASO,ES,Federal Contract Tower,6,10,2,1,19,0,36,11,0,47,6,46,13,1,66,0,0,0,66
09/16/2018,STX,VI,ASO,ES,Federal Contract Tower,6,8,2,0,16,0,34,9,0,43,6,42,11,0,59,0,0,0,59
09/17/2018,STX,VI,ASO,ES,Federal Contract Tower,6,13,4,7,30,0,48,10,2,60,6,61,14,9,90,0,16,16,106
09/18/2018,STX,VI,ASO,ES,Federal Contract Tower,6,14,5,0,25,0,45,14,0,59,6,59,19,0,84,0,0,0,84
09/19/2018,STX,VI,ASO,ES,Federal Contract Tower,4,11,5,0,20,0,39,17,0,56,4,50,22,0,76,10,0,10,86
09/20/2018,STX,VI,ASO,ES,Federal Contract Tower,6,20,4,0,30,0,42,28,0,70,6,62,32,0,100,2,0,2,102
09/21/2018,STX,VI,ASO,ES,Federal Contract Tower,4,15,3,3,25,0,58,24,0,82,4,73,27,3,107,0,0,0,107
09/22/2018,STX,VI,ASO,ES,Federal Contract Tower,4,8,1,2,15,0,34,15,0,49,4,42,16,2,64,0,0,0,64
09/23/2018,STX,VI,ASO,ES,Federal Contract Tower,6,8,0,2,16,0,29,16,0,45,6,37,16,2,61,0,0,0,61
09/24/2018,STX,VI,ASO,ES,Federal Contract Tower,4,21,5,1,31,0,42,25,0,67,4,63,30,1,98,4,0,4,102
09/25/2018,STX,VI,ASO,ES,Federal Contract Tower,6,22,2,2,32,0,43,17,0,60,6,65,19,2,92,8,0,8,100
09/26/2018,STX,VI,ASO,ES,Federal Contract Tower,4,15,6,3,28,0,33,37,0,70,4,48,43,3,98,4,0,4,102
09/27/2018,STX,VI,ASO,ES,Federal Contract Tower,6,23,6,4,39,0,37,28,0,65,6,60,34,4,104,0,0,0,104
09/28/2018,STX,VI,ASO,ES,Federal Contract Tower,4,21,4,5,34,0,49,23,0,72,4,70,27,5,106,0,0,0,106
09/29/2018,STX,VI,ASO,ES,Federal Contract Tower,4,9,1,3,17,0,32,14,0,46,4,41,15,3,63,0,0,0,63
09/30/2018,STX,VI,ASO,ES,Federal Contract Tower,6,8,0,0,14,0,0,0,0,0,6,8,0,0,14,0,0,0,14
10/01/2018,STX,VI,ASO,ES,Federal Contract Tower,4,17,2,0,23,0,42,15,0,57,4,59,17,0,80,0,0,0,80
10/02/2018,STX,VI,ASO,ES,Federal Contract Tower,6,15,2,0,23,0,40,12,0,52,6,55,14,0,75,0,0,0,75
10/03/2018,STX,VI,ASO,ES,Federal Contract Tower,4,16,5,0,25,0,35,33,0,68,4,51,38,0,93,12,0,12,105
10/04/2018,STX,VI,ASO,ES,Federal Contract Tower,6,20,2,0,28,0,35,16,0,51,6,55,18,0,79,10,0,10,89
10/05/2018,STX,VI,ASO,ES,Federal Contract Tower,4,21,4,2,31,0,54,15,1,70,4,75,19,3,101,0,0,0,101
10/06/2018,STX,VI,ASO,ES,Federal Contract Tower,4,10,2,1,17,0,33,8,1,42,4,43,10,2,59,0,2,2,61
10/07/2018,STX,VI,ASO,ES,Federal Contract Tower,6,7,3,0,16,0,35,11,0,46,6,42,14,0,62,10,0,10,72
10/08/2018,STX,VI,ASO,ES,Federal Contract Tower,4,11,4,1,20,0,46,5,0,51,4,57,9,1,71,0,0,0,71
10/09/2018,STX,VI,ASO,ES,Federal Contract Tower,6,23,9,0,38,0,31,21,0,52,6,54,30,0,90,0,0,0,90
10/10/2018,STX,VI,ASO,ES,Federal Contract Tower,4,16,2,0,22,0,36,18,0,54,4,52,20,0,76,4,0,4,80
10/11/2018,STX,VI,ASO,ES,Federal Contract Tower,6,19,6,0,31,0,36,26,0,62,6,55,32,0,93,20,0,20,113
10/12/2018,STX,VI,ASO,ES,Federal Contract Tower,4,20,3,0,27,0,37,13,0,50,4,57,16,0,77,2,0,2,79
10/13/2018,STX,VI,ASO,ES,Federal Contract Tower,4,10,2,0,16,0,34,14,0,48,4,44,16,0,64,0,0,0,64
10/14/2018,STX,VI,ASO,ES,Federal Contract Tower,6,8,4,0,18,0,29,18,0,47,6,37,22,0,65,0,0,0,65
10/15/2018,STX,VI,ASO,ES,Federal Contract Tower,4,20,9,0,33,0,32,20,0,52,4,52,29,0,85,0,0,0,85
10/16/2018,STX,VI,ASO,ES,Federal Contract Tower,6,18,1,0,25,0,36,25,0,61,6,54,26,0,86,12,0,12,98
10/17/2018,STX,VI,ASO,ES,Federal Contract Tower,4,16,4,0,24,0,32,23,0,55,4,48,27,0,79,0,0,0,79
10/18/2018,STX,VI,ASO,ES,Federal Contract Tower,6,18,0,0,24,0,26,33,0,59,6,44,33,0,83,0,0,0,83
10/19/2018,STX,VI,ASO,ES,Federal Contract Tower,4,14,18,0,36,0,44,22,0,66,4,58,40,0,102,0,0,0,102
10/20/2018,STX,VI,ASO,ES,Federal Contract Tower,4,9,1,0,14,0,35,14,0,49,4,44,15,0,63,0,0,0,63
10/21/2018,STX,VI,ASO,ES,Federal Contract Tower,6,8,1,0,15,0,29,18,0,47,6,37,19,0,62,8,0,8,70
10/22/2018,STX,VI,ASO,ES,Federal Contract Tower,4,19,2,2,27,0,46,20,0,66,4,65,22,2,93,0,0,0,93
10/23/2018,STX,VI,ASO,ES,Federal Contract Tower,6,19,5,0,30,0,0,0,0,0,6,19,5,0,30,16,0,16,46
10/24/2018,STX,VI,ASO,ES,Federal Contract Tower,4,15,2,0,21,0,50,32,0,82,4,65,34,0,103,0,0,0,103
10/25/2018,STX,VI,ASO,ES,Federal Contract Tower,6,17,6,2,31,0,41,26,0,67,6,58,32,2,98,6,0,6,104
10/26/2018,STX,VI,ASO,ES,Federal Contract Tower,6,19,9,1,35,0,52,43,0,95,6,71,52,1,130,0,0,0,130
10/27/2018,STX,VI,ASO,ES,Federal Contract Tower,6,6,1,2,15,0,34,10,0,44,6,40,11,2,59,0,6,6,65
10/28/2018,STX,VI,ASO,ES,Federal Contract Tower,6,8,2,1,17,0,34,21,0,55,6,42,23,1,72,0,0,0,72
10/29/2018,STX,VI,ASO,ES,Federal Contract Tower,4,17,6,1,28,0,39,30,1,70,4,56,36,2,98,38,10,48,146
10/30/2018,STX,VI,ASO,ES,Federal Contract Tower,0,6,16,0,22,0,42,22,2,66,0,48,38,2,88,0,0,0,88
10/31/2018,STX,VI,ASO,ES,Federal Contract Tower,6,14,7,0,27,0,38,22,0,60,6,52,29,0,87,0,0,0,87
11/01/2018,STX,VI,ASO,ES,Federal Contract Tower,8,17,2,0,27,0,36,18,0,54,8,53,20,0,81,6,2,8,89
11/02/2018,STX,VI,ASO,ES,Federal Contract Tower,4,15,7,1,27,0,51,24,0,75,4,66,31,1,102,0,0,0,102
11/03/2018,STX,VI,ASO,ES,Federal Contract Tower,4,12,1,2,19,0,36,18,1,55,4,48,19,3,74,0,0,0,74
11/04/2018,STX,VI,ASO,ES,Federal Contract Tower,7,10,4,2,23,0,34,23,0,57,7,44,27,2,80,0,0,0,80
11/05/2018,STX,VI,ASO,ES,Federal Contract Tower,6,21,7,1,35,0,37,8,0,45,6,58,15,1,80,6,0,6,86
11/06/2018,STX,VI,ASO,ES,Federal Contract Tower,7,24,8,0,39,0,33,21,2,56,7,57,29,2,95,0,0,0,95
11/07/2018,STX,VI,ASO,ES,Federal Contract Tower,4,19,6,0,29,0,39,35,0,74,4,58,41,0,103,18,0,18,121
11/08/2018,STX,VI,ASO,ES,Federal Contract Tower,7,20,7,1,35,0,35,14,0,49,7,55,21,1,84,0,0,0,84
11/09/2018,STX,VI,ASO,ES,Federal Contract Tower,6,11,7,0,24,0,50,20,0,70,6,61,27,0,94,12,0,12,106
11/10/2018,STX,VI,ASO,ES,Federal Contract Tower,6,9,3,0,18,0,32,13,0,45,6,41,16,0,63,0,0,0,63
11/11/2018,STX,VI,ASO,ES,Federal Contract Tower,9,6,4,0,19,0,37,20,2,59,9,43,24,2,78,10,2,12,90
11/12/2018,STX,VI,ASO,ES,Federal Contract Tower,6,12,4,0,22,0,42,19,0,61,6,54,23,0,83,6,0,6,89
11/13/2018,STX,VI,ASO,ES,Federal Contract Tower,7,26,3,2,38,0,30,15,0,45,7,56,18,2,83,0,0,0,83
11/14/2018,STX,VI,ASO,ES,Federal Contract Tower,4,18,6,1,29,0,39,7,0,46,4,57,13,1,75,0,0,0,75
11/15/2018,STX,VI,ASO,ES,Federal Contract Tower,7,27,7,3,44,0,51,21,0,72,7,78,28,3,116,2,0,2,118
11/16/2018,STX,VI,ASO,ES,Federal Contract Tower,5,20,6,8,39,0,56,19,0,75,5,76,25,8,114,0,0,0,114
11/17/2018,STX,VI,ASO,ES,Federal Contract Tower,6,10,4,6,26,0,31,8,0,39,6,41,12,6,65,0,0,0,65
11/18/2018,STX,VI,ASO,ES,Federal Contract Tower,7,6,4,2,19,0,40,17,1,58,7,46,21,3,77,20,0,20,97
11/19/2018,STX,VI,ASO,ES,Federal Contract Tower,5,22,6,1,34,0,46,18,0,64,5,68,24,1,98,4,0,4,102
11/20/2018,STX,VI,ASO,ES,Federal Contract Tower,7,21,8,1,37,0,38,28,0,66,7,59,36,1,103,12,0,12,115
11/21/2018,STX,VI,ASO,ES,Federal Contract Tower,4,20,5,0,29,0,47,29,0,76,4,67,34,0,105,4,0,4,109
11/22/2018,STX,VI,ASO,ES,Federal Contract Tower,7,8,4,0,19,0,30,12,0,42,7,38,16,0,61,0,0,0,61
11/23/2018,STX,VI,ASO,ES,Federal Contract Tower,6,16,0,0,22,0,38,20,0,58,6,54,20,0,80,0,0,0,80
11/24/2018,STX,VI,ASO,ES,Federal Contract Tower,6,12,0,0,18,0,35,12,0,47,6,47,12,0,65,0,0,0,65
11/25/2018,STX,VI,ASO,ES,Federal Contract Tower,6,9,5,0,20,0,41,25,0,66,6,50,30,0,86,8,0,8,94
11/26/2018,STX,VI,ASO,ES,Federal Contract Tower,6,17,6,0,29,0,50,27,0,77,6,67,33,0,106,22,0,22,128
11/27/2018,STX,VI,ASO,ES,Federal Contract Tower,7,19,6,1,33,0,51,27,0,78,7,70,33,1,111,0,0,0,111
11/28/2018,STX,VI,ASO,ES,Federal Contract Tower,4,18,8,0,30,0,34,32,0,66,4,52,40,0,96,8,0,8,104
11/29/2018,STX,VI,ASO,ES,Federal Contract Tower,7,16,3,1,27,0,49,23,0,72,7,65,26,1,99,10,0,10,109
11/30/2018,STX,VI,ASO,ES,Federal Contract Tower,6,15,5,1,27,0,46,25,0,71,6,61,30,1,98,0,0,0,98
12/01/2018,STX,VI,ASO,ES,Federal Contract Tower,6,9,5,2,22,0,34,18,5,57,6,43,23,7,79,4,8,12,91
12/02/2018,STX,VI,ASO,ES,Federal Contract Tower,8,9,0,2,19,0,40,15,0,55,8,49,15,2,74,12,0,12,86
12/03/2018,STX,VI,ASO,ES,Federal Contract Tower,5,21,5,3,34,0,37,19,2,58,5,58,24,5,92,6,0,6,98
12/04/2018,STX,VI,ASO,ES,Federal Contract Tower,7,19,4,4,34,0,43,24,0,67,7,62,28,4,101,0,0,0,101
12/05/2018,STX,VI,ASO,ES,Federal Contract Tower,4,18,3,2,27,0,41,33,0,74,4,59,36,2,101,0,0,0,101
12/06/2018,STX,VI,ASO,ES,Federal Contract Tower,7,17,8,2,34,0,38,28,0,66,7,55,36,2,100,14,0,14,114
12/07/2018,STX,VI,ASO,ES,Federal Contract Tower,6,16,1,3,26,0,48,34,0,82,6,64,35,3,108,0,0,0,108
12/08/2018,STX,VI,ASO,ES,Federal Contract Tower,6,10,6,2,24,0,35,22,0,57,6,45,28,2,81,0,0,0,81
12/09/2018,STX,VI,ASO,ES,Federal Contract Tower,8,12,5,2,27,0,41,28,1,70,8,53,33,3,97,0,0,0,97
12/10/2018,STX,VI,ASO,ES,Federal Contract Tower,5,22,1,1,29,0,43,16,0,59,5,65,17,1,88,10,0,10,98
12/12/2018,STX,VI,ASO,ES,Federal Contract Tower,4,17,6,2,29,0,49,29,0,78,4,66,35,2,107,0,0,0,107
12/13/2018,STX,VI,ASO,ES,Federal Contract Tower,6,24,8,2,40,0,40,33,0,73,6,64,41,2,113,8,0,8,121
12/14/2018,STX,VI,ASO,ES,Federal Contract Tower,6,19,6,1,32,0,53,34,0,87,6,72,40,1,119,0,0,0,119
12/15/2018,STX,VI,ASO,ES,Federal Contract Tower,4,14,5,2,25,0,31,36,0,67,4,45,41,2,92,0,0,0,92
12/16/2018,STX,VI,ASO,ES,Federal Contract Tower,7,9,4,2,22,0,45,19,0,64,7,54,23,2,86,0,0,0,86
12/19/2018,STX,VI,ASO,ES,Federal Contract Tower,6,16,4,0,26,0,38,41,0,79,6,54,45,0,105,8,0,8,113
12/20/2018,STX,VI,ASO,ES,Federal Contract Tower,9,21,0,0,30,0,61,27,0,88,9,82,27,0,118,0,0,0,118
12/21/2018,STX,VI,ASO,ES,Federal Contract Tower,8,26,2,0,36,0,56,28,0,84,8,82,30,0,120,12,0,12,132
12/22/2018,STX,VI,ASO,ES,Federal Contract Tower,10,16,9,0,35,0,46,46,1,93,10,62,55,1,128,0,0,0,128
12/23/2018,STX,VI,ASO,ES,Federal Contract Tower,10,10,6,0,26,0,58,40,0,98,10,68,46,0,124,0,0,0,124
12/24/2018,STX,VI,ASO,ES,Federal Contract Tower,8,26,4,0,38,0,43,19,0,62,8,69,23,0,100,0,0,0,100
12/25/2018,STX,VI,ASO,ES,Federal Contract Tower,8,12,0,0,20,0,32,10,0,42,8,44,10,0,62,0,0,0,62
12/26/2018,STX,VI,ASO,ES,Federal Contract Tower,9,20,1,0,30,0,46,6,0,52,9,66,7,0,82,0,0,0,82
12/27/2018,STX,VI,ASO,ES,Federal Contract Tower,10,23,2,0,35,0,39,19,0,58,10,62,21,0,93,4,0,4,97
12/28/2018,STX,VI,ASO,ES,Federal Contract Tower,8,31,7,1,47,0,50,15,0,65,8,81,22,1,112,0,0,0,112
12/29/2018,STX,VI,ASO,ES,Federal Contract Tower,9,10,3,0,22,0,34,10,0,44,9,44,13,0,66,0,0,0,66
12/30/2018,STX,VI,ASO,ES,Federal Contract Tower,8,10,5,0,23,0,33,3,0,36,8,43,8,0,59,0,0,0,59
12/31/2018,STX,VI,ASO,ES,Federal Contract Tower,8,21,6,0,35,0,36,14,0,50,8,57,20,0,85,6,0,6,91
01/01/2019,STX,VI,ASO,ES,Federal Contract Tower,8,13,2,0,23,0,33,13,1,47,8,46,15,1,70,2,0,2,72
01/03/2019,STX,VI,ASO,ES,Federal Contract Tower,10,21,6,0,37,0,45,36,0,81,10,66,42,0,118,0,0,0,118
01/04/2019,STX,VI,ASO,ES,Federal Contract Tower,7,20,2,1,30,0,40,23,0,63,7,60,25,1,93,0,0,0,93
01/05/2019,STX,VI,ASO,ES,Federal Contract Tower,10,13,11,1,35,0,37,19,1,57,10,50,30,2,92,0,0,0,92
01/06/2019,STX,VI,ASO,ES,Federal Contract Tower,8,15,3,1,27,0,50,35,0,85,8,65,38,1,112,0,0,0,112
01/07/2019,STX,VI,ASO,ES,Federal Contract Tower,8,28,7,0,43,0,46,22,0,68,8,74,29,0,111,16,0,16,127
01/08/2019,STX,VI,ASO,ES,Federal Contract Tower,8,29,6,0,43,0,46,20,0,66,8,75,26,0,109,0,0,0,109
01/09/2019,STX,VI,ASO,ES,Federal Contract Tower,4,31,3,1,39,0,53,23,1,77,4,84,26,2,116,6,0,6,122
01/10/2019,STX,VI,ASO,ES,Federal Contract Tower,8,26,4,0,38,0,44,26,0,70,8,70,30,0,108,0,0,0,108
01/11/2019,STX,VI,ASO,ES,Federal Contract Tower,4,28,5,1,38,0,44,16,0,60,4,72,21,1,98,2,0,2,100
01/12/2019,STX,VI,ASO,ES,Federal Contract Tower,7,16,1,0,24,0,43,13,0,56,7,59,14,0,80,0,0,0,80
01/13/2019,STX,VI,ASO,ES,Federal Contract Tower,6,12,5,0,23,0,43,22,0,65,6,55,27,0,88,0,0,0,88
01/14/2019,STX,VI,ASO,ES,Federal Contract Tower,6,25,4,0,35,0,40,31,0,71,6,65,35,0,106,0,0,0,106
01/15/2019,STX,VI,ASO,ES,Federal Contract Tower,6,32,5,0,43,0,53,14,0,67,6,85,19,0,110,0,0,0,110
01/16/2019,STX,VI,ASO,ES,Federal Contract Tower,6,24,2,0,32,0,45,27,0,72,6,69,29,0,104,8,0,8,112
01/17/2019,STX,VI,ASO,ES,Federal Contract Tower,8,28,1,0,37,0,47,29,0,76,8,75,30,0,113,6,0,6,119
01/18/2019,STX,VI,ASO,ES,Federal Contract Tower,5,24,1,0,30,0,52,15,2,69,5,76,16,2,99,0,0,0,99
01/19/2019,STX,VI,ASO,ES,Federal Contract Tower,5,18,9,1,33,0,35,19,0,54,5,53,28,1,87,0,0,0,87
01/20/2019,STX,VI,ASO,ES,Federal Contract Tower,6,16,0,0,22,0,39,16,0,55,6,55,16,0,77,0,0,0,77
01/21/2019,STX,VI,ASO,ES,Federal Contract Tower,6,22,3,0,31,0,46,26,0,72,6,68,29,0,103,6,0,6,109
01/22/2019,STX,VI,ASO,ES,Federal Contract Tower,4,29,3,0,36,0,37,20,0,57,4,66,23,0,93,0,0,0,93
01/23/2019,STX,VI,ASO,ES,Federal Contract Tower,6,26,6,0,38,0,36,23,0,59,6,62,29,0,97,14,0,14,111
01/24/2019,STX,VI,ASO,ES,Federal Contract Tower,8,24,7,0,39,0,49,31,0,80,8,73,38,0,119,0,0,0,119
01/25/2019,STX,VI,ASO,ES,Federal Contract Tower,4,25,4,1,34,0,43,18,0,61,4,68,22,1,95,0,0,0,95
01/26/2019,STX,VI,ASO,ES,Federal Contract Tower,7,15,4,1,27,0,30,26,0,56,7,45,30,1,83,0,0,0,83
01/27/2019,STX,VI,ASO,ES,Federal Contract Tower,6,18,2,1,27,0,36,17,0,53,6,54,19,1,80,0,0,0,80
01/28/2019,STX,VI,ASO,ES,Federal Contract Tower,6,23,2,1,32,0,36,19,0,55,6,59,21,1,87,0,0,0,87
01/29/2019,STX,VI,ASO,ES,Federal Contract Tower,6,26,4,0,36,0,43,24,0,67,6,69,28,0,103,0,0,0,103
01/30/2019,STX,VI,ASO,ES,Federal Contract Tower,3,26,7,2,38,0,37,16,2,55,3,63,23,4,93,0,8,8,101
02/01/2019,STX,VI,ASO,ES,Federal Contract Tower,4,24,4,0,32,0,45,10,0,55,4,69,14,0,87,0,0,0,87
02/02/2019,STX,VI,ASO,ES,Federal Contract Tower,8,21,3,0,32,0,24,10,0,34,8,45,13,0,66,0,0,0,66
02/03/2019,STX,VI,ASO,ES,Federal Contract Tower,7,16,2,0,25,0,31,9,0,40,7,47,11,0,65,4,0,4,69
02/04/2019,STX,VI,ASO,ES,Federal Contract Tower,6,28,1,0,35,0,41,11,0,52,6,69,12,0,87,0,0,0,87
02/05/2019,STX,VI,ASO,ES,Federal Contract Tower,6,25,4,0,35,0,43,28,0,71,6,68,32,0,106,4,0,4,110
02/06/2019,STX,VI,ASO,ES,Federal Contract Tower,6,23,2,0,31,0,40,21,0,61,6,63,23,0,92,12,0,12,104
02/07/2019,STX,VI,ASO,ES,Federal Contract Tower,8,30,5,0,43,0,45,17,0,62,8,75,22,0,105,8,0,8,113
02/08/2019,STX,VI,ASO,ES,Federal Contract Tower,4,25,10,0,39,0,50,8,0,58,4,75,18,0,97,0,0,0,97
02/09/2019,STX,VI,ASO,ES,Federal Contract Tower,8,15,1,0,24,0,27,11,0,38,8,42,12,0,62,0,0,0,62
02/10/2019,STX,VI,ASO,ES,Federal Contract Tower,6,13,2,0,21,0,40,14,1,55,6,53,16,1,76,0,0,0,76
02/11/2019,STX,VI,ASO,ES,Federal Contract Tower,6,31,6,0,43,0,44,12,3,59,6,75,18,3,102,4,2,6,108
02/12/2019,STX,VI,ASO,ES,Federal Contract Tower,6,28,3,0,37,0,38,15,0,53,6,66,18,0,90,0,0,0,90
02/13/2019,STX,VI,ASO,ES,Federal Contract Tower,4,25,6,0,35,0,48,13,0,61,4,73,19,0,96,12,0,12,108
02/14/2019,STX,VI,ASO,ES,Federal Contract Tower,8,28,14,0,50,0,49,22,0,71,8,77,36,0,121,10,0,10,131
02/15/2019,STX,VI,ASO,ES,Federal Contract Tower,4,31,3,1,39,0,63,25,0,88,4,94,28,1,127,0,0,0,127
02/16/2019,STX,VI,ASO,ES,Federal Contract Tower,7,15,3,2,27,0,43,30,3,76,7,58,33,5,103,6,0,6,109
02/17/2019,STX,VI,ASO,ES,Federal Contract Tower,6,16,11,0,33,0,47,23,6,76,6,63,34,6,109,6,0,6,115
02/18/2019,STX,VI,ASO,ES,Federal Contract Tower,5,19,6,2,32,0,49,15,2,66,5,68,21,4,98,4,4,8,106
02/19/2019,STX,VI,ASO,ES,Federal Contract Tower,6,36,3,0,45,0,49,11,0,60,6,85,14,0,105,0,0,0,105
02/20/2019,STX,VI,ASO,ES,Federal Contract Tower,4,28,3,0,35,0,35,28,0,63,4,63,31,0,98,6,0,6,104
02/21/2019,STX,VI,ASO,ES,Federal Contract Tower,8,27,4,0,39,0,45,29,0,74,8,72,33,0,113,0,0,0,113
02/22/2019,STX,VI,ASO,ES,Federal Contract Tower,4,32,1,0,37,0,48,7,0,55,4,80,8,0,92,0,0,0,92
02/23/2019,STX,VI,ASO,ES,Federal Contract Tower,7,17,8,0,32,0,32,18,0,50,7,49,26,0,82,0,0,0,82
02/24/2019,STX,VI,ASO,ES,Federal Contract Tower,5,16,3,0,24,0,36,6,2,44,5,52,9,2,68,0,4,4,72
02/25/2019,STX,VI,ASO,ES,Federal Contract Tower,6,27,6,0,39,0,45,8,2,55,6,72,14,2,94,10,0,10,104
02/26/2019,STX,VI,ASO,ES,Federal Contract Tower,5,29,5,0,39,0,44,21,0,65,5,73,26,0,104,30,0,30,134
02/27/2019,STX,VI,ASO,ES,Federal Contract Tower,4,28,7,0,39,0,35,14,0,49,4,63,21,0,88,2,0,2,90
02/28/2019,STX,VI,ASO,ES,Federal Contract Tower,8,26,5,0,39,0,47,16,0,63,8,73,21,0,102,0,0,0,102
03/01/2019,STX,VI,ASO,ES,Federal Contract Tower,4,25,5,0,34,0,44,24,0,68,4,69,29,0,102,10,0,10,112
03/03/2019,STX,VI,ASO,ES,Federal Contract Tower,6,16,1,0,23,0,33,21,0,54,6,49,22,0,77,32,0,32,109
03/04/2019,STX,VI,ASO,ES,Federal Contract Tower,6,26,5,0,37,0,46,18,0,64,6,72,23,0,101,10,0,10,111
03/05/2019,STX,VI,ASO,ES,Federal Contract Tower,6,25,6,0,37,0,41,26,0,67,6,66,32,0,104,0,0,0,104
03/06/2019,STX,VI,ASO,ES,Federal Contract Tower,4,18,5,0,27,0,42,26,0,68,4,60,31,0,95,6,0,6,101
03/07/2019,STX,VI,ASO,ES,Federal Contract Tower,8,27,2,0,37,0,41,23,0,64,8,68,25,0,101,32,0,32,133
03/08/2019,STX,VI,ASO,ES,Federal Contract Tower,4,33,3,1,41,0,58,21,0,79,4,91,24,1,120,20,0,20,140
03/09/2019,STX,VI,ASO,ES,Federal Contract Tower,8,13,9,0,30,0,37,27,0,64,8,50,36,0,94,38,0,38,132
03/10/2019,STX,VI,ASO,ES,Federal Contract Tower,6,15,6,2,29,0,53,24,0,77,6,68,30,2,106,64,0,64,170
03/11/2019,STX,VI,ASO,ES,Federal Contract Tower,6,27,5,3,41,0,49,16,0,65,6,76,21,3,106,8,0,8,114
03/12/2019,STX,VI,ASO,ES,Federal Contract Tower,6,27,6,2,41,0,40,17,0,57,6,67,23,2,98,0,0,0,98
03/13/2019,STX,VI,ASO,ES,Federal Contract Tower,2,23,7,2,34,0,37,31,0,68,2,60,38,2,102,0,0,0,102
03/14/2019,STX,VI,ASO,ES,Federal Contract Tower,8,25,4,0,37,0,50,30,0,80,8,75,34,0,117,16,0,16,133
03/15/2019,STX,VI,ASO,ES,Federal Contract Tower,4,29,8,2,43,0,53,25,0,78,4,82,33,2,121,34,0,34,155
03/16/2019,STX,VI,ASO,ES,Federal Contract Tower,8,17,6,2,33,0,32,16,0,48,8,49,22,2,81,20,0,20,101
03/17/2019,STX,VI,ASO,ES,Federal Contract Tower,6,17,6,1,30,0,40,8,0,48,6,57,14,1,78,6,0,6,84
03/18/2019,STX,VI,ASO,ES,Federal Contract Tower,6,27,3,0,36,0,53,16,0,69,6,80,19,0,105,0,0,0,105
03/20/2019,STX,VI,ASO,ES,Federal Contract Tower,4,21,5,0,30,0,43,25,0,68,4,64,30,0,98,8,0,8,106
03/22/2019,STX,VI,ASO,ES,Federal Contract Tower,4,26,6,2,38,0,48,14,0,62,4,74,20,2,100,12,0,12,112
03/23/2019,STX,VI,ASO,ES,Federal Contract Tower,8,19,5,0,32,0,42,15,0,57,8,61,20,0,89,0,0,0,89
03/24/2019,STX,VI,ASO,ES,Federal Contract Tower,6,15,4,0,25,0,39,16,0,55,6,54,20,0,80,0,0,0,80
03/25/2019,STX,VI,ASO,ES,Federal Contract Tower,6,29,2,0,37,0,30,25,0,55,6,59,27,0,92,0,0,0,92
03/26/2019,STX,VI,ASO,ES,Federal Contract Tower,6,25,2,0,33,0,51,15,0,66,6,76,17,0,99,0,0,0,99
03/27/2019,STX,VI,ASO,ES,Federal Contract Tower,4,25,5,0,34,0,53,28,0,81,4,78,33,0,115,6,0,6,121
03/28/2019,STX,VI,ASO,ES,Federal Contract Tower,8,26,3,0,37,0,50,19,0,69,8,76,22,0,106,8,0,8,114
03/29/2019,STX,VI,ASO,ES,Federal Contract Tower,4,24,2,0,30,0,48,15,0,63,4,72,17,0,93,0,0,0,93
03/30/2019,STX,VI,ASO,ES,Federal Contract Tower,8,16,1,1,26,0,36,15,0,51,8,52,16,1,77,8,0,8,85
03/31/2019,STX,VI,ASO,ES,Federal Contract Tower,6,16,5,1,28,0,43,18,0,61,6,59,23,1,89,2,0,2,91
04/01/2019,STX,VI,ASO,ES,Federal Contract Tower,6,21,1,0,28,0,50,15,0,65,6,71,16,0,93,6,0,6,99
04/02/2019,STX,VI,ASO,ES,Federal Contract Tower,6,22,5,0,33,0,38,23,0,61,6,60,28,0,94,0,0,0,94
04/03/2019,STX,VI,ASO,ES,Federal Contract Tower,4,23,3,2,32,0,48,31,0,79,4,71,34,2,111,8,0,8,119
04/04/2019,STX,VI,ASO,ES,Federal Contract Tower,6,30,4,0,40,0,33,52,0,85,6,63,56,0,125,8,0,8,133
04/05/2019,STX,VI,ASO,ES,Federal Contract Tower,4,22,7,0,33,0,41,28,1,70,4,63,35,1,103,2,0,2,105
04/06/2019,STX,VI,ASO,ES,Federal Contract Tower,8,14,6,3,31,0,42,23,0,65,8,56,29,3,96,0,0,0,96
04/07/2019,STX,VI,ASO,ES,Federal Contract Tower,6,16,0,1,23,0,43,29,0,72,6,59,29,1,95,0,0,0,95
04/08/2019,STX,VI,ASO,ES,Federal Contract Tower,4,28,7,1,40,0,46,25,1,72,4,74,32,2,112,32,0,32,144
04/09/2019,STX,VI,ASO,ES,Federal Contract Tower,6,26,2,2,36,0,51,21,0,72,6,77,23,2,108,32,0,32,140
04/10/2019,STX,VI,ASO,ES,Federal Contract Tower,3,23,3,1,30,0,38,31,3,72,3,61,34,4,102,6,0,6,108
04/11/2019,STX,VI,ASO,ES,Federal Contract Tower,6,26,6,3,41,0,44,28,0,72,6,70,34,3,113,0,0,0,113
04/12/2019,STX,VI,ASO,ES,Federal Contract Tower,4,24,2,0,30,0,53,15,0,68,4,77,17,0,98,16,0,16,114
04/13/2019,STX,VI,ASO,ES,Federal Contract Tower,8,13,3,2,26,0,38,13,0,51,8,51,16,2,77,0,0,0,77
04/15/2019,STX,VI,ASO,ES,Federal Contract Tower,4,28,2,1,35,0,41,16,1,58,4,69,18,2,93,0,0,0,93
04/16/2019,STX,VI,ASO,ES,Federal Contract Tower,6,25,7,0,38,0,42,27,1,70,6,67,34,1,108,14,0,14,122
04/17/2019,STX,VI,ASO,ES,Federal Contract Tower,4,26,3,0,33,0,54,30,1,85,4,80,33,1,118,2,0,2,120
04/18/2019,STX,VI,ASO,ES,Federal Contract Tower,6,26,6,0,38,0,55,20,0,75,6,81,26,0,113,0,0,0,113
04/19/2019,STX,VI,ASO,ES,Federal Contract Tower,4,17,1,0,22,0,58,6,0,64,4,75,7,0,86,14,0,14,100
04/20/2019,STX,VI,ASO,ES,Federal Contract Tower,7,13,1,0,21,0,30,11,0,41,7,43,12,0,62,0,0,0,62
04/21/2019,STX,VI,ASO,ES,Federal Contract Tower,4,14,1,0,19,0,42,14,0,56,4,56,15,0,75,0,0,0,75
04/23/2019,STX,VI,ASO,ES,Federal Contract Tower,6,27,3,0,36,0,57,20,0,77,6,84,23,0,113,0,0,0,113
04/24/2019,STX,VI,ASO,ES,Federal Contract Tower,4,22,3,0,29,0,50,14,1,65,4,72,17,1,94,12,0,12,106
04/25/2019,STX,VI,ASO,ES,Federal Contract Tower,6,25,4,0,35,0,54,21,0,75,6,79,25,0,110,0,0,0,110
04/26/2019,STX,VI,ASO,ES,Federal Contract Tower,4,22,3,0,29,0,53,36,0,89,4,75,39,0,118,0,0,0,118
04/27/2019,STX,VI,ASO,ES,Federal Contract Tower,8,16,6,0,30,0,28,15,0,43,8,44,21,0,73,6,0,6,79
04/28/2019,STX,VI,ASO,ES,Federal Contract Tower,6,17,2,0,25,0,33,12,0,45,6,50,14,0,70,0,0,0,70
04/29/2019,STX,VI,ASO,ES,Federal Contract Tower,4,24,3,1,32,0,47,7,0,54,4,71,10,1,86,0,0,0,86
04/30/2019,STX,VI,ASO,ES,Federal Contract Tower,6,25,2,2,35,0,45,17,0,62,6,70,19,2,97,0,0,0,97
05/01/2019,STX,VI,ASO,ES,Federal Contract Tower,3,23,7,3,36,0,39,28,0,67,3,62,35,3,103,0,0,0,103
05/02/2019,STX,VI,ASO,ES,Federal Contract Tower,6,27,9,2,44,0,42,16,0,58,6,69,25,2,102,2,0,2,104
05/03/2019,STX,VI,ASO,ES,Federal Contract Tower,5,22,2,0,29,0,57,27,1,85,5,79,29,1,114,0,0,0,114
05/04/2019,STX,VI,ASO,ES,Federal Contract Tower,7,13,2,1,23,0,26,7,0,33,7,39,9,1,56,0,0,0,56
05/05/2019,STX,VI,ASO,ES,Federal Contract Tower,5,12,2,1,20,0,40,33,0,73,5,52,35,1,93,0,0,0,93
05/06/2019,STX,VI,ASO,ES,Federal Contract Tower,5,27,7,2,41,0,56,46,0,102,5,83,53,2,143,0,0,0,143
05/08/2019,STX,VI,ASO,ES,Federal Contract Tower,3,19,6,2,30,0,40,21,0,61,3,59,27,2,91,10,0,10,101
05/09/2019,STX,VI,ASO,ES,Federal Contract Tower,5,22,6,2,35,0,45,22,0,67,5,67,28,2,102,0,0,0,102
05/10/2019,STX,VI,ASO,ES,Federal Contract Tower,5,23,5,0,33,0,46,18,1,65,5,69,23,1,98,0,0,0,98
05/12/2019,STX,VI,ASO,ES,Federal Contract Tower,5,9,2,1,17,0,34,17,1,52,5,43,19,2,69,0,0,0,69
05/13/2019,STX,VI,ASO,ES,Federal Contract Tower,5,23,1,0,29,0,50,12,0,62,5,73,13,0,91,0,0,0,91
05/15/2019,STX,VI,ASO,ES,Federal Contract Tower,3,18,4,1,26,0,44,23,0,67,3,62,27,1,93,10,0,10,103
05/16/2019,STX,VI,ASO,ES,Federal Contract Tower,5,18,2,1,26,0,44,32,0,76,5,62,34,1,102,12,0,12,114
05/17/2019,STX,VI,ASO,ES,Federal Contract Tower,5,19,2,1,27,0,50,28,0,78,5,69,30,1,105,2,0,2,107
05/18/2019,STX,VI,ASO,ES,Federal Contract Tower,7,12,6,1,26,0,37,15,1,53,7,49,21,2,79,0,0,0,79
05/19/2019,STX,VI,ASO,ES,Federal Contract Tower,5,8,3,0,16,0,41,14,0,55,5,49,17,0,71,22,0,22,93
05/20/2019,STX,VI,ASO,ES,Federal Contract Tower,5,22,6,0,33,0,44,25,0,69,5,66,31,0,102,6,0,6,108
05/21/2019,STX,VI,ASO,ES,Federal Contract Tower,5,18,0,1,24,0,43,28,0,71,5,61,28,1,95,14,0,14,109
05/22/2019,STX,VI,ASO,ES,Federal Contract Tower,3,16,5,2,26,0,40,21,0,61,3,56,26,2,87,0,0,0,87
05/23/2019,STX,VI,ASO,ES,Federal Contract Tower,5,22,6,1,34,0,55,24,0,79,5,77,30,1,113,10,0,10,123
05/24/2019,STX,VI,ASO,ES,Federal Contract Tower,5,27,2,0,34,0,47,27,0,74,5,74,29,0,108,4,0,4,112
05/25/2019,STX,VI,ASO,ES,Federal Contract Tower,7,7,3,0,17,0,37,25,0,62,7,44,28,0,79,0,0,0,79
05/26/2019,STX,VI,ASO,ES,Federal Contract Tower,5,6,5,0,16,0,31,26,2,59,5,37,31,2,75,0,0,0,75
05/27/2019,STX,VI,ASO,ES,Federal Contract Tower,5,19,1,0,25,0,45,12,0,57,5,64,13,0,82,0,0,0,82
05/28/2019,STX,VI,ASO,ES,Federal Contract Tower,5,27,7,0,39,0,41,20,0,61,5,68,27,0,100,10,0,10,110
05/29/2019,STX,VI,ASO,ES,Federal Contract Tower,3,20,6,0,29,0,28,11,0,39,3,48,17,0,68,0,0,0,68
05/30/2019,STX,VI,ASO,ES,Federal Contract Tower,5,19,10,2,36,0,37,17,0,54,5,56,27,2,90,0,0,0,90
05/31/2019,STX,VI,ASO,ES,Federal Contract Tower,5,21,6,1,33,0,37,15,0,52,5,58,21,1,85,3,0,3,88
06/01/2019,STX,VI,ASO,ES,Federal Contract Tower,7,12,5,0,24,0,31,4,0,35,7,43,9,0,59,0,0,0,59
06/02/2019,STX,VI,ASO,ES,Federal Contract Tower,3,8,5,0,16,0,33,36,0,69,3,41,41,0,85,4,0,4,89
06/03/2019,STX,VI,ASO,ES,Federal Contract Tower,5,21,0,0,26,0,44,15,0,59,5,65,15,0,85,16,0,16,101
06/04/2019,STX,VI,ASO,ES,Federal Contract Tower,5,20,4,0,29,0,43,28,0,71,5,63,32,0,100,6,0,6,106
06/06/2019,STX,VI,ASO,ES,Federal Contract Tower,5,22,4,0,31,0,54,30,0,84,5,76,34,0,115,16,0,16,131
06/07/2019,STX,VI,ASO,ES,Federal Contract Tower,6,20,3,0,29,0,44,24,0,68,6,64,27,0,97,4,0,4,101
06/08/2019,STX,VI,ASO,ES,Federal Contract Tower,6,12,1,0,19,0,30,11,0,41,6,42,12,0,60,0,0,0,60
06/09/2019,STX,VI,ASO,ES,Federal Contract Tower,5,8,5,0,18,0,35,9,0,44,5,43,14,0,62,0,0,0,62
06/10/2019,STX,VI,ASO,ES,Federal Contract Tower,5,21,4,0,30,0,43,15,1,59,5,64,19,1,89,0,2,2,91
06/11/2019,STX,VI,ASO,ES,Federal Contract Tower,5,18,6,0,29,0,42,13,0,55,5,60,19,0,84,0,0,0,84
06/12/2019,STX,VI,ASO,ES,Federal Contract Tower,3,18,4,0,25,0,34,23,0,57,3,52,27,0,82,8,0,8,90
06/13/2019,STX,VI,ASO,ES,Federal Contract Tower,5,21,1,0,27,0,53,21,0,74,5,74,22,0,101,2,0,2,103
06/14/2019,STX,VI,ASO,ES,Federal Contract Tower,5,22,3,0,30,0,51,25,0,76,5,73,28,0,106,0,0,0,106
06/15/2019,STX,VI,ASO,ES,Federal Contract Tower,7,13,5,2,27,0,40,19,1,60,7,53,24,3,87,0,2,2,89
06/16/2019,STX,VI,ASO,ES,Federal Contract Tower,3,8,2,0,13,0,44,17,0,61,3,52,19,0,74,0,0,0,74
06/17/2019,STX,VI,ASO,ES,Federal Contract Tower,5,24,5,0,34,0,41,21,0,62,5,65,26,0,96,2,0,2,98
06/18/2019,STX,VI,ASO,ES,Federal Contract Tower,5,21,2,0,28,0,53,31,1,85,5,74,33,1,113,18,0,18,131
06/19/2019,STX,VI,ASO,ES,Federal Contract Tower,3,18,8,0,29,0,42,18,0,60,3,60,26,0,89,12,0,12,101
06/20/2019,STX,VI,ASO,ES,Federal Contract Tower,5,19,8,2,34,0,40,20,2,62,5,59,28,4,96,0,0,0,96
06/21/2019,STX,VI,ASO,ES,Federal Contract Tower,5,23,8,0,36,0,46,24,0,70,5,69,32,0,106,0,0,0,106
06/22/2019,STX,VI,ASO,ES,Federal Contract Tower,6,12,1,0,19,0,26,10,0,36,6,38,11,0,55,14,0,14,69
06/23/2019,STX,VI,ASO,ES,Federal Contract Tower,3,8,0,1,12,0,40,10,1,51,3,48,10,2,63,0,0,0,63
06/24/2019,STX,VI,ASO,ES,Federal Contract Tower,5,21,4,0,30,0,43,32,0,75,5,64,36,0,105,2,0,2,107
06/25/2019,STX,VI,ASO,ES,Federal Contract Tower,5,22,2,0,29,0,48,33,0,81,5,70,35,0,110,6,0,6,116
06/26/2019,STX,VI,ASO,ES,Federal Contract Tower,3,18,5,0,26,0,52,25,0,77,3,70,30,0,103,10,0,10,113
06/27/2019,STX,VI,ASO,ES,Federal Contract Tower,5,23,3,0,31,0,54,35,0,89,5,77,38,0,120,4,0,4,124
06/28/2019,STX,VI,ASO,ES,Federal Contract Tower,5,21,2,0,28,0,57,23,0,80,5,78,25,0,108,0,0,0,108
06/29/2019,STX,VI,ASO,ES,Federal Contract Tower,7,12,0,0,19,0,29,18,0,47,7,41,18,0,66,0,0,0,66
06/30/2019,STX,VI,ASO,ES,Federal Contract Tower,3,8,5,0,16,0,41,17,0,58,3,49,22,0,74,0,0,0,74
07/01/2019,STX,VI,ASO,ES,Federal Contract Tower,5,22,4,0,31,0,53,21,0,74,5,75,25,0,105,0,0,0,105
07/02/2019,STX,VI,ASO,ES,Federal Contract Tower,5,23,5,0,33,0,59,34,0,93,5,82,39,0,126,0,0,0,126
07/03/2019,STX,VI,ASO,ES,Federal Contract Tower,3,18,7,0,28,0,65,19,0,84,3,83,26,0,112,0,0,0,112
07/04/2019,STX,VI,ASO,ES,Federal Contract Tower,5,10,2,0,17,0,48,14,0,62,5,58,16,0,79,0,0,0,79
07/05/2019,STX,VI,ASO,ES,Federal Contract Tower,5,19,4,0,28,0,54,12,0,66,5,73,16,0,94,0,0,0,94
07/06/2019,STX,VI,ASO,ES,Federal Contract Tower,7,12,2,0,21,0,35,30,0,65,7,47,32,0,86,0,0,0,86
07/07/2019,STX,VI,ASO,ES,Federal Contract Tower,3,8,1,0,12,0,46,26,0,72,3,54,27,0,84,0,0,0,84
07/08/2019,STX,VI,ASO,ES,Federal Contract Tower,5,21,2,0,28,0,42,26,0,68,5,63,28,0,96,0,0,0,96
07/09/2019,STX,VI,ASO,ES,Federal Contract Tower,5,20,4,0,29,0,53,17,0,70,5,73,21,0,99,0,0,0,99
07/10/2019,STX,VI,ASO,ES,Federal Contract Tower,3,20,1,2,26,0,45,24,0,69,3,65,25,2,95,0,0,0,95
07/11/2019,STX,VI,ASO,ES,Federal Contract Tower,5,21,0,2,28,0,56,23,0,79,5,77,23,2,107,0,0,0,107
07/12/2019,STX,VI,ASO,ES,Federal Contract Tower,5,20,1,1,27,0,56,30,0,86,5,76,31,1,113,6,0,6,119
07/13/2019,STX,VI,ASO,ES,Federal Contract Tower,7,12,5,0,24,0,46,20,0,66,7,58,25,0,90,0,0,0,90
07/14/2019,STX,VI,ASO,ES,Federal Contract Tower,3,8,0,0,11,0,42,14,4,60,3,50,14,4,71,0,0,0,71
07/15/2019,STX,VI,ASO,ES,Federal Contract Tower,5,20,8,2,35,0,47,13,1,61,5,67,21,3,96,0,0,0,96
07/16/2019,STX,VI,ASO,ES,Federal Contract Tower,5,22,3,0,30,0,48,22,0,70,5,70,25,0,100,14,0,14,114
07/17/2019,STX,VI,ASO,ES,Federal Contract Tower,3,21,4,1,29,0,45,22,0,67,3,66,26,1,96,0,0,0,96
07/18/2019,STX,VI,ASO,ES,Federal Contract Tower,5,21,8,0,34,0,46,24,0,70,5,67,32,0,104,0,0,0,104
07/19/2019,STX,VI,ASO,ES,Federal Contract Tower,5,18,2,1,26,0,56,21,0,77,5,74,23,1,103,0,0,0,103
07/20/2019,STX,VI,ASO,ES,Federal Contract Tower,7,11,1,0,19,0,37,25,0,62,7,48,26,0,81,0,0,0,81
07/21/2019,STX,VI,ASO,ES,Federal Contract Tower,3,8,1,0,12,0,45,22,0,67,3,53,23,0,79,12,0,12,91
07/22/2019,STX,VI,ASO,ES,Federal Contract Tower,5,23,2,0,30,0,54,10,0,64,5,77,12,0,94,0,0,0,94
07/23/2019,STX,VI,ASO,ES,Federal Contract Tower,5,24,5,0,34,0,38,15,0,53,5,62,20,0,87,0,0,0,87
07/24/2019,STX,VI,ASO,ES,Federal Contract Tower,3,20,4,0,27,0,51,19,0,70,3,71,23,0,97,0,0,0,97
07/25/2019,STX,VI,ASO,ES,Federal Contract Tower,5,16,7,0,28,0,57,32,0,89,5,73,39,0,117,0,0,0,117
07/26/2019,STX,VI,ASO,ES,Federal Contract Tower,5,18,4,1,28,0,53,27,0,80,5,71,31,1,108,0,0,0,108
07/27/2019,STX,VI,ASO,ES,Federal Contract Tower,7,12,3,0,22,0,36,46,0,82,7,48,49,0,104,10,0,10,114
07/28/2019,STX,VI,ASO,ES,Federal Contract Tower,3,8,2,1,14,0,45,19,0,64,3,53,21,1,78,0,0,0,78
07/29/2019,STX,VI,ASO,ES,Federal Contract Tower,5,22,3,0,30,0,45,12,0,57,5,67,15,0,87,0,0,0,87
07/30/2019,STX,VI,ASO,ES,Federal Contract Tower,4,23,11,0,38,0,41,9,0,50,4,64,20,0,88,0,0,0,88
07/31/2019,STX,VI,ASO,ES,Federal Contract Tower,3,23,4,0,30,0,46,7,0,53,3,69,11,0,83,0,0,0,83
08/01/2019,STX,VI,ASO,ES,Federal Contract Tower,5,19,0,0,24,0,60,23,0,83,5,79,23,0,107,4,0,4,111
08/02/2019,STX,VI,ASO,ES,Federal Contract Tower,5,22,7,0,34,0,62,25,0,87,5,84,32,0,121,0,0,0,121
08/03/2019,STX,VI,ASO,ES,Federal Contract Tower,7,12,2,0,21,0,32,5,0,37,7,44,7,0,58,0,0,0,58
08/04/2019,STX,VI,ASO,ES,Federal Contract Tower,3,8,4,0,15,0,47,4,0,51,3,55,8,0,66,0,0,0,66
08/05/2019,STX,VI,ASO,ES,Federal Contract Tower,5,23,1,4,33,0,46,25,0,71,5,69,26,4,104,0,0,0,104
08/06/2019,STX,VI,ASO,ES,Federal Contract Tower,5,21,5,0,31,0,56,34,2,92,5,77,39,2,123,4,0,4,127
08/07/2019,STX,VI,ASO,ES,Federal Contract Tower,3,20,7,0,30,0,49,24,2,75,3,69,31,2,105,14,0,14,119
08/08/2019,STX,VI,ASO,ES,Federal Contract Tower,5,19,1,0,25,0,48,16,0,64,5,67,17,0,89,0,0,0,89
08/09/2019,STX,VI,ASO,ES,Federal Contract Tower,5,20,3,0,28,0,56,23,0,79,5,76,26,0,107,0,0,0,107
08/10/2019,STX,VI,ASO,ES,Federal Contract Tower,7,12,3,0,22,0,37,8,0,45,7,49,11,0,67,6,0,6,73
08/11/2019,STX,VI,ASO,ES,Federal Contract Tower,3,8,4,0,15,0,43,18,0,61,3,51,22,0,76,6,0,6,82
08/12/2019,STX,VI,ASO,ES,Federal Contract Tower,5,19,2,0,26,0,51,29,0,80,5,70,31,0,106,0,0,0,106
08/13/2019,STX,VI,ASO,ES,Federal Contract Tower,5,24,2,0,31,0,46,19,0,65,5,70,21,0,96,0,0,0,96
08/14/2019,STX,VI,ASO,ES,Federal Contract Tower,3,18,2,0,23,0,41,25,2,68,3,59,27,2,91,6,0,6,97
08/15/2019,STX,VI,ASO,ES,Federal Contract Tower,5,18,1,2,26,0,52,27,0,79,5,70,28,2,105,6,0,6,111
08/16/2019,STX,VI,ASO,ES,Federal Contract Tower,5,15,2,1,23,0,59,25,0,84,5,74,27,1,107,8,0,8,115
08/17/2019,STX,VI,ASO,ES,Federal Contract Tower,9,12,2,1,24,0,39,19,2,60,9,51,21,3,84,0,0,0,84
08/18/2019,STX,VI,ASO,ES,Federal Contract Tower,3,8,2,1,14,0,46,7,0,53,3,54,9,1,67,0,0,0,67
08/19/2019,STX,VI,ASO,ES,Federal Contract Tower,5,24,3,2,34,0,48,20,1,69,5,72,23,3,103,0,0,0,103
08/20/2019,STX,VI,ASO,ES,Federal Contract Tower,5,21,2,0,28,0,53,16,0,69,5,74,18,0,97,0,0,0,97
08/21/2019,STX,VI,ASO,ES,Federal Contract Tower,2,18,5,2,27,0,45,16,0,61,2,63,21,2,88,0,0,0,88
08/22/2019,STX,VI,ASO,ES,Federal Contract Tower,4,24,9,0,37,0,60,22,0,82,4,84,31,0,119,4,0,4,123
08/23/2019,STX,VI,ASO,ES,Federal Contract Tower,4,20,3,0,27,0,56,23,2,81,4,76,26,2,108,8,0,8,116
08/24/2019,STX,VI,ASO,ES,Federal Contract Tower,4,11,6,1,22,0,41,18,0,59,4,52,24,1,81,8,0,8,89
08/25/2019,STX,VI,ASO,ES,Federal Contract Tower,2,8,1,0,11,0,44,11,0,55,2,52,12,0,66,6,0,6,72
08/26/2019,STX,VI,ASO,ES,Federal Contract Tower,4,21,8,0,33,0,49,24,0,73,4,70,32,0,106,2,0,2,108
08/27/2019,STX,VI,ASO,ES,Federal Contract Tower,4,25,7,3,39,0,51,25,0,76,4,76,32,3,115,0,0,0,115
08/28/2019,STX,VI,ASO,ES,Federal Contract Tower,2,3,0,0,5,0,0,0,0,0,2,3,0,0,5,0,0,0,5
08/29/2019,STX,VI,ASO,ES,Federal Contract Tower,4,21,7,0,32,0,45,22,7,74,4,66,29,7,106,12,0,12,118
08/30/2019,STX,VI,ASO,ES,Federal Contract Tower,4,24,7,0,35,0,64,18,1,83,4,88,25,1,118,0,0,0,118
08/31/2019,STX,VI,ASO,ES,Federal Contract Tower,2,12,1,0,15,0,42,21,0,63,2,54,22,0,78,0,0,0,78
09/01/2019,STX,VI,ASO,ES,Federal Contract Tower,2,9,5,0,16,0,48,7,0,55,2,57,12,0,71,0,0,0,71
09/02/2019,STX,VI,ASO,ES,Federal Contract Tower,2,14,2,0,18,0,53,12,0,65,2,67,14,0,83,0,0,0,83
09/03/2019,STX,VI,ASO,ES,Federal Contract Tower,2,22,2,0,26,0,51,30,0,81,2,73,32,0,107,0,0,0,107
09/04/2019,STX,VI,ASO,ES,Federal Contract Tower,2,16,4,0,22,0,47,28,0,75,2,63,32,0,97,4,0,4,101
09/05/2019,STX,VI,ASO,ES,Federal Contract Tower,4,22,9,0,35,0,46,30,0,76,4,68,39,0,111,0,0,0,111
09/06/2019,STX,VI,ASO,ES,Federal Contract Tower,4,20,3,0,27,0,63,20,2,85,4,83,23,2,112,40,0,40,152
09/07/2019,STX,VI,ASO,ES,Federal Contract Tower,2,10,4,0,16,0,35,11,0,46,2,45,15,0,62,0,0,0,62
09/08/2019,STX,VI,ASO,ES,Federal Contract Tower,4,8,3,0,15,0,40,11,0,51,4,48,14,0,66,0,0,0,66
09/09/2019,STX,VI,ASO,ES,Federal Contract Tower,4,20,0,0,24,0,47,22,0,69,4,67,22,0,93,0,0,0,93
09/10/2019,STX,VI,ASO,ES,Federal Contract Tower,4,16,1,1,22,0,49,19,0,68,4,65,20,1,90,0,0,0,90
09/11/2019,STX,VI,ASO,ES,Federal Contract Tower,2,20,3,0,25,0,51,24,0,75,2,71,27,0,100,20,0,20,120
09/12/2019,STX,VI,ASO,ES,Federal Contract Tower,4,19,4,0,27,0,53,31,0,84,4,72,35,0,111,14,0,14,125
09/13/2019,STX,VI,ASO,ES,Federal Contract Tower,4,23,4,0,31,0,46,25,0,71,4,69,29,0,102,10,0,10,112
09/14/2019,STX,VI,ASO,ES,Federal Contract Tower,2,10,1,0,13,0,40,11,0,51,2,50,12,0,64,0,0,0,64
09/15/2019,STX,VI,ASO,ES,Federal Contract Tower,4,8,1,0,13,0,40,19,0,59,4,48,20,0,72,0,0,0,72
09/16/2019,STX,VI,ASO,ES,Federal Contract Tower,4,22,2,0,28,0,33,16,2,51,4,55,18,2,79,0,0,0,79
09/17/2019,STX,VI,ASO,ES,Federal Contract Tower,2,19,2,0,23,0,49,18,0,67,2,68,20,0,90,2,0,2,92
09/18/2019,STX,VI,ASO,ES,Federal Contract Tower,2,20,3,1,26,0,54,33,0,87,2,74,36,1,113,0,0,0,113
09/19/2019,STX,VI,ASO,ES,Federal Contract Tower,4,17,5,3,29,0,56,32,0,88,4,73,37,3,117,0,0,0,117
09/20/2019,STX,VI,ASO,ES,Federal Contract Tower,4,18,6,8,36,0,66,2,0,68,4,84,8,8,104,0,0,0,104
09/21/2019,STX,VI,ASO,ES,Federal Contract Tower,2,10,14,0,26,0,30,9,3,42,2,40,23,3,68,0,0,0,68
09/23/2019,STX,VI,ASO,ES,Federal Contract Tower,4,22,8,2,36,0,42,18,1,61,4,64,26,3,97,0,0,0,97
09/24/2019,STX,VI,ASO,ES,Federal Contract Tower,2,0,0,3,5,0,2,0,0,2,2,2,0,3,7,0,0,0,7
09/25/2019,STX,VI,ASO,ES,Federal Contract Tower,2,23,7,1,33,0,45,19,1,65,2,68,26,2,98,2,0,2,100
09/26/2019,STX,VI,ASO,ES,Federal Contract Tower,4,18,2,2,26,0,48,25,0,73,4,66,27,2,99,4,0,4,103
09/27/2019,STX,VI,ASO,ES,Federal Contract Tower,4,23,3,1,31,0,52,18,0,70,4,75,21,1,101,4,0,4,105
09/28/2019,STX,VI,ASO,ES,Federal Contract Tower,2,10,4,4,20,0,28,9,0,37,2,38,13,4,57,0,0,0,57
09/29/2019,STX,VI,ASO,ES,Federal Contract Tower,4,9,2,0,15,0,38,2,0,40,4,47,4,0,55,0,0,0,55
09/30/2019,STX,VI,ASO,ES,Federal Contract Tower,4,21,1,0,26,0,54,7,0,61,4,75,8,0,87,0,0,0,87
10/01/2019,STX,VI,ASO,ES,Federal Contract Tower,1,22,2,0,25,0,54,19,0,73,1,76,21,0,98,8,0,8,106
10/02/2019,STX,VI,ASO,ES,Federal Contract Tower,2,16,1,0,19,0,43,14,0,57,2,59,15,0,76,0,0,0,76
10/03/2019,STX,VI,ASO,ES,Federal Contract Tower,4,21,6,0,31,0,54,19,0,73,4,75,25,0,104,4,0,4,108
10/04/2019,STX,VI,ASO,ES,Federal Contract Tower,2,16,5,0,23,0,63,15,4,82,2,79,20,4,105,0,4,4,109
10/05/2019,STX,VI,ASO,ES,Federal Contract Tower,4,10,3,0,17,0,40,18,0,58,4,50,21,0,75,0,0,0,75
10/06/2019,STX,VI,ASO,ES,Federal Contract Tower,4,8,2,0,14,0,42,13,0,55,4,50,15,0,69,0,0,0,69
10/07/2019,STX,VI,ASO,ES,Federal Contract Tower,4,20,7,0,31,0,57,15,0,72,4,77,22,0,103,0,0,0,103
10/08/2019,STX,VI,ASO,ES,Federal Contract Tower,2,16,7,0,25,0,54,25,0,79,2,70,32,0,104,0,0,0,104
10/09/2019,STX,VI,ASO,ES,Federal Contract Tower,2,16,4,0,22,0,45,21,1,67,2,61,25,1,89,0,0,0,89
10/10/2019,STX,VI,ASO,ES,Federal Contract Tower,4,21,0,0,25,0,49,31,0,80,4,70,31,0,105,6,0,6,111
10/11/2019,STX,VI,ASO,ES,Federal Contract Tower,4,21,4,0,29,0,67,28,0,95,4,88,32,0,124,0,0,0,124
10/12/2019,STX,VI,ASO,ES,Federal Contract Tower,2,10,6,0,18,0,35,28,2,65,2,45,34,2,83,0,0,0,83
10/13/2019,STX,VI,ASO,ES,Federal Contract Tower,4,12,4,0,20,0,47,22,2,71,4,59,26,2,91,0,0,0,91
10/14/2019,STX,VI,ASO,ES,Federal Contract Tower,4,15,4,0,23,0,48,27,0,75,4,63,31,0,98,6,0,6,104
10/15/2019,STX,VI,ASO,ES,Federal Contract Tower,2,28,0,0,30,0,52,26,2,80,2,80,26,2,110,6,0,6,116
10/16/2019,STX,VI,ASO,ES,Federal Contract Tower,2,21,5,0,28,0,50,24,0,74,2,71,29,0,102,0,0,0,102
10/17/2019,STX,VI,ASO,ES,Federal Contract Tower,4,18,2,0,24,0,49,38,0,87,4,67,40,0,111,12,0,12,123
10/18/2019,STX,VI,ASO,ES,Federal Contract Tower,4,20,6,1,31,0,63,22,0,85,4,83,28,1,116,0,0,0,116
10/19/2019,STX,VI,ASO,ES,Federal Contract Tower,2,8,3,1,14,0,45,33,0,78,2,53,36,1,92,4,0,4,96
10/20/2019,STX,VI,ASO,ES,Federal Contract Tower,4,8,5,0,17,0,44,30,0,74,4,52,35,0,91,0,0,0,91
10/21/2019,STX,VI,ASO,ES,Federal Contract Tower,4,20,5,1,30,0,54,22,0,76,4,74,27,1,106,0,0,0,106
10/22/2019,STX,VI,ASO,ES,Federal Contract Tower,2,16,9,0,27,0,58,9,0,67,2,74,18,0,94,0,0,0,94
10/23/2019,STX,VI,ASO,ES,Federal Contract Tower,2,16,6,1,25,0,42,14,0,56,2,58,20,1,81,0,0,0,81
10/24/2019,STX,VI,ASO,ES,Federal Contract Tower,4,19,7,0,30,0,53,23,0,76,4,72,30,0,106,0,0,0,106
10/25/2019,STX,VI,ASO,ES,Federal Contract Tower,4,19,3,2,28,0,70,24,0,94,4,89,27,2,122,2,0,2,124
10/26/2019,STX,VI,ASO,ES,Federal Contract Tower,2,10,4,3,19,0,31,13,2,46,2,41,17,5,65,0,0,0,65
10/27/2019,STX,VI,ASO,ES,Federal Contract Tower,4,6,8,1,19,0,44,17,0,61,4,50,25,1,80,0,0,0,80
10/28/2019,STX,VI,ASO,ES,Federal Contract Tower,4,18,9,0,31,0,50,24,0,74,4,68,33,0,105,0,0,0,105
10/29/2019,STX,VI,ASO,ES,Federal Contract Tower,2,18,5,0,25,0,45,21,0,66,2,63,26,0,91,12,0,12,103
10/30/2019,STX,VI,ASO,ES,Federal Contract Tower,2,20,4,0,26,0,47,23,0,70,2,67,27,0,96,6,0,6,102
10/31/2019,STX,VI,ASO,ES,Federal Contract Tower,4,18,7,3,32,0,54,25,0,79,4,72,32,3,111,0,0,0,111
11/01/2019,STX,VI,ASO,ES,Federal Contract Tower,4,21,2,0,27,0,47,28,0,75,4,68,30,0,102,0,0,0,102
11/02/2019,STX,VI,ASO,ES,Federal Contract Tower,4,12,2,1,19,0,38,21,0,59,4,50,23,1,78,14,0,14,92
11/03/2019,STX,VI,ASO,ES,Federal Contract Tower,4,14,5,2,25,0,34,4,0,38,4,48,9,2,63,0,0,0,63
11/04/2019,STX,VI,ASO,ES,Federal Contract Tower,4,23,7,0,34,0,47,17,0,64,4,70,24,0,98,6,0,6,104
11/05/2019,STX,VI,ASO,ES,Federal Contract Tower,2,17,6,0,25,0,49,18,0,67,2,66,24,0,92,0,0,0,92
11/06/2019,STX,VI,ASO,ES,Federal Contract Tower,2,18,8,0,28,0,51,31,0,82,2,69,39,0,110,0,0,0,110
11/07/2019,STX,VI,ASO,ES,Federal Contract Tower,6,18,5,0,29,0,61,31,0,92,6,79,36,0,121,0,0,0,121
11/08/2019,STX,VI,ASO,ES,Federal Contract Tower,4,19,10,0,33,0,56,23,0,79,4,75,33,0,112,18,0,18,130
11/09/2019,STX,VI,ASO,ES,Federal Contract Tower,2,13,4,0,19,0,37,20,0,57,2,50,24,0,76,0,0,0,76
11/10/2019,STX,VI,ASO,ES,Federal Contract Tower,4,8,1,0,13,0,36,11,0,47,4,44,12,0,60,0,0,0,60
11/11/2019,STX,VI,ASO,ES,Federal Contract Tower,4,11,4,0,19,0,53,37,0,90,4,64,41,0,109,8,0,8,117
11/12/2019,STX,VI,ASO,ES,Federal Contract Tower,2,21,5,0,28,0,61,14,0,75,2,82,19,0,103,0,0,0,103
11/13/2019,STX,VI,ASO,ES,Federal Contract Tower,2,17,4,0,23,0,60,17,0,77,2,77,21,0,100,8,0,8,108
11/14/2019,STX,VI,ASO,ES,Federal Contract Tower,4,20,5,0,29,0,45,33,0,78,4,65,38,0,107,0,0,0,107
11/15/2019,STX,VI,ASO,ES,Federal Contract Tower,2,19,8,1,30,0,72,38,0,110,2,91,46,1,140,0,0,0,140
11/16/2019,STX,VI,ASO,ES,Federal Contract Tower,2,12,1,0,15,0,42,12,0,54,2,54,13,0,69,4,0,4,73
11/17/2019,STX,VI,ASO,ES,Federal Contract Tower,4,8,2,1,15,0,58,24,0,82,4,66,26,1,97,0,0,0,97
11/18/2019,STX,VI,ASO,ES,Federal Contract Tower,2,18,4,0,24,0,69,23,0,92,2,87,27,0,116,2,0,2,118
11/19/2019,STX,VI,ASO,ES,Federal Contract Tower,4,18,7,0,29,0,40,28,0,68,4,58,35,0,97,0,0,0,97
11/20/2019,STX,VI,ASO,ES,Federal Contract Tower,2,17,2,0,21,0,61,19,0,80,2,78,21,0,101,0,0,0,101
11/21/2019,STX,VI,ASO,ES,Federal Contract Tower,5,18,2,0,25,0,60,18,0,78,5,78,20,0,103,0,0,0,103
11/22/2019,STX,VI,ASO,ES,Federal Contract Tower,4,23,2,0,29,0,65,25,0,90,4,88,27,0,119,6,0,6,125
11/23/2019,STX,VI,ASO,ES,Federal Contract Tower,6,13,4,0,23,0,37,16,0,53,6,50,20,0,76,0,0,0,76
11/24/2019,STX,VI,ASO,ES,Federal Contract Tower,7,9,4,0,20,0,42,20,0,62,7,51,24,0,82,0,0,0,82
11/25/2019,STX,VI,ASO,ES,Federal Contract Tower,6,23,2,0,31,0,50,15,0,65,6,73,17,0,96,0,0,0,96
11/26/2019,STX,VI,ASO,ES,Federal Contract Tower,6,18,1,0,25,0,57,21,0,78,6,75,22,0,103,0,0,0,103
11/27/2019,STX,VI,ASO,ES,Federal Contract Tower,4,18,1,0,23,0,64,31,0,95,4,82,32,0,118,0,0,0,118
11/28/2019,STX,VI,ASO,ES,Federal Contract Tower,6,10,0,0,16,0,46,9,0,55,6,56,9,0,71,0,0,0,71
11/29/2019,STX,VI,ASO,ES,Federal Contract Tower,4,16,3,0,23,0,40,17,0,57,4,56,20,0,80,0,0,0,80
11/30/2019,STX,VI,ASO,ES,Federal Contract Tower,6,13,5,0,24,0,41,15,0,56,6,54,20,0,80,0,0,0,80
12/01/2019,STX,VI,ASO,ES,Federal Contract Tower,8,11,4,0,23,0,44,28,0,72,8,55,32,0,95,0,0,0,95
12/02/2019,STX,VI,ASO,ES,Federal Contract Tower,6,20,3,0,29,0,52,30,0,82,6,72,33,0,111,4,0,4,115
12/03/2019,STX,VI,ASO,ES,Federal Contract Tower,5,22,3,0,30,0,56,12,2,70,5,78,15,2,100,0,0,0,100
12/04/2019,STX,VI,ASO,ES,Federal Contract Tower,2,18,4,0,24,0,65,17,0,82,2,83,21,0,106,4,0,4,110
12/05/2019,STX,VI,ASO,ES,Federal Contract Tower,4,19,9,0,32,0,57,26,0,83,4,76,35,0,115,22,0,22,137
12/06/2019,STX,VI,ASO,ES,Federal Contract Tower,2,21,9,0,32,0,71,31,0,102,2,92,40,0,134,8,0,8,142
12/07/2019,STX,VI,ASO,ES,Federal Contract Tower,4,12,2,0,18,0,37,19,0,56,4,49,21,0,74,18,0,18,92
12/08/2019,STX,VI,ASO,ES,Federal Contract Tower,4,12,3,0,19,0,40,28,0,68,4,52,31,0,87,12,0,12,99
12/09/2019,STX,VI,ASO,ES,Federal Contract Tower,2,23,3,2,30,0,60,17,2,79,2,83,20,4,109,10,8,18,127
12/10/2019,STX,VI,ASO,ES,Federal Contract Tower,4,20,7,2,33,0,47,25,0,72,4,67,32,2,105,0,0,0,105
12/11/2019,STX,VI,ASO,ES,Federal Contract Tower,2,18,14,2,36,0,57,33,2,92,2,75,47,4,128,12,0,12,140
12/12/2019,STX,VI,ASO,ES,Federal Contract Tower,4,21,6,2,33,0,55,17,0,72,4,76,23,2,105,0,0,0,105
12/13/2019,STX,VI,ASO,ES,Federal Contract Tower,2,23,8,2,35,0,73,23,0,96,2,96,31,2,131,0,0,0,131
12/14/2019,STX,VI,ASO,ES,Federal Contract Tower,4,14,9,0,27,0,51,25,2,78,4,65,34,2,105,4,0,4,109
12/15/2019,STX,VI,ASO,ES,Federal Contract Tower,5,9,6,2,22,0,50,23,0,73,5,59,29,2,95,0,0,0,95
12/16/2019,STX,VI,ASO,ES,Federal Contract Tower,2,22,2,0,26,0,48,16,0,64,2,70,18,0,90,6,0,6,96
12/17/2019,STX,VI,ASO,ES,Federal Contract Tower,4,20,7,0,31,0,53,13,0,66,4,73,20,0,97,0,0,0,97
12/18/2019,STX,VI,ASO,ES,Federal Contract Tower,6,18,1,0,25,0,53,23,0,76,6,71,24,0,101,2,0,2,103
12/19/2019,STX,VI,ASO,ES,Federal Contract Tower,7,18,5,0,30,0,62,30,0,92,7,80,35,0,122,0,0,0,122
12/20/2019,STX,VI,ASO,ES,Federal Contract Tower,6,19,5,0,30,0,72,24,0,96,6,91,29,0,126,0,0,0,126
12/21/2019,STX,VI,ASO,ES,Federal Contract Tower,8,15,7,0,30,0,52,12,0,64,8,67,19,0,94,0,0,0,94
12/22/2019,STX,VI,ASO,ES,Federal Contract Tower,10,12,5,0,27,0,55,13,0,68,10,67,18,0,95,0,0,0,95
12/23/2019,STX,VI,ASO,ES,Federal Contract Tower,8,24,5,0,37,0,63,17,4,84,8,87,22,4,121,6,0,6,127
12/27/2019,STX,VI,ASO,ES,Federal Contract Tower,8,18,6,0,32,0,52,29,0,81,8,70,35,0,113,0,0,0,113
12/28/2019,STX,VI,ASO,ES,Federal Contract Tower,7,15,5,0,27,0,41,23,0,64,7,56,28,0,91,0,0,0,91
12/29/2019,STX,VI,ASO,ES,Federal Contract Tower,10,7,4,0,21,0,45,19,0,64,10,52,23,0,85,0,0,0,85
12/30/2019,STX,VI,ASO,ES,Federal Contract Tower,8,26,4,0,38,0,50,18,0,68,8,76,22,0,106,0,0,0,106
12/31/2019,STX,VI,ASO,ES,Federal Contract Tower,8,20,3,0,31,0,50,17,0,67,8,70,20,0,98,8,0,8,106
01/01/2020,STX,VI,ASO,ES,Federal Contract Tower,6,9,4,0,19,0,40,21,0,61,6,49,25,0,80,0,0,0,80
01/02/2020,STX,VI,ASO,ES,Federal Contract Tower,10,17,8,0,35,0,58,39,0,97,10,75,47,0,132,0,0,0,132
01/03/2020,STX,VI,ASO,ES,Federal Contract Tower,8,23,6,0,37,0,54,23,0,77,8,77,29,0,114,6,0,6,120
01/04/2020,STX,VI,ASO,ES,Federal Contract Tower,7,16,8,0,31,0,39,24,0,63,7,55,32,0,94,0,0,0,94
01/05/2020,STX,VI,ASO,ES,Federal Contract Tower,10,6,10,2,28,0,43,16,0,59,10,49,26,2,87,2,0,2,89
01/06/2020,STX,VI,ASO,ES,Federal Contract Tower,7,15,8,0,30,0,58,23,0,81,7,73,31,0,111,0,0,0,111
01/07/2020,STX,VI,ASO,ES,Federal Contract Tower,6,18,7,3,34,0,53,25,0,78,6,71,32,3,112,0,0,0,112
01/08/2020,STX,VI,ASO,ES,Federal Contract Tower,4,16,10,0,30,0,48,15,0,63,4,64,25,0,93,0,0,0,93
01/09/2020,STX,VI,ASO,ES,Federal Contract Tower,5,19,10,1,35,0,39,32,0,71,5,58,42,1,106,0,0,0,106
01/10/2020,STX,VI,ASO,ES,Federal Contract Tower,4,18,3,2,27,0,66,28,0,94,4,84,31,2,121,0,0,0,121
01/11/2020,STX,VI,ASO,ES,Federal Contract Tower,7,12,2,0,21,0,45,24,0,69,7,57,26,0,90,0,0,0,90
01/12/2020,STX,VI,ASO,ES,Federal Contract Tower,6,11,2,0,19,0,44,14,0,58,6,55,16,0,77,6,0,6,83
01/13/2020,STX,VI,ASO,ES,Federal Contract Tower,6,19,5,0,30,0,51,16,0,67,6,70,21,0,97,0,0,0,97
01/14/2020,STX,VI,ASO,ES,Federal Contract Tower,6,21,9,1,37,0,57,15,0,72,6,78,24,1,109,2,0,2,111
01/15/2020,STX,VI,ASO,ES,Federal Contract Tower,4,18,4,2,28,0,48,14,0,62,4,66,18,2,90,10,0,10,100
01/16/2020,STX,VI,ASO,ES,Federal Contract Tower,6,20,8,1,35,0,47,26,0,73,6,67,34,1,108,12,0,12,120
01/17/2020,STX,VI,ASO,ES,Federal Contract Tower,4,19,1,1,25,0,81,41,0,122,4,100,42,1,147,0,0,0,147
01/18/2020,STX,VI,ASO,ES,Federal Contract Tower,8,13,3,2,26,0,60,24,2,86,8,73,27,4,112,4,0,4,116
01/19/2020,STX,VI,ASO,ES,Federal Contract Tower,5,16,4,2,27,0,43,28,0,71,5,59,32,2,98,0,0,0,98
01/20/2020,STX,VI,ASO,ES,Federal Contract Tower,6,20,8,2,36,0,59,41,0,100,6,79,49,2,136,0,0,0,136
01/21/2020,STX,VI,ASO,ES,Federal Contract Tower,6,16,7,2,31,0,65,12,0,77,6,81,19,2,108,0,0,0,108
01/22/2020,STX,VI,ASO,ES,Federal Contract Tower,4,10,3,1,18,0,67,17,2,86,4,77,20,3,104,0,0,0,104
01/23/2020,STX,VI,ASO,ES,Federal Contract Tower,8,18,9,0,35,0,57,35,0,92,8,75,44,0,127,12,0,12,139
01/24/2020,STX,VI,ASO,ES,Federal Contract Tower,3,31,6,0,40,0,63,26,0,89,3,94,32,0,129,0,0,0,129
01/25/2020,STX,VI,ASO,ES,Federal Contract Tower,8,14,7,0,29,0,41,17,2,60,8,55,24,2,89,8,0,8,97
01/26/2020,STX,VI,ASO,ES,Federal Contract Tower,6,11,4,0,21,0,51,17,2,70,6,62,21,2,91,4,0,4,95
01/27/2020,STX,VI,ASO,ES,Federal Contract Tower,6,20,10,0,36,0,58,14,3,75,6,78,24,3,111,4,0,4,115
01/28/2020,STX,VI,ASO,ES,Federal Contract Tower,6,18,10,0,34,0,54,19,0,73,6,72,29,0,107,4,0,4,111
01/30/2020,STX,VI,ASO,ES,Federal Contract Tower,6,18,5,0,29,0,55,17,0,72,6,73,22,0,101,6,0,6,107
01/31/2020,STX,VI,ASO,ES,Federal Contract Tower,4,19,7,0,30,0,52,24,0,76,4,71,31,0,106,0,0,0,106
02/01/2020,STX,VI,ASO,ES,Federal Contract Tower,8,12,2,0,22,0,38,21,0,59,8,50,23,0,81,0,0,0,81
02/02/2020,STX,VI,ASO,ES,Federal Contract Tower,5,8,1,0,14,0,39,25,2,66,5,47,26,2,80,0,0,0,80
02/03/2020,STX,VI,ASO,ES,Federal Contract Tower,6,23,2,0,31,0,53,26,0,79,6,76,28,0,110,0,0,0,110
02/04/2020,STX,VI,ASO,ES,Federal Contract Tower,6,14,8,1,29,0,52,21,0,73,6,66,29,1,102,2,0,2,104
02/05/2020,STX,VI,ASO,ES,Federal Contract Tower,4,18,6,1,29,0,44,26,0,70,4,62,32,1,99,6,0,6,105
02/06/2020,STX,VI,ASO,ES,Federal Contract Tower,6,22,4,0,32,0,43,24,0,67,6,65,28,0,99,0,0,0,99
02/07/2020,STX,VI,ASO,ES,Federal Contract Tower,3,21,3,0,27,0,58,16,0,74,3,79,19,0,101,0,0,0,101
02/08/2020,STX,VI,ASO,ES,Federal Contract Tower,7,12,1,0,20,0,45,22,0,67,7,57,23,0,87,0,0,0,87
02/09/2020,STX,VI,ASO,ES,Federal Contract Tower,6,8,7,1,22,0,45,21,0,66,6,53,28,1,88,0,0,0,88
02/10/2020,STX,VI,ASO,ES,Federal Contract Tower,6,21,3,1,31,0,56,22,0,78,6,77,25,1,109,0,0,0,109
02/11/2020,STX,VI,ASO,ES,Federal Contract Tower,6,18,2,0,26,0,42,12,0,54,6,60,14,0,80,0,0,0,80
02/12/2020,STX,VI,ASO,ES,Federal Contract Tower,3,16,0,0,19,0,37,25,0,62,3,53,25,0,81,0,0,0,81
02/13/2020,STX,VI,ASO,ES,Federal Contract Tower,5,20,18,0,43,0,67,28,0,95,5,87,46,0,138,6,0,6,144
02/14/2020,STX,VI,ASO,ES,Federal Contract Tower,3,20,5,0,28,0,64,37,0,101,3,84,42,0,129,0,0,0,129
02/15/2020,STX,VI,ASO,ES,Federal Contract Tower,8,12,6,0,26,0,47,30,0,77,8,59,36,0,103,0,0,0,103
02/16/2020,STX,VI,ASO,ES,Federal Contract Tower,6,9,3,0,18,0,42,32,0,74,6,51,35,0,92,0,0,0,92
02/17/2020,STX,VI,ASO,ES,Federal Contract Tower,6,18,5,0,29,0,66,21,0,87,6,84,26,0,116,0,0,0,116
02/18/2020,STX,VI,ASO,ES,Federal Contract Tower,6,22,0,0,28,0,58,15,0,73,6,80,15,0,101,0,0,0,101
02/19/2020,STX,VI,ASO,ES,Federal Contract Tower,3,19,3,0,25,0,40,20,0,60,3,59,23,0,85,0,0,0,85
02/20/2020,STX,VI,ASO,ES,Federal Contract Tower,6,20,7,0,33,0,51,34,0,85,6,71,41,0,118,0,0,0,118
02/21/2020,STX,VI,ASO,ES,Federal Contract Tower,4,20,9,1,34,0,63,25,9,97,4,83,34,10,131,2,0,2,133
02/22/2020,STX,VI,ASO,ES,Federal Contract Tower,8,12,7,1,28,0,38,11,0,49,8,50,18,1,77,0,0,0,77
02/23/2020,STX,VI,ASO,ES,Federal Contract Tower,6,8,6,0,20,0,44,12,0,56,6,52,18,0,76,0,0,0,76
02/24/2020,STX,VI,ASO,ES,Federal Contract Tower,6,22,4,3,35,0,57,24,2,83,6,79,28,5,118,12,0,12,130
02/25/2020,STX,VI,ASO,ES,Federal Contract Tower,6,26,10,0,42,0,49,12,0,61,6,75,22,0,103,0,0,0,103
02/26/2020,STX,VI,ASO,ES,Federal Contract Tower,6,31,14,0,51,0,35,16,0,51,6,66,30,0,102,6,0,6,108
02/27/2020,STX,VI,ASO,ES,Federal Contract Tower,6,19,3,0,28,0,53,31,0,84,6,72,34,0,112,10,0,10,122
02/28/2020,STX,VI,ASO,ES,Federal Contract Tower,4,20,0,0,24,0,61,24,0,85,4,81,24,0,109,2,0,2,111
02/29/2020,STX,VI,ASO,ES,Federal Contract Tower,8,12,4,0,24,0,46,19,0,65,8,58,23,0,89,0,0,0,89
03/01/2020,STX,VI,ASO,ES,Federal Contract Tower,6,10,6,0,22,0,43,10,0,53,6,53,16,0,75,0,0,0,75
03/02/2020,STX,VI,ASO,ES,Federal Contract Tower,6,22,6,0,34,0,56,9,0,65,6,78,15,0,99,0,0,0,99
03/03/2020,STX,VI,ASO,ES,Federal Contract Tower,5,18,1,0,24,0,48,22,0,70,5,66,23,0,94,0,0,0,94
03/04/2020,STX,VI,ASO,ES,Federal Contract Tower,4,19,3,0,26,0,59,22,0,81,4,78,25,0,107,0,0,0,107
03/07/2020,STX,VI,ASO,ES,Federal Contract Tower,7,12,4,0,23,0,35,18,0,53,7,47,22,0,76,8,0,8,84
03/08/2020,STX,VI,ASO,ES,Federal Contract Tower,8,8,7,0,23,0,40,9,0,49,8,48,16,0,72,0,0,0,72
03/09/2020,STX,VI,ASO,ES,Federal Contract Tower,6,31,6,0,43,0,36,13,0,49,6,67,19,0,92,4,0,4,96
03/11/2020,STX,VI,ASO,ES,Federal Contract Tower,10,11,7,0,28,0,46,21,0,67,10,57,28,0,95,0,0,0,95
03/12/2020,STX,VI,ASO,ES,Federal Contract Tower,12,12,6,0,30,0,43,21,0,64,12,55,27,0,94,0,0,0,94
03/14/2020,STX,VI,ASO,ES,Federal Contract Tower,14,5,3,0,22,0,36,14,0,50,14,41,17,0,72,0,0,0,72
03/15/2020,STX,VI,ASO,ES,Federal Contract Tower,10,5,6,0,21,0,47,21,0,68,10,52,27,0,89,0,0,0,89
03/16/2020,STX,VI,ASO,ES,Federal Contract Tower,8,19,6,0,33,0,51,20,0,71,8,70,26,0,104,0,0,0,104
03/17/2020,STX,VI,ASO,ES,Federal Contract Tower,10,19,5,0,34,0,34,8,0,42,10,53,13,0,76,0,0,0,76
03/18/2020,STX,VI,ASO,ES,Federal Contract Tower,10,13,2,0,25,0,33,13,0,46,10,46,15,0,71,0,0,0,71
03/19/2020,STX,VI,ASO,ES,Federal Contract Tower,12,16,1,0,29,0,32,14,0,46,12,48,15,0,75,0,0,0,75
03/20/2020,STX,VI,ASO,ES,Federal Contract Tower,10,17,3,0,30,0,32,18,0,50,10,49,21,0,80,0,0,0,80
03/21/2020,STX,VI,ASO,ES,Federal Contract Tower,12,10,4,0,26,0,26,11,0,37,12,36,15,0,63,0,0,0,63
03/22/2020,STX,VI,ASO,ES,Federal Contract Tower,6,11,2,0,19,0,17,5,0,22,6,28,7,0,41,0,0,0,41
03/23/2020,STX,VI,ASO,ES,Federal Contract Tower,6,23,2,0,31,0,22,6,0,28,6,45,8,0,59,0,0,0,59
03/24/2020,STX,VI,ASO,ES,Federal Contract Tower,6,25,2,0,33,0,17,5,0,22,6,42,7,0,55,0,0,0,55
03/25/2020,STX,VI,ASO,ES,Federal Contract Tower,3,14,5,0,22,0,17,24,0,41,3,31,29,0,63,0,0,0,63
03/26/2020,STX,VI,ASO,ES,Federal Contract Tower,4,13,5,0,22,0,30,12,0,42,4,43,17,0,64,0,0,0,64
03/27/2020,STX,VI,ASO,ES,Federal Contract Tower,2,17,4,0,23,0,20,11,1,32,2,37,15,1,55,6,0,6,61
03/28/2020,STX,VI,ASO,ES,Federal Contract Tower,1,10,1,0,12,0,10,2,0,12,1,20,3,0,24,0,0,0,24
03/29/2020,STX,VI,ASO,ES,Federal Contract Tower,5,8,1,0,14,0,13,3,0,16,5,21,4,0,30,0,0,0,30
03/30/2020,STX,VI,ASO,ES,Federal Contract Tower,2,15,2,0,19,0,23,4,0,27,2,38,6,0,46,0,0,0,46
03/31/2020,STX,VI,ASO,ES,Federal Contract Tower,4,13,1,0,18,0,35,2,0,37,4,48,3,0,55,0,0,0,55
04/01/2020,STX,VI,ASO,ES,Federal Contract Tower,0,12,0,0,12,0,17,14,0,31,0,29,14,0,43,0,0,0,43
04/02/2020,STX,VI,ASO,ES,Federal Contract Tower,4,14,0,0,18,0,20,18,1,39,4,34,18,1,57,2,0,2,59
04/04/2020,STX,VI,ASO,ES,Federal Contract Tower,2,10,1,0,13,0,16,14,0,30,2,26,15,0,43,0,0,0,43
04/05/2020,STX,VI,ASO,ES,Federal Contract Tower,2,8,0,0,10,0,12,0,0,12,2,20,0,0,22,0,0,0,22
04/06/2020,STX,VI,ASO,ES,Federal Contract Tower,2,12,2,0,16,0,20,5,0,25,2,32,7,0,41,0,0,0,41
04/07/2020,STX,VI,ASO,ES,Federal Contract Tower,4,14,4,0,22,0,19,12,0,31,4,33,16,0,53,0,0,0,53
04/08/2020,STX,VI,ASO,ES,Federal Contract Tower,2,11,0,0,13,0,15,10,0,25,2,26,10,0,38,0,0,0,38
04/09/2020,STX,VI,ASO,ES,Federal Contract Tower,2,8,0,0,10,0,23,15,0,38,2,31,15,0,48,0,0,0,48
04/10/2020,STX,VI,ASO,ES,Federal Contract Tower,2,4,1,0,7,0,14,7,0,21,2,18,8,0,28,0,0,0,28
04/11/2020,STX,VI,ASO,ES,Federal Contract Tower,2,4,1,0,7,0,10,8,0,18,2,14,9,0,25,0,0,0,25
04/12/2020,STX,VI,ASO,ES,Federal Contract Tower,2,4,0,0,6,0,10,3,0,13,2,14,3,0,19,0,0,0,19
04/13/2020,STX,VI,ASO,ES,Federal Contract Tower,2,14,0,0,16,0,19,7,0,26,2,33,7,0,42,8,0,8,50
04/14/2020,STX,VI,ASO,ES,Federal Contract Tower,2,8,2,1,13,0,19,4,2,25,2,27,6,3,38,0,0,0,38
04/15/2020,STX,VI,ASO,ES,Federal Contract Tower,2,6,0,0,8,0,16,16,0,32,2,22,16,0,40,2,0,2,42
04/16/2020,STX,VI,ASO,ES,Federal Contract Tower,2,6,0,0,8,0,24,16,0,40,2,30,16,0,48,16,0,16,64
04/17/2020,STX,VI,ASO,ES,Federal Contract Tower,2,6,3,0,11,0,16,11,0,27,2,22,14,0,38,0,0,0,38
04/18/2020,STX,VI,ASO,ES,Federal Contract Tower,2,3,0,0,5,0,17,10,0,27,2,20,10,0,32,0,0,0,32
04/19/2020,STX,VI,ASO,ES,Federal Contract Tower,2,1,1,0,4,0,14,10,0,24,2,15,11,0,28,0,0,0,28
04/20/2020,STX,VI,ASO,ES,Federal Contract Tower,2,13,0,0,15,0,25,3,0,28,2,38,3,0,43,0,0,0,43
04/21/2020,STX,VI,ASO,ES,Federal Contract Tower,2,6,0,0,8,0,15,17,0,32,2,21,17,0,40,0,0,0,40
04/22/2020,STX,VI,ASO,ES,Federal Contract Tower,2,2,6,0,10,0,17,19,0,36,2,19,25,0,46,0,0,0,46
04/23/2020,STX,VI,ASO,ES,Federal Contract Tower,2,7,1,0,10,0,18,12,0,30,2,25,13,0,40,6,0,6,46
04/24/2020,STX,VI,ASO,ES,Federal Contract Tower,2,6,4,0,12,0,23,13,0,36,2,29,17,0,48,0,0,0,48
04/25/2020,STX,VI,ASO,ES,Federal Contract Tower,2,2,2,0,6,0,14,14,0,28,2,16,16,0,34,12,0,12,46
04/26/2020,STX,VI,ASO,ES,Federal Contract Tower,2,2,5,0,9,0,18,1,0,19,2,20,6,0,28,0,0,0,28
04/27/2020,STX,VI,ASO,ES,Federal Contract Tower,2,11,0,0,13,0,18,3,0,21,2,29,3,0,34,0,0,0,34
04/28/2020,STX,VI,ASO,ES,Federal Contract Tower,2,4,2,0,8,0,21,4,0,25,2,25,6,0,33,0,0,0,33
04/29/2020,STX,VI,ASO,ES,Federal Contract Tower,2,4,3,0,9,0,15,12,0,27,2,19,15,0,36,12,0,12,48
04/30/2020,STX,VI,ASO,ES,Federal Contract Tower,2,11,1,2,16,0,22,15,0,37,2,33,16,2,53,8,0,8,61
05/01/2020,STX,VI,ASO,ES,Federal Contract Tower,2,9,0,0,11,0,25,11,0,36,2,34,11,0,47,20,0,20,67
05/05/2020,STX,VI,ASO,ES,Federal Contract Tower,0,8,0,0,8,0,21,19,0,40,0,29,19,0,48,0,0,0,48
05/06/2020,STX,VI,ASO,ES,Federal Contract Tower,2,4,0,1,7,0,24,17,1,42,2,28,17,2,49,0,0,0,49
05/07/2020,STX,VI,ASO,ES,Federal Contract Tower,2,11,0,0,13,0,22,13,0,35,2,33,13,0,48,0,0,0,48
05/08/2020,STX,VI,ASO,ES,Federal Contract Tower,4,5,2,2,13,0,32,10,0,42,4,37,12,2,55,0,0,0,55
05/09/2020,STX,VI,ASO,ES,Federal Contract Tower,6,1,5,0,12,0,19,12,0,31,6,20,17,0,43,0,0,0,43
05/10/2020,STX,VI,ASO,ES,Federal Contract Tower,2,2,0,0,4,0,13,3,0,16,2,15,3,0,20,0,0,0,20
05/11/2020,STX,VI,ASO,ES,Federal Contract Tower,4,13,0,2,19,0,36,15,0,51,4,49,15,2,70,0,0,0,70
05/12/2020,STX,VI,ASO,ES,Federal Contract Tower,0,7,1,0,8,0,27,18,0,45,0,34,19,0,53,14,0,14,67
05/13/2020,STX,VI,ASO,ES,Federal Contract Tower,2,4,1,0,7,0,27,14,0,41,2,31,15,0,48,18,0,18,66
05/14/2020,STX,VI,ASO,ES,Federal Contract Tower,2,9,2,0,13,0,25,19,0,44,2,34,21,0,57,0,0,0,57
05/15/2020,STX,VI,ASO,ES,Federal Contract Tower,2,11,4,0,17,0,26,11,0,37,2,37,15,0,54,2,0,2,56
05/16/2020,STX,VI,ASO,ES,Federal Contract Tower,6,2,2,0,10,0,15,5,0,20,6,17,7,0,30,0,0,0,30
05/17/2020,STX,VI,ASO,ES,Federal Contract Tower,2,1,3,2,8,0,18,2,0,20,2,19,5,2,28,0,0,0,28
05/18/2020,STX,VI,ASO,ES,Federal Contract Tower,2,9,0,2,13,0,31,13,0,44,2,40,13,2,57,0,0,0,57
05/19/2020,STX,VI,ASO,ES,Federal Contract Tower,0,8,3,3,14,0,25,19,1,45,0,33,22,4,59,4,0,4,63
05/20/2020,STX,VI,ASO,ES,Federal Contract Tower,2,4,2,2,10,0,22,15,0,37,2,26,17,2,47,4,0,4,51
05/21/2020,STX,VI,ASO,ES,Federal Contract Tower,2,12,1,0,15,0,23,21,0,44,2,35,22,0,59,8,0,8,67
05/22/2020,STX,VI,ASO,ES,Federal Contract Tower,2,10,3,0,15,0,38,8,0,46,2,48,11,0,61,12,0,12,73
05/23/2020,STX,VI,ASO,ES,Federal Contract Tower,6,2,3,0,11,0,23,12,0,35,6,25,15,0,46,2,0,2,48
05/24/2020,STX,VI,ASO,ES,Federal Contract Tower,2,0,1,0,3,0,20,3,0,23,2,20,4,0,26,0,0,0,26
05/25/2020,STX,VI,ASO,ES,Federal Contract Tower,2,5,1,0,8,0,21,8,0,29,2,26,9,0,37,0,0,0,37
05/26/2020,STX,VI,ASO,ES,Federal Contract Tower,0,16,1,0,17,0,33,10,0,43,0,49,11,0,60,4,0,4,64
05/27/2020,STX,VI,ASO,ES,Federal Contract Tower,2,8,4,0,14,0,29,7,0,36,2,37,11,0,50,10,0,10,60
05/28/2020,STX,VI,ASO,ES,Federal Contract Tower,2,12,1,0,15,0,25,8,0,33,2,37,9,0,48,6,0,6,54
05/29/2020,STX,VI,ASO,ES,Federal Contract Tower,2,10,1,0,13,0,28,9,0,37,2,38,10,0,50,0,0,0,50
05/31/2020,STX,VI,ASO,ES,Federal Contract Tower,2,0,0,0,2,0,25,2,0,27,2,25,2,0,29,0,0,0,29
06/01/2020,STX,VI,ASO,ES,Federal Contract Tower,2,11,4,0,17,0,33,5,0,38,2,44,9,0,55,0,0,0,55
06/02/2020,STX,VI,ASO,ES,Federal Contract Tower,0,5,4,1,10,0,49,14,0,63,0,54,18,1,73,10,0,10,83
06/03/2020,STX,VI,ASO,ES,Federal Contract Tower,4,4,5,2,15,0,42,18,0,60,4,46,23,2,75,2,0,2,77
06/04/2020,STX,VI,ASO,ES,Federal Contract Tower,2,9,2,2,15,0,39,18,0,57,2,48,20,2,72,4,0,4,76
06/05/2020,STX,VI,ASO,ES,Federal Contract Tower,2,8,9,0,19,0,47,10,0,57,2,55,19,0,76,0,0,0,76
06/06/2020,STX,VI,ASO,ES,Federal Contract Tower,6,3,0,0,9,0,30,5,0,35,6,33,5,0,44,0,0,0,44
06/07/2020,STX,VI,ASO,ES,Federal Contract Tower,2,3,5,0,10,0,25,12,0,37,2,28,17,0,47,8,0,8,55
06/08/2020,STX,VI,ASO,ES,Federal Contract Tower,2,14,2,0,18,0,41,22,0,63,2,55,24,0,81,0,0,0,81
06/09/2020,STX,VI,ASO,ES,Federal Contract Tower,3,7,5,0,15,0,37,13,0,50,3,44,18,0,65,0,0,0,65
06/10/2020,STX,VI,ASO,ES,Federal Contract Tower,3,8,3,2,16,0,42,17,0,59,3,50,20,2,75,0,0,0,75
06/11/2020,STX,VI,ASO,ES,Federal Contract Tower,2,18,5,0,25,0,33,11,0,44,2,51,16,0,69,0,0,0,69
06/12/2020,STX,VI,ASO,ES,Federal Contract Tower,2,8,2,2,14,0,40,13,0,53,2,48,15,2,67,0,0,0,67
06/13/2020,STX,VI,ASO,ES,Federal Contract Tower,6,2,3,0,11,0,28,4,0,32,6,30,7,0,43,0,0,0,43
06/14/2020,STX,VI,ASO,ES,Federal Contract Tower,2,3,1,0,6,0,32,1,0,33,2,35,2,0,39,0,0,0,39
06/15/2020,STX,VI,ASO,ES,Federal Contract Tower,2,13,5,2,22,0,46,20,0,66,2,59,25,2,88,0,0,0,88
06/16/2020,STX,VI,ASO,ES,Federal Contract Tower,2,4,6,7,19,0,43,10,1,54,2,47,16,8,73,20,0,20,93
06/17/2020,STX,VI,ASO,ES,Federal Contract Tower,2,4,1,3,10,0,51,11,1,63,2,55,12,4,73,0,2,2,75
06/18/2020,STX,VI,ASO,ES,Federal Contract Tower,2,10,5,2,19,0,49,13,1,63,2,59,18,3,82,0,0,0,82
06/19/2020,STX,VI,ASO,ES,Federal Contract Tower,2,10,7,1,20,0,70,18,0,88,2,80,25,1,108,0,0,0,108
06/20/2020,STX,VI,ASO,ES,Federal Contract Tower,6,3,5,0,14,0,36,12,0,48,6,39,17,0,62,0,0,0,62
06/21/2020,STX,VI,ASO,ES,Federal Contract Tower,2,3,2,0,7,0,46,18,0,64,2,49,20,0,71,0,0,0,71
06/22/2020,STX,VI,ASO,ES,Federal Contract Tower,2,17,5,0,24,0,56,10,0,66,2,73,15,0,90,0,0,0,90
06/23/2020,STX,VI,ASO,ES,Federal Contract Tower,2,23,15,0,40,0,21,7,0,28,2,44,22,0,68,0,0,0,68
06/24/2020,STX,VI,ASO,ES,Federal Contract Tower,2,7,4,0,13,0,45,15,0,60,2,52,19,0,73,0,0,0,73
06/25/2020,STX,VI,ASO,ES,Federal Contract Tower,2,8,2,1,13,0,54,19,0,73,2,62,21,1,86,0,0,0,86
06/26/2020,STX,VI,ASO,ES,Federal Contract Tower,2,13,7,2,24,0,59,10,0,69,2,72,17,2,93,0,0,0,93
06/27/2020,STX,VI,ASO,ES,Federal Contract Tower,6,2,6,0,14,0,37,5,0,42,6,39,11,0,56,0,0,0,56
06/28/2020,STX,VI,ASO,ES,Federal Contract Tower,2,3,1,0,6,0,37,7,0,44,2,40,8,0,50,0,0,0,50
06/29/2020,STX,VI,ASO,ES,Federal Contract Tower,2,12,4,0,18,0,50,11,0,61,2,62,15,0,79,0,0,0,79
06/30/2020,STX,VI,ASO,ES,Federal Contract Tower,2,8,7,0,17,0,37,11,1,49,2,45,18,1,66,0,0,0,66
07/02/2020,STX,VI,ASO,ES,Federal Contract Tower,4,10,6,1,21,0,46,16,0,62,4,56,22,1,83,0,0,0,83
07/03/2020,STX,VI,ASO,ES,Federal Contract Tower,4,8,4,2,18,0,60,28,0,88,4,68,32,2,106,0,0,0,106
07/04/2020,STX,VI,ASO,ES,Federal Contract Tower,4,1,3,0,8,0,31,5,0,36,4,32,8,0,44,0,0,0,44
07/05/2020,STX,VI,ASO,ES,Federal Contract Tower,4,5,4,0,13,0,42,12,0,54,4,47,16,0,67,16,0,16,83
07/06/2020,STX,VI,ASO,ES,Federal Contract Tower,4,12,3,0,19,0,59,6,0,65,4,71,9,0,84,0,0,0,84
07/07/2020,STX,VI,ASO,ES,Federal Contract Tower,4,15,8,0,27,0,34,12,0,46,4,49,20,0,73,0,0,0,73
07/08/2020,STX,VI,ASO,ES,Federal Contract Tower,4,4,0,2,10,0,40,14,0,54,4,44,14,2,64,6,0,6,70
07/09/2020,STX,VI,ASO,ES,Federal Contract Tower,4,10,4,0,18,0,0,0,0,0,4,10,4,0,18,6,0,6,24
07/10/2020,STX,VI,ASO,ES,Federal Contract Tower,4,10,2,2,18,0,49,4,0,53,4,59,6,2,71,6,0,6,77
07/11/2020,STX,VI,ASO,ES,Federal Contract Tower,6,2,1,1,10,0,31,9,0,40,6,33,10,1,50,0,0,0,50
07/12/2020,STX,VI,ASO,ES,Federal Contract Tower,4,4,3,0,11,0,34,1,0,35,4,38,4,0,46,0,0,0,46
07/13/2020,STX,VI,ASO,ES,Federal Contract Tower,4,12,4,6,26,0,62,4,0,66,4,74,8,6,92,4,0,4,96
07/14/2020,STX,VI,ASO,ES,Federal Contract Tower,4,14,2,0,20,0,35,11,0,46,4,49,13,0,66,0,0,0,66
07/15/2020,STX,VI,ASO,ES,Federal Contract Tower,4,15,7,0,26,0,43,10,0,53,4,58,17,0,79,0,0,0,79
07/16/2020,STX,VI,ASO,ES,Federal Contract Tower,4,17,4,1,26,0,31,14,0,45,4,48,18,1,71,0,0,0,71
07/17/2020,STX,VI,ASO,ES,Federal Contract Tower,2,10,4,0,16,0,49,19,0,68,2,59,23,0,84,0,0,0,84
07/18/2020,STX,VI,ASO,ES,Federal Contract Tower,4,12,5,0,21,0,29,4,0,33,4,41,9,0,54,0,0,0,54
07/19/2020,STX,VI,ASO,ES,Federal Contract Tower,4,1,2,1,8,0,42,8,0,50,4,43,10,1,58,0,0,0,58
07/20/2020,STX,VI,ASO,ES,Federal Contract Tower,2,14,2,0,18,0,60,13,0,73,2,74,15,0,91,0,0,0,91
07/21/2020,STX,VI,ASO,ES,Federal Contract Tower,4,8,4,0,16,0,44,14,0,58,4,52,18,0,74,4,0,4,78
07/22/2020,STX,VI,ASO,ES,Federal Contract Tower,2,5,3,1,11,0,39,5,1,45,2,44,8,2,56,0,0,0,56
07/23/2020,STX,VI,ASO,ES,Federal Contract Tower,4,18,5,2,29,0,25,6,0,31,4,43,11,2,60,0,0,0,60
07/24/2020,STX,VI,ASO,ES,Federal Contract Tower,2,21,9,5,37,0,43,9,0,52,2,64,18,5,89,10,0,10,99
07/25/2020,STX,VI,ASO,ES,Federal Contract Tower,4,8,4,2,18,0,25,6,0,31,4,33,10,2,49,6,0,6,55
07/26/2020,STX,VI,ASO,ES,Federal Contract Tower,4,8,4,1,17,0,28,4,0,32,4,36,8,1,49,0,0,0,49
07/27/2020,STX,VI,ASO,ES,Federal Contract Tower,2,12,5,2,21,0,50,18,0,68,2,62,23,2,89,4,0,4,93
07/28/2020,STX,VI,ASO,ES,Federal Contract Tower,4,9,9,2,24,0,35,15,0,50,4,44,24,2,74,0,0,0,74
07/29/2020,STX,VI,ASO,ES,Federal Contract Tower,2,2,1,5,10,0,10,7,0,17,2,12,8,5,27,0,0,0,27
07/30/2020,STX,VI,ASO,ES,Federal Contract Tower,6,14,4,2,26,0,24,7,0,31,6,38,11,2,57,0,0,0,57
07/31/2020,STX,VI,ASO,ES,Federal Contract Tower,2,20,3,2,27,0,29,19,1,49,2,49,22,3,76,0,0,0,76
08/01/2020,STX,VI,ASO,ES,Federal Contract Tower,4,9,4,5,22,0,25,13,0,38,4,34,17,5,60,0,0,0,60
08/02/2020,STX,VI,ASO,ES,Federal Contract Tower,4,7,4,0,15,0,23,2,0,25,4,30,6,0,40,6,0,6,46
08/04/2020,STX,VI,ASO,ES,Federal Contract Tower,4,8,3,0,15,0,36,11,0,47,4,44,14,0,62,0,0,0,62
08/05/2020,STX,VI,ASO,ES,Federal Contract Tower,4,9,3,0,16,0,49,13,0,62,4,58,16,0,78,6,0,6,84
08/06/2020,STX,VI,ASO,ES,Federal Contract Tower,4,10,6,0,20,0,52,11,0,63,4,62,17,0,83,2,0,2,85
08/07/2020,STX,VI,ASO,ES,Federal Contract Tower,2,11,3,0,16,0,40,19,0,59,2,51,22,0,75,2,0,2,77
08/08/2020,STX,VI,ASO,ES,Federal Contract Tower,6,10,3,2,21,0,24,12,0,36,6,34,15,2,57,0,0,0,57
08/09/2020,STX,VI,ASO,ES,Federal Contract Tower,4,10,1,0,15,0,26,3,0,29,4,36,4,0,44,0,0,0,44
08/10/2020,STX,VI,ASO,ES,Federal Contract Tower,2,13,3,1,19,0,50,6,0,56,2,63,9,1,75,0,0,0,75
08/11/2020,STX,VI,ASO,ES,Federal Contract Tower,4,9,2,0,15,0,35,6,0,41,4,44,8,0,56,8,0,8,64
08/12/2020,STX,VI,ASO,ES,Federal Contract Tower,4,10,4,1,19,0,45,11,0,56,4,55,15,1,75,6,0,6,81
08/13/2020,STX,VI,ASO,ES,Federal Contract Tower,4,11,4,2,21,0,49,17,0,66,4,60,21,2,87,2,0,2,89
08/14/2020,STX,VI,ASO,ES,Federal Contract Tower,2,11,3,3,19,0,43,14,2,59,2,54,17,5,78,0,0,0,78
08/15/2020,STX,VI,ASO,ES,Federal Contract Tower,6,7,3,6,22,0,30,8,1,39,6,37,11,7,61,0,0,0,61
08/16/2020,STX,VI,ASO,ES,Federal Contract Tower,4,7,6,1,18,0,32,4,0,36,4,39,10,1,54,0,0,0,54
08/17/2020,STX,VI,ASO,ES,Federal Contract Tower,2,15,4,4,25,0,44,9,0,53,2,59,13,4,78,0,0,0,78
08/18/2020,STX,VI,ASO,ES,Federal Contract Tower,4,5,7,0,16,0,37,15,0,52,4,42,22,0,68,0,0,0,68
08/19/2020,STX,VI,ASO,ES,Federal Contract Tower,4,10,2,1,17,0,41,11,0,52,4,51,13,1,69,6,0,6,75
08/20/2020,STX,VI,ASO,ES,Federal Contract Tower,4,13,2,1,20,0,33,11,0,44,4,46,13,1,64,0,0,0,64
08/21/2020,STX,VI,ASO,ES,Federal Contract Tower,2,13,2,3,20,0,42,7,0,49,2,55,9,3,69,0,0,0,69
08/22/2020,STX,VI,ASO,ES,Federal Contract Tower,6,0,1,0,7,0,1,0,0,1,6,1,1,0,8,0,0,0,8
08/23/2020,STX,VI,ASO,ES,Federal Contract Tower,4,9,1,0,14,0,25,2,0,27,4,34,3,0,41,6,0,6,47
08/24/2020,STX,VI,ASO,ES,Federal Contract Tower,2,21,6,0,29,0,39,10,1,50,2,60,16,1,79,0,0,0,79
08/25/2020,STX,VI,ASO,ES,Federal Contract Tower,4,11,4,0,19,0,24,19,0,43,4,35,23,0,62,0,0,0,62
08/26/2020,STX,VI,ASO,ES,Federal Contract Tower,4,9,8,0,21,0,38,13,0,51,4,47,21,0,72,12,0,12,84
08/27/2020,STX,VI,ASO,ES,Federal Contract Tower,4,13,4,0,21,0,32,15,0,47,4,45,19,0,68,0,0,0,68
08/28/2020,STX,VI,ASO,ES,Federal Contract Tower,2,12,9,0,23,0,38,12,1,51,2,50,21,1,74,0,0,0,74
08/29/2020,STX,VI,ASO,ES,Federal Contract Tower,6,8,2,0,16,0,19,3,0,22,6,27,5,0,38,0,0,0,38
08/30/2020,STX,VI,ASO,ES,Federal Contract Tower,4,5,2,0,11,0,23,3,0,26,4,28,5,0,37,4,0,4,41
08/31/2020,STX,VI,ASO,ES,Federal Contract Tower,2,17,4,0,23,0,43,12,0,55,2,60,16,0,78,0,0,0,78
09/01/2020,STX,VI,ASO,ES,Federal Contract Tower,4,13,6,0,23,0,24,12,0,36,4,37,18,0,59,6,0,6,65
09/02/2020,STX,VI,ASO,ES,Federal Contract Tower,4,11,4,0,19,0,41,24,0,65,4,52,28,0,84,6,0,6,90
09/03/2020,STX,VI,ASO,ES,Federal Contract Tower,4,15,0,0,19,0,32,11,2,45,4,47,11,2,64,16,0,16,80
09/04/2020,STX,VI,ASO,ES,Federal Contract Tower,2,12,0,0,14,0,41,17,0,58,2,53,17,0,72,4,0,4,76
09/05/2020,STX,VI,ASO,ES,Federal Contract Tower,6,7,2,0,15,0,22,17,0,39,6,29,19,0,54,0,0,0,54
09/06/2020,STX,VI,ASO,ES,Federal Contract Tower,4,6,4,0,14,0,20,3,0,23,4,26,7,0,37,2,0,2,39
09/07/2020,STX,VI,ASO,ES,Federal Contract Tower,2,9,0,0,11,0,41,8,0,49,2,50,8,0,60,0,0,0,60
09/08/2020,STX,VI,ASO,ES,Federal Contract Tower,2,17,2,0,21,0,31,11,0,42,2,48,13,0,63,4,0,4,67
09/09/2020,STX,VI,ASO,ES,Federal Contract Tower,2,9,7,0,18,0,40,6,0,46,2,49,13,0,64,6,0,6,70
09/10/2020,STX,VI,ASO,ES,Federal Contract Tower,4,13,10,0,27,0,35,17,0,52,4,48,27,0,79,3,0,3,82
09/11/2020,STX,VI,ASO,ES,Federal Contract Tower,2,16,4,2,24,0,31,11,1,43,2,47,15,3,67,0,0,0,67
09/12/2020,STX,VI,ASO,ES,Federal Contract Tower,4,7,10,1,22,0,19,13,0,32,4,26,23,1,54,0,0,0,54
09/13/2020,STX,VI,ASO,ES,Federal Contract Tower,4,8,1,4,17,0,22,4,0,26,4,30,5,4,43,1,0,1,44
09/14/2020,STX,VI,ASO,ES,Federal Contract Tower,2,14,7,1,24,0,31,22,0,53,2,45,29,1,77,20,0,20,97
09/15/2020,STX,VI,ASO,ES,Federal Contract Tower,2,14,2,0,18,0,29,15,0,44,2,43,17,0,62,0,0,0,62
09/16/2020,STX,VI,ASO,ES,Federal Contract Tower,2,10,7,0,19,0,38,13,3,54,2,48,20,3,73,0,0,0,73
09/17/2020,STX,VI,ASO,ES,Federal Contract Tower,4,13,5,4,26,0,30,13,0,43,4,43,18,4,69,0,0,0,69
09/18/2020,STX,VI,ASO,ES,Federal Contract Tower,2,12,5,9,28,0,37,11,0,48,2,49,16,9,76,0,0,0,76
09/19/2020,STX,VI,ASO,ES,Federal Contract Tower,4,8,1,5,18,0,27,14,0,41,4,35,15,5,59,2,0,2,61
09/20/2020,STX,VI,ASO,ES,Federal Contract Tower,5,10,4,4,23,0,20,2,1,23,5,30,6,5,46,0,0,0,46
09/21/2020,STX,VI,ASO,ES,Federal Contract Tower,2,12,2,5,21,0,47,9,0,56,2,59,11,5,77,0,0,0,77
09/23/2020,STX,VI,ASO,ES,Federal Contract Tower,2,14,8,2,26,0,29,14,0,43,2,43,22,2,69,6,0,6,75
09/24/2020,STX,VI,ASO,ES,Federal Contract Tower,4,13,0,2,19,0,33,7,0,40,4,46,7,2,59,4,0,4,63
09/25/2020,STX,VI,ASO,ES,Federal Contract Tower,2,14,2,0,18,0,34,22,0,56,2,48,24,0,74,0,0,0,74
09/26/2020,STX,VI,ASO,ES,Federal Contract Tower,4,7,3,0,14,0,19,23,0,42,4,26,26,0,56,0,0,0,56
09/27/2020,STX,VI,ASO,ES,Federal Contract Tower,4,7,1,0,12,0,21,12,0,33,4,28,13,0,45,6,0,6,51
09/28/2020,STX,VI,ASO,ES,Federal Contract Tower,2,18,3,0,23,0,36,8,0,44,2,54,11,0,67,0,0,0,67
09/29/2020,STX,VI,ASO,ES,Federal Contract Tower,2,9,3,0,14,0,31,13,0,44,2,40,16,0,58,20,0,20,78
09/30/2020,STX,VI,ASO,ES,Federal Contract Tower,2,11,5,0,18,0,37,10,0,47,2,48,15,0,65,6,0,6,71
10/01/2020,STX,VI,ASO,ES,Federal Contract Tower,4,16,4,0,24,0,43,9,0,52,4,59,13,0,76,8,0,8,84
10/03/2020,STX,VI,ASO,ES,Federal Contract Tower,2,9,3,1,15,0,25,7,0,32,2,34,10,1,47,4,0,4,51
10/04/2020,STX,VI,ASO,ES,Federal Contract Tower,4,10,9,0,23,0,27,8,0,35,4,37,17,0,58,0,0,0,58
10/05/2020,STX,VI,ASO,ES,Federal Contract Tower,2,20,4,0,26,0,35,20,0,55,2,55,24,0,81,0,0,0,81
10/06/2020,STX,VI,ASO,ES,Federal Contract Tower,2,15,4,0,21,0,35,12,0,47,2,50,16,0,68,6,0,6,74
10/07/2020,STX,VI,ASO,ES,Federal Contract Tower,2,9,3,0,14,0,38,12,0,50,2,47,15,0,64,2,0,2,66
10/10/2020,STX,VI,ASO,ES,Federal Contract Tower,4,8,3,0,15,0,28,4,0,32,4,36,7,0,47,0,0,0,47
10/11/2020,STX,VI,ASO,ES,Federal Contract Tower,2,5,1,0,8,0,31,9,0,40,2,36,10,0,48,0,0,0,48
10/12/2020,STX,VI,ASO,ES,Federal Contract Tower,4,5,5,0,14,0,45,9,0,54,4,50,14,0,68,0,0,0,68
10/13/2020,STX,VI,ASO,ES,Federal Contract Tower,2,9,1,0,12,0,35,11,0,46,2,44,12,0,58,0,0,0,58
10/14/2020,STX,VI,ASO,ES,Federal Contract Tower,2,13,2,0,17,0,39,23,0,62,2,52,25,0,79,12,0,12,91
10/15/2020,STX,VI,ASO,ES,Federal Contract Tower,2,15,13,1,31,0,38,13,0,51,2,53,26,1,82,0,0,0,82
10/16/2020,STX,VI,ASO,ES,Federal Contract Tower,4,17,6,2,29,0,37,4,0,41,4,54,10,2,70,0,0,0,70
10/17/2020,STX,VI,ASO,ES,Federal Contract Tower,4,9,5,1,19,0,28,6,0,34,4,37,11,1,53,2,0,2,55
10/18/2020,STX,VI,ASO,ES,Federal Contract Tower,2,5,0,0,7,0,34,2,0,36,2,39,2,0,43,0,0,0,43
10/19/2020,STX,VI,ASO,ES,Federal Contract Tower,4,18,5,0,27,0,42,13,0,55,4,60,18,0,82,0,0,0,82
10/20/2020,STX,VI,ASO,ES,Federal Contract Tower,2,5,5,0,12,0,37,17,0,54,2,42,22,0,66,0,0,0,66
10/21/2020,STX,VI,ASO,ES,Federal Contract Tower,2,9,5,0,16,0,44,11,1,56,2,53,16,1,72,0,0,0,72
10/22/2020,STX,VI,ASO,ES,Federal Contract Tower,2,13,2,0,17,0,41,16,0,57,2,54,18,0,74,0,0,0,74
10/23/2020,STX,VI,ASO,ES,Federal Contract Tower,4,11,7,0,22,0,47,22,0,69,4,58,29,0,91,4,0,4,95
10/24/2020,STX,VI,ASO,ES,Federal Contract Tower,3,6,0,0,9,0,35,12,0,47,3,41,12,0,56,0,0,0,56
10/25/2020,STX,VI,ASO,ES,Federal Contract Tower,5,4,0,0,9,0,34,4,0,38,5,38,4,0,47,0,0,0,47
10/26/2020,STX,VI,ASO,ES,Federal Contract Tower,4,16,3,0,23,0,40,17,0,57,4,56,20,0,80,0,0,0,80
10/27/2020,STX,VI,ASO,ES,Federal Contract Tower,2,13,3,0,18,0,35,11,0,46,2,48,14,0,64,6,0,6,70
10/28/2020,STX,VI,ASO,ES,Federal Contract Tower,2,10,2,0,14,0,42,12,0,54,2,52,14,0,68,6,0,6,74
10/29/2020,STX,VI,ASO,ES,Federal Contract Tower,2,22,6,1,31,0,31,6,0,37,2,53,12,1,68,0,0,0,68
10/31/2020,STX,VI,ASO,ES,Federal Contract Tower,2,8,5,0,15,0,33,8,0,41,2,41,13,0,56,4,0,4,60
11/01/2020,STX,VI,ASO,ES,Federal Contract Tower,2,9,6,0,17,0,33,7,0,40,2,42,13,0,57,16,0,16,73
11/02/2020,STX,VI,ASO,ES,Federal Contract Tower,4,18,0,0,22,0,42,14,2,58,4,60,14,2,80,24,0,24,104
11/03/2020,STX,VI,ASO,ES,Federal Contract Tower,2,11,5,0,18,0,28,12,0,40,2,39,17,0,58,20,0,20,78
11/04/2020,STX,VI,ASO,ES,Federal Contract Tower,2,13,4,1,20,0,41,20,1,62,2,54,24,2,82,42,0,42,124
11/05/2020,STX,VI,ASO,ES,Federal Contract Tower,3,18,2,0,23,0,41,10,0,51,3,59,12,0,74,0,0,0,74
11/06/2020,STX,VI,ASO,ES,Federal Contract Tower,5,17,6,0,28,0,42,22,2,66,5,59,28,2,94,2,0,2,96
11/07/2020,STX,VI,ASO,ES,Federal Contract Tower,5,6,9,0,20,0,31,24,0,55,5,37,33,0,75,0,0,0,75
11/08/2020,STX,VI,ASO,ES,Federal Contract Tower,3,12,3,0,18,0,31,12,0,43,3,43,15,0,61,0,0,0,61
11/09/2020,STX,VI,ASO,ES,Federal Contract Tower,5,20,3,0,28,0,32,17,0,49,5,52,20,0,77,0,0,0,77
11/10/2020,STX,VI,ASO,ES,Federal Contract Tower,2,37,7,0,46,0,8,3,0,11,2,45,10,0,57,0,0,0,57
11/11/2020,STX,VI,ASO,ES,Federal Contract Tower,3,30,8,0,41,0,14,0,0,14,3,44,8,0,55,0,0,0,55
11/13/2020,STX,VI,ASO,ES,Federal Contract Tower,5,14,8,0,27,0,40,21,0,61,5,54,29,0,88,0,0,0,88
11/14/2020,STX,VI,ASO,ES,Federal Contract Tower,5,9,3,2,19,40,26,0,0,66,45,35,3,2,85,0,0,0,85
11/15/2020,STX,VI,ASO,ES,Federal Contract Tower,3,7,4,1,15,0,35,4,2,41,3,42,8,3,56,0,0,0,56
11/16/2020,STX,VI,ASO,ES,Federal Contract Tower,6,18,8,2,34,0,41,18,2,61,6,59,26,4,95,4,0,4,99
11/17/2020,STX,VI,ASO,ES,Federal Contract Tower,2,18,4,1,25,0,35,6,0,41,2,53,10,1,66,6,0,6,72
11/18/2020,STX,VI,ASO,ES,Federal Contract Tower,6,16,4,0,26,0,35,15,0,50,6,51,19,0,76,8,0,8,84
11/19/2020,STX,VI,ASO,ES,Federal Contract Tower,8,16,3,2,29,0,30,20,0,50,8,46,23,2,79,0,0,0,79
11/20/2020,STX,VI,ASO,ES,Federal Contract Tower,9,19,15,0,43,0,39,16,0,55,9,58,31,0,98,8,0,8,106
11/21/2020,STX,VI,ASO,ES,Federal Contract Tower,9,7,12,1,29,0,33,16,0,49,9,40,28,1,78,8,0,8,86
11/22/2020,STX,VI,ASO,ES,Federal Contract Tower,10,14,2,0,26,0,32,6,0,38,10,46,8,0,64,12,0,12,76
11/23/2020,STX,VI,ASO,ES,Federal Contract Tower,7,21,7,0,35,0,39,6,0,45,7,60,13,0,80,0,0,0,80
11/24/2020,STX,VI,ASO,ES,Federal Contract Tower,7,12,9,0,28,0,34,18,0,52,7,46,27,0,80,0,0,0,80
11/25/2020,STX,VI,ASO,ES,Federal Contract Tower,7,15,2,0,24,0,58,14,0,72,7,73,16,0,96,4,0,4,100
11/26/2020,STX,VI,ASO,ES,Federal Contract Tower,5,7,1,0,13,0,33,3,0,36,5,40,4,0,49,4,0,4,53
11/27/2020,STX,VI,ASO,ES,Federal Contract Tower,4,11,1,0,16,0,38,7,0,45,4,49,8,0,61,0,0,0,61
11/28/2020,STX,VI,ASO,ES,Federal Contract Tower,10,8,5,0,23,0,30,26,0,56,10,38,31,0,79,20,0,20,99
11/29/2020,STX,VI,ASO,ES,Federal Contract Tower,9,8,1,0,18,0,41,8,0,49,9,49,9,0,67,4,0,4,71
11/30/2020,STX,VI,ASO,ES,Federal Contract Tower,7,20,5,0,32,0,51,16,0,67,7,71,21,0,99,24,0,24,123
12/01/2020,STX,VI,ASO,ES,Federal Contract Tower,2,12,6,1,21,0,33,26,0,59,2,45,32,1,80,0,0,0,80
12/02/2020,STX,VI,ASO,ES,Federal Contract Tower,5,14,3,1,23,0,34,12,0,46,5,48,15,1,69,0,0,0,69
12/03/2020,STX,VI,ASO,ES,Federal Contract Tower,8,17,3,0,28,0,32,14,0,46,8,49,17,0,74,0,0,0,74
12/04/2020,STX,VI,ASO,ES,Federal Contract Tower,6,16,1,0,23,0,41,16,0,57,6,57,17,0,80,8,0,8,88
12/05/2020,STX,VI,ASO,ES,Federal Contract Tower,10,6,8,0,24,0,32,16,0,48,10,38,24,0,72,8,0,8,80
12/06/2020,STX,VI,ASO,ES,Federal Contract Tower,8,25,3,0,36,0,16,6,0,22,8,41,9,0,58,0,0,0,58
12/07/2020,STX,VI,ASO,ES,Federal Contract Tower,6,16,3,1,26,0,45,16,0,61,6,61,19,1,87,14,0,14,101
12/08/2020,STX,VI,ASO,ES,Federal Contract Tower,2,12,3,1,18,0,34,22,1,57,2,46,25,2,75,0,0,0,75
12/09/2020,STX,VI,ASO,ES,Federal Contract Tower,6,8,7,3,24,0,34,16,0,50,6,42,23,3,74,8,0,8,82
12/10/2020,STX,VI,ASO,ES,Federal Contract Tower,8,16,6,2,32,0,43,26,0,69,8,59,32,2,101,0,0,0,101
12/11/2020,STX,VI,ASO,ES,Federal Contract Tower,5,16,6,4,31,0,46,10,0,56,5,62,16,4,87,4,0,4,91
12/12/2020,STX,VI,ASO,ES,Federal Contract Tower,10,6,4,2,22,0,34,16,0,50,10,40,20,2,72,0,8,8,80
12/13/2020,STX,VI,ASO,ES,Federal Contract Tower,8,7,5,2,22,0,36,12,0,48,8,43,17,2,70,8,0,8,78
12/14/2020,STX,VI,ASO,ES,Federal Contract Tower,5,14,8,0,27,0,38,12,0,50,5,52,20,0,77,6,0,6,83
12/15/2020,STX,VI,ASO,ES,Federal Contract Tower,2,14,3,0,19,0,34,12,0,46,2,48,15,0,65,12,0,12,77
12/16/2020,STX,VI,ASO,ES,Federal Contract Tower,7,17,3,0,27,0,40,24,0,64,7,57,27,0,91,54,0,54,145
12/17/2020,STX,VI,ASO,ES,Federal Contract Tower,7,18,4,0,29,0,43,14,0,57,7,61,18,0,86,0,0,0,86
12/18/2020,STX,VI,ASO,ES,Federal Contract Tower,7,18,8,0,33,0,45,25,0,70,7,63,33,0,103,32,0,32,135
12/19/2020,STX,VI,ASO,ES,Federal Contract Tower,9,10,4,0,23,0,31,31,0,62,9,41,35,0,85,40,0,40,125
12/20/2020,STX,VI,ASO,ES,Federal Contract Tower,7,11,13,0,31,0,30,5,0,35,7,41,18,0,66,0,0,0,66
12/21/2020,STX,VI,ASO,ES,Federal Contract Tower,9,16,6,0,31,0,35,6,0,41,9,51,12,0,72,20,0,20,92
12/22/2020,STX,VI,ASO,ES,Federal Contract Tower,8,16,9,0,33,0,29,9,0,38,8,45,18,0,71,0,0,0,71
12/23/2020,STX,VI,ASO,ES,Federal Contract Tower,9,19,1,0,29,0,50,15,0,65,9,69,16,0,94,0,0,0,94
12/24/2020,STX,VI,ASO,ES,Federal Contract Tower,6,20,0,0,26,0,24,3,0,27,6,44,3,0,53,0,0,0,53
12/25/2020,STX,VI,ASO,ES,Federal Contract Tower,6,6,0,0,12,0,26,2,0,28,6,32,2,0,40,0,0,0,40
12/26/2020,STX,VI,ASO,ES,Federal Contract Tower,9,8,1,0,18,0,31,5,0,36,9,39,6,0,54,0,0,0,54
12/27/2020,STX,VI,ASO,ES,Federal Contract Tower,8,7,15,0,30,0,33,3,0,36,8,40,18,0,66,0,0,0,66
12/28/2020,STX,VI,ASO,ES,Federal Contract Tower,10,18,2,0,30,0,32,8,0,40,10,50,10,0,70,24,0,24,94
12/29/2020,STX,VI,ASO,ES,Federal Contract Tower,8,16,4,0,28,0,29,16,0,45,8,45,20,0,73,6,0,6,79
12/30/2020,STX,VI,ASO,ES,Federal Contract Tower,10,13,3,0,26,0,30,11,0,41,10,43,14,0,67,0,0,0,67
12/31/2020,STX,VI,ASO,ES,Federal Contract Tower,5,14,3,0,22,0,28,8,0,36,5,42,11,0,58,0,0,0,58
01/01/2021,STX,VI,ASO,ES,Federal Contract Tower,5,10,2,0,17,0,20,4,0,24,5,30,6,0,41,0,0,0,41
01/02/2021,STX,VI,ASO,ES,Federal Contract Tower,10,11,5,0,26,0,26,11,0,37,10,37,16,0,63,0,0,0,63
01/03/2021,STX,VI,ASO,ES,Federal Contract Tower,8,10,7,0,25,0,30,6,0,36,8,40,13,0,61,0,0,0,61
01/04/2021,STX,VI,ASO,ES,Federal Contract Tower,10,30,7,0,47,0,18,4,0,22,10,48,11,0,69,0,0,0,69
01/05/2021,STX,VI,ASO,ES,Federal Contract Tower,6,15,1,0,22,0,25,9,0,34,6,40,10,0,56,4,0,4,60
01/06/2021,STX,VI,ASO,ES,Federal Contract Tower,10,13,6,0,29,0,28,7,0,35,10,41,13,0,64,8,0,8,72
01/07/2021,STX,VI,ASO,ES,Federal Contract Tower,7,14,2,0,23,0,43,12,0,55,7,57,14,0,78,0,0,0,78
01/08/2021,STX,VI,ASO,ES,Federal Contract Tower,9,16,5,0,30,0,37,11,0,48,9,53,16,0,78,0,0,0,78
01/09/2021,STX,VI,ASO,ES,Federal Contract Tower,9,8,7,0,24,0,20,10,0,30,9,28,17,0,54,0,0,0,54
01/10/2021,STX,VI,ASO,ES,Federal Contract Tower,7,7,3,0,17,0,44,9,0,53,7,51,12,0,70,0,0,0,70
01/11/2021,STX,VI,ASO,ES,Federal Contract Tower,9,23,4,0,36,0,36,15,0,51,9,59,19,0,87,0,0,0,87
01/12/2021,STX,VI,ASO,ES,Federal Contract Tower,5,15,1,2,23,0,33,27,0,60,5,48,28,2,83,8,0,8,91
01/13/2021,STX,VI,ASO,ES,Federal Contract Tower,7,13,5,0,25,0,36,19,1,56,7,49,24,1,81,10,0,10,91
01/14/2021,STX,VI,ASO,ES,Federal Contract Tower,7,13,4,1,25,0,33,18,0,51,7,46,22,1,76,4,0,4,80
01/15/2021,STX,VI,ASO,ES,Federal Contract Tower,9,20,4,0,33,0,36,17,0,53,9,56,21,0,86,22,0,22,108
01/16/2021,STX,VI,ASO,ES,Federal Contract Tower,9,6,2,0,17,0,16,8,0,24,9,22,10,0,41,2,0,2,43
01/17/2021,STX,VI,ASO,ES,Federal Contract Tower,7,15,2,1,25,0,19,5,0,24,7,34,7,1,49,12,0,12,61
01/18/2021,STX,VI,ASO,ES,Federal Contract Tower,9,9,3,0,21,0,35,13,0,48,9,44,16,0,69,6,0,6,75
01/19/2021,STX,VI,ASO,ES,Federal Contract Tower,5,16,2,0,23,0,26,16,0,42,5,42,18,0,65,6,0,6,71
01/20/2021,STX,VI,ASO,ES,Federal Contract Tower,8,13,4,0,25,0,26,10,0,36,8,39,14,0,61,6,0,6,67
01/21/2021,STX,VI,ASO,ES,Federal Contract Tower,6,13,6,0,25,0,32,19,0,51,6,45,25,0,76,16,0,16,92
01/22/2021,STX,VI,ASO,ES,Federal Contract Tower,9,13,4,0,26,0,30,21,0,51,9,43,25,0,77,50,0,50,127
01/23/2021,STX,VI,ASO,ES,Federal Contract Tower,9,8,1,0,18,0,22,10,0,32,9,30,11,0,50,0,0,0,50
01/24/2021,STX,VI,ASO,ES,Federal Contract Tower,7,7,7,0,21,0,24,4,0,28,7,31,11,0,49,0,0,0,49
01/25/2021,STX,VI,ASO,ES,Federal Contract Tower,9,16,5,4,34,0,34,17,1,52,9,50,22,5,86,0,0,0,86
01/26/2021,STX,VI,ASO,ES,Federal Contract Tower,5,8,6,1,20,0,33,25,0,58,5,41,31,1,78,18,0,18,96
01/27/2021,STX,VI,ASO,ES,Federal Contract Tower,7,12,12,0,31,0,36,18,0,54,7,48,30,0,85,24,0,24,109
01/28/2021,STX,VI,ASO,ES,Federal Contract Tower,8,15,2,2,27,0,34,28,3,65,8,49,30,5,92,2,0,2,94
01/29/2021,STX,VI,ASO,ES,Federal Contract Tower,10,14,10,1,35,0,29,39,1,69,10,43,49,2,104,12,2,14,118
01/30/2021,STX,VI,ASO,ES,Federal Contract Tower,9,11,5,2,27,0,19,8,0,27,9,30,13,2,54,14,0,14,68
01/31/2021,STX,VI,ASO,ES,Federal Contract Tower,6,10,1,0,17,0,25,8,0,33,6,35,9,0,50,0,0,0,50
02/01/2021,STX,VI,ASO,ES,Federal Contract Tower,10,10,3,0,23,0,35,6,0,41,10,45,9,0,64,0,0,0,64
02/02/2021,STX,VI,ASO,ES,Federal Contract Tower,5,11,2,1,19,0,28,21,0,49,5,39,23,1,68,12,0,12,80
02/03/2021,STX,VI,ASO,ES,Federal Contract Tower,7,9,2,0,18,0,32,16,0,48,7,41,18,0,66,0,0,0,66
02/04/2021,STX,VI,ASO,ES,Federal Contract Tower,7,14,4,0,25,0,37,13,0,50,7,51,17,0,75,14,0,14,89
02/05/2021,STX,VI,ASO,ES,Federal Contract Tower,9,10,5,1,25,0,43,10,2,55,9,53,15,3,80,14,0,14,94
02/06/2021,STX,VI,ASO,ES,Federal Contract Tower,9,6,4,1,20,0,28,10,0,38,9,34,14,1,58,2,0,2,60
02/07/2021,STX,VI,ASO,ES,Federal Contract Tower,7,11,2,1,21,0,28,17,0,45,7,39,19,1,66,12,0,12,78
02/08/2021,STX,VI,ASO,ES,Federal Contract Tower,9,13,9,0,31,0,38,21,0,59,9,51,30,0,90,24,0,24,114
02/09/2021,STX,VI,ASO,ES,Federal Contract Tower,5,11,3,0,19,0,31,14,0,45,5,42,17,0,64,14,0,14,78
02/10/2021,STX,VI,ASO,ES,Federal Contract Tower,5,12,8,0,25,0,30,17,0,47,5,42,25,0,72,10,0,10,82
02/11/2021,STX,VI,ASO,ES,Federal Contract Tower,9,13,7,0,29,0,35,25,0,60,9,48,32,0,89,2,0,2,91
02/12/2021,STX,VI,ASO,ES,Federal Contract Tower,9,16,4,1,30,0,43,16,2,61,9,59,20,3,91,8,0,8,99
02/13/2021,STX,VI,ASO,ES,Federal Contract Tower,9,7,2,1,19,0,25,12,0,37,9,32,14,1,56,0,0,0,56
02/14/2021,STX,VI,ASO,ES,Federal Contract Tower,9,8,2,0,19,0,32,9,0,41,9,40,11,0,60,0,0,0,60
02/15/2021,STX,VI,ASO,ES,Federal Contract Tower,9,13,6,0,28,0,39,19,0,58,9,52,25,0,86,6,0,6,92
02/16/2021,STX,VI,ASO,ES,Federal Contract Tower,5,9,1,1,16,0,36,15,1,52,5,45,16,2,68,6,0,6,74
02/17/2021,STX,VI,ASO,ES,Federal Contract Tower,5,13,5,0,23,0,32,10,0,42,5,45,15,0,65,12,0,12,77
02/18/2021,STX,VI,ASO,ES,Federal Contract Tower,9,15,5,0,29,0,38,14,0,52,9,53,19,0,81,2,0,2,83
02/19/2021,STX,VI,ASO,ES,Federal Contract Tower,9,7,2,0,18,0,40,25,0,65,9,47,27,0,83,14,0,14,97
02/20/2021,STX,VI,ASO,ES,Federal Contract Tower,9,9,4,0,22,0,27,12,0,39,9,36,16,0,61,14,0,14,75
02/21/2021,STX,VI,ASO,ES,Federal Contract Tower,9,8,2,0,19,0,26,11,0,37,9,34,13,0,56,14,0,14,70
02/22/2021,STX,VI,ASO,ES,Federal Contract Tower,9,19,4,0,32,0,43,14,0,57,9,62,18,0,89,18,0,18,107
02/23/2021,STX,VI,ASO,ES,Federal Contract Tower,5,10,4,0,19,0,37,19,0,56,5,47,23,0,75,10,0,10,85
02/24/2021,STX,VI,ASO,ES,Federal Contract Tower,5,11,2,0,18,0,43,19,0,62,5,54,21,0,80,28,0,28,108
02/25/2021,STX,VI,ASO,ES,Federal Contract Tower,9,12,2,0,23,0,44,22,0,66,9,56,24,0,89,48,0,48,137
02/26/2021,STX,VI,ASO,ES,Federal Contract Tower,9,25,3,0,37,0,44,38,0,82,9,69,41,0,119,32,0,32,151
02/27/2021,STX,VI,ASO,ES,Federal Contract Tower,9,10,7,0,26,0,27,15,0,42,9,37,22,0,68,16,0,16,84
02/28/2021,STX,VI,ASO,ES,Federal Contract Tower,9,5,3,0,17,0,39,6,0,45,9,44,9,0,62,0,0,0,62
03/01/2021,STX,VI,ASO,ES,Federal Contract Tower,9,17,4,0,30,0,41,11,0,52,9,58,15,0,82,10,0,10,92
03/02/2021,STX,VI,ASO,ES,Federal Contract Tower,7,10,1,0,18,0,31,25,0,56,7,41,26,0,74,12,0,12,86
03/03/2021,STX,VI,ASO,ES,Federal Contract Tower,7,12,9,0,28,0,40,11,0,51,7,52,20,0,79,0,0,0,79
03/04/2021,STX,VI,ASO,ES,Federal Contract Tower,9,12,1,0,22,0,41,21,0,62,9,53,22,0,84,0,0,0,84
03/05/2021,STX,VI,ASO,ES,Federal Contract Tower,10,14,8,0,32,0,50,20,0,70,10,64,28,0,102,12,0,12,114
03/06/2021,STX,VI,ASO,ES,Federal Contract Tower,9,8,2,0,19,0,32,8,0,40,9,40,10,0,59,6,0,6,65
03/07/2021,STX,VI,ASO,ES,Federal Contract Tower,9,8,2,0,19,0,42,9,0,51,9,50,11,0,70,16,0,16,86
03/08/2021,STX,VI,ASO,ES,Federal Contract Tower,9,13,3,0,25,0,43,12,0,55,9,56,15,0,80,0,0,0,80
03/09/2021,STX,VI,ASO,ES,Federal Contract Tower,7,11,3,0,21,0,39,21,0,60,7,50,24,0,81,0,0,0,81
03/10/2021,STX,VI,ASO,ES,Federal Contract Tower,9,9,6,0,24,0,42,13,0,55,9,51,19,0,79,0,0,0,79
03/11/2021,STX,VI,ASO,ES,Federal Contract Tower,9,16,2,0,27,0,43,17,0,60,9,59,19,0,87,8,0,8,95
03/12/2021,STX,VI,ASO,ES,Federal Contract Tower,9,13,4,1,27,0,51,22,2,75,9,64,26,3,102,30,0,30,132
03/13/2021,STX,VI,ASO,ES,Federal Contract Tower,9,8,2,0,19,0,31,14,0,45,9,39,16,0,64,2,0,2,66
03/14/2021,STX,VI,ASO,ES,Federal Contract Tower,10,6,2,2,20,0,33,0,0,33,10,39,2,2,53,0,0,0,53
03/15/2021,STX,VI,ASO,ES,Federal Contract Tower,10,18,14,1,43,0,48,16,1,65,10,66,30,2,108,0,2,2,110
03/16/2021,STX,VI,ASO,ES,Federal Contract Tower,10,11,3,1,25,0,40,21,0,61,10,51,24,1,86,0,0,0,86
03/17/2021,STX,VI,ASO,ES,Federal Contract Tower,10,15,8,3,36,0,40,9,0,49,10,55,17,3,85,0,8,8,93
03/18/2021,STX,VI,ASO,ES,Federal Contract Tower,10,15,2,1,28,0,50,25,1,76,10,65,27,2,104,24,0,24,128
03/19/2021,STX,VI,ASO,ES,Federal Contract Tower,10,18,3,0,31,0,52,9,0,61,10,70,12,0,92,2,0,2,94
03/20/2021,STX,VI,ASO,ES,Federal Contract Tower,11,8,3,0,22,0,38,7,0,45,11,46,10,0,67,0,0,0,67
03/21/2021,STX,VI,ASO,ES,Federal Contract Tower,11,9,2,0,22,0,29,19,0,48,11,38,21,0,70,0,0,0,70
03/22/2021,STX,VI,ASO,ES,Federal Contract Tower,10,11,4,0,25,0,54,17,0,71,10,65,21,0,96,36,0,36,132
03/23/2021,STX,VI,ASO,ES,Federal Contract Tower,10,9,2,1,22,0,40,34,0,74,10,49,36,1,96,6,0,6,102
03/24/2021,STX,VI,ASO,ES,Federal Contract Tower,10,12,6,1,29,0,40,15,0,55,10,52,21,1,84,42,0,42,126
03/25/2021,STX,VI,ASO,ES,Federal Contract Tower,12,14,2,0,28,0,45,23,0,68,12,59,25,0,96,58,0,58,154
03/26/2021,STX,VI,ASO,ES,Federal Contract Tower,10,14,1,0,25,0,54,25,0,79,10,68,26,0,104,4,0,4,108
03/27/2021,STX,VI,ASO,ES,Federal Contract Tower,9,6,8,1,24,0,35,13,0,48,9,41,21,1,72,14,0,14,86
03/28/2021,STX,VI,ASO,ES,Federal Contract Tower,10,11,7,0,28,0,38,17,0,55,10,49,24,0,83,2,0,2,85
03/29/2021,STX,VI,ASO,ES,Federal Contract Tower,9,15,6,1,31,0,45,14,0,59,9,60,20,1,90,2,0,2,92
03/30/2021,STX,VI,ASO,ES,Federal Contract Tower,10,12,8,0,30,0,42,14,0,56,10,54,22,0,86,0,0,0,86
03/31/2021,STX,VI,ASO,ES,Federal Contract Tower,10,12,1,0,23,0,48,5,0,53,10,60,6,0,76,0,0,0,76
04/01/2021,STX,VI,ASO,ES,Federal Contract Tower,10,14,1,0,25,0,64,19,0,83,10,78,20,0,108,20,0,20,128
04/02/2021,STX,VI,ASO,ES,Federal Contract Tower,8,29,5,0,42,0,33,12,0,45,8,62,17,0,87,20,0,20,107
04/03/2021,STX,VI,ASO,ES,Federal Contract Tower,10,10,4,0,24,0,28,2,0,30,10,38,6,0,54,0,0,0,54
04/04/2021,STX,VI,ASO,ES,Federal Contract Tower,8,6,5,0,19,0,39,12,0,51,8,45,17,0,70,4,0,4,74
04/05/2021,STX,VI,ASO,ES,Federal Contract Tower,8,16,5,0,29,0,52,16,0,68,8,68,21,0,97,8,0,8,105
04/06/2021,STX,VI,ASO,ES,Federal Contract Tower,8,9,5,0,22,0,46,13,0,59,8,55,18,0,81,30,0,30,111
04/07/2021,STX,VI,ASO,ES,Federal Contract Tower,8,13,4,0,25,0,40,22,0,62,8,53,26,0,87,20,0,20,107
04/08/2021,STX,VI,ASO,ES,Federal Contract Tower,8,14,2,0,24,0,44,31,0,75,8,58,33,0,99,38,0,38,137
04/09/2021,STX,VI,ASO,ES,Federal Contract Tower,8,15,1,0,24,0,59,11,0,70,8,74,12,0,94,24,0,24,118
04/10/2021,STX,VI,ASO,ES,Federal Contract Tower,10,10,3,0,23,0,35,9,0,44,10,45,12,0,67,0,0,0,67
04/11/2021,STX,VI,ASO,ES,Federal Contract Tower,5,11,3,0,19,0,28,7,0,35,5,39,10,0,54,0,0,0,54
04/12/2021,STX,VI,ASO,ES,Federal Contract Tower,8,15,4,3,30,0,44,8,0,52,8,59,12,3,82,6,0,6,88
04/13/2021,STX,VI,ASO,ES,Federal Contract Tower,8,17,7,2,34,0,40,31,6,77,8,57,38,8,111,32,0,32,143
04/14/2021,STX,VI,ASO,ES,Federal Contract Tower,6,11,0,1,18,0,43,10,7,60,6,54,10,8,78,0,0,0,78
04/15/2021,STX,VI,ASO,ES,Federal Contract Tower,8,15,9,0,32,0,45,28,6,79,8,60,37,6,111,20,0,20,131
04/16/2021,STX,VI,ASO,ES,Federal Contract Tower,8,18,4,0,30,0,44,15,3,62,8,62,19,3,92,26,0,26,118
04/17/2021,STX,VI,ASO,ES,Federal Contract Tower,11,7,3,0,21,0,29,10,0,39,11,36,13,0,60,2,0,2,62
04/18/2021,STX,VI,ASO,ES,Federal Contract Tower,9,8,1,0,18,0,33,21,7,61,9,41,22,7,79,32,0,32,111
04/19/2021,STX,VI,ASO,ES,Federal Contract Tower,8,17,4,2,31,0,38,23,9,70,8,55,27,11,101,46,32,78,179
04/20/2021,STX,VI,ASO,ES,Federal Contract Tower,6,10,4,0,20,0,41,17,8,66,6,51,21,8,86,12,8,20,106
04/21/2021,STX,VI,ASO,ES,Federal Contract Tower,6,18,8,1,33,0,32,14,10,56,6,50,22,11,89,28,22,50,139
04/22/2021,STX,VI,ASO,ES,Federal Contract Tower,8,14,7,2,31,0,44,21,10,75,8,58,28,12,106,12,18,30,136
04/23/2021,STX,VI,ASO,ES,Federal Contract Tower,7,9,3,0,19,0,59,12,2,73,7,68,15,2,92,20,0,20,112
04/25/2021,STX,VI,ASO,ES,Federal Contract Tower,8,9,4,2,23,0,30,14,0,44,8,39,18,2,67,0,0,0,67
04/26/2021,STX,VI,ASO,ES,Federal Contract Tower,8,18,4,2,32,0,37,19,0,56,8,55,23,2,88,14,0,14,102
04/27/2021,STX,VI,ASO,ES,Federal Contract Tower,6,14,5,4,29,0,31,4,0,35,6,45,9,4,64,0,0,0,64
04/28/2021,STX,VI,ASO,ES,Federal Contract Tower,6,27,10,2,45,0,28,15,0,43,6,55,25,2,88,14,0,14,102
04/29/2021,STX,VI,ASO,ES,Federal Contract Tower,7,21,7,1,36,0,35,29,1,65,7,56,36,2,101,10,0,10,111
04/30/2021,STX,VI,ASO,ES,Federal Contract Tower,8,13,7,2,30,0,48,20,0,68,8,61,27,2,98,20,0,20,118
05/01/2021,STX,VI,ASO,ES,Federal Contract Tower,10,6,3,0,19,0,26,9,0,35,10,32,12,0,54,10,0,10,64
05/02/2021,STX,VI,ASO,ES,Federal Contract Tower,8,6,6,0,20,0,23,10,0,33,8,29,16,0,53,4,0,4,57
05/03/2021,STX,VI,ASO,ES,Federal Contract Tower,8,19,4,2,33,0,35,12,0,47,8,54,16,2,80,18,0,18,98
05/04/2021,STX,VI,ASO,ES,Federal Contract Tower,6,13,1,0,20,0,35,19,0,54,6,48,20,0,74,4,0,4,78
05/05/2021,STX,VI,ASO,ES,Federal Contract Tower,8,13,1,0,22,0,40,4,0,44,8,53,5,0,66,22,0,22,88
05/06/2021,STX,VI,ASO,ES,Federal Contract Tower,7,17,1,0,25,0,41,17,1,59,7,58,18,1,84,8,0,8,92
05/07/2021,STX,VI,ASO,ES,Federal Contract Tower,6,11,5,0,22,0,58,10,0,68,6,69,15,0,90,8,16,24,114
05/08/2021,STX,VI,ASO,ES,Federal Contract Tower,8,8,4,0,20,0,27,10,0,37,8,35,14,0,57,0,0,0,57
05/09/2021,STX,VI,ASO,ES,Federal Contract Tower,6,7,2,0,15,0,29,7,0,36,6,36,9,0,51,0,0,0,51
05/10/2021,STX,VI,ASO,ES,Federal Contract Tower,6,20,8,1,35,0,50,12,2,64,6,70,20,3,99,0,2,2,101
05/11/2021,STX,VI,ASO,ES,Federal Contract Tower,6,14,3,3,26,0,38,18,0,56,6,52,21,3,82,0,0,0,82
05/12/2021,STX,VI,ASO,ES,Federal Contract Tower,6,11,5,0,22,0,36,12,3,51,6,47,17,3,73,0,0,0,73
05/13/2021,STX,VI,ASO,ES,Federal Contract Tower,6,19,2,0,27,0,48,21,2,71,6,67,23,2,98,0,0,0,98
05/14/2021,STX,VI,ASO,ES,Federal Contract Tower,7,11,3,0,21,0,61,31,0,92,7,72,34,0,113,0,0,0,113
05/15/2021,STX,VI,ASO,ES,Federal Contract Tower,9,9,2,1,21,0,28,9,1,38,9,37,11,2,59,0,0,0,59
05/16/2021,STX,VI,ASO,ES,Federal Contract Tower,6,6,5,1,18,0,32,20,3,55,6,38,25,4,73,0,0,0,73
05/17/2021,STX,VI,ASO,ES,Federal Contract Tower,6,15,4,1,26,0,43,24,3,70,6,58,28,4,96,26,0,26,122
05/18/2021,STX,VI,ASO,ES,Federal Contract Tower,6,11,9,1,27,0,42,24,2,68,6,53,33,3,95,40,0,40,135
05/19/2021,STX,VI,ASO,ES,Federal Contract Tower,6,13,8,0,27,0,38,16,1,55,6,51,24,1,82,0,0,0,82
05/20/2021,STX,VI,ASO,ES,Federal Contract Tower,6,18,0,0,24,0,42,29,1,72,6,60,29,1,96,42,0,42,138
05/21/2021,STX,VI,ASO,ES,Federal Contract Tower,6,9,4,1,20,0,47,10,0,57,6,56,14,1,77,0,0,0,77
05/22/2021,STX,VI,ASO,ES,Federal Contract Tower,8,7,5,0,20,0,31,15,0,46,8,38,20,0,66,10,0,10,76
05/23/2021,STX,VI,ASO,ES,Federal Contract Tower,6,15,7,1,29,0,15,1,0,16,6,30,8,1,45,0,0,0,45
05/24/2021,STX,VI,ASO,ES,Federal Contract Tower,6,13,8,1,28,0,45,20,2,67,6,58,28,3,95,42,0,42,137
05/25/2021,STX,VI,ASO,ES,Federal Contract Tower,6,11,7,3,27,0,48,24,0,72,6,59,31,3,99,22,0,22,121
05/26/2021,STX,VI,ASO,ES,Federal Contract Tower,6,12,5,0,23,0,55,20,0,75,6,67,25,0,98,8,0,8,106
05/27/2021,STX,VI,ASO,ES,Federal Contract Tower,5,14,3,0,22,0,46,29,2,77,5,60,32,2,99,12,0,12,111
05/28/2021,STX,VI,ASO,ES,Federal Contract Tower,6,21,8,1,36,0,40,15,0,55,6,61,23,1,91,2,0,2,93
05/29/2021,STX,VI,ASO,ES,Federal Contract Tower,8,5,8,0,21,0,40,10,0,50,8,45,18,0,71,4,0,4,75
05/30/2021,STX,VI,ASO,ES,Federal Contract Tower,6,6,0,0,12,0,26,7,0,33,6,32,7,0,45,2,0,2,47
05/31/2021,STX,VI,ASO,ES,Federal Contract Tower,8,14,5,0,27,0,42,13,0,55,8,56,18,0,82,0,0,0,82
06/01/2021,STX,VI,ASO,ES,Federal Contract Tower,6,13,9,0,28,0,46,14,2,62,6,59,23,2,90,0,0,0,90
06/02/2021,STX,VI,ASO,ES,Federal Contract Tower,6,12,4,0,22,0,42,9,0,51,6,54,13,0,73,0,0,0,73
06/03/2021,STX,VI,ASO,ES,Federal Contract Tower,9,11,1,0,21,0,43,19,0,62,9,54,20,0,83,0,0,0,83
06/04/2021,STX,VI,ASO,ES,Federal Contract Tower,10,11,0,0,21,0,45,9,0,54,10,56,9,0,75,0,0,0,75
06/05/2021,STX,VI,ASO,ES,Federal Contract Tower,10,9,7,0,26,0,23,8,2,33,10,32,15,2,59,0,0,0,59
06/06/2021,STX,VI,ASO,ES,Federal Contract Tower,8,7,3,0,18,0,34,15,0,49,8,41,18,0,67,0,0,0,67
06/07/2021,STX,VI,ASO,ES,Federal Contract Tower,10,21,13,0,44,0,40,8,2,50,10,61,21,2,94,22,0,22,116
06/08/2021,STX,VI,ASO,ES,Federal Contract Tower,10,13,8,2,33,0,36,10,0,46,10,49,18,2,79,0,0,0,79
06/09/2021,STX,VI,ASO,ES,Federal Contract Tower,10,16,5,1,32,0,32,19,1,52,10,48,24,2,84,22,20,42,126
06/10/2021,STX,VI,ASO,ES,Federal Contract Tower,10,27,7,2,46,0,31,19,4,54,10,58,26,6,100,22,0,22,122
06/11/2021,STX,VI,ASO,ES,Federal Contract Tower,10,18,4,2,34,0,40,6,1,47,10,58,10,3,81,0,0,0,81
06/12/2021,STX,VI,ASO,ES,Federal Contract Tower,8,9,4,1,22,0,38,21,1,60,8,47,25,2,82,0,0,0,82
06/13/2021,STX,VI,ASO,ES,Federal Contract Tower,10,6,2,0,18,0,28,11,0,39,10,34,13,0,57,2,0,2,59
06/14/2021,STX,VI,ASO,ES,Federal Contract Tower,10,17,4,0,31,0,39,26,5,70,10,56,30,5,101,16,0,16,117
06/15/2021,STX,VI,ASO,ES,Federal Contract Tower,10,10,4,0,24,0,46,23,0,69,10,56,27,0,93,0,0,0,93
06/16/2021,STX,VI,ASO,ES,Federal Contract Tower,10,17,5,0,32,0,41,26,0,67,10,58,31,0,99,16,0,16,115
06/17/2021,STX,VI,ASO,ES,Federal Contract Tower,13,16,9,0,38,0,34,11,0,45,13,50,20,0,83,4,0,4,87
06/18/2021,STX,VI,ASO,ES,Federal Contract Tower,10,16,6,0,32,0,54,22,0,76,10,70,28,0,108,28,0,28,136
06/19/2021,STX,VI,ASO,ES,Federal Contract Tower,10,11,3,0,24,0,26,11,0,37,10,37,14,0,61,0,0,0,61
06/20/2021,STX,VI,ASO,ES,Federal Contract Tower,10,7,1,0,18,0,34,7,1,42,10,41,8,1,60,0,0,0,60
06/21/2021,STX,VI,ASO,ES,Federal Contract Tower,10,14,6,0,30,0,50,11,0,61,10,64,17,0,91,6,0,6,97
06/22/2021,STX,VI,ASO,ES,Federal Contract Tower,10,12,10,2,34,0,38,12,0,50,10,50,22,2,84,0,0,0,84
06/23/2021,STX,VI,ASO,ES,Federal Contract Tower,10,10,4,0,24,0,48,15,0,63,10,58,19,0,87,0,0,0,87
06/24/2021,STX,VI,ASO,ES,Federal Contract Tower,10,22,0,1,33,0,48,21,0,69,10,70,21,1,102,10,0,10,112
06/25/2021,STX,VI,ASO,ES,Federal Contract Tower,10,16,14,0,40,0,56,8,0,64,10,72,22,0,104,6,0,6,110
06/26/2021,STX,VI,ASO,ES,Federal Contract Tower,10,9,0,0,19,0,27,11,0,38,10,36,11,0,57,8,0,8,65
06/27/2021,STX,VI,ASO,ES,Federal Contract Tower,9,8,0,0,17,0,35,10,0,45,9,43,10,0,62,4,0,4,66
06/28/2021,STX,VI,ASO,ES,Federal Contract Tower,9,22,4,1,36,0,44,16,0,60,9,66,20,1,96,8,0,8,104
06/29/2021,STX,VI,ASO,ES,Federal Contract Tower,9,10,9,0,28,0,46,17,0,63,9,56,26,0,91,2,0,2,93
06/30/2021,STX,VI,ASO,ES,Federal Contract Tower,9,18,3,1,31,0,39,13,2,54,9,57,16,3,85,0,0,0,85
07/01/2021,STX,VI,ASO,ES,Federal Contract Tower,13,21,1,0,35,0,47,15,0,62,13,68,16,0,97,8,0,8,105
07/02/2021,STX,VI,ASO,ES,Federal Contract Tower,10,19,3,0,32,0,51,13,0,64,10,70,16,0,96,0,0,0,96
07/03/2021,STX,VI,ASO,ES,Federal Contract Tower,10,9,5,0,24,0,32,4,0,36,10,41,9,0,60,0,0,0,60
07/04/2021,STX,VI,ASO,ES,Federal Contract Tower,10,6,2,0,18,0,35,13,1,49,10,41,15,1,67,4,0,4,71
07/05/2021,STX,VI,ASO,ES,Federal Contract Tower,10,10,9,0,29,0,47,15,0,62,10,57,24,0,91,18,0,18,109
07/06/2021,STX,VI,ASO,ES,Federal Contract Tower,10,10,0,0,20,0,50,22,0,72,10,60,22,0,92,14,0,14,106
07/07/2021,STX,VI,ASO,ES,Federal Contract Tower,10,12,5,2,29,0,46,14,0,60,10,58,19,2,89,0,0,0,89
07/08/2021,STX,VI,ASO,ES,Federal Contract Tower,10,24,1,0,35,0,43,13,0,56,10,67,14,0,91,0,0,0,91
07/09/2021,STX,VI,ASO,ES,Federal Contract Tower,10,23,6,2,41,0,52,23,0,75,10,75,29,2,116,0,0,0,116
07/10/2021,STX,VI,ASO,ES,Federal Contract Tower,10,8,4,2,24,0,27,3,0,30,10,35,7,2,54,0,0,0,54
07/11/2021,STX,VI,ASO,ES,Federal Contract Tower,10,7,1,0,18,0,28,5,0,33,10,35,6,0,51,0,0,0,51
07/12/2021,STX,VI,ASO,ES,Federal Contract Tower,7,23,9,0,39,0,40,15,0,55,7,63,24,0,94,12,0,12,106
07/13/2021,STX,VI,ASO,ES,Federal Contract Tower,9,13,7,0,29,0,49,11,0,60,9,62,18,0,89,6,0,6,95
07/14/2021,STX,VI,ASO,ES,Federal Contract Tower,11,13,7,1,32,0,44,21,0,65,11,57,28,1,97,0,0,0,97
07/15/2021,STX,VI,ASO,ES,Federal Contract Tower,10,15,2,1,28,0,44,23,11,78,10,59,25,12,106,0,0,0,106
07/16/2021,STX,VI,ASO,ES,Federal Contract Tower,10,15,7,0,32,0,60,15,0,75,10,75,22,0,107,0,0,0,107
07/17/2021,STX,VI,ASO,ES,Federal Contract Tower,10,9,2,0,21,0,27,7,0,34,10,36,9,0,55,0,0,0,55
07/18/2021,STX,VI,ASO,ES,Federal Contract Tower,10,6,3,0,19,0,36,8,0,44,10,42,11,0,63,0,0,0,63
07/19/2021,STX,VI,ASO,ES,Federal Contract Tower,10,17,6,0,33,0,45,21,0,66,10,62,27,0,99,2,0,2,101
07/20/2021,STX,VI,ASO,ES,Federal Contract Tower,10,13,9,0,32,0,52,13,0,65,10,65,22,0,97,4,0,4,101
07/21/2021,STX,VI,ASO,ES,Federal Contract Tower,10,15,5,0,30,0,46,13,1,60,10,61,18,1,90,6,0,6,96
07/22/2021,STX,VI,ASO,ES,Federal Contract Tower,10,15,6,0,31,0,46,18,0,64,10,61,24,0,95,0,0,0,95
07/23/2021,STX,VI,ASO,ES,Federal Contract Tower,9,18,3,0,30,0,47,13,0,60,9,65,16,0,90,0,0,0,90
07/24/2021,STX,VI,ASO,ES,Federal Contract Tower,11,10,6,0,27,0,26,7,1,34,11,36,13,1,61,0,0,0,61
07/25/2021,STX,VI,ASO,ES,Federal Contract Tower,10,7,6,0,23,0,32,13,0,45,10,39,19,0,68,8,0,8,76
07/26/2021,STX,VI,ASO,ES,Federal Contract Tower,10,18,7,2,37,0,43,12,0,55,10,61,19,2,92,0,0,0,92
07/27/2021,STX,VI,ASO,ES,Federal Contract Tower,9,12,9,0,30,0,47,16,0,63,9,59,25,0,93,2,0,2,95
07/28/2021,STX,VI,ASO,ES,Federal Contract Tower,10,14,4,0,28,0,40,19,1,60,10,54,23,1,88,2,0,2,90
07/29/2021,STX,VI,ASO,ES,Federal Contract Tower,10,16,2,1,29,0,39,10,0,49,10,55,12,1,78,2,0,2,80
07/30/2021,STX,VI,ASO,ES,Federal Contract Tower,10,16,16,1,43,0,47,17,0,64,10,63,33,1,107,6,0,6,113
07/31/2021,STX,VI,ASO,ES,Federal Contract Tower,9,8,2,0,19,0,31,8,0,39,9,39,10,0,58,0,0,0,58
08/01/2021,STX,VI,ASO,ES,Federal Contract Tower,11,7,4,0,22,0,26,8,0,34,11,33,12,0,56,0,0,0,56
08/02/2021,STX,VI,ASO,ES,Federal Contract Tower,10,15,5,0,30,0,44,16,0,60,10,59,21,0,90,0,0,0,90
08/03/2021,STX,VI,ASO,ES,Federal Contract Tower,9,10,5,2,26,0,51,12,0,63,9,61,17,2,89,8,0,8,97
08/04/2021,STX,VI,ASO,ES,Federal Contract Tower,7,23,3,1,34,0,41,16,1,58,7,64,19,2,92,6,0,6,98
08/05/2021,STX,VI,ASO,ES,Federal Contract Tower,10,14,1,0,25,0,47,21,0,68,10,61,22,0,93,30,0,30,123
08/06/2021,STX,VI,ASO,ES,Federal Contract Tower,10,12,2,2,26,0,57,14,0,71,10,69,16,2,97,20,0,20,117
08/07/2021,STX,VI,ASO,ES,Federal Contract Tower,10,9,6,0,25,0,27,11,0,38,10,36,17,0,63,0,0,0,63
08/08/2021,STX,VI,ASO,ES,Federal Contract Tower,9,11,2,0,22,0,21,6,0,27,9,32,8,0,49,0,0,0,49
08/09/2021,STX,VI,ASO,ES,Federal Contract Tower,10,17,5,0,32,0,40,17,0,57,10,57,22,0,89,18,0,18,107
08/10/2021,STX,VI,ASO,ES,Federal Contract Tower,10,12,2,0,24,0,24,2,0,26,10,36,4,0,50,0,0,0,50
08/11/2021,STX,VI,ASO,ES,Federal Contract Tower,11,16,1,0,28,0,36,6,0,42,11,52,7,0,70,0,0,0,70
08/12/2021,STX,VI,ASO,ES,Federal Contract Tower,10,13,4,0,27,0,40,22,0,62,10,53,26,0,89,0,0,0,89
08/13/2021,STX,VI,ASO,ES,Federal Contract Tower,10,14,0,0,24,0,42,24,0,66,10,56,24,0,90,0,0,0,90
08/14/2021,STX,VI,ASO,ES,Federal Contract Tower,10,10,2,0,22,0,26,5,0,31,10,36,7,0,53,0,0,0,53
08/15/2021,STX,VI,ASO,ES,Federal Contract Tower,9,6,0,0,15,0,3,0,0,3,9,9,0,0,18,0,0,0,18
08/16/2021,STX,VI,ASO,ES,Federal Contract Tower,9,22,1,2,34,0,45,3,0,48,9,67,4,2,82,0,0,0,82
08/17/2021,STX,VI,ASO,ES,Federal Contract Tower,6,9,2,0,17,0,45,15,5,65,6,54,17,5,82,16,0,16,98
08/18/2021,STX,VI,ASO,ES,Federal Contract Tower,6,15,4,0,25,0,37,11,6,54,6,52,15,6,79,0,0,0,79
08/19/2021,STX,VI,ASO,ES,Federal Contract Tower,8,14,3,3,28,0,37,12,0,49,8,51,15,3,77,0,0,0,77
08/20/2021,STX,VI,ASO,ES,Federal Contract Tower,6,21,5,3,35,0,45,13,0,58,6,66,18,3,93,0,0,0,93
08/21/2021,STX,VI,ASO,ES,Federal Contract Tower,6,9,7,3,25,0,28,9,0,37,6,37,16,3,62,0,0,0,62
08/22/2021,STX,VI,ASO,ES,Federal Contract Tower,6,9,5,0,20,0,26,8,0,34,6,35,13,0,54,0,0,0,54
08/23/2021,STX,VI,ASO,ES,Federal Contract Tower,6,17,3,2,28,0,43,18,1,62,6,60,21,3,90,16,0,16,106
08/24/2021,STX,VI,ASO,ES,Federal Contract Tower,6,8,5,2,21,0,49,6,1,56,6,57,11,3,77,6,0,6,83
08/25/2021,STX,VI,ASO,ES,Federal Contract Tower,6,16,5,0,27,0,44,9,0,53,6,60,14,0,80,10,0,10,90
08/26/2021,STX,VI,ASO,ES,Federal Contract Tower,8,17,2,0,27,0,40,5,0,45,8,57,7,0,72,0,0,0,72
08/27/2021,STX,VI,ASO,ES,Federal Contract Tower,6,13,3,2,24,0,44,10,0,54,6,57,13,2,78,0,0,0,78
08/28/2021,STX,VI,ASO,ES,Federal Contract Tower,7,9,5,0,21,0,30,8,0,38,7,39,13,0,59,0,0,0,59
08/29/2021,STX,VI,ASO,ES,Federal Contract Tower,6,6,2,3,17,0,27,7,0,34,6,33,9,3,51,0,0,0,51
08/30/2021,STX,VI,ASO,ES,Federal Contract Tower,6,17,8,1,32,0,40,7,0,47,6,57,15,1,79,0,0,0,79
08/31/2021,STX,VI,ASO,ES,Federal Contract Tower,4,11,11,2,28,0,45,8,0,53,4,56,19,2,81,0,0,0,81
09/01/2021,STX,VI,ASO,ES,Federal Contract Tower,7,13,3,2,25,0,36,23,0,59,7,49,26,2,84,24,0,24,108
09/02/2021,STX,VI,ASO,ES,Federal Contract Tower,6,14,4,2,26,0,43,20,1,64,6,57,24,3,90,0,0,0,90
09/03/2021,STX,VI,ASO,ES,Federal Contract Tower,6,15,7,0,28,0,53,10,0,63,6,68,17,0,91,6,0,6,97
09/04/2021,STX,VI,ASO,ES,Federal Contract Tower,8,8,5,0,21,0,24,16,0,40,8,32,21,0,61,14,0,14,75
09/05/2021,STX,VI,ASO,ES,Federal Contract Tower,6,4,4,4,18,0,24,5,0,29,6,28,9,4,47,0,0,0,47
09/06/2021,STX,VI,ASO,ES,Federal Contract Tower,6,12,8,0,26,0,40,12,0,52,6,52,20,0,78,0,0,0,78
09/07/2021,STX,VI,ASO,ES,Federal Contract Tower,6,10,7,2,25,0,55,26,0,81,6,65,33,2,106,14,0,14,120
09/08/2021,STX,VI,ASO,ES,Federal Contract Tower,4,12,2,2,20,0,40,16,2,58,4,52,18,4,78,6,2,8,86
09/09/2021,STX,VI,ASO,ES,Federal Contract Tower,6,16,7,1,30,0,39,12,0,51,6,55,19,1,81,12,0,12,93
09/10/2021,STX,VI,ASO,ES,Federal Contract Tower,4,14,1,3,22,0,49,13,0,62,4,63,14,3,84,0,0,0,84
09/11/2021,STX,VI,ASO,ES,Federal Contract Tower,7,11,2,0,20,0,27,6,0,33,7,38,8,0,53,6,0,6,59
09/12/2021,STX,VI,ASO,ES,Federal Contract Tower,6,5,4,0,15,0,28,4,0,32,6,33,8,0,47,0,0,0,47
09/13/2021,STX,VI,ASO,ES,Federal Contract Tower,4,16,6,0,26,0,34,14,0,48,4,50,20,0,74,0,0,0,74
09/14/2021,STX,VI,ASO,ES,Federal Contract Tower,4,16,4,1,25,0,43,15,0,58,4,59,19,1,83,16,0,16,99
09/15/2021,STX,VI,ASO,ES,Federal Contract Tower,5,22,2,0,29,0,27,5,7,39,5,49,7,7,68,6,0,6,74
09/16/2021,STX,VI,ASO,ES,Federal Contract Tower,8,14,4,0,26,0,38,18,0,56,8,52,22,0,82,0,0,0,82
09/17/2021,STX,VI,ASO,ES,Federal Contract Tower,4,28,4,3,39,0,38,16,0,54,4,66,20,3,93,26,0,26,119
09/18/2021,STX,VI,ASO,ES,Federal Contract Tower,6,9,2,0,17,0,23,10,0,33,6,32,12,0,50,6,0,6,56
09/19/2021,STX,VI,ASO,ES,Federal Contract Tower,6,7,1,2,16,0,30,17,1,48,6,37,18,3,64,34,0,34,98
09/20/2021,STX,VI,ASO,ES,Federal Contract Tower,4,19,6,4,33,0,36,15,0,51,4,55,21,4,84,46,0,46,130
09/21/2021,STX,VI,ASO,ES,Federal Contract Tower,4,18,12,2,36,0,35,16,0,51,4,53,28,2,87,10,0,10,97
09/22/2021,STX,VI,ASO,ES,Federal Contract Tower,4,15,6,0,25,0,42,5,0,47,4,57,11,0,72,12,0,12,84
09/23/2021,STX,VI,ASO,ES,Federal Contract Tower,6,18,4,4,32,0,42,19,2,63,6,60,23,6,95,10,0,10,105
09/24/2021,STX,VI,ASO,ES,Federal Contract Tower,4,20,1,2,27,0,46,14,0,60,4,66,15,2,87,0,0,0,87
09/25/2021,STX,VI,ASO,ES,Federal Contract Tower,6,6,2,1,15,0,27,6,1,34,6,33,8,2,49,0,0,0,49
09/26/2021,STX,VI,ASO,ES,Federal Contract Tower,6,7,7,2,22,0,23,14,0,37,6,30,21,2,59,0,0,0,59
09/27/2021,STX,VI,ASO,ES,Federal Contract Tower,4,19,9,2,34,0,29,11,2,42,4,48,20,4,76,0,0,0,76
09/28/2021,STX,VI,ASO,ES,Federal Contract Tower,4,13,6,4,27,0,39,23,0,62,4,52,29,4,89,32,0,32,121
09/29/2021,STX,VI,ASO,ES,Federal Contract Tower,4,17,5,2,28,0,37,9,0,46,4,54,14,2,74,0,0,0,74
09/30/2021,STX,VI,ASO,ES,Federal Contract Tower,6,14,4,1,25,0,38,17,1,56,6,52,21,2,81,16,0,16,97
10/01/2021,STX,VI,ASO,ES,Federal Contract Tower,4,14,1,3,22,0,40,34,0,74,4,54,35,3,96,14,0,14,110
10/02/2021,STX,VI,ASO,ES,Federal Contract Tower,6,11,2,1,20,0,25,12,0,37,6,36,14,1,57,0,0,0,57
10/03/2021,STX,VI,ASO,ES,Federal Contract Tower,6,17,1,3,27,0,20,9,0,29,6,37,10,3,56,18,0,18,74
10/04/2021,STX,VI,ASO,ES,Federal Contract Tower,4,15,2,1,22,0,33,20,0,53,4,48,22,1,75,12,0,12,87
10/05/2021,STX,VI,ASO,ES,Federal Contract Tower,4,11,1,0,16,39,25,0,0,64,43,36,1,0,80,10,0,10,90
10/06/2021,STX,VI,ASO,ES,Federal Contract Tower,2,15,10,0,27,0,34,16,0,50,2,49,26,0,77,32,0,32,109
10/07/2021,STX,VI,ASO,ES,Federal Contract Tower,7,19,3,0,29,0,37,15,0,52,7,56,18,0,81,6,0,6,87
10/08/2021,STX,VI,ASO,ES,Federal Contract Tower,5,28,0,0,33,0,46,11,0,57,5,74,11,0,90,0,0,0,90
10/09/2021,STX,VI,ASO,ES,Federal Contract Tower,8,9,1,0,18,0,23,8,0,31,8,32,9,0,49,0,0,0,49
10/10/2021,STX,VI,ASO,ES,Federal Contract Tower,8,11,1,0,20,0,24,5,0,29,8,35,6,0,49,0,0,0,49
10/11/2021,STX,VI,ASO,ES,Federal Contract Tower,6,17,2,0,25,0,37,8,0,45,6,54,10,0,70,0,0,0,70
10/12/2021,STX,VI,ASO,ES,Federal Contract Tower,4,15,6,0,25,0,41,18,0,59,4,56,24,0,84,16,0,16,100
10/13/2021,STX,VI,ASO,ES,Federal Contract Tower,10,20,1,1,32,0,30,7,0,37,10,50,8,1,69,2,0,2,71
10/14/2021,STX,VI,ASO,ES,Federal Contract Tower,8,20,4,1,33,0,37,19,0,56,8,57,23,1,89,24,0,24,113
10/15/2021,STX,VI,ASO,ES,Federal Contract Tower,6,19,2,0,27,0,48,14,0,62,6,67,16,0,89,2,0,2,91
10/16/2021,STX,VI,ASO,ES,Federal Contract Tower,10,9,2,0,21,0,26,13,0,39,10,35,15,0,60,0,0,0,60
10/17/2021,STX,VI,ASO,ES,Federal Contract Tower,8,11,0,0,19,0,22,11,0,33,8,33,11,0,52,14,0,14,66
10/18/2021,STX,VI,ASO,ES,Federal Contract Tower,6,19,6,1,32,0,34,9,1,44,6,53,15,2,76,0,0,0,76
10/19/2021,STX,VI,ASO,ES,Federal Contract Tower,4,15,5,0,24,0,32,31,0,63,4,47,36,0,87,24,0,24,111
10/20/2021,STX,VI,ASO,ES,Federal Contract Tower,4,19,8,0,31,0,38,12,0,50,4,57,20,0,81,0,0,0,81
10/21/2021,STX,VI,ASO,ES,Federal Contract Tower,8,16,5,0,29,0,38,10,0,48,8,54,15,0,77,10,0,10,87
10/22/2021,STX,VI,ASO,ES,Federal Contract Tower,6,14,3,0,23,0,41,18,0,59,6,55,21,0,82,6,0,6,88
10/23/2021,STX,VI,ASO,ES,Federal Contract Tower,10,13,2,0,25,0,23,6,0,29,10,36,8,0,54,0,0,0,54
10/24/2021,STX,VI,ASO,ES,Federal Contract Tower,7,5,1,0,13,0,24,7,0,31,7,29,8,0,44,0,0,0,44
10/25/2021,STX,VI,ASO,ES,Federal Contract Tower,6,16,5,0,27,0,33,25,0,58,6,49,30,0,85,18,0,18,103
10/26/2021,STX,VI,ASO,ES,Federal Contract Tower,4,15,1,0,20,0,47,9,1,57,4,62,10,1,77,6,0,6,83
10/27/2021,STX,VI,ASO,ES,Federal Contract Tower,4,13,4,3,24,0,47,18,0,65,4,60,22,3,89,2,4,6,95
10/28/2021,STX,VI,ASO,ES,Federal Contract Tower,8,20,0,0,28,0,37,15,0,52,8,57,15,0,80,0,0,0,80
10/29/2021,STX,VI,ASO,ES,Federal Contract Tower,6,14,0,1,21,0,43,12,0,55,6,57,12,1,76,4,0,4,80
10/30/2021,STX,VI,ASO,ES,Federal Contract Tower,9,6,1,0,16,0,29,10,0,39,9,35,11,0,55,2,0,2,57
10/31/2021,STX,VI,ASO,ES,Federal Contract Tower,5,11,0,0,16,0,31,6,0,37,5,42,6,0,53,0,0,0,53
11/01/2021,STX,VI,ASO,ES,Federal Contract Tower,5,16,4,0,25,0,36,14,2,52,5,52,18,2,77,0,0,0,77
11/02/2021,STX,VI,ASO,ES,Federal Contract Tower,4,12,1,0,17,0,44,23,0,67,4,56,24,0,84,0,0,0,84
11/03/2021,STX,VI,ASO,ES,Federal Contract Tower,4,13,6,2,25,0,39,7,0,46,4,52,13,2,71,0,4,4,75
11/04/2021,STX,VI,ASO,ES,Federal Contract Tower,8,18,1,3,30,0,44,25,4,73,8,62,26,7,103,0,16,16,119
11/05/2021,STX,VI,ASO,ES,Federal Contract Tower,6,24,4,1,35,0,40,15,2,57,6,64,19,3,92,0,0,0,92
11/06/2021,STX,VI,ASO,ES,Federal Contract Tower,10,8,6,0,24,0,24,11,0,35,10,32,17,0,59,4,0,4,63
11/07/2021,STX,VI,ASO,ES,Federal Contract Tower,8,9,0,0,17,0,26,11,1,38,8,35,11,1,55,0,2,2,57
11/08/2021,STX,VI,ASO,ES,Federal Contract Tower,6,20,3,2,31,0,35,17,0,52,6,55,20,2,83,0,0,0,83
11/09/2021,STX,VI,ASO,ES,Federal Contract Tower,2,15,4,2,23,0,40,23,0,63,2,55,27,2,86,0,0,0,86
11/10/2021,STX,VI,ASO,ES,Federal Contract Tower,4,14,7,0,25,0,43,15,0,58,4,57,22,0,83,12,0,12,95
11/11/2021,STX,VI,ASO,ES,Federal Contract Tower,8,12,2,0,22,0,41,14,0,55,8,53,16,0,77,0,0,0,77
11/12/2021,STX,VI,ASO,ES,Federal Contract Tower,6,18,0,1,25,0,49,18,0,67,6,67,18,1,92,2,0,2,94
11/13/2021,STX,VI,ASO,ES,Federal Contract Tower,10,6,1,2,19,0,23,7,0,30,10,29,8,2,49,0,0,0,49
11/14/2021,STX,VI,ASO,ES,Federal Contract Tower,8,11,2,1,22,0,29,22,0,51,8,40,24,1,73,6,0,6,79
11/15/2021,STX,VI,ASO,ES,Federal Contract Tower,6,20,9,0,35,0,32,13,0,45,6,52,22,0,80,0,0,0,80
11/16/2021,STX,VI,ASO,ES,Federal Contract Tower,2,15,1,0,18,0,42,21,0,63,2,57,22,0,81,14,0,14,95
11/17/2021,STX,VI,ASO,ES,Federal Contract Tower,6,19,1,1,27,0,36,22,0,58,6,55,23,1,85,0,0,0,85
11/18/2021,STX,VI,ASO,ES,Federal Contract Tower,8,23,1,2,34,0,37,19,2,58,8,60,20,4,92,0,8,8,100
11/19/2021,STX,VI,ASO,ES,Federal Contract Tower,6,19,0,1,26,0,46,16,0,62,6,65,16,1,88,0,0,0,88
11/20/2021,STX,VI,ASO,ES,Federal Contract Tower,10,9,3,0,22,0,21,13,0,34,10,30,16,0,56,0,0,0,56
11/21/2021,STX,VI,ASO,ES,Federal Contract Tower,8,10,2,0,20,0,31,10,0,41,8,41,12,0,61,0,0,0,61
11/22/2021,STX,VI,ASO,ES,Federal Contract Tower,4,20,1,2,27,0,34,15,0,49,4,54,16,2,76,2,0,2,78
11/23/2021,STX,VI,ASO,ES,Federal Contract Tower,4,14,2,1,21,0,33,26,0,59,4,47,28,1,80,10,2,12,92
11/24/2021,STX,VI,ASO,ES,Federal Contract Tower,6,15,2,0,23,0,44,11,0,55,6,59,13,0,78,0,0,0,78
11/25/2021,STX,VI,ASO,ES,Federal Contract Tower,6,18,1,0,25,0,25,4,0,29,6,43,5,0,54,0,0,0,54
11/26/2021,STX,VI,ASO,ES,Federal Contract Tower,6,11,1,0,18,0,45,6,0,51,6,56,7,0,69,0,0,0,69
11/27/2021,STX,VI,ASO,ES,Federal Contract Tower,10,11,1,0,22,0,24,9,0,33,10,35,10,0,55,2,0,2,57
11/28/2021,STX,VI,ASO,ES,Federal Contract Tower,8,10,3,0,21,0,33,10,0,43,8,43,13,0,64,0,0,0,64
11/29/2021,STX,VI,ASO,ES,Federal Contract Tower,6,18,0,1,25,0,54,16,0,70,6,72,16,1,95,2,0,2,97
11/30/2021,STX,VI,ASO,ES,Federal Contract Tower,4,17,4,0,25,0,41,14,0,55,4,58,18,0,80,0,0,0,80
12/02/2021,STX,VI,ASO,ES,Federal Contract Tower,8,20,2,0,30,0,33,17,1,51,8,53,19,1,81,4,0,4,85
12/03/2021,STX,VI,ASO,ES,Federal Contract Tower,6,22,2,3,33,0,38,18,0,56,6,60,20,3,89,0,0,0,89
12/04/2021,STX,VI,ASO,ES,Federal Contract Tower,10,11,4,3,28,0,27,9,0,36,10,38,13,3,64,0,0,0,64
12/05/2021,STX,VI,ASO,ES,Federal Contract Tower,8,12,6,3,29,0,28,6,0,34,8,40,12,3,63,0,0,0,63
12/06/2021,STX,VI,ASO,ES,Federal Contract Tower,6,19,3,4,32,0,41,13,1,55,6,60,16,5,87,0,4,4,91
12/07/2021,STX,VI,ASO,ES,Federal Contract Tower,4,16,2,3,25,0,42,15,0,57,4,58,17,3,82,0,0,0,82
12/08/2021,STX,VI,ASO,ES,Federal Contract Tower,4,16,7,3,30,0,35,18,1,54,4,51,25,4,84,6,0,6,90
12/09/2021,STX,VI,ASO,ES,Federal Contract Tower,8,19,0,4,31,0,39,11,0,50,8,58,11,4,81,0,0,0,81
12/10/2021,STX,VI,ASO,ES,Federal Contract Tower,6,17,1,3,27,0,41,15,0,56,6,58,16,3,83,0,12,12,95
12/11/2021,STX,VI,ASO,ES,Federal Contract Tower,10,9,4,1,24,0,23,12,0,35,10,32,16,1,59,0,0,0,59
12/12/2021,STX,VI,ASO,ES,Federal Contract Tower,8,9,5,2,24,0,27,18,0,45,8,36,23,2,69,0,0,0,69
12/13/2021,STX,VI,ASO,ES,Federal Contract Tower,6,19,7,1,33,0,45,10,0,55,6,64,17,1,88,0,0,0,88
12/14/2021,STX,VI,ASO,ES,Federal Contract Tower,4,15,2,2,23,0,42,23,4,69,4,57,25,6,92,12,0,12,104
12/15/2021,STX,VI,ASO,ES,Federal Contract Tower,4,17,2,0,23,0,34,15,2,51,4,51,17,2,74,0,0,0,74
12/16/2021,STX,VI,ASO,ES,Federal Contract Tower,10,20,4,3,37,0,34,20,0,54,10,54,24,3,91,0,0,0,91
12/17/2021,STX,VI,ASO,ES,Federal Contract Tower,8,21,6,2,37,0,44,17,0,61,8,65,23,2,98,0,0,0,98
12/18/2021,STX,VI,ASO,ES,Federal Contract Tower,10,12,7,2,31,0,29,14,0,43,10,41,21,2,74,0,0,0,74
12/19/2021,STX,VI,ASO,ES,Federal Contract Tower,10,13,3,1,27,0,20,8,0,28,10,33,11,1,55,0,0,0,55
12/20/2021,STX,VI,ASO,ES,Federal Contract Tower,10,19,6,2,37,0,33,19,0,52,10,52,25,2,89,0,0,0,89
12/21/2021,STX,VI,ASO,ES,Federal Contract Tower,9,16,1,0,26,0,41,35,1,77,9,57,36,1,103,2,0,2,105
12/22/2021,STX,VI,ASO,ES,Federal Contract Tower,10,17,4,0,31,0,40,21,0,61,10,57,25,0,92,2,0,2,94
12/23/2021,STX,VI,ASO,ES,Federal Contract Tower,11,16,3,0,30,0,41,15,0,56,11,57,18,0,86,0,0,0,86
12/24/2021,STX,VI,ASO,ES,Federal Contract Tower,10,15,2,0,27,0,35,7,0,42,10,50,9,0,69,0,0,0,69
12/25/2021,STX,VI,ASO,ES,Federal Contract Tower,8,9,2,0,19,0,24,2,0,26,8,33,4,0,45,0,0,0,45
12/26/2021,STX,VI,ASO,ES,Federal Contract Tower,10,14,5,0,29,0,22,12,1,35,10,36,17,1,64,0,0,0,64
12/27/2021,STX,VI,ASO,ES,Federal Contract Tower,10,13,4,0,27,0,41,19,0,60,10,54,23,0,87,0,0,0,87
12/28/2021,STX,VI,ASO,ES,Federal Contract Tower,10,14,0,0,24,0,41,12,0,53,10,55,12,0,77,0,0,0,77
12/29/2021,STX,VI,ASO,ES,Federal Contract Tower,10,11,2,0,23,0,25,2,0,27,10,36,4,0,50,0,2,2,52
12/30/2021,STX,VI,ASO,ES,Federal Contract Tower,10,16,8,0,34,0,42,15,0,57,10,58,23,0,91,2,0,2,93
12/31/2021,STX,VI,ASO,ES,Federal Contract Tower,10,14,2,0,26,0,35,9,0,44,10,49,11,0,70,0,0,0,70
01/01/2022,STX,VI,ASO,ES,Federal Contract Tower,10,8,8,0,26,0,26,2,0,28,10,34,10,0,54,0,0,0,54
01/02/2022,STX,VI,ASO,ES,Federal Contract Tower,10,12,6,0,28,0,31,4,0,35,10,43,10,0,63,0,0,0,63
01/03/2022,STX,VI,ASO,ES,Federal Contract Tower,6,14,4,0,24,0,27,6,0,33,6,41,10,0,57,0,0,0,57
01/04/2022,STX,VI,ASO,ES,Federal Contract Tower,7,13,3,0,23,0,26,13,0,39,7,39,16,0,62,0,0,0,62
01/05/2022,STX,VI,ASO,ES,Federal Contract Tower,3,10,1,0,14,0,24,9,0,33,3,34,10,0,47,0,0,0,47
01/06/2022,STX,VI,ASO,ES,Federal Contract Tower,8,15,3,0,26,0,20,21,0,41,8,35,24,0,67,14,0,14,81
01/07/2022,STX,VI,ASO,ES,Federal Contract Tower,6,15,3,0,24,0,41,13,0,54,6,56,16,0,78,0,0,0,78
01/08/2022,STX,VI,ASO,ES,Federal Contract Tower,7,10,3,0,20,0,24,12,0,36,7,34,15,0,56,0,0,0,56
01/09/2022,STX,VI,ASO,ES,Federal Contract Tower,8,9,3,0,20,0,19,14,0,33,8,28,17,0,53,0,0,0,53
01/10/2022,STX,VI,ASO,ES,Federal Contract Tower,6,17,2,0,25,0,35,19,0,54,6,52,21,0,79,0,0,0,79
01/11/2022,STX,VI,ASO,ES,Federal Contract Tower,10,13,2,0,25,0,40,20,0,60,10,53,22,0,85,0,0,0,85
01/12/2022,STX,VI,ASO,ES,Federal Contract Tower,8,17,3,0,28,0,27,14,2,43,8,44,17,2,71,0,0,0,71
01/13/2022,STX,VI,ASO,ES,Federal Contract Tower,6,19,1,0,26,0,33,20,0,53,6,52,21,0,79,0,0,0,79
01/14/2022,STX,VI,ASO,ES,Federal Contract Tower,6,19,1,0,26,0,36,14,0,50,6,55,15,0,76,4,0,4,80
01/15/2022,STX,VI,ASO,ES,Federal Contract Tower,7,11,3,0,21,0,25,26,0,51,7,36,29,0,72,3,0,3,75
01/16/2022,STX,VI,ASO,ES,Federal Contract Tower,4,13,9,0,26,0,17,13,0,30,4,30,22,0,56,4,0,4,60
01/17/2022,STX,VI,ASO,ES,Federal Contract Tower,6,14,2,0,22,0,30,11,0,41,6,44,13,0,63,0,0,0,63
01/18/2022,STX,VI,ASO,ES,Federal Contract Tower,8,15,0,2,25,0,39,12,0,51,8,54,12,2,76,8,0,8,84
01/19/2022,STX,VI,ASO,ES,Federal Contract Tower,6,14,3,4,27,0,33,6,0,39,6,47,9,4,66,0,0,0,66
01/20/2022,STX,VI,ASO,ES,Federal Contract Tower,6,16,0,1,23,0,40,14,1,55,6,56,14,2,78,6,0,6,84
01/21/2022,STX,VI,ASO,ES,Federal Contract Tower,6,15,6,3,30,0,42,4,0,46,6,57,10,3,76,0,0,0,76
01/22/2022,STX,VI,ASO,ES,Federal Contract Tower,7,9,2,0,18,0,21,5,0,26,7,30,7,0,44,2,0,2,46
01/23/2022,STX,VI,ASO,ES,Federal Contract Tower,6,9,1,0,16,0,23,9,0,32,6,32,10,0,48,0,0,0,48
01/24/2022,STX,VI,ASO,ES,Federal Contract Tower,6,13,6,0,25,0,42,4,0,46,6,55,10,0,71,0,0,0,71
01/25/2022,STX,VI,ASO,ES,Federal Contract Tower,8,16,3,0,27,0,36,10,0,46,8,52,13,0,73,0,0,0,73
01/26/2022,STX,VI,ASO,ES,Federal Contract Tower,6,13,2,0,21,0,37,16,2,55,6,50,18,2,76,0,0,0,76
01/27/2022,STX,VI,ASO,ES,Federal Contract Tower,6,17,6,0,29,0,36,17,0,53,6,53,23,0,82,0,0,0,82
01/28/2022,STX,VI,ASO,ES,Federal Contract Tower,6,11,3,1,21,0,44,18,0,62,6,55,21,1,83,4,0,4,87
01/29/2022,STX,VI,ASO,ES,Federal Contract Tower,7,8,1,2,18,0,13,8,0,21,7,21,9,2,39,4,0,4,43
01/30/2022,STX,VI,ASO,ES,Federal Contract Tower,6,8,3,1,18,0,14,9,0,23,6,22,12,1,41,0,0,0,41
01/31/2022,STX,VI,ASO,ES,Federal Contract Tower,5,19,2,1,27,0,35,21,0,56,5,54,23,1,83,4,0,4,87
02/01/2022,STX,VI,ASO,ES,Federal Contract Tower,9,15,1,2,27,0,36,15,0,51,9,51,16,2,78,6,0,6,84
02/02/2022,STX,VI,ASO,ES,Federal Contract Tower,6,12,3,0,21,0,38,10,0,48,6,50,13,0,69,2,0,2,71
02/03/2022,STX,VI,ASO,ES,Federal Contract Tower,6,20,2,0,28,0,34,8,0,42,6,54,10,0,70,0,0,0,70
02/04/2022,STX,VI,ASO,ES,Federal Contract Tower,6,19,5,0,30,0,32,14,0,46,6,51,19,0,76,0,0,0,76
02/05/2022,STX,VI,ASO,ES,Federal Contract Tower,7,11,5,0,23,0,13,4,0,17,7,24,9,0,40,0,0,0,40
02/06/2022,STX,VI,ASO,ES,Federal Contract Tower,8,19,4,0,31,0,13,2,0,15,8,32,6,0,46,0,0,0,46
02/07/2022,STX,VI,ASO,ES,Federal Contract Tower,6,23,1,1,31,0,32,15,0,47,6,55,16,1,78,0,0,0,78
02/08/2022,STX,VI,ASO,ES,Federal Contract Tower,8,12,2,0,22,0,35,17,0,52,8,47,19,0,74,0,0,0,74
02/09/2022,STX,VI,ASO,ES,Federal Contract Tower,6,13,5,0,24,0,32,20,0,52,6,45,25,0,76,4,0,4,80
02/10/2022,STX,VI,ASO,ES,Federal Contract Tower,8,12,6,1,27,0,41,11,1,53,8,53,17,2,80,0,0,0,80
02/11/2022,STX,VI,ASO,ES,Federal Contract Tower,6,14,5,0,25,0,49,20,0,69,6,63,25,0,94,0,0,0,94
02/12/2022,STX,VI,ASO,ES,Federal Contract Tower,9,12,2,0,23,0,12,11,0,23,9,24,13,0,46,0,0,0,46
02/13/2022,STX,VI,ASO,ES,Federal Contract Tower,6,14,5,0,25,0,14,12,0,26,6,28,17,0,51,8,0,8,59
02/14/2022,STX,VI,ASO,ES,Federal Contract Tower,5,23,3,0,31,0,30,19,0,49,5,53,22,0,80,20,0,20,100
02/15/2022,STX,VI,ASO,ES,Federal Contract Tower,8,18,2,2,30,0,27,33,0,60,8,45,35,2,90,12,0,12,102
02/16/2022,STX,VI,ASO,ES,Federal Contract Tower,6,13,8,0,27,0,31,17,0,48,6,44,25,0,75,8,0,8,83
02/17/2022,STX,VI,ASO,ES,Federal Contract Tower,8,20,2,0,30,0,47,6,0,53,8,67,8,0,83,4,0,4,87
02/18/2022,STX,VI,ASO,ES,Federal Contract Tower,6,13,4,0,23,0,47,10,0,57,6,60,14,0,80,0,0,0,80
02/19/2022,STX,VI,ASO,ES,Federal Contract Tower,9,7,8,1,25,0,15,7,0,22,9,22,15,1,47,0,0,0,47
02/20/2022,STX,VI,ASO,ES,Federal Contract Tower,6,12,2,1,21,0,35,17,0,52,6,47,19,1,73,8,0,8,81
02/21/2022,STX,VI,ASO,ES,Federal Contract Tower,6,18,5,0,29,0,31,27,0,58,6,49,32,0,87,10,0,10,97
02/22/2022,STX,VI,ASO,ES,Federal Contract Tower,8,16,2,0,26,0,32,7,0,39,8,48,9,0,65,0,0,0,65
02/23/2022,STX,VI,ASO,ES,Federal Contract Tower,6,15,3,0,24,0,33,13,0,46,6,48,16,0,70,10,0,10,80
02/24/2022,STX,VI,ASO,ES,Federal Contract Tower,8,22,3,0,33,45,26,0,0,71,53,48,3,0,104,6,0,6,110
02/25/2022,STX,VI,ASO,ES,Federal Contract Tower,5,16,2,0,23,0,36,17,0,53,5,52,19,0,76,6,0,6,82
02/26/2022,STX,VI,ASO,ES,Federal Contract Tower,9,4,6,1,20,0,29,16,0,45,9,33,22,1,65,16,0,16,81
02/27/2022,STX,VI,ASO,ES,Federal Contract Tower,6,8,2,1,17,0,11,11,0,22,6,19,13,1,39,0,0,0,39
02/28/2022,STX,VI,ASO,ES,Federal Contract Tower,6,17,2,0,25,0,29,22,0,51,6,46,24,0,76,6,0,6,82
03/01/2022,STX,VI,ASO,ES,Federal Contract Tower,8,12,1,2,23,0,36,29,0,65,8,48,30,2,88,6,0,6,94
03/02/2022,STX,VI,ASO,ES,Federal Contract Tower,6,14,3,0,23,0,42,13,0,55,6,56,16,0,78,0,0,0,78
03/03/2022,STX,VI,ASO,ES,Federal Contract Tower,8,21,0,0,29,0,37,17,0,54,8,58,17,0,83,10,0,10,93
03/04/2022,STX,VI,ASO,ES,Federal Contract Tower,6,14,1,0,21,0,44,30,0,74,6,58,31,0,95,0,0,0,95
03/05/2022,STX,VI,ASO,ES,Federal Contract Tower,10,5,1,0,16,16,11,0,0,27,26,16,1,0,43,0,0,0,43
03/06/2022,STX,VI,ASO,ES,Federal Contract Tower,6,11,7,0,24,0,22,23,0,45,6,33,30,0,69,6,0,6,75
03/07/2022,STX,VI,ASO,ES,Federal Contract Tower,6,21,1,0,28,0,24,15,0,39,6,45,16,0,67,2,0,2,69
03/08/2022,STX,VI,ASO,ES,Federal Contract Tower,8,12,0,0,20,0,32,18,0,50,8,44,18,0,70,8,0,8,78
03/09/2022,STX,VI,ASO,ES,Federal Contract Tower,6,22,1,0,29,0,29,11,0,40,6,51,12,0,69,1,0,1,70
03/10/2022,STX,VI,ASO,ES,Federal Contract Tower,6,16,2,2,26,0,33,14,1,48,6,49,16,3,74,0,6,6,80
03/11/2022,STX,VI,ASO,ES,Federal Contract Tower,4,17,0,0,21,0,41,25,0,66,4,58,25,0,87,18,0,18,105
03/12/2022,STX,VI,ASO,ES,Federal Contract Tower,10,6,3,1,20,0,17,15,0,32,10,23,18,1,52,0,0,0,52
03/13/2022,STX,VI,ASO,ES,Federal Contract Tower,4,8,8,1,21,0,17,10,0,27,4,25,18,1,48,2,0,2,50
03/14/2022,STX,VI,ASO,ES,Federal Contract Tower,6,20,1,1,28,0,39,13,0,52,6,59,14,1,80,2,0,2,82
03/15/2022,STX,VI,ASO,ES,Federal Contract Tower,6,14,0,3,23,0,43,15,0,58,6,57,15,3,81,0,0,0,81
03/16/2022,STX,VI,ASO,ES,Federal Contract Tower,6,11,3,3,23,0,37,12,2,51,6,48,15,5,74,2,2,4,78
03/17/2022,STX,VI,ASO,ES,Federal Contract Tower,5,21,4,1,31,0,31,22,1,54,5,52,26,2,85,0,0,0,85
03/18/2022,STX,VI,ASO,ES,Federal Contract Tower,4,17,8,1,30,0,51,15,0,66,4,68,23,1,96,0,0,0,96
03/19/2022,STX,VI,ASO,ES,Federal Contract Tower,10,8,5,0,23,0,26,38,0,64,10,34,43,0,87,9,0,9,96
03/20/2022,STX,VI,ASO,ES,Federal Contract Tower,4,13,5,0,22,0,25,15,0,40,4,38,20,0,62,0,0,0,62
03/21/2022,STX,VI,ASO,ES,Federal Contract Tower,6,28,3,1,38,0,31,15,0,46,6,59,18,1,84,2,0,2,86
03/22/2022,STX,VI,ASO,ES,Federal Contract Tower,6,14,1,1,22,0,40,18,0,58,6,54,19,1,80,4,0,4,84
03/23/2022,STX,VI,ASO,ES,Federal Contract Tower,6,17,2,4,29,0,42,21,0,63,6,59,23,4,92,0,0,0,92
03/24/2022,STX,VI,ASO,ES,Federal Contract Tower,6,21,3,2,32,0,40,10,0,50,6,61,13,2,82,0,0,0,82
03/25/2022,STX,VI,ASO,ES,Federal Contract Tower,4,24,0,1,29,0,41,14,0,55,4,65,14,1,84,8,0,8,92
03/26/2022,STX,VI,ASO,ES,Federal Contract Tower,10,7,4,0,21,0,15,17,0,32,10,22,21,0,53,0,0,0,53
03/27/2022,STX,VI,ASO,ES,Federal Contract Tower,4,11,0,0,15,0,20,7,0,27,4,31,7,0,42,0,0,0,42
03/28/2022,STX,VI,ASO,ES,Federal Contract Tower,6,21,2,0,29,0,32,13,0,45,6,53,15,0,74,0,0,0,74
03/29/2022,STX,VI,ASO,ES,Federal Contract Tower,6,15,7,1,29,0,37,9,0,46,6,52,16,1,75,0,0,0,75
03/30/2022,STX,VI,ASO,ES,Federal Contract Tower,6,19,3,1,29,0,34,18,0,52,6,53,21,1,81,0,0,0,81
03/31/2022,STX,VI,ASO,ES,Federal Contract Tower,6,21,3,5,35,0,41,5,0,46,6,62,8,5,81,0,0,0,81
04/01/2022,STX,VI,ASO,ES,Federal Contract Tower,3,16,1,1,21,0,46,16,0,62,3,62,17,1,83,0,0,0,83
04/02/2022,STX,VI,ASO,ES,Federal Contract Tower,10,7,4,0,21,0,26,10,0,36,10,33,14,0,57,0,0,0,57
04/03/2022,STX,VI,ASO,ES,Federal Contract Tower,4,10,4,0,18,0,23,14,0,37,4,33,18,0,55,0,0,0,55
04/04/2022,STX,VI,ASO,ES,Federal Contract Tower,6,16,4,0,26,0,40,8,0,48,6,56,12,0,74,4,0,4,78
04/05/2022,STX,VI,ASO,ES,Federal Contract Tower,6,15,4,2,27,0,32,16,0,48,6,47,20,2,75,0,0,0,75
04/06/2022,STX,VI,ASO,ES,Federal Contract Tower,6,15,1,3,25,0,33,15,0,48,6,48,16,3,73,0,0,0,73
04/07/2022,STX,VI,ASO,ES,Federal Contract Tower,6,15,4,1,26,0,39,15,0,54,6,54,19,1,80,0,0,0,80
04/08/2022,STX,VI,ASO,ES,Federal Contract Tower,6,14,1,2,23,0,32,15,0,47,6,46,16,2,70,0,0,0,70
04/09/2022,STX,VI,ASO,ES,Federal Contract Tower,14,10,8,0,32,0,23,15,2,40,14,33,23,2,72,0,6,6,78
04/10/2022,STX,VI,ASO,ES,Federal Contract Tower,8,11,4,3,26,0,15,14,0,29,8,26,18,3,55,4,0,4,59
04/11/2022,STX,VI,ASO,ES,Federal Contract Tower,10,15,6,3,34,0,39,26,1,66,10,54,32,4,100,4,0,4,104
04/12/2022,STX,VI,ASO,ES,Federal Contract Tower,8,10,1,6,25,0,32,9,0,41,8,42,10,6,66,0,0,0,66
04/13/2022,STX,VI,ASO,ES,Federal Contract Tower,12,16,6,7,41,0,37,15,0,52,12,53,21,7,93,0,0,0,93
04/14/2022,STX,VI,ASO,ES,Federal Contract Tower,11,19,7,0,37,0,32,12,0,44,11,51,19,0,81,0,0,0,81
04/15/2022,STX,VI,ASO,ES,Federal Contract Tower,3,8,3,7,21,0,37,11,0,48,3,45,14,7,69,0,0,0,69
04/16/2022,STX,VI,ASO,ES,Federal Contract Tower,10,10,1,2,23,0,12,13,0,25,10,22,14,2,48,0,0,0,48
04/17/2022,STX,VI,ASO,ES,Federal Contract Tower,4,12,1,1,18,0,27,5,0,32,4,39,6,1,50,0,0,0,50
04/18/2022,STX,VI,ASO,ES,Federal Contract Tower,4,11,5,0,20,0,46,8,0,54,4,57,13,0,74,6,0,6,80
04/19/2022,STX,VI,ASO,ES,Federal Contract Tower,4,13,1,1,19,0,43,14,0,57,4,56,15,1,76,0,0,0,76
04/20/2022,STX,VI,ASO,ES,Federal Contract Tower,10,12,9,1,32,0,28,17,1,46,10,40,26,2,78,0,0,0,78
04/21/2022,STX,VI,ASO,ES,Federal Contract Tower,16,15,8,3,42,0,34,21,0,55,16,49,29,3,97,4,0,4,101
04/22/2022,STX,VI,ASO,ES,Federal Contract Tower,12,14,3,1,30,0,34,15,2,51,12,48,18,3,81,0,8,8,89
04/23/2022,STX,VI,ASO,ES,Federal Contract Tower,12,6,0,1,19,0,15,19,2,36,12,21,19,3,55,0,10,10,65
04/24/2022,STX,VI,ASO,ES,Federal Contract Tower,10,15,3,2,30,0,21,18,0,39,10,36,21,2,69,0,0,0,69
04/25/2022,STX,VI,ASO,ES,Federal Contract Tower,8,21,3,2,34,0,37,21,0,58,8,58,24,2,92,0,0,0,92
04/26/2022,STX,VI,ASO,ES,Federal Contract Tower,8,12,4,5,29,0,37,20,0,57,8,49,24,5,86,0,0,0,86
04/27/2022,STX,VI,ASO,ES,Federal Contract Tower,6,14,4,3,27,0,46,45,2,93,6,60,49,5,120,2,0,2,122
04/28/2022,STX,VI,ASO,ES,Federal Contract Tower,10,17,3,1,31,0,32,15,1,48,10,49,18,2,79,0,0,0,79
04/29/2022,STX,VI,ASO,ES,Federal Contract Tower,8,19,8,4,39,0,30,24,0,54,8,49,32,4,93,0,2,2,95
04/30/2022,STX,VI,ASO,ES,Federal Contract Tower,12,7,1,2,22,0,5,0,0,5,12,12,1,2,27,0,0,0,27
05/01/2022,STX,VI,ASO,ES,Federal Contract Tower,8,18,7,2,35,0,17,25,0,42,8,35,32,2,77,2,0,2,79
05/02/2022,STX,VI,ASO,ES,Federal Contract Tower,8,24,2,0,34,0,42,32,0,74,8,66,34,0,108,6,0,6,114
05/03/2022,STX,VI,ASO,ES,Federal Contract Tower,8,11,1,1,21,0,38,15,1,54,8,49,16,2,75,0,0,0,75
05/04/2022,STX,VI,ASO,ES,Federal Contract Tower,10,16,3,2,31,0,37,14,0,51,10,53,17,2,82,0,0,0,82
05/05/2022,STX,VI,ASO,ES,Federal Contract Tower,8,12,2,1,23,0,43,11,3,57,8,55,13,4,80,0,2,2,82
05/06/2022,STX,VI,ASO,ES,Federal Contract Tower,6,11,1,0,18,0,28,18,4,50,6,39,19,4,68,20,0,20,88
05/07/2022,STX,VI,ASO,ES,Federal Contract Tower,10,7,0,0,17,0,15,14,1,30,10,22,14,1,47,0,0,0,47
05/08/2022,STX,VI,ASO,ES,Federal Contract Tower,5,13,0,0,18,0,18,10,0,28,5,31,10,0,46,0,0,0,46
05/09/2022,STX,VI,ASO,ES,Federal Contract Tower,6,20,0,0,26,0,25,14,0,39,6,45,14,0,65,2,0,2,67
05/10/2022,STX,VI,ASO,ES,Federal Contract Tower,6,12,0,3,21,0,26,42,0,68,6,38,42,3,89,0,0,0,89
05/11/2022,STX,VI,ASO,ES,Federal Contract Tower,6,15,8,0,29,0,24,32,0,56,6,39,40,0,85,2,0,2,87
05/12/2022,STX,VI,ASO,ES,Federal Contract Tower,8,14,7,0,29,0,26,18,0,44,8,40,25,0,73,2,0,2,75
05/13/2022,STX,VI,ASO,ES,Federal Contract Tower,6,18,6,1,31,0,20,19,0,39,6,38,25,1,70,0,0,0,70
05/14/2022,STX,VI,ASO,ES,Federal Contract Tower,10,4,1,0,15,0,8,18,0,26,10,12,19,0,41,2,0,2,43
05/15/2022,STX,VI,ASO,ES,Federal Contract Tower,6,10,2,0,18,0,17,15,0,32,6,27,17,0,50,0,0,0,50
05/16/2022,STX,VI,ASO,ES,Federal Contract Tower,5,21,2,0,28,0,27,22,2,51,5,48,24,2,79,2,0,2,81
05/17/2022,STX,VI,ASO,ES,Federal Contract Tower,6,16,2,0,24,0,37,23,2,62,6,53,25,2,86,0,0,0,86
05/18/2022,STX,VI,ASO,ES,Federal Contract Tower,6,15,3,1,25,0,33,23,2,58,6,48,26,3,83,0,0,0,83
05/19/2022,STX,VI,ASO,ES,Federal Contract Tower,7,15,4,0,26,0,22,18,0,40,7,37,22,0,66,0,0,0,66
05/20/2022,STX,VI,ASO,ES,Federal Contract Tower,6,14,0,1,21,0,35,15,0,50,6,49,15,1,71,0,0,0,71
05/21/2022,STX,VI,ASO,ES,Federal Contract Tower,9,8,3,0,20,0,0,0,0,0,9,8,3,0,20,0,0,0,20
05/22/2022,STX,VI,ASO,ES,Federal Contract Tower,6,9,0,1,16,0,19,13,0,32,6,28,13,1,48,0,0,0,48
05/23/2022,STX,VI,ASO,ES,Federal Contract Tower,6,17,3,1,27,0,26,11,1,38,6,43,14,2,65,0,0,0,65
05/24/2022,STX,VI,ASO,ES,Federal Contract Tower,6,13,0,0,19,0,22,13,2,37,6,35,13,2,56,0,0,0,56
05/25/2022,STX,VI,ASO,ES,Federal Contract Tower,6,23,1,0,30,0,28,4,0,32,6,51,5,0,62,0,0,0,62
05/26/2022,STX,VI,ASO,ES,Federal Contract Tower,8,18,0,3,29,0,35,9,0,44,8,53,9,3,73,0,0,0,73
05/27/2022,STX,VI,ASO,ES,Federal Contract Tower,6,12,4,2,24,0,54,24,3,81,6,66,28,5,105,0,0,0,105
05/28/2022,STX,VI,ASO,ES,Federal Contract Tower,10,11,3,1,25,0,19,17,0,36,10,30,20,1,61,0,0,0,61
05/29/2022,STX,VI,ASO,ES,Federal Contract Tower,5,11,2,0,18,0,16,14,0,30,5,27,16,0,48,6,0,6,54
05/30/2022,STX,VI,ASO,ES,Federal Contract Tower,6,14,2,0,22,0,37,16,1,54,6,51,18,1,76,0,0,0,76
05/31/2022,STX,VI,ASO,ES,Federal Contract Tower,6,12,1,0,19,0,33,16,0,49,6,45,17,0,68,0,0,0,68
06/01/2022,STX,VI,ASO,ES,Federal Contract Tower,5,12,3,0,20,0,25,19,2,46,5,37,22,2,66,0,0,0,66
06/02/2022,STX,VI,ASO,ES,Federal Contract Tower,8,13,4,0,25,0,32,15,0,47,8,45,19,0,72,2,0,2,74
06/03/2022,STX,VI,ASO,ES,Federal Contract Tower,6,10,1,0,17,0,35,21,0,56,6,45,22,0,73,12,0,12,85
06/04/2022,STX,VI,ASO,ES,Federal Contract Tower,9,8,3,0,20,0,11,27,0,38,9,19,30,0,58,0,0,0,58
06/05/2022,STX,VI,ASO,ES,Federal Contract Tower,7,13,0,0,20,0,15,7,0,22,7,28,7,0,42,0,0,0,42
06/06/2022,STX,VI,ASO,ES,Federal Contract Tower,6,15,3,0,24,0,25,22,0,47,6,40,25,0,71,12,0,12,83
06/07/2022,STX,VI,ASO,ES,Federal Contract Tower,8,13,0,2,23,0,12,20,0,32,8,25,20,2,55,0,0,0,55
06/08/2022,STX,VI,ASO,ES,Federal Contract Tower,6,10,3,0,19,0,29,13,0,42,6,39,16,0,61,0,0,0,61
06/09/2022,STX,VI,ASO,ES,Federal Contract Tower,4,19,2,2,27,0,25,14,0,39,4,44,16,2,66,0,0,0,66
06/10/2022,STX,VI,ASO,ES,Federal Contract Tower,6,13,1,4,24,0,22,18,0,40,6,35,19,4,64,0,0,0,64
06/11/2022,STX,VI,ASO,ES,Federal Contract Tower,10,9,2,4,25,0,19,16,0,35,10,28,18,4,60,14,0,14,74
06/12/2022,STX,VI,ASO,ES,Federal Contract Tower,6,16,1,2,25,0,16,6,0,22,6,32,7,2,47,0,0,0,47
06/13/2022,STX,VI,ASO,ES,Federal Contract Tower,6,10,4,0,20,0,20,12,0,32,6,30,16,0,52,0,0,0,52
06/14/2022,STX,VI,ASO,ES,Federal Contract Tower,6,13,2,0,21,0,18,13,0,31,6,31,15,0,52,0,0,0,52
06/15/2022,STX,VI,ASO,ES,Federal Contract Tower,6,15,0,0,21,0,25,13,0,38,6,40,13,0,59,0,0,0,59
06/16/2022,STX,VI,ASO,ES,Federal Contract Tower,6,20,5,0,31,0,31,16,0,47,6,51,21,0,78,0,0,0,78
06/17/2022,STX,VI,ASO,ES,Federal Contract Tower,6,14,1,1,22,0,25,29,0,54,6,39,30,1,76,2,0,2,78
06/18/2022,STX,VI,ASO,ES,Federal Contract Tower,10,7,0,2,19,0,15,16,0,31,10,22,16,2,50,0,0,0,50
06/19/2022,STX,VI,ASO,ES,Federal Contract Tower,5,11,1,1,18,0,16,18,0,34,5,27,19,1,52,0,0,0,52
06/20/2022,STX,VI,ASO,ES,Federal Contract Tower,6,13,4,1,24,0,22,15,0,37,6,35,19,1,61,12,0,12,73
06/21/2022,STX,VI,ASO,ES,Federal Contract Tower,6,17,5,0,28,0,22,26,0,48,6,39,31,0,76,2,0,2,78
06/22/2022,STX,VI,ASO,ES,Federal Contract Tower,6,15,4,2,27,0,20,20,0,40,6,35,24,2,67,0,0,0,67
06/23/2022,STX,VI,ASO,ES,Federal Contract Tower,6,13,2,0,21,0,32,25,0,57,6,45,27,0,78,6,0,6,84
06/24/2022,STX,VI,ASO,ES,Federal Contract Tower,6,13,1,0,20,0,28,17,0,45,6,41,18,0,65,0,0,0,65
06/25/2022,STX,VI,ASO,ES,Federal Contract Tower,8,8,3,0,19,0,14,5,0,19,8,22,8,0,38,0,0,0,38
06/26/2022,STX,VI,ASO,ES,Federal Contract Tower,7,10,0,2,19,0,16,7,0,23,7,26,7,2,42,10,0,10,52
06/27/2022,STX,VI,ASO,ES,Federal Contract Tower,6,17,1,3,27,0,24,17,0,41,6,41,18,3,68,0,0,0,68
06/28/2022,STX,VI,ASO,ES,Federal Contract Tower,6,18,3,1,28,0,19,14,0,33,6,37,17,1,61,0,0,0,61
06/29/2022,STX,VI,ASO,ES,Federal Contract Tower,6,20,4,3,33,0,26,13,1,40,6,46,17,4,73,0,0,0,73
06/30/2022,STX,VI,ASO,ES,Federal Contract Tower,6,20,0,5,31,0,27,12,1,40,6,47,12,6,71,0,0,0,71
07/01/2022,STX,VI,ASO,ES,Federal Contract Tower,6,14,1,5,26,0,39,23,3,65,6,53,24,8,91,0,0,0,91
07/02/2022,STX,VI,ASO,ES,Federal Contract Tower,10,14,0,1,25,0,8,3,0,11,10,22,3,1,36,0,0,0,36
07/03/2022,STX,VI,ASO,ES,Federal Contract Tower,7,10,1,3,21,0,11,5,0,16,7,21,6,3,37,2,0,2,39
07/04/2022,STX,VI,ASO,ES,Federal Contract Tower,6,10,2,0,18,0,20,7,0,27,6,30,9,0,45,0,0,0,45
07/05/2022,STX,VI,ASO,ES,Federal Contract Tower,6,15,1,0,22,0,20,31,0,51,6,35,32,0,73,0,0,0,73
07/06/2022,STX,VI,ASO,ES,Federal Contract Tower,6,15,0,2,23,0,32,8,0,40,6,47,8,2,63,0,0,0,63
07/07/2022,STX,VI,ASO,ES,Federal Contract Tower,6,15,1,0,22,0,27,17,0,44,6,42,18,0,66,0,0,0,66
07/08/2022,STX,VI,ASO,ES,Federal Contract Tower,5,11,3,0,19,0,25,17,2,44,5,36,20,2,63,6,0,6,69
07/09/2022,STX,VI,ASO,ES,Federal Contract Tower,10,8,0,0,18,0,22,7,0,29,10,30,7,0,47,0,0,0,47
07/10/2022,STX,VI,ASO,ES,Federal Contract Tower,6,4,2,0,12,0,16,9,2,27,6,20,11,2,39,0,0,0,39
07/11/2022,STX,VI,ASO,ES,Federal Contract Tower,6,20,3,0,29,0,24,5,0,29,6,44,8,0,58,0,0,0,58
07/12/2022,STX,VI,ASO,ES,Federal Contract Tower,6,14,5,0,25,0,22,12,0,34,6,36,17,0,59,0,0,0,59
07/13/2022,STX,VI,ASO,ES,Federal Contract Tower,6,16,1,0,23,0,23,12,0,35,6,39,13,0,58,0,0,0,58
07/14/2022,STX,VI,ASO,ES,Federal Contract Tower,6,19,1,0,26,0,28,10,0,38,6,47,11,0,64,0,0,0,64
07/15/2022,STX,VI,ASO,ES,Federal Contract Tower,6,11,0,0,17,0,29,24,0,53,6,40,24,0,70,0,0,0,70
07/16/2022,STX,VI,ASO,ES,Federal Contract Tower,12,6,2,0,20,0,16,11,0,27,12,22,13,0,47,0,0,0,47
07/17/2022,STX,VI,ASO,ES,Federal Contract Tower,6,7,0,0,13,0,16,7,0,23,6,23,7,0,36,0,0,0,36
07/18/2022,STX,VI,ASO,ES,Federal Contract Tower,6,16,8,0,30,0,30,15,0,45,6,46,23,0,75,4,0,4,79
07/19/2022,STX,VI,ASO,ES,Federal Contract Tower,6,19,1,2,28,0,18,24,2,44,6,37,25,4,72,0,0,0,72
07/20/2022,STX,VI,ASO,ES,Federal Contract Tower,6,18,5,0,29,0,29,13,0,42,6,47,18,0,71,0,0,0,71
07/21/2022,STX,VI,ASO,ES,Federal Contract Tower,6,23,2,1,32,0,14,7,2,23,6,37,9,3,55,2,0,2,57
07/22/2022,STX,VI,ASO,ES,Federal Contract Tower,6,10,0,0,16,0,30,19,0,49,6,40,19,0,65,0,0,0,65
07/23/2022,STX,VI,ASO,ES,Federal Contract Tower,10,6,0,0,16,0,16,15,0,31,10,22,15,0,47,2,0,2,49
07/24/2022,STX,VI,ASO,ES,Federal Contract Tower,6,10,0,0,16,0,8,10,0,18,6,18,10,0,34,0,0,0,34
07/25/2022,STX,VI,ASO,ES,Federal Contract Tower,6,21,5,2,34,0,22,13,0,35,6,43,18,2,69,0,0,0,69
07/26/2022,STX,VI,ASO,ES,Federal Contract Tower,5,16,0,0,21,0,25,19,0,44,5,41,19,0,65,0,0,0,65
07/27/2022,STX,VI,ASO,ES,Federal Contract Tower,6,12,1,0,19,0,28,20,0,48,6,40,21,0,67,0,0,0,67
07/28/2022,STX,VI,ASO,ES,Federal Contract Tower,6,13,4,2,25,0,32,11,0,43,6,45,15,2,68,0,0,0,68
07/29/2022,STX,VI,ASO,ES,Federal Contract Tower,6,17,1,3,27,0,30,13,1,44,6,47,14,4,71,2,0,2,73
07/30/2022,STX,VI,ASO,ES,Federal Contract Tower,10,8,3,1,22,0,16,19,1,36,10,24,22,2,58,0,0,0,58
07/31/2022,STX,VI,ASO,ES,Federal Contract Tower,6,9,6,4,25,0,8,19,0,27,6,17,25,4,52,0,0,0,52
08/01/2022,STX,VI,ASO,ES,Federal Contract Tower,6,16,3,3,28,0,25,25,1,51,6,41,28,4,79,0,0,0,79
08/02/2022,STX,VI,ASO,ES,Federal Contract Tower,6,15,2,4,27,0,22,13,1,36,6,37,15,5,63,0,0,0,63
08/03/2022,STX,VI,ASO,ES,Federal Contract Tower,6,14,2,0,22,0,28,14,3,45,6,42,16,3,67,12,0,12,79
08/04/2022,STX,VI,ASO,ES,Federal Contract Tower,6,18,1,0,25,0,27,8,0,35,6,45,9,0,60,4,0,4,64
08/05/2022,STX,VI,ASO,ES,Federal Contract Tower,6,13,0,0,19,0,23,16,1,40,6,36,16,1,59,0,0,0,59
08/06/2022,STX,VI,ASO,ES,Federal Contract Tower,10,8,0,1,19,0,14,18,1,33,10,22,18,2,52,0,0,0,52
08/07/2022,STX,VI,ASO,ES,Federal Contract Tower,5,11,0,0,16,0,18,11,0,29,5,29,11,0,45,0,0,0,45
08/08/2022,STX,VI,ASO,ES,Federal Contract Tower,6,19,3,0,28,0,27,11,0,38,6,46,14,0,66,0,0,0,66
08/09/2022,STX,VI,ASO,ES,Federal Contract Tower,7,10,0,0,17,0,19,19,2,40,7,29,19,2,57,0,0,0,57
08/10/2022,STX,VI,ASO,ES,Federal Contract Tower,6,13,3,0,22,0,30,20,0,50,6,43,23,0,72,0,0,0,72
08/11/2022,STX,VI,ASO,ES,Federal Contract Tower,6,13,1,2,22,0,26,22,0,48,6,39,23,2,70,0,0,0,70
08/12/2022,STX,VI,ASO,ES,Federal Contract Tower,6,14,1,2,23,0,30,14,6,50,6,44,15,8,73,0,0,0,73
08/13/2022,STX,VI,ASO,ES,Federal Contract Tower,10,10,1,2,23,0,17,27,2,46,10,27,28,4,69,8,8,16,85
08/14/2022,STX,VI,ASO,ES,Federal Contract Tower,6,9,2,3,20,0,19,5,1,25,6,28,7,4,45,0,0,0,45
08/15/2022,STX,VI,ASO,ES,Federal Contract Tower,5,16,0,4,25,0,26,16,3,45,5,42,16,7,70,0,0,0,70
08/16/2022,STX,VI,ASO,ES,Federal Contract Tower,7,13,2,3,25,0,24,25,0,49,7,37,27,3,74,0,0,0,74
08/17/2022,STX,VI,ASO,ES,Federal Contract Tower,6,16,4,2,28,0,19,15,0,34,6,35,19,2,62,4,0,4,66
08/18/2022,STX,VI,ASO,ES,Federal Contract Tower,6,12,0,3,21,0,14,16,1,31,6,26,16,4,52,0,0,0,52
08/19/2022,STX,VI,ASO,ES,Federal Contract Tower,6,12,0,2,20,0,21,17,0,38,6,33,17,2,58,0,0,0,58
08/20/2022,STX,VI,ASO,ES,Federal Contract Tower,8,8,1,0,17,0,14,8,1,23,8,22,9,1,40,0,0,0,40
08/21/2022,STX,VI,ASO,ES,Federal Contract Tower,6,6,5,1,18,0,8,27,1,36,6,14,32,2,54,0,0,0,54
08/22/2022,STX,VI,ASO,ES,Federal Contract Tower,8,14,4,0,26,0,19,21,2,42,8,33,25,2,68,0,0,0,68
08/23/2022,STX,VI,ASO,ES,Federal Contract Tower,6,13,2,0,21,0,11,13,0,24,6,24,15,0,45,0,0,0,45
08/24/2022,STX,VI,ASO,ES,Federal Contract Tower,6,12,3,0,21,0,16,16,0,32,6,28,19,0,53,0,0,0,53
08/25/2022,STX,VI,ASO,ES,Federal Contract Tower,6,16,1,4,27,0,18,4,0,22,6,34,5,4,49,0,0,0,49
08/26/2022,STX,VI,ASO,ES,Federal Contract Tower,6,14,1,5,26,0,23,16,1,40,6,37,17,6,66,8,10,18,84
08/27/2022,STX,VI,ASO,ES,Federal Contract Tower,8,9,1,3,21,0,16,23,1,40,8,25,24,4,61,0,14,14,75
08/28/2022,STX,VI,ASO,ES,Federal Contract Tower,6,8,1,4,19,0,19,20,1,40,6,27,21,5,59,2,0,2,61
08/29/2022,STX,VI,ASO,ES,Federal Contract Tower,6,10,0,2,18,0,23,13,1,37,6,33,13,3,55,8,6,14,69
08/30/2022,STX,VI,ASO,ES,Federal Contract Tower,6,17,2,5,30,0,19,27,0,46,6,36,29,5,76,0,0,0,76
08/31/2022,STX,VI,ASO,ES,Federal Contract Tower,5,13,0,0,18,0,21,10,0,31,5,34,10,0,49,0,0,0,49
09/01/2022,STX,VI,ASO,ES,Federal Contract Tower,6,15,1,3,25,0,27,10,0,37,6,42,11,3,62,0,0,0,62
09/02/2022,STX,VI,ASO,ES,Federal Contract Tower,6,15,1,1,23,0,28,20,1,49,6,43,21,2,72,0,0,0,72
09/03/2022,STX,VI,ASO,ES,Federal Contract Tower,7,9,0,4,20,0,20,14,1,35,7,29,14,5,55,0,0,0,55
09/04/2022,STX,VI,ASO,ES,Federal Contract Tower,6,9,0,3,18,0,7,10,0,17,6,16,10,3,35,0,0,0,35
09/05/2022,STX,VI,ASO,ES,Federal Contract Tower,6,18,2,2,28,0,8,21,0,29,6,26,23,2,57,0,0,0,57
09/06/2022,STX,VI,ASO,ES,Federal Contract Tower,6,14,1,3,24,0,10,15,0,25,6,24,16,3,49,0,0,0,49
09/07/2022,STX,VI,ASO,ES,Federal Contract Tower,6,10,3,4,23,0,18,19,1,38,6,28,22,5,61,0,0,0,61
09/08/2022,STX,VI,ASO,ES,Federal Contract Tower,6,14,2,7,29,0,28,15,0,43,6,42,17,7,72,0,0,0,72
09/09/2022,STX,VI,ASO,ES,Federal Contract Tower,8,12,2,1,23,0,34,16,0,50,8,46,18,1,73,4,0,4,77
09/10/2022,STX,VI,ASO,ES,Federal Contract Tower,8,4,1,3,16,0,18,3,0,21,8,22,4,3,37,0,0,0,37
09/11/2022,STX,VI,ASO,ES,Federal Contract Tower,6,4,2,1,13,0,17,2,0,19,6,21,4,1,32,0,0,0,32
09/12/2022,STX,VI,ASO,ES,Federal Contract Tower,6,14,1,1,22,0,17,20,0,37,6,31,21,1,59,0,0,0,59
09/13/2022,STX,VI,ASO,ES,Federal Contract Tower,6,16,2,2,26,0,27,28,0,55,6,43,30,2,81,6,0,6,87
09/14/2022,STX,VI,ASO,ES,Federal Contract Tower,5,14,2,6,27,0,17,15,0,32,5,31,17,6,59,0,0,0,59
09/15/2022,STX,VI,ASO,ES,Federal Contract Tower,5,14,5,1,25,0,21,14,0,35,5,35,19,1,60,0,0,0,60
09/16/2022,STX,VI,ASO,ES,Federal Contract Tower,5,13,5,0,23,0,18,2,0,20,5,31,7,0,43,0,0,0,43
09/17/2022,STX,VI,ASO,ES,Federal Contract Tower,1,0,0,0,1,0,0,0,0,0,1,0,0,0,1,0,0,0,1
09/18/2022,STX,VI,ASO,ES,Federal Contract Tower,0,0,0,0,0,0,0,0,0,0,0,0,0,0,0,0,0,0,0
09/20/2022,STX,VI,ASO,ES,Federal Contract Tower,8,16,7,6,37,0,25,21,0,46,8,41,28,6,83,0,0,0,83
09/21/2022,STX,VI,ASO,ES,Federal Contract Tower,6,11,5,5,27,0,21,25,0,46,6,32,30,5,73,0,0,0,73
09/22/2022,STX,VI,ASO,ES,Federal Contract Tower,6,16,0,5,27,0,26,11,0,37,6,42,11,5,64,0,0,0,64
09/23/2022,STX,VI,ASO,ES,Federal Contract Tower,6,16,3,3,28,0,24,15,1,40,6,40,18,4,68,0,0,0,68
09/24/2022,STX,VI,ASO,ES,Federal Contract Tower,8,8,2,4,22,0,16,1,0,17,8,24,3,4,39,0,0,0,39
09/25/2022,STX,VI,ASO,ES,Federal Contract Tower,6,4,1,2,13,0,17,13,0,30,6,21,14,2,43,0,0,0,43
09/26/2022,STX,VI,ASO,ES,Federal Contract Tower,6,14,2,2,24,0,22,9,0,31,6,36,11,2,55,0,0,0,55
09/27/2022,STX,VI,ASO,ES,Federal Contract Tower,5,12,6,3,26,0,25,23,1,49,5,37,29,4,75,2,0,2,77
09/28/2022,STX,VI,ASO,ES,Federal Contract Tower,3,12,4,0,19,0,15,12,0,27,3,27,16,0,46,0,0,0,46
09/29/2022,STX,VI,ASO,ES,Federal Contract Tower,6,15,3,0,24,0,26,7,0,33,6,41,10,0,57,0,0,0,57
09/30/2022,STX,VI,ASO,ES,Federal Contract Tower,6,12,2,1,21,0,29,14,0,43,6,41,16,1,64,0,0,0,64
10/01/2022,STX,VI,ASO,ES,Federal Contract Tower,8,4,3,0,15,0,15,7,0,22,8,19,10,0,37,0,0,0,37
10/02/2022,STX,VI,ASO,ES,Federal Contract Tower,6,5,1,2,14,0,11,6,0,17,6,16,7,2,31,0,0,0,31
10/03/2022,STX,VI,ASO,ES,Federal Contract Tower,6,17,1,6,30,0,24,21,2,47,6,41,22,8,77,6,0,6,83
10/04/2022,STX,VI,ASO,ES,Federal Contract Tower,6,15,1,4,26,0,14,20,0,34,6,29,21,4,60,0,0,0,60
10/05/2022,STX,VI,ASO,ES,Federal Contract Tower,6,8,2,2,18,0,19,18,0,37,6,27,20,2,55,0,0,0,55
10/06/2022,STX,VI,ASO,ES,Federal Contract Tower,5,17,0,1,23,0,32,21,2,55,5,49,21,3,78,0,0,0,78
10/07/2022,STX,VI,ASO,ES,Federal Contract Tower,6,14,2,3,25,0,33,10,0,43,6,47,12,3,68,0,0,0,68
10/08/2022,STX,VI,ASO,ES,Federal Contract Tower,8,6,0,2,16,0,19,10,0,29,8,25,10,2,45,0,0,0,45
10/09/2022,STX,VI,ASO,ES,Federal Contract Tower,6,6,1,1,14,0,17,14,0,31,6,23,15,1,45,0,0,0,45
10/10/2022,STX,VI,ASO,ES,Federal Contract Tower,6,10,0,3,19,0,40,13,0,53,6,50,13,3,72,0,0,0,72
10/11/2022,STX,VI,ASO,ES,Federal Contract Tower,6,13,0,0,19,0,27,27,0,54,6,40,27,0,73,6,0,6,79
10/12/2022,STX,VI,ASO,ES,Federal Contract Tower,6,18,0,2,26,0,20,17,1,38,6,38,17,3,64,4,0,4,68
10/13/2022,STX,VI,ASO,ES,Federal Contract Tower,5,18,1,0,24,0,25,18,0,43,5,43,19,0,67,8,0,8,75
10/14/2022,STX,VI,ASO,ES,Federal Contract Tower,7,19,1,0,27,0,21,13,2,36,7,40,14,2,63,0,0,0,63
10/15/2022,STX,VI,ASO,ES,Federal Contract Tower,8,7,1,0,16,0,17,5,0,22,8,24,6,0,38,0,0,0,38
10/16/2022,STX,VI,ASO,ES,Federal Contract Tower,6,8,1,0,15,0,14,4,0,18,6,22,5,0,33,0,0,0,33
10/17/2022,STX,VI,ASO,ES,Federal Contract Tower,6,17,1,0,24,0,28,11,0,39,6,45,12,0,63,6,0,6,69
10/18/2022,STX,VI,ASO,ES,Federal Contract Tower,6,14,3,0,23,0,25,20,0,45,6,39,23,0,68,2,0,2,70
10/19/2022,STX,VI,ASO,ES,Federal Contract Tower,6,12,1,0,19,0,19,13,0,32,6,31,14,0,51,0,0,0,51
10/20/2022,STX,VI,ASO,ES,Federal Contract Tower,6,17,1,0,24,0,33,15,0,48,6,50,16,0,72,2,0,2,74
10/21/2022,STX,VI,ASO,ES,Federal Contract Tower,6,12,2,0,20,0,25,11,1,37,6,37,13,1,57,0,0,0,57
10/22/2022,STX,VI,ASO,ES,Federal Contract Tower,8,3,1,0,12,0,18,19,2,39,8,21,20,2,51,0,0,0,51
10/23/2022,STX,VI,ASO,ES,Federal Contract Tower,6,5,2,0,13,0,24,9,0,33,6,29,11,0,46,0,0,0,46
10/24/2022,STX,VI,ASO,ES,Federal Contract Tower,6,12,0,0,18,0,27,8,0,35,6,39,8,0,53,0,0,0,53
10/25/2022,STX,VI,ASO,ES,Federal Contract Tower,6,10,0,1,17,0,23,25,1,49,6,33,25,2,66,6,0,6,72
10/26/2022,STX,VI,ASO,ES,Federal Contract Tower,6,24,0,2,32,0,11,9,0,20,6,35,9,2,52,0,0,0,52
10/27/2022,STX,VI,ASO,ES,Federal Contract Tower,6,19,4,2,31,0,25,14,0,39,6,44,18,2,70,0,0,0,70
10/28/2022,STX,VI,ASO,ES,Federal Contract Tower,6,13,0,3,22,0,26,15,0,41,6,39,15,3,63,18,0,18,81
10/29/2022,STX,VI,ASO,ES,Federal Contract Tower,8,8,0,3,19,0,19,8,0,27,8,27,8,3,46,18,0,18,64
10/30/2022,STX,VI,ASO,ES,Federal Contract Tower,6,7,3,4,20,0,16,5,0,21,6,23,8,4,41,0,0,0,41
10/31/2022,STX,VI,ASO,ES,Federal Contract Tower,6,19,4,3,32,0,20,11,0,31,6,39,15,3,63,4,0,4,67
11/01/2022,STX,VI,ASO,ES,Federal Contract Tower,6,12,6,3,27,0,19,10,0,29,6,31,16,3,56,0,0,0,56
11/02/2022,STX,VI,ASO,ES,Federal Contract Tower,6,15,4,4,29,0,21,17,0,38,6,36,21,4,67,10,0,10,77
11/03/2022,STX,VI,ASO,ES,Federal Contract Tower,5,19,2,1,27,0,24,15,0,39,5,43,17,1,66,20,0,20,86
11/04/2022,STX,VI,ASO,ES,Federal Contract Tower,4,14,7,3,28,0,20,8,2,30,4,34,15,5,58,0,0,0,58
11/05/2022,STX,VI,ASO,ES,Federal Contract Tower,8,4,16,0,28,0,1,2,0,3,8,5,18,0,31,2,0,2,33
11/06/2022,STX,VI,ASO,ES,Federal Contract Tower,4,9,3,1,17,0,18,14,0,32,4,27,17,1,49,0,0,0,49
11/07/2022,STX,VI,ASO,ES,Federal Contract Tower,4,19,3,0,26,0,22,13,0,35,4,41,16,0,61,6,0,6,67
11/08/2022,STX,VI,ASO,ES,Federal Contract Tower,4,15,5,0,24,0,12,11,0,23,4,27,16,0,47,6,0,6,53
11/09/2022,STX,VI,ASO,ES,Federal Contract Tower,4,14,7,0,25,0,32,11,0,43,4,46,18,0,68,0,0,0,68
11/10/2022,STX,VI,ASO,ES,Federal Contract Tower,4,17,3,1,25,0,40,13,0,53,4,57,16,1,78,0,0,0,78
11/11/2022,STX,VI,ASO,ES,Federal Contract Tower,4,11,2,1,18,0,27,19,0,46,4,38,21,1,64,0,0,0,64
11/12/2022,STX,VI,ASO,ES,Federal Contract Tower,8,7,0,0,15,0,19,4,0,23,8,26,4,0,38,0,0,0,38
11/13/2022,STX,VI,ASO,ES,Federal Contract Tower,4,7,0,2,13,0,15,4,0,19,4,22,4,2,32,6,0,6,38
11/14/2022,STX,VI,ASO,ES,Federal Contract Tower,4,19,2,0,25,0,20,6,0,26,4,39,8,0,51,10,0,10,61
11/15/2022,STX,VI,ASO,ES,Federal Contract Tower,4,16,6,0,26,0,25,25,0,50,4,41,31,0,76,10,0,10,86
11/16/2022,STX,VI,ASO,ES,Federal Contract Tower,4,17,4,0,25,0,19,23,0,42,4,36,27,0,67,0,0,0,67
11/17/2022,STX,VI,ASO,ES,Federal Contract Tower,4,17,6,0,27,0,27,16,0,43,4,44,22,0,70,0,0,0,70
11/18/2022,STX,VI,ASO,ES,Federal Contract Tower,4,15,4,0,23,0,21,14,2,37,4,36,18,2,60,6,0,6,66
11/19/2022,STX,VI,ASO,ES,Federal Contract Tower,8,7,3,4,22,0,28,12,10,50,8,35,15,14,72,0,0,0,72
11/20/2022,STX,VI,ASO,ES,Federal Contract Tower,4,10,2,0,16,0,11,6,1,18,4,21,8,1,34,0,0,0,34
11/21/2022,STX,VI,ASO,ES,Federal Contract Tower,4,15,6,2,27,0,25,12,0,37,4,40,18,2,64,4,0,4,68
11/22/2022,STX,VI,ASO,ES,Federal Contract Tower,4,14,3,1,22,0,18,8,2,28,4,32,11,3,50,4,0,4,54
11/23/2022,STX,VI,ASO,ES,Federal Contract Tower,4,16,1,0,21,0,28,19,0,47,4,44,20,0,68,0,0,0,68
11/24/2022,STX,VI,ASO,ES,Federal Contract Tower,2,9,2,0,13,0,17,5,0,22,2,26,7,0,35,4,0,4,39
11/25/2022,STX,VI,ASO,ES,Federal Contract Tower,4,11,0,0,15,0,16,5,0,21,4,27,5,0,36,0,0,0,36
11/26/2022,STX,VI,ASO,ES,Federal Contract Tower,8,7,0,0,15,0,16,6,0,22,8,23,6,0,37,0,0,0,37
11/27/2022,STX,VI,ASO,ES,Federal Contract Tower,4,11,3,0,18,0,19,5,0,24,4,30,8,0,42,0,0,0,42
11/28/2022,STX,VI,ASO,ES,Federal Contract Tower,4,15,5,0,24,0,23,12,0,35,4,38,17,0,59,8,0,8,67
11/29/2022,STX,VI,ASO,ES,Federal Contract Tower,4,14,4,0,22,0,20,16,0,36,4,34,20,0,58,0,0,0,58
11/30/2022,STX,VI,ASO,ES,Federal Contract Tower,4,21,4,0,29,0,23,13,0,36,4,44,17,0,65,0,0,0,65
12/01/2022,STX,VI,ASO,ES,Federal Contract Tower,4,17,2,0,23,0,27,19,0,46,4,44,21,0,69,0,0,0,69
12/02/2022,STX,VI,ASO,ES,Federal Contract Tower,4,16,2,1,23,0,25,14,1,40,4,41,16,2,63,6,0,6,69
12/03/2022,STX,VI,ASO,ES,Federal Contract Tower,8,6,3,0,17,0,15,5,0,20,8,21,8,0,37,0,0,0,37
12/04/2022,STX,VI,ASO,ES,Federal Contract Tower,4,9,2,0,15,0,12,8,0,20,4,21,10,0,35,0,0,0,35
12/05/2022,STX,VI,ASO,ES,Federal Contract Tower,4,21,2,1,28,0,25,9,1,35,4,46,11,2,63,6,0,6,69
12/06/2022,STX,VI,ASO,ES,Federal Contract Tower,4,13,7,4,28,0,11,13,0,24,4,24,20,4,52,0,0,0,52
12/07/2022,STX,VI,ASO,ES,Federal Contract Tower,4,15,4,3,26,0,26,21,1,48,4,41,25,4,74,0,0,0,74
12/08/2022,STX,VI,ASO,ES,Federal Contract Tower,4,23,0,0,27,0,24,26,2,52,4,47,26,2,79,0,0,0,79
12/09/2022,STX,VI,ASO,ES,Federal Contract Tower,4,16,1,2,23,0,31,32,2,65,4,47,33,4,88,0,0,0,88
12/11/2022,STX,VI,ASO,ES,Federal Contract Tower,4,10,1,2,17,0,20,5,1,26,4,30,6,3,43,0,0,0,43
12/12/2022,STX,VI,ASO,ES,Federal Contract Tower,4,20,2,2,28,0,27,25,2,54,4,47,27,4,82,0,0,0,82
12/13/2022,STX,VI,ASO,ES,Federal Contract Tower,4,16,2,0,22,0,23,28,0,51,4,39,30,0,73,0,0,0,73
12/14/2022,STX,VI,ASO,ES,Federal Contract Tower,4,15,1,1,21,0,28,18,1,47,4,43,19,2,68,10,0,10,78
12/15/2022,STX,VI,ASO,ES,Federal Contract Tower,6,22,2,0,30,0,44,26,0,70,6,66,28,0,100,2,0,2,102
12/16/2022,STX,VI,ASO,ES,Federal Contract Tower,6,18,1,0,25,0,30,8,1,39,6,48,9,1,64,0,0,0,64
12/17/2022,STX,VI,ASO,ES,Federal Contract Tower,8,8,0,1,17,0,28,8,0,36,8,36,8,1,53,0,0,0,53
12/18/2022,STX,VI,ASO,ES,Federal Contract Tower,8,11,3,2,24,0,20,8,2,30,8,31,11,4,54,0,0,0,54
12/19/2022,STX,VI,ASO,ES,Federal Contract Tower,8,20,3,5,36,0,33,16,0,49,8,53,19,5,85,0,0,0,85
12/20/2022,STX,VI,ASO,ES,Federal Contract Tower,8,15,0,0,23,0,29,27,1,57,8,44,27,1,80,0,0,0,80
12/21/2022,STX,VI,ASO,ES,Federal Contract Tower,8,16,4,1,29,0,21,18,0,39,8,37,22,1,68,0,0,0,68
12/22/2022,STX,VI,ASO,ES,Federal Contract Tower,6,21,2,12,41,0,34,16,0,50,6,55,18,12,91,0,0,0,91
12/23/2022,STX,VI,ASO,ES,Federal Contract Tower,8,10,1,8,27,0,29,25,0,54,8,39,26,8,81,0,0,0,81
12/24/2022,STX,VI,ASO,ES,Federal Contract Tower,6,7,3,2,18,0,12,9,10,31,6,19,12,12,49,0,0,0,49
12/25/2022,STX,VI,ASO,ES,Federal Contract Tower,8,7,0,0,15,0,11,8,2,21,8,18,8,2,36,0,0,0,36
12/26/2022,STX,VI,ASO,ES,Federal Contract Tower,6,11,4,6,27,0,30,14,8,52,6,41,18,14,79,0,0,0,79
12/27/2022,STX,VI,ASO,ES,Federal Contract Tower,8,18,3,2,31,0,20,7,0,27,8,38,10,2,58,0,0,0,58
12/28/2022,STX,VI,ASO,ES,Federal Contract Tower,8,31,2,0,41,0,0,2,0,2,8,31,4,0,43,0,0,0,43
12/29/2022,STX,VI,ASO,ES,Federal Contract Tower,8,33,3,2,46,0,1,1,2,4,8,34,4,4,50,0,0,0,50
12/30/2022,STX,VI,ASO,ES,Federal Contract Tower,8,32,4,0,44,0,0,2,0,2,8,32,6,0,46,0,2,2,48
12/31/2022,STX,VI,ASO,ES,Federal Contract Tower,6,24,1,0,31,0,0,2,1,3,6,24,3,1,34,0,0,0,34
01/01/2023,STX,VI,ASO,ES,Federal Contract Tower,6,19,3,2,30,0,0,5,2,7,6,19,8,4,37,0,0,0,37
01/02/2023,STX,VI,ASO,ES,Federal Contract Tower,8,21,4,8,41,0,9,8,6,23,8,30,12,14,64,0,0,0,64
01/03/2023,STX,VI,ASO,ES,Federal Contract Tower,8,15,6,5,34,0,28,37,2,67,8,43,43,7,101,0,0,0,101
01/04/2023,STX,VI,ASO,ES,Federal Contract Tower,8,20,3,0,31,0,33,41,0,74,8,53,44,0,105,0,0,0,105
01/05/2023,STX,VI,ASO,ES,Federal Contract Tower,8,19,1,3,31,0,32,22,0,54,8,51,23,3,85,0,0,0,85
01/06/2023,STX,VI,ASO,ES,Federal Contract Tower,8,12,2,4,26,0,30,6,2,38,8,42,8,6,64,0,0,0,64
01/07/2023,STX,VI,ASO,ES,Federal Contract Tower,8,8,3,3,22,0,22,9,1,32,8,30,12,4,54,0,0,0,54
01/08/2023,STX,VI,ASO,ES,Federal Contract Tower,8,13,6,5,32,0,28,43,1,72,8,41,49,6,104,0,0,0,104
01/09/2023,STX,VI,ASO,ES,Federal Contract Tower,8,20,3,1,32,0,38,27,1,66,8,58,30,2,98,0,0,0,98
01/10/2023,STX,VI,ASO,ES,Federal Contract Tower,2,14,5,1,22,0,28,38,1,67,2,42,43,2,89,8,2,10,99
01/11/2023,STX,VI,ASO,ES,Federal Contract Tower,4,15,1,1,21,0,28,30,0,58,4,43,31,1,79,0,0,0,79
01/12/2023,STX,VI,ASO,ES,Federal Contract Tower,6,17,3,1,27,0,0,0,0,0,6,17,3,1,27,0,0,0,27
01/13/2023,STX,VI,ASO,ES,Federal Contract Tower,4,17,0,0,21,0,24,16,1,41,4,41,16,1,62,0,0,0,62
01/14/2023,STX,VI,ASO,ES,Federal Contract Tower,7,6,1,1,15,0,24,11,1,36,7,30,12,2,51,0,0,0,51
01/15/2023,STX,VI,ASO,ES,Federal Contract Tower,4,14,5,0,23,0,13,8,0,21,4,27,13,0,44,4,0,4,48
01/16/2023,STX,VI,ASO,ES,Federal Contract Tower,6,20,6,3,35,0,20,11,0,31,6,40,17,3,66,0,0,0,66
01/17/2023,STX,VI,ASO,ES,Federal Contract Tower,2,12,5,0,19,0,30,27,0,57,2,42,32,0,76,0,0,0,76
01/18/2023,STX,VI,ASO,ES,Federal Contract Tower,4,14,4,0,22,0,18,12,0,30,4,32,16,0,52,0,0,0,52
01/19/2023,STX,VI,ASO,ES,Federal Contract Tower,6,18,2,1,27,0,22,11,1,34,6,40,13,2,61,0,0,0,61
01/20/2023,STX,VI,ASO,ES,Federal Contract Tower,4,17,0,3,24,0,17,11,2,30,4,34,11,5,54,0,0,0,54
01/21/2023,STX,VI,ASO,ES,Federal Contract Tower,8,8,3,1,20,0,14,8,2,24,8,22,11,3,44,0,0,0,44
01/22/2023,STX,VI,ASO,ES,Federal Contract Tower,4,12,2,0,18,0,20,6,1,27,4,32,8,1,45,0,0,0,45
01/23/2023,STX,VI,ASO,ES,Federal Contract Tower,6,18,3,3,30,0,22,8,0,30,6,40,11,3,60,0,0,0,60
01/24/2023,STX,VI,ASO,ES,Federal Contract Tower,2,20,1,5,28,0,18,23,0,41,2,38,24,5,69,0,0,0,69
01/25/2023,STX,VI,ASO,ES,Federal Contract Tower,4,19,0,4,27,0,20,21,0,41,4,39,21,4,68,0,8,8,76
01/26/2023,STX,VI,ASO,ES,Federal Contract Tower,6,18,6,3,33,0,23,8,0,31,6,41,14,3,64,0,0,0,64
01/27/2023,STX,VI,ASO,ES,Federal Contract Tower,4,18,6,4,32,0,18,17,0,35,4,36,23,4,67,0,0,0,67
01/28/2023,STX,VI,ASO,ES,Federal Contract Tower,8,7,6,1,22,0,12,16,0,28,8,19,22,1,50,0,0,0,50
01/29/2023,STX,VI,ASO,ES,Federal Contract Tower,4,9,0,3,16,0,10,7,0,17,4,19,7,3,33,0,0,0,33
01/30/2023,STX,VI,ASO,ES,Federal Contract Tower,6,19,5,1,31,0,22,10,0,32,6,41,15,1,63,0,0,0,63
01/31/2023,STX,VI,ASO,ES,Federal Contract Tower,2,14,2,2,20,0,23,18,0,41,2,37,20,2,61,0,0,0,61
02/01/2023,STX,VI,ASO,ES,Federal Contract Tower,4,22,0,0,26,0,21,22,0,43,4,43,22,0,69,0,0,0,69
02/02/2023,STX,VI,ASO,ES,Federal Contract Tower,6,21,9,1,37,0,24,14,1,39,6,45,23,2,76,0,0,0,76
02/03/2023,STX,VI,ASO,ES,Federal Contract Tower,6,18,2,0,26,0,20,10,2,32,6,38,12,2,58,0,0,0,58
02/04/2023,STX,VI,ASO,ES,Federal Contract Tower,10,7,1,1,19,0,12,0,2,14,10,19,1,3,33,0,0,0,33
02/05/2023,STX,VI,ASO,ES,Federal Contract Tower,5,10,4,0,19,0,15,5,1,21,5,25,9,1,40,0,0,0,40
02/06/2023,STX,VI,ASO,ES,Federal Contract Tower,9,21,2,1,33,0,24,13,1,38,9,45,15,2,71,0,0,0,71
02/07/2023,STX,VI,ASO,ES,Federal Contract Tower,4,17,2,1,24,0,23,13,1,37,4,40,15,2,61,0,0,0,61
02/08/2023,STX,VI,ASO,ES,Federal Contract Tower,8,14,1,0,23,0,18,17,0,35,8,32,18,0,58,0,0,0,58
02/09/2023,STX,VI,ASO,ES,Federal Contract Tower,8,20,4,0,32,0,27,20,1,48,8,47,24,1,80,0,0,0,80
02/10/2023,STX,VI,ASO,ES,Federal Contract Tower,6,14,1,0,21,0,23,12,2,37,6,37,13,2,58,0,0,0,58
02/11/2023,STX,VI,ASO,ES,Federal Contract Tower,10,9,4,0,23,0,16,7,1,24,10,25,11,1,47,0,0,0,47
02/12/2023,STX,VI,ASO,ES,Federal Contract Tower,6,13,1,0,20,0,20,11,0,31,6,33,12,0,51,0,0,0,51
02/13/2023,STX,VI,ASO,ES,Federal Contract Tower,8,20,2,1,31,0,27,17,1,45,8,47,19,2,76,0,0,0,76
02/14/2023,STX,VI,ASO,ES,Federal Contract Tower,6,14,4,0,24,0,22,19,1,42,6,36,23,1,66,0,0,0,66
02/15/2023,STX,VI,ASO,ES,Federal Contract Tower,8,16,4,1,29,0,20,19,0,39,8,36,23,1,68,0,0,0,68
02/16/2023,STX,VI,ASO,ES,Federal Contract Tower,8,18,3,0,29,0,30,18,0,48,8,48,21,0,77,0,0,0,77
02/17/2023,STX,VI,ASO,ES,Federal Contract Tower,6,19,0,0,25,0,39,29,0,68,6,58,29,0,93,0,0,0,93
02/18/2023,STX,VI,ASO,ES,Federal Contract Tower,10,8,5,0,23,0,20,18,0,38,10,28,23,0,61,2,0,2,63
02/19/2023,STX,VI,ASO,ES,Federal Contract Tower,6,13,2,0,21,0,17,23,0,40,6,30,25,0,61,0,0,0,61
02/20/2023,STX,VI,ASO,ES,Federal Contract Tower,8,13,1,0,22,0,30,38,0,68,8,43,39,0,90,0,0,0,90
02/21/2023,STX,VI,ASO,ES,Federal Contract Tower,6,16,1,0,23,0,22,20,1,43,6,38,21,1,66,2,0,2,68
02/22/2023,STX,VI,ASO,ES,Federal Contract Tower,8,14,0,2,24,0,23,6,0,29,8,37,6,2,53,0,0,0,53
02/23/2023,STX,VI,ASO,ES,Federal Contract Tower,8,21,2,6,37,0,33,12,0,45,8,54,14,6,82,0,0,0,82
02/24/2023,STX,VI,ASO,ES,Federal Contract Tower,6,16,2,15,39,0,26,18,4,48,6,42,20,19,87,0,0,0,87
02/25/2023,STX,VI,ASO,ES,Federal Contract Tower,10,7,1,5,23,0,16,2,3,21,10,23,3,8,44,0,0,0,44
02/26/2023,STX,VI,ASO,ES,Federal Contract Tower,6,10,0,1,17,0,17,12,1,30,6,27,12,2,47,0,0,0,47
02/27/2023,STX,VI,ASO,ES,Federal Contract Tower,8,19,1,2,30,0,28,10,0,38,8,47,11,2,68,0,0,0,68
02/28/2023,STX,VI,ASO,ES,Federal Contract Tower,6,11,2,1,20,0,22,10,1,33,6,33,12,2,53,0,0,0,53
03/01/2023,STX,VI,ASO,ES,Federal Contract Tower,7,14,1,2,24,0,21,20,1,42,7,35,21,3,66,8,0,8,74
03/02/2023,STX,VI,ASO,ES,Federal Contract Tower,8,15,0,0,23,0,31,14,0,45,8,46,14,0,68,0,0,0,68
03/03/2023,STX,VI,ASO,ES,Federal Contract Tower,6,15,1,0,22,0,23,12,0,35,6,38,13,0,57,8,0,8,65
03/04/2023,STX,VI,ASO,ES,Federal Contract Tower,10,7,2,0,19,0,17,6,0,23,10,24,8,0,42,0,0,0,42
03/05/2023,STX,VI,ASO,ES,Federal Contract Tower,6,10,3,2,21,0,23,10,0,33,6,33,13,2,54,0,0,0,54
03/06/2023,STX,VI,ASO,ES,Federal Contract Tower,8,17,1,0,26,0,30,13,0,43,8,47,14,0,69,0,0,0,69
03/07/2023,STX,VI,ASO,ES,Federal Contract Tower,6,11,4,0,21,0,23,12,0,35,6,34,16,0,56,12,0,12,68
03/08/2023,STX,VI,ASO,ES,Federal Contract Tower,8,15,3,0,26,0,22,8,0,30,8,37,11,0,56,0,0,0,56
03/09/2023,STX,VI,ASO,ES,Federal Contract Tower,8,15,4,0,27,0,24,20,0,44,8,39,24,0,71,0,0,0,71
03/10/2023,STX,VI,ASO,ES,Federal Contract Tower,8,13,6,0,27,0,27,12,0,39,8,40,18,0,66,0,0,0,66
03/11/2023,STX,VI,ASO,ES,Federal Contract Tower,10,8,3,1,22,0,16,25,0,41,10,24,28,1,63,0,0,0,63
03/12/2023,STX,VI,ASO,ES,Federal Contract Tower,8,11,2,2,23,0,15,22,0,37,8,26,24,2,60,0,0,0,60
03/13/2023,STX,VI,ASO,ES,Federal Contract Tower,6,18,3,3,30,0,23,18,0,41,6,41,21,3,71,0,0,0,71
03/14/2023,STX,VI,ASO,ES,Federal Contract Tower,8,10,2,0,20,0,24,12,0,36,8,34,14,0,56,0,0,0,56
03/15/2023,STX,VI,ASO,ES,Federal Contract Tower,6,16,0,0,22,0,12,19,0,31,6,28,19,0,53,0,0,0,53
03/16/2023,STX,VI,ASO,ES,Federal Contract Tower,8,18,0,2,28,0,28,17,1,46,8,46,17,3,74,0,0,0,74
03/17/2023,STX,VI,ASO,ES,Federal Contract Tower,8,16,2,4,30,0,20,18,2,40,8,36,20,6,70,0,0,0,70
03/18/2023,STX,VI,ASO,ES,Federal Contract Tower,10,6,2,2,20,0,16,5,0,21,10,22,7,2,41,0,0,0,41
03/19/2023,STX,VI,ASO,ES,Federal Contract Tower,8,8,0,0,16,0,11,10,0,21,8,19,10,0,37,0,0,0,37
03/20/2023,STX,VI,ASO,ES,Federal Contract Tower,6,18,4,2,30,0,22,12,0,34,6,40,16,2,64,0,0,0,64
03/21/2023,STX,VI,ASO,ES,Federal Contract Tower,8,14,3,2,27,0,21,27,2,50,8,35,30,4,77,2,0,2,79
03/22/2023,STX,VI,ASO,ES,Federal Contract Tower,6,21,4,3,34,0,20,16,1,37,6,41,20,4,71,0,0,0,71
03/23/2023,STX,VI,ASO,ES,Federal Contract Tower,8,20,2,4,34,0,23,21,2,46,8,43,23,6,80,0,0,0,80
03/24/2023,STX,VI,ASO,ES,Federal Contract Tower,8,14,0,5,27,0,23,15,3,41,8,37,15,8,68,0,0,0,68
03/25/2023,STX,VI,ASO,ES,Federal Contract Tower,10,9,3,5,27,0,14,11,3,28,10,23,14,8,55,0,0,0,55
03/26/2023,STX,VI,ASO,ES,Federal Contract Tower,8,8,5,4,25,0,16,19,2,37,8,24,24,6,62,6,0,6,68
03/27/2023,STX,VI,ASO,ES,Federal Contract Tower,6,16,3,2,27,0,20,13,0,33,6,36,16,2,60,0,0,0,60
03/28/2023,STX,VI,ASO,ES,Federal Contract Tower,8,14,2,0,24,0,19,16,1,36,8,33,18,1,60,0,0,0,60
03/29/2023,STX,VI,ASO,ES,Federal Contract Tower,6,14,1,0,21,0,10,20,2,32,6,24,21,2,53,0,0,0,53
03/30/2023,STX,VI,ASO,ES,Federal Contract Tower,8,17,4,0,29,0,31,9,1,41,8,48,13,1,70,8,0,8,78
04/01/2023,STX,VI,ASO,ES,Federal Contract Tower,10,9,4,0,23,0,16,4,0,20,10,25,8,0,43,0,0,0,43
04/02/2023,STX,VI,ASO,ES,Federal Contract Tower,8,10,5,0,23,0,16,12,0,28,8,26,17,0,51,0,0,0,51
04/03/2023,STX,VI,ASO,ES,Federal Contract Tower,7,18,4,0,29,0,21,6,0,27,7,39,10,0,56,0,0,0,56
04/04/2023,STX,VI,ASO,ES,Federal Contract Tower,8,14,3,0,25,0,18,14,0,32,8,32,17,0,57,0,0,0,57
04/05/2023,STX,VI,ASO,ES,Federal Contract Tower,6,21,1,0,28,0,12,14,0,26,6,33,15,0,54,0,0,0,54
04/06/2023,STX,VI,ASO,ES,Federal Contract Tower,8,22,5,4,39,0,15,4,1,20,8,37,9,5,59,0,0,0,59
04/07/2023,STX,VI,ASO,ES,Federal Contract Tower,8,10,4,2,24,0,21,2,1,24,8,31,6,3,48,4,0,4,52
04/08/2023,STX,VI,ASO,ES,Federal Contract Tower,9,8,2,2,21,0,12,0,0,12,9,20,2,2,33,0,0,0,33
04/09/2023,STX,VI,ASO,ES,Federal Contract Tower,10,8,2,0,20,0,14,1,1,16,10,22,3,1,36,0,0,0,36
04/10/2023,STX,VI,ASO,ES,Federal Contract Tower,6,14,6,1,27,0,23,2,0,25,6,37,8,1,52,0,0,0,52
04/11/2023,STX,VI,ASO,ES,Federal Contract Tower,6,16,5,1,28,0,18,17,0,35,6,34,22,1,63,0,0,0,63
04/12/2023,STX,VI,ASO,ES,Federal Contract Tower,5,14,1,0,20,0,24,15,0,39,5,38,16,0,59,0,0,0,59
04/13/2023,STX,VI,ASO,ES,Federal Contract Tower,4,20,4,0,28,0,23,6,5,34,4,43,10,5,62,0,0,0,62
04/14/2023,STX,VI,ASO,ES,Federal Contract Tower,4,23,0,0,27,0,20,16,1,37,4,43,16,1,64,0,0,0,64
04/15/2023,STX,VI,ASO,ES,Federal Contract Tower,9,9,3,0,21,0,17,4,0,21,9,26,7,0,42,0,0,0,42
04/16/2023,STX,VI,ASO,ES,Federal Contract Tower,5,12,0,0,17,0,18,6,1,25,5,30,6,1,42,4,0,4,46
04/17/2023,STX,VI,ASO,ES,Federal Contract Tower,6,18,0,1,25,0,27,13,0,40,6,45,13,1,65,0,0,0,65
04/18/2023,STX,VI,ASO,ES,Federal Contract Tower,6,16,4,0,26,0,19,16,0,35,6,35,20,0,61,0,0,0,61
04/19/2023,STX,VI,ASO,ES,Federal Contract Tower,6,20,2,0,28,0,16,21,0,37,6,36,23,0,65,0,0,0,65
04/20/2023,STX,VI,ASO,ES,Federal Contract Tower,6,17,1,0,24,0,25,16,0,41,6,42,17,0,65,0,0,0,65
04/21/2023,STX,VI,ASO,ES,Federal Contract Tower,6,18,2,2,28,0,24,12,1,37,6,42,14,3,65,0,0,0,65
04/22/2023,STX,VI,ASO,ES,Federal Contract Tower,10,8,0,0,18,0,16,7,0,23,10,24,7,0,41,10,0,10,51
04/23/2023,STX,VI,ASO,ES,Federal Contract Tower,8,12,2,1,23,0,19,9,0,28,8,31,11,1,51,0,0,0,51
04/24/2023,STX,VI,ASO,ES,Federal Contract Tower,6,20,2,3,31,0,24,23,3,50,6,44,25,6,81,0,0,0,81
04/25/2023,STX,VI,ASO,ES,Federal Contract Tower,6,16,2,5,29,0,24,29,1,54,6,40,31,6,83,0,0,0,83
04/26/2023,STX,VI,ASO,ES,Federal Contract Tower,5,15,1,1,22,0,35,21,0,56,5,50,22,1,78,6,0,6,84
04/27/2023,STX,VI,ASO,ES,Federal Contract Tower,6,20,3,1,30,0,24,16,1,41,6,44,19,2,71,0,20,20,91
04/28/2023,STX,VI,ASO,ES,Federal Contract Tower,3,17,1,0,21,0,16,22,0,38,3,33,23,0,59,6,0,6,65
04/29/2023,STX,VI,ASO,ES,Federal Contract Tower,13,7,7,0,27,0,16,20,1,37,13,23,27,1,64,0,30,30,94
04/30/2023,STX,VI,ASO,ES,Federal Contract Tower,6,9,5,1,21,0,24,19,0,43,6,33,24,1,64,0,4,4,68
05/01/2023,STX,VI,ASO,ES,Federal Contract Tower,6,21,4,3,34,0,33,42,0,75,6,54,46,3,109,10,0,10,119
05/02/2023,STX,VI,ASO,ES,Federal Contract Tower,6,13,3,1,23,0,26,31,1,58,6,39,34,2,81,0,12,12,93
05/03/2023,STX,VI,ASO,ES,Federal Contract Tower,6,14,4,1,25,0,23,19,0,42,6,37,23,1,67,0,0,0,67
05/04/2023,STX,VI,ASO,ES,Federal Contract Tower,6,19,1,4,30,0,21,28,0,49,6,40,29,4,79,2,0,2,81
05/05/2023,STX,VI,ASO,ES,Federal Contract Tower,6,13,3,2,24,0,19,27,1,47,6,32,30,3,71,0,0,0,71
05/06/2023,STX,VI,ASO,ES,Federal Contract Tower,10,9,0,0,19,0,14,18,0,32,10,23,18,0,51,0,0,0,51
05/07/2023,STX,VI,ASO,ES,Federal Contract Tower,6,10,2,0,18,0,18,26,0,44,6,28,28,0,62,0,0,0,62
05/08/2023,STX,VI,ASO,ES,Federal Contract Tower,6,24,1,0,31,0,18,26,0,44,6,42,27,0,75,0,0,0,75
05/09/2023,STX,VI,ASO,ES,Federal Contract Tower,6,19,1,0,26,0,18,21,0,39,6,37,22,0,65,0,0,0,65
05/10/2023,STX,VI,ASO,ES,Federal Contract Tower,5,25,0,0,30,0,19,23,0,42,5,44,23,0,72,0,0,0,72
05/11/2023,STX,VI,ASO,ES,Federal Contract Tower,6,20,0,0,26,0,19,28,0,47,6,39,28,0,73,0,0,0,73
05/12/2023,STX,VI,ASO,ES,Federal Contract Tower,6,13,1,0,20,0,21,35,1,57,6,34,36,1,77,0,0,0,77
05/13/2023,STX,VI,ASO,ES,Federal Contract Tower,10,9,0,0,19,0,14,18,1,33,10,23,18,1,52,0,0,0,52
05/14/2023,STX,VI,ASO,ES,Federal Contract Tower,6,10,0,0,16,0,15,20,0,35,6,25,20,0,51,0,0,0,51
05/15/2023,STX,VI,ASO,ES,Federal Contract Tower,5,23,0,2,30,0,16,24,0,40,5,39,24,2,70,0,0,0,70
05/16/2023,STX,VI,ASO,ES,Federal Contract Tower,6,16,2,0,24,0,14,26,0,40,6,30,28,0,64,0,0,0,64
05/17/2023,STX,VI,ASO,ES,Federal Contract Tower,6,17,3,3,29,0,14,21,0,35,6,31,24,3,64,6,0,6,70
05/18/2023,STX,VI,ASO,ES,Federal Contract Tower,6,18,2,1,27,0,16,23,0,39,6,34,25,1,66,0,0,0,66
05/19/2023,STX,VI,ASO,ES,Federal Contract Tower,6,15,2,4,27,0,17,28,0,45,6,32,30,4,72,0,0,0,72
05/20/2023,STX,VI,ASO,ES,Federal Contract Tower,10,10,2,3,25,0,15,19,1,35,10,25,21,4,60,0,0,0,60
05/21/2023,STX,VI,ASO,ES,Federal Contract Tower,6,11,3,2,22,0,19,28,0,47,6,30,31,2,69,0,0,0,69
05/22/2023,STX,VI,ASO,ES,Federal Contract Tower,6,23,7,0,36,0,14,25,0,39,6,37,32,0,75,0,0,0,75
05/23/2023,STX,VI,ASO,ES,Federal Contract Tower,6,18,3,0,27,0,15,19,0,34,6,33,22,0,61,0,0,0,61
05/24/2023,STX,VI,ASO,ES,Federal Contract Tower,6,19,4,0,29,0,20,29,0,49,6,39,33,0,78,0,0,0,78
05/25/2023,STX,VI,ASO,ES,Federal Contract Tower,5,17,4,0,26,0,19,37,2,58,5,36,41,2,84,0,0,0,84
05/26/2023,STX,VI,ASO,ES,Federal Contract Tower,5,13,3,0,21,0,27,32,1,60,5,40,35,1,81,0,0,0,81
05/27/2023,STX,VI,ASO,ES,Federal Contract Tower,10,8,2,1,21,0,14,23,0,37,10,22,25,1,58,0,0,0,58
05/28/2023,STX,VI,ASO,ES,Federal Contract Tower,6,11,2,0,19,0,14,21,0,35,6,25,23,0,54,0,0,0,54
05/29/2023,STX,VI,ASO,ES,Federal Contract Tower,6,16,1,0,23,0,13,25,0,38,6,29,26,0,61,0,0,0,61
05/30/2023,STX,VI,ASO,ES,Federal Contract Tower,6,19,2,0,27,0,19,29,0,48,6,38,31,0,75,0,0,0,75
05/31/2023,STX,VI,ASO,ES,Federal Contract Tower,6,22,4,0,32,0,13,34,0,47,6,35,38,0,79,0,0,0,79
06/01/2023,STX,VI,ASO,ES,Federal Contract Tower,6,19,3,0,28,0,14,25,0,39,6,33,28,0,67,0,0,0,67
06/02/2023,STX,VI,ASO,ES,Federal Contract Tower,6,16,1,1,24,0,16,24,0,40,6,32,25,1,64,0,0,0,64
06/03/2023,STX,VI,ASO,ES,Federal Contract Tower,10,9,3,0,22,0,16,27,0,43,10,25,30,0,65,0,0,0,65
06/04/2023,STX,VI,ASO,ES,Federal Contract Tower,6,9,1,0,16,0,16,18,0,34,6,25,19,0,50,0,0,0,50
06/05/2023,STX,VI,ASO,ES,Federal Contract Tower,6,27,1,0,34,0,14,24,2,40,6,41,25,2,74,9,0,9,83
06/06/2023,STX,VI,ASO,ES,Federal Contract Tower,6,22,5,0,33,0,18,27,0,45,6,40,32,0,78,0,0,0,78
06/07/2023,STX,VI,ASO,ES,Federal Contract Tower,6,20,6,0,32,0,14,22,0,36,6,34,28,0,68,4,0,4,72
06/08/2023,STX,VI,ASO,ES,Federal Contract Tower,6,22,2,0,30,0,17,31,0,48,6,39,33,0,78,0,0,0,78
06/09/2023,STX,VI,ASO,ES,Federal Contract Tower,6,17,0,2,25,0,31,25,1,57,6,48,25,3,82,0,0,0,82
06/10/2023,STX,VI,ASO,ES,Federal Contract Tower,10,8,3,2,23,0,14,21,3,38,10,22,24,5,61,4,0,4,65
06/11/2023,STX,VI,ASO,ES,Federal Contract Tower,6,13,0,2,21,0,24,22,0,46,6,37,22,2,67,0,0,0,67
06/12/2023,STX,VI,ASO,ES,Federal Contract Tower,6,23,2,0,31,0,15,27,0,42,6,38,29,0,73,0,0,0,73
06/13/2023,STX,VI,ASO,ES,Federal Contract Tower,6,18,4,4,32,0,33,25,0,58,6,51,29,4,90,2,0,2,92
06/14/2023,STX,VI,ASO,ES,Federal Contract Tower,6,18,3,0,27,0,14,28,0,42,6,32,31,0,69,0,0,0,69
06/15/2023,STX,VI,ASO,ES,Federal Contract Tower,6,26,1,3,36,0,23,36,1,60,6,49,37,4,96,0,0,0,96
06/16/2023,STX,VI,ASO,ES,Federal Contract Tower,6,17,0,0,23,0,27,32,1,60,6,44,32,1,83,0,0,0,83
06/17/2023,STX,VI,ASO,ES,Federal Contract Tower,10,9,0,0,19,0,14,20,1,35,10,23,20,1,54,0,0,0,54
06/18/2023,STX,VI,ASO,ES,Federal Contract Tower,6,7,0,0,13,0,16,24,0,40,6,23,24,0,53,0,0,0,53
06/19/2023,STX,VI,ASO,ES,Federal Contract Tower,5,12,3,1,21,0,17,45,0,62,5,29,48,1,83,20,0,20,103
06/20/2023,STX,VI,ASO,ES,Federal Contract Tower,6,10,3,5,24,0,22,38,0,60,6,32,41,5,84,0,0,0,84
06/21/2023,STX,VI,ASO,ES,Federal Contract Tower,6,14,5,4,29,0,21,30,2,53,6,35,35,6,82,0,0,0,82
06/22/2023,STX,VI,ASO,ES,Federal Contract Tower,6,16,7,5,34,0,24,30,1,55,6,40,37,6,89,0,0,0,89
06/23/2023,STX,VI,ASO,ES,Federal Contract Tower,0,0,0,0,0,0,20,29,1,50,0,20,29,1,50,0,0,0,50
06/24/2023,STX,VI,ASO,ES,Federal Contract Tower,11,6,2,1,20,0,12,20,2,34,11,18,22,3,54,0,0,0,54
06/25/2023,STX,VI,ASO,ES,Federal Contract Tower,6,11,0,1,18,0,13,28,1,42,6,24,28,2,60,0,0,0,60
06/26/2023,STX,VI,ASO,ES,Federal Contract Tower,6,22,5,2,35,0,18,27,0,45,6,40,32,2,80,1,0,1,81
06/27/2023,STX,VI,ASO,ES,Federal Contract Tower,6,15,3,0,24,0,28,36,0,64,6,43,39,0,88,8,0,8,96
06/28/2023,STX,VI,ASO,ES,Federal Contract Tower,6,15,5,0,26,0,18,33,1,52,6,33,38,1,78,0,0,0,78
06/29/2023,STX,VI,ASO,ES,Federal Contract Tower,6,26,20,1,53,0,9,12,0,21,6,35,32,1,74,0,0,0,74
06/30/2023,STX,VI,ASO,ES,Federal Contract Tower,7,15,2,5,29,0,24,44,0,68,7,39,46,5,97,0,0,0,97
07/01/2023,STX,VI,ASO,ES,Federal Contract Tower,10,8,0,0,18,0,14,26,0,40,10,22,26,0,58,0,0,0,58
07/02/2023,STX,VI,ASO,ES,Federal Contract Tower,6,9,3,0,18,0,13,18,0,31,6,22,21,0,49,0,0,0,49
07/03/2023,STX,VI,ASO,ES,Federal Contract Tower,6,21,0,0,27,0,24,23,0,47,6,45,23,0,74,12,0,12,86
07/04/2023,STX,VI,ASO,ES,Federal Contract Tower,4,10,1,0,15,0,10,19,0,29,4,20,20,0,44,0,0,0,44
07/05/2023,STX,VI,ASO,ES,Federal Contract Tower,6,20,0,0,26,0,19,26,2,47,6,39,26,2,73,0,0,0,73
07/06/2023,STX,VI,ASO,ES,Federal Contract Tower,6,19,1,0,26,0,22,23,0,45,6,41,24,0,71,0,0,0,71
07/07/2023,STX,VI,ASO,ES,Federal Contract Tower,6,16,2,1,25,0,21,26,0,47,6,37,28,1,72,0,0,0,72
07/08/2023,STX,VI,ASO,ES,Federal Contract Tower,10,14,1,0,25,0,11,13,2,26,10,25,14,2,51,0,0,0,51
07/09/2023,STX,VI,ASO,ES,Federal Contract Tower,8,10,0,0,18,0,13,17,0,30,8,23,17,0,48,0,0,0,48
07/10/2023,STX,VI,ASO,ES,Federal Contract Tower,5,23,3,0,31,0,15,21,0,36,5,38,24,0,67,0,0,0,67
07/11/2023,STX,VI,ASO,ES,Federal Contract Tower,6,19,2,1,28,0,20,19,0,39,6,39,21,1,67,4,2,6,73
07/12/2023,STX,VI,ASO,ES,Federal Contract Tower,6,27,7,2,42,0,18,22,0,40,6,45,29,2,82,0,0,0,82
07/13/2023,STX,VI,ASO,ES,Federal Contract Tower,5,19,0,1,25,0,23,29,0,52,5,42,29,1,77,0,0,0,77
07/14/2023,STX,VI,ASO,ES,Federal Contract Tower,6,15,1,0,22,0,26,30,0,56,6,41,31,0,78,2,0,2,80
07/15/2023,STX,VI,ASO,ES,Federal Contract Tower,10,6,0,1,17,0,19,37,2,58,10,25,37,3,75,6,0,6,81
07/16/2023,STX,VI,ASO,ES,Federal Contract Tower,6,12,2,1,21,0,20,20,0,40,6,32,22,1,61,0,0,0,61
07/17/2023,STX,VI,ASO,ES,Federal Contract Tower,6,22,2,0,30,0,20,23,0,43,6,42,25,0,73,0,0,0,73
07/18/2023,STX,VI,ASO,ES,Federal Contract Tower,6,16,2,1,25,0,15,31,0,46,6,31,33,1,71,0,0,0,71
07/19/2023,STX,VI,ASO,ES,Federal Contract Tower,6,14,2,2,24,0,19,23,0,42,6,33,25,2,66,0,0,0,66
07/20/2023,STX,VI,ASO,ES,Federal Contract Tower,6,20,3,0,29,0,21,25,2,48,6,41,28,2,77,0,0,0,77
07/21/2023,STX,VI,ASO,ES,Federal Contract Tower,6,16,2,0,24,0,27,21,2,50,6,43,23,2,74,0,0,0,74
07/22/2023,STX,VI,ASO,ES,Federal Contract Tower,10,11,5,1,27,0,13,25,2,40,10,24,30,3,67,0,0,0,67
07/23/2023,STX,VI,ASO,ES,Federal Contract Tower,7,10,0,0,17,0,10,27,2,39,7,20,27,2,56,0,0,0,56
07/24/2023,STX,VI,ASO,ES,Federal Contract Tower,6,23,0,4,33,0,10,30,0,40,6,33,30,4,73,8,6,14,87
07/25/2023,STX,VI,ASO,ES,Federal Contract Tower,6,18,0,1,25,0,11,16,0,27,6,29,16,1,52,0,0,0,52
07/26/2023,STX,VI,ASO,ES,Federal Contract Tower,6,12,0,1,19,0,25,21,2,48,6,37,21,3,67,0,0,0,67
07/27/2023,STX,VI,ASO,ES,Federal Contract Tower,6,18,2,0,26,0,20,22,0,42,6,38,24,0,68,0,0,0,68
07/28/2023,STX,VI,ASO,ES,Federal Contract Tower,6,19,3,1,29,0,14,29,0,43,6,33,32,1,72,0,0,0,72
07/29/2023,STX,VI,ASO,ES,Federal Contract Tower,10,10,4,4,28,0,12,28,0,40,10,22,32,4,68,0,0,0,68
07/30/2023,STX,VI,ASO,ES,Federal Contract Tower,6,13,0,1,20,0,15,17,0,32,6,28,17,1,52,0,0,0,52
07/31/2023,STX,VI,ASO,ES,Federal Contract Tower,6,24,1,0,31,0,17,29,0,46,6,41,30,0,77,0,0,0,77
08/01/2023,STX,VI,ASO,ES,Federal Contract Tower,6,19,4,0,29,0,17,42,2,61,6,36,46,2,90,0,0,0,90
08/02/2023,STX,VI,ASO,ES,Federal Contract Tower,6,20,1,0,27,0,19,29,2,50,6,39,30,2,77,0,0,0,77
08/03/2023,STX,VI,ASO,ES,Federal Contract Tower,6,22,1,0,29,0,27,33,6,66,6,49,34,6,95,0,0,0,95
08/04/2023,STX,VI,ASO,ES,Federal Contract Tower,6,12,3,0,21,0,22,38,1,61,6,34,41,1,82,0,0,0,82
08/05/2023,STX,VI,ASO,ES,Federal Contract Tower,10,12,6,0,28,0,16,21,2,39,10,28,27,2,67,0,0,0,67
08/06/2023,STX,VI,ASO,ES,Federal Contract Tower,6,11,0,0,17,0,13,17,1,31,6,24,17,1,48,0,0,0,48
08/07/2023,STX,VI,ASO,ES,Federal Contract Tower,6,22,2,0,30,0,30,21,2,53,6,52,23,2,83,4,0,4,87
08/08/2023,STX,VI,ASO,ES,Federal Contract Tower,6,22,2,0,30,0,26,29,0,55,6,48,31,0,85,0,0,0,85
08/09/2023,STX,VI,ASO,ES,Federal Contract Tower,6,21,3,0,30,0,30,25,2,57,6,51,28,2,87,0,0,0,87
08/10/2023,STX,VI,ASO,ES,Federal Contract Tower,6,22,3,0,31,0,32,27,0,59,6,54,30,0,90,2,0,2,92
08/11/2023,STX,VI,ASO,ES,Federal Contract Tower,6,20,1,0,27,0,34,28,0,62,6,54,29,0,89,0,0,0,89
08/12/2023,STX,VI,ASO,ES,Federal Contract Tower,10,12,0,0,22,0,18,16,0,34,10,30,16,0,56,0,0,0,56
08/13/2023,STX,VI,ASO,ES,Federal Contract Tower,6,11,2,0,19,0,23,20,0,43,6,34,22,0,62,0,0,0,62
08/14/2023,STX,VI,ASO,ES,Federal Contract Tower,6,23,2,1,32,0,28,31,1,60,6,51,33,2,92,8,0,8,100
08/15/2023,STX,VI,ASO,ES,Federal Contract Tower,5,16,0,0,21,0,23,25,0,48,5,39,25,0,69,2,0,2,71
08/16/2023,STX,VI,ASO,ES,Federal Contract Tower,5,18,1,5,29,0,26,27,1,54,5,44,28,6,83,0,0,0,83
08/17/2023,STX,VI,ASO,ES,Federal Contract Tower,4,17,0,3,24,0,29,29,1,59,4,46,29,4,83,0,0,0,83
08/18/2023,STX,VI,ASO,ES,Federal Contract Tower,5,14,1,0,20,0,33,29,2,64,5,47,30,2,84,4,0,4,88
08/19/2023,STX,VI,ASO,ES,Federal Contract Tower,6,9,0,0,15,0,16,23,2,41,6,25,23,2,56,0,0,0,56
08/20/2023,STX,VI,ASO,ES,Federal Contract Tower,5,10,0,0,15,0,17,10,1,28,5,27,10,1,43,1,0,1,44
08/21/2023,STX,VI,ASO,ES,Federal Contract Tower,5,24,7,0,36,0,15,21,3,39,5,39,28,3,75,0,2,2,77
08/22/2023,STX,VI,ASO,ES,Federal Contract Tower,5,18,4,3,30,0,24,20,3,47,5,42,24,6,77,0,0,0,77
08/23/2023,STX,VI,ASO,ES,Federal Contract Tower,5,20,5,1,31,0,29,34,0,63,5,49,39,1,94,0,0,0,94
08/24/2023,STX,VI,ASO,ES,Federal Contract Tower,5,26,2,2,35,0,30,32,0,62,5,56,34,2,97,0,0,0,97
08/25/2023,STX,VI,ASO,ES,Federal Contract Tower,4,19,3,3,29,0,31,32,0,63,4,50,35,3,92,0,0,0,92
08/26/2023,STX,VI,ASO,ES,Federal Contract Tower,7,7,2,2,18,0,14,20,1,35,7,21,22,3,53,0,0,0,53
08/27/2023,STX,VI,ASO,ES,Federal Contract Tower,4,10,2,6,22,0,19,24,0,43,4,29,26,6,65,0,0,0,65
08/28/2023,STX,VI,ASO,ES,Federal Contract Tower,4,26,2,3,35,0,27,31,0,58,4,53,33,3,93,0,0,0,93
08/29/2023,STX,VI,ASO,ES,Federal Contract Tower,4,21,3,2,30,0,21,23,0,44,4,42,26,2,74,8,0,8,82
08/30/2023,STX,VI,ASO,ES,Federal Contract Tower,4,18,2,3,27,0,26,37,1,64,4,44,39,4,91,6,10,16,107
08/31/2023,STX,VI,ASO,ES,Federal Contract Tower,4,17,0,1,22,0,39,32,0,71,4,56,32,1,93,6,0,6,99
