01/01/2000,SUS,MO,ACE,CE,Towers with Display (VFR),0,4,34,0,38,0,13,111,0,124,0,17,145,0,162,52,0,52,214
01/02/2000,SUS,MO,ACE,CE,Towers with Display (VFR),0,8,66,0,74,0,11,48,0,59,0,19,114,0,133,10,0,10,143
01/03/2000,SUS,MO,ACE,CE,Towers with Display (VFR),0,7,53,0,60,0,14,0,0,14,0,21,53,0,74,2,0,2,76
01/04/2000,SUS,MO,ACE,CE,Towers with Display (VFR),0,8,73,0,81,0,17,20,0,37,0,25,93,0,118,10,0,10,128
01/05/2000,SUS,MO,ACE,CE,Towers with Display (VFR),0,17,136,0,153,0,22,150,2,174,0,39,286,2,327,190,0,190,517
01/06/2000,SUS,MO,ACE,CE,Towers with Display (VFR),0,20,156,0,176,2,16,181,0,199,2,36,337,0,375,201,0,201,576
01/07/2000,SUS,MO,ACE,CE,Towers with Display (VFR),0,14,105,0,119,0,12,225,0,237,0,26,330,0,356,306,0,306,662
01/08/2000,SUS,MO,ACE,CE,Towers with Display (VFR),0,7,84,0,91,0,0,102,0,102,0,7,186,0,193,443,0,443,636
01/09/2000,SUS,MO,ACE,CE,Towers with Display (VFR),0,11,83,0,94,0,6,73,0,79,0,17,156,0,173,277,0,277,450
01/10/2000,SUS,MO,ACE,CE,Towers with Display (VFR),0,14,108,0,122,0,0,87,0,87,0,14,195,0,209,62,0,62,271
01/11/2000,SUS,MO,ACE,CE,Towers with Display (VFR),0,17,160,0,177,0,0,151,0,151,0,17,311,0,328,234,0,234,562
01/12/2000,SUS,MO,ACE,CE,Towers with Display (VFR),0,18,139,0,157,0,5,207,0,212,0,23,346,0,369,278,0,278,647
01/13/2000,SUS,MO,ACE,CE,Towers with Display (VFR),0,19,157,0,176,0,22,145,0,167,0,41,302,0,343,240,0,240,583
01/14/2000,SUS,MO,ACE,CE,Towers with Display (VFR),0,16,139,0,155,0,0,213,0,213,0,16,352,0,368,210,0,210,578
01/15/2000,SUS,MO,ACE,CE,Towers with Display (VFR),0,8,70,0,78,0,11,240,0,251,0,19,310,0,329,191,0,191,520
01/16/2000,SUS,MO,ACE,CE,Towers with Display (VFR),0,9,77,0,86,0,8,185,0,193,0,17,262,0,279,346,0,346,625
01/17/2000,SUS,MO,ACE,CE,Towers with Display (VFR),0,11,96,0,107,0,3,18,0,21,0,14,114,0,128,65,0,65,193
01/18/2000,SUS,MO,ACE,CE,Towers with Display (VFR),0,5,158,0,163,0,0,8,0,8,0,5,166,0,171,28,0,28,199
01/19/2000,SUS,MO,ACE,CE,Towers with Display (VFR),0,18,151,0,169,0,7,27,0,34,0,25,178,0,203,76,0,76,279
01/20/2000,SUS,MO,ACE,CE,Towers with Display (VFR),0,19,156,0,175,0,12,115,1,128,0,31,271,1,303,177,0,177,480
01/21/2000,SUS,MO,ACE,CE,Towers with Display (VFR),0,16,133,0,149,0,14,173,0,187,0,30,306,0,336,381,0,381,717
01/22/2000,SUS,MO,ACE,CE,Towers with Display (VFR),0,7,58,0,65,0,8,27,0,35,0,15,85,0,100,174,0,174,274
01/23/2000,SUS,MO,ACE,CE,Towers with Display (VFR),0,10,86,0,96,0,11,153,0,164,0,21,239,0,260,231,0,231,491
01/24/2000,SUS,MO,ACE,CE,Towers with Display (VFR),0,12,130,0,142,0,0,162,0,162,0,12,292,0,304,189,0,189,493
01/25/2000,SUS,MO,ACE,CE,Towers with Display (VFR),0,16,136,0,152,0,1,43,0,44,0,17,179,0,196,64,0,64,260
01/26/2000,SUS,MO,ACE,CE,Towers with Display (VFR),0,18,155,0,173,0,9,157,0,166,0,27,312,0,339,244,0,244,583
01/27/2000,SUS,MO,ACE,CE,Towers with Display (VFR),0,20,164,0,184,0,8,134,0,142,0,28,298,0,326,287,0,287,613
01/28/2000,SUS,MO,ACE,CE,Towers with Display (VFR),0,14,116,0,130,2,8,80,0,90,2,22,196,0,220,269,0,269,489
01/29/2000,SUS,MO,ACE,CE,Towers with Display (VFR),0,6,47,0,53,0,3,0,0,3,0,9,47,0,56,0,0,0,56
01/30/2000,SUS,MO,ACE,CE,Towers with Display (VFR),0,12,98,0,110,0,21,9,0,30,0,33,107,0,140,63,0,63,203
01/31/2000,SUS,MO,ACE,CE,Towers with Display (VFR),0,21,189,0,210,0,0,104,0,104,0,21,293,0,314,280,0,280,594
02/01/2000,SUS,MO,ACE,CE,Towers with Display (VFR),0,11,118,0,129,0,6,111,0,117,0,17,229,0,246,309,0,309,555
02/02/2000,SUS,MO,ACE,CE,Towers with Display (VFR),1,14,141,0,156,0,12,184,0,196,1,26,325,0,352,335,0,335,687
02/03/2000,SUS,MO,ACE,CE,Towers with Display (VFR),0,12,125,0,137,0,7,128,0,135,0,19,253,0,272,102,0,102,374
02/04/2000,SUS,MO,ACE,CE,Towers with Display (VFR),0,15,153,0,168,0,11,27,6,44,0,26,180,6,212,49,0,49,261
02/05/2000,SUS,MO,ACE,CE,Towers with Display (VFR),0,8,91,0,99,0,9,292,0,301,0,17,383,0,400,508,0,508,908
02/06/2000,SUS,MO,ACE,CE,Towers with Display (VFR),0,7,74,0,81,0,10,209,0,219,0,17,283,0,300,296,0,296,596
02/07/2000,SUS,MO,ACE,CE,Towers with Display (VFR),0,12,121,0,133,0,12,157,0,169,0,24,278,0,302,340,0,340,642
02/08/2000,SUS,MO,ACE,CE,Towers with Display (VFR),0,13,136,0,149,0,0,118,0,118,0,13,254,0,267,246,0,246,513
02/09/2000,SUS,MO,ACE,CE,Towers with Display (VFR),0,15,147,0,162,0,12,223,0,235,0,27,370,0,397,263,0,263,660
02/10/2000,SUS,MO,ACE,CE,Towers with Display (VFR),0,17,165,0,182,0,11,155,0,166,0,28,320,0,348,232,0,232,580
02/11/2000,SUS,MO,ACE,CE,Towers with Display (VFR),0,10,104,0,114,0,0,43,0,43,0,10,147,0,157,135,0,135,292
02/12/2000,SUS,MO,ACE,CE,Towers with Display (VFR),0,9,91,1,101,0,9,230,1,240,0,18,321,2,341,530,0,530,871
02/13/2000,SUS,MO,ACE,CE,Towers with Display (VFR),0,7,54,0,61,0,7,0,0,7,0,14,54,0,68,8,0,8,76
02/14/2000,SUS,MO,ACE,CE,Towers with Display (VFR),0,12,112,0,124,0,12,21,0,33,0,24,133,0,157,255,0,255,412
02/15/2000,SUS,MO,ACE,CE,Towers with Display (VFR),0,15,142,0,157,0,15,100,0,115,0,30,242,0,272,126,0,126,398
02/16/2000,SUS,MO,ACE,CE,Towers with Display (VFR),0,13,128,0,141,0,0,146,0,146,0,13,274,0,287,314,0,314,601
02/17/2000,SUS,MO,ACE,CE,Towers with Display (VFR),0,16,148,0,164,2,6,30,0,38,2,22,178,0,202,153,0,153,355
02/18/2000,SUS,MO,ACE,CE,Towers with Display (VFR),0,10,93,0,103,0,6,1,0,7,0,16,94,0,110,0,0,0,110
02/19/2000,SUS,MO,ACE,CE,Towers with Display (VFR),0,8,75,0,83,0,9,58,0,67,0,17,133,0,150,281,0,281,431
02/20/2000,SUS,MO,ACE,CE,Towers with Display (VFR),0,9,88,0,97,0,13,341,0,354,0,22,429,0,451,444,0,444,895
02/21/2000,SUS,MO,ACE,CE,Towers with Display (VFR),0,16,153,0,169,0,0,152,0,152,0,16,305,0,321,240,0,240,561
02/22/2000,SUS,MO,ACE,CE,Towers with Display (VFR),0,18,167,0,185,0,5,135,0,140,0,23,302,0,325,236,0,236,561
02/23/2000,SUS,MO,ACE,CE,Towers with Display (VFR),0,16,150,0,166,0,11,38,2,51,0,27,188,2,217,21,0,21,238
02/24/2000,SUS,MO,ACE,CE,Towers with Display (VFR),0,12,157,0,169,0,0,168,0,168,0,12,325,0,337,220,0,220,557
02/25/2000,SUS,MO,ACE,CE,Towers with Display (VFR),0,10,99,0,109,2,4,53,2,61,2,14,152,2,170,44,0,44,214
02/26/2000,SUS,MO,ACE,CE,Towers with Display (VFR),0,8,74,0,82,0,5,52,4,61,0,13,126,4,143,140,0,140,283
02/27/2000,SUS,MO,ACE,CE,Towers with Display (VFR),0,12,112,0,124,0,11,275,2,288,0,23,387,2,412,436,0,436,848
02/28/2000,SUS,MO,ACE,CE,Towers with Display (VFR),0,14,130,0,144,0,4,244,1,249,0,18,374,1,393,263,0,263,656
02/29/2000,SUS,MO,ACE,CE,Towers with Display (VFR),0,18,166,0,184,0,5,77,1,83,0,23,243,1,267,98,0,98,365
03/01/2000,SUS,MO,ACE,CE,Towers with Display (VFR),0,15,141,0,156,0,13,145,0,158,0,28,286,0,314,124,0,124,438
03/02/2000,SUS,MO,ACE,CE,Towers with Display (VFR),0,16,153,0,169,0,10,231,0,241,0,26,384,0,410,428,0,428,838
03/03/2000,SUS,MO,ACE,CE,Towers with Display (VFR),0,11,110,0,121,0,7,0,0,7,0,18,110,0,128,26,0,26,154
03/04/2000,SUS,MO,ACE,CE,Towers with Display (VFR),0,7,76,0,83,0,9,310,0,319,0,16,386,0,402,562,0,562,964
03/05/2000,SUS,MO,ACE,CE,Towers with Display (VFR),0,9,94,0,103,0,3,260,0,263,0,12,354,0,366,422,0,422,788
03/06/2000,SUS,MO,ACE,CE,Towers with Display (VFR),0,13,122,0,135,0,12,214,0,226,0,25,336,0,361,271,0,271,632
03/07/2000,SUS,MO,ACE,CE,Towers with Display (VFR),0,13,128,0,141,0,4,199,4,207,0,17,327,4,348,422,0,422,770
03/08/2000,SUS,MO,ACE,CE,Towers with Display (VFR),0,14,130,0,144,0,2,67,0,69,0,16,197,0,213,16,0,16,229
03/09/2000,SUS,MO,ACE,CE,Towers with Display (VFR),0,20,187,0,207,0,8,77,2,87,0,28,264,2,294,261,0,261,555
03/10/2000,SUS,MO,ACE,CE,Towers with Display (VFR),0,15,142,0,157,0,3,156,0,159,0,18,298,0,316,417,0,417,733
03/11/2000,SUS,MO,ACE,CE,Towers with Display (VFR),0,2,26,0,28,0,5,25,0,30,0,7,51,0,58,14,0,14,72
03/12/2000,SUS,MO,ACE,CE,Towers with Display (VFR),0,12,113,0,125,0,9,260,0,269,0,21,373,0,394,340,0,340,734
03/13/2000,SUS,MO,ACE,CE,Towers with Display (VFR),0,14,147,0,161,0,0,145,0,145,0,14,292,0,306,319,0,319,625
03/14/2000,SUS,MO,ACE,CE,Towers with Display (VFR),0,20,181,0,201,0,2,131,0,133,0,22,312,0,334,302,0,302,636
03/15/2000,SUS,MO,ACE,CE,Towers with Display (VFR),0,9,139,1,149,0,0,199,0,199,0,9,338,1,348,335,0,335,683
03/16/2000,SUS,MO,ACE,CE,Towers with Display (VFR),0,18,158,0,176,0,6,57,0,63,0,24,215,0,239,169,0,169,408
03/17/2000,SUS,MO,ACE,CE,Towers with Display (VFR),0,18,160,0,178,6,20,178,0,204,6,38,338,0,382,261,0,261,643
03/18/2000,SUS,MO,ACE,CE,Towers with Display (VFR),0,10,88,0,98,0,7,40,0,47,0,17,128,0,145,358,0,358,503
03/19/2000,SUS,MO,ACE,CE,Towers with Display (VFR),0,13,104,0,117,0,7,0,0,7,0,20,104,0,124,30,0,30,154
03/20/2000,SUS,MO,ACE,CE,Towers with Display (VFR),0,16,145,1,162,0,6,17,1,24,0,22,162,2,186,86,0,86,272
03/21/2000,SUS,MO,ACE,CE,Towers with Display (VFR),0,19,165,0,184,0,4,100,0,104,0,23,265,0,288,543,0,543,831
03/22/2000,SUS,MO,ACE,CE,Towers with Display (VFR),0,19,174,1,194,2,0,202,3,207,2,19,376,4,401,589,0,589,990
03/23/2000,SUS,MO,ACE,CE,Towers with Display (VFR),0,18,160,0,178,4,2,191,0,197,4,20,351,0,375,376,0,376,751
03/24/2000,SUS,MO,ACE,CE,Towers with Display (VFR),0,17,148,0,165,0,19,91,0,110,0,36,239,0,275,161,0,161,436
03/25/2000,SUS,MO,ACE,CE,Towers with Display (VFR),0,9,84,0,93,0,21,293,0,314,0,30,377,0,407,494,0,494,901
03/26/2000,SUS,MO,ACE,CE,Towers with Display (VFR),0,8,74,0,82,0,6,189,0,195,0,14,263,0,277,190,0,190,467
03/27/2000,SUS,MO,ACE,CE,Towers with Display (VFR),0,11,101,0,112,2,8,93,0,103,2,19,194,0,215,165,2,167,382
03/28/2000,SUS,MO,ACE,CE,Towers with Display (VFR),0,15,134,0,149,0,2,159,0,161,0,17,293,0,310,183,0,183,493
03/29/2000,SUS,MO,ACE,CE,Towers with Display (VFR),0,15,133,0,148,0,11,206,2,219,0,26,339,2,367,229,0,229,596
03/30/2000,SUS,MO,ACE,CE,Towers with Display (VFR),0,18,162,0,180,0,2,228,0,230,0,20,390,0,410,143,0,143,553
03/31/2000,SUS,MO,ACE,CE,Towers with Display (VFR),0,17,151,0,168,0,22,183,0,205,0,39,334,0,373,201,0,201,574
04/01/2000,SUS,MO,ACE,CE,Towers with Display (VFR),0,13,87,0,100,0,1,186,0,187,0,14,273,0,287,453,0,453,740
04/02/2000,SUS,MO,ACE,CE,Towers with Display (VFR),0,17,116,0,133,0,10,125,0,135,0,27,241,0,268,550,0,550,818
04/03/2000,SUS,MO,ACE,CE,Towers with Display (VFR),0,16,105,0,121,2,40,94,0,136,2,56,199,0,257,207,0,207,464
04/04/2000,SUS,MO,ACE,CE,Towers with Display (VFR),0,25,162,0,187,0,8,117,0,125,0,33,279,0,312,138,0,138,450
04/05/2000,SUS,MO,ACE,CE,Towers with Display (VFR),0,22,148,0,170,0,7,73,0,80,0,29,221,0,250,56,0,56,306
04/06/2000,SUS,MO,ACE,CE,Towers with Display (VFR),0,20,162,0,182,0,0,297,0,297,0,20,459,0,479,314,0,314,793
04/07/2000,SUS,MO,ACE,CE,Towers with Display (VFR),0,23,155,0,178,0,2,47,0,49,0,25,202,0,227,101,0,101,328
04/08/2000,SUS,MO,ACE,CE,Towers with Display (VFR),0,15,100,0,115,0,24,83,0,107,0,39,183,0,222,137,0,137,359
04/09/2000,SUS,MO,ACE,CE,Towers with Display (VFR),0,16,108,0,124,0,0,223,0,223,0,16,331,0,347,243,0,243,590
04/10/2000,SUS,MO,ACE,CE,Towers with Display (VFR),0,15,120,0,135,0,0,142,0,142,0,15,262,0,277,361,0,361,638
04/11/2000,SUS,MO,ACE,CE,Towers with Display (VFR),0,16,161,0,177,0,0,76,0,76,0,16,237,0,253,90,0,90,343
04/12/2000,SUS,MO,ACE,CE,Towers with Display (VFR),0,14,162,0,176,0,0,273,0,273,0,14,435,0,449,414,0,414,863
04/13/2000,SUS,MO,ACE,CE,Towers with Display (VFR),0,25,165,1,191,0,0,259,3,262,0,25,424,4,453,379,0,379,832
04/14/2000,SUS,MO,ACE,CE,Towers with Display (VFR),0,15,142,1,158,0,0,221,3,224,0,15,363,4,382,237,0,237,619
04/15/2000,SUS,MO,ACE,CE,Towers with Display (VFR),0,12,78,0,90,0,18,268,0,286,0,30,346,0,376,437,0,437,813
04/16/2000,SUS,MO,ACE,CE,Towers with Display (VFR),0,11,75,0,86,0,0,13,0,13,0,11,88,0,99,78,0,78,177
04/17/2000,SUS,MO,ACE,CE,Towers with Display (VFR),0,17,140,0,157,0,0,45,0,45,0,17,185,0,202,140,0,140,342
04/18/2000,SUS,MO,ACE,CE,Towers with Display (VFR),0,26,169,0,195,0,11,245,0,256,0,37,414,0,451,469,0,469,920
04/19/2000,SUS,MO,ACE,CE,Towers with Display (VFR),0,15,127,0,142,0,0,69,0,69,0,15,196,0,211,20,0,20,231
04/20/2000,SUS,MO,ACE,CE,Towers with Display (VFR),0,25,166,0,191,0,11,56,0,67,0,36,222,0,258,6,0,6,264
04/21/2000,SUS,MO,ACE,CE,Towers with Display (VFR),0,9,109,0,118,0,0,80,0,80,0,9,189,0,198,86,0,86,284
04/22/2000,SUS,MO,ACE,CE,Towers with Display (VFR),0,9,64,0,73,0,4,348,0,352,0,13,412,0,425,481,0,481,906
04/23/2000,SUS,MO,ACE,CE,Towers with Display (VFR),0,8,58,0,66,0,2,48,0,50,0,10,106,0,116,100,0,100,216
04/24/2000,SUS,MO,ACE,CE,Towers with Display (VFR),0,17,137,0,154,0,0,61,2,63,0,17,198,2,217,63,0,63,280
04/25/2000,SUS,MO,ACE,CE,Towers with Display (VFR),0,24,199,0,223,0,0,294,4,298,0,24,493,4,521,321,0,321,842
04/26/2000,SUS,MO,ACE,CE,Towers with Display (VFR),0,27,179,0,206,0,5,300,0,305,0,32,479,0,511,484,0,484,995
04/27/2000,SUS,MO,ACE,CE,Towers with Display (VFR),0,20,169,0,189,0,0,125,0,125,0,20,294,0,314,285,0,285,599
04/28/2000,SUS,MO,ACE,CE,Towers with Display (VFR),0,20,164,0,184,0,0,168,0,168,0,20,332,0,352,257,0,257,609
04/29/2000,SUS,MO,ACE,CE,Towers with Display (VFR),0,12,82,0,94,0,0,265,0,265,0,12,347,0,359,292,0,292,651
04/30/2000,SUS,MO,ACE,CE,Towers with Display (VFR),0,15,103,0,118,0,8,222,0,230,0,23,325,0,348,239,0,239,587
05/01/2000,SUS,MO,ACE,CE,Towers with Display (VFR),0,8,101,0,109,0,0,129,0,129,0,8,230,0,238,73,0,73,311
05/02/2000,SUS,MO,ACE,CE,Towers with Display (VFR),0,14,165,0,179,0,0,177,5,182,0,14,342,5,361,74,0,74,435
05/03/2000,SUS,MO,ACE,CE,Towers with Display (VFR),0,15,153,0,168,0,7,132,3,142,0,22,285,3,310,87,0,87,397
05/04/2000,SUS,MO,ACE,CE,Towers with Display (VFR),0,15,159,0,174,0,4,170,0,174,0,19,329,0,348,66,0,66,414
05/05/2000,SUS,MO,ACE,CE,Towers with Display (VFR),0,12,129,0,141,0,3,158,2,163,0,15,287,2,304,42,0,42,346
05/06/2000,SUS,MO,ACE,CE,Towers with Display (VFR),0,7,73,0,80,0,5,72,3,80,0,12,145,3,160,116,0,116,276
05/07/2000,SUS,MO,ACE,CE,Towers with Display (VFR),0,7,74,0,81,0,4,86,3,93,0,11,160,3,174,64,0,64,238
05/08/2000,SUS,MO,ACE,CE,Towers with Display (VFR),0,11,112,0,123,0,3,118,0,121,0,14,230,0,244,24,0,24,268
05/09/2000,SUS,MO,ACE,CE,Towers with Display (VFR),0,11,123,0,134,0,0,78,0,78,0,11,201,0,212,40,0,40,252
05/10/2000,SUS,MO,ACE,CE,Towers with Display (VFR),0,7,146,0,153,0,0,335,4,339,0,7,481,4,492,84,0,84,576
05/11/2000,SUS,MO,ACE,CE,Towers with Display (VFR),0,15,163,0,178,0,15,72,0,87,0,30,235,0,265,22,0,22,287
05/12/2000,SUS,MO,ACE,CE,Towers with Display (VFR),0,13,146,1,160,0,3,94,2,99,0,16,240,3,259,58,0,58,317
05/13/2000,SUS,MO,ACE,CE,Towers with Display (VFR),0,7,85,0,92,0,10,216,0,226,0,17,301,0,318,109,0,109,427
05/14/2000,SUS,MO,ACE,CE,Towers with Display (VFR),0,6,72,0,78,0,1,264,0,265,0,7,336,0,343,156,0,156,499
05/15/2000,SUS,MO,ACE,CE,Towers with Display (VFR),0,13,141,1,155,0,8,223,1,232,0,21,364,2,387,146,0,146,533
05/16/2000,SUS,MO,ACE,CE,Towers with Display (VFR),0,13,142,0,155,0,7,184,2,193,0,20,326,2,348,95,0,95,443
05/17/2000,SUS,MO,ACE,CE,Towers with Display (VFR),0,11,139,0,150,0,0,162,0,162,0,11,301,0,312,50,0,50,362
05/18/2000,SUS,MO,ACE,CE,Towers with Display (VFR),0,13,152,0,165,0,7,88,0,95,0,20,240,0,260,39,0,39,299
05/19/2000,SUS,MO,ACE,CE,Towers with Display (VFR),0,16,174,0,190,0,11,89,0,100,0,27,263,0,290,40,0,40,330
05/20/2000,SUS,MO,ACE,CE,Towers with Display (VFR),0,7,80,0,87,0,13,250,0,263,0,20,330,0,350,218,0,218,568
05/21/2000,SUS,MO,ACE,CE,Towers with Display (VFR),0,9,108,0,117,0,7,158,0,165,0,16,266,0,282,220,0,220,502
05/22/2000,SUS,MO,ACE,CE,Towers with Display (VFR),0,0,5,0,5,0,8,362,0,370,0,8,367,0,375,126,4,130,505
05/23/2000,SUS,MO,ACE,CE,Towers with Display (VFR),0,12,132,0,144,0,4,240,0,244,0,16,372,0,388,227,0,227,615
05/24/2000,SUS,MO,ACE,CE,Towers with Display (VFR),0,15,169,0,184,0,2,261,0,263,0,17,430,0,447,161,0,161,608
05/25/2000,SUS,MO,ACE,CE,Towers with Display (VFR),0,11,140,0,151,0,0,267,0,267,0,11,407,0,418,137,0,137,555
05/26/2000,SUS,MO,ACE,CE,Towers with Display (VFR),0,7,106,0,113,0,0,11,0,11,0,7,117,0,124,2,0,2,126
05/27/2000,SUS,MO,ACE,CE,Towers with Display (VFR),0,6,66,0,72,0,5,55,0,60,0,11,121,0,132,59,0,59,191
05/28/2000,SUS,MO,ACE,CE,Towers with Display (VFR),0,7,77,0,84,0,10,89,0,99,0,17,166,0,183,99,0,99,282
05/29/2000,SUS,MO,ACE,CE,Towers with Display (VFR),0,7,77,0,84,0,7,266,0,273,0,14,343,0,357,224,0,224,581
05/30/2000,SUS,MO,ACE,CE,Towers with Display (VFR),0,11,131,0,142,0,6,255,0,261,0,17,386,0,403,81,0,81,484
05/31/2000,SUS,MO,ACE,CE,Towers with Display (VFR),0,13,147,0,160,0,6,265,0,271,0,19,412,0,431,100,0,100,531
06/01/2000,SUS,MO,ACE,CE,Towers with Display (VFR),0,16,131,0,147,0,0,267,0,267,0,16,398,0,414,100,0,100,514
06/02/2000,SUS,MO,ACE,CE,Towers with Display (VFR),0,19,115,0,134,0,0,219,0,219,0,19,334,0,353,69,0,69,422
06/03/2000,SUS,MO,ACE,CE,Towers with Display (VFR),0,11,40,0,51,0,3,311,0,314,0,14,351,0,365,166,0,166,531
06/04/2000,SUS,MO,ACE,CE,Towers with Display (VFR),0,17,78,0,95,0,0,250,0,250,0,17,328,0,345,149,0,149,494
06/05/2000,SUS,MO,ACE,CE,Towers with Display (VFR),0,18,122,0,140,3,0,125,2,130,3,18,247,2,270,107,0,107,377
06/06/2000,SUS,MO,ACE,CE,Towers with Display (VFR),0,30,134,0,164,0,0,334,1,335,0,30,468,1,499,261,0,261,760
06/07/2000,SUS,MO,ACE,CE,Towers with Display (VFR),0,23,114,0,137,0,0,331,1,332,0,23,445,1,469,148,0,148,617
06/08/2000,SUS,MO,ACE,CE,Towers with Display (VFR),0,34,146,0,180,0,0,291,0,291,0,34,437,0,471,134,0,134,605
06/09/2000,SUS,MO,ACE,CE,Towers with Display (VFR),0,34,137,0,171,2,1,242,0,245,2,35,379,0,416,16,0,16,432
06/10/2000,SUS,MO,ACE,CE,Towers with Display (VFR),0,14,52,0,66,0,6,166,0,172,0,20,218,0,238,149,0,149,387
06/11/2000,SUS,MO,ACE,CE,Towers with Display (VFR),0,23,91,0,114,0,2,127,2,131,0,25,218,2,245,212,0,212,457
06/12/2000,SUS,MO,ACE,CE,Towers with Display (VFR),0,18,106,0,124,1,0,150,1,152,1,18,256,1,276,196,0,196,472
06/13/2000,SUS,MO,ACE,CE,Towers with Display (VFR),0,20,123,0,143,0,0,241,0,241,0,20,364,0,384,175,0,175,559
06/14/2000,SUS,MO,ACE,CE,Towers with Display (VFR),0,24,101,0,125,0,0,97,0,97,0,24,198,0,222,98,0,98,320
06/15/2000,SUS,MO,ACE,CE,Towers with Display (VFR),0,23,178,0,201,0,0,332,0,332,0,23,510,0,533,176,0,176,709
06/16/2000,SUS,MO,ACE,CE,Towers with Display (VFR),0,18,122,0,140,0,0,63,0,63,0,18,185,0,203,130,0,130,333
06/17/2000,SUS,MO,ACE,CE,Towers with Display (VFR),0,10,56,0,66,0,0,40,0,40,0,10,96,0,106,167,0,167,273
06/18/2000,SUS,MO,ACE,CE,Towers with Display (VFR),0,7,76,0,83,0,0,199,0,199,0,7,275,0,282,316,0,316,598
06/19/2000,SUS,MO,ACE,CE,Towers with Display (VFR),0,18,150,0,168,0,0,259,0,259,0,18,409,0,427,229,0,229,656
06/20/2000,SUS,MO,ACE,CE,Towers with Display (VFR),0,15,107,0,122,0,0,96,0,96,0,15,203,0,218,100,0,100,318
06/21/2000,SUS,MO,ACE,CE,Towers with Display (VFR),0,21,147,0,168,0,0,195,0,195,0,21,342,0,363,262,0,262,625
06/22/2000,SUS,MO,ACE,CE,Towers with Display (VFR),0,26,182,0,208,0,0,323,0,323,0,26,505,0,531,162,0,162,693
06/23/2000,SUS,MO,ACE,CE,Towers with Display (VFR),0,30,141,0,171,2,0,221,0,223,2,30,362,0,394,244,0,244,638
06/24/2000,SUS,MO,ACE,CE,Towers with Display (VFR),0,10,49,0,59,0,0,85,1,86,0,10,134,1,145,90,0,90,235
06/25/2000,SUS,MO,ACE,CE,Towers with Display (VFR),0,16,109,0,125,0,0,312,1,313,0,16,421,1,438,547,0,547,985
06/26/2000,SUS,MO,ACE,CE,Towers with Display (VFR),0,14,136,0,150,0,0,85,0,85,0,14,221,0,235,322,0,322,557
06/27/2000,SUS,MO,ACE,CE,Towers with Display (VFR),0,28,166,0,194,0,0,307,0,307,0,28,473,0,501,518,0,518,1019
06/28/2000,SUS,MO,ACE,CE,Towers with Display (VFR),0,22,189,0,211,0,0,272,0,272,0,22,461,0,483,482,0,482,965
06/29/2000,SUS,MO,ACE,CE,Towers with Display (VFR),0,19,151,0,170,0,0,347,0,347,0,19,498,0,517,367,0,367,884
06/30/2000,SUS,MO,ACE,CE,Towers with Display (VFR),0,27,156,0,183,0,0,155,0,155,0,27,311,0,338,207,0,207,545
07/01/2000,SUS,MO,ACE,CE,Towers with Display (VFR),0,8,86,0,94,0,8,208,0,216,0,16,294,0,310,405,0,405,715
07/02/2000,SUS,MO,ACE,CE,Towers with Display (VFR),0,5,52,0,57,0,7,119,0,126,0,12,171,0,183,321,0,321,504
07/03/2000,SUS,MO,ACE,CE,Towers with Display (VFR),0,4,68,0,72,0,0,169,0,169,0,4,237,0,241,534,0,534,775
07/04/2000,SUS,MO,ACE,CE,Towers with Display (VFR),0,6,64,0,70,0,11,91,2,104,0,17,155,2,174,268,0,268,442
07/05/2000,SUS,MO,ACE,CE,Towers with Display (VFR),0,11,114,0,125,0,7,195,0,202,0,18,309,0,327,511,0,511,838
07/06/2000,SUS,MO,ACE,CE,Towers with Display (VFR),0,14,153,0,167,0,7,139,0,146,0,21,292,0,313,299,0,299,612
07/07/2000,SUS,MO,ACE,CE,Towers with Display (VFR),0,13,133,0,146,0,3,230,0,233,0,16,363,0,379,362,0,362,741
07/08/2000,SUS,MO,ACE,CE,Towers with Display (VFR),0,7,72,0,79,0,11,225,2,238,0,18,297,2,317,419,0,419,736
07/09/2000,SUS,MO,ACE,CE,Towers with Display (VFR),0,6,76,0,82,0,0,237,0,237,0,6,313,0,319,551,0,551,870
07/10/2000,SUS,MO,ACE,CE,Towers with Display (VFR),0,11,135,0,146,0,0,190,0,190,0,11,325,0,336,657,0,657,993
07/11/2000,SUS,MO,ACE,CE,Towers with Display (VFR),0,12,126,0,138,0,17,116,0,133,0,29,242,0,271,422,0,422,693
07/12/2000,SUS,MO,ACE,CE,Towers with Display (VFR),0,13,136,0,149,0,9,142,0,151,0,22,278,0,300,448,0,448,748
07/13/2000,SUS,MO,ACE,CE,Towers with Display (VFR),0,17,193,0,210,0,8,147,0,155,0,25,340,0,365,373,0,373,738
07/14/2000,SUS,MO,ACE,CE,Towers with Display (VFR),0,13,151,0,164,0,0,281,0,281,0,13,432,0,445,298,0,298,743
07/15/2000,SUS,MO,ACE,CE,Towers with Display (VFR),0,7,82,1,90,0,9,237,1,247,0,16,319,2,337,477,0,477,814
07/16/2000,SUS,MO,ACE,CE,Towers with Display (VFR),0,9,105,0,114,0,8,239,0,247,0,17,344,0,361,462,0,462,823
07/17/2000,SUS,MO,ACE,CE,Towers with Display (VFR),0,11,126,0,137,0,3,73,0,76,0,14,199,0,213,196,0,196,409
07/18/2000,SUS,MO,ACE,CE,Towers with Display (VFR),0,15,166,0,181,0,6,90,0,96,0,21,256,0,277,449,0,449,726
07/19/2000,SUS,MO,ACE,CE,Towers with Display (VFR),0,6,170,0,176,0,0,204,0,204,0,6,374,0,380,454,0,454,834
07/20/2000,SUS,MO,ACE,CE,Towers with Display (VFR),0,17,196,0,213,0,10,206,0,216,0,27,402,0,429,521,0,521,950
07/21/2000,SUS,MO,ACE,CE,Towers with Display (VFR),0,14,154,0,168,0,4,225,0,229,0,18,379,0,397,387,0,387,784
07/22/2000,SUS,MO,ACE,CE,Towers with Display (VFR),0,6,77,0,83,0,6,292,0,298,0,12,369,0,381,416,0,416,797
07/23/2000,SUS,MO,ACE,CE,Towers with Display (VFR),0,11,121,0,132,0,5,330,0,335,0,16,451,0,467,465,0,465,932
07/24/2000,SUS,MO,ACE,CE,Towers with Display (VFR),0,12,137,0,149,0,3,259,0,262,0,15,396,0,411,520,0,520,931
07/25/2000,SUS,MO,ACE,CE,Towers with Display (VFR),0,18,198,0,216,0,10,237,0,247,0,28,435,0,463,451,0,451,914
07/26/2000,SUS,MO,ACE,CE,Towers with Display (VFR),0,17,195,0,212,0,12,253,2,267,0,29,448,2,479,607,0,607,1086
07/27/2000,SUS,MO,ACE,CE,Towers with Display (VFR),0,17,189,0,206,0,34,129,0,163,0,51,318,0,369,511,0,511,880
07/28/2000,SUS,MO,ACE,CE,Towers with Display (VFR),0,14,161,0,175,0,7,22,0,29,0,21,183,0,204,52,0,52,256
07/29/2000,SUS,MO,ACE,CE,Towers with Display (VFR),0,9,108,0,117,0,4,44,0,48,0,13,152,0,165,218,0,218,383
07/30/2000,SUS,MO,ACE,CE,Towers with Display (VFR),0,14,154,0,168,0,7,77,0,84,0,21,231,0,252,314,0,314,566
07/31/2000,SUS,MO,ACE,CE,Towers with Display (VFR),0,13,148,0,161,0,8,47,0,55,0,21,195,0,216,250,0,250,466
08/01/2000,SUS,MO,ACE,CE,Towers with Display (VFR),0,14,158,0,172,0,13,255,0,268,0,27,413,0,440,568,0,568,1008
08/02/2000,SUS,MO,ACE,CE,Towers with Display (VFR),1,14,152,0,167,1,8,230,0,239,2,22,382,0,406,518,0,518,924
08/03/2000,SUS,MO,ACE,CE,Towers with Display (VFR),0,14,159,1,174,0,8,82,0,90,0,22,241,1,264,550,0,550,814
08/04/2000,SUS,MO,ACE,CE,Towers with Display (VFR),1,13,142,1,157,1,12,245,2,260,2,25,387,3,417,480,0,480,897
08/05/2000,SUS,MO,ACE,CE,Towers with Display (VFR),0,7,81,0,88,0,12,108,0,120,0,19,189,0,208,217,0,217,425
08/06/2000,SUS,MO,ACE,CE,Towers with Display (VFR),0,9,98,0,107,0,14,155,2,171,0,23,253,2,278,275,0,275,553
08/07/2000,SUS,MO,ACE,CE,Towers with Display (VFR),0,8,92,0,100,0,10,109,0,119,0,18,201,0,219,287,0,287,506
08/08/2000,SUS,MO,ACE,CE,Towers with Display (VFR),0,11,125,0,136,0,0,137,0,137,0,11,262,0,273,252,0,252,525
08/09/2000,SUS,MO,ACE,CE,Towers with Display (VFR),2,15,169,0,186,0,3,267,0,270,2,18,436,0,456,441,0,441,897
08/10/2000,SUS,MO,ACE,CE,Towers with Display (VFR),1,15,162,1,179,1,5,279,1,286,2,20,441,2,465,320,0,320,785
08/11/2000,SUS,MO,ACE,CE,Towers with Display (VFR),1,14,156,1,172,0,10,266,2,278,1,24,422,3,450,354,0,354,804
08/12/2000,SUS,MO,ACE,CE,Towers with Display (VFR),0,7,81,0,88,0,8,332,0,340,0,15,413,0,428,434,0,434,862
08/13/2000,SUS,MO,ACE,CE,Towers with Display (VFR),0,10,116,0,126,0,23,226,0,249,0,33,342,0,375,461,0,461,836
08/14/2000,SUS,MO,ACE,CE,Towers with Display (VFR),0,13,143,1,157,0,3,177,1,181,0,16,320,2,338,365,0,365,703
08/15/2000,SUS,MO,ACE,CE,Towers with Display (VFR),1,11,144,1,157,1,0,238,1,240,2,11,382,2,397,683,0,683,1080
08/16/2000,SUS,MO,ACE,CE,Towers with Display (VFR),2,16,167,0,185,2,6,178,0,186,4,22,345,0,371,651,0,651,1022
08/17/2000,SUS,MO,ACE,CE,Towers with Display (VFR),1,15,151,1,168,2,14,174,1,191,3,29,325,2,359,471,0,471,830
08/18/2000,SUS,MO,ACE,CE,Towers with Display (VFR),1,14,142,0,157,1,13,208,0,222,2,27,350,0,379,289,0,289,668
08/19/2000,SUS,MO,ACE,CE,Towers with Display (VFR),0,8,80,0,88,0,2,246,0,248,0,10,326,0,336,345,0,345,681
08/20/2000,SUS,MO,ACE,CE,Towers with Display (VFR),0,11,116,0,127,0,7,80,0,87,0,18,196,0,214,291,0,291,505
08/21/2000,SUS,MO,ACE,CE,Towers with Display (VFR),0,14,141,0,155,2,0,166,0,168,2,14,307,0,323,360,0,360,683
08/22/2000,SUS,MO,ACE,CE,Towers with Display (VFR),0,13,137,0,150,2,5,212,0,219,2,18,349,0,369,610,0,610,979
08/23/2000,SUS,MO,ACE,CE,Towers with Display (VFR),0,16,170,0,186,0,11,215,0,226,0,27,385,0,412,323,0,323,735
08/24/2000,SUS,MO,ACE,CE,Towers with Display (VFR),1,18,186,0,205,2,12,215,0,229,3,30,401,0,434,367,0,367,801
08/25/2000,SUS,MO,ACE,CE,Towers with Display (VFR),0,17,176,2,195,0,10,244,0,254,0,27,420,2,449,450,0,450,899
08/26/2000,SUS,MO,ACE,CE,Towers with Display (VFR),0,8,79,0,87,0,1,167,0,168,0,9,246,0,255,584,0,584,839
08/27/2000,SUS,MO,ACE,CE,Towers with Display (VFR),0,15,155,0,170,0,6,226,0,232,0,21,381,0,402,527,0,527,929
08/28/2000,SUS,MO,ACE,CE,Towers with Display (VFR),0,14,139,0,153,2,1,257,0,260,2,15,396,0,413,148,0,148,561
08/29/2000,SUS,MO,ACE,CE,Towers with Display (VFR),0,12,127,0,139,0,6,248,0,254,0,18,375,0,393,162,0,162,555
08/30/2000,SUS,MO,ACE,CE,Towers with Display (VFR),0,17,184,2,203,0,0,145,5,150,0,17,329,7,353,77,0,77,430
08/31/2000,SUS,MO,ACE,CE,Towers with Display (VFR),0,19,201,1,221,0,7,174,28,209,0,26,375,29,430,34,0,34,464
09/01/2000,SUS,MO,ACE,CE,Towers with Display (VFR),1,9,137,1,148,2,0,182,13,197,3,9,319,14,345,8,0,8,353
09/02/2000,SUS,MO,ACE,CE,Towers with Display (VFR),0,7,65,0,72,0,6,128,2,136,0,13,193,2,208,47,2,49,257
09/03/2000,SUS,MO,ACE,CE,Towers with Display (VFR),0,5,53,0,58,0,3,108,2,113,0,8,161,2,171,56,0,56,227
09/04/2000,SUS,MO,ACE,CE,Towers with Display (VFR),1,10,90,0,101,0,4,71,8,83,1,14,161,8,184,20,0,20,204
09/05/2000,SUS,MO,ACE,CE,Towers with Display (VFR),1,15,142,1,159,2,4,260,17,283,3,19,402,18,442,204,0,204,646
09/06/2000,SUS,MO,ACE,CE,Towers with Display (VFR),0,15,138,0,153,0,19,264,0,283,0,34,402,0,436,221,0,221,657
09/07/2000,SUS,MO,ACE,CE,Towers with Display (VFR),0,18,160,1,179,0,12,269,1,282,0,30,429,2,461,172,2,174,635
09/08/2000,SUS,MO,ACE,CE,Towers with Display (VFR),0,14,132,0,146,0,8,184,0,192,0,22,316,0,338,456,0,456,794
09/09/2000,SUS,MO,ACE,CE,Towers with Display (VFR),0,12,106,0,118,0,7,177,0,184,0,19,283,0,302,468,0,468,770
09/10/2000,SUS,MO,ACE,CE,Towers with Display (VFR),0,16,133,0,149,0,3,246,0,249,0,19,379,0,398,488,0,488,886
09/11/2000,SUS,MO,ACE,CE,Towers with Display (VFR),0,14,117,0,131,0,7,167,0,174,0,21,284,0,305,288,0,288,593
09/12/2000,SUS,MO,ACE,CE,Towers with Display (VFR),0,20,169,1,190,0,2,152,0,154,0,22,321,1,344,396,0,396,740
09/13/2000,SUS,MO,ACE,CE,Towers with Display (VFR),0,15,167,2,184,0,0,301,1,302,0,15,468,3,486,433,0,433,919
09/14/2000,SUS,MO,ACE,CE,Towers with Display (VFR),0,16,137,0,153,0,15,180,0,195,0,31,317,0,348,187,0,187,535
09/15/2000,SUS,MO,ACE,CE,Towers with Display (VFR),0,20,172,2,194,0,4,246,0,250,0,24,418,2,444,253,0,253,697
09/16/2000,SUS,MO,ACE,CE,Towers with Display (VFR),0,13,104,0,117,0,7,337,0,344,0,20,441,0,461,326,0,326,787
09/17/2000,SUS,MO,ACE,CE,Towers with Display (VFR),0,13,103,1,117,0,5,265,1,271,0,18,368,2,388,445,0,445,833
09/18/2000,SUS,MO,ACE,CE,Towers with Display (VFR),0,19,162,0,181,0,4,207,0,211,0,23,369,0,392,568,0,568,960
09/19/2000,SUS,MO,ACE,CE,Towers with Display (VFR),0,15,130,0,145,0,13,143,0,156,0,28,273,0,301,174,0,174,475
09/20/2000,SUS,MO,ACE,CE,Towers with Display (VFR),0,21,179,0,200,0,12,103,0,115,0,33,282,0,315,216,0,216,531
09/21/2000,SUS,MO,ACE,CE,Towers with Display (VFR),0,25,217,0,242,1,7,268,0,276,1,32,485,0,518,518,0,518,1036
09/22/2000,SUS,MO,ACE,CE,Towers with Display (VFR),0,18,151,1,170,1,18,177,0,196,1,36,328,1,366,318,0,318,684
09/23/2000,SUS,MO,ACE,CE,Towers with Display (VFR),0,7,61,0,68,0,12,123,0,135,0,19,184,0,203,430,0,430,633
09/24/2000,SUS,MO,ACE,CE,Towers with Display (VFR),0,17,140,0,157,0,0,0,0,0,0,17,140,0,157,70,0,70,227
09/25/2000,SUS,MO,ACE,CE,Towers with Display (VFR),0,16,135,1,152,0,5,33,0,38,0,21,168,1,190,119,0,119,309
09/26/2000,SUS,MO,ACE,CE,Towers with Display (VFR),0,18,154,1,173,0,28,219,1,248,0,46,373,2,421,464,0,464,885
09/27/2000,SUS,MO,ACE,CE,Towers with Display (VFR),0,18,151,1,170,0,11,299,1,311,0,29,450,2,481,320,0,320,801
09/28/2000,SUS,MO,ACE,CE,Towers with Display (VFR),0,17,142,1,160,0,22,293,0,315,0,39,435,1,475,375,0,375,850
09/29/2000,SUS,MO,ACE,CE,Towers with Display (VFR),0,17,142,1,160,0,22,293,0,315,0,39,435,1,475,375,0,375,850
09/30/2000,SUS,MO,ACE,CE,Towers with Display (VFR),0,13,112,0,125,0,8,282,0,290,0,21,394,0,415,402,0,402,817
10/01/2000,SUS,MO,ACE,CE,Towers with Display (VFR),0,12,85,0,97,0,8,241,0,249,0,20,326,0,346,229,0,229,575
10/02/2000,SUS,MO,ACE,CE,Towers with Display (VFR),0,15,105,0,120,0,6,206,3,215,0,21,311,3,335,429,0,429,764
10/03/2000,SUS,MO,ACE,CE,Towers with Display (VFR),0,24,162,0,186,0,8,232,2,242,0,32,394,2,428,347,0,347,775
10/04/2000,SUS,MO,ACE,CE,Towers with Display (VFR),0,22,144,0,166,0,7,57,0,64,0,29,201,0,230,191,0,191,421
10/05/2000,SUS,MO,ACE,CE,Towers with Display (VFR),1,34,204,0,239,6,7,0,0,13,7,41,204,0,252,36,0,36,288
10/06/2000,SUS,MO,ACE,CE,Towers with Display (VFR),1,24,161,0,186,1,21,162,0,184,2,45,323,0,370,113,0,113,483
10/07/2000,SUS,MO,ACE,CE,Towers with Display (VFR),0,15,103,0,118,0,9,260,0,269,0,24,363,0,387,354,0,354,741
10/08/2000,SUS,MO,ACE,CE,Towers with Display (VFR),0,14,97,0,111,0,13,230,2,245,0,27,327,2,356,142,0,142,498
10/09/2000,SUS,MO,ACE,CE,Towers with Display (VFR),0,18,124,0,142,0,14,223,2,239,0,32,347,2,381,388,0,388,769
10/10/2000,SUS,MO,ACE,CE,Towers with Display (VFR),0,22,141,0,163,0,11,301,2,314,0,33,442,2,477,303,0,303,780
10/11/2000,SUS,MO,ACE,CE,Towers with Display (VFR),0,24,150,0,174,0,15,240,0,255,0,39,390,0,429,341,0,341,770
10/12/2000,SUS,MO,ACE,CE,Towers with Display (VFR),1,21,133,0,155,0,16,231,2,249,1,37,364,2,404,323,0,323,727
10/13/2000,SUS,MO,ACE,CE,Towers with Display (VFR),1,20,140,0,161,2,0,218,4,224,3,20,358,4,385,318,0,318,703
10/14/2000,SUS,MO,ACE,CE,Towers with Display (VFR),0,14,87,0,101,0,8,191,3,202,0,22,278,3,303,319,0,319,622
10/15/2000,SUS,MO,ACE,CE,Towers with Display (VFR),0,17,118,0,135,0,0,12,0,12,0,17,130,0,147,52,0,52,199
10/16/2000,SUS,MO,ACE,CE,Towers with Display (VFR),0,19,115,0,134,0,8,0,0,8,0,27,115,0,142,2,0,2,144
10/17/2000,SUS,MO,ACE,CE,Towers with Display (VFR),0,24,152,1,177,0,5,161,5,171,0,29,313,6,348,640,0,640,988
10/18/2000,SUS,MO,ACE,CE,Towers with Display (VFR),0,27,170,1,198,0,3,300,0,303,0,30,470,1,501,337,0,337,838
10/19/2000,SUS,MO,ACE,CE,Towers with Display (VFR),0,27,172,1,200,3,12,271,1,287,3,39,443,2,487,370,0,370,857
10/20/2000,SUS,MO,ACE,CE,Towers with Display (VFR),0,27,173,1,201,0,15,213,0,228,0,42,386,1,429,392,0,392,821
10/21/2000,SUS,MO,ACE,CE,Towers with Display (VFR),0,14,88,0,102,0,1,305,0,306,0,15,393,0,408,309,0,309,717
10/22/2000,SUS,MO,ACE,CE,Towers with Display (VFR),0,20,126,0,146,0,3,41,0,44,0,23,167,0,190,130,0,130,320
10/23/2000,SUS,MO,ACE,CE,Towers with Display (VFR),0,24,152,0,176,0,12,90,0,102,0,36,242,0,278,300,0,300,578
10/24/2000,SUS,MO,ACE,CE,Towers with Display (VFR),0,27,169,0,196,0,23,150,0,173,0,50,319,0,369,405,0,405,774
10/25/2000,SUS,MO,ACE,CE,Towers with Display (VFR),0,33,206,1,240,0,0,189,0,189,0,33,395,1,429,488,0,488,917
10/26/2000,SUS,MO,ACE,CE,Towers with Display (VFR),0,22,164,0,186,0,0,94,0,94,0,22,258,0,280,397,0,397,677
10/27/2000,SUS,MO,ACE,CE,Towers with Display (VFR),0,20,160,0,180,0,0,168,0,168,0,20,328,0,348,492,0,492,840
10/28/2000,SUS,MO,ACE,CE,Towers with Display (VFR),0,15,139,0,154,0,0,31,0,31,0,15,170,0,185,26,0,26,211
10/29/2000,SUS,MO,ACE,CE,Towers with Display (VFR),0,17,109,0,126,0,3,155,2,160,0,20,264,2,286,446,0,446,732
10/30/2000,SUS,MO,ACE,CE,Towers with Display (VFR),0,25,157,0,182,2,3,161,2,168,2,28,318,2,350,450,0,450,800
10/31/2000,SUS,MO,ACE,CE,Towers with Display (VFR),0,17,123,0,140,0,0,65,0,65,0,17,188,0,205,198,0,198,403
11/01/2000,SUS,MO,ACE,CE,Towers with Display (VFR),1,22,171,0,194,1,0,123,0,124,2,22,294,0,318,254,0,254,572
11/02/2000,SUS,MO,ACE,CE,Towers with Display (VFR),0,20,150,0,170,0,2,120,0,122,0,22,270,0,292,198,0,198,490
11/03/2000,SUS,MO,ACE,CE,Towers with Display (VFR),0,21,159,0,180,0,6,207,0,213,0,27,366,0,393,297,0,297,690
11/04/2000,SUS,MO,ACE,CE,Towers with Display (VFR),0,12,93,0,105,0,6,341,0,347,0,18,434,0,452,498,0,498,950
11/05/2000,SUS,MO,ACE,CE,Towers with Display (VFR),0,14,120,0,134,0,0,212,0,212,0,14,332,0,346,302,0,302,648
11/06/2000,SUS,MO,ACE,CE,Towers with Display (VFR),0,17,127,0,144,0,6,16,0,22,0,23,143,0,166,62,0,62,228
11/07/2000,SUS,MO,ACE,CE,Towers with Display (VFR),0,17,125,1,143,0,1,159,1,161,0,18,284,2,304,385,0,385,689
11/08/2000,SUS,MO,ACE,CE,Towers with Display (VFR),0,22,166,1,189,0,8,151,0,159,0,30,317,1,348,312,0,312,660
11/09/2000,SUS,MO,ACE,CE,Towers with Display (VFR),0,19,144,0,163,0,5,0,0,5,0,24,144,0,168,0,0,0,168
11/10/2000,SUS,MO,ACE,CE,Towers with Display (VFR),0,16,117,0,133,0,6,77,0,83,0,22,194,0,216,433,0,433,649
11/11/2000,SUS,MO,ACE,CE,Towers with Display (VFR),0,9,66,0,75,0,9,77,0,86,0,18,143,0,161,384,0,384,545
11/12/2000,SUS,MO,ACE,CE,Towers with Display (VFR),0,14,101,1,116,0,5,133,3,141,0,19,234,4,257,401,0,401,658
11/13/2000,SUS,MO,ACE,CE,Towers with Display (VFR),0,18,138,0,156,0,5,137,0,142,0,23,275,0,298,286,0,286,584
11/14/2000,SUS,MO,ACE,CE,Towers with Display (VFR),0,21,157,0,178,0,7,181,0,188,0,28,338,0,366,280,0,280,646
11/15/2000,SUS,MO,ACE,CE,Towers with Display (VFR),0,21,158,0,179,0,4,252,0,256,0,25,410,0,435,351,0,351,786
11/16/2000,SUS,MO,ACE,CE,Towers with Display (VFR),0,23,167,0,190,0,4,111,0,115,0,27,278,0,305,190,0,190,495
11/17/2000,SUS,MO,ACE,CE,Towers with Display (VFR),0,19,144,0,163,0,6,155,0,161,0,25,299,0,324,320,0,320,644
11/18/2000,SUS,MO,ACE,CE,Towers with Display (VFR),0,11,82,0,93,0,7,263,0,270,0,18,345,0,363,316,0,316,679
11/19/2000,SUS,MO,ACE,CE,Towers with Display (VFR),0,10,73,0,83,0,13,157,3,173,0,23,230,3,256,249,0,249,505
11/20/2000,SUS,MO,ACE,CE,Towers with Display (VFR),0,19,142,0,161,1,3,107,3,114,1,22,249,3,275,124,0,124,399
11/21/2000,SUS,MO,ACE,CE,Towers with Display (VFR),0,14,134,0,148,0,0,246,1,247,0,14,380,1,395,333,0,333,728
11/22/2000,SUS,MO,ACE,CE,Towers with Display (VFR),0,17,135,0,152,0,0,245,2,247,0,17,380,2,399,336,0,336,735
11/23/2000,SUS,MO,ACE,CE,Towers with Display (VFR),0,4,37,0,41,0,7,78,0,85,0,11,115,0,126,66,0,66,192
11/24/2000,SUS,MO,ACE,CE,Towers with Display (VFR),0,11,85,0,96,0,1,190,0,191,0,12,275,0,287,292,0,292,579
11/25/2000,SUS,MO,ACE,CE,Towers with Display (VFR),0,9,71,0,80,0,2,0,0,2,0,11,71,0,82,12,0,12,94
11/26/2000,SUS,MO,ACE,CE,Towers with Display (VFR),0,15,113,0,128,0,4,201,1,206,0,19,314,1,334,295,0,295,629
11/27/2000,SUS,MO,ACE,CE,Towers with Display (VFR),0,17,127,0,144,0,8,72,3,83,0,25,199,3,227,198,0,198,425
11/28/2000,SUS,MO,ACE,CE,Towers with Display (VFR),0,21,156,0,177,0,10,233,0,243,0,31,389,0,420,321,0,321,741
11/29/2000,SUS,MO,ACE,CE,Towers with Display (VFR),0,17,126,0,143,0,8,117,0,125,0,25,243,0,268,74,0,74,342
11/30/2000,SUS,MO,ACE,CE,Towers with Display (VFR),0,21,155,0,176,0,8,179,0,187,0,29,334,0,363,399,0,399,762
12/01/2000,SUS,MO,ACE,CE,Towers with Display (VFR),0,20,106,0,126,0,18,38,1,57,0,38,144,1,183,178,0,178,361
12/02/2000,SUS,MO,ACE,CE,Towers with Display (VFR),0,7,39,0,46,0,4,44,2,50,0,11,83,2,96,86,0,86,182
12/03/2000,SUS,MO,ACE,CE,Towers with Display (VFR),0,14,74,0,88,0,7,257,2,266,0,21,331,2,354,427,0,427,781
12/04/2000,SUS,MO,ACE,CE,Towers with Display (VFR),0,21,119,0,140,0,0,188,0,188,0,21,307,0,328,378,0,378,706
12/05/2000,SUS,MO,ACE,CE,Towers with Display (VFR),0,20,121,0,141,0,0,179,0,179,0,20,300,0,320,188,0,188,508
12/06/2000,SUS,MO,ACE,CE,Towers with Display (VFR),0,17,96,0,113,0,0,95,0,95,0,17,191,0,208,257,0,257,465
12/07/2000,SUS,MO,ACE,CE,Towers with Display (VFR),0,11,134,0,145,0,0,169,0,169,0,11,303,0,314,234,0,234,548
12/08/2000,SUS,MO,ACE,CE,Towers with Display (VFR),0,15,132,0,147,0,0,197,0,197,0,15,329,0,344,305,0,305,649
12/09/2000,SUS,MO,ACE,CE,Towers with Display (VFR),0,14,79,1,94,1,1,237,1,240,1,15,316,2,334,345,0,345,679
12/10/2000,SUS,MO,ACE,CE,Towers with Display (VFR),0,17,101,0,118,1,0,42,0,43,1,17,143,0,161,469,0,469,630
12/11/2000,SUS,MO,ACE,CE,Towers with Display (VFR),0,10,60,0,70,0,0,4,0,4,0,10,64,0,74,0,0,0,74
12/12/2000,SUS,MO,ACE,CE,Towers with Display (VFR),0,26,137,0,163,2,0,86,0,88,2,26,223,0,251,188,0,188,439
12/13/2000,SUS,MO,ACE,CE,Towers with Display (VFR),0,14,71,0,85,1,4,0,0,5,1,18,71,0,90,0,0,0,90
12/14/2000,SUS,MO,ACE,CE,Towers with Display (VFR),0,22,120,0,142,0,11,36,0,47,0,33,156,0,189,62,0,62,251
12/15/2000,SUS,MO,ACE,CE,Towers with Display (VFR),0,12,72,0,84,0,0,2,0,2,0,12,74,0,86,0,0,0,86
12/16/2000,SUS,MO,ACE,CE,Towers with Display (VFR),0,4,25,0,29,0,2,9,0,11,0,6,34,0,40,41,0,41,81
12/17/2000,SUS,MO,ACE,CE,Towers with Display (VFR),0,5,53,0,58,0,0,70,0,70,0,5,123,0,128,15,0,15,143
12/18/2000,SUS,MO,ACE,CE,Towers with Display (VFR),0,20,107,0,127,0,8,27,0,35,0,28,134,0,162,62,0,62,224
12/19/2000,SUS,MO,ACE,CE,Towers with Display (VFR),0,25,135,0,160,2,34,95,3,134,2,59,230,3,294,98,0,98,392
12/20/2000,SUS,MO,ACE,CE,Towers with Display (VFR),0,23,123,0,146,0,0,101,1,102,0,23,224,1,248,137,0,137,385
12/21/2000,SUS,MO,ACE,CE,Towers with Display (VFR),0,22,121,0,143,0,30,66,1,97,0,52,187,1,240,151,0,151,391
12/22/2000,SUS,MO,ACE,CE,Towers with Display (VFR),0,19,103,0,122,0,12,117,0,129,0,31,220,0,251,262,0,262,513
12/23/2000,SUS,MO,ACE,CE,Towers with Display (VFR),0,7,50,0,57,1,0,87,0,88,1,7,137,0,145,99,0,99,244
12/24/2000,SUS,MO,ACE,CE,Towers with Display (VFR),0,4,22,0,26,0,5,60,0,65,0,9,82,0,91,32,0,32,123
12/25/2000,SUS,MO,ACE,CE,Towers with Display (VFR),0,2,16,0,18,0,12,28,0,40,0,14,44,0,58,6,0,6,64
12/26/2000,SUS,MO,ACE,CE,Towers with Display (VFR),0,13,73,0,86,0,6,3,1,10,0,19,76,1,96,0,0,0,96
12/27/2000,SUS,MO,ACE,CE,Towers with Display (VFR),0,14,78,0,92,0,19,0,1,20,0,33,78,1,112,104,0,104,216
12/28/2000,SUS,MO,ACE,CE,Towers with Display (VFR),0,14,78,0,92,0,5,110,0,115,0,19,188,0,207,288,0,288,495
12/29/2000,SUS,MO,ACE,CE,Towers with Display (VFR),0,8,46,0,54,0,4,0,0,4,0,12,46,0,58,387,0,387,445
12/30/2000,SUS,MO,ACE,CE,Towers with Display (VFR),0,6,36,0,42,0,1,52,0,53,0,7,88,0,95,249,0,249,344
12/31/2000,SUS,MO,ACE,CE,Towers with Display (VFR),0,8,44,0,52,0,8,35,0,43,0,16,79,0,95,103,0,103,198
01/01/2001,SUS,MO,ACE,CE,Towers with Display (VFR),0,7,50,0,57,0,14,54,0,68,0,21,104,0,125,92,0,92,217
01/02/2001,SUS,MO,ACE,CE,Towers with Display (VFR),0,13,99,0,112,0,4,113,0,117,0,17,212,0,229,274,0,274,503
01/03/2001,SUS,MO,ACE,CE,Towers with Display (VFR),1,16,115,0,132,1,13,103,3,120,2,29,218,3,252,248,0,248,500
01/04/2001,SUS,MO,ACE,CE,Towers with Display (VFR),1,17,128,0,146,1,0,113,2,116,2,17,241,2,262,214,0,214,476
01/05/2001,SUS,MO,ACE,CE,Towers with Display (VFR),0,12,90,0,102,0,2,156,3,161,0,14,246,3,263,176,2,178,441
01/06/2001,SUS,MO,ACE,CE,Towers with Display (VFR),0,12,92,0,104,0,4,311,1,316,0,16,403,1,420,506,0,506,926
01/07/2001,SUS,MO,ACE,CE,Towers with Display (VFR),0,11,71,0,82,0,4,174,2,180,0,15,245,2,262,334,0,334,596
01/08/2001,SUS,MO,ACE,CE,Towers with Display (VFR),0,15,103,0,118,0,6,69,1,76,0,21,172,1,194,280,0,280,474
01/09/2001,SUS,MO,ACE,CE,Towers with Display (VFR),0,20,142,0,162,0,15,172,1,188,0,35,314,1,350,283,0,283,633
01/10/2001,SUS,MO,ACE,CE,Towers with Display (VFR),0,13,116,1,130,0,0,156,0,156,0,13,272,1,286,351,0,351,637
01/11/2001,SUS,MO,ACE,CE,Towers with Display (VFR),0,18,136,0,154,0,4,30,0,34,0,22,166,0,188,118,0,118,306
01/12/2001,SUS,MO,ACE,CE,Towers with Display (VFR),0,16,118,0,134,0,14,0,0,14,0,30,118,0,148,17,0,17,165
01/13/2001,SUS,MO,ACE,CE,Towers with Display (VFR),0,12,86,0,98,0,0,37,0,37,0,12,123,0,135,344,0,344,479
01/14/2001,SUS,MO,ACE,CE,Towers with Display (VFR),0,11,80,0,91,0,7,68,0,75,0,18,148,0,166,170,0,170,336
01/15/2001,SUS,MO,ACE,CE,Towers with Display (VFR),0,17,137,0,154,0,0,169,4,173,0,17,306,4,327,460,0,460,787
01/16/2001,SUS,MO,ACE,CE,Towers with Display (VFR),0,17,127,0,144,0,3,131,2,136,0,20,258,2,280,422,0,422,702
01/17/2001,SUS,MO,ACE,CE,Towers with Display (VFR),0,20,145,0,165,0,4,100,5,109,0,24,245,5,274,392,0,392,666
01/18/2001,SUS,MO,ACE,CE,Towers with Display (VFR),0,20,152,0,172,0,0,192,2,194,0,20,344,2,366,352,0,352,718
01/19/2001,SUS,MO,ACE,CE,Towers with Display (VFR),0,13,101,0,114,0,4,49,1,54,0,17,150,1,168,108,0,108,276
01/20/2001,SUS,MO,ACE,CE,Towers with Display (VFR),0,9,76,0,85,0,0,149,0,149,0,9,225,0,234,502,0,502,736
01/21/2001,SUS,MO,ACE,CE,Towers with Display (VFR),0,17,127,0,144,0,10,308,0,318,0,27,435,0,462,544,0,544,1006
01/22/2001,SUS,MO,ACE,CE,Towers with Display (VFR),0,13,97,0,110,0,4,194,1,199,0,17,291,1,309,417,0,417,726
01/23/2001,SUS,MO,ACE,CE,Towers with Display (VFR),0,20,151,0,171,0,1,182,0,183,0,21,333,0,354,374,0,374,728
01/24/2001,SUS,MO,ACE,CE,Towers with Display (VFR),0,20,144,0,164,0,5,157,1,163,0,25,301,1,327,145,0,145,472
01/25/2001,SUS,MO,ACE,CE,Towers with Display (VFR),0,21,155,0,176,0,0,226,1,227,0,21,381,1,403,385,0,385,788
01/26/2001,SUS,MO,ACE,CE,Towers with Display (VFR),0,13,96,0,109,0,10,15,1,26,0,23,111,1,135,33,0,33,168
01/27/2001,SUS,MO,ACE,CE,Towers with Display (VFR),0,11,84,0,95,0,1,319,3,323,0,12,403,3,418,507,0,507,925
01/28/2001,SUS,MO,ACE,CE,Towers with Display (VFR),0,7,53,0,60,0,8,24,0,32,0,15,77,0,92,84,0,84,176
01/29/2001,SUS,MO,ACE,CE,Towers with Display (VFR),0,16,115,0,131,0,8,0,0,8,0,24,115,0,139,6,0,6,145
01/30/2001,SUS,MO,ACE,CE,Towers with Display (VFR),0,17,124,0,141,0,4,23,0,27,0,21,147,0,168,58,0,58,226
01/31/2001,SUS,MO,ACE,CE,Towers with Display (VFR),0,8,122,0,130,2,0,55,1,58,2,8,177,1,188,123,0,123,311
02/01/2001,SUS,MO,ACE,CE,Towers with Display (VFR),0,22,144,4,170,0,7,197,0,204,0,29,341,4,374,441,0,441,815
02/02/2001,SUS,MO,ACE,CE,Towers with Display (VFR),0,20,148,1,169,1,1,239,0,241,1,21,387,1,410,252,0,252,662
02/03/2001,SUS,MO,ACE,CE,Towers with Display (VFR),0,9,61,0,70,0,3,277,0,280,0,12,338,0,350,353,0,353,703
02/04/2001,SUS,MO,ACE,CE,Towers with Display (VFR),0,11,75,1,87,0,8,166,0,174,0,19,241,1,261,270,0,270,531
02/05/2001,SUS,MO,ACE,CE,Towers with Display (VFR),0,12,82,1,95,0,1,188,0,189,0,13,270,1,284,392,0,392,676
02/06/2001,SUS,MO,ACE,CE,Towers with Display (VFR),0,18,131,3,152,0,0,218,0,218,0,18,349,3,370,219,0,219,589
02/07/2001,SUS,MO,ACE,CE,Towers with Display (VFR),0,21,152,1,174,0,0,171,0,171,0,21,323,1,345,317,0,317,662
02/08/2001,SUS,MO,ACE,CE,Towers with Display (VFR),0,21,150,0,171,0,7,89,0,96,0,28,239,0,267,154,0,154,421
02/09/2001,SUS,MO,ACE,CE,Towers with Display (VFR),0,12,85,0,97,0,3,18,0,21,0,15,103,0,118,34,0,34,152
02/10/2001,SUS,MO,ACE,CE,Towers with Display (VFR),0,9,67,0,76,0,4,308,0,312,0,13,375,0,388,470,0,470,858
02/11/2001,SUS,MO,ACE,CE,Towers with Display (VFR),0,12,89,0,101,0,6,273,0,279,0,18,362,0,380,460,0,460,840
02/12/2001,SUS,MO,ACE,CE,Towers with Display (VFR),0,16,115,2,133,0,7,113,0,120,0,23,228,2,253,480,0,480,733
02/13/2001,SUS,MO,ACE,CE,Towers with Display (VFR),0,12,136,1,149,0,0,15,0,15,0,12,151,1,164,28,0,28,192
02/14/2001,SUS,MO,ACE,CE,Towers with Display (VFR),0,13,93,1,107,0,5,0,0,5,0,18,93,1,112,4,0,4,116
02/15/2001,SUS,MO,ACE,CE,Towers with Display (VFR),0,16,112,0,128,0,6,0,0,6,0,22,112,0,134,0,0,0,134
02/16/2001,SUS,MO,ACE,CE,Towers with Display (VFR),0,16,115,0,131,0,28,59,0,87,0,44,174,0,218,106,0,106,324
02/17/2001,SUS,MO,ACE,CE,Towers with Display (VFR),0,12,80,0,92,0,1,273,0,274,0,13,353,0,366,513,0,513,879
02/18/2001,SUS,MO,ACE,CE,Towers with Display (VFR),0,9,76,0,85,0,0,309,0,309,0,9,385,0,394,441,0,441,835
02/19/2001,SUS,MO,ACE,CE,Towers with Display (VFR),0,15,107,0,122,0,13,229,0,242,0,28,336,0,364,452,0,452,816
02/20/2001,SUS,MO,ACE,CE,Towers with Display (VFR),0,16,147,0,163,0,0,188,0,188,0,16,335,0,351,385,0,385,736
02/21/2001,SUS,MO,ACE,CE,Towers with Display (VFR),0,18,132,6,156,0,2,113,0,115,0,20,245,6,271,332,0,332,603
02/22/2001,SUS,MO,ACE,CE,Towers with Display (VFR),0,19,138,0,157,0,9,42,0,51,0,28,180,0,208,141,0,141,349
02/23/2001,SUS,MO,ACE,CE,Towers with Display (VFR),0,16,112,0,128,0,4,33,0,37,0,20,145,0,165,90,0,90,255
02/24/2001,SUS,MO,ACE,CE,Towers with Display (VFR),0,4,31,0,35,0,1,3,0,4,0,5,34,0,39,0,0,0,39
02/25/2001,SUS,MO,ACE,CE,Towers with Display (VFR),0,9,63,0,72,0,15,58,0,73,0,24,121,0,145,68,0,68,213
02/26/2001,SUS,MO,ACE,CE,Towers with Display (VFR),0,20,140,2,162,0,1,230,0,231,0,21,370,2,393,418,0,418,811
02/27/2001,SUS,MO,ACE,CE,Towers with Display (VFR),0,14,98,0,112,0,10,1,0,11,0,24,99,0,123,14,0,14,137
02/28/2001,SUS,MO,ACE,CE,Towers with Display (VFR),0,18,124,4,146,0,11,192,0,203,0,29,316,4,349,269,0,269,618
03/01/2001,SUS,MO,ACE,CE,Towers with Display (VFR),0,19,139,0,158,0,8,140,3,151,0,27,279,3,309,354,0,354,663
03/02/2001,SUS,MO,ACE,CE,Towers with Display (VFR),0,19,140,1,160,0,12,201,7,220,0,31,341,8,380,398,0,398,778
03/03/2001,SUS,MO,ACE,CE,Towers with Display (VFR),0,14,121,0,135,0,0,202,0,202,0,14,323,0,337,775,0,775,1112
03/04/2001,SUS,MO,ACE,CE,Towers with Display (VFR),0,14,98,0,112,0,3,104,0,107,0,17,202,0,219,436,0,436,655
03/05/2001,SUS,MO,ACE,CE,Towers with Display (VFR),0,15,102,0,117,0,9,147,0,156,0,24,249,0,273,164,0,164,437
03/06/2001,SUS,MO,ACE,CE,Towers with Display (VFR),0,18,124,0,142,0,14,235,0,249,0,32,359,0,391,326,0,326,717
03/07/2001,SUS,MO,ACE,CE,Towers with Display (VFR),0,19,129,1,149,0,6,254,1,261,0,25,383,2,410,354,0,354,764
03/08/2001,SUS,MO,ACE,CE,Towers with Display (VFR),0,19,131,0,150,0,10,257,0,267,0,29,388,0,417,343,0,343,760
03/09/2001,SUS,MO,ACE,CE,Towers with Display (VFR),0,15,118,1,134,0,0,301,0,301,0,15,419,1,435,459,0,459,894
03/10/2001,SUS,MO,ACE,CE,Towers with Display (VFR),0,13,91,0,104,0,5,316,0,321,0,18,407,0,425,353,0,353,778
03/11/2001,SUS,MO,ACE,CE,Towers with Display (VFR),0,17,117,1,135,0,1,133,1,135,0,18,250,2,270,418,0,418,688
03/12/2001,SUS,MO,ACE,CE,Towers with Display (VFR),0,18,128,1,147,0,11,98,0,109,0,29,226,1,256,362,0,362,618
03/13/2001,SUS,MO,ACE,CE,Towers with Display (VFR),0,18,125,1,144,0,10,68,1,79,0,28,193,2,223,43,0,43,266
03/14/2001,SUS,MO,ACE,CE,Towers with Display (VFR),0,24,166,0,190,0,9,285,0,294,0,33,451,0,484,339,0,339,823
03/15/2001,SUS,MO,ACE,CE,Towers with Display (VFR),0,16,110,0,126,1,6,32,0,39,1,22,142,0,165,228,0,228,393
03/16/2001,SUS,MO,ACE,CE,Towers with Display (VFR),0,16,115,1,132,0,30,17,5,52,0,46,132,6,184,60,0,60,244
03/17/2001,SUS,MO,ACE,CE,Towers with Display (VFR),0,18,122,0,140,0,3,247,0,250,0,21,369,0,390,557,0,557,947
03/18/2001,SUS,MO,ACE,CE,Towers with Display (VFR),0,14,122,0,136,0,0,326,0,326,0,14,448,0,462,433,0,433,895
03/19/2001,SUS,MO,ACE,CE,Towers with Display (VFR),0,22,156,0,178,0,7,241,2,250,0,29,397,2,428,436,0,436,864
03/20/2001,SUS,MO,ACE,CE,Towers with Display (VFR),0,17,120,0,137,0,5,256,0,261,0,22,376,0,398,243,0,243,641
03/21/2001,SUS,MO,ACE,CE,Towers with Display (VFR),0,21,147,0,168,0,8,232,0,240,0,29,379,0,408,268,0,268,676
03/22/2001,SUS,MO,ACE,CE,Towers with Display (VFR),0,24,193,0,217,0,0,145,0,145,0,24,338,0,362,275,0,275,637
03/23/2001,SUS,MO,ACE,CE,Towers with Display (VFR),0,24,164,0,188,0,1,192,0,193,0,25,356,0,381,479,0,479,860
03/24/2001,SUS,MO,ACE,CE,Towers with Display (VFR),0,14,95,0,109,0,11,152,0,163,0,25,247,0,272,191,0,191,463
03/25/2001,SUS,MO,ACE,CE,Towers with Display (VFR),0,12,85,0,97,0,3,161,0,164,0,15,246,0,261,394,0,394,655
03/26/2001,SUS,MO,ACE,CE,Towers with Display (VFR),0,18,122,0,140,0,6,163,0,169,0,24,285,0,309,266,0,266,575
03/27/2001,SUS,MO,ACE,CE,Towers with Display (VFR),0,20,139,0,159,0,15,187,0,202,0,35,326,0,361,298,0,298,659
03/28/2001,SUS,MO,ACE,CE,Towers with Display (VFR),0,22,150,0,172,0,7,105,0,112,0,29,255,0,284,281,0,281,565
03/29/2001,SUS,MO,ACE,CE,Towers with Display (VFR),0,21,149,0,170,0,6,67,0,73,0,27,216,0,243,228,0,228,471
03/30/2001,SUS,MO,ACE,CE,Towers with Display (VFR),0,19,133,0,152,6,8,131,0,145,6,27,264,0,297,315,0,315,612
03/31/2001,SUS,MO,ACE,CE,Towers with Display (VFR),0,12,87,0,99,0,8,116,1,125,0,20,203,1,224,352,0,352,576
04/01/2001,SUS,MO,ACE,CE,Towers with Display (VFR),0,17,118,0,135,0,17,224,1,242,0,34,342,1,377,363,0,363,740
04/02/2001,SUS,MO,ACE,CE,Towers with Display (VFR),0,14,100,0,114,0,13,102,0,115,0,27,202,0,229,253,0,253,482
04/03/2001,SUS,MO,ACE,CE,Towers with Display (VFR),0,19,136,0,155,0,9,35,0,44,0,28,171,0,199,142,0,142,341
04/04/2001,SUS,MO,ACE,CE,Towers with Display (VFR),0,19,134,0,153,0,3,146,2,151,0,22,280,2,304,438,0,438,742
04/05/2001,SUS,MO,ACE,CE,Towers with Display (VFR),0,23,164,0,187,2,8,186,0,196,2,31,350,0,383,420,0,420,803
04/06/2001,SUS,MO,ACE,CE,Towers with Display (VFR),0,23,164,0,187,0,10,166,0,176,0,33,330,0,363,446,0,446,809
04/07/2001,SUS,MO,ACE,CE,Towers with Display (VFR),0,9,60,1,70,0,4,47,1,52,0,13,107,2,122,76,0,76,198
04/08/2001,SUS,MO,ACE,CE,Towers with Display (VFR),0,19,124,0,143,0,12,200,0,212,0,31,324,0,355,486,0,486,841
04/09/2001,SUS,MO,ACE,CE,Towers with Display (VFR),0,16,109,0,125,0,2,222,0,224,0,18,331,0,349,373,0,373,722
04/10/2001,SUS,MO,ACE,CE,Towers with Display (VFR),0,17,129,1,147,0,0,111,1,112,0,17,240,2,259,256,0,256,515
04/11/2001,SUS,MO,ACE,CE,Towers with Display (VFR),0,15,97,0,112,0,11,52,0,63,0,26,149,0,175,107,0,107,282
04/12/2001,SUS,MO,ACE,CE,Towers with Display (VFR),0,24,167,0,191,0,8,156,0,164,0,32,323,0,355,178,0,178,533
04/13/2001,SUS,MO,ACE,CE,Towers with Display (VFR),0,16,108,0,124,0,0,281,0,281,0,16,389,0,405,354,0,354,759
04/14/2001,SUS,MO,ACE,CE,Towers with Display (VFR),0,7,78,1,86,2,0,319,3,324,2,7,397,4,410,419,0,419,829
04/15/2001,SUS,MO,ACE,CE,Towers with Display (VFR),0,10,64,0,74,0,9,77,0,86,0,19,141,0,160,193,0,193,353
04/16/2001,SUS,MO,ACE,CE,Towers with Display (VFR),0,21,138,1,160,0,18,93,2,113,0,39,231,3,273,163,0,163,436
04/17/2001,SUS,MO,ACE,CE,Towers with Display (VFR),0,21,141,1,163,0,4,137,0,141,0,25,278,1,304,166,0,166,470
04/18/2001,SUS,MO,ACE,CE,Towers with Display (VFR),0,27,187,2,216,0,7,270,6,283,0,34,457,8,499,365,0,365,864
04/19/2001,SUS,MO,ACE,CE,Towers with Display (VFR),0,18,158,0,176,0,0,144,0,144,0,18,302,0,320,162,0,162,482
04/20/2001,SUS,MO,ACE,CE,Towers with Display (VFR),0,24,159,0,183,0,5,110,0,115,0,29,269,0,298,138,0,138,436
04/21/2001,SUS,MO,ACE,CE,Towers with Display (VFR),0,9,64,0,73,0,9,117,0,126,0,18,181,0,199,104,0,104,303
04/22/2001,SUS,MO,ACE,CE,Towers with Display (VFR),0,12,84,0,96,0,11,83,0,94,0,23,167,0,190,52,0,52,242
04/23/2001,SUS,MO,ACE,CE,Towers with Display (VFR),0,17,111,0,128,0,2,51,0,53,0,19,162,0,181,74,0,74,255
04/24/2001,SUS,MO,ACE,CE,Towers with Display (VFR),0,22,148,0,170,0,1,298,0,299,0,23,446,0,469,329,0,329,798
04/25/2001,SUS,MO,ACE,CE,Towers with Display (VFR),0,29,197,0,226,0,6,310,0,316,0,35,507,0,542,561,0,561,1103
04/26/2001,SUS,MO,ACE,CE,Towers with Display (VFR),0,25,170,1,196,0,10,276,3,289,0,35,446,4,485,458,0,458,943
04/27/2001,SUS,MO,ACE,CE,Towers with Display (VFR),0,21,140,0,161,0,13,185,0,198,0,34,325,0,359,305,0,305,664
04/28/2001,SUS,MO,ACE,CE,Towers with Display (VFR),0,12,85,0,97,0,7,276,0,283,0,19,361,0,380,510,0,510,890
04/29/2001,SUS,MO,ACE,CE,Towers with Display (VFR),0,13,89,0,102,0,13,301,2,316,0,26,390,2,418,298,0,298,716
04/30/2001,SUS,MO,ACE,CE,Towers with Display (VFR),0,13,86,0,99,0,12,130,2,144,0,25,216,2,243,124,0,124,367
05/01/2001,SUS,MO,ACE,CE,Towers with Display (VFR),0,19,132,0,151,0,9,196,0,205,0,28,328,0,356,308,0,308,664
05/02/2001,SUS,MO,ACE,CE,Towers with Display (VFR),0,18,127,0,145,0,11,198,0,209,0,29,325,0,354,294,0,294,648
05/03/2001,SUS,MO,ACE,CE,Towers with Display (VFR),0,23,164,1,188,0,13,163,1,177,0,36,327,2,365,260,0,260,625
05/04/2001,SUS,MO,ACE,CE,Towers with Display (VFR),0,18,127,1,146,3,1,141,4,149,3,19,268,5,295,398,0,398,693
05/05/2001,SUS,MO,ACE,CE,Towers with Display (VFR),0,15,99,1,115,0,1,152,1,154,0,16,251,2,269,299,0,299,568
05/06/2001,SUS,MO,ACE,CE,Towers with Display (VFR),0,14,89,1,104,0,6,85,6,97,0,20,174,7,201,184,16,200,401
05/07/2001,SUS,MO,ACE,CE,Towers with Display (VFR),0,18,128,0,146,0,0,139,0,139,0,18,267,0,285,297,0,297,582
05/08/2001,SUS,MO,ACE,CE,Towers with Display (VFR),0,24,162,2,188,0,8,266,0,274,0,32,428,2,462,487,1,488,950
05/09/2001,SUS,MO,ACE,CE,Towers with Display (VFR),0,24,165,0,189,0,3,296,0,299,0,27,461,0,488,471,0,471,959
05/10/2001,SUS,MO,ACE,CE,Towers with Display (VFR),0,23,155,0,178,0,3,166,0,169,0,26,321,0,347,244,0,244,591
05/11/2001,SUS,MO,ACE,CE,Towers with Display (VFR),0,16,105,0,121,0,7,139,0,146,0,23,244,0,267,308,0,308,575
05/12/2001,SUS,MO,ACE,CE,Towers with Display (VFR),0,14,89,0,103,0,4,591,0,595,0,18,680,0,698,341,0,341,1039
05/13/2001,SUS,MO,ACE,CE,Towers with Display (VFR),0,12,78,0,90,0,11,178,0,189,0,23,256,0,279,375,0,375,654
05/14/2001,SUS,MO,ACE,CE,Towers with Display (VFR),0,12,105,0,117,0,0,221,0,221,0,12,326,0,338,250,0,250,588
05/15/2001,SUS,MO,ACE,CE,Towers with Display (VFR),0,20,133,1,154,0,10,255,1,266,0,30,388,2,420,288,0,288,708
05/16/2001,SUS,MO,ACE,CE,Towers with Display (VFR),0,25,168,0,193,0,2,252,0,254,0,27,420,0,447,405,0,405,852
05/17/2001,SUS,MO,ACE,CE,Towers with Display (VFR),0,20,155,0,175,0,0,173,0,173,0,20,328,0,348,209,0,209,557
05/18/2001,SUS,MO,ACE,CE,Towers with Display (VFR),0,21,140,1,162,2,0,65,0,67,2,21,205,1,229,240,0,240,469
05/19/2001,SUS,MO,ACE,CE,Towers with Display (VFR),0,14,94,0,108,0,2,181,0,183,0,16,275,0,291,561,0,561,852
05/20/2001,SUS,MO,ACE,CE,Towers with Display (VFR),0,16,102,1,119,0,5,133,1,139,0,21,235,2,258,294,0,294,552
05/21/2001,SUS,MO,ACE,CE,Towers with Display (VFR),0,19,128,0,147,0,19,82,2,103,0,38,210,2,250,253,0,253,503
05/22/2001,SUS,MO,ACE,CE,Towers with Display (VFR),0,23,149,0,172,0,17,202,0,219,0,40,351,0,391,204,0,204,595
05/23/2001,SUS,MO,ACE,CE,Towers with Display (VFR),0,22,148,0,170,0,1,167,0,168,0,23,315,0,338,274,0,274,612
05/24/2001,SUS,MO,ACE,CE,Towers with Display (VFR),0,23,151,0,174,0,6,109,5,120,0,29,260,5,294,397,0,397,691
05/25/2001,SUS,MO,ACE,CE,Towers with Display (VFR),0,25,172,1,198,0,7,51,0,58,0,32,223,1,256,176,0,176,432
05/26/2001,SUS,MO,ACE,CE,Towers with Display (VFR),0,9,58,0,67,0,5,113,2,120,0,14,171,2,187,164,0,164,351
05/27/2001,SUS,MO,ACE,CE,Towers with Display (VFR),0,11,76,0,87,0,20,182,0,202,0,31,258,0,289,307,0,307,596
05/28/2001,SUS,MO,ACE,CE,Towers with Display (VFR),0,10,70,0,80,0,9,274,2,285,0,19,344,2,365,352,0,352,717
05/29/2001,SUS,MO,ACE,CE,Towers with Display (VFR),0,21,141,0,162,0,11,208,0,219,0,32,349,0,381,356,0,356,737
05/30/2001,SUS,MO,ACE,CE,Towers with Display (VFR),0,27,183,0,210,0,0,58,0,58,0,27,241,0,268,138,0,138,406
05/31/2001,SUS,MO,ACE,CE,Towers with Display (VFR),0,28,186,1,215,0,14,41,5,60,0,42,227,6,275,249,0,249,524
06/01/2001,SUS,MO,ACE,CE,Towers with Display (VFR),0,25,145,1,171,0,12,193,0,205,0,37,338,1,376,324,0,324,700
06/02/2001,SUS,MO,ACE,CE,Towers with Display (VFR),0,9,59,0,68,0,1,166,0,167,0,10,225,0,235,307,0,307,542
06/03/2001,SUS,MO,ACE,CE,Towers with Display (VFR),0,12,72,0,84,0,7,47,3,57,0,19,119,3,141,189,0,189,330
06/04/2001,SUS,MO,ACE,CE,Towers with Display (VFR),0,18,107,0,125,0,2,8,0,10,0,20,115,0,135,14,0,14,149
06/05/2001,SUS,MO,ACE,CE,Towers with Display (VFR),1,23,139,0,163,0,12,108,0,120,1,35,247,0,283,397,0,397,680
06/06/2001,SUS,MO,ACE,CE,Towers with Display (VFR),0,30,176,2,208,0,11,140,1,152,0,41,316,3,360,404,0,404,764
06/07/2001,SUS,MO,ACE,CE,Towers with Display (VFR),0,39,227,2,268,0,13,216,9,238,0,52,443,11,506,447,0,447,953
06/08/2001,SUS,MO,ACE,CE,Towers with Display (VFR),0,34,197,1,232,0,51,222,0,273,0,85,419,1,505,525,0,525,1030
06/09/2001,SUS,MO,ACE,CE,Towers with Display (VFR),0,12,86,1,99,1,0,322,0,323,1,12,408,1,422,464,0,464,886
06/10/2001,SUS,MO,ACE,CE,Towers with Display (VFR),0,14,99,0,113,0,0,257,0,257,0,14,356,0,370,372,0,372,742
06/11/2001,SUS,MO,ACE,CE,Towers with Display (VFR),0,25,138,2,165,0,6,250,0,256,0,31,388,2,421,473,0,473,894
06/12/2001,SUS,MO,ACE,CE,Towers with Display (VFR),0,29,167,3,199,1,9,257,5,272,1,38,424,8,471,565,0,565,1036
06/13/2001,SUS,MO,ACE,CE,Towers with Display (VFR),0,28,162,0,190,0,1,233,0,234,0,29,395,0,424,313,0,313,737
06/14/2001,SUS,MO,ACE,CE,Towers with Display (VFR),0,22,126,0,148,1,5,175,0,181,1,27,301,0,329,248,0,248,577
06/15/2001,SUS,MO,ACE,CE,Towers with Display (VFR),0,19,128,2,149,1,0,205,2,208,1,19,333,4,357,383,0,383,740
06/16/2001,SUS,MO,ACE,CE,Towers with Display (VFR),0,14,81,0,95,0,1,305,0,306,0,15,386,0,401,417,0,417,818
06/17/2001,SUS,MO,ACE,CE,Towers with Display (VFR),0,12,69,0,81,0,0,269,0,269,0,12,338,0,350,338,0,338,688
06/18/2001,SUS,MO,ACE,CE,Towers with Display (VFR),0,22,134,2,158,0,0,215,12,227,0,22,349,14,385,398,0,398,783
06/19/2001,SUS,MO,ACE,CE,Towers with Display (VFR),0,18,122,0,140,0,0,232,0,232,0,18,354,0,372,375,0,375,747
06/20/2001,SUS,MO,ACE,CE,Towers with Display (VFR),0,27,155,0,182,0,5,109,0,114,0,32,264,0,296,378,0,378,674
06/21/2001,SUS,MO,ACE,CE,Towers with Display (VFR),0,28,164,1,193,2,3,33,0,38,2,31,197,1,231,133,0,133,364
06/22/2001,SUS,MO,ACE,CE,Towers with Display (VFR),0,26,148,2,176,0,1,190,7,198,0,27,338,9,374,389,0,389,763
06/23/2001,SUS,MO,ACE,CE,Towers with Display (VFR),0,14,84,0,98,0,5,298,0,303,0,19,382,0,401,288,0,288,689
06/24/2001,SUS,MO,ACE,CE,Towers with Display (VFR),0,21,117,2,140,0,1,250,0,251,0,22,367,2,391,298,0,298,689
06/25/2001,SUS,MO,ACE,CE,Towers with Display (VFR),0,22,128,0,150,0,9,205,0,214,0,31,333,0,364,344,0,344,708
06/26/2001,SUS,MO,ACE,CE,Towers with Display (VFR),0,24,137,1,162,0,5,262,2,269,0,29,399,3,431,452,0,452,883
06/27/2001,SUS,MO,ACE,CE,Towers with Display (VFR),0,27,165,2,194,0,0,191,0,191,0,27,356,2,385,286,0,286,671
06/28/2001,SUS,MO,ACE,CE,Towers with Display (VFR),0,19,153,0,172,0,0,155,0,155,0,19,308,0,327,240,0,240,567
06/29/2001,SUS,MO,ACE,CE,Towers with Display (VFR),0,28,161,2,191,0,12,170,1,183,0,40,331,3,374,381,0,381,755
06/30/2001,SUS,MO,ACE,CE,Towers with Display (VFR),0,13,72,0,85,0,4,189,4,197,0,17,261,4,282,302,0,302,584
07/01/2001,SUS,MO,ACE,CE,Towers with Display (VFR),0,10,75,0,85,0,5,194,0,199,0,15,269,0,284,387,0,387,671
07/02/2001,SUS,MO,ACE,CE,Towers with Display (VFR),0,18,130,0,148,0,4,236,0,240,0,22,366,0,388,357,0,357,745
07/03/2001,SUS,MO,ACE,CE,Towers with Display (VFR),0,16,119,0,135,0,10,243,2,255,0,26,362,2,390,510,0,510,900
07/04/2001,SUS,MO,ACE,CE,Towers with Display (VFR),0,8,52,0,60,0,3,142,2,147,0,11,194,2,207,146,14,160,367
07/05/2001,SUS,MO,ACE,CE,Towers with Display (VFR),1,20,134,0,155,1,5,182,0,188,2,25,316,0,343,305,0,305,648
07/06/2001,SUS,MO,ACE,CE,Towers with Display (VFR),1,14,95,0,110,1,20,191,0,212,2,34,286,0,322,305,0,305,627
07/07/2001,SUS,MO,ACE,CE,Towers with Display (VFR),0,9,64,0,73,0,10,231,0,241,0,19,295,0,314,279,0,279,593
07/08/2001,SUS,MO,ACE,CE,Towers with Display (VFR),0,12,84,0,96,0,4,204,0,208,0,16,288,0,304,304,0,304,608
07/09/2001,SUS,MO,ACE,CE,Towers with Display (VFR),0,12,148,0,160,0,0,143,0,143,0,12,291,0,303,341,0,341,644
07/10/2001,SUS,MO,ACE,CE,Towers with Display (VFR),0,26,179,1,206,0,0,190,1,191,0,26,369,2,397,342,0,342,739
07/11/2001,SUS,MO,ACE,CE,Towers with Display (VFR),0,22,148,1,171,0,5,222,2,229,0,27,370,3,400,405,0,405,805
07/12/2001,SUS,MO,ACE,CE,Towers with Display (VFR),0,25,171,0,196,0,1,127,0,128,0,26,298,0,324,394,0,394,718
07/13/2001,SUS,MO,ACE,CE,Towers with Display (VFR),0,16,112,1,129,0,6,244,0,250,0,22,356,1,379,466,0,466,845
07/14/2001,SUS,MO,ACE,CE,Towers with Display (VFR),0,10,72,0,82,0,7,283,0,290,0,17,355,0,372,278,0,278,650
07/15/2001,SUS,MO,ACE,CE,Towers with Display (VFR),0,19,129,1,149,0,9,280,1,290,0,28,409,2,439,355,0,355,794
07/16/2001,SUS,MO,ACE,CE,Towers with Display (VFR),0,21,138,1,160,0,3,205,0,208,0,24,343,1,368,430,0,430,798
07/17/2001,SUS,MO,ACE,CE,Towers with Display (VFR),0,21,143,0,164,0,9,151,0,160,0,30,294,0,324,338,0,338,662
07/18/2001,SUS,MO,ACE,CE,Towers with Display (VFR),0,20,138,0,158,0,2,82,0,84,0,22,220,0,242,298,0,298,540
07/19/2001,SUS,MO,ACE,CE,Towers with Display (VFR),0,27,179,0,206,0,16,69,0,85,0,43,248,0,291,336,0,336,627
07/20/2001,SUS,MO,ACE,CE,Towers with Display (VFR),0,20,133,1,154,0,17,38,0,55,0,37,171,1,209,155,0,155,364
07/21/2001,SUS,MO,ACE,CE,Towers with Display (VFR),0,11,75,0,86,0,10,179,0,189,0,21,254,0,275,463,0,463,738
07/22/2001,SUS,MO,ACE,CE,Towers with Display (VFR),0,14,97,0,111,0,9,166,5,180,0,23,263,5,291,487,0,487,778
07/23/2001,SUS,MO,ACE,CE,Towers with Display (VFR),0,23,159,0,182,0,10,165,0,175,0,33,324,0,357,310,0,310,667
07/24/2001,SUS,MO,ACE,CE,Towers with Display (VFR),0,24,164,0,188,0,5,181,0,186,0,29,345,0,374,415,0,415,789
07/25/2001,SUS,MO,ACE,CE,Towers with Display (VFR),0,20,133,0,153,0,9,144,0,153,0,29,277,0,306,370,0,370,676
07/26/2001,SUS,MO,ACE,CE,Towers with Display (VFR),0,23,155,0,178,0,3,73,0,76,0,26,228,0,254,172,0,172,426
07/27/2001,SUS,MO,ACE,CE,Towers with Display (VFR),0,23,175,0,198,1,0,40,0,41,1,23,215,0,239,274,0,274,513
07/28/2001,SUS,MO,ACE,CE,Towers with Display (VFR),0,7,52,0,59,1,2,87,0,90,1,9,139,0,149,263,0,263,412
07/29/2001,SUS,MO,ACE,CE,Towers with Display (VFR),0,17,118,0,135,1,14,265,0,280,1,31,383,0,415,400,0,400,815
07/30/2001,SUS,MO,ACE,CE,Towers with Display (VFR),0,12,138,0,150,1,0,181,6,188,1,12,319,6,338,347,0,347,685
07/31/2001,SUS,MO,ACE,CE,Towers with Display (VFR),0,21,140,0,161,0,2,230,0,232,0,23,370,0,393,290,0,290,683
08/01/2001,SUS,MO,ACE,CE,Towers with Display (VFR),0,26,143,0,169,0,5,204,0,209,0,31,347,0,378,339,0,339,717
08/02/2001,SUS,MO,ACE,CE,Towers with Display (VFR),0,25,139,1,165,0,22,204,1,227,0,47,343,2,392,367,0,367,759
08/03/2001,SUS,MO,ACE,CE,Towers with Display (VFR),0,20,104,0,124,0,8,141,0,149,0,28,245,0,273,394,0,394,667
08/04/2001,SUS,MO,ACE,CE,Towers with Display (VFR),0,19,106,0,125,0,0,177,0,177,0,19,283,0,302,230,0,230,532
08/05/2001,SUS,MO,ACE,CE,Towers with Display (VFR),0,15,78,1,94,0,9,245,1,255,0,24,323,2,349,232,0,232,581
08/06/2001,SUS,MO,ACE,CE,Towers with Display (VFR),0,22,117,0,139,2,6,171,0,179,2,28,288,0,318,291,0,291,609
08/07/2001,SUS,MO,ACE,CE,Towers with Display (VFR),0,25,167,0,192,0,0,148,0,148,0,25,315,0,340,467,0,467,807
08/08/2001,SUS,MO,ACE,CE,Towers with Display (VFR),0,21,132,0,153,0,0,119,0,119,0,21,251,0,272,158,0,158,430
08/09/2001,SUS,MO,ACE,CE,Towers with Display (VFR),0,24,123,0,147,0,8,103,0,111,0,32,226,0,258,224,0,224,482
08/10/2001,SUS,MO,ACE,CE,Towers with Display (VFR),0,28,152,2,182,0,12,124,1,137,0,40,276,3,319,329,0,329,648
08/11/2001,SUS,MO,ACE,CE,Towers with Display (VFR),0,16,87,0,103,0,6,253,0,259,0,22,340,0,362,376,0,376,738
08/12/2001,SUS,MO,ACE,CE,Towers with Display (VFR),0,17,87,0,104,0,6,300,0,306,0,23,387,0,410,434,0,434,844
08/13/2001,SUS,MO,ACE,CE,Towers with Display (VFR),0,24,126,0,150,0,5,262,0,267,0,29,388,0,417,389,0,389,806
08/14/2001,SUS,MO,ACE,CE,Towers with Display (VFR),0,29,156,2,187,0,5,280,0,285,0,34,436,2,472,388,0,388,860
08/15/2001,SUS,MO,ACE,CE,Towers with Display (VFR),0,24,144,0,168,0,0,209,0,209,0,24,353,0,377,350,0,350,727
08/16/2001,SUS,MO,ACE,CE,Towers with Display (VFR),0,24,131,0,155,0,12,179,0,191,0,36,310,0,346,338,0,338,684
08/17/2001,SUS,MO,ACE,CE,Towers with Display (VFR),0,24,130,0,154,0,3,290,0,293,0,27,420,0,447,400,0,400,847
08/18/2001,SUS,MO,ACE,CE,Towers with Display (VFR),0,14,74,0,88,0,7,193,0,200,0,21,267,0,288,407,0,407,695
08/19/2001,SUS,MO,ACE,CE,Towers with Display (VFR),0,17,92,0,109,2,10,259,0,271,2,27,351,0,380,325,0,325,705
08/20/2001,SUS,MO,ACE,CE,Towers with Display (VFR),0,24,125,0,149,0,5,224,0,229,0,29,349,0,378,318,0,318,696
08/21/2001,SUS,MO,ACE,CE,Towers with Display (VFR),0,25,137,0,162,0,6,207,0,213,0,31,344,0,375,258,0,258,633
08/22/2001,SUS,MO,ACE,CE,Towers with Display (VFR),0,26,142,0,168,0,4,218,0,222,0,30,360,0,390,296,0,296,686
08/23/2001,SUS,MO,ACE,CE,Towers with Display (VFR),0,25,143,0,168,0,0,83,0,83,0,25,226,0,251,190,0,190,441
08/24/2001,SUS,MO,ACE,CE,Towers with Display (VFR),0,25,135,1,161,0,0,105,0,105,0,25,240,1,266,102,3,105,371
08/25/2001,SUS,MO,ACE,CE,Towers with Display (VFR),0,12,67,0,79,0,6,122,0,128,0,18,189,0,207,297,0,297,504
08/26/2001,SUS,MO,ACE,CE,Towers with Display (VFR),0,22,120,0,142,0,0,245,0,245,0,22,365,0,387,380,0,380,767
08/27/2001,SUS,MO,ACE,CE,Towers with Display (VFR),0,20,126,0,146,0,0,263,1,264,0,20,389,1,410,98,0,98,508
08/28/2001,SUS,MO,ACE,CE,Towers with Display (VFR),0,27,145,0,172,0,26,236,0,262,0,53,381,0,434,74,0,74,508
08/29/2001,SUS,MO,ACE,CE,Towers with Display (VFR),0,28,153,1,182,2,23,191,3,219,2,51,344,4,401,64,0,64,465
08/30/2001,SUS,MO,ACE,CE,Towers with Display (VFR),0,26,145,1,172,0,4,144,20,168,0,30,289,21,340,52,3,55,395
08/31/2001,SUS,MO,ACE,CE,Towers with Display (VFR),0,31,167,1,199,0,10,137,22,169,0,41,304,23,368,36,0,36,404
09/01/2001,SUS,MO,ACE,CE,Towers with Display (VFR),0,12,46,0,58,0,5,141,2,148,0,17,187,2,206,36,0,36,242
09/02/2001,SUS,MO,ACE,CE,Towers with Display (VFR),0,9,36,0,45,0,5,112,2,119,0,14,148,2,164,152,0,152,316
09/03/2001,SUS,MO,ACE,CE,Towers with Display (VFR),0,13,51,0,64,0,6,104,4,114,0,19,155,4,178,45,0,45,223
09/04/2001,SUS,MO,ACE,CE,Towers with Display (VFR),0,29,128,0,157,0,0,189,21,210,0,29,317,21,367,39,0,39,406
09/05/2001,SUS,MO,ACE,CE,Towers with Display (VFR),0,37,153,1,191,0,0,245,0,245,0,37,398,1,436,107,0,107,543
09/06/2001,SUS,MO,ACE,CE,Towers with Display (VFR),1,39,148,0,188,4,4,142,0,150,5,43,290,0,338,57,0,57,395
09/07/2001,SUS,MO,ACE,CE,Towers with Display (VFR),0,31,114,0,145,0,11,134,0,145,0,42,248,0,290,215,0,215,505
09/08/2001,SUS,MO,ACE,CE,Towers with Display (VFR),1,16,64,0,81,0,5,200,0,205,1,21,264,0,286,326,0,326,612
09/09/2001,SUS,MO,ACE,CE,Towers with Display (VFR),0,19,121,0,140,0,0,73,0,73,0,19,194,0,213,111,0,111,324
09/10/2001,SUS,MO,ACE,CE,Towers with Display (VFR),0,34,125,0,159,0,11,213,0,224,0,45,338,0,383,296,0,296,679
09/11/2001,SUS,MO,ACE,CE,Towers with Display (VFR),0,6,35,0,41,0,0,29,0,29,0,6,64,0,70,0,0,0,70
09/12/2001,SUS,MO,ACE,CE,Towers with Display (VFR),0,2,4,0,6,0,9,0,0,9,0,11,4,0,15,0,0,0,15
09/13/2001,SUS,MO,ACE,CE,Towers with Display (VFR),0,13,4,0,17,0,52,0,0,52,0,65,4,0,69,0,0,0,69
09/14/2001,SUS,MO,ACE,CE,Towers with Display (VFR),0,21,40,1,62,0,37,0,0,37,0,58,40,1,99,0,0,0,99
09/15/2001,SUS,MO,ACE,CE,Towers with Display (VFR),0,23,78,0,101,0,7,0,0,7,0,30,78,0,108,8,0,8,116
09/16/2001,SUS,MO,ACE,CE,Towers with Display (VFR),0,26,86,0,112,0,7,0,0,7,0,33,86,0,119,0,0,0,119
09/17/2001,SUS,MO,ACE,CE,Towers with Display (VFR),0,33,110,0,143,0,12,0,0,12,0,45,110,0,155,0,0,0,155
09/18/2001,SUS,MO,ACE,CE,Towers with Display (VFR),0,34,118,0,152,0,5,0,0,5,0,39,118,0,157,2,0,2,159
09/19/2001,SUS,MO,ACE,CE,Towers with Display (VFR),0,33,130,0,163,0,0,8,0,8,0,33,138,0,171,0,0,0,171
09/20/2001,SUS,MO,ACE,CE,Towers with Display (VFR),0,36,162,0,198,2,0,17,0,19,2,36,179,0,217,0,0,0,217
09/21/2001,SUS,MO,ACE,CE,Towers with Display (VFR),0,43,153,2,198,4,0,0,0,4,4,43,153,2,202,0,0,0,202
09/22/2001,SUS,MO,ACE,CE,Towers with Display (VFR),0,29,121,1,151,0,0,38,1,39,0,29,159,2,190,52,0,52,242
09/23/2001,SUS,MO,ACE,CE,Towers with Display (VFR),0,21,74,0,95,0,8,35,0,43,0,29,109,0,138,228,0,228,366
09/24/2001,SUS,MO,ACE,CE,Towers with Display (VFR),0,39,139,0,178,0,3,87,0,90,0,42,226,0,268,76,0,76,344
09/25/2001,SUS,MO,ACE,CE,Towers with Display (VFR),0,45,196,1,242,0,0,141,0,141,0,45,337,1,383,172,0,172,555
09/26/2001,SUS,MO,ACE,CE,Towers with Display (VFR),0,28,173,0,201,0,0,131,0,131,0,28,304,0,332,192,0,192,524
09/27/2001,SUS,MO,ACE,CE,Towers with Display (VFR),0,50,181,0,231,0,20,132,0,152,0,70,313,0,383,163,0,163,546
09/28/2001,SUS,MO,ACE,CE,Towers with Display (VFR),0,43,170,0,213,0,0,113,0,113,0,43,283,0,326,171,0,171,497
09/29/2001,SUS,MO,ACE,CE,Towers with Display (VFR),0,20,101,0,121,0,0,113,0,113,0,20,214,0,234,272,0,272,506
09/30/2001,SUS,MO,ACE,CE,Towers with Display (VFR),0,21,128,0,149,0,0,85,0,85,0,21,213,0,234,168,0,168,402
10/01/2001,SUS,MO,ACE,CE,Towers with Display (VFR),0,34,180,0,214,0,0,86,0,86,0,34,266,0,300,212,0,212,512
10/02/2001,SUS,MO,ACE,CE,Towers with Display (VFR),0,34,169,0,203,0,0,115,0,115,0,34,284,0,318,263,0,263,581
10/03/2001,SUS,MO,ACE,CE,Towers with Display (VFR),0,39,196,0,235,0,3,43,0,46,0,42,239,0,281,169,0,169,450
10/04/2001,SUS,MO,ACE,CE,Towers with Display (VFR),0,30,150,0,180,0,2,156,0,158,0,32,306,0,338,247,0,247,585
10/05/2001,SUS,MO,ACE,CE,Towers with Display (VFR),0,25,126,0,151,0,16,22,0,38,0,41,148,0,189,6,0,6,195
10/06/2001,SUS,MO,ACE,CE,Towers with Display (VFR),0,25,131,0,156,0,4,102,0,106,0,29,233,0,262,215,0,215,477
10/07/2001,SUS,MO,ACE,CE,Towers with Display (VFR),0,26,132,0,158,0,5,104,0,109,0,31,236,0,267,263,0,263,530
10/08/2001,SUS,MO,ACE,CE,Towers with Display (VFR),1,29,147,0,177,0,13,38,2,53,1,42,185,2,230,108,0,108,338
10/09/2001,SUS,MO,ACE,CE,Towers with Display (VFR),1,28,141,0,170,0,14,49,0,63,1,42,190,0,233,113,0,113,346
10/10/2001,SUS,MO,ACE,CE,Towers with Display (VFR),0,29,146,0,175,0,31,0,0,31,0,60,146,0,206,50,0,50,256
10/11/2001,SUS,MO,ACE,CE,Towers with Display (VFR),1,27,140,0,168,0,6,15,0,21,1,33,155,0,189,48,0,48,237
10/12/2001,SUS,MO,ACE,CE,Towers with Display (VFR),0,17,87,0,104,0,4,84,2,90,0,21,171,2,194,100,0,100,294
10/13/2001,SUS,MO,ACE,CE,Towers with Display (VFR),0,21,84,0,105,0,0,0,0,0,0,21,84,0,105,26,0,26,131
10/14/2001,SUS,MO,ACE,CE,Towers with Display (VFR),0,25,120,0,145,0,5,38,2,45,0,30,158,2,190,294,0,294,484
10/15/2001,SUS,MO,ACE,CE,Towers with Display (VFR),0,19,160,0,179,0,0,19,0,19,0,19,179,0,198,151,0,151,349
10/16/2001,SUS,MO,ACE,CE,Towers with Display (VFR),1,33,163,0,197,1,27,132,0,160,2,60,295,0,357,201,0,201,558
10/17/2001,SUS,MO,ACE,CE,Towers with Display (VFR),0,31,152,0,183,5,15,284,0,304,5,46,436,0,487,465,0,465,952
10/18/2001,SUS,MO,ACE,CE,Towers with Display (VFR),0,33,163,1,197,1,7,205,0,213,1,40,368,1,410,187,0,187,597
10/19/2001,SUS,MO,ACE,CE,Towers with Display (VFR),0,20,97,0,117,1,27,302,0,330,1,47,399,0,447,560,0,560,1007
10/20/2001,SUS,MO,ACE,CE,Towers with Display (VFR),0,24,118,0,142,0,3,253,0,256,0,27,371,0,398,392,0,392,790
10/21/2001,SUS,MO,ACE,CE,Towers with Display (VFR),0,27,149,1,177,0,0,151,3,154,0,27,300,4,331,444,0,444,775
10/22/2001,SUS,MO,ACE,CE,Towers with Display (VFR),0,31,158,1,190,0,0,149,2,151,0,31,307,3,341,298,0,298,639
10/23/2001,SUS,MO,ACE,CE,Towers with Display (VFR),0,28,137,1,166,0,0,143,0,143,0,28,280,1,309,285,0,285,594
10/24/2001,SUS,MO,ACE,CE,Towers with Display (VFR),0,32,179,0,211,0,0,44,0,44,0,32,223,0,255,170,0,170,425
10/25/2001,SUS,MO,ACE,CE,Towers with Display (VFR),0,29,140,1,170,0,5,137,0,142,0,34,277,1,312,86,0,86,398
10/26/2001,SUS,MO,ACE,CE,Towers with Display (VFR),0,15,75,1,91,0,26,158,0,184,0,41,233,1,275,56,0,56,331
10/27/2001,SUS,MO,ACE,CE,Towers with Display (VFR),0,19,97,0,116,0,3,179,1,183,0,22,276,1,299,420,0,420,719
10/28/2001,SUS,MO,ACE,CE,Towers with Display (VFR),0,28,135,0,163,0,1,133,0,134,0,29,268,0,297,305,0,305,602
10/29/2001,SUS,MO,ACE,CE,Towers with Display (VFR),0,31,157,0,188,0,0,196,4,200,0,31,353,4,388,356,0,356,744
10/30/2001,SUS,MO,ACE,CE,Towers with Display (VFR),0,26,127,0,153,0,7,228,0,235,0,33,355,0,388,331,0,331,719
10/31/2001,SUS,MO,ACE,CE,Towers with Display (VFR),0,28,156,0,184,0,0,119,0,119,0,28,275,0,303,0,0,0,303
11/01/2001,SUS,MO,ACE,CE,Towers with Display (VFR),0,29,144,0,173,0,17,84,0,101,0,46,228,0,274,160,0,160,434
11/02/2001,SUS,MO,ACE,CE,Towers with Display (VFR),0,30,149,0,179,0,5,209,2,216,0,35,358,2,395,414,0,414,809
11/03/2001,SUS,MO,ACE,CE,Towers with Display (VFR),1,18,93,0,112,1,4,321,1,327,2,22,414,1,439,430,0,430,869
11/04/2001,SUS,MO,ACE,CE,Towers with Display (VFR),0,22,113,0,135,0,7,204,1,212,0,29,317,1,347,412,0,412,759
11/05/2001,SUS,MO,ACE,CE,Towers with Display (VFR),1,27,159,0,187,0,0,190,2,192,1,27,349,2,379,381,0,381,760
11/06/2001,SUS,MO,ACE,CE,Towers with Display (VFR),1,28,147,0,176,2,0,238,2,242,3,28,385,2,418,417,0,417,835
11/07/2001,SUS,MO,ACE,CE,Towers with Display (VFR),1,35,171,0,207,0,11,222,0,233,1,46,393,0,440,327,0,327,767
11/08/2001,SUS,MO,ACE,CE,Towers with Display (VFR),1,32,153,0,186,2,2,133,2,139,3,34,286,2,325,276,0,276,601
11/09/2001,SUS,MO,ACE,CE,Towers with Display (VFR),0,31,151,0,182,0,2,146,0,148,0,33,297,0,330,302,0,302,632
11/10/2001,SUS,MO,ACE,CE,Towers with Display (VFR),0,16,79,0,95,0,4,225,0,229,0,20,304,0,324,323,0,323,647
11/11/2001,SUS,MO,ACE,CE,Towers with Display (VFR),0,16,79,0,95,0,6,224,0,230,0,22,303,0,325,400,0,400,725
11/12/2001,SUS,MO,ACE,CE,Towers with Display (VFR),0,26,126,0,152,2,10,158,0,170,2,36,284,0,322,370,0,370,692
11/13/2001,SUS,MO,ACE,CE,Towers with Display (VFR),0,29,141,0,170,0,9,180,0,189,0,38,321,0,359,328,0,328,687
11/14/2001,SUS,MO,ACE,CE,Towers with Display (VFR),0,34,167,0,201,0,12,188,0,200,0,46,355,0,401,314,0,314,715
11/15/2001,SUS,MO,ACE,CE,Towers with Display (VFR),0,40,194,0,234,0,5,166,0,171,0,45,360,0,405,410,0,410,815
11/16/2001,SUS,MO,ACE,CE,Towers with Display (VFR),0,32,153,1,186,0,4,136,1,141,0,36,289,2,327,366,0,366,693
11/17/2001,SUS,MO,ACE,CE,Towers with Display (VFR),0,21,103,1,125,0,9,188,0,197,0,30,291,1,322,489,0,489,811
11/18/2001,SUS,MO,ACE,CE,Towers with Display (VFR),0,19,90,0,109,0,8,139,0,147,0,27,229,0,256,302,0,302,558
11/19/2001,SUS,MO,ACE,CE,Towers with Display (VFR),0,28,134,0,162,0,1,77,0,78,0,29,211,0,240,107,0,107,347
11/20/2001,SUS,MO,ACE,CE,Towers with Display (VFR),0,38,185,0,223,0,13,202,0,215,0,51,387,0,438,287,0,287,725
11/21/2001,SUS,MO,ACE,CE,Towers with Display (VFR),0,30,157,0,187,0,0,217,0,217,0,30,374,0,404,297,0,297,701
11/22/2001,SUS,MO,ACE,CE,Towers with Display (VFR),0,7,48,0,55,0,0,112,0,112,0,7,160,0,167,26,0,26,193
11/23/2001,SUS,MO,ACE,CE,Towers with Display (VFR),0,10,53,0,63,0,9,64,2,75,0,19,117,2,138,98,0,98,236
11/24/2001,SUS,MO,ACE,CE,Towers with Display (VFR),0,11,56,0,67,0,6,48,0,54,0,17,104,0,121,82,0,82,203
11/25/2001,SUS,MO,ACE,CE,Towers with Display (VFR),0,32,157,0,189,0,13,209,0,222,0,45,366,0,411,233,0,233,644
11/26/2001,SUS,MO,ACE,CE,Towers with Display (VFR),0,25,124,0,149,0,3,41,0,44,0,28,165,0,193,110,0,110,303
11/27/2001,SUS,MO,ACE,CE,Towers with Display (VFR),0,33,162,0,195,0,14,135,0,149,0,47,297,0,344,258,0,258,602
11/28/2001,SUS,MO,ACE,CE,Towers with Display (VFR),0,29,143,0,172,0,16,18,0,34,0,45,161,0,206,20,0,20,226
11/29/2001,SUS,MO,ACE,CE,Towers with Display (VFR),0,20,139,0,159,0,0,9,0,9,0,20,148,0,168,0,0,0,168
11/30/2001,SUS,MO,ACE,CE,Towers with Display (VFR),0,31,166,0,197,0,0,80,0,80,0,31,246,0,277,146,0,146,423
12/01/2001,SUS,MO,ACE,CE,Towers with Display (VFR),0,16,70,0,86,0,4,245,3,252,0,20,315,3,338,338,0,338,676
12/02/2001,SUS,MO,ACE,CE,Towers with Display (VFR),0,21,95,0,116,0,22,172,0,194,0,43,267,0,310,261,0,261,571
12/03/2001,SUS,MO,ACE,CE,Towers with Display (VFR),0,24,112,0,136,0,14,159,0,173,0,38,271,0,309,282,0,282,591
12/04/2001,SUS,MO,ACE,CE,Towers with Display (VFR),0,37,173,0,210,0,8,222,0,230,0,45,395,0,440,342,0,342,782
12/05/2001,SUS,MO,ACE,CE,Towers with Display (VFR),0,30,141,0,171,0,16,88,0,104,0,46,229,0,275,89,0,89,364
12/06/2001,SUS,MO,ACE,CE,Towers with Display (VFR),0,30,168,1,199,0,0,107,1,108,0,30,275,2,307,340,0,340,647
12/07/2001,SUS,MO,ACE,CE,Towers with Display (VFR),0,37,174,0,211,0,3,136,0,139,0,40,310,0,350,280,0,280,630
12/08/2001,SUS,MO,ACE,CE,Towers with Display (VFR),0,17,79,1,97,0,8,55,1,64,0,25,134,2,161,211,0,211,372
12/09/2001,SUS,MO,ACE,CE,Towers with Display (VFR),0,20,95,0,115,0,12,192,0,204,0,32,287,0,319,314,0,314,633
12/10/2001,SUS,MO,ACE,CE,Towers with Display (VFR),0,29,141,0,170,0,0,201,0,201,0,29,342,0,371,315,0,315,686
12/11/2001,SUS,MO,ACE,CE,Towers with Display (VFR),0,33,155,0,188,0,10,154,0,164,0,43,309,0,352,264,0,264,616
12/12/2001,SUS,MO,ACE,CE,Towers with Display (VFR),0,27,130,0,157,0,0,4,0,4,0,27,134,0,161,8,0,8,169
12/13/2001,SUS,MO,ACE,CE,Towers with Display (VFR),0,24,132,0,156,0,0,41,0,41,0,24,173,0,197,242,0,242,439
12/14/2001,SUS,MO,ACE,CE,Towers with Display (VFR),0,27,158,1,186,0,0,39,2,41,0,27,197,3,227,95,0,95,322
12/15/2001,SUS,MO,ACE,CE,Towers with Display (VFR),0,12,69,0,81,0,0,153,0,153,0,12,222,0,234,353,0,353,587
12/16/2001,SUS,MO,ACE,CE,Towers with Display (VFR),0,13,57,0,70,0,7,0,0,7,0,20,57,0,77,0,0,0,77
12/17/2001,SUS,MO,ACE,CE,Towers with Display (VFR),0,26,131,1,158,0,0,33,0,33,0,26,164,1,191,85,0,85,276
12/18/2001,SUS,MO,ACE,CE,Towers with Display (VFR),0,32,193,0,225,0,0,215,0,215,0,32,408,0,440,344,0,344,784
12/19/2001,SUS,MO,ACE,CE,Towers with Display (VFR),0,20,151,0,171,0,0,119,5,124,0,20,270,5,295,76,0,76,371
12/20/2001,SUS,MO,ACE,CE,Towers with Display (VFR),0,27,151,0,178,0,0,149,0,149,0,27,300,0,327,316,0,316,643
12/21/2001,SUS,MO,ACE,CE,Towers with Display (VFR),0,15,128,0,143,0,0,195,0,195,0,15,323,0,338,278,0,278,616
12/22/2001,SUS,MO,ACE,CE,Towers with Display (VFR),0,15,67,0,82,1,11,0,1,13,1,26,67,1,95,77,0,77,172
12/23/2001,SUS,MO,ACE,CE,Towers with Display (VFR),0,11,56,0,67,0,6,63,0,69,0,17,119,0,136,38,0,38,174
12/24/2001,SUS,MO,ACE,CE,Towers with Display (VFR),0,7,34,0,41,0,8,83,0,91,0,15,117,0,132,98,0,98,230
12/25/2001,SUS,MO,ACE,CE,Towers with Display (VFR),0,6,29,0,35,0,14,14,0,28,0,20,43,0,63,20,0,20,83
12/26/2001,SUS,MO,ACE,CE,Towers with Display (VFR),0,19,95,0,114,0,22,85,0,107,0,41,180,0,221,218,0,218,439
12/27/2001,SUS,MO,ACE,CE,Towers with Display (VFR),0,22,106,0,128,0,15,158,0,173,0,37,264,0,301,182,0,182,483
12/28/2001,SUS,MO,ACE,CE,Towers with Display (VFR),0,18,88,0,106,0,3,198,0,201,0,21,286,0,307,207,0,207,514
12/29/2001,SUS,MO,ACE,CE,Towers with Display (VFR),0,11,57,0,68,0,2,121,0,123,0,13,178,0,191,156,0,156,347
12/30/2001,SUS,MO,ACE,CE,Towers with Display (VFR),0,10,50,0,60,0,12,108,0,120,0,22,158,0,180,244,0,244,424
12/31/2001,SUS,MO,ACE,CE,Towers with Display (VFR),0,10,50,0,60,0,18,96,0,114,0,28,146,0,174,216,0,216,390
01/01/2002,SUS,MO,ACE,CE,Towers with Display (VFR),0,9,32,0,41,0,6,96,0,102,0,15,128,0,143,139,0,139,282
01/02/2002,SUS,MO,ACE,CE,Towers with Display (VFR),0,25,99,0,124,0,18,107,0,125,0,43,206,0,249,203,0,203,452
01/03/2002,SUS,MO,ACE,CE,Towers with Display (VFR),0,17,81,0,98,0,0,151,1,152,0,17,232,1,250,245,0,245,495
01/04/2002,SUS,MO,ACE,CE,Towers with Display (VFR),0,27,107,0,134,0,5,125,1,131,0,32,232,1,265,198,0,198,463
01/05/2002,SUS,MO,ACE,CE,Towers with Display (VFR),0,17,67,0,84,0,4,92,0,96,0,21,159,0,180,210,0,210,390
01/06/2002,SUS,MO,ACE,CE,Towers with Display (VFR),0,14,52,0,66,0,8,0,0,8,0,22,52,0,74,18,0,18,92
01/07/2002,SUS,MO,ACE,CE,Towers with Display (VFR),0,31,124,0,155,0,4,84,0,88,0,35,208,0,243,162,0,162,405
01/08/2002,SUS,MO,ACE,CE,Towers with Display (VFR),0,27,132,0,159,0,0,172,0,172,0,27,304,0,331,282,0,282,613
01/09/2002,SUS,MO,ACE,CE,Towers with Display (VFR),0,30,125,0,155,0,9,155,0,164,0,39,280,0,319,274,0,274,593
01/10/2002,SUS,MO,ACE,CE,Towers with Display (VFR),0,33,134,0,167,0,6,130,0,136,0,39,264,0,303,175,0,175,478
01/11/2002,SUS,MO,ACE,CE,Towers with Display (VFR),0,31,132,1,164,0,0,183,0,183,0,31,315,1,347,264,0,264,611
01/12/2002,SUS,MO,ACE,CE,Towers with Display (VFR),0,19,80,1,100,0,10,152,0,162,0,29,232,1,262,214,1,215,477
01/13/2002,SUS,MO,ACE,CE,Towers with Display (VFR),0,22,92,0,114,0,4,134,0,138,0,26,226,0,252,191,0,191,443
01/14/2002,SUS,MO,ACE,CE,Towers with Display (VFR),0,26,109,0,135,0,0,74,0,74,0,26,183,0,209,164,0,164,373
01/15/2002,SUS,MO,ACE,CE,Towers with Display (VFR),0,35,144,1,180,0,1,169,0,170,0,36,313,1,350,319,0,319,669
01/16/2002,SUS,MO,ACE,CE,Towers with Display (VFR),0,30,126,1,157,0,1,96,0,97,0,31,222,1,254,165,0,165,419
01/17/2002,SUS,MO,ACE,CE,Towers with Display (VFR),0,32,137,0,169,0,0,89,2,91,0,32,226,2,260,224,0,224,484
01/18/2002,SUS,MO,ACE,CE,Towers with Display (VFR),0,28,127,0,155,0,0,133,0,133,0,28,260,0,288,227,0,227,515
01/19/2002,SUS,MO,ACE,CE,Towers with Display (VFR),0,12,50,0,62,0,5,26,0,31,0,17,76,0,93,36,0,36,129
01/20/2002,SUS,MO,ACE,CE,Towers with Display (VFR),0,18,77,0,95,0,5,115,0,120,0,23,192,0,215,243,0,243,458
01/21/2002,SUS,MO,ACE,CE,Towers with Display (VFR),0,30,126,0,156,0,6,170,0,176,0,36,296,0,332,355,0,355,687
01/22/2002,SUS,MO,ACE,CE,Towers with Display (VFR),0,29,121,0,150,0,11,85,0,96,0,40,206,0,246,85,0,85,331
01/23/2002,SUS,MO,ACE,CE,Towers with Display (VFR),0,29,129,0,158,0,0,104,2,106,0,29,233,2,264,212,0,212,476
01/24/2002,SUS,MO,ACE,CE,Towers with Display (VFR),0,34,142,0,176,0,5,73,2,80,0,39,215,2,256,187,0,187,443
01/25/2002,SUS,MO,ACE,CE,Towers with Display (VFR),0,29,143,0,172,0,0,182,2,184,0,29,325,2,356,195,0,195,551
01/26/2002,SUS,MO,ACE,CE,Towers with Display (VFR),0,18,75,0,93,0,2,267,0,269,0,20,342,0,362,269,0,269,631
01/27/2002,SUS,MO,ACE,CE,Towers with Display (VFR),0,27,112,0,139,0,26,187,0,213,0,53,299,0,352,302,0,302,654
01/28/2002,SUS,MO,ACE,CE,Towers with Display (VFR),0,31,129,0,160,0,1,152,0,153,0,32,281,0,313,338,0,338,651
01/29/2002,SUS,MO,ACE,CE,Towers with Display (VFR),0,27,129,0,156,0,0,20,1,21,0,27,149,1,177,126,0,126,303
01/30/2002,SUS,MO,ACE,CE,Towers with Display (VFR),0,27,101,0,128,0,12,0,0,12,0,39,101,0,140,2,0,2,142
01/31/2002,SUS,MO,ACE,CE,Towers with Display (VFR),0,18,75,0,93,0,2,0,0,2,0,20,75,0,95,0,0,0,95
02/01/2002,SUS,MO,ACE,CE,Towers with Display (VFR),0,26,104,0,130,0,7,69,2,78,0,33,173,2,208,78,0,78,286
02/02/2002,SUS,MO,ACE,CE,Towers with Display (VFR),0,21,98,0,119,0,0,226,0,226,0,21,324,0,345,255,0,255,600
02/03/2002,SUS,MO,ACE,CE,Towers with Display (VFR),0,19,75,0,94,0,12,150,0,162,0,31,225,0,256,175,0,175,431
02/04/2002,SUS,MO,ACE,CE,Towers with Display (VFR),0,44,175,0,219,0,9,123,0,132,0,53,298,0,351,60,0,60,411
02/05/2002,SUS,MO,ACE,CE,Towers with Display (VFR),0,33,133,0,166,0,15,82,0,97,0,48,215,0,263,126,0,126,389
02/06/2002,SUS,MO,ACE,CE,Towers with Display (VFR),0,33,146,0,179,0,0,64,0,64,0,33,210,0,243,190,0,190,433
02/07/2002,SUS,MO,ACE,CE,Towers with Display (VFR),0,37,150,0,187,0,1,175,0,176,0,38,325,0,363,216,0,216,579
02/08/2002,SUS,MO,ACE,CE,Towers with Display (VFR),0,34,137,0,171,0,1,201,0,202,0,35,338,0,373,352,0,352,725
02/09/2002,SUS,MO,ACE,CE,Towers with Display (VFR),0,13,53,1,67,0,0,67,0,67,0,13,120,1,134,93,0,93,227
02/10/2002,SUS,MO,ACE,CE,Towers with Display (VFR),0,14,51,0,65,0,18,0,0,18,0,32,51,0,83,10,0,10,93
02/11/2002,SUS,MO,ACE,CE,Towers with Display (VFR),0,25,106,0,131,0,13,164,0,177,0,38,270,0,308,239,0,239,547
02/12/2002,SUS,MO,ACE,CE,Towers with Display (VFR),0,30,125,1,156,0,4,96,0,100,0,34,221,1,256,172,0,172,428
02/13/2002,SUS,MO,ACE,CE,Towers with Display (VFR),0,36,149,0,185,0,1,167,0,168,0,37,316,0,353,192,0,192,545
02/14/2002,SUS,MO,ACE,CE,Towers with Display (VFR),0,32,133,0,165,0,19,135,0,154,0,51,268,0,319,91,0,91,410
02/15/2002,SUS,MO,ACE,CE,Towers with Display (VFR),0,23,94,0,117,0,6,128,0,134,0,29,222,0,251,120,0,120,371
02/16/2002,SUS,MO,ACE,CE,Towers with Display (VFR),0,22,90,0,112,0,4,218,5,227,0,26,308,5,339,195,0,195,534
02/17/2002,SUS,MO,ACE,CE,Towers with Display (VFR),0,17,82,0,99,0,0,250,0,250,0,17,332,0,349,321,0,321,670
02/18/2002,SUS,MO,ACE,CE,Towers with Display (VFR),0,32,131,0,163,0,15,97,1,113,0,47,228,1,276,47,0,47,323
02/19/2002,SUS,MO,ACE,CE,Towers with Display (VFR),0,32,135,0,167,0,2,8,0,10,0,34,143,0,177,0,0,0,177
02/20/2002,SUS,MO,ACE,CE,Towers with Display (VFR),0,43,176,0,219,0,15,39,2,56,0,58,215,2,275,21,0,21,296
02/21/2002,SUS,MO,ACE,CE,Towers with Display (VFR),0,34,142,0,176,0,5,60,0,65,0,39,202,0,241,106,0,106,347
02/22/2002,SUS,MO,ACE,CE,Towers with Display (VFR),0,31,130,0,161,0,7,221,0,228,0,38,351,0,389,296,0,296,685
02/23/2002,SUS,MO,ACE,CE,Towers with Display (VFR),0,19,80,0,99,0,1,212,0,213,0,20,292,0,312,252,0,252,564
02/24/2002,SUS,MO,ACE,CE,Towers with Display (VFR),0,21,89,0,110,0,5,77,0,82,0,26,166,0,192,89,0,89,281
02/25/2002,SUS,MO,ACE,CE,Towers with Display (VFR),0,23,98,0,121,0,3,10,0,13,0,26,108,0,134,112,0,112,246
02/26/2002,SUS,MO,ACE,CE,Towers with Display (VFR),0,26,115,0,141,0,0,30,0,30,0,26,145,0,171,22,0,22,193
02/27/2002,SUS,MO,ACE,CE,Towers with Display (VFR),0,35,147,0,182,0,7,114,0,121,0,42,261,0,303,241,0,241,544
02/28/2002,SUS,MO,ACE,CE,Towers with Display (VFR),0,37,154,0,191,0,3,170,0,173,0,40,324,0,364,265,0,265,629
03/01/2002,SUS,MO,ACE,CE,Towers with Display (VFR),2,37,111,6,156,0,8,69,0,77,2,45,180,6,233,152,0,152,385
03/02/2002,SUS,MO,ACE,CE,Towers with Display (VFR),0,13,31,0,44,0,2,2,0,4,0,15,33,0,48,0,0,0,48
03/03/2002,SUS,MO,ACE,CE,Towers with Display (VFR),0,21,77,0,98,0,4,10,0,14,0,25,87,0,112,6,0,6,118
03/04/2002,SUS,MO,ACE,CE,Towers with Display (VFR),0,15,103,0,118,0,4,77,0,81,0,19,180,0,199,159,0,159,358
03/05/2002,SUS,MO,ACE,CE,Towers with Display (VFR),0,37,144,0,181,0,3,180,0,183,0,40,324,0,364,284,0,284,648
03/06/2002,SUS,MO,ACE,CE,Towers with Display (VFR),0,35,142,0,177,0,6,156,0,162,0,41,298,0,339,174,0,174,513
03/07/2002,SUS,MO,ACE,CE,Towers with Display (VFR),0,27,163,0,190,0,0,158,0,158,0,27,321,0,348,245,0,245,593
03/08/2002,SUS,MO,ACE,CE,Towers with Display (VFR),0,29,103,0,132,0,8,56,0,64,0,37,159,0,196,26,0,26,222
03/09/2002,SUS,MO,ACE,CE,Towers with Display (VFR),0,19,37,0,56,0,3,2,0,5,0,22,39,0,61,2,0,2,63
03/10/2002,SUS,MO,ACE,CE,Towers with Display (VFR),0,21,101,0,122,0,6,289,0,295,0,27,390,0,417,449,0,449,866
03/11/2002,SUS,MO,ACE,CE,Towers with Display (VFR),0,19,137,0,156,0,1,82,0,83,0,20,219,0,239,241,0,241,480
03/12/2002,SUS,MO,ACE,CE,Towers with Display (VFR),0,38,177,0,215,0,8,112,0,120,0,46,289,0,335,245,0,245,580
03/13/2002,SUS,MO,ACE,CE,Towers with Display (VFR),0,47,168,0,215,0,6,185,0,191,0,53,353,0,406,256,0,256,662
03/14/2002,SUS,MO,ACE,CE,Towers with Display (VFR),0,39,150,0,189,0,5,95,0,100,0,44,245,0,289,94,0,94,383
03/15/2002,SUS,MO,ACE,CE,Towers with Display (VFR),0,33,111,0,144,0,4,46,0,50,0,37,157,0,194,98,0,98,292
03/16/2002,SUS,MO,ACE,CE,Towers with Display (VFR),0,27,126,0,153,0,12,135,0,147,0,39,261,0,300,262,0,262,562
03/17/2002,SUS,MO,ACE,CE,Towers with Display (VFR),0,23,116,0,139,1,1,18,0,20,1,24,134,0,159,100,0,100,259
03/18/2002,SUS,MO,ACE,CE,Towers with Display (VFR),0,28,109,2,139,0,1,99,0,100,0,29,208,2,239,198,0,198,437
03/19/2002,SUS,MO,ACE,CE,Towers with Display (VFR),0,20,112,0,132,0,0,1,0,1,0,20,113,0,133,0,0,0,133
03/20/2002,SUS,MO,ACE,CE,Towers with Display (VFR),0,35,151,0,186,0,6,103,0,109,0,41,254,0,295,230,0,230,525
03/21/2002,SUS,MO,ACE,CE,Towers with Display (VFR),0,41,127,0,168,0,7,49,0,56,0,48,176,0,224,16,0,16,240
03/22/2002,SUS,MO,ACE,CE,Towers with Display (VFR),0,26,127,0,153,0,6,204,0,210,0,32,331,0,363,367,0,367,730
03/23/2002,SUS,MO,ACE,CE,Towers with Display (VFR),0,33,88,0,121,0,1,240,0,241,0,34,328,0,362,368,0,368,730
03/24/2002,SUS,MO,ACE,CE,Towers with Display (VFR),0,20,77,0,97,0,2,85,0,87,0,22,162,0,184,256,0,256,440
03/25/2002,SUS,MO,ACE,CE,Towers with Display (VFR),0,22,65,0,87,0,0,11,0,11,0,22,76,0,98,42,0,42,140
03/26/2002,SUS,MO,ACE,CE,Towers with Display (VFR),0,31,68,0,99,0,16,82,0,98,0,47,150,0,197,79,0,79,276
03/27/2002,SUS,MO,ACE,CE,Towers with Display (VFR),0,31,170,0,201,0,7,203,0,210,0,38,373,0,411,252,0,252,663
03/28/2002,SUS,MO,ACE,CE,Towers with Display (VFR),0,26,153,0,179,0,9,141,0,150,0,35,294,0,329,254,0,254,583
03/29/2002,SUS,MO,ACE,CE,Towers with Display (VFR),0,27,88,0,115,0,6,67,0,73,0,33,155,0,188,136,0,136,324
03/30/2002,SUS,MO,ACE,CE,Towers with Display (VFR),0,24,79,0,103,0,0,260,0,260,0,24,339,0,363,260,0,260,623
03/31/2002,SUS,MO,ACE,CE,Towers with Display (VFR),0,40,73,0,113,0,1,122,0,123,0,41,195,0,236,187,0,187,423
04/01/2002,SUS,MO,ACE,CE,Towers with Display (VFR),0,20,140,0,160,0,17,160,0,177,0,37,300,0,337,112,0,112,449
04/02/2002,SUS,MO,ACE,CE,Towers with Display (VFR),0,26,107,0,133,0,5,52,0,57,0,31,159,0,190,34,0,34,224
04/03/2002,SUS,MO,ACE,CE,Towers with Display (VFR),0,19,141,0,160,0,8,136,2,146,0,27,277,2,306,137,0,137,443
04/04/2002,SUS,MO,ACE,CE,Towers with Display (VFR),0,28,169,0,197,0,2,168,2,172,0,30,337,2,369,236,0,236,605
04/05/2002,SUS,MO,ACE,CE,Towers with Display (VFR),0,30,152,0,182,0,9,178,0,187,0,39,330,0,369,261,0,261,630
04/06/2002,SUS,MO,ACE,CE,Towers with Display (VFR),0,20,97,0,117,0,5,218,0,223,0,25,315,0,340,288,0,288,628
04/07/2002,SUS,MO,ACE,CE,Towers with Display (VFR),0,26,66,2,94,0,6,87,0,93,0,32,153,2,187,120,0,120,307
04/08/2002,SUS,MO,ACE,CE,Towers with Display (VFR),0,25,120,0,145,0,5,35,0,40,0,30,155,0,185,70,0,70,255
04/09/2002,SUS,MO,ACE,CE,Towers with Display (VFR),0,39,154,0,193,0,10,129,0,139,0,49,283,0,332,337,0,337,669
04/10/2002,SUS,MO,ACE,CE,Towers with Display (VFR),1,36,160,0,197,0,7,167,0,174,1,43,327,0,371,439,0,439,810
04/11/2002,SUS,MO,ACE,CE,Towers with Display (VFR),1,28,122,0,151,0,3,167,0,170,1,31,289,0,321,227,0,227,548
04/12/2002,SUS,MO,ACE,CE,Towers with Display (VFR),0,44,157,0,201,0,5,86,0,91,0,49,243,0,292,405,0,405,697
04/13/2002,SUS,MO,ACE,CE,Towers with Display (VFR),0,10,136,0,146,0,4,51,0,55,0,14,187,0,201,376,0,376,577
04/14/2002,SUS,MO,ACE,CE,Towers with Display (VFR),0,21,122,0,143,0,1,140,0,141,0,22,262,0,284,418,0,418,702
04/15/2002,SUS,MO,ACE,CE,Towers with Display (VFR),0,20,137,0,157,0,12,215,3,230,0,32,352,3,387,258,0,258,645
04/16/2002,SUS,MO,ACE,CE,Towers with Display (VFR),0,29,138,0,167,0,4,139,0,143,0,33,277,0,310,86,0,86,396
04/17/2002,SUS,MO,ACE,CE,Towers with Display (VFR),0,32,141,0,173,0,14,185,0,199,0,46,326,0,372,202,0,202,574
04/18/2002,SUS,MO,ACE,CE,Towers with Display (VFR),0,27,139,0,166,0,8,136,0,144,0,35,275,0,310,121,0,121,431
04/19/2002,SUS,MO,ACE,CE,Towers with Display (VFR),0,25,134,0,159,0,0,82,0,82,0,25,216,0,241,131,0,131,372
04/20/2002,SUS,MO,ACE,CE,Towers with Display (VFR),0,13,68,0,81,0,0,0,0,0,0,13,68,0,81,12,0,12,93
04/21/2002,SUS,MO,ACE,CE,Towers with Display (VFR),0,18,77,0,95,0,5,33,0,38,0,23,110,0,133,54,0,54,187
04/22/2002,SUS,MO,ACE,CE,Towers with Display (VFR),0,32,139,0,171,0,11,182,0,193,0,43,321,0,364,141,0,141,505
04/23/2002,SUS,MO,ACE,CE,Towers with Display (VFR),0,31,135,0,166,0,5,202,0,207,0,36,337,0,373,86,0,86,459
04/24/2002,SUS,MO,ACE,CE,Towers with Display (VFR),0,29,146,0,175,0,8,40,0,48,0,37,186,0,223,111,0,111,334
04/25/2002,SUS,MO,ACE,CE,Towers with Display (VFR),0,52,155,2,209,0,6,132,1,139,0,58,287,3,348,208,0,208,556
04/26/2002,SUS,MO,ACE,CE,Towers with Display (VFR),0,26,171,0,197,0,9,136,1,146,0,35,307,1,343,231,0,231,574
04/27/2002,SUS,MO,ACE,CE,Towers with Display (VFR),0,16,27,0,43,0,2,3,0,5,0,18,30,0,48,0,0,0,48
04/28/2002,SUS,MO,ACE,CE,Towers with Display (VFR),0,27,106,0,133,0,11,112,0,123,0,38,218,0,256,43,0,43,299
04/29/2002,SUS,MO,ACE,CE,Towers with Display (VFR),0,25,147,0,172,0,14,222,0,236,0,39,369,0,408,410,0,410,818
04/30/2002,SUS,MO,ACE,CE,Towers with Display (VFR),0,32,157,4,193,0,14,146,0,160,0,46,303,4,353,237,0,237,590
05/01/2002,SUS,MO,ACE,CE,Towers with Display (VFR),0,35,121,0,156,0,4,14,0,18,0,39,135,0,174,26,0,26,200
05/02/2002,SUS,MO,ACE,CE,Towers with Display (VFR),1,37,155,6,199,0,8,120,0,128,1,45,275,6,327,184,0,184,511
05/03/2002,SUS,MO,ACE,CE,Towers with Display (VFR),0,21,121,0,142,0,12,250,0,262,0,33,371,0,404,326,0,326,730
05/04/2002,SUS,MO,ACE,CE,Towers with Display (VFR),0,16,100,0,116,0,7,292,2,301,0,23,392,2,417,280,0,280,697
05/05/2002,SUS,MO,ACE,CE,Towers with Display (VFR),0,23,87,0,110,0,5,202,0,207,0,28,289,0,317,186,0,186,503
05/06/2002,SUS,MO,ACE,CE,Towers with Display (VFR),0,16,105,1,122,0,10,53,0,63,0,26,158,1,185,56,0,56,241
05/07/2002,SUS,MO,ACE,CE,Towers with Display (VFR),0,23,101,1,125,0,5,72,0,77,0,28,173,1,202,158,0,158,360
05/08/2002,SUS,MO,ACE,CE,Towers with Display (VFR),0,17,127,0,144,0,5,75,0,80,0,22,202,0,224,132,0,132,356
05/09/2002,SUS,MO,ACE,CE,Towers with Display (VFR),1,32,162,0,195,0,7,156,2,165,1,39,318,2,360,151,0,151,511
05/10/2002,SUS,MO,ACE,CE,Towers with Display (VFR),0,44,197,0,241,0,5,246,0,251,0,49,443,0,492,302,0,302,794
05/11/2002,SUS,MO,ACE,CE,Towers with Display (VFR),0,16,84,0,100,0,3,66,0,69,0,19,150,0,169,136,0,136,305
05/12/2002,SUS,MO,ACE,CE,Towers with Display (VFR),0,18,49,0,67,0,0,11,0,11,0,18,60,0,78,28,0,28,106
05/13/2002,SUS,MO,ACE,CE,Towers with Display (VFR),0,35,128,0,163,0,6,103,0,109,0,41,231,0,272,132,0,132,404
05/14/2002,SUS,MO,ACE,CE,Towers with Display (VFR),0,20,152,0,172,0,9,273,0,282,0,29,425,0,454,305,0,305,759
05/15/2002,SUS,MO,ACE,CE,Towers with Display (VFR),0,36,188,0,224,0,10,180,0,190,0,46,368,0,414,141,0,141,555
05/16/2002,SUS,MO,ACE,CE,Towers with Display (VFR),0,31,143,0,174,0,4,49,0,53,0,35,192,0,227,132,0,132,359
05/17/2002,SUS,MO,ACE,CE,Towers with Display (VFR),0,36,139,0,175,0,0,5,0,5,0,36,144,0,180,0,0,0,180
05/18/2002,SUS,MO,ACE,CE,Towers with Display (VFR),0,16,110,0,126,0,3,187,0,190,0,19,297,0,316,294,0,294,610
05/19/2002,SUS,MO,ACE,CE,Towers with Display (VFR),0,14,75,0,89,0,9,224,0,233,0,23,299,0,322,222,0,222,544
05/20/2002,SUS,MO,ACE,CE,Towers with Display (VFR),0,22,136,0,158,0,5,186,0,191,0,27,322,0,349,250,0,250,599
05/21/2002,SUS,MO,ACE,CE,Towers with Display (VFR),0,39,142,0,181,0,3,232,2,237,0,42,374,2,418,207,0,207,625
05/22/2002,SUS,MO,ACE,CE,Towers with Display (VFR),0,37,150,1,188,0,8,180,0,188,0,45,330,1,376,130,0,130,506
05/23/2002,SUS,MO,ACE,CE,Towers with Display (VFR),0,35,170,2,207,0,2,158,0,160,0,37,328,2,367,177,0,177,544
05/24/2002,SUS,MO,ACE,CE,Towers with Display (VFR),0,24,124,0,148,0,2,47,0,49,0,26,171,0,197,104,0,104,301
05/25/2002,SUS,MO,ACE,CE,Towers with Display (VFR),0,17,60,0,77,0,9,77,0,86,0,26,137,0,163,155,0,155,318
05/26/2002,SUS,MO,ACE,CE,Towers with Display (VFR),0,9,72,0,81,0,13,175,0,188,0,22,247,0,269,237,0,237,506
05/27/2002,SUS,MO,ACE,CE,Towers with Display (VFR),0,22,98,0,120,0,6,118,1,125,0,28,216,1,245,321,0,321,566
05/28/2002,SUS,MO,ACE,CE,Towers with Display (VFR),0,28,111,0,139,0,6,95,0,101,0,34,206,0,240,309,0,309,549
05/29/2002,SUS,MO,ACE,CE,Towers with Display (VFR),0,22,160,0,182,0,0,109,0,109,0,22,269,0,291,373,0,373,664
05/30/2002,SUS,MO,ACE,CE,Towers with Display (VFR),0,33,183,0,216,0,2,106,0,108,0,35,289,0,324,518,0,518,842
05/31/2002,SUS,MO,ACE,CE,Towers with Display (VFR),0,22,168,1,191,0,10,201,2,213,0,32,369,3,404,413,0,413,817
06/01/2002,SUS,MO,ACE,CE,Towers with Display (VFR),0,20,105,0,125,0,22,229,0,251,0,42,334,0,376,400,0,400,776
06/02/2002,SUS,MO,ACE,CE,Towers with Display (VFR),0,21,89,0,110,0,7,149,0,156,0,28,238,0,266,281,0,281,547
06/03/2002,SUS,MO,ACE,CE,Towers with Display (VFR),0,21,123,0,144,0,3,166,0,169,0,24,289,0,313,259,0,259,572
06/04/2002,SUS,MO,ACE,CE,Towers with Display (VFR),4,33,141,0,178,0,12,152,0,164,4,45,293,0,342,328,0,328,670
06/05/2002,SUS,MO,ACE,CE,Towers with Display (VFR),0,35,136,2,173,0,2,55,2,59,0,37,191,4,232,82,0,82,314
06/06/2002,SUS,MO,ACE,CE,Towers with Display (VFR),0,29,190,0,219,0,7,199,0,206,0,36,389,0,425,383,0,383,808
06/07/2002,SUS,MO,ACE,CE,Towers with Display (VFR),0,28,186,1,215,0,8,215,0,223,0,36,401,1,438,524,0,524,962
06/08/2002,SUS,MO,ACE,CE,Towers with Display (VFR),0,14,93,0,107,0,14,164,0,178,0,28,257,0,285,251,0,251,536
06/09/2002,SUS,MO,ACE,CE,Towers with Display (VFR),0,15,110,1,126,0,5,90,0,95,0,20,200,1,221,142,0,142,363
06/10/2002,SUS,MO,ACE,CE,Towers with Display (VFR),2,22,132,0,156,0,6,40,0,46,2,28,172,0,202,88,0,88,290
06/11/2002,SUS,MO,ACE,CE,Towers with Display (VFR),0,32,132,0,164,0,7,91,0,98,0,39,223,0,262,167,0,167,429
06/12/2002,SUS,MO,ACE,CE,Towers with Display (VFR),0,39,175,0,214,0,4,112,0,116,0,43,287,0,330,287,0,287,617
06/13/2002,SUS,MO,ACE,CE,Towers with Display (VFR),0,25,151,0,176,0,6,143,3,152,0,31,294,3,328,236,0,236,564
06/14/2002,SUS,MO,ACE,CE,Towers with Display (VFR),0,29,158,4,191,0,5,157,0,162,0,34,315,4,353,156,0,156,509
06/15/2002,SUS,MO,ACE,CE,Towers with Display (VFR),0,12,94,0,106,0,11,192,0,203,0,23,286,0,309,233,0,233,542
06/16/2002,SUS,MO,ACE,CE,Towers with Display (VFR),0,14,71,2,87,0,12,210,0,222,0,26,281,2,309,230,0,230,539
06/17/2002,SUS,MO,ACE,CE,Towers with Display (VFR),0,31,134,1,166,0,10,175,0,185,0,41,309,1,351,262,0,262,613
06/18/2002,SUS,MO,ACE,CE,Towers with Display (VFR),0,36,163,0,199,0,4,176,1,181,0,40,339,1,380,177,0,177,557
06/19/2002,SUS,MO,ACE,CE,Towers with Display (VFR),0,35,168,0,203,0,9,190,1,200,0,44,358,1,403,248,0,248,651
06/20/2002,SUS,MO,ACE,CE,Towers with Display (VFR),0,36,158,2,196,0,3,145,2,150,0,39,303,4,346,184,0,184,530
06/21/2002,SUS,MO,ACE,CE,Towers with Display (VFR),0,27,174,2,203,0,10,188,0,198,0,37,362,2,401,376,0,376,777
06/22/2002,SUS,MO,ACE,CE,Towers with Display (VFR),0,12,87,0,99,0,10,190,0,200,0,22,277,0,299,257,0,257,556
06/23/2002,SUS,MO,ACE,CE,Towers with Display (VFR),0,35,116,2,153,0,5,145,0,150,0,40,261,2,303,141,0,141,444
06/24/2002,SUS,MO,ACE,CE,Towers with Display (VFR),0,35,126,0,161,0,7,93,2,102,0,42,219,2,263,163,0,163,426
06/25/2002,SUS,MO,ACE,CE,Towers with Display (VFR),0,27,163,0,190,0,11,134,5,150,0,38,297,5,340,215,0,215,555
06/26/2002,SUS,MO,ACE,CE,Towers with Display (VFR),6,47,178,2,233,0,6,152,9,167,6,53,330,11,400,238,0,238,638
06/27/2002,SUS,MO,ACE,CE,Towers with Display (VFR),2,46,143,2,193,0,8,126,2,136,2,54,269,4,329,234,0,234,563
06/28/2002,SUS,MO,ACE,CE,Towers with Display (VFR),0,33,165,1,199,0,8,174,0,182,0,41,339,1,381,311,0,311,692
06/29/2002,SUS,MO,ACE,CE,Towers with Display (VFR),0,30,81,0,111,0,7,175,0,182,0,37,256,0,293,211,0,211,504
06/30/2002,SUS,MO,ACE,CE,Towers with Display (VFR),0,26,96,1,123,0,5,146,3,154,0,31,242,4,277,197,0,197,474
07/01/2002,SUS,MO,ACE,CE,Towers with Display (VFR),0,26,104,0,130,0,11,144,0,155,0,37,248,0,285,174,0,174,459
07/02/2002,SUS,MO,ACE,CE,Towers with Display (VFR),0,32,150,0,182,0,7,147,0,154,0,39,297,0,336,244,0,244,580
07/03/2002,SUS,MO,ACE,CE,Towers with Display (VFR),0,34,121,0,155,0,5,133,3,141,0,39,254,3,296,162,0,162,458
07/04/2002,SUS,MO,ACE,CE,Towers with Display (VFR),0,13,37,0,50,0,4,91,1,96,0,17,128,1,146,154,0,154,300
07/05/2002,SUS,MO,ACE,CE,Towers with Display (VFR),0,19,68,0,87,0,6,102,0,108,0,25,170,0,195,188,0,188,383
07/06/2002,SUS,MO,ACE,CE,Towers with Display (VFR),0,18,64,2,84,0,0,152,0,152,0,18,216,2,236,206,0,206,442
07/07/2002,SUS,MO,ACE,CE,Towers with Display (VFR),0,28,92,0,120,0,7,118,0,125,0,35,210,0,245,149,0,149,394
07/08/2002,SUS,MO,ACE,CE,Towers with Display (VFR),0,41,110,0,151,0,9,166,0,175,0,50,276,0,326,290,0,290,616
07/09/2002,SUS,MO,ACE,CE,Towers with Display (VFR),0,23,152,0,175,0,5,108,0,113,0,28,260,0,288,210,0,210,498
07/10/2002,SUS,MO,ACE,CE,Towers with Display (VFR),0,27,184,0,211,0,3,44,0,47,0,30,228,0,258,90,0,90,348
07/11/2002,SUS,MO,ACE,CE,Towers with Display (VFR),0,36,188,0,224,0,6,74,0,80,0,42,262,0,304,257,0,257,561
07/12/2002,SUS,MO,ACE,CE,Towers with Display (VFR),0,20,150,0,170,0,18,113,0,131,0,38,263,0,301,362,0,362,663
07/13/2002,SUS,MO,ACE,CE,Towers with Display (VFR),0,12,82,1,95,0,18,200,1,219,0,30,282,2,314,232,0,232,546
07/14/2002,SUS,MO,ACE,CE,Towers with Display (VFR),0,20,102,2,124,0,10,246,0,256,0,30,348,2,380,261,0,261,641
07/15/2002,SUS,MO,ACE,CE,Towers with Display (VFR),0,35,145,0,180,0,4,206,0,210,0,39,351,0,390,504,0,504,894
07/16/2002,SUS,MO,ACE,CE,Towers with Display (VFR),0,34,150,0,184,0,4,159,0,163,0,38,309,0,347,188,0,188,535
07/17/2002,SUS,MO,ACE,CE,Towers with Display (VFR),0,19,179,1,199,0,6,152,1,159,0,25,331,2,358,304,0,304,662
07/18/2002,SUS,MO,ACE,CE,Towers with Display (VFR),0,26,121,0,147,0,9,132,0,141,0,35,253,0,288,162,0,162,450
07/19/2002,SUS,MO,ACE,CE,Towers with Display (VFR),0,35,158,0,193,1,8,165,0,174,1,43,323,0,367,340,0,340,707
07/20/2002,SUS,MO,ACE,CE,Towers with Display (VFR),0,16,87,0,103,0,16,166,0,182,0,32,253,0,285,169,0,169,454
07/21/2002,SUS,MO,ACE,CE,Towers with Display (VFR),1,16,98,0,115,0,6,166,0,172,1,22,264,0,287,148,0,148,435
07/22/2002,SUS,MO,ACE,CE,Towers with Display (VFR),0,26,127,0,153,0,15,124,0,139,0,41,251,0,292,142,0,142,434
07/23/2002,SUS,MO,ACE,CE,Towers with Display (VFR),0,33,135,1,169,0,12,215,3,230,0,45,350,4,399,316,0,316,715
07/24/2002,SUS,MO,ACE,CE,Towers with Display (VFR),0,31,178,0,209,0,8,197,0,205,0,39,375,0,414,322,0,322,736
07/25/2002,SUS,MO,ACE,CE,Towers with Display (VFR),1,34,157,0,192,0,13,154,1,168,1,47,311,1,360,200,0,200,560
07/26/2002,SUS,MO,ACE,CE,Towers with Display (VFR),0,22,126,0,148,0,9,110,1,120,0,31,236,1,268,178,0,178,446
07/27/2002,SUS,MO,ACE,CE,Towers with Display (VFR),0,11,54,0,65,0,5,111,0,116,0,16,165,0,181,160,0,160,341
07/28/2002,SUS,MO,ACE,CE,Towers with Display (VFR),0,12,101,0,113,0,9,99,0,108,0,21,200,0,221,157,0,157,378
07/29/2002,SUS,MO,ACE,CE,Towers with Display (VFR),0,17,126,0,143,0,6,102,0,108,0,23,228,0,251,288,0,288,539
07/30/2002,SUS,MO,ACE,CE,Towers with Display (VFR),0,28,130,0,158,0,4,174,0,178,0,32,304,0,336,303,0,303,639
07/31/2002,SUS,MO,ACE,CE,Towers with Display (VFR),0,31,148,0,179,0,6,198,0,204,0,37,346,0,383,252,0,252,635
08/01/2002,SUS,MO,ACE,CE,Towers with Display (VFR),0,36,123,0,159,0,7,147,0,154,0,43,270,0,313,192,0,192,505
08/02/2002,SUS,MO,ACE,CE,Towers with Display (VFR),0,26,126,0,152,0,0,90,0,90,0,26,216,0,242,170,0,170,412
08/03/2002,SUS,MO,ACE,CE,Towers with Display (VFR),0,26,85,0,111,0,4,156,0,160,0,30,241,0,271,345,0,345,616
08/04/2002,SUS,MO,ACE,CE,Towers with Display (VFR),0,29,75,1,105,0,5,137,0,142,0,34,212,1,247,255,0,255,502
08/05/2002,SUS,MO,ACE,CE,Towers with Display (VFR),0,30,120,0,150,0,1,88,0,89,0,31,208,0,239,398,0,398,637
08/06/2002,SUS,MO,ACE,CE,Towers with Display (VFR),0,33,154,1,188,0,3,94,0,97,0,36,248,1,285,208,0,208,493
08/07/2002,SUS,MO,ACE,CE,Towers with Display (VFR),2,36,111,0,149,0,3,186,0,189,2,39,297,0,338,272,0,272,610
08/08/2002,SUS,MO,ACE,CE,Towers with Display (VFR),0,24,130,0,154,0,8,172,0,180,0,32,302,0,334,299,0,299,633
08/09/2002,SUS,MO,ACE,CE,Towers with Display (VFR),1,36,125,0,162,2,5,151,0,158,3,41,276,0,320,305,0,305,625
08/10/2002,SUS,MO,ACE,CE,Towers with Display (VFR),0,18,77,0,95,0,2,133,0,135,0,20,210,0,230,306,0,306,536
08/11/2002,SUS,MO,ACE,CE,Towers with Display (VFR),0,31,146,0,177,0,0,75,0,75,0,31,221,0,252,168,0,168,420
08/12/2002,SUS,MO,ACE,CE,Towers with Display (VFR),1,24,123,0,148,0,1,114,0,115,1,25,237,0,263,130,0,130,393
08/13/2002,SUS,MO,ACE,CE,Towers with Display (VFR),0,22,122,0,144,0,2,48,2,52,0,24,170,2,196,145,0,145,341
08/14/2002,SUS,MO,ACE,CE,Towers with Display (VFR),0,39,187,0,226,0,6,100,2,108,0,45,287,2,334,151,0,151,485
08/15/2002,SUS,MO,ACE,CE,Towers with Display (VFR),0,44,179,0,223,0,13,159,0,172,0,57,338,0,395,208,0,208,603
08/16/2002,SUS,MO,ACE,CE,Towers with Display (VFR),1,47,140,0,188,0,9,120,2,131,1,56,260,2,319,166,0,166,485
08/17/2002,SUS,MO,ACE,CE,Towers with Display (VFR),1,21,76,0,98,0,4,98,0,102,1,25,174,0,200,269,0,269,469
08/18/2002,SUS,MO,ACE,CE,Towers with Display (VFR),0,21,91,2,114,0,2,57,0,59,0,23,148,2,173,58,0,58,231
08/19/2002,SUS,MO,ACE,CE,Towers with Display (VFR),0,20,118,0,138,0,7,82,0,89,0,27,200,0,227,181,0,181,408
08/20/2002,SUS,MO,ACE,CE,Towers with Display (VFR),0,32,121,0,153,0,4,108,0,112,0,36,229,0,265,218,0,218,483
08/21/2002,SUS,MO,ACE,CE,Towers with Display (VFR),0,29,169,0,198,0,8,164,0,172,0,37,333,0,370,246,0,246,616
08/22/2002,SUS,MO,ACE,CE,Towers with Display (VFR),0,34,198,0,232,0,2,148,0,150,0,36,346,0,382,380,0,380,762
08/23/2002,SUS,MO,ACE,CE,Towers with Display (VFR),0,30,96,0,126,0,1,67,0,68,0,31,163,0,194,204,0,204,398
08/24/2002,SUS,MO,ACE,CE,Towers with Display (VFR),0,19,86,0,105,0,10,164,0,174,0,29,250,0,279,276,0,276,555
08/25/2002,SUS,MO,ACE,CE,Towers with Display (VFR),0,19,94,0,113,0,4,189,0,193,0,23,283,0,306,266,0,266,572
08/26/2002,SUS,MO,ACE,CE,Towers with Display (VFR),0,23,137,1,161,0,4,179,1,184,0,27,316,2,345,199,0,199,544
08/27/2002,SUS,MO,ACE,CE,Towers with Display (VFR),0,35,158,2,195,0,4,190,6,200,0,39,348,8,395,97,4,101,496
08/28/2002,SUS,MO,ACE,CE,Towers with Display (VFR),0,31,203,1,235,0,5,186,1,192,0,36,389,2,427,52,0,52,479
08/29/2002,SUS,MO,ACE,CE,Towers with Display (VFR),0,19,116,7,142,0,5,127,4,136,0,24,243,11,278,14,0,14,292
08/30/2002,SUS,MO,ACE,CE,Towers with Display (VFR),0,21,106,6,133,1,2,138,6,147,1,23,244,12,280,16,0,16,296
08/31/2002,SUS,MO,ACE,CE,Towers with Display (VFR),0,9,43,2,54,0,3,76,1,80,0,12,119,3,134,18,0,18,152
09/01/2002,SUS,MO,ACE,CE,Towers with Display (VFR),0,5,41,0,46,0,1,54,1,56,0,6,95,1,102,177,0,177,279
09/02/2002,SUS,MO,ACE,CE,Towers with Display (VFR),0,17,78,7,102,0,2,117,2,121,0,19,195,9,223,0,0,0,223
09/03/2002,SUS,MO,ACE,CE,Towers with Display (VFR),0,21,156,5,182,0,4,170,6,180,0,25,326,11,362,90,16,106,468
09/04/2002,SUS,MO,ACE,CE,Towers with Display (VFR),0,33,127,0,160,0,5,179,0,184,0,38,306,0,344,104,0,104,448
09/05/2002,SUS,MO,ACE,CE,Towers with Display (VFR),0,39,132,0,171,0,9,159,0,168,0,48,291,0,339,191,0,191,530
09/06/2002,SUS,MO,ACE,CE,Towers with Display (VFR),0,22,127,2,151,0,8,185,0,193,0,30,312,2,344,197,0,197,541
09/07/2002,SUS,MO,ACE,CE,Towers with Display (VFR),0,11,65,0,76,0,9,157,1,167,0,20,222,1,243,234,2,236,479
09/08/2002,SUS,MO,ACE,CE,Towers with Display (VFR),0,18,97,1,116,0,6,121,0,127,0,24,218,1,243,178,0,178,421
09/09/2002,SUS,MO,ACE,CE,Towers with Display (VFR),0,32,145,2,179,0,3,114,0,117,0,35,259,2,296,213,0,213,509
09/10/2002,SUS,MO,ACE,CE,Towers with Display (VFR),0,41,173,0,214,0,4,110,0,114,0,45,283,0,328,304,0,304,632
09/11/2002,SUS,MO,ACE,CE,Towers with Display (VFR),0,24,156,0,180,0,6,130,3,139,0,30,286,3,319,185,0,185,504
09/12/2002,SUS,MO,ACE,CE,Towers with Display (VFR),0,30,165,0,195,0,9,219,1,229,0,39,384,1,424,179,0,179,603
09/13/2002,SUS,MO,ACE,CE,Towers with Display (VFR),2,30,176,0,208,0,2,152,0,154,2,32,328,0,362,239,0,239,601
09/14/2002,SUS,MO,ACE,CE,Towers with Display (VFR),0,12,84,0,96,0,5,163,0,168,0,17,247,0,264,274,0,274,538
09/15/2002,SUS,MO,ACE,CE,Towers with Display (VFR),0,26,108,0,134,0,5,45,0,50,0,31,153,0,184,84,0,84,268
09/16/2002,SUS,MO,ACE,CE,Towers with Display (VFR),0,30,160,0,190,0,6,99,0,105,0,36,259,0,295,228,0,228,523
09/17/2002,SUS,MO,ACE,CE,Towers with Display (VFR),0,38,206,0,244,0,2,40,0,42,0,40,246,0,286,80,0,80,366
09/18/2002,SUS,MO,ACE,CE,Towers with Display (VFR),0,37,195,0,232,0,7,78,0,85,0,44,273,0,317,105,0,105,422
09/19/2002,SUS,MO,ACE,CE,Towers with Display (VFR),0,24,149,0,173,0,1,29,0,30,0,25,178,0,203,80,0,80,283
09/20/2002,SUS,MO,ACE,CE,Towers with Display (VFR),0,26,143,4,173,0,7,82,0,89,0,33,225,4,262,135,0,135,397
09/21/2002,SUS,MO,ACE,CE,Towers with Display (VFR),0,12,87,0,99,0,11,253,0,264,0,23,340,0,363,220,0,220,583
09/22/2002,SUS,MO,ACE,CE,Towers with Display (VFR),2,22,114,2,140,0,5,178,1,184,2,27,292,3,324,257,0,257,581
09/23/2002,SUS,MO,ACE,CE,Towers with Display (VFR),0,17,127,0,144,0,3,150,0,153,0,20,277,0,297,308,0,308,605
09/24/2002,SUS,MO,ACE,CE,Towers with Display (VFR),0,31,171,0,202,0,2,194,0,196,0,33,365,0,398,222,0,222,620
09/25/2002,SUS,MO,ACE,CE,Towers with Display (VFR),0,25,183,1,209,0,6,203,1,210,0,31,386,2,419,301,0,301,720
09/26/2002,SUS,MO,ACE,CE,Towers with Display (VFR),0,25,175,0,200,0,11,159,0,170,0,36,334,0,370,298,0,298,668
09/27/2002,SUS,MO,ACE,CE,Towers with Display (VFR),0,27,136,8,171,0,16,137,2,155,0,43,273,10,326,192,0,192,518
09/28/2002,SUS,MO,ACE,CE,Towers with Display (VFR),0,18,108,0,126,0,5,141,2,148,0,23,249,2,274,345,0,345,619
09/29/2002,SUS,MO,ACE,CE,Towers with Display (VFR),0,25,94,2,121,0,2,155,2,159,0,27,249,4,280,158,0,158,438
09/30/2002,SUS,MO,ACE,CE,Towers with Display (VFR),0,27,119,0,146,0,1,121,2,124,0,28,240,2,270,115,0,115,385
10/01/2002,SUS,MO,ACE,CE,Towers with Display (VFR),0,22,167,0,189,0,4,130,0,134,0,26,297,0,323,174,0,174,497
10/02/2002,SUS,MO,ACE,CE,Towers with Display (VFR),0,46,151,0,197,0,3,99,2,104,0,49,250,2,301,156,0,156,457
10/03/2002,SUS,MO,ACE,CE,Towers with Display (VFR),0,50,171,0,221,0,7,68,0,75,0,57,239,0,296,299,0,299,595
10/04/2002,SUS,MO,ACE,CE,Towers with Display (VFR),0,30,120,0,150,0,5,48,2,55,0,35,168,2,205,26,0,26,231
10/05/2002,SUS,MO,ACE,CE,Towers with Display (VFR),0,16,78,6,100,0,13,242,0,255,0,29,320,6,355,274,0,274,629
10/06/2002,SUS,MO,ACE,CE,Towers with Display (VFR),0,16,82,1,99,0,1,60,2,63,0,17,142,3,162,70,0,70,232
10/07/2002,SUS,MO,ACE,CE,Towers with Display (VFR),0,24,115,0,139,0,4,138,1,143,0,28,253,1,282,192,0,192,474
10/08/2002,SUS,MO,ACE,CE,Towers with Display (VFR),0,25,136,0,161,0,10,131,0,141,0,35,267,0,302,226,0,226,528
10/09/2002,SUS,MO,ACE,CE,Towers with Display (VFR),0,37,140,0,177,0,8,152,0,160,0,45,292,0,337,276,0,276,613
10/10/2002,SUS,MO,ACE,CE,Towers with Display (VFR),0,36,136,0,172,0,3,145,0,148,0,39,281,0,320,291,0,291,611
10/11/2002,SUS,MO,ACE,CE,Towers with Display (VFR),0,33,175,0,208,0,2,104,0,106,0,35,279,0,314,198,0,198,512
10/12/2002,SUS,MO,ACE,CE,Towers with Display (VFR),0,16,86,2,104,0,4,92,0,96,0,20,178,2,200,335,0,335,535
10/13/2002,SUS,MO,ACE,CE,Towers with Display (VFR),0,22,89,1,112,0,4,123,0,127,0,26,212,1,239,242,0,242,481
10/14/2002,SUS,MO,ACE,CE,Towers with Display (VFR),0,32,132,14,178,0,10,166,0,176,0,42,298,14,354,227,0,227,581
10/15/2002,SUS,MO,ACE,CE,Towers with Display (VFR),0,29,120,3,152,0,11,114,0,125,0,40,234,3,277,317,0,317,594
10/16/2002,SUS,MO,ACE,CE,Towers with Display (VFR),0,40,134,0,174,0,6,217,0,223,0,46,351,0,397,191,0,191,588
10/17/2002,SUS,MO,ACE,CE,Towers with Display (VFR),0,42,175,0,217,0,7,144,0,151,0,49,319,0,368,240,0,240,608
10/18/2002,SUS,MO,ACE,CE,Towers with Display (VFR),0,30,118,2,150,0,7,134,0,141,0,37,252,2,291,111,0,111,402
10/19/2002,SUS,MO,ACE,CE,Towers with Display (VFR),0,16,73,0,89,0,7,169,0,176,0,23,242,0,265,264,0,264,529
10/20/2002,SUS,MO,ACE,CE,Towers with Display (VFR),0,22,79,1,102,0,3,157,4,164,0,25,236,5,266,197,0,197,463
10/21/2002,SUS,MO,ACE,CE,Towers with Display (VFR),0,32,134,1,167,0,13,130,0,143,0,45,264,1,310,201,0,201,511
10/22/2002,SUS,MO,ACE,CE,Towers with Display (VFR),1,50,147,0,198,0,17,125,0,142,1,67,272,0,340,192,0,192,532
10/23/2002,SUS,MO,ACE,CE,Towers with Display (VFR),1,32,145,0,178,0,8,87,0,95,1,40,232,0,273,187,0,187,460
10/24/2002,SUS,MO,ACE,CE,Towers with Display (VFR),0,48,168,0,216,0,5,117,0,122,0,53,285,0,338,208,0,208,546
10/25/2002,SUS,MO,ACE,CE,Towers with Display (VFR),0,36,107,0,143,0,0,10,0,10,0,36,117,0,153,0,0,0,153
10/26/2002,SUS,MO,ACE,CE,Towers with Display (VFR),0,11,151,0,162,0,3,57,0,60,0,14,208,0,222,177,0,177,399
10/27/2002,SUS,MO,ACE,CE,Towers with Display (VFR),0,31,124,0,155,0,4,105,0,109,0,35,229,0,264,278,0,278,542
10/28/2002,SUS,MO,ACE,CE,Towers with Display (VFR),0,28,144,0,172,0,0,8,0,8,0,28,152,0,180,36,0,36,216
10/29/2002,SUS,MO,ACE,CE,Towers with Display (VFR),0,23,131,0,154,0,3,2,0,5,0,26,133,0,159,12,0,12,171
10/30/2002,SUS,MO,ACE,CE,Towers with Display (VFR),0,28,156,0,184,0,0,17,0,17,0,28,173,0,201,70,0,70,271
10/31/2002,SUS,MO,ACE,CE,Towers with Display (VFR),0,32,155,0,187,0,1,58,0,59,0,33,213,0,246,86,0,86,332
11/01/2002,SUS,MO,ACE,CE,Towers with Display (VFR),0,31,146,4,181,0,7,169,0,176,0,38,315,4,357,136,0,136,493
11/02/2002,SUS,MO,ACE,CE,Towers with Display (VFR),0,15,64,0,79,0,12,148,0,160,0,27,212,0,239,215,0,215,454
11/03/2002,SUS,MO,ACE,CE,Towers with Display (VFR),2,16,68,0,86,0,0,0,0,0,2,16,68,0,86,12,0,12,98
11/04/2002,SUS,MO,ACE,CE,Towers with Display (VFR),0,34,151,0,185,0,10,103,0,113,0,44,254,0,298,144,0,144,442
11/05/2002,SUS,MO,ACE,CE,Towers with Display (VFR),0,25,110,1,136,0,9,27,0,36,0,34,137,1,172,50,0,50,222
11/06/2002,SUS,MO,ACE,CE,Towers with Display (VFR),0,22,122,1,145,0,12,116,1,129,0,34,238,2,274,199,0,199,473
11/07/2002,SUS,MO,ACE,CE,Towers with Display (VFR),0,19,128,0,147,0,4,148,0,152,0,23,276,0,299,155,0,155,454
11/08/2002,SUS,MO,ACE,CE,Towers with Display (VFR),0,25,109,4,138,0,5,132,0,137,0,30,241,4,275,86,0,86,361
11/09/2002,SUS,MO,ACE,CE,Towers with Display (VFR),0,17,68,0,85,0,4,85,0,89,0,21,153,0,174,114,0,114,288
11/10/2002,SUS,MO,ACE,CE,Towers with Display (VFR),0,14,74,0,88,0,5,72,0,77,0,19,146,0,165,176,0,176,341
11/11/2002,SUS,MO,ACE,CE,Towers with Display (VFR),0,9,137,0,146,0,12,138,0,150,0,21,275,0,296,222,0,222,518
11/12/2002,SUS,MO,ACE,CE,Towers with Display (VFR),0,20,129,4,153,0,8,119,0,127,0,28,248,4,280,187,0,187,467
11/13/2002,SUS,MO,ACE,CE,Towers with Display (VFR),2,25,152,0,179,0,6,121,0,127,2,31,273,0,306,325,0,325,631
11/14/2002,SUS,MO,ACE,CE,Towers with Display (VFR),2,28,166,0,196,0,6,109,0,115,2,34,275,0,311,332,0,332,643
11/15/2002,SUS,MO,ACE,CE,Towers with Display (VFR),0,24,134,0,158,0,7,35,0,42,0,31,169,0,200,28,0,28,228
11/16/2002,SUS,MO,ACE,CE,Towers with Display (VFR),0,7,67,0,74,0,8,118,0,126,0,15,185,0,200,264,0,264,464
11/17/2002,SUS,MO,ACE,CE,Towers with Display (VFR),0,19,76,0,95,0,7,150,0,157,0,26,226,0,252,304,0,304,556
11/18/2002,SUS,MO,ACE,CE,Towers with Display (VFR),0,14,125,1,140,0,3,94,1,98,0,17,219,2,238,124,0,124,362
11/19/2002,SUS,MO,ACE,CE,Towers with Display (VFR),0,27,136,0,163,0,7,140,0,147,0,34,276,0,310,201,0,201,511
11/20/2002,SUS,MO,ACE,CE,Towers with Display (VFR),0,24,139,0,163,1,2,181,0,184,1,26,320,0,347,257,0,257,604
11/21/2002,SUS,MO,ACE,CE,Towers with Display (VFR),0,43,131,0,174,0,2,85,1,88,0,45,216,1,262,45,0,45,307
11/22/2002,SUS,MO,ACE,CE,Towers with Display (VFR),0,42,125,0,167,0,5,121,0,126,0,47,246,0,293,166,0,166,459
11/23/2002,SUS,MO,ACE,CE,Towers with Display (VFR),0,21,79,0,100,0,6,184,0,190,0,27,263,0,290,283,0,283,573
11/24/2002,SUS,MO,ACE,CE,Towers with Display (VFR),0,16,70,0,86,0,6,113,0,119,0,22,183,0,205,184,0,184,389
11/25/2002,SUS,MO,ACE,CE,Towers with Display (VFR),0,27,103,0,130,0,3,69,0,72,0,30,172,0,202,162,0,162,364
11/26/2002,SUS,MO,ACE,CE,Towers with Display (VFR),0,46,128,0,174,0,9,83,0,92,0,55,211,0,266,139,0,139,405
11/27/2002,SUS,MO,ACE,CE,Towers with Display (VFR),1,26,134,0,161,0,8,143,0,151,1,34,277,0,312,199,0,199,511
11/28/2002,SUS,MO,ACE,CE,Towers with Display (VFR),0,16,36,0,52,0,8,72,0,80,0,24,108,0,132,53,0,53,185
11/29/2002,SUS,MO,ACE,CE,Towers with Display (VFR),0,10,48,0,58,0,8,111,0,119,0,18,159,0,177,155,0,155,332
11/30/2002,SUS,MO,ACE,CE,Towers with Display (VFR),0,14,35,0,49,0,0,33,0,33,0,14,68,0,82,26,0,26,108
12/01/2002,SUS,MO,ACE,CE,Towers with Display (VFR),0,26,117,0,143,0,9,157,0,166,0,35,274,0,309,182,0,182,491
12/02/2002,SUS,MO,ACE,CE,Towers with Display (VFR),1,29,133,0,163,0,7,91,0,98,1,36,224,0,261,137,0,137,398
12/03/2002,SUS,MO,ACE,CE,Towers with Display (VFR),0,26,150,0,176,0,8,91,0,99,0,34,241,0,275,296,0,296,571
12/04/2002,SUS,MO,ACE,CE,Towers with Display (VFR),1,18,95,0,114,0,0,0,0,0,1,18,95,0,114,0,0,0,114
12/05/2002,SUS,MO,ACE,CE,Towers with Display (VFR),0,28,146,2,176,0,8,98,0,106,0,36,244,2,282,86,0,86,368
12/06/2002,SUS,MO,ACE,CE,Towers with Display (VFR),2,32,131,0,165,0,8,104,0,112,2,40,235,0,277,281,0,281,558
12/07/2002,SUS,MO,ACE,CE,Towers with Display (VFR),0,12,74,0,86,0,5,130,2,137,0,17,204,2,223,280,0,280,503
12/08/2002,SUS,MO,ACE,CE,Towers with Display (VFR),0,21,72,0,93,0,12,151,0,163,0,33,223,0,256,200,0,200,456
12/09/2002,SUS,MO,ACE,CE,Towers with Display (VFR),1,16,105,0,122,0,8,92,0,100,1,24,197,0,222,234,0,234,456
12/10/2002,SUS,MO,ACE,CE,Towers with Display (VFR),3,18,120,0,141,0,7,129,0,136,3,25,249,0,277,308,0,308,585
12/11/2002,SUS,MO,ACE,CE,Towers with Display (VFR),0,23,129,0,152,0,12,117,0,129,0,35,246,0,281,242,0,242,523
12/12/2002,SUS,MO,ACE,CE,Towers with Display (VFR),1,26,150,0,177,0,2,87,0,89,1,28,237,0,266,121,0,121,387
12/13/2002,SUS,MO,ACE,CE,Towers with Display (VFR),0,35,104,0,139,0,4,6,0,10,0,39,110,0,149,0,0,0,149
12/14/2002,SUS,MO,ACE,CE,Towers with Display (VFR),0,14,79,0,93,0,11,154,0,165,0,25,233,0,258,281,0,281,539
12/15/2002,SUS,MO,ACE,CE,Towers with Display (VFR),0,18,65,0,83,0,4,173,0,177,0,22,238,0,260,211,0,211,471
12/16/2002,SUS,MO,ACE,CE,Towers with Display (VFR),0,22,116,2,140,0,4,65,0,69,0,26,181,2,209,130,0,130,339
12/17/2002,SUS,MO,ACE,CE,Towers with Display (VFR),0,32,101,0,133,0,1,4,0,5,0,33,105,0,138,0,0,0,138
12/18/2002,SUS,MO,ACE,CE,Towers with Display (VFR),0,23,95,0,118,0,1,10,0,11,0,24,105,0,129,0,0,0,129
12/19/2002,SUS,MO,ACE,CE,Towers with Display (VFR),0,32,141,0,173,0,5,97,0,102,0,37,238,0,275,235,0,235,510
12/20/2002,SUS,MO,ACE,CE,Towers with Display (VFR),0,23,151,0,174,0,3,128,0,131,0,26,279,0,305,129,0,129,434
12/21/2002,SUS,MO,ACE,CE,Towers with Display (VFR),0,14,90,0,104,0,6,183,0,189,0,20,273,0,293,302,0,302,595
12/22/2002,SUS,MO,ACE,CE,Towers with Display (VFR),0,17,70,0,87,0,8,131,0,139,0,25,201,0,226,143,0,143,369
12/23/2002,SUS,MO,ACE,CE,Towers with Display (VFR),0,20,55,0,75,0,5,111,0,116,0,25,166,0,191,138,0,138,329
12/24/2002,SUS,MO,ACE,CE,Towers with Display (VFR),0,15,17,0,32,0,1,4,0,5,0,16,21,0,37,6,0,6,43
12/25/2002,SUS,MO,ACE,CE,Towers with Display (VFR),0,12,14,0,26,0,3,3,0,6,0,15,17,0,32,0,0,0,32
12/26/2002,SUS,MO,ACE,CE,Towers with Display (VFR),0,38,89,0,127,0,6,99,0,105,0,44,188,0,232,68,0,68,300
12/27/2002,SUS,MO,ACE,CE,Towers with Display (VFR),0,19,94,0,113,0,4,64,0,68,0,23,158,0,181,152,0,152,333
12/28/2002,SUS,MO,ACE,CE,Towers with Display (VFR),0,17,74,0,91,0,1,129,0,130,0,18,203,0,221,148,0,148,369
12/29/2002,SUS,MO,ACE,CE,Towers with Display (VFR),0,11,74,0,85,0,6,118,0,124,0,17,192,0,209,106,0,106,315
12/30/2002,SUS,MO,ACE,CE,Towers with Display (VFR),0,24,63,0,87,0,5,32,0,37,0,29,95,0,124,48,0,48,172
12/31/2002,SUS,MO,ACE,CE,Towers with Display (VFR),0,14,33,0,47,0,4,141,0,145,0,18,174,0,192,175,0,175,367
01/01/2003,SUS,MO,ACE,CE,Towers with Display (VFR),0,9,42,0,51,0,4,65,0,69,0,13,107,0,120,48,0,48,168
01/02/2003,SUS,MO,ACE,CE,Towers with Display (VFR),0,19,44,0,63,0,2,5,0,7,0,21,49,0,70,0,0,0,70
01/03/2003,SUS,MO,ACE,CE,Towers with Display (VFR),0,16,62,0,78,0,5,102,2,109,0,21,164,2,187,126,0,126,313
01/04/2003,SUS,MO,ACE,CE,Towers with Display (VFR),0,38,103,0,141,0,7,174,0,181,0,45,277,0,322,232,0,232,554
01/05/2003,SUS,MO,ACE,CE,Towers with Display (VFR),0,18,57,0,75,0,5,18,2,25,0,23,75,2,100,84,0,84,184
01/06/2003,SUS,MO,ACE,CE,Towers with Display (VFR),0,21,89,0,110,0,6,50,0,56,0,27,139,0,166,109,0,109,275
01/07/2003,SUS,MO,ACE,CE,Towers with Display (VFR),0,12,114,0,126,0,3,91,0,94,0,15,205,0,220,200,0,200,420
01/08/2003,SUS,MO,ACE,CE,Towers with Display (VFR),1,25,102,0,128,0,0,143,0,143,1,25,245,0,271,120,0,120,391
01/09/2003,SUS,MO,ACE,CE,Towers with Display (VFR),0,22,127,1,150,0,7,145,0,152,0,29,272,1,302,114,0,114,416
01/10/2003,SUS,MO,ACE,CE,Towers with Display (VFR),0,16,99,0,115,0,9,79,0,88,0,25,178,0,203,54,0,54,257
01/11/2003,SUS,MO,ACE,CE,Towers with Display (VFR),0,9,56,2,67,0,13,159,0,172,0,22,215,2,239,186,0,186,425
01/12/2003,SUS,MO,ACE,CE,Towers with Display (VFR),0,12,64,0,76,0,3,166,0,169,0,15,230,0,245,279,0,279,524
01/13/2003,SUS,MO,ACE,CE,Towers with Display (VFR),0,17,117,0,134,0,5,98,0,103,0,22,215,0,237,160,0,160,397
01/14/2003,SUS,MO,ACE,CE,Towers with Display (VFR),0,29,106,0,135,0,18,115,0,133,0,47,221,0,268,118,0,118,386
01/15/2003,SUS,MO,ACE,CE,Towers with Display (VFR),0,29,126,0,155,0,4,119,0,123,0,33,245,0,278,185,0,185,463
01/16/2003,SUS,MO,ACE,CE,Towers with Display (VFR),0,24,111,0,135,0,0,9,0,9,0,24,120,0,144,7,0,7,151
01/17/2003,SUS,MO,ACE,CE,Towers with Display (VFR),0,25,98,0,123,0,8,84,4,96,0,33,182,4,219,90,0,90,309
01/18/2003,SUS,MO,ACE,CE,Towers with Display (VFR),0,9,61,0,70,0,4,49,0,53,0,13,110,0,123,80,0,80,203
01/19/2003,SUS,MO,ACE,CE,Towers with Display (VFR),0,13,68,0,81,0,4,125,0,129,0,17,193,0,210,130,0,130,340
01/20/2003,SUS,MO,ACE,CE,Towers with Display (VFR),0,23,114,0,137,0,10,142,0,152,0,33,256,0,289,153,0,153,442
01/21/2003,SUS,MO,ACE,CE,Towers with Display (VFR),0,19,114,2,135,0,2,114,0,116,0,21,228,2,251,146,0,146,397
01/22/2003,SUS,MO,ACE,CE,Towers with Display (VFR),0,22,81,0,103,0,0,24,0,24,0,22,105,0,127,8,0,8,135
01/23/2003,SUS,MO,ACE,CE,Towers with Display (VFR),0,22,109,0,131,0,2,55,2,59,0,24,164,2,190,64,0,64,254
01/24/2003,SUS,MO,ACE,CE,Towers with Display (VFR),0,22,91,0,113,0,6,50,3,59,0,28,141,3,172,57,0,57,229
01/25/2003,SUS,MO,ACE,CE,Towers with Display (VFR),1,7,56,0,64,0,8,145,0,153,1,15,201,0,217,200,0,200,417
01/26/2003,SUS,MO,ACE,CE,Towers with Display (VFR),0,12,57,0,69,0,2,42,0,44,0,14,99,0,113,79,0,79,192
01/27/2003,SUS,MO,ACE,CE,Towers with Display (VFR),1,21,112,0,134,0,5,77,0,82,1,26,189,0,216,105,0,105,321
01/28/2003,SUS,MO,ACE,CE,Towers with Display (VFR),0,22,130,0,152,0,4,138,0,142,0,26,268,0,294,226,0,226,520
01/29/2003,SUS,MO,ACE,CE,Towers with Display (VFR),0,23,125,2,150,0,0,26,0,26,0,23,151,2,176,44,0,44,220
01/30/2003,SUS,MO,ACE,CE,Towers with Display (VFR),0,25,132,0,157,0,3,97,0,100,0,28,229,0,257,181,0,181,438
01/31/2003,SUS,MO,ACE,CE,Towers with Display (VFR),1,30,124,2,157,0,0,7,0,7,1,30,131,2,164,0,0,0,164
02/01/2003,SUS,MO,ACE,CE,Towers with Display (VFR),0,20,71,0,91,0,3,194,0,197,0,23,265,0,288,183,0,183,471
02/02/2003,SUS,MO,ACE,CE,Towers with Display (VFR),0,14,71,0,85,0,1,173,0,174,0,15,244,0,259,179,0,179,438
02/03/2003,SUS,MO,ACE,CE,Towers with Display (VFR),1,21,109,0,131,0,1,18,0,19,1,22,127,0,150,14,0,14,164
02/04/2003,SUS,MO,ACE,CE,Towers with Display (VFR),0,14,110,0,124,0,5,73,0,78,0,19,183,0,202,119,0,119,321
02/05/2003,SUS,MO,ACE,CE,Towers with Display (VFR),0,24,153,0,177,0,8,115,0,123,0,32,268,0,300,214,0,214,514
02/06/2003,SUS,MO,ACE,CE,Towers with Display (VFR),0,19,103,0,122,0,0,3,0,3,0,19,106,0,125,0,0,0,125
02/07/2003,SUS,MO,ACE,CE,Towers with Display (VFR),0,18,112,0,130,0,14,69,0,83,0,32,181,0,213,87,0,87,300
02/08/2003,SUS,MO,ACE,CE,Towers with Display (VFR),0,15,51,0,66,0,7,131,0,138,0,22,182,0,204,203,0,203,407
02/09/2003,SUS,MO,ACE,CE,Towers with Display (VFR),0,11,71,0,82,0,10,86,0,96,0,21,157,0,178,222,0,222,400
02/10/2003,SUS,MO,ACE,CE,Towers with Display (VFR),0,14,82,0,96,0,10,33,0,43,0,24,115,0,139,83,0,83,222
02/11/2003,SUS,MO,ACE,CE,Towers with Display (VFR),0,28,143,0,171,1,3,117,0,121,1,31,260,0,292,180,0,180,472
02/12/2003,SUS,MO,ACE,CE,Towers with Display (VFR),0,28,167,0,195,0,7,138,0,145,0,35,305,0,340,134,0,134,474
02/13/2003,SUS,MO,ACE,CE,Towers with Display (VFR),0,30,183,0,213,0,6,146,0,152,0,36,329,0,365,161,0,161,526
02/14/2003,SUS,MO,ACE,CE,Towers with Display (VFR),0,16,90,0,106,0,0,0,0,0,0,16,90,0,106,0,0,0,106
02/15/2003,SUS,MO,ACE,CE,Towers with Display (VFR),0,12,21,0,33,0,0,0,0,0,0,12,21,0,33,0,0,0,33
02/16/2003,SUS,MO,ACE,CE,Towers with Display (VFR),0,16,39,0,55,0,1,2,0,3,0,17,41,0,58,0,0,0,58
02/17/2003,SUS,MO,ACE,CE,Towers with Display (VFR),0,45,103,0,148,0,3,32,0,35,0,48,135,0,183,96,0,96,279
02/18/2003,SUS,MO,ACE,CE,Towers with Display (VFR),0,15,150,2,167,0,15,88,0,103,0,30,238,2,270,156,0,156,426
02/19/2003,SUS,MO,ACE,CE,Towers with Display (VFR),0,21,137,2,160,0,3,54,0,57,0,24,191,2,217,136,0,136,353
02/20/2003,SUS,MO,ACE,CE,Towers with Display (VFR),0,21,173,0,194,0,9,119,0,128,0,30,292,0,322,162,0,162,484
02/21/2003,SUS,MO,ACE,CE,Towers with Display (VFR),0,31,107,4,142,0,7,74,0,81,0,38,181,4,223,80,0,80,303
02/22/2003,SUS,MO,ACE,CE,Towers with Display (VFR),0,19,34,0,53,0,0,5,0,5,0,19,39,0,58,0,0,0,58
02/23/2003,SUS,MO,ACE,CE,Towers with Display (VFR),1,15,56,0,72,0,2,36,0,38,1,17,92,0,110,132,0,132,242
02/24/2003,SUS,MO,ACE,CE,Towers with Display (VFR),0,17,80,0,97,0,1,32,0,33,0,18,112,0,130,48,0,48,178
02/25/2003,SUS,MO,ACE,CE,Towers with Display (VFR),0,30,148,0,178,0,1,70,0,71,0,31,218,0,249,110,0,110,359
02/26/2003,SUS,MO,ACE,CE,Towers with Display (VFR),2,29,102,0,133,0,0,33,0,33,2,29,135,0,166,114,0,114,280
02/27/2003,SUS,MO,ACE,CE,Towers with Display (VFR),0,21,124,0,145,0,0,3,0,3,0,21,127,0,148,2,0,2,150
02/28/2003,SUS,MO,ACE,CE,Towers with Display (VFR),1,14,94,0,109,0,14,60,0,74,1,28,154,0,183,86,0,86,269
03/01/2003,SUS,MO,ACE,CE,Towers with Display (VFR),0,9,45,0,54,0,3,10,0,13,0,12,55,0,67,44,0,44,111
03/02/2003,SUS,MO,ACE,CE,Towers with Display (VFR),0,21,70,0,91,0,5,76,0,81,0,26,146,0,172,249,0,249,421
03/03/2003,SUS,MO,ACE,CE,Towers with Display (VFR),0,29,128,0,157,0,3,103,0,106,0,32,231,0,263,101,0,101,364
03/04/2003,SUS,MO,ACE,CE,Towers with Display (VFR),0,27,152,0,179,0,12,93,0,105,0,39,245,0,284,108,0,108,392
03/05/2003,SUS,MO,ACE,CE,Towers with Display (VFR),0,23,136,0,159,0,4,13,0,17,0,27,149,0,176,34,0,34,210
03/06/2003,SUS,MO,ACE,CE,Towers with Display (VFR),0,19,134,0,153,0,5,104,2,111,0,24,238,2,264,133,0,133,397
03/07/2003,SUS,MO,ACE,CE,Towers with Display (VFR),0,21,128,0,149,0,10,185,0,195,0,31,313,0,344,287,0,287,631
03/08/2003,SUS,MO,ACE,CE,Towers with Display (VFR),0,6,68,0,74,0,2,108,0,110,0,8,176,0,184,216,0,216,400
03/09/2003,SUS,MO,ACE,CE,Towers with Display (VFR),0,22,79,0,101,0,6,110,0,116,0,28,189,0,217,105,0,105,322
03/10/2003,SUS,MO,ACE,CE,Towers with Display (VFR),0,16,111,0,127,0,9,90,0,99,0,25,201,0,226,136,0,136,362
03/11/2003,SUS,MO,ACE,CE,Towers with Display (VFR),0,31,117,0,148,0,2,127,0,129,0,33,244,0,277,174,0,174,451
03/12/2003,SUS,MO,ACE,CE,Towers with Display (VFR),0,23,136,0,159,0,3,87,0,90,0,26,223,0,249,206,0,206,455
03/13/2003,SUS,MO,ACE,CE,Towers with Display (VFR),0,35,176,1,212,0,7,23,0,30,0,42,199,1,242,26,0,26,268
03/14/2003,SUS,MO,ACE,CE,Towers with Display (VFR),0,38,137,0,175,0,5,71,0,76,0,43,208,0,251,60,0,60,311
03/15/2003,SUS,MO,ACE,CE,Towers with Display (VFR),0,12,112,0,124,0,4,147,0,151,0,16,259,0,275,150,0,150,425
03/16/2003,SUS,MO,ACE,CE,Towers with Display (VFR),0,21,119,0,140,0,2,141,0,143,0,23,260,0,283,324,0,324,607
03/17/2003,SUS,MO,ACE,CE,Towers with Display (VFR),0,16,144,2,162,0,3,123,0,126,0,19,267,2,288,186,0,186,474
03/18/2003,SUS,MO,ACE,CE,Towers with Display (VFR),0,22,119,0,141,0,4,41,0,45,0,26,160,0,186,83,0,83,269
03/19/2003,SUS,MO,ACE,CE,Towers with Display (VFR),0,35,108,4,147,0,7,51,0,58,0,42,159,4,205,50,0,50,255
03/20/2003,SUS,MO,ACE,CE,Towers with Display (VFR),0,24,138,0,162,0,4,68,0,72,0,28,206,0,234,50,0,50,284
03/21/2003,SUS,MO,ACE,CE,Towers with Display (VFR),0,26,123,0,149,0,7,124,0,131,0,33,247,0,280,206,0,206,486
03/22/2003,SUS,MO,ACE,CE,Towers with Display (VFR),1,9,88,0,98,0,9,176,0,185,1,18,264,0,283,117,0,117,400
03/23/2003,SUS,MO,ACE,CE,Towers with Display (VFR),0,16,95,0,111,0,2,193,0,195,0,18,288,0,306,244,0,244,550
03/24/2003,SUS,MO,ACE,CE,Towers with Display (VFR),0,17,110,0,127,0,3,95,0,98,0,20,205,0,225,146,0,146,371
03/25/2003,SUS,MO,ACE,CE,Towers with Display (VFR),0,27,113,0,140,0,1,64,0,65,0,28,177,0,205,40,0,40,245
03/26/2003,SUS,MO,ACE,CE,Towers with Display (VFR),0,14,152,0,166,0,15,173,0,188,0,29,325,0,354,242,0,242,596
03/27/2003,SUS,MO,ACE,CE,Towers with Display (VFR),0,16,107,0,123,0,8,92,1,101,0,24,199,1,224,12,0,12,236
03/28/2003,SUS,MO,ACE,CE,Towers with Display (VFR),0,11,85,1,97,0,1,16,0,17,0,12,101,1,114,2,0,2,116
03/29/2003,SUS,MO,ACE,CE,Towers with Display (VFR),0,21,72,0,93,1,15,74,0,90,1,36,146,0,183,182,0,182,365
03/30/2003,SUS,MO,ACE,CE,Towers with Display (VFR),0,25,110,1,136,0,5,176,0,181,0,30,286,1,317,152,0,152,469
03/31/2003,SUS,MO,ACE,CE,Towers with Display (VFR),0,20,127,0,147,0,4,62,0,66,0,24,189,0,213,124,0,124,337
04/01/2003,SUS,MO,ACE,CE,Towers with Display (VFR),0,24,101,0,125,0,5,90,0,95,0,29,191,0,220,70,0,70,290
04/02/2003,SUS,MO,ACE,CE,Towers with Display (VFR),0,23,140,0,163,0,5,90,1,96,0,28,230,1,259,68,0,68,327
04/03/2003,SUS,MO,ACE,CE,Towers with Display (VFR),0,22,118,0,140,0,9,117,0,126,0,31,235,0,266,88,0,88,354
04/04/2003,SUS,MO,ACE,CE,Towers with Display (VFR),0,19,107,1,127,0,4,38,0,42,0,23,145,1,169,48,0,48,217
04/05/2003,SUS,MO,ACE,CE,Towers with Display (VFR),0,4,63,0,67,0,5,155,0,160,0,9,218,0,227,156,0,156,383
04/06/2003,SUS,MO,ACE,CE,Towers with Display (VFR),0,15,68,0,83,0,3,10,0,13,0,18,78,0,96,0,0,0,96
04/07/2003,SUS,MO,ACE,CE,Towers with Display (VFR),0,12,136,0,148,0,1,63,0,64,0,13,199,0,212,65,0,65,277
04/08/2003,SUS,MO,ACE,CE,Towers with Display (VFR),0,44,154,0,198,0,5,27,0,32,0,49,181,0,230,28,0,28,258
04/09/2003,SUS,MO,ACE,CE,Towers with Display (VFR),0,31,171,0,202,0,8,135,0,143,0,39,306,0,345,36,0,36,381
04/10/2003,SUS,MO,ACE,CE,Towers with Display (VFR),0,29,152,0,181,0,5,144,0,149,0,34,296,0,330,99,0,99,429
04/11/2003,SUS,MO,ACE,CE,Towers with Display (VFR),0,25,140,0,165,0,5,217,0,222,0,30,357,0,387,293,0,293,680
04/12/2003,SUS,MO,ACE,CE,Towers with Display (VFR),0,14,92,0,106,0,6,208,0,214,0,20,300,0,320,262,0,262,582
04/13/2003,SUS,MO,ACE,CE,Towers with Display (VFR),0,33,104,0,137,0,8,192,0,200,0,41,296,0,337,219,0,219,556
04/14/2003,SUS,MO,ACE,CE,Towers with Display (VFR),0,27,113,2,142,0,5,121,0,126,0,32,234,2,268,166,0,166,434
04/15/2003,SUS,MO,ACE,CE,Towers with Display (VFR),0,32,144,0,176,0,2,106,0,108,0,34,250,0,284,74,0,74,358
04/16/2003,SUS,MO,ACE,CE,Towers with Display (VFR),0,28,116,0,144,0,0,35,0,35,0,28,151,0,179,48,0,48,227
04/17/2003,SUS,MO,ACE,CE,Towers with Display (VFR),0,37,151,2,190,0,3,21,0,24,0,40,172,2,214,4,0,4,218
04/18/2003,SUS,MO,ACE,CE,Towers with Display (VFR),0,20,103,0,123,0,0,73,0,73,0,20,176,0,196,244,0,244,440
04/19/2003,SUS,MO,ACE,CE,Towers with Display (VFR),0,6,45,0,51,0,1,55,0,56,0,7,100,0,107,82,0,82,189
04/20/2003,SUS,MO,ACE,CE,Towers with Display (VFR),0,14,61,0,75,0,4,38,0,42,0,18,99,0,117,82,0,82,199
04/21/2003,SUS,MO,ACE,CE,Towers with Display (VFR),0,25,130,0,155,0,5,77,0,82,0,30,207,0,237,138,0,138,375
04/22/2003,SUS,MO,ACE,CE,Towers with Display (VFR),0,35,185,2,222,0,13,191,0,204,0,48,376,2,426,288,0,288,714
04/23/2003,SUS,MO,ACE,CE,Towers with Display (VFR),0,26,180,0,206,0,6,164,0,170,0,32,344,0,376,302,0,302,678
04/24/2003,SUS,MO,ACE,CE,Towers with Display (VFR),0,23,95,0,118,0,1,13,0,14,0,24,108,0,132,111,0,111,243
04/25/2003,SUS,MO,ACE,CE,Towers with Display (VFR),0,26,151,0,177,0,0,0,0,0,0,26,151,0,177,12,0,12,189
04/26/2003,SUS,MO,ACE,CE,Towers with Display (VFR),0,21,85,0,106,0,0,258,0,258,0,21,343,0,364,194,0,194,558
04/27/2003,SUS,MO,ACE,CE,Towers with Display (VFR),0,11,101,0,112,0,11,184,0,195,0,22,285,0,307,290,0,290,597
04/28/2003,SUS,MO,ACE,CE,Towers with Display (VFR),0,19,116,3,138,0,5,81,0,86,0,24,197,3,224,80,0,80,304
04/29/2003,SUS,MO,ACE,CE,Towers with Display (VFR),0,20,137,0,157,0,13,111,0,124,0,33,248,0,281,236,0,236,517
04/30/2003,SUS,MO,ACE,CE,Towers with Display (VFR),0,35,130,0,165,0,19,160,0,179,0,54,290,0,344,83,0,83,427
05/01/2003,SUS,MO,ACE,CE,Towers with Display (VFR),0,25,126,0,151,0,12,74,1,87,0,37,200,1,238,192,0,192,430
05/02/2003,SUS,MO,ACE,CE,Towers with Display (VFR),1,39,165,0,205,0,6,125,0,131,1,45,290,0,336,272,0,272,608
05/03/2003,SUS,MO,ACE,CE,Towers with Display (VFR),0,27,70,0,97,0,6,203,0,209,0,33,273,0,306,318,0,318,624
05/04/2003,SUS,MO,ACE,CE,Towers with Display (VFR),0,18,43,0,61,0,0,4,0,4,0,18,47,0,65,0,0,0,65
05/05/2003,SUS,MO,ACE,CE,Towers with Display (VFR),2,31,119,1,153,0,3,141,0,144,2,34,260,1,297,268,0,268,565
05/06/2003,SUS,MO,ACE,CE,Towers with Display (VFR),0,26,120,0,146,0,7,106,0,113,0,33,226,0,259,280,0,280,539
05/07/2003,SUS,MO,ACE,CE,Towers with Display (VFR),1,18,141,1,161,0,5,115,1,121,1,23,256,2,282,240,0,240,522
05/08/2003,SUS,MO,ACE,CE,Towers with Display (VFR),0,37,117,0,154,0,1,22,0,23,0,38,139,0,177,137,0,137,314
05/09/2003,SUS,MO,ACE,CE,Towers with Display (VFR),0,31,165,2,198,0,4,109,0,113,0,35,274,2,311,202,0,202,513
05/10/2003,SUS,MO,ACE,CE,Towers with Display (VFR),0,9,47,0,56,0,4,119,0,123,0,13,166,0,179,85,0,85,264
05/11/2003,SUS,MO,ACE,CE,Towers with Display (VFR),0,17,70,0,87,0,1,33,0,34,0,18,103,0,121,22,0,22,143
05/12/2003,SUS,MO,ACE,CE,Towers with Display (VFR),0,28,167,2,197,0,4,173,0,177,0,32,340,2,374,150,0,150,524
05/13/2003,SUS,MO,ACE,CE,Towers with Display (VFR),1,40,148,0,189,0,7,170,2,179,1,47,318,2,368,258,0,258,626
05/14/2003,SUS,MO,ACE,CE,Towers with Display (VFR),1,30,143,2,176,0,9,110,0,119,1,39,253,2,295,209,0,209,504
05/15/2003,SUS,MO,ACE,CE,Towers with Display (VFR),0,29,165,0,194,0,0,130,1,131,0,29,295,1,325,286,0,286,611
05/16/2003,SUS,MO,ACE,CE,Towers with Display (VFR),0,25,142,0,167,0,4,68,0,72,0,29,210,0,239,205,0,205,444
05/17/2003,SUS,MO,ACE,CE,Towers with Display (VFR),0,21,107,0,128,0,0,12,0,12,0,21,119,0,140,48,0,48,188
05/18/2003,SUS,MO,ACE,CE,Towers with Display (VFR),0,21,112,0,133,0,6,53,0,59,0,27,165,0,192,120,0,120,312
05/19/2003,SUS,MO,ACE,CE,Towers with Display (VFR),1,29,114,2,146,0,5,67,0,72,1,34,181,2,218,210,0,210,428
05/20/2003,SUS,MO,ACE,CE,Towers with Display (VFR),0,31,144,0,175,0,11,134,0,145,0,42,278,0,320,144,0,144,464
05/21/2003,SUS,MO,ACE,CE,Towers with Display (VFR),0,23,180,0,203,0,12,234,0,246,0,35,414,0,449,207,0,207,656
05/22/2003,SUS,MO,ACE,CE,Towers with Display (VFR),0,38,145,0,183,0,4,183,3,190,0,42,328,3,373,212,0,212,585
05/23/2003,SUS,MO,ACE,CE,Towers with Display (VFR),2,27,143,0,172,0,11,173,0,184,2,38,316,0,356,208,0,208,564
05/24/2003,SUS,MO,ACE,CE,Towers with Display (VFR),0,11,86,0,97,0,7,122,0,129,0,18,208,0,226,182,0,182,408
05/25/2003,SUS,MO,ACE,CE,Towers with Display (VFR),0,11,68,0,79,0,3,114,0,117,0,14,182,0,196,178,0,178,374
05/26/2003,SUS,MO,ACE,CE,Towers with Display (VFR),0,11,104,0,115,0,5,188,0,193,0,16,292,0,308,148,0,148,456
05/27/2003,SUS,MO,ACE,CE,Towers with Display (VFR),0,12,152,2,166,0,11,187,0,198,0,23,339,2,364,206,0,206,570
05/28/2003,SUS,MO,ACE,CE,Towers with Display (VFR),0,23,170,0,193,0,14,119,0,133,0,37,289,0,326,272,0,272,598
05/29/2003,SUS,MO,ACE,CE,Towers with Display (VFR),0,18,168,0,186,0,11,198,1,210,0,29,366,1,396,223,0,223,619
05/30/2003,SUS,MO,ACE,CE,Towers with Display (VFR),0,13,138,0,151,0,6,108,0,114,0,19,246,0,265,158,0,158,423
05/31/2003,SUS,MO,ACE,CE,Towers with Display (VFR),0,6,70,0,76,0,2,77,0,79,0,8,147,0,155,79,0,79,234
06/01/2003,SUS,MO,ACE,CE,Towers with Display (VFR),0,22,81,0,103,0,9,193,0,202,0,31,274,0,305,306,0,306,611
06/02/2003,SUS,MO,ACE,CE,Towers with Display (VFR),0,23,77,0,100,0,2,45,0,47,0,25,122,0,147,58,0,58,205
06/03/2003,SUS,MO,ACE,CE,Towers with Display (VFR),0,27,181,0,208,0,5,59,0,64,0,32,240,0,272,126,0,126,398
06/04/2003,SUS,MO,ACE,CE,Towers with Display (VFR),0,32,147,0,179,0,11,202,0,213,0,43,349,0,392,215,0,215,607
06/05/2003,SUS,MO,ACE,CE,Towers with Display (VFR),0,22,137,0,159,0,4,192,1,197,0,26,329,1,356,272,0,272,628
06/06/2003,SUS,MO,ACE,CE,Towers with Display (VFR),0,25,162,2,189,0,2,44,0,46,0,27,206,2,235,12,0,12,247
06/07/2003,SUS,MO,ACE,CE,Towers with Display (VFR),0,13,91,2,106,0,5,167,0,172,0,18,258,2,278,204,0,204,482
06/08/2003,SUS,MO,ACE,CE,Towers with Display (VFR),0,13,93,2,108,0,2,161,0,163,0,15,254,2,271,204,0,204,475
06/09/2003,SUS,MO,ACE,CE,Towers with Display (VFR),0,26,119,0,145,0,2,140,0,142,0,28,259,0,287,179,0,179,466
06/10/2003,SUS,MO,ACE,CE,Towers with Display (VFR),3,23,92,0,118,0,5,55,2,62,3,28,147,2,180,78,0,78,258
06/11/2003,SUS,MO,ACE,CE,Towers with Display (VFR),2,28,128,0,158,0,3,41,0,44,2,31,169,0,202,162,0,162,364
06/12/2003,SUS,MO,ACE,CE,Towers with Display (VFR),0,24,146,0,170,0,7,100,0,107,0,31,246,0,277,97,0,97,374
06/13/2003,SUS,MO,ACE,CE,Towers with Display (VFR),0,24,143,0,167,0,5,98,0,103,0,29,241,0,270,218,0,218,488
06/14/2003,SUS,MO,ACE,CE,Towers with Display (VFR),0,23,75,0,98,0,4,146,0,150,0,27,221,0,248,264,0,264,512
06/15/2003,SUS,MO,ACE,CE,Towers with Display (VFR),0,17,94,0,111,0,3,172,0,175,0,20,266,0,286,227,0,227,513
06/16/2003,SUS,MO,ACE,CE,Towers with Display (VFR),1,29,129,0,159,0,8,161,0,169,1,37,290,0,328,124,0,124,452
06/17/2003,SUS,MO,ACE,CE,Towers with Display (VFR),2,26,142,0,170,0,5,205,0,210,2,31,347,0,380,133,0,133,513
06/18/2003,SUS,MO,ACE,CE,Towers with Display (VFR),3,32,152,2,189,0,5,178,0,183,3,37,330,2,372,217,0,217,589
06/19/2003,SUS,MO,ACE,CE,Towers with Display (VFR),1,47,176,6,230,0,4,103,14,121,1,51,279,20,351,159,0,159,510
06/20/2003,SUS,MO,ACE,CE,Towers with Display (VFR),0,23,153,0,176,0,3,130,0,133,0,26,283,0,309,196,0,196,505
06/21/2003,SUS,MO,ACE,CE,Towers with Display (VFR),0,6,104,0,110,0,6,228,0,234,0,12,332,0,344,196,0,196,540
06/22/2003,SUS,MO,ACE,CE,Towers with Display (VFR),0,23,106,4,133,0,6,211,0,217,0,29,317,4,350,198,0,198,548
06/23/2003,SUS,MO,ACE,CE,Towers with Display (VFR),0,33,138,2,173,0,10,138,0,148,0,43,276,2,321,187,0,187,508
06/24/2003,SUS,MO,ACE,CE,Towers with Display (VFR),0,27,167,0,194,0,8,196,0,204,0,35,363,0,398,136,0,136,534
06/25/2003,SUS,MO,ACE,CE,Towers with Display (VFR),0,33,197,0,230,0,10,127,0,137,0,43,324,0,367,174,0,174,541
06/26/2003,SUS,MO,ACE,CE,Towers with Display (VFR),0,26,173,0,199,0,3,106,0,109,0,29,279,0,308,249,0,249,557
06/27/2003,SUS,MO,ACE,CE,Towers with Display (VFR),0,36,143,0,179,0,2,192,0,194,0,38,335,0,373,215,0,215,588
06/28/2003,SUS,MO,ACE,CE,Towers with Display (VFR),0,11,79,0,90,0,6,178,3,187,0,17,257,3,277,200,0,200,477
06/29/2003,SUS,MO,ACE,CE,Towers with Display (VFR),0,20,86,4,110,0,1,169,0,170,0,21,255,4,280,200,0,200,480
06/30/2003,SUS,MO,ACE,CE,Towers with Display (VFR),0,21,97,2,120,0,10,94,0,104,0,31,191,2,224,220,0,220,444
07/01/2003,SUS,MO,ACE,CE,Towers with Display (VFR),0,33,133,0,166,0,5,117,0,122,0,38,250,0,288,221,0,221,509
07/02/2003,SUS,MO,ACE,CE,Towers with Display (VFR),0,37,174,3,214,0,8,167,0,175,0,45,341,3,389,240,0,240,629
07/03/2003,SUS,MO,ACE,CE,Towers with Display (VFR),0,31,125,5,161,0,9,189,0,198,0,40,314,5,359,189,0,189,548
07/04/2003,SUS,MO,ACE,CE,Towers with Display (VFR),0,5,35,1,41,0,2,103,0,105,0,7,138,1,146,92,0,92,238
07/05/2003,SUS,MO,ACE,CE,Towers with Display (VFR),0,4,45,1,50,0,4,145,0,149,0,8,190,1,199,131,0,131,330
07/06/2003,SUS,MO,ACE,CE,Towers with Display (VFR),1,20,72,1,94,0,3,131,1,135,1,23,203,2,229,94,0,94,323
07/07/2003,SUS,MO,ACE,CE,Towers with Display (VFR),0,20,108,0,128,0,12,139,0,151,0,32,247,0,279,184,0,184,463
07/08/2003,SUS,MO,ACE,CE,Towers with Display (VFR),0,21,110,2,133,0,8,117,0,125,0,29,227,2,258,234,0,234,492
07/09/2003,SUS,MO,ACE,CE,Towers with Display (VFR),1,26,113,0,140,0,10,127,0,137,1,36,240,0,277,279,0,279,556
07/10/2003,SUS,MO,ACE,CE,Towers with Display (VFR),0,23,141,0,164,0,10,113,0,123,0,33,254,0,287,243,0,243,530
07/11/2003,SUS,MO,ACE,CE,Towers with Display (VFR),0,20,144,0,164,0,2,142,4,148,0,22,286,4,312,224,0,224,536
07/12/2003,SUS,MO,ACE,CE,Towers with Display (VFR),0,7,73,0,80,0,5,220,0,225,0,12,293,0,305,232,0,232,537
07/13/2003,SUS,MO,ACE,CE,Towers with Display (VFR),0,20,98,0,118,0,5,229,0,234,0,25,327,0,352,232,0,232,584
07/14/2003,SUS,MO,ACE,CE,Towers with Display (VFR),0,19,109,0,128,0,15,152,0,167,0,34,261,0,295,202,0,202,497
07/15/2003,SUS,MO,ACE,CE,Towers with Display (VFR),0,19,124,1,144,0,5,119,0,124,0,24,243,1,268,319,0,319,587
07/16/2003,SUS,MO,ACE,CE,Towers with Display (VFR),0,26,141,1,168,0,5,183,0,188,0,31,324,1,356,360,0,360,716
07/17/2003,SUS,MO,ACE,CE,Towers with Display (VFR),0,23,143,3,169,0,7,136,0,143,0,30,279,3,312,299,0,299,611
07/18/2003,SUS,MO,ACE,CE,Towers with Display (VFR),0,25,96,0,121,0,3,35,0,38,0,28,131,0,159,50,0,50,209
07/19/2003,SUS,MO,ACE,CE,Towers with Display (VFR),0,10,98,0,108,0,1,94,0,95,0,11,192,0,203,313,0,313,516
07/20/2003,SUS,MO,ACE,CE,Towers with Display (VFR),0,21,100,1,122,0,8,143,1,152,0,29,243,2,274,138,0,138,412
07/21/2003,SUS,MO,ACE,CE,Towers with Display (VFR),0,26,122,1,149,2,2,109,0,113,2,28,231,1,262,126,0,126,388
07/22/2003,SUS,MO,ACE,CE,Towers with Display (VFR),2,34,157,5,198,0,4,199,0,203,2,38,356,5,401,276,0,276,677
07/23/2003,SUS,MO,ACE,CE,Towers with Display (VFR),0,28,159,0,187,0,8,174,0,182,0,36,333,0,369,251,0,251,620
07/24/2003,SUS,MO,ACE,CE,Towers with Display (VFR),0,31,161,0,192,0,2,177,0,179,0,33,338,0,371,304,0,304,675
07/25/2003,SUS,MO,ACE,CE,Towers with Display (VFR),0,27,99,1,127,0,3,154,1,158,0,30,253,2,285,128,0,128,413
07/26/2003,SUS,MO,ACE,CE,Towers with Display (VFR),0,15,79,0,94,0,16,159,2,177,0,31,238,2,271,136,0,136,407
07/27/2003,SUS,MO,ACE,CE,Towers with Display (VFR),0,17,67,6,90,0,12,131,0,143,0,29,198,6,233,134,6,140,373
07/28/2003,SUS,MO,ACE,CE,Towers with Display (VFR),0,24,103,2,129,0,11,65,0,76,0,35,168,2,205,104,0,104,309
07/29/2003,SUS,MO,ACE,CE,Towers with Display (VFR),0,41,116,0,157,0,7,127,2,136,0,48,243,2,293,364,0,364,657
07/30/2003,SUS,MO,ACE,CE,Towers with Display (VFR),0,31,140,0,171,0,12,149,0,161,0,43,289,0,332,186,0,186,518
07/31/2003,SUS,MO,ACE,CE,Towers with Display (VFR),0,33,174,5,212,0,0,113,0,113,0,33,287,5,325,278,0,278,603
08/01/2003,SUS,MO,ACE,CE,Towers with Display (VFR),0,29,100,0,129,0,5,101,0,106,0,34,201,0,235,124,0,124,359
08/02/2003,SUS,MO,ACE,CE,Towers with Display (VFR),0,11,71,0,82,0,7,130,0,137,0,18,201,0,219,126,0,126,345
08/03/2003,SUS,MO,ACE,CE,Towers with Display (VFR),0,34,109,0,143,0,7,127,0,134,0,41,236,0,277,140,0,140,417
08/04/2003,SUS,MO,ACE,CE,Towers with Display (VFR),0,20,123,0,143,0,8,146,0,154,0,28,269,0,297,164,0,164,461
08/05/2003,SUS,MO,ACE,CE,Towers with Display (VFR),2,22,132,0,156,0,11,148,2,161,2,33,280,2,317,267,0,267,584
08/06/2003,SUS,MO,ACE,CE,Towers with Display (VFR),0,18,155,0,173,0,3,150,0,153,0,21,305,0,326,99,0,99,425
08/07/2003,SUS,MO,ACE,CE,Towers with Display (VFR),0,33,134,0,167,0,3,179,0,182,0,36,313,0,349,230,0,230,579
08/08/2003,SUS,MO,ACE,CE,Towers with Display (VFR),0,19,92,11,122,0,6,207,0,213,0,25,299,11,335,227,4,231,566
08/09/2003,SUS,MO,ACE,CE,Towers with Display (VFR),0,15,99,0,114,0,7,162,0,169,0,22,261,0,283,264,0,264,547
08/10/2003,SUS,MO,ACE,CE,Towers with Display (VFR),0,17,125,0,142,0,8,197,1,206,0,25,322,1,348,111,0,111,459
08/11/2003,SUS,MO,ACE,CE,Towers with Display (VFR),0,18,105,0,123,0,9,126,0,135,0,27,231,0,258,122,0,122,380
08/12/2003,SUS,MO,ACE,CE,Towers with Display (VFR),0,19,174,0,193,0,2,60,0,62,0,21,234,0,255,205,0,205,460
08/13/2003,SUS,MO,ACE,CE,Towers with Display (VFR),0,33,178,0,211,0,3,73,0,76,0,36,251,0,287,74,0,74,361
08/14/2003,SUS,MO,ACE,CE,Towers with Display (VFR),0,31,142,0,173,0,5,124,0,129,0,36,266,0,302,198,0,198,500
08/15/2003,SUS,MO,ACE,CE,Towers with Display (VFR),0,26,145,0,171,0,8,115,4,127,0,34,260,4,298,210,0,210,508
08/16/2003,SUS,MO,ACE,CE,Towers with Display (VFR),0,17,80,0,97,0,22,195,0,217,0,39,275,0,314,228,0,228,542
08/17/2003,SUS,MO,ACE,CE,Towers with Display (VFR),0,21,68,0,89,0,7,184,0,191,0,28,252,0,280,202,0,202,482
08/18/2003,SUS,MO,ACE,CE,Towers with Display (VFR),0,21,119,2,142,0,7,121,0,128,0,28,240,2,270,255,0,255,525
08/19/2003,SUS,MO,ACE,CE,Towers with Display (VFR),0,44,133,3,180,0,7,107,2,116,0,51,240,5,296,336,0,336,632
08/20/2003,SUS,MO,ACE,CE,Towers with Display (VFR),0,23,164,0,187,0,1,113,0,114,0,24,277,0,301,209,0,209,510
08/21/2003,SUS,MO,ACE,CE,Towers with Display (VFR),0,27,139,0,166,0,7,98,1,106,0,34,237,1,272,168,0,168,440
08/22/2003,SUS,MO,ACE,CE,Towers with Display (VFR),0,17,118,1,136,0,8,138,2,148,0,25,256,3,284,194,8,202,486
08/23/2003,SUS,MO,ACE,CE,Towers with Display (VFR),0,16,65,0,81,0,11,185,2,198,0,27,250,2,279,284,0,284,563
08/24/2003,SUS,MO,ACE,CE,Towers with Display (VFR),0,13,100,0,113,0,7,159,1,167,0,20,259,1,280,265,0,265,545
08/25/2003,SUS,MO,ACE,CE,Towers with Display (VFR),0,19,112,0,131,0,8,123,0,131,0,27,235,0,262,76,0,76,338
08/26/2003,SUS,MO,ACE,CE,Towers with Display (VFR),0,35,200,0,235,0,5,94,0,99,0,40,294,0,334,9,0,9,343
08/27/2003,SUS,MO,ACE,CE,Towers with Display (VFR),0,26,154,0,180,0,7,114,0,121,0,33,268,0,301,31,0,31,332
08/28/2003,SUS,MO,ACE,CE,Towers with Display (VFR),0,38,166,12,216,0,3,126,17,146,0,41,292,29,362,14,0,14,376
08/29/2003,SUS,MO,ACE,CE,Towers with Display (VFR),0,26,101,10,137,0,1,66,3,70,0,27,167,13,207,16,18,34,241
08/30/2003,SUS,MO,ACE,CE,Towers with Display (VFR),0,6,34,0,40,0,122,76,17,215,0,128,110,17,255,60,0,60,315
08/31/2003,SUS,MO,ACE,CE,Towers with Display (VFR),0,12,33,1,46,0,40,11,1,52,0,52,44,2,98,4,0,4,102
09/01/2003,SUS,MO,ACE,CE,Towers with Display (VFR),0,12,63,6,81,0,0,0,0,0,0,12,63,6,81,0,0,0,81
09/02/2003,SUS,MO,ACE,CE,Towers with Display (VFR),0,25,132,4,161,0,0,7,0,7,0,25,139,4,168,6,0,6,174
09/03/2003,SUS,MO,ACE,CE,Towers with Display (VFR),0,39,154,2,195,0,3,154,6,163,0,42,308,8,358,168,0,168,526
09/04/2003,SUS,MO,ACE,CE,Towers with Display (VFR),0,29,140,0,169,0,13,250,0,263,0,42,390,0,432,95,0,95,527
09/05/2003,SUS,MO,ACE,CE,Towers with Display (VFR),0,25,129,4,158,0,25,249,1,275,0,50,378,5,433,174,0,174,607
09/06/2003,SUS,MO,ACE,CE,Towers with Display (VFR),0,16,77,2,95,0,12,222,1,235,0,28,299,3,330,242,0,242,572
09/07/2003,SUS,MO,ACE,CE,Towers with Display (VFR),0,16,115,3,134,0,6,153,0,159,0,22,268,3,293,191,0,191,484
09/08/2003,SUS,MO,ACE,CE,Towers with Display (VFR),0,16,119,0,135,0,1,128,0,129,0,17,247,0,264,195,0,195,459
09/09/2003,SUS,MO,ACE,CE,Towers with Display (VFR),0,36,137,0,173,0,3,114,0,117,0,39,251,0,290,209,0,209,499
09/10/2003,SUS,MO,ACE,CE,Towers with Display (VFR),0,23,153,0,176,0,4,126,0,130,0,27,279,0,306,240,0,240,546
09/11/2003,SUS,MO,ACE,CE,Towers with Display (VFR),0,36,149,2,187,0,12,125,3,140,0,48,274,5,327,263,0,263,590
09/12/2003,SUS,MO,ACE,CE,Towers with Display (VFR),0,32,122,3,157,0,5,42,0,47,0,37,164,3,204,69,0,69,273
09/13/2003,SUS,MO,ACE,CE,Towers with Display (VFR),0,12,51,0,63,0,5,53,0,58,0,17,104,0,121,192,0,192,313
09/14/2003,SUS,MO,ACE,CE,Towers with Display (VFR),0,27,85,0,112,0,10,128,0,138,0,37,213,0,250,128,0,128,378
09/15/2003,SUS,MO,ACE,CE,Towers with Display (VFR),0,26,112,0,138,0,5,160,2,167,0,31,272,2,305,312,0,312,617
09/16/2003,SUS,MO,ACE,CE,Towers with Display (VFR),0,32,149,2,183,0,5,174,4,183,0,37,323,6,366,256,0,256,622
09/17/2003,SUS,MO,ACE,CE,Towers with Display (VFR),1,30,166,3,200,0,10,203,2,215,1,40,369,5,415,198,0,198,613
09/18/2003,SUS,MO,ACE,CE,Towers with Display (VFR),0,37,126,0,163,0,6,134,0,140,0,43,260,0,303,181,0,181,484
09/19/2003,SUS,MO,ACE,CE,Towers with Display (VFR),0,34,129,0,163,0,10,135,0,145,0,44,264,0,308,206,0,206,514
09/20/2003,SUS,MO,ACE,CE,Towers with Display (VFR),0,24,63,0,87,0,9,198,1,208,0,33,261,1,295,220,0,220,515
09/21/2003,SUS,MO,ACE,CE,Towers with Display (VFR),2,26,94,11,133,0,4,115,0,119,2,30,209,11,252,136,0,136,388
09/22/2003,SUS,MO,ACE,CE,Towers with Display (VFR),0,26,148,1,175,0,4,133,0,137,0,30,281,1,312,246,0,246,558
09/23/2003,SUS,MO,ACE,CE,Towers with Display (VFR),3,31,167,1,202,0,6,169,0,175,3,37,336,1,377,155,0,155,532
09/24/2003,SUS,MO,ACE,CE,Towers with Display (VFR),0,26,142,0,168,0,8,106,0,114,0,34,248,0,282,118,0,118,400
09/25/2003,SUS,MO,ACE,CE,Towers with Display (VFR),0,27,130,0,157,0,11,156,0,167,0,38,286,0,324,254,0,254,578
09/26/2003,SUS,MO,ACE,CE,Towers with Display (VFR),1,31,115,1,148,0,10,74,0,84,1,41,189,1,232,106,0,106,338
09/27/2003,SUS,MO,ACE,CE,Towers with Display (VFR),2,16,64,0,82,0,10,155,1,166,2,26,219,1,248,168,0,168,416
09/28/2003,SUS,MO,ACE,CE,Towers with Display (VFR),0,28,82,1,111,0,4,151,0,155,0,32,233,1,266,143,0,143,409
09/29/2003,SUS,MO,ACE,CE,Towers with Display (VFR),1,25,139,0,165,0,8,148,0,156,1,33,287,0,321,154,0,154,475
09/30/2003,SUS,MO,ACE,CE,Towers with Display (VFR),2,49,166,0,217,0,18,93,2,113,2,67,259,2,330,154,0,154,484
10/01/2003,SUS,MO,ACE,CE,Towers with Display (VFR),1,32,151,0,184,0,0,129,0,129,1,32,280,0,313,230,0,230,543
10/02/2003,SUS,MO,ACE,CE,Towers with Display (VFR),0,31,144,1,176,0,5,153,3,161,0,36,297,4,337,196,0,196,533
10/03/2003,SUS,MO,ACE,CE,Towers with Display (VFR),1,27,124,1,153,1,13,81,0,95,2,40,205,1,248,94,0,94,342
10/04/2003,SUS,MO,ACE,CE,Towers with Display (VFR),1,12,58,0,71,0,9,184,1,194,1,21,242,1,265,175,0,175,440
10/05/2003,SUS,MO,ACE,CE,Towers with Display (VFR),0,16,80,0,96,0,19,167,0,186,0,35,247,0,282,180,0,180,462
10/06/2003,SUS,MO,ACE,CE,Towers with Display (VFR),0,24,113,0,137,0,14,138,2,154,0,38,251,2,291,135,0,135,426
10/07/2003,SUS,MO,ACE,CE,Towers with Display (VFR),0,29,133,0,162,0,12,176,2,190,0,41,309,2,352,190,0,190,542
10/08/2003,SUS,MO,ACE,CE,Towers with Display (VFR),1,27,128,0,156,0,18,127,0,145,1,45,255,0,301,196,0,196,497
10/09/2003,SUS,MO,ACE,CE,Towers with Display (VFR),0,36,161,0,197,0,8,0,0,8,0,44,161,0,205,2,0,2,207
10/10/2003,SUS,MO,ACE,CE,Towers with Display (VFR),0,32,149,0,181,0,4,107,0,111,0,36,256,0,292,179,0,179,471
10/11/2003,SUS,MO,ACE,CE,Towers with Display (VFR),0,17,81,0,98,0,14,34,0,48,0,31,115,0,146,118,0,118,264
10/12/2003,SUS,MO,ACE,CE,Towers with Display (VFR),0,22,103,0,125,0,6,165,0,171,0,28,268,0,296,174,0,174,470
10/13/2003,SUS,MO,ACE,CE,Towers with Display (VFR),0,17,103,0,120,0,0,135,0,135,0,17,238,0,255,166,0,166,421
10/14/2003,SUS,MO,ACE,CE,Towers with Display (VFR),0,32,151,0,183,0,18,51,0,69,0,50,202,0,252,21,0,21,273
10/15/2003,SUS,MO,ACE,CE,Towers with Display (VFR),1,30,140,0,171,2,2,177,3,184,3,32,317,3,355,237,0,237,592
10/16/2003,SUS,MO,ACE,CE,Towers with Display (VFR),0,27,124,0,151,0,7,101,0,108,0,34,225,0,259,166,0,166,425
10/17/2003,SUS,MO,ACE,CE,Towers with Display (VFR),0,33,146,1,180,0,5,147,3,155,0,38,293,4,335,244,0,244,579
10/18/2003,SUS,MO,ACE,CE,Towers with Display (VFR),0,16,71,0,87,2,5,190,0,197,2,21,261,0,284,290,0,290,574
10/19/2003,SUS,MO,ACE,CE,Towers with Display (VFR),0,24,105,1,130,0,18,217,1,236,0,42,322,2,366,227,0,227,593
10/20/2003,SUS,MO,ACE,CE,Towers with Display (VFR),0,22,113,0,135,1,0,125,0,126,1,22,238,0,261,119,0,119,380
10/21/2003,SUS,MO,ACE,CE,Towers with Display (VFR),0,32,144,0,176,0,6,158,0,164,0,38,302,0,340,186,0,186,526
10/22/2003,SUS,MO,ACE,CE,Towers with Display (VFR),0,38,173,1,212,0,8,235,0,243,0,46,408,1,455,147,0,147,602
10/23/2003,SUS,MO,ACE,CE,Towers with Display (VFR),0,36,160,1,197,0,11,160,0,171,0,47,320,1,368,255,0,255,623
10/24/2003,SUS,MO,ACE,CE,Towers with Display (VFR),0,26,119,1,146,1,16,135,0,152,1,42,254,1,298,124,0,124,422
10/25/2003,SUS,MO,ACE,CE,Towers with Display (VFR),0,4,57,0,61,1,0,19,0,20,1,4,76,0,81,2,0,2,83
10/26/2003,SUS,MO,ACE,CE,Towers with Display (VFR),0,23,102,0,125,0,5,127,0,132,0,28,229,0,257,323,0,323,580
10/27/2003,SUS,MO,ACE,CE,Towers with Display (VFR),0,33,149,0,182,1,7,152,0,160,1,40,301,0,342,197,0,197,539
10/28/2003,SUS,MO,ACE,CE,Towers with Display (VFR),0,31,137,0,168,0,10,82,0,92,0,41,219,0,260,107,0,107,367
10/29/2003,SUS,MO,ACE,CE,Towers with Display (VFR),0,35,157,1,193,1,13,170,3,187,1,48,327,4,380,198,0,198,578
10/30/2003,SUS,MO,ACE,CE,Towers with Display (VFR),0,29,132,0,161,1,7,62,0,70,1,36,194,0,231,20,0,20,251
10/31/2003,SUS,MO,ACE,CE,Towers with Display (VFR),0,28,123,0,151,0,10,102,0,112,0,38,225,0,263,272,0,272,535
11/01/2003,SUS,MO,ACE,CE,Towers with Display (VFR),0,14,112,0,126,0,0,14,0,14,0,14,126,0,140,12,0,12,152
11/02/2003,SUS,MO,ACE,CE,Towers with Display (VFR),0,22,109,0,131,0,2,159,1,162,0,24,268,1,293,224,0,224,517
11/03/2003,SUS,MO,ACE,CE,Towers with Display (VFR),0,25,121,0,146,0,2,120,0,122,0,27,241,0,268,132,0,132,400
11/04/2003,SUS,MO,ACE,CE,Towers with Display (VFR),0,24,120,0,144,0,16,70,0,86,0,40,190,0,230,124,0,124,354
11/05/2003,SUS,MO,ACE,CE,Towers with Display (VFR),1,32,154,0,187,2,4,55,0,61,3,36,209,0,248,84,0,84,332
11/06/2003,SUS,MO,ACE,CE,Towers with Display (VFR),1,28,138,0,167,0,7,21,2,30,1,35,159,2,197,48,0,48,245
11/07/2003,SUS,MO,ACE,CE,Towers with Display (VFR),0,23,114,0,137,0,13,91,0,104,0,36,205,0,241,238,0,238,479
11/08/2003,SUS,MO,ACE,CE,Towers with Display (VFR),0,12,62,0,74,0,5,180,0,185,0,17,242,0,259,378,0,378,637
11/09/2003,SUS,MO,ACE,CE,Towers with Display (VFR),0,20,101,0,121,0,7,137,0,144,0,27,238,0,265,287,0,287,552
11/10/2003,SUS,MO,ACE,CE,Towers with Display (VFR),0,26,122,0,148,0,2,75,0,77,0,28,197,0,225,109,0,109,334
11/11/2003,SUS,MO,ACE,CE,Towers with Display (VFR),0,28,143,0,171,0,0,44,0,44,0,28,187,0,215,208,0,208,423
11/12/2003,SUS,MO,ACE,CE,Towers with Display (VFR),0,24,114,0,138,0,7,54,0,61,0,31,168,0,199,127,0,127,326
11/13/2003,SUS,MO,ACE,CE,Towers with Display (VFR),0,38,177,1,216,0,9,142,1,152,0,47,319,2,368,94,0,94,462
11/14/2003,SUS,MO,ACE,CE,Towers with Display (VFR),0,28,130,1,159,0,4,82,2,88,0,32,212,3,247,104,0,104,351
11/15/2003,SUS,MO,ACE,CE,Towers with Display (VFR),0,17,80,0,97,0,3,42,0,45,0,20,122,0,142,231,0,231,373
11/16/2003,SUS,MO,ACE,CE,Towers with Display (VFR),0,24,113,0,137,0,11,168,0,179,0,35,281,0,316,296,0,296,612
11/17/2003,SUS,MO,ACE,CE,Towers with Display (VFR),0,17,100,0,117,0,0,5,0,5,0,17,105,0,122,0,0,0,122
11/18/2003,SUS,MO,ACE,CE,Towers with Display (VFR),0,27,125,0,152,0,3,33,0,36,0,30,158,0,188,48,0,48,236
11/19/2003,SUS,MO,ACE,CE,Towers with Display (VFR),0,27,130,0,157,0,17,160,0,177,0,44,290,0,334,258,0,258,592
11/20/2003,SUS,MO,ACE,CE,Towers with Display (VFR),0,32,148,1,181,0,8,153,0,161,0,40,301,1,342,236,0,236,578
11/21/2003,SUS,MO,ACE,CE,Towers with Display (VFR),0,27,159,1,187,0,0,185,1,186,0,27,344,2,373,269,0,269,642
11/22/2003,SUS,MO,ACE,CE,Towers with Display (VFR),0,13,60,1,74,0,1,172,1,174,0,14,232,2,248,258,0,258,506
11/23/2003,SUS,MO,ACE,CE,Towers with Display (VFR),0,8,39,1,48,0,0,4,1,5,0,8,43,2,53,6,0,6,59
11/24/2003,SUS,MO,ACE,CE,Towers with Display (VFR),0,21,101,0,122,1,4,51,6,62,1,25,152,6,184,148,0,148,332
11/25/2003,SUS,MO,ACE,CE,Towers with Display (VFR),0,34,160,0,194,1,0,123,1,125,1,34,283,1,319,161,0,161,480
11/26/2003,SUS,MO,ACE,CE,Towers with Display (VFR),0,34,161,0,195,0,10,128,0,138,0,44,289,0,333,188,0,188,521
11/27/2003,SUS,MO,ACE,CE,Towers with Display (VFR),0,7,37,0,44,1,4,21,0,26,1,11,58,0,70,63,0,63,133
11/28/2003,SUS,MO,ACE,CE,Towers with Display (VFR),0,15,75,0,90,0,10,51,0,61,0,25,126,0,151,103,0,103,254
11/29/2003,SUS,MO,ACE,CE,Towers with Display (VFR),0,19,92,0,111,1,1,156,0,158,1,20,248,0,269,254,0,254,523
11/30/2003,SUS,MO,ACE,CE,Towers with Display (VFR),0,27,131,0,158,0,9,133,0,142,0,36,264,0,300,178,0,178,478
12/01/2003,SUS,MO,ACE,CE,Towers with Display (VFR),0,33,129,1,163,0,0,126,6,132,0,33,255,7,295,126,0,126,421
12/02/2003,SUS,MO,ACE,CE,Towers with Display (VFR),0,25,98,0,123,0,9,177,0,186,0,34,275,0,309,138,0,138,447
12/03/2003,SUS,MO,ACE,CE,Towers with Display (VFR),0,30,116,0,146,0,3,25,0,28,0,33,141,0,174,2,0,2,176
12/04/2003,SUS,MO,ACE,CE,Towers with Display (VFR),0,29,122,0,151,0,0,5,0,5,0,29,127,0,156,0,0,0,156
12/05/2003,SUS,MO,ACE,CE,Towers with Display (VFR),0,28,108,0,136,0,5,10,0,15,0,33,118,0,151,0,0,0,151
12/06/2003,SUS,MO,ACE,CE,Towers with Display (VFR),0,20,93,0,113,0,0,89,0,89,0,20,182,0,202,238,0,238,440
12/07/2003,SUS,MO,ACE,CE,Towers with Display (VFR),0,27,104,0,131,0,1,197,0,198,0,28,301,0,329,264,0,264,593
12/08/2003,SUS,MO,ACE,CE,Towers with Display (VFR),1,35,138,0,174,0,4,126,0,130,1,39,264,0,304,118,0,118,422
12/09/2003,SUS,MO,ACE,CE,Towers with Display (VFR),1,22,85,0,108,0,2,1,0,3,1,24,86,0,111,0,0,0,111
12/10/2003,SUS,MO,ACE,CE,Towers with Display (VFR),1,23,87,0,111,0,10,0,0,10,1,33,87,0,121,0,0,0,121
12/11/2003,SUS,MO,ACE,CE,Towers with Display (VFR),0,37,143,0,180,0,9,205,1,215,0,46,348,1,395,178,0,178,573
12/12/2003,SUS,MO,ACE,CE,Towers with Display (VFR),1,29,120,0,150,2,0,170,2,174,3,29,290,2,324,256,0,256,580
12/13/2003,SUS,MO,ACE,CE,Towers with Display (VFR),1,8,33,0,42,0,1,0,0,1,1,9,33,0,43,0,0,0,43
12/14/2003,SUS,MO,ACE,CE,Towers with Display (VFR),0,16,60,0,76,0,5,5,1,11,0,21,65,1,87,93,0,93,180
12/15/2003,SUS,MO,ACE,CE,Towers with Display (VFR),0,17,109,0,126,0,0,77,8,85,0,17,186,8,211,6,0,6,217
12/16/2003,SUS,MO,ACE,CE,Towers with Display (VFR),0,27,113,0,140,0,0,78,1,79,0,27,191,1,219,35,0,35,254
12/17/2003,SUS,MO,ACE,CE,Towers with Display (VFR),0,37,147,0,184,0,0,199,0,199,0,37,346,0,383,206,0,206,589
12/18/2003,SUS,MO,ACE,CE,Towers with Display (VFR),1,25,128,0,154,2,0,38,0,40,3,25,166,0,194,84,0,84,278
12/19/2003,SUS,MO,ACE,CE,Towers with Display (VFR),0,36,135,0,171,0,0,116,0,116,0,36,251,0,287,312,0,312,599
12/20/2003,SUS,MO,ACE,CE,Towers with Display (VFR),0,24,95,0,119,0,0,259,0,259,0,24,354,0,378,318,0,318,696
12/21/2003,SUS,MO,ACE,CE,Towers with Display (VFR),0,15,54,1,70,2,1,98,0,101,2,16,152,1,171,174,0,174,345
12/22/2003,SUS,MO,ACE,CE,Towers with Display (VFR),0,30,114,0,144,0,10,65,0,75,0,40,179,0,219,107,0,107,326
12/23/2003,SUS,MO,ACE,CE,Towers with Display (VFR),0,22,82,0,104,0,5,67,0,72,0,27,149,0,176,115,0,115,291
12/24/2003,SUS,MO,ACE,CE,Towers with Display (VFR),0,11,42,0,53,0,1,115,0,116,0,12,157,0,169,104,0,104,273
12/25/2003,SUS,MO,ACE,CE,Towers with Display (VFR),0,7,25,0,32,0,10,26,0,36,0,17,51,0,68,17,0,17,85
12/26/2003,SUS,MO,ACE,CE,Towers with Display (VFR),0,37,139,0,176,2,7,202,0,211,2,44,341,0,387,200,0,200,587
12/27/2003,SUS,MO,ACE,CE,Towers with Display (VFR),0,22,83,0,105,0,10,122,0,132,0,32,205,0,237,60,0,60,297
12/28/2003,SUS,MO,ACE,CE,Towers with Display (VFR),0,22,81,0,103,2,18,28,0,48,2,40,109,0,151,130,0,130,281
12/29/2003,SUS,MO,ACE,CE,Towers with Display (VFR),0,20,76,1,97,0,0,134,3,137,0,20,210,4,234,193,0,193,427
12/30/2003,SUS,MO,ACE,CE,Towers with Display (VFR),0,22,82,1,105,2,18,146,1,167,2,40,228,2,272,177,0,177,449
12/31/2003,SUS,MO,ACE,CE,Towers with Display (VFR),0,15,58,0,73,0,1,169,0,170,0,16,227,0,243,248,0,248,491
01/01/2004,SUS,MO,ACE,CE,Towers with Display (VFR),1,6,33,0,40,0,14,24,0,38,1,20,57,0,78,24,0,24,102
01/02/2004,SUS,MO,ACE,CE,Towers with Display (VFR),0,12,58,0,70,0,10,60,3,73,0,22,118,3,143,63,0,63,206
01/03/2004,SUS,MO,ACE,CE,Towers with Display (VFR),0,21,101,0,122,0,0,80,0,80,0,21,181,0,202,116,0,116,318
01/04/2004,SUS,MO,ACE,CE,Towers with Display (VFR),0,15,57,0,72,0,12,0,0,12,0,27,57,0,84,0,0,0,84
01/05/2004,SUS,MO,ACE,CE,Towers with Display (VFR),1,24,107,0,132,3,20,3,0,26,4,44,110,0,158,0,0,0,158
01/06/2004,SUS,MO,ACE,CE,Towers with Display (VFR),1,22,111,0,134,0,0,85,2,87,1,22,196,2,221,65,0,65,286
01/07/2004,SUS,MO,ACE,CE,Towers with Display (VFR),1,30,134,0,165,0,27,93,1,121,1,57,227,1,286,117,0,117,403
01/08/2004,SUS,MO,ACE,CE,Towers with Display (VFR),1,25,116,0,142,0,7,145,3,155,1,32,261,3,297,154,0,154,451
01/09/2004,SUS,MO,ACE,CE,Towers with Display (VFR),1,30,128,0,159,0,2,66,2,70,1,32,194,2,229,132,0,132,361
01/10/2004,SUS,MO,ACE,CE,Towers with Display (VFR),1,16,92,0,109,1,0,183,2,186,2,16,275,2,295,260,0,260,555
01/11/2004,SUS,MO,ACE,CE,Towers with Display (VFR),1,16,66,0,83,1,22,112,2,137,2,38,178,2,220,129,0,129,349
01/12/2004,SUS,MO,ACE,CE,Towers with Display (VFR),1,20,85,0,106,2,12,133,0,147,3,32,218,0,253,133,0,133,386
01/13/2004,SUS,MO,ACE,CE,Towers with Display (VFR),0,24,105,0,129,0,16,127,1,144,0,40,232,1,273,124,0,124,397
01/14/2004,SUS,MO,ACE,CE,Towers with Display (VFR),0,29,127,0,156,0,12,91,0,103,0,41,218,0,259,65,0,65,324
01/15/2004,SUS,MO,ACE,CE,Towers with Display (VFR),0,31,143,1,175,0,0,198,1,199,0,31,341,2,374,236,0,236,610
01/16/2004,SUS,MO,ACE,CE,Towers with Display (VFR),1,27,116,1,145,0,7,77,1,85,1,34,193,2,230,137,0,137,367
01/17/2004,SUS,MO,ACE,CE,Towers with Display (VFR),0,5,56,0,61,3,0,6,0,9,3,5,62,0,70,0,0,0,70
01/18/2004,SUS,MO,ACE,CE,Towers with Display (VFR),0,17,70,0,87,1,1,69,0,71,1,18,139,0,158,92,0,92,250
01/19/2004,SUS,MO,ACE,CE,Towers with Display (VFR),0,22,103,0,125,0,0,174,0,174,0,22,277,0,299,137,0,137,436
01/20/2004,SUS,MO,ACE,CE,Towers with Display (VFR),1,31,135,0,167,0,11,129,0,140,1,42,264,0,307,77,0,77,384
01/21/2004,SUS,MO,ACE,CE,Towers with Display (VFR),0,27,119,1,147,0,0,145,3,148,0,27,264,4,295,130,0,130,425
01/22/2004,SUS,MO,ACE,CE,Towers with Display (VFR),0,12,119,1,132,0,0,122,0,122,0,12,241,1,254,117,0,117,371
01/23/2004,SUS,MO,ACE,CE,Towers with Display (VFR),0,24,121,0,145,0,0,135,0,135,0,24,256,0,280,86,0,86,366
01/24/2004,SUS,MO,ACE,CE,Towers with Display (VFR),0,15,63,1,79,0,5,203,1,209,0,20,266,2,288,209,0,209,497
01/25/2004,SUS,MO,ACE,CE,Towers with Display (VFR),0,2,7,0,9,0,2,0,0,2,0,4,7,0,11,0,0,0,11
01/26/2004,SUS,MO,ACE,CE,Towers with Display (VFR),0,15,65,0,80,0,0,1,0,1,0,15,66,0,81,0,0,0,81
01/27/2004,SUS,MO,ACE,CE,Towers with Display (VFR),0,22,92,0,114,2,10,7,0,19,2,32,99,0,133,0,0,0,133
01/28/2004,SUS,MO,ACE,CE,Towers with Display (VFR),1,24,131,0,156,0,0,128,0,128,1,24,259,0,284,92,0,92,376
01/29/2004,SUS,MO,ACE,CE,Towers with Display (VFR),0,20,108,0,128,2,0,35,0,37,2,20,143,0,165,42,0,42,207
01/30/2004,SUS,MO,ACE,CE,Towers with Display (VFR),1,23,112,0,136,0,0,55,0,55,1,23,167,0,191,30,0,30,221
01/31/2004,SUS,MO,ACE,CE,Towers with Display (VFR),0,15,63,0,78,0,12,103,0,115,0,27,166,0,193,157,0,157,350
02/01/2004,SUS,MO,ACE,CE,Towers with Display (VFR),0,10,47,0,57,0,14,110,0,124,0,24,157,0,181,94,0,94,275
02/02/2004,SUS,MO,ACE,CE,Towers with Display (VFR),0,21,88,0,109,0,10,0,1,11,0,31,88,1,120,0,0,0,120
02/03/2004,SUS,MO,ACE,CE,Towers with Display (VFR),0,30,133,0,163,0,6,92,0,98,0,36,225,0,261,124,0,124,385
02/04/2004,SUS,MO,ACE,CE,Towers with Display (VFR),0,27,151,0,178,0,0,100,0,100,0,27,251,0,278,77,0,77,355
02/05/2004,SUS,MO,ACE,CE,Towers with Display (VFR),0,19,80,0,99,0,7,0,0,7,0,26,80,0,106,0,0,0,106
02/06/2004,SUS,MO,ACE,CE,Towers with Display (VFR),0,17,99,0,116,0,0,47,0,47,0,17,146,0,163,84,0,84,247
02/07/2004,SUS,MO,ACE,CE,Towers with Display (VFR),0,14,63,0,77,0,5,60,0,65,0,19,123,0,142,136,0,136,278
02/08/2004,SUS,MO,ACE,CE,Towers with Display (VFR),0,20,84,0,104,0,1,143,1,145,0,21,227,1,249,50,0,50,299
02/09/2004,SUS,MO,ACE,CE,Towers with Display (VFR),1,21,89,0,111,0,12,108,0,120,1,33,197,0,231,167,0,167,398
02/10/2004,SUS,MO,ACE,CE,Towers with Display (VFR),0,31,128,0,159,0,0,156,0,156,0,31,284,0,315,218,0,218,533
02/11/2004,SUS,MO,ACE,CE,Towers with Display (VFR),1,31,159,0,191,1,0,177,0,178,2,31,336,0,369,179,0,179,548
02/12/2004,SUS,MO,ACE,CE,Towers with Display (VFR),0,28,116,0,144,0,6,87,2,95,0,34,203,2,239,183,0,183,422
02/13/2004,SUS,MO,ACE,CE,Towers with Display (VFR),0,31,130,1,162,1,1,159,0,161,1,32,289,1,323,111,0,111,434
02/14/2004,SUS,MO,ACE,CE,Towers with Display (VFR),0,18,78,0,96,1,7,181,0,189,1,25,259,0,285,167,0,167,452
02/15/2004,SUS,MO,ACE,CE,Towers with Display (VFR),0,19,82,0,101,0,18,199,0,217,0,37,281,0,318,204,0,204,522
02/16/2004,SUS,MO,ACE,CE,Towers with Display (VFR),0,29,120,1,150,3,8,159,1,171,3,37,279,2,321,105,0,105,426
02/17/2004,SUS,MO,ACE,CE,Towers with Display (VFR),0,28,119,0,147,0,20,16,0,36,0,48,135,0,183,96,0,96,279
02/18/2004,SUS,MO,ACE,CE,Towers with Display (VFR),0,34,145,0,179,0,6,204,0,210,0,40,349,0,389,152,0,152,541
02/19/2004,SUS,MO,ACE,CE,Towers with Display (VFR),0,34,151,0,185,1,0,130,0,131,1,34,281,0,316,102,0,102,418
02/20/2004,SUS,MO,ACE,CE,Towers with Display (VFR),0,23,97,0,120,0,8,16,0,24,0,31,113,0,144,3,0,3,147
02/21/2004,SUS,MO,ACE,CE,Towers with Display (VFR),0,17,73,1,91,0,8,116,0,124,0,25,189,1,215,142,0,142,357
02/22/2004,SUS,MO,ACE,CE,Towers with Display (VFR),0,15,83,1,99,2,0,199,2,203,2,15,282,3,302,234,0,234,536
02/23/2004,SUS,MO,ACE,CE,Towers with Display (VFR),0,26,111,0,137,0,22,98,0,120,0,48,209,0,257,92,0,92,349
02/24/2004,SUS,MO,ACE,CE,Towers with Display (VFR),0,29,123,1,153,0,0,85,0,85,0,29,208,1,238,78,0,78,316
02/25/2004,SUS,MO,ACE,CE,Towers with Display (VFR),0,30,126,0,156,1,5,103,0,109,1,35,229,0,265,92,0,92,357
02/26/2004,SUS,MO,ACE,CE,Towers with Display (VFR),0,35,150,0,185,0,2,200,0,202,0,37,350,0,387,164,0,164,551
02/27/2004,SUS,MO,ACE,CE,Towers with Display (VFR),0,33,141,0,174,0,21,170,0,191,0,54,311,0,365,172,0,172,537
02/28/2004,SUS,MO,ACE,CE,Towers with Display (VFR),0,18,77,0,95,0,0,286,0,286,0,18,363,0,381,194,0,194,575
02/29/2004,SUS,MO,ACE,CE,Towers with Display (VFR),0,16,69,0,85,0,2,82,0,84,0,18,151,0,169,80,0,80,249
03/01/2004,SUS,MO,ACE,CE,Towers with Display (VFR),0,14,70,0,84,0,10,42,0,52,0,24,112,0,136,26,0,26,162
03/02/2004,SUS,MO,ACE,CE,Towers with Display (VFR),0,27,127,0,154,0,5,102,0,107,0,32,229,0,261,245,0,245,506
03/03/2004,SUS,MO,ACE,CE,Towers with Display (VFR),0,25,119,0,144,0,9,3,1,13,0,34,122,1,157,2,0,2,159
03/04/2004,SUS,MO,ACE,CE,Towers with Display (VFR),0,20,98,0,118,0,2,2,0,4,0,22,100,0,122,2,0,2,124
03/05/2004,SUS,MO,ACE,CE,Towers with Display (VFR),1,28,132,0,161,0,0,88,1,89,1,28,220,1,250,88,0,88,338
03/06/2004,SUS,MO,ACE,CE,Towers with Display (VFR),0,21,99,0,120,0,8,213,7,228,0,29,312,7,348,224,0,224,572
03/07/2004,SUS,MO,ACE,CE,Towers with Display (VFR),0,19,91,0,110,0,1,75,2,78,0,20,166,2,188,30,0,30,218
03/08/2004,SUS,MO,ACE,CE,Towers with Display (VFR),0,20,101,0,121,0,0,118,0,118,0,20,219,0,239,160,0,160,399
03/09/2004,SUS,MO,ACE,CE,Towers with Display (VFR),0,10,116,0,126,0,0,89,2,91,0,10,205,2,217,245,0,245,462
03/10/2004,SUS,MO,ACE,CE,Towers with Display (VFR),0,32,151,1,184,0,0,144,2,146,0,32,295,3,330,112,0,112,442
03/11/2004,SUS,MO,ACE,CE,Towers with Display (VFR),0,27,126,1,154,2,12,77,0,91,2,39,203,1,245,86,0,86,331
03/12/2004,SUS,MO,ACE,CE,Towers with Display (VFR),0,26,122,1,149,0,2,211,2,215,0,28,333,3,364,196,0,196,560
03/13/2004,SUS,MO,ACE,CE,Towers with Display (VFR),0,22,99,1,122,0,7,133,1,141,0,29,232,2,263,116,0,116,379
03/14/2004,SUS,MO,ACE,CE,Towers with Display (VFR),0,16,73,0,89,0,12,108,0,120,0,28,181,0,209,76,0,76,285
03/15/2004,SUS,MO,ACE,CE,Towers with Display (VFR),0,25,114,1,140,0,8,95,0,103,0,33,209,1,243,128,0,128,371
03/16/2004,SUS,MO,ACE,CE,Towers with Display (VFR),0,22,115,1,138,0,0,7,2,9,0,22,122,3,147,0,0,0,147
03/17/2004,SUS,MO,ACE,CE,Towers with Display (VFR),0,28,128,1,157,0,4,123,0,127,0,32,251,1,284,149,0,149,433
03/18/2004,SUS,MO,ACE,CE,Towers with Display (VFR),0,26,135,1,162,0,0,139,1,140,0,26,274,2,302,176,0,176,478
03/19/2004,SUS,MO,ACE,CE,Towers with Display (VFR),0,28,128,1,157,0,6,265,0,271,0,34,393,1,428,262,0,262,690
03/20/2004,SUS,MO,ACE,CE,Towers with Display (VFR),0,15,67,1,83,2,11,62,0,75,2,26,129,1,158,102,0,102,260
03/21/2004,SUS,MO,ACE,CE,Towers with Display (VFR),0,21,93,1,115,0,7,185,2,194,0,28,278,3,309,161,0,161,470
03/22/2004,SUS,MO,ACE,CE,Towers with Display (VFR),0,19,96,0,115,0,0,200,0,200,0,19,296,0,315,142,0,142,457
03/23/2004,SUS,MO,ACE,CE,Towers with Display (VFR),0,29,130,0,159,0,16,48,0,64,0,45,178,0,223,42,0,42,265
03/24/2004,SUS,MO,ACE,CE,Towers with Display (VFR),0,31,142,0,173,0,11,79,0,90,0,42,221,0,263,56,0,56,319
03/25/2004,SUS,MO,ACE,CE,Towers with Display (VFR),0,28,133,0,161,2,0,63,0,65,2,28,196,0,226,30,0,30,256
03/26/2004,SUS,MO,ACE,CE,Towers with Display (VFR),0,19,98,1,118,0,0,39,0,39,0,19,137,1,157,64,0,64,221
03/27/2004,SUS,MO,ACE,CE,Towers with Display (VFR),0,15,66,1,82,2,9,141,0,152,2,24,207,1,234,192,0,192,426
03/28/2004,SUS,MO,ACE,CE,Towers with Display (VFR),0,20,93,0,113,0,8,54,0,62,0,28,147,0,175,160,0,160,335
03/29/2004,SUS,MO,ACE,CE,Towers with Display (VFR),0,16,94,0,110,0,0,115,0,115,0,16,209,0,225,137,0,137,362
03/30/2004,SUS,MO,ACE,CE,Towers with Display (VFR),0,24,133,0,157,0,0,119,0,119,0,24,252,0,276,104,0,104,380
03/31/2004,SUS,MO,ACE,CE,Towers with Display (VFR),0,26,120,0,146,0,2,56,0,58,0,28,176,0,204,51,0,51,255
04/01/2004,SUS,MO,ACE,CE,Towers with Display (VFR),0,24,116,0,140,0,1,134,0,135,0,25,250,0,275,200,0,200,475
04/02/2004,SUS,MO,ACE,CE,Towers with Display (VFR),1,23,117,1,142,0,0,211,1,212,1,23,328,2,354,141,0,141,495
04/03/2004,SUS,MO,ACE,CE,Towers with Display (VFR),0,11,57,0,68,0,12,244,0,256,0,23,301,0,324,204,0,204,528
04/04/2004,SUS,MO,ACE,CE,Towers with Display (VFR),1,18,91,0,110,0,12,235,8,255,1,30,326,8,365,262,0,262,627
04/05/2004,SUS,MO,ACE,CE,Towers with Display (VFR),1,22,106,0,129,2,9,128,0,139,3,31,234,0,268,111,0,111,379
04/06/2004,SUS,MO,ACE,CE,Towers with Display (VFR),1,16,134,0,151,1,0,151,0,152,2,16,285,0,303,266,0,266,569
04/07/2004,SUS,MO,ACE,CE,Towers with Display (VFR),1,33,161,0,195,0,4,159,0,163,1,37,320,0,358,172,0,172,530
04/08/2004,SUS,MO,ACE,CE,Towers with Display (VFR),0,32,155,0,187,0,23,136,0,159,0,55,291,0,346,124,0,124,470
04/09/2004,SUS,MO,ACE,CE,Towers with Display (VFR),0,20,119,0,139,0,0,199,0,199,0,20,318,0,338,215,0,215,553
04/10/2004,SUS,MO,ACE,CE,Towers with Display (VFR),1,17,84,0,102,3,4,82,2,91,4,21,166,2,193,302,0,302,495
04/11/2004,SUS,MO,ACE,CE,Towers with Display (VFR),0,18,87,0,105,0,7,145,0,152,0,25,232,0,257,94,0,94,351
04/12/2004,SUS,MO,ACE,CE,Towers with Display (VFR),0,28,136,0,164,0,15,109,0,124,0,43,245,0,288,62,0,62,350
04/13/2004,SUS,MO,ACE,CE,Towers with Display (VFR),1,32,155,0,188,0,6,115,0,121,1,38,270,0,309,46,0,46,355
04/14/2004,SUS,MO,ACE,CE,Towers with Display (VFR),1,32,148,0,181,0,1,218,0,219,1,33,366,0,400,222,0,222,622
04/15/2004,SUS,MO,ACE,CE,Towers with Display (VFR),0,30,140,0,170,0,5,124,1,130,0,35,264,1,300,20,0,20,320
04/16/2004,SUS,MO,ACE,CE,Towers with Display (VFR),1,29,135,0,165,1,15,174,6,196,2,44,309,6,361,173,0,173,534
04/17/2004,SUS,MO,ACE,CE,Towers with Display (VFR),0,10,50,0,60,0,20,175,1,196,0,30,225,1,256,164,0,164,420
04/18/2004,SUS,MO,ACE,CE,Towers with Display (VFR),0,18,82,0,100,0,11,83,2,96,0,29,165,2,196,38,0,38,234
04/19/2004,SUS,MO,ACE,CE,Towers with Display (VFR),0,19,111,0,130,0,0,91,2,93,0,19,202,2,223,150,0,150,373
04/20/2004,SUS,MO,ACE,CE,Towers with Display (VFR),0,23,109,1,133,0,1,66,1,68,0,24,175,2,201,130,0,130,331
04/21/2004,SUS,MO,ACE,CE,Towers with Display (VFR),1,33,154,0,188,3,1,192,0,196,4,34,346,0,384,381,0,381,765
04/22/2004,SUS,MO,ACE,CE,Towers with Display (VFR),1,29,150,0,180,1,0,46,0,47,2,29,196,0,227,54,0,54,281
04/23/2004,SUS,MO,ACE,CE,Towers with Display (VFR),0,31,147,0,178,0,0,43,0,43,0,31,190,0,221,97,0,97,318
04/24/2004,SUS,MO,ACE,CE,Towers with Display (VFR),0,15,82,0,97,0,0,0,0,0,0,15,82,0,97,6,0,6,103
04/25/2004,SUS,MO,ACE,CE,Towers with Display (VFR),0,26,120,0,146,0,13,129,0,142,0,39,249,0,288,255,0,255,543
04/26/2004,SUS,MO,ACE,CE,Towers with Display (VFR),0,24,113,1,138,0,2,159,2,163,0,26,272,3,301,204,0,204,505
04/27/2004,SUS,MO,ACE,CE,Towers with Display (VFR),0,30,139,0,169,0,9,198,0,207,0,39,337,0,376,211,0,211,587
04/28/2004,SUS,MO,ACE,CE,Towers with Display (VFR),0,27,129,0,156,1,2,79,0,82,1,29,208,0,238,26,0,26,264
04/29/2004,SUS,MO,ACE,CE,Towers with Display (VFR),0,25,118,0,143,0,5,118,0,123,0,30,236,0,266,143,0,143,409
04/30/2004,SUS,MO,ACE,CE,Towers with Display (VFR),0,29,135,0,164,2,18,56,0,76,2,47,191,0,240,96,0,96,336
05/01/2004,SUS,MO,ACE,CE,Towers with Display (VFR),0,16,81,0,97,0,3,2,0,5,0,19,83,0,102,22,0,22,124
05/02/2004,SUS,MO,ACE,CE,Towers with Display (VFR),0,20,100,0,120,0,6,137,2,145,0,26,237,2,265,189,0,189,454
05/03/2004,SUS,MO,ACE,CE,Towers with Display (VFR),0,29,138,0,167,0,14,119,0,133,0,43,257,0,300,289,0,289,589
05/04/2004,SUS,MO,ACE,CE,Towers with Display (VFR),0,26,120,0,146,1,9,146,0,156,1,35,266,0,302,212,0,212,514
05/05/2004,SUS,MO,ACE,CE,Towers with Display (VFR),0,31,154,0,185,1,0,237,0,238,1,31,391,0,423,245,0,245,668
05/06/2004,SUS,MO,ACE,CE,Towers with Display (VFR),0,34,166,1,201,0,17,164,1,182,0,51,330,2,383,321,0,321,704
05/07/2004,SUS,MO,ACE,CE,Towers with Display (VFR),0,24,118,1,143,0,11,193,1,205,0,35,311,2,348,105,0,105,453
05/08/2004,SUS,MO,ACE,CE,Towers with Display (VFR),0,17,85,0,102,0,8,241,0,249,0,25,326,0,351,256,0,256,607
05/09/2004,SUS,MO,ACE,CE,Towers with Display (VFR),0,15,73,0,88,0,11,139,0,150,0,26,212,0,238,153,0,153,391
05/10/2004,SUS,MO,ACE,CE,Towers with Display (VFR),0,23,114,0,137,0,11,128,0,139,0,34,242,0,276,290,0,290,566
05/11/2004,SUS,MO,ACE,CE,Towers with Display (VFR),0,31,150,1,182,0,16,162,0,178,0,47,312,1,360,224,0,224,584
05/12/2004,SUS,MO,ACE,CE,Towers with Display (VFR),0,26,125,0,151,1,10,99,0,110,1,36,224,0,261,246,0,246,507
05/13/2004,SUS,MO,ACE,CE,Towers with Display (VFR),0,23,115,1,139,0,8,32,1,41,0,31,147,2,180,70,0,70,250
05/14/2004,SUS,MO,ACE,CE,Towers with Display (VFR),0,27,131,1,159,0,10,31,0,41,0,37,162,1,200,4,0,4,204
05/15/2004,SUS,MO,ACE,CE,Towers with Display (VFR),0,14,74,1,89,0,0,261,2,263,0,14,335,3,352,273,0,273,625
05/16/2004,SUS,MO,ACE,CE,Towers with Display (VFR),0,18,91,0,109,0,1,201,0,202,0,19,292,0,311,359,0,359,670
05/17/2004,SUS,MO,ACE,CE,Towers with Display (VFR),0,22,145,0,167,0,0,165,0,165,0,22,310,0,332,198,0,198,530
05/18/2004,SUS,MO,ACE,CE,Towers with Display (VFR),0,25,125,0,150,0,15,67,5,87,0,40,192,5,237,151,0,151,388
05/19/2004,SUS,MO,ACE,CE,Towers with Display (VFR),0,26,126,0,152,0,18,111,2,131,0,44,237,2,283,198,0,198,481
05/20/2004,SUS,MO,ACE,CE,Towers with Display (VFR),0,35,172,0,207,0,9,166,0,175,0,44,338,0,382,210,0,210,592
05/21/2004,SUS,MO,ACE,CE,Towers with Display (VFR),0,28,140,0,168,0,20,130,0,150,0,48,270,0,318,149,0,149,467
05/22/2004,SUS,MO,ACE,CE,Towers with Display (VFR),0,20,97,0,117,0,4,159,3,166,0,24,256,3,283,182,0,182,465
05/23/2004,SUS,MO,ACE,CE,Towers with Display (VFR),0,16,77,0,93,0,14,67,0,81,0,30,144,0,174,134,0,134,308
05/24/2004,SUS,MO,ACE,CE,Towers with Display (VFR),0,17,84,0,101,0,7,124,1,132,0,24,208,1,233,147,0,147,380
05/25/2004,SUS,MO,ACE,CE,Towers with Display (VFR),0,19,116,0,135,0,0,45,4,49,0,19,161,4,184,80,0,80,264
05/26/2004,SUS,MO,ACE,CE,Towers with Display (VFR),0,28,146,0,174,0,0,61,0,61,0,28,207,0,235,26,0,26,261
05/27/2004,SUS,MO,ACE,CE,Towers with Display (VFR),0,32,158,0,190,0,14,144,0,158,0,46,302,0,348,232,0,232,580
05/28/2004,SUS,MO,ACE,CE,Towers with Display (VFR),0,27,133,0,160,0,0,201,0,201,0,27,334,0,361,296,0,296,657
05/29/2004,SUS,MO,ACE,CE,Towers with Display (VFR),0,11,78,0,89,0,0,192,0,192,0,11,270,0,281,299,0,299,580
05/30/2004,SUS,MO,ACE,CE,Towers with Display (VFR),0,4,21,0,25,0,11,22,0,33,0,15,43,0,58,8,0,8,66
05/31/2004,SUS,MO,ACE,CE,Towers with Display (VFR),0,18,92,0,110,0,3,167,2,172,0,21,259,2,282,111,0,111,393
06/01/2004,SUS,MO,ACE,CE,Towers with Display (VFR),0,33,136,0,169,0,10,154,0,164,0,43,290,0,333,228,0,228,561
06/02/2004,SUS,MO,ACE,CE,Towers with Display (VFR),0,24,122,0,146,0,0,203,0,203,0,24,325,0,349,126,0,126,475
06/03/2004,SUS,MO,ACE,CE,Towers with Display (VFR),0,36,145,1,182,0,4,269,7,280,0,40,414,8,462,158,0,158,620
06/04/2004,SUS,MO,ACE,CE,Towers with Display (VFR),0,32,133,1,166,0,0,215,6,221,0,32,348,7,387,272,0,272,659
06/05/2004,SUS,MO,ACE,CE,Towers with Display (VFR),0,19,74,0,93,0,4,249,0,253,0,23,323,0,346,336,0,336,682
06/06/2004,SUS,MO,ACE,CE,Towers with Display (VFR),0,18,76,1,95,0,0,117,4,121,0,18,193,5,216,180,0,180,396
06/07/2004,SUS,MO,ACE,CE,Towers with Display (VFR),0,24,101,1,126,0,15,132,0,147,0,39,233,1,273,76,0,76,349
06/08/2004,SUS,MO,ACE,CE,Towers with Display (VFR),0,31,132,0,163,0,4,168,0,172,0,35,300,0,335,152,0,152,487
06/09/2004,SUS,MO,ACE,CE,Towers with Display (VFR),0,35,148,2,185,0,2,84,0,86,0,37,232,2,271,105,2,107,378
06/10/2004,SUS,MO,ACE,CE,Towers with Display (VFR),0,31,132,2,165,0,13,116,0,129,0,44,248,2,294,128,0,128,422
06/11/2004,SUS,MO,ACE,CE,Towers with Display (VFR),0,28,114,1,143,0,15,130,3,148,0,43,244,4,291,261,0,261,552
06/12/2004,SUS,MO,ACE,CE,Towers with Display (VFR),0,16,67,0,83,0,7,132,0,139,0,23,199,0,222,310,0,310,532
06/13/2004,SUS,MO,ACE,CE,Towers with Display (VFR),0,21,85,1,107,0,5,169,1,175,0,26,254,2,282,252,0,252,534
06/14/2004,SUS,MO,ACE,CE,Towers with Display (VFR),0,30,128,2,160,0,13,136,0,149,0,43,264,2,309,148,0,148,457
06/15/2004,SUS,MO,ACE,CE,Towers with Display (VFR),0,28,120,0,148,0,8,125,0,133,0,36,245,0,281,214,0,214,495
06/16/2004,SUS,MO,ACE,CE,Towers with Display (VFR),0,35,157,0,192,0,0,107,0,107,0,35,264,0,299,171,0,171,470
06/17/2004,SUS,MO,ACE,CE,Towers with Display (VFR),0,31,131,0,162,0,25,168,0,193,0,56,299,0,355,267,0,267,622
06/18/2004,SUS,MO,ACE,CE,Towers with Display (VFR),0,27,111,0,138,0,3,80,0,83,0,30,191,0,221,105,0,105,326
06/19/2004,SUS,MO,ACE,CE,Towers with Display (VFR),0,18,76,0,94,0,19,190,0,209,0,37,266,0,303,164,0,164,467
06/20/2004,SUS,MO,ACE,CE,Towers with Display (VFR),0,23,96,0,119,0,7,174,0,181,0,30,270,0,300,181,0,181,481
06/21/2004,SUS,MO,ACE,CE,Towers with Display (VFR),0,28,117,0,145,0,9,118,0,127,0,37,235,0,272,108,0,108,380
06/22/2004,SUS,MO,ACE,CE,Towers with Display (VFR),0,37,157,1,195,0,11,165,1,177,0,48,322,2,372,146,0,146,518
06/23/2004,SUS,MO,ACE,CE,Towers with Display (VFR),0,42,177,0,219,0,3,235,0,238,0,45,412,0,457,304,0,304,761
06/24/2004,SUS,MO,ACE,CE,Towers with Display (VFR),0,42,178,1,221,0,10,182,0,192,0,52,360,1,413,311,0,311,724
06/25/2004,SUS,MO,ACE,CE,Towers with Display (VFR),0,31,131,1,163,0,16,153,5,174,0,47,284,6,337,142,4,146,483
06/26/2004,SUS,MO,ACE,CE,Towers with Display (VFR),0,18,75,0,93,0,7,216,0,223,0,25,291,0,316,190,0,190,506
06/27/2004,SUS,MO,ACE,CE,Towers with Display (VFR),0,24,98,0,122,0,3,233,1,237,0,27,331,1,359,192,0,192,551
06/28/2004,SUS,MO,ACE,CE,Towers with Display (VFR),0,34,146,1,181,0,0,165,2,167,0,34,311,3,348,204,0,204,552
06/29/2004,SUS,MO,ACE,CE,Towers with Display (VFR),0,32,138,1,171,0,19,207,0,226,0,51,345,1,397,298,0,298,695
06/30/2004,SUS,MO,ACE,CE,Towers with Display (VFR),0,35,150,0,185,0,13,205,0,218,0,48,355,0,403,195,0,195,598
07/01/2004,SUS,MO,ACE,CE,Towers with Display (VFR),0,34,151,1,186,0,18,89,2,109,0,52,240,3,295,204,0,204,499
07/02/2004,SUS,MO,ACE,CE,Towers with Display (VFR),0,29,132,0,161,0,1,92,0,93,0,30,224,0,254,90,0,90,344
07/03/2004,SUS,MO,ACE,CE,Towers with Display (VFR),0,14,67,0,81,0,4,53,0,57,0,18,120,0,138,52,0,52,190
07/04/2004,SUS,MO,ACE,CE,Towers with Display (VFR),0,10,46,1,57,0,7,119,1,127,0,17,165,2,184,86,0,86,270
07/05/2004,SUS,MO,ACE,CE,Towers with Display (VFR),0,17,77,0,94,0,9,96,0,105,0,26,173,0,199,46,0,46,245
07/06/2004,SUS,MO,ACE,CE,Towers with Display (VFR),0,23,99,0,122,0,23,121,0,144,0,46,220,0,266,108,0,108,374
07/07/2004,SUS,MO,ACE,CE,Towers with Display (VFR),0,38,167,1,206,0,14,265,0,279,0,52,432,1,485,300,0,300,785
07/08/2004,SUS,MO,ACE,CE,Towers with Display (VFR),0,34,149,0,183,0,1,170,0,171,0,35,319,0,354,178,0,178,532
07/09/2004,SUS,MO,ACE,CE,Towers with Display (VFR),0,30,128,0,158,0,8,184,0,192,0,38,312,0,350,158,0,158,508
07/10/2004,SUS,MO,ACE,CE,Towers with Display (VFR),0,16,72,1,89,0,9,173,1,183,0,25,245,2,272,313,0,313,585
07/11/2004,SUS,MO,ACE,CE,Towers with Display (VFR),0,21,91,0,112,0,11,154,0,165,0,32,245,0,277,223,0,223,500
07/12/2004,SUS,MO,ACE,CE,Towers with Display (VFR),0,24,106,1,131,0,9,119,0,128,0,33,225,1,259,384,0,384,643
07/13/2004,SUS,MO,ACE,CE,Towers with Display (VFR),0,37,159,0,196,0,4,189,0,193,0,41,348,0,389,244,0,244,633
07/14/2004,SUS,MO,ACE,CE,Towers with Display (VFR),0,34,148,0,182,0,11,208,0,219,0,45,356,0,401,309,0,309,710
07/15/2004,SUS,MO,ACE,CE,Towers with Display (VFR),0,37,160,0,197,0,1,237,0,238,0,38,397,0,435,273,0,273,708
07/16/2004,SUS,MO,ACE,CE,Towers with Display (VFR),0,24,106,1,131,0,12,139,5,156,0,36,245,6,287,281,0,281,568
07/17/2004,SUS,MO,ACE,CE,Towers with Display (VFR),0,19,84,1,104,0,1,103,1,105,0,20,187,2,209,87,8,95,304
07/18/2004,SUS,MO,ACE,CE,Towers with Display (VFR),0,21,94,0,115,0,10,183,0,193,0,31,277,0,308,265,0,265,573
07/19/2004,SUS,MO,ACE,CE,Towers with Display (VFR),0,31,132,0,163,0,16,153,0,169,0,47,285,0,332,225,0,225,557
07/20/2004,SUS,MO,ACE,CE,Towers with Display (VFR),0,30,131,0,161,0,1,132,0,133,0,31,263,0,294,81,0,81,375
07/21/2004,SUS,MO,ACE,CE,Towers with Display (VFR),0,37,161,0,198,0,20,178,0,198,0,57,339,0,396,219,0,219,615
07/22/2004,SUS,MO,ACE,CE,Towers with Display (VFR),0,31,134,0,165,0,7,169,3,179,0,38,303,3,344,284,0,284,628
07/23/2004,SUS,MO,ACE,CE,Towers with Display (VFR),0,32,139,0,171,0,9,156,0,165,0,41,295,0,336,208,0,208,544
07/24/2004,SUS,MO,ACE,CE,Towers with Display (VFR),0,18,78,0,96,0,1,177,1,179,0,19,255,1,275,202,0,202,477
07/25/2004,SUS,MO,ACE,CE,Towers with Display (VFR),0,29,134,0,163,0,0,50,2,52,0,29,184,2,215,57,0,57,272
07/26/2004,SUS,MO,ACE,CE,Towers with Display (VFR),0,28,125,0,153,6,37,147,0,190,6,65,272,0,343,145,0,145,488
07/27/2004,SUS,MO,ACE,CE,Towers with Display (VFR),0,18,151,0,169,0,0,200,3,203,0,18,351,3,372,250,0,250,622
07/28/2004,SUS,MO,ACE,CE,Towers with Display (VFR),0,41,180,0,221,0,3,220,4,227,0,44,400,4,448,282,0,282,730
07/29/2004,SUS,MO,ACE,CE,Towers with Display (VFR),0,38,165,0,203,0,3,148,5,156,0,41,313,5,359,186,0,186,545
07/30/2004,SUS,MO,ACE,CE,Towers with Display (VFR),0,35,145,0,180,0,10,0,0,10,0,45,145,0,190,0,0,0,190
07/31/2004,SUS,MO,ACE,CE,Towers with Display (VFR),0,20,95,0,115,0,0,183,1,184,0,20,278,1,299,262,0,262,561
08/01/2004,SUS,MO,ACE,CE,Towers with Display (VFR),0,32,137,0,169,0,32,178,0,210,0,64,315,0,379,196,0,196,575
08/02/2004,SUS,MO,ACE,CE,Towers with Display (VFR),0,30,129,0,159,0,4,142,4,150,0,34,271,4,309,246,0,246,555
08/03/2004,SUS,MO,ACE,CE,Towers with Display (VFR),1,23,136,0,160,1,0,134,1,136,2,23,270,1,296,273,0,273,569
08/04/2004,SUS,MO,ACE,CE,Towers with Display (VFR),0,34,145,0,179,0,14,75,0,89,0,48,220,0,268,144,0,144,412
08/05/2004,SUS,MO,ACE,CE,Towers with Display (VFR),1,35,146,0,182,3,12,171,2,188,4,47,317,2,370,238,0,238,608
08/06/2004,SUS,MO,ACE,CE,Towers with Display (VFR),0,24,121,0,145,0,0,195,3,198,0,24,316,3,343,253,0,253,596
08/07/2004,SUS,MO,ACE,CE,Towers with Display (VFR),1,15,61,0,77,0,2,234,0,236,1,17,295,0,313,180,0,180,493
08/08/2004,SUS,MO,ACE,CE,Towers with Display (VFR),0,26,104,1,131,0,9,189,0,198,0,35,293,1,329,210,0,210,539
08/09/2004,SUS,MO,ACE,CE,Towers with Display (VFR),0,24,96,1,121,0,8,142,0,150,0,32,238,1,271,159,0,159,430
08/10/2004,SUS,MO,ACE,CE,Towers with Display (VFR),0,33,135,1,169,0,2,259,1,262,0,35,394,2,431,138,0,138,569
08/11/2004,SUS,MO,ACE,CE,Towers with Display (VFR),0,34,136,1,171,0,13,202,3,218,0,47,338,4,389,288,0,288,677
08/12/2004,SUS,MO,ACE,CE,Towers with Display (VFR),0,44,179,1,224,0,7,207,4,218,0,51,386,5,442,234,0,234,676
08/13/2004,SUS,MO,ACE,CE,Towers with Display (VFR),0,27,111,0,138,0,2,183,0,185,0,29,294,0,323,218,0,218,541
08/14/2004,SUS,MO,ACE,CE,Towers with Display (VFR),0,21,88,0,109,0,6,252,0,258,0,27,340,0,367,285,0,285,652
08/15/2004,SUS,MO,ACE,CE,Towers with Display (VFR),0,27,108,1,136,0,13,198,1,212,0,40,306,2,348,254,0,254,602
08/16/2004,SUS,MO,ACE,CE,Towers with Display (VFR),0,29,120,0,149,0,13,186,0,199,0,42,306,0,348,222,0,222,570
08/17/2004,SUS,MO,ACE,CE,Towers with Display (VFR),0,35,142,0,177,0,0,162,0,162,0,35,304,0,339,282,0,282,621
08/18/2004,SUS,MO,ACE,CE,Towers with Display (VFR),0,40,162,0,202,0,13,176,0,189,0,53,338,0,391,168,0,168,559
08/19/2004,SUS,MO,ACE,CE,Towers with Display (VFR),0,34,152,1,187,0,0,120,2,122,0,34,272,3,309,165,0,165,474
08/20/2004,SUS,MO,ACE,CE,Towers with Display (VFR),0,39,157,0,196,0,1,1,0,2,0,40,158,0,198,2,0,2,200
08/21/2004,SUS,MO,ACE,CE,Towers with Display (VFR),0,19,79,1,99,0,1,253,1,255,0,20,332,2,354,280,0,280,634
08/22/2004,SUS,MO,ACE,CE,Towers with Display (VFR),0,20,92,0,112,0,0,184,0,184,0,20,276,0,296,195,0,195,491
08/23/2004,SUS,MO,ACE,CE,Towers with Display (VFR),0,26,107,0,133,0,2,77,0,79,0,28,184,0,212,108,0,108,320
08/24/2004,SUS,MO,ACE,CE,Towers with Display (VFR),0,30,123,0,153,0,1,99,2,102,0,31,222,2,255,78,0,78,333
08/25/2004,SUS,MO,ACE,CE,Towers with Display (VFR),0,31,144,0,175,0,0,72,0,72,0,31,216,0,247,78,0,78,325
08/26/2004,SUS,MO,ACE,CE,Towers with Display (VFR),0,35,145,0,180,0,17,137,1,155,0,52,282,1,335,150,0,150,485
08/27/2004,SUS,MO,ACE,CE,Towers with Display (VFR),0,31,128,0,159,0,8,93,0,101,0,39,221,0,260,94,0,94,354
08/28/2004,SUS,MO,ACE,CE,Towers with Display (VFR),0,12,52,0,64,0,16,94,0,110,0,28,146,0,174,242,0,242,416
08/29/2004,SUS,MO,ACE,CE,Towers with Display (VFR),0,26,109,0,135,0,0,127,1,128,0,26,236,1,263,184,0,184,447
08/30/2004,SUS,MO,ACE,CE,Towers with Display (VFR),0,38,153,0,191,0,14,170,0,184,0,52,323,0,375,122,0,122,497
08/31/2004,SUS,MO,ACE,CE,Towers with Display (VFR),0,27,125,0,152,0,0,230,10,240,0,27,355,10,392,122,0,122,514
09/01/2004,SUS,MO,ACE,CE,Towers with Display (VFR),0,27,134,3,164,0,0,183,0,183,0,27,317,3,347,53,0,53,400
09/02/2004,SUS,MO,ACE,CE,Towers with Display (VFR),0,26,141,3,170,0,0,112,11,123,0,26,253,14,293,55,0,55,348
09/03/2004,SUS,MO,ACE,CE,Towers with Display (VFR),1,23,112,2,138,0,0,81,23,104,1,23,193,25,242,8,0,8,250
09/04/2004,SUS,MO,ACE,CE,Towers with Display (VFR),0,7,42,1,50,0,5,216,1,222,0,12,258,2,272,90,0,90,362
09/05/2004,SUS,MO,ACE,CE,Towers with Display (VFR),0,6,34,0,40,0,107,109,4,220,0,113,143,4,260,73,2,75,335
09/06/2004,SUS,MO,ACE,CE,Towers with Display (VFR),0,12,58,1,71,0,162,74,6,242,0,174,132,7,313,68,0,68,381
09/07/2004,SUS,MO,ACE,CE,Towers with Display (VFR),0,28,132,3,163,0,19,191,35,245,0,47,323,38,408,98,0,98,506
09/08/2004,SUS,MO,ACE,CE,Towers with Display (VFR),0,29,136,1,166,0,14,219,0,233,0,43,355,1,399,66,0,66,465
09/09/2004,SUS,MO,ACE,CE,Towers with Display (VFR),0,32,148,1,181,0,18,219,0,237,0,50,367,1,418,82,0,82,500
09/10/2004,SUS,MO,ACE,CE,Towers with Display (VFR),0,26,120,2,148,0,9,175,0,184,0,35,295,2,332,188,0,188,520
09/11/2004,SUS,MO,ACE,CE,Towers with Display (VFR),0,17,77,2,96,0,10,276,2,288,0,27,353,4,384,238,0,238,622
09/12/2004,SUS,MO,ACE,CE,Towers with Display (VFR),0,24,114,2,140,1,0,207,0,208,1,24,321,2,348,130,0,130,478
09/13/2004,SUS,MO,ACE,CE,Towers with Display (VFR),0,33,150,4,187,0,13,79,11,103,0,46,229,15,290,148,0,148,438
09/14/2004,SUS,MO,ACE,CE,Towers with Display (VFR),0,33,169,5,207,0,0,131,4,135,0,33,300,9,342,206,0,206,548
09/15/2004,SUS,MO,ACE,CE,Towers with Display (VFR),0,34,169,1,204,0,0,116,0,116,0,34,285,1,320,80,0,80,400
09/16/2004,SUS,MO,ACE,CE,Towers with Display (VFR),0,35,163,5,203,0,8,137,23,168,0,43,300,28,371,126,0,126,497
09/17/2004,SUS,MO,ACE,CE,Towers with Display (VFR),0,31,140,1,172,0,21,190,0,211,0,52,330,1,383,258,0,258,641
09/18/2004,SUS,MO,ACE,CE,Towers with Display (VFR),0,14,65,0,79,0,12,165,0,177,0,26,230,0,256,182,0,182,438
09/19/2004,SUS,MO,ACE,CE,Towers with Display (VFR),0,18,85,0,103,0,25,266,0,291,0,43,351,0,394,162,0,162,556
09/20/2004,SUS,MO,ACE,CE,Towers with Display (VFR),0,27,128,4,159,0,16,193,6,215,0,43,321,10,374,148,0,148,522
09/21/2004,SUS,MO,ACE,CE,Towers with Display (VFR),0,25,132,4,161,0,0,190,14,204,0,25,322,18,365,165,0,165,530
09/22/2004,SUS,MO,ACE,CE,Towers with Display (VFR),0,42,192,2,236,3,1,213,0,217,3,43,405,2,453,242,0,242,695
09/23/2004,SUS,MO,ACE,CE,Towers with Display (VFR),0,34,156,2,192,0,10,147,0,157,0,44,303,2,349,236,0,236,585
09/24/2004,SUS,MO,ACE,CE,Towers with Display (VFR),0,26,123,1,150,0,20,144,0,164,0,46,267,1,314,176,0,176,490
09/25/2004,SUS,MO,ACE,CE,Towers with Display (VFR),0,16,73,0,89,0,4,244,0,248,0,20,317,0,337,260,0,260,597
09/26/2004,SUS,MO,ACE,CE,Towers with Display (VFR),0,16,72,1,89,0,17,218,0,235,0,33,290,1,324,136,0,136,460
09/27/2004,SUS,MO,ACE,CE,Towers with Display (VFR),0,23,144,0,167,0,0,179,0,179,0,23,323,0,346,180,0,180,526
09/28/2004,SUS,MO,ACE,CE,Towers with Display (VFR),0,35,162,2,199,0,6,165,0,171,0,41,327,2,370,151,0,151,521
09/29/2004,SUS,MO,ACE,CE,Towers with Display (VFR),0,28,148,0,176,2,0,177,0,179,2,28,325,0,355,191,0,191,546
09/30/2004,SUS,MO,ACE,CE,Towers with Display (VFR),0,34,157,0,191,0,12,180,0,192,0,46,337,0,383,241,0,241,624
10/01/2004,SUS,MO,ACE,CE,Towers with Radar,0,26,111,0,137,0,7,133,0,140,0,33,244,0,277,171,0,171,448
10/02/2004,SUS,MO,ACE,CE,Towers with Radar,0,15,73,0,88,0,4,157,0,161,0,19,230,0,249,114,0,114,363
10/03/2004,SUS,MO,ACE,CE,Towers with Radar,0,30,89,4,123,0,4,286,1,291,0,34,375,5,414,286,0,286,700
10/04/2004,SUS,MO,ACE,CE,Towers with Radar,0,26,125,4,155,0,6,151,0,157,0,32,276,4,312,173,0,173,485
10/05/2004,SUS,MO,ACE,CE,Towers with Radar,0,27,160,6,193,0,5,152,1,158,0,32,312,7,351,238,0,238,589
10/06/2004,SUS,MO,ACE,CE,Towers with Radar,0,35,154,5,194,0,6,149,0,155,0,41,303,5,349,154,0,154,503
10/07/2004,SUS,MO,ACE,CE,Towers with Radar,2,25,116,0,143,0,10,118,4,132,2,35,234,4,275,194,0,194,469
10/08/2004,SUS,MO,ACE,CE,Towers with Radar,0,7,0,1,8,0,0,10,3,13,0,7,10,4,21,0,0,0,21
10/09/2004,SUS,MO,ACE,CE,Towers with Radar,0,26,100,1,127,0,1,76,0,77,0,27,176,1,204,207,0,207,411
10/10/2004,SUS,MO,ACE,CE,Towers with Radar,0,25,82,0,107,0,6,163,0,169,0,31,245,0,276,184,0,184,460
10/11/2004,SUS,MO,ACE,CE,Towers with Radar,1,28,147,1,177,0,4,126,0,130,1,32,273,1,307,128,0,128,435
10/12/2004,SUS,MO,ACE,CE,Towers with Radar,0,26,166,1,193,0,0,0,0,0,0,26,166,1,193,0,0,0,193
10/13/2004,SUS,MO,ACE,CE,Towers with Radar,2,26,157,0,185,0,6,72,2,80,2,32,229,2,265,102,0,102,367
10/14/2004,SUS,MO,ACE,CE,Towers with Radar,0,32,169,0,201,0,3,35,0,38,0,35,204,0,239,28,0,28,267
10/15/2004,SUS,MO,ACE,CE,Towers with Radar,0,32,156,0,188,0,6,171,0,177,0,38,327,0,365,236,0,236,601
10/16/2004,SUS,MO,ACE,CE,Towers with Radar,0,23,70,0,93,0,4,132,0,136,0,27,202,0,229,71,0,71,300
10/17/2004,SUS,MO,ACE,CE,Towers with Radar,0,21,120,4,145,0,6,291,1,298,0,27,411,5,443,310,0,310,753
10/18/2004,SUS,MO,ACE,CE,Towers with Radar,0,29,106,2,137,0,0,12,0,12,0,29,118,2,149,0,0,0,149
10/19/2004,SUS,MO,ACE,CE,Towers with Radar,0,36,156,0,192,0,0,0,0,0,0,36,156,0,192,0,0,0,192
10/20/2004,SUS,MO,ACE,CE,Towers with Radar,2,44,176,0,222,0,0,4,0,4,2,44,180,0,226,42,0,42,268
10/21/2004,SUS,MO,ACE,CE,Towers with Radar,0,33,156,1,190,0,3,30,0,33,0,36,186,1,223,64,0,64,287
10/22/2004,SUS,MO,ACE,CE,Towers with Radar,0,33,109,1,143,0,13,96,0,109,0,46,205,1,252,166,0,166,418
10/23/2004,SUS,MO,ACE,CE,Towers with Radar,0,26,61,1,88,0,7,102,0,109,0,33,163,1,197,82,0,82,279
10/24/2004,SUS,MO,ACE,CE,Towers with Radar,2,23,112,0,137,0,0,236,0,236,2,23,348,0,373,233,0,233,606
10/25/2004,SUS,MO,ACE,CE,Towers with Radar,0,32,131,0,163,0,4,178,2,184,0,36,309,2,347,325,0,325,672
10/26/2004,SUS,MO,ACE,CE,Towers with Radar,0,46,180,3,229,0,3,27,0,30,0,49,207,3,259,40,0,40,299
10/27/2004,SUS,MO,ACE,CE,Towers with Radar,1,45,175,0,221,0,0,0,0,0,1,45,175,0,221,0,0,0,221
10/28/2004,SUS,MO,ACE,CE,Towers with Radar,0,46,158,0,204,0,10,55,0,65,0,56,213,0,269,102,0,102,371
10/29/2004,SUS,MO,ACE,CE,Towers with Radar,0,44,131,0,175,0,4,117,2,123,0,48,248,2,298,133,0,133,431
10/30/2004,SUS,MO,ACE,CE,Towers with Radar,0,15,46,0,61,0,7,171,0,178,0,22,217,0,239,115,0,115,354
10/31/2004,SUS,MO,ACE,CE,Towers with Radar,0,17,81,0,98,0,3,185,0,188,0,20,266,0,286,282,0,282,568
11/01/2004,SUS,MO,ACE,CE,Towers with Radar,0,37,117,0,154,0,0,14,0,14,0,37,131,0,168,0,0,0,168
11/02/2004,SUS,MO,ACE,CE,Towers with Radar,0,25,145,4,174,0,3,39,0,42,0,28,184,4,216,13,0,13,229
11/03/2004,SUS,MO,ACE,CE,Towers with Radar,0,37,137,0,174,0,1,13,0,14,0,38,150,0,188,64,0,64,252
11/04/2004,SUS,MO,ACE,CE,Towers with Radar,0,39,145,3,187,4,3,110,1,118,4,42,255,4,305,81,0,81,386
11/05/2004,SUS,MO,ACE,CE,Towers with Radar,0,39,122,3,164,0,6,246,2,254,0,45,368,5,418,235,0,235,653
11/06/2004,SUS,MO,ACE,CE,Towers with Radar,0,13,59,1,73,0,14,299,0,313,0,27,358,1,386,292,0,292,678
11/07/2004,SUS,MO,ACE,CE,Towers with Radar,0,28,74,0,102,0,0,229,1,230,0,28,303,1,332,200,0,200,532
11/08/2004,SUS,MO,ACE,CE,Towers with Radar,0,47,122,0,169,0,7,195,0,202,0,54,317,0,371,329,0,329,700
11/09/2004,SUS,MO,ACE,CE,Towers with Radar,0,48,128,0,176,0,14,188,0,202,0,62,316,0,378,290,0,290,668
11/10/2004,SUS,MO,ACE,CE,Towers with Radar,0,33,159,3,195,0,10,146,1,157,0,43,305,4,352,141,0,141,493
11/11/2004,SUS,MO,ACE,CE,Towers with Radar,0,29,101,0,130,0,1,6,0,7,0,30,107,0,137,0,0,0,137
11/12/2004,SUS,MO,ACE,CE,Towers with Radar,0,25,122,0,147,0,4,179,0,183,0,29,301,0,330,263,0,263,593
11/13/2004,SUS,MO,ACE,CE,Towers with Radar,0,13,80,0,93,0,12,279,0,291,0,25,359,0,384,288,0,288,672
11/14/2004,SUS,MO,ACE,CE,Towers with Radar,0,22,90,0,112,0,1,157,0,158,0,23,247,0,270,268,0,268,538
11/15/2004,SUS,MO,ACE,CE,Towers with Radar,0,34,98,0,132,0,6,102,0,108,0,40,200,0,240,124,0,124,364
11/16/2004,SUS,MO,ACE,CE,Towers with Radar,0,30,175,0,205,0,0,45,0,45,0,30,220,0,250,40,0,40,290
11/17/2004,SUS,MO,ACE,CE,Towers with Radar,0,40,118,1,159,0,7,119,1,127,0,47,237,2,286,214,0,214,500
11/18/2004,SUS,MO,ACE,CE,Towers with Radar,0,29,159,1,189,0,2,28,0,30,0,31,187,1,219,76,0,76,295
11/19/2004,SUS,MO,ACE,CE,Towers with Radar,0,29,135,0,164,0,1,86,0,87,0,30,221,0,251,177,0,177,428
11/20/2004,SUS,MO,ACE,CE,Towers with Radar,0,16,93,0,109,0,12,121,0,133,0,28,214,0,242,257,0,257,499
11/21/2004,SUS,MO,ACE,CE,Towers with Radar,0,22,98,0,120,0,0,115,0,115,0,22,213,0,235,238,0,238,473
11/22/2004,SUS,MO,ACE,CE,Towers with Radar,0,19,144,0,163,0,0,3,0,3,0,19,147,0,166,39,0,39,205
11/23/2004,SUS,MO,ACE,CE,Towers with Radar,0,49,157,1,207,0,1,0,1,2,0,50,157,2,209,0,0,0,209
11/24/2004,SUS,MO,ACE,CE,Towers with Radar,0,29,73,0,102,0,0,3,0,3,0,29,76,0,105,0,0,0,105
11/25/2004,SUS,MO,ACE,CE,Towers with Radar,0,20,49,0,69,0,6,66,0,72,0,26,115,0,141,22,0,22,163
11/26/2004,SUS,MO,ACE,CE,Towers with Radar,0,8,48,0,56,0,1,208,4,213,0,9,256,4,269,243,0,243,512
11/27/2004,SUS,MO,ACE,CE,Towers with Radar,0,22,65,0,87,0,2,11,0,13,0,24,76,0,100,20,0,20,120
11/28/2004,SUS,MO,ACE,CE,Towers with Radar,0,31,126,0,157,0,3,198,0,201,0,34,324,0,358,177,0,177,535
11/29/2004,SUS,MO,ACE,CE,Towers with Radar,0,49,117,0,166,0,0,3,0,3,0,49,120,0,169,0,0,0,169
11/30/2004,SUS,MO,ACE,CE,Towers with Radar,0,20,115,1,136,0,5,0,0,5,0,25,115,1,141,0,0,0,141
12/01/2004,SUS,MO,ACE,CE,Towers with Radar,0,67,148,3,218,0,14,219,2,235,0,81,367,5,453,276,0,276,729
12/02/2004,SUS,MO,ACE,CE,Towers with Radar,0,41,128,0,169,0,12,208,0,220,0,53,336,0,389,219,0,219,608
12/03/2004,SUS,MO,ACE,CE,Towers with Radar,2,32,128,0,162,0,0,199,0,199,2,32,327,0,361,187,0,187,548
12/04/2004,SUS,MO,ACE,CE,Towers with Radar,0,17,78,0,95,0,6,205,0,211,0,23,283,0,306,275,0,275,581
12/05/2004,SUS,MO,ACE,CE,Towers with Radar,0,15,87,3,105,0,4,94,0,98,0,19,181,3,203,137,0,137,340
12/06/2004,SUS,MO,ACE,CE,Towers with Radar,0,25,95,1,121,0,1,62,0,63,0,26,157,1,184,175,0,175,359
12/07/2004,SUS,MO,ACE,CE,Towers with Radar,0,26,129,0,155,0,11,65,0,76,0,37,194,0,231,118,0,118,349
12/08/2004,SUS,MO,ACE,CE,Towers with Radar,1,30,132,0,163,0,6,175,2,183,1,36,307,2,346,298,0,298,644
12/09/2004,SUS,MO,ACE,CE,Towers with Radar,0,26,184,0,210,0,4,141,2,147,0,30,325,2,357,177,0,177,534
12/10/2004,SUS,MO,ACE,CE,Towers with Radar,0,29,116,0,145,0,1,32,0,33,0,30,148,0,178,2,0,2,180
12/11/2004,SUS,MO,ACE,CE,Towers with Radar,0,15,45,0,60,0,2,64,0,66,0,17,109,0,126,310,0,310,436
12/12/2004,SUS,MO,ACE,CE,Towers with Radar,0,16,60,2,78,0,4,120,1,125,0,20,180,3,203,118,6,124,327
12/13/2004,SUS,MO,ACE,CE,Towers with Radar,0,43,136,1,180,0,9,71,0,80,0,52,207,1,260,14,0,14,274
12/14/2004,SUS,MO,ACE,CE,Towers with Radar,0,24,147,0,171,0,10,190,0,200,0,34,337,0,371,222,0,222,593
12/15/2004,SUS,MO,ACE,CE,Towers with Radar,0,34,158,0,192,0,14,155,2,171,0,48,313,2,363,238,0,238,601
12/16/2004,SUS,MO,ACE,CE,Towers with Radar,0,27,144,4,175,0,7,188,14,209,0,34,332,18,384,196,0,196,580
12/17/2004,SUS,MO,ACE,CE,Towers with Radar,0,35,136,0,171,0,7,217,0,224,0,42,353,0,395,293,0,293,688
12/18/2004,SUS,MO,ACE,CE,Towers with Radar,2,11,74,0,87,0,8,181,0,189,2,19,255,0,276,270,0,270,546
12/19/2004,SUS,MO,ACE,CE,Towers with Radar,0,19,63,0,82,0,0,66,0,66,0,19,129,0,148,33,0,33,181
12/20/2004,SUS,MO,ACE,CE,Towers with Radar,0,28,101,0,129,0,7,69,1,77,0,35,170,1,206,32,0,32,238
12/21/2004,SUS,MO,ACE,CE,Towers with Radar,0,21,134,4,159,0,7,213,1,221,0,28,347,5,380,212,0,212,592
12/22/2004,SUS,MO,ACE,CE,Towers with Radar,0,15,77,0,92,0,6,73,0,79,0,21,150,0,171,90,0,90,261
12/23/2004,SUS,MO,ACE,CE,Towers with Radar,0,33,73,2,108,0,8,118,0,126,0,41,191,2,234,151,0,151,385
12/24/2004,SUS,MO,ACE,CE,Towers with Radar,0,15,42,0,57,0,5,95,0,100,0,20,137,0,157,98,0,98,255
12/25/2004,SUS,MO,ACE,CE,Towers with Radar,0,13,20,0,33,0,3,32,0,35,0,16,52,0,68,0,0,0,68
12/26/2004,SUS,MO,ACE,CE,Towers with Radar,0,28,98,0,126,0,4,139,0,143,0,32,237,0,269,188,0,188,457
12/27/2004,SUS,MO,ACE,CE,Towers with Radar,0,36,110,0,146,0,1,156,0,157,0,37,266,0,303,98,0,98,401
12/28/2004,SUS,MO,ACE,CE,Towers with Radar,0,25,98,0,123,0,12,175,4,191,0,37,273,4,314,220,0,220,534
12/29/2004,SUS,MO,ACE,CE,Towers with Radar,0,24,118,0,142,0,8,209,0,217,0,32,327,0,359,241,0,241,600
12/30/2004,SUS,MO,ACE,CE,Towers with Radar,0,20,69,0,89,0,4,60,0,64,0,24,129,0,153,45,0,45,198
12/31/2004,SUS,MO,ACE,CE,Towers with Radar,0,14,69,0,83,0,9,199,0,208,0,23,268,0,291,330,0,330,621
01/01/2005,SUS,MO,ACE,CE,Towers with Radar,0,17,18,0,35,0,2,3,0,5,0,19,21,0,40,0,0,0,40
01/02/2005,SUS,MO,ACE,CE,Towers with Radar,0,23,79,0,102,0,1,41,0,42,0,24,120,0,144,180,0,180,324
01/03/2005,SUS,MO,ACE,CE,Towers with Radar,0,28,54,0,82,0,0,0,0,0,0,28,54,0,82,0,0,0,82
01/04/2005,SUS,MO,ACE,CE,Towers with Radar,0,18,64,0,82,0,0,1,0,1,0,18,65,0,83,0,0,0,83
01/05/2005,SUS,MO,ACE,CE,Towers with Radar,0,27,47,0,74,0,0,0,0,0,0,27,47,0,74,0,0,0,74
01/06/2005,SUS,MO,ACE,CE,Towers with Radar,1,26,96,0,123,0,3,42,0,45,1,29,138,0,168,36,0,36,204
01/07/2005,SUS,MO,ACE,CE,Towers with Radar,0,25,97,0,122,0,2,125,0,127,0,27,222,0,249,168,0,168,417
01/08/2005,SUS,MO,ACE,CE,Towers with Radar,0,16,50,0,66,0,4,25,0,29,0,20,75,0,95,179,0,179,274
01/09/2005,SUS,MO,ACE,CE,Towers with Radar,0,17,90,0,107,0,0,164,0,164,0,17,254,0,271,187,0,187,458
01/10/2005,SUS,MO,ACE,CE,Towers with Radar,0,39,80,0,119,0,0,0,0,0,0,39,80,0,119,0,0,0,119
01/11/2005,SUS,MO,ACE,CE,Towers with Radar,0,26,98,0,124,0,0,0,0,0,0,26,98,0,124,0,0,0,124
01/12/2005,SUS,MO,ACE,CE,Towers with Radar,2,38,97,0,137,1,12,67,0,80,3,50,164,0,217,45,0,45,262
01/13/2005,SUS,MO,ACE,CE,Towers with Radar,0,33,90,0,123,0,1,7,2,10,0,34,97,2,133,0,0,0,133
01/14/2005,SUS,MO,ACE,CE,Towers with Radar,0,25,119,2,146,0,4,129,0,133,0,29,248,2,279,99,0,99,378
01/15/2005,SUS,MO,ACE,CE,Towers with Radar,0,25,100,0,125,0,1,74,0,75,0,26,174,0,200,182,0,182,382
01/16/2005,SUS,MO,ACE,CE,Towers with Radar,0,17,70,0,87,0,7,112,0,119,0,24,182,0,206,196,0,196,402
01/17/2005,SUS,MO,ACE,CE,Towers with Radar,0,34,114,1,149,0,2,152,0,154,0,36,266,1,303,172,0,172,475
01/18/2005,SUS,MO,ACE,CE,Towers with Radar,0,35,129,1,165,0,3,136,0,139,0,38,265,1,304,148,0,148,452
01/19/2005,SUS,MO,ACE,CE,Towers with Radar,1,27,155,0,183,0,2,139,0,141,1,29,294,0,324,146,0,146,470
01/20/2005,SUS,MO,ACE,CE,Towers with Radar,0,27,135,3,165,0,4,140,0,144,0,31,275,3,309,144,0,144,453
01/21/2005,SUS,MO,ACE,CE,Towers with Radar,0,19,109,0,128,0,3,39,0,42,0,22,148,0,170,140,0,140,310
01/22/2005,SUS,MO,ACE,CE,Towers with Radar,0,12,25,0,37,0,2,5,0,7,0,14,30,0,44,0,0,0,44
01/23/2005,SUS,MO,ACE,CE,Towers with Radar,0,27,69,0,96,0,4,169,0,173,0,31,238,0,269,165,0,165,434
01/24/2005,SUS,MO,ACE,CE,Towers with Radar,2,30,110,0,142,0,1,139,0,140,2,31,249,0,282,140,0,140,422
01/25/2005,SUS,MO,ACE,CE,Towers with Radar,0,40,127,0,167,0,5,199,0,204,0,45,326,0,371,176,0,176,547
01/26/2005,SUS,MO,ACE,CE,Towers with Radar,0,35,139,0,174,0,3,76,0,79,0,38,215,0,253,91,0,91,344
01/27/2005,SUS,MO,ACE,CE,Towers with Radar,0,48,157,2,207,0,7,95,0,102,0,55,252,2,309,136,0,136,445
01/28/2005,SUS,MO,ACE,CE,Towers with Radar,0,31,135,0,166,0,6,112,0,118,0,37,247,0,284,193,0,193,477
01/29/2005,SUS,MO,ACE,CE,Towers with Radar,0,14,29,0,43,0,0,0,0,0,0,14,29,0,43,0,0,0,43
01/30/2005,SUS,MO,ACE,CE,Towers with Radar,0,15,61,0,76,0,4,110,0,114,0,19,171,0,190,186,0,186,376
01/31/2005,SUS,MO,ACE,CE,Towers with Radar,0,23,102,0,125,0,5,53,0,58,0,28,155,0,183,124,0,124,307
02/01/2005,SUS,MO,ACE,CE,Towers with Radar,0,17,151,2,170,0,3,156,4,163,0,20,307,6,333,107,0,107,440
02/02/2005,SUS,MO,ACE,CE,Towers with Radar,1,28,137,0,166,0,0,21,0,21,1,28,158,0,187,26,0,26,213
02/03/2005,SUS,MO,ACE,CE,Towers with Radar,0,37,193,4,234,0,2,54,0,56,0,39,247,4,290,56,0,56,346
02/04/2005,SUS,MO,ACE,CE,Towers with Radar,0,34,135,3,172,0,6,179,0,185,0,40,314,3,357,278,0,278,635
02/05/2005,SUS,MO,ACE,CE,Towers with Radar,0,20,83,0,103,0,4,209,2,215,0,24,292,2,318,114,0,114,432
02/06/2005,SUS,MO,ACE,CE,Towers with Radar,0,21,66,0,87,0,3,60,0,63,0,24,126,0,150,116,0,116,266
02/07/2005,SUS,MO,ACE,CE,Towers with Radar,0,30,135,0,165,0,0,13,0,13,0,30,148,0,178,12,0,12,190
02/08/2005,SUS,MO,ACE,CE,Towers with Radar,0,38,72,0,110,0,1,1,0,2,0,39,73,0,112,8,0,8,120
02/09/2005,SUS,MO,ACE,CE,Towers with Radar,0,30,97,0,127,0,1,10,1,12,0,31,107,1,139,30,0,30,169
02/10/2005,SUS,MO,ACE,CE,Towers with Radar,0,29,172,2,203,0,0,131,6,137,0,29,303,8,340,111,10,121,461
02/11/2005,SUS,MO,ACE,CE,Towers with Radar,0,21,137,0,158,0,1,211,1,213,0,22,348,1,371,257,0,257,628
02/12/2005,SUS,MO,ACE,CE,Towers with Radar,0,12,66,1,79,0,12,225,1,238,0,24,291,2,317,318,0,318,635
02/13/2005,SUS,MO,ACE,CE,Towers with Radar,0,14,49,0,63,0,0,0,0,0,0,14,49,0,63,18,0,18,81
02/14/2005,SUS,MO,ACE,CE,Towers with Radar,0,15,85,0,100,0,4,88,1,93,0,19,173,1,193,57,0,57,250
02/15/2005,SUS,MO,ACE,CE,Towers with Radar,0,19,122,2,143,0,1,165,0,166,0,20,287,2,309,121,0,121,430
02/16/2005,SUS,MO,ACE,CE,Towers with Radar,2,34,127,6,169,0,5,178,0,183,2,39,305,6,352,114,0,114,466
02/17/2005,SUS,MO,ACE,CE,Towers with Radar,0,27,157,0,184,0,10,170,0,180,0,37,327,0,364,188,0,188,552
02/18/2005,SUS,MO,ACE,CE,Towers with Radar,0,39,153,2,194,0,6,226,0,232,0,45,379,2,426,274,0,274,700
02/19/2005,SUS,MO,ACE,CE,Towers with Radar,0,18,60,0,78,0,0,62,0,62,0,18,122,0,140,140,0,140,280
02/20/2005,SUS,MO,ACE,CE,Towers with Radar,0,29,57,2,88,0,9,89,0,98,0,38,146,2,186,102,0,102,288
02/21/2005,SUS,MO,ACE,CE,Towers with Radar,0,58,112,0,170,0,10,58,0,68,0,68,170,0,238,195,0,195,433
02/22/2005,SUS,MO,ACE,CE,Towers with Radar,0,29,141,0,170,0,1,72,0,73,0,30,213,0,243,160,0,160,403
02/23/2005,SUS,MO,ACE,CE,Towers with Radar,0,32,133,0,165,0,1,86,0,87,0,33,219,0,252,152,0,152,404
02/24/2005,SUS,MO,ACE,CE,Towers with Radar,0,44,170,0,214,0,3,52,0,55,0,47,222,0,269,102,0,102,371
02/25/2005,SUS,MO,ACE,CE,Towers with Radar,0,25,119,0,144,0,1,172,0,173,0,26,291,0,317,122,0,122,439
02/26/2005,SUS,MO,ACE,CE,Towers with Radar,0,16,81,0,97,0,9,274,0,283,0,25,355,0,380,348,0,348,728
02/27/2005,SUS,MO,ACE,CE,Towers with Radar,0,21,69,0,90,0,7,113,0,120,0,28,182,0,210,268,0,268,478
02/28/2005,SUS,MO,ACE,CE,Towers with Radar,0,35,115,0,150,0,6,25,0,31,0,41,140,0,181,44,0,44,225
03/01/2005,SUS,MO,ACE,CE,Towers with Radar,0,21,139,0,160,0,4,111,0,115,0,25,250,0,275,113,0,113,388
03/02/2005,SUS,MO,ACE,CE,Towers with Radar,0,35,166,0,201,0,6,178,0,184,0,41,344,0,385,200,0,200,585
03/03/2005,SUS,MO,ACE,CE,Towers with Radar,0,30,133,3,166,0,2,161,0,163,0,32,294,3,329,170,0,170,499
03/04/2005,SUS,MO,ACE,CE,Towers with Radar,0,29,131,2,162,0,0,201,0,201,0,29,332,2,363,186,4,190,553
03/05/2005,SUS,MO,ACE,CE,Towers with Radar,0,10,86,0,96,0,9,224,0,233,0,19,310,0,329,185,0,185,514
03/06/2005,SUS,MO,ACE,CE,Towers with Radar,0,21,74,1,96,0,8,208,0,216,0,29,282,1,312,146,0,146,458
03/07/2005,SUS,MO,ACE,CE,Towers with Radar,0,22,103,1,126,0,8,85,0,93,0,30,188,1,219,26,0,26,245
03/08/2005,SUS,MO,ACE,CE,Towers with Radar,0,27,123,0,150,0,5,147,0,152,0,32,270,0,302,89,0,89,391
03/09/2005,SUS,MO,ACE,CE,Towers with Radar,0,27,114,0,141,0,8,135,0,143,0,35,249,0,284,89,0,89,373
03/10/2005,SUS,MO,ACE,CE,Towers with Radar,0,29,108,0,137,0,1,55,0,56,0,30,163,0,193,12,0,12,205
03/11/2005,SUS,MO,ACE,CE,Towers with Radar,0,17,84,0,101,0,7,69,0,76,0,24,153,0,177,14,0,14,191
03/12/2005,SUS,MO,ACE,CE,Towers with Radar,0,17,57,4,78,0,4,218,1,223,0,21,275,5,301,326,0,326,627
03/13/2005,SUS,MO,ACE,CE,Towers with Radar,0,28,71,4,103,0,2,190,0,192,0,30,261,4,295,250,0,250,545
03/14/2005,SUS,MO,ACE,CE,Towers with Radar,0,29,85,0,114,0,11,158,0,169,0,40,243,0,283,70,0,70,353
03/15/2005,SUS,MO,ACE,CE,Towers with Radar,0,37,128,2,167,0,11,169,12,192,0,48,297,14,359,177,0,177,536
03/16/2005,SUS,MO,ACE,CE,Towers with Radar,0,32,120,4,156,0,3,180,13,196,0,35,300,17,352,203,0,203,555
03/17/2005,SUS,MO,ACE,CE,Towers with Radar,0,42,120,1,163,0,1,163,2,166,0,43,283,3,329,206,0,206,535
03/18/2005,SUS,MO,ACE,CE,Towers with Radar,0,32,105,0,137,0,1,74,0,75,0,33,179,0,212,13,0,13,225
03/19/2005,SUS,MO,ACE,CE,Towers with Radar,0,32,84,2,118,0,2,106,0,108,0,34,190,2,226,161,0,161,387
03/20/2005,SUS,MO,ACE,CE,Towers with Radar,0,26,93,2,121,0,2,219,1,222,0,28,312,3,343,197,0,197,540
03/21/2005,SUS,MO,ACE,CE,Towers with Radar,0,36,88,0,124,0,9,104,0,113,0,45,192,0,237,166,0,166,403
03/22/2005,SUS,MO,ACE,CE,Towers with Radar,0,23,76,0,99,0,1,2,0,3,0,24,78,0,102,0,0,0,102
03/23/2005,SUS,MO,ACE,CE,Towers with Radar,0,31,168,0,199,0,1,6,0,7,0,32,174,0,206,18,0,18,224
03/24/2005,SUS,MO,ACE,CE,Towers with Radar,0,36,143,0,179,0,9,61,0,70,0,45,204,0,249,139,0,139,388
03/25/2005,SUS,MO,ACE,CE,Towers with Radar,0,31,101,0,132,0,0,3,0,3,0,31,104,0,135,0,0,0,135
03/26/2005,SUS,MO,ACE,CE,Towers with Radar,0,14,63,1,78,0,2,11,0,13,0,16,74,1,91,68,0,68,159
03/27/2005,SUS,MO,ACE,CE,Towers with Radar,0,24,49,0,73,0,4,51,0,55,0,28,100,0,128,90,0,90,218
03/28/2005,SUS,MO,ACE,CE,Towers with Radar,0,39,151,1,191,0,14,204,0,218,0,53,355,1,409,216,0,216,625
03/29/2005,SUS,MO,ACE,CE,Towers with Radar,0,30,142,0,172,0,7,147,0,154,0,37,289,0,326,86,0,86,412
03/30/2005,SUS,MO,ACE,CE,Towers with Radar,0,32,117,0,149,0,4,73,0,77,0,36,190,0,226,8,0,8,234
03/31/2005,SUS,MO,ACE,CE,Towers with Radar,0,31,145,0,176,0,4,200,0,204,0,35,345,0,380,142,0,142,522
04/01/2005,SUS,MO,ACE,CE,Towers with Radar,0,32,119,0,151,0,7,129,0,136,0,39,248,0,287,106,0,106,393
04/02/2005,SUS,MO,ACE,CE,Towers with Radar,0,27,122,0,149,0,6,187,2,195,0,33,309,2,344,178,0,178,522
04/03/2005,SUS,MO,ACE,CE,Towers with Radar,0,33,129,0,162,0,8,253,0,261,0,41,382,0,423,292,0,292,715
04/04/2005,SUS,MO,ACE,CE,Towers with Radar,0,47,138,0,185,0,4,111,0,115,0,51,249,0,300,104,0,104,404
04/05/2005,SUS,MO,ACE,CE,Towers with Radar,0,41,162,0,203,0,3,95,0,98,0,44,257,0,301,64,0,64,365
04/06/2005,SUS,MO,ACE,CE,Towers with Radar,0,41,147,0,188,0,2,104,0,106,0,43,251,0,294,174,0,174,468
04/07/2005,SUS,MO,ACE,CE,Towers with Radar,0,36,132,0,168,0,3,22,0,25,0,39,154,0,193,69,0,69,262
04/08/2005,SUS,MO,ACE,CE,Towers with Radar,0,31,154,3,188,0,4,209,3,216,0,35,363,6,404,304,0,304,708
04/09/2005,SUS,MO,ACE,CE,Towers with Radar,1,25,88,7,121,0,8,241,0,249,1,33,329,7,370,258,0,258,628
04/10/2005,SUS,MO,ACE,CE,Towers with Radar,0,17,85,0,102,0,5,110,0,115,0,22,195,0,217,56,0,56,273
04/11/2005,SUS,MO,ACE,CE,Towers with Radar,1,26,81,2,110,0,6,11,0,17,1,32,92,2,127,38,0,38,165
04/12/2005,SUS,MO,ACE,CE,Towers with Radar,0,26,138,1,165,0,3,80,0,83,0,29,218,1,248,133,0,133,381
04/13/2005,SUS,MO,ACE,CE,Towers with Radar,0,35,143,0,178,0,5,73,2,80,0,40,216,2,258,38,0,38,296
04/14/2005,SUS,MO,ACE,CE,Towers with Radar,0,38,154,0,192,0,4,187,0,191,0,42,341,0,383,224,0,224,607
04/15/2005,SUS,MO,ACE,CE,Towers with Radar,0,19,139,1,159,0,6,238,1,245,0,25,377,2,404,287,0,287,691
04/16/2005,SUS,MO,ACE,CE,Towers with Radar,0,15,64,0,79,0,15,217,0,232,0,30,281,0,311,167,0,167,478
04/17/2005,SUS,MO,ACE,CE,Towers with Radar,0,30,87,0,117,0,3,210,0,213,0,33,297,0,330,319,0,319,649
04/18/2005,SUS,MO,ACE,CE,Towers with Radar,0,23,114,2,139,0,8,106,0,114,0,31,220,2,253,119,0,119,372
04/19/2005,SUS,MO,ACE,CE,Towers with Radar,0,17,117,0,134,0,5,121,0,126,0,22,238,0,260,54,0,54,314
04/20/2005,SUS,MO,ACE,CE,Towers with Radar,0,42,137,1,180,0,3,149,1,153,0,45,286,2,333,116,0,116,449
04/21/2005,SUS,MO,ACE,CE,Towers with Radar,1,16,142,0,159,1,3,24,0,28,2,19,166,0,187,118,0,118,305
04/22/2005,SUS,MO,ACE,CE,Towers with Radar,0,34,114,6,154,0,4,49,0,53,0,38,163,6,207,68,0,68,275
04/23/2005,SUS,MO,ACE,CE,Towers with Radar,0,19,53,0,72,0,6,49,0,55,0,25,102,0,127,14,0,14,141
04/24/2005,SUS,MO,ACE,CE,Towers with Radar,0,29,76,0,105,0,3,123,0,126,0,32,199,0,231,74,0,74,305
04/25/2005,SUS,MO,ACE,CE,Towers with Radar,0,27,141,0,168,0,6,141,0,147,0,33,282,0,315,118,0,118,433
04/26/2005,SUS,MO,ACE,CE,Towers with Radar,0,35,139,0,174,0,7,110,0,117,0,42,249,0,291,160,0,160,451
04/27/2005,SUS,MO,ACE,CE,Towers with Radar,0,29,171,0,200,0,11,159,0,170,0,40,330,0,370,130,0,130,500
04/28/2005,SUS,MO,ACE,CE,Towers with Radar,1,27,124,1,153,1,2,22,0,25,2,29,146,1,178,13,0,13,191
04/29/2005,SUS,MO,ACE,CE,Towers with Radar,0,26,112,0,138,0,3,19,0,22,0,29,131,0,160,44,0,44,204
04/30/2005,SUS,MO,ACE,CE,Towers with Radar,0,13,79,0,92,0,7,168,0,175,0,20,247,0,267,62,0,62,329
05/01/2005,SUS,MO,ACE,CE,Towers with Radar,0,39,90,7,136,0,0,124,3,127,0,39,214,10,263,132,0,132,395
05/02/2005,SUS,MO,ACE,CE,Towers with Radar,0,24,121,0,145,0,5,129,0,134,0,29,250,0,279,90,0,90,369
05/03/2005,SUS,MO,ACE,CE,Towers with Radar,0,31,114,2,147,0,7,155,2,164,0,38,269,4,311,161,0,161,472
05/04/2005,SUS,MO,ACE,CE,Towers with Radar,0,24,185,11,220,0,9,233,0,242,0,33,418,11,462,108,0,108,570
05/05/2005,SUS,MO,ACE,CE,Towers with Radar,0,32,227,7,266,0,8,203,0,211,0,40,430,7,477,124,20,144,621
05/06/2005,SUS,MO,ACE,CE,Towers with Radar,0,41,119,4,164,0,10,241,3,254,0,51,360,7,418,155,0,155,573
05/07/2005,SUS,MO,ACE,CE,Towers with Radar,0,20,83,3,106,0,12,191,0,203,0,32,274,3,309,124,0,124,433
05/08/2005,SUS,MO,ACE,CE,Towers with Radar,0,21,63,1,85,0,12,119,0,131,0,33,182,1,216,98,0,98,314
05/09/2005,SUS,MO,ACE,CE,Towers with Radar,0,26,101,0,127,0,2,120,0,122,0,28,221,0,249,113,0,113,362
05/10/2005,SUS,MO,ACE,CE,Towers with Radar,0,18,146,1,165,0,8,160,2,170,0,26,306,3,335,168,0,168,503
05/11/2005,SUS,MO,ACE,CE,Towers with Radar,0,37,168,3,208,0,12,148,1,161,0,49,316,4,369,149,0,149,518
05/12/2005,SUS,MO,ACE,CE,Towers with Radar,0,44,153,1,198,0,10,100,0,110,0,54,253,1,308,148,0,148,456
05/13/2005,SUS,MO,ACE,CE,Towers with Radar,0,38,115,0,153,0,6,109,0,115,0,44,224,0,268,199,0,199,467
05/14/2005,SUS,MO,ACE,CE,Towers with Radar,0,13,60,1,74,0,10,102,0,112,0,23,162,1,186,192,0,192,378
05/15/2005,SUS,MO,ACE,CE,Towers with Radar,0,15,105,0,120,0,11,189,0,200,0,26,294,0,320,177,0,177,497
05/16/2005,SUS,MO,ACE,CE,Towers with Radar,0,32,126,0,158,0,3,188,0,191,0,35,314,0,349,266,0,266,615
05/17/2005,SUS,MO,ACE,CE,Towers with Radar,0,0,0,0,0,0,0,0,0,0,0,0,0,0,0,0,0,0,0
05/18/2005,SUS,MO,ACE,CE,Towers with Radar,2,19,154,6,181,0,6,156,8,170,2,25,310,14,351,178,0,178,529
05/19/2005,SUS,MO,ACE,CE,Towers with Radar,0,24,151,0,175,0,9,135,3,147,0,33,286,3,322,169,0,169,491
05/20/2005,SUS,MO,ACE,CE,Towers with Radar,0,29,164,0,193,0,1,99,0,100,0,30,263,0,293,210,0,210,503
05/21/2005,SUS,MO,ACE,CE,Towers with Radar,0,18,70,0,88,0,15,157,0,172,0,33,227,0,260,197,0,197,457
05/22/2005,SUS,MO,ACE,CE,Towers with Radar,0,27,92,0,119,0,6,99,1,106,0,33,191,1,225,176,0,176,401
05/23/2005,SUS,MO,ACE,CE,Towers with Radar,0,52,124,0,176,0,17,157,0,174,0,69,281,0,350,299,0,299,649
05/24/2005,SUS,MO,ACE,CE,Towers with Radar,0,32,128,2,162,0,16,177,2,195,0,48,305,4,357,214,0,214,571
05/25/2005,SUS,MO,ACE,CE,Towers with Radar,0,27,138,0,165,0,15,191,2,208,0,42,329,2,373,234,0,234,607
05/26/2005,SUS,MO,ACE,CE,Towers with Radar,0,40,162,4,206,0,9,174,3,186,0,49,336,7,392,132,0,132,524
05/27/2005,SUS,MO,ACE,CE,Towers with Radar,0,33,113,0,146,0,8,193,0,201,0,41,306,0,347,117,0,117,464
05/28/2005,SUS,MO,ACE,CE,Towers with Radar,0,12,66,0,78,0,3,233,0,236,0,15,299,0,314,249,0,249,563
05/29/2005,SUS,MO,ACE,CE,Towers with Radar,0,15,50,0,65,0,5,104,0,109,0,20,154,0,174,104,0,104,278
05/30/2005,SUS,MO,ACE,CE,Towers with Radar,0,23,101,0,124,0,6,150,0,156,0,29,251,0,280,147,0,147,427
05/31/2005,SUS,MO,ACE,CE,Towers with Radar,0,38,138,0,176,0,6,155,0,161,0,44,293,0,337,177,0,177,514
06/01/2005,SUS,MO,ACE,CE,Towers with Radar,0,29,124,0,153,0,8,174,0,182,0,37,298,0,335,164,0,164,499
06/02/2005,SUS,MO,ACE,CE,Towers with Radar,0,57,157,0,214,0,15,156,0,171,0,72,313,0,385,63,0,63,448
06/03/2005,SUS,MO,ACE,CE,Towers with Radar,0,43,159,0,202,0,3,211,2,216,0,46,370,2,418,287,0,287,705
06/04/2005,SUS,MO,ACE,CE,Towers with Radar,0,15,51,0,66,0,8,95,0,103,0,23,146,0,169,145,0,145,314
06/05/2005,SUS,MO,ACE,CE,Towers with Radar,0,23,89,0,112,0,3,121,0,124,0,26,210,0,236,66,0,66,302
06/06/2005,SUS,MO,ACE,CE,Towers with Radar,0,27,94,2,123,0,0,117,2,119,0,27,211,4,242,95,0,95,337
06/07/2005,SUS,MO,ACE,CE,Towers with Radar,0,30,114,2,146,0,9,155,1,165,0,39,269,3,311,218,0,218,529
06/08/2005,SUS,MO,ACE,CE,Towers with Radar,0,38,120,0,158,0,7,124,0,131,0,45,244,0,289,35,0,35,324
06/09/2005,SUS,MO,ACE,CE,Towers with Radar,0,49,167,0,216,1,7,138,0,146,1,56,305,0,362,106,0,106,468
06/10/2005,SUS,MO,ACE,CE,Towers with Radar,0,45,140,0,185,0,9,123,0,132,0,54,263,0,317,74,0,74,391
06/11/2005,SUS,MO,ACE,CE,Towers with Radar,0,24,55,0,79,0,4,89,0,93,0,28,144,0,172,120,0,120,292
06/12/2005,SUS,MO,ACE,CE,Towers with Radar,0,23,98,1,122,0,0,174,0,174,0,23,272,1,296,262,0,262,558
06/13/2005,SUS,MO,ACE,CE,Towers with Radar,0,36,140,0,176,0,6,94,0,100,0,42,234,0,276,164,0,164,440
06/14/2005,SUS,MO,ACE,CE,Towers with Radar,0,26,145,2,173,0,4,108,3,115,0,30,253,5,288,192,0,192,480
06/15/2005,SUS,MO,ACE,CE,Towers with Radar,0,50,139,0,189,0,11,203,0,214,0,61,342,0,403,216,0,216,619
06/16/2005,SUS,MO,ACE,CE,Towers with Radar,0,43,153,4,200,0,6,209,0,215,0,49,362,4,415,193,0,193,608
06/17/2005,SUS,MO,ACE,CE,Towers with Radar,0,27,130,7,164,0,9,244,0,253,0,36,374,7,417,181,0,181,598
06/18/2005,SUS,MO,ACE,CE,Towers with Radar,0,20,80,1,101,0,7,239,0,246,0,27,319,1,347,188,0,188,535
06/19/2005,SUS,MO,ACE,CE,Towers with Radar,0,48,82,2,132,0,6,196,0,202,0,54,278,2,334,296,0,296,630
06/20/2005,SUS,MO,ACE,CE,Towers with Radar,0,45,133,0,178,0,5,145,0,150,0,50,278,0,328,243,0,243,571
06/21/2005,SUS,MO,ACE,CE,Towers with Radar,0,33,129,0,162,0,8,173,0,181,0,41,302,0,343,275,0,275,618
06/22/2005,SUS,MO,ACE,CE,Towers with Radar,0,50,153,0,203,0,7,170,0,177,0,57,323,0,380,160,0,160,540
06/23/2005,SUS,MO,ACE,CE,Towers with Radar,0,46,152,1,199,0,5,161,1,167,0,51,313,2,366,232,0,232,598
06/24/2005,SUS,MO,ACE,CE,Towers with Radar,0,44,129,1,174,0,9,156,0,165,0,53,285,1,339,179,0,179,518
06/25/2005,SUS,MO,ACE,CE,Towers with Radar,0,22,69,0,91,0,16,118,0,134,0,38,187,0,225,152,0,152,377
06/26/2005,SUS,MO,ACE,CE,Towers with Radar,0,30,105,5,140,0,6,172,0,178,0,36,277,5,318,202,0,202,520
06/27/2005,SUS,MO,ACE,CE,Towers with Radar,0,40,127,0,167,0,12,112,0,124,0,52,239,0,291,128,0,128,419
06/28/2005,SUS,MO,ACE,CE,Towers with Radar,0,33,153,0,186,0,10,158,0,168,0,43,311,0,354,109,0,109,463
06/29/2005,SUS,MO,ACE,CE,Towers with Radar,0,31,175,0,206,0,18,155,0,173,0,49,330,0,379,180,0,180,559
06/30/2005,SUS,MO,ACE,CE,Towers with Radar,0,35,170,1,206,0,18,149,4,171,0,53,319,5,377,124,0,124,501
07/01/2005,SUS,MO,ACE,CE,Towers with Radar,3,35,135,0,173,0,6,204,0,210,3,41,339,0,383,148,0,148,531
07/02/2005,SUS,MO,ACE,CE,Towers with Radar,0,18,71,0,89,0,6,175,0,181,0,24,246,0,270,297,0,297,567
07/03/2005,SUS,MO,ACE,CE,Towers with Radar,0,17,57,0,74,0,7,150,0,157,0,24,207,0,231,147,0,147,378
07/04/2005,SUS,MO,ACE,CE,Towers with Radar,0,11,58,8,77,0,9,112,0,121,0,20,170,8,198,90,0,90,288
07/05/2005,SUS,MO,ACE,CE,Towers with Radar,0,30,114,2,146,0,9,146,0,155,0,39,260,2,301,106,0,106,407
07/06/2005,SUS,MO,ACE,CE,Towers with Radar,0,29,132,0,161,0,19,161,0,180,0,48,293,0,341,88,0,88,429
07/07/2005,SUS,MO,ACE,CE,Towers with Radar,0,33,137,0,170,0,7,185,0,192,0,40,322,0,362,101,0,101,463
07/08/2005,SUS,MO,ACE,CE,Towers with Radar,0,20,124,0,144,0,7,171,3,181,0,27,295,3,325,176,0,176,501
07/09/2005,SUS,MO,ACE,CE,Towers with Radar,0,16,73,6,95,0,7,163,0,170,0,23,236,6,265,251,0,251,516
07/10/2005,SUS,MO,ACE,CE,Towers with Radar,0,25,116,0,141,0,1,125,0,126,0,26,241,0,267,190,0,190,457
07/11/2005,SUS,MO,ACE,CE,Towers with Radar,0,29,98,0,127,0,4,70,0,74,0,33,168,0,201,96,0,96,297
07/12/2005,SUS,MO,ACE,CE,Towers with Radar,0,36,117,0,153,0,0,1,0,1,0,36,118,0,154,0,0,0,154
07/13/2005,SUS,MO,ACE,CE,Towers with Radar,1,29,123,0,153,0,5,62,0,67,1,34,185,0,220,140,0,140,360
07/14/2005,SUS,MO,ACE,CE,Towers with Radar,0,38,140,4,182,0,8,79,0,87,0,46,219,4,269,75,0,75,344
07/15/2005,SUS,MO,ACE,CE,Towers with Radar,0,32,164,6,202,0,1,83,0,84,0,33,247,6,286,150,0,150,436
07/16/2005,SUS,MO,ACE,CE,Towers with Radar,0,28,70,0,98,0,3,114,0,117,0,31,184,0,215,116,0,116,331
07/17/2005,SUS,MO,ACE,CE,Towers with Radar,0,36,81,0,117,0,7,123,0,130,0,43,204,0,247,145,0,145,392
07/18/2005,SUS,MO,ACE,CE,Towers with Radar,0,26,108,0,134,0,4,88,0,92,0,30,196,0,226,142,0,142,368
07/19/2005,SUS,MO,ACE,CE,Towers with Radar,0,36,129,0,165,0,17,144,0,161,0,53,273,0,326,196,0,196,522
07/20/2005,SUS,MO,ACE,CE,Towers with Radar,0,30,155,0,185,0,11,154,0,165,0,41,309,0,350,132,0,132,482
07/21/2005,SUS,MO,ACE,CE,Towers with Radar,0,40,146,0,186,0,6,182,0,188,0,46,328,0,374,150,0,150,524
07/22/2005,SUS,MO,ACE,CE,Towers with Radar,0,35,123,2,160,0,12,169,3,184,0,47,292,5,344,120,0,120,464
07/23/2005,SUS,MO,ACE,CE,Towers with Radar,0,14,82,9,105,0,3,123,0,126,0,17,205,9,231,226,8,234,465
07/24/2005,SUS,MO,ACE,CE,Towers with Radar,0,28,84,0,112,0,2,129,0,131,0,30,213,0,243,153,0,153,396
07/25/2005,SUS,MO,ACE,CE,Towers with Radar,0,36,140,1,177,0,8,133,0,141,0,44,273,1,318,82,0,82,400
07/26/2005,SUS,MO,ACE,CE,Towers with Radar,0,18,133,1,152,0,2,82,0,84,0,20,215,1,236,210,0,210,446
07/27/2005,SUS,MO,ACE,CE,Towers with Radar,0,46,122,1,169,0,16,145,1,162,0,62,267,2,331,235,0,235,566
07/28/2005,SUS,MO,ACE,CE,Towers with Radar,0,34,165,5,204,0,16,229,0,245,0,50,394,5,449,327,0,327,776
07/29/2005,SUS,MO,ACE,CE,Towers with Radar,0,39,146,13,198,0,12,171,0,183,0,51,317,13,381,202,4,206,587
07/30/2005,SUS,MO,ACE,CE,Towers with Radar,0,10,46,2,58,0,10,135,0,145,0,20,181,2,203,165,0,165,368
07/31/2005,SUS,MO,ACE,CE,Towers with Radar,0,28,128,8,164,0,5,131,14,150,0,33,259,22,314,107,5,112,426
08/01/2005,SUS,MO,ACE,CE,Towers with Radar,0,27,88,0,115,0,10,118,0,128,0,37,206,0,243,156,0,156,399
08/02/2005,SUS,MO,ACE,CE,Towers with Radar,0,32,141,0,173,0,13,183,0,196,0,45,324,0,369,92,0,92,461
08/03/2005,SUS,MO,ACE,CE,Towers with Radar,0,27,174,0,201,0,12,187,0,199,0,39,361,0,400,92,0,92,492
08/04/2005,SUS,MO,ACE,CE,Towers with Radar,0,43,159,0,202,0,0,133,1,134,0,43,292,1,336,85,0,85,421
08/05/2005,SUS,MO,ACE,CE,Towers with Radar,0,39,132,2,173,0,21,110,0,131,0,60,242,2,304,103,0,103,407
08/06/2005,SUS,MO,ACE,CE,Towers with Radar,0,22,65,0,87,0,1,179,0,180,0,23,244,0,267,220,0,220,487
08/07/2005,SUS,MO,ACE,CE,Towers with Radar,0,41,87,2,130,0,10,151,0,161,0,51,238,2,291,140,0,140,431
08/08/2005,SUS,MO,ACE,CE,Towers with Radar,0,29,120,2,151,0,5,102,0,107,0,34,222,2,258,92,0,92,350
08/09/2005,SUS,MO,ACE,CE,Towers with Radar,0,31,125,2,158,0,17,143,0,160,0,48,268,2,318,167,0,167,485
08/10/2005,SUS,MO,ACE,CE,Towers with Radar,0,50,145,1,196,0,10,147,2,159,0,60,292,3,355,103,0,103,458
08/11/2005,SUS,MO,ACE,CE,Towers with Radar,2,32,127,0,161,0,0,143,0,143,2,32,270,0,304,131,0,131,435
08/12/2005,SUS,MO,ACE,CE,Towers with Radar,0,29,126,0,155,0,0,111,0,111,0,29,237,0,266,195,0,195,461
08/13/2005,SUS,MO,ACE,CE,Towers with Radar,0,14,45,0,59,0,3,111,0,114,0,17,156,0,173,128,0,128,301
08/14/2005,SUS,MO,ACE,CE,Towers with Radar,0,29,103,0,132,0,1,2,0,3,0,30,105,0,135,8,0,8,143
08/15/2005,SUS,MO,ACE,CE,Towers with Radar,0,30,122,0,152,0,1,5,0,6,0,31,127,0,158,2,0,2,160
08/16/2005,SUS,MO,ACE,CE,Towers with Radar,0,44,153,0,197,0,11,89,0,100,0,55,242,0,297,182,0,182,479
08/17/2005,SUS,MO,ACE,CE,Towers with Radar,0,23,141,0,164,0,8,119,0,127,0,31,260,0,291,173,0,173,464
08/18/2005,SUS,MO,ACE,CE,Towers with Radar,0,36,131,0,167,0,8,136,0,144,0,44,267,0,311,212,0,212,523
08/19/2005,SUS,MO,ACE,CE,Towers with Radar,0,34,129,0,163,0,5,148,1,154,0,39,277,1,317,95,0,95,412
08/20/2005,SUS,MO,ACE,CE,Towers with Radar,0,26,65,0,91,0,4,144,0,148,0,30,209,0,239,133,0,133,372
08/21/2005,SUS,MO,ACE,CE,Towers with Radar,0,25,90,0,115,0,5,191,0,196,0,30,281,0,311,152,0,152,463
08/22/2005,SUS,MO,ACE,CE,Towers with Radar,0,20,97,1,118,0,15,108,0,123,0,35,205,1,241,116,0,116,357
08/23/2005,SUS,MO,ACE,CE,Towers with Radar,0,33,143,1,177,0,14,135,0,149,0,47,278,1,326,64,0,64,390
08/24/2005,SUS,MO,ACE,CE,Towers with Radar,0,36,138,0,174,0,10,111,2,123,0,46,249,2,297,147,0,147,444
08/25/2005,SUS,MO,ACE,CE,Towers with Radar,0,38,138,0,176,0,4,44,0,48,0,42,182,0,224,59,0,59,283
08/26/2005,SUS,MO,ACE,CE,Towers with Radar,2,25,125,0,152,0,1,40,0,41,2,26,165,0,193,32,0,32,225
08/27/2005,SUS,MO,ACE,CE,Towers with Radar,0,23,56,0,79,0,0,171,0,171,0,23,227,0,250,217,0,217,467
08/28/2005,SUS,MO,ACE,CE,Towers with Radar,2,23,104,0,129,0,0,177,0,177,2,23,281,0,306,94,0,94,400
08/29/2005,SUS,MO,ACE,CE,Towers with Radar,0,31,93,0,124,0,13,150,0,163,0,44,243,0,287,26,0,26,313
08/30/2005,SUS,MO,ACE,CE,Towers with Radar,0,37,153,2,192,0,10,146,1,157,0,47,299,3,349,34,0,34,383
08/31/2005,SUS,MO,ACE,CE,Towers with Radar,0,37,154,0,191,0,7,172,1,180,0,44,326,1,371,17,0,17,388
09/01/2005,SUS,MO,ACE,CE,Towers with Radar,0,18,140,8,166,0,2,162,7,171,0,20,302,15,337,41,6,47,384
09/02/2005,SUS,MO,ACE,CE,Towers with Radar,5,16,106,7,134,0,0,135,26,161,5,16,241,33,295,18,20,38,333
09/03/2005,SUS,MO,ACE,CE,Towers with Radar,0,13,37,0,50,0,3,167,0,170,0,16,204,0,220,58,0,58,278
09/04/2005,SUS,MO,ACE,CE,Towers with Radar,0,15,51,0,66,0,15,144,0,159,0,30,195,0,225,78,0,78,303
09/05/2005,SUS,MO,ACE,CE,Towers with Radar,0,23,63,2,88,0,9,111,8,128,0,32,174,10,216,14,0,14,230
09/06/2005,SUS,MO,ACE,CE,Towers with Radar,2,25,127,9,163,0,4,158,10,172,2,29,285,19,335,44,0,44,379
09/07/2005,SUS,MO,ACE,CE,Towers with Radar,1,34,132,0,167,0,2,124,0,126,1,36,256,0,293,92,0,92,385
09/08/2005,SUS,MO,ACE,CE,Towers with Radar,0,26,155,2,183,0,2,126,0,128,0,28,281,2,311,25,0,25,336
09/09/2005,SUS,MO,ACE,CE,Towers with Radar,0,40,165,5,210,0,7,164,1,172,0,47,329,6,382,180,0,180,562
09/10/2005,SUS,MO,ACE,CE,Towers with Radar,0,16,77,5,98,0,9,146,0,155,0,25,223,5,253,178,0,178,431
09/11/2005,SUS,MO,ACE,CE,Towers with Radar,0,30,135,0,165,0,8,113,0,121,0,38,248,0,286,75,0,75,361
09/12/2005,SUS,MO,ACE,CE,Towers with Radar,0,40,137,3,180,0,14,117,0,131,0,54,254,3,311,139,0,139,450
09/13/2005,SUS,MO,ACE,CE,Towers with Radar,0,34,132,6,172,0,17,152,1,170,0,51,284,7,342,119,0,119,461
09/14/2005,SUS,MO,ACE,CE,Towers with Radar,0,37,138,1,176,0,0,78,0,78,0,37,216,1,254,114,0,114,368
09/15/2005,SUS,MO,ACE,CE,Towers with Radar,0,50,142,2,194,0,0,27,0,27,0,50,169,2,221,16,0,16,237
09/16/2005,SUS,MO,ACE,CE,Towers with Radar,0,48,181,0,229,0,7,61,1,69,0,55,242,1,298,24,0,24,322
09/17/2005,SUS,MO,ACE,CE,Towers with Radar,0,20,55,4,79,0,1,195,0,196,0,21,250,4,275,222,4,226,501
09/18/2005,SUS,MO,ACE,CE,Towers with Radar,0,32,85,0,117,0,3,99,0,102,0,35,184,0,219,120,0,120,339
09/19/2005,SUS,MO,ACE,CE,Towers with Radar,0,23,90,0,113,0,2,60,0,62,0,25,150,0,175,152,0,152,327
09/20/2005,SUS,MO,ACE,CE,Towers with Radar,0,44,140,0,184,0,5,119,0,124,0,49,259,0,308,90,0,90,398
09/21/2005,SUS,MO,ACE,CE,Towers with Radar,0,37,141,0,178,0,10,174,1,185,0,47,315,1,363,137,0,137,500
09/22/2005,SUS,MO,ACE,CE,Towers with Radar,2,40,132,0,174,0,4,192,0,196,2,44,324,0,370,176,0,176,546
09/23/2005,SUS,MO,ACE,CE,Towers with Radar,1,40,128,6,175,0,10,81,0,91,1,50,209,6,266,58,0,58,324
09/24/2005,SUS,MO,ACE,CE,Towers with Radar,0,27,69,0,96,0,6,142,0,148,0,33,211,0,244,116,0,116,360
09/25/2005,SUS,MO,ACE,CE,Towers with Radar,0,37,67,0,104,0,0,4,0,4,0,37,71,0,108,0,0,0,108
09/26/2005,SUS,MO,ACE,CE,Towers with Radar,0,32,107,4,143,0,10,87,0,97,0,42,194,4,240,143,0,143,383
09/27/2005,SUS,MO,ACE,CE,Towers with Radar,0,30,157,0,187,0,12,157,0,169,0,42,314,0,356,167,0,167,523
09/28/2005,SUS,MO,ACE,CE,Towers with Radar,2,33,126,0,161,0,10,60,0,70,2,43,186,0,231,20,0,20,251
09/29/2005,SUS,MO,ACE,CE,Towers with Radar,1,33,157,0,191,0,7,197,0,204,1,40,354,0,395,178,0,178,573
09/30/2005,SUS,MO,ACE,CE,Towers with Radar,1,45,147,0,193,0,6,237,0,243,1,51,384,0,436,287,0,287,723
10/01/2005,SUS,MO,ACE,CE,Towers with Radar,0,12,70,0,82,0,6,185,0,191,0,18,255,0,273,86,0,86,359
10/02/2005,SUS,MO,ACE,CE,Towers with Radar,0,30,107,0,137,0,17,135,0,152,0,47,242,0,289,139,0,139,428
10/03/2005,SUS,MO,ACE,CE,Towers with Radar,1,25,131,0,157,0,9,126,0,135,1,34,257,0,292,155,0,155,447
10/04/2005,SUS,MO,ACE,CE,Towers with Radar,2,33,153,0,188,0,5,137,0,142,2,38,290,0,330,124,0,124,454
10/05/2005,SUS,MO,ACE,CE,Towers with Radar,1,22,143,0,166,0,4,96,0,100,1,26,239,0,266,86,0,86,352
10/06/2005,SUS,MO,ACE,CE,Towers with Radar,0,29,139,0,168,0,9,101,0,110,0,38,240,0,278,62,0,62,340
10/07/2005,SUS,MO,ACE,CE,Towers with Radar,0,26,112,4,142,0,9,157,0,166,0,35,269,4,308,160,0,160,468
10/08/2005,SUS,MO,ACE,CE,Towers with Radar,0,13,76,0,89,0,3,139,0,142,0,16,215,0,231,93,0,93,324
10/09/2005,SUS,MO,ACE,CE,Towers with Radar,0,29,85,0,114,0,4,155,0,159,0,33,240,0,273,66,0,66,339
10/10/2005,SUS,MO,ACE,CE,Towers with Radar,1,30,108,5,144,0,22,139,0,161,1,52,247,5,305,125,0,125,430
10/11/2005,SUS,MO,ACE,CE,Towers with Radar,0,34,126,4,164,0,3,68,0,71,0,37,194,4,235,192,0,192,427
10/12/2005,SUS,MO,ACE,CE,Towers with Radar,0,52,146,2,200,0,6,144,0,150,0,58,290,2,350,190,0,190,540
10/13/2005,SUS,MO,ACE,CE,Towers with Radar,0,40,176,0,216,0,2,166,0,168,0,42,342,0,384,272,0,272,656
10/14/2005,SUS,MO,ACE,CE,Towers with Radar,0,43,137,6,186,0,7,153,3,163,0,50,290,9,349,130,0,130,479
10/15/2005,SUS,MO,ACE,CE,Towers with Radar,0,16,72,5,93,0,9,149,15,173,0,25,221,20,266,158,0,158,424
10/16/2005,SUS,MO,ACE,CE,Towers with Radar,0,37,107,0,144,0,4,189,0,193,0,41,296,0,337,100,0,100,437
10/17/2005,SUS,MO,ACE,CE,Towers with Radar,0,24,116,0,140,0,1,119,0,120,0,25,235,0,260,65,0,65,325
10/18/2005,SUS,MO,ACE,CE,Towers with Radar,0,27,141,0,168,0,5,146,0,151,0,32,287,0,319,186,0,186,505
10/19/2005,SUS,MO,ACE,CE,Towers with Radar,2,22,126,4,154,0,7,156,0,163,2,29,282,4,317,166,2,168,485
10/20/2005,SUS,MO,ACE,CE,Towers with Radar,2,38,112,0,152,0,1,47,0,48,2,39,159,0,200,120,0,120,320
10/21/2005,SUS,MO,ACE,CE,Towers with Radar,0,35,129,0,164,0,3,23,0,26,0,38,152,0,190,34,0,34,224
10/22/2005,SUS,MO,ACE,CE,Towers with Radar,0,16,86,0,102,0,2,186,0,188,0,18,272,0,290,223,0,223,513
10/23/2005,SUS,MO,ACE,CE,Towers with Radar,0,30,43,0,73,0,6,65,0,71,0,36,108,0,144,100,0,100,244
10/24/2005,SUS,MO,ACE,CE,Towers with Radar,2,30,100,2,134,0,8,64,0,72,2,38,164,2,206,100,0,100,306
10/25/2005,SUS,MO,ACE,CE,Towers with Radar,0,43,149,0,192,0,5,127,0,132,0,48,276,0,324,162,0,162,486
10/26/2005,SUS,MO,ACE,CE,Towers with Radar,0,32,159,1,192,0,0,130,0,130,0,32,289,1,322,204,0,204,526
10/27/2005,SUS,MO,ACE,CE,Towers with Radar,0,28,148,0,176,0,5,146,0,151,0,33,294,0,327,138,0,138,465
10/28/2005,SUS,MO,ACE,CE,Towers with Radar,0,30,131,2,163,0,11,169,0,180,0,41,300,2,343,186,0,186,529
10/29/2005,SUS,MO,ACE,CE,Towers with Radar,0,13,60,0,73,0,4,183,0,187,0,17,243,0,260,158,0,158,418
10/30/2005,SUS,MO,ACE,CE,Towers with Radar,0,18,83,0,101,0,5,97,0,102,0,23,180,0,203,106,0,106,309
10/31/2005,SUS,MO,ACE,CE,Towers with Radar,0,15,76,0,91,0,0,3,0,3,0,15,79,0,94,16,0,16,110
11/01/2005,SUS,MO,ACE,CE,Towers with Radar,0,28,125,0,153,0,5,165,0,170,0,33,290,0,323,143,0,143,466
11/02/2005,SUS,MO,ACE,CE,Towers with Radar,0,29,119,0,148,0,6,166,0,172,0,35,285,0,320,172,0,172,492
11/03/2005,SUS,MO,ACE,CE,Towers with Radar,0,39,123,0,162,0,10,86,0,96,0,49,209,0,258,14,0,14,272
11/04/2005,SUS,MO,ACE,CE,Towers with Radar,0,39,138,0,177,0,15,170,0,185,0,54,308,0,362,177,0,177,539
11/05/2005,SUS,MO,ACE,CE,Towers with Radar,0,24,53,0,77,0,3,94,0,97,0,27,147,0,174,223,0,223,397
11/06/2005,SUS,MO,ACE,CE,Towers with Radar,0,30,87,0,117,0,5,172,1,178,0,35,259,1,295,229,0,229,524
11/07/2005,SUS,MO,ACE,CE,Towers with Radar,1,22,100,1,124,0,4,125,0,129,1,26,225,1,253,88,0,88,341
11/08/2005,SUS,MO,ACE,CE,Towers with Radar,2,32,127,2,163,0,6,152,0,158,2,38,279,2,321,120,0,120,441
11/09/2005,SUS,MO,ACE,CE,Towers with Radar,0,35,115,0,150,0,20,91,4,115,0,55,206,4,265,56,4,60,325
11/10/2005,SUS,MO,ACE,CE,Towers with Radar,0,26,123,3,152,0,8,191,2,201,0,34,314,5,353,147,0,147,500
11/11/2005,SUS,MO,ACE,CE,Towers with Radar,2,30,90,8,130,0,14,168,7,189,2,44,258,15,319,88,0,88,407
11/12/2005,SUS,MO,ACE,CE,Towers with Radar,1,19,44,5,69,0,4,39,0,43,1,23,83,5,112,8,0,8,120
11/13/2005,SUS,MO,ACE,CE,Towers with Radar,0,19,66,8,93,0,0,117,15,132,0,19,183,23,225,92,0,92,317
11/14/2005,SUS,MO,ACE,CE,Towers with Radar,0,36,130,0,166,0,4,43,0,47,0,40,173,0,213,12,0,12,225
11/15/2005,SUS,MO,ACE,CE,Towers with Radar,1,34,81,0,116,0,6,10,0,16,1,40,91,0,132,0,0,0,132
11/16/2005,SUS,MO,ACE,CE,Towers with Radar,2,36,120,0,158,0,9,64,0,73,2,45,184,0,231,4,0,4,235
11/17/2005,SUS,MO,ACE,CE,Towers with Radar,0,52,160,5,217,0,16,175,0,191,0,68,335,5,408,136,2,138,546
11/18/2005,SUS,MO,ACE,CE,Towers with Radar,2,30,113,0,145,0,15,154,1,170,2,45,267,1,315,193,0,193,508
11/19/2005,SUS,MO,ACE,CE,Towers with Radar,0,15,61,0,76,0,4,182,0,186,0,19,243,0,262,104,0,104,366
11/20/2005,SUS,MO,ACE,CE,Towers with Radar,0,18,75,0,93,0,1,88,0,89,0,19,163,0,182,258,0,258,440
11/21/2005,SUS,MO,ACE,CE,Towers with Radar,0,24,115,0,139,0,2,115,0,117,0,26,230,0,256,160,0,160,416
11/22/2005,SUS,MO,ACE,CE,Towers with Radar,0,44,140,0,184,0,4,134,0,138,0,48,274,0,322,169,0,169,491
11/23/2005,SUS,MO,ACE,CE,Towers with Radar,0,34,120,0,154,0,4,117,0,121,0,38,237,0,275,54,0,54,329
11/24/2005,SUS,MO,ACE,CE,Towers with Radar,2,11,28,0,41,0,3,28,0,31,2,14,56,0,72,0,0,0,72
11/25/2005,SUS,MO,ACE,CE,Towers with Radar,2,6,60,0,68,0,7,144,0,151,2,13,204,0,219,89,0,89,308
11/26/2005,SUS,MO,ACE,CE,Towers with Radar,0,26,76,0,102,0,10,133,0,143,0,36,209,0,245,100,0,100,345
11/27/2005,SUS,MO,ACE,CE,Towers with Radar,0,34,103,2,139,0,1,14,0,15,0,35,117,2,154,16,0,16,170
11/28/2005,SUS,MO,ACE,CE,Towers with Radar,0,33,110,0,143,0,5,23,0,28,0,38,133,0,171,4,0,4,175
11/29/2005,SUS,MO,ACE,CE,Towers with Radar,0,28,122,0,150,0,5,30,0,35,0,33,152,0,185,0,0,0,185
11/30/2005,SUS,MO,ACE,CE,Towers with Radar,0,23,136,0,159,0,6,97,0,103,0,29,233,0,262,110,0,110,372
12/01/2005,SUS,MO,ACE,CE,Towers with Radar,0,19,96,0,115,0,6,39,0,45,0,25,135,0,160,11,0,11,171
12/02/2005,SUS,MO,ACE,CE,Towers with Radar,0,23,110,5,138,0,14,189,3,206,0,37,299,8,344,182,8,190,534
12/03/2005,SUS,MO,ACE,CE,Towers with Radar,0,22,59,0,81,0,2,53,0,55,0,24,112,0,136,126,0,126,262
12/04/2005,SUS,MO,ACE,CE,Towers with Radar,0,27,74,1,102,0,3,28,0,31,0,30,102,1,133,86,0,86,219
12/05/2005,SUS,MO,ACE,CE,Towers with Radar,0,17,134,2,153,0,11,90,0,101,0,28,224,2,254,90,0,90,344
12/06/2005,SUS,MO,ACE,CE,Towers with Radar,0,26,119,0,145,0,12,72,0,84,0,38,191,0,229,113,0,113,342
12/07/2005,SUS,MO,ACE,CE,Towers with Radar,2,37,123,0,162,0,7,123,0,130,2,44,246,0,292,63,0,63,355
12/08/2005,SUS,MO,ACE,CE,Towers with Radar,0,24,110,0,134,0,3,10,0,13,0,27,120,0,147,0,0,0,147
12/09/2005,SUS,MO,ACE,CE,Towers with Radar,0,45,134,0,179,0,9,100,0,109,0,54,234,0,288,32,0,32,320
12/10/2005,SUS,MO,ACE,CE,Towers with Radar,0,26,74,0,100,0,3,94,0,97,0,29,168,0,197,118,0,118,315
12/11/2005,SUS,MO,ACE,CE,Towers with Radar,0,27,59,0,86,0,4,72,0,76,0,31,131,0,162,114,0,114,276
12/12/2005,SUS,MO,ACE,CE,Towers with Radar,1,28,113,0,142,0,0,74,0,74,1,28,187,0,216,130,0,130,346
12/13/2005,SUS,MO,ACE,CE,Towers with Radar,1,47,126,1,175,0,6,156,0,162,1,53,282,1,337,157,0,157,494
12/14/2005,SUS,MO,ACE,CE,Towers with Radar,0,36,114,0,150,0,2,16,0,18,0,38,130,0,168,16,0,16,184
12/15/2005,SUS,MO,ACE,CE,Towers with Radar,2,35,143,2,182,0,16,110,0,126,2,51,253,2,308,114,0,114,422
12/16/2005,SUS,MO,ACE,CE,Towers with Radar,0,28,134,0,162,0,7,127,1,135,0,35,261,1,297,44,0,44,341
12/17/2005,SUS,MO,ACE,CE,Towers with Radar,1,19,92,0,112,0,3,201,0,204,1,22,293,0,316,212,0,212,528
12/18/2005,SUS,MO,ACE,CE,Towers with Radar,1,11,63,0,75,0,1,33,0,34,1,12,96,0,109,123,0,123,232
12/19/2005,SUS,MO,ACE,CE,Towers with Radar,2,25,105,0,132,0,0,88,0,88,2,25,193,0,220,70,0,70,290
12/20/2005,SUS,MO,ACE,CE,Towers with Radar,0,39,128,0,167,0,9,131,0,140,0,48,259,0,307,94,0,94,401
12/21/2005,SUS,MO,ACE,CE,Towers with Radar,0,34,150,0,184,0,6,140,0,146,0,40,290,0,330,164,0,164,494
12/22/2005,SUS,MO,ACE,CE,Towers with Radar,0,30,88,0,118,0,11,142,0,153,0,41,230,0,271,156,0,156,427
12/23/2005,SUS,MO,ACE,CE,Towers with Radar,0,14,89,0,103,0,15,145,0,160,0,29,234,0,263,192,0,192,455
12/24/2005,SUS,MO,ACE,CE,Towers with Radar,0,14,17,0,31,0,0,0,0,0,0,14,17,0,31,0,0,0,31
12/25/2005,SUS,MO,ACE,CE,Towers with Radar,0,15,17,0,32,0,4,0,0,4,0,19,17,0,36,0,0,0,36
12/26/2005,SUS,MO,ACE,CE,Towers with Radar,0,41,97,0,138,0,5,68,0,73,0,46,165,0,211,24,0,24,235
12/27/2005,SUS,MO,ACE,CE,Towers with Radar,2,33,67,0,102,0,18,155,0,173,2,51,222,0,275,180,0,180,455
12/28/2005,SUS,MO,ACE,CE,Towers with Radar,0,14,19,0,33,0,0,1,0,1,0,14,20,0,34,0,0,0,34
12/29/2005,SUS,MO,ACE,CE,Towers with Radar,0,19,56,0,75,0,0,42,0,42,0,19,98,0,117,205,0,205,322
12/30/2005,SUS,MO,ACE,CE,Towers with Radar,0,22,54,0,76,5,30,25,0,60,5,52,79,0,136,68,0,68,204
12/31/2005,SUS,MO,ACE,CE,Towers with Radar,0,12,49,0,61,0,8,156,0,164,0,20,205,0,225,97,0,97,322
01/01/2006,SUS,MO,ACE,CE,Towers with Radar,0,24,44,0,68,0,1,19,0,20,0,25,63,0,88,11,0,11,99
01/02/2006,SUS,MO,ACE,CE,Towers with Radar,0,37,82,0,119,0,1,31,0,32,0,38,113,0,151,35,0,35,186
01/03/2006,SUS,MO,ACE,CE,Towers with Radar,0,22,78,0,100,0,4,22,0,26,0,26,100,0,126,12,0,12,138
01/04/2006,SUS,MO,ACE,CE,Towers with Radar,2,23,85,0,110,0,6,37,0,43,2,29,122,0,153,32,0,32,185
01/05/2006,SUS,MO,ACE,CE,Towers with Radar,1,21,92,0,114,0,5,29,0,34,1,26,121,0,148,85,0,85,233
01/06/2006,SUS,MO,ACE,CE,Towers with Radar,0,23,74,3,100,0,14,85,1,100,0,37,159,4,200,114,0,114,314
01/07/2006,SUS,MO,ACE,CE,Towers with Radar,0,15,67,0,82,0,3,208,0,211,0,18,275,0,293,174,0,174,467
01/08/2006,SUS,MO,ACE,CE,Towers with Radar,2,21,64,0,87,0,2,81,0,83,2,23,145,0,170,58,0,58,228
01/09/2006,SUS,MO,ACE,CE,Towers with Radar,0,22,94,0,116,0,9,34,0,43,0,31,128,0,159,206,0,206,365
01/10/2006,SUS,MO,ACE,CE,Towers with Radar,0,14,92,0,106,0,0,0,0,0,0,14,92,0,106,0,0,0,106
01/11/2006,SUS,MO,ACE,CE,Towers with Radar,0,34,112,0,146,0,14,166,0,180,0,48,278,0,326,128,0,128,454
01/12/2006,SUS,MO,ACE,CE,Towers with Radar,0,17,113,0,130,0,15,203,0,218,0,32,316,0,348,165,0,165,513
01/13/2006,SUS,MO,ACE,CE,Towers with Radar,0,19,74,3,96,0,2,16,0,18,0,21,90,3,114,0,0,0,114
01/14/2006,SUS,MO,ACE,CE,Towers with Radar,0,14,48,0,62,0,0,229,0,229,0,14,277,0,291,181,0,181,472
01/15/2006,SUS,MO,ACE,CE,Towers with Radar,2,13,46,0,61,0,5,111,4,120,2,18,157,4,181,81,0,81,262
01/16/2006,SUS,MO,ACE,CE,Towers with Radar,0,13,114,1,128,0,9,123,0,132,0,22,237,1,260,122,0,122,382
01/17/2006,SUS,MO,ACE,CE,Towers with Radar,1,25,132,0,158,0,2,74,0,76,1,27,206,0,234,26,0,26,260
01/18/2006,SUS,MO,ACE,CE,Towers with Radar,1,13,135,0,149,0,17,154,1,172,1,30,289,1,321,174,0,174,495
01/19/2006,SUS,MO,ACE,CE,Towers with Radar,0,22,119,0,141,0,14,108,1,123,0,36,227,1,264,34,0,34,298
01/20/2006,SUS,MO,ACE,CE,Towers with Radar,1,38,110,0,149,0,15,91,0,106,1,53,201,0,255,134,0,134,389
01/21/2006,SUS,MO,ACE,CE,Towers with Radar,0,17,50,0,67,0,4,60,0,64,0,21,110,0,131,192,0,192,323
01/22/2006,SUS,MO,ACE,CE,Towers with Radar,0,17,62,2,81,0,0,44,0,44,0,17,106,2,125,153,0,153,278
01/23/2006,SUS,MO,ACE,CE,Towers with Radar,0,33,97,0,130,0,5,41,0,46,0,38,138,0,176,71,0,71,247
01/24/2006,SUS,MO,ACE,CE,Towers with Radar,2,30,122,0,154,0,7,78,0,85,2,37,200,0,239,31,0,31,270
01/25/2006,SUS,MO,ACE,CE,Towers with Radar,0,33,104,0,137,0,15,159,0,174,0,48,263,0,311,96,0,96,407
01/26/2006,SUS,MO,ACE,CE,Towers with Radar,0,30,113,0,143,0,3,161,0,164,0,33,274,0,307,202,0,202,509
01/27/2006,SUS,MO,ACE,CE,Towers with Radar,0,23,96,5,124,0,5,146,0,151,0,28,242,5,275,246,0,246,521
01/28/2006,SUS,MO,ACE,CE,Towers with Radar,0,8,58,1,67,0,0,14,0,14,0,8,72,1,81,44,0,44,125
01/29/2006,SUS,MO,ACE,CE,Towers with Radar,0,17,39,0,56,0,2,91,0,93,0,19,130,0,149,170,0,170,319
01/30/2006,SUS,MO,ACE,CE,Towers with Radar,0,18,94,0,112,0,5,79,0,84,0,23,173,0,196,97,0,97,293
01/31/2006,SUS,MO,ACE,CE,Towers with Radar,2,21,116,1,140,0,19,202,0,221,2,40,318,1,361,299,0,299,660
02/01/2006,SUS,MO,ACE,CE,Towers with Radar,0,38,120,0,158,0,21,156,0,177,0,59,276,0,335,166,0,166,501
02/02/2006,SUS,MO,ACE,CE,Towers with Radar,0,32,133,0,165,0,4,64,0,68,0,36,197,0,233,116,0,116,349
02/03/2006,SUS,MO,ACE,CE,Towers with Radar,0,27,93,0,120,0,14,93,0,107,0,41,186,0,227,130,0,130,357
02/04/2006,SUS,MO,ACE,CE,Towers with Radar,0,14,57,1,72,0,0,58,1,59,0,14,115,2,131,159,0,159,290
02/05/2006,SUS,MO,ACE,CE,Towers with Radar,0,26,64,0,90,0,7,127,0,134,0,33,191,0,224,172,0,172,396
02/06/2006,SUS,MO,ACE,CE,Towers with Radar,0,32,102,0,134,0,8,141,0,149,0,40,243,0,283,190,0,190,473
02/07/2006,SUS,MO,ACE,CE,Towers with Radar,2,23,150,0,175,0,14,144,0,158,2,37,294,0,333,258,0,258,591
02/08/2006,SUS,MO,ACE,CE,Towers with Radar,0,32,83,0,115,0,4,24,0,28,0,36,107,0,143,24,0,24,167
02/09/2006,SUS,MO,ACE,CE,Towers with Radar,0,37,129,0,166,0,3,123,0,126,0,40,252,0,292,110,0,110,402
02/10/2006,SUS,MO,ACE,CE,Towers with Radar,0,20,91,0,111,0,11,109,0,120,0,31,200,0,231,124,0,124,355
02/11/2006,SUS,MO,ACE,CE,Towers with Radar,0,19,66,0,85,0,1,48,1,50,0,20,114,1,135,0,136,136,271
02/12/2006,SUS,MO,ACE,CE,Towers with Radar,1,23,75,0,99,0,3,24,0,27,1,26,99,0,126,146,0,146,272
02/13/2006,SUS,MO,ACE,CE,Towers with Radar,1,16,98,0,115,0,3,106,1,110,1,19,204,1,225,112,0,112,337
02/14/2006,SUS,MO,ACE,CE,Towers with Radar,0,28,119,2,149,0,2,119,0,121,0,30,238,2,270,106,10,116,386
02/15/2006,SUS,MO,ACE,CE,Towers with Radar,0,24,127,1,152,0,10,120,0,130,0,34,247,1,282,43,0,43,325
02/16/2006,SUS,MO,ACE,CE,Towers with Radar,0,29,111,1,141,0,0,20,0,20,0,29,131,1,161,4,0,4,165
02/17/2006,SUS,MO,ACE,CE,Towers with Radar,0,32,97,0,129,0,1,102,0,103,0,33,199,0,232,71,0,71,303
02/18/2006,SUS,MO,ACE,CE,Towers with Radar,0,19,53,1,73,0,3,67,0,70,0,22,120,1,143,92,0,92,235
02/19/2006,SUS,MO,ACE,CE,Towers with Radar,0,11,52,2,65,0,9,123,0,132,0,20,175,2,197,103,0,103,300
02/20/2006,SUS,MO,ACE,CE,Towers with Radar,0,30,122,2,154,0,10,78,1,89,0,40,200,3,243,94,0,94,337
02/21/2006,SUS,MO,ACE,CE,Towers with Radar,2,32,138,3,175,0,6,188,0,194,2,38,326,3,369,199,0,199,568
02/22/2006,SUS,MO,ACE,CE,Towers with Radar,2,39,132,0,173,0,19,164,0,183,2,58,296,0,356,204,0,204,560
02/23/2006,SUS,MO,ACE,CE,Towers with Radar,0,35,148,0,183,0,12,131,0,143,0,47,279,0,326,154,0,154,480
02/24/2006,SUS,MO,ACE,CE,Towers with Radar,0,21,110,0,131,0,7,155,0,162,0,28,265,0,293,188,0,188,481
02/25/2006,SUS,MO,ACE,CE,Towers with Radar,0,8,53,0,61,0,4,73,1,78,0,12,126,1,139,123,0,123,262
02/26/2006,SUS,MO,ACE,CE,Towers with Radar,0,16,91,0,107,0,6,175,1,182,0,22,266,1,289,236,0,236,525
02/27/2006,SUS,MO,ACE,CE,Towers with Radar,0,38,105,0,143,0,11,114,1,126,0,49,219,1,269,142,0,142,411
02/28/2006,SUS,MO,ACE,CE,Towers with Radar,2,24,137,9,172,0,12,163,0,175,2,36,300,9,347,218,0,218,565
03/01/2006,SUS,MO,ACE,CE,Towers with Radar,0,29,130,0,159,0,8,140,0,148,0,37,270,0,307,71,0,71,378
03/02/2006,SUS,MO,ACE,CE,Towers with Radar,0,29,111,0,140,0,3,109,0,112,0,32,220,0,252,28,0,28,280
03/03/2006,SUS,MO,ACE,CE,Towers with Radar,0,22,116,2,140,0,5,191,6,202,0,27,307,8,342,163,0,163,505
03/04/2006,SUS,MO,ACE,CE,Towers with Radar,0,17,77,0,94,0,7,157,0,164,0,24,234,0,258,230,0,230,488
03/05/2006,SUS,MO,ACE,CE,Towers with Radar,0,22,67,0,89,0,3,39,0,42,0,25,106,0,131,30,0,30,161
03/06/2006,SUS,MO,ACE,CE,Towers with Radar,2,17,120,0,139,0,8,94,0,102,2,25,214,0,241,178,0,178,419
03/07/2006,SUS,MO,ACE,CE,Towers with Radar,0,19,101,2,122,0,6,103,0,109,0,25,204,2,231,208,0,208,439
03/08/2006,SUS,MO,ACE,CE,Towers with Radar,0,20,111,0,131,0,4,41,0,45,0,24,152,0,176,120,0,120,296
03/09/2006,SUS,MO,ACE,CE,Towers with Radar,0,31,92,0,123,0,0,16,0,16,0,31,108,0,139,38,0,38,177
03/10/2006,SUS,MO,ACE,CE,Towers with Radar,0,31,152,5,188,0,12,213,0,225,0,43,365,5,413,258,8,266,679
03/11/2006,SUS,MO,ACE,CE,Towers with Radar,0,28,57,1,86,0,6,147,0,153,0,34,204,1,239,226,0,226,465
03/12/2006,SUS,MO,ACE,CE,Towers with Radar,0,16,82,0,98,0,1,27,0,28,0,17,109,0,126,71,0,71,197
03/13/2006,SUS,MO,ACE,CE,Towers with Radar,0,19,79,0,98,0,3,45,0,48,0,22,124,0,146,46,0,46,192
03/14/2006,SUS,MO,ACE,CE,Towers with Radar,0,16,125,0,141,0,8,127,0,135,0,24,252,0,276,230,0,230,506
03/15/2006,SUS,MO,ACE,CE,Towers with Radar,2,32,127,0,161,0,2,172,0,174,2,34,299,0,335,156,0,156,491
03/16/2006,SUS,MO,ACE,CE,Towers with Radar,0,31,130,0,161,0,5,97,0,102,0,36,227,0,263,96,0,96,359
03/17/2006,SUS,MO,ACE,CE,Towers with Radar,0,38,101,0,139,0,2,80,1,83,0,40,181,1,222,89,0,89,311
03/18/2006,SUS,MO,ACE,CE,Towers with Radar,0,28,71,0,99,0,3,189,0,192,0,31,260,0,291,222,0,222,513
03/19/2006,SUS,MO,ACE,CE,Towers with Radar,0,24,73,3,100,0,5,81,0,86,0,29,154,3,186,106,0,106,292
03/20/2006,SUS,MO,ACE,CE,Towers with Radar,0,13,70,3,86,0,3,23,1,27,0,16,93,4,113,46,0,46,159
03/21/2006,SUS,MO,ACE,CE,Towers with Radar,0,32,65,1,98,0,2,19,0,21,0,34,84,1,119,2,0,2,121
03/22/2006,SUS,MO,ACE,CE,Towers with Radar,0,23,100,1,124,0,2,104,0,106,0,25,204,1,230,208,0,208,438
03/23/2006,SUS,MO,ACE,CE,Towers with Radar,0,21,119,0,140,0,6,111,0,117,0,27,230,0,257,229,0,229,486
03/24/2006,SUS,MO,ACE,CE,Towers with Radar,0,28,108,0,136,0,7,83,1,91,0,35,191,1,227,187,0,187,414
03/25/2006,SUS,MO,ACE,CE,Towers with Radar,0,33,63,0,96,0,14,197,1,212,0,47,260,1,308,180,0,180,488
03/26/2006,SUS,MO,ACE,CE,Towers with Radar,0,27,76,1,104,0,5,199,0,204,0,32,275,1,308,140,0,140,448
03/27/2006,SUS,MO,ACE,CE,Towers with Radar,1,28,96,0,125,0,11,26,0,37,1,39,122,0,162,43,0,43,205
03/28/2006,SUS,MO,ACE,CE,Towers with Radar,1,22,124,0,147,0,16,59,0,75,1,38,183,0,222,101,0,101,323
03/29/2006,SUS,MO,ACE,CE,Towers with Radar,0,19,128,0,147,0,10,182,0,192,0,29,310,0,339,99,0,99,438
03/30/2006,SUS,MO,ACE,CE,Towers with Radar,0,29,77,0,106,0,4,66,4,74,0,33,143,4,180,24,0,24,204
03/31/2006,SUS,MO,ACE,CE,Towers with Radar,1,34,111,4,150,0,4,67,0,71,1,38,178,4,221,44,0,44,265
04/01/2006,SUS,MO,ACE,CE,Towers with Radar,1,24,67,0,92,0,1,234,0,235,1,25,301,0,327,293,0,293,620
04/02/2006,SUS,MO,ACE,CE,Towers with Radar,1,32,57,0,90,0,4,45,0,49,1,36,102,0,139,17,0,17,156
04/03/2006,SUS,MO,ACE,CE,Towers with Radar,1,43,72,0,116,0,10,56,0,66,1,53,128,0,182,46,0,46,228
04/04/2006,SUS,MO,ACE,CE,Towers with Radar,0,35,133,0,168,0,17,195,1,213,0,52,328,1,381,73,0,73,454
04/05/2006,SUS,MO,ACE,CE,Towers with Radar,0,30,135,0,165,0,5,114,0,119,0,35,249,0,284,156,0,156,440
04/06/2006,SUS,MO,ACE,CE,Towers with Radar,0,43,128,0,171,0,0,81,0,81,0,43,209,0,252,44,0,44,296
04/07/2006,SUS,MO,ACE,CE,Towers with Radar,2,27,130,0,159,0,5,98,0,103,2,32,228,0,262,125,0,125,387
04/08/2006,SUS,MO,ACE,CE,Towers with Radar,2,18,98,0,118,0,6,158,0,164,2,24,256,0,282,136,0,136,418
04/09/2006,SUS,MO,ACE,CE,Towers with Radar,0,23,89,0,112,0,8,249,0,257,0,31,338,0,369,204,0,204,573
04/10/2006,SUS,MO,ACE,CE,Towers with Radar,0,30,96,0,126,0,7,139,0,146,0,37,235,0,272,152,0,152,424
04/11/2006,SUS,MO,ACE,CE,Towers with Radar,0,23,109,0,132,0,7,71,2,80,0,30,180,2,212,24,0,24,236
04/12/2006,SUS,MO,ACE,CE,Towers with Radar,2,29,2,3,36,40,266,0,0,306,42,295,2,3,342,150,4,154,496
04/13/2006,SUS,MO,ACE,CE,Towers with Radar,2,36,157,0,195,0,14,152,1,167,2,50,309,1,362,136,0,136,498
04/14/2006,SUS,MO,ACE,CE,Towers with Radar,0,23,104,2,129,0,6,179,0,185,0,29,283,2,314,130,0,130,444
04/15/2006,SUS,MO,ACE,CE,Towers with Radar,0,11,46,2,59,0,10,149,0,159,0,21,195,2,218,200,0,200,418
04/16/2006,SUS,MO,ACE,CE,Towers with Radar,0,20,49,0,69,0,7,64,2,73,0,27,113,2,142,30,0,30,172
04/17/2006,SUS,MO,ACE,CE,Towers with Radar,2,38,167,6,213,0,4,95,0,99,2,42,262,6,312,279,0,279,591
04/18/2006,SUS,MO,ACE,CE,Towers with Radar,0,45,155,0,200,0,2,108,0,110,0,47,263,0,310,187,0,187,497
04/19/2006,SUS,MO,ACE,CE,Towers with Radar,0,36,156,0,192,0,3,141,0,144,0,39,297,0,336,337,0,337,673
04/20/2006,SUS,MO,ACE,CE,Towers with Radar,0,42,156,0,198,0,5,213,0,218,0,47,369,0,416,259,0,259,675
04/21/2006,SUS,MO,ACE,CE,Towers with Radar,0,35,145,0,180,0,9,208,0,217,0,44,353,0,397,292,0,292,689
04/22/2006,SUS,MO,ACE,CE,Towers with Radar,0,17,66,10,93,0,12,216,0,228,0,29,282,10,321,202,0,202,523
04/23/2006,SUS,MO,ACE,CE,Towers with Radar,0,28,86,0,114,0,6,117,0,123,0,34,203,0,237,207,0,207,444
04/24/2006,SUS,MO,ACE,CE,Towers with Radar,0,16,145,0,161,0,4,125,0,129,0,20,270,0,290,131,0,131,421
04/25/2006,SUS,MO,ACE,CE,Towers with Radar,0,21,110,4,135,0,8,53,0,61,0,29,163,4,196,30,0,30,226
04/26/2006,SUS,MO,ACE,CE,Towers with Radar,0,42,147,1,190,0,9,163,0,172,0,51,310,1,362,246,0,246,608
04/27/2006,SUS,MO,ACE,CE,Towers with Radar,0,38,143,4,185,0,9,260,0,269,0,47,403,4,454,261,0,261,715
04/28/2006,SUS,MO,ACE,CE,Towers with Radar,0,34,96,0,130,0,3,109,0,112,0,37,205,0,242,128,0,128,370
04/29/2006,SUS,MO,ACE,CE,Towers with Radar,0,9,50,0,59,0,1,1,0,2,0,10,51,0,61,0,0,0,61
04/30/2006,SUS,MO,ACE,CE,Towers with Radar,0,23,53,0,76,0,6,21,0,27,0,29,74,0,103,56,0,56,159
05/01/2006,SUS,MO,ACE,CE,Towers with Radar,0,14,106,0,120,0,4,62,0,66,0,18,168,0,186,198,0,198,384
05/02/2006,SUS,MO,ACE,CE,Towers with Radar,0,22,138,6,166,0,0,233,0,233,0,22,371,6,399,324,0,324,723
05/03/2006,SUS,MO,ACE,CE,Towers with Radar,0,23,114,0,137,0,16,88,0,104,0,39,202,0,241,116,0,116,357
05/04/2006,SUS,MO,ACE,CE,Towers with Radar,0,23,125,0,148,0,3,136,0,139,0,26,261,0,287,113,0,113,400
05/05/2006,SUS,MO,ACE,CE,Towers with Radar,0,38,111,2,151,0,7,171,0,178,0,45,282,2,329,141,0,141,470
05/06/2006,SUS,MO,ACE,CE,Towers with Radar,0,12,58,0,70,0,4,164,0,168,0,16,222,0,238,170,0,170,408
05/07/2006,SUS,MO,ACE,CE,Towers with Radar,0,22,91,6,119,0,1,182,3,186,0,23,273,9,305,171,0,171,476
05/08/2006,SUS,MO,ACE,CE,Towers with Radar,0,27,91,3,121,0,6,101,0,107,0,33,192,3,228,155,0,155,383
05/09/2006,SUS,MO,ACE,CE,Towers with Radar,0,23,108,1,132,0,8,79,0,87,0,31,187,1,219,90,0,90,309
05/10/2006,SUS,MO,ACE,CE,Towers with Radar,0,30,103,2,135,0,3,15,0,18,0,33,118,2,153,0,0,0,153
05/11/2006,SUS,MO,ACE,CE,Towers with Radar,0,38,127,1,166,0,1,69,0,70,0,39,196,1,236,33,0,33,269
05/12/2006,SUS,MO,ACE,CE,Towers with Radar,0,36,121,2,159,0,10,79,4,93,0,46,200,6,252,28,0,28,280
05/13/2006,SUS,MO,ACE,CE,Towers with Radar,0,14,54,0,68,0,1,86,0,87,0,15,140,0,155,74,0,74,229
05/14/2006,SUS,MO,ACE,CE,Towers with Radar,0,25,78,3,106,0,1,30,7,38,0,26,108,10,144,47,0,47,191
05/15/2006,SUS,MO,ACE,CE,Towers with Radar,0,33,143,0,176,0,2,30,0,32,0,35,173,0,208,24,0,24,232
05/16/2006,SUS,MO,ACE,CE,Towers with Radar,0,40,151,0,191,0,2,67,0,69,0,42,218,0,260,102,0,102,362
05/17/2006,SUS,MO,ACE,CE,Towers with Radar,0,37,165,0,202,0,8,209,0,217,0,45,374,0,419,225,0,225,644
05/18/2006,SUS,MO,ACE,CE,Towers with Radar,0,30,194,0,224,0,1,141,1,143,0,31,335,1,367,177,0,177,544
05/19/2006,SUS,MO,ACE,CE,Towers with Radar,0,16,109,11,136,0,11,183,5,199,0,27,292,16,335,276,0,276,611
05/20/2006,SUS,MO,ACE,CE,Towers with Radar,0,21,66,1,88,0,7,152,1,160,0,28,218,2,248,231,0,231,479
05/21/2006,SUS,MO,ACE,CE,Towers with Radar,0,35,72,6,113,0,4,153,0,157,0,39,225,6,270,218,0,218,488
05/22/2006,SUS,MO,ACE,CE,Towers with Radar,0,32,97,0,129,0,7,155,0,162,0,39,252,0,291,178,0,178,469
05/23/2006,SUS,MO,ACE,CE,Towers with Radar,0,23,131,1,155,0,4,168,0,172,0,27,299,1,327,179,0,179,506
05/24/2006,SUS,MO,ACE,CE,Towers with Radar,0,30,117,1,148,0,7,102,0,109,0,37,219,1,257,81,0,81,338
05/25/2006,SUS,MO,ACE,CE,Towers with Radar,0,28,140,2,170,0,6,159,2,167,0,34,299,4,337,134,0,134,471
05/26/2006,SUS,MO,ACE,CE,Towers with Radar,0,32,110,4,146,0,5,200,14,219,0,37,310,18,365,204,0,204,569
05/27/2006,SUS,MO,ACE,CE,Towers with Radar,0,18,61,0,79,0,5,135,0,140,0,23,196,0,219,78,0,78,297
05/28/2006,SUS,MO,ACE,CE,Towers with Radar,0,17,54,0,71,0,8,128,0,136,0,25,182,0,207,52,0,52,259
05/29/2006,SUS,MO,ACE,CE,Towers with Radar,0,15,63,0,78,0,3,109,0,112,0,18,172,0,190,74,0,74,264
05/30/2006,SUS,MO,ACE,CE,Towers with Radar,0,17,107,4,128,0,5,120,0,125,0,22,227,4,253,112,4,116,369
05/31/2006,SUS,MO,ACE,CE,Towers with Radar,1,28,154,1,184,0,4,121,0,125,1,32,275,1,309,62,4,66,375
06/01/2006,SUS,MO,ACE,CE,Towers with Radar,0,23,136,0,159,0,7,60,0,67,0,30,196,0,226,44,0,44,270
06/02/2006,SUS,MO,ACE,CE,Towers with Radar,0,32,118,0,150,0,9,185,0,194,0,41,303,0,344,178,0,178,522
06/03/2006,SUS,MO,ACE,CE,Towers with Radar,0,14,60,2,76,0,5,184,0,189,0,19,244,2,265,90,0,90,355
06/04/2006,SUS,MO,ACE,CE,Towers with Radar,0,28,68,4,100,0,11,141,1,153,0,39,209,5,253,155,6,161,414
06/05/2006,SUS,MO,ACE,CE,Towers with Radar,0,20,101,2,123,0,11,146,0,157,0,31,247,2,280,236,0,236,516
06/06/2006,SUS,MO,ACE,CE,Towers with Radar,0,36,122,2,160,0,5,141,0,146,0,41,263,2,306,244,0,244,550
06/07/2006,SUS,MO,ACE,CE,Towers with Radar,0,22,130,2,154,0,15,218,2,235,0,37,348,4,389,268,0,268,657
06/08/2006,SUS,MO,ACE,CE,Towers with Radar,0,35,122,0,157,0,7,226,0,233,0,42,348,0,390,119,0,119,509
06/09/2006,SUS,MO,ACE,CE,Towers with Radar,0,34,105,7,146,0,14,158,6,178,0,48,263,13,324,148,0,148,472
06/10/2006,SUS,MO,ACE,CE,Towers with Radar,0,18,64,0,82,0,6,123,0,129,0,24,187,0,211,100,0,100,311
06/11/2006,SUS,MO,ACE,CE,Towers with Radar,0,33,95,1,129,0,3,25,0,28,0,36,120,1,157,14,0,14,171
06/12/2006,SUS,MO,ACE,CE,Towers with Radar,0,31,100,0,131,0,6,135,0,141,0,37,235,0,272,157,0,157,429
06/13/2006,SUS,MO,ACE,CE,Towers with Radar,0,23,105,0,128,0,5,197,1,203,0,28,302,1,331,174,0,174,505
06/14/2006,SUS,MO,ACE,CE,Towers with Radar,0,32,121,0,153,0,7,178,0,185,0,39,299,0,338,222,0,222,560
06/15/2006,SUS,MO,ACE,CE,Towers with Radar,0,43,161,0,204,0,9,152,0,161,0,52,313,0,365,171,0,171,536
06/16/2006,SUS,MO,ACE,CE,Towers with Radar,0,33,132,3,168,0,11,179,2,192,0,44,311,5,360,114,0,114,474
06/17/2006,SUS,MO,ACE,CE,Towers with Radar,0,27,66,2,95,0,3,117,0,120,0,30,183,2,215,122,0,122,337
06/18/2006,SUS,MO,ACE,CE,Towers with Radar,0,29,79,1,109,0,0,103,0,103,0,29,182,1,212,168,0,168,380
06/19/2006,SUS,MO,ACE,CE,Towers with Radar,0,30,111,2,143,0,10,141,1,152,0,40,252,3,295,170,0,170,465
06/20/2006,SUS,MO,ACE,CE,Towers with Radar,0,29,123,3,155,0,8,214,1,223,0,37,337,4,378,238,0,238,616
06/21/2006,SUS,MO,ACE,CE,Towers with Radar,1,28,149,1,179,0,8,153,2,163,1,36,302,3,342,193,0,193,535
06/22/2006,SUS,MO,ACE,CE,Towers with Radar,0,28,121,6,155,0,8,76,0,84,0,36,197,6,239,86,0,86,325
06/23/2006,SUS,MO,ACE,CE,Towers with Radar,0,26,102,23,151,0,9,126,11,146,0,35,228,34,297,78,0,78,375
06/24/2006,SUS,MO,ACE,CE,Towers with Radar,0,14,71,8,93,0,11,227,3,241,0,25,298,11,334,192,30,222,556
06/25/2006,SUS,MO,ACE,CE,Towers with Radar,0,34,94,10,138,0,6,170,2,178,0,40,264,12,316,258,0,258,574
06/26/2006,SUS,MO,ACE,CE,Towers with Radar,0,32,141,0,173,0,2,126,0,128,0,34,267,0,301,236,0,236,537
06/27/2006,SUS,MO,ACE,CE,Towers with Radar,0,33,146,5,184,0,10,143,0,153,0,43,289,5,337,191,0,191,528
06/28/2006,SUS,MO,ACE,CE,Towers with Radar,0,26,150,0,176,0,7,121,0,128,0,33,271,0,304,84,0,84,388
06/29/2006,SUS,MO,ACE,CE,Towers with Radar,0,35,158,4,197,0,15,175,1,191,0,50,333,5,388,219,2,221,609
06/30/2006,SUS,MO,ACE,CE,Towers with Radar,0,38,159,3,200,0,10,153,0,163,0,48,312,3,363,210,0,210,573
07/01/2006,SUS,MO,ACE,CE,Towers with Radar,0,39,69,3,111,0,4,165,0,169,0,43,234,3,280,102,0,102,382
07/02/2006,SUS,MO,ACE,CE,Towers with Radar,0,13,57,0,70,0,0,126,0,126,0,13,183,0,196,196,0,196,392
07/03/2006,SUS,MO,ACE,CE,Towers with Radar,0,17,67,2,86,0,12,143,4,159,0,29,210,6,245,151,0,151,396
07/04/2006,SUS,MO,ACE,CE,Towers with Radar,0,16,44,1,61,0,10,71,4,85,0,26,115,5,146,89,0,89,235
07/05/2006,SUS,MO,ACE,CE,Towers with Radar,4,25,109,5,143,0,4,132,2,138,4,29,241,7,281,96,0,96,377
07/06/2006,SUS,MO,ACE,CE,Towers with Radar,0,33,108,0,141,0,4,184,1,189,0,37,292,1,330,246,0,246,576
07/07/2006,SUS,MO,ACE,CE,Towers with Radar,0,24,112,10,146,0,12,168,3,183,0,36,280,13,329,92,2,94,423
07/08/2006,SUS,MO,ACE,CE,Towers with Radar,0,27,84,5,116,0,9,208,0,217,0,36,292,5,333,193,0,193,526
07/09/2006,SUS,MO,ACE,CE,Towers with Radar,0,35,86,2,123,0,0,144,0,144,0,35,230,2,267,0,126,126,393
07/10/2006,SUS,MO,ACE,CE,Towers with Radar,0,26,87,0,113,0,6,108,0,114,0,32,195,0,227,88,0,88,315
07/11/2006,SUS,MO,ACE,CE,Towers with Radar,0,21,140,0,161,0,7,94,0,101,0,28,234,0,262,110,0,110,372
07/12/2006,SUS,MO,ACE,CE,Towers with Radar,0,23,124,0,147,0,5,89,0,94,0,28,213,0,241,194,0,194,435
07/13/2006,SUS,MO,ACE,CE,Towers with Radar,0,32,129,0,161,0,12,122,0,134,0,44,251,0,295,70,0,70,365
07/14/2006,SUS,MO,ACE,CE,Towers with Radar,0,33,138,0,171,0,11,157,3,171,0,44,295,3,342,290,2,292,634
07/15/2006,SUS,MO,ACE,CE,Towers with Radar,0,31,60,0,91,0,5,164,0,169,0,36,224,0,260,166,0,166,426
07/16/2006,SUS,MO,ACE,CE,Towers with Radar,0,14,80,1,95,0,5,181,0,186,0,19,261,1,281,180,0,180,461
07/17/2006,SUS,MO,ACE,CE,Towers with Radar,0,27,110,0,137,0,7,127,2,136,0,34,237,2,273,208,0,208,481
07/18/2006,SUS,MO,ACE,CE,Towers with Radar,0,26,126,0,152,0,4,103,0,107,0,30,229,0,259,175,0,175,434
07/19/2006,SUS,MO,ACE,CE,Towers with Radar,0,38,135,0,173,0,15,102,0,117,0,53,237,0,290,194,0,194,484
07/20/2006,SUS,MO,ACE,CE,Towers with Radar,0,47,137,0,184,0,11,102,0,113,0,58,239,0,297,98,0,98,395
07/21/2006,SUS,MO,ACE,CE,Towers with Radar,0,42,124,0,166,0,3,77,0,80,0,45,201,0,246,120,0,120,366
07/22/2006,SUS,MO,ACE,CE,Towers with Radar,0,24,74,0,98,0,0,141,0,141,0,24,215,0,239,114,0,114,353
07/23/2006,SUS,MO,ACE,CE,Towers with Radar,0,23,88,0,111,0,4,146,0,150,0,27,234,0,261,238,0,238,499
07/24/2006,SUS,MO,ACE,CE,Towers with Radar,0,20,111,0,131,0,5,144,0,149,0,25,255,0,280,257,0,257,537
07/25/2006,SUS,MO,ACE,CE,Towers with Radar,0,32,137,0,169,0,1,122,0,123,0,33,259,0,292,215,0,215,507
07/26/2006,SUS,MO,ACE,CE,Towers with Radar,0,39,134,0,173,0,9,140,0,149,0,48,274,0,322,218,0,218,540
07/27/2006,SUS,MO,ACE,CE,Towers with Radar,0,52,116,0,168,0,0,109,0,109,0,52,225,0,277,172,0,172,449
07/28/2006,SUS,MO,ACE,CE,Towers with Radar,0,28,131,2,161,0,9,164,0,173,0,37,295,2,334,348,0,348,682
07/29/2006,SUS,MO,ACE,CE,Towers with Radar,0,10,70,0,80,0,7,152,0,159,0,17,222,0,239,168,0,168,407
07/30/2006,SUS,MO,ACE,CE,Towers with Radar,0,21,82,0,103,0,4,160,2,166,0,25,242,2,269,138,0,138,407
07/31/2006,SUS,MO,ACE,CE,Towers with Radar,0,32,141,0,173,0,4,142,0,146,0,36,283,0,319,103,0,103,422
08/01/2006,SUS,MO,ACE,CE,Towers with Radar,0,28,112,0,140,0,2,128,0,130,0,30,240,0,270,153,0,153,423
08/02/2006,SUS,MO,ACE,CE,Towers with Radar,0,14,115,0,129,0,8,141,0,149,0,22,256,0,278,94,0,94,372
08/03/2006,SUS,MO,ACE,CE,Towers with Radar,0,34,141,0,175,0,8,130,0,138,0,42,271,0,313,174,0,174,487
08/04/2006,SUS,MO,ACE,CE,Towers with Radar,0,28,133,10,171,0,6,164,4,174,0,34,297,14,345,200,0,200,545
08/05/2006,SUS,MO,ACE,CE,Towers with Radar,0,23,62,6,91,0,5,181,2,188,0,28,243,8,279,142,0,142,421
08/06/2006,SUS,MO,ACE,CE,Towers with Radar,0,24,100,11,135,0,0,129,0,129,0,24,229,11,264,172,3,175,439
08/07/2006,SUS,MO,ACE,CE,Towers with Radar,0,15,110,4,129,0,4,103,0,107,0,19,213,4,236,153,0,153,389
08/08/2006,SUS,MO,ACE,CE,Towers with Radar,0,16,102,0,118,0,8,108,2,118,0,24,210,2,236,162,0,162,398
08/09/2006,SUS,MO,ACE,CE,Towers with Radar,0,19,127,0,146,0,12,94,0,106,0,31,221,0,252,128,0,128,380
08/10/2006,SUS,MO,ACE,CE,Towers with Radar,0,27,124,0,151,0,17,72,0,89,0,44,196,0,240,72,0,72,312
08/11/2006,SUS,MO,ACE,CE,Towers with Radar,0,37,124,0,161,0,4,65,0,69,0,41,189,0,230,50,0,50,280
08/12/2006,SUS,MO,ACE,CE,Towers with Radar,0,18,89,3,110,0,4,122,0,126,0,22,211,3,236,158,0,158,394
08/13/2006,SUS,MO,ACE,CE,Towers with Radar,0,30,90,0,120,0,1,129,0,130,0,31,219,0,250,186,0,186,436
08/14/2006,SUS,MO,ACE,CE,Towers with Radar,0,30,116,0,146,0,2,95,0,97,0,32,211,0,243,154,0,154,397
08/15/2006,SUS,MO,ACE,CE,Towers with Radar,0,43,137,0,180,0,13,214,0,227,0,56,351,0,407,122,0,122,529
08/16/2006,SUS,MO,ACE,CE,Towers with Radar,0,56,126,2,184,0,11,163,0,174,0,67,289,2,358,86,0,86,444
08/17/2006,SUS,MO,ACE,CE,Towers with Radar,0,44,133,2,179,0,4,169,1,174,0,48,302,3,353,186,0,186,539
08/18/2006,SUS,MO,ACE,CE,Towers with Radar,0,35,134,1,170,0,4,122,2,128,0,39,256,3,298,140,0,140,438
08/19/2006,SUS,MO,ACE,CE,Towers with Radar,0,20,21,0,41,0,144,0,0,144,0,164,21,0,185,164,0,164,349
08/20/2006,SUS,MO,ACE,CE,Towers with Radar,0,25,90,1,116,0,0,66,0,66,0,25,156,1,182,94,0,94,276
08/21/2006,SUS,MO,ACE,CE,Towers with Radar,0,38,123,2,163,0,5,159,2,166,0,43,282,4,329,154,0,154,483
08/22/2006,SUS,MO,ACE,CE,Towers with Radar,0,33,108,22,163,0,9,164,2,175,0,42,272,24,338,137,0,137,475
08/23/2006,SUS,MO,ACE,CE,Towers with Radar,0,30,163,7,200,0,10,173,0,183,0,40,336,7,383,204,0,204,587
08/24/2006,SUS,MO,ACE,CE,Towers with Radar,0,33,161,0,194,0,20,142,2,164,0,53,303,2,358,120,0,120,478
08/25/2006,SUS,MO,ACE,CE,Towers with Radar,0,29,136,0,165,0,5,115,0,120,0,34,251,0,285,124,0,124,409
08/26/2006,SUS,MO,ACE,CE,Towers with Radar,0,12,60,0,72,0,0,77,0,77,0,12,137,0,149,102,0,102,251
08/27/2006,SUS,MO,ACE,CE,Towers with Radar,0,23,76,1,100,0,0,36,0,36,0,23,112,1,136,116,0,116,252
08/28/2006,SUS,MO,ACE,CE,Towers with Radar,0,19,115,0,134,0,3,42,0,45,0,22,157,0,179,48,0,48,227
08/29/2006,SUS,MO,ACE,CE,Towers with Radar,0,29,141,0,170,0,3,24,0,27,0,32,165,0,197,45,0,45,242
08/30/2006,SUS,MO,ACE,CE,Towers with Radar,0,30,128,2,160,0,9,64,0,73,0,39,192,2,233,85,0,85,318
08/31/2006,SUS,MO,ACE,CE,Towers with Radar,0,38,174,5,217,0,13,122,8,143,0,51,296,13,360,32,0,32,392
09/01/2006,SUS,MO,ACE,CE,Towers with Radar,0,20,103,14,137,9,4,50,7,70,9,24,153,21,207,30,0,30,237
09/02/2006,SUS,MO,ACE,CE,Towers with Radar,0,12,37,0,49,0,4,110,0,114,0,16,147,0,163,95,0,95,258
09/03/2006,SUS,MO,ACE,CE,Towers with Radar,1,17,33,0,51,0,9,91,0,100,1,26,124,0,151,24,0,24,175
09/04/2006,SUS,MO,ACE,CE,Towers with Radar,0,22,59,3,84,0,9,74,1,84,0,31,133,4,168,37,0,37,205
09/05/2006,SUS,MO,ACE,CE,Towers with Radar,0,33,105,10,148,0,5,129,2,136,0,38,234,12,284,38,0,38,322
09/06/2006,SUS,MO,ACE,CE,Towers with Radar,0,22,145,0,167,0,5,146,0,151,0,27,291,0,318,34,0,34,352
09/07/2006,SUS,MO,ACE,CE,Towers with Radar,0,34,149,2,185,0,4,165,0,169,0,38,314,2,354,175,0,175,529
09/08/2006,SUS,MO,ACE,CE,Towers with Radar,0,39,109,3,151,0,4,201,2,207,0,43,310,5,358,208,0,208,566
09/09/2006,SUS,MO,ACE,CE,Towers with Radar,0,27,76,11,114,0,2,191,1,194,0,29,267,12,308,232,0,232,540
09/10/2006,SUS,MO,ACE,CE,Towers with Radar,0,17,109,4,130,0,0,90,0,90,0,17,199,4,220,188,0,188,408
09/11/2006,SUS,MO,ACE,CE,Towers with Radar,0,24,116,2,142,0,1,50,4,55,0,25,166,6,197,106,0,106,303
09/12/2006,SUS,MO,ACE,CE,Towers with Radar,0,0,0,0,0,0,0,0,0,0,0,0,0,0,0,0,0,0,0
09/13/2006,SUS,MO,ACE,CE,Towers with Radar,0,37,156,0,193,0,6,107,0,113,0,43,263,0,306,241,0,241,547
09/14/2006,SUS,MO,ACE,CE,Towers with Radar,0,44,137,2,183,0,4,168,3,175,0,48,305,5,358,212,8,220,578
09/15/2006,SUS,MO,ACE,CE,Towers with Radar,0,26,127,9,162,0,2,143,2,147,0,28,270,11,309,230,0,230,539
09/16/2006,SUS,MO,ACE,CE,Towers with Radar,0,25,79,1,105,0,3,148,3,154,0,28,227,4,259,226,0,226,485
09/17/2006,SUS,MO,ACE,CE,Towers with Radar,0,18,72,0,90,0,0,31,0,31,0,18,103,0,121,67,0,67,188
09/18/2006,SUS,MO,ACE,CE,Towers with Radar,0,32,130,1,163,0,8,135,9,152,0,40,265,10,315,180,8,188,503
09/19/2006,SUS,MO,ACE,CE,Towers with Radar,2,23,159,4,188,0,3,167,0,170,2,26,326,4,358,138,0,138,496
09/20/2006,SUS,MO,ACE,CE,Towers with Radar,0,24,135,0,159,0,10,207,1,218,0,34,342,1,377,165,0,165,542
09/21/2006,SUS,MO,ACE,CE,Towers with Radar,2,41,145,0,188,0,4,112,2,118,2,45,257,2,306,72,0,72,378
09/22/2006,SUS,MO,ACE,CE,Towers with Radar,0,35,85,4,124,0,3,64,0,67,0,38,149,4,191,57,0,57,248
09/23/2006,SUS,MO,ACE,CE,Towers with Radar,3,11,52,3,69,0,2,28,0,30,3,13,80,3,99,75,0,75,174
09/24/2006,SUS,MO,ACE,CE,Towers with Radar,1,31,81,3,116,0,2,73,0,75,1,33,154,3,191,66,0,66,257
09/25/2006,SUS,MO,ACE,CE,Towers with Radar,0,27,122,0,149,0,4,162,2,168,0,31,284,2,317,158,0,158,475
09/26/2006,SUS,MO,ACE,CE,Towers with Radar,0,27,140,2,169,0,8,185,1,194,0,35,325,3,363,230,0,230,593
09/27/2006,SUS,MO,ACE,CE,Towers with Radar,2,29,138,0,169,0,8,168,2,178,2,37,306,2,347,271,0,271,618
09/28/2006,SUS,MO,ACE,CE,Towers with Radar,0,28,128,0,156,0,5,120,0,125,0,33,248,0,281,102,0,102,383
09/29/2006,SUS,MO,ACE,CE,Towers with Radar,0,27,143,0,170,0,7,145,0,152,0,34,288,0,322,220,0,220,542
09/30/2006,SUS,MO,ACE,CE,Towers with Radar,0,19,97,0,116,0,1,181,4,186,0,20,278,4,302,305,0,305,607
10/01/2006,SUS,MO,ACE,CE,Towers with Radar,0,20,81,0,101,0,3,184,0,187,0,23,265,0,288,182,2,184,472
10/02/2006,SUS,MO,ACE,CE,Towers with Radar,0,20,123,0,143,0,12,148,0,160,0,32,271,0,303,100,0,100,403
10/03/2006,SUS,MO,ACE,CE,Towers with Radar,0,29,127,0,156,0,4,129,0,133,0,33,256,0,289,176,0,176,465
10/04/2006,SUS,MO,ACE,CE,Towers with Radar,2,39,114,0,155,0,8,146,1,155,2,47,260,1,310,168,0,168,478
10/05/2006,SUS,MO,ACE,CE,Towers with Radar,0,43,134,0,177,0,1,107,1,109,0,44,241,1,286,104,0,104,390
10/06/2006,SUS,MO,ACE,CE,Towers with Radar,0,31,122,0,153,0,3,177,2,182,0,34,299,2,335,241,0,241,576
10/07/2006,SUS,MO,ACE,CE,Towers with Radar,0,18,31,0,49,0,3,211,2,216,0,21,242,2,265,132,0,132,397
10/08/2006,SUS,MO,ACE,CE,Towers with Radar,0,30,105,0,135,0,7,172,0,179,0,37,277,0,314,128,0,128,442
10/09/2006,SUS,MO,ACE,CE,Towers with Radar,1,35,102,0,138,0,6,139,0,145,1,41,241,0,283,232,0,232,515
10/10/2006,SUS,MO,ACE,CE,Towers with Radar,0,28,120,3,151,0,10,101,0,111,0,38,221,3,262,266,0,266,528
10/11/2006,SUS,MO,ACE,CE,Towers with Radar,0,31,110,14,155,0,0,45,1,46,0,31,155,15,201,58,0,58,259
10/12/2006,SUS,MO,ACE,CE,Towers with Radar,0,35,121,0,156,0,3,92,2,97,0,38,213,2,253,79,0,79,332
10/13/2006,SUS,MO,ACE,CE,Towers with Radar,0,28,117,1,146,0,10,110,1,121,0,38,227,2,267,116,0,116,383
10/14/2006,SUS,MO,ACE,CE,Towers with Radar,0,28,97,0,125,0,1,211,0,212,0,29,308,0,337,176,0,176,513
10/15/2006,SUS,MO,ACE,CE,Towers with Radar,0,31,76,0,107,0,8,96,0,104,0,39,172,0,211,152,0,152,363
10/16/2006,SUS,MO,ACE,CE,Towers with Radar,0,23,109,4,136,0,0,6,0,6,0,23,115,4,142,4,0,4,146
10/17/2006,SUS,MO,ACE,CE,Towers with Radar,0,43,149,0,192,0,0,62,0,62,0,43,211,0,254,206,0,206,460
10/18/2006,SUS,MO,ACE,CE,Towers with Radar,0,37,167,0,204,0,1,24,0,25,0,38,191,0,229,60,0,60,289
10/19/2006,SUS,MO,ACE,CE,Towers with Radar,0,37,139,0,176,0,10,75,0,85,0,47,214,0,261,264,0,264,525
10/20/2006,SUS,MO,ACE,CE,Towers with Radar,1,41,144,14,200,0,1,215,2,218,1,42,359,16,418,264,12,276,694
10/21/2006,SUS,MO,ACE,CE,Towers with Radar,0,15,51,2,68,0,8,141,4,153,0,23,192,6,221,86,0,86,307
10/22/2006,SUS,MO,ACE,CE,Towers with Radar,0,28,92,3,123,0,6,71,0,77,0,34,163,3,200,32,0,32,232
10/23/2006,SUS,MO,ACE,CE,Towers with Radar,0,32,98,0,130,0,6,117,0,123,0,38,215,0,253,208,0,208,461
10/24/2006,SUS,MO,ACE,CE,Towers with Radar,0,38,143,0,181,0,4,177,1,182,0,42,320,1,363,142,0,142,505
10/25/2006,SUS,MO,ACE,CE,Towers with Radar,0,43,153,4,200,0,1,49,0,50,0,44,202,4,250,50,0,50,300
10/26/2006,SUS,MO,ACE,CE,Towers with Radar,0,37,163,0,200,0,2,9,0,11,0,39,172,0,211,56,0,56,267
10/27/2006,SUS,MO,ACE,CE,Towers with Radar,0,35,78,2,115,0,1,1,0,2,0,36,79,2,117,0,0,0,117
10/28/2006,SUS,MO,ACE,CE,Towers with Radar,0,18,56,4,78,0,4,172,1,177,0,22,228,5,255,128,0,128,383
10/29/2006,SUS,MO,ACE,CE,Towers with Radar,0,29,66,1,96,0,7,195,0,202,0,36,261,1,298,190,0,190,488
10/30/2006,SUS,MO,ACE,CE,Towers with Radar,2,23,91,0,116,0,5,83,1,89,2,28,174,1,205,20,0,20,225
10/31/2006,SUS,MO,ACE,CE,Towers with Radar,2,19,112,0,133,0,4,101,0,105,2,23,213,0,238,90,0,90,328
11/01/2006,SUS,MO,ACE,CE,Towers with Radar,0,36,150,0,186,0,9,126,0,135,0,45,276,0,321,138,0,138,459
11/02/2006,SUS,MO,ACE,CE,Towers with Radar,0,34,139,0,173,0,4,145,0,149,0,38,284,0,322,140,0,140,462
11/03/2006,SUS,MO,ACE,CE,Towers with Radar,0,41,115,0,156,0,9,191,9,209,0,50,306,9,365,107,0,107,472
11/04/2006,SUS,MO,ACE,CE,Towers with Radar,0,18,73,8,99,0,10,171,1,182,0,28,244,9,281,188,20,208,489
11/05/2006,SUS,MO,ACE,CE,Towers with Radar,0,38,90,0,128,0,5,100,0,105,0,43,190,0,233,127,0,127,360
11/06/2006,SUS,MO,ACE,CE,Towers with Radar,0,44,138,0,182,0,5,21,0,26,0,49,159,0,208,24,0,24,232
11/07/2006,SUS,MO,ACE,CE,Towers with Radar,2,41,144,0,187,0,3,31,0,34,2,44,175,0,221,44,0,44,265
11/08/2006,SUS,MO,ACE,CE,Towers with Radar,0,29,106,0,135,0,3,154,0,157,0,32,260,0,292,208,0,208,500
11/09/2006,SUS,MO,ACE,CE,Towers with Radar,1,33,136,1,171,0,10,210,0,220,1,43,346,1,391,188,0,188,579
11/10/2006,SUS,MO,ACE,CE,Towers with Radar,0,44,100,0,144,0,3,46,0,49,0,47,146,0,193,78,0,78,271
11/11/2006,SUS,MO,ACE,CE,Towers with Radar,0,16,47,0,63,0,7,58,0,65,0,23,105,0,128,168,0,168,296
11/12/2006,SUS,MO,ACE,CE,Towers with Radar,0,25,72,0,97,0,1,148,0,149,0,26,220,0,246,170,0,170,416
11/13/2006,SUS,MO,ACE,CE,Towers with Radar,2,30,108,0,140,0,8,84,0,92,2,38,192,0,232,210,0,210,442
11/14/2006,SUS,MO,ACE,CE,Towers with Radar,0,38,147,1,186,0,0,6,0,6,0,38,153,1,192,40,0,40,232
11/15/2006,SUS,MO,ACE,CE,Towers with Radar,0,30,101,0,131,0,0,1,0,1,0,30,102,0,132,0,0,0,132
11/16/2006,SUS,MO,ACE,CE,Towers with Radar,0,47,135,8,190,0,4,55,0,59,0,51,190,8,249,46,0,46,295
11/17/2006,SUS,MO,ACE,CE,Towers with Radar,0,32,123,0,155,0,4,165,0,169,0,36,288,0,324,184,0,184,508
11/18/2006,SUS,MO,ACE,CE,Towers with Radar,0,31,69,0,100,0,2,51,0,53,0,33,120,0,153,172,0,172,325
11/19/2006,SUS,MO,ACE,CE,Towers with Radar,2,25,101,1,129,0,8,224,1,233,2,33,325,2,362,190,0,190,552
11/20/2006,SUS,MO,ACE,CE,Towers with Radar,1,31,119,0,151,0,1,172,1,174,1,32,291,1,325,150,0,150,475
11/21/2006,SUS,MO,ACE,CE,Towers with Radar,1,33,151,0,185,0,0,180,0,180,1,33,331,0,365,74,0,74,439
11/22/2006,SUS,MO,ACE,CE,Towers with Radar,0,38,140,0,178,0,3,195,0,198,0,41,335,0,376,104,0,104,480
11/23/2006,SUS,MO,ACE,CE,Towers with Radar,0,10,28,0,38,0,0,85,0,85,0,10,113,0,123,42,0,42,165
11/24/2006,SUS,MO,ACE,CE,Towers with Radar,0,14,83,0,97,0,1,139,0,140,0,15,222,0,237,108,0,108,345
11/25/2006,SUS,MO,ACE,CE,Towers with Radar,0,14,74,0,88,0,1,158,0,159,0,15,232,0,247,98,0,98,345
11/26/2006,SUS,MO,ACE,CE,Towers with Radar,1,45,115,0,161,0,5,132,0,137,1,50,247,0,298,248,0,248,546
11/27/2006,SUS,MO,ACE,CE,Towers with Radar,0,25,97,0,122,0,7,103,0,110,0,32,200,0,232,142,0,142,374
11/28/2006,SUS,MO,ACE,CE,Towers with Radar,0,34,130,0,164,0,2,77,0,79,0,36,207,0,243,58,0,58,301
11/29/2006,SUS,MO,ACE,CE,Towers with Radar,0,30,112,0,142,0,2,52,0,54,0,32,164,0,196,118,0,118,314
11/30/2006,SUS,MO,ACE,CE,Towers with Radar,0,16,32,0,48,0,0,0,0,0,0,16,32,0,48,0,0,0,48
12/01/2006,SUS,MO,ACE,CE,Towers with Radar,3,30,79,6,118,1,4,25,7,37,4,34,104,13,155,16,0,16,171
12/02/2006,SUS,MO,ACE,CE,Towers with Radar,0,22,55,0,77,0,5,90,0,95,0,27,145,0,172,142,0,142,314
12/03/2006,SUS,MO,ACE,CE,Towers with Radar,0,29,71,0,100,0,2,70,0,72,0,31,141,0,172,88,0,88,260
12/04/2006,SUS,MO,ACE,CE,Towers with Radar,2,20,104,2,128,0,1,79,0,80,2,21,183,2,208,52,0,52,260
12/05/2006,SUS,MO,ACE,CE,Towers with Radar,0,30,118,0,148,0,2,127,0,129,0,32,245,0,277,130,0,130,407
12/06/2006,SUS,MO,ACE,CE,Towers with Radar,1,28,115,0,144,0,8,101,0,109,1,36,216,0,253,99,0,99,352
12/07/2006,SUS,MO,ACE,CE,Towers with Radar,1,26,115,0,142,0,7,62,0,69,1,33,177,0,211,45,0,45,256
12/08/2006,SUS,MO,ACE,CE,Towers with Radar,0,34,124,5,163,0,9,108,0,117,0,43,232,5,280,148,0,148,428
12/09/2006,SUS,MO,ACE,CE,Towers with Radar,0,13,85,1,99,0,6,183,1,190,0,19,268,2,289,180,0,180,469
12/10/2006,SUS,MO,ACE,CE,Towers with Radar,0,27,85,2,114,0,5,135,0,140,0,32,220,2,254,106,0,106,360
12/11/2006,SUS,MO,ACE,CE,Towers with Radar,0,28,111,0,139,0,2,47,0,49,0,30,158,0,188,96,0,96,284
12/12/2006,SUS,MO,ACE,CE,Towers with Radar,2,49,138,0,189,0,2,64,0,66,2,51,202,0,255,104,0,104,359
12/13/2006,SUS,MO,ACE,CE,Towers with Radar,0,38,134,0,172,0,3,163,0,166,0,41,297,0,338,188,0,188,526
12/14/2006,SUS,MO,ACE,CE,Towers with Radar,0,43,157,1,201,0,9,109,1,119,0,52,266,2,320,112,0,112,432
12/15/2006,SUS,MO,ACE,CE,Towers with Radar,1,31,135,5,172,0,14,186,0,200,1,45,321,5,372,220,0,220,592
12/16/2006,SUS,MO,ACE,CE,Towers with Radar,1,18,89,1,109,0,4,86,0,90,1,22,175,1,199,160,0,160,359
12/17/2006,SUS,MO,ACE,CE,Towers with Radar,1,27,95,0,123,0,3,46,0,49,1,30,141,0,172,162,0,162,334
12/18/2006,SUS,MO,ACE,CE,Towers with Radar,2,42,124,1,169,0,4,112,0,116,2,46,236,1,285,150,2,152,437
12/19/2006,SUS,MO,ACE,CE,Towers with Radar,1,37,161,7,206,0,0,162,0,162,1,37,323,7,368,212,0,212,580
12/20/2006,SUS,MO,ACE,CE,Towers with Radar,0,41,134,0,175,0,2,43,0,45,0,43,177,0,220,58,0,58,278
12/21/2006,SUS,MO,ACE,CE,Towers with Radar,0,31,127,0,158,0,5,43,0,48,0,36,170,0,206,50,0,50,256
12/22/2006,SUS,MO,ACE,CE,Towers with Radar,0,41,99,1,141,0,2,149,0,151,0,43,248,1,292,82,0,82,374
12/23/2006,SUS,MO,ACE,CE,Towers with Radar,1,27,105,0,133,0,3,116,0,119,1,30,221,0,252,186,0,186,438
12/24/2006,SUS,MO,ACE,CE,Towers with Radar,0,10,29,0,39,0,4,72,0,76,0,14,101,0,115,38,0,38,153
12/25/2006,SUS,MO,ACE,CE,Towers with Radar,0,18,20,0,38,0,2,15,0,17,0,20,35,0,55,24,0,24,79
12/26/2006,SUS,MO,ACE,CE,Towers with Radar,1,30,82,0,113,0,4,136,0,140,1,34,218,0,253,124,0,124,377
12/27/2006,SUS,MO,ACE,CE,Towers with Radar,0,26,87,0,113,0,8,175,2,185,0,34,262,2,298,124,0,124,422
12/28/2006,SUS,MO,ACE,CE,Towers with Radar,0,33,67,0,100,0,14,170,2,186,0,47,237,2,286,111,0,111,397
12/29/2006,SUS,MO,ACE,CE,Towers with Radar,0,32,68,0,100,0,5,119,0,124,0,37,187,0,224,56,0,56,280
12/30/2006,SUS,MO,ACE,CE,Towers with Radar,1,19,68,0,88,0,12,70,0,82,1,31,138,0,170,94,0,94,264
12/31/2006,SUS,MO,ACE,CE,Towers with Radar,0,16,46,0,62,0,1,40,0,41,0,17,86,0,103,112,0,112,215
01/01/2007,SUS,MO,ACE,CE,Towers with Radar,0,29,46,0,75,0,0,28,0,28,0,29,74,0,103,24,0,24,127
01/02/2007,SUS,MO,ACE,CE,Towers with Radar,0,28,93,2,123,0,1,128,0,129,0,29,221,2,252,150,2,152,404
01/03/2007,SUS,MO,ACE,CE,Towers with Radar,0,19,116,2,137,0,6,129,0,135,0,25,245,2,272,208,12,220,492
01/04/2007,SUS,MO,ACE,CE,Towers with Radar,1,23,98,0,122,0,0,18,0,18,1,23,116,0,140,2,0,2,142
01/05/2007,SUS,MO,ACE,CE,Towers with Radar,1,19,121,0,141,0,4,18,0,22,1,23,139,0,163,112,0,112,275
01/06/2007,SUS,MO,ACE,CE,Towers with Radar,1,10,61,13,85,0,3,115,0,118,1,13,176,13,203,170,0,170,373
01/07/2007,SUS,MO,ACE,CE,Towers with Radar,1,17,112,2,132,0,2,70,0,72,1,19,182,2,204,226,0,226,430
01/08/2007,SUS,MO,ACE,CE,Towers with Radar,1,15,85,0,101,0,4,82,0,86,1,19,167,0,187,71,0,71,258
01/09/2007,SUS,MO,ACE,CE,Towers with Radar,0,28,124,0,152,0,6,41,0,47,0,34,165,0,199,23,0,23,222
01/10/2007,SUS,MO,ACE,CE,Towers with Radar,0,19,108,0,127,0,3,102,0,105,0,22,210,0,232,131,0,131,363
01/11/2007,SUS,MO,ACE,CE,Towers with Radar,0,39,101,8,148,0,5,50,0,55,0,44,151,8,203,50,0,50,253
01/12/2007,SUS,MO,ACE,CE,Towers with Radar,0,30,91,0,121,0,3,18,0,21,0,33,109,0,142,92,0,92,234
01/13/2007,SUS,MO,ACE,CE,Towers with Radar,0,10,17,0,27,0,0,0,0,0,0,10,17,0,27,0,0,0,27
01/14/2007,SUS,MO,ACE,CE,Towers with Radar,0,21,27,0,48,0,0,0,0,0,0,21,27,0,48,0,0,0,48
01/15/2007,SUS,MO,ACE,CE,Towers with Radar,0,21,60,0,81,0,4,9,0,13,0,25,69,0,94,30,0,30,124
01/16/2007,SUS,MO,ACE,CE,Towers with Radar,0,27,102,3,132,0,4,77,3,84,0,31,179,6,216,68,0,68,284
01/17/2007,SUS,MO,ACE,CE,Towers with Radar,0,23,147,2,172,0,7,124,0,131,0,30,271,2,303,235,0,235,538
01/18/2007,SUS,MO,ACE,CE,Towers with Radar,0,14,97,0,111,0,9,26,2,37,0,23,123,2,148,54,0,54,202
01/19/2007,SUS,MO,ACE,CE,Towers with Radar,0,29,126,0,155,0,2,195,0,197,0,31,321,0,352,148,0,148,500
01/20/2007,SUS,MO,ACE,CE,Towers with Radar,0,13,63,0,76,0,1,124,0,125,0,14,187,0,201,181,0,181,382
01/21/2007,SUS,MO,ACE,CE,Towers with Radar,0,20,46,0,66,0,0,0,0,0,0,20,46,0,66,14,0,14,80
01/22/2007,SUS,MO,ACE,CE,Towers with Radar,0,22,100,0,122,0,2,56,2,60,0,24,156,2,182,104,0,104,286
01/23/2007,SUS,MO,ACE,CE,Towers with Radar,1,19,124,0,144,0,5,126,0,131,1,24,250,0,275,146,0,146,421
01/24/2007,SUS,MO,ACE,CE,Towers with Radar,0,38,124,0,162,0,10,102,0,112,0,48,226,0,274,145,0,145,419
01/25/2007,SUS,MO,ACE,CE,Towers with Radar,0,36,137,1,174,0,5,90,0,95,0,41,227,1,269,126,0,126,395
01/26/2007,SUS,MO,ACE,CE,Towers with Radar,0,28,124,0,152,0,8,126,1,135,0,36,250,1,287,178,0,178,465
01/27/2007,SUS,MO,ACE,CE,Towers with Radar,0,6,39,0,45,0,2,68,1,71,0,8,107,1,116,78,0,78,194
01/28/2007,SUS,MO,ACE,CE,Towers with Radar,0,23,45,0,68,0,3,36,1,40,0,26,81,1,108,80,0,80,188
01/29/2007,SUS,MO,ACE,CE,Towers with Radar,0,20,110,0,130,0,5,114,0,119,0,25,224,0,249,175,0,175,424
01/30/2007,SUS,MO,ACE,CE,Towers with Radar,0,14,83,0,97,0,0,35,0,35,0,14,118,0,132,12,0,12,144
01/31/2007,SUS,MO,ACE,CE,Towers with Radar,0,36,95,0,131,0,1,102,0,103,0,37,197,0,234,194,0,194,428
02/01/2007,SUS,MO,ACE,CE,Towers with Radar,2,29,80,0,111,0,2,42,0,44,2,31,122,0,155,82,0,82,237
02/02/2007,SUS,MO,ACE,CE,Towers with Radar,1,25,93,0,119,0,4,80,0,84,1,29,173,0,203,150,0,150,353
02/03/2007,SUS,MO,ACE,CE,Towers with Radar,0,8,48,0,56,0,3,76,0,79,0,11,124,0,135,90,0,90,225
02/04/2007,SUS,MO,ACE,CE,Towers with Radar,0,17,46,4,67,0,0,59,0,59,0,17,105,4,126,122,0,122,248
02/05/2007,SUS,MO,ACE,CE,Towers with Radar,0,23,111,2,136,0,3,36,1,40,0,26,147,3,176,86,0,86,262
02/06/2007,SUS,MO,ACE,CE,Towers with Radar,0,23,94,0,117,0,8,73,0,81,0,31,167,0,198,98,0,98,296
02/07/2007,SUS,MO,ACE,CE,Towers with Radar,0,25,110,0,135,0,10,82,0,92,0,35,192,0,227,92,0,92,319
02/08/2007,SUS,MO,ACE,CE,Towers with Radar,0,38,139,0,177,0,11,131,0,142,0,49,270,0,319,142,0,142,461
02/09/2007,SUS,MO,ACE,CE,Towers with Radar,2,44,120,0,166,0,3,110,2,115,2,47,230,2,281,112,0,112,393
02/10/2007,SUS,MO,ACE,CE,Towers with Radar,0,18,55,0,73,0,0,158,0,158,0,18,213,0,231,192,0,192,423
02/11/2007,SUS,MO,ACE,CE,Towers with Radar,0,23,67,0,90,0,6,142,0,148,0,29,209,0,238,156,0,156,394
02/12/2007,SUS,MO,ACE,CE,Towers with Radar,0,25,97,0,122,0,4,28,0,32,0,29,125,0,154,122,0,122,276
02/13/2007,SUS,MO,ACE,CE,Towers with Radar,2,17,40,0,59,0,0,0,0,0,2,17,40,0,59,0,0,0,59
02/14/2007,SUS,MO,ACE,CE,Towers with Radar,1,22,94,0,117,0,3,70,0,73,1,25,164,0,190,128,0,128,318
02/15/2007,SUS,MO,ACE,CE,Towers with Radar,0,41,127,0,168,0,7,80,0,87,0,48,207,0,255,170,0,170,425
02/16/2007,SUS,MO,ACE,CE,Towers with Radar,0,33,121,0,154,0,5,115,0,120,0,38,236,0,274,102,0,102,376
02/17/2007,SUS,MO,ACE,CE,Towers with Radar,0,9,33,0,42,0,0,9,0,9,0,9,42,0,51,0,0,0,51
02/18/2007,SUS,MO,ACE,CE,Towers with Radar,0,11,67,0,78,0,6,131,0,137,0,17,198,0,215,126,0,126,341
02/19/2007,SUS,MO,ACE,CE,Towers with Radar,0,39,95,2,136,0,3,54,0,57,0,42,149,2,193,36,4,40,233
02/20/2007,SUS,MO,ACE,CE,Towers with Radar,0,29,98,0,127,0,5,131,0,136,0,34,229,0,263,227,0,227,490
02/21/2007,SUS,MO,ACE,CE,Towers with Radar,0,41,133,0,174,0,8,129,0,137,0,49,262,0,311,156,0,156,467
02/22/2007,SUS,MO,ACE,CE,Towers with Radar,0,29,134,0,163,0,1,163,0,164,0,30,297,0,327,192,0,192,519
02/23/2007,SUS,MO,ACE,CE,Towers with Radar,1,25,98,0,124,0,6,156,0,162,1,31,254,0,286,144,0,144,430
02/24/2007,SUS,MO,ACE,CE,Towers with Radar,1,10,22,0,33,0,0,0,0,0,1,10,22,0,33,0,0,0,33
02/25/2007,SUS,MO,ACE,CE,Towers with Radar,4,14,38,0,56,0,0,17,0,17,4,14,55,0,73,6,0,6,79
02/26/2007,SUS,MO,ACE,CE,Towers with Radar,0,25,116,0,141,0,7,153,0,160,0,32,269,0,301,166,0,166,467
02/27/2007,SUS,MO,ACE,CE,Towers with Radar,0,25,128,0,153,0,3,197,2,202,0,28,325,2,355,248,0,248,603
02/28/2007,SUS,MO,ACE,CE,Towers with Radar,1,22,95,0,118,0,13,97,0,110,1,35,192,0,228,106,0,106,334
03/01/2007,SUS,MO,ACE,CE,Towers with Radar,0,25,69,0,94,0,1,3,0,4,0,26,72,0,98,0,0,0,98
03/02/2007,SUS,MO,ACE,CE,Towers with Radar,0,23,110,0,133,0,4,35,0,39,0,27,145,0,172,16,0,16,188
03/03/2007,SUS,MO,ACE,CE,Towers with Radar,2,18,44,0,64,0,6,16,0,22,2,24,60,0,86,6,0,6,92
03/04/2007,SUS,MO,ACE,CE,Towers with Radar,0,25,84,1,110,0,7,226,0,233,0,32,310,1,343,296,0,296,639
03/05/2007,SUS,MO,ACE,CE,Towers with Radar,0,33,92,0,125,0,10,175,0,185,0,43,267,0,310,198,0,198,508
03/06/2007,SUS,MO,ACE,CE,Towers with Radar,0,31,120,2,153,0,3,165,0,168,0,34,285,2,321,205,0,205,526
03/07/2007,SUS,MO,ACE,CE,Towers with Radar,0,24,128,2,154,0,5,119,2,126,0,29,247,4,280,234,0,234,514
03/08/2007,SUS,MO,ACE,CE,Towers with Radar,0,24,106,0,130,0,0,189,0,189,0,24,295,0,319,278,0,278,597
03/09/2007,SUS,MO,ACE,CE,Towers with Radar,2,32,111,1,146,0,0,90,0,90,2,32,201,1,236,282,0,282,518
03/10/2007,SUS,MO,ACE,CE,Towers with Radar,0,22,88,2,112,0,5,180,0,185,0,27,268,2,297,242,0,242,539
03/11/2007,SUS,MO,ACE,CE,Towers with Radar,2,25,84,0,111,0,8,235,0,243,2,33,319,0,354,311,0,311,665
03/12/2007,SUS,MO,ACE,CE,Towers with Radar,0,24,95,2,121,0,1,149,0,150,0,25,244,2,271,192,0,192,463
03/13/2007,SUS,MO,ACE,CE,Towers with Radar,0,30,119,0,149,0,18,151,1,170,0,48,270,1,319,326,0,326,645
03/14/2007,SUS,MO,ACE,CE,Towers with Radar,0,25,151,0,176,0,6,108,0,114,0,31,259,0,290,204,0,204,494
03/15/2007,SUS,MO,ACE,CE,Towers with Radar,0,24,131,0,155,0,7,87,1,95,0,31,218,1,250,238,0,238,488
03/16/2007,SUS,MO,ACE,CE,Towers with Radar,0,44,133,3,180,0,11,137,1,149,0,55,270,4,329,162,0,162,491
03/17/2007,SUS,MO,ACE,CE,Towers with Radar,0,38,80,0,118,0,0,56,0,56,0,38,136,0,174,104,0,104,278
03/18/2007,SUS,MO,ACE,CE,Towers with Radar,0,19,78,1,98,0,2,169,0,171,0,21,247,1,269,240,0,240,509
03/19/2007,SUS,MO,ACE,CE,Towers with Radar,0,15,77,2,94,0,3,65,0,68,0,18,142,2,162,274,0,274,436
03/20/2007,SUS,MO,ACE,CE,Towers with Radar,0,25,118,0,143,0,5,67,0,72,0,30,185,0,215,152,0,152,367
03/21/2007,SUS,MO,ACE,CE,Towers with Radar,2,34,102,3,141,0,6,72,0,78,2,40,174,3,219,80,0,80,299
03/22/2007,SUS,MO,ACE,CE,Towers with Radar,0,34,107,0,141,0,7,59,0,66,0,41,166,0,207,144,0,144,351
03/23/2007,SUS,MO,ACE,CE,Towers with Radar,0,32,105,0,137,0,1,58,0,59,0,33,163,0,196,115,0,115,311
03/24/2007,SUS,MO,ACE,CE,Towers with Radar,0,28,67,0,95,0,2,187,0,189,0,30,254,0,284,146,0,146,430
03/25/2007,SUS,MO,ACE,CE,Towers with Radar,2,38,85,2,127,0,4,153,0,157,2,42,238,2,284,147,0,147,431
03/26/2007,SUS,MO,ACE,CE,Towers with Radar,0,25,89,0,114,0,4,95,0,99,0,29,184,0,213,300,0,300,513
03/27/2007,SUS,MO,ACE,CE,Towers with Radar,0,30,80,7,117,0,3,103,2,108,0,33,183,9,225,279,0,279,504
03/28/2007,SUS,MO,ACE,CE,Towers with Radar,0,21,128,0,149,0,9,128,0,137,0,30,256,0,286,272,0,272,558
03/29/2007,SUS,MO,ACE,CE,Towers with Radar,0,24,129,1,154,0,4,42,0,46,0,28,171,1,200,122,0,122,322
03/30/2007,SUS,MO,ACE,CE,Towers with Radar,0,33,74,0,107,0,0,18,0,18,0,33,92,0,125,16,0,16,141
03/31/2007,SUS,MO,ACE,CE,Towers with Radar,0,28,62,0,90,0,0,29,0,29,0,28,91,0,119,14,0,14,133
04/01/2007,SUS,MO,ACE,CE,Towers with Radar,1,27,62,0,90,0,5,68,0,73,1,32,130,0,163,50,0,50,213
04/02/2007,SUS,MO,ACE,CE,Towers with Radar,0,20,114,0,134,0,7,183,1,191,0,27,297,1,325,182,0,182,507
04/03/2007,SUS,MO,ACE,CE,Towers with Radar,0,37,87,0,124,0,3,39,0,42,0,40,126,0,166,44,0,44,210
04/04/2007,SUS,MO,ACE,CE,Towers with Radar,0,41,126,2,169,0,4,108,0,112,0,45,234,2,281,138,0,138,419
04/05/2007,SUS,MO,ACE,CE,Towers with Radar,0,25,130,0,155,0,11,143,0,154,0,36,273,0,309,98,0,98,407
04/06/2007,SUS,MO,ACE,CE,Towers with Radar,0,27,96,0,123,0,4,82,0,86,0,31,178,0,209,42,0,42,251
04/07/2007,SUS,MO,ACE,CE,Towers with Radar,1,18,53,0,72,0,4,93,0,97,1,22,146,0,169,102,0,102,271
04/08/2007,SUS,MO,ACE,CE,Towers with Radar,2,21,61,0,84,0,4,110,0,114,2,25,171,0,198,108,0,108,306
04/09/2007,SUS,MO,ACE,CE,Towers with Radar,0,34,114,0,148,0,3,175,2,180,0,37,289,2,328,248,0,248,576
04/10/2007,SUS,MO,ACE,CE,Towers with Radar,0,25,105,5,135,0,6,94,6,106,0,31,199,11,241,108,0,108,349
04/11/2007,SUS,MO,ACE,CE,Towers with Radar,2,31,125,0,158,0,2,19,0,21,2,33,144,0,179,36,0,36,215
04/12/2007,SUS,MO,ACE,CE,Towers with Radar,0,30,139,0,169,0,5,91,0,96,0,35,230,0,265,150,0,150,415
04/13/2007,SUS,MO,ACE,CE,Towers with Radar,0,43,104,1,148,0,2,109,1,112,0,45,213,2,260,178,0,178,438
04/14/2007,SUS,MO,ACE,CE,Towers with Radar,0,15,38,0,53,0,6,11,0,17,0,21,49,0,70,0,0,0,70
04/15/2007,SUS,MO,ACE,CE,Towers with Radar,2,18,67,1,88,0,11,207,0,218,2,29,274,1,306,200,0,200,506
04/16/2007,SUS,MO,ACE,CE,Towers with Radar,0,24,117,0,141,0,7,140,0,147,0,31,257,0,288,132,0,132,420
04/17/2007,SUS,MO,ACE,CE,Towers with Radar,0,22,114,0,136,0,5,161,0,166,0,27,275,0,302,298,0,298,600
04/18/2007,SUS,MO,ACE,CE,Towers with Radar,0,20,128,0,148,0,4,117,0,121,0,24,245,0,269,142,0,142,411
04/19/2007,SUS,MO,ACE,CE,Towers with Radar,0,24,140,1,165,0,3,135,0,138,0,27,275,1,303,148,0,148,451
04/20/2007,SUS,MO,ACE,CE,Towers with Radar,2,24,118,0,144,0,3,200,0,203,2,27,318,0,347,178,0,178,525
04/21/2007,SUS,MO,ACE,CE,Towers with Radar,0,8,56,0,64,0,2,276,0,278,0,10,332,0,342,216,0,216,558
04/22/2007,SUS,MO,ACE,CE,Towers with Radar,0,22,60,0,82,0,2,106,0,108,0,24,166,0,190,86,0,86,276
04/23/2007,SUS,MO,ACE,CE,Towers with Radar,0,24,125,0,149,0,7,72,0,79,0,31,197,0,228,91,0,91,319
04/24/2007,SUS,MO,ACE,CE,Towers with Radar,0,28,112,0,140,0,8,91,2,101,0,36,203,2,241,210,0,210,451
04/25/2007,SUS,MO,ACE,CE,Towers with Radar,0,28,124,0,152,0,14,82,0,96,0,42,206,0,248,228,0,228,476
04/26/2007,SUS,MO,ACE,CE,Towers with Radar,0,44,145,1,190,0,9,50,1,60,0,53,195,2,250,142,0,142,392
04/27/2007,SUS,MO,ACE,CE,Towers with Radar,0,35,141,1,177,0,3,177,1,181,0,38,318,2,358,252,0,252,610
04/28/2007,SUS,MO,ACE,CE,Towers with Radar,0,21,62,6,89,0,5,202,1,208,0,26,264,7,297,322,18,340,637
04/29/2007,SUS,MO,ACE,CE,Towers with Radar,0,29,94,0,123,0,13,250,0,263,0,42,344,0,386,294,0,294,680
04/30/2007,SUS,MO,ACE,CE,Towers with Radar,0,22,105,1,128,0,5,186,1,192,0,27,291,2,320,213,0,213,533
05/01/2007,SUS,MO,ACE,CE,Towers with Radar,0,26,111,0,137,0,1,110,0,111,0,27,221,0,248,225,0,225,473
05/02/2007,SUS,MO,ACE,CE,Towers with Radar,0,37,122,0,159,0,0,14,0,14,0,37,136,0,173,0,0,0,173
05/03/2007,SUS,MO,ACE,CE,Towers with Radar,0,25,107,0,132,0,2,17,0,19,0,27,124,0,151,0,0,0,151
05/04/2007,SUS,MO,ACE,CE,Towers with Radar,0,26,116,0,142,0,0,12,2,14,0,26,128,2,156,26,0,26,182
05/05/2007,SUS,MO,ACE,CE,Towers with Radar,0,19,84,0,103,0,0,68,0,68,0,19,152,0,171,255,0,255,426
05/06/2007,SUS,MO,ACE,CE,Towers with Radar,1,24,97,0,122,0,2,59,0,61,1,26,156,0,183,278,0,278,461
05/07/2007,SUS,MO,ACE,CE,Towers with Radar,0,31,100,0,131,0,6,209,0,215,0,37,309,0,346,314,0,314,660
05/08/2007,SUS,MO,ACE,CE,Towers with Radar,1,19,118,0,138,0,5,160,0,165,1,24,278,0,303,338,0,338,641
05/09/2007,SUS,MO,ACE,CE,Towers with Radar,0,21,114,0,135,0,11,200,0,211,0,32,314,0,346,174,0,174,520
05/10/2007,SUS,MO,ACE,CE,Towers with Radar,0,30,137,0,167,0,4,89,2,95,0,34,226,2,262,90,0,90,352
05/11/2007,SUS,MO,ACE,CE,Towers with Radar,0,30,116,4,150,0,3,102,2,107,0,33,218,6,257,87,6,93,350
05/12/2007,SUS,MO,ACE,CE,Towers with Radar,1,25,75,0,101,0,6,251,0,257,1,31,326,0,358,202,0,202,560
05/13/2007,SUS,MO,ACE,CE,Towers with Radar,0,13,59,0,72,0,1,170,0,171,0,14,229,0,243,216,0,216,459
05/14/2007,SUS,MO,ACE,CE,Towers with Radar,0,28,99,0,127,0,8,149,1,158,0,36,248,1,285,134,0,134,419
05/15/2007,SUS,MO,ACE,CE,Towers with Radar,0,30,115,0,145,0,4,63,0,67,0,34,178,0,212,98,0,98,310
05/16/2007,SUS,MO,ACE,CE,Towers with Radar,0,33,165,5,203,0,1,179,2,182,0,34,344,7,385,135,2,137,522
05/17/2007,SUS,MO,ACE,CE,Towers with Radar,0,37,140,0,177,0,3,160,1,164,0,40,300,1,341,61,0,61,402
05/18/2007,SUS,MO,ACE,CE,Towers with Radar,0,36,123,5,164,0,5,230,0,235,0,41,353,5,399,128,2,130,529
05/19/2007,SUS,MO,ACE,CE,Towers with Radar,0,18,65,0,83,0,3,226,2,231,0,21,291,2,314,340,0,340,654
05/20/2007,SUS,MO,ACE,CE,Towers with Radar,0,28,68,2,98,0,2,192,0,194,0,30,260,2,292,270,0,270,562
05/21/2007,SUS,MO,ACE,CE,Towers with Radar,0,38,98,1,137,0,11,163,1,175,0,49,261,2,312,76,0,76,388
05/22/2007,SUS,MO,ACE,CE,Towers with Radar,0,29,105,0,134,0,2,150,0,152,0,31,255,0,286,54,0,54,340
05/23/2007,SUS,MO,ACE,CE,Towers with Radar,0,30,113,2,145,0,4,138,5,147,0,34,251,7,292,102,2,104,396
05/24/2007,SUS,MO,ACE,CE,Towers with Radar,0,39,137,5,181,0,9,138,0,147,0,48,275,5,328,62,0,62,390
05/25/2007,SUS,MO,ACE,CE,Towers with Radar,1,32,99,0,132,0,4,75,0,79,1,36,174,0,211,138,0,138,349
05/26/2007,SUS,MO,ACE,CE,Towers with Radar,0,15,68,0,83,0,5,93,0,98,0,20,161,0,181,306,0,306,487
05/27/2007,SUS,MO,ACE,CE,Towers with Radar,0,7,48,0,55,0,6,93,0,99,0,13,141,0,154,102,0,102,256
05/28/2007,SUS,MO,ACE,CE,Towers with Radar,0,13,81,2,96,0,5,124,0,129,0,18,205,2,225,214,0,214,439
05/29/2007,SUS,MO,ACE,CE,Towers with Radar,0,20,123,0,143,0,6,140,0,146,0,26,263,0,289,116,0,116,405
05/30/2007,SUS,MO,ACE,CE,Towers with Radar,0,21,117,2,140,0,4,90,0,94,0,25,207,2,234,55,0,55,289
05/31/2007,SUS,MO,ACE,CE,Towers with Radar,0,34,142,0,176,0,7,89,0,96,0,41,231,0,272,194,0,194,466
06/01/2007,SUS,MO,ACE,CE,Towers with Radar,0,21,103,1,125,0,0,125,0,125,0,21,228,1,250,51,8,59,309
06/02/2007,SUS,MO,ACE,CE,Towers with Radar,0,19,57,0,76,0,11,72,0,83,0,30,129,0,159,132,0,132,291
06/03/2007,SUS,MO,ACE,CE,Towers with Radar,0,23,71,3,97,0,3,148,2,153,0,26,219,5,250,308,0,308,558
06/04/2007,SUS,MO,ACE,CE,Towers with Radar,0,25,122,0,147,0,9,148,0,157,0,34,270,0,304,270,0,270,574
06/05/2007,SUS,MO,ACE,CE,Towers with Radar,0,27,139,1,167,0,6,223,0,229,0,33,362,1,396,262,0,262,658
06/06/2007,SUS,MO,ACE,CE,Towers with Radar,0,27,127,1,155,0,2,127,4,133,0,29,254,5,288,134,0,134,422
06/07/2007,SUS,MO,ACE,CE,Towers with Radar,0,22,123,1,146,0,4,73,3,80,0,26,196,4,226,24,0,24,250
06/08/2007,SUS,MO,ACE,CE,Towers with Radar,0,27,150,13,190,0,8,173,3,184,0,35,323,16,374,132,0,132,506
06/09/2007,SUS,MO,ACE,CE,Towers with Radar,0,19,81,9,109,0,10,258,2,270,0,29,339,11,379,337,0,337,716
06/10/2007,SUS,MO,ACE,CE,Towers with Radar,0,25,62,4,91,0,3,87,1,91,0,28,149,5,182,172,0,172,354
06/11/2007,SUS,MO,ACE,CE,Towers with Radar,0,13,105,0,118,0,3,151,0,154,0,16,256,0,272,162,0,162,434
06/12/2007,SUS,MO,ACE,CE,Towers with Radar,2,32,124,0,158,0,3,195,0,198,2,35,319,0,356,187,0,187,543
06/13/2007,SUS,MO,ACE,CE,Towers with Radar,0,26,120,4,150,0,2,216,0,218,0,28,336,4,368,109,0,109,477
06/14/2007,SUS,MO,ACE,CE,Towers with Radar,0,37,121,0,158,0,4,161,0,165,0,41,282,0,323,138,0,138,461
06/15/2007,SUS,MO,ACE,CE,Towers with Radar,0,33,140,16,189,0,7,171,2,180,0,40,311,18,369,80,0,80,449
06/16/2007,SUS,MO,ACE,CE,Towers with Radar,0,15,56,1,72,0,7,136,0,143,0,22,192,1,215,290,0,290,505
06/17/2007,SUS,MO,ACE,CE,Towers with Radar,0,35,87,4,126,0,1,132,3,136,0,36,219,7,262,206,0,206,468
06/18/2007,SUS,MO,ACE,CE,Towers with Radar,0,34,123,0,157,0,2,79,0,81,0,36,202,0,238,88,0,88,326
06/19/2007,SUS,MO,ACE,CE,Towers with Radar,0,27,153,3,183,0,3,188,5,196,0,30,341,8,379,225,0,225,604
06/20/2007,SUS,MO,ACE,CE,Towers with Radar,1,35,130,1,167,0,7,225,1,233,1,42,355,2,400,100,0,100,500
06/21/2007,SUS,MO,ACE,CE,Towers with Radar,0,31,149,1,181,0,7,179,0,186,0,38,328,1,367,340,0,340,707
06/22/2007,SUS,MO,ACE,CE,Towers with Radar,0,21,136,0,157,0,8,148,0,156,0,29,284,0,313,261,0,261,574
06/23/2007,SUS,MO,ACE,CE,Towers with Radar,2,22,46,0,70,0,5,62,2,69,2,27,108,2,139,106,0,106,245
06/24/2007,SUS,MO,ACE,CE,Towers with Radar,0,28,115,0,143,0,1,59,0,60,0,29,174,0,203,174,0,174,377
06/25/2007,SUS,MO,ACE,CE,Towers with Radar,0,33,133,0,166,0,6,139,0,145,0,39,272,0,311,244,0,244,555
06/26/2007,SUS,MO,ACE,CE,Towers with Radar,0,16,158,0,174,0,4,105,0,109,0,20,263,0,283,304,0,304,587
06/27/2007,SUS,MO,ACE,CE,Towers with Radar,0,21,145,0,166,0,2,82,0,84,0,23,227,0,250,155,0,155,405
06/28/2007,SUS,MO,ACE,CE,Towers with Radar,0,34,109,1,144,0,7,59,0,66,0,41,168,1,210,116,0,116,326
06/29/2007,SUS,MO,ACE,CE,Towers with Radar,0,33,153,10,196,3,3,74,13,93,3,36,227,23,289,164,0,164,453
06/30/2007,SUS,MO,ACE,CE,Towers with Radar,2,22,71,4,99,0,3,105,0,108,2,25,176,4,207,239,18,257,464
07/01/2007,SUS,MO,ACE,CE,Towers with Radar,1,26,87,8,122,0,3,180,0,183,1,29,267,8,305,282,0,282,587
07/02/2007,SUS,MO,ACE,CE,Towers with Radar,0,24,82,0,106,0,3,205,0,208,0,27,287,0,314,224,0,224,538
07/03/2007,SUS,MO,ACE,CE,Towers with Radar,0,25,116,1,142,0,3,225,0,228,0,28,341,1,370,283,0,283,653
07/04/2007,SUS,MO,ACE,CE,Towers with Radar,1,13,31,0,45,0,0,93,0,93,1,13,124,0,138,190,0,190,328
07/05/2007,SUS,MO,ACE,CE,Towers with Radar,2,20,87,1,110,0,2,168,0,170,2,22,255,1,280,195,0,195,475
07/06/2007,SUS,MO,ACE,CE,Towers with Radar,0,30,78,1,109,0,5,200,2,207,0,35,278,3,316,210,0,210,526
07/07/2007,SUS,MO,ACE,CE,Towers with Radar,0,14,64,0,78,0,6,170,0,176,0,20,234,0,254,133,0,133,387
07/08/2007,SUS,MO,ACE,CE,Towers with Radar,0,34,94,5,133,0,5,166,0,171,0,39,260,5,304,216,0,216,520
07/09/2007,SUS,MO,ACE,CE,Towers with Radar,1,26,123,0,150,0,5,93,0,98,1,31,216,0,248,140,0,140,388
07/10/2007,SUS,MO,ACE,CE,Towers with Radar,0,17,138,2,157,0,2,124,2,128,0,19,262,4,285,216,0,216,501
07/11/2007,SUS,MO,ACE,CE,Towers with Radar,0,27,136,0,163,0,8,181,2,191,0,35,317,2,354,154,0,154,508
07/12/2007,SUS,MO,ACE,CE,Towers with Radar,0,40,144,0,184,0,12,145,0,157,0,52,289,0,341,312,0,312,653
07/13/2007,SUS,MO,ACE,CE,Towers with Radar,0,35,107,2,144,0,7,181,0,188,0,42,288,2,332,154,0,154,486
07/14/2007,SUS,MO,ACE,CE,Towers with Radar,0,9,70,0,79,0,2,204,4,210,0,11,274,4,289,222,0,222,511
07/15/2007,SUS,MO,ACE,CE,Towers with Radar,0,25,88,0,113,0,5,193,0,198,0,30,281,0,311,194,0,194,505
07/16/2007,SUS,MO,ACE,CE,Towers with Radar,0,28,95,0,123,0,3,176,0,179,0,31,271,0,302,231,0,231,533
07/17/2007,SUS,MO,ACE,CE,Towers with Radar,0,20,114,0,134,0,12,150,0,162,0,32,264,0,296,202,0,202,498
07/18/2007,SUS,MO,ACE,CE,Towers with Radar,0,25,149,0,174,0,3,180,0,183,0,28,329,0,357,368,0,368,725
07/19/2007,SUS,MO,ACE,CE,Towers with Radar,0,10,140,2,152,0,3,68,1,72,0,13,208,3,224,66,0,66,290
07/20/2007,SUS,MO,ACE,CE,Towers with Radar,0,30,133,0,163,0,11,185,0,196,0,41,318,0,359,302,0,302,661
07/21/2007,SUS,MO,ACE,CE,Towers with Radar,0,25,72,0,97,0,5,232,0,237,0,30,304,0,334,374,0,374,708
07/22/2007,SUS,MO,ACE,CE,Towers with Radar,1,15,87,8,111,0,3,159,0,162,1,18,246,8,273,188,0,188,461
07/23/2007,SUS,MO,ACE,CE,Towers with Radar,0,14,131,0,145,0,3,142,0,145,0,17,273,0,290,43,0,43,333
07/24/2007,SUS,MO,ACE,CE,Towers with Radar,0,21,128,0,149,1,10,185,1,197,1,31,313,1,346,123,3,126,472
07/25/2007,SUS,MO,ACE,CE,Towers with Radar,0,26,151,13,190,0,9,158,0,167,0,35,309,13,357,102,6,108,465
07/26/2007,SUS,MO,ACE,CE,Towers with Radar,2,22,109,8,141,0,4,131,1,136,2,26,240,9,277,164,0,164,441
07/27/2007,SUS,MO,ACE,CE,Towers with Radar,0,31,118,0,149,0,6,94,0,100,0,37,212,0,249,149,0,149,398
07/28/2007,SUS,MO,ACE,CE,Towers with Radar,0,18,85,0,103,0,3,92,1,96,0,21,177,1,199,26,0,26,225
07/29/2007,SUS,MO,ACE,CE,Towers with Radar,2,26,104,2,134,0,2,100,0,102,2,28,204,2,236,186,0,186,422
07/30/2007,SUS,MO,ACE,CE,Towers with Radar,0,23,107,0,130,0,2,140,0,142,0,25,247,0,272,111,0,111,383
07/31/2007,SUS,MO,ACE,CE,Towers with Radar,0,28,94,2,124,0,10,162,0,172,0,38,256,2,296,284,0,284,580
08/01/2007,SUS,MO,ACE,CE,Towers with Radar,4,25,124,0,153,0,0,129,0,129,4,25,253,0,282,308,0,308,590
08/02/2007,SUS,MO,ACE,CE,Towers with Radar,0,34,120,0,154,0,14,139,0,153,0,48,259,0,307,292,0,292,599
08/03/2007,SUS,MO,ACE,CE,Towers with Radar,0,35,125,2,162,0,11,78,0,89,0,46,203,2,251,270,0,270,521
08/04/2007,SUS,MO,ACE,CE,Towers with Radar,0,26,76,0,102,0,8,108,0,116,0,34,184,0,218,321,0,321,539
08/05/2007,SUS,MO,ACE,CE,Towers with Radar,0,32,84,2,118,0,4,152,0,156,0,36,236,2,274,235,4,239,513
08/06/2007,SUS,MO,ACE,CE,Towers with Radar,0,21,115,2,138,0,10,141,0,151,0,31,256,2,289,222,0,222,511
08/07/2007,SUS,MO,ACE,CE,Towers with Radar,0,20,119,0,139,0,2,106,1,109,0,22,225,1,248,190,0,190,438
08/08/2007,SUS,MO,ACE,CE,Towers with Radar,2,34,155,0,191,0,7,153,0,160,2,41,308,0,351,268,0,268,619
08/09/2007,SUS,MO,ACE,CE,Towers with Radar,0,14,138,0,152,0,5,141,1,147,0,19,279,1,299,168,0,168,467
08/10/2007,SUS,MO,ACE,CE,Towers with Radar,0,27,95,4,126,0,5,122,0,127,0,32,217,4,253,236,0,236,489
08/11/2007,SUS,MO,ACE,CE,Towers with Radar,0,21,77,0,98,0,4,192,0,196,0,25,269,0,294,118,0,118,412
08/12/2007,SUS,MO,ACE,CE,Towers with Radar,0,23,82,0,105,0,2,117,0,119,0,25,199,0,224,190,0,190,414
08/13/2007,SUS,MO,ACE,CE,Towers with Radar,2,28,89,0,119,0,5,128,2,135,2,33,217,2,254,124,0,124,378
08/14/2007,SUS,MO,ACE,CE,Towers with Radar,0,19,114,0,133,0,6,105,0,111,0,25,219,0,244,222,0,222,466
08/15/2007,SUS,MO,ACE,CE,Towers with Radar,0,25,127,0,152,0,6,119,0,125,0,31,246,0,277,158,0,158,435
08/16/2007,SUS,MO,ACE,CE,Towers with Radar,0,28,109,0,137,0,7,102,0,109,0,35,211,0,246,124,0,124,370
08/17/2007,SUS,MO,ACE,CE,Towers with Radar,0,52,143,3,198,0,3,122,0,125,0,55,265,3,323,300,0,300,623
08/18/2007,SUS,MO,ACE,CE,Towers with Radar,0,22,90,2,114,0,4,126,0,130,0,26,216,2,244,0,378,378,622
08/19/2007,SUS,MO,ACE,CE,Towers with Radar,0,21,95,2,118,0,3,85,0,88,0,24,180,2,206,297,2,299,505
08/20/2007,SUS,MO,ACE,CE,Towers with Radar,0,34,86,2,122,0,3,35,0,38,0,37,121,2,160,122,0,122,282
08/21/2007,SUS,MO,ACE,CE,Towers with Radar,0,14,143,1,158,0,1,126,0,127,0,15,269,1,285,193,0,193,478
08/22/2007,SUS,MO,ACE,CE,Towers with Radar,0,20,149,0,169,0,6,151,2,159,0,26,300,2,328,43,0,43,371
08/23/2007,SUS,MO,ACE,CE,Towers with Radar,0,26,121,0,147,0,8,190,1,199,0,34,311,1,346,12,0,12,358
08/24/2007,SUS,MO,ACE,CE,Towers with Radar,0,40,103,3,146,0,6,34,0,40,0,46,137,3,186,24,0,24,210
08/25/2007,SUS,MO,ACE,CE,Towers with Radar,0,12,85,1,98,0,1,123,0,124,0,13,208,1,222,190,0,190,412
08/26/2007,SUS,MO,ACE,CE,Towers with Radar,0,16,71,0,87,0,3,195,0,198,0,19,266,0,285,167,0,167,452
08/27/2007,SUS,MO,ACE,CE,Towers with Radar,0,22,129,1,152,0,15,167,0,182,0,37,296,1,334,146,0,146,480
08/28/2007,SUS,MO,ACE,CE,Towers with Radar,0,18,132,2,152,0,11,145,0,156,0,29,277,2,308,126,12,138,446
08/29/2007,SUS,MO,ACE,CE,Towers with Radar,0,28,141,1,170,0,9,124,5,138,0,37,265,6,308,61,0,61,369
08/30/2007,SUS,MO,ACE,CE,Towers with Radar,0,20,147,16,183,0,5,86,10,101,0,25,233,26,284,54,0,54,338
08/31/2007,SUS,MO,ACE,CE,Towers with Radar,0,16,124,11,151,0,4,146,27,177,0,20,270,38,328,44,0,44,372
09/01/2007,SUS,MO,ACE,CE,Towers with Radar,0,15,54,1,70,0,0,116,1,117,0,15,170,2,187,58,0,58,245
09/02/2007,SUS,MO,ACE,CE,Towers with Radar,1,6,47,0,54,0,7,69,0,76,1,13,116,0,130,4,0,4,134
09/03/2007,SUS,MO,ACE,CE,Towers with Radar,0,12,80,9,101,0,13,119,2,134,0,25,199,11,235,63,0,63,298
09/04/2007,SUS,MO,ACE,CE,Towers with Radar,0,10,124,17,151,0,2,120,4,126,0,12,244,21,277,28,2,30,307
09/05/2007,SUS,MO,ACE,CE,Towers with Radar,0,34,111,0,145,0,5,84,0,89,0,39,195,0,234,20,0,20,254
09/06/2007,SUS,MO,ACE,CE,Towers with Radar,2,30,105,0,137,0,3,42,1,46,2,33,147,1,183,28,0,28,211
09/07/2007,SUS,MO,ACE,CE,Towers with Radar,0,31,102,0,133,0,3,52,0,55,0,34,154,0,188,40,0,40,228
09/08/2007,SUS,MO,ACE,CE,Towers with Radar,0,18,79,0,97,0,0,21,0,21,0,18,100,0,118,65,0,65,183
09/09/2007,SUS,MO,ACE,CE,Towers with Radar,0,27,88,2,117,0,0,88,1,89,0,27,176,3,206,154,0,154,360
09/10/2007,SUS,MO,ACE,CE,Towers with Radar,0,18,111,0,129,0,2,122,0,124,0,20,233,0,253,173,0,173,426
09/11/2007,SUS,MO,ACE,CE,Towers with Radar,2,18,138,2,160,0,6,155,1,162,2,24,293,3,322,348,0,348,670
09/12/2007,SUS,MO,ACE,CE,Towers with Radar,0,30,122,0,152,0,7,196,2,205,0,37,318,2,357,128,0,128,485
09/13/2007,SUS,MO,ACE,CE,Towers with Radar,0,26,163,4,193,0,7,185,6,198,0,33,348,10,391,136,0,136,527
09/14/2007,SUS,MO,ACE,CE,Towers with Radar,0,20,114,0,134,0,4,127,0,131,0,24,241,0,265,60,0,60,325
09/15/2007,SUS,MO,ACE,CE,Towers with Radar,0,11,68,0,79,0,5,220,0,225,0,16,288,0,304,270,0,270,574
09/16/2007,SUS,MO,ACE,CE,Towers with Radar,0,22,113,0,135,0,12,130,0,142,0,34,243,0,277,132,0,132,409
09/17/2007,SUS,MO,ACE,CE,Towers with Radar,0,29,114,0,143,0,6,137,1,144,0,35,251,1,287,112,0,112,399
09/18/2007,SUS,MO,ACE,CE,Towers with Radar,2,18,155,0,175,0,8,121,4,133,2,26,276,4,308,222,0,222,530
09/19/2007,SUS,MO,ACE,CE,Towers with Radar,0,27,134,0,161,0,6,126,0,132,0,33,260,0,293,164,0,164,457
09/20/2007,SUS,MO,ACE,CE,Towers with Radar,0,23,165,23,211,0,4,120,0,124,0,27,285,23,335,180,0,180,515
09/21/2007,SUS,MO,ACE,CE,Towers with Radar,2,35,148,3,188,0,0,108,2,110,2,35,256,5,298,258,0,258,556
09/22/2007,SUS,MO,ACE,CE,Towers with Radar,1,19,82,2,104,0,3,194,0,197,1,22,276,2,301,224,0,224,525
09/23/2007,SUS,MO,ACE,CE,Towers with Radar,2,34,90,1,127,0,8,123,9,140,2,42,213,10,267,193,0,193,460
09/24/2007,SUS,MO,ACE,CE,Towers with Radar,0,24,125,5,154,0,4,122,2,128,0,28,247,7,282,150,0,150,432
09/25/2007,SUS,MO,ACE,CE,Towers with Radar,1,20,128,0,149,0,6,86,0,92,1,26,214,0,241,132,0,132,373
09/26/2007,SUS,MO,ACE,CE,Towers with Radar,2,31,138,0,171,0,10,71,1,82,2,41,209,1,253,360,0,360,613
09/27/2007,SUS,MO,ACE,CE,Towers with Radar,0,28,138,0,166,0,2,177,1,180,0,30,315,1,346,105,0,105,451
09/28/2007,SUS,MO,ACE,CE,Towers with Radar,0,30,123,0,153,0,0,178,2,180,0,30,301,2,333,190,0,190,523
09/29/2007,SUS,MO,ACE,CE,Towers with Radar,0,21,57,0,78,0,2,185,2,189,0,23,242,2,267,113,0,113,380
09/30/2007,SUS,MO,ACE,CE,Towers with Radar,0,22,112,0,134,0,3,105,0,108,0,25,217,0,242,94,0,94,336
10/01/2007,SUS,MO,ACE,CE,Towers with Radar,0,18,114,0,132,0,4,133,0,137,0,22,247,0,269,121,0,121,390
10/02/2007,SUS,MO,ACE,CE,Towers with Radar,0,19,117,0,136,0,4,65,0,69,0,23,182,0,205,58,0,58,263
10/03/2007,SUS,MO,ACE,CE,Towers with Radar,2,20,135,0,157,0,3,168,2,173,2,23,303,2,330,435,0,435,765
10/04/2007,SUS,MO,ACE,CE,Towers with Radar,0,27,132,1,160,0,5,142,2,149,0,32,274,3,309,250,0,250,559
10/05/2007,SUS,MO,ACE,CE,Towers with Radar,0,27,129,14,170,0,6,117,1,124,0,33,246,15,294,122,0,122,416
10/06/2007,SUS,MO,ACE,CE,Towers with Radar,0,16,85,5,106,0,15,125,13,153,0,31,210,18,259,231,0,231,490
10/07/2007,SUS,MO,ACE,CE,Towers with Radar,0,18,84,0,102,0,18,170,0,188,0,36,254,0,290,164,0,164,454
10/08/2007,SUS,MO,ACE,CE,Towers with Radar,0,33,73,1,107,0,12,102,5,119,0,45,175,6,226,132,0,132,358
10/09/2007,SUS,MO,ACE,CE,Towers with Radar,0,13,102,2,117,0,9,179,4,192,0,22,281,6,309,374,0,374,683
10/10/2007,SUS,MO,ACE,CE,Towers with Radar,0,32,153,0,185,0,4,133,2,139,0,36,286,2,324,160,0,160,484
10/11/2007,SUS,MO,ACE,CE,Towers with Radar,0,26,115,0,141,0,0,160,0,160,0,26,275,0,301,244,0,244,545
10/12/2007,SUS,MO,ACE,CE,Towers with Radar,0,24,116,0,140,0,4,156,1,161,0,28,272,1,301,312,0,312,613
10/13/2007,SUS,MO,ACE,CE,Towers with Radar,0,16,70,0,86,0,5,95,0,100,0,21,165,0,186,210,0,210,396
10/14/2007,SUS,MO,ACE,CE,Towers with Radar,0,21,115,1,137,0,8,133,0,141,0,29,248,1,278,270,0,270,548
10/15/2007,SUS,MO,ACE,CE,Towers with Radar,0,24,117,0,141,0,4,81,0,85,0,28,198,0,226,134,0,134,360
10/16/2007,SUS,MO,ACE,CE,Towers with Radar,1,20,113,2,136,0,0,105,0,105,1,20,218,2,241,192,0,192,433
10/17/2007,SUS,MO,ACE,CE,Towers with Radar,0,28,145,0,173,0,2,17,0,19,0,30,162,0,192,92,0,92,284
10/18/2007,SUS,MO,ACE,CE,Towers with Radar,0,35,137,1,173,0,5,62,1,68,0,40,199,2,241,58,0,58,299
10/19/2007,SUS,MO,ACE,CE,Towers with Radar,0,26,137,21,184,0,1,91,3,95,0,27,228,24,279,203,0,203,482
10/20/2007,SUS,MO,ACE,CE,Towers with Radar,0,22,80,3,105,0,3,151,3,157,0,25,231,6,262,203,0,203,465
10/21/2007,SUS,MO,ACE,CE,Towers with Radar,0,22,80,6,108,0,2,71,2,75,0,24,151,8,183,42,0,42,225
10/22/2007,SUS,MO,ACE,CE,Towers with Radar,0,15,87,0,102,0,7,59,0,66,0,22,146,0,168,18,0,18,186
10/23/2007,SUS,MO,ACE,CE,Towers with Radar,0,27,110,2,139,0,6,117,0,123,0,33,227,2,262,154,0,154,416
10/24/2007,SUS,MO,ACE,CE,Towers with Radar,1,30,119,0,150,0,7,119,0,126,1,37,238,0,276,130,0,130,406
10/25/2007,SUS,MO,ACE,CE,Towers with Radar,2,28,153,0,183,0,1,32,0,33,2,29,185,0,216,84,0,84,300
10/26/2007,SUS,MO,ACE,CE,Towers with Radar,0,27,136,1,164,0,1,30,2,33,0,28,166,3,197,102,0,102,299
10/27/2007,SUS,MO,ACE,CE,Towers with Radar,1,17,71,6,95,0,6,177,0,183,1,23,248,6,278,257,0,257,535
10/28/2007,SUS,MO,ACE,CE,Towers with Radar,3,23,78,1,105,0,8,164,0,172,3,31,242,1,277,324,0,324,601
10/29/2007,SUS,MO,ACE,CE,Towers with Radar,1,24,117,2,144,0,10,152,0,162,1,34,269,2,306,262,0,262,568
10/30/2007,SUS,MO,ACE,CE,Towers with Radar,0,16,120,2,138,0,9,171,0,180,0,25,291,2,318,284,0,284,602
10/31/2007,SUS,MO,ACE,CE,Towers with Radar,2,30,111,0,143,0,4,108,0,112,2,34,219,0,255,207,0,207,462
11/01/2007,SUS,MO,ACE,CE,Towers with Radar,1,35,140,3,179,0,2,146,0,148,1,37,286,3,327,289,0,289,616
11/02/2007,SUS,MO,ACE,CE,Towers with Radar,0,38,139,0,177,0,4,174,0,178,0,42,313,0,355,394,0,394,749
11/03/2007,SUS,MO,ACE,CE,Towers with Radar,2,6,66,0,74,0,5,206,0,211,2,11,272,0,285,231,0,231,516
11/04/2007,SUS,MO,ACE,CE,Towers with Radar,2,31,115,2,150,0,3,150,1,154,2,34,265,3,304,352,0,352,656
11/05/2007,SUS,MO,ACE,CE,Towers with Radar,0,16,105,0,121,0,2,81,1,84,0,18,186,1,205,82,0,82,287
11/06/2007,SUS,MO,ACE,CE,Towers with Radar,0,19,141,13,173,0,16,99,0,115,0,35,240,13,288,84,0,84,372
11/07/2007,SUS,MO,ACE,CE,Towers with Radar,0,26,166,0,192,0,2,153,1,156,0,28,319,1,348,278,0,278,626
11/08/2007,SUS,MO,ACE,CE,Towers with Radar,2,31,134,0,167,0,2,145,1,148,2,33,279,1,315,352,0,352,667
11/09/2007,SUS,MO,ACE,CE,Towers with Radar,0,28,128,0,156,0,3,147,0,150,0,31,275,0,306,236,0,236,542
11/10/2007,SUS,MO,ACE,CE,Towers with Radar,0,11,67,0,78,0,2,174,2,178,0,13,241,2,256,216,0,216,472
11/11/2007,SUS,MO,ACE,CE,Towers with Radar,0,26,81,0,107,0,1,63,2,66,0,27,144,2,173,93,0,93,266
11/12/2007,SUS,MO,ACE,CE,Towers with Radar,0,33,75,0,108,0,3,41,0,44,0,36,116,0,152,122,0,122,274
11/13/2007,SUS,MO,ACE,CE,Towers with Radar,0,23,129,0,152,0,5,96,0,101,0,28,225,0,253,280,0,280,533
11/14/2007,SUS,MO,ACE,CE,Towers with Radar,0,39,115,0,154,0,1,83,0,84,0,40,198,0,238,182,0,182,420
11/15/2007,SUS,MO,ACE,CE,Towers with Radar,0,23,128,0,151,0,0,72,0,72,0,23,200,0,223,91,0,91,314
11/16/2007,SUS,MO,ACE,CE,Towers with Radar,0,21,109,0,130,0,0,101,0,101,0,21,210,0,231,118,0,118,349
11/17/2007,SUS,MO,ACE,CE,Towers with Radar,1,26,59,0,86,0,2,187,0,189,1,28,246,0,275,255,0,255,530
11/18/2007,SUS,MO,ACE,CE,Towers with Radar,2,13,72,4,91,0,3,133,0,136,2,16,205,4,227,220,0,220,447
11/19/2007,SUS,MO,ACE,CE,Towers with Radar,0,23,114,0,137,0,3,117,0,120,0,26,231,0,257,116,0,116,373
11/20/2007,SUS,MO,ACE,CE,Towers with Radar,1,22,154,3,180,0,2,90,0,92,1,24,244,3,272,136,0,136,408
11/21/2007,SUS,MO,ACE,CE,Towers with Radar,0,25,81,0,106,0,0,0,0,0,0,25,81,0,106,0,0,0,106
11/22/2007,SUS,MO,ACE,CE,Towers with Radar,0,11,28,0,39,0,0,11,0,11,0,11,39,0,50,20,0,20,70
11/23/2007,SUS,MO,ACE,CE,Towers with Radar,0,13,85,1,99,0,2,141,0,143,0,15,226,1,242,284,0,284,526
11/24/2007,SUS,MO,ACE,CE,Towers with Radar,2,23,60,0,85,0,0,155,0,155,2,23,215,0,240,298,0,298,538
11/25/2007,SUS,MO,ACE,CE,Towers with Radar,0,19,100,0,119,0,2,30,0,32,0,21,130,0,151,54,0,54,205
11/26/2007,SUS,MO,ACE,CE,Towers with Radar,0,29,73,2,104,0,0,51,0,51,0,29,124,2,155,118,0,118,273
11/27/2007,SUS,MO,ACE,CE,Towers with Radar,2,27,137,0,166,0,2,155,2,159,2,29,292,2,325,292,0,292,617
11/28/2007,SUS,MO,ACE,CE,Towers with Radar,0,22,120,0,142,0,5,87,0,92,0,27,207,0,234,73,0,73,307
11/29/2007,SUS,MO,ACE,CE,Towers with Radar,0,27,116,0,143,0,0,128,0,128,0,27,244,0,271,210,0,210,481
11/30/2007,SUS,MO,ACE,CE,Towers with Radar,0,19,126,3,148,0,4,154,0,158,0,23,280,3,306,192,0,192,498
12/01/2007,SUS,MO,ACE,CE,Towers with Radar,0,13,33,1,47,0,1,56,0,57,0,14,89,1,104,101,4,105,209
12/02/2007,SUS,MO,ACE,CE,Towers with Radar,0,28,49,1,78,0,1,10,0,11,0,29,59,1,89,24,0,24,113
12/03/2007,SUS,MO,ACE,CE,Towers with Radar,1,22,108,0,131,0,3,139,2,144,1,25,247,2,275,254,0,254,529
12/04/2007,SUS,MO,ACE,CE,Towers with Radar,1,30,120,2,153,0,2,154,0,156,1,32,274,2,309,260,6,266,575
12/05/2007,SUS,MO,ACE,CE,Towers with Radar,0,32,88,0,120,0,1,45,0,46,0,33,133,0,166,78,0,78,244
12/06/2007,SUS,MO,ACE,CE,Towers with Radar,0,27,98,2,127,0,0,78,0,78,0,27,176,2,205,187,0,187,392
12/07/2007,SUS,MO,ACE,CE,Towers with Radar,0,28,110,0,138,0,0,41,1,42,0,28,151,1,180,104,0,104,284
12/08/2007,SUS,MO,ACE,CE,Towers with Radar,0,5,45,1,51,0,0,13,0,13,0,5,58,1,64,62,0,62,126
12/09/2007,SUS,MO,ACE,CE,Towers with Radar,2,18,33,0,53,0,0,0,0,0,2,18,33,0,53,0,0,0,53
12/10/2007,SUS,MO,ACE,CE,Towers with Radar,1,20,79,0,100,0,0,0,0,0,1,20,79,0,100,0,0,0,100
12/11/2007,SUS,MO,ACE,CE,Towers with Radar,0,21,77,0,98,0,0,0,0,0,0,21,77,0,98,2,0,2,100
12/12/2007,SUS,MO,ACE,CE,Towers with Radar,0,20,116,0,136,0,0,0,0,0,0,20,116,0,136,8,0,8,144
12/13/2007,SUS,MO,ACE,CE,Towers with Radar,0,19,125,2,146,0,3,47,1,51,0,22,172,3,197,131,0,131,328
12/14/2007,SUS,MO,ACE,CE,Towers with Radar,0,29,129,0,158,0,11,164,0,175,0,40,293,0,333,352,0,352,685
12/15/2007,SUS,MO,ACE,CE,Towers with Radar,0,13,13,0,26,0,0,0,0,0,0,13,13,0,26,0,0,0,26
12/16/2007,SUS,MO,ACE,CE,Towers with Radar,0,14,62,0,76,0,0,66,0,66,0,14,128,0,142,168,0,168,310
12/17/2007,SUS,MO,ACE,CE,Towers with Radar,0,24,109,1,134,0,0,120,0,120,0,24,229,1,254,228,0,228,482
12/18/2007,SUS,MO,ACE,CE,Towers with Radar,0,22,131,0,153,0,13,172,0,185,0,35,303,0,338,112,0,112,450
12/19/2007,SUS,MO,ACE,CE,Towers with Radar,0,27,149,0,176,0,6,129,0,135,0,33,278,0,311,280,0,280,591
12/20/2007,SUS,MO,ACE,CE,Towers with Radar,0,27,102,0,129,0,2,2,0,4,0,29,104,0,133,26,0,26,159
12/21/2007,SUS,MO,ACE,CE,Towers with Radar,1,33,102,2,138,0,3,38,0,41,1,36,140,2,179,0,140,140,319
12/22/2007,SUS,MO,ACE,CE,Towers with Radar,3,29,61,1,94,0,6,60,0,66,3,35,121,1,160,152,0,152,312
12/23/2007,SUS,MO,ACE,CE,Towers with Radar,0,20,57,0,77,0,2,35,0,37,0,22,92,0,114,22,0,22,136
12/24/2007,SUS,MO,ACE,CE,Towers with Radar,0,26,36,0,62,0,2,114,0,116,0,28,150,0,178,148,0,148,326
12/25/2007,SUS,MO,ACE,CE,Towers with Radar,0,15,26,0,41,0,0,42,0,42,0,15,68,0,83,20,0,20,103
12/26/2007,SUS,MO,ACE,CE,Towers with Radar,0,37,111,0,148,0,1,98,0,99,0,38,209,0,247,354,0,354,601
12/27/2007,SUS,MO,ACE,CE,Towers with Radar,0,28,58,0,86,0,0,0,0,0,0,28,58,0,86,0,0,0,86
12/28/2007,SUS,MO,ACE,CE,Towers with Radar,1,27,40,0,68,0,2,20,0,22,1,29,60,0,90,188,0,188,278
12/29/2007,SUS,MO,ACE,CE,Towers with Radar,0,15,64,0,79,0,10,173,0,183,0,25,237,0,262,323,0,323,585
12/30/2007,SUS,MO,ACE,CE,Towers with Radar,0,15,53,0,68,0,3,139,0,142,0,18,192,0,210,254,0,254,464
12/31/2007,SUS,MO,ACE,CE,Towers with Radar,1,17,45,0,63,0,3,77,0,80,1,20,122,0,143,114,0,114,257
01/01/2008,SUS,MO,ACE,CE,Towers with Radar,0,18,42,0,60,0,7,14,0,21,0,25,56,0,81,0,0,0,81
01/02/2008,SUS,MO,ACE,CE,Towers with Radar,0,20,95,0,115,0,11,97,0,108,0,31,192,0,223,226,0,226,449
01/03/2008,SUS,MO,ACE,CE,Towers with Radar,0,20,100,0,120,0,5,131,0,136,0,25,231,0,256,174,0,174,430
01/04/2008,SUS,MO,ACE,CE,Towers with Radar,0,24,87,0,111,0,1,93,0,94,0,25,180,0,205,125,0,125,330
01/05/2008,SUS,MO,ACE,CE,Towers with Radar,0,19,50,0,69,0,3,59,0,62,0,22,109,0,131,128,0,128,259
01/06/2008,SUS,MO,ACE,CE,Towers with Radar,0,12,65,0,77,0,2,35,0,37,0,14,100,0,114,68,0,68,182
01/07/2008,SUS,MO,ACE,CE,Towers with Radar,0,28,80,0,108,0,2,58,4,64,0,30,138,4,172,44,0,44,216
01/08/2008,SUS,MO,ACE,CE,Towers with Radar,0,20,77,0,97,0,4,30,0,34,0,24,107,0,131,216,0,216,347
01/09/2008,SUS,MO,ACE,CE,Towers with Radar,0,14,108,0,122,0,5,162,0,167,0,19,270,0,289,298,0,298,587
01/10/2008,SUS,MO,ACE,CE,Towers with Radar,0,18,108,0,126,0,3,45,0,48,0,21,153,0,174,241,0,241,415
01/11/2008,SUS,MO,ACE,CE,Towers with Radar,0,18,103,3,124,0,5,156,3,164,0,23,259,6,288,293,0,293,581
01/12/2008,SUS,MO,ACE,CE,Towers with Radar,0,4,37,0,41,0,5,212,2,219,0,9,249,2,260,348,0,348,608
01/13/2008,SUS,MO,ACE,CE,Towers with Radar,0,10,66,0,76,0,0,91,0,91,0,10,157,0,167,184,0,184,351
01/14/2008,SUS,MO,ACE,CE,Towers with Radar,0,15,80,3,98,0,0,107,1,108,0,15,187,4,206,224,0,224,430
01/15/2008,SUS,MO,ACE,CE,Towers with Radar,1,17,125,12,155,0,0,156,7,163,1,17,281,19,318,322,4,326,644
01/16/2008,SUS,MO,ACE,CE,Towers with Radar,0,22,140,0,162,0,1,104,1,106,0,23,244,1,268,289,0,289,557
01/17/2008,SUS,MO,ACE,CE,Towers with Radar,1,34,102,0,137,0,0,38,0,38,1,34,140,0,175,104,0,104,279
01/18/2008,SUS,MO,ACE,CE,Towers with Radar,0,35,95,0,130,0,0,105,0,105,0,35,200,0,235,285,0,285,520
01/19/2008,SUS,MO,ACE,CE,Towers with Radar,1,15,58,2,76,0,1,116,0,117,1,16,174,2,193,210,0,210,403
01/20/2008,SUS,MO,ACE,CE,Towers with Radar,1,15,58,2,76,0,0,91,0,91,1,15,149,2,167,200,18,218,385
01/21/2008,SUS,MO,ACE,CE,Towers with Radar,0,23,97,2,122,0,7,75,0,82,0,30,172,2,204,60,0,60,264
01/22/2008,SUS,MO,ACE,CE,Towers with Radar,0,24,109,0,133,0,1,97,0,98,0,25,206,0,231,239,0,239,470
01/23/2008,SUS,MO,ACE,CE,Towers with Radar,0,33,125,0,158,0,1,113,0,114,0,34,238,0,272,193,0,193,465
01/24/2008,SUS,MO,ACE,CE,Towers with Radar,0,25,95,3,123,0,6,107,2,115,0,31,202,5,238,125,0,125,363
01/25/2008,SUS,MO,ACE,CE,Towers with Radar,0,16,112,1,129,0,7,102,0,109,0,23,214,1,238,244,0,244,482
01/26/2008,SUS,MO,ACE,CE,Towers with Radar,0,21,15,1,37,0,0,140,0,140,0,21,155,1,177,226,0,226,403
01/27/2008,SUS,MO,ACE,CE,Towers with Radar,0,14,69,0,83,0,5,154,0,159,0,19,223,0,242,254,0,254,496
01/28/2008,SUS,MO,ACE,CE,Towers with Radar,3,22,67,0,92,0,2,49,0,51,3,24,116,0,143,30,0,30,173
01/29/2008,SUS,MO,ACE,CE,Towers with Radar,0,17,105,0,122,0,0,40,0,40,0,17,145,0,162,42,0,42,204
01/30/2008,SUS,MO,ACE,CE,Towers with Radar,0,33,112,1,146,0,1,173,1,175,0,34,285,2,321,300,0,300,621
01/31/2008,SUS,MO,ACE,CE,Towers with Radar,0,22,83,0,105,0,0,25,0,25,0,22,108,0,130,34,0,34,164
02/01/2008,SUS,MO,ACE,CE,Towers with Radar,2,21,72,0,95,0,1,65,0,66,2,22,137,0,161,38,0,38,199
02/02/2008,SUS,MO,ACE,CE,Towers with Radar,0,10,51,0,61,0,2,114,0,116,0,12,165,0,177,186,0,186,363
02/03/2008,SUS,MO,ACE,CE,Towers with Radar,1,13,56,0,70,0,1,60,0,61,1,14,116,0,131,158,0,158,289
02/04/2008,SUS,MO,ACE,CE,Towers with Radar,0,23,105,1,129,0,5,34,0,39,0,28,139,1,168,2,0,2,170
02/05/2008,SUS,MO,ACE,CE,Towers with Radar,0,14,60,1,75,0,0,1,0,1,0,14,61,1,76,0,0,0,76
02/06/2008,SUS,MO,ACE,CE,Towers with Radar,0,29,83,0,112,0,0,6,0,6,0,29,89,0,118,2,0,2,120
02/07/2008,SUS,MO,ACE,CE,Towers with Radar,0,24,117,0,141,0,2,57,0,59,0,26,174,0,200,58,0,58,258
02/08/2008,SUS,MO,ACE,CE,Towers with Radar,2,27,103,0,132,0,10,89,0,99,2,37,192,0,231,58,0,58,289
02/09/2008,SUS,MO,ACE,CE,Towers with Radar,0,12,44,0,56,0,4,116,0,120,0,16,160,0,176,86,0,86,262
02/10/2008,SUS,MO,ACE,CE,Towers with Radar,1,19,67,2,89,0,4,61,0,65,1,23,128,2,154,26,0,26,180
02/11/2008,SUS,MO,ACE,CE,Towers with Radar,2,14,79,0,95,0,0,1,0,1,2,14,80,0,96,14,0,14,110
02/12/2008,SUS,MO,ACE,CE,Towers with Radar,2,13,70,0,85,0,0,12,0,12,2,13,82,0,97,0,0,0,97
02/13/2008,SUS,MO,ACE,CE,Towers with Radar,3,20,123,2,148,0,9,120,0,129,3,29,243,2,277,71,0,71,348
02/14/2008,SUS,MO,ACE,CE,Towers with Radar,0,22,99,0,121,0,1,81,2,84,0,23,180,2,205,30,0,30,235
02/15/2008,SUS,MO,ACE,CE,Towers with Radar,0,22,95,1,118,0,3,139,1,143,0,25,234,2,261,76,0,76,337
02/16/2008,SUS,MO,ACE,CE,Towers with Radar,1,11,58,0,70,0,0,83,0,83,1,11,141,0,153,222,0,222,375
02/17/2008,SUS,MO,ACE,CE,Towers with Radar,0,18,40,0,58,0,0,2,0,2,0,18,42,0,60,0,0,0,60
02/18/2008,SUS,MO,ACE,CE,Towers with Radar,0,23,89,0,112,0,0,44,0,44,0,23,133,0,156,24,0,24,180
02/19/2008,SUS,MO,ACE,CE,Towers with Radar,0,16,131,0,147,0,4,101,0,105,0,20,232,0,252,122,0,122,374
02/20/2008,SUS,MO,ACE,CE,Towers with Radar,2,39,111,0,152,0,4,86,0,90,2,43,197,0,242,91,0,91,333
02/21/2008,SUS,MO,ACE,CE,Towers with Radar,0,13,54,0,67,0,0,0,0,0,0,13,54,0,67,0,0,0,67
02/22/2008,SUS,MO,ACE,CE,Towers with Radar,0,30,80,0,110,0,0,14,0,14,0,30,94,0,124,0,0,0,124
02/23/2008,SUS,MO,ACE,CE,Towers with Radar,0,17,58,0,75,0,2,70,0,72,0,19,128,0,147,144,0,144,291
02/24/2008,SUS,MO,ACE,CE,Towers with Radar,0,23,67,0,90,0,1,16,0,17,0,24,83,0,107,26,0,26,133
02/25/2008,SUS,MO,ACE,CE,Towers with Radar,0,22,91,0,113,0,3,15,0,18,0,25,106,0,131,92,0,92,223
02/26/2008,SUS,MO,ACE,CE,Towers with Radar,0,12,79,0,91,0,0,11,0,11,0,12,90,0,102,4,0,4,106
02/27/2008,SUS,MO,ACE,CE,Towers with Radar,0,21,104,1,126,0,3,116,0,119,0,24,220,1,245,114,0,114,359
02/28/2008,SUS,MO,ACE,CE,Towers with Radar,0,28,117,0,145,0,1,90,0,91,0,29,207,0,236,55,0,55,291
02/29/2008,SUS,MO,ACE,CE,Towers with Radar,0,24,116,2,142,0,1,130,0,131,0,25,246,2,273,70,0,70,343
03/01/2008,SUS,MO,ACE,CE,Towers with Radar,0,12,54,7,73,0,0,180,0,180,0,12,234,7,253,141,0,141,394
03/02/2008,SUS,MO,ACE,CE,Towers with Radar,0,13,70,2,85,0,6,49,1,56,0,19,119,3,141,17,0,17,158
03/03/2008,SUS,MO,ACE,CE,Towers with Radar,0,22,56,0,78,0,2,4,0,6,0,24,60,0,84,2,0,2,86
03/04/2008,SUS,MO,ACE,CE,Towers with Radar,2,12,45,0,59,0,0,4,0,4,2,12,49,0,63,0,0,0,63
03/05/2008,SUS,MO,ACE,CE,Towers with Radar,0,20,91,2,113,0,3,95,0,98,0,23,186,2,211,82,0,82,293
03/06/2008,SUS,MO,ACE,CE,Towers with Radar,2,21,102,1,126,0,0,109,0,109,2,21,211,1,235,82,0,82,317
03/07/2008,SUS,MO,ACE,CE,Towers with Radar,1,19,97,0,117,0,1,32,0,33,1,20,129,0,150,6,0,6,156
03/08/2008,SUS,MO,ACE,CE,Towers with Radar,0,15,50,0,65,0,11,147,0,158,0,26,197,0,223,228,0,228,451
03/09/2008,SUS,MO,ACE,CE,Towers with Radar,0,26,25,0,51,0,0,142,1,143,0,26,167,1,194,129,0,129,323
03/10/2008,SUS,MO,ACE,CE,Towers with Radar,0,31,94,0,125,0,3,114,1,118,0,34,208,1,243,154,0,154,397
03/11/2008,SUS,MO,ACE,CE,Towers with Radar,0,22,121,0,143,0,1,135,0,136,0,23,256,0,279,224,0,224,503
03/12/2008,SUS,MO,ACE,CE,Towers with Radar,0,29,112,2,143,0,3,132,0,135,0,32,244,2,278,158,0,158,436
03/13/2008,SUS,MO,ACE,CE,Towers with Radar,0,24,126,0,150,0,3,61,2,66,0,27,187,2,216,101,0,101,317
03/14/2008,SUS,MO,ACE,CE,Towers with Radar,0,36,98,0,134,0,0,82,0,82,0,36,180,0,216,139,0,139,355
03/15/2008,SUS,MO,ACE,CE,Towers with Radar,0,25,55,0,80,0,0,8,0,8,0,25,63,0,88,16,0,16,104
03/16/2008,SUS,MO,ACE,CE,Towers with Radar,2,23,81,0,106,0,10,125,0,135,2,33,206,0,241,148,0,148,389
03/17/2008,SUS,MO,ACE,CE,Towers with Radar,0,16,59,0,75,0,1,13,0,14,0,17,72,0,89,50,0,50,139
03/18/2008,SUS,MO,ACE,CE,Towers with Radar,0,15,65,0,80,0,0,0,0,0,0,15,65,0,80,0,0,0,80
03/19/2008,SUS,MO,ACE,CE,Towers with Radar,0,14,108,2,124,0,2,36,0,38,0,16,144,2,162,30,0,30,192
03/20/2008,SUS,MO,ACE,CE,Towers with Radar,0,9,99,0,108,0,0,136,4,140,0,9,235,4,248,63,0,63,311
03/21/2008,SUS,MO,ACE,CE,Towers with Radar,0,17,84,2,103,0,4,84,9,97,0,21,168,11,200,22,0,22,222
03/22/2008,SUS,MO,ACE,CE,Towers with Radar,2,9,78,2,91,0,5,123,6,134,2,14,201,8,225,140,0,140,365
03/23/2008,SUS,MO,ACE,CE,Towers with Radar,2,11,43,0,56,0,1,20,0,21,2,12,63,0,77,24,0,24,101
03/24/2008,SUS,MO,ACE,CE,Towers with Radar,0,26,118,0,144,0,0,175,0,175,0,26,293,0,319,124,0,124,443
03/25/2008,SUS,MO,ACE,CE,Towers with Radar,2,24,100,0,126,0,0,65,0,65,2,24,165,0,191,94,0,94,285
03/26/2008,SUS,MO,ACE,CE,Towers with Radar,0,24,150,1,175,0,0,65,2,67,0,24,215,3,242,92,0,92,334
03/27/2008,SUS,MO,ACE,CE,Towers with Radar,2,13,109,0,124,0,0,7,0,7,2,13,116,0,131,40,0,40,171
03/28/2008,SUS,MO,ACE,CE,Towers with Radar,0,18,129,14,161,0,1,58,5,64,0,19,187,19,225,130,20,150,375
03/29/2008,SUS,MO,ACE,CE,Towers with Radar,0,19,102,2,123,0,5,134,0,139,0,24,236,2,262,190,0,190,452
03/30/2008,SUS,MO,ACE,CE,Towers with Radar,0,37,79,8,124,0,0,2,0,2,0,37,81,8,126,0,0,0,126
03/31/2008,SUS,MO,ACE,CE,Towers with Radar,0,25,56,0,81,0,0,10,0,10,0,25,66,0,91,8,0,8,99
04/01/2008,SUS,MO,ACE,CE,Towers with Radar,0,18,65,1,84,0,3,70,0,73,0,21,135,1,157,56,0,56,213
04/02/2008,SUS,MO,ACE,CE,Towers with Radar,1,29,103,0,133,0,9,185,3,197,1,38,288,3,330,184,0,184,514
04/03/2008,SUS,MO,ACE,CE,Towers with Radar,1,17,73,1,92,0,0,0,0,0,1,17,73,1,92,0,0,0,92
04/04/2008,SUS,MO,ACE,CE,Towers with Radar,0,20,119,6,145,0,3,70,1,74,0,23,189,7,219,112,4,116,335
04/05/2008,SUS,MO,ACE,CE,Towers with Radar,1,7,70,0,78,0,3,166,0,169,1,10,236,0,247,136,0,136,383
04/06/2008,SUS,MO,ACE,CE,Towers with Radar,2,15,68,1,86,0,5,149,2,156,2,20,217,3,242,158,0,158,400
04/07/2008,SUS,MO,ACE,CE,Towers with Radar,0,26,107,1,134,0,3,137,0,140,0,29,244,1,274,72,0,72,346
04/08/2008,SUS,MO,ACE,CE,Towers with Radar,0,25,103,0,128,0,1,31,0,32,0,26,134,0,160,57,0,57,217
04/09/2008,SUS,MO,ACE,CE,Towers with Radar,0,21,126,0,147,0,0,97,0,97,0,21,223,0,244,185,0,185,429
04/10/2008,SUS,MO,ACE,CE,Towers with Radar,0,22,112,0,134,0,0,9,0,9,0,22,121,0,143,20,0,20,163
04/11/2008,SUS,MO,ACE,CE,Towers with Radar,0,18,134,0,152,0,2,23,2,27,0,20,157,2,179,0,0,0,179
04/12/2008,SUS,MO,ACE,CE,Towers with Radar,0,20,58,0,78,0,2,35,0,37,0,22,93,0,115,122,0,122,237
04/13/2008,SUS,MO,ACE,CE,Towers with Radar,2,13,63,0,78,0,6,24,0,30,2,19,87,0,108,38,0,38,146
04/14/2008,SUS,MO,ACE,CE,Towers with Radar,0,35,140,1,176,0,9,117,1,127,0,44,257,2,303,93,0,93,396
04/15/2008,SUS,MO,ACE,CE,Towers with Radar,0,21,101,0,122,0,5,115,0,120,0,26,216,0,242,140,0,140,382
04/16/2008,SUS,MO,ACE,CE,Towers with Radar,0,23,104,0,127,0,0,76,0,76,0,23,180,0,203,56,0,56,259
04/17/2008,SUS,MO,ACE,CE,Towers with Radar,2,24,115,0,141,0,1,100,0,101,2,25,215,0,242,68,0,68,310
04/18/2008,SUS,MO,ACE,CE,Towers with Radar,0,20,122,0,142,0,0,13,0,13,0,20,135,0,155,0,0,0,155
04/19/2008,SUS,MO,ACE,CE,Towers with Radar,0,15,74,0,89,0,0,54,0,54,0,15,128,0,143,136,0,136,279
04/20/2008,SUS,MO,ACE,CE,Towers with Radar,0,24,92,0,116,0,8,190,0,198,0,32,282,0,314,193,0,193,507
04/21/2008,SUS,MO,ACE,CE,Towers with Radar,0,18,92,0,110,0,1,117,0,118,0,19,209,0,228,115,0,115,343
04/22/2008,SUS,MO,ACE,CE,Towers with Radar,0,15,124,0,139,0,3,78,0,81,0,18,202,0,220,94,0,94,314
04/23/2008,SUS,MO,ACE,CE,Towers with Radar,1,23,96,6,126,0,0,123,0,123,1,23,219,6,249,118,0,118,367
04/24/2008,SUS,MO,ACE,CE,Towers with Radar,0,31,120,0,151,0,0,44,2,46,0,31,164,2,197,57,0,57,254
04/25/2008,SUS,MO,ACE,CE,Towers with Radar,2,21,90,0,113,0,0,48,3,51,2,21,138,3,164,72,0,72,236
04/26/2008,SUS,MO,ACE,CE,Towers with Radar,0,17,67,0,84,0,0,174,0,174,0,17,241,0,258,152,0,152,410
04/27/2008,SUS,MO,ACE,CE,Towers with Radar,0,15,91,3,109,0,5,46,0,51,0,20,137,3,160,147,0,147,307
04/28/2008,SUS,MO,ACE,CE,Towers with Radar,2,28,112,4,146,0,7,56,0,63,2,35,168,4,209,20,0,20,229
04/29/2008,SUS,MO,ACE,CE,Towers with Radar,0,21,128,0,149,0,3,143,0,146,0,24,271,0,295,152,0,152,447
04/30/2008,SUS,MO,ACE,CE,Towers with Radar,0,27,134,0,161,0,5,149,0,154,0,32,283,0,315,54,0,54,369
05/01/2008,SUS,MO,ACE,CE,Towers with Radar,0,17,131,0,148,0,5,50,0,55,0,22,181,0,203,12,0,12,215
05/02/2008,SUS,MO,ACE,CE,Towers with Radar,0,31,69,0,100,0,3,38,0,41,0,34,107,0,141,0,0,0,141
05/03/2008,SUS,MO,ACE,CE,Towers with Radar,0,11,61,0,72,0,0,51,0,51,0,11,112,0,123,52,0,52,175
05/04/2008,SUS,MO,ACE,CE,Towers with Radar,0,12,106,0,118,0,0,186,0,186,0,12,292,0,304,142,0,142,446
05/05/2008,SUS,MO,ACE,CE,Towers with Radar,0,18,110,2,130,0,0,160,0,160,0,18,270,2,290,242,0,242,532
05/06/2008,SUS,MO,ACE,CE,Towers with Radar,0,13,138,0,151,0,1,94,0,95,0,14,232,0,246,94,0,94,340
05/07/2008,SUS,MO,ACE,CE,Towers with Radar,3,17,108,0,128,0,0,50,0,50,3,17,158,0,178,77,0,77,255
05/08/2008,SUS,MO,ACE,CE,Towers with Radar,0,28,167,0,195,0,2,39,0,41,0,30,206,0,236,136,0,136,372
05/09/2008,SUS,MO,ACE,CE,Towers with Radar,0,24,107,0,131,0,1,45,0,46,0,25,152,0,177,120,0,120,297
05/10/2008,SUS,MO,ACE,CE,Towers with Radar,0,9,66,0,75,0,1,136,0,137,0,10,202,0,212,188,0,188,400
05/11/2008,SUS,MO,ACE,CE,Towers with Radar,0,16,46,0,62,0,0,10,0,10,0,16,56,0,72,2,0,2,74
05/12/2008,SUS,MO,ACE,CE,Towers with Radar,0,28,104,1,133,0,1,187,1,189,0,29,291,2,322,160,0,160,482
05/13/2008,SUS,MO,ACE,CE,Towers with Radar,0,20,129,0,149,0,3,35,0,38,0,23,164,0,187,40,0,40,227
05/14/2008,SUS,MO,ACE,CE,Towers with Radar,0,36,123,4,163,0,2,86,0,88,0,38,209,4,251,160,0,160,411
05/15/2008,SUS,MO,ACE,CE,Towers with Radar,0,33,122,0,155,0,2,38,0,40,0,35,160,0,195,56,0,56,251
05/16/2008,SUS,MO,ACE,CE,Towers with Radar,0,21,141,0,162,0,4,169,0,173,0,25,310,0,335,118,0,118,453
05/17/2008,SUS,MO,ACE,CE,Towers with Radar,0,9,58,0,67,0,3,137,2,142,0,12,195,2,209,156,0,156,365
05/18/2008,SUS,MO,ACE,CE,Towers with Radar,0,21,72,0,93,0,0,88,0,88,0,21,160,0,181,0,0,0,181
05/19/2008,SUS,MO,ACE,CE,Towers with Radar,0,16,87,0,103,0,0,101,0,101,0,16,188,0,204,118,0,118,322
05/20/2008,SUS,MO,ACE,CE,Towers with Radar,0,32,137,1,170,0,2,124,0,126,0,34,261,1,296,106,0,106,402
05/21/2008,SUS,MO,ACE,CE,Towers with Radar,0,30,149,1,180,0,0,143,3,146,0,30,292,4,326,140,0,140,466
05/22/2008,SUS,MO,ACE,CE,Towers with Radar,0,28,128,2,158,0,5,66,2,73,0,33,194,4,231,40,0,40,271
05/23/2008,SUS,MO,ACE,CE,Towers with Radar,0,23,100,0,123,0,3,126,0,129,0,26,226,0,252,155,0,155,407
05/24/2008,SUS,MO,ACE,CE,Towers with Radar,0,9,47,5,61,0,0,81,0,81,0,9,128,5,142,160,0,160,302
05/25/2008,SUS,MO,ACE,CE,Towers with Radar,0,17,35,1,53,0,7,22,0,29,0,24,57,1,82,14,0,14,96
05/26/2008,SUS,MO,ACE,CE,Towers with Radar,0,15,62,0,77,0,0,25,0,25,0,15,87,0,102,24,0,24,126
05/27/2008,SUS,MO,ACE,CE,Towers with Radar,0,18,112,0,130,0,0,40,0,40,0,18,152,0,170,56,0,56,226
05/28/2008,SUS,MO,ACE,CE,Towers with Radar,0,21,109,0,130,0,2,121,0,123,0,23,230,0,253,88,0,88,341
05/29/2008,SUS,MO,ACE,CE,Towers with Radar,0,19,96,2,117,0,3,164,1,168,0,22,260,3,285,220,0,220,505
05/30/2008,SUS,MO,ACE,CE,Towers with Radar,0,16,100,0,116,0,2,71,0,73,0,18,171,0,189,24,0,24,213
05/31/2008,SUS,MO,ACE,CE,Towers with Radar,0,8,63,0,71,0,0,111,0,111,0,8,174,0,182,195,0,195,377
06/01/2008,SUS,MO,ACE,CE,Towers with Radar,0,12,73,0,85,0,0,147,0,147,0,12,220,0,232,124,0,124,356
06/02/2008,SUS,MO,ACE,CE,Towers with Radar,0,23,100,0,123,0,0,74,0,74,0,23,174,0,197,74,0,74,271
06/03/2008,SUS,MO,ACE,CE,Towers with Radar,0,23,104,0,127,0,1,76,0,77,0,24,180,0,204,77,0,77,281
06/04/2008,SUS,MO,ACE,CE,Towers with Radar,0,23,117,0,140,0,0,98,0,98,0,23,215,0,238,110,0,110,348
06/05/2008,SUS,MO,ACE,CE,Towers with Radar,0,14,123,0,137,0,0,65,0,65,0,14,188,0,202,24,0,24,226
06/06/2008,SUS,MO,ACE,CE,Towers with Radar,0,24,69,2,95,0,1,22,2,25,0,25,91,4,120,0,0,0,120
06/07/2008,SUS,MO,ACE,CE,Towers with Radar,0,13,78,4,95,0,3,78,0,81,0,16,156,4,176,96,1,97,273
06/08/2008,SUS,MO,ACE,CE,Towers with Radar,0,16,73,0,89,0,0,64,0,64,0,16,137,0,153,6,0,6,159
06/09/2008,SUS,MO,ACE,CE,Towers with Radar,0,15,75,0,90,0,2,90,0,92,0,17,165,0,182,120,0,120,302
06/10/2008,SUS,MO,ACE,CE,Towers with Radar,0,7,120,5,132,0,2,141,2,145,0,9,261,7,277,276,2,278,555
06/11/2008,SUS,MO,ACE,CE,Towers with Radar,0,28,121,1,150,0,3,144,0,147,0,31,265,1,297,147,0,147,444
06/12/2008,SUS,MO,ACE,CE,Towers with Radar,0,31,141,1,173,0,9,94,0,103,0,40,235,1,276,30,0,30,306
06/13/2008,SUS,MO,ACE,CE,Towers with Radar,0,20,86,0,106,0,0,22,0,22,0,20,108,0,128,0,0,0,128
06/14/2008,SUS,MO,ACE,CE,Towers with Radar,0,16,83,0,99,0,0,153,0,153,0,16,236,0,252,140,0,140,392
06/15/2008,SUS,MO,ACE,CE,Towers with Radar,1,18,67,0,86,0,1,103,1,105,1,19,170,1,191,79,0,79,270
06/16/2008,SUS,MO,ACE,CE,Towers with Radar,0,31,106,2,139,0,3,99,0,102,0,34,205,2,241,53,0,53,294
06/17/2008,SUS,MO,ACE,CE,Towers with Radar,0,14,138,1,153,0,4,151,0,155,0,18,289,1,308,262,0,262,570
06/18/2008,SUS,MO,ACE,CE,Towers with Radar,0,22,135,0,157,0,5,175,0,180,0,27,310,0,337,86,0,86,423
06/19/2008,SUS,MO,ACE,CE,Towers with Radar,1,25,142,0,168,0,6,125,1,132,1,31,267,1,300,136,0,136,436
06/20/2008,SUS,MO,ACE,CE,Towers with Radar,0,24,109,4,137,0,5,98,2,105,0,29,207,6,242,44,22,66,308
06/21/2008,SUS,MO,ACE,CE,Towers with Radar,0,12,63,3,78,0,3,174,5,182,0,15,237,8,260,127,0,127,387
06/22/2008,SUS,MO,ACE,CE,Towers with Radar,0,19,66,1,86,0,4,119,1,124,0,23,185,2,210,76,0,76,286
06/23/2008,SUS,MO,ACE,CE,Towers with Radar,1,20,117,0,138,2,4,194,0,200,3,24,311,0,338,196,0,196,534
06/24/2008,SUS,MO,ACE,CE,Towers with Radar,0,20,120,0,140,0,12,108,0,120,0,32,228,0,260,184,0,184,444
06/25/2008,SUS,MO,ACE,CE,Towers with Radar,0,24,134,2,160,0,9,123,0,132,0,33,257,2,292,127,0,127,419
06/26/2008,SUS,MO,ACE,CE,Towers with Radar,0,24,152,7,183,0,5,135,1,141,0,29,287,8,324,179,24,203,527
06/27/2008,SUS,MO,ACE,CE,Towers with Radar,0,29,116,6,151,0,4,107,4,115,0,33,223,10,266,146,0,146,412
06/28/2008,SUS,MO,ACE,CE,Towers with Radar,0,15,58,0,73,0,6,115,6,127,0,21,173,6,200,105,0,105,305
06/29/2008,SUS,MO,ACE,CE,Towers with Radar,0,20,56,0,76,0,6,73,6,85,0,26,129,6,161,67,0,67,228
06/30/2008,SUS,MO,ACE,CE,Towers with Radar,0,24,106,0,130,0,0,114,0,114,0,24,220,0,244,129,0,129,373
07/01/2008,SUS,MO,ACE,CE,Towers with Radar,1,21,97,4,123,0,4,175,1,180,1,25,272,5,303,170,0,170,473
07/02/2008,SUS,MO,ACE,CE,Towers with Radar,0,31,131,0,162,0,4,81,0,85,0,35,212,0,247,168,0,168,415
07/03/2008,SUS,MO,ACE,CE,Towers with Radar,2,16,115,1,134,0,3,94,0,97,2,19,209,1,231,248,0,248,479
07/04/2008,SUS,MO,ACE,CE,Towers with Radar,0,18,29,0,47,0,4,50,0,54,0,22,79,0,101,16,0,16,117
07/05/2008,SUS,MO,ACE,CE,Towers with Radar,0,7,57,3,67,0,2,116,0,118,0,9,173,3,185,94,0,94,279
07/06/2008,SUS,MO,ACE,CE,Towers with Radar,0,18,89,1,108,0,0,109,0,109,0,18,198,1,217,42,0,42,259
07/07/2008,SUS,MO,ACE,CE,Towers with Radar,0,18,82,0,100,0,4,106,0,110,0,22,188,0,210,152,0,152,362
07/08/2008,SUS,MO,ACE,CE,Towers with Radar,0,12,84,0,96,0,0,63,0,63,0,12,147,0,159,105,0,105,264
07/09/2008,SUS,MO,ACE,CE,Towers with Radar,0,20,122,0,142,0,2,139,0,141,0,22,261,0,283,218,0,218,501
07/10/2008,SUS,MO,ACE,CE,Towers with Radar,1,22,143,0,166,0,4,171,3,178,1,26,314,3,344,186,0,186,530
07/11/2008,SUS,MO,ACE,CE,Towers with Radar,0,17,111,0,128,0,4,104,1,109,0,21,215,1,237,66,0,66,303
07/12/2008,SUS,MO,ACE,CE,Towers with Radar,0,14,53,0,67,0,0,69,2,71,0,14,122,2,138,45,0,45,183
07/13/2008,SUS,MO,ACE,CE,Towers with Radar,0,17,101,5,123,0,2,179,0,181,0,19,280,5,304,70,0,70,374
07/14/2008,SUS,MO,ACE,CE,Towers with Radar,0,20,85,0,105,0,6,172,2,180,0,26,257,2,285,154,0,154,439
07/15/2008,SUS,MO,ACE,CE,Towers with Radar,0,25,118,0,143,0,3,124,0,127,0,28,242,0,270,191,0,191,461
07/16/2008,SUS,MO,ACE,CE,Towers with Radar,0,22,129,0,151,0,4,160,0,164,0,26,289,0,315,186,0,186,501
07/17/2008,SUS,MO,ACE,CE,Towers with Radar,0,24,135,0,159,0,1,99,0,100,0,25,234,0,259,132,0,132,391
07/18/2008,SUS,MO,ACE,CE,Towers with Radar,0,27,92,11,130,0,0,100,1,101,0,27,192,12,231,155,4,159,390
07/19/2008,SUS,MO,ACE,CE,Towers with Radar,0,14,64,2,80,0,2,134,0,136,0,16,198,2,216,64,0,64,280
07/20/2008,SUS,MO,ACE,CE,Towers with Radar,1,6,68,0,75,0,2,136,0,138,1,8,204,0,213,101,0,101,314
07/21/2008,SUS,MO,ACE,CE,Towers with Radar,0,31,104,2,137,0,2,122,0,124,0,33,226,2,261,128,0,128,389
07/22/2008,SUS,MO,ACE,CE,Towers with Radar,0,20,83,1,104,0,7,112,2,121,0,27,195,3,225,114,0,114,339
07/23/2008,SUS,MO,ACE,CE,Towers with Radar,2,27,136,0,165,0,5,191,2,198,2,32,327,2,363,183,10,193,556
07/24/2008,SUS,MO,ACE,CE,Towers with Radar,0,29,103,0,132,0,4,37,0,41,0,33,140,0,173,34,0,34,207
07/25/2008,SUS,MO,ACE,CE,Towers with Radar,0,15,102,6,123,0,1,33,0,34,0,16,135,6,157,44,0,44,201
07/26/2008,SUS,MO,ACE,CE,Towers with Radar,0,7,62,0,69,0,0,63,0,63,0,7,125,0,132,92,0,92,224
07/27/2008,SUS,MO,ACE,CE,Towers with Radar,2,12,61,0,75,0,0,110,0,110,2,12,171,0,185,104,0,104,289
07/28/2008,SUS,MO,ACE,CE,Towers with Radar,0,18,94,2,114,0,0,104,0,104,0,18,198,2,218,108,0,108,326
07/29/2008,SUS,MO,ACE,CE,Towers with Radar,0,24,102,0,126,0,1,80,0,81,0,25,182,0,207,116,0,116,323
07/30/2008,SUS,MO,ACE,CE,Towers with Radar,0,35,101,0,136,0,2,33,0,35,0,37,134,0,171,86,0,86,257
07/31/2008,SUS,MO,ACE,CE,Towers with Radar,2,44,125,1,172,0,8,96,2,106,2,52,221,3,278,96,0,96,374
08/01/2008,SUS,MO,ACE,CE,Towers with Radar,0,36,95,21,152,0,17,113,0,130,0,53,208,21,282,89,42,131,413
08/02/2008,SUS,MO,ACE,CE,Towers with Radar,0,18,68,14,100,0,1,116,0,117,0,19,184,14,217,106,0,106,323
08/03/2008,SUS,MO,ACE,CE,Towers with Radar,0,29,81,4,114,0,1,105,1,107,0,30,186,5,221,22,0,22,243
08/04/2008,SUS,MO,ACE,CE,Towers with Radar,0,28,103,0,131,0,5,94,0,99,0,33,197,0,230,80,0,80,310
08/05/2008,SUS,MO,ACE,CE,Towers with Radar,0,30,96,0,126,0,0,106,0,106,0,30,202,0,232,134,0,134,366
08/06/2008,SUS,MO,ACE,CE,Towers with Radar,0,27,100,4,131,0,9,64,0,73,0,36,164,4,204,193,10,203,407
08/07/2008,SUS,MO,ACE,CE,Towers with Radar,0,22,97,2,121,0,2,109,0,111,0,24,206,2,232,142,0,142,374
08/08/2008,SUS,MO,ACE,CE,Towers with Radar,0,27,99,0,126,0,4,139,0,143,0,31,238,0,269,124,0,124,393
08/09/2008,SUS,MO,ACE,CE,Towers with Radar,0,16,52,0,68,0,0,181,0,181,0,16,233,0,249,80,0,80,329
08/10/2008,SUS,MO,ACE,CE,Towers with Radar,0,32,83,4,119,0,5,172,0,177,0,37,255,4,296,102,0,102,398
08/11/2008,SUS,MO,ACE,CE,Towers with Radar,0,17,104,0,121,0,0,144,0,144,0,17,248,0,265,152,0,152,417
08/12/2008,SUS,MO,ACE,CE,Towers with Radar,0,19,116,0,135,0,2,178,0,180,0,21,294,0,315,212,0,212,527
08/13/2008,SUS,MO,ACE,CE,Towers with Radar,0,28,110,0,138,0,2,110,0,112,0,30,220,0,250,155,0,155,405
08/14/2008,SUS,MO,ACE,CE,Towers with Radar,0,27,109,4,140,0,3,106,0,109,0,30,215,4,249,167,0,167,416
08/15/2008,SUS,MO,ACE,CE,Towers with Radar,0,30,115,0,145,0,6,106,0,112,0,36,221,0,257,122,0,122,379
08/16/2008,SUS,MO,ACE,CE,Towers with Radar,0,23,72,0,95,0,0,141,0,141,0,23,213,0,236,126,0,126,362
08/17/2008,SUS,MO,ACE,CE,Towers with Radar,0,27,72,0,99,0,0,183,0,183,0,27,255,0,282,0,156,156,438
08/18/2008,SUS,MO,ACE,CE,Towers with Radar,0,25,74,0,99,0,0,107,0,107,0,25,181,0,206,91,0,91,297
08/19/2008,SUS,MO,ACE,CE,Towers with Radar,0,20,94,8,122,0,1,145,1,147,0,21,239,9,269,83,0,83,352
08/20/2008,SUS,MO,ACE,CE,Towers with Radar,0,13,107,0,120,98,0,0,2,100,98,13,107,2,220,102,0,102,322
08/21/2008,SUS,MO,ACE,CE,Towers with Radar,0,20,141,2,163,0,0,15,0,15,0,20,156,2,178,2,0,2,180
08/22/2008,SUS,MO,ACE,CE,Towers with Radar,0,24,104,0,128,0,3,69,0,72,0,27,173,0,200,119,0,119,319
08/23/2008,SUS,MO,ACE,CE,Towers with Radar,0,11,69,0,80,0,0,104,0,104,0,11,173,0,184,118,0,118,302
08/24/2008,SUS,MO,ACE,CE,Towers with Radar,0,19,73,0,92,0,1,140,0,141,0,20,213,0,233,88,0,88,321
08/25/2008,SUS,MO,ACE,CE,Towers with Radar,0,28,91,6,125,0,0,123,0,123,0,28,214,6,248,81,0,81,329
08/26/2008,SUS,MO,ACE,CE,Towers with Radar,0,19,136,5,160,0,3,100,0,103,0,22,236,5,263,98,2,100,363
08/27/2008,SUS,MO,ACE,CE,Towers with Radar,0,21,122,0,143,0,1,100,0,101,0,22,222,0,244,176,0,176,420
08/28/2008,SUS,MO,ACE,CE,Towers with Radar,0,26,139,0,165,0,4,120,2,126,0,30,259,2,291,98,0,98,389
08/29/2008,SUS,MO,ACE,CE,Towers with Radar,0,23,110,2,135,0,4,83,0,87,0,27,193,2,222,32,8,40,262
08/30/2008,SUS,MO,ACE,CE,Towers with Radar,0,18,52,0,70,0,3,145,0,148,0,21,197,0,218,48,0,48,266
08/31/2008,SUS,MO,ACE,CE,Towers with Radar,0,9,58,0,67,0,0,148,0,148,0,9,206,0,215,45,0,45,260
09/01/2008,SUS,MO,ACE,CE,Towers with Radar,0,21,68,2,91,0,4,102,0,106,0,25,170,2,197,34,0,34,231
09/02/2008,SUS,MO,ACE,CE,Towers with Radar,0,19,99,2,120,0,4,86,0,90,0,23,185,2,210,234,0,234,444
09/03/2008,SUS,MO,ACE,CE,Towers with Radar,0,15,99,4,118,0,0,8,0,8,0,15,107,4,126,92,0,92,218
09/04/2008,SUS,MO,ACE,CE,Towers with Radar,0,14,69,0,83,0,0,0,0,0,0,14,69,0,83,0,0,0,83
09/05/2008,SUS,MO,ACE,CE,Towers with Radar,0,25,125,0,150,0,19,69,0,88,0,44,194,0,238,70,0,70,308
09/06/2008,SUS,MO,ACE,CE,Towers with Radar,0,12,61,3,76,0,1,133,0,134,0,13,194,3,210,90,12,102,312
09/07/2008,SUS,MO,ACE,CE,Towers with Radar,0,23,87,4,114,0,0,53,0,53,0,23,140,4,167,98,0,98,265
09/08/2008,SUS,MO,ACE,CE,Towers with Radar,0,21,95,0,116,0,3,89,0,92,0,24,184,0,208,64,0,64,272
09/09/2008,SUS,MO,ACE,CE,Towers with Radar,0,21,102,4,127,0,7,117,0,124,0,28,219,4,251,160,0,160,411
09/10/2008,SUS,MO,ACE,CE,Towers with Radar,0,31,113,2,146,0,7,144,2,153,0,38,257,4,299,173,0,173,472
09/11/2008,SUS,MO,ACE,CE,Towers with Radar,1,26,92,0,119,0,0,81,0,81,1,26,173,0,200,130,0,130,330
09/12/2008,SUS,MO,ACE,CE,Towers with Radar,0,23,103,0,126,0,0,40,1,41,0,23,143,1,167,76,0,76,243
09/13/2008,SUS,MO,ACE,CE,Towers with Radar,0,9,41,1,51,0,0,56,0,56,0,9,97,1,107,20,0,20,127
09/14/2008,SUS,MO,ACE,CE,Towers with Radar,0,19,58,6,83,0,0,9,0,9,0,19,67,6,92,0,0,0,92
09/15/2008,SUS,MO,ACE,CE,Towers with Radar,0,28,108,6,142,0,0,64,0,64,0,28,172,6,206,18,0,18,224
09/16/2008,SUS,MO,ACE,CE,Towers with Radar,0,25,93,4,122,0,0,138,0,138,0,25,231,4,260,70,0,70,330
09/17/2008,SUS,MO,ACE,CE,Towers with Radar,2,24,104,0,130,0,4,165,0,169,2,28,269,0,299,205,0,205,504
09/18/2008,SUS,MO,ACE,CE,Towers with Radar,0,22,119,0,141,0,2,158,0,160,0,24,277,0,301,160,0,160,461
09/19/2008,SUS,MO,ACE,CE,Towers with Radar,20,0,93,0,113,0,2,144,2,148,20,2,237,2,261,52,0,52,313
09/20/2008,SUS,MO,ACE,CE,Towers with Radar,0,14,46,0,60,0,2,96,0,98,0,16,142,0,158,148,0,148,306
09/21/2008,SUS,MO,ACE,CE,Towers with Radar,0,19,88,1,108,0,2,118,2,122,0,21,206,3,230,154,0,154,384
09/22/2008,SUS,MO,ACE,CE,Towers with Radar,2,23,96,5,126,0,0,95,0,95,2,23,191,5,221,70,0,70,291
09/23/2008,SUS,MO,ACE,CE,Towers with Radar,0,22,97,15,134,0,3,141,0,144,0,25,238,15,278,109,0,109,387
09/24/2008,SUS,MO,ACE,CE,Towers with Radar,0,23,113,0,136,0,1,93,0,94,0,24,206,0,230,82,0,82,312
09/25/2008,SUS,MO,ACE,CE,Towers with Radar,0,29,132,8,169,0,4,129,0,133,0,33,261,8,302,74,0,74,376
09/26/2008,SUS,MO,ACE,CE,Towers with Radar,0,18,99,2,119,0,4,120,2,126,0,22,219,4,245,108,0,108,353
09/27/2008,SUS,MO,ACE,CE,Towers with Radar,1,13,84,0,98,0,4,161,0,165,1,17,245,0,263,68,0,68,331
09/28/2008,SUS,MO,ACE,CE,Towers with Radar,0,20,90,0,110,0,3,128,0,131,0,23,218,0,241,110,0,110,351
09/29/2008,SUS,MO,ACE,CE,Towers with Radar,0,17,93,0,110,0,0,27,0,27,0,17,120,0,137,63,0,63,200
09/30/2008,SUS,MO,ACE,CE,Towers with Radar,1,12,104,0,117,0,0,86,0,86,1,12,190,0,203,97,0,97,300
10/01/2008,SUS,MO,ACE,CE,Towers with Radar,0,24,111,0,135,0,1,125,0,126,0,25,236,0,261,149,0,149,410
10/02/2008,SUS,MO,ACE,CE,Towers with Radar,0,19,118,0,137,0,0,126,0,126,0,19,244,0,263,178,0,178,441
10/03/2008,SUS,MO,ACE,CE,Towers with Radar,0,27,136,8,171,0,5,139,1,145,0,32,275,9,316,86,0,86,402
10/04/2008,SUS,MO,ACE,CE,Towers with Radar,2,11,99,1,113,0,3,125,1,129,2,14,224,2,242,114,0,114,356
10/05/2008,SUS,MO,ACE,CE,Towers with Radar,0,16,116,6,138,0,9,187,0,196,0,25,303,6,334,121,20,141,475
10/06/2008,SUS,MO,ACE,CE,Towers with Radar,0,21,117,0,138,0,0,98,0,98,0,21,215,0,236,116,0,116,352
10/07/2008,SUS,MO,ACE,CE,Towers with Radar,0,23,89,0,112,0,0,11,0,11,0,23,100,0,123,12,0,12,135
10/08/2008,SUS,MO,ACE,CE,Towers with Radar,0,18,106,2,126,0,2,132,0,134,0,20,238,2,260,138,0,138,398
10/09/2008,SUS,MO,ACE,CE,Towers with Radar,0,34,115,0,149,0,1,140,0,141,0,35,255,0,290,178,0,178,468
10/10/2008,SUS,MO,ACE,CE,Towers with Radar,0,20,100,3,123,0,2,197,1,200,0,22,297,4,323,96,0,96,419
10/11/2008,SUS,MO,ACE,CE,Towers with Radar,0,16,52,0,68,0,1,122,0,123,0,17,174,0,191,84,0,84,275
10/12/2008,SUS,MO,ACE,CE,Towers with Radar,0,19,92,0,111,0,2,161,0,163,0,21,253,0,274,68,0,68,342
10/13/2008,SUS,MO,ACE,CE,Towers with Radar,0,27,95,0,122,0,5,83,0,88,0,32,178,0,210,0,71,71,281
10/14/2008,SUS,MO,ACE,CE,Towers with Radar,0,19,110,0,129,0,2,32,0,34,0,21,142,0,163,131,0,131,294
10/15/2008,SUS,MO,ACE,CE,Towers with Radar,0,16,82,0,98,0,3,27,0,30,0,19,109,0,128,30,0,30,158
10/16/2008,SUS,MO,ACE,CE,Towers with Radar,0,22,122,2,146,0,2,155,0,157,0,24,277,2,303,140,0,140,443
10/17/2008,SUS,MO,ACE,CE,Towers with Radar,0,29,122,4,155,0,0,165,0,165,0,29,287,4,320,70,0,70,390
10/18/2008,SUS,MO,ACE,CE,Towers with Radar,0,7,73,12,92,0,4,132,1,137,0,11,205,13,229,112,30,142,371
10/19/2008,SUS,MO,ACE,CE,Towers with Radar,0,18,69,5,92,0,8,133,1,142,0,26,202,6,234,48,4,52,286
10/20/2008,SUS,MO,ACE,CE,Towers with Radar,0,18,82,2,102,0,2,129,1,132,0,20,211,3,234,109,0,109,343
10/21/2008,SUS,MO,ACE,CE,Towers with Radar,0,18,150,0,168,0,0,126,0,126,0,18,276,0,294,75,0,75,369
10/22/2008,SUS,MO,ACE,CE,Towers with Radar,0,19,111,0,130,0,2,85,0,87,0,21,196,0,217,8,0,8,225
10/23/2008,SUS,MO,ACE,CE,Towers with Radar,0,21,88,0,109,0,2,44,0,46,0,23,132,0,155,96,0,96,251
10/24/2008,SUS,MO,ACE,CE,Towers with Radar,0,25,107,0,132,0,6,111,0,117,0,31,218,0,249,114,0,114,363
10/25/2008,SUS,MO,ACE,CE,Towers with Radar,0,15,74,21,110,0,5,135,1,141,0,20,209,22,251,88,18,106,357
10/26/2008,SUS,MO,ACE,CE,Towers with Radar,0,27,81,8,116,0,4,99,0,103,0,31,180,8,219,93,4,97,316
10/27/2008,SUS,MO,ACE,CE,Towers with Radar,2,34,74,2,112,1,3,73,0,77,3,37,147,2,189,178,0,178,367
10/28/2008,SUS,MO,ACE,CE,Towers with Radar,0,22,101,0,123,0,3,101,0,104,0,25,202,0,227,140,0,140,367
10/29/2008,SUS,MO,ACE,CE,Towers with Radar,0,28,88,1,117,0,1,163,0,164,0,29,251,1,281,224,0,224,505
10/30/2008,SUS,MO,ACE,CE,Towers with Radar,0,22,124,0,146,0,7,136,0,143,0,29,260,0,289,114,0,114,403
10/31/2008,SUS,MO,ACE,CE,Towers with Radar,0,22,76,0,98,0,1,117,0,118,0,23,193,0,216,246,0,246,462
11/01/2008,SUS,MO,ACE,CE,Towers with Radar,0,9,56,0,65,0,4,120,0,124,0,13,176,0,189,116,0,116,305
11/02/2008,SUS,MO,ACE,CE,Towers with Radar,1,18,98,0,117,0,6,131,0,137,1,24,229,0,254,78,0,78,332
11/03/2008,SUS,MO,ACE,CE,Towers with Radar,2,15,93,0,110,0,1,125,0,126,2,16,218,0,236,67,0,67,303
11/04/2008,SUS,MO,ACE,CE,Towers with Radar,1,25,117,0,143,0,2,116,0,118,1,27,233,0,261,104,0,104,365
11/05/2008,SUS,MO,ACE,CE,Towers with Radar,1,22,117,0,140,1,4,85,0,90,2,26,202,0,230,70,0,70,300
11/06/2008,SUS,MO,ACE,CE,Towers with Radar,0,24,93,2,119,0,3,72,0,75,0,27,165,2,194,66,0,66,260
11/07/2008,SUS,MO,ACE,CE,Towers with Radar,0,26,98,5,129,0,0,84,2,86,0,26,182,7,215,82,0,82,297
11/08/2008,SUS,MO,ACE,CE,Towers with Radar,0,13,34,0,47,0,1,47,0,48,0,14,81,0,95,80,0,80,175
11/09/2008,SUS,MO,ACE,CE,Towers with Radar,3,15,64,0,82,0,3,43,0,46,3,18,107,0,128,86,0,86,214
11/10/2008,SUS,MO,ACE,CE,Towers with Radar,0,12,73,0,85,0,2,56,0,58,0,14,129,0,143,38,0,38,181
11/11/2008,SUS,MO,ACE,CE,Towers with Radar,1,22,62,0,85,0,0,38,0,38,1,22,100,0,123,46,0,46,169
11/12/2008,SUS,MO,ACE,CE,Towers with Radar,0,26,130,0,156,0,1,83,0,84,0,27,213,0,240,96,0,96,336
11/13/2008,SUS,MO,ACE,CE,Towers with Radar,0,19,103,10,132,0,1,131,24,156,0,20,234,34,288,82,12,94,382
11/14/2008,SUS,MO,ACE,CE,Towers with Radar,0,22,84,4,110,0,0,43,0,43,0,22,127,4,153,8,2,10,163
11/15/2008,SUS,MO,ACE,CE,Towers with Radar,0,9,42,0,51,0,0,7,0,7,0,9,49,0,58,0,0,0,58
11/16/2008,SUS,MO,ACE,CE,Towers with Radar,0,8,75,0,83,0,1,97,0,98,0,9,172,0,181,60,0,60,241
11/17/2008,SUS,MO,ACE,CE,Towers with Radar,0,15,70,0,85,0,3,73,0,76,0,18,143,0,161,64,0,64,225
11/18/2008,SUS,MO,ACE,CE,Towers with Radar,0,35,102,1,138,0,9,122,0,131,0,44,224,1,269,64,0,64,333
11/19/2008,SUS,MO,ACE,CE,Towers with Radar,0,25,142,2,169,0,2,145,0,147,0,27,287,2,316,78,0,78,394
11/20/2008,SUS,MO,ACE,CE,Towers with Radar,0,30,99,1,130,0,5,77,2,84,0,35,176,3,214,14,0,14,228
11/21/2008,SUS,MO,ACE,CE,Towers with Radar,0,11,103,0,114,0,4,138,0,142,0,15,241,0,256,68,0,68,324
11/22/2008,SUS,MO,ACE,CE,Towers with Radar,0,7,61,6,74,0,0,76,0,76,0,7,137,6,150,107,0,107,257
11/23/2008,SUS,MO,ACE,CE,Towers with Radar,0,6,63,2,71,0,0,89,0,89,0,6,152,2,160,67,0,67,227
11/24/2008,SUS,MO,ACE,CE,Towers with Radar,1,18,97,0,116,0,1,67,0,68,1,19,164,0,184,20,0,20,204
11/25/2008,SUS,MO,ACE,CE,Towers with Radar,0,26,119,6,151,0,3,129,0,132,0,29,248,6,283,106,0,106,389
11/26/2008,SUS,MO,ACE,CE,Towers with Radar,2,36,84,0,122,0,6,136,0,142,2,42,220,0,264,96,0,96,360
11/27/2008,SUS,MO,ACE,CE,Towers with Radar,0,7,33,0,40,0,0,41,0,41,0,7,74,0,81,48,0,48,129
11/28/2008,SUS,MO,ACE,CE,Towers with Radar,1,23,37,0,61,0,1,108,0,109,1,24,145,0,170,84,0,84,254
11/29/2008,SUS,MO,ACE,CE,Towers with Radar,4,17,70,0,91,0,2,88,0,90,4,19,158,0,181,56,0,56,237
11/30/2008,SUS,MO,ACE,CE,Towers with Radar,0,28,50,0,78,0,0,0,0,0,0,28,50,0,78,0,0,0,78
12/01/2008,SUS,MO,ACE,CE,Towers with Radar,2,11,74,0,87,0,0,36,0,36,2,11,110,0,123,38,0,38,161
12/02/2008,SUS,MO,ACE,CE,Towers with Radar,2,18,100,1,121,0,1,126,1,128,2,19,226,2,249,58,0,58,307
12/03/2008,SUS,MO,ACE,CE,Towers with Radar,0,29,113,0,142,0,7,45,0,52,0,36,158,0,194,128,0,128,322
12/04/2008,SUS,MO,ACE,CE,Towers with Radar,0,24,106,1,131,0,7,94,0,101,0,31,200,1,232,112,0,112,344
12/05/2008,SUS,MO,ACE,CE,Towers with Radar,0,23,100,0,123,0,2,88,0,90,0,25,188,0,213,97,0,97,310
12/06/2008,SUS,MO,ACE,CE,Towers with Radar,0,10,37,0,47,0,0,53,0,53,0,10,90,0,100,16,0,16,116
12/07/2008,SUS,MO,ACE,CE,Towers with Radar,0,12,59,0,71,0,0,70,0,70,0,12,129,0,141,84,0,84,225
12/08/2008,SUS,MO,ACE,CE,Towers with Radar,0,23,66,0,89,0,1,46,0,47,0,24,112,0,136,44,0,44,180
12/09/2008,SUS,MO,ACE,CE,Towers with Radar,1,21,87,0,109,0,1,11,0,12,1,22,98,0,121,60,0,60,181
12/10/2008,SUS,MO,ACE,CE,Towers with Radar,0,29,111,0,140,0,3,111,0,114,0,32,222,0,254,80,0,80,334
12/11/2008,SUS,MO,ACE,CE,Towers with Radar,0,34,132,1,167,0,5,106,2,113,0,39,238,3,280,135,0,135,415
12/12/2008,SUS,MO,ACE,CE,Towers with Radar,0,19,102,4,125,0,6,141,0,147,0,25,243,4,272,132,0,132,404
12/13/2008,SUS,MO,ACE,CE,Towers with Radar,0,18,29,0,47,0,0,45,0,45,0,18,74,0,92,27,0,27,119
12/14/2008,SUS,MO,ACE,CE,Towers with Radar,1,16,32,0,49,0,0,20,0,20,1,16,52,0,69,10,0,10,79
12/15/2008,SUS,MO,ACE,CE,Towers with Radar,0,13,41,0,54,0,0,8,0,8,0,13,49,0,62,0,0,0,62
12/16/2008,SUS,MO,ACE,CE,Towers with Radar,1,15,75,0,91,0,0,0,0,0,1,15,75,0,91,0,0,0,91
12/17/2008,SUS,MO,ACE,CE,Towers with Radar,0,34,120,0,154,0,2,68,0,70,0,36,188,0,224,48,0,48,272
12/18/2008,SUS,MO,ACE,CE,Towers with Radar,0,30,82,2,114,0,0,4,0,4,0,30,86,2,118,0,0,0,118
12/19/2008,SUS,MO,ACE,CE,Towers with Radar,0,36,92,0,128,0,4,52,0,56,0,40,144,0,184,34,0,34,218
12/20/2008,SUS,MO,ACE,CE,Towers with Radar,0,13,77,2,92,0,4,51,0,55,0,17,128,2,147,94,0,94,241
12/21/2008,SUS,MO,ACE,CE,Towers with Radar,0,27,38,3,68,0,1,3,0,4,0,28,41,3,72,0,0,0,72
12/22/2008,SUS,MO,ACE,CE,Towers with Radar,2,29,63,0,94,0,2,56,0,58,2,31,119,0,152,34,0,34,186
12/23/2008,SUS,MO,ACE,CE,Towers with Radar,0,18,40,0,58,0,1,5,0,6,0,19,45,0,64,0,0,0,64
12/24/2008,SUS,MO,ACE,CE,Towers with Radar,0,18,34,0,52,0,0,31,0,31,0,18,65,0,83,72,0,72,155
12/25/2008,SUS,MO,ACE,CE,Towers with Radar,0,6,18,0,24,0,1,20,0,21,0,7,38,0,45,28,0,28,73
12/26/2008,SUS,MO,ACE,CE,Towers with Radar,0,27,74,0,101,0,0,27,0,27,0,27,101,0,128,16,0,16,144
12/27/2008,SUS,MO,ACE,CE,Towers with Radar,0,33,37,0,70,0,0,0,0,0,0,33,37,0,70,0,0,0,70
12/28/2008,SUS,MO,ACE,CE,Towers with Radar,2,29,44,0,75,0,1,119,0,120,2,30,163,0,195,92,0,92,287
12/29/2008,SUS,MO,ACE,CE,Towers with Radar,0,25,51,0,76,0,0,93,0,93,0,25,144,0,169,96,0,96,265
12/30/2008,SUS,MO,ACE,CE,Towers with Radar,0,18,63,0,81,0,5,91,0,96,0,23,154,0,177,212,0,212,389
12/31/2008,SUS,MO,ACE,CE,Towers with Radar,0,15,38,0,53,0,2,92,0,94,0,17,130,0,147,164,0,164,311
01/01/2009,SUS,MO,ACE,CE,Towers with Radar,1,7,35,0,43,0,1,42,0,43,1,8,77,0,86,0,0,0,86
01/02/2009,SUS,MO,ACE,CE,Towers with Radar,1,21,56,0,78,0,2,133,0,135,1,23,189,0,213,83,0,83,296
01/03/2009,SUS,MO,ACE,CE,Towers with Radar,2,15,47,0,64,0,0,2,0,2,2,15,49,0,66,0,0,0,66
01/04/2009,SUS,MO,ACE,CE,Towers with Radar,0,18,76,0,94,0,2,20,0,22,0,20,96,0,116,40,0,40,156
01/05/2009,SUS,MO,ACE,CE,Towers with Radar,0,18,59,0,77,0,2,62,1,65,0,20,121,1,142,52,0,52,194
01/06/2009,SUS,MO,ACE,CE,Towers with Radar,0,23,78,0,101,0,5,34,1,40,0,28,112,1,141,24,0,24,165
01/07/2009,SUS,MO,ACE,CE,Towers with Radar,0,18,67,4,89,0,0,67,0,67,0,18,134,4,156,36,0,36,192
01/08/2009,SUS,MO,ACE,CE,Towers with Radar,1,16,93,0,110,0,20,101,0,121,1,36,194,0,231,64,0,64,295
01/09/2009,SUS,MO,ACE,CE,Towers with Radar,0,13,73,0,86,0,3,105,2,110,0,16,178,2,196,107,0,107,303
01/10/2009,SUS,MO,ACE,CE,Towers with Radar,0,7,25,0,32,0,0,9,0,9,0,7,34,0,41,74,0,74,115
01/11/2009,SUS,MO,ACE,CE,Towers with Radar,0,26,54,0,80,0,0,133,1,134,0,26,187,1,214,88,0,88,302
01/12/2009,SUS,MO,ACE,CE,Towers with Radar,0,19,70,0,89,0,0,48,0,48,0,19,118,0,137,30,0,30,167
01/13/2009,SUS,MO,ACE,CE,Towers with Radar,0,14,88,0,102,0,0,67,0,67,0,14,155,0,169,118,0,118,287
01/14/2009,SUS,MO,ACE,CE,Towers with Radar,2,26,83,2,113,0,0,30,0,30,2,26,113,2,143,14,0,14,157
01/15/2009,SUS,MO,ACE,CE,Towers with Radar,0,15,92,2,109,0,0,55,0,55,0,15,147,2,164,34,6,40,204
01/16/2009,SUS,MO,ACE,CE,Towers with Radar,0,16,57,1,74,0,0,26,2,28,0,16,83,3,102,8,0,8,110
01/17/2009,SUS,MO,ACE,CE,Towers with Radar,1,12,45,0,58,0,3,58,0,61,1,15,103,0,119,96,0,96,215
01/18/2009,SUS,MO,ACE,CE,Towers with Radar,0,14,48,1,63,0,0,29,0,29,0,14,77,1,92,20,0,20,112
01/19/2009,SUS,MO,ACE,CE,Towers with Radar,0,16,74,1,91,0,0,81,0,81,0,16,155,1,172,46,0,46,218
01/20/2009,SUS,MO,ACE,CE,Towers with Radar,0,20,97,0,117,0,0,91,1,92,0,20,188,1,209,86,0,86,295
01/21/2009,SUS,MO,ACE,CE,Towers with Radar,0,28,134,2,164,0,2,173,0,175,0,30,307,2,339,191,7,198,537
01/22/2009,SUS,MO,ACE,CE,Towers with Radar,0,29,98,0,127,0,2,173,1,176,0,31,271,1,303,120,0,120,423
01/23/2009,SUS,MO,ACE,CE,Towers with Radar,0,19,66,1,86,0,0,76,0,76,0,19,142,1,162,68,0,68,230
01/24/2009,SUS,MO,ACE,CE,Towers with Radar,0,7,49,0,56,0,0,103,0,103,0,7,152,0,159,70,0,70,229
01/25/2009,SUS,MO,ACE,CE,Towers with Radar,0,16,37,1,54,0,0,0,0,0,0,16,37,1,54,40,0,40,94
01/26/2009,SUS,MO,ACE,CE,Towers with Radar,0,14,82,0,96,0,0,38,0,38,0,14,120,0,134,178,0,178,312
01/27/2009,SUS,MO,ACE,CE,Towers with Radar,0,14,49,0,63,0,0,0,0,0,0,14,49,0,63,0,0,0,63
01/28/2009,SUS,MO,ACE,CE,Towers with Radar,0,20,51,0,71,0,0,44,0,44,0,20,95,0,115,30,0,30,145
01/29/2009,SUS,MO,ACE,CE,Towers with Radar,0,17,84,1,102,0,0,46,0,46,0,17,130,1,148,48,0,48,196
01/30/2009,SUS,MO,ACE,CE,Towers with Radar,0,20,77,6,103,0,1,73,0,74,0,21,150,6,177,120,0,120,297
01/31/2009,SUS,MO,ACE,CE,Towers with Radar,0,12,28,3,43,0,0,97,1,98,0,12,125,4,141,60,0,60,201
02/01/2009,SUS,MO,ACE,CE,Towers with Radar,2,15,41,1,59,0,0,78,1,79,2,15,119,2,138,29,0,29,167
02/02/2009,SUS,MO,ACE,CE,Towers with Radar,0,25,90,0,115,0,5,66,5,76,0,30,156,5,191,32,0,32,223
02/03/2009,SUS,MO,ACE,CE,Towers with Radar,1,15,66,0,82,0,2,53,0,55,1,17,119,0,137,50,0,50,187
02/04/2009,SUS,MO,ACE,CE,Towers with Radar,1,16,91,0,108,0,5,78,2,85,1,21,169,2,193,104,0,104,297
02/05/2009,SUS,MO,ACE,CE,Towers with Radar,2,18,84,0,104,0,1,96,1,98,2,19,180,1,202,77,0,77,279
02/06/2009,SUS,MO,ACE,CE,Towers with Radar,1,14,59,0,74,0,0,84,0,84,1,14,143,0,158,82,0,82,240
02/07/2009,SUS,MO,ACE,CE,Towers with Radar,0,10,35,0,45,0,0,59,0,59,0,10,94,0,104,55,0,55,159
02/08/2009,SUS,MO,ACE,CE,Towers with Radar,0,10,64,0,74,0,2,44,0,46,0,12,108,0,120,88,0,88,208
02/09/2009,SUS,MO,ACE,CE,Towers with Radar,0,22,41,0,63,0,0,16,0,16,0,22,57,0,79,0,0,0,79
02/10/2009,SUS,MO,ACE,CE,Towers with Radar,2,32,95,3,132,0,0,60,0,60,2,32,155,3,192,152,0,152,344
02/11/2009,SUS,MO,ACE,CE,Towers with Radar,1,32,73,0,106,0,2,5,0,7,1,34,78,0,113,0,0,0,113
02/12/2009,SUS,MO,ACE,CE,Towers with Radar,0,21,112,0,133,0,2,156,0,158,0,23,268,0,291,149,0,149,440
02/13/2009,SUS,MO,ACE,CE,Towers with Radar,0,26,89,0,115,0,0,82,0,82,0,26,171,0,197,86,0,86,283
02/14/2009,SUS,MO,ACE,CE,Towers with Radar,0,16,35,0,51,0,0,51,0,51,0,16,86,0,102,244,0,244,346
02/15/2009,SUS,MO,ACE,CE,Towers with Radar,0,9,43,0,52,0,2,103,0,105,0,11,146,0,157,170,0,170,327
02/16/2009,SUS,MO,ACE,CE,Towers with Radar,0,23,93,0,116,0,2,119,0,121,0,25,212,0,237,108,0,108,345
02/17/2009,SUS,MO,ACE,CE,Towers with Radar,1,16,78,0,95,0,4,57,1,62,1,20,135,1,157,76,0,76,233
02/18/2009,SUS,MO,ACE,CE,Towers with Radar,0,25,82,0,107,0,0,26,0,26,0,25,108,0,133,0,0,0,133
02/19/2009,SUS,MO,ACE,CE,Towers with Radar,1,28,125,0,154,0,4,73,2,79,1,32,198,2,233,100,0,100,333
02/20/2009,SUS,MO,ACE,CE,Towers with Radar,0,15,69,1,85,0,1,97,0,98,0,16,166,1,183,84,0,84,267
02/21/2009,SUS,MO,ACE,CE,Towers with Radar,0,8,20,2,30,0,0,18,0,18,0,8,38,2,48,6,0,6,54
02/22/2009,SUS,MO,ACE,CE,Towers with Radar,2,12,64,0,78,0,1,110,0,111,2,13,174,0,189,78,0,78,267
02/23/2009,SUS,MO,ACE,CE,Towers with Radar,1,31,84,2,118,0,0,100,0,100,1,31,184,2,218,88,0,88,306
02/24/2009,SUS,MO,ACE,CE,Towers with Radar,2,20,84,0,106,0,0,86,0,86,2,20,170,0,192,82,0,82,274
02/25/2009,SUS,MO,ACE,CE,Towers with Radar,1,19,80,2,102,0,3,105,0,108,1,22,185,2,210,144,0,144,354
02/26/2009,SUS,MO,ACE,CE,Towers with Radar,0,24,76,0,100,0,2,12,0,14,0,26,88,0,114,0,0,0,114
02/27/2009,SUS,MO,ACE,CE,Towers with Radar,0,20,75,0,95,0,0,39,0,39,0,20,114,0,134,180,0,180,314
02/28/2009,SUS,MO,ACE,CE,Towers with Radar,0,2,27,0,29,0,22,0,0,22,0,24,27,0,51,50,0,50,101
03/01/2009,SUS,MO,ACE,CE,Towers with Radar,0,16,59,0,75,0,3,98,0,101,0,19,157,0,176,40,0,40,216
03/02/2009,SUS,MO,ACE,CE,Towers with Radar,0,20,77,0,97,0,4,100,0,104,0,24,177,0,201,128,0,128,329
03/03/2009,SUS,MO,ACE,CE,Towers with Radar,0,19,109,0,128,0,0,99,0,99,0,19,208,0,227,122,0,122,349
03/04/2009,SUS,MO,ACE,CE,Towers with Radar,0,22,93,1,116,0,2,102,1,105,0,24,195,2,221,166,0,166,387
03/05/2009,SUS,MO,ACE,CE,Towers with Radar,2,21,62,10,95,0,2,40,1,43,2,23,102,11,138,14,0,14,152
03/06/2009,SUS,MO,ACE,CE,Towers with Radar,0,21,77,1,99,0,0,123,1,124,0,21,200,2,223,105,0,105,328
03/07/2009,SUS,MO,ACE,CE,Towers with Radar,0,14,45,0,59,0,0,58,0,58,0,14,103,0,117,116,0,116,233
03/08/2009,SUS,MO,ACE,CE,Towers with Radar,0,20,43,0,63,0,0,13,0,13,0,20,56,0,76,8,0,8,84
03/09/2009,SUS,MO,ACE,CE,Towers with Radar,0,26,70,0,96,0,4,44,0,48,0,30,114,0,144,70,0,70,214
03/10/2009,SUS,MO,ACE,CE,Towers with Radar,0,16,64,0,80,0,0,46,0,46,0,16,110,0,126,78,0,78,204
03/11/2009,SUS,MO,ACE,CE,Towers with Radar,0,27,118,5,150,0,4,120,1,125,0,31,238,6,275,94,0,94,369
03/12/2009,SUS,MO,ACE,CE,Towers with Radar,0,21,111,0,132,0,0,92,0,92,0,21,203,0,224,172,0,172,396
03/13/2009,SUS,MO,ACE,CE,Towers with Radar,0,19,96,0,115,0,0,130,2,132,0,19,226,2,247,126,6,132,379
03/14/2009,SUS,MO,ACE,CE,Towers with Radar,0,13,67,0,80,0,1,126,3,130,0,14,193,3,210,54,0,54,264
03/15/2009,SUS,MO,ACE,CE,Towers with Radar,1,12,72,2,87,0,2,108,0,110,1,14,180,2,197,54,0,54,251
03/16/2009,SUS,MO,ACE,CE,Towers with Radar,0,20,87,0,107,0,2,115,0,117,0,22,202,0,224,164,0,164,388
03/17/2009,SUS,MO,ACE,CE,Towers with Radar,0,22,81,0,103,0,2,87,0,89,0,24,168,0,192,38,0,38,230
03/18/2009,SUS,MO,ACE,CE,Towers with Radar,0,25,75,2,102,0,5,55,0,60,0,30,130,2,162,38,0,38,200
03/19/2009,SUS,MO,ACE,CE,Towers with Radar,0,33,91,3,127,0,1,88,3,92,0,34,179,6,219,167,0,167,386
03/20/2009,SUS,MO,ACE,CE,Towers with Radar,0,17,74,2,93,0,3,111,0,114,0,20,185,2,207,82,0,82,289
03/21/2009,SUS,MO,ACE,CE,Towers with Radar,2,31,59,1,93,0,4,111,0,115,2,35,170,1,208,60,0,60,268
03/22/2009,SUS,MO,ACE,CE,Towers with Radar,0,12,78,0,90,0,0,90,0,90,0,12,168,0,180,56,0,56,236
03/23/2009,SUS,MO,ACE,CE,Towers with Radar,0,12,83,0,95,0,0,53,0,53,0,12,136,0,148,34,0,34,182
03/24/2009,SUS,MO,ACE,CE,Towers with Radar,0,19,56,0,75,0,2,3,0,5,0,21,59,0,80,0,0,0,80
03/25/2009,SUS,MO,ACE,CE,Towers with Radar,0,33,75,1,109,0,0,87,0,87,0,33,162,1,196,97,0,97,293
03/26/2009,SUS,MO,ACE,CE,Towers with Radar,0,18,92,1,111,0,1,100,0,101,0,19,192,1,212,276,0,276,488
03/27/2009,SUS,MO,ACE,CE,Towers with Radar,0,29,71,0,100,0,3,33,0,36,0,32,104,0,136,28,0,28,164
03/28/2009,SUS,MO,ACE,CE,Towers with Radar,2,12,21,0,35,0,0,2,0,2,2,12,23,0,37,0,0,0,37
03/29/2009,SUS,MO,ACE,CE,Towers with Radar,2,24,80,0,106,0,2,45,0,47,2,26,125,0,153,84,0,84,237
03/30/2009,SUS,MO,ACE,CE,Towers with Radar,1,19,80,2,102,0,4,91,4,99,1,23,171,6,201,110,0,110,311
03/31/2009,SUS,MO,ACE,CE,Towers with Radar,1,11,82,0,94,0,2,58,5,65,1,13,140,5,159,12,0,12,171
04/01/2009,SUS,MO,ACE,CE,Towers with Radar,0,16,122,1,139,0,3,176,6,185,0,19,298,7,324,120,0,120,444
04/02/2009,SUS,MO,ACE,CE,Towers with Radar,0,14,68,0,82,0,0,18,0,18,0,14,86,0,100,16,0,16,116
04/03/2009,SUS,MO,ACE,CE,Towers with Radar,0,29,94,2,125,0,2,136,1,139,0,31,230,3,264,142,0,142,406
04/04/2009,SUS,MO,ACE,CE,Towers with Radar,0,15,67,2,84,0,0,105,0,105,0,15,172,2,189,60,14,74,263
04/05/2009,SUS,MO,ACE,CE,Towers with Radar,0,12,47,1,60,0,0,15,0,15,0,12,62,1,75,36,0,36,111
04/06/2009,SUS,MO,ACE,CE,Towers with Radar,0,20,41,0,61,0,0,11,0,11,0,20,52,0,72,1,0,1,73
04/07/2009,SUS,MO,ACE,CE,Towers with Radar,0,21,90,0,111,0,0,94,0,94,0,21,184,0,205,111,0,111,316
04/08/2009,SUS,MO,ACE,CE,Towers with Radar,2,31,129,0,162,0,0,113,0,113,2,31,242,0,275,166,0,166,441
04/09/2009,SUS,MO,ACE,CE,Towers with Radar,0,26,98,4,128,0,0,47,0,47,0,26,145,4,175,78,0,78,253
04/10/2009,SUS,MO,ACE,CE,Towers with Radar,0,18,69,0,87,0,0,10,0,10,0,18,79,0,97,48,0,48,145
04/11/2009,SUS,MO,ACE,CE,Towers with Radar,2,11,84,1,98,0,2,199,0,201,2,13,283,1,299,152,0,152,451
04/12/2009,SUS,MO,ACE,CE,Towers with Radar,0,15,59,0,74,0,1,36,0,37,0,16,95,0,111,38,0,38,149
04/13/2009,SUS,MO,ACE,CE,Towers with Radar,0,15,67,0,82,0,0,6,0,6,0,15,73,0,88,49,0,49,137
04/14/2009,SUS,MO,ACE,CE,Towers with Radar,0,10,89,0,99,0,3,28,2,33,0,13,117,2,132,130,0,130,262
04/15/2009,SUS,MO,ACE,CE,Towers with Radar,0,18,114,0,132,0,1,113,2,116,0,19,227,2,248,166,0,166,414
04/16/2009,SUS,MO,ACE,CE,Towers with Radar,0,22,117,2,141,0,2,132,2,136,0,24,249,4,277,158,0,158,435
04/17/2009,SUS,MO,ACE,CE,Towers with Radar,0,27,95,0,122,0,2,112,0,114,0,29,207,0,236,174,0,174,410
04/18/2009,SUS,MO,ACE,CE,Towers with Radar,2,11,34,0,47,0,0,47,0,47,2,11,81,0,94,82,0,82,176
04/19/2009,SUS,MO,ACE,CE,Towers with Radar,0,10,52,2,64,0,0,1,0,1,0,10,53,2,65,0,0,0,65
04/20/2009,SUS,MO,ACE,CE,Towers with Radar,0,24,87,0,111,0,4,44,0,48,0,28,131,0,159,11,0,11,170
04/21/2009,SUS,MO,ACE,CE,Towers with Radar,0,24,98,1,123,0,0,35,0,35,0,24,133,1,158,0,4,4,162
04/22/2009,SUS,MO,ACE,CE,Towers with Radar,0,35,103,0,138,0,0,147,2,149,0,35,250,2,287,220,0,220,507
04/23/2009,SUS,MO,ACE,CE,Towers with Radar,0,113,30,1,144,0,0,80,0,80,0,113,110,1,224,36,0,36,260
04/24/2009,SUS,MO,ACE,CE,Towers with Radar,0,22,89,9,120,0,0,63,5,68,0,22,152,14,188,31,13,44,232
04/25/2009,SUS,MO,ACE,CE,Towers with Radar,0,12,38,4,54,0,3,56,0,59,0,15,94,4,113,42,0,42,155
04/26/2009,SUS,MO,ACE,CE,Towers with Radar,0,8,55,9,72,0,2,31,0,33,0,10,86,9,105,0,0,0,105
04/27/2009,SUS,MO,ACE,CE,Towers with Radar,0,6,78,0,84,0,0,11,0,11,0,6,89,0,95,39,0,39,134
04/28/2009,SUS,MO,ACE,CE,Towers with Radar,0,28,80,6,114,0,1,63,0,64,0,29,143,6,178,130,0,130,308
04/29/2009,SUS,MO,ACE,CE,Towers with Radar,0,25,88,0,113,0,3,34,0,37,0,28,122,0,150,55,0,55,205
04/30/2009,SUS,MO,ACE,CE,Towers with Radar,0,26,98,0,124,0,0,34,0,34,0,26,132,0,158,121,0,121,279
05/01/2009,SUS,MO,ACE,CE,Towers with Radar,0,32,98,2,132,0,2,43,0,45,0,34,141,2,177,44,0,44,221
05/02/2009,SUS,MO,ACE,CE,Towers with Radar,0,15,54,2,71,0,1,117,1,119,0,16,171,3,190,216,4,220,410
05/03/2009,SUS,MO,ACE,CE,Towers with Radar,0,15,59,6,80,0,3,59,0,62,0,18,118,6,142,100,0,100,242
05/04/2009,SUS,MO,ACE,CE,Towers with Radar,0,19,94,0,113,0,1,73,0,74,0,20,167,0,187,192,0,192,379
05/05/2009,SUS,MO,ACE,CE,Towers with Radar,0,25,77,0,102,0,0,94,0,94,0,25,171,0,196,175,0,175,371
05/06/2009,SUS,MO,ACE,CE,Towers with Radar,0,21,95,0,116,0,2,48,0,50,0,23,143,0,166,96,0,96,262
05/07/2009,SUS,MO,ACE,CE,Towers with Radar,0,30,100,2,132,0,1,88,0,89,0,31,188,2,221,74,0,74,295
05/08/2009,SUS,MO,ACE,CE,Towers with Radar,0,17,66,0,83,0,0,30,0,30,0,17,96,0,113,61,0,61,174
05/09/2009,SUS,MO,ACE,CE,Towers with Radar,0,12,62,1,75,0,2,128,0,130,0,14,190,1,205,92,10,102,307
05/10/2009,SUS,MO,ACE,CE,Towers with Radar,0,12,67,4,83,0,1,91,2,94,0,13,158,6,177,102,0,102,279
05/11/2009,SUS,MO,ACE,CE,Towers with Radar,0,16,112,0,128,0,2,125,0,127,0,18,237,0,255,105,0,105,360
05/12/2009,SUS,MO,ACE,CE,Towers with Radar,0,17,121,5,143,0,0,73,21,94,0,17,194,26,237,30,0,30,267
05/13/2009,SUS,MO,ACE,CE,Towers with Radar,0,21,81,0,102,0,0,23,0,23,0,21,104,0,125,20,0,20,145
05/14/2009,SUS,MO,ACE,CE,Towers with Radar,0,22,137,0,159,0,0,142,0,142,0,22,279,0,301,194,0,194,495
05/15/2009,SUS,MO,ACE,CE,Towers with Radar,0,28,62,2,92,0,0,54,0,54,0,28,116,2,146,100,0,100,246
05/16/2009,SUS,MO,ACE,CE,Towers with Radar,0,5,68,7,80,0,2,49,0,51,0,7,117,7,131,44,4,48,179
05/17/2009,SUS,MO,ACE,CE,Towers with Radar,0,17,66,5,88,0,2,111,0,113,0,19,177,5,201,138,0,138,339
05/18/2009,SUS,MO,ACE,CE,Towers with Radar,0,25,95,2,122,0,1,132,0,133,0,26,227,2,255,122,0,122,377
05/19/2009,SUS,MO,ACE,CE,Towers with Radar,0,23,106,0,129,0,5,171,0,176,0,28,277,0,305,92,0,92,397
05/20/2009,SUS,MO,ACE,CE,Towers with Radar,0,26,122,0,148,0,1,122,0,123,0,27,244,0,271,144,0,144,415
05/21/2009,SUS,MO,ACE,CE,Towers with Radar,0,29,122,1,152,0,1,182,2,185,0,30,304,3,337,155,0,155,492
05/22/2009,SUS,MO,ACE,CE,Towers with Radar,0,30,96,7,133,0,0,132,0,132,0,30,228,7,265,110,0,110,375
05/23/2009,SUS,MO,ACE,CE,Towers with Radar,0,11,46,0,57,0,5,119,1,125,0,16,165,1,182,152,0,152,334
05/24/2009,SUS,MO,ACE,CE,Towers with Radar,0,7,37,3,47,0,2,48,2,52,0,9,85,5,99,44,0,44,143
05/25/2009,SUS,MO,ACE,CE,Towers with Radar,0,12,42,1,55,0,0,2,0,2,0,12,44,1,57,0,0,0,57
05/26/2009,SUS,MO,ACE,CE,Towers with Radar,0,13,59,0,72,0,2,28,0,30,0,15,87,0,102,106,0,106,208
05/27/2009,SUS,MO,ACE,CE,Towers with Radar,0,21,105,2,128,0,0,37,0,37,0,21,142,2,165,40,0,40,205
05/28/2009,SUS,MO,ACE,CE,Towers with Radar,0,25,119,2,146,0,0,50,0,50,0,25,169,2,196,118,0,118,314
05/29/2009,SUS,MO,ACE,CE,Towers with Radar,0,10,109,4,123,0,1,172,1,174,0,11,281,5,297,266,0,266,563
05/30/2009,SUS,MO,ACE,CE,Towers with Radar,0,10,44,0,54,0,4,106,0,110,0,14,150,0,164,128,0,128,292
05/31/2009,SUS,MO,ACE,CE,Towers with Radar,0,4,63,0,67,0,3,194,0,197,0,7,257,0,264,119,0,119,383
06/01/2009,SUS,MO,ACE,CE,Towers with Radar,0,31,91,0,122,0,0,99,0,99,0,31,190,0,221,47,0,47,268
06/02/2009,SUS,MO,ACE,CE,Towers with Radar,0,19,87,0,106,0,3,101,0,104,0,22,188,0,210,86,0,86,296
06/03/2009,SUS,MO,ACE,CE,Towers with Radar,0,34,102,0,136,0,0,25,0,25,0,34,127,0,161,112,0,112,273
06/04/2009,SUS,MO,ACE,CE,Towers with Radar,1,13,107,0,121,0,0,134,3,137,1,13,241,3,258,82,0,82,340
06/05/2009,SUS,MO,ACE,CE,Towers with Radar,0,16,116,2,134,0,1,162,0,163,0,17,278,2,297,128,4,132,429
06/06/2009,SUS,MO,ACE,CE,Towers with Radar,0,10,56,0,66,0,2,113,0,115,0,12,169,0,181,36,0,36,217
06/07/2009,SUS,MO,ACE,CE,Towers with Radar,0,25,84,4,113,0,4,65,0,69,0,29,149,4,182,13,2,15,197
06/08/2009,SUS,MO,ACE,CE,Towers with Radar,0,20,48,0,68,0,0,43,0,43,0,20,91,0,111,77,0,77,188
06/09/2009,SUS,MO,ACE,CE,Towers with Radar,0,24,101,0,125,0,0,44,0,44,0,24,145,0,169,109,0,109,278
06/10/2009,SUS,MO,ACE,CE,Towers with Radar,0,27,101,1,129,0,0,93,0,93,0,27,194,1,222,140,0,140,362
06/11/2009,SUS,MO,ACE,CE,Towers with Radar,0,32,92,0,124,0,5,47,0,52,0,37,139,0,176,136,0,136,312
06/12/2009,SUS,MO,ACE,CE,Towers with Radar,0,13,110,8,131,0,0,92,0,92,0,13,202,8,223,154,10,164,387
06/13/2009,SUS,MO,ACE,CE,Towers with Radar,0,17,48,0,65,0,4,75,0,79,0,21,123,0,144,74,0,74,218
06/14/2009,SUS,MO,ACE,CE,Towers with Radar,0,7,48,1,56,0,0,56,2,58,0,7,104,3,114,92,0,92,206
06/15/2009,SUS,MO,ACE,CE,Towers with Radar,0,14,71,4,89,0,2,16,1,19,0,16,87,5,108,6,0,6,114
06/16/2009,SUS,MO,ACE,CE,Towers with Radar,0,12,80,1,93,0,0,39,0,39,0,12,119,1,132,34,0,34,166
06/17/2009,SUS,MO,ACE,CE,Towers with Radar,0,22,112,0,134,0,2,138,0,140,0,24,250,0,274,144,0,144,418
06/18/2009,SUS,MO,ACE,CE,Towers with Radar,0,20,105,0,125,0,2,103,0,105,0,22,208,0,230,100,0,100,330
06/19/2009,SUS,MO,ACE,CE,Towers with Radar,0,19,99,2,120,0,1,97,0,98,0,20,196,2,218,113,0,113,331
06/20/2009,SUS,MO,ACE,CE,Towers with Radar,0,12,49,3,64,0,5,98,2,105,0,17,147,5,169,146,0,146,315
06/21/2009,SUS,MO,ACE,CE,Towers with Radar,0,15,62,0,77,0,1,91,0,92,0,16,153,0,169,113,0,113,282
06/22/2009,SUS,MO,ACE,CE,Towers with Radar,0,29,87,0,116,0,0,112,4,116,0,29,199,4,232,169,0,169,401
06/23/2009,SUS,MO,ACE,CE,Towers with Radar,0,23,106,0,129,0,4,111,0,115,0,27,217,0,244,83,0,83,327
06/24/2009,SUS,MO,ACE,CE,Towers with Radar,0,33,92,2,127,0,2,96,0,98,0,35,188,2,225,101,0,101,326
06/25/2009,SUS,MO,ACE,CE,Towers with Radar,0,30,132,1,163,0,0,95,1,96,0,30,227,2,259,114,0,114,373
06/26/2009,SUS,MO,ACE,CE,Towers with Radar,0,17,110,0,127,0,0,116,0,116,0,17,226,0,243,81,0,81,324
06/27/2009,SUS,MO,ACE,CE,Towers with Radar,0,25,47,1,73,0,1,105,0,106,0,26,152,1,179,92,0,92,271
06/28/2009,SUS,MO,ACE,CE,Towers with Radar,0,14,51,0,65,0,0,83,3,86,0,14,134,3,151,76,0,76,227
06/29/2009,SUS,MO,ACE,CE,Towers with Radar,0,17,96,0,113,0,3,120,0,123,0,20,216,0,236,113,0,113,349
06/30/2009,SUS,MO,ACE,CE,Towers with Radar,0,19,83,2,104,0,0,98,4,102,0,19,181,6,206,84,0,84,290
07/01/2009,SUS,MO,ACE,CE,Towers with Radar,0,21,99,6,126,0,1,137,0,138,0,22,236,6,264,128,0,128,392
07/02/2009,SUS,MO,ACE,CE,Towers with Radar,0,18,100,0,118,0,0,131,0,131,0,18,231,0,249,110,0,110,359
07/03/2009,SUS,MO,ACE,CE,Towers with Radar,0,16,51,0,67,0,1,115,0,116,0,17,166,0,183,68,0,68,251
07/04/2009,SUS,MO,ACE,CE,Towers with Radar,0,4,14,4,22,0,0,2,0,2,0,4,16,4,24,0,0,0,24
07/05/2009,SUS,MO,ACE,CE,Towers with Radar,0,13,66,0,79,0,0,24,0,24,0,13,90,0,103,22,0,22,125
07/06/2009,SUS,MO,ACE,CE,Towers with Radar,0,20,105,0,125,0,1,86,0,87,0,21,191,0,212,130,0,130,342
07/07/2009,SUS,MO,ACE,CE,Towers with Radar,0,23,99,4,126,0,6,110,2,118,0,29,209,6,244,108,0,108,352
07/08/2009,SUS,MO,ACE,CE,Towers with Radar,0,19,98,0,117,0,2,129,0,131,0,21,227,0,248,187,0,187,435
07/09/2009,SUS,MO,ACE,CE,Towers with Radar,0,27,94,0,121,0,2,78,0,80,0,29,172,0,201,70,0,70,271
07/10/2009,SUS,MO,ACE,CE,Towers with Radar,0,13,88,13,114,0,0,65,0,65,0,13,153,13,179,118,8,126,305
07/11/2009,SUS,MO,ACE,CE,Towers with Radar,0,5,51,5,61,0,0,51,0,51,0,5,102,5,112,108,0,108,220
07/12/2009,SUS,MO,ACE,CE,Towers with Radar,0,21,57,6,84,0,2,36,0,38,0,23,93,6,122,72,0,72,194
07/13/2009,SUS,MO,ACE,CE,Towers with Radar,0,19,110,1,130,0,0,55,0,55,0,19,165,1,185,50,0,50,235
07/14/2009,SUS,MO,ACE,CE,Towers with Radar,0,25,92,0,117,0,1,44,0,45,0,26,136,0,162,20,0,20,182
07/15/2009,SUS,MO,ACE,CE,Towers with Radar,0,43,148,2,193,0,3,47,0,50,0,46,195,2,243,28,0,28,271
07/16/2009,SUS,MO,ACE,CE,Towers with Radar,0,16,109,1,126,0,6,104,0,110,0,22,213,1,236,104,8,112,348
07/17/2009,SUS,MO,ACE,CE,Towers with Radar,0,24,82,5,111,0,1,122,0,123,0,25,204,5,234,36,2,38,272
07/18/2009,SUS,MO,ACE,CE,Towers with Radar,0,9,55,3,67,0,2,137,1,140,0,11,192,4,207,29,0,29,236
07/19/2009,SUS,MO,ACE,CE,Towers with Radar,0,19,100,1,120,0,0,120,1,121,0,19,220,2,241,35,2,37,278
07/20/2009,SUS,MO,ACE,CE,Towers with Radar,0,31,67,6,104,0,2,102,0,104,0,33,169,6,208,35,0,35,243
07/21/2009,SUS,MO,ACE,CE,Towers with Radar,0,20,90,1,111,0,4,42,0,46,0,24,132,1,157,46,0,46,203
07/22/2009,SUS,MO,ACE,CE,Towers with Radar,0,31,144,0,175,0,0,78,0,78,0,31,222,0,253,84,0,84,337
07/23/2009,SUS,MO,ACE,CE,Towers with Radar,0,20,78,0,98,0,3,119,0,122,0,23,197,0,220,67,0,67,287
07/24/2009,SUS,MO,ACE,CE,Towers with Radar,0,23,93,9,125,0,3,132,0,135,0,26,225,9,260,49,10,59,319
07/25/2009,SUS,MO,ACE,CE,Towers with Radar,0,7,44,0,51,0,2,39,0,41,0,9,83,0,92,34,0,34,126
07/26/2009,SUS,MO,ACE,CE,Towers with Radar,0,10,98,1,109,0,1,106,0,107,0,11,204,1,216,52,0,52,268
07/27/2009,SUS,MO,ACE,CE,Towers with Radar,0,18,99,2,119,0,3,86,2,91,0,21,185,4,210,60,0,60,270
07/28/2009,SUS,MO,ACE,CE,Towers with Radar,0,15,100,0,115,0,3,54,0,57,0,18,154,0,172,37,0,37,209
07/29/2009,SUS,MO,ACE,CE,Towers with Radar,0,21,115,9,145,0,4,104,0,108,0,25,219,9,253,88,0,88,341
07/30/2009,SUS,MO,ACE,CE,Towers with Radar,0,18,111,0,129,0,1,72,0,73,0,19,183,0,202,157,0,157,359
07/31/2009,SUS,MO,ACE,CE,Towers with Radar,0,26,97,26,149,0,3,155,6,164,0,29,252,32,313,104,0,104,417
08/01/2009,SUS,MO,ACE,CE,Towers with Radar,0,20,49,0,69,0,1,58,0,59,0,21,107,0,128,64,0,64,192
08/02/2009,SUS,MO,ACE,CE,Towers with Radar,0,14,87,9,110,0,1,159,20,180,0,15,246,29,290,48,2,50,340
08/03/2009,SUS,MO,ACE,CE,Towers with Radar,0,17,91,0,108,0,4,97,1,102,0,21,188,1,210,20,0,20,230
08/04/2009,SUS,MO,ACE,CE,Towers with Radar,0,19,94,0,113,0,0,60,0,60,0,19,154,0,173,25,0,25,198
08/05/2009,SUS,MO,ACE,CE,Towers with Radar,0,32,96,0,128,0,0,87,0,87,0,32,183,0,215,42,0,42,257
08/06/2009,SUS,MO,ACE,CE,Towers with Radar,0,40,70,0,110,0,2,132,0,134,0,42,202,0,244,98,0,98,342
08/07/2009,SUS,MO,ACE,CE,Towers with Radar,0,26,73,0,99,2,84,0,0,86,2,110,73,0,185,28,0,28,213
08/08/2009,SUS,MO,ACE,CE,Towers with Radar,0,17,54,2,73,0,5,76,0,81,0,22,130,2,154,118,0,118,272
08/09/2009,SUS,MO,ACE,CE,Towers with Radar,0,26,65,0,91,0,1,92,0,93,0,27,157,0,184,73,0,73,257
08/10/2009,SUS,MO,ACE,CE,Towers with Radar,0,30,65,0,95,0,3,58,0,61,0,33,123,0,156,102,0,102,258
08/11/2009,SUS,MO,ACE,CE,Towers with Radar,0,27,99,3,129,0,2,90,1,93,0,29,189,4,222,8,0,8,230
08/12/2009,SUS,MO,ACE,CE,Towers with Radar,0,25,117,1,143,0,0,121,0,121,0,25,238,1,264,193,0,193,457
08/13/2009,SUS,MO,ACE,CE,Towers with Radar,0,28,111,0,139,0,3,140,1,144,0,31,251,1,283,181,0,181,464
08/14/2009,SUS,MO,ACE,CE,Towers with Radar,0,21,74,7,102,0,2,95,0,97,0,23,169,7,199,78,6,84,283
08/15/2009,SUS,MO,ACE,CE,Towers with Radar,0,11,50,6,67,0,3,123,2,128,0,14,173,8,195,107,18,125,320
08/16/2009,SUS,MO,ACE,CE,Towers with Radar,0,11,57,14,82,0,1,64,10,75,0,12,121,24,157,38,0,38,195
08/17/2009,SUS,MO,ACE,CE,Towers with Radar,0,20,79,0,99,0,1,24,0,25,0,21,103,0,124,10,0,10,134
08/18/2009,SUS,MO,ACE,CE,Towers with Radar,0,21,106,0,127,0,0,45,0,45,0,21,151,0,172,69,0,69,241
08/19/2009,SUS,MO,ACE,CE,Towers with Radar,0,36,83,0,119,0,0,43,0,43,0,36,126,0,162,26,0,26,188
08/20/2009,SUS,MO,ACE,CE,Towers with Radar,0,27,101,0,128,0,0,64,0,64,0,27,165,0,192,140,0,140,332
08/21/2009,SUS,MO,ACE,CE,Towers with Radar,0,28,95,0,123,0,3,90,4,97,0,31,185,4,220,130,0,130,350
08/22/2009,SUS,MO,ACE,CE,Towers with Radar,0,6,44,0,50,0,2,123,1,126,0,8,167,1,176,60,0,60,236
08/23/2009,SUS,MO,ACE,CE,Towers with Radar,0,16,76,0,92,0,0,140,1,141,0,16,216,1,233,80,0,80,313
08/24/2009,SUS,MO,ACE,CE,Towers with Radar,0,17,96,1,114,0,1,130,1,132,0,18,226,2,246,136,0,136,382
08/25/2009,SUS,MO,ACE,CE,Towers with Radar,0,28,130,8,166,0,0,153,4,157,0,28,283,12,323,119,2,121,444
08/26/2009,SUS,MO,ACE,CE,Towers with Radar,0,12,92,2,106,0,0,110,1,111,0,12,202,3,217,196,0,196,413
08/27/2009,SUS,MO,ACE,CE,Towers with Radar,0,19,106,1,126,0,0,108,4,112,0,19,214,5,238,148,0,148,386
08/28/2009,SUS,MO,ACE,CE,Towers with Radar,0,20,92,7,119,0,0,16,0,16,0,20,108,7,135,59,0,59,194
08/29/2009,SUS,MO,ACE,CE,Towers with Radar,0,8,55,3,66,0,1,110,1,112,0,9,165,4,178,162,17,179,357
08/30/2009,SUS,MO,ACE,CE,Towers with Radar,0,5,60,7,72,0,0,131,9,140,0,5,191,16,212,118,0,118,330
08/31/2009,SUS,MO,ACE,CE,Towers with Radar,0,23,105,5,133,0,4,125,0,129,0,27,230,5,262,114,0,114,376
09/01/2009,SUS,MO,ACE,CE,Towers with Radar,0,30,109,2,141,0,1,100,0,101,0,31,209,2,242,66,2,68,310
09/02/2009,SUS,MO,ACE,CE,Towers with Radar,0,22,125,0,147,0,4,75,0,79,0,26,200,0,226,69,0,69,295
09/03/2009,SUS,MO,ACE,CE,Towers with Radar,0,13,90,2,105,0,1,85,0,86,0,14,175,2,191,62,0,62,253
09/04/2009,SUS,MO,ACE,CE,Towers with Radar,1,20,83,0,104,0,0,72,0,72,1,20,155,0,176,103,0,103,279
09/05/2009,SUS,MO,ACE,CE,Towers with Radar,0,21,31,0,52,0,0,13,0,13,0,21,44,0,65,4,0,4,69
09/06/2009,SUS,MO,ACE,CE,Towers with Radar,0,5,29,0,34,0,0,2,0,2,0,5,31,0,36,0,0,0,36
09/07/2009,SUS,MO,ACE,CE,Towers with Radar,0,19,63,0,82,0,1,32,0,33,0,20,95,0,115,52,0,52,167
09/08/2009,SUS,MO,ACE,CE,Towers with Radar,0,21,92,0,113,0,3,43,2,48,0,24,135,2,161,26,0,26,187
09/09/2009,SUS,MO,ACE,CE,Towers with Radar,0,15,97,1,113,0,0,52,0,52,0,15,149,1,165,8,0,8,173
09/10/2009,SUS,MO,ACE,CE,Towers with Radar,1,32,107,0,140,0,3,74,0,77,1,35,181,0,217,52,0,52,269
09/11/2009,SUS,MO,ACE,CE,Towers with Radar,0,27,58,23,108,0,0,72,0,72,0,27,130,23,180,26,12,38,218
09/12/2009,SUS,MO,ACE,CE,Towers with Radar,0,12,65,32,109,0,1,122,4,127,0,13,187,36,236,51,2,53,289
09/13/2009,SUS,MO,ACE,CE,Towers with Radar,0,23,51,21,95,0,0,92,5,97,0,23,143,26,192,46,0,46,238
09/14/2009,SUS,MO,ACE,CE,Towers with Radar,0,23,78,0,101,0,0,50,0,50,0,23,128,0,151,26,0,26,177
09/15/2009,SUS,MO,ACE,CE,Towers with Radar,1,22,113,0,136,0,0,43,0,43,1,22,156,0,179,28,0,28,207
09/16/2009,SUS,MO,ACE,CE,Towers with Radar,0,16,94,5,115,0,1,111,3,115,0,17,205,8,230,70,6,76,306
09/17/2009,SUS,MO,ACE,CE,Towers with Radar,0,20,105,4,129,0,0,100,0,100,0,20,205,4,229,36,0,36,265
09/18/2009,SUS,MO,ACE,CE,Towers with Radar,0,18,95,8,121,0,1,88,2,91,0,19,183,10,212,27,0,27,239
09/19/2009,SUS,MO,ACE,CE,Towers with Radar,0,12,50,4,66,0,87,3,0,90,0,99,53,4,156,62,0,62,218
09/20/2009,SUS,MO,ACE,CE,Towers with Radar,1,16,77,1,95,0,0,1,0,1,1,16,78,1,96,0,0,0,96
09/21/2009,SUS,MO,ACE,CE,Towers with Radar,1,14,88,2,105,0,0,40,0,40,1,14,128,2,145,40,0,40,185
09/22/2009,SUS,MO,ACE,CE,Towers with Radar,0,27,137,0,164,0,2,52,0,54,0,29,189,0,218,52,0,52,270
09/23/2009,SUS,MO,ACE,CE,Towers with Radar,0,25,133,0,158,0,2,57,0,59,0,27,190,0,217,59,0,59,276
09/24/2009,SUS,MO,ACE,CE,Towers with Radar,1,28,99,0,128,0,0,14,0,14,1,28,113,0,142,2,0,2,144
09/25/2009,SUS,MO,ACE,CE,Towers with Radar,1,29,92,0,122,0,0,50,0,50,1,29,142,0,172,12,0,12,184
09/26/2009,SUS,MO,ACE,CE,Towers with Radar,0,13,53,0,66,0,0,33,0,33,0,13,86,0,99,10,0,10,109
09/27/2009,SUS,MO,ACE,CE,Towers with Radar,0,27,88,0,115,0,2,78,0,80,0,29,166,0,195,47,20,67,262
09/28/2009,SUS,MO,ACE,CE,Towers with Radar,0,17,75,0,92,0,5,30,0,35,0,22,105,0,127,20,0,20,147
09/29/2009,SUS,MO,ACE,CE,Towers with Radar,0,26,104,0,130,0,1,88,0,89,0,27,192,0,219,28,0,28,247
09/30/2009,SUS,MO,ACE,CE,Towers with Radar,0,19,113,0,132,0,4,124,0,128,0,23,237,0,260,63,0,63,323
10/01/2009,SUS,MO,ACE,CE,Towers with Radar,0,39,86,0,125,0,2,20,0,22,0,41,106,0,147,42,0,42,189
10/02/2009,SUS,MO,ACE,CE,Towers with Radar,0,23,74,0,97,0,3,32,0,35,0,26,106,0,132,16,0,16,148
10/03/2009,SUS,MO,ACE,CE,Towers with Radar,0,5,51,2,58,0,2,51,2,55,0,7,102,4,113,30,0,30,143
10/04/2009,SUS,MO,ACE,CE,Towers with Radar,0,13,83,0,96,0,1,112,0,113,0,14,195,0,209,42,1,43,252
10/05/2009,SUS,MO,ACE,CE,Towers with Radar,0,22,107,0,129,0,0,53,0,53,0,22,160,0,182,75,0,75,257
10/06/2009,SUS,MO,ACE,CE,Towers with Radar,0,21,91,0,112,0,0,15,0,15,0,21,106,0,127,48,0,48,175
10/07/2009,SUS,MO,ACE,CE,Towers with Radar,1,31,94,1,127,0,0,101,0,101,1,31,195,1,228,94,0,94,322
10/08/2009,SUS,MO,ACE,CE,Towers with Radar,2,25,63,0,90,0,0,0,0,0,2,25,63,0,90,0,0,0,90
10/09/2009,SUS,MO,ACE,CE,Towers with Radar,0,28,91,0,119,0,0,4,0,4,0,28,95,0,123,7,0,7,130
10/10/2009,SUS,MO,ACE,CE,Towers with Radar,0,17,44,2,63,0,5,103,1,109,0,22,147,3,172,60,0,60,232
10/11/2009,SUS,MO,ACE,CE,Towers with Radar,0,12,68,11,91,0,0,81,3,84,0,12,149,14,175,26,12,38,213
10/12/2009,SUS,MO,ACE,CE,Towers with Radar,0,20,96,7,123,0,0,44,0,44,0,20,140,7,167,50,0,50,217
10/13/2009,SUS,MO,ACE,CE,Towers with Radar,0,20,106,0,126,0,2,23,0,25,0,22,129,0,151,28,2,30,181
10/14/2009,SUS,MO,ACE,CE,Towers with Radar,1,27,104,0,132,0,0,0,0,0,1,27,104,0,132,0,0,0,132
10/15/2009,SUS,MO,ACE,CE,Towers with Radar,0,35,100,0,135,0,0,0,0,0,0,35,100,0,135,0,0,0,135
10/16/2009,SUS,MO,ACE,CE,Towers with Radar,0,25,75,0,100,0,0,22,0,22,0,25,97,0,122,40,0,40,162
10/17/2009,SUS,MO,ACE,CE,Towers with Radar,0,9,46,0,55,0,0,78,2,80,0,9,124,2,135,22,0,22,157
10/18/2009,SUS,MO,ACE,CE,Towers with Radar,0,18,82,0,100,0,1,108,0,109,0,19,190,0,209,82,0,82,291
10/19/2009,SUS,MO,ACE,CE,Towers with Radar,0,22,75,3,100,0,0,89,0,89,0,22,164,3,189,141,0,141,330
10/20/2009,SUS,MO,ACE,CE,Towers with Radar,1,19,95,0,115,0,0,72,1,73,1,19,167,1,188,51,0,51,239
10/21/2009,SUS,MO,ACE,CE,Towers with Radar,0,23,90,0,113,0,0,77,0,77,0,23,167,0,190,54,0,54,244
10/22/2009,SUS,MO,ACE,CE,Towers with Radar,0,23,113,0,136,0,0,0,0,0,0,23,113,0,136,0,0,0,136
10/23/2009,SUS,MO,ACE,CE,Towers with Radar,0,20,87,0,107,0,0,18,0,18,0,20,105,0,125,0,0,0,125
10/24/2009,SUS,MO,ACE,CE,Towers with Radar,0,13,71,5,89,0,1,121,1,123,0,14,192,6,212,108,12,120,332
10/25/2009,SUS,MO,ACE,CE,Towers with Radar,0,24,69,2,95,0,0,53,2,55,0,24,122,4,150,50,0,50,200
10/26/2009,SUS,MO,ACE,CE,Towers with Radar,0,17,70,3,90,0,0,3,0,3,0,17,73,3,93,0,0,0,93
10/27/2009,SUS,MO,ACE,CE,Towers with Radar,1,36,89,0,126,0,0,0,0,0,1,36,89,0,126,0,0,0,126
10/28/2009,SUS,MO,ACE,CE,Towers with Radar,1,28,105,0,134,0,0,28,0,28,1,28,133,0,162,50,0,50,212
10/29/2009,SUS,MO,ACE,CE,Towers with Radar,0,14,72,0,86,0,0,0,0,0,0,14,72,0,86,0,0,0,86
10/30/2009,SUS,MO,ACE,CE,Towers with Radar,0,18,69,0,87,0,0,30,0,30,0,18,99,0,117,16,0,16,133
10/31/2009,SUS,MO,ACE,CE,Towers with Radar,1,7,49,0,57,0,0,97,0,97,1,7,146,0,154,145,0,145,299
11/01/2009,SUS,MO,ACE,CE,Towers with Radar,0,13,69,0,82,0,3,110,0,113,0,16,179,0,195,42,0,42,237
11/02/2009,SUS,MO,ACE,CE,Towers with Radar,0,19,105,0,124,0,3,89,0,92,0,22,194,0,216,86,0,86,302
11/03/2009,SUS,MO,ACE,CE,Towers with Radar,0,21,124,1,146,0,0,102,2,104,0,21,226,3,250,186,0,186,436
11/04/2009,SUS,MO,ACE,CE,Towers with Radar,0,31,97,0,128,0,3,89,2,94,0,34,186,2,222,92,0,92,314
11/05/2009,SUS,MO,ACE,CE,Towers with Radar,1,35,119,12,167,0,0,98,0,98,1,35,217,12,265,76,6,82,347
11/06/2009,SUS,MO,ACE,CE,Towers with Radar,1,22,78,3,104,0,2,86,1,89,1,24,164,4,193,56,0,56,249
11/07/2009,SUS,MO,ACE,CE,Towers with Radar,0,13,60,0,73,0,0,102,0,102,0,13,162,0,175,133,0,133,308
11/08/2009,SUS,MO,ACE,CE,Towers with Radar,1,10,64,6,81,0,6,112,2,120,1,16,176,8,201,118,0,118,319
11/09/2009,SUS,MO,ACE,CE,Towers with Radar,0,25,103,0,128,0,6,63,0,69,0,31,166,0,197,48,0,48,245
11/10/2009,SUS,MO,ACE,CE,Towers with Radar,1,48,76,0,125,0,2,43,4,49,1,50,119,4,174,44,0,44,218
11/11/2009,SUS,MO,ACE,CE,Towers with Radar,0,30,87,0,117,0,0,92,0,92,0,30,179,0,209,134,0,134,343
11/12/2009,SUS,MO,ACE,CE,Towers with Radar,0,36,113,2,151,0,1,73,2,76,0,37,186,4,227,148,0,148,375
11/13/2009,SUS,MO,ACE,CE,Towers with Radar,0,28,89,1,118,0,1,76,0,77,0,29,165,1,195,64,0,64,259
11/14/2009,SUS,MO,ACE,CE,Towers with Radar,0,20,38,0,58,0,5,93,0,98,0,25,131,0,156,110,0,110,266
11/15/2009,SUS,MO,ACE,CE,Towers with Radar,0,19,74,0,93,0,0,0,0,0,0,19,74,0,93,8,0,8,101
11/16/2009,SUS,MO,ACE,CE,Towers with Radar,0,15,68,2,85,0,0,0,0,0,0,15,68,2,85,0,0,0,85
11/17/2009,SUS,MO,ACE,CE,Towers with Radar,0,23,74,0,97,0,0,0,0,0,0,23,74,0,97,0,0,0,97
11/18/2009,SUS,MO,ACE,CE,Towers with Radar,0,33,82,0,115,0,0,3,0,3,0,33,85,0,118,0,0,0,118
11/19/2009,SUS,MO,ACE,CE,Towers with Radar,0,44,134,0,178,0,0,45,0,45,0,44,179,0,223,64,0,64,287
11/20/2009,SUS,MO,ACE,CE,Towers with Radar,0,23,112,2,137,0,0,76,3,79,0,23,188,5,216,78,4,82,298
11/21/2009,SUS,MO,ACE,CE,Towers with Radar,1,10,77,1,89,0,3,102,1,106,1,13,179,2,195,80,0,80,275
11/22/2009,SUS,MO,ACE,CE,Towers with Radar,1,13,56,11,81,0,0,100,0,100,1,13,156,11,181,82,0,82,263
11/23/2009,SUS,MO,ACE,CE,Towers with Radar,1,32,102,0,135,0,0,98,0,98,1,32,200,0,233,100,0,100,333
11/24/2009,SUS,MO,ACE,CE,Towers with Radar,1,29,84,0,114,0,0,26,0,26,1,29,110,0,140,58,0,58,198
11/25/2009,SUS,MO,ACE,CE,Towers with Radar,0,25,94,0,119,0,1,60,0,61,0,26,154,0,180,122,0,122,302
11/26/2009,SUS,MO,ACE,CE,Towers with Radar,0,15,41,0,56,0,2,20,0,22,0,17,61,0,78,26,0,26,104
11/27/2009,SUS,MO,ACE,CE,Towers with Radar,1,18,64,0,83,0,4,105,0,109,1,22,169,0,192,106,0,106,298
11/28/2009,SUS,MO,ACE,CE,Towers with Radar,0,10,66,0,76,0,0,108,0,108,0,10,174,0,184,80,0,80,264
11/29/2009,SUS,MO,ACE,CE,Towers with Radar,0,32,69,0,101,0,2,30,0,32,0,34,99,0,133,76,0,76,209
11/30/2009,SUS,MO,ACE,CE,Towers with Radar,1,22,72,3,98,0,2,67,0,69,1,24,139,3,167,221,0,221,388
12/01/2009,SUS,MO,ACE,CE,Towers with Radar,0,25,102,6,133,0,1,112,0,113,0,26,214,6,246,137,0,137,383
12/02/2009,SUS,MO,ACE,CE,Towers with Radar,1,22,68,0,91,0,2,31,0,33,1,24,99,0,124,28,0,28,152
12/03/2009,SUS,MO,ACE,CE,Towers with Radar,0,37,92,0,129,0,6,44,2,52,0,43,136,2,181,174,0,174,355
12/04/2009,SUS,MO,ACE,CE,Towers with Radar,0,28,121,4,153,0,6,87,2,95,0,34,208,6,248,116,0,116,364
12/05/2009,SUS,MO,ACE,CE,Towers with Radar,1,13,58,0,72,0,0,100,0,100,1,13,158,0,172,64,0,64,236
12/06/2009,SUS,MO,ACE,CE,Towers with Radar,1,14,54,1,70,0,0,59,1,60,1,14,113,2,130,36,0,36,166
12/07/2009,SUS,MO,ACE,CE,Towers with Radar,0,31,58,0,89,0,0,46,0,46,0,31,104,0,135,215,0,215,350
12/08/2009,SUS,MO,ACE,CE,Towers with Radar,0,19,45,0,64,0,0,0,0,0,0,19,45,0,64,0,0,0,64
12/09/2009,SUS,MO,ACE,CE,Towers with Radar,0,39,58,0,97,0,0,6,0,6,0,39,64,0,103,18,0,18,121
12/10/2009,SUS,MO,ACE,CE,Towers with Radar,1,27,110,6,144,0,7,89,1,97,1,34,199,7,241,120,0,120,361
12/11/2009,SUS,MO,ACE,CE,Towers with Radar,0,29,95,7,131,0,0,94,1,95,0,29,189,8,226,102,22,124,350
12/12/2009,SUS,MO,ACE,CE,Towers with Radar,0,14,44,1,59,0,0,60,5,65,0,14,104,6,124,54,0,54,178
12/13/2009,SUS,MO,ACE,CE,Towers with Radar,0,16,50,0,66,0,0,10,0,10,0,16,60,0,76,32,0,32,108
12/14/2009,SUS,MO,ACE,CE,Towers with Radar,0,24,90,0,114,0,3,21,0,24,0,27,111,0,138,72,0,72,210
12/15/2009,SUS,MO,ACE,CE,Towers with Radar,1,33,85,0,119,0,0,61,0,61,1,33,146,0,180,40,0,40,220
12/16/2009,SUS,MO,ACE,CE,Towers with Radar,0,39,97,0,136,0,0,87,0,87,0,39,184,0,223,96,0,96,319
12/17/2009,SUS,MO,ACE,CE,Towers with Radar,0,44,104,1,149,0,8,101,2,111,0,52,205,3,260,180,0,180,440
12/18/2009,SUS,MO,ACE,CE,Towers with Radar,1,32,102,0,135,0,1,42,0,43,1,33,144,0,178,64,0,64,242
12/19/2009,SUS,MO,ACE,CE,Towers with Radar,0,16,42,0,58,0,0,6,0,6,0,16,48,0,64,40,0,40,104
12/20/2009,SUS,MO,ACE,CE,Towers with Radar,0,25,42,0,67,0,2,0,0,2,0,27,42,0,69,10,0,10,79
12/21/2009,SUS,MO,ACE,CE,Towers with Radar,0,18,65,1,84,0,0,31,0,31,0,18,96,1,115,62,0,62,177
12/22/2009,SUS,MO,ACE,CE,Towers with Radar,0,29,78,0,107,0,0,9,0,9,0,29,87,0,116,50,0,50,166
12/23/2009,SUS,MO,ACE,CE,Towers with Radar,0,16,35,2,53,0,0,0,0,0,0,16,35,2,53,0,0,0,53
12/24/2009,SUS,MO,ACE,CE,Towers with Radar,1,14,10,0,25,0,0,0,0,0,1,14,10,0,25,0,0,0,25
12/25/2009,SUS,MO,ACE,CE,Towers with Radar,0,8,13,0,21,0,0,0,0,0,0,8,13,0,21,0,0,0,21
12/26/2009,SUS,MO,ACE,CE,Towers with Radar,2,37,61,0,100,0,0,8,0,8,2,37,69,0,108,68,0,68,176
12/27/2009,SUS,MO,ACE,CE,Towers with Radar,0,28,24,0,52,0,0,3,0,3,0,28,27,0,55,8,0,8,63
12/28/2009,SUS,MO,ACE,CE,Towers with Radar,0,25,46,0,71,0,2,78,0,80,0,27,124,0,151,78,0,78,229
12/29/2009,SUS,MO,ACE,CE,Towers with Radar,0,24,66,0,90,0,1,103,0,104,0,25,169,0,194,168,0,168,362
12/30/2009,SUS,MO,ACE,CE,Towers with Radar,0,34,58,0,92,0,0,1,0,1,0,34,59,0,93,0,0,0,93
12/31/2009,SUS,MO,ACE,CE,Towers with Radar,0,15,26,0,41,0,0,6,0,6,0,15,32,0,47,0,0,0,47
01/01/2010,SUS,MO,ACE,CE,Towers with Radar,0,14,27,0,41,0,0,12,2,14,0,14,39,2,55,20,0,20,75
01/02/2010,SUS,MO,ACE,CE,Towers with Radar,0,20,55,0,75,0,0,41,0,41,0,20,96,0,116,70,0,70,186
01/03/2010,SUS,MO,ACE,CE,Towers with Radar,1,21,58,0,80,0,1,34,0,35,1,22,92,0,115,48,0,48,163
01/04/2010,SUS,MO,ACE,CE,Towers with Radar,0,20,41,0,61,0,0,51,0,51,0,20,92,0,112,158,0,158,270
01/05/2010,SUS,MO,ACE,CE,Towers with Radar,1,12,80,0,93,0,0,56,0,56,1,12,136,0,149,105,0,105,254
01/06/2010,SUS,MO,ACE,CE,Towers with Radar,0,27,84,0,111,0,2,58,0,60,0,29,142,0,171,122,0,122,293
01/07/2010,SUS,MO,ACE,CE,Towers with Radar,0,18,35,0,53,0,0,5,0,5,0,18,40,0,58,0,0,0,58
01/08/2010,SUS,MO,ACE,CE,Towers with Radar,0,13,46,1,60,0,0,20,0,20,0,13,66,1,80,12,0,12,92
01/09/2010,SUS,MO,ACE,CE,Towers with Radar,0,10,37,0,47,0,2,20,0,22,0,12,57,0,69,30,0,30,99
01/10/2010,SUS,MO,ACE,CE,Towers with Radar,2,7,58,6,73,0,0,58,0,58,2,7,116,6,131,33,0,33,164
01/11/2010,SUS,MO,ACE,CE,Towers with Radar,0,21,46,0,67,0,0,53,0,53,0,21,99,0,120,34,0,34,154
01/12/2010,SUS,MO,ACE,CE,Towers with Radar,0,25,86,0,111,0,1,78,0,79,0,26,164,0,190,128,0,128,318
01/13/2010,SUS,MO,ACE,CE,Towers with Radar,0,14,103,1,118,0,1,133,0,134,0,15,236,1,252,118,0,118,370
01/14/2010,SUS,MO,ACE,CE,Towers with Radar,0,29,85,1,115,0,0,63,0,63,0,29,148,1,178,92,0,92,270
01/15/2010,SUS,MO,ACE,CE,Towers with Radar,0,32,91,0,123,0,0,0,0,0,0,32,91,0,123,0,0,0,123
01/16/2010,SUS,MO,ACE,CE,Towers with Radar,0,9,20,0,29,0,0,0,0,0,0,9,20,0,29,0,0,0,29
01/17/2010,SUS,MO,ACE,CE,Towers with Radar,2,16,38,0,56,0,0,25,0,25,2,16,63,0,81,63,0,63,144
01/18/2010,SUS,MO,ACE,CE,Towers with Radar,0,24,74,0,98,0,0,31,0,31,0,24,105,0,129,70,0,70,199
01/19/2010,SUS,MO,ACE,CE,Towers with Radar,0,31,73,1,105,0,0,0,0,0,0,31,73,1,105,0,0,0,105
01/20/2010,SUS,MO,ACE,CE,Towers with Radar,0,20,69,1,90,0,0,0,0,0,0,20,69,1,90,0,0,0,90
01/21/2010,SUS,MO,ACE,CE,Towers with Radar,0,31,83,0,114,0,0,0,0,0,0,31,83,0,114,0,0,0,114
01/22/2010,SUS,MO,ACE,CE,Towers with Radar,0,20,95,0,115,0,0,0,0,0,0,20,95,0,115,0,0,0,115
01/23/2010,SUS,MO,ACE,CE,Towers with Radar,0,13,27,0,40,0,0,2,0,2,0,13,29,0,42,2,0,2,44
01/24/2010,SUS,MO,ACE,CE,Towers with Radar,2,12,27,0,41,0,0,6,0,6,2,12,33,0,47,8,0,8,55
01/25/2010,SUS,MO,ACE,CE,Towers with Radar,0,20,91,2,113,0,1,36,0,37,0,21,127,2,150,20,0,20,170
01/26/2010,SUS,MO,ACE,CE,Towers with Radar,0,38,108,0,146,0,0,48,0,48,0,38,156,0,194,70,0,70,264
01/27/2010,SUS,MO,ACE,CE,Towers with Radar,0,23,87,0,110,0,1,42,0,43,0,24,129,0,153,54,0,54,207
01/28/2010,SUS,MO,ACE,CE,Towers with Radar,0,25,94,5,124,0,8,33,0,41,0,33,127,5,165,102,0,102,267
01/29/2010,SUS,MO,ACE,CE,Towers with Radar,2,15,55,0,72,0,1,13,0,14,2,16,68,0,86,78,0,78,164
01/30/2010,SUS,MO,ACE,CE,Towers with Radar,0,10,32,0,42,0,2,97,0,99,0,12,129,0,141,78,0,78,219
01/31/2010,SUS,MO,ACE,CE,Towers with Radar,0,4,81,0,85,0,1,110,1,112,0,5,191,1,197,82,0,82,279
02/01/2010,SUS,MO,ACE,CE,Towers with Radar,0,17,83,0,100,0,4,69,0,73,0,21,152,0,173,142,0,142,315
02/02/2010,SUS,MO,ACE,CE,Towers with Radar,1,29,80,0,110,0,0,56,0,56,1,29,136,0,166,172,0,172,338
02/03/2010,SUS,MO,ACE,CE,Towers with Radar,0,21,71,0,92,0,0,114,1,115,0,21,185,1,207,180,0,180,387
02/04/2010,SUS,MO,ACE,CE,Towers with Radar,0,23,99,1,123,0,1,33,3,37,0,24,132,4,160,34,0,34,194
02/05/2010,SUS,MO,ACE,CE,Towers with Radar,0,13,56,0,69,0,0,0,0,0,0,13,56,0,69,0,0,0,69
02/06/2010,SUS,MO,ACE,CE,Towers with Radar,0,14,34,1,49,0,4,29,3,36,0,18,63,4,85,21,0,21,106
02/07/2010,SUS,MO,ACE,CE,Towers with Radar,1,10,39,3,53,0,0,106,1,107,1,10,145,4,160,110,0,110,270
02/08/2010,SUS,MO,ACE,CE,Towers with Radar,0,13,33,0,46,0,0,2,0,2,0,13,35,0,48,22,0,22,70
02/09/2010,SUS,MO,ACE,CE,Towers with Radar,0,23,68,0,91,0,0,27,0,27,0,23,95,0,118,30,0,30,148
02/10/2010,SUS,MO,ACE,CE,Towers with Radar,0,17,83,0,100,0,0,48,0,48,0,17,131,0,148,72,0,72,220
02/11/2010,SUS,MO,ACE,CE,Towers with Radar,0,35,111,5,151,0,2,84,0,86,0,37,195,5,237,133,0,133,370
02/12/2010,SUS,MO,ACE,CE,Towers with Radar,0,30,87,0,117,0,0,29,0,29,0,30,116,0,146,109,0,109,255
02/13/2010,SUS,MO,ACE,CE,Towers with Radar,0,17,48,0,65,0,1,62,0,63,0,18,110,0,128,96,0,96,224
02/14/2010,SUS,MO,ACE,CE,Towers with Radar,0,14,33,0,47,0,0,0,0,0,0,14,33,0,47,0,0,0,47
02/15/2010,SUS,MO,ACE,CE,Towers with Radar,0,32,72,0,104,0,0,23,0,23,0,32,95,0,127,52,0,52,179
02/16/2010,SUS,MO,ACE,CE,Towers with Radar,0,18,83,0,101,0,2,51,0,53,0,20,134,0,154,40,0,40,194
02/17/2010,SUS,MO,ACE,CE,Towers with Radar,0,29,83,0,112,0,0,78,0,78,0,29,161,0,190,167,0,167,357
02/18/2010,SUS,MO,ACE,CE,Towers with Radar,0,16,111,0,127,0,0,86,0,86,0,16,197,0,213,112,0,112,325
02/19/2010,SUS,MO,ACE,CE,Towers with Radar,0,20,61,0,81,0,0,38,0,38,0,20,99,0,119,56,0,56,175
02/20/2010,SUS,MO,ACE,CE,Towers with Radar,0,10,45,0,55,0,0,96,0,96,0,10,141,0,151,84,0,84,235
02/21/2010,SUS,MO,ACE,CE,Towers with Radar,0,17,39,0,56,0,0,0,0,0,0,17,39,0,56,0,0,0,56
02/22/2010,SUS,MO,ACE,CE,Towers with Radar,0,25,97,0,122,0,0,13,0,13,0,25,110,0,135,0,0,0,135
02/23/2010,SUS,MO,ACE,CE,Towers with Radar,0,20,86,0,106,0,0,64,2,66,0,20,150,2,172,96,0,96,268
02/24/2010,SUS,MO,ACE,CE,Towers with Radar,0,27,96,0,123,0,0,59,0,59,0,27,155,0,182,105,0,105,287
02/25/2010,SUS,MO,ACE,CE,Towers with Radar,0,28,101,9,138,0,1,106,0,107,0,29,207,9,245,111,0,111,356
02/26/2010,SUS,MO,ACE,CE,Towers with Radar,0,27,59,31,117,0,0,97,3,100,0,27,156,34,217,66,0,66,283
02/27/2010,SUS,MO,ACE,CE,Towers with Radar,0,6,55,35,96,0,1,118,3,122,0,7,173,38,218,142,0,142,360
02/28/2010,SUS,MO,ACE,CE,Towers with Radar,0,15,57,3,75,0,2,119,2,123,0,17,176,5,198,112,0,112,310
03/01/2010,SUS,MO,ACE,CE,Towers with Radar,2,22,60,11,95,0,0,67,0,67,2,22,127,11,162,130,10,140,302
03/02/2010,SUS,MO,ACE,CE,Towers with Radar,0,14,66,1,81,0,0,64,0,64,0,14,130,1,145,82,0,82,227
03/03/2010,SUS,MO,ACE,CE,Towers with Radar,0,28,105,0,133,0,0,84,0,84,0,28,189,0,217,117,0,117,334
03/04/2010,SUS,MO,ACE,CE,Towers with Radar,0,25,106,0,131,0,1,119,2,122,0,26,225,2,253,156,0,156,409
03/05/2010,SUS,MO,ACE,CE,Towers with Radar,0,24,70,5,99,0,1,107,0,108,0,25,177,5,207,88,0,88,295
03/06/2010,SUS,MO,ACE,CE,Towers with Radar,0,12,47,1,60,0,3,148,0,151,0,15,195,1,211,134,0,134,345
03/07/2010,SUS,MO,ACE,CE,Towers with Radar,0,14,51,2,67,0,0,77,2,79,0,14,128,4,146,60,0,60,206
03/08/2010,SUS,MO,ACE,CE,Towers with Radar,0,12,81,4,97,0,1,71,0,72,0,13,152,4,169,118,0,118,287
03/09/2010,SUS,MO,ACE,CE,Towers with Radar,0,33,83,0,116,0,0,33,0,33,0,33,116,0,149,78,0,78,227
03/10/2010,SUS,MO,ACE,CE,Towers with Radar,0,26,103,9,138,0,0,51,0,51,0,26,154,9,189,18,6,24,213
03/11/2010,SUS,MO,ACE,CE,Towers with Radar,0,30,95,3,128,0,1,53,0,54,0,31,148,3,182,54,22,76,258
03/12/2010,SUS,MO,ACE,CE,Towers with Radar,0,27,71,2,100,0,0,31,5,36,0,27,102,7,136,28,0,28,164
03/13/2010,SUS,MO,ACE,CE,Towers with Radar,0,22,62,10,94,0,0,2,1,3,0,22,64,11,97,20,0,20,117
03/14/2010,SUS,MO,ACE,CE,Towers with Radar,1,18,63,1,83,0,0,36,0,36,1,18,99,1,119,40,0,40,159
03/15/2010,SUS,MO,ACE,CE,Towers with Radar,0,21,96,0,117,0,2,89,0,91,0,23,185,0,208,70,0,70,278
03/16/2010,SUS,MO,ACE,CE,Towers with Radar,1,26,103,0,130,0,4,74,0,78,1,30,177,0,208,108,0,108,316
03/17/2010,SUS,MO,ACE,CE,Towers with Radar,1,38,86,4,129,0,0,77,0,77,1,38,163,4,206,160,0,160,366
03/18/2010,SUS,MO,ACE,CE,Towers with Radar,0,24,100,0,124,0,0,98,0,98,0,24,198,0,222,114,0,114,336
03/19/2010,SUS,MO,ACE,CE,Towers with Radar,0,25,99,2,126,0,2,127,10,139,0,27,226,12,265,60,0,60,325
03/20/2010,SUS,MO,ACE,CE,Towers with Radar,0,11,47,1,59,0,0,18,0,18,0,11,65,1,77,82,0,82,159
03/21/2010,SUS,MO,ACE,CE,Towers with Radar,1,22,58,0,81,0,0,7,1,8,1,22,65,1,89,68,0,68,157
03/22/2010,SUS,MO,ACE,CE,Towers with Radar,0,21,77,2,100,0,0,77,0,77,0,21,154,2,177,80,0,80,257
03/23/2010,SUS,MO,ACE,CE,Towers with Radar,1,28,105,6,140,0,0,148,1,149,1,28,253,7,289,77,0,77,366
03/24/2010,SUS,MO,ACE,CE,Towers with Radar,1,26,105,0,132,0,0,88,2,90,1,26,193,2,222,154,0,154,376
03/25/2010,SUS,MO,ACE,CE,Towers with Radar,0,29,82,0,111,0,0,4,0,4,0,29,86,0,115,2,0,2,117
03/26/2010,SUS,MO,ACE,CE,Towers with Radar,0,39,88,2,129,0,0,118,0,118,0,39,206,2,247,90,0,90,337
03/27/2010,SUS,MO,ACE,CE,Towers with Radar,0,16,77,0,93,0,1,130,1,132,0,17,207,1,225,42,0,42,267
03/28/2010,SUS,MO,ACE,CE,Towers with Radar,0,18,56,0,74,0,0,18,0,18,0,18,74,0,92,14,0,14,106
03/29/2010,SUS,MO,ACE,CE,Towers with Radar,0,29,96,2,127,0,0,88,1,89,0,29,184,3,216,120,0,120,336
03/30/2010,SUS,MO,ACE,CE,Towers with Radar,0,28,102,0,130,0,2,101,0,103,0,30,203,0,233,133,0,133,366
03/31/2010,SUS,MO,ACE,CE,Towers with Radar,0,29,65,0,94,0,0,81,0,81,0,29,146,0,175,51,0,51,226
04/01/2010,SUS,MO,ACE,CE,Towers with Radar,1,40,76,3,120,0,2,82,1,85,1,42,158,4,205,28,0,28,233
04/02/2010,SUS,MO,ACE,CE,Towers with Radar,0,19,44,0,63,0,0,41,2,43,0,19,85,2,106,4,0,4,110
04/03/2010,SUS,MO,ACE,CE,Towers with Radar,0,12,44,0,56,0,1,93,0,94,0,13,137,0,150,120,0,120,270
04/04/2010,SUS,MO,ACE,CE,Towers with Radar,0,7,44,0,51,0,0,66,0,66,0,7,110,0,117,8,0,8,125
04/05/2010,SUS,MO,ACE,CE,Towers with Radar,0,23,100,0,123,0,0,92,0,92,0,23,192,0,215,58,0,58,273
04/06/2010,SUS,MO,ACE,CE,Towers with Radar,0,27,91,0,118,0,0,42,0,42,0,27,133,0,160,4,0,4,164
04/07/2010,SUS,MO,ACE,CE,Towers with Radar,0,33,84,3,120,0,0,27,0,27,0,33,111,3,147,26,2,28,175
04/08/2010,SUS,MO,ACE,CE,Towers with Radar,0,29,93,1,123,0,0,75,4,79,0,29,168,5,202,38,2,40,242
04/09/2010,SUS,MO,ACE,CE,Towers with Radar,2,50,104,2,158,0,2,144,1,147,2,52,248,3,305,184,0,184,489
04/10/2010,SUS,MO,ACE,CE,Towers with Radar,1,16,70,0,87,0,3,144,2,149,1,19,214,2,236,79,0,79,315
04/11/2010,SUS,MO,ACE,CE,Towers with Radar,0,12,95,0,107,0,0,100,1,101,0,12,195,1,208,112,0,112,320
04/12/2010,SUS,MO,ACE,CE,Towers with Radar,0,26,75,3,104,0,0,83,0,83,0,26,158,3,187,122,0,122,309
04/13/2010,SUS,MO,ACE,CE,Towers with Radar,0,30,96,4,130,0,0,108,2,110,0,30,204,6,240,126,0,126,366
04/14/2010,SUS,MO,ACE,CE,Towers with Radar,0,18,89,0,107,0,0,84,0,84,0,18,173,0,191,97,0,97,288
04/15/2010,SUS,MO,ACE,CE,Towers with Radar,1,26,88,0,115,0,1,125,0,126,1,27,213,0,241,150,0,150,391
04/16/2010,SUS,MO,ACE,CE,Towers with Radar,0,31,88,1,120,0,2,47,1,50,0,33,135,2,170,46,0,46,216
04/17/2010,SUS,MO,ACE,CE,Towers with Radar,0,20,52,0,72,0,4,116,0,120,0,24,168,0,192,108,0,108,300
04/18/2010,SUS,MO,ACE,CE,Towers with Radar,0,20,97,0,117,0,2,142,0,144,0,22,239,0,261,122,0,122,383
04/19/2010,SUS,MO,ACE,CE,Towers with Radar,0,23,87,0,110,0,0,111,0,111,0,23,198,0,221,152,0,152,373
04/20/2010,SUS,MO,ACE,CE,Towers with Radar,0,22,102,0,124,0,2,111,0,113,0,24,213,0,237,244,0,244,481
04/21/2010,SUS,MO,ACE,CE,Towers with Radar,1,35,95,0,131,0,2,102,0,104,1,37,197,0,235,79,0,79,314
04/22/2010,SUS,MO,ACE,CE,Towers with Radar,0,31,108,0,139,0,1,61,0,62,0,32,169,0,201,86,0,86,287
04/23/2010,SUS,MO,ACE,CE,Towers with Radar,2,28,84,0,114,0,1,18,0,19,2,29,102,0,133,52,0,52,185
04/24/2010,SUS,MO,ACE,CE,Towers with Radar,0,22,38,0,60,0,0,4,0,4,0,22,42,0,64,4,0,4,68
04/25/2010,SUS,MO,ACE,CE,Towers with Radar,0,12,63,0,75,0,0,3,0,3,0,12,66,0,78,0,0,0,78
04/26/2010,SUS,MO,ACE,CE,Towers with Radar,0,25,79,0,104,0,0,22,0,22,0,25,101,0,126,40,0,40,166
04/27/2010,SUS,MO,ACE,CE,Towers with Radar,0,33,87,0,120,0,3,47,0,50,0,36,134,0,170,151,0,151,321
04/28/2010,SUS,MO,ACE,CE,Towers with Radar,0,27,98,0,125,0,0,186,0,186,0,27,284,0,311,166,0,166,477
04/29/2010,SUS,MO,ACE,CE,Towers with Radar,0,35,96,0,131,0,0,32,0,32,0,35,128,0,163,8,0,8,171
04/30/2010,SUS,MO,ACE,CE,Towers with Radar,0,25,69,2,96,0,0,11,0,11,0,25,80,2,107,34,5,39,146
05/01/2010,SUS,MO,ACE,CE,Towers with Radar,0,15,58,0,73,0,0,75,0,75,0,15,133,0,148,74,0,74,222
05/02/2010,SUS,MO,ACE,CE,Towers with Radar,0,24,86,5,115,0,0,76,0,76,0,24,162,5,191,91,0,91,282
05/03/2010,SUS,MO,ACE,CE,Towers with Radar,0,21,75,0,96,0,0,87,0,87,0,21,162,0,183,86,0,86,269
05/04/2010,SUS,MO,ACE,CE,Towers with Radar,0,32,109,0,141,0,1,99,0,100,0,33,208,0,241,114,0,114,355
05/05/2010,SUS,MO,ACE,CE,Towers with Radar,0,30,92,0,122,0,1,141,3,145,0,31,233,3,267,142,0,142,409
05/06/2010,SUS,MO,ACE,CE,Towers with Radar,0,28,114,0,142,0,4,100,1,105,0,32,214,1,247,178,0,178,425
05/07/2010,SUS,MO,ACE,CE,Towers with Radar,0,26,86,2,114,0,1,55,1,57,0,27,141,3,171,28,0,28,199
05/08/2010,SUS,MO,ACE,CE,Towers with Radar,0,6,40,0,46,0,0,50,0,50,0,6,90,0,96,56,0,56,152
05/09/2010,SUS,MO,ACE,CE,Towers with Radar,0,11,66,0,77,0,0,109,2,111,0,11,175,2,188,58,0,58,246
05/10/2010,SUS,MO,ACE,CE,Towers with Radar,0,12,61,0,73,0,1,18,2,21,0,13,79,2,94,134,0,134,228
05/11/2010,SUS,MO,ACE,CE,Towers with Radar,0,24,106,0,130,0,0,69,0,69,0,24,175,0,199,134,0,134,333
05/12/2010,SUS,MO,ACE,CE,Towers with Radar,0,25,83,0,108,0,1,49,2,52,0,26,132,2,160,85,0,85,245
05/13/2010,SUS,MO,ACE,CE,Towers with Radar,0,21,74,2,97,0,0,32,0,32,0,21,106,2,129,48,0,48,177
05/14/2010,SUS,MO,ACE,CE,Towers with Radar,0,36,87,1,124,0,1,43,0,44,0,37,130,1,168,130,0,130,298
05/15/2010,SUS,MO,ACE,CE,Towers with Radar,0,12,51,0,63,0,0,8,0,8,0,12,59,0,71,14,0,14,85
05/16/2010,SUS,MO,ACE,CE,Towers with Radar,1,25,64,0,90,0,3,4,0,7,1,28,68,0,97,26,0,26,123
05/17/2010,SUS,MO,ACE,CE,Towers with Radar,1,25,116,0,142,0,0,8,0,8,1,25,124,0,150,38,0,38,188
05/18/2010,SUS,MO,ACE,CE,Towers with Radar,1,43,110,0,154,0,1,173,0,174,1,44,283,0,328,208,0,208,536
05/19/2010,SUS,MO,ACE,CE,Towers with Radar,0,26,131,0,157,0,1,88,5,94,0,27,219,5,251,142,0,142,393
05/20/2010,SUS,MO,ACE,CE,Towers with Radar,0,45,109,1,155,0,0,5,0,5,0,45,114,1,160,0,0,0,160
05/21/2010,SUS,MO,ACE,CE,Towers with Radar,0,39,104,0,143,0,0,45,0,45,0,39,149,0,188,109,0,109,297
05/22/2010,SUS,MO,ACE,CE,Towers with Radar,0,15,66,0,81,0,0,110,0,110,0,15,176,0,191,72,0,72,263
05/23/2010,SUS,MO,ACE,CE,Towers with Radar,0,17,76,0,93,0,0,102,0,102,0,17,178,0,195,34,0,34,229
05/24/2010,SUS,MO,ACE,CE,Towers with Radar,0,31,82,2,115,0,0,115,1,116,0,31,197,3,231,126,0,126,357
05/25/2010,SUS,MO,ACE,CE,Towers with Radar,0,38,92,1,131,0,1,111,2,114,0,39,203,3,245,154,0,154,399
05/26/2010,SUS,MO,ACE,CE,Towers with Radar,0,32,101,0,133,0,1,89,6,96,0,33,190,6,229,163,0,163,392
05/27/2010,SUS,MO,ACE,CE,Towers with Radar,0,46,103,2,151,0,1,54,0,55,0,47,157,2,206,68,0,68,274
05/28/2010,SUS,MO,ACE,CE,Towers with Radar,1,29,94,9,133,0,2,118,0,120,1,31,212,9,253,61,0,61,314
05/29/2010,SUS,MO,ACE,CE,Towers with Radar,0,16,54,12,82,0,0,118,0,118,0,16,172,12,200,136,0,136,336
05/30/2010,SUS,MO,ACE,CE,Towers with Radar,0,5,39,0,44,0,0,64,0,64,0,5,103,0,108,26,0,26,134
05/31/2010,SUS,MO,ACE,CE,Towers with Radar,0,13,61,0,74,0,0,56,0,56,0,13,117,0,130,18,0,18,148
06/01/2010,SUS,MO,ACE,CE,Towers with Radar,0,26,104,0,130,0,4,117,0,121,0,30,221,0,251,166,0,166,417
06/02/2010,SUS,MO,ACE,CE,Towers with Radar,0,28,93,0,121,0,0,64,0,64,0,28,157,0,185,28,0,28,213
06/03/2010,SUS,MO,ACE,CE,Towers with Radar,0,29,93,4,126,0,1,68,1,70,0,30,161,5,196,240,0,240,436
06/04/2010,SUS,MO,ACE,CE,Towers with Radar,0,16,85,3,104,0,0,96,2,98,0,16,181,5,202,144,0,144,346
06/05/2010,SUS,MO,ACE,CE,Towers with Radar,0,20,38,0,58,0,2,87,0,89,0,22,125,0,147,74,0,74,221
06/06/2010,SUS,MO,ACE,CE,Towers with Radar,0,21,59,5,85,0,1,98,1,100,0,22,157,6,185,70,0,70,255
06/07/2010,SUS,MO,ACE,CE,Towers with Radar,0,18,82,0,100,0,0,95,2,97,0,18,177,2,197,184,0,184,381
06/08/2010,SUS,MO,ACE,CE,Towers with Radar,0,21,60,1,82,0,0,46,2,48,0,21,106,3,130,33,0,33,163
06/09/2010,SUS,MO,ACE,CE,Towers with Radar,0,21,125,0,146,0,2,81,0,83,0,23,206,0,229,130,0,130,359
06/10/2010,SUS,MO,ACE,CE,Towers with Radar,0,44,103,2,149,0,2,97,3,102,0,46,200,5,251,158,0,158,409
06/11/2010,SUS,MO,ACE,CE,Towers with Radar,0,17,82,0,99,0,0,90,0,90,0,17,172,0,189,175,0,175,364
06/12/2010,SUS,MO,ACE,CE,Towers with Radar,0,8,42,0,50,0,0,88,0,88,0,8,130,0,138,24,0,24,162
06/13/2010,SUS,MO,ACE,CE,Towers with Radar,0,10,65,4,79,0,0,63,2,65,0,10,128,6,144,56,0,56,200
06/14/2010,SUS,MO,ACE,CE,Towers with Radar,0,29,74,0,103,0,0,67,0,67,0,29,141,0,170,212,0,212,382
06/15/2010,SUS,MO,ACE,CE,Towers with Radar,0,42,100,4,146,0,7,43,0,50,0,49,143,4,196,122,0,122,318
06/16/2010,SUS,MO,ACE,CE,Towers with Radar,0,34,109,2,145,1,4,131,3,139,1,38,240,5,284,196,0,196,480
06/17/2010,SUS,MO,ACE,CE,Towers with Radar,0,34,114,2,150,0,4,88,4,96,0,38,202,6,246,222,8,230,476
06/18/2010,SUS,MO,ACE,CE,Towers with Radar,0,29,90,5,124,0,1,106,1,108,0,30,196,6,232,274,6,280,512
06/19/2010,SUS,MO,ACE,CE,Towers with Radar,0,14,67,1,82,0,2,101,4,107,0,16,168,5,189,126,0,126,315
06/20/2010,SUS,MO,ACE,CE,Towers with Radar,0,20,60,0,80,0,0,107,0,107,0,20,167,0,187,77,0,77,264
06/21/2010,SUS,MO,ACE,CE,Towers with Radar,0,32,87,0,119,0,0,65,0,65,0,32,152,0,184,198,0,198,382
06/22/2010,SUS,MO,ACE,CE,Towers with Radar,0,33,72,2,107,0,5,95,0,100,0,38,167,2,207,147,0,147,354
06/23/2010,SUS,MO,ACE,CE,Towers with Radar,0,42,101,0,143,0,1,72,0,73,0,43,173,0,216,106,0,106,322
06/24/2010,SUS,MO,ACE,CE,Towers with Radar,0,31,136,2,169,0,1,114,2,117,0,32,250,4,286,112,0,112,398
06/25/2010,SUS,MO,ACE,CE,Towers with Radar,0,25,100,2,127,0,0,121,2,123,0,25,221,4,250,136,4,140,390
06/26/2010,SUS,MO,ACE,CE,Towers with Radar,0,16,38,19,73,0,2,88,0,90,0,18,126,19,163,82,0,82,245
06/27/2010,SUS,MO,ACE,CE,Towers with Radar,0,14,59,4,77,0,0,55,0,55,0,14,114,4,132,34,0,34,166
06/28/2010,SUS,MO,ACE,CE,Towers with Radar,0,37,93,1,131,0,0,76,5,81,0,37,169,6,212,134,0,134,346
06/29/2010,SUS,MO,ACE,CE,Towers with Radar,0,35,102,0,137,0,2,106,0,108,0,37,208,0,245,196,0,196,441
06/30/2010,SUS,MO,ACE,CE,Towers with Radar,0,32,96,2,130,0,6,111,1,118,0,38,207,3,248,116,0,116,364
07/01/2010,SUS,MO,ACE,CE,Towers with Radar,0,41,92,0,133,0,2,119,0,121,0,43,211,0,254,164,0,164,418
07/02/2010,SUS,MO,ACE,CE,Towers with Radar,0,16,98,0,114,0,2,138,0,140,0,18,236,0,254,164,0,164,418
07/03/2010,SUS,MO,ACE,CE,Towers with Radar,0,7,41,0,48,0,0,123,0,123,0,7,164,0,171,164,0,164,335
07/04/2010,SUS,MO,ACE,CE,Towers with Radar,0,11,31,0,42,0,0,44,0,44,0,11,75,0,86,56,0,56,142
07/05/2010,SUS,MO,ACE,CE,Towers with Radar,0,23,61,0,84,0,1,76,0,77,0,24,137,0,161,46,0,46,207
07/06/2010,SUS,MO,ACE,CE,Towers with Radar,0,30,87,0,117,0,2,66,0,68,0,32,153,0,185,152,0,152,337
07/07/2010,SUS,MO,ACE,CE,Towers with Radar,0,28,94,0,122,0,1,40,0,41,0,29,134,0,163,104,0,104,267
07/08/2010,SUS,MO,ACE,CE,Towers with Radar,0,35,94,0,129,0,0,28,0,28,0,35,122,0,157,125,0,125,282
07/09/2010,SUS,MO,ACE,CE,Towers with Radar,0,27,70,2,99,0,0,65,0,65,0,27,135,2,164,132,0,132,296
07/10/2010,SUS,MO,ACE,CE,Towers with Radar,0,15,70,4,89,0,1,131,4,136,0,16,201,8,225,194,0,194,419
07/11/2010,SUS,MO,ACE,CE,Towers with Radar,0,14,56,1,71,0,0,65,0,65,0,14,121,1,136,48,0,48,184
07/12/2010,SUS,MO,ACE,CE,Towers with Radar,0,24,86,4,114,0,0,69,1,70,0,24,155,5,184,198,0,198,382
07/13/2010,SUS,MO,ACE,CE,Towers with Radar,0,35,97,0,132,0,3,90,0,93,0,38,187,0,225,212,0,212,437
07/14/2010,SUS,MO,ACE,CE,Towers with Radar,0,43,97,0,140,0,15,102,0,117,0,58,199,0,257,112,0,112,369
07/15/2010,SUS,MO,ACE,CE,Towers with Radar,0,35,104,0,139,0,0,78,0,78,0,35,182,0,217,178,0,178,395
07/16/2010,SUS,MO,ACE,CE,Towers with Radar,0,21,83,14,118,0,2,128,2,132,0,23,211,16,250,363,6,369,619
07/17/2010,SUS,MO,ACE,CE,Towers with Radar,0,11,48,19,78,0,0,115,17,132,0,11,163,36,210,126,20,146,356
07/18/2010,SUS,MO,ACE,CE,Towers with Radar,0,15,47,1,63,0,0,41,1,42,0,15,88,2,105,68,0,68,173
07/19/2010,SUS,MO,ACE,CE,Towers with Radar,0,31,66,0,97,0,2,30,0,32,0,33,96,0,129,104,0,104,233
07/20/2010,SUS,MO,ACE,CE,Towers with Radar,0,32,94,0,126,0,3,54,2,59,0,35,148,2,185,172,0,172,357
07/21/2010,SUS,MO,ACE,CE,Towers with Radar,0,26,106,0,132,0,7,46,0,53,0,33,152,0,185,74,0,74,259
07/22/2010,SUS,MO,ACE,CE,Towers with Radar,0,36,116,0,152,0,0,89,0,89,0,36,205,0,241,158,0,158,399
07/23/2010,SUS,MO,ACE,CE,Towers with Radar,0,36,91,0,127,0,0,93,0,93,0,36,184,0,220,160,0,160,380
07/24/2010,SUS,MO,ACE,CE,Towers with Radar,0,13,83,16,112,0,2,98,11,111,0,15,181,27,223,132,14,146,369
07/25/2010,SUS,MO,ACE,CE,Towers with Radar,0,26,84,8,118,0,2,47,2,51,0,28,131,10,169,68,0,68,237
07/26/2010,SUS,MO,ACE,CE,Towers with Radar,0,28,86,11,125,0,1,74,0,75,0,29,160,11,200,134,4,138,338
07/27/2010,SUS,MO,ACE,CE,Towers with Radar,0,29,83,2,114,0,0,77,0,77,0,29,160,2,191,210,0,210,401
07/28/2010,SUS,MO,ACE,CE,Towers with Radar,0,36,109,1,146,0,1,79,0,80,0,37,188,1,226,154,0,154,380
07/29/2010,SUS,MO,ACE,CE,Towers with Radar,0,25,144,8,177,0,0,96,0,96,0,25,240,8,273,176,0,176,449
07/30/2010,SUS,MO,ACE,CE,Towers with Radar,0,21,84,3,108,0,2,28,0,30,0,23,112,3,138,146,0,146,284
07/31/2010,SUS,MO,ACE,CE,Towers with Radar,0,19,71,1,91,0,0,82,0,82,0,19,153,1,173,152,0,152,325
08/01/2010,SUS,MO,ACE,CE,Towers with Radar,0,25,50,6,81,0,2,112,3,117,0,27,162,9,198,110,0,110,308
08/02/2010,SUS,MO,ACE,CE,Towers with Radar,0,25,97,2,124,0,3,101,1,105,0,28,198,3,229,206,2,208,437
08/03/2010,SUS,MO,ACE,CE,Towers with Radar,0,36,95,4,135,0,1,82,0,83,0,37,177,4,218,148,0,148,366
08/04/2010,SUS,MO,ACE,CE,Towers with Radar,0,50,130,0,180,0,3,63,1,67,0,53,193,1,247,30,0,30,277
08/05/2010,SUS,MO,ACE,CE,Towers with Radar,0,43,111,2,156,0,0,76,0,76,0,43,187,2,232,83,0,83,315
08/06/2010,SUS,MO,ACE,CE,Towers with Radar,0,27,72,11,110,0,2,123,0,125,0,29,195,11,235,206,4,210,445
08/07/2010,SUS,MO,ACE,CE,Towers with Radar,0,18,55,9,82,0,2,110,1,113,0,20,165,10,195,92,0,92,287
08/08/2010,SUS,MO,ACE,CE,Towers with Radar,0,26,50,6,82,0,1,96,3,100,0,27,146,9,182,76,0,76,258
08/09/2010,SUS,MO,ACE,CE,Towers with Radar,0,27,88,3,118,0,2,64,0,66,0,29,152,3,184,136,2,138,322
08/10/2010,SUS,MO,ACE,CE,Towers with Radar,0,38,112,0,150,0,0,64,0,64,0,38,176,0,214,54,0,54,268
08/11/2010,SUS,MO,ACE,CE,Towers with Radar,0,24,91,2,117,0,0,82,0,82,0,24,173,2,199,134,0,134,333
08/12/2010,SUS,MO,ACE,CE,Towers with Radar,0,38,116,2,156,0,1,55,0,56,0,39,171,2,212,36,0,36,248
08/13/2010,SUS,MO,ACE,CE,Towers with Radar,0,40,90,9,139,0,3,98,0,101,0,43,188,9,240,109,22,131,371
08/14/2010,SUS,MO,ACE,CE,Towers with Radar,0,15,58,4,77,0,0,64,0,64,0,15,122,4,141,72,0,72,213
08/15/2010,SUS,MO,ACE,CE,Towers with Radar,0,28,56,26,110,0,0,73,6,79,0,28,129,32,189,40,12,52,241
08/16/2010,SUS,MO,ACE,CE,Towers with Radar,1,22,74,1,98,0,2,116,2,120,1,24,190,3,218,102,0,102,320
08/17/2010,SUS,MO,ACE,CE,Towers with Radar,0,35,103,0,138,0,3,90,1,94,0,38,193,1,232,228,0,228,460
08/18/2010,SUS,MO,ACE,CE,Towers with Radar,0,28,88,0,116,0,0,77,0,77,0,28,165,0,193,176,0,176,369
08/19/2010,SUS,MO,ACE,CE,Towers with Radar,0,37,91,4,132,0,2,100,1,103,0,39,191,5,235,78,0,78,313
08/20/2010,SUS,MO,ACE,CE,Towers with Radar,0,41,83,0,124,0,0,34,1,35,0,41,117,1,159,42,10,52,211
08/21/2010,SUS,MO,ACE,CE,Towers with Radar,0,12,46,12,70,0,8,87,0,95,0,20,133,12,165,132,16,148,313
08/22/2010,SUS,MO,ACE,CE,Towers with Radar,1,25,74,3,103,0,8,105,8,121,1,33,179,11,224,62,0,62,286
08/23/2010,SUS,MO,ACE,CE,Towers with Radar,0,27,78,2,107,0,2,74,0,76,0,29,152,2,183,114,2,116,299
08/24/2010,SUS,MO,ACE,CE,Towers with Radar,0,34,93,0,127,0,2,104,0,106,0,36,197,0,233,140,0,140,373
08/25/2010,SUS,MO,ACE,CE,Towers with Radar,0,44,109,2,155,0,0,108,1,109,0,44,217,3,264,54,0,54,318
08/26/2010,SUS,MO,ACE,CE,Towers with Radar,0,29,104,1,134,0,3,129,0,132,0,32,233,1,266,100,0,100,366
08/27/2010,SUS,MO,ACE,CE,Towers with Radar,0,31,98,7,136,0,0,128,1,129,0,31,226,8,265,67,8,75,340
08/28/2010,SUS,MO,ACE,CE,Towers with Radar,0,11,50,11,72,0,2,142,1,145,0,13,192,12,217,78,2,80,297
08/29/2010,SUS,MO,ACE,CE,Towers with Radar,0,10,56,5,71,0,0,73,10,83,0,10,129,15,154,96,0,96,250
08/30/2010,SUS,MO,ACE,CE,Towers with Radar,0,17,94,2,113,0,1,27,0,28,0,18,121,2,141,34,0,34,175
08/31/2010,SUS,MO,ACE,CE,Towers with Radar,0,40,104,2,146,0,4,69,2,75,0,44,173,4,221,164,0,164,385
09/01/2010,SUS,MO,ACE,CE,Towers with Radar,0,24,88,0,112,0,0,23,0,23,0,24,111,0,135,32,0,32,167
09/02/2010,SUS,MO,ACE,CE,Towers with Radar,0,0,39,65,104,0,0,44,0,44,0,0,83,65,148,66,0,66,214
09/03/2010,SUS,MO,ACE,CE,Towers with Radar,33,83,0,0,116,0,0,102,0,102,33,83,102,0,218,68,0,68,286
09/04/2010,SUS,MO,ACE,CE,Towers with Radar,0,7,46,0,53,0,1,98,1,100,0,8,144,1,153,44,0,44,197
09/05/2010,SUS,MO,ACE,CE,Towers with Radar,0,14,43,0,57,0,3,57,2,62,0,17,100,2,119,84,0,84,203
09/06/2010,SUS,MO,ACE,CE,Towers with Radar,0,22,66,0,88,0,2,53,2,57,0,24,119,2,145,32,0,32,177
09/07/2010,SUS,MO,ACE,CE,Towers with Radar,0,21,89,0,110,0,0,73,0,73,0,21,162,0,183,221,0,221,404
09/08/2010,SUS,MO,ACE,CE,Towers with Radar,0,23,95,0,118,0,1,117,0,118,0,24,212,0,236,234,0,234,470
09/09/2010,SUS,MO,ACE,CE,Towers with Radar,0,27,104,2,133,0,0,51,0,51,0,27,155,2,184,68,0,68,252
09/10/2010,SUS,MO,ACE,CE,Towers with Radar,1,23,97,4,125,0,0,0,0,0,1,23,97,4,125,12,0,12,137
09/11/2010,SUS,MO,ACE,CE,Towers with Radar,0,12,60,0,72,0,0,40,0,40,0,12,100,0,112,128,0,128,240
09/12/2010,SUS,MO,ACE,CE,Towers with Radar,0,12,88,2,102,0,1,107,0,108,0,13,195,2,210,40,0,40,250
09/13/2010,SUS,MO,ACE,CE,Towers with Radar,0,29,107,5,141,0,2,135,0,137,0,31,242,5,278,282,0,282,560
09/14/2010,SUS,MO,ACE,CE,Towers with Radar,0,33,92,0,125,0,0,88,0,88,0,33,180,0,213,258,0,258,471
09/15/2010,SUS,MO,ACE,CE,Towers with Radar,1,34,83,1,119,0,1,72,0,73,1,35,155,1,192,118,0,118,310
09/16/2010,SUS,MO,ACE,CE,Towers with Radar,0,38,121,5,164,0,0,74,0,74,0,38,195,5,238,182,10,192,430
09/17/2010,SUS,MO,ACE,CE,Towers with Radar,0,42,98,6,146,0,0,148,1,149,0,42,246,7,295,118,2,120,415
09/18/2010,SUS,MO,ACE,CE,Towers with Radar,0,8,52,0,60,0,0,97,0,97,0,8,149,0,157,140,0,140,297
09/19/2010,SUS,MO,ACE,CE,Towers with Radar,0,22,59,0,81,0,0,22,0,22,0,22,81,0,103,6,0,6,109
09/20/2010,SUS,MO,ACE,CE,Towers with Radar,0,37,97,4,138,0,0,71,1,72,0,37,168,5,210,172,2,174,384
09/21/2010,SUS,MO,ACE,CE,Towers with Radar,2,34,111,1,148,0,0,102,0,102,2,34,213,1,250,220,0,220,470
09/22/2010,SUS,MO,ACE,CE,Towers with Radar,0,27,97,0,124,0,0,51,0,51,0,27,148,0,175,87,0,87,262
09/23/2010,SUS,MO,ACE,CE,Towers with Radar,0,28,94,0,122,0,0,66,0,66,0,28,160,0,188,50,0,50,238
09/24/2010,SUS,MO,ACE,CE,Towers with Radar,0,29,76,2,107,0,0,76,0,76,0,29,152,2,183,174,0,174,357
09/25/2010,SUS,MO,ACE,CE,Towers with Radar,3,18,59,0,80,0,0,127,0,127,3,18,186,0,207,211,0,211,418
09/26/2010,SUS,MO,ACE,CE,Towers with Radar,1,25,73,1,100,0,0,22,0,22,1,25,95,1,122,100,0,100,222
09/27/2010,SUS,MO,ACE,CE,Towers with Radar,0,28,75,0,103,0,2,61,0,63,0,30,136,0,166,120,0,120,286
09/28/2010,SUS,MO,ACE,CE,Towers with Radar,0,17,98,0,115,0,1,129,0,130,0,18,227,0,245,206,0,206,451
09/29/2010,SUS,MO,ACE,CE,Towers with Radar,0,37,97,0,134,0,0,104,0,104,0,37,201,0,238,178,0,178,416
09/30/2010,SUS,MO,ACE,CE,Towers with Radar,0,41,113,0,154,0,0,91,0,91,0,41,204,0,245,118,0,118,363
10/01/2010,SUS,MO,ACE,CE,Towers with Radar,0,36,89,0,125,0,0,157,0,157,0,36,246,0,282,79,0,79,361
10/02/2010,SUS,MO,ACE,CE,Towers with Radar,0,19,66,3,88,0,0,40,1,41,0,19,106,4,129,64,0,64,193
10/03/2010,SUS,MO,ACE,CE,Towers with Radar,1,30,63,3,97,0,1,84,0,85,1,31,147,3,182,20,0,20,202
10/04/2010,SUS,MO,ACE,CE,Towers with Radar,0,31,73,0,104,0,0,70,0,70,0,31,143,0,174,113,0,113,287
10/05/2010,SUS,MO,ACE,CE,Towers with Radar,0,45,102,0,147,0,1,90,0,91,0,46,192,0,238,116,0,116,354
10/06/2010,SUS,MO,ACE,CE,Towers with Radar,1,35,104,2,142,0,0,93,0,93,1,35,197,2,235,232,0,232,467
10/07/2010,SUS,MO,ACE,CE,Towers with Radar,0,38,84,0,122,0,3,118,0,121,0,41,202,0,243,58,0,58,301
10/08/2010,SUS,MO,ACE,CE,Towers with Radar,0,38,80,20,138,0,3,142,5,150,0,41,222,25,288,143,14,157,445
10/09/2010,SUS,MO,ACE,CE,Towers with Radar,0,19,33,2,54,0,1,105,8,114,0,20,138,10,168,136,2,138,306
10/10/2010,SUS,MO,ACE,CE,Towers with Radar,0,26,89,2,117,0,0,121,5,126,0,26,210,7,243,80,0,80,323
10/11/2010,SUS,MO,ACE,CE,Towers with Radar,0,32,79,4,115,0,0,75,6,81,0,32,154,10,196,214,0,214,410
10/12/2010,SUS,MO,ACE,CE,Towers with Radar,1,29,83,1,114,0,0,114,0,114,1,29,197,1,228,238,0,238,466
10/13/2010,SUS,MO,ACE,CE,Towers with Radar,1,33,107,3,144,0,3,50,0,53,1,36,157,3,197,90,0,90,287
10/14/2010,SUS,MO,ACE,CE,Towers with Radar,0,33,101,0,134,0,1,129,0,130,0,34,230,0,264,208,0,208,472
10/15/2010,SUS,MO,ACE,CE,Towers with Radar,0,33,104,0,137,0,2,71,0,73,0,35,175,0,210,50,0,50,260
10/16/2010,SUS,MO,ACE,CE,Towers with Radar,0,12,63,2,77,0,1,159,2,162,0,13,222,4,239,149,2,151,390
10/17/2010,SUS,MO,ACE,CE,Towers with Radar,0,26,95,2,123,0,0,123,2,125,0,26,218,4,248,60,0,60,308
10/18/2010,SUS,MO,ACE,CE,Towers with Radar,0,30,97,4,131,0,1,66,0,67,0,31,163,4,198,154,0,154,352
10/19/2010,SUS,MO,ACE,CE,Towers with Radar,0,37,103,2,142,0,0,89,0,89,0,37,192,2,231,128,0,128,359
10/20/2010,SUS,MO,ACE,CE,Towers with Radar,0,32,124,0,156,0,0,116,5,121,0,32,240,5,277,100,0,100,377
10/21/2010,SUS,MO,ACE,CE,Towers with Radar,0,49,107,0,156,0,0,97,2,99,0,49,204,2,255,224,0,224,479
10/22/2010,SUS,MO,ACE,CE,Towers with Radar,0,34,95,3,132,0,1,107,0,108,0,35,202,3,240,92,0,92,332
10/23/2010,SUS,MO,ACE,CE,Towers with Radar,0,17,47,0,64,0,1,42,1,44,0,18,89,1,108,58,0,58,166
10/24/2010,SUS,MO,ACE,CE,Towers with Radar,0,14,71,0,85,0,0,35,0,35,0,14,106,0,120,19,0,19,139
10/25/2010,SUS,MO,ACE,CE,Towers with Radar,0,27,85,0,112,0,0,37,0,37,0,27,122,0,149,30,0,30,179
10/26/2010,SUS,MO,ACE,CE,Towers with Radar,0,25,72,10,107,0,1,21,1,23,0,26,93,11,130,10,4,14,144
10/27/2010,SUS,MO,ACE,CE,Towers with Radar,3,39,80,7,129,0,0,35,0,35,3,39,115,7,164,74,0,74,238
10/28/2010,SUS,MO,ACE,CE,Towers with Radar,1,44,90,0,135,0,2,49,0,51,1,46,139,0,186,84,0,84,270
10/29/2010,SUS,MO,ACE,CE,Towers with Radar,2,42,106,8,158,0,2,140,0,142,2,44,246,8,300,248,0,248,548
10/30/2010,SUS,MO,ACE,CE,Towers with Radar,4,23,67,4,98,0,0,117,3,120,4,23,184,7,218,142,10,152,370
10/31/2010,SUS,MO,ACE,CE,Towers with Radar,0,32,78,1,111,0,0,79,0,79,0,32,157,1,190,92,0,92,282
11/01/2010,SUS,MO,ACE,CE,Towers with Radar,0,33,103,0,136,0,1,72,0,73,0,34,175,0,209,114,0,114,323
11/02/2010,SUS,MO,ACE,CE,Towers with Radar,0,26,114,0,140,0,0,82,0,82,0,26,196,0,222,172,0,172,394
11/03/2010,SUS,MO,ACE,CE,Towers with Radar,0,36,104,2,142,0,2,120,0,122,0,38,224,2,264,78,0,78,342
11/04/2010,SUS,MO,ACE,CE,Towers with Radar,0,38,94,2,134,0,2,63,0,65,0,40,157,2,199,56,0,56,255
11/05/2010,SUS,MO,ACE,CE,Towers with Radar,0,30,85,1,116,0,6,63,1,70,0,36,148,2,186,100,0,100,286
11/06/2010,SUS,MO,ACE,CE,Towers with Radar,0,15,63,8,86,0,3,104,5,112,0,18,167,13,198,192,0,192,390
11/07/2010,SUS,MO,ACE,CE,Towers with Radar,0,17,71,1,89,0,2,96,7,105,0,19,167,8,194,24,0,24,218
11/08/2010,SUS,MO,ACE,CE,Towers with Radar,1,27,94,0,122,0,0,74,0,74,1,27,168,0,196,72,0,72,268
11/09/2010,SUS,MO,ACE,CE,Towers with Radar,1,32,103,1,137,0,2,83,0,85,1,34,186,1,222,128,0,128,350
11/10/2010,SUS,MO,ACE,CE,Towers with Radar,0,30,91,0,121,0,2,67,0,69,0,32,158,0,190,94,0,94,284
11/11/2010,SUS,MO,ACE,CE,Towers with Radar,1,36,92,0,129,0,1,92,0,93,1,37,184,0,222,60,0,60,282
11/12/2010,SUS,MO,ACE,CE,Towers with Radar,1,32,95,0,128,0,4,80,0,84,1,36,175,0,212,172,0,172,384
11/13/2010,SUS,MO,ACE,CE,Towers with Radar,0,14,40,0,54,0,0,13,0,13,0,14,53,0,67,56,0,56,123
11/14/2010,SUS,MO,ACE,CE,Towers with Radar,0,17,51,4,72,0,0,96,1,97,0,17,147,5,169,70,0,70,239
11/15/2010,SUS,MO,ACE,CE,Towers with Radar,0,33,97,0,130,0,0,68,0,68,0,33,165,0,198,40,0,40,238
11/16/2010,SUS,MO,ACE,CE,Towers with Radar,0,30,95,0,125,0,1,70,0,71,0,31,165,0,196,76,0,76,272
11/17/2010,SUS,MO,ACE,CE,Towers with Radar,1,42,91,0,134,0,1,69,0,70,1,43,160,0,204,40,0,40,244
11/18/2010,SUS,MO,ACE,CE,Towers with Radar,0,28,105,0,133,0,2,54,0,56,0,30,159,0,189,140,0,140,329
11/19/2010,SUS,MO,ACE,CE,Towers with Radar,0,35,118,6,159,0,2,96,25,123,0,37,214,31,282,117,8,125,407
11/20/2010,SUS,MO,ACE,CE,Towers with Radar,0,26,58,16,100,0,6,130,4,140,0,32,188,20,240,190,0,190,430
11/21/2010,SUS,MO,ACE,CE,Towers with Radar,0,10,70,2,82,0,0,24,0,24,0,10,94,2,106,54,0,54,160
11/22/2010,SUS,MO,ACE,CE,Towers with Radar,0,25,64,0,89,0,0,11,1,12,0,25,75,1,101,16,0,16,117
11/23/2010,SUS,MO,ACE,CE,Towers with Radar,2,34,95,0,131,0,0,112,0,112,2,34,207,0,243,125,0,125,368
11/24/2010,SUS,MO,ACE,CE,Towers with Radar,0,32,50,0,82,0,0,0,0,0,0,32,50,0,82,0,0,0,82
11/25/2010,SUS,MO,ACE,CE,Towers with Radar,0,7,14,0,21,0,1,1,0,2,0,8,15,0,23,0,0,0,23
11/26/2010,SUS,MO,ACE,CE,Towers with Radar,0,20,45,0,65,0,2,45,0,47,0,22,90,0,112,62,0,62,174
11/27/2010,SUS,MO,ACE,CE,Towers with Radar,0,35,68,0,103,0,9,127,0,136,0,44,195,0,239,90,0,90,329
11/28/2010,SUS,MO,ACE,CE,Towers with Radar,0,23,68,0,91,0,0,63,0,63,0,23,131,0,154,78,0,78,232
11/29/2010,SUS,MO,ACE,CE,Towers with Radar,0,25,55,0,80,0,0,15,0,15,0,25,70,0,95,10,0,10,105
11/30/2010,SUS,MO,ACE,CE,Towers with Radar,1,24,63,0,88,0,0,27,0,27,1,24,90,0,115,102,0,102,217
12/01/2010,SUS,MO,ACE,CE,Towers with Radar,1,24,71,0,96,0,5,71,0,76,1,29,142,0,172,90,0,90,262
12/02/2010,SUS,MO,ACE,CE,Towers with Radar,0,47,93,2,142,0,0,89,0,89,0,47,182,2,231,110,0,110,341
12/03/2010,SUS,MO,ACE,CE,Towers with Radar,0,36,103,0,139,0,0,74,0,74,0,36,177,0,213,120,0,120,333
12/04/2010,SUS,MO,ACE,CE,Towers with Radar,0,11,31,0,42,0,0,42,0,42,0,11,73,0,84,104,0,104,188
12/05/2010,SUS,MO,ACE,CE,Towers with Radar,0,14,35,0,49,0,0,44,0,44,0,14,79,0,93,92,0,92,185
12/06/2010,SUS,MO,ACE,CE,Towers with Radar,2,26,70,0,98,0,0,65,0,65,2,26,135,0,163,46,0,46,209
12/07/2010,SUS,MO,ACE,CE,Towers with Radar,0,20,94,0,114,0,3,85,0,88,0,23,179,0,202,113,0,113,315
12/08/2010,SUS,MO,ACE,CE,Towers with Radar,0,37,86,0,123,0,1,91,0,92,0,38,177,0,215,106,0,106,321
12/09/2010,SUS,MO,ACE,CE,Towers with Radar,0,24,117,0,141,0,0,55,1,56,0,24,172,1,197,82,0,82,279
12/10/2010,SUS,MO,ACE,CE,Towers with Radar,0,28,119,2,149,0,0,129,0,129,0,28,248,2,278,130,0,130,408
12/11/2010,SUS,MO,ACE,CE,Towers with Radar,0,10,51,0,61,0,0,2,0,2,0,10,53,0,63,32,0,32,95
12/12/2010,SUS,MO,ACE,CE,Towers with Radar,2,12,35,0,49,0,0,0,0,0,2,12,35,0,49,0,0,0,49
12/13/2010,SUS,MO,ACE,CE,Towers with Radar,0,24,89,5,118,0,0,55,1,56,0,24,144,6,174,54,0,54,228
12/14/2010,SUS,MO,ACE,CE,Towers with Radar,0,37,99,0,136,0,1,65,1,67,0,38,164,1,203,110,0,110,313
12/15/2010,SUS,MO,ACE,CE,Towers with Radar,0,42,72,2,116,0,0,14,0,14,0,42,86,2,130,0,0,0,130
12/16/2010,SUS,MO,ACE,CE,Towers with Radar,0,36,85,0,121,0,0,3,0,3,0,36,88,0,124,0,0,0,124
12/17/2010,SUS,MO,ACE,CE,Towers with Radar,0,42,83,4,129,0,3,52,1,56,0,45,135,5,185,80,0,80,265
12/18/2010,SUS,MO,ACE,CE,Towers with Radar,0,18,51,1,70,0,1,86,0,87,0,19,137,1,157,100,0,100,257
12/19/2010,SUS,MO,ACE,CE,Towers with Radar,0,17,57,0,74,0,0,51,0,51,0,17,108,0,125,100,0,100,225
12/20/2010,SUS,MO,ACE,CE,Towers with Radar,0,27,84,0,111,0,2,59,0,61,0,29,143,0,172,25,0,25,197
12/21/2010,SUS,MO,ACE,CE,Towers with Radar,1,34,92,0,127,0,1,44,0,45,1,35,136,0,172,56,0,56,228
12/22/2010,SUS,MO,ACE,CE,Towers with Radar,1,33,59,0,93,0,1,32,0,33,1,34,91,0,126,93,0,93,219
12/23/2010,SUS,MO,ACE,CE,Towers with Radar,0,44,67,0,111,0,2,40,0,42,0,46,107,0,153,45,0,45,198
12/24/2010,SUS,MO,ACE,CE,Towers with Radar,0,10,15,0,25,0,0,0,0,0,0,10,15,0,25,0,0,0,25
12/25/2010,SUS,MO,ACE,CE,Towers with Radar,0,12,13,0,25,0,0,1,0,1,0,12,14,0,26,0,0,0,26
12/26/2010,SUS,MO,ACE,CE,Towers with Radar,0,32,71,0,103,0,1,44,0,45,0,33,115,0,148,68,0,68,216
12/27/2010,SUS,MO,ACE,CE,Towers with Radar,2,32,48,0,82,0,1,32,1,34,2,33,80,1,116,26,0,26,142
12/28/2010,SUS,MO,ACE,CE,Towers with Radar,0,35,52,0,87,0,3,86,2,91,0,38,138,2,178,142,0,142,320
12/29/2010,SUS,MO,ACE,CE,Towers with Radar,0,25,45,0,70,0,0,1,0,1,0,25,46,0,71,0,0,0,71
12/30/2010,SUS,MO,ACE,CE,Towers with Radar,0,19,48,0,67,0,2,7,0,9,0,21,55,0,76,36,0,36,112
12/31/2010,SUS,MO,ACE,CE,Towers with Radar,0,17,18,0,35,0,0,10,0,10,0,17,28,0,45,4,0,4,49
01/01/2011,SUS,MO,ACE,CE,Towers with Radar,0,26,16,0,42,0,0,31,2,33,0,26,47,2,75,12,0,12,87
01/02/2011,SUS,MO,ACE,CE,Towers with Radar,0,32,72,0,104,0,0,110,2,112,0,32,182,2,216,128,0,128,344
01/03/2011,SUS,MO,ACE,CE,Towers with Radar,0,2,34,71,107,0,3,97,2,102,0,5,131,73,209,195,0,195,404
01/04/2011,SUS,MO,ACE,CE,Towers with Radar,0,30,71,1,102,0,2,86,0,88,0,32,157,1,190,180,0,180,370
01/05/2011,SUS,MO,ACE,CE,Towers with Radar,0,23,75,0,98,0,0,82,0,82,0,23,157,0,180,132,0,132,312
01/06/2011,SUS,MO,ACE,CE,Towers with Radar,0,37,78,0,115,0,0,45,0,45,0,37,123,0,160,126,0,126,286
01/07/2011,SUS,MO,ACE,CE,Towers with Radar,0,27,70,1,98,0,0,13,0,13,0,27,83,1,111,62,0,62,173
01/08/2011,SUS,MO,ACE,CE,Towers with Radar,0,11,30,0,41,0,4,96,0,100,0,15,126,0,141,144,0,144,285
01/09/2011,SUS,MO,ACE,CE,Towers with Radar,0,11,59,0,70,0,6,68,0,74,0,17,127,0,144,71,0,71,215
01/10/2011,SUS,MO,ACE,CE,Towers with Radar,1,14,63,2,80,0,0,17,0,17,1,14,80,2,97,39,0,39,136
01/11/2011,SUS,MO,ACE,CE,Towers with Radar,0,24,42,1,67,0,0,0,0,0,0,24,42,1,67,0,0,0,67
01/12/2011,SUS,MO,ACE,CE,Towers with Radar,0,36,51,0,87,0,2,26,2,30,0,38,77,2,117,124,0,124,241
01/13/2011,SUS,MO,ACE,CE,Towers with Radar,0,31,90,0,121,0,7,47,0,54,0,38,137,0,175,114,0,114,289
01/14/2011,SUS,MO,ACE,CE,Towers with Radar,0,31,67,0,98,0,6,61,0,67,0,37,128,0,165,105,0,105,270
01/15/2011,SUS,MO,ACE,CE,Towers with Radar,0,16,44,0,60,0,0,74,0,74,0,16,118,0,134,158,0,158,292
01/16/2011,SUS,MO,ACE,CE,Towers with Radar,1,19,39,0,59,0,0,57,0,57,1,19,96,0,116,40,0,40,156
01/17/2011,SUS,MO,ACE,CE,Towers with Radar,0,24,65,0,89,0,2,18,0,20,0,26,83,0,109,8,0,8,117
01/18/2011,SUS,MO,ACE,CE,Towers with Radar,0,23,74,0,97,0,0,2,0,2,0,23,76,0,99,0,0,0,99
01/19/2011,SUS,MO,ACE,CE,Towers with Radar,0,34,80,0,114,0,0,44,0,44,0,34,124,0,158,62,0,62,220
01/20/2011,SUS,MO,ACE,CE,Towers with Radar,0,29,53,1,83,0,0,2,0,2,0,29,55,1,85,0,0,0,85
01/21/2011,SUS,MO,ACE,CE,Towers with Radar,0,25,76,0,101,0,0,36,0,36,0,25,112,0,137,62,0,62,199
01/22/2011,SUS,MO,ACE,CE,Towers with Radar,1,14,30,2,47,0,0,99,0,99,1,14,129,2,146,244,0,244,390
01/23/2011,SUS,MO,ACE,CE,Towers with Radar,0,15,47,0,62,0,0,1,0,1,0,15,48,0,63,0,0,0,63
01/24/2011,SUS,MO,ACE,CE,Towers with Radar,0,29,70,0,99,0,1,56,0,57,0,30,126,0,156,64,0,64,220
01/25/2011,SUS,MO,ACE,CE,Towers with Radar,0,23,97,0,120,0,0,48,0,48,0,23,145,0,168,229,0,229,397
01/26/2011,SUS,MO,ACE,CE,Towers with Radar,0,25,77,0,102,0,0,49,0,49,0,25,126,0,151,69,0,69,220
01/27/2011,SUS,MO,ACE,CE,Towers with Radar,0,39,81,0,120,0,1,69,0,70,0,40,150,0,190,236,0,236,426
01/28/2011,SUS,MO,ACE,CE,Towers with Radar,0,39,85,0,124,0,2,84,0,86,0,41,169,0,210,62,0,62,272
01/29/2011,SUS,MO,ACE,CE,Towers with Radar,0,10,47,8,65,0,1,115,3,119,0,11,162,11,184,138,0,138,322
01/30/2011,SUS,MO,ACE,CE,Towers with Radar,0,18,39,0,57,0,1,28,1,30,0,19,67,1,87,54,0,54,141
01/31/2011,SUS,MO,ACE,CE,Towers with Radar,0,15,46,0,61,0,0,2,0,2,0,15,48,0,63,0,0,0,63
02/01/2011,SUS,MO,ACE,CE,Towers with Radar,0,2,12,0,14,0,0,0,0,0,0,2,12,0,14,0,0,0,14
02/02/2011,SUS,MO,ACE,CE,Towers with Radar,0,23,36,0,59,0,0,8,0,8,0,23,44,0,67,8,0,8,75
02/03/2011,SUS,MO,ACE,CE,Towers with Radar,0,22,87,0,109,0,0,38,0,38,0,22,125,0,147,14,0,14,161
02/04/2011,SUS,MO,ACE,CE,Towers with Radar,0,25,57,3,85,0,2,39,0,41,0,27,96,3,126,66,0,66,192
02/05/2011,SUS,MO,ACE,CE,Towers with Radar,2,12,26,0,40,0,0,38,0,38,2,12,64,0,78,16,0,16,94
02/06/2011,SUS,MO,ACE,CE,Towers with Radar,0,14,34,0,48,0,1,5,0,6,0,15,39,0,54,84,0,84,138
02/07/2011,SUS,MO,ACE,CE,Towers with Radar,0,26,77,0,103,0,0,12,0,12,0,26,89,0,115,35,0,35,150
02/08/2011,SUS,MO,ACE,CE,Towers with Radar,0,26,99,0,125,0,2,38,3,43,0,28,137,3,168,132,0,132,300
02/09/2011,SUS,MO,ACE,CE,Towers with Radar,1,25,86,0,112,0,2,40,0,42,1,27,126,0,154,28,0,28,182
02/10/2011,SUS,MO,ACE,CE,Towers with Radar,0,21,82,1,104,0,8,84,0,92,0,29,166,1,196,140,0,140,336
02/11/2011,SUS,MO,ACE,CE,Towers with Radar,3,24,97,7,131,0,1,80,0,81,3,25,177,7,212,114,0,114,326
02/12/2011,SUS,MO,ACE,CE,Towers with Radar,0,11,31,1,43,0,0,113,1,114,0,11,144,2,157,118,0,118,275
02/13/2011,SUS,MO,ACE,CE,Towers with Radar,0,11,34,0,45,0,1,109,0,110,0,12,143,0,155,108,0,108,263
02/14/2011,SUS,MO,ACE,CE,Towers with Radar,0,24,72,0,96,0,1,58,0,59,0,25,130,0,155,18,0,18,173
02/15/2011,SUS,MO,ACE,CE,Towers with Radar,0,38,96,2,136,0,5,77,1,83,0,43,173,3,219,66,0,66,285
02/16/2011,SUS,MO,ACE,CE,Towers with Radar,0,26,88,2,116,0,2,75,1,78,0,28,163,3,194,274,0,274,468
02/17/2011,SUS,MO,ACE,CE,Towers with Radar,1,37,109,0,147,0,1,33,0,34,1,38,142,0,181,48,0,48,229
02/18/2011,SUS,MO,ACE,CE,Towers with Radar,0,36,101,0,137,0,1,125,1,127,0,37,226,1,264,216,0,216,480
02/19/2011,SUS,MO,ACE,CE,Towers with Radar,0,13,47,1,61,0,1,109,0,110,0,14,156,1,171,188,10,198,369
02/20/2011,SUS,MO,ACE,CE,Towers with Radar,0,12,36,1,49,0,0,33,0,33,0,12,69,1,82,67,0,67,149
02/21/2011,SUS,MO,ACE,CE,Towers with Radar,0,43,82,2,127,0,0,7,0,7,0,43,89,2,134,6,0,6,140
02/22/2011,SUS,MO,ACE,CE,Towers with Radar,0,40,109,0,149,0,2,88,0,90,0,42,197,0,239,88,0,88,327
02/23/2011,SUS,MO,ACE,CE,Towers with Radar,0,34,117,0,151,0,10,36,1,47,0,44,153,1,198,77,0,77,275
02/24/2011,SUS,MO,ACE,CE,Towers with Radar,0,47,86,2,135,0,0,0,0,0,0,47,86,2,135,0,0,0,135
02/25/2011,SUS,MO,ACE,CE,Towers with Radar,0,41,60,6,107,0,1,43,0,44,0,42,103,6,151,94,0,94,245
02/26/2011,SUS,MO,ACE,CE,Towers with Radar,0,12,48,0,60,0,3,52,0,55,0,15,100,0,115,166,0,166,281
02/27/2011,SUS,MO,ACE,CE,Towers with Radar,0,16,67,0,83,0,0,20,0,20,0,16,87,0,103,74,0,74,177
02/28/2011,SUS,MO,ACE,CE,Towers with Radar,1,31,69,1,102,0,5,44,0,49,1,36,113,1,151,14,0,14,165
03/01/2011,SUS,MO,ACE,CE,Towers with Radar,0,33,111,0,144,0,0,135,0,135,0,33,246,0,279,136,0,136,415
03/02/2011,SUS,MO,ACE,CE,Towers with Radar,0,40,116,1,157,0,0,133,0,133,0,40,249,1,290,182,0,182,472
03/03/2011,SUS,MO,ACE,CE,Towers with Radar,0,29,70,0,99,0,1,68,0,69,0,30,138,0,168,108,0,108,276
03/04/2011,SUS,MO,ACE,CE,Towers with Radar,0,25,70,0,95,0,2,27,0,29,0,27,97,0,124,94,0,94,218
03/05/2011,SUS,MO,ACE,CE,Towers with Radar,1,16,22,0,39,0,0,2,0,2,1,16,24,0,41,0,0,0,41
03/06/2011,SUS,MO,ACE,CE,Towers with Radar,1,14,72,2,89,0,0,62,0,62,1,14,134,2,151,142,0,142,293
03/07/2011,SUS,MO,ACE,CE,Towers with Radar,0,27,92,0,119,0,2,45,0,47,0,29,137,0,166,46,0,46,212
03/08/2011,SUS,MO,ACE,CE,Towers with Radar,0,27,94,0,121,0,0,23,0,23,0,27,117,0,144,108,0,108,252
03/09/2011,SUS,MO,ACE,CE,Towers with Radar,2,28,86,0,116,0,0,18,0,18,2,28,104,0,134,73,0,73,207
03/10/2011,SUS,MO,ACE,CE,Towers with Radar,0,48,98,0,146,0,0,35,0,35,0,48,133,0,181,120,0,120,301
03/11/2011,SUS,MO,ACE,CE,Towers with Radar,0,38,89,0,127,0,0,143,0,143,0,38,232,0,270,157,0,157,427
03/12/2011,SUS,MO,ACE,CE,Towers with Radar,0,22,51,0,73,0,3,140,0,143,0,25,191,0,216,261,0,261,477
03/13/2011,SUS,MO,ACE,CE,Towers with Radar,0,14,70,0,84,0,0,108,0,108,0,14,178,0,192,144,0,144,336
03/14/2011,SUS,MO,ACE,CE,Towers with Radar,1,21,60,0,82,0,0,0,0,0,1,21,60,0,82,0,0,0,82
03/15/2011,SUS,MO,ACE,CE,Towers with Radar,1,33,73,0,107,0,0,57,0,57,1,33,130,0,164,128,0,128,292
03/16/2011,SUS,MO,ACE,CE,Towers with Radar,0,35,105,0,140,0,6,129,1,136,0,41,234,1,276,154,0,154,430
03/17/2011,SUS,MO,ACE,CE,Towers with Radar,0,32,83,4,119,0,6,75,3,84,0,38,158,7,203,170,0,170,373
03/18/2011,SUS,MO,ACE,CE,Towers with Radar,0,24,85,0,109,0,0,61,0,61,0,24,146,0,170,141,0,141,311
03/19/2011,SUS,MO,ACE,CE,Towers with Radar,0,24,62,0,86,0,1,122,0,123,0,25,184,0,209,186,0,186,395
03/20/2011,SUS,MO,ACE,CE,Towers with Radar,0,23,65,0,88,0,0,55,0,55,0,23,120,0,143,30,0,30,173
03/21/2011,SUS,MO,ACE,CE,Towers with Radar,0,19,79,0,98,0,1,98,0,99,0,20,177,0,197,120,0,120,317
03/22/2011,SUS,MO,ACE,CE,Towers with Radar,0,18,80,0,98,0,0,67,0,67,0,18,147,0,165,110,0,110,275
03/23/2011,SUS,MO,ACE,CE,Towers with Radar,0,34,85,0,119,0,0,89,0,89,0,34,174,0,208,74,0,74,282
03/24/2011,SUS,MO,ACE,CE,Towers with Radar,0,36,87,2,125,0,1,76,0,77,0,37,163,2,202,190,0,190,392
03/25/2011,SUS,MO,ACE,CE,Towers with Radar,2,28,66,0,96,0,0,1,0,1,2,28,67,0,97,6,0,6,103
03/26/2011,SUS,MO,ACE,CE,Towers with Radar,0,14,27,0,41,0,0,18,0,18,0,14,45,0,59,110,0,110,169
03/27/2011,SUS,MO,ACE,CE,Towers with Radar,0,31,99,2,132,0,1,88,1,90,0,32,187,3,222,114,0,114,336
03/28/2011,SUS,MO,ACE,CE,Towers with Radar,0,31,74,1,106,0,2,127,1,130,0,33,201,2,236,120,0,120,356
03/29/2011,SUS,MO,ACE,CE,Towers with Radar,1,29,75,0,105,0,0,38,4,42,1,29,113,4,147,174,0,174,321
03/30/2011,SUS,MO,ACE,CE,Towers with Radar,1,34,89,15,139,0,5,87,1,93,1,39,176,16,232,122,0,122,354
03/31/2011,SUS,MO,ACE,CE,Towers with Radar,0,25,90,4,119,0,0,81,3,84,0,25,171,7,203,202,0,202,405
04/01/2011,SUS,MO,ACE,CE,Towers with Radar,0,27,65,1,93,0,7,77,1,85,0,34,142,2,178,126,0,126,304
04/02/2011,SUS,MO,ACE,CE,Towers with Radar,1,12,38,3,54,0,4,135,3,142,1,16,173,6,196,131,0,131,327
04/03/2011,SUS,MO,ACE,CE,Towers with Radar,2,10,58,0,70,0,0,11,0,11,2,10,69,0,81,0,0,0,81
04/04/2011,SUS,MO,ACE,CE,Towers with Radar,0,18,64,0,82,0,0,7,0,7,0,18,71,0,89,28,0,28,117
04/05/2011,SUS,MO,ACE,CE,Towers with Radar,4,30,113,0,147,0,2,119,0,121,4,32,232,0,268,190,0,190,458
04/06/2011,SUS,MO,ACE,CE,Towers with Radar,2,24,103,2,131,0,1,86,2,89,2,25,189,4,220,141,0,141,361
04/07/2011,SUS,MO,ACE,CE,Towers with Radar,0,21,95,0,116,0,0,88,1,89,0,21,183,1,205,151,0,151,356
04/08/2011,SUS,MO,ACE,CE,Towers with Radar,0,26,93,2,121,0,0,70,0,70,0,26,163,2,191,146,0,146,337
04/09/2011,SUS,MO,ACE,CE,Towers with Radar,0,16,54,2,72,0,0,96,2,98,0,16,150,4,170,184,0,184,354
04/10/2011,SUS,MO,ACE,CE,Towers with Radar,0,8,57,0,65,0,0,32,1,33,0,8,89,1,98,17,0,17,115
04/11/2011,SUS,MO,ACE,CE,Towers with Radar,0,26,97,0,123,0,0,54,0,54,0,26,151,0,177,181,0,181,358
04/12/2011,SUS,MO,ACE,CE,Towers with Radar,0,34,88,1,123,0,1,130,1,132,0,35,218,2,255,144,0,144,399
04/13/2011,SUS,MO,ACE,CE,Towers with Radar,0,35,95,0,130,0,2,135,0,137,0,37,230,0,267,104,0,104,371
04/14/2011,SUS,MO,ACE,CE,Towers with Radar,0,31,93,0,124,0,3,94,0,97,0,34,187,0,221,176,0,176,397
04/15/2011,SUS,MO,ACE,CE,Towers with Radar,0,28,76,1,105,0,2,16,0,18,0,30,92,1,123,4,0,4,127
04/16/2011,SUS,MO,ACE,CE,Towers with Radar,0,20,39,2,61,0,4,27,0,31,0,24,66,2,92,52,0,52,144
04/17/2011,SUS,MO,ACE,CE,Towers with Radar,0,13,70,6,89,0,1,130,1,132,0,14,200,7,221,203,0,203,424
04/18/2011,SUS,MO,ACE,CE,Towers with Radar,0,30,77,0,107,0,2,52,0,54,0,32,129,0,161,172,0,172,333
04/19/2011,SUS,MO,ACE,CE,Towers with Radar,0,23,54,0,77,1,0,22,1,24,1,23,76,1,101,100,0,100,201
04/20/2011,SUS,MO,ACE,CE,Towers with Radar,0,26,111,0,137,0,3,70,0,73,0,29,181,0,210,142,0,142,352
04/21/2011,SUS,MO,ACE,CE,Towers with Radar,0,27,77,0,104,0,0,72,1,73,0,27,149,1,177,184,0,184,361
04/22/2011,SUS,MO,ACE,CE,Towers with Radar,0,20,46,0,66,0,2,16,4,22,0,22,62,4,88,20,0,20,108
04/23/2011,SUS,MO,ACE,CE,Towers with Radar,0,40,26,0,66,0,0,39,2,41,0,40,65,2,107,130,0,130,237
04/24/2011,SUS,MO,ACE,CE,Towers with Radar,0,20,58,0,78,0,0,11,0,11,0,20,69,0,89,32,0,32,121
04/25/2011,SUS,MO,ACE,CE,Towers with Radar,0,30,87,0,117,0,2,5,0,7,0,32,92,0,124,8,0,8,132
04/26/2011,SUS,MO,ACE,CE,Towers with Radar,0,28,115,0,143,0,0,63,0,63,0,28,178,0,206,182,0,182,388
04/27/2011,SUS,MO,ACE,CE,Towers with Radar,0,29,75,2,106,0,1,17,0,18,0,30,92,2,124,66,0,66,190
04/28/2011,SUS,MO,ACE,CE,Towers with Radar,0,27,119,0,146,0,0,60,0,60,0,27,179,0,206,86,0,86,292
04/29/2011,SUS,MO,ACE,CE,Towers with Radar,0,36,98,0,134,0,3,136,0,139,0,39,234,0,273,179,0,179,452
04/30/2011,SUS,MO,ACE,CE,Towers with Radar,0,17,43,0,60,0,0,50,0,50,0,17,93,0,110,46,0,46,156
05/01/2011,SUS,MO,ACE,CE,Towers with Radar,0,13,74,2,89,0,1,50,0,51,0,14,124,2,140,40,0,40,180
05/02/2011,SUS,MO,ACE,CE,Towers with Radar,0,26,83,0,109,0,1,69,0,70,0,27,152,0,179,128,0,128,307
05/03/2011,SUS,MO,ACE,CE,Towers with Radar,0,30,100,0,130,0,1,102,1,104,0,31,202,1,234,133,0,133,367
05/04/2011,SUS,MO,ACE,CE,Towers with Radar,0,31,126,0,157,0,3,138,0,141,0,34,264,0,298,271,0,271,569
05/05/2011,SUS,MO,ACE,CE,Towers with Radar,0,39,65,0,104,0,2,58,0,60,0,41,123,0,164,120,0,120,284
05/06/2011,SUS,MO,ACE,CE,Towers with Radar,0,52,110,11,173,0,0,112,5,117,0,52,222,16,290,247,26,273,563
05/07/2011,SUS,MO,ACE,CE,Towers with Radar,0,22,61,16,99,0,1,65,5,71,0,23,126,21,170,96,0,96,266
05/08/2011,SUS,MO,ACE,CE,Towers with Radar,0,44,84,7,135,0,0,108,0,108,0,44,192,7,243,138,0,138,381
05/09/2011,SUS,MO,ACE,CE,Towers with Radar,0,32,70,2,104,0,0,22,0,22,0,32,92,2,126,74,6,80,206
05/10/2011,SUS,MO,ACE,CE,Towers with Radar,0,27,102,0,129,0,2,88,0,90,0,29,190,0,219,228,0,228,447
05/11/2011,SUS,MO,ACE,CE,Towers with Radar,0,32,90,0,122,0,2,78,0,80,0,34,168,0,202,184,0,184,386
05/12/2011,SUS,MO,ACE,CE,Towers with Radar,0,30,85,0,115,0,0,76,0,76,0,30,161,0,191,236,0,236,427
05/13/2011,SUS,MO,ACE,CE,Towers with Radar,0,19,86,0,105,0,0,39,0,39,0,19,125,0,144,199,0,199,343
05/14/2011,SUS,MO,ACE,CE,Towers with Radar,0,15,73,0,88,0,0,7,0,7,0,15,80,0,95,4,0,4,99
05/15/2011,SUS,MO,ACE,CE,Towers with Radar,0,22,59,0,81,0,0,8,0,8,0,22,67,0,89,12,0,12,101
05/16/2011,SUS,MO,ACE,CE,Towers with Radar,0,32,72,0,104,0,7,86,2,95,0,39,158,2,199,53,0,53,252
05/17/2011,SUS,MO,ACE,CE,Towers with Radar,0,25,100,0,125,0,5,139,0,144,0,30,239,0,269,157,0,157,426
05/18/2011,SUS,MO,ACE,CE,Towers with Radar,0,34,102,0,136,0,5,140,0,145,0,39,242,0,281,141,0,141,422
05/19/2011,SUS,MO,ACE,CE,Towers with Radar,0,37,112,0,149,0,0,29,0,29,0,37,141,0,178,148,0,148,326
05/20/2011,SUS,MO,ACE,CE,Towers with Radar,0,43,74,4,121,0,0,79,0,79,0,43,153,4,200,72,0,72,272
05/21/2011,SUS,MO,ACE,CE,Towers with Radar,0,23,52,1,76,0,2,90,0,92,0,25,142,1,168,92,0,92,260
05/22/2011,SUS,MO,ACE,CE,Towers with Radar,0,40,61,2,103,0,0,35,0,35,0,40,96,2,138,67,0,67,205
05/23/2011,SUS,MO,ACE,CE,Towers with Radar,0,35,85,0,120,0,2,39,0,41,0,37,124,0,161,22,0,22,183
05/24/2011,SUS,MO,ACE,CE,Towers with Radar,0,47,82,0,129,0,1,78,1,80,0,48,160,1,209,171,0,171,380
05/25/2011,SUS,MO,ACE,CE,Towers with Radar,0,21,50,0,71,0,0,12,0,12,0,21,62,0,83,48,0,48,131
05/26/2011,SUS,MO,ACE,CE,Towers with Radar,0,32,114,0,146,0,2,21,0,23,0,34,135,0,169,8,0,8,177
05/27/2011,SUS,MO,ACE,CE,Towers with Radar,0,48,103,0,151,0,1,142,0,143,0,49,245,0,294,154,0,154,448
05/28/2011,SUS,MO,ACE,CE,Towers with Radar,0,16,46,0,62,0,0,31,0,31,0,16,77,0,93,73,0,73,166
05/29/2011,SUS,MO,ACE,CE,Towers with Radar,0,24,47,6,77,0,0,57,1,58,0,24,104,7,135,76,0,76,211
05/30/2011,SUS,MO,ACE,CE,Towers with Radar,0,21,37,1,59,0,0,55,1,56,0,21,92,2,115,4,0,4,119
05/31/2011,SUS,MO,ACE,CE,Towers with Radar,0,27,82,2,111,0,0,74,0,74,0,27,156,2,185,197,0,197,382
06/01/2011,SUS,MO,ACE,CE,Towers with Radar,0,23,89,0,112,0,1,90,0,91,0,24,179,0,203,175,0,175,378
06/02/2011,SUS,MO,ACE,CE,Towers with Radar,0,30,111,2,143,0,1,61,0,62,0,31,172,2,205,103,0,103,308
06/03/2011,SUS,MO,ACE,CE,Towers with Radar,0,36,98,0,134,0,0,107,0,107,0,36,205,0,241,218,0,218,459
06/04/2011,SUS,MO,ACE,CE,Towers with Radar,0,21,54,0,75,0,0,113,4,117,0,21,167,4,192,134,0,134,326
06/05/2011,SUS,MO,ACE,CE,Towers with Radar,0,31,59,1,91,0,0,89,0,89,0,31,148,1,180,100,0,100,280
06/06/2011,SUS,MO,ACE,CE,Towers with Radar,0,41,71,0,112,0,1,86,0,87,0,42,157,0,199,148,0,148,347
06/07/2011,SUS,MO,ACE,CE,Towers with Radar,0,37,97,0,134,0,1,87,0,88,0,38,184,0,222,153,0,153,375
06/08/2011,SUS,MO,ACE,CE,Towers with Radar,0,45,98,3,146,0,4,90,0,94,0,49,188,3,240,134,8,142,382
06/09/2011,SUS,MO,ACE,CE,Towers with Radar,0,27,106,1,134,0,0,86,0,86,0,27,192,1,220,180,0,180,400
06/10/2011,SUS,MO,ACE,CE,Towers with Radar,0,34,69,20,123,0,0,99,2,101,0,34,168,22,224,85,30,115,339
06/11/2011,SUS,MO,ACE,CE,Towers with Radar,0,14,54,0,68,0,6,61,0,67,0,20,115,0,135,180,0,180,315
06/12/2011,SUS,MO,ACE,CE,Towers with Radar,0,36,83,0,119,0,6,62,0,68,0,42,145,0,187,18,0,18,205
06/13/2011,SUS,MO,ACE,CE,Towers with Radar,0,39,64,0,103,0,1,21,0,22,0,40,85,0,125,8,0,8,133
06/14/2011,SUS,MO,ACE,CE,Towers with Radar,0,49,74,0,123,0,0,50,0,50,0,49,124,0,173,42,0,42,215
06/15/2011,SUS,MO,ACE,CE,Towers with Radar,0,40,116,0,156,0,0,88,0,88,0,40,204,0,244,180,0,180,424
06/16/2011,SUS,MO,ACE,CE,Towers with Radar,0,50,87,0,137,0,1,100,1,102,0,51,187,1,239,84,0,84,323
06/17/2011,SUS,MO,ACE,CE,Towers with Radar,0,33,88,0,121,0,0,46,0,46,0,33,134,0,167,80,0,80,247
06/18/2011,SUS,MO,ACE,CE,Towers with Radar,2,24,53,4,83,0,3,52,6,61,2,27,105,10,144,66,26,92,236
06/19/2011,SUS,MO,ACE,CE,Towers with Radar,0,38,48,9,95,0,0,66,0,66,0,38,114,9,161,60,4,64,225
06/20/2011,SUS,MO,ACE,CE,Towers with Radar,0,47,74,0,121,0,2,87,0,89,0,49,161,0,210,108,0,108,318
06/21/2011,SUS,MO,ACE,CE,Towers with Radar,0,39,93,0,132,0,0,34,0,34,0,39,127,0,166,24,0,24,190
06/22/2011,SUS,MO,ACE,CE,Towers with Radar,0,34,95,1,130,0,0,99,2,101,0,34,194,3,231,166,0,166,397
06/23/2011,SUS,MO,ACE,CE,Towers with Radar,0,48,96,4,148,0,2,73,0,75,0,50,169,4,223,82,0,82,305
06/24/2011,SUS,MO,ACE,CE,Towers with Radar,0,27,117,3,147,0,0,169,0,169,0,27,286,3,316,180,0,180,496
06/25/2011,SUS,MO,ACE,CE,Towers with Radar,0,27,45,0,72,0,0,76,0,76,0,27,121,0,148,100,0,100,248
06/26/2011,SUS,MO,ACE,CE,Towers with Radar,0,44,75,1,120,0,1,25,0,26,0,45,100,1,146,56,0,56,202
06/27/2011,SUS,MO,ACE,CE,Towers with Radar,0,37,73,0,110,0,0,38,0,38,0,37,111,0,148,58,0,58,206
06/28/2011,SUS,MO,ACE,CE,Towers with Radar,0,41,89,8,138,0,2,106,0,108,0,43,195,8,246,153,0,153,399
06/29/2011,SUS,MO,ACE,CE,Towers with Radar,0,37,101,2,140,0,0,136,0,136,0,37,237,2,276,248,0,248,524
06/30/2011,SUS,MO,ACE,CE,Towers with Radar,0,45,105,1,151,0,3,107,0,110,0,48,212,1,261,80,0,80,341
07/01/2011,SUS,MO,ACE,CE,Towers with Radar,0,33,88,1,122,0,5,127,1,133,0,38,215,2,255,191,2,193,448
07/02/2011,SUS,MO,ACE,CE,Towers with Radar,0,15,55,0,70,0,3,87,1,91,0,18,142,1,161,120,0,120,281
07/03/2011,SUS,MO,ACE,CE,Towers with Radar,0,24,27,0,51,0,3,44,0,47,0,27,71,0,98,50,0,50,148
07/04/2011,SUS,MO,ACE,CE,Towers with Radar,0,24,35,0,59,0,1,41,0,42,0,25,76,0,101,12,0,12,113
07/05/2011,SUS,MO,ACE,CE,Towers with Radar,0,31,70,1,102,0,3,50,1,54,0,34,120,2,156,111,0,111,267
07/06/2011,SUS,MO,ACE,CE,Towers with Radar,0,34,81,8,123,0,0,83,0,83,0,34,164,8,206,132,0,132,338
07/07/2011,SUS,MO,ACE,CE,Towers with Radar,0,37,84,0,121,0,0,50,4,54,0,37,134,4,175,76,0,76,251
07/08/2011,SUS,MO,ACE,CE,Towers with Radar,0,37,63,11,111,0,1,114,1,116,0,38,177,12,227,142,0,142,369
07/09/2011,SUS,MO,ACE,CE,Towers with Radar,0,13,51,8,72,0,3,141,8,152,0,16,192,16,224,114,2,116,340
07/10/2011,SUS,MO,ACE,CE,Towers with Radar,0,40,63,2,105,0,0,69,0,69,0,40,132,2,174,147,0,147,321
07/11/2011,SUS,MO,ACE,CE,Towers with Radar,0,35,78,3,116,0,2,56,0,58,0,37,134,3,174,126,0,126,300
07/12/2011,SUS,MO,ACE,CE,Towers with Radar,0,36,78,2,116,0,0,53,1,54,0,36,131,3,170,144,0,144,314
07/13/2011,SUS,MO,ACE,CE,Towers with Radar,0,53,117,3,173,0,2,93,0,95,0,55,210,3,268,180,0,180,448
07/14/2011,SUS,MO,ACE,CE,Towers with Radar,0,48,120,1,169,0,1,97,0,98,0,49,217,1,267,180,0,180,447
07/15/2011,SUS,MO,ACE,CE,Towers with Radar,0,39,96,11,146,0,0,129,3,132,0,39,225,14,278,187,0,187,465
07/16/2011,SUS,MO,ACE,CE,Towers with Radar,0,17,47,0,64,0,0,103,1,104,0,17,150,1,168,184,0,184,352
07/17/2011,SUS,MO,ACE,CE,Towers with Radar,0,45,74,2,121,0,0,67,0,67,0,45,141,2,188,56,0,56,244
07/18/2011,SUS,MO,ACE,CE,Towers with Radar,0,36,98,10,144,0,2,71,2,75,0,38,169,12,219,132,0,132,351
07/19/2011,SUS,MO,ACE,CE,Towers with Radar,0,36,96,0,132,0,0,104,0,104,0,36,200,0,236,76,0,76,312
07/20/2011,SUS,MO,ACE,CE,Towers with Radar,0,35,108,6,149,0,1,106,0,107,0,36,214,6,256,86,0,86,342
07/21/2011,SUS,MO,ACE,CE,Towers with Radar,0,21,98,0,119,0,0,85,0,85,0,21,183,0,204,144,0,144,348
07/22/2011,SUS,MO,ACE,CE,Towers with Radar,0,36,87,2,125,0,7,96,1,104,0,43,183,3,229,100,0,100,329
07/23/2011,SUS,MO,ACE,CE,Towers with Radar,0,23,37,0,60,0,0,84,1,85,0,23,121,1,145,84,0,84,229
07/24/2011,SUS,MO,ACE,CE,Towers with Radar,0,28,52,0,80,0,2,65,0,67,0,30,117,0,147,38,0,38,185
07/25/2011,SUS,MO,ACE,CE,Towers with Radar,0,46,81,4,131,0,0,89,2,91,0,46,170,6,222,121,0,121,343
07/26/2011,SUS,MO,ACE,CE,Towers with Radar,0,28,98,0,126,0,6,107,0,113,0,34,205,0,239,134,0,134,373
07/27/2011,SUS,MO,ACE,CE,Towers with Radar,0,29,96,4,129,0,0,63,4,67,0,29,159,8,196,116,0,116,312
07/28/2011,SUS,MO,ACE,CE,Towers with Radar,0,39,93,2,134,0,0,87,2,89,0,39,180,4,223,88,0,88,311
07/29/2011,SUS,MO,ACE,CE,Towers with Radar,0,31,88,4,123,0,0,81,3,84,0,31,169,7,207,156,12,168,375
07/30/2011,SUS,MO,ACE,CE,Towers with Radar,0,22,58,0,80,0,0,33,0,33,0,22,91,0,113,76,0,76,189
07/31/2011,SUS,MO,ACE,CE,Towers with Radar,0,37,61,4,102,0,0,115,3,118,0,37,176,7,220,96,6,102,322
08/01/2011,SUS,MO,ACE,CE,Towers with Radar,0,41,87,5,133,0,4,62,2,68,0,45,149,7,201,136,0,136,337
08/02/2011,SUS,MO,ACE,CE,Towers with Radar,0,39,98,4,141,0,4,77,0,81,0,43,175,4,222,146,0,146,368
08/03/2011,SUS,MO,ACE,CE,Towers with Radar,0,34,116,0,150,0,0,116,0,116,0,34,232,0,266,170,0,170,436
08/04/2011,SUS,MO,ACE,CE,Towers with Radar,0,37,98,0,135,0,5,69,0,74,0,42,167,0,209,152,0,152,361
08/05/2011,SUS,MO,ACE,CE,Towers with Radar,0,31,66,0,97,0,0,73,3,76,0,31,139,3,173,46,0,46,219
08/06/2011,SUS,MO,ACE,CE,Towers with Radar,0,29,75,0,104,0,0,92,0,92,0,29,167,0,196,106,0,106,302
08/07/2011,SUS,MO,ACE,CE,Towers with Radar,0,33,50,0,83,0,1,53,3,57,0,34,103,3,140,34,0,34,174
08/08/2011,SUS,MO,ACE,CE,Towers with Radar,0,37,75,0,112,0,1,56,0,57,0,38,131,0,169,142,0,142,311
08/09/2011,SUS,MO,ACE,CE,Towers with Radar,0,38,82,6,126,0,2,89,0,91,0,40,171,6,217,114,0,114,331
08/10/2011,SUS,MO,ACE,CE,Towers with Radar,0,42,87,0,129,0,12,108,0,120,0,54,195,0,249,98,0,98,347
08/11/2011,SUS,MO,ACE,CE,Towers with Radar,0,34,104,0,138,0,11,118,2,131,0,45,222,2,269,190,0,190,459
08/12/2011,SUS,MO,ACE,CE,Towers with Radar,0,28,67,0,95,0,8,87,0,95,0,36,154,0,190,82,0,82,272
08/13/2011,SUS,MO,ACE,CE,Towers with Radar,0,21,53,3,77,0,2,86,0,88,0,23,139,3,165,90,0,90,255
08/14/2011,SUS,MO,ACE,CE,Towers with Radar,0,40,71,0,111,0,0,78,0,78,0,40,149,0,189,42,0,42,231
08/15/2011,SUS,MO,ACE,CE,Towers with Radar,0,34,87,2,123,0,0,95,0,95,0,34,182,2,218,192,0,192,410
08/16/2011,SUS,MO,ACE,CE,Towers with Radar,0,46,71,3,120,0,0,61,1,62,0,46,132,4,182,98,0,98,280
08/17/2011,SUS,MO,ACE,CE,Towers with Radar,0,41,95,0,136,0,3,85,5,93,0,44,180,5,229,90,0,90,319
08/18/2011,SUS,MO,ACE,CE,Towers with Radar,0,42,116,6,164,0,17,103,0,120,0,59,219,6,284,150,0,150,434
08/19/2011,SUS,MO,ACE,CE,Towers with Radar,0,32,85,23,140,0,3,103,16,122,0,35,188,39,262,138,4,142,404
08/20/2011,SUS,MO,ACE,CE,Towers with Radar,0,17,26,6,49,0,0,48,2,50,0,17,74,8,99,64,0,64,163
08/21/2011,SUS,MO,ACE,CE,Towers with Radar,0,39,50,4,93,0,1,111,2,114,0,40,161,6,207,80,0,80,287
08/22/2011,SUS,MO,ACE,CE,Towers with Radar,0,33,72,2,107,0,1,75,2,78,0,34,147,4,185,162,0,162,347
08/23/2011,SUS,MO,ACE,CE,Towers with Radar,0,28,78,1,107,0,1,75,0,76,0,29,153,1,183,194,0,194,377
08/24/2011,SUS,MO,ACE,CE,Towers with Radar,0,29,100,0,129,0,10,69,0,79,0,39,169,0,208,84,0,84,292
08/25/2011,SUS,MO,ACE,CE,Towers with Radar,0,41,118,4,163,0,4,113,0,117,0,45,231,4,280,60,0,60,340
08/26/2011,SUS,MO,ACE,CE,Towers with Radar,0,41,95,24,160,0,5,112,12,129,0,46,207,36,289,104,0,104,393
08/27/2011,SUS,MO,ACE,CE,Towers with Radar,0,18,49,19,86,0,4,128,1,133,0,22,177,20,219,84,14,98,317
08/28/2011,SUS,MO,ACE,CE,Towers with Radar,0,45,60,9,114,0,4,113,1,118,0,49,173,10,232,40,0,40,272
08/29/2011,SUS,MO,ACE,CE,Towers with Radar,0,37,83,2,122,0,6,83,0,89,0,43,166,2,211,88,0,88,299
08/30/2011,SUS,MO,ACE,CE,Towers with Radar,0,35,91,0,126,0,0,86,0,86,0,35,177,0,212,114,0,114,326
08/31/2011,SUS,MO,ACE,CE,Towers with Radar,0,33,107,0,140,0,9,115,5,129,0,42,222,5,269,180,0,180,449
09/01/2011,SUS,MO,ACE,CE,Towers with Radar,0,35,101,2,138,0,4,94,0,98,0,39,195,2,236,130,0,130,366
09/02/2011,SUS,MO,ACE,CE,Towers with Radar,0,39,86,2,127,0,3,107,0,110,0,42,193,2,237,151,0,151,388
09/03/2011,SUS,MO,ACE,CE,Towers with Radar,0,15,35,2,52,0,3,81,4,88,0,18,116,6,140,158,0,158,298
09/04/2011,SUS,MO,ACE,CE,Towers with Radar,0,19,27,1,47,0,1,33,0,34,0,20,60,1,81,44,0,44,125
09/05/2011,SUS,MO,ACE,CE,Towers with Radar,0,29,59,0,88,0,2,47,0,49,0,31,106,0,137,28,0,28,165
09/06/2011,SUS,MO,ACE,CE,Towers with Radar,0,30,88,4,122,0,2,72,0,74,0,32,160,4,196,102,0,102,298
09/07/2011,SUS,MO,ACE,CE,Towers with Radar,0,39,96,0,135,0,4,95,0,99,0,43,191,0,234,90,0,90,324
09/08/2011,SUS,MO,ACE,CE,Towers with Radar,1,43,82,2,128,0,3,72,0,75,1,46,154,2,203,150,0,150,353
09/09/2011,SUS,MO,ACE,CE,Towers with Radar,1,29,92,7,129,0,0,7,0,7,1,29,99,7,136,22,4,26,162
09/10/2011,SUS,MO,ACE,CE,Towers with Radar,0,20,51,0,71,0,2,28,0,30,0,22,79,0,101,89,0,89,190
09/11/2011,SUS,MO,ACE,CE,Towers with Radar,0,41,80,6,127,0,7,72,0,79,0,48,152,6,206,134,0,134,340
09/12/2011,SUS,MO,ACE,CE,Towers with Radar,0,35,71,14,120,0,3,107,2,112,0,38,178,16,232,70,14,84,316
09/13/2011,SUS,MO,ACE,CE,Towers with Radar,0,34,87,0,121,0,3,128,0,131,0,37,215,0,252,192,0,192,444
09/14/2011,SUS,MO,ACE,CE,Towers with Radar,1,31,89,0,121,0,0,3,2,5,1,31,92,2,126,14,0,14,140
09/15/2011,SUS,MO,ACE,CE,Towers with Radar,1,42,124,2,169,0,4,82,2,88,1,46,206,4,257,78,2,80,337
09/16/2011,SUS,MO,ACE,CE,Towers with Radar,0,32,99,0,131,0,5,101,1,107,0,37,200,1,238,88,0,88,326
09/17/2011,SUS,MO,ACE,CE,Towers with Radar,0,14,56,0,70,0,3,96,2,101,0,17,152,2,171,122,0,122,293
09/18/2011,SUS,MO,ACE,CE,Towers with Radar,0,46,74,0,120,0,0,13,0,13,0,46,87,0,133,27,0,27,160
09/19/2011,SUS,MO,ACE,CE,Towers with Radar,1,40,83,0,124,0,4,46,0,50,1,44,129,0,174,104,0,104,278
09/20/2011,SUS,MO,ACE,CE,Towers with Radar,0,35,99,2,136,0,1,92,2,95,0,36,191,4,231,138,0,138,369
09/21/2011,SUS,MO,ACE,CE,Towers with Radar,1,30,90,1,122,0,3,95,1,99,1,33,185,2,221,122,0,122,343
09/22/2011,SUS,MO,ACE,CE,Towers with Radar,0,39,80,0,119,0,5,77,0,82,0,44,157,0,201,112,0,112,313
09/23/2011,SUS,MO,ACE,CE,Towers with Radar,1,35,102,5,143,0,0,49,0,49,1,35,151,5,192,134,0,134,326
09/24/2011,SUS,MO,ACE,CE,Towers with Radar,1,13,57,33,104,0,5,135,10,150,1,18,192,43,254,184,50,234,488
09/25/2011,SUS,MO,ACE,CE,Towers with Radar,0,48,64,3,115,0,1,86,2,89,0,49,150,5,204,69,2,71,275
09/26/2011,SUS,MO,ACE,CE,Towers with Radar,0,38,57,4,99,0,3,84,0,87,0,41,141,4,186,98,6,104,290
09/27/2011,SUS,MO,ACE,CE,Towers with Radar,1,37,89,0,127,0,1,68,0,69,1,38,157,0,196,210,0,210,406
09/28/2011,SUS,MO,ACE,CE,Towers with Radar,0,34,123,0,157,0,2,124,0,126,0,36,247,0,283,172,26,198,481
09/29/2011,SUS,MO,ACE,CE,Towers with Radar,0,33,94,0,127,0,2,71,0,73,0,35,165,0,200,88,0,88,288
09/30/2011,SUS,MO,ACE,CE,Towers with Radar,0,31,101,0,132,0,1,93,0,94,0,32,194,0,226,92,0,92,318
10/01/2011,SUS,MO,ACE,CE,Towers with Radar,0,13,41,1,55,0,2,102,2,106,0,15,143,3,161,81,0,81,242
10/02/2011,SUS,MO,ACE,CE,Towers with Radar,0,30,72,0,102,0,3,114,0,117,0,33,186,0,219,118,0,118,337
10/03/2011,SUS,MO,ACE,CE,Towers with Radar,0,38,140,10,188,0,0,93,17,110,0,38,233,27,298,147,6,153,451
10/04/2011,SUS,MO,ACE,CE,Towers with Radar,0,34,110,17,161,0,0,52,1,53,0,34,162,18,214,100,14,114,328
10/05/2011,SUS,MO,ACE,CE,Towers with Radar,0,33,101,0,134,0,5,107,1,113,0,38,208,1,247,124,22,146,393
10/06/2011,SUS,MO,ACE,CE,Towers with Radar,0,38,129,6,173,0,8,81,0,89,0,46,210,6,262,47,0,47,309
10/07/2011,SUS,MO,ACE,CE,Towers with Radar,0,29,57,13,99,0,1,74,1,76,0,30,131,14,175,47,2,49,224
10/08/2011,SUS,MO,ACE,CE,Towers with Radar,0,16,35,16,67,0,0,112,1,113,0,16,147,17,180,98,16,114,294
10/09/2011,SUS,MO,ACE,CE,Towers with Radar,0,42,66,6,114,0,2,141,8,151,0,44,207,14,265,38,0,38,303
10/10/2011,SUS,MO,ACE,CE,Towers with Radar,0,38,65,0,103,0,3,67,0,70,0,41,132,0,173,195,0,195,368
10/11/2011,SUS,MO,ACE,CE,Towers with Radar,0,30,86,0,116,0,1,70,0,71,0,31,156,0,187,196,0,196,383
10/12/2011,SUS,MO,ACE,CE,Towers with Radar,1,45,74,0,120,0,0,48,0,48,1,45,122,0,168,218,0,218,386
10/13/2011,SUS,MO,ACE,CE,Towers with Radar,0,34,97,0,131,0,5,59,0,64,0,39,156,0,195,152,0,152,347
10/14/2011,SUS,MO,ACE,CE,Towers with Radar,0,30,76,6,112,0,2,65,0,67,0,32,141,6,179,38,0,38,217
10/15/2011,SUS,MO,ACE,CE,Towers with Radar,0,24,39,1,64,0,3,106,0,109,0,27,145,1,173,165,0,165,338
10/16/2011,SUS,MO,ACE,CE,Towers with Radar,0,41,57,4,102,0,1,56,0,57,0,42,113,4,159,29,0,29,188
10/17/2011,SUS,MO,ACE,CE,Towers with Radar,0,51,72,0,123,0,0,56,0,56,0,51,128,0,179,85,0,85,264
10/18/2011,SUS,MO,ACE,CE,Towers with Radar,0,50,101,2,153,0,1,55,0,56,0,51,156,2,209,134,0,134,343
10/19/2011,SUS,MO,ACE,CE,Towers with Radar,1,40,103,1,145,0,1,24,0,25,1,41,127,1,170,26,0,26,196
10/20/2011,SUS,MO,ACE,CE,Towers with Radar,0,42,85,1,128,0,5,67,0,72,0,47,152,1,200,64,0,64,264
10/21/2011,SUS,MO,ACE,CE,Towers with Radar,0,25,91,7,123,0,1,129,2,132,0,26,220,9,255,138,0,138,393
10/22/2011,SUS,MO,ACE,CE,Towers with Radar,0,12,68,4,84,0,1,175,0,176,0,13,243,4,260,146,0,146,406
10/23/2011,SUS,MO,ACE,CE,Towers with Radar,0,41,59,2,102,0,0,87,1,88,0,41,146,3,190,102,0,102,292
10/24/2011,SUS,MO,ACE,CE,Towers with Radar,0,40,97,2,139,0,0,116,0,116,0,40,213,2,255,138,0,138,393
10/25/2011,SUS,MO,ACE,CE,Towers with Radar,1,25,78,0,104,0,7,26,0,33,1,32,104,0,137,16,0,16,153
10/26/2011,SUS,MO,ACE,CE,Towers with Radar,0,48,85,2,135,0,0,13,0,13,0,48,98,2,148,6,0,6,154
10/27/2011,SUS,MO,ACE,CE,Towers with Radar,0,39,104,0,143,0,2,87,2,91,0,41,191,2,234,134,0,134,368
10/28/2011,SUS,MO,ACE,CE,Towers with Radar,0,28,93,14,135,0,1,139,5,145,0,29,232,19,280,147,12,159,439
10/29/2011,SUS,MO,ACE,CE,Towers with Radar,0,14,45,19,78,0,5,130,0,135,0,19,175,19,213,136,0,136,349
10/30/2011,SUS,MO,ACE,CE,Towers with Radar,0,32,61,2,95,0,0,38,0,38,0,32,99,2,133,90,0,90,223
10/31/2011,SUS,MO,ACE,CE,Towers with Radar,0,40,85,2,127,0,0,78,0,78,0,40,163,2,205,134,0,134,339
11/01/2011,SUS,MO,ACE,CE,Towers with Radar,0,30,75,0,105,0,4,129,0,133,0,34,204,0,238,76,0,76,314
11/02/2011,SUS,MO,ACE,CE,Towers with Radar,0,30,99,2,131,0,2,67,0,69,0,32,166,2,200,10,0,10,210
11/03/2011,SUS,MO,ACE,CE,Towers with Radar,0,37,92,0,129,0,0,0,0,0,0,37,92,0,129,0,0,0,129
11/04/2011,SUS,MO,ACE,CE,Towers with Radar,1,42,72,9,124,0,2,113,12,127,1,44,185,21,251,178,2,180,431
11/05/2011,SUS,MO,ACE,CE,Towers with Radar,0,22,50,2,74,0,1,76,3,80,0,23,126,5,154,126,0,126,280
11/06/2011,SUS,MO,ACE,CE,Towers with Radar,0,39,38,2,79,0,0,28,2,30,0,39,66,4,109,20,0,20,129
11/07/2011,SUS,MO,ACE,CE,Towers with Radar,0,38,76,1,115,0,0,18,0,18,0,38,94,1,133,18,0,18,151
11/08/2011,SUS,MO,ACE,CE,Towers with Radar,0,18,67,0,85,0,2,22,0,24,0,20,89,0,109,20,0,20,129
11/09/2011,SUS,MO,ACE,CE,Towers with Radar,0,36,110,0,146,0,2,28,2,32,0,38,138,2,178,4,0,4,182
11/10/2011,SUS,MO,ACE,CE,Towers with Radar,0,29,70,6,105,0,0,57,0,57,0,29,127,6,162,49,0,49,211
11/11/2011,SUS,MO,ACE,CE,Towers with Radar,1,29,79,0,109,0,2,112,1,115,1,31,191,1,224,93,0,93,317
11/12/2011,SUS,MO,ACE,CE,Towers with Radar,0,10,24,3,37,0,4,67,2,73,0,14,91,5,110,74,0,74,184
11/13/2011,SUS,MO,ACE,CE,Towers with Radar,1,32,34,0,67,0,0,28,3,31,1,32,62,3,98,8,0,8,106
11/14/2011,SUS,MO,ACE,CE,Towers with Radar,0,29,64,2,95,0,0,31,0,31,0,29,95,2,126,10,0,10,136
11/15/2011,SUS,MO,ACE,CE,Towers with Radar,0,27,95,0,122,0,0,83,0,83,0,27,178,0,205,146,0,146,351
11/16/2011,SUS,MO,ACE,CE,Towers with Radar,0,37,85,0,122,0,0,61,2,63,0,37,146,2,185,62,0,62,247
11/17/2011,SUS,MO,ACE,CE,Towers with Radar,0,40,102,0,142,0,1,136,0,137,0,41,238,0,279,96,2,98,377
11/18/2011,SUS,MO,ACE,CE,Towers with Radar,1,42,83,2,128,0,0,32,3,35,1,42,115,5,163,6,0,6,169
11/19/2011,SUS,MO,ACE,CE,Towers with Radar,0,12,29,0,41,0,0,33,3,36,0,12,62,3,77,18,0,18,95
11/20/2011,SUS,MO,ACE,CE,Towers with Radar,0,28,38,0,66,0,0,19,0,19,0,28,57,0,85,120,0,120,205
11/21/2011,SUS,MO,ACE,CE,Towers with Radar,0,33,62,0,95,0,0,4,0,4,0,33,66,0,99,32,0,32,131
11/22/2011,SUS,MO,ACE,CE,Towers with Radar,1,37,66,0,104,0,0,1,0,1,1,37,67,0,105,0,0,0,105
11/23/2011,SUS,MO,ACE,CE,Towers with Radar,0,36,96,1,133,0,10,7,1,18,0,46,103,2,151,14,0,14,165
11/24/2011,SUS,MO,ACE,CE,Towers with Radar,0,10,28,0,38,0,0,32,0,32,0,10,60,0,70,10,0,10,80
11/25/2011,SUS,MO,ACE,CE,Towers with Radar,0,19,40,0,59,0,0,83,0,83,0,19,123,0,142,58,0,58,200
11/26/2011,SUS,MO,ACE,CE,Towers with Radar,1,20,19,0,40,0,0,6,0,6,1,20,25,0,46,10,0,10,56
11/27/2011,SUS,MO,ACE,CE,Towers with Radar,0,37,49,0,86,0,0,9,0,9,0,37,58,0,95,20,0,20,115
11/28/2011,SUS,MO,ACE,CE,Towers with Radar,0,37,60,2,99,0,3,37,0,40,0,40,97,2,139,50,0,50,189
11/29/2011,SUS,MO,ACE,CE,Towers with Radar,0,24,87,1,112,0,0,43,0,43,0,24,130,1,155,51,0,51,206
11/30/2011,SUS,MO,ACE,CE,Towers with Radar,0,29,94,6,129,0,0,134,1,135,0,29,228,7,264,184,0,184,448
12/01/2011,SUS,MO,ACE,CE,Towers with Radar,1,37,89,0,127,0,0,126,1,127,1,37,215,1,254,252,0,252,506
12/02/2011,SUS,MO,ACE,CE,Towers with Radar,0,36,88,2,126,0,0,73,1,74,0,36,161,3,200,144,0,144,344
12/03/2011,SUS,MO,ACE,CE,Towers with Radar,0,10,52,2,64,0,1,101,2,104,0,11,153,4,168,72,8,80,248
12/04/2011,SUS,MO,ACE,CE,Towers with Radar,0,31,41,1,73,0,0,14,0,14,0,31,55,1,87,124,0,124,211
12/05/2011,SUS,MO,ACE,CE,Towers with Radar,0,30,62,1,93,0,1,23,0,24,0,31,85,1,117,18,0,18,135
12/06/2011,SUS,MO,ACE,CE,Towers with Radar,0,27,64,0,91,0,1,2,0,3,0,28,66,0,94,18,0,18,112
12/07/2011,SUS,MO,ACE,CE,Towers with Radar,0,27,82,7,116,0,1,100,9,110,0,28,182,16,226,116,0,116,342
12/08/2011,SUS,MO,ACE,CE,Towers with Radar,0,34,94,1,129,0,0,92,1,93,0,34,186,2,222,96,0,96,318
12/09/2011,SUS,MO,ACE,CE,Towers with Radar,0,29,54,6,89,0,3,68,0,71,0,32,122,6,160,105,0,105,265
12/10/2011,SUS,MO,ACE,CE,Towers with Radar,0,11,63,0,74,0,1,139,0,140,0,12,202,0,214,150,0,150,364
12/11/2011,SUS,MO,ACE,CE,Towers with Radar,0,30,52,0,82,0,1,135,1,137,0,31,187,1,219,144,0,144,363
12/12/2011,SUS,MO,ACE,CE,Towers with Radar,0,35,69,2,106,0,6,93,5,104,0,41,162,7,210,116,0,116,326
12/13/2011,SUS,MO,ACE,CE,Towers with Radar,0,37,91,3,131,0,1,0,0,1,0,38,91,3,132,0,0,0,132
12/14/2011,SUS,MO,ACE,CE,Towers with Radar,0,27,55,0,82,0,0,16,1,17,0,27,71,1,99,22,0,22,121
12/15/2011,SUS,MO,ACE,CE,Towers with Radar,0,37,91,0,128,0,0,47,0,47,0,37,138,0,175,118,0,118,293
12/16/2011,SUS,MO,ACE,CE,Towers with Radar,1,36,92,12,141,0,14,118,2,134,1,50,210,14,275,138,10,148,423
12/17/2011,SUS,MO,ACE,CE,Towers with Radar,0,16,54,1,71,0,0,134,9,143,0,16,188,10,214,147,0,147,361
12/18/2011,SUS,MO,ACE,CE,Towers with Radar,0,26,55,0,81,0,1,81,3,85,0,27,136,3,166,108,0,108,274
12/19/2011,SUS,MO,ACE,CE,Towers with Radar,0,34,44,0,78,0,0,25,0,25,0,34,69,0,103,51,0,51,154
12/20/2011,SUS,MO,ACE,CE,Towers with Radar,1,38,46,0,85,0,0,0,0,0,1,38,46,0,85,0,0,0,85
12/21/2011,SUS,MO,ACE,CE,Towers with Radar,1,36,80,0,117,0,0,42,0,42,1,36,122,0,159,68,0,68,227
12/22/2011,SUS,MO,ACE,CE,Towers with Radar,0,33,56,2,91,0,0,39,0,39,0,33,95,2,130,74,0,74,204
12/23/2011,SUS,MO,ACE,CE,Towers with Radar,0,19,51,0,70,0,1,56,0,57,0,20,107,0,127,50,0,50,177
12/24/2011,SUS,MO,ACE,CE,Towers with Radar,0,12,18,0,30,0,3,81,0,84,0,15,99,0,114,48,0,48,162
12/25/2011,SUS,MO,ACE,CE,Towers with Radar,0,33,15,0,48,0,0,41,0,41,0,33,56,0,89,36,0,36,125
12/26/2011,SUS,MO,ACE,CE,Towers with Radar,2,30,69,0,101,0,0,58,0,58,2,30,127,0,159,126,0,126,285
12/27/2011,SUS,MO,ACE,CE,Towers with Radar,0,30,42,0,72,0,0,39,0,39,0,30,81,0,111,76,0,76,187
12/28/2011,SUS,MO,ACE,CE,Towers with Radar,1,25,43,0,69,0,18,84,0,102,1,43,127,0,171,230,0,230,401
12/29/2011,SUS,MO,ACE,CE,Towers with Radar,0,27,62,0,89,0,4,89,0,93,0,31,151,0,182,150,0,150,332
12/30/2011,SUS,MO,ACE,CE,Towers with Radar,1,30,21,20,72,0,0,30,0,30,1,30,51,20,102,30,0,30,132
12/31/2011,SUS,MO,ACE,CE,Towers with Radar,0,6,27,0,33,0,1,87,1,89,0,7,114,1,122,72,0,72,194
01/01/2012,SUS,MO,ACE,CE,Towers with Radar,0,34,26,0,60,0,2,9,0,11,0,36,35,0,71,0,0,0,71
01/02/2012,SUS,MO,ACE,CE,Towers with Radar,0,37,48,0,85,0,0,11,0,11,0,37,59,0,96,2,0,2,98
01/03/2012,SUS,MO,ACE,CE,Towers with Radar,0,33,75,0,108,0,1,77,0,78,0,34,152,0,186,184,0,184,370
01/04/2012,SUS,MO,ACE,CE,Towers with Radar,0,21,71,0,92,0,1,86,0,87,0,22,157,0,179,183,0,183,362
01/05/2012,SUS,MO,ACE,CE,Towers with Radar,0,18,69,0,87,0,0,103,0,103,0,18,172,0,190,58,0,58,248
01/06/2012,SUS,MO,ACE,CE,Towers with Radar,0,20,71,2,93,0,2,97,0,99,0,22,168,2,192,110,0,110,302
01/07/2012,SUS,MO,ACE,CE,Towers with Radar,0,12,44,2,58,0,5,122,1,128,0,17,166,3,186,144,0,144,330
01/08/2012,SUS,MO,ACE,CE,Towers with Radar,0,30,49,1,80,0,6,76,0,82,0,36,125,1,162,80,0,80,242
01/09/2012,SUS,MO,ACE,CE,Towers with Radar,1,32,72,0,105,0,0,86,0,86,1,32,158,0,191,122,0,122,313
01/10/2012,SUS,MO,ACE,CE,Towers with Radar,0,24,64,0,88,0,5,113,1,119,0,29,177,1,207,131,0,131,338
01/11/2012,SUS,MO,ACE,CE,Towers with Radar,0,31,61,1,93,0,0,82,1,83,0,31,143,2,176,104,0,104,280
01/12/2012,SUS,MO,ACE,CE,Towers with Radar,0,39,34,0,73,0,0,0,0,0,0,39,34,0,73,0,0,0,73
01/13/2012,SUS,MO,ACE,CE,Towers with Radar,0,25,84,3,112,0,2,57,0,59,0,27,141,3,171,86,0,86,257
01/14/2012,SUS,MO,ACE,CE,Towers with Radar,0,15,62,0,77,0,4,72,0,76,0,19,134,0,153,132,0,132,285
01/15/2012,SUS,MO,ACE,CE,Towers with Radar,0,27,50,0,77,0,2,84,0,86,0,29,134,0,163,34,0,34,197
01/16/2012,SUS,MO,ACE,CE,Towers with Radar,0,27,68,0,95,0,8,47,0,55,0,35,115,0,150,22,0,22,172
01/17/2012,SUS,MO,ACE,CE,Towers with Radar,0,24,67,2,93,0,25,11,0,36,0,49,78,2,129,9,0,9,138
01/18/2012,SUS,MO,ACE,CE,Towers with Radar,0,34,82,0,116,0,3,90,4,97,0,37,172,4,213,82,0,82,295
01/19/2012,SUS,MO,ACE,CE,Towers with Radar,0,32,103,2,137,0,2,70,0,72,0,34,173,2,209,82,0,82,291
01/20/2012,SUS,MO,ACE,CE,Towers with Radar,0,21,66,4,91,0,11,34,0,45,0,32,100,4,136,46,0,46,182
01/21/2012,SUS,MO,ACE,CE,Towers with Radar,1,10,22,0,33,0,0,22,0,22,1,10,44,0,55,147,0,147,202
01/22/2012,SUS,MO,ACE,CE,Towers with Radar,1,32,39,0,72,0,0,0,0,0,1,32,39,0,72,0,0,0,72
01/23/2012,SUS,MO,ACE,CE,Towers with Radar,0,30,76,0,106,0,0,31,0,31,0,30,107,0,137,88,0,88,225
01/24/2012,SUS,MO,ACE,CE,Towers with Radar,0,30,81,0,111,0,0,114,1,115,0,30,195,1,226,158,0,158,384
01/25/2012,SUS,MO,ACE,CE,Towers with Radar,0,33,55,2,90,0,0,0,0,0,0,33,55,2,90,0,0,0,90
01/26/2012,SUS,MO,ACE,CE,Towers with Radar,0,32,97,0,129,0,0,0,0,0,0,32,97,0,129,0,0,0,129
01/27/2012,SUS,MO,ACE,CE,Towers with Radar,0,34,86,0,120,0,1,77,0,78,0,35,163,0,198,110,0,110,308
01/28/2012,SUS,MO,ACE,CE,Towers with Radar,0,16,44,2,62,0,0,105,1,106,0,16,149,3,168,138,0,138,306
01/29/2012,SUS,MO,ACE,CE,Towers with Radar,0,37,49,0,86,0,2,111,2,115,0,39,160,2,201,138,0,138,339
01/30/2012,SUS,MO,ACE,CE,Towers with Radar,0,27,67,0,94,0,6,90,0,96,0,33,157,0,190,112,0,112,302
01/31/2012,SUS,MO,ACE,CE,Towers with Radar,0,32,66,2,100,0,1,43,1,45,0,33,109,3,145,56,0,56,201
02/01/2012,SUS,MO,ACE,CE,Towers with Radar,0,31,83,2,116,0,0,111,14,125,0,31,194,16,241,132,0,132,373
02/02/2012,SUS,MO,ACE,CE,Towers with Radar,0,23,90,3,116,0,2,117,0,119,0,25,207,3,235,94,0,94,329
02/03/2012,SUS,MO,ACE,CE,Towers with Radar,1,42,71,0,114,0,3,56,0,59,1,45,127,0,173,142,0,142,315
02/04/2012,SUS,MO,ACE,CE,Towers with Radar,0,15,30,0,45,0,0,0,0,0,0,15,30,0,45,0,0,0,45
02/05/2012,SUS,MO,ACE,CE,Towers with Radar,0,34,40,0,74,0,2,35,0,37,0,36,75,0,111,90,0,90,201
02/06/2012,SUS,MO,ACE,CE,Towers with Radar,0,37,83,0,120,0,1,52,0,53,0,38,135,0,173,102,0,102,275
02/07/2012,SUS,MO,ACE,CE,Towers with Radar,0,29,90,4,123,0,1,65,1,67,0,30,155,5,190,64,0,64,254
02/08/2012,SUS,MO,ACE,CE,Towers with Radar,0,29,82,0,111,0,0,24,6,30,0,29,106,6,141,94,0,94,235
02/09/2012,SUS,MO,ACE,CE,Towers with Radar,0,38,119,0,157,0,1,83,1,85,0,39,202,1,242,86,0,86,328
02/10/2012,SUS,MO,ACE,CE,Towers with Radar,0,31,55,0,86,0,0,3,0,3,0,31,58,0,89,18,0,18,107
02/11/2012,SUS,MO,ACE,CE,Towers with Radar,0,14,31,4,49,0,4,62,4,70,0,18,93,8,119,54,0,54,173
02/12/2012,SUS,MO,ACE,CE,Towers with Radar,0,32,64,10,106,0,3,104,3,110,0,35,168,13,216,90,4,94,310
02/13/2012,SUS,MO,ACE,CE,Towers with Radar,0,30,42,0,72,0,0,2,0,2,0,30,44,0,74,0,0,0,74
02/14/2012,SUS,MO,ACE,CE,Towers with Radar,0,32,65,2,99,0,2,18,0,20,0,34,83,2,119,76,0,76,195
02/15/2012,SUS,MO,ACE,CE,Towers with Radar,0,38,89,0,127,0,0,11,0,11,0,38,100,0,138,0,0,0,138
02/16/2012,SUS,MO,ACE,CE,Towers with Radar,0,40,123,0,163,0,0,28,0,28,0,40,151,0,191,68,0,68,259
02/17/2012,SUS,MO,ACE,CE,Towers with Radar,0,32,90,2,124,0,3,147,0,150,0,35,237,2,274,68,0,68,342
02/18/2012,SUS,MO,ACE,CE,Towers with Radar,1,20,34,2,57,0,5,117,9,131,1,25,151,11,188,77,2,79,267
02/19/2012,SUS,MO,ACE,CE,Towers with Radar,2,36,62,1,101,0,2,112,2,116,2,38,174,3,217,80,0,80,297
02/20/2012,SUS,MO,ACE,CE,Towers with Radar,0,37,65,0,102,0,5,94,0,99,0,42,159,0,201,50,0,50,251
02/21/2012,SUS,MO,ACE,CE,Towers with Radar,0,37,92,0,129,0,2,46,0,48,0,39,138,0,177,22,0,22,199
02/22/2012,SUS,MO,ACE,CE,Towers with Radar,1,32,94,0,127,0,8,69,0,77,1,40,163,0,204,184,0,184,388
02/23/2012,SUS,MO,ACE,CE,Towers with Radar,0,23,82,3,108,0,6,93,1,100,0,29,175,4,208,74,0,74,282
02/24/2012,SUS,MO,ACE,CE,Towers with Radar,0,33,50,2,85,0,0,18,3,21,0,33,68,5,106,20,0,20,126
02/25/2012,SUS,MO,ACE,CE,Towers with Radar,0,15,62,2,79,0,2,119,0,121,0,17,181,2,200,84,0,84,284
02/26/2012,SUS,MO,ACE,CE,Towers with Radar,0,41,42,2,85,0,0,42,0,42,0,41,84,2,127,26,0,26,153
02/27/2012,SUS,MO,ACE,CE,Towers with Radar,0,34,85,2,121,0,2,120,0,122,0,36,205,2,243,256,10,266,509
02/28/2012,SUS,MO,ACE,CE,Towers with Radar,0,26,98,0,124,0,2,51,0,53,0,28,149,0,177,72,0,72,249
02/29/2012,SUS,MO,ACE,CE,Towers with Radar,0,33,72,0,105,0,0,31,0,31,0,33,103,0,136,2,0,2,138
03/01/2012,SUS,MO,ACE,CE,Towers with Radar,0,38,91,0,129,0,2,156,1,159,0,40,247,1,288,170,0,170,458
03/02/2012,SUS,MO,ACE,CE,Towers with Radar,0,21,76,13,110,0,0,1,0,1,0,21,77,13,111,0,0,0,111
03/03/2012,SUS,MO,ACE,CE,Towers with Radar,0,17,35,9,61,0,1,82,2,85,0,18,117,11,146,113,0,113,259
03/04/2012,SUS,MO,ACE,CE,Towers with Radar,1,40,54,0,95,0,4,122,0,126,1,44,176,0,221,292,0,292,513
03/05/2012,SUS,MO,ACE,CE,Towers with Radar,0,41,81,0,122,0,0,105,1,106,0,41,186,1,228,144,0,144,372
03/06/2012,SUS,MO,ACE,CE,Towers with Radar,0,27,64,0,91,0,0,23,0,23,0,27,87,0,114,2,0,2,116
03/07/2012,SUS,MO,ACE,CE,Towers with Radar,0,27,82,2,111,0,4,21,0,25,0,31,103,2,136,32,0,32,168
03/08/2012,SUS,MO,ACE,CE,Towers with Radar,0,39,61,0,100,0,1,51,0,52,0,40,112,0,152,88,0,88,240
03/09/2012,SUS,MO,ACE,CE,Towers with Radar,0,23,68,9,100,0,1,128,4,133,0,24,196,13,233,194,0,194,427
03/10/2012,SUS,MO,ACE,CE,Towers with Radar,1,26,49,21,97,0,1,166,16,183,1,27,215,37,280,148,50,198,478
03/11/2012,SUS,MO,ACE,CE,Towers with Radar,0,31,43,1,75,0,0,27,1,28,0,31,70,2,103,136,0,136,239
03/12/2012,SUS,MO,ACE,CE,Towers with Radar,0,30,73,1,104,0,1,63,0,64,0,31,136,1,168,46,0,46,214
03/13/2012,SUS,MO,ACE,CE,Towers with Radar,0,33,87,0,120,0,0,180,3,183,0,33,267,3,303,200,0,200,503
03/14/2012,SUS,MO,ACE,CE,Towers with Radar,0,41,72,0,113,0,1,80,0,81,0,42,152,0,194,198,0,198,392
03/15/2012,SUS,MO,ACE,CE,Towers with Radar,0,37,84,1,122,0,0,50,1,51,0,37,134,2,173,74,0,74,247
03/16/2012,SUS,MO,ACE,CE,Towers with Radar,0,31,77,6,114,0,0,79,1,80,0,31,156,7,194,171,2,173,367
03/17/2012,SUS,MO,ACE,CE,Towers with Radar,0,24,33,12,69,0,0,67,0,67,0,24,100,12,136,68,0,68,204
03/18/2012,SUS,MO,ACE,CE,Towers with Radar,0,35,59,5,99,0,6,63,3,72,0,41,122,8,171,96,0,96,267
03/19/2012,SUS,MO,ACE,CE,Towers with Radar,0,41,39,0,80,0,3,60,0,63,0,44,99,0,143,66,0,66,209
03/20/2012,SUS,MO,ACE,CE,Towers with Radar,1,30,59,0,90,0,0,55,0,55,1,30,114,0,145,32,0,32,177
03/21/2012,SUS,MO,ACE,CE,Towers with Radar,0,22,72,2,96,0,1,44,0,45,0,23,116,2,141,44,0,44,185
03/22/2012,SUS,MO,ACE,CE,Towers with Radar,0,25,81,4,110,0,1,45,0,46,0,26,126,4,156,112,0,112,268
03/23/2012,SUS,MO,ACE,CE,Towers with Radar,0,28,63,0,91,0,1,32,0,33,0,29,95,0,124,40,0,40,164
03/24/2012,SUS,MO,ACE,CE,Towers with Radar,0,18,52,0,70,0,2,85,0,87,0,20,137,0,157,80,0,80,237
03/25/2012,SUS,MO,ACE,CE,Towers with Radar,0,37,54,4,95,0,0,126,3,129,0,37,180,7,224,138,0,138,362
03/26/2012,SUS,MO,ACE,CE,Towers with Radar,0,33,71,2,106,0,0,107,0,107,0,33,178,2,213,362,0,362,575
03/27/2012,SUS,MO,ACE,CE,Towers with Radar,0,27,80,0,107,0,1,95,0,96,0,28,175,0,203,40,0,40,243
03/28/2012,SUS,MO,ACE,CE,Towers with Radar,3,32,91,0,126,0,7,140,1,148,3,39,231,1,274,102,0,102,376
03/29/2012,SUS,MO,ACE,CE,Towers with Radar,0,35,79,2,116,0,2,84,3,89,0,37,163,5,205,146,0,146,351
03/30/2012,SUS,MO,ACE,CE,Towers with Radar,1,37,86,0,124,0,1,97,0,98,1,38,183,0,222,195,0,195,417
03/31/2012,SUS,MO,ACE,CE,Towers with Radar,0,20,52,0,72,0,4,129,0,133,0,24,181,0,205,156,0,156,361
04/01/2012,SUS,MO,ACE,CE,Towers with Radar,0,29,43,2,74,0,0,114,0,114,0,29,157,2,188,78,0,78,266
04/02/2012,SUS,MO,ACE,CE,Towers with Radar,0,37,70,0,107,0,1,106,4,111,0,38,176,4,218,203,0,203,421
04/03/2012,SUS,MO,ACE,CE,Towers with Radar,0,32,77,0,109,0,0,97,0,97,0,32,174,0,206,98,0,98,304
04/04/2012,SUS,MO,ACE,CE,Towers with Radar,0,34,73,0,107,0,0,16,0,16,0,34,89,0,123,46,0,46,169
04/05/2012,SUS,MO,ACE,CE,Towers with Radar,0,40,89,0,129,0,0,27,0,27,0,40,116,0,156,110,0,110,266
04/06/2012,SUS,MO,ACE,CE,Towers with Radar,0,26,88,0,114,0,3,160,0,163,0,29,248,0,277,159,0,159,436
04/07/2012,SUS,MO,ACE,CE,Towers with Radar,0,18,41,1,60,0,4,80,0,84,0,22,121,1,144,80,0,80,224
04/08/2012,SUS,MO,ACE,CE,Towers with Radar,0,33,47,1,81,0,0,80,1,81,0,33,127,2,162,72,4,76,238
04/09/2012,SUS,MO,ACE,CE,Towers with Radar,0,31,85,0,116,0,2,114,0,116,0,33,199,0,232,84,0,84,316
04/10/2012,SUS,MO,ACE,CE,Towers with Radar,0,37,68,1,106,0,5,97,1,103,0,42,165,2,209,98,0,98,307
04/11/2012,SUS,MO,ACE,CE,Towers with Radar,0,33,87,0,120,0,12,133,9,154,0,45,220,9,274,138,0,138,412
04/12/2012,SUS,MO,ACE,CE,Towers with Radar,0,30,105,0,135,0,0,113,1,114,0,30,218,1,249,156,0,156,405
04/13/2012,SUS,MO,ACE,CE,Towers with Radar,1,39,58,1,99,0,0,21,0,21,1,39,79,1,120,3,0,3,123
04/14/2012,SUS,MO,ACE,CE,Towers with Radar,0,11,22,0,33,0,4,16,0,20,0,15,38,0,53,16,0,16,69
04/15/2012,SUS,MO,ACE,CE,Towers with Radar,1,28,33,0,62,0,0,8,2,10,1,28,41,2,72,0,0,0,72
04/16/2012,SUS,MO,ACE,CE,Towers with Radar,0,38,79,2,119,0,0,58,0,58,0,38,137,2,177,88,0,88,265
04/17/2012,SUS,MO,ACE,CE,Towers with Radar,0,34,94,6,134,0,11,120,0,131,0,45,214,6,265,184,0,184,449
04/18/2012,SUS,MO,ACE,CE,Towers with Radar,0,39,96,2,137,0,2,114,0,116,0,41,210,2,253,122,0,122,375
04/19/2012,SUS,MO,ACE,CE,Towers with Radar,0,43,90,0,133,0,2,97,0,99,0,45,187,0,232,74,0,74,306
04/20/2012,SUS,MO,ACE,CE,Towers with Radar,1,28,72,4,105,0,0,18,0,18,1,28,90,4,123,81,0,81,204
04/21/2012,SUS,MO,ACE,CE,Towers with Radar,0,13,42,6,61,0,6,142,2,150,0,19,184,8,211,146,12,158,369
04/22/2012,SUS,MO,ACE,CE,Towers with Radar,0,33,69,2,104,0,0,67,0,67,0,33,136,2,171,142,0,142,313
04/23/2012,SUS,MO,ACE,CE,Towers with Radar,0,40,78,0,118,0,2,91,0,93,0,42,169,0,211,78,0,78,289
04/24/2012,SUS,MO,ACE,CE,Towers with Radar,0,36,81,2,119,0,2,102,2,106,0,38,183,4,225,280,0,280,505
04/25/2012,SUS,MO,ACE,CE,Towers with Radar,1,45,92,2,140,0,0,92,1,93,1,45,184,3,233,192,0,192,425
04/26/2012,SUS,MO,ACE,CE,Towers with Radar,0,21,97,5,123,0,1,104,0,105,0,22,201,5,228,139,0,139,367
04/27/2012,SUS,MO,ACE,CE,Towers with Radar,0,27,55,0,82,0,1,40,0,41,0,28,95,0,123,131,0,131,254
04/28/2012,SUS,MO,ACE,CE,Towers with Radar,0,10,47,0,57,0,0,72,0,72,0,10,119,0,129,189,0,189,318
04/29/2012,SUS,MO,ACE,CE,Towers with Radar,0,21,66,0,87,0,0,3,0,3,0,21,69,0,90,0,0,0,90
04/30/2012,SUS,MO,ACE,CE,Towers with Radar,0,36,73,0,109,0,0,35,0,35,0,36,108,0,144,112,0,112,256
05/01/2012,SUS,MO,ACE,CE,Towers with Radar,2,19,89,0,110,0,0,51,0,51,2,19,140,0,161,110,0,110,271
05/02/2012,SUS,MO,ACE,CE,Towers with Radar,0,35,104,0,139,0,5,92,0,97,0,40,196,0,236,30,0,30,266
05/03/2012,SUS,MO,ACE,CE,Towers with Radar,0,40,91,0,131,0,0,98,0,98,0,40,189,0,229,124,0,124,353
05/04/2012,SUS,MO,ACE,CE,Towers with Radar,0,23,90,2,115,0,0,71,0,71,0,23,161,2,186,130,0,130,316
05/05/2012,SUS,MO,ACE,CE,Towers with Radar,0,16,65,3,84,0,2,134,2,138,0,18,199,5,222,181,2,183,405
05/06/2012,SUS,MO,ACE,CE,Towers with Radar,1,38,56,7,102,0,0,89,3,92,1,38,145,10,194,204,0,204,398
05/07/2012,SUS,MO,ACE,CE,Towers with Radar,1,35,90,0,126,0,0,19,0,19,1,35,109,0,145,96,0,96,241
05/08/2012,SUS,MO,ACE,CE,Towers with Radar,0,29,99,0,128,0,3,97,0,100,0,32,196,0,228,158,0,158,386
05/09/2012,SUS,MO,ACE,CE,Towers with Radar,0,29,105,0,134,0,1,115,4,120,0,30,220,4,254,199,0,199,453
05/10/2012,SUS,MO,ACE,CE,Towers with Radar,0,33,91,2,126,0,0,128,0,128,0,33,219,2,254,165,0,165,419
05/11/2012,SUS,MO,ACE,CE,Towers with Radar,0,36,102,3,141,0,3,117,0,120,0,39,219,3,261,114,0,114,375
05/12/2012,SUS,MO,ACE,CE,Towers with Radar,0,16,44,1,61,0,4,105,0,109,0,20,149,1,170,203,0,203,373
05/13/2012,SUS,MO,ACE,CE,Towers with Radar,0,36,39,3,78,0,1,44,2,47,0,37,83,5,125,92,6,98,223
05/14/2012,SUS,MO,ACE,CE,Towers with Radar,0,41,79,6,126,0,3,103,2,108,0,44,182,8,234,260,0,260,494
05/15/2012,SUS,MO,ACE,CE,Towers with Radar,0,35,85,2,122,0,0,117,1,118,0,35,202,3,240,116,0,116,356
05/16/2012,SUS,MO,ACE,CE,Towers with Radar,0,43,103,2,148,0,4,86,1,91,0,47,189,3,239,120,0,120,359
05/17/2012,SUS,MO,ACE,CE,Towers with Radar,0,31,83,0,114,0,0,151,0,151,0,31,234,0,265,172,0,172,437
05/18/2012,SUS,MO,ACE,CE,Towers with Radar,0,30,89,5,124,0,3,112,1,116,0,33,201,6,240,188,0,188,428
05/19/2012,SUS,MO,ACE,CE,Towers with Radar,0,13,54,8,75,0,1,138,7,146,0,14,192,15,221,148,0,148,369
05/20/2012,SUS,MO,ACE,CE,Towers with Radar,0,35,43,2,80,0,0,69,1,70,0,35,112,3,150,214,0,214,364
05/21/2012,SUS,MO,ACE,CE,Towers with Radar,0,41,67,3,111,0,0,65,1,66,0,41,132,4,177,84,0,84,261
05/22/2012,SUS,MO,ACE,CE,Towers with Radar,0,36,80,4,120,0,2,141,1,144,0,38,221,5,264,206,0,206,470
05/23/2012,SUS,MO,ACE,CE,Towers with Radar,0,51,81,0,132,0,0,93,0,93,0,51,174,0,225,106,0,106,331
05/24/2012,SUS,MO,ACE,CE,Towers with Radar,0,39,83,0,122,0,2,28,0,30,0,41,111,0,152,16,0,16,168
05/25/2012,SUS,MO,ACE,CE,Towers with Radar,0,27,78,0,105,0,10,117,0,127,0,37,195,0,232,154,0,154,386
05/26/2012,SUS,MO,ACE,CE,Towers with Radar,0,11,34,0,45,0,0,111,1,112,0,11,145,1,157,123,0,123,280
05/27/2012,SUS,MO,ACE,CE,Towers with Radar,0,25,25,1,51,0,0,46,0,46,0,25,71,1,97,54,0,54,151
05/28/2012,SUS,MO,ACE,CE,Towers with Radar,0,21,50,0,71,0,0,75,0,75,0,21,125,0,146,70,0,70,216
05/29/2012,SUS,MO,ACE,CE,Towers with Radar,0,33,76,2,111,0,2,84,0,86,0,35,160,2,197,136,0,136,333
05/30/2012,SUS,MO,ACE,CE,Towers with Radar,0,35,102,2,139,0,6,101,0,107,0,41,203,2,246,163,0,163,409
05/31/2012,SUS,MO,ACE,CE,Towers with Radar,0,26,124,6,156,0,1,13,0,14,0,27,137,6,170,44,0,44,214
06/01/2012,SUS,MO,ACE,CE,Towers with Radar,0,26,64,17,107,0,0,57,0,57,0,26,121,17,164,121,2,123,287
06/02/2012,SUS,MO,ACE,CE,Towers with Radar,0,15,30,0,45,0,4,123,2,129,0,19,153,2,174,98,0,98,272
06/03/2012,SUS,MO,ACE,CE,Towers with Radar,0,37,60,1,98,0,4,102,0,106,0,41,162,1,204,210,0,210,414
06/04/2012,SUS,MO,ACE,CE,Towers with Radar,0,33,87,2,122,0,5,66,2,73,0,38,153,4,195,92,0,92,287
06/05/2012,SUS,MO,ACE,CE,Towers with Radar,0,24,97,2,123,0,0,115,0,115,0,24,212,2,238,184,0,184,422
06/06/2012,SUS,MO,ACE,CE,Towers with Radar,0,40,103,1,144,0,0,131,2,133,0,40,234,3,277,192,0,192,469
06/07/2012,SUS,MO,ACE,CE,Towers with Radar,0,49,83,0,132,0,3,118,1,122,0,52,201,1,254,264,0,264,518
06/08/2012,SUS,MO,ACE,CE,Towers with Radar,0,26,93,2,121,0,0,150,3,153,0,26,243,5,274,142,0,142,416
06/09/2012,SUS,MO,ACE,CE,Towers with Radar,0,9,65,7,81,0,0,115,7,122,0,9,180,14,203,124,0,124,327
06/10/2012,SUS,MO,ACE,CE,Towers with Radar,0,35,57,4,96,0,1,98,0,99,0,36,155,4,195,128,0,128,323
06/11/2012,SUS,MO,ACE,CE,Towers with Radar,0,41,42,0,83,0,0,35,0,35,0,41,77,0,118,88,0,88,206
06/12/2012,SUS,MO,ACE,CE,Towers with Radar,0,30,87,0,117,0,2,119,0,121,0,32,206,0,238,46,0,46,284
06/13/2012,SUS,MO,ACE,CE,Towers with Radar,0,32,99,0,131,0,0,127,0,127,0,32,226,0,258,263,0,263,521
06/14/2012,SUS,MO,ACE,CE,Towers with Radar,0,41,102,0,143,0,2,120,0,122,0,43,222,0,265,185,0,185,450
06/15/2012,SUS,MO,ACE,CE,Towers with Radar,0,28,87,5,120,0,3,114,0,117,0,31,201,5,237,162,0,162,399
06/16/2012,SUS,MO,ACE,CE,Towers with Radar,0,11,47,3,61,0,4,95,1,100,0,15,142,4,161,126,0,126,287
06/17/2012,SUS,MO,ACE,CE,Towers with Radar,0,28,49,3,80,0,7,76,2,85,0,35,125,5,165,60,0,60,225
06/18/2012,SUS,MO,ACE,CE,Towers with Radar,0,33,81,0,114,0,0,87,0,87,0,33,168,0,201,112,0,112,313
06/19/2012,SUS,MO,ACE,CE,Towers with Radar,0,33,70,0,103,0,1,65,0,66,0,34,135,0,169,100,0,100,269
06/20/2012,SUS,MO,ACE,CE,Towers with Radar,0,26,121,0,147,0,4,99,0,103,0,30,220,0,250,92,0,92,342
06/21/2012,SUS,MO,ACE,CE,Towers with Radar,0,31,113,0,144,0,2,97,0,99,0,33,210,0,243,224,0,224,467
06/22/2012,SUS,MO,ACE,CE,Towers with Radar,0,21,87,7,115,0,2,134,1,137,0,23,221,8,252,213,0,213,465
06/23/2012,SUS,MO,ACE,CE,Towers with Radar,0,18,40,13,71,0,8,140,1,149,0,26,180,14,220,248,18,266,486
06/24/2012,SUS,MO,ACE,CE,Towers with Radar,0,40,63,11,114,0,5,109,1,115,0,45,172,12,229,124,0,124,353
06/25/2012,SUS,MO,ACE,CE,Towers with Radar,0,46,87,2,135,0,0,80,0,80,0,46,167,2,215,116,0,116,331
06/26/2012,SUS,MO,ACE,CE,Towers with Radar,0,36,105,0,141,0,6,100,1,107,0,42,205,1,248,94,0,94,342
06/27/2012,SUS,MO,ACE,CE,Towers with Radar,0,40,93,0,133,0,4,109,0,113,0,44,202,0,246,134,0,134,380
06/28/2012,SUS,MO,ACE,CE,Towers with Radar,0,34,81,0,115,0,2,103,2,107,0,36,184,2,222,196,0,196,418
06/29/2012,SUS,MO,ACE,CE,Towers with Radar,0,34,75,3,112,0,0,102,0,102,0,34,177,3,214,126,0,126,340
06/30/2012,SUS,MO,ACE,CE,Towers with Radar,0,21,53,29,103,0,3,95,17,115,0,24,148,46,218,226,0,226,444
07/01/2012,SUS,MO,ACE,CE,Towers with Radar,0,36,40,6,82,0,1,69,2,72,0,37,109,8,154,144,0,144,298
07/02/2012,SUS,MO,ACE,CE,Towers with Radar,0,20,60,6,86,0,0,62,0,62,0,20,122,6,148,86,0,86,234
07/03/2012,SUS,MO,ACE,CE,Towers with Radar,0,20,58,0,78,0,0,91,0,91,0,20,149,0,169,126,0,126,295
07/04/2012,SUS,MO,ACE,CE,Towers with Radar,0,10,22,1,33,0,0,82,1,83,0,10,104,2,116,84,0,84,200
07/05/2012,SUS,MO,ACE,CE,Towers with Radar,0,16,62,0,78,0,0,81,1,82,0,16,143,1,160,173,0,173,333
07/06/2012,SUS,MO,ACE,CE,Towers with Radar,0,19,56,0,75,0,0,74,2,76,0,19,130,2,151,79,22,101,252
07/07/2012,SUS,MO,ACE,CE,Towers with Radar,0,14,26,15,55,0,3,91,11,105,0,17,117,26,160,140,0,140,300
07/08/2012,SUS,MO,ACE,CE,Towers with Radar,0,38,58,0,96,0,5,74,7,86,0,43,132,7,182,128,0,128,310
07/09/2012,SUS,MO,ACE,CE,Towers with Radar,0,40,72,0,112,0,46,80,0,126,0,86,152,0,238,152,0,152,390
07/10/2012,SUS,MO,ACE,CE,Towers with Radar,0,32,71,0,103,0,2,136,0,138,0,34,207,0,241,261,0,261,502
07/11/2012,SUS,MO,ACE,CE,Towers with Radar,0,31,78,3,112,0,1,117,1,119,0,32,195,4,231,94,0,94,325
07/12/2012,SUS,MO,ACE,CE,Towers with Radar,0,37,101,0,138,0,9,102,0,111,0,46,203,0,249,194,0,194,443
07/13/2012,SUS,MO,ACE,CE,Towers with Radar,0,23,64,25,112,0,2,80,1,83,0,25,144,26,195,183,2,185,380
07/14/2012,SUS,MO,ACE,CE,Towers with Radar,0,20,43,0,63,0,0,67,1,68,0,20,110,1,131,140,0,140,271
07/15/2012,SUS,MO,ACE,CE,Towers with Radar,0,33,37,11,81,0,3,118,2,123,0,36,155,13,204,151,0,151,355
07/16/2012,SUS,MO,ACE,CE,Towers with Radar,0,30,70,2,102,0,5,91,0,96,0,35,161,2,198,196,0,196,394
07/17/2012,SUS,MO,ACE,CE,Towers with Radar,0,21,76,5,102,0,4,112,1,117,0,25,188,6,219,180,0,180,399
07/18/2012,SUS,MO,ACE,CE,Towers with Radar,0,37,90,2,129,0,4,77,3,84,0,41,167,5,213,161,0,161,374
07/19/2012,SUS,MO,ACE,CE,Towers with Radar,0,43,83,2,128,0,4,90,0,94,0,47,173,2,222,130,0,130,352
07/20/2012,SUS,MO,ACE,CE,Towers with Radar,2,28,104,6,140,0,4,115,0,119,2,32,219,6,259,184,0,184,443
07/21/2012,SUS,MO,ACE,CE,Towers with Radar,0,17,58,4,79,0,0,106,1,107,0,17,164,5,186,84,0,84,270
07/22/2012,SUS,MO,ACE,CE,Towers with Radar,2,41,59,2,104,0,7,101,4,112,2,48,160,6,216,70,0,70,286
07/23/2012,SUS,MO,ACE,CE,Towers with Radar,0,34,73,2,109,0,0,96,0,96,0,34,169,2,205,120,0,120,325
07/24/2012,SUS,MO,ACE,CE,Towers with Radar,0,30,72,2,104,0,1,67,0,68,0,31,139,2,172,164,0,164,336
07/25/2012,SUS,MO,ACE,CE,Towers with Radar,0,30,103,0,133,0,2,99,0,101,0,32,202,0,234,154,0,154,388
07/26/2012,SUS,MO,ACE,CE,Towers with Radar,0,44,82,1,127,0,2,78,1,81,0,46,160,2,208,212,0,212,420
07/27/2012,SUS,MO,ACE,CE,Towers with Radar,0,34,88,0,122,0,7,73,5,85,0,41,161,5,207,130,0,130,337
07/28/2012,SUS,MO,ACE,CE,Towers with Radar,0,35,29,1,65,0,4,99,1,104,0,39,128,2,169,74,0,74,243
07/29/2012,SUS,MO,ACE,CE,Towers with Radar,0,38,60,2,100,0,2,70,0,72,0,40,130,2,172,48,0,48,220
07/30/2012,SUS,MO,ACE,CE,Towers with Radar,0,36,62,4,102,0,6,116,0,122,0,42,178,4,224,184,0,184,408
07/31/2012,SUS,MO,ACE,CE,Towers with Radar,0,25,90,2,117,0,3,104,0,107,0,28,194,2,224,198,0,198,422
08/01/2012,SUS,MO,ACE,CE,Towers with Radar,0,37,71,2,110,0,1,121,5,127,0,38,192,7,237,132,0,132,369
08/02/2012,SUS,MO,ACE,CE,Towers with Radar,0,28,107,0,135,0,8,87,0,95,0,36,194,0,230,158,0,158,388
08/03/2012,SUS,MO,ACE,CE,Towers with Radar,0,22,77,10,109,0,1,77,4,82,0,23,154,14,191,138,2,140,331
08/04/2012,SUS,MO,ACE,CE,Towers with Radar,0,14,34,1,49,0,0,38,20,58,0,14,72,21,107,40,16,56,163
08/05/2012,SUS,MO,ACE,CE,Towers with Radar,0,52,60,12,124,0,0,77,5,82,0,52,137,17,206,76,0,76,282
08/06/2012,SUS,MO,ACE,CE,Towers with Radar,0,46,93,4,143,0,2,113,2,117,0,48,206,6,260,186,0,186,446
08/07/2012,SUS,MO,ACE,CE,Towers with Radar,0,32,81,0,113,0,0,98,0,98,0,32,179,0,211,202,0,202,413
08/08/2012,SUS,MO,ACE,CE,Towers with Radar,0,46,73,0,119,0,3,79,0,82,0,49,152,0,201,127,0,127,328
08/09/2012,SUS,MO,ACE,CE,Towers with Radar,0,38,81,0,119,0,0,73,0,73,0,38,154,0,192,136,0,136,328
08/10/2012,SUS,MO,ACE,CE,Towers with Radar,0,32,62,3,97,0,0,86,0,86,0,32,148,3,183,56,0,56,239
08/11/2012,SUS,MO,ACE,CE,Towers with Radar,0,10,68,0,78,0,4,115,0,119,0,14,183,0,197,66,0,66,263
08/12/2012,SUS,MO,ACE,CE,Towers with Radar,0,45,42,0,87,0,3,101,0,104,0,48,143,0,191,176,0,176,367
08/13/2012,SUS,MO,ACE,CE,Towers with Radar,0,36,88,0,124,0,6,95,0,101,0,42,183,0,225,176,0,176,401
08/14/2012,SUS,MO,ACE,CE,Towers with Radar,0,33,66,3,102,0,1,126,0,127,0,34,192,3,229,164,0,164,393
08/15/2012,SUS,MO,ACE,CE,Towers with Radar,0,25,76,2,103,0,7,109,1,117,0,32,185,3,220,94,0,94,314
08/16/2012,SUS,MO,ACE,CE,Towers with Radar,0,38,77,2,117,0,0,42,0,42,0,38,119,2,159,96,0,96,255
08/17/2012,SUS,MO,ACE,CE,Towers with Radar,0,33,68,3,104,0,5,107,0,112,0,38,175,3,216,116,0,116,332
08/18/2012,SUS,MO,ACE,CE,Towers with Radar,0,22,44,4,70,0,0,131,10,141,0,22,175,14,211,164,12,176,387
08/19/2012,SUS,MO,ACE,CE,Towers with Radar,0,39,47,13,99,0,1,99,3,103,0,40,146,16,202,112,8,120,322
08/20/2012,SUS,MO,ACE,CE,Towers with Radar,0,35,72,2,109,0,1,68,0,69,0,36,140,2,178,96,0,96,274
08/21/2012,SUS,MO,ACE,CE,Towers with Radar,0,37,78,0,115,0,0,82,4,86,0,37,160,4,201,85,0,85,286
08/22/2012,SUS,MO,ACE,CE,Towers with Radar,0,31,84,0,115,0,3,114,2,119,0,34,198,2,234,73,0,73,307
08/23/2012,SUS,MO,ACE,CE,Towers with Radar,0,37,104,3,144,0,4,72,1,77,0,41,176,4,221,180,0,180,401
08/24/2012,SUS,MO,ACE,CE,Towers with Radar,0,24,73,11,108,0,1,97,2,100,0,25,170,13,208,174,0,174,382
08/25/2012,SUS,MO,ACE,CE,Towers with Radar,0,31,55,3,89,0,2,82,2,86,0,33,137,5,175,48,4,52,227
08/26/2012,SUS,MO,ACE,CE,Towers with Radar,1,40,50,6,97,0,4,32,0,36,1,44,82,6,133,56,4,60,193
08/27/2012,SUS,MO,ACE,CE,Towers with Radar,1,28,80,2,111,0,4,40,0,44,1,32,120,2,155,92,0,92,247
08/28/2012,SUS,MO,ACE,CE,Towers with Radar,0,24,94,1,119,0,0,84,3,87,0,24,178,4,206,142,0,142,348
08/29/2012,SUS,MO,ACE,CE,Towers with Radar,0,51,73,1,125,0,1,145,2,148,0,52,218,3,273,130,0,130,403
08/30/2012,SUS,MO,ACE,CE,Towers with Radar,0,28,106,2,136,0,0,140,0,140,0,28,246,2,276,226,0,226,502
08/31/2012,SUS,MO,ACE,CE,Towers with Radar,0,20,57,0,77,0,0,5,2,7,0,20,62,2,84,22,0,22,106
09/01/2012,SUS,MO,ACE,CE,Towers with Radar,0,8,23,0,31,0,0,6,0,6,0,8,29,0,37,6,0,6,43
09/02/2012,SUS,MO,ACE,CE,Towers with Radar,0,20,34,0,54,0,0,3,0,3,0,20,37,0,57,2,0,2,59
09/03/2012,SUS,MO,ACE,CE,Towers with Radar,0,44,45,8,97,0,1,60,6,67,0,45,105,14,164,130,0,130,294
09/04/2012,SUS,MO,ACE,CE,Towers with Radar,0,26,75,0,101,0,0,69,0,69,0,26,144,0,170,160,0,160,330
09/05/2012,SUS,MO,ACE,CE,Towers with Radar,1,44,82,0,127,0,5,55,0,60,1,49,137,0,187,126,0,126,313
09/06/2012,SUS,MO,ACE,CE,Towers with Radar,0,37,89,2,128,0,4,71,0,75,0,41,160,2,203,46,0,46,249
09/07/2012,SUS,MO,ACE,CE,Towers with Radar,0,16,73,0,89,0,1,50,0,51,0,17,123,0,140,192,0,192,332
09/08/2012,SUS,MO,ACE,CE,Towers with Radar,0,24,44,0,68,0,6,111,0,117,0,30,155,0,185,138,0,138,323
09/09/2012,SUS,MO,ACE,CE,Towers with Radar,0,28,69,3,100,0,3,122,1,126,0,31,191,4,226,120,0,120,346
09/10/2012,SUS,MO,ACE,CE,Towers with Radar,0,39,70,4,113,0,1,100,0,101,0,40,170,4,214,274,0,274,488
09/11/2012,SUS,MO,ACE,CE,Towers with Radar,0,32,83,2,117,0,7,126,0,133,0,39,209,2,250,164,2,166,416
09/12/2012,SUS,MO,ACE,CE,Towers with Radar,0,47,92,0,139,0,8,110,4,122,0,55,202,4,261,152,0,152,413
09/13/2012,SUS,MO,ACE,CE,Towers with Radar,0,40,83,2,125,0,5,105,2,112,0,45,188,4,237,108,0,108,345
09/14/2012,SUS,MO,ACE,CE,Towers with Radar,0,34,84,2,120,0,0,57,0,57,0,34,141,2,177,140,0,140,317
09/15/2012,SUS,MO,ACE,CE,Towers with Radar,0,21,61,0,82,0,4,110,2,116,0,25,171,2,198,94,0,94,292
09/16/2012,SUS,MO,ACE,CE,Towers with Radar,0,36,72,4,112,0,2,58,0,60,0,38,130,4,172,208,0,208,380
09/17/2012,SUS,MO,ACE,CE,Towers with Radar,0,27,73,0,100,0,0,28,0,28,0,27,101,0,128,78,0,78,206
09/18/2012,SUS,MO,ACE,CE,Towers with Radar,0,29,72,2,103,0,2,82,1,85,0,31,154,3,188,136,0,136,324
09/19/2012,SUS,MO,ACE,CE,Towers with Radar,0,28,88,0,116,0,0,101,0,101,0,28,189,0,217,116,0,116,333
09/20/2012,SUS,MO,ACE,CE,Towers with Radar,0,25,82,0,107,0,2,107,0,109,0,27,189,0,216,166,0,166,382
09/21/2012,SUS,MO,ACE,CE,Towers with Radar,0,33,75,5,113,0,9,89,0,98,0,42,164,5,211,124,2,126,337
09/22/2012,SUS,MO,ACE,CE,Towers with Radar,0,11,37,2,50,0,2,98,0,100,0,13,135,2,150,66,0,66,216
09/23/2012,SUS,MO,ACE,CE,Towers with Radar,0,41,68,11,120,0,1,143,0,144,0,42,211,11,264,155,0,155,419
09/24/2012,SUS,MO,ACE,CE,Towers with Radar,0,32,77,1,110,0,1,100,0,101,0,33,177,1,211,106,0,106,317
09/25/2012,SUS,MO,ACE,CE,Towers with Radar,0,28,78,2,108,0,0,48,0,48,0,28,126,2,156,66,0,66,222
09/26/2012,SUS,MO,ACE,CE,Towers with Radar,0,31,76,0,107,0,0,78,0,78,0,31,154,0,185,74,0,74,259
09/27/2012,SUS,MO,ACE,CE,Towers with Radar,0,47,73,0,120,0,0,19,0,19,0,47,92,0,139,74,0,74,213
09/28/2012,SUS,MO,ACE,CE,Towers with Radar,0,24,95,1,120,0,2,99,2,103,0,26,194,3,223,157,0,157,380
09/29/2012,SUS,MO,ACE,CE,Towers with Radar,0,17,45,2,64,0,0,175,5,180,0,17,220,7,244,133,0,133,377
09/30/2012,SUS,MO,ACE,CE,Towers with Radar,0,40,63,3,106,0,2,109,2,113,0,42,172,5,219,84,2,86,305
10/01/2012,SUS,MO,ACE,CE,Towers with Radar,0,30,92,2,124,0,0,87,0,87,0,30,179,2,211,71,0,71,282
10/02/2012,SUS,MO,ACE,CE,Towers with Radar,0,28,93,0,121,0,0,74,0,74,0,28,167,0,195,138,0,138,333
10/03/2012,SUS,MO,ACE,CE,Towers with Radar,0,32,97,0,129,0,1,99,0,100,0,33,196,0,229,150,0,150,379
10/04/2012,SUS,MO,ACE,CE,Towers with Radar,0,40,101,0,141,0,0,104,3,107,0,40,205,3,248,228,0,228,476
10/05/2012,SUS,MO,ACE,CE,Towers with Radar,0,47,75,0,122,0,0,4,0,4,0,47,79,0,126,0,0,0,126
10/06/2012,SUS,MO,ACE,CE,Towers with Radar,0,13,44,1,58,0,3,102,6,111,0,16,146,7,169,142,0,142,311
10/07/2012,SUS,MO,ACE,CE,Towers with Radar,0,40,61,1,102,0,0,126,1,127,0,40,187,2,229,122,0,122,351
10/08/2012,SUS,MO,ACE,CE,Towers with Radar,0,33,69,0,102,0,0,94,0,94,0,33,163,0,196,172,0,172,368
10/09/2012,SUS,MO,ACE,CE,Towers with Radar,0,27,90,3,120,0,1,96,0,97,0,28,186,3,217,168,22,190,407
10/10/2012,SUS,MO,ACE,CE,Towers with Radar,0,54,89,2,145,0,4,107,0,111,0,58,196,2,256,188,0,188,444
10/11/2012,SUS,MO,ACE,CE,Towers with Radar,0,27,84,2,113,0,5,82,0,87,0,32,166,2,200,124,0,124,324
10/12/2012,SUS,MO,ACE,CE,Towers with Radar,0,35,78,5,118,0,0,81,4,85,0,35,159,9,203,238,4,242,445
10/13/2012,SUS,MO,ACE,CE,Towers with Radar,0,18,37,0,55,0,1,38,0,39,0,19,75,0,94,92,0,92,186
10/14/2012,SUS,MO,ACE,CE,Towers with Radar,0,39,50,8,97,0,1,42,0,43,0,40,92,8,140,4,0,4,144
10/15/2012,SUS,MO,ACE,CE,Towers with Radar,0,33,85,1,119,0,2,114,0,116,0,35,199,1,235,152,0,152,387
10/16/2012,SUS,MO,ACE,CE,Towers with Radar,0,30,82,0,112,0,2,99,0,101,0,32,181,0,213,192,0,192,405
10/17/2012,SUS,MO,ACE,CE,Towers with Radar,0,39,87,3,129,0,1,34,2,37,0,40,121,5,166,156,0,156,322
10/18/2012,SUS,MO,ACE,CE,Towers with Radar,0,22,94,1,117,0,1,50,0,51,0,23,144,1,168,130,0,130,298
10/19/2012,SUS,MO,ACE,CE,Towers with Radar,0,36,90,6,132,0,1,43,2,46,0,37,133,8,178,132,0,132,310
10/20/2012,SUS,MO,ACE,CE,Towers with Radar,1,23,51,0,75,0,2,141,1,144,1,25,192,1,219,188,0,188,407
10/21/2012,SUS,MO,ACE,CE,Towers with Radar,0,41,56,1,98,0,2,108,0,110,0,43,164,1,208,127,0,127,335
10/22/2012,SUS,MO,ACE,CE,Towers with Radar,0,32,70,0,102,0,0,38,0,38,0,32,108,0,140,52,0,52,192
10/23/2012,SUS,MO,ACE,CE,Towers with Radar,0,28,78,0,106,0,2,45,0,47,0,30,123,0,153,42,0,42,195
10/24/2012,SUS,MO,ACE,CE,Towers with Radar,0,37,94,1,132,0,0,103,2,105,0,37,197,3,237,82,0,82,319
10/25/2012,SUS,MO,ACE,CE,Towers with Radar,0,29,88,0,117,0,0,49,0,49,0,29,137,0,166,108,0,108,274
10/26/2012,SUS,MO,ACE,CE,Towers with Radar,0,27,84,5,116,0,1,63,0,64,0,28,147,5,180,54,0,54,234
10/27/2012,SUS,MO,ACE,CE,Towers with Radar,0,17,44,0,61,0,5,121,1,127,0,22,165,1,188,114,0,114,302
10/28/2012,SUS,MO,ACE,CE,Towers with Radar,0,42,57,0,99,0,2,131,0,133,0,44,188,0,232,212,0,212,444
10/29/2012,SUS,MO,ACE,CE,Towers with Radar,0,23,79,0,102,0,0,93,0,93,0,23,172,0,195,110,0,110,305
10/30/2012,SUS,MO,ACE,CE,Towers with Radar,0,29,59,2,90,0,0,80,0,80,0,29,139,2,170,60,2,62,232
10/31/2012,SUS,MO,ACE,CE,Towers with Radar,0,28,71,0,99,0,1,89,0,90,0,29,160,0,189,20,0,20,209
11/01/2012,SUS,MO,ACE,CE,Towers with Radar,0,44,121,0,165,0,3,100,0,103,0,47,221,0,268,161,0,161,429
11/02/2012,SUS,MO,ACE,CE,Towers with Radar,0,27,72,1,100,0,2,136,2,140,0,29,208,3,240,213,0,213,453
11/03/2012,SUS,MO,ACE,CE,Towers with Radar,0,21,52,1,74,0,2,69,0,71,0,23,121,1,145,122,0,122,267
11/04/2012,SUS,MO,ACE,CE,Towers with Radar,0,31,75,7,113,0,4,89,0,93,0,35,164,7,206,140,0,140,346
11/05/2012,SUS,MO,ACE,CE,Towers with Radar,0,38,78,0,116,0,2,29,0,31,0,40,107,0,147,60,0,60,207
11/06/2012,SUS,MO,ACE,CE,Towers with Radar,0,33,85,2,120,0,2,65,2,69,0,35,150,4,189,224,0,224,413
11/07/2012,SUS,MO,ACE,CE,Towers with Radar,0,32,79,0,111,0,3,63,0,66,0,35,142,0,177,178,0,178,355
11/08/2012,SUS,MO,ACE,CE,Towers with Radar,0,34,93,0,127,0,3,108,0,111,0,37,201,0,238,276,0,276,514
11/09/2012,SUS,MO,ACE,CE,Towers with Radar,0,18,69,0,87,0,1,82,2,85,0,19,151,2,172,41,0,41,213
11/10/2012,SUS,MO,ACE,CE,Towers with Radar,0,14,31,0,45,0,0,49,0,49,0,14,80,0,94,24,0,24,118
11/11/2012,SUS,MO,ACE,CE,Towers with Radar,0,25,43,0,68,0,0,3,0,3,0,25,46,0,71,0,0,0,71
11/12/2012,SUS,MO,ACE,CE,Towers with Radar,0,30,63,0,93,0,0,81,0,81,0,30,144,0,174,76,0,76,250
11/13/2012,SUS,MO,ACE,CE,Towers with Radar,0,35,85,0,120,0,2,97,0,99,0,37,182,0,219,86,0,86,305
11/14/2012,SUS,MO,ACE,CE,Towers with Radar,0,50,101,0,151,0,3,120,0,123,0,53,221,0,274,204,0,204,478
11/15/2012,SUS,MO,ACE,CE,Towers with Radar,0,41,97,0,138,0,0,146,0,146,0,41,243,0,284,337,0,337,621
11/16/2012,SUS,MO,ACE,CE,Towers with Radar,0,37,97,4,138,0,5,165,3,173,0,42,262,7,311,304,2,306,617
11/17/2012,SUS,MO,ACE,CE,Towers with Radar,0,19,60,8,87,0,5,190,1,196,0,24,250,9,283,164,0,164,447
11/18/2012,SUS,MO,ACE,CE,Towers with Radar,0,24,44,0,68,0,1,148,0,149,0,25,192,0,217,308,0,308,525
11/19/2012,SUS,MO,ACE,CE,Towers with Radar,0,42,72,0,114,0,0,93,0,93,0,42,165,0,207,130,0,130,337
11/20/2012,SUS,MO,ACE,CE,Towers with Radar,0,36,87,0,123,0,0,113,0,113,0,36,200,0,236,126,0,126,362
11/21/2012,SUS,MO,ACE,CE,Towers with Radar,0,33,58,0,91,0,0,76,0,76,0,33,134,0,167,80,0,80,247
11/22/2012,SUS,MO,ACE,CE,Towers with Radar,0,7,11,0,18,0,0,32,0,32,0,7,43,0,50,8,0,8,58
11/23/2012,SUS,MO,ACE,CE,Towers with Radar,0,13,14,0,27,0,0,56,0,56,0,13,70,0,83,24,0,24,107
11/24/2012,SUS,MO,ACE,CE,Towers with Radar,0,15,43,0,58,0,4,122,0,126,0,19,165,0,184,84,0,84,268
11/25/2012,SUS,MO,ACE,CE,Towers with Radar,0,34,73,0,107,0,2,95,0,97,0,36,168,0,204,138,0,138,342
11/26/2012,SUS,MO,ACE,CE,Towers with Radar,0,33,84,0,117,0,10,54,0,64,0,43,138,0,181,168,0,168,349
11/27/2012,SUS,MO,ACE,CE,Towers with Radar,0,19,69,1,89,0,1,61,0,62,0,20,130,1,151,92,0,92,243
11/28/2012,SUS,MO,ACE,CE,Towers with Radar,0,41,80,2,123,0,2,109,1,112,0,43,189,3,235,141,0,141,376
11/29/2012,SUS,MO,ACE,CE,Towers with Radar,0,28,111,0,139,0,0,86,3,89,0,28,197,3,228,88,1,89,317
11/30/2012,SUS,MO,ACE,CE,Towers with Radar,0,12,72,3,87,0,2,82,0,84,0,14,154,3,171,142,24,166,337
12/01/2012,SUS,MO,ACE,CE,Towers with Radar,0,11,37,1,49,0,2,53,0,55,0,13,90,1,104,100,0,100,204
12/02/2012,SUS,MO,ACE,CE,Towers with Radar,0,26,71,1,98,0,0,66,0,66,0,26,137,1,164,132,0,132,296
12/03/2012,SUS,MO,ACE,CE,Towers with Radar,0,16,61,4,81,0,0,45,0,45,0,16,106,4,126,80,0,80,206
12/04/2012,SUS,MO,ACE,CE,Towers with Radar,0,36,66,2,104,0,0,86,0,86,0,36,152,2,190,126,0,126,316
12/05/2012,SUS,MO,ACE,CE,Towers with Radar,0,43,93,0,136,0,2,137,0,139,0,45,230,0,275,150,0,150,425
12/06/2012,SUS,MO,ACE,CE,Towers with Radar,0,39,67,0,106,0,0,90,2,92,0,39,157,2,198,79,0,79,277
12/07/2012,SUS,MO,ACE,CE,Towers with Radar,0,39,99,0,138,0,0,18,0,18,0,39,117,0,156,100,0,100,256
12/08/2012,SUS,MO,ACE,CE,Towers with Radar,0,13,46,0,59,0,0,14,0,14,0,13,60,0,73,54,0,54,127
12/09/2012,SUS,MO,ACE,CE,Towers with Radar,0,30,37,0,67,0,0,0,0,0,0,30,37,0,67,0,0,0,67
12/10/2012,SUS,MO,ACE,CE,Towers with Radar,0,32,75,0,107,0,1,44,0,45,0,33,119,0,152,128,0,128,280
12/11/2012,SUS,MO,ACE,CE,Towers with Radar,0,41,84,0,125,0,3,120,0,123,0,44,204,0,248,214,0,214,462
12/12/2012,SUS,MO,ACE,CE,Towers with Radar,0,38,101,0,139,0,1,90,1,92,0,39,191,1,231,82,0,82,313
12/13/2012,SUS,MO,ACE,CE,Towers with Radar,0,34,94,0,128,0,2,121,1,124,0,36,215,1,252,205,0,205,457
12/14/2012,SUS,MO,ACE,CE,Towers with Radar,0,20,86,0,106,0,0,138,1,139,0,20,224,1,245,303,0,303,548
12/15/2012,SUS,MO,ACE,CE,Towers with Radar,0,20,47,1,68,0,4,52,3,59,0,24,99,4,127,126,2,128,255
12/16/2012,SUS,MO,ACE,CE,Towers with Radar,0,28,62,0,90,0,1,136,1,138,0,29,198,1,228,376,2,378,606
12/17/2012,SUS,MO,ACE,CE,Towers with Radar,0,28,65,0,93,0,0,25,0,25,0,28,90,0,118,120,0,120,238
12/18/2012,SUS,MO,ACE,CE,Towers with Radar,0,29,66,2,97,0,4,96,3,103,0,33,162,5,200,162,2,164,364
12/19/2012,SUS,MO,ACE,CE,Towers with Radar,0,30,83,2,115,0,2,37,1,40,0,32,120,3,155,116,0,116,271
12/20/2012,SUS,MO,ACE,CE,Towers with Radar,0,36,37,0,73,0,0,0,0,0,0,36,37,0,73,0,0,0,73
12/21/2012,SUS,MO,ACE,CE,Towers with Radar,0,26,66,0,92,0,0,75,0,75,0,26,141,0,167,150,0,150,317
12/22/2012,SUS,MO,ACE,CE,Towers with Radar,0,20,47,1,68,0,1,108,2,111,0,21,155,3,179,128,0,128,307
12/23/2012,SUS,MO,ACE,CE,Towers with Radar,0,26,33,0,59,0,0,75,0,75,0,26,108,0,134,70,0,70,204
12/24/2012,SUS,MO,ACE,CE,Towers with Radar,0,15,15,0,30,0,0,2,0,2,0,15,17,0,32,0,0,0,32
12/25/2012,SUS,MO,ACE,CE,Towers with Radar,0,11,8,0,19,0,0,5,0,5,0,11,13,0,24,0,0,0,24
12/26/2012,SUS,MO,ACE,CE,Towers with Radar,0,34,50,0,84,0,4,11,0,15,0,38,61,0,99,0,0,0,99
12/27/2012,SUS,MO,ACE,CE,Towers with Radar,1,20,57,0,78,0,2,86,0,88,1,22,143,0,166,105,0,105,271
12/28/2012,SUS,MO,ACE,CE,Towers with Radar,0,19,48,4,71,0,2,50,0,52,0,21,98,4,123,118,6,124,247
12/29/2012,SUS,MO,ACE,CE,Towers with Radar,0,20,36,0,56,0,0,33,0,33,0,20,69,0,89,66,0,66,155
12/30/2012,SUS,MO,ACE,CE,Towers with Radar,0,24,63,0,87,0,1,101,1,103,0,25,164,1,190,102,0,102,292
12/31/2012,SUS,MO,ACE,CE,Towers with Radar,0,19,4,0,23,0,0,1,0,1,0,19,5,0,24,0,0,0,24
01/01/2013,SUS,MO,ACE,CE,Towers with Radar,0,18,25,0,43,0,6,25,0,31,0,24,50,0,74,12,0,12,86
01/02/2013,SUS,MO,ACE,CE,Towers with Radar,0,26,76,0,102,0,2,86,0,88,0,28,162,0,190,134,0,134,324
01/03/2013,SUS,MO,ACE,CE,Towers with Radar,1,37,57,0,95,0,0,58,2,60,1,37,115,2,155,124,0,124,279
01/04/2013,SUS,MO,ACE,CE,Towers with Radar,0,16,87,5,108,0,1,94,0,95,0,17,181,5,203,128,0,128,331
01/05/2013,SUS,MO,ACE,CE,Towers with Radar,0,25,49,0,74,0,1,93,1,95,0,26,142,1,169,94,0,94,263
01/06/2013,SUS,MO,ACE,CE,Towers with Radar,0,35,51,0,86,0,3,73,0,76,0,38,124,0,162,149,0,149,311
01/07/2013,SUS,MO,ACE,CE,Towers with Radar,0,25,39,0,64,0,3,74,0,77,0,28,113,0,141,146,0,146,287
01/08/2013,SUS,MO,ACE,CE,Towers with Radar,0,19,89,2,110,0,1,116,0,117,0,20,205,2,227,96,0,96,323
01/09/2013,SUS,MO,ACE,CE,Towers with Radar,0,31,62,2,95,0,0,129,0,129,0,31,191,2,224,302,0,302,526
01/10/2013,SUS,MO,ACE,CE,Towers with Radar,0,29,50,0,79,0,0,0,0,0,0,29,50,0,79,0,0,0,79
01/11/2013,SUS,MO,ACE,CE,Towers with Radar,0,17,66,6,89,0,3,76,4,83,0,20,142,10,172,122,8,130,302
01/12/2013,SUS,MO,ACE,CE,Towers with Radar,0,10,43,1,54,0,6,88,1,95,0,16,131,2,149,146,0,146,295
01/13/2013,SUS,MO,ACE,CE,Towers with Radar,0,32,24,0,56,0,0,8,0,8,0,32,32,0,64,50,0,50,114
01/14/2013,SUS,MO,ACE,CE,Towers with Radar,0,26,64,0,90,0,0,65,0,65,0,26,129,0,155,136,0,136,291
01/15/2013,SUS,MO,ACE,CE,Towers with Radar,0,38,98,0,136,0,1,95,2,98,0,39,193,2,234,116,0,116,350
01/16/2013,SUS,MO,ACE,CE,Towers with Radar,0,25,95,2,122,0,4,82,0,86,0,29,177,2,208,101,0,101,309
01/17/2013,SUS,MO,ACE,CE,Towers with Radar,0,34,78,0,112,0,3,63,6,72,0,37,141,6,184,118,2,120,304
01/18/2013,SUS,MO,ACE,CE,Towers with Radar,0,30,55,2,87,0,2,86,1,89,0,32,141,3,176,74,0,74,250
01/19/2013,SUS,MO,ACE,CE,Towers with Radar,1,19,27,0,47,0,6,89,0,95,1,25,116,0,142,98,0,98,240
01/20/2013,SUS,MO,ACE,CE,Towers with Radar,1,30,33,0,64,0,0,89,4,93,1,30,122,4,157,68,0,68,225
01/21/2013,SUS,MO,ACE,CE,Towers with Radar,0,36,67,0,103,0,2,47,0,49,0,38,114,0,152,98,0,98,250
01/22/2013,SUS,MO,ACE,CE,Towers with Radar,0,33,74,0,107,0,2,28,0,30,0,35,102,0,137,48,0,48,185
01/23/2013,SUS,MO,ACE,CE,Towers with Radar,0,32,73,0,105,0,0,100,2,102,0,32,173,2,207,138,0,138,345
01/24/2013,SUS,MO,ACE,CE,Towers with Radar,1,24,85,1,111,0,0,123,1,124,1,24,208,2,235,362,0,362,597
01/25/2013,SUS,MO,ACE,CE,Towers with Radar,1,16,62,2,81,0,4,119,1,124,1,20,181,3,205,268,0,268,473
01/26/2013,SUS,MO,ACE,CE,Towers with Radar,0,10,51,16,77,0,1,158,2,161,0,11,209,18,238,322,0,322,560
01/27/2013,SUS,MO,ACE,CE,Towers with Radar,1,35,32,0,68,0,0,1,0,1,1,35,33,0,69,2,0,2,71
01/28/2013,SUS,MO,ACE,CE,Towers with Radar,0,30,60,2,92,0,0,103,0,103,0,30,163,2,195,222,0,222,417
01/29/2013,SUS,MO,ACE,CE,Towers with Radar,0,38,56,0,94,0,2,8,0,10,0,40,64,0,104,0,0,0,104
01/30/2013,SUS,MO,ACE,CE,Towers with Radar,2,31,73,0,106,0,0,52,0,52,2,31,125,0,158,160,0,160,318
01/31/2013,SUS,MO,ACE,CE,Towers with Radar,0,41,88,1,130,0,3,49,0,52,0,44,137,1,182,124,0,124,306
02/01/2013,SUS,MO,ACE,CE,Towers with Radar,0,26,80,0,106,0,0,86,10,96,0,26,166,10,202,202,0,202,404
02/02/2013,SUS,MO,ACE,CE,Towers with Radar,0,16,54,2,72,0,10,86,1,97,0,26,140,3,169,112,0,112,281
02/03/2013,SUS,MO,ACE,CE,Towers with Radar,0,28,27,0,55,0,2,42,0,44,0,30,69,0,99,3,0,3,102
02/04/2013,SUS,MO,ACE,CE,Towers with Radar,0,23,81,0,104,0,2,33,0,35,0,25,114,0,139,270,0,270,409
02/05/2013,SUS,MO,ACE,CE,Towers with Radar,0,38,81,2,121,0,4,79,0,83,0,42,160,2,204,188,0,188,392
02/06/2013,SUS,MO,ACE,CE,Towers with Radar,0,32,107,0,139,0,1,159,0,160,0,33,266,0,299,344,0,344,643
02/07/2013,SUS,MO,ACE,CE,Towers with Radar,0,34,72,0,106,0,0,31,0,31,0,34,103,0,137,164,0,164,301
02/08/2013,SUS,MO,ACE,CE,Towers with Radar,0,27,72,0,99,0,0,40,0,40,0,27,112,0,139,146,0,146,285
02/09/2013,SUS,MO,ACE,CE,Towers with Radar,0,9,38,1,48,0,4,62,2,68,0,13,100,3,116,52,0,52,168
02/10/2013,SUS,MO,ACE,CE,Towers with Radar,0,31,26,0,57,0,0,10,0,10,0,31,36,0,67,0,0,0,67
02/11/2013,SUS,MO,ACE,CE,Towers with Radar,0,37,71,1,109,0,0,53,2,55,0,37,124,3,164,174,0,174,338
02/12/2013,SUS,MO,ACE,CE,Towers with Radar,1,35,78,2,116,0,0,122,0,122,1,35,200,2,238,186,0,186,424
02/13/2013,SUS,MO,ACE,CE,Towers with Radar,0,27,82,0,109,0,2,92,0,94,0,29,174,0,203,90,0,90,293
02/14/2013,SUS,MO,ACE,CE,Towers with Radar,0,21,104,0,125,0,0,91,0,91,0,21,195,0,216,190,0,190,406
02/15/2013,SUS,MO,ACE,CE,Towers with Radar,0,36,77,12,125,0,0,84,2,86,0,36,161,14,211,82,0,82,293
02/16/2013,SUS,MO,ACE,CE,Towers with Radar,0,15,41,0,56,0,5,90,1,96,0,20,131,1,152,114,0,114,266
02/17/2013,SUS,MO,ACE,CE,Towers with Radar,0,24,60,0,84,0,1,92,0,93,0,25,152,0,177,212,0,212,389
02/18/2013,SUS,MO,ACE,CE,Towers with Radar,2,33,64,0,99,0,1,1,0,2,2,34,65,0,101,16,0,16,117
02/19/2013,SUS,MO,ACE,CE,Towers with Radar,0,33,70,2,105,0,7,42,0,49,0,40,112,2,154,74,0,74,228
02/20/2013,SUS,MO,ACE,CE,Towers with Radar,0,40,104,0,144,0,0,87,0,87,0,40,191,0,231,258,0,258,489
02/21/2013,SUS,MO,ACE,CE,Towers with Radar,0,16,17,0,33,0,0,3,0,3,0,16,20,0,36,24,0,24,60
02/22/2013,SUS,MO,ACE,CE,Towers with Radar,0,31,67,1,99,0,2,85,0,87,0,33,152,1,186,292,0,292,478
02/23/2013,SUS,MO,ACE,CE,Towers with Radar,0,17,43,1,61,0,0,127,1,128,0,17,170,2,189,322,0,322,511
02/24/2013,SUS,MO,ACE,CE,Towers with Radar,0,30,57,10,97,0,0,160,4,164,0,30,217,14,261,318,4,322,583
02/25/2013,SUS,MO,ACE,CE,Towers with Radar,0,27,66,0,93,0,4,74,1,79,0,31,140,1,172,244,0,244,416
02/26/2013,SUS,MO,ACE,CE,Towers with Radar,0,22,41,0,63,0,0,0,0,0,0,22,41,0,63,0,0,0,63
02/27/2013,SUS,MO,ACE,CE,Towers with Radar,0,19,53,0,72,0,0,4,0,4,0,19,57,0,76,32,0,32,108
02/28/2013,SUS,MO,ACE,CE,Towers with Radar,0,29,64,0,93,0,0,16,0,16,0,29,80,0,109,98,0,98,207
03/01/2013,SUS,MO,ACE,CE,Towers with Radar,0,17,62,0,79,0,0,27,0,27,0,17,89,0,106,176,0,176,282
03/02/2013,SUS,MO,ACE,CE,Towers with Radar,2,22,35,0,59,0,5,64,3,72,2,27,99,3,131,168,0,168,299
03/03/2013,SUS,MO,ACE,CE,Towers with Radar,0,32,70,2,104,0,0,154,0,154,0,32,224,2,258,239,0,239,497
03/04/2013,SUS,MO,ACE,CE,Towers with Radar,0,23,57,0,80,0,1,43,1,45,0,24,100,1,125,78,0,78,203
03/05/2013,SUS,MO,ACE,CE,Towers with Radar,0,23,46,0,69,0,0,5,0,5,0,23,51,0,74,12,0,12,86
03/06/2013,SUS,MO,ACE,CE,Towers with Radar,0,31,88,0,119,0,0,74,1,75,0,31,162,1,194,146,0,146,340
03/07/2013,SUS,MO,ACE,CE,Towers with Radar,0,38,79,0,117,0,0,116,0,116,0,38,195,0,233,124,0,124,357
03/08/2013,SUS,MO,ACE,CE,Towers with Radar,0,24,84,15,123,0,2,133,0,135,0,26,217,15,258,124,0,124,382
03/09/2013,SUS,MO,ACE,CE,Towers with Radar,0,28,44,5,77,0,1,65,0,66,0,29,109,5,143,46,0,46,189
03/10/2013,SUS,MO,ACE,CE,Towers with Radar,0,31,35,0,66,0,0,2,0,2,0,31,37,0,68,22,0,22,90
03/11/2013,SUS,MO,ACE,CE,Towers with Radar,2,23,49,0,74,0,0,35,0,35,2,23,84,0,109,109,0,109,218
03/12/2013,SUS,MO,ACE,CE,Towers with Radar,0,38,53,5,96,0,1,68,0,69,0,39,121,5,165,166,0,166,331
03/13/2013,SUS,MO,ACE,CE,Towers with Radar,0,42,81,2,125,0,1,82,2,85,0,43,163,4,210,56,0,56,266
03/14/2013,SUS,MO,ACE,CE,Towers with Radar,0,52,103,0,155,0,1,89,0,90,0,53,192,0,245,166,0,166,411
03/15/2013,SUS,MO,ACE,CE,Towers with Radar,0,42,74,3,119,0,9,117,1,127,0,51,191,4,246,178,0,178,424
03/16/2013,SUS,MO,ACE,CE,Towers with Radar,0,22,61,3,86,0,0,22,0,22,0,22,83,3,108,103,0,103,211
03/17/2013,SUS,MO,ACE,CE,Towers with Radar,1,33,26,0,60,0,0,4,0,4,1,33,30,0,64,32,0,32,96
03/18/2013,SUS,MO,ACE,CE,Towers with Radar,1,37,72,0,110,0,0,35,4,39,1,37,107,4,149,34,0,34,183
03/19/2013,SUS,MO,ACE,CE,Towers with Radar,0,22,71,0,93,0,2,76,0,78,0,24,147,0,171,126,0,126,297
03/20/2013,SUS,MO,ACE,CE,Towers with Radar,0,27,68,2,97,0,1,57,6,64,0,28,125,8,161,38,0,38,199
03/21/2013,SUS,MO,ACE,CE,Towers with Radar,0,35,89,0,124,0,0,141,0,141,0,35,230,0,265,224,0,224,489
03/22/2013,SUS,MO,ACE,CE,Towers with Radar,0,24,66,0,90,0,0,99,0,99,0,24,165,0,189,211,0,211,400
03/23/2013,SUS,MO,ACE,CE,Towers with Radar,0,32,62,0,94,0,0,136,0,136,0,32,198,0,230,218,0,218,448
03/24/2013,SUS,MO,ACE,CE,Towers with Radar,0,18,15,0,33,0,0,0,0,0,0,18,15,0,33,0,0,0,33
03/25/2013,SUS,MO,ACE,CE,Towers with Radar,0,23,53,0,76,0,0,26,0,26,0,23,79,0,102,62,0,62,164
03/26/2013,SUS,MO,ACE,CE,Towers with Radar,0,25,78,0,103,0,3,71,0,74,0,28,149,0,177,108,0,108,285
03/27/2013,SUS,MO,ACE,CE,Towers with Radar,0,27,66,0,93,0,0,122,0,122,0,27,188,0,215,218,0,218,433
03/28/2013,SUS,MO,ACE,CE,Towers with Radar,0,24,79,0,103,0,6,104,0,110,0,30,183,0,213,136,0,136,349
03/29/2013,SUS,MO,ACE,CE,Towers with Radar,0,12,70,0,82,0,1,94,0,95,0,13,164,0,177,137,0,137,314
03/30/2013,SUS,MO,ACE,CE,Towers with Radar,1,22,52,0,75,0,0,51,0,51,1,22,103,0,126,50,0,50,176
03/31/2013,SUS,MO,ACE,CE,Towers with Radar,1,23,68,0,92,0,0,62,2,64,1,23,130,2,156,46,0,46,202
04/01/2013,SUS,MO,ACE,CE,Towers with Radar,0,31,82,2,115,0,6,50,3,59,0,37,132,5,174,132,0,132,306
04/02/2013,SUS,MO,ACE,CE,Towers with Radar,0,34,63,0,97,0,0,121,0,121,0,34,184,0,218,152,0,152,370
04/03/2013,SUS,MO,ACE,CE,Towers with Radar,1,32,73,2,108,0,1,96,0,97,1,33,169,2,205,250,0,250,455
04/04/2013,SUS,MO,ACE,CE,Towers with Radar,0,36,86,0,122,0,4,119,1,124,0,40,205,1,246,134,0,134,380
04/05/2013,SUS,MO,ACE,CE,Towers with Radar,1,25,75,0,101,0,0,116,0,116,1,25,191,0,217,193,0,193,410
04/06/2013,SUS,MO,ACE,CE,Towers with Radar,1,21,34,0,56,0,4,53,0,57,1,25,87,0,113,35,0,35,148
04/07/2013,SUS,MO,ACE,CE,Towers with Radar,0,28,54,0,82,0,0,88,0,88,0,28,142,0,170,174,0,174,344
04/08/2013,SUS,MO,ACE,CE,Towers with Radar,0,26,63,0,89,0,2,75,0,77,0,28,138,0,166,178,0,178,344
04/09/2013,SUS,MO,ACE,CE,Towers with Radar,0,30,78,2,110,0,1,44,0,45,0,31,122,2,155,52,0,52,207
04/10/2013,SUS,MO,ACE,CE,Towers with Radar,0,27,65,0,92,0,0,17,0,17,0,27,82,0,109,120,0,120,229
04/11/2013,SUS,MO,ACE,CE,Towers with Radar,0,38,76,0,114,0,4,40,0,44,0,42,116,0,158,230,0,230,388
04/12/2013,SUS,MO,ACE,CE,Towers with Radar,0,29,76,1,106,0,0,58,0,58,0,29,134,1,164,113,0,113,277
04/13/2013,SUS,MO,ACE,CE,Towers with Radar,0,10,42,2,54,0,1,121,3,125,0,11,163,5,179,141,0,141,320
04/14/2013,SUS,MO,ACE,CE,Towers with Radar,0,31,39,1,71,0,0,23,0,23,0,31,62,1,94,12,0,12,106
04/15/2013,SUS,MO,ACE,CE,Towers with Radar,0,27,59,0,86,0,0,17,0,17,0,27,76,0,103,126,0,126,229
04/16/2013,SUS,MO,ACE,CE,Towers with Radar,0,32,92,0,124,0,0,5,0,5,0,32,97,0,129,0,0,0,129
04/17/2013,SUS,MO,ACE,CE,Towers with Radar,0,32,84,0,116,0,0,49,1,50,0,32,133,1,166,116,0,116,282
04/18/2013,SUS,MO,ACE,CE,Towers with Radar,1,29,50,0,80,0,0,0,0,0,1,29,50,0,80,2,0,2,82
04/19/2013,SUS,MO,ACE,CE,Towers with Radar,0,19,103,0,122,0,1,92,1,94,0,20,195,1,216,188,0,188,404
04/20/2013,SUS,MO,ACE,CE,Towers with Radar,1,15,66,0,82,0,6,215,2,223,1,21,281,2,305,353,0,353,658
04/21/2013,SUS,MO,ACE,CE,Towers with Radar,0,31,59,1,91,0,1,127,3,131,0,32,186,4,222,160,0,160,382
04/22/2013,SUS,MO,ACE,CE,Towers with Radar,0,30,67,0,97,0,0,99,2,101,0,30,166,2,198,118,0,118,316
04/23/2013,SUS,MO,ACE,CE,Towers with Radar,0,19,72,0,91,0,2,3,0,5,0,21,75,0,96,2,0,2,98
04/24/2013,SUS,MO,ACE,CE,Towers with Radar,0,27,116,2,145,0,1,85,1,87,0,28,201,3,232,122,0,122,354
04/25/2013,SUS,MO,ACE,CE,Towers with Radar,0,39,104,0,143,0,2,124,0,126,0,41,228,0,269,232,0,232,501
04/26/2013,SUS,MO,ACE,CE,Towers with Radar,0,24,61,2,87,0,0,32,0,32,0,24,93,2,119,70,0,70,189
04/27/2013,SUS,MO,ACE,CE,Towers with Radar,0,16,59,0,75,0,0,0,0,0,0,16,59,0,75,0,0,0,75
04/28/2013,SUS,MO,ACE,CE,Towers with Radar,0,23,86,0,109,0,0,33,0,33,0,23,119,0,142,34,0,34,176
04/29/2013,SUS,MO,ACE,CE,Towers with Radar,0,19,91,2,112,0,1,92,1,94,0,20,183,3,206,100,0,100,306
04/30/2013,SUS,MO,ACE,CE,Towers with Radar,0,24,87,0,111,0,2,86,0,88,0,26,173,0,199,52,0,52,251
05/01/2013,SUS,MO,ACE,CE,Towers with Radar,0,34,117,4,155,0,0,126,0,126,0,34,243,4,281,112,0,112,393
05/02/2013,SUS,MO,ACE,CE,Towers with Radar,1,36,86,0,123,0,0,26,0,26,1,36,112,0,149,34,0,34,183
05/03/2013,SUS,MO,ACE,CE,Towers with Radar,1,19,88,0,108,0,0,0,0,0,1,19,88,0,108,0,0,0,108
05/04/2013,SUS,MO,ACE,CE,Towers with Radar,0,21,37,0,58,0,0,23,1,24,0,21,60,1,82,46,0,46,128
05/05/2013,SUS,MO,ACE,CE,Towers with Radar,0,38,36,0,74,0,1,16,3,20,0,39,52,3,94,0,0,0,94
05/06/2013,SUS,MO,ACE,CE,Towers with Radar,0,26,90,2,118,0,4,92,0,96,0,30,182,2,214,120,0,120,334
05/07/2013,SUS,MO,ACE,CE,Towers with Radar,1,24,95,0,120,0,3,93,0,96,1,27,188,0,216,68,0,68,284
05/08/2013,SUS,MO,ACE,CE,Towers with Radar,0,58,83,2,143,0,3,167,0,170,0,61,250,2,313,242,0,242,555
05/09/2013,SUS,MO,ACE,CE,Towers with Radar,1,36,74,0,111,0,0,38,0,38,1,36,112,0,149,151,0,151,300
05/10/2013,SUS,MO,ACE,CE,Towers with Radar,0,27,60,25,112,0,0,19,0,19,0,27,79,25,131,69,0,69,200
05/11/2013,SUS,MO,ACE,CE,Towers with Radar,0,31,55,2,88,0,3,79,10,92,0,34,134,12,180,79,10,89,269
05/12/2013,SUS,MO,ACE,CE,Towers with Radar,0,33,38,3,74,0,2,81,3,86,0,35,119,6,160,20,0,20,180
05/13/2013,SUS,MO,ACE,CE,Towers with Radar,0,31,86,2,119,0,6,122,1,129,0,37,208,3,248,132,0,132,380
05/14/2013,SUS,MO,ACE,CE,Towers with Radar,0,30,91,0,121,0,3,118,0,121,0,33,209,0,242,44,0,44,286
05/15/2013,SUS,MO,ACE,CE,Towers with Radar,0,41,92,0,133,0,5,54,0,59,0,46,146,0,192,62,0,62,254
05/16/2013,SUS,MO,ACE,CE,Towers with Radar,0,24,84,0,108,0,2,62,0,64,0,26,146,0,172,78,0,78,250
05/17/2013,SUS,MO,ACE,CE,Towers with Radar,0,28,80,2,110,0,4,47,0,51,0,32,127,2,161,41,0,41,202
05/18/2013,SUS,MO,ACE,CE,Towers with Radar,0,14,54,4,72,0,0,61,0,61,0,14,115,4,133,124,0,124,257
05/19/2013,SUS,MO,ACE,CE,Towers with Radar,0,50,57,6,113,0,0,61,0,61,0,50,118,6,174,16,0,16,190
05/20/2013,SUS,MO,ACE,CE,Towers with Radar,0,41,61,0,102,0,2,32,0,34,0,43,93,0,136,26,0,26,162
05/21/2013,SUS,MO,ACE,CE,Towers with Radar,0,36,54,0,90,0,1,41,0,42,0,37,95,0,132,20,0,20,152
05/22/2013,SUS,MO,ACE,CE,Towers with Radar,0,35,81,10,126,0,1,66,0,67,0,36,147,10,193,78,3,81,274
05/23/2013,SUS,MO,ACE,CE,Towers with Radar,0,30,82,14,126,0,0,62,0,62,0,30,144,14,188,198,6,204,392
05/24/2013,SUS,MO,ACE,CE,Towers with Radar,0,19,93,0,112,0,0,133,0,133,0,19,226,0,245,230,0,230,475
05/25/2013,SUS,MO,ACE,CE,Towers with Radar,0,13,24,0,37,0,0,75,2,77,0,13,99,2,114,100,0,100,214
05/26/2013,SUS,MO,ACE,CE,Towers with Radar,0,20,20,1,41,0,4,95,0,99,0,24,115,1,140,158,0,158,298
05/27/2013,SUS,MO,ACE,CE,Towers with Radar,0,21,39,0,60,0,0,44,0,44,0,21,83,0,104,74,0,74,178
05/28/2013,SUS,MO,ACE,CE,Towers with Radar,0,22,71,0,93,0,0,37,0,37,0,22,108,0,130,68,0,68,198
05/29/2013,SUS,MO,ACE,CE,Towers with Radar,0,49,85,0,134,0,0,70,0,70,0,49,155,0,204,120,0,120,324
05/30/2013,SUS,MO,ACE,CE,Towers with Radar,0,28,75,0,103,0,0,22,0,22,0,28,97,0,125,38,0,38,163
05/31/2013,SUS,MO,ACE,CE,Towers with Radar,0,31,39,0,70,0,0,26,0,26,0,31,65,0,96,0,0,0,96
06/01/2013,SUS,MO,ACE,CE,Towers with Radar,2,26,31,2,61,0,0,43,5,48,2,26,74,7,109,66,0,66,175
06/02/2013,SUS,MO,ACE,CE,Towers with Radar,0,1,2,0,3,0,0,65,0,65,0,1,67,0,68,70,0,70,138
06/03/2013,SUS,MO,ACE,CE,Towers with Radar,0,32,53,2,87,0,9,112,0,121,0,41,165,2,208,110,0,110,318
06/04/2013,SUS,MO,ACE,CE,Towers with Radar,1,20,75,0,96,0,3,155,1,159,1,23,230,1,255,38,0,38,293
06/05/2013,SUS,MO,ACE,CE,Towers with Radar,0,34,79,0,113,0,1,73,1,75,0,35,152,1,188,132,0,132,320
06/06/2013,SUS,MO,ACE,CE,Towers with Radar,0,49,82,0,131,0,1,71,0,72,0,50,153,0,203,60,0,60,263
06/07/2013,SUS,MO,ACE,CE,Towers with Radar,0,30,74,6,110,0,2,98,2,102,0,32,172,8,212,217,6,223,435
06/08/2013,SUS,MO,ACE,CE,Towers with Radar,0,18,58,0,76,0,1,120,1,122,0,19,178,1,198,82,0,82,280
06/09/2013,SUS,MO,ACE,CE,Towers with Radar,0,34,54,0,88,0,1,22,0,23,0,35,76,0,111,44,0,44,155
06/10/2013,SUS,MO,ACE,CE,Towers with Radar,0,27,68,6,101,0,1,99,0,100,0,28,167,6,201,100,0,100,301
06/11/2013,SUS,MO,ACE,CE,Towers with Radar,0,31,76,4,111,0,2,113,3,118,0,33,189,7,229,63,0,63,292
06/12/2013,SUS,MO,ACE,CE,Towers with Radar,0,32,93,0,125,0,0,57,0,57,0,32,150,0,182,57,0,57,239
06/13/2013,SUS,MO,ACE,CE,Towers with Radar,0,41,92,0,133,0,1,71,0,72,0,42,163,0,205,138,0,138,343
06/14/2013,SUS,MO,ACE,CE,Towers with Radar,0,26,63,3,92,1,0,124,0,125,1,26,187,3,217,128,0,128,345
06/15/2013,SUS,MO,ACE,CE,Towers with Radar,0,20,45,10,75,0,0,132,2,134,0,20,177,12,209,58,0,58,267
06/16/2013,SUS,MO,ACE,CE,Towers with Radar,0,33,44,1,78,0,0,47,0,47,0,33,91,1,125,62,0,62,187
06/17/2013,SUS,MO,ACE,CE,Towers with Radar,0,43,55,0,98,0,0,40,0,40,0,43,95,0,138,67,0,67,205
06/18/2013,SUS,MO,ACE,CE,Towers with Radar,0,29,69,0,98,0,1,103,0,104,0,30,172,0,202,116,0,116,318
06/19/2013,SUS,MO,ACE,CE,Towers with Radar,2,42,78,0,122,0,0,94,2,96,2,42,172,2,218,100,0,100,318
06/20/2013,SUS,MO,ACE,CE,Towers with Radar,0,35,96,0,131,0,0,147,0,147,0,35,243,0,278,192,0,192,470
06/21/2013,SUS,MO,ACE,CE,Towers with Radar,0,22,75,0,97,0,1,126,0,127,0,23,201,0,224,286,0,286,510
06/22/2013,SUS,MO,ACE,CE,Towers with Radar,0,21,41,1,63,0,1,85,1,87,0,22,126,2,150,126,0,126,276
06/23/2013,SUS,MO,ACE,CE,Towers with Radar,0,37,54,1,92,0,3,91,0,94,0,40,145,1,186,106,0,106,292
06/24/2013,SUS,MO,ACE,CE,Towers with Radar,0,35,72,0,107,0,0,94,0,94,0,35,166,0,201,145,0,145,346
06/25/2013,SUS,MO,ACE,CE,Towers with Radar,0,33,75,0,108,0,2,76,0,78,0,35,151,0,186,96,0,96,282
06/26/2013,SUS,MO,ACE,CE,Towers with Radar,0,20,75,0,95,0,2,53,0,55,0,22,128,0,150,60,0,60,210
06/27/2013,SUS,MO,ACE,CE,Towers with Radar,0,23,92,1,116,0,2,89,2,93,0,25,181,3,209,95,0,95,304
06/28/2013,SUS,MO,ACE,CE,Towers with Radar,0,25,77,0,102,0,1,93,0,94,0,26,170,0,196,16,0,16,212
06/29/2013,SUS,MO,ACE,CE,Towers with Radar,0,22,47,0,69,0,0,94,0,94,0,22,141,0,163,130,0,130,293
06/30/2013,SUS,MO,ACE,CE,Towers with Radar,0,26,41,0,67,0,2,31,0,33,0,28,72,0,100,54,0,54,154
07/01/2013,SUS,MO,ACE,CE,Towers with Radar,0,23,45,0,68,0,0,36,0,36,0,23,81,0,104,60,0,60,164
07/02/2013,SUS,MO,ACE,CE,Towers with Radar,0,24,50,0,74,0,0,23,1,24,0,24,73,1,98,18,0,18,116
07/03/2013,SUS,MO,ACE,CE,Towers with Radar,0,28,74,0,102,0,0,104,0,104,0,28,178,0,206,139,0,139,345
07/04/2013,SUS,MO,ACE,CE,Towers with Radar,0,4,23,0,27,0,0,76,0,76,0,4,99,0,103,154,0,154,257
07/05/2013,SUS,MO,ACE,CE,Towers with Radar,0,18,42,0,60,0,0,105,2,107,0,18,147,2,167,94,0,94,261
07/06/2013,SUS,MO,ACE,CE,Towers with Radar,0,23,40,1,64,0,0,87,11,98,0,23,127,12,162,94,0,94,256
07/07/2013,SUS,MO,ACE,CE,Towers with Radar,0,36,66,0,102,0,0,96,6,102,0,36,162,6,204,126,0,126,330
07/08/2013,SUS,MO,ACE,CE,Towers with Radar,0,27,57,2,86,0,11,98,0,109,0,38,155,2,195,123,0,123,318
07/09/2013,SUS,MO,ACE,CE,Towers with Radar,0,27,94,0,121,0,2,79,0,81,0,29,173,0,202,86,0,86,288
07/10/2013,SUS,MO,ACE,CE,Towers with Radar,0,27,72,0,99,0,0,51,0,51,0,27,123,0,150,176,0,176,326
07/11/2013,SUS,MO,ACE,CE,Towers with Radar,0,32,78,0,110,0,2,129,1,132,0,34,207,1,242,134,0,134,376
07/12/2013,SUS,MO,ACE,CE,Towers with Radar,0,24,83,0,107,0,0,145,1,146,0,24,228,1,253,90,0,90,343
07/13/2013,SUS,MO,ACE,CE,Towers with Radar,0,28,42,19,89,0,2,138,4,144,0,30,180,23,233,102,0,102,335
07/14/2013,SUS,MO,ACE,CE,Towers with Radar,0,45,49,0,94,0,0,102,0,102,0,45,151,0,196,91,0,91,287
07/15/2013,SUS,MO,ACE,CE,Towers with Radar,0,35,48,0,83,0,2,66,0,68,0,37,114,0,151,85,0,85,236
07/16/2013,SUS,MO,ACE,CE,Towers with Radar,0,26,78,2,106,0,0,90,0,90,0,26,168,2,196,60,0,60,256
07/17/2013,SUS,MO,ACE,CE,Towers with Radar,0,28,103,2,133,0,0,95,0,95,0,28,198,2,228,52,0,52,280
07/18/2013,SUS,MO,ACE,CE,Towers with Radar,0,40,105,0,145,0,2,110,2,114,0,42,215,2,259,94,0,94,353
07/19/2013,SUS,MO,ACE,CE,Towers with Radar,0,17,64,15,96,0,2,134,0,136,0,19,198,15,232,148,0,148,380
07/20/2013,SUS,MO,ACE,CE,Towers with Radar,0,18,32,0,50,0,7,105,0,112,0,25,137,0,162,98,0,98,260
07/21/2013,SUS,MO,ACE,CE,Towers with Radar,0,37,51,8,96,0,0,85,0,85,0,37,136,8,181,175,4,179,360
07/22/2013,SUS,MO,ACE,CE,Towers with Radar,0,30,69,0,99,0,0,63,0,63,0,30,132,0,162,93,0,93,255
07/23/2013,SUS,MO,ACE,CE,Towers with Radar,0,27,75,8,110,0,0,80,0,80,0,27,155,8,190,72,0,72,262
07/24/2013,SUS,MO,ACE,CE,Towers with Radar,0,38,111,0,149,0,0,134,0,134,0,38,245,0,283,172,0,172,455
07/25/2013,SUS,MO,ACE,CE,Towers with Radar,0,29,79,4,112,0,0,127,4,131,0,29,206,8,243,174,0,174,417
07/26/2013,SUS,MO,ACE,CE,Towers with Radar,0,29,51,0,80,0,0,65,0,65,0,29,116,0,145,114,0,114,259
07/27/2013,SUS,MO,ACE,CE,Towers with Radar,0,26,60,1,87,0,0,91,1,92,0,26,151,2,179,84,0,84,263
07/28/2013,SUS,MO,ACE,CE,Towers with Radar,0,27,51,2,80,0,1,105,0,106,0,28,156,2,186,98,0,98,284
07/29/2013,SUS,MO,ACE,CE,Towers with Radar,0,28,65,0,93,0,0,47,0,47,0,28,112,0,140,122,0,122,262
07/30/2013,SUS,MO,ACE,CE,Towers with Radar,0,32,90,0,122,0,0,13,0,13,0,32,103,0,135,30,0,30,165
07/31/2013,SUS,MO,ACE,CE,Towers with Radar,0,32,83,0,115,0,1,44,2,47,0,33,127,2,162,48,0,48,210
08/01/2013,SUS,MO,ACE,CE,Towers with Radar,0,30,117,0,147,0,4,85,4,93,0,34,202,4,240,86,0,86,326
08/02/2013,SUS,MO,ACE,CE,Towers with Radar,0,29,76,0,105,0,0,52,0,52,0,29,128,0,157,60,0,60,217
08/03/2013,SUS,MO,ACE,CE,Towers with Radar,0,25,55,0,80,0,0,59,4,63,0,25,114,4,143,114,0,114,257
08/04/2013,SUS,MO,ACE,CE,Towers with Radar,0,42,74,0,116,0,1,95,2,98,0,43,169,2,214,51,0,51,265
08/05/2013,SUS,MO,ACE,CE,Towers with Radar,0,29,94,2,125,0,0,49,2,51,0,29,143,4,176,150,0,150,326
08/06/2013,SUS,MO,ACE,CE,Towers with Radar,0,27,68,0,95,0,0,72,0,72,0,27,140,0,167,122,0,122,289
08/07/2013,SUS,MO,ACE,CE,Towers with Radar,0,29,78,0,107,0,0,89,0,89,0,29,167,0,196,219,0,219,415
08/08/2013,SUS,MO,ACE,CE,Towers with Radar,0,32,108,0,140,0,0,33,0,33,0,32,141,0,173,124,0,124,297
08/09/2013,SUS,MO,ACE,CE,Towers with Radar,0,27,72,0,99,0,0,43,2,45,0,27,115,2,144,56,0,56,200
08/10/2013,SUS,MO,ACE,CE,Towers with Radar,0,7,45,0,52,0,1,111,2,114,0,8,156,2,166,144,0,144,310
08/11/2013,SUS,MO,ACE,CE,Towers with Radar,0,53,66,0,119,0,1,113,0,114,0,54,179,0,233,54,0,54,287
08/12/2013,SUS,MO,ACE,CE,Towers with Radar,0,24,73,0,97,0,0,25,0,25,0,24,98,0,122,72,0,72,194
08/13/2013,SUS,MO,ACE,CE,Towers with Radar,0,37,55,4,96,0,0,108,2,110,0,37,163,6,206,100,0,100,306
08/14/2013,SUS,MO,ACE,CE,Towers with Radar,0,21,86,2,109,0,0,112,0,112,0,21,198,2,221,100,0,100,321
08/15/2013,SUS,MO,ACE,CE,Towers with Radar,0,39,71,0,110,0,0,78,4,82,0,39,149,4,192,94,0,94,286
08/16/2013,SUS,MO,ACE,CE,Towers with Radar,0,23,58,4,85,0,2,97,6,105,0,25,155,10,190,30,0,30,220
08/17/2013,SUS,MO,ACE,CE,Towers with Radar,0,19,53,1,73,0,3,117,1,121,0,22,170,2,194,85,0,85,279
08/18/2013,SUS,MO,ACE,CE,Towers with Radar,0,35,62,0,97,0,1,119,0,120,0,36,181,0,217,70,0,70,287
08/19/2013,SUS,MO,ACE,CE,Towers with Radar,1,28,81,0,110,0,1,81,0,82,1,29,162,0,192,156,0,156,348
08/20/2013,SUS,MO,ACE,CE,Towers with Radar,0,44,77,0,121,0,3,86,1,90,0,47,163,1,211,153,0,153,364
08/21/2013,SUS,MO,ACE,CE,Towers with Radar,0,27,95,0,122,0,2,62,0,64,0,29,157,0,186,108,0,108,294
08/22/2013,SUS,MO,ACE,CE,Towers with Radar,0,38,87,3,128,0,1,111,3,115,0,39,198,6,243,156,0,156,399
08/23/2013,SUS,MO,ACE,CE,Towers with Radar,0,29,94,16,139,0,4,108,2,114,0,33,202,18,253,170,0,170,423
08/24/2013,SUS,MO,ACE,CE,Towers with Radar,0,23,40,12,75,0,4,149,1,154,0,27,189,13,229,100,0,100,329
08/25/2013,SUS,MO,ACE,CE,Towers with Radar,0,37,93,13,143,0,0,112,0,112,0,37,205,13,255,208,14,222,477
08/26/2013,SUS,MO,ACE,CE,Towers with Radar,0,29,81,0,110,0,3,82,0,85,0,32,163,0,195,74,0,74,269
08/27/2013,SUS,MO,ACE,CE,Towers with Radar,0,23,78,2,103,0,2,82,3,87,0,25,160,5,190,44,0,44,234
08/28/2013,SUS,MO,ACE,CE,Towers with Radar,0,38,95,0,133,0,1,102,0,103,0,39,197,0,236,58,0,58,294
08/29/2013,SUS,MO,ACE,CE,Towers with Radar,0,33,96,0,129,0,2,84,0,86,0,35,180,0,215,82,0,82,297
08/30/2013,SUS,MO,ACE,CE,Towers with Radar,0,19,97,12,128,0,1,99,0,100,0,20,196,12,228,80,8,88,316
08/31/2013,SUS,MO,ACE,CE,Towers with Radar,0,13,32,0,45,0,2,89,2,93,0,15,121,2,138,16,0,16,154
09/01/2013,SUS,MO,ACE,CE,Towers with Radar,0,16,27,0,43,0,0,49,0,49,0,16,76,0,92,28,0,28,120
09/02/2013,SUS,MO,ACE,CE,Towers with Radar,0,31,72,0,103,0,1,114,1,116,0,32,186,1,219,70,0,70,289
09/03/2013,SUS,MO,ACE,CE,Towers with Radar,0,36,83,6,125,0,0,100,3,103,0,36,183,9,228,79,8,87,315
09/04/2013,SUS,MO,ACE,CE,Towers with Radar,0,26,94,0,120,0,0,114,0,114,0,26,208,0,234,73,0,73,307
09/05/2013,SUS,MO,ACE,CE,Towers with Radar,0,37,63,2,102,0,2,136,0,138,0,39,199,2,240,138,0,138,378
09/06/2013,SUS,MO,ACE,CE,Towers with Radar,0,38,80,12,130,0,5,108,9,122,0,43,188,21,252,52,2,54,306
09/07/2013,SUS,MO,ACE,CE,Towers with Radar,0,22,30,4,56,0,4,109,0,113,0,26,139,4,169,78,0,78,247
09/08/2013,SUS,MO,ACE,CE,Towers with Radar,0,30,56,4,90,0,0,37,0,37,0,30,93,4,127,75,0,75,202
09/09/2013,SUS,MO,ACE,CE,Towers with Radar,0,37,83,0,120,0,2,70,0,72,0,39,153,0,192,86,0,86,278
09/10/2013,SUS,MO,ACE,CE,Towers with Radar,0,28,68,0,96,0,2,86,2,90,0,30,154,2,186,78,0,78,264
09/11/2013,SUS,MO,ACE,CE,Towers with Radar,0,24,84,0,108,0,3,72,0,75,0,27,156,0,183,180,0,180,363
09/12/2013,SUS,MO,ACE,CE,Towers with Radar,0,29,70,0,99,0,2,63,0,65,0,31,133,0,164,128,0,128,292
09/13/2013,SUS,MO,ACE,CE,Towers with Radar,0,29,83,6,118,0,0,111,0,111,0,29,194,6,229,54,8,62,291
09/14/2013,SUS,MO,ACE,CE,Towers with Radar,2,10,38,7,57,0,0,116,4,120,2,10,154,11,177,60,10,70,247
09/15/2013,SUS,MO,ACE,CE,Towers with Radar,0,34,51,6,91,0,0,87,0,87,0,34,138,6,178,106,0,106,284
09/16/2013,SUS,MO,ACE,CE,Towers with Radar,0,46,82,0,128,0,0,46,0,46,0,46,128,0,174,120,0,120,294
09/17/2013,SUS,MO,ACE,CE,Towers with Radar,0,42,78,1,121,0,1,53,0,54,0,43,131,1,175,40,0,40,215
09/18/2013,SUS,MO,ACE,CE,Towers with Radar,0,45,93,0,138,0,0,80,0,80,0,45,173,0,218,82,0,82,300
09/19/2013,SUS,MO,ACE,CE,Towers with Radar,0,49,84,2,135,0,0,76,1,77,0,49,160,3,212,114,0,114,326
09/20/2013,SUS,MO,ACE,CE,Towers with Radar,0,39,98,0,137,0,0,40,0,40,0,39,138,0,177,145,0,145,322
09/21/2013,SUS,MO,ACE,CE,Towers with Radar,0,22,46,3,71,0,0,142,1,143,0,22,188,4,214,146,0,146,360
09/22/2013,SUS,MO,ACE,CE,Towers with Radar,0,42,56,4,102,0,0,159,0,159,0,42,215,4,261,240,0,240,501
09/23/2013,SUS,MO,ACE,CE,Towers with Radar,0,33,81,0,114,0,0,78,0,78,0,33,159,0,192,170,0,170,362
09/24/2013,SUS,MO,ACE,CE,Towers with Radar,0,22,82,0,104,0,0,101,0,101,0,22,183,0,205,90,0,90,295
09/25/2013,SUS,MO,ACE,CE,Towers with Radar,0,29,71,0,100,0,1,60,0,61,0,30,131,0,161,50,0,50,211
09/26/2013,SUS,MO,ACE,CE,Towers with Radar,0,27,92,0,119,0,0,99,0,99,0,27,191,0,218,112,0,112,330
09/27/2013,SUS,MO,ACE,CE,Towers with Radar,0,28,84,1,113,0,0,83,2,85,0,28,167,3,198,112,0,112,310
09/28/2013,SUS,MO,ACE,CE,Towers with Radar,0,25,49,0,74,0,0,72,0,72,0,25,121,0,146,12,0,12,158
09/29/2013,SUS,MO,ACE,CE,Towers with Radar,0,41,51,3,95,0,1,100,0,101,0,42,151,3,196,148,0,148,344
09/30/2013,SUS,MO,ACE,CE,Towers with Radar,0,29,93,0,122,0,0,76,0,76,0,29,169,0,198,134,0,134,332
10/01/2013,SUS,MO,ACE,CE,Towers with Radar,2,22,84,0,108,0,0,56,0,56,2,22,140,0,164,84,0,84,248
10/02/2013,SUS,MO,ACE,CE,Towers with Radar,0,41,73,0,114,0,2,67,0,69,0,43,140,0,183,86,0,86,269
10/03/2013,SUS,MO,ACE,CE,Towers with Radar,0,43,82,4,129,0,0,62,0,62,0,43,144,4,191,80,0,80,271
10/04/2013,SUS,MO,ACE,CE,Towers with Radar,0,27,73,11,111,0,0,66,0,66,0,27,139,11,177,53,5,58,235
10/05/2013,SUS,MO,ACE,CE,Towers with Radar,0,18,30,0,48,0,0,25,0,25,0,18,55,0,73,24,0,24,97
10/06/2013,SUS,MO,ACE,CE,Towers with Radar,0,23,73,0,96,0,2,93,0,95,0,25,166,0,191,106,0,106,297
10/07/2013,SUS,MO,ACE,CE,Towers with Radar,1,23,76,0,100,0,0,90,0,90,1,23,166,0,190,108,0,108,298
10/08/2013,SUS,MO,ACE,CE,Towers with Radar,1,22,68,0,91,0,3,113,0,116,1,25,181,0,207,95,0,95,302
10/09/2013,SUS,MO,ACE,CE,Towers with Radar,0,27,80,0,107,0,1,88,0,89,0,28,168,0,196,132,0,132,328
10/10/2013,SUS,MO,ACE,CE,Towers with Radar,0,43,112,0,155,0,0,69,0,69,0,43,181,0,224,56,0,56,280
10/11/2013,SUS,MO,ACE,CE,Towers with Radar,0,31,87,0,118,0,0,63,0,63,0,31,150,0,181,71,0,71,252
10/12/2013,SUS,MO,ACE,CE,Towers with Radar,0,14,51,0,65,0,0,63,0,63,0,14,114,0,128,126,0,126,254
10/13/2013,SUS,MO,ACE,CE,Towers with Radar,0,38,83,0,121,0,1,173,0,174,0,39,256,0,295,98,0,98,393
10/14/2013,SUS,MO,ACE,CE,Towers with Radar,0,36,77,1,114,0,0,97,0,97,0,36,174,1,211,112,0,112,323
10/15/2013,SUS,MO,ACE,CE,Towers with Radar,0,23,62,0,85,0,0,37,0,37,0,23,99,0,122,52,0,52,174
10/16/2013,SUS,MO,ACE,CE,Towers with Radar,0,35,77,0,112,0,1,76,0,77,0,36,153,0,189,66,0,66,255
10/17/2013,SUS,MO,ACE,CE,Towers with Radar,0,30,92,0,122,0,0,63,0,63,0,30,155,0,185,31,0,31,216
10/18/2013,SUS,MO,ACE,CE,Towers with Radar,0,33,93,0,126,0,1,85,0,86,0,34,178,0,212,122,0,122,334
10/19/2013,SUS,MO,ACE,CE,Towers with Radar,0,17,54,2,73,0,3,60,1,64,0,20,114,3,137,47,0,47,184
10/20/2013,SUS,MO,ACE,CE,Towers with Radar,0,47,49,0,96,0,1,74,0,75,0,48,123,0,171,68,0,68,239
10/21/2013,SUS,MO,ACE,CE,Towers with Radar,0,30,63,0,93,0,8,96,0,104,0,38,159,0,197,98,0,98,295
10/22/2013,SUS,MO,ACE,CE,Towers with Radar,0,30,86,0,116,0,0,43,0,43,0,30,129,0,159,8,0,8,167
10/23/2013,SUS,MO,ACE,CE,Towers with Radar,0,27,94,0,121,0,3,75,0,78,0,30,169,0,199,71,0,71,270
10/24/2013,SUS,MO,ACE,CE,Towers with Radar,0,23,85,0,108,0,0,85,0,85,0,23,170,0,193,117,0,117,310
10/25/2013,SUS,MO,ACE,CE,Towers with Radar,0,37,75,1,113,0,0,105,0,105,0,37,180,1,218,143,0,143,361
10/26/2013,SUS,MO,ACE,CE,Towers with Radar,0,17,50,2,69,0,4,111,0,115,0,21,161,2,184,138,0,138,322
10/27/2013,SUS,MO,ACE,CE,Towers with Radar,0,37,76,6,119,0,0,170,0,170,0,37,246,6,289,164,0,164,453
10/28/2013,SUS,MO,ACE,CE,Towers with Radar,0,39,100,3,142,0,0,105,0,105,0,39,205,3,247,166,0,166,413
10/29/2013,SUS,MO,ACE,CE,Towers with Radar,0,34,86,0,120,0,0,13,0,13,0,34,99,0,133,4,0,4,137
10/30/2013,SUS,MO,ACE,CE,Towers with Radar,0,37,89,0,126,0,1,24,0,25,0,38,113,0,151,44,0,44,195
10/31/2013,SUS,MO,ACE,CE,Towers with Radar,0,25,56,0,81,0,0,1,0,1,0,25,57,0,82,0,0,0,82
11/01/2013,SUS,MO,ACE,CE,Towers with Radar,0,28,81,11,120,0,4,82,0,86,0,32,163,11,206,110,2,112,318
11/02/2013,SUS,MO,ACE,CE,Towers with Radar,0,13,44,0,57,0,1,58,0,59,0,14,102,0,116,28,0,28,144
11/03/2013,SUS,MO,ACE,CE,Towers with Radar,0,29,62,3,94,0,1,72,0,73,0,30,134,3,167,82,0,82,249
11/04/2013,SUS,MO,ACE,CE,Towers with Radar,0,30,80,0,110,0,0,115,0,115,0,30,195,0,225,81,0,81,306
11/05/2013,SUS,MO,ACE,CE,Towers with Radar,0,26,75,0,101,0,0,28,0,28,0,26,103,0,129,40,0,40,169
11/06/2013,SUS,MO,ACE,CE,Towers with Radar,0,24,82,6,112,0,0,100,0,100,0,24,182,6,212,86,0,86,298
11/07/2013,SUS,MO,ACE,CE,Towers with Radar,0,32,117,2,151,0,4,125,0,129,0,36,242,2,280,155,0,155,435
11/08/2013,SUS,MO,ACE,CE,Towers with Radar,0,35,80,0,115,0,1,109,0,110,0,36,189,0,225,34,0,34,259
11/09/2013,SUS,MO,ACE,CE,Towers with Radar,0,15,64,0,79,0,0,85,0,85,0,15,149,0,164,42,0,42,206
11/10/2013,SUS,MO,ACE,CE,Towers with Radar,0,28,54,1,83,0,0,124,1,125,0,28,178,2,208,104,0,104,312
11/11/2013,SUS,MO,ACE,CE,Towers with Radar,0,30,83,0,113,0,0,45,2,47,0,30,128,2,160,54,0,54,214
11/12/2013,SUS,MO,ACE,CE,Towers with Radar,0,32,72,0,104,0,0,75,0,75,0,32,147,0,179,21,0,21,200
11/13/2013,SUS,MO,ACE,CE,Towers with Radar,0,35,81,0,116,0,0,67,0,67,0,35,148,0,183,64,0,64,247
11/14/2013,SUS,MO,ACE,CE,Towers with Radar,0,27,114,0,141,0,2,78,0,80,0,29,192,0,221,200,0,200,421
11/15/2013,SUS,MO,ACE,CE,Towers with Radar,0,15,71,0,86,0,0,101,0,101,0,15,172,0,187,210,0,210,397
11/16/2013,SUS,MO,ACE,CE,Towers with Radar,0,20,30,0,50,0,1,34,0,35,0,21,64,0,85,60,0,60,145
11/17/2013,SUS,MO,ACE,CE,Towers with Radar,0,27,28,0,55,0,0,18,0,18,0,27,46,0,73,66,0,66,139
11/18/2013,SUS,MO,ACE,CE,Towers with Radar,0,24,78,2,104,0,2,70,0,72,0,26,148,2,176,78,0,78,254
11/19/2013,SUS,MO,ACE,CE,Towers with Radar,0,38,103,1,142,0,1,118,0,119,0,39,221,1,261,109,2,111,372
11/20/2013,SUS,MO,ACE,CE,Towers with Radar,0,33,98,1,132,0,0,49,0,49,0,33,147,1,181,54,0,54,235
11/21/2013,SUS,MO,ACE,CE,Towers with Radar,0,29,83,0,112,0,0,3,0,3,0,29,86,0,115,0,0,0,115
11/22/2013,SUS,MO,ACE,CE,Towers with Radar,0,34,71,8,113,0,0,8,0,8,0,34,79,8,121,32,0,32,153
11/23/2013,SUS,MO,ACE,CE,Towers with Radar,0,30,48,0,78,0,0,46,0,46,0,30,94,0,124,24,0,24,148
11/24/2013,SUS,MO,ACE,CE,Towers with Radar,0,31,61,0,92,0,0,77,0,77,0,31,138,0,169,6,0,6,175
11/25/2013,SUS,MO,ACE,CE,Towers with Radar,0,32,51,0,83,0,0,79,0,79,0,32,130,0,162,154,0,154,316
11/26/2013,SUS,MO,ACE,CE,Towers with Radar,0,28,75,0,103,0,2,58,0,60,0,30,133,0,163,42,0,42,205
11/27/2013,SUS,MO,ACE,CE,Towers with Radar,0,21,76,2,99,0,0,62,0,62,0,21,138,2,161,37,0,37,198
11/28/2013,SUS,MO,ACE,CE,Towers with Radar,0,14,19,0,33,0,2,20,0,22,0,16,39,0,55,1,0,1,56
11/29/2013,SUS,MO,ACE,CE,Towers with Radar,0,19,38,0,57,0,1,112,0,113,0,20,150,0,170,78,0,78,248
11/30/2013,SUS,MO,ACE,CE,Towers with Radar,0,19,32,0,51,0,0,103,0,103,0,19,135,0,154,72,0,72,226
12/01/2013,SUS,MO,ACE,CE,Towers with Radar,0,38,70,0,108,0,0,85,0,85,0,38,155,0,193,38,0,38,231
12/02/2013,SUS,MO,ACE,CE,Towers with Radar,0,47,69,0,116,0,0,33,0,33,0,47,102,0,149,22,0,22,171
12/03/2013,SUS,MO,ACE,CE,Towers with Radar,0,25,99,2,126,0,0,52,0,52,0,25,151,2,178,34,0,34,212
12/04/2013,SUS,MO,ACE,CE,Towers with Radar,0,26,81,0,107,0,1,27,0,28,0,27,108,0,135,10,0,10,145
12/05/2013,SUS,MO,ACE,CE,Towers with Radar,0,33,58,0,91,0,4,11,0,15,0,37,69,0,106,4,0,4,110
12/06/2013,SUS,MO,ACE,CE,Towers with Radar,1,18,55,0,74,0,0,6,0,6,1,18,61,0,80,0,0,0,80
12/07/2013,SUS,MO,ACE,CE,Towers with Radar,0,29,47,0,76,0,0,50,0,50,0,29,97,0,126,51,2,53,179
12/08/2013,SUS,MO,ACE,CE,Towers with Radar,1,33,34,0,68,0,0,0,0,0,1,33,34,0,68,0,0,0,68
12/09/2013,SUS,MO,ACE,CE,Towers with Radar,0,35,53,0,88,0,0,37,0,37,0,35,90,0,125,89,0,89,214
12/10/2013,SUS,MO,ACE,CE,Towers with Radar,0,40,75,1,116,0,0,55,1,56,0,40,130,2,172,74,0,74,246
12/11/2013,SUS,MO,ACE,CE,Towers with Radar,0,33,98,0,131,0,2,72,0,74,0,35,170,0,205,35,0,35,240
12/12/2013,SUS,MO,ACE,CE,Towers with Radar,0,30,97,0,127,0,1,82,2,85,0,31,179,2,212,183,0,183,395
12/13/2013,SUS,MO,ACE,CE,Towers with Radar,0,25,45,0,70,0,0,19,0,19,0,25,64,0,89,54,0,54,143
12/14/2013,SUS,MO,ACE,CE,Towers with Radar,0,13,24,0,37,0,0,0,0,0,0,13,24,0,37,0,0,0,37
12/15/2013,SUS,MO,ACE,CE,Towers with Radar,0,30,34,0,64,0,0,50,0,50,0,30,84,0,114,52,0,52,166
12/16/2013,SUS,MO,ACE,CE,Towers with Radar,0,35,66,0,101,0,1,37,0,38,0,36,103,0,139,98,0,98,237
12/17/2013,SUS,MO,ACE,CE,Towers with Radar,0,54,66,0,120,0,5,90,0,95,0,59,156,0,215,166,0,166,381
12/18/2013,SUS,MO,ACE,CE,Towers with Radar,0,38,92,1,131,0,3,86,0,89,0,41,178,1,220,125,0,125,345
12/19/2013,SUS,MO,ACE,CE,Towers with Radar,2,36,107,1,146,0,0,53,0,53,2,36,160,1,199,52,0,52,251
12/20/2013,SUS,MO,ACE,CE,Towers with Radar,0,29,54,0,83,0,0,19,0,19,0,29,73,0,102,24,0,24,126
12/21/2013,SUS,MO,ACE,CE,Towers with Radar,0,25,11,0,36,0,0,0,0,0,0,25,11,0,36,0,0,0,36
12/22/2013,SUS,MO,ACE,CE,Towers with Radar,0,31,19,0,50,0,0,2,0,2,0,31,21,0,52,0,0,0,52
12/23/2013,SUS,MO,ACE,CE,Towers with Radar,0,21,71,0,92,0,1,58,0,59,0,22,129,0,151,74,0,74,225
12/24/2013,SUS,MO,ACE,CE,Towers with Radar,0,8,15,0,23,0,3,44,0,47,0,11,59,0,70,32,0,32,102
12/25/2013,SUS,MO,ACE,CE,Towers with Radar,0,15,14,0,29,0,0,11,0,11,0,15,25,0,40,12,0,12,52
12/26/2013,SUS,MO,ACE,CE,Towers with Radar,0,30,48,0,78,0,0,81,0,81,0,30,129,0,159,72,0,72,231
12/27/2013,SUS,MO,ACE,CE,Towers with Radar,2,32,47,2,83,0,1,89,0,90,2,33,136,2,173,103,4,107,280
12/28/2013,SUS,MO,ACE,CE,Towers with Radar,0,24,37,0,61,0,0,112,0,112,0,24,149,0,173,96,0,96,269
12/29/2013,SUS,MO,ACE,CE,Towers with Radar,0,21,37,0,58,0,0,19,0,19,0,21,56,0,77,4,0,4,81
12/30/2013,SUS,MO,ACE,CE,Towers with Radar,0,17,47,0,64,0,2,87,0,89,0,19,134,0,153,59,0,59,212
12/31/2013,SUS,MO,ACE,CE,Towers with Radar,0,20,25,0,45,0,5,77,0,82,0,25,102,0,127,86,0,86,213
01/01/2014,SUS,MO,ACE,CE,Towers with Radar,0,15,21,0,36,0,1,56,0,57,0,16,77,0,93,30,0,30,123
01/02/2014,SUS,MO,ACE,CE,Towers with Radar,0,14,43,0,57,0,2,29,0,31,0,16,72,0,88,24,0,24,112
01/03/2014,SUS,MO,ACE,CE,Towers with Radar,2,30,66,0,98,0,0,72,0,72,2,30,138,0,170,67,0,67,237
01/04/2014,SUS,MO,ACE,CE,Towers with Radar,0,25,57,0,82,0,0,40,0,40,0,25,97,0,122,22,0,22,144
01/05/2014,SUS,MO,ACE,CE,Towers with Radar,0,15,6,0,21,0,0,0,0,0,0,15,6,0,21,0,0,0,21
01/06/2014,SUS,MO,ACE,CE,Towers with Radar,0,36,51,0,87,0,0,10,0,10,0,36,61,0,97,6,0,6,103
01/07/2014,SUS,MO,ACE,CE,Towers with Radar,0,25,41,0,66,0,0,26,0,26,0,25,67,0,92,0,0,0,92
01/08/2014,SUS,MO,ACE,CE,Towers with Radar,0,24,57,0,81,0,0,44,0,44,0,24,101,0,125,72,0,72,197
01/09/2014,SUS,MO,ACE,CE,Towers with Radar,0,25,44,0,69,0,0,1,0,1,0,25,45,0,70,0,0,0,70
01/10/2014,SUS,MO,ACE,CE,Towers with Radar,0,18,40,6,64,0,0,0,0,0,0,18,40,6,64,0,0,0,64
01/11/2014,SUS,MO,ACE,CE,Towers with Radar,0,13,47,0,60,0,2,59,1,62,0,15,106,1,122,76,0,76,198
01/12/2014,SUS,MO,ACE,CE,Towers with Radar,0,31,39,0,70,0,2,45,0,47,0,33,84,0,117,7,0,7,124
01/13/2014,SUS,MO,ACE,CE,Towers with Radar,0,19,56,0,75,0,0,67,0,67,0,19,123,0,142,129,0,129,271
01/14/2014,SUS,MO,ACE,CE,Towers with Radar,0,19,72,2,93,0,0,44,0,44,0,19,116,2,137,64,0,64,201
01/15/2014,SUS,MO,ACE,CE,Towers with Radar,0,33,93,0,126,0,2,75,0,77,0,35,168,0,203,61,0,61,264
01/16/2014,SUS,MO,ACE,CE,Towers with Radar,0,26,67,0,93,0,0,41,1,42,0,26,108,1,135,46,0,46,181
01/17/2014,SUS,MO,ACE,CE,Towers with Radar,0,28,83,2,113,0,0,23,0,23,0,28,106,2,136,14,0,14,150
01/18/2014,SUS,MO,ACE,CE,Towers with Radar,0,24,43,0,67,0,1,11,3,15,0,25,54,3,82,14,0,14,96
01/19/2014,SUS,MO,ACE,CE,Towers with Radar,0,26,46,1,73,0,0,106,0,106,0,26,152,1,179,96,0,96,275
01/20/2014,SUS,MO,ACE,CE,Towers with Radar,0,16,62,0,78,0,0,104,0,104,0,16,166,0,182,118,0,118,300
01/21/2014,SUS,MO,ACE,CE,Towers with Radar,0,23,71,0,94,0,0,38,1,39,0,23,109,1,133,40,0,40,173
01/22/2014,SUS,MO,ACE,CE,Towers with Radar,0,27,78,0,105,0,0,54,0,54,0,27,132,0,159,90,0,90,249
01/23/2014,SUS,MO,ACE,CE,Towers with Radar,0,29,84,0,113,0,2,58,0,60,0,31,142,0,173,162,0,162,335
01/24/2014,SUS,MO,ACE,CE,Towers with Radar,0,19,56,1,76,0,1,80,0,81,0,20,136,1,157,274,0,274,431
01/25/2014,SUS,MO,ACE,CE,Towers with Radar,0,13,26,1,40,0,0,63,0,63,0,13,89,1,103,78,0,78,181
01/26/2014,SUS,MO,ACE,CE,Towers with Radar,0,26,54,0,80,0,3,80,0,83,0,29,134,0,163,168,0,168,331
01/27/2014,SUS,MO,ACE,CE,Towers with Radar,2,21,56,0,79,0,4,51,0,55,2,25,107,0,134,184,0,184,318
01/28/2014,SUS,MO,ACE,CE,Towers with Radar,0,16,57,0,73,0,3,82,0,85,0,19,139,0,158,90,0,90,248
01/29/2014,SUS,MO,ACE,CE,Towers with Radar,0,23,100,0,123,0,1,105,2,108,0,24,205,2,231,62,0,62,293
01/30/2014,SUS,MO,ACE,CE,Towers with Radar,0,19,84,0,103,0,2,57,0,59,0,21,141,0,162,76,0,76,238
01/31/2014,SUS,MO,ACE,CE,Towers with Radar,0,25,47,0,72,0,0,24,0,24,0,25,71,0,96,32,0,32,128
02/01/2014,SUS,MO,ACE,CE,Towers with Radar,0,15,19,0,34,0,0,0,0,0,0,15,19,0,34,0,0,0,34
02/02/2014,SUS,MO,ACE,CE,Towers with Radar,0,25,33,0,58,0,0,25,0,25,0,25,58,0,83,14,0,14,97
02/03/2014,SUS,MO,ACE,CE,Towers with Radar,0,24,70,0,94,0,0,61,0,61,0,24,131,0,155,104,0,104,259
02/04/2014,SUS,MO,ACE,CE,Towers with Radar,0,19,49,0,68,0,0,4,0,4,0,19,53,0,72,18,0,18,90
02/05/2014,SUS,MO,ACE,CE,Towers with Radar,0,32,54,0,86,0,1,25,0,26,0,33,79,0,112,44,0,44,156
02/06/2014,SUS,MO,ACE,CE,Towers with Radar,0,30,83,1,114,0,0,32,2,34,0,30,115,3,148,2,0,2,150
02/07/2014,SUS,MO,ACE,CE,Towers with Radar,0,45,70,2,117,0,0,67,0,67,0,45,137,2,184,85,0,85,269
02/08/2014,SUS,MO,ACE,CE,Towers with Radar,0,14,23,0,37,0,0,38,0,38,0,14,61,0,75,69,0,69,144
02/09/2014,SUS,MO,ACE,CE,Towers with Radar,0,27,30,6,63,0,0,5,0,5,0,27,35,6,68,124,0,124,192
02/10/2014,SUS,MO,ACE,CE,Towers with Radar,0,24,66,2,92,0,1,58,0,59,0,25,124,2,151,147,0,147,298
02/11/2014,SUS,MO,ACE,CE,Towers with Radar,0,18,75,0,93,0,0,66,0,66,0,18,141,0,159,122,0,122,281
02/12/2014,SUS,MO,ACE,CE,Towers with Radar,0,44,77,0,121,0,1,77,0,78,0,45,154,0,199,204,0,204,403
02/13/2014,SUS,MO,ACE,CE,Towers with Radar,0,39,86,1,126,0,2,92,0,94,0,41,178,1,220,144,0,144,364
02/14/2014,SUS,MO,ACE,CE,Towers with Radar,0,26,50,0,76,0,0,2,0,2,0,26,52,0,78,0,0,0,78
02/15/2014,SUS,MO,ACE,CE,Towers with Radar,0,22,32,0,54,0,0,39,0,39,0,22,71,0,93,35,0,35,128
02/16/2014,SUS,MO,ACE,CE,Towers with Radar,0,21,42,0,63,0,0,20,0,20,0,21,62,0,83,104,0,104,187
02/17/2014,SUS,MO,ACE,CE,Towers with Radar,0,34,45,0,79,0,2,21,0,23,0,36,66,0,102,76,0,76,178
02/18/2014,SUS,MO,ACE,CE,Towers with Radar,0,28,61,0,89,0,0,68,0,68,0,28,129,0,157,106,0,106,263
02/19/2014,SUS,MO,ACE,CE,Towers with Radar,0,37,86,0,123,0,2,101,0,103,0,39,187,0,226,152,0,152,378
02/20/2014,SUS,MO,ACE,CE,Towers with Radar,0,27,50,0,77,0,0,31,0,31,0,27,81,0,108,30,0,30,138
02/21/2014,SUS,MO,ACE,CE,Towers with Radar,0,16,72,0,88,0,0,58,0,58,0,16,130,0,146,195,0,195,341
02/22/2014,SUS,MO,ACE,CE,Towers with Radar,0,12,40,11,63,0,1,148,2,151,0,13,188,13,214,212,17,229,443
02/23/2014,SUS,MO,ACE,CE,Towers with Radar,0,25,39,6,70,0,0,92,0,92,0,25,131,6,162,144,0,144,306
02/24/2014,SUS,MO,ACE,CE,Towers with Radar,0,24,65,2,91,0,0,103,0,103,0,24,168,2,194,216,0,216,410
02/25/2014,SUS,MO,ACE,CE,Towers with Radar,0,32,56,2,90,0,0,51,0,51,0,32,107,2,141,122,0,122,263
02/26/2014,SUS,MO,ACE,CE,Towers with Radar,0,27,70,2,99,0,1,95,0,96,0,28,165,2,195,210,0,210,405
02/27/2014,SUS,MO,ACE,CE,Towers with Radar,0,38,67,0,105,0,0,88,2,90,0,38,155,2,195,136,0,136,331
02/28/2014,SUS,MO,ACE,CE,Towers with Radar,0,29,53,0,82,0,0,41,0,41,0,29,94,0,123,24,0,24,147
03/01/2014,SUS,MO,ACE,CE,Towers with Radar,0,23,35,1,59,0,1,44,1,46,0,24,79,2,105,81,0,81,186
03/02/2014,SUS,MO,ACE,CE,Towers with Radar,0,29,11,0,40,0,0,0,0,0,0,29,11,0,40,0,0,0,40
03/03/2014,SUS,MO,ACE,CE,Towers with Radar,0,21,78,0,99,0,7,49,0,56,0,28,127,0,155,112,0,112,267
03/04/2014,SUS,MO,ACE,CE,Towers with Radar,0,31,64,0,95,0,1,65,0,66,0,32,129,0,161,184,0,184,345
03/05/2014,SUS,MO,ACE,CE,Towers with Radar,0,27,82,2,111,0,0,63,1,64,0,27,145,3,175,85,0,85,260
03/06/2014,SUS,MO,ACE,CE,Towers with Radar,0,29,82,2,113,0,1,92,0,93,0,30,174,2,206,101,0,101,307
03/07/2014,SUS,MO,ACE,CE,Towers with Radar,0,38,79,1,118,0,5,96,0,101,0,43,175,1,219,94,0,94,313
03/08/2014,SUS,MO,ACE,CE,Towers with Radar,0,18,40,0,58,0,0,0,0,0,0,18,40,0,58,0,0,0,58
03/09/2014,SUS,MO,ACE,CE,Towers with Radar,0,27,47,0,74,0,3,114,7,124,0,30,161,7,198,149,0,149,347
03/10/2014,SUS,MO,ACE,CE,Towers with Radar,0,36,52,0,88,0,0,66,0,66,0,36,118,0,154,73,0,73,227
03/11/2014,SUS,MO,ACE,CE,Towers with Radar,0,25,86,0,111,0,0,111,0,111,0,25,197,0,222,244,0,244,466
03/12/2014,SUS,MO,ACE,CE,Towers with Radar,0,30,59,0,89,0,0,38,0,38,0,30,97,0,127,42,0,42,169
03/13/2014,SUS,MO,ACE,CE,Towers with Radar,0,42,81,2,125,0,15,111,1,127,0,57,192,3,252,123,0,123,375
03/14/2014,SUS,MO,ACE,CE,Towers with Radar,0,33,60,1,94,0,0,46,0,46,0,33,106,1,140,18,0,18,158
03/15/2014,SUS,MO,ACE,CE,Towers with Radar,0,27,65,12,104,0,2,143,1,146,0,29,208,13,250,116,0,116,366
03/16/2014,SUS,MO,ACE,CE,Towers with Radar,0,33,19,1,53,0,1,2,0,3,0,34,21,1,56,0,0,0,56
03/17/2014,SUS,MO,ACE,CE,Towers with Radar,0,25,64,3,92,0,0,102,3,105,0,25,166,6,197,140,0,140,337
03/18/2014,SUS,MO,ACE,CE,Towers with Radar,0,29,74,0,103,0,0,63,0,63,0,29,137,0,166,142,0,142,308
03/19/2014,SUS,MO,ACE,CE,Towers with Radar,0,29,73,0,102,0,2,36,0,38,0,31,109,0,140,52,0,52,192
03/20/2014,SUS,MO,ACE,CE,Towers with Radar,0,33,81,14,128,0,3,103,0,106,0,36,184,14,234,206,0,206,440
03/21/2014,SUS,MO,ACE,CE,Towers with Radar,0,30,55,0,85,0,0,119,0,119,0,30,174,0,204,175,0,175,379
03/22/2014,SUS,MO,ACE,CE,Towers with Radar,0,23,59,8,90,1,0,112,0,113,1,23,171,8,203,164,0,164,367
03/23/2014,SUS,MO,ACE,CE,Towers with Radar,0,37,50,0,87,0,0,127,0,127,0,37,177,0,214,108,0,108,322
03/24/2014,SUS,MO,ACE,CE,Towers with Radar,0,36,59,18,113,0,0,66,2,68,0,36,125,20,181,118,0,118,299
03/25/2014,SUS,MO,ACE,CE,Towers with Radar,0,23,61,0,84,0,1,49,0,50,0,24,110,0,134,56,0,56,190
03/26/2014,SUS,MO,ACE,CE,Towers with Radar,0,33,80,0,113,0,0,78,2,80,0,33,158,2,193,157,0,157,350
03/27/2014,SUS,MO,ACE,CE,Towers with Radar,0,29,63,2,94,0,0,23,0,23,0,29,86,2,117,76,0,76,193
03/28/2014,SUS,MO,ACE,CE,Towers with Radar,0,18,91,8,117,0,1,63,0,64,0,19,154,8,181,273,0,273,454
03/29/2014,SUS,MO,ACE,CE,Towers with Radar,0,16,54,0,70,0,1,72,0,73,0,17,126,0,143,143,0,143,286
03/30/2014,SUS,MO,ACE,CE,Towers with Radar,0,35,58,2,95,0,3,96,0,99,0,38,154,2,194,58,0,58,252
03/31/2014,SUS,MO,ACE,CE,Towers with Radar,0,34,68,0,102,0,0,67,2,69,0,34,135,2,171,86,0,86,257
04/01/2014,SUS,MO,ACE,CE,Towers with Radar,0,30,72,0,102,0,8,105,0,113,0,38,177,0,215,189,0,189,404
04/02/2014,SUS,MO,ACE,CE,Towers with Radar,0,40,63,0,103,0,0,8,0,8,0,40,71,0,111,73,0,73,184
04/03/2014,SUS,MO,ACE,CE,Towers with Radar,0,22,47,0,69,0,0,9,0,9,0,22,56,0,78,39,0,39,117
04/04/2014,SUS,MO,ACE,CE,Towers with Radar,0,13,50,0,63,0,0,40,0,40,0,13,90,0,103,121,0,121,224
04/05/2014,SUS,MO,ACE,CE,Towers with Radar,0,18,52,6,76,0,0,135,0,135,0,18,187,6,211,104,0,104,315
04/06/2014,SUS,MO,ACE,CE,Towers with Radar,0,26,55,0,81,0,8,99,0,107,0,34,154,0,188,60,0,60,248
04/07/2014,SUS,MO,ACE,CE,Towers with Radar,0,22,51,0,73,0,2,41,0,43,0,24,92,0,116,102,0,102,218
04/08/2014,SUS,MO,ACE,CE,Towers with Radar,0,39,97,6,142,0,4,73,1,78,0,43,170,7,220,114,0,114,334
04/09/2014,SUS,MO,ACE,CE,Towers with Radar,0,48,92,0,140,0,5,126,2,133,0,53,218,2,273,297,0,297,570
04/10/2014,SUS,MO,ACE,CE,Towers with Radar,0,33,89,2,124,0,6,73,0,79,0,39,162,2,203,141,0,141,344
04/11/2014,SUS,MO,ACE,CE,Towers with Radar,0,25,87,1,113,0,2,164,0,166,0,27,251,1,279,206,0,206,485
04/12/2014,SUS,MO,ACE,CE,Towers with Radar,0,15,63,0,78,0,3,67,0,70,0,18,130,0,148,96,0,96,244
04/13/2014,SUS,MO,ACE,CE,Towers with Radar,0,25,53,0,78,0,1,24,0,25,0,26,77,0,103,10,0,10,113
04/14/2014,SUS,MO,ACE,CE,Towers with Radar,0,28,71,2,101,0,0,1,0,1,0,28,72,2,102,0,0,0,102
04/15/2014,SUS,MO,ACE,CE,Towers with Radar,0,29,96,0,125,0,10,99,4,113,0,39,195,4,238,114,0,114,352
04/16/2014,SUS,MO,ACE,CE,Towers with Radar,0,40,91,0,131,0,13,57,0,70,0,53,148,0,201,58,0,58,259
04/17/2014,SUS,MO,ACE,CE,Towers with Radar,0,36,87,0,123,0,0,83,0,83,0,36,170,0,206,99,0,99,305
04/18/2014,SUS,MO,ACE,CE,Towers with Radar,0,20,64,3,87,0,3,127,1,131,0,23,191,4,218,191,0,191,409
04/19/2014,SUS,MO,ACE,CE,Towers with Radar,0,14,78,3,95,0,2,152,0,154,0,16,230,3,249,170,0,170,419
04/20/2014,SUS,MO,ACE,CE,Towers with Radar,0,33,32,0,65,0,0,75,1,76,0,33,107,1,141,44,0,44,185
04/21/2014,SUS,MO,ACE,CE,Towers with Radar,0,20,81,3,104,0,1,56,0,57,0,21,137,3,161,222,0,222,383
04/22/2014,SUS,MO,ACE,CE,Towers with Radar,0,35,79,0,114,0,0,87,1,88,0,35,166,1,202,133,0,133,335
04/23/2014,SUS,MO,ACE,CE,Towers with Radar,0,39,107,0,146,0,5,123,0,128,0,44,230,0,274,234,0,234,508
04/24/2014,SUS,MO,ACE,CE,Towers with Radar,0,33,65,4,102,0,0,47,0,47,0,33,112,4,149,163,0,163,312
04/25/2014,SUS,MO,ACE,CE,Towers with Radar,0,28,69,1,98,0,0,137,1,138,0,28,206,2,236,194,0,194,430
04/26/2014,SUS,MO,ACE,CE,Towers with Radar,0,21,46,0,67,0,4,120,2,126,0,25,166,2,193,78,0,78,271
04/27/2014,SUS,MO,ACE,CE,Towers with Radar,0,28,37,1,66,0,0,37,0,37,0,28,74,1,103,60,0,60,163
04/28/2014,SUS,MO,ACE,CE,Towers with Radar,0,22,41,0,63,0,1,33,0,34,0,23,74,0,97,52,0,52,149
04/29/2014,SUS,MO,ACE,CE,Towers with Radar,0,26,81,0,107,0,3,53,0,56,0,29,134,0,163,56,0,56,219
04/30/2014,SUS,MO,ACE,CE,Towers with Radar,0,47,76,1,124,0,0,49,0,49,0,47,125,1,173,88,0,88,261
05/01/2014,SUS,MO,ACE,CE,Towers with Radar,1,22,69,4,96,0,0,61,0,61,1,22,130,4,157,50,0,50,207
05/02/2014,SUS,MO,ACE,CE,Towers with Radar,0,25,64,4,93,0,1,209,6,216,0,26,273,10,309,18,4,22,331
05/03/2014,SUS,MO,ACE,CE,Towers with Radar,0,13,39,0,52,0,4,208,0,212,0,17,247,0,264,58,0,58,322
05/04/2014,SUS,MO,ACE,CE,Towers with Radar,0,26,46,3,75,0,10,257,3,270,0,36,303,6,345,70,0,70,415
05/05/2014,SUS,MO,ACE,CE,Towers with Radar,0,27,67,3,97,0,9,136,0,145,0,36,203,3,242,44,0,44,286
05/06/2014,SUS,MO,ACE,CE,Towers with Radar,2,32,78,0,112,0,0,89,0,89,2,32,167,0,201,134,0,134,335
05/07/2014,SUS,MO,ACE,CE,Towers with Radar,0,33,99,0,132,0,1,64,0,65,0,34,163,0,197,73,0,73,270
05/08/2014,SUS,MO,ACE,CE,Towers with Radar,0,28,91,0,119,0,0,50,0,50,0,28,141,0,169,66,0,66,235
05/09/2014,SUS,MO,ACE,CE,Towers with Radar,0,23,69,5,97,0,0,63,0,63,0,23,132,5,160,141,2,143,303
05/10/2014,SUS,MO,ACE,CE,Towers with Radar,0,15,44,0,59,0,10,127,1,138,0,25,171,1,197,160,0,160,357
05/11/2014,SUS,MO,ACE,CE,Towers with Radar,0,30,22,0,52,0,0,28,0,28,0,30,50,0,80,10,0,10,90
05/12/2014,SUS,MO,ACE,CE,Towers with Radar,0,23,66,0,89,0,0,32,0,32,0,23,98,0,121,24,0,24,145
05/13/2014,SUS,MO,ACE,CE,Towers with Radar,0,30,70,0,100,0,0,16,0,16,0,30,86,0,116,26,0,26,142
05/14/2014,SUS,MO,ACE,CE,Towers with Radar,0,55,100,0,155,0,0,25,0,25,0,55,125,0,180,22,0,22,202
05/15/2014,SUS,MO,ACE,CE,Towers with Radar,0,32,98,0,130,0,0,53,1,54,0,32,151,1,184,122,0,122,306
05/16/2014,SUS,MO,ACE,CE,Towers with Radar,0,16,87,2,105,0,2,72,0,74,0,18,159,2,179,34,0,34,213
05/17/2014,SUS,MO,ACE,CE,Towers with Radar,0,25,57,2,84,0,4,122,0,126,0,29,179,2,210,94,0,94,304
05/18/2014,SUS,MO,ACE,CE,Towers with Radar,0,39,54,2,95,0,1,103,0,104,0,40,157,2,199,44,0,44,243
05/19/2014,SUS,MO,ACE,CE,Towers with Radar,0,31,75,2,108,0,0,59,4,63,0,31,134,6,171,116,0,116,287
05/20/2014,SUS,MO,ACE,CE,Towers with Radar,0,35,54,0,89,0,5,72,0,77,0,40,126,0,166,191,0,191,357
05/21/2014,SUS,MO,ACE,CE,Towers with Radar,0,44,95,2,141,0,2,70,1,73,0,46,165,3,214,118,0,118,332
05/22/2014,SUS,MO,ACE,CE,Towers with Radar,0,47,104,2,153,0,2,118,0,120,0,49,222,2,273,288,0,288,561
05/23/2014,SUS,MO,ACE,CE,Towers with Radar,0,32,87,1,120,0,0,119,0,119,0,32,206,1,239,304,0,304,543
05/24/2014,SUS,MO,ACE,CE,Towers with Radar,0,15,22,0,37,0,1,119,1,121,0,16,141,1,158,222,0,222,380
05/25/2014,SUS,MO,ACE,CE,Towers with Radar,0,24,32,0,56,0,0,73,0,73,0,24,105,0,129,176,0,176,305
05/26/2014,SUS,MO,ACE,CE,Towers with Radar,0,27,65,1,93,0,14,82,2,98,0,41,147,3,191,133,0,133,324
05/27/2014,SUS,MO,ACE,CE,Towers with Radar,0,22,83,0,105,0,0,65,0,65,0,22,148,0,170,133,0,133,303
05/28/2014,SUS,MO,ACE,CE,Towers with Radar,0,44,96,0,140,0,2,103,1,106,0,46,199,1,246,377,0,377,623
05/29/2014,SUS,MO,ACE,CE,Towers with Radar,0,27,82,0,109,0,0,84,0,84,0,27,166,0,193,204,2,206,399
05/30/2014,SUS,MO,ACE,CE,Towers with Radar,0,21,65,2,88,0,4,63,0,67,0,25,128,2,155,54,0,54,209
05/31/2014,SUS,MO,ACE,CE,Towers with Radar,0,24,54,6,84,0,1,62,0,63,0,25,116,6,147,110,6,116,263
06/01/2014,SUS,MO,ACE,CE,Towers with Radar,0,33,47,0,80,0,0,52,0,52,0,33,99,0,132,72,0,72,204
06/02/2014,SUS,MO,ACE,CE,Towers with Radar,0,21,87,0,108,0,1,46,0,47,0,22,133,0,155,97,0,97,252
06/03/2014,SUS,MO,ACE,CE,Towers with Radar,0,33,81,0,114,0,3,86,2,91,0,36,167,2,205,177,0,177,382
06/04/2014,SUS,MO,ACE,CE,Towers with Radar,0,34,56,0,90,0,2,49,0,51,0,36,105,0,141,158,0,158,299
06/05/2014,SUS,MO,ACE,CE,Towers with Radar,0,43,68,0,111,0,2,35,0,37,0,45,103,0,148,160,0,160,308
06/06/2014,SUS,MO,ACE,CE,Towers with Radar,0,21,69,2,92,0,0,53,0,53,0,21,122,2,145,156,0,156,301
06/07/2014,SUS,MO,ACE,CE,Towers with Radar,0,23,28,0,51,0,0,11,0,11,0,23,39,0,62,24,0,24,86
06/08/2014,SUS,MO,ACE,CE,Towers with Radar,0,34,66,0,100,0,2,82,0,84,0,36,148,0,184,96,0,96,280
06/09/2014,SUS,MO,ACE,CE,Towers with Radar,0,20,58,0,78,0,1,47,0,48,0,21,105,0,126,86,0,86,212
06/10/2014,SUS,MO,ACE,CE,Towers with Radar,0,32,90,0,122,0,0,21,0,21,0,32,111,0,143,47,0,47,190
06/11/2014,SUS,MO,ACE,CE,Towers with Radar,0,47,113,0,160,0,1,55,0,56,0,48,168,0,216,202,0,202,418
06/12/2014,SUS,MO,ACE,CE,Towers with Radar,0,31,98,0,129,0,0,88,2,90,0,31,186,2,219,230,0,230,449
06/13/2014,SUS,MO,ACE,CE,Towers with Radar,0,26,68,0,94,0,4,149,0,153,0,30,217,0,247,140,0,140,387
06/14/2014,SUS,MO,ACE,CE,Towers with Radar,0,20,55,7,82,0,2,150,1,153,0,22,205,8,235,90,0,90,325
06/15/2014,SUS,MO,ACE,CE,Towers with Radar,0,46,37,2,85,0,1,68,0,69,0,47,105,2,154,86,0,86,240
06/16/2014,SUS,MO,ACE,CE,Towers with Radar,0,44,64,0,108,0,0,71,0,71,0,44,135,0,179,235,0,235,414
06/17/2014,SUS,MO,ACE,CE,Towers with Radar,0,37,69,0,106,0,2,73,0,75,0,39,142,0,181,193,0,193,374
06/18/2014,SUS,MO,ACE,CE,Towers with Radar,0,46,76,0,122,0,0,72,7,79,0,46,148,7,201,130,0,130,331
06/19/2014,SUS,MO,ACE,CE,Towers with Radar,0,44,85,2,131,0,0,98,0,98,0,44,183,2,229,128,0,128,357
06/20/2014,SUS,MO,ACE,CE,Towers with Radar,0,29,74,0,103,0,0,72,0,72,0,29,146,0,175,248,0,248,423
06/21/2014,SUS,MO,ACE,CE,Towers with Radar,0,20,38,2,60,0,0,102,0,102,0,20,140,2,162,93,0,93,255
06/22/2014,SUS,MO,ACE,CE,Towers with Radar,0,21,62,1,84,0,0,104,0,104,0,21,166,1,188,128,0,128,316
06/23/2014,SUS,MO,ACE,CE,Towers with Radar,0,31,71,0,102,0,1,42,0,43,0,32,113,0,145,113,0,113,258
06/24/2014,SUS,MO,ACE,CE,Towers with Radar,0,37,103,0,140,0,0,56,0,56,0,37,159,0,196,188,0,188,384
06/25/2014,SUS,MO,ACE,CE,Towers with Radar,0,39,87,0,126,0,0,132,0,132,0,39,219,0,258,250,0,250,508
06/26/2014,SUS,MO,ACE,CE,Towers with Radar,0,55,110,0,165,0,4,79,1,84,0,59,189,1,249,168,0,168,417
06/27/2014,SUS,MO,ACE,CE,Towers with Radar,1,35,67,5,108,0,0,83,0,83,1,35,150,5,191,102,4,106,297
06/28/2014,SUS,MO,ACE,CE,Towers with Radar,0,22,53,2,77,0,4,63,9,76,0,26,116,11,153,34,18,52,205
06/29/2014,SUS,MO,ACE,CE,Towers with Radar,0,40,52,1,93,0,1,38,0,39,0,41,90,1,132,10,0,10,142
06/30/2014,SUS,MO,ACE,CE,Towers with Radar,0,29,68,0,97,0,0,66,0,66,0,29,134,0,163,124,0,124,287
07/01/2014,SUS,MO,ACE,CE,Towers with Radar,0,36,61,0,97,0,0,86,0,86,0,36,147,0,183,297,0,297,480
07/02/2014,SUS,MO,ACE,CE,Towers with Radar,1,44,71,0,116,0,4,91,2,97,1,48,162,2,213,132,0,132,345
07/03/2014,SUS,MO,ACE,CE,Towers with Radar,0,38,57,4,99,0,0,124,0,124,0,38,181,4,223,66,0,66,289
07/04/2014,SUS,MO,ACE,CE,Towers with Radar,0,3,14,0,17,0,2,113,0,115,0,5,127,0,132,98,0,98,230
07/05/2014,SUS,MO,ACE,CE,Towers with Radar,0,18,31,0,49,0,4,77,1,82,0,22,108,1,131,44,0,44,175
07/06/2014,SUS,MO,ACE,CE,Towers with Radar,0,47,51,0,98,0,0,57,0,57,0,47,108,0,155,34,0,34,189
07/07/2014,SUS,MO,ACE,CE,Towers with Radar,0,24,60,0,84,0,1,64,0,65,0,25,124,0,149,102,0,102,251
07/08/2014,SUS,MO,ACE,CE,Towers with Radar,2,35,67,0,104,0,1,73,0,74,2,36,140,0,178,236,0,236,414
07/09/2014,SUS,MO,ACE,CE,Towers with Radar,0,39,81,4,124,0,2,118,0,120,0,41,199,4,244,154,0,154,398
07/10/2014,SUS,MO,ACE,CE,Towers with Radar,0,35,84,6,125,0,3,117,1,121,0,38,201,7,246,150,0,150,396
07/11/2014,SUS,MO,ACE,CE,Towers with Radar,0,22,82,3,107,0,3,100,0,103,0,25,182,3,210,62,0,62,272
07/12/2014,SUS,MO,ACE,CE,Towers with Radar,0,27,54,0,81,0,9,115,3,127,0,36,169,3,208,34,0,34,242
07/13/2014,SUS,MO,ACE,CE,Towers with Radar,0,34,48,0,82,0,2,68,0,70,0,36,116,0,152,10,0,10,162
07/14/2014,SUS,MO,ACE,CE,Towers with Radar,0,29,59,0,88,0,9,45,0,54,0,38,104,0,142,46,0,46,188
07/15/2014,SUS,MO,ACE,CE,Towers with Radar,0,38,66,2,106,0,0,100,0,100,0,38,166,2,206,114,0,114,320
07/16/2014,SUS,MO,ACE,CE,Towers with Radar,0,51,79,6,136,0,1,134,1,136,0,52,213,7,272,102,0,102,374
07/17/2014,SUS,MO,ACE,CE,Towers with Radar,0,41,82,9,132,0,0,102,0,102,0,41,184,9,234,72,0,72,306
07/18/2014,SUS,MO,ACE,CE,Towers with Radar,0,36,74,12,122,0,0,113,2,115,0,36,187,14,237,92,0,92,329
07/19/2014,SUS,MO,ACE,CE,Towers with Radar,0,11,76,6,93,0,1,120,1,122,0,12,196,7,215,97,4,101,316
07/20/2014,SUS,MO,ACE,CE,Towers with Radar,0,38,73,6,117,0,0,110,0,110,0,38,183,6,227,84,0,84,311
07/21/2014,SUS,MO,ACE,CE,Towers with Radar,0,27,89,2,118,0,2,81,0,83,0,29,170,2,201,110,0,110,311
07/22/2014,SUS,MO,ACE,CE,Towers with Radar,0,41,74,2,117,0,0,94,0,94,0,41,168,2,211,236,0,236,447
07/23/2014,SUS,MO,ACE,CE,Towers with Radar,0,47,82,4,133,0,0,45,0,45,0,47,127,4,178,110,0,110,288
07/24/2014,SUS,MO,ACE,CE,Towers with Radar,1,44,67,3,115,0,12,136,3,151,1,56,203,6,266,136,0,136,402
07/25/2014,SUS,MO,ACE,CE,Towers with Radar,0,34,82,2,118,0,1,115,0,116,0,35,197,2,234,164,0,164,398
07/26/2014,SUS,MO,ACE,CE,Towers with Radar,0,29,44,0,73,0,5,88,3,96,0,34,132,3,169,107,0,107,276
07/27/2014,SUS,MO,ACE,CE,Towers with Radar,0,49,66,2,117,0,1,77,0,78,0,50,143,2,195,122,0,122,317
07/28/2014,SUS,MO,ACE,CE,Towers with Radar,0,37,66,0,103,0,4,69,10,83,0,41,135,10,186,52,0,52,238
07/29/2014,SUS,MO,ACE,CE,Towers with Radar,0,36,68,0,104,0,5,107,0,112,0,41,175,0,216,82,0,82,298
07/30/2014,SUS,MO,ACE,CE,Towers with Radar,0,39,89,6,134,0,0,152,0,152,0,39,241,6,286,182,0,182,468
07/31/2014,SUS,MO,ACE,CE,Towers with Radar,0,25,78,3,106,0,0,133,0,133,0,25,211,3,239,174,0,174,413
08/01/2014,SUS,MO,ACE,CE,Towers with Radar,0,16,72,8,96,0,3,78,1,82,0,19,150,9,178,88,2,90,268
08/02/2014,SUS,MO,ACE,CE,Towers with Radar,0,20,38,10,68,0,1,101,2,104,0,21,139,12,172,60,10,70,242
08/03/2014,SUS,MO,ACE,CE,Towers with Radar,0,39,62,1,102,0,0,107,0,107,0,39,169,1,209,79,0,79,288
08/04/2014,SUS,MO,ACE,CE,Towers with Radar,0,18,65,0,83,0,0,80,4,84,0,18,145,4,167,73,0,73,240
08/05/2014,SUS,MO,ACE,CE,Towers with Radar,0,24,73,0,97,0,0,92,4,96,0,24,165,4,193,194,0,194,387
08/06/2014,SUS,MO,ACE,CE,Towers with Radar,0,38,100,0,138,0,0,80,2,82,0,38,180,2,220,74,0,74,294
08/07/2014,SUS,MO,ACE,CE,Towers with Radar,0,28,71,2,101,0,0,3,1,4,0,28,74,3,105,0,0,0,105
08/08/2014,SUS,MO,ACE,CE,Towers with Radar,0,24,63,3,90,0,0,41,0,41,0,24,104,3,131,20,0,20,151
08/09/2014,SUS,MO,ACE,CE,Towers with Radar,0,13,58,2,73,0,1,37,0,38,0,14,95,2,111,36,0,36,147
08/10/2014,SUS,MO,ACE,CE,Towers with Radar,0,35,54,12,101,0,1,61,2,64,0,36,115,14,165,208,10,218,383
08/11/2014,SUS,MO,ACE,CE,Towers with Radar,0,26,62,1,89,0,0,71,1,72,0,26,133,2,161,150,0,150,311
08/12/2014,SUS,MO,ACE,CE,Towers with Radar,0,32,66,2,100,0,3,98,3,104,0,35,164,5,204,48,2,50,254
08/13/2014,SUS,MO,ACE,CE,Towers with Radar,0,47,67,4,118,0,4,130,1,135,0,51,197,5,253,136,0,136,389
08/14/2014,SUS,MO,ACE,CE,Towers with Radar,0,42,113,0,155,0,0,146,0,146,0,42,259,0,301,229,0,229,530
08/15/2014,SUS,MO,ACE,CE,Towers with Radar,0,15,73,4,92,0,5,102,2,109,0,20,175,6,201,56,22,78,279
08/16/2014,SUS,MO,ACE,CE,Towers with Radar,0,17,28,0,45,0,0,23,1,24,0,17,51,1,69,4,0,4,73
08/17/2014,SUS,MO,ACE,CE,Towers with Radar,0,34,66,0,100,0,0,7,0,7,0,34,73,0,107,0,0,0,107
08/18/2014,SUS,MO,ACE,CE,Towers with Radar,0,28,96,6,130,0,0,61,0,61,0,28,157,6,191,176,0,176,367
08/19/2014,SUS,MO,ACE,CE,Towers with Radar,0,37,108,0,145,0,0,101,3,104,0,37,209,3,249,212,0,212,461
08/20/2014,SUS,MO,ACE,CE,Towers with Radar,0,53,95,1,149,0,1,70,10,81,0,54,165,11,230,74,0,74,304
08/21/2014,SUS,MO,ACE,CE,Towers with Radar,0,35,93,2,130,0,0,108,0,108,0,35,201,2,238,104,0,104,342
08/22/2014,SUS,MO,ACE,CE,Towers with Radar,0,32,63,4,99,0,0,71,0,71,0,32,134,4,170,174,0,174,344
08/23/2014,SUS,MO,ACE,CE,Towers with Radar,0,21,42,0,63,0,3,85,0,88,0,24,127,0,151,111,0,111,262
08/24/2014,SUS,MO,ACE,CE,Towers with Radar,0,33,64,1,98,0,5,101,1,107,0,38,165,2,205,144,0,144,349
08/25/2014,SUS,MO,ACE,CE,Towers with Radar,0,36,75,2,113,0,0,87,0,87,0,36,162,2,200,62,0,62,262
08/26/2014,SUS,MO,ACE,CE,Towers with Radar,0,36,74,0,110,0,2,85,0,87,0,38,159,0,197,144,0,144,341
08/27/2014,SUS,MO,ACE,CE,Towers with Radar,0,36,87,2,125,0,0,72,0,72,0,36,159,2,197,70,0,70,267
08/28/2014,SUS,MO,ACE,CE,Towers with Radar,0,36,79,5,120,0,0,84,1,85,0,36,163,6,205,134,8,142,347
08/29/2014,SUS,MO,ACE,CE,Towers with Radar,0,30,91,0,121,0,0,78,1,79,0,30,169,1,200,59,4,63,263
08/30/2014,SUS,MO,ACE,CE,Towers with Radar,0,20,27,0,47,0,1,44,0,45,0,21,71,0,92,36,0,36,128
08/31/2014,SUS,MO,ACE,CE,Towers with Radar,0,23,31,0,54,0,0,68,0,68,0,23,99,0,122,42,0,42,164
09/01/2014,SUS,MO,ACE,CE,Towers with Radar,0,29,37,0,66,0,0,46,0,46,0,29,83,0,112,2,0,2,114
09/02/2014,SUS,MO,ACE,CE,Towers with Radar,1,26,50,0,77,0,0,33,0,33,1,26,83,0,110,42,0,42,152
09/03/2014,SUS,MO,ACE,CE,Towers with Radar,2,38,72,0,112,0,12,81,0,93,2,50,153,0,205,112,0,112,317
09/04/2014,SUS,MO,ACE,CE,Towers with Radar,0,35,79,0,114,0,3,89,0,92,0,38,168,0,206,158,0,158,364
09/05/2014,SUS,MO,ACE,CE,Towers with Radar,0,24,65,6,95,0,1,65,0,66,0,25,130,6,161,47,0,47,208
09/06/2014,SUS,MO,ACE,CE,Towers with Radar,0,11,47,0,58,0,2,44,0,46,0,13,91,0,104,34,0,34,138
09/07/2014,SUS,MO,ACE,CE,Towers with Radar,0,35,80,4,119,0,13,149,0,162,0,48,229,4,281,148,6,154,435
09/08/2014,SUS,MO,ACE,CE,Towers with Radar,0,30,64,0,94,0,0,87,0,87,0,30,151,0,181,144,0,144,325
09/09/2014,SUS,MO,ACE,CE,Towers with Radar,1,38,75,0,114,0,0,80,1,81,1,38,155,1,195,68,0,68,263
09/10/2014,SUS,MO,ACE,CE,Towers with Radar,0,44,60,0,104,0,0,21,0,21,0,44,81,0,125,142,0,142,267
09/11/2014,SUS,MO,ACE,CE,Towers with Radar,0,38,80,8,126,0,1,21,0,22,0,39,101,8,148,115,0,115,263
09/12/2014,SUS,MO,ACE,CE,Towers with Radar,0,31,84,0,115,0,3,24,1,28,0,34,108,1,143,52,0,52,195
09/13/2014,SUS,MO,ACE,CE,Towers with Radar,0,15,54,6,75,0,1,104,8,113,0,16,158,14,188,92,0,92,280
09/14/2014,SUS,MO,ACE,CE,Towers with Radar,0,34,53,2,89,0,0,94,0,94,0,34,147,2,183,39,0,39,222
09/15/2014,SUS,MO,ACE,CE,Towers with Radar,0,36,73,2,111,0,0,32,0,32,0,36,105,2,143,24,0,24,167
09/16/2014,SUS,MO,ACE,CE,Towers with Radar,0,51,60,0,111,0,0,76,4,80,0,51,136,4,191,110,0,110,301
09/17/2014,SUS,MO,ACE,CE,Towers with Radar,0,37,77,2,116,0,0,47,0,47,0,37,124,2,163,158,0,158,321
09/18/2014,SUS,MO,ACE,CE,Towers with Radar,0,53,74,5,132,0,0,122,0,122,0,53,196,5,254,222,4,226,480
09/19/2014,SUS,MO,ACE,CE,Towers with Radar,0,48,84,7,139,0,3,99,0,102,0,51,183,7,241,210,0,210,451
09/20/2014,SUS,MO,ACE,CE,Towers with Radar,0,17,28,3,48,0,4,120,2,126,0,21,148,5,174,98,0,98,272
09/21/2014,SUS,MO,ACE,CE,Towers with Radar,0,34,31,0,65,0,0,84,0,84,0,34,115,0,149,136,0,136,285
09/22/2014,SUS,MO,ACE,CE,Towers with Radar,0,34,42,1,77,0,5,97,4,106,0,39,139,5,183,142,0,142,325
09/23/2014,SUS,MO,ACE,CE,Towers with Radar,0,37,78,0,115,0,1,122,1,124,0,38,200,1,239,164,0,164,403
09/24/2014,SUS,MO,ACE,CE,Towers with Radar,0,45,108,0,153,0,5,148,7,160,0,50,256,7,313,306,0,306,619
09/25/2014,SUS,MO,ACE,CE,Towers with Radar,0,44,83,6,133,0,10,80,0,90,0,54,163,6,223,144,0,144,367
09/26/2014,SUS,MO,ACE,CE,Towers with Radar,0,20,81,29,130,0,1,112,6,119,0,21,193,35,249,115,6,121,370
09/27/2014,SUS,MO,ACE,CE,Towers with Radar,0,21,51,3,75,0,2,139,0,141,0,23,190,3,216,84,0,84,300
09/28/2014,SUS,MO,ACE,CE,Towers with Radar,0,35,57,10,102,0,2,89,0,91,0,37,146,10,193,114,0,114,307
09/29/2014,SUS,MO,ACE,CE,Towers with Radar,1,34,66,2,103,0,9,98,0,107,1,43,164,2,210,180,0,180,390
09/30/2014,SUS,MO,ACE,CE,Towers with Radar,0,39,96,0,135,0,1,124,0,125,0,40,220,0,260,239,0,239,499
10/01/2014,SUS,MO,ACE,CE,Towers with Radar,0,46,72,0,118,0,7,67,0,74,0,53,139,0,192,84,0,84,276
10/02/2014,SUS,MO,ACE,CE,Towers with Radar,0,33,68,0,101,0,0,9,0,9,0,33,77,0,110,50,0,50,160
10/03/2014,SUS,MO,ACE,CE,Towers with Radar,0,42,60,4,106,0,0,58,2,60,0,42,118,6,166,128,6,134,300
10/04/2014,SUS,MO,ACE,CE,Towers with Radar,0,15,45,6,66,0,2,73,3,78,0,17,118,9,144,14,0,14,158
10/05/2014,SUS,MO,ACE,CE,Towers with Radar,0,26,70,0,96,0,2,88,1,91,0,28,158,1,187,53,4,57,244
10/06/2014,SUS,MO,ACE,CE,Towers with Radar,0,37,62,3,102,0,1,83,0,84,0,38,145,3,186,136,0,136,322
10/07/2014,SUS,MO,ACE,CE,Towers with Radar,0,30,74,3,107,0,0,79,4,83,0,30,153,7,190,156,0,156,346
10/08/2014,SUS,MO,ACE,CE,Towers with Radar,0,35,78,0,113,0,1,97,0,98,0,36,175,0,211,80,0,80,291
10/09/2014,SUS,MO,ACE,CE,Towers with Radar,0,30,65,0,95,0,0,5,0,5,0,30,70,0,100,0,0,0,100
10/10/2014,SUS,MO,ACE,CE,Towers with Radar,0,37,61,0,98,0,1,4,0,5,0,38,65,0,103,0,0,0,103
10/11/2014,SUS,MO,ACE,CE,Towers with Radar,0,17,48,1,66,0,2,103,1,106,0,19,151,2,172,66,0,66,238
10/12/2014,SUS,MO,ACE,CE,Towers with Radar,0,22,56,0,78,0,0,8,0,8,0,22,64,0,86,0,0,0,86
10/13/2014,SUS,MO,ACE,CE,Towers with Radar,0,38,41,0,79,0,1,42,0,43,0,39,83,0,122,154,0,154,276
10/14/2014,SUS,MO,ACE,CE,Towers with Radar,0,28,59,0,87,0,0,0,0,0,0,28,59,0,87,0,0,0,87
10/15/2014,SUS,MO,ACE,CE,Towers with Radar,0,27,84,0,111,0,0,77,0,77,0,27,161,0,188,240,0,240,428
10/16/2014,SUS,MO,ACE,CE,Towers with Radar,0,40,100,0,140,0,0,142,0,142,0,40,242,0,282,229,0,229,511
10/17/2014,SUS,MO,ACE,CE,Towers with Radar,0,37,71,0,108,0,0,101,1,102,0,37,172,1,210,100,12,112,322
10/18/2014,SUS,MO,ACE,CE,Towers with Radar,0,16,45,0,61,0,0,109,0,109,0,16,154,0,170,80,0,80,250
10/19/2014,SUS,MO,ACE,CE,Towers with Radar,0,32,62,1,95,0,2,124,0,126,0,34,186,1,221,85,0,85,306
10/20/2014,SUS,MO,ACE,CE,Towers with Radar,0,26,66,0,92,0,3,129,0,132,0,29,195,0,224,140,0,140,364
10/21/2014,SUS,MO,ACE,CE,Towers with Radar,0,44,72,0,116,0,0,134,0,134,0,44,206,0,250,142,0,142,392
10/22/2014,SUS,MO,ACE,CE,Towers with Radar,0,50,104,2,156,0,0,112,0,112,0,50,216,2,268,79,0,79,347
10/23/2014,SUS,MO,ACE,CE,Towers with Radar,0,31,80,0,111,0,0,99,4,103,0,31,179,4,214,118,0,118,332
10/24/2014,SUS,MO,ACE,CE,Towers with Radar,0,33,80,0,113,0,0,125,0,125,0,33,205,0,238,262,0,262,500
10/25/2014,SUS,MO,ACE,CE,Towers with Radar,0,27,40,0,67,0,0,141,0,141,0,27,181,0,208,114,0,114,322
10/26/2014,SUS,MO,ACE,CE,Towers with Radar,0,27,61,0,88,0,0,144,0,144,0,27,205,0,232,178,0,178,410
10/27/2014,SUS,MO,ACE,CE,Towers with Radar,0,36,78,2,116,0,0,75,0,75,0,36,153,2,191,140,0,140,331
10/28/2014,SUS,MO,ACE,CE,Towers with Radar,0,38,81,3,122,0,0,90,2,92,0,38,171,5,214,162,0,162,376
10/29/2014,SUS,MO,ACE,CE,Towers with Radar,0,43,68,0,111,0,0,128,0,128,0,43,196,0,239,141,0,141,380
10/30/2014,SUS,MO,ACE,CE,Towers with Radar,0,45,79,1,125,0,2,65,4,71,0,47,144,5,196,100,1,101,297
10/31/2014,SUS,MO,ACE,CE,Towers with Radar,0,20,44,0,64,0,1,39,1,41,0,21,83,1,105,6,0,6,111
11/01/2014,SUS,MO,ACE,CE,Towers with Radar,0,12,56,0,68,0,1,96,5,102,0,13,152,5,170,49,0,49,219
11/02/2014,SUS,MO,ACE,CE,Towers with Radar,0,37,47,0,84,0,1,90,0,91,0,38,137,0,175,160,0,160,335
11/03/2014,SUS,MO,ACE,CE,Towers with Radar,0,28,78,0,106,0,2,53,0,55,0,30,131,0,161,84,0,84,245
11/04/2014,SUS,MO,ACE,CE,Towers with Radar,0,33,81,3,117,0,0,19,0,19,0,33,100,3,136,6,0,6,142
11/05/2014,SUS,MO,ACE,CE,Towers with Radar,0,32,91,4,127,0,0,118,0,118,0,32,209,4,245,227,0,227,472
11/06/2014,SUS,MO,ACE,CE,Towers with Radar,0,31,73,2,106,0,0,17,0,17,0,31,90,2,123,110,0,110,233
11/07/2014,SUS,MO,ACE,CE,Towers with Radar,0,20,87,14,121,0,0,97,11,108,0,20,184,25,229,36,12,48,277
11/08/2014,SUS,MO,ACE,CE,Towers with Radar,0,12,48,0,60,0,2,37,4,43,0,14,85,4,103,36,0,36,139
11/09/2014,SUS,MO,ACE,CE,Towers with Radar,0,22,68,7,97,0,3,91,2,96,0,25,159,9,193,58,8,66,259
11/10/2014,SUS,MO,ACE,CE,Towers with Radar,0,29,94,0,123,0,0,57,0,57,0,29,151,0,180,60,0,60,240
11/11/2014,SUS,MO,ACE,CE,Towers with Radar,0,26,67,0,93,0,3,39,0,42,0,29,106,0,135,84,0,84,219
11/12/2014,SUS,MO,ACE,CE,Towers with Radar,0,39,98,0,137,0,0,56,0,56,0,39,154,0,193,54,0,54,247
11/13/2014,SUS,MO,ACE,CE,Towers with Radar,0,27,79,3,109,0,1,84,0,85,0,28,163,3,194,97,0,97,291
11/14/2014,SUS,MO,ACE,CE,Towers with Radar,0,20,68,0,88,0,1,105,0,106,0,21,173,0,194,190,0,190,384
11/15/2014,SUS,MO,ACE,CE,Towers with Radar,0,15,42,4,61,0,2,56,0,58,0,17,98,4,119,66,0,66,185
11/16/2014,SUS,MO,ACE,CE,Towers with Radar,0,31,25,0,56,0,0,8,0,8,0,31,33,0,64,10,0,10,74
11/17/2014,SUS,MO,ACE,CE,Towers with Radar,1,32,66,2,101,0,0,32,2,34,1,32,98,4,135,60,12,72,207
11/18/2014,SUS,MO,ACE,CE,Towers with Radar,0,36,60,0,96,0,0,57,0,57,0,36,117,0,153,65,0,65,218
11/19/2014,SUS,MO,ACE,CE,Towers with Radar,2,38,62,0,102,0,4,72,0,76,2,42,134,0,178,85,0,85,263
11/20/2014,SUS,MO,ACE,CE,Towers with Radar,2,32,83,0,117,0,1,118,0,119,2,33,201,0,236,204,0,204,440
11/21/2014,SUS,MO,ACE,CE,Towers with Radar,2,21,56,0,79,1,1,79,1,82,3,22,135,1,161,66,0,66,227
11/22/2014,SUS,MO,ACE,CE,Towers with Radar,4,17,35,2,58,0,0,26,0,26,4,17,61,2,84,28,0,28,112
11/23/2014,SUS,MO,ACE,CE,Towers with Radar,2,24,44,0,70,0,0,0,0,0,2,24,44,0,70,0,0,0,70
11/24/2014,SUS,MO,ACE,CE,Towers with Radar,3,26,47,0,76,0,2,43,1,46,3,28,90,1,122,26,0,26,148
11/25/2014,SUS,MO,ACE,CE,Towers with Radar,2,39,81,4,126,0,4,106,1,111,2,43,187,5,237,87,0,87,324
11/26/2014,SUS,MO,ACE,CE,Towers with Radar,4,31,35,0,70,0,0,7,0,7,4,31,42,0,77,6,0,6,83
11/27/2014,SUS,MO,ACE,CE,Towers with Radar,3,7,13,0,23,0,0,26,0,26,3,7,39,0,49,0,0,0,49
11/28/2014,SUS,MO,ACE,CE,Towers with Radar,4,14,33,0,51,0,0,87,0,87,4,14,120,0,138,26,0,26,164
11/29/2014,SUS,MO,ACE,CE,Towers with Radar,3,19,38,0,60,0,0,60,0,60,3,19,98,0,120,41,0,41,161
11/30/2014,SUS,MO,ACE,CE,Towers with Radar,2,33,48,0,83,0,0,35,0,35,2,33,83,0,118,16,0,16,134
12/01/2014,SUS,MO,ACE,CE,Towers with Radar,2,22,57,1,82,0,1,36,2,39,2,23,93,3,121,16,0,16,137
12/02/2014,SUS,MO,ACE,CE,Towers with Radar,3,28,54,0,85,0,0,55,1,56,3,28,109,1,141,103,0,103,244
12/03/2014,SUS,MO,ACE,CE,Towers with Radar,2,30,63,0,95,0,3,109,1,113,2,33,172,1,208,159,2,161,369
12/04/2014,SUS,MO,ACE,CE,Towers with Radar,2,32,55,0,89,0,0,0,0,0,2,32,55,0,89,0,0,0,89
12/05/2014,SUS,MO,ACE,CE,Towers with Radar,0,23,53,0,76,0,0,0,0,0,0,23,53,0,76,0,0,0,76
12/06/2014,SUS,MO,ACE,CE,Towers with Radar,0,27,34,0,61,0,0,0,0,0,0,27,34,0,61,0,0,0,61
12/07/2014,SUS,MO,ACE,CE,Towers with Radar,2,26,63,1,92,0,0,36,1,37,2,26,99,2,129,102,0,102,231
12/08/2014,SUS,MO,ACE,CE,Towers with Radar,0,42,55,0,97,0,0,27,0,27,0,42,82,0,124,126,0,126,250
12/09/2014,SUS,MO,ACE,CE,Towers with Radar,0,34,68,0,102,0,1,23,0,24,0,35,91,0,126,94,0,94,220
12/10/2014,SUS,MO,ACE,CE,Towers with Radar,0,51,70,1,122,0,0,31,0,31,0,51,101,1,153,79,0,79,232
12/11/2014,SUS,MO,ACE,CE,Towers with Radar,0,41,75,2,118,0,0,86,0,86,0,41,161,2,204,148,0,148,352
12/12/2014,SUS,MO,ACE,CE,Towers with Radar,0,25,65,1,91,0,0,112,0,112,0,25,177,1,203,240,0,240,443
12/13/2014,SUS,MO,ACE,CE,Towers with Radar,0,16,52,0,68,0,1,93,0,94,0,17,145,0,162,182,0,182,344
12/14/2014,SUS,MO,ACE,CE,Towers with Radar,0,24,37,1,62,0,0,90,1,91,0,24,127,2,153,136,0,136,289
12/15/2014,SUS,MO,ACE,CE,Towers with Radar,0,32,54,0,86,0,1,17,0,18,0,33,71,0,104,78,0,78,182
12/16/2014,SUS,MO,ACE,CE,Towers with Radar,0,37,28,0,65,0,2,30,0,32,0,39,58,0,97,50,0,50,147
12/17/2014,SUS,MO,ACE,CE,Towers with Radar,0,42,106,2,150,0,0,102,0,102,0,42,208,2,252,250,0,250,502
12/18/2014,SUS,MO,ACE,CE,Towers with Radar,1,32,62,0,95,0,0,3,0,3,1,32,65,0,98,0,0,0,98
12/19/2014,SUS,MO,ACE,CE,Towers with Radar,0,33,62,0,95,0,0,39,1,40,0,33,101,1,135,146,0,146,281
12/20/2014,SUS,MO,ACE,CE,Towers with Radar,0,16,43,0,59,0,0,57,0,57,0,16,100,0,116,148,0,148,264
12/21/2014,SUS,MO,ACE,CE,Towers with Radar,0,36,41,0,77,0,3,66,1,70,0,39,107,1,147,74,0,74,221
12/22/2014,SUS,MO,ACE,CE,Towers with Radar,0,21,44,0,65,0,0,0,0,0,0,21,44,0,65,0,0,0,65
12/23/2014,SUS,MO,ACE,CE,Towers with Radar,0,33,40,0,73,0,0,58,0,58,0,33,98,0,131,146,0,146,277
12/24/2014,SUS,MO,ACE,CE,Towers with Radar,0,26,9,0,35,0,0,1,0,1,0,26,10,0,36,0,0,0,36
12/25/2014,SUS,MO,ACE,CE,Towers with Radar,0,10,14,0,24,0,0,19,0,19,0,10,33,0,43,4,0,4,47
12/26/2014,SUS,MO,ACE,CE,Towers with Radar,0,33,49,0,82,0,1,84,1,86,0,34,133,1,168,34,0,34,202
12/27/2014,SUS,MO,ACE,CE,Towers with Radar,0,21,50,0,71,0,0,3,0,3,0,21,53,0,74,0,0,0,74
12/28/2014,SUS,MO,ACE,CE,Towers with Radar,0,31,36,0,67,0,0,55,0,55,0,31,91,0,122,81,0,81,203
12/29/2014,SUS,MO,ACE,CE,Towers with Radar,0,24,41,0,65,0,1,103,0,104,0,25,144,0,169,36,0,36,205
12/30/2014,SUS,MO,ACE,CE,Towers with Radar,0,37,39,0,76,0,2,59,0,61,0,39,98,0,137,69,0,69,206
12/31/2014,SUS,MO,ACE,CE,Towers with Radar,0,13,37,0,50,0,2,78,0,80,0,15,115,0,130,52,0,52,182
01/01/2015,SUS,MO,ACE,CE,Towers with Radar,0,6,15,0,21,0,0,39,0,39,0,6,54,0,60,6,0,6,66
01/02/2015,SUS,MO,ACE,CE,Towers with Radar,0,16,60,0,76,0,1,27,0,28,0,17,87,0,104,67,0,67,171
01/03/2015,SUS,MO,ACE,CE,Towers with Radar,0,28,41,0,69,0,0,0,0,0,0,28,41,0,69,0,0,0,69
01/04/2015,SUS,MO,ACE,CE,Towers with Radar,0,43,31,0,74,0,0,1,0,1,0,43,32,0,75,0,0,0,75
01/05/2015,SUS,MO,ACE,CE,Towers with Radar,0,27,43,2,72,0,0,78,0,78,0,27,121,2,150,177,0,177,327
01/06/2015,SUS,MO,ACE,CE,Towers with Radar,0,28,48,0,76,0,0,56,0,56,0,28,104,0,132,51,0,51,183
01/07/2015,SUS,MO,ACE,CE,Towers with Radar,0,37,37,0,74,0,0,26,2,28,0,37,63,2,102,26,0,26,128
01/08/2015,SUS,MO,ACE,CE,Towers with Radar,0,38,58,0,96,0,0,25,0,25,0,38,83,0,121,126,0,126,247
01/09/2015,SUS,MO,ACE,CE,Towers with Radar,0,21,43,0,64,0,2,53,0,55,0,23,96,0,119,142,0,142,261
01/10/2015,SUS,MO,ACE,CE,Towers with Radar,0,16,56,0,72,0,6,111,7,124,0,22,167,7,196,130,0,130,326
01/11/2015,SUS,MO,ACE,CE,Towers with Radar,1,21,19,0,41,0,0,12,0,12,1,21,31,0,53,32,0,32,85
01/12/2015,SUS,MO,ACE,CE,Towers with Radar,0,35,48,4,87,0,0,36,0,36,0,35,84,4,123,74,0,74,197
01/13/2015,SUS,MO,ACE,CE,Towers with Radar,0,27,40,0,67,0,2,98,1,101,0,29,138,1,168,155,0,155,323
01/14/2015,SUS,MO,ACE,CE,Towers with Radar,0,38,63,0,101,0,0,117,0,117,0,38,180,0,218,234,0,234,452
01/15/2015,SUS,MO,ACE,CE,Towers with Radar,0,33,84,2,119,0,0,96,0,96,0,33,180,2,215,244,0,244,459
01/16/2015,SUS,MO,ACE,CE,Towers with Radar,0,28,82,0,110,0,2,117,0,119,0,30,199,0,229,94,0,94,323
01/17/2015,SUS,MO,ACE,CE,Towers with Radar,0,10,44,0,54,0,5,62,0,67,0,15,106,0,121,52,0,52,173
01/18/2015,SUS,MO,ACE,CE,Towers with Radar,0,26,72,0,98,0,3,86,2,91,0,29,158,2,189,92,0,92,281
01/19/2015,SUS,MO,ACE,CE,Towers with Radar,0,37,81,0,118,0,1,99,0,100,0,38,180,0,218,124,0,124,342
01/20/2015,SUS,MO,ACE,CE,Towers with Radar,0,32,52,0,84,0,2,85,0,87,0,34,137,0,171,136,0,136,307
01/21/2015,SUS,MO,ACE,CE,Towers with Radar,0,36,87,9,132,0,2,70,6,78,0,38,157,15,210,118,0,118,328
01/22/2015,SUS,MO,ACE,CE,Towers with Radar,0,36,65,1,102,0,0,76,4,80,0,36,141,5,182,266,0,266,448
01/23/2015,SUS,MO,ACE,CE,Towers with Radar,0,24,59,0,83,0,0,81,4,85,0,24,140,4,168,262,0,262,430
01/24/2015,SUS,MO,ACE,CE,Towers with Radar,0,16,38,1,55,0,0,121,1,122,0,16,159,2,177,200,0,200,377
01/25/2015,SUS,MO,ACE,CE,Towers with Radar,0,26,32,0,58,0,0,3,1,4,0,26,35,1,62,0,0,0,62
01/26/2015,SUS,MO,ACE,CE,Towers with Radar,0,21,60,0,81,0,2,56,0,58,0,23,116,0,139,256,0,256,395
01/27/2015,SUS,MO,ACE,CE,Towers with Radar,0,37,69,0,106,0,3,96,0,99,0,40,165,0,205,120,0,120,325
01/28/2015,SUS,MO,ACE,CE,Towers with Radar,0,41,73,3,117,0,0,80,1,81,0,41,153,4,198,70,2,72,270
01/29/2015,SUS,MO,ACE,CE,Towers with Radar,0,33,72,1,106,0,0,27,1,28,0,33,99,2,134,88,0,88,222
01/30/2015,SUS,MO,ACE,CE,Towers with Radar,0,22,74,3,99,0,0,132,1,133,0,22,206,4,232,270,0,270,502
01/31/2015,SUS,MO,ACE,CE,Towers with Radar,0,18,30,0,48,0,0,53,0,53,0,18,83,0,101,142,0,142,243
02/01/2015,SUS,MO,ACE,CE,Towers with Radar,0,26,10,0,36,0,0,0,0,0,0,26,10,0,36,0,0,0,36
02/02/2015,SUS,MO,ACE,CE,Towers with Radar,0,26,73,2,101,0,0,58,0,58,0,26,131,2,159,183,0,183,342
02/03/2015,SUS,MO,ACE,CE,Towers with Radar,0,24,75,0,99,0,0,100,0,100,0,24,175,0,199,346,0,346,545
02/04/2015,SUS,MO,ACE,CE,Towers with Radar,0,31,37,0,68,0,0,24,0,24,0,31,61,0,92,16,0,16,108
02/05/2015,SUS,MO,ACE,CE,Towers with Radar,0,40,86,6,132,0,6,75,0,81,0,46,161,6,213,316,0,316,529
02/06/2015,SUS,MO,ACE,CE,Towers with Radar,0,18,87,0,105,0,1,106,0,107,0,19,193,0,212,269,0,269,481
02/07/2015,SUS,MO,ACE,CE,Towers with Radar,0,24,37,0,61,0,0,112,0,112,0,24,149,0,173,73,0,73,246
02/08/2015,SUS,MO,ACE,CE,Towers with Radar,0,26,49,6,81,0,0,73,0,73,0,26,122,6,154,62,0,62,216
02/09/2015,SUS,MO,ACE,CE,Towers with Radar,0,30,58,4,92,1,0,19,0,20,1,30,77,4,112,79,0,79,191
02/10/2015,SUS,MO,ACE,CE,Towers with Radar,0,29,77,0,106,0,0,73,1,74,0,29,150,1,180,78,0,78,258
02/11/2015,SUS,MO,ACE,CE,Towers with Radar,0,34,64,4,102,0,1,32,2,35,0,35,96,6,137,70,0,70,207
02/12/2015,SUS,MO,ACE,CE,Towers with Radar,0,40,74,4,118,0,7,35,0,42,0,47,109,4,160,88,0,88,248
02/13/2015,SUS,MO,ACE,CE,Towers with Radar,0,28,67,2,97,0,3,94,2,99,0,31,161,4,196,149,0,149,345
02/14/2015,SUS,MO,ACE,CE,Towers with Radar,0,14,26,2,42,1,0,16,0,17,1,14,42,2,59,2,0,2,61
02/15/2015,SUS,MO,ACE,CE,Towers with Radar,0,20,28,0,48,0,0,28,0,28,0,20,56,0,76,96,0,96,172
02/16/2015,SUS,MO,ACE,CE,Towers with Radar,0,34,34,0,68,0,0,26,0,26,0,34,60,0,94,100,0,100,194
02/17/2015,SUS,MO,ACE,CE,Towers with Radar,0,42,54,2,98,0,0,48,0,48,0,42,102,2,146,178,0,178,324
02/18/2015,SUS,MO,ACE,CE,Towers with Radar,0,38,45,0,83,0,1,44,0,45,0,39,89,0,128,44,0,44,172
02/19/2015,SUS,MO,ACE,CE,Towers with Radar,0,32,70,2,104,0,0,93,0,93,0,32,163,2,197,192,0,192,389
02/20/2015,SUS,MO,ACE,CE,Towers with Radar,0,30,38,2,70,0,0,33,0,33,0,30,71,2,103,100,0,100,203
02/21/2015,SUS,MO,ACE,CE,Towers with Radar,0,14,26,0,40,0,0,32,0,32,0,14,58,0,72,134,0,134,206
02/22/2015,SUS,MO,ACE,CE,Towers with Radar,0,25,31,0,56,0,0,46,0,46,0,25,77,0,102,124,0,124,226
02/23/2015,SUS,MO,ACE,CE,Towers with Radar,0,25,58,0,83,0,0,50,1,51,0,25,108,1,134,162,0,162,296
02/24/2015,SUS,MO,ACE,CE,Towers with Radar,0,33,75,5,113,0,1,88,2,91,0,34,163,7,204,142,0,142,346
02/25/2015,SUS,MO,ACE,CE,Towers with Radar,0,33,59,1,93,0,2,119,0,121,0,35,178,1,214,136,0,136,350
02/26/2015,SUS,MO,ACE,CE,Towers with Radar,0,40,62,0,102,0,0,23,0,23,0,40,85,0,125,107,0,107,232
02/27/2015,SUS,MO,ACE,CE,Towers with Radar,0,25,67,4,96,2,1,102,1,106,2,26,169,5,202,205,0,205,407
02/28/2015,SUS,MO,ACE,CE,Towers with Radar,0,19,37,0,56,0,0,43,0,43,0,19,80,0,99,92,0,92,191
03/01/2015,SUS,MO,ACE,CE,Towers with Radar,0,33,29,0,62,0,0,14,0,14,0,33,43,0,76,48,0,48,124
03/02/2015,SUS,MO,ACE,CE,Towers with Radar,2,30,51,4,87,0,5,80,1,86,2,35,131,5,173,204,0,204,377
03/03/2015,SUS,MO,ACE,CE,Towers with Radar,0,38,63,0,101,0,0,3,0,3,0,38,66,0,104,10,0,10,114
03/04/2015,SUS,MO,ACE,CE,Towers with Radar,0,32,53,0,85,0,0,44,0,44,0,32,97,0,129,228,0,228,357
03/05/2015,SUS,MO,ACE,CE,Towers with Radar,0,32,67,2,101,0,1,78,2,81,0,33,145,4,182,176,58,234,416
03/06/2015,SUS,MO,ACE,CE,Towers with Radar,0,20,64,4,88,0,0,96,1,97,0,20,160,5,185,84,0,84,269
03/07/2015,SUS,MO,ACE,CE,Towers with Radar,0,18,33,0,51,0,0,129,0,129,0,18,162,0,180,158,0,158,338
03/08/2015,SUS,MO,ACE,CE,Towers with Radar,0,24,47,1,72,0,0,121,0,121,0,24,168,1,193,134,0,134,327
03/09/2015,SUS,MO,ACE,CE,Towers with Radar,0,30,73,2,105,0,1,85,0,86,0,31,158,2,191,156,0,156,347
03/10/2015,SUS,MO,ACE,CE,Towers with Radar,0,44,63,4,111,0,0,43,2,45,0,44,106,6,156,40,0,40,196
03/11/2015,SUS,MO,ACE,CE,Towers with Radar,0,35,97,7,139,0,5,108,3,116,0,40,205,10,255,248,0,248,503
03/12/2015,SUS,MO,ACE,CE,Towers with Radar,0,37,94,2,133,0,0,84,0,84,0,37,178,2,217,185,0,185,402
03/13/2015,SUS,MO,ACE,CE,Towers with Radar,0,30,56,0,86,0,0,0,0,0,0,30,56,0,86,0,0,0,86
03/14/2015,SUS,MO,ACE,CE,Towers with Radar,0,31,57,0,88,0,0,129,0,129,0,31,186,0,217,86,0,86,303
03/15/2015,SUS,MO,ACE,CE,Towers with Radar,0,26,54,2,82,0,1,136,3,140,0,27,190,5,222,90,0,90,312
03/16/2015,SUS,MO,ACE,CE,Towers with Radar,0,34,52,0,86,0,4,108,0,112,0,38,160,0,198,162,0,162,360
03/17/2015,SUS,MO,ACE,CE,Towers with Radar,0,30,51,0,81,0,0,93,0,93,0,30,144,0,174,198,0,198,372
03/18/2015,SUS,MO,ACE,CE,Towers with Radar,0,29,63,0,92,0,4,60,0,64,0,33,123,0,156,106,0,106,262
03/19/2015,SUS,MO,ACE,CE,Towers with Radar,0,27,62,0,89,0,4,50,0,54,0,31,112,0,143,206,0,206,349
03/20/2015,SUS,MO,ACE,CE,Towers with Radar,0,34,54,3,91,0,0,71,0,71,0,34,125,3,162,271,0,271,433
03/21/2015,SUS,MO,ACE,CE,Towers with Radar,0,23,57,0,80,0,3,159,2,164,0,26,216,2,244,179,0,179,423
03/22/2015,SUS,MO,ACE,CE,Towers with Radar,0,26,89,1,116,0,1,137,2,140,0,27,226,3,256,128,0,128,384
03/23/2015,SUS,MO,ACE,CE,Towers with Radar,0,16,60,0,76,0,6,74,0,80,0,22,134,0,156,162,0,162,318
03/24/2015,SUS,MO,ACE,CE,Towers with Radar,0,31,56,0,87,0,0,4,0,4,0,31,60,0,91,28,0,28,119
03/25/2015,SUS,MO,ACE,CE,Towers with Radar,0,31,74,0,105,0,2,68,0,70,0,33,142,0,175,180,0,180,355
03/26/2015,SUS,MO,ACE,CE,Towers with Radar,0,32,81,7,120,0,0,90,1,91,0,32,171,8,211,120,0,120,331
03/27/2015,SUS,MO,ACE,CE,Towers with Radar,2,29,77,0,108,0,0,92,0,92,2,29,169,0,200,154,0,154,354
03/28/2015,SUS,MO,ACE,CE,Towers with Radar,0,14,59,0,73,0,4,122,3,129,0,18,181,3,202,158,0,158,360
03/29/2015,SUS,MO,ACE,CE,Towers with Radar,0,30,43,0,73,0,0,61,0,61,0,30,104,0,134,128,0,128,262
03/30/2015,SUS,MO,ACE,CE,Towers with Radar,0,33,81,4,118,0,8,121,4,133,0,41,202,8,251,239,2,241,492
03/31/2015,SUS,MO,ACE,CE,Towers with Radar,0,39,90,4,133,0,5,145,0,150,0,44,235,4,283,260,0,260,543
04/01/2015,SUS,MO,ACE,CE,Towers with Radar,0,43,61,0,104,0,1,96,0,97,0,44,157,0,201,224,0,224,425
04/02/2015,SUS,MO,ACE,CE,Towers with Radar,0,62,59,0,121,0,0,24,0,24,0,62,83,0,145,63,0,63,208
04/03/2015,SUS,MO,ACE,CE,Towers with Radar,0,19,54,1,74,0,1,31,0,32,0,20,85,1,106,53,0,53,159
04/04/2015,SUS,MO,ACE,CE,Towers with Radar,0,16,38,1,55,0,2,142,1,145,0,18,180,2,200,124,0,124,324
04/05/2015,SUS,MO,ACE,CE,Towers with Radar,0,25,26,1,52,0,2,40,1,43,0,27,66,2,95,10,0,10,105
04/06/2015,SUS,MO,ACE,CE,Towers with Radar,0,35,82,0,117,0,0,48,0,48,0,35,130,0,165,242,0,242,407
04/07/2015,SUS,MO,ACE,CE,Towers with Radar,0,44,70,0,114,0,6,25,0,31,0,50,95,0,145,90,0,90,235
04/08/2015,SUS,MO,ACE,CE,Towers with Radar,0,36,71,0,107,0,0,27,0,27,0,36,98,0,134,40,0,40,174
04/09/2015,SUS,MO,ACE,CE,Towers with Radar,0,28,64,0,92,0,2,31,0,33,0,30,95,0,125,202,0,202,327
04/10/2015,SUS,MO,ACE,CE,Towers with Radar,0,34,79,4,117,0,1,110,0,111,0,35,189,4,228,168,0,168,396
04/11/2015,SUS,MO,ACE,CE,Towers with Radar,1,18,56,2,77,0,0,154,1,155,1,18,210,3,232,201,0,201,433
04/12/2015,SUS,MO,ACE,CE,Towers with Radar,0,29,61,0,90,0,0,48,0,48,0,29,109,0,138,76,0,76,214
04/13/2015,SUS,MO,ACE,CE,Towers with Radar,0,27,48,1,76,0,2,63,0,65,0,29,111,1,141,290,0,290,431
04/14/2015,SUS,MO,ACE,CE,Towers with Radar,0,55,72,10,137,0,1,112,1,114,0,56,184,11,251,82,0,82,333
04/15/2015,SUS,MO,ACE,CE,Towers with Radar,0,35,72,0,107,0,0,83,2,85,0,35,155,2,192,152,0,152,344
04/16/2015,SUS,MO,ACE,CE,Towers with Radar,0,32,77,6,115,0,3,88,2,93,0,35,165,8,208,60,0,60,268
04/17/2015,SUS,MO,ACE,CE,Towers with Radar,0,18,81,8,107,0,0,95,2,97,0,18,176,10,204,155,10,165,369
04/18/2015,SUS,MO,ACE,CE,Towers with Radar,0,13,42,6,61,0,2,51,3,56,0,15,93,9,117,64,0,64,181
04/19/2015,SUS,MO,ACE,CE,Towers with Radar,0,22,49,4,75,0,0,17,0,17,0,22,66,4,92,18,0,18,110
04/20/2015,SUS,MO,ACE,CE,Towers with Radar,0,40,59,3,102,0,2,50,0,52,0,42,109,3,154,90,0,90,244
04/21/2015,SUS,MO,ACE,CE,Towers with Radar,0,49,105,4,158,0,5,77,4,86,0,54,182,8,244,180,0,180,424
04/22/2015,SUS,MO,ACE,CE,Towers with Radar,0,45,93,0,138,0,1,101,0,102,0,46,194,0,240,125,0,125,365
04/23/2015,SUS,MO,ACE,CE,Towers with Radar,0,30,91,9,130,0,3,159,5,167,0,33,250,14,297,221,0,221,518
04/24/2015,SUS,MO,ACE,CE,Towers with Radar,0,32,62,0,94,0,3,59,1,63,0,35,121,1,157,156,0,156,313
04/25/2015,SUS,MO,ACE,CE,Towers with Radar,2,13,28,0,43,0,0,4,0,4,2,13,32,0,47,34,0,34,81
04/26/2015,SUS,MO,ACE,CE,Towers with Radar,0,22,77,2,101,0,5,103,2,110,0,27,180,4,211,146,0,146,357
04/27/2015,SUS,MO,ACE,CE,Towers with Radar,0,32,63,2,97,0,3,68,2,73,0,35,131,4,170,76,0,76,246
04/28/2015,SUS,MO,ACE,CE,Towers with Radar,0,37,94,5,136,0,0,120,2,122,0,37,214,7,258,185,0,185,443
04/29/2015,SUS,MO,ACE,CE,Towers with Radar,0,30,77,0,107,0,4,110,0,114,0,34,187,0,221,50,0,50,271
04/30/2015,SUS,MO,ACE,CE,Towers with Radar,0,32,87,1,120,0,0,111,1,112,0,32,198,2,232,74,0,74,306
05/01/2015,SUS,MO,ACE,CE,Towers with Radar,0,17,80,6,103,0,0,121,1,122,0,17,201,7,225,178,0,178,403
05/02/2015,SUS,MO,ACE,CE,Towers with Radar,0,17,56,0,73,0,0,88,1,89,0,17,144,1,162,58,0,58,220
05/03/2015,SUS,MO,ACE,CE,Towers with Radar,0,21,67,0,88,0,0,58,0,58,0,21,125,0,146,56,0,56,202
05/04/2015,SUS,MO,ACE,CE,Towers with Radar,0,36,82,0,118,0,0,80,0,80,0,36,162,0,198,34,0,34,232
05/05/2015,SUS,MO,ACE,CE,Towers with Radar,0,41,81,1,123,0,2,88,1,91,0,43,169,2,214,15,0,15,229
05/06/2015,SUS,MO,ACE,CE,Towers with Radar,0,39,88,2,129,0,4,77,0,81,0,43,165,2,210,0,0,0,210
05/07/2015,SUS,MO,ACE,CE,Towers with Radar,0,36,89,0,125,0,0,57,0,57,0,36,146,0,182,97,0,97,279
05/08/2015,SUS,MO,ACE,CE,Towers with Radar,0,35,52,0,87,0,8,12,0,20,0,43,64,0,107,0,0,0,107
05/09/2015,SUS,MO,ACE,CE,Towers with Radar,0,19,35,0,54,0,0,4,0,4,0,19,39,0,58,10,0,10,68
05/10/2015,SUS,MO,ACE,CE,Towers with Radar,0,20,30,13,63,0,4,31,0,35,0,24,61,13,98,18,0,18,116
05/11/2015,SUS,MO,ACE,CE,Towers with Radar,0,40,67,5,112,0,0,38,0,38,0,40,105,5,150,32,0,32,182
05/12/2015,SUS,MO,ACE,CE,Towers with Radar,0,43,72,0,115,0,0,129,3,132,0,43,201,3,247,50,0,50,297
05/13/2015,SUS,MO,ACE,CE,Towers with Radar,0,32,102,5,139,0,2,124,0,126,0,34,226,5,265,60,0,60,325
05/14/2015,SUS,MO,ACE,CE,Towers with Radar,0,45,89,0,134,0,0,39,0,39,0,45,128,0,173,102,0,102,275
05/15/2015,SUS,MO,ACE,CE,Towers with Radar,0,18,67,2,87,0,0,35,0,35,0,18,102,2,122,44,0,44,166
05/16/2015,SUS,MO,ACE,CE,Towers with Radar,0,15,45,0,60,0,4,40,0,44,0,19,85,0,104,56,0,56,160
05/17/2015,SUS,MO,ACE,CE,Towers with Radar,1,34,36,2,73,0,0,20,0,20,1,34,56,2,93,2,0,2,95
05/18/2015,SUS,MO,ACE,CE,Towers with Radar,0,31,61,3,95,0,4,65,3,72,0,35,126,6,167,56,0,56,223
05/19/2015,SUS,MO,ACE,CE,Towers with Radar,0,44,75,0,119,0,1,108,2,111,0,45,183,2,230,187,0,187,417
05/20/2015,SUS,MO,ACE,CE,Towers with Radar,0,37,104,0,141,0,0,7,0,7,0,37,111,0,148,36,0,36,184
05/21/2015,SUS,MO,ACE,CE,Towers with Radar,0,35,90,9,134,0,1,102,26,129,0,36,192,35,263,186,0,186,449
05/22/2015,SUS,MO,ACE,CE,Towers with Radar,0,18,70,3,91,0,1,155,1,157,0,19,225,4,248,236,0,236,484
05/23/2015,SUS,MO,ACE,CE,Towers with Radar,0,18,35,1,54,0,2,118,2,122,0,20,153,3,176,190,0,190,366
05/24/2015,SUS,MO,ACE,CE,Towers with Radar,1,18,34,0,53,0,0,32,0,32,1,18,66,0,85,33,0,33,118
05/25/2015,SUS,MO,ACE,CE,Towers with Radar,0,20,51,2,73,0,0,64,0,64,0,20,115,2,137,90,0,90,227
05/26/2015,SUS,MO,ACE,CE,Towers with Radar,1,32,66,0,99,0,4,55,2,61,1,36,121,2,160,104,0,104,264
05/27/2015,SUS,MO,ACE,CE,Towers with Radar,0,37,68,0,105,0,4,89,1,94,0,41,157,1,199,180,0,180,379
05/28/2015,SUS,MO,ACE,CE,Towers with Radar,0,40,72,2,114,0,0,50,0,50,0,40,122,2,164,110,0,110,274
05/29/2015,SUS,MO,ACE,CE,Towers with Radar,0,19,47,0,66,0,0,69,0,69,0,19,116,0,135,132,0,132,267
05/30/2015,SUS,MO,ACE,CE,Towers with Radar,1,21,44,13,79,0,0,11,0,11,1,21,55,13,90,10,0,10,100
05/31/2015,SUS,MO,ACE,CE,Towers with Radar,0,20,62,4,86,0,0,32,0,32,0,20,94,4,118,66,0,66,184
06/01/2015,SUS,MO,ACE,CE,Towers with Radar,0,28,111,0,139,0,0,46,0,46,0,28,157,0,185,65,0,65,250
06/02/2015,SUS,MO,ACE,CE,Towers with Radar,0,39,99,0,138,0,0,128,0,128,0,39,227,0,266,159,0,159,425
06/03/2015,SUS,MO,ACE,CE,Towers with Radar,0,33,95,1,129,0,2,82,0,84,0,35,177,1,213,86,0,86,299
06/04/2015,SUS,MO,ACE,CE,Towers with Radar,0,40,84,2,126,0,7,43,0,50,0,47,127,2,176,168,0,168,344
06/05/2015,SUS,MO,ACE,CE,Towers with Radar,0,22,93,0,115,0,0,101,0,101,0,22,194,0,216,216,0,216,432
06/06/2015,SUS,MO,ACE,CE,Towers with Radar,0,21,52,6,79,0,0,128,2,130,0,21,180,8,209,94,0,94,303
06/07/2015,SUS,MO,ACE,CE,Towers with Radar,0,29,73,0,102,0,0,83,0,83,0,29,156,0,185,53,0,53,238
06/08/2015,SUS,MO,ACE,CE,Towers with Radar,0,26,67,0,93,0,2,67,0,69,0,28,134,0,162,91,0,91,253
06/09/2015,SUS,MO,ACE,CE,Towers with Radar,0,35,66,4,105,0,0,106,0,106,0,35,172,4,211,147,0,147,358
06/10/2015,SUS,MO,ACE,CE,Towers with Radar,2,45,79,8,134,0,4,121,0,125,2,49,200,8,259,133,0,133,392
06/11/2015,SUS,MO,ACE,CE,Towers with Radar,0,36,72,0,108,0,3,107,0,110,0,39,179,0,218,128,0,128,346
06/12/2015,SUS,MO,ACE,CE,Towers with Radar,0,22,45,0,67,0,0,50,0,50,0,22,95,0,117,71,0,71,188
06/13/2015,SUS,MO,ACE,CE,Towers with Radar,0,19,37,0,56,0,2,46,3,51,0,21,83,3,107,82,0,82,189
06/14/2015,SUS,MO,ACE,CE,Towers with Radar,0,30,48,1,79,0,0,17,0,17,0,30,65,1,96,10,0,10,106
06/15/2015,SUS,MO,ACE,CE,Towers with Radar,0,28,67,0,95,0,0,24,0,24,0,28,91,0,119,44,0,44,163
06/16/2015,SUS,MO,ACE,CE,Towers with Radar,0,27,72,0,99,0,0,13,0,13,0,27,85,0,112,36,0,36,148
06/17/2015,SUS,MO,ACE,CE,Towers with Radar,0,31,63,0,94,0,1,39,0,40,0,32,102,0,134,100,0,100,234
06/18/2015,SUS,MO,ACE,CE,Towers with Radar,0,35,71,1,107,0,0,23,0,23,0,35,94,1,130,44,0,44,174
06/19/2015,SUS,MO,ACE,CE,Towers with Radar,0,29,51,1,81,0,0,1,0,1,0,29,52,1,82,0,0,0,82
06/20/2015,SUS,MO,ACE,CE,Towers with Radar,0,15,32,0,47,0,0,117,0,117,0,15,149,0,164,216,0,216,380
06/21/2015,SUS,MO,ACE,CE,Towers with Radar,0,22,39,0,61,0,0,40,0,40,0,22,79,0,101,135,0,135,236
06/22/2015,SUS,MO,ACE,CE,Towers with Radar,0,27,67,2,96,0,0,103,0,103,0,27,170,2,199,78,0,78,277
06/23/2015,SUS,MO,ACE,CE,Towers with Radar,0,39,97,0,136,0,4,103,6,113,0,43,200,6,249,160,0,160,409
06/24/2015,SUS,MO,ACE,CE,Towers with Radar,0,40,76,1,117,0,2,117,3,122,0,42,193,4,239,194,0,194,433
06/25/2015,SUS,MO,ACE,CE,Towers with Radar,0,44,67,1,112,0,0,71,3,74,0,44,138,4,186,87,0,87,273
06/26/2015,SUS,MO,ACE,CE,Towers with Radar,0,20,62,0,82,0,0,48,0,48,0,20,110,0,130,110,0,110,240
06/27/2015,SUS,MO,ACE,CE,Towers with Radar,0,24,43,11,78,0,3,115,4,122,0,27,158,15,200,150,0,150,350
06/28/2015,SUS,MO,ACE,CE,Towers with Radar,0,27,74,5,106,0,0,88,0,88,0,27,162,5,194,131,0,131,325
06/29/2015,SUS,MO,ACE,CE,Towers with Radar,0,31,94,2,127,0,0,75,1,76,0,31,169,3,203,96,0,96,299
06/30/2015,SUS,MO,ACE,CE,Towers with Radar,0,47,62,0,109,2,11,126,0,139,2,58,188,0,248,155,0,155,403
07/01/2015,SUS,MO,ACE,CE,Towers with Radar,0,43,102,2,147,0,0,59,2,61,0,43,161,4,208,110,0,110,318
07/02/2015,SUS,MO,ACE,CE,Towers with Radar,0,31,73,0,104,0,4,48,0,52,0,35,121,0,156,137,0,137,293
07/03/2015,SUS,MO,ACE,CE,Towers with Radar,0,12,32,0,44,0,8,116,0,124,0,20,148,0,168,106,0,106,274
07/04/2015,SUS,MO,ACE,CE,Towers with Radar,0,14,23,0,37,0,0,96,1,97,0,14,119,1,134,90,0,90,224
07/05/2015,SUS,MO,ACE,CE,Towers with Radar,0,45,52,5,102,0,1,72,0,73,0,46,124,5,175,102,0,102,277
07/06/2015,SUS,MO,ACE,CE,Towers with Radar,0,33,72,8,113,0,2,46,0,48,0,35,118,8,161,94,0,94,255
07/07/2015,SUS,MO,ACE,CE,Towers with Radar,0,36,62,0,98,0,0,0,0,0,0,36,62,0,98,0,0,0,98
07/08/2015,SUS,MO,ACE,CE,Towers with Radar,0,37,76,0,113,0,0,0,0,0,0,37,76,0,113,0,0,0,113
07/09/2015,SUS,MO,ACE,CE,Towers with Radar,0,32,87,0,119,0,1,73,2,76,0,33,160,2,195,454,0,454,649
07/10/2015,SUS,MO,ACE,CE,Towers with Radar,0,25,135,2,162,0,2,81,0,83,0,27,216,2,245,224,0,224,469
07/11/2015,SUS,MO,ACE,CE,Towers with Radar,0,34,49,7,90,0,1,129,5,135,0,35,178,12,225,138,2,140,365
07/12/2015,SUS,MO,ACE,CE,Towers with Radar,2,42,65,4,113,0,0,112,0,112,2,42,177,4,225,117,0,117,342
07/13/2015,SUS,MO,ACE,CE,Towers with Radar,3,28,49,2,82,0,0,73,0,73,3,28,122,2,155,72,0,72,227
07/14/2015,SUS,MO,ACE,CE,Towers with Radar,0,34,71,0,105,0,4,91,0,95,0,38,162,0,200,50,0,50,250
07/15/2015,SUS,MO,ACE,CE,Towers with Radar,0,34,78,8,120,0,9,132,1,142,0,43,210,9,262,99,0,99,361
07/16/2015,SUS,MO,ACE,CE,Towers with Radar,0,29,113,4,146,0,0,97,1,98,0,29,210,5,244,107,0,107,351
07/17/2015,SUS,MO,ACE,CE,Towers with Radar,0,19,73,2,94,0,0,103,0,103,0,19,176,2,197,84,0,84,281
07/18/2015,SUS,MO,ACE,CE,Towers with Radar,0,7,35,1,43,0,0,116,4,120,0,7,151,5,163,184,0,184,347
07/19/2015,SUS,MO,ACE,CE,Towers with Radar,0,20,43,3,66,0,0,34,0,34,0,20,77,3,100,38,0,38,138
07/20/2015,SUS,MO,ACE,CE,Towers with Radar,0,29,60,2,91,0,2,31,0,33,0,31,91,2,124,110,0,110,234
07/21/2015,SUS,MO,ACE,CE,Towers with Radar,0,46,74,7,127,0,0,100,5,105,0,46,174,12,232,125,0,125,357
07/22/2015,SUS,MO,ACE,CE,Towers with Radar,0,44,105,1,150,0,0,96,1,97,0,44,201,2,247,94,0,94,341
07/23/2015,SUS,MO,ACE,CE,Towers with Radar,0,27,92,5,124,0,4,121,5,130,0,31,213,10,254,178,2,180,434
07/24/2015,SUS,MO,ACE,CE,Towers with Radar,0,18,75,5,98,0,0,125,2,127,0,18,200,7,225,142,0,142,367
07/25/2015,SUS,MO,ACE,CE,Towers with Radar,0,11,35,1,47,0,0,76,2,78,0,11,111,3,125,176,0,176,301
07/26/2015,SUS,MO,ACE,CE,Towers with Radar,0,33,55,0,88,0,0,40,0,40,0,33,95,0,128,66,0,66,194
07/27/2015,SUS,MO,ACE,CE,Towers with Radar,0,31,82,0,113,0,0,76,0,76,0,31,158,0,189,132,0,132,321
07/28/2015,SUS,MO,ACE,CE,Towers with Radar,0,39,72,0,111,0,0,106,3,109,0,39,178,3,220,124,0,124,344
07/29/2015,SUS,MO,ACE,CE,Towers with Radar,0,41,60,0,101,0,1,93,0,94,0,42,153,0,195,134,0,134,329
07/30/2015,SUS,MO,ACE,CE,Towers with Radar,0,43,87,0,130,0,3,119,0,122,0,46,206,0,252,160,0,160,412
07/31/2015,SUS,MO,ACE,CE,Towers with Radar,0,31,69,1,101,0,0,139,0,139,0,31,208,1,240,182,0,182,422
08/01/2015,SUS,MO,ACE,CE,Towers with Radar,0,29,49,5,83,0,0,139,2,141,0,29,188,7,224,148,0,148,372
08/02/2015,SUS,MO,ACE,CE,Towers with Radar,0,24,59,2,85,0,0,117,0,117,0,24,176,2,202,180,0,180,382
08/03/2015,SUS,MO,ACE,CE,Towers with Radar,0,28,65,0,93,0,3,87,6,96,0,31,152,6,189,96,0,96,285
08/04/2015,SUS,MO,ACE,CE,Towers with Radar,0,40,84,0,124,0,0,76,0,76,0,40,160,0,200,178,0,178,378
08/05/2015,SUS,MO,ACE,CE,Towers with Radar,0,32,67,0,99,0,0,46,0,46,0,32,113,0,145,48,0,48,193
08/06/2015,SUS,MO,ACE,CE,Towers with Radar,0,35,89,0,124,0,0,90,2,92,0,35,179,2,216,238,0,238,454
08/07/2015,SUS,MO,ACE,CE,Towers with Radar,0,16,67,14,97,0,0,114,1,115,0,16,181,15,212,258,0,258,470
08/08/2015,SUS,MO,ACE,CE,Towers with Radar,0,24,41,3,68,0,0,113,7,120,0,24,154,10,188,102,0,102,290
08/09/2015,SUS,MO,ACE,CE,Towers with Radar,0,30,59,0,89,0,0,65,1,66,0,30,124,1,155,108,0,108,263
08/10/2015,SUS,MO,ACE,CE,Towers with Radar,0,36,68,0,104,0,0,40,0,40,0,36,108,0,144,24,0,24,168
08/11/2015,SUS,MO,ACE,CE,Towers with Radar,0,33,69,0,102,0,0,100,1,101,0,33,169,1,203,140,0,140,343
08/12/2015,SUS,MO,ACE,CE,Towers with Radar,0,45,87,3,135,0,0,152,0,152,0,45,239,3,287,58,0,58,345
08/13/2015,SUS,MO,ACE,CE,Towers with Radar,0,35,97,3,135,0,2,142,1,145,0,37,239,4,280,106,0,106,386
08/14/2015,SUS,MO,ACE,CE,Towers with Radar,1,27,90,9,127,0,6,118,0,124,1,33,208,9,251,72,0,72,323
08/15/2015,SUS,MO,ACE,CE,Towers with Radar,0,26,52,4,82,0,0,109,7,116,0,26,161,11,198,126,0,126,324
08/16/2015,SUS,MO,ACE,CE,Towers with Radar,0,38,78,8,124,0,0,97,7,104,0,38,175,15,228,10,0,10,238
08/17/2015,SUS,MO,ACE,CE,Towers with Radar,0,23,73,4,100,0,1,81,1,83,0,24,154,5,183,168,0,168,351
08/18/2015,SUS,MO,ACE,CE,Towers with Radar,0,34,72,0,106,0,0,69,0,69,0,34,141,0,175,136,0,136,311
08/19/2015,SUS,MO,ACE,CE,Towers with Radar,0,56,73,0,129,0,0,90,0,90,0,56,163,0,219,160,0,160,379
08/20/2015,SUS,MO,ACE,CE,Towers with Radar,0,35,87,2,124,0,2,157,2,161,0,37,244,4,285,264,0,264,549
08/21/2015,SUS,MO,ACE,CE,Towers with Radar,0,25,61,21,107,0,0,150,0,150,0,25,211,21,257,275,2,277,534
08/22/2015,SUS,MO,ACE,CE,Towers with Radar,0,20,45,0,65,0,0,54,0,54,0,20,99,0,119,170,0,170,289
08/23/2015,SUS,MO,ACE,CE,Towers with Radar,0,29,68,7,104,0,2,99,1,102,0,31,167,8,206,177,0,177,383
08/24/2015,SUS,MO,ACE,CE,Towers with Radar,0,31,74,0,105,0,0,93,0,93,0,31,167,0,198,170,0,170,368
08/25/2015,SUS,MO,ACE,CE,Towers with Radar,0,36,89,2,127,0,2,121,0,123,0,38,210,2,250,166,0,166,416
08/26/2015,SUS,MO,ACE,CE,Towers with Radar,0,43,94,2,139,0,0,127,2,129,0,43,221,4,268,168,0,168,436
08/27/2015,SUS,MO,ACE,CE,Towers with Radar,0,38,99,0,137,0,1,139,1,141,0,39,238,1,278,115,0,115,393
08/28/2015,SUS,MO,ACE,CE,Towers with Radar,0,19,78,9,106,0,2,84,0,86,0,21,162,9,192,162,4,166,358
08/29/2015,SUS,MO,ACE,CE,Towers with Radar,0,22,50,2,74,0,3,84,1,88,0,25,134,3,162,174,0,174,336
08/30/2015,SUS,MO,ACE,CE,Towers with Radar,0,26,60,6,92,0,0,67,1,68,0,26,127,7,160,85,0,85,245
08/31/2015,SUS,MO,ACE,CE,Towers with Radar,0,16,55,0,71,0,0,86,0,86,0,16,141,0,157,138,0,138,295
09/01/2015,SUS,MO,ACE,CE,Towers with Radar,0,31,56,0,87,0,2,95,1,98,0,33,151,1,185,146,0,146,331
09/02/2015,SUS,MO,ACE,CE,Towers with Radar,0,40,73,7,120,0,0,105,4,109,0,40,178,11,229,114,2,116,345
09/03/2015,SUS,MO,ACE,CE,Towers with Radar,0,37,67,11,115,0,2,86,0,88,0,39,153,11,203,157,22,179,382
09/04/2015,SUS,MO,ACE,CE,Towers with Radar,0,20,86,2,108,0,0,128,3,131,0,20,214,5,239,268,13,281,520
09/05/2015,SUS,MO,ACE,CE,Towers with Radar,0,30,70,7,107,0,1,101,0,102,0,31,171,7,209,146,0,146,355
09/06/2015,SUS,MO,ACE,CE,Towers with Radar,0,23,56,6,85,0,2,79,1,82,0,25,135,7,167,123,0,123,290
09/07/2015,SUS,MO,ACE,CE,Towers with Radar,0,36,69,8,113,0,5,83,4,92,0,41,152,12,205,26,0,26,231
09/08/2015,SUS,MO,ACE,CE,Towers with Radar,0,42,65,4,111,0,0,63,4,67,0,42,128,8,178,44,0,44,222
09/09/2015,SUS,MO,ACE,CE,Towers with Radar,0,37,96,0,133,0,0,56,0,56,0,37,152,0,189,118,0,118,307
09/10/2015,SUS,MO,ACE,CE,Towers with Radar,0,38,76,3,117,0,0,87,0,87,0,38,163,3,204,122,0,122,326
09/11/2015,SUS,MO,ACE,CE,Towers with Radar,0,26,67,7,100,0,0,72,2,74,0,26,139,9,174,58,0,58,232
09/12/2015,SUS,MO,ACE,CE,Towers with Radar,0,35,42,0,77,0,4,107,3,114,0,39,149,3,191,65,0,65,256
09/13/2015,SUS,MO,ACE,CE,Towers with Radar,0,33,57,4,94,0,2,159,2,163,0,35,216,6,257,134,0,134,391
09/14/2015,SUS,MO,ACE,CE,Towers with Radar,0,20,79,0,99,0,1,88,2,91,0,21,167,2,190,119,0,119,309
09/15/2015,SUS,MO,ACE,CE,Towers with Radar,0,46,78,0,124,0,0,101,0,101,0,46,179,0,225,131,0,131,356
09/16/2015,SUS,MO,ACE,CE,Towers with Radar,0,42,86,3,131,0,0,126,1,127,0,42,212,4,258,112,2,114,372
09/17/2015,SUS,MO,ACE,CE,Towers with Radar,0,30,111,0,141,0,0,92,0,92,0,30,203,0,233,85,0,85,318
09/18/2015,SUS,MO,ACE,CE,Towers with Radar,0,29,78,3,110,0,0,95,2,97,0,29,173,5,207,154,0,154,361
09/19/2015,SUS,MO,ACE,CE,Towers with Radar,0,29,32,1,62,0,1,67,0,68,0,30,99,1,130,32,0,32,162
09/20/2015,SUS,MO,ACE,CE,Towers with Radar,0,31,69,6,106,0,0,88,3,91,0,31,157,9,197,91,8,99,296
09/21/2015,SUS,MO,ACE,CE,Towers with Radar,0,36,80,1,117,0,2,78,0,80,0,38,158,1,197,130,0,130,327
09/22/2015,SUS,MO,ACE,CE,Towers with Radar,0,44,73,0,117,0,0,106,1,107,0,44,179,1,224,80,0,80,304
09/23/2015,SUS,MO,ACE,CE,Towers with Radar,0,33,77,2,112,0,2,92,0,94,0,35,169,2,206,136,0,136,342
09/24/2015,SUS,MO,ACE,CE,Towers with Radar,0,41,93,0,134,0,2,131,0,133,0,43,224,0,267,189,0,189,456
09/25/2015,SUS,MO,ACE,CE,Towers with Radar,0,34,90,2,126,0,2,136,0,138,0,36,226,2,264,277,0,277,541
09/26/2015,SUS,MO,ACE,CE,Towers with Radar,0,29,54,3,86,0,1,162,0,163,0,30,216,3,249,216,0,216,465
09/27/2015,SUS,MO,ACE,CE,Towers with Radar,0,31,74,2,107,0,0,104,0,104,0,31,178,2,211,241,0,241,452
09/28/2015,SUS,MO,ACE,CE,Towers with Radar,0,26,73,0,99,0,1,97,4,102,0,27,170,4,201,192,0,192,393
09/29/2015,SUS,MO,ACE,CE,Towers with Radar,0,28,63,3,94,0,0,60,0,60,0,28,123,3,154,62,0,62,216
09/30/2015,SUS,MO,ACE,CE,Towers with Radar,0,42,77,0,119,0,0,106,0,106,0,42,183,0,225,196,0,196,421
10/01/2015,SUS,MO,ACE,CE,Towers with Radar,0,34,78,2,114,0,0,59,0,59,0,34,137,2,173,61,0,61,234
10/02/2015,SUS,MO,ACE,CE,Towers with Radar,0,36,70,0,106,0,0,84,0,84,0,36,154,0,190,137,0,137,327
10/03/2015,SUS,MO,ACE,CE,Towers with Radar,1,17,50,2,70,0,9,56,1,66,1,26,106,3,136,68,0,68,204
10/04/2015,SUS,MO,ACE,CE,Towers with Radar,0,28,80,1,109,0,4,18,4,26,0,32,98,5,135,26,0,26,161
10/05/2015,SUS,MO,ACE,CE,Towers with Radar,0,32,84,0,116,0,2,56,0,58,0,34,140,0,174,124,0,124,298
10/06/2015,SUS,MO,ACE,CE,Towers with Radar,0,31,83,0,114,0,0,85,2,87,0,31,168,2,201,170,0,170,371
10/07/2015,SUS,MO,ACE,CE,Towers with Radar,0,35,87,2,124,0,0,104,0,104,0,35,191,2,228,137,0,137,365
10/08/2015,SUS,MO,ACE,CE,Towers with Radar,0,45,96,3,144,0,0,82,1,83,0,45,178,4,227,101,0,101,328
10/09/2015,SUS,MO,ACE,CE,Towers with Radar,0,38,91,0,129,0,6,72,0,78,0,44,163,0,207,111,0,111,318
10/10/2015,SUS,MO,ACE,CE,Towers with Radar,0,26,63,0,89,0,0,109,0,109,0,26,172,0,198,98,0,98,296
10/11/2015,SUS,MO,ACE,CE,Towers with Radar,0,28,77,0,105,0,1,95,0,96,0,29,172,0,201,130,0,130,331
10/12/2015,SUS,MO,ACE,CE,Towers with Radar,0,28,74,0,102,0,2,75,0,77,0,30,149,0,179,109,0,109,288
10/13/2015,SUS,MO,ACE,CE,Towers with Radar,0,39,59,0,98,0,2,79,4,85,0,41,138,4,183,38,0,38,221
10/14/2015,SUS,MO,ACE,CE,Towers with Radar,0,39,74,2,115,0,1,147,0,148,0,40,221,2,263,120,0,120,383
10/15/2015,SUS,MO,ACE,CE,Towers with Radar,0,35,95,10,140,0,4,114,0,118,0,39,209,10,258,90,6,96,354
10/16/2015,SUS,MO,ACE,CE,Towers with Radar,0,28,91,4,123,0,2,68,0,70,0,30,159,4,193,65,0,65,258
10/17/2015,SUS,MO,ACE,CE,Towers with Radar,0,32,43,0,75,0,0,123,0,123,0,32,166,0,198,105,0,105,303
10/18/2015,SUS,MO,ACE,CE,Towers with Radar,0,48,69,8,125,0,0,122,2,124,0,48,191,10,249,86,0,86,335
10/19/2015,SUS,MO,ACE,CE,Towers with Radar,0,30,51,1,82,0,1,68,2,71,0,31,119,3,153,48,0,48,201
10/20/2015,SUS,MO,ACE,CE,Towers with Radar,0,56,60,3,119,0,2,108,0,110,0,58,168,3,229,250,0,250,479
10/21/2015,SUS,MO,ACE,CE,Towers with Radar,0,42,104,2,148,0,0,100,2,102,0,42,204,4,250,196,0,196,446
10/22/2015,SUS,MO,ACE,CE,Towers with Radar,2,39,89,4,134,0,3,184,0,187,2,42,273,4,321,262,0,262,583
10/23/2015,SUS,MO,ACE,CE,Towers with Radar,0,37,66,1,104,0,2,75,0,77,0,39,141,1,181,200,0,200,381
10/24/2015,SUS,MO,ACE,CE,Towers with Radar,0,20,41,7,68,0,0,67,0,67,0,20,108,7,135,223,0,223,358
10/25/2015,SUS,MO,ACE,CE,Towers with Radar,0,19,58,4,81,0,0,101,0,101,0,19,159,4,182,208,0,208,390
10/26/2015,SUS,MO,ACE,CE,Towers with Radar,0,30,80,2,112,0,0,116,2,118,0,30,196,4,230,168,0,168,398
10/27/2015,SUS,MO,ACE,CE,Towers with Radar,0,47,62,5,114,0,0,0,0,0,0,47,62,5,114,0,0,0,114
10/28/2015,SUS,MO,ACE,CE,Towers with Radar,0,37,84,0,121,0,0,47,0,47,0,37,131,0,168,202,0,202,370
10/29/2015,SUS,MO,ACE,CE,Towers with Radar,0,36,85,0,121,0,3,106,0,109,0,39,191,0,230,131,0,131,361
10/30/2015,SUS,MO,ACE,CE,Towers with Radar,0,47,94,1,142,0,3,101,0,104,0,50,195,1,246,151,0,151,397
10/31/2015,SUS,MO,ACE,CE,Towers with Radar,0,9,30,2,41,0,0,10,0,10,0,9,40,2,51,24,0,24,75
11/01/2015,SUS,MO,ACE,CE,Towers with Radar,0,22,41,2,65,0,0,143,0,143,0,22,184,2,208,178,0,178,386
11/02/2015,SUS,MO,ACE,CE,Towers with Radar,0,36,87,0,123,0,0,84,0,84,0,36,171,0,207,100,0,100,307
11/03/2015,SUS,MO,ACE,CE,Towers with Radar,0,39,84,0,123,0,0,43,0,43,0,39,127,0,166,62,0,62,228
11/04/2015,SUS,MO,ACE,CE,Towers with Radar,0,41,83,0,124,0,0,83,0,83,0,41,166,0,207,135,0,135,342
11/05/2015,SUS,MO,ACE,CE,Towers with Radar,0,33,74,0,107,0,1,12,0,13,0,34,86,0,120,74,0,74,194
11/06/2015,SUS,MO,ACE,CE,Towers with Radar,0,20,77,3,100,0,0,103,0,103,0,20,180,3,203,214,0,214,417
11/07/2015,SUS,MO,ACE,CE,Towers with Radar,0,16,53,7,76,0,0,129,5,134,0,16,182,12,210,207,0,207,417
11/08/2015,SUS,MO,ACE,CE,Towers with Radar,0,21,81,1,103,0,0,128,4,132,0,21,209,5,235,160,0,160,395
11/09/2015,SUS,MO,ACE,CE,Towers with Radar,0,35,83,0,118,0,3,103,0,106,0,38,186,0,224,180,0,180,404
11/10/2015,SUS,MO,ACE,CE,Towers with Radar,0,43,75,0,118,0,1,132,0,133,0,44,207,0,251,155,0,155,406
11/11/2015,SUS,MO,ACE,CE,Towers with Radar,0,37,54,0,91,0,1,27,0,28,0,38,81,0,119,45,0,45,164
11/12/2015,SUS,MO,ACE,CE,Towers with Radar,0,40,85,0,125,0,0,61,1,62,0,40,146,1,187,135,0,135,322
11/13/2015,SUS,MO,ACE,CE,Towers with Radar,0,41,79,0,120,0,0,86,0,86,0,41,165,0,206,199,0,199,405
11/14/2015,SUS,MO,ACE,CE,Towers with Radar,0,26,43,4,73,0,0,137,0,137,0,26,180,4,210,267,0,267,477
11/15/2015,SUS,MO,ACE,CE,Towers with Radar,0,28,58,0,86,0,0,112,0,112,0,28,170,0,198,166,0,166,364
11/16/2015,SUS,MO,ACE,CE,Towers with Radar,0,37,63,0,100,0,0,1,0,1,0,37,64,0,101,0,0,0,101
11/17/2015,SUS,MO,ACE,CE,Towers with Radar,0,46,44,0,90,0,0,0,0,0,0,46,44,0,90,0,0,0,90
11/18/2015,SUS,MO,ACE,CE,Towers with Radar,0,35,86,0,121,0,0,39,1,40,0,35,125,1,161,104,0,104,265
11/19/2015,SUS,MO,ACE,CE,Towers with Radar,0,50,91,0,141,0,1,86,0,87,0,51,177,0,228,214,0,214,442
11/20/2015,SUS,MO,ACE,CE,Towers with Radar,0,39,93,2,134,0,2,75,0,77,0,41,168,2,211,161,0,161,372
11/21/2015,SUS,MO,ACE,CE,Towers with Radar,0,16,20,0,36,0,0,27,0,27,0,16,47,0,63,36,0,36,99
11/22/2015,SUS,MO,ACE,CE,Towers with Radar,0,36,56,2,94,0,0,123,0,123,0,36,179,2,217,162,0,162,379
11/23/2015,SUS,MO,ACE,CE,Towers with Radar,0,35,58,6,99,0,0,92,2,94,0,35,150,8,193,100,0,100,293
11/24/2015,SUS,MO,ACE,CE,Towers with Radar,0,38,68,0,106,0,0,88,1,89,0,38,156,1,195,77,0,77,272
11/25/2015,SUS,MO,ACE,CE,Towers with Radar,0,35,61,0,96,0,2,10,0,12,0,37,71,0,108,2,0,2,110
11/26/2015,SUS,MO,ACE,CE,Towers with Radar,0,10,17,0,27,0,2,6,0,8,0,12,23,0,35,0,0,0,35
11/27/2015,SUS,MO,ACE,CE,Towers with Radar,0,17,31,0,48,0,0,0,0,0,0,17,31,0,48,0,0,0,48
11/28/2015,SUS,MO,ACE,CE,Towers with Radar,0,21,24,0,45,0,0,0,0,0,0,21,24,0,45,0,0,0,45
11/29/2015,SUS,MO,ACE,CE,Towers with Radar,1,30,61,0,92,0,0,5,0,5,1,30,66,0,97,50,0,50,147
11/30/2015,SUS,MO,ACE,CE,Towers with Radar,0,32,60,0,92,0,0,0,0,0,0,32,60,0,92,0,0,0,92
12/01/2015,SUS,MO,ACE,CE,Towers with Radar,0,34,80,10,124,0,5,95,0,100,0,39,175,10,224,196,0,196,420
12/02/2015,SUS,MO,ACE,CE,Towers with Radar,0,52,77,0,129,0,0,41,0,41,0,52,118,0,170,94,0,94,264
12/03/2015,SUS,MO,ACE,CE,Towers with Radar,0,49,78,0,127,0,0,102,0,102,0,49,180,0,229,26,0,26,255
12/04/2015,SUS,MO,ACE,CE,Towers with Radar,0,26,68,8,102,0,0,126,3,129,0,26,194,11,231,174,0,174,405
12/05/2015,SUS,MO,ACE,CE,Towers with Radar,0,23,48,1,72,0,4,124,1,129,0,27,172,2,201,130,0,130,331
12/06/2015,SUS,MO,ACE,CE,Towers with Radar,0,36,54,0,90,0,0,85,0,85,0,36,139,0,175,152,0,152,327
12/07/2015,SUS,MO,ACE,CE,Towers with Radar,0,23,67,0,90,0,0,40,2,42,0,23,107,2,132,82,0,82,214
12/08/2015,SUS,MO,ACE,CE,Towers with Radar,0,37,62,2,101,0,2,74,0,76,0,39,136,2,177,146,0,146,323
12/09/2015,SUS,MO,ACE,CE,Towers with Radar,0,36,78,0,114,0,0,105,0,105,0,36,183,0,219,74,0,74,293
12/10/2015,SUS,MO,ACE,CE,Towers with Radar,0,30,84,3,117,0,2,84,5,91,0,32,168,8,208,136,0,136,344
12/11/2015,SUS,MO,ACE,CE,Towers with Radar,0,29,75,4,108,0,0,49,2,51,0,29,124,6,159,241,0,241,400
12/12/2015,SUS,MO,ACE,CE,Towers with Radar,0,21,46,1,68,0,0,84,0,84,0,21,130,1,152,170,0,170,322
12/13/2015,SUS,MO,ACE,CE,Towers with Radar,0,29,33,4,66,0,0,8,0,8,0,29,41,4,74,6,0,6,80
12/14/2015,SUS,MO,ACE,CE,Towers with Radar,0,23,74,2,99,0,0,55,0,55,0,23,129,2,154,90,0,90,244
12/15/2015,SUS,MO,ACE,CE,Towers with Radar,0,47,90,0,137,0,0,17,0,17,0,47,107,0,154,16,0,16,170
12/16/2015,SUS,MO,ACE,CE,Towers with Radar,2,52,93,6,153,0,0,65,3,68,2,52,158,9,221,190,0,190,411
12/17/2015,SUS,MO,ACE,CE,Towers with Radar,0,42,85,0,127,0,4,77,0,81,0,46,162,0,208,155,0,155,363
12/18/2015,SUS,MO,ACE,CE,Towers with Radar,0,38,79,2,119,0,0,105,1,106,0,38,184,3,225,180,0,180,405
12/19/2015,SUS,MO,ACE,CE,Towers with Radar,0,24,54,1,79,0,0,140,1,141,0,24,194,2,220,150,0,150,370
12/20/2015,SUS,MO,ACE,CE,Towers with Radar,0,20,38,0,58,0,0,36,0,36,0,20,74,0,94,50,0,50,144
12/21/2015,SUS,MO,ACE,CE,Towers with Radar,0,17,52,0,69,0,0,32,0,32,0,17,84,0,101,34,0,34,135
12/22/2015,SUS,MO,ACE,CE,Towers with Radar,2,41,61,0,104,0,1,54,0,55,2,42,115,0,159,90,0,90,249
12/23/2015,SUS,MO,ACE,CE,Towers with Radar,0,33,41,0,74,0,0,6,0,6,0,33,47,0,80,4,0,4,84
12/24/2015,SUS,MO,ACE,CE,Towers with Radar,0,11,18,2,31,0,0,42,0,42,0,11,60,2,73,12,0,12,85
12/25/2015,SUS,MO,ACE,CE,Towers with Radar,0,10,13,0,23,0,0,17,0,17,0,10,30,0,40,4,0,4,44
12/26/2015,SUS,MO,ACE,CE,Towers with Radar,0,29,29,0,58,0,0,0,0,0,0,29,29,0,58,0,0,0,58
12/27/2015,SUS,MO,ACE,CE,Towers with Radar,0,33,24,0,57,0,0,0,0,0,0,33,24,0,57,0,0,0,57
12/28/2015,SUS,MO,ACE,CE,Towers with Radar,0,27,16,0,43,0,0,0,0,0,0,27,16,0,43,0,0,0,43
12/29/2015,SUS,MO,ACE,CE,Towers with Radar,0,27,38,0,65,0,2,76,4,82,0,29,114,4,147,112,0,112,259
12/30/2015,SUS,MO,ACE,CE,Towers with Radar,0,19,70,0,89,0,0,81,3,84,0,19,151,3,173,90,0,90,263
12/31/2015,SUS,MO,ACE,CE,Towers with Radar,0,14,42,3,59,0,0,129,4,133,0,14,171,7,192,114,0,114,306
01/01/2016,SUS,MO,ACE,CE,Towers with Radar,0,10,24,3,37,0,0,120,3,123,0,10,144,6,160,30,0,30,190
01/02/2016,SUS,MO,ACE,CE,Towers with Radar,0,27,56,1,84,0,0,161,5,166,0,27,217,6,250,52,0,52,302
01/03/2016,SUS,MO,ACE,CE,Towers with Radar,0,38,69,0,107,0,0,116,0,116,0,38,185,0,223,70,0,70,293
01/04/2016,SUS,MO,ACE,CE,Towers with Radar,0,29,57,1,87,0,0,69,0,69,0,29,126,1,156,108,0,108,264
01/05/2016,SUS,MO,ACE,CE,Towers with Radar,0,23,55,4,82,0,0,73,2,75,0,23,128,6,157,159,2,161,318
01/06/2016,SUS,MO,ACE,CE,Towers with Radar,0,33,50,4,87,0,0,109,0,109,0,33,159,4,196,88,0,88,284
01/07/2016,SUS,MO,ACE,CE,Towers with Radar,0,27,46,2,75,0,0,50,0,50,0,27,96,2,125,66,0,66,191
01/08/2016,SUS,MO,ACE,CE,Towers with Radar,0,25,67,2,94,0,0,46,0,46,0,25,113,2,140,102,0,102,242
01/09/2016,SUS,MO,ACE,CE,Towers with Radar,0,8,11,0,19,0,0,3,0,3,0,8,14,0,22,0,0,0,22
01/10/2016,SUS,MO,ACE,CE,Towers with Radar,0,23,27,0,50,0,0,42,0,42,0,23,69,0,92,82,0,82,174
01/11/2016,SUS,MO,ACE,CE,Towers with Radar,0,26,59,0,85,0,0,71,0,71,0,26,130,0,156,111,0,111,267
01/12/2016,SUS,MO,ACE,CE,Towers with Radar,0,31,49,2,82,0,0,58,2,60,0,31,107,4,142,84,0,84,226
01/13/2016,SUS,MO,ACE,CE,Towers with Radar,0,42,67,0,109,0,1,140,0,141,0,43,207,0,250,133,0,133,383
01/14/2016,SUS,MO,ACE,CE,Towers with Radar,0,36,85,0,121,0,0,85,2,87,0,36,170,2,208,156,0,156,364
01/15/2016,SUS,MO,ACE,CE,Towers with Radar,0,15,40,0,55,0,1,26,0,27,0,16,66,0,82,172,0,172,254
01/16/2016,SUS,MO,ACE,CE,Towers with Radar,0,23,32,7,62,0,0,81,11,92,0,23,113,18,154,66,0,66,220
01/17/2016,SUS,MO,ACE,CE,Towers with Radar,0,21,24,2,47,0,0,10,0,10,0,21,34,2,57,4,0,4,61
01/18/2016,SUS,MO,ACE,CE,Towers with Radar,0,32,85,2,119,0,0,63,0,63,0,32,148,2,182,58,0,58,240
01/19/2016,SUS,MO,ACE,CE,Towers with Radar,0,41,44,0,85,0,0,28,0,28,0,41,72,0,113,86,0,86,199
01/20/2016,SUS,MO,ACE,CE,Towers with Radar,0,36,63,2,101,0,2,68,0,70,0,38,131,2,171,164,0,164,335
01/21/2016,SUS,MO,ACE,CE,Towers with Radar,0,41,58,0,99,0,0,75,0,75,0,41,133,0,174,206,0,206,380
01/22/2016,SUS,MO,ACE,CE,Towers with Radar,0,29,51,0,80,0,1,46,1,48,0,30,97,1,128,79,0,79,207
01/23/2016,SUS,MO,ACE,CE,Towers with Radar,0,8,56,0,64,0,0,122,0,122,0,8,178,0,186,128,0,128,314
01/24/2016,SUS,MO,ACE,CE,Towers with Radar,0,27,47,1,75,0,1,118,1,120,0,28,165,2,195,142,0,142,337
01/25/2016,SUS,MO,ACE,CE,Towers with Radar,0,41,48,3,92,0,0,33,0,33,0,41,81,3,125,112,0,112,237
01/26/2016,SUS,MO,ACE,CE,Towers with Radar,0,37,72,0,109,0,0,61,0,61,0,37,133,0,170,187,0,187,357
01/27/2016,SUS,MO,ACE,CE,Towers with Radar,0,40,86,0,126,0,0,84,2,86,0,40,170,2,212,131,0,131,343
01/28/2016,SUS,MO,ACE,CE,Towers with Radar,0,37,70,2,109,0,4,101,0,105,0,41,171,2,214,79,0,79,293
01/29/2016,SUS,MO,ACE,CE,Towers with Radar,0,17,71,0,88,0,0,109,3,112,0,17,180,3,200,88,0,88,288
01/30/2016,SUS,MO,ACE,CE,Towers with Radar,0,20,44,0,64,0,0,98,1,99,0,20,142,1,163,112,0,112,275
01/31/2016,SUS,MO,ACE,CE,Towers with Radar,0,18,55,1,74,0,0,37,1,38,0,18,92,2,112,62,0,62,174
02/01/2016,SUS,MO,ACE,CE,Towers with Radar,0,27,72,0,99,0,4,95,2,101,0,31,167,2,200,144,0,144,344
02/02/2016,SUS,MO,ACE,CE,Towers with Radar,0,26,55,2,83,0,2,34,0,36,0,28,89,2,119,22,0,22,141
02/03/2016,SUS,MO,ACE,CE,Towers with Radar,0,35,42,0,77,0,0,32,0,32,0,35,74,0,109,44,0,44,153
02/04/2016,SUS,MO,ACE,CE,Towers with Radar,0,31,91,1,123,0,0,105,0,105,0,31,196,1,228,252,0,252,480
02/05/2016,SUS,MO,ACE,CE,Towers with Radar,0,20,51,0,71,0,0,108,1,109,0,20,159,1,180,211,0,211,391
02/06/2016,SUS,MO,ACE,CE,Towers with Radar,0,12,38,1,51,0,0,115,3,118,0,12,153,4,169,48,0,48,217
02/07/2016,SUS,MO,ACE,CE,Towers with Radar,0,18,24,0,42,0,0,49,0,49,0,18,73,0,91,32,0,32,123
02/08/2016,SUS,MO,ACE,CE,Towers with Radar,0,32,49,2,83,0,0,16,0,16,0,32,65,2,99,36,0,36,135
02/09/2016,SUS,MO,ACE,CE,Towers with Radar,0,36,54,0,90,0,0,33,1,34,0,36,87,1,124,98,0,98,222
02/10/2016,SUS,MO,ACE,CE,Towers with Radar,0,48,80,0,128,0,0,54,1,55,0,48,134,1,183,58,0,58,241
02/11/2016,SUS,MO,ACE,CE,Towers with Radar,0,29,89,4,122,0,1,98,1,100,0,30,187,5,222,158,0,158,380
02/12/2016,SUS,MO,ACE,CE,Towers with Radar,0,23,73,0,96,0,0,40,0,40,0,23,113,0,136,67,0,67,203
02/13/2016,SUS,MO,ACE,CE,Towers with Radar,0,26,31,0,57,0,0,73,1,74,0,26,104,1,131,54,0,54,185
02/14/2016,SUS,MO,ACE,CE,Towers with Radar,0,25,22,0,47,0,0,3,0,3,0,25,25,0,50,0,0,0,50
02/15/2016,SUS,MO,ACE,CE,Towers with Radar,0,29,64,0,93,0,0,35,1,36,0,29,99,1,129,128,0,128,257
02/16/2016,SUS,MO,ACE,CE,Towers with Radar,0,37,76,0,113,0,0,0,0,0,0,37,76,0,113,0,0,0,113
02/17/2016,SUS,MO,ACE,CE,Towers with Radar,0,31,61,0,92,0,0,138,2,140,0,31,199,2,232,266,0,266,498
02/18/2016,SUS,MO,ACE,CE,Towers with Radar,0,39,84,0,123,0,0,78,3,81,0,39,162,3,204,71,0,71,275
02/19/2016,SUS,MO,ACE,CE,Towers with Radar,0,21,60,9,90,0,0,45,0,45,0,21,105,9,135,102,0,102,237
02/20/2016,SUS,MO,ACE,CE,Towers with Radar,0,16,43,7,66,0,2,143,2,147,0,18,186,9,213,84,0,84,297
02/21/2016,SUS,MO,ACE,CE,Towers with Radar,0,34,54,0,88,0,4,123,1,128,0,38,177,1,216,174,0,174,390
02/22/2016,SUS,MO,ACE,CE,Towers with Radar,0,17,66,4,87,0,6,116,0,122,0,23,182,4,209,100,0,100,309
02/23/2016,SUS,MO,ACE,CE,Towers with Radar,0,32,59,2,93,0,0,120,6,126,0,32,179,8,219,74,0,74,293
02/24/2016,SUS,MO,ACE,CE,Towers with Radar,0,23,39,0,62,0,0,4,0,4,0,23,43,0,66,0,0,0,66
02/25/2016,SUS,MO,ACE,CE,Towers with Radar,0,30,70,0,100,0,8,77,0,85,0,38,147,0,185,96,0,96,281
02/26/2016,SUS,MO,ACE,CE,Towers with Radar,0,25,49,2,76,0,0,130,0,130,0,25,179,2,206,175,0,175,381
02/27/2016,SUS,MO,ACE,CE,Towers with Radar,0,18,35,1,54,0,1,153,0,154,0,19,188,1,208,149,0,149,357
02/28/2016,SUS,MO,ACE,CE,Towers with Radar,1,24,41,6,72,0,2,17,0,19,1,26,58,6,91,12,0,12,103
02/29/2016,SUS,MO,ACE,CE,Towers with Radar,0,22,76,4,102,0,4,103,0,107,0,26,179,4,209,148,0,148,357
03/01/2016,SUS,MO,ACE,CE,Towers with Radar,0,28,47,0,75,0,1,44,0,45,0,29,91,0,120,56,0,56,176
03/02/2016,SUS,MO,ACE,CE,Towers with Radar,0,32,79,6,117,0,3,122,0,125,0,35,201,6,242,185,0,185,427
03/03/2016,SUS,MO,ACE,CE,Towers with Radar,0,33,71,4,108,0,0,12,0,12,0,33,83,4,120,38,0,38,158
03/04/2016,SUS,MO,ACE,CE,Towers with Radar,0,24,46,2,72,0,0,70,1,71,0,24,116,3,143,178,0,178,321
03/05/2016,SUS,MO,ACE,CE,Towers with Radar,0,21,34,0,55,0,0,121,0,121,0,21,155,0,176,92,0,92,268
03/06/2016,SUS,MO,ACE,CE,Towers with Radar,0,26,56,2,84,0,0,116,0,116,0,26,172,2,200,142,0,142,342
03/07/2016,SUS,MO,ACE,CE,Towers with Radar,0,24,57,0,81,0,4,58,0,62,0,28,115,0,143,110,0,110,253
03/08/2016,SUS,MO,ACE,CE,Towers with Radar,0,37,46,0,83,0,6,54,0,60,0,43,100,0,143,144,0,144,287
03/09/2016,SUS,MO,ACE,CE,Towers with Radar,0,34,78,0,112,0,0,25,0,25,0,34,103,0,137,64,0,64,201
03/10/2016,SUS,MO,ACE,CE,Towers with Radar,0,26,60,0,86,0,0,29,0,29,0,26,89,0,115,45,0,45,160
03/11/2016,SUS,MO,ACE,CE,Towers with Radar,0,19,92,8,119,0,1,158,0,159,0,20,250,8,278,68,0,68,346
03/12/2016,SUS,MO,ACE,CE,Towers with Radar,0,13,39,0,52,0,0,0,0,0,0,13,39,0,52,0,0,0,52
03/13/2016,SUS,MO,ACE,CE,Towers with Radar,0,30,44,2,76,0,0,3,0,3,0,30,47,2,79,6,0,6,85
03/14/2016,SUS,MO,ACE,CE,Towers with Radar,0,26,57,3,86,0,2,69,1,72,0,28,126,4,158,74,0,74,232
03/15/2016,SUS,MO,ACE,CE,Towers with Radar,0,22,71,0,93,0,0,156,0,156,0,22,227,0,249,206,0,206,455
03/16/2016,SUS,MO,ACE,CE,Towers with Radar,0,25,82,2,109,0,0,85,0,85,0,25,167,2,194,79,0,79,273
03/17/2016,SUS,MO,ACE,CE,Towers with Radar,0,36,103,0,139,0,2,163,2,167,0,38,266,2,306,78,0,78,384
03/18/2016,SUS,MO,ACE,CE,Towers with Radar,0,37,73,4,114,0,1,86,0,87,0,38,159,4,201,90,0,90,291
03/19/2016,SUS,MO,ACE,CE,Towers with Radar,0,26,50,4,80,0,0,106,0,106,0,26,156,4,186,65,0,65,251
03/20/2016,SUS,MO,ACE,CE,Towers with Radar,0,36,49,0,85,0,0,52,0,52,0,36,101,0,137,62,0,62,199
03/21/2016,SUS,MO,ACE,CE,Towers with Radar,0,30,72,0,102,0,1,119,4,124,0,31,191,4,226,200,0,200,426
03/22/2016,SUS,MO,ACE,CE,Towers with Radar,0,34,52,1,87,0,2,58,3,63,0,36,110,4,150,32,0,32,182
03/23/2016,SUS,MO,ACE,CE,Towers with Radar,0,23,68,0,91,0,0,44,0,44,0,23,112,0,135,130,0,130,265
03/24/2016,SUS,MO,ACE,CE,Towers with Radar,0,38,57,2,97,0,1,26,0,27,0,39,83,2,124,70,0,70,194
03/25/2016,SUS,MO,ACE,CE,Towers with Radar,0,17,79,11,107,0,2,149,0,151,0,19,228,11,258,223,0,223,481
03/26/2016,SUS,MO,ACE,CE,Towers with Radar,0,15,42,0,57,0,2,146,2,150,0,17,188,2,207,144,0,144,351
03/27/2016,SUS,MO,ACE,CE,Towers with Radar,0,23,24,0,47,0,0,27,0,27,0,23,51,0,74,58,0,58,132
03/28/2016,SUS,MO,ACE,CE,Towers with Radar,0,38,76,4,118,0,1,135,1,137,0,39,211,5,255,204,0,204,459
03/29/2016,SUS,MO,ACE,CE,Towers with Radar,0,29,101,7,137,0,3,117,4,124,0,32,218,11,261,138,6,144,405
03/30/2016,SUS,MO,ACE,CE,Towers with Radar,0,38,49,0,87,0,0,34,0,34,0,38,83,0,121,107,0,107,228
03/31/2016,SUS,MO,ACE,CE,Towers with Radar,0,30,56,0,86,0,4,38,0,42,0,34,94,0,128,90,0,90,218
04/01/2016,SUS,MO,ACE,CE,Towers with Radar,0,15,70,0,85,0,1,83,3,87,0,16,153,3,172,18,0,18,190
04/02/2016,SUS,MO,ACE,CE,Towers with Radar,0,20,46,0,66,0,0,36,0,36,0,20,82,0,102,24,0,24,126
04/03/2016,SUS,MO,ACE,CE,Towers with Radar,0,39,38,0,77,0,0,73,0,73,0,39,111,0,150,72,0,72,222
04/04/2016,SUS,MO,ACE,CE,Towers with Radar,0,29,55,0,84,0,3,101,1,105,0,32,156,1,189,162,0,162,351
04/05/2016,SUS,MO,ACE,CE,Towers with Radar,0,39,73,0,112,0,0,118,3,121,0,39,191,3,233,162,0,162,395
04/06/2016,SUS,MO,ACE,CE,Towers with Radar,1,35,68,0,104,0,0,19,0,19,1,35,87,0,123,8,0,8,131
04/07/2016,SUS,MO,ACE,CE,Towers with Radar,0,53,66,0,119,0,2,40,4,46,0,55,106,4,165,170,0,170,335
04/08/2016,SUS,MO,ACE,CE,Towers with Radar,0,31,75,3,109,0,0,64,0,64,0,31,139,3,173,160,0,160,333
04/09/2016,SUS,MO,ACE,CE,Towers with Radar,0,18,45,11,74,0,0,229,0,229,0,18,274,11,303,196,2,198,501
04/10/2016,SUS,MO,ACE,CE,Towers with Radar,0,27,47,2,76,0,0,10,0,10,0,27,57,2,86,34,0,34,120
04/11/2016,SUS,MO,ACE,CE,Towers with Radar,0,33,53,1,87,0,3,42,2,47,0,36,95,3,134,30,0,30,164
04/12/2016,SUS,MO,ACE,CE,Towers with Radar,0,24,55,0,79,0,0,139,1,140,0,24,194,1,219,118,0,118,337
04/13/2016,SUS,MO,ACE,CE,Towers with Radar,0,42,84,0,126,0,0,144,0,144,0,42,228,0,270,82,0,82,352
04/14/2016,SUS,MO,ACE,CE,Towers with Radar,0,28,73,4,105,0,4,124,4,132,0,32,197,8,237,161,0,161,398
04/15/2016,SUS,MO,ACE,CE,Towers with Radar,0,25,81,5,111,0,0,97,0,97,0,25,178,5,208,144,0,144,352
04/16/2016,SUS,MO,ACE,CE,Towers with Radar,0,19,47,8,74,0,0,108,2,110,0,19,155,10,184,84,0,84,268
04/17/2016,SUS,MO,ACE,CE,Towers with Radar,0,27,60,0,87,0,0,90,1,91,0,27,150,1,178,106,0,106,284
04/18/2016,SUS,MO,ACE,CE,Towers with Radar,0,34,64,7,105,0,0,82,0,82,0,34,146,7,187,140,0,140,327
04/19/2016,SUS,MO,ACE,CE,Towers with Radar,0,45,52,0,97,0,0,58,3,61,0,45,110,3,158,207,0,207,365
04/20/2016,SUS,MO,ACE,CE,Towers with Radar,1,36,54,0,91,0,0,23,0,23,1,36,77,0,114,12,0,12,126
04/21/2016,SUS,MO,ACE,CE,Towers with Radar,0,32,85,0,117,0,0,73,0,73,0,32,158,0,190,70,0,70,260
04/22/2016,SUS,MO,ACE,CE,Towers with Radar,0,27,70,0,97,0,0,117,0,117,0,27,187,0,214,82,0,82,296
04/23/2016,SUS,MO,ACE,CE,Towers with Radar,0,24,42,0,66,0,2,185,0,187,0,26,227,0,253,100,0,100,353
04/24/2016,SUS,MO,ACE,CE,Towers with Radar,0,20,55,1,76,0,0,94,2,96,0,20,149,3,172,118,0,118,290
04/25/2016,SUS,MO,ACE,CE,Towers with Radar,0,30,50,1,81,0,0,70,0,70,0,30,120,1,151,104,0,104,255
04/26/2016,SUS,MO,ACE,CE,Towers with Radar,0,29,57,1,87,0,0,45,0,45,0,29,102,1,132,92,0,92,224
04/27/2016,SUS,MO,ACE,CE,Towers with Radar,0,39,56,0,95,0,0,35,0,35,0,39,91,0,130,80,0,80,210
04/28/2016,SUS,MO,ACE,CE,Towers with Radar,0,29,82,0,111,0,0,111,1,112,0,29,193,1,223,86,0,86,309
04/29/2016,SUS,MO,ACE,CE,Towers with Radar,0,17,89,0,106,0,0,84,0,84,0,17,173,0,190,190,0,190,380
04/30/2016,SUS,MO,ACE,CE,Towers with Radar,0,14,35,0,49,0,0,38,0,38,0,14,73,0,87,94,0,94,181
05/01/2016,SUS,MO,ACE,CE,Towers with Radar,0,24,65,2,91,0,0,52,0,52,0,24,117,2,143,50,0,50,193
05/02/2016,SUS,MO,ACE,CE,Towers with Radar,0,33,93,0,126,0,0,58,1,59,0,33,151,1,185,116,0,116,301
05/03/2016,SUS,MO,ACE,CE,Towers with Radar,0,34,89,4,127,0,1,84,5,90,0,35,173,9,217,74,0,74,291
05/04/2016,SUS,MO,ACE,CE,Towers with Radar,0,31,69,2,102,0,0,71,0,71,0,31,140,2,173,24,0,24,197
05/05/2016,SUS,MO,ACE,CE,Towers with Radar,0,38,80,0,118,0,0,102,2,104,0,38,182,2,222,163,0,163,385
05/06/2016,SUS,MO,ACE,CE,Towers with Radar,0,28,58,8,94,0,1,195,1,197,0,29,253,9,291,304,0,304,595
05/07/2016,SUS,MO,ACE,CE,Towers with Radar,0,19,42,3,64,0,1,102,0,103,0,20,144,3,167,158,4,162,329
05/08/2016,SUS,MO,ACE,CE,Towers with Radar,0,34,56,14,104,0,0,37,0,37,0,34,93,14,141,56,0,56,197
05/09/2016,SUS,MO,ACE,CE,Towers with Radar,0,32,69,2,103,0,0,22,0,22,0,32,91,2,125,2,0,2,127
05/10/2016,SUS,MO,ACE,CE,Towers with Radar,0,33,100,0,133,0,0,91,0,91,0,33,191,0,224,40,0,40,264
05/11/2016,SUS,MO,ACE,CE,Towers with Radar,0,35,90,2,127,0,0,28,2,30,0,35,118,4,157,14,2,16,173
05/12/2016,SUS,MO,ACE,CE,Towers with Radar,1,30,86,6,123,0,0,66,4,70,1,30,152,10,193,13,0,13,206
05/13/2016,SUS,MO,ACE,CE,Towers with Radar,0,14,47,8,69,0,7,137,4,148,0,21,184,12,217,60,8,68,285
05/14/2016,SUS,MO,ACE,CE,Towers with Radar,2,9,27,4,42,0,2,153,12,167,2,11,180,16,209,26,0,26,235
05/15/2016,SUS,MO,ACE,CE,Towers with Radar,1,12,35,6,54,0,3,274,14,291,1,15,309,20,345,8,0,8,353
05/16/2016,SUS,MO,ACE,CE,Towers with Radar,5,40,67,7,119,0,2,36,0,38,5,42,103,7,157,5,0,5,162
05/17/2016,SUS,MO,ACE,CE,Towers with Radar,5,39,85,5,134,0,0,5,0,5,5,39,90,5,139,14,0,14,153
05/18/2016,SUS,MO,ACE,CE,Towers with Radar,2,43,84,0,129,0,0,157,1,158,2,43,241,1,287,21,0,21,308
05/19/2016,SUS,MO,ACE,CE,Towers with Radar,4,42,92,3,141,0,0,132,2,134,4,42,224,5,275,90,0,90,365
05/20/2016,SUS,MO,ACE,CE,Towers with Radar,1,41,85,15,142,0,0,147,0,147,1,41,232,15,289,250,0,250,539
05/21/2016,SUS,MO,ACE,CE,Towers with Radar,1,20,59,2,82,0,8,129,1,138,1,28,188,3,220,143,0,143,363
05/22/2016,SUS,MO,ACE,CE,Towers with Radar,2,25,66,7,100,0,0,182,1,183,2,25,248,8,283,178,0,178,461
05/23/2016,SUS,MO,ACE,CE,Towers with Radar,3,31,75,1,110,0,0,129,2,131,3,31,204,3,241,158,0,158,399
05/24/2016,SUS,MO,ACE,CE,Towers with Radar,1,37,74,0,112,0,0,69,0,69,1,37,143,0,181,111,0,111,292
05/25/2016,SUS,MO,ACE,CE,Towers with Radar,2,36,84,0,122,0,0,71,0,71,2,36,155,0,193,140,0,140,333
05/26/2016,SUS,MO,ACE,CE,Towers with Radar,3,32,64,2,101,0,0,63,6,69,3,32,127,8,170,90,0,90,260
05/27/2016,SUS,MO,ACE,CE,Towers with Radar,1,26,58,0,85,0,0,30,0,30,1,26,88,0,115,10,0,10,125
05/28/2016,SUS,MO,ACE,CE,Towers with Radar,0,12,23,0,35,0,0,58,0,58,0,12,81,0,93,30,0,30,123
05/29/2016,SUS,MO,ACE,CE,Towers with Radar,0,18,39,0,57,0,0,112,3,115,0,18,151,3,172,43,0,43,215
05/30/2016,SUS,MO,ACE,CE,Towers with Radar,0,29,55,0,84,0,0,106,0,106,0,29,161,0,190,45,0,45,235
05/31/2016,SUS,MO,ACE,CE,Towers with Radar,0,34,90,0,124,0,0,88,0,88,0,34,178,0,212,68,0,68,280
06/01/2016,SUS,MO,ACE,CE,Towers with Radar,0,29,79,0,108,0,0,81,1,82,0,29,160,1,190,65,0,65,255
06/02/2016,SUS,MO,ACE,CE,Towers with Radar,0,34,96,0,130,0,0,134,2,136,0,34,230,2,266,146,0,146,412
06/03/2016,SUS,MO,ACE,CE,Towers with Radar,0,26,68,1,95,0,0,75,0,75,0,26,143,1,170,96,0,96,266
06/04/2016,SUS,MO,ACE,CE,Towers with Radar,0,14,41,3,58,0,0,63,0,63,0,14,104,3,121,71,0,71,192
06/05/2016,SUS,MO,ACE,CE,Towers with Radar,0,26,68,0,94,0,0,96,1,97,0,26,164,1,191,62,0,62,253
06/06/2016,SUS,MO,ACE,CE,Towers with Radar,0,34,76,2,112,0,5,97,0,102,0,39,173,2,214,118,0,118,332
06/07/2016,SUS,MO,ACE,CE,Towers with Radar,0,35,91,0,126,0,0,124,0,124,0,35,215,0,250,100,0,100,350
06/08/2016,SUS,MO,ACE,CE,Towers with Radar,0,49,89,0,138,0,0,130,5,135,0,49,219,5,273,154,0,154,427
06/09/2016,SUS,MO,ACE,CE,Towers with Radar,0,25,67,0,92,0,1,141,0,142,0,26,208,0,234,306,0,306,540
06/10/2016,SUS,MO,ACE,CE,Towers with Radar,0,24,81,2,107,0,1,131,5,137,0,25,212,7,244,142,0,142,386
06/11/2016,SUS,MO,ACE,CE,Towers with Radar,0,12,37,8,57,0,0,105,0,105,0,12,142,8,162,22,0,22,184
06/12/2016,SUS,MO,ACE,CE,Towers with Radar,0,29,52,2,83,0,0,119,3,122,0,29,171,5,205,152,0,152,357
06/13/2016,SUS,MO,ACE,CE,Towers with Radar,0,29,58,0,87,0,1,77,0,78,0,30,135,0,165,106,0,106,271
06/14/2016,SUS,MO,ACE,CE,Towers with Radar,0,35,83,3,121,0,0,85,2,87,0,35,168,5,208,82,0,82,290
06/15/2016,SUS,MO,ACE,CE,Towers with Radar,2,43,72,0,117,0,4,67,0,71,2,47,139,0,188,111,0,111,299
06/16/2016,SUS,MO,ACE,CE,Towers with Radar,1,41,85,1,128,0,9,101,1,111,1,50,186,2,239,70,0,70,309
06/17/2016,SUS,MO,ACE,CE,Towers with Radar,0,46,87,0,133,0,2,117,0,119,0,48,204,0,252,68,0,68,320
06/18/2016,SUS,MO,ACE,CE,Towers with Radar,0,14,59,6,79,0,0,81,1,82,0,14,140,7,161,76,6,82,243
06/19/2016,SUS,MO,ACE,CE,Towers with Radar,0,31,54,7,92,0,0,73,0,73,0,31,127,7,165,22,0,22,187
06/20/2016,SUS,MO,ACE,CE,Towers with Radar,0,32,77,0,109,0,1,90,0,91,0,33,167,0,200,125,0,125,325
06/21/2016,SUS,MO,ACE,CE,Towers with Radar,0,36,53,0,89,0,0,97,0,97,0,36,150,0,186,136,0,136,322
06/22/2016,SUS,MO,ACE,CE,Towers with Radar,0,39,64,2,105,0,0,80,1,81,0,39,144,3,186,76,0,76,262
06/23/2016,SUS,MO,ACE,CE,Towers with Radar,0,43,97,2,142,0,0,117,1,118,0,43,214,3,260,239,0,239,499
06/24/2016,SUS,MO,ACE,CE,Towers with Radar,1,34,86,0,121,0,0,123,0,123,1,34,209,0,244,283,0,283,527
06/25/2016,SUS,MO,ACE,CE,Towers with Radar,0,14,36,4,54,0,0,86,2,88,0,14,122,6,142,226,2,228,370
06/26/2016,SUS,MO,ACE,CE,Towers with Radar,0,34,50,3,87,0,0,68,0,68,0,34,118,3,155,172,0,172,327
06/27/2016,SUS,MO,ACE,CE,Towers with Radar,0,22,61,3,86,0,0,72,0,72,0,22,133,3,158,148,0,148,306
06/28/2016,SUS,MO,ACE,CE,Towers with Radar,0,28,66,3,97,0,0,117,2,119,0,28,183,5,216,100,0,100,316
06/29/2016,SUS,MO,ACE,CE,Towers with Radar,0,36,78,0,114,0,0,141,4,145,0,36,219,4,259,152,0,152,411
06/30/2016,SUS,MO,ACE,CE,Towers with Radar,0,33,64,0,97,0,8,48,5,61,0,41,112,5,158,32,0,32,190
07/01/2016,SUS,MO,ACE,CE,Towers with Radar,0,23,69,0,92,0,0,98,0,98,0,23,167,0,190,58,0,58,248
07/02/2016,SUS,MO,ACE,CE,Towers with Radar,0,16,17,0,33,0,0,22,1,23,0,16,39,1,56,90,0,90,146
07/03/2016,SUS,MO,ACE,CE,Towers with Radar,0,10,11,0,21,0,0,0,0,0,0,10,11,0,21,0,0,0,21
07/04/2016,SUS,MO,ACE,CE,Towers with Radar,0,19,24,0,43,0,0,15,0,15,0,19,39,0,58,6,0,6,64
07/05/2016,SUS,MO,ACE,CE,Towers with Radar,0,46,102,0,148,0,0,98,0,98,0,46,200,0,246,62,0,62,308
07/06/2016,SUS,MO,ACE,CE,Towers with Radar,0,27,47,0,74,0,0,54,0,54,0,27,101,0,128,100,0,100,228
07/07/2016,SUS,MO,ACE,CE,Towers with Radar,0,34,83,0,117,0,0,70,5,75,0,34,153,5,192,170,0,170,362
07/08/2016,SUS,MO,ACE,CE,Towers with Radar,0,23,90,15,128,0,2,113,2,117,0,25,203,17,245,66,0,66,311
07/09/2016,SUS,MO,ACE,CE,Towers with Radar,0,23,37,9,69,0,17,122,2,141,0,40,159,11,210,96,0,96,306
07/10/2016,SUS,MO,ACE,CE,Towers with Radar,0,40,71,4,115,0,0,127,1,128,0,40,198,5,243,76,2,78,321
07/11/2016,SUS,MO,ACE,CE,Towers with Radar,0,43,58,6,107,0,2,103,0,105,0,45,161,6,212,156,0,156,368
07/12/2016,SUS,MO,ACE,CE,Towers with Radar,0,33,63,6,102,0,0,53,0,53,0,33,116,6,155,120,0,120,275
07/13/2016,SUS,MO,ACE,CE,Towers with Radar,0,36,60,0,96,0,0,65,6,71,0,36,125,6,167,91,0,91,258
07/14/2016,SUS,MO,ACE,CE,Towers with Radar,0,31,89,0,120,0,1,106,0,107,0,32,195,0,227,167,0,167,394
07/15/2016,SUS,MO,ACE,CE,Towers with Radar,0,32,88,17,137,0,4,122,0,126,0,36,210,17,263,192,0,192,455
07/16/2016,SUS,MO,ACE,CE,Towers with Radar,0,11,46,5,62,0,1,101,2,104,0,12,147,7,166,123,0,123,289
07/17/2016,SUS,MO,ACE,CE,Towers with Radar,0,30,78,5,113,0,1,80,0,81,0,31,158,5,194,44,2,46,240
07/18/2016,SUS,MO,ACE,CE,Towers with Radar,0,21,60,2,83,0,2,81,2,85,0,23,141,4,168,171,0,171,339
07/19/2016,SUS,MO,ACE,CE,Towers with Radar,0,45,74,2,121,0,0,79,0,79,0,45,153,2,200,100,0,100,300
07/20/2016,SUS,MO,ACE,CE,Towers with Radar,0,28,92,0,120,0,1,81,2,84,0,29,173,2,204,138,0,138,342
07/21/2016,SUS,MO,ACE,CE,Towers with Radar,0,42,91,0,133,0,0,115,7,122,0,42,206,7,255,151,0,151,406
07/22/2016,SUS,MO,ACE,CE,Towers with Radar,0,21,90,6,117,0,4,86,0,90,0,25,176,6,207,186,2,188,395
07/23/2016,SUS,MO,ACE,CE,Towers with Radar,0,10,43,3,56,0,2,108,1,111,0,12,151,4,167,125,0,125,292
07/24/2016,SUS,MO,ACE,CE,Towers with Radar,0,30,74,2,106,0,0,99,0,99,0,30,173,2,205,112,0,112,317
07/25/2016,SUS,MO,ACE,CE,Towers with Radar,0,37,68,0,105,0,3,56,0,59,0,40,124,0,164,118,0,118,282
07/26/2016,SUS,MO,ACE,CE,Towers with Radar,0,39,82,0,121,0,0,109,0,109,0,39,191,0,230,120,0,120,350
07/27/2016,SUS,MO,ACE,CE,Towers with Radar,0,27,66,0,93,0,0,66,0,66,0,27,132,0,159,102,0,102,261
07/28/2016,SUS,MO,ACE,CE,Towers with Radar,0,40,86,0,126,0,4,101,4,109,0,44,187,4,235,73,0,73,308
07/29/2016,SUS,MO,ACE,CE,Towers with Radar,1,22,95,3,121,0,0,96,1,97,1,22,191,4,218,50,0,50,268
07/30/2016,SUS,MO,ACE,CE,Towers with Radar,0,24,64,0,88,0,2,106,4,112,0,26,170,4,200,116,0,116,316
07/31/2016,SUS,MO,ACE,CE,Towers with Radar,0,30,60,8,98,0,0,102,0,102,0,30,162,8,200,124,0,124,324
08/01/2016,SUS,MO,ACE,CE,Towers with Radar,0,20,74,0,94,0,0,47,0,47,0,20,121,0,141,62,0,62,203
08/02/2016,SUS,MO,ACE,CE,Towers with Radar,0,26,69,0,95,0,0,69,0,69,0,26,138,0,164,102,0,102,266
08/03/2016,SUS,MO,ACE,CE,Towers with Radar,0,43,72,0,115,0,0,84,0,84,0,43,156,0,199,112,0,112,311
08/04/2016,SUS,MO,ACE,CE,Towers with Radar,0,45,64,0,109,0,2,95,4,101,0,47,159,4,210,180,0,180,390
08/05/2016,SUS,MO,ACE,CE,Towers with Radar,0,27,71,8,106,0,0,52,0,52,0,27,123,8,158,115,4,119,277
08/06/2016,SUS,MO,ACE,CE,Towers with Radar,0,25,40,0,65,0,3,109,0,112,0,28,149,0,177,44,0,44,221
08/07/2016,SUS,MO,ACE,CE,Towers with Radar,0,35,54,0,89,0,0,114,0,114,0,35,168,0,203,192,0,192,395
08/08/2016,SUS,MO,ACE,CE,Towers with Radar,0,25,72,3,100,0,0,105,3,108,0,25,177,6,208,162,0,162,370
08/09/2016,SUS,MO,ACE,CE,Towers with Radar,0,29,55,0,84,0,2,78,7,87,0,31,133,7,171,96,0,96,267
08/10/2016,SUS,MO,ACE,CE,Towers with Radar,0,34,79,0,113,0,0,115,0,115,0,34,194,0,228,108,0,108,336
08/11/2016,SUS,MO,ACE,CE,Towers with Radar,0,27,69,5,101,0,0,103,7,110,0,27,172,12,211,91,2,93,304
08/12/2016,SUS,MO,ACE,CE,Towers with Radar,0,23,70,0,93,0,0,39,0,39,0,23,109,0,132,48,0,48,180
08/13/2016,SUS,MO,ACE,CE,Towers with Radar,0,28,45,0,73,0,0,48,0,48,0,28,93,0,121,73,0,73,194
08/14/2016,SUS,MO,ACE,CE,Towers with Radar,0,34,63,0,97,0,0,34,0,34,0,34,97,0,131,48,0,48,179
08/15/2016,SUS,MO,ACE,CE,Towers with Radar,0,36,66,0,102,0,0,0,0,0,0,36,66,0,102,0,0,0,102
08/16/2016,SUS,MO,ACE,CE,Towers with Radar,0,38,68,0,106,0,0,79,1,80,0,38,147,1,186,151,0,151,337
08/17/2016,SUS,MO,ACE,CE,Towers with Radar,0,50,86,0,136,0,0,142,3,145,0,50,228,3,281,142,0,142,423
08/18/2016,SUS,MO,ACE,CE,Towers with Radar,0,36,83,2,121,0,0,140,0,140,0,36,223,2,261,150,0,150,411
08/19/2016,SUS,MO,ACE,CE,Towers with Radar,0,30,74,3,107,0,0,69,2,71,0,30,143,5,178,280,0,280,458
08/20/2016,SUS,MO,ACE,CE,Towers with Radar,0,14,38,0,52,0,2,82,0,84,0,16,120,0,136,154,0,154,290
08/21/2016,SUS,MO,ACE,CE,Towers with Radar,0,36,61,10,107,0,3,191,7,201,0,39,252,17,308,164,8,172,480
08/22/2016,SUS,MO,ACE,CE,Towers with Radar,0,30,68,2,100,0,0,148,3,151,0,30,216,5,251,231,0,231,482
08/23/2016,SUS,MO,ACE,CE,Towers with Radar,0,46,85,2,133,0,5,30,1,36,0,51,115,3,169,34,0,34,203
08/24/2016,SUS,MO,ACE,CE,Towers with Radar,2,34,84,0,120,0,3,84,1,88,2,37,168,1,208,146,0,146,354
08/25/2016,SUS,MO,ACE,CE,Towers with Radar,0,62,93,2,157,0,6,98,0,104,0,68,191,2,261,82,0,82,343
08/26/2016,SUS,MO,ACE,CE,Towers with Radar,0,32,71,21,124,0,1,66,4,71,0,33,137,25,195,42,0,42,237
08/27/2016,SUS,MO,ACE,CE,Towers with Radar,0,17,38,0,55,0,2,90,1,93,0,19,128,1,148,133,0,133,281
08/28/2016,SUS,MO,ACE,CE,Towers with Radar,1,19,61,2,83,0,0,92,0,92,1,19,153,2,175,118,0,118,293
08/29/2016,SUS,MO,ACE,CE,Towers with Radar,1,49,52,0,102,0,2,101,0,103,1,51,153,0,205,197,0,197,402
08/30/2016,SUS,MO,ACE,CE,Towers with Radar,4,39,76,0,119,0,0,72,0,72,4,39,148,0,191,79,0,79,270
08/31/2016,SUS,MO,ACE,CE,Towers with Radar,0,47,89,0,136,0,3,39,2,44,0,50,128,2,180,66,0,66,246
09/01/2016,SUS,MO,ACE,CE,Towers with Radar,2,35,84,0,121,0,2,115,0,117,2,37,199,0,238,98,0,98,336
09/02/2016,SUS,MO,ACE,CE,Towers with Radar,0,30,76,2,108,0,0,172,5,177,0,30,248,7,285,145,0,145,430
09/03/2016,SUS,MO,ACE,CE,Towers with Radar,0,22,42,0,64,0,0,119,1,120,0,22,161,1,184,112,0,112,296
09/04/2016,SUS,MO,ACE,CE,Towers with Radar,0,28,34,1,63,0,0,83,1,84,0,28,117,2,147,68,0,68,215
09/05/2016,SUS,MO,ACE,CE,Towers with Radar,0,42,60,0,102,0,0,127,0,127,0,42,187,0,229,138,0,138,367
09/06/2016,SUS,MO,ACE,CE,Towers with Radar,2,33,62,18,115,0,0,80,1,81,2,33,142,19,196,130,0,130,326
09/07/2016,SUS,MO,ACE,CE,Towers with Radar,0,45,92,0,137,0,0,83,6,89,0,45,175,6,226,70,0,70,296
09/08/2016,SUS,MO,ACE,CE,Towers with Radar,0,33,93,0,126,0,0,24,0,24,0,33,117,0,150,122,0,122,272
09/09/2016,SUS,MO,ACE,CE,Towers with Radar,0,38,80,5,123,0,0,20,0,20,0,38,100,5,143,74,0,74,217
09/10/2016,SUS,MO,ACE,CE,Towers with Radar,2,34,38,5,79,0,1,67,2,70,2,35,105,7,149,104,0,104,253
09/11/2016,SUS,MO,ACE,CE,Towers with Radar,0,23,58,1,82,0,0,132,0,132,0,23,190,1,214,113,0,113,327
09/12/2016,SUS,MO,ACE,CE,Towers with Radar,0,39,83,9,131,0,0,92,1,93,0,39,175,10,224,92,0,92,316
09/13/2016,SUS,MO,ACE,CE,Towers with Radar,0,40,74,4,118,0,0,139,1,140,0,40,213,5,258,176,0,176,434
09/14/2016,SUS,MO,ACE,CE,Towers with Radar,0,59,98,3,160,0,2,90,1,93,0,61,188,4,253,178,0,178,431
09/15/2016,SUS,MO,ACE,CE,Towers with Radar,0,43,50,2,95,0,0,34,1,35,0,43,84,3,130,76,0,76,206
09/16/2016,SUS,MO,ACE,CE,Towers with Radar,1,24,45,0,70,0,0,12,0,12,1,24,57,0,82,6,0,6,88
09/17/2016,SUS,MO,ACE,CE,Towers with Radar,1,17,44,0,62,0,0,66,0,66,1,17,110,0,128,96,0,96,224
09/18/2016,SUS,MO,ACE,CE,Towers with Radar,0,24,48,2,74,0,3,120,5,128,0,27,168,7,202,78,0,78,280
09/19/2016,SUS,MO,ACE,CE,Towers with Radar,0,36,58,5,99,0,6,112,2,120,0,42,170,7,219,142,10,152,371
09/20/2016,SUS,MO,ACE,CE,Towers with Radar,0,44,68,0,112,0,2,104,1,107,0,46,172,1,219,76,0,76,295
09/21/2016,SUS,MO,ACE,CE,Towers with Radar,0,42,93,4,139,0,0,90,4,94,0,42,183,8,233,66,0,66,299
09/22/2016,SUS,MO,ACE,CE,Towers with Radar,0,41,74,2,117,0,0,110,1,111,0,41,184,3,228,34,0,34,262
09/23/2016,SUS,MO,ACE,CE,Towers with Radar,0,24,78,4,106,0,0,135,0,135,0,24,213,4,241,24,0,24,265
09/24/2016,SUS,MO,ACE,CE,Towers with Radar,0,12,51,6,69,0,1,186,3,190,0,13,237,9,259,64,0,64,323
09/25/2016,SUS,MO,ACE,CE,Towers with Radar,0,34,51,2,87,0,0,89,0,89,0,34,140,2,176,61,0,61,237
09/26/2016,SUS,MO,ACE,CE,Towers with Radar,0,20,56,0,76,0,2,101,0,103,0,22,157,0,179,36,0,36,215
09/27/2016,SUS,MO,ACE,CE,Towers with Radar,0,28,83,0,111,0,1,91,2,94,0,29,174,2,205,16,0,16,221
09/28/2016,SUS,MO,ACE,CE,Towers with Radar,2,33,72,0,107,0,2,104,0,106,2,35,176,0,213,25,0,25,238
09/29/2016,SUS,MO,ACE,CE,Towers with Radar,0,47,101,0,148,0,0,72,0,72,0,47,173,0,220,4,0,4,224
09/30/2016,SUS,MO,ACE,CE,Towers with Radar,2,37,92,0,131,0,1,58,0,59,2,38,150,0,190,20,0,20,210
10/01/2016,SUS,MO,ACE,CE,Towers with Radar,0,26,53,2,81,0,0,25,2,27,0,26,78,4,108,4,0,4,112
10/02/2016,SUS,MO,ACE,CE,Towers with Radar,0,33,70,0,103,0,0,50,0,50,0,33,120,0,153,24,0,24,177
10/03/2016,SUS,MO,ACE,CE,Towers with Radar,0,39,60,2,101,0,0,61,0,61,0,39,121,2,162,28,0,28,190
10/04/2016,SUS,MO,ACE,CE,Towers with Radar,0,28,70,0,98,0,0,96,0,96,0,28,166,0,194,30,0,30,224
10/05/2016,SUS,MO,ACE,CE,Towers with Radar,0,44,84,2,130,0,0,64,1,65,0,44,148,3,195,32,0,32,227
10/06/2016,SUS,MO,ACE,CE,Towers with Radar,0,39,69,0,108,0,1,95,2,98,0,40,164,2,206,44,0,44,250
10/07/2016,SUS,MO,ACE,CE,Towers with Radar,0,26,59,2,87,0,1,72,0,73,0,27,131,2,160,18,0,18,178
10/08/2016,SUS,MO,ACE,CE,Towers with Radar,0,30,30,0,60,0,0,113,0,113,0,30,143,0,173,20,0,20,193
10/09/2016,SUS,MO,ACE,CE,Towers with Radar,0,38,61,0,99,0,0,123,0,123,0,38,184,0,222,10,0,10,232
10/10/2016,SUS,MO,ACE,CE,Towers with Radar,0,27,58,0,85,0,2,89,0,91,0,29,147,0,176,16,0,16,192
10/11/2016,SUS,MO,ACE,CE,Towers with Radar,0,35,51,4,90,0,0,122,9,131,0,35,173,13,221,24,0,24,245
10/12/2016,SUS,MO,ACE,CE,Towers with Radar,0,34,80,0,114,0,0,12,1,13,0,34,92,1,127,6,0,6,133
10/13/2016,SUS,MO,ACE,CE,Towers with Radar,0,50,96,10,156,0,1,89,1,91,0,51,185,11,247,46,2,48,295
10/14/2016,SUS,MO,ACE,CE,Towers with Radar,0,42,89,17,148,0,0,55,1,56,0,42,144,18,204,20,0,20,224
10/15/2016,SUS,MO,ACE,CE,Towers with Radar,0,23,42,0,65,0,0,46,0,46,0,23,88,0,111,14,0,14,125
10/16/2016,SUS,MO,ACE,CE,Towers with Radar,0,28,97,4,129,0,2,60,0,62,0,30,157,4,191,12,0,12,203
10/17/2016,SUS,MO,ACE,CE,Towers with Radar,0,34,50,2,86,0,0,42,0,42,0,34,92,2,128,4,0,4,132
10/18/2016,SUS,MO,ACE,CE,Towers with Radar,0,31,77,0,108,0,0,84,4,88,0,31,161,4,196,10,0,10,206
10/19/2016,SUS,MO,ACE,CE,Towers with Radar,0,43,81,0,124,0,0,22,0,22,0,43,103,0,146,36,0,36,182
10/20/2016,SUS,MO,ACE,CE,Towers with Radar,0,38,87,2,127,0,0,74,6,80,0,38,161,8,207,38,0,38,245
10/21/2016,SUS,MO,ACE,CE,Towers with Radar,0,33,84,10,127,0,0,131,0,131,0,33,215,10,258,44,0,44,302
10/22/2016,SUS,MO,ACE,CE,Towers with Radar,0,12,40,10,62,0,3,135,1,139,0,15,175,11,201,108,0,108,309
10/23/2016,SUS,MO,ACE,CE,Towers with Radar,0,32,66,4,102,0,0,122,0,122,0,32,188,4,224,12,0,12,236
10/24/2016,SUS,MO,ACE,CE,Towers with Radar,0,40,75,2,117,0,0,65,1,66,0,40,140,3,183,24,2,26,209
10/25/2016,SUS,MO,ACE,CE,Towers with Radar,0,31,60,8,99,0,3,96,0,99,0,34,156,8,198,28,0,28,226
10/26/2016,SUS,MO,ACE,CE,Towers with Radar,0,33,73,4,110,0,1,65,0,66,0,34,138,4,176,36,0,36,212
10/27/2016,SUS,MO,ACE,CE,Towers with Radar,0,30,80,2,112,0,0,78,0,78,0,30,158,2,190,13,0,13,203
10/28/2016,SUS,MO,ACE,CE,Towers with Radar,0,39,77,4,120,0,0,91,2,93,0,39,168,6,213,24,0,24,237
10/29/2016,SUS,MO,ACE,CE,Towers with Radar,0,19,30,0,49,0,1,62,0,63,0,20,92,0,112,2,0,2,114
10/30/2016,SUS,MO,ACE,CE,Towers with Radar,0,45,58,2,105,0,1,56,0,57,0,46,114,2,162,30,0,30,192
10/31/2016,SUS,MO,ACE,CE,Towers with Radar,0,29,69,0,98,0,2,76,0,78,0,31,145,0,176,18,0,18,194
11/01/2016,SUS,MO,ACE,CE,Towers with Radar,0,31,76,0,107,0,1,81,3,85,0,32,157,3,192,9,0,9,201
11/02/2016,SUS,MO,ACE,CE,Towers with Radar,0,46,90,2,138,0,1,62,4,67,0,47,152,6,205,0,0,0,205
11/03/2016,SUS,MO,ACE,CE,Towers with Radar,2,30,80,0,112,0,2,27,0,29,2,32,107,0,141,8,0,8,149
11/04/2016,SUS,MO,ACE,CE,Towers with Radar,1,35,97,20,153,0,0,118,1,119,1,35,215,21,272,38,4,42,314
11/05/2016,SUS,MO,ACE,CE,Towers with Radar,0,22,30,7,59,0,1,130,0,131,0,23,160,7,190,68,0,68,258
11/06/2016,SUS,MO,ACE,CE,Towers with Radar,0,25,69,8,102,0,1,121,11,133,0,26,190,19,235,24,12,36,271
11/07/2016,SUS,MO,ACE,CE,Towers with Radar,0,24,91,2,117,0,0,71,0,71,0,24,162,2,188,27,0,27,215
11/08/2016,SUS,MO,ACE,CE,Towers with Radar,0,39,66,0,105,0,0,20,0,20,0,39,86,0,125,9,0,9,134
11/09/2016,SUS,MO,ACE,CE,Towers with Radar,0,41,82,0,123,0,4,84,5,93,0,45,166,5,216,51,0,51,267
11/10/2016,SUS,MO,ACE,CE,Towers with Radar,0,26,80,18,124,0,1,98,3,102,0,27,178,21,226,30,0,30,256
11/11/2016,SUS,MO,ACE,CE,Towers with Radar,0,26,45,4,75,0,0,99,1,100,0,26,144,5,175,12,0,12,187
11/12/2016,SUS,MO,ACE,CE,Towers with Radar,0,12,38,2,52,0,2,122,1,125,0,14,160,3,177,56,0,56,233
11/13/2016,SUS,MO,ACE,CE,Towers with Radar,0,33,64,0,97,0,0,106,1,107,0,33,170,1,204,64,0,64,268
11/14/2016,SUS,MO,ACE,CE,Towers with Radar,0,36,80,3,119,0,0,71,1,72,0,36,151,4,191,58,0,58,249
11/15/2016,SUS,MO,ACE,CE,Towers with Radar,0,46,73,0,119,0,4,75,1,80,0,50,148,1,199,26,0,26,225
11/16/2016,SUS,MO,ACE,CE,Towers with Radar,0,49,81,0,130,0,2,80,11,93,0,51,161,11,223,14,0,14,237
11/17/2016,SUS,MO,ACE,CE,Towers with Radar,0,36,76,0,112,0,1,47,0,48,0,37,123,0,160,2,0,2,162
11/18/2016,SUS,MO,ACE,CE,Towers with Radar,0,34,57,4,95,0,0,16,6,22,0,34,73,10,117,1,8,9,126
11/19/2016,SUS,MO,ACE,CE,Towers with Radar,0,27,31,6,64,0,4,29,3,36,0,31,60,9,100,12,0,12,112
11/20/2016,SUS,MO,ACE,CE,Towers with Radar,0,22,52,4,78,0,0,135,0,135,0,22,187,4,213,25,0,25,238
11/21/2016,SUS,MO,ACE,CE,Towers with Radar,0,30,63,0,93,0,1,106,3,110,0,31,169,3,203,23,0,23,226
11/22/2016,SUS,MO,ACE,CE,Towers with Radar,0,48,97,0,145,0,0,41,2,43,0,48,138,2,188,8,0,8,196
11/23/2016,SUS,MO,ACE,CE,Towers with Radar,0,27,56,0,83,0,0,3,0,3,0,27,59,0,86,6,0,6,92
11/24/2016,SUS,MO,ACE,CE,Towers with Radar,0,2,9,0,11,0,0,5,0,5,0,2,14,0,16,12,0,12,28
11/25/2016,SUS,MO,ACE,CE,Towers with Radar,0,9,45,0,54,0,0,42,0,42,0,9,87,0,96,14,0,14,110
11/26/2016,SUS,MO,ACE,CE,Towers with Radar,0,18,41,0,59,0,0,134,1,135,0,18,175,1,194,62,0,62,256
11/27/2016,SUS,MO,ACE,CE,Towers with Radar,0,44,75,0,119,0,0,28,0,28,0,44,103,0,147,30,0,30,177
11/28/2016,SUS,MO,ACE,CE,Towers with Radar,0,33,47,0,80,0,4,20,1,25,0,37,67,1,105,5,0,5,110
11/29/2016,SUS,MO,ACE,CE,Towers with Radar,0,39,59,0,98,0,2,62,1,65,0,41,121,1,163,24,0,24,187
11/30/2016,SUS,MO,ACE,CE,Towers with Radar,0,33,58,0,91,0,0,48,2,50,0,33,106,2,141,48,0,48,189
12/01/2016,SUS,MO,ACE,CE,Towers with Radar,0,33,63,1,97,0,0,80,0,80,0,33,143,1,177,120,0,120,297
12/02/2016,SUS,MO,ACE,CE,Towers with Radar,0,29,63,1,93,0,3,123,0,126,0,32,186,1,219,147,0,147,366
12/03/2016,SUS,MO,ACE,CE,Towers with Radar,0,24,41,0,65,0,2,99,0,101,0,26,140,0,166,140,0,140,306
12/04/2016,SUS,MO,ACE,CE,Towers with Radar,0,25,35,0,60,0,0,1,0,1,0,25,36,0,61,0,0,0,61
12/05/2016,SUS,MO,ACE,CE,Towers with Radar,0,27,60,4,91,0,0,45,0,45,0,27,105,4,136,75,0,75,211
12/06/2016,SUS,MO,ACE,CE,Towers with Radar,0,32,65,0,97,0,1,54,0,55,0,33,119,0,152,124,0,124,276
12/07/2016,SUS,MO,ACE,CE,Towers with Radar,0,41,54,0,95,0,0,80,1,81,0,41,134,1,176,36,0,36,212
12/08/2016,SUS,MO,ACE,CE,Towers with Radar,0,42,58,0,100,0,0,33,0,33,0,42,91,0,133,33,0,33,166
12/09/2016,SUS,MO,ACE,CE,Towers with Radar,0,25,63,2,90,0,0,70,0,70,0,25,133,2,160,72,0,72,232
12/10/2016,SUS,MO,ACE,CE,Towers with Radar,0,30,31,2,63,0,3,82,0,85,0,33,113,2,148,64,0,64,212
12/11/2016,SUS,MO,ACE,CE,Towers with Radar,1,33,32,0,66,0,0,19,0,19,1,33,51,0,85,18,0,18,103
12/12/2016,SUS,MO,ACE,CE,Towers with Radar,0,30,69,2,101,0,3,98,2,103,0,33,167,4,204,183,0,183,387
12/13/2016,SUS,MO,ACE,CE,Towers with Radar,0,39,60,0,99,0,1,38,0,39,0,40,98,0,138,96,0,96,234
12/14/2016,SUS,MO,ACE,CE,Towers with Radar,0,39,78,0,117,0,4,32,3,39,0,43,110,3,156,16,0,16,172
12/15/2016,SUS,MO,ACE,CE,Towers with Radar,0,37,86,0,123,0,2,119,2,123,0,39,205,2,246,199,0,199,445
12/16/2016,SUS,MO,ACE,CE,Towers with Radar,0,26,58,0,84,0,0,11,1,12,0,26,69,1,96,10,0,10,106
12/17/2016,SUS,MO,ACE,CE,Towers with Radar,0,19,14,0,33,0,0,0,0,0,0,19,14,0,33,0,0,0,33
12/18/2016,SUS,MO,ACE,CE,Towers with Radar,0,23,45,0,68,0,0,50,1,51,0,23,95,1,119,4,0,4,123
12/19/2016,SUS,MO,ACE,CE,Towers with Radar,0,26,56,2,84,0,0,65,1,66,0,26,121,3,150,124,0,124,274
12/20/2016,SUS,MO,ACE,CE,Towers with Radar,0,29,56,0,85,0,0,99,0,99,0,29,155,0,184,134,0,134,318
12/21/2016,SUS,MO,ACE,CE,Towers with Radar,0,28,81,0,109,0,0,130,3,133,0,28,211,3,242,100,0,100,342
12/22/2016,SUS,MO,ACE,CE,Towers with Radar,0,28,45,0,73,0,0,99,0,99,0,28,144,0,172,128,0,128,300
12/23/2016,SUS,MO,ACE,CE,Towers with Radar,0,28,36,0,64,0,0,12,0,12,0,28,48,0,76,6,0,6,82
12/24/2016,SUS,MO,ACE,CE,Towers with Radar,0,11,11,0,22,0,0,0,0,0,0,11,11,0,22,0,0,0,22
12/25/2016,SUS,MO,ACE,CE,Towers with Radar,0,23,7,0,30,0,0,0,0,0,0,23,7,0,30,0,0,0,30
12/26/2016,SUS,MO,ACE,CE,Towers with Radar,0,44,61,0,105,0,0,49,0,49,0,44,110,0,154,56,0,56,210
12/27/2016,SUS,MO,ACE,CE,Towers with Radar,0,28,52,0,80,0,0,88,0,88,0,28,140,0,168,81,0,81,249
12/28/2016,SUS,MO,ACE,CE,Towers with Radar,0,19,50,0,69,0,2,59,0,61,0,21,109,0,130,43,0,43,173
12/29/2016,SUS,MO,ACE,CE,Towers with Radar,0,20,23,3,46,0,0,17,0,17,0,20,40,3,63,0,10,10,73
12/30/2016,SUS,MO,ACE,CE,Towers with Radar,0,21,56,0,77,0,0,137,0,137,0,21,193,0,214,134,0,134,348
12/31/2016,SUS,MO,ACE,CE,Towers with Radar,0,12,30,0,42,0,0,46,0,46,0,12,76,0,88,36,0,36,124
01/01/2017,SUS,MO,ACE,CE,Towers with Radar,0,18,33,0,51,0,0,57,1,58,0,18,90,1,109,78,0,78,187
01/02/2017,SUS,MO,ACE,CE,Towers with Radar,0,35,39,0,74,0,0,0,0,0,0,35,39,0,74,0,0,0,74
01/03/2017,SUS,MO,ACE,CE,Towers with Radar,0,42,44,0,86,0,0,2,0,2,0,42,46,0,88,0,0,0,88
01/04/2017,SUS,MO,ACE,CE,Towers with Radar,0,25,48,4,77,0,0,88,0,88,0,25,136,4,165,133,0,133,298
01/05/2017,SUS,MO,ACE,CE,Towers with Radar,0,20,49,0,69,0,0,11,0,11,0,20,60,0,80,0,0,0,80
01/06/2017,SUS,MO,ACE,CE,Towers with Radar,0,21,38,3,62,0,0,45,0,45,0,21,83,3,107,55,3,58,165
01/07/2017,SUS,MO,ACE,CE,Towers with Radar,0,11,34,10,55,0,0,72,2,74,0,11,106,12,129,82,2,84,213
01/08/2017,SUS,MO,ACE,CE,Towers with Radar,0,23,48,0,71,0,0,59,0,59,0,23,107,0,130,69,0,69,199
01/09/2017,SUS,MO,ACE,CE,Towers with Radar,0,25,43,1,69,0,0,51,0,51,0,25,94,1,120,94,0,94,214
01/10/2017,SUS,MO,ACE,CE,Towers with Radar,0,28,61,0,89,0,0,19,0,19,0,28,80,0,108,36,0,36,144
01/11/2017,SUS,MO,ACE,CE,Towers with Radar,0,38,60,2,100,0,1,40,2,43,0,39,100,4,143,10,0,10,153
01/12/2017,SUS,MO,ACE,CE,Towers with Radar,0,45,70,0,115,0,2,21,0,23,0,47,91,0,138,21,0,21,159
01/13/2017,SUS,MO,ACE,CE,Towers with Radar,0,10,18,0,28,0,0,0,0,0,0,10,18,0,28,0,0,0,28
01/14/2017,SUS,MO,ACE,CE,Towers with Radar,0,14,7,0,21,0,0,0,0,0,0,14,7,0,21,0,0,0,21
01/15/2017,SUS,MO,ACE,CE,Towers with Radar,0,28,16,0,44,0,0,0,0,0,0,28,16,0,44,0,0,0,44
01/16/2017,SUS,MO,ACE,CE,Towers with Radar,0,30,79,0,109,0,0,0,0,0,0,30,79,0,109,0,0,0,109
01/17/2017,SUS,MO,ACE,CE,Towers with Radar,0,51,50,0,101,0,1,28,4,33,0,52,78,4,134,50,4,54,188
01/18/2017,SUS,MO,ACE,CE,Towers with Radar,0,41,57,0,98,0,0,97,1,98,0,41,154,1,196,152,0,152,348
01/19/2017,SUS,MO,ACE,CE,Towers with Radar,0,30,42,0,72,0,0,0,0,0,0,30,42,0,72,0,0,0,72
01/20/2017,SUS,MO,ACE,CE,Towers with Radar,0,25,59,2,86,0,0,56,1,57,0,25,115,3,143,96,0,96,239
01/21/2017,SUS,MO,ACE,CE,Towers with Radar,0,23,33,3,59,0,0,167,0,167,0,23,200,3,226,249,0,249,475
01/22/2017,SUS,MO,ACE,CE,Towers with Radar,0,24,38,2,64,0,0,18,0,18,0,24,56,2,82,88,0,88,170
01/23/2017,SUS,MO,ACE,CE,Towers with Radar,2,35,66,4,107,0,0,48,0,48,2,35,114,4,155,166,0,166,321
01/24/2017,SUS,MO,ACE,CE,Towers with Radar,1,30,59,1,91,0,0,111,2,113,1,30,170,3,204,210,0,210,414
01/25/2017,SUS,MO,ACE,CE,Towers with Radar,0,34,55,2,91,0,0,37,0,37,0,34,92,2,128,38,0,38,166
01/26/2017,SUS,MO,ACE,CE,Towers with Radar,0,28,73,2,103,0,0,25,0,25,0,28,98,2,128,23,0,23,151
01/27/2017,SUS,MO,ACE,CE,Towers with Radar,0,34,60,0,94,0,0,49,0,49,0,34,109,0,143,54,0,54,197
01/28/2017,SUS,MO,ACE,CE,Towers with Radar,0,29,38,0,67,0,3,64,0,67,0,32,102,0,134,115,0,115,249
01/29/2017,SUS,MO,ACE,CE,Towers with Radar,0,29,49,0,78,0,0,36,0,36,0,29,85,0,114,20,0,20,134
01/30/2017,SUS,MO,ACE,CE,Towers with Radar,0,24,52,2,78,0,0,76,0,76,0,24,128,2,154,110,0,110,264
01/31/2017,SUS,MO,ACE,CE,Towers with Radar,0,30,64,1,95,0,4,78,6,88,0,34,142,7,183,116,0,116,299
02/01/2017,SUS,MO,ACE,CE,Towers with Radar,1,24,71,0,96,0,4,102,0,106,1,28,173,0,202,74,0,74,276
02/02/2017,SUS,MO,ACE,CE,Towers with Radar,1,27,61,0,89,0,3,82,10,95,1,30,143,10,184,156,0,156,340
02/03/2017,SUS,MO,ACE,CE,Towers with Radar,0,32,71,0,103,0,7,110,0,117,0,39,181,0,220,119,0,119,339
02/04/2017,SUS,MO,ACE,CE,Towers with Radar,0,12,29,0,41,0,0,66,0,66,0,12,95,0,107,34,0,34,141
02/05/2017,SUS,MO,ACE,CE,Towers with Radar,0,26,42,0,68,0,2,94,0,96,0,28,136,0,164,119,0,119,283
02/06/2017,SUS,MO,ACE,CE,Towers with Radar,0,32,64,0,96,0,0,19,0,19,0,32,83,0,115,86,0,86,201
02/07/2017,SUS,MO,ACE,CE,Towers with Radar,0,27,76,0,103,0,0,62,10,72,0,27,138,10,175,114,0,114,289
02/08/2017,SUS,MO,ACE,CE,Towers with Radar,0,30,77,0,107,0,0,17,2,19,0,30,94,2,126,22,0,22,148
02/09/2017,SUS,MO,ACE,CE,Towers with Radar,0,40,84,10,134,0,5,97,0,102,0,45,181,10,236,130,0,130,366
02/10/2017,SUS,MO,ACE,CE,Towers with Radar,0,27,73,6,106,0,2,79,0,81,0,29,152,6,187,52,0,52,239
02/11/2017,SUS,MO,ACE,CE,Towers with Radar,0,14,48,1,63,0,0,94,2,96,0,14,142,3,159,142,0,142,301
02/12/2017,SUS,MO,ACE,CE,Towers with Radar,0,32,38,1,71,0,2,45,0,47,0,34,83,1,118,20,0,20,138
02/13/2017,SUS,MO,ACE,CE,Towers with Radar,0,39,54,0,93,0,6,87,0,93,0,45,141,0,186,104,0,104,290
02/14/2017,SUS,MO,ACE,CE,Towers with Radar,0,26,50,0,76,0,0,76,7,83,0,26,126,7,159,148,0,148,307
02/15/2017,SUS,MO,ACE,CE,Towers with Radar,0,41,90,0,131,0,2,121,1,124,0,43,211,1,255,139,0,139,394
02/16/2017,SUS,MO,ACE,CE,Towers with Radar,0,35,89,0,124,0,2,83,1,86,0,37,172,1,210,87,0,87,297
02/17/2017,SUS,MO,ACE,CE,Towers with Radar,0,40,69,0,109,0,5,105,3,113,0,45,174,3,222,83,0,83,305
02/18/2017,SUS,MO,ACE,CE,Towers with Radar,0,18,33,11,62,0,2,111,1,114,0,20,144,12,176,200,22,222,398
02/19/2017,SUS,MO,ACE,CE,Towers with Radar,0,30,49,9,88,0,0,113,2,115,0,30,162,11,203,197,4,201,404
02/20/2017,SUS,MO,ACE,CE,Towers with Radar,0,34,54,0,88,0,4,67,0,71,0,38,121,0,159,88,0,88,247
02/21/2017,SUS,MO,ACE,CE,Towers with Radar,0,44,62,0,106,0,0,11,0,11,0,44,73,0,117,6,0,6,123
02/22/2017,SUS,MO,ACE,CE,Towers with Radar,0,44,76,0,120,0,1,71,3,75,0,45,147,3,195,47,0,47,242
02/23/2017,SUS,MO,ACE,CE,Towers with Radar,0,41,77,0,118,0,4,102,2,108,0,45,179,2,226,192,0,192,418
02/24/2017,SUS,MO,ACE,CE,Towers with Radar,0,27,56,18,101,0,0,38,0,38,0,27,94,18,139,63,0,63,202
02/25/2017,SUS,MO,ACE,CE,Towers with Radar,0,30,23,4,57,0,0,67,0,67,0,30,90,4,124,21,0,21,145
02/26/2017,SUS,MO,ACE,CE,Towers with Radar,0,18,46,10,74,0,1,57,2,60,0,19,103,12,134,67,0,67,201
02/27/2017,SUS,MO,ACE,CE,Towers with Radar,0,30,61,0,91,0,8,91,1,100,0,38,152,1,191,100,0,100,291
02/28/2017,SUS,MO,ACE,CE,Towers with Radar,0,40,74,0,114,0,0,28,0,28,0,40,102,0,142,38,0,38,180
03/01/2017,SUS,MO,ACE,CE,Towers with Radar,0,40,53,0,93,0,2,34,0,36,0,42,87,0,129,14,0,14,143
03/02/2017,SUS,MO,ACE,CE,Towers with Radar,0,38,72,0,110,0,0,121,0,121,0,38,193,0,231,177,0,177,408
03/03/2017,SUS,MO,ACE,CE,Towers with Radar,0,22,66,16,104,0,0,136,0,136,0,22,202,16,240,154,12,166,406
03/04/2017,SUS,MO,ACE,CE,Towers with Radar,0,11,35,5,51,0,4,101,4,109,0,15,136,9,160,48,0,48,208
03/05/2017,SUS,MO,ACE,CE,Towers with Radar,0,21,48,1,70,0,0,29,0,29,0,21,77,1,99,18,0,18,117
03/06/2017,SUS,MO,ACE,CE,Towers with Radar,0,23,43,2,68,0,0,36,0,36,0,23,79,2,104,82,0,82,186
03/07/2017,SUS,MO,ACE,CE,Towers with Radar,0,32,63,4,99,0,1,77,0,78,0,33,140,4,177,130,0,130,307
03/08/2017,SUS,MO,ACE,CE,Towers with Radar,0,31,111,1,143,0,1,106,4,111,0,32,217,5,254,86,0,86,340
03/09/2017,SUS,MO,ACE,CE,Towers with Radar,0,29,60,1,90,0,1,69,0,70,0,30,129,1,160,66,0,66,226
03/10/2017,SUS,MO,ACE,CE,Towers with Radar,0,35,84,9,128,0,2,75,1,78,0,37,159,10,206,36,10,46,252
03/11/2017,SUS,MO,ACE,CE,Towers with Radar,0,34,25,1,60,0,0,4,0,4,0,34,29,1,64,0,0,0,64
03/12/2017,SUS,MO,ACE,CE,Towers with Radar,0,24,47,0,71,0,0,104,0,104,0,24,151,0,175,132,0,132,307
03/13/2017,SUS,MO,ACE,CE,Towers with Radar,0,18,32,0,50,0,0,0,0,0,0,18,32,0,50,0,0,0,50
03/14/2017,SUS,MO,ACE,CE,Towers with Radar,0,30,63,0,93,0,0,50,0,50,0,30,113,0,143,71,0,71,214
03/15/2017,SUS,MO,ACE,CE,Towers with Radar,1,36,63,0,100,0,0,108,2,110,1,36,171,2,210,160,0,160,370
03/16/2017,SUS,MO,ACE,CE,Towers with Radar,0,29,66,0,95,0,0,100,0,100,0,29,166,0,195,72,0,72,267
03/17/2017,SUS,MO,ACE,CE,Towers with Radar,1,18,58,0,77,0,0,63,0,63,1,18,121,0,140,108,0,108,248
03/18/2017,SUS,MO,ACE,CE,Towers with Radar,0,34,53,1,88,0,1,161,1,163,0,35,214,2,251,130,0,130,381
03/19/2017,SUS,MO,ACE,CE,Towers with Radar,0,28,65,0,93,0,0,81,1,82,0,28,146,1,175,76,0,76,251
03/20/2017,SUS,MO,ACE,CE,Towers with Radar,0,26,40,6,72,0,2,106,0,108,0,28,146,6,180,132,0,132,312
03/21/2017,SUS,MO,ACE,CE,Towers with Radar,1,20,53,0,74,0,0,57,0,57,1,20,110,0,131,86,0,86,217
03/22/2017,SUS,MO,ACE,CE,Towers with Radar,0,36,73,0,109,0,2,91,0,93,0,38,164,0,202,114,0,114,316
03/23/2017,SUS,MO,ACE,CE,Towers with Radar,0,24,64,2,90,0,2,61,0,63,0,26,125,2,153,110,0,110,263
03/24/2017,SUS,MO,ACE,CE,Towers with Radar,0,23,59,0,82,0,1,53,0,54,0,24,112,0,136,66,0,66,202
03/25/2017,SUS,MO,ACE,CE,Towers with Radar,0,19,46,0,65,0,0,17,0,17,0,19,63,0,82,86,0,86,168
03/26/2017,SUS,MO,ACE,CE,Towers with Radar,0,29,62,2,93,0,1,52,0,53,0,30,114,2,146,172,0,172,318
03/27/2017,SUS,MO,ACE,CE,Towers with Radar,0,12,40,0,52,0,0,0,0,0,0,12,40,0,52,8,0,8,60
03/28/2017,SUS,MO,ACE,CE,Towers with Radar,0,39,83,4,126,0,0,53,0,53,0,39,136,4,179,134,0,134,313
03/29/2017,SUS,MO,ACE,CE,Towers with Radar,0,47,81,2,130,0,3,32,0,35,0,50,113,2,165,78,0,78,243
03/30/2017,SUS,MO,ACE,CE,Towers with Radar,2,31,49,0,82,0,2,29,0,31,2,33,78,0,113,118,0,118,231
03/31/2017,SUS,MO,ACE,CE,Towers with Radar,0,20,73,11,104,0,0,38,0,38,0,20,111,11,142,114,0,114,256
04/01/2017,SUS,MO,ACE,CE,Towers with Radar,0,19,63,1,83,0,0,133,6,139,0,19,196,7,222,128,0,128,350
04/02/2017,SUS,MO,ACE,CE,Towers with Radar,0,37,70,0,107,0,0,101,0,101,0,37,171,0,208,54,0,54,262
04/03/2017,SUS,MO,ACE,CE,Towers with Radar,0,30,43,2,75,0,0,3,0,3,0,30,46,2,78,17,0,17,95
04/04/2017,SUS,MO,ACE,CE,Towers with Radar,0,24,87,7,118,0,0,66,2,68,0,24,153,9,186,279,2,281,467
04/05/2017,SUS,MO,ACE,CE,Towers with Radar,0,39,62,0,101,0,0,4,0,4,0,39,66,0,105,2,0,2,107
04/06/2017,SUS,MO,ACE,CE,Towers with Radar,0,47,61,0,108,0,10,59,3,72,0,57,120,3,180,92,0,92,272
04/07/2017,SUS,MO,ACE,CE,Towers with Radar,0,29,83,2,114,0,1,143,0,144,0,30,226,2,258,187,0,187,445
04/08/2017,SUS,MO,ACE,CE,Towers with Radar,0,19,33,2,54,0,0,107,0,107,0,19,140,2,161,92,0,92,253
04/09/2017,SUS,MO,ACE,CE,Towers with Radar,0,23,57,0,80,0,0,38,0,38,0,23,95,0,118,38,0,38,156
04/10/2017,SUS,MO,ACE,CE,Towers with Radar,0,18,56,0,74,0,1,33,0,34,0,19,89,0,108,106,0,106,214
04/11/2017,SUS,MO,ACE,CE,Towers with Radar,0,25,99,0,124,0,0,72,1,73,0,25,171,1,197,172,0,172,369
04/12/2017,SUS,MO,ACE,CE,Towers with Radar,1,49,98,0,148,0,1,119,0,120,1,50,217,0,268,102,0,102,370
04/13/2017,SUS,MO,ACE,CE,Towers with Radar,2,27,82,0,111,0,2,83,0,85,2,29,165,0,196,103,0,103,299
04/14/2017,SUS,MO,ACE,CE,Towers with Radar,0,26,57,0,83,0,0,86,0,86,0,26,143,0,169,54,0,54,223
04/15/2017,SUS,MO,ACE,CE,Towers with Radar,0,16,31,1,48,0,0,89,0,89,0,16,120,1,137,110,0,110,247
04/16/2017,SUS,MO,ACE,CE,Towers with Radar,0,25,41,1,67,0,1,43,0,44,0,26,84,1,111,98,0,98,209
04/17/2017,SUS,MO,ACE,CE,Towers with Radar,0,35,78,2,115,0,0,67,2,69,0,35,145,4,184,74,0,74,258
04/18/2017,SUS,MO,ACE,CE,Towers with Radar,0,36,57,4,97,0,2,100,1,103,0,38,157,5,200,108,0,108,308
04/19/2017,SUS,MO,ACE,CE,Towers with Radar,0,36,80,2,118,0,1,73,0,74,0,37,153,2,192,61,0,61,253
04/20/2017,SUS,MO,ACE,CE,Towers with Radar,0,32,73,0,105,0,1,42,0,43,0,33,115,0,148,16,0,16,164
04/21/2017,SUS,MO,ACE,CE,Towers with Radar,0,32,51,0,83,0,0,30,0,30,0,32,81,0,113,14,0,14,127
04/22/2017,SUS,MO,ACE,CE,Towers with Radar,0,22,35,0,57,0,0,24,0,24,0,22,59,0,81,38,0,38,119
04/23/2017,SUS,MO,ACE,CE,Towers with Radar,1,29,52,4,86,0,1,120,6,127,1,30,172,10,213,36,0,36,249
04/24/2017,SUS,MO,ACE,CE,Towers with Radar,0,39,64,0,103,0,0,125,0,125,0,39,189,0,228,64,0,64,292
04/25/2017,SUS,MO,ACE,CE,Towers with Radar,0,28,84,0,112,0,0,73,0,73,0,28,157,0,185,47,0,47,232
04/26/2017,SUS,MO,ACE,CE,Towers with Radar,0,31,66,5,102,0,0,4,1,5,0,31,70,6,107,0,0,0,107
04/27/2017,SUS,MO,ACE,CE,Towers with Radar,0,32,84,3,119,0,0,100,1,101,0,32,184,4,220,164,2,166,386
04/28/2017,SUS,MO,ACE,CE,Towers with Radar,0,23,45,0,68,0,0,1,0,1,0,23,46,0,69,0,0,0,69
04/29/2017,SUS,MO,ACE,CE,Towers with Radar,0,8,18,0,26,0,0,0,0,0,0,8,18,0,26,0,0,0,26
04/30/2017,SUS,MO,ACE,CE,Towers with Radar,2,19,35,0,56,0,0,26,0,26,2,19,61,0,82,54,0,54,136
05/01/2017,SUS,MO,ACE,CE,Towers with Radar,3,30,55,8,96,0,0,46,7,53,3,30,101,15,149,72,10,82,231
05/02/2017,SUS,MO,ACE,CE,Towers with Radar,0,48,83,0,131,0,5,139,8,152,0,53,222,8,283,52,0,52,335
05/03/2017,SUS,MO,ACE,CE,Towers with Radar,1,37,61,0,99,0,0,4,0,4,1,37,65,0,103,0,0,0,103
05/04/2017,SUS,MO,ACE,CE,Towers with Radar,1,34,57,0,92,0,0,49,2,51,1,34,106,2,143,44,0,44,187
05/05/2017,SUS,MO,ACE,CE,Towers with Radar,1,31,61,0,93,0,0,59,12,71,1,31,120,12,164,48,0,48,212
05/06/2017,SUS,MO,ACE,CE,Towers with Radar,0,12,46,0,58,0,0,76,0,76,0,12,122,0,134,34,0,34,168
05/07/2017,SUS,MO,ACE,CE,Towers with Radar,0,38,53,0,91,0,0,130,3,133,0,38,183,3,224,88,0,88,312
05/08/2017,SUS,MO,ACE,CE,Towers with Radar,0,34,63,2,99,0,0,92,6,98,0,34,155,8,197,81,0,81,278
05/09/2017,SUS,MO,ACE,CE,Towers with Radar,1,57,66,0,124,0,3,95,3,101,1,60,161,3,225,176,0,176,401
05/10/2017,SUS,MO,ACE,CE,Towers with Radar,0,32,77,0,109,0,0,64,6,70,0,32,141,6,179,128,0,128,307
05/11/2017,SUS,MO,ACE,CE,Towers with Radar,1,42,95,0,138,0,0,2,0,2,1,42,97,0,140,0,0,0,140
05/12/2017,SUS,MO,ACE,CE,Towers with Radar,0,28,92,4,124,0,0,102,3,105,0,28,194,7,229,80,0,80,309
05/13/2017,SUS,MO,ACE,CE,Towers with Radar,0,27,53,1,81,0,0,184,0,184,0,27,237,1,265,216,0,216,481
05/14/2017,SUS,MO,ACE,CE,Towers with Radar,0,36,52,2,90,0,9,91,2,102,0,45,143,4,192,106,4,110,302
05/15/2017,SUS,MO,ACE,CE,Towers with Radar,0,33,69,7,109,0,4,103,1,108,0,37,172,8,217,157,2,159,376
05/16/2017,SUS,MO,ACE,CE,Towers with Radar,1,38,61,4,104,0,1,59,6,66,1,39,120,10,170,38,8,46,216
05/17/2017,SUS,MO,ACE,CE,Towers with Radar,0,59,67,2,128,0,0,24,2,26,0,59,91,4,154,53,0,53,207
05/18/2017,SUS,MO,ACE,CE,Towers with Radar,1,57,88,1,147,0,0,77,2,79,1,57,165,3,226,110,0,110,336
05/19/2017,SUS,MO,ACE,CE,Towers with Radar,1,37,69,4,111,0,0,46,0,46,1,37,115,4,157,90,0,90,247
05/20/2017,SUS,MO,ACE,CE,Towers with Radar,1,14,44,0,59,0,0,29,0,29,1,14,73,0,88,64,0,64,152
05/21/2017,SUS,MO,ACE,CE,Towers with Radar,2,45,53,4,104,0,2,93,0,95,2,47,146,4,199,147,0,147,346
05/22/2017,SUS,MO,ACE,CE,Towers with Radar,1,30,61,5,97,0,0,81,2,83,1,30,142,7,180,152,0,152,332
05/23/2017,SUS,MO,ACE,CE,Towers with Radar,3,30,73,1,107,0,0,28,3,31,3,30,101,4,138,58,0,58,196
05/24/2017,SUS,MO,ACE,CE,Towers with Radar,0,37,96,0,133,0,1,79,0,80,0,38,175,0,213,98,0,98,311
05/25/2017,SUS,MO,ACE,CE,Towers with Radar,0,45,85,2,132,0,5,151,2,158,0,50,236,4,290,230,0,230,520
05/26/2017,SUS,MO,ACE,CE,Towers with Radar,0,18,64,0,82,0,0,77,0,77,0,18,141,0,159,114,0,114,273
05/27/2017,SUS,MO,ACE,CE,Towers with Radar,0,10,20,0,30,0,0,49,0,49,0,10,69,0,79,64,0,64,143
05/28/2017,SUS,MO,ACE,CE,Towers with Radar,0,20,38,0,58,0,0,47,2,49,0,20,85,2,107,40,0,40,147
05/29/2017,SUS,MO,ACE,CE,Towers with Radar,1,25,40,0,66,0,1,125,2,128,1,26,165,2,194,62,0,62,256
05/30/2017,SUS,MO,ACE,CE,Towers with Radar,0,38,81,0,119,0,0,91,0,91,0,38,172,0,210,90,0,90,300
05/31/2017,SUS,MO,ACE,CE,Towers with Radar,0,34,88,3,125,0,3,114,1,118,0,37,202,4,243,145,0,145,388
06/01/2017,SUS,MO,ACE,CE,Towers with Radar,0,42,69,0,111,0,0,76,0,76,0,42,145,0,187,120,0,120,307
06/02/2017,SUS,MO,ACE,CE,Towers with Radar,1,22,64,4,91,0,2,99,0,101,1,24,163,4,192,186,0,186,378
06/03/2017,SUS,MO,ACE,CE,Towers with Radar,0,15,35,6,56,0,0,91,0,91,0,15,126,6,147,81,0,81,228
06/04/2017,SUS,MO,ACE,CE,Towers with Radar,0,29,50,2,81,0,0,49,2,51,0,29,99,4,132,42,0,42,174
06/05/2017,SUS,MO,ACE,CE,Towers with Radar,0,25,64,0,89,0,2,50,3,55,0,27,114,3,144,130,0,130,274
06/06/2017,SUS,MO,ACE,CE,Towers with Radar,0,35,72,8,115,0,2,110,5,117,0,37,182,13,232,156,0,156,388
06/07/2017,SUS,MO,ACE,CE,Towers with Radar,0,33,88,1,122,0,0,91,6,97,0,33,179,7,219,93,2,95,314
06/08/2017,SUS,MO,ACE,CE,Towers with Radar,0,39,74,0,113,0,0,100,2,102,0,39,174,2,215,146,0,146,361
06/09/2017,SUS,MO,ACE,CE,Towers with Radar,0,34,81,3,118,0,2,115,0,117,0,36,196,3,235,132,0,132,367
06/10/2017,SUS,MO,ACE,CE,Towers with Radar,0,16,46,10,72,0,1,82,3,86,0,17,128,13,158,64,0,64,222
06/11/2017,SUS,MO,ACE,CE,Towers with Radar,0,38,51,4,93,0,1,58,0,59,0,39,109,4,152,38,0,38,190
06/12/2017,SUS,MO,ACE,CE,Towers with Radar,0,30,79,0,109,0,1,79,1,81,0,31,158,1,190,150,0,150,340
06/13/2017,SUS,MO,ACE,CE,Towers with Radar,0,39,96,2,137,0,2,83,0,85,0,41,179,2,222,117,0,117,339
06/14/2017,SUS,MO,ACE,CE,Towers with Radar,0,33,67,0,100,0,0,43,0,43,0,33,110,0,143,104,0,104,247
06/15/2017,SUS,MO,ACE,CE,Towers with Radar,0,41,72,2,115,0,3,82,2,87,0,44,154,4,202,90,0,90,292
06/16/2017,SUS,MO,ACE,CE,Towers with Radar,0,24,64,9,97,0,0,99,1,100,0,24,163,10,197,135,10,145,342
06/17/2017,SUS,MO,ACE,CE,Towers with Radar,0,21,27,1,49,0,0,82,0,82,0,21,109,1,131,138,0,138,269
06/18/2017,SUS,MO,ACE,CE,Towers with Radar,0,36,68,9,113,0,0,50,3,53,0,36,118,12,166,140,0,140,306
06/19/2017,SUS,MO,ACE,CE,Towers with Radar,0,38,61,0,99,0,0,103,2,105,0,38,164,2,204,88,0,88,292
06/20/2017,SUS,MO,ACE,CE,Towers with Radar,0,31,77,2,110,0,2,114,1,117,0,33,191,3,227,134,0,134,361
06/21/2017,SUS,MO,ACE,CE,Towers with Radar,0,36,80,2,118,0,0,99,4,103,0,36,179,6,221,72,0,72,293
06/22/2017,SUS,MO,ACE,CE,Towers with Radar,0,29,71,1,101,0,0,64,12,76,0,29,135,13,177,46,0,46,223
06/23/2017,SUS,MO,ACE,CE,Towers with Radar,0,26,69,0,95,0,0,57,2,59,0,26,126,2,154,24,0,24,178
06/24/2017,SUS,MO,ACE,CE,Towers with Radar,0,8,45,0,53,0,0,109,1,110,0,8,154,1,163,57,0,57,220
06/25/2017,SUS,MO,ACE,CE,Towers with Radar,0,27,59,0,86,0,1,86,0,87,0,28,145,0,173,72,0,72,245
06/26/2017,SUS,MO,ACE,CE,Towers with Radar,0,35,49,2,86,0,0,70,0,70,0,35,119,2,156,94,0,94,250
06/27/2017,SUS,MO,ACE,CE,Towers with Radar,0,41,69,0,110,0,0,96,1,97,0,41,165,1,207,55,0,55,262
06/28/2017,SUS,MO,ACE,CE,Towers with Radar,0,34,69,2,105,0,1,42,0,43,0,35,111,2,148,26,0,26,174
06/29/2017,SUS,MO,ACE,CE,Towers with Radar,0,28,70,0,98,0,0,67,2,69,0,28,137,2,167,148,0,148,315
06/30/2017,SUS,MO,ACE,CE,Towers with Radar,1,32,82,1,116,0,0,59,1,60,1,32,141,2,176,101,0,101,277
07/01/2017,SUS,MO,ACE,CE,Towers with Radar,0,29,48,0,77,0,0,120,3,123,0,29,168,3,200,162,0,162,362
07/02/2017,SUS,MO,ACE,CE,Towers with Radar,0,28,31,1,60,0,0,70,2,72,0,28,101,3,132,68,0,68,200
07/03/2017,SUS,MO,ACE,CE,Towers with Radar,0,23,28,0,51,0,0,80,0,80,0,23,108,0,131,136,0,136,267
07/04/2017,SUS,MO,ACE,CE,Towers with Radar,1,10,23,0,34,0,0,48,0,48,1,10,71,0,82,30,0,30,112
07/05/2017,SUS,MO,ACE,CE,Towers with Radar,0,35,47,0,82,0,0,6,0,6,0,35,53,0,88,10,0,10,98
07/06/2017,SUS,MO,ACE,CE,Towers with Radar,0,30,69,0,99,0,0,89,1,90,0,30,158,1,189,167,0,167,356
07/07/2017,SUS,MO,ACE,CE,Towers with Radar,0,27,79,2,108,0,0,107,0,107,0,27,186,2,215,93,0,93,308
07/08/2017,SUS,MO,ACE,CE,Towers with Radar,0,21,38,0,59,0,0,121,0,121,0,21,159,0,180,111,0,111,291
07/09/2017,SUS,MO,ACE,CE,Towers with Radar,0,35,76,0,111,0,0,97,3,100,0,35,173,3,211,152,0,152,363
07/10/2017,SUS,MO,ACE,CE,Towers with Radar,0,46,61,2,109,0,0,46,0,46,0,46,107,2,155,84,0,84,239
07/11/2017,SUS,MO,ACE,CE,Towers with Radar,0,41,78,0,119,0,0,78,2,80,0,41,156,2,199,146,0,146,345
07/12/2017,SUS,MO,ACE,CE,Towers with Radar,2,46,74,4,126,0,0,86,0,86,2,46,160,4,212,110,0,110,322
07/13/2017,SUS,MO,ACE,CE,Towers with Radar,0,36,56,2,94,0,0,49,3,52,0,36,105,5,146,91,0,91,237
07/14/2017,SUS,MO,ACE,CE,Towers with Radar,0,27,71,9,107,0,0,73,1,74,0,27,144,10,181,138,0,138,319
07/15/2017,SUS,MO,ACE,CE,Towers with Radar,0,22,47,2,71,0,1,101,1,103,0,23,148,3,174,159,0,159,333
07/16/2017,SUS,MO,ACE,CE,Towers with Radar,0,39,58,1,98,0,0,74,0,74,0,39,132,1,172,107,0,107,279
07/17/2017,SUS,MO,ACE,CE,Towers with Radar,0,33,63,1,97,0,2,79,0,81,0,35,142,1,178,70,0,70,248
07/18/2017,SUS,MO,ACE,CE,Towers with Radar,0,40,67,0,107,0,4,69,7,80,0,44,136,7,187,48,0,48,235
07/19/2017,SUS,MO,ACE,CE,Towers with Radar,0,41,79,0,120,0,2,62,2,66,0,43,141,2,186,56,0,56,242
07/20/2017,SUS,MO,ACE,CE,Towers with Radar,0,38,73,1,112,0,0,84,4,88,0,38,157,5,200,148,0,148,348
07/21/2017,SUS,MO,ACE,CE,Towers with Radar,0,27,64,2,93,0,0,119,0,119,0,27,183,2,212,123,0,123,335
07/22/2017,SUS,MO,ACE,CE,Towers with Radar,2,19,34,6,61,0,0,96,1,97,2,19,130,7,158,175,0,175,333
07/23/2017,SUS,MO,ACE,CE,Towers with Radar,0,36,51,2,89,0,0,82,0,82,0,36,133,2,171,70,0,70,241
07/24/2017,SUS,MO,ACE,CE,Towers with Radar,2,28,71,2,103,0,0,90,0,90,2,28,161,2,193,122,0,122,315
07/25/2017,SUS,MO,ACE,CE,Towers with Radar,1,40,74,0,115,0,0,95,3,98,1,40,169,3,213,60,0,60,273
07/26/2017,SUS,MO,ACE,CE,Towers with Radar,3,43,93,0,139,0,0,81,0,81,3,43,174,0,220,90,0,90,310
07/27/2017,SUS,MO,ACE,CE,Towers with Radar,1,51,68,2,122,0,0,38,1,39,1,51,106,3,161,47,0,47,208
07/28/2017,SUS,MO,ACE,CE,Towers with Radar,2,39,88,37,166,0,1,106,2,109,2,40,194,39,275,130,12,142,417
07/29/2017,SUS,MO,ACE,CE,Towers with Radar,1,14,41,18,74,0,1,85,12,98,1,15,126,30,172,120,0,120,292
07/30/2017,SUS,MO,ACE,CE,Towers with Radar,0,33,66,0,99,0,0,109,0,109,0,33,175,0,208,26,0,26,234
07/31/2017,SUS,MO,ACE,CE,Towers with Radar,1,35,99,0,135,0,0,92,0,92,1,35,191,0,227,84,0,84,311
08/01/2017,SUS,MO,ACE,CE,Towers with Radar,2,37,85,0,124,0,2,82,0,84,2,39,167,0,208,104,0,104,312
08/02/2017,SUS,MO,ACE,CE,Towers with Radar,2,37,79,4,122,0,1,100,4,105,2,38,179,8,227,102,0,102,329
08/03/2017,SUS,MO,ACE,CE,Towers with Radar,3,32,68,0,103,0,0,60,3,63,3,32,128,3,166,118,0,118,284
08/04/2017,SUS,MO,ACE,CE,Towers with Radar,0,31,81,7,119,0,0,138,1,139,0,31,219,8,258,112,0,112,370
08/05/2017,SUS,MO,ACE,CE,Towers with Radar,1,20,32,0,53,0,2,94,0,96,1,22,126,0,149,118,0,118,267
08/06/2017,SUS,MO,ACE,CE,Towers with Radar,2,36,65,2,105,0,0,13,0,13,2,36,78,2,118,68,0,68,186
08/07/2017,SUS,MO,ACE,CE,Towers with Radar,0,29,71,1,101,0,0,47,0,47,0,29,118,1,148,124,0,124,272
08/08/2017,SUS,MO,ACE,CE,Towers with Radar,2,25,75,1,103,0,0,161,0,161,2,25,236,1,264,160,0,160,424
08/09/2017,SUS,MO,ACE,CE,Towers with Radar,0,38,96,0,134,0,1,120,0,121,0,39,216,0,255,211,0,211,466
08/10/2017,SUS,MO,ACE,CE,Towers with Radar,1,31,80,0,112,0,2,81,0,83,1,33,161,0,195,105,0,105,300
08/11/2017,SUS,MO,ACE,CE,Towers with Radar,2,35,62,4,103,0,0,91,1,92,2,35,153,5,195,193,0,193,388
08/12/2017,SUS,MO,ACE,CE,Towers with Radar,0,26,30,1,57,0,0,130,1,131,0,26,160,2,188,236,0,236,424
08/13/2017,SUS,MO,ACE,CE,Towers with Radar,0,29,53,3,85,0,0,101,0,101,0,29,154,3,186,150,0,150,336
08/14/2017,SUS,MO,ACE,CE,Towers with Radar,0,26,65,1,92,0,2,82,6,90,0,28,147,7,182,138,0,138,320
08/15/2017,SUS,MO,ACE,CE,Towers with Radar,0,36,60,2,98,0,0,100,4,104,0,36,160,6,202,202,0,202,404
08/16/2017,SUS,MO,ACE,CE,Towers with Radar,1,33,57,5,96,0,2,35,0,37,1,35,92,5,133,88,0,88,221
08/17/2017,SUS,MO,ACE,CE,Towers with Radar,0,34,103,8,145,0,0,79,7,86,0,34,182,15,231,175,6,181,412
08/18/2017,SUS,MO,ACE,CE,Towers with Radar,0,23,79,2,104,0,2,120,6,128,0,25,199,8,232,130,0,130,362
08/19/2017,SUS,MO,ACE,CE,Towers with Radar,0,26,70,0,96,0,0,125,5,130,0,26,195,5,226,155,0,155,381
08/20/2017,SUS,MO,ACE,CE,Towers with Radar,0,28,66,0,94,0,0,90,0,90,0,28,156,0,184,110,0,110,294
08/21/2017,SUS,MO,ACE,CE,Towers with Radar,0,23,70,8,101,0,1,88,2,91,0,24,158,10,192,62,0,62,254
08/22/2017,SUS,MO,ACE,CE,Towers with Radar,3,44,73,2,122,0,0,54,1,55,3,44,127,3,177,50,0,50,227
08/23/2017,SUS,MO,ACE,CE,Towers with Radar,0,37,87,0,124,0,1,108,0,109,0,38,195,0,233,98,0,98,331
08/24/2017,SUS,MO,ACE,CE,Towers with Radar,1,39,80,4,124,0,1,106,4,111,1,40,186,8,235,118,0,118,353
08/25/2017,SUS,MO,ACE,CE,Towers with Radar,0,26,66,38,130,0,0,116,4,120,0,26,182,42,250,126,2,128,378
08/26/2017,SUS,MO,ACE,CE,Towers with Radar,0,22,38,7,67,0,0,102,6,108,0,22,140,13,175,138,0,138,313
08/27/2017,SUS,MO,ACE,CE,Towers with Radar,1,30,50,3,84,0,0,86,0,86,1,30,136,3,170,96,0,96,266
08/28/2017,SUS,MO,ACE,CE,Towers with Radar,1,39,67,1,108,0,0,39,1,40,1,39,106,2,148,60,0,60,208
08/29/2017,SUS,MO,ACE,CE,Towers with Radar,3,34,67,0,104,0,0,87,0,87,3,34,154,0,191,60,0,60,251
08/30/2017,SUS,MO,ACE,CE,Towers with Radar,1,31,73,10,115,0,0,83,2,85,1,31,156,12,200,138,0,138,338
08/31/2017,SUS,MO,ACE,CE,Towers with Radar,0,49,58,19,126,0,2,78,0,80,0,51,136,19,206,122,0,122,328
09/01/2017,SUS,MO,ACE,CE,Towers with Radar,0,26,88,0,114,0,0,107,3,110,0,26,195,3,224,144,0,144,368
09/02/2017,SUS,MO,ACE,CE,Towers with Radar,0,26,40,0,66,0,3,106,1,110,0,29,146,1,176,98,0,98,274
09/03/2017,SUS,MO,ACE,CE,Towers with Radar,0,19,40,0,59,0,0,80,3,83,0,19,120,3,142,30,0,30,172
09/04/2017,SUS,MO,ACE,CE,Towers with Radar,0,32,60,1,93,0,0,62,0,62,0,32,122,1,155,36,0,36,191
09/05/2017,SUS,MO,ACE,CE,Towers with Radar,0,53,73,4,130,0,1,54,2,57,0,54,127,6,187,0,0,0,187
09/06/2017,SUS,MO,ACE,CE,Towers with Radar,0,46,79,12,137,0,0,97,7,104,0,46,176,19,241,64,2,66,307
09/07/2017,SUS,MO,ACE,CE,Towers with Radar,0,35,94,7,136,0,0,106,0,106,0,35,200,7,242,132,0,132,374
09/08/2017,SUS,MO,ACE,CE,Towers with Radar,0,33,100,10,143,0,1,105,9,115,0,34,205,19,258,134,0,134,392
09/09/2017,SUS,MO,ACE,CE,Towers with Radar,0,15,39,13,67,0,0,107,4,111,0,15,146,17,178,90,24,114,292
09/10/2017,SUS,MO,ACE,CE,Towers with Radar,0,28,63,10,101,0,0,110,2,112,0,28,173,12,213,76,8,84,297
09/11/2017,SUS,MO,ACE,CE,Towers with Radar,0,28,64,3,95,0,5,99,1,105,0,33,163,4,200,104,0,104,304
09/12/2017,SUS,MO,ACE,CE,Towers with Radar,0,35,72,8,115,0,0,75,1,76,0,35,147,9,191,142,0,142,333
09/13/2017,SUS,MO,ACE,CE,Towers with Radar,0,52,80,2,134,0,3,89,0,92,0,55,169,2,226,156,0,156,382
09/14/2017,SUS,MO,ACE,CE,Towers with Radar,0,49,64,1,114,0,5,120,8,133,0,54,184,9,247,108,0,108,355
09/15/2017,SUS,MO,ACE,CE,Towers with Radar,0,50,56,15,121,0,4,126,12,142,0,54,182,27,263,112,0,112,375
09/16/2017,SUS,MO,ACE,CE,Towers with Radar,0,19,45,5,69,0,0,145,8,153,0,19,190,13,222,202,6,208,430
09/17/2017,SUS,MO,ACE,CE,Towers with Radar,0,45,54,3,102,0,0,82,4,86,0,45,136,7,188,116,0,116,304
09/18/2017,SUS,MO,ACE,CE,Towers with Radar,0,33,68,0,101,0,0,66,2,68,0,33,134,2,169,110,0,110,279
09/19/2017,SUS,MO,ACE,CE,Towers with Radar,0,46,82,0,128,0,0,56,0,56,0,46,138,0,184,92,0,92,276
09/20/2017,SUS,MO,ACE,CE,Towers with Radar,1,37,82,0,120,0,0,108,0,108,1,37,190,0,228,58,0,58,286
09/21/2017,SUS,MO,ACE,CE,Towers with Radar,0,45,74,7,126,0,2,97,5,104,0,47,171,12,230,138,0,138,368
09/22/2017,SUS,MO,ACE,CE,Towers with Radar,0,28,76,0,104,0,3,131,1,135,0,31,207,1,239,144,0,144,383
09/23/2017,SUS,MO,ACE,CE,Towers with Radar,0,29,62,1,92,0,0,143,0,143,0,29,205,1,235,137,0,137,372
09/24/2017,SUS,MO,ACE,CE,Towers with Radar,0,26,42,1,69,0,0,98,0,98,0,26,140,1,167,82,0,82,249
09/25/2017,SUS,MO,ACE,CE,Towers with Radar,0,29,61,0,90,0,4,79,0,83,0,33,140,0,173,123,0,123,296
09/26/2017,SUS,MO,ACE,CE,Towers with Radar,0,45,90,3,138,0,0,90,0,90,0,45,180,3,228,149,0,149,377
09/27/2017,SUS,MO,ACE,CE,Towers with Radar,0,44,93,1,138,0,4,68,0,72,0,48,161,1,210,94,0,94,304
09/28/2017,SUS,MO,ACE,CE,Towers with Radar,0,50,76,0,126,0,0,125,2,127,0,50,201,2,253,118,0,118,371
09/29/2017,SUS,MO,ACE,CE,Towers with Radar,0,29,68,1,98,0,0,114,7,121,0,29,182,8,219,136,0,136,355
09/30/2017,SUS,MO,ACE,CE,Towers with Radar,0,19,39,1,59,0,0,151,0,151,0,19,190,1,210,140,0,140,350
10/01/2017,SUS,MO,ACE,CE,Towers with Radar,0,24,63,0,87,0,0,108,0,108,0,24,171,0,195,86,0,86,281
10/02/2017,SUS,MO,ACE,CE,Towers with Radar,0,28,69,3,100,0,2,46,1,49,0,30,115,4,149,0,4,4,153
10/03/2017,SUS,MO,ACE,CE,Towers with Radar,2,40,71,0,113,0,0,48,0,48,2,40,119,0,161,148,0,148,309
10/04/2017,SUS,MO,ACE,CE,Towers with Radar,0,40,90,0,130,0,0,42,0,42,0,40,132,0,172,150,0,150,322
10/05/2017,SUS,MO,ACE,CE,Towers with Radar,0,50,70,0,120,0,0,44,0,44,0,50,114,0,164,46,0,46,210
10/06/2017,SUS,MO,ACE,CE,Towers with Radar,0,24,76,13,113,0,0,62,0,62,0,24,138,13,175,40,0,40,215
10/07/2017,SUS,MO,ACE,CE,Towers with Radar,0,15,43,0,58,0,6,19,3,28,0,21,62,3,86,10,8,18,104
10/08/2017,SUS,MO,ACE,CE,Towers with Radar,0,28,89,0,117,0,0,100,0,100,0,28,189,0,217,64,0,64,281
10/09/2017,SUS,MO,ACE,CE,Towers with Radar,0,24,97,5,126,0,0,51,0,51,0,24,148,5,177,112,0,112,289
10/10/2017,SUS,MO,ACE,CE,Towers with Radar,0,34,67,4,105,0,0,0,0,0,0,34,67,4,105,0,0,0,105
10/11/2017,SUS,MO,ACE,CE,Towers with Radar,0,39,87,2,128,0,0,45,4,49,0,39,132,6,177,138,0,138,315
10/12/2017,SUS,MO,ACE,CE,Towers with Radar,0,41,101,3,145,0,0,51,2,53,0,41,152,5,198,62,0,62,260
10/13/2017,SUS,MO,ACE,CE,Towers with Radar,0,24,86,0,110,0,2,122,3,127,0,26,208,3,237,122,0,122,359
10/14/2017,SUS,MO,ACE,CE,Towers with Radar,0,14,39,0,53,0,3,102,9,114,0,17,141,9,167,146,0,146,313
10/15/2017,SUS,MO,ACE,CE,Towers with Radar,0,26,41,3,70,0,0,43,0,43,0,26,84,3,113,32,0,32,145
10/16/2017,SUS,MO,ACE,CE,Towers with Radar,0,21,79,1,101,0,2,91,0,93,0,23,170,1,194,72,0,72,266
10/17/2017,SUS,MO,ACE,CE,Towers with Radar,2,50,83,2,137,0,9,109,1,119,2,59,192,3,256,167,0,167,423
10/18/2017,SUS,MO,ACE,CE,Towers with Radar,0,44,78,0,122,0,6,86,4,96,0,50,164,4,218,124,0,124,342
10/19/2017,SUS,MO,ACE,CE,Towers with Radar,0,43,83,0,126,0,6,119,2,127,0,49,202,2,253,96,0,96,349
10/20/2017,SUS,MO,ACE,CE,Towers with Radar,0,23,89,7,119,0,1,73,2,76,0,24,162,9,195,112,0,112,307
10/21/2017,SUS,MO,ACE,CE,Towers with Radar,0,24,40,0,64,0,0,58,0,58,0,24,98,0,122,36,0,36,158
10/22/2017,SUS,MO,ACE,CE,Towers with Radar,0,32,52,0,84,0,0,7,0,7,0,32,59,0,91,0,0,0,91
10/23/2017,SUS,MO,ACE,CE,Towers with Radar,0,30,71,2,103,0,0,54,0,54,0,30,125,2,157,91,0,91,248
10/24/2017,SUS,MO,ACE,CE,Towers with Radar,1,33,73,0,107,0,0,36,6,42,1,33,109,6,149,13,0,13,162
10/25/2017,SUS,MO,ACE,CE,Towers with Radar,1,25,79,1,106,0,6,63,10,79,1,31,142,11,185,82,0,82,267
10/26/2017,SUS,MO,ACE,CE,Towers with Radar,0,26,69,1,96,0,2,58,0,60,0,28,127,1,156,100,0,100,256
10/27/2017,SUS,MO,ACE,CE,Towers with Radar,0,36,86,0,122,0,0,53,0,53,0,36,139,0,175,38,0,38,213
10/28/2017,SUS,MO,ACE,CE,Towers with Radar,0,14,30,1,45,0,2,51,0,53,0,16,81,1,98,112,0,112,210
10/29/2017,SUS,MO,ACE,CE,Towers with Radar,0,33,55,1,89,0,2,72,0,74,0,35,127,1,163,88,0,88,251
10/30/2017,SUS,MO,ACE,CE,Towers with Radar,0,40,55,1,96,0,2,54,2,58,0,42,109,3,154,70,18,88,242
10/31/2017,SUS,MO,ACE,CE,Towers with Radar,3,34,51,0,88,0,0,81,2,83,3,34,132,2,171,231,0,231,402
11/01/2017,SUS,MO,ACE,CE,Towers with Radar,0,49,80,4,133,0,0,5,0,5,0,49,85,4,138,0,0,0,138
11/02/2017,SUS,MO,ACE,CE,Towers with Radar,1,32,71,0,104,0,0,83,0,83,1,32,154,0,187,158,0,158,345
11/03/2017,SUS,MO,ACE,CE,Towers with Radar,0,30,90,6,126,0,0,81,0,81,0,30,171,6,207,192,0,192,399
11/04/2017,SUS,MO,ACE,CE,Towers with Radar,2,17,58,2,79,0,0,45,0,45,2,17,103,2,124,206,0,206,330
11/05/2017,SUS,MO,ACE,CE,Towers with Radar,0,42,57,2,101,0,0,21,0,21,0,42,78,2,122,51,0,51,173
11/06/2017,SUS,MO,ACE,CE,Towers with Radar,0,34,87,2,123,0,0,48,0,48,0,34,135,2,171,68,0,68,239
11/07/2017,SUS,MO,ACE,CE,Towers with Radar,4,35,86,0,125,0,0,88,0,88,4,35,174,0,213,84,0,84,297
11/08/2017,SUS,MO,ACE,CE,Towers with Radar,1,39,81,0,121,0,2,155,2,159,1,41,236,2,280,152,0,152,432
11/09/2017,SUS,MO,ACE,CE,Towers with Radar,5,52,84,0,141,0,2,105,3,110,5,54,189,3,251,126,0,126,377
11/10/2017,SUS,MO,ACE,CE,Towers with Radar,0,34,86,0,120,0,1,84,1,86,0,35,170,1,206,134,0,134,340
11/11/2017,SUS,MO,ACE,CE,Towers with Radar,0,16,35,0,51,0,1,123,0,124,0,17,158,0,175,156,0,156,331
11/12/2017,SUS,MO,ACE,CE,Towers with Radar,0,29,46,0,75,0,0,14,0,14,0,29,60,0,89,81,0,81,170
11/13/2017,SUS,MO,ACE,CE,Towers with Radar,0,26,64,0,90,0,2,64,4,70,0,28,128,4,160,173,1,174,334
11/14/2017,SUS,MO,ACE,CE,Towers with Radar,0,32,51,11,94,0,0,84,7,91,0,32,135,18,185,170,27,197,382
11/15/2017,SUS,MO,ACE,CE,Towers with Radar,0,39,81,1,121,0,1,36,0,37,0,40,117,1,158,56,0,56,214
11/16/2017,SUS,MO,ACE,CE,Towers with Radar,0,42,79,2,123,0,0,112,0,112,0,42,191,2,235,132,0,132,367
11/17/2017,SUS,MO,ACE,CE,Towers with Radar,0,46,65,1,112,0,0,36,2,38,0,46,101,3,150,68,0,68,218
11/18/2017,SUS,MO,ACE,CE,Towers with Radar,0,15,27,0,42,0,2,13,0,15,0,17,40,0,57,6,0,6,63
11/19/2017,SUS,MO,ACE,CE,Towers with Radar,0,37,49,1,87,0,0,138,5,143,0,37,187,6,230,192,2,194,424
11/20/2017,SUS,MO,ACE,CE,Towers with Radar,2,35,65,1,103,0,0,72,0,72,2,35,137,1,175,121,0,121,296
11/21/2017,SUS,MO,ACE,CE,Towers with Radar,0,58,62,3,123,0,0,120,1,121,0,58,182,4,244,114,0,114,358
11/22/2017,SUS,MO,ACE,CE,Towers with Radar,0,26,72,0,98,0,0,88,0,88,0,26,160,0,186,117,0,117,303
11/23/2017,SUS,MO,ACE,CE,Towers with Radar,0,7,16,0,23,0,0,44,0,44,0,7,60,0,67,24,0,24,91
11/24/2017,SUS,MO,ACE,CE,Towers with Radar,0,25,30,0,55,0,0,76,2,78,0,25,106,2,133,25,0,25,158
11/25/2017,SUS,MO,ACE,CE,Towers with Radar,0,28,58,2,88,0,3,94,1,98,0,31,152,3,186,30,0,30,216
11/26/2017,SUS,MO,ACE,CE,Towers with Radar,0,50,74,1,125,0,0,117,1,118,0,50,191,2,243,108,0,108,351
11/27/2017,SUS,MO,ACE,CE,Towers with Radar,0,33,61,0,94,0,1,67,0,68,0,34,128,0,162,108,0,108,270
11/28/2017,SUS,MO,ACE,CE,Towers with Radar,0,29,78,0,107,0,2,70,6,78,0,31,148,6,185,88,0,88,273
11/29/2017,SUS,MO,ACE,CE,Towers with Radar,0,32,64,8,104,0,0,71,1,72,0,32,135,9,176,115,0,115,291
11/30/2017,SUS,MO,ACE,CE,Towers with Radar,0,46,103,2,151,0,0,104,4,108,0,46,207,6,259,45,0,45,304
12/01/2017,SUS,MO,ACE,CE,Towers with Radar,0,29,71,1,101,0,0,98,0,98,0,29,169,1,199,148,0,148,347
12/02/2017,SUS,MO,ACE,CE,Towers with Radar,0,20,49,0,69,0,0,106,1,107,0,20,155,1,176,202,0,202,378
12/03/2017,SUS,MO,ACE,CE,Towers with Radar,0,31,45,2,78,0,0,98,2,100,0,31,143,4,178,125,0,125,303
12/04/2017,SUS,MO,ACE,CE,Towers with Radar,0,26,40,0,66,0,0,15,0,15,0,26,55,0,81,12,0,12,93
12/05/2017,SUS,MO,ACE,CE,Towers with Radar,0,33,58,0,91,0,0,60,0,60,0,33,118,0,151,164,0,164,315
12/06/2017,SUS,MO,ACE,CE,Towers with Radar,0,29,86,4,119,0,0,77,3,80,0,29,163,7,199,86,0,86,285
12/07/2017,SUS,MO,ACE,CE,Towers with Radar,0,43,81,2,126,0,0,63,5,68,0,43,144,7,194,150,0,150,344
12/08/2017,SUS,MO,ACE,CE,Towers with Radar,0,30,64,0,94,0,0,93,0,93,0,30,157,0,187,128,0,128,315
12/09/2017,SUS,MO,ACE,CE,Towers with Radar,0,24,25,4,53,0,2,53,0,55,0,26,78,4,108,116,0,116,224
12/10/2017,SUS,MO,ACE,CE,Towers with Radar,0,28,55,2,85,0,1,83,1,85,0,29,138,3,170,209,0,209,379
12/11/2017,SUS,MO,ACE,CE,Towers with Radar,0,37,46,2,85,0,0,53,0,53,0,37,99,2,138,50,0,50,188
12/12/2017,SUS,MO,ACE,CE,Towers with Radar,0,50,55,1,106,0,0,76,7,83,0,50,131,8,189,70,0,70,259
12/13/2017,SUS,MO,ACE,CE,Towers with Radar,0,46,88,4,138,0,1,43,4,48,0,47,131,8,186,64,2,66,252
12/14/2017,SUS,MO,ACE,CE,Towers with Radar,0,48,71,1,120,0,0,60,0,60,0,48,131,1,180,186,0,186,366
12/15/2017,SUS,MO,ACE,CE,Towers with Radar,0,38,81,7,126,0,2,92,0,94,0,40,173,7,220,108,0,108,328
12/16/2017,SUS,MO,ACE,CE,Towers with Radar,0,25,35,0,60,0,0,94,0,94,0,25,129,0,154,96,0,96,250
12/17/2017,SUS,MO,ACE,CE,Towers with Radar,0,35,47,0,82,0,0,51,0,51,0,35,98,0,133,173,0,173,306
12/18/2017,SUS,MO,ACE,CE,Towers with Radar,0,27,84,0,111,0,0,69,0,69,0,27,153,0,180,178,0,178,358
12/19/2017,SUS,MO,ACE,CE,Towers with Radar,2,37,74,2,115,0,0,46,0,46,2,37,120,2,161,136,0,136,297
12/20/2017,SUS,MO,ACE,CE,Towers with Radar,0,43,70,1,114,0,0,108,0,108,0,43,178,1,222,118,0,118,340
12/21/2017,SUS,MO,ACE,CE,Towers with Radar,0,42,61,3,106,0,0,69,0,69,0,42,130,3,175,180,0,180,355
12/22/2017,SUS,MO,ACE,CE,Towers with Radar,0,32,56,0,88,0,0,15,0,15,0,32,71,0,103,124,0,124,227
12/23/2017,SUS,MO,ACE,CE,Towers with Radar,0,19,29,0,48,0,0,48,0,48,0,19,77,0,96,64,0,64,160
12/24/2017,SUS,MO,ACE,CE,Towers with Radar,0,21,11,0,32,0,1,0,0,1,0,22,11,0,33,0,0,0,33
12/25/2017,SUS,MO,ACE,CE,Towers with Radar,0,17,5,0,22,0,0,14,0,14,0,17,19,0,36,0,0,0,36
12/26/2017,SUS,MO,ACE,CE,Towers with Radar,0,46,47,0,93,0,0,18,0,18,0,46,65,0,111,20,0,20,131
12/27/2017,SUS,MO,ACE,CE,Towers with Radar,0,39,55,1,95,0,0,60,1,61,0,39,115,2,156,42,0,42,198
12/28/2017,SUS,MO,ACE,CE,Towers with Radar,0,19,39,0,58,0,0,109,0,109,0,19,148,0,167,153,0,153,320
12/29/2017,SUS,MO,ACE,CE,Towers with Radar,0,14,28,0,42,0,0,49,0,49,0,14,77,0,91,162,0,162,253
12/30/2017,SUS,MO,ACE,CE,Towers with Radar,0,17,19,0,36,0,0,40,0,40,0,17,59,0,76,112,0,112,188
12/31/2017,SUS,MO,ACE,CE,Towers with Radar,0,27,13,0,40,0,0,29,0,29,0,27,42,0,69,16,0,16,85
01/01/2018,SUS,MO,ACE,CE,Towers with Radar,0,27,40,0,67,0,0,22,0,22,0,27,62,0,89,6,0,6,95
01/02/2018,SUS,MO,ACE,CE,Towers with Radar,0,30,53,0,83,0,0,39,0,39,0,30,92,0,122,83,0,83,205
01/03/2018,SUS,MO,ACE,CE,Towers with Radar,0,40,52,0,92,0,0,63,0,63,0,40,115,0,155,98,0,98,253
01/04/2018,SUS,MO,ACE,CE,Towers with Radar,0,41,33,0,74,0,0,64,0,64,0,41,97,0,138,140,0,140,278
01/05/2018,SUS,MO,ACE,CE,Towers with Radar,0,20,51,0,71,0,0,77,0,77,0,20,128,0,148,156,0,156,304
01/06/2018,SUS,MO,ACE,CE,Towers with Radar,0,19,31,0,50,0,0,113,0,113,0,19,144,0,163,243,0,243,406
01/07/2018,SUS,MO,ACE,CE,Towers with Radar,0,23,23,0,46,0,0,5,0,5,0,23,28,0,51,34,0,34,85
01/08/2018,SUS,MO,ACE,CE,Towers with Radar,0,18,54,1,73,0,0,0,0,0,0,18,54,1,73,0,0,0,73
01/09/2018,SUS,MO,ACE,CE,Towers with Radar,0,32,54,1,87,0,0,0,0,0,0,32,54,1,87,0,0,0,87
01/10/2018,SUS,MO,ACE,CE,Towers with Radar,0,38,65,4,107,0,1,37,1,39,0,39,102,5,146,14,0,14,160
01/11/2018,SUS,MO,ACE,CE,Towers with Radar,0,32,56,2,90,0,0,17,0,17,0,32,73,2,107,46,0,46,153
01/12/2018,SUS,MO,ACE,CE,Towers with Radar,0,29,47,0,76,0,0,39,0,39,0,29,86,0,115,16,0,16,131
01/13/2018,SUS,MO,ACE,CE,Towers with Radar,0,25,35,0,60,0,1,63,0,64,0,26,98,0,124,38,0,38,162
01/14/2018,SUS,MO,ACE,CE,Towers with Radar,0,30,44,0,74,0,0,36,2,38,0,30,80,2,112,104,0,104,216
01/15/2018,SUS,MO,ACE,CE,Towers with Radar,0,21,43,0,64,0,0,21,0,21,0,21,64,0,85,99,0,99,184
01/16/2018,SUS,MO,ACE,CE,Towers with Radar,0,39,48,7,94,0,0,42,0,42,0,39,90,7,136,70,0,70,206
01/17/2018,SUS,MO,ACE,CE,Towers with Radar,8,25,53,4,90,0,0,44,0,44,8,25,97,4,134,84,0,84,218
01/18/2018,SUS,MO,ACE,CE,Towers with Radar,0,37,67,2,106,0,0,128,7,135,0,37,195,9,241,154,0,154,395
01/19/2018,SUS,MO,ACE,CE,Towers with Radar,0,20,47,4,71,0,2,116,0,118,0,22,163,4,189,174,0,174,363
01/20/2018,SUS,MO,ACE,CE,Towers with Radar,0,20,34,0,54,0,0,89,0,89,0,20,123,0,143,183,0,183,326
01/21/2018,SUS,MO,ACE,CE,Towers with Radar,0,32,42,0,74,0,0,37,0,37,0,32,79,0,111,66,0,66,177
01/22/2018,SUS,MO,ACE,CE,Towers with Radar,0,19,42,2,63,0,0,26,0,26,0,19,68,2,89,26,0,26,115
01/23/2018,SUS,MO,ACE,CE,Towers with Radar,0,36,41,0,77,0,0,46,0,46,0,36,87,0,123,50,0,50,173
01/24/2018,SUS,MO,ACE,CE,Towers with Radar,0,37,71,0,108,0,0,78,1,79,0,37,149,1,187,198,0,198,385
01/25/2018,SUS,MO,ACE,CE,Towers with Radar,0,38,52,0,90,0,0,110,6,116,0,38,162,6,206,74,0,74,280
01/26/2018,SUS,MO,ACE,CE,Towers with Radar,0,20,51,4,75,0,0,57,6,63,0,20,108,10,138,106,0,106,244
01/27/2018,SUS,MO,ACE,CE,Towers with Radar,0,9,42,8,59,0,0,126,8,134,0,9,168,16,193,155,23,178,371
01/28/2018,SUS,MO,ACE,CE,Towers with Radar,0,31,35,0,66,0,0,118,0,118,0,31,153,0,184,156,0,156,340
01/29/2018,SUS,MO,ACE,CE,Towers with Radar,0,26,65,4,95,0,3,33,0,36,0,29,98,4,131,32,0,32,163
01/30/2018,SUS,MO,ACE,CE,Towers with Radar,0,39,58,1,98,0,0,104,3,107,0,39,162,4,205,92,0,92,297
01/31/2018,SUS,MO,ACE,CE,Towers with Radar,0,39,66,1,106,0,0,120,6,126,0,39,186,7,232,185,0,185,417
02/01/2018,SUS,MO,ACE,CE,Towers with Radar,0,42,66,0,108,0,0,31,6,37,0,42,97,6,145,22,0,22,167
02/02/2018,SUS,MO,ACE,CE,Towers with Radar,0,12,55,3,70,0,0,118,0,118,0,12,173,3,188,194,0,194,382
02/03/2018,SUS,MO,ACE,CE,Towers with Radar,0,17,25,1,43,0,0,81,0,81,0,17,106,1,124,104,0,104,228
02/04/2018,SUS,MO,ACE,CE,Towers with Radar,0,13,18,2,33,0,0,14,0,14,0,13,32,2,47,0,0,0,47
02/05/2018,SUS,MO,ACE,CE,Towers with Radar,0,27,65,0,92,0,0,58,0,58,0,27,123,0,150,74,0,74,224
02/06/2018,SUS,MO,ACE,CE,Towers with Radar,0,36,62,0,98,0,0,74,0,74,0,36,136,0,172,158,0,158,330
02/07/2018,SUS,MO,ACE,CE,Towers with Radar,1,34,58,0,93,0,2,75,0,77,1,36,133,0,170,136,0,136,306
02/08/2018,SUS,MO,ACE,CE,Towers with Radar,0,35,76,4,115,0,6,124,0,130,0,41,200,4,245,115,0,115,360
02/09/2018,SUS,MO,ACE,CE,Towers with Radar,0,22,57,2,81,0,0,103,3,106,0,22,160,5,187,103,0,103,290
02/10/2018,SUS,MO,ACE,CE,Towers with Radar,0,23,9,0,32,0,0,2,0,2,0,23,11,0,34,32,0,32,66
02/11/2018,SUS,MO,ACE,CE,Towers with Radar,0,28,27,0,55,0,0,20,0,20,0,28,47,0,75,105,0,105,180
02/12/2018,SUS,MO,ACE,CE,Towers with Radar,0,35,61,0,96,0,2,56,0,58,0,37,117,0,154,126,0,126,280
02/13/2018,SUS,MO,ACE,CE,Towers with Radar,0,38,65,2,105,0,0,137,0,137,0,38,202,2,242,118,0,118,360
02/14/2018,SUS,MO,ACE,CE,Towers with Radar,0,41,46,11,98,0,0,60,0,60,0,41,106,11,158,102,0,102,260
02/15/2018,SUS,MO,ACE,CE,Towers with Radar,0,25,75,5,105,0,0,37,1,38,0,25,112,6,143,20,0,20,163
02/16/2018,SUS,MO,ACE,CE,Towers with Radar,0,43,59,5,107,0,0,81,2,83,0,43,140,7,190,74,0,74,264
02/17/2018,SUS,MO,ACE,CE,Towers with Radar,0,10,24,0,34,0,1,21,0,22,0,11,45,0,56,32,0,32,88
02/18/2018,SUS,MO,ACE,CE,Towers with Radar,1,22,39,0,62,0,7,97,0,104,1,29,136,0,166,163,0,163,329
02/19/2018,SUS,MO,ACE,CE,Towers with Radar,1,40,59,0,100,0,0,15,0,15,1,40,74,0,115,34,0,34,149
02/20/2018,SUS,MO,ACE,CE,Towers with Radar,1,51,39,0,91,0,0,10,0,10,1,51,49,0,101,2,0,2,103
02/21/2018,SUS,MO,ACE,CE,Towers with Radar,2,36,72,0,110,0,0,14,0,14,2,36,86,0,124,52,0,52,176
02/22/2018,SUS,MO,ACE,CE,Towers with Radar,0,37,55,0,92,0,0,0,0,0,0,37,55,0,92,0,0,0,92
02/23/2018,SUS,MO,ACE,CE,Towers with Radar,0,28,74,0,102,0,0,23,2,25,0,28,97,2,127,40,0,40,167
02/24/2018,SUS,MO,ACE,CE,Towers with Radar,0,11,8,0,19,0,0,0,0,0,0,11,8,0,19,0,0,0,19
02/25/2018,SUS,MO,ACE,CE,Towers with Radar,0,26,60,0,86,0,2,161,0,163,0,28,221,0,249,261,0,261,510
02/26/2018,SUS,MO,ACE,CE,Towers with Radar,1,32,49,2,84,0,2,138,0,140,1,34,187,2,224,154,24,178,402
02/27/2018,SUS,MO,ACE,CE,Towers with Radar,4,31,75,0,110,0,0,78,3,81,4,31,153,3,191,59,0,59,250
02/28/2018,SUS,MO,ACE,CE,Towers with Radar,0,40,73,8,121,0,0,0,0,0,0,40,73,8,121,0,0,0,121
03/01/2018,SUS,MO,ACE,CE,Towers with Radar,0,37,87,7,131,0,0,28,1,29,0,37,115,8,160,24,0,24,184
03/02/2018,SUS,MO,ACE,CE,Towers with Radar,0,22,57,2,81,0,1,153,3,157,0,23,210,5,238,248,0,248,486
03/03/2018,SUS,MO,ACE,CE,Towers with Radar,0,13,45,0,58,0,3,109,2,114,0,16,154,2,172,122,0,122,294
03/04/2018,SUS,MO,ACE,CE,Towers with Radar,0,43,42,1,86,0,2,98,0,100,0,45,140,1,186,94,0,94,280
03/05/2018,SUS,MO,ACE,CE,Towers with Radar,0,23,56,0,79,0,0,4,0,4,0,23,60,0,83,2,0,2,85
03/06/2018,SUS,MO,ACE,CE,Towers with Radar,0,31,59,0,90,0,0,25,2,27,0,31,84,2,117,18,0,18,135
03/07/2018,SUS,MO,ACE,CE,Towers with Radar,0,39,58,2,99,0,0,86,4,90,0,39,144,6,189,230,0,230,419
03/08/2018,SUS,MO,ACE,CE,Towers with Radar,2,39,67,4,112,0,6,94,0,100,2,45,161,4,212,124,0,124,336
03/09/2018,SUS,MO,ACE,CE,Towers with Radar,0,37,73,10,120,0,0,103,2,105,0,37,176,12,225,156,0,156,381
03/10/2018,SUS,MO,ACE,CE,Towers with Radar,0,21,52,0,73,0,0,118,6,124,0,21,170,6,197,117,0,117,314
03/11/2018,SUS,MO,ACE,CE,Towers with Radar,0,24,32,0,56,0,0,2,0,2,0,24,34,0,58,12,0,12,70
03/12/2018,SUS,MO,ACE,CE,Towers with Radar,0,26,54,1,81,0,0,31,0,31,0,26,85,1,112,100,0,100,212
03/13/2018,SUS,MO,ACE,CE,Towers with Radar,0,34,67,2,103,0,0,67,0,67,0,34,134,2,170,54,0,54,224
03/14/2018,SUS,MO,ACE,CE,Towers with Radar,0,31,67,0,98,0,0,89,0,89,0,31,156,0,187,106,0,106,293
03/15/2018,SUS,MO,ACE,CE,Towers with Radar,0,38,73,0,111,0,0,119,11,130,0,38,192,11,241,150,0,150,391
03/16/2018,SUS,MO,ACE,CE,Towers with Radar,0,17,49,3,69,0,0,25,3,28,0,17,74,6,97,43,0,43,140
03/17/2018,SUS,MO,ACE,CE,Towers with Radar,0,23,58,1,82,0,0,35,3,38,0,23,93,4,120,216,0,216,336
03/18/2018,SUS,MO,ACE,CE,Towers with Radar,0,38,53,0,91,0,0,14,0,14,0,38,67,0,105,44,0,44,149
03/19/2018,SUS,MO,ACE,CE,Towers with Radar,0,25,53,0,78,0,0,1,0,1,0,25,54,0,79,2,0,2,81
03/20/2018,SUS,MO,ACE,CE,Towers with Radar,0,34,66,9,109,0,0,78,0,78,0,34,144,9,187,84,0,84,271
03/21/2018,SUS,MO,ACE,CE,Towers with Radar,0,27,84,4,115,0,1,112,0,113,0,28,196,4,228,90,0,90,318
03/22/2018,SUS,MO,ACE,CE,Towers with Radar,0,33,61,2,96,0,3,111,0,114,0,36,172,2,210,131,0,131,341
03/23/2018,SUS,MO,ACE,CE,Towers with Radar,0,25,67,0,92,0,0,34,0,34,0,25,101,0,126,12,0,12,138
03/24/2018,SUS,MO,ACE,CE,Towers with Radar,0,24,35,1,60,0,0,0,0,0,0,24,35,1,60,0,0,0,60
03/25/2018,SUS,MO,ACE,CE,Towers with Radar,0,33,60,1,94,0,0,67,0,67,0,33,127,1,161,128,0,128,289
03/26/2018,SUS,MO,ACE,CE,Towers with Radar,0,31,49,0,80,0,0,2,0,2,0,31,51,0,82,8,0,8,90
03/27/2018,SUS,MO,ACE,CE,Towers with Radar,0,32,59,0,91,0,0,0,0,0,0,32,59,0,91,0,0,0,91
03/28/2018,SUS,MO,ACE,CE,Towers with Radar,0,47,93,0,140,0,0,0,0,0,0,47,93,0,140,0,0,0,140
03/29/2018,SUS,MO,ACE,CE,Towers with Radar,0,32,68,0,100,0,0,10,0,10,0,32,78,0,110,38,0,38,148
03/30/2018,SUS,MO,ACE,CE,Towers with Radar,0,19,62,4,85,0,7,131,0,138,0,26,193,4,223,152,0,152,375
03/31/2018,SUS,MO,ACE,CE,Towers with Radar,0,17,26,0,43,0,1,51,0,52,0,18,77,0,95,88,0,88,183
04/01/2018,SUS,MO,ACE,CE,Towers with Radar,0,27,20,0,47,0,0,14,0,14,0,27,34,0,61,0,0,0,61
04/02/2018,SUS,MO,ACE,CE,Towers with Radar,0,26,72,0,98,0,0,2,0,2,0,26,74,0,100,0,0,0,100
04/03/2018,SUS,MO,ACE,CE,Towers with Radar,0,26,42,3,71,0,0,8,3,11,0,26,50,6,82,6,2,8,90
04/04/2018,SUS,MO,ACE,CE,Towers with Radar,0,41,84,2,127,0,3,104,3,110,0,44,188,5,237,177,0,177,414
04/05/2018,SUS,MO,ACE,CE,Towers with Radar,0,26,81,0,107,0,7,79,0,86,0,33,160,0,193,74,0,74,267
04/06/2018,SUS,MO,ACE,CE,Towers with Radar,0,14,55,1,70,0,1,58,0,59,0,15,113,1,129,128,0,128,257
04/07/2018,SUS,MO,ACE,CE,Towers with Radar,0,15,41,13,69,0,0,109,0,109,0,15,150,13,178,178,0,178,356
04/08/2018,SUS,MO,ACE,CE,Towers with Radar,0,29,36,2,67,0,0,37,0,37,0,29,73,2,104,116,0,116,220
04/09/2018,SUS,MO,ACE,CE,Towers with Radar,0,16,63,0,79,0,0,87,0,87,0,16,150,0,166,148,0,148,314
04/10/2018,SUS,MO,ACE,CE,Towers with Radar,0,35,78,2,115,0,0,104,7,111,0,35,182,9,226,148,0,148,374
04/11/2018,SUS,MO,ACE,CE,Towers with Radar,0,29,51,0,80,0,2,82,7,91,0,31,133,7,171,100,0,100,271
04/12/2018,SUS,MO,ACE,CE,Towers with Radar,0,44,84,2,130,0,2,68,0,70,0,46,152,2,200,10,0,10,210
04/13/2018,SUS,MO,ACE,CE,Towers with Radar,0,20,55,1,76,0,0,36,0,36,0,20,91,1,112,70,0,70,182
04/14/2018,SUS,MO,ACE,CE,Towers with Radar,0,23,29,1,53,0,1,29,0,30,0,24,58,1,83,50,0,50,133
04/15/2018,SUS,MO,ACE,CE,Towers with Radar,0,38,42,0,80,0,0,23,0,23,0,38,65,0,103,82,0,82,185
04/16/2018,SUS,MO,ACE,CE,Towers with Radar,0,26,67,0,93,0,2,66,0,68,0,28,133,0,161,103,0,103,264
04/17/2018,SUS,MO,ACE,CE,Towers with Radar,0,40,86,0,126,0,0,133,11,144,0,40,219,11,270,307,0,307,577
04/18/2018,SUS,MO,ACE,CE,Towers with Radar,0,30,70,4,104,0,0,33,0,33,0,30,103,4,137,22,0,22,159
04/19/2018,SUS,MO,ACE,CE,Towers with Radar,0,31,84,0,115,0,2,57,0,59,0,33,141,0,174,100,0,100,274
04/20/2018,SUS,MO,ACE,CE,Towers with Radar,0,28,80,11,119,0,0,133,2,135,0,28,213,13,254,130,6,136,390
04/21/2018,SUS,MO,ACE,CE,Towers with Radar,0,17,41,38,96,0,1,138,7,146,0,18,179,45,242,149,22,171,413
04/22/2018,SUS,MO,ACE,CE,Towers with Radar,0,26,44,12,82,0,0,49,0,49,0,26,93,12,131,136,0,136,267
04/23/2018,SUS,MO,ACE,CE,Towers with Radar,0,38,84,0,122,0,0,5,0,5,0,38,89,0,127,8,0,8,135
04/24/2018,SUS,MO,ACE,CE,Towers with Radar,0,37,74,0,111,0,1,90,0,91,0,38,164,0,202,133,0,133,335
04/25/2018,SUS,MO,ACE,CE,Towers with Radar,0,41,80,0,121,0,1,74,1,76,0,42,154,1,197,183,0,183,380
04/26/2018,SUS,MO,ACE,CE,Towers with Radar,0,31,99,1,131,0,0,110,2,112,0,31,209,3,243,100,0,100,343
04/27/2018,SUS,MO,ACE,CE,Towers with Radar,0,17,87,6,110,0,2,107,4,113,0,19,194,10,223,118,6,124,347
04/28/2018,SUS,MO,ACE,CE,Towers with Radar,0,12,24,4,40,0,1,122,2,125,0,13,146,6,165,84,8,92,257
04/29/2018,SUS,MO,ACE,CE,Towers with Radar,0,25,59,3,87,0,0,107,2,109,0,25,166,5,196,68,0,68,264
04/30/2018,SUS,MO,ACE,CE,Towers with Radar,0,33,63,3,99,0,0,75,0,75,0,33,138,3,174,94,0,94,268
05/01/2018,SUS,MO,ACE,CE,Towers with Radar,0,34,75,0,109,0,1,79,4,84,0,35,154,4,193,72,0,72,265
05/02/2018,SUS,MO,ACE,CE,Towers with Radar,0,32,61,2,95,0,0,62,0,62,0,32,123,2,157,126,0,126,283
05/03/2018,SUS,MO,ACE,CE,Towers with Radar,0,34,68,1,103,0,0,7,0,7,0,34,75,1,110,4,0,4,114
05/04/2018,SUS,MO,ACE,CE,Towers with Radar,0,23,76,2,101,0,0,106,0,106,0,23,182,2,207,166,6,172,379
05/05/2018,SUS,MO,ACE,CE,Towers with Radar,0,24,49,4,77,0,1,152,0,153,0,25,201,4,230,164,0,164,394
05/06/2018,SUS,MO,ACE,CE,Towers with Radar,0,29,50,0,79,0,0,87,0,87,0,29,137,0,166,72,0,72,238
05/07/2018,SUS,MO,ACE,CE,Towers with Radar,0,45,81,0,126,0,0,140,0,140,0,45,221,0,266,176,0,176,442
05/08/2018,SUS,MO,ACE,CE,Towers with Radar,0,44,65,2,111,0,0,119,3,122,0,44,184,5,233,118,0,118,351
05/09/2018,SUS,MO,ACE,CE,Towers with Radar,0,43,62,3,108,0,0,53,0,53,0,43,115,3,161,99,0,99,260
05/10/2018,SUS,MO,ACE,CE,Towers with Radar,0,45,87,6,138,0,3,94,1,98,0,48,181,7,236,72,0,72,308
05/11/2018,SUS,MO,ACE,CE,Towers with Radar,0,22,69,5,96,0,0,78,1,79,0,22,147,6,175,100,0,100,275
05/12/2018,SUS,MO,ACE,CE,Towers with Radar,0,22,38,0,60,0,0,114,0,114,0,22,152,0,174,124,0,124,298
05/13/2018,SUS,MO,ACE,CE,Towers with Radar,0,41,41,2,84,0,1,77,0,78,0,42,118,2,162,126,0,126,288
05/14/2018,SUS,MO,ACE,CE,Towers with Radar,0,31,80,2,113,0,1,77,0,78,0,32,157,2,191,67,0,67,258
05/15/2018,SUS,MO,ACE,CE,Towers with Radar,0,42,82,0,124,0,0,82,0,82,0,42,164,0,206,112,0,112,318
05/16/2018,SUS,MO,ACE,CE,Towers with Radar,0,36,72,2,110,0,1,88,2,91,0,37,160,4,201,158,0,158,359
05/17/2018,SUS,MO,ACE,CE,Towers with Radar,0,43,71,5,119,0,0,98,0,98,0,43,169,5,217,87,0,87,304
05/18/2018,SUS,MO,ACE,CE,Towers with Radar,0,23,68,0,91,0,0,0,0,0,0,23,68,0,91,0,0,0,91
05/19/2018,SUS,MO,ACE,CE,Towers with Radar,0,13,50,6,69,0,0,47,2,49,0,13,97,8,118,69,2,71,189
05/20/2018,SUS,MO,ACE,CE,Towers with Radar,0,33,46,3,82,0,0,58,0,58,0,33,104,3,140,76,0,76,216
05/21/2018,SUS,MO,ACE,CE,Towers with Radar,0,21,56,0,77,0,0,54,0,54,0,21,110,0,131,147,0,147,278
05/22/2018,SUS,MO,ACE,CE,Towers with Radar,0,45,78,0,123,0,2,129,0,131,0,47,207,0,254,137,0,137,391
05/23/2018,SUS,MO,ACE,CE,Towers with Radar,1,25,61,0,87,0,0,111,4,115,1,25,172,4,202,85,0,85,287
05/24/2018,SUS,MO,ACE,CE,Towers with Radar,0,40,64,0,104,0,2,107,0,109,0,42,171,0,213,158,0,158,371
05/25/2018,SUS,MO,ACE,CE,Towers with Radar,0,18,65,0,83,0,0,62,0,62,0,18,127,0,145,151,0,151,296
05/26/2018,SUS,MO,ACE,CE,Towers with Radar,1,15,31,4,51,0,0,129,0,129,1,15,160,4,180,90,0,90,270
05/27/2018,SUS,MO,ACE,CE,Towers with Radar,0,21,19,4,44,0,0,98,0,98,0,21,117,4,142,75,2,77,219
05/28/2018,SUS,MO,ACE,CE,Towers with Radar,0,32,40,9,81,0,2,108,0,110,0,34,148,9,191,56,0,56,247
05/29/2018,SUS,MO,ACE,CE,Towers with Radar,0,40,62,0,102,0,0,63,0,63,0,40,125,0,165,74,0,74,239
05/30/2018,SUS,MO,ACE,CE,Towers with Radar,0,33,79,0,112,0,0,87,0,87,0,33,166,0,199,162,0,162,361
05/31/2018,SUS,MO,ACE,CE,Towers with Radar,0,22,70,0,92,0,0,72,0,72,0,22,142,0,164,159,0,159,323
06/01/2018,SUS,MO,ACE,CE,Towers with Radar,0,25,70,5,100,0,0,113,0,113,0,25,183,5,213,194,8,202,415
06/02/2018,SUS,MO,ACE,CE,Towers with Radar,0,16,20,0,36,0,0,63,1,64,0,16,83,1,100,150,0,150,250
06/03/2018,SUS,MO,ACE,CE,Towers with Radar,0,29,47,4,80,0,0,111,0,111,0,29,158,4,191,60,0,60,251
06/04/2018,SUS,MO,ACE,CE,Towers with Radar,0,26,83,0,109,0,0,122,0,122,0,26,205,0,231,178,0,178,409
06/05/2018,SUS,MO,ACE,CE,Towers with Radar,0,44,84,0,128,0,0,123,0,123,0,44,207,0,251,263,0,263,514
06/06/2018,SUS,MO,ACE,CE,Towers with Radar,0,44,78,0,122,0,0,146,0,146,0,44,224,0,268,312,0,312,580
06/07/2018,SUS,MO,ACE,CE,Towers with Radar,0,45,80,0,125,0,0,114,0,114,0,45,194,0,239,138,0,138,377
06/08/2018,SUS,MO,ACE,CE,Towers with Radar,0,26,62,0,88,0,0,117,0,117,0,26,179,0,205,122,0,122,327
06/09/2018,SUS,MO,ACE,CE,Towers with Radar,0,40,42,0,82,0,3,63,0,66,0,43,105,0,148,150,0,150,298
06/10/2018,SUS,MO,ACE,CE,Towers with Radar,0,31,62,2,95,0,0,85,0,85,0,31,147,2,180,30,0,30,210
06/11/2018,SUS,MO,ACE,CE,Towers with Radar,0,29,78,0,107,0,1,104,0,105,0,30,182,0,212,168,0,168,380
06/12/2018,SUS,MO,ACE,CE,Towers with Radar,0,39,66,0,105,0,3,85,0,88,0,42,151,0,193,176,0,176,369
06/13/2018,SUS,MO,ACE,CE,Towers with Radar,0,32,82,6,120,0,6,104,5,115,0,38,186,11,235,200,0,200,435
06/14/2018,SUS,MO,ACE,CE,Towers with Radar,0,25,76,0,101,0,3,64,0,67,0,28,140,0,168,97,0,97,265
06/15/2018,SUS,MO,ACE,CE,Towers with Radar,0,22,67,5,94,0,3,162,10,175,0,25,229,15,269,139,8,147,416
06/16/2018,SUS,MO,ACE,CE,Towers with Radar,0,20,44,7,71,0,2,131,14,147,0,22,175,21,218,254,0,254,472
06/17/2018,SUS,MO,ACE,CE,Towers with Radar,0,42,38,5,85,0,0,102,0,102,0,42,140,5,187,102,0,102,289
06/18/2018,SUS,MO,ACE,CE,Towers with Radar,0,24,72,4,100,1,2,90,4,97,1,26,162,8,197,214,0,214,411
06/19/2018,SUS,MO,ACE,CE,Towers with Radar,0,17,55,2,74,0,0,73,2,75,0,17,128,4,149,225,0,225,374
06/20/2018,SUS,MO,ACE,CE,Towers with Radar,0,34,66,0,100,0,0,63,0,63,0,34,129,0,163,191,0,191,354
06/21/2018,SUS,MO,ACE,CE,Towers with Radar,0,27,82,2,111,0,0,53,0,53,0,27,135,2,164,108,0,108,272
06/22/2018,SUS,MO,ACE,CE,Towers with Radar,0,30,75,3,108,0,2,15,0,17,0,32,90,3,125,82,0,82,207
06/23/2018,SUS,MO,ACE,CE,Towers with Radar,0,21,61,13,95,0,0,108,0,108,0,21,169,13,203,108,0,108,311
06/24/2018,SUS,MO,ACE,CE,Towers with Radar,0,35,43,1,79,0,0,77,2,79,0,35,120,3,158,68,0,68,226
06/25/2018,SUS,MO,ACE,CE,Towers with Radar,0,31,66,2,99,0,1,17,0,18,0,32,83,2,117,100,0,100,217
06/26/2018,SUS,MO,ACE,CE,Towers with Radar,0,38,45,0,83,0,0,12,0,12,0,38,57,0,95,14,0,14,109
06/27/2018,SUS,MO,ACE,CE,Towers with Radar,2,47,90,0,139,0,2,110,8,120,2,49,200,8,259,124,0,124,383
06/28/2018,SUS,MO,ACE,CE,Towers with Radar,0,33,64,0,97,0,1,80,0,81,0,34,144,0,178,228,0,228,406
06/29/2018,SUS,MO,ACE,CE,Towers with Radar,0,31,81,6,118,0,2,139,0,141,0,33,220,6,259,198,0,198,457
06/30/2018,SUS,MO,ACE,CE,Towers with Radar,0,38,34,2,74,0,4,91,0,95,0,42,125,2,169,128,0,128,297
07/01/2018,SUS,MO,ACE,CE,Towers with Radar,0,38,35,2,75,0,1,78,0,79,0,39,113,2,154,235,0,235,389
07/02/2018,SUS,MO,ACE,CE,Towers with Radar,0,14,48,0,62,0,2,85,0,87,0,16,133,0,149,218,0,218,367
07/03/2018,SUS,MO,ACE,CE,Towers with Radar,0,26,37,4,67,0,1,59,0,60,0,27,96,4,127,91,0,91,218
07/04/2018,SUS,MO,ACE,CE,Towers with Radar,0,14,22,0,36,0,0,65,0,65,0,14,87,0,101,97,0,97,198
07/05/2018,SUS,MO,ACE,CE,Towers with Radar,0,25,60,0,85,0,2,48,0,50,0,27,108,0,135,75,0,75,210
07/06/2018,SUS,MO,ACE,CE,Towers with Radar,0,13,65,7,85,0,0,83,2,85,0,13,148,9,170,30,6,36,206
07/07/2018,SUS,MO,ACE,CE,Towers with Radar,0,16,39,0,55,0,1,159,15,175,0,17,198,15,230,198,0,198,428
07/08/2018,SUS,MO,ACE,CE,Towers with Radar,0,29,80,0,109,0,2,111,0,113,0,31,191,0,222,56,0,56,278
07/09/2018,SUS,MO,ACE,CE,Towers with Radar,1,25,64,0,90,0,1,69,0,70,1,26,133,0,160,100,0,100,260
07/10/2018,SUS,MO,ACE,CE,Towers with Radar,0,26,75,2,103,0,1,96,0,97,0,27,171,2,200,184,0,184,384
07/11/2018,SUS,MO,ACE,CE,Towers with Radar,0,28,75,2,105,0,0,117,0,117,0,28,192,2,222,160,0,160,382
07/12/2018,SUS,MO,ACE,CE,Towers with Radar,0,29,63,6,98,0,2,100,2,104,0,31,163,8,202,52,0,52,254
07/13/2018,SUS,MO,ACE,CE,Towers with Radar,0,37,57,6,100,0,0,92,0,92,0,37,149,6,192,82,0,82,274
07/14/2018,SUS,MO,ACE,CE,Towers with Radar,0,22,35,6,63,0,4,80,1,85,0,26,115,7,148,116,0,116,264
07/15/2018,SUS,MO,ACE,CE,Towers with Radar,0,29,75,2,106,0,0,46,0,46,0,29,121,2,152,43,0,43,195
07/16/2018,SUS,MO,ACE,CE,Towers with Radar,0,30,77,0,107,0,3,64,0,67,0,33,141,0,174,121,0,121,295
07/17/2018,SUS,MO,ACE,CE,Towers with Radar,0,40,44,0,84,0,2,114,0,116,0,42,158,0,200,104,0,104,304
07/18/2018,SUS,MO,ACE,CE,Towers with Radar,0,33,69,0,102,0,2,109,0,111,0,35,178,0,213,110,0,110,323
07/19/2018,SUS,MO,ACE,CE,Towers with Radar,0,32,99,3,134,0,0,90,1,91,0,32,189,4,225,146,0,146,371
07/20/2018,SUS,MO,ACE,CE,Towers with Radar,0,28,85,3,116,0,1,110,0,111,0,29,195,3,227,204,0,204,431
07/21/2018,SUS,MO,ACE,CE,Towers with Radar,0,15,45,0,60,0,0,116,4,120,0,15,161,4,180,96,0,96,276
07/22/2018,SUS,MO,ACE,CE,Towers with Radar,0,34,67,1,102,0,0,89,4,93,0,34,156,5,195,68,0,68,263
07/23/2018,SUS,MO,ACE,CE,Towers with Radar,2,38,49,3,92,0,0,91,2,93,2,38,140,5,185,146,0,146,331
07/24/2018,SUS,MO,ACE,CE,Towers with Radar,0,37,96,7,140,0,0,117,0,117,0,37,213,7,257,152,0,152,409
07/25/2018,SUS,MO,ACE,CE,Towers with Radar,0,31,110,7,148,0,1,118,7,126,0,32,228,14,274,140,0,140,414
07/26/2018,SUS,MO,ACE,CE,Towers with Radar,0,55,72,2,129,0,0,76,1,77,0,55,148,3,206,142,0,142,348
07/27/2018,SUS,MO,ACE,CE,Towers with Radar,0,25,70,4,99,0,0,131,0,131,0,25,201,4,230,228,2,230,460
07/28/2018,SUS,MO,ACE,CE,Towers with Radar,0,25,46,3,74,0,0,100,3,103,0,25,146,6,177,185,2,187,364
07/29/2018,SUS,MO,ACE,CE,Towers with Radar,0,30,55,2,87,0,1,13,0,14,0,31,68,2,101,30,0,30,131
07/30/2018,SUS,MO,ACE,CE,Towers with Radar,0,28,69,0,97,0,0,21,0,21,0,28,90,0,118,56,0,56,174
07/31/2018,SUS,MO,ACE,CE,Towers with Radar,0,33,65,0,98,0,2,42,0,44,0,35,107,0,142,78,0,78,220
08/01/2018,SUS,MO,ACE,CE,Towers with Radar,1,21,77,20,119,0,0,134,4,138,1,21,211,24,257,154,20,174,431
08/02/2018,SUS,MO,ACE,CE,Towers with Radar,0,26,76,2,104,0,0,124,4,128,0,26,200,6,232,142,0,142,374
08/03/2018,SUS,MO,ACE,CE,Towers with Radar,0,25,79,6,110,0,2,127,7,136,0,27,206,13,246,140,4,144,390
08/04/2018,SUS,MO,ACE,CE,Towers with Radar,0,17,37,0,54,0,0,93,2,95,0,17,130,2,149,119,0,119,268
08/05/2018,SUS,MO,ACE,CE,Towers with Radar,0,66,65,8,139,0,1,79,1,81,0,67,144,9,220,64,0,64,284
08/06/2018,SUS,MO,ACE,CE,Towers with Radar,0,41,68,0,109,0,0,78,1,79,0,41,146,1,188,118,0,118,306
08/07/2018,SUS,MO,ACE,CE,Towers with Radar,0,37,62,0,99,0,0,39,0,39,0,37,101,0,138,84,0,84,222
08/08/2018,SUS,MO,ACE,CE,Towers with Radar,0,47,87,1,135,0,0,101,0,101,0,47,188,1,236,77,0,77,313
08/09/2018,SUS,MO,ACE,CE,Towers with Radar,0,32,136,4,172,0,0,102,0,102,0,32,238,4,274,102,0,102,376
08/10/2018,SUS,MO,ACE,CE,Towers with Radar,0,43,84,2,129,0,0,101,0,101,0,43,185,2,230,206,0,206,436
08/11/2018,SUS,MO,ACE,CE,Towers with Radar,0,39,50,25,114,0,4,109,6,119,0,43,159,31,233,177,6,183,416
08/12/2018,SUS,MO,ACE,CE,Towers with Radar,0,70,90,5,165,0,0,81,6,87,0,70,171,11,252,34,0,34,286
08/13/2018,SUS,MO,ACE,CE,Towers with Radar,0,37,75,2,114,0,0,60,0,60,0,37,135,2,174,70,0,70,244
08/14/2018,SUS,MO,ACE,CE,Towers with Radar,0,35,62,0,97,0,0,40,2,42,0,35,102,2,139,128,0,128,267
08/15/2018,SUS,MO,ACE,CE,Towers with Radar,0,37,88,0,125,0,0,27,0,27,0,37,115,0,152,38,0,38,190
08/16/2018,SUS,MO,ACE,CE,Towers with Radar,0,45,80,0,125,0,0,87,0,87,0,45,167,0,212,162,0,162,374
08/17/2018,SUS,MO,ACE,CE,Towers with Radar,0,31,64,13,108,0,0,110,0,110,0,31,174,13,218,66,0,66,284
08/18/2018,SUS,MO,ACE,CE,Towers with Radar,0,21,73,10,104,0,1,90,0,91,0,22,163,10,195,206,0,206,401
08/19/2018,SUS,MO,ACE,CE,Towers with Radar,0,43,57,2,102,0,6,69,0,75,0,49,126,2,177,148,0,148,325
08/20/2018,SUS,MO,ACE,CE,Towers with Radar,0,32,66,0,98,0,0,29,0,29,0,32,95,0,127,90,0,90,217
08/21/2018,SUS,MO,ACE,CE,Towers with Radar,0,41,72,0,113,0,1,51,2,54,0,42,123,2,167,96,0,96,263
08/22/2018,SUS,MO,ACE,CE,Towers with Radar,0,51,75,0,126,0,7,111,0,118,0,58,186,0,244,122,0,122,366
08/23/2018,SUS,MO,ACE,CE,Towers with Radar,0,51,66,0,117,0,0,109,0,109,0,51,175,0,226,141,0,141,367
08/24/2018,SUS,MO,ACE,CE,Towers with Radar,1,22,68,2,93,0,0,13,0,13,1,22,81,2,106,30,0,30,136
08/25/2018,SUS,MO,ACE,CE,Towers with Radar,0,20,38,0,58,0,2,61,0,63,0,22,99,0,121,37,0,37,158
08/26/2018,SUS,MO,ACE,CE,Towers with Radar,0,38,45,13,96,0,1,78,0,79,0,39,123,13,175,93,2,95,270
08/27/2018,SUS,MO,ACE,CE,Towers with Radar,0,38,62,2,102,0,2,46,0,48,0,40,108,2,150,24,0,24,174
08/28/2018,SUS,MO,ACE,CE,Towers with Radar,0,40,78,2,120,0,0,62,2,64,0,40,140,4,184,48,0,48,232
08/29/2018,SUS,MO,ACE,CE,Towers with Radar,0,34,56,2,92,0,0,20,0,20,0,34,76,2,112,64,0,64,176
08/30/2018,SUS,MO,ACE,CE,Towers with Radar,0,51,92,2,145,0,0,98,0,98,0,51,190,2,243,177,0,177,420
08/31/2018,SUS,MO,ACE,CE,Towers with Radar,0,42,71,0,113,0,1,96,0,97,0,43,167,0,210,228,0,228,438
09/01/2018,SUS,MO,ACE,CE,Towers with Radar,0,11,20,0,31,0,0,95,0,95,0,11,115,0,126,184,0,184,310
09/02/2018,SUS,MO,ACE,CE,Towers with Radar,0,18,20,1,39,0,0,38,0,38,0,18,58,1,77,24,0,24,101
09/03/2018,SUS,MO,ACE,CE,Towers with Radar,0,39,63,3,105,0,0,104,0,104,0,39,167,3,209,32,0,32,241
09/04/2018,SUS,MO,ACE,CE,Towers with Radar,0,37,90,4,131,0,0,127,1,128,0,37,217,5,259,154,0,154,413
09/05/2018,SUS,MO,ACE,CE,Towers with Radar,0,37,77,0,114,0,0,116,1,117,0,37,193,1,231,192,0,192,423
09/06/2018,SUS,MO,ACE,CE,Towers with Radar,0,47,80,0,127,0,0,91,0,91,0,47,171,0,218,206,0,206,424
09/07/2018,SUS,MO,ACE,CE,Towers with Radar,0,15,56,4,75,0,2,18,0,20,0,17,74,4,95,116,0,116,211
09/08/2018,SUS,MO,ACE,CE,Towers with Radar,0,15,27,0,42,0,0,22,0,22,0,15,49,0,64,106,0,106,170
09/09/2018,SUS,MO,ACE,CE,Towers with Radar,0,30,79,10,119,0,0,46,7,53,0,30,125,17,172,37,0,37,209
09/10/2018,SUS,MO,ACE,CE,Towers with Radar,0,31,75,2,108,0,1,101,81,183,0,32,176,83,291,174,6,180,471
09/11/2018,SUS,MO,ACE,CE,Towers with Radar,0,39,57,5,101,0,0,128,2,130,0,39,185,7,231,90,0,90,321
09/12/2018,SUS,MO,ACE,CE,Towers with Radar,0,41,89,6,136,0,1,144,4,149,0,42,233,10,285,128,0,128,413
09/13/2018,SUS,MO,ACE,CE,Towers with Radar,0,46,104,4,154,0,6,104,0,110,0,52,208,4,264,62,0,62,326
09/14/2018,SUS,MO,ACE,CE,Towers with Radar,0,29,82,12,123,0,2,140,4,146,0,31,222,16,269,132,2,134,403
09/15/2018,SUS,MO,ACE,CE,Towers with Radar,0,24,53,18,95,0,0,138,6,144,0,24,191,24,239,177,8,185,424
09/16/2018,SUS,MO,ACE,CE,Towers with Radar,0,43,65,6,114,0,0,94,0,94,0,43,159,6,208,204,8,212,420
09/17/2018,SUS,MO,ACE,CE,Towers with Radar,0,21,51,5,77,0,0,107,0,107,0,21,158,5,184,136,0,136,320
09/18/2018,SUS,MO,ACE,CE,Towers with Radar,0,41,72,0,113,0,2,106,3,111,0,43,178,3,224,149,0,149,373
09/19/2018,SUS,MO,ACE,CE,Towers with Radar,0,35,87,8,130,0,0,103,1,104,0,35,190,9,234,104,0,104,338
09/20/2018,SUS,MO,ACE,CE,Towers with Radar,0,48,77,8,133,0,4,130,0,134,0,52,207,8,267,126,0,126,393
09/21/2018,SUS,MO,ACE,CE,Towers with Radar,0,18,71,17,106,0,0,82,0,82,0,18,153,17,188,168,14,182,370
09/22/2018,SUS,MO,ACE,CE,Towers with Radar,0,37,55,16,108,0,5,137,0,142,0,42,192,16,250,173,0,173,423
09/23/2018,SUS,MO,ACE,CE,Towers with Radar,0,34,64,9,107,0,0,90,0,90,0,34,154,9,197,131,0,131,328
09/24/2018,SUS,MO,ACE,CE,Towers with Radar,0,25,80,0,105,0,0,26,0,26,0,25,106,0,131,56,0,56,187
09/25/2018,SUS,MO,ACE,CE,Towers with Radar,0,28,77,0,105,0,2,46,0,48,0,30,123,0,153,72,0,72,225
09/26/2018,SUS,MO,ACE,CE,Towers with Radar,0,40,57,2,99,0,4,91,3,98,0,44,148,5,197,145,0,145,342
09/27/2018,SUS,MO,ACE,CE,Towers with Radar,0,45,91,2,138,0,4,133,0,137,0,49,224,2,275,97,0,97,372
09/28/2018,SUS,MO,ACE,CE,Towers with Radar,0,44,67,10,121,0,1,113,0,114,0,45,180,10,235,144,2,146,381
09/29/2018,SUS,MO,ACE,CE,Towers with Radar,0,37,41,6,84,0,1,129,1,131,0,38,170,7,215,141,2,143,358
09/30/2018,SUS,MO,ACE,CE,Towers with Radar,0,48,50,3,101,0,0,100,0,100,0,48,150,3,201,88,0,88,289
10/01/2018,SUS,MO,ACE,CE,Towers with Radar,0,30,91,2,123,0,0,83,0,83,0,30,174,2,206,140,0,140,346
10/02/2018,SUS,MO,ACE,CE,Towers with Radar,0,25,71,4,100,0,2,106,0,108,0,27,177,4,208,264,0,264,472
10/03/2018,SUS,MO,ACE,CE,Towers with Radar,1,41,65,2,109,0,1,68,0,69,1,42,133,2,178,102,0,102,280
10/04/2018,SUS,MO,ACE,CE,Towers with Radar,0,39,53,4,96,0,0,37,0,37,0,39,90,4,133,53,0,53,186
10/05/2018,SUS,MO,ACE,CE,Towers with Radar,0,33,86,0,119,0,2,59,0,61,0,35,145,0,180,154,0,154,334
10/06/2018,SUS,MO,ACE,CE,Towers with Radar,0,19,26,0,45,0,0,68,0,68,0,19,94,0,113,136,0,136,249
10/07/2018,SUS,MO,ACE,CE,Towers with Radar,0,48,58,0,106,0,0,9,0,9,0,48,67,0,115,26,0,26,141
10/08/2018,SUS,MO,ACE,CE,Towers with Radar,0,38,75,7,120,0,1,84,0,85,0,39,159,7,205,18,0,18,223
10/09/2018,SUS,MO,ACE,CE,Towers with Radar,0,26,69,0,95,0,0,49,0,49,0,26,118,0,144,15,0,15,159
10/10/2018,SUS,MO,ACE,CE,Towers with Radar,0,44,74,5,123,0,0,35,2,37,0,44,109,7,160,6,10,16,176
10/11/2018,SUS,MO,ACE,CE,Towers with Radar,0,32,73,8,113,0,3,70,2,75,0,35,143,10,188,41,10,51,239
10/12/2018,SUS,MO,ACE,CE,Towers with Radar,0,14,81,24,119,0,0,31,0,31,0,14,112,24,150,0,0,0,150
10/13/2018,SUS,MO,ACE,CE,Towers with Radar,0,14,42,3,59,0,4,33,1,38,0,18,75,4,97,22,0,22,119
10/14/2018,SUS,MO,ACE,CE,Towers with Radar,0,36,54,12,102,0,0,8,0,8,0,36,62,12,110,2,0,2,112
10/15/2018,SUS,MO,ACE,CE,Towers with Radar,0,34,90,7,131,0,1,69,6,76,0,35,159,13,207,42,2,44,251
10/16/2018,SUS,MO,ACE,CE,Towers with Radar,0,38,96,2,136,0,2,122,2,126,0,40,218,4,262,126,0,126,388
10/17/2018,SUS,MO,ACE,CE,Towers with Radar,0,37,82,4,123,0,0,103,3,106,0,37,185,7,229,194,0,194,423
10/18/2018,SUS,MO,ACE,CE,Towers with Radar,0,32,91,0,123,0,2,124,5,131,0,34,215,5,254,202,0,202,456
10/19/2018,SUS,MO,ACE,CE,Towers with Radar,0,32,87,8,127,0,0,49,2,51,0,32,136,10,178,110,0,110,288
10/20/2018,SUS,MO,ACE,CE,Towers with Radar,0,17,26,9,52,0,0,54,2,56,0,17,80,11,108,44,0,44,152
10/21/2018,SUS,MO,ACE,CE,Towers with Radar,0,31,51,0,82,0,0,84,1,85,0,31,135,1,167,56,0,56,223
10/22/2018,SUS,MO,ACE,CE,Towers with Radar,0,23,65,2,90,0,0,98,3,101,0,23,163,5,191,136,0,136,327
10/23/2018,SUS,MO,ACE,CE,Towers with Radar,0,37,92,4,133,0,0,117,9,126,0,37,209,13,259,90,0,90,349
10/24/2018,SUS,MO,ACE,CE,Towers with Radar,0,44,70,0,114,0,1,119,0,120,0,45,189,0,234,136,0,136,370
10/25/2018,SUS,MO,ACE,CE,Towers with Radar,0,27,79,0,106,0,0,73,5,78,0,27,152,5,184,107,0,107,291
10/26/2018,SUS,MO,ACE,CE,Towers with Radar,0,26,58,0,84,0,0,0,0,0,0,26,58,0,84,6,0,6,90
10/27/2018,SUS,MO,ACE,CE,Towers with Radar,5,15,51,0,71,0,0,107,0,107,5,15,158,0,178,216,0,216,394
10/28/2018,SUS,MO,ACE,CE,Towers with Radar,1,38,51,0,90,0,0,19,0,19,1,38,70,0,109,18,0,18,127
10/29/2018,SUS,MO,ACE,CE,Towers with Radar,0,35,57,0,92,0,2,161,0,163,0,37,218,0,255,260,0,260,515
10/30/2018,SUS,MO,ACE,CE,Towers with Radar,0,39,83,0,122,0,0,72,0,72,0,39,155,0,194,130,0,130,324
10/31/2018,SUS,MO,ACE,CE,Towers with Radar,0,23,88,0,111,0,1,13,0,14,0,24,101,0,125,16,0,16,141
11/01/2018,SUS,MO,ACE,CE,Towers with Radar,0,43,66,0,109,0,0,1,0,1,0,43,67,0,110,2,0,2,112
11/02/2018,SUS,MO,ACE,CE,Towers with Radar,0,34,64,1,99,0,0,48,0,48,0,34,112,1,147,204,0,204,351
11/03/2018,SUS,MO,ACE,CE,Towers with Radar,0,20,46,4,70,0,0,37,0,37,0,20,83,4,107,229,0,229,336
11/04/2018,SUS,MO,ACE,CE,Towers with Radar,0,28,32,0,60,0,0,31,0,31,0,28,63,0,91,76,0,76,167
11/05/2018,SUS,MO,ACE,CE,Towers with Radar,0,27,51,0,78,0,0,32,0,32,0,27,83,0,110,44,0,44,154
11/06/2018,SUS,MO,ACE,CE,Towers with Radar,0,30,57,4,91,0,2,96,0,98,0,32,153,4,189,215,0,215,404
11/07/2018,SUS,MO,ACE,CE,Towers with Radar,0,38,74,0,112,0,1,104,0,105,0,39,178,0,217,158,0,158,375
11/08/2018,SUS,MO,ACE,CE,Towers with Radar,0,37,80,2,119,0,0,90,0,90,0,37,170,2,209,220,0,220,429
11/09/2018,SUS,MO,ACE,CE,Towers with Radar,0,31,59,0,90,0,0,8,0,8,0,31,67,0,98,33,0,33,131
11/10/2018,SUS,MO,ACE,CE,Towers with Radar,0,21,43,0,64,0,0,128,0,128,0,21,171,0,192,62,0,62,254
11/11/2018,SUS,MO,ACE,CE,Towers with Radar,0,35,57,1,93,0,2,95,0,97,0,37,152,1,190,78,0,78,268
11/12/2018,SUS,MO,ACE,CE,Towers with Radar,0,37,33,1,71,0,0,10,0,10,0,37,43,1,81,8,0,8,89
11/13/2018,SUS,MO,ACE,CE,Towers with Radar,0,28,56,2,86,0,3,76,0,79,0,31,132,2,165,54,0,54,219
11/14/2018,SUS,MO,ACE,CE,Towers with Radar,0,46,71,2,119,0,0,62,2,64,0,46,133,4,183,148,0,148,331
11/15/2018,SUS,MO,ACE,CE,Towers with Radar,0,33,37,0,70,0,0,18,0,18,0,33,55,0,88,56,0,56,144
11/16/2018,SUS,MO,ACE,CE,Towers with Radar,2,31,71,0,104,0,2,113,0,115,2,33,184,0,219,198,0,198,417
11/17/2018,SUS,MO,ACE,CE,Towers with Radar,0,33,22,0,55,0,0,65,2,67,0,33,87,2,122,68,0,68,190
11/18/2018,SUS,MO,ACE,CE,Towers with Radar,0,32,31,0,63,0,0,0,0,0,0,32,31,0,63,0,0,0,63
11/19/2018,SUS,MO,ACE,CE,Towers with Radar,1,41,46,2,90,0,4,22,0,26,1,45,68,2,116,62,0,62,178
11/20/2018,SUS,MO,ACE,CE,Towers with Radar,0,46,63,2,111,0,0,78,2,80,0,46,141,4,191,216,0,216,407
11/21/2018,SUS,MO,ACE,CE,Towers with Radar,0,41,61,0,102,0,5,128,2,135,0,46,189,2,237,126,0,126,363
11/22/2018,SUS,MO,ACE,CE,Towers with Radar,0,4,22,0,26,0,0,44,0,44,0,4,66,0,70,6,0,6,76
11/23/2018,SUS,MO,ACE,CE,Towers with Radar,0,17,12,0,29,0,0,7,0,7,0,17,19,0,36,0,0,0,36
11/24/2018,SUS,MO,ACE,CE,Towers with Radar,0,33,55,0,88,0,0,97,0,97,0,33,152,0,185,58,0,58,243
11/25/2018,SUS,MO,ACE,CE,Towers with Radar,0,54,59,0,113,0,0,7,0,7,0,54,66,0,120,12,0,12,132
11/26/2018,SUS,MO,ACE,CE,Towers with Radar,1,39,42,0,82,0,0,32,0,32,1,39,74,0,114,88,0,88,202
11/27/2018,SUS,MO,ACE,CE,Towers with Radar,0,56,65,6,127,0,1,88,0,89,0,57,153,6,216,170,0,170,386
11/28/2018,SUS,MO,ACE,CE,Towers with Radar,0,31,68,4,103,0,2,141,6,149,0,33,209,10,252,220,0,220,472
11/29/2018,SUS,MO,ACE,CE,Towers with Radar,0,37,61,2,100,0,0,79,0,79,0,37,140,2,179,196,0,196,375
11/30/2018,SUS,MO,ACE,CE,Towers with Radar,0,30,59,0,89,0,0,10,0,10,0,30,69,0,99,74,0,74,173
12/01/2018,SUS,MO,ACE,CE,Towers with Radar,0,20,23,0,43,0,0,45,0,45,0,20,68,0,88,118,0,118,206
12/02/2018,SUS,MO,ACE,CE,Towers with Radar,0,43,48,0,91,0,0,18,1,19,0,43,66,1,110,34,0,34,144
12/03/2018,SUS,MO,ACE,CE,Towers with Radar,0,28,42,0,70,0,0,22,0,22,0,28,64,0,92,22,0,22,114
12/04/2018,SUS,MO,ACE,CE,Towers with Radar,0,23,46,2,71,0,0,4,0,4,0,23,50,2,75,0,0,0,75
12/05/2018,SUS,MO,ACE,CE,Towers with Radar,0,48,78,0,126,0,2,139,0,141,0,50,217,0,267,229,0,229,496
12/06/2018,SUS,MO,ACE,CE,Towers with Radar,0,49,50,0,99,0,0,3,0,3,0,49,53,0,102,10,0,10,112
12/07/2018,SUS,MO,ACE,CE,Towers with Radar,0,31,79,1,111,0,0,65,0,65,0,31,144,1,176,266,0,266,442
12/08/2018,SUS,MO,ACE,CE,Towers with Radar,0,27,22,3,52,0,0,92,1,93,0,27,114,4,145,184,0,184,329
12/09/2018,SUS,MO,ACE,CE,Towers with Radar,0,42,52,1,95,0,0,91,0,91,0,42,143,1,186,73,0,73,259
12/10/2018,SUS,MO,ACE,CE,Towers with Radar,0,39,68,0,107,0,2,86,0,88,0,41,154,0,195,153,0,153,348
12/11/2018,SUS,MO,ACE,CE,Towers with Radar,0,47,71,0,118,0,2,124,0,126,0,49,195,0,244,202,0,202,446
12/12/2018,SUS,MO,ACE,CE,Towers with Radar,0,55,81,2,138,0,4,99,7,110,0,59,180,9,248,109,0,109,357
12/13/2018,SUS,MO,ACE,CE,Towers with Radar,0,30,83,0,113,0,0,0,0,0,0,30,83,0,113,28,0,28,141
12/14/2018,SUS,MO,ACE,CE,Towers with Radar,0,31,50,0,81,0,0,0,0,0,0,31,50,0,81,0,0,0,81
12/15/2018,SUS,MO,ACE,CE,Towers with Radar,0,19,31,0,50,0,2,68,2,72,0,21,99,2,122,74,0,74,196
12/16/2018,SUS,MO,ACE,CE,Towers with Radar,0,23,43,0,66,0,0,113,0,113,0,23,156,0,179,97,0,97,276
12/17/2018,SUS,MO,ACE,CE,Towers with Radar,0,28,62,4,94,0,0,98,0,98,0,28,160,4,192,152,0,152,344
12/18/2018,SUS,MO,ACE,CE,Towers with Radar,0,55,61,0,116,0,2,110,3,115,0,57,171,3,231,118,0,118,349
12/19/2018,SUS,MO,ACE,CE,Towers with Radar,0,52,85,3,140,0,0,76,0,76,0,52,161,3,216,102,0,102,318
12/20/2018,SUS,MO,ACE,CE,Towers with Radar,0,35,62,0,97,0,0,15,0,15,0,35,77,0,112,58,0,58,170
12/21/2018,SUS,MO,ACE,CE,Towers with Radar,0,27,51,0,78,0,0,47,0,47,0,27,98,0,125,90,0,90,215
12/22/2018,SUS,MO,ACE,CE,Towers with Radar,0,28,31,0,59,0,0,106,0,106,0,28,137,0,165,120,0,120,285
12/23/2018,SUS,MO,ACE,CE,Towers with Radar,0,29,32,0,61,0,0,64,0,64,0,29,96,0,125,41,0,41,166
12/24/2018,SUS,MO,ACE,CE,Towers with Radar,0,24,24,0,48,0,1,38,0,39,0,25,62,0,87,68,0,68,155
12/25/2018,SUS,MO,ACE,CE,Towers with Radar,0,25,10,0,35,0,0,19,0,19,0,25,29,0,54,0,0,0,54
12/26/2018,SUS,MO,ACE,CE,Towers with Radar,0,36,46,0,82,0,0,59,0,59,0,36,105,0,141,39,0,39,180
12/27/2018,SUS,MO,ACE,CE,Towers with Radar,0,35,41,0,76,0,0,7,0,7,0,35,48,0,83,0,0,0,83
12/28/2018,SUS,MO,ACE,CE,Towers with Radar,0,19,39,10,68,0,0,40,0,40,0,19,79,10,108,76,24,100,208
12/29/2018,SUS,MO,ACE,CE,Towers with Radar,0,14,33,0,47,0,0,96,0,96,0,14,129,0,143,200,0,200,343
12/30/2018,SUS,MO,ACE,CE,Towers with Radar,0,25,31,0,56,0,0,121,0,121,0,25,152,0,177,70,0,70,247
12/31/2018,SUS,MO,ACE,CE,Towers with Radar,0,18,12,0,30,0,0,1,0,1,0,18,13,0,31,0,0,0,31
01/01/2019,SUS,MO,ACE,CE,Towers with Radar,0,20,29,0,49,0,0,0,0,0,0,20,29,0,49,0,0,0,49
01/02/2019,SUS,MO,ACE,CE,Towers with Radar,0,20,47,0,67,0,0,14,0,14,0,20,61,0,81,42,0,42,123
01/03/2019,SUS,MO,ACE,CE,Towers with Radar,0,23,49,0,72,0,0,124,0,124,0,23,173,0,196,175,0,175,371
01/04/2019,SUS,MO,ACE,CE,Towers with Radar,0,22,49,10,81,0,0,99,0,99,0,22,148,10,180,150,0,150,330
01/05/2019,SUS,MO,ACE,CE,Towers with Radar,0,19,46,0,65,0,0,189,0,189,0,19,235,0,254,224,0,224,478
01/06/2019,SUS,MO,ACE,CE,Towers with Radar,0,34,45,0,79,0,0,116,0,116,0,34,161,0,195,138,0,138,333
01/07/2019,SUS,MO,ACE,CE,Towers with Radar,0,33,50,4,87,0,1,17,0,18,0,34,67,4,105,98,0,98,203
01/08/2019,SUS,MO,ACE,CE,Towers with Radar,0,17,52,2,71,0,0,33,0,33,0,17,85,2,104,80,0,80,184
01/09/2019,SUS,MO,ACE,CE,Towers with Radar,0,35,67,0,102,0,1,76,0,77,0,36,143,0,179,132,0,132,311
01/10/2019,SUS,MO,ACE,CE,Towers with Radar,0,27,71,0,98,0,4,125,0,129,0,31,196,0,227,146,0,146,373
01/11/2019,SUS,MO,ACE,CE,Towers with Radar,0,24,26,0,50,0,0,10,0,10,0,24,36,0,60,28,0,28,88
01/12/2019,SUS,MO,ACE,CE,Towers with Radar,0,9,6,0,15,0,0,0,0,0,0,9,6,0,15,0,0,0,15
01/13/2019,SUS,MO,ACE,CE,Towers with Radar,0,26,10,0,36,0,0,0,0,0,0,26,10,0,36,0,0,0,36
01/14/2019,SUS,MO,ACE,CE,Towers with Radar,0,24,36,0,60,0,0,17,0,17,0,24,53,0,77,90,0,90,167
01/15/2019,SUS,MO,ACE,CE,Towers with Radar,0,27,46,0,73,0,0,0,0,0,0,27,46,0,73,0,0,0,73
01/16/2019,SUS,MO,ACE,CE,Towers with Radar,0,27,27,0,54,0,0,0,0,0,0,27,27,0,54,0,0,0,54
01/17/2019,SUS,MO,ACE,CE,Towers with Radar,0,35,40,0,75,0,0,0,0,0,0,35,40,0,75,0,0,0,75
01/18/2019,SUS,MO,ACE,CE,Towers with Radar,0,38,68,0,106,0,0,0,0,0,0,38,68,0,106,0,0,0,106
01/19/2019,SUS,MO,ACE,CE,Towers with Radar,0,9,5,0,14,0,0,2,0,2,0,9,7,0,16,0,0,0,16
01/20/2019,SUS,MO,ACE,CE,Towers with Radar,0,24,25,0,49,0,0,39,0,39,0,24,64,0,88,74,0,74,162
01/21/2019,SUS,MO,ACE,CE,Towers with Radar,0,24,53,0,77,0,0,60,0,60,0,24,113,0,137,118,0,118,255
01/22/2019,SUS,MO,ACE,CE,Towers with Radar,0,34,33,0,67,0,0,8,0,8,0,34,41,0,75,8,0,8,83
01/23/2019,SUS,MO,ACE,CE,Towers with Radar,0,34,47,1,82,0,0,46,2,48,0,34,93,3,130,218,0,218,348
01/24/2019,SUS,MO,ACE,CE,Towers with Radar,1,37,64,0,102,0,1,61,0,62,1,38,125,0,164,114,0,114,278
01/25/2019,SUS,MO,ACE,CE,Towers with Radar,0,26,52,2,80,0,0,76,0,76,0,26,128,2,156,155,0,155,311
01/26/2019,SUS,MO,ACE,CE,Towers with Radar,0,19,27,0,46,0,0,59,0,59,0,19,86,0,105,80,0,80,185
01/27/2019,SUS,MO,ACE,CE,Towers with Radar,0,34,49,0,83,0,0,84,0,84,0,34,133,0,167,168,0,168,335
01/28/2019,SUS,MO,ACE,CE,Towers with Radar,0,16,25,0,41,0,0,15,3,18,0,16,40,3,59,94,0,94,153
01/29/2019,SUS,MO,ACE,CE,Towers with Radar,0,46,48,2,96,0,0,52,3,55,0,46,100,5,151,44,0,44,195
01/30/2019,SUS,MO,ACE,CE,Towers with Radar,0,32,52,0,84,0,0,42,0,42,0,32,94,0,126,128,0,128,254
01/31/2019,SUS,MO,ACE,CE,Towers with Radar,0,23,68,0,91,0,2,60,0,62,0,25,128,0,153,166,0,166,319
02/01/2019,SUS,MO,ACE,CE,Towers with Radar,0,25,67,1,93,0,3,113,0,116,0,28,180,1,209,238,0,238,447
02/02/2019,SUS,MO,ACE,CE,Towers with Radar,0,22,36,3,61,0,0,95,0,95,0,22,131,3,156,137,10,147,303
02/03/2019,SUS,MO,ACE,CE,Towers with Radar,0,35,72,0,107,0,0,78,0,78,0,35,150,0,185,165,0,165,350
02/04/2019,SUS,MO,ACE,CE,Towers with Radar,2,34,73,3,112,0,0,34,2,36,2,34,107,5,148,62,2,64,212
02/05/2019,SUS,MO,ACE,CE,Towers with Radar,0,39,56,0,95,0,0,17,0,17,0,39,73,0,112,136,0,136,248
02/06/2019,SUS,MO,ACE,CE,Towers with Radar,0,22,47,0,69,0,0,0,0,0,0,22,47,0,69,0,0,0,69
02/07/2019,SUS,MO,ACE,CE,Towers with Radar,0,30,30,0,60,0,0,22,0,22,0,30,52,0,82,76,0,76,158
02/08/2019,SUS,MO,ACE,CE,Towers with Radar,0,32,69,0,101,0,3,87,3,93,0,35,156,3,194,231,0,231,425
02/09/2019,SUS,MO,ACE,CE,Towers with Radar,0,25,41,9,75,0,1,103,4,108,0,26,144,13,183,184,0,184,367
02/10/2019,SUS,MO,ACE,CE,Towers with Radar,0,30,23,0,53,0,0,0,0,0,0,30,23,0,53,0,0,0,53
02/11/2019,SUS,MO,ACE,CE,Towers with Radar,0,35,37,0,72,0,0,0,0,0,0,35,37,0,72,0,0,0,72
02/12/2019,SUS,MO,ACE,CE,Towers with Radar,0,28,51,1,80,0,0,45,0,45,0,28,96,1,125,152,0,152,277
02/13/2019,SUS,MO,ACE,CE,Towers with Radar,0,30,66,0,96,0,9,137,1,147,0,39,203,1,243,229,0,229,472
02/14/2019,SUS,MO,ACE,CE,Towers with Radar,0,45,77,0,122,0,0,62,0,62,0,45,139,0,184,58,0,58,242
02/15/2019,SUS,MO,ACE,CE,Towers with Radar,0,22,46,0,68,0,0,23,0,23,0,22,69,0,91,44,0,44,135
02/16/2019,SUS,MO,ACE,CE,Towers with Radar,0,11,32,4,47,0,0,107,4,111,0,11,139,8,158,110,0,110,268
02/17/2019,SUS,MO,ACE,CE,Towers with Radar,0,35,32,0,67,0,0,19,0,19,0,35,51,0,86,18,0,18,104
02/18/2019,SUS,MO,ACE,CE,Towers with Radar,2,36,66,0,104,0,2,63,0,65,2,38,129,0,169,207,0,207,376
02/19/2019,SUS,MO,ACE,CE,Towers with Radar,1,50,54,2,107,0,0,72,0,72,1,50,126,2,179,106,0,106,285
02/20/2019,SUS,MO,ACE,CE,Towers with Radar,1,32,47,0,80,0,0,57,3,60,1,32,104,3,140,172,0,172,312
02/21/2019,SUS,MO,ACE,CE,Towers with Radar,0,31,82,5,118,0,8,126,2,136,0,39,208,7,254,153,0,153,407
02/22/2019,SUS,MO,ACE,CE,Towers with Radar,0,19,60,15,94,0,0,63,0,63,0,19,123,15,157,108,0,108,265
02/23/2019,SUS,MO,ACE,CE,Towers with Radar,0,16,14,0,30,0,0,10,0,10,0,16,24,0,40,22,0,22,62
02/24/2019,SUS,MO,ACE,CE,Towers with Radar,0,28,46,2,76,0,0,40,0,40,0,28,86,2,116,68,0,68,184
02/25/2019,SUS,MO,ACE,CE,Towers with Radar,0,32,69,2,103,0,4,121,1,126,0,36,190,3,229,146,0,146,375
02/26/2019,SUS,MO,ACE,CE,Towers with Radar,0,29,59,7,95,0,0,152,8,160,0,29,211,15,255,138,0,138,393
02/27/2019,SUS,MO,ACE,CE,Towers with Radar,1,51,77,1,130,0,1,50,0,51,1,52,127,1,181,212,0,212,393
02/28/2019,SUS,MO,ACE,CE,Towers with Radar,4,37,45,0,86,0,0,26,0,26,4,37,71,0,112,71,0,71,183
03/01/2019,SUS,MO,ACE,CE,Towers with Radar,0,24,69,6,99,0,0,65,0,65,0,24,134,6,164,178,0,178,342
03/02/2019,SUS,MO,ACE,CE,Towers with Radar,0,30,26,2,58,0,4,67,1,72,0,34,93,3,130,142,0,142,272
03/03/2019,SUS,MO,ACE,CE,Towers with Radar,0,27,19,0,46,0,0,9,0,9,0,27,28,0,55,14,0,14,69
03/04/2019,SUS,MO,ACE,CE,Towers with Radar,0,30,50,2,82,0,8,56,0,64,0,38,106,2,146,68,0,68,214
03/05/2019,SUS,MO,ACE,CE,Towers with Radar,0,35,50,2,87,0,4,65,0,69,0,39,115,2,156,132,0,132,288
03/06/2019,SUS,MO,ACE,CE,Towers with Radar,0,43,94,3,140,0,5,134,4,143,0,48,228,7,283,172,34,206,489
03/07/2019,SUS,MO,ACE,CE,Towers with Radar,0,30,53,2,85,0,1,70,2,73,0,31,123,4,158,94,0,94,252
03/08/2019,SUS,MO,ACE,CE,Towers with Radar,0,36,52,0,88,0,0,43,0,43,0,36,95,0,131,82,0,82,213
03/09/2019,SUS,MO,ACE,CE,Towers with Radar,0,21,16,0,37,0,0,5,0,5,0,21,21,0,42,18,0,18,60
03/10/2019,SUS,MO,ACE,CE,Towers with Radar,0,29,50,1,80,0,0,85,0,85,0,29,135,1,165,216,0,216,381
03/11/2019,SUS,MO,ACE,CE,Towers with Radar,0,34,61,0,95,0,1,99,1,101,0,35,160,1,196,60,0,60,256
03/12/2019,SUS,MO,ACE,CE,Towers with Radar,0,30,42,0,72,0,0,100,0,100,0,30,142,0,172,88,0,88,260
03/13/2019,SUS,MO,ACE,CE,Towers with Radar,0,35,43,0,78,0,0,17,0,17,0,35,60,0,95,52,0,52,147
03/14/2019,SUS,MO,ACE,CE,Towers with Radar,0,31,41,0,72,0,0,3,0,3,0,31,44,0,75,2,0,2,77
03/15/2019,SUS,MO,ACE,CE,Towers with Radar,0,39,80,2,121,0,0,70,6,76,0,39,150,8,197,58,12,70,267
03/16/2019,SUS,MO,ACE,CE,Towers with Radar,0,27,60,6,93,0,0,149,9,158,0,27,209,15,251,144,26,170,421
03/17/2019,SUS,MO,ACE,CE,Towers with Radar,0,33,45,2,80,0,0,87,5,92,0,33,132,7,172,119,0,119,291
03/18/2019,SUS,MO,ACE,CE,Towers with Radar,0,31,55,5,91,0,12,165,3,180,0,43,220,8,271,220,0,220,491
03/19/2019,SUS,MO,ACE,CE,Towers with Radar,0,37,60,0,97,0,0,126,4,130,0,37,186,4,227,118,0,118,345
03/20/2019,SUS,MO,ACE,CE,Towers with Radar,0,41,65,0,106,0,2,86,2,90,0,43,151,2,196,79,0,79,275
03/21/2019,SUS,MO,ACE,CE,Towers with Radar,0,28,65,2,95,0,4,105,4,113,0,32,170,6,208,88,0,88,296
03/22/2019,SUS,MO,ACE,CE,Towers with Radar,0,20,63,9,92,0,1,183,2,186,0,21,246,11,278,181,0,181,459
03/23/2019,SUS,MO,ACE,CE,Towers with Radar,0,24,42,4,70,0,1,140,0,141,0,25,182,4,211,140,0,140,351
03/24/2019,SUS,MO,ACE,CE,Towers with Radar,0,49,47,2,98,0,1,53,1,55,0,50,100,3,153,148,0,148,301
03/25/2019,SUS,MO,ACE,CE,Towers with Radar,0,37,59,2,98,0,1,52,0,53,0,38,111,2,151,102,0,102,253
03/26/2019,SUS,MO,ACE,CE,Towers with Radar,0,30,66,2,98,0,2,175,0,177,0,32,241,2,275,140,0,140,415
03/27/2019,SUS,MO,ACE,CE,Towers with Radar,0,26,78,1,105,0,6,122,7,135,0,32,200,8,240,127,6,133,373
03/28/2019,SUS,MO,ACE,CE,Towers with Radar,0,24,45,2,71,0,0,41,0,41,0,24,86,2,112,76,0,76,188
03/29/2019,SUS,MO,ACE,CE,Towers with Radar,0,20,47,1,68,0,0,39,0,39,0,20,86,1,107,131,0,131,238
03/30/2019,SUS,MO,ACE,CE,Towers with Radar,2,24,24,0,50,0,0,13,0,13,2,24,37,0,63,12,0,12,75
03/31/2019,SUS,MO,ACE,CE,Towers with Radar,0,34,66,0,100,0,2,166,4,172,0,36,232,4,272,140,0,140,412
04/01/2019,SUS,MO,ACE,CE,Towers with Radar,0,27,59,0,86,0,8,118,0,126,0,35,177,0,212,142,0,142,354
04/02/2019,SUS,MO,ACE,CE,Towers with Radar,0,28,49,0,77,0,2,101,5,108,0,30,150,5,185,142,0,142,327
04/03/2019,SUS,MO,ACE,CE,Towers with Radar,0,36,75,0,111,0,4,125,11,140,0,40,200,11,251,140,0,140,391
04/04/2019,SUS,MO,ACE,CE,Towers with Radar,0,46,66,0,112,0,0,0,0,0,0,46,66,0,112,0,0,0,112
04/05/2019,SUS,MO,ACE,CE,Towers with Radar,0,32,58,13,103,0,0,42,0,42,0,32,100,13,145,114,4,118,263
04/06/2019,SUS,MO,ACE,CE,Towers with Radar,0,8,38,3,49,0,0,125,0,125,0,8,163,3,174,154,0,154,328
04/07/2019,SUS,MO,ACE,CE,Towers with Radar,0,27,26,7,60,0,0,49,3,52,0,27,75,10,112,72,0,72,184
04/08/2019,SUS,MO,ACE,CE,Towers with Radar,0,29,68,3,100,0,2,98,0,100,0,31,166,3,200,182,0,182,382
04/09/2019,SUS,MO,ACE,CE,Towers with Radar,0,31,65,1,97,0,1,161,3,165,0,32,226,4,262,234,0,234,496
04/10/2019,SUS,MO,ACE,CE,Towers with Radar,0,37,67,0,104,0,0,64,6,70,0,37,131,6,174,134,0,134,308
04/11/2019,SUS,MO,ACE,CE,Towers with Radar,0,41,47,0,88,0,0,17,0,17,0,41,64,0,105,34,0,34,139
04/12/2019,SUS,MO,ACE,CE,Towers with Radar,0,48,75,3,126,0,0,94,5,99,0,48,169,8,225,186,6,192,417
04/13/2019,SUS,MO,ACE,CE,Towers with Radar,0,15,44,2,61,0,2,123,0,125,0,17,167,2,186,166,0,166,352
04/14/2019,SUS,MO,ACE,CE,Towers with Radar,0,34,46,0,80,0,0,21,0,21,0,34,67,0,101,62,0,62,163
04/15/2019,SUS,MO,ACE,CE,Towers with Radar,0,40,60,0,100,0,4,113,1,118,0,44,173,1,218,222,0,222,440
04/16/2019,SUS,MO,ACE,CE,Towers with Radar,0,24,76,0,100,0,3,116,0,119,0,27,192,0,219,118,0,118,337
04/17/2019,SUS,MO,ACE,CE,Towers with Radar,0,45,82,2,129,0,1,90,0,91,0,46,172,2,220,108,0,108,328
04/18/2019,SUS,MO,ACE,CE,Towers with Radar,2,34,66,0,102,0,0,13,0,13,2,34,79,0,115,38,0,38,153
04/19/2019,SUS,MO,ACE,CE,Towers with Radar,0,16,44,2,62,0,0,32,0,32,0,16,76,2,94,77,0,77,171
04/20/2019,SUS,MO,ACE,CE,Towers with Radar,0,12,35,5,52,0,0,122,4,126,0,12,157,9,178,105,4,109,287
04/21/2019,SUS,MO,ACE,CE,Towers with Radar,0,19,28,4,51,0,1,79,0,80,0,20,107,4,131,183,0,183,314
04/22/2019,SUS,MO,ACE,CE,Towers with Radar,0,38,66,1,105,0,8,115,0,123,0,46,181,1,228,146,0,146,374
04/23/2019,SUS,MO,ACE,CE,Towers with Radar,0,38,82,0,120,0,0,52,0,52,0,38,134,0,172,184,0,184,356
04/24/2019,SUS,MO,ACE,CE,Towers with Radar,0,37,70,0,107,0,0,1,0,1,0,37,71,0,108,0,0,0,108
04/25/2019,SUS,MO,ACE,CE,Towers with Radar,0,39,83,5,127,0,0,20,0,20,0,39,103,5,147,28,0,28,175
04/26/2019,SUS,MO,ACE,CE,Towers with Radar,0,37,72,1,110,0,3,94,0,97,0,40,166,1,207,128,0,128,335
04/27/2019,SUS,MO,ACE,CE,Towers with Radar,0,10,20,4,34,0,0,24,0,24,0,10,44,4,58,38,0,38,96
04/28/2019,SUS,MO,ACE,CE,Towers with Radar,0,30,49,0,79,0,0,103,3,106,0,30,152,3,185,150,0,150,335
04/29/2019,SUS,MO,ACE,CE,Towers with Radar,0,41,92,0,133,0,0,70,8,78,0,41,162,8,211,136,0,136,347
04/30/2019,SUS,MO,ACE,CE,Towers with Radar,0,31,67,0,98,0,0,29,2,31,0,31,96,2,129,46,0,46,175
05/01/2019,SUS,MO,ACE,CE,Towers with Radar,0,38,87,0,125,0,0,97,0,97,0,38,184,0,222,154,0,154,376
05/02/2019,SUS,MO,ACE,CE,Towers with Radar,1,41,68,0,110,0,0,7,0,7,1,41,75,0,117,20,0,20,137
05/03/2019,SUS,MO,ACE,CE,Towers with Radar,0,32,91,4,127,0,0,47,0,47,0,32,138,4,174,78,0,78,252
05/04/2019,SUS,MO,ACE,CE,Towers with Radar,2,23,34,5,64,0,0,108,0,108,2,23,142,5,172,202,0,202,374
05/05/2019,SUS,MO,ACE,CE,Towers with Radar,0,38,55,0,93,0,2,132,2,136,0,40,187,2,229,92,0,92,321
05/06/2019,SUS,MO,ACE,CE,Towers with Radar,0,36,84,2,122,0,0,90,5,95,0,36,174,7,217,122,0,122,339
05/07/2019,SUS,MO,ACE,CE,Towers with Radar,0,31,72,0,103,0,0,95,1,96,0,31,167,1,199,106,0,106,305
05/08/2019,SUS,MO,ACE,CE,Towers with Radar,0,39,48,0,87,0,0,57,4,61,0,39,105,4,148,114,0,114,262
05/09/2019,SUS,MO,ACE,CE,Towers with Radar,0,45,80,0,125,0,0,31,6,37,0,45,111,6,162,90,0,90,252
05/10/2019,SUS,MO,ACE,CE,Towers with Radar,0,35,65,10,110,0,0,133,1,134,0,35,198,11,244,148,4,152,396
05/11/2019,SUS,MO,ACE,CE,Towers with Radar,0,18,41,7,66,0,0,10,1,11,0,18,51,8,77,6,0,6,83
05/12/2019,SUS,MO,ACE,CE,Towers with Radar,0,19,37,5,61,0,0,35,1,36,0,19,72,6,97,94,0,94,191
05/13/2019,SUS,MO,ACE,CE,Towers with Radar,0,22,71,0,93,0,2,112,0,114,0,24,183,0,207,113,0,113,320
05/14/2019,SUS,MO,ACE,CE,Towers with Radar,0,22,57,0,79,0,0,110,0,110,0,22,167,0,189,40,0,40,229
05/15/2019,SUS,MO,ACE,CE,Towers with Radar,0,29,77,0,106,0,0,89,3,92,0,29,166,3,198,70,0,70,268
05/16/2019,SUS,MO,ACE,CE,Towers with Radar,0,25,80,0,105,0,0,87,2,89,0,25,167,2,194,44,0,44,238
05/17/2019,SUS,MO,ACE,CE,Towers with Radar,0,28,74,4,106,0,0,120,0,120,0,28,194,4,226,140,0,140,366
05/18/2019,SUS,MO,ACE,CE,Towers with Radar,0,21,42,0,63,0,2,59,0,61,0,23,101,0,124,94,0,94,218
05/19/2019,SUS,MO,ACE,CE,Towers with Radar,0,31,56,0,87,0,2,47,0,49,0,33,103,0,136,106,0,106,242
05/20/2019,SUS,MO,ACE,CE,Towers with Radar,0,23,77,2,102,0,1,122,0,123,0,24,199,2,225,102,0,102,327
05/21/2019,SUS,MO,ACE,CE,Towers with Radar,0,24,61,0,85,0,0,10,0,10,0,24,71,0,95,73,0,73,168
05/22/2019,SUS,MO,ACE,CE,Towers with Radar,0,32,68,0,100,0,1,101,0,102,0,33,169,0,202,108,0,108,310
05/23/2019,SUS,MO,ACE,CE,Towers with Radar,0,39,59,2,100,0,0,89,0,89,0,39,148,2,189,174,0,174,363
05/24/2019,SUS,MO,ACE,CE,Towers with Radar,0,24,84,8,116,0,0,126,4,130,0,24,210,12,246,134,2,136,382
05/25/2019,SUS,MO,ACE,CE,Towers with Radar,0,10,22,0,32,0,3,121,0,124,0,13,143,0,156,106,0,106,262
05/26/2019,SUS,MO,ACE,CE,Towers with Radar,1,33,33,0,67,0,0,85,0,85,1,33,118,0,152,71,0,71,223
05/27/2019,SUS,MO,ACE,CE,Towers with Radar,0,14,51,0,65,0,0,72,0,72,0,14,123,0,137,36,0,36,173
05/28/2019,SUS,MO,ACE,CE,Towers with Radar,0,30,75,0,105,0,2,79,0,81,0,32,154,0,186,64,0,64,250
05/29/2019,SUS,MO,ACE,CE,Towers with Radar,0,47,53,0,100,0,0,33,1,34,0,47,86,1,134,20,0,20,154
05/30/2019,SUS,MO,ACE,CE,Towers with Radar,0,24,70,0,94,0,6,108,0,114,0,30,178,0,208,84,0,84,292
05/31/2019,SUS,MO,ACE,CE,Towers with Radar,0,26,67,5,98,0,1,175,0,176,0,27,242,5,274,238,0,238,512
06/01/2019,SUS,MO,ACE,CE,Towers with Radar,0,22,57,0,79,0,3,133,0,136,0,25,190,0,215,80,0,80,295
06/02/2019,SUS,MO,ACE,CE,Towers with Radar,0,34,58,5,97,0,3,120,4,127,0,37,178,9,224,128,0,128,352
06/03/2019,SUS,MO,ACE,CE,Towers with Radar,0,25,73,0,98,0,0,90,0,90,0,25,163,0,188,104,0,104,292
06/04/2019,SUS,MO,ACE,CE,Towers with Radar,0,50,47,2,99,0,0,76,0,76,0,50,123,2,175,106,0,106,281
06/05/2019,SUS,MO,ACE,CE,Towers with Radar,0,47,59,0,106,0,0,102,0,102,0,47,161,0,208,111,0,111,319
06/06/2019,SUS,MO,ACE,CE,Towers with Radar,0,45,63,2,110,0,0,119,3,122,0,45,182,5,232,130,0,130,362
06/07/2019,SUS,MO,ACE,CE,Towers with Radar,0,34,73,3,110,0,0,99,2,101,0,34,172,5,211,158,0,158,369
06/08/2019,SUS,MO,ACE,CE,Towers with Radar,0,19,47,0,66,0,0,85,1,86,0,19,132,1,152,158,0,158,310
06/09/2019,SUS,MO,ACE,CE,Towers with Radar,0,33,86,1,120,0,0,78,0,78,0,33,164,1,198,132,0,132,330
06/10/2019,SUS,MO,ACE,CE,Towers with Radar,0,28,67,0,95,0,2,102,0,104,0,30,169,0,199,110,0,110,309
06/11/2019,SUS,MO,ACE,CE,Towers with Radar,0,22,71,0,93,0,5,171,0,176,0,27,242,0,269,125,0,125,394
06/12/2019,SUS,MO,ACE,CE,Towers with Radar,0,55,74,0,129,0,3,40,0,43,0,58,114,0,172,143,0,143,315
06/13/2019,SUS,MO,ACE,CE,Towers with Radar,0,27,75,2,104,0,7,146,2,155,0,34,221,4,259,92,0,92,351
06/14/2019,SUS,MO,ACE,CE,Towers with Radar,0,34,77,2,113,0,5,101,3,109,0,39,178,5,222,174,0,174,396
06/15/2019,SUS,MO,ACE,CE,Towers with Radar,0,16,19,1,36,0,1,71,0,72,0,17,90,1,108,170,0,170,278
06/16/2019,SUS,MO,ACE,CE,Towers with Radar,0,31,45,2,78,0,2,64,0,66,0,33,109,2,144,150,0,150,294
06/17/2019,SUS,MO,ACE,CE,Towers with Radar,0,28,52,0,80,0,0,0,0,0,0,28,52,0,80,0,0,0,80
06/18/2019,SUS,MO,ACE,CE,Towers with Radar,0,44,72,0,116,0,1,97,1,99,0,45,169,1,215,134,0,134,349
06/19/2019,SUS,MO,ACE,CE,Towers with Radar,0,41,55,2,98,0,2,62,0,64,0,43,117,2,162,202,0,202,364
06/20/2019,SUS,MO,ACE,CE,Towers with Radar,0,29,83,1,113,0,7,129,5,141,0,36,212,6,254,222,0,222,476
06/21/2019,SUS,MO,ACE,CE,Towers with Radar,0,28,58,3,89,0,0,38,0,38,0,28,96,3,127,74,0,74,201
06/22/2019,SUS,MO,ACE,CE,Towers with Radar,0,14,27,1,42,0,0,57,0,57,0,14,84,1,99,124,0,124,223
06/23/2019,SUS,MO,ACE,CE,Towers with Radar,0,32,36,0,68,0,0,35,0,35,0,32,71,0,103,134,0,134,237
06/24/2019,SUS,MO,ACE,CE,Towers with Radar,0,32,88,0,120,0,1,90,7,98,0,33,178,7,218,186,0,186,404
06/25/2019,SUS,MO,ACE,CE,Towers with Radar,0,22,78,0,100,0,6,145,2,153,0,28,223,2,253,129,0,129,382
06/26/2019,SUS,MO,ACE,CE,Towers with Radar,0,27,61,0,88,0,1,103,0,104,0,28,164,0,192,159,0,159,351
06/27/2019,SUS,MO,ACE,CE,Towers with Radar,0,34,89,0,123,0,6,120,0,126,0,40,209,0,249,172,0,172,421
06/28/2019,SUS,MO,ACE,CE,Towers with Radar,0,38,84,2,124,0,2,122,0,124,0,40,206,2,248,178,0,178,426
06/29/2019,SUS,MO,ACE,CE,Towers with Radar,0,13,39,3,55,0,0,172,0,172,0,13,211,3,227,194,12,206,433
06/30/2019,SUS,MO,ACE,CE,Towers with Radar,0,58,64,4,126,0,1,147,0,148,0,59,211,4,274,92,0,92,366
07/01/2019,SUS,MO,ACE,CE,Towers with Radar,0,22,43,2,67,0,0,107,0,107,0,22,150,2,174,134,0,134,308
07/02/2019,SUS,MO,ACE,CE,Towers with Radar,0,29,46,12,87,0,0,133,4,137,0,29,179,16,224,234,0,234,458
07/03/2019,SUS,MO,ACE,CE,Towers with Radar,0,24,38,0,62,0,0,108,0,108,0,24,146,0,170,168,0,168,338
07/04/2019,SUS,MO,ACE,CE,Towers with Radar,0,8,20,0,28,0,0,78,0,78,0,8,98,0,106,100,0,100,206
07/05/2019,SUS,MO,ACE,CE,Towers with Radar,0,13,31,0,44,0,0,80,0,80,0,13,111,0,124,106,0,106,230
07/06/2019,SUS,MO,ACE,CE,Towers with Radar,0,18,46,0,64,0,0,44,0,44,0,18,90,0,108,60,0,60,168
07/07/2019,SUS,MO,ACE,CE,Towers with Radar,0,35,80,0,115,0,0,55,0,55,0,35,135,0,170,72,0,72,242
07/08/2019,SUS,MO,ACE,CE,Towers with Radar,0,25,46,11,82,0,0,97,1,98,0,25,143,12,180,142,12,154,334
07/09/2019,SUS,MO,ACE,CE,Towers with Radar,0,34,88,0,122,0,2,109,0,111,0,36,197,0,233,185,0,185,418
07/10/2019,SUS,MO,ACE,CE,Towers with Radar,0,28,63,0,91,0,2,64,6,72,0,30,127,6,163,16,0,16,179
07/11/2019,SUS,MO,ACE,CE,Towers with Radar,0,28,79,6,113,0,9,153,0,162,0,37,232,6,275,117,0,117,392
07/12/2019,SUS,MO,ACE,CE,Towers with Radar,0,36,93,8,137,0,2,158,2,162,0,38,251,10,299,100,0,100,399
07/13/2019,SUS,MO,ACE,CE,Towers with Radar,0,22,55,3,80,0,2,165,2,169,0,24,220,5,249,140,4,144,393
07/14/2019,SUS,MO,ACE,CE,Towers with Radar,0,31,71,2,104,0,0,143,0,143,0,31,214,2,247,146,0,146,393
07/15/2019,SUS,MO,ACE,CE,Towers with Radar,0,25,71,0,96,0,0,11,0,11,0,25,82,0,107,10,0,10,117
07/16/2019,SUS,MO,ACE,CE,Towers with Radar,0,38,70,1,109,0,0,48,1,49,0,38,118,2,158,188,0,188,346
07/17/2019,SUS,MO,ACE,CE,Towers with Radar,0,34,85,2,121,0,2,92,4,98,0,36,177,6,219,191,2,193,412
07/18/2019,SUS,MO,ACE,CE,Towers with Radar,0,38,87,4,129,0,0,112,0,112,0,38,199,4,241,136,0,136,377
07/19/2019,SUS,MO,ACE,CE,Towers with Radar,0,24,87,6,117,0,3,117,0,120,0,27,204,6,237,104,0,104,341
07/20/2019,SUS,MO,ACE,CE,Towers with Radar,0,19,60,10,89,0,0,83,5,88,0,19,143,15,177,84,12,96,273
07/21/2019,SUS,MO,ACE,CE,Towers with Radar,0,44,60,0,104,0,0,67,1,68,0,44,127,1,172,44,0,44,216
07/22/2019,SUS,MO,ACE,CE,Towers with Radar,0,22,62,1,85,0,1,64,0,65,0,23,126,1,150,50,0,50,200
07/23/2019,SUS,MO,ACE,CE,Towers with Radar,0,41,95,0,136,0,1,134,9,144,0,42,229,9,280,116,0,116,396
07/24/2019,SUS,MO,ACE,CE,Towers with Radar,0,41,65,1,107,0,9,139,1,149,0,50,204,2,256,119,0,119,375
07/25/2019,SUS,MO,ACE,CE,Towers with Radar,0,30,101,0,131,0,9,123,0,132,0,39,224,0,263,170,0,170,433
07/26/2019,SUS,MO,ACE,CE,Towers with Radar,0,40,55,1,96,0,6,109,0,115,0,46,164,1,211,96,0,96,307
07/27/2019,SUS,MO,ACE,CE,Towers with Radar,0,9,41,1,51,0,1,120,1,122,0,10,161,2,173,182,0,182,355
07/28/2019,SUS,MO,ACE,CE,Towers with Radar,0,30,55,1,86,0,0,97,0,97,0,30,152,1,183,36,0,36,219
07/29/2019,SUS,MO,ACE,CE,Towers with Radar,0,21,68,0,89,0,0,51,0,51,0,21,119,0,140,50,0,50,190
07/30/2019,SUS,MO,ACE,CE,Towers with Radar,0,32,48,4,84,0,5,146,0,151,0,37,194,4,235,196,0,196,431
07/31/2019,SUS,MO,ACE,CE,Towers with Radar,0,37,89,1,127,0,1,113,6,120,0,38,202,7,247,166,10,176,423
08/01/2019,SUS,MO,ACE,CE,Towers with Radar,0,34,76,12,122,0,1,113,3,117,0,35,189,15,239,108,18,126,365
08/02/2019,SUS,MO,ACE,CE,Towers with Radar,0,16,66,3,85,0,4,135,5,144,0,20,201,8,229,203,8,211,440
08/03/2019,SUS,MO,ACE,CE,Towers with Radar,0,10,25,0,35,0,4,116,0,120,0,14,141,0,155,211,0,211,366
08/04/2019,SUS,MO,ACE,CE,Towers with Radar,0,37,43,2,82,0,0,108,0,108,0,37,151,2,190,78,0,78,268
08/05/2019,SUS,MO,ACE,CE,Towers with Radar,0,30,74,7,111,0,6,92,1,99,0,36,166,8,210,142,16,158,368
08/06/2019,SUS,MO,ACE,CE,Towers with Radar,0,31,67,5,103,0,2,82,4,88,0,33,149,9,191,195,4,199,390
08/07/2019,SUS,MO,ACE,CE,Towers with Radar,0,45,85,3,133,0,2,120,2,124,0,47,205,5,257,164,18,182,439
08/08/2019,SUS,MO,ACE,CE,Towers with Radar,0,36,60,3,99,0,0,105,4,109,0,36,165,7,208,186,6,192,400
08/09/2019,SUS,MO,ACE,CE,Towers with Radar,0,24,60,5,89,0,4,128,0,132,0,28,188,5,221,133,0,133,354
08/10/2019,SUS,MO,ACE,CE,Towers with Radar,0,17,63,1,81,0,0,117,0,117,0,17,180,1,198,169,0,169,367
08/11/2019,SUS,MO,ACE,CE,Towers with Radar,0,26,59,1,86,0,0,54,0,54,0,26,113,1,140,106,0,106,246
08/12/2019,SUS,MO,ACE,CE,Towers with Radar,0,28,70,1,99,0,1,41,0,42,0,29,111,1,141,68,0,68,209
08/13/2019,SUS,MO,ACE,CE,Towers with Radar,0,36,56,2,94,0,1,112,2,115,0,37,168,4,209,176,0,176,385
08/14/2019,SUS,MO,ACE,CE,Towers with Radar,0,39,90,0,129,0,3,138,0,141,0,42,228,0,270,162,0,162,432
08/15/2019,SUS,MO,ACE,CE,Towers with Radar,0,20,94,0,114,0,2,126,0,128,0,22,220,0,242,174,0,174,416
08/16/2019,SUS,MO,ACE,CE,Towers with Radar,0,21,61,1,83,0,0,101,2,103,0,21,162,3,186,171,0,171,357
08/17/2019,SUS,MO,ACE,CE,Towers with Radar,0,11,43,4,58,0,0,67,0,67,0,11,110,4,125,178,0,178,303
08/18/2019,SUS,MO,ACE,CE,Towers with Radar,0,38,70,4,112,0,0,95,0,95,0,38,165,4,207,210,0,210,417
08/19/2019,SUS,MO,ACE,CE,Towers with Radar,0,38,58,0,96,0,0,107,0,107,0,38,165,0,203,174,0,174,377
08/20/2019,SUS,MO,ACE,CE,Towers with Radar,0,41,66,0,107,0,1,73,0,74,0,42,139,0,181,146,0,146,327
08/21/2019,SUS,MO,ACE,CE,Towers with Radar,0,31,79,0,110,0,2,76,0,78,0,33,155,0,188,112,0,112,300
08/22/2019,SUS,MO,ACE,CE,Towers with Radar,0,34,76,0,110,0,0,54,0,54,0,34,130,0,164,144,0,144,308
08/23/2019,SUS,MO,ACE,CE,Towers with Radar,2,29,75,10,116,0,0,98,2,100,2,29,173,12,216,155,0,155,371
08/24/2019,SUS,MO,ACE,CE,Towers with Radar,0,16,33,0,49,0,4,90,0,94,0,20,123,0,143,112,0,112,255
08/25/2019,SUS,MO,ACE,CE,Towers with Radar,0,31,51,2,84,0,0,19,0,19,0,31,70,2,103,28,0,28,131
08/26/2019,SUS,MO,ACE,CE,Towers with Radar,0,33,64,4,101,0,1,48,0,49,0,34,112,4,150,108,0,108,258
08/27/2019,SUS,MO,ACE,CE,Towers with Radar,0,34,68,0,102,0,3,97,0,100,0,37,165,0,202,128,0,128,330
08/28/2019,SUS,MO,ACE,CE,Towers with Radar,3,35,74,3,115,0,12,130,0,142,3,47,204,3,257,124,0,124,381
08/29/2019,SUS,MO,ACE,CE,Towers with Radar,0,42,95,0,137,0,0,110,0,110,0,42,205,0,247,98,0,98,345
08/30/2019,SUS,MO,ACE,CE,Towers with Radar,0,33,68,4,105,0,0,46,2,48,0,33,114,6,153,66,0,66,219
08/31/2019,SUS,MO,ACE,CE,Towers with Radar,0,21,45,4,70,0,0,61,0,61,0,21,106,4,131,179,0,179,310
09/01/2019,SUS,MO,ACE,CE,Towers with Radar,0,12,34,4,50,0,0,47,0,47,0,12,81,4,97,126,0,126,223
09/02/2019,SUS,MO,ACE,CE,Towers with Radar,0,33,72,2,107,0,0,76,0,76,0,33,148,2,183,12,0,12,195
09/03/2019,SUS,MO,ACE,CE,Towers with Radar,0,36,58,0,94,0,2,86,0,88,0,38,144,0,182,2,0,2,184
09/04/2019,SUS,MO,ACE,CE,Towers with Radar,2,37,61,6,106,0,0,102,8,110,2,37,163,14,216,12,2,14,230
09/05/2019,SUS,MO,ACE,CE,Towers with Radar,1,30,58,5,94,0,3,91,29,123,1,33,149,34,217,0,0,0,217
09/06/2019,SUS,MO,ACE,CE,Towers with Radar,0,15,30,8,53,0,11,115,15,141,0,26,145,23,194,22,36,58,252
09/07/2019,SUS,MO,ACE,CE,Towers with Radar,0,12,38,2,52,0,16,137,26,179,0,28,175,28,231,2,0,2,233
09/08/2019,SUS,MO,ACE,CE,Towers with Radar,0,14,27,7,48,0,8,50,22,80,0,22,77,29,128,16,0,16,144
09/09/2019,SUS,MO,ACE,CE,Towers with Radar,1,36,68,5,110,0,1,85,0,86,1,37,153,5,196,22,0,22,218
09/10/2019,SUS,MO,ACE,CE,Towers with Radar,0,23,59,4,86,0,4,107,8,119,0,27,166,12,205,64,0,64,269
09/11/2019,SUS,MO,ACE,CE,Towers with Radar,0,32,77,0,109,0,0,110,2,112,0,32,187,2,221,80,0,80,301
09/12/2019,SUS,MO,ACE,CE,Towers with Radar,0,44,85,2,131,0,2,73,1,76,0,46,158,3,207,94,0,94,301
09/13/2019,SUS,MO,ACE,CE,Towers with Radar,0,27,88,17,132,0,8,124,0,132,0,35,212,17,264,185,0,185,449
09/14/2019,SUS,MO,ACE,CE,Towers with Radar,0,15,41,4,60,0,0,129,4,133,0,15,170,8,193,170,0,170,363
09/15/2019,SUS,MO,ACE,CE,Towers with Radar,0,39,51,0,90,0,2,124,0,126,0,41,175,0,216,206,0,206,422
09/16/2019,SUS,MO,ACE,CE,Towers with Radar,0,39,68,2,109,0,8,80,0,88,0,47,148,2,197,94,0,94,291
09/17/2019,SUS,MO,ACE,CE,Towers with Radar,0,46,62,5,113,0,0,109,1,110,0,46,171,6,223,130,0,130,353
09/18/2019,SUS,MO,ACE,CE,Towers with Radar,0,53,94,2,149,0,0,116,0,116,0,53,210,2,265,99,0,99,364
09/19/2019,SUS,MO,ACE,CE,Towers with Radar,0,31,74,2,107,0,4,112,0,116,0,35,186,2,223,144,0,144,367
09/20/2019,SUS,MO,ACE,CE,Towers with Radar,0,32,69,9,110,0,1,91,2,94,0,33,160,11,204,88,0,88,292
09/21/2019,SUS,MO,ACE,CE,Towers with Radar,0,15,49,0,64,0,0,60,0,60,0,15,109,0,124,84,0,84,208
09/22/2019,SUS,MO,ACE,CE,Towers with Radar,0,38,52,1,91,0,0,43,0,43,0,38,95,1,134,96,0,96,230
09/23/2019,SUS,MO,ACE,CE,Towers with Radar,0,25,65,0,90,0,9,111,0,120,0,34,176,0,210,130,0,130,340
09/24/2019,SUS,MO,ACE,CE,Towers with Radar,0,28,77,2,107,0,0,130,1,131,0,28,207,3,238,190,0,190,428
09/25/2019,SUS,MO,ACE,CE,Towers with Radar,0,39,62,0,101,0,3,82,11,96,0,42,144,11,197,93,0,93,290
09/26/2019,SUS,MO,ACE,CE,Towers with Radar,0,34,77,0,111,0,6,120,0,126,0,40,197,0,237,168,0,168,405
09/27/2019,SUS,MO,ACE,CE,Towers with Radar,0,38,72,4,114,0,1,67,0,68,0,39,139,4,182,158,0,158,340
09/28/2019,SUS,MO,ACE,CE,Towers with Radar,0,22,46,2,70,0,0,86,0,86,0,22,132,2,156,180,0,180,336
09/29/2019,SUS,MO,ACE,CE,Towers with Radar,0,43,60,5,108,0,0,109,2,111,0,43,169,7,219,118,0,118,337
09/30/2019,SUS,MO,ACE,CE,Towers with Radar,0,31,66,5,102,0,6,62,0,68,0,37,128,5,170,86,0,86,256
10/01/2019,SUS,MO,ACE,CE,Towers with Radar,2,35,71,0,108,0,2,107,0,109,2,37,178,0,217,114,0,114,331
10/02/2019,SUS,MO,ACE,CE,Towers with Radar,0,34,79,0,113,0,0,95,0,95,0,34,174,0,208,208,0,208,416
10/03/2019,SUS,MO,ACE,CE,Towers with Radar,0,43,105,0,148,0,5,51,0,56,0,48,156,0,204,65,0,65,269
10/04/2019,SUS,MO,ACE,CE,Towers with Radar,0,25,79,0,104,0,2,128,0,130,0,27,207,0,234,130,0,130,364
10/05/2019,SUS,MO,ACE,CE,Towers with Radar,2,11,44,3,60,0,3,106,0,109,2,14,150,3,169,168,0,168,337
10/06/2019,SUS,MO,ACE,CE,Towers with Radar,0,40,74,1,115,0,0,94,1,95,0,40,168,2,210,136,0,136,346
10/07/2019,SUS,MO,ACE,CE,Towers with Radar,0,29,53,0,82,0,7,101,0,108,0,36,154,0,190,106,0,106,296
10/08/2019,SUS,MO,ACE,CE,Towers with Radar,0,39,60,0,99,0,2,103,0,105,0,41,163,0,204,146,0,146,350
10/09/2019,SUS,MO,ACE,CE,Towers with Radar,0,50,71,2,123,0,2,109,0,111,0,52,180,2,234,175,0,175,409
10/10/2019,SUS,MO,ACE,CE,Towers with Radar,0,25,58,2,85,0,0,9,0,9,0,25,67,2,94,26,0,26,120
10/11/2019,SUS,MO,ACE,CE,Towers with Radar,0,44,59,1,104,0,2,44,0,46,0,46,103,1,150,156,0,156,306
10/12/2019,SUS,MO,ACE,CE,Towers with Radar,0,15,36,6,57,0,0,93,0,93,0,15,129,6,150,138,0,138,288
10/13/2019,SUS,MO,ACE,CE,Towers with Radar,0,34,51,2,87,0,0,102,0,102,0,34,153,2,189,138,0,138,327
10/14/2019,SUS,MO,ACE,CE,Towers with Radar,0,39,70,0,109,0,2,97,0,99,0,41,167,0,208,100,0,100,308
10/15/2019,SUS,MO,ACE,CE,Towers with Radar,0,30,76,2,108,0,0,40,0,40,0,30,116,2,148,164,0,164,312
10/16/2019,SUS,MO,ACE,CE,Towers with Radar,0,44,69,0,113,0,0,69,0,69,0,44,138,0,182,86,0,86,268
10/17/2019,SUS,MO,ACE,CE,Towers with Radar,0,36,88,2,126,0,2,101,8,111,0,38,189,10,237,76,0,76,313
10/18/2019,SUS,MO,ACE,CE,Towers with Radar,0,50,67,4,121,0,5,112,0,117,0,55,179,4,238,104,0,104,342
10/19/2019,SUS,MO,ACE,CE,Towers with Radar,0,18,33,16,67,0,0,116,2,118,0,18,149,18,185,164,0,164,349
10/20/2019,SUS,MO,ACE,CE,Towers with Radar,0,39,74,2,115,0,1,78,0,79,0,40,152,2,194,182,0,182,376
10/21/2019,SUS,MO,ACE,CE,Towers with Radar,0,32,67,22,121,0,0,40,0,40,0,32,107,22,161,100,0,100,261
10/22/2019,SUS,MO,ACE,CE,Towers with Radar,0,25,77,0,102,0,2,67,10,79,0,27,144,10,181,112,0,112,293
10/23/2019,SUS,MO,ACE,CE,Towers with Radar,0,35,66,0,101,0,1,107,5,113,0,36,173,5,214,152,0,152,366
10/24/2019,SUS,MO,ACE,CE,Towers with Radar,0,45,75,2,122,0,0,30,0,30,0,45,105,2,152,44,0,44,196
10/25/2019,SUS,MO,ACE,CE,Towers with Radar,0,27,62,14,103,0,1,105,0,106,0,28,167,14,209,156,0,156,365
10/26/2019,SUS,MO,ACE,CE,Towers with Radar,0,19,32,1,52,0,1,0,0,1,0,20,32,1,53,0,0,0,53
10/27/2019,SUS,MO,ACE,CE,Towers with Radar,0,42,53,1,96,0,0,149,0,149,0,42,202,1,245,202,0,202,447
10/28/2019,SUS,MO,ACE,CE,Towers with Radar,0,37,79,9,125,0,0,4,0,4,0,37,83,9,129,18,0,18,147
10/29/2019,SUS,MO,ACE,CE,Towers with Radar,0,43,63,0,106,0,0,21,0,21,0,43,84,0,127,76,0,76,203
10/30/2019,SUS,MO,ACE,CE,Towers with Radar,0,51,35,2,88,0,0,0,0,0,0,51,35,2,88,0,0,0,88
10/31/2019,SUS,MO,ACE,CE,Towers with Radar,0,39,56,0,95,0,5,34,1,40,0,44,90,1,135,16,0,16,151
11/01/2019,SUS,MO,ACE,CE,Towers with Radar,0,39,67,6,112,0,4,137,0,141,0,43,204,6,253,236,0,236,489
11/02/2019,SUS,MO,ACE,CE,Towers with Radar,0,17,37,0,54,0,8,125,0,133,0,25,162,0,187,241,0,241,428
11/03/2019,SUS,MO,ACE,CE,Towers with Radar,0,31,44,6,81,0,2,91,0,93,0,33,135,6,174,138,0,138,312
11/04/2019,SUS,MO,ACE,CE,Towers with Radar,0,34,64,2,100,0,4,75,5,84,0,38,139,7,184,176,0,176,360
11/05/2019,SUS,MO,ACE,CE,Towers with Radar,0,27,84,0,111,0,0,105,0,105,0,27,189,0,216,144,0,144,360
11/06/2019,SUS,MO,ACE,CE,Towers with Radar,0,38,67,2,107,0,0,9,0,9,0,38,76,2,116,24,0,24,140
11/07/2019,SUS,MO,ACE,CE,Towers with Radar,0,34,75,1,110,0,0,86,1,87,0,34,161,2,197,64,0,64,261
11/08/2019,SUS,MO,ACE,CE,Towers with Radar,0,32,66,1,99,0,4,126,0,130,0,36,192,1,229,136,0,136,365
11/09/2019,SUS,MO,ACE,CE,Towers with Radar,0,11,49,1,61,0,1,122,0,123,0,12,171,1,184,191,0,191,375
11/10/2019,SUS,MO,ACE,CE,Towers with Radar,0,44,63,0,107,0,4,164,0,168,0,48,227,0,275,206,0,206,481
11/11/2019,SUS,MO,ACE,CE,Towers with Radar,0,21,47,0,68,0,0,0,0,0,0,21,47,0,68,0,0,0,68
11/12/2019,SUS,MO,ACE,CE,Towers with Radar,0,37,61,2,100,0,0,82,1,83,0,37,143,3,183,134,0,134,317
11/13/2019,SUS,MO,ACE,CE,Towers with Radar,0,25,96,2,123,0,9,76,6,91,0,34,172,8,214,110,0,110,324
11/14/2019,SUS,MO,ACE,CE,Towers with Radar,0,41,60,3,104,0,6,79,0,85,0,47,139,3,189,172,0,172,361
11/15/2019,SUS,MO,ACE,CE,Towers with Radar,0,38,56,12,106,0,1,127,5,133,0,39,183,17,239,166,6,172,411
11/16/2019,SUS,MO,ACE,CE,Towers with Radar,0,19,27,2,48,0,1,134,5,140,0,20,161,7,188,139,10,149,337
11/17/2019,SUS,MO,ACE,CE,Towers with Radar,1,32,51,0,84,0,0,45,0,45,1,32,96,0,129,72,0,72,201
11/18/2019,SUS,MO,ACE,CE,Towers with Radar,0,38,63,4,105,0,1,89,0,90,0,39,152,4,195,93,0,93,288
11/19/2019,SUS,MO,ACE,CE,Towers with Radar,0,39,69,2,110,0,0,72,0,72,0,39,141,2,182,151,0,151,333
11/20/2019,SUS,MO,ACE,CE,Towers with Radar,0,34,76,0,110,0,0,107,0,107,0,34,183,0,217,220,0,220,437
11/21/2019,SUS,MO,ACE,CE,Towers with Radar,0,30,57,0,87,0,0,44,0,44,0,30,101,0,131,116,0,116,247
11/22/2019,SUS,MO,ACE,CE,Towers with Radar,0,37,68,12,117,0,1,62,1,64,0,38,130,13,181,104,4,108,289
11/23/2019,SUS,MO,ACE,CE,Towers with Radar,0,19,31,0,50,0,0,25,1,26,0,19,56,1,76,84,0,84,160
11/24/2019,SUS,MO,ACE,CE,Towers with Radar,0,31,41,0,72,0,4,172,0,176,0,35,213,0,248,136,0,136,384
11/25/2019,SUS,MO,ACE,CE,Towers with Radar,0,43,65,0,108,0,1,132,0,133,0,44,197,0,241,189,0,189,430
11/26/2019,SUS,MO,ACE,CE,Towers with Radar,0,41,72,0,113,0,0,6,0,6,0,41,78,0,119,4,0,4,123
11/27/2019,SUS,MO,ACE,CE,Towers with Radar,0,23,46,0,69,0,0,26,0,26,0,23,72,0,95,47,0,47,142
11/28/2019,SUS,MO,ACE,CE,Towers with Radar,0,3,12,0,15,0,1,3,0,4,0,4,15,0,19,0,0,0,19
11/29/2019,SUS,MO,ACE,CE,Towers with Radar,0,18,27,0,45,0,0,1,0,1,0,18,28,0,46,0,0,0,46
11/30/2019,SUS,MO,ACE,CE,Towers with Radar,0,25,34,0,59,0,0,5,0,5,0,25,39,0,64,0,0,0,64
12/01/2019,SUS,MO,ACE,CE,Towers with Radar,0,52,53,0,105,0,0,1,0,1,0,52,54,0,106,0,0,0,106
12/02/2019,SUS,MO,ACE,CE,Towers with Radar,0,32,66,5,103,0,0,60,0,60,0,32,126,5,163,78,0,78,241
12/03/2019,SUS,MO,ACE,CE,Towers with Radar,0,38,73,0,111,0,0,132,4,136,0,38,205,4,247,243,0,243,490
12/04/2019,SUS,MO,ACE,CE,Towers with Radar,0,48,69,0,117,0,5,120,0,125,0,53,189,0,242,144,0,144,386
12/05/2019,SUS,MO,ACE,CE,Towers with Radar,0,36,83,0,119,0,3,103,1,107,0,39,186,1,226,98,0,98,324
12/06/2019,SUS,MO,ACE,CE,Towers with Radar,0,28,73,1,102,0,0,83,0,83,0,28,156,1,185,138,0,138,323
12/07/2019,SUS,MO,ACE,CE,Towers with Radar,0,8,36,0,44,0,2,154,0,156,0,10,190,0,200,214,0,214,414
12/08/2019,SUS,MO,ACE,CE,Towers with Radar,0,44,43,2,89,0,0,73,0,73,0,44,116,2,162,58,0,58,220
12/09/2019,SUS,MO,ACE,CE,Towers with Radar,0,36,55,4,95,0,0,9,0,9,0,36,64,4,104,34,0,34,138
12/10/2019,SUS,MO,ACE,CE,Towers with Radar,0,36,58,4,98,0,2,79,0,81,0,38,137,4,179,120,0,120,299
12/11/2019,SUS,MO,ACE,CE,Towers with Radar,0,34,87,2,123,0,3,135,0,138,0,37,222,2,261,186,0,186,447
12/12/2019,SUS,MO,ACE,CE,Towers with Radar,0,28,99,4,131,0,1,121,5,127,0,29,220,9,258,110,0,110,368
12/13/2019,SUS,MO,ACE,CE,Towers with Radar,0,25,64,1,90,0,2,143,2,147,0,27,207,3,237,242,0,242,479
12/14/2019,SUS,MO,ACE,CE,Towers with Radar,0,23,25,2,50,0,0,2,0,2,0,23,27,2,52,8,0,8,60
12/15/2019,SUS,MO,ACE,CE,Towers with Radar,0,34,34,0,68,0,0,10,0,10,0,34,44,0,78,72,0,72,150
12/16/2019,SUS,MO,ACE,CE,Towers with Radar,0,23,15,0,38,0,0,0,0,0,0,23,15,0,38,0,0,0,38
12/17/2019,SUS,MO,ACE,CE,Towers with Radar,0,34,66,0,100,0,0,58,4,62,0,34,124,4,162,55,0,55,217
12/18/2019,SUS,MO,ACE,CE,Towers with Radar,0,31,81,2,114,0,2,120,0,122,0,33,201,2,236,193,0,193,429
12/19/2019,SUS,MO,ACE,CE,Towers with Radar,0,46,92,2,140,0,1,115,0,116,0,47,207,2,256,154,0,154,410
12/20/2019,SUS,MO,ACE,CE,Towers with Radar,0,30,74,0,104,0,1,155,0,156,0,31,229,0,260,206,0,206,466
12/21/2019,SUS,MO,ACE,CE,Towers with Radar,0,32,47,0,79,0,0,130,0,130,0,32,177,0,209,116,0,116,325
12/22/2019,SUS,MO,ACE,CE,Towers with Radar,0,39,52,0,91,0,0,107,0,107,0,39,159,0,198,54,0,54,252
12/23/2019,SUS,MO,ACE,CE,Towers with Radar,0,29,65,8,102,0,1,136,3,140,0,30,201,11,242,114,0,114,356
12/24/2019,SUS,MO,ACE,CE,Towers with Radar,0,18,12,0,30,0,3,59,0,62,0,21,71,0,92,10,0,10,102
12/25/2019,SUS,MO,ACE,CE,Towers with Radar,0,8,10,0,18,0,0,25,0,25,0,8,35,0,43,10,0,10,53
12/26/2019,SUS,MO,ACE,CE,Towers with Radar,0,36,62,0,98,0,0,104,0,104,0,36,166,0,202,154,0,154,356
12/27/2019,SUS,MO,ACE,CE,Towers with Radar,0,39,61,0,100,0,0,73,2,75,0,39,134,2,175,190,0,190,365
12/28/2019,SUS,MO,ACE,CE,Towers with Radar,0,25,38,0,63,0,0,0,0,0,0,25,38,0,63,0,0,0,63
12/29/2019,SUS,MO,ACE,CE,Towers with Radar,0,26,25,0,51,0,0,49,0,49,0,26,74,0,100,90,0,90,190
12/30/2019,SUS,MO,ACE,CE,Towers with Radar,0,22,34,0,56,0,0,36,0,36,0,22,70,0,92,68,0,68,160
12/31/2019,SUS,MO,ACE,CE,Towers with Radar,0,13,26,0,39,0,0,55,0,55,0,13,81,0,94,95,0,95,189
01/01/2020,SUS,MO,ACE,CE,Towers with Radar,0,16,21,0,37,0,0,67,0,67,0,16,88,0,104,14,0,14,118
01/02/2020,SUS,MO,ACE,CE,Towers with Radar,0,27,48,0,75,0,0,93,1,94,0,27,141,1,169,86,0,86,255
01/03/2020,SUS,MO,ACE,CE,Towers with Radar,0,18,50,0,68,0,0,9,0,9,0,18,59,0,77,16,0,16,93
01/04/2020,SUS,MO,ACE,CE,Towers with Radar,0,23,40,0,63,0,0,45,0,45,0,23,85,0,108,178,0,178,286
01/05/2020,SUS,MO,ACE,CE,Towers with Radar,0,35,55,0,90,0,0,134,0,134,0,35,189,0,224,150,0,150,374
01/06/2020,SUS,MO,ACE,CE,Towers with Radar,0,22,52,0,74,0,0,100,0,100,0,22,152,0,174,149,0,149,323
01/07/2020,SUS,MO,ACE,CE,Towers with Radar,0,20,49,0,69,0,0,110,5,115,0,20,159,5,184,114,0,114,298
01/08/2020,SUS,MO,ACE,CE,Towers with Radar,0,29,68,0,97,0,0,131,7,138,0,29,199,7,235,236,0,236,471
01/09/2020,SUS,MO,ACE,CE,Towers with Radar,0,36,60,0,96,0,6,26,0,32,0,42,86,0,128,52,0,52,180
01/10/2020,SUS,MO,ACE,CE,Towers with Radar,0,14,35,0,49,0,0,0,0,0,0,14,35,0,49,10,0,10,59
01/11/2020,SUS,MO,ACE,CE,Towers with Radar,0,26,18,0,44,0,0,0,0,0,0,26,18,0,44,0,0,0,44
01/12/2020,SUS,MO,ACE,CE,Towers with Radar,0,36,42,0,78,0,0,2,0,2,0,36,44,0,80,18,0,18,98
01/13/2020,SUS,MO,ACE,CE,Towers with Radar,0,21,56,2,79,0,0,0,0,0,0,21,56,2,79,0,0,0,79
01/14/2020,SUS,MO,ACE,CE,Towers with Radar,0,34,64,11,109,0,0,66,1,67,0,34,130,12,176,256,6,262,438
01/15/2020,SUS,MO,ACE,CE,Towers with Radar,0,30,60,7,97,0,2,75,1,78,0,32,135,8,175,144,0,144,319
01/16/2020,SUS,MO,ACE,CE,Towers with Radar,0,25,69,5,99,0,2,127,1,130,0,27,196,6,229,127,0,127,356
01/17/2020,SUS,MO,ACE,CE,Towers with Radar,0,12,23,0,35,0,0,1,0,1,0,12,24,0,36,0,0,0,36
01/18/2020,SUS,MO,ACE,CE,Towers with Radar,0,10,30,1,41,0,0,47,0,47,0,10,77,1,88,95,0,95,183
01/19/2020,SUS,MO,ACE,CE,Towers with Radar,0,29,30,1,60,0,0,93,0,93,0,29,123,1,153,176,0,176,329
01/20/2020,SUS,MO,ACE,CE,Towers with Radar,0,30,55,0,85,0,0,46,0,46,0,30,101,0,131,174,0,174,305
01/21/2020,SUS,MO,ACE,CE,Towers with Radar,0,29,62,1,92,0,0,112,2,114,0,29,174,3,206,198,0,198,404
01/22/2020,SUS,MO,ACE,CE,Towers with Radar,0,29,49,2,80,0,1,60,0,61,0,30,109,2,141,80,0,80,221
01/23/2020,SUS,MO,ACE,CE,Towers with Radar,0,18,36,2,56,0,0,0,0,0,0,18,36,2,56,0,0,0,56
01/24/2020,SUS,MO,ACE,CE,Towers with Radar,1,24,32,2,59,0,0,0,0,0,1,24,32,2,59,0,0,0,59
01/25/2020,SUS,MO,ACE,CE,Towers with Radar,0,21,21,0,42,0,0,46,3,49,0,21,67,3,91,128,0,128,219
01/26/2020,SUS,MO,ACE,CE,Towers with Radar,0,41,47,2,90,0,6,138,0,144,0,47,185,2,234,269,0,269,503
01/27/2020,SUS,MO,ACE,CE,Towers with Radar,1,41,29,0,71,0,0,0,0,0,1,41,29,0,71,0,0,0,71
01/28/2020,SUS,MO,ACE,CE,Towers with Radar,0,41,45,1,87,0,0,2,0,2,0,41,47,1,89,4,0,4,93
01/29/2020,SUS,MO,ACE,CE,Towers with Radar,0,35,58,4,97,0,0,1,0,1,0,35,59,4,98,0,0,0,98
01/30/2020,SUS,MO,ACE,CE,Towers with Radar,0,26,57,2,85,0,0,27,0,27,0,26,84,2,112,121,0,121,233
01/31/2020,SUS,MO,ACE,CE,Towers with Radar,0,29,44,1,74,0,0,46,2,48,0,29,90,3,122,154,0,154,276
02/01/2020,SUS,MO,ACE,CE,Towers with Radar,0,31,38,3,72,0,0,126,0,126,0,31,164,3,198,284,0,284,482
02/02/2020,SUS,MO,ACE,CE,Towers with Radar,0,27,37,3,67,0,0,161,0,161,0,27,198,3,228,209,0,209,437
02/03/2020,SUS,MO,ACE,CE,Towers with Radar,0,53,57,0,110,0,0,74,0,74,0,53,131,0,184,160,0,160,344
02/04/2020,SUS,MO,ACE,CE,Towers with Radar,0,38,60,0,98,0,0,7,0,7,0,38,67,0,105,12,0,12,117
02/05/2020,SUS,MO,ACE,CE,Towers with Radar,0,15,22,0,37,0,0,4,0,4,0,15,26,0,41,0,0,0,41
02/06/2020,SUS,MO,ACE,CE,Towers with Radar,0,26,51,0,77,0,0,62,0,62,0,26,113,0,139,94,0,94,233
02/07/2020,SUS,MO,ACE,CE,Towers with Radar,1,28,58,2,89,0,1,90,0,91,1,29,148,2,180,184,0,184,364
02/08/2020,SUS,MO,ACE,CE,Towers with Radar,0,13,46,0,59,0,0,141,0,141,0,13,187,0,200,270,0,270,470
02/09/2020,SUS,MO,ACE,CE,Towers with Radar,0,31,35,0,66,0,0,12,0,12,0,31,47,0,78,65,0,65,143
02/10/2020,SUS,MO,ACE,CE,Towers with Radar,0,29,42,2,73,0,0,23,0,23,0,29,65,2,96,122,0,122,218
02/11/2020,SUS,MO,ACE,CE,Towers with Radar,0,31,63,0,94,0,0,131,0,131,0,31,194,0,225,188,0,188,413
02/12/2020,SUS,MO,ACE,CE,Towers with Radar,0,38,44,0,82,0,0,3,0,3,0,38,47,0,85,12,0,12,97
02/13/2020,SUS,MO,ACE,CE,Towers with Radar,0,44,76,1,121,0,1,84,0,85,0,45,160,1,206,98,0,98,304
02/14/2020,SUS,MO,ACE,CE,Towers with Radar,0,29,53,4,86,0,2,118,0,120,0,31,171,4,206,175,0,175,381
02/15/2020,SUS,MO,ACE,CE,Towers with Radar,0,12,33,2,47,0,4,99,0,103,0,16,132,2,150,175,0,175,325
02/16/2020,SUS,MO,ACE,CE,Towers with Radar,0,26,44,2,72,0,0,151,0,151,0,26,195,2,223,288,0,288,511
02/17/2020,SUS,MO,ACE,CE,Towers with Radar,0,48,50,0,98,0,0,2,0,2,0,48,52,0,100,28,0,28,128
02/18/2020,SUS,MO,ACE,CE,Towers with Radar,0,34,40,2,76,0,3,94,0,97,0,37,134,2,173,108,0,108,281
02/19/2020,SUS,MO,ACE,CE,Towers with Radar,0,32,58,0,90,0,1,182,2,185,0,33,240,2,275,251,0,251,526
02/20/2020,SUS,MO,ACE,CE,Towers with Radar,0,39,81,6,126,0,7,105,2,114,0,46,186,8,240,103,0,103,343
02/21/2020,SUS,MO,ACE,CE,Towers with Radar,0,32,76,3,111,0,0,141,1,142,0,32,217,4,253,224,0,224,477
02/22/2020,SUS,MO,ACE,CE,Towers with Radar,0,13,53,1,67,0,2,167,0,169,0,15,220,1,236,238,0,238,474
02/23/2020,SUS,MO,ACE,CE,Towers with Radar,0,42,29,2,73,0,2,81,0,83,0,44,110,2,156,118,0,118,274
02/24/2020,SUS,MO,ACE,CE,Towers with Radar,0,31,53,0,84,0,0,0,0,0,0,31,53,0,84,0,0,0,84
02/25/2020,SUS,MO,ACE,CE,Towers with Radar,0,38,46,0,84,0,0,0,0,0,0,38,46,0,84,0,0,0,84
02/26/2020,SUS,MO,ACE,CE,Towers with Radar,0,31,34,0,65,0,0,94,0,94,0,31,128,0,159,136,0,136,295
02/27/2020,SUS,MO,ACE,CE,Towers with Radar,0,36,76,2,114,0,10,127,2,139,0,46,203,4,253,260,0,260,513
02/28/2020,SUS,MO,ACE,CE,Towers with Radar,0,23,58,6,87,0,2,92,0,94,0,25,150,6,181,162,0,162,343
02/29/2020,SUS,MO,ACE,CE,Towers with Radar,0,23,46,0,69,0,3,184,0,187,0,26,230,0,256,235,0,235,491
03/01/2020,SUS,MO,ACE,CE,Towers with Radar,0,38,30,0,68,0,1,44,0,45,0,39,74,0,113,42,0,42,155
03/02/2020,SUS,MO,ACE,CE,Towers with Radar,0,28,48,2,78,0,0,53,0,53,0,28,101,2,131,150,0,150,281
03/03/2020,SUS,MO,ACE,CE,Towers with Radar,0,34,47,3,84,0,3,125,2,130,0,37,172,5,214,146,0,146,360
03/04/2020,SUS,MO,ACE,CE,Towers with Radar,0,31,64,2,97,0,10,147,0,157,0,41,211,2,254,234,0,234,488
03/05/2020,SUS,MO,ACE,CE,Towers with Radar,0,38,62,0,100,0,1,94,0,95,0,39,156,0,195,131,0,131,326
03/06/2020,SUS,MO,ACE,CE,Towers with Radar,0,32,48,2,82,0,4,101,2,107,0,36,149,4,189,193,0,193,382
03/07/2020,SUS,MO,ACE,CE,Towers with Radar,0,14,48,3,65,0,0,169,2,171,0,14,217,5,236,190,4,194,430
03/08/2020,SUS,MO,ACE,CE,Towers with Radar,0,38,38,2,78,0,4,71,2,77,0,42,109,4,155,122,0,122,277
03/09/2020,SUS,MO,ACE,CE,Towers with Radar,0,43,46,0,89,0,0,9,0,9,0,43,55,0,98,36,0,36,134
03/10/2020,SUS,MO,ACE,CE,Towers with Radar,1,39,88,0,128,0,0,16,0,16,1,39,104,0,144,60,0,60,204
03/11/2020,SUS,MO,ACE,CE,Towers with Radar,0,47,87,0,134,0,0,112,0,112,0,47,199,0,246,167,0,167,413
03/12/2020,SUS,MO,ACE,CE,Towers with Radar,0,32,50,0,82,0,0,10,0,10,0,32,60,0,92,74,0,74,166
03/13/2020,SUS,MO,ACE,CE,Towers with Radar,0,30,71,5,106,0,1,153,0,154,0,31,224,5,260,226,0,226,486
03/14/2020,SUS,MO,ACE,CE,Towers with Radar,0,31,34,0,65,0,0,0,0,0,0,31,34,0,65,24,0,24,89
03/15/2020,SUS,MO,ACE,CE,Towers with Radar,0,47,29,1,77,0,0,56,0,56,0,47,85,1,133,286,0,286,419
03/16/2020,SUS,MO,ACE,CE,Towers with Radar,0,33,36,0,69,0,0,11,0,11,0,33,47,0,80,36,0,36,116
03/17/2020,SUS,MO,ACE,CE,Towers with Radar,0,21,50,0,71,0,0,90,2,92,0,21,140,2,163,180,0,180,343
03/18/2020,SUS,MO,ACE,CE,Towers with Radar,0,10,30,0,40,0,0,14,0,14,0,10,44,0,54,22,0,22,76
03/19/2020,SUS,MO,ACE,CE,Towers with Radar,0,13,20,0,33,0,0,18,0,18,0,13,38,0,51,56,0,56,107
03/20/2020,SUS,MO,ACE,CE,Towers with Radar,0,17,19,0,36,0,0,48,0,48,0,17,67,0,84,110,0,110,194
03/21/2020,SUS,MO,ACE,CE,Towers with Radar,0,17,32,4,53,0,0,138,0,138,0,17,170,4,191,95,0,95,286
03/22/2020,SUS,MO,ACE,CE,Towers with Radar,0,22,19,0,41,0,0,0,0,0,0,22,19,0,41,18,0,18,59
03/23/2020,SUS,MO,ACE,CE,Towers with Radar,0,13,24,0,37,0,0,23,0,23,0,13,47,0,60,46,0,46,106
03/24/2020,SUS,MO,ACE,CE,Towers with Radar,0,11,6,0,17,0,0,0,0,0,0,11,6,0,17,0,0,0,17
03/25/2020,SUS,MO,ACE,CE,Towers with Radar,0,17,31,0,48,0,0,78,0,78,0,17,109,0,126,95,0,95,221
03/26/2020,SUS,MO,ACE,CE,Towers with Radar,0,8,7,0,15,0,0,79,0,79,0,8,86,0,94,52,0,52,146
03/27/2020,SUS,MO,ACE,CE,Towers with Radar,0,8,21,2,31,0,1,50,0,51,0,9,71,2,82,84,0,84,166
03/28/2020,SUS,MO,ACE,CE,Towers with Radar,0,9,13,0,22,0,0,32,0,32,0,9,45,0,54,85,0,85,139
03/29/2020,SUS,MO,ACE,CE,Towers with Radar,0,18,3,0,21,0,0,28,0,28,0,18,31,0,49,8,0,8,57
03/30/2020,SUS,MO,ACE,CE,Towers with Radar,0,8,28,0,36,0,1,86,0,87,0,9,114,0,123,77,0,77,200
03/31/2020,SUS,MO,ACE,CE,Towers with Radar,0,8,14,2,24,0,0,56,0,56,0,8,70,2,80,62,0,62,142
04/01/2020,SUS,MO,ACE,CE,Towers with Radar,0,9,20,0,29,0,0,130,0,130,0,9,150,0,159,196,0,196,355
04/02/2020,SUS,MO,ACE,CE,Towers with Radar,0,13,17,0,30,0,2,49,0,51,0,15,66,0,81,78,0,78,159
04/03/2020,SUS,MO,ACE,CE,Towers with Radar,0,11,13,0,24,0,0,35,0,35,0,11,48,0,59,72,0,72,131
04/04/2020,SUS,MO,ACE,CE,Towers with Radar,0,7,12,0,19,0,1,15,0,16,0,8,27,0,35,36,0,36,71
04/05/2020,SUS,MO,ACE,CE,Towers with Radar,0,17,15,0,32,0,0,23,0,23,0,17,38,0,55,71,0,71,126
04/06/2020,SUS,MO,ACE,CE,Towers with Radar,0,11,17,1,29,0,2,37,0,39,0,13,54,1,68,109,0,109,177
04/07/2020,SUS,MO,ACE,CE,Towers with Radar,0,12,13,0,25,0,0,49,0,49,0,12,62,0,74,63,0,63,137
04/08/2020,SUS,MO,ACE,CE,Towers with Radar,0,11,14,0,25,0,0,47,0,47,0,11,61,0,72,14,0,14,86
04/09/2020,SUS,MO,ACE,CE,Towers with Radar,0,7,15,0,22,0,1,28,0,29,0,8,43,0,51,21,0,21,72
04/10/2020,SUS,MO,ACE,CE,Towers with Radar,0,4,33,0,37,0,0,93,0,93,0,4,126,0,130,106,0,106,236
04/11/2020,SUS,MO,ACE,CE,Towers with Radar,0,10,14,0,24,0,0,36,0,36,0,10,50,0,60,62,0,62,122
04/12/2020,SUS,MO,ACE,CE,Towers with Radar,0,9,8,0,17,0,0,3,0,3,0,9,11,0,20,22,0,22,42
04/13/2020,SUS,MO,ACE,CE,Towers with Radar,0,18,21,0,39,0,0,37,1,38,0,18,58,1,77,108,0,108,185
04/14/2020,SUS,MO,ACE,CE,Towers with Radar,0,11,12,0,23,0,2,67,0,69,0,13,79,0,92,56,0,56,148
04/15/2020,SUS,MO,ACE,CE,Towers with Radar,0,17,18,0,35,0,4,67,1,72,0,21,85,1,107,119,0,119,226
04/16/2020,SUS,MO,ACE,CE,Towers with Radar,0,5,15,0,20,0,1,92,1,94,0,6,107,1,114,158,0,158,272
04/17/2020,SUS,MO,ACE,CE,Towers with Radar,0,12,12,0,24,0,0,46,0,46,0,12,58,0,70,150,0,150,220
04/18/2020,SUS,MO,ACE,CE,Towers with Radar,0,13,23,0,36,0,0,119,0,119,0,13,142,0,155,126,0,126,281
04/19/2020,SUS,MO,ACE,CE,Towers with Radar,0,12,6,0,18,0,0,72,0,72,0,12,78,0,90,139,0,139,229
04/20/2020,SUS,MO,ACE,CE,Towers with Radar,0,13,20,0,33,0,0,77,0,77,0,13,97,0,110,74,0,74,184
04/21/2020,SUS,MO,ACE,CE,Towers with Radar,0,13,21,1,35,0,1,71,0,72,0,14,92,1,107,50,0,50,157
04/22/2020,SUS,MO,ACE,CE,Towers with Radar,0,17,14,0,31,0,1,35,0,36,0,18,49,0,67,80,0,80,147
04/23/2020,SUS,MO,ACE,CE,Towers with Radar,0,7,32,0,39,0,0,39,0,39,0,7,71,0,78,110,0,110,188
04/24/2020,SUS,MO,ACE,CE,Towers with Radar,0,11,19,0,30,0,0,30,4,34,0,11,49,4,64,12,2,14,78
04/25/2020,SUS,MO,ACE,CE,Towers with Radar,0,9,7,0,16,0,0,6,0,6,0,9,13,0,22,14,0,14,36
04/26/2020,SUS,MO,ACE,CE,Towers with Radar,0,14,41,0,55,0,1,113,0,114,0,15,154,0,169,58,0,58,227
04/27/2020,SUS,MO,ACE,CE,Towers with Radar,0,18,22,2,42,0,1,31,0,32,0,19,53,2,74,14,0,14,88
04/28/2020,SUS,MO,ACE,CE,Towers with Radar,0,15,21,0,36,0,0,37,0,37,0,15,58,0,73,24,0,24,97
04/29/2020,SUS,MO,ACE,CE,Towers with Radar,0,16,13,0,29,0,0,7,0,7,0,16,20,0,36,12,0,12,48
04/30/2020,SUS,MO,ACE,CE,Towers with Radar,0,10,26,2,38,0,1,59,2,62,0,11,85,4,100,14,2,16,116
05/01/2020,SUS,MO,ACE,CE,Towers with Radar,0,15,31,0,46,0,1,90,0,91,0,16,121,0,137,18,0,18,155
05/02/2020,SUS,MO,ACE,CE,Towers with Radar,0,15,23,0,38,0,0,80,0,80,0,15,103,0,118,84,0,84,202
05/03/2020,SUS,MO,ACE,CE,Towers with Radar,0,15,16,0,31,0,0,26,0,26,0,15,42,0,57,8,0,8,65
05/04/2020,SUS,MO,ACE,CE,Towers with Radar,0,16,14,0,30,0,1,38,0,39,0,17,52,0,69,58,0,58,127
05/05/2020,SUS,MO,ACE,CE,Towers with Radar,0,7,25,0,32,0,0,23,0,23,0,7,48,0,55,16,0,16,71
05/06/2020,SUS,MO,ACE,CE,Towers with Radar,0,16,32,2,50,0,1,59,1,61,0,17,91,3,111,38,2,40,151
05/07/2020,SUS,MO,ACE,CE,Towers with Radar,0,6,34,2,42,0,1,78,2,81,0,7,112,4,123,28,0,28,151
05/08/2020,SUS,MO,ACE,CE,Towers with Radar,0,19,32,0,51,0,0,31,9,40,0,19,63,9,91,6,3,9,100
05/09/2020,SUS,MO,ACE,CE,Towers with Radar,0,12,37,0,49,0,0,103,0,103,0,12,140,0,152,47,0,47,199
05/10/2020,SUS,MO,ACE,CE,Towers with Radar,0,15,17,4,36,0,1,6,0,7,0,16,23,4,43,0,0,0,43
05/11/2020,SUS,MO,ACE,CE,Towers with Radar,0,11,36,0,47,0,0,47,1,48,0,11,83,1,95,74,0,74,169
05/12/2020,SUS,MO,ACE,CE,Towers with Radar,0,18,33,0,51,0,0,39,0,39,0,18,72,0,90,24,0,24,114
05/13/2020,SUS,MO,ACE,CE,Towers with Radar,0,28,30,2,60,0,0,0,0,0,0,28,30,2,60,0,0,0,60
05/14/2020,SUS,MO,ACE,CE,Towers with Radar,0,16,32,2,50,0,0,19,0,19,0,16,51,2,69,10,0,10,79
05/15/2020,SUS,MO,ACE,CE,Towers with Radar,0,24,36,0,60,0,0,26,0,26,0,24,62,0,86,36,0,36,122
05/16/2020,SUS,MO,ACE,CE,Towers with Radar,0,18,17,0,35,0,0,24,0,24,0,18,41,0,59,72,0,72,131
05/17/2020,SUS,MO,ACE,CE,Towers with Radar,0,25,23,0,48,0,1,15,0,16,0,26,38,0,64,14,0,14,78
05/18/2020,SUS,MO,ACE,CE,Towers with Radar,0,9,72,3,84,0,0,22,0,22,0,9,94,3,106,42,0,42,148
05/19/2020,SUS,MO,ACE,CE,Towers with Radar,0,19,61,6,86,0,0,21,0,21,0,19,82,6,107,16,0,16,123
05/20/2020,SUS,MO,ACE,CE,Towers with Radar,0,26,54,0,80,0,0,19,0,19,0,26,73,0,99,30,0,30,129
05/21/2020,SUS,MO,ACE,CE,Towers with Radar,0,23,71,0,94,0,0,43,0,43,0,23,114,0,137,62,0,62,199
05/22/2020,SUS,MO,ACE,CE,Towers with Radar,0,17,63,0,80,0,5,96,0,101,0,22,159,0,181,112,0,112,293
05/23/2020,SUS,MO,ACE,CE,Towers with Radar,0,9,26,0,35,0,0,56,0,56,0,9,82,0,91,81,0,81,172
05/24/2020,SUS,MO,ACE,CE,Towers with Radar,0,16,20,2,38,0,0,41,0,41,0,16,61,2,79,84,0,84,163
05/25/2020,SUS,MO,ACE,CE,Towers with Radar,0,18,25,0,43,0,2,29,0,31,0,20,54,0,74,6,0,6,80
05/26/2020,SUS,MO,ACE,CE,Towers with Radar,0,24,37,0,61,0,1,30,0,31,0,25,67,0,92,40,0,40,132
05/27/2020,SUS,MO,ACE,CE,Towers with Radar,0,14,33,0,47,0,0,9,0,9,0,14,42,0,56,4,0,4,60
05/28/2020,SUS,MO,ACE,CE,Towers with Radar,0,12,28,0,40,0,0,39,0,39,0,12,67,0,79,110,0,110,189
05/29/2020,SUS,MO,ACE,CE,Towers with Radar,0,22,38,2,62,0,0,84,2,86,0,22,122,4,148,80,0,80,228
05/30/2020,SUS,MO,ACE,CE,Towers with Radar,0,12,29,0,41,0,1,88,0,89,0,13,117,0,130,120,0,120,250
05/31/2020,SUS,MO,ACE,CE,Towers with Radar,0,20,53,0,73,0,5,86,0,91,0,25,139,0,164,54,0,54,218
06/01/2020,SUS,MO,ACE,CE,Towers with Radar,0,13,49,0,62,0,3,59,0,62,0,16,108,0,124,58,0,58,182
06/02/2020,SUS,MO,ACE,CE,Towers with Radar,0,17,37,0,54,0,1,57,0,58,0,18,94,0,112,78,0,78,190
06/03/2020,SUS,MO,ACE,CE,Towers with Radar,0,16,50,0,66,0,2,72,3,77,0,18,122,3,143,84,0,84,227
06/04/2020,SUS,MO,ACE,CE,Towers with Radar,0,9,44,5,58,0,2,58,5,65,0,11,102,10,123,82,4,86,209
06/05/2020,SUS,MO,ACE,CE,Towers with Radar,1,15,41,0,57,0,2,66,0,68,1,17,107,0,125,137,0,137,262
06/06/2020,SUS,MO,ACE,CE,Towers with Radar,0,22,30,0,52,0,1,84,1,86,0,23,114,1,138,71,0,71,209
06/07/2020,SUS,MO,ACE,CE,Towers with Radar,0,27,52,0,79,0,0,82,2,84,0,27,134,2,163,50,0,50,213
06/08/2020,SUS,MO,ACE,CE,Towers with Radar,0,12,64,3,79,0,3,74,0,77,0,15,138,3,156,86,0,86,242
06/09/2020,SUS,MO,ACE,CE,Towers with Radar,0,12,20,0,32,0,0,4,0,4,0,12,24,0,36,0,0,0,36
06/10/2020,SUS,MO,ACE,CE,Towers with Radar,0,24,64,0,88,0,0,24,0,24,0,24,88,0,112,16,0,16,128
06/11/2020,SUS,MO,ACE,CE,Towers with Radar,0,23,68,0,91,0,2,114,0,116,0,25,182,0,207,57,0,57,264
06/12/2020,SUS,MO,ACE,CE,Towers with Radar,0,10,47,0,57,0,0,78,0,78,0,10,125,0,135,104,0,104,239
06/13/2020,SUS,MO,ACE,CE,Towers with Radar,0,24,34,0,58,0,0,112,1,113,0,24,146,1,171,70,0,70,241
06/14/2020,SUS,MO,ACE,CE,Towers with Radar,0,36,54,0,90,0,1,78,0,79,0,37,132,0,169,48,0,48,217
06/15/2020,SUS,MO,ACE,CE,Towers with Radar,0,25,33,0,58,0,0,80,0,80,0,25,113,0,138,74,0,74,212
06/16/2020,SUS,MO,ACE,CE,Towers with Radar,0,22,51,0,73,0,4,103,0,107,0,26,154,0,180,170,0,170,350
06/17/2020,SUS,MO,ACE,CE,Towers with Radar,0,19,59,1,79,0,1,95,0,96,0,20,154,1,175,110,0,110,285
06/18/2020,SUS,MO,ACE,CE,Towers with Radar,0,18,75,0,93,0,1,89,0,90,0,19,164,0,183,130,0,130,313
06/19/2020,SUS,MO,ACE,CE,Towers with Radar,0,16,46,0,62,0,1,101,0,102,0,17,147,0,164,119,0,119,283
06/20/2020,SUS,MO,ACE,CE,Towers with Radar,0,24,41,0,65,0,0,56,0,56,0,24,97,0,121,27,0,27,148
06/21/2020,SUS,MO,ACE,CE,Towers with Radar,0,25,37,0,62,0,4,55,0,59,0,29,92,0,121,40,0,40,161
06/22/2020,SUS,MO,ACE,CE,Towers with Radar,0,28,53,2,83,0,3,37,0,40,0,31,90,2,123,30,0,30,153
06/23/2020,SUS,MO,ACE,CE,Towers with Radar,0,28,67,2,97,0,4,99,0,103,0,32,166,2,200,54,0,54,254
06/24/2020,SUS,MO,ACE,CE,Towers with Radar,0,26,71,0,97,0,0,88,0,88,0,26,159,0,185,68,0,68,253
06/25/2020,SUS,MO,ACE,CE,Towers with Radar,0,31,45,2,78,0,0,81,0,81,0,31,126,2,159,66,0,66,225
06/26/2020,SUS,MO,ACE,CE,Towers with Radar,0,30,61,0,91,0,1,96,0,97,0,31,157,0,188,74,0,74,262
06/27/2020,SUS,MO,ACE,CE,Towers with Radar,0,21,31,0,52,0,1,19,0,20,0,22,50,0,72,150,0,150,222
06/28/2020,SUS,MO,ACE,CE,Towers with Radar,0,35,49,0,84,0,2,50,0,52,0,37,99,0,136,66,0,66,202
06/29/2020,SUS,MO,ACE,CE,Towers with Radar,0,14,31,0,45,0,0,73,0,73,0,14,104,0,118,150,0,150,268
06/30/2020,SUS,MO,ACE,CE,Towers with Radar,0,27,32,0,59,0,2,6,0,8,0,29,38,0,67,2,0,2,69
07/01/2020,SUS,MO,ACE,CE,Towers with Radar,0,23,57,0,80,0,2,59,0,61,0,25,116,0,141,113,0,113,254
07/02/2020,SUS,MO,ACE,CE,Towers with Radar,0,20,49,0,69,0,2,90,0,92,0,22,139,0,161,178,0,178,339
07/03/2020,SUS,MO,ACE,CE,Towers with Radar,0,19,33,0,52,0,3,49,0,52,0,22,82,0,104,64,0,64,168
07/04/2020,SUS,MO,ACE,CE,Towers with Radar,0,13,15,0,28,0,1,49,0,50,0,14,64,0,78,15,0,15,93
07/05/2020,SUS,MO,ACE,CE,Towers with Radar,0,25,36,0,61,0,3,46,0,49,0,28,82,0,110,26,0,26,136
07/06/2020,SUS,MO,ACE,CE,Towers with Radar,0,31,30,10,71,0,2,70,0,72,0,33,100,10,143,46,0,46,189
07/07/2020,SUS,MO,ACE,CE,Towers with Radar,0,32,45,3,80,0,1,68,2,71,0,33,113,5,151,54,0,54,205
07/08/2020,SUS,MO,ACE,CE,Towers with Radar,0,31,50,8,89,0,1,85,9,95,0,32,135,17,184,78,0,78,262
07/09/2020,SUS,MO,ACE,CE,Towers with Radar,0,15,57,5,77,0,1,93,2,96,0,16,150,7,173,61,4,65,238
07/10/2020,SUS,MO,ACE,CE,Towers with Radar,0,16,51,2,69,0,0,88,4,92,0,16,139,6,161,116,0,116,277
07/11/2020,SUS,MO,ACE,CE,Towers with Radar,0,26,36,0,62,0,1,113,0,114,0,27,149,0,176,111,0,111,287
07/12/2020,SUS,MO,ACE,CE,Towers with Radar,0,27,46,2,75,0,3,89,0,92,0,30,135,2,167,78,0,78,245
07/13/2020,SUS,MO,ACE,CE,Towers with Radar,0,14,54,2,70,0,2,81,0,83,0,16,135,2,153,35,0,35,188
07/14/2020,SUS,MO,ACE,CE,Towers with Radar,0,21,55,0,76,0,0,101,0,101,0,21,156,0,177,88,0,88,265
07/15/2020,SUS,MO,ACE,CE,Towers with Radar,0,22,24,0,46,0,0,57,0,57,0,22,81,0,103,82,0,82,185
07/16/2020,SUS,MO,ACE,CE,Towers with Radar,0,14,67,1,82,0,0,98,0,98,0,14,165,1,180,150,6,156,336
07/17/2020,SUS,MO,ACE,CE,Towers with Radar,0,15,62,5,82,0,4,72,0,76,0,19,134,5,158,130,0,130,288
07/18/2020,SUS,MO,ACE,CE,Towers with Radar,0,20,39,0,59,0,6,98,0,104,0,26,137,0,163,111,0,111,274
07/19/2020,SUS,MO,ACE,CE,Towers with Radar,0,29,38,0,67,0,2,81,0,83,0,31,119,0,150,71,0,71,221
07/20/2020,SUS,MO,ACE,CE,Towers with Radar,0,28,51,0,79,0,0,32,0,32,0,28,83,0,111,40,0,40,151
07/21/2020,SUS,MO,ACE,CE,Towers with Radar,0,37,38,2,77,0,0,59,1,60,0,37,97,3,137,126,0,126,263
07/22/2020,SUS,MO,ACE,CE,Towers with Radar,2,22,57,2,83,0,0,71,0,71,2,22,128,2,154,186,0,186,340
07/23/2020,SUS,MO,ACE,CE,Towers with Radar,0,24,66,0,90,0,1,108,0,109,0,25,174,0,199,164,0,164,363
07/24/2020,SUS,MO,ACE,CE,Towers with Radar,0,19,66,8,93,0,0,111,2,113,0,19,177,10,206,126,0,126,332
07/25/2020,SUS,MO,ACE,CE,Towers with Radar,0,17,42,2,61,0,4,123,0,127,0,21,165,2,188,134,0,134,322
07/26/2020,SUS,MO,ACE,CE,Towers with Radar,0,22,61,2,85,0,0,103,0,103,0,22,164,2,188,128,0,128,316
07/27/2020,SUS,MO,ACE,CE,Towers with Radar,0,15,34,0,49,0,1,13,0,14,0,16,47,0,63,46,0,46,109
07/28/2020,SUS,MO,ACE,CE,Towers with Radar,0,23,42,4,69,0,0,89,3,92,0,23,131,7,161,92,0,92,253
07/29/2020,SUS,MO,ACE,CE,Towers with Radar,0,22,44,3,69,0,2,47,0,49,0,24,91,3,118,52,0,52,170
07/30/2020,SUS,MO,ACE,CE,Towers with Radar,0,15,61,2,78,0,0,10,0,10,0,15,71,2,88,10,0,10,98
07/31/2020,SUS,MO,ACE,CE,Towers with Radar,0,26,50,0,76,0,0,2,0,2,0,26,52,0,78,33,0,33,111
08/01/2020,SUS,MO,ACE,CE,Towers with Radar,0,31,31,0,62,0,0,96,0,96,0,31,127,0,158,147,0,147,305
08/02/2020,SUS,MO,ACE,CE,Towers with Radar,0,35,43,0,78,0,0,80,0,80,0,35,123,0,158,102,0,102,260
08/03/2020,SUS,MO,ACE,CE,Towers with Radar,0,17,44,0,61,0,0,33,0,33,0,17,77,0,94,114,0,114,208
08/04/2020,SUS,MO,ACE,CE,Towers with Radar,0,23,46,3,72,0,0,89,2,91,0,23,135,5,163,160,0,160,323
08/05/2020,SUS,MO,ACE,CE,Towers with Radar,0,29,46,0,75,0,0,147,0,147,0,29,193,0,222,162,0,162,384
08/06/2020,SUS,MO,ACE,CE,Towers with Radar,0,20,51,2,73,0,6,137,0,143,0,26,188,2,216,134,0,134,350
08/07/2020,SUS,MO,ACE,CE,Towers with Radar,0,19,73,4,96,0,1,152,10,163,0,20,225,14,259,157,0,157,416
08/08/2020,SUS,MO,ACE,CE,Towers with Radar,0,17,39,0,56,0,1,68,0,69,0,18,107,0,125,138,0,138,263
08/09/2020,SUS,MO,ACE,CE,Towers with Radar,0,31,49,0,80,0,0,55,2,57,0,31,104,2,137,42,0,42,179
08/10/2020,SUS,MO,ACE,CE,Towers with Radar,0,18,48,0,66,0,0,71,0,71,0,18,119,0,137,66,0,66,203
08/11/2020,SUS,MO,ACE,CE,Towers with Radar,0,20,68,0,88,0,0,61,0,61,0,20,129,0,149,50,0,50,199
08/12/2020,SUS,MO,ACE,CE,Towers with Radar,0,24,69,5,98,0,0,78,0,78,0,24,147,5,176,102,0,102,278
08/13/2020,SUS,MO,ACE,CE,Towers with Radar,0,20,55,0,75,0,1,40,0,41,0,21,95,0,116,133,0,133,249
08/14/2020,SUS,MO,ACE,CE,Towers with Radar,0,24,77,3,104,0,0,115,2,117,0,24,192,5,221,208,0,208,429
08/15/2020,SUS,MO,ACE,CE,Towers with Radar,0,17,42,0,59,0,0,90,3,93,0,17,132,3,152,106,0,106,258
08/16/2020,SUS,MO,ACE,CE,Towers with Radar,0,23,44,3,70,0,0,126,2,128,0,23,170,5,198,110,0,110,308
08/17/2020,SUS,MO,ACE,CE,Towers with Radar,0,27,54,4,85,0,0,83,0,83,0,27,137,4,168,86,0,86,254
08/18/2020,SUS,MO,ACE,CE,Towers with Radar,0,32,55,0,87,0,4,94,0,98,0,36,149,0,185,92,0,92,277
08/19/2020,SUS,MO,ACE,CE,Towers with Radar,0,19,50,0,69,0,3,144,0,147,0,22,194,0,216,151,0,151,367
08/20/2020,SUS,MO,ACE,CE,Towers with Radar,0,21,61,0,82,0,6,137,0,143,0,27,198,0,225,96,0,96,321
08/21/2020,SUS,MO,ACE,CE,Towers with Radar,0,23,57,0,80,0,0,143,0,143,0,23,200,0,223,90,0,90,313
08/22/2020,SUS,MO,ACE,CE,Towers with Radar,0,14,34,3,51,0,1,105,0,106,0,15,139,3,157,94,0,94,251
08/23/2020,SUS,MO,ACE,CE,Towers with Radar,0,31,53,10,94,0,0,104,0,104,0,31,157,10,198,48,0,48,246
08/24/2020,SUS,MO,ACE,CE,Towers with Radar,0,11,58,3,72,0,9,124,5,138,0,20,182,8,210,133,0,133,343
08/25/2020,SUS,MO,ACE,CE,Towers with Radar,0,22,55,7,84,0,2,115,0,117,0,24,170,7,201,107,0,107,308
08/26/2020,SUS,MO,ACE,CE,Towers with Radar,0,23,71,9,103,0,0,96,1,97,0,23,167,10,200,114,0,114,314
08/27/2020,SUS,MO,ACE,CE,Towers with Radar,0,21,72,1,94,0,0,65,7,72,0,21,137,8,166,112,12,124,290
08/28/2020,SUS,MO,ACE,CE,Towers with Radar,0,14,53,3,70,0,1,57,12,70,0,15,110,15,140,94,4,98,238
08/29/2020,SUS,MO,ACE,CE,Towers with Radar,0,20,27,2,49,0,1,76,0,77,0,21,103,2,126,166,0,166,292
08/30/2020,SUS,MO,ACE,CE,Towers with Radar,0,29,74,0,103,0,0,101,0,101,0,29,175,0,204,80,0,80,284
08/31/2020,SUS,MO,ACE,CE,Towers with Radar,0,21,60,4,85,0,9,34,0,43,0,30,94,4,128,56,0,56,184
09/01/2020,SUS,MO,ACE,CE,Towers with Radar,0,11,43,0,54,0,0,9,0,9,0,11,52,0,63,58,0,58,121
09/02/2020,SUS,MO,ACE,CE,Towers with Radar,0,19,68,2,89,0,5,60,0,65,0,24,128,2,154,132,0,132,286
09/03/2020,SUS,MO,ACE,CE,Towers with Radar,0,28,75,0,103,0,0,110,0,110,0,28,185,0,213,100,0,100,313
09/04/2020,SUS,MO,ACE,CE,Towers with Radar,1,26,81,2,110,0,2,163,0,165,1,28,244,2,275,204,0,204,479
09/05/2020,SUS,MO,ACE,CE,Towers with Radar,0,14,38,0,52,0,0,129,0,129,0,14,167,0,181,148,0,148,329
09/06/2020,SUS,MO,ACE,CE,Towers with Radar,0,15,26,0,41,0,0,73,0,73,0,15,99,0,114,90,0,90,204
09/07/2020,SUS,MO,ACE,CE,Towers with Radar,0,34,64,0,98,0,0,78,0,78,0,34,142,0,176,52,0,52,228
09/08/2020,SUS,MO,ACE,CE,Towers with Radar,0,22,71,2,95,0,0,52,0,52,0,22,123,2,147,87,0,87,234
09/09/2020,SUS,MO,ACE,CE,Towers with Radar,0,31,73,0,104,0,1,51,0,52,0,32,124,0,156,95,0,95,251
09/10/2020,SUS,MO,ACE,CE,Towers with Radar,0,33,90,0,123,0,0,32,0,32,0,33,122,0,155,142,0,142,297
09/11/2020,SUS,MO,ACE,CE,Towers with Radar,1,27,92,0,120,0,2,85,0,87,1,29,177,0,207,217,0,217,424
09/12/2020,SUS,MO,ACE,CE,Towers with Radar,0,23,37,0,60,0,0,24,0,24,0,23,61,0,84,58,0,58,142
09/13/2020,SUS,MO,ACE,CE,Towers with Radar,0,40,47,0,87,0,5,126,0,131,0,45,173,0,218,158,0,158,376
09/14/2020,SUS,MO,ACE,CE,Towers with Radar,0,14,40,0,54,0,17,57,2,76,0,31,97,2,130,84,0,84,214
09/15/2020,SUS,MO,ACE,CE,Towers with Radar,0,31,57,2,90,0,1,111,0,112,0,32,168,2,202,59,0,59,261
09/16/2020,SUS,MO,ACE,CE,Towers with Radar,0,26,87,4,117,0,1,117,6,124,0,27,204,10,241,151,0,151,392
09/17/2020,SUS,MO,ACE,CE,Towers with Radar,0,31,77,2,110,0,2,94,2,98,0,33,171,4,208,97,0,97,305
09/18/2020,SUS,MO,ACE,CE,Towers with Radar,0,38,62,7,107,0,0,102,1,103,0,38,164,8,210,186,0,186,396
09/19/2020,SUS,MO,ACE,CE,Towers with Radar,0,13,57,0,70,0,5,140,0,145,0,18,197,0,215,112,0,112,327
09/20/2020,SUS,MO,ACE,CE,Towers with Radar,0,25,60,0,85,0,3,123,0,126,0,28,183,0,211,74,0,74,285
09/21/2020,SUS,MO,ACE,CE,Towers with Radar,0,17,68,5,90,0,9,97,0,106,0,26,165,5,196,158,0,158,354
09/22/2020,SUS,MO,ACE,CE,Towers with Radar,0,26,67,0,93,0,3,101,4,108,0,29,168,4,201,186,0,186,387
09/23/2020,SUS,MO,ACE,CE,Towers with Radar,0,30,74,7,111,0,0,93,1,94,0,30,167,8,205,94,0,94,299
09/24/2020,SUS,MO,ACE,CE,Towers with Radar,0,33,85,7,125,0,4,82,0,86,0,37,167,7,211,110,0,110,321
09/25/2020,SUS,MO,ACE,CE,Towers with Radar,0,21,67,8,96,0,0,139,4,143,0,21,206,12,239,204,4,208,447
09/26/2020,SUS,MO,ACE,CE,Towers with Radar,0,16,43,3,62,0,0,104,1,105,0,16,147,4,167,54,10,64,231
09/27/2020,SUS,MO,ACE,CE,Towers with Radar,0,39,42,0,81,0,0,43,0,43,0,39,85,0,124,95,0,95,219
09/28/2020,SUS,MO,ACE,CE,Towers with Radar,2,26,54,0,82,0,5,34,0,39,2,31,88,0,121,82,0,82,203
09/29/2020,SUS,MO,ACE,CE,Towers with Radar,0,33,62,0,95,0,3,90,0,93,0,36,152,0,188,174,0,174,362
09/30/2020,SUS,MO,ACE,CE,Towers with Radar,0,27,63,0,90,0,0,92,0,92,0,27,155,0,182,96,0,96,278
10/01/2020,SUS,MO,ACE,CE,Towers with Radar,0,33,52,0,85,0,0,88,1,89,0,33,140,1,174,132,0,132,306
10/02/2020,SUS,MO,ACE,CE,Towers with Radar,0,37,72,4,113,0,1,150,0,151,0,38,222,4,264,208,0,208,472
10/03/2020,SUS,MO,ACE,CE,Towers with Radar,0,23,24,2,49,0,0,43,0,43,0,23,67,2,92,86,0,86,178
10/04/2020,SUS,MO,ACE,CE,Towers with Radar,0,39,61,2,102,0,3,34,0,37,0,42,95,2,139,16,0,16,155
10/05/2020,SUS,MO,ACE,CE,Towers with Radar,0,24,46,1,71,0,1,85,0,86,0,25,131,1,157,148,0,148,305
10/06/2020,SUS,MO,ACE,CE,Towers with Radar,0,30,64,0,94,0,1,120,3,124,0,31,184,3,218,226,0,226,444
10/07/2020,SUS,MO,ACE,CE,Towers with Radar,2,21,70,3,96,0,0,168,5,173,2,21,238,8,269,208,0,208,477
10/08/2020,SUS,MO,ACE,CE,Towers with Radar,1,35,65,0,101,0,4,109,0,113,1,39,174,0,214,82,0,82,296
10/09/2020,SUS,MO,ACE,CE,Towers with Radar,1,20,74,7,102,0,1,91,0,92,1,21,165,7,194,172,0,172,366
10/10/2020,SUS,MO,ACE,CE,Towers with Radar,0,18,36,1,55,0,0,99,0,99,0,18,135,1,154,143,0,143,297
10/11/2020,SUS,MO,ACE,CE,Towers with Radar,0,36,59,4,99,0,0,99,0,99,0,36,158,4,198,126,0,126,324
10/12/2020,SUS,MO,ACE,CE,Towers with Radar,1,31,63,1,96,0,1,39,0,40,1,32,102,1,136,94,0,94,230
10/13/2020,SUS,MO,ACE,CE,Towers with Radar,1,33,52,0,86,0,2,153,0,155,1,35,205,0,241,120,0,120,361
10/14/2020,SUS,MO,ACE,CE,Towers with Radar,0,33,59,0,92,0,1,98,0,99,0,34,157,0,191,141,0,141,332
10/15/2020,SUS,MO,ACE,CE,Towers with Radar,0,29,54,3,86,0,3,96,0,99,0,32,150,3,185,166,0,166,351
10/16/2020,SUS,MO,ACE,CE,Towers with Radar,2,25,68,8,103,0,0,83,0,83,2,25,151,8,186,68,0,68,254
10/17/2020,SUS,MO,ACE,CE,Towers with Radar,0,16,20,4,40,0,0,26,0,26,0,16,46,4,66,24,0,24,90
10/18/2020,SUS,MO,ACE,CE,Towers with Radar,0,32,57,2,91,0,0,42,0,42,0,32,99,2,133,30,0,30,163
10/19/2020,SUS,MO,ACE,CE,Towers with Radar,0,22,61,2,85,0,0,3,0,3,0,22,64,2,88,10,0,10,98
10/20/2020,SUS,MO,ACE,CE,Towers with Radar,0,27,45,0,72,0,0,0,0,0,0,27,45,0,72,0,0,0,72
10/21/2020,SUS,MO,ACE,CE,Towers with Radar,0,27,62,0,89,0,0,0,0,0,0,27,62,0,89,0,0,0,89
10/22/2020,SUS,MO,ACE,CE,Towers with Radar,2,25,75,3,105,0,4,117,11,132,2,29,192,14,237,110,0,110,347
10/23/2020,SUS,MO,ACE,CE,Towers with Radar,1,21,57,2,81,0,1,17,0,18,1,22,74,2,99,20,0,20,119
10/24/2020,SUS,MO,ACE,CE,Towers with Radar,0,10,42,0,52,0,1,86,0,87,0,11,128,0,139,122,0,122,261
10/25/2020,SUS,MO,ACE,CE,Towers with Radar,0,29,42,0,71,0,0,57,0,57,0,29,99,0,128,132,0,132,260
10/26/2020,SUS,MO,ACE,CE,Towers with Radar,0,13,40,0,53,0,0,0,0,0,0,13,40,0,53,0,0,0,53
10/27/2020,SUS,MO,ACE,CE,Towers with Radar,0,18,61,0,79,0,0,0,0,0,0,18,61,0,79,0,0,0,79
10/28/2020,SUS,MO,ACE,CE,Towers with Radar,0,27,81,10,118,0,0,7,1,8,0,27,88,11,126,30,0,30,156
10/29/2020,SUS,MO,ACE,CE,Towers with Radar,0,28,68,0,96,0,1,19,0,20,0,29,87,0,116,4,0,4,120
10/30/2020,SUS,MO,ACE,CE,Towers with Radar,0,23,66,1,90,0,0,155,3,158,0,23,221,4,248,278,0,278,526
10/31/2020,SUS,MO,ACE,CE,Towers with Radar,0,8,35,2,45,0,0,75,0,75,0,8,110,2,120,84,0,84,204
11/01/2020,SUS,MO,ACE,CE,Towers with Radar,0,32,27,0,59,0,2,23,0,25,0,34,50,0,84,10,0,10,94
11/02/2020,SUS,MO,ACE,CE,Towers with Radar,0,25,57,5,87,0,2,109,0,111,0,27,166,5,198,130,0,130,328
11/03/2020,SUS,MO,ACE,CE,Towers with Radar,0,22,37,3,62,0,0,88,0,88,0,22,125,3,150,124,0,124,274
11/04/2020,SUS,MO,ACE,CE,Towers with Radar,0,30,52,2,84,0,2,113,1,116,0,32,165,3,200,209,0,209,409
11/05/2020,SUS,MO,ACE,CE,Towers with Radar,0,14,56,3,73,0,0,142,1,143,0,14,198,4,216,266,0,266,482
11/06/2020,SUS,MO,ACE,CE,Towers with Radar,0,31,58,5,94,0,0,135,2,137,0,31,193,7,231,278,4,282,513
11/07/2020,SUS,MO,ACE,CE,Towers with Radar,0,18,43,10,71,0,1,98,4,103,0,19,141,14,174,111,4,115,289
11/08/2020,SUS,MO,ACE,CE,Towers with Radar,0,31,75,1,107,0,3,56,0,59,0,34,131,1,166,161,0,161,327
11/09/2020,SUS,MO,ACE,CE,Towers with Radar,0,26,48,0,74,0,0,46,0,46,0,26,94,0,120,104,0,104,224
11/10/2020,SUS,MO,ACE,CE,Towers with Radar,2,25,46,0,73,0,0,11,0,11,2,25,57,0,84,2,0,2,86
11/11/2020,SUS,MO,ACE,CE,Towers with Radar,0,21,76,0,97,0,1,134,0,135,0,22,210,0,232,245,0,245,477
11/12/2020,SUS,MO,ACE,CE,Towers with Radar,0,33,58,0,91,0,3,97,3,103,0,36,155,3,194,150,0,150,344
11/13/2020,SUS,MO,ACE,CE,Towers with Radar,0,12,69,3,84,0,0,97,0,97,0,12,166,3,181,278,0,278,459
11/14/2020,SUS,MO,ACE,CE,Towers with Radar,0,12,14,0,26,0,0,13,0,13,0,12,27,0,39,8,0,8,47
11/15/2020,SUS,MO,ACE,CE,Towers with Radar,0,33,41,0,74,0,0,12,0,12,0,33,53,0,86,10,0,10,96
11/16/2020,SUS,MO,ACE,CE,Towers with Radar,0,28,55,5,88,0,4,66,0,70,0,32,121,5,158,116,6,122,280
11/17/2020,SUS,MO,ACE,CE,Towers with Radar,0,26,42,2,70,0,2,98,1,101,0,28,140,3,171,148,0,148,319
11/18/2020,SUS,MO,ACE,CE,Towers with Radar,0,21,39,0,60,0,2,65,0,67,0,23,104,0,127,32,0,32,159
11/19/2020,SUS,MO,ACE,CE,Towers with Radar,0,19,33,0,52,0,0,32,0,32,0,19,65,0,84,16,0,16,100
11/20/2020,SUS,MO,ACE,CE,Towers with Radar,0,29,72,0,101,0,0,84,0,84,0,29,156,0,185,236,0,236,421
11/21/2020,SUS,MO,ACE,CE,Towers with Radar,0,14,34,0,48,0,0,25,0,25,0,14,59,0,73,90,0,90,163
11/22/2020,SUS,MO,ACE,CE,Towers with Radar,0,25,50,0,75,0,0,29,0,29,0,25,79,0,104,42,0,42,146
11/23/2020,SUS,MO,ACE,CE,Towers with Radar,0,26,54,2,82,0,0,76,0,76,0,26,130,2,158,136,0,136,294
11/24/2020,SUS,MO,ACE,CE,Towers with Radar,0,26,43,0,69,0,0,55,0,55,0,26,98,0,124,92,0,92,216
11/25/2020,SUS,MO,ACE,CE,Towers with Radar,0,21,44,7,72,0,0,0,0,0,0,21,44,7,72,18,0,18,90
11/26/2020,SUS,MO,ACE,CE,Towers with Radar,0,5,10,0,15,0,0,43,0,43,0,5,53,0,58,38,0,38,96
11/27/2020,SUS,MO,ACE,CE,Towers with Radar,0,14,36,0,50,0,1,127,0,128,0,15,163,0,178,172,0,172,350
11/28/2020,SUS,MO,ACE,CE,Towers with Radar,0,30,41,0,71,0,0,171,0,171,0,30,212,0,242,224,0,224,466
11/29/2020,SUS,MO,ACE,CE,Towers with Radar,0,34,59,0,93,0,0,75,0,75,0,34,134,0,168,125,0,125,293
11/30/2020,SUS,MO,ACE,CE,Towers with Radar,0,16,37,1,54,0,0,43,0,43,0,16,80,1,97,141,0,141,238
12/01/2020,SUS,MO,ACE,CE,Towers with Radar,0,19,57,1,77,0,0,97,6,103,0,19,154,7,180,157,0,157,337
12/02/2020,SUS,MO,ACE,CE,Towers with Radar,0,30,58,1,89,0,0,98,1,99,0,30,156,2,188,184,0,184,372
12/03/2020,SUS,MO,ACE,CE,Towers with Radar,0,19,47,2,68,0,0,39,0,39,0,19,86,2,107,148,0,148,255
12/04/2020,SUS,MO,ACE,CE,Towers with Radar,0,12,65,3,80,0,0,95,1,96,0,12,160,4,176,204,0,204,380
12/05/2020,SUS,MO,ACE,CE,Towers with Radar,2,18,23,0,43,0,0,140,2,142,2,18,163,2,185,150,2,152,337
12/06/2020,SUS,MO,ACE,CE,Towers with Radar,0,32,36,2,70,0,4,77,0,81,0,36,113,2,151,146,0,146,297
12/07/2020,SUS,MO,ACE,CE,Towers with Radar,0,19,46,0,65,0,2,46,0,48,0,21,92,0,113,65,0,65,178
12/08/2020,SUS,MO,ACE,CE,Towers with Radar,0,16,58,0,74,0,2,77,2,81,0,18,135,2,155,142,0,142,297
12/09/2020,SUS,MO,ACE,CE,Towers with Radar,0,25,65,2,92,0,1,114,0,115,0,26,179,2,207,250,0,250,457
12/10/2020,SUS,MO,ACE,CE,Towers with Radar,0,22,82,0,104,0,0,150,0,150,0,22,232,0,254,176,0,176,430
12/11/2020,SUS,MO,ACE,CE,Towers with Radar,0,12,34,0,46,0,0,65,0,65,0,12,99,0,111,182,0,182,293
12/12/2020,SUS,MO,ACE,CE,Towers with Radar,0,18,23,0,41,0,1,22,0,23,0,19,45,0,64,30,0,30,94
12/13/2020,SUS,MO,ACE,CE,Towers with Radar,0,27,44,0,71,0,0,11,0,11,0,27,55,0,82,68,0,68,150
12/14/2020,SUS,MO,ACE,CE,Towers with Radar,0,24,53,0,77,0,0,76,0,76,0,24,129,0,153,104,0,104,257
12/15/2020,SUS,MO,ACE,CE,Towers with Radar,0,35,43,0,78,0,0,63,0,63,0,35,106,0,141,190,0,190,331
12/16/2020,SUS,MO,ACE,CE,Towers with Radar,0,24,57,0,81,0,0,63,0,63,0,24,120,0,144,126,0,126,270
12/17/2020,SUS,MO,ACE,CE,Towers with Radar,0,27,71,0,98,0,1,80,1,82,0,28,151,1,180,174,0,174,354
12/18/2020,SUS,MO,ACE,CE,Towers with Radar,0,32,62,2,96,0,1,80,4,85,0,33,142,6,181,150,0,150,331
12/19/2020,SUS,MO,ACE,CE,Towers with Radar,0,29,38,2,69,0,0,96,0,96,0,29,134,2,165,180,0,180,345
12/20/2020,SUS,MO,ACE,CE,Towers with Radar,0,36,43,0,79,0,0,127,0,127,0,36,170,0,206,159,0,159,365
12/21/2020,SUS,MO,ACE,CE,Towers with Radar,0,26,40,2,68,0,0,52,3,55,0,26,92,5,123,42,0,42,165
12/22/2020,SUS,MO,ACE,CE,Towers with Radar,0,18,52,0,70,0,0,138,2,140,0,18,190,2,210,254,0,254,464
12/23/2020,SUS,MO,ACE,CE,Towers with Radar,0,22,42,0,64,0,0,19,0,19,0,22,61,0,83,56,0,56,139
12/24/2020,SUS,MO,ACE,CE,Towers with Radar,0,6,9,0,15,0,0,35,0,35,0,6,44,0,50,14,0,14,64
12/25/2020,SUS,MO,ACE,CE,Towers with Radar,0,11,3,0,14,0,0,17,0,17,0,11,20,0,31,0,0,0,31
12/26/2020,SUS,MO,ACE,CE,Towers with Radar,0,31,57,0,88,0,0,104,0,104,0,31,161,0,192,109,0,109,301
12/27/2020,SUS,MO,ACE,CE,Towers with Radar,0,51,47,0,98,0,1,37,0,38,0,52,84,0,136,48,0,48,184
12/28/2020,SUS,MO,ACE,CE,Towers with Radar,0,30,29,0,59,0,0,76,0,76,0,30,105,0,135,186,0,186,321
12/29/2020,SUS,MO,ACE,CE,Towers with Radar,0,20,33,0,53,0,0,64,0,64,0,20,97,0,117,182,0,182,299
12/30/2020,SUS,MO,ACE,CE,Towers with Radar,0,24,30,0,54,0,0,11,0,11,0,24,41,0,65,12,0,12,77
12/31/2020,SUS,MO,ACE,CE,Towers with Radar,0,22,27,0,49,0,1,66,0,67,0,23,93,0,116,118,0,118,234
01/01/2021,SUS,MO,ACE,CE,Towers with Radar,0,13,7,0,20,0,0,0,0,0,0,13,7,0,20,0,0,0,20
01/02/2021,SUS,MO,ACE,CE,Towers with Radar,0,36,30,0,66,0,0,0,0,0,0,36,30,0,66,0,0,0,66
01/03/2021,SUS,MO,ACE,CE,Towers with Radar,0,46,77,0,123,0,0,4,0,4,0,46,81,0,127,3,0,3,130
01/04/2021,SUS,MO,ACE,CE,Towers with Radar,0,28,30,2,60,0,0,0,0,0,0,28,30,2,60,0,0,0,60
01/05/2021,SUS,MO,ACE,CE,Towers with Radar,0,30,51,0,81,0,3,145,2,150,0,33,196,2,231,336,0,336,567
01/06/2021,SUS,MO,ACE,CE,Towers with Radar,0,25,38,0,63,0,1,111,4,116,0,26,149,4,179,240,0,240,419
01/07/2021,SUS,MO,ACE,CE,Towers with Radar,0,10,32,0,42,0,0,46,2,48,0,10,78,2,90,156,0,156,246
01/08/2021,SUS,MO,ACE,CE,Towers with Radar,0,22,40,0,62,0,1,43,0,44,0,23,83,0,106,204,0,204,310
01/09/2021,SUS,MO,ACE,CE,Towers with Radar,0,19,20,0,39,0,1,37,0,38,0,20,57,0,77,156,0,156,233
01/10/2021,SUS,MO,ACE,CE,Towers with Radar,0,32,20,0,52,0,0,23,0,23,0,32,43,0,75,126,0,126,201
01/11/2021,SUS,MO,ACE,CE,Towers with Radar,0,13,57,0,70,0,0,36,1,37,0,13,93,1,107,230,0,230,337
01/12/2021,SUS,MO,ACE,CE,Towers with Radar,0,22,50,0,72,0,0,132,11,143,0,22,182,11,215,180,0,180,395
01/13/2021,SUS,MO,ACE,CE,Towers with Radar,0,30,56,1,87,0,0,96,10,106,0,30,152,11,193,130,0,130,323
01/14/2021,SUS,MO,ACE,CE,Towers with Radar,0,36,35,3,74,0,2,21,7,30,0,38,56,10,104,66,0,66,170
01/15/2021,SUS,MO,ACE,CE,Towers with Radar,0,34,36,0,70,0,0,0,0,0,0,34,36,0,70,0,0,0,70
01/16/2021,SUS,MO,ACE,CE,Towers with Radar,0,13,23,0,36,0,0,7,0,7,0,13,30,0,43,34,0,34,77
01/17/2021,SUS,MO,ACE,CE,Towers with Radar,0,22,27,0,49,0,0,18,0,18,0,22,45,0,67,26,0,26,93
01/18/2021,SUS,MO,ACE,CE,Towers with Radar,0,23,51,0,74,0,0,55,2,57,0,23,106,2,131,186,0,186,317
01/19/2021,SUS,MO,ACE,CE,Towers with Radar,0,20,35,0,55,0,0,37,0,37,0,20,72,0,92,126,0,126,218
01/20/2021,SUS,MO,ACE,CE,Towers with Radar,0,25,45,0,70,0,0,95,0,95,0,25,140,0,165,108,0,108,273
01/21/2021,SUS,MO,ACE,CE,Towers with Radar,0,25,69,1,95,0,0,130,3,133,0,25,199,4,228,148,0,148,376
01/22/2021,SUS,MO,ACE,CE,Towers with Radar,0,19,55,1,75,0,0,97,0,97,0,19,152,1,172,119,0,119,291
01/23/2021,SUS,MO,ACE,CE,Towers with Radar,0,26,34,17,77,25,2,86,0,113,25,28,120,17,190,88,2,90,280
01/24/2021,SUS,MO,ACE,CE,Towers with Radar,0,39,24,0,63,0,2,31,0,33,0,41,55,0,96,70,0,70,166
01/25/2021,SUS,MO,ACE,CE,Towers with Radar,0,18,32,0,50,0,0,0,0,0,0,18,32,0,50,0,0,0,50
01/26/2021,SUS,MO,ACE,CE,Towers with Radar,0,31,45,0,76,0,0,7,0,7,0,31,52,0,83,40,0,40,123
01/27/2021,SUS,MO,ACE,CE,Towers with Radar,0,22,31,0,53,0,0,0,0,0,0,22,31,0,53,0,0,0,53
01/28/2021,SUS,MO,ACE,CE,Towers with Radar,0,25,79,2,106,0,1,114,2,117,0,26,193,4,223,261,0,261,484
01/29/2021,SUS,MO,ACE,CE,Towers with Radar,0,27,58,15,100,0,0,165,0,165,0,27,223,15,265,227,0,227,492
01/30/2021,SUS,MO,ACE,CE,Towers with Radar,0,22,13,0,35,0,0,0,0,0,0,22,13,0,35,0,0,0,35
01/31/2021,SUS,MO,ACE,CE,Towers with Radar,0,40,31,0,71,0,0,3,0,3,0,40,34,0,74,32,0,32,106
02/01/2021,SUS,MO,ACE,CE,Towers with Radar,0,24,31,3,58,0,0,36,0,36,0,24,67,3,94,70,0,70,164
02/02/2021,SUS,MO,ACE,CE,Towers with Radar,0,16,49,2,67,0,1,103,0,104,0,17,152,2,171,234,0,234,405
02/03/2021,SUS,MO,ACE,CE,Towers with Radar,0,23,45,1,69,0,0,150,1,151,0,23,195,2,220,250,0,250,470
02/04/2021,SUS,MO,ACE,CE,Towers with Radar,0,22,35,0,57,0,0,3,0,3,0,22,38,0,60,6,0,6,66
02/05/2021,SUS,MO,ACE,CE,Towers with Radar,0,32,78,2,112,0,1,150,0,151,0,33,228,2,263,169,0,169,432
02/06/2021,SUS,MO,ACE,CE,Towers with Radar,0,22,25,0,47,0,1,58,0,59,0,23,83,0,106,173,0,173,279
02/07/2021,SUS,MO,ACE,CE,Towers with Radar,0,24,27,0,51,0,0,37,0,37,0,24,64,0,88,52,0,52,140
02/08/2021,SUS,MO,ACE,CE,Towers with Radar,0,27,35,0,62,0,0,8,0,8,0,27,43,0,70,86,0,86,156
02/09/2021,SUS,MO,ACE,CE,Towers with Radar,0,19,43,0,62,0,0,29,0,29,0,19,72,0,91,6,0,6,97
02/10/2021,SUS,MO,ACE,CE,Towers with Radar,0,34,21,0,55,0,0,1,0,1,0,34,22,0,56,0,0,0,56
02/11/2021,SUS,MO,ACE,CE,Towers with Radar,0,28,46,0,74,0,0,36,0,36,0,28,82,0,110,198,0,198,308
02/12/2021,SUS,MO,ACE,CE,Towers with Radar,0,34,49,0,83,0,0,76,0,76,0,34,125,0,159,200,0,200,359
02/13/2021,SUS,MO,ACE,CE,Towers with Radar,0,15,17,0,32,0,0,15,0,15,0,15,32,0,47,4,0,4,51
02/14/2021,SUS,MO,ACE,CE,Towers with Radar,0,30,25,0,55,0,0,2,0,2,0,30,27,0,57,0,0,0,57
02/15/2021,SUS,MO,ACE,CE,Towers with Radar,0,20,11,0,31,0,0,0,0,0,0,20,11,0,31,0,0,0,31
02/16/2021,SUS,MO,ACE,CE,Towers with Radar,0,49,52,1,102,0,0,31,0,31,0,49,83,1,133,23,0,23,156
02/17/2021,SUS,MO,ACE,CE,Towers with Radar,0,35,23,0,58,0,0,6,0,6,0,35,29,0,64,28,0,28,92
02/18/2021,SUS,MO,ACE,CE,Towers with Radar,0,24,47,0,71,0,1,64,0,65,0,25,111,0,136,70,0,70,206
02/19/2021,SUS,MO,ACE,CE,Towers with Radar,1,28,41,3,73,0,2,81,0,83,1,30,122,3,156,158,0,158,314
02/20/2021,SUS,MO,ACE,CE,Towers with Radar,1,26,31,1,59,0,0,129,0,129,1,26,160,1,188,127,0,127,315
02/21/2021,SUS,MO,ACE,CE,Towers with Radar,0,31,28,4,63,0,3,13,0,16,0,34,41,4,79,9,2,11,90
02/22/2021,SUS,MO,ACE,CE,Towers with Radar,0,18,52,0,70,0,2,73,1,76,0,20,125,1,146,111,0,111,257
02/23/2021,SUS,MO,ACE,CE,Towers with Radar,0,37,50,0,87,0,4,156,0,160,0,41,206,0,247,213,0,213,460
02/24/2021,SUS,MO,ACE,CE,Towers with Radar,0,23,51,0,74,0,0,140,4,144,0,23,191,4,218,97,0,97,315
02/25/2021,SUS,MO,ACE,CE,Towers with Radar,0,39,85,0,124,0,6,167,0,173,0,45,252,0,297,197,0,197,494
02/26/2021,SUS,MO,ACE,CE,Towers with Radar,0,19,67,6,92,0,0,88,2,90,0,19,155,8,182,202,0,202,384
02/27/2021,SUS,MO,ACE,CE,Towers with Radar,0,17,35,2,54,0,0,158,0,158,0,17,193,2,212,166,0,166,378
02/28/2021,SUS,MO,ACE,CE,Towers with Radar,0,38,64,0,102,0,0,17,0,17,0,38,81,0,119,58,0,58,177
03/01/2021,SUS,MO,ACE,CE,Towers with Radar,0,20,73,1,94,0,5,108,4,117,0,25,181,5,211,200,0,200,411
03/02/2021,SUS,MO,ACE,CE,Towers with Radar,2,28,56,1,87,0,3,152,3,158,2,31,208,4,245,260,0,260,505
03/03/2021,SUS,MO,ACE,CE,Towers with Radar,0,36,67,0,103,0,2,157,3,162,0,38,224,3,265,264,0,264,529
03/04/2021,SUS,MO,ACE,CE,Towers with Radar,0,34,98,0,132,0,4,119,11,134,0,38,217,11,266,248,0,248,514
03/05/2021,SUS,MO,ACE,CE,Towers with Radar,0,32,78,4,114,0,0,129,0,129,0,32,207,4,243,292,0,292,535
03/06/2021,SUS,MO,ACE,CE,Towers with Radar,0,16,54,10,80,0,0,170,1,171,0,16,224,11,251,144,0,144,395
03/07/2021,SUS,MO,ACE,CE,Towers with Radar,0,35,59,3,97,0,3,139,0,142,0,38,198,3,239,90,0,90,329
03/08/2021,SUS,MO,ACE,CE,Towers with Radar,0,32,46,2,80,0,0,102,0,102,0,32,148,2,182,194,0,194,376
03/09/2021,SUS,MO,ACE,CE,Towers with Radar,0,19,38,0,57,0,2,77,0,79,0,21,115,0,136,167,0,167,303
03/10/2021,SUS,MO,ACE,CE,Towers with Radar,0,30,46,0,76,0,0,8,0,8,0,30,54,0,84,0,0,0,84
03/11/2021,SUS,MO,ACE,CE,Towers with Radar,0,23,34,0,57,0,0,18,0,18,0,23,52,0,75,84,0,84,159
03/12/2021,SUS,MO,ACE,CE,Towers with Radar,0,29,58,0,87,0,0,71,0,71,0,29,129,0,158,293,0,293,451
03/13/2021,SUS,MO,ACE,CE,Towers with Radar,0,24,41,0,65,0,1,79,0,80,0,25,120,0,145,192,0,192,337
03/14/2021,SUS,MO,ACE,CE,Towers with Radar,0,37,29,0,66,0,0,25,0,25,0,37,54,0,91,92,0,92,183
03/15/2021,SUS,MO,ACE,CE,Towers with Radar,0,27,59,0,86,0,2,1,0,3,0,29,60,0,89,0,0,0,89
03/16/2021,SUS,MO,ACE,CE,Towers with Radar,0,40,76,0,116,0,0,10,0,10,0,40,86,0,126,88,0,88,214
03/17/2021,SUS,MO,ACE,CE,Towers with Radar,0,26,36,0,62,0,0,0,0,0,0,26,36,0,62,0,0,0,62
03/18/2021,SUS,MO,ACE,CE,Towers with Radar,0,20,27,0,47,0,0,0,0,0,0,20,27,0,47,0,0,0,47
03/19/2021,SUS,MO,ACE,CE,Towers with Radar,0,31,69,13,113,0,1,170,0,171,0,32,239,13,284,233,6,239,523
03/20/2021,SUS,MO,ACE,CE,Towers with Radar,0,35,45,8,88,0,0,131,0,131,0,35,176,8,219,161,0,161,380
03/21/2021,SUS,MO,ACE,CE,Towers with Radar,0,40,51,8,99,0,2,77,0,79,0,42,128,8,178,72,0,72,250
03/22/2021,SUS,MO,ACE,CE,Towers with Radar,0,36,56,4,96,0,12,61,2,75,0,48,117,6,171,44,0,44,215
03/23/2021,SUS,MO,ACE,CE,Towers with Radar,0,20,34,0,54,0,0,4,2,6,0,20,38,2,60,0,0,0,60
03/24/2021,SUS,MO,ACE,CE,Towers with Radar,0,34,70,23,127,0,0,91,0,91,0,34,161,23,218,152,12,164,382
03/25/2021,SUS,MO,ACE,CE,Towers with Radar,0,27,53,4,84,0,0,13,0,13,0,27,66,4,97,46,0,46,143
03/26/2021,SUS,MO,ACE,CE,Towers with Radar,0,19,67,36,122,0,0,70,3,73,0,19,137,39,195,188,34,222,417
03/27/2021,SUS,MO,ACE,CE,Towers with Radar,0,24,48,20,92,0,3,91,2,96,0,27,139,22,188,122,0,122,310
03/28/2021,SUS,MO,ACE,CE,Towers with Radar,0,44,45,7,96,0,2,42,0,44,0,46,87,7,140,33,0,33,173
03/29/2021,SUS,MO,ACE,CE,Towers with Radar,2,31,48,0,81,0,0,76,0,76,2,31,124,0,157,44,0,44,201
03/30/2021,SUS,MO,ACE,CE,Towers with Radar,0,26,38,2,66,0,0,73,0,73,0,26,111,2,139,190,0,190,329
03/31/2021,SUS,MO,ACE,CE,Towers with Radar,0,41,54,0,95,0,0,75,6,81,0,41,129,6,176,159,0,159,335
04/01/2021,SUS,MO,ACE,CE,Towers with Radar,0,44,73,0,117,0,15,101,0,116,0,59,174,0,233,134,0,134,367
04/02/2021,SUS,MO,ACE,CE,Towers with Radar,0,36,40,0,76,0,0,145,1,146,0,36,185,1,222,165,0,165,387
04/03/2021,SUS,MO,ACE,CE,Towers with Radar,0,19,29,0,48,0,1,96,1,98,0,20,125,1,146,186,0,186,332
04/04/2021,SUS,MO,ACE,CE,Towers with Radar,0,37,34,0,71,0,1,79,2,82,0,38,113,2,153,136,0,136,289
04/05/2021,SUS,MO,ACE,CE,Towers with Radar,0,30,60,8,98,0,6,94,0,100,0,36,154,8,198,126,0,126,324
04/06/2021,SUS,MO,ACE,CE,Towers with Radar,0,29,69,0,98,0,0,122,6,128,0,29,191,6,226,148,0,148,374
04/07/2021,SUS,MO,ACE,CE,Towers with Radar,0,26,57,0,83,0,0,14,1,15,0,26,71,1,98,70,0,70,168
04/08/2021,SUS,MO,ACE,CE,Towers with Radar,0,21,65,0,86,0,0,34,0,34,0,21,99,0,120,96,0,96,216
04/09/2021,SUS,MO,ACE,CE,Towers with Radar,0,28,64,8,100,0,2,159,0,161,0,30,223,8,261,450,0,450,711
04/10/2021,SUS,MO,ACE,CE,Towers with Radar,0,20,35,0,55,0,0,0,0,0,0,20,35,0,55,0,0,0,55
04/11/2021,SUS,MO,ACE,CE,Towers with Radar,0,29,42,2,73,0,2,47,0,49,0,31,89,2,122,142,0,142,264
04/12/2021,SUS,MO,ACE,CE,Towers with Radar,0,28,62,1,91,0,1,114,0,115,0,29,176,1,206,125,0,125,331
04/13/2021,SUS,MO,ACE,CE,Towers with Radar,0,27,60,2,89,0,1,119,4,124,0,28,179,6,213,224,0,224,437
04/14/2021,SUS,MO,ACE,CE,Towers with Radar,0,37,59,2,98,0,2,132,0,134,0,39,191,2,232,166,0,166,398
04/15/2021,SUS,MO,ACE,CE,Towers with Radar,1,19,68,11,99,0,6,113,2,121,1,25,181,13,220,150,2,152,372
04/16/2021,SUS,MO,ACE,CE,Towers with Radar,0,23,67,6,96,0,0,123,2,125,0,23,190,8,221,320,0,320,541
04/17/2021,SUS,MO,ACE,CE,Towers with Radar,0,13,44,0,57,0,0,52,0,52,0,13,96,0,109,188,0,188,297
04/18/2021,SUS,MO,ACE,CE,Towers with Radar,0,32,49,7,88,0,0,90,0,90,0,32,139,7,178,224,0,224,402
04/19/2021,SUS,MO,ACE,CE,Towers with Radar,0,31,51,0,82,0,8,115,0,123,0,39,166,0,205,178,0,178,383
04/20/2021,SUS,MO,ACE,CE,Towers with Radar,0,28,21,0,49,0,0,6,0,6,0,28,27,0,55,4,0,4,59
04/21/2021,SUS,MO,ACE,CE,Towers with Radar,0,27,43,1,71,0,0,83,0,83,0,27,126,1,154,150,0,150,304
04/22/2021,SUS,MO,ACE,CE,Towers with Radar,0,42,75,0,117,0,4,132,0,136,0,46,207,0,253,332,0,332,585
04/23/2021,SUS,MO,ACE,CE,Towers with Radar,0,29,51,0,80,0,0,77,2,79,0,29,128,2,159,122,10,132,291
04/24/2021,SUS,MO,ACE,CE,Towers with Radar,0,19,33,1,53,0,0,17,1,18,0,19,50,2,71,10,0,10,81
04/25/2021,SUS,MO,ACE,CE,Towers with Radar,0,46,61,2,109,0,1,156,4,161,0,47,217,6,270,187,0,187,457
04/26/2021,SUS,MO,ACE,CE,Towers with Radar,0,30,48,0,78,0,2,39,0,41,0,32,87,0,119,20,0,20,139
04/27/2021,SUS,MO,ACE,CE,Towers with Radar,0,21,59,2,82,0,0,75,2,77,0,21,134,4,159,98,0,98,257
04/28/2021,SUS,MO,ACE,CE,Towers with Radar,0,39,41,0,80,0,0,7,1,8,0,39,48,1,88,14,0,14,102
04/29/2021,SUS,MO,ACE,CE,Towers with Radar,0,19,56,10,85,0,2,68,0,70,0,21,124,10,155,182,0,182,337
04/30/2021,SUS,MO,ACE,CE,Towers with Radar,0,39,64,2,105,0,2,165,0,167,0,41,229,2,272,222,0,222,494
05/01/2021,SUS,MO,ACE,CE,Towers with Radar,0,21,21,0,42,0,0,122,0,122,0,21,143,0,164,163,0,163,327
05/02/2021,SUS,MO,ACE,CE,Towers with Radar,0,44,42,1,87,0,0,62,0,62,0,44,104,1,149,101,0,101,250
05/03/2021,SUS,MO,ACE,CE,Towers with Radar,0,30,56,0,86,0,0,74,0,74,0,30,130,0,160,192,0,192,352
05/04/2021,SUS,MO,ACE,CE,Towers with Radar,0,24,40,0,64,0,0,17,0,17,0,24,57,0,81,52,0,52,133
05/05/2021,SUS,MO,ACE,CE,Towers with Radar,0,43,90,0,133,0,4,169,5,178,0,47,259,5,311,282,0,282,593
05/06/2021,SUS,MO,ACE,CE,Towers with Radar,0,35,58,0,93,0,0,62,7,69,0,35,120,7,162,132,0,132,294
05/07/2021,SUS,MO,ACE,CE,Towers with Radar,0,40,73,2,115,0,0,157,1,158,0,40,230,3,273,296,8,304,577
05/08/2021,SUS,MO,ACE,CE,Towers with Radar,0,20,28,0,48,0,2,65,0,67,0,22,93,0,115,166,0,166,281
05/09/2021,SUS,MO,ACE,CE,Towers with Radar,0,33,26,0,59,0,0,11,0,11,0,33,37,0,70,34,0,34,104
05/10/2021,SUS,MO,ACE,CE,Towers with Radar,0,27,56,5,88,0,0,126,5,131,0,27,182,10,219,238,0,238,457
05/11/2021,SUS,MO,ACE,CE,Towers with Radar,0,30,56,5,91,0,0,94,5,99,0,30,150,10,190,274,0,274,464
05/12/2021,SUS,MO,ACE,CE,Towers with Radar,0,32,89,4,125,0,4,155,1,160,0,36,244,5,285,302,0,302,587
05/13/2021,SUS,MO,ACE,CE,Towers with Radar,0,28,66,4,98,0,2,132,1,135,0,30,198,5,233,236,0,236,469
05/14/2021,SUS,MO,ACE,CE,Towers with Radar,0,19,51,0,70,0,0,151,0,151,0,19,202,0,221,294,0,294,515
05/15/2021,SUS,MO,ACE,CE,Towers with Radar,0,23,39,6,68,0,2,68,0,70,0,25,107,6,138,228,0,228,366
05/16/2021,SUS,MO,ACE,CE,Towers with Radar,0,34,42,2,78,0,0,50,0,50,0,34,92,2,128,198,0,198,326
05/17/2021,SUS,MO,ACE,CE,Towers with Radar,0,27,63,0,90,0,0,25,0,25,0,27,88,0,115,96,0,96,211
05/18/2021,SUS,MO,ACE,CE,Towers with Radar,0,28,66,2,96,0,0,7,0,7,0,28,73,2,103,42,0,42,145
05/19/2021,SUS,MO,ACE,CE,Towers with Radar,0,37,86,9,132,0,3,65,2,70,0,40,151,11,202,156,0,156,358
05/20/2021,SUS,MO,ACE,CE,Towers with Radar,0,34,72,4,110,0,0,107,5,112,0,34,179,9,222,96,0,96,318
05/21/2021,SUS,MO,ACE,CE,Towers with Radar,0,27,73,0,100,0,14,112,1,127,0,41,185,1,227,64,0,64,291
05/22/2021,SUS,MO,ACE,CE,Towers with Radar,0,25,51,0,76,0,0,104,0,104,0,25,155,0,180,140,0,140,320
05/23/2021,SUS,MO,ACE,CE,Towers with Radar,0,43,46,4,93,0,0,99,1,100,0,43,145,5,193,107,0,107,300
05/24/2021,SUS,MO,ACE,CE,Towers with Radar,0,48,66,9,123,0,0,99,1,100,0,48,165,10,223,130,2,132,355
05/25/2021,SUS,MO,ACE,CE,Towers with Radar,0,27,69,2,98,0,2,77,5,84,0,29,146,7,182,96,0,96,278
05/26/2021,SUS,MO,ACE,CE,Towers with Radar,0,38,72,2,112,0,2,84,0,86,0,40,156,2,198,154,0,154,352
05/27/2021,SUS,MO,ACE,CE,Towers with Radar,0,28,46,0,74,0,0,31,0,31,0,28,77,0,105,76,0,76,181
05/28/2021,SUS,MO,ACE,CE,Towers with Radar,0,28,62,0,90,0,0,17,0,17,0,28,79,0,107,82,0,82,189
05/29/2021,SUS,MO,ACE,CE,Towers with Radar,0,22,42,0,64,0,2,101,0,103,0,24,143,0,167,178,0,178,345
05/30/2021,SUS,MO,ACE,CE,Towers with Radar,0,26,30,0,56,0,0,177,0,177,0,26,207,0,233,108,0,108,341
05/31/2021,SUS,MO,ACE,CE,Towers with Radar,0,27,55,0,82,0,0,132,0,132,0,27,187,0,214,92,0,92,306
06/01/2021,SUS,MO,ACE,CE,Towers with Radar,0,32,77,0,109,0,0,91,0,91,0,32,168,0,200,156,0,156,356
06/02/2021,SUS,MO,ACE,CE,Towers with Radar,0,29,95,0,124,0,2,25,0,27,0,31,120,0,151,80,0,80,231
06/03/2021,SUS,MO,ACE,CE,Towers with Radar,0,35,66,2,103,0,12,99,0,111,0,47,165,2,214,192,0,192,406
06/04/2021,SUS,MO,ACE,CE,Towers with Radar,0,30,66,5,101,0,0,136,0,136,0,30,202,5,237,182,0,182,419
06/05/2021,SUS,MO,ACE,CE,Towers with Radar,0,14,45,6,65,0,2,147,3,152,0,16,192,9,217,182,22,204,421
06/06/2021,SUS,MO,ACE,CE,Towers with Radar,0,35,48,7,90,0,0,50,0,50,0,35,98,7,140,118,0,118,258
06/07/2021,SUS,MO,ACE,CE,Towers with Radar,0,36,62,0,98,0,0,42,0,42,0,36,104,0,140,156,0,156,296
06/08/2021,SUS,MO,ACE,CE,Towers with Radar,0,27,57,0,84,0,0,40,0,40,0,27,97,0,124,298,0,298,422
06/09/2021,SUS,MO,ACE,CE,Towers with Radar,0,35,64,4,103,0,0,88,0,88,0,35,152,4,191,246,0,246,437
06/10/2021,SUS,MO,ACE,CE,Towers with Radar,0,45,61,10,116,0,0,109,3,112,0,45,170,13,228,154,4,158,386
06/11/2021,SUS,MO,ACE,CE,Towers with Radar,0,38,83,5,126,0,0,164,1,165,0,38,247,6,291,224,0,224,515
06/12/2021,SUS,MO,ACE,CE,Towers with Radar,0,27,33,0,60,0,0,122,0,122,0,27,155,0,182,206,0,206,388
06/13/2021,SUS,MO,ACE,CE,Towers with Radar,0,46,75,0,121,0,1,101,0,102,0,47,176,0,223,168,0,168,391
06/14/2021,SUS,MO,ACE,CE,Towers with Radar,0,22,70,2,94,0,2,80,0,82,0,24,150,2,176,159,0,159,335
06/15/2021,SUS,MO,ACE,CE,Towers with Radar,0,30,66,0,96,0,2,154,0,156,0,32,220,0,252,360,0,360,612
06/16/2021,SUS,MO,ACE,CE,Towers with Radar,0,30,79,0,109,0,3,108,0,111,0,33,187,0,220,236,0,236,456
06/17/2021,SUS,MO,ACE,CE,Towers with Radar,0,40,103,7,150,0,5,128,1,134,0,45,231,8,284,254,0,254,538
06/18/2021,SUS,MO,ACE,CE,Towers with Radar,0,19,75,7,101,0,2,134,0,136,0,21,209,7,237,234,0,234,471
06/19/2021,SUS,MO,ACE,CE,Towers with Radar,0,29,36,0,65,0,0,59,0,59,0,29,95,0,124,98,0,98,222
06/20/2021,SUS,MO,ACE,CE,Towers with Radar,0,37,49,0,86,0,0,67,0,67,0,37,116,0,153,227,0,227,380
06/21/2021,SUS,MO,ACE,CE,Towers with Radar,0,40,50,1,91,0,0,68,1,69,0,40,118,2,160,198,0,198,358
06/22/2021,SUS,MO,ACE,CE,Towers with Radar,0,30,97,4,131,0,0,144,3,147,0,30,241,7,278,272,0,272,550
06/23/2021,SUS,MO,ACE,CE,Towers with Radar,0,36,60,0,96,0,2,117,0,119,0,38,177,0,215,117,0,117,332
06/24/2021,SUS,MO,ACE,CE,Towers with Radar,0,33,57,0,90,0,0,80,0,80,0,33,137,0,170,180,0,180,350
06/25/2021,SUS,MO,ACE,CE,Towers with Radar,0,26,48,0,74,0,0,43,0,43,0,26,91,0,117,102,0,102,219
06/26/2021,SUS,MO,ACE,CE,Towers with Radar,0,36,35,0,71,0,0,32,0,32,0,36,67,0,103,24,0,24,127
06/27/2021,SUS,MO,ACE,CE,Towers with Radar,0,50,40,6,96,0,0,32,0,32,0,50,72,6,128,116,0,116,244
06/28/2021,SUS,MO,ACE,CE,Towers with Radar,0,21,58,2,81,0,0,32,0,32,0,21,90,2,113,138,0,138,251
06/29/2021,SUS,MO,ACE,CE,Towers with Radar,0,38,58,2,98,0,0,86,2,88,0,38,144,4,186,364,0,364,550
06/30/2021,SUS,MO,ACE,CE,Towers with Radar,0,50,51,2,103,0,0,41,0,41,0,50,92,2,144,238,0,238,382
07/01/2021,SUS,MO,ACE,CE,Towers with Radar,0,47,80,0,127,0,0,64,0,64,0,47,144,0,191,224,0,224,415
07/02/2021,SUS,MO,ACE,CE,Towers with Radar,0,34,62,3,99,0,4,139,0,143,0,38,201,3,242,244,0,244,486
07/03/2021,SUS,MO,ACE,CE,Towers with Radar,0,21,45,0,66,0,3,130,0,133,0,24,175,0,199,186,0,186,385
07/04/2021,SUS,MO,ACE,CE,Towers with Radar,0,14,23,2,39,0,0,61,0,61,0,14,84,2,100,48,0,48,148
07/05/2021,SUS,MO,ACE,CE,Towers with Radar,0,34,53,0,87,0,0,80,0,80,0,34,133,0,167,138,0,138,305
07/06/2021,SUS,MO,ACE,CE,Towers with Radar,0,30,66,2,98,0,2,94,0,96,0,32,160,2,194,330,0,330,524
07/07/2021,SUS,MO,ACE,CE,Towers with Radar,0,28,62,2,92,0,4,113,0,117,0,32,175,2,209,358,0,358,567
07/08/2021,SUS,MO,ACE,CE,Towers with Radar,0,40,88,0,128,0,4,109,0,113,0,44,197,0,241,316,0,316,557
07/09/2021,SUS,MO,ACE,CE,Towers with Radar,0,30,78,8,116,0,0,112,0,112,0,30,190,8,228,326,0,326,554
07/10/2021,SUS,MO,ACE,CE,Towers with Radar,0,26,30,0,56,0,0,51,0,51,0,26,81,0,107,138,0,138,245
07/11/2021,SUS,MO,ACE,CE,Towers with Radar,0,46,69,2,117,0,0,28,0,28,0,46,97,2,145,132,0,132,277
07/12/2021,SUS,MO,ACE,CE,Towers with Radar,0,40,72,0,112,0,0,30,0,30,0,40,102,0,142,39,0,39,181
07/13/2021,SUS,MO,ACE,CE,Towers with Radar,0,26,82,0,108,0,0,103,0,103,0,26,185,0,211,360,0,360,571
07/14/2021,SUS,MO,ACE,CE,Towers with Radar,0,31,52,0,83,0,6,136,0,142,0,37,188,0,225,288,0,288,513
07/15/2021,SUS,MO,ACE,CE,Towers with Radar,2,21,59,0,82,0,0,86,0,86,2,21,145,0,168,160,0,160,328
07/16/2021,SUS,MO,ACE,CE,Towers with Radar,0,27,38,0,65,0,0,65,0,65,0,27,103,0,130,172,0,172,302
07/17/2021,SUS,MO,ACE,CE,Towers with Radar,0,21,55,2,78,0,1,84,0,85,0,22,139,2,163,246,0,246,409
07/18/2021,SUS,MO,ACE,CE,Towers with Radar,0,49,54,2,105,0,0,127,0,127,0,49,181,2,232,230,0,230,462
07/19/2021,SUS,MO,ACE,CE,Towers with Radar,0,42,78,0,120,0,3,147,0,150,0,45,225,0,270,358,0,358,628
07/20/2021,SUS,MO,ACE,CE,Towers with Radar,0,38,97,11,146,0,0,129,3,132,0,38,226,14,278,256,10,266,544
07/21/2021,SUS,MO,ACE,CE,Towers with Radar,0,37,94,8,139,0,0,118,8,126,0,37,212,16,265,174,2,176,441
07/22/2021,SUS,MO,ACE,CE,Towers with Radar,0,48,68,18,134,0,3,181,1,185,0,51,249,19,319,244,0,244,563
07/23/2021,SUS,MO,ACE,CE,Towers with Radar,0,45,66,17,128,0,4,151,1,156,0,49,217,18,284,264,0,264,548
07/24/2021,SUS,MO,ACE,CE,Towers with Radar,0,31,71,6,108,0,0,87,0,87,0,31,158,6,195,174,4,178,373
07/25/2021,SUS,MO,ACE,CE,Towers with Radar,0,42,60,2,104,0,0,51,0,51,0,42,111,2,155,186,0,186,341
07/26/2021,SUS,MO,ACE,CE,Towers with Radar,0,37,68,3,108,0,1,75,0,76,0,38,143,3,184,210,0,210,394
07/27/2021,SUS,MO,ACE,CE,Towers with Radar,0,41,75,0,116,0,0,117,0,117,0,41,192,0,233,260,0,260,493
07/28/2021,SUS,MO,ACE,CE,Towers with Radar,0,39,82,2,123,0,5,109,0,114,0,44,191,2,237,220,0,220,457
07/29/2021,SUS,MO,ACE,CE,Towers with Radar,0,40,69,6,115,0,1,103,0,104,0,41,172,6,219,254,0,254,473
07/30/2021,SUS,MO,ACE,CE,Towers with Radar,0,23,60,1,84,0,1,90,0,91,0,24,150,1,175,186,0,186,361
07/31/2021,SUS,MO,ACE,CE,Towers with Radar,0,33,33,0,66,0,0,25,0,25,0,33,58,0,91,92,0,92,183
08/01/2021,SUS,MO,ACE,CE,Towers with Radar,0,49,77,0,126,0,2,62,0,64,0,51,139,0,190,12,0,12,202
08/02/2021,SUS,MO,ACE,CE,Towers with Radar,0,36,53,2,91,0,2,89,0,91,0,38,142,2,182,192,0,192,374
08/03/2021,SUS,MO,ACE,CE,Towers with Radar,0,30,49,8,87,0,1,126,0,127,0,31,175,8,214,332,0,332,546
08/04/2021,SUS,MO,ACE,CE,Towers with Radar,0,40,81,0,121,0,3,120,0,123,0,43,201,0,244,392,0,392,636
08/05/2021,SUS,MO,ACE,CE,Towers with Radar,0,37,61,2,100,0,0,111,0,111,0,37,172,2,211,304,0,304,515
08/06/2021,SUS,MO,ACE,CE,Towers with Radar,0,26,58,4,88,0,1,99,0,100,0,27,157,4,188,220,0,220,408
08/07/2021,SUS,MO,ACE,CE,Towers with Radar,0,32,44,21,97,0,6,131,0,137,0,38,175,21,234,192,0,192,426
08/08/2021,SUS,MO,ACE,CE,Towers with Radar,0,45,56,6,107,0,0,48,4,52,0,45,104,10,159,90,0,90,249
08/09/2021,SUS,MO,ACE,CE,Towers with Radar,0,36,68,1,105,0,0,48,2,50,0,36,116,3,155,170,0,170,325
08/10/2021,SUS,MO,ACE,CE,Towers with Radar,0,30,68,1,99,0,1,84,0,85,0,31,152,1,184,216,0,216,400
08/11/2021,SUS,MO,ACE,CE,Towers with Radar,0,42,82,0,124,0,3,112,0,115,0,45,194,0,239,208,0,208,447
08/12/2021,SUS,MO,ACE,CE,Towers with Radar,2,43,91,0,136,0,0,96,0,96,2,43,187,0,232,96,0,96,328
08/13/2021,SUS,MO,ACE,CE,Towers with Radar,1,38,54,10,103,0,0,121,0,121,1,38,175,10,224,300,0,300,524
08/14/2021,SUS,MO,ACE,CE,Towers with Radar,0,20,52,8,80,0,2,145,2,149,0,22,197,10,229,182,12,194,423
08/15/2021,SUS,MO,ACE,CE,Towers with Radar,0,39,71,8,118,0,1,112,0,113,0,40,183,8,231,208,0,208,439
08/16/2021,SUS,MO,ACE,CE,Towers with Radar,1,31,62,0,94,0,0,101,0,101,1,31,163,0,195,320,0,320,515
08/17/2021,SUS,MO,ACE,CE,Towers with Radar,0,37,65,1,103,0,0,109,0,109,0,37,174,1,212,348,0,348,560
08/18/2021,SUS,MO,ACE,CE,Towers with Radar,0,40,63,2,105,0,0,103,0,103,0,40,166,2,208,280,0,280,488
08/19/2021,SUS,MO,ACE,CE,Towers with Radar,0,35,77,4,116,0,0,121,0,121,0,35,198,4,237,242,0,242,479
08/20/2021,SUS,MO,ACE,CE,Towers with Radar,0,39,51,9,99,0,0,66,2,68,0,39,117,11,167,200,0,200,367
08/21/2021,SUS,MO,ACE,CE,Towers with Radar,0,34,31,0,65,0,0,55,0,55,0,34,86,0,120,64,0,64,184
08/22/2021,SUS,MO,ACE,CE,Towers with Radar,0,43,58,2,103,0,0,133,0,133,0,43,191,2,236,145,0,145,381
08/23/2021,SUS,MO,ACE,CE,Towers with Radar,2,37,72,0,111,0,4,61,1,66,2,41,133,1,177,124,0,124,301
08/24/2021,SUS,MO,ACE,CE,Towers with Radar,0,38,69,2,109,0,0,98,1,99,0,38,167,3,208,228,0,228,436
08/25/2021,SUS,MO,ACE,CE,Towers with Radar,0,32,78,0,110,0,1,115,0,116,0,33,193,0,226,204,0,204,430
08/26/2021,SUS,MO,ACE,CE,Towers with Radar,0,29,80,6,115,0,0,55,1,56,0,29,135,7,171,204,0,204,375
08/27/2021,SUS,MO,ACE,CE,Towers with Radar,0,31,68,4,103,0,2,114,0,116,0,33,182,4,219,156,0,156,375
08/28/2021,SUS,MO,ACE,CE,Towers with Radar,0,34,43,0,77,0,1,122,0,123,0,35,165,0,200,226,0,226,426
08/29/2021,SUS,MO,ACE,CE,Towers with Radar,0,40,60,0,100,0,0,55,0,55,0,40,115,0,155,126,0,126,281
08/30/2021,SUS,MO,ACE,CE,Towers with Radar,1,33,48,0,82,0,0,41,0,41,1,33,89,0,123,140,0,140,263
08/31/2021,SUS,MO,ACE,CE,Towers with Radar,0,55,68,0,123,0,0,55,0,55,0,55,123,0,178,142,0,142,320
09/01/2021,SUS,MO,ACE,CE,Towers with Radar,0,43,78,0,121,0,4,127,0,131,0,47,205,0,252,376,0,376,628
09/02/2021,SUS,MO,ACE,CE,Towers with Radar,2,44,84,6,136,0,2,133,2,137,2,46,217,8,273,156,0,156,429
09/03/2021,SUS,MO,ACE,CE,Towers with Radar,0,45,67,0,112,0,0,91,0,91,0,45,158,0,203,254,0,254,457
09/04/2021,SUS,MO,ACE,CE,Towers with Radar,0,13,28,0,41,0,0,7,0,7,0,13,35,0,48,56,0,56,104
09/05/2021,SUS,MO,ACE,CE,Towers with Radar,0,29,22,0,51,0,2,103,0,105,0,31,125,0,156,128,0,128,284
09/06/2021,SUS,MO,ACE,CE,Towers with Radar,0,43,67,0,110,0,0,130,0,130,0,43,197,0,240,184,0,184,424
09/07/2021,SUS,MO,ACE,CE,Towers with Radar,0,30,50,1,81,0,2,76,0,78,0,32,126,1,159,176,0,176,335
09/08/2021,SUS,MO,ACE,CE,Towers with Radar,0,47,71,0,118,0,3,123,0,126,0,50,194,0,244,198,0,198,442
09/09/2021,SUS,MO,ACE,CE,Towers with Radar,0,51,62,2,115,0,0,143,0,143,0,51,205,2,258,268,0,268,526
09/10/2021,SUS,MO,ACE,CE,Towers with Radar,0,49,68,9,126,0,2,132,1,135,0,51,200,10,261,156,12,168,429
09/11/2021,SUS,MO,ACE,CE,Towers with Radar,0,22,55,0,77,0,2,115,1,118,0,24,170,1,195,158,0,158,353
09/12/2021,SUS,MO,ACE,CE,Towers with Radar,0,46,36,18,100,0,0,82,7,89,0,46,118,25,189,146,0,146,335
09/13/2021,SUS,MO,ACE,CE,Towers with Radar,0,40,53,3,96,0,0,79,3,82,0,40,132,6,178,166,2,168,346
09/14/2021,SUS,MO,ACE,CE,Towers with Radar,0,42,90,1,133,0,2,113,0,115,0,44,203,1,248,214,0,214,462
09/15/2021,SUS,MO,ACE,CE,Towers with Radar,0,48,100,1,149,0,1,175,0,176,0,49,275,1,325,238,0,238,563
09/16/2021,SUS,MO,ACE,CE,Towers with Radar,0,46,78,3,127,0,4,129,1,134,0,50,207,4,261,138,0,138,399
09/17/2021,SUS,MO,ACE,CE,Towers with Radar,0,37,68,2,107,0,0,123,0,123,0,37,191,2,230,266,0,266,496
09/18/2021,SUS,MO,ACE,CE,Towers with Radar,0,28,69,15,112,0,0,124,4,128,0,28,193,19,240,138,0,138,378
09/19/2021,SUS,MO,ACE,CE,Towers with Radar,0,62,70,7,139,0,0,102,1,103,0,62,172,8,242,228,0,228,470
09/20/2021,SUS,MO,ACE,CE,Towers with Radar,0,26,71,0,97,0,2,69,0,71,0,28,140,0,168,166,0,166,334
09/21/2021,SUS,MO,ACE,CE,Towers with Radar,0,47,76,0,123,0,2,38,0,40,0,49,114,0,163,232,0,232,395
09/22/2021,SUS,MO,ACE,CE,Towers with Radar,0,51,72,0,123,0,0,100,0,100,0,51,172,0,223,72,0,72,295
09/23/2021,SUS,MO,ACE,CE,Towers with Radar,0,55,79,0,134,0,3,119,1,123,0,58,198,1,257,184,0,184,441
09/24/2021,SUS,MO,ACE,CE,Towers with Radar,0,42,91,2,135,0,2,112,0,114,0,44,203,2,249,92,0,92,341
09/25/2021,SUS,MO,ACE,CE,Towers with Radar,0,35,52,0,87,0,0,74,7,81,0,35,126,7,168,56,0,56,224
09/26/2021,SUS,MO,ACE,CE,Towers with Radar,0,59,66,0,125,0,0,67,0,67,0,59,133,0,192,74,0,74,266
09/27/2021,SUS,MO,ACE,CE,Towers with Radar,0,54,73,2,129,0,4,70,0,74,0,58,143,2,203,74,0,74,277
09/28/2021,SUS,MO,ACE,CE,Towers with Radar,0,34,74,0,108,0,2,140,0,142,0,36,214,0,250,328,0,328,578
09/29/2021,SUS,MO,ACE,CE,Towers with Radar,0,41,80,0,121,0,0,105,0,105,0,41,185,0,226,254,0,254,480
09/30/2021,SUS,MO,ACE,CE,Towers with Radar,0,30,75,2,107,0,0,88,0,88,0,30,163,2,195,196,0,196,391
10/01/2021,SUS,MO,ACE,CE,Towers with Radar,1,38,87,2,128,0,0,78,0,78,1,38,165,2,206,236,0,236,442
10/02/2021,SUS,MO,ACE,CE,Towers with Radar,0,24,33,0,57,0,0,13,0,13,0,24,46,0,70,126,0,126,196
10/03/2021,SUS,MO,ACE,CE,Towers with Radar,0,45,65,0,110,0,0,29,0,29,0,45,94,0,139,236,0,236,375
10/04/2021,SUS,MO,ACE,CE,Towers with Radar,0,29,64,0,93,0,8,118,0,126,0,37,182,0,219,204,0,204,423
10/05/2021,SUS,MO,ACE,CE,Towers with Radar,0,38,87,0,125,0,0,75,0,75,0,38,162,0,200,284,0,284,484
10/06/2021,SUS,MO,ACE,CE,Towers with Radar,1,46,76,0,123,0,0,42,0,42,1,46,118,0,165,196,0,196,361
10/07/2021,SUS,MO,ACE,CE,Towers with Radar,0,50,63,0,113,0,2,64,0,66,0,52,127,0,179,232,0,232,411
10/08/2021,SUS,MO,ACE,CE,Towers with Radar,0,46,89,2,137,0,3,146,0,149,0,49,235,2,286,170,0,170,456
10/09/2021,SUS,MO,ACE,CE,Towers with Radar,0,25,51,1,77,0,0,99,0,99,0,25,150,1,176,182,0,182,358
10/10/2021,SUS,MO,ACE,CE,Towers with Radar,0,35,73,0,108,0,0,63,0,63,0,35,136,0,171,32,0,32,203
10/11/2021,SUS,MO,ACE,CE,Towers with Radar,0,30,39,0,69,0,0,4,0,4,0,30,43,0,73,8,0,8,81
10/12/2021,SUS,MO,ACE,CE,Towers with Radar,0,39,102,4,145,0,2,171,2,175,0,41,273,6,320,254,6,260,580
10/13/2021,SUS,MO,ACE,CE,Towers with Radar,0,54,77,2,133,0,0,66,4,70,0,54,143,6,203,130,0,130,333
10/14/2021,SUS,MO,ACE,CE,Towers with Radar,0,51,99,4,154,0,0,3,0,3,0,51,102,4,157,20,0,20,177
10/15/2021,SUS,MO,ACE,CE,Towers with Radar,0,26,93,0,119,0,0,25,0,25,0,26,118,0,144,90,0,90,234
10/16/2021,SUS,MO,ACE,CE,Towers with Radar,0,18,51,0,69,0,2,139,0,141,0,20,190,0,210,240,0,240,450
10/17/2021,SUS,MO,ACE,CE,Towers with Radar,0,41,71,9,121,0,0,139,1,140,0,41,210,10,261,162,0,162,423
10/18/2021,SUS,MO,ACE,CE,Towers with Radar,0,49,75,1,125,0,2,147,0,149,0,51,222,1,274,282,0,282,556
10/19/2021,SUS,MO,ACE,CE,Towers with Radar,0,38,88,0,126,0,4,137,0,141,0,42,225,0,267,280,0,280,547
10/20/2021,SUS,MO,ACE,CE,Towers with Radar,0,60,79,1,140,0,1,139,1,141,0,61,218,2,281,92,0,92,373
10/21/2021,SUS,MO,ACE,CE,Towers with Radar,0,46,101,0,147,0,0,77,0,77,0,46,178,0,224,200,0,200,424
10/22/2021,SUS,MO,ACE,CE,Towers with Radar,0,51,107,1,159,0,0,118,0,118,0,51,225,1,277,410,0,410,687
10/23/2021,SUS,MO,ACE,CE,Towers with Radar,0,26,67,0,93,0,0,51,0,51,0,26,118,0,144,192,0,192,336
10/24/2021,SUS,MO,ACE,CE,Towers with Radar,0,52,60,1,113,0,0,25,0,25,0,52,85,1,138,26,0,26,164
10/25/2021,SUS,MO,ACE,CE,Towers with Radar,0,37,61,0,98,0,0,42,0,42,0,37,103,0,140,112,0,112,252
10/26/2021,SUS,MO,ACE,CE,Towers with Radar,0,37,81,22,140,0,0,141,4,145,0,37,222,26,285,248,4,252,537
10/27/2021,SUS,MO,ACE,CE,Towers with Radar,0,57,69,21,147,0,0,87,0,87,0,57,156,21,234,136,0,136,370
10/28/2021,SUS,MO,ACE,CE,Towers with Radar,1,51,48,2,102,0,0,0,0,0,1,51,48,2,102,0,0,0,102
10/29/2021,SUS,MO,ACE,CE,Towers with Radar,0,44,65,5,114,0,0,0,0,0,0,44,65,5,114,0,0,0,114
10/30/2021,SUS,MO,ACE,CE,Towers with Radar,1,29,54,0,84,0,0,64,0,64,1,29,118,0,148,254,0,254,402
10/31/2021,SUS,MO,ACE,CE,Towers with Radar,0,42,74,0,116,0,0,67,0,67,0,42,141,0,183,224,0,224,407
11/01/2021,SUS,MO,ACE,CE,Towers with Radar,1,33,80,4,118,0,0,91,0,91,1,33,171,4,209,290,0,290,499
11/02/2021,SUS,MO,ACE,CE,Towers with Radar,3,36,77,2,118,0,0,156,0,156,3,36,233,2,274,244,0,244,518
11/03/2021,SUS,MO,ACE,CE,Towers with Radar,4,50,84,5,143,0,2,127,4,133,4,52,211,9,276,196,0,196,472
11/04/2021,SUS,MO,ACE,CE,Towers with Radar,2,35,76,5,118,0,4,112,0,116,2,39,188,5,234,268,0,268,502
11/05/2021,SUS,MO,ACE,CE,Towers with Radar,0,45,72,7,124,0,0,156,0,156,0,45,228,7,280,250,0,250,530
11/06/2021,SUS,MO,ACE,CE,Towers with Radar,0,28,65,7,100,0,2,189,0,191,0,30,254,7,291,194,0,194,485
11/07/2021,SUS,MO,ACE,CE,Towers with Radar,0,51,64,25,140,0,0,138,1,139,0,51,202,26,279,210,2,212,491
11/08/2021,SUS,MO,ACE,CE,Towers with Radar,0,36,67,0,103,0,4,100,0,104,0,40,167,0,207,144,0,144,351
11/09/2021,SUS,MO,ACE,CE,Towers with Radar,0,49,88,3,140,0,2,138,0,140,0,51,226,3,280,310,0,310,590
11/10/2021,SUS,MO,ACE,CE,Towers with Radar,2,47,71,0,120,0,1,104,4,109,2,48,175,4,229,160,0,160,389
11/11/2021,SUS,MO,ACE,CE,Towers with Radar,0,39,72,0,111,0,1,24,0,25,0,40,96,0,136,42,0,42,178
11/12/2021,SUS,MO,ACE,CE,Towers with Radar,0,31,63,8,102,0,0,29,2,31,0,31,92,10,133,70,0,70,203
11/13/2021,SUS,MO,ACE,CE,Towers with Radar,0,23,50,0,73,0,1,88,0,89,0,24,138,0,162,288,0,288,450
11/14/2021,SUS,MO,ACE,CE,Towers with Radar,0,39,47,1,87,0,0,33,0,33,0,39,80,1,120,38,0,38,158
11/15/2021,SUS,MO,ACE,CE,Towers with Radar,0,40,76,0,116,0,0,79,0,79,0,40,155,0,195,118,0,118,313
11/16/2021,SUS,MO,ACE,CE,Towers with Radar,0,33,82,0,115,0,2,99,0,101,0,35,181,0,216,138,0,138,354
11/17/2021,SUS,MO,ACE,CE,Towers with Radar,0,45,88,3,136,0,0,21,0,21,0,45,109,3,157,52,0,52,209
11/18/2021,SUS,MO,ACE,CE,Towers with Radar,0,51,76,1,128,0,1,76,1,78,0,52,152,2,206,110,0,110,316
11/19/2021,SUS,MO,ACE,CE,Towers with Radar,0,44,83,7,134,0,2,158,0,160,0,46,241,7,294,230,0,230,524
11/20/2021,SUS,MO,ACE,CE,Towers with Radar,2,24,67,0,93,0,0,121,0,121,2,24,188,0,214,244,0,244,458
11/21/2021,SUS,MO,ACE,CE,Towers with Radar,0,41,87,3,131,0,0,117,1,118,0,41,204,4,249,174,12,186,435
11/22/2021,SUS,MO,ACE,CE,Towers with Radar,0,27,78,2,107,0,0,84,0,84,0,27,162,2,191,216,0,216,407
11/23/2021,SUS,MO,ACE,CE,Towers with Radar,0,48,93,4,145,0,3,118,0,121,0,51,211,4,266,184,0,184,450
11/24/2021,SUS,MO,ACE,CE,Towers with Radar,0,47,54,0,101,0,0,30,0,30,0,47,84,0,131,12,0,12,143
11/25/2021,SUS,MO,ACE,CE,Towers with Radar,0,4,18,0,22,0,0,5,0,5,0,4,23,0,27,0,0,0,27
11/26/2021,SUS,MO,ACE,CE,Towers with Radar,0,22,54,1,77,0,0,115,2,117,0,22,169,3,194,174,0,174,368
11/27/2021,SUS,MO,ACE,CE,Towers with Radar,0,44,64,0,108,0,0,102,0,102,0,44,166,0,210,156,0,156,366
11/28/2021,SUS,MO,ACE,CE,Towers with Radar,0,46,99,0,145,0,0,118,0,118,0,46,217,0,263,178,0,178,441
11/29/2021,SUS,MO,ACE,CE,Towers with Radar,0,38,76,0,114,0,0,100,0,100,0,38,176,0,214,126,0,126,340
11/30/2021,SUS,MO,ACE,CE,Towers with Radar,0,52,73,8,133,0,3,127,0,130,0,55,200,8,263,238,0,238,501
12/01/2021,SUS,MO,ACE,CE,Towers with Radar,0,58,77,2,137,0,0,141,0,141,0,58,218,2,278,182,0,182,460
12/02/2021,SUS,MO,ACE,CE,Towers with Radar,0,54,82,1,137,0,0,156,0,156,0,54,238,1,293,142,0,142,435
12/03/2021,SUS,MO,ACE,CE,Towers with Radar,0,44,70,19,133,0,0,136,0,136,0,44,206,19,269,182,0,182,451
12/04/2021,SUS,MO,ACE,CE,Towers with Radar,0,23,51,4,78,0,1,124,5,130,0,24,175,9,208,158,0,158,366
12/05/2021,SUS,MO,ACE,CE,Towers with Radar,0,41,44,2,87,0,0,20,0,20,0,41,64,2,107,26,0,26,133
12/06/2021,SUS,MO,ACE,CE,Towers with Radar,0,23,61,0,84,0,0,23,0,23,0,23,84,0,107,46,0,46,153
12/07/2021,SUS,MO,ACE,CE,Towers with Radar,0,40,55,0,95,0,0,74,0,74,0,40,129,0,169,176,0,176,345
12/08/2021,SUS,MO,ACE,CE,Towers with Radar,0,46,59,0,105,0,2,117,0,119,0,48,176,0,224,132,0,132,356
12/09/2021,SUS,MO,ACE,CE,Towers with Radar,0,58,71,2,131,0,2,83,9,94,0,60,154,11,225,190,0,190,415
12/10/2021,SUS,MO,ACE,CE,Towers with Radar,0,30,52,0,82,0,0,20,0,20,0,30,72,0,102,68,34,102,204
12/11/2021,SUS,MO,ACE,CE,Towers with Radar,0,20,38,4,62,0,0,82,0,82,0,20,120,4,144,214,0,214,358
12/12/2021,SUS,MO,ACE,CE,Towers with Radar,0,46,75,0,121,0,0,115,0,115,0,46,190,0,236,270,0,270,506
12/13/2021,SUS,MO,ACE,CE,Towers with Radar,0,39,56,4,99,0,0,108,0,108,0,39,164,4,207,172,0,172,379
12/14/2021,SUS,MO,ACE,CE,Towers with Radar,0,35,86,4,125,0,0,93,0,93,0,35,179,4,218,150,0,150,368
12/15/2021,SUS,MO,ACE,CE,Towers with Radar,0,46,48,2,96,0,0,19,0,19,0,46,67,2,115,52,0,52,167
12/16/2021,SUS,MO,ACE,CE,Towers with Radar,0,40,74,5,119,0,0,128,6,134,0,40,202,11,253,248,0,248,501
12/17/2021,SUS,MO,ACE,CE,Towers with Radar,0,52,55,0,107,0,0,13,0,13,0,52,68,0,120,130,0,130,250
12/18/2021,SUS,MO,ACE,CE,Towers with Radar,0,33,39,0,72,0,0,74,0,74,0,33,113,0,146,154,0,154,300
12/19/2021,SUS,MO,ACE,CE,Towers with Radar,0,44,70,0,114,0,0,126,0,126,0,44,196,0,240,202,0,202,442
12/20/2021,SUS,MO,ACE,CE,Towers with Radar,0,21,71,2,94,0,0,125,0,125,0,21,196,2,219,206,0,206,425
12/21/2021,SUS,MO,ACE,CE,Towers with Radar,0,29,61,0,90,0,1,143,0,144,0,30,204,0,234,200,0,200,434
12/22/2021,SUS,MO,ACE,CE,Towers with Radar,0,39,66,5,110,0,0,115,0,115,0,39,181,5,225,248,2,250,475
12/23/2021,SUS,MO,ACE,CE,Towers with Radar,0,35,46,0,81,0,0,56,0,56,0,35,102,0,137,42,0,42,179
12/24/2021,SUS,MO,ACE,CE,Towers with Radar,0,12,9,0,21,0,0,25,0,25,0,12,34,0,46,28,0,28,74
12/25/2021,SUS,MO,ACE,CE,Towers with Radar,0,13,10,0,23,0,0,10,0,10,0,13,20,0,33,6,0,6,39
12/26/2021,SUS,MO,ACE,CE,Towers with Radar,0,60,72,0,132,0,0,0,0,0,0,60,72,0,132,0,0,0,132
12/27/2021,SUS,MO,ACE,CE,Towers with Radar,0,41,81,0,122,0,0,77,0,77,0,41,158,0,199,144,0,144,343
12/28/2021,SUS,MO,ACE,CE,Towers with Radar,0,38,58,0,96,0,0,0,0,0,0,38,58,0,96,0,0,0,96
12/29/2021,SUS,MO,ACE,CE,Towers with Radar,0,34,48,0,82,0,0,10,0,10,0,34,58,0,92,34,0,34,126
12/30/2021,SUS,MO,ACE,CE,Towers with Radar,0,30,40,0,70,0,0,2,0,2,0,30,42,0,72,8,0,8,80
12/31/2021,SUS,MO,ACE,CE,Towers with Radar,0,14,40,0,54,0,0,118,0,118,0,14,158,0,172,96,0,96,268
01/01/2022,SUS,MO,ACE,CE,Towers with Radar,0,22,10,0,32,0,0,0,0,0,0,22,10,0,32,0,0,0,32
01/02/2022,SUS,MO,ACE,CE,Towers with Radar,0,45,67,0,112,0,0,10,0,10,0,45,77,0,122,84,0,84,206
01/03/2022,SUS,MO,ACE,CE,Towers with Radar,1,33,68,0,102,0,0,142,0,142,1,33,210,0,244,226,0,226,470
01/04/2022,SUS,MO,ACE,CE,Towers with Radar,0,42,43,0,85,0,0,88,0,88,0,42,131,0,173,144,0,144,317
01/05/2022,SUS,MO,ACE,CE,Towers with Radar,0,42,32,6,80,0,2,113,1,116,0,44,145,7,196,188,0,188,384
01/06/2022,SUS,MO,ACE,CE,Towers with Radar,0,39,29,0,68,0,0,54,2,56,0,39,83,2,124,194,0,194,318
01/07/2022,SUS,MO,ACE,CE,Towers with Radar,0,20,60,4,84,0,0,125,0,125,0,20,185,4,209,228,0,228,437
01/08/2022,SUS,MO,ACE,CE,Towers with Radar,0,20,14,0,34,0,0,5,0,5,0,20,19,0,39,14,0,14,53
01/09/2022,SUS,MO,ACE,CE,Towers with Radar,0,44,40,0,84,0,0,85,2,87,0,44,125,2,171,208,0,208,379
01/10/2022,SUS,MO,ACE,CE,Towers with Radar,0,32,47,0,79,0,0,120,0,120,0,32,167,0,199,202,0,202,401
01/11/2022,SUS,MO,ACE,CE,Towers with Radar,0,35,46,0,81,0,0,109,0,109,0,35,155,0,190,218,0,218,408
01/12/2022,SUS,MO,ACE,CE,Towers with Radar,0,37,76,2,115,0,1,138,4,143,0,38,214,6,258,256,0,256,514
01/13/2022,SUS,MO,ACE,CE,Towers with Radar,0,38,68,0,106,0,4,147,0,151,0,42,215,0,257,302,0,302,559
01/14/2022,SUS,MO,ACE,CE,Towers with Radar,0,30,43,2,75,0,0,39,0,39,0,30,82,2,114,252,0,252,366
01/15/2022,SUS,MO,ACE,CE,Towers with Radar,0,15,17,0,32,0,0,4,0,4,0,15,21,0,36,36,0,36,72
01/16/2022,SUS,MO,ACE,CE,Towers with Radar,0,39,38,0,77,0,0,77,0,77,0,39,115,0,154,158,0,158,312
01/17/2022,SUS,MO,ACE,CE,Towers with Radar,0,41,53,0,94,0,0,84,0,84,0,41,137,0,178,226,0,226,404
01/18/2022,SUS,MO,ACE,CE,Towers with Radar,0,28,69,2,99,0,0,126,0,126,0,28,195,2,225,190,0,190,415
01/19/2022,SUS,MO,ACE,CE,Towers with Radar,0,36,62,0,98,0,1,62,5,68,0,37,124,5,166,82,0,82,248
01/20/2022,SUS,MO,ACE,CE,Towers with Radar,0,40,60,3,103,0,1,113,0,114,0,41,173,3,217,174,0,174,391
01/21/2022,SUS,MO,ACE,CE,Towers with Radar,0,23,70,5,98,0,2,176,1,179,0,25,246,6,277,290,0,290,567
01/22/2022,SUS,MO,ACE,CE,Towers with Radar,0,25,43,6,74,0,0,174,0,174,0,25,217,6,248,288,0,288,536
01/23/2022,SUS,MO,ACE,CE,Towers with Radar,0,44,56,0,100,0,3,105,0,108,0,47,161,0,208,134,0,134,342
01/24/2022,SUS,MO,ACE,CE,Towers with Radar,0,29,32,2,63,0,1,106,0,107,0,30,138,2,170,208,0,208,378
01/25/2022,SUS,MO,ACE,CE,Towers with Radar,0,36,34,2,72,0,0,127,1,128,0,36,161,3,200,180,0,180,380
01/26/2022,SUS,MO,ACE,CE,Towers with Radar,0,41,50,0,91,0,0,113,8,121,0,41,163,8,212,316,0,316,528
01/27/2022,SUS,MO,ACE,CE,Towers with Radar,0,36,49,10,95,0,0,41,0,41,0,36,90,10,136,218,0,218,354
01/28/2022,SUS,MO,ACE,CE,Towers with Radar,0,36,54,7,97,0,1,83,0,84,0,37,137,7,181,96,0,96,277
01/29/2022,SUS,MO,ACE,CE,Towers with Radar,0,27,35,0,62,0,4,133,0,137,0,31,168,0,199,220,0,220,419
01/30/2022,SUS,MO,ACE,CE,Towers with Radar,0,47,70,1,118,0,0,112,2,114,0,47,182,3,232,116,0,116,348
01/31/2022,SUS,MO,ACE,CE,Towers with Radar,0,29,64,2,95,0,3,125,0,128,0,32,189,2,223,226,0,226,449
02/01/2022,SUS,MO,ACE,CE,Towers with Radar,0,51,53,3,107,0,0,44,0,44,0,51,97,3,151,96,0,96,247
02/02/2022,SUS,MO,ACE,CE,Towers with Radar,0,15,4,0,19,0,0,0,0,0,0,15,4,0,19,0,0,0,19
02/03/2022,SUS,MO,ACE,CE,Towers with Radar,0,9,11,0,20,0,0,0,0,0,0,9,11,0,20,0,0,0,20
02/04/2022,SUS,MO,ACE,CE,Towers with Radar,0,22,47,1,70,0,0,75,0,75,0,22,122,1,145,104,0,104,249
02/05/2022,SUS,MO,ACE,CE,Towers with Radar,0,34,45,0,79,0,2,97,0,99,0,36,142,0,178,78,0,78,256
02/06/2022,SUS,MO,ACE,CE,Towers with Radar,0,45,46,0,91,0,0,98,1,99,0,45,144,1,190,32,0,32,222
02/07/2022,SUS,MO,ACE,CE,Towers with Radar,0,30,57,0,87,0,3,89,0,92,0,33,146,0,179,78,0,78,257
02/08/2022,SUS,MO,ACE,CE,Towers with Radar,0,45,58,2,105,0,0,135,2,137,0,45,193,4,242,242,0,242,484
02/09/2022,SUS,MO,ACE,CE,Towers with Radar,0,47,73,1,121,0,0,130,2,132,0,47,203,3,253,222,0,222,475
02/10/2022,SUS,MO,ACE,CE,Towers with Radar,0,39,63,3,105,0,11,148,0,159,0,50,211,3,264,238,0,238,502
02/11/2022,SUS,MO,ACE,CE,Towers with Radar,0,35,64,5,104,0,0,59,0,59,0,35,123,5,163,264,0,264,427
02/12/2022,SUS,MO,ACE,CE,Towers with Radar,0,24,27,7,58,0,0,103,0,103,0,24,130,7,161,216,0,216,377
02/13/2022,SUS,MO,ACE,CE,Towers with Radar,0,37,33,6,76,0,0,62,0,62,0,37,95,6,138,130,0,130,268
02/14/2022,SUS,MO,ACE,CE,Towers with Radar,2,45,45,7,99,0,8,129,0,137,2,53,174,7,236,260,0,260,496
02/15/2022,SUS,MO,ACE,CE,Towers with Radar,0,47,54,2,103,0,6,140,2,148,0,53,194,4,251,170,0,170,421
02/16/2022,SUS,MO,ACE,CE,Towers with Radar,0,50,80,2,132,0,0,35,0,35,0,50,115,2,167,68,0,68,235
02/17/2022,SUS,MO,ACE,CE,Towers with Radar,0,29,20,0,49,0,0,0,0,0,0,29,20,0,49,0,0,0,49
02/18/2022,SUS,MO,ACE,CE,Towers with Radar,2,45,63,2,112,0,1,103,0,104,2,46,166,2,216,148,0,148,364
02/19/2022,SUS,MO,ACE,CE,Towers with Radar,0,14,38,0,52,0,2,127,0,129,0,16,165,0,181,326,0,326,507
02/20/2022,SUS,MO,ACE,CE,Towers with Radar,0,51,41,0,92,0,1,34,0,35,0,52,75,0,127,84,0,84,211
02/21/2022,SUS,MO,ACE,CE,Towers with Radar,0,47,68,0,115,0,0,92,0,92,0,47,160,0,207,144,0,144,351
02/22/2022,SUS,MO,ACE,CE,Towers with Radar,2,50,50,0,102,0,0,23,0,23,2,50,73,0,125,110,0,110,235
02/23/2022,SUS,MO,ACE,CE,Towers with Radar,0,39,49,0,88,0,0,51,0,51,0,39,100,0,139,210,0,210,349
02/24/2022,SUS,MO,ACE,CE,Towers with Radar,0,20,20,0,40,0,0,0,0,0,0,20,20,0,40,0,0,0,40
02/25/2022,SUS,MO,ACE,CE,Towers with Radar,0,44,63,13,120,0,0,39,2,41,0,44,102,15,161,106,0,106,267
02/26/2022,SUS,MO,ACE,CE,Towers with Radar,0,30,30,4,64,0,0,114,2,116,0,30,144,6,180,206,0,206,386
02/27/2022,SUS,MO,ACE,CE,Towers with Radar,0,38,62,8,108,0,2,151,0,153,0,40,213,8,261,288,0,288,549
02/28/2022,SUS,MO,ACE,CE,Towers with Radar,0,45,71,1,117,0,7,125,0,132,0,52,196,1,249,199,0,199,448
03/01/2022,SUS,MO,ACE,CE,Towers with Radar,0,41,59,0,100,0,2,177,2,181,0,43,236,2,281,302,0,302,583
03/02/2022,SUS,MO,ACE,CE,Towers with Radar,0,47,46,0,93,0,2,190,2,194,0,49,236,2,287,318,0,318,605
03/03/2022,SUS,MO,ACE,CE,Towers with Radar,0,55,83,2,140,0,6,135,0,141,0,61,218,2,281,184,0,184,465
03/04/2022,SUS,MO,ACE,CE,Towers with Radar,2,49,80,0,131,0,5,151,0,156,2,54,231,0,287,350,0,350,637
03/05/2022,SUS,MO,ACE,CE,Towers with Radar,0,35,26,1,62,0,0,59,1,60,0,35,85,2,122,54,0,54,176
03/06/2022,SUS,MO,ACE,CE,Towers with Radar,0,38,56,0,94,0,2,115,0,117,0,40,171,0,211,306,0,306,517
03/07/2022,SUS,MO,ACE,CE,Towers with Radar,1,45,42,0,88,0,0,27,0,27,1,45,69,0,115,60,0,60,175
03/08/2022,SUS,MO,ACE,CE,Towers with Radar,1,54,79,3,137,0,3,128,0,131,1,57,207,3,268,402,0,402,670
03/09/2022,SUS,MO,ACE,CE,Towers with Radar,3,56,73,7,139,0,0,193,3,196,3,56,266,10,335,324,0,324,659
03/10/2022,SUS,MO,ACE,CE,Towers with Radar,1,49,74,12,136,0,0,122,0,122,1,49,196,12,258,278,0,278,536
03/11/2022,SUS,MO,ACE,CE,Towers with Radar,1,43,50,4,98,0,0,54,0,54,1,43,104,4,152,102,0,102,254
03/12/2022,SUS,MO,ACE,CE,Towers with Radar,0,35,49,2,86,0,0,93,0,93,0,35,142,2,179,158,0,158,337
03/13/2022,SUS,MO,ACE,CE,Towers with Radar,1,54,61,3,119,0,0,99,1,100,1,54,160,4,219,162,0,162,381
03/14/2022,SUS,MO,ACE,CE,Towers with Radar,0,45,47,14,106,0,6,97,0,103,0,51,144,14,209,101,0,101,310
03/15/2022,SUS,MO,ACE,CE,Towers with Radar,0,45,51,7,103,0,6,159,2,167,0,51,210,9,270,330,0,330,600
03/16/2022,SUS,MO,ACE,CE,Towers with Radar,1,49,67,0,117,0,2,175,0,177,1,51,242,0,294,84,0,84,378
03/17/2022,SUS,MO,ACE,CE,Towers with Radar,0,45,61,0,106,0,9,130,2,141,0,54,191,2,247,164,0,164,411
03/18/2022,SUS,MO,ACE,CE,Towers with Radar,0,39,41,0,80,0,0,9,1,10,0,39,50,1,90,40,0,40,130
03/19/2022,SUS,MO,ACE,CE,Towers with Radar,0,31,46,0,77,0,0,76,1,77,0,31,122,1,154,150,4,154,308
03/20/2022,SUS,MO,ACE,CE,Towers with Radar,0,53,74,0,127,0,0,161,0,161,0,53,235,0,288,269,0,269,557
03/21/2022,SUS,MO,ACE,CE,Towers with Radar,3,44,47,0,94,0,0,104,0,104,3,44,151,0,198,234,0,234,432
03/22/2022,SUS,MO,ACE,CE,Towers with Radar,0,35,49,0,84,0,0,1,1,2,0,35,50,1,86,0,0,0,86
03/23/2022,SUS,MO,ACE,CE,Towers with Radar,1,47,43,0,91,0,0,3,0,3,1,47,46,0,94,18,0,18,112
03/24/2022,SUS,MO,ACE,CE,Towers with Radar,0,31,52,0,83,0,0,20,0,20,0,31,72,0,103,84,0,84,187
03/25/2022,SUS,MO,ACE,CE,Towers with Radar,0,42,62,12,116,0,0,50,0,50,0,42,112,12,166,164,0,164,330
03/26/2022,SUS,MO,ACE,CE,Towers with Radar,0,22,33,14,69,0,3,45,0,48,0,25,78,14,117,28,8,36,153
03/27/2022,SUS,MO,ACE,CE,Towers with Radar,0,32,60,4,96,0,0,145,0,145,0,32,205,4,241,234,0,234,475
03/28/2022,SUS,MO,ACE,CE,Towers with Radar,0,34,45,0,79,0,13,145,0,158,0,47,190,0,237,304,0,304,541
03/29/2022,SUS,MO,ACE,CE,Towers with Radar,1,36,65,0,102,0,0,50,0,50,1,36,115,0,152,56,0,56,208
03/30/2022,SUS,MO,ACE,CE,Towers with Radar,1,45,45,0,91,0,0,0,0,0,1,45,45,0,91,0,0,0,91
03/31/2022,SUS,MO,ACE,CE,Towers with Radar,0,47,77,0,124,0,0,40,0,40,0,47,117,0,164,190,0,190,354
04/01/2022,SUS,MO,ACE,CE,Towers with Radar,2,33,84,3,122,0,0,210,0,210,2,33,294,3,332,389,0,389,721
04/02/2022,SUS,MO,ACE,CE,Towers with Radar,0,31,33,0,64,0,0,98,0,98,0,31,131,0,162,126,0,126,288
04/03/2022,SUS,MO,ACE,CE,Towers with Radar,0,51,71,4,126,0,0,228,0,228,0,51,299,4,354,166,0,166,520
04/04/2022,SUS,MO,ACE,CE,Towers with Radar,0,53,91,0,144,0,4,114,0,118,0,57,205,0,262,276,0,276,538
04/05/2022,SUS,MO,ACE,CE,Towers with Radar,0,46,59,2,107,0,0,65,0,65,0,46,124,2,172,284,0,284,456
04/06/2022,SUS,MO,ACE,CE,Towers with Radar,0,66,59,1,126,0,0,96,0,96,0,66,155,1,222,219,0,219,441
04/07/2022,SUS,MO,ACE,CE,Towers with Radar,1,46,56,0,103,0,0,33,0,33,1,46,89,0,136,38,0,38,174
04/08/2022,SUS,MO,ACE,CE,Towers with Radar,2,53,57,1,113,0,0,26,0,26,2,53,83,1,139,114,0,114,253
04/09/2022,SUS,MO,ACE,CE,Towers with Radar,0,28,58,0,86,0,4,173,0,177,0,32,231,0,263,374,0,374,637
04/10/2022,SUS,MO,ACE,CE,Towers with Radar,0,38,53,0,91,0,0,71,2,73,0,38,124,2,164,46,0,46,210
04/11/2022,SUS,MO,ACE,CE,Towers with Radar,0,31,52,0,83,0,0,37,0,37,0,31,89,0,120,278,0,278,398
04/12/2022,SUS,MO,ACE,CE,Towers with Radar,1,59,69,4,133,0,0,50,0,50,1,59,119,4,183,132,0,132,315
04/13/2022,SUS,MO,ACE,CE,Towers with Radar,0,42,33,0,75,0,0,22,0,22,0,42,55,0,97,34,0,34,131
04/14/2022,SUS,MO,ACE,CE,Towers with Radar,4,38,90,0,132,0,6,167,0,173,4,44,257,0,305,252,0,252,557
04/15/2022,SUS,MO,ACE,CE,Towers with Radar,0,19,52,3,74,0,2,101,5,108,0,21,153,8,182,294,0,294,476
04/16/2022,SUS,MO,ACE,CE,Towers with Radar,0,22,26,0,48,0,0,192,0,192,0,22,218,0,240,204,0,204,444
04/17/2022,SUS,MO,ACE,CE,Towers with Radar,0,29,26,0,55,0,0,16,0,16,0,29,42,0,71,18,0,18,89
04/18/2022,SUS,MO,ACE,CE,Towers with Radar,0,51,50,4,105,0,0,58,0,58,0,51,108,4,163,110,0,110,273
04/19/2022,SUS,MO,ACE,CE,Towers with Radar,0,43,100,0,143,0,5,207,0,212,0,48,307,0,355,374,0,374,729
04/20/2022,SUS,MO,ACE,CE,Towers with Radar,0,47,62,0,109,0,0,34,0,34,0,47,96,0,143,56,0,56,199
04/21/2022,SUS,MO,ACE,CE,Towers with Radar,0,43,76,2,121,0,0,135,0,135,0,43,211,2,256,354,0,354,610
04/22/2022,SUS,MO,ACE,CE,Towers with Radar,0,30,73,0,103,0,2,77,0,79,0,32,150,0,182,56,0,56,238
04/23/2022,SUS,MO,ACE,CE,Towers with Radar,0,8,16,0,24,0,0,19,0,19,0,8,35,0,43,8,0,8,51
04/24/2022,SUS,MO,ACE,CE,Towers with Radar,0,53,72,0,125,0,0,28,0,28,0,53,100,0,153,90,0,90,243
04/25/2022,SUS,MO,ACE,CE,Towers with Radar,0,44,64,3,111,0,2,115,3,120,0,46,179,6,231,322,0,322,553
04/26/2022,SUS,MO,ACE,CE,Towers with Radar,0,30,74,2,106,0,0,179,0,179,0,30,253,2,285,314,0,314,599
04/27/2022,SUS,MO,ACE,CE,Towers with Radar,0,41,79,2,122,0,2,168,0,170,0,43,247,2,292,266,0,266,558
04/28/2022,SUS,MO,ACE,CE,Towers with Radar,0,38,68,2,108,0,0,63,0,63,0,38,131,2,171,186,0,186,357
04/29/2022,SUS,MO,ACE,CE,Towers with Radar,2,37,50,1,90,0,0,70,0,70,2,37,120,1,160,198,0,198,358
04/30/2022,SUS,MO,ACE,CE,Towers with Radar,0,24,22,0,46,0,0,51,0,51,0,24,73,0,97,46,0,46,143
05/01/2022,SUS,MO,ACE,CE,Towers with Radar,0,57,56,1,114,0,4,131,0,135,0,61,187,1,249,223,0,223,472
05/02/2022,SUS,MO,ACE,CE,Towers with Radar,1,42,61,0,104,0,0,88,0,88,1,42,149,0,192,254,0,254,446
05/03/2022,SUS,MO,ACE,CE,Towers with Radar,1,54,85,0,140,0,0,36,0,36,1,54,121,0,176,252,0,252,428
05/04/2022,SUS,MO,ACE,CE,Towers with Radar,0,41,102,4,147,0,0,60,0,60,0,41,162,4,207,322,0,322,529
05/05/2022,SUS,MO,ACE,CE,Towers with Radar,0,44,69,0,113,0,0,0,0,0,0,44,69,0,113,0,0,0,113
05/06/2022,SUS,MO,ACE,CE,Towers with Radar,0,43,71,2,116,0,0,8,0,8,0,43,79,2,124,42,0,42,166
05/07/2022,SUS,MO,ACE,CE,Towers with Radar,0,28,39,2,69,0,0,214,2,216,0,28,253,4,285,286,4,290,575
05/08/2022,SUS,MO,ACE,CE,Towers with Radar,0,39,39,0,78,0,1,64,0,65,0,40,103,0,143,64,0,64,207
05/09/2022,SUS,MO,ACE,CE,Towers with Radar,0,39,70,4,113,0,0,69,0,69,0,39,139,4,182,82,0,82,264
05/10/2022,SUS,MO,ACE,CE,Towers with Radar,0,33,79,8,120,0,0,146,2,148,0,33,225,10,268,224,4,228,496
05/11/2022,SUS,MO,ACE,CE,Towers with Radar,2,27,65,0,94,0,0,176,4,180,2,27,241,4,274,264,2,266,540
05/12/2022,SUS,MO,ACE,CE,Towers with Radar,0,46,80,2,128,0,4,136,2,142,0,50,216,4,270,198,0,198,468
05/13/2022,SUS,MO,ACE,CE,Towers with Radar,0,50,63,11,124,0,0,110,1,111,0,50,173,12,235,214,18,232,467
05/14/2022,SUS,MO,ACE,CE,Towers with Radar,0,27,46,4,77,0,2,110,1,113,0,29,156,5,190,174,0,174,364
05/15/2022,SUS,MO,ACE,CE,Towers with Radar,0,44,49,3,96,0,0,107,0,107,0,44,156,3,203,224,0,224,427
05/16/2022,SUS,MO,ACE,CE,Towers with Radar,0,54,76,0,130,0,0,160,0,160,0,54,236,0,290,288,0,288,578
05/17/2022,SUS,MO,ACE,CE,Towers with Radar,0,49,74,0,123,0,0,145,0,145,0,49,219,0,268,250,0,250,518
05/18/2022,SUS,MO,ACE,CE,Towers with Radar,0,47,82,0,129,0,4,112,0,116,0,51,194,0,245,326,0,326,571
05/19/2022,SUS,MO,ACE,CE,Towers with Radar,0,47,68,0,115,0,0,77,0,77,0,47,145,0,192,151,0,151,343
05/20/2022,SUS,MO,ACE,CE,Towers with Radar,0,52,67,2,121,0,0,111,0,111,0,52,178,2,232,140,2,142,374
05/21/2022,SUS,MO,ACE,CE,Towers with Radar,0,20,19,0,39,0,0,2,0,2,0,20,21,0,41,6,0,6,47
05/22/2022,SUS,MO,ACE,CE,Towers with Radar,0,46,66,0,112,0,1,134,0,135,0,47,200,0,247,138,0,138,385
05/23/2022,SUS,MO,ACE,CE,Towers with Radar,0,42,62,4,108,0,0,112,0,112,0,42,174,4,220,302,0,302,522
05/24/2022,SUS,MO,ACE,CE,Towers with Radar,0,54,78,1,133,0,0,99,0,99,0,54,177,1,232,282,0,282,514
05/25/2022,SUS,MO,ACE,CE,Towers with Radar,0,45,48,0,93,0,0,11,0,11,0,45,59,0,104,32,0,32,136
05/26/2022,SUS,MO,ACE,CE,Towers with Radar,0,44,66,0,110,0,0,56,0,56,0,44,122,0,166,236,0,236,402
05/27/2022,SUS,MO,ACE,CE,Towers with Radar,0,39,84,0,123,0,2,54,0,56,0,41,138,0,179,274,0,274,453
05/28/2022,SUS,MO,ACE,CE,Towers with Radar,0,30,49,0,79,0,1,210,0,211,0,31,259,0,290,430,0,430,720
05/29/2022,SUS,MO,ACE,CE,Towers with Radar,0,37,17,0,54,0,0,90,0,90,0,37,107,0,144,84,0,84,228
05/30/2022,SUS,MO,ACE,CE,Towers with Radar,0,35,40,2,77,0,1,86,0,87,0,36,126,2,164,46,0,46,210
05/31/2022,SUS,MO,ACE,CE,Towers with Radar,0,45,77,2,124,0,0,110,2,112,0,45,187,4,236,143,0,143,379
06/01/2022,SUS,MO,ACE,CE,Towers with Radar,0,32,64,0,96,0,0,26,0,26,0,32,90,0,122,106,0,106,228
06/02/2022,SUS,MO,ACE,CE,Towers with Radar,0,50,71,2,123,0,0,197,3,200,0,50,268,5,323,182,0,182,505
06/03/2022,SUS,MO,ACE,CE,Towers with Radar,5,31,78,18,132,0,1,192,0,193,5,32,270,18,325,119,0,119,444
06/04/2022,SUS,MO,ACE,CE,Towers with Radar,0,23,50,7,80,0,2,156,0,158,0,25,206,7,238,172,0,172,410
06/05/2022,SUS,MO,ACE,CE,Towers with Radar,0,52,54,2,108,0,0,112,0,112,0,52,166,2,220,40,0,40,260
06/06/2022,SUS,MO,ACE,CE,Towers with Radar,0,46,44,3,93,0,0,64,0,64,0,46,108,3,157,112,0,112,269
06/07/2022,SUS,MO,ACE,CE,Towers with Radar,3,45,71,2,121,0,1,146,0,147,3,46,217,2,268,181,0,181,449
06/08/2022,SUS,MO,ACE,CE,Towers with Radar,0,48,66,1,115,0,3,87,0,90,0,51,153,1,205,98,0,98,303
06/09/2022,SUS,MO,ACE,CE,Towers with Radar,0,43,39,11,93,0,0,135,3,138,0,43,174,14,231,82,0,82,313
06/10/2022,SUS,MO,ACE,CE,Towers with Radar,0,21,42,9,72,0,1,44,5,50,0,22,86,14,122,20,0,20,142
06/11/2022,SUS,MO,ACE,CE,Towers with Radar,0,13,23,0,36,0,0,68,38,106,0,13,91,38,142,28,52,80,222
06/12/2022,SUS,MO,ACE,CE,Towers with Radar,0,40,38,8,86,0,1,42,11,54,0,41,80,19,140,18,16,34,174
06/13/2022,SUS,MO,ACE,CE,Towers with Radar,0,46,46,4,96,0,0,113,7,120,0,46,159,11,216,34,8,42,258
06/14/2022,SUS,MO,ACE,CE,Towers with Radar,0,39,91,1,131,0,1,121,0,122,0,40,212,1,253,186,0,186,439
06/15/2022,SUS,MO,ACE,CE,Towers with Radar,0,52,66,4,122,0,3,142,0,145,0,55,208,4,267,118,0,118,385
06/16/2022,SUS,MO,ACE,CE,Towers with Radar,0,39,94,1,134,0,4,156,1,161,0,43,250,2,295,216,0,216,511
06/17/2022,SUS,MO,ACE,CE,Towers with Radar,0,37,59,15,111,0,0,142,1,143,0,37,201,16,254,232,0,232,486
06/18/2022,SUS,MO,ACE,CE,Towers with Radar,0,25,76,0,101,0,0,182,0,182,0,25,258,0,283,228,0,228,511
06/19/2022,SUS,MO,ACE,CE,Towers with Radar,0,46,40,0,86,0,0,112,0,112,0,46,152,0,198,228,0,228,426
06/20/2022,SUS,MO,ACE,CE,Towers with Radar,0,56,66,2,124,0,0,125,1,126,0,56,191,3,250,294,0,294,544
06/21/2022,SUS,MO,ACE,CE,Towers with Radar,0,41,69,0,110,0,0,117,1,118,0,41,186,1,228,272,0,272,500
06/22/2022,SUS,MO,ACE,CE,Towers with Radar,0,38,62,0,100,0,4,138,0,142,0,42,200,0,242,282,0,282,524
06/23/2022,SUS,MO,ACE,CE,Towers with Radar,0,51,89,3,143,0,1,170,0,171,0,52,259,3,314,272,0,272,586
06/24/2022,SUS,MO,ACE,CE,Towers with Radar,0,37,60,6,103,0,1,133,3,137,0,38,193,9,240,236,2,238,478
06/25/2022,SUS,MO,ACE,CE,Towers with Radar,0,27,46,13,86,0,2,114,1,117,0,29,160,14,203,116,0,116,319
06/26/2022,SUS,MO,ACE,CE,Towers with Radar,0,38,60,0,98,0,2,75,0,77,0,40,135,0,175,194,0,194,369
06/27/2022,SUS,MO,ACE,CE,Towers with Radar,0,38,68,5,111,0,1,147,0,148,0,39,215,5,259,246,0,246,505
06/28/2022,SUS,MO,ACE,CE,Towers with Radar,0,59,75,11,145,0,0,154,0,154,0,59,229,11,299,372,0,372,671
06/29/2022,SUS,MO,ACE,CE,Towers with Radar,3,46,64,0,113,0,2,143,2,147,3,48,207,2,260,388,0,388,648
06/30/2022,SUS,MO,ACE,CE,Towers with Radar,2,67,84,4,157,0,7,140,0,147,2,74,224,4,304,286,0,286,590
07/01/2022,SUS,MO,ACE,CE,Towers with Radar,2,34,71,4,111,0,0,125,2,127,2,34,196,6,238,284,4,288,526
07/02/2022,SUS,MO,ACE,CE,Towers with Radar,0,19,27,0,46,0,0,30,0,30,0,19,57,0,76,132,0,132,208
07/03/2022,SUS,MO,ACE,CE,Towers with Radar,0,19,30,0,49,0,0,88,0,88,0,19,118,0,137,272,0,272,409
07/04/2022,SUS,MO,ACE,CE,Towers with Radar,0,20,30,0,50,0,0,71,0,71,0,20,101,0,121,134,0,134,255
07/05/2022,SUS,MO,ACE,CE,Towers with Radar,0,36,61,2,99,0,0,107,0,107,0,36,168,2,206,212,0,212,418
07/06/2022,SUS,MO,ACE,CE,Towers with Radar,0,27,52,1,80,0,4,121,1,126,0,31,173,2,206,259,0,259,465
07/07/2022,SUS,MO,ACE,CE,Towers with Radar,0,39,70,1,110,0,0,116,2,118,0,39,186,3,228,260,0,260,488
07/08/2022,SUS,MO,ACE,CE,Towers with Radar,0,22,53,5,80,0,0,114,1,115,0,22,167,6,195,390,0,390,585
07/09/2022,SUS,MO,ACE,CE,Towers with Radar,2,29,51,1,83,0,0,39,0,39,2,29,90,1,122,116,0,116,238
07/10/2022,SUS,MO,ACE,CE,Towers with Radar,0,37,68,4,109,0,2,141,0,143,0,39,209,4,252,232,0,232,484
07/11/2022,SUS,MO,ACE,CE,Towers with Radar,0,32,61,0,93,0,5,131,0,136,0,37,192,0,229,348,0,348,577
07/12/2022,SUS,MO,ACE,CE,Towers with Radar,0,39,62,0,101,0,1,197,0,198,0,40,259,0,299,283,0,283,582
07/13/2022,SUS,MO,ACE,CE,Towers with Radar,0,53,63,0,116,0,1,177,0,178,0,54,240,0,294,252,0,252,546
07/14/2022,SUS,MO,ACE,CE,Towers with Radar,0,45,82,0,127,0,0,142,0,142,0,45,224,0,269,206,0,206,475
07/15/2022,SUS,MO,ACE,CE,Towers with Radar,0,48,67,11,126,0,2,170,2,174,0,50,237,13,300,334,0,334,634
07/16/2022,SUS,MO,ACE,CE,Towers with Radar,0,27,48,9,84,0,0,134,0,134,0,27,182,9,218,334,6,340,558
07/17/2022,SUS,MO,ACE,CE,Towers with Radar,0,51,55,16,122,0,0,18,0,18,0,51,73,16,140,76,0,76,216
07/18/2022,SUS,MO,ACE,CE,Towers with Radar,0,37,59,0,96,0,0,126,0,126,0,37,185,0,222,338,0,338,560
07/19/2022,SUS,MO,ACE,CE,Towers with Radar,0,41,70,0,111,0,9,154,1,164,0,50,224,1,275,294,0,294,569
07/20/2022,SUS,MO,ACE,CE,Towers with Radar,0,46,66,17,129,0,2,156,1,159,0,48,222,18,288,174,10,184,472
07/21/2022,SUS,MO,ACE,CE,Towers with Radar,0,40,59,2,101,0,2,146,0,148,0,42,205,2,249,318,0,318,567
07/22/2022,SUS,MO,ACE,CE,Towers with Radar,0,47,76,1,124,0,0,159,0,159,0,47,235,1,283,208,0,208,491
07/23/2022,SUS,MO,ACE,CE,Towers with Radar,0,28,48,8,84,0,0,94,0,94,0,28,142,8,178,151,0,151,329
07/24/2022,SUS,MO,ACE,CE,Towers with Radar,0,39,54,4,97,0,0,71,3,74,0,39,125,7,171,120,0,120,291
07/25/2022,SUS,MO,ACE,CE,Towers with Radar,0,49,72,1,122,0,0,65,0,65,0,49,137,1,187,204,0,204,391
07/26/2022,SUS,MO,ACE,CE,Towers with Radar,0,47,57,0,104,0,0,43,0,43,0,47,100,0,147,195,0,195,342
07/27/2022,SUS,MO,ACE,CE,Towers with Radar,0,70,60,0,130,0,0,109,0,109,0,70,169,0,239,300,0,300,539
07/28/2022,SUS,MO,ACE,CE,Towers with Radar,1,44,68,0,113,0,1,99,0,100,1,45,167,0,213,262,0,262,475
07/29/2022,SUS,MO,ACE,CE,Towers with Radar,1,32,79,3,115,0,0,177,1,178,1,32,256,4,293,282,0,282,575
07/30/2022,SUS,MO,ACE,CE,Towers with Radar,0,26,48,0,74,0,0,149,0,149,0,26,197,0,223,403,0,403,626
07/31/2022,SUS,MO,ACE,CE,Towers with Radar,0,47,72,4,123,0,1,79,0,80,0,48,151,4,203,256,0,256,459
08/01/2022,SUS,MO,ACE,CE,Towers with Radar,0,45,68,0,113,0,7,133,0,140,0,52,201,0,253,196,0,196,449
08/02/2022,SUS,MO,ACE,CE,Towers with Radar,0,63,58,1,122,0,6,118,1,125,0,69,176,2,247,206,0,206,453
08/03/2022,SUS,MO,ACE,CE,Towers with Radar,0,52,57,0,109,0,2,97,2,101,0,54,154,2,210,202,0,202,412
08/04/2022,SUS,MO,ACE,CE,Towers with Radar,0,42,67,13,122,0,0,84,0,84,0,42,151,13,206,246,0,246,452
08/05/2022,SUS,MO,ACE,CE,Towers with Radar,2,49,91,5,147,0,0,93,0,93,2,49,184,5,240,266,0,266,506
08/06/2022,SUS,MO,ACE,CE,Towers with Radar,0,20,52,0,72,0,0,148,0,148,0,20,200,0,220,258,0,258,478
08/07/2022,SUS,MO,ACE,CE,Towers with Radar,0,46,61,1,108,0,0,105,0,105,0,46,166,1,213,138,0,138,351
08/08/2022,SUS,MO,ACE,CE,Towers with Radar,0,57,54,0,111,0,1,101,0,102,0,58,155,0,213,164,0,164,377
08/09/2022,SUS,MO,ACE,CE,Towers with Radar,0,46,86,1,133,0,0,78,0,78,0,46,164,1,211,264,0,264,475
08/10/2022,SUS,MO,ACE,CE,Towers with Radar,0,37,73,0,110,0,0,141,0,141,0,37,214,0,251,178,0,178,429
08/11/2022,SUS,MO,ACE,CE,Towers with Radar,0,41,84,0,125,0,2,189,1,192,0,43,273,1,317,288,0,288,605
08/12/2022,SUS,MO,ACE,CE,Towers with Radar,0,42,54,5,101,0,0,156,0,156,0,42,210,5,257,290,4,294,551
08/13/2022,SUS,MO,ACE,CE,Towers with Radar,0,31,31,0,62,0,0,155,0,155,0,31,186,0,217,200,0,200,417
08/14/2022,SUS,MO,ACE,CE,Towers with Radar,0,43,101,15,159,0,0,90,1,91,0,43,191,16,250,178,16,194,444
08/15/2022,SUS,MO,ACE,CE,Towers with Radar,0,49,56,0,105,0,0,80,0,80,0,49,136,0,185,202,0,202,387
08/16/2022,SUS,MO,ACE,CE,Towers with Radar,0,37,67,0,104,0,0,51,0,51,0,37,118,0,155,272,0,272,427
08/17/2022,SUS,MO,ACE,CE,Towers with Radar,0,41,83,2,126,0,0,172,4,176,0,41,255,6,302,224,0,224,526
08/18/2022,SUS,MO,ACE,CE,Towers with Radar,0,58,78,7,143,0,0,139,0,139,0,58,217,7,282,258,0,258,540
08/19/2022,SUS,MO,ACE,CE,Towers with Radar,1,28,49,4,82,0,2,202,0,204,1,30,251,4,286,354,0,354,640
08/20/2022,SUS,MO,ACE,CE,Towers with Radar,1,36,40,0,77,0,0,86,0,86,1,36,126,0,163,186,0,186,349
08/21/2022,SUS,MO,ACE,CE,Towers with Radar,0,49,66,0,115,0,1,156,0,157,0,50,222,0,272,250,0,250,522
08/22/2022,SUS,MO,ACE,CE,Towers with Radar,1,30,63,4,98,1,7,114,0,122,2,37,177,4,220,326,0,326,546
08/23/2022,SUS,MO,ACE,CE,Towers with Radar,0,35,77,7,119,0,0,116,4,120,0,35,193,11,239,282,0,282,521
08/24/2022,SUS,MO,ACE,CE,Towers with Radar,2,44,46,7,99,0,2,169,2,173,2,46,215,9,272,280,0,280,552
08/25/2022,SUS,MO,ACE,CE,Towers with Radar,0,52,83,3,138,0,0,124,5,129,0,52,207,8,267,308,0,308,575
08/26/2022,SUS,MO,ACE,CE,Towers with Radar,0,24,79,12,115,0,2,155,1,158,0,26,234,13,273,286,6,292,565
08/27/2022,SUS,MO,ACE,CE,Towers with Radar,0,30,48,4,82,0,0,121,4,125,0,30,169,8,207,366,10,376,583
08/28/2022,SUS,MO,ACE,CE,Towers with Radar,0,32,48,4,84,0,0,67,1,68,0,32,115,5,152,116,4,120,272
08/29/2022,SUS,MO,ACE,CE,Towers with Radar,0,34,54,5,93,0,1,61,0,62,0,35,115,5,155,86,2,88,243
08/30/2022,SUS,MO,ACE,CE,Towers with Radar,0,41,74,0,115,0,1,165,0,166,0,42,239,0,281,284,0,284,565
08/31/2022,SUS,MO,ACE,CE,Towers with Radar,0,56,73,3,132,0,1,147,0,148,0,57,220,3,280,341,0,341,621
09/01/2022,SUS,MO,ACE,CE,Towers with Radar,2,40,77,4,123,0,2,124,0,126,2,42,201,4,249,64,0,64,313
09/02/2022,SUS,MO,ACE,CE,Towers with Radar,0,29,76,0,105,0,0,69,0,69,0,29,145,0,174,258,0,258,432
09/03/2022,SUS,MO,ACE,CE,Towers with Radar,0,15,60,0,75,0,1,47,0,48,0,16,107,0,123,150,0,150,273
09/04/2022,SUS,MO,ACE,CE,Towers with Radar,0,30,45,0,75,0,0,2,0,2,0,30,47,0,77,0,0,0,77
09/05/2022,SUS,MO,ACE,CE,Towers with Radar,1,49,76,0,126,0,0,7,0,7,1,49,83,0,133,32,0,32,165
09/06/2022,SUS,MO,ACE,CE,Towers with Radar,1,49,62,2,114,0,0,86,1,87,1,49,148,3,201,252,0,252,453
09/07/2022,SUS,MO,ACE,CE,Towers with Radar,0,53,74,0,127,0,2,136,0,138,0,55,210,0,265,234,0,234,499
09/08/2022,SUS,MO,ACE,CE,Towers with Radar,0,54,93,0,147,0,2,133,0,135,0,56,226,0,282,276,0,276,558
09/09/2022,SUS,MO,ACE,CE,Towers with Radar,2,39,78,6,125,0,0,150,0,150,2,39,228,6,275,288,0,288,563
09/10/2022,SUS,MO,ACE,CE,Towers with Radar,0,22,43,2,67,0,0,149,0,149,0,22,192,2,216,244,0,244,460
09/11/2022,SUS,MO,ACE,CE,Towers with Radar,0,36,63,6,105,0,0,20,0,20,0,36,83,6,125,106,0,106,231
09/12/2022,SUS,MO,ACE,CE,Towers with Radar,0,44,54,2,100,0,1,100,0,101,0,45,154,2,201,114,0,114,315
09/13/2022,SUS,MO,ACE,CE,Towers with Radar,0,56,64,0,120,0,1,174,2,177,0,57,238,2,297,392,0,392,689
09/14/2022,SUS,MO,ACE,CE,Towers with Radar,0,58,74,0,132,0,1,133,3,137,0,59,207,3,269,250,0,250,519
09/15/2022,SUS,MO,ACE,CE,Towers with Radar,0,48,87,0,135,0,4,117,0,121,0,52,204,0,256,145,0,145,401
09/16/2022,SUS,MO,ACE,CE,Towers with Radar,0,37,94,6,137,0,0,160,6,166,0,37,254,12,303,284,0,284,587
09/17/2022,SUS,MO,ACE,CE,Towers with Radar,0,22,35,0,57,0,2,152,1,155,0,24,187,1,212,276,0,276,488
09/18/2022,SUS,MO,ACE,CE,Towers with Radar,0,61,76,1,138,0,1,140,1,142,0,62,216,2,280,244,0,244,524
09/19/2022,SUS,MO,ACE,CE,Towers with Radar,0,48,55,0,103,0,6,105,0,111,0,54,160,0,214,254,0,254,468
09/20/2022,SUS,MO,ACE,CE,Towers with Radar,1,43,70,2,116,0,0,107,2,109,1,43,177,4,225,228,0,228,453
09/21/2022,SUS,MO,ACE,CE,Towers with Radar,1,38,78,5,122,0,0,112,2,114,1,38,190,7,236,330,2,332,568
09/22/2022,SUS,MO,ACE,CE,Towers with Radar,0,60,83,0,143,0,3,132,0,135,0,63,215,0,278,362,0,362,640
09/23/2022,SUS,MO,ACE,CE,Towers with Radar,0,37,98,26,161,0,0,107,1,108,0,37,205,27,269,350,6,356,625
09/24/2022,SUS,MO,ACE,CE,Towers with Radar,0,25,42,0,67,0,4,156,0,160,0,29,198,0,227,436,0,436,663
09/25/2022,SUS,MO,ACE,CE,Towers with Radar,0,41,68,4,113,0,2,84,3,89,0,43,152,7,202,212,0,212,414
09/26/2022,SUS,MO,ACE,CE,Towers with Radar,0,36,48,4,88,0,2,66,1,69,0,38,114,5,157,126,0,126,283
09/27/2022,SUS,MO,ACE,CE,Towers with Radar,1,47,83,6,137,0,6,107,3,116,1,53,190,9,253,230,0,230,483
09/28/2022,SUS,MO,ACE,CE,Towers with Radar,0,55,58,1,114,0,0,135,1,136,0,55,193,2,250,264,0,264,514
09/29/2022,SUS,MO,ACE,CE,Towers with Radar,0,42,87,7,136,0,0,109,0,109,0,42,196,7,245,370,0,370,615
09/30/2022,SUS,MO,ACE,CE,Towers with Radar,0,31,71,0,102,0,2,139,0,141,0,33,210,0,243,222,0,222,465
10/01/2022,SUS,MO,ACE,CE,Towers with Radar,0,25,46,0,71,0,2,123,0,125,0,27,169,0,196,226,0,226,422
10/02/2022,SUS,MO,ACE,CE,Towers with Radar,0,71,72,0,143,0,5,126,1,132,0,76,198,1,275,180,0,180,455
10/03/2022,SUS,MO,ACE,CE,Towers with Radar,1,46,64,3,114,0,0,95,0,95,1,46,159,3,209,276,0,276,485
10/04/2022,SUS,MO,ACE,CE,Towers with Radar,1,57,79,0,137,0,1,127,0,128,1,58,206,0,265,284,0,284,549
10/05/2022,SUS,MO,ACE,CE,Towers with Radar,2,52,73,2,129,0,0,162,1,163,2,52,235,3,292,286,0,286,578
10/06/2022,SUS,MO,ACE,CE,Towers with Radar,0,52,101,0,153,0,2,96,0,98,0,54,197,0,251,202,0,202,453
10/07/2022,SUS,MO,ACE,CE,Towers with Radar,0,41,79,6,126,0,0,119,3,122,0,41,198,9,248,290,6,296,544
10/08/2022,SUS,MO,ACE,CE,Towers with Radar,0,24,48,0,72,0,2,154,3,159,0,26,202,3,231,250,0,250,481
10/09/2022,SUS,MO,ACE,CE,Towers with Radar,2,61,70,0,133,0,2,125,1,128,2,63,195,1,261,214,0,214,475
10/10/2022,SUS,MO,ACE,CE,Towers with Radar,0,44,52,0,96,0,1,149,0,150,0,45,201,0,246,386,0,386,632
10/11/2022,SUS,MO,ACE,CE,Towers with Radar,2,34,67,1,104,0,0,80,2,82,2,34,147,3,186,180,0,180,366
10/12/2022,SUS,MO,ACE,CE,Towers with Radar,1,61,53,2,117,0,0,95,1,96,1,61,148,3,213,220,0,220,433
10/13/2022,SUS,MO,ACE,CE,Towers with Radar,1,56,92,0,149,0,0,69,2,71,1,56,161,2,220,200,0,200,420
10/14/2022,SUS,MO,ACE,CE,Towers with Radar,0,50,86,0,136,0,2,119,1,122,0,52,205,1,258,320,0,320,578
10/15/2022,SUS,MO,ACE,CE,Towers with Radar,0,28,54,2,84,0,0,196,1,197,0,28,250,3,281,490,0,490,771
10/16/2022,SUS,MO,ACE,CE,Towers with Radar,0,67,91,0,158,0,4,141,3,148,0,71,232,3,306,216,0,216,522
10/17/2022,SUS,MO,ACE,CE,Towers with Radar,0,50,55,0,105,0,0,68,0,68,0,50,123,0,173,66,0,66,239
10/18/2022,SUS,MO,ACE,CE,Towers with Radar,0,55,58,6,119,0,1,96,0,97,0,56,154,6,216,60,0,60,276
10/19/2022,SUS,MO,ACE,CE,Towers with Radar,1,51,70,4,126,0,1,121,2,124,1,52,191,6,250,272,0,272,522
10/20/2022,SUS,MO,ACE,CE,Towers with Radar,0,54,87,1,142,0,0,128,0,128,0,54,215,1,270,396,0,396,666
10/21/2022,SUS,MO,ACE,CE,Towers with Radar,1,33,78,4,116,0,0,156,1,157,1,33,234,5,273,266,0,266,539
10/22/2022,SUS,MO,ACE,CE,Towers with Radar,0,25,59,2,86,0,0,86,0,86,0,25,145,2,172,110,0,110,282
10/23/2022,SUS,MO,ACE,CE,Towers with Radar,0,45,52,0,97,0,0,28,0,28,0,45,80,0,125,24,0,24,149
10/24/2022,SUS,MO,ACE,CE,Towers with Radar,0,36,75,4,115,0,1,29,1,31,0,37,104,5,146,28,0,28,174
10/25/2022,SUS,MO,ACE,CE,Towers with Radar,1,46,40,0,87,0,0,1,0,1,1,46,41,0,88,0,0,0,88
10/26/2022,SUS,MO,ACE,CE,Towers with Radar,1,42,96,4,143,0,3,172,2,177,1,45,268,6,320,290,0,290,610
10/27/2022,SUS,MO,ACE,CE,Towers with Radar,0,50,87,0,137,0,5,137,2,144,0,55,224,2,281,268,0,268,549
10/28/2022,SUS,MO,ACE,CE,Towers with Radar,0,28,57,8,93,0,2,139,0,141,0,30,196,8,234,370,0,370,604
10/29/2022,SUS,MO,ACE,CE,Towers with Radar,0,20,43,5,68,0,1,166,1,168,0,21,209,6,236,322,16,338,574
10/30/2022,SUS,MO,ACE,CE,Towers with Radar,0,34,44,1,79,0,0,0,0,0,0,34,44,1,79,0,0,0,79
10/31/2022,SUS,MO,ACE,CE,Towers with Radar,0,37,81,0,118,0,0,37,0,37,0,37,118,0,155,52,0,52,207
11/01/2022,SUS,MO,ACE,CE,Towers with Radar,3,59,80,3,145,0,4,139,3,146,3,63,219,6,291,352,0,352,643
11/02/2022,SUS,MO,ACE,CE,Towers with Radar,1,51,80,2,134,0,4,181,0,185,1,55,261,2,319,367,0,367,686
11/03/2022,SUS,MO,ACE,CE,Towers with Radar,0,66,85,3,154,0,1,133,10,144,0,67,218,13,298,178,0,178,476
11/04/2022,SUS,MO,ACE,CE,Towers with Radar,0,40,61,1,102,0,1,47,0,48,0,41,108,1,150,30,0,30,180
11/05/2022,SUS,MO,ACE,CE,Towers with Radar,0,36,29,0,65,0,1,16,0,17,0,37,45,0,82,46,0,46,128
11/06/2022,SUS,MO,ACE,CE,Towers with Radar,0,47,75,1,123,0,0,164,0,164,0,47,239,1,287,360,0,360,647
11/07/2022,SUS,MO,ACE,CE,Towers with Radar,0,43,68,0,111,0,3,133,0,136,0,46,201,0,247,268,0,268,515
11/08/2022,SUS,MO,ACE,CE,Towers with Radar,0,60,76,1,137,0,4,113,1,118,0,64,189,2,255,352,0,352,607
11/09/2022,SUS,MO,ACE,CE,Towers with Radar,0,48,81,4,133,0,2,135,0,137,0,50,216,4,270,186,4,190,460
11/10/2022,SUS,MO,ACE,CE,Towers with Radar,1,30,71,3,105,0,2,81,5,88,1,32,152,8,193,170,0,170,363
11/11/2022,SUS,MO,ACE,CE,Towers with Radar,1,36,68,0,105,0,0,68,0,68,1,36,136,0,173,84,0,84,257
11/12/2022,SUS,MO,ACE,CE,Towers with Radar,2,25,25,0,52,0,0,64,0,64,2,25,89,0,116,74,0,74,190
11/13/2022,SUS,MO,ACE,CE,Towers with Radar,0,34,54,1,89,0,1,126,2,129,0,35,180,3,218,212,0,212,430
11/14/2022,SUS,MO,ACE,CE,Towers with Radar,0,39,80,0,119,0,0,100,0,100,0,39,180,0,219,228,0,228,447
11/15/2022,SUS,MO,ACE,CE,Towers with Radar,0,42,54,0,96,0,0,2,0,2,0,42,56,0,98,20,0,20,118
11/16/2022,SUS,MO,ACE,CE,Towers with Radar,0,45,74,0,119,0,1,61,0,62,0,46,135,0,181,86,0,86,267
11/17/2022,SUS,MO,ACE,CE,Towers with Radar,0,59,88,5,152,0,2,100,0,102,0,61,188,5,254,170,0,170,424
11/18/2022,SUS,MO,ACE,CE,Towers with Radar,0,36,87,14,137,0,8,119,3,130,0,44,206,17,267,148,0,148,415
11/19/2022,SUS,MO,ACE,CE,Towers with Radar,1,29,44,10,84,0,4,126,1,131,1,33,170,11,215,188,0,188,403
11/20/2022,SUS,MO,ACE,CE,Towers with Radar,0,39,63,8,110,0,3,137,0,140,0,42,200,8,250,221,0,221,471
11/21/2022,SUS,MO,ACE,CE,Towers with Radar,0,46,43,0,89,0,0,121,0,121,0,46,164,0,210,304,0,304,514
11/22/2022,SUS,MO,ACE,CE,Towers with Radar,2,48,86,0,136,0,1,137,0,138,2,49,223,0,274,410,0,410,684
11/23/2022,SUS,MO,ACE,CE,Towers with Radar,2,24,66,0,92,0,2,134,0,136,2,26,200,0,228,304,0,304,532
11/24/2022,SUS,MO,ACE,CE,Towers with Radar,0,8,6,0,14,0,0,8,0,8,0,8,14,0,22,22,0,22,44
11/25/2022,SUS,MO,ACE,CE,Towers with Radar,0,20,40,0,60,0,2,62,0,64,0,22,102,0,124,82,0,82,206
11/26/2022,SUS,MO,ACE,CE,Towers with Radar,0,42,55,0,97,0,0,57,0,57,0,42,112,0,154,134,0,134,288
11/27/2022,SUS,MO,ACE,CE,Towers with Radar,0,57,51,0,108,0,0,16,0,16,0,57,67,0,124,80,0,80,204
11/28/2022,SUS,MO,ACE,CE,Towers with Radar,0,44,64,0,108,0,0,93,0,93,0,44,157,0,201,380,0,380,581
11/29/2022,SUS,MO,ACE,CE,Towers with Radar,1,40,51,2,94,0,0,27,0,27,1,40,78,2,121,96,0,96,217
11/30/2022,SUS,MO,ACE,CE,Towers with Radar,0,65,77,0,142,0,4,85,2,91,0,69,162,2,233,130,0,130,363
12/01/2022,SUS,MO,ACE,CE,Towers with Radar,0,54,84,2,140,0,6,100,0,106,0,60,184,2,246,156,0,156,402
12/02/2022,SUS,MO,ACE,CE,Towers with Radar,0,26,40,0,66,0,0,22,1,23,0,26,62,1,89,70,0,70,159
12/03/2022,SUS,MO,ACE,CE,Towers with Radar,0,32,32,2,66,0,0,110,0,110,0,32,142,2,176,234,0,234,410
12/04/2022,SUS,MO,ACE,CE,Towers with Radar,0,47,59,0,106,0,0,111,0,111,0,47,170,0,217,266,0,266,483
12/05/2022,SUS,MO,ACE,CE,Towers with Radar,0,27,53,0,80,0,1,74,0,75,0,28,127,0,155,324,0,324,479
12/06/2022,SUS,MO,ACE,CE,Towers with Radar,1,37,30,0,68,0,0,0,0,0,1,37,30,0,68,0,0,0,68
12/07/2022,SUS,MO,ACE,CE,Towers with Radar,3,48,72,0,123,0,0,4,0,4,3,48,76,0,127,32,0,32,159
12/08/2022,SUS,MO,ACE,CE,Towers with Radar,2,43,49,2,96,0,0,2,0,2,2,43,51,2,98,0,0,0,98
12/09/2022,SUS,MO,ACE,CE,Towers with Radar,1,44,76,0,121,0,0,73,0,73,1,44,149,0,194,366,0,366,560
12/10/2022,SUS,MO,ACE,CE,Towers with Radar,0,33,44,1,78,0,0,44,0,44,0,33,88,1,122,431,0,431,553
12/11/2022,SUS,MO,ACE,CE,Towers with Radar,2,29,67,1,99,0,1,32,0,33,2,30,99,1,132,308,0,308,440
12/12/2022,SUS,MO,ACE,CE,Towers with Radar,1,60,69,4,134,0,0,51,0,51,1,60,120,4,185,320,0,320,505
12/13/2022,SUS,MO,ACE,CE,Towers with Radar,4,51,29,0,84,0,0,11,0,11,4,51,40,0,95,30,0,30,125
12/14/2022,SUS,MO,ACE,CE,Towers with Radar,1,48,62,0,111,0,0,90,0,90,1,48,152,0,201,326,0,326,527
12/15/2022,SUS,MO,ACE,CE,Towers with Radar,0,42,69,2,113,0,0,86,0,86,0,42,155,2,199,198,0,198,397
12/16/2022,SUS,MO,ACE,CE,Towers with Radar,0,31,46,3,80,0,1,92,0,93,0,32,138,3,173,202,0,202,375
12/17/2022,SUS,MO,ACE,CE,Towers with Radar,0,44,41,0,85,0,0,108,1,109,0,44,149,1,194,218,0,218,412
12/18/2022,SUS,MO,ACE,CE,Towers with Radar,0,28,84,1,113,0,1,151,0,152,0,29,235,1,265,362,0,362,627
12/19/2022,SUS,MO,ACE,CE,Towers with Radar,0,46,64,2,112,0,1,102,0,103,0,47,166,2,215,292,0,292,507
12/20/2022,SUS,MO,ACE,CE,Towers with Radar,0,40,64,0,104,0,0,138,0,138,0,40,202,0,242,306,0,306,548
12/21/2022,SUS,MO,ACE,CE,Towers with Radar,0,44,56,0,100,0,1,34,2,37,0,45,90,2,137,94,0,94,231
12/22/2022,SUS,MO,ACE,CE,Towers with Radar,0,28,9,0,37,0,1,0,0,1,0,29,9,0,38,0,0,0,38
12/23/2022,SUS,MO,ACE,CE,Towers with Radar,0,21,23,0,44,0,2,2,0,4,0,23,25,0,48,0,0,0,48
12/24/2022,SUS,MO,ACE,CE,Towers with Radar,0,29,23,0,52,0,0,8,0,8,0,29,31,0,60,0,0,0,60
12/25/2022,SUS,MO,ACE,CE,Towers with Radar,0,23,8,0,31,0,0,23,0,23,0,23,31,0,54,34,0,34,88
12/26/2022,SUS,MO,ACE,CE,Towers with Radar,0,60,51,0,111,0,1,23,0,24,0,61,74,0,135,74,0,74,209
12/27/2022,SUS,MO,ACE,CE,Towers with Radar,0,60,77,0,137,0,2,117,0,119,0,62,194,0,256,172,0,172,428
12/28/2022,SUS,MO,ACE,CE,Towers with Radar,0,46,42,0,88,0,0,32,0,32,0,46,74,0,120,24,0,24,144
12/29/2022,SUS,MO,ACE,CE,Towers with Radar,0,37,44,2,83,0,0,19,0,19,0,37,63,2,102,26,0,26,128
12/30/2022,SUS,MO,ACE,CE,Towers with Radar,0,24,59,0,83,0,2,124,0,126,0,26,183,0,209,306,0,306,515
12/31/2022,SUS,MO,ACE,CE,Towers with Radar,0,21,42,0,63,0,0,99,0,99,0,21,141,0,162,146,0,146,308
01/01/2023,SUS,MO,ACE,CE,Towers with Radar,0,28,53,0,81,0,0,56,0,56,0,28,109,0,137,93,0,93,230
01/02/2023,SUS,MO,ACE,CE,Towers with Radar,0,41,50,0,91,0,0,0,0,0,0,41,50,0,91,0,0,0,91
01/03/2023,SUS,MO,ACE,CE,Towers with Radar,0,53,60,0,113,0,0,89,2,91,0,53,149,2,204,270,0,270,474
01/04/2023,SUS,MO,ACE,CE,Towers with Radar,0,33,42,0,75,0,0,103,0,103,0,33,145,0,178,366,0,366,544
01/05/2023,SUS,MO,ACE,CE,Towers with Radar,0,42,72,3,117,0,0,95,0,95,0,42,167,3,212,206,0,206,418
01/06/2023,SUS,MO,ACE,CE,Towers with Radar,0,19,71,0,90,0,0,188,3,191,0,19,259,3,281,348,12,360,641
01/07/2023,SUS,MO,ACE,CE,Towers with Radar,0,18,43,2,63,0,0,96,0,96,0,18,139,2,159,322,0,322,481
01/08/2023,SUS,MO,ACE,CE,Towers with Radar,0,34,35,0,69,0,0,43,0,43,0,34,78,0,112,124,0,124,236
01/09/2023,SUS,MO,ACE,CE,Towers with Radar,0,33,77,0,110,0,0,146,0,146,0,33,223,0,256,216,0,216,472
01/10/2023,SUS,MO,ACE,CE,Towers with Radar,0,41,66,0,107,0,1,189,0,190,0,42,255,0,297,376,0,376,673
01/11/2023,SUS,MO,ACE,CE,Towers with Radar,0,52,47,1,100,0,20,156,0,176,0,72,203,1,276,132,0,132,408
01/12/2023,SUS,MO,ACE,CE,Towers with Radar,0,34,40,0,74,0,0,4,0,4,0,34,44,0,78,4,0,4,82
01/13/2023,SUS,MO,ACE,CE,Towers with Radar,0,28,32,1,61,0,0,56,0,56,0,28,88,1,117,432,0,432,549
01/14/2023,SUS,MO,ACE,CE,Towers with Radar,0,17,48,2,67,0,1,226,0,227,0,18,274,2,294,212,2,214,508
01/15/2023,SUS,MO,ACE,CE,Towers with Radar,0,30,40,0,70,0,0,88,0,88,0,30,128,0,158,166,0,166,324
01/16/2023,SUS,MO,ACE,CE,Towers with Radar,0,44,32,0,76,0,0,61,0,61,0,44,93,0,137,72,0,72,209
01/17/2023,SUS,MO,ACE,CE,Towers with Radar,1,43,67,2,113,0,2,180,5,187,1,45,247,7,300,190,0,190,490
01/18/2023,SUS,MO,ACE,CE,Towers with Radar,2,46,44,0,92,0,0,1,0,1,2,46,45,0,93,90,0,90,183
01/19/2023,SUS,MO,ACE,CE,Towers with Radar,0,44,51,0,95,0,0,48,0,48,0,44,99,0,143,130,0,130,273
01/20/2023,SUS,MO,ACE,CE,Towers with Radar,0,18,54,0,72,0,0,124,0,124,0,18,178,0,196,542,0,542,738
01/21/2023,SUS,MO,ACE,CE,Towers with Radar,0,23,42,2,67,0,1,140,1,142,0,24,182,3,209,246,0,246,455
01/22/2023,SUS,MO,ACE,CE,Towers with Radar,0,36,33,0,69,0,0,11,0,11,0,36,44,0,80,92,0,92,172
01/23/2023,SUS,MO,ACE,CE,Towers with Radar,0,35,48,0,83,0,3,108,0,111,0,38,156,0,194,332,0,332,526
01/24/2023,SUS,MO,ACE,CE,Towers with Radar,0,40,67,0,107,0,0,132,1,133,0,40,199,1,240,356,0,356,596
01/25/2023,SUS,MO,ACE,CE,Towers with Radar,0,28,23,0,51,0,0,6,0,6,0,28,29,0,57,34,0,34,91
01/26/2023,SUS,MO,ACE,CE,Towers with Radar,0,40,63,2,105,0,0,75,0,75,0,40,138,2,180,250,0,250,430
01/27/2023,SUS,MO,ACE,CE,Towers with Radar,0,35,54,0,89,0,0,90,0,90,0,35,144,0,179,94,0,94,273
01/28/2023,SUS,MO,ACE,CE,Towers with Radar,0,40,56,0,96,0,0,97,0,97,0,40,153,0,193,212,0,212,405
01/29/2023,SUS,MO,ACE,CE,Towers with Radar,0,55,40,0,95,0,0,3,0,3,0,55,43,0,98,10,0,10,108
01/30/2023,SUS,MO,ACE,CE,Towers with Radar,0,40,48,1,89,0,1,11,0,12,0,41,59,1,101,0,0,0,101
01/31/2023,SUS,MO,ACE,CE,Towers with Radar,0,46,73,1,120,0,0,99,1,100,0,46,172,2,220,342,0,342,562
02/01/2023,SUS,MO,ACE,CE,Towers with Radar,0,41,70,0,111,0,2,141,0,143,0,43,211,0,254,388,0,388,642
02/02/2023,SUS,MO,ACE,CE,Towers with Radar,0,43,78,3,124,0,0,141,3,144,0,43,219,6,268,248,0,248,516
02/03/2023,SUS,MO,ACE,CE,Towers with Radar,0,26,59,6,91,0,0,191,4,195,0,26,250,10,286,338,0,338,624
02/04/2023,SUS,MO,ACE,CE,Towers with Radar,0,26,27,0,53,0,2,51,0,53,0,28,78,0,106,106,0,106,212
02/05/2023,SUS,MO,ACE,CE,Towers with Radar,0,49,68,0,117,0,0,155,0,155,0,49,223,0,272,226,0,226,498
02/06/2023,SUS,MO,ACE,CE,Towers with Radar,0,35,39,2,76,0,0,33,0,33,0,35,72,2,109,50,0,50,159
02/07/2023,SUS,MO,ACE,CE,Towers with Radar,0,41,48,0,89,0,4,117,2,123,0,45,165,2,212,268,0,268,480
02/08/2023,SUS,MO,ACE,CE,Towers with Radar,0,56,38,2,96,0,1,64,0,65,0,57,102,2,161,236,0,236,397
02/09/2023,SUS,MO,ACE,CE,Towers with Radar,0,46,33,0,79,0,1,37,1,39,0,47,70,1,118,66,0,66,184
02/10/2023,SUS,MO,ACE,CE,Towers with Radar,0,33,57,11,101,0,1,101,0,102,0,34,158,11,203,392,0,392,595
02/11/2023,SUS,MO,ACE,CE,Towers with Radar,0,18,50,7,75,0,0,182,8,190,0,18,232,15,265,378,2,380,645
02/12/2023,SUS,MO,ACE,CE,Towers with Radar,0,35,42,0,77,0,1,128,0,129,0,36,170,0,206,152,0,152,358
02/13/2023,SUS,MO,ACE,CE,Towers with Radar,0,40,75,2,117,0,8,127,2,137,0,48,202,4,254,406,0,406,660
02/14/2023,SUS,MO,ACE,CE,Towers with Radar,0,44,34,0,78,0,1,16,0,17,0,45,50,0,95,54,0,54,149
02/15/2023,SUS,MO,ACE,CE,Towers with Radar,2,52,66,9,129,0,2,166,0,168,2,54,232,9,297,370,0,370,667
02/16/2023,SUS,MO,ACE,CE,Towers with Radar,2,47,29,0,78,0,0,5,0,5,2,47,34,0,83,18,0,18,101
02/17/2023,SUS,MO,ACE,CE,Towers with Radar,4,30,80,13,127,0,5,146,5,156,4,35,226,18,283,448,0,448,731
02/18/2023,SUS,MO,ACE,CE,Towers with Radar,0,25,40,0,65,0,1,162,0,163,0,26,202,0,228,262,0,262,490
02/19/2023,SUS,MO,ACE,CE,Towers with Radar,0,34,51,2,87,0,4,109,1,114,0,38,160,3,201,220,0,220,421
02/20/2023,SUS,MO,ACE,CE,Towers with Radar,0,53,78,0,131,0,3,131,1,135,0,56,209,1,266,311,0,311,577
02/21/2023,SUS,MO,ACE,CE,Towers with Radar,0,57,60,2,119,0,3,112,2,117,0,60,172,4,236,400,0,400,636
02/22/2023,SUS,MO,ACE,CE,Towers with Radar,0,27,30,2,59,0,0,25,0,25,0,27,55,2,84,54,0,54,138
02/23/2023,SUS,MO,ACE,CE,Towers with Radar,1,50,79,6,136,0,1,93,2,96,1,51,172,8,232,254,0,254,486
02/24/2023,SUS,MO,ACE,CE,Towers with Radar,0,48,63,16,127,0,4,128,2,134,0,52,191,18,261,352,4,356,617
02/25/2023,SUS,MO,ACE,CE,Towers with Radar,1,19,42,0,62,0,1,114,5,120,1,20,156,5,182,425,0,425,607
02/26/2023,SUS,MO,ACE,CE,Towers with Radar,0,50,65,0,115,0,1,40,0,41,0,51,105,0,156,298,0,298,454
02/27/2023,SUS,MO,ACE,CE,Towers with Radar,0,41,34,0,75,0,1,9,1,11,0,42,43,1,86,4,0,4,90
02/28/2023,SUS,MO,ACE,CE,Towers with Radar,0,61,62,0,123,0,17,159,0,176,0,78,221,0,299,294,0,294,593
03/01/2023,SUS,MO,ACE,CE,Towers with Radar,0,42,52,0,94,0,15,146,0,161,0,57,198,0,255,284,0,284,539
03/02/2023,SUS,MO,ACE,CE,Towers with Radar,0,50,85,0,135,0,17,72,0,89,0,67,157,0,224,194,0,194,418
03/03/2023,SUS,MO,ACE,CE,Towers with Radar,0,23,25,0,48,0,0,24,0,24,0,23,49,0,72,70,0,70,142
03/04/2023,SUS,MO,ACE,CE,Towers with Radar,0,29,57,0,86,0,5,184,0,189,0,34,241,0,275,332,0,332,607
03/05/2023,SUS,MO,ACE,CE,Towers with Radar,0,38,43,0,81,0,9,83,0,92,0,47,126,0,173,176,0,176,349
03/06/2023,SUS,MO,ACE,CE,Towers with Radar,0,35,64,1,100,0,13,95,2,110,0,48,159,3,210,142,0,142,352
03/07/2023,SUS,MO,ACE,CE,Towers with Radar,1,39,53,0,93,0,3,102,0,105,1,42,155,0,198,494,0,494,692
03/08/2023,SUS,MO,ACE,CE,Towers with Radar,2,47,60,2,111,0,3,56,0,59,2,50,116,2,170,318,0,318,488
03/09/2023,SUS,MO,ACE,CE,Towers with Radar,1,44,67,0,112,0,10,32,0,42,1,54,99,0,154,190,0,190,344
03/10/2023,SUS,MO,ACE,CE,Towers with Radar,2,43,70,1,116,0,9,109,0,118,2,52,179,1,234,370,0,370,604
03/11/2023,SUS,MO,ACE,CE,Towers with Radar,0,43,33,0,76,0,15,57,0,72,0,58,90,0,148,196,0,196,344
03/12/2023,SUS,MO,ACE,CE,Towers with Radar,0,35,28,0,63,0,12,43,0,55,0,47,71,0,118,164,0,164,282
03/13/2023,SUS,MO,ACE,CE,Towers with Radar,0,28,49,2,79,0,13,69,0,82,0,41,118,2,161,258,0,258,419
03/14/2023,SUS,MO,ACE,CE,Towers with Radar,1,38,64,0,103,0,13,157,5,175,1,51,221,5,278,244,0,244,522
03/15/2023,SUS,MO,ACE,CE,Towers with Radar,0,46,58,0,104,0,20,161,0,181,0,66,219,0,285,160,0,160,445
03/16/2023,SUS,MO,ACE,CE,Towers with Radar,1,23,41,0,65,0,1,26,0,27,1,24,67,0,92,34,0,34,126
03/17/2023,SUS,MO,ACE,CE,Towers with Radar,0,39,42,0,81,0,2,79,3,84,0,41,121,3,165,171,0,171,336
03/18/2023,SUS,MO,ACE,CE,Towers with Radar,1,34,35,8,78,0,3,52,0,55,1,37,87,8,133,104,0,104,237
03/19/2023,SUS,MO,ACE,CE,Towers with Radar,0,44,55,2,101,0,5,151,1,157,0,49,206,3,258,166,0,166,424
03/20/2023,SUS,MO,ACE,CE,Towers with Radar,0,47,55,0,102,0,13,112,4,129,0,60,167,4,231,126,0,126,357
03/21/2023,SUS,MO,ACE,CE,Towers with Radar,0,29,52,2,83,0,0,18,1,19,0,29,70,3,102,34,0,34,136
03/22/2023,SUS,MO,ACE,CE,Towers with Radar,0,39,66,0,105,0,0,40,0,40,0,39,106,0,145,140,0,140,285
03/23/2023,SUS,MO,ACE,CE,Towers with Radar,0,37,54,0,91,0,0,3,0,3,0,37,57,0,94,10,0,10,104
03/24/2023,SUS,MO,ACE,CE,Towers with Radar,0,58,36,2,96,0,1,0,0,1,0,59,36,2,97,0,0,0,97
03/25/2023,SUS,MO,ACE,CE,Towers with Radar,0,31,54,0,85,0,24,81,1,106,0,55,135,1,191,162,0,162,353
03/26/2023,SUS,MO,ACE,CE,Towers with Radar,0,51,60,0,111,0,32,109,0,141,0,83,169,0,252,226,0,226,478
03/27/2023,SUS,MO,ACE,CE,Towers with Radar,1,42,67,2,112,0,30,102,0,132,1,72,169,2,244,286,0,286,530
03/28/2023,SUS,MO,ACE,CE,Towers with Radar,1,37,80,0,118,0,10,50,0,60,1,47,130,0,178,518,0,518,696
03/29/2023,SUS,MO,ACE,CE,Towers with Radar,0,42,82,0,124,0,5,129,5,139,0,47,211,5,263,274,0,274,537
03/30/2023,SUS,MO,ACE,CE,Towers with Radar,0,49,74,12,135,0,1,99,3,103,0,50,173,15,238,120,0,120,358
03/31/2023,SUS,MO,ACE,CE,Towers with Radar,0,25,27,0,52,0,1,6,0,7,0,26,33,0,59,18,0,18,77
04/01/2023,SUS,MO,ACE,CE,Towers with Radar,0,27,26,0,53,0,0,38,0,38,0,27,64,0,91,132,0,132,223
04/02/2023,SUS,MO,ACE,CE,Towers with Radar,0,40,60,0,100,0,7,108,0,115,0,47,168,0,215,132,0,132,347
04/03/2023,SUS,MO,ACE,CE,Towers with Radar,1,51,53,0,105,0,7,104,0,111,1,58,157,0,216,150,0,150,366
04/04/2023,SUS,MO,ACE,CE,Towers with Radar,0,45,53,0,98,0,0,37,0,37,0,45,90,0,135,94,0,94,229
04/05/2023,SUS,MO,ACE,CE,Towers with Radar,0,38,44,0,82,0,5,45,0,50,0,43,89,0,132,184,0,184,316
04/06/2023,SUS,MO,ACE,CE,Towers with Radar,1,45,92,1,139,0,84,155,0,239,1,129,247,1,378,400,0,400,778
04/07/2023,SUS,MO,ACE,CE,Towers with Radar,0,33,54,7,94,0,28,170,0,198,0,61,224,7,292,412,0,412,704
04/08/2023,SUS,MO,ACE,CE,Towers with Radar,0,21,45,0,66,0,5,154,1,160,0,26,199,1,226,268,0,268,494
04/09/2023,SUS,MO,ACE,CE,Towers with Radar,0,37,41,0,78,0,3,54,0,57,0,40,95,0,135,70,0,70,205
04/10/2023,SUS,MO,ACE,CE,Towers with Radar,0,51,59,0,110,0,27,107,1,135,0,78,166,1,245,236,0,236,481
04/11/2023,SUS,MO,ACE,CE,Towers with Radar,1,56,59,0,116,0,19,131,0,150,1,75,190,0,266,378,0,378,644
04/12/2023,SUS,MO,ACE,CE,Towers with Radar,0,43,71,0,114,0,14,171,0,185,0,57,242,0,299,210,0,210,509
04/13/2023,SUS,MO,ACE,CE,Towers with Radar,1,42,77,5,125,0,14,135,0,149,1,56,212,5,274,381,0,381,655
04/14/2023,SUS,MO,ACE,CE,Towers with Radar,0,34,79,6,119,0,15,164,0,179,0,49,243,6,298,196,0,196,494
04/15/2023,SUS,MO,ACE,CE,Towers with Radar,0,19,14,1,34,0,3,54,4,61,0,22,68,5,95,166,26,192,287
04/16/2023,SUS,MO,ACE,CE,Towers with Radar,0,41,36,1,78,0,0,20,0,20,0,41,56,1,98,96,0,96,194
04/17/2023,SUS,MO,ACE,CE,Towers with Radar,0,43,56,0,99,0,3,39,0,42,0,46,95,0,141,80,0,80,221
04/18/2023,SUS,MO,ACE,CE,Towers with Radar,1,44,72,0,117,0,24,137,2,163,1,68,209,2,280,262,0,262,542
04/19/2023,SUS,MO,ACE,CE,Towers with Radar,1,52,58,2,113,0,6,47,0,53,1,58,105,2,166,56,0,56,222
04/20/2023,SUS,MO,ACE,CE,Towers with Radar,0,41,30,0,71,0,0,22,0,22,0,41,52,0,93,22,0,22,115
04/21/2023,SUS,MO,ACE,CE,Towers with Radar,0,55,89,8,152,0,25,128,3,156,0,80,217,11,308,322,0,322,630
04/22/2023,SUS,MO,ACE,CE,Towers with Radar,0,30,37,1,68,0,7,116,2,125,0,37,153,3,193,74,16,90,283
04/23/2023,SUS,MO,ACE,CE,Towers with Radar,0,53,48,0,101,0,12,135,1,148,0,65,183,1,249,80,0,80,329
04/24/2023,SUS,MO,ACE,CE,Towers with Radar,0,42,75,0,117,0,20,118,1,139,0,62,193,1,256,250,0,250,506
04/25/2023,SUS,MO,ACE,CE,Towers with Radar,0,35,73,2,110,0,8,116,0,124,0,43,189,2,234,236,0,236,470
04/26/2023,SUS,MO,ACE,CE,Towers with Radar,0,51,70,5,126,0,16,124,1,141,0,67,194,6,267,260,0,260,527
04/27/2023,SUS,MO,ACE,CE,Towers with Radar,0,39,71,4,114,0,14,51,11,76,0,53,122,15,190,174,0,174,364
04/28/2023,SUS,MO,ACE,CE,Towers with Radar,0,37,62,24,123,0,16,144,7,167,0,53,206,31,290,382,20,402,692
04/29/2023,SUS,MO,ACE,CE,Towers with Radar,0,21,26,7,54,0,5,86,2,93,0,26,112,9,147,206,0,206,353
04/30/2023,SUS,MO,ACE,CE,Towers with Radar,0,37,41,0,78,0,2,35,0,37,0,39,76,0,115,46,0,46,161
05/01/2023,SUS,MO,ACE,CE,Towers with Radar,0,47,72,4,123,0,3,30,0,33,0,50,102,4,156,58,0,58,214
05/02/2023,SUS,MO,ACE,CE,Towers with Radar,0,48,44,2,94,0,3,66,0,69,0,51,110,2,163,168,0,168,331
05/03/2023,SUS,MO,ACE,CE,Towers with Radar,1,60,85,0,146,0,37,168,0,205,1,97,253,0,351,395,0,395,746
05/04/2023,SUS,MO,ACE,CE,Towers with Radar,1,38,90,0,129,0,27,133,0,160,1,65,223,0,289,386,0,386,675
05/05/2023,SUS,MO,ACE,CE,Towers with Radar,0,54,54,4,112,0,15,107,0,122,0,69,161,4,234,150,0,150,384
05/06/2023,SUS,MO,ACE,CE,Towers with Radar,0,28,31,0,59,0,0,62,0,62,0,28,93,0,121,122,0,122,243
05/07/2023,SUS,MO,ACE,CE,Towers with Radar,0,45,65,0,110,0,10,51,0,61,0,55,116,0,171,236,0,236,407
05/08/2023,SUS,MO,ACE,CE,Towers with Radar,1,36,45,0,82,0,6,91,0,97,1,42,136,0,179,302,0,302,481
05/09/2023,SUS,MO,ACE,CE,Towers with Radar,0,43,79,0,122,0,16,98,0,114,0,59,177,0,236,428,0,428,664
05/10/2023,SUS,MO,ACE,CE,Towers with Radar,0,46,78,1,125,0,24,135,0,159,0,70,213,1,284,208,0,208,492
05/11/2023,SUS,MO,ACE,CE,Towers with Radar,0,42,54,2,98,0,17,58,7,82,0,59,112,9,180,304,0,304,484
05/12/2023,SUS,MO,ACE,CE,Towers with Radar,2,31,70,1,104,0,9,87,0,96,2,40,157,1,200,236,0,236,436
05/13/2023,SUS,MO,ACE,CE,Towers with Radar,0,29,38,0,67,0,9,72,0,81,0,38,110,0,148,190,0,190,338
05/14/2023,SUS,MO,ACE,CE,Towers with Radar,1,42,39,0,82,0,0,57,2,59,1,42,96,2,141,164,0,164,305
05/15/2023,SUS,MO,ACE,CE,Towers with Radar,0,48,67,0,115,0,9,40,0,49,0,57,107,0,164,260,0,260,424
05/16/2023,SUS,MO,ACE,CE,Towers with Radar,1,51,85,0,137,0,14,38,0,52,1,65,123,0,189,234,0,234,423
05/17/2023,SUS,MO,ACE,CE,Towers with Radar,1,66,75,1,143,0,29,187,1,217,1,95,262,2,360,368,0,368,728
05/18/2023,SUS,MO,ACE,CE,Towers with Radar,0,65,68,1,134,0,26,162,0,188,0,91,230,1,322,298,0,298,620
05/19/2023,SUS,MO,ACE,CE,Towers with Radar,0,39,65,2,106,0,8,89,1,98,0,47,154,3,204,142,0,142,346
05/20/2023,SUS,MO,ACE,CE,Towers with Radar,0,17,41,1,59,0,23,177,3,203,0,40,218,4,262,144,0,144,406
05/21/2023,SUS,MO,ACE,CE,Towers with Radar,0,42,65,3,110,0,7,118,0,125,0,49,183,3,235,194,0,194,429
05/22/2023,SUS,MO,ACE,CE,Towers with Radar,0,43,53,1,97,0,15,126,0,141,0,58,179,1,238,210,0,210,448
05/23/2023,SUS,MO,ACE,CE,Towers with Radar,0,53,64,0,117,0,10,140,0,150,0,63,204,0,267,426,0,426,693
05/24/2023,SUS,MO,ACE,CE,Towers with Radar,2,60,62,0,124,0,21,148,2,171,2,81,210,2,295,312,0,312,607
05/25/2023,SUS,MO,ACE,CE,Towers with Radar,3,73,91,0,167,0,9,122,0,131,3,82,213,0,298,136,0,136,434
05/26/2023,SUS,MO,ACE,CE,Towers with Radar,0,53,70,0,123,0,9,147,1,157,0,62,217,1,280,284,0,284,564
05/27/2023,SUS,MO,ACE,CE,Towers with Radar,1,30,36,1,68,0,21,122,1,144,1,51,158,2,212,368,0,368,580
05/28/2023,SUS,MO,ACE,CE,Towers with Radar,0,40,24,1,65,0,2,96,0,98,0,42,120,1,163,200,0,200,363
05/29/2023,SUS,MO,ACE,CE,Towers with Radar,0,27,50,0,77,0,11,128,0,139,0,38,178,0,216,214,0,214,430
05/30/2023,SUS,MO,ACE,CE,Towers with Radar,1,42,50,0,93,0,10,121,0,131,1,52,171,0,224,228,0,228,452
05/31/2023,SUS,MO,ACE,CE,Towers with Radar,1,37,57,0,95,0,17,161,0,178,1,54,218,0,273,320,0,320,593
06/01/2023,SUS,MO,ACE,CE,Towers with Radar,1,27,70,0,98,0,17,129,0,146,1,44,199,0,244,258,0,258,502
06/02/2023,SUS,MO,ACE,CE,Towers with Radar,2,29,56,1,88,0,27,110,0,137,2,56,166,1,225,279,0,279,504
06/03/2023,SUS,MO,ACE,CE,Towers with Radar,0,16,38,5,59,0,8,122,10,140,0,24,160,15,199,198,24,222,421
06/04/2023,SUS,MO,ACE,CE,Towers with Radar,0,41,62,1,104,0,9,87,1,97,0,50,149,2,201,200,0,200,401
06/05/2023,SUS,MO,ACE,CE,Towers with Radar,4,43,66,0,113,0,9,118,0,127,4,52,184,0,240,220,0,220,460
06/06/2023,SUS,MO,ACE,CE,Towers with Radar,4,61,58,1,124,0,14,151,1,166,4,75,209,2,290,414,0,414,704
06/07/2023,SUS,MO,ACE,CE,Towers with Radar,0,53,61,0,114,0,8,70,2,80,0,61,131,2,194,316,0,316,510
06/08/2023,SUS,MO,ACE,CE,Towers with Radar,4,59,72,4,139,0,22,144,0,166,4,81,216,4,305,338,0,338,643
06/09/2023,SUS,MO,ACE,CE,Towers with Radar,4,41,50,9,104,0,10,144,2,156,4,51,194,11,260,350,0,350,610
06/10/2023,SUS,MO,ACE,CE,Towers with Radar,2,45,36,4,87,0,8,165,0,173,2,53,201,4,260,228,0,228,488
06/11/2023,SUS,MO,ACE,CE,Towers with Radar,0,37,63,2,102,0,0,12,0,12,0,37,75,2,114,28,0,28,142
06/12/2023,SUS,MO,ACE,CE,Towers with Radar,0,57,49,5,111,0,15,108,1,124,0,72,157,6,235,252,0,252,487
06/13/2023,SUS,MO,ACE,CE,Towers with Radar,5,57,68,14,144,0,12,144,1,157,5,69,212,15,301,256,0,256,557
06/14/2023,SUS,MO,ACE,CE,Towers with Radar,0,61,74,2,137,0,20,158,2,180,0,81,232,4,317,230,0,230,547
06/15/2023,SUS,MO,ACE,CE,Towers with Radar,2,53,81,7,143,1,13,137,2,153,3,66,218,9,296,304,0,304,600
06/16/2023,SUS,MO,ACE,CE,Towers with Radar,0,46,75,3,124,0,15,126,2,143,0,61,201,5,267,346,0,346,613
06/17/2023,SUS,MO,ACE,CE,Towers with Radar,0,26,50,0,76,0,3,145,0,148,0,29,195,0,224,232,0,232,456
06/18/2023,SUS,MO,ACE,CE,Towers with Radar,0,47,36,1,84,0,0,29,0,29,0,47,65,1,113,107,0,107,220
06/19/2023,SUS,MO,ACE,CE,Towers with Radar,0,50,62,0,112,0,6,123,0,129,0,56,185,0,241,276,0,276,517
06/20/2023,SUS,MO,ACE,CE,Towers with Radar,2,46,70,0,118,0,18,111,0,129,2,64,181,0,247,280,0,280,527
06/21/2023,SUS,MO,ACE,CE,Towers with Radar,4,50,71,4,129,0,30,108,1,139,4,80,179,5,268,224,0,224,492
06/22/2023,SUS,MO,ACE,CE,Towers with Radar,5,44,83,4,136,0,26,143,0,169,5,70,226,4,305,236,0,236,541
06/23/2023,SUS,MO,ACE,CE,Towers with Radar,6,40,61,1,108,1,15,103,1,120,7,55,164,2,228,202,0,202,430
06/24/2023,SUS,MO,ACE,CE,Towers with Radar,2,29,40,2,73,2,8,93,0,103,4,37,133,2,176,160,0,160,336
06/25/2023,SUS,MO,ACE,CE,Towers with Radar,0,30,40,3,73,0,6,52,0,58,0,36,92,3,131,106,0,106,237
06/26/2023,SUS,MO,ACE,CE,Towers with Radar,0,39,57,1,97,0,20,71,0,91,0,59,128,1,188,112,0,112,300
06/27/2023,SUS,MO,ACE,CE,Towers with Radar,0,52,68,0,120,0,20,147,2,169,0,72,215,2,289,378,0,378,667
06/28/2023,SUS,MO,ACE,CE,Towers with Radar,0,56,91,0,147,0,13,41,1,55,0,69,132,1,202,132,0,132,334
06/29/2023,SUS,MO,ACE,CE,Towers with Radar,2,67,73,0,142,2,14,102,1,119,4,81,175,1,261,234,0,234,495
06/30/2023,SUS,MO,ACE,CE,Towers with Radar,0,57,92,2,151,0,10,110,0,120,0,67,202,2,271,228,0,228,499
07/01/2023,SUS,MO,ACE,CE,Towers with Radar,0,30,43,0,73,0,5,62,0,67,0,35,105,0,140,146,0,146,286
07/02/2023,SUS,MO,ACE,CE,Towers with Radar,0,33,41,0,74,0,2,43,0,45,0,35,84,0,119,190,0,190,309
07/03/2023,SUS,MO,ACE,CE,Towers with Radar,0,30,28,2,60,0,20,124,0,144,0,50,152,2,204,316,0,316,520
07/04/2023,SUS,MO,ACE,CE,Towers with Radar,0,21,30,1,52,0,23,100,0,123,0,44,130,1,175,212,0,212,387
07/05/2023,SUS,MO,ACE,CE,Towers with Radar,0,49,57,1,107,0,19,100,0,119,0,68,157,1,226,252,0,252,478
07/06/2023,SUS,MO,ACE,CE,Towers with Radar,0,32,59,2,93,0,14,145,2,161,0,46,204,4,254,256,0,256,510
07/07/2023,SUS,MO,ACE,CE,Towers with Radar,0,26,64,0,90,0,11,94,0,105,0,37,158,0,195,284,0,284,479
07/08/2023,SUS,MO,ACE,CE,Towers with Radar,0,39,56,0,95,0,5,57,0,62,0,44,113,0,157,194,0,194,351
07/09/2023,SUS,MO,ACE,CE,Towers with Radar,0,53,70,0,123,0,11,106,1,118,0,64,176,1,241,206,0,206,447
07/10/2023,SUS,MO,ACE,CE,Towers with Radar,0,60,54,2,116,0,21,116,2,139,0,81,170,4,255,280,0,280,535
07/11/2023,SUS,MO,ACE,CE,Towers with Radar,0,51,64,3,118,0,18,164,5,187,0,69,228,8,305,288,0,288,593
07/12/2023,SUS,MO,ACE,CE,Towers with Radar,0,67,60,2,129,0,12,99,0,111,0,79,159,2,240,194,0,194,434
07/13/2023,SUS,MO,ACE,CE,Towers with Radar,0,51,93,5,149,0,8,97,0,105,0,59,190,5,254,390,0,390,644
07/14/2023,SUS,MO,ACE,CE,Towers with Radar,0,47,78,1,126,0,12,79,1,92,0,59,157,2,218,146,0,146,364
07/15/2023,SUS,MO,ACE,CE,Towers with Radar,0,35,47,8,90,0,13,69,0,82,0,48,116,8,172,152,0,152,324
07/16/2023,SUS,MO,ACE,CE,Towers with Radar,0,43,60,4,107,0,4,65,0,69,0,47,125,4,176,144,0,144,320
07/17/2023,SUS,MO,ACE,CE,Towers with Radar,0,43,69,5,117,0,6,83,0,89,0,49,152,5,206,300,4,304,510
07/18/2023,SUS,MO,ACE,CE,Towers with Radar,0,42,57,2,101,0,8,50,0,58,0,50,107,2,159,194,2,196,355
07/19/2023,SUS,MO,ACE,CE,Towers with Radar,0,51,79,12,142,0,7,49,0,56,0,58,128,12,198,338,0,338,536
07/20/2023,SUS,MO,ACE,CE,Towers with Radar,0,55,64,2,121,0,7,80,0,87,0,62,144,2,208,150,0,150,358
07/21/2023,SUS,MO,ACE,CE,Towers with Radar,0,50,77,5,132,0,13,111,2,126,0,63,188,7,258,256,0,256,514
07/22/2023,SUS,MO,ACE,CE,Towers with Radar,0,30,43,2,75,0,13,126,0,139,0,43,169,2,214,187,4,191,405
07/23/2023,SUS,MO,ACE,CE,Towers with Radar,0,53,55,3,111,0,6,100,0,106,0,59,155,3,217,136,0,136,353
07/24/2023,SUS,MO,ACE,CE,Towers with Radar,0,57,64,0,121,1,17,90,0,108,1,74,154,0,229,288,0,288,517
07/25/2023,SUS,MO,ACE,CE,Towers with Radar,0,55,72,4,131,0,16,83,5,104,0,71,155,9,235,296,0,296,531
07/26/2023,SUS,MO,ACE,CE,Towers with Radar,0,42,56,2,100,0,4,45,1,50,0,46,101,3,150,54,0,54,204
07/27/2023,SUS,MO,ACE,CE,Towers with Radar,0,39,85,7,131,0,16,138,0,154,0,55,223,7,285,216,0,216,501
07/28/2023,SUS,MO,ACE,CE,Towers with Radar,0,50,88,14,152,0,14,134,3,151,0,64,222,17,303,130,8,138,441
07/29/2023,SUS,MO,ACE,CE,Towers with Radar,0,42,44,0,86,0,6,66,0,72,0,48,110,0,158,196,0,196,354
07/30/2023,SUS,MO,ACE,CE,Towers with Radar,0,62,55,10,127,0,9,95,0,104,0,71,150,10,231,140,0,140,371
07/31/2023,SUS,MO,ACE,CE,Towers with Radar,0,60,51,2,113,0,11,104,0,115,0,71,155,2,228,240,0,240,468
08/01/2023,SUS,MO,ACE,CE,Towers with Radar,0,48,71,1,120,0,22,125,0,147,0,70,196,1,267,274,0,274,541
08/02/2023,SUS,MO,ACE,CE,Towers with Radar,0,43,52,2,97,0,4,35,0,39,0,47,87,2,136,290,0,290,426
08/03/2023,SUS,MO,ACE,CE,Towers with Radar,0,65,66,3,134,0,3,67,1,71,0,68,133,4,205,262,0,262,467
08/04/2023,SUS,MO,ACE,CE,Towers with Radar,0,54,88,4,146,0,5,75,0,80,0,59,163,4,226,284,0,284,510
08/05/2023,SUS,MO,ACE,CE,Towers with Radar,0,36,66,0,102,0,4,79,0,83,0,40,145,0,185,174,0,174,359
08/06/2023,SUS,MO,ACE,CE,Towers with Radar,0,61,44,1,106,0,6,69,0,75,0,67,113,1,181,146,0,146,327
08/07/2023,SUS,MO,ACE,CE,Towers with Radar,1,54,62,5,122,0,12,81,0,93,1,66,143,5,215,190,0,190,405
08/08/2023,SUS,MO,ACE,CE,Towers with Radar,0,62,72,0,134,0,25,193,1,219,0,87,265,1,353,370,0,370,723
08/09/2023,SUS,MO,ACE,CE,Towers with Radar,0,35,38,0,73,0,1,39,1,41,0,36,77,1,114,214,0,214,328
08/10/2023,SUS,MO,ACE,CE,Towers with Radar,0,41,98,1,140,0,12,116,1,129,0,53,214,2,269,218,0,218,487
08/11/2023,SUS,MO,ACE,CE,Towers with Radar,0,58,66,8,132,0,32,157,0,189,0,90,223,8,321,288,0,288,609
08/12/2023,SUS,MO,ACE,CE,Towers with Radar,0,17,25,0,42,0,9,122,0,131,0,26,147,0,173,228,0,228,401
08/13/2023,SUS,MO,ACE,CE,Towers with Radar,0,44,42,2,88,0,9,47,0,56,0,53,89,2,144,134,0,134,278
08/14/2023,SUS,MO,ACE,CE,Towers with Radar,0,39,67,0,106,0,5,73,0,78,0,44,140,0,184,120,0,120,304
08/15/2023,SUS,MO,ACE,CE,Towers with Radar,0,45,89,0,134,0,21,109,0,130,0,66,198,0,264,154,0,154,418
08/16/2023,SUS,MO,ACE,CE,Towers with Radar,0,52,80,1,133,0,18,172,2,192,0,70,252,3,325,228,0,228,553
08/17/2023,SUS,MO,ACE,CE,Towers with Radar,0,61,66,0,127,0,11,109,0,120,0,72,175,0,247,176,0,176,423
08/18/2023,SUS,MO,ACE,CE,Towers with Radar,0,42,71,13,126,0,22,128,1,151,0,64,199,14,277,336,0,336,613
08/19/2023,SUS,MO,ACE,CE,Towers with Radar,0,29,30,5,64,0,17,157,4,178,0,46,187,9,242,164,0,164,406
08/20/2023,SUS,MO,ACE,CE,Towers with Radar,0,34,55,3,92,0,10,110,1,121,0,44,165,4,213,168,0,168,381
08/21/2023,SUS,MO,ACE,CE,Towers with Radar,0,42,94,0,136,0,2,51,0,53,0,44,145,0,189,176,0,176,365
08/22/2023,SUS,MO,ACE,CE,Towers with Radar,0,55,70,0,125,0,12,66,0,78,0,67,136,0,203,232,0,232,435
08/23/2023,SUS,MO,ACE,CE,Towers with Radar,0,36,60,1,97,0,17,82,1,100,0,53,142,2,197,102,0,102,299
08/24/2023,SUS,MO,ACE,CE,Towers with Radar,0,43,54,1,98,0,9,46,0,55,0,52,100,1,153,0,0,0,153
08/25/2023,SUS,MO,ACE,CE,Towers with Radar,0,21,78,1,100,0,12,150,1,163,0,33,228,2,263,316,0,316,579
08/26/2023,SUS,MO,ACE,CE,Towers with Radar,0,20,31,1,52,0,1,35,2,38,0,21,66,3,90,178,0,178,268
08/27/2023,SUS,MO,ACE,CE,Towers with Radar,0,48,80,1,129,0,2,70,0,72,0,50,150,1,201,124,0,124,325
08/28/2023,SUS,MO,ACE,CE,Towers with Radar,0,50,67,0,117,0,27,164,1,192,0,77,231,1,309,355,0,355,664
08/29/2023,SUS,MO,ACE,CE,Towers with Radar,0,37,70,2,109,0,26,149,2,177,0,63,219,4,286,274,0,274,560
08/30/2023,SUS,MO,ACE,CE,Towers with Radar,0,64,65,4,133,0,34,123,1,158,0,98,188,5,291,292,0,292,583
08/31/2023,SUS,MO,ACE,CE,Towers with Radar,0,52,77,0,129,0,44,160,1,205,0,96,237,1,334,324,0,324,658
