01/01/2000,SUX,IA,ACE,CE,Towers with Radar,2,12,7,0,21,0,0,9,0,9,2,12,16,0,30,18,0,18,48
01/02/2000,SUX,IA,ACE,CE,Towers with Radar,3,14,10,0,27,0,0,2,0,2,3,14,12,0,29,0,0,0,29
01/03/2000,SUX,IA,ACE,CE,Towers with Radar,3,20,17,0,40,0,0,2,0,2,3,20,19,0,42,0,0,0,42
01/04/2000,SUX,IA,ACE,CE,Towers with Radar,3,26,25,7,61,0,2,16,5,23,3,28,41,12,84,0,38,38,122
01/05/2000,SUX,IA,ACE,CE,Towers with Radar,3,22,31,1,57,0,0,7,1,8,3,22,38,2,65,0,0,0,65
01/06/2000,SUX,IA,ACE,CE,Towers with Radar,3,27,39,7,76,0,2,14,8,24,3,29,53,15,100,14,24,38,138
01/07/2000,SUX,IA,ACE,CE,Towers with Radar,3,22,35,5,65,0,3,10,5,18,3,25,45,10,83,4,0,4,87
01/08/2000,SUX,IA,ACE,CE,Towers with Radar,2,13,19,23,57,0,0,55,18,73,2,13,74,41,130,54,52,106,236
01/09/2000,SUX,IA,ACE,CE,Towers with Radar,3,9,17,4,33,0,2,6,3,11,3,11,23,7,44,8,16,24,68
01/10/2000,SUX,IA,ACE,CE,Towers with Radar,5,22,30,0,57,0,2,6,0,8,5,24,36,0,65,0,0,0,65
01/11/2000,SUX,IA,ACE,CE,Towers with Radar,3,25,47,12,87,0,1,7,3,11,3,26,54,15,98,6,20,26,124
01/12/2000,SUX,IA,ACE,CE,Towers with Radar,1,19,45,9,74,0,1,17,5,23,1,20,62,14,97,16,20,36,133
01/13/2000,SUX,IA,ACE,CE,Towers with Radar,3,25,26,20,74,0,2,30,16,48,3,27,56,36,122,10,34,44,166
01/14/2000,SUX,IA,ACE,CE,Towers with Radar,3,21,33,14,71,0,0,22,10,32,3,21,55,24,103,13,22,35,138
01/15/2000,SUX,IA,ACE,CE,Towers with Radar,2,13,12,2,29,0,0,33,1,34,2,13,45,3,63,54,0,54,117
01/16/2000,SUX,IA,ACE,CE,Towers with Radar,3,15,16,0,34,0,0,6,0,6,3,15,22,0,40,16,0,16,56
01/17/2000,SUX,IA,ACE,CE,Towers with Radar,3,17,31,0,51,0,0,6,0,6,3,17,37,0,57,8,0,8,65
01/18/2000,SUX,IA,ACE,CE,Towers with Radar,3,25,46,1,75,0,2,21,2,25,3,27,67,3,100,8,12,20,120
01/19/2000,SUX,IA,ACE,CE,Towers with Radar,2,21,32,0,55,0,1,0,0,1,2,22,32,0,56,0,0,0,56
01/20/2000,SUX,IA,ACE,CE,Towers with Radar,3,26,35,22,86,0,0,21,6,27,3,26,56,28,113,10,74,84,197
01/21/2000,SUX,IA,ACE,CE,Towers with Radar,4,20,43,9,76,0,3,20,8,31,4,23,63,17,107,4,12,16,123
01/22/2000,SUX,IA,ACE,CE,Towers with Radar,5,14,20,8,47,1,8,15,6,30,6,22,35,14,77,48,10,58,135
01/23/2000,SUX,IA,ACE,CE,Towers with Radar,3,14,25,10,52,0,0,20,3,23,3,14,45,13,75,2,18,20,95
01/24/2000,SUX,IA,ACE,CE,Towers with Radar,3,26,38,0,67,0,3,20,0,23,3,29,58,0,90,18,0,18,108
01/25/2000,SUX,IA,ACE,CE,Towers with Radar,3,37,24,6,70,0,0,20,7,27,3,37,44,13,97,2,34,36,133
01/26/2000,SUX,IA,ACE,CE,Towers with Radar,3,31,37,10,81,0,0,28,1,29,3,31,65,11,110,16,32,48,158
01/27/2000,SUX,IA,ACE,CE,Towers with Radar,3,24,39,7,73,0,0,19,4,23,3,24,58,11,96,10,16,26,122
01/28/2000,SUX,IA,ACE,CE,Towers with Radar,3,25,24,22,74,0,0,5,0,5,3,25,29,22,79,0,40,40,119
01/29/2000,SUX,IA,ACE,CE,Towers with Radar,2,13,15,0,30,0,0,0,0,0,2,13,15,0,30,0,0,0,30
01/30/2000,SUX,IA,ACE,CE,Towers with Radar,3,17,14,0,34,0,0,0,0,0,3,17,14,0,34,20,0,20,54
01/31/2000,SUX,IA,ACE,CE,Towers with Radar,4,24,47,0,75,0,0,14,0,14,4,24,61,0,89,34,0,34,123
02/01/2000,SUX,IA,ACE,CE,Towers with Radar,4,27,33,15,79,0,0,4,0,4,4,27,37,15,83,4,32,36,119
02/02/2000,SUX,IA,ACE,CE,Towers with Radar,4,15,46,11,76,0,0,23,3,26,4,15,69,14,102,6,22,28,130
02/03/2000,SUX,IA,ACE,CE,Towers with Radar,4,20,28,6,58,0,0,8,0,8,4,20,36,6,66,8,24,32,98
02/04/2000,SUX,IA,ACE,CE,Towers with Radar,4,21,32,11,68,0,3,15,0,18,4,24,47,11,86,8,12,20,106
02/05/2000,SUX,IA,ACE,CE,Towers with Radar,3,15,22,13,53,0,0,25,4,29,3,15,47,17,82,46,14,60,142
02/06/2000,SUX,IA,ACE,CE,Towers with Radar,3,16,25,12,56,0,0,20,1,21,3,16,45,13,77,28,36,64,141
02/07/2000,SUX,IA,ACE,CE,Towers with Radar,4,28,45,0,77,0,0,23,0,23,4,28,68,0,100,12,0,12,112
02/08/2000,SUX,IA,ACE,CE,Towers with Radar,4,26,41,13,84,0,0,42,2,44,4,26,83,15,128,26,30,56,184
02/09/2000,SUX,IA,ACE,CE,Towers with Radar,4,25,55,14,98,0,0,24,5,29,4,25,79,19,127,18,56,74,201
02/10/2000,SUX,IA,ACE,CE,Towers with Radar,4,30,24,10,68,0,0,2,0,2,4,30,26,10,70,4,0,4,74
02/11/2000,SUX,IA,ACE,CE,Towers with Radar,4,22,33,13,72,0,0,11,8,19,4,22,44,21,91,8,36,44,135
02/12/2000,SUX,IA,ACE,CE,Towers with Radar,3,11,14,2,30,0,2,21,1,24,3,13,35,3,54,70,0,70,124
02/13/2000,SUX,IA,ACE,CE,Towers with Radar,1,9,9,3,22,2,8,0,1,11,3,17,9,4,33,2,0,2,35
02/14/2000,SUX,IA,ACE,CE,Towers with Radar,4,20,26,0,50,0,0,3,0,3,4,20,29,0,53,12,0,12,65
02/15/2000,SUX,IA,ACE,CE,Towers with Radar,4,21,35,5,65,0,1,8,0,9,4,22,43,5,74,14,10,24,98
02/16/2000,SUX,IA,ACE,CE,Towers with Radar,4,22,46,5,77,0,0,18,4,22,4,22,64,9,99,28,16,44,143
02/17/2000,SUX,IA,ACE,CE,Towers with Radar,4,19,28,2,53,0,0,0,0,0,4,19,28,2,53,4,0,4,57
02/18/2000,SUX,IA,ACE,CE,Towers with Radar,4,19,26,5,54,0,0,0,0,0,4,19,26,5,54,0,0,0,54
02/19/2000,SUX,IA,ACE,CE,Towers with Radar,3,16,25,6,50,0,0,28,0,28,3,16,53,6,78,38,0,38,116
02/20/2000,SUX,IA,ACE,CE,Towers with Radar,3,16,16,1,36,0,0,15,1,16,3,16,31,2,52,26,0,26,78
02/21/2000,SUX,IA,ACE,CE,Towers with Radar,4,19,38,0,61,0,0,34,0,34,4,19,72,0,95,52,0,52,147
02/22/2000,SUX,IA,ACE,CE,Towers with Radar,4,23,43,4,74,0,0,9,0,9,4,23,52,4,83,4,2,6,89
02/23/2000,SUX,IA,ACE,CE,Towers with Radar,4,21,39,2,66,0,0,0,0,0,4,21,39,2,66,4,0,4,70
02/24/2000,SUX,IA,ACE,CE,Towers with Radar,4,21,29,1,55,0,0,0,0,0,4,21,29,1,55,0,0,0,55
02/25/2000,SUX,IA,ACE,CE,Towers with Radar,4,26,20,1,51,0,2,4,0,6,4,28,24,1,57,2,0,2,59
02/26/2000,SUX,IA,ACE,CE,Towers with Radar,3,9,21,2,35,0,1,5,0,6,3,10,26,2,41,14,0,14,55
02/27/2000,SUX,IA,ACE,CE,Towers with Radar,3,16,12,0,31,0,0,39,2,41,3,16,51,2,72,18,0,18,90
02/28/2000,SUX,IA,ACE,CE,Towers with Radar,4,25,28,0,57,0,0,10,0,10,4,25,38,0,67,4,0,4,71
02/29/2000,SUX,IA,ACE,CE,Towers with Radar,4,20,37,2,63,0,0,6,0,6,4,20,43,2,69,24,0,24,93
03/01/2000,SUX,IA,ACE,CE,Towers with Radar,4,24,39,3,70,0,2,39,0,41,4,26,78,3,111,18,2,20,131
03/02/2000,SUX,IA,ACE,CE,Towers with Radar,4,22,42,1,69,0,2,22,0,24,4,24,64,1,93,1,22,23,116
03/03/2000,SUX,IA,ACE,CE,Towers with Radar,4,17,36,3,60,0,1,41,0,42,4,18,77,3,102,22,36,58,160
03/04/2000,SUX,IA,ACE,CE,Towers with Radar,3,11,23,8,45,0,0,45,0,45,3,11,68,8,90,66,2,68,158
03/05/2000,SUX,IA,ACE,CE,Towers with Radar,3,12,22,13,50,0,0,11,1,12,3,12,33,14,62,28,12,40,102
03/06/2000,SUX,IA,ACE,CE,Towers with Radar,4,22,23,0,49,0,0,21,0,21,4,22,44,0,70,2,0,2,72
03/07/2000,SUX,IA,ACE,CE,Towers with Radar,4,24,45,18,91,0,0,0,0,0,4,24,45,18,91,16,24,40,131
03/08/2000,SUX,IA,ACE,CE,Towers with Radar,4,20,28,8,60,0,1,7,5,13,4,21,35,13,73,4,6,10,83
03/09/2000,SUX,IA,ACE,CE,Towers with Radar,4,24,31,9,68,0,0,15,1,16,4,24,46,10,84,0,2,2,86
03/10/2000,SUX,IA,ACE,CE,Towers with Radar,4,19,38,11,72,0,0,19,8,27,4,19,57,19,99,40,24,64,163
03/11/2000,SUX,IA,ACE,CE,Towers with Radar,3,9,20,4,36,0,0,41,4,45,3,9,61,8,81,32,0,32,113
03/12/2000,SUX,IA,ACE,CE,Towers with Radar,3,13,9,2,27,0,0,6,1,7,3,13,15,3,34,42,12,54,88
03/13/2000,SUX,IA,ACE,CE,Towers with Radar,4,18,35,0,57,0,0,26,1,27,4,18,61,1,84,22,0,22,106
03/14/2000,SUX,IA,ACE,CE,Towers with Radar,4,19,42,7,72,0,0,13,3,16,4,19,55,10,88,18,14,32,120
03/15/2000,SUX,IA,ACE,CE,Towers with Radar,4,21,35,10,70,0,1,4,3,8,4,22,39,13,78,2,4,6,84
03/16/2000,SUX,IA,ACE,CE,Towers with Radar,4,19,28,4,55,0,0,22,3,25,4,19,50,7,80,0,4,4,84
03/17/2000,SUX,IA,ACE,CE,Towers with Radar,4,16,40,8,68,0,0,33,5,38,4,16,73,13,106,6,2,8,114
03/18/2000,SUX,IA,ACE,CE,Towers with Radar,3,10,20,0,33,0,0,0,0,0,3,10,20,0,33,6,0,6,39
03/19/2000,SUX,IA,ACE,CE,Towers with Radar,3,13,9,2,27,0,3,1,1,5,3,16,10,3,32,0,0,0,32
03/20/2000,SUX,IA,ACE,CE,Towers with Radar,4,19,29,0,52,0,0,0,0,0,4,19,29,0,52,0,0,0,52
03/21/2000,SUX,IA,ACE,CE,Towers with Radar,4,19,30,11,64,0,0,2,0,2,4,19,32,11,66,12,4,16,82
03/22/2000,SUX,IA,ACE,CE,Towers with Radar,4,15,39,15,73,0,0,3,0,3,4,15,42,15,76,14,10,24,100
03/23/2000,SUX,IA,ACE,CE,Towers with Radar,4,17,34,0,55,0,0,0,0,0,4,17,34,0,55,2,0,2,57
03/24/2000,SUX,IA,ACE,CE,Towers with Radar,4,16,32,17,69,0,0,7,0,7,4,16,39,17,76,6,4,10,86
03/25/2000,SUX,IA,ACE,CE,Towers with Radar,3,9,16,0,28,0,0,48,0,48,3,9,64,0,76,52,0,52,128
03/26/2000,SUX,IA,ACE,CE,Towers with Radar,3,13,21,2,39,0,0,11,2,13,3,13,32,4,52,0,0,0,52
03/27/2000,SUX,IA,ACE,CE,Towers with Radar,4,15,41,0,60,0,0,11,0,11,4,15,52,0,71,0,0,0,71
03/28/2000,SUX,IA,ACE,CE,Towers with Radar,4,15,57,10,86,0,0,26,2,28,4,15,83,12,114,8,26,34,148
03/29/2000,SUX,IA,ACE,CE,Towers with Radar,4,16,43,9,72,0,2,26,0,28,4,18,69,9,100,4,10,14,114
03/30/2000,SUX,IA,ACE,CE,Towers with Radar,4,22,35,5,66,0,0,25,1,26,4,22,60,6,92,6,8,14,106
03/31/2000,SUX,IA,ACE,CE,Towers with Radar,6,16,42,7,71,0,0,31,0,31,6,16,73,7,102,38,0,38,140
04/01/2000,SUX,IA,ACE,CE,Towers with Radar,3,11,13,1,28,0,0,32,0,32,3,11,45,1,60,78,0,78,138
04/02/2000,SUX,IA,ACE,CE,Towers with Radar,5,22,16,3,46,0,0,2,1,3,5,22,18,4,49,20,0,20,69
04/03/2000,SUX,IA,ACE,CE,Towers with Radar,4,25,21,0,50,0,4,7,0,11,4,29,28,0,61,2,0,2,63
04/04/2000,SUX,IA,ACE,CE,Towers with Radar,4,25,34,5,68,0,0,21,4,25,4,25,55,9,93,24,10,34,127
04/05/2000,SUX,IA,ACE,CE,Towers with Radar,4,28,35,2,69,0,0,16,0,16,4,28,51,2,85,2,0,2,87
04/06/2000,SUX,IA,ACE,CE,Towers with Radar,4,32,41,7,84,0,0,20,4,24,4,32,61,11,108,22,8,30,138
04/07/2000,SUX,IA,ACE,CE,Towers with Radar,4,20,32,2,58,0,0,0,0,0,4,20,32,2,58,0,0,0,58
04/08/2000,SUX,IA,ACE,CE,Towers with Radar,3,21,21,8,53,0,1,32,3,36,3,22,53,11,89,10,2,12,101
04/09/2000,SUX,IA,ACE,CE,Towers with Radar,3,23,16,3,45,0,0,25,1,26,3,23,41,4,71,6,0,6,77
04/10/2000,SUX,IA,ACE,CE,Towers with Radar,4,39,27,4,74,0,0,0,0,0,4,39,27,4,74,0,0,0,74
04/11/2000,SUX,IA,ACE,CE,Towers with Radar,4,27,32,22,85,0,0,10,0,10,4,27,42,22,95,16,32,48,143
04/12/2000,SUX,IA,ACE,CE,Towers with Radar,4,31,43,11,89,0,8,4,5,17,4,39,47,16,106,8,0,8,114
04/13/2000,SUX,IA,ACE,CE,Towers with Radar,4,29,30,23,86,0,2,29,1,32,4,31,59,24,118,30,12,42,160
04/14/2000,SUX,IA,ACE,CE,Towers with Radar,4,21,24,30,79,0,0,10,3,13,4,21,34,33,92,12,28,40,132
04/15/2000,SUX,IA,ACE,CE,Towers with Radar,3,20,13,3,39,0,0,0,0,0,3,20,13,3,39,4,0,4,43
04/16/2000,SUX,IA,ACE,CE,Towers with Radar,3,22,7,0,32,0,0,0,0,0,3,22,7,0,32,0,0,0,32
04/17/2000,SUX,IA,ACE,CE,Towers with Radar,4,22,35,4,65,0,0,19,2,21,4,22,54,6,86,36,10,46,132
04/18/2000,SUX,IA,ACE,CE,Towers with Radar,4,29,54,10,97,0,0,8,6,14,4,29,62,16,111,22,14,36,147
04/19/2000,SUX,IA,ACE,CE,Towers with Radar,4,36,45,3,88,0,0,2,2,4,4,36,47,5,92,18,0,18,110
04/20/2000,SUX,IA,ACE,CE,Towers with Radar,4,23,47,0,74,0,0,5,0,5,4,23,52,0,79,6,0,6,85
04/21/2000,SUX,IA,ACE,CE,Towers with Radar,4,16,26,6,52,0,1,49,5,55,4,17,75,11,107,16,6,22,129
04/22/2000,SUX,IA,ACE,CE,Towers with Radar,3,17,7,0,27,0,1,28,0,29,3,18,35,0,56,80,0,80,136
04/23/2000,SUX,IA,ACE,CE,Towers with Radar,3,21,12,0,36,0,0,11,0,11,3,21,23,0,47,4,0,4,51
04/24/2000,SUX,IA,ACE,CE,Towers with Radar,4,22,44,0,70,0,0,19,0,19,4,22,63,0,89,22,0,22,111
04/25/2000,SUX,IA,ACE,CE,Towers with Radar,4,26,56,10,96,0,3,27,2,32,4,29,83,12,128,100,12,112,240
04/26/2000,SUX,IA,ACE,CE,Towers with Radar,4,27,42,8,81,0,0,27,4,31,4,27,69,12,112,26,0,26,138
04/27/2000,SUX,IA,ACE,CE,Towers with Radar,4,29,40,14,87,0,0,5,4,9,4,29,45,18,96,8,4,12,108
04/28/2000,SUX,IA,ACE,CE,Towers with Radar,4,24,43,26,97,0,0,22,0,22,4,24,65,26,119,4,30,34,153
04/29/2000,SUX,IA,ACE,CE,Towers with Radar,3,17,20,1,41,0,0,31,0,31,3,17,51,1,72,42,0,42,114
04/30/2000,SUX,IA,ACE,CE,Towers with Radar,3,21,26,0,50,0,1,18,0,19,3,22,44,0,69,10,0,10,79
05/01/2000,SUX,IA,ACE,CE,Towers with Radar,4,25,22,0,51,0,1,42,0,43,4,26,64,0,94,4,0,4,98
05/02/2000,SUX,IA,ACE,CE,Towers with Radar,4,26,46,11,87,0,2,33,7,42,4,28,79,18,129,32,46,78,207
05/03/2000,SUX,IA,ACE,CE,Towers with Radar,4,29,33,8,74,0,0,37,11,48,4,29,70,19,122,20,18,38,160
05/04/2000,SUX,IA,ACE,CE,Towers with Radar,4,26,38,18,86,0,0,23,8,31,4,26,61,26,117,22,34,56,173
05/05/2000,SUX,IA,ACE,CE,Towers with Radar,4,26,28,15,73,0,1,16,2,19,4,27,44,17,92,0,50,50,142
05/06/2000,SUX,IA,ACE,CE,Towers with Radar,4,18,17,15,54,0,0,10,5,15,4,18,27,20,69,18,38,56,125
05/07/2000,SUX,IA,ACE,CE,Towers with Radar,4,24,29,5,62,0,1,5,4,10,4,25,34,9,72,26,2,28,100
05/08/2000,SUX,IA,ACE,CE,Towers with Radar,4,25,46,0,75,0,0,7,0,7,4,25,53,0,82,10,0,10,92
05/09/2000,SUX,IA,ACE,CE,Towers with Radar,4,22,50,14,90,0,3,36,9,48,4,25,86,23,138,30,38,68,206
05/10/2000,SUX,IA,ACE,CE,Towers with Radar,4,27,48,3,82,0,0,21,1,22,4,27,69,4,104,0,0,0,104
05/11/2000,SUX,IA,ACE,CE,Towers with Radar,4,24,37,9,74,0,0,30,3,33,4,24,67,12,107,20,12,32,139
05/12/2000,SUX,IA,ACE,CE,Towers with Radar,4,21,32,8,65,0,0,19,5,24,4,21,51,13,89,8,10,18,107
05/13/2000,SUX,IA,ACE,CE,Towers with Radar,4,17,11,0,32,0,0,15,1,16,4,17,26,1,48,6,0,6,54
05/14/2000,SUX,IA,ACE,CE,Towers with Radar,4,20,12,0,36,0,1,27,1,29,4,21,39,1,65,20,0,20,85
05/15/2000,SUX,IA,ACE,CE,Towers with Radar,4,22,43,1,70,0,3,23,6,32,4,25,66,7,102,8,24,32,134
05/16/2000,SUX,IA,ACE,CE,Towers with Radar,4,23,32,27,86,0,7,27,1,35,4,30,59,28,121,22,34,56,177
05/17/2000,SUX,IA,ACE,CE,Towers with Radar,4,24,43,2,73,0,0,8,1,9,4,24,51,3,82,2,0,2,84
05/18/2000,SUX,IA,ACE,CE,Towers with Radar,4,25,36,14,79,0,0,7,2,9,4,25,43,16,88,0,2,2,90
05/19/2000,SUX,IA,ACE,CE,Towers with Radar,4,18,61,14,97,0,10,41,7,58,4,28,102,21,155,32,16,48,203
05/20/2000,SUX,IA,ACE,CE,Towers with Radar,4,16,14,17,51,0,0,32,1,33,4,16,46,18,84,30,14,44,128
05/21/2000,SUX,IA,ACE,CE,Towers with Radar,4,20,36,0,60,0,0,26,0,26,4,20,62,0,86,38,0,38,124
05/22/2000,SUX,IA,ACE,CE,Towers with Radar,4,25,37,0,66,0,0,65,0,65,4,25,102,0,131,43,0,43,174
05/23/2000,SUX,IA,ACE,CE,Towers with Radar,4,29,43,10,86,0,4,9,18,31,4,33,52,28,117,10,38,48,165
05/24/2000,SUX,IA,ACE,CE,Towers with Radar,4,28,43,10,85,0,0,28,1,29,4,28,71,11,114,24,28,52,166
05/25/2000,SUX,IA,ACE,CE,Towers with Radar,4,27,43,10,84,0,0,24,3,27,4,27,67,13,111,28,8,36,147
05/26/2000,SUX,IA,ACE,CE,Towers with Radar,3,20,32,4,59,1,0,6,0,7,4,20,38,4,66,0,0,0,66
05/27/2000,SUX,IA,ACE,CE,Towers with Radar,3,13,31,0,47,1,0,2,0,3,4,13,33,0,50,18,0,18,68
05/28/2000,SUX,IA,ACE,CE,Towers with Radar,1,10,15,0,26,3,5,21,0,29,4,15,36,0,55,8,0,8,63
05/29/2000,SUX,IA,ACE,CE,Towers with Radar,2,16,24,5,47,2,6,23,7,38,4,22,47,12,85,206,4,210,295
05/30/2000,SUX,IA,ACE,CE,Towers with Radar,4,22,33,0,59,0,6,6,0,12,4,28,39,0,71,2,0,2,73
05/31/2000,SUX,IA,ACE,CE,Towers with Radar,4,27,35,9,75,0,3,0,7,10,4,30,35,16,85,2,2,4,89
06/01/2000,SUX,IA,ACE,CE,Towers with Radar,4,29,38,1,72,0,1,25,0,26,4,30,63,1,98,8,0,8,106
06/02/2000,SUX,IA,ACE,CE,Towers with Radar,4,24,32,7,67,0,1,36,2,39,4,25,68,9,106,20,16,36,142
06/03/2000,SUX,IA,ACE,CE,Towers with Radar,3,13,18,0,34,1,4,22,0,27,4,17,40,0,61,128,0,128,189
06/04/2000,SUX,IA,ACE,CE,Towers with Radar,3,15,20,0,38,1,3,3,0,7,4,18,23,0,45,8,0,8,53
06/05/2000,SUX,IA,ACE,CE,Towers with Radar,4,24,31,0,59,0,14,46,0,60,4,38,77,0,119,58,0,58,177
06/06/2000,SUX,IA,ACE,CE,Towers with Radar,4,28,37,8,77,0,1,27,10,38,4,29,64,18,115,24,2,26,141
06/07/2000,SUX,IA,ACE,CE,Towers with Radar,4,27,43,9,83,0,0,26,14,40,4,27,69,23,123,18,50,68,191
06/08/2000,SUX,IA,ACE,CE,Towers with Radar,4,24,32,7,67,0,10,39,10,59,4,34,71,17,126,16,16,32,158
06/09/2000,SUX,IA,ACE,CE,Towers with Radar,4,20,27,5,56,0,4,29,0,33,4,24,56,5,89,0,4,4,93
06/10/2000,SUX,IA,ACE,CE,Towers with Radar,3,15,20,4,42,1,1,8,10,20,4,16,28,14,62,83,28,111,173
06/11/2000,SUX,IA,ACE,CE,Towers with Radar,3,17,23,6,49,1,1,38,1,41,4,18,61,7,90,36,4,40,130
06/12/2000,SUX,IA,ACE,CE,Towers with Radar,4,29,39,0,72,0,0,19,0,19,4,29,58,0,91,40,0,40,131
06/13/2000,SUX,IA,ACE,CE,Towers with Radar,4,19,23,6,52,0,2,0,0,2,4,21,23,6,54,0,4,4,58
06/14/2000,SUX,IA,ACE,CE,Towers with Radar,3,24,32,5,64,1,1,3,0,5,4,25,35,5,69,0,0,0,69
06/15/2000,SUX,IA,ACE,CE,Towers with Radar,4,27,40,10,81,0,0,30,5,35,4,27,70,15,116,6,18,24,140
06/16/2000,SUX,IA,ACE,CE,Towers with Radar,4,23,39,9,75,0,0,20,5,25,4,23,59,14,100,12,16,28,128
06/17/2000,SUX,IA,ACE,CE,Towers with Radar,2,14,19,0,35,3,0,20,0,23,5,14,39,0,58,36,0,36,94
06/18/2000,SUX,IA,ACE,CE,Towers with Radar,2,16,20,0,38,1,4,21,0,26,3,20,41,0,64,10,0,10,74
06/19/2000,SUX,IA,ACE,CE,Towers with Radar,3,25,30,0,58,1,6,7,0,14,4,31,37,0,72,0,0,0,72
06/20/2000,SUX,IA,ACE,CE,Towers with Radar,4,31,41,10,86,0,0,13,11,24,4,31,54,21,110,0,34,34,144
06/21/2000,SUX,IA,ACE,CE,Towers with Radar,4,28,35,9,76,0,5,20,13,38,4,33,55,22,114,0,12,12,126
06/22/2000,SUX,IA,ACE,CE,Towers with Radar,4,31,41,10,86,0,0,55,13,68,4,31,96,23,154,18,22,40,194
06/23/2000,SUX,IA,ACE,CE,Towers with Radar,3,19,29,7,58,1,0,34,7,42,4,19,63,14,100,18,4,22,122
06/24/2000,SUX,IA,ACE,CE,Towers with Radar,2,16,19,5,42,2,2,4,14,22,4,18,23,19,64,22,4,26,90
06/25/2000,SUX,IA,ACE,CE,Towers with Radar,1,10,12,3,26,3,8,4,1,16,4,18,16,4,42,0,2,2,44
06/26/2000,SUX,IA,ACE,CE,Towers with Radar,4,30,39,5,78,0,0,35,0,35,4,30,74,5,113,38,16,54,167
06/27/2000,SUX,IA,ACE,CE,Towers with Radar,4,26,36,9,75,0,0,20,2,22,4,26,56,11,97,10,20,30,127
06/28/2000,SUX,IA,ACE,CE,Towers with Radar,4,26,50,11,91,0,0,49,7,56,4,26,99,18,147,50,10,60,207
06/29/2000,SUX,IA,ACE,CE,Towers with Radar,4,29,41,9,83,0,0,60,2,62,4,29,101,11,145,24,8,32,177
06/30/2000,SUX,IA,ACE,CE,Towers with Radar,3,22,28,3,56,1,1,52,0,54,4,23,80,3,110,52,0,52,162
07/01/2000,SUX,IA,ACE,CE,Towers with Radar,2,11,17,2,32,2,4,40,0,46,4,15,57,2,78,64,0,64,142
07/02/2000,SUX,IA,ACE,CE,Towers with Radar,3,14,20,2,39,1,4,17,0,22,4,18,37,2,61,0,0,0,61
07/03/2000,SUX,IA,ACE,CE,Towers with Radar,4,20,28,0,52,0,5,3,0,8,4,25,31,0,60,24,0,24,84
07/04/2000,SUX,IA,ACE,CE,Towers with Radar,2,14,20,0,36,0,6,4,0,10,2,20,24,0,46,44,0,44,90
07/05/2000,SUX,IA,ACE,CE,Towers with Radar,4,28,39,0,71,0,4,16,0,20,4,32,55,0,91,0,0,0,91
07/06/2000,SUX,IA,ACE,CE,Towers with Radar,4,31,46,8,89,0,0,8,6,14,4,31,54,14,103,10,34,44,147
07/07/2000,SUX,IA,ACE,CE,Towers with Radar,4,23,33,4,64,0,4,22,0,26,4,27,55,4,90,8,12,20,110
07/08/2000,SUX,IA,ACE,CE,Towers with Radar,3,15,21,0,39,1,2,13,0,16,4,17,34,0,55,0,0,0,55
07/09/2000,SUX,IA,ACE,CE,Towers with Radar,3,16,24,0,43,1,8,18,0,27,4,24,42,0,70,20,0,20,90
07/10/2000,SUX,IA,ACE,CE,Towers with Radar,4,26,37,0,67,0,10,24,0,34,4,36,61,0,101,46,0,46,147
07/11/2000,SUX,IA,ACE,CE,Towers with Radar,4,34,48,9,95,0,5,8,3,16,4,39,56,12,111,12,12,24,135
07/12/2000,SUX,IA,ACE,CE,Towers with Radar,4,26,41,8,79,0,0,27,4,31,4,26,68,12,110,26,14,40,150
07/13/2000,SUX,IA,ACE,CE,Towers with Radar,2,29,41,7,79,0,0,38,7,45,2,29,79,14,124,30,34,64,188
07/14/2000,SUX,IA,ACE,CE,Towers with Radar,4,20,28,5,57,0,5,25,4,34,4,25,53,9,91,30,12,42,133
07/15/2000,SUX,IA,ACE,CE,Towers with Radar,1,10,15,3,29,3,5,19,2,29,4,15,34,5,58,8,4,12,70
07/16/2000,SUX,IA,ACE,CE,Towers with Radar,2,17,22,4,45,2,5,11,3,21,4,22,33,7,66,18,0,18,84
07/17/2000,SUX,IA,ACE,CE,Towers with Radar,4,26,36,0,66,0,0,50,0,50,4,26,86,0,116,18,0,18,134
07/18/2000,SUX,IA,ACE,CE,Towers with Radar,4,26,42,9,81,0,0,0,14,14,4,26,42,23,95,12,2,14,109
07/19/2000,SUX,IA,ACE,CE,Towers with Radar,4,31,61,12,108,0,0,11,1,12,4,31,72,13,120,16,2,18,138
07/20/2000,SUX,IA,ACE,CE,Towers with Radar,4,33,44,9,90,0,0,28,9,37,4,33,72,18,127,46,12,58,185
07/21/2000,SUX,IA,ACE,CE,Towers with Radar,4,27,38,7,76,0,0,54,11,65,4,27,92,18,141,60,8,68,209
07/22/2000,SUX,IA,ACE,CE,Towers with Radar,2,16,20,4,42,2,1,61,2,66,4,17,81,6,108,22,10,32,140
07/23/2000,SUX,IA,ACE,CE,Towers with Radar,3,20,26,4,53,1,2,31,0,34,4,22,57,4,87,4,26,30,117
07/24/2000,SUX,IA,ACE,CE,Towers with Radar,4,24,39,2,69,0,0,49,0,49,4,24,88,2,118,4,0,4,122
07/25/2000,SUX,IA,ACE,CE,Towers with Radar,5,33,48,9,95,1,0,27,19,47,6,33,75,28,142,26,16,42,184
07/26/2000,SUX,IA,ACE,CE,Towers with Radar,4,26,42,8,80,0,0,26,1,27,4,26,68,9,107,34,8,42,149
07/27/2000,SUX,IA,ACE,CE,Towers with Radar,4,27,44,9,84,0,0,42,3,45,4,27,86,12,129,32,20,52,181
07/28/2000,SUX,IA,ACE,CE,Towers with Radar,4,23,46,9,82,0,0,37,3,40,4,23,83,12,122,8,26,34,156
07/29/2000,SUX,IA,ACE,CE,Towers with Radar,2,15,20,1,38,2,0,24,0,26,4,15,44,1,64,6,0,6,70
07/30/2000,SUX,IA,ACE,CE,Towers with Radar,2,18,24,3,47,2,3,31,0,36,4,21,55,3,83,2,2,4,87
07/31/2000,SUX,IA,ACE,CE,Towers with Radar,3,24,32,1,60,1,1,40,0,42,4,25,72,1,102,19,0,19,121
08/01/2000,SUX,IA,ACE,CE,Towers with Radar,4,27,40,7,78,0,2,54,0,56,4,29,94,7,134,24,2,26,160
08/02/2000,SUX,IA,ACE,CE,Towers with Radar,4,30,45,9,88,0,0,53,5,58,4,30,98,14,146,46,14,60,206
08/03/2000,SUX,IA,ACE,CE,Towers with Radar,4,31,45,9,89,0,3,15,4,22,4,34,60,13,111,12,8,20,131
08/04/2000,SUX,IA,ACE,CE,Towers with Radar,4,26,42,8,80,0,0,22,4,26,4,26,64,12,106,16,4,20,126
08/05/2000,SUX,IA,ACE,CE,Towers with Radar,3,14,20,4,41,1,5,20,7,33,4,19,40,11,74,12,8,20,94
08/06/2000,SUX,IA,ACE,CE,Towers with Radar,3,18,25,5,51,1,4,18,10,33,4,22,43,15,84,12,14,26,110
08/07/2000,SUX,IA,ACE,CE,Towers with Radar,4,25,36,3,68,0,8,34,0,42,4,33,70,3,110,34,0,34,144
08/08/2000,SUX,IA,ACE,CE,Towers with Radar,4,27,38,7,76,0,2,31,3,36,4,29,69,10,112,48,10,58,170
08/09/2000,SUX,IA,ACE,CE,Towers with Radar,4,27,39,8,78,0,4,27,7,38,4,31,66,15,116,26,16,42,158
08/10/2000,SUX,IA,ACE,CE,Towers with Radar,4,29,42,8,83,0,0,45,5,50,4,29,87,13,133,36,40,76,209
08/11/2000,SUX,IA,ACE,CE,Towers with Radar,3,23,34,7,67,1,0,3,11,15,4,23,37,18,82,12,12,24,106
08/12/2000,SUX,IA,ACE,CE,Towers with Radar,1,12,16,1,30,3,3,25,0,31,4,15,41,1,61,18,0,18,79
08/13/2000,SUX,IA,ACE,CE,Towers with Radar,2,18,24,1,45,2,0,21,0,23,4,18,45,1,68,0,0,0,68
08/14/2000,SUX,IA,ACE,CE,Towers with Radar,2,25,35,2,64,0,1,40,0,41,2,26,75,2,105,14,0,14,119
08/15/2000,SUX,IA,ACE,CE,Towers with Radar,4,28,27,4,63,0,0,18,0,18,4,28,45,4,81,32,0,32,113
08/16/2000,SUX,IA,ACE,CE,Towers with Radar,4,24,43,0,71,0,0,12,0,12,4,24,55,0,83,2,0,2,85
08/17/2000,SUX,IA,ACE,CE,Towers with Radar,4,29,31,9,73,0,0,28,1,29,4,29,59,10,102,18,2,20,122
08/18/2000,SUX,IA,ACE,CE,Towers with Radar,4,22,39,13,78,0,0,28,0,28,4,22,67,13,106,32,0,32,138
08/19/2000,SUX,IA,ACE,CE,Towers with Radar,4,16,31,23,74,0,0,5,0,5,4,16,36,23,79,24,8,32,111
08/20/2000,SUX,IA,ACE,CE,Towers with Radar,4,19,37,13,73,0,0,16,0,16,4,19,53,13,89,28,0,28,117
08/21/2000,SUX,IA,ACE,CE,Towers with Radar,4,28,44,0,76,0,3,0,2,5,4,31,44,2,81,16,0,16,97
08/22/2000,SUX,IA,ACE,CE,Towers with Radar,4,27,35,11,77,0,0,8,7,15,4,27,43,18,92,30,52,82,174
08/23/2000,SUX,IA,ACE,CE,Towers with Radar,4,25,27,17,73,0,0,24,2,26,4,25,51,19,99,36,24,60,159
08/24/2000,SUX,IA,ACE,CE,Towers with Radar,4,26,52,6,88,0,0,7,0,7,4,26,59,6,95,28,30,58,153
08/25/2000,SUX,IA,ACE,CE,Towers with Radar,4,23,37,10,74,0,0,15,0,15,4,23,52,10,89,12,30,42,131
08/26/2000,SUX,IA,ACE,CE,Towers with Radar,4,17,21,0,42,0,1,11,1,13,4,18,32,1,55,8,0,8,63
08/27/2000,SUX,IA,ACE,CE,Towers with Radar,4,18,21,0,43,0,0,1,0,1,4,18,22,0,44,0,0,0,44
08/28/2000,SUX,IA,ACE,CE,Towers with Radar,4,27,41,2,74,0,1,11,0,12,4,28,52,2,86,30,14,44,130
08/29/2000,SUX,IA,ACE,CE,Towers with Radar,4,28,38,7,77,0,0,20,5,25,4,28,58,12,102,48,30,78,180
08/30/2000,SUX,IA,ACE,CE,Towers with Radar,4,28,40,13,85,0,0,15,3,18,4,28,55,16,103,34,36,70,173
08/31/2000,SUX,IA,ACE,CE,Towers with Radar,4,27,51,13,95,0,1,15,0,16,4,28,66,13,111,26,0,26,137
09/01/2000,SUX,IA,ACE,CE,Towers with Radar,3,24,44,14,85,0,0,26,2,28,3,24,70,16,113,28,0,28,141
09/02/2000,SUX,IA,ACE,CE,Towers with Radar,2,16,3,0,21,0,0,24,0,24,2,16,27,0,45,4,0,4,49
09/03/2000,SUX,IA,ACE,CE,Towers with Radar,1,10,13,0,24,0,7,11,0,18,1,17,24,0,42,24,0,24,66
09/04/2000,SUX,IA,ACE,CE,Towers with Radar,3,29,33,1,66,0,0,8,1,9,3,29,41,2,75,40,0,40,115
09/05/2000,SUX,IA,ACE,CE,Towers with Radar,3,27,35,1,66,0,2,14,1,17,3,29,49,2,83,50,0,50,133
09/06/2000,SUX,IA,ACE,CE,Towers with Radar,3,31,28,15,77,0,0,36,11,47,3,31,64,26,124,10,28,38,162
09/07/2000,SUX,IA,ACE,CE,Towers with Radar,3,28,34,9,74,0,0,54,5,59,3,28,88,14,133,32,54,86,219
09/08/2000,SUX,IA,ACE,CE,Towers with Radar,4,26,39,12,81,0,0,38,0,38,4,26,77,12,119,14,32,46,165
09/09/2000,SUX,IA,ACE,CE,Towers with Radar,2,17,28,10,57,0,0,11,2,13,2,17,39,12,70,4,8,12,82
09/10/2000,SUX,IA,ACE,CE,Towers with Radar,3,23,22,11,59,0,0,134,5,139,3,23,156,16,198,18,14,32,230
09/11/2000,SUX,IA,ACE,CE,Towers with Radar,2,24,34,4,64,1,8,15,0,24,3,32,49,4,88,20,2,22,110
09/12/2000,SUX,IA,ACE,CE,Towers with Radar,3,27,43,12,85,0,0,26,10,36,3,27,69,22,121,32,6,38,159
09/13/2000,SUX,IA,ACE,CE,Towers with Radar,3,35,48,15,101,0,0,33,6,39,3,35,81,21,140,32,54,86,226
09/14/2000,SUX,IA,ACE,CE,Towers with Radar,3,31,57,8,99,0,0,26,7,33,3,31,83,15,132,4,36,40,172
09/15/2000,SUX,IA,ACE,CE,Towers with Radar,3,25,44,8,80,0,0,27,2,29,3,25,71,10,109,56,8,64,173
09/16/2000,SUX,IA,ACE,CE,Towers with Radar,2,16,34,2,54,2,0,24,0,26,4,16,58,2,80,28,0,28,108
09/17/2000,SUX,IA,ACE,CE,Towers with Radar,3,22,26,0,51,0,0,25,2,27,3,22,51,2,78,4,24,28,106
09/18/2000,SUX,IA,ACE,CE,Towers with Radar,4,30,39,1,74,0,0,16,3,19,4,30,55,4,93,6,0,6,99
09/19/2000,SUX,IA,ACE,CE,Towers with Radar,3,26,51,19,99,0,0,15,0,15,3,26,66,19,114,4,12,16,130
09/20/2000,SUX,IA,ACE,CE,Towers with Radar,3,27,34,4,68,0,0,18,0,18,3,27,52,4,86,0,0,0,86
09/21/2000,SUX,IA,ACE,CE,Towers with Radar,3,30,72,5,110,0,0,31,4,35,3,30,103,9,145,30,22,52,197
09/22/2000,SUX,IA,ACE,CE,Towers with Radar,3,26,29,5,63,0,0,0,0,0,3,26,29,5,63,0,0,0,63
09/23/2000,SUX,IA,ACE,CE,Towers with Radar,2,20,39,12,73,0,0,0,0,0,2,20,39,12,73,12,0,12,85
09/24/2000,SUX,IA,ACE,CE,Towers with Radar,3,20,13,8,44,0,0,9,0,9,3,20,22,8,53,26,16,42,95
09/25/2000,SUX,IA,ACE,CE,Towers with Radar,3,29,32,0,64,0,0,31,1,32,3,29,63,1,96,26,0,26,122
09/26/2000,SUX,IA,ACE,CE,Towers with Radar,3,25,45,6,79,0,0,26,1,27,3,25,71,7,106,52,6,58,164
09/27/2000,SUX,IA,ACE,CE,Towers with Radar,3,26,28,5,62,0,1,33,5,39,3,27,61,10,101,14,8,22,123
09/28/2000,SUX,IA,ACE,CE,Towers with Radar,3,27,36,0,66,0,6,20,0,26,3,33,56,0,92,16,0,16,108
09/29/2000,SUX,IA,ACE,CE,Towers with Radar,3,23,23,1,50,0,2,13,0,15,3,25,36,1,65,2,0,2,67
09/30/2000,SUX,IA,ACE,CE,Towers with Radar,2,20,10,0,32,0,0,21,1,22,2,20,31,1,54,8,0,8,62
10/01/2000,SUX,IA,ACE,CE,Towers with Radar,2,19,11,0,32,1,0,12,0,13,3,19,23,0,45,0,0,0,45
10/02/2000,SUX,IA,ACE,CE,Towers with Radar,3,30,21,0,54,0,0,34,2,36,3,30,55,2,90,22,0,22,112
10/03/2000,SUX,IA,ACE,CE,Towers with Radar,3,24,28,10,65,0,4,15,1,20,3,28,43,11,85,8,16,24,109
10/04/2000,SUX,IA,ACE,CE,Towers with Radar,3,26,27,4,60,0,1,17,7,25,3,27,44,11,85,6,20,26,111
10/05/2000,SUX,IA,ACE,CE,Towers with Radar,3,23,37,5,68,0,1,3,0,4,3,24,40,5,72,0,0,0,72
10/06/2000,SUX,IA,ACE,CE,Towers with Radar,3,22,33,5,63,0,2,17,2,21,3,24,50,7,84,46,2,48,132
10/07/2000,SUX,IA,ACE,CE,Towers with Radar,3,16,6,2,27,0,2,22,1,25,3,18,28,3,52,4,0,4,56
10/08/2000,SUX,IA,ACE,CE,Towers with Radar,3,20,14,0,37,0,2,34,0,36,3,22,48,0,73,0,0,0,73
10/09/2000,SUX,IA,ACE,CE,Towers with Radar,3,27,37,0,67,0,2,22,0,24,3,29,59,0,91,26,0,26,117
10/10/2000,SUX,IA,ACE,CE,Towers with Radar,3,25,28,0,56,0,0,40,0,40,3,25,68,0,96,0,0,0,96
10/11/2000,SUX,IA,ACE,CE,Towers with Radar,3,26,27,8,64,0,1,26,5,32,3,27,53,13,96,26,30,56,152
10/12/2000,SUX,IA,ACE,CE,Towers with Radar,3,30,37,19,89,0,1,40,1,42,3,31,77,20,131,60,56,116,247
10/13/2000,SUX,IA,ACE,CE,Towers with Radar,3,27,31,11,72,0,2,16,1,19,3,29,47,12,91,4,34,38,129
10/14/2000,SUX,IA,ACE,CE,Towers with Radar,2,16,18,13,49,0,0,30,1,31,2,16,48,14,80,16,20,36,116
10/15/2000,SUX,IA,ACE,CE,Towers with Radar,3,20,13,7,43,0,0,33,10,43,3,20,46,17,86,10,20,30,116
10/16/2000,SUX,IA,ACE,CE,Towers with Radar,3,26,54,0,83,0,0,17,0,17,3,26,71,0,100,20,0,20,120
10/17/2000,SUX,IA,ACE,CE,Towers with Radar,3,23,36,5,67,0,0,8,4,12,3,23,44,9,79,26,26,52,131
10/18/2000,SUX,IA,ACE,CE,Towers with Radar,3,28,42,9,82,0,0,35,5,40,3,28,77,14,122,8,28,36,158
10/19/2000,SUX,IA,ACE,CE,Towers with Radar,3,28,43,10,84,0,0,24,4,28,3,28,67,14,112,34,28,62,174
10/20/2000,SUX,IA,ACE,CE,Towers with Radar,3,27,34,8,72,0,0,50,2,52,3,27,84,10,124,36,16,52,176
10/21/2000,SUX,IA,ACE,CE,Towers with Radar,2,16,18,0,36,0,0,38,6,44,2,16,56,6,80,16,0,16,96
10/22/2000,SUX,IA,ACE,CE,Towers with Radar,3,22,25,0,50,0,1,7,0,8,3,23,32,0,58,10,0,10,68
10/23/2000,SUX,IA,ACE,CE,Towers with Radar,3,32,36,0,71,0,0,12,0,12,3,32,48,0,83,20,0,20,103
10/24/2000,SUX,IA,ACE,CE,Towers with Radar,3,27,27,0,57,0,2,0,0,2,3,29,27,0,59,12,0,12,71
10/25/2000,SUX,IA,ACE,CE,Towers with Radar,3,33,49,21,106,0,0,13,0,13,3,33,62,21,119,14,30,44,163
10/26/2000,SUX,IA,ACE,CE,Towers with Radar,3,25,41,13,82,0,0,14,7,21,3,25,55,20,103,4,34,38,141
10/27/2000,SUX,IA,ACE,CE,Towers with Radar,3,26,29,26,84,0,0,12,4,16,3,26,41,30,100,2,12,14,114
10/28/2000,SUX,IA,ACE,CE,Towers with Radar,2,18,23,6,49,0,0,5,0,5,2,18,28,6,54,12,0,12,66
10/29/2000,SUX,IA,ACE,CE,Towers with Radar,3,23,12,0,38,0,0,0,0,0,3,23,12,0,38,0,0,0,38
10/30/2000,SUX,IA,ACE,CE,Towers with Radar,3,28,38,2,71,0,1,18,0,19,3,29,56,2,90,18,0,18,108
10/31/2000,SUX,IA,ACE,CE,Towers with Radar,3,26,41,7,77,0,0,5,0,5,3,26,46,7,82,0,0,0,82
11/01/2000,SUX,IA,ACE,CE,Towers with Radar,3,19,23,0,45,0,0,0,0,0,3,19,23,0,45,0,0,0,45
11/02/2000,SUX,IA,ACE,CE,Towers with Radar,3,26,35,6,70,0,0,28,7,35,3,26,63,13,105,0,16,16,121
11/03/2000,SUX,IA,ACE,CE,Towers with Radar,3,27,36,4,70,0,0,38,3,41,3,27,74,7,111,24,2,26,137
11/04/2000,SUX,IA,ACE,CE,Towers with Radar,3,16,16,20,55,0,0,53,0,53,3,16,69,20,108,20,34,54,162
11/05/2000,SUX,IA,ACE,CE,Towers with Radar,3,17,19,9,48,0,1,5,0,6,3,18,24,9,54,0,0,0,54
11/06/2000,SUX,IA,ACE,CE,Towers with Radar,3,28,30,1,62,0,5,2,0,7,3,33,32,1,69,12,2,14,83
11/07/2000,SUX,IA,ACE,CE,Towers with Radar,4,27,18,0,49,0,2,3,0,5,4,29,21,0,54,18,0,18,72
11/08/2000,SUX,IA,ACE,CE,Towers with Radar,3,29,59,9,100,0,0,15,1,16,3,29,74,10,116,26,0,26,142
11/09/2000,SUX,IA,ACE,CE,Towers with Radar,3,24,36,11,74,0,0,16,5,21,3,24,52,16,95,10,24,34,129
11/10/2000,SUX,IA,ACE,CE,Towers with Radar,3,23,36,8,70,0,1,28,4,33,3,24,64,12,103,50,28,78,181
11/11/2000,SUX,IA,ACE,CE,Towers with Radar,2,17,10,0,29,0,3,13,0,16,2,20,23,0,45,0,0,0,45
11/12/2000,SUX,IA,ACE,CE,Towers with Radar,1,16,11,0,28,0,0,9,0,9,1,16,20,0,37,20,0,20,57
11/13/2000,SUX,IA,ACE,CE,Towers with Radar,3,28,21,0,52,0,0,1,0,1,3,28,22,0,53,0,0,0,53
11/14/2000,SUX,IA,ACE,CE,Towers with Radar,3,26,53,4,86,0,0,21,0,21,3,26,74,4,107,16,6,22,129
11/15/2000,SUX,IA,ACE,CE,Towers with Radar,3,23,37,2,65,0,0,6,0,6,3,23,43,2,71,0,0,0,71
11/16/2000,SUX,IA,ACE,CE,Towers with Radar,2,31,43,3,79,0,1,3,1,5,2,32,46,4,84,8,0,8,92
11/17/2000,SUX,IA,ACE,CE,Towers with Radar,3,25,38,24,90,0,2,32,0,34,3,27,70,24,124,40,38,78,202
11/18/2000,SUX,IA,ACE,CE,Towers with Radar,2,18,18,23,61,0,4,14,0,18,2,22,32,23,79,14,18,32,111
11/19/2000,SUX,IA,ACE,CE,Towers with Radar,3,18,16,0,37,0,0,5,0,5,3,18,21,0,42,0,0,0,42
11/20/2000,SUX,IA,ACE,CE,Towers with Radar,3,28,36,18,85,0,0,5,0,5,3,28,41,18,90,6,18,24,114
11/21/2000,SUX,IA,ACE,CE,Towers with Radar,3,26,35,19,83,0,4,21,12,37,3,30,56,31,120,34,38,72,192
11/22/2000,SUX,IA,ACE,CE,Towers with Radar,3,29,34,8,74,0,0,29,8,37,3,29,63,16,111,22,10,32,143
11/23/2000,SUX,IA,ACE,CE,Towers with Radar,1,19,12,1,33,0,0,3,1,4,1,19,15,2,37,6,0,6,43
11/24/2000,SUX,IA,ACE,CE,Towers with Radar,2,18,13,0,33,0,0,34,0,34,2,18,47,0,67,26,0,26,93
11/25/2000,SUX,IA,ACE,CE,Towers with Radar,2,19,9,0,30,0,0,21,0,21,2,19,30,0,51,14,0,14,65
11/26/2000,SUX,IA,ACE,CE,Towers with Radar,3,23,33,0,59,0,0,20,0,20,3,23,53,0,79,40,0,40,119
11/27/2000,SUX,IA,ACE,CE,Towers with Radar,3,25,30,0,58,0,0,27,0,27,3,25,57,0,85,20,0,20,105
11/28/2000,SUX,IA,ACE,CE,Towers with Radar,3,28,24,6,61,0,3,14,0,17,3,31,38,6,78,20,0,20,98
11/29/2000,SUX,IA,ACE,CE,Towers with Radar,3,31,46,8,88,0,0,11,0,11,3,31,57,8,99,10,8,18,117
11/30/2000,SUX,IA,ACE,CE,Towers with Radar,3,29,29,2,63,0,0,1,0,1,3,29,30,2,64,0,0,0,64
12/01/2000,SUX,IA,ACE,CE,Towers with Radar,3,23,27,8,61,0,0,1,0,1,3,23,28,8,62,0,0,0,62
12/02/2000,SUX,IA,ACE,CE,Towers with Radar,2,20,24,11,57,0,0,8,0,8,2,20,32,11,65,18,0,18,83
12/03/2000,SUX,IA,ACE,CE,Towers with Radar,3,20,10,3,36,0,0,17,0,17,3,20,27,3,53,24,0,24,77
12/04/2000,SUX,IA,ACE,CE,Towers with Radar,3,22,39,0,64,0,0,19,0,19,3,22,58,0,83,18,0,18,101
12/05/2000,SUX,IA,ACE,CE,Towers with Radar,3,30,41,9,83,0,0,15,0,15,3,30,56,9,98,14,10,24,122
12/06/2000,SUX,IA,ACE,CE,Towers with Radar,3,32,41,11,87,0,0,13,0,13,3,32,54,11,100,10,26,36,136
12/07/2000,SUX,IA,ACE,CE,Towers with Radar,3,22,52,10,87,0,0,1,0,1,3,22,53,10,88,22,20,42,130
12/08/2000,SUX,IA,ACE,CE,Towers with Radar,3,26,30,5,64,0,3,18,4,25,3,29,48,9,89,6,0,6,95
12/09/2000,SUX,IA,ACE,CE,Towers with Radar,2,17,25,2,46,0,0,16,6,22,2,17,41,8,68,6,0,6,74
12/10/2000,SUX,IA,ACE,CE,Towers with Radar,3,21,10,1,35,0,1,2,0,3,3,22,12,1,38,4,0,4,42
12/11/2000,SUX,IA,ACE,CE,Towers with Radar,4,19,14,1,38,0,1,3,1,5,4,20,17,2,43,0,0,0,43
12/12/2000,SUX,IA,ACE,CE,Towers with Radar,4,21,22,5,52,0,1,17,1,19,4,22,39,6,71,16,8,24,95
12/13/2000,SUX,IA,ACE,CE,Towers with Radar,3,26,29,0,58,0,0,0,0,0,3,26,29,0,58,8,0,8,66
12/14/2000,SUX,IA,ACE,CE,Towers with Radar,3,24,29,8,64,0,1,5,7,13,3,25,34,15,77,0,58,58,135
12/15/2000,SUX,IA,ACE,CE,Towers with Radar,3,13,24,2,42,0,0,0,0,0,3,13,24,2,42,0,0,0,42
12/16/2000,SUX,IA,ACE,CE,Towers with Radar,0,2,0,0,2,0,2,0,0,2,0,4,0,0,4,0,0,0,4
12/17/2000,SUX,IA,ACE,CE,Towers with Radar,4,17,15,0,36,0,1,5,1,7,4,18,20,1,43,18,0,18,61
12/18/2000,SUX,IA,ACE,CE,Towers with Radar,1,10,9,0,20,0,0,0,0,0,1,10,9,0,20,0,0,0,20
12/19/2000,SUX,IA,ACE,CE,Towers with Radar,3,28,36,8,75,0,9,0,4,13,3,37,36,12,88,28,22,50,138
12/20/2000,SUX,IA,ACE,CE,Towers with Radar,3,26,30,12,71,0,0,7,0,7,3,26,37,12,78,10,26,36,114
12/21/2000,SUX,IA,ACE,CE,Towers with Radar,3,23,29,3,58,0,0,4,6,10,3,23,33,9,68,12,6,18,86
12/22/2000,SUX,IA,ACE,CE,Towers with Radar,3,28,20,3,54,0,0,30,1,31,3,28,50,4,85,22,0,22,107
12/23/2000,SUX,IA,ACE,CE,Towers with Radar,1,13,13,0,27,1,8,5,0,14,2,21,18,0,41,2,0,2,43
12/24/2000,SUX,IA,ACE,CE,Towers with Radar,1,12,2,0,15,0,0,13,0,13,1,12,15,0,28,2,0,2,30
12/25/2000,SUX,IA,ACE,CE,Towers with Radar,3,17,3,0,23,0,1,0,0,1,3,18,3,0,24,0,0,0,24
12/26/2000,SUX,IA,ACE,CE,Towers with Radar,7,30,23,0,60,0,0,13,0,13,7,30,36,0,73,22,0,22,95
12/27/2000,SUX,IA,ACE,CE,Towers with Radar,3,25,25,11,64,0,0,21,6,27,3,25,46,17,91,20,30,50,141
12/28/2000,SUX,IA,ACE,CE,Towers with Radar,2,23,25,2,52,0,0,0,0,0,2,23,25,2,52,0,0,0,52
12/29/2000,SUX,IA,ACE,CE,Towers with Radar,4,21,14,5,44,0,3,5,1,9,4,24,19,6,53,0,6,6,59
12/30/2000,SUX,IA,ACE,CE,Towers with Radar,2,16,12,0,30,0,4,1,0,5,2,20,13,0,35,6,0,6,41
12/31/2000,SUX,IA,ACE,CE,Towers with Radar,2,17,7,0,26,0,0,10,0,10,2,17,17,0,36,0,0,0,36
01/01/2001,SUX,IA,ACE,CE,Towers with Radar,7,20,14,0,41,0,0,6,0,6,7,20,20,0,47,18,0,18,65
01/02/2001,SUX,IA,ACE,CE,Towers with Radar,3,23,22,0,48,0,0,2,0,2,3,23,24,0,50,0,0,0,50
01/03/2001,SUX,IA,ACE,CE,Towers with Radar,3,24,51,0,78,0,0,18,0,18,3,24,69,0,96,8,14,22,118
01/04/2001,SUX,IA,ACE,CE,Towers with Radar,3,24,30,8,65,0,0,18,5,23,3,24,48,13,88,52,10,62,150
01/05/2001,SUX,IA,ACE,CE,Towers with Radar,3,25,35,15,78,0,0,43,4,47,3,25,78,19,125,42,28,70,195
01/06/2001,SUX,IA,ACE,CE,Towers with Radar,2,18,18,11,49,0,0,37,2,39,2,18,55,13,88,52,10,62,150
01/07/2001,SUX,IA,ACE,CE,Towers with Radar,3,20,10,17,50,0,0,7,4,11,3,20,17,21,61,12,0,12,73
01/08/2001,SUX,IA,ACE,CE,Towers with Radar,3,30,20,0,53,0,5,19,0,24,3,35,39,0,77,38,0,38,115
01/09/2001,SUX,IA,ACE,CE,Towers with Radar,4,30,44,12,90,0,0,24,17,41,4,30,68,29,131,34,26,60,191
01/10/2001,SUX,IA,ACE,CE,Towers with Radar,3,28,42,13,86,0,0,13,1,14,3,28,55,14,100,40,46,86,186
01/11/2001,SUX,IA,ACE,CE,Towers with Radar,3,28,38,14,83,0,0,9,10,19,3,28,47,24,102,30,22,52,154
01/12/2001,SUX,IA,ACE,CE,Towers with Radar,3,24,38,2,67,0,0,0,1,1,3,24,38,3,68,2,0,2,70
01/13/2001,SUX,IA,ACE,CE,Towers with Radar,2,9,2,0,13,0,0,0,0,0,2,9,2,0,13,0,0,0,13
01/14/2001,SUX,IA,ACE,CE,Towers with Radar,3,16,7,1,27,0,0,0,1,1,3,16,7,2,28,0,0,0,28
01/15/2001,SUX,IA,ACE,CE,Towers with Radar,1,25,49,0,75,0,0,0,0,0,1,25,49,0,75,18,0,18,93
01/16/2001,SUX,IA,ACE,CE,Towers with Radar,1,29,34,6,70,0,1,6,1,8,1,30,40,7,78,16,6,22,100
01/17/2001,SUX,IA,ACE,CE,Towers with Radar,3,29,53,17,102,0,0,13,5,18,3,29,66,22,120,32,6,38,158
01/18/2001,SUX,IA,ACE,CE,Towers with Radar,3,25,52,7,87,0,2,10,4,16,3,27,62,11,103,20,6,26,129
01/19/2001,SUX,IA,ACE,CE,Towers with Radar,4,23,36,21,84,0,1,14,1,16,4,24,50,22,100,22,34,56,156
01/20/2001,SUX,IA,ACE,CE,Towers with Radar,3,18,21,22,64,0,0,22,1,23,3,18,43,23,87,50,0,50,137
01/21/2001,SUX,IA,ACE,CE,Towers with Radar,3,23,34,8,68,0,1,11,2,14,3,24,45,10,82,18,30,48,130
01/22/2001,SUX,IA,ACE,CE,Towers with Radar,3,25,29,0,57,0,2,22,0,24,3,27,51,0,81,14,0,14,95
01/23/2001,SUX,IA,ACE,CE,Towers with Radar,3,25,36,11,75,0,0,19,1,20,3,25,55,12,95,14,34,48,143
01/24/2001,SUX,IA,ACE,CE,Towers with Radar,3,25,40,18,86,0,8,25,5,38,3,33,65,23,124,14,24,38,162
01/25/2001,SUX,IA,ACE,CE,Towers with Radar,3,25,39,17,84,0,0,8,4,12,3,25,47,21,96,34,40,74,170
01/26/2001,SUX,IA,ACE,CE,Towers with Radar,3,28,19,0,50,0,0,1,0,1,3,28,20,0,51,0,0,0,51
01/27/2001,SUX,IA,ACE,CE,Towers with Radar,2,18,14,0,34,0,0,24,0,24,2,18,38,0,58,36,0,36,94
01/28/2001,SUX,IA,ACE,CE,Towers with Radar,2,17,22,5,46,1,4,3,1,9,3,21,25,6,55,14,24,38,93
01/29/2001,SUX,IA,ACE,CE,Towers with Radar,1,7,13,0,21,0,0,0,0,0,1,7,13,0,21,0,0,0,21
01/30/2001,SUX,IA,ACE,CE,Towers with Radar,2,18,20,0,40,1,9,0,0,10,3,27,20,0,50,0,0,0,50
01/31/2001,SUX,IA,ACE,CE,Towers with Radar,2,24,31,1,58,2,1,19,0,22,4,25,50,1,80,10,0,10,90
02/01/2001,SUX,IA,ACE,CE,Towers with Radar,4,23,28,5,60,0,0,0,0,0,4,23,28,5,60,0,8,8,68
02/02/2001,SUX,IA,ACE,CE,Towers with Radar,4,21,31,1,57,0,2,0,0,2,4,23,31,1,59,3,0,3,62
02/03/2001,SUX,IA,ACE,CE,Towers with Radar,3,18,7,0,28,0,0,4,0,4,3,18,11,0,32,2,0,2,34
02/04/2001,SUX,IA,ACE,CE,Towers with Radar,3,20,18,0,41,0,0,0,0,0,3,20,18,0,41,6,0,6,47
02/05/2001,SUX,IA,ACE,CE,Towers with Radar,4,26,41,0,71,0,0,19,0,19,4,26,60,0,90,18,0,18,108
02/06/2001,SUX,IA,ACE,CE,Towers with Radar,4,26,39,24,93,0,0,13,9,22,4,26,52,33,115,16,44,60,175
02/07/2001,SUX,IA,ACE,CE,Towers with Radar,1,6,20,0,27,0,0,0,0,0,1,6,20,0,27,0,0,0,27
02/08/2001,SUX,IA,ACE,CE,Towers with Radar,0,7,12,0,19,0,1,0,0,1,0,8,12,0,20,0,0,0,20
02/09/2001,SUX,IA,ACE,CE,Towers with Radar,3,20,23,2,48,0,0,8,0,8,3,20,31,2,56,0,0,0,56
02/10/2001,SUX,IA,ACE,CE,Towers with Radar,3,15,15,0,33,0,5,23,0,28,3,20,38,0,61,38,0,38,99
02/11/2001,SUX,IA,ACE,CE,Towers with Radar,3,20,19,16,58,0,0,5,0,5,3,20,24,16,63,18,70,88,151
02/12/2001,SUX,IA,ACE,CE,Towers with Radar,4,22,46,0,72,0,0,11,0,11,4,22,57,0,83,6,0,6,89
02/13/2001,SUX,IA,ACE,CE,Towers with Radar,4,18,26,3,51,0,0,0,0,0,4,18,26,3,51,0,0,0,51
02/14/2001,SUX,IA,ACE,CE,Towers with Radar,4,29,21,0,54,0,0,0,0,0,4,29,21,0,54,0,0,0,54
02/15/2001,SUX,IA,ACE,CE,Towers with Radar,4,27,39,22,92,0,5,14,11,30,4,32,53,33,122,17,58,75,197
02/16/2001,SUX,IA,ACE,CE,Towers with Radar,4,23,30,19,76,0,3,9,3,15,4,26,39,22,91,6,30,36,127
02/17/2001,SUX,IA,ACE,CE,Towers with Radar,3,19,13,0,35,0,3,15,0,18,3,22,28,0,53,8,0,8,61
02/18/2001,SUX,IA,ACE,CE,Towers with Radar,2,19,9,0,30,0,0,8,0,8,2,19,17,0,38,4,0,4,42
02/19/2001,SUX,IA,ACE,CE,Towers with Radar,2,24,52,0,78,0,1,25,0,26,2,25,77,0,104,22,4,26,130
02/20/2001,SUX,IA,ACE,CE,Towers with Radar,2,24,31,6,63,0,1,13,0,14,2,25,44,6,77,24,24,48,125
02/21/2001,SUX,IA,ACE,CE,Towers with Radar,2,26,32,19,79,0,4,16,4,24,2,30,48,23,103,10,10,20,123
02/22/2001,SUX,IA,ACE,CE,Towers with Radar,2,23,36,20,81,0,4,17,1,22,2,27,53,21,103,16,50,66,169
02/23/2001,SUX,IA,ACE,CE,Towers with Radar,2,18,21,11,52,0,0,0,5,5,2,18,21,16,57,0,2,2,59
02/24/2001,SUX,IA,ACE,CE,Towers with Radar,1,7,3,4,15,0,0,0,0,0,1,7,3,4,15,0,0,0,15
02/25/2001,SUX,IA,ACE,CE,Towers with Radar,2,19,10,3,34,0,1,3,2,6,2,20,13,5,40,0,0,0,40
02/26/2001,SUX,IA,ACE,CE,Towers with Radar,2,22,30,4,58,0,2,11,0,13,2,24,41,4,71,30,0,30,101
02/27/2001,SUX,IA,ACE,CE,Towers with Radar,2,26,23,16,67,0,0,14,0,14,2,26,37,16,81,14,20,34,115
02/28/2001,SUX,IA,ACE,CE,Towers with Radar,2,24,23,8,57,0,0,18,1,19,2,24,41,9,76,14,6,20,96
03/01/2001,SUX,IA,ACE,CE,Towers with Radar,3,25,37,2,67,0,3,0,0,3,3,28,37,2,70,6,0,6,76
03/02/2001,SUX,IA,ACE,CE,Towers with Radar,4,30,30,12,76,0,1,30,7,38,4,31,60,19,114,6,19,25,139
03/03/2001,SUX,IA,ACE,CE,Towers with Radar,1,10,13,0,24,0,0,15,1,16,1,10,28,1,40,8,0,8,48
03/04/2001,SUX,IA,ACE,CE,Towers with Radar,3,21,17,0,41,0,0,29,2,31,3,21,46,2,72,102,0,102,174
03/05/2001,SUX,IA,ACE,CE,Towers with Radar,4,26,39,0,69,0,0,20,3,23,4,26,59,3,92,50,0,50,142
03/06/2001,SUX,IA,ACE,CE,Towers with Radar,4,24,46,6,80,0,0,6,0,6,4,24,52,6,86,28,4,32,118
03/07/2001,SUX,IA,ACE,CE,Towers with Radar,4,31,31,6,72,0,0,11,2,13,4,31,42,8,85,2,20,22,107
03/08/2001,SUX,IA,ACE,CE,Towers with Radar,4,26,33,10,73,0,4,11,0,15,4,30,44,10,88,4,0,4,92
03/09/2001,SUX,IA,ACE,CE,Towers with Radar,4,24,36,7,71,0,1,4,0,5,4,25,40,7,76,4,0,4,80
03/10/2001,SUX,IA,ACE,CE,Towers with Radar,5,20,2,9,36,0,3,4,0,7,5,23,6,9,43,0,0,0,43
03/11/2001,SUX,IA,ACE,CE,Towers with Radar,3,18,15,7,43,0,0,12,1,13,3,18,27,8,56,30,0,30,86
03/12/2001,SUX,IA,ACE,CE,Towers with Radar,6,23,35,0,64,0,1,5,0,6,6,24,40,0,70,28,0,28,98
03/13/2001,SUX,IA,ACE,CE,Towers with Radar,4,24,39,4,71,0,4,10,3,17,4,28,49,7,88,10,2,12,100
03/14/2001,SUX,IA,ACE,CE,Towers with Radar,4,26,32,12,74,0,0,16,2,18,4,26,48,14,92,30,0,30,122
03/15/2001,SUX,IA,ACE,CE,Towers with Radar,4,25,32,13,74,0,1,3,3,7,4,26,35,16,81,48,16,64,145
03/16/2001,SUX,IA,ACE,CE,Towers with Radar,4,18,34,16,72,0,0,27,0,27,4,18,61,16,99,63,26,89,188
03/17/2001,SUX,IA,ACE,CE,Towers with Radar,3,18,15,12,48,0,4,38,2,44,3,22,53,14,92,48,0,48,140
03/18/2001,SUX,IA,ACE,CE,Towers with Radar,3,21,21,4,49,0,0,27,0,27,3,21,48,4,76,20,4,24,100
03/19/2001,SUX,IA,ACE,CE,Towers with Radar,4,24,40,2,70,0,4,0,0,4,4,28,40,2,74,8,0,8,82
03/20/2001,SUX,IA,ACE,CE,Towers with Radar,4,25,26,11,66,0,0,33,3,36,4,25,59,14,102,36,4,40,142
03/21/2001,SUX,IA,ACE,CE,Towers with Radar,4,25,45,17,91,0,0,2,0,2,4,25,47,17,93,0,2,2,95
03/22/2001,SUX,IA,ACE,CE,Towers with Radar,4,24,42,13,83,0,0,2,0,2,4,24,44,13,85,8,0,8,93
03/23/2001,SUX,IA,ACE,CE,Towers with Radar,4,26,29,3,62,0,2,0,0,2,4,28,29,3,64,7,0,7,71
03/24/2001,SUX,IA,ACE,CE,Towers with Radar,3,21,10,1,35,0,0,26,0,26,3,21,36,1,61,10,0,10,71
03/25/2001,SUX,IA,ACE,CE,Towers with Radar,3,20,16,0,39,0,0,9,0,9,3,20,25,0,48,12,0,12,60
03/26/2001,SUX,IA,ACE,CE,Towers with Radar,4,26,21,0,51,0,8,34,0,42,4,34,55,0,93,26,0,26,119
03/27/2001,SUX,IA,ACE,CE,Towers with Radar,6,24,29,16,75,0,1,21,1,23,6,25,50,17,98,10,10,20,118
03/28/2001,SUX,IA,ACE,CE,Towers with Radar,4,28,38,14,84,0,0,17,0,17,4,28,55,14,101,2,4,6,107
03/29/2001,SUX,IA,ACE,CE,Towers with Radar,4,28,32,16,80,0,0,2,1,3,4,28,34,17,83,14,11,25,108
03/30/2001,SUX,IA,ACE,CE,Towers with Radar,4,25,42,10,81,0,1,9,0,10,4,26,51,10,91,0,16,16,107
03/31/2001,SUX,IA,ACE,CE,Towers with Radar,5,18,7,0,30,0,2,2,0,4,5,20,9,0,34,28,0,28,62
04/01/2001,SUX,IA,ACE,CE,Towers with Radar,3,19,16,0,38,0,1,29,0,30,3,20,45,0,68,28,0,28,96
04/02/2001,SUX,IA,ACE,CE,Towers with Radar,4,24,29,9,66,0,1,10,2,13,4,25,39,11,79,2,10,12,91
04/03/2001,SUX,IA,ACE,CE,Towers with Radar,4,29,29,11,73,0,3,13,4,20,4,32,42,15,93,16,2,18,111
04/04/2001,SUX,IA,ACE,CE,Towers with Radar,4,26,32,16,78,0,0,7,0,7,4,26,39,16,85,2,4,6,91
04/05/2001,SUX,IA,ACE,CE,Towers with Radar,4,24,34,10,72,0,1,0,0,1,4,25,34,10,73,4,0,4,77
04/06/2001,SUX,IA,ACE,CE,Towers with Radar,4,26,32,5,67,0,3,7,0,10,4,29,39,5,77,2,0,2,79
04/07/2001,SUX,IA,ACE,CE,Towers with Radar,1,18,10,2,31,0,0,3,0,3,1,18,13,2,34,0,0,0,34
04/08/2001,SUX,IA,ACE,CE,Towers with Radar,3,21,14,2,40,0,0,29,0,29,3,21,43,2,69,32,0,32,101
04/09/2001,SUX,IA,ACE,CE,Towers with Radar,4,28,35,2,69,0,0,23,0,23,4,28,58,2,92,46,0,46,138
04/10/2001,SUX,IA,ACE,CE,Towers with Radar,4,24,30,5,63,0,0,3,1,4,4,24,33,6,67,0,0,0,67
04/11/2001,SUX,IA,ACE,CE,Towers with Radar,4,26,27,2,59,0,0,5,1,6,4,26,32,3,65,0,4,4,69
04/12/2001,SUX,IA,ACE,CE,Towers with Radar,4,25,37,7,73,0,0,9,1,10,4,25,46,8,83,4,28,32,115
04/13/2001,SUX,IA,ACE,CE,Towers with Radar,4,23,29,18,74,0,0,17,3,20,4,23,46,21,94,26,25,51,145
04/14/2001,SUX,IA,ACE,CE,Towers with Radar,3,18,9,0,30,0,2,33,0,35,3,20,42,0,65,48,0,48,113
04/15/2001,SUX,IA,ACE,CE,Towers with Radar,3,19,13,1,36,0,2,8,2,12,3,21,21,3,48,0,0,0,48
04/16/2001,SUX,IA,ACE,CE,Towers with Radar,4,29,31,0,64,0,1,13,0,14,4,30,44,0,78,0,0,0,78
04/17/2001,SUX,IA,ACE,CE,Towers with Radar,4,24,36,16,80,0,0,35,4,39,4,24,71,20,119,52,12,64,183
04/18/2001,SUX,IA,ACE,CE,Towers with Radar,4,24,50,15,93,0,0,16,1,17,4,24,66,16,110,18,22,40,150
04/19/2001,SUX,IA,ACE,CE,Towers with Radar,4,26,25,15,70,0,0,18,8,26,4,26,43,23,96,25,29,54,150
04/20/2001,SUX,IA,ACE,CE,Towers with Radar,4,19,28,13,64,0,0,17,4,21,4,19,45,17,85,29,21,50,135
04/21/2001,SUX,IA,ACE,CE,Towers with Radar,3,17,23,28,71,0,0,5,0,5,3,17,28,28,76,22,36,58,134
04/22/2001,SUX,IA,ACE,CE,Towers with Radar,3,15,8,3,29,0,0,0,1,1,3,15,8,4,30,0,0,0,30
04/23/2001,SUX,IA,ACE,CE,Towers with Radar,4,24,23,0,51,0,0,3,0,3,4,24,26,0,54,0,0,0,54
04/24/2001,SUX,IA,ACE,CE,Towers with Radar,4,24,29,11,68,0,0,21,6,27,4,24,50,17,95,44,4,48,143
04/25/2001,SUX,IA,ACE,CE,Towers with Radar,4,24,30,15,73,0,0,20,6,26,4,24,50,21,99,45,30,75,174
04/26/2001,SUX,IA,ACE,CE,Towers with Radar,4,24,44,17,89,0,0,46,1,47,4,24,90,18,136,50,16,66,202
04/27/2001,SUX,IA,ACE,CE,Towers with Radar,4,23,34,14,75,0,2,26,4,32,4,25,60,18,107,18,16,34,141
04/28/2001,SUX,IA,ACE,CE,Towers with Radar,3,17,21,0,41,0,0,18,1,19,3,17,39,1,60,22,0,22,82
04/29/2001,SUX,IA,ACE,CE,Towers with Radar,3,15,12,0,30,0,0,19,0,19,3,15,31,0,49,0,0,0,49
04/30/2001,SUX,IA,ACE,CE,Towers with Radar,4,23,30,5,62,0,0,6,2,8,4,23,36,7,70,4,0,4,74
05/01/2001,SUX,IA,ACE,CE,Towers with Radar,4,24,30,11,69,0,2,10,5,17,4,26,40,16,86,6,12,18,104
05/02/2001,SUX,IA,ACE,CE,Towers with Radar,4,28,42,11,85,0,0,5,0,5,4,28,47,11,90,0,42,42,132
05/03/2001,SUX,IA,ACE,CE,Towers with Radar,4,25,35,10,74,0,1,6,1,8,4,26,41,11,82,0,0,0,82
05/04/2001,SUX,IA,ACE,CE,Towers with Radar,4,26,31,17,78,0,0,11,0,11,4,26,42,17,89,2,20,22,111
05/05/2001,SUX,IA,ACE,CE,Towers with Radar,4,18,2,1,25,0,0,1,1,2,4,18,3,2,27,0,0,0,27
05/06/2001,SUX,IA,ACE,CE,Towers with Radar,9,20,12,2,43,1,0,5,1,7,10,20,17,3,50,2,0,2,52
05/07/2001,SUX,IA,ACE,CE,Towers with Radar,4,32,32,1,69,0,1,26,4,31,4,33,58,5,100,8,6,14,114
05/08/2001,SUX,IA,ACE,CE,Towers with Radar,4,28,32,20,84,0,0,53,3,56,4,28,85,23,140,69,56,125,265
05/09/2001,SUX,IA,ACE,CE,Towers with Radar,6,27,23,8,64,0,0,16,1,17,6,27,39,9,81,30,18,48,129
05/10/2001,SUX,IA,ACE,CE,Towers with Radar,4,26,34,11,75,0,0,16,4,20,4,26,50,15,95,30,39,69,164
05/11/2001,SUX,IA,ACE,CE,Towers with Radar,4,23,29,20,76,0,0,30,2,32,4,23,59,22,108,4,24,28,136
05/12/2001,SUX,IA,ACE,CE,Towers with Radar,4,20,12,3,39,0,0,34,1,35,4,20,46,4,74,42,0,42,116
05/13/2001,SUX,IA,ACE,CE,Towers with Radar,4,20,9,2,35,0,0,15,0,15,4,20,24,2,50,0,0,0,50
05/14/2001,SUX,IA,ACE,CE,Towers with Radar,4,29,37,2,72,0,0,15,0,15,4,29,52,2,87,0,0,0,87
05/15/2001,SUX,IA,ACE,CE,Towers with Radar,4,30,28,16,78,0,1,23,0,24,4,31,51,16,102,14,38,52,154
05/16/2001,SUX,IA,ACE,CE,Towers with Radar,4,32,35,23,94,0,4,31,0,35,4,36,66,23,129,16,54,70,199
05/17/2001,SUX,IA,ACE,CE,Towers with Radar,4,29,31,16,80,0,2,26,0,28,4,31,57,16,108,22,44,66,174
05/18/2001,SUX,IA,ACE,CE,Towers with Radar,4,24,34,16,78,0,0,27,0,27,4,24,61,16,105,24,30,54,159
05/19/2001,SUX,IA,ACE,CE,Towers with Radar,4,17,14,21,56,0,0,29,0,29,4,17,43,21,85,2,10,12,97
05/20/2001,SUX,IA,ACE,CE,Towers with Radar,4,15,24,3,46,0,3,0,0,3,4,18,24,3,49,0,0,0,49
05/21/2001,SUX,IA,ACE,CE,Towers with Radar,4,25,35,6,70,0,1,20,0,21,4,26,55,6,91,6,8,14,105
05/22/2001,SUX,IA,ACE,CE,Towers with Radar,4,25,30,11,70,0,1,9,0,10,4,26,39,11,80,4,56,60,140
05/23/2001,SUX,IA,ACE,CE,Towers with Radar,4,25,33,11,73,0,0,15,0,15,4,25,48,11,88,10,26,36,124
05/24/2001,SUX,IA,ACE,CE,Towers with Radar,4,22,41,23,90,0,0,4,16,20,4,22,45,39,110,6,26,32,142
05/25/2001,SUX,IA,ACE,CE,Towers with Radar,4,24,45,8,81,0,1,23,1,25,4,25,68,9,106,12,6,18,124
05/26/2001,SUX,IA,ACE,CE,Towers with Radar,2,15,17,6,40,2,3,1,3,9,4,18,18,9,49,27,4,31,80
05/27/2001,SUX,IA,ACE,CE,Towers with Radar,3,19,10,0,32,0,0,33,2,35,3,19,43,2,67,64,0,64,131
05/28/2001,SUX,IA,ACE,CE,Towers with Radar,3,19,23,0,45,0,0,24,7,31,3,19,47,7,76,16,6,22,98
05/29/2001,SUX,IA,ACE,CE,Towers with Radar,4,24,28,4,60,0,0,17,0,17,4,24,45,4,77,6,42,48,125
05/30/2001,SUX,IA,ACE,CE,Towers with Radar,4,29,45,10,88,0,2,2,0,4,4,31,47,10,92,6,6,12,104
05/31/2001,SUX,IA,ACE,CE,Towers with Radar,4,27,29,8,68,0,4,22,5,31,4,31,51,13,99,56,14,70,169
06/01/2001,SUX,IA,ACE,CE,Towers with Radar,4,31,29,2,66,0,0,14,0,14,4,31,43,2,80,8,0,8,88
06/02/2001,SUX,IA,ACE,CE,Towers with Radar,3,18,16,4,41,0,1,121,0,122,3,19,137,4,163,146,0,146,309
06/03/2001,SUX,IA,ACE,CE,Towers with Radar,3,23,31,2,59,0,1,14,1,16,3,24,45,3,75,24,4,28,103
06/04/2001,SUX,IA,ACE,CE,Towers with Radar,4,23,27,1,55,0,0,9,0,9,4,23,36,1,64,12,0,12,76
06/05/2001,SUX,IA,ACE,CE,Towers with Radar,3,28,52,2,85,0,1,8,1,10,3,29,60,3,95,20,0,20,115
06/06/2001,SUX,IA,ACE,CE,Towers with Radar,4,24,47,10,85,0,0,19,0,19,4,24,66,10,104,26,24,50,154
06/07/2001,SUX,IA,ACE,CE,Towers with Radar,4,26,41,10,81,0,4,24,13,41,4,30,65,23,122,56,6,62,184
06/08/2001,SUX,IA,ACE,CE,Towers with Radar,4,31,42,13,90,0,0,8,3,11,4,31,50,16,101,30,48,78,179
06/09/2001,SUX,IA,ACE,CE,Towers with Radar,4,18,11,5,38,0,0,36,7,43,4,18,47,12,81,56,4,60,141
06/10/2001,SUX,IA,ACE,CE,Towers with Radar,4,21,5,3,33,0,0,31,9,40,4,21,36,12,73,4,30,34,107
06/11/2001,SUX,IA,ACE,CE,Towers with Radar,4,26,24,0,54,0,0,18,1,19,4,26,42,1,73,16,0,16,89
06/12/2001,SUX,IA,ACE,CE,Towers with Radar,4,29,42,4,79,0,0,7,0,7,4,29,49,4,86,14,0,14,100
06/13/2001,SUX,IA,ACE,CE,Towers with Radar,3,24,29,6,62,0,0,9,4,13,3,24,38,10,75,12,16,28,103
06/14/2001,SUX,IA,ACE,CE,Towers with Radar,3,27,38,4,72,0,0,19,0,19,3,27,57,4,91,70,6,76,167
06/15/2001,SUX,IA,ACE,CE,Towers with Radar,4,17,30,12,63,0,0,44,3,47,4,17,74,15,110,56,14,70,180
06/16/2001,SUX,IA,ACE,CE,Towers with Radar,4,16,14,0,34,0,1,36,2,39,4,17,50,2,73,126,0,126,199
06/17/2001,SUX,IA,ACE,CE,Towers with Radar,4,22,12,2,40,0,0,19,0,19,4,22,31,2,59,2,0,2,61
06/18/2001,SUX,IA,ACE,CE,Towers with Radar,6,22,40,0,68,0,0,8,0,8,6,22,48,0,76,21,0,21,97
06/19/2001,SUX,IA,ACE,CE,Towers with Radar,5,24,25,15,69,0,0,31,4,35,5,24,56,19,104,92,18,110,214
06/20/2001,SUX,IA,ACE,CE,Towers with Radar,4,26,24,18,72,0,0,42,2,44,4,26,66,20,116,24,10,34,150
06/21/2001,SUX,IA,ACE,CE,Towers with Radar,4,33,44,21,102,0,0,39,6,45,4,33,83,27,147,18,52,70,217
06/22/2001,SUX,IA,ACE,CE,Towers with Radar,4,22,45,14,85,0,2,79,0,81,4,24,124,14,166,100,9,109,275
06/23/2001,SUX,IA,ACE,CE,Towers with Radar,6,17,29,12,64,0,1,52,2,55,6,18,81,14,119,90,8,98,217
06/24/2001,SUX,IA,ACE,CE,Towers with Radar,5,22,19,5,51,0,0,35,1,36,5,22,54,6,87,4,12,16,103
06/25/2001,SUX,IA,ACE,CE,Towers with Radar,4,25,33,0,62,0,0,28,0,28,4,25,61,0,90,16,0,16,106
06/26/2001,SUX,IA,ACE,CE,Towers with Radar,4,26,31,9,70,0,0,12,0,12,4,26,43,9,82,34,16,50,132
06/27/2001,SUX,IA,ACE,CE,Towers with Radar,4,24,35,22,85,0,0,26,5,31,4,24,61,27,116,66,15,81,197
06/28/2001,SUX,IA,ACE,CE,Towers with Radar,4,31,29,20,84,0,0,40,0,40,4,31,69,20,124,34,8,42,166
06/29/2001,SUX,IA,ACE,CE,Towers with Radar,4,22,35,6,67,0,1,49,2,52,4,23,84,8,119,32,10,42,161
06/30/2001,SUX,IA,ACE,CE,Towers with Radar,4,17,8,6,35,0,0,31,0,31,4,17,39,6,66,38,0,38,104
07/01/2001,SUX,IA,ACE,CE,Towers with Radar,4,17,17,0,38,1,1,6,0,8,5,18,23,0,46,0,0,0,46
07/02/2001,SUX,IA,ACE,CE,Towers with Radar,4,26,38,2,70,0,3,34,0,37,4,29,72,2,107,66,18,84,191
07/03/2001,SUX,IA,ACE,CE,Towers with Radar,4,25,28,6,63,0,1,47,1,49,4,26,75,7,112,40,4,44,156
07/04/2001,SUX,IA,ACE,CE,Towers with Radar,3,17,1,0,21,0,1,37,2,40,3,18,38,2,61,34,0,34,95
07/05/2001,SUX,IA,ACE,CE,Towers with Radar,3,25,25,5,58,0,4,45,3,52,3,29,70,8,110,84,8,92,202
07/06/2001,SUX,IA,ACE,CE,Towers with Radar,4,21,20,10,55,0,6,32,1,39,4,27,52,11,94,20,24,44,138
07/07/2001,SUX,IA,ACE,CE,Towers with Radar,4,16,11,0,31,0,0,8,0,8,4,16,19,0,39,4,0,4,43
07/08/2001,SUX,IA,ACE,CE,Towers with Radar,4,20,11,0,35,0,1,15,0,16,4,21,26,0,51,28,0,28,79
07/09/2001,SUX,IA,ACE,CE,Towers with Radar,4,26,33,0,63,0,0,30,0,30,4,26,63,0,93,12,0,12,105
07/10/2001,SUX,IA,ACE,CE,Towers with Radar,4,28,20,15,67,0,7,22,0,29,4,35,42,15,96,50,36,86,182
07/11/2001,SUX,IA,ACE,CE,Towers with Radar,4,26,39,1,70,0,0,22,3,25,4,26,61,4,95,24,2,26,121
07/12/2001,SUX,IA,ACE,CE,Towers with Radar,4,23,33,15,75,0,0,45,4,49,4,23,78,19,124,68,24,92,216
07/13/2001,SUX,IA,ACE,CE,Towers with Radar,4,24,23,12,63,0,0,37,3,40,4,24,60,15,103,34,20,54,157
07/14/2001,SUX,IA,ACE,CE,Towers with Radar,4,21,16,11,52,0,0,54,5,59,4,21,70,16,111,54,22,76,187
07/15/2001,SUX,IA,ACE,CE,Towers with Radar,4,18,30,3,55,0,3,7,1,11,4,21,37,4,66,16,0,16,82
07/16/2001,SUX,IA,ACE,CE,Towers with Radar,4,23,38,1,66,0,0,30,1,31,4,23,68,2,97,4,2,6,103
07/17/2001,SUX,IA,ACE,CE,Towers with Radar,4,24,27,18,73,0,0,0,3,3,4,24,27,21,76,4,8,12,88
07/18/2001,SUX,IA,ACE,CE,Towers with Radar,4,24,34,15,77,0,0,28,8,36,4,24,62,23,113,12,34,46,159
07/19/2001,SUX,IA,ACE,CE,Towers with Radar,4,22,75,14,115,0,0,27,7,34,4,22,102,21,149,18,10,28,177
07/20/2001,SUX,IA,ACE,CE,Towers with Radar,4,24,37,20,85,0,2,34,0,36,4,26,71,20,121,36,50,86,207
07/21/2001,SUX,IA,ACE,CE,Towers with Radar,4,19,24,0,47,0,2,33,0,35,4,21,57,0,82,94,0,94,176
07/22/2001,SUX,IA,ACE,CE,Towers with Radar,4,20,25,4,53,0,2,34,1,37,4,22,59,5,90,6,0,6,96
07/23/2001,SUX,IA,ACE,CE,Towers with Radar,4,24,31,1,60,0,2,41,0,43,4,26,72,1,103,47,2,49,152
07/24/2001,SUX,IA,ACE,CE,Towers with Radar,4,26,25,10,65,0,0,16,0,16,4,26,41,10,81,20,16,36,117
07/25/2001,SUX,IA,ACE,CE,Towers with Radar,4,27,37,11,79,0,0,42,10,52,4,27,79,21,131,16,22,38,169
07/26/2001,SUX,IA,ACE,CE,Towers with Radar,4,30,52,18,104,0,0,15,3,18,4,30,67,21,122,12,6,18,140
07/27/2001,SUX,IA,ACE,CE,Towers with Radar,4,21,42,16,83,0,0,8,0,8,4,21,50,16,91,0,6,6,97
07/28/2001,SUX,IA,ACE,CE,Towers with Radar,3,17,24,7,51,1,0,46,7,54,4,17,70,14,105,54,0,54,159
07/29/2001,SUX,IA,ACE,CE,Towers with Radar,4,23,22,6,55,0,3,46,1,50,4,26,68,7,105,30,6,36,141
07/30/2001,SUX,IA,ACE,CE,Towers with Radar,4,25,32,0,61,0,0,22,0,22,4,25,54,0,83,2,0,2,85
07/31/2001,SUX,IA,ACE,CE,Towers with Radar,4,25,28,13,70,0,3,25,7,35,4,28,53,20,105,2,30,32,137
08/01/2001,SUX,IA,ACE,CE,Towers with Radar,4,25,32,10,71,0,0,12,0,12,4,25,44,10,83,4,4,8,91
08/02/2001,SUX,IA,ACE,CE,Towers with Radar,4,27,34,5,70,0,1,25,6,32,4,28,59,11,102,56,8,64,166
08/03/2001,SUX,IA,ACE,CE,Towers with Radar,4,23,30,17,74,0,2,22,2,26,4,25,52,19,100,36,20,56,156
08/04/2001,SUX,IA,ACE,CE,Towers with Radar,6,15,16,0,37,0,0,15,2,17,6,15,31,2,54,28,0,28,82
08/05/2001,SUX,IA,ACE,CE,Towers with Radar,4,26,25,0,55,0,0,13,0,13,4,26,38,0,68,10,0,10,78
08/06/2001,SUX,IA,ACE,CE,Towers with Radar,4,30,20,3,57,0,0,35,0,35,4,30,55,3,92,34,18,52,144
08/07/2001,SUX,IA,ACE,CE,Towers with Radar,4,27,30,17,78,0,0,21,3,24,4,27,51,20,102,34,10,44,146
08/08/2001,SUX,IA,ACE,CE,Towers with Radar,4,28,41,20,93,0,0,16,0,16,4,28,57,20,109,16,63,79,188
08/09/2001,SUX,IA,ACE,CE,Towers with Radar,4,33,41,16,94,0,0,17,0,17,4,33,58,16,111,38,12,50,161
08/10/2001,SUX,IA,ACE,CE,Towers with Radar,3,23,15,12,53,2,0,48,0,50,5,23,63,12,103,32,16,48,151
08/11/2001,SUX,IA,ACE,CE,Towers with Radar,4,18,17,5,44,0,2,39,0,41,4,20,56,5,85,38,0,38,123
08/12/2001,SUX,IA,ACE,CE,Towers with Radar,4,25,8,1,38,0,2,20,1,23,4,27,28,2,61,16,0,16,77
08/13/2001,SUX,IA,ACE,CE,Towers with Radar,4,25,28,0,57,0,0,19,0,19,4,25,47,0,76,28,0,28,104
08/14/2001,SUX,IA,ACE,CE,Towers with Radar,4,25,28,0,57,0,0,10,0,10,4,25,38,0,67,4,0,4,71
08/15/2001,SUX,IA,ACE,CE,Towers with Radar,4,24,28,1,57,0,0,14,0,14,4,24,42,1,71,6,0,6,77
08/16/2001,SUX,IA,ACE,CE,Towers with Radar,4,25,19,9,57,0,0,27,0,27,4,25,46,9,84,28,24,52,136
08/17/2001,SUX,IA,ACE,CE,Towers with Radar,4,22,42,3,71,0,2,12,0,14,4,24,54,3,85,14,0,14,99
08/18/2001,SUX,IA,ACE,CE,Towers with Radar,4,17,12,0,33,0,0,15,3,18,4,17,27,3,51,24,0,24,75
08/19/2001,SUX,IA,ACE,CE,Towers with Radar,4,19,8,2,33,0,3,32,0,35,4,22,40,2,68,8,10,18,86
08/20/2001,SUX,IA,ACE,CE,Towers with Radar,4,25,31,1,61,0,0,20,2,22,4,25,51,3,83,2,0,2,85
08/21/2001,SUX,IA,ACE,CE,Towers with Radar,4,25,38,4,71,0,0,23,0,23,4,25,61,4,94,10,0,10,104
08/22/2001,SUX,IA,ACE,CE,Towers with Radar,4,28,48,12,92,0,3,15,0,18,4,31,63,12,110,6,68,74,184
08/23/2001,SUX,IA,ACE,CE,Towers with Radar,4,22,62,19,107,0,1,3,0,4,4,23,65,19,111,32,28,60,171
08/24/2001,SUX,IA,ACE,CE,Towers with Radar,4,20,40,15,79,0,0,3,3,6,4,20,43,18,85,8,12,20,105
08/25/2001,SUX,IA,ACE,CE,Towers with Radar,4,18,34,7,63,0,0,20,0,20,4,18,54,7,83,22,8,30,113
08/26/2001,SUX,IA,ACE,CE,Towers with Radar,4,18,16,9,47,0,2,27,4,33,4,20,43,13,80,6,30,36,116
08/27/2001,SUX,IA,ACE,CE,Towers with Radar,4,26,21,0,51,0,0,36,4,40,4,26,57,4,91,20,6,26,117
08/28/2001,SUX,IA,ACE,CE,Towers with Radar,4,30,46,22,102,0,0,27,0,27,4,30,73,22,129,20,46,66,195
08/29/2001,SUX,IA,ACE,CE,Towers with Radar,4,26,47,11,88,0,0,19,3,22,4,26,66,14,110,0,2,2,112
08/30/2001,SUX,IA,ACE,CE,Towers with Radar,4,24,26,17,71,0,0,24,7,31,4,24,50,24,102,12,48,60,162
08/31/2001,SUX,IA,ACE,CE,Towers with Radar,4,19,32,3,58,0,0,45,0,45,4,19,77,3,103,26,8,34,137
09/01/2001,SUX,IA,ACE,CE,Towers with Radar,3,13,19,0,35,0,1,30,0,31,3,14,49,0,66,28,0,28,94
09/02/2001,SUX,IA,ACE,CE,Towers with Radar,2,9,11,0,22,0,8,11,0,19,2,17,22,0,41,34,0,34,75
09/03/2001,SUX,IA,ACE,CE,Towers with Radar,3,21,25,0,49,0,0,19,0,19,3,21,44,0,68,12,0,12,80
09/04/2001,SUX,IA,ACE,CE,Towers with Radar,4,23,16,2,45,0,0,28,0,28,4,23,44,2,73,12,0,12,85
09/05/2001,SUX,IA,ACE,CE,Towers with Radar,4,26,35,10,75,0,0,11,77,88,4,26,46,87,163,40,14,54,217
09/06/2001,SUX,IA,ACE,CE,Towers with Radar,4,29,33,9,75,0,0,12,5,17,4,29,45,14,92,14,0,14,106
09/07/2001,SUX,IA,ACE,CE,Towers with Radar,4,22,40,26,92,0,0,8,2,10,4,22,48,28,102,16,16,32,134
09/08/2001,SUX,IA,ACE,CE,Towers with Radar,4,17,11,11,43,0,0,57,7,64,4,17,68,18,107,40,112,152,259
09/09/2001,SUX,IA,ACE,CE,Towers with Radar,3,5,17,9,34,0,0,85,16,101,3,5,102,25,135,32,162,194,329
09/10/2001,SUX,IA,ACE,CE,Towers with Radar,5,24,28,7,64,0,0,44,3,47,5,24,72,10,111,38,0,38,149
09/11/2001,SUX,IA,ACE,CE,Towers with Radar,1,4,6,0,11,0,0,7,0,7,1,4,13,0,18,0,0,0,18
09/12/2001,SUX,IA,ACE,CE,Towers with Radar,0,0,0,1,1,0,0,0,0,0,0,0,0,1,1,0,0,0,1
09/13/2001,SUX,IA,ACE,CE,Towers with Radar,0,9,0,2,11,0,0,0,0,0,0,9,0,2,11,0,0,0,11
09/14/2001,SUX,IA,ACE,CE,Towers with Radar,1,25,8,0,34,0,0,1,0,1,1,25,9,0,35,0,0,0,35
09/15/2001,SUX,IA,ACE,CE,Towers with Radar,2,14,16,0,32,1,4,2,0,7,3,18,18,0,39,0,0,0,39
09/16/2001,SUX,IA,ACE,CE,Towers with Radar,3,23,2,0,28,0,0,1,0,1,3,23,3,0,29,0,0,0,29
09/17/2001,SUX,IA,ACE,CE,Towers with Radar,4,25,34,7,70,0,0,1,0,1,4,25,35,7,71,0,26,26,97
09/18/2001,SUX,IA,ACE,CE,Towers with Radar,4,27,22,21,74,0,0,0,2,2,4,27,22,23,76,0,0,0,76
09/19/2001,SUX,IA,ACE,CE,Towers with Radar,3,14,24,21,62,1,0,0,0,1,4,14,24,21,63,0,0,0,63
09/20/2001,SUX,IA,ACE,CE,Towers with Radar,4,21,49,29,103,0,1,1,5,7,4,22,50,34,110,10,34,44,154
09/21/2001,SUX,IA,ACE,CE,Towers with Radar,4,16,37,25,82,0,2,13,5,20,4,18,50,30,102,12,16,28,130
09/22/2001,SUX,IA,ACE,CE,Towers with Radar,3,16,13,15,47,0,0,9,1,10,3,16,22,16,57,6,16,22,79
09/23/2001,SUX,IA,ACE,CE,Towers with Radar,3,13,11,0,27,0,0,7,0,7,3,13,18,0,34,2,0,2,36
09/24/2001,SUX,IA,ACE,CE,Towers with Radar,4,23,47,2,76,0,0,26,0,26,4,23,73,2,102,26,24,50,152
09/25/2001,SUX,IA,ACE,CE,Towers with Radar,4,18,35,13,70,0,1,32,4,37,4,19,67,17,107,2,12,14,121
09/26/2001,SUX,IA,ACE,CE,Towers with Radar,4,30,52,17,103,0,0,23,8,31,4,30,75,25,134,40,32,72,206
09/27/2001,SUX,IA,ACE,CE,Towers with Radar,4,21,49,7,81,0,1,12,0,13,4,22,61,7,94,28,4,32,126
09/28/2001,SUX,IA,ACE,CE,Towers with Radar,4,17,40,5,66,0,0,22,1,23,4,17,62,6,89,18,0,18,107
09/29/2001,SUX,IA,ACE,CE,Towers with Radar,3,11,14,2,30,0,0,11,3,14,3,11,25,5,44,30,0,30,74
09/30/2001,SUX,IA,ACE,CE,Towers with Radar,2,16,34,0,52,0,0,5,0,5,2,16,39,0,57,21,0,21,78
10/01/2001,SUX,IA,ACE,CE,Towers with Radar,2,22,33,0,57,0,1,11,0,12,2,23,44,0,69,2,0,2,71
10/02/2001,SUX,IA,ACE,CE,Towers with Radar,2,25,35,9,71,0,5,8,18,31,2,30,43,27,102,0,16,16,118
10/03/2001,SUX,IA,ACE,CE,Towers with Radar,2,35,31,14,82,0,0,21,2,23,2,35,52,16,105,18,4,22,127
10/04/2001,SUX,IA,ACE,CE,Towers with Radar,2,29,51,0,82,0,3,11,0,14,2,32,62,0,96,2,0,2,98
10/05/2001,SUX,IA,ACE,CE,Towers with Radar,2,23,31,7,63,0,0,17,11,28,2,23,48,18,91,16,8,24,115
10/06/2001,SUX,IA,ACE,CE,Towers with Radar,2,17,12,2,33,0,2,25,0,27,2,19,37,2,60,48,0,48,108
10/07/2001,SUX,IA,ACE,CE,Towers with Radar,2,17,17,3,39,0,1,23,0,24,2,18,40,3,63,14,2,16,79
10/08/2001,SUX,IA,ACE,CE,Towers with Radar,4,22,35,0,61,0,0,2,0,2,4,22,37,0,63,4,0,4,67
10/09/2001,SUX,IA,ACE,CE,Towers with Radar,2,24,27,0,53,0,0,0,0,0,2,24,27,0,53,0,0,0,53
10/10/2001,SUX,IA,ACE,CE,Towers with Radar,2,23,29,13,67,0,2,4,0,6,2,25,33,13,73,10,8,18,91
10/11/2001,SUX,IA,ACE,CE,Towers with Radar,2,28,23,11,64,0,0,31,2,33,2,28,54,13,97,12,10,22,119
10/12/2001,SUX,IA,ACE,CE,Towers with Radar,2,21,52,8,83,0,0,2,0,2,2,21,54,8,85,26,8,34,119
10/13/2001,SUX,IA,ACE,CE,Towers with Radar,2,18,19,2,41,0,0,18,0,18,2,18,37,2,59,12,0,12,71
10/14/2001,SUX,IA,ACE,CE,Towers with Radar,2,16,12,0,30,0,0,10,0,10,2,16,22,0,40,2,0,2,42
10/15/2001,SUX,IA,ACE,CE,Towers with Radar,2,24,25,0,51,0,0,13,0,13,2,24,38,0,64,6,0,6,70
10/16/2001,SUX,IA,ACE,CE,Towers with Radar,3,22,43,17,85,0,0,17,2,19,3,22,60,19,104,26,12,38,142
10/17/2001,SUX,IA,ACE,CE,Towers with Radar,2,24,29,11,66,0,0,14,0,14,2,24,43,11,80,16,2,18,98
10/18/2001,SUX,IA,ACE,CE,Towers with Radar,2,26,39,7,74,0,0,7,0,7,2,26,46,7,81,16,2,18,99
10/19/2001,SUX,IA,ACE,CE,Towers with Radar,2,21,44,4,71,0,0,10,1,11,2,21,54,5,82,28,0,28,110
10/20/2001,SUX,IA,ACE,CE,Towers with Radar,2,17,19,4,42,0,0,15,7,22,2,17,34,11,64,6,10,16,80
10/21/2001,SUX,IA,ACE,CE,Towers with Radar,3,17,27,1,48,0,0,21,0,21,3,17,48,1,69,6,0,6,75
10/22/2001,SUX,IA,ACE,CE,Towers with Radar,2,26,32,5,65,0,0,6,0,6,2,26,38,5,71,8,30,38,109
10/23/2001,SUX,IA,ACE,CE,Towers with Radar,3,25,32,5,65,0,1,16,0,17,3,26,48,5,82,6,0,6,88
10/24/2001,SUX,IA,ACE,CE,Towers with Radar,2,19,36,7,64,0,0,7,0,7,2,19,43,7,71,0,16,16,87
10/25/2001,SUX,IA,ACE,CE,Towers with Radar,2,20,46,0,68,0,0,8,0,8,2,20,54,0,76,0,0,0,76
10/26/2001,SUX,IA,ACE,CE,Towers with Radar,2,26,35,8,71,2,0,9,1,12,4,26,44,9,83,20,8,28,111
10/27/2001,SUX,IA,ACE,CE,Towers with Radar,2,17,11,0,30,0,5,13,0,18,2,22,24,0,48,4,0,4,52
10/28/2001,SUX,IA,ACE,CE,Towers with Radar,2,17,8,0,27,0,2,17,0,19,2,19,25,0,46,2,0,2,48
10/29/2001,SUX,IA,ACE,CE,Towers with Radar,2,22,38,2,64,0,0,3,0,3,2,22,41,2,67,48,22,70,137
10/30/2001,SUX,IA,ACE,CE,Towers with Radar,2,22,37,14,75,0,0,4,0,4,2,22,41,14,79,2,26,28,107
10/31/2001,SUX,IA,ACE,CE,Towers with Radar,2,23,27,9,61,0,0,7,2,9,2,23,34,11,70,8,2,10,80
11/01/2001,SUX,IA,ACE,CE,Towers with Radar,2,25,27,8,62,0,1,18,2,21,2,26,45,10,83,20,4,24,107
11/02/2001,SUX,IA,ACE,CE,Towers with Radar,2,19,41,11,73,0,0,14,4,18,2,19,55,15,91,42,12,54,145
11/03/2001,SUX,IA,ACE,CE,Towers with Radar,2,15,29,5,51,0,1,25,4,30,2,16,54,9,81,34,0,34,115
11/04/2001,SUX,IA,ACE,CE,Towers with Radar,2,15,26,6,49,0,1,22,6,29,2,16,48,12,78,14,10,24,102
11/05/2001,SUX,IA,ACE,CE,Towers with Radar,2,22,50,2,76,0,1,22,0,23,2,23,72,2,99,0,32,32,131
11/06/2001,SUX,IA,ACE,CE,Towers with Radar,2,23,56,13,94,0,1,5,0,6,2,24,61,13,100,38,38,76,176
11/07/2001,SUX,IA,ACE,CE,Towers with Radar,2,22,40,10,74,0,1,5,0,6,2,23,45,10,80,10,14,24,104
11/08/2001,SUX,IA,ACE,CE,Towers with Radar,2,20,45,11,78,0,0,20,2,22,2,20,65,13,100,32,46,78,178
11/09/2001,SUX,IA,ACE,CE,Towers with Radar,2,21,57,6,86,0,0,27,0,27,2,21,84,6,113,41,0,41,154
11/10/2001,SUX,IA,ACE,CE,Towers with Radar,2,17,16,1,36,0,3,28,2,33,2,20,44,3,69,14,0,14,83
11/11/2001,SUX,IA,ACE,CE,Towers with Radar,2,18,20,0,40,0,2,19,2,23,2,20,39,2,63,0,0,0,63
11/12/2001,SUX,IA,ACE,CE,Towers with Radar,2,21,43,0,66,0,0,9,2,11,2,21,52,2,77,10,0,10,87
11/13/2001,SUX,IA,ACE,CE,Towers with Radar,2,25,24,2,53,0,0,0,0,0,2,25,24,2,53,2,18,20,73
11/14/2001,SUX,IA,ACE,CE,Towers with Radar,2,21,33,12,68,0,1,8,0,9,2,22,41,12,77,12,2,14,91
11/15/2001,SUX,IA,ACE,CE,Towers with Radar,2,25,25,17,69,0,0,39,0,39,2,25,64,17,108,32,14,46,154
11/16/2001,SUX,IA,ACE,CE,Towers with Radar,2,18,34,9,63,0,0,21,4,25,2,18,55,13,88,14,20,34,122
11/17/2001,SUX,IA,ACE,CE,Towers with Radar,2,16,13,6,37,0,0,24,3,27,2,16,37,9,64,0,8,8,72
11/18/2001,SUX,IA,ACE,CE,Towers with Radar,2,17,19,12,50,0,4,2,0,6,2,21,21,12,56,6,14,20,76
11/19/2001,SUX,IA,ACE,CE,Towers with Radar,2,20,30,2,54,0,0,12,2,14,2,20,42,4,68,6,0,6,74
11/20/2001,SUX,IA,ACE,CE,Towers with Radar,2,23,41,14,80,0,0,25,0,25,2,23,66,14,105,15,26,41,146
11/21/2001,SUX,IA,ACE,CE,Towers with Radar,2,23,44,10,79,0,0,19,4,23,2,23,63,14,102,20,14,34,136
11/22/2001,SUX,IA,ACE,CE,Towers with Radar,2,12,5,0,19,0,1,18,0,19,2,13,23,0,38,0,0,0,38
11/23/2001,SUX,IA,ACE,CE,Towers with Radar,2,14,13,0,29,0,2,0,0,2,2,16,13,0,31,0,0,0,31
11/24/2001,SUX,IA,ACE,CE,Towers with Radar,2,13,7,0,22,0,0,1,0,1,2,13,8,0,23,0,0,0,23
11/25/2001,SUX,IA,ACE,CE,Towers with Radar,2,16,25,2,45,0,1,8,1,10,2,17,33,3,55,24,0,24,79
11/26/2001,SUX,IA,ACE,CE,Towers with Radar,2,19,22,0,43,0,1,0,0,1,2,20,22,0,44,0,0,0,44
11/27/2001,SUX,IA,ACE,CE,Towers with Radar,2,21,20,0,43,0,0,7,0,7,2,21,27,0,50,0,0,0,50
11/28/2001,SUX,IA,ACE,CE,Towers with Radar,2,23,37,2,64,0,0,1,0,1,2,23,38,2,65,0,4,4,69
11/29/2001,SUX,IA,ACE,CE,Towers with Radar,2,22,34,13,71,0,0,1,0,1,2,22,35,13,72,0,0,0,72
11/30/2001,SUX,IA,ACE,CE,Towers with Radar,0,18,34,0,52,0,0,0,0,0,0,18,34,0,52,2,0,2,54
12/01/2001,SUX,IA,ACE,CE,Towers with Radar,2,17,15,10,44,0,0,24,4,28,2,17,39,14,72,18,2,20,92
12/02/2001,SUX,IA,ACE,CE,Towers with Radar,2,18,31,4,55,0,0,1,1,2,2,18,32,5,57,60,0,60,117
12/03/2001,SUX,IA,ACE,CE,Towers with Radar,2,16,48,2,68,0,0,11,0,11,2,16,59,2,79,16,4,20,99
12/04/2001,SUX,IA,ACE,CE,Towers with Radar,2,20,48,2,72,0,0,0,0,0,2,20,48,2,72,4,12,16,88
12/05/2001,SUX,IA,ACE,CE,Towers with Radar,2,17,30,25,74,0,0,10,8,18,2,17,40,33,92,12,24,36,128
12/06/2001,SUX,IA,ACE,CE,Towers with Radar,2,31,65,16,114,0,0,29,0,29,2,31,94,16,143,4,22,26,169
12/07/2001,SUX,IA,ACE,CE,Towers with Radar,2,23,32,16,73,0,1,18,1,20,2,24,50,17,93,12,6,18,111
12/08/2001,SUX,IA,ACE,CE,Towers with Radar,2,13,18,0,33,0,1,26,3,30,2,14,44,3,63,36,6,42,105
12/09/2001,SUX,IA,ACE,CE,Towers with Radar,2,13,20,0,35,0,1,15,0,16,2,14,35,0,51,8,0,8,59
12/10/2001,SUX,IA,ACE,CE,Towers with Radar,2,21,23,3,49,0,3,24,0,27,2,24,47,3,76,24,24,48,124
12/11/2001,SUX,IA,ACE,CE,Towers with Radar,2,20,29,23,74,0,0,10,7,17,2,20,39,30,91,6,74,80,171
12/12/2001,SUX,IA,ACE,CE,Towers with Radar,2,27,24,15,68,0,0,8,4,12,2,27,32,19,80,20,6,26,106
12/13/2001,SUX,IA,ACE,CE,Towers with Radar,2,21,40,16,79,0,2,10,5,17,2,23,50,21,96,26,10,36,132
12/14/2001,SUX,IA,ACE,CE,Towers with Radar,2,19,28,9,58,0,0,22,5,27,2,19,50,14,85,22,4,26,111
12/15/2001,SUX,IA,ACE,CE,Towers with Radar,2,13,15,7,37,0,0,0,1,1,2,13,15,8,38,16,0,16,54
12/16/2001,SUX,IA,ACE,CE,Towers with Radar,2,13,13,8,36,0,0,22,0,22,2,13,35,8,58,28,0,28,86
12/17/2001,SUX,IA,ACE,CE,Towers with Radar,2,22,39,2,65,0,4,29,0,33,2,26,68,2,98,23,12,35,133
12/18/2001,SUX,IA,ACE,CE,Towers with Radar,2,18,41,27,88,0,0,5,0,5,2,18,46,27,93,2,54,56,149
12/19/2001,SUX,IA,ACE,CE,Towers with Radar,2,19,42,12,75,0,6,18,12,36,2,25,60,24,111,26,66,92,203
12/20/2001,SUX,IA,ACE,CE,Towers with Radar,2,25,48,15,90,0,0,30,7,37,2,25,78,22,127,16,24,40,167
12/21/2001,SUX,IA,ACE,CE,Towers with Radar,2,21,34,0,57,0,0,4,0,4,2,21,38,0,61,19,2,21,82
12/22/2001,SUX,IA,ACE,CE,Towers with Radar,2,11,11,0,24,0,1,0,0,1,2,12,11,0,25,0,0,0,25
12/23/2001,SUX,IA,ACE,CE,Towers with Radar,2,12,4,0,18,0,0,3,0,3,2,12,7,0,21,0,0,0,21
12/24/2001,SUX,IA,ACE,CE,Towers with Radar,2,15,3,0,20,0,0,4,0,4,2,15,7,0,24,2,0,2,26
12/25/2001,SUX,IA,ACE,CE,Towers with Radar,2,17,8,0,27,0,0,0,0,0,2,17,8,0,27,10,0,10,37
12/26/2001,SUX,IA,ACE,CE,Towers with Radar,2,19,24,4,49,0,3,11,5,19,2,22,35,9,68,6,18,24,92
12/27/2001,SUX,IA,ACE,CE,Towers with Radar,2,26,32,10,70,0,3,8,0,11,2,29,40,10,81,6,28,34,115
12/28/2001,SUX,IA,ACE,CE,Towers with Radar,2,26,25,2,55,0,0,8,0,8,2,26,33,2,63,16,0,16,79
12/29/2001,SUX,IA,ACE,CE,Towers with Radar,2,13,15,0,30,0,0,4,0,4,2,13,19,0,34,54,0,54,88
12/30/2001,SUX,IA,ACE,CE,Towers with Radar,2,18,10,0,30,0,0,5,0,5,2,18,15,0,35,4,0,4,39
12/31/2001,SUX,IA,ACE,CE,Towers with Radar,2,20,12,0,34,0,0,27,0,27,2,20,39,0,61,20,0,20,81
01/01/2002,SUX,IA,ACE,CE,Towers with Radar,2,16,11,0,29,0,0,0,0,0,2,16,11,0,29,8,0,8,37
01/02/2002,SUX,IA,ACE,CE,Towers with Radar,2,19,17,9,47,0,0,16,1,17,2,19,33,10,64,12,0,12,76
01/03/2002,SUX,IA,ACE,CE,Towers with Radar,3,20,27,14,64,0,3,19,2,24,3,23,46,16,88,16,8,24,112
01/04/2002,SUX,IA,ACE,CE,Towers with Radar,4,9,20,9,42,0,0,20,0,20,4,9,40,9,62,25,38,63,125
01/05/2002,SUX,IA,ACE,CE,Towers with Radar,3,8,14,7,32,0,0,17,0,17,3,8,31,7,49,36,26,62,111
01/06/2002,SUX,IA,ACE,CE,Towers with Radar,3,13,8,3,27,0,1,4,2,7,3,14,12,5,34,6,0,6,40
01/07/2002,SUX,IA,ACE,CE,Towers with Radar,4,21,22,0,47,0,0,25,2,27,4,21,47,2,74,16,10,26,100
01/08/2002,SUX,IA,ACE,CE,Towers with Radar,4,19,31,9,63,0,0,21,6,27,4,19,52,15,90,0,22,22,112
01/09/2002,SUX,IA,ACE,CE,Towers with Radar,4,22,37,19,82,0,0,24,0,24,4,22,61,19,106,20,34,54,160
01/10/2002,SUX,IA,ACE,CE,Towers with Radar,4,24,31,14,73,0,0,10,0,10,4,24,41,14,83,16,20,36,119
01/11/2002,SUX,IA,ACE,CE,Towers with Radar,4,19,24,10,57,0,6,12,0,18,4,25,36,10,75,18,19,37,112
01/12/2002,SUX,IA,ACE,CE,Towers with Radar,3,12,15,0,30,0,2,20,0,22,3,14,35,0,52,26,0,26,78
01/13/2002,SUX,IA,ACE,CE,Towers with Radar,3,17,12,0,32,0,0,13,0,13,3,17,25,0,45,12,0,12,57
01/14/2002,SUX,IA,ACE,CE,Towers with Radar,4,22,22,2,50,0,0,7,0,7,4,22,29,2,57,0,0,0,57
01/15/2002,SUX,IA,ACE,CE,Towers with Radar,2,21,24,12,59,0,3,11,0,14,2,24,35,12,73,12,22,34,107
01/16/2002,SUX,IA,ACE,CE,Towers with Radar,4,24,24,16,68,0,2,10,0,12,4,26,34,16,80,14,20,34,114
01/17/2002,SUX,IA,ACE,CE,Towers with Radar,4,22,26,11,63,0,0,12,5,17,4,22,38,16,80,6,38,44,124
01/18/2002,SUX,IA,ACE,CE,Towers with Radar,4,19,31,17,71,0,0,12,0,12,4,19,43,17,83,6,10,16,99
01/19/2002,SUX,IA,ACE,CE,Towers with Radar,3,13,12,0,28,0,0,15,2,17,3,13,27,2,45,0,8,8,53
01/20/2002,SUX,IA,ACE,CE,Towers with Radar,3,14,18,0,35,0,1,22,0,23,3,15,40,0,58,22,0,22,80
01/21/2002,SUX,IA,ACE,CE,Towers with Radar,4,19,27,0,50,0,0,14,0,14,4,19,41,0,64,4,0,4,68
01/22/2002,SUX,IA,ACE,CE,Towers with Radar,4,19,31,7,61,0,1,9,0,10,4,20,40,7,71,12,16,28,99
01/23/2002,SUX,IA,ACE,CE,Towers with Radar,4,20,50,6,80,0,0,11,3,14,4,20,61,9,94,18,16,34,128
01/24/2002,SUX,IA,ACE,CE,Towers with Radar,4,18,41,17,80,0,0,17,0,17,4,18,58,17,97,4,60,64,161
01/25/2002,SUX,IA,ACE,CE,Towers with Radar,2,18,50,16,86,0,0,18,0,18,2,18,68,16,104,8,36,44,148
01/26/2002,SUX,IA,ACE,CE,Towers with Radar,3,12,12,17,44,0,0,43,4,47,3,12,55,21,91,90,32,122,213
01/27/2002,SUX,IA,ACE,CE,Towers with Radar,3,12,32,1,48,0,0,23,0,23,3,12,55,1,71,30,0,30,101
01/28/2002,SUX,IA,ACE,CE,Towers with Radar,2,21,35,0,58,0,0,3,0,3,2,21,38,0,61,18,0,18,79
01/29/2002,SUX,IA,ACE,CE,Towers with Radar,1,23,33,2,59,0,0,0,0,0,1,23,33,2,59,8,10,18,77
01/30/2002,SUX,IA,ACE,CE,Towers with Radar,1,19,36,14,70,0,2,0,4,6,1,21,36,18,76,36,26,62,138
01/31/2002,SUX,IA,ACE,CE,Towers with Radar,4,15,16,3,38,0,0,0,0,0,4,15,16,3,38,0,0,0,38
02/01/2002,SUX,IA,ACE,CE,Towers with Radar,3,20,35,3,61,0,0,6,3,9,3,20,41,6,70,12,2,14,84
02/02/2002,SUX,IA,ACE,CE,Towers with Radar,3,14,10,15,42,0,0,10,0,10,3,14,20,15,52,4,32,36,88
02/03/2002,SUX,IA,ACE,CE,Towers with Radar,3,14,11,4,32,0,1,10,2,13,3,15,21,6,45,4,18,22,67
02/04/2002,SUX,IA,ACE,CE,Towers with Radar,4,17,29,2,52,0,0,10,0,10,4,17,39,2,62,22,0,22,84
02/05/2002,SUX,IA,ACE,CE,Towers with Radar,4,17,31,16,68,0,0,9,2,11,4,17,40,18,79,20,26,46,125
02/06/2002,SUX,IA,ACE,CE,Towers with Radar,4,19,43,9,75,0,4,11,4,19,4,23,54,13,94,24,18,42,136
02/07/2002,SUX,IA,ACE,CE,Towers with Radar,2,25,47,8,82,0,0,17,7,24,2,25,64,15,106,14,16,30,136
02/08/2002,SUX,IA,ACE,CE,Towers with Radar,3,15,27,9,54,0,2,11,5,18,3,17,38,14,72,10,24,34,106
02/09/2002,SUX,IA,ACE,CE,Towers with Radar,3,11,7,0,21,0,0,0,0,0,3,11,7,0,21,0,0,0,21
02/10/2002,SUX,IA,ACE,CE,Towers with Radar,0,9,9,0,18,0,1,8,0,9,0,10,17,0,27,0,0,0,27
02/11/2002,SUX,IA,ACE,CE,Towers with Radar,3,21,36,4,64,0,2,7,0,9,3,23,43,4,73,0,2,2,75
02/12/2002,SUX,IA,ACE,CE,Towers with Radar,4,18,40,8,70,0,2,9,1,12,4,20,49,9,82,13,4,17,99
02/13/2002,SUX,IA,ACE,CE,Towers with Radar,4,26,36,14,80,0,3,20,2,25,4,29,56,16,105,16,18,34,139
02/14/2002,SUX,IA,ACE,CE,Towers with Radar,4,18,27,15,64,0,0,15,4,19,4,18,42,19,83,6,30,36,119
02/15/2002,SUX,IA,ACE,CE,Towers with Radar,2,18,28,12,60,0,1,16,2,19,2,19,44,14,79,20,28,48,127
02/16/2002,SUX,IA,ACE,CE,Towers with Radar,3,14,14,2,33,0,1,37,0,38,3,15,51,2,71,48,0,48,119
02/17/2002,SUX,IA,ACE,CE,Towers with Radar,3,13,19,0,35,0,1,25,0,26,3,14,44,0,61,8,0,8,69
02/18/2002,SUX,IA,ACE,CE,Towers with Radar,3,20,30,0,53,0,0,18,0,18,3,20,48,0,71,12,0,12,83
02/19/2002,SUX,IA,ACE,CE,Towers with Radar,4,21,19,0,44,0,0,0,0,0,4,21,19,0,44,0,0,0,44
02/20/2002,SUX,IA,ACE,CE,Towers with Radar,4,19,33,15,71,0,0,1,2,3,4,19,34,17,74,8,10,18,92
02/21/2002,SUX,IA,ACE,CE,Towers with Radar,4,20,41,19,84,0,0,21,1,22,4,20,62,20,106,14,56,70,176
02/22/2002,SUX,IA,ACE,CE,Towers with Radar,4,17,41,17,79,0,0,24,0,24,4,17,65,17,103,52,4,56,159
02/23/2002,SUX,IA,ACE,CE,Towers with Radar,1,14,17,10,42,0,0,42,9,51,1,14,59,19,93,52,10,62,155
02/24/2002,SUX,IA,ACE,CE,Towers with Radar,1,12,6,0,19,0,0,0,0,0,1,12,6,0,19,0,0,0,19
02/25/2002,SUX,IA,ACE,CE,Towers with Radar,6,19,24,0,49,0,0,0,0,0,6,19,24,0,49,10,0,10,59
02/26/2002,SUX,IA,ACE,CE,Towers with Radar,4,23,34,0,61,0,0,9,0,9,4,23,43,0,70,0,0,0,70
02/27/2002,SUX,IA,ACE,CE,Towers with Radar,4,19,36,12,71,0,4,7,5,16,4,23,43,17,87,26,36,62,149
02/28/2002,SUX,IA,ACE,CE,Towers with Radar,4,19,22,14,59,0,0,13,1,14,4,19,35,15,73,20,26,46,119
03/01/2002,SUX,IA,ACE,CE,Towers with Radar,6,14,27,0,47,0,0,3,0,3,6,14,30,0,50,0,0,0,50
03/02/2002,SUX,IA,ACE,CE,Towers with Radar,3,10,4,0,17,0,1,8,0,9,3,11,12,0,26,2,0,2,28
03/03/2002,SUX,IA,ACE,CE,Towers with Radar,3,12,6,4,25,0,3,3,0,6,3,15,9,4,31,2,0,2,33
03/04/2002,SUX,IA,ACE,CE,Towers with Radar,4,23,28,2,57,0,2,12,2,16,4,25,40,4,73,2,2,4,77
03/05/2002,SUX,IA,ACE,CE,Towers with Radar,4,23,41,6,74,0,4,43,2,49,4,27,84,8,123,38,0,38,161
03/06/2002,SUX,IA,ACE,CE,Towers with Radar,2,27,27,1,57,0,0,1,1,2,2,27,28,2,59,2,0,2,61
03/07/2002,SUX,IA,ACE,CE,Towers with Radar,4,23,44,1,72,0,0,1,0,1,4,23,45,1,73,0,0,0,73
03/08/2002,SUX,IA,ACE,CE,Towers with Radar,3,13,13,0,29,0,0,0,0,0,3,13,13,0,29,0,0,0,29
03/09/2002,SUX,IA,ACE,CE,Towers with Radar,0,12,13,0,25,0,0,1,0,1,0,12,14,0,26,0,0,0,26
03/10/2002,SUX,IA,ACE,CE,Towers with Radar,3,12,13,0,28,0,1,22,3,26,3,13,35,3,54,10,10,20,74
03/11/2002,SUX,IA,ACE,CE,Towers with Radar,4,16,43,2,65,0,0,19,0,19,4,16,62,2,84,28,0,28,112
03/12/2002,SUX,IA,ACE,CE,Towers with Radar,4,19,40,9,72,0,1,18,6,25,4,20,58,15,97,26,6,32,129
03/13/2002,SUX,IA,ACE,CE,Towers with Radar,4,24,55,8,91,0,0,7,1,8,4,24,62,9,99,20,4,24,123
03/14/2002,SUX,IA,ACE,CE,Towers with Radar,3,13,12,0,28,0,0,0,0,0,3,13,12,0,28,0,0,0,28
03/15/2002,SUX,IA,ACE,CE,Towers with Radar,3,18,35,8,64,0,1,10,0,11,3,19,45,8,75,0,0,0,75
03/16/2002,SUX,IA,ACE,CE,Towers with Radar,3,11,26,6,46,1,1,6,0,8,4,12,32,6,54,14,0,14,68
03/17/2002,SUX,IA,ACE,CE,Towers with Radar,3,12,13,2,30,0,0,5,0,5,3,12,18,2,35,8,0,8,43
03/18/2002,SUX,IA,ACE,CE,Towers with Radar,2,27,25,4,58,0,1,2,0,3,2,28,27,4,61,24,26,50,111
03/19/2002,SUX,IA,ACE,CE,Towers with Radar,4,18,14,7,43,0,0,0,0,0,4,18,14,7,43,0,0,0,43
03/20/2002,SUX,IA,ACE,CE,Towers with Radar,2,22,30,5,59,0,0,5,0,5,2,22,35,5,64,4,4,8,72
03/21/2002,SUX,IA,ACE,CE,Towers with Radar,2,20,28,2,52,0,0,8,0,8,2,20,36,2,60,0,14,14,74
03/22/2002,SUX,IA,ACE,CE,Towers with Radar,2,17,28,8,55,0,2,28,3,33,2,19,56,11,88,8,0,8,96
03/23/2002,SUX,IA,ACE,CE,Towers with Radar,3,12,21,0,36,0,0,27,0,27,3,12,48,0,63,6,0,6,69
03/24/2002,SUX,IA,ACE,CE,Towers with Radar,1,13,7,0,21,0,0,3,0,3,1,13,10,0,24,0,0,0,24
03/25/2002,SUX,IA,ACE,CE,Towers with Radar,2,20,27,2,51,0,0,3,1,4,2,20,30,3,55,0,0,0,55
03/26/2002,SUX,IA,ACE,CE,Towers with Radar,4,18,40,4,66,0,2,17,1,20,4,20,57,5,86,34,0,34,120
03/27/2002,SUX,IA,ACE,CE,Towers with Radar,4,18,39,1,62,0,0,28,0,28,4,18,67,1,90,6,0,6,96
03/28/2002,SUX,IA,ACE,CE,Towers with Radar,2,19,34,5,60,0,0,32,1,33,2,19,66,6,93,32,0,32,125
03/29/2002,SUX,IA,ACE,CE,Towers with Radar,4,15,28,13,60,0,0,12,0,12,4,15,40,13,72,0,6,6,78
03/30/2002,SUX,IA,ACE,CE,Towers with Radar,1,13,23,0,37,0,0,14,0,14,1,13,37,0,51,65,0,65,116
03/31/2002,SUX,IA,ACE,CE,Towers with Radar,1,11,12,0,24,0,1,16,0,17,1,12,28,0,41,8,0,8,49
04/01/2002,SUX,IA,ACE,CE,Towers with Radar,4,14,38,0,56,0,0,8,0,8,4,14,46,0,64,10,0,10,74
04/02/2002,SUX,IA,ACE,CE,Towers with Radar,4,14,32,2,52,0,4,2,0,6,4,18,34,2,58,4,0,4,62
04/03/2002,SUX,IA,ACE,CE,Towers with Radar,4,21,43,12,80,0,0,25,1,26,4,21,68,13,106,0,19,19,125
04/04/2002,SUX,IA,ACE,CE,Towers with Radar,4,14,47,10,75,0,0,16,4,20,4,14,63,14,95,44,8,52,147
04/05/2002,SUX,IA,ACE,CE,Towers with Radar,3,13,20,11,47,0,1,20,0,21,3,14,40,11,68,14,33,47,115
04/06/2002,SUX,IA,ACE,CE,Towers with Radar,3,9,3,3,18,0,0,9,0,9,3,9,12,3,27,0,0,0,27
04/07/2002,SUX,IA,ACE,CE,Towers with Radar,3,9,25,6,43,0,0,2,0,2,3,9,27,6,45,16,0,16,61
04/08/2002,SUX,IA,ACE,CE,Towers with Radar,4,21,40,8,73,0,3,0,4,7,4,24,40,12,80,12,16,28,108
04/09/2002,SUX,IA,ACE,CE,Towers with Radar,4,16,33,13,66,0,2,19,2,23,4,18,52,15,89,22,32,54,143
04/10/2002,SUX,IA,ACE,CE,Towers with Radar,4,19,29,8,60,0,1,17,0,18,4,20,46,8,78,2,24,26,104
04/11/2002,SUX,IA,ACE,CE,Towers with Radar,4,16,42,10,72,0,0,0,0,0,4,16,42,10,72,6,2,8,80
04/12/2002,SUX,IA,ACE,CE,Towers with Radar,3,12,51,10,76,0,0,18,2,20,3,12,69,12,96,7,12,19,115
04/13/2002,SUX,IA,ACE,CE,Towers with Radar,1,9,12,4,26,0,0,11,0,11,1,9,23,4,37,4,0,4,41
04/14/2002,SUX,IA,ACE,CE,Towers with Radar,3,9,12,0,24,0,1,28,2,31,3,10,40,2,55,38,0,38,93
04/15/2002,SUX,IA,ACE,CE,Towers with Radar,4,16,37,2,59,0,0,18,0,18,4,16,55,2,77,0,0,0,77
04/16/2002,SUX,IA,ACE,CE,Towers with Radar,1,14,32,0,47,0,3,6,1,10,1,17,38,1,57,0,2,2,59
04/17/2002,SUX,IA,ACE,CE,Towers with Radar,3,19,37,7,66,0,0,31,4,35,3,19,68,11,101,12,12,24,125
04/18/2002,SUX,IA,ACE,CE,Towers with Radar,4,16,23,5,48,0,2,19,0,21,4,18,42,5,69,16,10,26,95
04/19/2002,SUX,IA,ACE,CE,Towers with Radar,4,14,33,10,61,0,0,14,3,17,4,14,47,13,78,4,14,18,96
04/20/2002,SUX,IA,ACE,CE,Towers with Radar,1,14,22,0,37,0,0,9,1,10,1,14,31,1,47,8,0,8,55
04/21/2002,SUX,IA,ACE,CE,Towers with Radar,3,11,13,0,27,0,0,0,0,0,3,11,13,0,27,10,0,10,37
04/22/2002,SUX,IA,ACE,CE,Towers with Radar,4,14,35,1,54,0,0,26,0,26,4,14,61,1,80,22,8,30,110
04/23/2002,SUX,IA,ACE,CE,Towers with Radar,4,17,33,2,56,0,0,24,1,25,4,17,57,3,81,20,8,28,109
04/24/2002,SUX,IA,ACE,CE,Towers with Radar,4,16,32,0,52,0,0,11,0,11,4,16,43,0,63,6,0,6,69
04/25/2002,SUX,IA,ACE,CE,Towers with Radar,4,16,27,9,56,0,0,22,4,26,4,16,49,13,82,6,22,28,110
04/26/2002,SUX,IA,ACE,CE,Towers with Radar,4,13,31,7,55,0,0,12,2,14,4,13,43,9,69,0,10,10,79
04/27/2002,SUX,IA,ACE,CE,Towers with Radar,1,10,6,9,26,0,0,0,0,0,1,10,6,9,26,10,0,10,36
04/28/2002,SUX,IA,ACE,CE,Towers with Radar,3,9,29,5,46,0,1,1,0,2,3,10,30,5,48,8,6,14,62
04/29/2002,SUX,IA,ACE,CE,Towers with Radar,4,14,27,0,45,0,2,18,0,20,4,16,45,0,65,8,0,8,73
04/30/2002,SUX,IA,ACE,CE,Towers with Radar,4,18,23,12,57,0,0,16,2,18,4,18,39,14,75,28,28,56,131
05/01/2002,SUX,IA,ACE,CE,Towers with Radar,4,14,33,3,54,0,0,0,0,0,4,14,33,3,54,10,0,10,64
05/02/2002,SUX,IA,ACE,CE,Towers with Radar,4,14,42,7,67,0,1,21,4,26,4,15,63,11,93,30,6,36,129
05/03/2002,SUX,IA,ACE,CE,Towers with Radar,4,14,33,13,64,0,0,19,0,19,4,14,52,13,83,4,20,24,107
05/04/2002,SUX,IA,ACE,CE,Towers with Radar,8,9,10,10,37,0,0,31,3,34,8,9,41,13,71,26,20,46,117
05/05/2002,SUX,IA,ACE,CE,Towers with Radar,4,11,22,8,45,0,0,9,1,10,4,11,31,9,55,8,8,16,71
05/06/2002,SUX,IA,ACE,CE,Towers with Radar,4,14,31,0,49,0,0,14,0,14,4,14,45,0,63,36,0,36,99
05/07/2002,SUX,IA,ACE,CE,Towers with Radar,4,16,33,6,59,0,0,7,1,8,4,16,40,7,67,8,12,20,87
05/08/2002,SUX,IA,ACE,CE,Towers with Radar,3,13,41,7,64,0,0,3,2,5,3,13,44,9,69,6,4,10,79
05/09/2002,SUX,IA,ACE,CE,Towers with Radar,4,21,52,2,79,0,0,9,0,9,4,21,61,2,88,14,4,18,106
05/10/2002,SUX,IA,ACE,CE,Towers with Radar,4,13,32,8,57,0,1,26,3,30,4,14,58,11,87,24,16,40,127
05/11/2002,SUX,IA,ACE,CE,Towers with Radar,4,9,1,0,14,0,0,0,0,0,4,9,1,0,14,0,0,0,14
05/12/2002,SUX,IA,ACE,CE,Towers with Radar,4,9,18,0,31,0,0,5,0,5,4,9,23,0,36,4,0,4,40
05/13/2002,SUX,IA,ACE,CE,Towers with Radar,4,19,40,2,65,0,5,30,0,35,4,24,70,2,100,13,0,13,113
05/14/2002,SUX,IA,ACE,CE,Towers with Radar,4,18,31,12,65,0,0,21,1,22,4,18,52,13,87,46,14,60,147
05/15/2002,SUX,IA,ACE,CE,Towers with Radar,4,18,34,5,61,0,3,24,6,33,4,21,58,11,94,38,6,44,138
05/16/2002,SUX,IA,ACE,CE,Towers with Radar,4,25,45,10,84,0,0,27,3,30,4,25,72,13,114,36,10,46,160
05/17/2002,SUX,IA,ACE,CE,Towers with Radar,4,12,29,9,54,0,0,24,6,30,4,12,53,15,84,36,26,62,146
05/18/2002,SUX,IA,ACE,CE,Towers with Radar,4,11,15,0,30,0,0,24,0,24,4,11,39,0,54,18,0,18,72
05/19/2002,SUX,IA,ACE,CE,Towers with Radar,4,11,25,2,42,0,0,29,0,29,4,11,54,2,71,22,0,22,93
05/20/2002,SUX,IA,ACE,CE,Towers with Radar,4,17,49,0,70,0,0,37,0,37,4,17,86,0,107,63,0,63,170
05/21/2002,SUX,IA,ACE,CE,Towers with Radar,4,14,35,1,54,0,3,2,0,5,4,17,37,1,59,10,0,10,69
05/22/2002,SUX,IA,ACE,CE,Towers with Radar,4,16,23,0,43,0,0,3,0,3,4,16,26,0,46,2,0,2,48
05/23/2002,SUX,IA,ACE,CE,Towers with Radar,4,18,37,16,75,0,0,17,6,23,4,18,54,22,98,22,38,60,158
05/24/2002,SUX,IA,ACE,CE,Towers with Radar,4,13,39,10,66,0,0,27,7,34,4,13,66,17,100,12,33,45,145
05/25/2002,SUX,IA,ACE,CE,Towers with Radar,4,11,20,4,39,0,0,41,2,43,4,11,61,6,82,17,16,33,115
05/26/2002,SUX,IA,ACE,CE,Towers with Radar,3,10,7,1,21,0,1,30,0,31,3,11,37,1,52,34,0,34,86
05/27/2002,SUX,IA,ACE,CE,Towers with Radar,3,11,22,0,36,0,2,25,0,27,3,13,47,0,63,34,0,34,97
05/28/2002,SUX,IA,ACE,CE,Towers with Radar,4,14,29,7,54,0,0,11,3,14,4,14,40,10,68,5,16,21,89
05/29/2002,SUX,IA,ACE,CE,Towers with Radar,4,14,41,7,66,0,1,12,2,15,4,15,53,9,81,24,6,30,111
05/30/2002,SUX,IA,ACE,CE,Towers with Radar,4,16,31,9,60,0,1,32,0,33,4,17,63,9,93,20,2,22,115
05/31/2002,SUX,IA,ACE,CE,Towers with Radar,4,11,32,20,67,0,0,14,0,14,4,11,46,20,81,18,68,86,167
06/01/2002,SUX,IA,ACE,CE,Towers with Radar,4,9,11,10,34,1,0,118,1,120,5,9,129,11,154,32,11,43,197
06/02/2002,SUX,IA,ACE,CE,Towers with Radar,6,9,5,15,35,1,2,16,2,21,7,11,21,17,56,0,6,6,62
06/03/2002,SUX,IA,ACE,CE,Towers with Radar,6,14,36,0,56,0,0,6,0,6,6,14,42,0,62,0,0,0,62
06/04/2002,SUX,IA,ACE,CE,Towers with Radar,4,15,31,9,59,0,0,2,12,14,4,15,33,21,73,22,22,44,117
06/05/2002,SUX,IA,ACE,CE,Towers with Radar,4,18,41,17,80,0,0,36,2,38,4,18,77,19,118,16,44,60,178
06/06/2002,SUX,IA,ACE,CE,Towers with Radar,4,15,43,12,74,0,0,26,3,29,4,15,69,15,103,22,12,34,137
06/07/2002,SUX,IA,ACE,CE,Towers with Radar,4,17,25,6,52,0,0,20,0,20,4,17,45,6,72,0,0,0,72
06/08/2002,SUX,IA,ACE,CE,Towers with Radar,4,6,10,7,27,0,0,16,0,16,4,6,26,7,43,4,2,6,49
06/09/2002,SUX,IA,ACE,CE,Towers with Radar,2,12,15,0,29,0,0,8,0,8,2,12,23,0,37,0,0,0,37
06/10/2002,SUX,IA,ACE,CE,Towers with Radar,3,18,40,0,61,0,0,7,0,7,3,18,47,0,68,12,0,12,80
06/11/2002,SUX,IA,ACE,CE,Towers with Radar,4,17,38,8,67,0,5,16,1,22,4,22,54,9,89,10,10,20,109
06/12/2002,SUX,IA,ACE,CE,Towers with Radar,4,21,48,14,87,0,0,28,0,28,4,21,76,14,115,0,18,18,133
06/13/2002,SUX,IA,ACE,CE,Towers with Radar,4,14,46,12,76,0,2,47,3,52,4,16,93,15,128,30,8,38,166
06/14/2002,SUX,IA,ACE,CE,Towers with Radar,2,17,37,9,65,0,0,22,0,22,2,17,59,9,87,6,10,16,103
06/15/2002,SUX,IA,ACE,CE,Towers with Radar,4,9,14,1,28,0,0,37,2,39,4,9,51,3,67,70,10,80,147
06/16/2002,SUX,IA,ACE,CE,Towers with Radar,4,13,24,0,41,0,0,26,0,26,4,13,50,0,67,49,0,49,116
06/17/2002,SUX,IA,ACE,CE,Towers with Radar,4,15,39,0,58,0,0,1,0,1,4,15,40,0,59,6,0,6,65
06/18/2002,SUX,IA,ACE,CE,Towers with Radar,3,18,37,10,68,0,2,4,10,16,3,20,41,20,84,2,38,40,124
06/19/2002,SUX,IA,ACE,CE,Towers with Radar,5,19,25,1,50,0,0,22,1,23,5,19,47,2,73,4,0,4,77
06/20/2002,SUX,IA,ACE,CE,Towers with Radar,4,19,34,15,72,0,0,10,0,10,4,19,44,15,82,4,48,52,134
06/21/2002,SUX,IA,ACE,CE,Towers with Radar,3,11,53,7,74,0,0,22,4,26,3,11,75,11,100,18,12,30,130
06/22/2002,SUX,IA,ACE,CE,Towers with Radar,4,7,14,4,29,0,0,17,3,20,4,7,31,7,49,32,8,40,89
06/23/2002,SUX,IA,ACE,CE,Towers with Radar,4,13,26,2,45,0,0,30,0,30,4,13,56,2,75,10,0,10,85
06/24/2002,SUX,IA,ACE,CE,Towers with Radar,5,14,44,1,64,0,0,13,0,13,5,14,57,1,77,14,0,14,91
06/25/2002,SUX,IA,ACE,CE,Towers with Radar,4,14,34,14,66,0,0,7,7,14,4,14,41,21,80,2,56,58,138
06/26/2002,SUX,IA,ACE,CE,Towers with Radar,4,19,41,16,80,0,4,21,5,30,4,23,62,21,110,10,64,74,184
06/27/2002,SUX,IA,ACE,CE,Towers with Radar,4,18,40,14,76,0,0,25,0,25,4,18,65,14,101,10,58,68,169
06/28/2002,SUX,IA,ACE,CE,Towers with Radar,4,15,38,12,69,0,0,21,1,22,4,15,59,13,91,6,34,40,131
06/29/2002,SUX,IA,ACE,CE,Towers with Radar,4,12,14,0,30,0,0,11,3,14,4,12,25,3,44,8,0,8,52
06/30/2002,SUX,IA,ACE,CE,Towers with Radar,4,11,21,4,40,0,0,24,4,28,4,11,45,8,68,5,8,13,81
07/01/2002,SUX,IA,ACE,CE,Towers with Radar,4,16,22,2,44,0,0,22,1,23,4,16,44,3,67,14,3,17,84
07/02/2002,SUX,IA,ACE,CE,Towers with Radar,4,16,26,7,53,0,0,14,0,14,4,16,40,7,67,28,43,71,138
07/03/2002,SUX,IA,ACE,CE,Towers with Radar,4,18,46,6,74,0,0,23,0,23,4,18,69,6,97,18,42,60,157
07/04/2002,SUX,IA,ACE,CE,Towers with Radar,1,7,14,0,22,3,2,13,0,18,4,9,27,0,40,32,0,32,72
07/05/2002,SUX,IA,ACE,CE,Towers with Radar,2,11,18,0,31,0,0,9,1,10,2,11,27,1,41,30,0,30,71
07/06/2002,SUX,IA,ACE,CE,Towers with Radar,4,9,19,0,32,0,0,18,4,22,4,9,37,4,54,28,0,28,82
07/07/2002,SUX,IA,ACE,CE,Towers with Radar,4,8,23,0,35,0,0,32,0,32,4,8,55,0,67,16,0,16,83
07/08/2002,SUX,IA,ACE,CE,Towers with Radar,4,18,37,3,62,0,3,12,1,16,4,21,49,4,78,8,4,12,90
07/09/2002,SUX,IA,ACE,CE,Towers with Radar,4,22,31,10,67,0,0,12,4,16,4,22,43,14,83,25,12,37,120
07/10/2002,SUX,IA,ACE,CE,Towers with Radar,4,15,29,11,59,0,0,5,7,12,4,15,34,18,71,22,30,52,123
07/11/2002,SUX,IA,ACE,CE,Towers with Radar,4,16,62,11,93,0,0,0,0,0,4,16,62,11,93,20,4,24,117
07/12/2002,SUX,IA,ACE,CE,Towers with Radar,4,13,39,10,66,0,0,34,1,35,4,13,73,11,101,64,24,88,189
07/13/2002,SUX,IA,ACE,CE,Towers with Radar,4,11,15,2,32,0,0,35,0,35,4,11,50,2,67,28,0,28,95
07/14/2002,SUX,IA,ACE,CE,Towers with Radar,4,7,22,11,44,0,0,31,5,36,4,7,53,16,80,6,14,20,100
07/15/2002,SUX,IA,ACE,CE,Towers with Radar,2,16,41,3,62,0,0,18,1,19,2,16,59,4,81,33,16,49,130
07/16/2002,SUX,IA,ACE,CE,Towers with Radar,4,14,22,13,53,0,2,29,0,31,4,16,51,13,84,12,40,52,136
07/17/2002,SUX,IA,ACE,CE,Towers with Radar,4,22,37,10,73,0,0,24,0,24,4,22,61,10,97,2,28,30,127
07/18/2002,SUX,IA,ACE,CE,Towers with Radar,4,18,35,11,68,0,0,30,4,34,4,18,65,15,102,12,22,34,136
07/19/2002,SUX,IA,ACE,CE,Towers with Radar,4,15,47,8,74,0,0,26,2,28,4,15,73,10,102,26,4,30,132
07/20/2002,SUX,IA,ACE,CE,Towers with Radar,4,12,9,0,25,0,1,46,0,47,4,13,55,0,72,18,0,18,90
07/21/2002,SUX,IA,ACE,CE,Towers with Radar,4,11,21,0,36,0,2,34,0,36,4,13,55,0,72,10,0,10,82
07/22/2002,SUX,IA,ACE,CE,Towers with Radar,4,16,37,4,61,0,0,43,0,43,4,16,80,4,104,46,24,70,174
07/23/2002,SUX,IA,ACE,CE,Towers with Radar,6,16,33,9,64,0,0,30,4,34,6,16,63,13,98,44,32,76,174
07/24/2002,SUX,IA,ACE,CE,Towers with Radar,4,18,40,9,71,0,0,26,5,31,4,18,66,14,102,10,22,32,134
07/25/2002,SUX,IA,ACE,CE,Towers with Radar,4,14,34,18,70,0,10,18,0,28,4,24,52,18,98,2,52,54,152
07/26/2002,SUX,IA,ACE,CE,Towers with Radar,4,18,28,7,57,0,0,34,0,34,4,18,62,7,91,14,18,32,123
07/27/2002,SUX,IA,ACE,CE,Towers with Radar,4,9,12,2,27,0,0,41,7,48,4,9,53,9,75,32,0,32,107
07/28/2002,SUX,IA,ACE,CE,Towers with Radar,4,5,18,0,27,0,1,34,0,35,4,6,52,0,62,2,0,2,64
07/29/2002,SUX,IA,ACE,CE,Towers with Radar,4,17,39,0,60,0,0,27,0,27,4,17,66,0,87,28,0,28,115
07/30/2002,SUX,IA,ACE,CE,Towers with Radar,2,17,40,9,68,0,0,28,12,40,2,17,68,21,108,6,56,62,170
07/31/2002,SUX,IA,ACE,CE,Towers with Radar,4,18,42,6,70,0,0,23,5,28,4,18,65,11,98,8,24,32,130
08/01/2002,SUX,IA,ACE,CE,Towers with Radar,4,16,31,9,60,0,3,13,0,16,4,19,44,9,76,4,48,52,128
08/02/2002,SUX,IA,ACE,CE,Towers with Radar,4,18,27,7,56,0,3,22,7,32,4,21,49,14,88,4,30,34,122
08/03/2002,SUX,IA,ACE,CE,Towers with Radar,3,9,14,11,37,0,0,18,1,19,3,9,32,12,56,2,20,22,78
08/04/2002,SUX,IA,ACE,CE,Towers with Radar,3,7,17,10,37,0,0,1,1,2,3,7,18,11,39,8,10,18,57
08/05/2002,SUX,IA,ACE,CE,Towers with Radar,3,16,52,0,71,0,2,0,2,4,3,18,52,2,75,8,0,8,83
08/06/2002,SUX,IA,ACE,CE,Towers with Radar,4,17,42,18,81,0,0,0,0,0,4,17,42,18,81,24,10,34,115
08/07/2002,SUX,IA,ACE,CE,Towers with Radar,4,23,42,18,87,0,0,15,0,15,4,23,57,18,102,12,44,56,158
08/08/2002,SUX,IA,ACE,CE,Towers with Radar,4,18,29,16,67,0,0,24,9,33,4,18,53,25,100,26,54,80,180
08/09/2002,SUX,IA,ACE,CE,Towers with Radar,4,12,37,7,60,0,2,20,0,22,4,14,57,7,82,2,14,16,98
08/10/2002,SUX,IA,ACE,CE,Towers with Radar,4,9,18,2,33,0,2,9,2,13,4,11,27,4,46,54,2,56,102
08/11/2002,SUX,IA,ACE,CE,Towers with Radar,4,7,21,0,32,0,0,18,0,18,4,7,39,0,50,18,0,18,68
08/12/2002,SUX,IA,ACE,CE,Towers with Radar,4,19,35,2,60,0,0,2,2,4,4,19,37,4,64,4,0,4,68
08/13/2002,SUX,IA,ACE,CE,Towers with Radar,4,15,48,10,77,0,0,29,4,33,4,15,77,14,110,42,30,72,182
08/14/2002,SUX,IA,ACE,CE,Towers with Radar,4,14,39,6,63,0,0,29,8,37,4,14,68,14,100,20,26,46,146
08/15/2002,SUX,IA,ACE,CE,Towers with Radar,4,13,32,12,61,0,3,20,4,27,4,16,52,16,88,10,42,52,140
08/16/2002,SUX,IA,ACE,CE,Towers with Radar,3,18,28,3,52,0,1,10,2,13,3,19,38,5,65,8,0,8,73
08/17/2002,SUX,IA,ACE,CE,Towers with Radar,3,10,10,4,27,0,3,10,2,15,3,13,20,6,42,10,12,22,64
08/18/2002,SUX,IA,ACE,CE,Towers with Radar,4,10,22,1,37,0,3,24,0,27,4,13,46,1,64,28,0,28,92
08/19/2002,SUX,IA,ACE,CE,Towers with Radar,3,17,33,3,56,2,4,2,0,8,5,21,35,3,64,6,0,6,70
08/20/2002,SUX,IA,ACE,CE,Towers with Radar,4,16,24,11,55,0,0,7,7,14,4,16,31,18,69,8,34,42,111
08/21/2002,SUX,IA,ACE,CE,Towers with Radar,4,20,29,8,61,0,0,9,5,14,4,20,38,13,75,8,22,30,105
08/22/2002,SUX,IA,ACE,CE,Towers with Radar,4,14,39,12,69,0,0,0,2,2,4,14,39,14,71,14,12,26,97
08/23/2002,SUX,IA,ACE,CE,Towers with Radar,1,19,39,12,71,0,0,20,2,22,1,19,59,14,93,32,2,34,127
08/24/2002,SUX,IA,ACE,CE,Towers with Radar,2,11,21,4,38,1,1,30,0,32,3,12,51,4,70,22,0,22,92
08/25/2002,SUX,IA,ACE,CE,Towers with Radar,4,11,15,0,30,0,0,33,0,33,4,11,48,0,63,24,0,24,87
08/26/2002,SUX,IA,ACE,CE,Towers with Radar,4,16,25,0,45,0,5,9,2,16,4,21,34,2,61,0,0,0,61
08/27/2002,SUX,IA,ACE,CE,Towers with Radar,4,15,30,11,60,0,0,18,3,21,4,15,48,14,81,8,8,16,97
08/28/2002,SUX,IA,ACE,CE,Towers with Radar,1,18,35,8,62,1,0,18,3,22,2,18,53,11,84,14,24,38,122
08/29/2002,SUX,IA,ACE,CE,Towers with Radar,4,15,38,3,60,0,0,2,0,2,4,15,40,3,62,24,0,24,86
08/30/2002,SUX,IA,ACE,CE,Towers with Radar,4,13,24,4,45,0,0,16,2,18,4,13,40,6,63,4,16,20,83
08/31/2002,SUX,IA,ACE,CE,Towers with Radar,4,10,10,0,24,0,0,21,0,21,4,10,31,0,45,0,0,0,45
09/01/2002,SUX,IA,ACE,CE,Towers with Radar,1,7,3,0,11,0,1,11,2,14,1,8,14,2,25,4,3,7,32
09/02/2002,SUX,IA,ACE,CE,Towers with Radar,3,15,11,0,29,0,0,29,0,29,3,15,40,0,58,18,0,18,76
09/03/2002,SUX,IA,ACE,CE,Towers with Radar,4,14,26,1,45,0,1,25,0,26,4,15,51,1,71,14,12,26,97
09/04/2002,SUX,IA,ACE,CE,Towers with Radar,4,18,29,5,56,0,1,6,7,14,4,19,35,12,70,2,8,10,80
09/05/2002,SUX,IA,ACE,CE,Towers with Radar,3,18,33,16,70,0,1,38,0,39,3,19,71,16,109,4,32,36,145
09/06/2002,SUX,IA,ACE,CE,Towers with Radar,3,14,35,6,58,0,0,24,1,25,3,14,59,7,83,23,6,29,112
09/07/2002,SUX,IA,ACE,CE,Towers with Radar,3,10,16,4,33,0,0,28,0,28,3,10,44,4,61,26,0,26,87
09/08/2002,SUX,IA,ACE,CE,Towers with Radar,2,10,15,5,32,0,0,38,2,40,2,10,53,7,72,0,6,6,78
09/09/2002,SUX,IA,ACE,CE,Towers with Radar,3,18,27,0,48,0,2,23,0,25,3,20,50,0,73,12,0,12,85
09/10/2002,SUX,IA,ACE,CE,Towers with Radar,4,6,44,6,60,0,0,19,1,20,4,6,63,7,80,32,24,56,136
09/11/2002,SUX,IA,ACE,CE,Towers with Radar,4,10,46,13,73,0,0,22,0,22,4,10,68,13,95,10,60,70,165
09/12/2002,SUX,IA,ACE,CE,Towers with Radar,4,19,61,5,89,0,2,21,0,23,4,21,82,5,112,12,20,32,144
09/13/2002,SUX,IA,ACE,CE,Towers with Radar,4,12,33,5,54,0,0,5,4,9,4,12,38,9,63,2,8,10,73
09/14/2002,SUX,IA,ACE,CE,Towers with Radar,1,12,13,0,26,0,0,8,0,8,1,12,21,0,34,0,0,0,34
09/15/2002,SUX,IA,ACE,CE,Towers with Radar,3,10,18,1,32,0,1,30,0,31,3,11,48,1,63,36,0,36,99
09/16/2002,SUX,IA,ACE,CE,Towers with Radar,4,17,37,0,58,0,0,17,0,17,4,17,54,0,75,12,0,12,87
09/17/2002,SUX,IA,ACE,CE,Towers with Radar,4,14,43,17,78,0,0,10,1,11,4,14,53,18,89,22,18,40,129
09/18/2002,SUX,IA,ACE,CE,Towers with Radar,4,18,49,15,86,0,0,0,0,0,4,18,49,15,86,4,38,42,128
09/19/2002,SUX,IA,ACE,CE,Towers with Radar,4,14,42,14,74,0,0,6,4,10,4,14,48,18,84,30,24,54,138
09/20/2002,SUX,IA,ACE,CE,Towers with Radar,4,14,31,8,57,0,1,27,10,38,4,15,58,18,95,53,52,105,200
09/21/2002,SUX,IA,ACE,CE,Towers with Radar,3,9,21,4,37,0,2,24,2,28,3,11,45,6,65,14,12,26,91
09/22/2002,SUX,IA,ACE,CE,Towers with Radar,3,12,38,3,56,0,0,43,1,44,3,12,81,4,100,26,0,26,126
09/23/2002,SUX,IA,ACE,CE,Towers with Radar,4,19,35,0,58,0,0,20,0,20,4,19,55,0,78,16,0,16,94
09/24/2002,SUX,IA,ACE,CE,Towers with Radar,4,19,39,6,68,0,3,12,2,17,4,22,51,8,85,2,6,8,93
09/25/2002,SUX,IA,ACE,CE,Towers with Radar,2,16,35,3,56,0,0,4,0,4,2,16,39,3,60,6,0,6,66
09/26/2002,SUX,IA,ACE,CE,Towers with Radar,4,16,36,1,57,0,0,0,0,0,4,16,36,1,57,6,0,6,63
09/27/2002,SUX,IA,ACE,CE,Towers with Radar,3,13,31,2,49,0,0,20,0,20,3,13,51,2,69,40,12,52,121
09/28/2002,SUX,IA,ACE,CE,Towers with Radar,2,7,20,1,30,1,0,4,0,5,3,7,24,1,35,0,0,0,35
09/29/2002,SUX,IA,ACE,CE,Towers with Radar,3,11,13,0,27,0,0,5,0,5,3,11,18,0,32,0,0,0,32
09/30/2002,SUX,IA,ACE,CE,Towers with Radar,4,16,25,0,45,0,1,17,0,18,4,17,42,0,63,0,0,0,63
10/01/2002,SUX,IA,ACE,CE,Towers with Radar,4,12,43,14,73,0,0,7,1,8,4,12,50,15,81,14,15,29,110
10/02/2002,SUX,IA,ACE,CE,Towers with Radar,4,13,45,1,63,0,0,0,0,0,4,13,45,1,63,0,0,0,63
10/03/2002,SUX,IA,ACE,CE,Towers with Radar,4,17,58,0,79,0,0,0,0,0,4,17,58,0,79,10,0,10,89
10/04/2002,SUX,IA,ACE,CE,Towers with Radar,4,11,39,2,56,0,0,0,0,0,4,11,39,2,56,6,0,6,62
10/05/2002,SUX,IA,ACE,CE,Towers with Radar,3,7,21,7,38,0,1,25,1,27,3,8,46,8,65,22,20,42,107
10/06/2002,SUX,IA,ACE,CE,Towers with Radar,3,7,6,0,16,0,0,6,0,6,3,7,12,0,22,0,0,0,22
10/07/2002,SUX,IA,ACE,CE,Towers with Radar,3,15,48,2,68,0,2,22,0,24,3,17,70,2,92,14,12,26,118
10/08/2002,SUX,IA,ACE,CE,Towers with Radar,3,17,38,6,64,0,3,26,3,32,3,20,64,9,96,22,18,40,136
10/09/2002,SUX,IA,ACE,CE,Towers with Radar,4,14,38,10,66,0,0,19,4,23,4,14,57,14,89,18,20,38,127
10/10/2002,SUX,IA,ACE,CE,Towers with Radar,4,9,29,2,44,0,0,27,3,30,4,9,56,5,74,38,4,42,116
10/11/2002,SUX,IA,ACE,CE,Towers with Radar,4,10,36,7,57,0,0,15,0,15,4,10,51,7,72,16,13,29,101
10/12/2002,SUX,IA,ACE,CE,Towers with Radar,3,8,17,0,28,0,0,11,0,11,3,8,28,0,39,24,0,24,63
10/13/2002,SUX,IA,ACE,CE,Towers with Radar,3,7,26,0,36,0,0,44,0,44,3,7,70,0,80,86,0,86,166
10/14/2002,SUX,IA,ACE,CE,Towers with Radar,4,8,29,1,42,0,0,21,0,21,4,8,50,1,63,18,0,18,81
10/15/2002,SUX,IA,ACE,CE,Towers with Radar,4,8,49,0,61,0,0,38,0,38,4,8,87,0,99,32,0,32,131
10/16/2002,SUX,IA,ACE,CE,Towers with Radar,4,9,35,12,60,0,0,0,0,0,4,9,35,12,60,10,10,20,80
10/17/2002,SUX,IA,ACE,CE,Towers with Radar,4,16,41,17,78,0,2,28,0,30,4,18,69,17,108,56,22,78,186
10/18/2002,SUX,IA,ACE,CE,Towers with Radar,4,9,40,4,57,0,8,15,5,28,4,17,55,9,85,26,28,54,139
10/19/2002,SUX,IA,ACE,CE,Towers with Radar,1,11,23,3,38,0,0,24,0,24,1,11,47,3,62,28,0,28,90
10/20/2002,SUX,IA,ACE,CE,Towers with Radar,3,7,18,2,30,0,0,3,1,4,3,7,21,3,34,4,0,4,38
10/21/2002,SUX,IA,ACE,CE,Towers with Radar,4,9,35,0,48,0,0,5,0,5,4,9,40,0,53,4,0,4,57
10/22/2002,SUX,IA,ACE,CE,Towers with Radar,4,11,19,2,36,0,0,1,0,1,4,11,20,2,37,0,18,18,55
10/23/2002,SUX,IA,ACE,CE,Towers with Radar,4,7,41,0,52,0,0,1,0,1,4,7,42,0,53,0,0,0,53
10/24/2002,SUX,IA,ACE,CE,Towers with Radar,4,10,33,0,47,0,0,0,0,0,4,10,33,0,47,0,8,8,55
10/25/2002,SUX,IA,ACE,CE,Towers with Radar,4,13,46,11,74,0,1,2,0,3,4,14,48,11,77,14,9,23,100
10/26/2002,SUX,IA,ACE,CE,Towers with Radar,3,7,17,2,29,0,0,22,0,22,3,7,39,2,51,20,4,24,75
10/27/2002,SUX,IA,ACE,CE,Towers with Radar,3,10,10,0,23,0,1,0,0,1,3,11,10,0,24,0,0,0,24
10/28/2002,SUX,IA,ACE,CE,Towers with Radar,4,10,30,0,44,0,3,0,0,3,4,13,30,0,47,0,0,0,47
10/29/2002,SUX,IA,ACE,CE,Towers with Radar,2,12,32,0,46,0,1,0,0,1,2,13,32,0,47,4,0,4,51
10/30/2002,SUX,IA,ACE,CE,Towers with Radar,4,11,28,2,45,0,3,1,0,4,4,14,29,2,49,0,0,0,49
10/31/2002,SUX,IA,ACE,CE,Towers with Radar,4,11,36,22,73,0,0,15,0,15,4,11,51,22,88,14,38,52,140
11/01/2002,SUX,IA,ACE,CE,Towers with Radar,4,8,26,11,49,0,0,31,0,31,4,8,57,11,80,0,44,44,124
11/02/2002,SUX,IA,ACE,CE,Towers with Radar,4,7,21,4,36,0,0,33,2,35,4,7,54,6,71,26,20,46,117
11/03/2002,SUX,IA,ACE,CE,Towers with Radar,3,13,27,5,48,0,0,13,5,18,3,13,40,10,66,52,4,56,122
11/04/2002,SUX,IA,ACE,CE,Towers with Radar,5,10,34,1,50,0,0,9,0,9,5,10,43,1,59,14,0,14,73
11/05/2002,SUX,IA,ACE,CE,Towers with Radar,4,8,28,9,49,0,0,0,2,2,4,8,28,11,51,0,6,6,57
11/06/2002,SUX,IA,ACE,CE,Towers with Radar,2,16,43,20,81,0,5,35,3,43,2,21,78,23,124,12,44,56,180
11/07/2002,SUX,IA,ACE,CE,Towers with Radar,3,16,42,12,73,0,0,31,0,31,3,16,73,12,104,10,12,22,126
11/08/2002,SUX,IA,ACE,CE,Towers with Radar,6,9,33,5,53,0,0,30,0,30,6,9,63,5,83,10,22,32,115
11/09/2002,SUX,IA,ACE,CE,Towers with Radar,3,7,15,8,33,0,0,27,3,30,3,7,42,11,63,32,4,36,99
11/10/2002,SUX,IA,ACE,CE,Towers with Radar,3,10,11,0,24,0,2,0,0,2,3,12,11,0,26,6,0,6,32
11/11/2002,SUX,IA,ACE,CE,Towers with Radar,4,12,40,0,56,0,0,7,0,7,4,12,47,0,63,6,18,24,87
11/12/2002,SUX,IA,ACE,CE,Towers with Radar,4,10,30,4,48,0,0,29,0,29,4,10,59,4,77,24,2,26,103
11/13/2002,SUX,IA,ACE,CE,Towers with Radar,4,13,46,19,82,0,0,14,6,20,4,13,60,25,102,40,42,82,184
11/14/2002,SUX,IA,ACE,CE,Towers with Radar,5,10,31,8,54,0,0,0,1,1,5,10,31,9,55,0,0,0,55
11/15/2002,SUX,IA,ACE,CE,Towers with Radar,4,6,33,1,44,0,0,2,0,2,4,6,35,1,46,0,0,0,46
11/16/2002,SUX,IA,ACE,CE,Towers with Radar,4,5,18,3,30,0,1,6,0,7,4,6,24,3,37,10,0,10,47
11/17/2002,SUX,IA,ACE,CE,Towers with Radar,3,11,23,0,37,0,0,8,0,8,3,11,31,0,45,6,0,6,51
11/18/2002,SUX,IA,ACE,CE,Towers with Radar,4,8,47,0,59,0,0,24,2,26,4,8,71,2,85,6,0,6,91
11/19/2002,SUX,IA,ACE,CE,Towers with Radar,3,9,39,11,62,0,0,29,5,34,3,9,68,16,96,27,30,57,153
11/20/2002,SUX,IA,ACE,CE,Towers with Radar,4,7,48,11,70,0,0,13,8,21,4,7,61,19,91,12,18,30,121
11/21/2002,SUX,IA,ACE,CE,Towers with Radar,4,11,51,0,66,0,0,5,0,5,4,11,56,0,71,0,0,0,71
11/22/2002,SUX,IA,ACE,CE,Towers with Radar,4,10,35,10,59,0,0,27,0,27,4,10,62,10,86,34,20,54,140
11/23/2002,SUX,IA,ACE,CE,Towers with Radar,3,7,14,2,26,0,0,34,0,34,3,7,48,2,60,23,0,23,83
11/24/2002,SUX,IA,ACE,CE,Towers with Radar,3,9,8,0,20,0,0,4,0,4,3,9,12,0,24,8,0,8,32
11/25/2002,SUX,IA,ACE,CE,Towers with Radar,4,10,29,0,43,0,0,19,0,19,4,10,48,0,62,6,0,6,68
11/26/2002,SUX,IA,ACE,CE,Towers with Radar,4,9,50,9,72,0,0,9,0,9,4,9,59,9,81,40,37,77,158
11/27/2002,SUX,IA,ACE,CE,Towers with Radar,4,8,46,7,65,0,0,2,2,4,4,8,48,9,69,2,24,26,95
11/28/2002,SUX,IA,ACE,CE,Towers with Radar,3,8,3,0,14,0,0,20,0,20,3,8,23,0,34,2,0,2,36
11/29/2002,SUX,IA,ACE,CE,Towers with Radar,1,7,17,0,25,0,0,5,0,5,1,7,22,0,30,4,0,4,34
11/30/2002,SUX,IA,ACE,CE,Towers with Radar,3,12,14,0,29,0,1,10,0,11,3,13,24,0,40,34,0,34,74
12/01/2002,SUX,IA,ACE,CE,Towers with Radar,3,9,35,0,47,0,0,16,1,17,3,9,51,1,64,52,0,52,116
12/02/2002,SUX,IA,ACE,CE,Towers with Radar,4,10,36,0,50,0,0,12,0,12,4,10,48,0,62,8,0,8,70
12/03/2002,SUX,IA,ACE,CE,Towers with Radar,4,9,33,2,48,0,1,20,0,21,4,10,53,2,69,2,0,2,71
12/04/2002,SUX,IA,ACE,CE,Towers with Radar,4,13,27,1,45,0,0,1,0,1,4,13,28,1,46,0,0,0,46
12/05/2002,SUX,IA,ACE,CE,Towers with Radar,4,8,46,20,78,0,0,21,0,21,4,8,67,20,99,34,36,70,169
12/06/2002,SUX,IA,ACE,CE,Towers with Radar,4,10,29,8,51,0,0,11,5,16,4,10,40,13,67,20,26,46,113
12/07/2002,SUX,IA,ACE,CE,Towers with Radar,3,8,22,4,37,0,2,25,12,39,3,10,47,16,76,42,26,68,144
12/08/2002,SUX,IA,ACE,CE,Towers with Radar,3,11,15,8,37,0,0,40,6,46,3,11,55,14,83,18,24,42,125
12/09/2002,SUX,IA,ACE,CE,Towers with Radar,4,9,33,0,46,0,1,8,0,9,4,10,41,0,55,12,0,12,67
12/10/2002,SUX,IA,ACE,CE,Towers with Radar,4,11,41,20,76,0,1,20,0,21,4,12,61,20,97,26,76,102,199
12/11/2002,SUX,IA,ACE,CE,Towers with Radar,4,10,40,8,62,0,0,7,0,7,4,10,47,8,69,20,0,20,89
12/12/2002,SUX,IA,ACE,CE,Towers with Radar,4,9,36,7,56,0,0,19,0,19,4,9,55,7,75,8,16,24,99
12/13/2002,SUX,IA,ACE,CE,Towers with Radar,4,7,27,18,56,0,0,30,2,32,4,7,57,20,88,8,52,60,148
12/14/2002,SUX,IA,ACE,CE,Towers with Radar,3,7,25,5,40,0,0,36,2,38,3,7,61,7,78,18,6,24,102
12/15/2002,SUX,IA,ACE,CE,Towers with Radar,3,10,27,0,40,0,0,28,0,28,3,10,55,0,68,18,0,18,86
12/16/2002,SUX,IA,ACE,CE,Towers with Radar,4,9,42,2,57,0,0,9,0,9,4,9,51,2,66,12,32,44,110
12/17/2002,SUX,IA,ACE,CE,Towers with Radar,4,11,41,9,65,0,3,5,0,8,4,14,46,9,73,0,0,0,73
12/18/2002,SUX,IA,ACE,CE,Towers with Radar,4,9,43,15,71,0,1,1,2,4,4,10,44,17,75,0,18,18,93
12/19/2002,SUX,IA,ACE,CE,Towers with Radar,4,12,37,11,64,0,0,9,5,14,4,12,46,16,78,0,58,58,136
12/20/2002,SUX,IA,ACE,CE,Towers with Radar,3,11,25,4,43,0,0,54,3,57,3,11,79,7,100,6,0,6,106
12/21/2002,SUX,IA,ACE,CE,Towers with Radar,2,10,22,0,34,0,0,14,0,14,2,10,36,0,48,30,0,30,78
12/22/2002,SUX,IA,ACE,CE,Towers with Radar,1,9,14,1,25,0,0,2,1,3,1,9,16,2,28,30,0,30,58
12/23/2002,SUX,IA,ACE,CE,Towers with Radar,4,13,17,0,34,0,1,30,0,31,4,14,47,0,65,24,0,24,89
12/24/2002,SUX,IA,ACE,CE,Towers with Radar,2,9,13,0,24,0,2,1,0,3,2,11,14,0,27,18,0,18,45
12/25/2002,SUX,IA,ACE,CE,Towers with Radar,2,9,8,2,21,0,0,7,0,7,2,9,15,2,28,12,0,12,40
12/26/2002,SUX,IA,ACE,CE,Towers with Radar,4,11,29,0,44,0,0,30,0,30,4,11,59,0,74,24,0,24,98
12/27/2002,SUX,IA,ACE,CE,Towers with Radar,4,13,29,0,46,0,0,16,0,16,4,13,45,0,62,4,0,4,66
12/28/2002,SUX,IA,ACE,CE,Towers with Radar,3,9,23,0,35,0,0,42,0,42,3,9,65,0,77,34,0,34,111
12/29/2002,SUX,IA,ACE,CE,Towers with Radar,1,9,17,0,27,0,0,21,0,21,1,9,38,0,48,18,0,18,66
12/30/2002,SUX,IA,ACE,CE,Towers with Radar,4,8,23,0,35,0,2,7,0,9,4,10,30,0,44,2,0,2,46
12/31/2002,SUX,IA,ACE,CE,Towers with Radar,4,10,23,2,39,0,0,0,0,0,4,10,23,2,39,34,0,34,73
01/01/2003,SUX,IA,ACE,CE,Towers with Radar,4,6,6,0,16,0,0,6,0,6,4,6,12,0,22,0,0,0,22
01/02/2003,SUX,IA,ACE,CE,Towers with Radar,4,9,31,8,52,0,0,16,0,16,4,9,47,8,68,8,10,18,86
01/03/2003,SUX,IA,ACE,CE,Towers with Radar,4,11,27,0,42,0,0,0,0,0,4,11,27,0,42,4,0,4,46
01/04/2003,SUX,IA,ACE,CE,Towers with Radar,3,7,13,1,24,0,0,6,0,6,3,7,19,1,30,34,0,34,64
01/05/2003,SUX,IA,ACE,CE,Towers with Radar,1,8,15,0,24,0,4,0,0,4,1,12,15,0,28,6,0,6,34
01/06/2003,SUX,IA,ACE,CE,Towers with Radar,4,10,30,2,46,0,2,3,0,5,4,12,33,2,51,12,0,12,63
01/07/2003,SUX,IA,ACE,CE,Towers with Radar,4,9,33,4,50,0,0,22,0,22,4,9,55,4,72,10,0,10,82
01/08/2003,SUX,IA,ACE,CE,Towers with Radar,4,16,35,1,56,0,0,28,1,29,4,16,63,2,85,12,2,14,99
01/09/2003,SUX,IA,ACE,CE,Towers with Radar,4,9,19,0,32,0,1,3,0,4,4,10,22,0,36,0,0,0,36
01/10/2003,SUX,IA,ACE,CE,Towers with Radar,4,9,27,2,42,0,0,24,0,24,4,9,51,2,66,18,8,26,92
01/11/2003,SUX,IA,ACE,CE,Towers with Radar,1,9,8,2,20,0,0,10,0,10,1,9,18,2,30,8,0,8,38
01/12/2003,SUX,IA,ACE,CE,Towers with Radar,1,9,14,0,24,0,0,6,0,6,1,9,20,0,30,18,0,18,48
01/13/2003,SUX,IA,ACE,CE,Towers with Radar,4,11,41,0,56,0,0,10,0,10,4,11,51,0,66,4,0,4,70
01/14/2003,SUX,IA,ACE,CE,Towers with Radar,4,8,40,5,57,0,1,8,0,9,4,9,48,5,66,14,6,20,86
01/15/2003,SUX,IA,ACE,CE,Towers with Radar,4,10,47,2,63,0,1,6,0,7,4,11,53,2,70,42,2,44,114
01/16/2003,SUX,IA,ACE,CE,Towers with Radar,3,11,32,2,48,1,2,9,1,13,4,13,41,3,61,26,8,34,95
01/17/2003,SUX,IA,ACE,CE,Towers with Radar,4,8,28,1,41,0,3,19,0,22,4,11,47,1,63,2,0,2,65
01/18/2003,SUX,IA,ACE,CE,Towers with Radar,1,7,11,0,19,0,0,0,0,0,1,7,11,0,19,0,0,0,19
01/19/2003,SUX,IA,ACE,CE,Towers with Radar,1,10,31,0,42,0,0,6,0,6,1,10,37,0,48,43,0,43,91
01/20/2003,SUX,IA,ACE,CE,Towers with Radar,4,13,36,0,53,0,0,0,0,0,4,13,36,0,53,20,0,20,73
01/21/2003,SUX,IA,ACE,CE,Towers with Radar,4,8,43,0,55,0,0,13,0,13,4,8,56,0,68,6,0,6,74
01/22/2003,SUX,IA,ACE,CE,Towers with Radar,4,8,33,4,49,0,0,1,0,1,4,8,34,4,50,4,30,34,84
01/23/2003,SUX,IA,ACE,CE,Towers with Radar,4,8,25,0,37,0,0,12,0,12,4,8,37,0,49,4,0,4,53
01/24/2003,SUX,IA,ACE,CE,Towers with Radar,4,8,29,3,44,0,0,13,0,13,4,8,42,3,57,14,2,16,73
01/25/2003,SUX,IA,ACE,CE,Towers with Radar,1,6,14,0,21,0,0,6,0,6,1,6,20,0,27,10,0,10,37
01/26/2003,SUX,IA,ACE,CE,Towers with Radar,1,11,7,0,19,0,0,8,0,8,1,11,15,0,27,0,0,0,27
01/27/2003,SUX,IA,ACE,CE,Towers with Radar,4,8,42,0,54,0,0,17,0,17,4,8,59,0,71,26,0,26,97
01/28/2003,SUX,IA,ACE,CE,Towers with Radar,4,6,32,0,42,0,0,0,0,0,4,6,32,0,42,0,0,0,42
01/29/2003,SUX,IA,ACE,CE,Towers with Radar,4,8,30,0,42,0,5,1,0,6,4,13,31,0,48,0,2,2,50
01/30/2003,SUX,IA,ACE,CE,Towers with Radar,4,8,40,4,56,0,0,11,8,19,4,8,51,12,75,0,3,3,78
01/31/2003,SUX,IA,ACE,CE,Towers with Radar,4,12,38,3,57,0,0,5,0,5,4,12,43,3,62,14,8,22,84
02/01/2003,SUX,IA,ACE,CE,Towers with Radar,1,7,12,1,21,0,1,33,0,34,1,8,45,1,55,22,8,30,85
02/02/2003,SUX,IA,ACE,CE,Towers with Radar,1,9,15,3,28,0,2,7,0,9,1,11,22,3,37,0,0,0,37
02/03/2003,SUX,IA,ACE,CE,Towers with Radar,4,10,26,0,40,0,0,3,0,3,4,10,29,0,43,0,0,0,43
02/04/2003,SUX,IA,ACE,CE,Towers with Radar,4,8,28,8,48,0,3,9,2,14,4,11,37,10,62,12,2,14,76
02/05/2003,SUX,IA,ACE,CE,Towers with Radar,4,13,37,14,68,0,0,22,0,22,4,13,59,14,90,10,42,52,142
02/06/2003,SUX,IA,ACE,CE,Towers with Radar,4,15,26,2,47,0,0,20,0,20,4,15,46,2,67,2,24,26,93
02/07/2003,SUX,IA,ACE,CE,Towers with Radar,4,9,24,0,37,0,1,20,0,21,4,10,44,0,58,12,0,12,70
02/08/2003,SUX,IA,ACE,CE,Towers with Radar,1,6,14,0,21,0,0,7,0,7,1,6,21,0,28,10,0,10,38
02/09/2003,SUX,IA,ACE,CE,Towers with Radar,1,9,28,0,38,0,0,0,1,1,1,9,28,1,39,46,0,46,85
02/10/2003,SUX,IA,ACE,CE,Towers with Radar,4,8,36,3,51,0,0,16,0,16,4,8,52,3,67,6,22,28,95
02/11/2003,SUX,IA,ACE,CE,Towers with Radar,4,10,24,1,39,0,0,0,2,2,4,10,24,3,41,0,0,0,41
02/12/2003,SUX,IA,ACE,CE,Towers with Radar,3,12,34,3,52,0,0,21,0,21,3,12,55,3,73,2,2,4,77
02/13/2003,SUX,IA,ACE,CE,Towers with Radar,0,17,49,13,79,0,0,20,3,23,0,17,69,16,102,22,26,48,150
02/14/2003,SUX,IA,ACE,CE,Towers with Radar,0,17,18,0,35,0,0,1,0,1,0,17,19,0,36,0,0,0,36
02/15/2003,SUX,IA,ACE,CE,Towers with Radar,0,17,10,1,28,0,0,8,0,8,0,17,18,1,36,4,2,6,42
02/16/2003,SUX,IA,ACE,CE,Towers with Radar,0,12,21,0,33,0,1,18,0,19,0,13,39,0,52,28,0,28,80
02/17/2003,SUX,IA,ACE,CE,Towers with Radar,0,14,36,0,50,0,0,9,0,9,0,14,45,0,59,52,0,52,111
02/18/2003,SUX,IA,ACE,CE,Towers with Radar,0,15,38,0,53,0,0,10,0,10,0,15,48,0,63,8,0,8,71
02/19/2003,SUX,IA,ACE,CE,Towers with Radar,0,16,41,4,61,0,0,25,0,25,0,16,66,4,86,8,16,24,110
02/20/2003,SUX,IA,ACE,CE,Towers with Radar,0,14,36,2,52,0,4,15,0,19,0,18,51,2,71,26,2,28,99
02/21/2003,SUX,IA,ACE,CE,Towers with Radar,0,12,22,1,35,0,0,0,0,0,0,12,22,1,35,0,0,0,35
02/22/2003,SUX,IA,ACE,CE,Towers with Radar,0,10,30,1,41,0,0,0,0,0,0,10,30,1,41,12,0,12,53
02/23/2003,SUX,IA,ACE,CE,Towers with Radar,0,17,14,0,31,0,0,0,0,0,0,17,14,0,31,0,0,0,31
02/24/2003,SUX,IA,ACE,CE,Towers with Radar,0,19,31,0,50,0,0,9,0,9,0,19,40,0,59,4,0,4,63
02/25/2003,SUX,IA,ACE,CE,Towers with Radar,0,14,40,7,61,0,0,8,0,8,0,14,48,7,69,6,20,26,95
02/26/2003,SUX,IA,ACE,CE,Towers with Radar,0,17,40,0,57,0,1,9,2,12,0,18,49,2,69,2,0,2,71
02/27/2003,SUX,IA,ACE,CE,Towers with Radar,0,14,47,0,61,0,2,12,0,14,0,16,59,0,75,6,0,6,81
02/28/2003,SUX,IA,ACE,CE,Towers with Radar,0,16,34,0,50,0,1,20,0,21,0,17,54,0,71,20,0,20,91
03/01/2003,SUX,IA,ACE,CE,Towers with Radar,0,15,23,0,38,0,0,10,0,10,0,15,33,0,48,22,0,22,70
03/02/2003,SUX,IA,ACE,CE,Towers with Radar,0,11,15,0,26,0,1,20,0,21,0,12,35,0,47,24,11,35,82
03/03/2003,SUX,IA,ACE,CE,Towers with Radar,0,16,28,3,47,0,0,5,0,5,0,16,33,3,52,4,2,6,58
03/04/2003,SUX,IA,ACE,CE,Towers with Radar,0,12,22,4,38,0,0,1,4,5,0,12,23,8,43,0,16,16,59
03/05/2003,SUX,IA,ACE,CE,Towers with Radar,0,15,32,15,62,0,1,6,0,7,0,16,38,15,69,0,36,36,105
03/06/2003,SUX,IA,ACE,CE,Towers with Radar,0,15,35,2,52,0,0,1,0,1,0,15,36,2,53,0,0,0,53
03/07/2003,SUX,IA,ACE,CE,Towers with Radar,0,15,44,0,59,0,0,20,0,20,0,15,64,0,79,10,0,10,89
03/08/2003,SUX,IA,ACE,CE,Towers with Radar,0,10,7,1,18,0,2,2,2,6,0,12,9,3,24,0,0,0,24
03/09/2003,SUX,IA,ACE,CE,Towers with Radar,0,12,9,1,22,0,1,8,0,9,0,13,17,1,31,0,0,0,31
03/10/2003,SUX,IA,ACE,CE,Towers with Radar,0,16,31,2,49,0,0,4,0,4,0,16,35,2,53,2,0,2,55
03/11/2003,SUX,IA,ACE,CE,Towers with Radar,0,14,37,6,57,0,0,20,2,22,0,14,57,8,79,30,4,34,113
03/12/2003,SUX,IA,ACE,CE,Towers with Radar,0,16,36,4,56,0,0,2,0,2,0,16,38,4,58,0,0,0,58
03/13/2003,SUX,IA,ACE,CE,Towers with Radar,0,13,36,1,50,0,0,14,0,14,0,13,50,1,64,4,0,4,68
03/14/2003,SUX,IA,ACE,CE,Towers with Radar,0,15,34,0,49,0,0,34,0,34,0,15,68,0,83,22,0,22,105
03/15/2003,SUX,IA,ACE,CE,Towers with Radar,0,10,24,0,34,0,0,40,5,45,0,10,64,5,79,63,2,65,144
03/16/2003,SUX,IA,ACE,CE,Towers with Radar,0,16,31,0,47,0,0,36,0,36,0,16,67,0,83,74,0,74,157
03/17/2003,SUX,IA,ACE,CE,Towers with Radar,0,14,20,1,35,0,0,10,0,10,0,14,30,1,45,8,0,8,53
03/18/2003,SUX,IA,ACE,CE,Towers with Radar,0,19,42,2,63,0,0,0,0,0,0,19,42,2,63,0,0,0,63
03/19/2003,SUX,IA,ACE,CE,Towers with Radar,0,1,43,5,49,0,0,0,1,1,0,1,43,6,50,0,4,4,54
03/20/2003,SUX,IA,ACE,CE,Towers with Radar,0,18,39,0,57,0,0,4,0,4,0,18,43,0,61,8,0,8,69
03/21/2003,SUX,IA,ACE,CE,Towers with Radar,0,12,28,1,41,0,0,29,0,29,0,12,57,1,70,18,6,24,94
03/22/2003,SUX,IA,ACE,CE,Towers with Radar,0,13,16,5,34,0,0,34,0,34,0,13,50,5,68,84,26,110,178
03/23/2003,SUX,IA,ACE,CE,Towers with Radar,0,14,23,0,37,0,0,12,0,12,0,14,35,0,49,20,0,20,69
03/24/2003,SUX,IA,ACE,CE,Towers with Radar,2,19,35,0,56,0,1,7,0,8,2,20,42,0,64,10,0,10,74
03/25/2003,SUX,IA,ACE,CE,Towers with Radar,0,18,38,2,58,0,0,20,0,20,0,18,58,2,78,12,2,14,92
03/26/2003,SUX,IA,ACE,CE,Towers with Radar,0,18,38,1,57,0,0,7,14,21,0,18,45,15,78,0,0,0,78
03/27/2003,SUX,IA,ACE,CE,Towers with Radar,0,15,32,0,47,0,0,1,0,1,0,15,33,0,48,2,0,2,50
03/28/2003,SUX,IA,ACE,CE,Towers with Radar,2,16,24,0,42,0,0,8,0,8,2,16,32,0,50,0,0,0,50
03/29/2003,SUX,IA,ACE,CE,Towers with Radar,0,15,19,1,35,0,0,4,0,4,0,15,23,1,39,32,0,32,71
03/30/2003,SUX,IA,ACE,CE,Towers with Radar,0,13,25,1,39,0,1,17,2,20,0,14,42,3,59,24,0,24,83
03/31/2003,SUX,IA,ACE,CE,Towers with Radar,0,16,37,2,55,0,0,23,0,23,0,16,60,2,78,12,18,30,108
04/01/2003,SUX,IA,ACE,CE,Towers with Radar,0,14,24,2,40,0,0,1,0,1,0,14,25,2,41,16,0,16,57
04/02/2003,SUX,IA,ACE,CE,Towers with Radar,0,16,29,3,48,0,0,26,1,27,0,16,55,4,75,4,4,8,83
04/03/2003,SUX,IA,ACE,CE,Towers with Radar,0,16,51,4,71,0,0,6,0,6,0,16,57,4,77,18,20,38,115
04/04/2003,SUX,IA,ACE,CE,Towers with Radar,0,18,34,1,53,0,0,3,0,3,0,18,37,1,56,0,0,0,56
04/05/2003,SUX,IA,ACE,CE,Towers with Radar,0,13,16,0,29,0,1,21,0,22,0,14,37,0,51,28,0,28,79
04/06/2003,SUX,IA,ACE,CE,Towers with Radar,0,13,12,0,25,0,2,0,0,2,0,15,12,0,27,2,0,2,29
04/07/2003,SUX,IA,ACE,CE,Towers with Radar,0,13,16,0,29,0,0,0,0,0,0,13,16,0,29,0,0,0,29
04/08/2003,SUX,IA,ACE,CE,Towers with Radar,0,14,22,0,36,0,0,2,0,2,0,14,24,0,38,0,0,0,38
04/09/2003,SUX,IA,ACE,CE,Towers with Radar,0,14,57,2,73,0,0,29,4,33,0,14,86,6,106,14,10,24,130
04/10/2003,SUX,IA,ACE,CE,Towers with Radar,0,15,28,5,48,0,0,18,0,18,0,15,46,5,66,8,14,22,88
04/11/2003,SUX,IA,ACE,CE,Towers with Radar,0,14,36,0,50,0,0,48,0,48,0,14,84,0,98,24,0,24,122
04/12/2003,SUX,IA,ACE,CE,Towers with Radar,0,13,14,0,27,0,2,23,0,25,0,15,37,0,52,38,0,38,90
04/13/2003,SUX,IA,ACE,CE,Towers with Radar,0,16,19,0,35,0,0,16,0,16,0,16,35,0,51,26,0,26,77
04/14/2003,SUX,IA,ACE,CE,Towers with Radar,0,17,32,0,49,0,0,12,0,12,0,17,44,0,61,0,0,0,61
04/15/2003,SUX,IA,ACE,CE,Towers with Radar,0,14,25,4,43,0,0,8,1,9,0,14,33,5,52,12,4,16,68
04/16/2003,SUX,IA,ACE,CE,Towers with Radar,0,14,47,3,64,0,8,3,0,11,0,22,50,3,75,0,2,2,77
04/17/2003,SUX,IA,ACE,CE,Towers with Radar,0,14,31,11,56,0,0,6,0,6,0,14,37,11,62,1,2,3,65
04/18/2003,SUX,IA,ACE,CE,Towers with Radar,0,16,16,0,32,0,0,0,0,0,0,16,16,0,32,0,0,0,32
04/19/2003,SUX,IA,ACE,CE,Towers with Radar,0,14,30,6,50,0,0,0,0,0,0,14,30,6,50,8,0,8,58
04/20/2003,SUX,IA,ACE,CE,Towers with Radar,0,14,4,0,18,0,0,2,0,2,0,14,6,0,20,0,0,0,20
04/21/2003,SUX,IA,ACE,CE,Towers with Radar,0,16,32,0,48,0,2,29,0,31,0,18,61,0,79,32,0,32,111
04/22/2003,SUX,IA,ACE,CE,Towers with Radar,0,16,50,2,68,0,0,31,0,31,0,16,81,2,99,44,0,44,143
04/23/2003,SUX,IA,ACE,CE,Towers with Radar,0,13,28,6,47,0,0,11,1,12,0,13,39,7,59,0,0,0,59
04/24/2003,SUX,IA,ACE,CE,Towers with Radar,0,15,51,0,66,0,0,5,0,5,0,15,56,0,71,4,0,4,75
04/25/2003,SUX,IA,ACE,CE,Towers with Radar,0,16,50,0,66,0,0,27,0,27,0,16,77,0,93,26,0,26,119
04/26/2003,SUX,IA,ACE,CE,Towers with Radar,0,10,20,0,30,0,4,15,0,19,0,14,35,0,49,34,0,34,83
04/27/2003,SUX,IA,ACE,CE,Towers with Radar,0,13,30,0,43,0,0,4,0,4,0,13,34,0,47,18,0,18,65
04/28/2003,SUX,IA,ACE,CE,Towers with Radar,0,21,45,0,66,0,0,21,0,21,0,21,66,0,87,46,0,46,133
04/29/2003,SUX,IA,ACE,CE,Towers with Radar,0,15,24,0,39,0,0,14,0,14,0,15,38,0,53,12,0,12,65
04/30/2003,SUX,IA,ACE,CE,Towers with Radar,0,15,38,1,54,0,1,1,0,2,0,16,39,1,56,0,0,0,56
05/01/2003,SUX,IA,ACE,CE,Towers with Radar,0,13,46,2,61,0,0,13,1,14,0,13,59,3,75,18,0,18,93
05/02/2003,SUX,IA,ACE,CE,Towers with Radar,0,14,42,0,56,0,1,27,0,28,0,15,69,0,84,12,0,12,96
05/03/2003,SUX,IA,ACE,CE,Towers with Radar,0,14,23,3,40,0,0,24,1,25,0,14,47,4,65,34,0,34,99
05/04/2003,SUX,IA,ACE,CE,Towers with Radar,0,14,4,0,18,0,1,0,0,1,0,15,4,0,19,0,0,0,19
05/05/2003,SUX,IA,ACE,CE,Towers with Radar,0,17,22,0,39,0,1,1,1,3,0,18,23,1,42,0,0,0,42
05/06/2003,SUX,IA,ACE,CE,Towers with Radar,0,17,45,4,66,0,0,19,1,20,0,17,64,5,86,26,4,30,116
05/07/2003,SUX,IA,ACE,CE,Towers with Radar,0,16,38,2,56,0,1,26,0,27,0,17,64,2,83,26,20,46,129
05/08/2003,SUX,IA,ACE,CE,Towers with Radar,0,15,28,0,43,0,0,0,0,0,0,15,28,0,43,18,0,18,61
05/09/2003,SUX,IA,ACE,CE,Towers with Radar,0,9,35,0,44,0,0,14,0,14,0,9,49,0,58,24,0,24,82
05/10/2003,SUX,IA,ACE,CE,Towers with Radar,0,12,11,0,23,0,0,3,0,3,0,12,14,0,26,0,0,0,26
05/11/2003,SUX,IA,ACE,CE,Towers with Radar,0,6,15,0,21,0,0,3,0,3,0,6,18,0,24,0,0,0,24
05/12/2003,SUX,IA,ACE,CE,Towers with Radar,0,19,30,0,49,0,0,17,0,17,0,19,47,0,66,22,0,22,88
05/13/2003,SUX,IA,ACE,CE,Towers with Radar,0,13,44,1,58,0,0,39,0,39,0,13,83,1,97,2,0,2,99
05/14/2003,SUX,IA,ACE,CE,Towers with Radar,0,13,47,6,66,0,0,29,0,29,0,13,76,6,95,6,6,12,107
05/15/2003,SUX,IA,ACE,CE,Towers with Radar,0,17,57,7,81,0,0,14,0,14,0,17,71,7,95,8,6,14,109
05/16/2003,SUX,IA,ACE,CE,Towers with Radar,0,13,42,0,55,0,0,36,0,36,0,13,78,0,91,30,0,30,121
05/17/2003,SUX,IA,ACE,CE,Towers with Radar,0,14,17,1,32,0,0,42,0,42,0,14,59,1,74,52,0,52,126
05/18/2003,SUX,IA,ACE,CE,Towers with Radar,0,12,29,0,41,0,1,17,2,20,0,13,46,2,61,6,0,6,67
05/19/2003,SUX,IA,ACE,CE,Towers with Radar,0,11,19,0,30,0,0,1,0,1,0,11,20,0,31,0,0,0,31
05/20/2003,SUX,IA,ACE,CE,Towers with Radar,0,12,33,3,48,0,0,18,0,18,0,12,51,3,66,50,62,112,178
05/21/2003,SUX,IA,ACE,CE,Towers with Radar,0,17,50,6,73,0,0,35,0,35,0,17,85,6,108,30,4,34,142
05/22/2003,SUX,IA,ACE,CE,Towers with Radar,0,15,52,2,69,0,0,27,2,29,0,15,79,4,98,11,2,13,111
05/23/2003,SUX,IA,ACE,CE,Towers with Radar,0,14,54,0,68,0,0,12,0,12,0,14,66,0,80,17,0,17,97
05/24/2003,SUX,IA,ACE,CE,Towers with Radar,0,12,25,0,37,0,0,10,0,10,0,12,35,0,47,4,0,4,51
05/25/2003,SUX,IA,ACE,CE,Towers with Radar,0,10,7,0,17,0,0,26,0,26,0,10,33,0,43,2,0,2,45
05/26/2003,SUX,IA,ACE,CE,Towers with Radar,0,12,17,1,30,0,0,25,1,26,0,12,42,2,56,10,0,10,66
05/27/2003,SUX,IA,ACE,CE,Towers with Radar,0,15,31,2,48,0,0,21,0,21,0,15,52,2,69,2,26,28,97
05/28/2003,SUX,IA,ACE,CE,Towers with Radar,0,16,30,1,47,0,0,0,0,0,0,16,30,1,47,20,0,20,67
05/29/2003,SUX,IA,ACE,CE,Towers with Radar,0,16,46,0,62,0,0,39,0,39,0,16,85,0,101,20,0,20,121
05/30/2003,SUX,IA,ACE,CE,Towers with Radar,0,20,40,0,60,0,0,28,0,28,0,20,68,0,88,8,0,8,96
05/31/2003,SUX,IA,ACE,CE,Towers with Radar,0,14,17,0,31,0,0,63,1,64,0,14,80,1,95,34,0,34,129
06/01/2003,SUX,IA,ACE,CE,Towers with Radar,0,18,16,0,34,0,1,16,0,17,0,19,32,0,51,4,0,4,55
06/02/2003,SUX,IA,ACE,CE,Towers with Radar,0,15,35,0,50,0,1,0,0,1,0,16,35,0,51,0,0,0,51
06/03/2003,SUX,IA,ACE,CE,Towers with Radar,0,12,45,3,60,0,1,5,0,6,0,13,50,3,66,16,22,38,104
06/04/2003,SUX,IA,ACE,CE,Towers with Radar,0,12,36,6,54,0,1,7,0,8,0,13,43,6,62,4,4,8,70
06/05/2003,SUX,IA,ACE,CE,Towers with Radar,0,13,43,0,56,0,1,34,0,35,0,14,77,0,91,20,0,20,111
06/06/2003,SUX,IA,ACE,CE,Towers with Radar,0,16,30,5,51,0,1,16,1,18,0,17,46,6,69,0,6,6,75
06/07/2003,SUX,IA,ACE,CE,Towers with Radar,0,9,18,2,29,0,1,6,0,7,0,10,24,2,36,8,0,8,44
06/08/2003,SUX,IA,ACE,CE,Towers with Radar,0,12,26,2,40,0,1,14,0,15,0,13,40,2,55,16,0,16,71
06/09/2003,SUX,IA,ACE,CE,Towers with Radar,0,11,42,2,55,0,3,22,0,25,0,14,64,2,80,2,0,2,82
06/10/2003,SUX,IA,ACE,CE,Towers with Radar,0,11,42,1,54,0,0,14,0,14,0,11,56,1,68,4,0,4,72
06/11/2003,SUX,IA,ACE,CE,Towers with Radar,0,13,39,0,52,0,0,32,0,32,0,13,71,0,84,8,0,8,92
06/12/2003,SUX,IA,ACE,CE,Towers with Radar,0,13,28,6,47,0,0,28,0,28,0,13,56,6,75,14,24,38,113
06/13/2003,SUX,IA,ACE,CE,Towers with Radar,0,15,24,15,54,0,0,23,0,23,0,15,47,15,77,34,22,56,133
06/14/2003,SUX,IA,ACE,CE,Towers with Radar,0,8,4,0,12,0,0,41,7,48,0,8,45,7,60,8,4,12,72
06/15/2003,SUX,IA,ACE,CE,Towers with Radar,0,12,13,0,25,0,1,19,0,20,0,13,32,0,45,22,0,22,67
06/16/2003,SUX,IA,ACE,CE,Towers with Radar,0,15,30,11,56,0,1,20,1,22,0,16,50,12,78,0,9,9,87
06/17/2003,SUX,IA,ACE,CE,Towers with Radar,0,16,28,2,46,0,0,21,0,21,0,16,49,2,67,10,0,10,77
06/18/2003,SUX,IA,ACE,CE,Towers with Radar,0,14,45,13,72,0,0,20,0,20,0,14,65,13,92,6,26,32,124
06/19/2003,SUX,IA,ACE,CE,Towers with Radar,0,15,30,4,49,0,1,70,3,74,0,16,100,7,123,4,1,5,128
06/20/2003,SUX,IA,ACE,CE,Towers with Radar,0,17,30,1,48,0,0,24,0,24,0,17,54,1,72,8,0,8,80
06/21/2003,SUX,IA,ACE,CE,Towers with Radar,0,8,1,0,9,8,6,0,0,14,8,14,1,0,23,2,0,2,25
06/22/2003,SUX,IA,ACE,CE,Towers with Radar,0,12,11,0,23,0,1,2,0,3,0,13,13,0,26,0,0,0,26
06/23/2003,SUX,IA,ACE,CE,Towers with Radar,0,13,26,9,48,0,0,11,1,12,0,13,37,10,60,2,0,2,62
06/24/2003,SUX,IA,ACE,CE,Towers with Radar,0,18,23,1,42,0,0,18,0,18,0,18,41,1,60,0,0,0,60
06/25/2003,SUX,IA,ACE,CE,Towers with Radar,0,18,39,0,57,0,0,3,0,3,0,18,42,0,60,8,0,8,68
06/26/2003,SUX,IA,ACE,CE,Towers with Radar,0,16,43,4,63,0,0,31,0,31,0,16,74,4,94,2,2,4,98
06/27/2003,SUX,IA,ACE,CE,Towers with Radar,0,13,33,0,46,0,0,33,0,33,0,13,66,0,79,6,0,6,85
06/28/2003,SUX,IA,ACE,CE,Towers with Radar,0,11,13,1,25,0,0,19,1,20,0,11,32,2,45,20,0,20,65
06/29/2003,SUX,IA,ACE,CE,Towers with Radar,0,14,14,2,30,0,0,21,0,21,0,14,35,2,51,19,22,41,92
06/30/2003,SUX,IA,ACE,CE,Towers with Radar,0,13,25,4,42,0,0,29,0,29,0,13,54,4,71,2,2,4,75
07/01/2003,SUX,IA,ACE,CE,Towers with Radar,0,14,21,2,37,0,2,36,0,38,0,16,57,2,75,30,0,30,105
07/02/2003,SUX,IA,ACE,CE,Towers with Radar,0,16,23,10,49,0,0,47,0,47,0,16,70,10,96,14,26,40,136
07/03/2003,SUX,IA,ACE,CE,Towers with Radar,0,13,18,0,31,0,3,28,0,31,0,16,46,0,62,30,0,30,92
07/04/2003,SUX,IA,ACE,CE,Towers with Radar,0,10,1,0,11,0,1,10,0,11,0,11,11,0,22,26,0,26,48
07/05/2003,SUX,IA,ACE,CE,Towers with Radar,0,6,13,0,19,0,0,20,0,20,0,6,33,0,39,14,0,14,53
07/06/2003,SUX,IA,ACE,CE,Towers with Radar,0,14,17,0,31,0,0,35,0,35,0,14,52,0,66,28,0,28,94
07/07/2003,SUX,IA,ACE,CE,Towers with Radar,0,13,33,0,46,0,1,8,6,15,0,14,41,6,61,14,8,22,83
07/08/2003,SUX,IA,ACE,CE,Towers with Radar,0,18,37,3,58,0,0,13,2,15,0,18,50,5,73,4,18,22,95
07/09/2003,SUX,IA,ACE,CE,Towers with Radar,0,19,46,3,68,0,0,21,0,21,0,19,67,3,89,28,6,34,123
07/10/2003,SUX,IA,ACE,CE,Towers with Radar,0,15,37,4,56,0,0,8,0,8,0,15,45,4,64,4,0,4,68
07/11/2003,SUX,IA,ACE,CE,Towers with Radar,0,15,26,0,41,0,0,64,0,64,0,15,90,0,105,18,0,18,123
07/12/2003,SUX,IA,ACE,CE,Towers with Radar,2,11,7,2,22,0,1,66,0,67,2,12,73,2,89,48,0,48,137
07/13/2003,SUX,IA,ACE,CE,Towers with Radar,0,15,21,6,42,0,0,41,0,41,0,15,62,6,83,34,2,36,119
07/14/2003,SUX,IA,ACE,CE,Towers with Radar,0,17,45,4,66,0,0,21,0,21,0,17,66,4,87,0,32,32,119
07/15/2003,SUX,IA,ACE,CE,Towers with Radar,2,15,45,3,65,0,0,27,0,27,2,15,72,3,92,20,32,52,144
07/16/2003,SUX,IA,ACE,CE,Towers with Radar,0,15,39,1,55,0,0,31,0,31,0,15,70,1,86,10,0,10,96
07/17/2003,SUX,IA,ACE,CE,Towers with Radar,0,17,48,10,75,0,0,23,0,23,0,17,71,10,98,19,8,27,125
07/18/2003,SUX,IA,ACE,CE,Towers with Radar,0,17,43,1,61,0,0,12,0,12,0,17,55,1,73,2,0,2,75
07/19/2003,SUX,IA,ACE,CE,Towers with Radar,0,11,28,0,39,0,0,16,0,16,0,11,44,0,55,12,0,12,67
07/20/2003,SUX,IA,ACE,CE,Towers with Radar,0,12,16,0,28,0,0,13,0,13,0,12,29,0,41,0,0,0,41
07/21/2003,SUX,IA,ACE,CE,Towers with Radar,0,13,30,8,51,0,0,25,0,25,0,13,55,8,76,40,38,78,154
07/22/2003,SUX,IA,ACE,CE,Towers with Radar,0,26,33,4,63,0,0,48,5,53,0,26,81,9,116,58,6,64,180
07/23/2003,SUX,IA,ACE,CE,Towers with Radar,0,11,31,19,61,0,0,36,0,36,0,11,67,19,97,22,42,64,161
07/24/2003,SUX,IA,ACE,CE,Towers with Radar,0,11,31,4,46,0,0,36,11,47,0,11,67,15,93,22,42,64,157
07/25/2003,SUX,IA,ACE,CE,Towers with Radar,0,13,27,3,43,0,0,25,4,29,0,13,52,7,72,4,11,15,87
07/26/2003,SUX,IA,ACE,CE,Towers with Radar,0,9,17,1,27,0,9,39,0,48,0,18,56,1,75,8,0,8,83
07/27/2003,SUX,IA,ACE,CE,Towers with Radar,0,14,33,0,47,0,1,100,0,101,0,15,133,0,148,20,0,20,168
07/28/2003,SUX,IA,ACE,CE,Towers with Radar,0,21,51,2,74,0,2,47,0,49,0,23,98,2,123,28,12,40,163
07/29/2003,SUX,IA,ACE,CE,Towers with Radar,0,17,32,4,53,0,2,24,0,26,0,19,56,4,79,6,0,6,85
07/30/2003,SUX,IA,ACE,CE,Towers with Radar,0,13,44,2,59,0,0,37,0,37,0,13,81,2,96,0,4,4,100
07/31/2003,SUX,IA,ACE,CE,Towers with Radar,0,14,52,6,72,0,0,38,0,38,0,14,90,6,110,4,2,6,116
08/01/2003,SUX,IA,ACE,CE,Towers with Radar,0,19,34,12,65,0,0,48,0,48,0,19,82,12,113,2,6,8,121
08/02/2003,SUX,IA,ACE,CE,Towers with Radar,0,10,24,0,34,0,0,55,0,55,0,10,79,0,89,38,0,38,127
08/03/2003,SUX,IA,ACE,CE,Towers with Radar,0,12,20,0,32,0,0,38,0,38,0,12,58,0,70,30,0,30,100
08/04/2003,SUX,IA,ACE,CE,Towers with Radar,0,17,44,3,64,0,0,34,10,44,0,17,78,13,108,6,4,10,118
08/05/2003,SUX,IA,ACE,CE,Towers with Radar,0,15,32,1,48,0,0,50,0,50,0,15,82,1,98,70,0,70,168
08/06/2003,SUX,IA,ACE,CE,Towers with Radar,0,17,46,3,66,0,0,20,2,22,0,17,66,5,88,40,0,40,128
08/07/2003,SUX,IA,ACE,CE,Towers with Radar,0,13,36,0,49,0,2,38,0,40,0,15,74,0,89,74,0,74,163
08/08/2003,SUX,IA,ACE,CE,Towers with Radar,0,15,26,3,44,0,0,28,0,28,0,15,54,3,72,96,4,100,172
08/09/2003,SUX,IA,ACE,CE,Towers with Radar,0,10,15,0,25,0,0,28,0,28,0,10,43,0,53,12,0,12,65
08/10/2003,SUX,IA,ACE,CE,Towers with Radar,0,12,25,0,37,0,0,27,0,27,0,12,52,0,64,42,0,42,106
08/11/2003,SUX,IA,ACE,CE,Towers with Radar,0,15,33,0,48,0,0,26,0,26,0,15,59,0,74,22,2,24,98
08/12/2003,SUX,IA,ACE,CE,Towers with Radar,0,13,49,11,73,0,0,14,4,18,0,13,63,15,91,6,6,12,103
08/13/2003,SUX,IA,ACE,CE,Towers with Radar,0,11,36,6,53,0,0,28,5,33,0,11,64,11,86,10,6,16,102
08/14/2003,SUX,IA,ACE,CE,Towers with Radar,0,18,53,0,71,0,0,37,1,38,0,18,90,1,109,32,0,32,141
08/15/2003,SUX,IA,ACE,CE,Towers with Radar,0,20,38,2,60,0,0,23,2,25,0,20,61,4,85,48,14,62,147
08/16/2003,SUX,IA,ACE,CE,Towers with Radar,0,9,13,0,22,0,0,35,0,35,0,9,48,0,57,22,0,22,79
08/17/2003,SUX,IA,ACE,CE,Towers with Radar,0,14,18,0,32,0,0,24,0,24,0,14,42,0,56,12,0,12,68
08/18/2003,SUX,IA,ACE,CE,Towers with Radar,0,15,30,1,46,0,0,22,0,22,0,15,52,1,68,4,6,10,78
08/19/2003,SUX,IA,ACE,CE,Towers with Radar,0,13,42,4,59,0,0,0,2,2,0,13,42,6,61,10,8,18,79
08/20/2003,SUX,IA,ACE,CE,Towers with Radar,0,17,41,1,59,0,0,30,0,30,0,17,71,1,89,4,0,4,93
08/21/2003,SUX,IA,ACE,CE,Towers with Radar,0,13,37,0,50,0,0,33,0,33,0,13,70,0,83,14,0,14,97
08/22/2003,SUX,IA,ACE,CE,Towers with Radar,0,14,19,0,33,0,0,36,0,36,0,14,55,0,69,16,0,16,85
08/23/2003,SUX,IA,ACE,CE,Towers with Radar,0,10,14,0,24,0,0,62,0,62,0,10,76,0,86,16,0,16,102
08/24/2003,SUX,IA,ACE,CE,Towers with Radar,0,15,8,0,23,0,0,59,5,64,0,15,67,5,87,10,0,10,97
08/25/2003,SUX,IA,ACE,CE,Towers with Radar,0,16,22,2,40,0,0,22,0,22,0,16,44,2,62,4,8,12,74
08/26/2003,SUX,IA,ACE,CE,Towers with Radar,0,22,32,0,54,0,0,15,0,15,0,22,47,0,69,4,0,4,73
08/27/2003,SUX,IA,ACE,CE,Towers with Radar,0,15,42,5,62,0,0,10,0,10,0,15,52,5,72,6,4,10,82
08/28/2003,SUX,IA,ACE,CE,Towers with Radar,0,22,35,1,58,0,0,29,0,29,0,22,64,1,87,56,0,56,143
08/29/2003,SUX,IA,ACE,CE,Towers with Radar,0,22,34,1,57,0,0,27,0,27,0,22,61,1,84,18,4,22,106
08/30/2003,SUX,IA,ACE,CE,Towers with Radar,0,12,18,0,30,0,0,11,0,11,0,12,29,0,41,54,0,54,95
08/31/2003,SUX,IA,ACE,CE,Towers with Radar,0,10,24,0,34,0,1,8,0,9,0,11,32,0,43,4,0,4,47
09/01/2003,SUX,IA,ACE,CE,Towers with Radar,0,12,15,0,27,0,0,8,0,8,0,12,23,0,35,60,0,60,95
09/02/2003,SUX,IA,ACE,CE,Towers with Radar,0,14,30,2,46,0,0,18,0,18,0,14,48,2,64,8,0,8,72
09/03/2003,SUX,IA,ACE,CE,Towers with Radar,0,14,46,8,68,0,1,20,7,28,0,15,66,15,96,10,0,10,106
09/04/2003,SUX,IA,ACE,CE,Towers with Radar,0,17,43,1,61,0,0,36,0,36,0,17,79,1,97,28,0,28,125
09/05/2003,SUX,IA,ACE,CE,Towers with Radar,0,15,30,6,51,0,0,13,0,13,0,15,43,6,64,8,4,12,76
09/06/2003,SUX,IA,ACE,CE,Towers with Radar,0,12,14,4,30,0,1,25,2,28,0,13,39,6,58,2,8,10,68
09/07/2003,SUX,IA,ACE,CE,Towers with Radar,0,12,16,0,28,0,2,19,0,21,0,14,35,0,49,0,0,0,49
09/08/2003,SUX,IA,ACE,CE,Towers with Radar,0,16,44,0,60,0,0,11,0,11,0,16,55,0,71,8,0,8,79
09/09/2003,SUX,IA,ACE,CE,Towers with Radar,0,13,37,0,50,0,0,0,0,0,0,13,37,0,50,0,0,0,50
09/10/2003,SUX,IA,ACE,CE,Towers with Radar,0,15,30,2,47,0,0,0,0,0,0,15,30,2,47,0,0,0,47
09/11/2003,SUX,IA,ACE,CE,Towers with Radar,0,15,44,1,60,0,0,0,0,0,0,15,44,1,60,2,0,2,62
09/12/2003,SUX,IA,ACE,CE,Towers with Radar,0,14,30,0,44,0,0,26,0,26,0,14,56,0,70,2,0,2,72
09/13/2003,SUX,IA,ACE,CE,Towers with Radar,0,14,17,3,34,0,2,17,0,19,0,16,34,3,53,28,4,32,85
09/14/2003,SUX,IA,ACE,CE,Towers with Radar,0,16,22,5,43,0,1,28,5,34,0,17,50,10,77,54,0,54,131
09/15/2003,SUX,IA,ACE,CE,Towers with Radar,0,15,34,0,49,0,0,27,0,27,0,15,61,0,76,20,0,20,96
09/16/2003,SUX,IA,ACE,CE,Towers with Radar,0,16,33,0,49,0,0,30,0,30,0,16,63,0,79,10,0,10,89
09/17/2003,SUX,IA,ACE,CE,Towers with Radar,0,13,38,2,53,0,0,9,0,9,0,13,47,2,62,0,6,6,68
09/18/2003,SUX,IA,ACE,CE,Towers with Radar,0,15,33,1,49,0,0,0,0,0,0,15,33,1,49,0,0,0,49
09/19/2003,SUX,IA,ACE,CE,Towers with Radar,0,14,44,0,58,0,0,11,0,11,0,14,55,0,69,24,0,24,93
09/20/2003,SUX,IA,ACE,CE,Towers with Radar,0,12,12,0,24,0,0,25,0,25,0,12,37,0,49,2,0,2,51
09/21/2003,SUX,IA,ACE,CE,Towers with Radar,0,14,22,0,36,0,0,7,2,9,0,14,29,2,45,4,0,4,49
09/22/2003,SUX,IA,ACE,CE,Towers with Radar,0,17,32,2,51,0,0,7,0,7,0,17,39,2,58,2,12,14,72
09/23/2003,SUX,IA,ACE,CE,Towers with Radar,0,15,26,2,43,0,0,15,0,15,0,15,41,2,58,4,0,4,62
09/24/2003,SUX,IA,ACE,CE,Towers with Radar,0,17,38,2,57,0,0,21,0,21,0,17,59,2,78,8,8,16,94
09/25/2003,SUX,IA,ACE,CE,Towers with Radar,0,13,29,9,51,0,0,35,0,35,0,13,64,9,86,2,8,10,96
09/26/2003,SUX,IA,ACE,CE,Towers with Radar,0,13,38,0,51,0,0,7,0,7,0,13,45,0,58,2,0,2,60
09/27/2003,SUX,IA,ACE,CE,Towers with Radar,0,12,7,1,20,0,0,12,0,12,0,12,19,1,32,6,0,6,38
09/28/2003,SUX,IA,ACE,CE,Towers with Radar,0,13,16,0,29,0,0,21,0,21,0,13,37,0,50,62,0,62,112
09/29/2003,SUX,IA,ACE,CE,Towers with Radar,0,16,37,0,53,0,0,16,0,16,0,16,53,0,69,12,0,12,81
09/30/2003,SUX,IA,ACE,CE,Towers with Radar,0,13,24,1,38,0,0,29,0,29,0,13,53,1,67,18,0,18,85
10/01/2003,SUX,IA,ACE,CE,Towers with Radar,0,18,37,1,56,0,4,24,0,28,0,22,61,1,84,12,0,12,96
10/02/2003,SUX,IA,ACE,CE,Towers with Radar,0,13,32,3,48,0,0,15,8,23,0,13,47,11,71,0,4,4,75
10/03/2003,SUX,IA,ACE,CE,Towers with Radar,0,15,31,3,49,0,0,14,0,14,0,15,45,3,63,4,6,10,73
10/04/2003,SUX,IA,ACE,CE,Towers with Radar,0,8,17,2,27,0,4,30,2,36,0,12,47,4,63,8,4,12,75
10/05/2003,SUX,IA,ACE,CE,Towers with Radar,0,10,22,0,32,0,3,37,0,40,0,13,59,0,72,62,0,62,134
10/06/2003,SUX,IA,ACE,CE,Towers with Radar,0,16,32,3,51,0,3,13,11,27,0,19,45,14,78,8,30,38,116
10/07/2003,SUX,IA,ACE,CE,Towers with Radar,0,14,36,4,54,0,0,32,4,36,0,14,68,8,90,24,2,26,116
10/08/2003,SUX,IA,ACE,CE,Towers with Radar,0,19,48,1,68,0,0,32,0,32,0,19,80,1,100,12,0,12,112
10/09/2003,SUX,IA,ACE,CE,Towers with Radar,0,17,40,4,61,0,0,30,4,34,0,17,70,8,95,2,10,12,107
10/10/2003,SUX,IA,ACE,CE,Towers with Radar,0,21,41,1,63,0,0,13,0,13,0,21,54,1,76,4,0,4,80
10/11/2003,SUX,IA,ACE,CE,Towers with Radar,0,8,11,0,19,0,4,0,0,4,0,12,11,0,23,0,0,0,23
10/12/2003,SUX,IA,ACE,CE,Towers with Radar,0,10,21,2,33,0,5,18,0,23,0,15,39,2,56,33,0,33,89
10/13/2003,SUX,IA,ACE,CE,Towers with Radar,0,12,25,0,37,1,2,13,0,16,1,14,38,0,53,6,0,6,59
10/14/2003,SUX,IA,ACE,CE,Towers with Radar,0,14,39,3,56,0,0,18,0,18,0,14,57,3,74,14,0,14,88
10/15/2003,SUX,IA,ACE,CE,Towers with Radar,0,18,40,4,62,0,0,20,2,22,0,18,60,6,84,4,0,4,88
10/16/2003,SUX,IA,ACE,CE,Towers with Radar,0,18,37,4,59,0,2,4,2,8,0,20,41,6,67,4,6,10,77
10/17/2003,SUX,IA,ACE,CE,Towers with Radar,0,12,32,0,44,0,0,14,0,14,0,12,46,0,58,2,0,2,60
10/18/2003,SUX,IA,ACE,CE,Towers with Radar,0,9,16,0,25,0,2,16,0,18,0,11,32,0,43,12,0,12,55
10/19/2003,SUX,IA,ACE,CE,Towers with Radar,0,11,20,0,31,0,1,32,0,33,0,12,52,0,64,9,0,9,73
10/20/2003,SUX,IA,ACE,CE,Towers with Radar,0,13,24,0,37,0,4,10,0,14,0,17,34,0,51,6,0,6,57
10/21/2003,SUX,IA,ACE,CE,Towers with Radar,0,15,33,2,50,0,0,15,4,19,0,15,48,6,69,20,28,48,117
10/22/2003,SUX,IA,ACE,CE,Towers with Radar,0,16,29,1,46,0,2,22,0,24,0,18,51,1,70,10,0,10,80
10/23/2003,SUX,IA,ACE,CE,Towers with Radar,0,15,36,3,54,0,0,18,3,21,0,15,54,6,75,6,2,8,83
10/24/2003,SUX,IA,ACE,CE,Towers with Radar,0,15,29,0,44,0,0,12,0,12,0,15,41,0,56,10,0,10,66
10/25/2003,SUX,IA,ACE,CE,Towers with Radar,0,10,17,0,27,0,2,18,0,20,0,12,35,0,47,16,0,16,63
10/26/2003,SUX,IA,ACE,CE,Towers with Radar,0,12,22,0,34,0,5,10,0,15,0,17,32,0,49,10,0,10,59
10/27/2003,SUX,IA,ACE,CE,Towers with Radar,0,17,31,1,49,0,0,9,0,9,0,17,40,1,58,1,0,1,59
10/28/2003,SUX,IA,ACE,CE,Towers with Radar,0,15,29,2,46,0,0,5,1,6,0,15,34,3,52,0,2,2,54
10/29/2003,SUX,IA,ACE,CE,Towers with Radar,0,18,33,2,53,0,3,26,0,29,0,21,59,2,82,12,4,16,98
10/30/2003,SUX,IA,ACE,CE,Towers with Radar,0,16,41,3,60,0,0,13,0,13,0,16,54,3,73,2,2,4,77
10/31/2003,SUX,IA,ACE,CE,Towers with Radar,0,15,27,2,44,0,0,8,1,9,0,15,35,3,53,0,0,0,53
11/01/2003,SUX,IA,ACE,CE,Towers with Radar,0,9,18,0,27,0,3,3,0,6,0,12,21,0,33,16,0,16,49
11/02/2003,SUX,IA,ACE,CE,Towers with Radar,0,13,19,3,35,0,3,0,3,6,0,16,19,6,41,14,14,28,69
11/03/2003,SUX,IA,ACE,CE,Towers with Radar,0,9,19,0,28,0,4,7,0,11,0,13,26,0,39,0,0,0,39
11/04/2003,SUX,IA,ACE,CE,Towers with Radar,0,21,42,7,70,0,0,1,4,5,0,21,43,11,75,10,36,46,121
11/05/2003,SUX,IA,ACE,CE,Towers with Radar,0,17,39,5,61,0,0,3,0,3,0,17,42,5,64,0,4,4,68
11/06/2003,SUX,IA,ACE,CE,Towers with Radar,0,13,39,7,59,0,0,8,3,11,0,13,47,10,70,10,55,65,135
11/07/2003,SUX,IA,ACE,CE,Towers with Radar,0,12,30,5,47,0,0,48,0,48,0,12,78,5,95,18,28,46,141
11/08/2003,SUX,IA,ACE,CE,Towers with Radar,0,10,21,4,35,0,0,36,0,36,0,10,57,4,71,34,2,36,107
11/09/2003,SUX,IA,ACE,CE,Towers with Radar,0,9,19,0,28,0,1,31,0,32,0,10,50,0,60,59,0,59,119
11/10/2003,SUX,IA,ACE,CE,Towers with Radar,0,13,34,4,51,0,0,8,0,8,0,13,42,4,59,0,14,14,73
11/11/2003,SUX,IA,ACE,CE,Towers with Radar,0,15,30,0,45,0,1,47,0,48,0,16,77,0,93,36,0,36,129
11/12/2003,SUX,IA,ACE,CE,Towers with Radar,0,11,28,0,39,0,0,11,0,11,0,11,39,0,50,0,0,0,50
11/13/2003,SUX,IA,ACE,CE,Towers with Radar,0,15,31,5,51,0,0,25,3,28,0,15,56,8,79,24,8,32,111
11/14/2003,SUX,IA,ACE,CE,Towers with Radar,0,13,36,6,55,2,0,9,4,15,2,13,45,10,70,2,0,2,72
11/15/2003,SUX,IA,ACE,CE,Towers with Radar,0,9,21,4,34,0,0,16,4,20,0,9,37,8,54,42,0,42,96
11/16/2003,SUX,IA,ACE,CE,Towers with Radar,0,11,22,3,36,0,3,21,1,25,0,14,43,4,61,16,0,16,77
11/17/2003,SUX,IA,ACE,CE,Towers with Radar,0,13,32,1,46,0,0,16,0,16,0,13,48,1,62,0,0,0,62
11/18/2003,SUX,IA,ACE,CE,Towers with Radar,0,17,35,5,57,0,0,24,0,24,0,17,59,5,81,22,0,22,103
11/19/2003,SUX,IA,ACE,CE,Towers with Radar,0,17,32,1,50,0,0,45,0,45,0,17,77,1,95,20,0,20,115
11/20/2003,SUX,IA,ACE,CE,Towers with Radar,0,21,39,3,63,0,5,17,0,22,0,26,56,3,85,40,10,50,135
11/21/2003,SUX,IA,ACE,CE,Towers with Radar,0,20,38,6,64,0,2,15,4,21,0,22,53,10,85,52,30,82,167
11/22/2003,SUX,IA,ACE,CE,Towers with Radar,0,5,8,1,14,0,4,2,5,11,0,9,10,6,25,10,0,10,35
11/23/2003,SUX,IA,ACE,CE,Towers with Radar,0,5,8,0,13,0,1,6,0,7,0,6,14,0,20,0,0,0,20
11/24/2003,SUX,IA,ACE,CE,Towers with Radar,0,13,25,4,42,0,0,15,0,15,0,13,40,4,57,0,0,0,57
11/25/2003,SUX,IA,ACE,CE,Towers with Radar,0,18,34,5,57,0,3,11,2,16,0,21,45,7,73,12,24,36,109
11/26/2003,SUX,IA,ACE,CE,Towers with Radar,0,16,33,4,53,0,0,24,0,24,0,16,57,4,77,12,20,32,109
11/27/2003,SUX,IA,ACE,CE,Towers with Radar,0,4,6,0,10,0,5,6,0,11,0,9,12,0,21,0,0,0,21
11/28/2003,SUX,IA,ACE,CE,Towers with Radar,0,9,16,0,25,0,0,1,0,1,0,9,17,0,26,2,0,2,28
11/29/2003,SUX,IA,ACE,CE,Towers with Radar,0,9,16,0,25,0,0,25,0,25,0,9,41,0,50,10,0,10,60
11/30/2003,SUX,IA,ACE,CE,Towers with Radar,0,14,27,0,41,0,2,8,0,10,0,16,35,0,51,26,0,26,77
12/01/2003,SUX,IA,ACE,CE,Towers with Radar,0,14,27,2,43,0,4,8,0,12,0,18,35,2,55,4,0,4,59
12/02/2003,SUX,IA,ACE,CE,Towers with Radar,0,16,26,3,45,0,1,0,5,6,0,17,26,8,51,0,12,12,63
12/03/2003,SUX,IA,ACE,CE,Towers with Radar,0,21,31,4,56,0,0,0,1,1,0,21,31,5,57,0,8,8,65
12/04/2003,SUX,IA,ACE,CE,Towers with Radar,0,15,28,0,43,0,0,0,0,0,0,15,28,0,43,0,0,0,43
12/05/2003,SUX,IA,ACE,CE,Towers with Radar,0,15,27,0,42,0,0,0,0,0,0,15,27,0,42,0,0,0,42
12/06/2003,SUX,IA,ACE,CE,Towers with Radar,0,10,11,1,22,0,2,0,0,2,0,12,11,1,24,0,0,0,24
12/07/2003,SUX,IA,ACE,CE,Towers with Radar,0,8,15,0,23,0,6,17,0,23,0,14,32,0,46,34,0,34,80
12/08/2003,SUX,IA,ACE,CE,Towers with Radar,0,14,30,0,44,0,0,7,0,7,0,14,37,0,51,0,0,0,51
12/09/2003,SUX,IA,ACE,CE,Towers with Radar,0,8,16,0,24,0,2,1,0,3,0,10,17,0,27,0,0,0,27
12/10/2003,SUX,IA,ACE,CE,Towers with Radar,0,14,28,2,44,0,0,20,0,20,0,14,48,2,64,10,12,22,86
12/11/2003,SUX,IA,ACE,CE,Towers with Radar,0,17,34,4,55,0,0,8,8,16,0,17,42,12,71,6,26,32,103
12/12/2003,SUX,IA,ACE,CE,Towers with Radar,0,16,36,4,56,0,0,12,0,12,0,16,48,4,68,0,14,14,82
12/13/2003,SUX,IA,ACE,CE,Towers with Radar,0,11,16,0,27,0,4,0,0,4,0,15,16,0,31,14,0,14,45
12/14/2003,SUX,IA,ACE,CE,Towers with Radar,0,6,11,0,17,0,1,0,0,1,0,7,11,0,18,0,0,0,18
12/15/2003,SUX,IA,ACE,CE,Towers with Radar,0,11,23,0,34,0,0,5,0,5,0,11,28,0,39,0,0,0,39
12/16/2003,SUX,IA,ACE,CE,Towers with Radar,0,15,29,2,46,0,0,4,3,7,0,15,33,5,53,0,23,23,76
12/17/2003,SUX,IA,ACE,CE,Towers with Radar,0,14,37,0,51,0,0,139,0,139,0,14,176,0,190,50,0,50,240
12/18/2003,SUX,IA,ACE,CE,Towers with Radar,0,17,42,3,62,0,0,28,4,32,0,17,70,7,94,6,14,20,114
12/19/2003,SUX,IA,ACE,CE,Towers with Radar,0,14,35,0,49,0,0,24,0,24,0,14,59,0,73,34,0,34,107
12/20/2003,SUX,IA,ACE,CE,Towers with Radar,0,10,18,1,29,0,0,27,3,30,0,10,45,4,59,22,8,30,89
12/21/2003,SUX,IA,ACE,CE,Towers with Radar,0,10,17,0,27,0,5,27,0,32,0,15,44,0,59,34,0,34,93
12/22/2003,SUX,IA,ACE,CE,Towers with Radar,0,14,23,0,37,0,1,11,0,12,0,15,34,0,49,6,0,6,55
12/23/2003,SUX,IA,ACE,CE,Towers with Radar,0,13,28,2,43,0,0,22,2,24,0,13,50,4,67,2,0,2,69
12/24/2003,SUX,IA,ACE,CE,Towers with Radar,0,11,19,1,31,0,3,21,1,25,0,14,40,2,56,74,34,108,164
12/25/2003,SUX,IA,ACE,CE,Towers with Radar,0,6,10,0,16,0,4,8,0,12,0,10,18,0,28,12,0,12,40
12/26/2003,SUX,IA,ACE,CE,Towers with Radar,0,15,25,0,40,0,0,21,0,21,0,15,46,0,61,10,0,10,71
12/27/2003,SUX,IA,ACE,CE,Towers with Radar,0,11,18,0,29,0,2,4,0,6,0,13,22,0,35,16,0,16,51
12/28/2003,SUX,IA,ACE,CE,Towers with Radar,0,10,16,0,26,0,4,7,0,11,0,14,23,0,37,4,0,4,41
12/29/2003,SUX,IA,ACE,CE,Towers with Radar,0,14,25,0,39,0,1,9,0,10,0,15,34,0,49,14,0,14,63
12/30/2003,SUX,IA,ACE,CE,Towers with Radar,0,11,30,2,43,0,0,36,5,41,0,11,66,7,84,8,16,24,108
12/31/2003,SUX,IA,ACE,CE,Towers with Radar,0,13,23,0,36,0,2,24,0,26,0,15,47,0,62,12,0,12,74
01/01/2004,SUX,IA,ACE,CE,Towers with Radar,0,8,16,2,26,0,5,17,0,22,0,13,33,2,48,54,4,58,106
01/02/2004,SUX,IA,ACE,CE,Towers with Radar,0,10,19,2,31,0,3,28,0,31,0,13,47,2,62,14,4,18,80
01/03/2004,SUX,IA,ACE,CE,Towers with Radar,0,11,20,0,31,0,5,8,0,13,0,16,28,0,44,28,0,28,72
01/04/2004,SUX,IA,ACE,CE,Towers with Radar,0,5,1,0,6,0,8,0,0,8,0,13,1,0,14,0,0,0,14
01/05/2004,SUX,IA,ACE,CE,Towers with Radar,0,10,19,0,29,0,5,7,0,12,0,15,26,0,41,4,0,4,45
01/06/2004,SUX,IA,ACE,CE,Towers with Radar,0,12,23,3,38,0,3,11,0,14,0,15,34,3,52,16,0,16,68
01/07/2004,SUX,IA,ACE,CE,Towers with Radar,0,18,34,5,57,0,1,14,3,18,0,19,48,8,75,0,8,8,83
01/08/2004,SUX,IA,ACE,CE,Towers with Radar,0,17,36,3,56,0,0,0,0,0,0,17,36,3,56,6,4,10,66
01/09/2004,SUX,IA,ACE,CE,Towers with Radar,0,19,32,3,54,0,0,0,0,0,0,19,32,3,54,0,16,16,70
01/10/2004,SUX,IA,ACE,CE,Towers with Radar,0,2,9,0,11,0,0,0,0,0,0,2,9,0,11,0,0,0,11
01/11/2004,SUX,IA,ACE,CE,Towers with Radar,0,11,27,4,42,0,0,27,0,27,0,11,54,4,69,36,0,36,105
01/12/2004,SUX,IA,ACE,CE,Towers with Radar,0,15,29,0,44,0,0,21,0,21,0,15,50,0,65,16,0,16,81
01/13/2004,SUX,IA,ACE,CE,Towers with Radar,0,16,35,6,57,0,0,0,5,5,0,16,35,11,62,4,32,36,98
01/14/2004,SUX,IA,ACE,CE,Towers with Radar,0,15,37,5,57,0,0,11,1,12,0,15,48,6,69,0,34,34,103
01/15/2004,SUX,IA,ACE,CE,Towers with Radar,0,22,17,0,39,19,39,0,0,58,19,61,17,0,97,8,44,52,149
01/16/2004,SUX,IA,ACE,CE,Towers with Radar,0,16,29,0,45,0,0,7,0,7,0,16,36,0,52,0,0,0,52
01/17/2004,SUX,IA,ACE,CE,Towers with Radar,0,9,20,0,29,0,0,9,0,9,0,9,29,0,38,6,0,6,44
01/18/2004,SUX,IA,ACE,CE,Towers with Radar,0,11,20,0,31,0,7,19,0,26,0,18,39,0,57,49,0,49,106
01/19/2004,SUX,IA,ACE,CE,Towers with Radar,0,15,27,0,42,0,0,23,0,23,0,15,50,0,65,0,0,0,65
01/20/2004,SUX,IA,ACE,CE,Towers with Radar,0,11,27,3,41,0,0,4,2,6,0,11,31,5,47,0,4,4,51
01/21/2004,SUX,IA,ACE,CE,Towers with Radar,0,18,34,3,55,0,0,24,0,24,0,18,58,3,79,4,0,4,83
01/22/2004,SUX,IA,ACE,CE,Towers with Radar,0,15,35,4,54,0,0,36,0,36,0,15,71,4,90,0,8,8,98
01/23/2004,SUX,IA,ACE,CE,Towers with Radar,0,15,26,3,44,0,0,11,1,12,0,15,37,4,56,0,12,12,68
01/24/2004,SUX,IA,ACE,CE,Towers with Radar,0,7,25,0,32,0,0,20,0,20,0,7,45,0,52,38,0,38,90
01/25/2004,SUX,IA,ACE,CE,Towers with Radar,0,8,13,0,21,0,7,2,0,9,0,15,15,0,30,0,0,0,30
01/26/2004,SUX,IA,ACE,CE,Towers with Radar,0,11,15,0,26,0,5,0,0,5,0,16,15,0,31,0,0,0,31
01/27/2004,SUX,IA,ACE,CE,Towers with Radar,0,14,24,3,41,0,1,11,0,12,0,15,35,3,53,0,0,0,53
01/28/2004,SUX,IA,ACE,CE,Towers with Radar,0,18,30,2,50,0,0,12,0,12,0,18,42,2,62,2,10,12,74
01/29/2004,SUX,IA,ACE,CE,Towers with Radar,0,17,36,4,57,0,0,3,6,9,0,17,39,10,66,0,0,0,66
01/30/2004,SUX,IA,ACE,CE,Towers with Radar,0,15,28,4,47,0,0,0,0,0,0,15,28,4,47,4,0,4,51
01/31/2004,SUX,IA,ACE,CE,Towers with Radar,0,11,17,2,30,0,1,0,0,1,0,12,17,2,31,0,0,0,31
02/01/2004,SUX,IA,ACE,CE,Towers with Radar,0,4,8,0,12,0,5,2,0,7,0,9,10,0,19,0,0,0,19
02/02/2004,SUX,IA,ACE,CE,Towers with Radar,0,12,22,1,35,0,1,7,0,8,0,13,29,1,43,0,0,0,43
02/03/2004,SUX,IA,ACE,CE,Towers with Radar,0,19,34,5,58,2,0,0,11,13,2,19,34,16,71,0,14,14,85
02/04/2004,SUX,IA,ACE,CE,Towers with Radar,0,14,27,0,41,0,1,1,0,2,0,15,28,0,43,0,0,0,43
02/05/2004,SUX,IA,ACE,CE,Towers with Radar,0,10,19,0,29,0,4,0,0,4,0,14,19,0,33,0,0,0,33
02/06/2004,SUX,IA,ACE,CE,Towers with Radar,0,10,17,0,27,0,8,0,0,8,0,18,17,0,35,0,0,0,35
02/07/2004,SUX,IA,ACE,CE,Towers with Radar,0,8,18,2,28,0,0,10,3,13,0,8,28,5,41,16,2,18,59
02/08/2004,SUX,IA,ACE,CE,Towers with Radar,0,8,10,2,20,0,6,0,3,9,0,14,10,5,29,2,0,2,31
02/09/2004,SUX,IA,ACE,CE,Towers with Radar,0,15,33,6,54,0,0,3,7,10,0,15,36,13,64,14,28,42,106
02/10/2004,SUX,IA,ACE,CE,Towers with Radar,0,14,34,4,52,0,0,8,0,8,0,14,42,4,60,18,14,32,92
02/11/2004,SUX,IA,ACE,CE,Towers with Radar,0,10,27,4,41,0,0,2,1,3,0,10,29,5,44,0,0,0,44
02/12/2004,SUX,IA,ACE,CE,Towers with Radar,0,15,37,6,58,0,0,6,10,16,0,15,43,16,74,6,36,42,116
02/13/2004,SUX,IA,ACE,CE,Towers with Radar,0,11,21,3,35,0,3,16,0,19,0,14,37,3,54,24,20,44,98
02/14/2004,SUX,IA,ACE,CE,Towers with Radar,0,3,7,0,10,0,6,14,2,22,0,9,21,2,32,52,0,52,84
02/15/2004,SUX,IA,ACE,CE,Towers with Radar,0,7,14,1,22,0,7,4,0,11,0,14,18,1,33,12,0,12,45
02/16/2004,SUX,IA,ACE,CE,Towers with Radar,0,14,28,0,42,0,0,31,0,31,0,14,59,0,73,26,0,26,99
02/17/2004,SUX,IA,ACE,CE,Towers with Radar,0,14,29,3,46,0,0,10,0,10,0,14,39,3,56,2,2,4,60
02/18/2004,SUX,IA,ACE,CE,Towers with Radar,0,15,44,6,65,0,0,19,0,19,0,15,63,6,84,34,32,66,150
02/19/2004,SUX,IA,ACE,CE,Towers with Radar,0,13,27,4,44,0,0,3,0,3,0,13,30,4,47,0,0,0,47
02/20/2004,SUX,IA,ACE,CE,Towers with Radar,0,13,27,5,45,0,0,5,6,11,0,13,32,11,56,22,32,54,110
02/21/2004,SUX,IA,ACE,CE,Towers with Radar,0,9,20,2,31,0,0,47,0,47,0,9,67,2,78,66,2,68,146
02/22/2004,SUX,IA,ACE,CE,Towers with Radar,0,8,12,0,20,0,4,0,0,4,0,12,12,0,24,56,2,58,82
02/23/2004,SUX,IA,ACE,CE,Towers with Radar,0,16,34,4,54,0,0,15,0,15,0,16,49,4,69,2,0,2,71
02/24/2004,SUX,IA,ACE,CE,Towers with Radar,0,14,40,0,54,0,0,13,0,13,0,14,53,0,67,56,0,56,123
02/25/2004,SUX,IA,ACE,CE,Towers with Radar,0,13,31,2,46,0,0,2,0,2,0,13,33,2,48,62,0,62,110
02/26/2004,SUX,IA,ACE,CE,Towers with Radar,0,16,38,6,60,0,0,38,0,38,0,16,76,6,98,46,8,54,152
02/27/2004,SUX,IA,ACE,CE,Towers with Radar,0,17,30,5,52,0,6,6,2,14,0,23,36,7,66,4,2,6,72
02/28/2004,SUX,IA,ACE,CE,Towers with Radar,0,7,15,1,23,0,0,21,0,21,0,7,36,1,44,56,0,56,100
02/29/2004,SUX,IA,ACE,CE,Towers with Radar,0,10,17,0,27,0,1,8,0,9,0,11,25,0,36,4,0,4,40
03/01/2004,SUX,IA,ACE,CE,Towers with Radar,0,14,23,4,41,0,6,0,2,8,0,20,23,6,49,0,4,4,53
03/02/2004,SUX,IA,ACE,CE,Towers with Radar,0,18,41,3,62,0,0,9,0,9,0,18,50,3,71,4,18,22,93
03/03/2004,SUX,IA,ACE,CE,Towers with Radar,0,11,19,1,31,0,2,0,0,2,0,13,19,1,33,0,0,0,33
03/04/2004,SUX,IA,ACE,CE,Towers with Radar,1,15,25,6,47,1,0,0,4,5,2,15,25,10,52,0,0,0,52
03/05/2004,SUX,IA,ACE,CE,Towers with Radar,0,11,21,0,32,0,0,2,0,2,0,11,23,0,34,0,0,0,34
03/06/2004,SUX,IA,ACE,CE,Towers with Radar,0,7,13,1,21,0,3,13,0,16,0,10,26,1,37,10,0,10,47
03/07/2004,SUX,IA,ACE,CE,Towers with Radar,0,7,13,1,21,0,5,3,0,8,0,12,16,1,29,0,0,0,29
03/08/2004,SUX,IA,ACE,CE,Towers with Radar,0,13,23,0,36,2,0,31,0,33,2,13,54,0,69,0,0,0,69
03/09/2004,SUX,IA,ACE,CE,Towers with Radar,0,18,33,7,58,0,0,43,0,43,0,18,76,7,101,28,0,28,129
03/10/2004,SUX,IA,ACE,CE,Towers with Radar,0,17,32,3,52,0,0,6,0,6,0,17,38,3,58,18,4,22,80
03/11/2004,SUX,IA,ACE,CE,Towers with Radar,0,16,28,3,47,0,1,14,0,15,0,17,42,3,62,14,14,28,90
03/12/2004,SUX,IA,ACE,CE,Towers with Radar,0,18,31,2,51,0,2,40,0,42,0,20,71,2,93,40,0,40,133
03/13/2004,SUX,IA,ACE,CE,Towers with Radar,0,9,17,1,27,0,4,0,0,4,0,13,17,1,31,2,0,2,33
03/14/2004,SUX,IA,ACE,CE,Towers with Radar,0,8,12,0,20,0,4,18,0,22,0,12,30,0,42,4,0,4,46
03/15/2004,SUX,IA,ACE,CE,Towers with Radar,0,8,12,0,20,0,2,0,0,2,0,10,12,0,22,0,0,0,22
03/16/2004,SUX,IA,ACE,CE,Towers with Radar,0,13,27,0,40,0,0,14,0,14,0,13,41,0,54,0,0,0,54
03/17/2004,SUX,IA,ACE,CE,Towers with Radar,0,19,32,5,56,0,0,21,0,21,0,19,53,5,77,2,18,20,97
03/18/2004,SUX,IA,ACE,CE,Towers with Radar,0,17,36,7,60,0,0,53,1,54,0,17,89,8,114,42,22,64,178
03/19/2004,SUX,IA,ACE,CE,Towers with Radar,0,16,26,4,46,0,0,38,0,38,0,16,64,4,84,18,24,42,126
03/20/2004,SUX,IA,ACE,CE,Towers with Radar,0,7,12,0,19,0,0,12,0,12,0,7,24,0,31,6,0,6,37
03/21/2004,SUX,IA,ACE,CE,Towers with Radar,0,10,16,2,28,0,6,35,0,41,0,16,51,2,69,44,0,44,113
03/22/2004,SUX,IA,ACE,CE,Towers with Radar,0,16,37,8,61,0,0,29,3,32,0,16,66,11,93,6,44,50,143
03/23/2004,SUX,IA,ACE,CE,Towers with Radar,0,16,26,2,44,0,0,8,0,8,0,16,34,2,52,34,0,34,86
03/24/2004,SUX,IA,ACE,CE,Towers with Radar,0,15,34,6,55,0,0,29,0,29,0,15,63,6,84,14,30,44,128
03/25/2004,SUX,IA,ACE,CE,Towers with Radar,0,15,33,6,54,0,0,13,1,14,0,15,46,7,68,8,8,16,84
03/26/2004,SUX,IA,ACE,CE,Towers with Radar,0,15,34,7,56,0,0,11,17,28,0,15,45,24,84,4,40,44,128
03/27/2004,SUX,IA,ACE,CE,Towers with Radar,0,5,4,0,9,0,2,0,0,2,0,7,4,0,11,0,0,0,11
03/28/2004,SUX,IA,ACE,CE,Towers with Radar,0,9,14,0,23,0,7,9,0,16,0,16,23,0,39,8,0,8,47
03/29/2004,SUX,IA,ACE,CE,Towers with Radar,0,15,25,0,40,0,0,22,0,22,0,15,47,0,62,4,0,4,66
03/30/2004,SUX,IA,ACE,CE,Towers with Radar,0,15,33,2,50,0,0,33,0,33,0,15,66,2,83,26,0,26,109
03/31/2004,SUX,IA,ACE,CE,Towers with Radar,0,19,32,4,55,0,0,37,0,37,0,19,69,4,92,8,0,8,100
04/01/2004,SUX,IA,ACE,CE,Towers with Radar,0,13,25,2,40,0,4,38,0,42,0,17,63,2,82,20,2,22,104
04/02/2004,SUX,IA,ACE,CE,Towers with Radar,0,15,28,7,50,0,1,38,0,39,0,16,66,7,89,26,4,30,119
04/03/2004,SUX,IA,ACE,CE,Towers with Radar,0,7,14,3,24,0,1,15,1,17,0,8,29,4,41,0,30,30,71
04/04/2004,SUX,IA,ACE,CE,Towers with Radar,0,8,17,0,25,0,5,67,0,72,0,13,84,0,97,34,0,34,131
04/05/2004,SUX,IA,ACE,CE,Towers with Radar,0,15,30,7,52,0,0,18,3,21,0,15,48,10,73,10,0,10,83
04/06/2004,SUX,IA,ACE,CE,Towers with Radar,0,19,38,8,65,0,2,36,0,38,0,21,74,8,103,12,40,52,155
04/07/2004,SUX,IA,ACE,CE,Towers with Radar,0,11,23,6,40,0,3,25,2,30,0,14,48,8,70,6,4,10,80
04/08/2004,SUX,IA,ACE,CE,Towers with Radar,0,13,27,3,43,0,4,24,0,28,0,17,51,3,71,6,16,22,93
04/09/2004,SUX,IA,ACE,CE,Towers with Radar,0,11,25,7,43,0,0,12,3,15,0,11,37,10,58,4,36,40,98
04/10/2004,SUX,IA,ACE,CE,Towers with Radar,0,5,12,0,17,0,6,23,0,29,0,11,35,0,46,14,0,14,60
04/11/2004,SUX,IA,ACE,CE,Towers with Radar,0,7,14,0,21,0,5,12,0,17,0,12,26,0,38,14,0,14,52
04/12/2004,SUX,IA,ACE,CE,Towers with Radar,0,13,30,7,50,0,0,31,8,39,0,13,61,15,89,32,12,44,133
04/13/2004,SUX,IA,ACE,CE,Towers with Radar,0,14,31,8,53,0,0,18,6,24,0,14,49,14,77,10,16,26,103
04/14/2004,SUX,IA,ACE,CE,Towers with Radar,0,13,35,9,57,0,0,7,1,8,0,13,42,10,65,4,4,8,73
04/15/2004,SUX,IA,ACE,CE,Towers with Radar,0,17,33,7,57,0,2,37,0,39,0,19,70,7,96,40,16,56,152
04/16/2004,SUX,IA,ACE,CE,Towers with Radar,0,13,26,6,45,0,2,32,13,47,0,15,58,19,92,26,20,46,138
04/17/2004,SUX,IA,ACE,CE,Towers with Radar,0,6,13,2,21,0,2,19,0,21,0,8,32,2,42,18,0,18,60
04/18/2004,SUX,IA,ACE,CE,Towers with Radar,0,6,12,0,18,0,7,6,0,13,0,13,18,0,31,2,0,2,33
04/19/2004,SUX,IA,ACE,CE,Towers with Radar,0,16,36,0,52,0,0,37,0,37,0,16,73,0,89,12,0,12,101
04/20/2004,SUX,IA,ACE,CE,Towers with Radar,0,19,43,12,74,0,0,22,0,22,0,19,65,12,96,10,8,18,114
04/21/2004,SUX,IA,ACE,CE,Towers with Radar,0,15,36,6,57,0,0,38,0,38,0,15,74,6,95,14,20,34,129
04/22/2004,SUX,IA,ACE,CE,Towers with Radar,0,14,28,7,49,0,0,37,0,37,0,14,65,7,86,4,20,24,110
04/23/2004,SUX,IA,ACE,CE,Towers with Radar,0,17,36,9,62,0,0,31,5,36,0,17,67,14,98,36,53,89,187
04/24/2004,SUX,IA,ACE,CE,Towers with Radar,0,9,16,0,25,0,1,7,0,8,0,10,23,0,33,6,0,6,39
04/25/2004,SUX,IA,ACE,CE,Towers with Radar,0,10,18,3,31,0,4,2,0,6,0,14,20,3,37,6,10,16,53
04/26/2004,SUX,IA,ACE,CE,Towers with Radar,0,12,21,5,38,0,3,25,6,34,0,15,46,11,72,6,8,14,86
04/27/2004,SUX,IA,ACE,CE,Towers with Radar,0,13,32,7,52,0,0,36,0,36,0,13,68,7,88,24,6,30,118
04/28/2004,SUX,IA,ACE,CE,Towers with Radar,0,13,31,6,50,0,0,15,0,15,0,13,46,6,65,0,4,4,69
04/29/2004,SUX,IA,ACE,CE,Towers with Radar,0,14,35,9,58,0,0,10,12,22,0,14,45,21,80,26,32,58,138
04/30/2004,SUX,IA,ACE,CE,Towers with Radar,0,15,33,9,57,0,0,21,8,29,0,15,54,17,86,10,42,52,138
05/01/2004,SUX,IA,ACE,CE,Towers with Radar,0,10,16,5,31,0,1,0,10,11,0,11,16,15,42,20,20,40,82
05/02/2004,SUX,IA,ACE,CE,Towers with Radar,0,8,18,0,26,0,4,6,0,10,0,12,24,0,36,10,0,10,46
05/03/2004,SUX,IA,ACE,CE,Towers with Radar,0,9,21,1,31,0,4,19,0,23,0,13,40,1,54,0,10,10,64
05/04/2004,SUX,IA,ACE,CE,Towers with Radar,0,19,41,10,70,0,0,40,9,49,0,19,81,19,119,30,44,74,193
05/05/2004,SUX,IA,ACE,CE,Towers with Radar,0,13,29,0,42,0,1,22,0,23,0,14,51,0,65,14,0,14,79
05/06/2004,SUX,IA,ACE,CE,Towers with Radar,0,13,28,4,45,0,3,29,0,32,0,16,57,4,77,4,0,4,81
05/07/2004,SUX,IA,ACE,CE,Towers with Radar,0,13,32,7,52,0,0,17,0,17,0,13,49,7,69,0,14,14,83
05/08/2004,SUX,IA,ACE,CE,Towers with Radar,0,10,23,4,37,0,3,30,0,33,0,13,53,4,70,40,0,40,110
05/09/2004,SUX,IA,ACE,CE,Towers with Radar,0,10,21,2,33,0,2,0,0,2,0,12,21,2,35,10,0,10,45
05/10/2004,SUX,IA,ACE,CE,Towers with Radar,0,14,30,4,48,0,5,22,0,27,0,19,52,4,75,14,0,14,89
05/11/2004,SUX,IA,ACE,CE,Towers with Radar,0,15,29,2,46,0,1,0,0,1,0,16,29,2,47,0,0,0,47
05/12/2004,SUX,IA,ACE,CE,Towers with Radar,0,20,43,11,74,0,1,26,2,29,0,21,69,13,103,6,6,12,115
05/13/2004,SUX,IA,ACE,CE,Towers with Radar,0,17,36,10,63,0,0,0,25,25,0,17,36,35,88,8,6,14,102
05/14/2004,SUX,IA,ACE,CE,Towers with Radar,0,18,30,9,57,0,2,0,10,12,0,20,30,19,69,6,0,6,75
05/15/2004,SUX,IA,ACE,CE,Towers with Radar,0,10,23,0,33,0,0,37,0,37,0,10,60,0,70,6,0,6,76
05/16/2004,SUX,IA,ACE,CE,Towers with Radar,0,11,23,0,34,0,3,14,0,17,0,14,37,0,51,6,0,6,57
05/17/2004,SUX,IA,ACE,CE,Towers with Radar,0,14,33,3,50,0,0,14,0,14,0,14,47,3,64,2,0,2,66
05/18/2004,SUX,IA,ACE,CE,Towers with Radar,0,14,43,10,67,0,0,23,13,36,0,14,66,23,103,36,14,50,153
05/19/2004,SUX,IA,ACE,CE,Towers with Radar,0,14,38,9,61,0,0,11,0,11,0,14,49,9,72,0,4,4,76
05/20/2004,SUX,IA,ACE,CE,Towers with Radar,0,15,38,10,63,0,0,29,6,35,0,15,67,16,98,6,16,22,120
05/21/2004,SUX,IA,ACE,CE,Towers with Radar,0,17,35,1,53,0,0,21,0,21,0,17,56,1,74,22,0,22,96
05/22/2004,SUX,IA,ACE,CE,Towers with Radar,0,7,12,0,19,0,6,15,0,21,0,13,27,0,40,6,0,6,46
05/23/2004,SUX,IA,ACE,CE,Towers with Radar,0,11,20,0,31,0,0,11,0,11,0,11,31,0,42,6,0,6,48
05/24/2004,SUX,IA,ACE,CE,Towers with Radar,0,16,39,2,57,0,0,22,0,22,0,16,61,2,79,0,0,0,79
05/25/2004,SUX,IA,ACE,CE,Towers with Radar,0,17,34,8,59,0,0,34,0,34,0,17,68,8,93,18,20,38,131
05/26/2004,SUX,IA,ACE,CE,Towers with Radar,0,18,48,14,80,0,0,0,26,26,0,18,48,40,106,18,10,28,134
05/27/2004,SUX,IA,ACE,CE,Towers with Radar,0,20,39,9,68,0,0,22,7,29,0,20,61,16,97,14,30,44,141
05/28/2004,SUX,IA,ACE,CE,Towers with Radar,0,14,39,7,60,0,0,29,0,29,0,14,68,7,89,6,4,10,99
05/29/2004,SUX,IA,ACE,CE,Towers with Radar,0,7,13,0,20,0,7,2,0,9,0,14,15,0,29,8,0,8,37
05/30/2004,SUX,IA,ACE,CE,Towers with Radar,0,6,8,0,14,0,5,0,0,5,0,11,8,0,19,3,0,3,22
05/31/2004,SUX,IA,ACE,CE,Towers with Radar,0,9,18,0,27,0,6,6,0,12,0,15,24,0,39,0,0,0,39
06/01/2004,SUX,IA,ACE,CE,Towers with Radar,0,14,30,4,48,0,0,8,6,14,0,14,38,10,62,6,6,12,74
06/02/2004,SUX,IA,ACE,CE,Towers with Radar,0,13,42,2,57,0,0,9,0,9,0,13,51,2,66,2,0,2,68
06/03/2004,SUX,IA,ACE,CE,Towers with Radar,0,15,35,7,57,0,0,29,5,34,0,15,64,12,91,18,10,28,119
06/04/2004,SUX,IA,ACE,CE,Towers with Radar,0,12,26,6,44,0,6,14,0,20,0,18,40,6,64,32,0,32,96
06/05/2004,SUX,IA,ACE,CE,Towers with Radar,0,11,24,5,40,0,4,28,4,36,0,15,52,9,76,10,0,10,86
06/06/2004,SUX,IA,ACE,CE,Towers with Radar,0,9,22,4,35,0,5,28,0,33,0,14,50,4,68,10,0,10,78
06/07/2004,SUX,IA,ACE,CE,Towers with Radar,0,12,28,1,41,0,2,8,0,10,0,14,36,1,51,6,0,6,57
06/08/2004,SUX,IA,ACE,CE,Towers with Radar,0,16,40,8,64,0,0,3,14,17,0,16,43,22,81,10,24,34,115
06/09/2004,SUX,IA,ACE,CE,Towers with Radar,0,12,33,6,51,0,0,11,15,26,0,12,44,21,77,6,38,44,121
06/10/2004,SUX,IA,ACE,CE,Towers with Radar,0,15,35,6,56,0,0,14,0,14,0,15,49,6,70,14,8,22,92
06/11/2004,SUX,IA,ACE,CE,Towers with Radar,0,9,22,0,31,0,8,7,0,15,0,17,29,0,46,20,0,20,66
06/12/2004,SUX,IA,ACE,CE,Towers with Radar,0,9,21,0,30,0,6,14,0,20,0,15,35,0,50,4,0,4,54
06/13/2004,SUX,IA,ACE,CE,Towers with Radar,0,10,19,0,29,0,7,12,0,19,0,17,31,0,48,8,0,8,56
06/14/2004,SUX,IA,ACE,CE,Towers with Radar,0,16,34,3,53,0,0,57,0,57,0,16,91,3,110,20,0,20,130
06/15/2004,SUX,IA,ACE,CE,Towers with Radar,0,14,33,2,49,0,0,28,0,28,0,14,61,2,77,12,0,12,89
06/16/2004,SUX,IA,ACE,CE,Towers with Radar,0,10,23,0,33,0,0,13,0,13,0,10,36,0,46,0,0,0,46
06/17/2004,SUX,IA,ACE,CE,Towers with Radar,0,13,34,3,50,0,0,45,0,45,0,13,79,3,95,16,0,16,111
06/18/2004,SUX,IA,ACE,CE,Towers with Radar,0,14,27,4,45,0,7,12,0,19,0,21,39,4,64,0,0,0,64
06/19/2004,SUX,IA,ACE,CE,Towers with Radar,0,9,25,0,34,0,0,41,0,41,0,9,66,0,75,4,0,4,79
06/20/2004,SUX,IA,ACE,CE,Towers with Radar,0,11,22,0,33,0,5,10,0,15,0,16,32,0,48,0,0,0,48
06/21/2004,SUX,IA,ACE,CE,Towers with Radar,0,15,30,0,45,0,4,25,0,29,0,19,55,0,74,0,0,0,74
06/22/2004,SUX,IA,ACE,CE,Towers with Radar,0,18,37,7,62,0,0,39,1,40,0,18,76,8,102,8,10,18,120
06/23/2004,SUX,IA,ACE,CE,Towers with Radar,0,17,33,7,57,0,0,30,15,45,0,17,63,22,102,10,0,10,112
06/24/2004,SUX,IA,ACE,CE,Towers with Radar,0,13,52,11,76,0,0,34,24,58,0,13,86,35,134,4,6,10,144
06/25/2004,SUX,IA,ACE,CE,Towers with Radar,0,16,31,7,54,0,0,26,4,30,0,16,57,11,84,2,12,14,98
06/26/2004,SUX,IA,ACE,CE,Towers with Radar,0,10,18,0,28,0,0,20,0,20,0,10,38,0,48,6,0,6,54
06/27/2004,SUX,IA,ACE,CE,Towers with Radar,0,13,25,0,38,0,0,20,0,20,0,13,45,0,58,0,0,0,58
06/28/2004,SUX,IA,ACE,CE,Towers with Radar,0,14,37,7,58,0,0,29,9,38,0,14,66,16,96,12,28,40,136
06/29/2004,SUX,IA,ACE,CE,Towers with Radar,0,16,39,8,63,0,0,43,4,47,0,16,82,12,110,28,10,38,148
06/30/2004,SUX,IA,ACE,CE,Towers with Radar,0,14,30,5,49,0,0,32,3,35,0,14,62,8,84,10,4,14,98
07/01/2004,SUX,IA,ACE,CE,Towers with Radar,0,16,43,0,59,0,0,43,0,43,0,16,86,0,102,22,0,22,124
07/02/2004,SUX,IA,ACE,CE,Towers with Radar,0,11,26,0,37,0,2,7,0,9,0,13,33,0,46,0,0,0,46
07/03/2004,SUX,IA,ACE,CE,Towers with Radar,0,7,17,0,24,0,3,17,0,20,0,10,34,0,44,8,0,8,52
07/04/2004,SUX,IA,ACE,CE,Towers with Radar,0,4,10,0,14,0,6,25,0,31,0,10,35,0,45,46,0,46,91
07/05/2004,SUX,IA,ACE,CE,Towers with Radar,0,8,19,0,27,0,5,3,0,8,0,13,22,0,35,2,0,2,37
07/06/2004,SUX,IA,ACE,CE,Towers with Radar,0,14,38,8,60,0,0,24,0,24,0,14,62,8,84,0,12,12,96
07/07/2004,SUX,IA,ACE,CE,Towers with Radar,0,18,40,12,70,0,0,25,14,39,0,18,65,26,109,12,18,30,139
07/08/2004,SUX,IA,ACE,CE,Towers with Radar,0,15,45,14,74,0,0,13,3,16,0,15,58,17,90,20,10,30,120
07/09/2004,SUX,IA,ACE,CE,Towers with Radar,0,18,53,15,86,0,0,2,11,13,0,18,55,26,99,14,10,24,123
07/10/2004,SUX,IA,ACE,CE,Towers with Radar,0,8,19,6,33,0,4,10,1,15,0,12,29,7,48,8,6,14,62
07/11/2004,SUX,IA,ACE,CE,Towers with Radar,0,11,25,3,39,0,2,2,0,4,0,13,27,3,43,44,0,44,87
07/12/2004,SUX,IA,ACE,CE,Towers with Radar,0,12,28,0,40,0,5,17,0,22,0,17,45,0,62,2,0,2,64
07/13/2004,SUX,IA,ACE,CE,Towers with Radar,0,14,33,9,56,2,1,31,1,35,2,15,64,10,91,20,14,34,125
07/14/2004,SUX,IA,ACE,CE,Towers with Radar,0,12,35,9,56,0,0,39,4,43,0,12,74,13,99,26,8,34,133
07/15/2004,SUX,IA,ACE,CE,Towers with Radar,0,16,39,12,67,0,0,22,4,26,0,16,61,16,93,24,44,68,161
07/16/2004,SUX,IA,ACE,CE,Towers with Radar,0,17,37,4,58,0,4,27,0,31,0,21,64,4,89,8,0,8,97
07/17/2004,SUX,IA,ACE,CE,Towers with Radar,0,8,14,0,22,0,5,0,0,5,0,13,14,0,27,12,0,12,39
07/18/2004,SUX,IA,ACE,CE,Towers with Radar,0,9,18,1,28,0,5,154,0,159,0,14,172,1,187,36,0,36,223
07/19/2004,SUX,IA,ACE,CE,Towers with Radar,0,17,36,11,64,0,1,24,1,26,0,18,60,12,90,6,26,32,122
07/20/2004,SUX,IA,ACE,CE,Towers with Radar,0,17,36,11,64,0,0,4,10,14,0,17,40,21,78,24,18,42,120
07/21/2004,SUX,IA,ACE,CE,Towers with Radar,0,16,34,9,59,0,0,18,5,23,0,16,52,14,82,0,8,8,90
07/22/2004,SUX,IA,ACE,CE,Towers with Radar,0,13,37,11,61,0,0,23,1,24,0,13,60,12,85,8,10,18,103
07/23/2004,SUX,IA,ACE,CE,Towers with Radar,0,16,55,17,88,0,0,30,28,58,0,16,85,45,146,20,0,20,166
07/24/2004,SUX,IA,ACE,CE,Towers with Radar,0,13,34,0,47,2,0,35,0,37,2,13,69,0,84,14,0,14,98
07/25/2004,SUX,IA,ACE,CE,Towers with Radar,0,11,24,2,37,0,6,46,0,52,0,17,70,2,89,30,0,30,119
07/26/2004,SUX,IA,ACE,CE,Towers with Radar,0,13,27,2,42,0,3,44,0,47,0,16,71,2,89,6,0,6,95
07/27/2004,SUX,IA,ACE,CE,Towers with Radar,0,18,38,11,67,0,1,24,10,35,0,19,62,21,102,4,2,6,108
07/28/2004,SUX,IA,ACE,CE,Towers with Radar,0,17,45,12,74,0,0,12,0,12,0,17,57,12,86,0,12,12,98
07/29/2004,SUX,IA,ACE,CE,Towers with Radar,0,20,47,13,80,0,0,28,25,53,0,20,75,38,133,16,25,41,174
07/30/2004,SUX,IA,ACE,CE,Towers with Radar,0,14,37,12,63,0,0,0,3,3,0,14,37,15,66,0,9,9,75
07/31/2004,SUX,IA,ACE,CE,Towers with Radar,0,9,18,0,27,0,0,32,0,32,0,9,50,0,59,12,0,12,71
08/01/2004,SUX,IA,ACE,CE,Towers with Radar,0,10,25,0,35,0,6,13,0,19,0,16,38,0,54,0,0,0,54
08/02/2004,SUX,IA,ACE,CE,Towers with Radar,0,12,29,3,44,0,1,40,0,41,0,13,69,3,85,14,0,14,99
08/03/2004,SUX,IA,ACE,CE,Towers with Radar,0,12,33,3,48,0,0,5,0,5,0,12,38,3,53,4,0,4,57
08/04/2004,SUX,IA,ACE,CE,Towers with Radar,0,19,51,11,81,0,0,21,19,40,0,19,72,30,121,0,16,16,137
08/05/2004,SUX,IA,ACE,CE,Towers with Radar,0,15,39,8,62,0,0,48,0,48,0,15,87,8,110,52,6,58,168
08/06/2004,SUX,IA,ACE,CE,Towers with Radar,0,14,35,4,53,0,4,18,0,22,0,18,53,4,75,10,13,23,98
08/07/2004,SUX,IA,ACE,CE,Towers with Radar,0,8,21,0,29,0,2,34,0,36,0,10,55,0,65,38,0,38,103
08/08/2004,SUX,IA,ACE,CE,Towers with Radar,0,11,26,0,37,0,4,16,0,20,0,15,42,0,57,18,0,18,75
08/09/2004,SUX,IA,ACE,CE,Towers with Radar,0,11,28,0,39,0,6,11,0,17,0,17,39,0,56,14,0,14,70
08/10/2004,SUX,IA,ACE,CE,Towers with Radar,0,15,41,4,60,0,0,25,0,25,0,15,66,4,85,6,4,10,95
08/11/2004,SUX,IA,ACE,CE,Towers with Radar,0,17,46,10,73,0,0,43,4,47,0,17,89,14,120,8,6,14,134
08/12/2004,SUX,IA,ACE,CE,Towers with Radar,0,20,54,12,86,0,0,28,0,28,0,20,82,12,114,34,12,46,160
08/13/2004,SUX,IA,ACE,CE,Towers with Radar,0,15,37,5,57,0,1,23,0,24,0,16,60,5,81,16,0,16,97
08/14/2004,SUX,IA,ACE,CE,Towers with Radar,0,7,19,4,30,0,0,15,2,17,0,7,34,6,47,0,0,0,47
08/15/2004,SUX,IA,ACE,CE,Towers with Radar,0,12,29,5,46,0,4,26,0,30,0,16,55,5,76,4,0,4,80
08/16/2004,SUX,IA,ACE,CE,Towers with Radar,0,11,28,3,42,0,2,15,0,17,0,13,43,3,59,2,0,2,61
08/17/2004,SUX,IA,ACE,CE,Towers with Radar,0,13,46,10,69,0,0,0,17,17,0,13,46,27,86,30,14,44,130
08/18/2004,SUX,IA,ACE,CE,Towers with Radar,0,13,35,4,52,0,0,13,0,13,0,13,48,4,65,2,0,2,67
08/19/2004,SUX,IA,ACE,CE,Towers with Radar,0,13,37,8,58,0,0,41,1,42,0,13,78,9,100,14,26,40,140
08/20/2004,SUX,IA,ACE,CE,Towers with Radar,0,10,23,5,38,0,2,58,7,67,0,12,81,12,105,22,6,28,133
08/21/2004,SUX,IA,ACE,CE,Towers with Radar,0,8,16,1,25,0,2,40,0,42,0,10,56,1,67,22,0,22,89
08/22/2004,SUX,IA,ACE,CE,Towers with Radar,0,9,19,0,28,0,11,29,0,40,0,20,48,0,68,12,0,12,80
08/23/2004,SUX,IA,ACE,CE,Towers with Radar,0,15,34,7,56,0,3,20,15,38,0,18,54,22,94,2,8,10,104
08/24/2004,SUX,IA,ACE,CE,Towers with Radar,0,16,35,4,55,0,3,18,0,21,0,19,53,4,76,0,4,4,80
08/25/2004,SUX,IA,ACE,CE,Towers with Radar,0,17,44,10,71,0,0,6,1,7,0,17,50,11,78,18,0,18,96
08/26/2004,SUX,IA,ACE,CE,Towers with Radar,0,14,36,8,58,0,0,21,5,26,0,14,57,13,84,0,4,4,88
08/27/2004,SUX,IA,ACE,CE,Towers with Radar,0,14,35,7,56,0,0,26,3,29,0,14,61,10,85,18,0,18,103
08/28/2004,SUX,IA,ACE,CE,Towers with Radar,0,10,22,2,34,0,1,18,0,19,0,11,40,2,53,20,0,20,73
08/29/2004,SUX,IA,ACE,CE,Towers with Radar,0,10,23,0,33,0,4,21,0,25,0,14,44,0,58,4,0,4,62
08/30/2004,SUX,IA,ACE,CE,Towers with Radar,0,11,44,10,65,0,0,35,21,56,0,11,79,31,121,38,24,62,183
08/31/2004,SUX,IA,ACE,CE,Towers with Radar,0,13,54,12,79,0,0,4,26,30,0,13,58,38,109,0,24,24,133
09/01/2004,SUX,IA,ACE,CE,Towers with Radar,0,13,33,12,58,0,0,19,10,29,0,13,52,22,87,12,4,16,103
09/02/2004,SUX,IA,ACE,CE,Towers with Radar,0,15,42,12,69,0,0,30,0,30,0,15,72,12,99,0,28,28,127
09/03/2004,SUX,IA,ACE,CE,Towers with Radar,0,11,39,12,62,0,0,20,12,32,0,11,59,24,94,0,50,50,144
09/04/2004,SUX,IA,ACE,CE,Towers with Radar,0,7,17,0,24,0,2,20,0,22,0,9,37,0,46,0,0,0,46
09/05/2004,SUX,IA,ACE,CE,Towers with Radar,0,5,12,0,17,0,7,2,0,9,0,12,14,0,26,0,0,0,26
09/06/2004,SUX,IA,ACE,CE,Towers with Radar,0,8,20,0,28,0,5,29,0,34,0,13,49,0,62,6,0,6,68
09/07/2004,SUX,IA,ACE,CE,Towers with Radar,0,15,33,11,59,0,8,25,8,41,0,23,58,19,100,14,30,44,144
09/08/2004,SUX,IA,ACE,CE,Towers with Radar,0,13,40,13,66,0,0,32,19,51,0,13,72,32,117,4,31,35,152
09/09/2004,SUX,IA,ACE,CE,Towers with Radar,0,17,36,3,56,0,1,22,0,23,0,18,58,3,79,0,0,0,79
09/10/2004,SUX,IA,ACE,CE,Towers with Radar,0,13,24,7,44,0,5,0,0,5,0,18,24,7,49,0,0,0,49
09/11/2004,SUX,IA,ACE,CE,Towers with Radar,0,9,22,6,37,0,3,31,7,41,0,12,53,13,78,0,31,31,109
09/12/2004,SUX,IA,ACE,CE,Towers with Radar,0,10,21,7,38,0,2,35,4,41,0,12,56,11,79,4,6,10,89
09/13/2004,SUX,IA,ACE,CE,Towers with Radar,0,15,29,0,44,0,0,32,0,32,0,15,61,0,76,0,0,0,76
09/14/2004,SUX,IA,ACE,CE,Towers with Radar,0,15,32,1,48,0,0,14,0,14,0,15,46,1,62,0,0,0,62
09/15/2004,SUX,IA,ACE,CE,Towers with Radar,0,19,40,14,73,0,0,8,11,19,0,19,48,25,92,0,6,6,98
09/16/2004,SUX,IA,ACE,CE,Towers with Radar,0,13,40,5,58,0,0,48,0,48,0,13,88,5,106,12,0,12,118
09/17/2004,SUX,IA,ACE,CE,Towers with Radar,0,15,33,6,54,0,0,29,0,29,0,15,62,6,83,0,0,0,83
09/18/2004,SUX,IA,ACE,CE,Towers with Radar,0,9,17,0,26,0,1,18,0,19,0,10,35,0,45,10,0,10,55
09/19/2004,SUX,IA,ACE,CE,Towers with Radar,0,10,19,1,30,0,5,11,0,16,0,15,30,1,46,4,0,4,50
09/20/2004,SUX,IA,ACE,CE,Towers with Radar,0,14,30,0,44,0,0,17,0,17,0,14,47,0,61,0,0,0,61
09/21/2004,SUX,IA,ACE,CE,Towers with Radar,0,15,42,13,70,0,0,1,20,21,0,15,43,33,91,2,0,2,93
09/22/2004,SUX,IA,ACE,CE,Towers with Radar,0,19,37,8,64,0,0,30,0,30,0,19,67,8,94,4,0,4,98
09/23/2004,SUX,IA,ACE,CE,Towers with Radar,0,21,44,8,73,0,0,15,0,15,0,21,59,8,88,2,12,14,102
09/24/2004,SUX,IA,ACE,CE,Towers with Radar,0,16,33,6,55,0,0,35,0,35,0,16,68,6,90,28,0,28,118
09/25/2004,SUX,IA,ACE,CE,Towers with Radar,0,6,11,0,17,0,5,42,0,47,0,11,53,0,64,8,0,8,72
09/26/2004,SUX,IA,ACE,CE,Towers with Radar,0,9,17,2,28,0,5,26,0,31,0,14,43,2,59,8,0,8,67
09/27/2004,SUX,IA,ACE,CE,Towers with Radar,0,19,38,13,70,0,0,13,2,15,0,19,51,15,85,20,0,20,105
09/28/2004,SUX,IA,ACE,CE,Towers with Radar,0,16,41,14,71,0,0,19,38,57,0,16,60,52,128,4,16,20,148
09/29/2004,SUX,IA,ACE,CE,Towers with Radar,0,26,53,17,96,0,4,20,32,56,0,30,73,49,152,16,14,30,182
09/30/2004,SUX,IA,ACE,CE,Towers with Radar,0,15,31,10,56,0,8,25,14,47,0,23,56,24,103,10,0,10,113
10/01/2004,SUX,IA,ACE,CE,Combined TRACON& Tower with Radar,0,18,44,1,63,0,0,6,0,6,0,18,50,1,69,6,0,6,75
10/02/2004,SUX,IA,ACE,CE,Combined TRACON& Tower with Radar,0,8,24,0,32,0,0,32,0,32,0,8,56,0,64,14,2,16,80
10/03/2004,SUX,IA,ACE,CE,Combined TRACON& Tower with Radar,0,12,25,1,38,0,0,24,0,24,0,12,49,1,62,12,0,12,74
10/04/2004,SUX,IA,ACE,CE,Combined TRACON& Tower with Radar,0,17,33,0,50,0,0,14,0,14,0,17,47,0,64,8,0,8,72
10/05/2004,SUX,IA,ACE,CE,Combined TRACON& Tower with Radar,0,17,37,4,58,0,0,31,2,33,0,17,68,6,91,14,0,14,105
10/06/2004,SUX,IA,ACE,CE,Combined TRACON& Tower with Radar,0,19,45,4,68,0,0,23,0,23,0,19,68,4,91,8,0,8,99
10/07/2004,SUX,IA,ACE,CE,Combined TRACON& Tower with Radar,0,20,52,13,85,0,0,0,0,0,0,20,52,13,85,0,0,0,85
10/08/2004,SUX,IA,ACE,CE,Combined TRACON& Tower with Radar,0,22,45,6,73,0,0,16,1,17,0,22,61,7,90,12,14,26,116
10/09/2004,SUX,IA,ACE,CE,Combined TRACON& Tower with Radar,0,12,17,0,29,0,0,17,0,17,0,12,34,0,46,12,0,12,58
10/10/2004,SUX,IA,ACE,CE,Combined TRACON& Tower with Radar,0,16,12,0,28,0,0,17,0,17,0,16,29,0,45,42,0,42,87
10/11/2004,SUX,IA,ACE,CE,Combined TRACON& Tower with Radar,0,15,24,0,39,0,0,24,0,24,0,15,48,0,63,10,0,10,73
10/12/2004,SUX,IA,ACE,CE,Combined TRACON& Tower with Radar,0,17,38,10,65,0,0,21,8,29,0,17,59,18,94,14,8,22,116
10/13/2004,SUX,IA,ACE,CE,Combined TRACON& Tower with Radar,0,13,45,7,65,0,0,9,2,11,0,13,54,9,76,2,0,2,78
10/14/2004,SUX,IA,ACE,CE,Combined TRACON& Tower with Radar,1,21,54,18,94,0,0,0,0,0,1,21,54,18,94,36,6,42,136
10/15/2004,SUX,IA,ACE,CE,Combined TRACON& Tower with Radar,0,18,25,23,66,0,0,14,0,14,0,18,39,23,80,0,2,2,82
10/16/2004,SUX,IA,ACE,CE,Combined TRACON& Tower with Radar,0,10,17,5,32,0,0,26,1,27,0,10,43,6,59,64,0,64,123
10/17/2004,SUX,IA,ACE,CE,Combined TRACON& Tower with Radar,0,11,7,0,18,0,0,21,0,21,0,11,28,0,39,38,0,38,77
10/18/2004,SUX,IA,ACE,CE,Combined TRACON& Tower with Radar,0,17,41,0,58,0,0,2,0,2,0,17,43,0,60,0,0,0,60
10/19/2004,SUX,IA,ACE,CE,Combined TRACON& Tower with Radar,0,15,44,9,68,0,0,12,0,12,0,15,56,9,80,6,12,18,98
10/20/2004,SUX,IA,ACE,CE,Combined TRACON& Tower with Radar,0,17,58,11,86,0,0,0,0,0,0,17,58,11,86,0,0,0,86
10/21/2004,SUX,IA,ACE,CE,Combined TRACON& Tower with Radar,0,14,37,19,70,0,0,0,0,0,0,14,37,19,70,0,0,0,70
10/22/2004,SUX,IA,ACE,CE,Combined TRACON& Tower with Radar,0,17,38,1,56,0,0,4,0,4,0,17,42,1,60,0,0,0,60
10/23/2004,SUX,IA,ACE,CE,Combined TRACON& Tower with Radar,0,10,13,2,25,0,0,0,0,0,0,10,13,2,25,0,0,0,25
10/24/2004,SUX,IA,ACE,CE,Combined TRACON& Tower with Radar,0,13,20,0,33,0,0,27,0,27,0,13,47,0,60,32,0,32,92
10/25/2004,SUX,IA,ACE,CE,Combined TRACON& Tower with Radar,0,14,32,22,68,0,0,29,17,46,0,14,61,39,114,0,30,30,144
10/26/2004,SUX,IA,ACE,CE,Combined TRACON& Tower with Radar,3,17,44,60,124,0,0,9,4,13,3,17,53,64,137,12,16,28,165
10/27/2004,SUX,IA,ACE,CE,Combined TRACON& Tower with Radar,2,21,55,10,88,0,0,0,0,0,2,21,55,10,88,0,0,0,88
10/28/2004,SUX,IA,ACE,CE,Combined TRACON& Tower with Radar,0,16,48,2,66,0,0,0,0,0,0,16,48,2,66,8,0,8,74
10/29/2004,SUX,IA,ACE,CE,Combined TRACON& Tower with Radar,0,12,35,10,57,0,0,0,0,0,0,12,35,10,57,4,0,4,61
10/30/2004,SUX,IA,ACE,CE,Combined TRACON& Tower with Radar,2,14,17,0,33,0,0,7,0,7,2,14,24,0,40,0,0,0,40
10/31/2004,SUX,IA,ACE,CE,Combined TRACON& Tower with Radar,0,19,22,3,44,0,2,38,0,40,0,21,60,3,84,52,0,52,136
11/01/2004,SUX,IA,ACE,CE,Combined TRACON& Tower with Radar,0,30,25,20,75,0,0,6,14,20,0,30,31,34,95,6,0,6,101
11/02/2004,SUX,IA,ACE,CE,Combined TRACON& Tower with Radar,0,16,38,14,68,0,0,11,1,12,0,16,49,15,80,22,12,34,114
11/03/2004,SUX,IA,ACE,CE,Combined TRACON& Tower with Radar,0,16,37,16,69,0,0,21,4,25,0,16,58,20,94,20,4,24,118
11/04/2004,SUX,IA,ACE,CE,Combined TRACON& Tower with Radar,0,17,39,12,68,0,0,23,4,27,0,17,62,16,95,8,20,28,123
11/05/2004,SUX,IA,ACE,CE,Combined TRACON& Tower with Radar,0,12,44,28,84,0,0,22,0,22,0,12,66,28,106,0,22,22,128
11/06/2004,SUX,IA,ACE,CE,Combined TRACON& Tower with Radar,0,9,16,20,45,0,0,24,0,24,0,9,40,20,69,34,18,52,121
11/07/2004,SUX,IA,ACE,CE,Combined TRACON& Tower with Radar,0,14,19,0,33,0,0,25,0,25,0,14,44,0,58,50,0,50,108
11/08/2004,SUX,IA,ACE,CE,Combined TRACON& Tower with Radar,0,18,31,0,49,0,0,25,0,25,0,18,56,0,74,7,0,7,81
11/09/2004,SUX,IA,ACE,CE,Combined TRACON& Tower with Radar,0,18,28,8,54,0,2,20,0,22,0,20,48,8,76,6,0,6,82
11/10/2004,SUX,IA,ACE,CE,Combined TRACON& Tower with Radar,0,20,27,12,59,0,0,6,2,8,0,20,33,14,67,0,4,4,71
11/11/2004,SUX,IA,ACE,CE,Combined TRACON& Tower with Radar,0,16,25,0,41,0,0,40,0,40,0,16,65,0,81,20,0,20,101
11/12/2004,SUX,IA,ACE,CE,Combined TRACON& Tower with Radar,0,13,27,4,44,0,0,22,3,25,0,13,49,7,69,0,4,4,73
11/13/2004,SUX,IA,ACE,CE,Combined TRACON& Tower with Radar,0,14,6,0,20,0,0,0,3,3,0,14,6,3,23,22,0,22,45
11/14/2004,SUX,IA,ACE,CE,Combined TRACON& Tower with Radar,0,14,23,6,43,0,0,26,0,26,0,14,49,6,69,87,0,87,156
11/15/2004,SUX,IA,ACE,CE,Combined TRACON& Tower with Radar,0,14,30,8,52,0,0,11,4,15,0,14,41,12,67,18,26,44,111
11/16/2004,SUX,IA,ACE,CE,Combined TRACON& Tower with Radar,0,16,44,13,73,0,1,20,2,23,0,17,64,15,96,16,6,22,118
11/17/2004,SUX,IA,ACE,CE,Combined TRACON& Tower with Radar,2,16,42,39,99,0,1,4,0,5,2,17,46,39,104,0,2,2,106
11/18/2004,SUX,IA,ACE,CE,Combined TRACON& Tower with Radar,0,14,33,18,65,0,0,0,3,3,0,14,33,21,68,0,16,16,84
11/19/2004,SUX,IA,ACE,CE,Combined TRACON& Tower with Radar,0,14,32,2,48,0,0,0,0,0,0,14,32,2,48,0,0,0,48
11/20/2004,SUX,IA,ACE,CE,Combined TRACON& Tower with Radar,0,11,18,6,35,0,0,13,0,13,0,11,31,6,48,22,4,26,74
11/21/2004,SUX,IA,ACE,CE,Combined TRACON& Tower with Radar,0,13,12,0,25,0,1,28,0,29,0,14,40,0,54,54,0,54,108
11/22/2004,SUX,IA,ACE,CE,Combined TRACON& Tower with Radar,0,21,37,6,64,0,0,28,0,28,0,21,65,6,92,14,18,32,124
11/23/2004,SUX,IA,ACE,CE,Combined TRACON& Tower with Radar,0,20,34,31,85,0,0,23,4,27,0,20,57,35,112,6,52,58,170
11/24/2004,SUX,IA,ACE,CE,Combined TRACON& Tower with Radar,0,26,45,11,82,0,0,40,4,44,0,26,85,15,126,20,30,50,176
11/25/2004,SUX,IA,ACE,CE,Combined TRACON& Tower with Radar,0,12,5,0,17,0,0,0,0,0,0,12,5,0,17,8,0,8,25
11/26/2004,SUX,IA,ACE,CE,Combined TRACON& Tower with Radar,0,16,25,0,41,0,0,0,0,0,0,16,25,0,41,4,0,4,45
11/27/2004,SUX,IA,ACE,CE,Combined TRACON& Tower with Radar,0,13,14,0,27,0,0,9,0,9,0,13,23,0,36,2,0,2,38
11/28/2004,SUX,IA,ACE,CE,Combined TRACON& Tower with Radar,0,22,19,0,41,0,0,16,0,16,0,22,35,0,57,2,0,2,59
11/29/2004,SUX,IA,ACE,CE,Combined TRACON& Tower with Radar,0,19,43,19,81,0,0,9,14,23,0,19,52,33,104,0,12,12,116
11/30/2004,SUX,IA,ACE,CE,Combined TRACON& Tower with Radar,0,16,37,20,73,0,0,30,0,30,0,16,67,20,103,30,18,48,151
12/01/2004,SUX,IA,ACE,CE,Combined TRACON& Tower with Radar,0,17,37,45,99,0,2,33,0,35,0,19,70,45,134,8,10,18,152
12/02/2004,SUX,IA,ACE,CE,Combined TRACON& Tower with Radar,0,16,44,20,80,0,0,34,8,42,0,16,78,28,122,54,14,68,190
12/03/2004,SUX,IA,ACE,CE,Combined TRACON& Tower with Radar,0,18,27,0,45,0,0,34,0,34,0,18,61,0,79,20,0,20,99
12/04/2004,SUX,IA,ACE,CE,Combined TRACON& Tower with Radar,0,13,2,0,15,22,36,0,0,58,22,49,2,0,73,34,0,34,107
12/05/2004,SUX,IA,ACE,CE,Combined TRACON& Tower with Radar,0,18,8,0,26,0,0,13,2,15,0,18,21,2,41,23,0,23,64
12/06/2004,SUX,IA,ACE,CE,Combined TRACON& Tower with Radar,0,15,32,1,48,0,1,0,0,1,0,16,32,1,49,0,0,0,49
12/07/2004,SUX,IA,ACE,CE,Combined TRACON& Tower with Radar,0,18,44,10,72,0,0,10,0,10,0,18,54,10,82,0,0,0,82
12/08/2004,SUX,IA,ACE,CE,Combined TRACON& Tower with Radar,0,15,26,13,54,0,0,24,0,24,0,15,50,13,78,36,14,50,128
12/09/2004,SUX,IA,ACE,CE,Combined TRACON& Tower with Radar,0,18,39,26,83,0,0,11,8,19,0,18,50,34,102,12,9,21,123
12/10/2004,SUX,IA,ACE,CE,Combined TRACON& Tower with Radar,0,12,26,4,42,0,1,3,0,4,0,13,29,4,46,0,0,0,46
12/11/2004,SUX,IA,ACE,CE,Combined TRACON& Tower with Radar,0,12,17,0,29,0,2,17,0,19,0,14,34,0,48,18,0,18,66
12/12/2004,SUX,IA,ACE,CE,Combined TRACON& Tower with Radar,0,17,7,0,24,0,2,2,0,4,0,19,9,0,28,0,0,0,28
12/13/2004,SUX,IA,ACE,CE,Combined TRACON& Tower with Radar,0,16,31,14,61,0,0,23,0,23,0,16,54,14,84,0,6,6,90
12/14/2004,SUX,IA,ACE,CE,Combined TRACON& Tower with Radar,0,14,38,11,63,0,0,28,1,29,0,14,66,12,92,38,8,46,138
12/15/2004,SUX,IA,ACE,CE,Combined TRACON& Tower with Radar,0,13,33,10,56,0,0,32,0,32,0,13,65,10,88,22,12,34,122
12/16/2004,SUX,IA,ACE,CE,Combined TRACON& Tower with Radar,0,14,43,3,60,0,0,0,0,0,0,14,43,3,60,34,0,34,94
12/17/2004,SUX,IA,ACE,CE,Combined TRACON& Tower with Radar,0,14,46,11,71,0,5,35,2,42,0,19,81,13,113,39,12,51,164
12/18/2004,SUX,IA,ACE,CE,Combined TRACON& Tower with Radar,0,12,11,0,23,0,2,12,0,14,0,14,23,0,37,0,0,0,37
12/19/2004,SUX,IA,ACE,CE,Combined TRACON& Tower with Radar,0,14,8,1,23,0,1,9,0,10,0,15,17,1,33,2,0,2,35
12/20/2004,SUX,IA,ACE,CE,Combined TRACON& Tower with Radar,0,19,25,0,44,0,0,3,0,3,0,19,28,0,47,0,0,0,47
12/21/2004,SUX,IA,ACE,CE,Combined TRACON& Tower with Radar,0,18,23,4,45,0,2,20,0,22,0,20,43,4,67,8,4,12,79
12/22/2004,SUX,IA,ACE,CE,Combined TRACON& Tower with Radar,0,12,20,3,35,0,0,27,1,28,0,12,47,4,63,16,0,16,79
12/23/2004,SUX,IA,ACE,CE,Combined TRACON& Tower with Radar,0,27,30,0,57,0,0,8,0,8,0,27,38,0,65,0,0,0,65
12/24/2004,SUX,IA,ACE,CE,Combined TRACON& Tower with Radar,0,14,10,0,24,0,0,0,0,0,0,14,10,0,24,0,0,0,24
12/25/2004,SUX,IA,ACE,CE,Combined TRACON& Tower with Radar,0,10,5,0,15,0,0,6,0,6,0,10,11,0,21,0,0,0,21
12/26/2004,SUX,IA,ACE,CE,Combined TRACON& Tower with Radar,0,15,13,0,28,0,0,10,0,10,0,15,23,0,38,58,0,58,96
12/27/2004,SUX,IA,ACE,CE,Combined TRACON& Tower with Radar,0,23,15,0,38,0,0,16,0,16,0,23,31,0,54,42,0,42,96
12/28/2004,SUX,IA,ACE,CE,Combined TRACON& Tower with Radar,0,15,26,8,49,0,1,11,3,15,0,16,37,11,64,18,2,20,84
12/29/2004,SUX,IA,ACE,CE,Combined TRACON& Tower with Radar,0,16,16,8,40,0,0,17,0,17,0,16,33,8,57,14,16,30,87
12/30/2004,SUX,IA,ACE,CE,Combined TRACON& Tower with Radar,0,16,13,5,34,0,0,12,0,12,0,16,25,5,46,8,0,8,54
12/31/2004,SUX,IA,ACE,CE,Combined TRACON& Tower with Radar,0,15,30,0,45,0,0,18,0,18,0,15,48,0,63,2,0,2,65
01/01/2005,SUX,IA,ACE,CE,Combined TRACON& Tower with Radar,0,6,5,0,11,0,1,0,0,1,0,7,5,0,12,0,0,0,12
01/02/2005,SUX,IA,ACE,CE,Combined TRACON& Tower with Radar,0,8,21,0,29,0,1,9,0,10,0,9,30,0,39,20,0,20,59
01/03/2005,SUX,IA,ACE,CE,Combined TRACON& Tower with Radar,0,24,18,0,42,0,0,13,0,13,0,24,31,0,55,0,0,0,55
01/04/2005,SUX,IA,ACE,CE,Combined TRACON& Tower with Radar,0,15,12,3,30,0,0,2,0,2,0,15,14,3,32,0,0,0,32
01/05/2005,SUX,IA,ACE,CE,Combined TRACON& Tower with Radar,0,13,15,0,28,0,0,0,0,0,0,13,15,0,28,0,0,0,28
01/06/2005,SUX,IA,ACE,CE,Combined TRACON& Tower with Radar,0,14,12,0,26,0,0,7,0,7,0,14,19,0,33,0,0,0,33
01/07/2005,SUX,IA,ACE,CE,Combined TRACON& Tower with Radar,0,16,26,13,55,0,0,0,0,0,0,16,26,13,55,0,0,0,55
01/08/2005,SUX,IA,ACE,CE,Combined TRACON& Tower with Radar,0,10,19,12,41,0,0,2,1,3,0,10,21,13,44,4,0,4,48
01/09/2005,SUX,IA,ACE,CE,Combined TRACON& Tower with Radar,0,14,11,0,25,0,1,4,0,5,0,15,15,0,30,0,0,0,30
01/10/2005,SUX,IA,ACE,CE,Combined TRACON& Tower with Radar,0,14,27,0,41,0,1,10,0,11,0,15,37,0,52,8,0,8,60
01/11/2005,SUX,IA,ACE,CE,Combined TRACON& Tower with Radar,0,20,33,0,53,0,0,0,11,11,0,20,33,11,64,0,0,0,64
01/12/2005,SUX,IA,ACE,CE,Combined TRACON& Tower with Radar,0,18,27,0,45,0,4,6,0,10,0,22,33,0,55,0,0,0,55
01/13/2005,SUX,IA,ACE,CE,Combined TRACON& Tower with Radar,0,21,24,1,46,0,0,0,0,0,0,21,24,1,46,0,0,0,46
01/14/2005,SUX,IA,ACE,CE,Combined TRACON& Tower with Radar,0,22,33,6,61,0,0,0,0,0,0,22,33,6,61,0,0,0,61
01/15/2005,SUX,IA,ACE,CE,Combined TRACON& Tower with Radar,0,12,7,2,21,0,0,6,0,6,0,12,13,2,27,2,0,2,29
01/16/2005,SUX,IA,ACE,CE,Combined TRACON& Tower with Radar,0,16,10,0,26,0,0,19,0,19,0,16,29,0,45,9,0,9,54
01/17/2005,SUX,IA,ACE,CE,Combined TRACON& Tower with Radar,0,15,27,0,42,0,0,19,0,19,0,15,46,0,61,24,0,24,85
01/18/2005,SUX,IA,ACE,CE,Combined TRACON& Tower with Radar,0,17,22,11,50,0,0,6,17,23,0,17,28,28,73,0,14,14,87
01/19/2005,SUX,IA,ACE,CE,Combined TRACON& Tower with Radar,0,17,31,3,51,0,0,6,0,6,0,17,37,3,57,4,0,4,61
01/20/2005,SUX,IA,ACE,CE,Combined TRACON& Tower with Radar,0,19,42,29,90,0,0,3,0,3,0,19,45,29,93,20,12,32,125
01/21/2005,SUX,IA,ACE,CE,Combined TRACON& Tower with Radar,0,9,24,0,33,0,0,0,0,0,0,9,24,0,33,0,0,0,33
01/22/2005,SUX,IA,ACE,CE,Combined TRACON& Tower with Radar,0,16,10,1,27,0,2,4,0,6,0,18,14,1,33,50,0,50,83
01/23/2005,SUX,IA,ACE,CE,Combined TRACON& Tower with Radar,0,13,9,1,23,0,2,19,0,21,0,15,28,1,44,90,0,90,134
01/24/2005,SUX,IA,ACE,CE,Combined TRACON& Tower with Radar,0,15,43,0,58,0,1,49,0,50,0,16,92,0,108,16,0,16,124
01/25/2005,SUX,IA,ACE,CE,Combined TRACON& Tower with Radar,0,15,41,9,65,0,0,45,2,47,0,15,86,11,112,32,6,38,150
01/26/2005,SUX,IA,ACE,CE,Combined TRACON& Tower with Radar,0,16,52,5,73,0,1,31,3,35,0,17,83,8,108,0,0,0,108
01/27/2005,SUX,IA,ACE,CE,Combined TRACON& Tower with Radar,0,17,30,17,64,0,0,0,0,0,0,17,30,17,64,0,8,8,72
01/28/2005,SUX,IA,ACE,CE,Combined TRACON& Tower with Radar,0,15,25,0,40,0,0,0,3,3,0,15,25,3,43,2,0,2,45
01/29/2005,SUX,IA,ACE,CE,Combined TRACON& Tower with Radar,0,12,2,1,15,0,0,2,0,2,0,12,4,1,17,0,0,0,17
01/30/2005,SUX,IA,ACE,CE,Combined TRACON& Tower with Radar,0,17,6,0,23,0,0,0,0,0,0,17,6,0,23,0,0,0,23
01/31/2005,SUX,IA,ACE,CE,Combined TRACON& Tower with Radar,0,18,19,36,73,0,0,0,0,0,0,18,19,36,73,0,0,0,73
02/01/2005,SUX,IA,ACE,CE,Combined TRACON& Tower with Radar,0,17,34,23,74,0,0,10,20,30,0,17,44,43,104,8,18,26,130
02/02/2005,SUX,IA,ACE,CE,Combined TRACON& Tower with Radar,0,16,35,22,73,0,0,30,0,30,0,16,65,22,103,4,6,10,113
02/03/2005,SUX,IA,ACE,CE,Combined TRACON& Tower with Radar,0,14,48,39,101,0,0,50,0,50,0,14,98,39,151,26,14,40,191
02/04/2005,SUX,IA,ACE,CE,Combined TRACON& Tower with Radar,0,14,20,24,58,0,0,30,7,37,0,14,50,31,95,2,6,8,103
02/05/2005,SUX,IA,ACE,CE,Combined TRACON& Tower with Radar,0,12,25,1,38,0,0,12,0,12,0,12,37,1,50,0,0,0,50
02/06/2005,SUX,IA,ACE,CE,Combined TRACON& Tower with Radar,0,18,1,3,22,0,0,0,0,0,0,18,1,3,22,0,0,0,22
02/07/2005,SUX,IA,ACE,CE,Combined TRACON& Tower with Radar,0,18,15,11,44,0,0,16,7,23,0,18,31,18,67,2,28,30,97
02/08/2005,SUX,IA,ACE,CE,Combined TRACON& Tower with Radar,0,19,16,1,36,0,0,0,0,0,0,19,16,1,36,0,0,0,36
02/09/2005,SUX,IA,ACE,CE,Combined TRACON& Tower with Radar,0,20,31,30,81,0,0,14,0,14,0,20,45,30,95,4,10,14,109
02/10/2005,SUX,IA,ACE,CE,Combined TRACON& Tower with Radar,0,22,39,24,85,0,0,0,0,0,0,22,39,24,85,10,14,24,109
02/11/2005,SUX,IA,ACE,CE,Combined TRACON& Tower with Radar,0,14,29,8,51,0,0,38,0,38,0,14,67,8,89,12,2,14,103
02/12/2005,SUX,IA,ACE,CE,Combined TRACON& Tower with Radar,0,14,35,1,50,0,0,28,1,29,0,14,63,2,79,30,0,30,109
02/13/2005,SUX,IA,ACE,CE,Combined TRACON& Tower with Radar,0,18,9,0,27,0,0,1,0,1,0,18,10,0,28,0,0,0,28
02/14/2005,SUX,IA,ACE,CE,Combined TRACON& Tower with Radar,0,15,24,21,60,0,0,9,0,9,0,15,33,21,69,10,8,18,87
02/15/2005,SUX,IA,ACE,CE,Combined TRACON& Tower with Radar,0,16,23,51,90,0,0,23,7,30,0,16,46,58,120,12,36,48,168
02/16/2005,SUX,IA,ACE,CE,Combined TRACON& Tower with Radar,0,22,27,26,75,0,0,28,0,28,0,22,55,26,103,8,2,10,113
02/17/2005,SUX,IA,ACE,CE,Combined TRACON& Tower with Radar,0,19,22,15,56,0,0,31,0,31,0,19,53,15,87,44,0,44,131
02/18/2005,SUX,IA,ACE,CE,Combined TRACON& Tower with Radar,0,22,30,33,85,0,0,40,3,43,0,22,70,36,128,28,20,48,176
02/19/2005,SUX,IA,ACE,CE,Combined TRACON& Tower with Radar,0,11,6,0,17,0,0,1,0,1,0,11,7,0,18,0,0,0,18
02/20/2005,SUX,IA,ACE,CE,Combined TRACON& Tower with Radar,0,14,10,0,24,0,0,0,0,0,0,14,10,0,24,0,0,0,24
02/21/2005,SUX,IA,ACE,CE,Combined TRACON& Tower with Radar,0,12,20,0,32,0,0,0,0,0,0,12,20,0,32,0,0,0,32
02/22/2005,SUX,IA,ACE,CE,Combined TRACON& Tower with Radar,0,19,33,8,60,0,0,22,0,22,0,19,55,8,82,38,18,56,138
02/23/2005,SUX,IA,ACE,CE,Combined TRACON& Tower with Radar,0,15,32,3,50,0,0,13,0,13,0,15,45,3,63,20,0,20,83
02/24/2005,SUX,IA,ACE,CE,Combined TRACON& Tower with Radar,0,16,49,14,79,0,0,0,0,0,0,16,49,14,79,8,0,8,87
02/25/2005,SUX,IA,ACE,CE,Combined TRACON& Tower with Radar,0,13,27,3,43,0,0,30,3,33,0,13,57,6,76,32,10,42,118
02/26/2005,SUX,IA,ACE,CE,Combined TRACON& Tower with Radar,0,11,25,0,36,0,0,28,0,28,0,11,53,0,64,20,0,20,84
02/27/2005,SUX,IA,ACE,CE,Combined TRACON& Tower with Radar,0,17,8,2,27,0,0,2,0,2,0,17,10,2,29,0,0,0,29
02/28/2005,SUX,IA,ACE,CE,Combined TRACON& Tower with Radar,0,14,32,0,46,0,0,7,0,7,0,14,39,0,53,4,0,4,57
03/01/2005,SUX,IA,ACE,CE,Combined TRACON& Tower with Radar,0,18,30,21,69,0,0,47,7,54,0,18,77,28,123,8,26,34,157
03/02/2005,SUX,IA,ACE,CE,Combined TRACON& Tower with Radar,0,20,27,7,54,0,0,37,5,42,0,20,64,12,96,12,2,14,110
03/03/2005,SUX,IA,ACE,CE,Combined TRACON& Tower with Radar,0,19,25,6,50,0,0,31,0,31,0,19,56,6,81,10,0,10,91
03/04/2005,SUX,IA,ACE,CE,Combined TRACON& Tower with Radar,0,20,40,8,68,0,0,17,0,17,0,20,57,8,85,8,0,8,93
03/05/2005,SUX,IA,ACE,CE,Combined TRACON& Tower with Radar,0,13,39,0,52,0,0,54,0,54,0,13,93,0,106,40,0,40,146
03/06/2005,SUX,IA,ACE,CE,Combined TRACON& Tower with Radar,0,21,14,2,37,0,0,21,0,21,0,21,35,2,58,6,0,6,64
03/07/2005,SUX,IA,ACE,CE,Combined TRACON& Tower with Radar,0,15,13,0,28,0,0,14,0,14,0,15,27,0,42,2,0,2,44
03/08/2005,SUX,IA,ACE,CE,Combined TRACON& Tower with Radar,0,19,15,20,54,0,0,22,0,22,0,19,37,20,76,18,8,26,102
03/09/2005,SUX,IA,ACE,CE,Combined TRACON& Tower with Radar,0,15,31,8,54,0,0,37,2,39,0,15,68,10,93,86,2,88,181
03/10/2005,SUX,IA,ACE,CE,Combined TRACON& Tower with Radar,0,15,27,0,42,0,0,8,0,8,0,15,35,0,50,0,0,0,50
03/11/2005,SUX,IA,ACE,CE,Combined TRACON& Tower with Radar,0,13,37,13,63,0,0,0,0,0,0,13,37,13,63,2,0,2,65
03/12/2005,SUX,IA,ACE,CE,Combined TRACON& Tower with Radar,0,10,17,3,30,0,0,14,0,14,0,10,31,3,44,20,0,20,64
03/13/2005,SUX,IA,ACE,CE,Combined TRACON& Tower with Radar,0,16,22,0,38,0,0,4,0,4,0,16,26,0,42,16,0,16,58
03/14/2005,SUX,IA,ACE,CE,Combined TRACON& Tower with Radar,0,18,32,23,73,0,0,26,2,28,0,18,58,25,101,4,12,16,117
03/15/2005,SUX,IA,ACE,CE,Combined TRACON& Tower with Radar,0,16,40,17,73,0,0,22,0,22,0,16,62,17,95,0,8,8,103
03/16/2005,SUX,IA,ACE,CE,Combined TRACON& Tower with Radar,0,16,40,18,74,0,2,34,0,36,0,18,74,18,110,4,0,4,114
03/17/2005,SUX,IA,ACE,CE,Combined TRACON& Tower with Radar,0,15,37,19,71,0,0,0,0,0,0,15,37,19,71,0,8,8,79
03/18/2005,SUX,IA,ACE,CE,Combined TRACON& Tower with Radar,0,6,23,4,33,0,0,4,0,4,0,6,27,4,37,0,0,0,37
03/19/2005,SUX,IA,ACE,CE,Combined TRACON& Tower with Radar,0,12,32,0,44,0,0,23,2,25,0,12,55,2,69,26,0,26,95
03/20/2005,SUX,IA,ACE,CE,Combined TRACON& Tower with Radar,0,14,19,1,34,0,0,13,0,13,0,14,32,1,47,4,0,4,51
03/21/2005,SUX,IA,ACE,CE,Combined TRACON& Tower with Radar,0,14,33,0,47,0,0,1,0,1,0,14,34,0,48,4,0,4,52
03/22/2005,SUX,IA,ACE,CE,Combined TRACON& Tower with Radar,0,14,30,1,45,0,0,8,0,8,0,14,38,1,53,0,0,0,53
03/23/2005,SUX,IA,ACE,CE,Combined TRACON& Tower with Radar,0,15,39,7,61,0,2,21,0,23,0,17,60,7,84,12,0,12,96
03/24/2005,SUX,IA,ACE,CE,Combined TRACON& Tower with Radar,0,15,23,2,40,0,0,0,0,0,0,15,23,2,40,0,0,0,40
03/25/2005,SUX,IA,ACE,CE,Combined TRACON& Tower with Radar,0,10,33,16,59,0,0,6,5,11,0,10,39,21,70,0,2,2,72
03/26/2005,SUX,IA,ACE,CE,Combined TRACON& Tower with Radar,0,10,18,0,28,0,2,24,0,26,0,12,42,0,54,28,0,28,82
03/27/2005,SUX,IA,ACE,CE,Combined TRACON& Tower with Radar,0,14,13,0,27,0,0,21,0,21,0,14,34,0,48,34,0,34,82
03/28/2005,SUX,IA,ACE,CE,Combined TRACON& Tower with Radar,0,16,32,34,82,0,0,29,24,53,0,16,61,58,135,22,12,34,169
03/29/2005,SUX,IA,ACE,CE,Combined TRACON& Tower with Radar,0,20,25,19,64,0,0,28,1,29,0,20,53,20,93,34,16,50,143
03/30/2005,SUX,IA,ACE,CE,Combined TRACON& Tower with Radar,0,20,21,13,54,0,0,4,0,4,0,20,25,13,58,0,4,4,62
03/31/2005,SUX,IA,ACE,CE,Combined TRACON& Tower with Radar,0,18,35,12,65,0,0,0,0,0,0,18,35,12,65,6,6,12,77
04/01/2005,SUX,IA,ACE,CE,Combined TRACON& Tower with Radar,0,20,32,40,92,0,0,31,8,39,0,20,63,48,131,6,32,38,169
04/02/2005,SUX,IA,ACE,CE,Combined TRACON& Tower with Radar,0,8,24,19,51,0,0,24,9,33,0,8,48,28,84,18,30,48,132
04/03/2005,SUX,IA,ACE,CE,Combined TRACON& Tower with Radar,0,15,22,0,37,0,0,38,0,38,0,15,60,0,75,8,0,8,83
04/04/2005,SUX,IA,ACE,CE,Combined TRACON& Tower with Radar,0,19,27,0,46,0,0,21,0,21,0,19,48,0,67,20,0,20,87
04/05/2005,SUX,IA,ACE,CE,Combined TRACON& Tower with Radar,0,21,38,51,110,0,0,23,0,23,0,21,61,51,133,24,12,36,169
04/06/2005,SUX,IA,ACE,CE,Combined TRACON& Tower with Radar,0,16,31,16,63,0,2,4,1,7,0,18,35,17,70,4,2,6,76
04/07/2005,SUX,IA,ACE,CE,Combined TRACON& Tower with Radar,0,16,32,42,90,0,0,35,0,35,0,16,67,42,125,56,12,68,193
04/08/2005,SUX,IA,ACE,CE,Combined TRACON& Tower with Radar,0,16,31,22,69,0,0,20,1,21,0,16,51,23,90,0,4,4,94
04/09/2005,SUX,IA,ACE,CE,Combined TRACON& Tower with Radar,0,10,10,0,20,0,1,12,0,13,0,11,22,0,33,14,0,14,47
04/10/2005,SUX,IA,ACE,CE,Combined TRACON& Tower with Radar,0,12,28,0,40,0,0,4,0,4,0,12,32,0,44,0,0,0,44
04/11/2005,SUX,IA,ACE,CE,Combined TRACON& Tower with Radar,0,16,26,22,64,0,0,0,0,0,0,16,26,22,64,0,0,0,64
04/12/2005,SUX,IA,ACE,CE,Combined TRACON& Tower with Radar,0,20,43,59,122,0,0,0,0,0,0,20,43,59,122,0,0,0,122
04/13/2005,SUX,IA,ACE,CE,Combined TRACON& Tower with Radar,0,18,27,21,66,0,0,26,0,26,0,18,53,21,92,10,10,20,112
04/14/2005,SUX,IA,ACE,CE,Combined TRACON& Tower with Radar,0,16,35,15,66,0,0,0,0,0,0,16,35,15,66,46,6,52,118
04/15/2005,SUX,IA,ACE,CE,Combined TRACON& Tower with Radar,0,17,33,4,54,0,0,0,0,0,0,17,33,4,54,6,4,10,64
04/16/2005,SUX,IA,ACE,CE,Combined TRACON& Tower with Radar,0,9,13,2,24,0,0,15,3,18,0,9,28,5,42,16,0,16,58
04/17/2005,SUX,IA,ACE,CE,Combined TRACON& Tower with Radar,0,15,15,0,30,0,0,18,0,18,0,15,33,0,48,6,0,6,54
04/18/2005,SUX,IA,ACE,CE,Combined TRACON& Tower with Radar,0,17,32,2,51,0,0,18,2,20,0,17,50,4,71,2,0,2,73
04/19/2005,SUX,IA,ACE,CE,Combined TRACON& Tower with Radar,0,19,26,18,63,0,0,16,5,21,0,19,42,23,84,60,20,80,164
04/20/2005,SUX,IA,ACE,CE,Combined TRACON& Tower with Radar,0,15,35,33,83,0,0,2,1,3,0,15,37,34,86,0,10,10,96
04/21/2005,SUX,IA,ACE,CE,Combined TRACON& Tower with Radar,0,16,39,12,67,0,0,0,0,0,0,16,39,12,67,0,0,0,67
04/22/2005,SUX,IA,ACE,CE,Combined TRACON& Tower with Radar,0,11,37,4,52,0,0,11,1,12,0,11,48,5,64,2,6,8,72
04/23/2005,SUX,IA,ACE,CE,Combined TRACON& Tower with Radar,0,12,15,0,27,0,1,40,1,42,0,13,55,1,69,22,6,28,97
04/24/2005,SUX,IA,ACE,CE,Combined TRACON& Tower with Radar,0,14,13,0,27,0,1,27,0,28,0,15,40,0,55,10,0,10,65
04/25/2005,SUX,IA,ACE,CE,Combined TRACON& Tower with Radar,0,15,46,4,65,0,0,9,0,9,0,15,55,4,74,2,4,6,80
04/26/2005,SUX,IA,ACE,CE,Combined TRACON& Tower with Radar,0,15,26,12,53,0,0,2,2,4,0,15,28,14,57,0,16,16,73
04/27/2005,SUX,IA,ACE,CE,Combined TRACON& Tower with Radar,0,18,36,7,61,0,0,20,2,22,0,18,56,9,83,10,0,10,93
04/28/2005,SUX,IA,ACE,CE,Combined TRACON& Tower with Radar,0,21,29,2,52,0,0,29,0,29,0,21,58,2,81,12,0,12,93
04/29/2005,SUX,IA,ACE,CE,Combined TRACON& Tower with Radar,0,17,46,15,78,0,0,22,0,22,0,17,68,15,100,6,14,20,120
04/30/2005,SUX,IA,ACE,CE,Combined TRACON& Tower with Radar,0,11,11,9,31,0,0,38,13,51,0,11,49,22,82,54,2,56,138
05/01/2005,SUX,IA,ACE,CE,Combined TRACON& Tower with Radar,0,14,11,0,25,0,0,16,0,16,0,14,27,0,41,26,0,26,67
05/02/2005,SUX,IA,ACE,CE,Combined TRACON& Tower with Radar,0,14,32,2,48,0,1,23,0,24,0,15,55,2,72,34,0,34,106
05/03/2005,SUX,IA,ACE,CE,Combined TRACON& Tower with Radar,0,17,58,26,101,0,1,41,0,42,0,18,99,26,143,18,22,40,183
05/04/2005,SUX,IA,ACE,CE,Combined TRACON& Tower with Radar,0,19,33,38,90,0,0,45,0,45,0,19,78,38,135,38,12,50,185
05/05/2005,SUX,IA,ACE,CE,Combined TRACON& Tower with Radar,0,16,32,20,68,0,6,36,4,46,0,22,68,24,114,12,8,20,134
05/06/2005,SUX,IA,ACE,CE,Combined TRACON& Tower with Radar,0,8,35,15,58,0,1,22,2,25,0,9,57,17,83,46,2,48,131
05/07/2005,SUX,IA,ACE,CE,Combined TRACON& Tower with Radar,0,12,8,0,20,0,0,0,0,0,0,12,8,0,20,0,0,0,20
05/08/2005,SUX,IA,ACE,CE,Combined TRACON& Tower with Radar,0,12,23,0,35,0,2,1,0,3,0,14,24,0,38,0,0,0,38
05/09/2005,SUX,IA,ACE,CE,Combined TRACON& Tower with Radar,0,28,19,17,64,0,0,12,2,14,0,28,31,19,78,6,8,14,92
05/10/2005,SUX,IA,ACE,CE,Combined TRACON& Tower with Radar,0,21,26,13,60,0,0,20,3,23,0,21,46,16,83,2,2,4,87
05/11/2005,SUX,IA,ACE,CE,Combined TRACON& Tower with Radar,0,17,16,0,33,0,0,2,0,2,0,17,18,0,35,2,0,2,37
05/12/2005,SUX,IA,ACE,CE,Combined TRACON& Tower with Radar,0,13,32,13,58,0,0,0,0,0,0,13,32,13,58,0,0,0,58
05/13/2005,SUX,IA,ACE,CE,Combined TRACON& Tower with Radar,0,14,47,8,69,0,1,7,0,8,0,15,54,8,77,8,0,8,85
05/14/2005,SUX,IA,ACE,CE,Combined TRACON& Tower with Radar,0,14,17,1,32,0,0,5,0,5,0,14,22,1,37,0,12,12,49
05/15/2005,SUX,IA,ACE,CE,Combined TRACON& Tower with Radar,0,16,15,0,31,0,0,55,1,56,0,16,70,1,87,24,0,24,111
05/16/2005,SUX,IA,ACE,CE,Combined TRACON& Tower with Radar,0,16,30,4,50,0,0,9,0,9,0,16,39,4,59,0,0,0,59
05/17/2005,SUX,IA,ACE,CE,Combined TRACON& Tower with Radar,0,19,26,5,50,0,0,9,0,9,0,19,35,5,59,0,0,0,59
05/18/2005,SUX,IA,ACE,CE,Combined TRACON& Tower with Radar,0,25,21,16,62,0,0,23,0,23,0,25,44,16,85,8,18,26,111
05/19/2005,SUX,IA,ACE,CE,Combined TRACON& Tower with Radar,0,23,33,26,82,0,0,38,2,40,0,23,71,28,122,32,34,66,188
05/20/2005,SUX,IA,ACE,CE,Combined TRACON& Tower with Radar,0,14,42,0,56,0,0,0,0,0,0,14,42,0,56,18,0,18,74
05/21/2005,SUX,IA,ACE,CE,Combined TRACON& Tower with Radar,0,14,14,0,28,0,0,11,0,11,0,14,25,0,39,0,0,0,39
05/22/2005,SUX,IA,ACE,CE,Combined TRACON& Tower with Radar,0,14,13,0,27,0,1,18,0,19,0,15,31,0,46,29,0,29,75
05/23/2005,SUX,IA,ACE,CE,Combined TRACON& Tower with Radar,0,20,36,14,70,0,0,40,0,40,0,20,76,14,110,14,30,44,154
05/24/2005,SUX,IA,ACE,CE,Combined TRACON& Tower with Radar,0,15,18,6,39,0,0,13,1,14,0,15,31,7,53,0,10,10,63
05/25/2005,SUX,IA,ACE,CE,Combined TRACON& Tower with Radar,0,18,17,17,52,0,1,6,3,10,0,19,23,20,62,0,4,4,66
05/26/2005,SUX,IA,ACE,CE,Combined TRACON& Tower with Radar,0,24,34,23,81,0,0,30,0,30,0,24,64,23,111,4,14,18,129
05/27/2005,SUX,IA,ACE,CE,Combined TRACON& Tower with Radar,0,15,39,1,55,0,0,41,0,41,0,15,80,1,96,16,0,16,112
05/28/2005,SUX,IA,ACE,CE,Combined TRACON& Tower with Radar,0,13,20,0,33,0,1,41,0,42,0,14,61,0,75,58,0,58,133
05/29/2005,SUX,IA,ACE,CE,Combined TRACON& Tower with Radar,0,8,6,0,14,0,0,32,0,32,0,8,38,0,46,12,0,12,58
05/30/2005,SUX,IA,ACE,CE,Combined TRACON& Tower with Radar,0,16,24,0,40,0,0,30,0,30,0,16,54,0,70,38,0,38,108
05/31/2005,SUX,IA,ACE,CE,Combined TRACON& Tower with Radar,0,16,21,2,39,0,0,12,0,12,0,16,33,2,51,0,0,0,51
06/01/2005,SUX,IA,ACE,CE,Combined TRACON& Tower with Radar,0,16,32,22,70,0,0,13,0,13,0,16,45,22,83,6,10,16,99
06/02/2005,SUX,IA,ACE,CE,Combined TRACON& Tower with Radar,0,18,28,15,61,0,0,19,10,29,0,18,47,25,90,0,6,6,96
06/03/2005,SUX,IA,ACE,CE,Combined TRACON& Tower with Radar,0,16,23,25,64,0,2,9,2,13,0,18,32,27,77,2,0,2,79
06/04/2005,SUX,IA,ACE,CE,Combined TRACON& Tower with Radar,0,13,12,5,30,0,0,5,0,5,0,13,17,5,35,2,0,2,37
06/05/2005,SUX,IA,ACE,CE,Combined TRACON& Tower with Radar,0,18,13,12,43,0,6,8,0,14,0,24,21,12,57,0,4,4,61
06/06/2005,SUX,IA,ACE,CE,Combined TRACON& Tower with Radar,0,22,20,12,54,0,1,29,0,30,0,23,49,12,84,0,0,0,84
06/07/2005,SUX,IA,ACE,CE,Combined TRACON& Tower with Radar,0,16,27,14,57,0,0,29,5,34,0,16,56,19,91,10,0,10,101
06/08/2005,SUX,IA,ACE,CE,Combined TRACON& Tower with Radar,0,16,33,18,67,0,0,20,0,20,0,16,53,18,87,56,0,56,143
06/09/2005,SUX,IA,ACE,CE,Combined TRACON& Tower with Radar,0,15,22,4,41,0,0,0,0,0,0,15,22,4,41,18,0,18,59
06/10/2005,SUX,IA,ACE,CE,Combined TRACON& Tower with Radar,0,15,39,0,54,0,0,13,0,13,0,15,52,0,67,2,0,2,69
06/11/2005,SUX,IA,ACE,CE,Combined TRACON& Tower with Radar,0,11,16,0,27,0,1,12,3,16,0,12,28,3,43,6,0,6,49
06/12/2005,SUX,IA,ACE,CE,Combined TRACON& Tower with Radar,0,14,14,0,28,0,3,32,0,35,0,17,46,0,63,10,0,10,73
06/13/2005,SUX,IA,ACE,CE,Combined TRACON& Tower with Radar,0,18,24,4,46,0,3,12,2,17,0,21,36,6,63,4,0,4,67
06/14/2005,SUX,IA,ACE,CE,Combined TRACON& Tower with Radar,0,18,35,11,64,0,0,10,0,10,0,18,45,11,74,0,2,2,76
06/15/2005,SUX,IA,ACE,CE,Combined TRACON& Tower with Radar,2,16,36,3,57,0,0,37,4,41,2,16,73,7,98,16,4,20,118
06/16/2005,SUX,IA,ACE,CE,Combined TRACON& Tower with Radar,0,14,53,6,73,0,0,49,2,51,0,14,102,8,124,42,0,42,166
06/17/2005,SUX,IA,ACE,CE,Combined TRACON& Tower with Radar,0,10,31,4,45,0,0,0,0,0,0,10,31,4,45,64,8,72,117
06/18/2005,SUX,IA,ACE,CE,Combined TRACON& Tower with Radar,2,10,17,3,32,0,0,33,0,33,2,10,50,3,65,30,0,30,95
06/19/2005,SUX,IA,ACE,CE,Combined TRACON& Tower with Radar,0,13,20,2,35,0,1,27,0,28,0,14,47,2,63,40,4,44,107
06/20/2005,SUX,IA,ACE,CE,Combined TRACON& Tower with Radar,0,13,39,18,70,0,0,6,0,6,0,13,45,18,76,28,18,46,122
06/21/2005,SUX,IA,ACE,CE,Combined TRACON& Tower with Radar,0,13,35,8,56,0,0,18,0,18,0,13,53,8,74,24,8,32,106
06/22/2005,SUX,IA,ACE,CE,Combined TRACON& Tower with Radar,0,11,43,10,64,0,2,19,1,22,0,13,62,11,86,10,12,22,108
06/23/2005,SUX,IA,ACE,CE,Combined TRACON& Tower with Radar,0,13,46,5,64,0,0,0,0,0,0,13,46,5,64,0,0,0,64
06/24/2005,SUX,IA,ACE,CE,Combined TRACON& Tower with Radar,0,11,33,0,44,0,0,0,0,0,0,11,33,0,44,54,0,54,98
06/25/2005,SUX,IA,ACE,CE,Combined TRACON& Tower with Radar,0,9,10,3,22,0,0,11,0,11,0,9,21,3,33,0,0,0,33
06/26/2005,SUX,IA,ACE,CE,Combined TRACON& Tower with Radar,0,15,15,2,32,0,0,9,0,9,0,15,24,2,41,0,0,0,41
06/27/2005,SUX,IA,ACE,CE,Combined TRACON& Tower with Radar,0,13,22,0,35,0,0,16,0,16,0,13,38,0,51,10,0,10,61
06/28/2005,SUX,IA,ACE,CE,Combined TRACON& Tower with Radar,0,19,33,22,74,0,0,22,8,30,0,19,55,30,104,41,8,49,153
06/29/2005,SUX,IA,ACE,CE,Combined TRACON& Tower with Radar,0,14,38,1,53,0,0,16,0,16,0,14,54,1,69,2,0,2,71
06/30/2005,SUX,IA,ACE,CE,Combined TRACON& Tower with Radar,0,18,29,0,47,18,48,0,0,66,18,66,29,0,113,42,6,48,161
07/01/2005,SUX,IA,ACE,CE,Combined TRACON& Tower with Radar,0,11,30,0,41,0,0,43,0,43,0,11,73,0,84,58,0,58,142
07/02/2005,SUX,IA,ACE,CE,Combined TRACON& Tower with Radar,0,7,14,0,21,0,0,18,0,18,0,7,32,0,39,22,0,22,61
07/03/2005,SUX,IA,ACE,CE,Combined TRACON& Tower with Radar,0,7,11,1,19,0,0,21,1,22,0,7,32,2,41,32,0,32,73
07/04/2005,SUX,IA,ACE,CE,Combined TRACON& Tower with Radar,0,13,3,0,16,0,0,23,0,23,0,13,26,0,39,6,0,6,45
07/05/2005,SUX,IA,ACE,CE,Combined TRACON& Tower with Radar,0,16,24,5,45,0,0,19,0,19,0,16,43,5,64,4,0,4,68
07/06/2005,SUX,IA,ACE,CE,Combined TRACON& Tower with Radar,0,18,29,5,52,0,0,33,0,33,0,18,62,5,85,8,0,8,93
07/07/2005,SUX,IA,ACE,CE,Combined TRACON& Tower with Radar,0,14,38,24,76,0,0,0,0,0,0,14,38,24,76,4,26,30,106
07/08/2005,SUX,IA,ACE,CE,Combined TRACON& Tower with Radar,0,14,41,3,58,0,1,20,1,22,0,15,61,4,80,6,0,6,86
07/09/2005,SUX,IA,ACE,CE,Combined TRACON& Tower with Radar,0,9,18,6,33,0,1,15,1,17,0,10,33,7,50,4,18,22,72
07/10/2005,SUX,IA,ACE,CE,Combined TRACON& Tower with Radar,0,12,16,7,35,0,0,24,1,25,0,12,40,8,60,0,8,8,68
07/11/2005,SUX,IA,ACE,CE,Combined TRACON& Tower with Radar,0,17,30,12,59,0,0,9,0,9,0,17,39,12,68,0,24,24,92
07/12/2005,SUX,IA,ACE,CE,Combined TRACON& Tower with Radar,0,18,27,15,60,0,0,23,3,26,0,18,50,18,86,32,0,32,118
07/13/2005,SUX,IA,ACE,CE,Combined TRACON& Tower with Radar,0,16,27,8,51,0,0,48,0,48,0,16,75,8,99,76,2,78,177
07/14/2005,SUX,IA,ACE,CE,Combined TRACON& Tower with Radar,0,14,38,44,96,0,0,13,3,16,0,14,51,47,112,4,14,18,130
07/15/2005,SUX,IA,ACE,CE,Combined TRACON& Tower with Radar,0,10,34,13,57,0,0,30,1,31,0,10,64,14,88,62,0,62,150
07/16/2005,SUX,IA,ACE,CE,Combined TRACON& Tower with Radar,0,10,29,3,42,0,2,19,0,21,0,12,48,3,63,2,0,2,65
07/17/2005,SUX,IA,ACE,CE,Combined TRACON& Tower with Radar,0,14,25,2,41,0,1,96,0,97,0,15,121,2,138,14,0,14,152
07/18/2005,SUX,IA,ACE,CE,Combined TRACON& Tower with Radar,0,12,42,46,100,0,0,17,0,17,0,12,59,46,117,20,20,40,157
07/19/2005,SUX,IA,ACE,CE,Combined TRACON& Tower with Radar,0,13,35,6,54,0,0,31,1,32,0,13,66,7,86,24,4,28,114
07/20/2005,SUX,IA,ACE,CE,Combined TRACON& Tower with Radar,0,16,29,18,63,0,0,22,1,23,0,16,51,19,86,14,14,28,114
07/21/2005,SUX,IA,ACE,CE,Combined TRACON& Tower with Radar,0,17,30,20,67,0,0,0,0,0,0,17,30,20,67,24,24,48,115
07/22/2005,SUX,IA,ACE,CE,Combined TRACON& Tower with Radar,0,9,39,1,49,0,0,30,0,30,0,9,69,1,79,16,0,16,95
07/23/2005,SUX,IA,ACE,CE,Combined TRACON& Tower with Radar,0,12,37,0,49,0,0,0,0,0,0,12,37,0,49,18,0,18,67
07/24/2005,SUX,IA,ACE,CE,Combined TRACON& Tower with Radar,1,14,25,2,42,0,0,38,1,39,1,14,63,3,81,40,0,40,121
07/25/2005,SUX,IA,ACE,CE,Combined TRACON& Tower with Radar,2,11,17,0,30,0,0,9,0,9,2,11,26,0,39,0,0,0,39
07/26/2005,SUX,IA,ACE,CE,Combined TRACON& Tower with Radar,0,16,29,6,51,0,0,38,1,39,0,16,67,7,90,44,8,52,142
07/27/2005,SUX,IA,ACE,CE,Combined TRACON& Tower with Radar,0,15,36,19,70,0,0,56,2,58,0,15,92,21,128,52,10,62,190
07/28/2005,SUX,IA,ACE,CE,Combined TRACON& Tower with Radar,0,14,30,19,63,0,0,37,0,37,0,14,67,19,100,40,8,48,148
07/29/2005,SUX,IA,ACE,CE,Combined TRACON& Tower with Radar,0,14,31,24,69,0,0,28,3,31,0,14,59,27,100,21,26,47,147
07/30/2005,SUX,IA,ACE,CE,Combined TRACON& Tower with Radar,0,11,15,0,26,0,0,24,0,24,0,11,39,0,50,0,0,0,50
07/31/2005,SUX,IA,ACE,CE,Combined TRACON& Tower with Radar,0,15,25,0,40,0,0,36,0,36,0,15,61,0,76,33,0,33,109
08/01/2005,SUX,IA,ACE,CE,Combined TRACON& Tower with Radar,0,12,39,2,53,0,0,15,0,15,0,12,54,2,68,6,0,6,74
08/02/2005,SUX,IA,ACE,CE,Combined TRACON& Tower with Radar,0,16,30,11,57,0,0,13,3,16,0,16,43,14,73,2,22,24,97
08/03/2005,SUX,IA,ACE,CE,Combined TRACON& Tower with Radar,0,14,26,3,43,0,0,24,0,24,0,14,50,3,67,0,0,0,67
08/04/2005,SUX,IA,ACE,CE,Combined TRACON& Tower with Radar,0,13,28,2,43,0,0,0,0,0,0,13,28,2,43,44,0,44,87
08/05/2005,SUX,IA,ACE,CE,Combined TRACON& Tower with Radar,0,11,27,0,38,0,0,46,3,49,0,11,73,3,87,28,0,28,115
08/06/2005,SUX,IA,ACE,CE,Combined TRACON& Tower with Radar,0,12,23,2,37,0,0,47,0,47,0,12,70,2,84,10,0,10,94
08/07/2005,SUX,IA,ACE,CE,Combined TRACON& Tower with Radar,0,12,25,16,53,0,1,42,0,43,0,13,67,16,96,26,16,42,138
08/08/2005,SUX,IA,ACE,CE,Combined TRACON& Tower with Radar,0,14,42,8,64,0,0,27,0,27,0,14,69,8,91,8,0,8,99
08/09/2005,SUX,IA,ACE,CE,Combined TRACON& Tower with Radar,0,15,18,2,35,0,0,18,0,18,0,15,36,2,53,14,0,14,67
08/10/2005,SUX,IA,ACE,CE,Combined TRACON& Tower with Radar,0,15,38,36,89,0,2,16,0,18,0,17,54,36,107,26,18,44,151
08/11/2005,SUX,IA,ACE,CE,Combined TRACON& Tower with Radar,0,14,36,27,77,0,0,9,0,9,0,14,45,27,86,44,22,66,152
08/12/2005,SUX,IA,ACE,CE,Combined TRACON& Tower with Radar,0,12,21,9,42,0,0,18,0,18,0,12,39,9,60,16,2,18,78
08/13/2005,SUX,IA,ACE,CE,Combined TRACON& Tower with Radar,0,10,18,0,28,0,0,11,0,11,0,10,29,0,39,0,0,0,39
08/14/2005,SUX,IA,ACE,CE,Combined TRACON& Tower with Radar,0,12,23,0,35,0,0,44,1,45,0,12,67,1,80,20,0,20,100
08/15/2005,SUX,IA,ACE,CE,Combined TRACON& Tower with Radar,0,12,31,4,47,0,0,29,1,30,0,12,60,5,77,4,22,26,103
08/16/2005,SUX,IA,ACE,CE,Combined TRACON& Tower with Radar,0,14,27,18,59,0,0,21,3,24,0,14,48,21,83,8,14,22,105
08/17/2005,SUX,IA,ACE,CE,Combined TRACON& Tower with Radar,0,14,33,22,69,0,0,11,0,11,0,14,44,22,80,0,4,4,84
08/18/2005,SUX,IA,ACE,CE,Combined TRACON& Tower with Radar,0,13,41,27,81,0,0,0,0,0,0,13,41,27,81,34,12,46,127
08/19/2005,SUX,IA,ACE,CE,Combined TRACON& Tower with Radar,0,10,20,33,63,0,0,0,0,0,0,10,20,33,63,20,16,36,99
08/20/2005,SUX,IA,ACE,CE,Combined TRACON& Tower with Radar,0,8,14,0,22,0,1,51,0,52,0,9,65,0,74,22,0,22,96
08/21/2005,SUX,IA,ACE,CE,Combined TRACON& Tower with Radar,0,15,20,0,35,0,0,32,0,32,0,15,52,0,67,6,0,6,73
08/22/2005,SUX,IA,ACE,CE,Combined TRACON& Tower with Radar,0,17,44,21,82,0,0,34,0,34,0,17,78,21,116,8,10,18,134
08/23/2005,SUX,IA,ACE,CE,Combined TRACON& Tower with Radar,0,16,33,33,82,0,0,23,4,27,0,16,56,37,109,24,46,70,179
08/24/2005,SUX,IA,ACE,CE,Combined TRACON& Tower with Radar,0,22,44,11,77,0,0,12,2,14,0,22,56,13,91,0,4,4,95
08/25/2005,SUX,IA,ACE,CE,Combined TRACON& Tower with Radar,0,14,41,4,59,0,0,1,0,1,0,14,42,4,60,0,0,0,60
08/26/2005,SUX,IA,ACE,CE,Combined TRACON& Tower with Radar,0,15,32,13,60,0,0,0,0,0,0,15,32,13,60,18,6,24,84
08/27/2005,SUX,IA,ACE,CE,Combined TRACON& Tower with Radar,0,8,16,0,24,0,0,21,0,21,0,8,37,0,45,86,0,86,131
08/28/2005,SUX,IA,ACE,CE,Combined TRACON& Tower with Radar,0,14,21,0,35,0,0,39,0,39,0,14,60,0,74,4,0,4,78
08/29/2005,SUX,IA,ACE,CE,Combined TRACON& Tower with Radar,0,12,36,11,59,0,0,37,0,37,0,12,73,11,96,42,0,42,138
08/30/2005,SUX,IA,ACE,CE,Combined TRACON& Tower with Radar,0,14,37,17,68,0,0,26,2,28,0,14,63,19,96,10,28,38,134
08/31/2005,SUX,IA,ACE,CE,Combined TRACON& Tower with Radar,0,19,49,62,130,0,1,25,5,31,0,20,74,67,161,2,36,38,199
09/01/2005,SUX,IA,ACE,CE,Combined TRACON& Tower with Radar,0,21,42,0,63,0,0,0,0,0,0,21,42,0,63,16,0,16,79
09/02/2005,SUX,IA,ACE,CE,Combined TRACON& Tower with Radar,0,16,34,7,57,0,0,29,1,30,0,16,63,8,87,42,0,42,129
09/03/2005,SUX,IA,ACE,CE,Combined TRACON& Tower with Radar,0,9,12,4,25,0,0,12,0,12,0,9,24,4,37,14,0,14,51
09/04/2005,SUX,IA,ACE,CE,Combined TRACON& Tower with Radar,0,6,5,5,16,0,1,9,0,10,0,7,14,5,26,18,0,18,44
09/05/2005,SUX,IA,ACE,CE,Combined TRACON& Tower with Radar,0,11,15,7,33,0,0,22,2,24,0,11,37,9,57,32,0,32,89
09/06/2005,SUX,IA,ACE,CE,Combined TRACON& Tower with Radar,0,12,19,6,37,0,0,14,0,14,0,12,33,6,51,22,0,22,73
09/07/2005,SUX,IA,ACE,CE,Combined TRACON& Tower with Radar,0,14,32,19,65,0,1,10,0,11,0,15,42,19,76,10,6,16,92
09/08/2005,SUX,IA,ACE,CE,Combined TRACON& Tower with Radar,0,20,47,6,73,0,0,15,0,15,0,20,62,6,88,16,0,16,104
09/09/2005,SUX,IA,ACE,CE,Combined TRACON& Tower with Radar,0,14,25,19,58,0,0,22,0,22,0,14,47,19,80,10,13,23,103
09/10/2005,SUX,IA,ACE,CE,Combined TRACON& Tower with Radar,0,11,15,4,30,0,0,19,0,19,0,11,34,4,49,6,0,6,55
09/11/2005,SUX,IA,ACE,CE,Combined TRACON& Tower with Radar,0,14,15,6,35,0,0,33,0,33,0,14,48,6,68,28,0,28,96
09/12/2005,SUX,IA,ACE,CE,Combined TRACON& Tower with Radar,1,12,29,0,42,0,1,10,1,12,1,13,39,1,54,2,0,2,56
09/13/2005,SUX,IA,ACE,CE,Combined TRACON& Tower with Radar,0,25,25,12,62,0,0,13,7,20,0,25,38,19,82,2,6,8,90
09/14/2005,SUX,IA,ACE,CE,Combined TRACON& Tower with Radar,0,20,60,20,100,0,1,26,10,37,0,21,86,30,137,0,8,8,145
09/15/2005,SUX,IA,ACE,CE,Combined TRACON& Tower with Radar,0,22,44,14,80,0,0,0,0,0,0,22,44,14,80,20,0,20,100
09/16/2005,SUX,IA,ACE,CE,Combined TRACON& Tower with Radar,0,17,31,12,60,0,0,36,3,39,0,17,67,15,99,20,10,30,129
09/17/2005,SUX,IA,ACE,CE,Combined TRACON& Tower with Radar,0,8,20,2,30,0,0,9,0,9,0,8,29,2,39,34,0,34,73
09/18/2005,SUX,IA,ACE,CE,Combined TRACON& Tower with Radar,0,14,14,0,28,0,0,22,0,22,0,14,36,0,50,34,0,34,84
09/19/2005,SUX,IA,ACE,CE,Combined TRACON& Tower with Radar,0,16,43,0,59,0,1,23,0,24,0,17,66,0,83,26,0,26,109
09/20/2005,SUX,IA,ACE,CE,Combined TRACON& Tower with Radar,0,17,51,12,80,0,0,11,2,13,0,17,62,14,93,8,16,24,117
09/21/2005,SUX,IA,ACE,CE,Combined TRACON& Tower with Radar,0,14,37,12,63,0,0,26,1,27,0,14,63,13,90,8,4,12,102
09/22/2005,SUX,IA,ACE,CE,Combined TRACON& Tower with Radar,0,20,50,4,74,0,0,12,5,17,0,20,62,9,91,20,6,26,117
09/23/2005,SUX,IA,ACE,CE,Combined TRACON& Tower with Radar,0,12,26,12,50,0,0,28,0,28,0,12,54,12,78,6,2,8,86
09/24/2005,SUX,IA,ACE,CE,Combined TRACON& Tower with Radar,0,8,11,5,24,0,0,9,0,9,0,8,20,5,33,12,0,12,45
09/25/2005,SUX,IA,ACE,CE,Combined TRACON& Tower with Radar,0,13,20,13,46,0,0,1,0,1,0,13,21,13,47,0,0,0,47
09/26/2005,SUX,IA,ACE,CE,Combined TRACON& Tower with Radar,0,15,48,29,92,0,0,26,2,28,0,15,74,31,120,10,32,42,162
09/27/2005,SUX,IA,ACE,CE,Combined TRACON& Tower with Radar,0,13,37,6,56,0,0,26,0,26,0,13,63,6,82,6,0,6,88
09/28/2005,SUX,IA,ACE,CE,Combined TRACON& Tower with Radar,2,14,31,7,54,0,2,3,1,6,2,16,34,8,60,0,0,0,60
09/29/2005,SUX,IA,ACE,CE,Combined TRACON& Tower with Radar,0,12,36,2,50,0,0,0,0,0,0,12,36,2,50,0,0,0,50
09/30/2005,SUX,IA,ACE,CE,Combined TRACON& Tower with Radar,0,15,19,3,37,0,0,27,0,27,0,15,46,3,64,24,0,24,88
10/01/2005,SUX,IA,ACE,CE,Combined TRACON& Tower with Radar,0,10,36,10,56,0,0,20,0,20,0,10,56,10,76,44,4,48,124
10/02/2005,SUX,IA,ACE,CE,Combined TRACON& Tower with Radar,0,14,22,0,36,0,0,11,0,11,0,14,33,0,47,26,0,26,73
10/03/2005,SUX,IA,ACE,CE,Combined TRACON& Tower with Radar,0,13,38,0,51,0,0,18,0,18,0,13,56,0,69,8,0,8,77
10/04/2005,SUX,IA,ACE,CE,Combined TRACON& Tower with Radar,0,10,22,7,39,0,0,3,1,4,0,10,25,8,43,0,0,0,43
10/05/2005,SUX,IA,ACE,CE,Combined TRACON& Tower with Radar,0,14,25,47,86,0,0,8,0,8,0,14,33,47,94,0,14,14,108
10/06/2005,SUX,IA,ACE,CE,Combined TRACON& Tower with Radar,0,14,14,10,38,0,0,15,3,18,0,14,29,13,56,10,4,14,70
10/07/2005,SUX,IA,ACE,CE,Combined TRACON& Tower with Radar,0,18,23,23,64,0,0,20,0,20,0,18,43,23,84,16,22,38,122
10/08/2005,SUX,IA,ACE,CE,Combined TRACON& Tower with Radar,0,10,20,0,30,0,0,28,0,28,0,10,48,0,58,26,0,26,84
10/09/2005,SUX,IA,ACE,CE,Combined TRACON& Tower with Radar,0,11,7,0,18,0,0,36,0,36,0,11,43,0,54,62,0,62,116
10/10/2005,SUX,IA,ACE,CE,Combined TRACON& Tower with Radar,0,17,32,0,49,0,0,21,0,21,0,17,53,0,70,10,0,10,80
10/11/2005,SUX,IA,ACE,CE,Combined TRACON& Tower with Radar,0,17,43,22,82,0,0,3,0,3,0,17,46,22,85,2,4,6,91
10/12/2005,SUX,IA,ACE,CE,Combined TRACON& Tower with Radar,0,15,22,2,39,0,0,0,0,0,0,15,22,2,39,0,0,0,39
10/13/2005,SUX,IA,ACE,CE,Combined TRACON& Tower with Radar,0,13,42,10,65,0,0,0,0,0,0,13,42,10,65,16,4,20,85
10/14/2005,SUX,IA,ACE,CE,Combined TRACON& Tower with Radar,0,15,32,29,76,0,0,45,7,52,0,15,77,36,128,2,6,8,136
10/15/2005,SUX,IA,ACE,CE,Combined TRACON& Tower with Radar,0,10,14,1,25,0,0,23,0,23,0,10,37,1,48,32,0,32,80
10/16/2005,SUX,IA,ACE,CE,Combined TRACON& Tower with Radar,0,15,24,0,39,0,0,20,0,20,0,15,44,0,59,16,0,16,75
10/17/2005,SUX,IA,ACE,CE,Combined TRACON& Tower with Radar,0,15,34,2,51,0,0,18,0,18,0,15,52,2,69,6,0,6,75
10/18/2005,SUX,IA,ACE,CE,Combined TRACON& Tower with Radar,0,12,27,18,57,0,0,26,0,26,0,12,53,18,83,4,2,6,89
10/19/2005,SUX,IA,ACE,CE,Combined TRACON& Tower with Radar,0,16,40,12,68,0,0,25,0,25,0,16,65,12,93,6,10,16,109
10/20/2005,SUX,IA,ACE,CE,Combined TRACON& Tower with Radar,0,16,25,14,55,0,0,21,1,22,0,16,46,15,77,16,10,26,103
10/21/2005,SUX,IA,ACE,CE,Combined TRACON& Tower with Radar,0,12,37,17,66,0,0,15,2,17,0,12,52,19,83,6,4,10,93
10/22/2005,SUX,IA,ACE,CE,Combined TRACON& Tower with Radar,0,10,16,0,26,0,0,4,0,4,0,10,20,0,30,12,0,12,42
10/23/2005,SUX,IA,ACE,CE,Combined TRACON& Tower with Radar,0,11,18,2,31,0,0,1,0,1,0,11,19,2,32,6,0,6,38
10/24/2005,SUX,IA,ACE,CE,Combined TRACON& Tower with Radar,0,15,29,36,80,0,0,17,1,18,0,15,46,37,98,16,18,34,132
10/25/2005,SUX,IA,ACE,CE,Combined TRACON& Tower with Radar,0,14,40,29,83,0,0,31,0,31,0,14,71,29,114,24,12,36,150
10/26/2005,SUX,IA,ACE,CE,Combined TRACON& Tower with Radar,0,13,33,24,70,0,1,20,2,23,0,14,53,26,93,8,8,16,109
10/27/2005,SUX,IA,ACE,CE,Combined TRACON& Tower with Radar,0,12,24,26,62,0,0,17,5,22,0,12,41,31,84,8,14,22,106
10/28/2005,SUX,IA,ACE,CE,Combined TRACON& Tower with Radar,0,12,31,11,54,0,0,0,0,0,0,12,31,11,54,2,10,12,66
10/29/2005,SUX,IA,ACE,CE,Combined TRACON& Tower with Radar,0,11,27,0,38,0,0,13,0,13,0,11,40,0,51,0,0,0,51
10/30/2005,SUX,IA,ACE,CE,Combined TRACON& Tower with Radar,0,13,11,2,26,0,1,26,0,27,0,14,37,2,53,58,0,58,111
10/31/2005,SUX,IA,ACE,CE,Combined TRACON& Tower with Radar,0,11,16,42,69,0,0,8,14,22,0,11,24,56,91,3,18,21,112
11/01/2005,SUX,IA,ACE,CE,Combined TRACON& Tower with Radar,0,15,25,25,65,0,0,41,3,44,0,15,66,28,109,6,4,10,119
11/02/2005,SUX,IA,ACE,CE,Combined TRACON& Tower with Radar,0,22,30,32,84,0,0,42,0,42,0,22,72,32,126,24,24,48,174
11/03/2005,SUX,IA,ACE,CE,Combined TRACON& Tower with Radar,0,13,44,14,71,0,0,25,0,25,0,13,69,14,96,4,10,14,110
11/04/2005,SUX,IA,ACE,CE,Combined TRACON& Tower with Radar,0,11,29,5,45,0,0,18,1,19,0,11,47,6,64,0,0,0,64
11/05/2005,SUX,IA,ACE,CE,Combined TRACON& Tower with Radar,0,9,21,0,30,0,0,11,0,11,0,9,32,0,41,34,0,34,75
11/06/2005,SUX,IA,ACE,CE,Combined TRACON& Tower with Radar,0,12,6,0,18,0,0,25,0,25,0,12,31,0,43,14,0,14,57
11/07/2005,SUX,IA,ACE,CE,Combined TRACON& Tower with Radar,0,14,21,13,48,0,0,18,0,18,0,14,39,13,66,0,0,0,66
11/08/2005,SUX,IA,ACE,CE,Combined TRACON& Tower with Radar,0,15,50,4,69,0,0,29,2,31,0,15,79,6,100,6,0,6,106
11/09/2005,SUX,IA,ACE,CE,Combined TRACON& Tower with Radar,0,18,38,8,64,0,0,25,0,25,0,18,63,8,89,18,0,18,107
11/10/2005,SUX,IA,ACE,CE,Combined TRACON& Tower with Radar,0,15,38,32,85,0,0,21,6,27,0,15,59,38,112,4,12,16,128
11/11/2005,SUX,IA,ACE,CE,Combined TRACON& Tower with Radar,0,20,27,0,47,0,0,0,0,0,0,20,27,0,47,22,0,22,69
11/12/2005,SUX,IA,ACE,CE,Combined TRACON& Tower with Radar,0,13,13,0,26,0,2,1,0,3,0,15,14,0,29,0,0,0,29
11/13/2005,SUX,IA,ACE,CE,Combined TRACON& Tower with Radar,0,13,19,0,32,0,0,23,0,23,0,13,42,0,55,14,0,14,69
11/14/2005,SUX,IA,ACE,CE,Combined TRACON& Tower with Radar,0,17,18,0,35,0,0,6,0,6,0,17,24,0,41,0,0,0,41
11/15/2005,SUX,IA,ACE,CE,Combined TRACON& Tower with Radar,0,14,19,0,33,0,0,0,0,0,0,14,19,0,33,0,0,0,33
11/16/2005,SUX,IA,ACE,CE,Combined TRACON& Tower with Radar,0,10,25,16,51,0,0,0,0,0,0,10,25,16,51,0,0,0,51
11/17/2005,SUX,IA,ACE,CE,Combined TRACON& Tower with Radar,0,9,21,33,63,0,0,20,0,20,0,9,41,33,83,8,2,10,93
11/18/2005,SUX,IA,ACE,CE,Combined TRACON& Tower with Radar,0,13,31,11,55,0,0,20,4,24,0,13,51,15,79,8,4,12,91
11/19/2005,SUX,IA,ACE,CE,Combined TRACON& Tower with Radar,0,10,6,0,16,0,0,3,0,3,0,10,9,0,19,0,0,0,19
11/20/2005,SUX,IA,ACE,CE,Combined TRACON& Tower with Radar,0,13,12,0,25,0,0,29,0,29,0,13,41,0,54,56,0,56,110
11/21/2005,SUX,IA,ACE,CE,Combined TRACON& Tower with Radar,0,13,38,11,62,0,0,20,0,20,0,13,58,11,82,16,2,18,100
11/22/2005,SUX,IA,ACE,CE,Combined TRACON& Tower with Radar,0,18,40,14,72,0,0,41,6,47,0,18,81,20,119,0,22,22,141
11/23/2005,SUX,IA,ACE,CE,Combined TRACON& Tower with Radar,0,12,29,17,58,0,1,9,1,11,0,13,38,18,69,12,16,28,97
11/24/2005,SUX,IA,ACE,CE,Combined TRACON& Tower with Radar,0,8,7,0,15,0,0,0,0,0,0,8,7,0,15,0,0,0,15
11/25/2005,SUX,IA,ACE,CE,Combined TRACON& Tower with Radar,0,8,17,0,25,0,0,23,0,23,0,8,40,0,48,2,0,2,50
11/26/2005,SUX,IA,ACE,CE,Combined TRACON& Tower with Radar,0,10,13,0,23,0,4,19,0,23,0,14,32,0,46,0,0,0,46
11/27/2005,SUX,IA,ACE,CE,Combined TRACON& Tower with Radar,0,21,18,0,39,0,0,0,0,0,0,21,18,0,39,0,0,0,39
11/28/2005,SUX,IA,ACE,CE,Combined TRACON& Tower with Radar,0,11,18,0,29,0,0,0,0,0,0,11,18,0,29,0,0,0,29
11/29/2005,SUX,IA,ACE,CE,Combined TRACON& Tower with Radar,0,22,23,11,56,0,0,0,0,0,0,22,23,11,56,0,14,14,70
11/30/2005,SUX,IA,ACE,CE,Combined TRACON& Tower with Radar,0,14,41,20,75,0,0,1,6,7,0,14,42,26,82,2,2,4,86
12/01/2005,SUX,IA,ACE,CE,Combined TRACON& Tower with Radar,4,11,26,1,42,0,3,1,0,4,4,14,27,1,46,0,0,0,46
12/02/2005,SUX,IA,ACE,CE,Combined TRACON& Tower with Radar,0,16,23,13,52,0,0,0,7,7,0,16,23,20,59,0,16,16,75
12/03/2005,SUX,IA,ACE,CE,Combined TRACON& Tower with Radar,0,15,11,13,39,0,0,5,0,5,0,15,16,13,44,0,4,4,48
12/04/2005,SUX,IA,ACE,CE,Combined TRACON& Tower with Radar,0,14,6,0,20,0,0,6,1,7,0,14,12,1,27,24,0,24,51
12/05/2005,SUX,IA,ACE,CE,Combined TRACON& Tower with Radar,0,11,21,11,43,0,0,1,0,1,0,11,22,11,44,0,12,12,56
12/06/2005,SUX,IA,ACE,CE,Combined TRACON& Tower with Radar,0,22,19,41,82,0,0,7,10,17,0,22,26,51,99,0,26,26,125
12/07/2005,SUX,IA,ACE,CE,Combined TRACON& Tower with Radar,0,14,26,8,48,0,1,6,0,7,0,15,32,8,55,0,2,2,57
12/08/2005,SUX,IA,ACE,CE,Combined TRACON& Tower with Radar,0,12,23,28,63,0,0,0,0,0,0,12,23,28,63,12,10,22,85
12/09/2005,SUX,IA,ACE,CE,Combined TRACON& Tower with Radar,0,13,25,13,51,0,0,7,2,9,0,13,32,15,60,0,12,12,72
12/10/2005,SUX,IA,ACE,CE,Combined TRACON& Tower with Radar,0,11,8,0,19,0,0,6,0,6,0,11,14,0,25,0,0,0,25
12/11/2005,SUX,IA,ACE,CE,Combined TRACON& Tower with Radar,0,14,24,0,38,0,0,22,0,22,0,14,46,0,60,6,0,6,66
12/12/2005,SUX,IA,ACE,CE,Combined TRACON& Tower with Radar,0,17,22,14,53,0,1,17,0,18,0,18,39,14,71,24,32,56,127
12/13/2005,SUX,IA,ACE,CE,Combined TRACON& Tower with Radar,0,17,29,9,55,0,1,0,0,1,0,18,29,9,56,0,0,0,56
12/14/2005,SUX,IA,ACE,CE,Combined TRACON& Tower with Radar,0,15,31,15,61,0,0,0,0,0,0,15,31,15,61,8,0,8,69
12/15/2005,SUX,IA,ACE,CE,Combined TRACON& Tower with Radar,0,15,20,21,56,0,0,0,0,0,0,15,20,21,56,0,0,0,56
12/16/2005,SUX,IA,ACE,CE,Combined TRACON& Tower with Radar,0,11,39,12,62,0,1,4,8,13,0,12,43,20,75,6,0,6,81
12/17/2005,SUX,IA,ACE,CE,Combined TRACON& Tower with Radar,0,8,9,0,17,0,0,17,0,17,0,8,26,0,34,8,0,8,42
12/18/2005,SUX,IA,ACE,CE,Combined TRACON& Tower with Radar,0,13,14,0,27,0,0,12,0,12,0,13,26,0,39,4,0,4,43
12/19/2005,SUX,IA,ACE,CE,Combined TRACON& Tower with Radar,0,13,29,10,52,0,1,26,1,28,0,14,55,11,80,2,9,11,91
12/20/2005,SUX,IA,ACE,CE,Combined TRACON& Tower with Radar,0,13,44,18,75,0,0,16,2,18,0,13,60,20,93,16,20,36,129
12/21/2005,SUX,IA,ACE,CE,Combined TRACON& Tower with Radar,0,13,27,23,63,0,0,29,3,32,0,13,56,26,95,28,28,56,151
12/22/2005,SUX,IA,ACE,CE,Combined TRACON& Tower with Radar,0,14,24,12,50,0,0,0,0,0,0,14,24,12,50,10,8,18,68
12/23/2005,SUX,IA,ACE,CE,Combined TRACON& Tower with Radar,0,13,19,0,32,0,0,14,0,14,0,13,33,0,46,4,0,4,50
12/24/2005,SUX,IA,ACE,CE,Combined TRACON& Tower with Radar,0,8,3,0,11,0,0,0,0,0,0,8,3,0,11,0,0,0,11
12/25/2005,SUX,IA,ACE,CE,Combined TRACON& Tower with Radar,0,7,8,0,15,0,0,0,0,0,0,7,8,0,15,4,0,4,19
12/26/2005,SUX,IA,ACE,CE,Combined TRACON& Tower with Radar,0,15,14,0,29,0,0,13,0,13,0,15,27,0,42,0,0,0,42
12/27/2005,SUX,IA,ACE,CE,Combined TRACON& Tower with Radar,0,20,19,0,39,0,0,6,0,6,0,20,25,0,45,8,0,8,53
12/28/2005,SUX,IA,ACE,CE,Combined TRACON& Tower with Radar,0,17,0,0,17,16,15,0,0,31,16,32,0,0,48,0,0,0,48
12/29/2005,SUX,IA,ACE,CE,Combined TRACON& Tower with Radar,0,10,9,0,19,0,0,0,0,0,0,10,9,0,19,0,0,0,19
12/30/2005,SUX,IA,ACE,CE,Combined TRACON& Tower with Radar,0,10,9,0,19,0,0,0,0,0,0,10,9,0,19,0,0,0,19
12/31/2005,SUX,IA,ACE,CE,Combined TRACON& Tower with Radar,0,10,48,2,60,0,1,15,0,16,0,11,63,2,76,18,6,24,100
01/01/2006,SUX,IA,ACE,CE,Combined TRACON& Tower with Radar,0,8,11,0,19,0,0,6,0,6,0,8,17,0,25,2,0,2,27
01/02/2006,SUX,IA,ACE,CE,Combined TRACON& Tower with Radar,0,9,13,0,22,0,0,0,0,0,0,9,13,0,22,0,0,0,22
01/03/2006,SUX,IA,ACE,CE,Combined TRACON& Tower with Radar,0,11,14,2,27,0,0,0,0,0,0,11,14,2,27,0,0,0,27
01/04/2006,SUX,IA,ACE,CE,Combined TRACON& Tower with Radar,0,9,27,38,74,0,1,29,2,32,0,10,56,40,106,10,6,16,122
01/05/2006,SUX,IA,ACE,CE,Combined TRACON& Tower with Radar,0,10,28,15,53,0,0,0,0,0,0,10,28,15,53,0,0,0,53
01/06/2006,SUX,IA,ACE,CE,Combined TRACON& Tower with Radar,0,12,21,12,45,0,0,28,0,28,0,12,49,12,73,14,2,16,89
01/07/2006,SUX,IA,ACE,CE,Combined TRACON& Tower with Radar,0,9,36,6,51,0,0,37,2,39,0,9,73,8,90,26,0,26,116
01/08/2006,SUX,IA,ACE,CE,Combined TRACON& Tower with Radar,0,13,5,0,18,0,0,1,0,1,0,13,6,0,19,16,0,16,35
01/09/2006,SUX,IA,ACE,CE,Combined TRACON& Tower with Radar,0,14,23,1,38,0,0,0,0,0,0,14,23,1,38,4,0,4,42
01/10/2006,SUX,IA,ACE,CE,Combined TRACON& Tower with Radar,0,13,30,17,60,0,2,22,0,24,0,15,52,17,84,28,8,36,120
01/11/2006,SUX,IA,ACE,CE,Combined TRACON& Tower with Radar,0,14,36,57,107,0,0,19,0,19,0,14,55,57,126,4,16,20,146
01/12/2006,SUX,IA,ACE,CE,Combined TRACON& Tower with Radar,2,13,33,34,82,0,0,11,2,13,2,13,44,36,95,0,18,18,113
01/13/2006,SUX,IA,ACE,CE,Combined TRACON& Tower with Radar,0,12,26,16,54,0,1,7,1,9,0,13,33,17,63,8,12,20,83
01/14/2006,SUX,IA,ACE,CE,Combined TRACON& Tower with Radar,0,7,16,2,25,0,1,33,0,34,0,8,49,2,59,50,0,50,109
01/15/2006,SUX,IA,ACE,CE,Combined TRACON& Tower with Radar,2,12,21,1,36,0,0,42,0,42,2,12,63,1,78,38,0,38,116
01/16/2006,SUX,IA,ACE,CE,Combined TRACON& Tower with Radar,0,11,20,0,31,0,0,0,0,0,0,11,20,0,31,0,0,0,31
01/17/2006,SUX,IA,ACE,CE,Combined TRACON& Tower with Radar,0,10,32,22,64,0,0,17,0,17,0,10,49,22,81,24,4,28,109
01/18/2006,SUX,IA,ACE,CE,Combined TRACON& Tower with Radar,0,10,21,39,70,0,1,29,14,44,0,11,50,53,114,8,28,36,150
01/19/2006,SUX,IA,ACE,CE,Combined TRACON& Tower with Radar,0,12,31,48,91,0,0,0,0,0,0,12,31,48,91,0,22,22,113
01/20/2006,SUX,IA,ACE,CE,Combined TRACON& Tower with Radar,0,12,39,23,74,0,0,0,0,0,0,12,39,23,74,2,0,2,76
01/21/2006,SUX,IA,ACE,CE,Combined TRACON& Tower with Radar,0,6,26,0,32,0,0,21,0,21,0,6,47,0,53,16,0,16,69
01/22/2006,SUX,IA,ACE,CE,Combined TRACON& Tower with Radar,0,13,16,14,43,0,0,7,0,7,0,13,23,14,50,14,0,14,64
01/23/2006,SUX,IA,ACE,CE,Combined TRACON& Tower with Radar,0,14,10,4,28,0,0,10,0,10,0,14,20,4,38,0,0,0,38
01/24/2006,SUX,IA,ACE,CE,Combined TRACON& Tower with Radar,0,13,30,2,45,0,0,8,0,8,0,13,38,2,53,0,0,0,53
01/25/2006,SUX,IA,ACE,CE,Combined TRACON& Tower with Radar,0,17,36,36,89,0,0,39,1,40,0,17,75,37,129,44,10,54,183
01/26/2006,SUX,IA,ACE,CE,Combined TRACON& Tower with Radar,0,11,29,14,54,0,0,0,0,0,0,11,29,14,54,12,4,16,70
01/27/2006,SUX,IA,ACE,CE,Combined TRACON& Tower with Radar,0,10,63,14,87,0,0,32,6,38,0,10,95,20,125,9,0,9,134
01/28/2006,SUX,IA,ACE,CE,Combined TRACON& Tower with Radar,0,8,30,0,38,0,0,7,0,7,0,8,37,0,45,0,0,0,45
01/29/2006,SUX,IA,ACE,CE,Combined TRACON& Tower with Radar,0,10,11,0,21,0,1,6,0,7,0,11,17,0,28,12,0,12,40
01/30/2006,SUX,IA,ACE,CE,Combined TRACON& Tower with Radar,0,14,42,25,81,0,0,6,6,12,0,14,48,31,93,8,8,16,109
01/31/2006,SUX,IA,ACE,CE,Combined TRACON& Tower with Radar,0,12,16,3,31,0,0,20,1,21,0,12,36,4,52,18,6,24,76
02/01/2006,SUX,IA,ACE,CE,Combined TRACON& Tower with Radar,0,10,29,17,56,0,0,31,2,33,0,10,60,19,89,20,4,24,113
02/02/2006,SUX,IA,ACE,CE,Combined TRACON& Tower with Radar,0,12,40,3,55,0,0,30,0,30,0,12,70,3,85,12,0,12,97
02/03/2006,SUX,IA,ACE,CE,Combined TRACON& Tower with Radar,0,12,23,2,37,0,0,9,0,9,0,12,32,2,46,0,0,0,46
02/04/2006,SUX,IA,ACE,CE,Combined TRACON& Tower with Radar,0,7,15,9,31,0,0,31,3,34,0,7,46,12,65,20,2,22,87
02/05/2006,SUX,IA,ACE,CE,Combined TRACON& Tower with Radar,0,11,14,0,25,0,0,8,0,8,0,11,22,0,33,0,0,0,33
02/06/2006,SUX,IA,ACE,CE,Combined TRACON& Tower with Radar,0,12,36,4,52,0,1,18,0,19,0,13,54,4,71,12,6,18,89
02/07/2006,SUX,IA,ACE,CE,Combined TRACON& Tower with Radar,0,13,16,4,33,0,0,10,0,10,0,13,26,4,43,12,2,14,57
02/08/2006,SUX,IA,ACE,CE,Combined TRACON& Tower with Radar,0,11,40,1,52,0,0,31,2,33,0,11,71,3,85,8,0,8,93
02/09/2006,SUX,IA,ACE,CE,Combined TRACON& Tower with Radar,0,16,27,6,49,0,0,0,0,0,0,16,27,6,49,0,2,2,51
02/10/2006,SUX,IA,ACE,CE,Combined TRACON& Tower with Radar,0,11,17,0,28,0,0,1,0,1,0,11,18,0,29,0,0,0,29
02/11/2006,SUX,IA,ACE,CE,Combined TRACON& Tower with Radar,0,5,37,0,42,0,0,0,0,0,0,5,37,0,42,0,0,0,42
02/12/2006,SUX,IA,ACE,CE,Combined TRACON& Tower with Radar,0,10,11,0,21,0,0,14,0,14,0,10,25,0,35,8,0,8,43
02/13/2006,SUX,IA,ACE,CE,Combined TRACON& Tower with Radar,0,10,28,12,50,0,0,24,0,24,0,10,52,12,74,14,4,18,92
02/14/2006,SUX,IA,ACE,CE,Combined TRACON& Tower with Radar,0,11,31,25,67,0,0,13,0,13,0,11,44,25,80,4,8,12,92
02/15/2006,SUX,IA,ACE,CE,Combined TRACON& Tower with Radar,0,19,32,31,82,0,0,0,0,0,0,19,32,31,82,12,16,28,110
02/16/2006,SUX,IA,ACE,CE,Combined TRACON& Tower with Radar,0,13,25,0,38,0,0,0,0,0,0,13,25,0,38,0,0,0,38
02/17/2006,SUX,IA,ACE,CE,Combined TRACON& Tower with Radar,0,17,24,2,43,0,0,11,0,11,0,17,35,2,54,2,0,2,56
02/18/2006,SUX,IA,ACE,CE,Combined TRACON& Tower with Radar,0,6,10,0,16,0,0,8,1,9,0,6,18,1,25,4,0,4,29
02/19/2006,SUX,IA,ACE,CE,Combined TRACON& Tower with Radar,0,10,12,0,22,0,0,14,0,14,0,10,26,0,36,10,14,24,60
02/20/2006,SUX,IA,ACE,CE,Combined TRACON& Tower with Radar,0,16,29,0,45,0,0,34,0,34,0,16,63,0,79,0,0,0,79
02/21/2006,SUX,IA,ACE,CE,Combined TRACON& Tower with Radar,0,18,27,3,48,0,0,18,0,18,0,18,45,3,66,22,0,22,88
02/22/2006,SUX,IA,ACE,CE,Combined TRACON& Tower with Radar,0,14,46,13,73,0,0,19,2,21,0,14,65,15,94,6,0,6,100
02/23/2006,SUX,IA,ACE,CE,Combined TRACON& Tower with Radar,0,18,34,11,63,0,0,0,0,0,0,18,34,11,63,28,0,28,91
02/24/2006,SUX,IA,ACE,CE,Combined TRACON& Tower with Radar,0,14,40,7,61,0,0,20,0,20,0,14,60,7,81,5,0,5,86
02/25/2006,SUX,IA,ACE,CE,Combined TRACON& Tower with Radar,0,12,28,0,40,0,0,40,0,40,0,12,68,0,80,20,0,20,100
02/26/2006,SUX,IA,ACE,CE,Combined TRACON& Tower with Radar,2,12,14,0,28,0,1,25,0,26,2,13,39,0,54,10,0,10,64
02/27/2006,SUX,IA,ACE,CE,Combined TRACON& Tower with Radar,0,13,37,0,50,0,1,22,0,23,0,14,59,0,73,28,0,28,101
02/28/2006,SUX,IA,ACE,CE,Combined TRACON& Tower with Radar,0,13,36,1,50,0,0,7,0,7,0,13,43,1,57,0,0,0,57
03/01/2006,SUX,IA,ACE,CE,Combined TRACON& Tower with Radar,0,22,36,3,61,0,0,17,0,17,0,22,53,3,78,0,0,0,78
03/02/2006,SUX,IA,ACE,CE,Combined TRACON& Tower with Radar,0,12,22,3,37,0,0,0,0,0,0,12,22,3,37,0,0,0,37
03/03/2006,SUX,IA,ACE,CE,Combined TRACON& Tower with Radar,0,12,21,2,35,0,0,0,0,0,0,12,21,2,35,0,0,0,35
03/04/2006,SUX,IA,ACE,CE,Combined TRACON& Tower with Radar,0,8,13,1,22,0,1,16,0,17,0,9,29,1,39,24,0,24,63
03/05/2006,SUX,IA,ACE,CE,Combined TRACON& Tower with Radar,0,11,28,0,39,0,0,11,0,11,0,11,39,0,50,14,0,14,64
03/06/2006,SUX,IA,ACE,CE,Combined TRACON& Tower with Radar,0,13,31,0,44,0,0,16,0,16,0,13,47,0,60,10,0,10,70
03/07/2006,SUX,IA,ACE,CE,Combined TRACON& Tower with Radar,0,14,25,25,64,0,0,14,2,16,0,14,39,27,80,0,2,2,82
03/08/2006,SUX,IA,ACE,CE,Combined TRACON& Tower with Radar,0,17,20,13,50,0,0,15,7,22,0,17,35,20,72,0,10,10,82
03/09/2006,SUX,IA,ACE,CE,Combined TRACON& Tower with Radar,0,17,32,6,55,0,0,0,0,0,0,17,32,6,55,4,0,4,59
03/10/2006,SUX,IA,ACE,CE,Combined TRACON& Tower with Radar,0,16,26,2,44,0,0,22,0,22,0,16,48,2,66,2,0,2,68
03/11/2006,SUX,IA,ACE,CE,Combined TRACON& Tower with Radar,0,7,31,0,38,0,0,14,0,14,0,7,45,0,52,20,0,20,72
03/12/2006,SUX,IA,ACE,CE,Combined TRACON& Tower with Radar,0,12,13,0,25,0,2,4,0,6,0,14,17,0,31,0,0,0,31
03/13/2006,SUX,IA,ACE,CE,Combined TRACON& Tower with Radar,0,11,32,2,45,0,0,4,0,4,0,11,36,2,49,0,0,0,49
03/14/2006,SUX,IA,ACE,CE,Combined TRACON& Tower with Radar,0,16,29,28,73,0,0,14,0,14,0,16,43,28,87,20,24,44,131
03/15/2006,SUX,IA,ACE,CE,Combined TRACON& Tower with Radar,0,19,30,12,61,0,0,18,2,20,0,19,48,14,81,4,22,26,107
03/16/2006,SUX,IA,ACE,CE,Combined TRACON& Tower with Radar,0,15,32,14,61,0,0,0,0,0,0,15,32,14,61,0,0,0,61
03/17/2006,SUX,IA,ACE,CE,Combined TRACON& Tower with Radar,0,12,34,6,52,0,0,36,1,37,0,12,70,7,89,8,2,10,99
03/18/2006,SUX,IA,ACE,CE,Combined TRACON& Tower with Radar,0,8,13,1,22,0,0,10,1,11,0,8,23,2,33,0,0,0,33
03/19/2006,SUX,IA,ACE,CE,Combined TRACON& Tower with Radar,0,12,8,2,22,0,0,5,0,5,0,12,13,2,27,0,0,0,27
03/20/2006,SUX,IA,ACE,CE,Combined TRACON& Tower with Radar,0,12,18,1,31,0,0,1,0,1,0,12,19,1,32,0,0,0,32
03/21/2006,SUX,IA,ACE,CE,Combined TRACON& Tower with Radar,1,12,20,3,36,0,0,1,0,1,1,12,21,3,37,4,0,4,41
03/22/2006,SUX,IA,ACE,CE,Combined TRACON& Tower with Radar,0,19,41,1,61,0,0,27,0,27,0,19,68,1,88,16,0,16,104
03/23/2006,SUX,IA,ACE,CE,Combined TRACON& Tower with Radar,0,13,38,27,78,0,0,0,0,0,0,13,38,27,78,0,8,8,86
03/24/2006,SUX,IA,ACE,CE,Combined TRACON& Tower with Radar,0,16,38,8,62,0,0,14,0,14,0,16,52,8,76,6,10,16,92
03/25/2006,SUX,IA,ACE,CE,Combined TRACON& Tower with Radar,0,8,18,0,26,0,0,41,1,42,0,8,59,1,68,54,0,54,122
03/26/2006,SUX,IA,ACE,CE,Combined TRACON& Tower with Radar,0,10,21,0,31,0,0,20,0,20,0,10,41,0,51,32,0,32,83
03/27/2006,SUX,IA,ACE,CE,Combined TRACON& Tower with Radar,2,13,38,3,56,0,0,1,0,1,2,13,39,3,57,0,0,0,57
03/28/2006,SUX,IA,ACE,CE,Combined TRACON& Tower with Radar,0,15,28,24,67,0,0,5,0,5,0,15,33,24,72,0,0,0,72
03/29/2006,SUX,IA,ACE,CE,Combined TRACON& Tower with Radar,0,14,20,18,52,0,0,3,0,3,0,14,23,18,55,0,2,2,57
03/30/2006,SUX,IA,ACE,CE,Combined TRACON& Tower with Radar,0,12,36,0,48,0,0,0,0,0,0,12,36,0,48,0,0,0,48
03/31/2006,SUX,IA,ACE,CE,Combined TRACON& Tower with Radar,2,15,33,25,75,0,0,4,14,18,2,15,37,39,93,0,22,22,115
04/01/2006,SUX,IA,ACE,CE,Combined TRACON& Tower with Radar,0,8,23,2,33,0,0,13,1,14,0,8,36,3,47,8,0,8,55
04/02/2006,SUX,IA,ACE,CE,Combined TRACON& Tower with Radar,0,12,16,3,31,0,0,0,0,0,0,12,16,3,31,0,0,0,31
04/03/2006,SUX,IA,ACE,CE,Combined TRACON& Tower with Radar,0,12,41,0,53,0,0,21,0,21,0,12,62,0,74,10,0,10,84
04/04/2006,SUX,IA,ACE,CE,Combined TRACON& Tower with Radar,0,14,53,32,99,0,0,14,1,15,0,14,67,33,114,32,14,46,160
04/05/2006,SUX,IA,ACE,CE,Combined TRACON& Tower with Radar,0,16,30,39,85,0,0,26,1,27,0,16,56,40,112,8,44,52,164
04/06/2006,SUX,IA,ACE,CE,Combined TRACON& Tower with Radar,0,10,24,2,36,0,0,0,0,0,0,10,24,2,36,2,0,2,38
04/07/2006,SUX,IA,ACE,CE,Combined TRACON& Tower with Radar,0,9,22,0,31,0,0,4,0,4,0,9,26,0,35,0,0,0,35
04/08/2006,SUX,IA,ACE,CE,Combined TRACON& Tower with Radar,0,8,36,0,44,0,0,55,0,55,0,8,91,0,99,32,8,40,139
04/09/2006,SUX,IA,ACE,CE,Combined TRACON& Tower with Radar,0,10,28,0,38,0,0,8,0,8,0,10,36,0,46,22,0,22,68
04/10/2006,SUX,IA,ACE,CE,Combined TRACON& Tower with Radar,0,12,19,23,54,0,0,12,5,17,0,12,31,28,71,6,22,28,99
04/11/2006,SUX,IA,ACE,CE,Combined TRACON& Tower with Radar,0,13,26,12,51,0,0,17,0,17,0,13,43,12,68,8,0,8,76
04/12/2006,SUX,IA,ACE,CE,Combined TRACON& Tower with Radar,0,13,37,17,67,0,0,38,1,39,0,13,75,18,106,10,16,26,132
04/13/2006,SUX,IA,ACE,CE,Combined TRACON& Tower with Radar,0,16,57,14,87,0,0,32,2,34,0,16,89,16,121,18,2,20,141
04/14/2006,SUX,IA,ACE,CE,Combined TRACON& Tower with Radar,0,12,29,7,48,0,0,28,0,28,0,12,57,7,76,4,0,4,80
04/15/2006,SUX,IA,ACE,CE,Combined TRACON& Tower with Radar,0,9,6,0,15,0,0,6,0,6,0,9,12,0,21,0,0,0,21
04/16/2006,SUX,IA,ACE,CE,Combined TRACON& Tower with Radar,0,10,10,0,20,0,1,2,0,3,0,11,12,0,23,0,0,0,23
04/17/2006,SUX,IA,ACE,CE,Combined TRACON& Tower with Radar,2,12,44,0,58,0,0,3,0,3,2,12,47,0,61,0,0,0,61
04/18/2006,SUX,IA,ACE,CE,Combined TRACON& Tower with Radar,0,12,37,0,49,0,0,2,0,2,0,12,39,0,51,0,0,0,51
04/19/2006,SUX,IA,ACE,CE,Combined TRACON& Tower with Radar,0,12,37,1,50,0,0,0,0,0,0,12,37,1,50,6,0,6,56
04/20/2006,SUX,IA,ACE,CE,Combined TRACON& Tower with Radar,2,12,39,12,65,0,0,0,0,0,2,12,39,12,65,0,8,8,73
04/21/2006,SUX,IA,ACE,CE,Combined TRACON& Tower with Radar,0,12,40,8,60,0,0,24,9,33,0,12,64,17,93,4,6,10,103
04/22/2006,SUX,IA,ACE,CE,Combined TRACON& Tower with Radar,0,10,30,1,41,0,0,28,0,28,0,10,58,1,69,18,0,18,87
04/23/2006,SUX,IA,ACE,CE,Combined TRACON& Tower with Radar,0,11,9,0,20,0,0,32,0,32,0,11,41,0,52,14,0,14,66
04/24/2006,SUX,IA,ACE,CE,Combined TRACON& Tower with Radar,0,16,29,4,49,0,0,12,0,12,0,16,41,4,61,0,0,0,61
04/25/2006,SUX,IA,ACE,CE,Combined TRACON& Tower with Radar,0,14,32,9,55,0,0,7,0,7,0,14,39,9,62,4,0,4,66
04/26/2006,SUX,IA,ACE,CE,Combined TRACON& Tower with Radar,0,14,32,4,50,0,0,55,0,55,0,14,87,4,105,20,0,20,125
04/27/2006,SUX,IA,ACE,CE,Combined TRACON& Tower with Radar,0,14,30,28,72,0,0,0,0,0,0,14,30,28,72,0,12,12,84
04/28/2006,SUX,IA,ACE,CE,Combined TRACON& Tower with Radar,0,15,24,10,49,0,0,0,1,1,0,15,24,11,50,0,0,0,50
04/29/2006,SUX,IA,ACE,CE,Combined TRACON& Tower with Radar,0,9,21,0,30,0,0,2,0,2,0,9,23,0,32,0,0,0,32
04/30/2006,SUX,IA,ACE,CE,Combined TRACON& Tower with Radar,0,12,17,0,29,0,0,0,0,0,0,12,17,0,29,0,0,0,29
05/01/2006,SUX,IA,ACE,CE,Combined TRACON& Tower with Radar,0,13,35,14,62,0,0,14,0,14,0,13,49,14,76,0,6,6,82
05/02/2006,SUX,IA,ACE,CE,Combined TRACON& Tower with Radar,0,12,36,6,54,0,0,61,3,64,0,12,97,9,118,18,0,18,136
05/03/2006,SUX,IA,ACE,CE,Combined TRACON& Tower with Radar,0,16,40,35,91,0,0,31,0,31,0,16,71,35,122,4,6,10,132
05/04/2006,SUX,IA,ACE,CE,Combined TRACON& Tower with Radar,0,15,39,5,59,0,0,0,0,0,0,15,39,5,59,6,0,6,65
05/05/2006,SUX,IA,ACE,CE,Combined TRACON& Tower with Radar,0,11,42,51,104,0,0,25,0,25,0,11,67,51,129,16,12,28,157
05/06/2006,SUX,IA,ACE,CE,Combined TRACON& Tower with Radar,0,10,24,26,60,0,0,22,1,23,0,10,46,27,83,2,10,12,95
05/07/2006,SUX,IA,ACE,CE,Combined TRACON& Tower with Radar,0,11,15,0,26,0,0,10,0,10,0,11,25,0,36,2,0,2,38
05/08/2006,SUX,IA,ACE,CE,Combined TRACON& Tower with Radar,0,13,45,0,58,0,1,13,0,14,0,14,58,0,72,0,0,0,72
05/09/2006,SUX,IA,ACE,CE,Combined TRACON& Tower with Radar,0,12,41,39,92,0,1,29,7,37,0,13,70,46,129,10,12,22,151
05/10/2006,SUX,IA,ACE,CE,Combined TRACON& Tower with Radar,0,14,20,22,56,0,0,12,2,14,0,14,32,24,70,8,6,14,84
05/11/2006,SUX,IA,ACE,CE,Combined TRACON& Tower with Radar,0,15,39,33,87,0,0,0,0,0,0,15,39,33,87,0,10,10,97
05/12/2006,SUX,IA,ACE,CE,Combined TRACON& Tower with Radar,0,11,37,12,60,0,0,15,5,20,0,11,52,17,80,6,4,10,90
05/13/2006,SUX,IA,ACE,CE,Combined TRACON& Tower with Radar,0,11,11,0,22,0,0,0,0,0,0,11,11,0,22,0,0,0,22
05/14/2006,SUX,IA,ACE,CE,Combined TRACON& Tower with Radar,0,10,24,0,34,0,0,5,0,5,0,10,29,0,39,0,0,0,39
05/15/2006,SUX,IA,ACE,CE,Combined TRACON& Tower with Radar,0,12,47,1,60,0,0,14,0,14,0,12,61,1,74,0,0,0,74
05/16/2006,SUX,IA,ACE,CE,Combined TRACON& Tower with Radar,0,10,25,7,42,0,0,25,0,25,0,10,50,7,67,26,6,32,99
05/17/2006,SUX,IA,ACE,CE,Combined TRACON& Tower with Radar,0,17,21,26,64,0,0,29,0,29,0,17,50,26,93,0,4,4,97
05/18/2006,SUX,IA,ACE,CE,Combined TRACON& Tower with Radar,0,18,49,31,98,0,0,0,0,0,0,18,49,31,98,4,32,36,134
05/19/2006,SUX,IA,ACE,CE,Combined TRACON& Tower with Radar,0,13,37,41,91,0,0,29,0,29,0,13,66,41,120,6,12,18,138
05/20/2006,SUX,IA,ACE,CE,Combined TRACON& Tower with Radar,0,12,7,0,19,0,0,25,0,25,0,12,32,0,44,18,0,18,62
05/21/2006,SUX,IA,ACE,CE,Combined TRACON& Tower with Radar,0,11,17,0,28,0,0,22,0,22,0,11,39,0,50,16,0,16,66
05/22/2006,SUX,IA,ACE,CE,Combined TRACON& Tower with Radar,0,16,27,40,83,0,0,26,6,32,0,16,53,46,115,10,8,18,133
05/23/2006,SUX,IA,ACE,CE,Combined TRACON& Tower with Radar,0,13,27,12,52,0,0,27,0,27,0,13,54,12,79,0,8,8,87
05/24/2006,SUX,IA,ACE,CE,Combined TRACON& Tower with Radar,0,12,15,11,38,0,0,15,5,20,0,12,30,16,58,0,0,0,58
05/25/2006,SUX,IA,ACE,CE,Combined TRACON& Tower with Radar,0,14,47,52,113,0,0,0,0,0,0,14,47,52,113,4,8,12,125
05/26/2006,SUX,IA,ACE,CE,Combined TRACON& Tower with Radar,0,13,32,10,55,0,1,32,5,38,0,14,64,15,93,10,2,12,105
05/27/2006,SUX,IA,ACE,CE,Combined TRACON& Tower with Radar,0,10,14,0,24,0,0,0,0,0,0,10,14,0,24,2,0,2,26
05/28/2006,SUX,IA,ACE,CE,Combined TRACON& Tower with Radar,0,5,9,1,15,0,0,8,0,8,0,5,17,1,23,2,0,2,25
05/29/2006,SUX,IA,ACE,CE,Combined TRACON& Tower with Radar,0,11,11,0,22,0,0,28,0,28,0,11,39,0,50,34,0,34,84
05/30/2006,SUX,IA,ACE,CE,Combined TRACON& Tower with Radar,0,13,34,30,77,0,0,27,0,27,0,13,61,30,104,10,26,36,140
05/31/2006,SUX,IA,ACE,CE,Combined TRACON& Tower with Radar,0,11,48,25,84,0,0,26,3,29,0,11,74,28,113,4,14,18,131
06/01/2006,SUX,IA,ACE,CE,Combined TRACON& Tower with Radar,0,9,35,18,62,0,0,0,0,0,0,9,35,18,62,2,6,8,70
06/02/2006,SUX,IA,ACE,CE,Combined TRACON& Tower with Radar,0,8,25,14,47,0,0,15,2,17,0,8,40,16,64,0,14,14,78
06/03/2006,SUX,IA,ACE,CE,Combined TRACON& Tower with Radar,0,9,9,6,24,0,0,18,0,18,0,9,27,6,42,4,0,4,46
06/04/2006,SUX,IA,ACE,CE,Combined TRACON& Tower with Radar,0,11,11,13,35,0,0,17,0,17,0,11,28,13,52,12,0,12,64
06/05/2006,SUX,IA,ACE,CE,Combined TRACON& Tower with Radar,1,13,35,3,52,0,0,19,0,19,1,13,54,3,71,2,0,2,73
06/06/2006,SUX,IA,ACE,CE,Combined TRACON& Tower with Radar,0,9,29,15,53,0,1,24,0,25,0,10,53,15,78,0,6,6,84
06/07/2006,SUX,IA,ACE,CE,Combined TRACON& Tower with Radar,0,12,30,6,48,0,0,26,0,26,0,12,56,6,74,4,2,6,80
06/08/2006,SUX,IA,ACE,CE,Combined TRACON& Tower with Radar,0,9,29,11,49,0,0,0,0,0,0,9,29,11,49,0,0,0,49
06/09/2006,SUX,IA,ACE,CE,Combined TRACON& Tower with Radar,0,10,28,2,40,0,0,16,0,16,0,10,44,2,56,0,0,0,56
06/10/2006,SUX,IA,ACE,CE,Combined TRACON& Tower with Radar,0,7,10,1,18,0,0,0,0,0,0,7,10,1,18,0,0,0,18
06/11/2006,SUX,IA,ACE,CE,Combined TRACON& Tower with Radar,0,8,15,2,25,0,0,6,0,6,0,8,21,2,31,6,0,6,37
06/12/2006,SUX,IA,ACE,CE,Combined TRACON& Tower with Radar,0,10,31,6,47,0,0,13,0,13,0,10,44,6,60,6,2,8,68
06/13/2006,SUX,IA,ACE,CE,Combined TRACON& Tower with Radar,2,10,34,30,76,0,0,28,4,32,2,10,62,34,108,0,42,42,150
06/14/2006,SUX,IA,ACE,CE,Combined TRACON& Tower with Radar,0,12,32,8,52,0,0,40,0,40,0,12,72,8,92,20,8,28,120
06/15/2006,SUX,IA,ACE,CE,Combined TRACON& Tower with Radar,0,9,14,7,30,0,0,0,0,0,0,9,14,7,30,0,0,0,30
06/16/2006,SUX,IA,ACE,CE,Combined TRACON& Tower with Radar,0,7,32,28,67,0,0,4,0,4,0,7,36,28,71,0,6,6,77
06/17/2006,SUX,IA,ACE,CE,Combined TRACON& Tower with Radar,0,7,25,0,32,0,0,4,0,4,0,7,29,0,36,0,0,0,36
06/18/2006,SUX,IA,ACE,CE,Combined TRACON& Tower with Radar,0,10,10,0,20,0,0,13,0,13,0,10,23,0,33,2,0,2,35
06/19/2006,SUX,IA,ACE,CE,Combined TRACON& Tower with Radar,0,7,37,23,67,0,0,16,0,16,0,7,53,23,83,0,26,26,109
06/20/2006,SUX,IA,ACE,CE,Combined TRACON& Tower with Radar,0,11,17,23,51,0,0,21,4,25,0,11,38,27,76,0,12,12,88
06/21/2006,SUX,IA,ACE,CE,Combined TRACON& Tower with Radar,0,8,42,27,77,0,0,20,2,22,0,8,62,29,99,4,18,22,121
06/22/2006,SUX,IA,ACE,CE,Combined TRACON& Tower with Radar,0,8,24,14,46,0,0,0,0,0,0,8,24,14,46,32,4,36,82
06/23/2006,SUX,IA,ACE,CE,Combined TRACON& Tower with Radar,0,10,25,14,49,0,0,23,1,24,0,10,48,15,73,0,10,10,83
06/24/2006,SUX,IA,ACE,CE,Combined TRACON& Tower with Radar,0,7,12,0,19,0,0,20,0,20,0,7,32,0,39,36,0,36,75
06/25/2006,SUX,IA,ACE,CE,Combined TRACON& Tower with Radar,0,9,12,1,22,0,0,9,0,9,0,9,21,1,31,2,0,2,33
06/26/2006,SUX,IA,ACE,CE,Combined TRACON& Tower with Radar,0,13,22,0,35,0,0,16,1,17,0,13,38,1,52,4,0,4,56
06/27/2006,SUX,IA,ACE,CE,Combined TRACON& Tower with Radar,0,8,31,6,45,0,0,19,0,19,0,8,50,6,64,0,22,22,86
06/28/2006,SUX,IA,ACE,CE,Combined TRACON& Tower with Radar,0,3,40,11,54,0,10,40,1,51,0,13,80,12,105,0,8,8,113
06/29/2006,SUX,IA,ACE,CE,Combined TRACON& Tower with Radar,0,14,31,26,71,0,0,0,0,0,0,14,31,26,71,16,12,28,99
06/30/2006,SUX,IA,ACE,CE,Combined TRACON& Tower with Radar,0,13,45,13,71,0,0,25,0,25,0,13,70,13,96,8,6,14,110
07/01/2006,SUX,IA,ACE,CE,Combined TRACON& Tower with Radar,0,11,3,1,15,0,0,10,0,10,0,11,13,1,25,10,0,10,35
07/02/2006,SUX,IA,ACE,CE,Combined TRACON& Tower with Radar,0,13,20,0,33,0,0,14,0,14,0,13,34,0,47,8,0,8,55
07/03/2006,SUX,IA,ACE,CE,Combined TRACON& Tower with Radar,0,8,15,0,23,0,0,14,0,14,0,8,29,0,37,0,0,0,37
07/04/2006,SUX,IA,ACE,CE,Combined TRACON& Tower with Radar,0,8,7,0,15,0,0,0,0,0,0,8,7,0,15,2,0,2,17
07/05/2006,SUX,IA,ACE,CE,Combined TRACON& Tower with Radar,0,10,32,12,54,0,0,21,0,21,0,10,53,12,75,6,22,28,103
07/06/2006,SUX,IA,ACE,CE,Combined TRACON& Tower with Radar,0,9,26,4,39,0,0,0,0,0,0,9,26,4,39,46,0,46,85
07/07/2006,SUX,IA,ACE,CE,Combined TRACON& Tower with Radar,0,10,21,6,37,0,0,21,1,22,0,10,42,7,59,0,2,2,61
07/08/2006,SUX,IA,ACE,CE,Combined TRACON& Tower with Radar,0,14,10,0,24,0,0,7,0,7,0,14,17,0,31,16,0,16,47
07/09/2006,SUX,IA,ACE,CE,Combined TRACON& Tower with Radar,0,16,18,1,35,0,0,10,0,10,0,16,28,1,45,6,0,6,51
07/10/2006,SUX,IA,ACE,CE,Combined TRACON& Tower with Radar,0,11,38,29,78,0,0,13,2,15,0,11,51,31,93,2,30,32,125
07/11/2006,SUX,IA,ACE,CE,Combined TRACON& Tower with Radar,0,10,52,48,110,0,0,4,0,4,0,10,56,48,114,0,0,0,114
07/12/2006,SUX,IA,ACE,CE,Combined TRACON& Tower with Radar,0,15,47,0,62,0,0,10,0,10,0,15,57,0,72,10,0,10,82
07/13/2006,SUX,IA,ACE,CE,Combined TRACON& Tower with Radar,0,16,28,3,47,0,0,0,0,0,0,16,28,3,47,0,0,0,47
07/14/2006,SUX,IA,ACE,CE,Combined TRACON& Tower with Radar,0,10,26,26,62,0,0,35,0,35,0,10,61,26,97,4,4,8,105
07/15/2006,SUX,IA,ACE,CE,Combined TRACON& Tower with Radar,0,14,15,1,30,0,0,0,0,0,0,14,15,1,30,4,0,4,34
07/16/2006,SUX,IA,ACE,CE,Combined TRACON& Tower with Radar,0,7,20,1,28,0,0,72,0,72,0,7,92,1,100,18,0,18,118
07/17/2006,SUX,IA,ACE,CE,Combined TRACON& Tower with Radar,0,19,29,35,83,0,0,14,4,18,0,19,43,39,101,2,2,4,105
07/18/2006,SUX,IA,ACE,CE,Combined TRACON& Tower with Radar,0,9,38,26,73,0,0,22,0,22,0,9,60,26,95,0,4,4,99
07/19/2006,SUX,IA,ACE,CE,Combined TRACON& Tower with Radar,0,12,25,2,39,0,0,13,2,15,0,12,38,4,54,26,0,26,80
07/20/2006,SUX,IA,ACE,CE,Combined TRACON& Tower with Radar,0,16,27,16,59,0,0,0,0,0,0,16,27,16,59,46,6,52,111
07/21/2006,SUX,IA,ACE,CE,Combined TRACON& Tower with Radar,0,9,37,26,72,0,0,22,2,24,0,9,59,28,96,2,14,16,112
07/22/2006,SUX,IA,ACE,CE,Combined TRACON& Tower with Radar,0,9,34,2,45,0,1,28,5,34,0,10,62,7,79,33,10,43,122
07/23/2006,SUX,IA,ACE,CE,Combined TRACON& Tower with Radar,0,13,24,5,42,0,0,38,1,39,0,13,62,6,81,10,2,12,93
07/24/2006,SUX,IA,ACE,CE,Combined TRACON& Tower with Radar,0,9,26,0,35,0,0,33,0,33,0,9,59,0,68,4,0,4,72
07/25/2006,SUX,IA,ACE,CE,Combined TRACON& Tower with Radar,0,11,34,45,90,0,0,29,0,29,0,11,63,45,119,6,8,14,133
07/26/2006,SUX,IA,ACE,CE,Combined TRACON& Tower with Radar,2,18,27,58,105,0,0,24,6,30,2,18,51,64,135,0,12,12,147
07/27/2006,SUX,IA,ACE,CE,Combined TRACON& Tower with Radar,0,9,46,38,93,0,0,0,0,0,0,9,46,38,93,6,17,23,116
07/28/2006,SUX,IA,ACE,CE,Combined TRACON& Tower with Radar,0,11,28,26,65,0,0,31,0,31,0,11,59,26,96,12,10,22,118
07/29/2006,SUX,IA,ACE,CE,Combined TRACON& Tower with Radar,2,11,19,0,32,0,0,23,0,23,2,11,42,0,55,20,0,20,75
07/30/2006,SUX,IA,ACE,CE,Combined TRACON& Tower with Radar,0,8,15,0,23,0,3,30,0,33,0,11,45,0,56,0,0,0,56
07/31/2006,SUX,IA,ACE,CE,Combined TRACON& Tower with Radar,0,9,29,12,50,0,6,12,2,20,0,15,41,14,70,0,0,0,70
08/01/2006,SUX,IA,ACE,CE,Combined TRACON& Tower with Radar,0,7,37,33,77,0,0,3,2,5,0,7,40,35,82,0,12,12,94
08/02/2006,SUX,IA,ACE,CE,Combined TRACON& Tower with Radar,0,13,30,16,59,0,0,9,0,9,0,13,39,16,68,2,2,4,72
08/03/2006,SUX,IA,ACE,CE,Combined TRACON& Tower with Radar,0,9,33,19,61,0,0,0,0,0,0,9,33,19,61,8,2,10,71
08/04/2006,SUX,IA,ACE,CE,Combined TRACON& Tower with Radar,0,11,18,6,35,0,0,34,0,34,0,11,52,6,69,10,0,10,79
08/05/2006,SUX,IA,ACE,CE,Combined TRACON& Tower with Radar,0,10,11,11,32,0,0,11,0,11,0,10,22,11,43,2,0,2,45
08/06/2006,SUX,IA,ACE,CE,Combined TRACON& Tower with Radar,0,14,15,0,29,0,0,11,0,11,0,14,26,0,40,0,0,0,40
08/07/2006,SUX,IA,ACE,CE,Combined TRACON& Tower with Radar,0,12,38,0,50,0,0,17,0,17,0,12,55,0,67,6,0,6,73
08/08/2006,SUX,IA,ACE,CE,Combined TRACON& Tower with Radar,0,9,37,0,46,0,0,2,0,2,0,9,39,0,48,0,0,0,48
08/09/2006,SUX,IA,ACE,CE,Combined TRACON& Tower with Radar,0,11,37,0,48,0,0,8,0,8,0,11,45,0,56,0,0,0,56
08/10/2006,SUX,IA,ACE,CE,Combined TRACON& Tower with Radar,0,13,46,2,61,0,0,0,0,0,0,13,46,2,61,0,0,0,61
08/11/2006,SUX,IA,ACE,CE,Combined TRACON& Tower with Radar,0,11,26,0,37,0,0,30,0,30,0,11,56,0,67,6,0,6,73
08/12/2006,SUX,IA,ACE,CE,Combined TRACON& Tower with Radar,0,14,30,9,53,0,2,14,0,16,0,16,44,9,69,9,0,9,78
08/13/2006,SUX,IA,ACE,CE,Combined TRACON& Tower with Radar,0,10,10,0,20,0,0,4,0,4,0,10,14,0,24,10,0,10,34
08/14/2006,SUX,IA,ACE,CE,Combined TRACON& Tower with Radar,0,11,44,0,55,0,0,29,0,29,0,11,73,0,84,0,0,0,84
08/15/2006,SUX,IA,ACE,CE,Combined TRACON& Tower with Radar,0,9,27,6,42,0,0,43,0,43,0,9,70,6,85,10,0,10,95
08/16/2006,SUX,IA,ACE,CE,Combined TRACON& Tower with Radar,0,9,28,17,54,0,0,13,1,14,0,9,41,18,68,0,4,4,72
08/17/2006,SUX,IA,ACE,CE,Combined TRACON& Tower with Radar,0,9,29,31,69,0,0,0,0,0,0,9,29,31,69,4,4,8,77
08/18/2006,SUX,IA,ACE,CE,Combined TRACON& Tower with Radar,0,13,28,8,49,0,0,5,0,5,0,13,33,8,54,4,0,4,58
08/19/2006,SUX,IA,ACE,CE,Combined TRACON& Tower with Radar,0,9,10,0,19,0,0,0,0,0,0,9,10,0,19,28,0,28,47
08/20/2006,SUX,IA,ACE,CE,Combined TRACON& Tower with Radar,0,9,24,0,33,0,0,22,0,22,0,9,46,0,55,8,0,8,63
08/21/2006,SUX,IA,ACE,CE,Combined TRACON& Tower with Radar,0,14,23,2,39,0,0,14,0,14,0,14,37,2,53,0,0,0,53
08/22/2006,SUX,IA,ACE,CE,Combined TRACON& Tower with Radar,0,9,35,25,69,0,0,14,3,17,0,9,49,28,86,24,4,28,114
08/23/2006,SUX,IA,ACE,CE,Combined TRACON& Tower with Radar,0,9,22,20,51,0,0,28,0,28,0,9,50,20,79,12,8,20,99
08/24/2006,SUX,IA,ACE,CE,Combined TRACON& Tower with Radar,0,12,42,7,61,0,0,0,0,0,0,12,42,7,61,14,6,20,81
08/25/2006,SUX,IA,ACE,CE,Combined TRACON& Tower with Radar,0,10,20,20,50,0,0,14,13,27,0,10,34,33,77,14,10,24,101
08/26/2006,SUX,IA,ACE,CE,Combined TRACON& Tower with Radar,0,10,19,0,29,0,1,22,0,23,0,11,41,0,52,34,0,34,86
08/27/2006,SUX,IA,ACE,CE,Combined TRACON& Tower with Radar,0,10,22,1,33,0,3,16,0,19,0,13,38,1,52,2,0,2,54
08/28/2006,SUX,IA,ACE,CE,Combined TRACON& Tower with Radar,0,13,29,29,71,0,0,5,0,5,0,13,34,29,76,0,8,8,84
08/29/2006,SUX,IA,ACE,CE,Combined TRACON& Tower with Radar,0,10,18,21,49,0,0,19,7,26,0,10,37,28,75,18,12,30,105
08/30/2006,SUX,IA,ACE,CE,Combined TRACON& Tower with Radar,0,12,33,19,64,0,1,27,0,28,0,13,60,19,92,8,4,12,104
08/31/2006,SUX,IA,ACE,CE,Combined TRACON& Tower with Radar,0,8,33,10,51,0,0,0,0,0,0,8,33,10,51,16,0,16,67
09/01/2006,SUX,IA,ACE,CE,Combined TRACON& Tower with Radar,0,9,24,35,68,0,0,21,0,21,0,9,45,35,89,6,16,22,111
09/02/2006,SUX,IA,ACE,CE,Combined TRACON& Tower with Radar,0,9,31,1,41,0,0,6,0,6,0,9,37,1,47,0,0,0,47
09/03/2006,SUX,IA,ACE,CE,Combined TRACON& Tower with Radar,0,8,6,0,14,0,0,7,0,7,0,8,13,0,21,10,0,10,31
09/04/2006,SUX,IA,ACE,CE,Combined TRACON& Tower with Radar,0,6,28,0,34,0,0,25,0,25,0,6,53,0,59,22,0,22,81
09/05/2006,SUX,IA,ACE,CE,Combined TRACON& Tower with Radar,0,11,18,7,36,0,2,26,0,28,0,13,44,7,64,12,0,12,76
09/06/2006,SUX,IA,ACE,CE,Combined TRACON& Tower with Radar,0,9,31,1,41,0,0,34,0,34,0,9,65,1,75,24,0,24,99
09/07/2006,SUX,IA,ACE,CE,Combined TRACON& Tower with Radar,0,9,19,21,49,0,0,17,4,21,0,9,36,25,70,0,2,2,72
09/08/2006,SUX,IA,ACE,CE,Combined TRACON& Tower with Radar,0,9,30,23,62,0,0,16,7,23,0,9,46,30,85,6,6,12,97
09/09/2006,SUX,IA,ACE,CE,Combined TRACON& Tower with Radar,0,9,15,15,39,0,0,0,0,0,0,9,15,15,39,0,0,0,39
09/10/2006,SUX,IA,ACE,CE,Combined TRACON& Tower with Radar,0,8,41,0,49,0,0,0,0,0,0,8,41,0,49,0,0,0,49
09/11/2006,SUX,IA,ACE,CE,Combined TRACON& Tower with Radar,2,13,30,18,63,0,0,0,0,0,2,13,30,18,63,0,0,0,63
09/12/2006,SUX,IA,ACE,CE,Combined TRACON& Tower with Radar,0,15,35,29,79,0,0,9,0,9,0,15,44,29,88,2,10,12,100
09/13/2006,SUX,IA,ACE,CE,Combined TRACON& Tower with Radar,0,10,43,23,76,0,0,23,6,29,0,10,66,29,105,14,10,24,129
09/14/2006,SUX,IA,ACE,CE,Combined TRACON& Tower with Radar,2,9,40,12,63,0,0,0,0,0,2,9,40,12,63,2,2,4,67
09/15/2006,SUX,IA,ACE,CE,Combined TRACON& Tower with Radar,0,14,16,5,35,0,0,17,0,17,0,14,33,5,52,0,0,0,52
09/16/2006,SUX,IA,ACE,CE,Combined TRACON& Tower with Radar,0,8,20,1,29,0,0,24,0,24,0,8,44,1,53,30,0,30,83
09/17/2006,SUX,IA,ACE,CE,Combined TRACON& Tower with Radar,0,10,13,0,23,0,0,6,0,6,0,10,19,0,29,4,0,4,33
09/18/2006,SUX,IA,ACE,CE,Combined TRACON& Tower with Radar,0,8,27,20,55,0,0,5,4,9,0,8,32,24,64,0,8,8,72
09/19/2006,SUX,IA,ACE,CE,Combined TRACON& Tower with Radar,0,11,34,55,100,0,2,8,0,10,0,13,42,55,110,0,30,30,140
09/20/2006,SUX,IA,ACE,CE,Combined TRACON& Tower with Radar,0,18,34,36,88,0,0,14,2,16,0,18,48,38,104,0,4,4,108
09/21/2006,SUX,IA,ACE,CE,Combined TRACON& Tower with Radar,0,17,37,5,59,0,0,0,0,0,0,17,37,5,59,0,0,0,59
09/22/2006,SUX,IA,ACE,CE,Combined TRACON& Tower with Radar,0,14,35,19,68,0,0,6,0,6,0,14,41,19,74,0,0,0,74
09/23/2006,SUX,IA,ACE,CE,Combined TRACON& Tower with Radar,0,12,23,0,35,0,1,3,0,4,0,13,26,0,39,0,0,0,39
09/24/2006,SUX,IA,ACE,CE,Combined TRACON& Tower with Radar,0,7,23,0,30,0,0,18,0,18,0,7,41,0,48,23,0,23,71
09/25/2006,SUX,IA,ACE,CE,Combined TRACON& Tower with Radar,0,8,22,8,38,0,0,14,0,14,0,8,36,8,52,22,4,26,78
09/26/2006,SUX,IA,ACE,CE,Combined TRACON& Tower with Radar,0,14,22,12,48,0,0,17,0,17,0,14,39,12,65,10,2,12,77
09/27/2006,SUX,IA,ACE,CE,Combined TRACON& Tower with Radar,0,19,42,31,92,0,0,14,0,14,0,19,56,31,106,2,10,12,118
09/28/2006,SUX,IA,ACE,CE,Combined TRACON& Tower with Radar,0,12,39,9,60,0,0,0,0,0,0,12,39,9,60,0,14,14,74
09/29/2006,SUX,IA,ACE,CE,Combined TRACON& Tower with Radar,0,10,32,10,52,0,0,23,0,23,0,10,55,10,75,16,4,20,95
09/30/2006,SUX,IA,ACE,CE,Combined TRACON& Tower with Radar,0,7,22,0,29,0,0,21,0,21,0,7,43,0,50,2,0,2,52
10/01/2006,SUX,IA,ACE,CE,Combined TRACON& Tower with Radar,0,11,23,1,35,0,0,19,0,19,0,11,42,1,54,0,0,0,54
10/02/2006,SUX,IA,ACE,CE,Combined TRACON& Tower with Radar,0,9,25,13,47,0,0,24,0,24,0,9,49,13,71,4,46,50,121
10/03/2006,SUX,IA,ACE,CE,Combined TRACON& Tower with Radar,0,9,30,11,50,0,0,15,0,15,0,9,45,11,65,8,4,12,77
10/04/2006,SUX,IA,ACE,CE,Combined TRACON& Tower with Radar,0,12,39,16,67,0,0,6,0,6,0,12,45,16,73,0,0,0,73
10/05/2006,SUX,IA,ACE,CE,Combined TRACON& Tower with Radar,0,11,33,6,50,0,0,27,0,27,0,11,60,6,77,0,0,0,77
10/06/2006,SUX,IA,ACE,CE,Combined TRACON& Tower with Radar,0,11,25,7,43,0,0,21,0,21,0,11,46,7,64,6,4,10,74
10/07/2006,SUX,IA,ACE,CE,Combined TRACON& Tower with Radar,0,12,19,1,32,0,0,6,0,6,0,12,25,1,38,4,0,4,42
10/08/2006,SUX,IA,ACE,CE,Combined TRACON& Tower with Radar,0,8,11,0,19,0,0,10,0,10,0,8,21,0,29,2,0,2,31
10/09/2006,SUX,IA,ACE,CE,Combined TRACON& Tower with Radar,0,13,39,0,52,0,0,13,0,13,0,13,52,0,65,0,0,0,65
10/10/2006,SUX,IA,ACE,CE,Combined TRACON& Tower with Radar,0,12,31,0,43,0,1,4,0,5,0,13,35,0,48,0,0,0,48
10/11/2006,SUX,IA,ACE,CE,Combined TRACON& Tower with Radar,0,14,31,9,54,0,2,7,0,9,0,16,38,9,63,0,22,22,85
10/12/2006,SUX,IA,ACE,CE,Combined TRACON& Tower with Radar,0,12,34,27,73,0,0,0,0,0,0,12,34,27,73,0,22,22,95
10/13/2006,SUX,IA,ACE,CE,Combined TRACON& Tower with Radar,0,10,28,1,39,0,0,0,0,0,0,10,28,1,39,0,0,0,39
10/14/2006,SUX,IA,ACE,CE,Combined TRACON& Tower with Radar,0,9,22,11,42,0,0,34,0,34,0,9,56,11,76,19,0,19,95
10/15/2006,SUX,IA,ACE,CE,Combined TRACON& Tower with Radar,0,16,18,0,34,0,0,11,0,11,0,16,29,0,45,12,0,12,57
10/16/2006,SUX,IA,ACE,CE,Combined TRACON& Tower with Radar,0,11,33,0,44,0,0,0,0,0,0,11,33,0,44,0,0,0,44
10/17/2006,SUX,IA,ACE,CE,Combined TRACON& Tower with Radar,0,12,33,2,47,0,0,6,0,6,0,12,39,2,53,0,0,0,53
10/18/2006,SUX,IA,ACE,CE,Combined TRACON& Tower with Radar,0,8,17,11,36,0,0,0,0,0,0,8,17,11,36,0,0,0,36
10/19/2006,SUX,IA,ACE,CE,Combined TRACON& Tower with Radar,0,11,30,5,46,0,0,0,0,0,0,11,30,5,46,6,0,6,52
10/20/2006,SUX,IA,ACE,CE,Combined TRACON& Tower with Radar,0,13,28,7,48,0,0,0,0,0,0,13,28,7,48,0,4,4,52
10/21/2006,SUX,IA,ACE,CE,Combined TRACON& Tower with Radar,0,9,14,0,23,0,0,2,0,2,0,9,16,0,25,8,0,8,33
10/22/2006,SUX,IA,ACE,CE,Combined TRACON& Tower with Radar,0,9,15,1,25,0,0,0,1,1,0,9,15,2,26,0,0,0,26
10/23/2006,SUX,IA,ACE,CE,Combined TRACON& Tower with Radar,0,13,44,9,66,0,0,14,2,16,0,13,58,11,82,0,14,14,96
10/24/2006,SUX,IA,ACE,CE,Combined TRACON& Tower with Radar,0,15,27,34,76,0,0,21,0,21,0,15,48,34,97,6,21,27,124
10/25/2006,SUX,IA,ACE,CE,Combined TRACON& Tower with Radar,0,16,35,31,82,0,0,18,4,22,0,16,53,35,104,0,8,8,112
10/26/2006,SUX,IA,ACE,CE,Combined TRACON& Tower with Radar,0,14,41,41,96,0,0,0,2,2,0,14,41,43,98,0,0,0,98
10/27/2006,SUX,IA,ACE,CE,Combined TRACON& Tower with Radar,0,13,28,6,47,0,0,20,2,22,0,13,48,8,69,4,2,6,75
10/28/2006,SUX,IA,ACE,CE,Combined TRACON& Tower with Radar,0,10,28,0,38,0,0,13,0,13,0,10,41,0,51,18,0,18,69
10/29/2006,SUX,IA,ACE,CE,Combined TRACON& Tower with Radar,0,11,25,0,36,0,0,22,1,23,0,11,47,1,59,8,0,8,67
10/30/2006,SUX,IA,ACE,CE,Combined TRACON& Tower with Radar,0,14,25,40,79,0,0,8,1,9,0,14,33,41,88,0,27,27,115
10/31/2006,SUX,IA,ACE,CE,Combined TRACON& Tower with Radar,0,7,13,5,25,0,0,18,8,26,0,7,31,13,51,8,8,16,67
11/01/2006,SUX,IA,ACE,CE,Combined TRACON& Tower with Radar,0,13,34,47,94,0,0,23,1,24,0,13,57,48,118,12,8,20,138
11/02/2006,SUX,IA,ACE,CE,Combined TRACON& Tower with Radar,2,8,27,44,81,0,0,24,1,25,2,8,51,45,106,12,22,34,140
11/03/2006,SUX,IA,ACE,CE,Combined TRACON& Tower with Radar,2,5,22,9,38,0,1,5,3,9,2,6,27,12,47,0,0,0,47
11/04/2006,SUX,IA,ACE,CE,Combined TRACON& Tower with Radar,0,13,13,9,35,0,0,25,0,25,0,13,38,9,60,28,8,36,96
11/05/2006,SUX,IA,ACE,CE,Combined TRACON& Tower with Radar,0,6,26,15,47,0,0,29,4,33,0,6,55,19,80,40,22,62,142
11/06/2006,SUX,IA,ACE,CE,Combined TRACON& Tower with Radar,0,9,31,1,41,0,1,9,0,10,0,10,40,1,51,17,0,17,68
11/07/2006,SUX,IA,ACE,CE,Combined TRACON& Tower with Radar,0,8,31,16,55,0,0,17,0,17,0,8,48,16,72,10,0,10,82
11/08/2006,SUX,IA,ACE,CE,Combined TRACON& Tower with Radar,0,8,25,18,51,0,0,26,0,26,0,8,51,18,77,2,2,4,81
11/09/2006,SUX,IA,ACE,CE,Combined TRACON& Tower with Radar,0,7,33,24,64,0,0,22,0,22,0,7,55,24,86,22,6,28,114
11/10/2006,SUX,IA,ACE,CE,Combined TRACON& Tower with Radar,0,7,18,0,25,0,0,1,0,1,0,7,19,0,26,0,0,0,26
11/11/2006,SUX,IA,ACE,CE,Combined TRACON& Tower with Radar,0,6,20,0,26,0,0,21,0,21,0,6,41,0,47,2,0,2,49
11/12/2006,SUX,IA,ACE,CE,Combined TRACON& Tower with Radar,0,6,28,1,35,0,0,6,0,6,0,6,34,1,41,0,0,0,41
11/13/2006,SUX,IA,ACE,CE,Combined TRACON& Tower with Radar,0,7,39,0,46,0,0,22,0,22,0,7,61,0,68,0,0,0,68
11/14/2006,SUX,IA,ACE,CE,Combined TRACON& Tower with Radar,0,8,42,11,61,0,0,19,4,23,0,8,61,15,84,0,14,14,98
11/15/2006,SUX,IA,ACE,CE,Combined TRACON& Tower with Radar,0,13,13,0,26,13,11,0,0,24,13,24,13,0,50,0,0,0,50
11/16/2006,SUX,IA,ACE,CE,Combined TRACON& Tower with Radar,0,8,26,17,51,0,0,0,0,0,0,8,26,17,51,4,4,8,59
11/17/2006,SUX,IA,ACE,CE,Combined TRACON& Tower with Radar,0,13,41,4,58,0,0,0,0,0,0,13,41,4,58,0,4,4,62
11/18/2006,SUX,IA,ACE,CE,Combined TRACON& Tower with Radar,0,7,7,3,17,0,0,20,1,21,0,7,27,4,38,16,0,16,54
11/19/2006,SUX,IA,ACE,CE,Combined TRACON& Tower with Radar,0,8,12,1,21,0,0,30,0,30,0,8,42,1,51,20,0,20,71
11/20/2006,SUX,IA,ACE,CE,Combined TRACON& Tower with Radar,0,13,25,14,52,0,0,24,0,24,0,13,49,14,76,2,0,2,78
11/21/2006,SUX,IA,ACE,CE,Combined TRACON& Tower with Radar,0,8,22,38,68,0,0,19,1,20,0,8,41,39,88,4,14,18,106
11/22/2006,SUX,IA,ACE,CE,Combined TRACON& Tower with Radar,0,10,25,11,46,0,0,34,0,34,0,10,59,11,80,17,4,21,101
11/23/2006,SUX,IA,ACE,CE,Combined TRACON& Tower with Radar,0,4,13,0,17,0,0,0,0,0,0,4,13,0,17,32,0,32,49
11/24/2006,SUX,IA,ACE,CE,Combined TRACON& Tower with Radar,0,6,9,0,15,0,0,14,0,14,0,6,23,0,29,0,0,0,29
11/25/2006,SUX,IA,ACE,CE,Combined TRACON& Tower with Radar,0,7,15,0,22,0,0,28,0,28,0,7,43,0,50,10,0,10,60
11/26/2006,SUX,IA,ACE,CE,Combined TRACON& Tower with Radar,0,11,17,0,28,0,0,1,0,1,0,11,18,0,29,14,0,14,43
11/27/2006,SUX,IA,ACE,CE,Combined TRACON& Tower with Radar,0,9,20,3,32,0,0,0,0,0,0,9,20,3,32,0,0,0,32
11/28/2006,SUX,IA,ACE,CE,Combined TRACON& Tower with Radar,0,11,27,15,53,0,0,0,0,0,0,11,27,15,53,0,2,2,55
11/29/2006,SUX,IA,ACE,CE,Combined TRACON& Tower with Radar,0,10,16,22,48,0,0,9,1,10,0,10,25,23,58,0,0,0,58
11/30/2006,SUX,IA,ACE,CE,Combined TRACON& Tower with Radar,0,10,34,49,93,0,0,0,0,0,0,10,34,49,93,0,20,20,113
12/01/2006,SUX,IA,ACE,CE,Combined TRACON& Tower with Radar,0,16,23,10,49,0,0,0,0,0,0,16,23,10,49,10,0,10,59
12/02/2006,SUX,IA,ACE,CE,Combined TRACON& Tower with Radar,0,11,10,1,22,0,0,2,0,2,0,11,12,1,24,0,0,0,24
12/03/2006,SUX,IA,ACE,CE,Combined TRACON& Tower with Radar,0,10,12,8,30,0,0,15,0,15,0,10,27,8,45,0,10,10,55
12/04/2006,SUX,IA,ACE,CE,Combined TRACON& Tower with Radar,0,9,12,0,21,0,0,13,2,15,0,9,25,2,36,6,0,6,42
12/05/2006,SUX,IA,ACE,CE,Combined TRACON& Tower with Radar,0,9,35,33,77,0,1,14,0,15,0,10,49,33,92,20,4,24,116
12/06/2006,SUX,IA,ACE,CE,Combined TRACON& Tower with Radar,0,9,36,1,46,0,0,0,0,0,0,9,36,1,46,0,0,0,46
12/07/2006,SUX,IA,ACE,CE,Combined TRACON& Tower with Radar,0,11,23,13,47,0,0,0,0,0,0,11,23,13,47,6,2,8,55
12/08/2006,SUX,IA,ACE,CE,Combined TRACON& Tower with Radar,0,11,26,7,44,0,0,15,0,15,0,11,41,7,59,0,14,14,73
12/09/2006,SUX,IA,ACE,CE,Combined TRACON& Tower with Radar,0,9,12,0,21,0,0,16,0,16,0,9,28,0,37,0,0,0,37
12/10/2006,SUX,IA,ACE,CE,Combined TRACON& Tower with Radar,0,1,22,1,24,0,0,39,0,39,0,1,61,1,63,40,0,40,103
12/11/2006,SUX,IA,ACE,CE,Combined TRACON& Tower with Radar,0,8,21,4,33,0,0,0,0,0,0,8,21,4,33,0,0,0,33
12/12/2006,SUX,IA,ACE,CE,Combined TRACON& Tower with Radar,0,13,33,34,80,0,0,0,0,0,0,13,33,34,80,0,36,36,116
12/13/2006,SUX,IA,ACE,CE,Combined TRACON& Tower with Radar,0,9,28,32,69,0,0,22,12,34,0,9,50,44,103,6,6,12,115
12/14/2006,SUX,IA,ACE,CE,Combined TRACON& Tower with Radar,0,9,21,19,49,0,0,0,0,0,0,9,21,19,49,0,4,4,53
12/15/2006,SUX,IA,ACE,CE,Combined TRACON& Tower with Radar,0,11,28,10,49,0,0,0,0,0,0,11,28,10,49,28,2,30,79
12/16/2006,SUX,IA,ACE,CE,Combined TRACON& Tower with Radar,2,10,24,1,37,0,0,16,0,16,2,10,40,1,53,22,0,22,75
12/17/2006,SUX,IA,ACE,CE,Combined TRACON& Tower with Radar,0,8,15,0,23,0,0,0,0,0,0,8,15,0,23,12,0,12,35
12/18/2006,SUX,IA,ACE,CE,Combined TRACON& Tower with Radar,0,8,40,1,49,0,0,24,4,28,0,8,64,5,77,6,0,6,83
12/19/2006,SUX,IA,ACE,CE,Combined TRACON& Tower with Radar,2,8,39,27,76,0,0,3,3,6,2,8,42,30,82,10,6,16,98
12/20/2006,SUX,IA,ACE,CE,Combined TRACON& Tower with Radar,0,10,25,0,35,0,0,1,0,1,0,10,26,0,36,0,0,0,36
12/21/2006,SUX,IA,ACE,CE,Combined TRACON& Tower with Radar,0,8,17,0,25,0,0,0,0,0,0,8,17,0,25,0,0,0,25
12/22/2006,SUX,IA,ACE,CE,Combined TRACON& Tower with Radar,0,11,24,0,35,0,0,0,0,0,0,11,24,0,35,0,0,0,35
12/23/2006,SUX,IA,ACE,CE,Combined TRACON& Tower with Radar,0,9,18,0,27,0,0,18,0,18,0,9,36,0,45,20,0,20,65
12/24/2006,SUX,IA,ACE,CE,Combined TRACON& Tower with Radar,0,11,9,0,20,0,0,13,0,13,0,11,22,0,33,0,0,0,33
12/25/2006,SUX,IA,ACE,CE,Combined TRACON& Tower with Radar,0,8,18,0,26,0,0,9,0,9,0,8,27,0,35,0,0,0,35
12/26/2006,SUX,IA,ACE,CE,Combined TRACON& Tower with Radar,0,11,23,0,34,0,0,26,0,26,0,11,49,0,60,14,0,14,74
12/27/2006,SUX,IA,ACE,CE,Combined TRACON& Tower with Radar,0,9,32,0,41,0,0,27,0,27,0,9,59,0,68,6,0,6,74
12/28/2006,SUX,IA,ACE,CE,Combined TRACON& Tower with Radar,0,10,35,0,45,0,0,0,0,0,0,10,35,0,45,12,0,12,57
12/29/2006,SUX,IA,ACE,CE,Combined TRACON& Tower with Radar,0,9,15,0,24,0,0,0,0,0,0,9,15,0,24,0,0,0,24
12/30/2006,SUX,IA,ACE,CE,Combined TRACON& Tower with Radar,0,10,7,0,17,0,0,0,0,0,0,10,7,0,17,0,0,0,17
12/31/2006,SUX,IA,ACE,CE,Combined TRACON& Tower with Radar,0,9,4,0,13,0,0,0,0,0,0,9,4,0,13,0,0,0,13
01/01/2007,SUX,IA,ACE,CE,Combined TRACON& Tower with Radar,0,9,9,0,18,0,0,14,0,14,0,9,23,0,32,2,0,2,34
01/02/2007,SUX,IA,ACE,CE,Combined TRACON& Tower with Radar,0,11,27,11,49,0,2,16,4,22,0,13,43,15,71,0,2,2,73
01/03/2007,SUX,IA,ACE,CE,Combined TRACON& Tower with Radar,0,9,18,18,45,0,0,18,0,18,0,9,36,18,63,4,8,12,75
01/04/2007,SUX,IA,ACE,CE,Combined TRACON& Tower with Radar,0,10,23,25,58,0,0,0,0,0,0,10,23,25,58,8,6,14,72
01/05/2007,SUX,IA,ACE,CE,Combined TRACON& Tower with Radar,0,11,26,34,71,0,0,12,0,12,0,11,38,34,83,0,2,2,85
01/06/2007,SUX,IA,ACE,CE,Combined TRACON& Tower with Radar,0,7,16,14,37,0,0,44,0,44,0,7,60,14,81,28,4,32,113
01/07/2007,SUX,IA,ACE,CE,Combined TRACON& Tower with Radar,0,9,20,4,33,0,0,9,0,9,0,9,29,4,42,0,2,2,44
01/08/2007,SUX,IA,ACE,CE,Combined TRACON& Tower with Radar,0,11,19,0,30,0,0,12,0,12,0,11,31,0,42,2,0,2,44
01/09/2007,SUX,IA,ACE,CE,Combined TRACON& Tower with Radar,0,9,37,22,68,0,0,11,2,13,0,9,48,24,81,0,4,4,85
01/10/2007,SUX,IA,ACE,CE,Combined TRACON& Tower with Radar,0,9,27,6,42,0,0,24,1,25,0,9,51,7,67,2,0,2,69
01/11/2007,SUX,IA,ACE,CE,Combined TRACON& Tower with Radar,0,9,27,8,44,0,0,0,0,0,0,9,27,8,44,0,0,0,44
01/12/2007,SUX,IA,ACE,CE,Combined TRACON& Tower with Radar,0,14,24,10,48,0,0,0,0,0,0,14,24,10,48,2,16,18,66
01/13/2007,SUX,IA,ACE,CE,Combined TRACON& Tower with Radar,0,9,20,0,29,0,0,10,0,10,0,9,30,0,39,0,0,0,39
01/14/2007,SUX,IA,ACE,CE,Combined TRACON& Tower with Radar,0,5,7,0,12,0,0,0,0,0,0,5,7,0,12,0,0,0,12
01/15/2007,SUX,IA,ACE,CE,Combined TRACON& Tower with Radar,0,14,33,0,47,0,0,12,0,12,0,14,45,0,59,0,0,0,59
01/16/2007,SUX,IA,ACE,CE,Combined TRACON& Tower with Radar,0,10,20,14,44,0,2,16,0,18,0,12,36,14,62,0,6,6,68
01/17/2007,SUX,IA,ACE,CE,Combined TRACON& Tower with Radar,0,12,21,15,48,0,0,9,1,10,0,12,30,16,58,6,10,16,74
01/18/2007,SUX,IA,ACE,CE,Combined TRACON& Tower with Radar,0,7,19,0,26,0,0,0,0,0,0,7,19,0,26,2,0,2,28
01/19/2007,SUX,IA,ACE,CE,Combined TRACON& Tower with Radar,0,9,34,6,49,0,0,24,2,26,0,9,58,8,75,6,12,18,93
01/20/2007,SUX,IA,ACE,CE,Combined TRACON& Tower with Radar,0,8,24,0,32,0,0,0,0,0,0,8,24,0,32,0,0,0,32
01/21/2007,SUX,IA,ACE,CE,Combined TRACON& Tower with Radar,0,9,11,2,22,0,0,0,0,0,0,9,11,2,22,0,0,0,22
01/22/2007,SUX,IA,ACE,CE,Combined TRACON& Tower with Radar,0,14,25,11,50,0,0,4,0,4,0,14,29,11,54,8,6,14,68
01/23/2007,SUX,IA,ACE,CE,Combined TRACON& Tower with Radar,0,9,25,6,40,0,1,3,1,5,0,10,28,7,45,0,0,0,45
01/24/2007,SUX,IA,ACE,CE,Combined TRACON& Tower with Radar,0,11,32,3,46,0,0,29,0,29,0,11,61,3,75,8,0,8,83
01/25/2007,SUX,IA,ACE,CE,Combined TRACON& Tower with Radar,0,8,37,0,45,0,0,0,0,0,0,8,37,0,45,0,0,0,45
01/26/2007,SUX,IA,ACE,CE,Combined TRACON& Tower with Radar,0,12,31,0,43,0,0,0,0,0,0,12,31,0,43,2,0,2,45
01/27/2007,SUX,IA,ACE,CE,Combined TRACON& Tower with Radar,0,10,7,10,27,0,0,0,0,0,0,10,7,10,27,0,0,0,27
01/28/2007,SUX,IA,ACE,CE,Combined TRACON& Tower with Radar,0,10,20,0,30,0,0,20,0,20,0,10,40,0,50,8,0,8,58
01/29/2007,SUX,IA,ACE,CE,Combined TRACON& Tower with Radar,0,13,26,0,39,0,0,1,0,1,0,13,27,0,40,0,0,0,40
01/30/2007,SUX,IA,ACE,CE,Combined TRACON& Tower with Radar,0,9,21,6,36,0,3,7,0,10,0,12,28,6,46,0,0,0,46
01/31/2007,SUX,IA,ACE,CE,Combined TRACON& Tower with Radar,0,17,38,7,62,0,0,8,0,8,0,17,46,7,70,28,2,30,100
02/01/2007,SUX,IA,ACE,CE,Combined TRACON& Tower with Radar,0,13,23,17,53,0,0,0,0,0,0,13,23,17,53,22,12,34,87
02/02/2007,SUX,IA,ACE,CE,Combined TRACON& Tower with Radar,0,9,19,24,52,0,0,0,0,0,0,9,19,24,52,0,6,6,58
02/03/2007,SUX,IA,ACE,CE,Combined TRACON& Tower with Radar,0,5,9,2,16,0,4,12,0,16,0,9,21,2,32,2,0,2,34
02/04/2007,SUX,IA,ACE,CE,Combined TRACON& Tower with Radar,0,12,11,0,23,0,0,0,0,0,0,12,11,0,23,0,0,0,23
02/05/2007,SUX,IA,ACE,CE,Combined TRACON& Tower with Radar,0,8,28,0,36,0,0,7,0,7,0,8,35,0,43,6,0,6,49
02/06/2007,SUX,IA,ACE,CE,Combined TRACON& Tower with Radar,0,10,27,2,39,0,0,7,3,10,0,10,34,5,49,0,0,0,49
02/07/2007,SUX,IA,ACE,CE,Combined TRACON& Tower with Radar,0,10,32,9,51,0,1,5,0,6,0,11,37,9,57,0,4,4,61
02/08/2007,SUX,IA,ACE,CE,Combined TRACON& Tower with Radar,0,13,22,2,37,0,0,0,0,0,0,13,22,2,37,0,0,0,37
02/09/2007,SUX,IA,ACE,CE,Combined TRACON& Tower with Radar,0,9,23,24,56,0,0,0,0,0,0,9,23,24,56,4,2,6,62
02/10/2007,SUX,IA,ACE,CE,Combined TRACON& Tower with Radar,0,7,7,0,14,0,0,9,0,9,0,7,16,0,23,10,4,14,37
02/11/2007,SUX,IA,ACE,CE,Combined TRACON& Tower with Radar,0,8,13,0,21,0,0,0,0,0,0,8,13,0,21,0,0,0,21
02/12/2007,SUX,IA,ACE,CE,Combined TRACON& Tower with Radar,0,12,27,19,58,0,0,0,0,0,0,12,27,19,58,0,0,0,58
02/13/2007,SUX,IA,ACE,CE,Combined TRACON& Tower with Radar,0,11,33,21,65,0,0,7,0,7,0,11,40,21,72,0,16,16,88
02/14/2007,SUX,IA,ACE,CE,Combined TRACON& Tower with Radar,0,16,30,26,72,0,0,15,0,15,0,16,45,26,87,4,6,10,97
02/15/2007,SUX,IA,ACE,CE,Combined TRACON& Tower with Radar,0,13,30,28,71,0,0,6,0,6,0,13,36,28,77,0,6,6,83
02/16/2007,SUX,IA,ACE,CE,Combined TRACON& Tower with Radar,0,11,14,2,27,0,0,6,0,6,0,11,20,2,33,12,0,12,45
02/17/2007,SUX,IA,ACE,CE,Combined TRACON& Tower with Radar,0,8,13,0,21,0,0,9,0,9,0,8,22,0,30,4,0,4,34
02/18/2007,SUX,IA,ACE,CE,Combined TRACON& Tower with Radar,2,11,25,0,38,0,0,13,0,13,2,11,38,0,51,0,0,0,51
02/19/2007,SUX,IA,ACE,CE,Combined TRACON& Tower with Radar,2,9,37,0,48,0,0,12,0,12,2,9,49,0,60,6,0,6,66
02/20/2007,SUX,IA,ACE,CE,Combined TRACON& Tower with Radar,0,10,37,28,75,0,0,14,1,15,0,10,51,29,90,8,1,9,99
02/21/2007,SUX,IA,ACE,CE,Combined TRACON& Tower with Radar,2,9,33,3,47,0,4,31,0,35,2,13,64,3,82,20,0,20,102
02/22/2007,SUX,IA,ACE,CE,Combined TRACON& Tower with Radar,0,9,28,21,58,0,0,0,0,0,0,9,28,21,58,6,10,16,74
02/23/2007,SUX,IA,ACE,CE,Combined TRACON& Tower with Radar,2,15,21,5,43,0,0,0,0,0,2,15,21,5,43,8,0,8,51
02/24/2007,SUX,IA,ACE,CE,Combined TRACON& Tower with Radar,0,1,1,0,2,0,0,0,0,0,0,1,1,0,2,0,0,0,2
02/25/2007,SUX,IA,ACE,CE,Combined TRACON& Tower with Radar,0,8,6,0,14,0,0,0,0,0,0,8,6,0,14,0,0,0,14
02/26/2007,SUX,IA,ACE,CE,Combined TRACON& Tower with Radar,0,8,31,3,42,0,0,6,2,8,0,8,37,5,50,0,8,8,58
02/27/2007,SUX,IA,ACE,CE,Combined TRACON& Tower with Radar,0,8,27,4,39,0,0,12,0,12,0,8,39,4,51,2,0,2,53
02/28/2007,SUX,IA,ACE,CE,Combined TRACON& Tower with Radar,0,10,20,1,31,0,0,1,0,1,0,10,21,1,32,0,0,0,32
03/01/2007,SUX,IA,ACE,CE,Combined TRACON& Tower with Radar,0,1,8,0,9,0,0,0,0,0,0,1,8,0,9,0,0,0,9
03/02/2007,SUX,IA,ACE,CE,Combined TRACON& Tower with Radar,0,2,16,0,18,0,0,0,0,0,0,2,16,0,18,0,0,0,18
03/03/2007,SUX,IA,ACE,CE,Combined TRACON& Tower with Radar,0,8,4,0,12,0,0,7,0,7,0,8,11,0,19,4,0,4,23
03/04/2007,SUX,IA,ACE,CE,Combined TRACON& Tower with Radar,0,10,5,2,17,0,0,22,0,22,0,10,27,2,39,10,0,10,49
03/05/2007,SUX,IA,ACE,CE,Combined TRACON& Tower with Radar,0,8,30,1,39,0,0,14,0,14,0,8,44,1,53,0,0,0,53
03/06/2007,SUX,IA,ACE,CE,Combined TRACON& Tower with Radar,0,8,31,43,82,0,0,11,0,11,0,8,42,43,93,0,6,6,99
03/07/2007,SUX,IA,ACE,CE,Combined TRACON& Tower with Radar,0,10,41,4,55,0,0,6,0,6,0,10,47,4,61,0,0,0,61
03/08/2007,SUX,IA,ACE,CE,Combined TRACON& Tower with Radar,0,12,35,17,64,0,0,0,0,0,0,12,35,17,64,8,2,10,74
03/09/2007,SUX,IA,ACE,CE,Combined TRACON& Tower with Radar,0,9,25,5,39,0,0,0,0,0,0,9,25,5,39,14,0,14,53
03/10/2007,SUX,IA,ACE,CE,Combined TRACON& Tower with Radar,0,7,41,1,49,0,0,28,0,28,0,7,69,1,77,18,0,18,95
03/11/2007,SUX,IA,ACE,CE,Combined TRACON& Tower with Radar,0,11,15,1,27,0,0,0,0,0,0,11,15,1,27,23,0,23,50
03/12/2007,SUX,IA,ACE,CE,Combined TRACON& Tower with Radar,0,12,29,1,42,0,0,21,0,21,0,12,50,1,63,10,0,10,73
03/13/2007,SUX,IA,ACE,CE,Combined TRACON& Tower with Radar,0,10,45,2,57,0,0,17,2,19,0,10,62,4,76,24,0,24,100
03/14/2007,SUX,IA,ACE,CE,Combined TRACON& Tower with Radar,0,12,44,8,64,0,0,28,3,31,0,12,72,11,95,4,0,4,99
03/15/2007,SUX,IA,ACE,CE,Combined TRACON& Tower with Radar,0,13,28,5,46,0,0,19,0,19,0,13,47,5,65,12,0,12,77
03/16/2007,SUX,IA,ACE,CE,Combined TRACON& Tower with Radar,0,10,35,6,51,0,0,8,0,8,0,10,43,6,59,10,0,10,69
03/17/2007,SUX,IA,ACE,CE,Combined TRACON& Tower with Radar,0,6,7,1,14,0,0,1,0,1,0,6,8,1,15,0,0,0,15
03/18/2007,SUX,IA,ACE,CE,Combined TRACON& Tower with Radar,0,10,25,2,37,0,0,7,0,7,0,10,32,2,44,0,0,0,44
03/19/2007,SUX,IA,ACE,CE,Combined TRACON& Tower with Radar,0,8,35,0,43,0,0,10,0,10,0,8,45,0,53,6,0,6,59
03/20/2007,SUX,IA,ACE,CE,Combined TRACON& Tower with Radar,0,9,24,30,63,0,0,18,0,18,0,9,42,30,81,30,0,30,111
03/21/2007,SUX,IA,ACE,CE,Combined TRACON& Tower with Radar,0,9,17,2,28,0,0,4,0,4,0,9,21,2,32,0,0,0,32
03/22/2007,SUX,IA,ACE,CE,Combined TRACON& Tower with Radar,0,11,32,0,43,0,11,22,0,33,0,22,54,0,76,38,0,38,114
03/23/2007,SUX,IA,ACE,CE,Combined TRACON& Tower with Radar,0,14,33,20,67,0,0,0,0,0,0,14,33,20,67,8,8,16,83
03/24/2007,SUX,IA,ACE,CE,Combined TRACON& Tower with Radar,0,5,23,0,28,0,0,2,0,2,0,5,25,0,30,0,0,0,30
03/25/2007,SUX,IA,ACE,CE,Combined TRACON& Tower with Radar,0,6,8,1,15,0,0,6,0,6,0,6,14,1,21,16,0,16,37
03/26/2007,SUX,IA,ACE,CE,Combined TRACON& Tower with Radar,0,11,22,24,57,0,0,11,0,11,0,11,33,24,68,16,30,46,114
03/27/2007,SUX,IA,ACE,CE,Combined TRACON& Tower with Radar,0,7,27,12,46,0,0,5,0,5,0,7,32,12,51,18,10,28,79
03/28/2007,SUX,IA,ACE,CE,Combined TRACON& Tower with Radar,0,8,51,13,72,0,0,3,0,3,0,8,54,13,75,2,0,2,77
03/29/2007,SUX,IA,ACE,CE,Combined TRACON& Tower with Radar,0,10,43,2,55,0,0,1,0,1,0,10,44,2,56,0,0,0,56
03/30/2007,SUX,IA,ACE,CE,Combined TRACON& Tower with Radar,0,11,20,4,35,0,0,0,0,0,0,11,20,4,35,4,0,4,39
03/31/2007,SUX,IA,ACE,CE,Combined TRACON& Tower with Radar,0,10,8,0,18,0,0,3,0,3,0,10,11,0,21,8,0,8,29
04/01/2007,SUX,IA,ACE,CE,Combined TRACON& Tower with Radar,0,12,25,0,37,0,0,8,1,9,0,12,33,1,46,10,0,10,56
04/02/2007,SUX,IA,ACE,CE,Combined TRACON& Tower with Radar,0,10,47,0,57,0,0,28,0,28,0,10,75,0,85,6,0,6,91
04/03/2007,SUX,IA,ACE,CE,Combined TRACON& Tower with Radar,0,16,55,5,76,0,0,3,0,3,0,16,58,5,79,0,0,0,79
04/04/2007,SUX,IA,ACE,CE,Combined TRACON& Tower with Radar,0,14,33,6,53,0,0,15,0,15,0,14,48,6,68,0,0,0,68
04/05/2007,SUX,IA,ACE,CE,Combined TRACON& Tower with Radar,0,14,26,22,62,0,0,15,0,15,0,14,41,22,77,18,6,24,101
04/06/2007,SUX,IA,ACE,CE,Combined TRACON& Tower with Radar,0,12,19,33,64,0,0,0,0,0,0,12,19,33,64,2,14,16,80
04/07/2007,SUX,IA,ACE,CE,Combined TRACON& Tower with Radar,0,9,11,0,20,0,0,6,0,6,0,9,17,0,26,0,0,0,26
04/08/2007,SUX,IA,ACE,CE,Combined TRACON& Tower with Radar,0,9,25,0,34,0,0,27,0,27,0,9,52,0,61,0,0,0,61
04/09/2007,SUX,IA,ACE,CE,Combined TRACON& Tower with Radar,0,9,29,47,85,0,0,10,0,10,0,9,39,47,95,0,12,12,107
04/10/2007,SUX,IA,ACE,CE,Combined TRACON& Tower with Radar,0,9,25,13,47,0,0,4,0,4,0,9,29,13,51,0,8,8,59
04/11/2007,SUX,IA,ACE,CE,Combined TRACON& Tower with Radar,0,5,24,7,36,0,0,0,0,0,0,5,24,7,36,0,0,0,36
04/12/2007,SUX,IA,ACE,CE,Combined TRACON& Tower with Radar,2,7,56,11,76,0,0,0,0,0,2,7,56,11,76,0,0,0,76
04/13/2007,SUX,IA,ACE,CE,Combined TRACON& Tower with Radar,0,13,35,43,91,0,0,0,0,0,0,13,35,43,91,6,16,22,113
04/14/2007,SUX,IA,ACE,CE,Combined TRACON& Tower with Radar,0,9,12,10,31,0,0,19,2,21,0,9,31,12,52,22,8,30,82
04/15/2007,SUX,IA,ACE,CE,Combined TRACON& Tower with Radar,2,7,20,17,46,0,0,26,3,29,2,7,46,20,75,44,2,46,121
04/16/2007,SUX,IA,ACE,CE,Combined TRACON& Tower with Radar,0,7,32,0,39,0,0,27,2,29,0,7,59,2,68,4,2,6,74
04/17/2007,SUX,IA,ACE,CE,Combined TRACON& Tower with Radar,0,11,26,25,62,0,0,16,0,16,0,11,42,25,78,0,16,16,94
04/18/2007,SUX,IA,ACE,CE,Combined TRACON& Tower with Radar,0,13,33,8,54,0,0,0,0,0,0,13,33,8,54,12,0,12,66
04/19/2007,SUX,IA,ACE,CE,Combined TRACON& Tower with Radar,0,10,26,10,46,0,0,0,0,0,0,10,26,10,46,6,4,10,56
04/20/2007,SUX,IA,ACE,CE,Combined TRACON& Tower with Radar,0,8,17,5,30,0,0,12,3,15,0,8,29,8,45,4,10,14,59
04/21/2007,SUX,IA,ACE,CE,Combined TRACON& Tower with Radar,0,7,10,1,18,0,0,9,0,9,0,7,19,1,27,40,0,40,67
04/22/2007,SUX,IA,ACE,CE,Combined TRACON& Tower with Radar,0,9,11,0,20,0,0,0,0,0,0,9,11,0,20,0,0,0,20
04/23/2007,SUX,IA,ACE,CE,Combined TRACON& Tower with Radar,0,10,39,11,60,0,0,22,0,22,0,10,61,11,82,0,8,8,90
04/24/2007,SUX,IA,ACE,CE,Combined TRACON& Tower with Radar,0,7,34,1,42,0,0,0,1,1,0,7,34,2,43,0,0,0,43
04/25/2007,SUX,IA,ACE,CE,Combined TRACON& Tower with Radar,0,8,40,1,49,0,0,0,0,0,0,8,40,1,49,49,0,49,98
04/26/2007,SUX,IA,ACE,CE,Combined TRACON& Tower with Radar,0,7,36,11,54,0,0,0,0,0,0,7,36,11,54,0,6,6,60
04/27/2007,SUX,IA,ACE,CE,Combined TRACON& Tower with Radar,0,14,34,6,54,0,0,28,0,28,0,14,62,6,82,4,6,10,92
04/28/2007,SUX,IA,ACE,CE,Combined TRACON& Tower with Radar,0,10,21,2,33,0,0,38,20,58,0,10,59,22,91,8,0,8,99
04/29/2007,SUX,IA,ACE,CE,Combined TRACON& Tower with Radar,0,9,24,0,33,0,0,22,0,22,0,9,46,0,55,10,0,10,65
04/30/2007,SUX,IA,ACE,CE,Combined TRACON& Tower with Radar,0,11,30,4,45,0,0,13,3,16,0,11,43,7,61,0,2,2,63
05/01/2007,SUX,IA,ACE,CE,Combined TRACON& Tower with Radar,0,9,32,12,53,0,0,0,0,0,0,9,32,12,53,14,12,26,79
05/02/2007,SUX,IA,ACE,CE,Combined TRACON& Tower with Radar,0,10,24,8,42,0,0,14,1,15,0,10,38,9,57,10,0,10,67
05/03/2007,SUX,IA,ACE,CE,Combined TRACON& Tower with Radar,0,7,41,5,53,0,0,13,0,13,0,7,54,5,66,16,0,16,82
05/04/2007,SUX,IA,ACE,CE,Combined TRACON& Tower with Radar,0,8,48,3,59,0,0,6,0,6,0,8,54,3,65,10,0,10,75
05/05/2007,SUX,IA,ACE,CE,Combined TRACON& Tower with Radar,0,7,16,0,23,0,0,0,0,0,0,7,16,0,23,0,0,0,23
05/06/2007,SUX,IA,ACE,CE,Combined TRACON& Tower with Radar,0,7,16,6,29,0,0,6,0,6,0,7,22,6,35,0,2,2,37
05/07/2007,SUX,IA,ACE,CE,Combined TRACON& Tower with Radar,0,7,30,0,37,0,0,8,0,8,0,7,38,0,45,0,0,0,45
05/08/2007,SUX,IA,ACE,CE,Combined TRACON& Tower with Radar,0,11,41,16,68,0,1,25,3,29,0,12,66,19,97,0,10,10,107
05/09/2007,SUX,IA,ACE,CE,Combined TRACON& Tower with Radar,0,11,31,16,58,0,0,31,0,31,0,11,62,16,89,6,4,10,99
05/10/2007,SUX,IA,ACE,CE,Combined TRACON& Tower with Radar,0,11,49,7,67,0,0,0,0,0,0,11,49,7,67,2,6,8,75
05/11/2007,SUX,IA,ACE,CE,Combined TRACON& Tower with Radar,2,7,28,3,40,0,0,0,0,0,2,7,28,3,40,22,10,32,72
05/12/2007,SUX,IA,ACE,CE,Combined TRACON& Tower with Radar,0,9,4,0,13,0,0,11,0,11,0,9,15,0,24,6,0,6,30
05/13/2007,SUX,IA,ACE,CE,Combined TRACON& Tower with Radar,0,9,8,0,17,0,0,6,0,6,0,9,14,0,23,0,0,0,23
05/14/2007,SUX,IA,ACE,CE,Combined TRACON& Tower with Radar,0,9,36,0,45,0,0,18,0,18,0,9,54,0,63,0,0,0,63
05/15/2007,SUX,IA,ACE,CE,Combined TRACON& Tower with Radar,2,10,31,4,47,0,0,7,6,13,2,10,38,10,60,0,4,4,64
05/16/2007,SUX,IA,ACE,CE,Combined TRACON& Tower with Radar,0,9,39,9,57,0,0,18,2,20,0,9,57,11,77,0,0,0,77
05/17/2007,SUX,IA,ACE,CE,Combined TRACON& Tower with Radar,0,11,27,12,50,0,0,20,1,21,0,11,47,13,71,0,8,8,79
05/18/2007,SUX,IA,ACE,CE,Combined TRACON& Tower with Radar,0,9,38,2,49,0,0,0,0,0,0,9,38,2,49,0,0,0,49
05/19/2007,SUX,IA,ACE,CE,Combined TRACON& Tower with Radar,0,9,21,1,31,0,0,12,0,12,0,9,33,1,43,0,0,0,43
05/20/2007,SUX,IA,ACE,CE,Combined TRACON& Tower with Radar,0,13,6,0,19,0,0,20,0,20,0,13,26,0,39,8,0,8,47
05/21/2007,SUX,IA,ACE,CE,Combined TRACON& Tower with Radar,0,10,21,3,34,0,0,12,1,13,0,10,33,4,47,0,0,0,47
05/22/2007,SUX,IA,ACE,CE,Combined TRACON& Tower with Radar,0,8,38,18,64,0,0,9,1,10,0,8,47,19,74,4,2,6,80
05/23/2007,SUX,IA,ACE,CE,Combined TRACON& Tower with Radar,2,9,27,13,51,0,0,4,0,4,2,9,31,13,55,0,2,2,57
05/24/2007,SUX,IA,ACE,CE,Combined TRACON& Tower with Radar,0,10,46,9,65,0,0,0,0,0,0,10,46,9,65,8,8,16,81
05/25/2007,SUX,IA,ACE,CE,Combined TRACON& Tower with Radar,0,9,31,6,46,0,0,26,4,30,0,9,57,10,76,10,10,20,96
05/26/2007,SUX,IA,ACE,CE,Combined TRACON& Tower with Radar,2,10,17,4,33,0,0,13,0,13,2,10,30,4,46,4,0,4,50
05/27/2007,SUX,IA,ACE,CE,Combined TRACON& Tower with Radar,0,6,5,0,11,0,0,19,0,19,0,6,24,0,30,12,0,12,42
05/28/2007,SUX,IA,ACE,CE,Combined TRACON& Tower with Radar,0,7,9,0,16,0,0,4,0,4,0,7,13,0,20,0,0,0,20
05/29/2007,SUX,IA,ACE,CE,Combined TRACON& Tower with Radar,0,5,26,7,38,0,0,0,2,2,0,5,26,9,40,0,2,2,42
05/30/2007,SUX,IA,ACE,CE,Combined TRACON& Tower with Radar,0,10,38,8,56,0,0,2,2,4,0,10,40,10,60,4,4,8,68
05/31/2007,SUX,IA,ACE,CE,Combined TRACON& Tower with Radar,0,13,36,18,67,0,0,0,0,0,0,13,36,18,67,0,4,4,71
06/01/2007,SUX,IA,ACE,CE,Combined TRACON& Tower with Radar,0,10,21,1,32,0,0,0,0,0,0,10,21,1,32,0,0,0,32
06/02/2007,SUX,IA,ACE,CE,Combined TRACON& Tower with Radar,0,8,13,0,21,0,0,0,0,0,0,8,13,0,21,0,0,0,21
06/03/2007,SUX,IA,ACE,CE,Combined TRACON& Tower with Radar,2,9,11,2,24,0,0,11,0,11,2,9,22,2,35,16,0,16,51
06/04/2007,SUX,IA,ACE,CE,Combined TRACON& Tower with Radar,2,7,22,3,34,0,0,15,0,15,2,7,37,3,49,18,0,18,67
06/05/2007,SUX,IA,ACE,CE,Combined TRACON& Tower with Radar,0,11,32,9,52,0,0,44,0,44,0,11,76,9,96,10,2,12,108
06/06/2007,SUX,IA,ACE,CE,Combined TRACON& Tower with Radar,0,8,21,2,31,0,0,10,0,10,0,8,31,2,41,0,0,0,41
06/07/2007,SUX,IA,ACE,CE,Combined TRACON& Tower with Radar,0,15,17,2,34,0,0,0,0,0,0,15,17,2,34,0,0,0,34
06/08/2007,SUX,IA,ACE,CE,Combined TRACON& Tower with Radar,0,11,30,2,43,0,0,0,0,0,0,11,30,2,43,4,0,4,47
06/09/2007,SUX,IA,ACE,CE,Combined TRACON& Tower with Radar,0,9,13,0,22,0,0,19,0,19,0,9,32,0,41,16,0,16,57
06/10/2007,SUX,IA,ACE,CE,Combined TRACON& Tower with Radar,0,8,16,0,24,0,0,16,0,16,0,8,32,0,40,10,0,10,50
06/11/2007,SUX,IA,ACE,CE,Combined TRACON& Tower with Radar,0,7,53,0,60,0,0,7,0,7,0,7,60,0,67,0,0,0,67
06/12/2007,SUX,IA,ACE,CE,Combined TRACON& Tower with Radar,0,8,36,34,78,0,0,18,0,18,0,8,54,34,96,4,24,28,124
06/13/2007,SUX,IA,ACE,CE,Combined TRACON& Tower with Radar,0,10,33,0,43,0,0,0,0,0,0,10,33,0,43,0,0,0,43
06/14/2007,SUX,IA,ACE,CE,Combined TRACON& Tower with Radar,0,9,28,20,57,0,0,26,4,30,0,9,54,24,87,20,10,30,117
06/15/2007,SUX,IA,ACE,CE,Combined TRACON& Tower with Radar,0,13,41,4,58,0,0,16,2,18,0,13,57,6,76,8,10,18,94
06/16/2007,SUX,IA,ACE,CE,Combined TRACON& Tower with Radar,0,7,21,0,28,0,0,0,0,0,0,7,21,0,28,8,0,8,36
06/17/2007,SUX,IA,ACE,CE,Combined TRACON& Tower with Radar,0,8,17,0,25,0,0,12,0,12,0,8,29,0,37,0,0,0,37
06/18/2007,SUX,IA,ACE,CE,Combined TRACON& Tower with Radar,0,7,47,24,78,0,0,21,2,23,0,7,68,26,101,12,20,32,133
06/19/2007,SUX,IA,ACE,CE,Combined TRACON& Tower with Radar,0,11,38,17,66,0,0,22,0,22,0,11,60,17,88,2,12,14,102
06/20/2007,SUX,IA,ACE,CE,Combined TRACON& Tower with Radar,0,10,30,22,62,0,0,28,12,40,0,10,58,34,102,2,22,24,126
06/21/2007,SUX,IA,ACE,CE,Combined TRACON& Tower with Radar,0,6,31,7,44,0,0,0,0,0,0,6,31,7,44,2,0,2,46
06/22/2007,SUX,IA,ACE,CE,Combined TRACON& Tower with Radar,0,9,25,20,54,0,0,10,3,13,0,9,35,23,67,4,4,8,75
06/23/2007,SUX,IA,ACE,CE,Combined TRACON& Tower with Radar,0,9,38,0,47,0,0,0,0,0,0,9,38,0,47,10,0,10,57
06/24/2007,SUX,IA,ACE,CE,Combined TRACON& Tower with Radar,0,11,38,2,51,0,0,18,0,18,0,11,56,2,69,30,0,30,99
06/25/2007,SUX,IA,ACE,CE,Combined TRACON& Tower with Radar,0,10,29,16,55,0,0,11,6,17,0,10,40,22,72,2,2,4,76
06/26/2007,SUX,IA,ACE,CE,Combined TRACON& Tower with Radar,0,9,34,19,62,0,0,11,2,13,0,9,45,21,75,4,4,8,83
06/27/2007,SUX,IA,ACE,CE,Combined TRACON& Tower with Radar,0,7,37,9,53,0,0,11,4,15,0,7,48,13,68,0,2,2,70
06/28/2007,SUX,IA,ACE,CE,Combined TRACON& Tower with Radar,0,11,41,21,73,0,0,26,4,30,0,11,67,25,103,40,4,44,147
06/29/2007,SUX,IA,ACE,CE,Combined TRACON& Tower with Radar,0,8,16,1,25,0,0,27,0,27,0,8,43,1,52,0,0,0,52
06/30/2007,SUX,IA,ACE,CE,Combined TRACON& Tower with Radar,0,12,19,1,32,0,0,21,0,21,0,12,40,1,53,24,0,24,77
07/01/2007,SUX,IA,ACE,CE,Combined TRACON& Tower with Radar,0,8,11,1,20,0,0,28,0,28,0,8,39,1,48,42,0,42,90
07/02/2007,SUX,IA,ACE,CE,Combined TRACON& Tower with Radar,0,7,20,0,27,0,0,11,0,11,0,7,31,0,38,0,0,0,38
07/03/2007,SUX,IA,ACE,CE,Combined TRACON& Tower with Radar,2,6,20,10,38,0,0,7,0,7,2,6,27,10,45,24,0,24,69
07/04/2007,SUX,IA,ACE,CE,Combined TRACON& Tower with Radar,0,7,7,0,14,0,0,26,1,27,0,7,33,1,41,16,0,16,57
07/05/2007,SUX,IA,ACE,CE,Combined TRACON& Tower with Radar,0,8,21,3,32,0,0,0,0,0,0,8,21,3,32,0,2,2,34
07/06/2007,SUX,IA,ACE,CE,Combined TRACON& Tower with Radar,2,10,16,0,28,0,0,0,0,0,2,10,16,0,28,6,0,6,34
07/07/2007,SUX,IA,ACE,CE,Combined TRACON& Tower with Radar,0,7,42,0,49,0,0,32,0,32,0,7,74,0,81,0,10,10,91
07/08/2007,SUX,IA,ACE,CE,Combined TRACON& Tower with Radar,0,7,27,0,34,0,0,13,0,13,0,7,40,0,47,0,0,0,47
07/09/2007,SUX,IA,ACE,CE,Combined TRACON& Tower with Radar,0,10,48,11,69,0,0,12,0,12,0,10,60,11,81,10,2,12,93
07/10/2007,SUX,IA,ACE,CE,Combined TRACON& Tower with Radar,2,12,23,6,43,0,0,18,0,18,2,12,41,6,61,0,0,0,61
07/11/2007,SUX,IA,ACE,CE,Combined TRACON& Tower with Radar,0,7,18,10,35,0,0,28,4,32,0,7,46,14,67,32,8,40,107
07/12/2007,SUX,IA,ACE,CE,Combined TRACON& Tower with Radar,0,12,28,18,58,0,0,32,0,32,0,12,60,18,90,12,8,20,110
07/13/2007,SUX,IA,ACE,CE,Combined TRACON& Tower with Radar,0,9,26,0,35,0,0,0,0,0,0,9,26,0,35,0,0,0,35
07/14/2007,SUX,IA,ACE,CE,Combined TRACON& Tower with Radar,2,9,12,1,24,0,0,23,0,23,2,9,35,1,47,20,0,20,67
07/15/2007,SUX,IA,ACE,CE,Combined TRACON& Tower with Radar,0,9,16,3,28,0,0,103,0,103,0,9,119,3,131,22,2,24,155
07/16/2007,SUX,IA,ACE,CE,Combined TRACON& Tower with Radar,0,9,20,1,30,0,0,15,0,15,0,9,35,1,45,24,0,24,69
07/17/2007,SUX,IA,ACE,CE,Combined TRACON& Tower with Radar,0,12,26,0,38,0,0,0,0,0,0,12,26,0,38,8,0,8,46
07/18/2007,SUX,IA,ACE,CE,Combined TRACON& Tower with Radar,0,9,21,0,30,0,0,24,5,29,0,9,45,5,59,4,0,4,63
07/19/2007,SUX,IA,ACE,CE,Combined TRACON& Tower with Radar,0,9,43,18,70,0,0,28,0,28,0,9,71,18,98,22,14,36,134
07/20/2007,SUX,IA,ACE,CE,Combined TRACON& Tower with Radar,0,9,42,5,56,0,0,0,0,0,0,9,42,5,56,2,2,4,60
07/21/2007,SUX,IA,ACE,CE,Combined TRACON& Tower with Radar,0,7,24,0,31,0,0,17,0,17,0,7,41,0,48,0,0,0,48
07/22/2007,SUX,IA,ACE,CE,Combined TRACON& Tower with Radar,0,9,25,0,34,0,0,26,0,26,0,9,51,0,60,14,0,14,74
07/23/2007,SUX,IA,ACE,CE,Combined TRACON& Tower with Radar,0,9,45,4,58,0,0,16,0,16,0,9,61,4,74,24,0,24,98
07/24/2007,SUX,IA,ACE,CE,Combined TRACON& Tower with Radar,0,11,43,0,54,0,0,20,0,20,0,11,63,0,74,12,0,12,86
07/25/2007,SUX,IA,ACE,CE,Combined TRACON& Tower with Radar,0,11,31,3,45,0,0,25,0,25,0,11,56,3,70,10,0,10,80
07/26/2007,SUX,IA,ACE,CE,Combined TRACON& Tower with Radar,0,13,26,9,48,0,0,0,0,0,0,13,26,9,48,0,22,22,70
07/27/2007,SUX,IA,ACE,CE,Combined TRACON& Tower with Radar,0,11,23,2,36,0,0,13,0,13,0,11,36,2,49,0,0,0,49
07/28/2007,SUX,IA,ACE,CE,Combined TRACON& Tower with Radar,0,10,28,0,38,0,0,11,0,11,0,10,39,0,49,40,0,40,89
07/29/2007,SUX,IA,ACE,CE,Combined TRACON& Tower with Radar,0,8,25,0,33,0,0,38,0,38,0,8,63,0,71,6,0,6,77
07/30/2007,SUX,IA,ACE,CE,Combined TRACON& Tower with Radar,0,7,41,0,48,0,0,22,0,22,0,7,63,0,70,0,0,0,70
07/31/2007,SUX,IA,ACE,CE,Combined TRACON& Tower with Radar,0,9,39,2,50,0,0,9,0,9,0,9,48,2,59,16,0,16,75
08/01/2007,SUX,IA,ACE,CE,Combined TRACON& Tower with Radar,0,10,21,0,31,0,0,18,0,18,0,10,39,0,49,8,0,8,57
08/02/2007,SUX,IA,ACE,CE,Combined TRACON& Tower with Radar,0,13,31,0,44,0,0,0,0,0,0,13,31,0,44,38,0,38,82
08/03/2007,SUX,IA,ACE,CE,Combined TRACON& Tower with Radar,0,11,34,6,51,0,0,36,1,37,0,11,70,7,88,8,32,40,128
08/04/2007,SUX,IA,ACE,CE,Combined TRACON& Tower with Radar,0,9,24,2,35,0,0,16,1,17,0,9,40,3,52,12,16,28,80
08/05/2007,SUX,IA,ACE,CE,Combined TRACON& Tower with Radar,0,11,35,8,54,0,0,6,0,6,0,11,41,8,60,0,4,4,64
08/06/2007,SUX,IA,ACE,CE,Combined TRACON& Tower with Radar,0,16,28,17,61,0,0,3,0,3,0,16,31,17,64,0,0,0,64
08/07/2007,SUX,IA,ACE,CE,Combined TRACON& Tower with Radar,0,14,34,1,49,0,0,0,0,0,0,14,34,1,49,4,0,4,53
08/08/2007,SUX,IA,ACE,CE,Combined TRACON& Tower with Radar,0,16,36,0,52,0,0,2,0,2,0,16,38,0,54,0,0,0,54
08/09/2007,SUX,IA,ACE,CE,Combined TRACON& Tower with Radar,0,9,32,0,41,0,0,0,0,0,0,9,32,0,41,16,0,16,57
08/10/2007,SUX,IA,ACE,CE,Combined TRACON& Tower with Radar,0,11,23,0,34,0,0,0,0,0,0,11,23,0,34,2,0,2,36
08/11/2007,SUX,IA,ACE,CE,Combined TRACON& Tower with Radar,0,11,10,0,21,0,0,17,0,17,0,11,27,0,38,0,0,0,38
08/12/2007,SUX,IA,ACE,CE,Combined TRACON& Tower with Radar,0,12,9,0,21,0,0,23,0,23,0,12,32,0,44,36,0,36,80
08/13/2007,SUX,IA,ACE,CE,Combined TRACON& Tower with Radar,0,9,30,10,49,0,0,34,4,38,0,9,64,14,87,22,22,44,131
08/14/2007,SUX,IA,ACE,CE,Combined TRACON& Tower with Radar,0,18,58,14,90,0,0,3,1,4,0,18,61,15,94,0,6,6,100
08/15/2007,SUX,IA,ACE,CE,Combined TRACON& Tower with Radar,0,12,60,0,72,0,0,9,0,9,0,12,69,0,81,0,0,0,81
08/16/2007,SUX,IA,ACE,CE,Combined TRACON& Tower with Radar,0,13,28,11,52,0,0,0,0,0,0,13,28,11,52,38,2,40,92
08/17/2007,SUX,IA,ACE,CE,Combined TRACON& Tower with Radar,0,9,28,11,48,0,0,10,0,10,0,9,38,11,58,0,4,4,62
08/18/2007,SUX,IA,ACE,CE,Combined TRACON& Tower with Radar,0,5,11,10,26,0,0,17,2,19,0,5,28,12,45,20,0,20,65
08/19/2007,SUX,IA,ACE,CE,Combined TRACON& Tower with Radar,2,9,22,0,33,0,0,9,0,9,2,9,31,0,42,4,0,4,46
08/20/2007,SUX,IA,ACE,CE,Combined TRACON& Tower with Radar,0,1,30,0,31,0,0,3,0,3,0,1,33,0,34,0,0,0,34
08/21/2007,SUX,IA,ACE,CE,Combined TRACON& Tower with Radar,0,16,38,18,72,0,0,5,0,5,0,16,43,18,77,22,0,22,99
08/22/2007,SUX,IA,ACE,CE,Combined TRACON& Tower with Radar,2,3,25,0,30,0,0,0,0,0,2,3,25,0,30,0,0,0,30
08/23/2007,SUX,IA,ACE,CE,Combined TRACON& Tower with Radar,0,1,40,0,41,0,0,0,0,0,0,1,40,0,41,18,0,18,59
08/24/2007,SUX,IA,ACE,CE,Combined TRACON& Tower with Radar,0,11,30,0,41,0,0,0,0,0,0,11,30,0,41,0,0,0,41
08/25/2007,SUX,IA,ACE,CE,Combined TRACON& Tower with Radar,0,14,26,0,40,0,0,30,0,30,0,14,56,0,70,36,0,36,106
08/26/2007,SUX,IA,ACE,CE,Combined TRACON& Tower with Radar,0,10,25,0,35,0,0,8,0,8,0,10,33,0,43,32,0,32,75
08/27/2007,SUX,IA,ACE,CE,Combined TRACON& Tower with Radar,0,8,28,2,38,0,0,32,0,32,0,8,60,2,70,6,0,6,76
08/28/2007,SUX,IA,ACE,CE,Combined TRACON& Tower with Radar,0,9,26,0,35,0,0,8,0,8,0,9,34,0,43,0,0,0,43
08/29/2007,SUX,IA,ACE,CE,Combined TRACON& Tower with Radar,0,16,34,4,54,0,0,0,0,0,0,16,34,4,54,12,2,14,68
08/30/2007,SUX,IA,ACE,CE,Combined TRACON& Tower with Radar,0,9,31,2,42,0,0,23,0,23,0,9,54,2,65,32,0,32,97
08/31/2007,SUX,IA,ACE,CE,Combined TRACON& Tower with Radar,0,17,35,0,52,0,0,35,0,35,0,17,70,0,87,6,0,6,93
09/01/2007,SUX,IA,ACE,CE,Combined TRACON& Tower with Radar,0,9,17,0,26,0,0,23,0,23,0,9,40,0,49,2,0,2,51
09/02/2007,SUX,IA,ACE,CE,Combined TRACON& Tower with Radar,0,7,7,0,14,0,0,9,0,9,0,7,16,0,23,0,0,0,23
09/03/2007,SUX,IA,ACE,CE,Combined TRACON& Tower with Radar,0,9,21,0,30,0,0,50,0,50,0,9,71,0,80,12,0,12,92
09/04/2007,SUX,IA,ACE,CE,Combined TRACON& Tower with Radar,0,11,27,0,38,0,0,18,2,20,0,11,45,2,58,12,0,12,70
09/05/2007,SUX,IA,ACE,CE,Combined TRACON& Tower with Radar,0,12,40,0,52,0,0,12,0,12,0,12,52,0,64,4,0,4,68
09/06/2007,SUX,IA,ACE,CE,Combined TRACON& Tower with Radar,0,10,21,4,35,0,0,6,0,6,0,10,27,4,41,0,0,0,41
09/07/2007,SUX,IA,ACE,CE,Combined TRACON& Tower with Radar,0,17,29,0,46,0,0,0,0,0,0,17,29,0,46,0,0,0,46
09/08/2007,SUX,IA,ACE,CE,Combined TRACON& Tower with Radar,0,9,16,0,25,0,0,22,3,25,0,9,38,3,50,48,0,48,98
09/09/2007,SUX,IA,ACE,CE,Combined TRACON& Tower with Radar,0,10,20,0,30,0,0,17,0,17,0,10,37,0,47,0,0,0,47
09/10/2007,SUX,IA,ACE,CE,Combined TRACON& Tower with Radar,0,12,48,3,63,0,0,17,0,17,0,12,65,3,80,18,12,30,110
09/11/2007,SUX,IA,ACE,CE,Combined TRACON& Tower with Radar,0,12,33,22,67,0,0,23,2,25,0,12,56,24,92,24,10,34,126
09/12/2007,SUX,IA,ACE,CE,Combined TRACON& Tower with Radar,0,14,31,3,48,0,0,16,0,16,0,14,47,3,64,0,0,0,64
09/13/2007,SUX,IA,ACE,CE,Combined TRACON& Tower with Radar,0,12,34,2,48,0,0,0,0,0,0,12,34,2,48,6,0,6,54
09/14/2007,SUX,IA,ACE,CE,Combined TRACON& Tower with Radar,0,13,30,0,43,0,0,0,0,0,0,13,30,0,43,30,0,30,73
09/15/2007,SUX,IA,ACE,CE,Combined TRACON& Tower with Radar,0,11,23,0,34,0,0,17,0,17,0,11,40,0,51,26,0,26,77
09/16/2007,SUX,IA,ACE,CE,Combined TRACON& Tower with Radar,0,8,16,0,24,0,0,28,0,28,0,8,44,0,52,26,0,26,78
09/17/2007,SUX,IA,ACE,CE,Combined TRACON& Tower with Radar,0,9,26,0,35,0,1,15,0,16,0,10,41,0,51,0,0,0,51
09/18/2007,SUX,IA,ACE,CE,Combined TRACON& Tower with Radar,0,7,45,0,52,0,0,2,0,2,0,7,47,0,54,0,0,0,54
09/19/2007,SUX,IA,ACE,CE,Combined TRACON& Tower with Radar,0,10,43,12,65,0,0,16,1,17,0,10,59,13,82,16,8,24,106
09/20/2007,SUX,IA,ACE,CE,Combined TRACON& Tower with Radar,0,11,25,8,44,0,0,13,4,17,0,11,38,12,61,0,4,4,65
09/21/2007,SUX,IA,ACE,CE,Combined TRACON& Tower with Radar,0,6,21,0,27,0,0,15,0,15,0,6,36,0,42,0,0,0,42
09/22/2007,SUX,IA,ACE,CE,Combined TRACON& Tower with Radar,0,7,34,0,41,0,0,22,0,22,0,7,56,0,63,20,0,20,83
09/23/2007,SUX,IA,ACE,CE,Combined TRACON& Tower with Radar,0,13,10,0,23,0,0,14,0,14,0,13,24,0,37,22,0,22,59
09/24/2007,SUX,IA,ACE,CE,Combined TRACON& Tower with Radar,0,10,38,0,48,0,0,9,0,9,0,10,47,0,57,0,0,0,57
09/25/2007,SUX,IA,ACE,CE,Combined TRACON& Tower with Radar,0,7,19,4,30,0,0,10,0,10,0,7,29,4,40,4,0,4,44
09/26/2007,SUX,IA,ACE,CE,Combined TRACON& Tower with Radar,0,11,30,18,59,0,0,15,0,15,0,11,45,18,74,0,14,14,88
09/27/2007,SUX,IA,ACE,CE,Combined TRACON& Tower with Radar,0,9,28,8,45,0,0,15,3,18,0,9,43,11,63,38,8,46,109
09/28/2007,SUX,IA,ACE,CE,Combined TRACON& Tower with Radar,0,11,33,16,60,0,0,0,0,0,0,11,33,16,60,26,8,34,94
09/29/2007,SUX,IA,ACE,CE,Combined TRACON& Tower with Radar,2,8,15,0,25,0,0,10,0,10,2,8,25,0,35,4,0,4,39
09/30/2007,SUX,IA,ACE,CE,Combined TRACON& Tower with Radar,0,2,12,0,14,0,0,2,1,3,0,2,14,1,17,0,0,0,17
10/01/2007,SUX,IA,ACE,CE,Combined TRACON& Tower with Radar,0,8,40,0,48,0,0,11,0,11,0,8,51,0,59,26,0,26,85
10/02/2007,SUX,IA,ACE,CE,Combined TRACON& Tower with Radar,0,3,22,7,32,2,0,2,0,4,2,3,24,7,36,0,0,0,36
10/03/2007,SUX,IA,ACE,CE,Combined TRACON& Tower with Radar,0,11,24,13,48,0,0,26,0,26,0,11,50,13,74,22,4,26,100
10/04/2007,SUX,IA,ACE,CE,Combined TRACON& Tower with Radar,0,17,37,14,68,0,0,7,0,7,0,17,44,14,75,20,0,20,95
10/05/2007,SUX,IA,ACE,CE,Combined TRACON& Tower with Radar,2,8,35,8,53,0,0,18,2,20,2,8,53,10,73,2,0,2,75
10/06/2007,SUX,IA,ACE,CE,Combined TRACON& Tower with Radar,3,9,20,1,33,0,5,0,0,5,3,14,20,1,38,28,0,28,66
10/07/2007,SUX,IA,ACE,CE,Combined TRACON& Tower with Radar,3,9,9,0,21,0,0,8,0,8,3,9,17,0,29,10,0,10,39
10/08/2007,SUX,IA,ACE,CE,Combined TRACON& Tower with Radar,3,10,46,0,59,0,0,19,0,19,3,10,65,0,78,22,0,22,100
10/09/2007,SUX,IA,ACE,CE,Combined TRACON& Tower with Radar,3,11,31,0,45,0,0,13,0,13,3,11,44,0,58,2,0,2,60
10/10/2007,SUX,IA,ACE,CE,Combined TRACON& Tower with Radar,3,10,35,16,64,0,6,0,0,6,3,16,35,16,70,28,8,36,106
10/11/2007,SUX,IA,ACE,CE,Combined TRACON& Tower with Radar,3,11,29,10,53,0,0,0,0,0,3,11,29,10,53,8,8,16,69
10/12/2007,SUX,IA,ACE,CE,Combined TRACON& Tower with Radar,3,14,23,1,41,0,0,0,0,0,3,14,23,1,41,0,4,4,45
10/13/2007,SUX,IA,ACE,CE,Combined TRACON& Tower with Radar,3,9,21,0,33,0,0,0,0,0,3,9,21,0,33,6,0,6,39
10/14/2007,SUX,IA,ACE,CE,Combined TRACON& Tower with Radar,3,7,12,4,26,0,0,1,0,1,3,7,13,4,27,1,0,1,28
10/15/2007,SUX,IA,ACE,CE,Combined TRACON& Tower with Radar,3,12,26,0,41,0,0,0,0,0,3,12,26,0,41,0,0,0,41
10/16/2007,SUX,IA,ACE,CE,Combined TRACON& Tower with Radar,3,12,39,8,62,0,0,5,0,5,3,12,44,8,67,24,0,24,91
10/17/2007,SUX,IA,ACE,CE,Combined TRACON& Tower with Radar,3,5,36,2,46,0,0,4,0,4,3,5,40,2,50,4,0,4,54
10/18/2007,SUX,IA,ACE,CE,Combined TRACON& Tower with Radar,3,11,35,0,49,0,0,0,0,0,3,11,35,0,49,8,0,8,57
10/19/2007,SUX,IA,ACE,CE,Combined TRACON& Tower with Radar,3,17,44,21,85,0,0,0,0,0,3,17,44,21,85,24,18,42,127
10/20/2007,SUX,IA,ACE,CE,Combined TRACON& Tower with Radar,3,13,15,0,31,0,0,20,0,20,3,13,35,0,51,20,0,20,71
10/21/2007,SUX,IA,ACE,CE,Combined TRACON& Tower with Radar,3,8,12,0,23,0,0,2,0,2,3,8,14,0,25,0,0,0,25
10/22/2007,SUX,IA,ACE,CE,Combined TRACON& Tower with Radar,3,19,26,0,48,0,1,24,0,25,3,20,50,0,73,6,0,6,79
10/23/2007,SUX,IA,ACE,CE,Combined TRACON& Tower with Radar,3,9,31,10,53,0,1,22,5,28,3,10,53,15,81,6,0,6,87
10/24/2007,SUX,IA,ACE,CE,Combined TRACON& Tower with Radar,3,13,43,8,67,0,0,38,1,39,3,13,81,9,106,30,6,36,142
10/25/2007,SUX,IA,ACE,CE,Combined TRACON& Tower with Radar,3,13,41,14,71,0,0,0,0,0,3,13,41,14,71,12,22,34,105
10/26/2007,SUX,IA,ACE,CE,Combined TRACON& Tower with Radar,3,11,27,18,59,0,0,0,0,0,3,11,27,18,59,22,4,26,85
10/27/2007,SUX,IA,ACE,CE,Combined TRACON& Tower with Radar,3,7,7,0,17,0,0,22,0,22,3,7,29,0,39,26,0,26,65
10/28/2007,SUX,IA,ACE,CE,Combined TRACON& Tower with Radar,3,12,17,0,32,0,0,31,0,31,3,12,48,0,63,12,0,12,75
10/29/2007,SUX,IA,ACE,CE,Combined TRACON& Tower with Radar,3,11,38,0,52,0,0,12,0,12,3,11,50,0,64,25,0,25,89
10/30/2007,SUX,IA,ACE,CE,Combined TRACON& Tower with Radar,3,9,30,8,50,0,0,24,0,24,3,9,54,8,74,6,4,10,84
10/31/2007,SUX,IA,ACE,CE,Combined TRACON& Tower with Radar,3,12,30,5,50,0,1,4,4,9,3,13,34,9,59,0,2,2,61
11/01/2007,SUX,IA,ACE,CE,Combined TRACON& Tower with Radar,3,15,35,0,53,0,0,0,0,0,3,15,35,0,53,0,0,0,53
11/02/2007,SUX,IA,ACE,CE,Combined TRACON& Tower with Radar,5,21,39,10,75,0,1,14,0,15,5,22,53,10,90,2,0,2,92
11/03/2007,SUX,IA,ACE,CE,Combined TRACON& Tower with Radar,3,7,20,0,30,0,0,20,0,20,3,7,40,0,50,42,0,42,92
11/04/2007,SUX,IA,ACE,CE,Combined TRACON& Tower with Radar,3,16,35,2,56,0,0,0,0,0,3,16,35,2,56,38,0,38,94
11/05/2007,SUX,IA,ACE,CE,Combined TRACON& Tower with Radar,5,11,22,0,38,0,0,2,2,4,5,11,24,2,42,0,0,0,42
11/06/2007,SUX,IA,ACE,CE,Combined TRACON& Tower with Radar,3,9,36,37,85,0,0,23,0,23,3,9,59,37,108,4,26,30,138
11/07/2007,SUX,IA,ACE,CE,Combined TRACON& Tower with Radar,3,11,23,12,49,0,0,14,0,14,3,11,37,12,63,0,0,0,63
11/08/2007,SUX,IA,ACE,CE,Combined TRACON& Tower with Radar,3,11,26,19,59,0,0,0,0,0,3,11,26,19,59,10,16,26,85
11/09/2007,SUX,IA,ACE,CE,Combined TRACON& Tower with Radar,5,15,18,18,56,0,0,0,0,0,5,15,18,18,56,0,10,10,66
11/10/2007,SUX,IA,ACE,CE,Combined TRACON& Tower with Radar,3,9,17,0,29,0,0,0,0,0,3,9,17,0,29,8,0,8,37
11/11/2007,SUX,IA,ACE,CE,Combined TRACON& Tower with Radar,3,19,33,0,55,0,2,30,0,32,3,21,63,0,87,14,0,14,101
11/12/2007,SUX,IA,ACE,CE,Combined TRACON& Tower with Radar,5,14,38,0,57,0,0,17,0,17,5,14,55,0,74,30,0,30,104
11/13/2007,SUX,IA,ACE,CE,Combined TRACON& Tower with Radar,3,11,31,0,45,0,1,7,0,8,3,12,38,0,53,0,0,0,53
11/14/2007,SUX,IA,ACE,CE,Combined TRACON& Tower with Radar,3,9,27,26,65,0,0,7,2,9,3,9,34,28,74,0,4,4,78
11/15/2007,SUX,IA,ACE,CE,Combined TRACON& Tower with Radar,3,12,37,14,66,0,0,0,0,0,3,12,37,14,66,14,20,34,100
11/16/2007,SUX,IA,ACE,CE,Combined TRACON& Tower with Radar,3,9,27,23,62,0,0,0,0,0,3,9,27,23,62,0,8,8,70
11/17/2007,SUX,IA,ACE,CE,Combined TRACON& Tower with Radar,3,11,35,0,49,0,0,27,0,27,3,11,62,0,76,34,0,34,110
11/18/2007,SUX,IA,ACE,CE,Combined TRACON& Tower with Radar,3,12,12,0,27,0,0,5,0,5,3,12,17,0,32,0,0,0,32
11/19/2007,SUX,IA,ACE,CE,Combined TRACON& Tower with Radar,3,11,24,0,38,0,0,18,0,18,3,11,42,0,56,0,0,0,56
11/20/2007,SUX,IA,ACE,CE,Combined TRACON& Tower with Radar,3,16,35,9,63,0,1,2,0,3,3,17,37,9,66,0,6,6,72
11/21/2007,SUX,IA,ACE,CE,Combined TRACON& Tower with Radar,3,11,26,16,56,0,0,0,0,0,3,11,26,16,56,0,8,8,64
11/22/2007,SUX,IA,ACE,CE,Combined TRACON& Tower with Radar,4,6,0,0,10,0,0,5,0,5,4,6,5,0,15,2,0,2,17
11/23/2007,SUX,IA,ACE,CE,Combined TRACON& Tower with Radar,3,5,14,0,22,0,0,19,0,19,3,5,33,0,41,40,0,40,81
11/24/2007,SUX,IA,ACE,CE,Combined TRACON& Tower with Radar,3,11,18,0,32,0,0,22,0,22,3,11,40,0,54,26,0,26,80
11/25/2007,SUX,IA,ACE,CE,Combined TRACON& Tower with Radar,3,12,18,0,33,0,0,8,0,8,3,12,26,0,41,6,0,6,47
11/26/2007,SUX,IA,ACE,CE,Combined TRACON& Tower with Radar,3,22,46,0,71,0,0,0,0,0,3,22,46,0,71,8,0,8,79
11/27/2007,SUX,IA,ACE,CE,Combined TRACON& Tower with Radar,3,13,24,21,61,0,0,12,2,14,3,13,36,23,75,18,6,24,99
11/28/2007,SUX,IA,ACE,CE,Combined TRACON& Tower with Radar,3,9,15,18,45,0,0,8,0,8,3,9,23,18,53,0,10,10,63
11/29/2007,SUX,IA,ACE,CE,Combined TRACON& Tower with Radar,3,14,23,16,56,0,0,0,0,0,3,14,23,16,56,6,6,12,68
11/30/2007,SUX,IA,ACE,CE,Combined TRACON& Tower with Radar,3,12,29,2,46,0,0,22,0,22,3,12,51,2,68,14,0,14,82
12/01/2007,SUX,IA,ACE,CE,Combined TRACON& Tower with Radar,0,7,2,0,9,0,0,0,0,0,0,7,2,0,9,0,0,0,9
12/02/2007,SUX,IA,ACE,CE,Combined TRACON& Tower with Radar,3,15,12,0,30,0,0,0,0,0,3,15,12,0,30,2,0,2,32
12/03/2007,SUX,IA,ACE,CE,Combined TRACON& Tower with Radar,3,14,33,1,51,0,0,10,0,10,3,14,43,1,61,10,0,10,71
12/04/2007,SUX,IA,ACE,CE,Combined TRACON& Tower with Radar,3,9,41,26,79,0,0,5,2,7,3,9,46,28,86,0,4,4,90
12/05/2007,SUX,IA,ACE,CE,Combined TRACON& Tower with Radar,3,14,23,27,67,0,0,4,1,5,3,14,27,28,72,0,8,8,80
12/06/2007,SUX,IA,ACE,CE,Combined TRACON& Tower with Radar,3,8,27,0,38,0,0,0,0,0,3,8,27,0,38,0,0,0,38
12/07/2007,SUX,IA,ACE,CE,Combined TRACON& Tower with Radar,3,16,26,1,46,0,0,0,0,0,3,16,26,1,46,8,0,8,54
12/08/2007,SUX,IA,ACE,CE,Combined TRACON& Tower with Radar,3,7,6,0,16,0,0,0,0,0,3,7,6,0,16,0,0,0,16
12/09/2007,SUX,IA,ACE,CE,Combined TRACON& Tower with Radar,3,10,7,2,22,0,0,6,0,6,3,10,13,2,28,22,0,22,50
12/10/2007,SUX,IA,ACE,CE,Combined TRACON& Tower with Radar,4,9,49,5,67,0,0,0,1,1,4,9,49,6,68,0,0,0,68
12/11/2007,SUX,IA,ACE,CE,Combined TRACON& Tower with Radar,4,11,27,6,48,0,0,2,1,3,4,11,29,7,51,0,4,4,55
12/12/2007,SUX,IA,ACE,CE,Combined TRACON& Tower with Radar,5,14,32,19,70,0,0,14,0,14,5,14,46,19,84,0,4,4,88
12/13/2007,SUX,IA,ACE,CE,Combined TRACON& Tower with Radar,4,13,41,19,77,0,0,16,0,16,4,13,57,19,93,8,8,16,109
12/14/2007,SUX,IA,ACE,CE,Combined TRACON& Tower with Radar,5,11,24,11,51,0,0,0,0,0,5,11,24,11,51,0,6,6,57
12/15/2007,SUX,IA,ACE,CE,Combined TRACON& Tower with Radar,5,9,12,1,27,0,2,7,0,9,5,11,19,1,36,16,0,16,52
12/16/2007,SUX,IA,ACE,CE,Combined TRACON& Tower with Radar,3,8,25,0,36,0,2,25,0,27,3,10,50,0,63,18,0,18,81
12/17/2007,SUX,IA,ACE,CE,Combined TRACON& Tower with Radar,4,9,26,4,43,0,0,0,0,0,4,9,26,4,43,0,0,0,43
12/18/2007,SUX,IA,ACE,CE,Combined TRACON& Tower with Radar,6,10,28,35,79,0,0,13,0,13,6,10,41,35,92,4,2,6,98
12/19/2007,SUX,IA,ACE,CE,Combined TRACON& Tower with Radar,5,15,41,12,73,0,0,21,2,23,5,15,62,14,96,0,8,8,104
12/20/2007,SUX,IA,ACE,CE,Combined TRACON& Tower with Radar,7,15,31,0,53,0,0,4,0,4,7,15,35,0,57,0,0,0,57
12/21/2007,SUX,IA,ACE,CE,Combined TRACON& Tower with Radar,3,11,20,7,41,0,0,3,1,4,3,11,23,8,45,0,2,2,47
12/22/2007,SUX,IA,ACE,CE,Combined TRACON& Tower with Radar,3,10,6,0,19,0,0,0,0,0,3,10,6,0,19,12,0,12,31
12/23/2007,SUX,IA,ACE,CE,Combined TRACON& Tower with Radar,3,4,7,0,14,0,0,6,0,6,3,4,13,0,20,26,0,26,46
12/24/2007,SUX,IA,ACE,CE,Combined TRACON& Tower with Radar,5,12,11,0,28,0,6,10,0,16,5,18,21,0,44,22,0,22,66
12/25/2007,SUX,IA,ACE,CE,Combined TRACON& Tower with Radar,3,12,5,0,20,0,0,3,0,3,3,12,8,0,23,0,0,0,23
12/26/2007,SUX,IA,ACE,CE,Combined TRACON& Tower with Radar,5,9,16,0,30,0,0,4,0,4,5,9,20,0,34,0,0,0,34
12/27/2007,SUX,IA,ACE,CE,Combined TRACON& Tower with Radar,2,10,33,0,45,0,0,0,0,0,2,10,33,0,45,0,0,0,45
12/28/2007,SUX,IA,ACE,CE,Combined TRACON& Tower with Radar,3,14,8,0,25,0,0,0,0,0,3,14,8,0,25,0,0,0,25
12/29/2007,SUX,IA,ACE,CE,Combined TRACON& Tower with Radar,2,8,20,0,30,0,0,11,0,11,2,8,31,0,41,14,0,14,55
12/30/2007,SUX,IA,ACE,CE,Combined TRACON& Tower with Radar,5,8,15,0,28,0,0,9,0,9,5,8,24,0,37,0,0,0,37
12/31/2007,SUX,IA,ACE,CE,Combined TRACON& Tower with Radar,4,15,24,0,43,0,0,10,0,10,4,15,34,0,53,0,0,0,53
01/01/2008,SUX,IA,ACE,CE,Combined TRACON& Tower with Radar,6,14,12,0,32,0,1,8,0,9,6,15,20,0,41,20,0,20,61
01/02/2008,SUX,IA,ACE,CE,Combined TRACON& Tower with Radar,3,11,27,18,59,0,0,12,2,14,3,11,39,20,73,20,0,20,93
01/03/2008,SUX,IA,ACE,CE,Combined TRACON& Tower with Radar,5,8,30,26,69,0,0,0,0,0,5,8,30,26,69,4,0,4,73
01/04/2008,SUX,IA,ACE,CE,Combined TRACON& Tower with Radar,5,11,25,10,51,0,0,13,1,14,5,11,38,11,65,2,0,2,67
01/05/2008,SUX,IA,ACE,CE,Combined TRACON& Tower with Radar,7,8,13,1,29,0,0,26,0,26,7,8,39,1,55,20,0,20,75
01/06/2008,SUX,IA,ACE,CE,Combined TRACON& Tower with Radar,4,8,21,0,33,0,1,23,0,24,4,9,44,0,57,30,0,30,87
01/07/2008,SUX,IA,ACE,CE,Combined TRACON& Tower with Radar,3,13,25,4,45,0,0,18,1,19,3,13,43,5,64,20,7,27,91
01/08/2008,SUX,IA,ACE,CE,Combined TRACON& Tower with Radar,6,10,26,38,80,0,0,11,0,11,6,10,37,38,91,0,18,18,109
01/09/2008,SUX,IA,ACE,CE,Combined TRACON& Tower with Radar,4,9,17,17,47,0,0,22,0,22,4,9,39,17,69,28,6,34,103
01/10/2008,SUX,IA,ACE,CE,Combined TRACON& Tower with Radar,5,9,4,4,22,0,0,29,0,29,5,9,33,4,51,12,0,12,63
01/11/2008,SUX,IA,ACE,CE,Combined TRACON& Tower with Radar,5,13,38,3,59,0,0,0,0,0,5,13,38,3,59,12,0,12,71
01/12/2008,SUX,IA,ACE,CE,Combined TRACON& Tower with Radar,4,9,10,2,25,0,0,6,0,6,4,9,16,2,31,20,0,20,51
01/13/2008,SUX,IA,ACE,CE,Combined TRACON& Tower with Radar,5,8,17,0,30,0,0,30,0,30,5,8,47,0,60,40,0,40,100
01/14/2008,SUX,IA,ACE,CE,Combined TRACON& Tower with Radar,5,10,24,2,41,0,0,21,0,21,5,10,45,2,62,16,0,16,78
01/15/2008,SUX,IA,ACE,CE,Combined TRACON& Tower with Radar,5,14,28,6,53,0,0,5,1,6,5,14,33,7,59,8,4,12,71
01/16/2008,SUX,IA,ACE,CE,Combined TRACON& Tower with Radar,4,14,17,16,51,0,0,6,3,9,4,14,23,19,60,2,14,16,76
01/17/2008,SUX,IA,ACE,CE,Combined TRACON& Tower with Radar,5,8,24,20,57,0,0,0,0,0,5,8,24,20,57,12,12,24,81
01/18/2008,SUX,IA,ACE,CE,Combined TRACON& Tower with Radar,4,13,13,2,32,0,0,0,0,0,4,13,13,2,32,34,0,34,66
01/19/2008,SUX,IA,ACE,CE,Combined TRACON& Tower with Radar,5,5,11,0,21,0,2,7,0,9,5,7,18,0,30,0,0,0,30
01/20/2008,SUX,IA,ACE,CE,Combined TRACON& Tower with Radar,3,13,11,0,27,0,0,0,0,0,3,13,11,0,27,0,0,0,27
01/21/2008,SUX,IA,ACE,CE,Combined TRACON& Tower with Radar,4,9,22,1,36,0,0,0,0,0,4,9,22,1,36,0,0,0,36
01/22/2008,SUX,IA,ACE,CE,Combined TRACON& Tower with Radar,4,6,31,0,41,0,0,15,0,15,4,6,46,0,56,16,0,16,72
01/23/2008,SUX,IA,ACE,CE,Combined TRACON& Tower with Radar,5,7,25,0,37,0,0,2,0,2,5,7,27,0,39,0,0,0,39
01/24/2008,SUX,IA,ACE,CE,Combined TRACON& Tower with Radar,5,9,31,4,49,0,0,0,0,0,5,9,31,4,49,18,0,18,67
01/25/2008,SUX,IA,ACE,CE,Combined TRACON& Tower with Radar,5,10,20,15,50,0,0,0,0,0,5,10,20,15,50,0,2,2,52
01/26/2008,SUX,IA,ACE,CE,Combined TRACON& Tower with Radar,5,5,18,0,28,0,0,16,0,16,5,5,34,0,44,18,0,18,62
01/27/2008,SUX,IA,ACE,CE,Combined TRACON& Tower with Radar,5,7,22,1,35,0,0,22,0,22,5,7,44,1,57,50,2,52,109
01/28/2008,SUX,IA,ACE,CE,Combined TRACON& Tower with Radar,5,9,31,0,45,0,0,17,1,18,5,9,48,1,63,10,0,10,73
01/29/2008,SUX,IA,ACE,CE,Combined TRACON& Tower with Radar,5,11,31,0,47,0,0,1,0,1,5,11,32,0,48,0,0,0,48
01/30/2008,SUX,IA,ACE,CE,Combined TRACON& Tower with Radar,5,9,16,0,30,0,0,7,0,7,5,9,23,0,37,0,0,0,37
01/31/2008,SUX,IA,ACE,CE,Combined TRACON& Tower with Radar,5,12,21,1,39,0,0,0,0,0,5,12,21,1,39,2,0,2,41
02/01/2008,SUX,IA,ACE,CE,Combined TRACON& Tower with Radar,4,8,20,2,34,0,0,10,0,10,4,8,30,2,44,4,0,4,48
02/02/2008,SUX,IA,ACE,CE,Combined TRACON& Tower with Radar,5,7,12,3,27,0,0,12,1,13,5,7,24,4,40,4,0,4,44
02/03/2008,SUX,IA,ACE,CE,Combined TRACON& Tower with Radar,5,7,24,2,38,0,0,0,0,0,5,7,24,2,38,0,0,0,38
02/04/2008,SUX,IA,ACE,CE,Combined TRACON& Tower with Radar,3,7,16,4,30,0,0,0,0,0,3,7,16,4,30,0,0,0,30
02/05/2008,SUX,IA,ACE,CE,Combined TRACON& Tower with Radar,5,11,15,0,31,0,0,0,0,0,5,11,15,0,31,0,0,0,31
02/06/2008,SUX,IA,ACE,CE,Combined TRACON& Tower with Radar,5,11,22,12,50,0,0,7,0,7,5,11,29,12,57,4,8,12,69
02/07/2008,SUX,IA,ACE,CE,Combined TRACON& Tower with Radar,5,13,16,10,44,0,3,4,0,7,5,16,20,10,51,0,0,0,51
02/08/2008,SUX,IA,ACE,CE,Combined TRACON& Tower with Radar,4,13,24,5,46,0,0,10,0,10,4,13,34,5,56,0,0,0,56
02/09/2008,SUX,IA,ACE,CE,Combined TRACON& Tower with Radar,5,6,9,0,20,0,0,0,0,0,5,6,9,0,20,8,0,8,28
02/10/2008,SUX,IA,ACE,CE,Combined TRACON& Tower with Radar,5,5,14,0,24,0,0,8,0,8,5,5,22,0,32,6,0,6,38
02/11/2008,SUX,IA,ACE,CE,Combined TRACON& Tower with Radar,3,7,28,0,38,0,0,0,0,0,3,7,28,0,38,0,0,0,38
02/12/2008,SUX,IA,ACE,CE,Combined TRACON& Tower with Radar,5,7,35,24,71,0,0,14,1,15,5,7,49,25,86,0,12,12,98
02/13/2008,SUX,IA,ACE,CE,Combined TRACON& Tower with Radar,5,10,24,10,49,0,0,10,0,10,5,10,34,10,59,6,6,12,71
02/14/2008,SUX,IA,ACE,CE,Combined TRACON& Tower with Radar,5,9,20,3,37,0,0,2,0,2,5,9,22,3,39,0,0,0,39
02/15/2008,SUX,IA,ACE,CE,Combined TRACON& Tower with Radar,5,7,25,19,56,0,0,21,0,21,5,7,46,19,77,6,0,6,83
02/16/2008,SUX,IA,ACE,CE,Combined TRACON& Tower with Radar,5,7,24,0,36,0,0,20,0,20,5,7,44,0,56,8,0,8,64
02/17/2008,SUX,IA,ACE,CE,Combined TRACON& Tower with Radar,4,11,5,0,20,0,0,1,0,1,4,11,6,0,21,0,0,0,21
02/18/2008,SUX,IA,ACE,CE,Combined TRACON& Tower with Radar,7,9,24,0,40,0,0,5,0,5,7,9,29,0,45,0,0,0,45
02/19/2008,SUX,IA,ACE,CE,Combined TRACON& Tower with Radar,5,7,31,0,43,0,0,3,0,3,5,7,34,0,46,2,0,2,48
02/20/2008,SUX,IA,ACE,CE,Combined TRACON& Tower with Radar,7,15,16,12,50,0,3,11,1,15,7,18,27,13,65,6,0,6,71
02/21/2008,SUX,IA,ACE,CE,Combined TRACON& Tower with Radar,5,9,31,4,49,0,0,11,0,11,5,9,42,4,60,6,2,8,68
02/22/2008,SUX,IA,ACE,CE,Combined TRACON& Tower with Radar,7,12,22,3,44,0,0,20,0,20,7,12,42,3,64,36,2,38,102
02/23/2008,SUX,IA,ACE,CE,Combined TRACON& Tower with Radar,7,10,16,1,34,0,0,24,0,24,7,10,40,1,58,14,0,14,72
02/24/2008,SUX,IA,ACE,CE,Combined TRACON& Tower with Radar,3,10,14,0,27,0,0,13,0,13,3,10,27,0,40,4,0,4,44
02/25/2008,SUX,IA,ACE,CE,Combined TRACON& Tower with Radar,4,14,17,0,35,0,0,1,0,1,4,14,18,0,36,0,0,0,36
02/26/2008,SUX,IA,ACE,CE,Combined TRACON& Tower with Radar,5,13,24,11,53,0,0,3,2,5,5,13,27,13,58,0,6,6,64
02/27/2008,SUX,IA,ACE,CE,Combined TRACON& Tower with Radar,5,11,42,19,77,0,0,21,2,23,5,11,63,21,100,24,12,36,136
02/28/2008,SUX,IA,ACE,CE,Combined TRACON& Tower with Radar,7,9,19,7,42,0,2,10,1,13,7,11,29,8,55,26,8,34,89
02/29/2008,SUX,IA,ACE,CE,Combined TRACON& Tower with Radar,5,15,18,12,50,0,0,20,4,24,5,15,38,16,74,4,4,8,82
03/01/2008,SUX,IA,ACE,CE,Combined TRACON& Tower with Radar,5,5,20,0,30,0,0,29,0,29,5,5,49,0,59,6,0,6,65
03/02/2008,SUX,IA,ACE,CE,Combined TRACON& Tower with Radar,3,11,17,0,31,0,0,1,0,1,3,11,18,0,32,0,0,0,32
03/03/2008,SUX,IA,ACE,CE,Combined TRACON& Tower with Radar,5,11,34,0,50,0,0,7,0,7,5,11,41,0,57,0,0,0,57
03/04/2008,SUX,IA,ACE,CE,Combined TRACON& Tower with Radar,7,10,29,3,49,0,0,5,2,7,7,10,34,5,56,0,0,0,56
03/05/2008,SUX,IA,ACE,CE,Combined TRACON& Tower with Radar,5,9,34,10,58,0,0,3,0,3,5,9,37,10,61,4,4,8,69
03/06/2008,SUX,IA,ACE,CE,Combined TRACON& Tower with Radar,3,9,21,14,47,0,0,12,1,13,3,9,33,15,60,4,2,6,66
03/07/2008,SUX,IA,ACE,CE,Combined TRACON& Tower with Radar,4,9,21,12,46,0,0,13,0,13,4,9,34,12,59,20,4,24,83
03/08/2008,SUX,IA,ACE,CE,Combined TRACON& Tower with Radar,5,7,17,18,47,0,0,21,3,24,5,7,38,21,71,16,6,22,93
03/09/2008,SUX,IA,ACE,CE,Combined TRACON& Tower with Radar,5,13,15,11,44,0,0,32,0,32,5,13,47,11,76,42,2,44,120
03/10/2008,SUX,IA,ACE,CE,Combined TRACON& Tower with Radar,5,13,33,2,53,0,0,18,0,18,5,13,51,2,71,8,0,8,79
03/11/2008,SUX,IA,ACE,CE,Combined TRACON& Tower with Radar,5,12,26,1,44,0,0,34,1,35,5,12,60,2,79,20,0,20,99
03/12/2008,SUX,IA,ACE,CE,Combined TRACON& Tower with Radar,5,10,22,8,45,0,3,17,0,20,5,13,39,8,65,16,0,16,81
03/13/2008,SUX,IA,ACE,CE,Combined TRACON& Tower with Radar,5,18,60,1,84,0,0,19,2,21,5,18,79,3,105,38,0,38,143
03/14/2008,SUX,IA,ACE,CE,Combined TRACON& Tower with Radar,5,13,22,1,41,0,0,6,0,6,5,13,28,1,47,0,0,0,47
03/15/2008,SUX,IA,ACE,CE,Combined TRACON& Tower with Radar,5,7,11,0,23,0,0,22,0,22,5,7,33,0,45,2,0,2,47
03/16/2008,SUX,IA,ACE,CE,Combined TRACON& Tower with Radar,5,11,17,1,34,0,0,15,0,15,5,11,32,1,49,0,0,0,49
03/17/2008,SUX,IA,ACE,CE,Combined TRACON& Tower with Radar,5,10,23,1,39,0,0,0,0,0,5,10,23,1,39,0,0,0,39
03/18/2008,SUX,IA,ACE,CE,Combined TRACON& Tower with Radar,4,6,28,10,48,0,0,5,0,5,4,6,33,10,53,4,0,4,57
03/19/2008,SUX,IA,ACE,CE,Combined TRACON& Tower with Radar,5,22,38,19,84,0,0,23,0,23,5,22,61,19,107,24,0,24,131
03/20/2008,SUX,IA,ACE,CE,Combined TRACON& Tower with Radar,5,12,39,6,62,0,0,25,2,27,5,12,64,8,89,8,0,8,97
03/21/2008,SUX,IA,ACE,CE,Combined TRACON& Tower with Radar,5,8,32,11,56,0,0,4,0,4,5,8,36,11,60,0,2,2,62
03/22/2008,SUX,IA,ACE,CE,Combined TRACON& Tower with Radar,5,7,8,0,20,0,0,5,0,5,5,7,13,0,25,0,0,0,25
03/23/2008,SUX,IA,ACE,CE,Combined TRACON& Tower with Radar,5,10,8,0,23,0,0,2,0,2,5,10,10,0,25,0,0,0,25
03/24/2008,SUX,IA,ACE,CE,Combined TRACON& Tower with Radar,5,12,22,2,41,0,0,10,0,10,5,12,32,2,51,0,0,0,51
03/25/2008,SUX,IA,ACE,CE,Combined TRACON& Tower with Radar,5,15,36,10,66,0,0,20,0,20,5,15,56,10,86,8,6,14,100
03/26/2008,SUX,IA,ACE,CE,Combined TRACON& Tower with Radar,5,18,26,16,65,0,0,18,1,19,5,18,44,17,84,2,4,6,90
03/27/2008,SUX,IA,ACE,CE,Combined TRACON& Tower with Radar,5,12,29,8,54,0,0,0,0,0,5,12,29,8,54,0,0,0,54
03/28/2008,SUX,IA,ACE,CE,Combined TRACON& Tower with Radar,4,16,19,20,59,0,0,23,3,26,4,16,42,23,85,6,6,12,97
03/29/2008,SUX,IA,ACE,CE,Combined TRACON& Tower with Radar,5,7,20,0,32,0,0,27,0,27,5,7,47,0,59,6,0,6,65
03/30/2008,SUX,IA,ACE,CE,Combined TRACON& Tower with Radar,5,9,10,0,24,0,0,5,0,5,5,9,15,0,29,0,0,0,29
03/31/2008,SUX,IA,ACE,CE,Combined TRACON& Tower with Radar,5,15,15,2,37,0,0,0,0,0,5,15,15,2,37,0,0,0,37
04/01/2008,SUX,IA,ACE,CE,Combined TRACON& Tower with Radar,5,11,34,31,81,0,0,12,4,16,5,11,46,35,97,8,0,8,105
04/02/2008,SUX,IA,ACE,CE,Combined TRACON& Tower with Radar,5,12,24,21,62,0,1,6,13,20,5,13,30,34,82,0,4,4,86
04/03/2008,SUX,IA,ACE,CE,Combined TRACON& Tower with Radar,5,9,24,23,61,0,0,3,8,11,5,9,27,31,72,0,0,0,72
04/04/2008,SUX,IA,ACE,CE,Combined TRACON& Tower with Radar,5,9,28,16,58,0,0,23,1,24,5,9,51,17,82,2,0,2,84
04/05/2008,SUX,IA,ACE,CE,Combined TRACON& Tower with Radar,5,5,15,0,25,0,0,10,0,10,5,5,25,0,35,22,0,22,57
04/06/2008,SUX,IA,ACE,CE,Combined TRACON& Tower with Radar,5,7,16,20,48,0,0,4,0,4,5,7,20,20,52,6,4,10,62
04/07/2008,SUX,IA,ACE,CE,Combined TRACON& Tower with Radar,5,7,24,2,38,0,0,17,0,17,5,7,41,2,55,2,0,2,57
04/08/2008,SUX,IA,ACE,CE,Combined TRACON& Tower with Radar,5,9,32,31,77,0,0,12,0,12,5,9,44,31,89,2,8,10,99
04/09/2008,SUX,IA,ACE,CE,Combined TRACON& Tower with Radar,5,13,26,32,76,0,0,7,9,16,5,13,33,41,92,0,14,14,106
04/10/2008,SUX,IA,ACE,CE,Combined TRACON& Tower with Radar,5,11,26,10,52,0,0,0,0,0,5,11,26,10,52,0,0,0,52
04/11/2008,SUX,IA,ACE,CE,Combined TRACON& Tower with Radar,5,8,16,3,32,0,0,1,0,1,5,8,17,3,33,0,0,0,33
04/12/2008,SUX,IA,ACE,CE,Combined TRACON& Tower with Radar,6,9,19,0,34,0,0,2,0,2,6,9,21,0,36,46,0,46,82
04/13/2008,SUX,IA,ACE,CE,Combined TRACON& Tower with Radar,5,10,18,2,35,0,0,19,0,19,5,10,37,2,54,2,0,2,56
04/14/2008,SUX,IA,ACE,CE,Combined TRACON& Tower with Radar,5,11,35,2,53,0,0,22,0,22,5,11,57,2,75,6,0,6,81
04/15/2008,SUX,IA,ACE,CE,Combined TRACON& Tower with Radar,7,14,19,0,40,0,0,10,0,10,7,14,29,0,50,0,0,0,50
04/16/2008,SUX,IA,ACE,CE,Combined TRACON& Tower with Radar,5,13,37,15,70,0,0,16,4,20,5,13,53,19,90,0,8,8,98
04/17/2008,SUX,IA,ACE,CE,Combined TRACON& Tower with Radar,5,11,34,5,55,0,0,11,2,13,5,11,45,7,68,2,0,2,70
04/18/2008,SUX,IA,ACE,CE,Combined TRACON& Tower with Radar,5,9,41,4,59,0,0,0,0,0,5,9,41,4,59,0,2,2,61
04/19/2008,SUX,IA,ACE,CE,Combined TRACON& Tower with Radar,5,8,25,0,38,0,0,40,2,42,5,8,65,2,80,6,0,6,86
04/20/2008,SUX,IA,ACE,CE,Combined TRACON& Tower with Radar,5,9,24,0,38,0,0,13,0,13,5,9,37,0,51,6,0,6,57
04/21/2008,SUX,IA,ACE,CE,Combined TRACON& Tower with Radar,5,9,30,1,45,0,0,9,0,9,5,9,39,1,54,0,0,0,54
04/22/2008,SUX,IA,ACE,CE,Combined TRACON& Tower with Radar,5,10,49,7,71,0,0,33,0,33,5,10,82,7,104,32,0,32,136
04/23/2008,SUX,IA,ACE,CE,Combined TRACON& Tower with Radar,5,13,34,12,64,0,1,23,2,26,5,14,57,14,90,0,8,8,98
04/24/2008,SUX,IA,ACE,CE,Combined TRACON& Tower with Radar,5,14,18,3,40,0,0,4,0,4,5,14,22,3,44,0,0,0,44
04/25/2008,SUX,IA,ACE,CE,Combined TRACON& Tower with Radar,5,9,13,3,30,0,0,0,0,0,5,9,13,3,30,0,0,0,30
04/26/2008,SUX,IA,ACE,CE,Combined TRACON& Tower with Radar,5,11,20,1,37,1,6,18,0,25,6,17,38,1,62,12,0,12,74
04/27/2008,SUX,IA,ACE,CE,Combined TRACON& Tower with Radar,5,9,13,2,29,0,0,18,0,18,5,9,31,2,47,18,0,18,65
04/28/2008,SUX,IA,ACE,CE,Combined TRACON& Tower with Radar,5,9,32,5,51,0,0,37,1,38,5,9,69,6,89,10,0,10,99
04/29/2008,SUX,IA,ACE,CE,Combined TRACON& Tower with Radar,5,11,36,21,73,0,0,31,0,31,5,11,67,21,104,0,40,40,144
04/30/2008,SUX,IA,ACE,CE,Combined TRACON& Tower with Radar,5,18,31,8,62,0,0,21,0,21,5,18,52,8,83,6,0,6,89
05/01/2008,SUX,IA,ACE,CE,Combined TRACON& Tower with Radar,7,10,15,5,37,0,0,16,0,16,7,10,31,5,53,18,14,32,85
05/02/2008,SUX,IA,ACE,CE,Combined TRACON& Tower with Radar,5,11,23,1,40,0,0,3,0,3,5,11,26,1,43,0,0,0,43
05/03/2008,SUX,IA,ACE,CE,Combined TRACON& Tower with Radar,5,6,16,9,36,0,0,19,1,20,5,6,35,10,56,20,0,20,76
05/04/2008,SUX,IA,ACE,CE,Combined TRACON& Tower with Radar,5,9,20,0,34,0,0,36,0,36,5,9,56,0,70,4,0,4,74
05/05/2008,SUX,IA,ACE,CE,Combined TRACON& Tower with Radar,5,8,27,2,42,0,0,35,0,35,5,8,62,2,77,10,4,14,91
05/06/2008,SUX,IA,ACE,CE,Combined TRACON& Tower with Radar,5,11,22,12,50,0,0,13,0,13,5,11,35,12,63,2,0,2,65
05/07/2008,SUX,IA,ACE,CE,Combined TRACON& Tower with Radar,5,7,24,10,46,0,0,15,0,15,5,7,39,10,61,0,16,16,77
05/08/2008,SUX,IA,ACE,CE,Combined TRACON& Tower with Radar,5,9,24,14,52,0,0,24,1,25,5,9,48,15,77,4,3,7,84
05/09/2008,SUX,IA,ACE,CE,Combined TRACON& Tower with Radar,5,13,31,10,59,0,0,11,0,11,5,13,42,10,70,0,2,2,72
05/10/2008,SUX,IA,ACE,CE,Combined TRACON& Tower with Radar,5,9,13,1,28,0,0,0,0,0,5,9,13,1,28,0,0,0,28
05/11/2008,SUX,IA,ACE,CE,Combined TRACON& Tower with Radar,5,9,31,0,45,0,0,18,0,18,5,9,49,0,63,36,0,36,99
05/12/2008,SUX,IA,ACE,CE,Combined TRACON& Tower with Radar,1,14,35,0,50,0,0,24,0,24,1,14,59,0,74,16,0,16,90
05/13/2008,SUX,IA,ACE,CE,Combined TRACON& Tower with Radar,0,10,43,28,81,0,0,28,4,32,0,10,71,32,113,4,16,20,133
05/14/2008,SUX,IA,ACE,CE,Combined TRACON& Tower with Radar,0,13,38,7,58,0,0,39,2,41,0,13,77,9,99,4,2,6,105
05/15/2008,SUX,IA,ACE,CE,Combined TRACON& Tower with Radar,0,9,28,14,51,0,0,16,1,17,0,9,44,15,68,8,0,8,76
05/16/2008,SUX,IA,ACE,CE,Combined TRACON& Tower with Radar,2,14,17,25,58,0,0,19,4,23,2,14,36,29,81,10,0,10,91
05/17/2008,SUX,IA,ACE,CE,Combined TRACON& Tower with Radar,0,7,7,0,14,0,0,29,0,29,0,7,36,0,43,12,0,12,55
05/18/2008,SUX,IA,ACE,CE,Combined TRACON& Tower with Radar,0,7,7,0,14,0,0,29,0,29,0,7,36,0,43,12,0,12,55
05/19/2008,SUX,IA,ACE,CE,Combined TRACON& Tower with Radar,0,10,34,0,44,0,0,24,0,24,0,10,58,0,68,6,0,6,74
05/20/2008,SUX,IA,ACE,CE,Combined TRACON& Tower with Radar,2,9,37,14,62,0,0,33,3,36,2,9,70,17,98,6,20,26,124
05/21/2008,SUX,IA,ACE,CE,Combined TRACON& Tower with Radar,0,9,22,14,45,0,0,27,2,29,0,9,49,16,74,0,8,8,82
05/22/2008,SUX,IA,ACE,CE,Combined TRACON& Tower with Radar,2,15,18,0,35,0,0,5,0,5,2,15,23,0,40,0,0,0,40
05/23/2008,SUX,IA,ACE,CE,Combined TRACON& Tower with Radar,0,11,27,6,44,0,0,1,0,1,0,11,28,6,45,0,0,0,45
05/24/2008,SUX,IA,ACE,CE,Combined TRACON& Tower with Radar,0,9,8,0,17,0,0,4,0,4,0,9,12,0,21,0,0,0,21
05/25/2008,SUX,IA,ACE,CE,Combined TRACON& Tower with Radar,2,7,7,2,18,0,0,2,0,2,2,7,9,2,20,32,0,32,52
05/26/2008,SUX,IA,ACE,CE,Combined TRACON& Tower with Radar,0,9,23,0,32,0,0,15,4,19,0,9,38,4,51,0,0,0,51
05/27/2008,SUX,IA,ACE,CE,Combined TRACON& Tower with Radar,0,9,18,0,27,0,0,3,0,3,0,9,21,0,30,0,0,0,30
05/28/2008,SUX,IA,ACE,CE,Combined TRACON& Tower with Radar,0,14,34,22,70,0,0,15,0,15,0,14,49,22,85,22,12,34,119
05/29/2008,SUX,IA,ACE,CE,Combined TRACON& Tower with Radar,0,12,17,5,34,0,0,11,0,11,0,12,28,5,45,0,0,0,45
05/30/2008,SUX,IA,ACE,CE,Combined TRACON& Tower with Radar,0,13,28,4,45,0,0,44,2,46,0,13,72,6,91,32,0,32,123
05/31/2008,SUX,IA,ACE,CE,Combined TRACON& Tower with Radar,0,9,19,0,28,0,0,43,2,45,0,9,62,2,73,14,0,14,87
06/01/2008,SUX,IA,ACE,CE,Combined TRACON& Tower with Radar,1,10,22,0,33,0,0,42,0,42,1,10,64,0,75,18,0,18,93
06/02/2008,SUX,IA,ACE,CE,Combined TRACON& Tower with Radar,1,10,22,0,33,0,0,10,16,26,1,10,32,16,59,0,0,0,59
06/03/2008,SUX,IA,ACE,CE,Combined TRACON& Tower with Radar,0,10,69,4,83,0,0,13,5,18,0,10,82,9,101,0,2,2,103
06/04/2008,SUX,IA,ACE,CE,Combined TRACON& Tower with Radar,0,9,39,1,49,0,0,1,0,1,0,9,40,1,50,0,0,0,50
06/05/2008,SUX,IA,ACE,CE,Combined TRACON& Tower with Radar,0,10,20,7,37,0,2,7,0,9,0,12,27,7,46,0,0,0,46
06/06/2008,SUX,IA,ACE,CE,Combined TRACON& Tower with Radar,0,11,32,0,43,0,0,15,0,15,0,11,47,0,58,0,0,0,58
06/07/2008,SUX,IA,ACE,CE,Combined TRACON& Tower with Radar,0,8,17,0,25,0,1,14,0,15,0,9,31,0,40,6,0,6,46
06/08/2008,SUX,IA,ACE,CE,Combined TRACON& Tower with Radar,0,8,35,0,43,0,0,6,0,6,0,8,41,0,49,8,0,8,57
06/09/2008,SUX,IA,ACE,CE,Combined TRACON& Tower with Radar,0,11,34,5,50,0,0,30,0,30,0,11,64,5,80,16,16,32,112
06/10/2008,SUX,IA,ACE,CE,Combined TRACON& Tower with Radar,0,11,43,7,61,0,1,19,0,20,0,12,62,7,81,8,2,10,91
06/11/2008,SUX,IA,ACE,CE,Combined TRACON& Tower with Radar,1,12,16,0,29,0,2,2,0,4,1,14,18,0,33,0,0,0,33
06/12/2008,SUX,IA,ACE,CE,Combined TRACON& Tower with Radar,0,14,22,13,49,0,0,27,0,27,0,14,49,13,76,34,2,36,112
06/13/2008,SUX,IA,ACE,CE,Combined TRACON& Tower with Radar,0,8,31,0,39,0,0,21,0,21,0,8,52,0,60,0,0,0,60
06/14/2008,SUX,IA,ACE,CE,Combined TRACON& Tower with Radar,0,6,10,5,21,0,1,19,2,22,0,7,29,7,43,10,0,10,53
06/15/2008,SUX,IA,ACE,CE,Combined TRACON& Tower with Radar,0,9,23,4,36,0,0,22,0,22,0,9,45,4,58,18,0,18,76
06/16/2008,SUX,IA,ACE,CE,Combined TRACON& Tower with Radar,0,12,50,0,62,0,0,29,0,29,0,12,79,0,91,0,0,0,91
06/17/2008,SUX,IA,ACE,CE,Combined TRACON& Tower with Radar,0,11,27,19,57,0,0,17,5,22,0,11,44,24,79,28,16,44,123
06/18/2008,SUX,IA,ACE,CE,Combined TRACON& Tower with Radar,0,11,24,16,51,0,1,35,0,36,0,12,59,16,87,0,0,0,87
06/19/2008,SUX,IA,ACE,CE,Combined TRACON& Tower with Radar,0,10,24,8,42,0,0,15,0,15,0,10,39,8,57,0,0,0,57
06/20/2008,SUX,IA,ACE,CE,Combined TRACON& Tower with Radar,0,9,20,0,29,0,3,15,0,18,0,12,35,0,47,0,0,0,47
06/21/2008,SUX,IA,ACE,CE,Combined TRACON& Tower with Radar,0,7,14,0,21,0,0,20,0,20,0,7,34,0,41,6,0,6,47
06/22/2008,SUX,IA,ACE,CE,Combined TRACON& Tower with Radar,0,9,17,0,26,0,0,34,0,34,0,9,51,0,60,12,0,12,72
06/23/2008,SUX,IA,ACE,CE,Combined TRACON& Tower with Radar,0,12,30,0,42,0,0,24,0,24,0,12,54,0,66,24,0,24,90
06/24/2008,SUX,IA,ACE,CE,Combined TRACON& Tower with Radar,0,11,24,20,55,0,0,8,7,15,0,11,32,27,70,0,18,18,88
06/25/2008,SUX,IA,ACE,CE,Combined TRACON& Tower with Radar,0,13,26,11,50,0,0,5,0,5,0,13,31,11,55,8,4,12,67
06/26/2008,SUX,IA,ACE,CE,Combined TRACON& Tower with Radar,2,9,20,9,40,0,0,12,3,15,2,9,32,12,55,4,6,10,65
06/27/2008,SUX,IA,ACE,CE,Combined TRACON& Tower with Radar,0,12,20,4,36,0,0,17,0,17,0,12,37,4,53,0,0,0,53
06/28/2008,SUX,IA,ACE,CE,Combined TRACON& Tower with Radar,0,7,9,0,16,0,0,6,0,6,0,7,15,0,22,0,0,0,22
06/29/2008,SUX,IA,ACE,CE,Combined TRACON& Tower with Radar,0,10,20,0,30,0,0,18,0,18,0,10,38,0,48,2,0,2,50
06/30/2008,SUX,IA,ACE,CE,Combined TRACON& Tower with Radar,0,9,21,0,30,0,0,17,0,17,0,9,38,0,47,20,0,20,67
07/01/2008,SUX,IA,ACE,CE,Combined TRACON& Tower with Radar,1,10,36,22,69,0,0,23,1,24,1,10,59,23,93,4,20,24,117
07/02/2008,SUX,IA,ACE,CE,Combined TRACON& Tower with Radar,0,10,18,10,38,0,0,15,2,17,0,10,33,12,55,8,0,8,63
07/03/2008,SUX,IA,ACE,CE,Combined TRACON& Tower with Radar,0,10,29,6,45,0,0,24,2,26,0,10,53,8,71,6,6,12,83
07/04/2008,SUX,IA,ACE,CE,Combined TRACON& Tower with Radar,2,9,10,1,22,0,0,23,1,24,2,9,33,2,46,6,0,6,52
07/05/2008,SUX,IA,ACE,CE,Combined TRACON& Tower with Radar,0,9,5,0,14,0,0,10,0,10,0,9,15,0,24,12,0,12,36
07/06/2008,SUX,IA,ACE,CE,Combined TRACON& Tower with Radar,0,10,28,0,38,0,0,23,0,23,0,10,51,0,61,26,0,26,87
07/07/2008,SUX,IA,ACE,CE,Combined TRACON& Tower with Radar,0,8,21,1,30,0,0,12,0,12,0,8,33,1,42,16,0,16,58
07/08/2008,SUX,IA,ACE,CE,Combined TRACON& Tower with Radar,0,8,33,24,65,0,0,26,1,27,0,8,59,25,92,8,16,24,116
07/09/2008,SUX,IA,ACE,CE,Combined TRACON& Tower with Radar,0,11,35,8,54,0,2,13,0,15,0,13,48,8,69,8,12,20,89
07/10/2008,SUX,IA,ACE,CE,Combined TRACON& Tower with Radar,0,11,35,18,64,0,2,14,9,25,0,13,49,27,89,0,14,14,103
07/11/2008,SUX,IA,ACE,CE,Combined TRACON& Tower with Radar,0,10,21,18,49,0,0,13,5,18,0,10,34,23,67,8,8,16,83
07/12/2008,SUX,IA,ACE,CE,Combined TRACON& Tower with Radar,0,10,21,11,42,0,0,28,2,30,0,10,49,13,72,18,8,26,98
07/13/2008,SUX,IA,ACE,CE,Combined TRACON& Tower with Radar,0,12,28,1,41,0,1,33,0,34,0,13,61,1,75,4,0,4,79
07/14/2008,SUX,IA,ACE,CE,Combined TRACON& Tower with Radar,0,9,26,2,37,0,0,29,2,31,0,9,55,4,68,52,0,52,120
07/15/2008,SUX,IA,ACE,CE,Combined TRACON& Tower with Radar,0,11,29,23,63,0,0,9,0,9,0,11,38,23,72,0,18,18,90
07/16/2008,SUX,IA,ACE,CE,Combined TRACON& Tower with Radar,0,9,29,35,73,0,0,19,4,23,0,9,48,39,96,4,6,10,106
07/17/2008,SUX,IA,ACE,CE,Combined TRACON& Tower with Radar,0,15,15,25,55,0,0,10,3,13,0,15,25,28,68,1,8,9,77
07/18/2008,SUX,IA,ACE,CE,Combined TRACON& Tower with Radar,0,9,29,39,77,0,0,6,0,6,0,9,35,39,83,0,2,2,85
07/19/2008,SUX,IA,ACE,CE,Combined TRACON& Tower with Radar,0,7,28,0,35,0,0,11,0,11,0,7,39,0,46,0,0,0,46
07/20/2008,SUX,IA,ACE,CE,Combined TRACON& Tower with Radar,0,9,15,0,24,0,0,5,0,5,0,9,20,0,29,0,0,0,29
07/21/2008,SUX,IA,ACE,CE,Combined TRACON& Tower with Radar,1,12,27,0,40,0,0,30,0,30,1,12,57,0,70,18,0,18,88
07/22/2008,SUX,IA,ACE,CE,Combined TRACON& Tower with Radar,0,10,30,18,58,0,0,25,0,25,0,10,55,18,83,8,24,32,115
07/23/2008,SUX,IA,ACE,CE,Combined TRACON& Tower with Radar,1,11,28,12,52,0,0,23,2,25,1,11,51,14,77,14,0,14,91
07/24/2008,SUX,IA,ACE,CE,Combined TRACON& Tower with Radar,0,10,29,18,57,0,0,6,0,6,0,10,35,18,63,2,0,2,65
07/25/2008,SUX,IA,ACE,CE,Combined TRACON& Tower with Radar,0,11,38,3,52,0,0,13,0,13,0,11,51,3,65,0,4,4,69
07/26/2008,SUX,IA,ACE,CE,Combined TRACON& Tower with Radar,0,9,13,0,22,0,0,19,0,19,0,9,32,0,41,0,0,0,41
07/27/2008,SUX,IA,ACE,CE,Combined TRACON& Tower with Radar,0,9,23,1,33,0,0,19,0,19,0,9,42,1,52,20,0,20,72
07/28/2008,SUX,IA,ACE,CE,Combined TRACON& Tower with Radar,0,13,33,12,58,0,0,22,4,26,0,13,55,16,84,28,12,40,124
07/29/2008,SUX,IA,ACE,CE,Combined TRACON& Tower with Radar,0,14,26,25,65,0,0,19,0,19,0,14,45,25,84,0,16,16,100
07/30/2008,SUX,IA,ACE,CE,Combined TRACON& Tower with Radar,0,11,30,18,59,0,1,22,0,23,0,12,52,18,82,2,12,14,96
07/31/2008,SUX,IA,ACE,CE,Combined TRACON& Tower with Radar,0,21,32,11,64,0,0,27,2,29,0,21,59,13,93,0,4,4,97
08/01/2008,SUX,IA,ACE,CE,Combined TRACON& Tower with Radar,0,9,25,3,37,0,0,23,0,23,0,9,48,3,60,8,2,10,70
08/02/2008,SUX,IA,ACE,CE,Combined TRACON& Tower with Radar,0,4,18,9,31,0,3,9,0,12,0,7,27,9,43,26,2,28,71
08/03/2008,SUX,IA,ACE,CE,Combined TRACON& Tower with Radar,0,11,24,2,37,0,1,22,0,23,0,12,46,2,60,44,0,44,104
08/04/2008,SUX,IA,ACE,CE,Combined TRACON& Tower with Radar,0,10,36,1,47,0,0,6,0,6,0,10,42,1,53,0,0,0,53
08/05/2008,SUX,IA,ACE,CE,Combined TRACON& Tower with Radar,0,12,20,11,43,0,0,21,1,22,0,12,41,12,65,42,6,48,113
08/06/2008,SUX,IA,ACE,CE,Combined TRACON& Tower with Radar,2,13,33,36,84,0,0,30,5,35,2,13,63,41,119,20,12,32,151
08/07/2008,SUX,IA,ACE,CE,Combined TRACON& Tower with Radar,0,11,26,3,40,0,0,15,3,18,0,11,41,6,58,2,0,2,60
08/08/2008,SUX,IA,ACE,CE,Combined TRACON& Tower with Radar,0,11,30,8,49,0,0,20,3,23,0,11,50,11,72,10,4,14,86
08/09/2008,SUX,IA,ACE,CE,Combined TRACON& Tower with Radar,2,8,25,2,37,0,1,19,3,23,2,9,44,5,60,24,0,24,84
08/10/2008,SUX,IA,ACE,CE,Combined TRACON& Tower with Radar,0,9,26,1,36,0,0,21,1,22,0,9,47,2,58,18,0,18,76
08/11/2008,SUX,IA,ACE,CE,Combined TRACON& Tower with Radar,0,11,22,0,33,0,0,10,2,12,0,11,32,2,45,18,0,18,63
08/12/2008,SUX,IA,ACE,CE,Combined TRACON& Tower with Radar,0,13,28,24,65,0,0,18,3,21,0,13,46,27,86,6,18,24,110
08/13/2008,SUX,IA,ACE,CE,Combined TRACON& Tower with Radar,1,14,20,19,54,0,0,15,5,20,1,14,35,24,74,8,6,14,88
08/14/2008,SUX,IA,ACE,CE,Combined TRACON& Tower with Radar,0,11,25,7,43,0,0,18,5,23,0,11,43,12,66,13,2,15,81
08/15/2008,SUX,IA,ACE,CE,Combined TRACON& Tower with Radar,0,10,20,10,40,0,0,16,2,18,0,10,36,12,58,10,6,16,74
08/16/2008,SUX,IA,ACE,CE,Combined TRACON& Tower with Radar,0,11,7,1,19,0,2,30,1,33,0,13,37,2,52,23,0,23,75
08/17/2008,SUX,IA,ACE,CE,Combined TRACON& Tower with Radar,0,11,18,1,30,0,0,26,2,28,0,11,44,3,58,44,0,44,102
08/18/2008,SUX,IA,ACE,CE,Combined TRACON& Tower with Radar,0,12,25,3,40,0,0,29,1,30,0,12,54,4,70,14,0,14,84
08/19/2008,SUX,IA,ACE,CE,Combined TRACON& Tower with Radar,0,10,30,38,78,0,6,16,2,24,0,16,46,40,102,8,4,12,114
08/20/2008,SUX,IA,ACE,CE,Combined TRACON& Tower with Radar,0,14,36,6,56,0,2,16,0,18,0,16,52,6,74,0,0,0,74
08/21/2008,SUX,IA,ACE,CE,Combined TRACON& Tower with Radar,0,6,34,27,67,0,1,5,0,6,0,7,39,27,73,0,0,0,73
08/22/2008,SUX,IA,ACE,CE,Combined TRACON& Tower with Radar,0,11,30,6,47,0,0,8,0,8,0,11,38,6,55,4,0,4,59
08/23/2008,SUX,IA,ACE,CE,Combined TRACON& Tower with Radar,0,7,26,1,34,0,0,31,0,31,0,7,57,1,65,4,0,4,69
08/24/2008,SUX,IA,ACE,CE,Combined TRACON& Tower with Radar,0,8,15,1,24,0,6,10,0,16,0,14,25,1,40,18,0,18,58
08/25/2008,SUX,IA,ACE,CE,Combined TRACON& Tower with Radar,0,11,21,2,34,0,0,16,0,16,0,11,37,2,50,10,0,10,60
08/26/2008,SUX,IA,ACE,CE,Combined TRACON& Tower with Radar,0,9,25,16,50,0,1,9,0,10,0,10,34,16,60,4,0,4,64
08/27/2008,SUX,IA,ACE,CE,Combined TRACON& Tower with Radar,0,21,28,6,55,0,0,4,2,6,0,21,32,8,61,0,3,3,64
08/28/2008,SUX,IA,ACE,CE,Combined TRACON& Tower with Radar,0,12,39,6,57,0,5,10,2,17,0,17,49,8,74,3,0,3,77
08/29/2008,SUX,IA,ACE,CE,Combined TRACON& Tower with Radar,0,8,19,0,27,0,0,32,2,34,0,8,51,2,61,0,0,0,61
08/30/2008,SUX,IA,ACE,CE,Combined TRACON& Tower with Radar,0,3,4,0,7,0,2,10,0,12,0,5,14,0,19,0,0,0,19
08/31/2008,SUX,IA,ACE,CE,Combined TRACON& Tower with Radar,0,4,11,1,16,0,0,11,0,11,0,4,22,1,27,0,0,0,27
09/01/2008,SUX,IA,ACE,CE,Combined TRACON& Tower with Radar,0,9,16,1,26,0,0,14,0,14,0,9,30,1,40,16,0,16,56
09/02/2008,SUX,IA,ACE,CE,Combined TRACON& Tower with Radar,0,11,12,2,25,0,0,5,0,5,0,11,17,2,30,6,0,6,36
09/03/2008,SUX,IA,ACE,CE,Combined TRACON& Tower with Radar,0,11,29,12,52,0,0,16,1,17,0,11,45,13,69,0,0,0,69
09/04/2008,SUX,IA,ACE,CE,Combined TRACON& Tower with Radar,0,10,46,23,79,0,0,17,6,23,0,10,63,29,102,2,12,14,116
09/05/2008,SUX,IA,ACE,CE,Combined TRACON& Tower with Radar,0,10,17,11,38,0,0,8,1,9,0,10,25,12,47,0,0,0,47
09/06/2008,SUX,IA,ACE,CE,Combined TRACON& Tower with Radar,0,9,17,29,55,0,0,6,0,6,0,9,23,29,61,16,16,32,93
09/07/2008,SUX,IA,ACE,CE,Combined TRACON& Tower with Radar,0,10,20,4,34,0,0,19,0,19,0,10,39,4,53,6,0,6,59
09/08/2008,SUX,IA,ACE,CE,Combined TRACON& Tower with Radar,0,14,25,16,55,0,0,9,3,12,0,14,34,19,67,0,6,6,73
09/09/2008,SUX,IA,ACE,CE,Combined TRACON& Tower with Radar,1,9,33,24,67,0,0,33,2,35,1,9,66,26,102,16,22,38,140
09/10/2008,SUX,IA,ACE,CE,Combined TRACON& Tower with Radar,0,10,28,11,49,0,0,10,2,12,0,10,38,13,61,4,10,14,75
09/11/2008,SUX,IA,ACE,CE,Combined TRACON& Tower with Radar,0,10,30,8,48,0,0,15,0,15,0,10,45,8,63,8,0,8,71
09/12/2008,SUX,IA,ACE,CE,Combined TRACON& Tower with Radar,0,11,21,13,45,0,0,9,1,10,0,11,30,14,55,0,8,8,63
09/13/2008,SUX,IA,ACE,CE,Combined TRACON& Tower with Radar,0,9,9,0,18,0,0,4,0,4,0,9,13,0,22,0,0,0,22
09/14/2008,SUX,IA,ACE,CE,Combined TRACON& Tower with Radar,0,16,18,0,34,0,0,4,0,4,0,16,22,0,38,12,0,12,50
09/15/2008,SUX,IA,ACE,CE,Combined TRACON& Tower with Radar,0,11,33,0,44,0,0,28,0,28,0,11,61,0,72,10,0,10,82
09/16/2008,SUX,IA,ACE,CE,Combined TRACON& Tower with Radar,0,13,21,21,55,0,0,21,2,23,0,13,42,23,78,0,6,6,84
09/17/2008,SUX,IA,ACE,CE,Combined TRACON& Tower with Radar,0,9,28,20,57,0,1,29,0,30,0,10,57,20,87,8,6,14,101
09/18/2008,SUX,IA,ACE,CE,Combined TRACON& Tower with Radar,0,8,36,18,62,0,2,14,2,18,0,10,50,20,80,2,6,8,88
09/19/2008,SUX,IA,ACE,CE,Combined TRACON& Tower with Radar,0,11,30,7,48,0,0,20,0,20,0,11,50,7,68,0,2,2,70
09/20/2008,SUX,IA,ACE,CE,Combined TRACON& Tower with Radar,0,7,24,0,31,0,0,24,0,24,0,7,48,0,55,18,0,18,73
09/21/2008,SUX,IA,ACE,CE,Combined TRACON& Tower with Radar,0,8,33,3,44,0,0,20,0,20,0,8,53,3,64,0,0,0,64
09/22/2008,SUX,IA,ACE,CE,Combined TRACON& Tower with Radar,0,10,21,0,31,0,2,1,0,3,0,12,22,0,34,0,0,0,34
09/23/2008,SUX,IA,ACE,CE,Combined TRACON& Tower with Radar,0,10,17,11,38,0,0,4,0,4,0,10,21,11,42,0,20,20,62
09/24/2008,SUX,IA,ACE,CE,Combined TRACON& Tower with Radar,0,11,39,19,69,0,7,19,9,35,0,18,58,28,104,12,4,16,120
09/25/2008,SUX,IA,ACE,CE,Combined TRACON& Tower with Radar,0,10,29,0,39,0,0,15,0,15,0,10,44,0,54,0,0,0,54
09/26/2008,SUX,IA,ACE,CE,Combined TRACON& Tower with Radar,0,9,20,0,29,0,0,10,0,10,0,9,30,0,39,2,0,2,41
09/27/2008,SUX,IA,ACE,CE,Combined TRACON& Tower with Radar,0,11,20,0,31,0,0,16,0,16,0,11,36,0,47,6,0,6,53
09/28/2008,SUX,IA,ACE,CE,Combined TRACON& Tower with Radar,0,12,13,0,25,0,0,14,0,14,0,12,27,0,39,34,0,34,73
09/29/2008,SUX,IA,ACE,CE,Combined TRACON& Tower with Radar,0,16,23,4,43,0,0,17,1,18,0,16,40,5,61,8,0,8,69
09/30/2008,SUX,IA,ACE,CE,Combined TRACON& Tower with Radar,0,9,23,0,32,0,0,16,0,16,0,9,39,0,48,4,0,4,52
10/01/2008,SUX,IA,ACE,CE,Combined TRACON& Tower with Radar,0,12,31,7,50,0,1,32,0,33,0,13,63,7,83,6,0,6,89
10/02/2008,SUX,IA,ACE,CE,Combined TRACON& Tower with Radar,0,14,35,18,67,0,0,26,2,28,0,14,61,20,95,40,6,46,141
10/03/2008,SUX,IA,ACE,CE,Combined TRACON& Tower with Radar,0,13,21,2,36,0,0,44,0,44,0,13,65,2,80,0,26,26,106
10/04/2008,SUX,IA,ACE,CE,Combined TRACON& Tower with Radar,0,8,13,0,21,0,0,19,0,19,0,8,32,0,40,43,0,43,83
10/05/2008,SUX,IA,ACE,CE,Combined TRACON& Tower with Radar,0,14,21,1,36,0,0,10,0,10,0,14,31,1,46,6,0,6,52
10/06/2008,SUX,IA,ACE,CE,Combined TRACON& Tower with Radar,0,11,25,0,36,0,1,8,0,9,0,12,33,0,45,24,0,24,69
10/07/2008,SUX,IA,ACE,CE,Combined TRACON& Tower with Radar,0,5,31,24,60,0,0,5,2,7,0,5,36,26,67,12,24,36,103
10/08/2008,SUX,IA,ACE,CE,Combined TRACON& Tower with Radar,0,15,29,17,61,0,0,27,4,31,0,15,56,21,92,24,16,40,132
10/09/2008,SUX,IA,ACE,CE,Combined TRACON& Tower with Radar,1,11,22,4,38,0,0,27,0,27,1,11,49,4,65,20,0,20,85
10/10/2008,SUX,IA,ACE,CE,Combined TRACON& Tower with Radar,1,9,21,4,35,0,0,5,2,7,1,9,26,6,42,0,4,4,46
10/11/2008,SUX,IA,ACE,CE,Combined TRACON& Tower with Radar,0,9,29,0,38,0,1,14,0,15,0,10,43,0,53,72,0,72,125
10/12/2008,SUX,IA,ACE,CE,Combined TRACON& Tower with Radar,0,8,15,0,23,0,0,8,0,8,0,8,23,0,31,0,0,0,31
10/13/2008,SUX,IA,ACE,CE,Combined TRACON& Tower with Radar,0,11,22,0,33,0,0,5,0,5,0,11,27,0,38,2,0,2,40
10/14/2008,SUX,IA,ACE,CE,Combined TRACON& Tower with Radar,0,12,31,7,50,0,0,5,2,7,0,12,36,9,57,0,0,0,57
10/15/2008,SUX,IA,ACE,CE,Combined TRACON& Tower with Radar,0,14,23,10,47,0,3,8,10,21,0,17,31,20,68,3,6,9,77
10/16/2008,SUX,IA,ACE,CE,Combined TRACON& Tower with Radar,0,11,27,17,55,0,1,21,3,25,0,12,48,20,80,20,32,52,132
10/17/2008,SUX,IA,ACE,CE,Combined TRACON& Tower with Radar,0,8,35,0,43,0,0,14,0,14,0,8,49,0,57,6,0,6,63
10/18/2008,SUX,IA,ACE,CE,Combined TRACON& Tower with Radar,2,8,20,9,39,0,0,4,0,4,2,8,24,9,43,26,0,26,69
10/19/2008,SUX,IA,ACE,CE,Combined TRACON& Tower with Radar,0,8,20,0,28,0,0,39,0,39,0,8,59,0,67,62,0,62,129
10/20/2008,SUX,IA,ACE,CE,Combined TRACON& Tower with Radar,0,12,26,14,52,0,0,17,2,19,0,12,43,16,71,0,22,22,93
10/21/2008,SUX,IA,ACE,CE,Combined TRACON& Tower with Radar,2,9,25,15,51,0,0,11,0,11,2,9,36,15,62,0,4,4,66
10/22/2008,SUX,IA,ACE,CE,Combined TRACON& Tower with Radar,0,9,22,0,31,0,0,0,0,0,0,9,22,0,31,0,0,0,31
10/23/2008,SUX,IA,ACE,CE,Combined TRACON& Tower with Radar,0,10,28,14,52,0,0,0,0,0,0,10,28,14,52,0,0,0,52
10/24/2008,SUX,IA,ACE,CE,Combined TRACON& Tower with Radar,0,11,33,11,55,0,0,2,0,2,0,11,35,11,57,12,4,16,73
10/25/2008,SUX,IA,ACE,CE,Combined TRACON& Tower with Radar,2,7,23,6,38,0,0,21,2,23,2,7,44,8,61,22,0,22,83
10/26/2008,SUX,IA,ACE,CE,Combined TRACON& Tower with Radar,0,13,1,0,14,0,0,8,0,8,0,13,9,0,22,16,0,16,38
10/27/2008,SUX,IA,ACE,CE,Combined TRACON& Tower with Radar,0,12,29,0,41,0,1,16,1,18,0,13,45,1,59,0,0,0,59
10/28/2008,SUX,IA,ACE,CE,Combined TRACON& Tower with Radar,0,12,20,7,39,0,4,18,2,24,0,16,38,9,63,10,4,14,77
10/29/2008,SUX,IA,ACE,CE,Combined TRACON& Tower with Radar,0,11,26,9,46,0,0,32,0,32,0,11,58,9,78,14,20,34,112
10/30/2008,SUX,IA,ACE,CE,Combined TRACON& Tower with Radar,0,17,30,8,55,0,0,15,0,15,0,17,45,8,70,2,2,4,74
10/31/2008,SUX,IA,ACE,CE,Combined TRACON& Tower with Radar,0,13,16,6,35,0,0,21,0,21,0,13,37,6,56,24,2,26,82
11/01/2008,SUX,IA,ACE,CE,Combined TRACON& Tower with Radar,0,7,14,6,27,0,0,18,0,18,0,7,32,6,45,0,0,0,45
11/02/2008,SUX,IA,ACE,CE,Combined TRACON& Tower with Radar,0,8,19,3,30,0,0,20,1,21,0,8,39,4,51,8,4,12,63
11/03/2008,SUX,IA,ACE,CE,Combined TRACON& Tower with Radar,0,11,38,7,56,0,7,20,0,27,0,18,58,7,83,0,0,0,83
11/04/2008,SUX,IA,ACE,CE,Combined TRACON& Tower with Radar,0,11,28,19,58,0,0,16,0,16,0,11,44,19,74,24,0,24,98
11/05/2008,SUX,IA,ACE,CE,Combined TRACON& Tower with Radar,0,9,34,7,50,0,0,5,2,7,0,9,39,9,57,0,2,2,59
11/06/2008,SUX,IA,ACE,CE,Combined TRACON& Tower with Radar,0,9,30,0,39,0,0,2,0,2,0,9,32,0,41,0,0,0,41
11/07/2008,SUX,IA,ACE,CE,Combined TRACON& Tower with Radar,0,11,21,0,32,0,0,0,0,0,0,11,21,0,32,0,0,0,32
11/08/2008,SUX,IA,ACE,CE,Combined TRACON& Tower with Radar,0,7,4,0,11,0,0,1,0,1,0,7,5,0,12,0,0,0,12
11/09/2008,SUX,IA,ACE,CE,Combined TRACON& Tower with Radar,0,13,23,1,37,0,0,21,0,21,0,13,44,1,58,12,2,14,72
11/10/2008,SUX,IA,ACE,CE,Combined TRACON& Tower with Radar,0,15,29,0,44,0,0,7,0,7,0,15,36,0,51,20,0,20,71
11/11/2008,SUX,IA,ACE,CE,Combined TRACON& Tower with Radar,0,12,17,1,30,0,0,0,0,0,0,12,17,1,30,0,0,0,30
11/12/2008,SUX,IA,ACE,CE,Combined TRACON& Tower with Radar,0,14,28,6,48,0,0,1,0,1,0,14,29,6,49,0,0,0,49
11/13/2008,SUX,IA,ACE,CE,Combined TRACON& Tower with Radar,0,5,17,16,38,0,0,3,0,3,0,5,20,16,41,0,0,0,41
11/14/2008,SUX,IA,ACE,CE,Combined TRACON& Tower with Radar,0,11,27,3,41,0,0,2,0,2,0,11,29,3,43,0,0,0,43
11/15/2008,SUX,IA,ACE,CE,Combined TRACON& Tower with Radar,0,7,13,0,20,0,0,6,0,6,0,7,19,0,26,54,0,54,80
11/16/2008,SUX,IA,ACE,CE,Combined TRACON& Tower with Radar,2,11,11,0,24,0,0,29,0,29,2,11,40,0,53,54,0,54,107
11/17/2008,SUX,IA,ACE,CE,Combined TRACON& Tower with Radar,0,9,38,0,47,0,3,20,0,23,0,12,58,0,70,12,0,12,82
11/18/2008,SUX,IA,ACE,CE,Combined TRACON& Tower with Radar,0,9,21,17,47,0,1,6,0,7,0,10,27,17,54,4,0,4,58
11/19/2008,SUX,IA,ACE,CE,Combined TRACON& Tower with Radar,0,12,25,8,45,0,0,9,0,9,0,12,34,8,54,4,24,28,82
11/20/2008,SUX,IA,ACE,CE,Combined TRACON& Tower with Radar,1,11,33,14,59,0,2,8,2,12,1,13,41,16,71,6,2,8,79
11/21/2008,SUX,IA,ACE,CE,Combined TRACON& Tower with Radar,1,9,19,2,31,0,0,11,2,13,1,9,30,4,44,0,2,2,46
11/22/2008,SUX,IA,ACE,CE,Combined TRACON& Tower with Radar,0,7,14,0,21,0,0,4,1,5,0,7,18,1,26,30,0,30,56
11/23/2008,SUX,IA,ACE,CE,Combined TRACON& Tower with Radar,0,11,10,0,21,0,1,9,1,11,0,12,19,1,32,4,0,4,36
11/24/2008,SUX,IA,ACE,CE,Combined TRACON& Tower with Radar,2,10,32,1,45,0,0,5,0,5,2,10,37,1,50,0,0,0,50
11/25/2008,SUX,IA,ACE,CE,Combined TRACON& Tower with Radar,0,12,22,9,43,0,0,19,0,19,0,12,41,9,62,66,2,68,130
11/26/2008,SUX,IA,ACE,CE,Combined TRACON& Tower with Radar,0,11,20,8,39,0,0,16,0,16,0,11,36,8,55,6,30,36,91
11/27/2008,SUX,IA,ACE,CE,Combined TRACON& Tower with Radar,0,5,4,0,9,0,0,13,0,13,0,5,17,0,22,0,0,0,22
11/28/2008,SUX,IA,ACE,CE,Combined TRACON& Tower with Radar,0,8,3,1,12,0,0,28,0,28,0,8,31,1,40,48,0,48,88
11/29/2008,SUX,IA,ACE,CE,Combined TRACON& Tower with Radar,0,7,8,0,15,0,0,2,0,2,0,7,10,0,17,0,0,0,17
11/30/2008,SUX,IA,ACE,CE,Combined TRACON& Tower with Radar,0,15,7,1,23,0,1,2,0,3,0,16,9,1,26,0,0,0,26
12/01/2008,SUX,IA,ACE,CE,Combined TRACON& Tower with Radar,1,13,35,7,56,0,0,11,0,11,1,13,46,7,67,0,4,4,71
12/02/2008,SUX,IA,ACE,CE,Combined TRACON& Tower with Radar,0,17,34,29,80,0,0,16,0,16,0,17,50,29,96,0,40,40,136
12/03/2008,SUX,IA,ACE,CE,Combined TRACON& Tower with Radar,0,11,17,11,39,0,0,2,2,4,0,11,19,13,43,0,10,10,53
12/04/2008,SUX,IA,ACE,CE,Combined TRACON& Tower with Radar,0,11,22,14,47,0,0,8,3,11,0,11,30,17,58,0,14,14,72
12/05/2008,SUX,IA,ACE,CE,Combined TRACON& Tower with Radar,2,11,18,7,38,0,0,8,2,10,2,11,26,9,48,4,2,6,54
12/06/2008,SUX,IA,ACE,CE,Combined TRACON& Tower with Radar,0,6,15,6,27,0,0,6,1,7,0,6,21,7,34,14,0,14,48
12/07/2008,SUX,IA,ACE,CE,Combined TRACON& Tower with Radar,2,10,18,0,30,0,0,6,0,6,2,10,24,0,36,0,0,0,36
12/08/2008,SUX,IA,ACE,CE,Combined TRACON& Tower with Radar,0,5,14,0,19,0,0,5,0,5,0,5,19,0,24,0,0,0,24
12/09/2008,SUX,IA,ACE,CE,Combined TRACON& Tower with Radar,0,8,17,0,25,0,0,2,0,2,0,8,19,0,27,0,0,0,27
12/10/2008,SUX,IA,ACE,CE,Combined TRACON& Tower with Radar,0,13,22,0,35,0,0,16,2,18,0,13,38,2,53,0,0,0,53
12/11/2008,SUX,IA,ACE,CE,Combined TRACON& Tower with Radar,0,10,30,2,42,0,0,8,0,8,0,10,38,2,50,6,0,6,56
12/12/2008,SUX,IA,ACE,CE,Combined TRACON& Tower with Radar,0,10,19,20,49,0,0,22,2,24,0,10,41,22,73,8,12,20,93
12/13/2008,SUX,IA,ACE,CE,Combined TRACON& Tower with Radar,0,9,19,0,28,0,0,36,0,36,0,9,55,0,64,18,0,18,82
12/14/2008,SUX,IA,ACE,CE,Combined TRACON& Tower with Radar,0,9,4,0,13,0,0,1,0,1,0,9,5,0,14,0,0,0,14
12/15/2008,SUX,IA,ACE,CE,Combined TRACON& Tower with Radar,0,9,20,0,29,0,0,4,0,4,0,9,24,0,33,0,0,0,33
12/16/2008,SUX,IA,ACE,CE,Combined TRACON& Tower with Radar,0,8,23,6,37,0,0,0,0,0,0,8,23,6,37,0,8,8,45
12/17/2008,SUX,IA,ACE,CE,Combined TRACON& Tower with Radar,0,11,20,8,39,0,0,12,4,16,0,11,32,12,55,2,14,16,71
12/18/2008,SUX,IA,ACE,CE,Combined TRACON& Tower with Radar,0,11,28,13,52,0,3,18,6,27,0,14,46,19,79,0,8,8,87
12/19/2008,SUX,IA,ACE,CE,Combined TRACON& Tower with Radar,0,17,12,0,29,0,6,4,0,10,0,23,16,0,39,0,0,0,39
12/20/2008,SUX,IA,ACE,CE,Combined TRACON& Tower with Radar,0,5,4,0,9,0,1,0,0,1,0,6,4,0,10,0,0,0,10
12/21/2008,SUX,IA,ACE,CE,Combined TRACON& Tower with Radar,0,15,5,0,20,0,1,1,0,2,0,16,6,0,22,0,0,0,22
12/22/2008,SUX,IA,ACE,CE,Combined TRACON& Tower with Radar,0,14,25,4,43,0,2,3,0,5,0,16,28,4,48,0,0,0,48
12/23/2008,SUX,IA,ACE,CE,Combined TRACON& Tower with Radar,0,11,23,0,34,0,3,5,1,9,0,14,28,1,43,0,0,0,43
12/24/2008,SUX,IA,ACE,CE,Combined TRACON& Tower with Radar,0,8,12,0,20,0,1,6,0,7,0,9,18,0,27,0,0,0,27
12/25/2008,SUX,IA,ACE,CE,Combined TRACON& Tower with Radar,0,8,1,0,9,0,0,2,0,2,0,8,3,0,11,0,0,0,11
12/26/2008,SUX,IA,ACE,CE,Combined TRACON& Tower with Radar,0,9,9,0,18,0,0,0,0,0,0,9,9,0,18,0,0,0,18
12/27/2008,SUX,IA,ACE,CE,Combined TRACON& Tower with Radar,0,14,7,0,21,0,0,3,0,3,0,14,10,0,24,2,0,2,26
12/28/2008,SUX,IA,ACE,CE,Combined TRACON& Tower with Radar,0,12,12,0,24,0,0,25,0,25,0,12,37,0,49,22,0,22,71
12/29/2008,SUX,IA,ACE,CE,Combined TRACON& Tower with Radar,0,13,20,0,33,0,0,24,0,24,0,13,44,0,57,6,0,6,63
12/30/2008,SUX,IA,ACE,CE,Combined TRACON& Tower with Radar,0,9,10,0,19,0,1,7,0,8,0,10,17,0,27,0,0,0,27
12/31/2008,SUX,IA,ACE,CE,Combined TRACON& Tower with Radar,0,11,11,0,22,0,0,13,0,13,0,11,24,0,35,12,0,12,47
01/01/2009,SUX,IA,ACE,CE,Combined TRACON& Tower with Radar,6,9,6,0,21,0,0,12,0,12,6,9,18,0,33,0,0,0,33
01/02/2009,SUX,IA,ACE,CE,Combined TRACON& Tower with Radar,0,11,16,0,27,0,1,14,13,28,0,12,30,13,55,0,0,0,55
01/03/2009,SUX,IA,ACE,CE,Combined TRACON& Tower with Radar,0,7,3,0,10,0,0,0,0,0,0,7,3,0,10,0,0,0,10
01/04/2009,SUX,IA,ACE,CE,Combined TRACON& Tower with Radar,0,11,6,0,17,0,0,5,0,5,0,11,11,0,22,10,0,10,32
01/05/2009,SUX,IA,ACE,CE,Combined TRACON& Tower with Radar,0,9,19,0,28,0,0,13,0,13,0,9,32,0,41,10,0,10,51
01/06/2009,SUX,IA,ACE,CE,Combined TRACON& Tower with Radar,0,12,22,7,41,0,0,7,1,8,0,12,29,8,49,4,2,6,55
01/07/2009,SUX,IA,ACE,CE,Combined TRACON& Tower with Radar,0,12,19,9,40,0,0,9,3,12,0,12,28,12,52,0,10,10,62
01/08/2009,SUX,IA,ACE,CE,Combined TRACON& Tower with Radar,0,7,25,13,45,0,0,8,0,8,0,7,33,13,53,0,0,0,53
01/09/2009,SUX,IA,ACE,CE,Combined TRACON& Tower with Radar,0,13,12,8,33,0,0,1,0,1,0,13,13,8,34,0,0,0,34
01/10/2009,SUX,IA,ACE,CE,Combined TRACON& Tower with Radar,0,5,11,4,20,0,1,7,0,8,0,6,18,4,28,18,4,22,50
01/11/2009,SUX,IA,ACE,CE,Combined TRACON& Tower with Radar,0,11,15,0,26,0,1,5,0,6,0,12,20,0,32,36,0,36,68
01/12/2009,SUX,IA,ACE,CE,Combined TRACON& Tower with Radar,2,7,16,0,25,0,0,1,0,1,2,7,17,0,26,0,0,0,26
01/13/2009,SUX,IA,ACE,CE,Combined TRACON& Tower with Radar,1,8,20,0,29,0,2,0,0,2,1,10,20,0,31,0,0,0,31
01/14/2009,SUX,IA,ACE,CE,Combined TRACON& Tower with Radar,0,11,13,2,26,0,0,2,0,2,0,11,15,2,28,0,0,0,28
01/15/2009,SUX,IA,ACE,CE,Combined TRACON& Tower with Radar,0,13,15,10,38,0,1,9,4,14,0,14,24,14,52,0,18,18,70
01/16/2009,SUX,IA,ACE,CE,Combined TRACON& Tower with Radar,2,11,25,9,47,0,2,6,2,10,2,13,31,11,57,0,2,2,59
01/17/2009,SUX,IA,ACE,CE,Combined TRACON& Tower with Radar,1,4,10,3,18,0,2,3,0,5,1,6,13,3,23,2,0,2,25
01/18/2009,SUX,IA,ACE,CE,Combined TRACON& Tower with Radar,0,9,14,0,23,0,0,17,0,17,0,9,31,0,40,6,0,6,46
01/19/2009,SUX,IA,ACE,CE,Combined TRACON& Tower with Radar,0,11,11,0,22,0,1,1,0,2,0,12,12,0,24,0,0,0,24
01/20/2009,SUX,IA,ACE,CE,Combined TRACON& Tower with Radar,0,12,36,0,48,0,0,18,0,18,0,12,54,0,66,20,0,20,86
01/21/2009,SUX,IA,ACE,CE,Combined TRACON& Tower with Radar,0,9,28,5,42,0,1,25,3,29,0,10,53,8,71,12,4,16,87
01/22/2009,SUX,IA,ACE,CE,Combined TRACON& Tower with Radar,0,11,24,13,48,0,0,29,0,29,0,11,53,13,77,34,10,44,121
01/23/2009,SUX,IA,ACE,CE,Combined TRACON& Tower with Radar,0,12,12,2,26,0,2,2,0,4,0,14,14,2,30,0,0,0,30
01/24/2009,SUX,IA,ACE,CE,Combined TRACON& Tower with Radar,0,7,8,0,15,0,3,7,0,10,0,10,15,0,25,2,0,2,27
01/25/2009,SUX,IA,ACE,CE,Combined TRACON& Tower with Radar,0,11,13,0,24,0,0,4,0,4,0,11,17,0,28,0,0,0,28
01/26/2009,SUX,IA,ACE,CE,Combined TRACON& Tower with Radar,0,14,17,1,32,0,0,3,0,3,0,14,20,1,35,0,0,0,35
01/27/2009,SUX,IA,ACE,CE,Combined TRACON& Tower with Radar,0,11,13,24,48,0,2,5,0,7,0,13,18,24,55,4,16,20,75
01/28/2009,SUX,IA,ACE,CE,Combined TRACON& Tower with Radar,0,13,20,0,33,2,3,9,0,14,2,16,29,0,47,12,0,12,59
01/29/2009,SUX,IA,ACE,CE,Combined TRACON& Tower with Radar,0,10,13,1,24,0,1,10,0,11,0,11,23,1,35,0,0,0,35
01/30/2009,SUX,IA,ACE,CE,Combined TRACON& Tower with Radar,0,13,13,20,46,0,2,10,7,19,0,15,23,27,65,14,6,20,85
01/31/2009,SUX,IA,ACE,CE,Combined TRACON& Tower with Radar,0,7,19,0,26,0,2,46,0,48,0,9,65,0,74,20,0,20,94
02/01/2009,SUX,IA,ACE,CE,Combined TRACON& Tower with Radar,0,9,8,0,17,0,0,12,0,12,0,9,20,0,29,0,0,0,29
02/02/2009,SUX,IA,ACE,CE,Combined TRACON& Tower with Radar,0,9,23,0,32,0,0,0,0,0,0,9,23,0,32,0,0,0,32
02/03/2009,SUX,IA,ACE,CE,Combined TRACON& Tower with Radar,0,10,19,2,31,0,0,10,0,10,0,10,29,2,41,4,0,4,45
02/04/2009,SUX,IA,ACE,CE,Combined TRACON& Tower with Radar,0,10,18,0,28,0,2,21,0,23,0,12,39,0,51,0,0,0,51
02/05/2009,SUX,IA,ACE,CE,Combined TRACON& Tower with Radar,0,10,15,8,33,0,0,17,1,18,0,10,32,9,51,4,2,6,57
02/06/2009,SUX,IA,ACE,CE,Combined TRACON& Tower with Radar,0,11,26,8,45,0,1,29,0,30,0,12,55,8,75,6,2,8,83
02/07/2009,SUX,IA,ACE,CE,Combined TRACON& Tower with Radar,0,5,8,2,15,0,4,27,0,31,0,9,35,2,46,0,2,2,48
02/08/2009,SUX,IA,ACE,CE,Combined TRACON& Tower with Radar,0,9,20,0,29,0,2,27,0,29,0,11,47,0,58,4,0,4,62
02/09/2009,SUX,IA,ACE,CE,Combined TRACON& Tower with Radar,0,9,15,10,34,0,0,2,0,2,0,9,17,10,36,0,0,0,36
02/10/2009,SUX,IA,ACE,CE,Combined TRACON& Tower with Radar,0,10,19,4,33,0,4,9,0,13,0,14,28,4,46,0,0,0,46
02/11/2009,SUX,IA,ACE,CE,Combined TRACON& Tower with Radar,0,13,32,14,59,0,0,13,6,19,0,13,45,20,78,2,16,18,96
02/12/2009,SUX,IA,ACE,CE,Combined TRACON& Tower with Radar,0,10,29,16,55,0,0,34,4,38,0,10,63,20,93,38,22,60,153
02/13/2009,SUX,IA,ACE,CE,Combined TRACON& Tower with Radar,0,13,16,0,29,0,1,4,0,5,0,14,20,0,34,0,0,0,34
02/14/2009,SUX,IA,ACE,CE,Combined TRACON& Tower with Radar,0,7,10,0,17,0,0,20,0,20,0,7,30,0,37,14,0,14,51
02/15/2009,SUX,IA,ACE,CE,Combined TRACON& Tower with Radar,0,12,21,1,34,0,2,21,0,23,0,14,42,1,57,28,0,28,85
02/16/2009,SUX,IA,ACE,CE,Combined TRACON& Tower with Radar,0,14,25,0,39,0,1,15,0,16,0,15,40,0,55,6,0,6,61
02/17/2009,SUX,IA,ACE,CE,Combined TRACON& Tower with Radar,0,9,23,3,35,0,4,0,0,4,0,13,23,3,39,6,0,6,45
02/18/2009,SUX,IA,ACE,CE,Combined TRACON& Tower with Radar,0,11,12,11,34,0,1,3,0,4,0,12,15,11,38,0,0,0,38
02/19/2009,SUX,IA,ACE,CE,Combined TRACON& Tower with Radar,0,9,19,18,46,0,0,14,2,16,0,9,33,20,62,2,0,2,64
02/20/2009,SUX,IA,ACE,CE,Combined TRACON& Tower with Radar,0,8,19,12,39,0,0,11,1,12,0,8,30,13,51,34,6,40,91
02/21/2009,SUX,IA,ACE,CE,Combined TRACON& Tower with Radar,0,7,11,0,18,0,0,15,0,15,0,7,26,0,33,16,0,16,49
02/22/2009,SUX,IA,ACE,CE,Combined TRACON& Tower with Radar,0,9,13,0,22,0,3,34,0,37,0,12,47,0,59,46,0,46,105
02/23/2009,SUX,IA,ACE,CE,Combined TRACON& Tower with Radar,0,10,28,11,49,0,0,9,2,11,0,10,37,13,60,0,6,6,66
02/24/2009,SUX,IA,ACE,CE,Combined TRACON& Tower with Radar,0,10,20,11,41,0,0,14,1,15,0,10,34,12,56,53,6,59,115
02/25/2009,SUX,IA,ACE,CE,Combined TRACON& Tower with Radar,0,10,45,28,83,0,1,26,1,28,0,11,71,29,111,40,8,48,159
02/26/2009,SUX,IA,ACE,CE,Combined TRACON& Tower with Radar,0,10,11,2,23,0,0,0,0,0,0,10,11,2,23,0,0,0,23
02/27/2009,SUX,IA,ACE,CE,Combined TRACON& Tower with Radar,0,9,19,0,28,0,0,1,0,1,0,9,20,0,29,0,0,0,29
02/28/2009,SUX,IA,ACE,CE,Combined TRACON& Tower with Radar,0,8,11,1,20,0,0,12,0,12,0,8,23,1,32,14,0,14,46
03/01/2009,SUX,IA,ACE,CE,Combined TRACON& Tower with Radar,0,15,12,0,27,0,0,15,0,15,0,15,27,0,42,0,0,0,42
03/02/2009,SUX,IA,ACE,CE,Combined TRACON& Tower with Radar,0,9,14,0,23,0,3,3,0,6,0,12,17,0,29,6,0,6,35
03/03/2009,SUX,IA,ACE,CE,Combined TRACON& Tower with Radar,1,18,19,17,55,0,0,9,1,10,1,18,28,18,65,0,6,6,71
03/04/2009,SUX,IA,ACE,CE,Combined TRACON& Tower with Radar,1,9,33,15,58,0,0,37,0,37,1,9,70,15,95,28,0,28,123
03/05/2009,SUX,IA,ACE,CE,Combined TRACON& Tower with Radar,2,11,33,1,47,0,0,21,3,24,2,11,54,4,71,30,28,58,129
03/06/2009,SUX,IA,ACE,CE,Combined TRACON& Tower with Radar,0,10,20,0,30,0,0,19,0,19,0,10,39,0,49,16,0,16,65
03/07/2009,SUX,IA,ACE,CE,Combined TRACON& Tower with Radar,2,7,7,1,17,0,2,0,0,2,2,9,7,1,19,0,0,0,19
03/08/2009,SUX,IA,ACE,CE,Combined TRACON& Tower with Radar,0,8,5,1,14,0,1,1,0,2,0,9,6,1,16,0,0,0,16
03/09/2009,SUX,IA,ACE,CE,Combined TRACON& Tower with Radar,0,8,18,0,26,0,0,0,0,0,0,8,18,0,26,0,0,0,26
03/10/2009,SUX,IA,ACE,CE,Combined TRACON& Tower with Radar,0,10,19,0,29,0,0,0,0,0,0,10,19,0,29,0,0,0,29
03/11/2009,SUX,IA,ACE,CE,Combined TRACON& Tower with Radar,0,10,30,2,42,0,0,10,0,10,0,10,40,2,52,0,0,0,52
03/12/2009,SUX,IA,ACE,CE,Combined TRACON& Tower with Radar,0,13,26,5,44,0,1,17,0,18,0,14,43,5,62,0,0,0,62
03/13/2009,SUX,IA,ACE,CE,Combined TRACON& Tower with Radar,0,12,14,1,27,0,0,17,0,17,0,12,31,1,44,38,0,38,82
03/14/2009,SUX,IA,ACE,CE,Combined TRACON& Tower with Radar,0,6,22,1,29,0,0,22,0,22,0,6,44,1,51,28,0,28,79
03/15/2009,SUX,IA,ACE,CE,Combined TRACON& Tower with Radar,0,10,30,0,40,0,0,13,0,13,0,10,43,0,53,22,0,22,75
03/16/2009,SUX,IA,ACE,CE,Combined TRACON& Tower with Radar,0,11,23,0,34,0,0,18,0,18,0,11,41,0,52,52,0,52,104
03/17/2009,SUX,IA,ACE,CE,Combined TRACON& Tower with Radar,0,10,28,9,47,0,0,28,0,28,0,10,56,9,75,8,2,10,85
03/18/2009,SUX,IA,ACE,CE,Combined TRACON& Tower with Radar,0,11,20,6,37,0,0,6,2,8,0,11,26,8,45,40,4,44,89
03/19/2009,SUX,IA,ACE,CE,Combined TRACON& Tower with Radar,0,9,20,4,33,0,4,19,0,23,0,13,39,4,56,0,6,6,62
03/20/2009,SUX,IA,ACE,CE,Combined TRACON& Tower with Radar,0,8,15,9,32,0,0,15,0,15,0,8,30,9,47,2,0,2,49
03/21/2009,SUX,IA,ACE,CE,Combined TRACON& Tower with Radar,0,5,31,1,37,0,0,47,0,47,0,5,78,1,84,32,0,32,116
03/22/2009,SUX,IA,ACE,CE,Combined TRACON& Tower with Radar,0,9,8,0,17,0,2,0,0,2,0,11,8,0,19,0,0,0,19
03/23/2009,SUX,IA,ACE,CE,Combined TRACON& Tower with Radar,0,7,10,7,24,0,0,7,0,7,0,7,17,7,31,0,0,0,31
03/24/2009,SUX,IA,ACE,CE,Combined TRACON& Tower with Radar,0,9,16,7,32,0,1,2,2,5,0,10,18,9,37,0,2,2,39
03/25/2009,SUX,IA,ACE,CE,Combined TRACON& Tower with Radar,0,9,27,29,65,0,0,9,6,15,0,9,36,35,80,0,2,2,82
03/26/2009,SUX,IA,ACE,CE,Combined TRACON& Tower with Radar,0,10,28,19,57,0,0,2,0,2,0,10,30,19,59,0,0,0,59
03/27/2009,SUX,IA,ACE,CE,Combined TRACON& Tower with Radar,0,9,23,1,33,0,1,12,0,13,0,10,35,1,46,2,0,2,48
03/28/2009,SUX,IA,ACE,CE,Combined TRACON& Tower with Radar,0,5,24,0,29,0,0,17,2,19,0,5,41,2,48,12,0,12,60
03/29/2009,SUX,IA,ACE,CE,Combined TRACON& Tower with Radar,0,11,30,0,41,0,0,33,0,33,0,11,63,0,74,4,0,4,78
03/30/2009,SUX,IA,ACE,CE,Combined TRACON& Tower with Radar,0,9,24,0,33,0,0,8,0,8,0,9,32,0,41,4,0,4,45
03/31/2009,SUX,IA,ACE,CE,Combined TRACON& Tower with Radar,0,6,12,33,51,0,0,2,0,2,0,6,14,33,53,0,6,6,59
04/01/2009,SUX,IA,ACE,CE,Combined TRACON& Tower with Radar,0,13,11,12,36,0,0,15,4,19,0,13,26,16,55,0,8,8,63
04/02/2009,SUX,IA,ACE,CE,Combined TRACON& Tower with Radar,0,13,14,11,38,0,0,12,2,14,0,13,26,13,52,0,6,6,58
04/03/2009,SUX,IA,ACE,CE,Combined TRACON& Tower with Radar,0,11,20,13,44,0,0,16,3,19,0,11,36,16,63,8,4,12,75
04/04/2009,SUX,IA,ACE,CE,Combined TRACON& Tower with Radar,0,6,7,0,13,0,1,1,0,2,0,7,8,0,15,0,0,0,15
04/05/2009,SUX,IA,ACE,CE,Combined TRACON& Tower with Radar,0,11,4,2,17,0,0,1,0,1,0,11,5,2,18,0,0,0,18
04/06/2009,SUX,IA,ACE,CE,Combined TRACON& Tower with Radar,0,9,13,0,22,0,0,8,0,8,0,9,21,0,30,6,0,6,36
04/07/2009,SUX,IA,ACE,CE,Combined TRACON& Tower with Radar,0,11,32,13,56,0,0,10,0,10,0,11,42,13,66,2,11,13,79
04/08/2009,SUX,IA,ACE,CE,Combined TRACON& Tower with Radar,0,9,20,17,46,0,0,26,3,29,0,9,46,20,75,6,18,24,99
04/09/2009,SUX,IA,ACE,CE,Combined TRACON& Tower with Radar,0,8,15,23,46,0,0,12,9,21,0,8,27,32,67,4,4,8,75
04/10/2009,SUX,IA,ACE,CE,Combined TRACON& Tower with Radar,0,11,15,10,36,0,0,20,0,20,0,11,35,10,56,14,8,22,78
04/11/2009,SUX,IA,ACE,CE,Combined TRACON& Tower with Radar,0,7,15,1,23,0,0,34,0,34,0,7,49,1,57,16,0,16,73
04/12/2009,SUX,IA,ACE,CE,Combined TRACON& Tower with Radar,0,9,12,2,23,0,0,7,0,7,0,9,19,2,30,0,0,0,30
04/13/2009,SUX,IA,ACE,CE,Combined TRACON& Tower with Radar,0,9,24,0,33,0,0,22,1,23,0,9,46,1,56,38,0,38,94
04/14/2009,SUX,IA,ACE,CE,Combined TRACON& Tower with Radar,0,9,23,2,34,0,0,29,0,29,0,9,52,2,63,18,0,18,81
04/15/2009,SUX,IA,ACE,CE,Combined TRACON& Tower with Radar,0,9,20,15,44,0,0,14,0,14,0,9,34,15,58,10,8,18,76
04/16/2009,SUX,IA,ACE,CE,Combined TRACON& Tower with Radar,0,9,21,16,46,0,0,20,5,25,0,9,41,21,71,8,12,20,91
04/17/2009,SUX,IA,ACE,CE,Combined TRACON& Tower with Radar,0,9,26,24,59,0,0,23,0,23,0,9,49,24,82,18,2,20,102
04/18/2009,SUX,IA,ACE,CE,Combined TRACON& Tower with Radar,0,8,10,0,18,0,0,2,0,2,0,8,12,0,20,10,0,10,30
04/19/2009,SUX,IA,ACE,CE,Combined TRACON& Tower with Radar,2,10,3,0,15,0,0,2,0,2,2,10,5,0,17,12,0,12,29
04/20/2009,SUX,IA,ACE,CE,Combined TRACON& Tower with Radar,0,10,26,2,38,0,0,9,0,9,0,10,35,2,47,0,0,0,47
04/21/2009,SUX,IA,ACE,CE,Combined TRACON& Tower with Radar,0,9,19,30,58,0,1,16,4,21,0,10,35,34,79,8,0,8,87
04/22/2009,SUX,IA,ACE,CE,Combined TRACON& Tower with Radar,2,13,20,0,35,0,0,23,0,23,2,13,43,0,58,0,0,0,58
04/23/2009,SUX,IA,ACE,CE,Combined TRACON& Tower with Radar,0,9,25,1,35,0,0,12,0,12,0,9,37,1,47,12,0,12,59
04/24/2009,SUX,IA,ACE,CE,Combined TRACON& Tower with Radar,0,9,16,5,30,0,0,28,0,28,0,9,44,5,58,0,18,18,76
04/25/2009,SUX,IA,ACE,CE,Combined TRACON& Tower with Radar,0,8,56,2,66,0,0,0,0,0,0,8,56,2,66,0,0,0,66
04/26/2009,SUX,IA,ACE,CE,Combined TRACON& Tower with Radar,0,10,12,2,24,0,0,3,0,3,0,10,15,2,27,0,0,0,27
04/27/2009,SUX,IA,ACE,CE,Combined TRACON& Tower with Radar,0,9,20,0,29,0,0,3,0,3,0,9,23,0,32,0,0,0,32
04/28/2009,SUX,IA,ACE,CE,Combined TRACON& Tower with Radar,0,12,41,8,61,0,0,29,1,30,0,12,70,9,91,20,2,22,113
04/29/2009,SUX,IA,ACE,CE,Combined TRACON& Tower with Radar,0,16,23,5,44,0,0,0,0,0,0,16,23,5,44,0,0,0,44
04/30/2009,SUX,IA,ACE,CE,Combined TRACON& Tower with Radar,0,10,21,0,31,0,0,14,0,14,0,10,35,0,45,0,0,0,45
05/01/2009,SUX,IA,ACE,CE,Combined TRACON& Tower with Radar,0,10,23,3,36,0,0,26,0,26,0,10,49,3,62,65,0,65,127
05/02/2009,SUX,IA,ACE,CE,Combined TRACON& Tower with Radar,0,7,13,13,33,0,0,21,5,26,0,7,34,18,59,0,10,10,69
05/03/2009,SUX,IA,ACE,CE,Combined TRACON& Tower with Radar,0,9,10,11,30,0,0,20,15,35,0,9,30,26,65,16,0,16,81
05/04/2009,SUX,IA,ACE,CE,Combined TRACON& Tower with Radar,0,9,25,0,34,0,0,15,0,15,0,9,40,0,49,8,0,8,57
05/05/2009,SUX,IA,ACE,CE,Combined TRACON& Tower with Radar,0,7,35,11,53,0,0,13,0,13,0,7,48,11,66,4,6,10,76
05/06/2009,SUX,IA,ACE,CE,Combined TRACON& Tower with Radar,0,11,25,5,41,0,0,16,0,16,0,11,41,5,57,0,0,0,57
05/07/2009,SUX,IA,ACE,CE,Combined TRACON& Tower with Radar,0,10,25,3,38,0,0,10,0,10,0,10,35,3,48,0,0,0,48
05/08/2009,SUX,IA,ACE,CE,Combined TRACON& Tower with Radar,0,11,12,23,46,0,0,7,3,10,0,11,19,26,56,0,2,2,58
05/09/2009,SUX,IA,ACE,CE,Combined TRACON& Tower with Radar,0,10,14,1,25,0,1,31,1,33,0,11,45,2,58,4,0,4,62
05/10/2009,SUX,IA,ACE,CE,Combined TRACON& Tower with Radar,0,10,11,2,23,0,0,32,0,32,0,10,43,2,55,32,0,32,87
05/11/2009,SUX,IA,ACE,CE,Combined TRACON& Tower with Radar,0,11,33,2,46,0,0,23,0,23,0,11,56,2,69,0,0,0,69
05/12/2009,SUX,IA,ACE,CE,Combined TRACON& Tower with Radar,0,12,23,15,50,0,0,0,0,0,0,12,23,15,50,0,6,6,56
05/13/2009,SUX,IA,ACE,CE,Combined TRACON& Tower with Radar,0,16,11,6,33,0,0,20,1,21,0,16,31,7,54,0,4,4,58
05/14/2009,SUX,IA,ACE,CE,Combined TRACON& Tower with Radar,1,11,29,15,56,0,0,34,3,37,1,11,63,18,93,14,20,34,127
05/15/2009,SUX,IA,ACE,CE,Combined TRACON& Tower with Radar,0,13,21,28,62,0,1,3,0,4,0,14,24,28,66,0,0,0,66
05/16/2009,SUX,IA,ACE,CE,Combined TRACON& Tower with Radar,0,8,12,0,20,0,2,35,1,38,0,10,47,1,58,38,0,38,96
05/17/2009,SUX,IA,ACE,CE,Combined TRACON& Tower with Radar,0,12,20,0,32,0,0,16,0,16,0,12,36,0,48,8,0,8,56
05/18/2009,SUX,IA,ACE,CE,Combined TRACON& Tower with Radar,0,11,15,2,28,0,0,25,1,26,0,11,40,3,54,16,0,16,70
05/19/2009,SUX,IA,ACE,CE,Combined TRACON& Tower with Radar,0,7,30,5,42,0,0,15,3,18,0,7,45,8,60,0,8,8,68
05/20/2009,SUX,IA,ACE,CE,Combined TRACON& Tower with Radar,0,9,21,0,30,0,1,4,2,7,0,10,25,2,37,0,0,0,37
05/21/2009,SUX,IA,ACE,CE,Combined TRACON& Tower with Radar,0,10,35,9,54,0,0,22,4,26,0,10,57,13,80,0,2,2,82
05/22/2009,SUX,IA,ACE,CE,Combined TRACON& Tower with Radar,0,7,14,23,44,0,0,21,1,22,0,7,35,24,66,6,6,12,78
05/23/2009,SUX,IA,ACE,CE,Combined TRACON& Tower with Radar,0,8,9,2,19,0,1,13,0,14,0,9,22,2,33,12,0,12,45
05/24/2009,SUX,IA,ACE,CE,Combined TRACON& Tower with Radar,0,13,10,0,23,0,1,25,0,26,0,14,35,0,49,24,0,24,73
05/25/2009,SUX,IA,ACE,CE,Combined TRACON& Tower with Radar,0,9,16,0,25,0,1,29,0,30,0,10,45,0,55,0,0,0,55
05/26/2009,SUX,IA,ACE,CE,Combined TRACON& Tower with Radar,0,7,17,2,26,0,2,4,0,6,0,9,21,2,32,0,0,0,32
05/27/2009,SUX,IA,ACE,CE,Combined TRACON& Tower with Radar,0,12,17,23,52,0,2,7,0,9,0,14,24,23,61,0,0,0,61
05/28/2009,SUX,IA,ACE,CE,Combined TRACON& Tower with Radar,0,11,31,15,57,0,0,32,0,32,0,11,63,15,89,6,4,10,99
05/29/2009,SUX,IA,ACE,CE,Combined TRACON& Tower with Radar,0,9,12,18,39,0,0,26,1,27,0,9,38,19,66,26,8,34,100
05/30/2009,SUX,IA,ACE,CE,Combined TRACON& Tower with Radar,0,9,17,1,27,0,0,29,0,29,0,9,46,1,56,12,0,12,68
05/31/2009,SUX,IA,ACE,CE,Combined TRACON& Tower with Radar,1,11,26,3,41,0,0,22,0,22,1,11,48,3,63,16,0,16,79
06/01/2009,SUX,IA,ACE,CE,Combined TRACON& Tower with Radar,3,11,21,0,35,0,1,8,1,10,3,12,29,1,45,0,0,0,45
06/02/2009,SUX,IA,ACE,CE,Combined TRACON& Tower with Radar,1,7,21,10,39,0,0,11,4,15,1,7,32,14,54,0,2,2,56
06/03/2009,SUX,IA,ACE,CE,Combined TRACON& Tower with Radar,0,12,21,17,50,0,1,15,7,23,0,13,36,24,73,18,5,23,96
06/04/2009,SUX,IA,ACE,CE,Combined TRACON& Tower with Radar,0,9,29,17,55,0,0,30,1,31,0,9,59,18,86,18,4,22,108
06/05/2009,SUX,IA,ACE,CE,Combined TRACON& Tower with Radar,0,9,14,9,32,0,0,18,4,22,0,9,32,13,54,4,12,16,70
06/06/2009,SUX,IA,ACE,CE,Combined TRACON& Tower with Radar,0,7,12,11,30,0,0,2,0,2,0,7,14,11,32,0,0,0,32
06/07/2009,SUX,IA,ACE,CE,Combined TRACON& Tower with Radar,0,9,13,1,23,0,1,0,0,1,0,10,13,1,24,0,0,0,24
06/08/2009,SUX,IA,ACE,CE,Combined TRACON& Tower with Radar,0,9,28,0,37,0,0,7,0,7,0,9,35,0,44,4,0,4,48
06/09/2009,SUX,IA,ACE,CE,Combined TRACON& Tower with Radar,0,8,24,15,47,0,0,8,7,15,0,8,32,22,62,6,6,12,74
06/10/2009,SUX,IA,ACE,CE,Combined TRACON& Tower with Radar,0,9,21,5,35,0,0,12,2,14,0,9,33,7,49,12,2,14,63
06/11/2009,SUX,IA,ACE,CE,Combined TRACON& Tower with Radar,0,13,17,23,53,0,0,8,5,13,0,13,25,28,66,8,14,22,88
06/12/2009,SUX,IA,ACE,CE,Combined TRACON& Tower with Radar,0,9,14,2,25,0,0,5,2,7,0,9,19,4,32,0,0,0,32
06/13/2009,SUX,IA,ACE,CE,Combined TRACON& Tower with Radar,0,7,21,1,29,0,0,11,0,11,0,7,32,1,40,14,0,14,54
06/14/2009,SUX,IA,ACE,CE,Combined TRACON& Tower with Radar,0,9,32,0,41,0,0,16,0,16,0,9,48,0,57,14,0,14,71
06/15/2009,SUX,IA,ACE,CE,Combined TRACON& Tower with Radar,2,9,24,2,37,0,0,8,0,8,2,9,32,2,45,0,0,0,45
06/16/2009,SUX,IA,ACE,CE,Combined TRACON& Tower with Radar,0,10,33,16,59,0,0,7,0,7,0,10,40,16,66,0,14,14,80
06/17/2009,SUX,IA,ACE,CE,Combined TRACON& Tower with Radar,0,11,46,11,68,0,0,26,4,30,0,11,72,15,98,0,8,8,106
06/18/2009,SUX,IA,ACE,CE,Combined TRACON& Tower with Radar,2,10,26,13,51,0,0,13,6,19,2,10,39,19,70,4,6,10,80
06/19/2009,SUX,IA,ACE,CE,Combined TRACON& Tower with Radar,0,9,16,6,31,0,1,13,2,16,0,10,29,8,47,0,2,2,49
06/20/2009,SUX,IA,ACE,CE,Combined TRACON& Tower with Radar,0,9,11,0,20,0,0,14,0,14,0,9,25,0,34,0,0,0,34
06/21/2009,SUX,IA,ACE,CE,Combined TRACON& Tower with Radar,0,11,26,0,37,0,0,13,0,13,0,11,39,0,50,6,0,6,56
06/22/2009,SUX,IA,ACE,CE,Combined TRACON& Tower with Radar,0,11,21,2,34,0,0,20,1,21,0,11,41,3,55,0,2,2,57
06/23/2009,SUX,IA,ACE,CE,Combined TRACON& Tower with Radar,0,15,30,3,48,0,0,17,2,19,0,15,47,5,67,0,2,2,69
06/24/2009,SUX,IA,ACE,CE,Combined TRACON& Tower with Radar,0,11,21,5,37,0,0,14,3,17,0,11,35,8,54,0,8,8,62
06/25/2009,SUX,IA,ACE,CE,Combined TRACON& Tower with Radar,0,14,21,7,42,0,1,13,3,17,0,15,34,10,59,1,0,1,60
06/26/2009,SUX,IA,ACE,CE,Combined TRACON& Tower with Radar,0,8,12,1,21,0,0,14,0,14,0,8,26,1,35,0,0,0,35
06/27/2009,SUX,IA,ACE,CE,Combined TRACON& Tower with Radar,0,10,19,3,32,0,0,15,0,15,0,10,34,3,47,32,0,32,79
06/28/2009,SUX,IA,ACE,CE,Combined TRACON& Tower with Radar,0,12,13,0,25,0,2,25,0,27,0,14,38,0,52,18,0,18,70
06/29/2009,SUX,IA,ACE,CE,Combined TRACON& Tower with Radar,0,11,28,35,74,0,0,18,3,21,0,11,46,38,95,0,0,0,95
06/30/2009,SUX,IA,ACE,CE,Combined TRACON& Tower with Radar,0,9,17,18,44,0,0,23,6,29,0,9,40,24,73,6,22,28,101
07/01/2009,SUX,IA,ACE,CE,Combined TRACON& Tower with Radar,0,17,17,22,56,0,0,19,1,20,0,17,36,23,76,2,4,6,82
07/02/2009,SUX,IA,ACE,CE,Combined TRACON& Tower with Radar,0,10,19,8,37,0,1,21,0,22,0,11,40,8,59,20,12,32,91
07/03/2009,SUX,IA,ACE,CE,Combined TRACON& Tower with Radar,0,9,25,0,34,0,0,16,0,16,0,9,41,0,50,8,0,8,58
07/04/2009,SUX,IA,ACE,CE,Combined TRACON& Tower with Radar,0,6,17,6,29,0,0,2,0,2,0,6,19,6,31,0,0,0,31
07/05/2009,SUX,IA,ACE,CE,Combined TRACON& Tower with Radar,0,12,7,0,19,0,0,24,0,24,0,12,31,0,43,12,0,12,55
07/06/2009,SUX,IA,ACE,CE,Combined TRACON& Tower with Radar,0,9,26,0,35,0,0,20,0,20,0,9,46,0,55,17,0,17,72
07/07/2009,SUX,IA,ACE,CE,Combined TRACON& Tower with Radar,0,9,27,4,40,0,0,23,1,24,0,9,50,5,64,12,2,14,78
07/08/2009,SUX,IA,ACE,CE,Combined TRACON& Tower with Radar,0,9,27,13,49,0,0,11,0,11,0,9,38,13,60,0,2,2,62
07/09/2009,SUX,IA,ACE,CE,Combined TRACON& Tower with Radar,0,9,13,9,31,0,2,4,0,6,0,11,17,9,37,0,4,4,41
07/10/2009,SUX,IA,ACE,CE,Combined TRACON& Tower with Radar,0,9,33,10,52,1,1,20,1,23,1,10,53,11,75,4,4,8,83
07/11/2009,SUX,IA,ACE,CE,Combined TRACON& Tower with Radar,0,7,10,0,17,0,0,17,1,18,0,7,27,1,35,0,0,0,35
07/12/2009,SUX,IA,ACE,CE,Combined TRACON& Tower with Radar,0,9,16,1,26,0,0,7,0,7,0,9,23,1,33,6,0,6,39
07/13/2009,SUX,IA,ACE,CE,Combined TRACON& Tower with Radar,0,11,22,1,34,0,0,8,0,8,0,11,30,1,42,0,0,0,42
07/14/2009,SUX,IA,ACE,CE,Combined TRACON& Tower with Radar,0,10,28,24,62,0,1,1,0,2,0,11,29,24,64,2,0,2,66
07/15/2009,SUX,IA,ACE,CE,Combined TRACON& Tower with Radar,0,11,20,14,45,0,0,28,2,30,0,11,48,16,75,6,0,6,81
07/16/2009,SUX,IA,ACE,CE,Combined TRACON& Tower with Radar,0,11,24,16,51,0,0,18,1,19,0,11,42,17,70,20,6,26,96
07/17/2009,SUX,IA,ACE,CE,Combined TRACON& Tower with Radar,0,10,27,24,61,0,0,27,5,32,0,10,54,29,93,5,8,13,106
07/18/2009,SUX,IA,ACE,CE,Combined TRACON& Tower with Radar,0,11,3,1,15,0,0,25,0,25,0,11,28,1,40,22,0,22,62
07/19/2009,SUX,IA,ACE,CE,Combined TRACON& Tower with Radar,0,13,15,1,29,0,0,38,0,38,0,13,53,1,67,16,0,16,83
07/20/2009,SUX,IA,ACE,CE,Combined TRACON& Tower with Radar,0,12,29,4,45,0,0,6,0,6,0,12,35,4,51,0,0,0,51
07/21/2009,SUX,IA,ACE,CE,Combined TRACON& Tower with Radar,0,11,20,23,54,0,0,17,1,18,0,11,37,24,72,0,2,2,74
07/22/2009,SUX,IA,ACE,CE,Combined TRACON& Tower with Radar,0,11,30,21,62,0,2,15,0,17,0,13,45,21,79,12,10,22,101
07/23/2009,SUX,IA,ACE,CE,Combined TRACON& Tower with Radar,0,8,37,16,61,0,0,29,1,30,0,8,66,17,91,20,8,28,119
07/24/2009,SUX,IA,ACE,CE,Combined TRACON& Tower with Radar,0,13,15,6,34,0,0,29,2,31,0,13,44,8,65,2,8,10,75
07/25/2009,SUX,IA,ACE,CE,Combined TRACON& Tower with Radar,0,7,13,2,22,0,0,26,0,26,0,7,39,2,48,10,0,10,58
07/26/2009,SUX,IA,ACE,CE,Combined TRACON& Tower with Radar,0,11,30,2,43,0,0,30,0,30,0,11,60,2,73,30,0,30,103
07/27/2009,SUX,IA,ACE,CE,Combined TRACON& Tower with Radar,0,8,36,1,45,0,0,18,0,18,0,8,54,1,63,4,0,4,67
07/28/2009,SUX,IA,ACE,CE,Combined TRACON& Tower with Radar,0,11,28,15,54,0,0,27,1,28,0,11,55,16,82,4,2,6,88
07/29/2009,SUX,IA,ACE,CE,Combined TRACON& Tower with Radar,0,7,20,13,40,0,0,19,0,19,0,7,39,13,59,25,0,25,84
07/30/2009,SUX,IA,ACE,CE,Combined TRACON& Tower with Radar,0,13,43,17,73,0,1,18,1,20,0,14,61,18,93,0,6,6,99
07/31/2009,SUX,IA,ACE,CE,Combined TRACON& Tower with Radar,0,12,20,14,46,0,0,29,1,30,0,12,49,15,76,18,0,18,94
08/01/2009,SUX,IA,ACE,CE,Combined TRACON& Tower with Radar,0,8,9,6,23,0,2,26,0,28,0,10,35,6,51,6,4,10,61
08/02/2009,SUX,IA,ACE,CE,Combined TRACON& Tower with Radar,0,6,18,2,26,0,5,26,5,36,0,11,44,7,62,2,8,10,72
08/03/2009,SUX,IA,ACE,CE,Combined TRACON& Tower with Radar,0,11,29,10,50,0,0,27,0,27,0,11,56,10,77,0,10,10,87
08/04/2009,SUX,IA,ACE,CE,Combined TRACON& Tower with Radar,0,9,19,5,33,0,0,24,1,25,0,9,43,6,58,16,0,16,74
08/05/2009,SUX,IA,ACE,CE,Combined TRACON& Tower with Radar,0,9,16,13,38,0,0,12,0,12,0,9,28,13,50,4,0,4,54
08/06/2009,SUX,IA,ACE,CE,Combined TRACON& Tower with Radar,0,11,26,16,53,0,1,23,2,26,0,12,49,18,79,8,0,8,87
08/07/2009,SUX,IA,ACE,CE,Combined TRACON& Tower with Radar,0,13,21,7,41,0,0,11,0,11,0,13,32,7,52,4,0,4,56
08/08/2009,SUX,IA,ACE,CE,Combined TRACON& Tower with Radar,0,7,18,0,25,0,0,9,0,9,0,7,27,0,34,2,0,2,36
08/09/2009,SUX,IA,ACE,CE,Combined TRACON& Tower with Radar,0,11,7,0,18,0,0,11,0,11,0,11,18,0,29,38,0,38,67
08/10/2009,SUX,IA,ACE,CE,Combined TRACON& Tower with Radar,0,11,23,6,40,0,3,12,1,16,0,14,35,7,56,0,6,6,62
08/11/2009,SUX,IA,ACE,CE,Combined TRACON& Tower with Radar,0,10,25,9,44,0,0,31,1,32,0,10,56,10,76,4,20,24,100
08/12/2009,SUX,IA,ACE,CE,Combined TRACON& Tower with Radar,0,10,21,29,60,0,0,25,11,36,0,10,46,40,96,0,0,0,96
08/13/2009,SUX,IA,ACE,CE,Combined TRACON& Tower with Radar,0,9,20,5,34,0,0,14,1,15,0,9,34,6,49,8,0,8,57
08/14/2009,SUX,IA,ACE,CE,Combined TRACON& Tower with Radar,0,9,9,4,22,0,0,24,0,24,0,9,33,4,46,12,0,12,58
08/15/2009,SUX,IA,ACE,CE,Combined TRACON& Tower with Radar,0,8,25,0,33,0,0,0,0,0,0,8,25,0,33,0,0,0,33
08/16/2009,SUX,IA,ACE,CE,Combined TRACON& Tower with Radar,0,9,29,6,44,0,0,16,0,16,0,9,45,6,60,16,0,16,76
08/17/2009,SUX,IA,ACE,CE,Combined TRACON& Tower with Radar,0,15,8,1,24,0,0,17,0,17,0,15,25,1,41,4,0,4,45
08/18/2009,SUX,IA,ACE,CE,Combined TRACON& Tower with Radar,0,13,29,28,70,0,0,24,7,31,0,13,53,35,101,18,30,48,149
08/19/2009,SUX,IA,ACE,CE,Combined TRACON& Tower with Radar,0,11,16,17,44,0,0,6,6,12,0,11,22,23,56,4,4,8,64
08/20/2009,SUX,IA,ACE,CE,Combined TRACON& Tower with Radar,0,8,28,13,49,0,8,4,0,12,0,16,32,13,61,2,18,20,81
08/21/2009,SUX,IA,ACE,CE,Combined TRACON& Tower with Radar,0,7,27,15,49,0,0,10,0,10,0,7,37,15,59,10,2,12,71
08/22/2009,SUX,IA,ACE,CE,Combined TRACON& Tower with Radar,0,8,14,4,26,0,0,28,2,30,0,8,42,6,56,8,6,14,70
08/23/2009,SUX,IA,ACE,CE,Combined TRACON& Tower with Radar,0,8,11,1,20,0,0,25,0,25,0,8,36,1,45,0,0,0,45
08/24/2009,SUX,IA,ACE,CE,Combined TRACON& Tower with Radar,0,8,32,0,40,0,0,8,0,8,0,8,40,0,48,16,0,16,64
08/25/2009,SUX,IA,ACE,CE,Combined TRACON& Tower with Radar,0,15,26,3,44,0,2,3,0,5,0,17,29,3,49,0,0,0,49
08/26/2009,SUX,IA,ACE,CE,Combined TRACON& Tower with Radar,0,9,27,28,64,0,0,5,4,9,0,9,32,32,73,0,6,6,79
08/27/2009,SUX,IA,ACE,CE,Combined TRACON& Tower with Radar,0,13,43,15,71,0,1,18,1,20,0,14,61,16,91,8,28,36,127
08/28/2009,SUX,IA,ACE,CE,Combined TRACON& Tower with Radar,0,9,30,4,43,0,0,31,2,33,0,9,61,6,76,4,2,6,82
08/29/2009,SUX,IA,ACE,CE,Combined TRACON& Tower with Radar,0,7,14,0,21,0,0,70,0,70,0,7,84,0,91,36,0,36,127
08/30/2009,SUX,IA,ACE,CE,Combined TRACON& Tower with Radar,0,9,27,0,36,0,0,26,0,26,0,9,53,0,62,20,0,20,82
08/31/2009,SUX,IA,ACE,CE,Combined TRACON& Tower with Radar,0,8,25,0,33,0,0,16,0,16,0,8,41,0,49,0,0,0,49
09/01/2009,SUX,IA,ACE,CE,Combined TRACON& Tower with Radar,0,11,38,25,74,0,0,20,0,20,0,11,58,25,94,0,16,16,110
09/02/2009,SUX,IA,ACE,CE,Combined TRACON& Tower with Radar,0,7,22,23,52,0,0,14,3,17,0,7,36,26,69,11,14,25,94
09/03/2009,SUX,IA,ACE,CE,Combined TRACON& Tower with Radar,0,9,25,9,43,0,0,4,0,4,0,9,29,9,47,0,0,0,47
09/04/2009,SUX,IA,ACE,CE,Combined TRACON& Tower with Radar,0,11,53,4,68,0,0,27,0,27,0,11,80,4,95,0,10,10,105
09/05/2009,SUX,IA,ACE,CE,Combined TRACON& Tower with Radar,0,8,29,0,37,0,0,19,0,19,0,8,48,0,56,6,0,6,62
09/06/2009,SUX,IA,ACE,CE,Combined TRACON& Tower with Radar,0,7,21,0,28,0,0,25,0,25,0,7,46,0,53,0,0,0,53
09/07/2009,SUX,IA,ACE,CE,Combined TRACON& Tower with Radar,0,13,31,0,44,0,0,14,0,14,0,13,45,0,58,18,0,18,76
09/08/2009,SUX,IA,ACE,CE,Combined TRACON& Tower with Radar,0,13,34,9,56,0,0,14,4,18,0,13,48,13,74,22,4,26,100
09/09/2009,SUX,IA,ACE,CE,Combined TRACON& Tower with Radar,2,7,37,8,54,0,0,10,0,10,2,7,47,8,64,0,12,12,76
09/10/2009,SUX,IA,ACE,CE,Combined TRACON& Tower with Radar,0,7,26,10,43,0,0,15,2,17,0,7,41,12,60,2,3,5,65
09/11/2009,SUX,IA,ACE,CE,Combined TRACON& Tower with Radar,0,7,25,19,51,0,1,5,3,9,0,8,30,22,60,0,12,12,72
09/12/2009,SUX,IA,ACE,CE,Combined TRACON& Tower with Radar,2,6,20,4,32,0,0,13,0,13,2,6,33,4,45,0,4,4,49
09/13/2009,SUX,IA,ACE,CE,Combined TRACON& Tower with Radar,0,9,10,2,21,0,0,27,1,28,0,9,37,3,49,12,0,12,61
09/14/2009,SUX,IA,ACE,CE,Combined TRACON& Tower with Radar,0,9,30,1,40,0,0,11,0,11,0,9,41,1,51,8,0,8,59
09/15/2009,SUX,IA,ACE,CE,Combined TRACON& Tower with Radar,0,9,23,17,49,0,0,8,0,8,0,9,31,17,57,0,8,8,65
09/16/2009,SUX,IA,ACE,CE,Combined TRACON& Tower with Radar,0,9,33,12,54,0,0,17,0,17,0,9,50,12,71,2,6,8,79
09/17/2009,SUX,IA,ACE,CE,Combined TRACON& Tower with Radar,0,9,39,21,69,0,0,15,4,19,0,9,54,25,88,16,8,24,112
09/18/2009,SUX,IA,ACE,CE,Combined TRACON& Tower with Radar,0,9,35,14,58,0,0,33,2,35,0,9,68,16,93,4,12,16,109
09/19/2009,SUX,IA,ACE,CE,Combined TRACON& Tower with Radar,0,7,22,0,29,0,0,25,0,25,0,7,47,0,54,0,0,0,54
09/20/2009,SUX,IA,ACE,CE,Combined TRACON& Tower with Radar,0,8,18,13,39,0,2,36,0,38,0,10,54,13,77,0,2,2,79
09/21/2009,SUX,IA,ACE,CE,Combined TRACON& Tower with Radar,0,7,40,0,47,0,0,1,0,1,0,7,41,0,48,0,0,0,48
09/22/2009,SUX,IA,ACE,CE,Combined TRACON& Tower with Radar,0,9,29,14,52,0,0,7,0,7,0,9,36,14,59,0,4,4,63
09/23/2009,SUX,IA,ACE,CE,Combined TRACON& Tower with Radar,0,9,14,11,34,0,0,6,5,11,0,9,20,16,45,0,12,12,57
09/24/2009,SUX,IA,ACE,CE,Combined TRACON& Tower with Radar,0,9,49,14,72,0,0,22,4,26,0,9,71,18,98,8,14,22,120
09/25/2009,SUX,IA,ACE,CE,Combined TRACON& Tower with Radar,0,6,24,1,31,0,0,20,0,20,0,6,44,1,51,8,0,8,59
09/26/2009,SUX,IA,ACE,CE,Combined TRACON& Tower with Radar,0,9,18,1,28,0,2,24,1,27,0,11,42,2,55,24,0,24,79
09/27/2009,SUX,IA,ACE,CE,Combined TRACON& Tower with Radar,0,8,20,2,30,0,0,14,0,14,0,8,34,2,44,4,0,4,48
09/28/2009,SUX,IA,ACE,CE,Combined TRACON& Tower with Radar,0,11,19,0,30,0,2,7,0,9,0,13,26,0,39,0,0,0,39
09/29/2009,SUX,IA,ACE,CE,Combined TRACON& Tower with Radar,0,9,38,0,47,0,0,25,0,25,0,9,63,0,72,0,0,0,72
09/30/2009,SUX,IA,ACE,CE,Combined TRACON& Tower with Radar,0,7,31,1,39,0,0,7,0,7,0,7,38,1,46,0,0,0,46
10/01/2009,SUX,IA,ACE,CE,Combined TRACON& Tower with Radar,0,2,16,14,32,0,0,3,0,3,0,2,19,14,35,0,0,0,35
10/02/2009,SUX,IA,ACE,CE,Combined TRACON& Tower with Radar,0,12,13,2,27,0,0,0,0,0,0,12,13,2,27,0,0,0,27
10/03/2009,SUX,IA,ACE,CE,Combined TRACON& Tower with Radar,0,6,22,0,28,0,0,6,0,6,0,6,28,0,34,10,8,18,52
10/04/2009,SUX,IA,ACE,CE,Combined TRACON& Tower with Radar,0,8,10,5,23,0,0,25,0,25,0,8,35,5,48,40,0,40,88
10/05/2009,SUX,IA,ACE,CE,Combined TRACON& Tower with Radar,0,7,42,1,50,0,0,5,0,5,0,7,47,1,55,0,0,0,55
10/06/2009,SUX,IA,ACE,CE,Combined TRACON& Tower with Radar,0,5,23,33,61,0,0,4,3,7,0,5,27,36,68,0,6,6,74
10/07/2009,SUX,IA,ACE,CE,Combined TRACON& Tower with Radar,2,9,23,34,68,0,0,40,7,47,2,9,63,41,115,10,6,16,131
10/08/2009,SUX,IA,ACE,CE,Combined TRACON& Tower with Radar,0,9,26,4,39,0,1,3,0,4,0,10,29,4,43,0,1,1,44
10/09/2009,SUX,IA,ACE,CE,Combined TRACON& Tower with Radar,2,13,21,16,52,0,1,12,0,13,2,14,33,16,65,10,8,18,83
10/10/2009,SUX,IA,ACE,CE,Combined TRACON& Tower with Radar,4,6,5,2,17,0,0,6,0,6,4,6,11,2,23,4,0,4,27
10/11/2009,SUX,IA,ACE,CE,Combined TRACON& Tower with Radar,0,7,9,0,16,0,0,5,0,5,0,7,14,0,21,0,0,0,21
10/12/2009,SUX,IA,ACE,CE,Combined TRACON& Tower with Radar,0,6,16,0,22,0,0,5,0,5,0,6,21,0,27,0,0,0,27
10/13/2009,SUX,IA,ACE,CE,Combined TRACON& Tower with Radar,1,8,19,15,43,0,0,7,0,7,1,8,26,15,50,0,0,0,50
10/14/2009,SUX,IA,ACE,CE,Combined TRACON& Tower with Radar,0,7,21,11,39,0,0,7,3,10,0,7,28,14,49,0,12,12,61
10/15/2009,SUX,IA,ACE,CE,Combined TRACON& Tower with Radar,0,4,24,17,45,0,0,4,2,6,0,4,28,19,51,0,14,14,65
10/16/2009,SUX,IA,ACE,CE,Combined TRACON& Tower with Radar,0,7,16,0,23,0,0,13,0,13,0,7,29,0,36,18,0,18,54
10/17/2009,SUX,IA,ACE,CE,Combined TRACON& Tower with Radar,0,5,14,0,19,0,0,29,1,30,0,5,43,1,49,22,0,22,71
10/18/2009,SUX,IA,ACE,CE,Combined TRACON& Tower with Radar,0,9,6,0,15,0,0,8,0,8,0,9,14,0,23,0,0,0,23
10/19/2009,SUX,IA,ACE,CE,Combined TRACON& Tower with Radar,0,11,23,1,35,0,0,9,0,9,0,11,32,1,44,0,0,0,44
10/20/2009,SUX,IA,ACE,CE,Combined TRACON& Tower with Radar,0,7,22,14,43,0,0,3,0,3,0,7,25,14,46,0,0,0,46
10/21/2009,SUX,IA,ACE,CE,Combined TRACON& Tower with Radar,0,7,23,0,30,0,0,0,1,1,0,7,23,1,31,0,0,0,31
10/22/2009,SUX,IA,ACE,CE,Combined TRACON& Tower with Radar,0,8,22,1,31,0,0,0,0,0,0,8,22,1,31,0,0,0,31
10/23/2009,SUX,IA,ACE,CE,Combined TRACON& Tower with Radar,0,6,17,8,31,0,0,5,0,5,0,6,22,8,36,4,0,4,40
10/24/2009,SUX,IA,ACE,CE,Combined TRACON& Tower with Radar,0,6,20,1,27,0,0,14,0,14,0,6,34,1,41,18,0,18,59
10/25/2009,SUX,IA,ACE,CE,Combined TRACON& Tower with Radar,0,6,18,1,25,0,0,5,0,5,0,6,23,1,30,8,0,8,38
10/26/2009,SUX,IA,ACE,CE,Combined TRACON& Tower with Radar,0,8,30,0,38,0,1,16,0,17,0,9,46,0,55,10,0,10,65
10/27/2009,SUX,IA,ACE,CE,Combined TRACON& Tower with Radar,0,9,18,10,37,0,0,4,0,4,0,9,22,10,41,0,10,10,51
10/28/2009,SUX,IA,ACE,CE,Combined TRACON& Tower with Radar,0,5,20,15,40,0,0,3,0,3,0,5,23,15,43,0,6,6,49
10/29/2009,SUX,IA,ACE,CE,Combined TRACON& Tower with Radar,0,7,21,15,43,0,1,0,0,1,0,8,21,15,44,0,0,0,44
10/30/2009,SUX,IA,ACE,CE,Combined TRACON& Tower with Radar,0,5,10,1,16,0,0,1,0,1,0,5,11,1,17,0,0,0,17
10/31/2009,SUX,IA,ACE,CE,Combined TRACON& Tower with Radar,0,4,12,0,16,0,0,26,0,26,0,4,38,0,42,12,0,12,54
11/01/2009,SUX,IA,ACE,CE,Combined TRACON& Tower with Radar,0,9,20,0,29,0,0,21,0,21,0,9,41,0,50,10,0,10,60
11/02/2009,SUX,IA,ACE,CE,Combined TRACON& Tower with Radar,0,10,20,7,37,0,0,10,0,10,0,10,30,7,47,2,0,2,49
11/03/2009,SUX,IA,ACE,CE,Combined TRACON& Tower with Radar,0,8,20,7,35,0,0,8,1,9,0,8,28,8,44,0,0,0,44
11/04/2009,SUX,IA,ACE,CE,Combined TRACON& Tower with Radar,0,9,31,2,42,0,0,22,0,22,0,9,53,2,64,24,0,24,88
11/05/2009,SUX,IA,ACE,CE,Combined TRACON& Tower with Radar,0,9,26,37,72,0,0,15,6,21,0,9,41,43,93,10,6,16,109
11/06/2009,SUX,IA,ACE,CE,Combined TRACON& Tower with Radar,2,9,13,15,39,0,0,18,6,24,2,9,31,21,63,2,10,12,75
11/07/2009,SUX,IA,ACE,CE,Combined TRACON& Tower with Radar,1,9,17,8,35,0,0,33,0,33,1,9,50,8,68,2,4,6,74
11/08/2009,SUX,IA,ACE,CE,Combined TRACON& Tower with Radar,0,10,16,1,27,0,0,17,0,17,0,10,33,1,44,0,0,0,44
11/09/2009,SUX,IA,ACE,CE,Combined TRACON& Tower with Radar,0,13,23,2,38,0,0,28,0,28,0,13,51,2,66,22,0,22,88
11/10/2009,SUX,IA,ACE,CE,Combined TRACON& Tower with Radar,0,6,17,17,40,0,0,26,0,26,0,6,43,17,66,24,18,42,108
11/11/2009,SUX,IA,ACE,CE,Combined TRACON& Tower with Radar,0,10,28,0,38,0,0,10,0,10,0,10,38,0,48,18,0,18,66
11/12/2009,SUX,IA,ACE,CE,Combined TRACON& Tower with Radar,0,5,15,13,33,0,1,1,4,6,0,6,16,17,39,2,0,2,41
11/13/2009,SUX,IA,ACE,CE,Combined TRACON& Tower with Radar,0,9,29,3,41,0,0,0,0,0,0,9,29,3,41,0,0,0,41
11/14/2009,SUX,IA,ACE,CE,Combined TRACON& Tower with Radar,0,6,13,2,21,0,0,16,0,16,0,6,29,2,37,22,0,22,59
11/15/2009,SUX,IA,ACE,CE,Combined TRACON& Tower with Radar,0,8,13,0,21,0,1,24,0,25,0,9,37,0,46,12,0,12,58
11/16/2009,SUX,IA,ACE,CE,Combined TRACON& Tower with Radar,0,8,20,4,32,0,0,13,0,13,0,8,33,4,45,0,2,2,47
11/17/2009,SUX,IA,ACE,CE,Combined TRACON& Tower with Radar,0,10,15,18,43,0,0,9,0,9,0,10,24,18,52,14,4,18,70
11/18/2009,SUX,IA,ACE,CE,Combined TRACON& Tower with Radar,0,9,45,9,63,0,0,11,1,12,0,9,56,10,75,8,4,12,87
11/19/2009,SUX,IA,ACE,CE,Combined TRACON& Tower with Radar,0,13,23,14,50,0,0,5,4,9,0,13,28,18,59,0,4,4,63
11/20/2009,SUX,IA,ACE,CE,Combined TRACON& Tower with Radar,0,9,29,3,41,0,0,24,0,24,0,9,53,3,65,28,0,28,93
11/21/2009,SUX,IA,ACE,CE,Combined TRACON& Tower with Radar,0,12,13,0,25,0,0,15,0,15,0,12,28,0,40,2,0,2,42
11/22/2009,SUX,IA,ACE,CE,Combined TRACON& Tower with Radar,0,7,23,0,30,0,0,7,0,7,0,7,30,0,37,14,0,14,51
11/23/2009,SUX,IA,ACE,CE,Combined TRACON& Tower with Radar,0,12,20,0,32,0,2,2,0,4,0,14,22,0,36,0,0,0,36
11/24/2009,SUX,IA,ACE,CE,Combined TRACON& Tower with Radar,0,8,19,2,29,0,0,5,0,5,0,8,24,2,34,0,0,0,34
11/25/2009,SUX,IA,ACE,CE,Combined TRACON& Tower with Radar,0,9,17,2,28,0,0,6,0,6,0,9,23,2,34,0,0,0,34
11/26/2009,SUX,IA,ACE,CE,Combined TRACON& Tower with Radar,0,4,1,0,5,0,0,13,0,13,0,4,14,0,18,0,0,0,18
11/27/2009,SUX,IA,ACE,CE,Combined TRACON& Tower with Radar,0,4,11,0,15,0,0,26,0,26,0,4,37,0,41,22,0,22,63
11/28/2009,SUX,IA,ACE,CE,Combined TRACON& Tower with Radar,0,6,21,0,27,0,0,29,0,29,0,6,50,0,56,18,0,18,74
11/29/2009,SUX,IA,ACE,CE,Combined TRACON& Tower with Radar,0,10,8,0,18,0,0,13,0,13,0,10,21,0,31,4,0,4,35
11/30/2009,SUX,IA,ACE,CE,Combined TRACON& Tower with Radar,0,7,12,0,19,0,0,13,0,13,0,7,25,0,32,2,0,2,34
12/01/2009,SUX,IA,ACE,CE,Combined TRACON& Tower with Radar,0,9,21,5,35,0,0,20,0,20,0,9,41,5,55,16,0,16,71
12/02/2009,SUX,IA,ACE,CE,Combined TRACON& Tower with Radar,0,7,30,21,58,0,3,5,0,8,0,10,35,21,66,8,2,10,76
12/03/2009,SUX,IA,ACE,CE,Combined TRACON& Tower with Radar,0,7,23,9,39,0,0,1,0,1,0,7,24,9,40,0,6,6,46
12/04/2009,SUX,IA,ACE,CE,Combined TRACON& Tower with Radar,0,5,24,0,29,0,0,7,0,7,0,5,31,0,36,0,0,0,36
12/05/2009,SUX,IA,ACE,CE,Combined TRACON& Tower with Radar,2,4,30,15,51,0,0,26,4,30,2,4,56,19,81,62,12,74,155
12/06/2009,SUX,IA,ACE,CE,Combined TRACON& Tower with Radar,0,8,11,2,21,0,0,5,0,5,0,8,16,2,26,0,0,0,26
12/07/2009,SUX,IA,ACE,CE,Combined TRACON& Tower with Radar,0,5,28,8,41,0,2,6,0,8,0,7,34,8,49,0,2,2,51
12/08/2009,SUX,IA,ACE,CE,Combined TRACON& Tower with Radar,0,3,9,0,12,0,0,0,0,0,0,3,9,0,12,0,0,0,12
12/09/2009,SUX,IA,ACE,CE,Combined TRACON& Tower with Radar,2,4,6,0,12,0,0,1,0,1,2,4,7,0,13,0,0,0,13
12/10/2009,SUX,IA,ACE,CE,Combined TRACON& Tower with Radar,0,5,20,8,33,0,2,6,0,8,0,7,26,8,41,0,2,2,43
12/11/2009,SUX,IA,ACE,CE,Combined TRACON& Tower with Radar,0,8,20,7,35,0,0,13,2,15,0,8,33,9,50,2,12,14,64
12/12/2009,SUX,IA,ACE,CE,Combined TRACON& Tower with Radar,0,7,8,0,15,0,0,4,0,4,0,7,12,0,19,2,0,2,21
12/13/2009,SUX,IA,ACE,CE,Combined TRACON& Tower with Radar,0,5,5,0,10,0,0,0,0,0,0,5,5,0,10,0,0,0,10
12/14/2009,SUX,IA,ACE,CE,Combined TRACON& Tower with Radar,2,6,23,0,31,0,2,0,0,2,2,8,23,0,33,0,0,0,33
12/15/2009,SUX,IA,ACE,CE,Combined TRACON& Tower with Radar,0,6,18,20,44,0,0,0,0,0,0,6,18,20,44,0,20,20,64
12/16/2009,SUX,IA,ACE,CE,Combined TRACON& Tower with Radar,0,7,21,2,30,0,0,6,0,6,0,7,27,2,36,2,0,2,38
12/17/2009,SUX,IA,ACE,CE,Combined TRACON& Tower with Radar,0,8,24,6,38,0,0,15,0,15,0,8,39,6,53,16,4,20,73
12/18/2009,SUX,IA,ACE,CE,Combined TRACON& Tower with Radar,0,8,9,10,27,0,0,1,0,1,0,8,10,10,28,0,0,0,28
12/19/2009,SUX,IA,ACE,CE,Combined TRACON& Tower with Radar,0,11,8,1,20,0,0,0,0,0,0,11,8,1,20,0,0,0,20
12/20/2009,SUX,IA,ACE,CE,Combined TRACON& Tower with Radar,0,10,7,1,18,0,0,4,0,4,0,10,11,1,22,2,0,2,24
12/21/2009,SUX,IA,ACE,CE,Combined TRACON& Tower with Radar,0,12,25,0,37,0,0,0,0,0,0,12,25,0,37,0,0,0,37
12/22/2009,SUX,IA,ACE,CE,Combined TRACON& Tower with Radar,0,11,28,1,40,0,0,0,0,0,0,11,28,1,40,0,0,0,40
12/23/2009,SUX,IA,ACE,CE,Combined TRACON& Tower with Radar,0,5,10,0,15,0,0,0,0,0,0,5,10,0,15,0,0,0,15
12/24/2009,SUX,IA,ACE,CE,Combined TRACON& Tower with Radar,0,1,0,0,1,0,0,0,0,0,0,1,0,0,1,0,0,0,1
12/25/2009,SUX,IA,ACE,CE,Combined TRACON& Tower with Radar,0,0,0,0,0,0,0,0,0,0,0,0,0,0,0,0,0,0,0
12/26/2009,SUX,IA,ACE,CE,Combined TRACON& Tower with Radar,0,9,6,0,15,0,0,0,0,0,0,9,6,0,15,0,0,0,15
12/27/2009,SUX,IA,ACE,CE,Combined TRACON& Tower with Radar,0,12,11,0,23,0,6,0,0,6,0,18,11,0,29,0,0,0,29
12/28/2009,SUX,IA,ACE,CE,Combined TRACON& Tower with Radar,0,10,10,2,22,0,2,3,0,5,0,12,13,2,27,0,0,0,27
12/29/2009,SUX,IA,ACE,CE,Combined TRACON& Tower with Radar,0,9,20,0,29,0,1,3,0,4,0,10,23,0,33,2,0,2,35
12/30/2009,SUX,IA,ACE,CE,Combined TRACON& Tower with Radar,0,9,10,0,19,0,2,2,0,4,0,11,12,0,23,0,0,0,23
12/31/2009,SUX,IA,ACE,CE,Combined TRACON& Tower with Radar,0,9,10,2,21,0,2,2,0,4,0,11,12,2,25,0,0,0,25
01/01/2010,SUX,IA,ACE,CE,Combined TRACON& Tower with Radar,0,10,2,0,12,0,2,1,0,3,0,12,3,0,15,4,0,4,19
01/02/2010,SUX,IA,ACE,CE,Combined TRACON& Tower with Radar,0,10,4,0,14,0,1,3,0,4,0,11,7,0,18,0,0,0,18
01/03/2010,SUX,IA,ACE,CE,Combined TRACON& Tower with Radar,0,7,10,0,17,0,0,0,0,0,0,7,10,0,17,0,0,0,17
01/04/2010,SUX,IA,ACE,CE,Combined TRACON& Tower with Radar,0,8,12,0,20,0,0,3,0,3,0,8,15,0,23,0,0,0,23
01/05/2010,SUX,IA,ACE,CE,Combined TRACON& Tower with Radar,0,9,22,21,52,0,2,2,0,4,0,11,24,21,56,0,12,12,68
01/06/2010,SUX,IA,ACE,CE,Combined TRACON& Tower with Radar,0,12,8,0,20,0,0,0,0,0,0,12,8,0,20,0,0,0,20
01/07/2010,SUX,IA,ACE,CE,Combined TRACON& Tower with Radar,0,4,7,0,11,0,0,0,0,0,0,4,7,0,11,0,0,0,11
01/08/2010,SUX,IA,ACE,CE,Combined TRACON& Tower with Radar,0,5,10,0,15,0,0,0,0,0,0,5,10,0,15,0,0,0,15
01/09/2010,SUX,IA,ACE,CE,Combined TRACON& Tower with Radar,0,4,5,9,18,0,4,0,0,4,0,8,5,9,22,0,4,4,26
01/10/2010,SUX,IA,ACE,CE,Combined TRACON& Tower with Radar,0,5,15,4,24,0,1,4,0,5,0,6,19,4,29,0,0,0,29
01/11/2010,SUX,IA,ACE,CE,Combined TRACON& Tower with Radar,1,2,13,1,17,0,0,2,0,2,1,2,15,1,19,0,0,0,19
01/12/2010,SUX,IA,ACE,CE,Combined TRACON& Tower with Radar,0,10,19,7,36,0,0,0,0,0,0,10,19,7,36,0,0,0,36
01/13/2010,SUX,IA,ACE,CE,Combined TRACON& Tower with Radar,0,9,32,8,49,0,0,8,0,8,0,9,40,8,57,22,8,30,87
01/14/2010,SUX,IA,ACE,CE,Combined TRACON& Tower with Radar,0,8,16,28,52,0,0,2,0,2,0,8,18,28,54,26,6,32,86
01/15/2010,SUX,IA,ACE,CE,Combined TRACON& Tower with Radar,3,9,21,2,35,0,0,1,0,1,3,9,22,2,36,0,0,0,36
01/16/2010,SUX,IA,ACE,CE,Combined TRACON& Tower with Radar,2,6,15,0,23,0,0,7,0,7,2,6,22,0,30,8,0,8,38
01/17/2010,SUX,IA,ACE,CE,Combined TRACON& Tower with Radar,0,3,7,0,10,0,0,0,0,0,0,3,7,0,10,0,0,0,10
01/18/2010,SUX,IA,ACE,CE,Combined TRACON& Tower with Radar,2,5,5,2,14,0,0,0,0,0,2,5,5,2,14,0,0,0,14
01/19/2010,SUX,IA,ACE,CE,Combined TRACON& Tower with Radar,0,6,7,0,13,0,0,0,0,0,0,6,7,0,13,0,0,0,13
01/20/2010,SUX,IA,ACE,CE,Combined TRACON& Tower with Radar,0,3,5,0,8,0,1,0,0,1,0,4,5,0,9,0,0,0,9
01/21/2010,SUX,IA,ACE,CE,Combined TRACON& Tower with Radar,0,5,12,2,19,0,0,0,0,0,0,5,12,2,19,0,0,0,19
01/22/2010,SUX,IA,ACE,CE,Combined TRACON& Tower with Radar,0,5,10,0,15,0,0,0,0,0,0,5,10,0,15,0,0,0,15
01/23/2010,SUX,IA,ACE,CE,Combined TRACON& Tower with Radar,0,4,12,2,18,0,0,0,0,0,0,4,12,2,18,0,0,0,18
01/24/2010,SUX,IA,ACE,CE,Combined TRACON& Tower with Radar,0,9,16,2,27,0,0,2,0,2,0,9,18,2,29,0,0,0,29
01/25/2010,SUX,IA,ACE,CE,Combined TRACON& Tower with Radar,0,7,12,0,19,0,0,0,0,0,0,7,12,0,19,0,0,0,19
01/26/2010,SUX,IA,ACE,CE,Combined TRACON& Tower with Radar,0,7,18,4,29,0,1,4,0,5,0,8,22,4,34,6,0,6,40
01/27/2010,SUX,IA,ACE,CE,Combined TRACON& Tower with Radar,0,12,28,3,43,0,1,5,0,6,0,13,33,3,49,0,0,0,49
01/28/2010,SUX,IA,ACE,CE,Combined TRACON& Tower with Radar,0,10,17,13,40,0,2,4,1,7,0,12,21,14,47,0,4,4,51
01/29/2010,SUX,IA,ACE,CE,Combined TRACON& Tower with Radar,0,5,16,1,22,0,2,11,0,13,0,7,27,1,35,4,0,4,39
01/30/2010,SUX,IA,ACE,CE,Combined TRACON& Tower with Radar,0,4,11,2,17,0,0,4,0,4,0,4,15,2,21,30,0,30,51
01/31/2010,SUX,IA,ACE,CE,Combined TRACON& Tower with Radar,0,5,6,0,11,0,2,3,0,5,0,7,9,0,16,0,0,0,16
02/01/2010,SUX,IA,ACE,CE,Combined TRACON& Tower with Radar,0,5,12,0,17,0,0,0,0,0,0,5,12,0,17,0,0,0,17
02/02/2010,SUX,IA,ACE,CE,Combined TRACON& Tower with Radar,0,5,28,10,43,0,0,4,0,4,0,5,32,10,47,0,4,4,51
02/03/2010,SUX,IA,ACE,CE,Combined TRACON& Tower with Radar,0,5,19,14,38,0,2,6,0,8,0,7,25,14,46,0,0,0,46
02/04/2010,SUX,IA,ACE,CE,Combined TRACON& Tower with Radar,0,5,18,0,23,0,0,0,0,0,0,5,18,0,23,0,0,0,23
02/05/2010,SUX,IA,ACE,CE,Combined TRACON& Tower with Radar,0,5,8,0,13,0,0,0,0,0,0,5,8,0,13,0,0,0,13
02/06/2010,SUX,IA,ACE,CE,Combined TRACON& Tower with Radar,0,6,11,1,18,0,0,0,0,0,0,6,11,1,18,0,0,0,18
02/07/2010,SUX,IA,ACE,CE,Combined TRACON& Tower with Radar,0,5,3,0,8,0,0,0,0,0,0,5,3,0,8,0,0,0,8
02/08/2010,SUX,IA,ACE,CE,Combined TRACON& Tower with Radar,0,7,17,0,24,0,4,0,0,4,0,11,17,0,28,0,0,0,28
02/09/2010,SUX,IA,ACE,CE,Combined TRACON& Tower with Radar,0,8,10,0,18,0,0,0,0,0,0,8,10,0,18,0,0,0,18
02/10/2010,SUX,IA,ACE,CE,Combined TRACON& Tower with Radar,0,7,32,21,60,0,6,7,0,13,0,13,39,21,73,0,0,0,73
02/11/2010,SUX,IA,ACE,CE,Combined TRACON& Tower with Radar,0,8,15,9,32,0,1,0,0,1,0,9,15,9,33,0,2,2,35
02/12/2010,SUX,IA,ACE,CE,Combined TRACON& Tower with Radar,0,6,18,29,53,0,1,0,0,1,0,7,18,29,54,0,0,0,54
02/13/2010,SUX,IA,ACE,CE,Combined TRACON& Tower with Radar,0,6,10,1,17,0,0,0,0,0,0,6,10,1,17,0,0,0,17
02/14/2010,SUX,IA,ACE,CE,Combined TRACON& Tower with Radar,0,6,7,0,13,0,0,0,0,0,0,6,7,0,13,0,0,0,13
02/15/2010,SUX,IA,ACE,CE,Combined TRACON& Tower with Radar,0,12,20,0,32,0,0,0,0,0,0,12,20,0,32,0,0,0,32
02/16/2010,SUX,IA,ACE,CE,Combined TRACON& Tower with Radar,0,5,26,36,67,0,1,8,0,9,0,6,34,36,76,0,10,10,86
02/17/2010,SUX,IA,ACE,CE,Combined TRACON& Tower with Radar,0,8,20,12,40,0,1,7,6,14,0,9,27,18,54,12,10,22,76
02/18/2010,SUX,IA,ACE,CE,Combined TRACON& Tower with Radar,0,7,24,18,49,0,2,9,0,11,0,9,33,18,60,14,6,20,80
02/19/2010,SUX,IA,ACE,CE,Combined TRACON& Tower with Radar,0,7,12,7,26,0,0,1,0,1,0,7,13,7,27,0,6,6,33
02/20/2010,SUX,IA,ACE,CE,Combined TRACON& Tower with Radar,2,9,7,2,20,0,4,3,0,7,2,13,10,2,27,14,0,14,41
02/21/2010,SUX,IA,ACE,CE,Combined TRACON& Tower with Radar,2,5,2,1,10,0,0,1,0,1,2,5,3,1,11,0,0,0,11
02/22/2010,SUX,IA,ACE,CE,Combined TRACON& Tower with Radar,0,13,28,0,41,0,0,5,0,5,0,13,33,0,46,12,0,12,58
02/23/2010,SUX,IA,ACE,CE,Combined TRACON& Tower with Radar,0,9,22,7,38,0,2,4,0,6,0,11,26,7,44,4,4,8,52
02/24/2010,SUX,IA,ACE,CE,Combined TRACON& Tower with Radar,2,10,32,8,52,0,5,5,0,10,2,15,37,8,62,16,4,20,82
02/25/2010,SUX,IA,ACE,CE,Combined TRACON& Tower with Radar,0,9,35,19,63,0,1,6,0,7,0,10,41,19,70,0,10,10,80
02/26/2010,SUX,IA,ACE,CE,Combined TRACON& Tower with Radar,0,7,20,8,35,0,0,4,0,4,0,7,24,8,39,8,20,28,67
02/27/2010,SUX,IA,ACE,CE,Combined TRACON& Tower with Radar,0,5,13,2,20,0,2,18,0,20,0,7,31,2,40,54,0,54,94
02/28/2010,SUX,IA,ACE,CE,Combined TRACON& Tower with Radar,0,11,11,1,23,0,1,11,0,12,0,12,22,1,35,26,0,26,61
03/01/2010,SUX,IA,ACE,CE,Combined TRACON& Tower with Radar,0,8,21,0,29,0,1,2,0,3,0,9,23,0,32,4,0,4,36
03/02/2010,SUX,IA,ACE,CE,Combined TRACON& Tower with Radar,0,7,12,9,28,0,0,5,1,6,0,7,17,10,34,12,0,12,46
03/03/2010,SUX,IA,ACE,CE,Combined TRACON& Tower with Radar,0,12,17,13,42,0,8,5,0,13,0,20,22,13,55,6,14,20,75
03/04/2010,SUX,IA,ACE,CE,Combined TRACON& Tower with Radar,0,5,31,38,74,0,2,9,0,11,0,7,40,38,85,0,8,8,93
03/05/2010,SUX,IA,ACE,CE,Combined TRACON& Tower with Radar,0,9,18,15,42,0,4,12,0,16,0,13,30,15,58,0,10,10,68
03/06/2010,SUX,IA,ACE,CE,Combined TRACON& Tower with Radar,0,6,12,3,21,0,0,2,0,2,0,6,14,3,23,0,0,0,23
03/07/2010,SUX,IA,ACE,CE,Combined TRACON& Tower with Radar,0,7,22,1,30,0,0,0,0,0,0,7,22,1,30,0,0,0,30
03/08/2010,SUX,IA,ACE,CE,Combined TRACON& Tower with Radar,0,11,13,1,25,0,0,0,0,0,0,11,13,1,25,0,0,0,25
03/09/2010,SUX,IA,ACE,CE,Combined TRACON& Tower with Radar,0,7,23,2,32,0,0,0,0,0,0,7,23,2,32,0,0,0,32
03/10/2010,SUX,IA,ACE,CE,Combined TRACON& Tower with Radar,0,8,14,3,25,0,0,0,0,0,0,8,14,3,25,0,0,0,25
03/11/2010,SUX,IA,ACE,CE,Combined TRACON& Tower with Radar,0,8,13,4,25,0,0,0,0,0,0,8,13,4,25,0,0,0,25
03/12/2010,SUX,IA,ACE,CE,Combined TRACON& Tower with Radar,0,5,16,1,22,0,0,0,0,0,0,5,16,1,22,0,0,0,22
03/13/2010,SUX,IA,ACE,CE,Combined TRACON& Tower with Radar,0,9,17,5,31,0,0,0,0,0,0,9,17,5,31,0,0,0,31
03/14/2010,SUX,IA,ACE,CE,Combined TRACON& Tower with Radar,0,5,6,0,11,0,0,0,0,0,0,5,6,0,11,0,0,0,11
03/15/2010,SUX,IA,ACE,CE,Combined TRACON& Tower with Radar,0,7,28,1,36,0,0,0,0,0,0,7,28,1,36,10,0,10,46
03/16/2010,SUX,IA,ACE,CE,Combined TRACON& Tower with Radar,0,6,28,0,34,0,2,2,0,4,0,8,30,0,38,0,0,0,38
03/17/2010,SUX,IA,ACE,CE,Combined TRACON& Tower with Radar,0,8,32,1,41,0,0,15,0,15,0,8,47,1,56,0,0,0,56
03/18/2010,SUX,IA,ACE,CE,Combined TRACON& Tower with Radar,0,7,40,0,47,0,1,22,0,23,0,8,62,0,70,18,0,18,88
03/19/2010,SUX,IA,ACE,CE,Combined TRACON& Tower with Radar,0,9,7,4,20,0,0,1,0,1,0,9,8,4,21,0,0,0,21
03/20/2010,SUX,IA,ACE,CE,Combined TRACON& Tower with Radar,0,9,10,0,19,0,0,4,0,4,0,9,14,0,23,0,0,0,23
03/21/2010,SUX,IA,ACE,CE,Combined TRACON& Tower with Radar,0,5,28,1,34,0,5,16,0,21,0,10,44,1,55,40,0,40,95
03/22/2010,SUX,IA,ACE,CE,Combined TRACON& Tower with Radar,0,5,26,2,33,0,0,4,1,5,0,5,30,3,38,6,0,6,44
03/23/2010,SUX,IA,ACE,CE,Combined TRACON& Tower with Radar,0,7,24,12,43,0,0,1,0,1,0,7,25,12,44,8,2,10,54
03/24/2010,SUX,IA,ACE,CE,Combined TRACON& Tower with Radar,0,5,27,28,60,0,1,9,0,10,0,6,36,28,70,0,8,8,78
03/25/2010,SUX,IA,ACE,CE,Combined TRACON& Tower with Radar,0,5,25,6,36,0,2,20,0,22,0,7,45,6,58,0,8,8,66
03/26/2010,SUX,IA,ACE,CE,Combined TRACON& Tower with Radar,0,7,14,1,22,0,0,10,0,10,0,7,24,1,32,0,0,0,32
03/27/2010,SUX,IA,ACE,CE,Combined TRACON& Tower with Radar,0,11,13,0,24,0,0,4,0,4,0,11,17,0,28,8,0,8,36
03/28/2010,SUX,IA,ACE,CE,Combined TRACON& Tower with Radar,0,8,9,0,17,0,0,11,0,11,0,8,20,0,28,38,0,38,66
03/29/2010,SUX,IA,ACE,CE,Combined TRACON& Tower with Radar,0,5,12,1,18,0,1,8,0,9,0,6,20,1,27,0,6,6,33
03/30/2010,SUX,IA,ACE,CE,Combined TRACON& Tower with Radar,0,5,30,7,42,0,4,4,1,9,0,9,34,8,51,0,0,0,51
03/31/2010,SUX,IA,ACE,CE,Combined TRACON& Tower with Radar,2,10,52,26,90,0,0,19,0,19,2,10,71,26,109,8,12,20,129
04/01/2010,SUX,IA,ACE,CE,Combined TRACON& Tower with Radar,0,7,27,16,50,0,3,17,0,20,0,10,44,16,70,18,10,28,98
04/02/2010,SUX,IA,ACE,CE,Combined TRACON& Tower with Radar,0,7,14,16,37,0,0,7,0,7,0,7,21,16,44,0,2,2,46
04/03/2010,SUX,IA,ACE,CE,Combined TRACON& Tower with Radar,2,6,9,0,17,0,4,13,0,17,2,10,22,0,34,2,2,4,38
04/04/2010,SUX,IA,ACE,CE,Combined TRACON& Tower with Radar,0,5,5,0,10,0,0,19,0,19,0,5,24,0,29,0,0,0,29
04/05/2010,SUX,IA,ACE,CE,Combined TRACON& Tower with Radar,0,5,32,0,37,0,2,11,0,13,0,7,43,0,50,16,0,16,66
04/06/2010,SUX,IA,ACE,CE,Combined TRACON& Tower with Radar,0,9,25,3,37,0,0,0,0,0,0,9,25,3,37,0,0,0,37
04/07/2010,SUX,IA,ACE,CE,Combined TRACON& Tower with Radar,0,10,20,1,31,0,6,12,0,18,0,16,32,1,49,0,0,0,49
04/08/2010,SUX,IA,ACE,CE,Combined TRACON& Tower with Radar,0,11,40,22,73,0,0,29,6,35,0,11,69,28,108,4,22,26,134
04/09/2010,SUX,IA,ACE,CE,Combined TRACON& Tower with Radar,0,7,21,3,31,0,0,21,0,21,0,7,42,3,52,6,0,6,58
04/10/2010,SUX,IA,ACE,CE,Combined TRACON& Tower with Radar,0,3,25,0,28,0,2,19,0,21,0,5,44,0,49,48,0,48,97
04/11/2010,SUX,IA,ACE,CE,Combined TRACON& Tower with Radar,0,5,14,17,36,0,0,15,1,16,0,5,29,18,52,4,8,12,64
04/12/2010,SUX,IA,ACE,CE,Combined TRACON& Tower with Radar,0,7,18,1,26,0,1,5,0,6,0,8,23,1,32,0,0,0,32
04/13/2010,SUX,IA,ACE,CE,Combined TRACON& Tower with Radar,0,5,36,13,54,0,0,13,0,13,0,5,49,13,67,0,0,0,67
04/14/2010,SUX,IA,ACE,CE,Combined TRACON& Tower with Radar,0,6,33,2,41,0,3,2,1,6,0,9,35,3,47,0,2,2,49
04/15/2010,SUX,IA,ACE,CE,Combined TRACON& Tower with Radar,0,10,24,26,60,0,1,7,0,8,0,11,31,26,68,2,16,18,86
04/16/2010,SUX,IA,ACE,CE,Combined TRACON& Tower with Radar,0,6,12,18,36,0,1,19,0,20,0,7,31,18,56,12,20,32,88
04/17/2010,SUX,IA,ACE,CE,Combined TRACON& Tower with Radar,0,5,14,1,20,0,1,19,0,20,0,6,33,1,40,32,0,32,72
04/18/2010,SUX,IA,ACE,CE,Combined TRACON& Tower with Radar,0,7,14,0,21,0,0,17,0,17,0,7,31,0,38,14,0,14,52
04/19/2010,SUX,IA,ACE,CE,Combined TRACON& Tower with Radar,0,5,21,0,26,0,0,14,0,14,0,5,35,0,40,6,0,6,46
04/20/2010,SUX,IA,ACE,CE,Combined TRACON& Tower with Radar,0,5,18,30,53,0,0,4,0,4,0,5,22,30,57,0,9,9,66
04/21/2010,SUX,IA,ACE,CE,Combined TRACON& Tower with Radar,0,11,17,16,44,0,0,13,0,13,0,11,30,16,57,0,14,14,71
04/22/2010,SUX,IA,ACE,CE,Combined TRACON& Tower with Radar,0,5,21,14,40,0,0,10,0,10,0,5,31,14,50,0,10,10,60
04/23/2010,SUX,IA,ACE,CE,Combined TRACON& Tower with Radar,0,8,11,4,23,0,1,0,0,1,0,9,11,4,24,0,0,0,24
04/24/2010,SUX,IA,ACE,CE,Combined TRACON& Tower with Radar,0,5,15,1,21,0,2,5,2,9,0,7,20,3,30,2,0,2,32
04/25/2010,SUX,IA,ACE,CE,Combined TRACON& Tower with Radar,0,13,16,0,29,0,2,2,0,4,0,15,18,0,33,26,0,26,59
04/26/2010,SUX,IA,ACE,CE,Combined TRACON& Tower with Radar,0,7,29,3,39,0,2,1,0,3,0,9,30,3,42,0,0,0,42
04/27/2010,SUX,IA,ACE,CE,Combined TRACON& Tower with Radar,0,7,20,17,44,0,0,12,0,12,0,7,32,17,56,27,0,27,83
04/28/2010,SUX,IA,ACE,CE,Combined TRACON& Tower with Radar,0,9,22,2,33,0,4,5,0,9,0,13,27,2,42,2,0,2,44
04/29/2010,SUX,IA,ACE,CE,Combined TRACON& Tower with Radar,0,5,15,4,24,0,0,5,0,5,0,5,20,4,29,0,2,2,31
04/30/2010,SUX,IA,ACE,CE,Combined TRACON& Tower with Radar,0,5,28,7,40,0,0,2,2,4,0,5,30,9,44,0,2,2,46
05/01/2010,SUX,IA,ACE,CE,Combined TRACON& Tower with Radar,0,3,4,0,7,0,2,16,0,18,0,5,20,0,25,0,0,0,25
05/02/2010,SUX,IA,ACE,CE,Combined TRACON& Tower with Radar,0,5,11,10,26,0,1,6,3,10,0,6,17,13,36,10,2,12,48
05/03/2010,SUX,IA,ACE,CE,Combined TRACON& Tower with Radar,0,7,20,12,39,0,0,5,0,5,0,7,25,12,44,2,4,6,50
05/04/2010,SUX,IA,ACE,CE,Combined TRACON& Tower with Radar,0,7,27,4,38,0,0,6,0,6,0,7,33,4,44,0,0,0,44
05/05/2010,SUX,IA,ACE,CE,Combined TRACON& Tower with Radar,0,7,16,9,32,0,0,7,0,7,0,7,23,9,39,6,4,10,49
05/06/2010,SUX,IA,ACE,CE,Combined TRACON& Tower with Radar,0,6,30,25,61,0,0,5,2,7,0,6,35,27,68,4,10,14,82
05/07/2010,SUX,IA,ACE,CE,Combined TRACON& Tower with Radar,0,8,23,6,37,0,0,1,0,1,0,8,24,6,38,0,0,0,38
05/08/2010,SUX,IA,ACE,CE,Combined TRACON& Tower with Radar,2,8,9,0,19,0,0,17,0,17,2,8,26,0,36,4,0,4,40
05/09/2010,SUX,IA,ACE,CE,Combined TRACON& Tower with Radar,0,5,10,0,15,0,0,1,0,1,0,5,11,0,16,0,0,0,16
05/10/2010,SUX,IA,ACE,CE,Combined TRACON& Tower with Radar,0,7,20,0,27,0,0,0,0,0,0,7,20,0,27,0,0,0,27
05/11/2010,SUX,IA,ACE,CE,Combined TRACON& Tower with Radar,2,5,15,14,36,0,0,3,0,3,2,5,18,14,39,6,4,10,49
05/12/2010,SUX,IA,ACE,CE,Combined TRACON& Tower with Radar,0,8,25,19,52,0,0,0,0,0,0,8,25,19,52,0,0,0,52
05/13/2010,SUX,IA,ACE,CE,Combined TRACON& Tower with Radar,0,9,40,24,73,0,0,7,0,7,0,9,47,24,80,0,8,8,88
05/14/2010,SUX,IA,ACE,CE,Combined TRACON& Tower with Radar,0,10,20,16,46,0,0,29,0,29,0,10,49,16,75,45,2,47,122
05/15/2010,SUX,IA,ACE,CE,Combined TRACON& Tower with Radar,0,3,23,6,32,0,0,14,1,15,0,3,37,7,47,24,0,24,71
05/16/2010,SUX,IA,ACE,CE,Combined TRACON& Tower with Radar,0,7,36,0,43,0,0,15,0,15,0,7,51,0,58,12,0,12,70
05/17/2010,SUX,IA,ACE,CE,Combined TRACON& Tower with Radar,0,7,21,5,33,0,1,13,0,14,0,8,34,5,47,0,0,0,47
05/18/2010,SUX,IA,ACE,CE,Combined TRACON& Tower with Radar,0,12,24,29,65,0,0,10,0,10,0,12,34,29,75,6,16,22,97
05/19/2010,SUX,IA,ACE,CE,Combined TRACON& Tower with Radar,0,10,31,23,64,0,0,9,0,9,0,10,40,23,73,0,6,6,79
05/20/2010,SUX,IA,ACE,CE,Combined TRACON& Tower with Radar,0,8,26,21,55,0,1,1,0,2,0,9,27,21,57,0,8,8,65
05/21/2010,SUX,IA,ACE,CE,Combined TRACON& Tower with Radar,0,8,29,14,51,0,1,11,0,12,0,9,40,14,63,18,4,22,85
05/22/2010,SUX,IA,ACE,CE,Combined TRACON& Tower with Radar,0,6,11,2,19,0,0,6,0,6,0,6,17,2,25,0,0,0,25
05/23/2010,SUX,IA,ACE,CE,Combined TRACON& Tower with Radar,0,5,15,0,20,0,0,11,0,11,0,5,26,0,31,20,0,20,51
05/24/2010,SUX,IA,ACE,CE,Combined TRACON& Tower with Radar,0,7,25,0,32,0,0,3,0,3,0,7,28,0,35,10,0,10,45
05/25/2010,SUX,IA,ACE,CE,Combined TRACON& Tower with Radar,0,6,24,16,46,0,0,12,1,13,0,6,36,17,59,2,0,2,61
05/26/2010,SUX,IA,ACE,CE,Combined TRACON& Tower with Radar,0,10,24,9,43,0,0,10,0,10,0,10,34,9,53,18,0,18,71
05/27/2010,SUX,IA,ACE,CE,Combined TRACON& Tower with Radar,0,6,21,4,31,0,2,23,0,25,0,8,44,4,56,24,0,24,80
05/28/2010,SUX,IA,ACE,CE,Combined TRACON& Tower with Radar,0,8,18,7,33,0,1,17,2,20,0,9,35,9,53,2,12,14,67
05/29/2010,SUX,IA,ACE,CE,Combined TRACON& Tower with Radar,0,3,10,0,13,0,3,15,0,18,0,6,25,0,31,26,0,26,57
05/30/2010,SUX,IA,ACE,CE,Combined TRACON& Tower with Radar,0,3,11,0,14,0,0,9,0,9,0,3,20,0,23,28,0,28,51
05/31/2010,SUX,IA,ACE,CE,Combined TRACON& Tower with Radar,0,5,18,0,23,0,0,19,2,21,0,5,37,2,44,16,0,16,60
06/01/2010,SUX,IA,ACE,CE,Combined TRACON& Tower with Radar,0,6,24,2,32,0,1,9,0,10,0,7,33,2,42,14,0,14,56
06/02/2010,SUX,IA,ACE,CE,Combined TRACON& Tower with Radar,0,6,17,14,37,0,0,9,0,9,0,6,26,14,46,28,8,36,82
06/03/2010,SUX,IA,ACE,CE,Combined TRACON& Tower with Radar,0,7,17,11,35,0,0,6,0,6,0,7,23,11,41,0,8,8,49
06/04/2010,SUX,IA,ACE,CE,Combined TRACON& Tower with Radar,0,8,21,39,68,0,0,17,0,17,0,8,38,39,85,28,16,44,129
06/05/2010,SUX,IA,ACE,CE,Combined TRACON& Tower with Radar,0,6,13,1,20,0,7,10,0,17,0,13,23,1,37,31,0,31,68
06/06/2010,SUX,IA,ACE,CE,Combined TRACON& Tower with Radar,0,5,16,8,29,0,8,18,0,26,0,13,34,8,55,10,6,16,71
06/07/2010,SUX,IA,ACE,CE,Combined TRACON& Tower with Radar,0,7,26,2,35,0,2,5,0,7,0,9,31,2,42,0,0,0,42
06/08/2010,SUX,IA,ACE,CE,Combined TRACON& Tower with Radar,0,8,24,16,48,0,0,1,0,1,0,8,25,16,49,0,8,8,57
06/09/2010,SUX,IA,ACE,CE,Combined TRACON& Tower with Radar,0,8,31,4,43,0,2,13,0,15,0,10,44,4,58,12,0,12,70
06/10/2010,SUX,IA,ACE,CE,Combined TRACON& Tower with Radar,0,9,25,0,34,0,2,1,0,3,0,11,26,0,37,0,0,0,37
06/11/2010,SUX,IA,ACE,CE,Combined TRACON& Tower with Radar,0,6,10,0,16,0,0,5,0,5,0,6,15,0,21,6,0,6,27
06/12/2010,SUX,IA,ACE,CE,Combined TRACON& Tower with Radar,0,6,8,3,17,0,3,7,4,14,0,9,15,7,31,38,4,42,73
06/13/2010,SUX,IA,ACE,CE,Combined TRACON& Tower with Radar,2,5,7,0,14,0,2,2,0,4,2,7,9,0,18,6,0,6,24
06/14/2010,SUX,IA,ACE,CE,Combined TRACON& Tower with Radar,0,7,14,1,22,0,1,3,0,4,0,8,17,1,26,0,0,0,26
06/15/2010,SUX,IA,ACE,CE,Combined TRACON& Tower with Radar,0,5,18,24,47,0,1,12,0,13,0,6,30,24,60,2,14,16,76
06/16/2010,SUX,IA,ACE,CE,Combined TRACON& Tower with Radar,2,5,36,11,54,0,5,17,1,23,2,10,53,12,77,2,0,2,79
06/17/2010,SUX,IA,ACE,CE,Combined TRACON& Tower with Radar,0,7,24,4,35,0,1,10,0,11,0,8,34,4,46,0,2,2,48
06/18/2010,SUX,IA,ACE,CE,Combined TRACON& Tower with Radar,0,6,27,13,46,0,1,12,0,13,0,7,39,13,59,14,20,34,93
06/19/2010,SUX,IA,ACE,CE,Combined TRACON& Tower with Radar,0,8,8,0,16,0,3,16,0,19,0,11,24,0,35,20,0,20,55
06/20/2010,SUX,IA,ACE,CE,Combined TRACON& Tower with Radar,0,5,13,0,18,0,4,8,0,12,0,9,21,0,30,6,0,6,36
06/21/2010,SUX,IA,ACE,CE,Combined TRACON& Tower with Radar,0,8,15,6,29,0,3,13,1,17,0,11,28,7,46,6,18,24,70
06/22/2010,SUX,IA,ACE,CE,Combined TRACON& Tower with Radar,0,6,32,26,64,0,5,14,1,20,0,11,46,27,84,0,14,14,98
06/23/2010,SUX,IA,ACE,CE,Combined TRACON& Tower with Radar,0,7,36,15,58,0,1,9,0,10,0,8,45,15,68,4,6,10,78
06/24/2010,SUX,IA,ACE,CE,Combined TRACON& Tower with Radar,0,7,32,11,50,0,2,13,0,15,0,9,45,11,65,0,6,6,71
06/25/2010,SUX,IA,ACE,CE,Combined TRACON& Tower with Radar,0,5,14,5,24,0,0,7,1,8,0,5,21,6,32,0,0,0,32
06/26/2010,SUX,IA,ACE,CE,Combined TRACON& Tower with Radar,0,5,6,0,11,0,5,1,0,6,0,10,7,0,17,0,0,0,17
06/27/2010,SUX,IA,ACE,CE,Combined TRACON& Tower with Radar,0,5,7,0,12,0,2,9,0,11,0,7,16,0,23,6,0,6,29
06/28/2010,SUX,IA,ACE,CE,Combined TRACON& Tower with Radar,0,5,30,4,39,0,0,11,0,11,0,5,41,4,50,0,4,4,54
06/29/2010,SUX,IA,ACE,CE,Combined TRACON& Tower with Radar,0,8,37,16,61,0,2,19,2,23,0,10,56,18,84,8,18,26,110
06/30/2010,SUX,IA,ACE,CE,Combined TRACON& Tower with Radar,0,6,24,4,34,0,0,16,0,16,0,6,40,4,50,42,0,42,92
07/01/2010,SUX,IA,ACE,CE,Combined TRACON& Tower with Radar,0,8,13,22,43,0,0,14,0,14,0,8,27,22,57,16,2,18,75
07/02/2010,SUX,IA,ACE,CE,Combined TRACON& Tower with Radar,0,10,20,0,30,0,0,10,0,10,0,10,30,0,40,0,0,0,40
07/03/2010,SUX,IA,ACE,CE,Combined TRACON& Tower with Radar,0,5,17,0,22,0,0,7,0,7,0,5,24,0,29,8,0,8,37
07/04/2010,SUX,IA,ACE,CE,Combined TRACON& Tower with Radar,0,6,3,0,9,0,1,1,0,2,0,7,4,0,11,30,0,30,41
07/05/2010,SUX,IA,ACE,CE,Combined TRACON& Tower with Radar,0,5,31,0,36,0,0,1,0,1,0,5,32,0,37,4,0,4,41
07/06/2010,SUX,IA,ACE,CE,Combined TRACON& Tower with Radar,0,5,30,16,51,0,0,10,0,10,0,5,40,16,61,12,6,18,79
07/07/2010,SUX,IA,ACE,CE,Combined TRACON& Tower with Radar,0,6,21,25,52,0,0,0,0,0,0,6,21,25,52,0,0,0,52
07/08/2010,SUX,IA,ACE,CE,Combined TRACON& Tower with Radar,0,8,21,21,50,0,4,16,0,20,0,12,37,21,70,8,10,18,88
07/09/2010,SUX,IA,ACE,CE,Combined TRACON& Tower with Radar,0,10,18,12,40,0,0,23,0,23,0,10,41,12,63,44,8,52,115
07/10/2010,SUX,IA,ACE,CE,Combined TRACON& Tower with Radar,0,6,20,0,26,0,1,23,0,24,0,7,43,0,50,20,0,20,70
07/11/2010,SUX,IA,ACE,CE,Combined TRACON& Tower with Radar,0,7,15,0,22,0,1,14,0,15,0,8,29,0,37,8,30,38,75
07/12/2010,SUX,IA,ACE,CE,Combined TRACON& Tower with Radar,0,7,21,10,38,0,0,9,0,9,0,7,30,10,47,0,18,18,65
07/13/2010,SUX,IA,ACE,CE,Combined TRACON& Tower with Radar,0,6,14,12,32,0,0,14,0,14,0,6,28,12,46,32,0,32,78
07/14/2010,SUX,IA,ACE,CE,Combined TRACON& Tower with Radar,0,7,27,36,70,0,4,2,0,6,0,11,29,36,76,6,8,14,90
07/15/2010,SUX,IA,ACE,CE,Combined TRACON& Tower with Radar,0,5,39,2,46,0,0,18,3,21,0,5,57,5,67,0,0,0,67
07/16/2010,SUX,IA,ACE,CE,Combined TRACON& Tower with Radar,0,7,31,6,44,0,0,17,0,17,0,7,48,6,61,14,4,18,79
07/17/2010,SUX,IA,ACE,CE,Combined TRACON& Tower with Radar,0,7,17,2,26,0,0,7,0,7,0,7,24,2,33,0,0,0,33
07/18/2010,SUX,IA,ACE,CE,Combined TRACON& Tower with Radar,0,7,16,0,23,0,0,5,0,5,0,7,21,0,28,18,0,18,46
07/19/2010,SUX,IA,ACE,CE,Combined TRACON& Tower with Radar,2,5,15,0,22,0,2,8,0,10,2,7,23,0,32,17,0,17,49
07/20/2010,SUX,IA,ACE,CE,Combined TRACON& Tower with Radar,0,7,25,21,53,0,1,10,0,11,0,8,35,21,64,14,6,20,84
07/21/2010,SUX,IA,ACE,CE,Combined TRACON& Tower with Radar,0,7,18,14,39,0,2,9,0,11,0,9,27,14,50,6,8,14,64
07/22/2010,SUX,IA,ACE,CE,Combined TRACON& Tower with Radar,0,7,35,11,53,0,3,2,0,5,0,10,37,11,58,0,2,2,60
07/23/2010,SUX,IA,ACE,CE,Combined TRACON& Tower with Radar,2,7,25,9,43,0,1,6,0,7,2,8,31,9,50,2,2,4,54
07/24/2010,SUX,IA,ACE,CE,Combined TRACON& Tower with Radar,0,5,20,2,27,0,0,19,0,19,0,5,39,2,46,2,0,2,48
07/25/2010,SUX,IA,ACE,CE,Combined TRACON& Tower with Radar,0,7,26,2,35,0,0,28,0,28,0,7,54,2,63,8,0,8,71
07/26/2010,SUX,IA,ACE,CE,Combined TRACON& Tower with Radar,0,7,21,4,32,0,0,16,3,19,0,7,37,7,51,0,0,0,51
07/27/2010,SUX,IA,ACE,CE,Combined TRACON& Tower with Radar,0,6,16,7,29,0,0,15,0,15,0,6,31,7,44,20,12,32,76
07/28/2010,SUX,IA,ACE,CE,Combined TRACON& Tower with Radar,0,6,29,20,55,0,2,20,2,24,0,8,49,22,79,16,18,34,113
07/29/2010,SUX,IA,ACE,CE,Combined TRACON& Tower with Radar,0,9,34,11,54,0,0,16,0,16,0,9,50,11,70,10,4,14,84
07/30/2010,SUX,IA,ACE,CE,Combined TRACON& Tower with Radar,0,9,18,0,27,0,7,20,0,27,0,16,38,0,54,2,0,2,56
07/31/2010,SUX,IA,ACE,CE,Combined TRACON& Tower with Radar,0,6,19,1,26,0,0,27,3,30,0,6,46,4,56,8,0,8,64
08/01/2010,SUX,IA,ACE,CE,Combined TRACON& Tower with Radar,0,4,26,10,40,0,0,28,0,28,0,4,54,10,68,28,10,38,106
08/02/2010,SUX,IA,ACE,CE,Combined TRACON& Tower with Radar,0,11,15,2,28,0,1,3,0,4,0,12,18,2,32,0,0,0,32
08/03/2010,SUX,IA,ACE,CE,Combined TRACON& Tower with Radar,0,5,19,12,36,0,0,3,0,3,0,5,22,12,39,0,16,16,55
08/04/2010,SUX,IA,ACE,CE,Combined TRACON& Tower with Radar,0,6,17,1,24,0,0,5,0,5,0,6,22,1,29,18,0,18,47
08/05/2010,SUX,IA,ACE,CE,Combined TRACON& Tower with Radar,0,6,32,7,45,0,0,17,0,17,0,6,49,7,62,2,0,2,64
08/06/2010,SUX,IA,ACE,CE,Combined TRACON& Tower with Radar,0,9,19,10,38,0,0,18,0,18,0,9,37,10,56,42,8,50,106
08/07/2010,SUX,IA,ACE,CE,Combined TRACON& Tower with Radar,0,8,7,10,25,0,0,10,1,11,0,8,17,11,36,18,0,18,54
08/08/2010,SUX,IA,ACE,CE,Combined TRACON& Tower with Radar,0,7,22,0,29,0,1,19,0,20,0,8,41,0,49,12,0,12,61
08/09/2010,SUX,IA,ACE,CE,Combined TRACON& Tower with Radar,0,7,17,0,24,0,0,2,0,2,0,7,19,0,26,0,0,0,26
08/10/2010,SUX,IA,ACE,CE,Combined TRACON& Tower with Radar,0,14,19,1,34,0,2,9,0,11,0,16,28,1,45,8,12,20,65
08/11/2010,SUX,IA,ACE,CE,Combined TRACON& Tower with Radar,0,10,28,6,44,0,1,13,0,14,0,11,41,6,58,0,0,0,58
08/12/2010,SUX,IA,ACE,CE,Combined TRACON& Tower with Radar,0,7,21,38,66,0,2,14,0,16,0,9,35,38,82,0,8,8,90
08/13/2010,SUX,IA,ACE,CE,Combined TRACON& Tower with Radar,0,9,24,1,34,0,0,19,0,19,0,9,43,1,53,0,0,0,53
08/14/2010,SUX,IA,ACE,CE,Combined TRACON& Tower with Radar,0,5,7,6,18,0,0,25,0,25,0,5,32,6,43,8,0,8,51
08/15/2010,SUX,IA,ACE,CE,Combined TRACON& Tower with Radar,0,6,19,0,25,0,4,21,0,25,0,10,40,0,50,10,0,10,60
08/16/2010,SUX,IA,ACE,CE,Combined TRACON& Tower with Radar,0,6,16,0,22,0,0,10,0,10,0,6,26,0,32,0,0,0,32
08/17/2010,SUX,IA,ACE,CE,Combined TRACON& Tower with Radar,0,5,20,10,35,0,2,5,0,7,0,7,25,10,42,0,2,2,44
08/18/2010,SUX,IA,ACE,CE,Combined TRACON& Tower with Radar,0,5,31,14,50,0,2,13,0,15,0,7,44,14,65,4,8,12,77
08/19/2010,SUX,IA,ACE,CE,Combined TRACON& Tower with Radar,0,5,18,5,28,0,0,10,0,10,0,5,28,5,38,0,0,0,38
08/20/2010,SUX,IA,ACE,CE,Combined TRACON& Tower with Radar,0,5,21,7,33,0,1,7,0,8,0,6,28,7,41,8,2,10,51
08/21/2010,SUX,IA,ACE,CE,Combined TRACON& Tower with Radar,0,4,12,1,17,0,0,13,0,13,0,4,25,1,30,0,0,0,30
08/22/2010,SUX,IA,ACE,CE,Combined TRACON& Tower with Radar,0,7,9,0,16,0,2,20,0,22,0,9,29,0,38,0,0,0,38
08/23/2010,SUX,IA,ACE,CE,Combined TRACON& Tower with Radar,0,5,14,12,31,0,0,10,0,10,0,5,24,12,41,0,6,6,47
08/24/2010,SUX,IA,ACE,CE,Combined TRACON& Tower with Radar,0,6,33,46,85,0,0,14,0,14,0,6,47,46,99,20,18,38,137
08/25/2010,SUX,IA,ACE,CE,Combined TRACON& Tower with Radar,0,9,51,26,86,0,0,16,0,16,0,9,67,26,102,20,0,20,122
08/26/2010,SUX,IA,ACE,CE,Combined TRACON& Tower with Radar,0,5,31,13,49,0,2,21,0,23,0,7,52,13,72,0,8,8,80
08/27/2010,SUX,IA,ACE,CE,Combined TRACON& Tower with Radar,0,5,35,5,45,0,5,9,0,14,0,10,44,5,59,4,0,4,63
08/28/2010,SUX,IA,ACE,CE,Combined TRACON& Tower with Radar,0,6,25,0,31,0,2,10,0,12,0,8,35,0,43,14,0,14,57
08/29/2010,SUX,IA,ACE,CE,Combined TRACON& Tower with Radar,0,5,8,0,13,0,1,6,0,7,0,6,14,0,20,0,0,0,20
08/30/2010,SUX,IA,ACE,CE,Combined TRACON& Tower with Radar,0,12,17,0,29,0,1,7,0,8,0,13,24,0,37,0,0,0,37
08/31/2010,SUX,IA,ACE,CE,Combined TRACON& Tower with Radar,0,5,23,22,50,0,0,3,0,3,0,5,26,22,53,4,0,4,57
09/01/2010,SUX,IA,ACE,CE,Combined TRACON& Tower with Radar,0,11,14,13,38,0,0,3,0,3,0,11,17,13,41,0,6,6,47
09/02/2010,SUX,IA,ACE,CE,Combined TRACON& Tower with Radar,0,6,22,26,54,0,0,4,0,4,0,6,26,26,58,0,10,10,68
09/03/2010,SUX,IA,ACE,CE,Combined TRACON& Tower with Radar,0,5,32,13,50,0,0,17,0,17,0,5,49,13,67,2,4,6,73
09/04/2010,SUX,IA,ACE,CE,Combined TRACON& Tower with Radar,0,4,32,4,40,0,0,19,0,19,0,4,51,4,59,14,0,14,73
09/05/2010,SUX,IA,ACE,CE,Combined TRACON& Tower with Radar,0,3,8,0,11,0,2,9,0,11,0,5,17,0,22,6,0,6,28
09/06/2010,SUX,IA,ACE,CE,Combined TRACON& Tower with Radar,0,5,18,0,23,0,0,3,0,3,0,5,21,0,26,0,0,0,26
09/07/2010,SUX,IA,ACE,CE,Combined TRACON& Tower with Radar,0,7,16,0,23,0,1,6,1,8,0,8,22,1,31,0,0,0,31
09/08/2010,SUX,IA,ACE,CE,Combined TRACON& Tower with Radar,0,6,43,42,91,0,1,7,1,9,0,7,50,43,100,6,10,16,116
09/09/2010,SUX,IA,ACE,CE,Combined TRACON& Tower with Radar,0,11,30,26,67,0,0,3,0,3,0,11,33,26,70,8,0,8,78
09/10/2010,SUX,IA,ACE,CE,Combined TRACON& Tower with Radar,0,7,17,8,32,0,0,0,0,0,0,7,17,8,32,0,6,6,38
09/11/2010,SUX,IA,ACE,CE,Combined TRACON& Tower with Radar,0,3,19,16,38,0,0,15,0,15,0,3,34,16,53,0,2,2,55
09/12/2010,SUX,IA,ACE,CE,Combined TRACON& Tower with Radar,0,5,16,4,25,0,1,17,1,19,0,6,33,5,44,6,0,6,50
09/13/2010,SUX,IA,ACE,CE,Combined TRACON& Tower with Radar,0,5,26,3,34,0,0,5,0,5,0,5,31,3,39,2,0,2,41
09/14/2010,SUX,IA,ACE,CE,Combined TRACON& Tower with Radar,0,14,42,3,59,0,0,6,0,6,0,14,48,3,65,4,0,4,69
09/15/2010,SUX,IA,ACE,CE,Combined TRACON& Tower with Radar,0,13,22,18,53,0,0,2,0,2,0,13,24,18,55,0,0,0,55
09/16/2010,SUX,IA,ACE,CE,Combined TRACON& Tower with Radar,0,5,44,21,70,0,0,8,0,8,0,5,52,21,78,14,2,16,94
09/17/2010,SUX,IA,ACE,CE,Combined TRACON& Tower with Radar,0,9,28,6,43,0,0,5,0,5,0,9,33,6,48,4,0,4,52
09/18/2010,SUX,IA,ACE,CE,Combined TRACON& Tower with Radar,0,6,8,0,14,0,2,9,0,11,0,8,17,0,25,22,0,22,47
09/19/2010,SUX,IA,ACE,CE,Combined TRACON& Tower with Radar,0,7,27,0,34,0,0,1,0,1,0,7,28,0,35,4,0,4,39
09/20/2010,SUX,IA,ACE,CE,Combined TRACON& Tower with Radar,0,5,21,0,26,0,0,9,0,9,0,5,30,0,35,2,0,2,37
09/21/2010,SUX,IA,ACE,CE,Combined TRACON& Tower with Radar,0,10,26,21,57,0,4,10,1,15,0,14,36,22,72,4,0,4,76
09/22/2010,SUX,IA,ACE,CE,Combined TRACON& Tower with Radar,0,9,20,9,38,0,5,1,0,6,0,14,21,9,44,4,0,4,48
09/23/2010,SUX,IA,ACE,CE,Combined TRACON& Tower with Radar,0,9,26,2,37,0,1,0,0,1,0,10,26,2,38,0,0,0,38
09/24/2010,SUX,IA,ACE,CE,Combined TRACON& Tower with Radar,0,5,40,0,45,0,0,24,0,24,0,5,64,0,69,4,0,4,73
09/25/2010,SUX,IA,ACE,CE,Combined TRACON& Tower with Radar,0,6,13,0,19,0,2,2,0,4,0,8,15,0,23,0,0,0,23
09/26/2010,SUX,IA,ACE,CE,Combined TRACON& Tower with Radar,0,7,12,2,21,0,4,25,0,29,0,11,37,2,50,32,0,32,82
09/27/2010,SUX,IA,ACE,CE,Combined TRACON& Tower with Radar,0,5,24,1,30,0,0,20,0,20,0,5,44,1,50,34,0,34,84
09/28/2010,SUX,IA,ACE,CE,Combined TRACON& Tower with Radar,0,6,42,0,48,0,3,9,2,14,0,9,51,2,62,16,0,16,78
09/29/2010,SUX,IA,ACE,CE,Combined TRACON& Tower with Radar,0,6,37,0,43,0,0,10,0,10,0,6,47,0,53,18,0,18,71
09/30/2010,SUX,IA,ACE,CE,Combined TRACON& Tower with Radar,0,7,35,0,42,0,2,28,0,30,0,9,63,0,72,0,0,0,72
10/01/2010,SUX,IA,ACE,CE,Combined TRACON& Tower with Radar,0,5,15,2,22,0,0,27,0,27,0,5,42,2,49,6,0,6,55
10/02/2010,SUX,IA,ACE,CE,Combined TRACON& Tower with Radar,0,5,16,6,27,0,0,28,1,29,0,5,44,7,56,4,10,14,70
10/03/2010,SUX,IA,ACE,CE,Combined TRACON& Tower with Radar,0,7,15,3,25,0,4,27,2,33,0,11,42,5,58,24,6,30,88
10/04/2010,SUX,IA,ACE,CE,Combined TRACON& Tower with Radar,0,5,21,0,26,0,0,7,0,7,0,5,28,0,33,0,0,0,33
10/05/2010,SUX,IA,ACE,CE,Combined TRACON& Tower with Radar,0,8,21,15,44,0,1,9,0,10,0,9,30,15,54,21,6,27,81
10/06/2010,SUX,IA,ACE,CE,Combined TRACON& Tower with Radar,0,6,25,12,43,0,0,12,1,13,0,6,37,13,56,20,2,22,78
10/07/2010,SUX,IA,ACE,CE,Combined TRACON& Tower with Radar,0,5,20,14,39,0,0,6,0,6,0,5,26,14,45,0,10,10,55
10/08/2010,SUX,IA,ACE,CE,Combined TRACON& Tower with Radar,0,7,19,12,38,0,1,20,0,21,0,8,39,12,59,8,0,8,67
10/09/2010,SUX,IA,ACE,CE,Combined TRACON& Tower with Radar,0,11,11,0,22,0,2,12,0,14,0,13,23,0,36,0,0,0,36
10/10/2010,SUX,IA,ACE,CE,Combined TRACON& Tower with Radar,0,8,13,0,21,0,1,24,0,25,0,9,37,0,46,0,0,0,46
10/11/2010,SUX,IA,ACE,CE,Combined TRACON& Tower with Radar,0,5,22,2,29,0,0,13,0,13,0,5,35,2,42,0,0,0,42
10/12/2010,SUX,IA,ACE,CE,Combined TRACON& Tower with Radar,0,7,29,0,36,0,0,6,0,6,0,7,35,0,42,0,0,0,42
10/13/2010,SUX,IA,ACE,CE,Combined TRACON& Tower with Radar,0,8,27,10,45,0,0,14,0,14,0,8,41,10,59,14,8,22,81
10/14/2010,SUX,IA,ACE,CE,Combined TRACON& Tower with Radar,0,6,29,14,49,0,0,4,0,4,0,6,33,14,53,0,6,6,59
10/15/2010,SUX,IA,ACE,CE,Combined TRACON& Tower with Radar,0,11,23,8,42,0,0,25,0,25,0,11,48,8,67,10,4,14,81
10/16/2010,SUX,IA,ACE,CE,Combined TRACON& Tower with Radar,0,5,11,0,16,0,0,9,2,11,0,5,20,2,27,10,0,10,37
10/17/2010,SUX,IA,ACE,CE,Combined TRACON& Tower with Radar,0,10,10,0,20,0,0,15,0,15,0,10,25,0,35,0,0,0,35
10/18/2010,SUX,IA,ACE,CE,Combined TRACON& Tower with Radar,0,7,14,5,26,0,0,24,0,24,0,7,38,5,50,6,0,6,56
10/19/2010,SUX,IA,ACE,CE,Combined TRACON& Tower with Radar,0,5,19,29,53,0,1,10,0,11,0,6,29,29,64,20,12,32,96
10/20/2010,SUX,IA,ACE,CE,Combined TRACON& Tower with Radar,0,5,25,5,35,0,0,4,0,4,0,5,29,5,39,0,0,0,39
10/21/2010,SUX,IA,ACE,CE,Combined TRACON& Tower with Radar,0,8,18,17,43,0,0,18,1,19,0,8,36,18,62,24,6,30,92
10/22/2010,SUX,IA,ACE,CE,Combined TRACON& Tower with Radar,0,8,14,4,26,0,0,5,0,5,0,8,19,4,31,0,0,0,31
10/23/2010,SUX,IA,ACE,CE,Combined TRACON& Tower with Radar,0,4,21,0,25,0,0,3,0,3,0,4,24,0,28,16,0,16,44
10/24/2010,SUX,IA,ACE,CE,Combined TRACON& Tower with Radar,0,9,15,0,24,0,0,1,0,1,0,9,16,0,25,0,0,0,25
10/25/2010,SUX,IA,ACE,CE,Combined TRACON& Tower with Radar,0,5,14,0,19,0,0,1,0,1,0,5,15,0,20,0,0,0,20
10/26/2010,SUX,IA,ACE,CE,Combined TRACON& Tower with Radar,1,7,8,0,16,0,0,0,0,0,1,7,8,0,16,0,0,0,16
10/27/2010,SUX,IA,ACE,CE,Combined TRACON& Tower with Radar,0,8,15,0,23,0,0,2,0,2,0,8,17,0,25,0,0,0,25
10/28/2010,SUX,IA,ACE,CE,Combined TRACON& Tower with Radar,0,6,21,17,44,0,0,7,0,7,0,6,28,17,51,0,2,2,53
10/29/2010,SUX,IA,ACE,CE,Combined TRACON& Tower with Radar,2,5,25,3,35,0,0,15,0,15,2,5,40,3,50,16,0,16,66
10/30/2010,SUX,IA,ACE,CE,Combined TRACON& Tower with Radar,0,6,15,1,22,0,2,20,1,23,0,8,35,2,45,8,0,8,53
10/31/2010,SUX,IA,ACE,CE,Combined TRACON& Tower with Radar,0,15,13,0,28,0,0,8,0,8,0,15,21,0,36,12,0,12,48
11/01/2010,SUX,IA,ACE,CE,Combined TRACON& Tower with Radar,0,12,30,0,42,0,0,7,0,7,0,12,37,0,49,0,0,0,49
11/02/2010,SUX,IA,ACE,CE,Combined TRACON& Tower with Radar,2,7,21,18,48,0,0,10,0,10,2,7,31,18,58,14,4,18,76
11/03/2010,SUX,IA,ACE,CE,Combined TRACON& Tower with Radar,0,5,19,6,30,0,0,9,0,9,0,5,28,6,39,12,0,12,51
11/04/2010,SUX,IA,ACE,CE,Combined TRACON& Tower with Radar,0,9,25,15,49,0,0,4,1,5,0,9,29,16,54,0,0,0,54
11/05/2010,SUX,IA,ACE,CE,Combined TRACON& Tower with Radar,1,6,17,8,32,0,0,16,5,21,1,6,33,13,53,0,8,8,61
11/06/2010,SUX,IA,ACE,CE,Combined TRACON& Tower with Radar,0,6,18,8,32,0,0,18,0,18,0,6,36,8,50,0,0,0,50
11/07/2010,SUX,IA,ACE,CE,Combined TRACON& Tower with Radar,0,5,14,4,23,0,1,13,0,14,0,6,27,4,37,46,0,46,83
11/08/2010,SUX,IA,ACE,CE,Combined TRACON& Tower with Radar,0,7,19,10,36,0,0,14,1,15,0,7,33,11,51,12,10,22,73
11/09/2010,SUX,IA,ACE,CE,Combined TRACON& Tower with Radar,0,5,25,11,41,0,0,6,0,6,0,5,31,11,47,10,0,10,57
11/10/2010,SUX,IA,ACE,CE,Combined TRACON& Tower with Radar,0,6,15,8,29,0,0,2,0,2,0,6,17,8,31,0,0,0,31
11/11/2010,SUX,IA,ACE,CE,Combined TRACON& Tower with Radar,0,13,20,0,33,0,2,9,0,11,0,15,29,0,44,6,0,6,50
11/12/2010,SUX,IA,ACE,CE,Combined TRACON& Tower with Radar,0,11,16,0,27,0,1,0,0,1,0,12,16,0,28,0,0,0,28
11/13/2010,SUX,IA,ACE,CE,Combined TRACON& Tower with Radar,0,2,7,0,9,0,5,2,0,7,0,7,9,0,16,0,0,0,16
11/14/2010,SUX,IA,ACE,CE,Combined TRACON& Tower with Radar,0,8,13,0,21,0,0,7,1,8,0,8,20,1,29,12,0,12,41
11/15/2010,SUX,IA,ACE,CE,Combined TRACON& Tower with Radar,0,5,32,0,37,0,0,13,0,13,0,5,45,0,50,4,0,4,54
11/16/2010,SUX,IA,ACE,CE,Combined TRACON& Tower with Radar,0,4,16,13,33,0,4,5,0,9,0,8,21,13,42,0,0,0,42
11/17/2010,SUX,IA,ACE,CE,Combined TRACON& Tower with Radar,0,7,25,28,60,0,1,0,0,1,0,8,25,28,61,0,10,10,71
11/18/2010,SUX,IA,ACE,CE,Combined TRACON& Tower with Radar,0,7,19,11,37,0,0,5,0,5,0,7,24,11,42,0,0,0,42
11/19/2010,SUX,IA,ACE,CE,Combined TRACON& Tower with Radar,0,7,25,15,47,0,2,10,0,12,0,9,35,15,59,0,0,0,59
11/20/2010,SUX,IA,ACE,CE,Combined TRACON& Tower with Radar,0,7,20,0,27,0,1,6,0,7,0,8,26,0,34,0,0,0,34
11/21/2010,SUX,IA,ACE,CE,Combined TRACON& Tower with Radar,0,5,10,0,15,0,0,1,0,1,0,5,11,0,16,0,0,0,16
11/22/2010,SUX,IA,ACE,CE,Combined TRACON& Tower with Radar,0,8,22,0,30,0,1,0,0,1,0,9,22,0,31,0,0,0,31
11/23/2010,SUX,IA,ACE,CE,Combined TRACON& Tower with Radar,2,8,34,19,63,0,0,6,1,7,2,8,40,20,70,0,4,4,74
11/24/2010,SUX,IA,ACE,CE,Combined TRACON& Tower with Radar,0,7,9,0,16,0,2,0,0,2,0,9,9,0,18,0,0,0,18
11/25/2010,SUX,IA,ACE,CE,Combined TRACON& Tower with Radar,0,4,1,0,5,0,0,1,0,1,0,4,2,0,6,0,0,0,6
11/26/2010,SUX,IA,ACE,CE,Combined TRACON& Tower with Radar,2,2,6,3,13,0,0,7,0,7,2,2,13,3,20,0,0,0,20
11/27/2010,SUX,IA,ACE,CE,Combined TRACON& Tower with Radar,0,5,2,2,9,0,0,11,0,11,0,5,13,2,20,16,0,16,36
11/28/2010,SUX,IA,ACE,CE,Combined TRACON& Tower with Radar,0,7,2,0,9,0,0,4,0,4,0,7,6,0,13,0,0,0,13
11/29/2010,SUX,IA,ACE,CE,Combined TRACON& Tower with Radar,0,6,7,0,13,0,1,0,0,1,0,7,7,0,14,0,0,0,14
11/30/2010,SUX,IA,ACE,CE,Combined TRACON& Tower with Radar,0,10,15,12,37,0,0,0,0,0,0,10,15,12,37,0,2,2,39
12/01/2010,SUX,IA,ACE,CE,Combined TRACON& Tower with Radar,0,5,21,22,48,0,1,7,0,8,0,6,28,22,56,0,4,4,60
12/02/2010,SUX,IA,ACE,CE,Combined TRACON& Tower with Radar,0,11,26,25,62,0,2,3,0,5,0,13,29,25,67,0,6,6,73
12/03/2010,SUX,IA,ACE,CE,Combined TRACON& Tower with Radar,0,5,17,8,30,0,4,7,0,11,0,9,24,8,41,0,2,2,43
12/04/2010,SUX,IA,ACE,CE,Combined TRACON& Tower with Radar,0,5,14,6,25,0,0,0,0,0,0,5,14,6,25,6,6,12,37
12/05/2010,SUX,IA,ACE,CE,Combined TRACON& Tower with Radar,0,7,9,2,18,0,0,4,0,4,0,7,13,2,22,0,0,0,22
12/06/2010,SUX,IA,ACE,CE,Combined TRACON& Tower with Radar,0,8,14,0,22,0,0,3,0,3,0,8,17,0,25,18,0,18,43
12/07/2010,SUX,IA,ACE,CE,Combined TRACON& Tower with Radar,0,10,27,2,39,0,1,14,0,15,0,11,41,2,54,0,4,4,58
12/08/2010,SUX,IA,ACE,CE,Combined TRACON& Tower with Radar,0,6,25,16,47,0,0,4,0,4,0,6,29,16,51,14,16,30,81
12/09/2010,SUX,IA,ACE,CE,Combined TRACON& Tower with Radar,0,10,20,17,47,0,0,3,1,4,0,10,23,18,51,0,14,14,65
12/10/2010,SUX,IA,ACE,CE,Combined TRACON& Tower with Radar,0,6,21,4,31,0,0,6,0,6,0,6,27,4,37,0,0,0,37
12/11/2010,SUX,IA,ACE,CE,Combined TRACON& Tower with Radar,0,0,1,0,1,0,0,0,0,0,0,0,1,0,1,0,0,0,1
12/12/2010,SUX,IA,ACE,CE,Combined TRACON& Tower with Radar,0,5,4,0,9,0,5,0,0,5,0,10,4,0,14,0,0,0,14
12/13/2010,SUX,IA,ACE,CE,Combined TRACON& Tower with Radar,0,6,14,0,20,0,0,1,0,1,0,6,15,0,21,0,0,0,21
12/14/2010,SUX,IA,ACE,CE,Combined TRACON& Tower with Radar,0,5,13,14,32,0,0,1,0,1,0,5,14,14,33,10,4,14,47
12/15/2010,SUX,IA,ACE,CE,Combined TRACON& Tower with Radar,0,10,27,14,51,0,1,2,0,3,0,11,29,14,54,0,10,10,64
12/16/2010,SUX,IA,ACE,CE,Combined TRACON& Tower with Radar,0,8,25,6,39,0,0,0,0,0,0,8,25,6,39,0,0,0,39
12/17/2010,SUX,IA,ACE,CE,Combined TRACON& Tower with Radar,0,9,22,13,44,0,0,0,0,0,0,9,22,13,44,0,2,2,46
12/18/2010,SUX,IA,ACE,CE,Combined TRACON& Tower with Radar,0,4,9,0,13,0,0,13,0,13,0,4,22,0,26,10,0,10,36
12/19/2010,SUX,IA,ACE,CE,Combined TRACON& Tower with Radar,0,5,6,0,11,0,1,0,0,1,0,6,6,0,12,0,0,0,12
12/20/2010,SUX,IA,ACE,CE,Combined TRACON& Tower with Radar,0,8,12,18,38,0,1,1,0,2,0,9,13,18,40,0,4,4,44
12/21/2010,SUX,IA,ACE,CE,Combined TRACON& Tower with Radar,0,10,11,12,33,0,0,4,0,4,0,10,15,12,37,8,16,24,61
12/22/2010,SUX,IA,ACE,CE,Combined TRACON& Tower with Radar,0,11,16,10,37,0,0,3,0,3,0,11,19,10,40,4,0,4,44
12/23/2010,SUX,IA,ACE,CE,Combined TRACON& Tower with Radar,0,10,10,0,20,0,3,0,0,3,0,13,10,0,23,0,0,0,23
12/24/2010,SUX,IA,ACE,CE,Combined TRACON& Tower with Radar,0,4,0,0,4,0,0,0,0,0,0,4,0,0,4,0,0,0,4
12/25/2010,SUX,IA,ACE,CE,Combined TRACON& Tower with Radar,0,8,1,0,9,0,1,0,0,1,0,9,1,0,10,0,0,0,10
12/26/2010,SUX,IA,ACE,CE,Combined TRACON& Tower with Radar,0,6,9,0,15,0,0,2,0,2,0,6,11,0,17,4,0,4,21
12/27/2010,SUX,IA,ACE,CE,Combined TRACON& Tower with Radar,0,6,11,2,19,0,0,3,0,3,0,6,14,2,22,0,4,4,26
12/28/2010,SUX,IA,ACE,CE,Combined TRACON& Tower with Radar,0,8,14,6,28,0,0,5,0,5,0,8,19,6,33,0,0,0,33
12/29/2010,SUX,IA,ACE,CE,Combined TRACON& Tower with Radar,0,7,10,0,17,0,0,1,0,1,0,7,11,0,18,0,0,0,18
12/30/2010,SUX,IA,ACE,CE,Combined TRACON& Tower with Radar,0,6,9,0,15,0,1,0,0,1,0,7,9,0,16,0,0,0,16
12/31/2010,SUX,IA,ACE,CE,Combined TRACON& Tower with Radar,0,5,4,0,9,0,0,0,0,0,0,5,4,0,9,0,0,0,9
01/01/2011,SUX,IA,ACE,CE,Combined TRACON& Tower with Radar,0,5,4,5,14,0,0,0,1,1,0,5,4,6,15,0,0,0,15
01/02/2011,SUX,IA,ACE,CE,Combined TRACON& Tower with Radar,0,8,13,0,21,0,3,7,0,10,0,11,20,0,31,8,0,8,39
01/03/2011,SUX,IA,ACE,CE,Combined TRACON& Tower with Radar,0,9,15,1,25,0,0,3,0,3,0,9,18,1,28,6,0,6,34
01/04/2011,SUX,IA,ACE,CE,Combined TRACON& Tower with Radar,0,7,21,23,51,0,0,3,0,3,0,7,24,23,54,0,6,6,60
01/05/2011,SUX,IA,ACE,CE,Combined TRACON& Tower with Radar,0,9,12,3,24,0,0,13,0,13,0,9,25,3,37,0,0,0,37
01/06/2011,SUX,IA,ACE,CE,Combined TRACON& Tower with Radar,0,7,25,11,43,0,0,2,0,2,0,7,27,11,45,0,0,0,45
01/07/2011,SUX,IA,ACE,CE,Combined TRACON& Tower with Radar,0,5,11,1,17,0,2,2,0,4,0,7,13,1,21,8,0,8,29
01/08/2011,SUX,IA,ACE,CE,Combined TRACON& Tower with Radar,0,4,14,12,30,0,0,16,0,16,0,4,30,12,46,24,14,38,84
01/09/2011,SUX,IA,ACE,CE,Combined TRACON& Tower with Radar,0,6,8,0,14,0,0,0,0,0,0,6,8,0,14,0,0,0,14
01/10/2011,SUX,IA,ACE,CE,Combined TRACON& Tower with Radar,0,5,15,0,20,0,0,0,0,0,0,5,15,0,20,0,0,0,20
01/11/2011,SUX,IA,ACE,CE,Combined TRACON& Tower with Radar,0,5,27,4,36,0,1,8,0,9,0,6,35,4,45,36,0,36,81
01/12/2011,SUX,IA,ACE,CE,Combined TRACON& Tower with Radar,0,6,16,7,29,0,6,7,0,13,0,12,23,7,42,24,0,24,66
01/13/2011,SUX,IA,ACE,CE,Combined TRACON& Tower with Radar,2,8,23,10,43,0,3,11,0,14,2,11,34,10,57,20,2,22,79
01/14/2011,SUX,IA,ACE,CE,Combined TRACON& Tower with Radar,0,7,9,0,16,0,2,3,0,5,0,9,12,0,21,10,0,10,31
01/15/2011,SUX,IA,ACE,CE,Combined TRACON& Tower with Radar,0,4,6,0,10,0,4,0,0,4,0,8,6,0,14,0,0,0,14
01/16/2011,SUX,IA,ACE,CE,Combined TRACON& Tower with Radar,2,4,7,1,14,0,2,2,1,5,2,6,9,2,19,14,0,14,33
01/17/2011,SUX,IA,ACE,CE,Combined TRACON& Tower with Radar,0,4,5,0,9,0,0,0,0,0,0,4,5,0,9,0,0,0,9
01/18/2011,SUX,IA,ACE,CE,Combined TRACON& Tower with Radar,0,8,20,0,28,0,2,4,0,6,0,10,24,0,34,8,0,8,42
01/19/2011,SUX,IA,ACE,CE,Combined TRACON& Tower with Radar,0,8,17,28,53,0,1,5,0,6,0,9,22,28,59,24,12,36,95
01/20/2011,SUX,IA,ACE,CE,Combined TRACON& Tower with Radar,0,7,18,20,45,0,0,6,0,6,0,7,24,20,51,22,12,34,85
01/21/2011,SUX,IA,ACE,CE,Combined TRACON& Tower with Radar,0,7,7,11,25,0,4,2,0,6,0,11,9,11,31,0,0,0,31
01/22/2011,SUX,IA,ACE,CE,Combined TRACON& Tower with Radar,0,5,4,1,10,0,0,2,0,2,0,5,6,1,12,0,0,0,12
01/23/2011,SUX,IA,ACE,CE,Combined TRACON& Tower with Radar,0,5,15,0,20,0,0,4,1,5,0,5,19,1,25,0,0,0,25
01/24/2011,SUX,IA,ACE,CE,Combined TRACON& Tower with Radar,0,9,13,0,22,0,0,10,0,10,0,9,23,0,32,18,0,18,50
01/25/2011,SUX,IA,ACE,CE,Combined TRACON& Tower with Radar,0,9,15,12,36,0,1,11,2,14,0,10,26,14,50,12,6,18,68
01/26/2011,SUX,IA,ACE,CE,Combined TRACON& Tower with Radar,0,5,18,20,43,0,0,1,0,1,0,5,19,20,44,0,0,0,44
01/27/2011,SUX,IA,ACE,CE,Combined TRACON& Tower with Radar,0,6,17,20,43,0,0,12,0,12,0,6,29,20,55,14,4,18,73
01/28/2011,SUX,IA,ACE,CE,Combined TRACON& Tower with Radar,0,5,28,8,41,0,0,14,0,14,0,5,42,8,55,30,2,32,87
01/29/2011,SUX,IA,ACE,CE,Combined TRACON& Tower with Radar,0,5,5,1,11,0,2,5,0,7,0,7,10,1,18,4,0,4,22
01/30/2011,SUX,IA,ACE,CE,Combined TRACON& Tower with Radar,0,6,8,0,14,0,1,1,0,2,0,7,9,0,16,10,0,10,26
01/31/2011,SUX,IA,ACE,CE,Combined TRACON& Tower with Radar,0,4,9,0,13,0,0,0,0,0,0,4,9,0,13,0,0,0,13
02/01/2011,SUX,IA,ACE,CE,Combined TRACON& Tower with Radar,0,5,3,0,8,0,0,0,0,0,0,5,3,0,8,0,0,0,8
02/02/2011,SUX,IA,ACE,CE,Combined TRACON& Tower with Radar,0,7,16,12,35,0,0,7,0,7,0,7,23,12,42,16,4,20,62
02/03/2011,SUX,IA,ACE,CE,Combined TRACON& Tower with Radar,0,5,10,14,29,0,1,2,0,3,0,6,12,14,32,0,0,0,32
02/04/2011,SUX,IA,ACE,CE,Combined TRACON& Tower with Radar,0,9,24,8,41,0,2,8,0,10,0,11,32,8,51,4,0,4,55
02/05/2011,SUX,IA,ACE,CE,Combined TRACON& Tower with Radar,0,4,5,0,9,0,1,0,0,1,0,5,5,0,10,0,0,0,10
02/06/2011,SUX,IA,ACE,CE,Combined TRACON& Tower with Radar,0,7,6,0,13,0,0,1,0,1,0,7,7,0,14,40,0,40,54
02/07/2011,SUX,IA,ACE,CE,Combined TRACON& Tower with Radar,0,7,10,1,18,0,1,1,0,2,0,8,11,1,20,18,0,18,38
02/08/2011,SUX,IA,ACE,CE,Combined TRACON& Tower with Radar,0,6,17,25,48,0,2,4,2,8,0,8,21,27,56,0,0,0,56
02/09/2011,SUX,IA,ACE,CE,Combined TRACON& Tower with Radar,2,10,17,12,41,0,2,8,0,10,2,12,25,12,51,16,0,16,67
02/10/2011,SUX,IA,ACE,CE,Combined TRACON& Tower with Radar,0,13,36,10,59,0,2,12,0,14,0,15,48,10,73,0,0,0,73
02/11/2011,SUX,IA,ACE,CE,Combined TRACON& Tower with Radar,0,5,19,13,37,0,9,5,0,14,0,14,24,13,51,0,0,0,51
02/12/2011,SUX,IA,ACE,CE,Combined TRACON& Tower with Radar,0,5,13,1,19,0,0,16,0,16,0,5,29,1,35,0,0,0,35
02/13/2011,SUX,IA,ACE,CE,Combined TRACON& Tower with Radar,2,5,10,1,18,0,0,12,0,12,2,5,22,1,30,0,0,0,30
02/14/2011,SUX,IA,ACE,CE,Combined TRACON& Tower with Radar,0,6,12,5,23,0,0,3,0,3,0,6,15,5,26,0,0,0,26
02/15/2011,SUX,IA,ACE,CE,Combined TRACON& Tower with Radar,0,6,17,2,25,0,0,7,1,8,0,6,24,3,33,10,0,10,43
02/16/2011,SUX,IA,ACE,CE,Combined TRACON& Tower with Radar,0,7,26,17,50,0,2,6,0,8,0,9,32,17,58,2,8,10,68
02/17/2011,SUX,IA,ACE,CE,Combined TRACON& Tower with Radar,0,4,24,1,29,0,0,6,0,6,0,4,30,1,35,0,0,0,35
02/18/2011,SUX,IA,ACE,CE,Combined TRACON& Tower with Radar,0,9,28,0,37,0,0,10,0,10,0,9,38,0,47,0,0,0,47
02/19/2011,SUX,IA,ACE,CE,Combined TRACON& Tower with Radar,0,6,14,0,20,0,2,18,0,20,0,8,32,0,40,42,0,42,82
02/20/2011,SUX,IA,ACE,CE,Combined TRACON& Tower with Radar,0,0,1,1,2,0,0,0,0,0,0,0,1,1,2,0,0,0,2
02/21/2011,SUX,IA,ACE,CE,Combined TRACON& Tower with Radar,0,1,17,0,18,0,0,0,0,0,0,1,17,0,18,0,0,0,18
02/22/2011,SUX,IA,ACE,CE,Combined TRACON& Tower with Radar,0,5,21,1,27,0,0,10,0,10,0,5,31,1,37,0,0,0,37
02/23/2011,SUX,IA,ACE,CE,Combined TRACON& Tower with Radar,0,5,31,23,59,0,0,13,0,13,0,5,44,23,72,4,4,8,80
02/24/2011,SUX,IA,ACE,CE,Combined TRACON& Tower with Radar,0,6,22,1,29,0,0,0,0,0,0,6,22,1,29,0,0,0,29
02/25/2011,SUX,IA,ACE,CE,Combined TRACON& Tower with Radar,0,8,11,6,25,0,0,0,0,0,0,8,11,6,25,0,0,0,25
02/26/2011,SUX,IA,ACE,CE,Combined TRACON& Tower with Radar,0,4,7,0,11,0,0,0,0,0,0,4,7,0,11,0,0,0,11
02/27/2011,SUX,IA,ACE,CE,Combined TRACON& Tower with Radar,0,11,18,0,29,0,0,2,0,2,0,11,20,0,31,0,0,0,31
02/28/2011,SUX,IA,ACE,CE,Combined TRACON& Tower with Radar,0,7,12,1,20,0,0,8,0,8,0,7,20,1,28,0,0,0,28
03/01/2011,SUX,IA,ACE,CE,Combined TRACON& Tower with Radar,0,10,29,12,51,0,0,7,0,7,0,10,36,12,58,0,0,0,58
03/02/2011,SUX,IA,ACE,CE,Combined TRACON& Tower with Radar,0,7,19,5,31,0,1,11,0,12,0,8,30,5,43,0,0,0,43
03/03/2011,SUX,IA,ACE,CE,Combined TRACON& Tower with Radar,0,5,17,2,24,0,0,3,0,3,0,5,20,2,27,0,0,0,27
03/04/2011,SUX,IA,ACE,CE,Combined TRACON& Tower with Radar,0,5,6,0,11,0,0,2,0,2,0,5,8,0,13,0,0,0,13
03/05/2011,SUX,IA,ACE,CE,Combined TRACON& Tower with Radar,0,4,8,1,13,0,0,19,0,19,0,4,27,1,32,16,0,16,48
03/06/2011,SUX,IA,ACE,CE,Combined TRACON& Tower with Radar,0,7,3,1,11,0,0,1,0,1,0,7,4,1,12,0,0,0,12
03/07/2011,SUX,IA,ACE,CE,Combined TRACON& Tower with Radar,0,7,16,0,23,0,0,0,0,0,0,7,16,0,23,0,0,0,23
03/08/2011,SUX,IA,ACE,CE,Combined TRACON& Tower with Radar,0,7,13,0,20,0,0,0,0,0,0,7,13,0,20,0,0,0,20
03/09/2011,SUX,IA,ACE,CE,Combined TRACON& Tower with Radar,0,5,12,0,17,0,1,0,0,1,0,6,12,0,18,0,0,0,18
03/10/2011,SUX,IA,ACE,CE,Combined TRACON& Tower with Radar,0,6,37,3,46,0,1,16,0,17,0,7,53,3,63,0,0,0,63
03/11/2011,SUX,IA,ACE,CE,Combined TRACON& Tower with Radar,0,8,16,0,24,0,2,8,0,10,0,10,24,0,34,0,0,0,34
03/12/2011,SUX,IA,ACE,CE,Combined TRACON& Tower with Radar,0,4,15,0,19,0,0,1,0,1,0,4,16,0,20,0,0,0,20
03/13/2011,SUX,IA,ACE,CE,Combined TRACON& Tower with Radar,0,13,18,0,31,0,0,10,0,10,0,13,28,0,41,0,0,0,41
03/14/2011,SUX,IA,ACE,CE,Combined TRACON& Tower with Radar,0,5,28,0,33,0,0,2,0,2,0,5,30,0,35,6,0,6,41
03/15/2011,SUX,IA,ACE,CE,Combined TRACON& Tower with Radar,0,7,39,4,50,0,1,9,0,10,0,8,48,4,60,20,0,20,80
03/16/2011,SUX,IA,ACE,CE,Combined TRACON& Tower with Radar,0,7,23,4,34,0,0,17,1,18,0,7,40,5,52,16,0,16,68
03/17/2011,SUX,IA,ACE,CE,Combined TRACON& Tower with Radar,0,11,27,9,47,0,1,4,0,5,0,12,31,9,52,0,6,6,58
03/18/2011,SUX,IA,ACE,CE,Combined TRACON& Tower with Radar,0,7,15,5,27,0,0,18,0,18,0,7,33,5,45,0,0,0,45
03/19/2011,SUX,IA,ACE,CE,Combined TRACON& Tower with Radar,0,4,10,1,15,0,2,10,0,12,0,6,20,1,27,0,0,0,27
03/20/2011,SUX,IA,ACE,CE,Combined TRACON& Tower with Radar,0,10,4,0,14,0,0,4,0,4,0,10,8,0,18,0,0,0,18
03/21/2011,SUX,IA,ACE,CE,Combined TRACON& Tower with Radar,0,8,19,0,27,0,1,7,0,8,0,9,26,0,35,0,0,0,35
03/22/2011,SUX,IA,ACE,CE,Combined TRACON& Tower with Radar,0,8,12,12,32,0,0,0,0,0,0,8,12,12,32,0,0,0,32
03/23/2011,SUX,IA,ACE,CE,Combined TRACON& Tower with Radar,0,10,13,4,27,0,2,3,0,5,0,12,16,4,32,0,0,0,32
03/24/2011,SUX,IA,ACE,CE,Combined TRACON& Tower with Radar,0,5,36,8,49,0,0,9,0,9,0,5,45,8,58,8,0,8,66
03/25/2011,SUX,IA,ACE,CE,Combined TRACON& Tower with Radar,0,7,12,0,19,0,7,0,0,7,0,14,12,0,26,0,0,0,26
03/26/2011,SUX,IA,ACE,CE,Combined TRACON& Tower with Radar,0,4,11,2,17,0,1,0,0,1,0,5,11,2,18,0,0,0,18
03/27/2011,SUX,IA,ACE,CE,Combined TRACON& Tower with Radar,0,7,14,1,22,0,0,4,0,4,0,7,18,1,26,0,0,0,26
03/28/2011,SUX,IA,ACE,CE,Combined TRACON& Tower with Radar,0,7,17,0,24,0,3,6,0,9,0,10,23,0,33,4,0,4,37
03/29/2011,SUX,IA,ACE,CE,Combined TRACON& Tower with Radar,0,5,16,14,35,0,5,4,0,9,0,10,20,14,44,0,0,0,44
03/30/2011,SUX,IA,ACE,CE,Combined TRACON& Tower with Radar,0,7,30,6,43,0,0,7,0,7,0,7,37,6,50,6,0,6,56
03/31/2011,SUX,IA,ACE,CE,Combined TRACON& Tower with Radar,0,11,24,10,45,0,0,4,0,4,0,11,28,10,49,0,0,0,49
04/01/2011,SUX,IA,ACE,CE,Combined TRACON& Tower with Radar,0,8,13,18,39,0,0,12,0,12,0,8,25,18,51,4,0,4,55
04/02/2011,SUX,IA,ACE,CE,Combined TRACON& Tower with Radar,0,4,19,13,36,0,0,25,0,25,0,4,44,13,61,4,0,4,65
04/03/2011,SUX,IA,ACE,CE,Combined TRACON& Tower with Radar,0,5,6,10,21,0,0,5,0,5,0,5,11,10,26,0,0,0,26
04/04/2011,SUX,IA,ACE,CE,Combined TRACON& Tower with Radar,0,8,10,1,19,0,0,0,0,0,0,8,10,1,19,0,0,0,19
04/05/2011,SUX,IA,ACE,CE,Combined TRACON& Tower with Radar,0,6,29,15,50,0,2,12,0,14,0,8,41,15,64,0,0,0,64
04/06/2011,SUX,IA,ACE,CE,Combined TRACON& Tower with Radar,0,6,16,16,38,0,0,18,2,20,0,6,34,18,58,20,0,20,78
04/07/2011,SUX,IA,ACE,CE,Combined TRACON& Tower with Radar,0,7,27,25,59,0,0,0,0,0,0,7,27,25,59,0,0,0,59
04/08/2011,SUX,IA,ACE,CE,Combined TRACON& Tower with Radar,0,5,31,8,44,0,0,0,0,0,0,5,31,8,44,0,0,0,44
04/09/2011,SUX,IA,ACE,CE,Combined TRACON& Tower with Radar,0,4,12,0,16,0,1,1,0,2,0,5,13,0,18,0,0,0,18
04/10/2011,SUX,IA,ACE,CE,Combined TRACON& Tower with Radar,0,6,6,0,12,0,0,2,0,2,0,6,8,0,14,0,0,0,14
04/11/2011,SUX,IA,ACE,CE,Combined TRACON& Tower with Radar,0,7,11,1,19,0,0,11,0,11,0,7,22,1,30,12,0,12,42
04/12/2011,SUX,IA,ACE,CE,Combined TRACON& Tower with Radar,0,5,17,10,32,0,3,16,0,19,0,8,33,10,51,18,4,22,73
04/13/2011,SUX,IA,ACE,CE,Combined TRACON& Tower with Radar,0,13,24,6,43,0,11,5,0,16,0,24,29,6,59,10,0,10,69
04/14/2011,SUX,IA,ACE,CE,Combined TRACON& Tower with Radar,0,12,19,3,34,0,1,0,0,1,0,13,19,3,35,0,0,0,35
04/15/2011,SUX,IA,ACE,CE,Combined TRACON& Tower with Radar,0,6,4,5,15,0,0,0,0,0,0,6,4,5,15,0,0,0,15
04/16/2011,SUX,IA,ACE,CE,Combined TRACON& Tower with Radar,0,3,6,1,10,0,0,8,0,8,0,3,14,1,18,0,0,0,18
04/17/2011,SUX,IA,ACE,CE,Combined TRACON& Tower with Radar,0,9,17,0,26,0,0,3,0,3,0,9,20,0,29,12,0,12,41
04/18/2011,SUX,IA,ACE,CE,Combined TRACON& Tower with Radar,0,5,19,3,27,0,1,6,0,7,0,6,25,3,34,12,0,12,46
04/19/2011,SUX,IA,ACE,CE,Combined TRACON& Tower with Radar,0,6,14,3,23,0,1,1,0,2,0,7,15,3,25,0,0,0,25
04/20/2011,SUX,IA,ACE,CE,Combined TRACON& Tower with Radar,0,7,42,3,52,0,2,6,0,8,0,9,48,3,60,18,2,20,80
04/21/2011,SUX,IA,ACE,CE,Combined TRACON& Tower with Radar,0,7,16,2,25,0,8,5,0,13,0,15,21,2,38,0,4,4,42
04/22/2011,SUX,IA,ACE,CE,Combined TRACON& Tower with Radar,2,5,10,7,24,0,0,4,0,4,2,5,14,7,28,0,0,0,28
04/23/2011,SUX,IA,ACE,CE,Combined TRACON& Tower with Radar,0,3,25,0,28,0,0,4,0,4,0,3,29,0,32,12,0,12,44
04/24/2011,SUX,IA,ACE,CE,Combined TRACON& Tower with Radar,0,3,7,0,10,0,0,23,0,23,0,3,30,0,33,0,0,0,33
04/25/2011,SUX,IA,ACE,CE,Combined TRACON& Tower with Radar,0,6,35,0,41,0,1,10,0,11,0,7,45,0,52,0,0,0,52
04/26/2011,SUX,IA,ACE,CE,Combined TRACON& Tower with Radar,2,6,39,21,68,0,0,1,0,1,2,6,40,21,69,0,0,0,69
04/27/2011,SUX,IA,ACE,CE,Combined TRACON& Tower with Radar,0,9,15,14,38,0,4,5,0,9,0,13,20,14,47,20,0,20,67
04/28/2011,SUX,IA,ACE,CE,Combined TRACON& Tower with Radar,0,5,24,6,35,0,0,4,0,4,0,5,28,6,39,18,8,26,65
04/29/2011,SUX,IA,ACE,CE,Combined TRACON& Tower with Radar,0,5,7,4,16,0,1,6,0,7,0,6,13,4,23,0,0,0,23
04/30/2011,SUX,IA,ACE,CE,Combined TRACON& Tower with Radar,0,3,5,0,8,0,2,2,0,4,0,5,7,0,12,8,0,8,20
05/01/2011,SUX,IA,ACE,CE,Combined TRACON& Tower with Radar,0,9,19,1,29,0,2,4,0,6,0,11,23,1,35,0,0,0,35
05/02/2011,SUX,IA,ACE,CE,Combined TRACON& Tower with Radar,0,5,13,1,19,0,0,12,0,12,0,5,25,1,31,26,0,26,57
05/03/2011,SUX,IA,ACE,CE,Combined TRACON& Tower with Radar,0,12,43,25,80,0,4,11,0,15,0,16,54,25,95,8,0,8,103
05/04/2011,SUX,IA,ACE,CE,Combined TRACON& Tower with Radar,0,8,25,11,44,0,0,3,0,3,0,8,28,11,47,0,0,0,47
05/05/2011,SUX,IA,ACE,CE,Combined TRACON& Tower with Radar,0,9,41,16,66,0,0,10,0,10,0,9,51,16,76,6,0,6,82
05/06/2011,SUX,IA,ACE,CE,Combined TRACON& Tower with Radar,0,5,26,6,37,0,0,6,0,6,0,5,32,6,43,0,0,0,43
05/07/2011,SUX,IA,ACE,CE,Combined TRACON& Tower with Radar,0,5,20,1,26,0,0,12,0,12,0,5,32,1,38,0,0,0,38
05/08/2011,SUX,IA,ACE,CE,Combined TRACON& Tower with Radar,0,5,8,0,13,0,0,2,0,2,0,5,10,0,15,0,0,0,15
05/09/2011,SUX,IA,ACE,CE,Combined TRACON& Tower with Radar,0,9,18,0,27,0,0,3,0,3,0,9,21,0,30,16,0,16,46
05/10/2011,SUX,IA,ACE,CE,Combined TRACON& Tower with Radar,0,9,25,14,48,0,0,5,0,5,0,9,30,14,53,0,0,0,53
05/11/2011,SUX,IA,ACE,CE,Combined TRACON& Tower with Radar,2,9,24,14,49,0,1,2,0,3,2,10,26,14,52,0,0,0,52
05/12/2011,SUX,IA,ACE,CE,Combined TRACON& Tower with Radar,0,7,30,12,49,0,2,4,0,6,0,9,34,12,55,16,0,16,71
05/13/2011,SUX,IA,ACE,CE,Combined TRACON& Tower with Radar,0,6,21,0,27,0,0,6,0,6,0,6,27,0,33,0,0,0,33
05/14/2011,SUX,IA,ACE,CE,Combined TRACON& Tower with Radar,0,4,6,0,10,0,1,0,0,1,0,5,6,0,11,0,0,0,11
05/15/2011,SUX,IA,ACE,CE,Combined TRACON& Tower with Radar,0,5,11,6,22,0,0,9,0,9,0,5,20,6,31,18,0,18,49
05/16/2011,SUX,IA,ACE,CE,Combined TRACON& Tower with Radar,0,5,25,5,35,0,0,10,0,10,0,5,35,5,45,10,0,10,55
05/17/2011,SUX,IA,ACE,CE,Combined TRACON& Tower with Radar,0,7,40,14,61,0,0,29,0,29,0,7,69,14,90,8,0,8,98
05/18/2011,SUX,IA,ACE,CE,Combined TRACON& Tower with Radar,0,4,12,10,26,0,0,8,0,8,0,4,20,10,34,0,2,2,36
05/19/2011,SUX,IA,ACE,CE,Combined TRACON& Tower with Radar,0,6,18,10,34,0,3,2,0,5,0,9,20,10,39,0,0,0,39
05/20/2011,SUX,IA,ACE,CE,Combined TRACON& Tower with Radar,0,7,10,8,25,0,0,1,0,1,0,7,11,8,26,0,0,0,26
05/21/2011,SUX,IA,ACE,CE,Combined TRACON& Tower with Radar,0,1,3,1,5,0,3,0,0,3,0,4,3,1,8,0,0,0,8
05/22/2011,SUX,IA,ACE,CE,Combined TRACON& Tower with Radar,0,6,18,1,25,0,0,11,0,11,0,6,29,1,36,0,0,0,36
05/23/2011,SUX,IA,ACE,CE,Combined TRACON& Tower with Radar,0,9,27,0,36,0,0,14,0,14,0,9,41,0,50,4,0,4,54
05/24/2011,SUX,IA,ACE,CE,Combined TRACON& Tower with Radar,0,5,24,7,36,0,5,10,0,15,0,10,34,7,51,0,0,0,51
05/25/2011,SUX,IA,ACE,CE,Combined TRACON& Tower with Radar,0,8,8,3,19,0,1,0,0,1,0,9,8,3,20,0,0,0,20
05/26/2011,SUX,IA,ACE,CE,Combined TRACON& Tower with Radar,0,6,33,7,46,0,4,27,1,32,0,10,60,8,78,4,0,4,82
05/27/2011,SUX,IA,ACE,CE,Combined TRACON& Tower with Radar,0,5,17,0,22,0,6,1,0,7,0,11,18,0,29,6,0,6,35
05/28/2011,SUX,IA,ACE,CE,Combined TRACON& Tower with Radar,0,3,23,2,28,0,1,12,0,13,0,4,35,2,41,4,0,4,45
05/29/2011,SUX,IA,ACE,CE,Combined TRACON& Tower with Radar,0,4,3,0,7,0,0,2,0,2,0,4,5,0,9,0,0,0,9
05/30/2011,SUX,IA,ACE,CE,Combined TRACON& Tower with Radar,0,9,5,0,14,0,3,6,0,9,0,12,11,0,23,0,0,0,23
05/31/2011,SUX,IA,ACE,CE,Combined TRACON& Tower with Radar,0,8,20,0,28,0,3,10,0,13,0,11,30,0,41,8,0,8,49
06/01/2011,SUX,IA,ACE,CE,Combined TRACON& Tower with Radar,0,16,26,7,49,0,0,27,0,27,0,16,53,7,76,0,0,0,76
06/02/2011,SUX,IA,ACE,CE,Combined TRACON& Tower with Radar,0,8,16,20,44,0,2,16,0,18,0,10,32,20,62,10,0,10,72
06/03/2011,SUX,IA,ACE,CE,Combined TRACON& Tower with Radar,0,5,12,3,20,0,2,15,0,17,0,7,27,3,37,0,0,0,37
06/04/2011,SUX,IA,ACE,CE,Combined TRACON& Tower with Radar,0,6,9,0,15,0,4,29,0,33,0,10,38,0,48,0,0,0,48
06/05/2011,SUX,IA,ACE,CE,Combined TRACON& Tower with Radar,0,5,10,4,19,0,0,22,1,23,0,5,32,5,42,0,0,0,42
06/06/2011,SUX,IA,ACE,CE,Combined TRACON& Tower with Radar,0,7,21,0,28,0,5,28,0,33,0,12,49,0,61,2,0,2,63
06/07/2011,SUX,IA,ACE,CE,Combined TRACON& Tower with Radar,2,5,21,4,32,0,9,44,0,53,2,14,65,4,85,0,0,0,85
06/08/2011,SUX,IA,ACE,CE,Combined TRACON& Tower with Radar,0,5,28,18,51,0,0,43,0,43,0,5,71,18,94,6,16,22,116
06/09/2011,SUX,IA,ACE,CE,Combined TRACON& Tower with Radar,0,5,31,3,39,0,0,6,0,6,0,5,37,3,45,0,8,8,53
06/10/2011,SUX,IA,ACE,CE,Combined TRACON& Tower with Radar,0,5,30,3,38,0,0,13,0,13,0,5,43,3,51,0,0,0,51
06/11/2011,SUX,IA,ACE,CE,Combined TRACON& Tower with Radar,0,6,18,0,24,0,4,49,1,54,0,10,67,1,78,32,0,32,110
06/12/2011,SUX,IA,ACE,CE,Combined TRACON& Tower with Radar,0,3,15,0,18,0,1,20,0,21,0,4,35,0,39,0,0,0,39
06/13/2011,SUX,IA,ACE,CE,Combined TRACON& Tower with Radar,0,6,16,2,24,0,4,13,0,17,0,10,29,2,41,0,0,0,41
06/14/2011,SUX,IA,ACE,CE,Combined TRACON& Tower with Radar,0,13,35,22,70,0,0,1,0,1,0,13,36,22,71,0,0,0,71
06/15/2011,SUX,IA,ACE,CE,Combined TRACON& Tower with Radar,0,5,35,15,55,0,12,24,1,37,0,17,59,16,92,6,0,6,98
06/16/2011,SUX,IA,ACE,CE,Combined TRACON& Tower with Radar,0,5,19,14,38,0,0,42,0,42,0,5,61,14,80,4,0,4,84
06/17/2011,SUX,IA,ACE,CE,Combined TRACON& Tower with Radar,0,9,13,6,28,0,0,24,0,24,0,9,37,6,52,0,0,0,52
06/18/2011,SUX,IA,ACE,CE,Combined TRACON& Tower with Radar,0,4,3,0,7,0,4,21,0,25,0,8,24,0,32,0,0,0,32
06/19/2011,SUX,IA,ACE,CE,Combined TRACON& Tower with Radar,0,4,9,1,14,0,1,11,0,12,0,5,20,1,26,0,0,0,26
06/20/2011,SUX,IA,ACE,CE,Combined TRACON& Tower with Radar,0,5,13,0,18,0,0,5,0,5,0,5,18,0,23,0,0,0,23
06/21/2011,SUX,IA,ACE,CE,Combined TRACON& Tower with Radar,0,7,28,16,51,0,0,10,0,10,0,7,38,16,61,0,4,4,65
06/22/2011,SUX,IA,ACE,CE,Combined TRACON& Tower with Radar,0,6,21,10,37,0,1,5,0,6,0,7,26,10,43,0,0,0,43
06/23/2011,SUX,IA,ACE,CE,Combined TRACON& Tower with Radar,0,10,48,6,64,0,2,21,0,23,0,12,69,6,87,0,0,0,87
06/24/2011,SUX,IA,ACE,CE,Combined TRACON& Tower with Radar,0,14,17,11,42,0,4,36,0,40,0,18,53,11,82,4,0,4,86
06/25/2011,SUX,IA,ACE,CE,Combined TRACON& Tower with Radar,0,10,17,28,55,0,2,8,0,10,0,12,25,28,65,0,0,0,65
06/26/2011,SUX,IA,ACE,CE,Combined TRACON& Tower with Radar,0,12,21,0,33,0,1,5,0,6,0,13,26,0,39,0,0,0,39
06/27/2011,SUX,IA,ACE,CE,Combined TRACON& Tower with Radar,0,16,25,2,43,0,2,16,0,18,0,18,41,2,61,0,0,0,61
06/28/2011,SUX,IA,ACE,CE,Combined TRACON& Tower with Radar,0,14,25,9,48,0,0,16,2,18,0,14,41,11,66,0,0,0,66
06/29/2011,SUX,IA,ACE,CE,Combined TRACON& Tower with Radar,0,13,23,24,60,0,5,21,1,27,0,18,44,25,87,0,6,6,93
06/30/2011,SUX,IA,ACE,CE,Combined TRACON& Tower with Radar,0,14,19,6,39,0,4,26,0,30,0,18,45,6,69,0,0,0,69
07/01/2011,SUX,IA,ACE,CE,Combined TRACON& Tower with Radar,0,14,9,2,25,0,2,23,0,25,0,16,32,2,50,0,0,0,50
07/02/2011,SUX,IA,ACE,CE,Combined TRACON& Tower with Radar,0,6,10,0,16,0,2,17,0,19,0,8,27,0,35,0,0,0,35
07/03/2011,SUX,IA,ACE,CE,Combined TRACON& Tower with Radar,0,5,6,0,11,0,4,17,0,21,0,9,23,0,32,0,0,0,32
07/04/2011,SUX,IA,ACE,CE,Combined TRACON& Tower with Radar,0,3,21,0,24,0,1,18,0,19,0,4,39,0,43,0,0,0,43
07/05/2011,SUX,IA,ACE,CE,Combined TRACON& Tower with Radar,0,5,24,11,40,0,0,3,0,3,0,5,27,11,43,6,0,6,49
07/06/2011,SUX,IA,ACE,CE,Combined TRACON& Tower with Radar,0,5,18,11,34,0,2,24,2,28,0,7,42,13,62,6,0,6,68
07/07/2011,SUX,IA,ACE,CE,Combined TRACON& Tower with Radar,0,6,29,14,49,0,2,17,2,21,0,8,46,16,70,0,0,0,70
07/08/2011,SUX,IA,ACE,CE,Combined TRACON& Tower with Radar,0,9,19,21,49,0,0,21,0,21,0,9,40,21,70,12,0,12,82
07/09/2011,SUX,IA,ACE,CE,Combined TRACON& Tower with Radar,0,6,33,2,41,0,0,14,0,14,0,6,47,2,55,28,0,28,83
07/10/2011,SUX,IA,ACE,CE,Combined TRACON& Tower with Radar,0,9,21,0,30,0,4,11,0,15,0,13,32,0,45,0,0,0,45
07/11/2011,SUX,IA,ACE,CE,Combined TRACON& Tower with Radar,0,6,15,1,22,0,0,7,0,7,0,6,22,1,29,0,0,0,29
07/12/2011,SUX,IA,ACE,CE,Combined TRACON& Tower with Radar,0,4,26,1,31,0,1,3,0,4,0,5,29,1,35,0,0,0,35
07/13/2011,SUX,IA,ACE,CE,Combined TRACON& Tower with Radar,0,14,24,34,72,0,17,6,0,23,0,31,30,34,95,6,0,6,101
07/14/2011,SUX,IA,ACE,CE,Combined TRACON& Tower with Radar,0,5,26,4,35,0,2,4,0,6,0,7,30,4,41,6,0,6,47
07/15/2011,SUX,IA,ACE,CE,Combined TRACON& Tower with Radar,0,5,33,10,48,0,2,15,0,17,0,7,48,10,65,0,8,8,73
07/16/2011,SUX,IA,ACE,CE,Combined TRACON& Tower with Radar,0,4,6,0,10,0,2,23,0,25,0,6,29,0,35,0,0,0,35
07/17/2011,SUX,IA,ACE,CE,Combined TRACON& Tower with Radar,0,3,7,2,12,0,0,12,0,12,0,3,19,2,24,0,0,0,24
07/18/2011,SUX,IA,ACE,CE,Combined TRACON& Tower with Radar,0,5,13,2,20,0,0,12,0,12,0,5,25,2,32,0,0,0,32
07/19/2011,SUX,IA,ACE,CE,Combined TRACON& Tower with Radar,0,5,25,7,37,0,0,13,1,14,0,5,38,8,51,0,12,12,63
07/20/2011,SUX,IA,ACE,CE,Combined TRACON& Tower with Radar,0,14,18,10,42,0,1,12,0,13,0,15,30,10,55,2,24,26,81
07/21/2011,SUX,IA,ACE,CE,Combined TRACON& Tower with Radar,0,9,38,20,67,0,2,12,0,14,0,11,50,20,81,0,4,4,85
07/22/2011,SUX,IA,ACE,CE,Combined TRACON& Tower with Radar,0,6,14,9,29,0,4,21,0,25,0,10,35,9,54,0,6,6,60
07/23/2011,SUX,IA,ACE,CE,Combined TRACON& Tower with Radar,0,3,22,0,25,0,0,28,0,28,0,3,50,0,53,0,0,0,53
07/24/2011,SUX,IA,ACE,CE,Combined TRACON& Tower with Radar,0,5,20,0,25,0,1,19,0,20,0,6,39,0,45,0,0,0,45
07/25/2011,SUX,IA,ACE,CE,Combined TRACON& Tower with Radar,0,5,21,1,27,0,0,17,0,17,0,5,38,1,44,0,0,0,44
07/26/2011,SUX,IA,ACE,CE,Combined TRACON& Tower with Radar,0,8,37,3,48,0,1,11,1,13,0,9,48,4,61,0,0,0,61
07/27/2011,SUX,IA,ACE,CE,Combined TRACON& Tower with Radar,0,8,27,16,51,0,0,17,0,17,0,8,44,16,68,6,2,8,76
07/28/2011,SUX,IA,ACE,CE,Combined TRACON& Tower with Radar,0,7,38,10,55,0,0,3,0,3,0,7,41,10,58,0,0,0,58
07/29/2011,SUX,IA,ACE,CE,Combined TRACON& Tower with Radar,0,7,14,5,26,0,8,19,0,27,0,15,33,5,53,4,0,4,57
07/30/2011,SUX,IA,ACE,CE,Combined TRACON& Tower with Radar,0,4,22,0,26,0,2,4,0,6,0,6,26,0,32,19,0,19,51
07/31/2011,SUX,IA,ACE,CE,Combined TRACON& Tower with Radar,0,3,14,0,17,0,0,11,0,11,0,3,25,0,28,0,0,0,28
08/01/2011,SUX,IA,ACE,CE,Combined TRACON& Tower with Radar,0,5,22,4,31,0,0,12,0,12,0,5,34,4,43,6,0,6,49
08/02/2011,SUX,IA,ACE,CE,Combined TRACON& Tower with Radar,0,7,32,3,42,0,0,14,0,14,0,7,46,3,56,0,0,0,56
08/03/2011,SUX,IA,ACE,CE,Combined TRACON& Tower with Radar,0,5,34,5,44,0,0,19,0,19,0,5,53,5,63,12,0,12,75
08/04/2011,SUX,IA,ACE,CE,Combined TRACON& Tower with Radar,0,9,30,0,39,0,0,10,0,10,0,9,40,0,49,0,0,0,49
08/05/2011,SUX,IA,ACE,CE,Combined TRACON& Tower with Radar,0,8,17,1,26,0,0,5,0,5,0,8,22,1,31,0,0,0,31
08/06/2011,SUX,IA,ACE,CE,Combined TRACON& Tower with Radar,0,7,19,0,26,0,0,10,0,10,0,7,29,0,36,0,0,0,36
08/07/2011,SUX,IA,ACE,CE,Combined TRACON& Tower with Radar,0,5,26,9,40,0,2,18,0,20,0,7,44,9,60,0,0,0,60
08/08/2011,SUX,IA,ACE,CE,Combined TRACON& Tower with Radar,0,5,19,0,24,0,0,9,0,9,0,5,28,0,33,0,0,0,33
08/09/2011,SUX,IA,ACE,CE,Combined TRACON& Tower with Radar,0,5,14,14,33,0,0,17,0,17,0,5,31,14,50,0,0,0,50
08/10/2011,SUX,IA,ACE,CE,Combined TRACON& Tower with Radar,0,7,26,10,43,0,0,24,0,24,0,7,50,10,67,0,0,0,67
08/11/2011,SUX,IA,ACE,CE,Combined TRACON& Tower with Radar,0,8,31,10,49,0,1,12,0,13,0,9,43,10,62,6,12,18,80
08/12/2011,SUX,IA,ACE,CE,Combined TRACON& Tower with Radar,0,5,17,4,26,0,5,9,0,14,0,10,26,4,40,0,0,0,40
08/13/2011,SUX,IA,ACE,CE,Combined TRACON& Tower with Radar,0,6,11,0,17,0,0,12,0,12,0,6,23,0,29,0,0,0,29
08/14/2011,SUX,IA,ACE,CE,Combined TRACON& Tower with Radar,0,7,10,0,17,0,0,15,0,15,0,7,25,0,32,0,0,0,32
08/15/2011,SUX,IA,ACE,CE,Combined TRACON& Tower with Radar,2,5,17,4,28,0,0,7,2,9,2,5,24,6,37,0,0,0,37
08/16/2011,SUX,IA,ACE,CE,Combined TRACON& Tower with Radar,0,6,16,7,29,0,4,2,0,6,0,10,18,7,35,16,4,20,55
08/17/2011,SUX,IA,ACE,CE,Combined TRACON& Tower with Radar,0,7,11,13,31,0,0,9,0,9,0,7,20,13,40,0,16,16,56
08/18/2011,SUX,IA,ACE,CE,Combined TRACON& Tower with Radar,2,5,17,14,38,0,1,5,0,6,2,6,22,14,44,0,8,8,52
08/19/2011,SUX,IA,ACE,CE,Combined TRACON& Tower with Radar,0,8,19,9,36,0,0,9,0,9,0,8,28,9,45,0,0,0,45
08/20/2011,SUX,IA,ACE,CE,Combined TRACON& Tower with Radar,0,7,9,6,22,0,0,15,0,15,0,7,24,6,37,18,0,18,55
08/21/2011,SUX,IA,ACE,CE,Combined TRACON& Tower with Radar,0,4,15,0,19,0,0,6,0,6,0,4,21,0,25,0,0,0,25
08/22/2011,SUX,IA,ACE,CE,Combined TRACON& Tower with Radar,0,7,25,5,37,0,0,4,0,4,0,7,29,5,41,0,0,0,41
08/23/2011,SUX,IA,ACE,CE,Combined TRACON& Tower with Radar,0,6,33,10,49,0,0,10,1,11,0,6,43,11,60,0,0,0,60
08/24/2011,SUX,IA,ACE,CE,Combined TRACON& Tower with Radar,0,9,22,10,41,0,0,22,0,22,0,9,44,10,63,0,0,0,63
08/25/2011,SUX,IA,ACE,CE,Combined TRACON& Tower with Radar,0,8,33,24,65,0,0,16,0,16,0,8,49,24,81,0,0,0,81
08/26/2011,SUX,IA,ACE,CE,Combined TRACON& Tower with Radar,0,9,8,6,23,0,0,9,0,9,0,9,17,6,32,0,0,0,32
08/27/2011,SUX,IA,ACE,CE,Combined TRACON& Tower with Radar,2,9,19,0,30,0,0,31,0,31,2,9,50,0,61,18,0,18,79
08/28/2011,SUX,IA,ACE,CE,Combined TRACON& Tower with Radar,0,5,9,0,14,0,2,9,0,11,0,7,18,0,25,10,0,10,35
08/29/2011,SUX,IA,ACE,CE,Combined TRACON& Tower with Radar,0,8,23,6,37,0,0,20,0,20,0,8,43,6,57,6,0,6,63
08/30/2011,SUX,IA,ACE,CE,Combined TRACON& Tower with Radar,0,14,26,16,56,0,0,4,0,4,0,14,30,16,60,0,0,0,60
08/31/2011,SUX,IA,ACE,CE,Combined TRACON& Tower with Radar,2,10,17,2,31,0,0,12,0,12,2,10,29,2,43,6,0,6,49
09/01/2011,SUX,IA,ACE,CE,Combined TRACON& Tower with Radar,0,8,26,14,48,0,2,5,0,7,0,10,31,14,55,0,2,2,57
09/02/2011,SUX,IA,ACE,CE,Combined TRACON& Tower with Radar,0,5,10,16,31,0,2,1,0,3,0,7,11,16,34,0,0,0,34
09/03/2011,SUX,IA,ACE,CE,Combined TRACON& Tower with Radar,0,4,8,0,12,0,0,0,0,0,0,4,8,0,12,0,0,0,12
09/04/2011,SUX,IA,ACE,CE,Combined TRACON& Tower with Radar,0,2,10,1,13,0,2,10,0,12,0,4,20,1,25,10,0,10,35
09/05/2011,SUX,IA,ACE,CE,Combined TRACON& Tower with Radar,0,6,19,0,25,0,0,27,0,27,0,6,46,0,52,4,0,4,56
09/06/2011,SUX,IA,ACE,CE,Combined TRACON& Tower with Radar,0,5,19,0,24,0,0,15,0,15,0,5,34,0,39,6,0,6,45
09/07/2011,SUX,IA,ACE,CE,Combined TRACON& Tower with Radar,0,5,30,29,64,0,0,21,0,21,0,5,51,29,85,0,2,2,87
09/08/2011,SUX,IA,ACE,CE,Combined TRACON& Tower with Radar,0,5,35,14,54,0,0,11,0,11,0,5,46,14,65,38,0,38,103
09/09/2011,SUX,IA,ACE,CE,Combined TRACON& Tower with Radar,0,8,34,17,59,0,1,8,0,9,0,9,42,17,68,0,4,4,72
09/10/2011,SUX,IA,ACE,CE,Combined TRACON& Tower with Radar,0,6,18,0,24,0,1,9,0,10,0,7,27,0,34,0,0,0,34
09/11/2011,SUX,IA,ACE,CE,Combined TRACON& Tower with Radar,0,6,11,6,23,0,2,44,0,46,0,8,55,6,69,24,0,24,93
09/12/2011,SUX,IA,ACE,CE,Combined TRACON& Tower with Radar,0,7,33,1,41,0,2,17,0,19,0,9,50,1,60,0,0,0,60
09/13/2011,SUX,IA,ACE,CE,Combined TRACON& Tower with Radar,0,10,27,14,51,0,1,20,0,21,0,11,47,14,72,4,0,4,76
09/14/2011,SUX,IA,ACE,CE,Combined TRACON& Tower with Radar,0,4,24,19,47,0,1,14,0,15,0,5,38,19,62,18,0,18,80
09/15/2011,SUX,IA,ACE,CE,Combined TRACON& Tower with Radar,0,7,26,27,60,0,1,17,0,18,0,8,43,27,78,2,0,2,80
09/16/2011,SUX,IA,ACE,CE,Combined TRACON& Tower with Radar,0,8,25,17,50,0,0,4,0,4,0,8,29,17,54,0,0,0,54
09/17/2011,SUX,IA,ACE,CE,Combined TRACON& Tower with Radar,0,6,21,0,27,0,0,0,0,0,0,6,21,0,27,0,0,0,27
09/18/2011,SUX,IA,ACE,CE,Combined TRACON& Tower with Radar,0,8,16,0,24,0,0,15,0,15,0,8,31,0,39,0,0,0,39
09/19/2011,SUX,IA,ACE,CE,Combined TRACON& Tower with Radar,0,9,26,11,46,0,0,22,0,22,0,9,48,11,68,8,6,14,82
09/20/2011,SUX,IA,ACE,CE,Combined TRACON& Tower with Radar,0,6,24,3,33,0,0,16,0,16,0,6,40,3,49,0,0,0,49
09/21/2011,SUX,IA,ACE,CE,Combined TRACON& Tower with Radar,0,11,24,0,35,0,0,7,0,7,0,11,31,0,42,0,0,0,42
09/22/2011,SUX,IA,ACE,CE,Combined TRACON& Tower with Radar,0,10,34,36,80,0,0,21,0,21,0,10,55,36,101,12,4,16,117
09/23/2011,SUX,IA,ACE,CE,Combined TRACON& Tower with Radar,0,6,23,6,35,0,1,12,0,13,0,7,35,6,48,0,0,0,48
09/24/2011,SUX,IA,ACE,CE,Combined TRACON& Tower with Radar,0,5,15,1,21,0,1,18,0,19,0,6,33,1,40,6,0,6,46
09/25/2011,SUX,IA,ACE,CE,Combined TRACON& Tower with Radar,0,4,19,0,23,0,1,12,0,13,0,5,31,0,36,8,0,8,44
09/26/2011,SUX,IA,ACE,CE,Combined TRACON& Tower with Radar,0,4,17,3,24,0,1,7,0,8,0,5,24,3,32,0,0,0,32
09/27/2011,SUX,IA,ACE,CE,Combined TRACON& Tower with Radar,0,4,26,20,50,0,1,9,0,10,0,5,35,20,60,18,12,30,90
09/28/2011,SUX,IA,ACE,CE,Combined TRACON& Tower with Radar,0,4,24,12,40,0,3,9,0,12,0,7,33,12,52,0,2,2,54
09/29/2011,SUX,IA,ACE,CE,Combined TRACON& Tower with Radar,0,4,23,18,45,0,6,8,0,14,0,10,31,18,59,0,0,0,59
09/30/2011,SUX,IA,ACE,CE,Combined TRACON& Tower with Radar,0,4,20,0,24,0,3,6,0,9,0,7,26,0,33,0,0,0,33
10/01/2011,SUX,IA,ACE,CE,Combined TRACON& Tower with Radar,0,4,15,0,19,0,6,13,0,19,0,10,28,0,38,0,0,0,38
10/02/2011,SUX,IA,ACE,CE,Combined TRACON& Tower with Radar,0,6,18,10,34,0,2,20,0,22,0,8,38,10,56,10,0,10,66
10/03/2011,SUX,IA,ACE,CE,Combined TRACON& Tower with Radar,0,5,24,0,29,0,4,8,0,12,0,9,32,0,41,15,0,15,56
10/04/2011,SUX,IA,ACE,CE,Combined TRACON& Tower with Radar,0,21,22,9,52,0,2,6,0,8,0,23,28,9,60,20,4,24,84
10/05/2011,SUX,IA,ACE,CE,Combined TRACON& Tower with Radar,0,6,24,17,47,0,3,9,1,13,0,9,33,18,60,0,0,0,60
10/06/2011,SUX,IA,ACE,CE,Combined TRACON& Tower with Radar,0,4,30,13,47,0,6,4,0,10,0,10,34,13,57,0,0,0,57
10/07/2011,SUX,IA,ACE,CE,Combined TRACON& Tower with Radar,0,4,10,1,15,0,0,4,0,4,0,4,14,1,19,0,0,0,19
10/08/2011,SUX,IA,ACE,CE,Combined TRACON& Tower with Radar,0,6,6,0,12,0,2,4,0,6,0,8,10,0,18,0,0,0,18
10/09/2011,SUX,IA,ACE,CE,Combined TRACON& Tower with Radar,0,4,28,1,33,0,0,0,0,0,0,4,28,1,33,0,0,0,33
10/10/2011,SUX,IA,ACE,CE,Combined TRACON& Tower with Radar,0,6,16,0,22,0,4,2,0,6,0,10,18,0,28,14,0,14,42
10/11/2011,SUX,IA,ACE,CE,Combined TRACON& Tower with Radar,0,7,26,1,34,0,3,18,0,21,0,10,44,1,55,0,0,0,55
10/12/2011,SUX,IA,ACE,CE,Combined TRACON& Tower with Radar,0,13,25,25,63,0,5,3,2,10,0,18,28,27,73,6,0,6,79
10/13/2011,SUX,IA,ACE,CE,Combined TRACON& Tower with Radar,0,8,15,22,45,0,1,7,0,8,0,9,22,22,53,0,0,0,53
10/14/2011,SUX,IA,ACE,CE,Combined TRACON& Tower with Radar,0,4,21,13,38,0,0,8,0,8,0,4,29,13,46,0,0,0,46
10/15/2011,SUX,IA,ACE,CE,Combined TRACON& Tower with Radar,0,5,16,4,25,0,0,18,0,18,0,5,34,4,43,0,0,0,43
10/16/2011,SUX,IA,ACE,CE,Combined TRACON& Tower with Radar,0,4,8,6,18,0,0,11,0,11,0,4,19,6,29,8,2,10,39
10/17/2011,SUX,IA,ACE,CE,Combined TRACON& Tower with Radar,0,4,47,3,54,0,0,7,0,7,0,4,54,3,61,0,0,0,61
10/18/2011,SUX,IA,ACE,CE,Combined TRACON& Tower with Radar,0,4,25,32,61,0,0,5,0,5,0,4,30,32,66,0,10,10,76
10/19/2011,SUX,IA,ACE,CE,Combined TRACON& Tower with Radar,0,4,16,11,31,0,0,8,0,8,0,4,24,11,39,0,0,0,39
10/20/2011,SUX,IA,ACE,CE,Combined TRACON& Tower with Radar,0,6,33,10,49,0,4,18,0,22,0,10,51,10,71,22,4,26,97
10/21/2011,SUX,IA,ACE,CE,Combined TRACON& Tower with Radar,1,7,19,13,40,0,0,19,1,20,1,7,38,14,60,0,0,0,60
10/22/2011,SUX,IA,ACE,CE,Combined TRACON& Tower with Radar,1,6,13,0,20,0,0,6,0,6,1,6,19,0,26,12,0,12,38
10/23/2011,SUX,IA,ACE,CE,Combined TRACON& Tower with Radar,0,6,9,1,16,0,5,13,0,18,0,11,22,1,34,0,0,0,34
10/24/2011,SUX,IA,ACE,CE,Combined TRACON& Tower with Radar,0,5,21,0,26,0,0,14,0,14,0,5,35,0,40,0,0,0,40
10/25/2011,SUX,IA,ACE,CE,Combined TRACON& Tower with Radar,0,5,32,5,42,0,0,8,0,8,0,5,40,5,50,0,0,0,50
10/26/2011,SUX,IA,ACE,CE,Combined TRACON& Tower with Radar,0,4,22,35,61,0,0,8,0,8,0,4,30,35,69,0,4,4,73
10/27/2011,SUX,IA,ACE,CE,Combined TRACON& Tower with Radar,0,4,17,14,35,0,0,11,0,11,0,4,28,14,46,0,0,0,46
10/28/2011,SUX,IA,ACE,CE,Combined TRACON& Tower with Radar,0,8,11,5,24,0,2,8,0,10,0,10,19,5,34,0,4,4,38
10/29/2011,SUX,IA,ACE,CE,Combined TRACON& Tower with Radar,2,4,16,1,23,0,0,13,0,13,2,4,29,1,36,0,0,0,36
10/30/2011,SUX,IA,ACE,CE,Combined TRACON& Tower with Radar,0,4,5,1,10,0,0,8,0,8,0,4,13,1,18,0,0,0,18
10/31/2011,SUX,IA,ACE,CE,Combined TRACON& Tower with Radar,0,4,15,16,35,0,1,7,0,8,0,5,22,16,43,0,6,6,49
11/01/2011,SUX,IA,ACE,CE,Combined TRACON& Tower with Radar,0,4,18,24,46,0,2,11,0,13,0,6,29,24,59,8,8,16,75
11/02/2011,SUX,IA,ACE,CE,Combined TRACON& Tower with Radar,2,4,12,16,34,0,0,2,0,2,2,4,14,16,36,24,0,24,60
11/03/2011,SUX,IA,ACE,CE,Combined TRACON& Tower with Radar,0,4,17,21,42,0,0,23,1,24,0,4,40,22,66,0,0,0,66
11/04/2011,SUX,IA,ACE,CE,Combined TRACON& Tower with Radar,0,8,13,16,37,0,0,7,0,7,0,8,20,16,44,8,0,8,52
11/05/2011,SUX,IA,ACE,CE,Combined TRACON& Tower with Radar,0,4,10,0,14,0,0,1,0,1,0,4,11,0,15,0,0,0,15
11/06/2011,SUX,IA,ACE,CE,Combined TRACON& Tower with Radar,0,6,4,2,12,0,0,6,0,6,0,6,10,2,18,2,0,2,20
11/07/2011,SUX,IA,ACE,CE,Combined TRACON& Tower with Radar,0,4,26,4,34,0,0,8,0,8,0,4,34,4,42,0,0,0,42
11/08/2011,SUX,IA,ACE,CE,Combined TRACON& Tower with Radar,0,4,19,13,36,0,2,0,0,2,0,6,19,13,38,0,0,0,38
11/09/2011,SUX,IA,ACE,CE,Combined TRACON& Tower with Radar,0,4,13,8,25,0,0,3,0,3,0,4,16,8,28,0,0,0,28
11/10/2011,SUX,IA,ACE,CE,Combined TRACON& Tower with Radar,0,4,21,23,48,0,0,8,0,8,0,4,29,23,56,0,0,0,56
11/11/2011,SUX,IA,ACE,CE,Combined TRACON& Tower with Radar,0,5,20,0,25,0,0,17,0,17,0,5,37,0,42,0,0,0,42
11/12/2011,SUX,IA,ACE,CE,Combined TRACON& Tower with Radar,0,4,16,0,20,0,0,12,0,12,0,4,28,0,32,0,0,0,32
11/13/2011,SUX,IA,ACE,CE,Combined TRACON& Tower with Radar,0,5,8,0,13,0,0,6,0,6,0,5,14,0,19,0,0,0,19
11/14/2011,SUX,IA,ACE,CE,Combined TRACON& Tower with Radar,0,4,15,0,19,0,2,4,0,6,0,6,19,0,25,0,0,0,25
11/15/2011,SUX,IA,ACE,CE,Combined TRACON& Tower with Radar,0,6,26,21,53,0,0,8,0,8,0,6,34,21,61,0,0,0,61
11/16/2011,SUX,IA,ACE,CE,Combined TRACON& Tower with Radar,0,6,35,18,59,0,2,6,1,9,0,8,41,19,68,0,0,0,68
11/17/2011,SUX,IA,ACE,CE,Combined TRACON& Tower with Radar,0,6,39,9,54,0,2,7,0,9,0,8,46,9,63,0,0,0,63
11/18/2011,SUX,IA,ACE,CE,Combined TRACON& Tower with Radar,0,5,21,2,28,0,0,8,0,8,0,5,29,2,36,0,0,0,36
11/19/2011,SUX,IA,ACE,CE,Combined TRACON& Tower with Radar,0,3,4,0,7,0,0,0,0,0,0,3,4,0,7,0,0,0,7
11/20/2011,SUX,IA,ACE,CE,Combined TRACON& Tower with Radar,0,6,17,0,23,0,1,7,0,8,0,7,24,0,31,0,0,0,31
11/21/2011,SUX,IA,ACE,CE,Combined TRACON& Tower with Radar,0,11,24,6,41,0,2,3,0,5,0,13,27,6,46,0,0,0,46
11/22/2011,SUX,IA,ACE,CE,Combined TRACON& Tower with Radar,0,4,21,13,38,0,0,3,0,3,0,4,24,13,41,0,0,0,41
11/23/2011,SUX,IA,ACE,CE,Combined TRACON& Tower with Radar,0,7,13,14,34,0,1,7,0,8,0,8,20,14,42,0,0,0,42
11/24/2011,SUX,IA,ACE,CE,Combined TRACON& Tower with Radar,0,5,8,0,13,0,0,16,0,16,0,5,24,0,29,0,0,0,29
11/25/2011,SUX,IA,ACE,CE,Combined TRACON& Tower with Radar,0,3,4,0,7,0,0,1,0,1,0,3,5,0,8,0,0,0,8
11/26/2011,SUX,IA,ACE,CE,Combined TRACON& Tower with Radar,0,3,2,0,5,0,3,0,0,3,0,6,2,0,8,0,0,0,8
11/27/2011,SUX,IA,ACE,CE,Combined TRACON& Tower with Radar,0,6,19,1,26,0,1,3,0,4,0,7,22,1,30,0,0,0,30
11/28/2011,SUX,IA,ACE,CE,Combined TRACON& Tower with Radar,0,12,16,2,30,0,0,7,0,7,0,12,23,2,37,10,0,10,47
11/29/2011,SUX,IA,ACE,CE,Combined TRACON& Tower with Radar,0,5,30,22,57,0,1,7,0,8,0,6,37,22,65,10,6,16,81
11/30/2011,SUX,IA,ACE,CE,Combined TRACON& Tower with Radar,2,4,27,23,56,0,0,8,0,8,2,4,35,23,64,0,6,6,70
12/01/2011,SUX,IA,ACE,CE,Combined TRACON& Tower with Radar,0,11,13,9,33,0,2,3,0,5,0,13,16,9,38,12,0,12,50
12/02/2011,SUX,IA,ACE,CE,Combined TRACON& Tower with Radar,0,5,20,29,54,0,4,15,0,19,0,9,35,29,73,6,0,6,79
12/03/2011,SUX,IA,ACE,CE,Combined TRACON& Tower with Radar,2,7,2,2,13,0,0,1,0,1,2,7,3,2,14,0,0,0,14
12/04/2011,SUX,IA,ACE,CE,Combined TRACON& Tower with Radar,0,6,11,13,30,0,0,3,0,3,0,6,14,13,33,0,0,0,33
12/05/2011,SUX,IA,ACE,CE,Combined TRACON& Tower with Radar,0,4,12,0,16,0,2,3,0,5,0,6,15,0,21,0,0,0,21
12/06/2011,SUX,IA,ACE,CE,Combined TRACON& Tower with Radar,0,8,27,19,54,0,0,3,0,3,0,8,30,19,57,12,16,28,85
12/07/2011,SUX,IA,ACE,CE,Combined TRACON& Tower with Radar,0,6,16,9,31,0,4,13,0,17,0,10,29,9,48,8,2,10,58
12/08/2011,SUX,IA,ACE,CE,Combined TRACON& Tower with Radar,0,4,21,1,26,0,2,1,0,3,0,6,22,1,29,0,0,0,29
12/09/2011,SUX,IA,ACE,CE,Combined TRACON& Tower with Radar,0,8,9,10,27,0,6,7,0,13,0,14,16,10,40,6,4,10,50
12/10/2011,SUX,IA,ACE,CE,Combined TRACON& Tower with Radar,0,2,14,0,16,0,0,11,0,11,0,2,25,0,27,6,0,6,33
12/11/2011,SUX,IA,ACE,CE,Combined TRACON& Tower with Radar,0,4,15,0,19,0,0,0,0,0,0,4,15,0,19,0,0,0,19
12/12/2011,SUX,IA,ACE,CE,Combined TRACON& Tower with Radar,0,6,14,0,20,0,2,1,0,3,0,8,15,0,23,0,0,0,23
12/13/2011,SUX,IA,ACE,CE,Combined TRACON& Tower with Radar,0,8,19,11,38,0,0,0,0,0,0,8,19,11,38,0,0,0,38
12/14/2011,SUX,IA,ACE,CE,Combined TRACON& Tower with Radar,0,4,27,14,45,0,1,0,0,1,0,5,27,14,46,0,0,0,46
12/15/2011,SUX,IA,ACE,CE,Combined TRACON& Tower with Radar,0,19,22,4,45,0,1,8,0,9,0,20,30,4,54,8,0,8,62
12/16/2011,SUX,IA,ACE,CE,Combined TRACON& Tower with Radar,0,12,18,28,58,0,0,11,0,11,0,12,29,28,69,0,4,4,73
12/17/2011,SUX,IA,ACE,CE,Combined TRACON& Tower with Radar,0,4,18,1,23,0,1,12,0,13,0,5,30,1,36,24,0,24,60
12/18/2011,SUX,IA,ACE,CE,Combined TRACON& Tower with Radar,0,8,13,0,21,0,2,26,0,28,0,10,39,0,49,20,0,20,69
12/19/2011,SUX,IA,ACE,CE,Combined TRACON& Tower with Radar,0,6,31,0,37,0,0,3,0,3,0,6,34,0,40,8,0,8,48
12/20/2011,SUX,IA,ACE,CE,Combined TRACON& Tower with Radar,0,8,35,10,53,0,1,4,3,8,0,9,39,13,61,2,4,6,67
12/21/2011,SUX,IA,ACE,CE,Combined TRACON& Tower with Radar,0,11,31,11,53,0,1,6,1,8,0,12,37,12,61,6,4,10,71
12/22/2011,SUX,IA,ACE,CE,Combined TRACON& Tower with Radar,0,8,16,6,30,0,0,4,0,4,0,8,20,6,34,0,14,14,48
12/23/2011,SUX,IA,ACE,CE,Combined TRACON& Tower with Radar,0,4,22,7,33,0,0,8,0,8,0,4,30,7,41,0,0,0,41
12/24/2011,SUX,IA,ACE,CE,Combined TRACON& Tower with Radar,0,5,3,0,8,0,0,4,0,4,0,5,7,0,12,0,0,0,12
12/25/2011,SUX,IA,ACE,CE,Combined TRACON& Tower with Radar,0,2,2,0,4,0,0,2,0,2,0,2,4,0,6,0,0,0,6
12/26/2011,SUX,IA,ACE,CE,Combined TRACON& Tower with Radar,0,7,13,0,20,0,0,4,0,4,0,7,17,0,24,0,0,0,24
12/27/2011,SUX,IA,ACE,CE,Combined TRACON& Tower with Radar,0,4,19,2,25,0,0,6,0,6,0,4,25,2,31,0,8,8,39
12/28/2011,SUX,IA,ACE,CE,Combined TRACON& Tower with Radar,0,6,26,3,35,0,0,6,0,6,0,6,32,3,41,6,10,16,57
12/29/2011,SUX,IA,ACE,CE,Combined TRACON& Tower with Radar,0,4,16,13,33,0,4,7,0,11,0,8,23,13,44,0,0,0,44
12/30/2011,SUX,IA,ACE,CE,Combined TRACON& Tower with Radar,0,5,23,2,30,0,2,1,0,3,0,7,24,2,33,6,0,6,39
12/31/2011,SUX,IA,ACE,CE,Combined TRACON& Tower with Radar,0,4,17,0,21,0,1,4,0,5,0,5,21,0,26,0,0,0,26
01/01/2012,SUX,IA,ACE,CE,Combined TRACON& Tower with Radar,0,5,3,0,8,0,2,3,0,5,0,7,6,0,13,0,0,0,13
01/02/2012,SUX,IA,ACE,CE,Combined TRACON& Tower with Radar,0,8,46,0,54,0,1,8,0,9,0,9,54,0,63,8,0,8,71
01/03/2012,SUX,IA,ACE,CE,Combined TRACON& Tower with Radar,0,7,18,1,26,0,7,5,0,12,0,14,23,1,38,8,0,8,46
01/04/2012,SUX,IA,ACE,CE,Combined TRACON& Tower with Radar,0,5,26,14,45,0,7,19,0,26,0,12,45,14,71,10,0,10,81
01/05/2012,SUX,IA,ACE,CE,Combined TRACON& Tower with Radar,0,4,48,14,66,0,1,22,0,23,0,5,70,14,89,26,0,26,115
01/06/2012,SUX,IA,ACE,CE,Combined TRACON& Tower with Radar,0,4,21,8,33,0,0,20,0,20,0,4,41,8,53,4,6,10,63
01/07/2012,SUX,IA,ACE,CE,Combined TRACON& Tower with Radar,0,2,17,1,20,0,0,23,0,23,0,2,40,1,43,0,0,0,43
01/08/2012,SUX,IA,ACE,CE,Combined TRACON& Tower with Radar,0,4,15,0,19,0,0,7,0,7,0,4,22,0,26,12,0,12,38
01/09/2012,SUX,IA,ACE,CE,Combined TRACON& Tower with Radar,0,4,19,4,27,0,0,9,0,9,0,4,28,4,36,0,0,0,36
01/10/2012,SUX,IA,ACE,CE,Combined TRACON& Tower with Radar,0,4,27,12,43,0,0,14,0,14,0,4,41,12,57,0,22,22,79
01/11/2012,SUX,IA,ACE,CE,Combined TRACON& Tower with Radar,0,5,13,2,20,0,1,1,0,2,0,6,14,2,22,0,0,0,22
01/12/2012,SUX,IA,ACE,CE,Combined TRACON& Tower with Radar,0,6,20,11,37,0,2,0,0,2,0,8,20,11,39,0,0,0,39
01/13/2012,SUX,IA,ACE,CE,Combined TRACON& Tower with Radar,0,4,16,19,39,0,2,8,0,10,0,6,24,19,49,8,0,8,57
01/14/2012,SUX,IA,ACE,CE,Combined TRACON& Tower with Radar,0,2,14,1,17,0,1,7,0,8,0,3,21,1,25,0,0,0,25
01/15/2012,SUX,IA,ACE,CE,Combined TRACON& Tower with Radar,0,2,5,0,7,0,0,13,1,14,0,2,18,1,21,20,0,20,41
01/16/2012,SUX,IA,ACE,CE,Combined TRACON& Tower with Radar,0,4,15,0,19,0,1,6,0,7,0,5,21,0,26,0,0,0,26
01/17/2012,SUX,IA,ACE,CE,Combined TRACON& Tower with Radar,0,6,19,0,25,0,0,7,0,7,0,6,26,0,32,36,0,36,68
01/18/2012,SUX,IA,ACE,CE,Combined TRACON& Tower with Radar,0,4,12,13,29,0,2,11,1,14,0,6,23,14,43,2,10,12,55
01/19/2012,SUX,IA,ACE,CE,Combined TRACON& Tower with Radar,0,4,20,6,30,0,0,7,0,7,0,4,27,6,37,0,2,2,39
01/20/2012,SUX,IA,ACE,CE,Combined TRACON& Tower with Radar,0,5,14,0,19,0,1,10,0,11,0,6,24,0,30,0,0,0,30
01/21/2012,SUX,IA,ACE,CE,Combined TRACON& Tower with Radar,0,4,6,0,10,0,0,2,0,2,0,4,8,0,12,0,0,0,12
01/22/2012,SUX,IA,ACE,CE,Combined TRACON& Tower with Radar,0,3,4,0,7,0,0,0,0,0,0,3,4,0,7,0,0,0,7
01/23/2012,SUX,IA,ACE,CE,Combined TRACON& Tower with Radar,0,7,19,0,26,0,2,0,0,2,0,9,19,0,28,0,0,0,28
01/24/2012,SUX,IA,ACE,CE,Combined TRACON& Tower with Radar,0,5,21,11,37,0,0,0,0,0,0,5,21,11,37,0,4,4,41
01/25/2012,SUX,IA,ACE,CE,Combined TRACON& Tower with Radar,1,3,13,8,25,0,0,0,0,0,1,3,13,8,25,4,0,4,29
01/26/2012,SUX,IA,ACE,CE,Combined TRACON& Tower with Radar,0,9,33,11,53,0,1,8,0,9,0,10,41,11,62,0,0,0,62
01/27/2012,SUX,IA,ACE,CE,Combined TRACON& Tower with Radar,0,6,12,4,22,0,2,2,0,4,0,8,14,4,26,0,0,0,26
01/28/2012,SUX,IA,ACE,CE,Combined TRACON& Tower with Radar,0,5,25,1,31,0,1,5,0,6,0,6,30,1,37,0,0,0,37
01/29/2012,SUX,IA,ACE,CE,Combined TRACON& Tower with Radar,0,4,10,0,14,0,0,17,0,17,0,4,27,0,31,26,0,26,57
01/30/2012,SUX,IA,ACE,CE,Combined TRACON& Tower with Radar,0,4,31,2,37,0,0,19,1,20,0,4,50,3,57,12,0,12,69
01/31/2012,SUX,IA,ACE,CE,Combined TRACON& Tower with Radar,0,4,32,16,52,0,4,9,0,13,0,8,41,16,65,4,0,4,69
02/01/2012,SUX,IA,ACE,CE,Combined TRACON& Tower with Radar,0,5,19,10,34,0,1,11,0,12,0,6,30,10,46,0,4,4,50
02/02/2012,SUX,IA,ACE,CE,Combined TRACON& Tower with Radar,0,4,22,17,43,0,0,10,0,10,0,4,32,17,53,0,0,0,53
02/03/2012,SUX,IA,ACE,CE,Combined TRACON& Tower with Radar,0,7,14,8,29,0,1,0,0,1,0,8,14,8,30,0,2,2,32
02/04/2012,SUX,IA,ACE,CE,Combined TRACON& Tower with Radar,0,4,0,11,15,0,2,2,0,4,0,6,2,11,19,0,0,0,19
02/05/2012,SUX,IA,ACE,CE,Combined TRACON& Tower with Radar,0,6,5,0,11,0,0,0,0,0,0,6,5,0,11,0,0,0,11
02/06/2012,SUX,IA,ACE,CE,Combined TRACON& Tower with Radar,1,4,18,0,23,0,5,2,0,7,1,9,20,0,30,0,0,0,30
02/07/2012,SUX,IA,ACE,CE,Combined TRACON& Tower with Radar,1,4,13,4,22,0,0,3,0,3,1,4,16,4,25,0,0,0,25
02/08/2012,SUX,IA,ACE,CE,Combined TRACON& Tower with Radar,0,5,20,14,39,0,0,4,0,4,0,5,24,14,43,0,0,0,43
02/09/2012,SUX,IA,ACE,CE,Combined TRACON& Tower with Radar,0,5,20,14,39,0,0,8,0,8,0,5,28,14,47,0,0,0,47
02/10/2012,SUX,IA,ACE,CE,Combined TRACON& Tower with Radar,0,7,13,8,28,0,1,1,0,2,0,8,14,8,30,0,0,0,30
02/11/2012,SUX,IA,ACE,CE,Combined TRACON& Tower with Radar,0,1,10,0,11,0,3,9,0,12,0,4,19,0,23,0,0,0,23
02/12/2012,SUX,IA,ACE,CE,Combined TRACON& Tower with Radar,1,3,5,0,9,0,0,3,0,3,1,3,8,0,12,22,0,22,34
02/13/2012,SUX,IA,ACE,CE,Combined TRACON& Tower with Radar,0,6,20,0,26,0,0,0,0,0,0,6,20,0,26,0,0,0,26
02/14/2012,SUX,IA,ACE,CE,Combined TRACON& Tower with Radar,0,6,31,21,58,0,1,13,0,14,0,7,44,21,72,8,6,14,86
02/15/2012,SUX,IA,ACE,CE,Combined TRACON& Tower with Radar,0,7,26,18,51,0,2,0,0,2,0,9,26,18,53,0,4,4,57
02/16/2012,SUX,IA,ACE,CE,Combined TRACON& Tower with Radar,0,9,19,16,44,0,0,12,0,12,0,9,31,16,56,0,0,0,56
02/17/2012,SUX,IA,ACE,CE,Combined TRACON& Tower with Radar,0,8,43,12,63,0,2,12,0,14,0,10,55,12,77,0,0,0,77
02/18/2012,SUX,IA,ACE,CE,Combined TRACON& Tower with Radar,0,4,12,0,16,0,2,19,0,21,0,6,31,0,37,6,0,6,43
02/19/2012,SUX,IA,ACE,CE,Combined TRACON& Tower with Radar,0,6,18,0,24,0,1,6,0,7,0,7,24,0,31,8,0,8,39
02/20/2012,SUX,IA,ACE,CE,Combined TRACON& Tower with Radar,0,6,15,0,21,0,0,0,0,0,0,6,15,0,21,0,0,0,21
02/21/2012,SUX,IA,ACE,CE,Combined TRACON& Tower with Radar,0,4,20,8,32,0,1,7,0,8,0,5,27,8,40,0,10,10,50
02/22/2012,SUX,IA,ACE,CE,Combined TRACON& Tower with Radar,0,5,33,19,57,0,0,7,0,7,0,5,40,19,64,0,4,4,68
02/23/2012,SUX,IA,ACE,CE,Combined TRACON& Tower with Radar,0,4,16,2,22,0,0,0,0,0,0,4,16,2,22,0,0,0,22
02/24/2012,SUX,IA,ACE,CE,Combined TRACON& Tower with Radar,0,9,6,8,23,0,3,2,0,5,0,12,8,8,28,0,0,0,28
02/25/2012,SUX,IA,ACE,CE,Combined TRACON& Tower with Radar,0,2,23,0,25,0,0,9,0,9,0,2,32,0,34,0,0,0,34
02/26/2012,SUX,IA,ACE,CE,Combined TRACON& Tower with Radar,0,3,6,1,10,0,0,6,0,6,0,3,12,1,16,20,0,20,36
02/27/2012,SUX,IA,ACE,CE,Combined TRACON& Tower with Radar,0,5,31,0,36,0,1,9,0,10,0,6,40,0,46,6,0,6,52
02/28/2012,SUX,IA,ACE,CE,Combined TRACON& Tower with Radar,0,8,18,0,26,0,0,0,0,0,0,8,18,0,26,0,0,0,26
02/29/2012,SUX,IA,ACE,CE,Combined TRACON& Tower with Radar,0,9,15,4,28,0,0,3,0,3,0,9,18,4,31,0,0,0,31
03/01/2012,SUX,IA,ACE,CE,Combined TRACON& Tower with Radar,0,9,21,0,30,0,1,3,0,4,0,10,24,0,34,0,0,0,34
03/02/2012,SUX,IA,ACE,CE,Combined TRACON& Tower with Radar,0,8,16,1,25,0,1,3,0,4,0,9,19,1,29,0,0,0,29
03/03/2012,SUX,IA,ACE,CE,Combined TRACON& Tower with Radar,0,2,8,5,15,0,0,3,0,3,0,2,11,5,18,0,0,0,18
03/04/2012,SUX,IA,ACE,CE,Combined TRACON& Tower with Radar,0,3,2,2,7,0,1,1,1,3,0,4,3,3,10,0,0,0,10
03/05/2012,SUX,IA,ACE,CE,Combined TRACON& Tower with Radar,0,5,20,0,25,0,0,6,0,6,0,5,26,0,31,0,0,0,31
03/06/2012,SUX,IA,ACE,CE,Combined TRACON& Tower with Radar,0,8,17,1,26,0,0,15,0,15,0,8,32,1,41,10,0,10,51
03/07/2012,SUX,IA,ACE,CE,Combined TRACON& Tower with Radar,1,6,20,4,31,0,0,0,0,0,1,6,20,4,31,0,0,0,31
03/08/2012,SUX,IA,ACE,CE,Combined TRACON& Tower with Radar,1,6,25,10,42,0,2,13,0,15,1,8,38,10,57,26,0,26,83
03/09/2012,SUX,IA,ACE,CE,Combined TRACON& Tower with Radar,0,5,16,2,23,0,0,13,0,13,0,5,29,2,36,0,0,0,36
03/10/2012,SUX,IA,ACE,CE,Combined TRACON& Tower with Radar,0,2,4,0,6,0,0,10,0,10,0,2,14,0,16,0,0,0,16
03/11/2012,SUX,IA,ACE,CE,Combined TRACON& Tower with Radar,2,2,13,10,27,0,0,0,0,0,2,2,13,10,27,0,0,0,27
03/12/2012,SUX,IA,ACE,CE,Combined TRACON& Tower with Radar,0,8,17,0,25,0,0,7,0,7,0,8,24,0,32,0,0,0,32
03/13/2012,SUX,IA,ACE,CE,Combined TRACON& Tower with Radar,0,5,33,11,49,0,0,14,0,14,0,5,47,11,63,0,0,0,63
03/14/2012,SUX,IA,ACE,CE,Combined TRACON& Tower with Radar,0,4,19,16,39,0,0,14,0,14,0,4,33,16,53,2,4,6,59
03/15/2012,SUX,IA,ACE,CE,Combined TRACON& Tower with Radar,0,6,26,24,56,0,0,11,3,14,0,6,37,27,70,2,4,6,76
03/16/2012,SUX,IA,ACE,CE,Combined TRACON& Tower with Radar,0,6,19,12,37,0,2,8,0,10,0,8,27,12,47,0,0,0,47
03/17/2012,SUX,IA,ACE,CE,Combined TRACON& Tower with Radar,0,2,13,0,15,0,0,2,0,2,0,2,15,0,17,0,0,0,17
03/18/2012,SUX,IA,ACE,CE,Combined TRACON& Tower with Radar,0,4,10,0,14,0,0,2,0,2,0,4,12,0,16,0,0,0,16
03/19/2012,SUX,IA,ACE,CE,Combined TRACON& Tower with Radar,0,4,11,1,16,0,0,0,0,0,0,4,11,1,16,0,0,0,16
03/20/2012,SUX,IA,ACE,CE,Combined TRACON& Tower with Radar,0,6,24,19,49,0,2,2,0,4,0,8,26,19,53,0,4,4,57
03/21/2012,SUX,IA,ACE,CE,Combined TRACON& Tower with Radar,0,4,24,22,50,0,0,3,0,3,0,4,27,22,53,0,0,0,53
03/22/2012,SUX,IA,ACE,CE,Combined TRACON& Tower with Radar,0,13,20,15,48,0,0,1,1,2,0,13,21,16,50,0,0,0,50
03/23/2012,SUX,IA,ACE,CE,Combined TRACON& Tower with Radar,0,3,15,12,30,0,0,12,0,12,0,3,27,12,42,14,0,14,56
03/24/2012,SUX,IA,ACE,CE,Combined TRACON& Tower with Radar,0,2,26,1,29,0,5,24,0,29,0,7,50,1,58,2,0,2,60
03/25/2012,SUX,IA,ACE,CE,Combined TRACON& Tower with Radar,0,6,15,1,22,0,0,17,0,17,0,6,32,1,39,38,0,38,77
03/26/2012,SUX,IA,ACE,CE,Combined TRACON& Tower with Radar,0,4,22,0,26,0,5,2,0,7,0,9,24,0,33,0,0,0,33
03/27/2012,SUX,IA,ACE,CE,Combined TRACON& Tower with Radar,0,5,19,2,26,0,4,6,0,10,0,9,25,2,36,0,0,0,36
03/28/2012,SUX,IA,ACE,CE,Combined TRACON& Tower with Radar,0,6,26,27,59,0,0,7,2,9,0,6,33,29,68,0,2,2,70
03/29/2012,SUX,IA,ACE,CE,Combined TRACON& Tower with Radar,0,4,37,10,51,0,1,3,0,4,0,5,40,10,55,0,0,0,55
03/30/2012,SUX,IA,ACE,CE,Combined TRACON& Tower with Radar,0,5,19,13,37,0,0,8,1,9,0,5,27,14,46,0,0,0,46
03/31/2012,SUX,IA,ACE,CE,Combined TRACON& Tower with Radar,0,6,12,0,18,0,0,5,0,5,0,6,17,0,23,0,0,0,23
04/01/2012,SUX,IA,ACE,CE,Combined TRACON& Tower with Radar,0,2,21,0,23,0,0,8,0,8,0,2,29,0,31,4,0,4,35
04/02/2012,SUX,IA,ACE,CE,Combined TRACON& Tower with Radar,0,4,14,1,19,0,4,4,0,8,0,8,18,1,27,0,0,0,27
04/03/2012,SUX,IA,ACE,CE,Combined TRACON& Tower with Radar,0,4,29,15,48,0,0,9,0,9,0,4,38,15,57,2,12,14,71
04/04/2012,SUX,IA,ACE,CE,Combined TRACON& Tower with Radar,0,9,17,24,50,0,0,5,0,5,0,9,22,24,55,6,10,16,71
04/05/2012,SUX,IA,ACE,CE,Combined TRACON& Tower with Radar,0,4,25,4,33,0,0,9,0,9,0,4,34,4,42,0,0,0,42
04/06/2012,SUX,IA,ACE,CE,Combined TRACON& Tower with Radar,0,4,13,4,21,0,0,7,0,7,0,4,20,4,28,0,0,0,28
04/07/2012,SUX,IA,ACE,CE,Combined TRACON& Tower with Radar,0,4,1,2,7,0,0,1,0,1,0,4,2,2,8,0,0,0,8
04/08/2012,SUX,IA,ACE,CE,Combined TRACON& Tower with Radar,0,4,5,0,9,0,0,11,0,11,0,4,16,0,20,6,0,6,26
04/09/2012,SUX,IA,ACE,CE,Combined TRACON& Tower with Radar,0,6,15,0,21,0,2,10,0,12,0,8,25,0,33,0,0,0,33
04/10/2012,SUX,IA,ACE,CE,Combined TRACON& Tower with Radar,0,6,19,7,32,0,0,15,1,16,0,6,34,8,48,0,0,0,48
04/11/2012,SUX,IA,ACE,CE,Combined TRACON& Tower with Radar,0,9,31,10,50,0,10,23,2,35,0,19,54,12,85,6,2,8,93
04/12/2012,SUX,IA,ACE,CE,Combined TRACON& Tower with Radar,0,7,21,21,49,0,7,5,1,13,0,14,26,22,62,4,0,4,66
04/13/2012,SUX,IA,ACE,CE,Combined TRACON& Tower with Radar,0,4,16,8,28,0,0,3,0,3,0,4,19,8,31,0,0,0,31
04/14/2012,SUX,IA,ACE,CE,Combined TRACON& Tower with Radar,0,4,5,14,23,0,4,2,0,6,0,8,7,14,29,0,0,0,29
04/15/2012,SUX,IA,ACE,CE,Combined TRACON& Tower with Radar,0,3,4,2,9,0,0,0,0,0,0,3,4,2,9,0,0,0,9
04/16/2012,SUX,IA,ACE,CE,Combined TRACON& Tower with Radar,0,8,11,3,22,0,1,0,2,3,0,9,11,5,25,0,0,0,25
04/17/2012,SUX,IA,ACE,CE,Combined TRACON& Tower with Radar,0,6,10,5,21,0,3,7,4,14,0,9,17,9,35,2,0,2,37
04/18/2012,SUX,IA,ACE,CE,Combined TRACON& Tower with Radar,0,4,38,14,56,0,3,13,0,16,0,7,51,14,72,0,0,0,72
04/19/2012,SUX,IA,ACE,CE,Combined TRACON& Tower with Radar,0,8,21,8,37,0,1,0,0,1,0,9,21,8,38,0,0,0,38
04/20/2012,SUX,IA,ACE,CE,Combined TRACON& Tower with Radar,0,5,9,6,20,0,1,15,0,16,0,6,24,6,36,0,0,0,36
04/21/2012,SUX,IA,ACE,CE,Combined TRACON& Tower with Radar,0,4,7,7,18,0,0,13,0,13,0,4,20,7,31,0,0,0,31
04/22/2012,SUX,IA,ACE,CE,Combined TRACON& Tower with Radar,0,4,9,2,15,0,0,3,0,3,0,4,12,2,18,0,0,0,18
04/23/2012,SUX,IA,ACE,CE,Combined TRACON& Tower with Radar,0,6,16,7,29,0,2,10,0,12,0,8,26,7,41,0,0,0,41
04/24/2012,SUX,IA,ACE,CE,Combined TRACON& Tower with Radar,0,8,36,20,64,0,6,12,0,18,0,14,48,20,82,14,0,14,96
04/25/2012,SUX,IA,ACE,CE,Combined TRACON& Tower with Radar,0,5,24,2,31,0,0,6,1,7,0,5,30,3,38,0,0,0,38
04/26/2012,SUX,IA,ACE,CE,Combined TRACON& Tower with Radar,0,7,23,13,43,0,0,6,0,6,0,7,29,13,49,0,0,0,49
04/27/2012,SUX,IA,ACE,CE,Combined TRACON& Tower with Radar,0,7,11,2,20,0,3,7,0,10,0,10,18,2,30,0,0,0,30
04/28/2012,SUX,IA,ACE,CE,Combined TRACON& Tower with Radar,2,4,26,5,37,0,1,3,0,4,2,5,29,5,41,14,0,14,55
04/29/2012,SUX,IA,ACE,CE,Combined TRACON& Tower with Radar,0,4,9,0,13,0,0,1,0,1,0,4,10,0,14,0,0,0,14
04/30/2012,SUX,IA,ACE,CE,Combined TRACON& Tower with Radar,0,6,23,0,29,0,0,13,0,13,0,6,36,0,42,0,0,0,42
05/01/2012,SUX,IA,ACE,CE,Combined TRACON& Tower with Radar,2,5,24,8,39,0,0,6,1,7,2,5,30,9,46,0,2,2,48
05/02/2012,SUX,IA,ACE,CE,Combined TRACON& Tower with Radar,0,5,37,10,52,0,1,6,0,7,0,6,43,10,59,0,4,4,63
05/03/2012,SUX,IA,ACE,CE,Combined TRACON& Tower with Radar,0,8,27,14,49,0,2,9,0,11,0,10,36,14,60,0,0,0,60
05/04/2012,SUX,IA,ACE,CE,Combined TRACON& Tower with Radar,2,4,21,6,33,0,2,5,0,7,2,6,26,6,40,0,0,0,40
05/05/2012,SUX,IA,ACE,CE,Combined TRACON& Tower with Radar,0,10,9,11,30,0,4,5,0,9,0,14,14,11,39,0,0,0,39
05/06/2012,SUX,IA,ACE,CE,Combined TRACON& Tower with Radar,0,4,3,1,8,0,0,17,0,17,0,4,20,1,25,0,0,0,25
05/07/2012,SUX,IA,ACE,CE,Combined TRACON& Tower with Radar,2,11,19,0,32,0,2,13,3,18,2,13,32,3,50,8,0,8,58
05/08/2012,SUX,IA,ACE,CE,Combined TRACON& Tower with Radar,0,18,24,14,56,0,5,7,0,12,0,23,31,14,68,0,0,0,68
05/09/2012,SUX,IA,ACE,CE,Combined TRACON& Tower with Radar,0,4,19,8,31,0,0,21,0,21,0,4,40,8,52,8,0,8,60
05/10/2012,SUX,IA,ACE,CE,Combined TRACON& Tower with Radar,0,4,16,4,24,0,0,3,0,3,0,4,19,4,27,0,0,0,27
05/11/2012,SUX,IA,ACE,CE,Combined TRACON& Tower with Radar,0,6,16,4,26,0,0,5,0,5,0,6,21,4,31,0,0,0,31
05/12/2012,SUX,IA,ACE,CE,Combined TRACON& Tower with Radar,0,2,15,0,17,0,1,12,0,13,0,3,27,0,30,0,0,0,30
05/13/2012,SUX,IA,ACE,CE,Combined TRACON& Tower with Radar,0,4,14,0,18,0,0,12,0,12,0,4,26,0,30,0,0,0,30
05/14/2012,SUX,IA,ACE,CE,Combined TRACON& Tower with Radar,0,4,28,0,32,0,0,18,0,18,0,4,46,0,50,0,0,0,50
05/15/2012,SUX,IA,ACE,CE,Combined TRACON& Tower with Radar,0,7,13,11,31,0,0,7,0,7,0,7,20,11,38,0,0,0,38
05/16/2012,SUX,IA,ACE,CE,Combined TRACON& Tower with Radar,0,10,35,13,58,0,1,16,0,17,0,11,51,13,75,0,0,0,75
05/17/2012,SUX,IA,ACE,CE,Combined TRACON& Tower with Radar,0,4,18,2,24,0,2,11,0,13,0,6,29,2,37,0,0,0,37
05/18/2012,SUX,IA,ACE,CE,Combined TRACON& Tower with Radar,0,4,17,3,24,0,1,14,0,15,0,5,31,3,39,0,0,0,39
05/19/2012,SUX,IA,ACE,CE,Combined TRACON& Tower with Radar,0,4,10,0,14,0,0,8,0,8,0,4,18,0,22,0,0,0,22
05/20/2012,SUX,IA,ACE,CE,Combined TRACON& Tower with Radar,0,3,16,0,19,0,1,12,0,13,0,4,28,0,32,0,0,0,32
05/21/2012,SUX,IA,ACE,CE,Combined TRACON& Tower with Radar,0,5,27,11,43,0,7,18,0,25,0,12,45,11,68,10,10,20,88
05/22/2012,SUX,IA,ACE,CE,Combined TRACON& Tower with Radar,0,6,30,5,41,0,1,5,0,6,0,7,35,5,47,6,0,6,53
05/23/2012,SUX,IA,ACE,CE,Combined TRACON& Tower with Radar,0,8,22,8,38,0,2,7,0,9,0,10,29,8,47,2,0,2,49
05/24/2012,SUX,IA,ACE,CE,Combined TRACON& Tower with Radar,0,6,16,6,28,0,1,8,0,9,0,7,24,6,37,0,0,0,37
05/25/2012,SUX,IA,ACE,CE,Combined TRACON& Tower with Radar,0,4,22,11,37,0,0,6,0,6,0,4,28,11,43,14,0,14,57
05/26/2012,SUX,IA,ACE,CE,Combined TRACON& Tower with Radar,0,2,7,0,9,0,1,1,0,2,0,3,8,0,11,8,0,8,19
05/27/2012,SUX,IA,ACE,CE,Combined TRACON& Tower with Radar,0,4,2,0,6,0,0,3,0,3,0,4,5,0,9,0,0,0,9
05/28/2012,SUX,IA,ACE,CE,Combined TRACON& Tower with Radar,0,4,11,1,16,0,1,11,0,12,0,5,22,1,28,20,0,20,48
05/29/2012,SUX,IA,ACE,CE,Combined TRACON& Tower with Radar,0,4,14,0,18,0,1,9,0,10,0,5,23,0,28,0,0,0,28
05/30/2012,SUX,IA,ACE,CE,Combined TRACON& Tower with Radar,0,4,28,27,59,0,1,1,0,2,0,5,29,27,61,6,12,18,79
05/31/2012,SUX,IA,ACE,CE,Combined TRACON& Tower with Radar,0,1,30,13,44,0,0,9,0,9,0,1,39,13,53,0,0,0,53
06/01/2012,SUX,IA,ACE,CE,Combined TRACON& Tower with Radar,0,5,21,15,41,0,1,17,1,19,0,6,38,16,60,4,10,14,74
06/02/2012,SUX,IA,ACE,CE,Combined TRACON& Tower with Radar,0,2,7,14,23,0,0,12,0,12,0,2,19,14,35,2,4,6,41
06/03/2012,SUX,IA,ACE,CE,Combined TRACON& Tower with Radar,0,6,8,4,18,0,0,6,0,6,0,6,14,4,24,0,0,0,24
06/04/2012,SUX,IA,ACE,CE,Combined TRACON& Tower with Radar,0,7,38,0,45,0,2,8,0,10,0,9,46,0,55,22,0,22,77
06/05/2012,SUX,IA,ACE,CE,Combined TRACON& Tower with Radar,0,5,26,16,47,0,1,22,0,23,0,6,48,16,70,0,2,2,72
06/06/2012,SUX,IA,ACE,CE,Combined TRACON& Tower with Radar,0,4,32,12,48,0,0,14,0,14,0,4,46,12,62,0,4,4,66
06/07/2012,SUX,IA,ACE,CE,Combined TRACON& Tower with Radar,0,5,26,12,43,0,0,10,0,10,0,5,36,12,53,0,4,4,57
06/08/2012,SUX,IA,ACE,CE,Combined TRACON& Tower with Radar,0,4,17,5,26,0,1,8,0,9,0,5,25,5,35,0,0,0,35
06/09/2012,SUX,IA,ACE,CE,Combined TRACON& Tower with Radar,0,2,8,2,12,0,0,5,0,5,0,2,13,2,17,0,0,0,17
06/10/2012,SUX,IA,ACE,CE,Combined TRACON& Tower with Radar,0,3,17,0,20,0,0,4,0,4,0,3,21,0,24,0,0,0,24
06/11/2012,SUX,IA,ACE,CE,Combined TRACON& Tower with Radar,0,6,21,0,27,0,0,7,0,7,0,6,28,0,34,20,0,20,54
06/12/2012,SUX,IA,ACE,CE,Combined TRACON& Tower with Radar,0,6,26,29,61,0,2,17,2,21,0,8,43,31,82,14,18,32,114
06/13/2012,SUX,IA,ACE,CE,Combined TRACON& Tower with Radar,0,6,22,9,37,0,1,8,3,12,0,7,30,12,49,0,0,0,49
06/14/2012,SUX,IA,ACE,CE,Combined TRACON& Tower with Radar,0,5,16,13,34,0,1,6,1,8,0,6,22,14,42,0,0,0,42
06/15/2012,SUX,IA,ACE,CE,Combined TRACON& Tower with Radar,0,5,19,10,34,0,2,2,0,4,0,7,21,10,38,0,4,4,42
06/16/2012,SUX,IA,ACE,CE,Combined TRACON& Tower with Radar,0,2,17,2,21,0,1,6,0,7,0,3,23,2,28,0,0,0,28
06/17/2012,SUX,IA,ACE,CE,Combined TRACON& Tower with Radar,2,4,12,4,22,0,2,10,0,12,2,6,22,4,34,0,0,0,34
06/18/2012,SUX,IA,ACE,CE,Combined TRACON& Tower with Radar,0,3,17,2,22,0,0,8,0,8,0,3,25,2,30,0,0,0,30
06/19/2012,SUX,IA,ACE,CE,Combined TRACON& Tower with Radar,0,5,27,6,38,0,2,6,0,8,0,7,33,6,46,0,0,0,46
06/20/2012,SUX,IA,ACE,CE,Combined TRACON& Tower with Radar,1,6,22,15,44,0,1,1,0,2,1,7,23,15,46,0,0,0,46
06/21/2012,SUX,IA,ACE,CE,Combined TRACON& Tower with Radar,0,4,38,34,76,0,0,22,1,23,0,4,60,35,99,36,28,64,163
06/22/2012,SUX,IA,ACE,CE,Combined TRACON& Tower with Radar,0,11,16,13,40,0,0,19,0,19,0,11,35,13,59,0,0,0,59
06/23/2012,SUX,IA,ACE,CE,Combined TRACON& Tower with Radar,0,3,9,3,15,0,0,1,0,1,0,3,10,3,16,0,0,0,16
06/24/2012,SUX,IA,ACE,CE,Combined TRACON& Tower with Radar,0,4,12,0,16,0,0,9,0,9,0,4,21,0,25,2,0,2,27
06/25/2012,SUX,IA,ACE,CE,Combined TRACON& Tower with Radar,0,6,27,16,49,0,0,9,1,10,0,6,36,17,59,2,0,2,61
06/26/2012,SUX,IA,ACE,CE,Combined TRACON& Tower with Radar,0,7,12,25,44,0,2,4,0,6,0,9,16,25,50,12,0,12,62
06/27/2012,SUX,IA,ACE,CE,Combined TRACON& Tower with Radar,0,8,25,17,50,0,0,7,0,7,0,8,32,17,57,0,0,0,57
06/28/2012,SUX,IA,ACE,CE,Combined TRACON& Tower with Radar,0,3,15,14,32,0,0,12,0,12,0,3,27,14,44,16,0,16,60
06/29/2012,SUX,IA,ACE,CE,Combined TRACON& Tower with Radar,0,3,21,5,29,0,0,11,0,11,0,3,32,5,40,12,0,12,52
06/30/2012,SUX,IA,ACE,CE,Combined TRACON& Tower with Radar,0,2,10,0,12,0,4,13,0,17,0,6,23,0,29,41,0,41,70
07/01/2012,SUX,IA,ACE,CE,Combined TRACON& Tower with Radar,0,8,12,0,20,0,0,4,0,4,0,8,16,0,24,0,0,0,24
07/02/2012,SUX,IA,ACE,CE,Combined TRACON& Tower with Radar,0,6,16,3,25,0,2,12,0,14,0,8,28,3,39,58,0,58,97
07/03/2012,SUX,IA,ACE,CE,Combined TRACON& Tower with Radar,0,6,11,8,25,0,1,14,0,15,0,7,25,8,40,6,0,6,46
07/04/2012,SUX,IA,ACE,CE,Combined TRACON& Tower with Radar,0,4,9,0,13,0,0,13,0,13,0,4,22,0,26,0,0,0,26
07/05/2012,SUX,IA,ACE,CE,Combined TRACON& Tower with Radar,0,5,16,5,26,0,0,6,0,6,0,5,22,5,32,0,0,0,32
07/06/2012,SUX,IA,ACE,CE,Combined TRACON& Tower with Radar,0,5,8,10,23,0,0,12,0,12,0,5,20,10,35,0,2,2,37
07/07/2012,SUX,IA,ACE,CE,Combined TRACON& Tower with Radar,0,2,17,0,19,0,0,7,0,7,0,2,24,0,26,0,0,0,26
07/08/2012,SUX,IA,ACE,CE,Combined TRACON& Tower with Radar,0,4,19,0,23,0,1,8,0,9,0,5,27,0,32,2,0,2,34
07/09/2012,SUX,IA,ACE,CE,Combined TRACON& Tower with Radar,0,3,21,1,25,0,0,11,0,11,0,3,32,1,36,0,0,0,36
07/10/2012,SUX,IA,ACE,CE,Combined TRACON& Tower with Radar,0,4,24,18,46,0,1,15,1,17,0,5,39,19,63,2,12,14,77
07/11/2012,SUX,IA,ACE,CE,Combined TRACON& Tower with Radar,0,4,21,8,33,0,1,24,0,25,0,5,45,8,58,0,6,6,64
07/12/2012,SUX,IA,ACE,CE,Combined TRACON& Tower with Radar,0,4,22,19,45,0,0,7,0,7,0,4,29,19,52,14,0,14,66
07/13/2012,SUX,IA,ACE,CE,Combined TRACON& Tower with Radar,0,3,21,3,27,0,3,16,0,19,0,6,37,3,46,6,0,6,52
07/14/2012,SUX,IA,ACE,CE,Combined TRACON& Tower with Radar,0,2,8,0,10,0,0,15,0,15,0,2,23,0,25,0,0,0,25
07/15/2012,SUX,IA,ACE,CE,Combined TRACON& Tower with Radar,0,9,9,1,19,0,1,3,0,4,0,10,12,1,23,0,0,0,23
07/16/2012,SUX,IA,ACE,CE,Combined TRACON& Tower with Radar,0,4,20,0,24,0,2,11,1,14,0,6,31,1,38,18,2,20,58
07/17/2012,SUX,IA,ACE,CE,Combined TRACON& Tower with Radar,0,4,34,19,57,0,0,6,0,6,0,4,40,19,63,14,10,24,87
07/18/2012,SUX,IA,ACE,CE,Combined TRACON& Tower with Radar,0,4,27,19,50,0,1,12,0,13,0,5,39,19,63,0,0,0,63
07/19/2012,SUX,IA,ACE,CE,Combined TRACON& Tower with Radar,0,8,24,5,37,0,2,11,0,13,0,10,35,5,50,0,0,0,50
07/20/2012,SUX,IA,ACE,CE,Combined TRACON& Tower with Radar,0,7,21,27,55,0,0,12,0,12,0,7,33,27,67,0,14,14,81
07/21/2012,SUX,IA,ACE,CE,Combined TRACON& Tower with Radar,0,3,12,0,15,0,0,19,3,22,0,3,31,3,37,0,0,0,37
07/22/2012,SUX,IA,ACE,CE,Combined TRACON& Tower with Radar,0,6,15,2,23,0,0,16,0,16,0,6,31,2,39,0,0,0,39
07/23/2012,SUX,IA,ACE,CE,Combined TRACON& Tower with Radar,0,6,34,6,46,0,0,12,0,12,0,6,46,6,58,6,0,6,64
07/24/2012,SUX,IA,ACE,CE,Combined TRACON& Tower with Radar,0,8,28,13,49,0,10,9,0,19,0,18,37,13,68,16,0,16,84
07/25/2012,SUX,IA,ACE,CE,Combined TRACON& Tower with Radar,0,8,22,4,34,0,1,17,0,18,0,9,39,4,52,0,0,0,52
07/26/2012,SUX,IA,ACE,CE,Combined TRACON& Tower with Radar,0,7,16,8,31,0,1,15,0,16,0,8,31,8,47,6,0,6,53
07/27/2012,SUX,IA,ACE,CE,Combined TRACON& Tower with Radar,0,8,12,5,25,0,4,12,0,16,0,12,24,5,41,0,0,0,41
07/28/2012,SUX,IA,ACE,CE,Combined TRACON& Tower with Radar,0,4,4,0,8,0,2,8,0,10,0,6,12,0,18,0,0,0,18
07/29/2012,SUX,IA,ACE,CE,Combined TRACON& Tower with Radar,0,9,10,0,19,0,0,15,0,15,0,9,25,0,34,4,0,4,38
07/30/2012,SUX,IA,ACE,CE,Combined TRACON& Tower with Radar,0,9,18,7,34,0,3,12,0,15,0,12,30,7,49,4,6,10,59
07/31/2012,SUX,IA,ACE,CE,Combined TRACON& Tower with Radar,0,11,36,13,60,0,16,14,0,30,0,27,50,13,90,20,0,20,110
08/01/2012,SUX,IA,ACE,CE,Combined TRACON& Tower with Radar,0,5,20,10,35,0,3,7,0,10,0,8,27,10,45,0,0,0,45
08/02/2012,SUX,IA,ACE,CE,Combined TRACON& Tower with Radar,0,10,27,4,41,0,5,6,0,11,0,15,33,4,52,0,0,0,52
08/03/2012,SUX,IA,ACE,CE,Combined TRACON& Tower with Radar,0,6,6,18,30,0,7,7,0,14,0,13,13,18,44,0,0,0,44
08/04/2012,SUX,IA,ACE,CE,Combined TRACON& Tower with Radar,0,2,9,0,11,0,1,10,0,11,0,3,19,0,22,0,0,0,22
08/05/2012,SUX,IA,ACE,CE,Combined TRACON& Tower with Radar,0,5,10,0,15,0,0,12,0,12,0,5,22,0,27,0,0,0,27
08/06/2012,SUX,IA,ACE,CE,Combined TRACON& Tower with Radar,0,6,18,2,26,0,0,11,0,11,0,6,29,2,37,0,0,0,37
08/07/2012,SUX,IA,ACE,CE,Combined TRACON& Tower with Radar,0,4,25,24,53,0,0,5,0,5,0,4,30,24,58,0,0,0,58
08/08/2012,SUX,IA,ACE,CE,Combined TRACON& Tower with Radar,0,6,15,2,23,0,0,5,0,5,0,6,20,2,28,9,0,9,37
08/09/2012,SUX,IA,ACE,CE,Combined TRACON& Tower with Radar,0,6,25,11,42,0,0,9,0,9,0,6,34,11,51,4,0,4,55
08/10/2012,SUX,IA,ACE,CE,Combined TRACON& Tower with Radar,0,5,38,19,62,0,0,14,0,14,0,5,52,19,76,0,8,8,84
08/11/2012,SUX,IA,ACE,CE,Combined TRACON& Tower with Radar,0,2,8,2,12,0,0,6,0,6,0,2,14,2,18,0,0,0,18
08/12/2012,SUX,IA,ACE,CE,Combined TRACON& Tower with Radar,0,4,6,2,12,0,0,4,0,4,0,4,10,2,16,0,0,0,16
08/13/2012,SUX,IA,ACE,CE,Combined TRACON& Tower with Radar,0,6,14,0,20,0,3,11,0,14,0,9,25,0,34,2,0,2,36
08/14/2012,SUX,IA,ACE,CE,Combined TRACON& Tower with Radar,0,4,21,4,29,0,0,5,4,9,0,4,26,8,38,6,2,8,46
08/15/2012,SUX,IA,ACE,CE,Combined TRACON& Tower with Radar,0,8,14,11,33,0,1,14,1,16,0,9,28,12,49,0,0,0,49
08/16/2012,SUX,IA,ACE,CE,Combined TRACON& Tower with Radar,0,4,38,19,61,0,5,1,0,6,0,9,39,19,67,0,0,0,67
08/17/2012,SUX,IA,ACE,CE,Combined TRACON& Tower with Radar,0,4,25,4,33,0,4,25,0,29,0,8,50,4,62,6,4,10,72
08/18/2012,SUX,IA,ACE,CE,Combined TRACON& Tower with Radar,0,2,9,3,14,0,2,10,0,12,0,4,19,3,26,14,0,14,40
08/19/2012,SUX,IA,ACE,CE,Combined TRACON& Tower with Radar,0,6,12,2,20,0,0,19,0,19,0,6,31,2,39,4,0,4,43
08/20/2012,SUX,IA,ACE,CE,Combined TRACON& Tower with Radar,0,6,18,0,24,0,1,7,0,8,0,7,25,0,32,0,0,0,32
08/21/2012,SUX,IA,ACE,CE,Combined TRACON& Tower with Radar,0,4,21,11,36,0,2,9,0,11,0,6,30,11,47,6,6,12,59
08/22/2012,SUX,IA,ACE,CE,Combined TRACON& Tower with Radar,0,9,35,3,47,0,0,5,0,5,0,9,40,3,52,8,0,8,60
08/23/2012,SUX,IA,ACE,CE,Combined TRACON& Tower with Radar,0,6,35,11,52,0,0,5,0,5,0,6,40,11,57,0,0,0,57
08/24/2012,SUX,IA,ACE,CE,Combined TRACON& Tower with Radar,0,11,24,6,41,0,3,2,0,5,0,14,26,6,46,0,0,0,46
08/25/2012,SUX,IA,ACE,CE,Combined TRACON& Tower with Radar,0,4,10,1,15,0,2,3,0,5,0,6,13,1,20,0,0,0,20
08/26/2012,SUX,IA,ACE,CE,Combined TRACON& Tower with Radar,0,4,25,0,29,0,0,6,0,6,0,4,31,0,35,0,0,0,35
08/27/2012,SUX,IA,ACE,CE,Combined TRACON& Tower with Radar,0,6,24,1,31,0,0,4,0,4,0,6,28,1,35,10,0,10,45
08/28/2012,SUX,IA,ACE,CE,Combined TRACON& Tower with Radar,0,6,29,1,36,0,1,4,0,5,0,7,33,1,41,0,0,0,41
08/29/2012,SUX,IA,ACE,CE,Combined TRACON& Tower with Radar,0,6,26,2,34,0,2,14,2,18,0,8,40,4,52,0,0,0,52
08/30/2012,SUX,IA,ACE,CE,Combined TRACON& Tower with Radar,0,6,26,6,38,0,2,7,0,9,0,8,33,6,47,5,0,5,52
08/31/2012,SUX,IA,ACE,CE,Combined TRACON& Tower with Radar,0,4,17,1,22,0,0,11,0,11,0,4,28,1,33,0,0,0,33
09/01/2012,SUX,IA,ACE,CE,Combined TRACON& Tower with Radar,2,2,0,3,7,0,7,6,0,13,2,9,6,3,20,0,0,0,20
09/02/2012,SUX,IA,ACE,CE,Combined TRACON& Tower with Radar,0,6,1,4,11,0,0,8,0,8,0,6,9,4,19,0,0,0,19
09/03/2012,SUX,IA,ACE,CE,Combined TRACON& Tower with Radar,0,4,4,0,8,0,0,3,0,3,0,4,7,0,11,12,0,12,23
09/04/2012,SUX,IA,ACE,CE,Combined TRACON& Tower with Radar,0,6,18,10,34,0,0,5,0,5,0,6,23,10,39,0,6,6,45
09/05/2012,SUX,IA,ACE,CE,Combined TRACON& Tower with Radar,0,4,32,5,41,0,6,7,0,13,0,10,39,5,54,0,0,0,54
09/06/2012,SUX,IA,ACE,CE,Combined TRACON& Tower with Radar,0,4,25,26,55,0,0,9,0,9,0,4,34,26,64,2,10,12,76
09/07/2012,SUX,IA,ACE,CE,Combined TRACON& Tower with Radar,3,6,28,13,50,0,0,13,0,13,3,6,41,13,63,0,6,6,69
09/08/2012,SUX,IA,ACE,CE,Combined TRACON& Tower with Radar,1,2,3,15,21,0,0,17,0,17,1,2,20,15,38,12,6,18,56
09/09/2012,SUX,IA,ACE,CE,Combined TRACON& Tower with Radar,0,4,16,12,32,0,1,11,0,12,0,5,27,12,44,0,0,0,44
09/10/2012,SUX,IA,ACE,CE,Combined TRACON& Tower with Radar,0,7,19,0,26,0,0,6,1,7,0,7,25,1,33,0,0,0,33
09/11/2012,SUX,IA,ACE,CE,Combined TRACON& Tower with Radar,0,10,9,9,28,0,0,10,0,10,0,10,19,9,38,0,2,2,40
09/12/2012,SUX,IA,ACE,CE,Combined TRACON& Tower with Radar,0,5,22,3,30,0,0,1,0,1,0,5,23,3,31,14,0,14,45
09/13/2012,SUX,IA,ACE,CE,Combined TRACON& Tower with Radar,0,5,36,21,62,0,4,12,0,16,0,9,48,21,78,10,28,38,116
09/14/2012,SUX,IA,ACE,CE,Combined TRACON& Tower with Radar,0,4,20,8,32,0,8,28,0,36,0,12,48,8,68,6,0,6,74
09/15/2012,SUX,IA,ACE,CE,Combined TRACON& Tower with Radar,0,2,6,1,9,0,2,9,0,11,0,4,15,1,20,6,0,6,26
09/16/2012,SUX,IA,ACE,CE,Combined TRACON& Tower with Radar,0,4,13,0,17,0,15,10,0,25,0,19,23,0,42,6,0,6,48
09/17/2012,SUX,IA,ACE,CE,Combined TRACON& Tower with Radar,0,6,31,0,37,0,0,3,0,3,0,6,34,0,40,18,0,18,58
09/18/2012,SUX,IA,ACE,CE,Combined TRACON& Tower with Radar,0,8,27,18,53,0,0,3,1,4,0,8,30,19,57,12,0,12,69
09/19/2012,SUX,IA,ACE,CE,Combined TRACON& Tower with Radar,0,7,24,16,47,0,5,8,1,14,0,12,32,17,61,10,0,10,71
09/20/2012,SUX,IA,ACE,CE,Combined TRACON& Tower with Radar,0,10,28,4,42,0,3,18,0,21,0,13,46,4,63,6,0,6,69
09/21/2012,SUX,IA,ACE,CE,Combined TRACON& Tower with Radar,0,5,31,5,41,0,0,16,0,16,0,5,47,5,57,0,0,0,57
09/22/2012,SUX,IA,ACE,CE,Combined TRACON& Tower with Radar,0,2,19,0,21,0,0,7,0,7,0,2,26,0,28,0,0,0,28
09/23/2012,SUX,IA,ACE,CE,Combined TRACON& Tower with Radar,0,7,9,0,16,0,0,18,0,18,0,7,27,0,34,0,0,0,34
09/24/2012,SUX,IA,ACE,CE,Combined TRACON& Tower with Radar,0,5,20,7,32,0,2,12,0,14,0,7,32,7,46,0,10,10,56
09/25/2012,SUX,IA,ACE,CE,Combined TRACON& Tower with Radar,0,4,18,2,24,0,0,6,0,6,0,4,24,2,30,4,0,4,34
09/26/2012,SUX,IA,ACE,CE,Combined TRACON& Tower with Radar,0,8,14,10,32,0,0,7,1,8,0,8,21,11,40,8,4,12,52
09/27/2012,SUX,IA,ACE,CE,Combined TRACON& Tower with Radar,0,7,38,21,66,0,1,12,0,13,0,8,50,21,79,16,0,16,95
09/28/2012,SUX,IA,ACE,CE,Combined TRACON& Tower with Radar,3,7,21,0,31,0,2,20,0,22,3,9,41,0,53,12,0,12,65
09/29/2012,SUX,IA,ACE,CE,Combined TRACON& Tower with Radar,1,4,14,0,19,0,2,17,0,19,1,6,31,0,38,10,0,10,48
09/30/2012,SUX,IA,ACE,CE,Combined TRACON& Tower with Radar,0,4,10,0,14,0,1,8,0,9,0,5,18,0,23,0,0,0,23
10/01/2012,SUX,IA,ACE,CE,Combined TRACON& Tower with Radar,0,4,13,1,18,0,2,5,1,8,0,6,18,2,26,0,0,0,26
10/02/2012,SUX,IA,ACE,CE,Combined TRACON& Tower with Radar,0,4,23,23,50,0,0,10,0,10,0,4,33,23,60,8,8,16,76
10/03/2012,SUX,IA,ACE,CE,Combined TRACON& Tower with Radar,0,4,21,16,41,0,0,13,0,13,0,4,34,16,54,26,16,42,96
10/04/2012,SUX,IA,ACE,CE,Combined TRACON& Tower with Radar,0,8,21,24,53,0,0,9,0,9,0,8,30,24,62,0,0,0,62
10/05/2012,SUX,IA,ACE,CE,Combined TRACON& Tower with Radar,1,4,25,12,42,0,0,6,0,6,1,4,31,12,48,0,0,0,48
10/06/2012,SUX,IA,ACE,CE,Combined TRACON& Tower with Radar,1,3,10,0,14,0,1,2,0,3,1,4,12,0,17,0,0,0,17
10/07/2012,SUX,IA,ACE,CE,Combined TRACON& Tower with Radar,0,6,7,0,13,0,0,14,0,14,0,6,21,0,27,0,0,0,27
10/08/2012,SUX,IA,ACE,CE,Combined TRACON& Tower with Radar,0,5,15,0,20,0,0,7,0,7,0,5,22,0,27,0,0,0,27
10/09/2012,SUX,IA,ACE,CE,Combined TRACON& Tower with Radar,0,14,22,0,36,0,0,2,0,2,0,14,24,0,38,0,0,0,38
10/10/2012,SUX,IA,ACE,CE,Combined TRACON& Tower with Radar,0,10,21,16,47,0,0,25,0,25,0,10,46,16,72,26,6,32,104
10/11/2012,SUX,IA,ACE,CE,Combined TRACON& Tower with Radar,0,8,22,12,42,0,0,8,0,8,0,8,30,12,50,6,0,6,56
10/12/2012,SUX,IA,ACE,CE,Combined TRACON& Tower with Radar,0,8,16,11,35,0,1,5,0,6,0,9,21,11,41,0,0,0,41
10/13/2012,SUX,IA,ACE,CE,Combined TRACON& Tower with Radar,0,2,15,19,36,0,3,1,0,4,0,5,16,19,40,0,0,0,40
10/14/2012,SUX,IA,ACE,CE,Combined TRACON& Tower with Radar,0,5,5,1,11,0,0,0,0,0,0,5,5,1,11,0,0,0,11
10/15/2012,SUX,IA,ACE,CE,Combined TRACON& Tower with Radar,0,6,21,0,27,0,0,9,0,9,0,6,30,0,36,0,0,0,36
10/16/2012,SUX,IA,ACE,CE,Combined TRACON& Tower with Radar,0,4,25,17,46,0,2,8,0,10,0,6,33,17,56,16,10,26,82
10/17/2012,SUX,IA,ACE,CE,Combined TRACON& Tower with Radar,0,4,19,3,26,0,2,4,0,6,0,6,23,3,32,6,0,6,38
10/18/2012,SUX,IA,ACE,CE,Combined TRACON& Tower with Radar,0,6,19,4,29,0,1,0,0,1,0,7,19,4,30,0,0,0,30
10/19/2012,SUX,IA,ACE,CE,Combined TRACON& Tower with Radar,0,7,28,7,42,0,1,2,0,3,0,8,30,7,45,0,0,0,45
10/20/2012,SUX,IA,ACE,CE,Combined TRACON& Tower with Radar,0,2,13,2,17,0,1,7,0,8,0,3,20,2,25,0,0,0,25
10/21/2012,SUX,IA,ACE,CE,Combined TRACON& Tower with Radar,0,4,14,0,18,0,0,8,0,8,0,4,22,0,26,0,0,0,26
10/22/2012,SUX,IA,ACE,CE,Combined TRACON& Tower with Radar,0,3,6,6,15,0,0,0,0,0,0,3,6,6,15,0,0,0,15
10/23/2012,SUX,IA,ACE,CE,Combined TRACON& Tower with Radar,0,4,21,23,48,0,1,2,0,3,0,5,23,23,51,0,20,20,71
10/24/2012,SUX,IA,ACE,CE,Combined TRACON& Tower with Radar,0,8,16,4,28,0,0,0,0,0,0,8,16,4,28,0,0,0,28
10/25/2012,SUX,IA,ACE,CE,Combined TRACON& Tower with Radar,0,5,19,14,38,0,6,3,0,9,0,11,22,14,47,0,0,0,47
10/26/2012,SUX,IA,ACE,CE,Combined TRACON& Tower with Radar,0,7,18,10,35,0,1,4,0,5,0,8,22,10,40,12,8,20,60
10/27/2012,SUX,IA,ACE,CE,Combined TRACON& Tower with Radar,0,9,3,0,12,0,0,18,0,18,0,9,21,0,30,36,0,36,66
10/28/2012,SUX,IA,ACE,CE,Combined TRACON& Tower with Radar,0,6,12,0,18,0,0,8,0,8,0,6,20,0,26,16,0,16,42
10/29/2012,SUX,IA,ACE,CE,Combined TRACON& Tower with Radar,0,6,24,7,37,0,1,16,0,17,0,7,40,7,54,23,0,23,77
10/30/2012,SUX,IA,ACE,CE,Combined TRACON& Tower with Radar,0,6,23,20,49,0,9,9,1,19,0,15,32,21,68,18,6,24,92
10/31/2012,SUX,IA,ACE,CE,Combined TRACON& Tower with Radar,0,4,11,14,29,0,3,11,0,14,0,7,22,14,43,10,12,22,65
11/01/2012,SUX,IA,ACE,CE,Combined TRACON& Tower with Radar,0,8,27,4,39,0,2,8,0,10,0,10,35,4,49,0,0,0,49
11/02/2012,SUX,IA,ACE,CE,Combined TRACON& Tower with Radar,0,4,19,3,26,0,0,14,0,14,0,4,33,3,40,0,0,0,40
11/03/2012,SUX,IA,ACE,CE,Combined TRACON& Tower with Radar,0,5,7,14,26,0,0,14,0,14,0,5,21,14,40,8,8,16,56
11/04/2012,SUX,IA,ACE,CE,Combined TRACON& Tower with Radar,0,5,6,6,17,0,0,3,0,3,0,5,9,6,20,0,0,0,20
11/05/2012,SUX,IA,ACE,CE,Combined TRACON& Tower with Radar,0,6,16,9,31,0,2,0,0,2,0,8,16,9,33,0,0,0,33
11/06/2012,SUX,IA,ACE,CE,Combined TRACON& Tower with Radar,0,4,23,15,42,0,0,4,0,4,0,4,27,15,46,10,4,14,60
11/07/2012,SUX,IA,ACE,CE,Combined TRACON& Tower with Radar,0,7,34,4,45,0,0,8,0,8,0,7,42,4,53,4,0,4,57
11/08/2012,SUX,IA,ACE,CE,Combined TRACON& Tower with Radar,0,4,21,4,29,0,0,14,0,14,0,4,35,4,43,0,12,12,55
11/09/2012,SUX,IA,ACE,CE,Combined TRACON& Tower with Radar,0,5,24,29,58,0,0,3,0,3,0,5,27,29,61,0,12,12,73
11/10/2012,SUX,IA,ACE,CE,Combined TRACON& Tower with Radar,0,3,2,0,5,0,1,1,0,2,0,4,3,0,7,10,0,10,17
11/11/2012,SUX,IA,ACE,CE,Combined TRACON& Tower with Radar,0,3,5,0,8,0,1,0,0,1,0,4,5,0,9,0,0,0,9
11/12/2012,SUX,IA,ACE,CE,Combined TRACON& Tower with Radar,0,4,22,0,26,0,1,4,0,5,0,5,26,0,31,0,0,0,31
11/13/2012,SUX,IA,ACE,CE,Combined TRACON& Tower with Radar,0,7,18,1,26,0,6,6,0,12,0,13,24,1,38,0,0,0,38
11/14/2012,SUX,IA,ACE,CE,Combined TRACON& Tower with Radar,0,7,34,5,46,0,5,15,0,20,0,12,49,5,66,8,0,8,74
11/15/2012,SUX,IA,ACE,CE,Combined TRACON& Tower with Radar,0,6,21,14,41,0,0,19,0,19,0,6,40,14,60,26,10,36,96
11/16/2012,SUX,IA,ACE,CE,Combined TRACON& Tower with Radar,1,4,27,14,46,0,3,16,0,19,1,7,43,14,65,0,2,2,67
11/17/2012,SUX,IA,ACE,CE,Combined TRACON& Tower with Radar,1,4,6,0,11,0,5,12,0,17,1,9,18,0,28,6,4,10,38
11/18/2012,SUX,IA,ACE,CE,Combined TRACON& Tower with Radar,0,6,11,0,17,0,1,14,0,15,0,7,25,0,32,12,0,12,44
11/19/2012,SUX,IA,ACE,CE,Combined TRACON& Tower with Radar,0,4,19,0,23,0,0,12,0,12,0,4,31,0,35,0,0,0,35
11/20/2012,SUX,IA,ACE,CE,Combined TRACON& Tower with Radar,0,8,22,25,55,0,3,19,0,22,0,11,41,25,77,12,32,44,121
11/21/2012,SUX,IA,ACE,CE,Combined TRACON& Tower with Radar,0,5,16,0,21,0,1,4,0,5,0,6,20,0,26,2,0,2,28
11/22/2012,SUX,IA,ACE,CE,Combined TRACON& Tower with Radar,0,1,0,0,1,0,0,4,1,5,0,1,4,1,6,12,0,12,18
11/23/2012,SUX,IA,ACE,CE,Combined TRACON& Tower with Radar,1,7,4,0,12,0,0,10,0,10,1,7,14,0,22,0,0,0,22
11/24/2012,SUX,IA,ACE,CE,Combined TRACON& Tower with Radar,1,3,11,0,15,0,0,9,0,9,1,3,20,0,24,10,0,10,34
11/25/2012,SUX,IA,ACE,CE,Combined TRACON& Tower with Radar,0,6,8,0,14,0,0,7,0,7,0,6,15,0,21,10,0,10,31
11/26/2012,SUX,IA,ACE,CE,Combined TRACON& Tower with Radar,0,7,13,2,22,0,2,6,0,8,0,9,19,2,30,36,0,36,66
11/27/2012,SUX,IA,ACE,CE,Combined TRACON& Tower with Radar,0,7,33,8,48,0,4,17,1,22,0,11,50,9,70,22,2,24,94
11/28/2012,SUX,IA,ACE,CE,Combined TRACON& Tower with Radar,0,4,28,16,48,0,0,14,0,14,0,4,42,16,62,28,14,42,104
11/29/2012,SUX,IA,ACE,CE,Combined TRACON& Tower with Radar,0,4,34,10,48,0,0,2,1,3,0,4,36,11,51,0,6,6,57
11/30/2012,SUX,IA,ACE,CE,Combined TRACON& Tower with Radar,0,10,17,2,29,0,1,6,0,7,0,11,23,2,36,2,0,2,38
12/01/2012,SUX,IA,ACE,CE,Combined TRACON& Tower with Radar,0,9,16,5,30,0,2,6,0,8,0,11,22,5,38,0,0,0,38
12/02/2012,SUX,IA,ACE,CE,Combined TRACON& Tower with Radar,0,5,11,1,17,0,0,25,2,27,0,5,36,3,44,46,0,46,90
12/03/2012,SUX,IA,ACE,CE,Combined TRACON& Tower with Radar,0,5,25,0,30,0,2,9,0,11,0,7,34,0,41,12,0,12,53
12/04/2012,SUX,IA,ACE,CE,Combined TRACON& Tower with Radar,0,12,20,37,69,0,0,18,1,19,0,12,38,38,88,12,34,46,134
12/05/2012,SUX,IA,ACE,CE,Combined TRACON& Tower with Radar,0,4,16,13,33,0,0,8,0,8,0,4,24,13,41,0,0,0,41
12/06/2012,SUX,IA,ACE,CE,Combined TRACON& Tower with Radar,0,7,29,13,49,0,2,10,0,12,0,9,39,13,61,4,6,10,71
12/07/2012,SUX,IA,ACE,CE,Combined TRACON& Tower with Radar,0,8,16,5,29,0,1,4,0,5,0,9,20,5,34,0,0,0,34
12/08/2012,SUX,IA,ACE,CE,Combined TRACON& Tower with Radar,0,4,12,0,16,0,0,0,0,0,0,4,12,0,16,0,0,0,16
12/09/2012,SUX,IA,ACE,CE,Combined TRACON& Tower with Radar,0,6,10,0,16,0,0,0,0,0,0,6,10,0,16,0,0,0,16
12/10/2012,SUX,IA,ACE,CE,Combined TRACON& Tower with Radar,0,5,32,0,37,0,0,9,0,9,0,5,41,0,46,6,0,6,52
12/11/2012,SUX,IA,ACE,CE,Combined TRACON& Tower with Radar,0,8,25,14,47,0,0,15,0,15,0,8,40,14,62,6,0,6,68
12/12/2012,SUX,IA,ACE,CE,Combined TRACON& Tower with Radar,0,5,27,8,40,0,2,8,0,10,0,7,35,8,50,0,0,0,50
12/13/2012,SUX,IA,ACE,CE,Combined TRACON& Tower with Radar,0,4,25,14,43,0,2,10,0,12,0,6,35,14,55,38,0,38,93
12/14/2012,SUX,IA,ACE,CE,Combined TRACON& Tower with Radar,0,5,21,4,30,0,1,8,0,9,0,6,29,4,39,0,2,2,41
12/15/2012,SUX,IA,ACE,CE,Combined TRACON& Tower with Radar,0,2,3,0,5,0,0,0,0,0,0,2,3,0,5,0,0,0,5
12/16/2012,SUX,IA,ACE,CE,Combined TRACON& Tower with Radar,0,4,10,1,15,0,2,2,5,9,0,6,12,6,24,0,12,12,36
12/17/2012,SUX,IA,ACE,CE,Combined TRACON& Tower with Radar,0,7,33,0,40,0,0,0,0,0,0,7,33,0,40,0,0,0,40
12/18/2012,SUX,IA,ACE,CE,Combined TRACON& Tower with Radar,0,10,23,25,58,0,4,5,0,9,0,14,28,25,67,0,16,16,83
12/19/2012,SUX,IA,ACE,CE,Combined TRACON& Tower with Radar,0,9,23,7,39,0,1,5,0,6,0,10,28,7,45,2,0,2,47
12/20/2012,SUX,IA,ACE,CE,Combined TRACON& Tower with Radar,0,5,5,2,12,0,2,0,0,2,0,7,5,2,14,0,0,0,14
12/21/2012,SUX,IA,ACE,CE,Combined TRACON& Tower with Radar,0,4,17,3,24,0,2,6,0,8,0,6,23,3,32,0,0,0,32
12/22/2012,SUX,IA,ACE,CE,Combined TRACON& Tower with Radar,0,2,5,0,7,0,4,6,0,10,0,6,11,0,17,0,0,0,17
12/23/2012,SUX,IA,ACE,CE,Combined TRACON& Tower with Radar,0,7,7,0,14,0,0,2,0,2,0,7,9,0,16,0,0,0,16
12/24/2012,SUX,IA,ACE,CE,Combined TRACON& Tower with Radar,0,5,1,0,6,0,0,1,0,1,0,5,2,0,7,0,0,0,7
12/25/2012,SUX,IA,ACE,CE,Combined TRACON& Tower with Radar,0,3,0,0,3,0,4,1,0,5,0,7,1,0,8,0,0,0,8
12/26/2012,SUX,IA,ACE,CE,Combined TRACON& Tower with Radar,0,5,5,0,10,0,5,11,0,16,0,10,16,0,26,0,0,0,26
12/27/2012,SUX,IA,ACE,CE,Combined TRACON& Tower with Radar,0,4,13,0,17,0,0,0,0,0,0,4,13,0,17,0,0,0,17
12/28/2012,SUX,IA,ACE,CE,Combined TRACON& Tower with Radar,0,6,6,0,12,0,0,0,0,0,0,6,6,0,12,0,0,0,12
12/29/2012,SUX,IA,ACE,CE,Combined TRACON& Tower with Radar,0,4,2,0,6,0,0,2,0,2,0,4,4,0,8,0,0,0,8
12/30/2012,SUX,IA,ACE,CE,Combined TRACON& Tower with Radar,0,4,3,0,7,0,2,4,0,6,0,6,7,0,13,0,0,0,13
12/31/2012,SUX,IA,ACE,CE,Combined TRACON& Tower with Radar,0,4,2,0,6,0,0,1,0,1,0,4,3,0,7,0,0,0,7
01/01/2013,SUX,IA,ACE,CE,Combined TRACON& Tower with Radar,0,6,2,0,8,0,4,3,0,7,0,10,5,0,15,0,0,0,15
01/02/2013,SUX,IA,ACE,CE,Combined TRACON& Tower with Radar,0,8,16,20,44,0,2,1,0,3,0,10,17,20,47,0,0,0,47
01/03/2013,SUX,IA,ACE,CE,Combined TRACON& Tower with Radar,0,6,33,12,51,0,2,4,0,6,0,8,37,12,57,0,0,0,57
01/04/2013,SUX,IA,ACE,CE,Combined TRACON& Tower with Radar,0,7,18,10,35,0,2,6,0,8,0,9,24,10,43,0,6,6,49
01/05/2013,SUX,IA,ACE,CE,Combined TRACON& Tower with Radar,0,3,12,0,15,0,4,12,0,16,0,7,24,0,31,0,0,0,31
01/06/2013,SUX,IA,ACE,CE,Combined TRACON& Tower with Radar,0,6,29,12,47,0,13,7,0,20,0,19,36,12,67,0,0,0,67
01/07/2013,SUX,IA,ACE,CE,Combined TRACON& Tower with Radar,0,5,15,0,20,0,5,4,0,9,0,10,19,0,29,0,0,0,29
01/08/2013,SUX,IA,ACE,CE,Combined TRACON& Tower with Radar,0,4,19,19,42,0,0,2,0,2,0,4,21,19,44,0,2,2,46
01/09/2013,SUX,IA,ACE,CE,Combined TRACON& Tower with Radar,0,10,26,12,48,0,3,36,0,39,0,13,62,12,87,6,0,6,93
01/10/2013,SUX,IA,ACE,CE,Combined TRACON& Tower with Radar,0,6,22,12,40,0,0,2,0,2,0,6,24,12,42,0,0,0,42
01/11/2013,SUX,IA,ACE,CE,Combined TRACON& Tower with Radar,0,4,10,6,20,0,0,0,0,0,0,4,10,6,20,0,0,0,20
01/12/2013,SUX,IA,ACE,CE,Combined TRACON& Tower with Radar,0,2,8,3,13,0,0,2,0,2,0,2,10,3,15,0,0,0,15
01/13/2013,SUX,IA,ACE,CE,Combined TRACON& Tower with Radar,0,3,15,0,18,0,0,8,0,8,0,3,23,0,26,0,0,0,26
01/14/2013,SUX,IA,ACE,CE,Combined TRACON& Tower with Radar,0,6,32,0,38,0,0,6,0,6,0,6,38,0,44,0,0,0,44
01/15/2013,SUX,IA,ACE,CE,Combined TRACON& Tower with Radar,0,6,17,23,46,0,0,6,0,6,0,6,23,23,52,0,0,0,52
01/16/2013,SUX,IA,ACE,CE,Combined TRACON& Tower with Radar,0,5,38,13,56,0,6,11,2,19,0,11,49,15,75,8,0,8,83
01/17/2013,SUX,IA,ACE,CE,Combined TRACON& Tower with Radar,0,6,33,7,46,0,3,9,0,12,0,9,42,7,58,4,0,4,62
01/18/2013,SUX,IA,ACE,CE,Combined TRACON& Tower with Radar,0,5,16,6,27,0,6,18,0,24,0,11,34,6,51,0,0,0,51
01/19/2013,SUX,IA,ACE,CE,Combined TRACON& Tower with Radar,0,2,15,0,17,0,0,8,0,8,0,2,23,0,25,0,0,0,25
01/20/2013,SUX,IA,ACE,CE,Combined TRACON& Tower with Radar,0,4,9,0,13,0,2,0,0,2,0,6,9,0,15,0,0,0,15
01/21/2013,SUX,IA,ACE,CE,Combined TRACON& Tower with Radar,0,7,14,0,21,0,1,3,0,4,0,8,17,0,25,0,0,0,25
01/22/2013,SUX,IA,ACE,CE,Combined TRACON& Tower with Radar,0,6,30,4,40,0,0,0,0,0,0,6,30,4,40,0,0,0,40
01/23/2013,SUX,IA,ACE,CE,Combined TRACON& Tower with Radar,0,7,13,18,38,0,2,2,0,4,0,9,15,18,42,2,0,2,44
01/24/2013,SUX,IA,ACE,CE,Combined TRACON& Tower with Radar,0,4,26,27,57,0,1,8,0,9,0,5,34,27,66,10,4,14,80
01/25/2013,SUX,IA,ACE,CE,Combined TRACON& Tower with Radar,0,3,16,5,24,0,4,19,0,23,0,7,35,5,47,18,0,18,65
01/26/2013,SUX,IA,ACE,CE,Combined TRACON& Tower with Radar,0,2,12,4,18,0,6,17,0,23,0,8,29,4,41,14,0,14,55
01/27/2013,SUX,IA,ACE,CE,Combined TRACON& Tower with Radar,0,1,8,0,9,0,0,0,0,0,0,1,8,0,9,0,0,0,9
01/28/2013,SUX,IA,ACE,CE,Combined TRACON& Tower with Radar,0,2,9,1,12,0,0,0,0,0,0,2,9,1,12,0,0,0,12
01/29/2013,SUX,IA,ACE,CE,Combined TRACON& Tower with Radar,0,2,16,7,25,0,0,0,0,0,0,2,16,7,25,0,0,0,25
01/30/2013,SUX,IA,ACE,CE,Combined TRACON& Tower with Radar,0,6,7,6,19,0,0,2,0,2,0,6,9,6,21,0,0,0,21
01/31/2013,SUX,IA,ACE,CE,Combined TRACON& Tower with Radar,0,4,19,10,33,0,0,3,0,3,0,4,22,10,36,0,6,6,42
02/01/2013,SUX,IA,ACE,CE,Combined TRACON& Tower with Radar,0,6,18,40,64,0,8,7,0,15,0,14,25,40,79,0,20,20,99
02/02/2013,SUX,IA,ACE,CE,Combined TRACON& Tower with Radar,0,4,14,8,26,0,0,7,0,7,0,4,21,8,33,4,4,8,41
02/03/2013,SUX,IA,ACE,CE,Combined TRACON& Tower with Radar,0,3,15,4,22,0,1,12,0,13,0,4,27,4,35,30,4,34,69
02/04/2013,SUX,IA,ACE,CE,Combined TRACON& Tower with Radar,0,4,28,0,32,0,0,1,0,1,0,4,29,0,33,2,0,2,35
02/05/2013,SUX,IA,ACE,CE,Combined TRACON& Tower with Radar,0,5,25,18,48,0,0,11,0,11,0,5,36,18,59,12,0,12,71
02/06/2013,SUX,IA,ACE,CE,Combined TRACON& Tower with Radar,0,4,16,7,27,0,2,5,0,7,0,6,21,7,34,16,0,16,50
02/07/2013,SUX,IA,ACE,CE,Combined TRACON& Tower with Radar,0,4,23,8,35,0,0,1,0,1,0,4,24,8,36,0,0,0,36
02/08/2013,SUX,IA,ACE,CE,Combined TRACON& Tower with Radar,0,9,21,8,38,0,0,4,0,4,0,9,25,8,42,2,0,2,44
02/09/2013,SUX,IA,ACE,CE,Combined TRACON& Tower with Radar,0,2,5,0,7,0,1,5,0,6,0,3,10,0,13,0,0,0,13
02/10/2013,SUX,IA,ACE,CE,Combined TRACON& Tower with Radar,0,3,2,0,5,0,0,0,0,0,0,3,2,0,5,4,0,4,9
02/11/2013,SUX,IA,ACE,CE,Combined TRACON& Tower with Radar,0,6,16,0,22,0,0,0,0,0,0,6,16,0,22,6,0,6,28
02/12/2013,SUX,IA,ACE,CE,Combined TRACON& Tower with Radar,0,7,11,23,41,0,0,12,0,12,0,7,23,23,53,0,0,0,53
02/13/2013,SUX,IA,ACE,CE,Combined TRACON& Tower with Radar,0,7,20,6,33,0,4,16,0,20,0,11,36,6,53,4,4,8,61
02/14/2013,SUX,IA,ACE,CE,Combined TRACON& Tower with Radar,0,5,9,2,16,0,2,4,0,6,0,7,13,2,22,0,0,0,22
02/15/2013,SUX,IA,ACE,CE,Combined TRACON& Tower with Radar,0,7,10,3,20,0,0,5,0,5,0,7,15,3,25,0,0,0,25
02/16/2013,SUX,IA,ACE,CE,Combined TRACON& Tower with Radar,0,2,14,0,16,0,3,14,0,17,0,5,28,0,33,0,0,0,33
02/17/2013,SUX,IA,ACE,CE,Combined TRACON& Tower with Radar,0,6,17,0,23,0,2,9,0,11,0,8,26,0,34,18,0,18,52
02/18/2013,SUX,IA,ACE,CE,Combined TRACON& Tower with Radar,0,11,9,0,20,0,0,1,0,1,0,11,10,0,21,0,0,0,21
02/19/2013,SUX,IA,ACE,CE,Combined TRACON& Tower with Radar,0,8,15,0,23,0,2,1,0,3,0,10,16,0,26,4,0,4,30
02/20/2013,SUX,IA,ACE,CE,Combined TRACON& Tower with Radar,0,9,38,15,62,0,0,14,0,14,0,9,52,15,76,2,0,2,78
02/21/2013,SUX,IA,ACE,CE,Combined TRACON& Tower with Radar,0,8,8,8,24,0,2,2,0,4,0,10,10,8,28,0,0,0,28
02/22/2013,SUX,IA,ACE,CE,Combined TRACON& Tower with Radar,0,4,8,0,12,0,1,0,0,1,0,5,8,0,13,0,0,0,13
02/23/2013,SUX,IA,ACE,CE,Combined TRACON& Tower with Radar,0,2,7,0,9,0,1,16,0,17,0,3,23,0,26,42,0,42,68
02/24/2013,SUX,IA,ACE,CE,Combined TRACON& Tower with Radar,0,4,8,0,12,0,0,0,0,0,0,4,8,0,12,0,0,0,12
02/25/2013,SUX,IA,ACE,CE,Combined TRACON& Tower with Radar,0,6,7,0,13,0,0,0,0,0,0,6,7,0,13,4,0,4,17
02/26/2013,SUX,IA,ACE,CE,Combined TRACON& Tower with Radar,0,2,19,25,46,0,0,0,0,0,0,2,19,25,46,0,0,0,46
02/27/2013,SUX,IA,ACE,CE,Combined TRACON& Tower with Radar,0,4,17,4,25,0,0,7,0,7,0,4,24,4,32,6,2,8,40
02/28/2013,SUX,IA,ACE,CE,Combined TRACON& Tower with Radar,0,4,11,10,25,0,3,1,0,4,0,7,12,10,29,2,6,8,37
03/01/2013,SUX,IA,ACE,CE,Combined TRACON& Tower with Radar,0,3,9,5,17,0,2,7,0,9,0,5,16,5,26,10,0,10,36
03/02/2013,SUX,IA,ACE,CE,Combined TRACON& Tower with Radar,0,2,19,0,21,0,2,21,0,23,0,4,40,0,44,18,0,18,62
03/03/2013,SUX,IA,ACE,CE,Combined TRACON& Tower with Radar,0,4,6,9,19,0,0,2,0,2,0,4,8,9,21,30,0,30,51
03/04/2013,SUX,IA,ACE,CE,Combined TRACON& Tower with Radar,0,6,19,1,26,0,0,5,0,5,0,6,24,1,31,6,0,6,37
03/05/2013,SUX,IA,ACE,CE,Combined TRACON& Tower with Radar,0,2,17,16,35,0,0,0,0,0,0,2,17,16,35,0,0,0,35
03/06/2013,SUX,IA,ACE,CE,Combined TRACON& Tower with Radar,0,5,19,0,24,0,2,10,0,12,0,7,29,0,36,16,0,16,52
03/07/2013,SUX,IA,ACE,CE,Combined TRACON& Tower with Radar,0,4,18,24,46,0,0,7,0,7,0,4,25,24,53,4,10,14,67
03/08/2013,SUX,IA,ACE,CE,Combined TRACON& Tower with Radar,0,6,13,1,20,0,0,13,0,13,0,6,26,1,33,32,0,32,65
03/09/2013,SUX,IA,ACE,CE,Combined TRACON& Tower with Radar,0,2,1,0,3,0,0,2,0,2,0,2,3,0,5,0,0,0,5
03/10/2013,SUX,IA,ACE,CE,Combined TRACON& Tower with Radar,0,0,0,0,0,0,0,0,0,0,0,0,0,0,0,0,0,0,0
03/11/2013,SUX,IA,ACE,CE,Combined TRACON& Tower with Radar,0,7,17,0,24,0,2,9,0,11,0,9,26,0,35,0,0,0,35
03/12/2013,SUX,IA,ACE,CE,Combined TRACON& Tower with Radar,0,10,18,24,52,0,0,1,0,1,0,10,19,24,53,0,0,0,53
03/13/2013,SUX,IA,ACE,CE,Combined TRACON& Tower with Radar,0,4,20,1,25,0,5,5,0,10,0,9,25,1,35,0,0,0,35
03/14/2013,SUX,IA,ACE,CE,Combined TRACON& Tower with Radar,0,11,13,35,59,0,1,6,0,7,0,12,19,35,66,10,4,14,80
03/15/2013,SUX,IA,ACE,CE,Combined TRACON& Tower with Radar,0,4,15,0,19,0,0,6,0,6,0,4,21,0,25,14,0,14,39
03/16/2013,SUX,IA,ACE,CE,Combined TRACON& Tower with Radar,0,2,4,1,7,0,0,1,0,1,0,2,5,1,8,16,0,16,24
03/17/2013,SUX,IA,ACE,CE,Combined TRACON& Tower with Radar,0,4,4,1,9,0,1,6,0,7,0,5,10,1,16,14,0,14,30
03/18/2013,SUX,IA,ACE,CE,Combined TRACON& Tower with Radar,0,4,18,4,26,0,0,1,0,1,0,4,19,4,27,0,0,0,27
03/19/2013,SUX,IA,ACE,CE,Combined TRACON& Tower with Radar,0,5,19,6,30,0,0,23,0,23,0,5,42,6,53,8,0,8,61
03/20/2013,SUX,IA,ACE,CE,Combined TRACON& Tower with Radar,0,7,32,0,39,0,2,19,0,21,0,9,51,0,60,10,0,10,70
03/21/2013,SUX,IA,ACE,CE,Combined TRACON& Tower with Radar,0,6,10,0,16,0,0,10,0,10,0,6,20,0,26,6,0,6,32
03/22/2013,SUX,IA,ACE,CE,Combined TRACON& Tower with Radar,0,5,7,1,13,0,0,4,0,4,0,5,11,1,17,14,0,14,31
03/23/2013,SUX,IA,ACE,CE,Combined TRACON& Tower with Radar,0,2,6,2,10,0,0,5,0,5,0,2,11,2,15,16,0,16,31
03/24/2013,SUX,IA,ACE,CE,Combined TRACON& Tower with Radar,0,6,4,0,10,0,4,1,0,5,0,10,5,0,15,0,0,0,15
03/25/2013,SUX,IA,ACE,CE,Combined TRACON& Tower with Radar,0,4,16,0,20,0,0,0,0,0,0,4,16,0,20,0,0,0,20
03/26/2013,SUX,IA,ACE,CE,Combined TRACON& Tower with Radar,0,6,19,9,34,0,2,17,0,19,0,8,36,9,53,34,0,34,87
03/27/2013,SUX,IA,ACE,CE,Combined TRACON& Tower with Radar,0,6,42,0,48,0,1,25,0,26,0,7,67,0,74,34,0,34,108
03/28/2013,SUX,IA,ACE,CE,Combined TRACON& Tower with Radar,0,4,22,2,28,0,1,6,0,7,0,5,28,2,35,0,0,0,35
03/29/2013,SUX,IA,ACE,CE,Combined TRACON& Tower with Radar,0,4,10,8,22,0,1,11,0,12,0,5,21,8,34,0,0,0,34
03/30/2013,SUX,IA,ACE,CE,Combined TRACON& Tower with Radar,0,2,13,0,15,0,0,4,0,4,0,2,17,0,19,4,0,4,23
03/31/2013,SUX,IA,ACE,CE,Combined TRACON& Tower with Radar,0,4,7,0,11,0,2,2,0,4,0,6,9,0,15,6,0,6,21
04/01/2013,SUX,IA,ACE,CE,Combined TRACON& Tower with Radar,0,4,29,0,33,0,2,4,0,6,0,6,33,0,39,10,0,10,49
04/02/2013,SUX,IA,ACE,CE,Combined TRACON& Tower with Radar,0,3,20,18,41,0,0,11,0,11,0,3,31,18,52,8,16,24,76
04/03/2013,SUX,IA,ACE,CE,Combined TRACON& Tower with Radar,0,4,24,8,36,0,0,7,0,7,0,4,31,8,43,0,10,10,53
04/04/2013,SUX,IA,ACE,CE,Combined TRACON& Tower with Radar,0,5,19,6,30,0,0,5,0,5,0,5,24,6,35,6,0,6,41
04/05/2013,SUX,IA,ACE,CE,Combined TRACON& Tower with Radar,0,6,14,9,29,0,0,6,0,6,0,6,20,9,35,6,6,12,47
04/06/2013,SUX,IA,ACE,CE,Combined TRACON& Tower with Radar,0,2,15,16,33,0,0,5,0,5,0,2,20,16,38,30,12,42,80
04/07/2013,SUX,IA,ACE,CE,Combined TRACON& Tower with Radar,0,7,11,4,22,0,0,5,0,5,0,7,16,4,27,10,0,10,37
04/08/2013,SUX,IA,ACE,CE,Combined TRACON& Tower with Radar,0,3,13,0,16,0,1,2,0,3,0,4,15,0,19,8,0,8,27
04/09/2013,SUX,IA,ACE,CE,Combined TRACON& Tower with Radar,1,2,12,2,17,0,0,0,0,0,1,2,12,2,17,0,0,0,17
04/10/2013,SUX,IA,ACE,CE,Combined TRACON& Tower with Radar,0,5,11,0,16,0,0,0,0,0,0,5,11,0,16,0,0,0,16
04/11/2013,SUX,IA,ACE,CE,Combined TRACON& Tower with Radar,0,5,7,4,16,0,0,0,0,0,0,5,7,4,16,0,0,0,16
04/12/2013,SUX,IA,ACE,CE,Combined TRACON& Tower with Radar,0,3,12,5,20,0,4,2,0,6,0,7,14,5,26,0,0,0,26
04/13/2013,SUX,IA,ACE,CE,Combined TRACON& Tower with Radar,0,2,18,0,20,0,1,20,0,21,0,3,38,0,41,50,0,50,91
04/14/2013,SUX,IA,ACE,CE,Combined TRACON& Tower with Radar,0,4,2,0,6,0,2,1,0,3,0,6,3,0,9,0,0,0,9
04/15/2013,SUX,IA,ACE,CE,Combined TRACON& Tower with Radar,0,6,25,0,31,0,8,10,0,18,0,14,35,0,49,16,0,16,65
04/16/2013,SUX,IA,ACE,CE,Combined TRACON& Tower with Radar,0,6,30,18,54,0,7,15,0,22,0,13,45,18,76,40,4,44,120
04/17/2013,SUX,IA,ACE,CE,Combined TRACON& Tower with Radar,0,3,16,4,23,0,0,1,0,1,0,3,17,4,24,8,4,12,36
04/18/2013,SUX,IA,ACE,CE,Combined TRACON& Tower with Radar,0,4,11,0,15,0,0,0,0,0,0,4,11,0,15,0,0,0,15
04/19/2013,SUX,IA,ACE,CE,Combined TRACON& Tower with Radar,0,7,15,13,35,0,0,3,0,3,0,7,18,13,38,4,0,4,42
04/20/2013,SUX,IA,ACE,CE,Combined TRACON& Tower with Radar,0,2,16,1,19,0,2,7,0,9,0,4,23,1,28,16,0,16,44
04/21/2013,SUX,IA,ACE,CE,Combined TRACON& Tower with Radar,2,7,10,0,19,0,0,2,0,2,2,7,12,0,21,0,0,0,21
04/22/2013,SUX,IA,ACE,CE,Combined TRACON& Tower with Radar,0,7,12,0,19,0,0,0,0,0,0,7,12,0,19,0,0,0,19
04/23/2013,SUX,IA,ACE,CE,Combined TRACON& Tower with Radar,0,4,17,18,39,0,4,5,0,9,0,8,22,18,48,0,10,10,58
04/24/2013,SUX,IA,ACE,CE,Combined TRACON& Tower with Radar,0,7,31,18,56,0,4,7,0,11,0,11,38,18,67,8,0,8,75
04/25/2013,SUX,IA,ACE,CE,Combined TRACON& Tower with Radar,0,5,16,21,42,0,2,8,0,10,0,7,24,21,52,10,2,12,64
04/26/2013,SUX,IA,ACE,CE,Combined TRACON& Tower with Radar,0,4,12,25,41,0,2,33,0,35,0,6,45,25,76,38,16,54,130
04/27/2013,SUX,IA,ACE,CE,Combined TRACON& Tower with Radar,0,2,7,1,10,0,0,13,0,13,0,2,20,1,23,14,0,14,37
04/28/2013,SUX,IA,ACE,CE,Combined TRACON& Tower with Radar,0,4,17,0,21,0,0,8,0,8,0,4,25,0,29,10,0,10,39
04/29/2013,SUX,IA,ACE,CE,Combined TRACON& Tower with Radar,0,5,15,0,20,0,0,2,0,2,0,5,17,0,22,0,0,0,22
04/30/2013,SUX,IA,ACE,CE,Combined TRACON& Tower with Radar,0,5,18,10,33,0,1,6,0,7,0,6,24,10,40,8,6,14,54
05/01/2013,SUX,IA,ACE,CE,Combined TRACON& Tower with Radar,0,6,25,0,31,0,0,0,0,0,0,6,25,0,31,0,0,0,31
05/02/2013,SUX,IA,ACE,CE,Combined TRACON& Tower with Radar,0,7,14,13,34,0,0,3,0,3,0,7,17,13,37,0,0,0,37
05/03/2013,SUX,IA,ACE,CE,Combined TRACON& Tower with Radar,0,4,9,1,14,0,4,10,0,14,0,8,19,1,28,4,0,4,32
05/04/2013,SUX,IA,ACE,CE,Combined TRACON& Tower with Radar,0,2,1,0,3,0,0,0,0,0,0,2,1,0,3,0,0,0,3
05/05/2013,SUX,IA,ACE,CE,Combined TRACON& Tower with Radar,0,4,14,0,18,0,4,0,0,4,0,8,14,0,22,0,0,0,22
05/06/2013,SUX,IA,ACE,CE,Combined TRACON& Tower with Radar,0,4,21,3,28,0,1,8,0,9,0,5,29,3,37,0,0,0,37
05/07/2013,SUX,IA,ACE,CE,Combined TRACON& Tower with Radar,0,4,19,13,36,0,0,4,0,4,0,4,23,13,40,22,0,22,62
05/08/2013,SUX,IA,ACE,CE,Combined TRACON& Tower with Radar,0,6,21,13,40,0,0,2,0,2,0,6,23,13,42,6,0,6,48
05/09/2013,SUX,IA,ACE,CE,Combined TRACON& Tower with Radar,0,5,15,17,37,0,2,0,0,2,0,7,15,17,39,0,0,0,39
05/10/2013,SUX,IA,ACE,CE,Combined TRACON& Tower with Radar,0,4,19,23,46,0,0,23,0,23,0,4,42,23,69,20,16,36,105
05/11/2013,SUX,IA,ACE,CE,Combined TRACON& Tower with Radar,0,2,3,0,5,0,4,4,0,8,0,6,7,0,13,0,0,0,13
05/12/2013,SUX,IA,ACE,CE,Combined TRACON& Tower with Radar,0,4,13,0,17,0,0,22,0,22,0,4,35,0,39,8,0,8,47
05/13/2013,SUX,IA,ACE,CE,Combined TRACON& Tower with Radar,0,4,16,0,20,0,0,4,0,4,0,4,20,0,24,0,0,0,24
05/14/2013,SUX,IA,ACE,CE,Combined TRACON& Tower with Radar,0,4,17,8,29,0,4,8,0,12,0,8,25,8,41,0,12,12,53
05/15/2013,SUX,IA,ACE,CE,Combined TRACON& Tower with Radar,0,6,19,20,45,0,0,11,0,11,0,6,30,20,56,6,4,10,66
05/16/2013,SUX,IA,ACE,CE,Combined TRACON& Tower with Radar,0,6,28,18,52,0,1,5,0,6,0,7,33,18,58,0,2,2,60
05/17/2013,SUX,IA,ACE,CE,Combined TRACON& Tower with Radar,0,4,13,12,29,0,1,12,0,13,0,5,25,12,42,16,10,26,68
05/18/2013,SUX,IA,ACE,CE,Combined TRACON& Tower with Radar,0,2,4,0,6,0,5,17,0,22,0,7,21,0,28,0,0,0,28
05/19/2013,SUX,IA,ACE,CE,Combined TRACON& Tower with Radar,0,3,10,0,13,0,0,2,0,2,0,3,12,0,15,0,0,0,15
05/20/2013,SUX,IA,ACE,CE,Combined TRACON& Tower with Radar,0,5,20,0,25,0,0,5,0,5,0,5,25,0,30,0,0,0,30
05/21/2013,SUX,IA,ACE,CE,Combined TRACON& Tower with Radar,0,6,22,15,43,0,0,1,0,1,0,6,23,15,44,0,0,0,44
05/22/2013,SUX,IA,ACE,CE,Combined TRACON& Tower with Radar,0,7,27,12,46,0,0,0,0,0,0,7,27,12,46,0,0,0,46
05/23/2013,SUX,IA,ACE,CE,Combined TRACON& Tower with Radar,0,7,35,12,54,0,1,9,0,10,0,8,44,12,64,18,0,18,82
05/24/2013,SUX,IA,ACE,CE,Combined TRACON& Tower with Radar,0,7,17,4,28,0,4,3,0,7,0,11,20,4,35,20,0,20,55
05/25/2013,SUX,IA,ACE,CE,Combined TRACON& Tower with Radar,0,2,11,0,13,0,2,2,0,4,0,4,13,0,17,0,0,0,17
05/26/2013,SUX,IA,ACE,CE,Combined TRACON& Tower with Radar,0,4,3,3,10,0,0,0,0,0,0,4,3,3,10,0,0,0,10
05/27/2013,SUX,IA,ACE,CE,Combined TRACON& Tower with Radar,0,9,11,0,20,0,3,6,0,9,0,12,17,0,29,18,0,18,47
05/28/2013,SUX,IA,ACE,CE,Combined TRACON& Tower with Radar,0,3,22,14,39,0,3,8,0,11,0,6,30,14,50,26,0,26,76
05/29/2013,SUX,IA,ACE,CE,Combined TRACON& Tower with Radar,0,4,12,7,23,0,2,1,0,3,0,6,13,7,26,0,0,0,26
05/30/2013,SUX,IA,ACE,CE,Combined TRACON& Tower with Radar,0,5,18,6,29,0,0,0,0,0,0,5,18,6,29,8,2,10,39
05/31/2013,SUX,IA,ACE,CE,Combined TRACON& Tower with Radar,0,5,15,14,34,0,5,6,0,11,0,10,21,14,45,0,0,0,45
06/01/2013,SUX,IA,ACE,CE,Combined TRACON& Tower with Radar,0,2,10,0,12,0,3,1,0,4,0,5,11,0,16,0,0,0,16
06/02/2013,SUX,IA,ACE,CE,Combined TRACON& Tower with Radar,0,7,32,4,43,0,2,19,0,21,0,9,51,4,64,20,4,24,88
06/03/2013,SUX,IA,ACE,CE,Combined TRACON& Tower with Radar,0,7,19,2,28,0,6,9,0,15,0,13,28,2,43,30,0,30,73
06/04/2013,SUX,IA,ACE,CE,Combined TRACON& Tower with Radar,0,5,19,12,36,0,0,1,0,1,0,5,20,12,37,0,0,0,37
06/05/2013,SUX,IA,ACE,CE,Combined TRACON& Tower with Radar,0,4,19,30,53,0,2,13,0,15,0,6,32,30,68,10,24,34,102
06/06/2013,SUX,IA,ACE,CE,Combined TRACON& Tower with Radar,0,4,24,18,46,0,3,9,0,12,0,7,33,18,58,0,48,48,106
06/07/2013,SUX,IA,ACE,CE,Combined TRACON& Tower with Radar,0,6,22,4,32,0,4,13,0,17,0,10,35,4,49,6,4,10,59
06/08/2013,SUX,IA,ACE,CE,Combined TRACON& Tower with Radar,0,2,5,0,7,0,0,0,0,0,0,2,5,0,7,0,0,0,7
06/09/2013,SUX,IA,ACE,CE,Combined TRACON& Tower with Radar,0,4,10,0,14,0,0,2,0,2,0,4,12,0,16,0,0,0,16
06/10/2013,SUX,IA,ACE,CE,Combined TRACON& Tower with Radar,0,6,16,12,34,0,1,6,0,7,0,7,22,12,41,28,0,28,69
06/11/2013,SUX,IA,ACE,CE,Combined TRACON& Tower with Radar,0,4,20,10,34,0,2,2,0,4,0,6,22,10,38,0,0,0,38
06/12/2013,SUX,IA,ACE,CE,Combined TRACON& Tower with Radar,0,2,39,14,55,0,8,3,0,11,0,10,42,14,66,0,18,18,84
06/13/2013,SUX,IA,ACE,CE,Combined TRACON& Tower with Radar,0,3,24,14,41,0,0,3,0,3,0,3,27,14,44,2,14,16,60
06/14/2013,SUX,IA,ACE,CE,Combined TRACON& Tower with Radar,0,5,15,8,28,0,0,3,0,3,0,5,18,8,31,0,2,2,33
06/15/2013,SUX,IA,ACE,CE,Combined TRACON& Tower with Radar,0,4,6,0,10,0,2,3,0,5,0,6,9,0,15,0,0,0,15
06/16/2013,SUX,IA,ACE,CE,Combined TRACON& Tower with Radar,0,4,9,0,13,0,0,14,0,14,0,4,23,0,27,14,0,14,41
06/17/2013,SUX,IA,ACE,CE,Combined TRACON& Tower with Radar,0,7,10,0,17,0,1,14,0,15,0,8,24,0,32,4,0,4,36
06/18/2013,SUX,IA,ACE,CE,Combined TRACON& Tower with Radar,0,5,10,10,25,0,4,9,0,13,0,9,19,10,38,6,0,6,44
06/19/2013,SUX,IA,ACE,CE,Combined TRACON& Tower with Radar,0,8,31,15,54,0,2,11,0,13,0,10,42,15,67,0,18,18,85
06/20/2013,SUX,IA,ACE,CE,Combined TRACON& Tower with Radar,0,8,23,13,44,0,2,8,0,10,0,10,31,13,54,0,5,5,59
06/21/2013,SUX,IA,ACE,CE,Combined TRACON& Tower with Radar,0,8,21,12,41,0,2,5,0,7,0,10,26,12,48,0,4,4,52
06/22/2013,SUX,IA,ACE,CE,Combined TRACON& Tower with Radar,0,8,6,0,14,0,0,1,0,1,0,8,7,0,15,6,0,6,21
06/23/2013,SUX,IA,ACE,CE,Combined TRACON& Tower with Radar,0,5,15,0,20,0,3,10,0,13,0,8,25,0,33,16,0,16,49
06/24/2013,SUX,IA,ACE,CE,Combined TRACON& Tower with Radar,0,3,14,0,17,0,2,4,0,6,0,5,18,0,23,0,0,0,23
06/25/2013,SUX,IA,ACE,CE,Combined TRACON& Tower with Radar,0,5,28,16,49,0,2,11,0,13,0,7,39,16,62,28,16,44,106
06/26/2013,SUX,IA,ACE,CE,Combined TRACON& Tower with Radar,0,4,22,10,36,0,2,10,0,12,0,6,32,10,48,0,14,14,62
06/27/2013,SUX,IA,ACE,CE,Combined TRACON& Tower with Radar,0,3,25,8,36,0,1,9,4,14,0,4,34,12,50,0,28,28,78
06/28/2013,SUX,IA,ACE,CE,Combined TRACON& Tower with Radar,0,4,13,7,24,0,6,8,0,14,0,10,21,7,38,0,8,8,46
06/29/2013,SUX,IA,ACE,CE,Combined TRACON& Tower with Radar,0,4,3,0,7,0,0,6,0,6,0,4,9,0,13,12,0,12,25
06/30/2013,SUX,IA,ACE,CE,Combined TRACON& Tower with Radar,0,4,15,0,19,0,2,20,0,22,0,6,35,0,41,20,0,20,61
07/01/2013,SUX,IA,ACE,CE,Combined TRACON& Tower with Radar,0,7,25,0,32,0,4,9,0,13,0,11,34,0,45,16,0,16,61
07/02/2013,SUX,IA,ACE,CE,Combined TRACON& Tower with Radar,0,6,21,14,41,0,3,5,0,8,0,9,26,14,49,27,4,31,80
07/03/2013,SUX,IA,ACE,CE,Combined TRACON& Tower with Radar,0,4,21,12,37,0,0,14,0,14,0,4,35,12,51,6,0,6,57
07/04/2013,SUX,IA,ACE,CE,Combined TRACON& Tower with Radar,0,4,5,0,9,0,3,7,0,10,0,7,12,0,19,12,0,12,31
07/05/2013,SUX,IA,ACE,CE,Combined TRACON& Tower with Radar,0,4,8,0,12,0,2,5,0,7,0,6,13,0,19,4,0,4,23
07/06/2013,SUX,IA,ACE,CE,Combined TRACON& Tower with Radar,0,2,4,0,6,0,2,19,0,21,0,4,23,0,27,38,0,38,65
07/07/2013,SUX,IA,ACE,CE,Combined TRACON& Tower with Radar,0,6,14,0,20,0,1,5,0,6,0,7,19,0,26,86,0,86,112
07/08/2013,SUX,IA,ACE,CE,Combined TRACON& Tower with Radar,0,4,19,8,31,0,2,5,0,7,0,6,24,8,38,0,0,0,38
07/09/2013,SUX,IA,ACE,CE,Combined TRACON& Tower with Radar,0,8,19,15,42,0,6,3,0,9,0,14,22,15,51,12,0,12,63
07/10/2013,SUX,IA,ACE,CE,Combined TRACON& Tower with Radar,0,3,34,10,47,0,2,10,0,12,0,5,44,10,59,4,14,18,77
07/11/2013,SUX,IA,ACE,CE,Combined TRACON& Tower with Radar,0,4,21,5,30,0,0,16,0,16,0,4,37,5,46,12,8,20,66
07/12/2013,SUX,IA,ACE,CE,Combined TRACON& Tower with Radar,0,4,8,15,27,0,2,8,0,10,0,6,16,15,37,16,10,26,63
07/13/2013,SUX,IA,ACE,CE,Combined TRACON& Tower with Radar,0,3,17,0,20,0,0,19,0,19,0,3,36,0,39,36,0,36,75
07/14/2013,SUX,IA,ACE,CE,Combined TRACON& Tower with Radar,0,4,16,0,20,0,8,10,0,18,0,12,26,0,38,16,0,16,54
07/15/2013,SUX,IA,ACE,CE,Combined TRACON& Tower with Radar,0,6,9,0,15,0,10,18,0,28,0,16,27,0,43,34,0,34,77
07/16/2013,SUX,IA,ACE,CE,Combined TRACON& Tower with Radar,0,6,23,13,42,0,2,11,0,13,0,8,34,13,55,0,2,2,57
07/17/2013,SUX,IA,ACE,CE,Combined TRACON& Tower with Radar,0,4,35,27,66,0,2,17,0,19,0,6,52,27,85,0,4,4,89
07/18/2013,SUX,IA,ACE,CE,Combined TRACON& Tower with Radar,0,8,18,13,39,0,0,12,1,13,0,8,30,14,52,0,0,0,52
07/19/2013,SUX,IA,ACE,CE,Combined TRACON& Tower with Radar,0,3,13,16,32,0,0,19,1,20,0,3,32,17,52,12,0,12,64
07/20/2013,SUX,IA,ACE,CE,Combined TRACON& Tower with Radar,0,2,9,0,11,0,1,11,0,12,0,3,20,0,23,14,0,14,37
07/21/2013,SUX,IA,ACE,CE,Combined TRACON& Tower with Radar,0,5,9,1,15,0,7,11,0,18,0,12,20,1,33,42,0,42,75
07/22/2013,SUX,IA,ACE,CE,Combined TRACON& Tower with Radar,0,3,19,3,25,0,1,8,1,10,0,4,27,4,35,6,0,6,41
07/23/2013,SUX,IA,ACE,CE,Combined TRACON& Tower with Radar,0,8,20,23,51,0,0,3,0,3,0,8,23,23,54,50,6,56,110
07/24/2013,SUX,IA,ACE,CE,Combined TRACON& Tower with Radar,0,5,35,20,60,0,0,12,0,12,0,5,47,20,72,10,24,34,106
07/25/2013,SUX,IA,ACE,CE,Combined TRACON& Tower with Radar,0,7,14,44,65,0,6,4,0,10,0,13,18,44,75,5,0,5,80
07/26/2013,SUX,IA,ACE,CE,Combined TRACON& Tower with Radar,0,11,22,14,47,0,0,13,0,13,0,11,35,14,60,3,2,5,65
07/27/2013,SUX,IA,ACE,CE,Combined TRACON& Tower with Radar,0,4,21,0,25,0,2,12,0,14,0,6,33,0,39,16,0,16,55
07/28/2013,SUX,IA,ACE,CE,Combined TRACON& Tower with Radar,0,5,24,0,29,0,2,7,0,9,0,7,31,0,38,30,0,30,68
07/29/2013,SUX,IA,ACE,CE,Combined TRACON& Tower with Radar,0,4,29,14,47,0,0,7,0,7,0,4,36,14,54,0,14,14,68
07/30/2013,SUX,IA,ACE,CE,Combined TRACON& Tower with Radar,0,7,39,26,72,0,4,3,0,7,0,11,42,26,79,0,0,0,79
07/31/2013,SUX,IA,ACE,CE,Combined TRACON& Tower with Radar,0,16,29,10,55,0,3,8,0,11,0,19,37,10,66,4,0,4,70
08/01/2013,SUX,IA,ACE,CE,Combined TRACON& Tower with Radar,0,4,17,11,32,0,0,7,0,7,0,4,24,11,39,14,4,18,57
08/02/2013,SUX,IA,ACE,CE,Combined TRACON& Tower with Radar,0,3,15,2,20,0,0,1,0,1,0,3,16,2,21,16,0,16,37
08/03/2013,SUX,IA,ACE,CE,Combined TRACON& Tower with Radar,0,4,8,4,16,0,7,12,0,19,0,11,20,4,35,12,0,12,47
08/04/2013,SUX,IA,ACE,CE,Combined TRACON& Tower with Radar,0,4,12,4,20,0,5,13,0,18,0,9,25,4,38,8,6,14,52
08/05/2013,SUX,IA,ACE,CE,Combined TRACON& Tower with Radar,0,6,31,1,38,0,2,2,0,4,0,8,33,1,42,24,0,24,66
08/06/2013,SUX,IA,ACE,CE,Combined TRACON& Tower with Radar,0,4,18,20,42,0,2,6,2,10,0,6,24,22,52,8,8,16,68
08/07/2013,SUX,IA,ACE,CE,Combined TRACON& Tower with Radar,0,4,25,8,37,0,2,17,0,19,0,6,42,8,56,9,8,17,73
08/08/2013,SUX,IA,ACE,CE,Combined TRACON& Tower with Radar,0,4,9,23,36,0,0,5,0,5,0,4,14,23,41,6,4,10,51
08/09/2013,SUX,IA,ACE,CE,Combined TRACON& Tower with Radar,0,4,15,18,37,0,4,11,0,15,0,8,26,18,52,34,12,46,98
08/10/2013,SUX,IA,ACE,CE,Combined TRACON& Tower with Radar,0,2,9,0,11,0,3,7,0,10,0,5,16,0,21,26,0,26,47
08/11/2013,SUX,IA,ACE,CE,Combined TRACON& Tower with Radar,0,4,7,0,11,0,1,14,0,15,0,5,21,0,26,60,0,60,86
08/12/2013,SUX,IA,ACE,CE,Combined TRACON& Tower with Radar,0,4,20,0,24,0,2,4,0,6,0,6,24,0,30,12,0,12,42
08/13/2013,SUX,IA,ACE,CE,Combined TRACON& Tower with Radar,0,7,21,15,43,0,3,11,0,14,0,10,32,15,57,12,10,22,79
08/14/2013,SUX,IA,ACE,CE,Combined TRACON& Tower with Radar,0,4,26,14,44,0,0,5,0,5,0,4,31,14,49,8,16,24,73
08/15/2013,SUX,IA,ACE,CE,Combined TRACON& Tower with Radar,0,4,20,22,46,0,0,1,0,1,0,4,21,22,47,4,0,4,51
08/16/2013,SUX,IA,ACE,CE,Combined TRACON& Tower with Radar,0,4,18,6,28,0,3,12,0,15,0,7,30,6,43,0,0,0,43
08/17/2013,SUX,IA,ACE,CE,Combined TRACON& Tower with Radar,0,2,21,0,23,0,5,20,0,25,0,7,41,0,48,26,0,26,74
08/18/2013,SUX,IA,ACE,CE,Combined TRACON& Tower with Radar,0,4,6,0,10,0,2,8,0,10,0,6,14,0,20,18,0,18,38
08/19/2013,SUX,IA,ACE,CE,Combined TRACON& Tower with Radar,0,6,13,0,19,0,5,12,0,17,0,11,25,0,36,4,0,4,40
08/20/2013,SUX,IA,ACE,CE,Combined TRACON& Tower with Radar,0,6,28,25,59,0,1,14,0,15,0,7,42,25,74,14,6,20,94
08/21/2013,SUX,IA,ACE,CE,Combined TRACON& Tower with Radar,0,4,20,18,42,0,2,6,0,8,0,6,26,18,50,8,6,14,64
08/22/2013,SUX,IA,ACE,CE,Combined TRACON& Tower with Radar,1,3,25,13,42,0,0,6,0,6,1,3,31,13,48,1,6,7,55
08/23/2013,SUX,IA,ACE,CE,Combined TRACON& Tower with Radar,0,13,16,10,39,0,0,19,3,22,0,13,35,13,61,8,10,18,79
08/24/2013,SUX,IA,ACE,CE,Combined TRACON& Tower with Radar,0,2,1,0,3,0,1,8,0,9,0,3,9,0,12,8,0,8,20
08/25/2013,SUX,IA,ACE,CE,Combined TRACON& Tower with Radar,0,7,16,1,24,0,0,12,0,12,0,7,28,1,36,4,0,4,40
08/26/2013,SUX,IA,ACE,CE,Combined TRACON& Tower with Radar,0,6,42,2,50,0,6,8,0,14,0,12,50,2,64,4,0,4,68
08/27/2013,SUX,IA,ACE,CE,Combined TRACON& Tower with Radar,0,6,23,4,33,0,4,5,0,9,0,10,28,4,42,0,0,0,42
08/28/2013,SUX,IA,ACE,CE,Combined TRACON& Tower with Radar,0,5,29,10,44,0,4,6,0,10,0,9,35,10,54,17,2,19,73
08/29/2013,SUX,IA,ACE,CE,Combined TRACON& Tower with Radar,0,5,24,6,35,0,2,11,0,13,0,7,35,6,48,20,4,24,72
08/30/2013,SUX,IA,ACE,CE,Combined TRACON& Tower with Radar,1,4,15,6,26,0,0,2,0,2,1,4,17,6,28,2,0,2,30
08/31/2013,SUX,IA,ACE,CE,Combined TRACON& Tower with Radar,1,2,9,0,12,0,0,16,0,16,1,2,25,0,28,17,0,17,45
09/01/2013,SUX,IA,ACE,CE,Combined TRACON& Tower with Radar,0,4,3,0,7,0,0,6,0,6,0,4,9,0,13,0,0,0,13
09/02/2013,SUX,IA,ACE,CE,Combined TRACON& Tower with Radar,0,4,15,1,20,0,0,13,0,13,0,4,28,1,33,2,0,2,35
09/03/2013,SUX,IA,ACE,CE,Combined TRACON& Tower with Radar,0,6,14,28,48,0,2,9,1,12,0,8,23,29,60,14,10,24,84
09/04/2013,SUX,IA,ACE,CE,Combined TRACON& Tower with Radar,0,5,37,12,54,0,2,11,0,13,0,7,48,12,67,31,8,39,106
09/05/2013,SUX,IA,ACE,CE,Combined TRACON& Tower with Radar,0,5,12,15,32,0,0,10,0,10,0,5,22,15,42,8,14,22,64
09/06/2013,SUX,IA,ACE,CE,Combined TRACON& Tower with Radar,0,4,13,4,21,0,0,12,0,12,0,4,25,4,33,8,0,8,41
09/07/2013,SUX,IA,ACE,CE,Combined TRACON& Tower with Radar,0,2,11,2,15,0,2,16,4,22,0,4,27,6,37,3,0,3,40
09/08/2013,SUX,IA,ACE,CE,Combined TRACON& Tower with Radar,0,6,5,1,12,0,9,10,5,24,0,15,15,6,36,0,0,0,36
09/09/2013,SUX,IA,ACE,CE,Combined TRACON& Tower with Radar,0,4,16,4,24,0,4,7,1,12,0,8,23,5,36,0,10,10,46
09/10/2013,SUX,IA,ACE,CE,Combined TRACON& Tower with Radar,0,6,28,7,41,0,0,9,0,9,0,6,37,7,50,1,1,2,52
09/11/2013,SUX,IA,ACE,CE,Combined TRACON& Tower with Radar,0,6,36,28,70,0,2,9,0,11,0,8,45,28,81,28,9,37,118
09/12/2013,SUX,IA,ACE,CE,Combined TRACON& Tower with Radar,0,11,19,29,59,0,7,11,0,18,0,18,30,29,77,3,8,11,88
09/13/2013,SUX,IA,ACE,CE,Combined TRACON& Tower with Radar,0,7,25,16,48,0,2,21,0,23,0,9,46,16,71,14,0,14,85
09/14/2013,SUX,IA,ACE,CE,Combined TRACON& Tower with Radar,0,2,7,0,9,0,2,3,0,5,0,4,10,0,14,6,0,6,20
09/15/2013,SUX,IA,ACE,CE,Combined TRACON& Tower with Radar,0,4,17,2,23,0,2,7,0,9,0,6,24,2,32,10,0,10,42
09/16/2013,SUX,IA,ACE,CE,Combined TRACON& Tower with Radar,0,6,21,0,27,0,2,16,0,18,0,8,37,0,45,6,0,6,51
09/17/2013,SUX,IA,ACE,CE,Combined TRACON& Tower with Radar,0,6,23,2,31,0,0,0,0,0,0,6,23,2,31,0,0,0,31
09/18/2013,SUX,IA,ACE,CE,Combined TRACON& Tower with Radar,0,3,33,1,37,0,0,12,0,12,0,3,45,1,49,2,0,2,51
09/19/2013,SUX,IA,ACE,CE,Combined TRACON& Tower with Radar,0,7,9,16,32,0,0,2,0,2,0,7,11,16,34,0,0,0,34
09/20/2013,SUX,IA,ACE,CE,Combined TRACON& Tower with Radar,0,7,14,28,49,0,0,17,0,17,0,7,31,28,66,4,16,20,86
09/21/2013,SUX,IA,ACE,CE,Combined TRACON& Tower with Radar,0,5,14,0,19,0,3,25,0,28,0,8,39,0,47,12,0,12,59
09/22/2013,SUX,IA,ACE,CE,Combined TRACON& Tower with Radar,0,3,3,0,6,0,0,3,0,3,0,3,6,0,9,0,0,0,9
09/23/2013,SUX,IA,ACE,CE,Combined TRACON& Tower with Radar,0,5,17,0,22,0,6,3,0,9,0,11,20,0,31,5,16,21,52
09/24/2013,SUX,IA,ACE,CE,Combined TRACON& Tower with Radar,0,16,45,12,73,0,0,7,0,7,0,16,52,12,80,10,8,18,98
09/25/2013,SUX,IA,ACE,CE,Combined TRACON& Tower with Radar,0,6,40,14,60,0,7,9,0,16,0,13,49,14,76,3,4,7,83
09/26/2013,SUX,IA,ACE,CE,Combined TRACON& Tower with Radar,0,6,18,7,31,0,4,1,0,5,0,10,19,7,36,0,0,0,36
09/27/2013,SUX,IA,ACE,CE,Combined TRACON& Tower with Radar,0,6,21,2,29,0,4,3,0,7,0,10,24,2,36,0,0,0,36
09/28/2013,SUX,IA,ACE,CE,Combined TRACON& Tower with Radar,0,6,5,0,11,0,0,5,0,5,0,6,10,0,16,0,0,0,16
09/29/2013,SUX,IA,ACE,CE,Combined TRACON& Tower with Radar,0,6,15,0,21,0,6,5,0,11,0,12,20,0,32,21,0,21,53
09/30/2013,SUX,IA,ACE,CE,Combined TRACON& Tower with Radar,0,7,28,0,35,0,4,4,0,8,0,11,32,0,43,0,0,0,43
10/01/2013,SUX,IA,ACE,CE,Combined TRACON& Tower with Radar,0,5,22,0,27,0,2,9,0,11,0,7,31,0,38,16,0,16,54
10/02/2013,SUX,IA,ACE,CE,Combined TRACON& Tower with Radar,0,13,36,0,49,0,0,7,0,7,0,13,43,0,56,25,0,25,81
10/03/2013,SUX,IA,ACE,CE,Combined TRACON& Tower with Radar,0,10,30,0,40,0,0,4,0,4,0,10,34,0,44,0,0,0,44
10/04/2013,SUX,IA,ACE,CE,Combined TRACON& Tower with Radar,1,4,17,0,22,0,2,0,0,2,1,6,17,0,24,0,0,0,24
10/05/2013,SUX,IA,ACE,CE,Combined TRACON& Tower with Radar,1,2,5,0,8,0,4,3,0,7,1,6,8,0,15,2,0,2,17
10/06/2013,SUX,IA,ACE,CE,Combined TRACON& Tower with Radar,0,4,2,0,6,0,0,0,0,0,0,4,2,0,6,0,0,0,6
10/07/2013,SUX,IA,ACE,CE,Combined TRACON& Tower with Radar,0,3,36,1,40,0,7,19,0,26,0,10,55,1,66,24,0,24,90
10/08/2013,SUX,IA,ACE,CE,Combined TRACON& Tower with Radar,0,4,16,3,23,0,2,8,0,10,0,6,24,3,33,4,0,4,37
10/09/2013,SUX,IA,ACE,CE,Combined TRACON& Tower with Radar,0,4,20,7,31,0,4,19,0,23,0,8,39,7,54,13,2,15,69
10/10/2013,SUX,IA,ACE,CE,Combined TRACON& Tower with Radar,0,6,23,0,29,0,0,6,0,6,0,6,29,0,35,4,0,4,39
10/11/2013,SUX,IA,ACE,CE,Combined TRACON& Tower with Radar,1,4,20,0,25,0,2,1,0,3,1,6,21,0,28,0,0,0,28
10/12/2013,SUX,IA,ACE,CE,Combined TRACON& Tower with Radar,1,2,7,0,10,0,0,5,0,5,1,2,12,0,15,0,0,0,15
10/13/2013,SUX,IA,ACE,CE,Combined TRACON& Tower with Radar,0,5,14,0,19,0,4,10,0,14,0,9,24,0,33,0,0,0,33
10/14/2013,SUX,IA,ACE,CE,Combined TRACON& Tower with Radar,0,5,18,0,23,0,0,0,0,0,0,5,18,0,23,0,0,0,23
10/15/2013,SUX,IA,ACE,CE,Combined TRACON& Tower with Radar,0,4,25,0,29,0,4,0,0,4,0,8,25,0,33,0,0,0,33
10/16/2013,SUX,IA,ACE,CE,Combined TRACON& Tower with Radar,0,9,32,6,47,0,3,16,1,20,0,12,48,7,67,15,6,21,88
10/17/2013,SUX,IA,ACE,CE,Combined TRACON& Tower with Radar,0,10,21,21,52,0,2,6,0,8,0,12,27,21,60,2,0,2,62
10/18/2013,SUX,IA,ACE,CE,Combined TRACON& Tower with Radar,0,4,21,2,27,0,6,9,0,15,0,10,30,2,42,13,0,13,55
10/19/2013,SUX,IA,ACE,CE,Combined TRACON& Tower with Radar,0,4,18,0,22,0,6,11,0,17,0,10,29,0,39,23,0,23,62
10/20/2013,SUX,IA,ACE,CE,Combined TRACON& Tower with Radar,0,7,11,0,18,0,2,8,0,10,0,9,19,0,28,6,0,6,34
10/21/2013,SUX,IA,ACE,CE,Combined TRACON& Tower with Radar,0,10,19,6,35,0,0,7,0,7,0,10,26,6,42,0,10,10,52
10/22/2013,SUX,IA,ACE,CE,Combined TRACON& Tower with Radar,0,6,18,25,49,0,0,2,0,2,0,6,20,25,51,0,0,0,51
10/23/2013,SUX,IA,ACE,CE,Combined TRACON& Tower with Radar,0,4,16,9,29,0,1,1,0,2,0,5,17,9,31,0,2,2,33
10/24/2013,SUX,IA,ACE,CE,Combined TRACON& Tower with Radar,0,5,22,19,46,0,2,7,0,9,0,7,29,19,55,1,17,18,73
10/25/2013,SUX,IA,ACE,CE,Combined TRACON& Tower with Radar,0,4,12,0,16,0,0,13,0,13,0,4,25,0,29,0,0,0,29
10/26/2013,SUX,IA,ACE,CE,Combined TRACON& Tower with Radar,0,6,5,0,11,0,2,6,0,8,0,8,11,0,19,0,0,0,19
10/27/2013,SUX,IA,ACE,CE,Combined TRACON& Tower with Radar,0,6,5,0,11,0,3,19,0,22,0,9,24,0,33,18,0,18,51
10/28/2013,SUX,IA,ACE,CE,Combined TRACON& Tower with Radar,2,4,26,1,33,0,4,5,0,9,2,8,31,1,42,15,0,15,57
10/29/2013,SUX,IA,ACE,CE,Combined TRACON& Tower with Radar,0,16,20,18,54,0,0,1,0,1,0,16,21,18,55,16,0,16,71
10/30/2013,SUX,IA,ACE,CE,Combined TRACON& Tower with Radar,0,6,10,0,16,0,0,0,0,0,0,6,10,0,16,11,0,11,27
10/31/2013,SUX,IA,ACE,CE,Combined TRACON& Tower with Radar,0,4,23,10,37,0,0,1,0,1,0,4,24,10,38,6,10,16,54
11/01/2013,SUX,IA,ACE,CE,Combined TRACON& Tower with Radar,0,8,22,6,36,0,1,5,0,6,0,9,27,6,42,12,0,12,54
11/02/2013,SUX,IA,ACE,CE,Combined TRACON& Tower with Radar,0,2,23,1,26,0,2,12,0,14,0,4,35,1,40,14,0,14,54
11/03/2013,SUX,IA,ACE,CE,Combined TRACON& Tower with Radar,0,5,7,0,12,0,3,3,0,6,0,8,10,0,18,0,0,0,18
11/04/2013,SUX,IA,ACE,CE,Combined TRACON& Tower with Radar,0,5,21,0,26,0,6,13,0,19,0,11,34,0,45,1,0,1,46
11/05/2013,SUX,IA,ACE,CE,Combined TRACON& Tower with Radar,0,6,21,8,35,0,2,0,0,2,0,8,21,8,37,0,0,0,37
11/06/2013,SUX,IA,ACE,CE,Combined TRACON& Tower with Radar,0,10,20,11,41,0,0,2,0,2,0,10,22,11,43,0,0,0,43
11/07/2013,SUX,IA,ACE,CE,Combined TRACON& Tower with Radar,0,5,26,9,40,0,2,11,0,13,0,7,37,9,53,22,18,40,93
11/08/2013,SUX,IA,ACE,CE,Combined TRACON& Tower with Radar,0,6,24,4,34,0,0,2,0,2,0,6,26,4,36,0,0,0,36
11/09/2013,SUX,IA,ACE,CE,Combined TRACON& Tower with Radar,0,4,6,5,15,0,2,7,0,9,0,6,13,5,24,10,0,10,34
11/10/2013,SUX,IA,ACE,CE,Combined TRACON& Tower with Radar,0,8,6,0,14,0,2,12,0,14,0,10,18,0,28,18,0,18,46
11/11/2013,SUX,IA,ACE,CE,Combined TRACON& Tower with Radar,0,3,15,5,23,0,2,1,0,3,0,5,16,5,26,1,4,5,31
11/12/2013,SUX,IA,ACE,CE,Combined TRACON& Tower with Radar,0,6,20,2,28,0,3,5,0,8,0,9,25,2,36,0,0,0,36
11/13/2013,SUX,IA,ACE,CE,Combined TRACON& Tower with Radar,0,6,26,8,40,0,4,13,0,17,0,10,39,8,57,0,0,0,57
11/14/2013,SUX,IA,ACE,CE,Combined TRACON& Tower with Radar,0,7,18,22,47,0,4,10,0,14,0,11,28,22,61,0,0,0,61
11/15/2013,SUX,IA,ACE,CE,Combined TRACON& Tower with Radar,0,5,16,11,32,0,5,11,0,16,0,10,27,11,48,10,0,10,58
11/16/2013,SUX,IA,ACE,CE,Combined TRACON& Tower with Radar,0,3,17,5,25,0,0,4,0,4,0,3,21,5,29,0,0,0,29
11/17/2013,SUX,IA,ACE,CE,Combined TRACON& Tower with Radar,0,1,16,1,18,0,0,5,0,5,0,1,21,1,23,10,0,10,33
11/18/2013,SUX,IA,ACE,CE,Combined TRACON& Tower with Radar,0,6,14,0,20,0,2,14,0,16,0,8,28,0,36,18,0,18,54
11/19/2013,SUX,IA,ACE,CE,Combined TRACON& Tower with Radar,0,3,20,17,40,0,2,5,0,7,0,5,25,17,47,0,9,9,56
11/20/2013,SUX,IA,ACE,CE,Combined TRACON& Tower with Radar,0,9,42,9,60,0,2,7,0,9,0,11,49,9,69,0,12,12,81
11/21/2013,SUX,IA,ACE,CE,Combined TRACON& Tower with Radar,0,6,24,9,39,0,0,0,1,1,0,6,24,10,40,0,0,0,40
11/22/2013,SUX,IA,ACE,CE,Combined TRACON& Tower with Radar,0,4,19,1,24,0,2,6,0,8,0,6,25,1,32,0,0,0,32
11/23/2013,SUX,IA,ACE,CE,Combined TRACON& Tower with Radar,0,4,14,0,18,0,4,9,0,13,0,8,23,0,31,0,0,0,31
11/24/2013,SUX,IA,ACE,CE,Combined TRACON& Tower with Radar,0,11,14,0,25,0,2,6,0,8,0,13,20,0,33,3,0,3,36
11/25/2013,SUX,IA,ACE,CE,Combined TRACON& Tower with Radar,0,5,17,0,22,0,4,6,0,10,0,9,23,0,32,0,0,0,32
11/26/2013,SUX,IA,ACE,CE,Combined TRACON& Tower with Radar,0,7,14,13,34,0,4,2,0,6,0,11,16,13,40,1,0,1,41
11/27/2013,SUX,IA,ACE,CE,Combined TRACON& Tower with Radar,0,9,21,9,39,0,4,11,0,15,0,13,32,9,54,26,0,26,80
11/28/2013,SUX,IA,ACE,CE,Combined TRACON& Tower with Radar,0,3,2,0,5,0,2,7,0,9,0,5,9,0,14,6,0,6,20
11/29/2013,SUX,IA,ACE,CE,Combined TRACON& Tower with Radar,0,6,9,0,15,0,5,9,0,14,0,11,18,0,29,0,0,0,29
11/30/2013,SUX,IA,ACE,CE,Combined TRACON& Tower with Radar,0,7,6,0,13,0,2,14,0,16,0,9,20,0,29,18,0,18,47
12/01/2013,SUX,IA,ACE,CE,Combined TRACON& Tower with Radar,0,6,25,0,31,0,0,6,0,6,0,6,31,0,37,0,0,0,37
12/02/2013,SUX,IA,ACE,CE,Combined TRACON& Tower with Radar,0,7,26,1,34,0,0,10,0,10,0,7,36,1,44,11,0,11,55
12/03/2013,SUX,IA,ACE,CE,Combined TRACON& Tower with Radar,0,7,26,10,43,0,0,0,0,0,0,7,26,10,43,0,0,0,43
12/04/2013,SUX,IA,ACE,CE,Combined TRACON& Tower with Radar,0,7,14,0,21,0,0,1,0,1,0,7,15,0,22,0,0,0,22
12/05/2013,SUX,IA,ACE,CE,Combined TRACON& Tower with Radar,0,11,19,12,42,0,0,1,3,4,0,11,20,15,46,0,0,0,46
12/06/2013,SUX,IA,ACE,CE,Combined TRACON& Tower with Radar,0,8,17,3,28,0,0,2,0,2,0,8,19,3,30,0,0,0,30
12/07/2013,SUX,IA,ACE,CE,Combined TRACON& Tower with Radar,0,2,5,4,11,0,2,4,0,6,0,4,9,4,17,0,0,0,17
12/08/2013,SUX,IA,ACE,CE,Combined TRACON& Tower with Radar,0,2,11,0,13,0,0,0,0,0,0,2,11,0,13,0,0,0,13
12/09/2013,SUX,IA,ACE,CE,Combined TRACON& Tower with Radar,0,6,26,10,42,0,0,5,0,5,0,6,31,10,47,2,13,15,62
12/10/2013,SUX,IA,ACE,CE,Combined TRACON& Tower with Radar,0,4,31,27,62,0,4,3,4,11,0,8,34,31,73,1,20,21,94
12/11/2013,SUX,IA,ACE,CE,Combined TRACON& Tower with Radar,0,10,23,16,49,0,0,4,0,4,0,10,27,16,53,1,0,1,54
12/12/2013,SUX,IA,ACE,CE,Combined TRACON& Tower with Radar,0,9,28,5,42,0,6,15,0,21,0,15,43,5,63,20,0,20,83
12/13/2013,SUX,IA,ACE,CE,Combined TRACON& Tower with Radar,0,4,18,3,25,0,2,5,0,7,0,6,23,3,32,12,0,12,44
12/14/2013,SUX,IA,ACE,CE,Combined TRACON& Tower with Radar,0,2,11,0,13,0,0,0,0,0,0,2,11,0,13,14,0,14,27
12/15/2013,SUX,IA,ACE,CE,Combined TRACON& Tower with Radar,0,4,24,0,28,0,0,3,0,3,0,4,27,0,31,6,0,6,37
12/16/2013,SUX,IA,ACE,CE,Combined TRACON& Tower with Radar,0,4,35,0,39,0,0,5,0,5,0,4,40,0,44,17,0,17,61
12/17/2013,SUX,IA,ACE,CE,Combined TRACON& Tower with Radar,0,6,31,20,57,0,0,5,0,5,0,6,36,20,62,0,15,15,77
12/18/2013,SUX,IA,ACE,CE,Combined TRACON& Tower with Radar,0,8,38,13,59,0,2,19,1,22,0,10,57,14,81,8,0,8,89
12/19/2013,SUX,IA,ACE,CE,Combined TRACON& Tower with Radar,0,4,20,1,25,0,2,1,0,3,0,6,21,1,28,20,0,20,48
12/20/2013,SUX,IA,ACE,CE,Combined TRACON& Tower with Radar,0,12,9,11,32,0,0,2,0,2,0,12,11,11,34,0,0,0,34
12/21/2013,SUX,IA,ACE,CE,Combined TRACON& Tower with Radar,0,4,6,0,10,0,0,8,0,8,0,4,14,0,18,0,0,0,18
12/22/2013,SUX,IA,ACE,CE,Combined TRACON& Tower with Radar,0,6,13,1,20,0,2,1,0,3,0,8,14,1,23,0,0,0,23
12/23/2013,SUX,IA,ACE,CE,Combined TRACON& Tower with Radar,0,5,5,0,10,0,2,0,0,2,0,7,5,0,12,0,0,0,12
12/24/2013,SUX,IA,ACE,CE,Combined TRACON& Tower with Radar,0,3,3,0,6,0,0,2,0,2,0,3,5,0,8,14,0,14,22
12/25/2013,SUX,IA,ACE,CE,Combined TRACON& Tower with Radar,0,6,0,0,6,0,1,0,0,1,0,7,0,0,7,0,0,0,7
12/26/2013,SUX,IA,ACE,CE,Combined TRACON& Tower with Radar,0,8,15,0,23,0,0,15,0,15,0,8,30,0,38,0,0,0,38
12/27/2013,SUX,IA,ACE,CE,Combined TRACON& Tower with Radar,0,6,28,0,34,0,2,7,0,9,0,8,35,0,43,0,0,0,43
12/28/2013,SUX,IA,ACE,CE,Combined TRACON& Tower with Radar,0,2,12,0,14,0,4,10,0,14,0,6,22,0,28,0,0,0,28
12/29/2013,SUX,IA,ACE,CE,Combined TRACON& Tower with Radar,0,2,6,0,8,0,2,0,0,2,0,4,6,0,10,0,0,0,10
12/30/2013,SUX,IA,ACE,CE,Combined TRACON& Tower with Radar,0,4,10,1,15,0,0,5,0,5,0,4,15,1,20,0,9,9,29
12/31/2013,SUX,IA,ACE,CE,Combined TRACON& Tower with Radar,0,7,7,2,16,0,2,3,0,5,0,9,10,2,21,0,0,0,21
01/01/2014,SUX,IA,ACE,CE,Combined TRACON& Tower with Radar,0,2,1,0,3,0,3,1,0,4,0,5,2,0,7,0,0,0,7
01/02/2014,SUX,IA,ACE,CE,Combined TRACON& Tower with Radar,0,9,16,1,26,0,4,5,0,9,0,13,21,1,35,0,0,0,35
01/03/2014,SUX,IA,ACE,CE,Combined TRACON& Tower with Radar,0,7,18,5,30,0,4,2,0,6,0,11,20,5,36,0,0,0,36
01/04/2014,SUX,IA,ACE,CE,Combined TRACON& Tower with Radar,0,3,13,0,16,0,2,0,0,2,0,5,13,0,18,0,0,0,18
01/05/2014,SUX,IA,ACE,CE,Combined TRACON& Tower with Radar,0,3,10,0,13,0,1,0,0,1,0,4,10,0,14,0,0,0,14
01/06/2014,SUX,IA,ACE,CE,Combined TRACON& Tower with Radar,0,1,17,1,19,0,2,2,0,4,0,3,19,1,23,2,0,2,25
01/07/2014,SUX,IA,ACE,CE,Combined TRACON& Tower with Radar,0,1,11,19,31,0,2,2,0,4,0,3,13,19,35,8,4,12,47
01/08/2014,SUX,IA,ACE,CE,Combined TRACON& Tower with Radar,0,3,18,2,23,0,2,5,0,7,0,5,23,2,30,6,0,6,36
01/09/2014,SUX,IA,ACE,CE,Combined TRACON& Tower with Radar,0,4,19,28,51,0,4,3,0,7,0,8,22,28,58,1,18,19,77
01/10/2014,SUX,IA,ACE,CE,Combined TRACON& Tower with Radar,0,4,12,1,17,0,0,0,0,0,0,4,12,1,17,6,0,6,23
01/11/2014,SUX,IA,ACE,CE,Combined TRACON& Tower with Radar,0,3,19,0,22,0,3,11,0,14,0,6,30,0,36,12,0,12,48
01/12/2014,SUX,IA,ACE,CE,Combined TRACON& Tower with Radar,0,5,12,29,46,0,4,14,0,18,0,9,26,29,64,24,22,46,110
01/13/2014,SUX,IA,ACE,CE,Combined TRACON& Tower with Radar,0,7,17,0,24,0,1,8,0,9,0,8,25,0,33,16,0,16,49
01/14/2014,SUX,IA,ACE,CE,Combined TRACON& Tower with Radar,0,5,12,2,19,0,1,0,0,1,0,6,12,2,20,1,0,1,21
01/15/2014,SUX,IA,ACE,CE,Combined TRACON& Tower with Radar,0,3,23,14,40,0,4,12,0,16,0,7,35,14,56,13,4,17,73
01/16/2014,SUX,IA,ACE,CE,Combined TRACON& Tower with Radar,0,4,3,0,7,0,0,0,0,0,0,4,3,0,7,1,2,3,10
01/17/2014,SUX,IA,ACE,CE,Combined TRACON& Tower with Radar,0,5,20,18,43,0,3,18,0,21,0,8,38,18,64,16,0,16,80
01/18/2014,SUX,IA,ACE,CE,Combined TRACON& Tower with Radar,0,3,2,0,5,0,0,0,0,0,0,3,2,0,5,0,0,0,5
01/19/2014,SUX,IA,ACE,CE,Combined TRACON& Tower with Radar,0,14,15,0,29,0,5,13,0,18,0,19,28,0,47,14,0,14,61
01/20/2014,SUX,IA,ACE,CE,Combined TRACON& Tower with Radar,0,3,18,1,22,0,0,4,0,4,0,3,22,1,26,1,0,1,27
01/21/2014,SUX,IA,ACE,CE,Combined TRACON& Tower with Radar,0,10,28,0,38,0,2,2,0,4,0,12,30,0,42,6,0,6,48
01/22/2014,SUX,IA,ACE,CE,Combined TRACON& Tower with Radar,0,3,32,15,50,0,0,8,0,8,0,3,40,15,58,2,0,2,60
01/23/2014,SUX,IA,ACE,CE,Combined TRACON& Tower with Radar,0,7,36,1,44,0,5,6,0,11,0,12,42,1,55,0,0,0,55
01/24/2014,SUX,IA,ACE,CE,Combined TRACON& Tower with Radar,0,6,15,2,23,0,4,4,0,8,0,10,19,2,31,0,0,0,31
01/25/2014,SUX,IA,ACE,CE,Combined TRACON& Tower with Radar,0,2,22,0,24,0,0,7,0,7,0,2,29,0,31,10,0,10,41
01/26/2014,SUX,IA,ACE,CE,Combined TRACON& Tower with Radar,0,2,6,0,8,0,0,0,0,0,0,2,6,0,8,0,0,0,8
01/27/2014,SUX,IA,ACE,CE,Combined TRACON& Tower with Radar,0,9,25,1,35,0,2,1,0,3,0,11,26,1,38,0,0,0,38
01/28/2014,SUX,IA,ACE,CE,Combined TRACON& Tower with Radar,0,3,21,7,31,0,2,5,0,7,0,5,26,7,38,2,8,10,48
01/29/2014,SUX,IA,ACE,CE,Combined TRACON& Tower with Radar,0,6,20,6,32,0,2,10,0,12,0,8,30,6,44,0,0,0,44
01/30/2014,SUX,IA,ACE,CE,Combined TRACON& Tower with Radar,0,10,12,18,40,0,0,10,0,10,0,10,22,18,50,0,0,0,50
01/31/2014,SUX,IA,ACE,CE,Combined TRACON& Tower with Radar,0,6,5,22,33,0,5,6,0,11,0,11,11,22,44,0,0,0,44
02/01/2014,SUX,IA,ACE,CE,Combined TRACON& Tower with Radar,0,12,3,4,19,0,0,0,0,0,0,12,3,4,19,0,0,0,19
02/02/2014,SUX,IA,ACE,CE,Combined TRACON& Tower with Radar,0,5,6,10,21,0,1,11,0,12,0,6,17,10,33,38,4,42,75
02/03/2014,SUX,IA,ACE,CE,Combined TRACON& Tower with Radar,0,6,17,0,23,0,6,15,0,21,0,12,32,0,44,6,0,6,50
02/04/2014,SUX,IA,ACE,CE,Combined TRACON& Tower with Radar,0,6,19,5,30,0,0,0,0,0,0,6,19,5,30,0,0,0,30
02/05/2014,SUX,IA,ACE,CE,Combined TRACON& Tower with Radar,0,4,16,22,42,0,1,1,0,2,0,5,17,22,44,6,8,14,58
02/06/2014,SUX,IA,ACE,CE,Combined TRACON& Tower with Radar,0,3,22,14,39,0,1,7,0,8,0,4,29,14,47,6,7,13,60
02/07/2014,SUX,IA,ACE,CE,Combined TRACON& Tower with Radar,0,8,19,12,39,0,5,4,0,9,0,13,23,12,48,0,4,4,52
02/08/2014,SUX,IA,ACE,CE,Combined TRACON& Tower with Radar,0,2,7,0,9,0,0,7,0,7,0,2,14,0,16,28,0,28,44
02/09/2014,SUX,IA,ACE,CE,Combined TRACON& Tower with Radar,0,4,2,0,6,0,1,4,0,5,0,5,6,0,11,0,0,0,11
02/10/2014,SUX,IA,ACE,CE,Combined TRACON& Tower with Radar,0,8,16,0,24,0,2,3,0,5,0,10,19,0,29,0,0,0,29
02/11/2014,SUX,IA,ACE,CE,Combined TRACON& Tower with Radar,0,4,18,4,26,0,0,6,0,6,0,4,24,4,32,0,0,0,32
02/12/2014,SUX,IA,ACE,CE,Combined TRACON& Tower with Radar,0,4,25,2,31,0,0,4,0,4,0,4,29,2,35,0,0,0,35
02/13/2014,SUX,IA,ACE,CE,Combined TRACON& Tower with Radar,0,4,28,16,48,0,2,7,0,9,0,6,35,16,57,1,0,1,58
02/14/2014,SUX,IA,ACE,CE,Combined TRACON& Tower with Radar,0,8,6,4,18,0,1,2,0,3,0,9,8,4,21,0,0,0,21
02/15/2014,SUX,IA,ACE,CE,Combined TRACON& Tower with Radar,0,2,9,0,11,0,0,5,0,5,0,2,14,0,16,50,0,50,66
02/16/2014,SUX,IA,ACE,CE,Combined TRACON& Tower with Radar,0,4,10,0,14,0,0,2,0,2,0,4,12,0,16,4,0,4,20
02/17/2014,SUX,IA,ACE,CE,Combined TRACON& Tower with Radar,0,2,19,0,21,0,2,4,0,6,0,4,23,0,27,2,0,2,29
02/18/2014,SUX,IA,ACE,CE,Combined TRACON& Tower with Radar,0,6,36,1,43,0,3,6,0,9,0,9,42,1,52,16,0,16,68
02/19/2014,SUX,IA,ACE,CE,Combined TRACON& Tower with Radar,0,6,33,14,53,0,2,14,0,16,0,8,47,14,69,15,3,18,87
02/20/2014,SUX,IA,ACE,CE,Combined TRACON& Tower with Radar,0,5,10,0,15,0,0,0,0,0,0,5,10,0,15,0,0,0,15
02/21/2014,SUX,IA,ACE,CE,Combined TRACON& Tower with Radar,0,4,11,15,30,0,1,5,0,6,0,5,16,15,36,127,12,139,175
02/22/2014,SUX,IA,ACE,CE,Combined TRACON& Tower with Radar,0,2,31,0,33,0,4,9,0,13,0,6,40,0,46,142,0,142,188
02/23/2014,SUX,IA,ACE,CE,Combined TRACON& Tower with Radar,0,6,10,0,16,0,3,12,0,15,0,9,22,0,31,0,0,0,31
02/24/2014,SUX,IA,ACE,CE,Combined TRACON& Tower with Radar,0,7,13,2,22,0,0,0,0,0,0,7,13,2,22,0,0,0,22
02/25/2014,SUX,IA,ACE,CE,Combined TRACON& Tower with Radar,0,4,18,3,25,0,0,6,0,6,0,4,24,3,31,41,0,41,72
02/26/2014,SUX,IA,ACE,CE,Combined TRACON& Tower with Radar,0,5,25,6,36,0,2,3,0,5,0,7,28,6,41,49,6,55,96
02/27/2014,SUX,IA,ACE,CE,Combined TRACON& Tower with Radar,0,4,13,26,43,0,0,5,0,5,0,4,18,26,48,2,6,8,56
02/28/2014,SUX,IA,ACE,CE,Combined TRACON& Tower with Radar,0,8,9,7,24,0,2,2,0,4,0,10,11,7,28,0,0,0,28
03/01/2014,SUX,IA,ACE,CE,Combined TRACON& Tower with Radar,0,3,2,1,6,0,0,0,0,0,0,3,2,1,6,0,0,0,6
03/02/2014,SUX,IA,ACE,CE,Combined TRACON& Tower with Radar,0,4,2,0,6,0,2,2,0,4,0,6,4,0,10,6,0,6,16
03/03/2014,SUX,IA,ACE,CE,Combined TRACON& Tower with Radar,0,6,14,1,21,0,2,5,0,7,0,8,19,1,28,1,0,1,29
03/04/2014,SUX,IA,ACE,CE,Combined TRACON& Tower with Radar,0,7,18,19,44,0,0,6,0,6,0,7,24,19,50,28,8,36,86
03/05/2014,SUX,IA,ACE,CE,Combined TRACON& Tower with Radar,0,6,8,20,34,0,0,5,0,5,0,6,13,20,39,101,8,109,148
03/06/2014,SUX,IA,ACE,CE,Combined TRACON& Tower with Radar,0,6,20,14,40,0,0,1,0,1,0,6,21,14,41,65,0,65,106
03/07/2014,SUX,IA,ACE,CE,Combined TRACON& Tower with Radar,0,9,8,0,17,0,5,0,0,5,0,14,8,0,22,50,0,50,72
03/08/2014,SUX,IA,ACE,CE,Combined TRACON& Tower with Radar,0,2,16,0,18,0,2,15,0,17,0,4,31,0,35,115,0,115,150
03/09/2014,SUX,IA,ACE,CE,Combined TRACON& Tower with Radar,0,6,24,0,30,0,4,19,0,23,0,10,43,0,53,56,0,56,109
03/10/2014,SUX,IA,ACE,CE,Combined TRACON& Tower with Radar,0,4,10,20,34,0,4,24,2,30,0,8,34,22,64,102,0,102,166
03/11/2014,SUX,IA,ACE,CE,Combined TRACON& Tower with Radar,0,6,16,1,23,0,0,0,0,0,0,6,16,1,23,0,0,0,23
03/12/2014,SUX,IA,ACE,CE,Combined TRACON& Tower with Radar,0,8,29,11,48,0,1,10,0,11,0,9,39,11,59,54,0,54,113
03/13/2014,SUX,IA,ACE,CE,Combined TRACON& Tower with Radar,0,9,17,4,30,0,2,20,0,22,0,11,37,4,52,85,0,85,137
03/14/2014,SUX,IA,ACE,CE,Combined TRACON& Tower with Radar,0,4,19,0,23,0,4,5,0,9,0,8,24,0,32,22,0,22,54
03/15/2014,SUX,IA,ACE,CE,Combined TRACON& Tower with Radar,0,2,17,0,19,0,1,12,0,13,0,3,29,0,32,20,1,21,53
03/16/2014,SUX,IA,ACE,CE,Combined TRACON& Tower with Radar,0,5,18,0,23,0,3,10,0,13,0,8,28,0,36,0,0,0,36
03/17/2014,SUX,IA,ACE,CE,Combined TRACON& Tower with Radar,0,8,7,3,18,0,3,6,0,9,0,11,13,3,27,12,0,12,39
03/18/2014,SUX,IA,ACE,CE,Combined TRACON& Tower with Radar,0,5,15,18,38,0,2,5,0,7,0,7,20,18,45,0,8,8,53
03/19/2014,SUX,IA,ACE,CE,Combined TRACON& Tower with Radar,0,4,26,24,54,0,5,7,0,12,0,9,33,24,66,4,6,10,76
03/20/2014,SUX,IA,ACE,CE,Combined TRACON& Tower with Radar,0,6,13,31,50,0,0,13,0,13,0,6,26,31,63,22,0,22,85
03/21/2014,SUX,IA,ACE,CE,Combined TRACON& Tower with Radar,0,7,10,2,19,0,0,9,0,9,0,7,19,2,28,12,2,14,42
03/22/2014,SUX,IA,ACE,CE,Combined TRACON& Tower with Radar,0,3,7,0,10,0,4,24,0,28,0,7,31,0,38,20,0,20,58
03/23/2014,SUX,IA,ACE,CE,Combined TRACON& Tower with Radar,0,4,21,0,25,0,2,23,0,25,0,6,44,0,50,83,0,83,133
03/24/2014,SUX,IA,ACE,CE,Combined TRACON& Tower with Radar,0,6,11,0,17,0,1,10,0,11,0,7,21,0,28,19,0,19,47
03/25/2014,SUX,IA,ACE,CE,Combined TRACON& Tower with Radar,0,4,26,31,61,0,3,28,0,31,0,7,54,31,92,16,22,38,130
03/26/2014,SUX,IA,ACE,CE,Combined TRACON& Tower with Radar,0,5,30,0,35,0,0,10,0,10,0,5,40,0,45,1,0,1,46
03/27/2014,SUX,IA,ACE,CE,Combined TRACON& Tower with Radar,0,5,15,3,23,0,0,0,0,0,0,5,15,3,23,0,0,0,23
03/28/2014,SUX,IA,ACE,CE,Combined TRACON& Tower with Radar,0,8,26,4,38,0,2,10,0,12,0,10,36,4,50,2,2,4,54
03/29/2014,SUX,IA,ACE,CE,Combined TRACON& Tower with Radar,0,4,10,1,15,0,1,24,0,25,0,5,34,1,40,28,0,28,68
03/30/2014,SUX,IA,ACE,CE,Combined TRACON& Tower with Radar,0,8,25,1,34,0,3,22,0,25,0,11,47,1,59,0,0,0,59
03/31/2014,SUX,IA,ACE,CE,Combined TRACON& Tower with Radar,0,6,7,3,16,0,0,0,0,0,0,6,7,3,16,43,0,43,59
04/01/2014,SUX,IA,ACE,CE,Combined TRACON& Tower with Radar,0,5,33,5,43,0,2,7,0,9,0,7,40,5,52,0,0,0,52
04/02/2014,SUX,IA,ACE,CE,Combined TRACON& Tower with Radar,0,6,15,10,31,0,0,3,0,3,0,6,18,10,34,0,0,0,34
04/03/2014,SUX,IA,ACE,CE,Combined TRACON& Tower with Radar,0,8,11,7,26,0,0,0,0,0,0,8,11,7,26,0,0,0,26
04/04/2014,SUX,IA,ACE,CE,Combined TRACON& Tower with Radar,0,7,9,5,21,0,1,1,0,2,0,8,10,5,23,0,0,0,23
04/05/2014,SUX,IA,ACE,CE,Combined TRACON& Tower with Radar,0,11,11,4,26,0,2,12,1,15,0,13,23,5,41,0,0,0,41
04/06/2014,SUX,IA,ACE,CE,Combined TRACON& Tower with Radar,0,13,11,0,24,0,3,12,0,15,0,16,23,0,39,0,0,0,39
04/07/2014,SUX,IA,ACE,CE,Combined TRACON& Tower with Radar,0,12,6,0,18,0,6,9,0,15,0,18,15,0,33,30,0,30,63
04/08/2014,SUX,IA,ACE,CE,Combined TRACON& Tower with Radar,0,12,16,9,37,0,1,17,1,19,0,13,33,10,56,0,0,0,56
04/09/2014,SUX,IA,ACE,CE,Combined TRACON& Tower with Radar,0,10,26,9,45,0,3,11,2,16,0,13,37,11,61,0,0,0,61
04/10/2014,SUX,IA,ACE,CE,Combined TRACON& Tower with Radar,0,9,19,18,46,0,4,18,0,22,0,13,37,18,68,2,0,2,70
04/11/2014,SUX,IA,ACE,CE,Combined TRACON& Tower with Radar,0,14,11,10,35,0,6,17,0,23,0,20,28,10,58,0,0,0,58
04/12/2014,SUX,IA,ACE,CE,Combined TRACON& Tower with Radar,0,7,12,0,19,0,0,14,0,14,0,7,26,0,33,4,0,4,37
04/13/2014,SUX,IA,ACE,CE,Combined TRACON& Tower with Radar,0,9,7,0,16,0,0,0,0,0,0,9,7,0,16,0,0,0,16
04/14/2014,SUX,IA,ACE,CE,Combined TRACON& Tower with Radar,0,13,18,1,32,0,0,7,0,7,0,13,25,1,39,0,0,0,39
04/15/2014,SUX,IA,ACE,CE,Combined TRACON& Tower with Radar,0,6,29,11,46,0,5,19,0,24,0,11,48,11,70,29,0,29,99
04/16/2014,SUX,IA,ACE,CE,Combined TRACON& Tower with Radar,0,7,12,4,23,0,0,2,0,2,0,7,14,4,25,0,0,0,25
04/17/2014,SUX,IA,ACE,CE,Combined TRACON& Tower with Radar,0,15,23,9,47,0,0,12,0,12,0,15,35,9,59,2,0,2,61
04/18/2014,SUX,IA,ACE,CE,Combined TRACON& Tower with Radar,2,10,19,4,35,0,0,15,0,15,2,10,34,4,50,0,0,0,50
04/19/2014,SUX,IA,ACE,CE,Combined TRACON& Tower with Radar,0,7,4,1,12,0,5,10,0,15,0,12,14,1,27,16,0,16,43
04/20/2014,SUX,IA,ACE,CE,Combined TRACON& Tower with Radar,0,12,7,0,19,0,2,2,0,4,0,14,9,0,23,14,0,14,37
04/21/2014,SUX,IA,ACE,CE,Combined TRACON& Tower with Radar,2,12,17,1,32,0,0,7,0,7,2,12,24,1,39,8,0,8,47
04/22/2014,SUX,IA,ACE,CE,Combined TRACON& Tower with Radar,0,11,13,14,38,0,2,16,0,18,0,13,29,14,56,8,2,10,66
04/23/2014,SUX,IA,ACE,CE,Combined TRACON& Tower with Radar,0,12,16,0,28,0,0,7,0,7,0,12,23,0,35,0,0,0,35
04/24/2014,SUX,IA,ACE,CE,Combined TRACON& Tower with Radar,0,12,22,25,59,0,0,2,0,2,0,12,24,25,61,0,0,0,61
04/25/2014,SUX,IA,ACE,CE,Combined TRACON& Tower with Radar,0,10,29,8,47,0,2,12,0,14,0,12,41,8,61,38,6,44,105
04/26/2014,SUX,IA,ACE,CE,Combined TRACON& Tower with Radar,0,6,10,0,16,0,1,29,0,30,0,7,39,0,46,70,0,70,116
04/27/2014,SUX,IA,ACE,CE,Combined TRACON& Tower with Radar,0,7,4,1,12,0,0,1,0,1,0,7,5,1,13,0,0,0,13
04/28/2014,SUX,IA,ACE,CE,Combined TRACON& Tower with Radar,0,4,17,0,21,0,0,0,0,0,0,4,17,0,21,0,0,0,21
04/29/2014,SUX,IA,ACE,CE,Combined TRACON& Tower with Radar,0,3,16,8,27,0,0,1,0,1,0,3,17,8,28,12,0,12,40
04/30/2014,SUX,IA,ACE,CE,Combined TRACON& Tower with Radar,0,9,21,8,38,0,3,1,0,4,0,12,22,8,42,0,0,0,42
05/01/2014,SUX,IA,ACE,CE,Combined TRACON& Tower with Radar,0,16,22,16,54,0,0,4,0,4,0,16,26,16,58,0,0,0,58
05/02/2014,SUX,IA,ACE,CE,Combined TRACON& Tower with Radar,0,9,17,25,51,0,1,3,0,4,0,10,20,25,55,16,16,32,87
05/03/2014,SUX,IA,ACE,CE,Combined TRACON& Tower with Radar,0,5,9,3,17,0,7,8,0,15,0,12,17,3,32,12,0,12,44
05/04/2014,SUX,IA,ACE,CE,Combined TRACON& Tower with Radar,0,8,11,8,27,0,8,6,0,14,0,16,17,8,41,0,0,0,41
05/05/2014,SUX,IA,ACE,CE,Combined TRACON& Tower with Radar,0,9,13,3,25,0,7,12,0,19,0,16,25,3,44,0,0,0,44
05/06/2014,SUX,IA,ACE,CE,Combined TRACON& Tower with Radar,0,7,39,26,72,0,4,7,0,11,0,11,46,26,83,8,26,34,117
05/07/2014,SUX,IA,ACE,CE,Combined TRACON& Tower with Radar,0,9,23,22,54,0,2,7,0,9,0,11,30,22,63,0,28,28,91
05/08/2014,SUX,IA,ACE,CE,Combined TRACON& Tower with Radar,0,6,14,4,24,0,6,4,0,10,0,12,18,4,34,34,0,34,68
05/09/2014,SUX,IA,ACE,CE,Combined TRACON& Tower with Radar,0,9,24,28,61,0,4,10,0,14,0,13,34,28,75,8,20,28,103
05/10/2014,SUX,IA,ACE,CE,Combined TRACON& Tower with Radar,0,3,9,0,12,0,6,11,0,17,0,9,20,0,29,28,0,28,57
05/11/2014,SUX,IA,ACE,CE,Combined TRACON& Tower with Radar,0,4,9,1,14,0,0,1,0,1,0,4,10,1,15,0,0,0,15
05/12/2014,SUX,IA,ACE,CE,Combined TRACON& Tower with Radar,0,12,21,1,34,0,0,1,0,1,0,12,22,1,35,0,0,0,35
05/13/2014,SUX,IA,ACE,CE,Combined TRACON& Tower with Radar,0,8,29,14,51,0,4,4,0,8,0,12,33,14,59,0,10,10,69
05/14/2014,SUX,IA,ACE,CE,Combined TRACON& Tower with Radar,0,9,30,29,68,0,0,10,0,10,0,9,40,29,78,16,22,38,116
05/15/2014,SUX,IA,ACE,CE,Combined TRACON& Tower with Radar,0,5,28,6,39,0,2,6,0,8,0,7,34,6,47,0,16,16,63
05/16/2014,SUX,IA,ACE,CE,Combined TRACON& Tower with Radar,0,9,35,6,50,0,2,9,0,11,0,11,44,6,61,0,0,0,61
05/17/2014,SUX,IA,ACE,CE,Combined TRACON& Tower with Radar,0,6,20,0,26,0,1,18,0,19,0,7,38,0,45,32,0,32,77
05/18/2014,SUX,IA,ACE,CE,Combined TRACON& Tower with Radar,0,5,7,0,12,0,7,11,0,18,0,12,18,0,30,0,0,0,30
05/19/2014,SUX,IA,ACE,CE,Combined TRACON& Tower with Radar,0,6,24,0,30,0,2,2,0,4,0,8,26,0,34,12,0,12,46
05/20/2014,SUX,IA,ACE,CE,Combined TRACON& Tower with Radar,0,7,33,11,51,0,2,12,1,15,0,9,45,12,66,0,8,8,74
05/21/2014,SUX,IA,ACE,CE,Combined TRACON& Tower with Radar,0,5,31,14,50,0,3,14,0,17,0,8,45,14,67,2,4,6,73
05/22/2014,SUX,IA,ACE,CE,Combined TRACON& Tower with Radar,0,5,14,5,24,0,4,17,0,21,0,9,31,5,45,16,6,22,67
05/23/2014,SUX,IA,ACE,CE,Combined TRACON& Tower with Radar,0,4,28,7,39,0,2,9,1,12,0,6,37,8,51,0,0,0,51
05/24/2014,SUX,IA,ACE,CE,Combined TRACON& Tower with Radar,0,2,13,1,16,0,5,5,0,10,0,7,18,1,26,36,0,36,62
05/25/2014,SUX,IA,ACE,CE,Combined TRACON& Tower with Radar,0,4,5,0,9,0,0,0,0,0,0,4,5,0,9,0,0,0,9
05/26/2014,SUX,IA,ACE,CE,Combined TRACON& Tower with Radar,0,3,6,0,9,0,0,2,1,3,0,3,8,1,12,12,0,12,24
05/27/2014,SUX,IA,ACE,CE,Combined TRACON& Tower with Radar,0,8,11,0,19,0,0,13,0,13,0,8,24,0,32,0,0,0,32
05/28/2014,SUX,IA,ACE,CE,Combined TRACON& Tower with Radar,0,10,19,27,56,0,2,22,0,24,0,12,41,27,80,4,32,36,116
05/29/2014,SUX,IA,ACE,CE,Combined TRACON& Tower with Radar,0,6,27,16,49,0,2,15,0,17,0,8,42,16,66,42,6,48,114
05/30/2014,SUX,IA,ACE,CE,Combined TRACON& Tower with Radar,0,5,34,9,48,0,3,16,0,19,0,8,50,9,67,2,8,10,77
05/31/2014,SUX,IA,ACE,CE,Combined TRACON& Tower with Radar,0,3,9,1,13,0,2,4,1,7,0,5,13,2,20,14,0,14,34
06/01/2014,SUX,IA,ACE,CE,Combined TRACON& Tower with Radar,0,5,5,1,11,0,0,4,0,4,0,5,9,1,15,0,0,0,15
06/02/2014,SUX,IA,ACE,CE,Combined TRACON& Tower with Radar,0,6,17,1,24,0,4,7,0,11,0,10,24,1,35,0,0,0,35
06/03/2014,SUX,IA,ACE,CE,Combined TRACON& Tower with Radar,0,4,27,4,35,0,2,5,0,7,0,6,32,4,42,2,6,8,50
06/04/2014,SUX,IA,ACE,CE,Combined TRACON& Tower with Radar,0,7,22,14,43,0,0,10,0,10,0,7,32,14,53,18,0,18,71
06/05/2014,SUX,IA,ACE,CE,Combined TRACON& Tower with Radar,0,5,23,7,35,0,7,5,1,13,0,12,28,8,48,0,0,0,48
06/06/2014,SUX,IA,ACE,CE,Combined TRACON& Tower with Radar,0,4,17,4,25,0,7,13,0,20,0,11,30,4,45,0,0,0,45
06/07/2014,SUX,IA,ACE,CE,Combined TRACON& Tower with Radar,0,2,10,1,13,0,4,3,0,7,0,6,13,1,20,6,0,6,26
06/08/2014,SUX,IA,ACE,CE,Combined TRACON& Tower with Radar,0,4,12,2,18,0,3,9,0,12,0,7,21,2,30,54,0,54,84
06/09/2014,SUX,IA,ACE,CE,Combined TRACON& Tower with Radar,0,8,17,8,33,0,0,1,0,1,0,8,18,8,34,0,0,0,34
06/10/2014,SUX,IA,ACE,CE,Combined TRACON& Tower with Radar,0,3,26,17,46,0,3,15,0,18,0,6,41,17,64,44,0,44,108
06/11/2014,SUX,IA,ACE,CE,Combined TRACON& Tower with Radar,0,4,19,23,46,0,2,7,2,11,0,6,26,25,57,0,0,0,57
06/12/2014,SUX,IA,ACE,CE,Combined TRACON& Tower with Radar,0,5,23,2,30,0,1,10,0,11,0,6,33,2,41,14,0,14,55
06/13/2014,SUX,IA,ACE,CE,Combined TRACON& Tower with Radar,1,4,16,4,25,0,0,13,0,13,1,4,29,4,38,16,0,16,54
06/14/2014,SUX,IA,ACE,CE,Combined TRACON& Tower with Radar,0,2,1,1,4,0,0,4,0,4,0,2,5,1,8,20,0,20,28
06/15/2014,SUX,IA,ACE,CE,Combined TRACON& Tower with Radar,0,7,14,2,23,0,4,10,0,14,0,11,24,2,37,4,0,4,41
06/16/2014,SUX,IA,ACE,CE,Combined TRACON& Tower with Radar,1,3,13,4,21,0,0,4,0,4,1,3,17,4,25,0,0,0,25
06/17/2014,SUX,IA,ACE,CE,Combined TRACON& Tower with Radar,0,6,28,0,34,0,2,8,0,10,0,8,36,0,44,0,0,0,44
06/18/2014,SUX,IA,ACE,CE,Combined TRACON& Tower with Radar,1,5,17,5,28,0,4,10,0,14,1,9,27,5,42,2,0,2,44
06/19/2014,SUX,IA,ACE,CE,Combined TRACON& Tower with Radar,0,2,23,1,26,0,2,28,2,32,0,4,51,3,58,30,0,30,88
06/20/2014,SUX,IA,ACE,CE,Combined TRACON& Tower with Radar,1,6,21,30,58,0,6,17,0,23,1,12,38,30,81,8,16,24,105
06/21/2014,SUX,IA,ACE,CE,Combined TRACON& Tower with Radar,0,2,9,5,16,0,6,8,0,14,0,8,17,5,30,14,0,14,44
06/22/2014,SUX,IA,ACE,CE,Combined TRACON& Tower with Radar,0,4,1,0,5,0,2,2,0,4,0,6,3,0,9,0,0,0,9
06/23/2014,SUX,IA,ACE,CE,Combined TRACON& Tower with Radar,1,3,33,9,46,0,2,13,0,15,1,5,46,9,61,0,0,0,61
06/24/2014,SUX,IA,ACE,CE,Combined TRACON& Tower with Radar,1,3,23,4,31,0,6,10,0,16,1,9,33,4,47,2,0,2,49
06/25/2014,SUX,IA,ACE,CE,Combined TRACON& Tower with Radar,1,6,25,0,32,0,4,17,0,21,1,10,42,0,53,34,0,34,87
06/26/2014,SUX,IA,ACE,CE,Combined TRACON& Tower with Radar,0,4,29,3,36,0,2,10,0,12,0,6,39,3,48,10,0,10,58
06/27/2014,SUX,IA,ACE,CE,Combined TRACON& Tower with Radar,1,4,14,4,23,0,2,3,0,5,1,6,17,4,28,0,0,0,28
06/28/2014,SUX,IA,ACE,CE,Combined TRACON& Tower with Radar,0,5,9,1,15,0,2,10,0,12,0,7,19,1,27,26,0,26,53
06/29/2014,SUX,IA,ACE,CE,Combined TRACON& Tower with Radar,4,5,15,0,24,0,2,13,0,15,4,7,28,0,39,32,0,32,71
06/30/2014,SUX,IA,ACE,CE,Combined TRACON& Tower with Radar,1,2,3,0,6,0,6,3,0,9,1,8,6,0,15,0,0,0,15
07/01/2014,SUX,IA,ACE,CE,Combined TRACON& Tower with Radar,0,4,24,6,34,0,4,6,0,10,0,8,30,6,44,10,0,10,54
07/02/2014,SUX,IA,ACE,CE,Combined TRACON& Tower with Radar,1,6,18,8,33,0,8,8,0,16,1,14,26,8,49,12,18,30,79
07/03/2014,SUX,IA,ACE,CE,Combined TRACON& Tower with Radar,0,4,8,4,16,0,2,23,0,25,0,6,31,4,41,6,0,6,47
07/04/2014,SUX,IA,ACE,CE,Combined TRACON& Tower with Radar,1,4,2,0,7,0,1,2,0,3,1,5,4,0,10,0,0,0,10
07/05/2014,SUX,IA,ACE,CE,Combined TRACON& Tower with Radar,0,1,3,1,5,0,2,6,0,8,0,3,9,1,13,20,0,20,33
07/06/2014,SUX,IA,ACE,CE,Combined TRACON& Tower with Radar,0,5,9,0,14,0,2,11,0,13,0,7,20,0,27,4,0,4,31
07/07/2014,SUX,IA,ACE,CE,Combined TRACON& Tower with Radar,1,6,10,7,24,0,3,11,0,14,1,9,21,7,38,18,2,20,58
07/08/2014,SUX,IA,ACE,CE,Combined TRACON& Tower with Radar,0,5,16,20,41,0,1,8,0,9,0,6,24,20,50,0,0,0,50
07/09/2014,SUX,IA,ACE,CE,Combined TRACON& Tower with Radar,1,5,29,4,39,0,2,11,0,13,1,7,40,4,52,0,6,6,58
07/10/2014,SUX,IA,ACE,CE,Combined TRACON& Tower with Radar,0,3,17,8,28,0,3,8,0,11,0,6,25,8,39,4,0,4,43
07/11/2014,SUX,IA,ACE,CE,Combined TRACON& Tower with Radar,1,4,12,16,33,0,5,3,0,8,1,9,15,16,41,30,0,30,71
07/12/2014,SUX,IA,ACE,CE,Combined TRACON& Tower with Radar,0,4,1,1,6,0,0,2,0,2,0,4,3,1,8,18,0,18,26
07/13/2014,SUX,IA,ACE,CE,Combined TRACON& Tower with Radar,0,6,20,0,26,0,0,10,0,10,0,6,30,0,36,0,0,0,36
07/14/2014,SUX,IA,ACE,CE,Combined TRACON& Tower with Radar,1,3,11,0,15,0,4,6,0,10,1,7,17,0,25,0,0,0,25
07/15/2014,SUX,IA,ACE,CE,Combined TRACON& Tower with Radar,0,6,15,19,40,0,7,9,0,16,0,13,24,19,56,18,0,18,74
07/16/2014,SUX,IA,ACE,CE,Combined TRACON& Tower with Radar,1,5,27,42,75,0,0,14,0,14,1,5,41,42,89,2,12,14,103
07/17/2014,SUX,IA,ACE,CE,Combined TRACON& Tower with Radar,0,6,19,8,33,0,0,17,0,17,0,6,36,8,50,12,10,22,72
07/18/2014,SUX,IA,ACE,CE,Combined TRACON& Tower with Radar,1,6,15,1,23,0,10,11,0,21,1,16,26,1,44,36,0,36,80
07/19/2014,SUX,IA,ACE,CE,Combined TRACON& Tower with Radar,0,2,19,6,27,0,9,25,3,37,0,11,44,9,64,6,0,6,70
07/20/2014,SUX,IA,ACE,CE,Combined TRACON& Tower with Radar,0,7,3,0,10,0,6,2,0,8,0,13,5,0,18,0,0,0,18
07/21/2014,SUX,IA,ACE,CE,Combined TRACON& Tower with Radar,1,4,11,7,23,0,4,5,0,9,1,8,16,7,32,6,0,6,38
07/22/2014,SUX,IA,ACE,CE,Combined TRACON& Tower with Radar,0,7,34,3,44,0,2,3,0,5,0,9,37,3,49,2,0,2,51
07/23/2014,SUX,IA,ACE,CE,Combined TRACON& Tower with Radar,1,6,14,4,25,0,4,17,0,21,1,10,31,4,46,16,0,16,62
07/24/2014,SUX,IA,ACE,CE,Combined TRACON& Tower with Radar,0,13,26,4,43,0,8,4,0,12,0,21,30,4,55,52,0,52,107
07/25/2014,SUX,IA,ACE,CE,Combined TRACON& Tower with Radar,1,7,18,13,39,0,3,11,0,14,1,10,29,13,53,0,12,12,65
07/26/2014,SUX,IA,ACE,CE,Combined TRACON& Tower with Radar,0,2,7,0,9,0,0,10,0,10,0,2,17,0,19,8,0,8,27
07/27/2014,SUX,IA,ACE,CE,Combined TRACON& Tower with Radar,1,4,13,0,18,0,4,9,0,13,1,8,22,0,31,4,0,4,35
07/28/2014,SUX,IA,ACE,CE,Combined TRACON& Tower with Radar,1,10,17,2,30,0,6,12,0,18,1,16,29,2,48,0,0,0,48
07/29/2014,SUX,IA,ACE,CE,Combined TRACON& Tower with Radar,0,10,21,7,38,0,4,14,0,18,0,14,35,7,56,0,0,0,56
07/30/2014,SUX,IA,ACE,CE,Combined TRACON& Tower with Radar,1,4,32,2,39,0,2,11,0,13,1,6,43,2,52,0,0,0,52
07/31/2014,SUX,IA,ACE,CE,Combined TRACON& Tower with Radar,0,6,37,4,47,0,6,15,2,23,0,12,52,6,70,6,2,8,78
08/01/2014,SUX,IA,ACE,CE,Combined TRACON& Tower with Radar,1,3,24,13,41,0,2,15,0,17,1,5,39,13,58,0,4,4,62
08/02/2014,SUX,IA,ACE,CE,Combined TRACON& Tower with Radar,0,4,12,3,19,0,5,10,0,15,0,9,22,3,34,6,0,6,40
08/03/2014,SUX,IA,ACE,CE,Combined TRACON& Tower with Radar,0,4,12,0,16,0,0,7,1,8,0,4,19,1,24,0,0,0,24
08/04/2014,SUX,IA,ACE,CE,Combined TRACON& Tower with Radar,1,4,16,0,21,0,6,7,0,13,1,10,23,0,34,2,0,2,36
08/05/2014,SUX,IA,ACE,CE,Combined TRACON& Tower with Radar,0,4,26,5,35,0,2,3,0,5,0,6,29,5,40,0,0,0,40
08/06/2014,SUX,IA,ACE,CE,Combined TRACON& Tower with Radar,1,4,22,2,29,0,0,2,0,2,1,4,24,2,31,0,0,0,31
08/07/2014,SUX,IA,ACE,CE,Combined TRACON& Tower with Radar,0,4,15,14,33,0,0,0,0,0,0,4,15,14,33,0,0,0,33
08/08/2014,SUX,IA,ACE,CE,Combined TRACON& Tower with Radar,1,4,28,1,34,0,4,3,0,7,1,8,31,1,41,0,0,0,41
08/09/2014,SUX,IA,ACE,CE,Combined TRACON& Tower with Radar,0,2,5,1,8,0,2,1,0,3,0,4,6,1,11,0,0,0,11
08/10/2014,SUX,IA,ACE,CE,Combined TRACON& Tower with Radar,0,6,9,0,15,0,3,2,0,5,0,9,11,0,20,0,0,0,20
08/11/2014,SUX,IA,ACE,CE,Combined TRACON& Tower with Radar,1,5,20,0,26,0,3,11,0,14,1,8,31,0,40,0,0,0,40
08/12/2014,SUX,IA,ACE,CE,Combined TRACON& Tower with Radar,0,5,25,3,33,0,7,13,0,20,0,12,38,3,53,2,0,2,55
08/13/2014,SUX,IA,ACE,CE,Combined TRACON& Tower with Radar,1,11,30,14,56,0,3,19,0,22,1,14,49,14,78,0,24,24,102
08/14/2014,SUX,IA,ACE,CE,Combined TRACON& Tower with Radar,0,7,33,30,70,0,1,14,0,15,0,8,47,30,85,0,12,12,97
08/15/2014,SUX,IA,ACE,CE,Combined TRACON& Tower with Radar,1,5,29,17,52,0,3,8,0,11,1,8,37,17,63,0,0,0,63
08/16/2014,SUX,IA,ACE,CE,Combined TRACON& Tower with Radar,0,2,8,1,11,0,2,7,0,9,0,4,15,1,20,26,0,26,46
08/17/2014,SUX,IA,ACE,CE,Combined TRACON& Tower with Radar,1,8,9,0,18,0,5,5,0,10,1,13,14,0,28,18,0,18,46
08/18/2014,SUX,IA,ACE,CE,Combined TRACON& Tower with Radar,1,6,22,14,43,0,2,3,1,6,1,8,25,15,49,0,0,0,49
08/19/2014,SUX,IA,ACE,CE,Combined TRACON& Tower with Radar,0,5,24,29,58,0,0,20,0,20,0,5,44,29,78,8,12,20,98
08/20/2014,SUX,IA,ACE,CE,Combined TRACON& Tower with Radar,1,5,22,0,28,0,2,4,0,6,1,7,26,0,34,0,0,0,34
08/21/2014,SUX,IA,ACE,CE,Combined TRACON& Tower with Radar,0,3,24,2,29,0,2,12,0,14,0,5,36,2,43,6,0,6,49
08/22/2014,SUX,IA,ACE,CE,Combined TRACON& Tower with Radar,1,5,14,2,22,0,2,8,0,10,1,7,22,2,32,0,0,0,32
08/23/2014,SUX,IA,ACE,CE,Combined TRACON& Tower with Radar,0,4,6,0,10,0,2,5,0,7,0,6,11,0,17,0,0,0,17
08/24/2014,SUX,IA,ACE,CE,Combined TRACON& Tower with Radar,0,5,19,0,24,0,0,13,0,13,0,5,32,0,37,0,0,0,37
08/25/2014,SUX,IA,ACE,CE,Combined TRACON& Tower with Radar,1,5,18,6,30,0,0,12,0,12,1,5,30,6,42,8,4,12,54
08/26/2014,SUX,IA,ACE,CE,Combined TRACON& Tower with Radar,0,3,25,1,29,0,2,3,0,5,0,5,28,1,34,12,0,12,46
08/27/2014,SUX,IA,ACE,CE,Combined TRACON& Tower with Radar,1,8,25,0,34,0,0,2,0,2,1,8,27,0,36,0,0,0,36
08/28/2014,SUX,IA,ACE,CE,Combined TRACON& Tower with Radar,0,5,24,0,29,0,0,0,0,0,0,5,24,0,29,0,0,0,29
08/29/2014,SUX,IA,ACE,CE,Combined TRACON& Tower with Radar,1,4,11,4,20,0,0,1,0,1,1,4,12,4,21,0,0,0,21
08/30/2014,SUX,IA,ACE,CE,Combined TRACON& Tower with Radar,0,4,13,0,17,0,4,5,0,9,0,8,18,0,26,0,0,0,26
08/31/2014,SUX,IA,ACE,CE,Combined TRACON& Tower with Radar,0,3,1,0,4,0,4,5,0,9,0,7,6,0,13,6,0,6,19
09/01/2014,SUX,IA,ACE,CE,Combined TRACON& Tower with Radar,1,3,18,1,23,0,2,5,0,7,1,5,23,1,30,0,0,0,30
09/02/2014,SUX,IA,ACE,CE,Combined TRACON& Tower with Radar,0,4,12,0,16,0,2,20,0,22,0,6,32,0,38,8,0,8,46
09/03/2014,SUX,IA,ACE,CE,Combined TRACON& Tower with Radar,1,6,12,7,26,0,4,8,0,12,1,10,20,7,38,2,0,2,40
09/04/2014,SUX,IA,ACE,CE,Combined TRACON& Tower with Radar,0,4,13,9,26,0,4,21,0,25,0,8,34,9,51,8,0,8,59
09/05/2014,SUX,IA,ACE,CE,Combined TRACON& Tower with Radar,1,2,17,4,24,0,2,10,0,12,1,4,27,4,36,0,0,0,36
09/06/2014,SUX,IA,ACE,CE,Combined TRACON& Tower with Radar,0,3,8,18,29,0,6,39,0,45,0,9,47,18,74,22,0,22,96
09/07/2014,SUX,IA,ACE,CE,Combined TRACON& Tower with Radar,0,6,14,3,23,0,2,28,0,30,0,8,42,3,53,8,0,8,61
09/08/2014,SUX,IA,ACE,CE,Combined TRACON& Tower with Radar,1,4,7,1,13,0,4,4,0,8,1,8,11,1,21,0,2,2,23
09/09/2014,SUX,IA,ACE,CE,Combined TRACON& Tower with Radar,1,4,26,8,39,0,2,2,0,4,1,6,28,8,43,0,16,16,59
09/10/2014,SUX,IA,ACE,CE,Combined TRACON& Tower with Radar,1,4,15,5,25,0,0,0,0,0,1,4,15,5,25,0,0,0,25
09/11/2014,SUX,IA,ACE,CE,Combined TRACON& Tower with Radar,0,6,29,20,55,0,2,1,0,3,0,8,30,20,58,0,0,0,58
09/12/2014,SUX,IA,ACE,CE,Combined TRACON& Tower with Radar,1,8,21,2,32,0,5,8,0,13,1,13,29,2,45,12,0,12,57
09/13/2014,SUX,IA,ACE,CE,Combined TRACON& Tower with Radar,0,2,33,2,37,0,2,23,0,25,0,4,56,2,62,20,0,20,82
09/14/2014,SUX,IA,ACE,CE,Combined TRACON& Tower with Radar,1,6,24,0,31,0,0,17,0,17,1,6,41,0,48,2,0,2,50
09/15/2014,SUX,IA,ACE,CE,Combined TRACON& Tower with Radar,1,4,18,14,37,0,3,12,0,15,1,7,30,14,52,0,0,0,52
09/16/2014,SUX,IA,ACE,CE,Combined TRACON& Tower with Radar,1,4,37,12,54,0,2,10,0,12,1,6,47,12,66,0,0,0,66
09/17/2014,SUX,IA,ACE,CE,Combined TRACON& Tower with Radar,1,8,30,16,55,0,6,13,0,19,1,14,43,16,74,34,16,50,124
09/18/2014,SUX,IA,ACE,CE,Combined TRACON& Tower with Radar,0,4,24,34,62,0,5,14,0,19,0,9,38,34,81,0,0,0,81
09/19/2014,SUX,IA,ACE,CE,Combined TRACON& Tower with Radar,1,7,20,3,31,0,2,7,0,9,1,9,27,3,40,0,0,0,40
09/20/2014,SUX,IA,ACE,CE,Combined TRACON& Tower with Radar,0,2,19,0,21,0,2,8,0,10,0,4,27,0,31,0,0,0,31
09/21/2014,SUX,IA,ACE,CE,Combined TRACON& Tower with Radar,0,4,3,1,8,0,2,8,0,10,0,6,11,1,18,0,0,0,18
09/22/2014,SUX,IA,ACE,CE,Combined TRACON& Tower with Radar,1,6,9,0,16,0,10,10,0,20,1,16,19,0,36,24,0,24,60
09/23/2014,SUX,IA,ACE,CE,Combined TRACON& Tower with Radar,0,4,24,12,40,0,2,3,0,5,0,6,27,12,45,6,0,6,51
09/24/2014,SUX,IA,ACE,CE,Combined TRACON& Tower with Radar,1,4,20,5,30,0,2,3,0,5,1,6,23,5,35,0,8,8,43
09/25/2014,SUX,IA,ACE,CE,Combined TRACON& Tower with Radar,0,13,26,4,43,0,2,7,2,11,0,15,33,6,54,0,0,0,54
09/26/2014,SUX,IA,ACE,CE,Combined TRACON& Tower with Radar,1,4,21,0,26,0,4,10,0,14,1,8,31,0,40,4,0,4,44
09/27/2014,SUX,IA,ACE,CE,Combined TRACON& Tower with Radar,0,1,3,0,4,0,4,8,0,12,0,5,11,0,16,8,0,8,24
09/28/2014,SUX,IA,ACE,CE,Combined TRACON& Tower with Radar,0,6,13,0,19,0,1,6,0,7,0,7,19,0,26,0,0,0,26
09/29/2014,SUX,IA,ACE,CE,Combined TRACON& Tower with Radar,3,6,20,0,29,0,2,9,0,11,3,8,29,0,40,0,0,0,40
09/30/2014,SUX,IA,ACE,CE,Combined TRACON& Tower with Radar,0,5,31,6,42,0,2,6,0,8,0,7,37,6,50,0,0,0,50
10/01/2014,SUX,IA,ACE,CE,Combined TRACON& Tower with Radar,1,7,20,22,50,0,4,4,0,8,1,11,24,22,58,0,0,0,58
10/02/2014,SUX,IA,ACE,CE,Combined TRACON& Tower with Radar,1,4,21,3,29,0,3,5,0,8,1,7,26,3,37,2,0,2,39
10/03/2014,SUX,IA,ACE,CE,Combined TRACON& Tower with Radar,1,3,24,3,31,0,1,4,0,5,1,4,28,3,36,0,0,0,36
10/04/2014,SUX,IA,ACE,CE,Combined TRACON& Tower with Radar,0,2,4,3,9,0,0,14,0,14,0,2,18,3,23,2,0,2,25
10/05/2014,SUX,IA,ACE,CE,Combined TRACON& Tower with Radar,0,4,5,17,26,0,1,10,0,11,0,5,15,17,37,12,6,18,55
10/06/2014,SUX,IA,ACE,CE,Combined TRACON& Tower with Radar,1,4,17,0,22,0,5,12,0,17,1,9,29,0,39,0,0,0,39
10/07/2014,SUX,IA,ACE,CE,Combined TRACON& Tower with Radar,0,4,13,6,23,0,0,9,0,9,0,4,22,6,32,10,0,10,42
10/08/2014,SUX,IA,ACE,CE,Combined TRACON& Tower with Radar,1,4,24,30,59,0,3,16,2,21,1,7,40,32,80,34,0,34,114
10/09/2014,SUX,IA,ACE,CE,Combined TRACON& Tower with Radar,0,3,26,4,33,0,0,8,0,8,0,3,34,4,41,10,0,10,51
10/10/2014,SUX,IA,ACE,CE,Combined TRACON& Tower with Radar,1,6,16,4,27,0,0,10,0,10,1,6,26,4,37,10,0,10,47
10/11/2014,SUX,IA,ACE,CE,Combined TRACON& Tower with Radar,0,2,10,1,13,0,0,9,2,11,0,2,19,3,24,0,0,0,24
10/12/2014,SUX,IA,ACE,CE,Combined TRACON& Tower with Radar,0,6,14,0,20,0,0,3,0,3,0,6,17,0,23,0,0,0,23
10/13/2014,SUX,IA,ACE,CE,Combined TRACON& Tower with Radar,1,6,23,0,30,0,2,4,0,6,1,8,27,0,36,0,0,0,36
10/14/2014,SUX,IA,ACE,CE,Combined TRACON& Tower with Radar,0,7,27,0,34,0,0,8,0,8,0,7,35,0,42,0,0,0,42
10/15/2014,SUX,IA,ACE,CE,Combined TRACON& Tower with Radar,1,5,23,2,31,0,2,13,0,15,1,7,36,2,46,0,0,0,46
10/16/2014,SUX,IA,ACE,CE,Combined TRACON& Tower with Radar,0,8,13,2,23,0,4,12,0,16,0,12,25,2,39,0,0,0,39
10/17/2014,SUX,IA,ACE,CE,Combined TRACON& Tower with Radar,1,6,10,4,21,0,4,3,0,7,1,10,13,4,28,0,0,0,28
10/18/2014,SUX,IA,ACE,CE,Combined TRACON& Tower with Radar,0,3,11,0,14,0,4,13,0,17,0,7,24,0,31,14,0,14,45
10/19/2014,SUX,IA,ACE,CE,Combined TRACON& Tower with Radar,0,7,14,0,21,0,2,8,0,10,0,9,22,0,31,22,0,22,53
10/20/2014,SUX,IA,ACE,CE,Combined TRACON& Tower with Radar,3,5,18,2,28,0,1,25,1,27,3,6,43,3,55,0,6,6,61
10/21/2014,SUX,IA,ACE,CE,Combined TRACON& Tower with Radar,0,7,23,2,32,0,3,9,0,12,0,10,32,2,44,8,0,8,52
10/22/2014,SUX,IA,ACE,CE,Combined TRACON& Tower with Radar,1,4,23,2,30,0,5,6,0,11,1,9,29,2,41,0,0,0,41
10/23/2014,SUX,IA,ACE,CE,Combined TRACON& Tower with Radar,2,6,20,9,37,0,1,3,0,4,2,7,23,9,41,0,0,0,41
10/24/2014,SUX,IA,ACE,CE,Combined TRACON& Tower with Radar,1,5,15,6,27,0,2,15,0,17,1,7,30,6,44,18,0,18,62
10/25/2014,SUX,IA,ACE,CE,Combined TRACON& Tower with Radar,0,4,6,0,10,0,6,16,0,22,0,10,22,0,32,8,0,8,40
10/26/2014,SUX,IA,ACE,CE,Combined TRACON& Tower with Radar,0,5,4,0,9,0,6,10,0,16,0,11,14,0,25,0,0,0,25
10/27/2014,SUX,IA,ACE,CE,Combined TRACON& Tower with Radar,0,9,17,24,50,0,2,11,2,15,0,11,28,26,65,0,0,0,65
10/28/2014,SUX,IA,ACE,CE,Combined TRACON& Tower with Radar,0,7,30,17,54,0,3,12,0,15,0,10,42,17,69,40,0,40,109
10/29/2014,SUX,IA,ACE,CE,Combined TRACON& Tower with Radar,0,4,16,16,36,0,3,12,0,15,0,7,28,16,51,2,0,2,53
10/30/2014,SUX,IA,ACE,CE,Combined TRACON& Tower with Radar,0,7,15,12,34,0,4,2,0,6,0,11,17,12,40,0,0,0,40
10/31/2014,SUX,IA,ACE,CE,Combined TRACON& Tower with Radar,0,3,19,5,27,0,4,8,1,13,0,7,27,6,40,2,8,10,50
11/01/2014,SUX,IA,ACE,CE,Combined TRACON& Tower with Radar,0,2,15,7,24,0,3,7,0,10,0,5,22,7,34,6,0,6,40
11/02/2014,SUX,IA,ACE,CE,Combined TRACON& Tower with Radar,0,4,13,0,17,0,1,7,0,8,0,5,20,0,25,14,0,14,39
11/03/2014,SUX,IA,ACE,CE,Combined TRACON& Tower with Radar,0,4,8,21,33,0,2,1,0,3,0,6,9,21,36,0,0,0,36
11/04/2014,SUX,IA,ACE,CE,Combined TRACON& Tower with Radar,0,4,22,17,43,0,5,8,0,13,0,9,30,17,56,0,0,0,56
11/05/2014,SUX,IA,ACE,CE,Combined TRACON& Tower with Radar,0,5,22,0,27,0,2,6,0,8,0,7,28,0,35,0,0,0,35
11/06/2014,SUX,IA,ACE,CE,Combined TRACON& Tower with Radar,0,9,15,8,32,0,4,7,0,11,0,13,22,8,43,2,6,8,51
11/07/2014,SUX,IA,ACE,CE,Combined TRACON& Tower with Radar,1,6,14,2,23,0,4,5,0,9,1,10,19,2,32,0,0,0,32
11/08/2014,SUX,IA,ACE,CE,Combined TRACON& Tower with Radar,0,2,0,0,2,0,1,12,0,13,0,3,12,0,15,16,0,16,31
11/09/2014,SUX,IA,ACE,CE,Combined TRACON& Tower with Radar,0,6,10,0,16,0,4,12,0,16,0,10,22,0,32,2,0,2,34
11/10/2014,SUX,IA,ACE,CE,Combined TRACON& Tower with Radar,0,2,12,0,14,0,0,0,0,0,0,2,12,0,14,0,0,0,14
11/11/2014,SUX,IA,ACE,CE,Combined TRACON& Tower with Radar,0,4,23,0,27,0,2,5,0,7,0,6,28,0,34,0,0,0,34
11/12/2014,SUX,IA,ACE,CE,Combined TRACON& Tower with Radar,0,6,20,23,49,0,2,1,0,3,0,8,21,23,52,0,6,6,58
11/13/2014,SUX,IA,ACE,CE,Combined TRACON& Tower with Radar,0,12,31,2,45,0,0,2,0,2,0,12,33,2,47,0,0,0,47
11/14/2014,SUX,IA,ACE,CE,Combined TRACON& Tower with Radar,2,5,24,4,35,0,0,6,1,7,2,5,30,5,42,0,6,6,48
11/15/2014,SUX,IA,ACE,CE,Combined TRACON& Tower with Radar,0,6,9,0,15,0,0,0,0,0,0,6,9,0,15,0,0,0,15
11/16/2014,SUX,IA,ACE,CE,Combined TRACON& Tower with Radar,0,11,11,1,23,0,0,2,0,2,0,11,13,1,25,0,0,0,25
11/17/2014,SUX,IA,ACE,CE,Combined TRACON& Tower with Radar,0,3,17,1,21,0,0,2,0,2,0,3,19,1,23,0,0,0,23
11/18/2014,SUX,IA,ACE,CE,Combined TRACON& Tower with Radar,0,5,16,31,52,0,0,5,0,5,0,5,21,31,57,0,0,0,57
11/19/2014,SUX,IA,ACE,CE,Combined TRACON& Tower with Radar,0,14,26,14,54,0,0,2,0,2,0,14,28,14,56,0,0,0,56
11/20/2014,SUX,IA,ACE,CE,Combined TRACON& Tower with Radar,0,5,19,12,36,0,3,7,0,10,0,8,26,12,46,0,0,0,46
11/21/2014,SUX,IA,ACE,CE,Combined TRACON& Tower with Radar,0,4,15,5,24,0,12,4,0,16,0,16,19,5,40,22,2,24,64
11/22/2014,SUX,IA,ACE,CE,Combined TRACON& Tower with Radar,0,4,9,0,13,0,4,5,0,9,0,8,14,0,22,0,0,0,22
11/23/2014,SUX,IA,ACE,CE,Combined TRACON& Tower with Radar,0,10,5,2,17,0,4,2,1,7,0,14,7,3,24,2,0,2,26
11/24/2014,SUX,IA,ACE,CE,Combined TRACON& Tower with Radar,0,4,7,10,21,0,0,1,0,1,0,4,8,10,22,0,0,0,22
11/25/2014,SUX,IA,ACE,CE,Combined TRACON& Tower with Radar,0,5,35,20,60,0,0,9,0,9,0,5,44,20,69,24,6,30,99
11/26/2014,SUX,IA,ACE,CE,Combined TRACON& Tower with Radar,0,9,15,0,24,0,4,0,0,4,0,13,15,0,28,0,0,0,28
11/27/2014,SUX,IA,ACE,CE,Combined TRACON& Tower with Radar,0,3,3,1,7,0,4,0,0,4,0,7,3,1,11,0,0,0,11
11/28/2014,SUX,IA,ACE,CE,Combined TRACON& Tower with Radar,0,9,4,0,13,0,2,13,0,15,0,11,17,0,28,0,0,0,28
11/29/2014,SUX,IA,ACE,CE,Combined TRACON& Tower with Radar,0,4,14,0,18,0,3,13,0,16,0,7,27,0,34,0,0,0,34
11/30/2014,SUX,IA,ACE,CE,Combined TRACON& Tower with Radar,0,6,10,0,16,0,2,5,0,7,0,8,15,0,23,0,0,0,23
12/01/2014,SUX,IA,ACE,CE,Combined TRACON& Tower with Radar,0,5,13,0,18,0,0,11,0,11,0,5,24,0,29,7,0,7,36
12/02/2014,SUX,IA,ACE,CE,Combined TRACON& Tower with Radar,0,5,21,1,27,0,7,4,0,11,0,12,25,1,38,22,0,22,60
12/03/2014,SUX,IA,ACE,CE,Combined TRACON& Tower with Radar,0,6,20,0,26,0,4,10,0,14,0,10,30,0,40,0,0,0,40
12/04/2014,SUX,IA,ACE,CE,Combined TRACON& Tower with Radar,0,4,20,2,26,0,2,9,0,11,0,6,29,2,37,12,0,12,49
12/05/2014,SUX,IA,ACE,CE,Combined TRACON& Tower with Radar,0,4,19,2,25,0,0,0,0,0,0,4,19,2,25,14,0,14,39
12/06/2014,SUX,IA,ACE,CE,Combined TRACON& Tower with Radar,0,2,22,2,26,0,0,11,0,11,0,2,33,2,37,20,0,20,57
12/07/2014,SUX,IA,ACE,CE,Combined TRACON& Tower with Radar,0,4,4,0,8,0,0,0,0,0,0,4,4,0,8,0,0,0,8
12/08/2014,SUX,IA,ACE,CE,Combined TRACON& Tower with Radar,0,4,14,0,18,0,0,5,0,5,0,4,19,0,23,22,0,22,45
12/09/2014,SUX,IA,ACE,CE,Combined TRACON& Tower with Radar,0,6,14,8,28,0,0,2,0,2,0,6,16,8,30,0,0,0,30
12/10/2014,SUX,IA,ACE,CE,Combined TRACON& Tower with Radar,0,4,19,9,32,0,0,0,0,0,0,4,19,9,32,10,0,10,42
12/11/2014,SUX,IA,ACE,CE,Combined TRACON& Tower with Radar,0,5,23,16,44,0,2,0,0,2,0,7,23,16,46,0,0,0,46
12/12/2014,SUX,IA,ACE,CE,Combined TRACON& Tower with Radar,0,5,15,10,30,0,2,2,0,4,0,7,17,10,34,22,0,22,56
12/13/2014,SUX,IA,ACE,CE,Combined TRACON& Tower with Radar,0,2,20,0,22,0,0,5,0,5,0,2,25,0,27,8,0,8,35
12/14/2014,SUX,IA,ACE,CE,Combined TRACON& Tower with Radar,0,8,10,0,18,0,0,0,0,0,0,8,10,0,18,0,0,0,18
12/15/2014,SUX,IA,ACE,CE,Combined TRACON& Tower with Radar,0,4,16,1,21,0,0,0,0,0,0,4,16,1,21,0,0,0,21
12/16/2014,SUX,IA,ACE,CE,Combined TRACON& Tower with Radar,0,4,22,19,45,0,3,12,3,18,0,7,34,22,63,0,16,16,79
12/17/2014,SUX,IA,ACE,CE,Combined TRACON& Tower with Radar,0,6,29,11,46,0,4,16,0,20,0,10,45,11,66,0,0,0,66
12/18/2014,SUX,IA,ACE,CE,Combined TRACON& Tower with Radar,0,6,21,0,27,0,0,5,0,5,0,6,26,0,32,0,0,0,32
12/19/2014,SUX,IA,ACE,CE,Combined TRACON& Tower with Radar,0,8,19,1,28,0,0,5,0,5,0,8,24,1,33,0,0,0,33
12/20/2014,SUX,IA,ACE,CE,Combined TRACON& Tower with Radar,0,8,2,0,10,0,0,0,0,0,0,8,2,0,10,0,0,0,10
12/21/2014,SUX,IA,ACE,CE,Combined TRACON& Tower with Radar,0,7,12,0,19,0,0,0,0,0,0,7,12,0,19,0,0,0,19
12/22/2014,SUX,IA,ACE,CE,Combined TRACON& Tower with Radar,0,6,17,0,23,0,0,0,0,0,0,6,17,0,23,0,0,0,23
12/23/2014,SUX,IA,ACE,CE,Combined TRACON& Tower with Radar,0,6,5,0,11,0,0,0,0,0,0,6,5,0,11,0,0,0,11
12/24/2014,SUX,IA,ACE,CE,Combined TRACON& Tower with Radar,0,2,9,0,11,0,2,0,0,2,0,4,9,0,13,0,0,0,13
12/25/2014,SUX,IA,ACE,CE,Combined TRACON& Tower with Radar,0,5,6,0,11,0,7,1,0,8,0,12,7,0,19,0,0,0,19
12/26/2014,SUX,IA,ACE,CE,Combined TRACON& Tower with Radar,0,5,6,0,11,0,0,0,0,0,0,5,6,0,11,0,0,0,11
12/27/2014,SUX,IA,ACE,CE,Combined TRACON& Tower with Radar,0,4,10,0,14,0,0,19,0,19,0,4,29,0,33,0,0,0,33
12/28/2014,SUX,IA,ACE,CE,Combined TRACON& Tower with Radar,0,7,13,0,20,0,0,6,0,6,0,7,19,0,26,14,0,14,40
12/29/2014,SUX,IA,ACE,CE,Combined TRACON& Tower with Radar,0,4,12,1,17,0,2,5,0,7,0,6,17,1,24,0,0,0,24
12/30/2014,SUX,IA,ACE,CE,Combined TRACON& Tower with Radar,0,6,20,9,35,0,3,3,0,6,0,9,23,9,41,0,6,6,47
12/31/2014,SUX,IA,ACE,CE,Combined TRACON& Tower with Radar,0,5,17,0,22,0,0,1,0,1,0,5,18,0,23,0,0,0,23
01/01/2015,SUX,IA,ACE,CE,Combined TRACON& Tower with Radar,0,6,3,0,9,0,0,2,0,2,0,6,5,0,11,22,0,22,33
01/02/2015,SUX,IA,ACE,CE,Combined TRACON& Tower with Radar,0,7,15,0,22,0,3,7,0,10,0,10,22,0,32,0,0,0,32
01/03/2015,SUX,IA,ACE,CE,Combined TRACON& Tower with Radar,0,9,17,0,26,0,0,13,0,13,0,9,30,0,39,2,0,2,41
01/04/2015,SUX,IA,ACE,CE,Combined TRACON& Tower with Radar,0,3,5,1,9,0,0,1,0,1,0,3,6,1,10,0,0,0,10
01/05/2015,SUX,IA,ACE,CE,Combined TRACON& Tower with Radar,0,2,12,0,14,0,0,0,0,0,0,2,12,0,14,0,0,0,14
01/06/2015,SUX,IA,ACE,CE,Combined TRACON& Tower with Radar,0,2,13,12,27,0,0,6,0,6,0,2,19,12,33,0,0,0,33
01/07/2015,SUX,IA,ACE,CE,Combined TRACON& Tower with Radar,0,6,27,32,65,0,7,2,0,9,0,13,29,32,74,0,0,0,74
01/08/2015,SUX,IA,ACE,CE,Combined TRACON& Tower with Radar,0,2,14,1,17,0,0,0,0,0,0,2,14,1,17,0,0,0,17
01/09/2015,SUX,IA,ACE,CE,Combined TRACON& Tower with Radar,0,9,12,4,25,0,1,8,0,9,0,10,20,4,34,0,0,0,34
01/10/2015,SUX,IA,ACE,CE,Combined TRACON& Tower with Radar,0,4,7,4,15,0,4,6,0,10,0,8,13,4,25,0,0,0,25
01/11/2015,SUX,IA,ACE,CE,Combined TRACON& Tower with Radar,0,2,5,1,8,0,0,15,0,15,0,2,20,1,23,0,0,0,23
01/12/2015,SUX,IA,ACE,CE,Combined TRACON& Tower with Radar,0,4,9,0,13,0,0,5,0,5,0,4,14,0,18,0,0,0,18
01/13/2015,SUX,IA,ACE,CE,Combined TRACON& Tower with Radar,0,7,22,12,41,0,0,4,0,4,0,7,26,12,45,0,0,0,45
01/14/2015,SUX,IA,ACE,CE,Combined TRACON& Tower with Radar,0,4,13,3,20,0,2,7,0,9,0,6,20,3,29,0,0,0,29
01/15/2015,SUX,IA,ACE,CE,Combined TRACON& Tower with Radar,0,9,5,3,17,0,4,9,0,13,0,13,14,3,30,0,0,0,30
01/16/2015,SUX,IA,ACE,CE,Combined TRACON& Tower with Radar,0,6,12,5,23,0,2,15,0,17,0,8,27,5,40,0,0,0,40
01/17/2015,SUX,IA,ACE,CE,Combined TRACON& Tower with Radar,0,2,4,0,6,0,0,6,0,6,0,2,10,0,12,0,0,0,12
01/18/2015,SUX,IA,ACE,CE,Combined TRACON& Tower with Radar,0,5,23,0,28,0,2,21,0,23,0,7,44,0,51,16,0,16,67
01/19/2015,SUX,IA,ACE,CE,Combined TRACON& Tower with Radar,0,4,15,0,19,0,6,9,0,15,0,10,24,0,34,14,0,14,48
01/20/2015,SUX,IA,ACE,CE,Combined TRACON& Tower with Radar,0,5,32,0,37,0,2,5,0,7,0,7,37,0,44,0,0,0,44
01/21/2015,SUX,IA,ACE,CE,Combined TRACON& Tower with Radar,0,5,13,6,24,0,0,0,0,0,0,5,13,6,24,0,0,0,24
01/22/2015,SUX,IA,ACE,CE,Combined TRACON& Tower with Radar,0,13,15,17,45,0,6,15,0,21,0,19,30,17,66,14,6,20,86
01/23/2015,SUX,IA,ACE,CE,Combined TRACON& Tower with Radar,0,8,10,1,19,0,2,7,0,9,0,10,17,1,28,18,0,18,46
01/24/2015,SUX,IA,ACE,CE,Combined TRACON& Tower with Radar,0,5,11,0,16,0,2,28,0,30,0,7,39,0,46,10,0,10,56
01/25/2015,SUX,IA,ACE,CE,Combined TRACON& Tower with Radar,0,2,10,0,12,0,0,5,0,5,0,2,15,0,17,0,0,0,17
01/26/2015,SUX,IA,ACE,CE,Combined TRACON& Tower with Radar,0,3,16,0,19,0,2,11,1,14,0,5,27,1,33,0,0,0,33
01/27/2015,SUX,IA,ACE,CE,Combined TRACON& Tower with Radar,0,4,16,22,42,0,2,14,0,16,0,6,30,22,58,44,26,70,128
01/28/2015,SUX,IA,ACE,CE,Combined TRACON& Tower with Radar,0,6,28,27,61,0,0,19,0,19,0,6,47,27,80,6,22,28,108
01/29/2015,SUX,IA,ACE,CE,Combined TRACON& Tower with Radar,0,5,19,20,44,0,2,3,0,5,0,7,22,20,49,22,0,22,71
01/30/2015,SUX,IA,ACE,CE,Combined TRACON& Tower with Radar,0,5,30,6,41,0,0,23,0,23,0,5,53,6,64,50,4,54,118
01/31/2015,SUX,IA,ACE,CE,Combined TRACON& Tower with Radar,0,3,5,1,9,0,0,0,0,0,0,3,5,1,9,0,0,0,9
02/01/2015,SUX,IA,ACE,CE,Combined TRACON& Tower with Radar,0,0,3,0,3,0,0,0,0,0,0,0,3,0,3,0,0,0,3
02/02/2015,SUX,IA,ACE,CE,Combined TRACON& Tower with Radar,0,7,4,0,11,0,0,3,0,3,0,7,7,0,14,0,0,0,14
02/03/2015,SUX,IA,ACE,CE,Combined TRACON& Tower with Radar,0,5,24,0,29,0,0,0,0,0,0,5,24,0,29,6,0,6,35
02/04/2015,SUX,IA,ACE,CE,Combined TRACON& Tower with Radar,0,2,24,4,30,0,4,3,2,9,0,6,27,6,39,0,2,2,41
02/05/2015,SUX,IA,ACE,CE,Combined TRACON& Tower with Radar,0,4,6,5,15,0,6,6,0,12,0,10,12,5,27,6,0,6,33
02/06/2015,SUX,IA,ACE,CE,Combined TRACON& Tower with Radar,2,6,12,9,29,0,2,17,0,19,2,8,29,9,48,16,0,16,64
02/07/2015,SUX,IA,ACE,CE,Combined TRACON& Tower with Radar,0,3,13,2,18,0,2,26,1,29,0,5,39,3,47,34,0,34,81
02/08/2015,SUX,IA,ACE,CE,Combined TRACON& Tower with Radar,0,4,3,11,18,0,3,12,0,15,0,7,15,11,33,24,6,30,63
02/09/2015,SUX,IA,ACE,CE,Combined TRACON& Tower with Radar,2,5,16,1,24,0,0,0,0,0,2,5,16,1,24,0,0,0,24
02/10/2015,SUX,IA,ACE,CE,Combined TRACON& Tower with Radar,0,5,18,6,29,0,0,1,0,1,0,5,19,6,30,0,0,0,30
02/11/2015,SUX,IA,ACE,CE,Combined TRACON& Tower with Radar,0,8,14,39,61,0,0,0,0,0,0,8,14,39,61,0,0,0,61
02/12/2015,SUX,IA,ACE,CE,Combined TRACON& Tower with Radar,0,4,16,6,26,0,0,2,0,2,0,4,18,6,28,8,0,8,36
02/13/2015,SUX,IA,ACE,CE,Combined TRACON& Tower with Radar,0,4,25,1,30,0,0,10,0,10,0,4,35,1,40,0,0,0,40
02/14/2015,SUX,IA,ACE,CE,Combined TRACON& Tower with Radar,0,5,20,1,26,0,0,5,0,5,0,5,25,1,31,0,0,0,31
02/15/2015,SUX,IA,ACE,CE,Combined TRACON& Tower with Radar,0,2,12,1,15,0,2,5,0,7,0,4,17,1,22,0,0,0,22
02/16/2015,SUX,IA,ACE,CE,Combined TRACON& Tower with Radar,0,6,15,0,21,0,5,0,0,5,0,11,15,0,26,0,0,0,26
02/17/2015,SUX,IA,ACE,CE,Combined TRACON& Tower with Radar,0,7,17,0,24,0,7,1,0,8,0,14,18,0,32,0,0,0,32
02/18/2015,SUX,IA,ACE,CE,Combined TRACON& Tower with Radar,0,8,22,7,37,0,2,4,0,6,0,10,26,7,43,0,0,0,43
02/19/2015,SUX,IA,ACE,CE,Combined TRACON& Tower with Radar,0,4,23,14,41,0,2,6,0,8,0,6,29,14,49,6,12,18,67
02/20/2015,SUX,IA,ACE,CE,Combined TRACON& Tower with Radar,0,6,17,9,32,0,2,8,0,10,0,8,25,9,42,30,0,30,72
02/21/2015,SUX,IA,ACE,CE,Combined TRACON& Tower with Radar,0,2,2,0,4,0,0,4,0,4,0,2,6,0,8,0,0,0,8
02/22/2015,SUX,IA,ACE,CE,Combined TRACON& Tower with Radar,0,4,4,0,8,0,2,5,0,7,0,6,9,0,15,10,0,10,25
02/23/2015,SUX,IA,ACE,CE,Combined TRACON& Tower with Radar,0,4,13,0,17,0,3,2,0,5,0,7,15,0,22,0,0,0,22
02/24/2015,SUX,IA,ACE,CE,Combined TRACON& Tower with Radar,0,4,23,28,55,0,0,7,0,7,0,4,30,28,62,0,0,0,62
02/25/2015,SUX,IA,ACE,CE,Combined TRACON& Tower with Radar,0,3,17,2,22,0,2,1,0,3,0,5,18,2,25,0,0,0,25
02/26/2015,SUX,IA,ACE,CE,Combined TRACON& Tower with Radar,0,4,21,12,37,0,2,1,2,5,0,6,22,14,42,0,6,6,48
02/27/2015,SUX,IA,ACE,CE,Combined TRACON& Tower with Radar,0,5,18,7,30,0,0,13,2,15,0,5,31,9,45,8,10,18,63
02/28/2015,SUX,IA,ACE,CE,Combined TRACON& Tower with Radar,0,2,7,0,9,0,4,1,0,5,0,6,8,0,14,0,0,0,14
03/01/2015,SUX,IA,ACE,CE,Combined TRACON& Tower with Radar,0,4,15,0,19,0,0,9,0,9,0,4,24,0,28,0,0,0,28
03/02/2015,SUX,IA,ACE,CE,Combined TRACON& Tower with Radar,0,4,12,0,16,0,0,6,0,6,0,4,18,0,22,0,0,0,22
03/03/2015,SUX,IA,ACE,CE,Combined TRACON& Tower with Radar,0,6,19,5,30,0,1,0,0,1,0,7,19,5,31,0,16,16,47
03/04/2015,SUX,IA,ACE,CE,Combined TRACON& Tower with Radar,0,15,10,2,27,0,1,7,0,8,0,16,17,2,35,4,0,4,39
03/05/2015,SUX,IA,ACE,CE,Combined TRACON& Tower with Radar,0,4,24,13,41,0,0,11,0,11,0,4,35,13,52,0,10,10,62
03/06/2015,SUX,IA,ACE,CE,Combined TRACON& Tower with Radar,0,6,8,5,19,0,0,19,0,19,0,6,27,5,38,24,0,24,62
03/07/2015,SUX,IA,ACE,CE,Combined TRACON& Tower with Radar,0,4,15,4,23,0,1,24,1,26,0,5,39,5,49,18,2,20,69
03/08/2015,SUX,IA,ACE,CE,Combined TRACON& Tower with Radar,1,9,19,2,31,0,3,8,0,11,1,12,27,2,42,4,0,4,46
03/09/2015,SUX,IA,ACE,CE,Combined TRACON& Tower with Radar,0,9,30,1,40,0,2,12,0,14,0,11,42,1,54,0,0,0,54
03/10/2015,SUX,IA,ACE,CE,Combined TRACON& Tower with Radar,0,5,21,11,37,0,2,26,0,28,0,7,47,11,65,32,0,32,97
03/11/2015,SUX,IA,ACE,CE,Combined TRACON& Tower with Radar,0,7,18,2,27,0,6,20,0,26,0,13,38,2,53,16,2,18,71
03/12/2015,SUX,IA,ACE,CE,Combined TRACON& Tower with Radar,0,9,34,2,45,0,0,7,0,7,0,9,41,2,52,0,0,0,52
03/13/2015,SUX,IA,ACE,CE,Combined TRACON& Tower with Radar,0,4,16,1,21,0,0,19,2,21,0,4,35,3,42,8,0,8,50
03/14/2015,SUX,IA,ACE,CE,Combined TRACON& Tower with Radar,2,3,9,18,32,0,4,15,0,19,2,7,24,18,51,0,30,30,81
03/15/2015,SUX,IA,ACE,CE,Combined TRACON& Tower with Radar,0,4,13,3,20,0,0,4,0,4,0,4,17,3,24,0,0,0,24
03/16/2015,SUX,IA,ACE,CE,Combined TRACON& Tower with Radar,0,4,9,0,13,0,2,11,0,13,0,6,20,0,26,0,0,0,26
03/17/2015,SUX,IA,ACE,CE,Combined TRACON& Tower with Radar,0,4,26,7,37,0,3,10,0,13,0,7,36,7,50,14,4,18,68
03/18/2015,SUX,IA,ACE,CE,Combined TRACON& Tower with Radar,0,4,25,1,30,0,5,20,0,25,0,9,45,1,55,20,4,24,79
03/19/2015,SUX,IA,ACE,CE,Combined TRACON& Tower with Radar,2,4,23,4,33,0,2,11,0,13,2,6,34,4,46,2,0,2,48
03/20/2015,SUX,IA,ACE,CE,Combined TRACON& Tower with Radar,0,4,13,1,18,0,3,24,0,27,0,7,37,1,45,18,0,18,63
03/21/2015,SUX,IA,ACE,CE,Combined TRACON& Tower with Radar,0,2,3,0,5,0,5,19,0,24,0,7,22,0,29,0,0,0,29
03/22/2015,SUX,IA,ACE,CE,Combined TRACON& Tower with Radar,0,4,13,3,20,0,2,21,0,23,0,6,34,3,43,10,0,10,53
03/23/2015,SUX,IA,ACE,CE,Combined TRACON& Tower with Radar,0,8,16,10,34,0,0,6,0,6,0,8,22,10,40,0,0,0,40
03/24/2015,SUX,IA,ACE,CE,Combined TRACON& Tower with Radar,0,6,17,12,35,0,0,0,0,0,0,6,17,12,35,0,0,0,35
03/25/2015,SUX,IA,ACE,CE,Combined TRACON& Tower with Radar,0,4,14,4,22,0,3,5,0,8,0,7,19,4,30,0,6,6,36
03/26/2015,SUX,IA,ACE,CE,Combined TRACON& Tower with Radar,0,6,32,4,42,0,4,5,0,9,0,10,37,4,51,0,0,0,51
03/27/2015,SUX,IA,ACE,CE,Combined TRACON& Tower with Radar,0,9,17,12,38,0,0,4,0,4,0,9,21,12,42,0,6,6,48
03/28/2015,SUX,IA,ACE,CE,Combined TRACON& Tower with Radar,0,3,11,0,14,0,0,17,0,17,0,3,28,0,31,10,0,10,41
03/29/2015,SUX,IA,ACE,CE,Combined TRACON& Tower with Radar,0,3,4,1,8,0,6,1,0,7,0,9,5,1,15,0,0,0,15
03/30/2015,SUX,IA,ACE,CE,Combined TRACON& Tower with Radar,0,3,10,4,17,0,0,8,0,8,0,3,18,4,25,0,12,12,37
03/31/2015,SUX,IA,ACE,CE,Combined TRACON& Tower with Radar,0,10,24,4,38,0,2,15,0,17,0,12,39,4,55,0,0,0,55
04/01/2015,SUX,IA,ACE,CE,Combined TRACON& Tower with Radar,0,7,16,3,26,0,0,2,0,2,0,7,18,3,28,0,0,0,28
04/02/2015,SUX,IA,ACE,CE,Combined TRACON& Tower with Radar,0,3,11,32,46,0,2,10,0,12,0,5,21,32,58,10,10,20,78
04/03/2015,SUX,IA,ACE,CE,Combined TRACON& Tower with Radar,0,5,24,10,39,0,2,12,0,14,0,7,36,10,53,0,2,2,55
04/04/2015,SUX,IA,ACE,CE,Combined TRACON& Tower with Radar,0,2,6,1,9,0,2,18,0,20,0,4,24,1,29,10,0,10,39
04/05/2015,SUX,IA,ACE,CE,Combined TRACON& Tower with Radar,0,5,2,1,8,0,6,15,0,21,0,11,17,1,29,6,0,6,35
04/06/2015,SUX,IA,ACE,CE,Combined TRACON& Tower with Radar,0,8,21,0,29,0,0,1,0,1,0,8,22,0,30,0,0,0,30
04/07/2015,SUX,IA,ACE,CE,Combined TRACON& Tower with Radar,0,5,30,3,38,0,0,0,0,0,0,5,30,3,38,0,0,0,38
04/08/2015,SUX,IA,ACE,CE,Combined TRACON& Tower with Radar,0,5,20,18,43,0,0,0,0,0,0,5,20,18,43,0,0,0,43
04/09/2015,SUX,IA,ACE,CE,Combined TRACON& Tower with Radar,0,0,7,2,9,0,0,0,0,0,0,0,7,2,9,0,0,0,9
04/10/2015,SUX,IA,ACE,CE,Combined TRACON& Tower with Radar,0,2,15,12,29,0,0,19,3,22,0,2,34,15,51,8,6,14,65
04/11/2015,SUX,IA,ACE,CE,Combined TRACON& Tower with Radar,0,2,12,6,20,0,1,16,0,17,0,3,28,6,37,0,0,0,37
04/12/2015,SUX,IA,ACE,CE,Combined TRACON& Tower with Radar,0,4,11,2,17,0,2,6,1,9,0,6,17,3,26,0,0,0,26
04/13/2015,SUX,IA,ACE,CE,Combined TRACON& Tower with Radar,0,3,18,0,21,0,0,10,0,10,0,3,28,0,31,12,0,12,43
04/14/2015,SUX,IA,ACE,CE,Combined TRACON& Tower with Radar,0,9,18,31,58,0,0,9,0,9,0,9,27,31,67,6,0,6,73
04/15/2015,SUX,IA,ACE,CE,Combined TRACON& Tower with Radar,0,6,20,12,38,0,7,7,0,14,0,13,27,12,52,0,0,0,52
04/16/2015,SUX,IA,ACE,CE,Combined TRACON& Tower with Radar,0,6,15,17,38,0,2,7,0,9,0,8,22,17,47,4,0,4,51
04/17/2015,SUX,IA,ACE,CE,Combined TRACON& Tower with Radar,0,4,19,13,36,0,5,7,0,12,0,9,26,13,48,4,0,4,52
04/18/2015,SUX,IA,ACE,CE,Combined TRACON& Tower with Radar,0,2,2,0,4,0,0,0,0,0,0,2,2,0,4,0,0,0,4
04/19/2015,SUX,IA,ACE,CE,Combined TRACON& Tower with Radar,0,3,7,0,10,0,0,0,0,0,0,3,7,0,10,0,0,0,10
04/20/2015,SUX,IA,ACE,CE,Combined TRACON& Tower with Radar,0,6,14,10,30,0,0,8,0,8,0,6,22,10,38,20,0,20,58
04/21/2015,SUX,IA,ACE,CE,Combined TRACON& Tower with Radar,0,9,15,6,30,0,8,7,0,15,0,17,22,6,45,46,0,46,91
04/22/2015,SUX,IA,ACE,CE,Combined TRACON& Tower with Radar,0,5,37,11,53,0,0,20,0,20,0,5,57,11,73,18,4,22,95
04/23/2015,SUX,IA,ACE,CE,Combined TRACON& Tower with Radar,0,6,18,8,32,0,2,11,0,13,0,8,29,8,45,0,0,0,45
04/24/2015,SUX,IA,ACE,CE,Combined TRACON& Tower with Radar,0,3,21,0,24,0,7,3,0,10,0,10,24,0,34,0,0,0,34
04/25/2015,SUX,IA,ACE,CE,Combined TRACON& Tower with Radar,0,2,6,0,8,0,0,1,0,1,0,2,7,0,9,0,0,0,9
04/26/2015,SUX,IA,ACE,CE,Combined TRACON& Tower with Radar,0,4,13,0,17,0,3,18,0,21,0,7,31,0,38,0,0,0,38
04/27/2015,SUX,IA,ACE,CE,Combined TRACON& Tower with Radar,0,4,23,2,29,0,2,13,0,15,0,6,36,2,44,0,0,0,44
04/28/2015,SUX,IA,ACE,CE,Combined TRACON& Tower with Radar,0,4,17,26,47,0,3,15,1,19,0,7,32,27,66,10,4,14,80
04/29/2015,SUX,IA,ACE,CE,Combined TRACON& Tower with Radar,0,6,13,6,25,0,5,9,1,15,0,11,22,7,40,2,0,2,42
04/30/2015,SUX,IA,ACE,CE,Combined TRACON& Tower with Radar,0,4,17,10,31,0,1,14,0,15,0,5,31,10,46,2,2,4,50
05/01/2015,SUX,IA,ACE,CE,Combined TRACON& Tower with Radar,0,3,13,14,30,0,2,2,0,4,0,5,15,14,34,0,10,10,44
05/02/2015,SUX,IA,ACE,CE,Combined TRACON& Tower with Radar,0,1,7,3,11,0,4,6,0,10,0,5,13,3,21,4,0,4,25
05/03/2015,SUX,IA,ACE,CE,Combined TRACON& Tower with Radar,0,3,15,0,18,0,4,7,0,11,0,7,22,0,29,6,0,6,35
05/04/2015,SUX,IA,ACE,CE,Combined TRACON& Tower with Radar,0,4,16,2,22,0,4,1,0,5,0,8,17,2,27,0,0,0,27
05/05/2015,SUX,IA,ACE,CE,Combined TRACON& Tower with Radar,0,6,20,8,34,0,3,0,1,4,0,9,20,9,38,0,0,0,38
05/06/2015,SUX,IA,ACE,CE,Combined TRACON& Tower with Radar,0,6,8,10,24,0,0,1,0,1,0,6,9,10,25,0,0,0,25
05/07/2015,SUX,IA,ACE,CE,Combined TRACON& Tower with Radar,0,6,12,10,28,0,2,3,0,5,0,8,15,10,33,2,0,2,35
05/08/2015,SUX,IA,ACE,CE,Combined TRACON& Tower with Radar,0,5,36,10,51,0,0,20,0,20,0,5,56,10,71,56,8,64,135
05/09/2015,SUX,IA,ACE,CE,Combined TRACON& Tower with Radar,0,3,4,1,8,0,2,18,0,20,0,5,22,1,28,12,0,12,40
05/10/2015,SUX,IA,ACE,CE,Combined TRACON& Tower with Radar,0,5,4,1,10,0,0,0,0,0,0,5,4,1,10,0,0,0,10
05/11/2015,SUX,IA,ACE,CE,Combined TRACON& Tower with Radar,0,5,16,2,23,0,4,0,0,4,0,9,16,2,27,0,0,0,27
05/12/2015,SUX,IA,ACE,CE,Combined TRACON& Tower with Radar,0,4,20,21,45,0,4,33,2,39,0,8,53,23,84,30,4,34,118
05/13/2015,SUX,IA,ACE,CE,Combined TRACON& Tower with Radar,0,8,20,9,37,0,3,7,0,10,0,11,27,9,47,0,4,4,51
05/14/2015,SUX,IA,ACE,CE,Combined TRACON& Tower with Radar,0,5,25,3,33,0,3,1,0,4,0,8,26,3,37,0,0,0,37
05/15/2015,SUX,IA,ACE,CE,Combined TRACON& Tower with Radar,0,6,10,8,24,0,3,3,0,6,0,9,13,8,30,0,0,0,30
05/16/2015,SUX,IA,ACE,CE,Combined TRACON& Tower with Radar,0,6,6,0,12,0,4,5,0,9,0,10,11,0,21,14,0,14,35
05/17/2015,SUX,IA,ACE,CE,Combined TRACON& Tower with Radar,0,8,9,0,17,0,2,5,0,7,0,10,14,0,24,4,0,4,28
05/18/2015,SUX,IA,ACE,CE,Combined TRACON& Tower with Radar,0,6,29,30,65,0,6,7,0,13,0,12,36,30,78,0,0,0,78
05/19/2015,SUX,IA,ACE,CE,Combined TRACON& Tower with Radar,0,6,22,31,59,0,6,5,0,11,0,12,27,31,70,1,8,9,79
05/20/2015,SUX,IA,ACE,CE,Combined TRACON& Tower with Radar,0,5,30,20,55,0,1,3,1,5,0,6,33,21,60,12,0,12,72
05/21/2015,SUX,IA,ACE,CE,Combined TRACON& Tower with Radar,0,4,19,8,31,0,4,15,0,19,0,8,34,8,50,2,2,4,54
05/22/2015,SUX,IA,ACE,CE,Combined TRACON& Tower with Radar,0,4,24,11,39,0,1,17,0,18,0,5,41,11,57,8,0,8,65
05/23/2015,SUX,IA,ACE,CE,Combined TRACON& Tower with Radar,0,4,7,0,11,0,2,5,0,7,0,6,12,0,18,0,0,0,18
05/24/2015,SUX,IA,ACE,CE,Combined TRACON& Tower with Radar,0,4,14,0,18,0,0,0,0,0,0,4,14,0,18,0,0,0,18
05/25/2015,SUX,IA,ACE,CE,Combined TRACON& Tower with Radar,0,4,10,0,14,0,2,4,0,6,0,6,14,0,20,14,0,14,34
05/26/2015,SUX,IA,ACE,CE,Combined TRACON& Tower with Radar,0,4,15,2,21,0,2,4,0,6,0,6,19,2,27,20,2,22,49
05/27/2015,SUX,IA,ACE,CE,Combined TRACON& Tower with Radar,0,6,15,12,33,0,2,14,0,16,0,8,29,12,49,0,0,0,49
05/28/2015,SUX,IA,ACE,CE,Combined TRACON& Tower with Radar,0,7,35,19,61,0,6,7,1,14,0,13,42,20,75,1,24,25,100
05/29/2015,SUX,IA,ACE,CE,Combined TRACON& Tower with Radar,0,6,27,8,41,0,0,2,0,2,0,6,29,8,43,1,4,5,48
05/30/2015,SUX,IA,ACE,CE,Combined TRACON& Tower with Radar,0,2,6,0,8,0,4,13,0,17,0,6,19,0,25,2,0,2,27
05/31/2015,SUX,IA,ACE,CE,Combined TRACON& Tower with Radar,0,4,12,1,17,0,2,10,0,12,0,6,22,1,29,19,0,19,48
06/01/2015,SUX,IA,ACE,CE,Combined TRACON& Tower with Radar,0,9,13,2,24,0,7,13,1,21,0,16,26,3,45,12,0,12,57
06/02/2015,SUX,IA,ACE,CE,Combined TRACON& Tower with Radar,0,4,21,11,36,0,4,16,1,21,0,8,37,12,57,8,8,16,73
06/03/2015,SUX,IA,ACE,CE,Combined TRACON& Tower with Radar,0,4,18,24,46,0,0,10,0,10,0,4,28,24,56,0,2,2,58
06/04/2015,SUX,IA,ACE,CE,Combined TRACON& Tower with Radar,2,5,23,20,50,0,0,9,0,9,2,5,32,20,59,6,10,16,75
06/05/2015,SUX,IA,ACE,CE,Combined TRACON& Tower with Radar,0,6,20,32,58,0,4,9,7,20,0,10,29,39,78,4,10,14,92
06/06/2015,SUX,IA,ACE,CE,Combined TRACON& Tower with Radar,0,2,13,9,24,0,5,1,0,6,0,7,14,9,30,0,0,0,30
06/07/2015,SUX,IA,ACE,CE,Combined TRACON& Tower with Radar,0,3,12,11,26,0,3,11,0,14,0,6,23,11,40,6,0,6,46
06/08/2015,SUX,IA,ACE,CE,Combined TRACON& Tower with Radar,0,4,9,1,14,0,1,8,0,9,0,5,17,1,23,22,0,22,45
06/09/2015,SUX,IA,ACE,CE,Combined TRACON& Tower with Radar,0,5,26,5,36,0,2,14,0,16,0,7,40,5,52,0,2,2,54
06/10/2015,SUX,IA,ACE,CE,Combined TRACON& Tower with Radar,0,9,22,5,36,0,2,7,0,9,0,11,29,5,45,6,0,6,51
06/11/2015,SUX,IA,ACE,CE,Combined TRACON& Tower with Radar,0,7,15,3,25,0,0,0,0,0,0,7,15,3,25,0,0,0,25
06/12/2015,SUX,IA,ACE,CE,Combined TRACON& Tower with Radar,0,3,29,2,34,0,4,3,0,7,0,7,32,2,41,0,0,0,41
06/13/2015,SUX,IA,ACE,CE,Combined TRACON& Tower with Radar,0,1,4,0,5,0,2,5,5,12,0,3,9,5,17,0,0,0,17
06/14/2015,SUX,IA,ACE,CE,Combined TRACON& Tower with Radar,2,10,14,0,26,0,4,18,0,22,2,14,32,0,48,8,0,8,56
06/15/2015,SUX,IA,ACE,CE,Combined TRACON& Tower with Radar,0,3,19,0,22,0,7,0,0,7,0,10,19,0,29,0,0,0,29
06/16/2015,SUX,IA,ACE,CE,Combined TRACON& Tower with Radar,0,5,26,15,46,0,0,9,0,9,0,5,35,15,55,0,0,0,55
06/17/2015,SUX,IA,ACE,CE,Combined TRACON& Tower with Radar,2,4,31,11,48,0,6,15,0,21,2,10,46,11,69,6,8,14,83
06/18/2015,SUX,IA,ACE,CE,Combined TRACON& Tower with Radar,0,3,29,26,58,0,0,10,0,10,0,3,39,26,68,1,8,9,77
06/19/2015,SUX,IA,ACE,CE,Combined TRACON& Tower with Radar,0,5,27,10,42,0,2,8,0,10,0,7,35,10,52,0,10,10,62
06/20/2015,SUX,IA,ACE,CE,Combined TRACON& Tower with Radar,0,1,17,0,18,0,8,17,0,25,0,9,34,0,43,9,0,9,52
06/21/2015,SUX,IA,ACE,CE,Combined TRACON& Tower with Radar,0,3,8,0,11,0,1,9,0,10,0,4,17,0,21,2,0,2,23
06/22/2015,SUX,IA,ACE,CE,Combined TRACON& Tower with Radar,0,2,8,1,11,0,3,2,0,5,0,5,10,1,16,0,0,0,16
06/23/2015,SUX,IA,ACE,CE,Combined TRACON& Tower with Radar,0,4,23,11,38,0,3,23,0,26,0,7,46,11,64,20,18,38,102
06/24/2015,SUX,IA,ACE,CE,Combined TRACON& Tower with Radar,0,4,33,12,49,0,2,6,0,8,0,6,39,12,57,12,0,12,69
06/25/2015,SUX,IA,ACE,CE,Combined TRACON& Tower with Radar,0,4,27,25,56,0,0,9,0,9,0,4,36,25,65,4,20,24,89
06/26/2015,SUX,IA,ACE,CE,Combined TRACON& Tower with Radar,0,7,20,6,33,2,8,7,0,17,2,15,27,6,50,6,0,6,56
06/27/2015,SUX,IA,ACE,CE,Combined TRACON& Tower with Radar,0,2,7,2,11,0,0,9,0,9,0,2,16,2,20,6,0,6,26
06/28/2015,SUX,IA,ACE,CE,Combined TRACON& Tower with Radar,0,3,17,1,21,0,2,9,0,11,0,5,26,1,32,10,0,10,42
06/29/2015,SUX,IA,ACE,CE,Combined TRACON& Tower with Radar,0,7,26,1,34,0,3,8,0,11,0,10,34,1,45,2,0,2,47
06/30/2015,SUX,IA,ACE,CE,Combined TRACON& Tower with Radar,0,3,16,8,27,0,0,3,2,5,0,3,19,10,32,12,0,12,44
07/01/2015,SUX,IA,ACE,CE,Combined TRACON& Tower with Radar,1,4,23,0,28,0,1,4,0,5,1,5,27,0,33,0,0,0,33
07/02/2015,SUX,IA,ACE,CE,Combined TRACON& Tower with Radar,0,6,9,18,33,0,2,5,0,7,0,8,14,18,40,0,0,0,40
07/03/2015,SUX,IA,ACE,CE,Combined TRACON& Tower with Radar,0,5,4,0,9,0,0,25,0,25,0,5,29,0,34,14,0,14,48
07/04/2015,SUX,IA,ACE,CE,Combined TRACON& Tower with Radar,0,2,11,0,13,0,2,3,0,5,0,4,14,0,18,2,0,2,20
07/05/2015,SUX,IA,ACE,CE,Combined TRACON& Tower with Radar,0,3,11,0,14,0,2,7,0,9,0,5,18,0,23,14,0,14,37
07/06/2015,SUX,IA,ACE,CE,Combined TRACON& Tower with Radar,0,9,10,1,20,0,0,3,0,3,0,9,13,1,23,0,0,0,23
07/07/2015,SUX,IA,ACE,CE,Combined TRACON& Tower with Radar,0,8,15,16,39,0,7,14,0,21,0,15,29,16,60,10,0,10,70
07/08/2015,SUX,IA,ACE,CE,Combined TRACON& Tower with Radar,0,7,24,5,36,0,2,16,0,18,0,9,40,5,54,4,0,4,58
07/09/2015,SUX,IA,ACE,CE,Combined TRACON& Tower with Radar,0,5,16,6,27,0,2,14,0,16,0,7,30,6,43,28,0,28,71
07/10/2015,SUX,IA,ACE,CE,Combined TRACON& Tower with Radar,0,4,13,9,26,0,7,9,0,16,0,11,22,9,42,0,16,16,58
07/11/2015,SUX,IA,ACE,CE,Combined TRACON& Tower with Radar,0,2,13,6,21,0,6,17,0,23,0,8,30,6,44,12,0,12,56
07/12/2015,SUX,IA,ACE,CE,Combined TRACON& Tower with Radar,0,6,8,2,16,0,0,9,0,9,0,6,17,2,25,0,0,0,25
07/13/2015,SUX,IA,ACE,CE,Combined TRACON& Tower with Radar,0,7,15,2,24,0,10,8,0,18,0,17,23,2,42,2,0,2,44
07/14/2015,SUX,IA,ACE,CE,Combined TRACON& Tower with Radar,0,9,15,5,29,0,3,13,0,16,0,12,28,5,45,0,0,0,45
07/15/2015,SUX,IA,ACE,CE,Combined TRACON& Tower with Radar,0,6,22,0,28,0,2,4,0,6,0,8,26,0,34,0,0,0,34
07/16/2015,SUX,IA,ACE,CE,Combined TRACON& Tower with Radar,0,3,12,6,21,0,2,8,0,10,0,5,20,6,31,0,0,0,31
07/17/2015,SUX,IA,ACE,CE,Combined TRACON& Tower with Radar,0,3,20,0,23,0,2,16,0,18,0,5,36,0,41,0,10,10,51
07/18/2015,SUX,IA,ACE,CE,Combined TRACON& Tower with Radar,0,5,9,0,14,0,2,34,0,36,0,7,43,0,50,24,0,24,74
07/19/2015,SUX,IA,ACE,CE,Combined TRACON& Tower with Radar,0,5,13,0,18,0,1,12,0,13,0,6,25,0,31,0,0,0,31
07/20/2015,SUX,IA,ACE,CE,Combined TRACON& Tower with Radar,0,8,11,2,21,0,4,8,0,12,0,12,19,2,33,6,0,6,39
07/21/2015,SUX,IA,ACE,CE,Combined TRACON& Tower with Radar,0,8,15,9,32,0,8,13,0,21,0,16,28,9,53,14,2,16,69
07/22/2015,SUX,IA,ACE,CE,Combined TRACON& Tower with Radar,0,6,25,4,35,0,9,16,0,25,0,15,41,4,60,2,0,2,62
07/23/2015,SUX,IA,ACE,CE,Combined TRACON& Tower with Radar,0,6,22,2,30,0,0,22,0,22,0,6,44,2,52,0,0,0,52
07/24/2015,SUX,IA,ACE,CE,Combined TRACON& Tower with Radar,0,3,17,2,22,0,4,18,0,22,0,7,35,2,44,59,0,59,103
07/25/2015,SUX,IA,ACE,CE,Combined TRACON& Tower with Radar,2,1,12,0,15,0,7,27,2,36,2,8,39,2,51,22,0,22,73
07/26/2015,SUX,IA,ACE,CE,Combined TRACON& Tower with Radar,0,4,13,0,17,0,4,13,0,17,0,8,26,0,34,0,0,0,34
07/27/2015,SUX,IA,ACE,CE,Combined TRACON& Tower with Radar,0,4,20,1,25,0,0,8,0,8,0,4,28,1,33,12,0,12,45
07/28/2015,SUX,IA,ACE,CE,Combined TRACON& Tower with Radar,0,6,23,19,48,0,2,1,0,3,0,8,24,19,51,2,4,6,57
07/29/2015,SUX,IA,ACE,CE,Combined TRACON& Tower with Radar,0,4,31,14,49,0,0,27,0,27,0,4,58,14,76,18,6,24,100
07/30/2015,SUX,IA,ACE,CE,Combined TRACON& Tower with Radar,0,6,12,3,21,0,4,15,0,19,0,10,27,3,40,0,0,0,40
07/31/2015,SUX,IA,ACE,CE,Combined TRACON& Tower with Radar,0,10,18,4,32,0,4,30,0,34,0,14,48,4,66,0,4,4,70
08/01/2015,SUX,IA,ACE,CE,Combined TRACON& Tower with Radar,0,2,6,1,9,0,4,4,0,8,0,6,10,1,17,0,0,0,17
08/02/2015,SUX,IA,ACE,CE,Combined TRACON& Tower with Radar,0,4,10,1,15,0,2,7,0,9,0,6,17,1,24,0,0,0,24
08/03/2015,SUX,IA,ACE,CE,Combined TRACON& Tower with Radar,0,6,18,3,27,0,2,26,0,28,0,8,44,3,55,4,0,4,59
08/04/2015,SUX,IA,ACE,CE,Combined TRACON& Tower with Radar,0,4,25,23,52,0,4,7,0,11,0,8,32,23,63,8,22,30,93
08/05/2015,SUX,IA,ACE,CE,Combined TRACON& Tower with Radar,0,6,18,4,28,0,3,3,0,6,0,9,21,4,34,2,0,2,36
08/06/2015,SUX,IA,ACE,CE,Combined TRACON& Tower with Radar,0,4,24,0,28,0,4,2,0,6,0,8,26,0,34,6,0,6,40
08/07/2015,SUX,IA,ACE,CE,Combined TRACON& Tower with Radar,0,5,13,19,37,0,2,7,0,9,0,7,20,19,46,8,0,8,54
08/08/2015,SUX,IA,ACE,CE,Combined TRACON& Tower with Radar,0,4,13,2,19,0,3,15,0,18,0,7,28,2,37,4,0,4,41
08/09/2015,SUX,IA,ACE,CE,Combined TRACON& Tower with Radar,0,5,10,1,16,0,0,7,0,7,0,5,17,1,23,8,0,8,31
08/10/2015,SUX,IA,ACE,CE,Combined TRACON& Tower with Radar,3,8,17,6,34,0,0,2,0,2,3,8,19,6,36,0,0,0,36
08/11/2015,SUX,IA,ACE,CE,Combined TRACON& Tower with Radar,2,4,28,12,46,0,4,7,2,13,2,8,35,14,59,0,21,21,80
08/12/2015,SUX,IA,ACE,CE,Combined TRACON& Tower with Radar,0,5,36,9,50,0,5,23,0,28,0,10,59,9,78,0,0,0,78
08/13/2015,SUX,IA,ACE,CE,Combined TRACON& Tower with Radar,0,7,24,2,33,0,2,9,0,11,0,9,33,2,44,10,0,10,54
08/14/2015,SUX,IA,ACE,CE,Combined TRACON& Tower with Radar,4,8,9,15,36,0,2,11,0,13,4,10,20,15,49,16,12,28,77
08/15/2015,SUX,IA,ACE,CE,Combined TRACON& Tower with Radar,0,1,7,0,8,0,4,21,0,25,0,5,28,0,33,30,0,30,63
08/16/2015,SUX,IA,ACE,CE,Combined TRACON& Tower with Radar,2,6,13,2,23,0,2,9,0,11,2,8,22,2,34,1,0,1,35
08/17/2015,SUX,IA,ACE,CE,Combined TRACON& Tower with Radar,0,5,14,7,26,0,0,0,0,0,0,5,14,7,26,0,0,0,26
08/18/2015,SUX,IA,ACE,CE,Combined TRACON& Tower with Radar,0,3,17,9,29,0,2,0,0,2,0,5,17,9,31,0,14,14,45
08/19/2015,SUX,IA,ACE,CE,Combined TRACON& Tower with Radar,0,4,21,13,38,0,3,9,0,12,0,7,30,13,50,0,4,4,54
08/20/2015,SUX,IA,ACE,CE,Combined TRACON& Tower with Radar,2,3,22,5,32,0,4,16,0,20,2,7,38,5,52,0,0,0,52
08/21/2015,SUX,IA,ACE,CE,Combined TRACON& Tower with Radar,0,4,14,3,21,0,8,7,0,15,0,12,21,3,36,0,0,0,36
08/22/2015,SUX,IA,ACE,CE,Combined TRACON& Tower with Radar,0,1,2,2,5,0,2,3,0,5,0,3,5,2,10,0,0,0,10
08/23/2015,SUX,IA,ACE,CE,Combined TRACON& Tower with Radar,2,8,13,0,23,0,3,9,0,12,2,11,22,0,35,4,0,4,39
08/24/2015,SUX,IA,ACE,CE,Combined TRACON& Tower with Radar,0,6,11,19,36,0,4,14,0,18,0,10,25,19,54,1,28,29,83
08/25/2015,SUX,IA,ACE,CE,Combined TRACON& Tower with Radar,0,8,16,12,36,0,6,10,0,16,0,14,26,12,52,34,16,50,102
08/26/2015,SUX,IA,ACE,CE,Combined TRACON& Tower with Radar,0,5,23,8,36,0,3,19,0,22,0,8,42,8,58,12,18,30,88
08/27/2015,SUX,IA,ACE,CE,Combined TRACON& Tower with Radar,0,5,14,5,24,0,1,4,0,5,0,6,18,5,29,2,0,2,31
08/28/2015,SUX,IA,ACE,CE,Combined TRACON& Tower with Radar,0,3,13,3,19,0,1,2,0,3,0,4,15,3,22,0,0,0,22
08/29/2015,SUX,IA,ACE,CE,Combined TRACON& Tower with Radar,0,4,20,8,32,0,0,10,0,10,0,4,30,8,42,7,0,7,49
08/30/2015,SUX,IA,ACE,CE,Combined TRACON& Tower with Radar,0,4,20,0,24,0,0,12,0,12,0,4,32,0,36,2,0,2,38
08/31/2015,SUX,IA,ACE,CE,Combined TRACON& Tower with Radar,0,3,20,1,24,0,1,6,0,7,0,4,26,1,31,2,0,2,33
09/01/2015,SUX,IA,ACE,CE,Combined TRACON& Tower with Radar,0,4,25,21,50,2,2,7,0,11,2,6,32,21,61,18,8,26,87
09/02/2015,SUX,IA,ACE,CE,Combined TRACON& Tower with Radar,0,4,32,10,46,0,4,24,0,28,0,8,56,10,74,6,2,8,82
09/03/2015,SUX,IA,ACE,CE,Combined TRACON& Tower with Radar,0,4,23,32,59,0,4,27,8,39,0,8,50,40,98,6,2,8,106
09/04/2015,SUX,IA,ACE,CE,Combined TRACON& Tower with Radar,0,6,19,0,25,0,2,4,0,6,0,8,23,0,31,0,0,0,31
09/05/2015,SUX,IA,ACE,CE,Combined TRACON& Tower with Radar,0,2,15,0,17,0,3,13,0,16,0,5,28,0,33,12,0,12,45
09/06/2015,SUX,IA,ACE,CE,Combined TRACON& Tower with Radar,0,9,5,0,14,0,2,1,0,3,0,11,6,0,17,20,0,20,37
09/07/2015,SUX,IA,ACE,CE,Combined TRACON& Tower with Radar,0,6,11,0,17,0,1,4,0,5,0,7,15,0,22,0,0,0,22
09/08/2015,SUX,IA,ACE,CE,Combined TRACON& Tower with Radar,0,7,22,4,33,0,1,4,0,5,0,8,26,4,38,0,0,0,38
09/09/2015,SUX,IA,ACE,CE,Combined TRACON& Tower with Radar,0,7,28,5,40,0,0,6,0,6,0,7,34,5,46,0,0,0,46
09/10/2015,SUX,IA,ACE,CE,Combined TRACON& Tower with Radar,0,6,27,8,41,0,0,5,0,5,0,6,32,8,46,0,2,2,48
09/11/2015,SUX,IA,ACE,CE,Combined TRACON& Tower with Radar,0,5,21,26,52,0,2,14,0,16,0,7,35,26,68,10,16,26,94
09/12/2015,SUX,IA,ACE,CE,Combined TRACON& Tower with Radar,0,6,17,10,33,0,2,11,4,17,0,8,28,14,50,8,16,24,74
09/13/2015,SUX,IA,ACE,CE,Combined TRACON& Tower with Radar,0,5,9,8,22,0,4,17,0,21,0,9,26,8,43,4,4,8,51
09/14/2015,SUX,IA,ACE,CE,Combined TRACON& Tower with Radar,0,13,14,0,27,0,0,6,0,6,0,13,20,0,33,0,0,0,33
09/15/2015,SUX,IA,ACE,CE,Combined TRACON& Tower with Radar,0,4,18,3,25,0,4,7,0,11,0,8,25,3,36,0,0,0,36
09/16/2015,SUX,IA,ACE,CE,Combined TRACON& Tower with Radar,0,6,25,12,43,0,5,8,0,13,0,11,33,12,56,0,2,2,58
09/17/2015,SUX,IA,ACE,CE,Combined TRACON& Tower with Radar,0,5,23,20,48,0,10,5,0,15,0,15,28,20,63,0,4,4,67
09/18/2015,SUX,IA,ACE,CE,Combined TRACON& Tower with Radar,0,3,15,24,42,0,0,7,7,14,0,3,22,31,56,0,10,10,66
09/19/2015,SUX,IA,ACE,CE,Combined TRACON& Tower with Radar,0,3,9,0,12,0,4,6,0,10,0,7,15,0,22,6,0,6,28
09/20/2015,SUX,IA,ACE,CE,Combined TRACON& Tower with Radar,0,7,7,0,14,0,6,14,0,20,0,13,21,0,34,0,0,0,34
09/21/2015,SUX,IA,ACE,CE,Combined TRACON& Tower with Radar,0,6,13,0,19,0,0,2,0,2,0,6,15,0,21,0,0,0,21
09/22/2015,SUX,IA,ACE,CE,Combined TRACON& Tower with Radar,0,6,29,20,55,0,4,2,0,6,0,10,31,20,61,0,0,0,61
09/23/2015,SUX,IA,ACE,CE,Combined TRACON& Tower with Radar,0,4,21,7,32,0,2,1,0,3,0,6,22,7,35,5,5,10,45
09/24/2015,SUX,IA,ACE,CE,Combined TRACON& Tower with Radar,0,4,8,5,17,0,0,2,0,2,0,4,10,5,19,0,0,0,19
09/25/2015,SUX,IA,ACE,CE,Combined TRACON& Tower with Radar,0,3,22,13,38,0,2,15,0,17,0,5,37,13,55,0,4,4,59
09/26/2015,SUX,IA,ACE,CE,Combined TRACON& Tower with Radar,0,2,5,0,7,0,1,23,0,24,0,3,28,0,31,4,0,4,35
09/27/2015,SUX,IA,ACE,CE,Combined TRACON& Tower with Radar,0,6,13,0,19,0,2,15,0,17,0,8,28,0,36,16,0,16,52
09/28/2015,SUX,IA,ACE,CE,Combined TRACON& Tower with Radar,0,5,9,1,15,0,4,10,0,14,0,9,19,1,29,0,0,0,29
09/29/2015,SUX,IA,ACE,CE,Combined TRACON& Tower with Radar,0,11,34,2,47,0,2,7,0,9,0,13,41,2,56,0,0,0,56
09/30/2015,SUX,IA,ACE,CE,Combined TRACON& Tower with Radar,0,4,13,1,18,0,2,12,0,14,0,6,25,1,32,0,0,0,32
10/01/2015,SUX,IA,ACE,CE,Combined TRACON& Tower with Radar,0,6,28,2,36,0,3,14,0,17,0,9,42,2,53,22,0,22,75
10/02/2015,SUX,IA,ACE,CE,Combined TRACON& Tower with Radar,0,3,14,2,19,7,1,6,0,14,7,4,20,2,33,22,0,22,55
10/03/2015,SUX,IA,ACE,CE,Combined TRACON& Tower with Radar,0,3,1,0,4,9,0,1,0,10,9,3,2,0,14,6,0,6,20
10/04/2015,SUX,IA,ACE,CE,Combined TRACON& Tower with Radar,0,4,2,1,7,0,0,5,0,5,0,4,7,1,12,24,0,24,36
10/05/2015,SUX,IA,ACE,CE,Combined TRACON& Tower with Radar,0,5,7,1,13,0,1,13,0,14,0,6,20,1,27,8,0,8,35
10/06/2015,SUX,IA,ACE,CE,Combined TRACON& Tower with Radar,0,7,24,9,40,0,0,9,0,9,0,7,33,9,49,16,0,16,65
10/07/2015,SUX,IA,ACE,CE,Combined TRACON& Tower with Radar,0,5,17,15,37,0,2,13,0,15,0,7,30,15,52,6,18,24,76
10/08/2015,SUX,IA,ACE,CE,Combined TRACON& Tower with Radar,0,5,10,12,27,0,4,5,0,9,0,9,15,12,36,0,10,10,46
10/09/2015,SUX,IA,ACE,CE,Combined TRACON& Tower with Radar,0,4,15,28,47,0,2,17,0,19,0,6,32,28,66,1,10,11,77
10/10/2015,SUX,IA,ACE,CE,Combined TRACON& Tower with Radar,0,4,3,0,7,0,3,14,0,17,0,7,17,0,24,6,0,6,30
10/11/2015,SUX,IA,ACE,CE,Combined TRACON& Tower with Radar,0,4,10,0,14,0,2,9,0,11,0,6,19,0,25,26,0,26,51
10/12/2015,SUX,IA,ACE,CE,Combined TRACON& Tower with Radar,0,3,12,0,15,1,2,2,0,5,1,5,14,0,20,0,0,0,20
10/13/2015,SUX,IA,ACE,CE,Combined TRACON& Tower with Radar,0,9,26,1,36,0,4,9,0,13,0,13,35,1,49,0,0,0,49
10/14/2015,SUX,IA,ACE,CE,Combined TRACON& Tower with Radar,0,5,26,22,53,0,4,20,0,24,0,9,46,22,77,22,11,33,110
10/15/2015,SUX,IA,ACE,CE,Combined TRACON& Tower with Radar,0,9,18,7,34,0,0,11,0,11,0,9,29,7,45,6,0,6,51
10/16/2015,SUX,IA,ACE,CE,Combined TRACON& Tower with Radar,0,8,22,15,45,0,3,16,0,19,0,11,38,15,64,81,0,81,145
10/17/2015,SUX,IA,ACE,CE,Combined TRACON& Tower with Radar,0,1,7,0,8,0,1,14,0,15,0,2,21,0,23,18,0,18,41
10/18/2015,SUX,IA,ACE,CE,Combined TRACON& Tower with Radar,0,9,3,1,13,0,6,5,0,11,0,15,8,1,24,18,0,18,42
10/19/2015,SUX,IA,ACE,CE,Combined TRACON& Tower with Radar,0,5,18,0,23,0,4,0,0,4,0,9,18,0,27,0,0,0,27
10/20/2015,SUX,IA,ACE,CE,Combined TRACON& Tower with Radar,2,5,38,25,70,0,4,18,1,23,2,9,56,26,93,24,4,28,121
10/21/2015,SUX,IA,ACE,CE,Combined TRACON& Tower with Radar,0,6,19,16,41,0,4,7,0,11,0,10,26,16,52,10,8,18,70
10/22/2015,SUX,IA,ACE,CE,Combined TRACON& Tower with Radar,0,9,27,8,44,0,4,9,0,13,0,13,36,8,57,28,0,28,85
10/23/2015,SUX,IA,ACE,CE,Combined TRACON& Tower with Radar,3,5,20,6,34,0,2,1,0,3,3,7,21,6,37,0,0,0,37
10/24/2015,SUX,IA,ACE,CE,Combined TRACON& Tower with Radar,1,3,11,1,16,0,8,8,0,16,1,11,19,1,32,64,0,64,96
10/25/2015,SUX,IA,ACE,CE,Combined TRACON& Tower with Radar,0,8,7,0,15,0,2,6,0,8,0,10,13,0,23,30,0,30,53
10/26/2015,SUX,IA,ACE,CE,Combined TRACON& Tower with Radar,0,5,18,0,23,0,0,2,0,2,0,5,20,0,25,14,0,14,39
10/27/2015,SUX,IA,ACE,CE,Combined TRACON& Tower with Radar,0,6,29,11,46,0,2,2,0,4,0,8,31,11,50,12,0,12,62
10/28/2015,SUX,IA,ACE,CE,Combined TRACON& Tower with Radar,0,3,27,12,42,0,0,2,0,2,0,3,29,12,44,8,12,20,64
10/29/2015,SUX,IA,ACE,CE,Combined TRACON& Tower with Radar,0,8,20,11,39,0,6,6,0,12,0,14,26,11,51,0,0,0,51
10/30/2015,SUX,IA,ACE,CE,Combined TRACON& Tower with Radar,0,7,11,9,27,0,2,6,0,8,0,9,17,9,35,0,8,8,43
10/31/2015,SUX,IA,ACE,CE,Combined TRACON& Tower with Radar,0,6,15,0,21,0,2,2,0,4,0,8,17,0,25,0,0,0,25
11/01/2015,SUX,IA,ACE,CE,Combined TRACON& Tower with Radar,0,5,11,0,16,0,2,11,0,13,0,7,22,0,29,0,0,0,29
11/02/2015,SUX,IA,ACE,CE,Combined TRACON& Tower with Radar,0,3,21,0,24,0,1,8,0,9,0,4,29,0,33,0,0,0,33
11/03/2015,SUX,IA,ACE,CE,Combined TRACON& Tower with Radar,0,7,24,4,35,0,3,5,0,8,0,10,29,4,43,0,0,0,43
11/04/2015,SUX,IA,ACE,CE,Combined TRACON& Tower with Radar,0,6,22,2,30,0,0,3,0,3,0,6,25,2,33,12,0,12,45
11/05/2015,SUX,IA,ACE,CE,Combined TRACON& Tower with Radar,0,4,14,21,39,0,1,0,0,1,0,5,14,21,40,0,4,4,44
11/06/2015,SUX,IA,ACE,CE,Combined TRACON& Tower with Radar,3,3,34,15,55,0,4,7,0,11,3,7,41,15,66,0,12,12,78
11/07/2015,SUX,IA,ACE,CE,Combined TRACON& Tower with Radar,1,2,7,16,26,0,3,12,0,15,1,5,19,16,41,8,0,8,49
11/08/2015,SUX,IA,ACE,CE,Combined TRACON& Tower with Radar,0,5,10,1,16,0,5,4,0,9,0,10,14,1,25,0,0,0,25
11/09/2015,SUX,IA,ACE,CE,Combined TRACON& Tower with Radar,0,2,10,1,13,0,2,5,0,7,0,4,15,1,20,14,0,14,34
11/10/2015,SUX,IA,ACE,CE,Combined TRACON& Tower with Radar,0,2,23,3,28,0,3,5,0,8,0,5,28,3,36,0,14,14,50
11/11/2015,SUX,IA,ACE,CE,Combined TRACON& Tower with Radar,0,5,14,0,19,0,0,0,0,0,0,5,14,0,19,0,0,0,19
11/12/2015,SUX,IA,ACE,CE,Combined TRACON& Tower with Radar,0,5,23,22,50,0,0,1,0,1,0,5,24,22,51,0,14,14,65
11/13/2015,SUX,IA,ACE,CE,Combined TRACON& Tower with Radar,0,3,22,18,43,0,2,16,0,18,0,5,38,18,61,6,16,22,83
11/14/2015,SUX,IA,ACE,CE,Combined TRACON& Tower with Radar,0,2,7,0,9,0,7,20,0,27,0,9,27,0,36,2,0,2,38
11/15/2015,SUX,IA,ACE,CE,Combined TRACON& Tower with Radar,0,4,10,0,14,0,2,7,0,9,0,6,17,0,23,0,0,0,23
11/16/2015,SUX,IA,ACE,CE,Combined TRACON& Tower with Radar,0,5,18,0,23,0,0,0,0,0,0,5,18,0,23,0,0,0,23
11/17/2015,SUX,IA,ACE,CE,Combined TRACON& Tower with Radar,0,2,15,2,19,0,0,0,0,0,0,2,15,2,19,0,0,0,19
11/18/2015,SUX,IA,ACE,CE,Combined TRACON& Tower with Radar,0,3,18,4,25,0,0,2,0,2,0,3,20,4,27,0,0,0,27
11/19/2015,SUX,IA,ACE,CE,Combined TRACON& Tower with Radar,0,4,17,3,24,0,0,0,0,0,0,4,17,3,24,2,0,2,26
11/20/2015,SUX,IA,ACE,CE,Combined TRACON& Tower with Radar,0,2,5,1,8,0,0,1,0,1,0,2,6,1,9,0,0,0,9
11/21/2015,SUX,IA,ACE,CE,Combined TRACON& Tower with Radar,0,4,9,1,14,0,4,8,0,12,0,8,17,1,26,0,0,0,26
11/22/2015,SUX,IA,ACE,CE,Combined TRACON& Tower with Radar,0,5,5,0,10,0,0,13,0,13,0,5,18,0,23,22,0,22,45
11/23/2015,SUX,IA,ACE,CE,Combined TRACON& Tower with Radar,0,4,12,7,23,0,2,5,0,7,0,6,17,7,30,4,0,4,34
11/24/2015,SUX,IA,ACE,CE,Combined TRACON& Tower with Radar,0,8,19,6,33,0,2,8,0,10,0,10,27,6,43,22,0,22,65
11/25/2015,SUX,IA,ACE,CE,Combined TRACON& Tower with Radar,0,5,19,8,32,0,1,0,0,1,0,6,19,8,33,0,0,0,33
11/26/2015,SUX,IA,ACE,CE,Combined TRACON& Tower with Radar,0,1,0,0,1,0,0,0,0,0,0,1,0,0,1,0,0,0,1
11/27/2015,SUX,IA,ACE,CE,Combined TRACON& Tower with Radar,0,4,6,0,10,0,0,13,0,13,0,4,19,0,23,0,0,0,23
11/28/2015,SUX,IA,ACE,CE,Combined TRACON& Tower with Radar,0,5,16,0,21,0,2,11,0,13,0,7,27,0,34,10,0,10,44
11/29/2015,SUX,IA,ACE,CE,Combined TRACON& Tower with Radar,0,5,9,0,14,0,3,7,0,10,0,8,16,0,24,0,0,0,24
11/30/2015,SUX,IA,ACE,CE,Combined TRACON& Tower with Radar,0,4,7,0,11,0,0,1,0,1,0,4,8,0,12,0,0,0,12
12/01/2015,SUX,IA,ACE,CE,Combined TRACON& Tower with Radar,0,6,15,0,21,0,0,0,0,0,0,6,15,0,21,0,0,0,21
12/02/2015,SUX,IA,ACE,CE,Combined TRACON& Tower with Radar,0,7,16,1,24,0,0,7,0,7,0,7,23,1,31,0,0,0,31
12/03/2015,SUX,IA,ACE,CE,Combined TRACON& Tower with Radar,0,6,14,7,27,0,2,5,0,7,0,8,19,7,34,6,2,8,42
12/04/2015,SUX,IA,ACE,CE,Combined TRACON& Tower with Radar,0,5,20,3,28,0,2,6,0,8,0,7,26,3,36,0,0,0,36
12/05/2015,SUX,IA,ACE,CE,Combined TRACON& Tower with Radar,1,2,5,0,8,0,2,0,0,2,1,4,5,0,10,0,0,0,10
12/06/2015,SUX,IA,ACE,CE,Combined TRACON& Tower with Radar,0,3,10,0,13,0,2,9,0,11,0,5,19,0,24,12,0,12,36
12/07/2015,SUX,IA,ACE,CE,Combined TRACON& Tower with Radar,0,3,14,2,19,0,3,5,0,8,0,6,19,2,27,0,0,0,27
12/08/2015,SUX,IA,ACE,CE,Combined TRACON& Tower with Radar,0,7,26,16,49,0,8,2,0,10,0,15,28,16,59,54,6,60,119
12/09/2015,SUX,IA,ACE,CE,Combined TRACON& Tower with Radar,0,3,19,6,28,0,3,9,0,12,0,6,28,6,40,18,4,22,62
12/10/2015,SUX,IA,ACE,CE,Combined TRACON& Tower with Radar,0,2,14,4,20,0,2,0,0,2,0,4,14,4,22,0,14,14,36
12/11/2015,SUX,IA,ACE,CE,Combined TRACON& Tower with Radar,0,3,22,5,30,0,0,13,0,13,0,3,35,5,43,18,0,18,61
12/12/2015,SUX,IA,ACE,CE,Combined TRACON& Tower with Radar,0,1,4,1,6,0,0,0,0,0,0,1,4,1,6,0,0,0,6
12/13/2015,SUX,IA,ACE,CE,Combined TRACON& Tower with Radar,0,3,7,0,10,0,0,0,0,0,0,3,7,0,10,0,0,0,10
12/14/2015,SUX,IA,ACE,CE,Combined TRACON& Tower with Radar,0,4,9,2,15,0,0,0,0,0,0,4,9,2,15,0,0,0,15
12/15/2015,SUX,IA,ACE,CE,Combined TRACON& Tower with Radar,0,5,14,7,26,0,0,0,0,0,0,5,14,7,26,0,0,0,26
12/16/2015,SUX,IA,ACE,CE,Combined TRACON& Tower with Radar,0,9,23,12,44,0,6,3,0,9,0,15,26,12,53,0,4,4,57
12/17/2015,SUX,IA,ACE,CE,Combined TRACON& Tower with Radar,0,12,37,27,76,0,0,11,0,11,0,12,48,27,87,8,28,36,123
12/18/2015,SUX,IA,ACE,CE,Combined TRACON& Tower with Radar,0,3,10,23,36,0,0,13,0,13,0,3,23,23,49,0,0,0,49
12/19/2015,SUX,IA,ACE,CE,Combined TRACON& Tower with Radar,0,7,21,0,28,0,3,12,0,15,0,10,33,0,43,6,4,10,53
12/20/2015,SUX,IA,ACE,CE,Combined TRACON& Tower with Radar,0,7,5,0,12,0,0,8,0,8,0,7,13,0,20,0,0,0,20
12/21/2015,SUX,IA,ACE,CE,Combined TRACON& Tower with Radar,0,3,22,9,34,0,0,0,0,0,0,3,22,9,34,0,0,0,34
12/22/2015,SUX,IA,ACE,CE,Combined TRACON& Tower with Radar,0,5,15,31,51,0,0,7,3,10,0,5,22,34,61,0,46,46,107
12/23/2015,SUX,IA,ACE,CE,Combined TRACON& Tower with Radar,0,3,8,13,24,0,0,0,0,0,0,3,8,13,24,0,8,8,32
12/24/2015,SUX,IA,ACE,CE,Combined TRACON& Tower with Radar,0,4,2,0,6,0,0,1,0,1,0,4,3,0,7,0,0,0,7
12/25/2015,SUX,IA,ACE,CE,Combined TRACON& Tower with Radar,0,4,0,0,4,0,0,0,0,0,0,4,0,0,4,0,0,0,4
12/26/2015,SUX,IA,ACE,CE,Combined TRACON& Tower with Radar,0,7,11,0,18,0,0,0,0,0,0,7,11,0,18,0,0,0,18
12/27/2015,SUX,IA,ACE,CE,Combined TRACON& Tower with Radar,0,11,16,0,27,0,1,11,0,12,0,12,27,0,39,12,0,12,51
12/28/2015,SUX,IA,ACE,CE,Combined TRACON& Tower with Radar,0,1,7,0,8,0,0,0,0,0,0,1,7,0,8,0,0,0,8
12/29/2015,SUX,IA,ACE,CE,Combined TRACON& Tower with Radar,0,7,7,2,16,0,0,0,0,0,0,7,7,2,16,0,0,0,16
12/30/2015,SUX,IA,ACE,CE,Combined TRACON& Tower with Radar,0,4,15,20,39,0,0,0,0,0,0,4,15,20,39,0,0,0,39
12/31/2015,SUX,IA,ACE,CE,Combined TRACON& Tower with Radar,0,7,10,0,17,0,0,8,0,8,0,7,18,0,25,2,0,2,27
01/01/2016,SUX,IA,ACE,CE,Combined TRACON& Tower with Radar,0,5,5,0,10,0,1,9,0,10,0,6,14,0,20,16,0,16,36
01/02/2016,SUX,IA,ACE,CE,Combined TRACON& Tower with Radar,0,3,10,0,13,0,0,10,0,10,0,3,20,0,23,8,0,8,31
01/03/2016,SUX,IA,ACE,CE,Combined TRACON& Tower with Radar,0,8,11,0,19,0,0,3,0,3,0,8,14,0,22,8,0,8,30
01/04/2016,SUX,IA,ACE,CE,Combined TRACON& Tower with Radar,0,6,3,0,9,0,0,0,0,0,0,6,3,0,9,0,0,0,9
01/05/2016,SUX,IA,ACE,CE,Combined TRACON& Tower with Radar,0,7,13,22,42,0,0,4,0,4,0,7,17,22,46,0,4,4,50
01/06/2016,SUX,IA,ACE,CE,Combined TRACON& Tower with Radar,0,4,10,1,15,0,0,0,0,0,0,4,10,1,15,0,0,0,15
01/07/2016,SUX,IA,ACE,CE,Combined TRACON& Tower with Radar,0,4,14,0,18,0,0,0,0,0,0,4,14,0,18,0,0,0,18
01/08/2016,SUX,IA,ACE,CE,Combined TRACON& Tower with Radar,0,5,9,0,14,0,0,0,0,0,0,5,9,0,14,0,0,0,14
01/09/2016,SUX,IA,ACE,CE,Combined TRACON& Tower with Radar,0,1,6,0,7,0,2,0,0,2,0,3,6,0,9,0,0,0,9
01/10/2016,SUX,IA,ACE,CE,Combined TRACON& Tower with Radar,0,9,6,0,15,0,0,1,0,1,0,9,7,0,16,0,0,0,16
01/11/2016,SUX,IA,ACE,CE,Combined TRACON& Tower with Radar,0,3,23,2,28,3,2,1,0,6,3,5,24,2,34,0,0,0,34
01/12/2016,SUX,IA,ACE,CE,Combined TRACON& Tower with Radar,0,5,18,28,51,0,3,4,0,7,0,8,22,28,58,12,4,16,74
01/13/2016,SUX,IA,ACE,CE,Combined TRACON& Tower with Radar,0,4,23,24,51,2,0,16,0,18,2,4,39,24,69,0,8,8,77
01/14/2016,SUX,IA,ACE,CE,Combined TRACON& Tower with Radar,0,4,30,29,63,0,2,14,0,16,0,6,44,29,79,6,0,6,85
01/15/2016,SUX,IA,ACE,CE,Combined TRACON& Tower with Radar,0,4,18,16,38,0,2,5,0,7,0,6,23,16,45,0,0,0,45
01/16/2016,SUX,IA,ACE,CE,Combined TRACON& Tower with Radar,0,4,5,1,10,0,2,2,0,4,0,6,7,1,14,0,0,0,14
01/17/2016,SUX,IA,ACE,CE,Combined TRACON& Tower with Radar,0,4,6,0,10,0,2,0,0,2,0,6,6,0,12,0,0,0,12
01/18/2016,SUX,IA,ACE,CE,Combined TRACON& Tower with Radar,0,6,23,1,30,0,4,2,0,6,0,10,25,1,36,0,0,0,36
01/19/2016,SUX,IA,ACE,CE,Combined TRACON& Tower with Radar,0,6,23,0,29,0,0,0,0,0,0,6,23,0,29,0,0,0,29
01/20/2016,SUX,IA,ACE,CE,Combined TRACON& Tower with Radar,0,9,18,23,50,0,0,0,0,0,0,9,18,23,50,0,0,0,50
01/21/2016,SUX,IA,ACE,CE,Combined TRACON& Tower with Radar,0,5,19,11,35,0,0,0,0,0,0,5,19,11,35,0,0,0,35
01/22/2016,SUX,IA,ACE,CE,Combined TRACON& Tower with Radar,0,9,14,10,33,0,2,2,0,4,0,11,16,10,37,0,0,0,37
01/23/2016,SUX,IA,ACE,CE,Combined TRACON& Tower with Radar,0,1,10,1,12,0,0,4,0,4,0,1,14,1,16,0,0,0,16
01/24/2016,SUX,IA,ACE,CE,Combined TRACON& Tower with Radar,0,5,7,0,12,0,2,0,0,2,0,7,7,0,14,0,0,0,14
01/25/2016,SUX,IA,ACE,CE,Combined TRACON& Tower with Radar,0,10,12,0,22,0,0,0,0,0,0,10,12,0,22,0,0,0,22
01/26/2016,SUX,IA,ACE,CE,Combined TRACON& Tower with Radar,0,7,16,18,41,0,7,3,0,10,0,14,19,18,51,12,0,12,63
01/27/2016,SUX,IA,ACE,CE,Combined TRACON& Tower with Radar,0,6,14,9,29,0,8,10,0,18,0,14,24,9,47,12,0,12,59
01/28/2016,SUX,IA,ACE,CE,Combined TRACON& Tower with Radar,0,6,22,14,42,0,2,5,0,7,0,8,27,14,49,30,6,36,85
01/29/2016,SUX,IA,ACE,CE,Combined TRACON& Tower with Radar,0,3,14,0,17,0,7,9,0,16,0,10,23,0,33,46,0,46,79
01/30/2016,SUX,IA,ACE,CE,Combined TRACON& Tower with Radar,0,8,15,4,27,0,0,19,0,19,0,8,34,4,46,2,0,2,48
01/31/2016,SUX,IA,ACE,CE,Combined TRACON& Tower with Radar,0,7,15,1,23,0,2,8,0,10,0,9,23,1,33,8,0,8,41
02/01/2016,SUX,IA,ACE,CE,Combined TRACON& Tower with Radar,0,10,31,0,41,0,0,6,0,6,0,10,37,0,47,0,0,0,47
02/02/2016,SUX,IA,ACE,CE,Combined TRACON& Tower with Radar,0,0,0,0,0,0,0,0,0,0,0,0,0,0,0,0,0,0,0
02/03/2016,SUX,IA,ACE,CE,Combined TRACON& Tower with Radar,0,8,3,0,11,0,2,7,0,9,0,10,10,0,20,0,0,0,20
02/04/2016,SUX,IA,ACE,CE,Combined TRACON& Tower with Radar,0,5,19,4,28,0,2,4,0,6,0,7,23,4,34,0,2,2,36
02/05/2016,SUX,IA,ACE,CE,Combined TRACON& Tower with Radar,0,5,15,32,52,0,0,0,0,0,0,5,15,32,52,0,0,0,52
02/06/2016,SUX,IA,ACE,CE,Combined TRACON& Tower with Radar,0,4,9,6,19,0,0,2,0,2,0,4,11,6,21,0,16,16,37
02/07/2016,SUX,IA,ACE,CE,Combined TRACON& Tower with Radar,0,4,6,4,14,0,2,3,0,5,0,6,9,4,19,8,0,8,27
02/08/2016,SUX,IA,ACE,CE,Combined TRACON& Tower with Radar,0,5,5,0,10,0,0,2,0,2,0,5,7,0,12,0,0,0,12
02/09/2016,SUX,IA,ACE,CE,Combined TRACON& Tower with Radar,0,3,33,6,42,0,0,8,0,8,0,3,41,6,50,12,4,16,66
02/10/2016,SUX,IA,ACE,CE,Combined TRACON& Tower with Radar,0,5,18,11,34,0,1,7,0,8,0,6,25,11,42,0,2,2,44
02/11/2016,SUX,IA,ACE,CE,Combined TRACON& Tower with Radar,0,5,18,4,27,0,1,0,0,1,0,6,18,4,28,0,0,0,28
02/12/2016,SUX,IA,ACE,CE,Combined TRACON& Tower with Radar,0,7,23,23,53,0,2,4,0,6,0,9,27,23,59,0,2,2,61
02/13/2016,SUX,IA,ACE,CE,Combined TRACON& Tower with Radar,0,1,5,0,6,0,0,4,0,4,0,1,9,0,10,14,0,14,24
02/14/2016,SUX,IA,ACE,CE,Combined TRACON& Tower with Radar,0,5,6,0,11,0,0,0,0,0,0,5,6,0,11,0,0,0,11
02/15/2016,SUX,IA,ACE,CE,Combined TRACON& Tower with Radar,0,2,14,1,17,0,2,9,0,11,0,4,23,1,28,29,0,29,57
02/16/2016,SUX,IA,ACE,CE,Combined TRACON& Tower with Radar,0,7,12,2,21,0,0,0,0,0,0,7,12,2,21,0,0,0,21
02/17/2016,SUX,IA,ACE,CE,Combined TRACON& Tower with Radar,0,5,20,2,27,0,0,3,0,3,0,5,23,2,30,0,0,0,30
02/18/2016,SUX,IA,ACE,CE,Combined TRACON& Tower with Radar,0,2,23,27,52,0,0,6,0,6,0,2,29,27,58,6,10,16,74
02/19/2016,SUX,IA,ACE,CE,Combined TRACON& Tower with Radar,0,7,11,3,21,0,2,9,0,11,0,9,20,3,32,16,0,16,48
02/20/2016,SUX,IA,ACE,CE,Combined TRACON& Tower with Radar,0,2,9,0,11,0,3,22,0,25,0,5,31,0,36,24,0,24,60
02/21/2016,SUX,IA,ACE,CE,Combined TRACON& Tower with Radar,0,6,4,0,10,0,0,1,0,1,0,6,5,0,11,1,0,1,12
02/22/2016,SUX,IA,ACE,CE,Combined TRACON& Tower with Radar,0,7,20,0,27,0,1,1,0,2,0,8,21,0,29,0,0,0,29
02/23/2016,SUX,IA,ACE,CE,Combined TRACON& Tower with Radar,0,3,14,9,26,0,2,5,0,7,0,5,19,9,33,0,6,6,39
02/24/2016,SUX,IA,ACE,CE,Combined TRACON& Tower with Radar,0,6,21,4,31,0,2,6,0,8,0,8,27,4,39,0,6,6,45
02/25/2016,SUX,IA,ACE,CE,Combined TRACON& Tower with Radar,2,4,16,7,29,0,5,0,0,5,2,9,16,7,34,0,0,0,34
02/26/2016,SUX,IA,ACE,CE,Combined TRACON& Tower with Radar,0,3,8,2,13,0,2,19,0,21,0,5,27,2,34,2,0,2,36
02/27/2016,SUX,IA,ACE,CE,Combined TRACON& Tower with Radar,0,2,16,1,19,0,2,9,0,11,0,4,25,1,30,0,0,0,30
02/28/2016,SUX,IA,ACE,CE,Combined TRACON& Tower with Radar,2,4,8,0,14,0,2,0,0,2,2,6,8,0,16,0,0,0,16
02/29/2016,SUX,IA,ACE,CE,Combined TRACON& Tower with Radar,0,8,7,0,15,0,2,5,0,7,0,10,12,0,22,0,0,0,22
03/01/2016,SUX,IA,ACE,CE,Combined TRACON& Tower with Radar,0,2,17,4,23,0,2,7,0,9,0,4,24,4,32,0,0,0,32
03/02/2016,SUX,IA,ACE,CE,Combined TRACON& Tower with Radar,0,4,15,5,24,0,2,7,0,9,0,6,22,5,33,0,0,0,33
03/03/2016,SUX,IA,ACE,CE,Combined TRACON& Tower with Radar,0,6,22,0,28,0,0,6,0,6,0,6,28,0,34,16,0,16,50
03/04/2016,SUX,IA,ACE,CE,Combined TRACON& Tower with Radar,0,6,10,1,17,0,6,5,0,11,0,12,15,1,28,0,0,0,28
03/05/2016,SUX,IA,ACE,CE,Combined TRACON& Tower with Radar,0,2,14,2,18,0,4,22,0,26,0,6,36,2,44,13,0,13,57
03/06/2016,SUX,IA,ACE,CE,Combined TRACON& Tower with Radar,0,5,9,4,18,0,5,3,0,8,0,10,12,4,26,0,0,0,26
03/07/2016,SUX,IA,ACE,CE,Combined TRACON& Tower with Radar,0,3,14,3,20,0,5,4,1,10,0,8,18,4,30,0,0,0,30
03/08/2016,SUX,IA,ACE,CE,Combined TRACON& Tower with Radar,0,4,29,4,37,0,3,9,0,12,0,7,38,4,49,0,0,0,49
03/09/2016,SUX,IA,ACE,CE,Combined TRACON& Tower with Radar,0,4,18,7,29,0,6,10,0,16,0,10,28,7,45,18,6,24,69
03/10/2016,SUX,IA,ACE,CE,Combined TRACON& Tower with Radar,0,4,28,19,51,0,4,15,0,19,0,8,43,19,70,4,10,14,84
03/11/2016,SUX,IA,ACE,CE,Combined TRACON& Tower with Radar,0,3,15,2,20,0,2,1,0,3,0,5,16,2,23,0,0,0,23
03/12/2016,SUX,IA,ACE,CE,Combined TRACON& Tower with Radar,0,1,12,0,13,0,4,6,0,10,0,5,18,0,23,12,0,12,35
03/13/2016,SUX,IA,ACE,CE,Combined TRACON& Tower with Radar,0,7,3,0,10,0,0,0,0,0,0,7,3,0,10,0,0,0,10
03/14/2016,SUX,IA,ACE,CE,Combined TRACON& Tower with Radar,0,3,7,0,10,0,3,9,0,12,0,6,16,0,22,23,0,23,45
03/15/2016,SUX,IA,ACE,CE,Combined TRACON& Tower with Radar,0,3,16,20,39,0,2,8,0,10,0,5,24,20,49,0,8,8,57
03/16/2016,SUX,IA,ACE,CE,Combined TRACON& Tower with Radar,0,6,27,0,33,0,2,11,0,13,0,8,38,0,46,2,0,2,48
03/17/2016,SUX,IA,ACE,CE,Combined TRACON& Tower with Radar,2,3,10,4,19,0,6,10,0,16,2,9,20,4,35,0,0,0,35
03/18/2016,SUX,IA,ACE,CE,Combined TRACON& Tower with Radar,0,4,18,6,28,0,0,6,0,6,0,4,24,6,34,0,0,0,34
03/19/2016,SUX,IA,ACE,CE,Combined TRACON& Tower with Radar,0,2,3,0,5,0,0,0,0,0,0,2,3,0,5,0,0,0,5
03/20/2016,SUX,IA,ACE,CE,Combined TRACON& Tower with Radar,2,4,3,0,9,0,1,16,0,17,2,5,19,0,26,2,0,2,28
03/21/2016,SUX,IA,ACE,CE,Combined TRACON& Tower with Radar,0,3,11,0,14,0,7,8,1,16,0,10,19,1,30,0,0,0,30
03/22/2016,SUX,IA,ACE,CE,Combined TRACON& Tower with Radar,0,5,13,2,20,8,6,25,0,39,8,11,38,2,59,38,0,38,97
03/23/2016,SUX,IA,ACE,CE,Combined TRACON& Tower with Radar,0,4,15,1,20,0,0,1,0,1,0,4,16,1,21,0,0,0,21
03/24/2016,SUX,IA,ACE,CE,Combined TRACON& Tower with Radar,0,0,4,4,8,0,6,2,0,8,0,6,6,4,16,0,0,0,16
03/25/2016,SUX,IA,ACE,CE,Combined TRACON& Tower with Radar,0,5,22,4,31,0,3,6,0,9,0,8,28,4,40,0,0,0,40
03/26/2016,SUX,IA,ACE,CE,Combined TRACON& Tower with Radar,0,4,2,0,6,0,0,0,0,0,0,4,2,0,6,0,0,0,6
03/27/2016,SUX,IA,ACE,CE,Combined TRACON& Tower with Radar,0,5,10,0,15,0,3,14,0,17,0,8,24,0,32,0,0,0,32
03/28/2016,SUX,IA,ACE,CE,Combined TRACON& Tower with Radar,0,3,22,1,26,0,8,17,0,25,0,11,39,1,51,0,0,0,51
03/29/2016,SUX,IA,ACE,CE,Combined TRACON& Tower with Radar,0,8,21,12,41,0,0,7,0,7,0,8,28,12,48,0,0,0,48
03/30/2016,SUX,IA,ACE,CE,Combined TRACON& Tower with Radar,0,2,16,6,24,0,2,1,0,3,0,4,17,6,27,0,0,0,27
03/31/2016,SUX,IA,ACE,CE,Combined TRACON& Tower with Radar,0,4,12,4,20,0,0,0,0,0,0,4,12,4,20,0,0,0,20
04/01/2016,SUX,IA,ACE,CE,Combined TRACON& Tower with Radar,0,7,24,5,36,1,2,6,0,9,1,9,30,5,45,2,0,2,47
04/02/2016,SUX,IA,ACE,CE,Combined TRACON& Tower with Radar,0,2,6,2,10,0,1,11,0,12,0,3,17,2,22,22,0,22,44
04/03/2016,SUX,IA,ACE,CE,Combined TRACON& Tower with Radar,0,3,5,0,8,0,6,11,0,17,0,9,16,0,25,0,0,0,25
04/04/2016,SUX,IA,ACE,CE,Combined TRACON& Tower with Radar,0,5,18,4,27,0,0,18,0,18,0,5,36,4,45,0,0,0,45
04/05/2016,SUX,IA,ACE,CE,Combined TRACON& Tower with Radar,0,3,17,8,28,0,3,2,0,5,0,6,19,8,33,0,2,2,35
04/06/2016,SUX,IA,ACE,CE,Combined TRACON& Tower with Radar,0,7,13,8,28,0,6,1,0,7,0,13,14,8,35,16,2,18,53
04/07/2016,SUX,IA,ACE,CE,Combined TRACON& Tower with Radar,0,6,20,6,32,0,3,0,0,3,0,9,20,6,35,0,0,0,35
04/08/2016,SUX,IA,ACE,CE,Combined TRACON& Tower with Radar,0,7,12,2,21,0,6,14,0,20,0,13,26,2,41,0,0,0,41
04/09/2016,SUX,IA,ACE,CE,Combined TRACON& Tower with Radar,0,1,1,0,2,0,1,10,0,11,0,2,11,0,13,0,0,0,13
04/10/2016,SUX,IA,ACE,CE,Combined TRACON& Tower with Radar,0,5,16,0,21,0,2,12,0,14,0,7,28,0,35,0,0,0,35
04/11/2016,SUX,IA,ACE,CE,Combined TRACON& Tower with Radar,0,3,20,3,26,0,4,11,0,15,0,7,31,3,41,0,0,0,41
04/12/2016,SUX,IA,ACE,CE,Combined TRACON& Tower with Radar,0,8,17,2,27,0,0,17,0,17,0,8,34,2,44,6,0,6,50
04/13/2016,SUX,IA,ACE,CE,Combined TRACON& Tower with Radar,0,4,16,1,21,0,2,8,0,10,0,6,24,1,31,0,0,0,31
04/14/2016,SUX,IA,ACE,CE,Combined TRACON& Tower with Radar,0,6,41,4,51,0,2,7,0,9,0,8,48,4,60,0,0,0,60
04/15/2016,SUX,IA,ACE,CE,Combined TRACON& Tower with Radar,0,3,21,1,25,0,0,10,0,10,0,3,31,1,35,0,0,0,35
04/16/2016,SUX,IA,ACE,CE,Combined TRACON& Tower with Radar,0,2,4,2,8,0,4,6,0,10,0,6,10,2,18,6,0,6,24
04/17/2016,SUX,IA,ACE,CE,Combined TRACON& Tower with Radar,0,7,4,0,11,0,3,9,0,12,0,10,13,0,23,6,0,6,29
04/18/2016,SUX,IA,ACE,CE,Combined TRACON& Tower with Radar,0,6,14,0,20,0,0,1,0,1,0,6,15,0,21,0,0,0,21
04/19/2016,SUX,IA,ACE,CE,Combined TRACON& Tower with Radar,0,6,19,4,29,0,0,5,0,5,0,6,24,4,34,24,0,24,58
04/20/2016,SUX,IA,ACE,CE,Combined TRACON& Tower with Radar,0,5,14,2,21,0,1,0,0,1,0,6,14,2,22,20,0,20,42
04/21/2016,SUX,IA,ACE,CE,Combined TRACON& Tower with Radar,0,5,25,5,35,0,1,3,0,4,0,6,28,5,39,22,0,22,61
04/22/2016,SUX,IA,ACE,CE,Combined TRACON& Tower with Radar,0,4,14,7,25,0,2,14,1,17,0,6,28,8,42,32,0,32,74
04/23/2016,SUX,IA,ACE,CE,Combined TRACON& Tower with Radar,0,2,3,1,6,0,0,5,0,5,0,2,8,1,11,0,0,0,11
04/24/2016,SUX,IA,ACE,CE,Combined TRACON& Tower with Radar,0,3,4,0,7,0,0,2,0,2,0,3,6,0,9,0,0,0,9
04/25/2016,SUX,IA,ACE,CE,Combined TRACON& Tower with Radar,0,5,22,0,27,0,0,5,0,5,0,5,27,0,32,0,0,0,32
04/26/2016,SUX,IA,ACE,CE,Combined TRACON& Tower with Radar,0,2,31,8,41,0,0,6,0,6,0,2,37,8,47,1,6,7,54
04/27/2016,SUX,IA,ACE,CE,Combined TRACON& Tower with Radar,2,5,24,0,31,0,0,0,0,0,2,5,24,0,31,0,0,0,31
04/28/2016,SUX,IA,ACE,CE,Combined TRACON& Tower with Radar,0,6,13,2,21,0,0,0,0,0,0,6,13,2,21,0,0,0,21
04/29/2016,SUX,IA,ACE,CE,Combined TRACON& Tower with Radar,0,6,12,4,22,0,2,0,0,2,0,8,12,4,24,0,0,0,24
04/30/2016,SUX,IA,ACE,CE,Combined TRACON& Tower with Radar,0,2,2,0,4,0,0,0,0,0,0,2,2,0,4,0,0,0,4
05/01/2016,SUX,IA,ACE,CE,Combined TRACON& Tower with Radar,0,4,14,0,18,0,2,1,0,3,0,6,15,0,21,0,0,0,21
05/02/2016,SUX,IA,ACE,CE,Combined TRACON& Tower with Radar,0,7,22,1,30,0,2,29,0,31,0,9,51,1,61,18,0,18,79
05/03/2016,SUX,IA,ACE,CE,Combined TRACON& Tower with Radar,0,5,14,1,20,0,4,8,0,12,0,9,22,1,32,4,0,4,36
05/04/2016,SUX,IA,ACE,CE,Combined TRACON& Tower with Radar,0,7,26,6,39,0,0,12,0,12,0,7,38,6,51,0,4,4,55
05/05/2016,SUX,IA,ACE,CE,Combined TRACON& Tower with Radar,0,9,32,9,50,0,4,15,0,19,0,13,47,9,69,0,14,14,83
05/06/2016,SUX,IA,ACE,CE,Combined TRACON& Tower with Radar,0,10,11,4,25,0,0,18,0,18,0,10,29,4,43,8,2,10,53
05/07/2016,SUX,IA,ACE,CE,Combined TRACON& Tower with Radar,0,8,6,0,14,0,0,1,0,1,0,8,7,0,15,0,0,0,15
05/08/2016,SUX,IA,ACE,CE,Combined TRACON& Tower with Radar,0,11,1,0,12,0,4,1,0,5,0,15,2,0,17,0,0,0,17
05/09/2016,SUX,IA,ACE,CE,Combined TRACON& Tower with Radar,0,6,14,0,20,0,2,1,0,3,0,8,15,0,23,0,0,0,23
05/10/2016,SUX,IA,ACE,CE,Combined TRACON& Tower with Radar,0,10,25,14,49,0,2,4,0,6,0,12,29,14,55,12,0,12,67
05/11/2016,SUX,IA,ACE,CE,Combined TRACON& Tower with Radar,0,7,15,7,29,0,2,0,0,2,0,9,15,7,31,0,0,0,31
05/12/2016,SUX,IA,ACE,CE,Combined TRACON& Tower with Radar,0,6,29,12,47,0,7,8,0,15,0,13,37,12,62,0,8,8,70
05/13/2016,SUX,IA,ACE,CE,Combined TRACON& Tower with Radar,0,6,11,2,19,0,2,9,0,11,0,8,20,2,30,0,0,0,30
05/14/2016,SUX,IA,ACE,CE,Combined TRACON& Tower with Radar,0,8,14,3,25,0,4,16,0,20,0,12,30,3,45,0,2,2,47
05/15/2016,SUX,IA,ACE,CE,Combined TRACON& Tower with Radar,0,6,20,0,26,0,2,5,0,7,0,8,25,0,33,17,0,17,50
05/16/2016,SUX,IA,ACE,CE,Combined TRACON& Tower with Radar,0,6,14,4,24,0,6,7,0,13,0,12,21,4,37,0,6,6,43
05/17/2016,SUX,IA,ACE,CE,Combined TRACON& Tower with Radar,0,8,41,10,59,0,6,5,0,11,0,14,46,10,70,0,0,0,70
05/18/2016,SUX,IA,ACE,CE,Combined TRACON& Tower with Radar,0,12,30,8,50,0,2,11,0,13,0,14,41,8,63,24,2,26,89
05/19/2016,SUX,IA,ACE,CE,Combined TRACON& Tower with Radar,0,6,36,8,50,0,4,7,2,13,0,10,43,10,63,0,0,0,63
05/20/2016,SUX,IA,ACE,CE,Combined TRACON& Tower with Radar,0,9,15,14,38,0,2,7,2,11,0,11,22,16,49,4,4,8,57
05/21/2016,SUX,IA,ACE,CE,Combined TRACON& Tower with Radar,0,5,9,1,15,0,5,15,1,21,0,10,24,2,36,2,0,2,38
05/22/2016,SUX,IA,ACE,CE,Combined TRACON& Tower with Radar,0,6,8,0,14,0,1,2,0,3,0,7,10,0,17,0,0,0,17
05/23/2016,SUX,IA,ACE,CE,Combined TRACON& Tower with Radar,0,5,11,1,17,0,0,1,0,1,0,5,12,1,18,0,0,0,18
05/24/2016,SUX,IA,ACE,CE,Combined TRACON& Tower with Radar,0,9,33,17,59,0,3,7,0,10,0,12,40,17,69,4,4,8,77
05/25/2016,SUX,IA,ACE,CE,Combined TRACON& Tower with Radar,0,7,22,8,37,0,3,7,0,10,0,10,29,8,47,10,2,12,59
05/26/2016,SUX,IA,ACE,CE,Combined TRACON& Tower with Radar,0,4,21,14,39,0,0,3,0,3,0,4,24,14,42,4,0,4,46
05/27/2016,SUX,IA,ACE,CE,Combined TRACON& Tower with Radar,0,7,15,3,25,0,2,1,0,3,0,9,16,3,28,0,0,0,28
05/28/2016,SUX,IA,ACE,CE,Combined TRACON& Tower with Radar,0,5,13,0,18,0,0,2,0,2,0,5,15,0,20,0,0,0,20
05/29/2016,SUX,IA,ACE,CE,Combined TRACON& Tower with Radar,0,6,9,0,15,0,0,5,0,5,0,6,14,0,20,0,0,0,20
05/30/2016,SUX,IA,ACE,CE,Combined TRACON& Tower with Radar,0,7,5,0,12,0,0,8,0,8,0,7,13,0,20,5,0,5,25
05/31/2016,SUX,IA,ACE,CE,Combined TRACON& Tower with Radar,0,5,43,0,48,0,2,2,0,4,0,7,45,0,52,0,0,0,52
06/01/2016,SUX,IA,ACE,CE,Combined TRACON& Tower with Radar,0,10,12,22,44,0,4,20,0,24,0,14,32,22,68,4,25,29,97
06/02/2016,SUX,IA,ACE,CE,Combined TRACON& Tower with Radar,0,7,23,8,38,0,2,19,0,21,0,9,42,8,59,6,6,12,71
06/03/2016,SUX,IA,ACE,CE,Combined TRACON& Tower with Radar,0,13,14,6,33,0,2,2,0,4,0,15,16,6,37,0,2,2,39
06/04/2016,SUX,IA,ACE,CE,Combined TRACON& Tower with Radar,0,7,10,1,18,0,9,10,0,19,0,16,20,1,37,5,0,5,42
06/05/2016,SUX,IA,ACE,CE,Combined TRACON& Tower with Radar,0,8,12,1,21,0,8,9,1,18,0,16,21,2,39,0,0,0,39
06/06/2016,SUX,IA,ACE,CE,Combined TRACON& Tower with Radar,0,6,15,0,21,0,5,5,0,10,0,11,20,0,31,0,0,0,31
06/07/2016,SUX,IA,ACE,CE,Combined TRACON& Tower with Radar,0,7,14,2,23,0,4,10,0,14,0,11,24,2,37,4,0,4,41
06/08/2016,SUX,IA,ACE,CE,Combined TRACON& Tower with Radar,0,6,17,12,35,0,3,7,0,10,0,9,24,12,45,0,10,10,55
06/09/2016,SUX,IA,ACE,CE,Combined TRACON& Tower with Radar,0,6,23,24,53,0,2,11,0,13,0,8,34,24,66,0,22,22,88
06/10/2016,SUX,IA,ACE,CE,Combined TRACON& Tower with Radar,0,8,19,8,35,0,2,28,1,31,0,10,47,9,66,16,0,16,82
06/11/2016,SUX,IA,ACE,CE,Combined TRACON& Tower with Radar,0,6,10,4,20,0,6,10,0,16,0,12,20,4,36,0,0,0,36
06/12/2016,SUX,IA,ACE,CE,Combined TRACON& Tower with Radar,0,8,9,2,19,0,1,13,0,14,0,9,22,2,33,0,0,0,33
06/13/2016,SUX,IA,ACE,CE,Combined TRACON& Tower with Radar,0,11,12,14,37,0,1,9,0,10,0,12,21,14,47,0,8,8,55
06/14/2016,SUX,IA,ACE,CE,Combined TRACON& Tower with Radar,0,5,20,3,28,0,0,3,0,3,0,5,23,3,31,0,0,0,31
06/15/2016,SUX,IA,ACE,CE,Combined TRACON& Tower with Radar,0,9,16,0,25,0,4,12,0,16,0,13,28,0,41,0,0,0,41
06/16/2016,SUX,IA,ACE,CE,Combined TRACON& Tower with Radar,0,7,23,0,30,0,5,15,0,20,0,12,38,0,50,0,0,0,50
06/17/2016,SUX,IA,ACE,CE,Combined TRACON& Tower with Radar,0,9,14,0,23,0,2,16,0,18,0,11,30,0,41,0,0,0,41
06/18/2016,SUX,IA,ACE,CE,Combined TRACON& Tower with Radar,0,6,7,0,13,0,6,1,0,7,0,12,8,0,20,0,0,0,20
06/19/2016,SUX,IA,ACE,CE,Combined TRACON& Tower with Radar,0,10,2,0,12,0,4,5,0,9,0,14,7,0,21,0,0,0,21
06/20/2016,SUX,IA,ACE,CE,Combined TRACON& Tower with Radar,0,5,15,0,20,0,2,10,0,12,0,7,25,0,32,0,0,0,32
06/21/2016,SUX,IA,ACE,CE,Combined TRACON& Tower with Radar,0,5,24,9,38,0,4,4,0,8,0,9,28,9,46,10,4,14,60
06/22/2016,SUX,IA,ACE,CE,Combined TRACON& Tower with Radar,0,7,17,27,51,0,0,4,0,4,0,7,21,27,55,2,12,14,69
06/23/2016,SUX,IA,ACE,CE,Combined TRACON& Tower with Radar,0,4,29,6,39,0,1,5,1,7,0,5,34,7,46,0,0,0,46
06/24/2016,SUX,IA,ACE,CE,Combined TRACON& Tower with Radar,0,5,10,12,27,0,7,9,0,16,0,12,19,12,43,0,8,8,51
06/25/2016,SUX,IA,ACE,CE,Combined TRACON& Tower with Radar,0,6,2,0,8,0,2,2,0,4,0,8,4,0,12,0,0,0,12
06/26/2016,SUX,IA,ACE,CE,Combined TRACON& Tower with Radar,0,5,11,0,16,0,0,5,0,5,0,5,16,0,21,0,0,0,21
06/27/2016,SUX,IA,ACE,CE,Combined TRACON& Tower with Radar,0,8,22,2,32,0,5,8,0,13,0,13,30,2,45,0,0,0,45
06/28/2016,SUX,IA,ACE,CE,Combined TRACON& Tower with Radar,0,6,24,11,41,0,7,9,0,16,0,13,33,11,57,0,4,4,61
06/29/2016,SUX,IA,ACE,CE,Combined TRACON& Tower with Radar,0,10,23,5,38,0,4,2,0,6,0,14,25,5,44,0,0,0,44
06/30/2016,SUX,IA,ACE,CE,Combined TRACON& Tower with Radar,0,6,33,14,53,0,3,11,0,14,0,9,44,14,67,18,2,20,87
07/01/2016,SUX,IA,ACE,CE,Combined TRACON& Tower with Radar,0,5,11,1,17,0,2,13,0,15,0,7,24,1,32,0,0,0,32
07/02/2016,SUX,IA,ACE,CE,Combined TRACON& Tower with Radar,0,6,6,0,12,0,3,4,0,7,0,9,10,0,19,0,0,0,19
07/03/2016,SUX,IA,ACE,CE,Combined TRACON& Tower with Radar,0,6,2,0,8,0,2,4,0,6,0,8,6,0,14,6,0,6,20
07/04/2016,SUX,IA,ACE,CE,Combined TRACON& Tower with Radar,0,5,3,0,8,0,0,1,0,1,0,5,4,0,9,0,0,0,9
07/05/2016,SUX,IA,ACE,CE,Combined TRACON& Tower with Radar,2,6,11,0,19,0,0,3,0,3,2,6,14,0,22,0,0,0,22
07/06/2016,SUX,IA,ACE,CE,Combined TRACON& Tower with Radar,0,6,17,12,35,0,0,11,0,11,0,6,28,12,46,2,2,4,50
07/07/2016,SUX,IA,ACE,CE,Combined TRACON& Tower with Radar,0,4,15,7,26,0,0,8,2,10,0,4,23,9,36,10,0,10,46
07/08/2016,SUX,IA,ACE,CE,Combined TRACON& Tower with Radar,2,8,14,2,26,0,2,12,0,14,2,10,26,2,40,10,2,12,52
07/09/2016,SUX,IA,ACE,CE,Combined TRACON& Tower with Radar,0,7,7,0,14,0,2,11,0,13,0,9,18,0,27,0,0,0,27
07/10/2016,SUX,IA,ACE,CE,Combined TRACON& Tower with Radar,0,6,9,0,15,0,0,3,0,3,0,6,12,0,18,16,0,16,34
07/11/2016,SUX,IA,ACE,CE,Combined TRACON& Tower with Radar,0,4,6,0,10,0,0,6,0,6,0,4,12,0,16,20,0,20,36
07/12/2016,SUX,IA,ACE,CE,Combined TRACON& Tower with Radar,0,4,27,3,34,0,1,14,3,18,0,5,41,6,52,32,0,32,84
07/13/2016,SUX,IA,ACE,CE,Combined TRACON& Tower with Radar,0,7,29,10,46,0,4,5,0,9,0,11,34,10,55,4,2,6,61
07/14/2016,SUX,IA,ACE,CE,Combined TRACON& Tower with Radar,0,6,20,26,52,0,1,8,0,9,0,7,28,26,61,0,24,24,85
07/15/2016,SUX,IA,ACE,CE,Combined TRACON& Tower with Radar,0,5,13,14,32,0,1,22,0,23,0,6,35,14,55,0,2,2,57
07/16/2016,SUX,IA,ACE,CE,Combined TRACON& Tower with Radar,0,6,9,1,16,0,2,14,0,16,0,8,23,1,32,0,0,0,32
07/17/2016,SUX,IA,ACE,CE,Combined TRACON& Tower with Radar,0,7,7,0,14,0,0,8,0,8,0,7,15,0,22,0,0,0,22
07/18/2016,SUX,IA,ACE,CE,Combined TRACON& Tower with Radar,0,7,10,0,17,0,2,9,0,11,0,9,19,0,28,2,0,2,30
07/19/2016,SUX,IA,ACE,CE,Combined TRACON& Tower with Radar,0,9,16,13,38,0,2,7,0,9,0,11,23,13,47,0,0,0,47
07/20/2016,SUX,IA,ACE,CE,Combined TRACON& Tower with Radar,0,7,24,3,34,0,4,12,2,18,0,11,36,5,52,0,0,0,52
07/21/2016,SUX,IA,ACE,CE,Combined TRACON& Tower with Radar,0,9,28,11,48,0,0,14,1,15,0,9,42,12,63,0,0,0,63
07/22/2016,SUX,IA,ACE,CE,Combined TRACON& Tower with Radar,0,4,18,9,31,0,2,24,0,26,0,6,42,9,57,10,4,14,71
07/23/2016,SUX,IA,ACE,CE,Combined TRACON& Tower with Radar,2,7,4,0,13,0,2,15,0,17,2,9,19,0,30,0,0,0,30
07/24/2016,SUX,IA,ACE,CE,Combined TRACON& Tower with Radar,0,9,15,0,24,0,5,14,0,19,0,14,29,0,43,0,0,0,43
07/25/2016,SUX,IA,ACE,CE,Combined TRACON& Tower with Radar,0,6,12,0,18,0,4,26,0,30,0,10,38,0,48,4,0,4,52
07/26/2016,SUX,IA,ACE,CE,Combined TRACON& Tower with Radar,0,6,28,15,49,0,6,17,0,23,0,12,45,15,72,0,4,4,76
07/27/2016,SUX,IA,ACE,CE,Combined TRACON& Tower with Radar,0,9,30,9,48,0,2,8,0,10,0,11,38,9,58,0,4,4,62
07/28/2016,SUX,IA,ACE,CE,Combined TRACON& Tower with Radar,0,5,34,23,62,0,4,9,0,13,0,9,43,23,75,0,0,0,75
07/29/2016,SUX,IA,ACE,CE,Combined TRACON& Tower with Radar,0,10,14,8,32,0,0,32,0,32,0,10,46,8,64,10,4,14,78
07/30/2016,SUX,IA,ACE,CE,Combined TRACON& Tower with Radar,0,6,8,1,15,0,6,16,1,23,0,12,24,2,38,0,0,0,38
07/31/2016,SUX,IA,ACE,CE,Combined TRACON& Tower with Radar,0,6,7,0,13,0,2,9,0,11,0,8,16,0,24,0,0,0,24
08/01/2016,SUX,IA,ACE,CE,Combined TRACON& Tower with Radar,0,7,13,0,20,0,1,4,0,5,0,8,17,0,25,0,0,0,25
08/02/2016,SUX,IA,ACE,CE,Combined TRACON& Tower with Radar,0,6,19,4,29,0,6,13,0,19,0,12,32,4,48,8,0,8,56
08/03/2016,SUX,IA,ACE,CE,Combined TRACON& Tower with Radar,0,9,28,6,43,0,1,3,0,4,0,10,31,6,47,0,0,0,47
08/04/2016,SUX,IA,ACE,CE,Combined TRACON& Tower with Radar,0,8,12,23,43,0,4,5,1,10,0,12,17,24,53,0,10,10,63
08/05/2016,SUX,IA,ACE,CE,Combined TRACON& Tower with Radar,0,7,10,3,20,0,3,15,1,19,0,10,25,4,39,0,4,4,43
08/06/2016,SUX,IA,ACE,CE,Combined TRACON& Tower with Radar,0,5,9,0,14,0,1,14,0,15,0,6,23,0,29,6,4,10,39
08/07/2016,SUX,IA,ACE,CE,Combined TRACON& Tower with Radar,0,6,1,0,7,0,1,5,0,6,0,7,6,0,13,2,0,2,15
08/08/2016,SUX,IA,ACE,CE,Combined TRACON& Tower with Radar,2,6,20,1,29,0,0,12,0,12,2,6,32,1,41,46,0,46,87
08/09/2016,SUX,IA,ACE,CE,Combined TRACON& Tower with Radar,0,6,23,24,53,0,4,9,0,13,0,10,32,24,66,28,18,46,112
08/10/2016,SUX,IA,ACE,CE,Combined TRACON& Tower with Radar,0,8,27,18,53,0,0,8,1,9,0,8,35,19,62,56,4,60,122
08/11/2016,SUX,IA,ACE,CE,Combined TRACON& Tower with Radar,0,7,10,2,19,0,0,4,0,4,0,7,14,2,23,0,0,0,23
08/12/2016,SUX,IA,ACE,CE,Combined TRACON& Tower with Radar,0,7,19,7,33,0,0,8,0,8,0,7,27,7,41,2,10,12,53
08/13/2016,SUX,IA,ACE,CE,Combined TRACON& Tower with Radar,0,7,7,0,14,0,2,8,0,10,0,9,15,0,24,0,0,0,24
08/14/2016,SUX,IA,ACE,CE,Combined TRACON& Tower with Radar,0,7,11,0,18,0,2,11,0,13,0,9,22,0,31,0,0,0,31
08/15/2016,SUX,IA,ACE,CE,Combined TRACON& Tower with Radar,0,11,15,0,26,0,4,3,0,7,0,15,18,0,33,15,0,15,48
08/16/2016,SUX,IA,ACE,CE,Combined TRACON& Tower with Radar,0,8,18,0,26,0,0,1,0,1,0,8,19,0,27,0,0,0,27
08/17/2016,SUX,IA,ACE,CE,Combined TRACON& Tower with Radar,0,7,32,0,39,0,2,8,0,10,0,9,40,0,49,12,0,12,61
08/18/2016,SUX,IA,ACE,CE,Combined TRACON& Tower with Radar,0,6,14,5,25,0,0,6,0,6,0,6,20,5,31,5,0,5,36
08/19/2016,SUX,IA,ACE,CE,Combined TRACON& Tower with Radar,0,10,13,0,23,0,0,2,0,2,0,10,15,0,25,16,0,16,41
08/20/2016,SUX,IA,ACE,CE,Combined TRACON& Tower with Radar,0,10,9,0,19,0,6,8,0,14,0,16,17,0,33,0,0,0,33
08/21/2016,SUX,IA,ACE,CE,Combined TRACON& Tower with Radar,0,7,8,0,15,0,3,13,0,16,0,10,21,0,31,14,0,14,45
08/22/2016,SUX,IA,ACE,CE,Combined TRACON& Tower with Radar,0,6,16,2,24,0,0,5,0,5,0,6,21,2,29,0,0,0,29
08/23/2016,SUX,IA,ACE,CE,Combined TRACON& Tower with Radar,0,5,11,0,16,0,0,0,0,0,0,5,11,0,16,0,0,0,16
08/24/2016,SUX,IA,ACE,CE,Combined TRACON& Tower with Radar,0,5,25,12,42,0,3,14,0,17,0,8,39,12,59,14,0,14,73
08/25/2016,SUX,IA,ACE,CE,Combined TRACON& Tower with Radar,0,7,25,5,37,0,3,13,0,16,0,10,38,5,53,16,8,24,77
08/26/2016,SUX,IA,ACE,CE,Combined TRACON& Tower with Radar,0,6,24,0,30,0,0,18,0,18,0,6,42,0,48,10,0,10,58
08/27/2016,SUX,IA,ACE,CE,Combined TRACON& Tower with Radar,0,3,6,0,9,0,2,4,0,6,0,5,10,0,15,0,0,0,15
08/28/2016,SUX,IA,ACE,CE,Combined TRACON& Tower with Radar,0,8,15,0,23,0,2,6,0,8,0,10,21,0,31,0,0,0,31
08/29/2016,SUX,IA,ACE,CE,Combined TRACON& Tower with Radar,0,5,20,1,26,0,2,5,0,7,0,7,25,1,33,0,0,0,33
08/30/2016,SUX,IA,ACE,CE,Combined TRACON& Tower with Radar,0,5,22,17,44,0,0,15,0,15,0,5,37,17,59,30,6,36,95
08/31/2016,SUX,IA,ACE,CE,Combined TRACON& Tower with Radar,0,6,29,34,69,0,3,14,0,17,0,9,43,34,86,8,12,20,106
09/01/2016,SUX,IA,ACE,CE,Combined TRACON& Tower with Radar,0,8,8,21,37,0,7,16,0,23,0,15,24,21,60,4,0,4,64
09/02/2016,SUX,IA,ACE,CE,Combined TRACON& Tower with Radar,0,6,28,17,51,0,8,12,0,20,0,14,40,17,71,12,6,18,89
09/03/2016,SUX,IA,ACE,CE,Combined TRACON& Tower with Radar,0,3,5,0,8,0,2,17,0,19,0,5,22,0,27,0,0,0,27
09/04/2016,SUX,IA,ACE,CE,Combined TRACON& Tower with Radar,0,5,3,0,8,0,2,2,2,6,0,7,5,2,14,0,0,0,14
09/05/2016,SUX,IA,ACE,CE,Combined TRACON& Tower with Radar,0,6,18,0,24,0,0,4,0,4,0,6,22,0,28,0,0,0,28
09/06/2016,SUX,IA,ACE,CE,Combined TRACON& Tower with Radar,0,6,30,3,39,0,2,1,0,3,0,8,31,3,42,0,12,12,54
09/07/2016,SUX,IA,ACE,CE,Combined TRACON& Tower with Radar,0,12,20,12,44,0,3,2,0,5,0,15,22,12,49,0,12,12,61
09/08/2016,SUX,IA,ACE,CE,Combined TRACON& Tower with Radar,0,7,21,16,44,0,6,12,1,19,0,13,33,17,63,10,0,10,73
09/09/2016,SUX,IA,ACE,CE,Combined TRACON& Tower with Radar,1,6,24,6,37,0,0,3,0,3,1,6,27,6,40,0,0,0,40
09/10/2016,SUX,IA,ACE,CE,Combined TRACON& Tower with Radar,1,6,9,2,18,0,2,21,0,23,1,8,30,2,41,0,0,0,41
09/11/2016,SUX,IA,ACE,CE,Combined TRACON& Tower with Radar,0,8,21,2,31,0,3,28,1,32,0,11,49,3,63,0,0,0,63
09/12/2016,SUX,IA,ACE,CE,Combined TRACON& Tower with Radar,0,5,23,0,28,0,6,7,0,13,0,11,30,0,41,6,0,6,47
09/13/2016,SUX,IA,ACE,CE,Combined TRACON& Tower with Radar,0,6,37,47,90,0,0,5,0,5,0,6,42,47,95,0,8,8,103
09/14/2016,SUX,IA,ACE,CE,Combined TRACON& Tower with Radar,0,9,22,17,48,0,0,7,8,15,0,9,29,25,63,0,0,0,63
09/15/2016,SUX,IA,ACE,CE,Combined TRACON& Tower with Radar,0,5,26,7,38,0,0,1,0,1,0,5,27,7,39,0,8,8,47
09/16/2016,SUX,IA,ACE,CE,Combined TRACON& Tower with Radar,0,9,16,7,32,0,2,11,1,14,0,11,27,8,46,18,0,18,64
09/17/2016,SUX,IA,ACE,CE,Combined TRACON& Tower with Radar,0,4,5,0,9,0,5,19,0,24,0,9,24,0,33,10,0,10,43
09/18/2016,SUX,IA,ACE,CE,Combined TRACON& Tower with Radar,0,6,8,0,14,0,2,12,0,14,0,8,20,0,28,0,0,0,28
09/19/2016,SUX,IA,ACE,CE,Combined TRACON& Tower with Radar,0,10,24,2,36,0,2,7,0,9,0,12,31,2,45,0,0,0,45
09/20/2016,SUX,IA,ACE,CE,Combined TRACON& Tower with Radar,0,13,29,9,51,0,4,3,2,9,0,17,32,11,60,0,6,6,66
09/21/2016,SUX,IA,ACE,CE,Combined TRACON& Tower with Radar,0,10,23,5,38,0,4,2,0,6,0,14,25,5,44,0,0,0,44
09/22/2016,SUX,IA,ACE,CE,Combined TRACON& Tower with Radar,0,6,21,4,31,0,0,3,0,3,0,6,24,4,34,0,0,0,34
09/23/2016,SUX,IA,ACE,CE,Combined TRACON& Tower with Radar,0,11,15,6,32,0,5,12,0,17,0,16,27,6,49,0,0,0,49
09/24/2016,SUX,IA,ACE,CE,Combined TRACON& Tower with Radar,0,5,8,1,14,0,0,1,0,1,0,5,9,1,15,0,0,0,15
09/25/2016,SUX,IA,ACE,CE,Combined TRACON& Tower with Radar,0,9,15,0,24,0,6,15,0,21,0,15,30,0,45,0,0,0,45
09/26/2016,SUX,IA,ACE,CE,Combined TRACON& Tower with Radar,0,6,20,0,26,0,4,13,0,17,0,10,33,0,43,2,0,2,45
09/27/2016,SUX,IA,ACE,CE,Combined TRACON& Tower with Radar,0,14,12,9,35,0,3,14,1,18,0,17,26,10,53,0,0,0,53
09/28/2016,SUX,IA,ACE,CE,Combined TRACON& Tower with Radar,0,8,16,20,44,0,2,18,0,20,0,10,34,20,64,0,0,0,64
09/29/2016,SUX,IA,ACE,CE,Combined TRACON& Tower with Radar,0,9,18,13,40,0,6,12,0,18,0,15,30,13,58,8,0,8,66
09/30/2016,SUX,IA,ACE,CE,Combined TRACON& Tower with Radar,0,8,16,5,29,0,1,20,1,22,0,9,36,6,51,14,8,22,73
10/01/2016,SUX,IA,ACE,CE,Combined TRACON& Tower with Radar,1,4,22,2,29,0,0,15,0,15,1,4,37,2,44,8,0,8,52
10/02/2016,SUX,IA,ACE,CE,Combined TRACON& Tower with Radar,0,11,6,6,23,0,4,12,0,16,0,15,18,6,39,0,0,0,39
10/03/2016,SUX,IA,ACE,CE,Combined TRACON& Tower with Radar,0,9,17,1,27,0,2,8,0,10,0,11,25,1,37,0,0,0,37
10/04/2016,SUX,IA,ACE,CE,Combined TRACON& Tower with Radar,0,5,12,1,18,0,0,0,0,0,0,5,12,1,18,0,0,0,18
10/05/2016,SUX,IA,ACE,CE,Combined TRACON& Tower with Radar,0,7,20,15,42,1,2,12,0,15,1,9,32,15,57,4,2,6,63
10/06/2016,SUX,IA,ACE,CE,Combined TRACON& Tower with Radar,0,7,17,19,43,0,0,0,1,1,0,7,17,20,44,0,16,16,60
10/07/2016,SUX,IA,ACE,CE,Combined TRACON& Tower with Radar,0,6,26,8,40,0,4,12,1,17,0,10,38,9,57,0,0,0,57
10/08/2016,SUX,IA,ACE,CE,Combined TRACON& Tower with Radar,1,6,14,0,21,0,6,16,0,22,1,12,30,0,43,0,0,0,43
10/09/2016,SUX,IA,ACE,CE,Combined TRACON& Tower with Radar,0,9,14,0,23,0,2,11,0,13,0,11,25,0,36,0,0,0,36
10/10/2016,SUX,IA,ACE,CE,Combined TRACON& Tower with Radar,0,6,7,0,13,0,4,4,0,8,0,10,11,0,21,0,0,0,21
10/11/2016,SUX,IA,ACE,CE,Combined TRACON& Tower with Radar,0,12,18,0,30,0,2,1,0,3,0,14,19,0,33,0,0,0,33
10/12/2016,SUX,IA,ACE,CE,Combined TRACON& Tower with Radar,0,9,13,17,39,0,2,4,0,6,0,11,17,17,45,6,2,8,53
10/13/2016,SUX,IA,ACE,CE,Combined TRACON& Tower with Radar,0,5,7,9,21,0,2,7,0,9,0,7,14,9,30,0,4,4,34
10/14/2016,SUX,IA,ACE,CE,Combined TRACON& Tower with Radar,0,6,17,20,43,0,2,3,6,11,0,8,20,26,54,0,7,7,61
10/15/2016,SUX,IA,ACE,CE,Combined TRACON& Tower with Radar,0,4,4,6,14,0,4,3,1,8,0,8,7,7,22,12,0,12,34
10/16/2016,SUX,IA,ACE,CE,Combined TRACON& Tower with Radar,0,6,7,0,13,0,0,2,0,2,0,6,9,0,15,0,0,0,15
10/17/2016,SUX,IA,ACE,CE,Combined TRACON& Tower with Radar,0,10,27,4,41,0,7,5,0,12,0,17,32,4,53,10,0,10,63
10/18/2016,SUX,IA,ACE,CE,Combined TRACON& Tower with Radar,0,7,35,1,43,0,1,21,0,22,0,8,56,1,65,4,0,4,69
10/19/2016,SUX,IA,ACE,CE,Combined TRACON& Tower with Radar,0,11,20,5,36,0,2,7,0,9,0,13,27,5,45,2,0,2,47
10/20/2016,SUX,IA,ACE,CE,Combined TRACON& Tower with Radar,0,7,15,9,31,0,2,3,0,5,0,9,18,9,36,0,6,6,42
10/21/2016,SUX,IA,ACE,CE,Combined TRACON& Tower with Radar,1,7,21,1,30,0,5,8,0,13,1,12,29,1,43,30,0,30,73
10/22/2016,SUX,IA,ACE,CE,Combined TRACON& Tower with Radar,1,4,6,0,11,0,2,8,0,10,1,6,14,0,21,0,0,0,21
10/23/2016,SUX,IA,ACE,CE,Combined TRACON& Tower with Radar,0,6,10,1,17,0,0,13,0,13,0,6,23,1,30,0,0,0,30
10/24/2016,SUX,IA,ACE,CE,Combined TRACON& Tower with Radar,0,11,18,0,29,0,6,6,0,12,0,17,24,0,41,16,0,16,57
10/25/2016,SUX,IA,ACE,CE,Combined TRACON& Tower with Radar,0,6,22,1,29,0,6,6,1,13,0,12,28,2,42,0,0,0,42
10/26/2016,SUX,IA,ACE,CE,Combined TRACON& Tower with Radar,0,5,22,16,43,0,0,2,2,4,0,5,24,18,47,0,24,24,71
10/27/2016,SUX,IA,ACE,CE,Combined TRACON& Tower with Radar,0,8,16,7,31,0,3,5,1,9,0,11,21,8,40,2,2,4,44
10/28/2016,SUX,IA,ACE,CE,Combined TRACON& Tower with Radar,0,7,21,0,28,0,3,11,1,15,0,10,32,1,43,0,2,2,45
10/29/2016,SUX,IA,ACE,CE,Combined TRACON& Tower with Radar,0,7,12,4,23,0,5,4,0,9,0,12,16,4,32,0,0,0,32
10/30/2016,SUX,IA,ACE,CE,Combined TRACON& Tower with Radar,0,5,18,0,23,0,0,2,0,2,0,5,20,0,25,0,0,0,25
10/31/2016,SUX,IA,ACE,CE,Combined TRACON& Tower with Radar,0,11,19,1,31,0,2,2,0,4,0,13,21,1,35,8,0,8,43
11/01/2016,SUX,IA,ACE,CE,Combined TRACON& Tower with Radar,0,17,16,3,36,0,6,7,0,13,0,23,23,3,49,12,0,12,61
11/02/2016,SUX,IA,ACE,CE,Combined TRACON& Tower with Radar,0,10,17,19,46,0,2,3,0,5,0,12,20,19,51,2,0,2,53
11/03/2016,SUX,IA,ACE,CE,Combined TRACON& Tower with Radar,0,10,24,17,51,0,3,14,0,17,0,13,38,17,68,4,2,6,74
11/04/2016,SUX,IA,ACE,CE,Combined TRACON& Tower with Radar,0,7,24,8,39,0,7,24,0,31,0,14,48,8,70,26,0,26,96
11/05/2016,SUX,IA,ACE,CE,Combined TRACON& Tower with Radar,0,4,7,2,13,0,0,11,0,11,0,4,18,2,24,6,0,6,30
11/06/2016,SUX,IA,ACE,CE,Combined TRACON& Tower with Radar,2,7,17,5,31,0,4,8,0,12,2,11,25,5,43,8,0,8,51
11/07/2016,SUX,IA,ACE,CE,Combined TRACON& Tower with Radar,0,6,14,19,39,0,5,8,0,13,0,11,22,19,52,0,8,8,60
11/08/2016,SUX,IA,ACE,CE,Combined TRACON& Tower with Radar,0,10,16,12,38,0,4,15,0,19,0,14,31,12,57,0,8,8,65
11/09/2016,SUX,IA,ACE,CE,Combined TRACON& Tower with Radar,0,9,23,11,43,0,0,8,0,8,0,9,31,11,51,0,8,8,59
11/10/2016,SUX,IA,ACE,CE,Combined TRACON& Tower with Radar,0,9,23,17,49,0,0,17,0,17,0,9,40,17,66,1,0,1,67
11/11/2016,SUX,IA,ACE,CE,Combined TRACON& Tower with Radar,0,6,15,0,21,0,7,22,0,29,0,13,37,0,50,0,0,0,50
11/12/2016,SUX,IA,ACE,CE,Combined TRACON& Tower with Radar,0,8,5,0,13,0,3,10,0,13,0,11,15,0,26,0,0,0,26
11/13/2016,SUX,IA,ACE,CE,Combined TRACON& Tower with Radar,2,10,3,0,15,0,3,14,0,17,2,13,17,0,32,24,0,24,56
11/14/2016,SUX,IA,ACE,CE,Combined TRACON& Tower with Radar,0,6,13,0,19,0,0,2,0,2,0,6,15,0,21,0,0,0,21
11/15/2016,SUX,IA,ACE,CE,Combined TRACON& Tower with Radar,0,5,17,5,27,0,2,6,1,9,0,7,23,6,36,0,12,12,48
11/16/2016,SUX,IA,ACE,CE,Combined TRACON& Tower with Radar,2,8,27,13,50,0,2,8,0,10,2,10,35,13,60,8,0,8,68
11/17/2016,SUX,IA,ACE,CE,Combined TRACON& Tower with Radar,0,7,23,9,39,0,2,7,0,9,0,9,30,9,48,0,20,20,68
11/18/2016,SUX,IA,ACE,CE,Combined TRACON& Tower with Radar,0,7,12,2,21,0,0,1,0,1,0,7,13,2,22,0,0,0,22
11/19/2016,SUX,IA,ACE,CE,Combined TRACON& Tower with Radar,0,6,7,0,13,0,7,14,0,21,0,13,21,0,34,26,0,26,60
11/20/2016,SUX,IA,ACE,CE,Combined TRACON& Tower with Radar,0,10,8,0,18,0,2,9,0,11,0,12,17,0,29,26,0,26,55
11/21/2016,SUX,IA,ACE,CE,Combined TRACON& Tower with Radar,0,10,16,2,28,0,2,7,0,9,0,12,23,2,37,0,0,0,37
11/22/2016,SUX,IA,ACE,CE,Combined TRACON& Tower with Radar,0,9,19,28,56,0,0,0,0,0,0,9,19,28,56,0,0,0,56
11/23/2016,SUX,IA,ACE,CE,Combined TRACON& Tower with Radar,0,8,7,18,33,0,0,2,0,2,0,8,9,18,35,0,0,0,35
11/24/2016,SUX,IA,ACE,CE,Combined TRACON& Tower with Radar,0,3,4,0,7,0,0,0,0,0,0,3,4,0,7,0,0,0,7
11/25/2016,SUX,IA,ACE,CE,Combined TRACON& Tower with Radar,0,4,3,0,7,0,5,19,0,24,0,9,22,0,31,0,0,0,31
11/26/2016,SUX,IA,ACE,CE,Combined TRACON& Tower with Radar,0,12,9,1,22,7,2,16,0,25,7,14,25,1,47,0,0,0,47
11/27/2016,SUX,IA,ACE,CE,Combined TRACON& Tower with Radar,0,6,7,0,13,0,0,1,0,1,0,6,8,0,14,0,0,0,14
11/28/2016,SUX,IA,ACE,CE,Combined TRACON& Tower with Radar,0,9,8,2,19,0,1,10,0,11,0,10,18,2,30,4,0,4,34
11/29/2016,SUX,IA,ACE,CE,Combined TRACON& Tower with Radar,0,6,25,16,47,0,0,1,0,1,0,6,26,16,48,0,22,22,70
11/30/2016,SUX,IA,ACE,CE,Combined TRACON& Tower with Radar,0,6,17,18,41,0,0,5,0,5,0,6,22,18,46,4,34,38,84
12/01/2016,SUX,IA,ACE,CE,Combined TRACON& Tower with Radar,0,5,20,33,58,0,0,3,0,3,0,5,23,33,61,0,0,0,61
12/02/2016,SUX,IA,ACE,CE,Combined TRACON& Tower with Radar,0,7,14,2,23,0,2,0,0,2,0,9,14,2,25,0,0,0,25
12/03/2016,SUX,IA,ACE,CE,Combined TRACON& Tower with Radar,0,4,7,4,15,0,0,3,0,3,0,4,10,4,18,0,0,0,18
12/04/2016,SUX,IA,ACE,CE,Combined TRACON& Tower with Radar,0,5,9,6,20,0,2,12,0,14,0,7,21,6,34,0,2,2,36
12/05/2016,SUX,IA,ACE,CE,Combined TRACON& Tower with Radar,0,6,10,12,28,0,5,10,0,15,0,11,20,12,43,6,8,14,57
12/06/2016,SUX,IA,ACE,CE,Combined TRACON& Tower with Radar,0,6,24,19,49,0,4,0,0,4,0,10,24,19,53,0,16,16,69
12/07/2016,SUX,IA,ACE,CE,Combined TRACON& Tower with Radar,0,8,16,10,34,0,2,2,0,4,0,10,18,10,38,0,4,4,42
12/08/2016,SUX,IA,ACE,CE,Combined TRACON& Tower with Radar,0,6,16,9,31,0,5,3,0,8,0,11,19,9,39,0,18,18,57
12/09/2016,SUX,IA,ACE,CE,Combined TRACON& Tower with Radar,0,7,15,4,26,0,3,15,0,18,0,10,30,4,44,0,0,0,44
12/10/2016,SUX,IA,ACE,CE,Combined TRACON& Tower with Radar,0,4,10,0,14,0,0,0,0,0,0,4,10,0,14,0,0,0,14
12/11/2016,SUX,IA,ACE,CE,Combined TRACON& Tower with Radar,0,9,9,0,18,0,2,3,0,5,0,11,12,0,23,28,0,28,51
12/12/2016,SUX,IA,ACE,CE,Combined TRACON& Tower with Radar,0,10,17,11,38,0,0,0,0,0,0,10,17,11,38,0,10,10,48
12/13/2016,SUX,IA,ACE,CE,Combined TRACON& Tower with Radar,0,7,11,11,29,0,2,5,0,7,0,9,16,11,36,0,2,2,38
12/14/2016,SUX,IA,ACE,CE,Combined TRACON& Tower with Radar,0,8,16,1,25,0,2,5,0,7,0,10,21,1,32,0,0,0,32
12/15/2016,SUX,IA,ACE,CE,Combined TRACON& Tower with Radar,0,9,16,5,30,0,0,0,0,0,0,9,16,5,30,0,0,0,30
12/16/2016,SUX,IA,ACE,CE,Combined TRACON& Tower with Radar,0,12,8,11,31,0,0,0,0,0,0,12,8,11,31,0,0,0,31
12/17/2016,SUX,IA,ACE,CE,Combined TRACON& Tower with Radar,0,7,1,1,9,0,0,0,0,0,0,7,1,1,9,0,0,0,9
12/18/2016,SUX,IA,ACE,CE,Combined TRACON& Tower with Radar,0,9,5,0,14,0,2,0,0,2,0,11,5,0,16,0,0,0,16
12/19/2016,SUX,IA,ACE,CE,Combined TRACON& Tower with Radar,0,6,19,1,26,0,3,7,0,10,0,9,26,1,36,0,0,0,36
12/20/2016,SUX,IA,ACE,CE,Combined TRACON& Tower with Radar,0,6,7,15,28,0,2,8,0,10,0,8,15,15,38,0,8,8,46
12/21/2016,SUX,IA,ACE,CE,Combined TRACON& Tower with Radar,0,7,9,6,22,0,4,8,0,12,0,11,17,6,34,4,2,6,40
12/22/2016,SUX,IA,ACE,CE,Combined TRACON& Tower with Radar,0,9,20,8,37,0,1,7,0,8,0,10,27,8,45,6,0,6,51
12/23/2016,SUX,IA,ACE,CE,Combined TRACON& Tower with Radar,0,7,8,0,15,0,0,0,0,0,0,7,8,0,15,0,0,0,15
12/24/2016,SUX,IA,ACE,CE,Combined TRACON& Tower with Radar,0,10,3,0,13,0,0,1,0,1,0,10,4,0,14,0,0,0,14
12/25/2016,SUX,IA,ACE,CE,Combined TRACON& Tower with Radar,0,7,1,0,8,0,0,0,0,0,0,7,1,0,8,0,0,0,8
12/26/2016,SUX,IA,ACE,CE,Combined TRACON& Tower with Radar,0,8,16,0,24,0,5,4,0,9,0,13,20,0,33,6,0,6,39
12/27/2016,SUX,IA,ACE,CE,Combined TRACON& Tower with Radar,0,5,14,0,19,0,2,10,0,12,0,7,24,0,31,4,0,4,35
12/28/2016,SUX,IA,ACE,CE,Combined TRACON& Tower with Radar,0,10,7,12,29,0,3,9,0,12,0,13,16,12,41,6,10,16,57
12/29/2016,SUX,IA,ACE,CE,Combined TRACON& Tower with Radar,0,6,15,6,27,0,5,6,0,11,0,11,21,6,38,8,0,8,46
12/30/2016,SUX,IA,ACE,CE,Combined TRACON& Tower with Radar,0,9,11,0,20,0,2,5,0,7,0,11,16,0,27,8,0,8,35
12/31/2016,SUX,IA,ACE,CE,Combined TRACON& Tower with Radar,0,9,12,0,21,0,4,3,0,7,0,13,15,0,28,0,0,0,28
01/01/2017,SUX,IA,ACE,CE,Combined TRACON& Tower with Radar,0,6,8,0,14,0,0,7,0,7,0,6,15,0,21,5,0,5,26
01/02/2017,SUX,IA,ACE,CE,Combined TRACON& Tower with Radar,0,6,7,0,13,0,0,0,0,0,0,6,7,0,13,0,0,0,13
01/03/2017,SUX,IA,ACE,CE,Combined TRACON& Tower with Radar,0,12,8,2,22,0,0,0,0,0,0,12,8,2,22,0,0,0,22
01/04/2017,SUX,IA,ACE,CE,Combined TRACON& Tower with Radar,0,7,14,15,36,0,0,3,0,3,0,7,17,15,39,0,2,2,41
01/05/2017,SUX,IA,ACE,CE,Combined TRACON& Tower with Radar,0,11,13,5,29,0,3,9,0,12,0,14,22,5,41,0,2,2,43
01/06/2017,SUX,IA,ACE,CE,Combined TRACON& Tower with Radar,0,8,15,7,30,0,2,3,0,5,0,10,18,7,35,0,0,0,35
01/07/2017,SUX,IA,ACE,CE,Combined TRACON& Tower with Radar,0,6,10,12,28,0,0,12,0,12,0,6,22,12,40,0,0,0,40
01/08/2017,SUX,IA,ACE,CE,Combined TRACON& Tower with Radar,0,10,9,2,21,2,2,4,0,8,2,12,13,2,29,0,0,0,29
01/09/2017,SUX,IA,ACE,CE,Combined TRACON& Tower with Radar,0,8,17,0,25,0,10,4,0,14,0,18,21,0,39,12,0,12,51
01/10/2017,SUX,IA,ACE,CE,Combined TRACON& Tower with Radar,0,5,13,3,21,0,3,2,0,5,0,8,15,3,26,0,0,0,26
01/11/2017,SUX,IA,ACE,CE,Combined TRACON& Tower with Radar,0,5,22,4,31,0,0,2,0,2,0,5,24,4,33,0,0,0,33
01/12/2017,SUX,IA,ACE,CE,Combined TRACON& Tower with Radar,0,5,18,11,34,0,0,8,0,8,0,5,26,11,42,2,8,10,52
01/13/2017,SUX,IA,ACE,CE,Combined TRACON& Tower with Radar,0,8,20,4,32,0,0,4,0,4,0,8,24,4,36,4,0,4,40
01/14/2017,SUX,IA,ACE,CE,Combined TRACON& Tower with Radar,0,2,15,0,17,0,1,17,0,18,0,3,32,0,35,14,0,14,49
01/15/2017,SUX,IA,ACE,CE,Combined TRACON& Tower with Radar,0,9,13,1,23,0,2,1,0,3,0,11,14,1,26,0,0,0,26
01/16/2017,SUX,IA,ACE,CE,Combined TRACON& Tower with Radar,0,4,2,0,6,0,0,0,0,0,0,4,2,0,6,0,0,0,6
01/17/2017,SUX,IA,ACE,CE,Combined TRACON& Tower with Radar,0,7,8,2,17,0,1,4,0,5,0,8,12,2,22,0,0,0,22
01/18/2017,SUX,IA,ACE,CE,Combined TRACON& Tower with Radar,0,6,22,15,43,0,2,16,1,19,0,8,38,16,62,8,12,20,82
01/19/2017,SUX,IA,ACE,CE,Combined TRACON& Tower with Radar,0,5,16,4,25,0,0,0,0,0,0,5,16,4,25,0,0,0,25
01/20/2017,SUX,IA,ACE,CE,Combined TRACON& Tower with Radar,0,7,7,13,27,0,0,0,0,0,0,7,7,13,27,0,0,0,27
01/21/2017,SUX,IA,ACE,CE,Combined TRACON& Tower with Radar,0,9,15,1,25,0,6,4,0,10,0,15,19,1,35,8,0,8,43
01/22/2017,SUX,IA,ACE,CE,Combined TRACON& Tower with Radar,0,6,3,0,9,0,0,0,0,0,0,6,3,0,9,0,0,0,9
01/23/2017,SUX,IA,ACE,CE,Combined TRACON& Tower with Radar,0,12,22,6,40,0,0,0,0,0,0,12,22,6,40,0,0,0,40
01/24/2017,SUX,IA,ACE,CE,Combined TRACON& Tower with Radar,0,6,7,0,13,0,0,0,0,0,0,6,7,0,13,0,0,0,13
01/25/2017,SUX,IA,ACE,CE,Combined TRACON& Tower with Radar,0,7,9,0,16,0,0,0,0,0,0,7,9,0,16,0,0,0,16
01/26/2017,SUX,IA,ACE,CE,Combined TRACON& Tower with Radar,0,6,18,11,35,0,0,2,0,2,0,6,20,11,37,0,8,8,45
01/27/2017,SUX,IA,ACE,CE,Combined TRACON& Tower with Radar,0,6,22,9,37,0,4,3,0,7,0,10,25,9,44,0,8,8,52
01/28/2017,SUX,IA,ACE,CE,Combined TRACON& Tower with Radar,0,5,5,2,12,0,2,2,0,4,0,7,7,2,16,24,0,24,40
01/29/2017,SUX,IA,ACE,CE,Combined TRACON& Tower with Radar,0,5,7,1,13,0,4,1,0,5,0,9,8,1,18,0,0,0,18
01/30/2017,SUX,IA,ACE,CE,Combined TRACON& Tower with Radar,0,6,15,1,22,0,0,9,0,9,0,6,24,1,31,24,0,24,55
01/31/2017,SUX,IA,ACE,CE,Combined TRACON& Tower with Radar,0,9,18,28,55,0,4,9,0,13,0,13,27,28,68,0,4,4,72
02/01/2017,SUX,IA,ACE,CE,Combined TRACON& Tower with Radar,0,8,25,8,41,0,4,4,0,8,0,12,29,8,49,0,8,8,57
02/02/2017,SUX,IA,ACE,CE,Combined TRACON& Tower with Radar,0,8,18,15,41,0,0,5,0,5,0,8,23,15,46,2,10,12,58
02/03/2017,SUX,IA,ACE,CE,Combined TRACON& Tower with Radar,0,6,14,5,25,0,2,10,0,12,0,8,24,5,37,0,0,0,37
02/04/2017,SUX,IA,ACE,CE,Combined TRACON& Tower with Radar,0,3,1,1,5,0,2,7,0,9,0,5,8,1,14,6,0,6,20
02/05/2017,SUX,IA,ACE,CE,Combined TRACON& Tower with Radar,0,6,6,0,12,0,0,3,0,3,0,6,9,0,15,0,0,0,15
02/06/2017,SUX,IA,ACE,CE,Combined TRACON& Tower with Radar,0,6,10,1,17,0,0,10,0,10,0,6,20,1,27,10,0,10,37
02/07/2017,SUX,IA,ACE,CE,Combined TRACON& Tower with Radar,0,6,19,8,33,0,0,0,0,0,0,6,19,8,33,0,0,0,33
02/08/2017,SUX,IA,ACE,CE,Combined TRACON& Tower with Radar,0,8,16,0,24,0,2,4,0,6,0,10,20,0,30,8,0,8,38
02/09/2017,SUX,IA,ACE,CE,Combined TRACON& Tower with Radar,0,9,14,9,32,0,1,6,0,7,0,10,20,9,39,0,0,0,39
02/10/2017,SUX,IA,ACE,CE,Combined TRACON& Tower with Radar,0,8,17,4,29,0,6,5,0,11,0,14,22,4,40,4,0,4,44
02/11/2017,SUX,IA,ACE,CE,Combined TRACON& Tower with Radar,0,5,11,0,16,0,2,23,0,25,0,7,34,0,41,25,0,25,66
02/12/2017,SUX,IA,ACE,CE,Combined TRACON& Tower with Radar,0,8,10,4,22,0,0,20,0,20,0,8,30,4,42,14,0,14,56
02/13/2017,SUX,IA,ACE,CE,Combined TRACON& Tower with Radar,0,7,10,2,19,0,2,6,0,8,0,9,16,2,27,1,0,1,28
02/14/2017,SUX,IA,ACE,CE,Combined TRACON& Tower with Radar,0,12,16,4,32,0,6,9,1,16,0,18,25,5,48,4,0,4,52
02/15/2017,SUX,IA,ACE,CE,Combined TRACON& Tower with Radar,0,7,28,1,36,0,2,11,0,13,0,9,39,1,49,0,0,0,49
02/16/2017,SUX,IA,ACE,CE,Combined TRACON& Tower with Radar,0,6,15,14,35,0,0,10,0,10,0,6,25,14,45,0,0,0,45
02/17/2017,SUX,IA,ACE,CE,Combined TRACON& Tower with Radar,0,10,10,1,21,0,2,11,0,13,0,12,21,1,34,0,0,0,34
02/18/2017,SUX,IA,ACE,CE,Combined TRACON& Tower with Radar,0,6,18,0,24,0,2,21,0,23,0,8,39,0,47,28,0,28,75
02/19/2017,SUX,IA,ACE,CE,Combined TRACON& Tower with Radar,0,9,10,0,19,0,2,10,0,12,0,11,20,0,31,6,0,6,37
02/20/2017,SUX,IA,ACE,CE,Combined TRACON& Tower with Radar,0,7,16,0,23,0,0,2,0,2,0,7,18,0,25,0,0,0,25
02/21/2017,SUX,IA,ACE,CE,Combined TRACON& Tower with Radar,0,6,12,0,18,0,5,9,0,14,0,11,21,0,32,0,0,0,32
02/22/2017,SUX,IA,ACE,CE,Combined TRACON& Tower with Radar,0,9,18,9,36,0,3,2,0,5,0,12,20,9,41,0,10,10,51
02/23/2017,SUX,IA,ACE,CE,Combined TRACON& Tower with Radar,0,6,21,2,29,0,0,1,0,1,0,6,22,2,30,0,0,0,30
02/24/2017,SUX,IA,ACE,CE,Combined TRACON& Tower with Radar,0,5,3,1,9,0,0,2,0,2,0,5,5,1,11,0,0,0,11
02/25/2017,SUX,IA,ACE,CE,Combined TRACON& Tower with Radar,0,6,3,0,9,0,2,0,0,2,0,8,3,0,11,0,0,0,11
02/26/2017,SUX,IA,ACE,CE,Combined TRACON& Tower with Radar,0,8,6,0,14,0,6,10,0,16,0,14,16,0,30,28,0,28,58
02/27/2017,SUX,IA,ACE,CE,Combined TRACON& Tower with Radar,0,8,20,4,32,0,2,8,0,10,0,10,28,4,42,6,0,6,48
02/28/2017,SUX,IA,ACE,CE,Combined TRACON& Tower with Radar,0,4,14,30,48,0,0,4,0,4,0,4,18,30,52,0,40,40,92
03/01/2017,SUX,IA,ACE,CE,Combined TRACON& Tower with Radar,0,7,16,5,28,0,2,4,0,6,0,9,20,5,34,0,0,0,34
03/02/2017,SUX,IA,ACE,CE,Combined TRACON& Tower with Radar,0,7,13,5,25,0,0,6,0,6,0,7,19,5,31,6,0,6,37
03/03/2017,SUX,IA,ACE,CE,Combined TRACON& Tower with Radar,0,6,21,2,29,0,2,7,0,9,0,8,28,2,38,2,0,2,40
03/04/2017,SUX,IA,ACE,CE,Combined TRACON& Tower with Radar,0,4,6,0,10,0,7,8,0,15,0,11,14,0,25,6,0,6,31
03/05/2017,SUX,IA,ACE,CE,Combined TRACON& Tower with Radar,0,5,9,3,17,0,2,3,0,5,0,7,12,3,22,0,0,0,22
03/06/2017,SUX,IA,ACE,CE,Combined TRACON& Tower with Radar,0,7,14,1,22,0,3,1,0,4,0,10,15,1,26,0,0,0,26
03/07/2017,SUX,IA,ACE,CE,Combined TRACON& Tower with Radar,0,6,32,2,40,0,4,1,0,5,0,10,33,2,45,0,0,0,45
03/08/2017,SUX,IA,ACE,CE,Combined TRACON& Tower with Radar,0,10,14,14,38,0,0,7,0,7,0,10,21,14,45,0,22,22,67
03/09/2017,SUX,IA,ACE,CE,Combined TRACON& Tower with Radar,0,7,14,12,33,0,2,9,2,13,0,9,23,14,46,12,4,16,62
03/10/2017,SUX,IA,ACE,CE,Combined TRACON& Tower with Radar,0,7,15,4,26,0,1,3,0,4,0,8,18,4,30,4,0,4,34
03/11/2017,SUX,IA,ACE,CE,Combined TRACON& Tower with Radar,0,6,8,1,15,0,0,4,0,4,0,6,12,1,19,4,0,4,23
03/12/2017,SUX,IA,ACE,CE,Combined TRACON& Tower with Radar,0,6,8,0,14,0,0,0,0,0,0,6,8,0,14,0,0,0,14
03/13/2017,SUX,IA,ACE,CE,Combined TRACON& Tower with Radar,0,3,10,0,13,0,4,0,0,4,0,7,10,0,17,0,0,0,17
03/14/2017,SUX,IA,ACE,CE,Combined TRACON& Tower with Radar,0,5,20,7,32,0,0,0,1,1,0,5,20,8,33,0,0,0,33
03/15/2017,SUX,IA,ACE,CE,Combined TRACON& Tower with Radar,0,10,17,7,34,0,1,5,0,6,0,11,22,7,40,6,0,6,46
03/16/2017,SUX,IA,ACE,CE,Combined TRACON& Tower with Radar,0,6,14,2,22,0,2,20,1,23,0,8,34,3,45,28,0,28,73
03/17/2017,SUX,IA,ACE,CE,Combined TRACON& Tower with Radar,0,6,7,3,16,0,4,11,0,15,0,10,18,3,31,0,0,0,31
03/18/2017,SUX,IA,ACE,CE,Combined TRACON& Tower with Radar,0,6,9,0,15,0,2,24,0,26,0,8,33,0,41,11,0,11,52
03/19/2017,SUX,IA,ACE,CE,Combined TRACON& Tower with Radar,0,5,12,2,19,0,3,15,0,18,0,8,27,2,37,22,0,22,59
03/20/2017,SUX,IA,ACE,CE,Combined TRACON& Tower with Radar,0,9,15,0,24,0,5,22,0,27,0,14,37,0,51,18,0,18,69
03/21/2017,SUX,IA,ACE,CE,Combined TRACON& Tower with Radar,0,7,16,7,30,0,2,5,0,7,0,9,21,7,37,0,0,0,37
03/22/2017,SUX,IA,ACE,CE,Combined TRACON& Tower with Radar,0,6,12,7,25,0,0,17,0,17,0,6,29,7,42,4,0,4,46
03/23/2017,SUX,IA,ACE,CE,Combined TRACON& Tower with Radar,0,6,28,3,37,0,2,0,0,2,0,8,28,3,39,0,0,0,39
03/24/2017,SUX,IA,ACE,CE,Combined TRACON& Tower with Radar,0,7,14,6,27,0,0,0,0,0,0,7,14,6,27,0,0,0,27
03/25/2017,SUX,IA,ACE,CE,Combined TRACON& Tower with Radar,0,4,2,1,7,0,0,0,0,0,0,4,2,1,7,0,0,0,7
03/26/2017,SUX,IA,ACE,CE,Combined TRACON& Tower with Radar,0,6,9,1,16,0,0,1,0,1,0,6,10,1,17,0,0,0,17
03/27/2017,SUX,IA,ACE,CE,Combined TRACON& Tower with Radar,0,8,17,13,38,0,5,19,2,26,0,13,36,15,64,90,6,96,160
03/28/2017,SUX,IA,ACE,CE,Combined TRACON& Tower with Radar,0,12,42,20,74,0,1,11,0,12,0,13,53,20,86,24,14,38,124
03/29/2017,SUX,IA,ACE,CE,Combined TRACON& Tower with Radar,0,6,34,1,41,0,2,0,0,2,0,8,34,1,43,20,0,20,63
03/30/2017,SUX,IA,ACE,CE,Combined TRACON& Tower with Radar,0,7,7,3,17,0,0,0,0,0,0,7,7,3,17,0,0,0,17
03/31/2017,SUX,IA,ACE,CE,Combined TRACON& Tower with Radar,0,7,14,20,41,0,0,8,0,8,0,7,22,20,49,12,44,56,105
04/01/2017,SUX,IA,ACE,CE,Combined TRACON& Tower with Radar,0,5,8,17,30,0,9,10,0,19,0,14,18,17,49,44,16,60,109
04/02/2017,SUX,IA,ACE,CE,Combined TRACON& Tower with Radar,0,6,9,4,19,0,4,6,0,10,0,10,15,4,29,28,0,28,57
04/03/2017,SUX,IA,ACE,CE,Combined TRACON& Tower with Radar,0,11,38,0,49,0,0,4,0,4,0,11,42,0,53,16,0,16,69
04/04/2017,SUX,IA,ACE,CE,Combined TRACON& Tower with Radar,0,8,20,7,35,1,0,5,2,8,1,8,25,9,43,12,4,16,59
04/05/2017,SUX,IA,ACE,CE,Combined TRACON& Tower with Radar,0,6,12,31,49,0,2,7,0,9,0,8,19,31,58,52,28,80,138
04/06/2017,SUX,IA,ACE,CE,Combined TRACON& Tower with Radar,0,7,18,13,38,0,1,23,0,24,0,8,41,13,62,40,28,68,130
04/07/2017,SUX,IA,ACE,CE,Combined TRACON& Tower with Radar,0,9,11,5,25,0,3,18,0,21,0,12,29,5,46,6,0,6,52
04/08/2017,SUX,IA,ACE,CE,Combined TRACON& Tower with Radar,0,5,8,0,13,0,2,11,3,16,0,7,19,3,29,30,0,30,59
04/09/2017,SUX,IA,ACE,CE,Combined TRACON& Tower with Radar,0,5,11,1,17,0,2,8,0,10,0,7,19,1,27,2,0,2,29
04/10/2017,SUX,IA,ACE,CE,Combined TRACON& Tower with Radar,0,8,16,2,26,0,0,0,0,0,0,8,16,2,26,0,0,0,26
04/11/2017,SUX,IA,ACE,CE,Combined TRACON& Tower with Radar,0,7,19,12,38,0,4,26,0,30,0,11,45,12,68,12,12,24,92
04/12/2017,SUX,IA,ACE,CE,Combined TRACON& Tower with Radar,0,6,24,6,36,0,1,1,2,4,0,7,25,8,40,8,6,14,54
04/13/2017,SUX,IA,ACE,CE,Combined TRACON& Tower with Radar,0,15,11,3,29,0,1,10,0,11,0,16,21,3,40,14,0,14,54
04/14/2017,SUX,IA,ACE,CE,Combined TRACON& Tower with Radar,0,6,14,9,29,1,0,3,0,4,1,6,17,9,33,0,0,0,33
04/15/2017,SUX,IA,ACE,CE,Combined TRACON& Tower with Radar,0,3,7,0,10,0,2,13,0,15,0,5,20,0,25,10,0,10,35
04/16/2017,SUX,IA,ACE,CE,Combined TRACON& Tower with Radar,0,8,9,1,18,0,7,26,0,33,0,15,35,1,51,4,0,4,55
04/17/2017,SUX,IA,ACE,CE,Combined TRACON& Tower with Radar,0,5,18,1,24,0,2,20,0,22,0,7,38,1,46,14,0,14,60
04/18/2017,SUX,IA,ACE,CE,Combined TRACON& Tower with Radar,0,9,17,10,36,0,0,7,2,9,0,9,24,12,45,0,8,8,53
04/19/2017,SUX,IA,ACE,CE,Combined TRACON& Tower with Radar,0,7,19,4,30,0,0,0,0,0,0,7,19,4,30,0,0,0,30
04/20/2017,SUX,IA,ACE,CE,Combined TRACON& Tower with Radar,0,7,27,25,59,0,2,7,0,9,0,9,34,25,68,0,10,10,78
04/21/2017,SUX,IA,ACE,CE,Combined TRACON& Tower with Radar,0,6,10,21,37,0,2,8,0,10,0,8,18,21,47,6,6,12,59
04/22/2017,SUX,IA,ACE,CE,Combined TRACON& Tower with Radar,0,4,13,1,18,0,2,18,0,20,0,6,31,1,38,2,0,2,40
04/23/2017,SUX,IA,ACE,CE,Combined TRACON& Tower with Radar,0,6,8,4,18,0,5,17,0,22,0,11,25,4,40,0,0,0,40
04/24/2017,SUX,IA,ACE,CE,Combined TRACON& Tower with Radar,0,5,16,2,23,0,0,9,0,9,0,5,25,2,32,2,0,2,34
04/25/2017,SUX,IA,ACE,CE,Combined TRACON& Tower with Radar,0,8,13,8,29,0,0,0,0,0,0,8,13,8,29,0,0,0,29
04/26/2017,SUX,IA,ACE,CE,Combined TRACON& Tower with Radar,0,9,12,6,27,0,0,1,0,1,0,9,13,6,28,0,6,6,34
04/27/2017,SUX,IA,ACE,CE,Combined TRACON& Tower with Radar,0,20,28,12,60,0,4,3,0,7,0,24,31,12,67,0,0,0,67
04/28/2017,SUX,IA,ACE,CE,Combined TRACON& Tower with Radar,0,6,7,24,37,0,1,0,0,1,0,7,7,24,38,0,20,20,58
04/29/2017,SUX,IA,ACE,CE,Combined TRACON& Tower with Radar,0,7,9,0,16,0,7,2,0,9,0,14,11,0,25,0,0,0,25
04/30/2017,SUX,IA,ACE,CE,Combined TRACON& Tower with Radar,0,6,4,0,10,0,0,0,0,0,0,6,4,0,10,0,0,0,10
05/01/2017,SUX,IA,ACE,CE,Combined TRACON& Tower with Radar,0,11,9,1,21,0,2,4,0,6,0,13,13,1,27,0,0,0,27
05/02/2017,SUX,IA,ACE,CE,Combined TRACON& Tower with Radar,0,10,17,24,51,0,2,11,0,13,0,12,28,24,64,0,14,14,78
05/03/2017,SUX,IA,ACE,CE,Combined TRACON& Tower with Radar,0,6,21,4,31,0,0,9,0,9,0,6,30,4,40,4,6,10,50
05/04/2017,SUX,IA,ACE,CE,Combined TRACON& Tower with Radar,0,6,20,1,27,1,8,15,0,24,1,14,35,1,51,12,0,12,63
05/05/2017,SUX,IA,ACE,CE,Combined TRACON& Tower with Radar,0,9,26,7,42,0,1,8,0,9,0,10,34,7,51,20,0,20,71
05/06/2017,SUX,IA,ACE,CE,Combined TRACON& Tower with Radar,0,4,9,1,14,0,3,16,0,19,0,7,25,1,33,16,0,16,49
05/07/2017,SUX,IA,ACE,CE,Combined TRACON& Tower with Radar,0,8,10,3,21,0,2,23,1,26,0,10,33,4,47,0,0,0,47
05/08/2017,SUX,IA,ACE,CE,Combined TRACON& Tower with Radar,0,11,13,0,24,0,0,11,1,12,0,11,24,1,36,2,10,12,48
05/09/2017,SUX,IA,ACE,CE,Combined TRACON& Tower with Radar,0,8,33,35,76,0,7,9,0,16,0,15,42,35,92,12,26,38,130
05/10/2017,SUX,IA,ACE,CE,Combined TRACON& Tower with Radar,0,17,21,8,46,0,2,2,0,4,0,19,23,8,50,0,0,0,50
05/11/2017,SUX,IA,ACE,CE,Combined TRACON& Tower with Radar,0,9,18,40,67,0,4,20,1,25,0,13,38,41,92,10,24,34,126
05/12/2017,SUX,IA,ACE,CE,Combined TRACON& Tower with Radar,0,18,25,8,51,0,5,12,0,17,0,23,37,8,68,16,8,24,92
05/13/2017,SUX,IA,ACE,CE,Combined TRACON& Tower with Radar,0,4,12,0,16,0,5,17,2,24,0,9,29,2,40,8,0,8,48
05/14/2017,SUX,IA,ACE,CE,Combined TRACON& Tower with Radar,0,6,7,1,14,0,2,14,0,16,0,8,21,1,30,0,0,0,30
05/15/2017,SUX,IA,ACE,CE,Combined TRACON& Tower with Radar,0,13,17,3,33,0,3,5,0,8,0,16,22,3,41,0,0,0,41
05/16/2017,SUX,IA,ACE,CE,Combined TRACON& Tower with Radar,0,6,23,10,39,0,4,10,0,14,0,10,33,10,53,12,14,26,79
05/17/2017,SUX,IA,ACE,CE,Combined TRACON& Tower with Radar,0,7,22,0,29,0,0,3,0,3,0,7,25,0,32,6,0,6,38
05/18/2017,SUX,IA,ACE,CE,Combined TRACON& Tower with Radar,0,9,16,6,31,0,6,6,0,12,0,15,22,6,43,2,2,4,47
05/19/2017,SUX,IA,ACE,CE,Combined TRACON& Tower with Radar,0,6,22,2,30,0,0,0,0,0,0,6,22,2,30,0,0,0,30
05/20/2017,SUX,IA,ACE,CE,Combined TRACON& Tower with Radar,0,6,3,4,13,0,0,0,0,0,0,6,3,4,13,0,0,0,13
05/21/2017,SUX,IA,ACE,CE,Combined TRACON& Tower with Radar,2,8,12,0,22,0,2,5,0,7,2,10,17,0,29,0,0,0,29
05/22/2017,SUX,IA,ACE,CE,Combined TRACON& Tower with Radar,2,3,24,0,29,0,5,10,0,15,2,8,34,0,44,103,0,103,147
05/23/2017,SUX,IA,ACE,CE,Combined TRACON& Tower with Radar,0,16,22,18,56,0,4,5,0,9,0,20,27,18,65,0,0,0,65
05/24/2017,SUX,IA,ACE,CE,Combined TRACON& Tower with Radar,4,9,24,18,55,0,2,28,0,30,4,11,52,18,85,28,4,32,117
05/25/2017,SUX,IA,ACE,CE,Combined TRACON& Tower with Radar,0,7,15,7,29,0,0,10,0,10,0,7,25,7,39,0,4,4,43
05/26/2017,SUX,IA,ACE,CE,Combined TRACON& Tower with Radar,0,7,24,6,37,0,3,19,0,22,0,10,43,6,59,20,2,22,81
05/27/2017,SUX,IA,ACE,CE,Combined TRACON& Tower with Radar,0,5,1,0,6,1,0,9,0,10,1,5,10,0,16,0,0,0,16
05/28/2017,SUX,IA,ACE,CE,Combined TRACON& Tower with Radar,2,8,3,0,13,0,1,3,0,4,2,9,6,0,17,0,0,0,17
05/29/2017,SUX,IA,ACE,CE,Combined TRACON& Tower with Radar,0,7,12,0,19,0,0,10,0,10,0,7,22,0,29,0,0,0,29
05/30/2017,SUX,IA,ACE,CE,Combined TRACON& Tower with Radar,0,6,24,1,31,0,0,21,1,22,0,6,45,2,53,0,0,0,53
05/31/2017,SUX,IA,ACE,CE,Combined TRACON& Tower with Radar,0,8,17,23,48,0,0,21,2,23,0,8,38,25,71,18,6,24,95
06/01/2017,SUX,IA,ACE,CE,Combined TRACON& Tower with Radar,0,5,17,7,29,0,0,6,0,6,0,5,23,7,35,4,6,10,45
06/02/2017,SUX,IA,ACE,CE,Combined TRACON& Tower with Radar,0,6,14,1,21,0,0,12,1,13,0,6,26,2,34,14,0,14,48
06/03/2017,SUX,IA,ACE,CE,Combined TRACON& Tower with Radar,0,4,14,0,18,0,0,23,0,23,0,4,37,0,41,0,0,0,41
06/04/2017,SUX,IA,ACE,CE,Combined TRACON& Tower with Radar,0,7,5,1,13,0,0,10,1,11,0,7,15,2,24,0,0,0,24
06/05/2017,SUX,IA,ACE,CE,Combined TRACON& Tower with Radar,0,6,10,2,18,0,1,12,0,13,0,7,22,2,31,8,0,8,39
06/06/2017,SUX,IA,ACE,CE,Combined TRACON& Tower with Radar,0,5,13,5,23,0,1,6,1,8,0,6,19,6,31,0,0,0,31
06/07/2017,SUX,IA,ACE,CE,Combined TRACON& Tower with Radar,0,8,24,2,34,0,3,12,0,15,0,11,36,2,49,6,0,6,55
06/08/2017,SUX,IA,ACE,CE,Combined TRACON& Tower with Radar,0,8,20,10,38,0,3,10,1,14,0,11,30,11,52,0,12,12,64
06/09/2017,SUX,IA,ACE,CE,Combined TRACON& Tower with Radar,0,10,20,23,53,0,1,5,10,16,0,11,25,33,69,4,46,50,119
06/10/2017,SUX,IA,ACE,CE,Combined TRACON& Tower with Radar,0,4,1,2,7,0,1,8,3,12,0,5,9,5,19,15,4,19,38
06/11/2017,SUX,IA,ACE,CE,Combined TRACON& Tower with Radar,0,6,5,7,18,3,0,11,0,14,3,6,16,7,32,2,4,6,38
06/12/2017,SUX,IA,ACE,CE,Combined TRACON& Tower with Radar,0,10,14,13,37,1,0,5,1,7,1,10,19,14,44,0,2,2,46
06/13/2017,SUX,IA,ACE,CE,Combined TRACON& Tower with Radar,0,10,27,10,47,0,1,1,0,2,0,11,28,10,49,0,0,0,49
06/14/2017,SUX,IA,ACE,CE,Combined TRACON& Tower with Radar,0,7,24,5,36,0,1,11,0,12,0,8,35,5,48,18,4,22,70
06/15/2017,SUX,IA,ACE,CE,Combined TRACON& Tower with Radar,0,8,30,16,54,0,2,7,0,9,0,10,37,16,63,4,6,10,73
06/16/2017,SUX,IA,ACE,CE,Combined TRACON& Tower with Radar,0,10,9,5,24,1,0,10,0,11,1,10,19,5,35,0,0,0,35
06/17/2017,SUX,IA,ACE,CE,Combined TRACON& Tower with Radar,0,4,6,1,11,1,0,2,0,3,1,4,8,1,14,0,0,0,14
06/18/2017,SUX,IA,ACE,CE,Combined TRACON& Tower with Radar,0,5,6,0,11,0,1,19,0,20,0,6,25,0,31,4,0,4,35
06/19/2017,SUX,IA,ACE,CE,Combined TRACON& Tower with Radar,0,7,15,0,22,0,0,14,0,14,0,7,29,0,36,12,0,12,48
06/20/2017,SUX,IA,ACE,CE,Combined TRACON& Tower with Radar,0,7,28,18,53,0,1,17,0,18,0,8,45,18,71,12,0,12,83
06/21/2017,SUX,IA,ACE,CE,Combined TRACON& Tower with Radar,0,6,21,5,32,0,0,16,1,17,0,6,37,6,49,0,0,0,49
06/22/2017,SUX,IA,ACE,CE,Combined TRACON& Tower with Radar,0,9,25,16,50,0,3,7,0,10,0,12,32,16,60,0,6,6,66
06/23/2017,SUX,IA,ACE,CE,Combined TRACON& Tower with Radar,0,5,17,4,26,0,0,14,0,14,0,5,31,4,40,2,2,4,44
06/24/2017,SUX,IA,ACE,CE,Combined TRACON& Tower with Radar,0,3,7,1,11,0,0,9,0,9,0,3,16,1,20,26,0,26,46
06/25/2017,SUX,IA,ACE,CE,Combined TRACON& Tower with Radar,0,8,3,2,13,0,0,21,1,22,0,8,24,3,35,10,0,10,45
06/26/2017,SUX,IA,ACE,CE,Combined TRACON& Tower with Radar,0,10,13,0,23,0,0,7,0,7,0,10,20,0,30,0,0,0,30
06/27/2017,SUX,IA,ACE,CE,Combined TRACON& Tower with Radar,0,11,22,5,38,0,1,5,0,6,0,12,27,5,44,0,0,0,44
06/28/2017,SUX,IA,ACE,CE,Combined TRACON& Tower with Radar,0,7,29,0,36,0,0,8,0,8,0,7,37,0,44,0,0,0,44
06/29/2017,SUX,IA,ACE,CE,Combined TRACON& Tower with Radar,0,7,18,32,57,0,0,2,0,2,0,7,20,32,59,0,16,16,75
06/30/2017,SUX,IA,ACE,CE,Combined TRACON& Tower with Radar,0,9,18,3,30,0,0,9,0,9,0,9,27,3,39,14,0,14,53
07/01/2017,SUX,IA,ACE,CE,Combined TRACON& Tower with Radar,0,4,2,0,6,0,0,6,0,6,0,4,8,0,12,14,0,14,26
07/02/2017,SUX,IA,ACE,CE,Combined TRACON& Tower with Radar,0,7,5,0,12,0,2,3,0,5,0,9,8,0,17,4,0,4,21
07/03/2017,SUX,IA,ACE,CE,Combined TRACON& Tower with Radar,0,6,5,0,11,0,0,9,0,9,0,6,14,0,20,12,0,12,32
07/04/2017,SUX,IA,ACE,CE,Combined TRACON& Tower with Radar,0,6,5,0,11,0,0,8,0,8,0,6,13,0,19,0,0,0,19
07/05/2017,SUX,IA,ACE,CE,Combined TRACON& Tower with Radar,0,12,13,0,25,0,0,7,0,7,0,12,20,0,32,18,0,18,50
07/06/2017,SUX,IA,ACE,CE,Combined TRACON& Tower with Radar,0,8,17,0,25,0,0,11,0,11,0,8,28,0,36,0,0,0,36
07/07/2017,SUX,IA,ACE,CE,Combined TRACON& Tower with Radar,0,7,12,9,28,0,0,12,0,12,0,7,24,9,40,0,28,28,68
07/08/2017,SUX,IA,ACE,CE,Combined TRACON& Tower with Radar,0,6,5,0,11,0,0,10,0,10,0,6,15,0,21,0,0,0,21
07/09/2017,SUX,IA,ACE,CE,Combined TRACON& Tower with Radar,2,6,3,0,11,0,0,12,0,12,2,6,15,0,23,12,0,12,35
07/10/2017,SUX,IA,ACE,CE,Combined TRACON& Tower with Radar,0,7,10,0,17,0,0,7,0,7,0,7,17,0,24,0,0,0,24
07/11/2017,SUX,IA,ACE,CE,Combined TRACON& Tower with Radar,0,9,26,0,35,0,1,5,0,6,0,10,31,0,41,6,0,6,47
07/12/2017,SUX,IA,ACE,CE,Combined TRACON& Tower with Radar,2,5,24,1,32,0,0,15,0,15,2,5,39,1,47,16,0,16,63
07/13/2017,SUX,IA,ACE,CE,Combined TRACON& Tower with Radar,0,5,20,1,26,0,1,13,0,14,0,6,33,1,40,12,0,12,52
07/14/2017,SUX,IA,ACE,CE,Combined TRACON& Tower with Radar,0,8,13,0,21,0,0,17,0,17,0,8,30,0,38,0,0,0,38
07/15/2017,SUX,IA,ACE,CE,Combined TRACON& Tower with Radar,0,4,4,0,8,0,1,15,0,16,0,5,19,0,24,8,0,8,32
07/16/2017,SUX,IA,ACE,CE,Combined TRACON& Tower with Radar,0,9,12,0,21,0,0,7,0,7,0,9,19,0,28,28,0,28,56
07/17/2017,SUX,IA,ACE,CE,Combined TRACON& Tower with Radar,0,9,12,0,21,0,0,13,2,15,0,9,25,2,36,0,0,0,36
07/18/2017,SUX,IA,ACE,CE,Combined TRACON& Tower with Radar,0,7,21,0,28,0,0,10,0,10,0,7,31,0,38,0,0,0,38
07/19/2017,SUX,IA,ACE,CE,Combined TRACON& Tower with Radar,0,8,23,0,31,0,1,9,0,10,0,9,32,0,41,0,0,0,41
07/20/2017,SUX,IA,ACE,CE,Combined TRACON& Tower with Radar,0,6,18,0,24,0,2,12,0,14,0,8,30,0,38,0,0,0,38
07/21/2017,SUX,IA,ACE,CE,Combined TRACON& Tower with Radar,0,5,22,0,27,0,0,15,0,15,0,5,37,0,42,0,0,0,42
07/22/2017,SUX,IA,ACE,CE,Combined TRACON& Tower with Radar,0,4,7,0,11,0,0,5,0,5,0,4,12,0,16,1,0,1,17
07/23/2017,SUX,IA,ACE,CE,Combined TRACON& Tower with Radar,0,7,8,0,15,0,5,29,0,34,0,12,37,0,49,10,0,10,59
07/24/2017,SUX,IA,ACE,CE,Combined TRACON& Tower with Radar,0,6,15,0,21,0,0,18,0,18,0,6,33,0,39,12,0,12,51
07/25/2017,SUX,IA,ACE,CE,Combined TRACON& Tower with Radar,0,6,24,0,30,0,0,13,0,13,0,6,37,0,43,2,0,2,45
07/26/2017,SUX,IA,ACE,CE,Combined TRACON& Tower with Radar,0,5,26,0,31,0,0,8,0,8,0,5,34,0,39,0,0,0,39
07/27/2017,SUX,IA,ACE,CE,Combined TRACON& Tower with Radar,2,6,27,0,35,0,1,23,0,24,2,7,50,0,59,0,0,0,59
07/28/2017,SUX,IA,ACE,CE,Combined TRACON& Tower with Radar,0,6,14,2,22,0,0,13,0,13,0,6,27,2,35,4,0,4,39
07/29/2017,SUX,IA,ACE,CE,Combined TRACON& Tower with Radar,0,4,9,0,13,12,0,19,0,31,12,4,28,0,44,20,0,20,64
07/30/2017,SUX,IA,ACE,CE,Combined TRACON& Tower with Radar,0,6,9,0,15,0,1,19,0,20,0,7,28,0,35,38,0,38,73
07/31/2017,SUX,IA,ACE,CE,Combined TRACON& Tower with Radar,2,9,4,0,15,0,0,11,0,11,2,9,15,0,26,4,0,4,30
08/01/2017,SUX,IA,ACE,CE,Combined TRACON& Tower with Radar,0,6,25,2,33,0,0,6,1,7,0,6,31,3,40,0,0,0,40
08/02/2017,SUX,IA,ACE,CE,Combined TRACON& Tower with Radar,0,7,23,0,30,0,0,12,0,12,0,7,35,0,42,16,0,16,58
08/03/2017,SUX,IA,ACE,CE,Combined TRACON& Tower with Radar,0,7,32,0,39,0,0,8,0,8,0,7,40,0,47,2,0,2,49
08/04/2017,SUX,IA,ACE,CE,Combined TRACON& Tower with Radar,0,7,25,0,32,0,1,34,0,35,0,8,59,0,67,16,0,16,83
08/05/2017,SUX,IA,ACE,CE,Combined TRACON& Tower with Radar,0,7,8,0,15,0,0,3,0,3,0,7,11,0,18,20,0,20,38
08/06/2017,SUX,IA,ACE,CE,Combined TRACON& Tower with Radar,0,7,7,0,14,0,0,17,0,17,0,7,24,0,31,6,0,6,37
08/07/2017,SUX,IA,ACE,CE,Combined TRACON& Tower with Radar,0,9,12,0,21,0,0,7,0,7,0,9,19,0,28,10,0,10,38
08/08/2017,SUX,IA,ACE,CE,Combined TRACON& Tower with Radar,0,5,28,0,33,0,2,19,0,21,0,7,47,0,54,0,0,0,54
08/09/2017,SUX,IA,ACE,CE,Combined TRACON& Tower with Radar,0,7,26,1,34,0,1,12,0,13,0,8,38,1,47,0,0,0,47
08/10/2017,SUX,IA,ACE,CE,Combined TRACON& Tower with Radar,0,11,25,0,36,0,0,14,0,14,0,11,39,0,50,6,0,6,56
08/11/2017,SUX,IA,ACE,CE,Combined TRACON& Tower with Radar,0,5,15,0,20,0,1,18,0,19,0,6,33,0,39,0,2,2,41
08/12/2017,SUX,IA,ACE,CE,Combined TRACON& Tower with Radar,0,4,14,0,18,0,0,19,0,19,0,4,33,0,37,0,0,0,37
08/13/2017,SUX,IA,ACE,CE,Combined TRACON& Tower with Radar,0,7,10,2,19,0,1,12,1,14,0,8,22,3,33,0,0,0,33
08/14/2017,SUX,IA,ACE,CE,Combined TRACON& Tower with Radar,0,9,15,0,24,0,2,3,0,5,0,11,18,0,29,0,0,0,29
08/15/2017,SUX,IA,ACE,CE,Combined TRACON& Tower with Radar,0,7,18,3,28,0,0,1,1,2,0,7,19,4,30,0,0,0,30
08/16/2017,SUX,IA,ACE,CE,Combined TRACON& Tower with Radar,0,8,12,2,22,0,0,0,0,0,0,8,12,2,22,2,0,2,24
08/17/2017,SUX,IA,ACE,CE,Combined TRACON& Tower with Radar,0,7,16,2,25,0,0,5,4,9,0,7,21,6,34,2,10,12,46
08/18/2017,SUX,IA,ACE,CE,Combined TRACON& Tower with Radar,0,6,22,20,48,0,0,18,3,21,0,6,40,23,69,10,2,12,81
08/19/2017,SUX,IA,ACE,CE,Combined TRACON& Tower with Radar,0,3,14,0,17,0,2,21,0,23,0,5,35,0,40,36,0,36,76
08/20/2017,SUX,IA,ACE,CE,Combined TRACON& Tower with Radar,0,6,10,0,16,0,1,15,0,16,0,7,25,0,32,22,0,22,54
08/21/2017,SUX,IA,ACE,CE,Combined TRACON& Tower with Radar,0,11,27,1,39,0,1,18,0,19,0,12,45,1,58,0,0,0,58
08/22/2017,SUX,IA,ACE,CE,Combined TRACON& Tower with Radar,0,7,22,21,50,0,1,7,0,8,0,8,29,21,58,0,24,24,82
08/23/2017,SUX,IA,ACE,CE,Combined TRACON& Tower with Radar,0,15,15,8,38,5,5,13,0,23,5,20,28,8,61,32,0,32,93
08/24/2017,SUX,IA,ACE,CE,Combined TRACON& Tower with Radar,0,18,24,7,49,0,0,3,0,3,0,18,27,7,52,0,6,6,58
08/25/2017,SUX,IA,ACE,CE,Combined TRACON& Tower with Radar,0,14,17,16,47,0,0,9,0,9,0,14,26,16,56,34,0,34,90
08/26/2017,SUX,IA,ACE,CE,Combined TRACON& Tower with Radar,0,11,4,0,15,2,0,10,0,12,2,11,14,0,27,0,0,0,27
08/27/2017,SUX,IA,ACE,CE,Combined TRACON& Tower with Radar,0,7,11,0,18,0,0,23,0,23,0,7,34,0,41,36,0,36,77
08/28/2017,SUX,IA,ACE,CE,Combined TRACON& Tower with Radar,0,6,10,1,17,0,2,16,0,18,0,8,26,1,35,0,0,0,35
08/29/2017,SUX,IA,ACE,CE,Combined TRACON& Tower with Radar,0,10,15,22,47,0,0,12,0,12,0,10,27,22,59,8,24,32,91
08/30/2017,SUX,IA,ACE,CE,Combined TRACON& Tower with Radar,0,10,14,13,37,0,0,22,0,22,0,10,36,13,59,14,10,24,83
08/31/2017,SUX,IA,ACE,CE,Combined TRACON& Tower with Radar,0,9,23,13,45,0,2,7,0,9,0,11,30,13,54,6,0,6,60
09/01/2017,SUX,IA,ACE,CE,Combined TRACON& Tower with Radar,0,6,20,0,26,3,0,1,0,4,3,6,21,0,30,0,0,0,30
09/02/2017,SUX,IA,ACE,CE,Combined TRACON& Tower with Radar,0,8,5,0,13,1,0,8,0,9,1,8,13,0,22,4,0,4,26
09/03/2017,SUX,IA,ACE,CE,Combined TRACON& Tower with Radar,0,10,3,0,13,4,1,7,0,12,4,11,10,0,25,2,0,2,27
09/04/2017,SUX,IA,ACE,CE,Combined TRACON& Tower with Radar,0,7,19,0,26,0,0,11,0,11,0,7,30,0,37,0,0,0,37
09/05/2017,SUX,IA,ACE,CE,Combined TRACON& Tower with Radar,0,7,20,0,27,0,0,12,0,12,0,7,32,0,39,10,0,10,49
09/06/2017,SUX,IA,ACE,CE,Combined TRACON& Tower with Radar,0,10,20,36,66,0,0,35,0,35,0,10,55,36,101,24,12,36,137
09/07/2017,SUX,IA,ACE,CE,Combined TRACON& Tower with Radar,0,6,12,8,26,0,1,31,8,40,0,7,43,16,66,4,12,16,82
09/08/2017,SUX,IA,ACE,CE,Combined TRACON& Tower with Radar,0,6,16,5,27,0,2,21,0,23,0,8,37,5,50,40,8,48,98
09/09/2017,SUX,IA,ACE,CE,Combined TRACON& Tower with Radar,0,8,10,0,18,4,0,9,0,13,4,8,19,0,31,16,0,16,47
09/10/2017,SUX,IA,ACE,CE,Combined TRACON& Tower with Radar,0,7,11,0,18,4,0,17,2,23,4,7,28,2,41,0,6,6,47
09/11/2017,SUX,IA,ACE,CE,Combined TRACON& Tower with Radar,0,9,7,0,16,0,0,13,0,13,0,9,20,0,29,26,0,26,55
09/12/2017,SUX,IA,ACE,CE,Combined TRACON& Tower with Radar,0,6,24,18,48,0,0,7,4,11,0,6,31,22,59,0,0,0,59
09/13/2017,SUX,IA,ACE,CE,Combined TRACON& Tower with Radar,0,8,25,17,50,0,1,15,0,16,0,9,40,17,66,6,4,10,76
09/14/2017,SUX,IA,ACE,CE,Combined TRACON& Tower with Radar,0,6,22,1,29,0,0,8,0,8,0,6,30,1,37,6,0,6,43
09/15/2017,SUX,IA,ACE,CE,Combined TRACON& Tower with Radar,0,11,17,15,43,0,0,9,0,9,0,11,26,15,52,30,4,34,86
09/16/2017,SUX,IA,ACE,CE,Combined TRACON& Tower with Radar,0,6,15,11,32,0,0,7,0,7,0,6,22,11,39,0,16,16,55
09/17/2017,SUX,IA,ACE,CE,Combined TRACON& Tower with Radar,0,8,8,2,18,0,0,20,0,20,0,8,28,2,38,36,0,36,74
09/18/2017,SUX,IA,ACE,CE,Combined TRACON& Tower with Radar,0,8,14,0,22,0,0,2,0,2,0,8,16,0,24,0,0,0,24
09/19/2017,SUX,IA,ACE,CE,Combined TRACON& Tower with Radar,0,6,28,32,66,0,1,4,0,5,0,7,32,32,71,18,12,30,101
09/20/2017,SUX,IA,ACE,CE,Combined TRACON& Tower with Radar,0,6,29,4,39,0,0,8,0,8,0,6,37,4,47,0,0,0,47
09/21/2017,SUX,IA,ACE,CE,Combined TRACON& Tower with Radar,0,9,23,6,38,0,0,7,0,7,0,9,30,6,45,0,0,0,45
09/22/2017,SUX,IA,ACE,CE,Combined TRACON& Tower with Radar,0,6,14,3,23,0,1,5,0,6,0,7,19,3,29,0,0,0,29
09/23/2017,SUX,IA,ACE,CE,Combined TRACON& Tower with Radar,0,6,15,1,22,2,0,6,0,8,2,6,21,1,30,26,0,26,56
09/24/2017,SUX,IA,ACE,CE,Combined TRACON& Tower with Radar,0,6,13,3,22,0,1,7,0,8,0,7,20,3,30,0,0,0,30
09/25/2017,SUX,IA,ACE,CE,Combined TRACON& Tower with Radar,0,8,13,2,23,0,0,0,0,0,0,8,13,2,23,0,0,0,23
09/26/2017,SUX,IA,ACE,CE,Combined TRACON& Tower with Radar,0,8,30,27,65,0,0,7,0,7,0,8,37,27,72,0,12,12,84
09/27/2017,SUX,IA,ACE,CE,Combined TRACON& Tower with Radar,0,8,11,20,39,0,0,18,2,20,0,8,29,22,59,0,14,14,73
09/28/2017,SUX,IA,ACE,CE,Combined TRACON& Tower with Radar,0,9,30,13,52,0,1,8,0,9,0,10,38,13,61,16,16,32,93
09/29/2017,SUX,IA,ACE,CE,Combined TRACON& Tower with Radar,2,6,15,9,32,0,0,15,0,15,2,6,30,9,47,12,4,16,63
09/30/2017,SUX,IA,ACE,CE,Combined TRACON& Tower with Radar,0,12,16,0,28,0,0,7,0,7,0,12,23,0,35,6,0,6,41
10/01/2017,SUX,IA,ACE,CE,Combined TRACON& Tower with Radar,0,7,5,0,12,0,0,1,0,1,0,7,6,0,13,0,0,0,13
10/02/2017,SUX,IA,ACE,CE,Combined TRACON& Tower with Radar,0,5,11,0,16,0,1,4,0,5,0,6,15,0,21,0,0,0,21
10/03/2017,SUX,IA,ACE,CE,Combined TRACON& Tower with Radar,2,6,28,5,41,0,0,14,0,14,2,6,42,5,55,12,0,12,67
10/04/2017,SUX,IA,ACE,CE,Combined TRACON& Tower with Radar,1,9,30,17,57,0,2,8,0,10,1,11,38,17,67,16,6,22,89
10/05/2017,SUX,IA,ACE,CE,Combined TRACON& Tower with Radar,0,6,8,12,26,0,0,0,0,0,0,6,8,12,26,0,0,0,26
10/06/2017,SUX,IA,ACE,CE,Combined TRACON& Tower with Radar,0,6,15,0,21,0,0,0,0,0,0,6,15,0,21,0,0,0,21
10/07/2017,SUX,IA,ACE,CE,Combined TRACON& Tower with Radar,2,8,12,2,24,0,3,3,0,6,2,11,15,2,30,0,0,0,30
10/08/2017,SUX,IA,ACE,CE,Combined TRACON& Tower with Radar,3,6,13,1,23,0,0,17,1,18,3,6,30,2,41,36,0,36,77
10/09/2017,SUX,IA,ACE,CE,Combined TRACON& Tower with Radar,0,7,12,1,20,0,0,5,0,5,0,7,17,1,25,0,0,0,25
10/10/2017,SUX,IA,ACE,CE,Combined TRACON& Tower with Radar,0,11,44,0,55,0,2,22,0,24,0,13,66,0,79,0,0,0,79
10/11/2017,SUX,IA,ACE,CE,Combined TRACON& Tower with Radar,0,5,34,35,74,0,5,10,0,15,0,10,44,35,89,0,18,18,107
10/12/2017,SUX,IA,ACE,CE,Combined TRACON& Tower with Radar,0,9,21,0,30,0,0,7,0,7,0,9,28,0,37,8,0,8,45
10/13/2017,SUX,IA,ACE,CE,Combined TRACON& Tower with Radar,2,6,35,45,88,0,0,10,0,10,2,6,45,45,98,20,10,30,128
10/14/2017,SUX,IA,ACE,CE,Combined TRACON& Tower with Radar,2,4,14,0,20,0,0,0,0,0,2,4,14,0,20,0,0,0,20
10/15/2017,SUX,IA,ACE,CE,Combined TRACON& Tower with Radar,0,6,16,7,29,0,0,7,0,7,0,6,23,7,36,26,0,26,62
10/16/2017,SUX,IA,ACE,CE,Combined TRACON& Tower with Radar,0,8,14,1,23,0,1,25,0,26,0,9,39,1,49,6,0,6,55
10/17/2017,SUX,IA,ACE,CE,Combined TRACON& Tower with Radar,0,7,30,15,52,0,0,20,0,20,0,7,50,15,72,3,4,7,79
10/18/2017,SUX,IA,ACE,CE,Combined TRACON& Tower with Radar,0,11,21,26,58,0,1,8,0,9,0,12,29,26,67,12,36,48,115
10/19/2017,SUX,IA,ACE,CE,Combined TRACON& Tower with Radar,0,9,12,14,35,0,2,12,2,16,0,11,24,16,51,0,8,8,59
10/20/2017,SUX,IA,ACE,CE,Combined TRACON& Tower with Radar,0,13,15,3,31,0,3,8,1,12,0,16,23,4,43,2,0,2,45
10/21/2017,SUX,IA,ACE,CE,Combined TRACON& Tower with Radar,0,8,8,0,16,0,0,0,0,0,0,8,8,0,16,0,0,0,16
10/22/2017,SUX,IA,ACE,CE,Combined TRACON& Tower with Radar,0,6,11,0,17,0,0,15,0,15,0,6,26,0,32,20,0,20,52
10/23/2017,SUX,IA,ACE,CE,Combined TRACON& Tower with Radar,0,8,17,13,38,0,0,4,0,4,0,8,21,13,42,0,0,0,42
10/24/2017,SUX,IA,ACE,CE,Combined TRACON& Tower with Radar,0,6,20,4,30,0,1,6,1,8,0,7,26,5,38,0,2,2,40
10/25/2017,SUX,IA,ACE,CE,Combined TRACON& Tower with Radar,0,8,41,8,57,0,1,19,1,21,0,9,60,9,78,12,10,22,100
10/26/2017,SUX,IA,ACE,CE,Combined TRACON& Tower with Radar,0,9,17,17,43,0,0,2,0,2,0,9,19,17,45,0,0,0,45
10/27/2017,SUX,IA,ACE,CE,Combined TRACON& Tower with Radar,2,7,14,4,27,0,0,5,0,5,2,7,19,4,32,0,0,0,32
10/28/2017,SUX,IA,ACE,CE,Combined TRACON& Tower with Radar,2,6,23,0,31,0,0,12,1,13,2,6,35,1,44,0,0,0,44
10/29/2017,SUX,IA,ACE,CE,Combined TRACON& Tower with Radar,0,5,11,0,16,0,0,9,0,9,0,5,20,0,25,0,0,0,25
10/30/2017,SUX,IA,ACE,CE,Combined TRACON& Tower with Radar,0,6,10,1,17,0,0,9,0,9,0,6,19,1,26,0,0,0,26
10/31/2017,SUX,IA,ACE,CE,Combined TRACON& Tower with Radar,0,7,14,7,28,0,0,6,0,6,0,7,20,7,34,0,0,0,34
11/01/2017,SUX,IA,ACE,CE,Combined TRACON& Tower with Radar,0,9,19,4,32,0,1,12,0,13,0,10,31,4,45,14,4,18,63
11/02/2017,SUX,IA,ACE,CE,Combined TRACON& Tower with Radar,0,9,35,10,54,0,2,13,0,15,0,11,48,10,69,8,0,8,77
11/03/2017,SUX,IA,ACE,CE,Combined TRACON& Tower with Radar,0,8,16,6,30,0,0,10,0,10,0,8,26,6,40,0,0,0,40
11/04/2017,SUX,IA,ACE,CE,Combined TRACON& Tower with Radar,0,8,23,7,38,0,1,5,0,6,0,9,28,7,44,0,2,2,46
11/05/2017,SUX,IA,ACE,CE,Combined TRACON& Tower with Radar,2,8,7,8,25,0,0,10,0,10,2,8,17,8,35,10,0,10,45
11/06/2017,SUX,IA,ACE,CE,Combined TRACON& Tower with Radar,0,6,6,0,12,0,0,6,0,6,0,6,12,0,18,0,0,0,18
11/07/2017,SUX,IA,ACE,CE,Combined TRACON& Tower with Radar,1,5,11,17,34,0,3,3,0,6,1,8,14,17,40,0,4,4,44
11/08/2017,SUX,IA,ACE,CE,Combined TRACON& Tower with Radar,0,5,10,29,44,0,1,11,0,12,0,6,21,29,56,0,0,0,56
11/09/2017,SUX,IA,ACE,CE,Combined TRACON& Tower with Radar,2,8,35,35,80,0,2,25,2,29,2,10,60,37,109,14,18,32,141
11/10/2017,SUX,IA,ACE,CE,Combined TRACON& Tower with Radar,1,6,18,1,26,0,0,4,0,4,1,6,22,1,30,0,0,0,30
11/11/2017,SUX,IA,ACE,CE,Combined TRACON& Tower with Radar,0,8,10,0,18,0,0,4,0,4,0,8,14,0,22,6,0,6,28
11/12/2017,SUX,IA,ACE,CE,Combined TRACON& Tower with Radar,0,7,12,0,19,0,0,22,0,22,0,7,34,0,41,2,0,2,43
11/13/2017,SUX,IA,ACE,CE,Combined TRACON& Tower with Radar,0,9,10,0,19,0,0,1,0,1,0,9,11,0,20,0,0,0,20
11/14/2017,SUX,IA,ACE,CE,Combined TRACON& Tower with Radar,0,8,17,26,51,0,0,2,0,2,0,8,19,26,53,0,0,0,53
11/15/2017,SUX,IA,ACE,CE,Combined TRACON& Tower with Radar,0,9,27,16,52,0,2,4,0,6,0,11,31,16,58,2,4,6,64
11/16/2017,SUX,IA,ACE,CE,Combined TRACON& Tower with Radar,0,6,16,2,24,0,0,3,0,3,0,6,19,2,27,0,0,0,27
11/17/2017,SUX,IA,ACE,CE,Combined TRACON& Tower with Radar,0,8,24,10,42,0,0,6,0,6,0,8,30,10,48,8,0,8,56
11/18/2017,SUX,IA,ACE,CE,Combined TRACON& Tower with Radar,0,11,5,0,16,0,2,6,0,8,0,13,11,0,24,0,0,0,24
11/19/2017,SUX,IA,ACE,CE,Combined TRACON& Tower with Radar,0,9,14,0,23,0,0,27,1,28,0,9,41,1,51,16,0,16,67
11/20/2017,SUX,IA,ACE,CE,Combined TRACON& Tower with Radar,0,14,24,11,49,0,0,12,0,12,0,14,36,11,61,0,0,0,61
11/21/2017,SUX,IA,ACE,CE,Combined TRACON& Tower with Radar,0,16,12,10,38,0,0,5,0,5,0,16,17,10,43,0,8,8,51
11/22/2017,SUX,IA,ACE,CE,Combined TRACON& Tower with Radar,0,9,12,14,35,0,0,7,0,7,0,9,19,14,42,4,26,30,72
11/23/2017,SUX,IA,ACE,CE,Combined TRACON& Tower with Radar,0,6,5,0,11,0,0,5,0,5,0,6,10,0,16,0,0,0,16
11/24/2017,SUX,IA,ACE,CE,Combined TRACON& Tower with Radar,0,5,7,0,12,0,0,5,0,5,0,5,12,0,17,0,0,0,17
11/25/2017,SUX,IA,ACE,CE,Combined TRACON& Tower with Radar,0,6,17,1,24,0,0,22,0,22,0,6,39,1,46,14,0,14,60
11/26/2017,SUX,IA,ACE,CE,Combined TRACON& Tower with Radar,0,9,6,0,15,0,1,18,0,19,0,10,24,0,34,4,0,4,38
11/27/2017,SUX,IA,ACE,CE,Combined TRACON& Tower with Radar,0,9,18,3,30,0,1,10,0,11,0,10,28,3,41,0,4,4,45
11/28/2017,SUX,IA,ACE,CE,Combined TRACON& Tower with Radar,0,7,21,11,39,0,0,7,0,7,0,7,28,11,46,0,20,20,66
11/29/2017,SUX,IA,ACE,CE,Combined TRACON& Tower with Radar,0,8,23,9,40,0,2,10,1,13,0,10,33,10,53,0,6,6,59
11/30/2017,SUX,IA,ACE,CE,Combined TRACON& Tower with Radar,0,6,22,18,46,0,1,9,0,10,0,7,31,18,56,20,4,24,80
12/01/2017,SUX,IA,ACE,CE,Combined TRACON& Tower with Radar,0,8,18,4,30,0,0,20,0,20,0,8,38,4,50,0,0,0,50
12/02/2017,SUX,IA,ACE,CE,Combined TRACON& Tower with Radar,0,9,24,0,33,0,0,26,0,26,0,9,50,0,59,10,0,10,69
12/03/2017,SUX,IA,ACE,CE,Combined TRACON& Tower with Radar,0,6,8,1,15,0,5,14,0,19,0,11,22,1,34,6,0,6,40
12/04/2017,SUX,IA,ACE,CE,Combined TRACON& Tower with Radar,0,4,18,2,24,0,0,1,0,1,0,4,19,2,25,0,0,0,25
12/05/2017,SUX,IA,ACE,CE,Combined TRACON& Tower with Radar,0,10,32,23,65,0,2,3,0,5,0,12,35,23,70,0,20,20,90
12/06/2017,SUX,IA,ACE,CE,Combined TRACON& Tower with Radar,0,12,17,1,30,0,2,2,0,4,0,14,19,1,34,0,0,0,34
12/07/2017,SUX,IA,ACE,CE,Combined TRACON& Tower with Radar,0,8,13,3,24,0,0,4,0,4,0,8,17,3,28,0,0,0,28
12/08/2017,SUX,IA,ACE,CE,Combined TRACON& Tower with Radar,0,8,15,12,35,0,0,2,0,2,0,8,17,12,37,0,0,0,37
12/09/2017,SUX,IA,ACE,CE,Combined TRACON& Tower with Radar,0,9,19,0,28,0,1,14,0,15,0,10,33,0,43,0,0,0,43
12/10/2017,SUX,IA,ACE,CE,Combined TRACON& Tower with Radar,0,10,11,0,21,0,0,20,0,20,0,10,31,0,41,6,0,6,47
12/11/2017,SUX,IA,ACE,CE,Combined TRACON& Tower with Radar,0,5,21,0,26,0,2,4,0,6,0,7,25,0,32,0,0,0,32
12/12/2017,SUX,IA,ACE,CE,Combined TRACON& Tower with Radar,0,5,13,11,29,0,0,11,0,11,0,5,24,11,40,8,0,8,48
12/13/2017,SUX,IA,ACE,CE,Combined TRACON& Tower with Radar,0,6,11,13,30,0,1,2,0,3,0,7,13,13,33,0,8,8,41
12/14/2017,SUX,IA,ACE,CE,Combined TRACON& Tower with Radar,0,9,22,18,49,0,0,4,0,4,0,9,26,18,53,0,20,20,73
12/15/2017,SUX,IA,ACE,CE,Combined TRACON& Tower with Radar,0,9,27,21,57,0,0,8,2,10,0,9,35,23,67,0,20,20,87
12/16/2017,SUX,IA,ACE,CE,Combined TRACON& Tower with Radar,0,6,17,0,23,0,1,11,0,12,0,7,28,0,35,0,0,0,35
12/17/2017,SUX,IA,ACE,CE,Combined TRACON& Tower with Radar,0,8,7,0,15,0,0,3,0,3,0,8,10,0,18,0,0,0,18
12/18/2017,SUX,IA,ACE,CE,Combined TRACON& Tower with Radar,0,6,19,0,25,0,0,11,0,11,0,6,30,0,36,6,0,6,42
12/19/2017,SUX,IA,ACE,CE,Combined TRACON& Tower with Radar,0,8,26,21,55,0,2,11,0,13,0,10,37,21,68,0,8,8,76
12/20/2017,SUX,IA,ACE,CE,Combined TRACON& Tower with Radar,0,8,21,16,45,0,5,8,1,14,0,13,29,17,59,0,6,6,65
12/21/2017,SUX,IA,ACE,CE,Combined TRACON& Tower with Radar,0,6,11,3,20,0,0,2,0,2,0,6,13,3,22,0,0,0,22
12/22/2017,SUX,IA,ACE,CE,Combined TRACON& Tower with Radar,0,11,11,3,25,0,4,15,0,19,0,15,26,3,44,22,0,22,66
12/23/2017,SUX,IA,ACE,CE,Combined TRACON& Tower with Radar,0,15,1,0,16,1,3,1,0,5,1,18,2,0,21,0,0,0,21
12/24/2017,SUX,IA,ACE,CE,Combined TRACON& Tower with Radar,0,6,0,0,6,0,0,5,0,5,0,6,5,0,11,0,0,0,11
12/25/2017,SUX,IA,ACE,CE,Combined TRACON& Tower with Radar,0,11,4,0,15,0,0,2,0,2,0,11,6,0,17,0,0,0,17
12/26/2017,SUX,IA,ACE,CE,Combined TRACON& Tower with Radar,0,6,13,0,19,0,0,7,0,7,0,6,20,0,26,6,0,6,32
12/27/2017,SUX,IA,ACE,CE,Combined TRACON& Tower with Radar,0,15,14,0,29,0,0,0,2,2,0,15,14,2,31,0,0,0,31
12/28/2017,SUX,IA,ACE,CE,Combined TRACON& Tower with Radar,0,6,7,3,16,0,0,2,0,2,0,6,9,3,18,0,16,16,34
12/29/2017,SUX,IA,ACE,CE,Combined TRACON& Tower with Radar,0,7,8,0,15,0,0,0,0,0,0,7,8,0,15,0,0,0,15
12/30/2017,SUX,IA,ACE,CE,Combined TRACON& Tower with Radar,0,8,2,0,10,0,0,0,0,0,0,8,2,0,10,0,0,0,10
12/31/2017,SUX,IA,ACE,CE,Combined TRACON& Tower with Radar,0,3,2,1,6,0,0,2,0,2,0,3,4,1,8,0,0,0,8
01/01/2018,SUX,IA,ACE,CE,Combined TRACON& Tower with Radar,0,12,3,0,15,0,0,3,0,3,0,12,6,0,18,0,0,0,18
01/02/2018,SUX,IA,ACE,CE,Combined TRACON& Tower with Radar,0,7,16,0,23,0,2,3,0,5,0,9,19,0,28,0,0,0,28
01/03/2018,SUX,IA,ACE,CE,Combined TRACON& Tower with Radar,2,11,10,1,24,0,1,3,0,4,2,12,13,1,28,0,0,0,28
01/04/2018,SUX,IA,ACE,CE,Combined TRACON& Tower with Radar,0,11,8,0,19,0,1,3,0,4,0,12,11,0,23,6,0,6,29
01/05/2018,SUX,IA,ACE,CE,Combined TRACON& Tower with Radar,0,8,12,5,25,0,1,1,0,2,0,9,13,5,27,0,0,0,27
01/06/2018,SUX,IA,ACE,CE,Combined TRACON& Tower with Radar,0,6,13,0,19,0,2,5,0,7,0,8,18,0,26,0,0,0,26
01/07/2018,SUX,IA,ACE,CE,Combined TRACON& Tower with Radar,0,4,15,3,22,0,0,18,0,18,0,4,33,3,40,10,0,10,50
01/08/2018,SUX,IA,ACE,CE,Combined TRACON& Tower with Radar,0,6,6,1,13,0,0,19,0,19,0,6,25,1,32,0,0,0,32
01/09/2018,SUX,IA,ACE,CE,Combined TRACON& Tower with Radar,0,9,25,10,44,0,0,7,0,7,0,9,32,10,51,0,4,4,55
01/10/2018,SUX,IA,ACE,CE,Combined TRACON& Tower with Radar,0,12,17,7,36,0,0,0,0,0,0,12,17,7,36,0,0,0,36
01/11/2018,SUX,IA,ACE,CE,Combined TRACON& Tower with Radar,0,9,6,0,15,0,0,0,0,0,0,9,6,0,15,0,0,0,15
01/12/2018,SUX,IA,ACE,CE,Combined TRACON& Tower with Radar,0,6,13,3,22,1,0,1,0,2,1,6,14,3,24,0,6,6,30
01/13/2018,SUX,IA,ACE,CE,Combined TRACON& Tower with Radar,0,5,7,0,12,3,1,6,0,10,3,6,13,0,22,0,0,0,22
01/14/2018,SUX,IA,ACE,CE,Combined TRACON& Tower with Radar,0,7,3,0,10,0,0,0,0,0,0,7,3,0,10,0,0,0,10
01/15/2018,SUX,IA,ACE,CE,Combined TRACON& Tower with Radar,0,6,7,0,13,0,0,4,0,4,0,6,11,0,17,0,0,0,17
01/16/2018,SUX,IA,ACE,CE,Combined TRACON& Tower with Radar,0,8,21,6,35,0,2,1,0,3,0,10,22,6,38,26,28,54,92
01/17/2018,SUX,IA,ACE,CE,Combined TRACON& Tower with Radar,0,12,23,2,37,0,8,11,0,19,0,20,34,2,56,26,0,26,82
01/18/2018,SUX,IA,ACE,CE,Combined TRACON& Tower with Radar,0,5,17,0,22,0,0,6,0,6,0,5,23,0,28,20,0,20,48
01/19/2018,SUX,IA,ACE,CE,Combined TRACON& Tower with Radar,0,7,12,14,33,0,0,11,0,11,0,7,23,14,44,0,0,0,44
01/20/2018,SUX,IA,ACE,CE,Combined TRACON& Tower with Radar,2,5,14,0,21,0,0,35,0,35,2,5,49,0,56,21,0,21,77
01/21/2018,SUX,IA,ACE,CE,Combined TRACON& Tower with Radar,1,8,7,0,16,0,1,0,0,1,1,9,7,0,17,0,0,0,17
01/22/2018,SUX,IA,ACE,CE,Combined TRACON& Tower with Radar,0,0,0,0,0,0,0,0,0,0,0,0,0,0,0,0,0,0,0
01/23/2018,SUX,IA,ACE,CE,Combined TRACON& Tower with Radar,1,5,4,1,11,0,0,0,0,0,1,5,4,1,11,0,0,0,11
01/24/2018,SUX,IA,ACE,CE,Combined TRACON& Tower with Radar,0,10,14,2,26,0,0,0,0,0,0,10,14,2,26,0,0,0,26
01/25/2018,SUX,IA,ACE,CE,Combined TRACON& Tower with Radar,0,6,29,0,35,0,1,5,0,6,0,7,34,0,41,2,0,2,43
01/26/2018,SUX,IA,ACE,CE,Combined TRACON& Tower with Radar,0,5,18,32,55,0,0,9,0,9,0,5,27,32,64,0,8,8,72
01/27/2018,SUX,IA,ACE,CE,Combined TRACON& Tower with Radar,0,4,21,0,25,0,0,20,0,20,0,4,41,0,45,6,0,6,51
01/28/2018,SUX,IA,ACE,CE,Combined TRACON& Tower with Radar,0,7,9,0,16,0,0,0,0,0,0,7,9,0,16,0,0,0,16
01/29/2018,SUX,IA,ACE,CE,Combined TRACON& Tower with Radar,0,8,6,2,16,0,0,10,0,10,0,8,16,2,26,0,4,4,30
01/30/2018,SUX,IA,ACE,CE,Combined TRACON& Tower with Radar,0,8,11,12,31,0,0,4,0,4,0,8,15,12,35,0,4,4,39
01/31/2018,SUX,IA,ACE,CE,Combined TRACON& Tower with Radar,0,7,15,17,39,0,1,13,0,14,0,8,28,17,53,10,4,14,67
02/01/2018,SUX,IA,ACE,CE,Combined TRACON& Tower with Radar,0,7,15,4,26,0,0,2,0,2,0,7,17,4,28,0,2,2,30
02/02/2018,SUX,IA,ACE,CE,Combined TRACON& Tower with Radar,0,5,14,7,26,0,0,6,0,6,0,5,20,7,32,22,6,28,60
02/03/2018,SUX,IA,ACE,CE,Combined TRACON& Tower with Radar,0,4,9,1,14,0,0,9,0,9,0,4,18,1,23,0,0,0,23
02/04/2018,SUX,IA,ACE,CE,Combined TRACON& Tower with Radar,0,5,7,0,12,0,0,0,0,0,0,5,7,0,12,0,0,0,12
02/05/2018,SUX,IA,ACE,CE,Combined TRACON& Tower with Radar,1,4,8,1,14,0,0,0,0,0,1,4,8,1,14,0,0,0,14
02/06/2018,SUX,IA,ACE,CE,Combined TRACON& Tower with Radar,0,10,21,13,44,0,2,0,0,2,0,12,21,13,46,0,4,4,50
02/07/2018,SUX,IA,ACE,CE,Combined TRACON& Tower with Radar,1,7,12,23,43,0,2,5,0,7,1,9,17,23,50,0,4,4,54
02/08/2018,SUX,IA,ACE,CE,Combined TRACON& Tower with Radar,0,7,9,7,23,0,0,0,2,2,0,7,9,9,25,0,0,0,25
02/09/2018,SUX,IA,ACE,CE,Combined TRACON& Tower with Radar,0,3,14,0,17,0,0,3,0,3,0,3,17,0,20,0,0,0,20
02/10/2018,SUX,IA,ACE,CE,Combined TRACON& Tower with Radar,0,3,7,5,15,0,2,7,0,9,0,5,14,5,24,0,6,6,30
02/11/2018,SUX,IA,ACE,CE,Combined TRACON& Tower with Radar,0,4,19,8,31,0,0,22,0,22,0,4,41,8,53,0,0,0,53
02/12/2018,SUX,IA,ACE,CE,Combined TRACON& Tower with Radar,0,6,10,0,16,0,0,4,0,4,0,6,14,0,20,0,0,0,20
02/13/2018,SUX,IA,ACE,CE,Combined TRACON& Tower with Radar,0,13,14,9,36,0,3,4,0,7,0,16,18,9,43,0,4,4,47
02/14/2018,SUX,IA,ACE,CE,Combined TRACON& Tower with Radar,0,6,11,6,23,0,2,5,0,7,0,8,16,6,30,0,8,8,38
02/15/2018,SUX,IA,ACE,CE,Combined TRACON& Tower with Radar,0,9,19,11,39,0,2,3,1,6,0,11,22,12,45,0,0,0,45
02/16/2018,SUX,IA,ACE,CE,Combined TRACON& Tower with Radar,0,8,7,5,20,0,6,12,0,18,0,14,19,5,38,0,0,0,38
02/17/2018,SUX,IA,ACE,CE,Combined TRACON& Tower with Radar,0,3,4,0,7,0,3,13,0,16,0,6,17,0,23,0,0,0,23
02/18/2018,SUX,IA,ACE,CE,Combined TRACON& Tower with Radar,0,4,5,0,9,0,1,4,0,5,0,5,9,0,14,8,0,8,22
02/19/2018,SUX,IA,ACE,CE,Combined TRACON& Tower with Radar,0,2,5,0,7,0,0,0,0,0,0,2,5,0,7,0,0,0,7
02/20/2018,SUX,IA,ACE,CE,Combined TRACON& Tower with Radar,0,11,16,1,28,0,0,2,0,2,0,11,18,1,30,0,0,0,30
02/21/2018,SUX,IA,ACE,CE,Combined TRACON& Tower with Radar,0,11,17,1,29,0,5,10,0,15,0,16,27,1,44,2,0,2,46
02/22/2018,SUX,IA,ACE,CE,Combined TRACON& Tower with Radar,0,8,6,0,14,0,0,0,0,0,0,8,6,0,14,0,0,0,14
02/23/2018,SUX,IA,ACE,CE,Combined TRACON& Tower with Radar,1,9,13,1,24,0,0,0,0,0,1,9,13,1,24,0,0,0,24
02/24/2018,SUX,IA,ACE,CE,Combined TRACON& Tower with Radar,0,3,0,1,4,0,0,0,0,0,0,3,0,1,4,0,0,0,4
02/25/2018,SUX,IA,ACE,CE,Combined TRACON& Tower with Radar,0,6,11,0,17,0,0,15,0,15,0,6,26,0,32,8,0,8,40
02/26/2018,SUX,IA,ACE,CE,Combined TRACON& Tower with Radar,0,6,14,1,21,0,1,13,0,14,0,7,27,1,35,4,0,4,39
02/27/2018,SUX,IA,ACE,CE,Combined TRACON& Tower with Radar,0,8,26,7,41,0,1,9,0,10,0,9,35,7,51,0,0,0,51
02/28/2018,SUX,IA,ACE,CE,Combined TRACON& Tower with Radar,1,8,8,26,43,0,0,2,0,2,1,8,10,26,45,4,12,16,61
03/01/2018,SUX,IA,ACE,CE,Combined TRACON& Tower with Radar,3,9,13,17,42,0,3,5,0,8,3,12,18,17,50,0,4,4,54
03/02/2018,SUX,IA,ACE,CE,Combined TRACON& Tower with Radar,2,7,6,3,18,3,1,5,0,9,5,8,11,3,27,8,0,8,35
03/03/2018,SUX,IA,ACE,CE,Combined TRACON& Tower with Radar,0,3,6,1,10,0,5,4,0,9,0,8,10,1,19,0,0,0,19
03/04/2018,SUX,IA,ACE,CE,Combined TRACON& Tower with Radar,3,8,5,0,16,0,3,1,0,4,3,11,6,0,20,8,0,8,28
03/05/2018,SUX,IA,ACE,CE,Combined TRACON& Tower with Radar,0,4,3,0,7,0,0,0,0,0,0,4,3,0,7,0,0,0,7
03/06/2018,SUX,IA,ACE,CE,Combined TRACON& Tower with Radar,0,7,10,0,17,0,2,0,0,2,0,9,10,0,19,0,0,0,19
03/07/2018,SUX,IA,ACE,CE,Combined TRACON& Tower with Radar,0,8,14,4,26,0,2,2,0,4,0,10,16,4,30,0,0,0,30
03/08/2018,SUX,IA,ACE,CE,Combined TRACON& Tower with Radar,0,8,20,3,31,2,0,5,0,7,2,8,25,3,38,6,0,6,44
03/09/2018,SUX,IA,ACE,CE,Combined TRACON& Tower with Radar,1,6,19,2,28,0,4,10,0,14,1,10,29,2,42,0,0,0,42
03/10/2018,SUX,IA,ACE,CE,Combined TRACON& Tower with Radar,0,5,17,0,22,0,0,16,0,16,0,5,33,0,38,0,0,0,38
03/11/2018,SUX,IA,ACE,CE,Combined TRACON& Tower with Radar,0,8,2,1,11,0,0,1,0,1,0,8,3,1,12,0,0,0,12
03/12/2018,SUX,IA,ACE,CE,Combined TRACON& Tower with Radar,0,5,13,2,20,0,4,7,0,11,0,9,20,2,31,0,0,0,31
03/13/2018,SUX,IA,ACE,CE,Combined TRACON& Tower with Radar,0,8,20,5,33,0,4,16,0,20,0,12,36,5,53,2,0,2,55
03/14/2018,SUX,IA,ACE,CE,Combined TRACON& Tower with Radar,0,6,16,4,26,0,1,12,0,13,0,7,28,4,39,2,0,2,41
03/15/2018,SUX,IA,ACE,CE,Combined TRACON& Tower with Radar,1,5,28,0,34,2,0,9,0,11,3,5,37,0,45,10,0,10,55
03/16/2018,SUX,IA,ACE,CE,Combined TRACON& Tower with Radar,0,7,2,0,9,0,1,0,0,1,0,8,2,0,10,0,0,0,10
03/17/2018,SUX,IA,ACE,CE,Combined TRACON& Tower with Radar,0,6,7,1,14,0,5,0,0,5,0,11,7,1,19,20,0,20,39
03/18/2018,SUX,IA,ACE,CE,Combined TRACON& Tower with Radar,0,6,8,0,14,0,0,2,0,2,0,6,10,0,16,0,0,0,16
03/19/2018,SUX,IA,ACE,CE,Combined TRACON& Tower with Radar,0,7,9,2,18,0,1,2,0,3,0,8,11,2,21,0,0,0,21
03/20/2018,SUX,IA,ACE,CE,Combined TRACON& Tower with Radar,0,6,14,1,21,0,0,3,0,3,0,6,17,1,24,0,0,0,24
03/21/2018,SUX,IA,ACE,CE,Combined TRACON& Tower with Radar,0,10,10,4,24,0,0,19,0,19,0,10,29,4,43,24,0,24,67
03/22/2018,SUX,IA,ACE,CE,Combined TRACON& Tower with Radar,0,7,19,7,33,0,2,7,0,9,0,9,26,7,42,0,0,0,42
03/23/2018,SUX,IA,ACE,CE,Combined TRACON& Tower with Radar,1,6,13,15,35,0,3,3,0,6,1,9,16,15,41,0,4,4,45
03/24/2018,SUX,IA,ACE,CE,Combined TRACON& Tower with Radar,0,4,4,1,9,0,0,0,0,0,0,4,4,1,9,8,0,8,17
03/25/2018,SUX,IA,ACE,CE,Combined TRACON& Tower with Radar,0,6,16,0,22,0,0,8,0,8,0,6,24,0,30,0,0,0,30
03/26/2018,SUX,IA,ACE,CE,Combined TRACON& Tower with Radar,0,8,10,0,18,0,0,0,0,0,0,8,10,0,18,0,0,0,18
03/27/2018,SUX,IA,ACE,CE,Combined TRACON& Tower with Radar,0,4,20,4,28,0,0,13,0,13,0,4,33,4,41,0,0,0,41
03/28/2018,SUX,IA,ACE,CE,Combined TRACON& Tower with Radar,0,8,12,9,29,0,0,12,0,12,0,8,24,9,41,2,10,12,53
03/29/2018,SUX,IA,ACE,CE,Combined TRACON& Tower with Radar,0,10,20,11,41,0,4,6,0,10,0,14,26,11,51,16,14,30,81
03/30/2018,SUX,IA,ACE,CE,Combined TRACON& Tower with Radar,1,5,7,7,20,0,5,8,0,13,1,10,15,7,33,0,6,6,39
03/31/2018,SUX,IA,ACE,CE,Combined TRACON& Tower with Radar,0,4,2,1,7,0,0,0,0,0,0,4,2,1,7,0,0,0,7
04/01/2018,SUX,IA,ACE,CE,Combined TRACON& Tower with Radar,0,6,9,0,15,0,1,6,0,7,0,7,15,0,22,0,0,0,22
04/02/2018,SUX,IA,ACE,CE,Combined TRACON& Tower with Radar,1,8,9,10,28,0,2,3,0,5,1,10,12,10,33,0,0,0,33
04/03/2018,SUX,IA,ACE,CE,Combined TRACON& Tower with Radar,0,7,11,0,18,0,0,0,0,0,0,7,11,0,18,0,0,0,18
04/04/2018,SUX,IA,ACE,CE,Combined TRACON& Tower with Radar,2,4,19,9,34,0,4,15,2,21,2,8,34,11,55,13,6,19,74
04/05/2018,SUX,IA,ACE,CE,Combined TRACON& Tower with Radar,1,6,22,5,34,0,2,13,1,16,1,8,35,6,50,14,0,14,64
04/06/2018,SUX,IA,ACE,CE,Combined TRACON& Tower with Radar,2,4,6,4,16,0,2,3,0,5,2,6,9,4,21,0,4,4,25
04/07/2018,SUX,IA,ACE,CE,Combined TRACON& Tower with Radar,1,6,14,0,21,1,2,20,0,23,2,8,34,0,44,20,0,20,64
04/08/2018,SUX,IA,ACE,CE,Combined TRACON& Tower with Radar,2,6,4,0,12,0,0,1,0,1,2,6,5,0,13,0,0,0,13
04/09/2018,SUX,IA,ACE,CE,Combined TRACON& Tower with Radar,1,4,11,2,18,0,0,2,0,2,1,4,13,2,20,0,0,0,20
04/10/2018,SUX,IA,ACE,CE,Combined TRACON& Tower with Radar,3,4,20,10,37,0,0,23,0,23,3,4,43,10,60,24,16,40,100
04/11/2018,SUX,IA,ACE,CE,Combined TRACON& Tower with Radar,2,5,33,10,50,0,1,22,0,23,2,6,55,10,73,7,16,23,96
04/12/2018,SUX,IA,ACE,CE,Combined TRACON& Tower with Radar,1,5,15,9,30,0,5,14,0,19,1,10,29,9,49,6,8,14,63
04/13/2018,SUX,IA,ACE,CE,Combined TRACON& Tower with Radar,1,5,20,0,26,0,0,0,0,0,1,5,20,0,26,0,0,0,26
04/14/2018,SUX,IA,ACE,CE,Combined TRACON& Tower with Radar,1,4,0,0,5,0,0,0,0,0,1,4,0,0,5,0,0,0,5
04/15/2018,SUX,IA,ACE,CE,Combined TRACON& Tower with Radar,1,7,3,1,12,1,2,0,0,3,2,9,3,1,15,1,0,1,16
04/16/2018,SUX,IA,ACE,CE,Combined TRACON& Tower with Radar,2,7,30,1,40,0,1,13,0,14,2,8,43,1,54,0,0,0,54
04/17/2018,SUX,IA,ACE,CE,Combined TRACON& Tower with Radar,1,4,26,28,59,1,0,11,0,12,2,4,37,28,71,4,6,10,81
04/18/2018,SUX,IA,ACE,CE,Combined TRACON& Tower with Radar,1,2,12,0,15,0,0,0,0,0,1,2,12,0,15,0,0,0,15
04/19/2018,SUX,IA,ACE,CE,Combined TRACON& Tower with Radar,4,4,31,15,54,0,2,16,0,18,4,6,47,15,72,6,34,40,112
04/20/2018,SUX,IA,ACE,CE,Combined TRACON& Tower with Radar,1,9,12,11,33,0,0,19,0,19,1,9,31,11,52,0,6,6,58
04/21/2018,SUX,IA,ACE,CE,Combined TRACON& Tower with Radar,2,4,8,0,14,0,3,20,0,23,2,7,28,0,37,14,0,14,51
04/22/2018,SUX,IA,ACE,CE,Combined TRACON& Tower with Radar,1,6,15,0,22,0,1,29,0,30,1,7,44,0,52,10,0,10,62
04/23/2018,SUX,IA,ACE,CE,Combined TRACON& Tower with Radar,2,7,7,0,16,0,0,30,0,30,2,7,37,0,46,18,0,18,64
04/24/2018,SUX,IA,ACE,CE,Combined TRACON& Tower with Radar,2,5,12,7,26,0,2,7,0,9,2,7,19,7,35,0,4,4,39
04/25/2018,SUX,IA,ACE,CE,Combined TRACON& Tower with Radar,3,11,26,12,52,0,4,24,1,29,3,15,50,13,81,16,0,16,97
04/26/2018,SUX,IA,ACE,CE,Combined TRACON& Tower with Radar,1,7,20,17,45,3,0,10,0,13,4,7,30,17,58,4,4,8,66
04/27/2018,SUX,IA,ACE,CE,Combined TRACON& Tower with Radar,2,6,10,2,20,0,6,15,0,21,2,12,25,2,41,14,0,14,55
04/28/2018,SUX,IA,ACE,CE,Combined TRACON& Tower with Radar,5,7,7,14,33,0,3,33,0,36,5,10,40,14,69,0,0,0,69
04/29/2018,SUX,IA,ACE,CE,Combined TRACON& Tower with Radar,2,4,5,6,17,0,2,5,2,9,2,6,10,8,26,0,16,16,42
04/30/2018,SUX,IA,ACE,CE,Combined TRACON& Tower with Radar,2,5,8,0,15,0,0,3,0,3,2,5,11,0,18,0,0,0,18
05/01/2018,SUX,IA,ACE,CE,Combined TRACON& Tower with Radar,4,4,10,7,25,0,2,3,0,5,4,6,13,7,30,0,0,0,30
05/02/2018,SUX,IA,ACE,CE,Combined TRACON& Tower with Radar,3,4,26,16,49,0,1,1,2,4,3,5,27,18,53,0,0,0,53
05/03/2018,SUX,IA,ACE,CE,Combined TRACON& Tower with Radar,0,4,12,3,19,0,3,2,0,5,0,7,14,3,24,0,0,0,24
05/04/2018,SUX,IA,ACE,CE,Combined TRACON& Tower with Radar,3,4,26,15,48,5,4,19,1,29,8,8,45,16,77,0,11,11,88
05/05/2018,SUX,IA,ACE,CE,Combined TRACON& Tower with Radar,0,4,14,0,18,0,0,22,0,22,0,4,36,0,40,14,0,14,54
05/06/2018,SUX,IA,ACE,CE,Combined TRACON& Tower with Radar,2,6,10,0,18,0,2,14,0,16,2,8,24,0,34,0,0,0,34
05/07/2018,SUX,IA,ACE,CE,Combined TRACON& Tower with Radar,1,6,18,0,25,0,3,17,0,20,1,9,35,0,45,6,0,6,51
05/08/2018,SUX,IA,ACE,CE,Combined TRACON& Tower with Radar,0,7,26,13,46,0,0,3,0,3,0,7,29,13,49,0,10,10,59
05/09/2018,SUX,IA,ACE,CE,Combined TRACON& Tower with Radar,0,5,31,11,47,0,1,8,0,9,0,6,39,11,56,0,0,0,56
05/10/2018,SUX,IA,ACE,CE,Combined TRACON& Tower with Radar,0,10,32,9,51,0,2,7,0,9,0,12,39,9,60,16,0,16,76
05/11/2018,SUX,IA,ACE,CE,Combined TRACON& Tower with Radar,0,8,13,11,32,0,0,0,0,0,0,8,13,11,32,0,0,0,32
05/12/2018,SUX,IA,ACE,CE,Combined TRACON& Tower with Radar,0,6,6,1,13,0,0,0,0,0,0,6,6,1,13,0,0,0,13
05/13/2018,SUX,IA,ACE,CE,Combined TRACON& Tower with Radar,1,5,3,0,9,0,0,0,0,0,1,5,3,0,9,0,0,0,9
05/14/2018,SUX,IA,ACE,CE,Combined TRACON& Tower with Radar,0,5,23,1,29,0,1,1,0,2,0,6,24,1,31,0,0,0,31
05/15/2018,SUX,IA,ACE,CE,Combined TRACON& Tower with Radar,0,6,16,12,34,0,1,2,0,3,0,7,18,12,37,6,10,16,53
05/16/2018,SUX,IA,ACE,CE,Combined TRACON& Tower with Radar,0,6,34,6,46,0,2,18,1,21,0,8,52,7,67,16,0,16,83
05/17/2018,SUX,IA,ACE,CE,Combined TRACON& Tower with Radar,1,8,27,12,48,0,2,12,0,14,1,10,39,12,62,8,6,14,76
05/18/2018,SUX,IA,ACE,CE,Combined TRACON& Tower with Radar,0,6,13,14,33,0,2,5,0,7,0,8,18,14,40,20,8,28,68
05/19/2018,SUX,IA,ACE,CE,Combined TRACON& Tower with Radar,0,15,18,6,39,0,0,3,0,3,0,15,21,6,42,0,0,0,42
05/20/2018,SUX,IA,ACE,CE,Combined TRACON& Tower with Radar,0,9,14,0,23,0,2,2,0,4,0,11,16,0,27,0,0,0,27
05/21/2018,SUX,IA,ACE,CE,Combined TRACON& Tower with Radar,0,7,26,1,34,0,2,4,0,6,0,9,30,1,40,0,0,0,40
05/22/2018,SUX,IA,ACE,CE,Combined TRACON& Tower with Radar,0,11,10,16,37,0,3,11,0,14,0,14,21,16,51,10,12,22,73
05/23/2018,SUX,IA,ACE,CE,Combined TRACON& Tower with Radar,1,7,29,9,46,0,2,10,0,12,1,9,39,9,58,14,16,30,88
05/24/2018,SUX,IA,ACE,CE,Combined TRACON& Tower with Radar,0,7,10,6,23,0,4,6,1,11,0,11,16,7,34,18,0,18,52
05/25/2018,SUX,IA,ACE,CE,Combined TRACON& Tower with Radar,0,6,32,2,40,0,5,15,1,21,0,11,47,3,61,6,6,12,73
05/26/2018,SUX,IA,ACE,CE,Combined TRACON& Tower with Radar,0,5,17,0,22,0,5,14,0,19,0,10,31,0,41,6,0,6,47
05/27/2018,SUX,IA,ACE,CE,Combined TRACON& Tower with Radar,0,6,2,0,8,0,4,3,0,7,0,10,5,0,15,0,0,0,15
05/28/2018,SUX,IA,ACE,CE,Combined TRACON& Tower with Radar,0,6,13,1,20,0,2,8,0,10,0,8,21,1,30,0,0,0,30
05/29/2018,SUX,IA,ACE,CE,Combined TRACON& Tower with Radar,0,5,9,0,14,0,1,20,0,21,0,6,29,0,35,6,0,6,41
05/30/2018,SUX,IA,ACE,CE,Combined TRACON& Tower with Radar,0,6,23,28,57,5,2,10,0,17,5,8,33,28,74,12,18,30,104
05/31/2018,SUX,IA,ACE,CE,Combined TRACON& Tower with Radar,0,5,32,1,38,1,0,9,0,10,1,5,41,1,48,2,0,2,50
06/01/2018,SUX,IA,ACE,CE,Combined TRACON& Tower with Radar,0,7,15,7,29,0,1,18,0,19,0,8,33,7,48,6,0,6,54
06/02/2018,SUX,IA,ACE,CE,Combined TRACON& Tower with Radar,0,4,10,7,21,0,6,3,0,9,0,10,13,7,30,0,4,4,34
06/03/2018,SUX,IA,ACE,CE,Combined TRACON& Tower with Radar,0,6,13,3,22,0,1,13,0,14,0,7,26,3,36,10,6,16,52
06/04/2018,SUX,IA,ACE,CE,Combined TRACON& Tower with Radar,0,6,11,4,21,0,0,14,0,14,0,6,25,4,35,8,0,8,43
06/05/2018,SUX,IA,ACE,CE,Combined TRACON& Tower with Radar,0,9,22,1,32,0,2,7,4,13,0,11,29,5,45,0,0,0,45
06/06/2018,SUX,IA,ACE,CE,Combined TRACON& Tower with Radar,0,7,29,17,53,0,5,9,0,14,0,12,38,17,67,8,16,24,91
06/07/2018,SUX,IA,ACE,CE,Combined TRACON& Tower with Radar,0,6,20,14,40,0,0,3,0,3,0,6,23,14,43,0,12,12,55
06/08/2018,SUX,IA,ACE,CE,Combined TRACON& Tower with Radar,0,3,20,15,38,0,4,12,2,18,0,7,32,17,56,0,14,14,70
06/09/2018,SUX,IA,ACE,CE,Combined TRACON& Tower with Radar,0,4,7,1,12,0,7,13,0,20,0,11,20,1,32,6,0,6,38
06/10/2018,SUX,IA,ACE,CE,Combined TRACON& Tower with Radar,0,5,7,0,12,0,0,7,0,7,0,5,14,0,19,6,0,6,25
06/11/2018,SUX,IA,ACE,CE,Combined TRACON& Tower with Radar,2,8,17,1,28,0,3,2,0,5,2,11,19,1,33,0,0,0,33
06/12/2018,SUX,IA,ACE,CE,Combined TRACON& Tower with Radar,0,7,37,10,54,0,3,5,0,8,0,10,42,10,62,0,8,8,70
06/13/2018,SUX,IA,ACE,CE,Combined TRACON& Tower with Radar,0,12,35,11,58,0,9,19,1,29,0,21,54,12,87,6,4,10,97
06/14/2018,SUX,IA,ACE,CE,Combined TRACON& Tower with Radar,0,8,35,3,46,0,2,8,0,10,0,10,43,3,56,0,0,0,56
06/15/2018,SUX,IA,ACE,CE,Combined TRACON& Tower with Radar,0,9,20,2,31,7,5,9,0,21,7,14,29,2,52,7,0,7,59
06/16/2018,SUX,IA,ACE,CE,Combined TRACON& Tower with Radar,0,4,19,1,24,0,5,13,0,18,0,9,32,1,42,0,0,0,42
06/17/2018,SUX,IA,ACE,CE,Combined TRACON& Tower with Radar,0,9,6,0,15,0,4,16,0,20,0,13,22,0,35,0,0,0,35
06/18/2018,SUX,IA,ACE,CE,Combined TRACON& Tower with Radar,0,5,19,0,24,0,2,2,0,4,0,7,21,0,28,6,0,6,34
06/19/2018,SUX,IA,ACE,CE,Combined TRACON& Tower with Radar,0,7,17,17,41,0,1,6,0,7,0,8,23,17,48,6,0,6,54
06/20/2018,SUX,IA,ACE,CE,Combined TRACON& Tower with Radar,0,6,17,5,28,0,0,1,0,1,0,6,18,5,29,0,0,0,29
06/21/2018,SUX,IA,ACE,CE,Combined TRACON& Tower with Radar,0,5,29,1,35,0,0,0,0,0,0,5,29,1,35,0,0,0,35
06/22/2018,SUX,IA,ACE,CE,Combined TRACON& Tower with Radar,0,7,20,15,42,0,0,16,0,16,0,7,36,15,58,14,4,18,76
06/23/2018,SUX,IA,ACE,CE,Combined TRACON& Tower with Radar,2,7,13,1,23,0,2,16,0,18,2,9,29,1,41,16,0,16,57
06/24/2018,SUX,IA,ACE,CE,Combined TRACON& Tower with Radar,0,5,16,0,21,0,2,14,0,16,0,7,30,0,37,4,0,4,41
06/25/2018,SUX,IA,ACE,CE,Combined TRACON& Tower with Radar,0,9,14,0,23,0,0,3,0,3,0,9,17,0,26,0,0,0,26
06/26/2018,SUX,IA,ACE,CE,Combined TRACON& Tower with Radar,0,6,19,4,29,0,0,7,0,7,0,6,26,4,36,0,0,0,36
06/27/2018,SUX,IA,ACE,CE,Combined TRACON& Tower with Radar,2,5,17,6,30,0,0,13,0,13,2,5,30,6,43,0,0,0,43
06/28/2018,SUX,IA,ACE,CE,Combined TRACON& Tower with Radar,0,6,16,0,22,0,1,9,0,10,0,7,25,0,32,6,0,6,38
06/29/2018,SUX,IA,ACE,CE,Combined TRACON& Tower with Radar,0,11,23,9,43,3,4,8,0,15,3,15,31,9,58,10,0,10,68
06/30/2018,SUX,IA,ACE,CE,Combined TRACON& Tower with Radar,0,3,8,1,12,0,2,3,0,5,0,5,11,1,17,0,0,0,17
07/01/2018,SUX,IA,ACE,CE,Combined TRACON& Tower with Radar,0,7,18,1,26,0,4,7,0,11,0,11,25,1,37,0,0,0,37
07/02/2018,SUX,IA,ACE,CE,Combined TRACON& Tower with Radar,0,9,19,0,28,0,3,24,0,27,0,12,43,0,55,14,0,14,69
07/03/2018,SUX,IA,ACE,CE,Combined TRACON& Tower with Radar,0,10,12,18,40,0,3,9,0,12,0,13,21,18,52,6,10,16,68
07/04/2018,SUX,IA,ACE,CE,Combined TRACON& Tower with Radar,0,6,2,0,8,0,3,0,0,3,0,9,2,0,11,0,0,0,11
07/05/2018,SUX,IA,ACE,CE,Combined TRACON& Tower with Radar,0,6,16,9,31,0,2,17,0,19,0,8,33,9,50,12,0,12,62
07/06/2018,SUX,IA,ACE,CE,Combined TRACON& Tower with Radar,0,5,7,22,34,0,2,21,0,23,0,7,28,22,57,12,4,16,73
07/07/2018,SUX,IA,ACE,CE,Combined TRACON& Tower with Radar,0,5,5,0,10,0,4,15,0,19,0,9,20,0,29,12,0,12,41
07/08/2018,SUX,IA,ACE,CE,Combined TRACON& Tower with Radar,0,11,13,0,24,0,2,16,0,18,0,13,29,0,42,20,0,20,62
07/09/2018,SUX,IA,ACE,CE,Combined TRACON& Tower with Radar,0,9,20,0,29,0,6,19,0,25,0,15,39,0,54,7,0,7,61
07/10/2018,SUX,IA,ACE,CE,Combined TRACON& Tower with Radar,0,5,26,24,55,0,0,15,0,15,0,5,41,24,70,0,8,8,78
07/11/2018,SUX,IA,ACE,CE,Combined TRACON& Tower with Radar,0,7,19,8,34,0,0,12,0,12,0,7,31,8,46,0,6,6,52
07/12/2018,SUX,IA,ACE,CE,Combined TRACON& Tower with Radar,0,10,6,3,19,0,6,5,0,11,0,16,11,3,30,0,0,0,30
07/13/2018,SUX,IA,ACE,CE,Combined TRACON& Tower with Radar,0,7,13,6,26,0,0,8,0,8,0,7,21,6,34,0,0,0,34
07/14/2018,SUX,IA,ACE,CE,Combined TRACON& Tower with Radar,0,5,21,0,26,0,0,12,0,12,0,5,33,0,38,32,0,32,70
07/15/2018,SUX,IA,ACE,CE,Combined TRACON& Tower with Radar,0,7,6,0,13,0,2,18,0,20,0,9,24,0,33,44,0,44,77
07/16/2018,SUX,IA,ACE,CE,Combined TRACON& Tower with Radar,0,5,8,0,13,0,4,14,0,18,0,9,22,0,31,0,0,0,31
07/17/2018,SUX,IA,ACE,CE,Combined TRACON& Tower with Radar,0,5,26,10,41,0,4,15,0,19,0,9,41,10,60,10,0,10,70
07/18/2018,SUX,IA,ACE,CE,Combined TRACON& Tower with Radar,0,10,17,14,41,0,0,16,0,16,0,10,33,14,57,30,2,32,89
07/19/2018,SUX,IA,ACE,CE,Combined TRACON& Tower with Radar,0,5,26,31,62,0,4,19,0,23,0,9,45,31,85,2,8,10,95
07/20/2018,SUX,IA,ACE,CE,Combined TRACON& Tower with Radar,0,8,21,6,35,0,1,28,0,29,0,9,49,6,64,38,2,40,104
07/21/2018,SUX,IA,ACE,CE,Combined TRACON& Tower with Radar,0,6,38,1,45,0,4,23,5,32,0,10,61,6,77,4,0,4,81
07/22/2018,SUX,IA,ACE,CE,Combined TRACON& Tower with Radar,0,7,16,0,23,0,0,36,2,38,0,7,52,2,61,16,0,16,77
07/23/2018,SUX,IA,ACE,CE,Combined TRACON& Tower with Radar,0,7,17,0,24,0,0,11,0,11,0,7,28,0,35,0,0,0,35
07/24/2018,SUX,IA,ACE,CE,Combined TRACON& Tower with Radar,0,8,22,22,52,0,1,18,4,23,0,9,40,26,75,4,10,14,89
07/25/2018,SUX,IA,ACE,CE,Combined TRACON& Tower with Radar,0,12,27,22,61,0,1,9,1,11,0,13,36,23,72,10,14,24,96
07/26/2018,SUX,IA,ACE,CE,Combined TRACON& Tower with Radar,0,11,22,25,58,0,6,26,0,32,0,17,48,25,90,10,22,32,122
07/27/2018,SUX,IA,ACE,CE,Combined TRACON& Tower with Radar,0,6,23,8,37,0,3,18,0,21,0,9,41,8,58,10,0,10,68
07/28/2018,SUX,IA,ACE,CE,Combined TRACON& Tower with Radar,0,3,21,0,24,0,4,9,0,13,0,7,30,0,37,16,0,16,53
07/29/2018,SUX,IA,ACE,CE,Combined TRACON& Tower with Radar,0,7,16,0,23,0,1,12,0,13,0,8,28,0,36,0,0,0,36
07/30/2018,SUX,IA,ACE,CE,Combined TRACON& Tower with Radar,0,5,20,1,26,0,0,3,0,3,0,5,23,1,29,12,0,12,41
07/31/2018,SUX,IA,ACE,CE,Combined TRACON& Tower with Radar,0,5,29,10,44,0,1,18,0,19,0,6,47,10,63,9,12,21,84
08/01/2018,SUX,IA,ACE,CE,Combined TRACON& Tower with Radar,0,7,18,8,33,0,3,14,0,17,0,10,32,8,50,12,6,18,68
08/02/2018,SUX,IA,ACE,CE,Combined TRACON& Tower with Radar,0,5,14,18,37,0,2,10,0,12,0,7,24,18,49,42,22,64,113
08/03/2018,SUX,IA,ACE,CE,Combined TRACON& Tower with Radar,0,6,11,11,28,0,4,19,0,23,0,10,30,11,51,10,4,14,65
08/04/2018,SUX,IA,ACE,CE,Combined TRACON& Tower with Radar,0,8,18,2,28,0,0,4,0,4,0,8,22,2,32,0,0,0,32
08/05/2018,SUX,IA,ACE,CE,Combined TRACON& Tower with Radar,0,8,8,4,20,0,2,1,0,3,0,10,9,4,23,0,0,0,23
08/06/2018,SUX,IA,ACE,CE,Combined TRACON& Tower with Radar,0,6,24,1,31,0,2,5,0,7,0,8,29,1,38,6,0,6,44
08/07/2018,SUX,IA,ACE,CE,Combined TRACON& Tower with Radar,0,7,22,13,42,0,3,5,0,8,0,10,27,13,50,8,2,10,60
08/08/2018,SUX,IA,ACE,CE,Combined TRACON& Tower with Radar,0,7,39,2,48,0,5,21,0,26,0,12,60,2,74,10,0,10,84
08/09/2018,SUX,IA,ACE,CE,Combined TRACON& Tower with Radar,0,9,29,14,52,0,5,21,0,26,0,14,50,14,78,26,12,38,116
08/10/2018,SUX,IA,ACE,CE,Combined TRACON& Tower with Radar,0,6,11,4,21,0,0,12,0,12,0,6,23,4,33,0,8,8,41
08/11/2018,SUX,IA,ACE,CE,Combined TRACON& Tower with Radar,0,10,11,9,30,0,3,12,0,15,0,13,23,9,45,32,6,38,83
08/12/2018,SUX,IA,ACE,CE,Combined TRACON& Tower with Radar,0,5,12,0,17,0,2,16,0,18,0,7,28,0,35,0,0,0,35
08/13/2018,SUX,IA,ACE,CE,Combined TRACON& Tower with Radar,0,8,19,2,29,0,2,17,0,19,0,10,36,2,48,34,0,34,82
08/14/2018,SUX,IA,ACE,CE,Combined TRACON& Tower with Radar,0,7,19,9,35,0,0,11,1,12,0,7,30,10,47,10,0,10,57
08/15/2018,SUX,IA,ACE,CE,Combined TRACON& Tower with Radar,0,10,25,33,68,0,4,7,5,16,0,14,32,38,84,10,10,20,104
08/16/2018,SUX,IA,ACE,CE,Combined TRACON& Tower with Radar,0,6,19,7,32,0,0,7,0,7,0,6,26,7,39,46,14,60,99
08/17/2018,SUX,IA,ACE,CE,Combined TRACON& Tower with Radar,0,5,26,17,48,0,6,16,0,22,0,11,42,17,70,44,16,60,130
08/18/2018,SUX,IA,ACE,CE,Combined TRACON& Tower with Radar,0,6,14,2,22,0,4,15,0,19,0,10,29,2,41,10,0,10,51
08/19/2018,SUX,IA,ACE,CE,Combined TRACON& Tower with Radar,0,6,12,1,19,0,1,3,0,4,0,7,15,1,23,0,0,0,23
08/20/2018,SUX,IA,ACE,CE,Combined TRACON& Tower with Radar,0,8,14,9,31,0,0,2,0,2,0,8,16,9,33,4,0,4,37
08/21/2018,SUX,IA,ACE,CE,Combined TRACON& Tower with Radar,0,7,38,31,76,0,4,21,0,25,0,11,59,31,101,20,6,26,127
08/22/2018,SUX,IA,ACE,CE,Combined TRACON& Tower with Radar,0,8,22,36,66,4,2,10,0,16,4,10,32,36,82,52,8,60,142
08/23/2018,SUX,IA,ACE,CE,Combined TRACON& Tower with Radar,0,3,22,9,34,0,0,1,0,1,0,3,23,9,35,20,0,20,55
08/24/2018,SUX,IA,ACE,CE,Combined TRACON& Tower with Radar,0,6,16,8,30,0,1,5,0,6,0,7,21,8,36,16,6,22,58
08/25/2018,SUX,IA,ACE,CE,Combined TRACON& Tower with Radar,0,5,7,0,12,0,0,22,0,22,0,5,29,0,34,10,0,10,44
08/26/2018,SUX,IA,ACE,CE,Combined TRACON& Tower with Radar,0,9,20,0,29,0,2,11,0,13,0,11,31,0,42,0,0,0,42
08/27/2018,SUX,IA,ACE,CE,Combined TRACON& Tower with Radar,0,8,17,1,26,0,0,9,0,9,0,8,26,1,35,0,0,0,35
08/28/2018,SUX,IA,ACE,CE,Combined TRACON& Tower with Radar,0,5,9,5,19,0,3,3,0,6,0,8,12,5,25,0,0,0,25
08/29/2018,SUX,IA,ACE,CE,Combined TRACON& Tower with Radar,0,7,18,13,38,0,3,20,0,23,0,10,38,13,61,0,0,0,61
08/30/2018,SUX,IA,ACE,CE,Combined TRACON& Tower with Radar,0,7,30,9,46,0,1,4,0,5,0,8,34,9,51,0,0,0,51
08/31/2018,SUX,IA,ACE,CE,Combined TRACON& Tower with Radar,0,9,13,8,30,0,0,6,0,6,0,9,19,8,36,0,0,0,36
09/01/2018,SUX,IA,ACE,CE,Combined TRACON& Tower with Radar,0,5,5,0,10,0,0,7,0,7,0,5,12,0,17,38,0,38,55
09/02/2018,SUX,IA,ACE,CE,Combined TRACON& Tower with Radar,0,5,5,0,10,0,3,4,0,7,0,8,9,0,17,0,0,0,17
09/03/2018,SUX,IA,ACE,CE,Combined TRACON& Tower with Radar,0,5,16,0,21,0,3,13,0,16,0,8,29,0,37,66,0,66,103
09/04/2018,SUX,IA,ACE,CE,Combined TRACON& Tower with Radar,0,5,10,0,15,0,0,0,0,0,0,5,10,0,15,0,0,0,15
09/05/2018,SUX,IA,ACE,CE,Combined TRACON& Tower with Radar,0,13,18,4,35,0,3,1,0,4,0,16,19,4,39,0,0,0,39
09/06/2018,SUX,IA,ACE,CE,Combined TRACON& Tower with Radar,0,11,26,12,49,0,1,14,0,15,0,12,40,12,64,4,0,4,68
09/07/2018,SUX,IA,ACE,CE,Combined TRACON& Tower with Radar,0,9,35,0,44,0,2,15,0,17,0,11,50,0,61,12,0,12,73
09/08/2018,SUX,IA,ACE,CE,Combined TRACON& Tower with Radar,0,5,18,3,26,0,3,7,4,14,0,8,25,7,40,12,0,12,52
09/09/2018,SUX,IA,ACE,CE,Combined TRACON& Tower with Radar,0,9,9,15,33,0,2,11,0,13,0,11,20,15,46,25,14,39,85
09/10/2018,SUX,IA,ACE,CE,Combined TRACON& Tower with Radar,0,7,31,4,42,0,4,5,0,9,0,11,36,4,51,0,0,0,51
09/11/2018,SUX,IA,ACE,CE,Combined TRACON& Tower with Radar,0,9,31,7,47,0,2,9,0,11,0,11,40,7,58,6,0,6,64
09/12/2018,SUX,IA,ACE,CE,Combined TRACON& Tower with Radar,0,7,21,10,38,0,5,13,0,18,0,12,34,10,56,2,8,10,66
09/13/2018,SUX,IA,ACE,CE,Combined TRACON& Tower with Radar,0,16,27,9,52,3,4,1,0,8,3,20,28,9,60,14,0,14,74
09/14/2018,SUX,IA,ACE,CE,Combined TRACON& Tower with Radar,0,10,26,4,40,3,2,7,0,12,3,12,33,4,52,0,0,0,52
09/15/2018,SUX,IA,ACE,CE,Combined TRACON& Tower with Radar,0,5,12,5,22,0,0,15,0,15,0,5,27,5,37,13,0,13,50
09/16/2018,SUX,IA,ACE,CE,Combined TRACON& Tower with Radar,0,13,9,0,22,0,1,4,0,5,0,14,13,0,27,0,0,0,27
09/17/2018,SUX,IA,ACE,CE,Combined TRACON& Tower with Radar,0,10,18,2,30,0,4,8,0,12,0,14,26,2,42,0,0,0,42
09/18/2018,SUX,IA,ACE,CE,Combined TRACON& Tower with Radar,0,9,29,2,40,0,2,5,0,7,0,11,34,2,47,2,0,2,49
09/19/2018,SUX,IA,ACE,CE,Combined TRACON& Tower with Radar,0,7,15,13,35,0,2,4,0,6,0,9,19,13,41,0,10,10,51
09/20/2018,SUX,IA,ACE,CE,Combined TRACON& Tower with Radar,0,7,12,3,22,0,0,5,0,5,0,7,17,3,27,0,0,0,27
09/21/2018,SUX,IA,ACE,CE,Combined TRACON& Tower with Radar,0,7,30,17,54,0,2,13,1,16,0,9,43,18,70,4,14,18,88
09/22/2018,SUX,IA,ACE,CE,Combined TRACON& Tower with Radar,0,7,13,9,29,0,2,30,0,32,0,9,43,9,61,0,0,0,61
09/23/2018,SUX,IA,ACE,CE,Combined TRACON& Tower with Radar,0,7,14,0,21,0,2,14,0,16,0,9,28,0,37,6,0,6,43
09/24/2018,SUX,IA,ACE,CE,Combined TRACON& Tower with Radar,0,7,29,0,36,0,1,12,0,13,0,8,41,0,49,24,0,24,73
09/25/2018,SUX,IA,ACE,CE,Combined TRACON& Tower with Radar,0,7,23,17,47,0,0,5,0,5,0,7,28,17,52,0,0,0,52
09/26/2018,SUX,IA,ACE,CE,Combined TRACON& Tower with Radar,0,7,12,16,35,0,5,16,3,24,0,12,28,19,59,0,20,20,79
09/27/2018,SUX,IA,ACE,CE,Combined TRACON& Tower with Radar,0,18,13,16,47,0,4,8,0,12,0,22,21,16,59,16,14,30,89
09/28/2018,SUX,IA,ACE,CE,Combined TRACON& Tower with Radar,0,10,15,1,26,0,3,10,0,13,0,13,25,1,39,0,0,0,39
09/29/2018,SUX,IA,ACE,CE,Combined TRACON& Tower with Radar,0,8,5,0,13,0,0,8,0,8,0,8,13,0,21,0,0,0,21
09/30/2018,SUX,IA,ACE,CE,Combined TRACON& Tower with Radar,0,10,14,0,24,0,0,6,0,6,0,10,20,0,30,12,0,12,42
10/01/2018,SUX,IA,ACE,CE,Combined TRACON& Tower with Radar,0,9,19,0,28,0,2,0,2,4,0,11,19,2,32,0,0,0,32
10/02/2018,SUX,IA,ACE,CE,Combined TRACON& Tower with Radar,0,7,25,2,34,0,0,0,0,0,0,7,25,2,34,0,0,0,34
10/03/2018,SUX,IA,ACE,CE,Combined TRACON& Tower with Radar,0,7,22,5,34,0,0,5,0,5,0,7,27,5,39,0,0,0,39
10/04/2018,SUX,IA,ACE,CE,Combined TRACON& Tower with Radar,0,11,21,0,32,0,0,3,0,3,0,11,24,0,35,0,0,0,35
10/05/2018,SUX,IA,ACE,CE,Combined TRACON& Tower with Radar,2,13,22,25,62,0,0,3,0,3,2,13,25,25,65,0,0,0,65
10/06/2018,SUX,IA,ACE,CE,Combined TRACON& Tower with Radar,2,5,6,0,13,0,2,5,0,7,2,7,11,0,20,0,0,0,20
10/07/2018,SUX,IA,ACE,CE,Combined TRACON& Tower with Radar,0,9,6,5,20,0,0,0,0,0,0,9,6,5,20,0,0,0,20
10/08/2018,SUX,IA,ACE,CE,Combined TRACON& Tower with Radar,0,8,11,1,20,0,0,0,0,0,0,8,11,1,20,0,0,0,20
10/09/2018,SUX,IA,ACE,CE,Combined TRACON& Tower with Radar,0,6,14,0,20,0,0,0,0,0,0,6,14,0,20,0,0,0,20
10/10/2018,SUX,IA,ACE,CE,Combined TRACON& Tower with Radar,0,9,24,27,60,0,1,1,4,6,0,10,25,31,66,0,32,32,98
10/11/2018,SUX,IA,ACE,CE,Combined TRACON& Tower with Radar,0,8,22,19,49,0,3,8,2,13,0,11,30,21,62,0,20,20,82
10/12/2018,SUX,IA,ACE,CE,Combined TRACON& Tower with Radar,0,7,27,11,45,0,0,0,0,0,0,7,27,11,45,0,0,0,45
10/13/2018,SUX,IA,ACE,CE,Combined TRACON& Tower with Radar,0,8,16,4,28,0,6,9,0,15,0,14,25,4,43,0,0,0,43
10/14/2018,SUX,IA,ACE,CE,Combined TRACON& Tower with Radar,0,12,5,1,18,0,0,2,0,2,0,12,7,1,20,10,0,10,30
10/15/2018,SUX,IA,ACE,CE,Combined TRACON& Tower with Radar,0,7,13,1,21,0,0,26,0,26,0,7,39,1,47,32,0,32,79
10/16/2018,SUX,IA,ACE,CE,Combined TRACON& Tower with Radar,0,8,22,17,47,0,2,16,0,18,0,10,38,17,65,0,16,16,81
10/17/2018,SUX,IA,ACE,CE,Combined TRACON& Tower with Radar,0,11,21,6,38,0,3,30,0,33,0,14,51,6,71,40,0,40,111
10/18/2018,SUX,IA,ACE,CE,Combined TRACON& Tower with Radar,0,13,21,11,45,0,4,8,0,12,0,17,29,11,57,0,0,0,57
10/19/2018,SUX,IA,ACE,CE,Combined TRACON& Tower with Radar,0,9,34,24,67,0,3,8,0,11,0,12,42,24,78,0,4,4,82
10/20/2018,SUX,IA,ACE,CE,Combined TRACON& Tower with Radar,0,7,13,2,22,0,1,22,0,23,0,8,35,2,45,0,0,0,45
10/21/2018,SUX,IA,ACE,CE,Combined TRACON& Tower with Radar,0,6,12,0,18,0,0,17,0,17,0,6,29,0,35,12,0,12,47
10/22/2018,SUX,IA,ACE,CE,Combined TRACON& Tower with Radar,0,14,26,1,41,0,2,19,0,21,0,16,45,1,62,16,0,16,78
10/23/2018,SUX,IA,ACE,CE,Combined TRACON& Tower with Radar,0,10,26,34,70,0,2,15,0,17,0,12,41,34,87,4,24,28,115
10/24/2018,SUX,IA,ACE,CE,Combined TRACON& Tower with Radar,0,18,24,27,69,0,1,14,11,26,0,19,38,38,95,0,34,34,129
10/25/2018,SUX,IA,ACE,CE,Combined TRACON& Tower with Radar,2,8,28,18,56,0,0,0,0,0,2,8,28,18,56,0,0,0,56
10/26/2018,SUX,IA,ACE,CE,Combined TRACON& Tower with Radar,0,13,27,7,47,0,0,10,0,10,0,13,37,7,57,4,0,4,61
10/27/2018,SUX,IA,ACE,CE,Combined TRACON& Tower with Radar,0,9,15,0,24,0,2,17,0,19,0,11,32,0,43,0,0,0,43
10/28/2018,SUX,IA,ACE,CE,Combined TRACON& Tower with Radar,2,9,6,0,17,0,3,15,0,18,2,12,21,0,35,28,0,28,63
10/29/2018,SUX,IA,ACE,CE,Combined TRACON& Tower with Radar,0,11,17,0,28,0,6,22,0,28,0,17,39,0,56,0,0,0,56
10/30/2018,SUX,IA,ACE,CE,Combined TRACON& Tower with Radar,0,9,35,13,57,0,3,27,0,30,0,12,62,13,87,16,12,28,115
10/31/2018,SUX,IA,ACE,CE,Combined TRACON& Tower with Radar,0,10,13,4,27,0,1,39,1,41,0,11,52,5,68,8,0,8,76
11/01/2018,SUX,IA,ACE,CE,Combined TRACON& Tower with Radar,0,8,34,0,42,0,2,31,0,33,0,10,65,0,75,0,0,0,75
11/02/2018,SUX,IA,ACE,CE,Combined TRACON& Tower with Radar,0,8,33,0,41,0,6,3,0,9,0,14,36,0,50,6,0,6,56
11/03/2018,SUX,IA,ACE,CE,Combined TRACON& Tower with Radar,0,6,15,0,21,0,0,0,0,0,0,6,15,0,21,0,0,0,21
11/04/2018,SUX,IA,ACE,CE,Combined TRACON& Tower with Radar,0,10,17,2,29,0,0,0,0,0,0,10,17,2,29,0,0,0,29
11/05/2018,SUX,IA,ACE,CE,Combined TRACON& Tower with Radar,0,8,21,0,29,0,0,0,0,0,0,8,21,0,29,0,0,0,29
11/06/2018,SUX,IA,ACE,CE,Combined TRACON& Tower with Radar,0,9,18,11,38,0,1,11,5,17,0,10,29,16,55,2,8,10,65
11/07/2018,SUX,IA,ACE,CE,Combined TRACON& Tower with Radar,0,7,23,25,55,0,1,8,1,10,0,8,31,26,65,8,28,36,101
11/08/2018,SUX,IA,ACE,CE,Combined TRACON& Tower with Radar,0,8,24,2,34,0,0,4,0,4,0,8,28,2,38,0,0,0,38
11/09/2018,SUX,IA,ACE,CE,Combined TRACON& Tower with Radar,0,11,16,14,41,0,0,1,7,8,0,11,17,21,49,0,0,0,49
11/10/2018,SUX,IA,ACE,CE,Combined TRACON& Tower with Radar,0,5,7,1,13,0,0,8,0,8,0,5,15,1,21,4,0,4,25
11/11/2018,SUX,IA,ACE,CE,Combined TRACON& Tower with Radar,0,9,17,2,28,0,4,9,0,13,0,13,26,2,41,0,0,0,41
11/12/2018,SUX,IA,ACE,CE,Combined TRACON& Tower with Radar,0,9,13,0,22,0,4,4,0,8,0,13,17,0,30,14,0,14,44
11/13/2018,SUX,IA,ACE,CE,Combined TRACON& Tower with Radar,0,7,21,0,28,0,8,26,0,34,0,15,47,0,62,14,0,14,76
11/14/2018,SUX,IA,ACE,CE,Combined TRACON& Tower with Radar,0,7,16,22,45,0,4,15,2,21,0,11,31,24,66,0,10,10,76
11/15/2018,SUX,IA,ACE,CE,Combined TRACON& Tower with Radar,0,8,14,40,62,1,2,13,3,19,1,10,27,43,81,4,40,44,125
11/16/2018,SUX,IA,ACE,CE,Combined TRACON& Tower with Radar,0,7,13,14,34,0,0,2,0,2,0,7,15,14,36,20,4,24,60
11/17/2018,SUX,IA,ACE,CE,Combined TRACON& Tower with Radar,0,6,4,0,10,0,1,0,0,1,0,7,4,0,11,0,0,0,11
11/18/2018,SUX,IA,ACE,CE,Combined TRACON& Tower with Radar,0,8,6,2,16,0,2,12,0,14,0,10,18,2,30,4,0,4,34
11/19/2018,SUX,IA,ACE,CE,Combined TRACON& Tower with Radar,0,11,13,0,24,0,0,10,0,10,0,11,23,0,34,8,0,8,42
11/20/2018,SUX,IA,ACE,CE,Combined TRACON& Tower with Radar,0,7,17,31,55,0,2,14,0,16,0,9,31,31,71,18,48,66,137
11/21/2018,SUX,IA,ACE,CE,Combined TRACON& Tower with Radar,0,7,9,0,16,0,0,11,9,20,0,7,20,9,36,4,8,12,48
11/22/2018,SUX,IA,ACE,CE,Combined TRACON& Tower with Radar,0,4,1,0,5,0,0,9,0,9,0,4,10,0,14,30,0,30,44
11/23/2018,SUX,IA,ACE,CE,Combined TRACON& Tower with Radar,0,6,25,0,31,0,0,5,0,5,0,6,30,0,36,8,0,8,44
11/24/2018,SUX,IA,ACE,CE,Combined TRACON& Tower with Radar,0,5,7,0,12,0,1,18,0,19,0,6,25,0,31,6,0,6,37
11/25/2018,SUX,IA,ACE,CE,Combined TRACON& Tower with Radar,0,12,2,0,14,0,0,3,0,3,0,12,5,0,17,0,0,0,17
11/26/2018,SUX,IA,ACE,CE,Combined TRACON& Tower with Radar,0,6,20,1,27,0,5,6,0,11,0,11,26,1,38,22,0,22,60
11/27/2018,SUX,IA,ACE,CE,Combined TRACON& Tower with Radar,0,11,32,8,51,0,0,19,0,19,0,11,51,8,70,0,0,0,70
11/28/2018,SUX,IA,ACE,CE,Combined TRACON& Tower with Radar,0,11,16,4,31,0,0,3,0,3,0,11,19,4,34,0,24,24,58
11/29/2018,SUX,IA,ACE,CE,Combined TRACON& Tower with Radar,2,8,25,2,37,0,0,1,0,1,2,8,26,2,38,0,0,0,38
11/30/2018,SUX,IA,ACE,CE,Combined TRACON& Tower with Radar,0,13,13,2,28,0,0,1,0,1,0,13,14,2,29,0,0,0,29
12/01/2018,SUX,IA,ACE,CE,Combined TRACON& Tower with Radar,0,6,3,0,9,0,0,0,0,0,0,6,3,0,9,0,0,0,9
12/02/2018,SUX,IA,ACE,CE,Combined TRACON& Tower with Radar,0,5,6,0,11,0,2,0,0,2,0,7,6,0,13,0,0,0,13
12/03/2018,SUX,IA,ACE,CE,Combined TRACON& Tower with Radar,0,7,15,3,25,0,0,3,0,3,0,7,18,3,28,0,0,0,28
12/04/2018,SUX,IA,ACE,CE,Combined TRACON& Tower with Radar,0,11,23,20,54,0,0,4,0,4,0,11,27,20,58,0,8,8,66
12/05/2018,SUX,IA,ACE,CE,Combined TRACON& Tower with Radar,0,12,25,0,37,0,1,11,0,12,0,13,36,0,49,3,0,3,52
12/06/2018,SUX,IA,ACE,CE,Combined TRACON& Tower with Radar,0,7,24,15,46,0,2,7,0,9,0,9,31,15,55,12,2,14,69
12/07/2018,SUX,IA,ACE,CE,Combined TRACON& Tower with Radar,0,10,22,19,51,0,6,15,2,23,0,16,37,21,74,0,0,0,74
12/08/2018,SUX,IA,ACE,CE,Combined TRACON& Tower with Radar,0,5,15,0,20,0,1,5,0,6,0,6,20,0,26,0,0,0,26
12/09/2018,SUX,IA,ACE,CE,Combined TRACON& Tower with Radar,0,8,5,0,13,0,1,18,0,19,0,9,23,0,32,6,0,6,38
12/10/2018,SUX,IA,ACE,CE,Combined TRACON& Tower with Radar,0,12,20,0,32,0,3,14,0,17,0,15,34,0,49,12,0,12,61
12/11/2018,SUX,IA,ACE,CE,Combined TRACON& Tower with Radar,2,9,19,9,39,0,0,14,0,14,2,9,33,9,53,10,8,18,71
12/12/2018,SUX,IA,ACE,CE,Combined TRACON& Tower with Radar,0,9,21,16,46,0,2,15,3,20,0,11,36,19,66,0,12,12,78
12/13/2018,SUX,IA,ACE,CE,Combined TRACON& Tower with Radar,0,8,29,2,39,0,0,6,0,6,0,8,35,2,45,0,0,0,45
12/14/2018,SUX,IA,ACE,CE,Combined TRACON& Tower with Radar,0,15,29,3,47,0,1,26,1,28,0,16,55,4,75,22,0,22,97
12/15/2018,SUX,IA,ACE,CE,Combined TRACON& Tower with Radar,0,5,12,0,17,0,2,16,0,18,0,7,28,0,35,30,0,30,65
12/16/2018,SUX,IA,ACE,CE,Combined TRACON& Tower with Radar,2,7,11,0,20,0,6,14,0,20,2,13,25,0,40,16,0,16,56
12/17/2018,SUX,IA,ACE,CE,Combined TRACON& Tower with Radar,0,9,15,13,37,0,3,17,1,21,0,12,32,14,58,56,0,56,114
12/18/2018,SUX,IA,ACE,CE,Combined TRACON& Tower with Radar,0,7,22,29,58,0,0,21,1,22,0,7,43,30,80,18,6,24,104
12/19/2018,SUX,IA,ACE,CE,Combined TRACON& Tower with Radar,0,13,24,23,60,0,2,10,0,12,0,15,34,23,72,14,10,24,96
12/20/2018,SUX,IA,ACE,CE,Combined TRACON& Tower with Radar,0,7,24,17,48,0,2,1,0,3,0,9,25,17,51,0,20,20,71
12/21/2018,SUX,IA,ACE,CE,Combined TRACON& Tower with Radar,0,12,6,12,30,0,0,0,0,0,0,12,6,12,30,0,0,0,30
12/22/2018,SUX,IA,ACE,CE,Combined TRACON& Tower with Radar,0,9,7,0,16,0,3,9,0,12,0,12,16,0,28,0,0,0,28
12/23/2018,SUX,IA,ACE,CE,Combined TRACON& Tower with Radar,0,6,7,0,13,0,0,3,0,3,0,6,10,0,16,2,0,2,18
12/24/2018,SUX,IA,ACE,CE,Combined TRACON& Tower with Radar,0,7,1,0,8,0,2,7,0,9,0,9,8,0,17,0,0,0,17
12/25/2018,SUX,IA,ACE,CE,Combined TRACON& Tower with Radar,0,15,4,0,19,0,0,0,0,0,0,15,4,0,19,0,0,0,19
12/26/2018,SUX,IA,ACE,CE,Combined TRACON& Tower with Radar,0,11,8,0,19,0,0,0,0,0,0,11,8,0,19,0,0,0,19
12/27/2018,SUX,IA,ACE,CE,Combined TRACON& Tower with Radar,0,4,5,0,9,0,0,0,0,0,0,4,5,0,9,0,0,0,9
12/28/2018,SUX,IA,ACE,CE,Combined TRACON& Tower with Radar,0,10,11,0,21,0,0,0,0,0,0,10,11,0,21,0,0,0,21
12/29/2018,SUX,IA,ACE,CE,Combined TRACON& Tower with Radar,0,10,26,0,36,0,2,17,0,19,0,12,43,0,55,16,0,16,71
12/30/2018,SUX,IA,ACE,CE,Combined TRACON& Tower with Radar,0,10,4,0,14,0,3,10,0,13,0,13,14,0,27,16,0,16,43
12/31/2018,SUX,IA,ACE,CE,Combined TRACON& Tower with Radar,0,8,7,1,16,0,0,0,0,0,0,8,7,1,16,0,0,0,16
01/01/2019,SUX,IA,ACE,CE,Combined TRACON& Tower with Radar,0,9,4,0,13,0,0,2,0,2,0,9,6,0,15,0,0,0,15
01/02/2019,SUX,IA,ACE,CE,Combined TRACON& Tower with Radar,0,13,13,1,27,0,2,12,0,14,0,15,25,1,41,12,0,12,53
01/03/2019,SUX,IA,ACE,CE,Combined TRACON& Tower with Radar,0,13,10,0,23,0,0,10,0,10,0,13,20,0,33,6,0,6,39
01/04/2019,SUX,IA,ACE,CE,Combined TRACON& Tower with Radar,0,6,18,9,33,0,0,26,0,26,0,6,44,9,59,22,2,24,83
01/05/2019,SUX,IA,ACE,CE,Combined TRACON& Tower with Radar,0,6,10,5,21,0,1,19,0,20,0,7,29,5,41,12,0,12,53
01/06/2019,SUX,IA,ACE,CE,Combined TRACON& Tower with Radar,0,9,6,1,16,0,0,5,0,5,0,9,11,1,21,2,0,2,23
01/07/2019,SUX,IA,ACE,CE,Combined TRACON& Tower with Radar,0,13,10,9,32,0,3,7,0,10,0,16,17,9,42,0,0,0,42
01/08/2019,SUX,IA,ACE,CE,Combined TRACON& Tower with Radar,0,8,16,3,27,2,3,1,0,6,2,11,17,3,33,0,0,0,33
01/09/2019,SUX,IA,ACE,CE,Combined TRACON& Tower with Radar,0,9,15,19,43,0,3,19,0,22,0,12,34,19,65,12,8,20,85
01/10/2019,SUX,IA,ACE,CE,Combined TRACON& Tower with Radar,0,7,13,17,37,0,0,10,0,10,0,7,23,17,47,8,4,12,59
01/11/2019,SUX,IA,ACE,CE,Combined TRACON& Tower with Radar,0,7,14,16,37,0,3,15,0,18,0,10,29,16,55,64,16,80,135
01/12/2019,SUX,IA,ACE,CE,Combined TRACON& Tower with Radar,0,9,3,0,12,0,0,5,0,5,0,9,8,0,17,0,0,0,17
01/13/2019,SUX,IA,ACE,CE,Combined TRACON& Tower with Radar,0,7,8,0,15,0,0,1,0,1,0,7,9,0,16,0,0,0,16
01/14/2019,SUX,IA,ACE,CE,Combined TRACON& Tower with Radar,0,7,11,15,33,0,0,0,0,0,0,7,11,15,33,0,12,12,45
01/15/2019,SUX,IA,ACE,CE,Combined TRACON& Tower with Radar,0,6,17,35,58,0,0,4,0,4,0,6,21,35,62,0,14,14,76
01/16/2019,SUX,IA,ACE,CE,Combined TRACON& Tower with Radar,0,12,26,15,53,0,0,2,0,2,0,12,28,15,55,16,0,16,71
01/17/2019,SUX,IA,ACE,CE,Combined TRACON& Tower with Radar,0,14,16,11,41,0,3,5,0,8,0,17,21,11,49,28,0,28,77
01/18/2019,SUX,IA,ACE,CE,Combined TRACON& Tower with Radar,0,6,5,11,22,0,0,0,1,1,0,6,5,12,23,0,24,24,47
01/19/2019,SUX,IA,ACE,CE,Combined TRACON& Tower with Radar,0,2,12,0,14,0,1,7,0,8,0,3,19,0,22,2,0,2,24
01/20/2019,SUX,IA,ACE,CE,Combined TRACON& Tower with Radar,0,9,3,1,13,0,3,1,0,4,0,12,4,1,17,0,0,0,17
01/21/2019,SUX,IA,ACE,CE,Combined TRACON& Tower with Radar,0,9,5,0,14,0,1,0,0,1,0,10,5,0,15,0,0,0,15
01/22/2019,SUX,IA,ACE,CE,Combined TRACON& Tower with Radar,0,3,10,0,13,0,0,0,0,0,0,3,10,0,13,0,0,0,13
01/23/2019,SUX,IA,ACE,CE,Combined TRACON& Tower with Radar,0,7,25,29,61,0,2,33,0,35,0,9,58,29,96,12,12,24,120
01/24/2019,SUX,IA,ACE,CE,Combined TRACON& Tower with Radar,0,7,24,10,41,0,1,1,0,2,0,8,25,10,43,0,0,0,43
01/25/2019,SUX,IA,ACE,CE,Combined TRACON& Tower with Radar,0,6,15,7,28,0,6,6,0,12,0,12,21,7,40,12,2,14,54
01/26/2019,SUX,IA,ACE,CE,Combined TRACON& Tower with Radar,0,6,3,0,9,1,2,0,0,3,1,8,3,0,12,4,0,4,16
01/27/2019,SUX,IA,ACE,CE,Combined TRACON& Tower with Radar,0,8,5,0,13,0,2,1,0,3,0,10,6,0,16,0,0,0,16
01/28/2019,SUX,IA,ACE,CE,Combined TRACON& Tower with Radar,0,5,5,1,11,0,0,1,0,1,0,5,6,1,12,0,0,0,12
01/29/2019,SUX,IA,ACE,CE,Combined TRACON& Tower with Radar,0,8,14,0,22,0,3,0,0,3,0,11,14,0,25,0,0,0,25
01/30/2019,SUX,IA,ACE,CE,Combined TRACON& Tower with Radar,0,2,16,10,28,0,5,0,0,5,0,7,16,10,33,0,10,10,43
01/31/2019,SUX,IA,ACE,CE,Combined TRACON& Tower with Radar,0,2,21,10,33,0,2,9,0,11,0,4,30,10,44,2,12,14,58
02/01/2019,SUX,IA,ACE,CE,Combined TRACON& Tower with Radar,0,9,28,4,41,0,6,12,1,19,0,15,40,5,60,16,0,16,76
02/02/2019,SUX,IA,ACE,CE,Combined TRACON& Tower with Radar,0,7,23,0,30,0,3,0,0,3,0,10,23,0,33,12,0,12,45
02/03/2019,SUX,IA,ACE,CE,Combined TRACON& Tower with Radar,0,1,4,0,5,0,0,0,0,0,0,1,4,0,5,0,0,0,5
02/04/2019,SUX,IA,ACE,CE,Combined TRACON& Tower with Radar,0,7,10,0,17,0,0,5,0,5,0,7,15,0,22,0,0,0,22
02/05/2019,SUX,IA,ACE,CE,Combined TRACON& Tower with Radar,0,5,10,4,19,0,2,4,0,6,0,7,14,4,25,0,0,0,25
02/06/2019,SUX,IA,ACE,CE,Combined TRACON& Tower with Radar,0,4,16,2,22,0,0,0,0,0,0,4,16,2,22,0,0,0,22
02/07/2019,SUX,IA,ACE,CE,Combined TRACON& Tower with Radar,0,14,17,0,31,0,0,0,0,0,0,14,17,0,31,0,0,0,31
02/08/2019,SUX,IA,ACE,CE,Combined TRACON& Tower with Radar,0,10,16,5,31,0,0,9,0,9,0,10,25,5,40,6,0,6,46
02/09/2019,SUX,IA,ACE,CE,Combined TRACON& Tower with Radar,0,9,16,4,29,0,0,6,0,6,0,9,22,4,35,8,0,8,43
02/10/2019,SUX,IA,ACE,CE,Combined TRACON& Tower with Radar,0,7,1,0,8,0,0,0,0,0,0,7,1,0,8,0,0,0,8
02/11/2019,SUX,IA,ACE,CE,Combined TRACON& Tower with Radar,0,10,3,3,16,0,0,0,0,0,0,10,3,3,16,0,0,0,16
02/12/2019,SUX,IA,ACE,CE,Combined TRACON& Tower with Radar,0,6,12,7,25,0,0,3,0,3,0,6,15,7,28,0,0,0,28
02/13/2019,SUX,IA,ACE,CE,Combined TRACON& Tower with Radar,0,12,22,24,58,0,4,12,0,16,0,16,34,24,74,30,4,34,108
02/14/2019,SUX,IA,ACE,CE,Combined TRACON& Tower with Radar,0,8,10,4,22,0,0,1,0,1,0,8,11,4,23,0,0,0,23
02/15/2019,SUX,IA,ACE,CE,Combined TRACON& Tower with Radar,0,12,13,4,29,0,0,8,2,10,0,12,21,6,39,44,0,44,83
02/16/2019,SUX,IA,ACE,CE,Combined TRACON& Tower with Radar,0,4,3,1,8,0,0,5,0,5,0,4,8,1,13,10,0,10,23
02/17/2019,SUX,IA,ACE,CE,Combined TRACON& Tower with Radar,0,6,4,1,11,0,0,0,0,0,0,6,4,1,11,0,0,0,11
02/18/2019,SUX,IA,ACE,CE,Combined TRACON& Tower with Radar,0,7,9,0,16,0,0,17,0,17,0,7,26,0,33,0,0,0,33
02/19/2019,SUX,IA,ACE,CE,Combined TRACON& Tower with Radar,0,8,14,0,22,0,2,4,0,6,0,10,18,0,28,14,0,14,42
02/20/2019,SUX,IA,ACE,CE,Combined TRACON& Tower with Radar,0,7,2,1,10,0,0,1,1,2,0,7,3,2,12,0,0,0,12
02/21/2019,SUX,IA,ACE,CE,Combined TRACON& Tower with Radar,0,9,14,9,32,0,4,9,0,13,0,13,23,9,45,28,0,28,73
02/22/2019,SUX,IA,ACE,CE,Combined TRACON& Tower with Radar,0,10,23,3,36,0,0,6,0,6,0,10,29,3,42,8,0,8,50
02/23/2019,SUX,IA,ACE,CE,Combined TRACON& Tower with Radar,0,7,0,0,7,0,0,0,0,0,0,7,0,0,7,0,0,0,7
02/24/2019,SUX,IA,ACE,CE,Combined TRACON& Tower with Radar,0,5,9,1,15,0,0,4,0,4,0,5,13,1,19,0,0,0,19
02/25/2019,SUX,IA,ACE,CE,Combined TRACON& Tower with Radar,0,10,22,0,32,0,6,6,0,12,0,16,28,0,44,8,0,8,52
02/26/2019,SUX,IA,ACE,CE,Combined TRACON& Tower with Radar,0,9,13,1,23,0,0,6,0,6,0,9,19,1,29,12,0,12,41
02/27/2019,SUX,IA,ACE,CE,Combined TRACON& Tower with Radar,2,13,16,6,37,0,0,1,0,1,2,13,17,6,38,0,0,0,38
02/28/2019,SUX,IA,ACE,CE,Combined TRACON& Tower with Radar,0,12,11,2,25,0,0,1,0,1,0,12,12,2,26,0,0,0,26
03/01/2019,SUX,IA,ACE,CE,Combined TRACON& Tower with Radar,0,8,7,2,17,0,2,2,0,4,0,10,9,2,21,0,0,0,21
03/02/2019,SUX,IA,ACE,CE,Combined TRACON& Tower with Radar,1,5,6,2,14,0,0,4,1,5,1,5,10,3,19,8,0,8,27
03/03/2019,SUX,IA,ACE,CE,Combined TRACON& Tower with Radar,0,7,3,1,11,0,2,0,0,2,0,9,3,1,13,0,0,0,13
03/04/2019,SUX,IA,ACE,CE,Combined TRACON& Tower with Radar,0,10,14,8,32,0,2,8,0,10,0,12,22,8,42,16,6,22,64
03/05/2019,SUX,IA,ACE,CE,Combined TRACON& Tower with Radar,0,10,26,12,48,0,2,5,0,7,0,12,31,12,55,10,0,10,65
03/06/2019,SUX,IA,ACE,CE,Combined TRACON& Tower with Radar,0,9,32,12,53,0,0,17,1,18,0,9,49,13,71,21,11,32,103
03/07/2019,SUX,IA,ACE,CE,Combined TRACON& Tower with Radar,0,8,14,0,22,0,0,0,0,0,0,8,14,0,22,0,0,0,22
03/08/2019,SUX,IA,ACE,CE,Combined TRACON& Tower with Radar,0,8,7,4,19,0,0,0,0,0,0,8,7,4,19,0,0,0,19
03/09/2019,SUX,IA,ACE,CE,Combined TRACON& Tower with Radar,0,4,0,1,5,0,0,0,0,0,0,4,0,1,5,0,0,0,5
03/10/2019,SUX,IA,ACE,CE,Combined TRACON& Tower with Radar,0,8,17,0,25,0,3,12,0,15,0,11,29,0,40,20,0,20,60
03/11/2019,SUX,IA,ACE,CE,Combined TRACON& Tower with Radar,2,8,8,3,21,0,5,16,0,21,2,13,24,3,42,22,0,22,64
03/12/2019,SUX,IA,ACE,CE,Combined TRACON& Tower with Radar,0,7,10,4,21,0,0,0,0,0,0,7,10,4,21,8,0,8,29
03/13/2019,SUX,IA,ACE,CE,Combined TRACON& Tower with Radar,0,11,15,0,26,0,0,1,0,1,0,11,16,0,27,5,0,5,32
03/14/2019,SUX,IA,ACE,CE,Combined TRACON& Tower with Radar,0,5,9,1,15,0,0,0,0,0,0,5,9,1,15,0,0,0,15
03/15/2019,SUX,IA,ACE,CE,Combined TRACON& Tower with Radar,0,8,7,12,27,0,2,30,0,32,0,10,37,12,59,10,0,10,69
03/16/2019,SUX,IA,ACE,CE,Combined TRACON& Tower with Radar,0,4,16,1,21,0,2,19,1,22,0,6,35,2,43,43,0,43,86
03/17/2019,SUX,IA,ACE,CE,Combined TRACON& Tower with Radar,0,12,15,2,29,0,0,17,0,17,0,12,32,2,46,0,0,0,46
03/18/2019,SUX,IA,ACE,CE,Combined TRACON& Tower with Radar,0,11,12,0,23,0,2,16,1,19,0,13,28,1,42,4,0,4,46
03/19/2019,SUX,IA,ACE,CE,Combined TRACON& Tower with Radar,0,8,21,3,32,0,3,16,0,19,0,11,37,3,51,24,16,40,91
03/20/2019,SUX,IA,ACE,CE,Combined TRACON& Tower with Radar,0,8,37,10,55,0,0,22,0,22,0,8,59,10,77,0,0,0,77
03/21/2019,SUX,IA,ACE,CE,Combined TRACON& Tower with Radar,0,10,19,9,38,0,2,19,0,21,0,12,38,9,59,11,6,17,76
03/22/2019,SUX,IA,ACE,CE,Combined TRACON& Tower with Radar,0,8,20,1,29,0,4,20,0,24,0,12,40,1,53,14,0,14,67
03/23/2019,SUX,IA,ACE,CE,Combined TRACON& Tower with Radar,0,4,10,0,14,0,0,13,0,13,0,4,23,0,27,4,0,4,31
03/24/2019,SUX,IA,ACE,CE,Combined TRACON& Tower with Radar,0,8,12,0,20,0,1,1,0,2,0,9,13,0,22,0,0,0,22
03/25/2019,SUX,IA,ACE,CE,Combined TRACON& Tower with Radar,0,11,4,0,15,0,0,1,0,1,0,11,5,0,16,22,0,22,38
03/26/2019,SUX,IA,ACE,CE,Combined TRACON& Tower with Radar,0,14,19,7,40,1,4,12,0,17,1,18,31,7,57,9,3,12,69
03/27/2019,SUX,IA,ACE,CE,Combined TRACON& Tower with Radar,0,10,19,4,33,0,2,17,0,19,0,12,36,4,52,2,0,2,54
03/28/2019,SUX,IA,ACE,CE,Combined TRACON& Tower with Radar,0,10,32,12,54,0,9,18,0,27,0,19,50,12,81,8,10,18,99
03/29/2019,SUX,IA,ACE,CE,Combined TRACON& Tower with Radar,0,13,13,6,32,0,5,6,0,11,0,18,19,6,43,32,2,34,77
03/30/2019,SUX,IA,ACE,CE,Combined TRACON& Tower with Radar,0,8,2,1,11,0,3,5,0,8,0,11,7,1,19,10,0,10,29
03/31/2019,SUX,IA,ACE,CE,Combined TRACON& Tower with Radar,0,8,9,1,18,0,2,11,0,13,0,10,20,1,31,10,0,10,41
04/01/2019,SUX,IA,ACE,CE,Combined TRACON& Tower with Radar,0,9,13,9,31,0,0,9,0,9,0,9,22,9,40,0,8,8,48
04/02/2019,SUX,IA,ACE,CE,Combined TRACON& Tower with Radar,2,6,27,7,42,0,0,6,0,6,2,6,33,7,48,16,6,22,70
04/03/2019,SUX,IA,ACE,CE,Combined TRACON& Tower with Radar,0,8,23,19,50,0,0,4,0,4,0,8,27,19,54,0,18,18,72
04/04/2019,SUX,IA,ACE,CE,Combined TRACON& Tower with Radar,0,10,13,9,32,0,0,0,0,0,0,10,13,9,32,0,0,0,32
04/05/2019,SUX,IA,ACE,CE,Combined TRACON& Tower with Radar,0,12,16,0,28,0,0,11,0,11,0,12,27,0,39,6,0,6,45
04/06/2019,SUX,IA,ACE,CE,Combined TRACON& Tower with Radar,0,4,7,1,12,0,1,12,0,13,0,5,19,1,25,34,0,34,59
04/07/2019,SUX,IA,ACE,CE,Combined TRACON& Tower with Radar,0,8,9,1,18,0,0,6,0,6,0,8,15,1,24,0,0,0,24
04/08/2019,SUX,IA,ACE,CE,Combined TRACON& Tower with Radar,0,8,11,18,37,0,0,13,2,15,0,8,24,20,52,44,0,44,96
04/09/2019,SUX,IA,ACE,CE,Combined TRACON& Tower with Radar,2,6,11,25,44,0,0,5,3,8,2,6,16,28,52,0,7,7,59
04/10/2019,SUX,IA,ACE,CE,Combined TRACON& Tower with Radar,0,10,21,0,31,0,0,0,0,0,0,10,21,0,31,0,0,0,31
04/11/2019,SUX,IA,ACE,CE,Combined TRACON& Tower with Radar,0,14,6,0,20,0,0,0,0,0,0,14,6,0,20,0,0,0,20
04/12/2019,SUX,IA,ACE,CE,Combined TRACON& Tower with Radar,0,15,14,15,44,0,0,1,0,1,0,15,15,15,45,6,2,8,53
04/13/2019,SUX,IA,ACE,CE,Combined TRACON& Tower with Radar,2,8,10,8,28,0,2,16,9,27,2,10,26,17,55,34,0,34,89
04/14/2019,SUX,IA,ACE,CE,Combined TRACON& Tower with Radar,0,4,8,0,12,0,2,18,0,20,0,6,26,0,32,24,0,24,56
04/15/2019,SUX,IA,ACE,CE,Combined TRACON& Tower with Radar,0,7,12,6,25,0,9,10,1,20,0,16,22,7,45,14,0,14,59
04/16/2019,SUX,IA,ACE,CE,Combined TRACON& Tower with Radar,0,6,18,18,42,0,3,18,0,21,0,9,36,18,63,14,28,42,105
04/17/2019,SUX,IA,ACE,CE,Combined TRACON& Tower with Radar,0,8,27,20,55,0,4,5,0,9,0,12,32,20,64,0,6,6,70
04/18/2019,SUX,IA,ACE,CE,Combined TRACON& Tower with Radar,0,8,16,10,34,0,2,20,0,22,0,10,36,10,56,4,2,6,62
04/19/2019,SUX,IA,ACE,CE,Combined TRACON& Tower with Radar,0,8,6,22,36,0,4,16,0,20,0,12,22,22,56,2,8,10,66
04/20/2019,SUX,IA,ACE,CE,Combined TRACON& Tower with Radar,0,6,7,0,13,0,2,11,0,13,0,8,18,0,26,0,0,0,26
04/21/2019,SUX,IA,ACE,CE,Combined TRACON& Tower with Radar,0,7,2,0,9,0,3,10,0,13,0,10,12,0,22,0,0,0,22
04/22/2019,SUX,IA,ACE,CE,Combined TRACON& Tower with Radar,0,8,15,2,25,0,1,2,0,3,0,9,17,2,28,0,0,0,28
04/23/2019,SUX,IA,ACE,CE,Combined TRACON& Tower with Radar,0,6,18,25,49,0,2,26,2,30,0,8,44,27,79,17,16,33,112
04/24/2019,SUX,IA,ACE,CE,Combined TRACON& Tower with Radar,0,9,19,44,72,0,5,19,0,24,0,14,38,44,96,2,24,26,122
04/25/2019,SUX,IA,ACE,CE,Combined TRACON& Tower with Radar,0,13,22,3,38,0,3,10,0,13,0,16,32,3,51,0,0,0,51
04/26/2019,SUX,IA,ACE,CE,Combined TRACON& Tower with Radar,0,10,6,10,26,0,15,19,0,34,0,25,25,10,60,19,12,31,91
04/27/2019,SUX,IA,ACE,CE,Combined TRACON& Tower with Radar,0,2,5,0,7,0,0,0,0,0,0,2,5,0,7,0,0,0,7
04/28/2019,SUX,IA,ACE,CE,Combined TRACON& Tower with Radar,0,12,7,2,21,0,0,0,0,0,0,12,7,2,21,0,0,0,21
04/29/2019,SUX,IA,ACE,CE,Combined TRACON& Tower with Radar,0,7,5,0,12,0,2,16,0,18,0,9,21,0,30,4,0,4,34
04/30/2019,SUX,IA,ACE,CE,Combined TRACON& Tower with Radar,0,8,18,8,34,0,0,0,0,0,0,8,18,8,34,0,0,0,34
05/01/2019,SUX,IA,ACE,CE,Combined TRACON& Tower with Radar,0,9,20,24,53,0,2,8,0,10,0,11,28,24,63,16,32,48,111
05/02/2019,SUX,IA,ACE,CE,Combined TRACON& Tower with Radar,2,10,26,4,42,0,1,21,0,22,2,11,47,4,64,4,0,4,68
05/03/2019,SUX,IA,ACE,CE,Combined TRACON& Tower with Radar,0,9,19,26,54,0,5,14,0,19,0,14,33,26,73,8,24,32,105
05/04/2019,SUX,IA,ACE,CE,Combined TRACON& Tower with Radar,0,5,0,0,5,0,0,29,0,29,0,5,29,0,34,12,0,12,46
05/05/2019,SUX,IA,ACE,CE,Combined TRACON& Tower with Radar,2,8,11,0,21,0,0,17,0,17,2,8,28,0,38,0,0,0,38
05/06/2019,SUX,IA,ACE,CE,Combined TRACON& Tower with Radar,0,9,18,0,27,0,3,11,0,14,0,12,29,0,41,16,0,16,57
05/07/2019,SUX,IA,ACE,CE,Combined TRACON& Tower with Radar,0,7,23,12,42,0,6,12,0,18,0,13,35,12,60,18,9,27,87
05/08/2019,SUX,IA,ACE,CE,Combined TRACON& Tower with Radar,0,12,24,8,44,0,0,0,0,0,0,12,24,8,44,0,0,0,44
05/09/2019,SUX,IA,ACE,CE,Combined TRACON& Tower with Radar,0,7,11,4,22,0,4,0,0,4,0,11,11,4,26,0,0,0,26
05/10/2019,SUX,IA,ACE,CE,Combined TRACON& Tower with Radar,0,7,15,23,45,0,5,22,0,27,0,12,37,23,72,8,8,16,88
05/11/2019,SUX,IA,ACE,CE,Combined TRACON& Tower with Radar,0,5,7,1,13,0,4,17,0,21,0,9,24,1,34,16,0,16,50
05/12/2019,SUX,IA,ACE,CE,Combined TRACON& Tower with Radar,0,8,8,1,17,0,0,2,0,2,0,8,10,1,19,6,0,6,25
05/13/2019,SUX,IA,ACE,CE,Combined TRACON& Tower with Radar,0,13,16,0,29,0,2,18,0,20,0,15,34,0,49,0,0,0,49
05/14/2019,SUX,IA,ACE,CE,Combined TRACON& Tower with Radar,0,11,16,12,39,0,0,23,0,23,0,11,39,12,62,6,20,26,88
05/15/2019,SUX,IA,ACE,CE,Combined TRACON& Tower with Radar,0,8,13,4,25,0,5,23,0,28,0,13,36,4,53,0,0,0,53
05/16/2019,SUX,IA,ACE,CE,Combined TRACON& Tower with Radar,0,9,15,19,43,0,6,16,0,22,0,15,31,19,65,16,8,24,89
05/17/2019,SUX,IA,ACE,CE,Combined TRACON& Tower with Radar,0,8,19,0,27,0,0,10,0,10,0,8,29,0,37,20,0,20,57
05/18/2019,SUX,IA,ACE,CE,Combined TRACON& Tower with Radar,0,3,9,1,13,0,0,5,0,5,0,3,14,1,18,0,0,0,18
05/19/2019,SUX,IA,ACE,CE,Combined TRACON& Tower with Radar,0,12,10,1,23,0,3,0,0,3,0,15,10,1,26,0,0,0,26
05/20/2019,SUX,IA,ACE,CE,Combined TRACON& Tower with Radar,0,10,19,2,31,0,4,10,0,14,0,14,29,2,45,4,0,4,49
05/21/2019,SUX,IA,ACE,CE,Combined TRACON& Tower with Radar,6,9,16,1,32,0,0,0,0,0,6,9,16,1,32,0,0,0,32
05/22/2019,SUX,IA,ACE,CE,Combined TRACON& Tower with Radar,0,9,19,4,32,0,4,5,0,9,0,13,24,4,41,0,0,0,41
05/23/2019,SUX,IA,ACE,CE,Combined TRACON& Tower with Radar,0,7,12,16,35,0,2,17,0,19,0,9,29,16,54,1,0,1,55
05/24/2019,SUX,IA,ACE,CE,Combined TRACON& Tower with Radar,0,7,24,6,37,0,2,3,0,5,0,9,27,6,42,16,2,18,60
05/25/2019,SUX,IA,ACE,CE,Combined TRACON& Tower with Radar,0,5,8,0,13,0,8,12,0,20,0,13,20,0,33,12,0,12,45
05/26/2019,SUX,IA,ACE,CE,Combined TRACON& Tower with Radar,0,9,1,0,10,0,3,12,0,15,0,12,13,0,25,8,0,8,33
05/27/2019,SUX,IA,ACE,CE,Combined TRACON& Tower with Radar,0,9,7,0,16,0,2,0,0,2,0,11,7,0,18,0,0,0,18
05/28/2019,SUX,IA,ACE,CE,Combined TRACON& Tower with Radar,0,12,11,2,25,0,2,0,0,2,0,14,11,2,27,0,0,0,27
05/29/2019,SUX,IA,ACE,CE,Combined TRACON& Tower with Radar,0,7,37,17,61,0,1,1,0,2,0,8,38,17,63,0,0,0,63
05/30/2019,SUX,IA,ACE,CE,Combined TRACON& Tower with Radar,0,9,17,5,31,0,10,18,0,28,0,19,35,5,59,15,4,19,78
05/31/2019,SUX,IA,ACE,CE,Combined TRACON& Tower with Radar,0,10,13,14,37,0,2,21,0,23,0,12,34,14,60,8,0,8,68
06/01/2019,SUX,IA,ACE,CE,Combined TRACON& Tower with Radar,0,7,15,0,22,0,4,16,0,20,0,11,31,0,42,20,0,20,62
06/02/2019,SUX,IA,ACE,CE,Combined TRACON& Tower with Radar,0,12,17,0,29,0,1,21,0,22,0,13,38,0,51,10,0,10,61
06/03/2019,SUX,IA,ACE,CE,Combined TRACON& Tower with Radar,0,7,4,1,12,0,0,4,2,6,0,7,8,3,18,4,0,4,22
06/04/2019,SUX,IA,ACE,CE,Combined TRACON& Tower with Radar,1,10,15,8,34,0,0,18,0,18,1,10,33,8,52,2,0,2,54
06/05/2019,SUX,IA,ACE,CE,Combined TRACON& Tower with Radar,0,7,18,10,35,0,2,23,0,25,0,9,41,10,60,22,2,24,84
06/06/2019,SUX,IA,ACE,CE,Combined TRACON& Tower with Radar,0,7,15,7,29,0,0,15,0,15,0,7,30,7,44,8,0,8,52
06/07/2019,SUX,IA,ACE,CE,Combined TRACON& Tower with Radar,0,9,21,5,35,0,4,15,0,19,0,13,36,5,54,0,0,0,54
06/08/2019,SUX,IA,ACE,CE,Combined TRACON& Tower with Radar,0,5,9,1,15,0,6,2,0,8,0,11,11,1,23,0,0,0,23
06/09/2019,SUX,IA,ACE,CE,Combined TRACON& Tower with Radar,0,9,11,0,20,0,4,5,0,9,0,13,16,0,29,0,0,0,29
06/10/2019,SUX,IA,ACE,CE,Combined TRACON& Tower with Radar,0,9,9,2,20,0,0,14,0,14,0,9,23,2,34,0,0,0,34
06/11/2019,SUX,IA,ACE,CE,Combined TRACON& Tower with Radar,0,8,12,4,24,0,2,7,3,12,0,10,19,7,36,0,2,2,38
06/12/2019,SUX,IA,ACE,CE,Combined TRACON& Tower with Radar,0,9,22,7,38,0,3,13,0,16,0,12,35,7,54,8,6,14,68
06/13/2019,SUX,IA,ACE,CE,Combined TRACON& Tower with Radar,0,9,15,15,39,0,4,22,0,26,0,13,37,15,65,6,12,18,83
06/14/2019,SUX,IA,ACE,CE,Combined TRACON& Tower with Radar,0,7,23,2,32,0,5,10,0,15,0,12,33,2,47,0,0,0,47
06/15/2019,SUX,IA,ACE,CE,Combined TRACON& Tower with Radar,0,5,10,1,16,0,5,15,0,20,0,10,25,1,36,0,0,0,36
06/16/2019,SUX,IA,ACE,CE,Combined TRACON& Tower with Radar,0,10,8,0,18,0,2,9,0,11,0,12,17,0,29,0,0,0,29
06/17/2019,SUX,IA,ACE,CE,Combined TRACON& Tower with Radar,0,8,16,1,25,0,2,10,0,12,0,10,26,1,37,1,0,1,38
06/18/2019,SUX,IA,ACE,CE,Combined TRACON& Tower with Radar,2,11,12,23,48,0,0,6,0,6,2,11,18,23,54,0,16,16,70
06/19/2019,SUX,IA,ACE,CE,Combined TRACON& Tower with Radar,0,9,40,6,55,0,2,6,8,16,0,11,46,14,71,0,2,2,73
06/20/2019,SUX,IA,ACE,CE,Combined TRACON& Tower with Radar,0,9,21,0,30,0,2,12,0,14,0,11,33,0,44,30,0,30,74
06/21/2019,SUX,IA,ACE,CE,Combined TRACON& Tower with Radar,0,7,17,1,25,0,8,7,0,15,0,15,24,1,40,24,0,24,64
06/22/2019,SUX,IA,ACE,CE,Combined TRACON& Tower with Radar,2,6,12,0,20,0,0,0,0,0,2,6,12,0,20,0,0,0,20
06/23/2019,SUX,IA,ACE,CE,Combined TRACON& Tower with Radar,0,10,16,0,26,0,2,0,0,2,0,12,16,0,28,0,0,0,28
06/24/2019,SUX,IA,ACE,CE,Combined TRACON& Tower with Radar,0,5,11,3,19,0,1,16,0,17,0,6,27,3,36,38,0,38,74
06/25/2019,SUX,IA,ACE,CE,Combined TRACON& Tower with Radar,0,11,20,0,31,0,2,21,0,23,0,13,41,0,54,18,0,18,72
06/26/2019,SUX,IA,ACE,CE,Combined TRACON& Tower with Radar,2,4,17,0,23,0,2,22,0,24,2,6,39,0,47,10,0,10,57
06/27/2019,SUX,IA,ACE,CE,Combined TRACON& Tower with Radar,2,9,31,0,42,0,7,19,2,28,2,16,50,2,70,13,0,13,83
06/28/2019,SUX,IA,ACE,CE,Combined TRACON& Tower with Radar,2,8,17,6,33,0,5,25,0,30,2,13,42,6,63,8,2,10,73
06/29/2019,SUX,IA,ACE,CE,Combined TRACON& Tower with Radar,0,8,5,0,13,0,7,21,0,28,0,15,26,0,41,50,0,50,91
06/30/2019,SUX,IA,ACE,CE,Combined TRACON& Tower with Radar,0,7,3,0,10,0,1,12,0,13,0,8,15,0,23,0,0,0,23
07/01/2019,SUX,IA,ACE,CE,Combined TRACON& Tower with Radar,0,11,8,0,19,0,0,4,0,4,0,11,12,0,23,1,0,1,24
07/02/2019,SUX,IA,ACE,CE,Combined TRACON& Tower with Radar,0,10,18,0,28,0,2,11,0,13,0,12,29,0,41,18,0,18,59
07/03/2019,SUX,IA,ACE,CE,Combined TRACON& Tower with Radar,0,8,20,0,28,0,0,14,0,14,0,8,34,0,42,16,0,16,58
07/04/2019,SUX,IA,ACE,CE,Combined TRACON& Tower with Radar,0,4,5,0,9,0,5,4,0,9,0,9,9,0,18,8,0,8,26
07/05/2019,SUX,IA,ACE,CE,Combined TRACON& Tower with Radar,0,6,6,0,12,0,4,7,0,11,0,10,13,0,23,10,0,10,33
07/06/2019,SUX,IA,ACE,CE,Combined TRACON& Tower with Radar,0,5,2,0,7,0,4,10,0,14,0,9,12,0,21,0,0,0,21
07/07/2019,SUX,IA,ACE,CE,Combined TRACON& Tower with Radar,0,11,12,0,23,0,2,11,0,13,0,13,23,0,36,0,0,0,36
07/08/2019,SUX,IA,ACE,CE,Combined TRACON& Tower with Radar,0,8,5,0,13,0,2,18,0,20,0,10,23,0,33,0,0,0,33
07/09/2019,SUX,IA,ACE,CE,Combined TRACON& Tower with Radar,0,7,16,0,23,0,1,15,0,16,0,8,31,0,39,0,0,0,39
07/10/2019,SUX,IA,ACE,CE,Combined TRACON& Tower with Radar,0,11,16,0,27,0,0,5,7,12,0,11,21,7,39,0,0,0,39
07/11/2019,SUX,IA,ACE,CE,Combined TRACON& Tower with Radar,0,7,38,0,45,0,1,27,1,29,0,8,65,1,74,70,1,71,145
07/12/2019,SUX,IA,ACE,CE,Combined TRACON& Tower with Radar,0,7,21,0,28,0,2,11,0,13,0,9,32,0,41,24,0,24,65
07/13/2019,SUX,IA,ACE,CE,Combined TRACON& Tower with Radar,0,7,2,0,9,0,0,9,0,9,0,7,11,0,18,0,0,0,18
07/14/2019,SUX,IA,ACE,CE,Combined TRACON& Tower with Radar,0,8,4,0,12,0,2,4,0,6,0,10,8,0,18,0,0,0,18
07/15/2019,SUX,IA,ACE,CE,Combined TRACON& Tower with Radar,0,8,13,0,21,0,2,21,0,23,0,10,34,0,44,14,0,14,58
07/16/2019,SUX,IA,ACE,CE,Combined TRACON& Tower with Radar,0,7,13,0,20,0,1,11,0,12,0,8,24,0,32,0,0,0,32
07/17/2019,SUX,IA,ACE,CE,Combined TRACON& Tower with Radar,0,9,13,0,22,0,2,8,0,10,0,11,21,0,32,9,0,9,41
07/18/2019,SUX,IA,ACE,CE,Combined TRACON& Tower with Radar,0,6,24,0,30,0,1,21,0,22,0,7,45,0,52,26,0,26,78
07/19/2019,SUX,IA,ACE,CE,Combined TRACON& Tower with Radar,0,7,19,0,26,0,4,12,0,16,0,11,31,0,42,24,0,24,66
07/20/2019,SUX,IA,ACE,CE,Combined TRACON& Tower with Radar,0,4,10,0,14,0,2,14,0,16,0,6,24,0,30,0,0,0,30
07/21/2019,SUX,IA,ACE,CE,Combined TRACON& Tower with Radar,0,8,7,0,15,0,6,19,0,25,0,14,26,0,40,18,0,18,58
07/22/2019,SUX,IA,ACE,CE,Combined TRACON& Tower with Radar,0,8,9,0,17,0,3,25,1,29,0,11,34,1,46,0,0,0,46
07/23/2019,SUX,IA,ACE,CE,Combined TRACON& Tower with Radar,0,9,15,0,24,0,1,26,0,27,0,10,41,0,51,36,0,36,87
07/24/2019,SUX,IA,ACE,CE,Combined TRACON& Tower with Radar,0,10,30,0,40,0,6,43,0,49,0,16,73,0,89,79,0,79,168
07/25/2019,SUX,IA,ACE,CE,Combined TRACON& Tower with Radar,0,12,22,0,34,0,0,9,0,9,0,12,31,0,43,10,0,10,53
07/26/2019,SUX,IA,ACE,CE,Combined TRACON& Tower with Radar,0,7,17,0,24,0,2,21,3,26,0,9,38,3,50,5,0,5,55
07/27/2019,SUX,IA,ACE,CE,Combined TRACON& Tower with Radar,0,6,6,0,12,0,0,35,0,35,0,6,41,0,47,37,0,37,84
07/28/2019,SUX,IA,ACE,CE,Combined TRACON& Tower with Radar,0,10,16,0,26,0,4,12,0,16,0,14,28,0,42,0,0,0,42
07/29/2019,SUX,IA,ACE,CE,Combined TRACON& Tower with Radar,0,7,13,0,20,0,0,24,0,24,0,7,37,0,44,44,0,44,88
07/30/2019,SUX,IA,ACE,CE,Combined TRACON& Tower with Radar,0,8,20,0,28,0,6,12,0,18,0,14,32,0,46,7,0,7,53
07/31/2019,SUX,IA,ACE,CE,Combined TRACON& Tower with Radar,0,11,27,0,38,0,3,20,3,26,0,14,47,3,64,32,0,32,96
08/01/2019,SUX,IA,ACE,CE,Combined TRACON& Tower with Radar,0,8,12,0,20,0,3,20,1,24,0,11,32,1,44,40,0,40,84
08/02/2019,SUX,IA,ACE,CE,Combined TRACON& Tower with Radar,0,7,9,0,16,0,0,12,2,14,0,7,21,2,30,18,0,18,48
08/03/2019,SUX,IA,ACE,CE,Combined TRACON& Tower with Radar,0,7,13,1,21,0,0,15,5,20,0,7,28,6,41,14,0,14,55
08/04/2019,SUX,IA,ACE,CE,Combined TRACON& Tower with Radar,0,7,4,0,11,10,0,24,0,34,10,7,28,0,45,21,0,21,66
08/05/2019,SUX,IA,ACE,CE,Combined TRACON& Tower with Radar,0,7,15,0,22,0,0,15,4,19,0,7,30,4,41,4,0,4,45
08/06/2019,SUX,IA,ACE,CE,Combined TRACON& Tower with Radar,0,7,19,2,28,0,0,30,6,36,0,7,49,8,64,34,0,34,98
08/07/2019,SUX,IA,ACE,CE,Combined TRACON& Tower with Radar,0,8,15,0,23,0,4,20,1,25,0,12,35,1,48,4,0,4,52
08/08/2019,SUX,IA,ACE,CE,Combined TRACON& Tower with Radar,0,9,19,0,28,0,5,17,0,22,0,14,36,0,50,24,0,24,74
08/09/2019,SUX,IA,ACE,CE,Combined TRACON& Tower with Radar,0,9,22,0,31,0,3,29,1,33,0,12,51,1,64,12,0,12,76
08/10/2019,SUX,IA,ACE,CE,Combined TRACON& Tower with Radar,2,4,16,3,25,0,4,23,0,27,2,8,39,3,52,4,2,6,58
08/11/2019,SUX,IA,ACE,CE,Combined TRACON& Tower with Radar,1,7,4,0,12,0,4,23,0,27,1,11,27,0,39,6,0,6,45
08/12/2019,SUX,IA,ACE,CE,Combined TRACON& Tower with Radar,0,9,19,0,28,0,1,7,0,8,0,10,26,0,36,2,0,2,38
08/13/2019,SUX,IA,ACE,CE,Combined TRACON& Tower with Radar,0,9,18,8,35,0,2,15,0,17,0,11,33,8,52,54,0,54,106
08/14/2019,SUX,IA,ACE,CE,Combined TRACON& Tower with Radar,0,8,27,1,36,0,5,37,0,42,0,13,64,1,78,62,0,62,140
08/15/2019,SUX,IA,ACE,CE,Combined TRACON& Tower with Radar,0,1,0,0,1,0,1,18,0,19,0,2,18,0,20,0,0,0,20
08/16/2019,SUX,IA,ACE,CE,Combined TRACON& Tower with Radar,0,0,0,0,0,0,6,0,0,6,0,6,0,0,6,0,0,0,6
08/17/2019,SUX,IA,ACE,CE,Combined TRACON& Tower with Radar,0,0,0,0,0,0,4,1,0,5,0,4,1,0,5,0,0,0,5
08/18/2019,SUX,IA,ACE,CE,Combined TRACON& Tower with Radar,0,1,2,0,3,0,5,4,0,9,0,6,6,0,12,0,0,0,12
08/19/2019,SUX,IA,ACE,CE,Combined TRACON& Tower with Radar,0,5,17,1,23,0,4,35,1,40,0,9,52,2,63,0,2,2,65
08/20/2019,SUX,IA,ACE,CE,Combined TRACON& Tower with Radar,0,6,16,0,22,0,0,8,0,8,0,6,24,0,30,26,0,26,56
08/21/2019,SUX,IA,ACE,CE,Combined TRACON& Tower with Radar,0,13,13,2,28,0,4,3,0,7,0,17,16,2,35,0,8,8,43
08/22/2019,SUX,IA,ACE,CE,Combined TRACON& Tower with Radar,0,14,22,6,42,0,4,33,1,38,0,18,55,7,80,48,2,50,130
08/23/2019,SUX,IA,ACE,CE,Combined TRACON& Tower with Radar,0,1,3,0,4,0,1,17,0,18,0,2,20,0,22,1,0,1,23
08/24/2019,SUX,IA,ACE,CE,Combined TRACON& Tower with Radar,0,0,0,0,0,0,7,8,0,15,0,7,8,0,15,0,0,0,15
08/25/2019,SUX,IA,ACE,CE,Combined TRACON& Tower with Radar,0,1,2,0,3,0,2,0,0,2,0,3,2,0,5,0,0,0,5
08/26/2019,SUX,IA,ACE,CE,Combined TRACON& Tower with Radar,2,9,19,1,31,0,2,6,0,8,2,11,25,1,39,4,0,4,43
08/27/2019,SUX,IA,ACE,CE,Combined TRACON& Tower with Radar,0,7,23,1,31,0,0,24,0,24,0,7,47,1,55,8,14,22,77
08/28/2019,SUX,IA,ACE,CE,Combined TRACON& Tower with Radar,0,8,30,12,50,0,3,12,2,17,0,11,42,14,67,24,8,32,99
08/29/2019,SUX,IA,ACE,CE,Combined TRACON& Tower with Radar,2,7,23,2,34,0,2,23,0,25,2,9,46,2,59,1,1,2,61
08/30/2019,SUX,IA,ACE,CE,Combined TRACON& Tower with Radar,1,11,15,6,33,0,0,13,0,13,1,11,28,6,46,1,0,1,47
08/31/2019,SUX,IA,ACE,CE,Combined TRACON& Tower with Radar,1,8,10,1,20,0,0,0,0,0,1,8,10,1,20,0,0,0,20
09/01/2019,SUX,IA,ACE,CE,Combined TRACON& Tower with Radar,0,7,4,0,11,0,4,11,0,15,0,11,15,0,26,36,0,36,62
09/02/2019,SUX,IA,ACE,CE,Combined TRACON& Tower with Radar,0,9,13,0,22,0,4,4,0,8,0,13,17,0,30,0,0,0,30
09/03/2019,SUX,IA,ACE,CE,Combined TRACON& Tower with Radar,0,7,7,2,16,0,2,6,0,8,0,9,13,2,24,0,0,0,24
09/04/2019,SUX,IA,ACE,CE,Combined TRACON& Tower with Radar,0,13,14,1,28,0,2,27,0,29,0,15,41,1,57,0,0,0,57
09/05/2019,SUX,IA,ACE,CE,Combined TRACON& Tower with Radar,0,8,21,29,58,0,4,13,1,18,0,12,34,30,76,2,28,30,106
09/06/2019,SUX,IA,ACE,CE,Combined TRACON& Tower with Radar,0,10,10,4,24,0,0,14,2,16,0,10,24,6,40,4,6,10,50
09/07/2019,SUX,IA,ACE,CE,Combined TRACON& Tower with Radar,0,5,13,0,18,0,4,10,0,14,0,9,23,0,32,4,0,4,36
09/08/2019,SUX,IA,ACE,CE,Combined TRACON& Tower with Radar,0,7,5,1,13,0,0,1,0,1,0,7,6,1,14,0,0,0,14
09/09/2019,SUX,IA,ACE,CE,Combined TRACON& Tower with Radar,0,11,19,0,30,0,3,10,0,13,0,14,29,0,43,0,0,0,43
09/10/2019,SUX,IA,ACE,CE,Combined TRACON& Tower with Radar,0,7,15,1,23,0,4,15,2,21,0,11,30,3,44,0,10,10,54
09/11/2019,SUX,IA,ACE,CE,Combined TRACON& Tower with Radar,0,7,22,17,46,0,2,2,0,4,0,9,24,17,50,0,6,6,56
09/12/2019,SUX,IA,ACE,CE,Combined TRACON& Tower with Radar,0,8,30,12,50,0,5,3,0,8,0,13,33,12,58,12,4,16,74
09/13/2019,SUX,IA,ACE,CE,Combined TRACON& Tower with Radar,0,9,28,4,41,0,3,22,0,25,0,12,50,4,66,0,0,0,66
09/14/2019,SUX,IA,ACE,CE,Combined TRACON& Tower with Radar,0,1,0,0,1,0,4,4,0,8,0,5,4,0,9,0,0,0,9
09/15/2019,SUX,IA,ACE,CE,Combined TRACON& Tower with Radar,0,1,2,0,3,0,1,1,0,2,0,2,3,0,5,0,0,0,5
09/16/2019,SUX,IA,ACE,CE,Combined TRACON& Tower with Radar,0,7,15,1,23,0,2,12,0,14,0,9,27,1,37,32,0,32,69
09/17/2019,SUX,IA,ACE,CE,Combined TRACON& Tower with Radar,0,8,28,7,43,0,3,8,10,21,0,11,36,17,64,32,0,32,96
09/18/2019,SUX,IA,ACE,CE,Combined TRACON& Tower with Radar,0,8,16,2,26,0,0,21,1,22,0,8,37,3,48,18,0,18,66
09/19/2019,SUX,IA,ACE,CE,Combined TRACON& Tower with Radar,0,11,14,0,25,0,0,19,0,19,0,11,33,0,44,17,0,17,61
09/20/2019,SUX,IA,ACE,CE,Combined TRACON& Tower with Radar,0,7,13,1,21,0,3,8,0,11,0,10,21,1,32,2,0,2,34
09/21/2019,SUX,IA,ACE,CE,Combined TRACON& Tower with Radar,2,3,22,3,30,0,2,12,0,14,2,5,34,3,44,14,0,14,58
09/22/2019,SUX,IA,ACE,CE,Combined TRACON& Tower with Radar,0,7,14,1,22,0,2,12,0,14,0,9,26,1,36,56,0,56,92
09/23/2019,SUX,IA,ACE,CE,Combined TRACON& Tower with Radar,0,11,24,3,38,0,1,36,2,39,0,12,60,5,77,16,0,16,93
09/24/2019,SUX,IA,ACE,CE,Combined TRACON& Tower with Radar,0,7,18,17,42,0,4,15,0,19,0,11,33,17,61,10,6,16,77
09/25/2019,SUX,IA,ACE,CE,Combined TRACON& Tower with Radar,0,9,21,14,44,0,2,5,0,7,0,11,26,14,51,19,0,19,70
09/26/2019,SUX,IA,ACE,CE,Combined TRACON& Tower with Radar,0,9,22,15,46,0,4,15,1,20,0,13,37,16,66,4,0,4,70
09/27/2019,SUX,IA,ACE,CE,Combined TRACON& Tower with Radar,0,7,18,12,37,0,4,1,4,9,0,11,19,16,46,6,0,6,52
09/28/2019,SUX,IA,ACE,CE,Combined TRACON& Tower with Radar,0,6,7,0,13,0,4,10,0,14,0,10,17,0,27,4,0,4,31
09/29/2019,SUX,IA,ACE,CE,Combined TRACON& Tower with Radar,0,11,6,0,17,0,1,4,0,5,0,12,10,0,22,0,0,0,22
09/30/2019,SUX,IA,ACE,CE,Combined TRACON& Tower with Radar,0,12,14,0,26,0,2,9,0,11,0,14,23,0,37,0,0,0,37
10/01/2019,SUX,IA,ACE,CE,Combined TRACON& Tower with Radar,0,9,15,13,37,0,0,0,0,0,0,9,15,13,37,0,0,0,37
10/02/2019,SUX,IA,ACE,CE,Combined TRACON& Tower with Radar,0,12,17,1,30,0,0,0,0,0,0,12,17,1,30,0,0,0,30
10/03/2019,SUX,IA,ACE,CE,Combined TRACON& Tower with Radar,0,8,22,2,32,0,1,4,0,5,0,9,26,2,37,18,0,18,55
10/04/2019,SUX,IA,ACE,CE,Combined TRACON& Tower with Radar,1,7,13,32,53,0,2,8,0,10,1,9,21,32,63,0,0,0,63
10/05/2019,SUX,IA,ACE,CE,Combined TRACON& Tower with Radar,1,6,10,6,23,0,3,0,0,3,1,9,10,6,26,0,0,0,26
10/06/2019,SUX,IA,ACE,CE,Combined TRACON& Tower with Radar,0,11,9,0,20,0,2,22,0,24,0,13,31,0,44,12,0,12,56
10/07/2019,SUX,IA,ACE,CE,Combined TRACON& Tower with Radar,0,13,9,0,22,0,3,24,0,27,0,16,33,0,49,6,0,6,55
10/08/2019,SUX,IA,ACE,CE,Combined TRACON& Tower with Radar,0,11,19,15,45,0,2,12,0,14,0,13,31,15,59,6,0,6,65
10/09/2019,SUX,IA,ACE,CE,Combined TRACON& Tower with Radar,0,9,20,4,33,0,3,16,0,19,0,12,36,4,52,10,4,14,66
10/10/2019,SUX,IA,ACE,CE,Combined TRACON& Tower with Radar,0,10,23,2,35,0,0,0,0,0,0,10,23,2,35,0,0,0,35
10/11/2019,SUX,IA,ACE,CE,Combined TRACON& Tower with Radar,0,12,16,3,31,0,3,3,0,6,0,15,19,3,37,0,0,0,37
10/12/2019,SUX,IA,ACE,CE,Combined TRACON& Tower with Radar,0,6,7,0,13,0,0,0,0,0,0,6,7,0,13,0,0,0,13
10/13/2019,SUX,IA,ACE,CE,Combined TRACON& Tower with Radar,0,11,10,3,24,0,1,11,0,12,0,12,21,3,36,6,0,6,42
10/14/2019,SUX,IA,ACE,CE,Combined TRACON& Tower with Radar,0,7,11,0,18,0,4,10,0,14,0,11,21,0,32,18,0,18,50
10/15/2019,SUX,IA,ACE,CE,Combined TRACON& Tower with Radar,0,9,17,2,28,0,2,3,0,5,0,11,20,2,33,0,8,8,41
10/16/2019,SUX,IA,ACE,CE,Combined TRACON& Tower with Radar,0,10,32,30,72,0,2,8,0,10,0,12,40,30,82,0,0,0,82
10/17/2019,SUX,IA,ACE,CE,Combined TRACON& Tower with Radar,0,8,14,27,49,0,5,19,0,24,0,13,33,27,73,2,6,8,81
10/18/2019,SUX,IA,ACE,CE,Combined TRACON& Tower with Radar,0,8,10,9,27,0,2,8,1,11,0,10,18,10,38,0,0,0,38
10/19/2019,SUX,IA,ACE,CE,Combined TRACON& Tower with Radar,0,8,12,0,20,0,5,16,0,21,0,13,28,0,41,40,0,40,81
10/20/2019,SUX,IA,ACE,CE,Combined TRACON& Tower with Radar,0,10,10,1,21,0,12,7,0,19,0,22,17,1,40,22,0,22,62
10/21/2019,SUX,IA,ACE,CE,Combined TRACON& Tower with Radar,0,8,24,0,32,0,0,1,0,1,0,8,25,0,33,0,0,0,33
10/22/2019,SUX,IA,ACE,CE,Combined TRACON& Tower with Radar,0,8,23,10,41,0,3,7,0,10,0,11,30,10,51,4,8,12,63
10/23/2019,SUX,IA,ACE,CE,Combined TRACON& Tower with Radar,0,7,17,13,37,0,3,11,0,14,0,10,28,13,51,0,4,4,55
10/24/2019,SUX,IA,ACE,CE,Combined TRACON& Tower with Radar,0,10,21,9,40,0,3,16,0,19,0,13,37,9,59,10,4,14,73
10/25/2019,SUX,IA,ACE,CE,Combined TRACON& Tower with Radar,1,14,18,4,37,0,2,12,0,14,1,16,30,4,51,0,0,0,51
10/26/2019,SUX,IA,ACE,CE,Combined TRACON& Tower with Radar,1,8,12,3,24,0,3,8,0,11,1,11,20,3,35,6,32,38,73
10/27/2019,SUX,IA,ACE,CE,Combined TRACON& Tower with Radar,0,9,9,1,19,0,0,3,0,3,0,9,12,1,22,0,0,0,22
10/28/2019,SUX,IA,ACE,CE,Combined TRACON& Tower with Radar,0,9,22,3,34,0,0,16,0,16,0,9,38,3,50,8,2,10,60
10/29/2019,SUX,IA,ACE,CE,Combined TRACON& Tower with Radar,0,9,24,11,44,0,3,9,1,13,0,12,33,12,57,0,8,8,65
10/30/2019,SUX,IA,ACE,CE,Combined TRACON& Tower with Radar,0,7,22,24,53,0,1,3,0,4,0,8,25,24,57,0,14,14,71
10/31/2019,SUX,IA,ACE,CE,Combined TRACON& Tower with Radar,0,9,17,9,35,0,0,9,0,9,0,9,26,9,44,12,6,18,62
11/01/2019,SUX,IA,ACE,CE,Combined TRACON& Tower with Radar,0,11,15,0,26,0,8,4,0,12,0,19,19,0,38,0,0,0,38
11/02/2019,SUX,IA,ACE,CE,Combined TRACON& Tower with Radar,0,7,14,1,22,0,6,15,0,21,0,13,29,1,43,2,0,2,45
11/03/2019,SUX,IA,ACE,CE,Combined TRACON& Tower with Radar,0,7,9,7,23,0,3,9,0,12,0,10,18,7,35,10,10,20,55
11/04/2019,SUX,IA,ACE,CE,Combined TRACON& Tower with Radar,0,10,18,0,28,0,6,9,0,15,0,16,27,0,43,0,0,0,43
11/05/2019,SUX,IA,ACE,CE,Combined TRACON& Tower with Radar,0,10,15,10,35,0,0,1,0,1,0,10,16,10,36,0,20,20,56
11/06/2019,SUX,IA,ACE,CE,Combined TRACON& Tower with Radar,0,10,9,8,27,0,4,1,0,5,0,14,10,8,32,0,0,0,32
11/07/2019,SUX,IA,ACE,CE,Combined TRACON& Tower with Radar,0,13,26,7,46,0,1,14,0,15,0,14,40,7,61,0,0,0,61
11/08/2019,SUX,IA,ACE,CE,Combined TRACON& Tower with Radar,0,10,13,4,27,0,2,6,0,8,0,12,19,4,35,0,0,0,35
11/09/2019,SUX,IA,ACE,CE,Combined TRACON& Tower with Radar,0,6,7,0,13,0,3,12,0,15,0,9,19,0,28,38,0,38,66
11/10/2019,SUX,IA,ACE,CE,Combined TRACON& Tower with Radar,0,11,12,0,23,0,2,8,0,10,0,13,20,0,33,4,0,4,37
11/11/2019,SUX,IA,ACE,CE,Combined TRACON& Tower with Radar,0,4,6,0,10,0,0,3,0,3,0,4,9,0,13,0,0,0,13
11/12/2019,SUX,IA,ACE,CE,Combined TRACON& Tower with Radar,0,7,13,0,20,0,0,4,0,4,0,7,17,0,24,0,0,0,24
11/13/2019,SUX,IA,ACE,CE,Combined TRACON& Tower with Radar,0,11,13,8,32,0,0,2,0,2,0,11,15,8,34,0,4,4,38
11/14/2019,SUX,IA,ACE,CE,Combined TRACON& Tower with Radar,0,11,13,16,40,0,0,13,0,13,0,11,26,16,53,4,16,20,73
11/15/2019,SUX,IA,ACE,CE,Combined TRACON& Tower with Radar,0,9,17,10,36,0,0,24,3,27,0,9,41,13,63,30,8,38,101
11/16/2019,SUX,IA,ACE,CE,Combined TRACON& Tower with Radar,0,6,5,0,11,0,0,8,1,9,0,6,13,1,20,10,0,10,30
11/17/2019,SUX,IA,ACE,CE,Combined TRACON& Tower with Radar,0,8,12,2,22,0,6,10,0,16,0,14,22,2,38,0,0,0,38
11/18/2019,SUX,IA,ACE,CE,Combined TRACON& Tower with Radar,0,7,17,2,26,0,5,5,1,11,0,12,22,3,37,0,0,0,37
11/19/2019,SUX,IA,ACE,CE,Combined TRACON& Tower with Radar,0,7,24,2,33,0,4,15,0,19,0,11,39,2,52,3,0,3,55
11/20/2019,SUX,IA,ACE,CE,Combined TRACON& Tower with Radar,0,11,29,1,41,0,0,12,0,12,0,11,41,1,53,12,0,12,65
11/21/2019,SUX,IA,ACE,CE,Combined TRACON& Tower with Radar,0,8,12,2,22,0,2,0,0,2,0,10,12,2,24,0,8,8,32
11/22/2019,SUX,IA,ACE,CE,Combined TRACON& Tower with Radar,0,9,20,1,30,0,3,19,0,22,0,12,39,1,52,22,0,22,74
11/23/2019,SUX,IA,ACE,CE,Combined TRACON& Tower with Radar,0,7,11,1,19,0,0,23,1,24,0,7,34,2,43,0,0,0,43
11/24/2019,SUX,IA,ACE,CE,Combined TRACON& Tower with Radar,0,13,5,0,18,0,0,13,0,13,0,13,18,0,31,14,0,14,45
11/25/2019,SUX,IA,ACE,CE,Combined TRACON& Tower with Radar,0,11,26,12,49,0,0,5,0,5,0,11,31,12,54,0,0,0,54
11/26/2019,SUX,IA,ACE,CE,Combined TRACON& Tower with Radar,0,8,2,4,14,0,0,1,0,1,0,8,3,4,15,0,0,0,15
11/27/2019,SUX,IA,ACE,CE,Combined TRACON& Tower with Radar,0,12,21,0,33,0,0,2,0,2,0,12,23,0,35,0,0,0,35
11/28/2019,SUX,IA,ACE,CE,Combined TRACON& Tower with Radar,0,9,0,0,9,0,0,0,0,0,0,9,0,0,9,0,0,0,9
11/29/2019,SUX,IA,ACE,CE,Combined TRACON& Tower with Radar,0,6,2,0,8,0,0,0,0,0,0,6,2,0,8,0,0,0,8
11/30/2019,SUX,IA,ACE,CE,Combined TRACON& Tower with Radar,0,11,3,0,14,0,0,0,0,0,0,11,3,0,14,0,0,0,14
12/01/2019,SUX,IA,ACE,CE,Combined TRACON& Tower with Radar,0,9,9,0,18,0,1,1,0,2,0,10,10,0,20,0,0,0,20
12/02/2019,SUX,IA,ACE,CE,Combined TRACON& Tower with Radar,0,13,14,0,27,0,2,8,0,10,0,15,22,0,37,0,0,0,37
12/03/2019,SUX,IA,ACE,CE,Combined TRACON& Tower with Radar,2,12,39,27,80,0,1,11,1,13,2,13,50,28,93,20,12,32,125
12/04/2019,SUX,IA,ACE,CE,Combined TRACON& Tower with Radar,0,12,18,24,54,0,2,13,0,15,0,14,31,24,69,52,22,74,143
12/05/2019,SUX,IA,ACE,CE,Combined TRACON& Tower with Radar,0,7,24,20,51,0,0,6,9,15,0,7,30,29,66,0,4,4,70
12/06/2019,SUX,IA,ACE,CE,Combined TRACON& Tower with Radar,0,16,10,10,36,0,2,12,0,14,0,18,22,10,50,5,4,9,59
12/07/2019,SUX,IA,ACE,CE,Combined TRACON& Tower with Radar,2,7,11,26,46,0,0,7,2,9,2,7,18,28,55,14,22,36,91
12/08/2019,SUX,IA,ACE,CE,Combined TRACON& Tower with Radar,0,13,12,0,25,0,1,15,2,18,0,14,27,2,43,14,0,14,57
12/09/2019,SUX,IA,ACE,CE,Combined TRACON& Tower with Radar,2,11,8,0,21,0,0,5,0,5,2,11,13,0,26,0,0,0,26
12/10/2019,SUX,IA,ACE,CE,Combined TRACON& Tower with Radar,0,7,22,17,46,0,2,5,0,7,0,9,27,17,53,10,0,10,63
12/11/2019,SUX,IA,ACE,CE,Combined TRACON& Tower with Radar,0,8,19,3,30,0,0,11,0,11,0,8,30,3,41,10,4,14,55
12/12/2019,SUX,IA,ACE,CE,Combined TRACON& Tower with Radar,0,9,23,35,67,0,0,12,0,12,0,9,35,35,79,6,0,6,85
12/13/2019,SUX,IA,ACE,CE,Combined TRACON& Tower with Radar,0,11,28,10,49,0,0,0,0,0,0,11,28,10,49,0,0,0,49
12/14/2019,SUX,IA,ACE,CE,Combined TRACON& Tower with Radar,0,6,7,0,13,1,1,16,0,18,1,7,23,0,31,0,0,0,31
12/15/2019,SUX,IA,ACE,CE,Combined TRACON& Tower with Radar,0,9,2,0,11,0,0,0,0,0,0,9,2,0,11,0,0,0,11
12/16/2019,SUX,IA,ACE,CE,Combined TRACON& Tower with Radar,0,10,9,1,20,0,0,0,0,0,0,10,9,1,20,0,0,0,20
12/17/2019,SUX,IA,ACE,CE,Combined TRACON& Tower with Radar,1,6,18,25,50,0,4,9,0,13,1,10,27,25,63,6,18,24,87
12/18/2019,SUX,IA,ACE,CE,Combined TRACON& Tower with Radar,0,9,25,21,55,0,5,9,0,14,0,14,34,21,69,14,22,36,105
12/19/2019,SUX,IA,ACE,CE,Combined TRACON& Tower with Radar,0,8,17,3,28,0,0,15,0,15,0,8,32,3,43,0,2,2,45
12/20/2019,SUX,IA,ACE,CE,Combined TRACON& Tower with Radar,0,7,12,18,37,0,5,17,4,26,0,12,29,22,63,8,14,22,85
12/21/2019,SUX,IA,ACE,CE,Combined TRACON& Tower with Radar,0,8,9,0,17,0,3,23,0,26,0,11,32,0,43,38,0,38,81
12/22/2019,SUX,IA,ACE,CE,Combined TRACON& Tower with Radar,2,7,2,0,11,0,1,19,0,20,2,8,21,0,31,18,0,18,49
12/23/2019,SUX,IA,ACE,CE,Combined TRACON& Tower with Radar,0,7,8,2,17,0,3,13,0,16,0,10,21,2,33,24,0,24,57
12/24/2019,SUX,IA,ACE,CE,Combined TRACON& Tower with Radar,0,8,3,0,11,0,0,2,0,2,0,8,5,0,13,4,0,4,17
12/25/2019,SUX,IA,ACE,CE,Combined TRACON& Tower with Radar,0,6,0,0,6,0,0,0,0,0,0,6,0,0,6,0,0,0,6
12/26/2019,SUX,IA,ACE,CE,Combined TRACON& Tower with Radar,0,10,9,0,19,0,2,1,0,3,0,12,10,0,22,2,0,2,24
12/27/2019,SUX,IA,ACE,CE,Combined TRACON& Tower with Radar,0,7,22,10,39,0,0,20,0,20,0,7,42,10,59,8,10,18,77
12/28/2019,SUX,IA,ACE,CE,Combined TRACON& Tower with Radar,0,7,4,0,11,0,0,0,0,0,0,7,4,0,11,0,0,0,11
12/29/2019,SUX,IA,ACE,CE,Combined TRACON& Tower with Radar,0,7,6,0,13,0,0,0,0,0,0,7,6,0,13,0,0,0,13
12/30/2019,SUX,IA,ACE,CE,Combined TRACON& Tower with Radar,0,6,3,0,9,0,1,3,0,4,0,7,6,0,13,0,0,0,13
12/31/2019,SUX,IA,ACE,CE,Combined TRACON& Tower with Radar,0,9,4,0,13,0,4,2,0,6,0,13,6,0,19,0,0,0,19
01/01/2020,SUX,IA,ACE,CE,Combined TRACON& Tower with Radar,0,7,9,0,16,0,0,14,0,14,0,7,23,0,30,16,0,16,46
01/02/2020,SUX,IA,ACE,CE,Combined TRACON& Tower with Radar,0,6,20,0,26,0,1,0,0,1,0,7,20,0,27,8,0,8,35
01/03/2020,SUX,IA,ACE,CE,Combined TRACON& Tower with Radar,0,13,13,8,34,0,0,1,0,1,0,13,14,8,35,0,0,0,35
01/04/2020,SUX,IA,ACE,CE,Combined TRACON& Tower with Radar,0,7,4,18,29,0,4,10,0,14,0,11,14,18,43,8,0,8,51
01/05/2020,SUX,IA,ACE,CE,Combined TRACON& Tower with Radar,0,7,5,11,23,0,0,2,0,2,0,7,7,11,25,0,4,4,29
01/06/2020,SUX,IA,ACE,CE,Combined TRACON& Tower with Radar,0,9,8,0,17,0,2,0,0,2,0,11,8,0,19,4,0,4,23
01/07/2020,SUX,IA,ACE,CE,Combined TRACON& Tower with Radar,0,7,14,33,54,0,3,23,4,30,0,10,37,37,84,8,12,20,104
01/08/2020,SUX,IA,ACE,CE,Combined TRACON& Tower with Radar,0,8,13,21,42,0,3,3,0,6,0,11,16,21,48,10,26,36,84
01/09/2020,SUX,IA,ACE,CE,Combined TRACON& Tower with Radar,0,5,17,34,56,0,1,11,3,15,0,6,28,37,71,0,22,22,93
01/10/2020,SUX,IA,ACE,CE,Combined TRACON& Tower with Radar,0,10,4,9,23,0,0,2,1,3,0,10,6,10,26,28,0,28,54
01/11/2020,SUX,IA,ACE,CE,Combined TRACON& Tower with Radar,0,2,11,0,13,0,0,10,0,10,0,2,21,0,23,0,0,0,23
01/12/2020,SUX,IA,ACE,CE,Combined TRACON& Tower with Radar,0,8,1,7,16,0,0,0,0,0,0,8,1,7,16,0,0,0,16
01/13/2020,SUX,IA,ACE,CE,Combined TRACON& Tower with Radar,0,7,4,2,13,0,0,0,0,0,0,7,4,2,13,0,0,0,13
01/14/2020,SUX,IA,ACE,CE,Combined TRACON& Tower with Radar,0,7,20,11,38,0,1,9,0,10,0,8,29,11,48,6,2,8,56
01/15/2020,SUX,IA,ACE,CE,Combined TRACON& Tower with Radar,0,6,14,26,46,0,0,2,0,2,0,6,16,26,48,0,16,16,64
01/16/2020,SUX,IA,ACE,CE,Combined TRACON& Tower with Radar,0,11,14,9,34,0,0,13,0,13,0,11,27,9,47,0,10,10,57
01/17/2020,SUX,IA,ACE,CE,Combined TRACON& Tower with Radar,0,0,7,0,7,0,0,0,0,0,0,0,7,0,7,0,0,0,7
01/18/2020,SUX,IA,ACE,CE,Combined TRACON& Tower with Radar,0,3,3,0,6,0,1,1,0,2,0,4,4,0,8,2,0,2,10
01/19/2020,SUX,IA,ACE,CE,Combined TRACON& Tower with Radar,0,7,4,1,12,0,4,2,0,6,0,11,6,1,18,0,0,0,18
01/20/2020,SUX,IA,ACE,CE,Combined TRACON& Tower with Radar,0,9,9,1,19,0,2,4,0,6,0,11,13,1,25,0,0,0,25
01/21/2020,SUX,IA,ACE,CE,Combined TRACON& Tower with Radar,0,8,16,2,26,0,2,4,0,6,0,10,20,2,32,0,0,0,32
01/22/2020,SUX,IA,ACE,CE,Combined TRACON& Tower with Radar,0,11,10,0,21,0,0,0,0,0,0,11,10,0,21,0,0,0,21
01/23/2020,SUX,IA,ACE,CE,Combined TRACON& Tower with Radar,0,7,10,3,20,0,0,0,0,0,0,7,10,3,20,0,0,0,20
01/24/2020,SUX,IA,ACE,CE,Combined TRACON& Tower with Radar,0,10,12,1,23,0,0,0,0,0,0,10,12,1,23,0,0,0,23
01/25/2020,SUX,IA,ACE,CE,Combined TRACON& Tower with Radar,0,1,5,0,6,0,1,4,0,5,0,2,9,0,11,0,0,0,11
01/26/2020,SUX,IA,ACE,CE,Combined TRACON& Tower with Radar,0,7,10,0,17,0,4,8,0,12,0,11,18,0,29,18,0,18,47
01/27/2020,SUX,IA,ACE,CE,Combined TRACON& Tower with Radar,0,4,8,6,18,0,0,0,0,0,0,4,8,6,18,0,0,0,18
01/28/2020,SUX,IA,ACE,CE,Combined TRACON& Tower with Radar,0,6,12,23,41,0,0,0,0,0,0,6,12,23,41,0,0,0,41
01/29/2020,SUX,IA,ACE,CE,Combined TRACON& Tower with Radar,0,8,10,3,21,0,0,0,0,0,0,8,10,3,21,0,0,0,21
01/30/2020,SUX,IA,ACE,CE,Combined TRACON& Tower with Radar,0,8,12,22,42,0,0,3,1,4,0,8,15,23,46,0,0,0,46
01/31/2020,SUX,IA,ACE,CE,Combined TRACON& Tower with Radar,0,7,11,5,23,0,0,0,0,0,0,7,11,5,23,0,0,0,23
02/01/2020,SUX,IA,ACE,CE,Combined TRACON& Tower with Radar,0,3,16,0,19,0,1,22,0,23,0,4,38,0,42,16,0,16,58
02/02/2020,SUX,IA,ACE,CE,Combined TRACON& Tower with Radar,0,8,13,0,21,0,0,11,0,11,0,8,24,0,32,12,0,12,44
02/03/2020,SUX,IA,ACE,CE,Combined TRACON& Tower with Radar,0,9,9,0,18,0,0,10,0,10,0,9,19,0,28,0,0,0,28
02/04/2020,SUX,IA,ACE,CE,Combined TRACON& Tower with Radar,0,7,17,36,60,0,4,11,0,15,0,11,28,36,75,0,20,20,95
02/05/2020,SUX,IA,ACE,CE,Combined TRACON& Tower with Radar,0,6,13,20,39,0,2,12,1,15,0,8,25,21,54,8,20,28,82
02/06/2020,SUX,IA,ACE,CE,Combined TRACON& Tower with Radar,0,9,11,21,41,0,1,5,0,6,0,10,16,21,47,0,0,0,47
02/07/2020,SUX,IA,ACE,CE,Combined TRACON& Tower with Radar,0,6,13,14,33,0,2,1,0,3,0,8,14,14,36,0,0,0,36
02/08/2020,SUX,IA,ACE,CE,Combined TRACON& Tower with Radar,0,3,11,4,18,3,0,9,1,13,3,3,20,5,31,10,8,18,49
02/09/2020,SUX,IA,ACE,CE,Combined TRACON& Tower with Radar,0,6,8,0,14,0,1,0,0,1,0,7,8,0,15,0,0,0,15
02/10/2020,SUX,IA,ACE,CE,Combined TRACON& Tower with Radar,0,10,21,0,31,0,0,12,0,12,0,10,33,0,43,0,0,0,43
02/11/2020,SUX,IA,ACE,CE,Combined TRACON& Tower with Radar,0,7,28,8,43,0,0,12,0,12,0,7,40,8,55,14,18,32,87
02/12/2020,SUX,IA,ACE,CE,Combined TRACON& Tower with Radar,0,7,19,3,29,0,0,7,0,7,0,7,26,3,36,0,0,0,36
02/13/2020,SUX,IA,ACE,CE,Combined TRACON& Tower with Radar,0,8,13,10,31,0,2,6,1,9,0,10,19,11,40,6,6,12,52
02/14/2020,SUX,IA,ACE,CE,Combined TRACON& Tower with Radar,0,6,15,14,35,0,0,13,0,13,0,6,28,14,48,0,6,6,54
02/15/2020,SUX,IA,ACE,CE,Combined TRACON& Tower with Radar,0,4,9,0,13,0,2,15,0,17,0,6,24,0,30,34,0,34,64
02/16/2020,SUX,IA,ACE,CE,Combined TRACON& Tower with Radar,0,5,16,0,21,0,1,8,0,9,0,6,24,0,30,12,0,12,42
02/17/2020,SUX,IA,ACE,CE,Combined TRACON& Tower with Radar,0,6,10,0,16,0,0,1,0,1,0,6,11,0,17,0,0,0,17
02/18/2020,SUX,IA,ACE,CE,Combined TRACON& Tower with Radar,0,4,16,8,28,0,1,10,0,11,0,5,26,8,39,2,8,10,49
02/19/2020,SUX,IA,ACE,CE,Combined TRACON& Tower with Radar,0,7,14,5,26,0,0,1,0,1,0,7,15,5,27,0,0,0,27
02/20/2020,SUX,IA,ACE,CE,Combined TRACON& Tower with Radar,0,7,8,12,27,0,1,18,1,20,0,8,26,13,47,4,0,4,51
02/21/2020,SUX,IA,ACE,CE,Combined TRACON& Tower with Radar,0,5,15,5,25,0,1,13,0,14,0,6,28,5,39,0,0,0,39
02/22/2020,SUX,IA,ACE,CE,Combined TRACON& Tower with Radar,3,3,12,0,18,0,2,23,0,25,3,5,35,0,43,4,0,4,47
02/23/2020,SUX,IA,ACE,CE,Combined TRACON& Tower with Radar,0,4,6,1,11,0,0,5,0,5,0,4,11,1,16,0,0,0,16
02/24/2020,SUX,IA,ACE,CE,Combined TRACON& Tower with Radar,0,6,9,0,15,0,0,13,0,13,0,6,22,0,28,0,0,0,28
02/25/2020,SUX,IA,ACE,CE,Combined TRACON& Tower with Radar,2,4,10,1,17,0,2,2,0,4,2,6,12,1,21,0,0,0,21
02/26/2020,SUX,IA,ACE,CE,Combined TRACON& Tower with Radar,0,6,24,12,42,0,1,12,2,15,0,7,36,14,57,2,16,18,75
02/27/2020,SUX,IA,ACE,CE,Combined TRACON& Tower with Radar,0,6,20,10,36,0,2,19,0,21,0,8,39,10,57,4,14,18,75
02/28/2020,SUX,IA,ACE,CE,Combined TRACON& Tower with Radar,0,6,7,7,20,0,1,3,0,4,0,7,10,7,24,18,0,18,42
02/29/2020,SUX,IA,ACE,CE,Combined TRACON& Tower with Radar,0,3,3,0,6,0,2,11,0,13,0,5,14,0,19,18,0,18,37
03/01/2020,SUX,IA,ACE,CE,Combined TRACON& Tower with Radar,0,8,6,0,14,0,3,8,0,11,0,11,14,0,25,0,0,0,25
03/02/2020,SUX,IA,ACE,CE,Combined TRACON& Tower with Radar,0,4,6,3,13,0,2,19,1,22,0,6,25,4,35,6,0,6,41
03/03/2020,SUX,IA,ACE,CE,Combined TRACON& Tower with Radar,2,3,22,1,28,0,0,5,0,5,2,3,27,1,33,0,2,2,35
03/04/2020,SUX,IA,ACE,CE,Combined TRACON& Tower with Radar,0,7,25,6,38,0,5,11,0,16,0,12,36,6,54,6,0,6,60
03/05/2020,SUX,IA,ACE,CE,Combined TRACON& Tower with Radar,0,4,9,0,13,0,0,0,0,0,0,4,9,0,13,0,0,0,13
03/06/2020,SUX,IA,ACE,CE,Combined TRACON& Tower with Radar,0,8,14,8,30,0,0,18,1,19,0,8,32,9,49,18,0,18,67
03/07/2020,SUX,IA,ACE,CE,Combined TRACON& Tower with Radar,0,4,3,2,9,0,1,1,0,2,0,5,4,2,11,0,0,0,11
03/08/2020,SUX,IA,ACE,CE,Combined TRACON& Tower with Radar,0,5,13,1,19,0,0,8,0,8,0,5,21,1,27,6,0,6,33
03/09/2020,SUX,IA,ACE,CE,Combined TRACON& Tower with Radar,0,7,10,0,17,0,0,3,0,3,0,7,13,0,20,4,0,4,24
03/10/2020,SUX,IA,ACE,CE,Combined TRACON& Tower with Radar,0,5,23,17,45,0,0,9,0,9,0,5,32,17,54,12,4,16,70
03/11/2020,SUX,IA,ACE,CE,Combined TRACON& Tower with Radar,0,5,9,1,15,0,2,10,1,13,0,7,19,2,28,34,0,34,62
03/12/2020,SUX,IA,ACE,CE,Combined TRACON& Tower with Radar,0,4,8,7,19,0,2,0,0,2,0,6,8,7,21,0,6,6,27
03/13/2020,SUX,IA,ACE,CE,Combined TRACON& Tower with Radar,0,6,17,15,38,0,0,11,0,11,0,6,28,15,49,36,4,40,89
03/14/2020,SUX,IA,ACE,CE,Combined TRACON& Tower with Radar,0,6,1,0,7,0,0,0,0,0,0,6,1,0,7,0,0,0,7
03/15/2020,SUX,IA,ACE,CE,Combined TRACON& Tower with Radar,0,6,8,1,15,0,1,5,0,6,0,7,13,1,21,12,0,12,33
03/16/2020,SUX,IA,ACE,CE,Combined TRACON& Tower with Radar,0,6,2,15,23,0,0,0,0,0,0,6,2,15,23,0,0,0,23
03/17/2020,SUX,IA,ACE,CE,Combined TRACON& Tower with Radar,0,4,4,18,26,0,1,9,0,10,0,5,13,18,36,32,14,46,82
03/18/2020,SUX,IA,ACE,CE,Combined TRACON& Tower with Radar,0,4,1,20,25,0,0,0,0,0,0,4,1,20,25,0,2,2,27
03/19/2020,SUX,IA,ACE,CE,Combined TRACON& Tower with Radar,0,6,2,8,16,0,0,0,0,0,0,6,2,8,16,0,0,0,16
03/20/2020,SUX,IA,ACE,CE,Combined TRACON& Tower with Radar,2,5,10,0,17,0,2,11,1,14,2,7,21,1,31,14,0,14,45
03/21/2020,SUX,IA,ACE,CE,Combined TRACON& Tower with Radar,0,4,2,1,7,0,0,8,0,8,0,4,10,1,15,6,0,6,21
03/22/2020,SUX,IA,ACE,CE,Combined TRACON& Tower with Radar,0,5,7,0,12,0,1,6,0,7,0,6,13,0,19,24,0,24,43
03/23/2020,SUX,IA,ACE,CE,Combined TRACON& Tower with Radar,0,5,4,0,9,0,0,0,0,0,0,5,4,0,9,0,0,0,9
03/24/2020,SUX,IA,ACE,CE,Combined TRACON& Tower with Radar,0,4,9,28,41,0,0,8,0,8,0,4,17,28,49,0,8,8,57
03/25/2020,SUX,IA,ACE,CE,Combined TRACON& Tower with Radar,0,2,5,10,17,0,0,0,0,0,0,2,5,10,17,2,0,2,19
03/26/2020,SUX,IA,ACE,CE,Combined TRACON& Tower with Radar,0,2,5,6,13,0,1,3,0,4,0,3,8,6,17,0,0,0,17
03/27/2020,SUX,IA,ACE,CE,Combined TRACON& Tower with Radar,0,2,4,19,25,0,0,2,0,2,0,2,6,19,27,6,0,6,33
03/28/2020,SUX,IA,ACE,CE,Combined TRACON& Tower with Radar,0,5,0,0,5,0,0,0,0,0,0,5,0,0,5,0,0,0,5
03/29/2020,SUX,IA,ACE,CE,Combined TRACON& Tower with Radar,0,2,8,0,10,0,0,25,0,25,0,2,33,0,35,60,0,60,95
03/30/2020,SUX,IA,ACE,CE,Combined TRACON& Tower with Radar,0,2,15,0,17,0,2,14,0,16,0,4,29,0,33,26,0,26,59
03/31/2020,SUX,IA,ACE,CE,Combined TRACON& Tower with Radar,0,3,13,35,51,0,1,18,1,20,0,4,31,36,71,4,62,66,137
04/01/2020,SUX,IA,ACE,CE,Combined TRACON& Tower with Radar,0,4,8,14,26,0,0,7,1,8,0,4,15,15,34,0,24,24,58
04/02/2020,SUX,IA,ACE,CE,Combined TRACON& Tower with Radar,0,2,5,24,31,0,0,1,0,1,0,2,6,24,32,0,0,0,32
04/03/2020,SUX,IA,ACE,CE,Combined TRACON& Tower with Radar,0,2,4,0,6,0,0,0,0,0,0,2,4,0,6,0,0,0,6
04/04/2020,SUX,IA,ACE,CE,Combined TRACON& Tower with Radar,0,3,11,0,14,0,0,10,0,10,0,3,21,0,24,8,0,8,32
04/05/2020,SUX,IA,ACE,CE,Combined TRACON& Tower with Radar,0,5,7,0,12,0,0,4,0,4,0,5,11,0,16,4,0,4,20
04/06/2020,SUX,IA,ACE,CE,Combined TRACON& Tower with Radar,0,4,2,2,8,0,1,11,0,12,0,5,13,2,20,25,0,25,45
04/07/2020,SUX,IA,ACE,CE,Combined TRACON& Tower with Radar,0,8,4,33,45,0,0,3,0,3,0,8,7,33,48,12,28,40,88
04/08/2020,SUX,IA,ACE,CE,Combined TRACON& Tower with Radar,0,4,1,0,5,0,0,5,1,6,0,4,6,1,11,0,0,0,11
04/09/2020,SUX,IA,ACE,CE,Combined TRACON& Tower with Radar,0,3,4,4,11,0,0,0,0,0,0,3,4,4,11,0,0,0,11
04/10/2020,SUX,IA,ACE,CE,Combined TRACON& Tower with Radar,0,2,20,9,31,0,5,26,0,31,0,7,46,9,62,16,0,16,78
04/11/2020,SUX,IA,ACE,CE,Combined TRACON& Tower with Radar,0,0,8,0,8,0,0,6,0,6,0,0,14,0,14,0,0,0,14
04/12/2020,SUX,IA,ACE,CE,Combined TRACON& Tower with Radar,0,5,7,0,12,0,1,3,0,4,0,6,10,0,16,0,0,0,16
04/13/2020,SUX,IA,ACE,CE,Combined TRACON& Tower with Radar,0,4,0,9,13,3,0,1,0,4,3,4,1,9,17,0,2,2,19
04/14/2020,SUX,IA,ACE,CE,Combined TRACON& Tower with Radar,0,3,6,10,19,3,3,6,0,12,3,6,12,10,31,52,4,56,87
04/15/2020,SUX,IA,ACE,CE,Combined TRACON& Tower with Radar,0,2,13,6,21,0,0,12,0,12,0,2,25,6,33,0,2,2,35
04/16/2020,SUX,IA,ACE,CE,Combined TRACON& Tower with Radar,0,4,5,19,28,0,0,14,0,14,0,4,19,19,42,0,24,24,66
04/17/2020,SUX,IA,ACE,CE,Combined TRACON& Tower with Radar,0,2,3,17,22,0,0,17,0,17,0,2,20,17,39,0,16,16,55
04/18/2020,SUX,IA,ACE,CE,Combined TRACON& Tower with Radar,0,2,2,0,4,0,2,11,0,13,0,4,13,0,17,12,0,12,29
04/19/2020,SUX,IA,ACE,CE,Combined TRACON& Tower with Radar,0,3,9,0,12,4,0,12,0,16,4,3,21,0,28,2,0,2,30
04/20/2020,SUX,IA,ACE,CE,Combined TRACON& Tower with Radar,0,2,1,0,3,2,4,2,0,8,2,6,3,0,11,0,0,0,11
04/21/2020,SUX,IA,ACE,CE,Combined TRACON& Tower with Radar,0,4,7,19,30,0,0,16,0,16,0,4,23,19,46,0,8,8,54
04/22/2020,SUX,IA,ACE,CE,Combined TRACON& Tower with Radar,0,4,10,26,40,1,1,1,0,3,1,5,11,26,43,18,14,32,75
04/23/2020,SUX,IA,ACE,CE,Combined TRACON& Tower with Radar,0,2,6,12,20,0,1,14,0,15,0,3,20,12,35,14,14,28,63
04/24/2020,SUX,IA,ACE,CE,Combined TRACON& Tower with Radar,0,2,3,4,9,0,0,5,0,5,0,2,8,4,14,16,0,16,30
04/25/2020,SUX,IA,ACE,CE,Combined TRACON& Tower with Radar,0,1,4,0,5,0,0,9,0,9,0,1,13,0,14,18,0,18,32
04/26/2020,SUX,IA,ACE,CE,Combined TRACON& Tower with Radar,0,1,7,0,8,0,1,27,0,28,0,2,34,0,36,16,0,16,52
04/27/2020,SUX,IA,ACE,CE,Combined TRACON& Tower with Radar,0,2,5,1,8,0,1,15,0,16,0,3,20,1,24,30,0,30,54
04/28/2020,SUX,IA,ACE,CE,Combined TRACON& Tower with Radar,0,2,1,10,13,0,0,4,0,4,0,2,5,10,17,4,0,4,21
04/29/2020,SUX,IA,ACE,CE,Combined TRACON& Tower with Radar,0,2,1,16,19,0,0,4,0,4,0,2,5,16,23,0,2,2,25
04/30/2020,SUX,IA,ACE,CE,Combined TRACON& Tower with Radar,0,4,9,20,33,0,1,12,0,13,0,5,21,20,46,12,6,18,64
05/01/2020,SUX,IA,ACE,CE,Combined TRACON& Tower with Radar,0,4,1,6,11,0,0,10,0,10,0,4,11,6,21,40,2,42,63
05/02/2020,SUX,IA,ACE,CE,Combined TRACON& Tower with Radar,0,2,4,0,6,0,0,12,0,12,0,2,16,0,18,31,0,31,49
05/03/2020,SUX,IA,ACE,CE,Combined TRACON& Tower with Radar,0,2,4,0,6,0,0,17,0,17,0,2,21,0,23,8,0,8,31
05/04/2020,SUX,IA,ACE,CE,Combined TRACON& Tower with Radar,0,4,12,0,16,0,1,4,0,5,0,5,16,0,21,0,0,0,21
05/05/2020,SUX,IA,ACE,CE,Combined TRACON& Tower with Radar,0,3,2,2,7,0,2,1,1,4,0,5,3,3,11,0,0,0,11
05/06/2020,SUX,IA,ACE,CE,Combined TRACON& Tower with Radar,0,2,7,22,31,0,0,7,2,9,0,2,14,24,40,6,22,28,68
05/07/2020,SUX,IA,ACE,CE,Combined TRACON& Tower with Radar,0,1,13,12,26,0,0,2,2,4,0,1,15,14,30,2,2,4,34
05/08/2020,SUX,IA,ACE,CE,Combined TRACON& Tower with Radar,0,1,2,16,19,0,0,10,2,12,0,1,12,18,31,3,10,13,44
05/09/2020,SUX,IA,ACE,CE,Combined TRACON& Tower with Radar,0,0,1,0,1,0,0,1,0,1,0,0,2,0,2,0,0,0,2
05/10/2020,SUX,IA,ACE,CE,Combined TRACON& Tower with Radar,0,1,4,0,5,0,0,1,0,1,0,1,5,0,6,0,0,0,6
05/11/2020,SUX,IA,ACE,CE,Combined TRACON& Tower with Radar,0,1,6,2,9,0,0,1,1,2,0,1,7,3,11,8,0,8,19
05/12/2020,SUX,IA,ACE,CE,Combined TRACON& Tower with Radar,0,2,2,26,30,0,0,9,0,9,0,2,11,26,39,20,16,36,75
05/13/2020,SUX,IA,ACE,CE,Combined TRACON& Tower with Radar,0,1,0,9,10,0,2,2,0,4,0,3,2,9,14,13,4,17,31
05/14/2020,SUX,IA,ACE,CE,Combined TRACON& Tower with Radar,0,1,3,39,43,0,0,18,1,19,0,1,21,40,62,0,20,20,82
05/15/2020,SUX,IA,ACE,CE,Combined TRACON& Tower with Radar,0,3,4,17,24,0,1,22,0,23,0,4,26,17,47,12,8,20,67
05/16/2020,SUX,IA,ACE,CE,Combined TRACON& Tower with Radar,0,0,8,1,9,0,0,12,0,12,0,0,20,1,21,24,0,24,45
05/17/2020,SUX,IA,ACE,CE,Combined TRACON& Tower with Radar,0,1,1,0,2,0,0,1,1,2,0,1,2,1,4,1,0,1,5
05/18/2020,SUX,IA,ACE,CE,Combined TRACON& Tower with Radar,0,1,28,8,37,0,0,4,1,5,0,1,32,9,42,0,0,0,42
05/19/2020,SUX,IA,ACE,CE,Combined TRACON& Tower with Radar,0,0,10,19,29,0,2,6,2,10,0,2,16,21,39,12,6,18,57
05/20/2020,SUX,IA,ACE,CE,Combined TRACON& Tower with Radar,0,1,5,7,13,0,2,2,0,4,0,3,7,7,17,0,4,4,21
05/21/2020,SUX,IA,ACE,CE,Combined TRACON& Tower with Radar,0,3,17,47,67,0,0,2,0,2,0,3,19,47,69,0,0,0,69
05/22/2020,SUX,IA,ACE,CE,Combined TRACON& Tower with Radar,0,1,14,16,31,0,0,0,0,0,0,1,14,16,31,0,0,0,31
05/23/2020,SUX,IA,ACE,CE,Combined TRACON& Tower with Radar,0,0,6,0,6,6,1,1,0,8,6,1,7,0,14,12,0,12,26
05/24/2020,SUX,IA,ACE,CE,Combined TRACON& Tower with Radar,0,1,1,0,2,0,0,3,0,3,0,1,4,0,5,4,0,4,9
05/25/2020,SUX,IA,ACE,CE,Combined TRACON& Tower with Radar,0,1,1,0,2,0,0,2,0,2,0,1,3,0,4,0,0,0,4
05/26/2020,SUX,IA,ACE,CE,Combined TRACON& Tower with Radar,0,0,3,10,13,0,0,0,0,0,0,0,3,10,13,0,0,0,13
05/27/2020,SUX,IA,ACE,CE,Combined TRACON& Tower with Radar,0,1,16,5,22,0,0,10,0,10,0,1,26,5,32,20,0,20,52
05/28/2020,SUX,IA,ACE,CE,Combined TRACON& Tower with Radar,0,1,4,21,26,0,0,5,0,5,0,1,9,21,31,0,34,34,65
05/29/2020,SUX,IA,ACE,CE,Combined TRACON& Tower with Radar,0,1,18,15,34,0,1,21,0,22,0,2,39,15,56,36,18,54,110
05/30/2020,SUX,IA,ACE,CE,Combined TRACON& Tower with Radar,0,0,5,0,5,0,0,2,0,2,0,0,7,0,7,8,0,8,15
05/31/2020,SUX,IA,ACE,CE,Combined TRACON& Tower with Radar,0,1,11,0,12,0,0,13,0,13,0,1,24,0,25,2,0,2,27
06/01/2020,SUX,IA,ACE,CE,Combined TRACON& Tower with Radar,0,3,3,8,14,0,0,0,0,0,0,3,3,8,14,14,2,16,30
06/02/2020,SUX,IA,ACE,CE,Combined TRACON& Tower with Radar,0,2,9,16,27,0,2,10,0,12,0,4,19,16,39,4,6,10,49
06/03/2020,SUX,IA,ACE,CE,Combined TRACON& Tower with Radar,0,1,6,20,27,0,0,9,0,9,0,1,15,20,36,0,16,16,52
06/04/2020,SUX,IA,ACE,CE,Combined TRACON& Tower with Radar,0,1,5,9,15,0,3,6,1,10,0,4,11,10,25,18,24,42,67
06/05/2020,SUX,IA,ACE,CE,Combined TRACON& Tower with Radar,0,3,2,16,21,0,0,1,0,1,0,3,3,16,22,14,14,28,50
06/06/2020,SUX,IA,ACE,CE,Combined TRACON& Tower with Radar,0,0,1,0,1,0,0,6,0,6,0,0,7,0,7,0,0,0,7
06/07/2020,SUX,IA,ACE,CE,Combined TRACON& Tower with Radar,0,1,3,0,4,0,6,1,0,7,0,7,4,0,11,0,0,0,11
06/08/2020,SUX,IA,ACE,CE,Combined TRACON& Tower with Radar,0,1,2,2,5,0,0,0,0,0,0,1,2,2,5,1,0,1,6
06/09/2020,SUX,IA,ACE,CE,Combined TRACON& Tower with Radar,0,1,8,8,17,0,1,5,0,6,0,2,13,8,23,16,4,20,43
06/10/2020,SUX,IA,ACE,CE,Combined TRACON& Tower with Radar,0,0,3,12,15,0,0,12,0,12,0,0,15,12,27,0,8,8,35
06/11/2020,SUX,IA,ACE,CE,Combined TRACON& Tower with Radar,0,3,12,19,34,0,0,16,2,18,0,3,28,21,52,6,20,26,78
06/12/2020,SUX,IA,ACE,CE,Combined TRACON& Tower with Radar,0,1,11,10,22,0,1,15,1,17,0,2,26,11,39,6,2,8,47
06/13/2020,SUX,IA,ACE,CE,Combined TRACON& Tower with Radar,0,0,6,0,6,0,0,18,0,18,0,0,24,0,24,0,0,0,24
06/14/2020,SUX,IA,ACE,CE,Combined TRACON& Tower with Radar,0,1,6,0,7,0,0,0,0,0,0,1,6,0,7,0,0,0,7
06/15/2020,SUX,IA,ACE,CE,Combined TRACON& Tower with Radar,2,4,4,0,10,0,1,0,0,1,2,5,4,0,11,0,0,0,11
06/16/2020,SUX,IA,ACE,CE,Combined TRACON& Tower with Radar,0,4,6,4,14,0,0,2,2,4,0,4,8,6,18,3,0,3,21
06/17/2020,SUX,IA,ACE,CE,Combined TRACON& Tower with Radar,0,2,8,7,17,0,0,5,0,5,0,2,13,7,22,0,10,10,32
06/18/2020,SUX,IA,ACE,CE,Combined TRACON& Tower with Radar,0,7,5,7,19,0,0,0,0,0,0,7,5,7,19,0,0,0,19
06/19/2020,SUX,IA,ACE,CE,Combined TRACON& Tower with Radar,2,3,7,20,32,0,1,15,0,16,2,4,22,20,48,2,8,10,58
06/20/2020,SUX,IA,ACE,CE,Combined TRACON& Tower with Radar,0,0,1,0,1,0,0,2,0,2,0,0,3,0,3,0,0,0,3
06/21/2020,SUX,IA,ACE,CE,Combined TRACON& Tower with Radar,0,1,6,0,7,0,0,2,0,2,0,1,8,0,9,0,0,0,9
06/22/2020,SUX,IA,ACE,CE,Combined TRACON& Tower with Radar,0,1,6,3,10,0,0,2,1,3,0,1,8,4,13,2,0,2,15
06/23/2020,SUX,IA,ACE,CE,Combined TRACON& Tower with Radar,0,4,9,9,22,0,2,7,0,9,0,6,16,9,31,2,8,10,41
06/24/2020,SUX,IA,ACE,CE,Combined TRACON& Tower with Radar,0,2,3,6,11,0,0,12,0,12,0,2,15,6,23,0,8,8,31
06/25/2020,SUX,IA,ACE,CE,Combined TRACON& Tower with Radar,0,4,9,8,21,0,1,13,0,14,0,5,22,8,35,16,4,20,55
06/26/2020,SUX,IA,ACE,CE,Combined TRACON& Tower with Radar,0,3,9,17,29,0,0,8,0,8,0,3,17,17,37,42,12,54,91
06/27/2020,SUX,IA,ACE,CE,Combined TRACON& Tower with Radar,0,0,8,0,8,0,0,16,0,16,0,0,24,0,24,28,0,28,52
06/28/2020,SUX,IA,ACE,CE,Combined TRACON& Tower with Radar,0,3,0,0,3,0,1,0,0,1,0,4,0,0,4,0,0,0,4
06/29/2020,SUX,IA,ACE,CE,Combined TRACON& Tower with Radar,0,1,3,0,4,0,2,5,0,7,0,3,8,0,11,0,0,0,11
06/30/2020,SUX,IA,ACE,CE,Combined TRACON& Tower with Radar,0,2,7,10,19,0,3,4,0,7,0,5,11,10,26,0,0,0,26
07/01/2020,SUX,IA,ACE,CE,Combined TRACON& Tower with Radar,0,1,6,0,7,0,1,6,0,7,0,2,12,0,14,4,0,4,18
07/02/2020,SUX,IA,ACE,CE,Combined TRACON& Tower with Radar,0,1,10,9,20,0,1,9,0,10,0,2,19,9,30,14,22,36,66
07/03/2020,SUX,IA,ACE,CE,Combined TRACON& Tower with Radar,0,3,3,0,6,0,0,21,0,21,0,3,24,0,27,0,0,0,27
07/04/2020,SUX,IA,ACE,CE,Combined TRACON& Tower with Radar,0,0,6,0,6,0,0,6,0,6,0,0,12,0,12,6,0,6,18
07/05/2020,SUX,IA,ACE,CE,Combined TRACON& Tower with Radar,0,5,2,0,7,0,0,2,0,2,0,5,4,0,9,6,0,6,15
07/06/2020,SUX,IA,ACE,CE,Combined TRACON& Tower with Radar,0,1,7,0,8,0,2,8,0,10,0,3,15,0,18,4,0,4,22
07/07/2020,SUX,IA,ACE,CE,Combined TRACON& Tower with Radar,0,7,8,6,21,0,0,8,0,8,0,7,16,6,29,16,16,32,61
07/08/2020,SUX,IA,ACE,CE,Combined TRACON& Tower with Radar,0,7,15,4,26,0,1,9,2,12,0,8,24,6,38,0,0,0,38
07/09/2020,SUX,IA,ACE,CE,Combined TRACON& Tower with Radar,0,6,9,32,47,0,1,16,0,17,0,7,25,32,64,8,36,44,108
07/10/2020,SUX,IA,ACE,CE,Combined TRACON& Tower with Radar,0,6,6,18,30,0,2,6,0,8,0,8,12,18,38,4,14,18,56
07/11/2020,SUX,IA,ACE,CE,Combined TRACON& Tower with Radar,0,5,2,0,7,0,3,7,0,10,0,8,9,0,17,0,0,0,17
07/12/2020,SUX,IA,ACE,CE,Combined TRACON& Tower with Radar,0,8,4,0,12,0,0,16,0,16,0,8,20,0,28,24,0,24,52
07/13/2020,SUX,IA,ACE,CE,Combined TRACON& Tower with Radar,0,5,8,1,14,0,1,18,0,19,0,6,26,1,33,14,0,14,47
07/14/2020,SUX,IA,ACE,CE,Combined TRACON& Tower with Radar,0,6,0,15,21,0,1,2,0,3,0,7,2,15,24,32,14,46,70
07/15/2020,SUX,IA,ACE,CE,Combined TRACON& Tower with Radar,0,5,11,19,35,0,0,15,0,15,0,5,26,19,50,12,18,30,80
07/16/2020,SUX,IA,ACE,CE,Combined TRACON& Tower with Radar,0,6,9,19,34,0,0,9,0,9,0,6,18,19,43,0,2,2,45
07/17/2020,SUX,IA,ACE,CE,Combined TRACON& Tower with Radar,0,6,8,0,14,0,0,15,0,15,0,6,23,0,29,2,0,2,31
07/18/2020,SUX,IA,ACE,CE,Combined TRACON& Tower with Radar,0,5,2,0,7,0,2,7,0,9,0,7,9,0,16,0,0,0,16
07/19/2020,SUX,IA,ACE,CE,Combined TRACON& Tower with Radar,0,6,2,0,8,0,0,4,0,4,0,6,6,0,12,2,0,2,14
07/20/2020,SUX,IA,ACE,CE,Combined TRACON& Tower with Radar,0,6,4,0,10,0,1,6,0,7,0,7,10,0,17,0,0,0,17
07/21/2020,SUX,IA,ACE,CE,Combined TRACON& Tower with Radar,0,5,11,3,19,0,0,9,0,9,0,5,20,3,28,0,0,0,28
07/22/2020,SUX,IA,ACE,CE,Combined TRACON& Tower with Radar,0,5,12,23,40,0,0,15,2,17,0,5,27,25,57,6,12,18,75
07/23/2020,SUX,IA,ACE,CE,Combined TRACON& Tower with Radar,0,6,6,26,38,2,0,3,2,7,2,6,9,28,45,24,4,28,73
07/24/2020,SUX,IA,ACE,CE,Combined TRACON& Tower with Radar,0,6,6,9,21,0,0,1,0,1,0,6,7,9,22,10,8,18,40
07/25/2020,SUX,IA,ACE,CE,Combined TRACON& Tower with Radar,0,5,2,0,7,0,0,3,0,3,0,5,5,0,10,10,0,10,20
07/26/2020,SUX,IA,ACE,CE,Combined TRACON& Tower with Radar,0,6,7,0,13,0,0,14,0,14,0,6,21,0,27,20,0,20,47
07/27/2020,SUX,IA,ACE,CE,Combined TRACON& Tower with Radar,0,10,9,1,20,0,0,11,0,11,0,10,20,1,31,6,0,6,37
07/28/2020,SUX,IA,ACE,CE,Combined TRACON& Tower with Radar,0,3,10,15,28,0,3,7,0,10,0,6,17,15,38,0,14,14,52
07/29/2020,SUX,IA,ACE,CE,Combined TRACON& Tower with Radar,0,7,6,22,35,0,0,11,0,11,0,7,17,22,46,6,10,16,62
07/30/2020,SUX,IA,ACE,CE,Combined TRACON& Tower with Radar,0,4,4,30,38,0,0,6,0,6,0,4,10,30,44,42,0,42,86
07/31/2020,SUX,IA,ACE,CE,Combined TRACON& Tower with Radar,0,4,11,24,39,0,0,8,8,16,0,4,19,32,55,1,6,7,62
08/01/2020,SUX,IA,ACE,CE,Combined TRACON& Tower with Radar,0,3,6,0,9,0,0,2,0,2,0,3,8,0,11,0,0,0,11
08/02/2020,SUX,IA,ACE,CE,Combined TRACON& Tower with Radar,0,4,1,0,5,0,0,9,0,9,0,4,10,0,14,0,0,0,14
08/03/2020,SUX,IA,ACE,CE,Combined TRACON& Tower with Radar,0,7,7,3,17,0,0,4,0,4,0,7,11,3,21,0,6,6,27
08/04/2020,SUX,IA,ACE,CE,Combined TRACON& Tower with Radar,0,3,3,29,35,0,0,9,0,9,0,3,12,29,44,10,12,22,66
08/05/2020,SUX,IA,ACE,CE,Combined TRACON& Tower with Radar,0,5,12,13,30,0,1,5,0,6,0,6,17,13,36,0,8,8,44
08/06/2020,SUX,IA,ACE,CE,Combined TRACON& Tower with Radar,0,5,5,20,30,0,0,8,0,8,0,5,13,20,38,26,16,42,80
08/07/2020,SUX,IA,ACE,CE,Combined TRACON& Tower with Radar,0,4,16,19,39,0,0,2,0,2,0,4,18,19,41,0,4,4,45
08/08/2020,SUX,IA,ACE,CE,Combined TRACON& Tower with Radar,0,3,8,0,11,0,2,9,0,11,0,5,17,0,22,38,0,38,60
08/09/2020,SUX,IA,ACE,CE,Combined TRACON& Tower with Radar,0,8,16,0,24,0,2,8,1,11,0,10,24,1,35,0,0,0,35
08/10/2020,SUX,IA,ACE,CE,Combined TRACON& Tower with Radar,0,4,1,4,9,0,2,4,0,6,0,6,5,4,15,0,2,2,17
08/11/2020,SUX,IA,ACE,CE,Combined TRACON& Tower with Radar,0,6,5,11,22,0,0,8,0,8,0,6,13,11,30,36,10,46,76
08/12/2020,SUX,IA,ACE,CE,Combined TRACON& Tower with Radar,0,5,8,20,33,0,0,8,0,8,0,5,16,20,41,12,12,24,65
08/13/2020,SUX,IA,ACE,CE,Combined TRACON& Tower with Radar,0,8,9,14,31,0,0,5,1,6,0,8,14,15,37,12,14,26,63
08/14/2020,SUX,IA,ACE,CE,Combined TRACON& Tower with Radar,0,4,6,12,22,0,0,5,4,9,0,4,11,16,31,28,24,52,83
08/15/2020,SUX,IA,ACE,CE,Combined TRACON& Tower with Radar,0,5,7,10,22,0,1,18,0,19,0,6,25,10,41,16,10,26,67
08/16/2020,SUX,IA,ACE,CE,Combined TRACON& Tower with Radar,0,4,5,2,11,0,1,5,0,6,0,5,10,2,17,12,16,28,45
08/17/2020,SUX,IA,ACE,CE,Combined TRACON& Tower with Radar,0,4,8,12,24,2,0,13,1,16,2,4,21,13,40,0,16,16,56
08/18/2020,SUX,IA,ACE,CE,Combined TRACON& Tower with Radar,0,3,9,8,20,0,0,8,0,8,0,3,17,8,28,30,0,30,58
08/19/2020,SUX,IA,ACE,CE,Combined TRACON& Tower with Radar,0,5,6,14,25,0,0,14,0,14,0,5,20,14,39,14,0,14,53
08/20/2020,SUX,IA,ACE,CE,Combined TRACON& Tower with Radar,0,4,6,9,19,0,2,4,0,6,0,6,10,9,25,8,0,8,33
08/21/2020,SUX,IA,ACE,CE,Combined TRACON& Tower with Radar,0,4,17,11,32,0,2,11,0,13,0,6,28,11,45,20,12,32,77
08/22/2020,SUX,IA,ACE,CE,Combined TRACON& Tower with Radar,0,4,1,0,5,4,1,2,2,9,4,5,3,2,14,12,8,20,34
08/23/2020,SUX,IA,ACE,CE,Combined TRACON& Tower with Radar,0,5,7,0,12,6,0,6,2,14,6,5,13,2,26,0,0,0,26
08/24/2020,SUX,IA,ACE,CE,Combined TRACON& Tower with Radar,0,6,4,2,12,0,1,4,0,5,0,7,8,2,17,0,0,0,17
08/25/2020,SUX,IA,ACE,CE,Combined TRACON& Tower with Radar,0,3,6,2,11,0,1,10,0,11,0,4,16,2,22,0,0,0,22
08/26/2020,SUX,IA,ACE,CE,Combined TRACON& Tower with Radar,0,4,9,10,23,0,0,13,1,14,0,4,22,11,37,0,24,24,61
08/27/2020,SUX,IA,ACE,CE,Combined TRACON& Tower with Radar,0,7,4,17,28,0,2,11,0,13,0,9,15,17,41,10,22,32,73
08/28/2020,SUX,IA,ACE,CE,Combined TRACON& Tower with Radar,0,4,7,13,24,0,2,4,0,6,0,6,11,13,30,0,16,16,46
08/29/2020,SUX,IA,ACE,CE,Combined TRACON& Tower with Radar,0,4,5,1,10,0,1,7,0,8,0,5,12,1,18,5,0,5,23
08/30/2020,SUX,IA,ACE,CE,Combined TRACON& Tower with Radar,0,6,10,0,16,0,2,10,0,12,0,8,20,0,28,0,0,0,28
08/31/2020,SUX,IA,ACE,CE,Combined TRACON& Tower with Radar,2,6,2,0,10,0,0,11,0,11,2,6,13,0,21,0,0,0,21
09/01/2020,SUX,IA,ACE,CE,Combined TRACON& Tower with Radar,0,5,10,22,37,0,0,16,4,20,0,5,26,26,57,8,32,40,97
09/02/2020,SUX,IA,ACE,CE,Combined TRACON& Tower with Radar,0,5,11,23,39,0,0,14,2,16,0,5,25,25,55,4,12,16,71
09/03/2020,SUX,IA,ACE,CE,Combined TRACON& Tower with Radar,0,4,4,11,19,0,4,6,0,10,0,8,10,11,29,0,8,8,37
09/04/2020,SUX,IA,ACE,CE,Combined TRACON& Tower with Radar,0,4,3,9,16,0,0,10,3,13,0,4,13,12,29,0,4,4,33
09/05/2020,SUX,IA,ACE,CE,Combined TRACON& Tower with Radar,0,7,5,0,12,0,3,12,0,15,0,10,17,0,27,0,0,0,27
09/06/2020,SUX,IA,ACE,CE,Combined TRACON& Tower with Radar,0,5,2,0,7,0,0,16,0,16,0,5,18,0,23,6,0,6,29
09/07/2020,SUX,IA,ACE,CE,Combined TRACON& Tower with Radar,0,2,3,1,6,0,0,5,0,5,0,2,8,1,11,1,0,1,12
09/08/2020,SUX,IA,ACE,CE,Combined TRACON& Tower with Radar,0,3,13,1,17,0,0,1,0,1,0,3,14,1,18,4,0,4,22
09/09/2020,SUX,IA,ACE,CE,Combined TRACON& Tower with Radar,0,2,8,4,14,0,0,4,0,4,0,2,12,4,18,0,0,0,18
09/10/2020,SUX,IA,ACE,CE,Combined TRACON& Tower with Radar,0,12,10,45,67,0,0,5,0,5,0,12,15,45,72,24,0,24,96
09/11/2020,SUX,IA,ACE,CE,Combined TRACON& Tower with Radar,0,2,14,21,37,0,0,0,0,0,0,2,14,21,37,0,0,0,37
09/12/2020,SUX,IA,ACE,CE,Combined TRACON& Tower with Radar,0,4,3,11,18,0,0,0,0,0,0,4,3,11,18,0,0,0,18
09/13/2020,SUX,IA,ACE,CE,Combined TRACON& Tower with Radar,2,7,8,7,24,0,1,10,0,11,2,8,18,7,35,14,28,42,77
09/14/2020,SUX,IA,ACE,CE,Combined TRACON& Tower with Radar,0,4,7,3,14,0,0,11,0,11,0,4,18,3,25,0,0,0,25
09/15/2020,SUX,IA,ACE,CE,Combined TRACON& Tower with Radar,0,5,3,13,21,0,4,6,1,11,0,9,9,14,32,0,4,4,36
09/16/2020,SUX,IA,ACE,CE,Combined TRACON& Tower with Radar,0,3,9,18,30,0,0,13,0,13,0,3,22,18,43,0,14,14,57
09/17/2020,SUX,IA,ACE,CE,Combined TRACON& Tower with Radar,0,2,5,17,24,0,0,5,0,5,0,2,10,17,29,0,16,16,45
09/18/2020,SUX,IA,ACE,CE,Combined TRACON& Tower with Radar,0,4,26,7,37,0,0,19,2,21,0,4,45,9,58,16,8,24,82
09/19/2020,SUX,IA,ACE,CE,Combined TRACON& Tower with Radar,0,2,5,2,9,0,0,2,0,2,0,2,7,2,11,2,0,2,13
09/20/2020,SUX,IA,ACE,CE,Combined TRACON& Tower with Radar,0,4,2,0,6,0,1,9,0,10,0,5,11,0,16,0,0,0,16
09/21/2020,SUX,IA,ACE,CE,Combined TRACON& Tower with Radar,0,2,5,0,7,0,4,5,0,9,0,6,10,0,16,0,0,0,16
09/22/2020,SUX,IA,ACE,CE,Combined TRACON& Tower with Radar,0,6,5,8,19,1,0,1,0,2,1,6,6,8,21,0,14,14,35
09/23/2020,SUX,IA,ACE,CE,Combined TRACON& Tower with Radar,0,6,11,22,39,0,1,9,0,10,0,7,20,22,49,12,6,18,67
09/24/2020,SUX,IA,ACE,CE,Combined TRACON& Tower with Radar,0,2,7,20,29,3,0,19,0,22,3,2,26,20,51,6,32,38,89
09/25/2020,SUX,IA,ACE,CE,Combined TRACON& Tower with Radar,0,4,8,6,18,0,1,5,0,6,0,5,13,6,24,0,6,6,30
09/26/2020,SUX,IA,ACE,CE,Combined TRACON& Tower with Radar,0,3,6,3,12,0,1,12,0,13,0,4,18,3,25,22,0,22,47
09/27/2020,SUX,IA,ACE,CE,Combined TRACON& Tower with Radar,0,2,5,0,7,0,0,6,0,6,0,2,11,0,13,2,0,2,15
09/28/2020,SUX,IA,ACE,CE,Combined TRACON& Tower with Radar,0,6,5,0,11,0,0,9,0,9,0,6,14,0,20,0,0,0,20
09/29/2020,SUX,IA,ACE,CE,Combined TRACON& Tower with Radar,0,2,4,12,18,0,1,4,0,5,0,3,8,12,23,0,10,10,33
09/30/2020,SUX,IA,ACE,CE,Combined TRACON& Tower with Radar,0,2,2,10,14,1,0,1,2,4,1,2,3,12,18,0,24,24,42
10/01/2020,SUX,IA,ACE,CE,Combined TRACON& Tower with Radar,0,3,10,18,31,0,2,2,0,4,0,5,12,18,35,0,40,40,75
10/02/2020,SUX,IA,ACE,CE,Combined TRACON& Tower with Radar,0,2,13,10,25,0,0,14,0,14,0,2,27,10,39,4,4,8,47
10/03/2020,SUX,IA,ACE,CE,Combined TRACON& Tower with Radar,0,4,5,0,9,0,1,2,0,3,0,5,7,0,12,0,0,0,12
10/04/2020,SUX,IA,ACE,CE,Combined TRACON& Tower with Radar,0,3,10,0,13,0,0,12,0,12,0,3,22,0,25,4,0,4,29
10/05/2020,SUX,IA,ACE,CE,Combined TRACON& Tower with Radar,0,4,8,1,13,1,3,6,0,10,1,7,14,1,23,0,0,0,23
10/06/2020,SUX,IA,ACE,CE,Combined TRACON& Tower with Radar,0,2,15,14,31,0,0,9,0,9,0,2,24,14,40,0,14,14,54
10/07/2020,SUX,IA,ACE,CE,Combined TRACON& Tower with Radar,0,3,14,27,44,0,1,11,0,12,0,4,25,27,56,6,4,10,66
10/08/2020,SUX,IA,ACE,CE,Combined TRACON& Tower with Radar,0,1,5,16,22,0,0,4,2,6,0,1,9,18,28,0,56,56,84
10/09/2020,SUX,IA,ACE,CE,Combined TRACON& Tower with Radar,0,5,4,3,12,0,0,10,1,11,0,5,14,4,23,0,4,4,27
10/10/2020,SUX,IA,ACE,CE,Combined TRACON& Tower with Radar,0,3,6,1,10,0,3,13,0,16,0,6,19,1,26,8,0,8,34
10/11/2020,SUX,IA,ACE,CE,Combined TRACON& Tower with Radar,0,3,6,0,9,0,2,3,0,5,0,5,9,0,14,0,0,0,14
10/12/2020,SUX,IA,ACE,CE,Combined TRACON& Tower with Radar,0,2,10,0,12,1,0,13,0,14,1,2,23,0,26,2,0,2,28
10/13/2020,SUX,IA,ACE,CE,Combined TRACON& Tower with Radar,0,2,8,0,10,0,1,15,0,16,0,3,23,0,26,16,0,16,42
10/14/2020,SUX,IA,ACE,CE,Combined TRACON& Tower with Radar,0,4,7,33,44,0,3,10,4,17,0,7,17,37,61,0,46,46,107
10/15/2020,SUX,IA,ACE,CE,Combined TRACON& Tower with Radar,0,5,16,24,45,0,2,12,1,15,0,7,28,25,60,0,20,20,80
10/16/2020,SUX,IA,ACE,CE,Combined TRACON& Tower with Radar,0,5,8,11,24,0,2,10,7,19,0,7,18,18,43,18,10,28,71
10/17/2020,SUX,IA,ACE,CE,Combined TRACON& Tower with Radar,0,5,2,18,25,0,2,8,0,10,0,7,10,18,35,12,20,32,67
10/18/2020,SUX,IA,ACE,CE,Combined TRACON& Tower with Radar,2,8,5,1,16,0,1,9,0,10,2,9,14,1,26,6,0,6,32
10/19/2020,SUX,IA,ACE,CE,Combined TRACON& Tower with Radar,0,7,6,0,13,0,0,0,0,0,0,7,6,0,13,0,0,0,13
10/20/2020,SUX,IA,ACE,CE,Combined TRACON& Tower with Radar,0,8,10,1,19,0,0,0,0,0,0,8,10,1,19,0,0,0,19
10/21/2020,SUX,IA,ACE,CE,Combined TRACON& Tower with Radar,0,3,16,14,33,0,0,9,0,9,0,3,25,14,42,2,12,14,56
10/22/2020,SUX,IA,ACE,CE,Combined TRACON& Tower with Radar,2,4,11,8,25,0,0,0,0,0,2,4,11,8,25,0,0,0,25
10/23/2020,SUX,IA,ACE,CE,Combined TRACON& Tower with Radar,0,7,12,15,34,0,0,9,0,9,0,7,21,15,43,18,14,32,75
10/24/2020,SUX,IA,ACE,CE,Combined TRACON& Tower with Radar,0,7,12,0,19,0,1,10,0,11,0,8,22,0,30,26,0,26,56
10/25/2020,SUX,IA,ACE,CE,Combined TRACON& Tower with Radar,0,5,4,0,9,0,0,0,0,0,0,5,4,0,9,0,0,0,9
10/26/2020,SUX,IA,ACE,CE,Combined TRACON& Tower with Radar,0,4,4,1,9,0,9,6,1,16,0,13,10,2,25,6,0,6,31
10/27/2020,SUX,IA,ACE,CE,Combined TRACON& Tower with Radar,0,4,12,16,32,0,0,20,2,22,0,4,32,18,54,14,26,40,94
10/28/2020,SUX,IA,ACE,CE,Combined TRACON& Tower with Radar,0,2,8,43,53,6,2,16,5,29,6,4,24,48,82,10,46,56,138
10/29/2020,SUX,IA,ACE,CE,Combined TRACON& Tower with Radar,0,4,19,14,37,0,0,13,0,13,0,4,32,14,50,10,20,30,80
10/30/2020,SUX,IA,ACE,CE,Combined TRACON& Tower with Radar,0,10,10,25,45,1,1,19,0,21,1,11,29,25,66,30,22,52,118
10/31/2020,SUX,IA,ACE,CE,Combined TRACON& Tower with Radar,0,2,3,0,5,0,0,5,0,5,0,2,8,0,10,0,0,0,10
11/01/2020,SUX,IA,ACE,CE,Combined TRACON& Tower with Radar,0,7,6,1,14,2,0,8,0,10,2,7,14,1,24,0,0,0,24
11/02/2020,SUX,IA,ACE,CE,Combined TRACON& Tower with Radar,0,3,9,0,12,0,1,10,0,11,0,4,19,0,23,0,16,16,39
11/03/2020,SUX,IA,ACE,CE,Combined TRACON& Tower with Radar,0,6,6,12,24,0,5,7,6,18,0,11,13,18,42,8,8,16,58
11/04/2020,SUX,IA,ACE,CE,Combined TRACON& Tower with Radar,0,3,10,14,27,0,2,19,0,21,0,5,29,14,48,18,26,44,92
11/05/2020,SUX,IA,ACE,CE,Combined TRACON& Tower with Radar,0,4,15,5,24,0,1,14,0,15,0,5,29,5,39,6,6,12,51
11/06/2020,SUX,IA,ACE,CE,Combined TRACON& Tower with Radar,0,4,8,8,20,0,0,12,1,13,0,4,20,9,33,0,2,2,35
11/07/2020,SUX,IA,ACE,CE,Combined TRACON& Tower with Radar,0,4,2,1,7,0,0,2,8,10,0,4,4,9,17,0,10,10,27
11/08/2020,SUX,IA,ACE,CE,Combined TRACON& Tower with Radar,0,6,6,1,13,0,0,0,0,0,0,6,6,1,13,0,0,0,13
11/09/2020,SUX,IA,ACE,CE,Combined TRACON& Tower with Radar,0,6,6,0,12,0,0,0,0,0,0,6,6,0,12,0,0,0,12
11/10/2020,SUX,IA,ACE,CE,Combined TRACON& Tower with Radar,0,5,8,12,25,0,0,2,3,5,0,5,10,15,30,0,0,0,30
11/11/2020,SUX,IA,ACE,CE,Combined TRACON& Tower with Radar,0,4,7,1,12,0,0,13,0,13,0,4,20,1,25,8,0,8,33
11/12/2020,SUX,IA,ACE,CE,Combined TRACON& Tower with Radar,0,4,7,9,20,0,1,5,0,6,0,5,12,9,26,10,0,10,36
11/13/2020,SUX,IA,ACE,CE,Combined TRACON& Tower with Radar,0,4,4,13,21,0,0,12,0,12,0,4,16,13,33,0,2,2,35
11/14/2020,SUX,IA,ACE,CE,Combined TRACON& Tower with Radar,0,4,10,0,14,0,1,4,0,5,0,5,14,0,19,10,0,10,29
11/15/2020,SUX,IA,ACE,CE,Combined TRACON& Tower with Radar,0,6,4,0,10,0,2,1,0,3,0,8,5,0,13,6,0,6,19
11/16/2020,SUX,IA,ACE,CE,Combined TRACON& Tower with Radar,0,6,4,1,11,0,8,13,0,21,0,14,17,1,32,0,0,0,32
11/17/2020,SUX,IA,ACE,CE,Combined TRACON& Tower with Radar,0,7,15,10,32,0,2,16,0,18,0,9,31,10,50,28,20,48,98
11/18/2020,SUX,IA,ACE,CE,Combined TRACON& Tower with Radar,0,6,15,4,25,1,0,4,0,5,1,6,19,4,30,0,0,0,30
11/19/2020,SUX,IA,ACE,CE,Combined TRACON& Tower with Radar,0,6,23,1,30,0,0,11,1,12,0,6,34,2,42,0,0,0,42
11/20/2020,SUX,IA,ACE,CE,Combined TRACON& Tower with Radar,0,4,15,6,25,0,0,20,0,20,0,4,35,6,45,8,0,8,53
11/21/2020,SUX,IA,ACE,CE,Combined TRACON& Tower with Radar,0,5,18,0,23,0,2,24,0,26,0,7,42,0,49,6,0,6,55
11/22/2020,SUX,IA,ACE,CE,Combined TRACON& Tower with Radar,0,5,7,0,12,0,2,5,0,7,0,7,12,0,19,2,0,2,21
11/23/2020,SUX,IA,ACE,CE,Combined TRACON& Tower with Radar,0,4,6,0,10,0,1,7,0,8,0,5,13,0,18,12,0,12,30
11/24/2020,SUX,IA,ACE,CE,Combined TRACON& Tower with Radar,0,6,3,2,11,0,0,1,0,1,0,6,4,2,12,0,0,0,12
11/25/2020,SUX,IA,ACE,CE,Combined TRACON& Tower with Radar,0,5,17,0,22,0,1,3,0,4,0,6,20,0,26,0,0,0,26
11/26/2020,SUX,IA,ACE,CE,Combined TRACON& Tower with Radar,0,0,1,0,1,0,0,11,1,12,0,0,12,1,13,16,0,16,29
11/27/2020,SUX,IA,ACE,CE,Combined TRACON& Tower with Radar,0,2,2,0,4,0,1,15,0,16,0,3,17,0,20,26,0,26,46
11/28/2020,SUX,IA,ACE,CE,Combined TRACON& Tower with Radar,0,4,2,4,10,0,0,21,1,22,0,4,23,5,32,52,0,52,84
11/29/2020,SUX,IA,ACE,CE,Combined TRACON& Tower with Radar,0,6,4,2,12,0,2,4,0,6,0,8,8,2,18,2,0,2,20
11/30/2020,SUX,IA,ACE,CE,Combined TRACON& Tower with Radar,2,5,14,1,22,0,0,12,0,12,2,5,26,1,34,46,0,46,80
12/01/2020,SUX,IA,ACE,CE,Combined TRACON& Tower with Radar,0,2,16,3,21,0,0,22,0,22,0,2,38,3,43,28,0,28,71
12/02/2020,SUX,IA,ACE,CE,Combined TRACON& Tower with Radar,0,4,6,9,19,0,2,23,1,26,0,6,29,10,45,14,6,20,65
12/03/2020,SUX,IA,ACE,CE,Combined TRACON& Tower with Radar,0,6,10,1,17,0,1,15,0,16,0,7,25,1,33,0,0,0,33
12/04/2020,SUX,IA,ACE,CE,Combined TRACON& Tower with Radar,2,8,14,12,36,0,4,23,2,29,2,12,37,14,65,0,4,4,69
12/05/2020,SUX,IA,ACE,CE,Combined TRACON& Tower with Radar,0,6,5,0,11,0,0,16,0,16,0,6,21,0,27,6,0,6,33
12/06/2020,SUX,IA,ACE,CE,Combined TRACON& Tower with Radar,0,5,6,2,13,0,1,6,0,7,0,6,12,2,20,2,0,2,22
12/07/2020,SUX,IA,ACE,CE,Combined TRACON& Tower with Radar,0,6,9,0,15,0,5,15,2,22,0,11,24,2,37,4,2,6,43
12/08/2020,SUX,IA,ACE,CE,Combined TRACON& Tower with Radar,0,2,6,10,18,0,0,4,0,4,0,2,10,10,22,0,0,0,22
12/09/2020,SUX,IA,ACE,CE,Combined TRACON& Tower with Radar,0,5,19,2,26,0,2,27,0,29,0,7,46,2,55,0,0,0,55
12/10/2020,SUX,IA,ACE,CE,Combined TRACON& Tower with Radar,0,9,17,2,28,0,0,5,0,5,0,9,22,2,33,0,0,0,33
12/11/2020,SUX,IA,ACE,CE,Combined TRACON& Tower with Radar,0,5,4,2,11,0,0,0,0,0,0,5,4,2,11,0,0,0,11
12/12/2020,SUX,IA,ACE,CE,Combined TRACON& Tower with Radar,0,4,1,0,5,0,2,2,0,4,0,6,3,0,9,10,0,10,19
12/13/2020,SUX,IA,ACE,CE,Combined TRACON& Tower with Radar,0,6,3,1,10,0,0,1,0,1,0,6,4,1,11,0,0,0,11
12/14/2020,SUX,IA,ACE,CE,Combined TRACON& Tower with Radar,0,7,11,0,18,0,0,10,1,11,0,7,21,1,29,0,0,0,29
12/15/2020,SUX,IA,ACE,CE,Combined TRACON& Tower with Radar,0,6,8,3,17,0,0,10,1,11,0,6,18,4,28,0,0,0,28
12/16/2020,SUX,IA,ACE,CE,Combined TRACON& Tower with Radar,0,6,18,4,28,0,3,9,3,15,0,9,27,7,43,0,0,0,43
12/17/2020,SUX,IA,ACE,CE,Combined TRACON& Tower with Radar,0,4,7,2,13,0,1,5,0,6,0,5,12,2,19,0,0,0,19
12/18/2020,SUX,IA,ACE,CE,Combined TRACON& Tower with Radar,0,5,20,2,27,0,1,14,0,15,0,6,34,2,42,4,0,4,46
12/19/2020,SUX,IA,ACE,CE,Combined TRACON& Tower with Radar,0,10,18,0,28,0,2,15,0,17,0,12,33,0,45,28,0,28,73
12/20/2020,SUX,IA,ACE,CE,Combined TRACON& Tower with Radar,0,5,11,0,16,0,0,18,0,18,0,5,29,0,34,2,0,2,36
12/21/2020,SUX,IA,ACE,CE,Combined TRACON& Tower with Radar,0,4,2,0,6,0,0,4,0,4,0,4,6,0,10,0,0,0,10
12/22/2020,SUX,IA,ACE,CE,Combined TRACON& Tower with Radar,0,4,6,4,14,0,0,0,2,2,0,4,6,6,16,0,0,0,16
12/23/2020,SUX,IA,ACE,CE,Combined TRACON& Tower with Radar,0,0,1,0,1,0,0,0,0,0,0,0,1,0,1,0,0,0,1
12/24/2020,SUX,IA,ACE,CE,Combined TRACON& Tower with Radar,0,4,1,1,6,0,0,5,0,5,0,4,6,1,11,0,0,0,11
12/25/2020,SUX,IA,ACE,CE,Combined TRACON& Tower with Radar,0,4,2,0,6,0,0,3,0,3,0,4,5,0,9,0,0,0,9
12/26/2020,SUX,IA,ACE,CE,Combined TRACON& Tower with Radar,0,10,11,0,21,0,0,17,0,17,0,10,28,0,38,6,0,6,44
12/27/2020,SUX,IA,ACE,CE,Combined TRACON& Tower with Radar,0,8,8,0,16,0,0,1,0,1,0,8,9,0,17,0,0,0,17
12/28/2020,SUX,IA,ACE,CE,Combined TRACON& Tower with Radar,0,8,16,0,24,0,0,9,0,9,0,8,25,0,33,4,0,4,37
12/29/2020,SUX,IA,ACE,CE,Combined TRACON& Tower with Radar,0,3,2,1,6,0,0,0,0,0,0,3,2,1,6,0,0,0,6
12/30/2020,SUX,IA,ACE,CE,Combined TRACON& Tower with Radar,0,9,7,0,16,0,0,4,0,4,0,9,11,0,20,0,0,0,20
12/31/2020,SUX,IA,ACE,CE,Combined TRACON& Tower with Radar,0,2,11,1,14,0,0,14,1,15,0,2,25,2,29,10,0,10,39
01/01/2021,SUX,IA,ACE,CE,Combined TRACON& Tower with Radar,0,4,2,0,6,0,0,2,0,2,0,4,4,0,8,0,0,0,8
01/02/2021,SUX,IA,ACE,CE,Combined TRACON& Tower with Radar,0,3,4,0,7,0,0,0,0,0,0,3,4,0,7,0,0,0,7
01/03/2021,SUX,IA,ACE,CE,Combined TRACON& Tower with Radar,2,2,5,0,9,0,0,0,0,0,2,2,5,0,9,0,0,0,9
01/04/2021,SUX,IA,ACE,CE,Combined TRACON& Tower with Radar,0,6,14,0,20,0,1,13,0,14,0,7,27,0,34,0,0,0,34
01/05/2021,SUX,IA,ACE,CE,Combined TRACON& Tower with Radar,0,6,12,12,30,0,0,11,2,13,0,6,23,14,43,0,16,16,59
01/06/2021,SUX,IA,ACE,CE,Combined TRACON& Tower with Radar,0,2,4,2,8,0,0,1,0,1,0,2,5,2,9,0,0,0,9
01/07/2021,SUX,IA,ACE,CE,Combined TRACON& Tower with Radar,0,9,2,26,37,0,0,1,0,1,0,9,3,26,38,0,0,0,38
01/08/2021,SUX,IA,ACE,CE,Combined TRACON& Tower with Radar,0,6,2,29,37,0,0,0,0,0,0,6,2,29,37,0,0,0,37
01/09/2021,SUX,IA,ACE,CE,Combined TRACON& Tower with Radar,0,6,3,0,9,0,0,0,0,0,0,6,3,0,9,0,0,0,9
01/10/2021,SUX,IA,ACE,CE,Combined TRACON& Tower with Radar,0,7,9,8,24,0,0,5,0,5,0,7,14,8,29,8,0,8,37
01/11/2021,SUX,IA,ACE,CE,Combined TRACON& Tower with Radar,0,4,0,0,4,0,0,16,0,16,0,4,16,0,20,10,0,10,30
01/12/2021,SUX,IA,ACE,CE,Combined TRACON& Tower with Radar,0,2,2,17,21,0,0,24,1,25,0,2,26,18,46,24,0,24,70
01/13/2021,SUX,IA,ACE,CE,Combined TRACON& Tower with Radar,0,5,12,5,22,0,0,23,0,23,0,5,35,5,45,0,10,10,55
01/14/2021,SUX,IA,ACE,CE,Combined TRACON& Tower with Radar,0,4,4,0,8,0,0,2,0,2,0,4,6,0,10,0,0,0,10
01/15/2021,SUX,IA,ACE,CE,Combined TRACON& Tower with Radar,0,3,1,0,4,0,0,0,0,0,0,3,1,0,4,0,0,0,4
01/16/2021,SUX,IA,ACE,CE,Combined TRACON& Tower with Radar,0,5,9,2,16,0,0,0,0,0,0,5,9,2,16,0,0,0,16
01/17/2021,SUX,IA,ACE,CE,Combined TRACON& Tower with Radar,0,11,4,0,15,1,1,5,0,7,1,12,9,0,22,0,0,0,22
01/18/2021,SUX,IA,ACE,CE,Combined TRACON& Tower with Radar,0,5,12,5,22,0,0,12,1,13,0,5,24,6,35,0,0,0,35
01/19/2021,SUX,IA,ACE,CE,Combined TRACON& Tower with Radar,0,4,13,0,17,0,1,7,0,8,0,5,20,0,25,0,0,0,25
01/20/2021,SUX,IA,ACE,CE,Combined TRACON& Tower with Radar,0,2,17,6,25,0,0,15,0,15,0,2,32,6,40,10,0,10,50
01/21/2021,SUX,IA,ACE,CE,Combined TRACON& Tower with Radar,0,4,13,8,25,0,0,9,2,11,0,4,22,10,36,10,6,16,52
01/22/2021,SUX,IA,ACE,CE,Combined TRACON& Tower with Radar,0,7,13,3,23,0,1,10,0,11,0,8,23,3,34,6,2,8,42
01/23/2021,SUX,IA,ACE,CE,Combined TRACON& Tower with Radar,0,6,4,8,18,0,2,1,0,3,0,8,5,8,21,0,0,0,21
01/24/2021,SUX,IA,ACE,CE,Combined TRACON& Tower with Radar,0,4,2,0,6,0,2,2,0,4,0,6,4,0,10,0,0,0,10
01/25/2021,SUX,IA,ACE,CE,Combined TRACON& Tower with Radar,0,4,0,0,4,0,0,0,0,0,0,4,0,0,4,0,0,0,4
01/26/2021,SUX,IA,ACE,CE,Combined TRACON& Tower with Radar,0,2,12,0,14,0,0,6,0,6,0,2,18,0,20,0,0,0,20
01/27/2021,SUX,IA,ACE,CE,Combined TRACON& Tower with Radar,0,2,18,4,24,0,0,8,3,11,0,2,26,7,35,0,0,0,35
01/28/2021,SUX,IA,ACE,CE,Combined TRACON& Tower with Radar,0,7,7,2,16,0,0,0,0,0,0,7,7,2,16,0,0,0,16
01/29/2021,SUX,IA,ACE,CE,Combined TRACON& Tower with Radar,0,6,2,1,9,0,0,1,0,1,0,6,3,1,10,0,0,0,10
01/30/2021,SUX,IA,ACE,CE,Combined TRACON& Tower with Radar,0,4,4,0,8,0,3,5,0,8,0,7,9,0,16,0,0,0,16
01/31/2021,SUX,IA,ACE,CE,Combined TRACON& Tower with Radar,0,6,16,0,22,0,0,4,0,4,0,6,20,0,26,0,0,0,26
02/01/2021,SUX,IA,ACE,CE,Combined TRACON& Tower with Radar,0,4,2,0,6,0,0,0,0,0,0,4,2,0,6,0,0,0,6
02/02/2021,SUX,IA,ACE,CE,Combined TRACON& Tower with Radar,0,2,4,0,6,0,0,0,0,0,0,2,4,0,6,0,0,0,6
02/03/2021,SUX,IA,ACE,CE,Combined TRACON& Tower with Radar,0,7,13,12,32,0,0,15,0,15,0,7,28,12,47,2,18,20,67
02/04/2021,SUX,IA,ACE,CE,Combined TRACON& Tower with Radar,0,4,4,1,9,0,0,1,0,1,0,4,5,1,10,0,0,0,10
02/05/2021,SUX,IA,ACE,CE,Combined TRACON& Tower with Radar,0,6,7,19,32,0,0,10,0,10,0,6,17,19,42,0,2,2,44
02/06/2021,SUX,IA,ACE,CE,Combined TRACON& Tower with Radar,0,6,0,3,9,0,0,0,0,0,0,6,0,3,9,0,0,0,9
02/07/2021,SUX,IA,ACE,CE,Combined TRACON& Tower with Radar,0,3,2,0,5,0,0,0,0,0,0,3,2,0,5,0,0,0,5
02/08/2021,SUX,IA,ACE,CE,Combined TRACON& Tower with Radar,0,4,5,0,9,0,0,2,0,2,0,4,7,0,11,0,0,0,11
02/09/2021,SUX,IA,ACE,CE,Combined TRACON& Tower with Radar,0,4,8,18,30,0,2,2,0,4,0,6,10,18,34,0,10,10,44
02/10/2021,SUX,IA,ACE,CE,Combined TRACON& Tower with Radar,0,2,14,13,29,0,0,6,0,6,0,2,20,13,35,0,8,8,43
02/11/2021,SUX,IA,ACE,CE,Combined TRACON& Tower with Radar,0,8,16,6,30,0,0,0,0,0,0,8,16,6,30,0,0,0,30
02/12/2021,SUX,IA,ACE,CE,Combined TRACON& Tower with Radar,0,6,12,10,28,0,0,3,0,3,0,6,15,10,31,0,8,8,39
02/13/2021,SUX,IA,ACE,CE,Combined TRACON& Tower with Radar,0,7,5,0,12,0,0,1,0,1,0,7,6,0,13,0,0,0,13
02/14/2021,SUX,IA,ACE,CE,Combined TRACON& Tower with Radar,0,2,1,0,3,0,0,1,1,2,0,2,2,1,5,0,0,0,5
02/15/2021,SUX,IA,ACE,CE,Combined TRACON& Tower with Radar,0,5,6,1,12,0,2,5,0,7,0,7,11,1,19,2,0,2,21
02/16/2021,SUX,IA,ACE,CE,Combined TRACON& Tower with Radar,0,4,12,2,18,0,0,11,0,11,0,4,23,2,29,0,0,0,29
02/17/2021,SUX,IA,ACE,CE,Combined TRACON& Tower with Radar,0,5,6,20,31,0,2,0,0,2,0,7,6,20,33,0,16,16,49
02/18/2021,SUX,IA,ACE,CE,Combined TRACON& Tower with Radar,0,6,20,30,56,0,2,7,1,10,0,8,27,31,66,2,18,20,86
02/19/2021,SUX,IA,ACE,CE,Combined TRACON& Tower with Radar,0,9,5,22,36,0,0,12,0,12,0,9,17,22,48,8,0,8,56
02/20/2021,SUX,IA,ACE,CE,Combined TRACON& Tower with Radar,0,6,4,0,10,0,0,0,0,0,0,6,4,0,10,0,0,0,10
02/21/2021,SUX,IA,ACE,CE,Combined TRACON& Tower with Radar,0,6,1,0,7,0,0,0,0,0,0,6,1,0,7,0,0,0,7
02/22/2021,SUX,IA,ACE,CE,Combined TRACON& Tower with Radar,0,6,2,2,10,0,0,3,0,3,0,6,5,2,13,14,0,14,27
02/23/2021,SUX,IA,ACE,CE,Combined TRACON& Tower with Radar,0,6,7,29,42,0,3,6,0,9,0,9,13,29,51,3,6,9,60
02/24/2021,SUX,IA,ACE,CE,Combined TRACON& Tower with Radar,0,6,11,17,34,0,0,3,3,6,0,6,14,20,40,6,12,18,58
02/25/2021,SUX,IA,ACE,CE,Combined TRACON& Tower with Radar,0,6,16,29,51,0,0,15,2,17,0,6,31,31,68,23,45,68,136
02/26/2021,SUX,IA,ACE,CE,Combined TRACON& Tower with Radar,0,5,13,3,21,0,2,5,0,7,0,7,18,3,28,12,0,12,40
02/27/2021,SUX,IA,ACE,CE,Combined TRACON& Tower with Radar,0,6,6,0,12,0,2,12,0,14,0,8,18,0,26,12,0,12,38
02/28/2021,SUX,IA,ACE,CE,Combined TRACON& Tower with Radar,0,7,6,0,13,0,0,5,0,5,0,7,11,0,18,0,0,0,18
03/01/2021,SUX,IA,ACE,CE,Combined TRACON& Tower with Radar,0,5,10,0,15,0,0,13,2,15,0,5,23,2,30,0,0,0,30
03/02/2021,SUX,IA,ACE,CE,Combined TRACON& Tower with Radar,0,9,6,3,18,0,0,10,0,10,0,9,16,3,28,14,0,14,42
03/03/2021,SUX,IA,ACE,CE,Combined TRACON& Tower with Radar,0,5,9,5,19,0,0,18,1,19,0,5,27,6,38,22,0,22,60
03/04/2021,SUX,IA,ACE,CE,Combined TRACON& Tower with Radar,0,4,14,0,18,0,1,9,0,10,0,5,23,0,28,0,0,0,28
03/05/2021,SUX,IA,ACE,CE,Combined TRACON& Tower with Radar,0,6,11,4,21,0,2,13,1,16,0,8,24,5,37,8,0,8,45
03/06/2021,SUX,IA,ACE,CE,Combined TRACON& Tower with Radar,0,4,9,0,13,0,0,21,1,22,0,4,30,1,35,39,0,39,74
03/07/2021,SUX,IA,ACE,CE,Combined TRACON& Tower with Radar,0,6,7,0,13,0,1,9,0,10,0,7,16,0,23,1,0,1,24
03/08/2021,SUX,IA,ACE,CE,Combined TRACON& Tower with Radar,0,8,5,0,13,0,0,6,0,6,0,8,11,0,19,0,0,0,19
03/09/2021,SUX,IA,ACE,CE,Combined TRACON& Tower with Radar,0,7,8,6,21,0,2,9,0,11,0,9,17,6,32,0,0,0,32
03/10/2021,SUX,IA,ACE,CE,Combined TRACON& Tower with Radar,0,5,14,18,37,0,0,0,0,0,0,5,14,18,37,0,38,38,75
03/11/2021,SUX,IA,ACE,CE,Combined TRACON& Tower with Radar,0,4,15,4,23,0,1,9,1,11,0,5,24,5,34,4,10,14,48
03/12/2021,SUX,IA,ACE,CE,Combined TRACON& Tower with Radar,1,4,11,7,23,0,2,20,0,22,1,6,31,7,45,14,8,22,67
03/13/2021,SUX,IA,ACE,CE,Combined TRACON& Tower with Radar,1,2,13,0,16,0,0,19,0,19,1,2,32,0,35,2,0,2,37
03/14/2021,SUX,IA,ACE,CE,Combined TRACON& Tower with Radar,0,2,1,0,3,0,0,0,0,0,0,2,1,0,3,0,0,0,3
03/15/2021,SUX,IA,ACE,CE,Combined TRACON& Tower with Radar,0,8,4,2,14,0,0,0,0,0,0,8,4,2,14,0,0,0,14
03/16/2021,SUX,IA,ACE,CE,Combined TRACON& Tower with Radar,2,6,14,7,29,0,0,0,0,0,2,6,14,7,29,0,0,0,29
03/17/2021,SUX,IA,ACE,CE,Combined TRACON& Tower with Radar,1,7,7,6,21,0,0,1,0,1,1,7,8,6,22,0,0,0,22
03/18/2021,SUX,IA,ACE,CE,Combined TRACON& Tower with Radar,0,8,10,7,25,2,0,20,2,24,2,8,30,9,49,16,0,16,65
03/19/2021,SUX,IA,ACE,CE,Combined TRACON& Tower with Radar,0,6,10,4,20,0,0,15,4,19,0,6,25,8,39,8,0,8,47
03/20/2021,SUX,IA,ACE,CE,Combined TRACON& Tower with Radar,0,4,3,0,7,0,2,9,0,11,0,6,12,0,18,10,0,10,28
03/21/2021,SUX,IA,ACE,CE,Combined TRACON& Tower with Radar,0,4,3,0,7,0,2,3,0,5,0,6,6,0,12,0,0,0,12
03/22/2021,SUX,IA,ACE,CE,Combined TRACON& Tower with Radar,2,4,11,0,17,0,1,7,0,8,2,5,18,0,25,4,0,4,29
03/23/2021,SUX,IA,ACE,CE,Combined TRACON& Tower with Radar,2,10,8,8,28,0,0,1,0,1,2,10,9,8,29,0,0,0,29
03/24/2021,SUX,IA,ACE,CE,Combined TRACON& Tower with Radar,0,4,15,28,47,0,0,3,0,3,0,4,18,28,50,0,2,2,52
03/25/2021,SUX,IA,ACE,CE,Combined TRACON& Tower with Radar,0,6,21,14,41,0,3,15,2,20,0,9,36,16,61,11,36,47,108
03/26/2021,SUX,IA,ACE,CE,Combined TRACON& Tower with Radar,2,6,5,16,29,0,1,4,0,5,2,7,9,16,34,10,8,18,52
03/27/2021,SUX,IA,ACE,CE,Combined TRACON& Tower with Radar,0,6,11,6,23,0,0,5,0,5,0,6,16,6,28,0,2,2,30
03/28/2021,SUX,IA,ACE,CE,Combined TRACON& Tower with Radar,0,6,7,0,13,0,5,30,0,35,0,11,37,0,48,36,0,36,84
03/29/2021,SUX,IA,ACE,CE,Combined TRACON& Tower with Radar,0,6,12,2,20,0,0,10,0,10,0,6,22,2,30,0,0,0,30
03/30/2021,SUX,IA,ACE,CE,Combined TRACON& Tower with Radar,0,6,4,13,23,0,3,3,0,6,0,9,7,13,29,0,14,14,43
03/31/2021,SUX,IA,ACE,CE,Combined TRACON& Tower with Radar,0,6,12,19,37,0,1,10,0,11,0,7,22,19,48,0,28,28,76
04/01/2021,SUX,IA,ACE,CE,Combined TRACON& Tower with Radar,0,9,18,16,43,0,1,21,0,22,0,10,39,16,65,0,24,24,89
04/02/2021,SUX,IA,ACE,CE,Combined TRACON& Tower with Radar,0,10,2,3,15,0,0,13,1,14,0,10,15,4,29,2,0,2,31
04/03/2021,SUX,IA,ACE,CE,Combined TRACON& Tower with Radar,0,6,11,1,18,0,3,23,0,26,0,9,34,1,44,8,0,8,52
04/04/2021,SUX,IA,ACE,CE,Combined TRACON& Tower with Radar,0,10,5,0,15,0,0,11,0,11,0,10,16,0,26,0,0,0,26
04/05/2021,SUX,IA,ACE,CE,Combined TRACON& Tower with Radar,0,8,13,0,21,0,0,10,0,10,0,8,23,0,31,0,0,0,31
04/06/2021,SUX,IA,ACE,CE,Combined TRACON& Tower with Radar,0,6,14,18,38,0,2,8,0,10,0,8,22,18,48,8,16,24,72
04/07/2021,SUX,IA,ACE,CE,Combined TRACON& Tower with Radar,0,6,7,17,30,0,1,0,0,1,0,7,7,17,31,4,0,4,35
04/08/2021,SUX,IA,ACE,CE,Combined TRACON& Tower with Radar,0,7,10,5,22,0,0,0,0,0,0,7,10,5,22,0,0,0,22
04/09/2021,SUX,IA,ACE,CE,Combined TRACON& Tower with Radar,0,7,9,7,23,0,0,8,0,8,0,7,17,7,31,0,0,0,31
04/10/2021,SUX,IA,ACE,CE,Combined TRACON& Tower with Radar,0,4,4,0,8,0,0,11,0,11,0,4,15,0,19,0,0,0,19
04/11/2021,SUX,IA,ACE,CE,Combined TRACON& Tower with Radar,0,5,10,10,25,0,1,13,0,14,0,6,23,10,39,10,4,14,53
04/12/2021,SUX,IA,ACE,CE,Combined TRACON& Tower with Radar,0,6,17,7,30,0,2,16,0,18,0,8,33,7,48,0,0,0,48
04/13/2021,SUX,IA,ACE,CE,Combined TRACON& Tower with Radar,0,8,11,7,26,0,2,7,1,10,0,10,18,8,36,6,2,8,44
04/14/2021,SUX,IA,ACE,CE,Combined TRACON& Tower with Radar,2,10,8,17,37,0,2,36,0,38,2,12,44,17,75,0,10,10,85
04/15/2021,SUX,IA,ACE,CE,Combined TRACON& Tower with Radar,0,6,11,0,17,0,0,20,0,20,0,6,31,0,37,0,0,0,37
04/16/2021,SUX,IA,ACE,CE,Combined TRACON& Tower with Radar,1,8,11,11,31,0,1,22,0,23,1,9,33,11,54,32,16,48,102
04/17/2021,SUX,IA,ACE,CE,Combined TRACON& Tower with Radar,1,3,11,0,15,0,0,11,0,11,1,3,22,0,26,8,0,8,34
04/18/2021,SUX,IA,ACE,CE,Combined TRACON& Tower with Radar,0,8,11,1,20,0,2,21,0,23,0,10,32,1,43,4,0,4,47
04/19/2021,SUX,IA,ACE,CE,Combined TRACON& Tower with Radar,0,6,5,1,12,0,2,11,0,13,0,8,16,1,25,0,0,0,25
04/20/2021,SUX,IA,ACE,CE,Combined TRACON& Tower with Radar,0,6,12,22,40,0,0,17,2,19,0,6,29,24,59,18,12,30,89
04/21/2021,SUX,IA,ACE,CE,Combined TRACON& Tower with Radar,0,7,13,13,33,0,2,13,0,15,0,9,26,13,48,0,8,8,56
04/22/2021,SUX,IA,ACE,CE,Combined TRACON& Tower with Radar,0,13,8,3,24,0,3,11,0,14,0,16,19,3,38,8,0,8,46
04/23/2021,SUX,IA,ACE,CE,Combined TRACON& Tower with Radar,0,7,14,21,42,0,5,7,0,12,0,12,21,21,54,0,0,0,54
04/24/2021,SUX,IA,ACE,CE,Combined TRACON& Tower with Radar,0,5,7,2,14,6,2,25,0,33,6,7,32,2,47,0,0,0,47
04/25/2021,SUX,IA,ACE,CE,Combined TRACON& Tower with Radar,0,6,17,0,23,0,0,4,0,4,0,6,21,0,27,0,0,0,27
04/26/2021,SUX,IA,ACE,CE,Combined TRACON& Tower with Radar,0,6,10,7,23,0,0,11,1,12,0,6,21,8,35,0,4,4,39
04/27/2021,SUX,IA,ACE,CE,Combined TRACON& Tower with Radar,0,8,7,17,32,0,0,1,0,1,0,8,8,17,33,0,0,0,33
04/28/2021,SUX,IA,ACE,CE,Combined TRACON& Tower with Radar,0,6,22,8,36,0,2,14,0,16,0,8,36,8,52,2,16,18,70
04/29/2021,SUX,IA,ACE,CE,Combined TRACON& Tower with Radar,0,14,8,18,40,0,2,8,0,10,0,16,16,18,50,0,8,8,58
04/30/2021,SUX,IA,ACE,CE,Combined TRACON& Tower with Radar,0,5,19,21,45,0,0,20,0,20,0,5,39,21,65,16,14,30,95
05/01/2021,SUX,IA,ACE,CE,Combined TRACON& Tower with Radar,0,10,3,0,13,0,3,8,0,11,0,13,11,0,24,0,0,0,24
05/02/2021,SUX,IA,ACE,CE,Combined TRACON& Tower with Radar,0,12,7,2,21,0,0,7,0,7,0,12,14,2,28,0,0,0,28
05/03/2021,SUX,IA,ACE,CE,Combined TRACON& Tower with Radar,0,5,4,0,9,0,0,7,0,7,0,5,11,0,16,0,0,0,16
05/04/2021,SUX,IA,ACE,CE,Combined TRACON& Tower with Radar,0,6,9,0,15,0,2,16,0,18,0,8,25,0,33,0,0,0,33
05/05/2021,SUX,IA,ACE,CE,Combined TRACON& Tower with Radar,0,6,13,0,19,0,2,11,0,13,0,8,24,0,32,8,0,8,40
05/06/2021,SUX,IA,ACE,CE,Combined TRACON& Tower with Radar,0,12,8,0,20,1,5,6,0,12,1,17,14,0,32,0,0,0,32
05/07/2021,SUX,IA,ACE,CE,Combined TRACON& Tower with Radar,0,6,6,0,12,0,0,22,0,22,0,6,28,0,34,16,0,16,50
05/08/2021,SUX,IA,ACE,CE,Combined TRACON& Tower with Radar,0,5,2,0,7,0,0,0,0,0,0,5,2,0,7,0,0,0,7
05/09/2021,SUX,IA,ACE,CE,Combined TRACON& Tower with Radar,0,7,3,1,11,0,2,7,0,9,0,9,10,1,20,0,0,0,20
05/10/2021,SUX,IA,ACE,CE,Combined TRACON& Tower with Radar,0,6,7,7,20,0,5,15,0,20,0,11,22,7,40,16,12,28,68
05/11/2021,SUX,IA,ACE,CE,Combined TRACON& Tower with Radar,0,15,16,24,55,0,1,27,2,30,0,16,43,26,85,10,18,28,113
05/12/2021,SUX,IA,ACE,CE,Combined TRACON& Tower with Radar,0,7,24,27,58,0,2,8,1,11,0,9,32,28,69,0,0,0,69
05/13/2021,SUX,IA,ACE,CE,Combined TRACON& Tower with Radar,0,7,21,8,36,0,2,13,1,16,0,9,34,9,52,0,0,0,52
05/14/2021,SUX,IA,ACE,CE,Combined TRACON& Tower with Radar,0,6,11,5,22,0,1,3,0,4,0,7,14,5,26,0,24,24,50
05/15/2021,SUX,IA,ACE,CE,Combined TRACON& Tower with Radar,0,4,12,1,17,0,2,6,4,12,0,6,18,5,29,20,4,24,53
05/16/2021,SUX,IA,ACE,CE,Combined TRACON& Tower with Radar,0,8,12,1,21,0,1,7,0,8,0,9,19,1,29,0,0,0,29
05/17/2021,SUX,IA,ACE,CE,Combined TRACON& Tower with Radar,0,8,10,0,18,0,2,1,0,3,0,10,11,0,21,0,0,0,21
05/18/2021,SUX,IA,ACE,CE,Combined TRACON& Tower with Radar,0,4,12,21,37,0,0,1,0,1,0,4,13,21,38,0,14,14,52
05/19/2021,SUX,IA,ACE,CE,Combined TRACON& Tower with Radar,0,9,8,5,22,0,0,2,0,2,0,9,10,5,24,0,0,0,24
05/20/2021,SUX,IA,ACE,CE,Combined TRACON& Tower with Radar,0,11,9,36,56,0,0,2,0,2,0,11,11,36,58,0,12,12,70
05/21/2021,SUX,IA,ACE,CE,Combined TRACON& Tower with Radar,0,10,8,11,29,0,2,16,0,18,0,12,24,11,47,0,4,4,51
05/22/2021,SUX,IA,ACE,CE,Combined TRACON& Tower with Radar,0,4,11,1,16,0,1,4,0,5,0,5,15,1,21,6,0,6,27
05/23/2021,SUX,IA,ACE,CE,Combined TRACON& Tower with Radar,0,5,10,0,15,0,0,2,0,2,0,5,12,0,17,0,0,0,17
05/24/2021,SUX,IA,ACE,CE,Combined TRACON& Tower with Radar,0,8,11,0,19,0,0,8,0,8,0,8,19,0,27,0,0,0,27
05/25/2021,SUX,IA,ACE,CE,Combined TRACON& Tower with Radar,0,6,19,31,56,0,4,4,0,8,0,10,23,31,64,0,20,20,84
05/26/2021,SUX,IA,ACE,CE,Combined TRACON& Tower with Radar,0,14,24,18,56,0,0,23,0,23,0,14,47,18,79,4,0,4,83
05/27/2021,SUX,IA,ACE,CE,Combined TRACON& Tower with Radar,0,6,12,39,57,0,0,1,0,1,0,6,13,39,58,0,0,0,58
05/28/2021,SUX,IA,ACE,CE,Combined TRACON& Tower with Radar,0,9,11,26,46,0,1,19,0,20,0,10,30,26,66,0,0,0,66
05/29/2021,SUX,IA,ACE,CE,Combined TRACON& Tower with Radar,0,6,15,0,21,0,3,14,0,17,0,9,29,0,38,4,0,4,42
05/30/2021,SUX,IA,ACE,CE,Combined TRACON& Tower with Radar,0,6,4,0,10,0,2,6,0,8,0,8,10,0,18,2,0,2,20
05/31/2021,SUX,IA,ACE,CE,Combined TRACON& Tower with Radar,0,6,11,0,17,0,2,14,0,16,0,8,25,0,33,4,0,4,37
06/01/2021,SUX,IA,ACE,CE,Combined TRACON& Tower with Radar,0,6,9,8,23,0,2,11,0,13,0,8,20,8,36,16,0,16,52
06/02/2021,SUX,IA,ACE,CE,Combined TRACON& Tower with Radar,0,8,21,7,36,0,2,13,0,15,0,10,34,7,51,4,0,4,55
06/03/2021,SUX,IA,ACE,CE,Combined TRACON& Tower with Radar,0,9,23,1,33,0,3,17,0,20,0,12,40,1,53,4,0,4,57
06/04/2021,SUX,IA,ACE,CE,Combined TRACON& Tower with Radar,0,9,10,0,19,0,4,14,1,19,0,13,24,1,38,0,0,0,38
06/05/2021,SUX,IA,ACE,CE,Combined TRACON& Tower with Radar,0,4,4,1,9,0,3,19,0,22,0,7,23,1,31,0,0,0,31
06/06/2021,SUX,IA,ACE,CE,Combined TRACON& Tower with Radar,0,7,7,0,14,0,0,15,2,17,0,7,22,2,31,0,0,0,31
06/07/2021,SUX,IA,ACE,CE,Combined TRACON& Tower with Radar,0,11,9,0,20,0,0,12,0,12,0,11,21,0,32,0,0,0,32
06/08/2021,SUX,IA,ACE,CE,Combined TRACON& Tower with Radar,0,4,15,37,56,0,1,16,0,17,0,5,31,37,73,8,44,52,125
06/09/2021,SUX,IA,ACE,CE,Combined TRACON& Tower with Radar,0,18,11,12,41,0,1,18,0,19,0,19,29,12,60,23,2,25,85
06/10/2021,SUX,IA,ACE,CE,Combined TRACON& Tower with Radar,0,11,15,17,43,0,3,13,0,16,0,14,28,17,59,10,14,24,83
06/11/2021,SUX,IA,ACE,CE,Combined TRACON& Tower with Radar,0,12,10,17,39,6,1,10,0,17,6,13,20,17,56,16,26,42,98
06/12/2021,SUX,IA,ACE,CE,Combined TRACON& Tower with Radar,0,3,12,0,15,0,4,35,0,39,0,7,47,0,54,8,0,8,62
06/13/2021,SUX,IA,ACE,CE,Combined TRACON& Tower with Radar,0,11,8,0,19,0,4,24,0,28,0,15,32,0,47,0,0,0,47
06/14/2021,SUX,IA,ACE,CE,Combined TRACON& Tower with Radar,0,8,17,0,25,0,1,21,0,22,0,9,38,0,47,2,0,2,49
06/15/2021,SUX,IA,ACE,CE,Combined TRACON& Tower with Radar,0,6,15,17,38,0,0,12,2,14,0,6,27,19,52,27,10,37,89
06/16/2021,SUX,IA,ACE,CE,Combined TRACON& Tower with Radar,0,9,14,19,42,0,0,18,3,21,0,9,32,22,63,29,14,43,106
06/17/2021,SUX,IA,ACE,CE,Combined TRACON& Tower with Radar,0,11,13,12,36,0,4,24,7,35,0,15,37,19,71,26,10,36,107
06/18/2021,SUX,IA,ACE,CE,Combined TRACON& Tower with Radar,0,10,21,0,31,0,3,27,3,33,0,13,48,3,64,16,0,16,80
06/19/2021,SUX,IA,ACE,CE,Combined TRACON& Tower with Radar,0,7,4,0,11,0,4,20,0,24,0,11,24,0,35,22,0,22,57
06/20/2021,SUX,IA,ACE,CE,Combined TRACON& Tower with Radar,0,6,2,0,8,0,1,7,0,8,0,7,9,0,16,0,0,0,16
06/21/2021,SUX,IA,ACE,CE,Combined TRACON& Tower with Radar,0,8,16,0,24,0,2,8,1,11,0,10,24,1,35,2,0,2,37
06/22/2021,SUX,IA,ACE,CE,Combined TRACON& Tower with Radar,0,4,14,14,32,0,0,13,0,13,0,4,27,14,45,16,0,16,61
06/23/2021,SUX,IA,ACE,CE,Combined TRACON& Tower with Radar,0,6,14,0,20,0,3,16,1,20,0,9,30,1,40,6,0,6,46
06/24/2021,SUX,IA,ACE,CE,Combined TRACON& Tower with Radar,0,6,21,23,50,0,0,12,7,19,0,6,33,30,69,6,36,42,111
06/25/2021,SUX,IA,ACE,CE,Combined TRACON& Tower with Radar,0,6,13,6,25,0,2,10,0,12,0,8,23,6,37,8,22,30,67
06/26/2021,SUX,IA,ACE,CE,Combined TRACON& Tower with Radar,0,6,9,0,15,0,1,13,0,14,0,7,22,0,29,12,0,12,41
06/27/2021,SUX,IA,ACE,CE,Combined TRACON& Tower with Radar,0,7,13,0,20,0,4,21,0,25,0,11,34,0,45,14,0,14,59
06/28/2021,SUX,IA,ACE,CE,Combined TRACON& Tower with Radar,0,8,7,5,20,0,0,8,2,10,0,8,15,7,30,0,0,0,30
06/29/2021,SUX,IA,ACE,CE,Combined TRACON& Tower with Radar,0,7,6,36,49,0,1,23,4,28,0,8,29,40,77,0,32,32,109
06/30/2021,SUX,IA,ACE,CE,Combined TRACON& Tower with Radar,0,9,11,31,51,0,1,41,0,42,0,10,52,31,93,24,14,38,131
07/01/2021,SUX,IA,ACE,CE,Combined TRACON& Tower with Radar,0,16,7,18,41,0,4,12,6,22,0,20,19,24,63,12,20,32,95
07/02/2021,SUX,IA,ACE,CE,Combined TRACON& Tower with Radar,0,6,5,0,11,1,1,14,0,16,1,7,19,0,27,6,0,6,33
07/03/2021,SUX,IA,ACE,CE,Combined TRACON& Tower with Radar,0,6,9,0,15,0,3,32,0,35,0,9,41,0,50,42,0,42,92
07/04/2021,SUX,IA,ACE,CE,Combined TRACON& Tower with Radar,0,6,4,0,10,0,2,19,0,21,0,8,23,0,31,0,0,0,31
07/05/2021,SUX,IA,ACE,CE,Combined TRACON& Tower with Radar,0,9,7,0,16,0,0,18,0,18,0,9,25,0,34,10,0,10,44
07/06/2021,SUX,IA,ACE,CE,Combined TRACON& Tower with Radar,0,10,6,0,16,0,0,11,0,11,0,10,17,0,27,0,0,0,27
07/07/2021,SUX,IA,ACE,CE,Combined TRACON& Tower with Radar,0,7,13,16,36,0,0,10,0,10,0,7,23,16,46,12,0,12,58
07/08/2021,SUX,IA,ACE,CE,Combined TRACON& Tower with Radar,0,6,14,4,24,0,1,9,0,10,0,7,23,4,34,4,2,6,40
07/09/2021,SUX,IA,ACE,CE,Combined TRACON& Tower with Radar,0,6,10,12,28,0,1,11,0,12,0,7,21,12,40,17,0,17,57
07/10/2021,SUX,IA,ACE,CE,Combined TRACON& Tower with Radar,0,4,11,0,15,0,1,1,0,2,0,5,12,0,17,0,0,0,17
07/11/2021,SUX,IA,ACE,CE,Combined TRACON& Tower with Radar,0,6,15,3,24,0,1,12,0,13,0,7,27,3,37,12,0,12,49
07/12/2021,SUX,IA,ACE,CE,Combined TRACON& Tower with Radar,0,9,17,8,34,0,6,8,0,14,0,15,25,8,48,6,4,10,58
07/13/2021,SUX,IA,ACE,CE,Combined TRACON& Tower with Radar,0,6,14,24,44,0,1,24,0,25,0,7,38,24,69,18,16,34,103
07/14/2021,SUX,IA,ACE,CE,Combined TRACON& Tower with Radar,0,12,11,4,27,0,0,6,0,6,0,12,17,4,33,0,0,0,33
07/15/2021,SUX,IA,ACE,CE,Combined TRACON& Tower with Radar,0,14,20,14,48,0,0,6,0,6,0,14,26,14,54,32,8,40,94
07/16/2021,SUX,IA,ACE,CE,Combined TRACON& Tower with Radar,0,6,11,3,20,0,0,7,0,7,0,6,18,3,27,18,0,18,45
07/17/2021,SUX,IA,ACE,CE,Combined TRACON& Tower with Radar,0,6,10,4,20,0,0,15,1,16,0,6,25,5,36,6,0,6,42
07/18/2021,SUX,IA,ACE,CE,Combined TRACON& Tower with Radar,0,8,12,0,20,0,2,4,0,6,0,10,16,0,26,8,0,8,34
07/19/2021,SUX,IA,ACE,CE,Combined TRACON& Tower with Radar,0,10,26,13,49,0,1,28,0,29,0,11,54,13,78,6,0,6,84
07/20/2021,SUX,IA,ACE,CE,Combined TRACON& Tower with Radar,0,8,27,1,36,0,0,18,0,18,0,8,45,1,54,16,0,16,70
07/21/2021,SUX,IA,ACE,CE,Combined TRACON& Tower with Radar,0,8,25,10,43,0,3,28,0,31,0,11,53,10,74,0,0,0,74
07/22/2021,SUX,IA,ACE,CE,Combined TRACON& Tower with Radar,0,6,23,5,34,0,0,21,0,21,0,6,44,5,55,6,4,10,65
07/23/2021,SUX,IA,ACE,CE,Combined TRACON& Tower with Radar,2,8,9,17,36,0,0,18,1,19,2,8,27,18,55,0,14,14,69
07/24/2021,SUX,IA,ACE,CE,Combined TRACON& Tower with Radar,0,6,9,8,23,0,2,14,6,22,0,8,23,14,45,40,46,86,131
07/25/2021,SUX,IA,ACE,CE,Combined TRACON& Tower with Radar,0,8,10,1,19,0,7,39,0,46,0,15,49,1,65,8,0,8,73
07/26/2021,SUX,IA,ACE,CE,Combined TRACON& Tower with Radar,0,6,10,0,16,0,0,19,0,19,0,6,29,0,35,6,0,6,41
07/27/2021,SUX,IA,ACE,CE,Combined TRACON& Tower with Radar,0,4,15,9,28,0,0,13,0,13,0,4,28,9,41,20,6,26,67
07/28/2021,SUX,IA,ACE,CE,Combined TRACON& Tower with Radar,0,9,12,37,58,0,0,6,2,8,0,9,18,39,66,2,26,28,94
07/29/2021,SUX,IA,ACE,CE,Combined TRACON& Tower with Radar,0,7,14,20,41,0,4,18,0,22,0,11,32,20,63,38,16,54,117
07/30/2021,SUX,IA,ACE,CE,Combined TRACON& Tower with Radar,0,8,16,6,30,0,0,7,3,10,0,8,23,9,40,0,22,22,62
07/31/2021,SUX,IA,ACE,CE,Combined TRACON& Tower with Radar,0,5,11,0,16,0,2,11,0,13,0,7,22,0,29,0,0,0,29
08/01/2021,SUX,IA,ACE,CE,Combined TRACON& Tower with Radar,0,7,8,0,15,0,2,19,2,23,0,9,27,2,38,0,0,0,38
08/02/2021,SUX,IA,ACE,CE,Combined TRACON& Tower with Radar,0,15,19,0,34,0,4,40,0,44,0,19,59,0,78,15,0,15,93
08/03/2021,SUX,IA,ACE,CE,Combined TRACON& Tower with Radar,0,9,15,9,33,0,1,19,0,20,0,10,34,9,53,6,14,20,73
08/04/2021,SUX,IA,ACE,CE,Combined TRACON& Tower with Radar,0,7,12,6,25,0,1,21,0,22,0,8,33,6,47,18,12,30,77
08/05/2021,SUX,IA,ACE,CE,Combined TRACON& Tower with Radar,1,7,23,10,41,0,4,25,0,29,1,11,48,10,70,2,6,8,78
08/06/2021,SUX,IA,ACE,CE,Combined TRACON& Tower with Radar,0,6,13,10,29,0,4,19,0,23,0,10,32,10,52,2,16,18,70
08/07/2021,SUX,IA,ACE,CE,Combined TRACON& Tower with Radar,0,11,5,1,17,0,6,15,0,21,0,17,20,1,38,0,0,0,38
08/08/2021,SUX,IA,ACE,CE,Combined TRACON& Tower with Radar,0,11,8,3,22,0,2,15,0,17,0,13,23,3,39,0,0,0,39
08/09/2021,SUX,IA,ACE,CE,Combined TRACON& Tower with Radar,0,8,15,5,28,0,2,9,5,16,0,10,24,10,44,0,16,16,60
08/10/2021,SUX,IA,ACE,CE,Combined TRACON& Tower with Radar,0,6,14,27,47,0,2,10,1,13,0,8,24,28,60,6,42,48,108
08/11/2021,SUX,IA,ACE,CE,Combined TRACON& Tower with Radar,0,5,6,8,19,0,1,16,2,19,0,6,22,10,38,6,6,12,50
08/12/2021,SUX,IA,ACE,CE,Combined TRACON& Tower with Radar,0,10,18,11,39,0,2,14,0,16,0,12,32,11,55,4,0,4,59
08/13/2021,SUX,IA,ACE,CE,Combined TRACON& Tower with Radar,0,10,10,2,22,0,4,21,0,25,0,14,31,2,47,8,0,8,55
08/14/2021,SUX,IA,ACE,CE,Combined TRACON& Tower with Radar,0,6,8,0,14,0,1,19,0,20,0,7,27,0,34,16,0,16,50
08/15/2021,SUX,IA,ACE,CE,Combined TRACON& Tower with Radar,0,5,5,0,10,0,1,14,0,15,0,6,19,0,25,6,0,6,31
08/16/2021,SUX,IA,ACE,CE,Combined TRACON& Tower with Radar,0,9,11,1,21,0,0,22,2,24,0,9,33,3,45,0,0,0,45
08/17/2021,SUX,IA,ACE,CE,Combined TRACON& Tower with Radar,0,6,24,0,30,0,0,7,1,8,0,6,31,1,38,12,0,12,50
08/18/2021,SUX,IA,ACE,CE,Combined TRACON& Tower with Radar,0,14,10,10,34,0,2,5,0,7,0,16,15,10,41,14,0,14,55
08/19/2021,SUX,IA,ACE,CE,Combined TRACON& Tower with Radar,0,8,12,5,25,0,3,4,0,7,0,11,16,5,32,0,0,0,32
08/20/2021,SUX,IA,ACE,CE,Combined TRACON& Tower with Radar,0,5,17,6,28,0,2,4,0,6,0,7,21,6,34,0,0,0,34
08/21/2021,SUX,IA,ACE,CE,Combined TRACON& Tower with Radar,0,4,9,0,13,0,0,12,0,12,0,4,21,0,25,0,0,0,25
08/22/2021,SUX,IA,ACE,CE,Combined TRACON& Tower with Radar,0,7,13,0,20,0,6,26,0,32,0,13,39,0,52,6,0,6,58
08/23/2021,SUX,IA,ACE,CE,Combined TRACON& Tower with Radar,0,12,18,1,31,0,0,7,0,7,0,12,25,1,38,2,0,2,40
08/24/2021,SUX,IA,ACE,CE,Combined TRACON& Tower with Radar,0,10,13,15,38,0,4,6,0,10,0,14,19,15,48,20,10,30,78
08/25/2021,SUX,IA,ACE,CE,Combined TRACON& Tower with Radar,0,6,15,2,23,0,4,7,0,11,0,10,22,2,34,0,0,0,34
08/26/2021,SUX,IA,ACE,CE,Combined TRACON& Tower with Radar,0,10,13,4,27,0,1,2,0,3,0,11,15,4,30,10,2,12,42
08/27/2021,SUX,IA,ACE,CE,Combined TRACON& Tower with Radar,0,6,22,4,32,0,0,12,0,12,0,6,34,4,44,16,2,18,62
08/28/2021,SUX,IA,ACE,CE,Combined TRACON& Tower with Radar,0,5,15,0,20,0,0,3,0,3,0,5,18,0,23,0,0,0,23
08/29/2021,SUX,IA,ACE,CE,Combined TRACON& Tower with Radar,0,8,15,0,23,0,0,18,0,18,0,8,33,0,41,4,0,4,45
08/30/2021,SUX,IA,ACE,CE,Combined TRACON& Tower with Radar,0,6,9,0,15,0,0,21,0,21,0,6,30,0,36,12,0,12,48
08/31/2021,SUX,IA,ACE,CE,Combined TRACON& Tower with Radar,0,8,9,26,43,0,0,4,1,5,0,8,13,27,48,2,18,20,68
09/01/2021,SUX,IA,ACE,CE,Combined TRACON& Tower with Radar,0,9,12,15,36,0,1,19,0,20,0,10,31,15,56,0,16,16,72
09/02/2021,SUX,IA,ACE,CE,Combined TRACON& Tower with Radar,0,9,9,7,25,0,0,6,0,6,0,9,15,7,31,12,0,12,43
09/03/2021,SUX,IA,ACE,CE,Combined TRACON& Tower with Radar,0,7,18,8,33,0,0,1,0,1,0,7,19,8,34,0,0,0,34
09/04/2021,SUX,IA,ACE,CE,Combined TRACON& Tower with Radar,0,6,6,0,12,0,0,10,0,10,0,6,16,0,22,4,0,4,26
09/05/2021,SUX,IA,ACE,CE,Combined TRACON& Tower with Radar,0,5,2,0,7,0,0,6,0,6,0,5,8,0,13,6,0,6,19
09/06/2021,SUX,IA,ACE,CE,Combined TRACON& Tower with Radar,0,6,10,0,16,0,4,21,0,25,0,10,31,0,41,10,0,10,51
09/07/2021,SUX,IA,ACE,CE,Combined TRACON& Tower with Radar,0,9,9,18,36,0,4,3,0,7,0,13,12,18,43,24,4,28,71
09/08/2021,SUX,IA,ACE,CE,Combined TRACON& Tower with Radar,0,5,20,18,43,0,3,25,0,28,0,8,45,18,71,2,16,18,89
09/09/2021,SUX,IA,ACE,CE,Combined TRACON& Tower with Radar,0,11,17,5,33,0,2,24,0,26,0,13,41,5,59,6,6,12,71
09/10/2021,SUX,IA,ACE,CE,Combined TRACON& Tower with Radar,0,11,15,10,36,0,4,39,0,43,0,15,54,10,79,60,8,68,147
09/11/2021,SUX,IA,ACE,CE,Combined TRACON& Tower with Radar,0,8,7,0,15,0,3,15,0,18,0,11,22,0,33,2,0,2,35
09/12/2021,SUX,IA,ACE,CE,Combined TRACON& Tower with Radar,0,7,11,0,18,0,0,9,0,9,0,7,20,0,27,0,0,0,27
09/13/2021,SUX,IA,ACE,CE,Combined TRACON& Tower with Radar,0,7,9,0,16,0,5,13,0,18,0,12,22,0,34,30,0,30,64
09/14/2021,SUX,IA,ACE,CE,Combined TRACON& Tower with Radar,0,5,16,17,38,0,1,16,3,20,0,6,32,20,58,16,20,36,94
09/15/2021,SUX,IA,ACE,CE,Combined TRACON& Tower with Radar,0,8,25,20,53,0,1,10,4,15,0,9,35,24,68,48,12,60,128
09/16/2021,SUX,IA,ACE,CE,Combined TRACON& Tower with Radar,0,6,19,6,31,0,1,6,0,7,0,7,25,6,38,0,0,0,38
09/17/2021,SUX,IA,ACE,CE,Combined TRACON& Tower with Radar,0,7,24,18,49,0,3,10,5,18,0,10,34,23,67,0,24,24,91
09/18/2021,SUX,IA,ACE,CE,Combined TRACON& Tower with Radar,0,4,15,2,21,0,2,20,3,25,0,6,35,5,46,20,0,20,66
09/19/2021,SUX,IA,ACE,CE,Combined TRACON& Tower with Radar,0,7,9,0,16,0,3,17,0,20,0,10,26,0,36,2,0,2,38
09/20/2021,SUX,IA,ACE,CE,Combined TRACON& Tower with Radar,0,12,7,5,24,0,1,4,0,5,0,13,11,5,29,0,0,0,29
09/21/2021,SUX,IA,ACE,CE,Combined TRACON& Tower with Radar,0,12,15,11,38,0,1,5,0,6,0,13,20,11,44,8,2,10,54
09/22/2021,SUX,IA,ACE,CE,Combined TRACON& Tower with Radar,0,8,22,1,31,0,2,21,0,23,0,10,43,1,54,30,0,30,84
09/23/2021,SUX,IA,ACE,CE,Combined TRACON& Tower with Radar,0,7,13,1,21,0,0,15,0,15,0,7,28,1,36,24,0,24,60
09/24/2021,SUX,IA,ACE,CE,Combined TRACON& Tower with Radar,0,10,6,0,16,6,6,13,0,25,6,16,19,0,41,0,0,0,41
09/25/2021,SUX,IA,ACE,CE,Combined TRACON& Tower with Radar,0,4,3,0,7,11,2,13,0,26,11,6,16,0,33,0,0,0,33
09/26/2021,SUX,IA,ACE,CE,Combined TRACON& Tower with Radar,0,11,7,0,18,0,3,13,0,16,0,14,20,0,34,0,0,0,34
09/27/2021,SUX,IA,ACE,CE,Combined TRACON& Tower with Radar,0,9,6,2,17,0,2,10,0,12,0,11,16,2,29,20,0,20,49
09/28/2021,SUX,IA,ACE,CE,Combined TRACON& Tower with Radar,0,6,10,0,16,0,1,6,0,7,0,7,16,0,23,42,0,42,65
09/29/2021,SUX,IA,ACE,CE,Combined TRACON& Tower with Radar,0,5,20,2,27,0,1,11,0,12,0,6,31,2,39,0,0,0,39
09/30/2021,SUX,IA,ACE,CE,Combined TRACON& Tower with Radar,0,9,11,0,20,0,0,0,0,0,0,9,11,0,20,0,0,0,20
10/01/2021,SUX,IA,ACE,CE,Combined TRACON& Tower with Radar,2,7,9,11,29,0,0,3,0,3,2,7,12,11,32,0,0,0,32
10/02/2021,SUX,IA,ACE,CE,Combined TRACON& Tower with Radar,2,5,9,0,16,0,0,0,0,0,2,5,9,0,16,0,0,0,16
10/03/2021,SUX,IA,ACE,CE,Combined TRACON& Tower with Radar,0,5,11,0,16,0,2,34,0,36,0,7,45,0,52,2,0,2,54
10/04/2021,SUX,IA,ACE,CE,Combined TRACON& Tower with Radar,0,5,17,0,22,0,0,15,0,15,0,5,32,0,37,10,0,10,47
10/05/2021,SUX,IA,ACE,CE,Combined TRACON& Tower with Radar,0,5,8,22,35,0,3,13,0,16,0,8,21,22,51,2,14,16,67
10/06/2021,SUX,IA,ACE,CE,Combined TRACON& Tower with Radar,0,5,21,17,43,0,2,21,0,23,0,7,42,17,66,20,2,22,88
10/07/2021,SUX,IA,ACE,CE,Combined TRACON& Tower with Radar,0,5,16,33,54,1,0,4,0,5,1,5,20,33,59,32,6,38,97
10/08/2021,SUX,IA,ACE,CE,Combined TRACON& Tower with Radar,0,5,15,8,28,0,0,21,1,22,0,5,36,9,50,10,4,14,64
10/09/2021,SUX,IA,ACE,CE,Combined TRACON& Tower with Radar,3,6,8,0,17,0,2,4,0,6,3,8,12,0,23,14,0,14,37
10/10/2021,SUX,IA,ACE,CE,Combined TRACON& Tower with Radar,0,6,6,1,13,0,1,4,0,5,0,7,10,1,18,0,0,0,18
10/11/2021,SUX,IA,ACE,CE,Combined TRACON& Tower with Radar,0,5,12,0,17,0,1,22,0,23,0,6,34,0,40,4,0,4,44
10/12/2021,SUX,IA,ACE,CE,Combined TRACON& Tower with Radar,0,5,24,11,40,0,3,20,0,23,0,8,44,11,63,10,8,18,81
10/13/2021,SUX,IA,ACE,CE,Combined TRACON& Tower with Radar,0,13,6,8,27,0,0,1,0,1,0,13,7,8,28,0,0,0,28
10/14/2021,SUX,IA,ACE,CE,Combined TRACON& Tower with Radar,0,10,18,32,60,0,0,11,44,55,0,10,29,76,115,4,18,22,137
10/15/2021,SUX,IA,ACE,CE,Combined TRACON& Tower with Radar,0,8,17,13,38,0,2,14,4,20,0,10,31,17,58,0,10,10,68
10/16/2021,SUX,IA,ACE,CE,Combined TRACON& Tower with Radar,0,7,13,0,20,0,3,20,2,25,0,10,33,2,45,12,0,12,57
10/17/2021,SUX,IA,ACE,CE,Combined TRACON& Tower with Radar,0,13,16,7,36,0,2,23,0,25,0,15,39,7,61,6,4,10,71
10/18/2021,SUX,IA,ACE,CE,Combined TRACON& Tower with Radar,0,5,9,1,15,0,2,10,1,13,0,7,19,2,28,0,0,0,28
10/19/2021,SUX,IA,ACE,CE,Combined TRACON& Tower with Radar,0,8,11,0,19,0,0,11,1,12,0,8,22,1,31,0,0,0,31
10/20/2021,SUX,IA,ACE,CE,Combined TRACON& Tower with Radar,0,12,17,18,47,0,0,0,0,0,0,12,17,18,47,0,0,0,47
10/21/2021,SUX,IA,ACE,CE,Combined TRACON& Tower with Radar,0,7,25,2,34,0,0,2,0,2,0,7,27,2,36,0,0,0,36
10/22/2021,SUX,IA,ACE,CE,Combined TRACON& Tower with Radar,1,8,11,0,20,0,2,8,0,10,1,10,19,0,30,12,0,12,42
10/23/2021,SUX,IA,ACE,CE,Combined TRACON& Tower with Radar,1,9,6,0,16,0,0,7,0,7,1,9,13,0,23,4,0,4,27
10/24/2021,SUX,IA,ACE,CE,Combined TRACON& Tower with Radar,0,11,11,0,22,0,0,0,0,0,0,11,11,0,22,0,0,0,22
10/25/2021,SUX,IA,ACE,CE,Combined TRACON& Tower with Radar,0,5,16,0,21,7,6,6,0,19,7,11,22,0,40,14,0,14,54
10/26/2021,SUX,IA,ACE,CE,Combined TRACON& Tower with Radar,0,5,6,10,21,0,2,7,0,9,0,7,13,10,30,0,4,4,34
10/27/2021,SUX,IA,ACE,CE,Combined TRACON& Tower with Radar,0,7,14,5,26,0,0,0,0,0,0,7,14,5,26,0,0,0,26
10/28/2021,SUX,IA,ACE,CE,Combined TRACON& Tower with Radar,0,11,13,34,58,1,2,3,0,6,1,13,16,34,64,0,22,22,86
10/29/2021,SUX,IA,ACE,CE,Combined TRACON& Tower with Radar,0,5,11,14,30,0,3,14,0,17,0,8,25,14,47,42,6,48,95
10/30/2021,SUX,IA,ACE,CE,Combined TRACON& Tower with Radar,0,5,9,1,15,0,4,15,0,19,0,9,24,1,34,2,0,2,36
10/31/2021,SUX,IA,ACE,CE,Combined TRACON& Tower with Radar,0,6,7,0,13,0,2,8,0,10,0,8,15,0,23,6,0,6,29
11/01/2021,SUX,IA,ACE,CE,Combined TRACON& Tower with Radar,0,5,6,0,11,0,2,2,0,4,0,7,8,0,15,0,0,0,15
11/02/2021,SUX,IA,ACE,CE,Combined TRACON& Tower with Radar,0,3,12,7,22,0,3,9,0,12,0,6,21,7,34,4,0,4,38
11/03/2021,SUX,IA,ACE,CE,Combined TRACON& Tower with Radar,0,9,17,21,47,0,1,7,0,8,0,10,24,21,55,0,18,18,73
11/04/2021,SUX,IA,ACE,CE,Combined TRACON& Tower with Radar,0,3,16,10,29,0,0,0,1,1,0,3,16,11,30,0,0,0,30
11/05/2021,SUX,IA,ACE,CE,Combined TRACON& Tower with Radar,0,10,16,4,30,0,1,7,0,8,0,11,23,4,38,2,0,2,40
11/06/2021,SUX,IA,ACE,CE,Combined TRACON& Tower with Radar,0,3,15,11,29,0,1,20,0,21,0,4,35,11,50,24,0,24,74
11/07/2021,SUX,IA,ACE,CE,Combined TRACON& Tower with Radar,0,5,11,0,16,0,2,11,0,13,0,7,22,0,29,6,0,6,35
11/08/2021,SUX,IA,ACE,CE,Combined TRACON& Tower with Radar,0,5,12,0,17,0,2,2,0,4,0,7,14,0,21,0,4,4,25
11/09/2021,SUX,IA,ACE,CE,Combined TRACON& Tower with Radar,0,7,17,19,43,0,3,8,3,14,0,10,25,22,57,0,30,30,87
11/10/2021,SUX,IA,ACE,CE,Combined TRACON& Tower with Radar,0,6,9,10,25,0,1,2,0,3,0,7,11,10,28,0,0,0,28
11/11/2021,SUX,IA,ACE,CE,Combined TRACON& Tower with Radar,0,4,19,7,30,0,1,3,1,5,0,5,22,8,35,0,2,2,37
11/12/2021,SUX,IA,ACE,CE,Combined TRACON& Tower with Radar,0,5,7,2,14,0,0,2,0,2,0,5,9,2,16,0,4,4,20
11/13/2021,SUX,IA,ACE,CE,Combined TRACON& Tower with Radar,0,5,3,0,8,0,0,4,0,4,0,5,7,0,12,0,0,0,12
11/14/2021,SUX,IA,ACE,CE,Combined TRACON& Tower with Radar,0,7,9,1,17,0,4,15,0,19,0,11,24,1,36,14,0,14,50
11/15/2021,SUX,IA,ACE,CE,Combined TRACON& Tower with Radar,0,7,14,0,21,0,3,12,0,15,0,10,26,0,36,0,0,0,36
11/16/2021,SUX,IA,ACE,CE,Combined TRACON& Tower with Radar,0,5,10,9,24,0,1,3,1,5,0,6,13,10,29,0,0,0,29
11/17/2021,SUX,IA,ACE,CE,Combined TRACON& Tower with Radar,0,4,8,16,28,0,3,1,0,4,0,7,9,16,32,0,20,20,52
11/18/2021,SUX,IA,ACE,CE,Combined TRACON& Tower with Radar,0,6,16,17,39,0,2,20,0,22,0,8,36,17,61,16,14,30,91
11/19/2021,SUX,IA,ACE,CE,Combined TRACON& Tower with Radar,2,5,11,6,24,0,3,17,1,21,2,8,28,7,45,0,0,0,45
11/20/2021,SUX,IA,ACE,CE,Combined TRACON& Tower with Radar,2,3,14,1,20,0,3,9,6,18,2,6,23,7,38,30,0,30,68
11/21/2021,SUX,IA,ACE,CE,Combined TRACON& Tower with Radar,0,5,9,0,14,0,0,5,0,5,0,5,14,0,19,0,0,0,19
11/22/2021,SUX,IA,ACE,CE,Combined TRACON& Tower with Radar,0,5,9,0,14,0,1,20,0,21,0,6,29,0,35,18,0,18,53
11/23/2021,SUX,IA,ACE,CE,Combined TRACON& Tower with Radar,0,5,15,11,31,0,4,16,0,20,0,9,31,11,51,0,12,12,63
11/24/2021,SUX,IA,ACE,CE,Combined TRACON& Tower with Radar,0,6,15,40,61,0,4,17,0,21,0,10,32,40,82,0,20,20,102
11/25/2021,SUX,IA,ACE,CE,Combined TRACON& Tower with Radar,0,3,5,1,9,0,0,6,1,7,0,3,11,2,16,0,0,0,16
11/26/2021,SUX,IA,ACE,CE,Combined TRACON& Tower with Radar,2,0,4,0,6,0,0,10,0,10,2,0,14,0,16,26,0,26,42
11/27/2021,SUX,IA,ACE,CE,Combined TRACON& Tower with Radar,1,7,13,0,21,0,0,17,0,17,1,7,30,0,38,0,0,0,38
11/28/2021,SUX,IA,ACE,CE,Combined TRACON& Tower with Radar,0,7,11,0,18,0,0,8,0,8,0,7,19,0,26,22,0,22,48
11/29/2021,SUX,IA,ACE,CE,Combined TRACON& Tower with Radar,0,3,16,0,19,4,0,12,0,16,4,3,28,0,35,18,0,18,53
11/30/2021,SUX,IA,ACE,CE,Combined TRACON& Tower with Radar,0,3,11,21,35,0,3,5,0,8,0,6,16,21,43,4,10,14,57
12/01/2021,SUX,IA,ACE,CE,Combined TRACON& Tower with Radar,0,5,14,43,62,0,1,13,4,18,0,6,27,47,80,2,38,40,120
12/02/2021,SUX,IA,ACE,CE,Combined TRACON& Tower with Radar,0,5,19,16,40,0,0,28,2,30,0,5,47,18,70,10,20,30,100
12/03/2021,SUX,IA,ACE,CE,Combined TRACON& Tower with Radar,0,3,10,14,27,0,0,17,0,17,0,3,27,14,44,0,26,26,70
12/04/2021,SUX,IA,ACE,CE,Combined TRACON& Tower with Radar,0,3,21,7,31,0,2,17,3,22,0,5,38,10,53,2,8,10,63
12/05/2021,SUX,IA,ACE,CE,Combined TRACON& Tower with Radar,0,3,9,3,15,0,1,10,3,14,0,4,19,6,29,0,8,8,37
12/06/2021,SUX,IA,ACE,CE,Combined TRACON& Tower with Radar,0,3,12,0,15,0,2,4,0,6,0,5,16,0,21,0,0,0,21
12/07/2021,SUX,IA,ACE,CE,Combined TRACON& Tower with Radar,0,5,12,22,39,0,1,10,0,11,0,6,22,22,50,0,10,10,60
12/08/2021,SUX,IA,ACE,CE,Combined TRACON& Tower with Radar,0,7,19,14,40,0,0,18,0,18,0,7,37,14,58,0,24,24,82
12/09/2021,SUX,IA,ACE,CE,Combined TRACON& Tower with Radar,0,4,20,9,33,0,0,14,0,14,0,4,34,9,47,20,0,20,67
12/10/2021,SUX,IA,ACE,CE,Combined TRACON& Tower with Radar,0,5,11,3,19,0,0,0,1,1,0,5,11,4,20,0,4,4,24
12/11/2021,SUX,IA,ACE,CE,Combined TRACON& Tower with Radar,0,3,7,1,11,0,1,7,1,9,0,4,14,2,20,12,0,12,32
12/12/2021,SUX,IA,ACE,CE,Combined TRACON& Tower with Radar,0,3,9,0,12,0,2,9,0,11,0,5,18,0,23,10,0,10,33
12/13/2021,SUX,IA,ACE,CE,Combined TRACON& Tower with Radar,0,3,16,0,19,0,2,21,2,25,0,5,37,2,44,20,0,20,64
12/14/2021,SUX,IA,ACE,CE,Combined TRACON& Tower with Radar,2,9,17,17,45,0,4,7,1,12,2,13,24,18,57,8,36,44,101
12/15/2021,SUX,IA,ACE,CE,Combined TRACON& Tower with Radar,0,4,7,0,11,0,1,2,0,3,0,5,9,0,14,0,0,0,14
12/16/2021,SUX,IA,ACE,CE,Combined TRACON& Tower with Radar,0,3,21,1,25,0,3,5,0,8,0,6,26,1,33,0,0,0,33
12/17/2021,SUX,IA,ACE,CE,Combined TRACON& Tower with Radar,0,10,11,6,27,0,1,17,0,18,0,11,28,6,45,16,2,18,63
12/18/2021,SUX,IA,ACE,CE,Combined TRACON& Tower with Radar,0,3,10,0,13,0,0,2,0,2,0,3,12,0,15,0,0,0,15
12/19/2021,SUX,IA,ACE,CE,Combined TRACON& Tower with Radar,2,6,8,1,17,0,2,4,0,6,2,8,12,1,23,0,0,0,23
12/20/2021,SUX,IA,ACE,CE,Combined TRACON& Tower with Radar,0,6,10,0,16,0,0,12,0,12,0,6,22,0,28,26,0,26,54
12/21/2021,SUX,IA,ACE,CE,Combined TRACON& Tower with Radar,0,6,10,25,41,0,0,15,0,15,0,6,25,25,56,0,46,46,102
12/22/2021,SUX,IA,ACE,CE,Combined TRACON& Tower with Radar,0,3,16,22,41,0,0,15,0,15,0,3,31,22,56,0,26,26,82
12/23/2021,SUX,IA,ACE,CE,Combined TRACON& Tower with Radar,0,8,11,6,25,0,2,17,0,19,0,10,28,6,44,12,0,12,56
12/24/2021,SUX,IA,ACE,CE,Combined TRACON& Tower with Radar,0,5,0,0,5,0,0,6,0,6,0,5,6,0,11,8,0,8,19
12/25/2021,SUX,IA,ACE,CE,Combined TRACON& Tower with Radar,0,4,2,0,6,0,0,11,0,11,0,4,13,0,17,4,0,4,21
12/26/2021,SUX,IA,ACE,CE,Combined TRACON& Tower with Radar,2,7,4,0,13,0,0,3,0,3,2,7,7,0,16,0,0,0,16
12/27/2021,SUX,IA,ACE,CE,Combined TRACON& Tower with Radar,0,4,15,0,19,0,1,8,0,9,0,5,23,0,28,0,0,0,28
12/28/2021,SUX,IA,ACE,CE,Combined TRACON& Tower with Radar,0,7,6,14,27,0,1,2,0,3,0,8,8,14,30,0,12,12,42
12/29/2021,SUX,IA,ACE,CE,Combined TRACON& Tower with Radar,0,6,18,7,31,0,0,13,2,15,0,6,31,9,46,0,58,58,104
12/30/2021,SUX,IA,ACE,CE,Combined TRACON& Tower with Radar,0,10,12,5,27,0,2,12,0,14,0,12,24,5,41,4,10,14,55
12/31/2021,SUX,IA,ACE,CE,Combined TRACON& Tower with Radar,0,5,7,0,12,0,0,4,0,4,0,5,11,0,16,0,0,0,16
01/01/2022,SUX,IA,ACE,CE,Combined TRACON& Tower with Radar,0,7,1,0,8,0,2,4,0,6,0,9,5,0,14,0,0,0,14
01/02/2022,SUX,IA,ACE,CE,Combined TRACON& Tower with Radar,0,3,16,0,19,0,0,8,0,8,0,3,24,0,27,10,0,10,37
01/03/2022,SUX,IA,ACE,CE,Combined TRACON& Tower with Radar,0,5,4,0,9,0,7,15,0,22,0,12,19,0,31,4,0,4,35
01/04/2022,SUX,IA,ACE,CE,Combined TRACON& Tower with Radar,0,8,6,4,18,0,0,7,0,7,0,8,13,4,25,6,12,18,43
01/05/2022,SUX,IA,ACE,CE,Combined TRACON& Tower with Radar,0,6,4,10,20,0,0,2,0,2,0,6,6,10,22,0,0,0,22
01/06/2022,SUX,IA,ACE,CE,Combined TRACON& Tower with Radar,0,5,8,15,28,0,0,4,0,4,0,5,12,15,32,0,20,20,52
01/07/2022,SUX,IA,ACE,CE,Combined TRACON& Tower with Radar,0,6,15,17,38,0,2,7,0,9,0,8,22,17,47,0,36,36,83
01/08/2022,SUX,IA,ACE,CE,Combined TRACON& Tower with Radar,0,5,2,2,9,0,4,15,0,19,0,9,17,2,28,28,6,34,62
01/09/2022,SUX,IA,ACE,CE,Combined TRACON& Tower with Radar,0,4,6,2,12,0,0,6,0,6,0,4,12,2,18,0,0,0,18
01/10/2022,SUX,IA,ACE,CE,Combined TRACON& Tower with Radar,0,4,9,0,13,0,2,23,0,25,0,6,32,0,38,10,0,10,48
01/11/2022,SUX,IA,ACE,CE,Combined TRACON& Tower with Radar,0,7,20,26,53,0,1,19,0,20,0,8,39,26,73,2,10,12,85
01/12/2022,SUX,IA,ACE,CE,Combined TRACON& Tower with Radar,0,7,11,20,38,0,0,20,0,20,0,7,31,20,58,17,12,29,87
01/13/2022,SUX,IA,ACE,CE,Combined TRACON& Tower with Radar,0,3,9,12,24,0,1,16,0,17,0,4,25,12,41,26,10,36,77
01/14/2022,SUX,IA,ACE,CE,Combined TRACON& Tower with Radar,0,3,2,15,20,0,0,1,9,10,0,3,3,24,30,0,0,0,30
01/15/2022,SUX,IA,ACE,CE,Combined TRACON& Tower with Radar,0,7,3,0,10,0,3,13,0,16,0,10,16,0,26,34,0,34,60
01/16/2022,SUX,IA,ACE,CE,Combined TRACON& Tower with Radar,0,8,7,0,15,0,0,6,0,6,0,8,13,0,21,0,0,0,21
01/17/2022,SUX,IA,ACE,CE,Combined TRACON& Tower with Radar,0,4,7,0,11,0,1,23,0,24,0,5,30,0,35,24,0,24,59
01/18/2022,SUX,IA,ACE,CE,Combined TRACON& Tower with Radar,0,5,9,20,34,0,1,19,1,21,0,6,28,21,55,6,22,28,83
01/19/2022,SUX,IA,ACE,CE,Combined TRACON& Tower with Radar,0,4,8,10,22,0,1,12,0,13,0,5,20,10,35,0,6,6,41
01/20/2022,SUX,IA,ACE,CE,Combined TRACON& Tower with Radar,0,3,10,21,34,0,1,10,0,11,0,4,20,21,45,14,14,28,73
01/21/2022,SUX,IA,ACE,CE,Combined TRACON& Tower with Radar,0,4,6,6,16,0,2,4,0,6,0,6,10,6,22,0,0,0,22
01/22/2022,SUX,IA,ACE,CE,Combined TRACON& Tower with Radar,0,4,8,0,12,0,0,23,0,23,0,4,31,0,35,4,0,4,39
01/23/2022,SUX,IA,ACE,CE,Combined TRACON& Tower with Radar,0,4,10,0,14,0,0,2,0,2,0,4,12,0,16,0,0,0,16
01/24/2022,SUX,IA,ACE,CE,Combined TRACON& Tower with Radar,0,7,12,0,19,0,0,9,0,9,0,7,21,0,28,0,0,0,28
01/25/2022,SUX,IA,ACE,CE,Combined TRACON& Tower with Radar,0,4,18,25,47,0,1,8,0,9,0,5,26,25,56,0,18,18,74
01/26/2022,SUX,IA,ACE,CE,Combined TRACON& Tower with Radar,0,8,10,5,23,0,0,4,0,4,0,8,14,5,27,0,0,0,27
01/27/2022,SUX,IA,ACE,CE,Combined TRACON& Tower with Radar,0,4,8,31,43,0,2,12,0,14,0,6,20,31,57,0,22,22,79
01/28/2022,SUX,IA,ACE,CE,Combined TRACON& Tower with Radar,0,5,11,12,28,0,1,20,0,21,0,6,31,12,49,6,20,26,75
01/29/2022,SUX,IA,ACE,CE,Combined TRACON& Tower with Radar,0,6,9,0,15,0,1,28,0,29,0,7,37,0,44,34,0,34,78
01/30/2022,SUX,IA,ACE,CE,Combined TRACON& Tower with Radar,0,7,8,0,15,0,0,13,0,13,0,7,21,0,28,0,0,0,28
01/31/2022,SUX,IA,ACE,CE,Combined TRACON& Tower with Radar,0,3,6,0,9,0,2,16,0,18,0,5,22,0,27,6,0,6,33
02/01/2022,SUX,IA,ACE,CE,Combined TRACON& Tower with Radar,0,6,8,15,29,0,1,12,1,14,0,7,20,16,43,0,10,10,53
02/02/2022,SUX,IA,ACE,CE,Combined TRACON& Tower with Radar,0,8,12,18,38,0,1,12,0,13,0,9,24,18,51,12,0,12,63
02/03/2022,SUX,IA,ACE,CE,Combined TRACON& Tower with Radar,0,5,14,0,19,0,4,10,0,14,0,9,24,0,33,4,0,4,37
02/04/2022,SUX,IA,ACE,CE,Combined TRACON& Tower with Radar,0,8,9,0,17,0,0,22,0,22,0,8,31,0,39,0,0,0,39
02/05/2022,SUX,IA,ACE,CE,Combined TRACON& Tower with Radar,0,6,9,0,15,0,5,11,0,16,0,11,20,0,31,8,0,8,39
02/06/2022,SUX,IA,ACE,CE,Combined TRACON& Tower with Radar,0,5,8,1,14,0,1,6,0,7,0,6,14,1,21,0,0,0,21
02/07/2022,SUX,IA,ACE,CE,Combined TRACON& Tower with Radar,0,3,8,0,11,0,0,12,0,12,0,3,20,0,23,8,0,8,31
02/08/2022,SUX,IA,ACE,CE,Combined TRACON& Tower with Radar,0,6,11,17,34,0,1,13,0,14,0,7,24,17,48,6,0,6,54
02/09/2022,SUX,IA,ACE,CE,Combined TRACON& Tower with Radar,0,8,5,17,30,0,1,6,0,7,0,9,11,17,37,0,4,4,41
02/10/2022,SUX,IA,ACE,CE,Combined TRACON& Tower with Radar,0,3,17,15,35,0,2,9,0,11,0,5,26,15,46,6,6,12,58
02/11/2022,SUX,IA,ACE,CE,Combined TRACON& Tower with Radar,0,4,5,8,17,0,0,0,0,0,0,4,5,8,17,0,0,0,17
02/12/2022,SUX,IA,ACE,CE,Combined TRACON& Tower with Radar,0,5,7,1,13,0,0,13,0,13,0,5,20,1,26,4,0,4,30
02/13/2022,SUX,IA,ACE,CE,Combined TRACON& Tower with Radar,0,11,4,1,16,0,0,4,0,4,0,11,8,1,20,16,0,16,36
02/14/2022,SUX,IA,ACE,CE,Combined TRACON& Tower with Radar,0,3,8,1,12,0,0,15,0,15,0,3,23,1,27,24,2,26,53
02/15/2022,SUX,IA,ACE,CE,Combined TRACON& Tower with Radar,0,5,14,28,47,0,0,19,0,19,0,5,33,28,66,8,24,32,98
02/16/2022,SUX,IA,ACE,CE,Combined TRACON& Tower with Radar,0,11,11,7,29,0,1,15,1,17,0,12,26,8,46,4,0,4,50
02/17/2022,SUX,IA,ACE,CE,Combined TRACON& Tower with Radar,0,4,14,11,29,0,1,24,0,25,0,5,38,11,54,10,12,22,76
02/18/2022,SUX,IA,ACE,CE,Combined TRACON& Tower with Radar,0,3,5,7,15,0,1,8,0,9,0,4,13,7,24,0,2,2,26
02/19/2022,SUX,IA,ACE,CE,Combined TRACON& Tower with Radar,0,5,4,0,9,0,2,22,0,24,0,7,26,0,33,0,0,0,33
02/20/2022,SUX,IA,ACE,CE,Combined TRACON& Tower with Radar,0,9,12,0,21,0,0,29,0,29,0,9,41,0,50,14,0,14,64
02/21/2022,SUX,IA,ACE,CE,Combined TRACON& Tower with Radar,0,4,11,0,15,0,0,0,0,0,0,4,11,0,15,0,0,0,15
02/22/2022,SUX,IA,ACE,CE,Combined TRACON& Tower with Radar,0,5,8,0,13,0,0,0,0,0,0,5,8,0,13,0,0,0,13
02/23/2022,SUX,IA,ACE,CE,Combined TRACON& Tower with Radar,0,8,15,17,40,0,2,5,0,7,0,10,20,17,47,0,12,12,59
02/24/2022,SUX,IA,ACE,CE,Combined TRACON& Tower with Radar,0,7,4,3,14,0,1,1,0,2,0,8,5,3,16,0,2,2,18
02/25/2022,SUX,IA,ACE,CE,Combined TRACON& Tower with Radar,0,7,3,9,19,0,1,10,4,15,0,8,13,13,34,0,0,0,34
02/26/2022,SUX,IA,ACE,CE,Combined TRACON& Tower with Radar,0,5,8,1,14,0,1,19,0,20,0,6,27,1,34,6,0,6,40
02/27/2022,SUX,IA,ACE,CE,Combined TRACON& Tower with Radar,0,6,11,0,17,0,3,17,0,20,0,9,28,0,37,10,0,10,47
02/28/2022,SUX,IA,ACE,CE,Combined TRACON& Tower with Radar,0,6,11,0,17,0,1,22,2,25,0,7,33,2,42,4,0,4,46
03/01/2022,SUX,IA,ACE,CE,Combined TRACON& Tower with Radar,0,8,25,11,44,0,2,25,1,28,0,10,50,12,72,4,26,30,102
03/02/2022,SUX,IA,ACE,CE,Combined TRACON& Tower with Radar,0,9,18,20,47,0,5,19,0,24,0,14,37,20,71,10,14,24,95
03/03/2022,SUX,IA,ACE,CE,Combined TRACON& Tower with Radar,0,4,17,13,34,0,3,12,1,16,0,7,29,14,50,0,14,14,64
03/04/2022,SUX,IA,ACE,CE,Combined TRACON& Tower with Radar,0,6,16,4,26,0,2,8,0,10,0,8,24,4,36,14,0,14,50
03/05/2022,SUX,IA,ACE,CE,Combined TRACON& Tower with Radar,0,2,4,0,6,0,0,0,0,0,0,2,4,0,6,0,0,0,6
03/06/2022,SUX,IA,ACE,CE,Combined TRACON& Tower with Radar,0,9,9,2,20,0,2,1,0,3,0,11,10,2,23,0,0,0,23
03/07/2022,SUX,IA,ACE,CE,Combined TRACON& Tower with Radar,0,7,19,0,26,0,2,18,0,20,0,9,37,0,46,20,0,20,66
03/08/2022,SUX,IA,ACE,CE,Combined TRACON& Tower with Radar,0,6,21,3,30,0,0,18,0,18,0,6,39,3,48,0,0,0,48
03/09/2022,SUX,IA,ACE,CE,Combined TRACON& Tower with Radar,0,4,7,6,17,0,0,3,1,4,0,4,10,7,21,10,12,22,43
03/10/2022,SUX,IA,ACE,CE,Combined TRACON& Tower with Radar,0,5,13,9,27,0,3,14,0,17,0,8,27,9,44,0,8,8,52
03/11/2022,SUX,IA,ACE,CE,Combined TRACON& Tower with Radar,0,6,10,2,18,0,2,11,0,13,0,8,21,2,31,4,0,4,35
03/12/2022,SUX,IA,ACE,CE,Combined TRACON& Tower with Radar,0,2,4,0,6,0,1,12,0,13,0,3,16,0,19,0,0,0,19
03/13/2022,SUX,IA,ACE,CE,Combined TRACON& Tower with Radar,0,3,16,0,19,0,5,10,0,15,0,8,26,0,34,20,0,20,54
03/14/2022,SUX,IA,ACE,CE,Combined TRACON& Tower with Radar,0,7,15,2,24,0,0,5,1,6,0,7,20,3,30,12,0,12,42
03/15/2022,SUX,IA,ACE,CE,Combined TRACON& Tower with Radar,0,3,18,1,22,0,1,15,0,16,0,4,33,1,38,4,10,14,52
03/16/2022,SUX,IA,ACE,CE,Combined TRACON& Tower with Radar,2,11,15,4,32,0,1,15,1,17,2,12,30,5,49,2,2,4,53
03/17/2022,SUX,IA,ACE,CE,Combined TRACON& Tower with Radar,0,7,19,6,32,0,3,12,0,15,0,10,31,6,47,28,0,28,75
03/18/2022,SUX,IA,ACE,CE,Combined TRACON& Tower with Radar,0,4,5,8,17,0,0,9,0,9,0,4,14,8,26,8,14,22,48
03/19/2022,SUX,IA,ACE,CE,Combined TRACON& Tower with Radar,0,2,6,1,9,0,0,22,0,22,0,2,28,1,31,44,0,44,75
03/20/2022,SUX,IA,ACE,CE,Combined TRACON& Tower with Radar,0,6,5,0,11,0,9,13,0,22,0,15,18,0,33,0,0,0,33
03/21/2022,SUX,IA,ACE,CE,Combined TRACON& Tower with Radar,2,3,8,1,14,0,0,3,0,3,2,3,11,1,17,0,0,0,17
03/22/2022,SUX,IA,ACE,CE,Combined TRACON& Tower with Radar,0,3,12,4,19,0,0,0,0,0,0,3,12,4,19,0,0,0,19
03/23/2022,SUX,IA,ACE,CE,Combined TRACON& Tower with Radar,0,4,5,4,13,0,0,0,0,0,0,4,5,4,13,0,0,0,13
03/24/2022,SUX,IA,ACE,CE,Combined TRACON& Tower with Radar,2,4,18,24,48,0,0,11,0,11,2,4,29,24,59,22,12,34,93
03/25/2022,SUX,IA,ACE,CE,Combined TRACON& Tower with Radar,0,4,10,2,16,0,0,3,0,3,0,4,13,2,19,0,0,0,19
03/26/2022,SUX,IA,ACE,CE,Combined TRACON& Tower with Radar,0,2,9,0,11,0,0,19,0,19,0,2,28,0,30,40,0,40,70
03/27/2022,SUX,IA,ACE,CE,Combined TRACON& Tower with Radar,2,3,9,1,15,0,2,15,0,17,2,5,24,1,32,26,0,26,58
03/28/2022,SUX,IA,ACE,CE,Combined TRACON& Tower with Radar,0,6,3,0,9,0,0,15,0,15,0,6,18,0,24,14,0,14,38
03/29/2022,SUX,IA,ACE,CE,Combined TRACON& Tower with Radar,0,10,16,8,34,0,1,6,0,7,0,11,22,8,41,4,0,4,45
03/30/2022,SUX,IA,ACE,CE,Combined TRACON& Tower with Radar,0,5,10,2,17,0,0,0,0,0,0,5,10,2,17,0,0,0,17
03/31/2022,SUX,IA,ACE,CE,Combined TRACON& Tower with Radar,0,4,18,16,38,0,0,4,0,4,0,4,22,16,42,4,4,8,50
04/01/2022,SUX,IA,ACE,CE,Combined TRACON& Tower with Radar,0,5,14,13,32,0,3,30,0,33,0,8,44,13,65,34,0,34,99
04/02/2022,SUX,IA,ACE,CE,Combined TRACON& Tower with Radar,0,5,4,4,13,0,2,7,0,9,0,7,11,4,22,0,0,0,22
04/03/2022,SUX,IA,ACE,CE,Combined TRACON& Tower with Radar,0,3,16,0,19,0,0,8,0,8,0,3,24,0,27,0,0,0,27
04/04/2022,SUX,IA,ACE,CE,Combined TRACON& Tower with Radar,0,7,11,0,18,0,6,14,0,20,0,13,25,0,38,12,0,12,50
04/05/2022,SUX,IA,ACE,CE,Combined TRACON& Tower with Radar,0,1,18,10,29,0,0,1,0,1,0,1,19,10,30,0,0,0,30
04/06/2022,SUX,IA,ACE,CE,Combined TRACON& Tower with Radar,0,3,15,12,30,0,1,3,0,4,0,4,18,12,34,0,0,0,34
04/07/2022,SUX,IA,ACE,CE,Combined TRACON& Tower with Radar,0,3,8,7,18,0,0,0,0,0,0,3,8,7,18,0,0,0,18
04/08/2022,SUX,IA,ACE,CE,Combined TRACON& Tower with Radar,0,3,12,22,37,0,3,6,0,9,0,6,18,22,46,0,14,14,60
04/09/2022,SUX,IA,ACE,CE,Combined TRACON& Tower with Radar,0,9,11,0,20,0,0,15,0,15,0,9,26,0,35,14,0,14,49
04/10/2022,SUX,IA,ACE,CE,Combined TRACON& Tower with Radar,0,3,12,0,15,0,0,24,0,24,0,3,36,0,39,4,0,4,43
04/11/2022,SUX,IA,ACE,CE,Combined TRACON& Tower with Radar,0,7,15,11,33,0,1,16,0,17,0,8,31,11,50,6,22,28,78
04/12/2022,SUX,IA,ACE,CE,Combined TRACON& Tower with Radar,0,2,16,21,39,0,1,0,0,1,0,3,16,21,40,0,0,0,40
04/13/2022,SUX,IA,ACE,CE,Combined TRACON& Tower with Radar,0,8,10,32,50,0,0,3,0,3,0,8,13,32,53,0,18,18,71
04/14/2022,SUX,IA,ACE,CE,Combined TRACON& Tower with Radar,0,5,18,8,31,0,1,7,0,8,0,6,25,8,39,0,0,0,39
04/15/2022,SUX,IA,ACE,CE,Combined TRACON& Tower with Radar,0,5,19,16,40,0,0,27,0,27,0,5,46,16,67,4,4,8,75
04/16/2022,SUX,IA,ACE,CE,Combined TRACON& Tower with Radar,0,6,5,0,11,0,0,17,0,17,0,6,22,0,28,6,0,6,34
04/17/2022,SUX,IA,ACE,CE,Combined TRACON& Tower with Radar,0,3,2,0,5,0,0,1,0,1,0,3,3,0,6,0,0,0,6
04/18/2022,SUX,IA,ACE,CE,Combined TRACON& Tower with Radar,0,6,20,0,26,0,0,6,0,6,0,6,26,0,32,0,0,0,32
04/19/2022,SUX,IA,ACE,CE,Combined TRACON& Tower with Radar,0,1,14,5,20,0,2,0,0,2,0,3,14,5,22,0,0,0,22
04/20/2022,SUX,IA,ACE,CE,Combined TRACON& Tower with Radar,0,7,14,1,22,0,2,5,0,7,0,9,19,1,29,0,0,0,29
04/21/2022,SUX,IA,ACE,CE,Combined TRACON& Tower with Radar,0,3,18,2,23,0,0,16,0,16,0,3,34,2,39,28,4,32,71
04/22/2022,SUX,IA,ACE,CE,Combined TRACON& Tower with Radar,0,8,26,0,34,0,1,1,0,2,0,9,27,0,36,0,0,0,36
04/23/2022,SUX,IA,ACE,CE,Combined TRACON& Tower with Radar,0,5,5,0,10,0,0,2,0,2,0,5,7,0,12,0,0,0,12
04/24/2022,SUX,IA,ACE,CE,Combined TRACON& Tower with Radar,0,3,4,0,7,0,0,1,0,1,0,3,5,0,8,0,0,0,8
04/25/2022,SUX,IA,ACE,CE,Combined TRACON& Tower with Radar,0,8,10,0,18,0,0,3,0,3,0,8,13,0,21,0,0,0,21
04/26/2022,SUX,IA,ACE,CE,Combined TRACON& Tower with Radar,1,0,3,0,4,0,1,37,0,38,1,1,40,0,42,34,0,34,76
04/27/2022,SUX,IA,ACE,CE,Combined TRACON& Tower with Radar,1,7,7,0,15,0,3,24,0,27,1,10,31,0,42,8,0,8,50
04/28/2022,SUX,IA,ACE,CE,Combined TRACON& Tower with Radar,0,3,10,0,13,0,1,5,0,6,0,4,15,0,19,8,0,8,27
04/29/2022,SUX,IA,ACE,CE,Combined TRACON& Tower with Radar,0,5,10,0,15,0,0,0,0,0,0,5,10,0,15,0,0,0,15
04/30/2022,SUX,IA,ACE,CE,Combined TRACON& Tower with Radar,0,1,10,0,11,0,0,5,0,5,0,1,15,0,16,0,0,0,16
05/01/2022,SUX,IA,ACE,CE,Combined TRACON& Tower with Radar,2,2,12,0,16,0,0,4,0,4,2,2,16,0,20,0,0,0,20
05/02/2022,SUX,IA,ACE,CE,Combined TRACON& Tower with Radar,0,5,9,0,14,0,0,6,0,6,0,5,15,0,20,0,0,0,20
05/03/2022,SUX,IA,ACE,CE,Combined TRACON& Tower with Radar,0,3,8,0,11,0,0,13,0,13,0,3,21,0,24,0,0,0,24
05/04/2022,SUX,IA,ACE,CE,Combined TRACON& Tower with Radar,0,3,24,0,27,0,1,3,0,4,0,4,27,0,31,0,0,0,31
05/05/2022,SUX,IA,ACE,CE,Combined TRACON& Tower with Radar,0,11,21,0,32,0,2,2,0,4,0,13,23,0,36,0,0,0,36
05/06/2022,SUX,IA,ACE,CE,Combined TRACON& Tower with Radar,0,4,13,0,17,0,1,19,0,20,0,5,32,0,37,18,0,18,55
05/07/2022,SUX,IA,ACE,CE,Combined TRACON& Tower with Radar,0,4,10,0,14,0,5,12,0,17,0,9,22,0,31,2,0,2,33
05/08/2022,SUX,IA,ACE,CE,Combined TRACON& Tower with Radar,0,3,6,0,9,0,0,9,0,9,0,3,15,0,18,2,0,2,20
05/09/2022,SUX,IA,ACE,CE,Combined TRACON& Tower with Radar,0,2,8,0,10,0,0,5,0,5,0,2,13,0,15,0,0,0,15
05/10/2022,SUX,IA,ACE,CE,Combined TRACON& Tower with Radar,0,4,15,0,19,0,0,8,0,8,0,4,23,0,27,0,0,0,27
05/11/2022,SUX,IA,ACE,CE,Combined TRACON& Tower with Radar,0,4,22,0,26,0,0,6,0,6,0,4,28,0,32,0,0,0,32
05/12/2022,SUX,IA,ACE,CE,Combined TRACON& Tower with Radar,0,4,16,0,20,0,2,18,1,21,0,6,34,1,41,0,0,0,41
05/13/2022,SUX,IA,ACE,CE,Combined TRACON& Tower with Radar,0,2,9,0,11,0,0,18,2,20,0,2,27,2,31,8,0,8,39
05/14/2022,SUX,IA,ACE,CE,Combined TRACON& Tower with Radar,0,0,7,0,7,0,0,42,2,44,0,0,49,2,51,30,0,30,81
05/15/2022,SUX,IA,ACE,CE,Combined TRACON& Tower with Radar,0,8,4,0,12,25,2,27,0,54,25,10,31,0,66,0,0,0,66
05/16/2022,SUX,IA,ACE,CE,Combined TRACON& Tower with Radar,0,2,13,0,15,0,0,39,0,39,0,2,52,0,54,0,0,0,54
05/17/2022,SUX,IA,ACE,CE,Combined TRACON& Tower with Radar,0,0,25,0,25,0,0,5,0,5,0,0,30,0,30,0,0,0,30
05/18/2022,SUX,IA,ACE,CE,Combined TRACON& Tower with Radar,0,4,14,0,18,0,4,15,0,19,0,8,29,0,37,0,0,0,37
05/19/2022,SUX,IA,ACE,CE,Combined TRACON& Tower with Radar,0,2,14,0,16,0,3,7,0,10,0,5,21,0,26,6,0,6,32
05/20/2022,SUX,IA,ACE,CE,Combined TRACON& Tower with Radar,0,6,20,0,26,0,6,7,0,13,0,12,27,0,39,0,0,0,39
05/21/2022,SUX,IA,ACE,CE,Combined TRACON& Tower with Radar,0,0,9,0,9,0,0,5,1,6,0,0,14,1,15,6,2,8,23
05/22/2022,SUX,IA,ACE,CE,Combined TRACON& Tower with Radar,0,2,7,0,9,0,6,5,0,11,0,8,12,0,20,0,0,0,20
05/23/2022,SUX,IA,ACE,CE,Combined TRACON& Tower with Radar,0,8,15,0,23,0,3,3,0,6,0,11,18,0,29,0,0,0,29
05/24/2022,SUX,IA,ACE,CE,Combined TRACON& Tower with Radar,0,2,12,0,14,0,0,1,0,1,0,2,13,0,15,4,0,4,19
05/25/2022,SUX,IA,ACE,CE,Combined TRACON& Tower with Radar,0,2,16,0,18,0,0,0,0,0,0,2,16,0,18,20,0,20,38
05/26/2022,SUX,IA,ACE,CE,Combined TRACON& Tower with Radar,0,3,21,0,24,0,3,9,0,12,0,6,30,0,36,24,0,24,60
05/27/2022,SUX,IA,ACE,CE,Combined TRACON& Tower with Radar,0,2,10,0,12,0,0,11,0,11,0,2,21,0,23,2,0,2,25
05/28/2022,SUX,IA,ACE,CE,Combined TRACON& Tower with Radar,0,0,2,0,2,0,2,3,0,5,0,2,5,0,7,0,0,0,7
05/29/2022,SUX,IA,ACE,CE,Combined TRACON& Tower with Radar,0,2,2,0,4,0,0,1,0,1,0,2,3,0,5,0,0,0,5
05/30/2022,SUX,IA,ACE,CE,Combined TRACON& Tower with Radar,0,2,5,0,7,0,0,1,0,1,0,2,6,0,8,0,0,0,8
05/31/2022,SUX,IA,ACE,CE,Combined TRACON& Tower with Radar,0,0,9,0,9,0,2,7,0,9,0,2,16,0,18,10,0,10,28
06/01/2022,SUX,IA,ACE,CE,Combined TRACON& Tower with Radar,0,2,6,11,19,0,3,21,4,28,0,5,27,15,47,12,10,22,69
06/02/2022,SUX,IA,ACE,CE,Combined TRACON& Tower with Radar,0,4,15,0,19,0,4,10,0,14,0,8,25,0,33,12,0,12,45
06/03/2022,SUX,IA,ACE,CE,Combined TRACON& Tower with Radar,0,3,11,0,14,0,2,12,0,14,0,5,23,0,28,6,0,6,34
06/04/2022,SUX,IA,ACE,CE,Combined TRACON& Tower with Radar,0,6,1,2,9,0,2,6,0,8,0,8,7,2,17,46,0,46,63
06/05/2022,SUX,IA,ACE,CE,Combined TRACON& Tower with Radar,0,3,5,0,8,0,5,4,0,9,0,8,9,0,17,0,0,0,17
06/06/2022,SUX,IA,ACE,CE,Combined TRACON& Tower with Radar,0,3,8,0,11,0,0,0,0,0,0,3,8,0,11,0,0,0,11
06/07/2022,SUX,IA,ACE,CE,Combined TRACON& Tower with Radar,0,4,13,0,17,0,2,14,0,16,0,6,27,0,33,0,0,0,33
06/08/2022,SUX,IA,ACE,CE,Combined TRACON& Tower with Radar,0,8,20,0,28,0,0,15,0,15,0,8,35,0,43,0,0,0,43
06/09/2022,SUX,IA,ACE,CE,Combined TRACON& Tower with Radar,0,5,20,0,25,0,1,18,0,19,0,6,38,0,44,6,0,6,50
06/10/2022,SUX,IA,ACE,CE,Combined TRACON& Tower with Radar,0,5,12,0,17,0,3,17,0,20,0,8,29,0,37,10,0,10,47
06/11/2022,SUX,IA,ACE,CE,Combined TRACON& Tower with Radar,0,2,3,0,5,0,1,24,0,25,0,3,27,0,30,5,0,5,35
06/12/2022,SUX,IA,ACE,CE,Combined TRACON& Tower with Radar,0,3,13,0,16,0,4,15,0,19,0,7,28,0,35,4,0,4,39
06/13/2022,SUX,IA,ACE,CE,Combined TRACON& Tower with Radar,0,6,6,0,12,0,1,15,0,16,0,7,21,0,28,2,0,2,30
06/14/2022,SUX,IA,ACE,CE,Combined TRACON& Tower with Radar,0,2,16,0,18,0,2,16,0,18,0,4,32,0,36,0,0,0,36
06/15/2022,SUX,IA,ACE,CE,Combined TRACON& Tower with Radar,0,3,14,0,17,0,4,19,0,23,0,7,33,0,40,14,0,14,54
06/16/2022,SUX,IA,ACE,CE,Combined TRACON& Tower with Radar,0,5,9,0,14,0,0,18,0,18,0,5,27,0,32,0,0,0,32
06/17/2022,SUX,IA,ACE,CE,Combined TRACON& Tower with Radar,0,3,6,0,9,0,3,28,0,31,0,6,34,0,40,12,0,12,52
06/18/2022,SUX,IA,ACE,CE,Combined TRACON& Tower with Radar,0,3,5,0,8,0,0,14,0,14,0,3,19,0,22,4,0,4,26
06/19/2022,SUX,IA,ACE,CE,Combined TRACON& Tower with Radar,0,3,3,0,6,0,0,20,0,20,0,3,23,0,26,8,0,8,34
06/20/2022,SUX,IA,ACE,CE,Combined TRACON& Tower with Radar,0,3,8,0,11,3,3,7,0,13,3,6,15,0,24,0,0,0,24
06/21/2022,SUX,IA,ACE,CE,Combined TRACON& Tower with Radar,0,3,11,0,14,0,3,13,0,16,0,6,24,0,30,0,0,0,30
06/22/2022,SUX,IA,ACE,CE,Combined TRACON& Tower with Radar,0,4,11,0,15,0,1,11,0,12,0,5,22,0,27,6,0,6,33
06/23/2022,SUX,IA,ACE,CE,Combined TRACON& Tower with Radar,0,9,9,0,18,0,1,26,1,28,0,10,35,1,46,30,0,30,76
06/24/2022,SUX,IA,ACE,CE,Combined TRACON& Tower with Radar,0,3,22,0,25,0,0,14,0,14,0,3,36,0,39,4,0,4,43
06/25/2022,SUX,IA,ACE,CE,Combined TRACON& Tower with Radar,0,2,2,0,4,0,0,11,0,11,0,2,13,0,15,0,0,0,15
06/26/2022,SUX,IA,ACE,CE,Combined TRACON& Tower with Radar,0,3,12,0,15,0,0,22,0,22,0,3,34,0,37,24,0,24,61
06/27/2022,SUX,IA,ACE,CE,Combined TRACON& Tower with Radar,0,3,7,2,12,0,2,30,0,32,0,5,37,2,44,12,0,12,56
06/28/2022,SUX,IA,ACE,CE,Combined TRACON& Tower with Radar,0,4,20,0,24,0,0,18,0,18,0,4,38,0,42,16,0,16,58
06/29/2022,SUX,IA,ACE,CE,Combined TRACON& Tower with Radar,0,7,14,0,21,0,2,13,0,15,0,9,27,0,36,0,0,0,36
06/30/2022,SUX,IA,ACE,CE,Combined TRACON& Tower with Radar,0,5,19,0,24,0,1,18,0,19,0,6,37,0,43,6,0,6,49
07/01/2022,SUX,IA,ACE,CE,Combined TRACON& Tower with Radar,0,5,10,0,15,0,3,15,0,18,0,8,25,0,33,24,0,24,57
07/02/2022,SUX,IA,ACE,CE,Combined TRACON& Tower with Radar,0,5,10,0,15,0,4,18,0,22,0,9,28,0,37,20,0,20,57
07/03/2022,SUX,IA,ACE,CE,Combined TRACON& Tower with Radar,0,5,6,0,11,0,0,16,0,16,0,5,22,0,27,8,0,8,35
07/04/2022,SUX,IA,ACE,CE,Combined TRACON& Tower with Radar,0,6,0,0,6,0,3,5,0,8,0,9,5,0,14,0,0,0,14
07/05/2022,SUX,IA,ACE,CE,Combined TRACON& Tower with Radar,0,2,18,0,20,0,0,5,0,5,0,2,23,0,25,12,0,12,37
07/06/2022,SUX,IA,ACE,CE,Combined TRACON& Tower with Radar,0,7,14,2,23,0,1,6,0,7,0,8,20,2,30,6,0,6,36
07/07/2022,SUX,IA,ACE,CE,Combined TRACON& Tower with Radar,0,15,15,0,30,0,1,0,0,1,0,16,15,0,31,0,0,0,31
07/08/2022,SUX,IA,ACE,CE,Combined TRACON& Tower with Radar,0,3,10,0,13,0,0,12,0,12,0,3,22,0,25,8,0,8,33
07/09/2022,SUX,IA,ACE,CE,Combined TRACON& Tower with Radar,0,2,12,0,14,0,0,30,0,30,0,2,42,0,44,20,0,20,64
07/10/2022,SUX,IA,ACE,CE,Combined TRACON& Tower with Radar,0,3,4,0,7,0,0,10,0,10,0,3,14,0,17,0,0,0,17
07/11/2022,SUX,IA,ACE,CE,Combined TRACON& Tower with Radar,0,7,9,0,16,0,1,19,0,20,0,8,28,0,36,26,0,26,62
07/12/2022,SUX,IA,ACE,CE,Combined TRACON& Tower with Radar,0,3,8,2,13,0,0,27,0,27,0,3,35,2,40,75,0,75,115
07/13/2022,SUX,IA,ACE,CE,Combined TRACON& Tower with Radar,0,5,18,0,23,0,2,28,0,30,0,7,46,0,53,14,0,14,67
07/14/2022,SUX,IA,ACE,CE,Combined TRACON& Tower with Radar,0,3,17,0,20,0,2,19,0,21,0,5,36,0,41,0,0,0,41
07/15/2022,SUX,IA,ACE,CE,Combined TRACON& Tower with Radar,0,3,14,0,17,0,6,24,0,30,0,9,38,0,47,16,0,16,63
07/16/2022,SUX,IA,ACE,CE,Combined TRACON& Tower with Radar,0,8,3,0,11,0,1,5,0,6,0,9,8,0,17,0,0,0,17
07/17/2022,SUX,IA,ACE,CE,Combined TRACON& Tower with Radar,0,4,14,0,18,0,4,15,0,19,0,8,29,0,37,8,0,8,45
07/18/2022,SUX,IA,ACE,CE,Combined TRACON& Tower with Radar,0,3,22,0,25,0,2,28,0,30,0,5,50,0,55,4,0,4,59
07/19/2022,SUX,IA,ACE,CE,Combined TRACON& Tower with Radar,0,11,15,0,26,0,3,12,0,15,0,14,27,0,41,12,0,12,53
07/20/2022,SUX,IA,ACE,CE,Combined TRACON& Tower with Radar,0,5,11,0,16,0,4,17,1,22,0,9,28,1,38,10,0,10,48
07/21/2022,SUX,IA,ACE,CE,Combined TRACON& Tower with Radar,0,6,12,0,18,0,4,70,0,74,0,10,82,0,92,29,0,29,121
07/22/2022,SUX,IA,ACE,CE,Combined TRACON& Tower with Radar,0,5,10,0,15,21,2,30,0,53,21,7,40,0,68,38,0,38,106
07/23/2022,SUX,IA,ACE,CE,Combined TRACON& Tower with Radar,0,5,7,0,12,0,0,43,1,44,0,5,50,1,56,12,0,12,68
07/24/2022,SUX,IA,ACE,CE,Combined TRACON& Tower with Radar,0,7,24,0,31,0,2,115,5,122,0,9,139,5,153,2,0,2,155
07/25/2022,SUX,IA,ACE,CE,Combined TRACON& Tower with Radar,0,4,8,0,12,0,0,24,0,24,0,4,32,0,36,2,0,2,38
07/26/2022,SUX,IA,ACE,CE,Combined TRACON& Tower with Radar,0,6,16,2,24,0,0,14,0,14,0,6,30,2,38,46,0,46,84
07/27/2022,SUX,IA,ACE,CE,Combined TRACON& Tower with Radar,0,5,11,0,16,0,2,27,0,29,0,7,38,0,45,36,0,36,81
07/28/2022,SUX,IA,ACE,CE,Combined TRACON& Tower with Radar,0,5,10,0,15,0,1,31,0,32,0,6,41,0,47,45,0,45,92
07/29/2022,SUX,IA,ACE,CE,Combined TRACON& Tower with Radar,0,7,5,0,12,0,4,30,0,34,0,11,35,0,46,28,0,28,74
07/30/2022,SUX,IA,ACE,CE,Combined TRACON& Tower with Radar,0,4,9,0,13,0,7,26,0,33,0,11,35,0,46,17,0,17,63
07/31/2022,SUX,IA,ACE,CE,Combined TRACON& Tower with Radar,0,5,9,0,14,0,1,14,0,15,0,6,23,0,29,4,0,4,33
08/01/2022,SUX,IA,ACE,CE,Combined TRACON& Tower with Radar,0,5,10,0,15,0,2,20,0,22,0,7,30,0,37,14,0,14,51
08/02/2022,SUX,IA,ACE,CE,Combined TRACON& Tower with Radar,0,4,9,0,13,0,2,9,0,11,0,6,18,0,24,22,0,22,46
08/03/2022,SUX,IA,ACE,CE,Combined TRACON& Tower with Radar,0,3,16,0,19,0,2,20,0,22,0,5,36,0,41,2,0,2,43
08/04/2022,SUX,IA,ACE,CE,Combined TRACON& Tower with Radar,0,5,15,0,20,0,4,14,0,18,0,9,29,0,38,18,0,18,56
08/05/2022,SUX,IA,ACE,CE,Combined TRACON& Tower with Radar,0,4,13,0,17,0,3,15,0,18,0,7,28,0,35,0,0,0,35
08/06/2022,SUX,IA,ACE,CE,Combined TRACON& Tower with Radar,0,8,13,1,22,2,2,10,1,15,2,10,23,2,37,6,0,6,43
08/07/2022,SUX,IA,ACE,CE,Combined TRACON& Tower with Radar,0,5,8,0,13,3,1,4,0,8,3,6,12,0,21,0,0,0,21
08/08/2022,SUX,IA,ACE,CE,Combined TRACON& Tower with Radar,0,3,10,0,13,0,5,19,0,24,0,8,29,0,37,14,0,14,51
08/09/2022,SUX,IA,ACE,CE,Combined TRACON& Tower with Radar,0,4,22,0,26,0,0,24,0,24,0,4,46,0,50,10,0,10,60
08/10/2022,SUX,IA,ACE,CE,Combined TRACON& Tower with Radar,0,5,11,0,16,0,1,13,0,14,0,6,24,0,30,0,0,0,30
08/11/2022,SUX,IA,ACE,CE,Combined TRACON& Tower with Radar,0,6,11,0,17,0,0,6,0,6,0,6,17,0,23,0,0,0,23
08/12/2022,SUX,IA,ACE,CE,Combined TRACON& Tower with Radar,0,3,12,0,15,0,3,11,0,14,0,6,23,0,29,18,0,18,47
08/13/2022,SUX,IA,ACE,CE,Combined TRACON& Tower with Radar,0,5,18,0,23,0,2,1,0,3,0,7,19,0,26,0,0,0,26
08/14/2022,SUX,IA,ACE,CE,Combined TRACON& Tower with Radar,0,3,13,0,16,0,2,2,0,4,0,5,15,0,20,0,0,0,20
08/15/2022,SUX,IA,ACE,CE,Combined TRACON& Tower with Radar,0,3,9,0,12,0,0,0,0,0,0,3,9,0,12,0,0,0,12
08/16/2022,SUX,IA,ACE,CE,Combined TRACON& Tower with Radar,0,6,28,0,34,0,5,8,0,13,0,11,36,0,47,8,0,8,55
08/17/2022,SUX,IA,ACE,CE,Combined TRACON& Tower with Radar,0,8,24,0,32,0,4,17,0,21,0,12,41,0,53,28,0,28,81
08/18/2022,SUX,IA,ACE,CE,Combined TRACON& Tower with Radar,0,10,18,0,28,0,2,15,0,17,0,12,33,0,45,20,0,20,65
08/19/2022,SUX,IA,ACE,CE,Combined TRACON& Tower with Radar,0,7,7,2,16,0,0,5,0,5,0,7,12,2,21,0,0,0,21
08/20/2022,SUX,IA,ACE,CE,Combined TRACON& Tower with Radar,0,3,14,0,17,0,0,13,0,13,0,3,27,0,30,10,0,10,40
08/21/2022,SUX,IA,ACE,CE,Combined TRACON& Tower with Radar,0,3,8,0,11,0,0,12,0,12,0,3,20,0,23,0,0,0,23
08/22/2022,SUX,IA,ACE,CE,Combined TRACON& Tower with Radar,0,13,16,0,29,0,0,13,0,13,0,13,29,0,42,6,0,6,48
08/23/2022,SUX,IA,ACE,CE,Combined TRACON& Tower with Radar,1,6,10,0,17,0,0,18,0,18,1,6,28,0,35,62,0,62,97
08/24/2022,SUX,IA,ACE,CE,Combined TRACON& Tower with Radar,0,3,14,0,17,0,3,13,0,16,0,6,27,0,33,14,0,14,47
08/25/2022,SUX,IA,ACE,CE,Combined TRACON& Tower with Radar,0,9,19,0,28,0,4,10,0,14,0,13,29,0,42,44,0,44,86
08/26/2022,SUX,IA,ACE,CE,Combined TRACON& Tower with Radar,0,9,19,0,28,0,0,21,0,21,0,9,40,0,49,2,0,2,51
08/27/2022,SUX,IA,ACE,CE,Combined TRACON& Tower with Radar,0,3,13,0,16,0,0,11,1,12,0,3,24,1,28,0,0,0,28
08/28/2022,SUX,IA,ACE,CE,Combined TRACON& Tower with Radar,0,10,5,0,15,0,2,4,0,6,0,12,9,0,21,0,0,0,21
08/29/2022,SUX,IA,ACE,CE,Combined TRACON& Tower with Radar,0,4,24,0,28,0,3,8,0,11,0,7,32,0,39,0,0,0,39
08/30/2022,SUX,IA,ACE,CE,Combined TRACON& Tower with Radar,0,7,18,0,25,0,3,17,0,20,0,10,35,0,45,32,0,32,77
08/31/2022,SUX,IA,ACE,CE,Combined TRACON& Tower with Radar,0,5,20,0,25,0,3,21,0,24,0,8,41,0,49,4,0,4,53
09/01/2022,SUX,IA,ACE,CE,Combined TRACON& Tower with Radar,0,3,10,0,13,0,7,13,0,20,0,10,23,0,33,16,0,16,49
09/02/2022,SUX,IA,ACE,CE,Combined TRACON& Tower with Radar,0,3,6,0,9,0,2,17,0,19,0,5,23,0,28,0,0,0,28
09/03/2022,SUX,IA,ACE,CE,Combined TRACON& Tower with Radar,0,6,4,0,10,0,1,8,1,10,0,7,12,1,20,16,0,16,36
09/04/2022,SUX,IA,ACE,CE,Combined TRACON& Tower with Radar,0,5,5,0,10,0,0,5,0,5,0,5,10,0,15,0,0,0,15
09/05/2022,SUX,IA,ACE,CE,Combined TRACON& Tower with Radar,0,5,7,0,12,0,0,29,0,29,0,5,36,0,41,10,0,10,51
09/06/2022,SUX,IA,ACE,CE,Combined TRACON& Tower with Radar,0,10,10,0,20,0,2,9,1,12,0,12,19,1,32,18,0,18,50
09/07/2022,SUX,IA,ACE,CE,Combined TRACON& Tower with Radar,0,6,15,0,21,0,1,9,0,10,0,7,24,0,31,8,0,8,39
09/08/2022,SUX,IA,ACE,CE,Combined TRACON& Tower with Radar,0,6,14,0,20,0,0,12,1,13,0,6,26,1,33,20,0,20,53
09/09/2022,SUX,IA,ACE,CE,Combined TRACON& Tower with Radar,0,14,23,0,37,0,3,5,0,8,0,17,28,0,45,0,0,0,45
09/10/2022,SUX,IA,ACE,CE,Combined TRACON& Tower with Radar,0,6,5,0,11,0,4,8,0,12,0,10,13,0,23,6,0,6,29
09/11/2022,SUX,IA,ACE,CE,Combined TRACON& Tower with Radar,0,7,9,0,16,0,1,12,0,13,0,8,21,0,29,10,0,10,39
09/12/2022,SUX,IA,ACE,CE,Combined TRACON& Tower with Radar,0,6,9,0,15,0,0,8,0,8,0,6,17,0,23,0,0,0,23
09/13/2022,SUX,IA,ACE,CE,Combined TRACON& Tower with Radar,0,6,22,0,28,0,0,36,0,36,0,6,58,0,64,22,0,22,86
09/14/2022,SUX,IA,ACE,CE,Combined TRACON& Tower with Radar,0,5,16,1,22,0,3,7,0,10,0,8,23,1,32,0,0,0,32
09/15/2022,SUX,IA,ACE,CE,Combined TRACON& Tower with Radar,0,7,18,0,25,0,2,8,1,11,0,9,26,1,36,2,0,2,38
09/16/2022,SUX,IA,ACE,CE,Combined TRACON& Tower with Radar,1,4,15,0,20,0,5,7,0,12,1,9,22,0,32,0,0,0,32
09/17/2022,SUX,IA,ACE,CE,Combined TRACON& Tower with Radar,1,3,7,0,11,0,1,12,0,13,1,4,19,0,24,10,0,10,34
09/18/2022,SUX,IA,ACE,CE,Combined TRACON& Tower with Radar,0,3,8,0,11,0,5,27,0,32,0,8,35,0,43,18,0,18,61
09/19/2022,SUX,IA,ACE,CE,Combined TRACON& Tower with Radar,0,7,12,0,19,0,3,15,0,18,0,10,27,0,37,14,0,14,51
09/20/2022,SUX,IA,ACE,CE,Combined TRACON& Tower with Radar,0,3,10,0,13,0,1,16,0,17,0,4,26,0,30,6,0,6,36
09/21/2022,SUX,IA,ACE,CE,Combined TRACON& Tower with Radar,0,5,16,0,21,0,2,13,0,15,0,7,29,0,36,16,0,16,52
09/22/2022,SUX,IA,ACE,CE,Combined TRACON& Tower with Radar,0,3,24,0,27,0,5,22,0,27,0,8,46,0,54,14,0,14,68
09/23/2022,SUX,IA,ACE,CE,Combined TRACON& Tower with Radar,0,3,23,0,26,0,1,5,1,7,0,4,28,1,33,4,0,4,37
09/24/2022,SUX,IA,ACE,CE,Combined TRACON& Tower with Radar,0,3,8,0,11,0,1,20,0,21,0,4,28,0,32,0,0,0,32
09/25/2022,SUX,IA,ACE,CE,Combined TRACON& Tower with Radar,0,4,5,0,9,0,3,5,0,8,0,7,10,0,17,6,0,6,23
09/26/2022,SUX,IA,ACE,CE,Combined TRACON& Tower with Radar,0,6,9,0,15,0,1,14,0,15,0,7,23,0,30,10,0,10,40
09/27/2022,SUX,IA,ACE,CE,Combined TRACON& Tower with Radar,0,5,10,0,15,0,3,23,0,26,0,8,33,0,41,28,0,28,69
09/28/2022,SUX,IA,ACE,CE,Combined TRACON& Tower with Radar,0,5,18,0,23,0,1,16,0,17,0,6,34,0,40,0,0,0,40
09/29/2022,SUX,IA,ACE,CE,Combined TRACON& Tower with Radar,0,7,11,0,18,0,3,7,0,10,0,10,18,0,28,6,0,6,34
09/30/2022,SUX,IA,ACE,CE,Combined TRACON& Tower with Radar,0,3,15,0,18,0,1,21,0,22,0,4,36,0,40,10,0,10,50
10/01/2022,SUX,IA,ACE,CE,Combined TRACON& Tower with Radar,0,5,2,0,7,0,0,19,0,19,0,5,21,0,26,12,0,12,38
10/02/2022,SUX,IA,ACE,CE,Combined TRACON& Tower with Radar,0,5,4,0,9,0,1,3,0,4,0,6,7,0,13,10,0,10,23
10/03/2022,SUX,IA,ACE,CE,Combined TRACON& Tower with Radar,0,3,6,0,9,0,3,10,0,13,0,6,16,0,22,2,0,2,24
10/04/2022,SUX,IA,ACE,CE,Combined TRACON& Tower with Radar,0,5,15,0,20,0,0,13,0,13,0,5,28,0,33,20,0,20,53
10/05/2022,SUX,IA,ACE,CE,Combined TRACON& Tower with Radar,0,5,14,0,19,0,1,9,0,10,0,6,23,0,29,4,0,4,33
10/06/2022,SUX,IA,ACE,CE,Combined TRACON& Tower with Radar,0,7,22,0,29,0,3,22,0,25,0,10,44,0,54,12,0,12,66
10/07/2022,SUX,IA,ACE,CE,Combined TRACON& Tower with Radar,0,3,11,0,14,0,0,8,0,8,0,3,19,0,22,0,0,0,22
10/08/2022,SUX,IA,ACE,CE,Combined TRACON& Tower with Radar,0,7,8,0,15,0,5,29,0,34,0,12,37,0,49,26,0,26,75
10/09/2022,SUX,IA,ACE,CE,Combined TRACON& Tower with Radar,0,3,15,0,18,0,1,10,0,11,0,4,25,0,29,8,0,8,37
10/10/2022,SUX,IA,ACE,CE,Combined TRACON& Tower with Radar,0,6,12,0,18,0,1,11,0,12,0,7,23,0,30,6,0,6,36
10/11/2022,SUX,IA,ACE,CE,Combined TRACON& Tower with Radar,0,6,19,0,25,0,3,12,0,15,0,9,31,0,40,6,0,6,46
10/12/2022,SUX,IA,ACE,CE,Combined TRACON& Tower with Radar,0,5,11,0,16,0,2,2,0,4,0,7,13,0,20,0,0,0,20
10/13/2022,SUX,IA,ACE,CE,Combined TRACON& Tower with Radar,0,10,14,0,24,0,0,0,0,0,0,10,14,0,24,0,0,0,24
10/14/2022,SUX,IA,ACE,CE,Combined TRACON& Tower with Radar,0,7,12,0,19,0,0,8,0,8,0,7,20,0,27,22,0,22,49
10/15/2022,SUX,IA,ACE,CE,Combined TRACON& Tower with Radar,0,8,6,0,14,0,1,26,0,27,0,9,32,0,41,16,0,16,57
10/16/2022,SUX,IA,ACE,CE,Combined TRACON& Tower with Radar,0,9,7,0,16,0,3,6,1,10,0,12,13,1,26,0,0,0,26
10/17/2022,SUX,IA,ACE,CE,Combined TRACON& Tower with Radar,0,3,9,0,12,0,1,9,0,10,0,4,18,0,22,0,0,0,22
10/18/2022,SUX,IA,ACE,CE,Combined TRACON& Tower with Radar,0,7,15,0,22,0,2,17,0,19,0,9,32,0,41,22,0,22,63
10/19/2022,SUX,IA,ACE,CE,Combined TRACON& Tower with Radar,0,6,21,0,27,0,1,19,0,20,0,7,40,0,47,4,0,4,51
10/20/2022,SUX,IA,ACE,CE,Combined TRACON& Tower with Radar,0,3,13,0,16,0,2,26,0,28,0,5,39,0,44,50,0,50,94
10/21/2022,SUX,IA,ACE,CE,Combined TRACON& Tower with Radar,1,3,15,0,19,0,1,14,0,15,1,4,29,0,34,18,0,18,52
10/22/2022,SUX,IA,ACE,CE,Combined TRACON& Tower with Radar,1,5,9,0,15,0,4,39,0,43,1,9,48,0,58,66,0,66,124
10/23/2022,SUX,IA,ACE,CE,Combined TRACON& Tower with Radar,0,3,7,0,10,0,4,6,0,10,0,7,13,0,20,0,0,0,20
10/24/2022,SUX,IA,ACE,CE,Combined TRACON& Tower with Radar,0,6,22,0,28,0,1,10,0,11,0,7,32,0,39,22,0,22,61
10/25/2022,SUX,IA,ACE,CE,Combined TRACON& Tower with Radar,0,5,18,0,23,0,3,20,0,23,0,8,38,0,46,16,0,16,62
10/26/2022,SUX,IA,ACE,CE,Combined TRACON& Tower with Radar,0,3,16,0,19,0,1,22,0,23,0,4,38,0,42,10,0,10,52
10/27/2022,SUX,IA,ACE,CE,Combined TRACON& Tower with Radar,0,7,13,3,23,0,0,7,0,7,0,7,20,3,30,0,0,0,30
10/28/2022,SUX,IA,ACE,CE,Combined TRACON& Tower with Radar,0,5,8,0,13,0,5,10,0,15,0,10,18,0,28,0,0,0,28
10/29/2022,SUX,IA,ACE,CE,Combined TRACON& Tower with Radar,0,3,1,0,4,0,0,36,0,36,0,3,37,0,40,60,0,60,100
10/30/2022,SUX,IA,ACE,CE,Combined TRACON& Tower with Radar,0,5,6,0,11,0,0,22,0,22,0,5,28,0,33,26,0,26,59
10/31/2022,SUX,IA,ACE,CE,Combined TRACON& Tower with Radar,0,6,17,0,23,0,1,12,0,13,0,7,29,0,36,40,0,40,76
11/01/2022,SUX,IA,ACE,CE,Combined TRACON& Tower with Radar,0,3,11,0,14,0,2,8,0,10,0,5,19,0,24,34,0,34,58
11/02/2022,SUX,IA,ACE,CE,Combined TRACON& Tower with Radar,0,5,12,0,17,0,0,9,0,9,0,5,21,0,26,2,0,2,28
11/03/2022,SUX,IA,ACE,CE,Combined TRACON& Tower with Radar,0,6,21,0,27,0,1,6,0,7,0,7,27,0,34,0,0,0,34
11/04/2022,SUX,IA,ACE,CE,Combined TRACON& Tower with Radar,0,7,7,0,14,0,1,13,0,14,0,8,20,0,28,0,0,0,28
11/05/2022,SUX,IA,ACE,CE,Combined TRACON& Tower with Radar,0,3,6,0,9,11,6,13,0,30,11,9,19,0,39,72,0,72,111
11/06/2022,SUX,IA,ACE,CE,Combined TRACON& Tower with Radar,0,3,3,0,6,0,1,4,0,5,0,4,7,0,11,0,0,0,11
11/07/2022,SUX,IA,ACE,CE,Combined TRACON& Tower with Radar,0,3,9,0,12,0,0,22,0,22,0,3,31,0,34,66,0,66,100
11/08/2022,SUX,IA,ACE,CE,Combined TRACON& Tower with Radar,0,4,7,0,11,0,0,0,0,0,0,4,7,0,11,0,0,0,11
11/09/2022,SUX,IA,ACE,CE,Combined TRACON& Tower with Radar,0,5,14,0,19,0,0,0,0,0,0,5,14,0,19,0,0,0,19
11/10/2022,SUX,IA,ACE,CE,Combined TRACON& Tower with Radar,0,5,14,0,19,0,2,0,0,2,0,7,14,0,21,0,0,0,21
11/11/2022,SUX,IA,ACE,CE,Combined TRACON& Tower with Radar,0,3,11,0,14,0,2,4,0,6,0,5,15,0,20,0,0,0,20
11/12/2022,SUX,IA,ACE,CE,Combined TRACON& Tower with Radar,0,3,3,0,6,0,0,6,0,6,0,3,9,0,12,30,0,30,42
11/13/2022,SUX,IA,ACE,CE,Combined TRACON& Tower with Radar,0,3,16,0,19,0,2,12,0,14,0,5,28,0,33,10,0,10,43
11/14/2022,SUX,IA,ACE,CE,Combined TRACON& Tower with Radar,0,5,3,0,8,0,2,3,0,5,0,7,6,0,13,6,0,6,19
11/15/2022,SUX,IA,ACE,CE,Combined TRACON& Tower with Radar,0,5,5,0,10,0,0,0,0,0,0,5,5,0,10,0,0,0,10
11/16/2022,SUX,IA,ACE,CE,Combined TRACON& Tower with Radar,0,3,12,0,15,0,3,1,0,4,0,6,13,0,19,18,0,18,37
11/17/2022,SUX,IA,ACE,CE,Combined TRACON& Tower with Radar,0,8,5,0,13,0,4,0,0,4,0,12,5,0,17,0,0,0,17
11/18/2022,SUX,IA,ACE,CE,Combined TRACON& Tower with Radar,2,7,13,0,22,0,1,2,0,3,2,8,15,0,25,0,0,0,25
11/19/2022,SUX,IA,ACE,CE,Combined TRACON& Tower with Radar,2,3,14,0,19,0,0,2,0,2,2,3,16,0,21,4,0,4,25
11/20/2022,SUX,IA,ACE,CE,Combined TRACON& Tower with Radar,0,3,5,0,8,0,3,12,0,15,0,6,17,0,23,6,0,6,29
11/21/2022,SUX,IA,ACE,CE,Combined TRACON& Tower with Radar,0,3,12,0,15,0,3,15,0,18,0,6,27,0,33,26,0,26,59
11/22/2022,SUX,IA,ACE,CE,Combined TRACON& Tower with Radar,0,7,16,3,26,0,1,22,0,23,0,8,38,3,49,72,0,72,121
11/23/2022,SUX,IA,ACE,CE,Combined TRACON& Tower with Radar,0,3,13,14,30,0,4,38,1,43,0,7,51,15,73,48,14,62,135
11/24/2022,SUX,IA,ACE,CE,Combined TRACON& Tower with Radar,0,3,1,0,4,0,3,2,0,5,0,6,3,0,9,0,0,0,9
11/25/2022,SUX,IA,ACE,CE,Combined TRACON& Tower with Radar,2,3,5,2,12,0,3,35,0,38,2,6,40,2,50,38,0,38,88
11/26/2022,SUX,IA,ACE,CE,Combined TRACON& Tower with Radar,2,3,5,0,10,0,3,16,0,19,2,6,21,0,29,28,0,28,57
11/27/2022,SUX,IA,ACE,CE,Combined TRACON& Tower with Radar,0,3,9,0,12,0,2,17,0,19,0,5,26,0,31,30,0,30,61
11/28/2022,SUX,IA,ACE,CE,Combined TRACON& Tower with Radar,0,5,11,0,16,0,2,27,0,29,0,7,38,0,45,32,0,32,77
11/29/2022,SUX,IA,ACE,CE,Combined TRACON& Tower with Radar,0,3,9,0,12,0,0,0,0,0,0,3,9,0,12,0,0,0,12
11/30/2022,SUX,IA,ACE,CE,Combined TRACON& Tower with Radar,0,5,14,2,21,0,1,14,0,15,0,6,28,2,36,32,0,32,68
12/01/2022,SUX,IA,ACE,CE,Combined TRACON& Tower with Radar,0,3,12,0,15,0,2,5,0,7,0,5,17,0,22,8,0,8,30
12/02/2022,SUX,IA,ACE,CE,Combined TRACON& Tower with Radar,0,5,6,0,11,0,0,8,0,8,0,5,14,0,19,10,0,10,29
12/03/2022,SUX,IA,ACE,CE,Combined TRACON& Tower with Radar,0,5,3,0,8,0,4,14,0,18,0,9,17,0,26,4,0,4,30
12/04/2022,SUX,IA,ACE,CE,Combined TRACON& Tower with Radar,0,4,3,1,8,0,0,15,1,16,0,4,18,2,24,14,0,14,38
12/05/2022,SUX,IA,ACE,CE,Combined TRACON& Tower with Radar,0,4,13,0,17,0,2,13,0,15,0,6,26,0,32,50,0,50,82
12/06/2022,SUX,IA,ACE,CE,Combined TRACON& Tower with Radar,0,3,11,8,22,0,3,10,0,13,0,6,21,8,35,0,0,0,35
12/07/2022,SUX,IA,ACE,CE,Combined TRACON& Tower with Radar,0,7,17,20,44,0,0,13,1,14,0,7,30,21,58,8,10,18,76
12/08/2022,SUX,IA,ACE,CE,Combined TRACON& Tower with Radar,0,6,6,18,30,0,2,0,0,2,0,8,6,18,32,0,0,0,32
12/09/2022,SUX,IA,ACE,CE,Combined TRACON& Tower with Radar,1,5,17,8,31,0,0,0,0,0,1,5,17,8,31,0,0,0,31
12/10/2022,SUX,IA,ACE,CE,Combined TRACON& Tower with Radar,1,4,1,0,6,0,0,14,3,17,1,4,15,3,23,46,0,46,69
12/11/2022,SUX,IA,ACE,CE,Combined TRACON& Tower with Radar,0,5,9,0,14,0,0,11,0,11,0,5,20,0,25,22,0,22,47
12/12/2022,SUX,IA,ACE,CE,Combined TRACON& Tower with Radar,0,4,7,1,12,0,0,0,0,0,0,4,7,1,12,0,0,0,12
12/13/2022,SUX,IA,ACE,CE,Combined TRACON& Tower with Radar,2,4,7,1,14,0,0,0,0,0,2,4,7,1,14,0,0,0,14
12/14/2022,SUX,IA,ACE,CE,Combined TRACON& Tower with Radar,0,5,14,5,24,0,0,0,0,0,0,5,14,5,24,0,0,0,24
12/15/2022,SUX,IA,ACE,CE,Combined TRACON& Tower with Radar,0,5,7,2,14,0,0,0,0,0,0,5,7,2,14,0,0,0,14
12/16/2022,SUX,IA,ACE,CE,Combined TRACON& Tower with Radar,0,6,6,6,18,0,0,1,0,1,0,6,7,6,19,0,0,0,19
12/17/2022,SUX,IA,ACE,CE,Combined TRACON& Tower with Radar,0,4,8,0,12,0,0,8,1,9,0,4,16,1,21,8,0,8,29
12/18/2022,SUX,IA,ACE,CE,Combined TRACON& Tower with Radar,2,3,8,1,14,0,2,18,1,21,2,5,26,2,35,6,0,6,41
12/19/2022,SUX,IA,ACE,CE,Combined TRACON& Tower with Radar,0,3,9,0,12,0,0,2,0,2,0,3,11,0,14,0,0,0,14
12/20/2022,SUX,IA,ACE,CE,Combined TRACON& Tower with Radar,0,4,21,13,38,0,2,6,0,8,0,6,27,13,46,0,0,0,46
12/21/2022,SUX,IA,ACE,CE,Combined TRACON& Tower with Radar,0,6,4,0,10,0,0,0,0,0,0,6,4,0,10,0,0,0,10
12/22/2022,SUX,IA,ACE,CE,Combined TRACON& Tower with Radar,0,4,2,0,6,0,0,0,0,0,0,4,2,0,6,0,0,0,6
12/23/2022,SUX,IA,ACE,CE,Combined TRACON& Tower with Radar,0,8,5,0,13,0,0,0,0,0,0,8,5,0,13,0,0,0,13
12/24/2022,SUX,IA,ACE,CE,Combined TRACON& Tower with Radar,0,1,5,0,6,0,1,6,0,7,0,2,11,0,13,0,0,0,13
12/25/2022,SUX,IA,ACE,CE,Combined TRACON& Tower with Radar,0,2,2,0,4,0,1,0,0,1,0,3,2,0,5,0,0,0,5
12/26/2022,SUX,IA,ACE,CE,Combined TRACON& Tower with Radar,0,6,2,0,8,0,3,5,0,8,0,9,7,0,16,0,0,0,16
12/27/2022,SUX,IA,ACE,CE,Combined TRACON& Tower with Radar,0,9,14,1,24,0,3,20,0,23,0,12,34,1,47,50,0,50,97
12/28/2022,SUX,IA,ACE,CE,Combined TRACON& Tower with Radar,0,4,11,18,33,0,1,12,2,15,0,5,23,20,48,44,4,48,96
12/29/2022,SUX,IA,ACE,CE,Combined TRACON& Tower with Radar,0,5,2,0,7,0,0,0,0,0,0,5,2,0,7,6,0,6,13
12/30/2022,SUX,IA,ACE,CE,Combined TRACON& Tower with Radar,0,5,6,0,11,0,0,7,0,7,0,5,13,0,18,36,0,36,54
12/31/2022,SUX,IA,ACE,CE,Combined TRACON& Tower with Radar,0,1,5,0,6,0,2,9,0,11,0,3,14,0,17,54,0,54,71
01/01/2023,SUX,IA,ACE,CE,Combined TRACON& Tower with Radar,0,2,7,0,9,0,0,7,0,7,0,2,14,0,16,2,0,2,18
01/02/2023,SUX,IA,ACE,CE,Combined TRACON& Tower with Radar,0,4,4,0,8,0,0,3,0,3,0,4,7,0,11,6,0,6,17
01/03/2023,SUX,IA,ACE,CE,Combined TRACON& Tower with Radar,0,6,0,0,6,0,0,1,0,1,0,6,1,0,7,0,0,0,7
01/04/2023,SUX,IA,ACE,CE,Combined TRACON& Tower with Radar,0,3,6,0,9,0,0,2,0,2,0,3,8,0,11,0,0,0,11
01/05/2023,SUX,IA,ACE,CE,Combined TRACON& Tower with Radar,0,5,19,25,49,0,3,7,0,10,0,8,26,25,59,0,6,6,65
01/06/2023,SUX,IA,ACE,CE,Combined TRACON& Tower with Radar,0,3,12,28,43,0,0,7,0,7,0,3,19,28,50,8,46,54,104
01/07/2023,SUX,IA,ACE,CE,Combined TRACON& Tower with Radar,0,4,2,6,12,0,0,8,0,8,0,4,10,6,20,18,2,20,40
01/08/2023,SUX,IA,ACE,CE,Combined TRACON& Tower with Radar,0,8,10,16,34,0,0,14,1,15,0,8,24,17,49,40,12,52,101
01/09/2023,SUX,IA,ACE,CE,Combined TRACON& Tower with Radar,0,3,15,0,18,0,0,23,0,23,0,3,38,0,41,41,0,41,82
01/10/2023,SUX,IA,ACE,CE,Combined TRACON& Tower with Radar,0,5,8,32,45,0,0,14,0,14,0,5,22,32,59,74,24,98,157
01/11/2023,SUX,IA,ACE,CE,Combined TRACON& Tower with Radar,0,3,15,6,24,0,0,0,0,0,0,3,15,6,24,0,0,0,24
01/12/2023,SUX,IA,ACE,CE,Combined TRACON& Tower with Radar,0,5,17,31,53,0,0,0,0,0,0,5,17,31,53,0,0,0,53
01/13/2023,SUX,IA,ACE,CE,Combined TRACON& Tower with Radar,0,3,12,3,18,0,0,3,0,3,0,3,15,3,21,0,0,0,21
01/14/2023,SUX,IA,ACE,CE,Combined TRACON& Tower with Radar,0,6,8,0,14,0,0,12,0,12,0,6,20,0,26,4,0,4,30
01/15/2023,SUX,IA,ACE,CE,Combined TRACON& Tower with Radar,0,3,8,3,14,0,0,10,0,10,0,3,18,3,24,40,0,40,64
01/16/2023,SUX,IA,ACE,CE,Combined TRACON& Tower with Radar,0,5,6,0,11,0,0,0,0,0,0,5,6,0,11,0,0,0,11
01/17/2023,SUX,IA,ACE,CE,Combined TRACON& Tower with Radar,0,7,15,39,61,0,1,10,2,13,0,8,25,41,74,47,68,115,189
01/18/2023,SUX,IA,ACE,CE,Combined TRACON& Tower with Radar,0,4,4,34,42,0,0,0,0,0,0,4,4,34,42,0,0,0,42
01/19/2023,SUX,IA,ACE,CE,Combined TRACON& Tower with Radar,0,2,8,12,22,0,0,2,0,2,0,2,10,12,24,0,0,0,24
01/20/2023,SUX,IA,ACE,CE,Combined TRACON& Tower with Radar,0,7,15,6,28,0,0,2,0,2,0,7,17,6,30,0,0,0,30
01/21/2023,SUX,IA,ACE,CE,Combined TRACON& Tower with Radar,0,4,10,0,14,0,0,2,0,2,0,4,12,0,16,74,0,74,90
01/22/2023,SUX,IA,ACE,CE,Combined TRACON& Tower with Radar,0,7,1,1,9,0,0,0,0,0,0,7,1,1,9,0,0,0,9
01/23/2023,SUX,IA,ACE,CE,Combined TRACON& Tower with Radar,0,4,13,1,18,0,0,1,0,1,0,4,14,1,19,0,0,0,19
01/24/2023,SUX,IA,ACE,CE,Combined TRACON& Tower with Radar,0,3,17,15,35,0,0,4,0,4,0,3,21,15,39,10,12,22,61
01/25/2023,SUX,IA,ACE,CE,Combined TRACON& Tower with Radar,0,5,17,8,30,0,2,2,1,5,0,7,19,9,35,4,0,4,39
01/26/2023,SUX,IA,ACE,CE,Combined TRACON& Tower with Radar,0,5,10,30,45,0,0,6,0,6,0,5,16,30,51,6,4,10,61
01/27/2023,SUX,IA,ACE,CE,Combined TRACON& Tower with Radar,0,3,7,22,32,0,4,15,1,20,0,7,22,23,52,8,30,38,90
01/28/2023,SUX,IA,ACE,CE,Combined TRACON& Tower with Radar,0,3,2,0,5,0,1,0,0,1,0,4,2,0,6,0,0,0,6
01/29/2023,SUX,IA,ACE,CE,Combined TRACON& Tower with Radar,0,4,7,0,11,0,1,3,0,4,0,5,10,0,15,16,0,16,31
01/30/2023,SUX,IA,ACE,CE,Combined TRACON& Tower with Radar,0,4,10,1,15,0,1,7,0,8,0,5,17,1,23,8,0,8,31
01/31/2023,SUX,IA,ACE,CE,Combined TRACON& Tower with Radar,0,5,17,23,45,0,1,16,8,25,0,6,33,31,70,18,26,44,114
02/01/2023,SUX,IA,ACE,CE,Combined TRACON& Tower with Radar,0,7,12,10,29,0,3,11,1,15,0,10,23,11,44,8,22,30,74
02/02/2023,SUX,IA,ACE,CE,Combined TRACON& Tower with Radar,0,7,11,11,29,0,0,7,2,9,0,7,18,13,38,18,2,20,58
02/03/2023,SUX,IA,ACE,CE,Combined TRACON& Tower with Radar,0,3,15,3,21,0,3,7,0,10,0,6,22,3,31,14,0,14,45
02/04/2023,SUX,IA,ACE,CE,Combined TRACON& Tower with Radar,0,5,12,0,17,0,3,21,0,24,0,8,33,0,41,42,0,42,83
02/05/2023,SUX,IA,ACE,CE,Combined TRACON& Tower with Radar,0,4,8,0,12,0,4,24,0,28,0,8,32,0,40,46,0,46,86
02/06/2023,SUX,IA,ACE,CE,Combined TRACON& Tower with Radar,0,3,7,1,11,0,1,3,0,4,0,4,10,1,15,24,2,26,41
02/07/2023,SUX,IA,ACE,CE,Combined TRACON& Tower with Radar,0,3,13,7,23,0,2,9,0,11,0,5,22,7,34,20,16,36,70
02/08/2023,SUX,IA,ACE,CE,Combined TRACON& Tower with Radar,0,3,16,14,33,0,0,15,0,15,0,3,31,14,48,42,16,58,106
02/09/2023,SUX,IA,ACE,CE,Combined TRACON& Tower with Radar,0,3,2,6,11,0,2,4,0,6,0,5,6,6,17,0,0,0,17
02/10/2023,SUX,IA,ACE,CE,Combined TRACON& Tower with Radar,0,3,13,8,24,0,1,26,0,27,0,4,39,8,51,8,22,30,81
02/11/2023,SUX,IA,ACE,CE,Combined TRACON& Tower with Radar,0,4,9,20,33,0,1,10,0,11,0,5,19,20,44,32,38,70,114
02/12/2023,SUX,IA,ACE,CE,Combined TRACON& Tower with Radar,0,3,6,1,10,0,0,13,0,13,0,3,19,1,23,16,0,16,39
02/13/2023,SUX,IA,ACE,CE,Combined TRACON& Tower with Radar,0,5,12,2,19,0,1,26,0,27,0,6,38,2,46,4,0,4,50
02/14/2023,SUX,IA,ACE,CE,Combined TRACON& Tower with Radar,0,5,12,8,25,0,0,1,0,1,0,5,13,8,26,0,0,0,26
02/15/2023,SUX,IA,ACE,CE,Combined TRACON& Tower with Radar,0,6,11,3,20,0,0,2,0,2,0,6,13,3,22,4,0,4,26
02/16/2023,SUX,IA,ACE,CE,Combined TRACON& Tower with Radar,0,5,13,14,32,0,1,8,0,9,0,6,21,14,41,0,6,6,47
02/17/2023,SUX,IA,ACE,CE,Combined TRACON& Tower with Radar,0,5,19,0,24,0,3,22,0,25,0,8,41,0,49,20,0,20,69
02/18/2023,SUX,IA,ACE,CE,Combined TRACON& Tower with Radar,0,3,9,1,13,0,1,14,0,15,0,4,23,1,28,68,0,68,96
02/19/2023,SUX,IA,ACE,CE,Combined TRACON& Tower with Radar,0,5,8,0,13,0,3,13,0,16,0,8,21,0,29,26,0,26,55
02/20/2023,SUX,IA,ACE,CE,Combined TRACON& Tower with Radar,0,3,10,1,14,0,5,15,0,20,0,8,25,1,34,40,0,40,74
02/21/2023,SUX,IA,ACE,CE,Combined TRACON& Tower with Radar,0,7,13,2,22,0,4,12,0,16,0,11,25,2,38,12,0,12,50
02/22/2023,SUX,IA,ACE,CE,Combined TRACON& Tower with Radar,0,4,4,0,8,0,0,0,0,0,0,4,4,0,8,0,0,0,8
02/23/2023,SUX,IA,ACE,CE,Combined TRACON& Tower with Radar,0,6,7,1,14,0,0,2,1,3,0,6,9,2,17,0,0,0,17
02/24/2023,SUX,IA,ACE,CE,Combined TRACON& Tower with Radar,0,3,7,3,13,0,2,4,0,6,0,5,11,3,19,0,0,0,19
02/25/2023,SUX,IA,ACE,CE,Combined TRACON& Tower with Radar,0,5,4,2,11,0,4,16,0,20,0,9,20,2,31,32,0,32,63
02/26/2023,SUX,IA,ACE,CE,Combined TRACON& Tower with Radar,0,3,14,0,17,0,0,8,0,8,0,3,22,0,25,6,0,6,31
02/27/2023,SUX,IA,ACE,CE,Combined TRACON& Tower with Radar,0,5,7,0,12,0,0,4,0,4,0,5,11,0,16,10,0,10,26
02/28/2023,SUX,IA,ACE,CE,Combined TRACON& Tower with Radar,0,3,7,8,18,0,2,8,1,11,0,5,15,9,29,22,0,22,51
03/01/2023,SUX,IA,ACE,CE,Combined TRACON& Tower with Radar,0,3,18,4,25,0,2,3,0,5,0,5,21,4,30,0,8,8,38
03/02/2023,SUX,IA,ACE,CE,Combined TRACON& Tower with Radar,0,5,16,0,21,0,0,4,0,4,0,5,20,0,25,4,0,4,29
03/03/2023,SUX,IA,ACE,CE,Combined TRACON& Tower with Radar,0,5,15,2,22,0,1,25,0,26,0,6,40,2,48,54,0,54,102
03/04/2023,SUX,IA,ACE,CE,Combined TRACON& Tower with Radar,0,5,6,0,11,0,4,18,0,22,0,9,24,0,33,42,0,42,75
03/05/2023,SUX,IA,ACE,CE,Combined TRACON& Tower with Radar,0,3,4,0,7,0,6,0,0,6,0,9,4,0,13,0,0,0,13
03/06/2023,SUX,IA,ACE,CE,Combined TRACON& Tower with Radar,0,5,12,1,18,0,2,1,0,3,0,7,13,1,21,0,0,0,21
03/07/2023,SUX,IA,ACE,CE,Combined TRACON& Tower with Radar,0,7,13,2,22,0,0,7,0,7,0,7,20,2,29,14,0,14,43
03/08/2023,SUX,IA,ACE,CE,Combined TRACON& Tower with Radar,0,5,12,1,18,0,0,0,0,0,0,5,12,1,18,0,0,0,18
03/09/2023,SUX,IA,ACE,CE,Combined TRACON& Tower with Radar,0,3,8,1,12,0,0,0,0,0,0,3,8,1,12,0,0,0,12
03/10/2023,SUX,IA,ACE,CE,Combined TRACON& Tower with Radar,0,7,13,0,20,0,1,6,0,7,0,8,19,0,27,18,0,18,45
03/11/2023,SUX,IA,ACE,CE,Combined TRACON& Tower with Radar,0,3,1,0,4,0,1,1,0,2,0,4,2,0,6,0,0,0,6
03/12/2023,SUX,IA,ACE,CE,Combined TRACON& Tower with Radar,0,2,6,0,8,0,2,0,0,2,0,4,6,0,10,0,0,0,10
03/13/2023,SUX,IA,ACE,CE,Combined TRACON& Tower with Radar,0,7,10,0,17,0,0,9,0,9,0,7,19,0,26,11,0,11,37
03/14/2023,SUX,IA,ACE,CE,Combined TRACON& Tower with Radar,0,5,24,4,33,0,4,10,0,14,0,9,34,4,47,6,2,8,55
03/15/2023,SUX,IA,ACE,CE,Combined TRACON& Tower with Radar,0,3,19,3,25,0,1,10,1,12,0,4,29,4,37,36,0,36,73
03/16/2023,SUX,IA,ACE,CE,Combined TRACON& Tower with Radar,0,3,13,0,16,0,0,0,0,0,0,3,13,0,16,0,0,0,16
03/17/2023,SUX,IA,ACE,CE,Combined TRACON& Tower with Radar,0,5,12,3,20,0,2,4,0,6,0,7,16,3,26,0,0,0,26
03/18/2023,SUX,IA,ACE,CE,Combined TRACON& Tower with Radar,0,3,3,0,6,0,2,1,0,3,0,5,4,0,9,0,0,0,9
03/19/2023,SUX,IA,ACE,CE,Combined TRACON& Tower with Radar,0,3,10,1,14,0,3,14,0,17,0,6,24,1,31,42,0,42,73
03/20/2023,SUX,IA,ACE,CE,Combined TRACON& Tower with Radar,0,9,12,0,21,0,4,31,0,35,0,13,43,0,56,48,0,48,104
03/21/2023,SUX,IA,ACE,CE,Combined TRACON& Tower with Radar,0,5,14,12,31,0,0,1,1,2,0,5,15,13,33,0,6,6,39
03/22/2023,SUX,IA,ACE,CE,Combined TRACON& Tower with Radar,0,5,18,11,34,0,2,14,0,16,0,7,32,11,50,44,4,48,98
03/23/2023,SUX,IA,ACE,CE,Combined TRACON& Tower with Radar,0,5,12,8,25,0,2,13,0,15,0,7,25,8,40,54,0,54,94
03/24/2023,SUX,IA,ACE,CE,Combined TRACON& Tower with Radar,0,4,18,9,31,0,2,20,0,22,0,6,38,9,53,16,16,32,85
03/25/2023,SUX,IA,ACE,CE,Combined TRACON& Tower with Radar,0,8,12,0,20,0,0,25,0,25,0,8,37,0,45,56,0,56,101
03/26/2023,SUX,IA,ACE,CE,Combined TRACON& Tower with Radar,0,3,9,1,13,0,1,6,0,7,0,4,15,1,20,0,0,0,20
03/27/2023,SUX,IA,ACE,CE,Combined TRACON& Tower with Radar,0,4,12,6,22,0,0,19,0,19,0,4,31,6,41,26,0,26,67
03/28/2023,SUX,IA,ACE,CE,Combined TRACON& Tower with Radar,0,5,10,7,22,0,1,20,0,21,0,6,30,7,43,32,0,32,75
03/29/2023,SUX,IA,ACE,CE,Combined TRACON& Tower with Radar,0,5,11,12,28,0,0,17,0,17,0,5,28,12,45,74,26,100,145
03/30/2023,SUX,IA,ACE,CE,Combined TRACON& Tower with Radar,0,3,8,7,18,0,3,3,0,6,0,6,11,7,24,30,0,30,54
03/31/2023,SUX,IA,ACE,CE,Combined TRACON& Tower with Radar,0,7,11,7,25,0,1,1,0,2,0,8,12,7,27,0,0,0,27
04/01/2023,SUX,IA,ACE,CE,Combined TRACON& Tower with Radar,0,4,8,8,20,0,2,27,0,29,0,6,35,8,49,20,0,20,69
04/02/2023,SUX,IA,ACE,CE,Combined TRACON& Tower with Radar,0,4,14,9,27,0,2,16,0,18,0,6,30,9,45,2,0,2,47
04/03/2023,SUX,IA,ACE,CE,Combined TRACON& Tower with Radar,0,5,12,0,17,0,1,25,1,27,0,6,37,1,44,22,0,22,66
04/04/2023,SUX,IA,ACE,CE,Combined TRACON& Tower with Radar,0,3,8,5,16,0,1,2,0,3,0,4,10,5,19,0,0,0,19
04/05/2023,SUX,IA,ACE,CE,Combined TRACON& Tower with Radar,0,5,17,5,27,0,2,0,0,2,0,7,17,5,29,0,10,10,39
04/06/2023,SUX,IA,ACE,CE,Combined TRACON& Tower with Radar,0,3,21,6,30,0,1,16,0,17,0,4,37,6,47,24,4,28,75
04/07/2023,SUX,IA,ACE,CE,Combined TRACON& Tower with Radar,0,5,11,4,20,0,1,13,0,14,0,6,24,4,34,16,0,16,50
04/08/2023,SUX,IA,ACE,CE,Combined TRACON& Tower with Radar,0,3,1,0,4,0,2,7,0,9,0,5,8,0,13,10,0,10,23
04/09/2023,SUX,IA,ACE,CE,Combined TRACON& Tower with Radar,0,4,3,0,7,0,3,1,0,4,0,7,4,0,11,0,0,0,11
04/10/2023,SUX,IA,ACE,CE,Combined TRACON& Tower with Radar,0,3,20,1,24,0,6,38,1,45,0,9,58,2,69,132,0,132,201
04/11/2023,SUX,IA,ACE,CE,Combined TRACON& Tower with Radar,0,5,18,12,35,0,5,12,2,19,0,10,30,14,54,20,18,38,92
04/12/2023,SUX,IA,ACE,CE,Combined TRACON& Tower with Radar,0,3,10,1,14,0,2,8,0,10,0,5,18,1,24,6,0,6,30
04/13/2023,SUX,IA,ACE,CE,Combined TRACON& Tower with Radar,0,3,15,4,22,0,0,7,1,8,0,3,22,5,30,0,0,0,30
04/14/2023,SUX,IA,ACE,CE,Combined TRACON& Tower with Radar,0,4,6,15,25,0,1,21,0,22,0,5,27,15,47,32,0,32,79
04/15/2023,SUX,IA,ACE,CE,Combined TRACON& Tower with Radar,0,4,3,2,9,0,2,4,0,6,0,6,7,2,15,2,0,2,17
04/16/2023,SUX,IA,ACE,CE,Combined TRACON& Tower with Radar,0,4,8,1,13,0,0,0,0,0,0,4,8,1,13,0,0,0,13
04/17/2023,SUX,IA,ACE,CE,Combined TRACON& Tower with Radar,0,3,20,0,23,0,6,38,0,44,0,9,58,0,67,54,0,54,121
04/18/2023,SUX,IA,ACE,CE,Combined TRACON& Tower with Radar,2,9,14,13,38,0,2,9,1,12,2,11,23,14,50,14,6,20,70
04/19/2023,SUX,IA,ACE,CE,Combined TRACON& Tower with Radar,0,11,29,15,55,0,0,12,0,12,0,11,41,15,67,80,16,96,163
04/20/2023,SUX,IA,ACE,CE,Combined TRACON& Tower with Radar,0,10,12,3,25,0,1,1,0,2,0,11,13,3,27,0,0,0,27
04/21/2023,SUX,IA,ACE,CE,Combined TRACON& Tower with Radar,0,3,13,12,28,0,1,0,0,1,0,4,13,12,29,0,0,0,29
04/22/2023,SUX,IA,ACE,CE,Combined TRACON& Tower with Radar,2,5,0,0,7,0,0,1,0,1,2,5,1,0,8,0,0,0,8
04/23/2023,SUX,IA,ACE,CE,Combined TRACON& Tower with Radar,0,8,9,0,17,0,3,28,0,31,0,11,37,0,48,4,0,4,52
04/24/2023,SUX,IA,ACE,CE,Combined TRACON& Tower with Radar,0,3,21,1,25,5,2,29,0,36,5,5,50,1,61,46,0,46,107
04/25/2023,SUX,IA,ACE,CE,Combined TRACON& Tower with Radar,0,4,11,9,24,0,2,11,2,15,0,6,22,11,39,22,0,22,61
04/26/2023,SUX,IA,ACE,CE,Combined TRACON& Tower with Radar,0,5,15,22,42,0,0,33,0,33,0,5,48,22,75,4,22,26,101
04/27/2023,SUX,IA,ACE,CE,Combined TRACON& Tower with Radar,0,8,9,3,20,0,2,4,3,9,0,10,13,6,29,0,0,0,29
04/28/2023,SUX,IA,ACE,CE,Combined TRACON& Tower with Radar,0,3,10,15,28,0,0,3,0,3,0,3,13,15,31,0,0,0,31
04/29/2023,SUX,IA,ACE,CE,Combined TRACON& Tower with Radar,0,7,10,0,17,0,4,9,0,13,0,11,19,0,30,44,0,44,74
04/30/2023,SUX,IA,ACE,CE,Combined TRACON& Tower with Radar,0,9,7,1,17,0,0,7,0,7,0,9,14,1,24,8,0,8,32
05/01/2023,SUX,IA,ACE,CE,Combined TRACON& Tower with Radar,0,3,6,0,9,0,0,3,0,3,0,3,9,0,12,8,0,8,20
05/02/2023,SUX,IA,ACE,CE,Combined TRACON& Tower with Radar,0,3,19,14,36,0,3,15,0,18,0,6,34,14,54,26,2,28,82
05/03/2023,SUX,IA,ACE,CE,Combined TRACON& Tower with Radar,0,5,21,10,36,0,2,25,0,27,0,7,46,10,63,96,10,106,169
05/04/2023,SUX,IA,ACE,CE,Combined TRACON& Tower with Radar,0,7,13,20,40,0,2,10,0,12,0,9,23,20,52,50,18,68,120
05/05/2023,SUX,IA,ACE,CE,Combined TRACON& Tower with Radar,0,5,19,4,28,0,0,0,0,0,0,5,19,4,28,0,0,0,28
05/06/2023,SUX,IA,ACE,CE,Combined TRACON& Tower with Radar,0,4,13,2,19,0,5,6,0,11,0,9,19,2,30,0,0,0,30
05/07/2023,SUX,IA,ACE,CE,Combined TRACON& Tower with Radar,0,3,9,6,18,0,2,21,0,23,0,5,30,6,41,18,0,18,59
05/08/2023,SUX,IA,ACE,CE,Combined TRACON& Tower with Radar,0,3,19,0,22,0,2,16,0,18,0,5,35,0,40,42,0,42,82
05/09/2023,SUX,IA,ACE,CE,Combined TRACON& Tower with Radar,0,5,9,12,26,0,4,18,0,22,0,9,27,12,48,34,28,62,110
05/10/2023,SUX,IA,ACE,CE,Combined TRACON& Tower with Radar,0,3,19,7,29,0,0,15,0,15,0,3,34,7,44,70,12,82,126
05/11/2023,SUX,IA,ACE,CE,Combined TRACON& Tower with Radar,0,3,14,12,29,0,4,5,0,9,0,7,19,12,38,0,10,10,48
05/12/2023,SUX,IA,ACE,CE,Combined TRACON& Tower with Radar,0,8,13,15,36,0,0,1,0,1,0,8,14,15,37,10,0,10,47
05/13/2023,SUX,IA,ACE,CE,Combined TRACON& Tower with Radar,0,6,13,0,19,0,1,15,0,16,0,7,28,0,35,34,0,34,69
05/14/2023,SUX,IA,ACE,CE,Combined TRACON& Tower with Radar,0,3,9,1,13,0,0,0,0,0,0,3,9,1,13,0,0,0,13
05/15/2023,SUX,IA,ACE,CE,Combined TRACON& Tower with Radar,0,5,19,1,25,0,1,16,0,17,0,6,35,1,42,46,0,46,88
05/16/2023,SUX,IA,ACE,CE,Combined TRACON& Tower with Radar,0,4,19,21,44,0,0,19,1,20,0,4,38,22,64,34,22,56,120
05/17/2023,SUX,IA,ACE,CE,Combined TRACON& Tower with Radar,0,4,17,6,27,0,1,22,0,23,0,5,39,6,50,0,6,6,56
05/18/2023,SUX,IA,ACE,CE,Combined TRACON& Tower with Radar,0,3,19,3,25,0,1,0,0,1,0,4,19,3,26,0,0,0,26
05/19/2023,SUX,IA,ACE,CE,Combined TRACON& Tower with Radar,0,4,11,14,29,0,5,16,0,21,0,9,27,14,50,0,22,22,72
05/20/2023,SUX,IA,ACE,CE,Combined TRACON& Tower with Radar,0,3,8,0,11,0,2,36,0,38,0,5,44,0,49,50,0,50,99
05/21/2023,SUX,IA,ACE,CE,Combined TRACON& Tower with Radar,0,5,3,1,9,0,0,20,0,20,0,5,23,1,29,6,0,6,35
05/22/2023,SUX,IA,ACE,CE,Combined TRACON& Tower with Radar,0,3,15,0,18,0,0,25,0,25,0,3,40,0,43,18,0,18,61
05/23/2023,SUX,IA,ACE,CE,Combined TRACON& Tower with Radar,0,8,8,14,30,0,5,22,0,27,0,13,30,14,57,86,6,92,149
05/24/2023,SUX,IA,ACE,CE,Combined TRACON& Tower with Radar,0,6,16,7,29,0,1,26,15,42,0,7,42,22,71,64,0,64,135
05/25/2023,SUX,IA,ACE,CE,Combined TRACON& Tower with Radar,0,5,15,1,21,0,5,13,0,18,0,10,28,1,39,32,0,32,71
05/26/2023,SUX,IA,ACE,CE,Combined TRACON& Tower with Radar,0,7,6,0,13,0,1,17,0,18,0,8,23,0,31,22,0,22,53
05/27/2023,SUX,IA,ACE,CE,Combined TRACON& Tower with Radar,0,4,3,0,7,0,1,9,0,10,0,5,12,0,17,8,0,8,25
05/28/2023,SUX,IA,ACE,CE,Combined TRACON& Tower with Radar,0,3,0,0,3,0,5,3,0,8,0,8,3,0,11,0,0,0,11
05/29/2023,SUX,IA,ACE,CE,Combined TRACON& Tower with Radar,0,5,6,1,12,0,0,21,0,21,0,5,27,1,33,20,0,20,53
05/30/2023,SUX,IA,ACE,CE,Combined TRACON& Tower with Radar,0,4,14,1,19,0,2,22,0,24,0,6,36,1,43,44,0,44,87
05/31/2023,SUX,IA,ACE,CE,Combined TRACON& Tower with Radar,0,6,13,22,41,1,0,20,0,21,1,6,33,22,62,26,22,48,110
06/01/2023,SUX,IA,ACE,CE,Combined TRACON& Tower with Radar,0,3,26,16,45,0,0,25,2,27,0,3,51,18,72,14,4,18,90
06/02/2023,SUX,IA,ACE,CE,Combined TRACON& Tower with Radar,0,3,11,15,29,0,0,17,0,17,0,3,28,15,46,12,10,22,68
06/03/2023,SUX,IA,ACE,CE,Combined TRACON& Tower with Radar,0,5,4,10,19,0,4,18,0,22,0,9,22,10,41,0,0,0,41
06/04/2023,SUX,IA,ACE,CE,Combined TRACON& Tower with Radar,0,3,5,0,8,0,2,16,0,18,0,5,21,0,26,2,0,2,28
06/05/2023,SUX,IA,ACE,CE,Combined TRACON& Tower with Radar,0,3,16,9,28,0,3,15,0,18,0,6,31,9,46,64,4,68,114
06/06/2023,SUX,IA,ACE,CE,Combined TRACON& Tower with Radar,0,4,21,17,42,0,5,29,5,39,0,9,50,22,81,57,24,81,162
06/07/2023,SUX,IA,ACE,CE,Combined TRACON& Tower with Radar,0,3,17,19,39,0,0,30,0,30,0,3,47,19,69,72,6,78,147
06/08/2023,SUX,IA,ACE,CE,Combined TRACON& Tower with Radar,0,3,15,22,40,0,1,19,5,25,0,4,34,27,65,64,28,92,157
06/09/2023,SUX,IA,ACE,CE,Combined TRACON& Tower with Radar,0,3,14,0,17,0,2,5,4,11,0,5,19,4,28,28,0,28,56
06/10/2023,SUX,IA,ACE,CE,Combined TRACON& Tower with Radar,0,3,3,0,6,0,4,20,3,27,0,7,23,3,33,60,0,60,93
06/11/2023,SUX,IA,ACE,CE,Combined TRACON& Tower with Radar,0,5,10,1,16,0,4,8,0,12,0,9,18,1,28,8,0,8,36
06/12/2023,SUX,IA,ACE,CE,Combined TRACON& Tower with Radar,0,8,8,1,17,0,1,17,0,18,0,9,25,1,35,72,0,72,107
06/13/2023,SUX,IA,ACE,CE,Combined TRACON& Tower with Radar,0,4,16,0,20,0,2,21,0,23,0,6,37,0,43,74,0,74,117
06/14/2023,SUX,IA,ACE,CE,Combined TRACON& Tower with Radar,0,8,14,3,25,0,0,22,0,22,0,8,36,3,47,54,0,54,101
06/15/2023,SUX,IA,ACE,CE,Combined TRACON& Tower with Radar,0,5,18,20,43,0,0,39,0,39,0,5,57,20,82,124,8,132,214
06/16/2023,SUX,IA,ACE,CE,Combined TRACON& Tower with Radar,0,4,12,10,26,0,4,21,3,28,0,8,33,13,54,40,6,46,100
06/17/2023,SUX,IA,ACE,CE,Combined TRACON& Tower with Radar,0,5,5,0,10,0,0,8,0,8,0,5,13,0,18,4,0,4,22
06/18/2023,SUX,IA,ACE,CE,Combined TRACON& Tower with Radar,0,6,10,0,16,0,4,7,1,12,0,10,17,1,28,28,0,28,56
06/19/2023,SUX,IA,ACE,CE,Combined TRACON& Tower with Radar,0,5,12,0,17,0,0,18,1,19,0,5,30,1,36,68,0,68,104
06/20/2023,SUX,IA,ACE,CE,Combined TRACON& Tower with Radar,0,3,19,0,22,0,4,14,0,18,0,7,33,0,40,38,0,38,78
06/21/2023,SUX,IA,ACE,CE,Combined TRACON& Tower with Radar,0,6,24,20,50,0,3,24,1,28,0,9,48,21,78,28,12,40,118
06/22/2023,SUX,IA,ACE,CE,Combined TRACON& Tower with Radar,0,6,13,18,37,0,1,21,0,22,0,7,34,18,59,8,2,10,69
06/23/2023,SUX,IA,ACE,CE,Combined TRACON& Tower with Radar,0,4,9,8,21,0,2,40,1,43,0,6,49,9,64,41,2,43,107
06/24/2023,SUX,IA,ACE,CE,Combined TRACON& Tower with Radar,0,3,3,0,6,0,2,5,0,7,0,5,8,0,13,0,0,0,13
06/25/2023,SUX,IA,ACE,CE,Combined TRACON& Tower with Radar,0,5,6,0,11,0,0,1,0,1,0,5,7,0,12,0,0,0,12
06/26/2023,SUX,IA,ACE,CE,Combined TRACON& Tower with Radar,0,3,17,0,20,0,3,27,0,30,0,6,44,0,50,24,0,24,74
06/27/2023,SUX,IA,ACE,CE,Combined TRACON& Tower with Radar,0,3,10,31,44,0,3,12,2,17,0,6,22,33,61,8,34,42,103
06/28/2023,SUX,IA,ACE,CE,Combined TRACON& Tower with Radar,0,11,23,7,41,0,4,22,0,26,0,15,45,7,67,88,2,90,157
06/29/2023,SUX,IA,ACE,CE,Combined TRACON& Tower with Radar,0,6,12,9,27,0,2,23,6,31,0,8,35,15,58,24,20,44,102
06/30/2023,SUX,IA,ACE,CE,Combined TRACON& Tower with Radar,0,6,9,6,21,0,2,46,0,48,0,8,55,6,69,40,0,40,109
07/01/2023,SUX,IA,ACE,CE,Combined TRACON& Tower with Radar,0,5,4,1,10,0,5,8,1,14,0,10,12,2,24,10,0,10,34
07/02/2023,SUX,IA,ACE,CE,Combined TRACON& Tower with Radar,0,3,1,0,4,0,1,17,0,18,0,4,18,0,22,0,0,0,22
07/03/2023,SUX,IA,ACE,CE,Combined TRACON& Tower with Radar,0,3,4,0,7,0,6,31,0,37,0,9,35,0,44,22,0,22,66
07/04/2023,SUX,IA,ACE,CE,Combined TRACON& Tower with Radar,0,4,6,0,10,0,1,2,0,3,0,5,8,0,13,2,0,2,15
07/05/2023,SUX,IA,ACE,CE,Combined TRACON& Tower with Radar,0,4,17,6,27,0,0,13,0,13,0,4,30,6,40,62,0,62,102
07/06/2023,SUX,IA,ACE,CE,Combined TRACON& Tower with Radar,0,4,14,16,34,0,2,34,0,36,0,6,48,16,70,56,14,70,140
07/07/2023,SUX,IA,ACE,CE,Combined TRACON& Tower with Radar,0,6,9,0,15,0,1,1,0,2,0,7,10,0,17,0,0,0,17
07/08/2023,SUX,IA,ACE,CE,Combined TRACON& Tower with Radar,0,6,6,2,14,0,0,25,0,25,0,6,31,2,39,32,0,32,71
07/09/2023,SUX,IA,ACE,CE,Combined TRACON& Tower with Radar,0,8,11,0,19,0,1,13,0,14,0,9,24,0,33,2,0,2,35
07/10/2023,SUX,IA,ACE,CE,Combined TRACON& Tower with Radar,0,5,7,3,15,0,0,11,0,11,0,5,18,3,26,0,0,0,26
07/11/2023,SUX,IA,ACE,CE,Combined TRACON& Tower with Radar,0,6,18,10,34,0,0,19,0,19,0,6,37,10,53,8,8,16,69
07/12/2023,SUX,IA,ACE,CE,Combined TRACON& Tower with Radar,0,6,16,8,30,0,1,71,0,72,0,7,87,8,102,32,10,42,144
07/13/2023,SUX,IA,ACE,CE,Combined TRACON& Tower with Radar,0,3,17,25,45,0,1,115,0,116,0,4,132,25,161,0,22,22,183
07/14/2023,SUX,IA,ACE,CE,Combined TRACON& Tower with Radar,0,5,23,25,53,0,3,62,0,65,0,8,85,25,118,8,0,8,126
07/15/2023,SUX,IA,ACE,CE,Combined TRACON& Tower with Radar,0,4,17,1,22,0,1,18,0,19,0,5,35,1,41,10,0,10,51
07/16/2023,SUX,IA,ACE,CE,Combined TRACON& Tower with Radar,0,3,8,0,11,0,0,13,0,13,0,3,21,0,24,6,0,6,30
07/17/2023,SUX,IA,ACE,CE,Combined TRACON& Tower with Radar,0,3,23,0,26,0,0,47,0,47,0,3,70,0,73,72,0,72,145
07/18/2023,SUX,IA,ACE,CE,Combined TRACON& Tower with Radar,0,3,11,8,22,0,7,35,2,44,0,10,46,10,66,54,12,66,132
07/19/2023,SUX,IA,ACE,CE,Combined TRACON& Tower with Radar,0,5,17,6,28,0,2,38,0,40,0,7,55,6,68,22,2,24,92
07/20/2023,SUX,IA,ACE,CE,Combined TRACON& Tower with Radar,0,4,20,14,38,0,2,37,0,39,0,6,57,14,77,46,10,56,133
07/21/2023,SUX,IA,ACE,CE,Combined TRACON& Tower with Radar,0,5,17,7,29,0,2,36,0,38,0,7,53,7,67,122,2,124,191
07/22/2023,SUX,IA,ACE,CE,Combined TRACON& Tower with Radar,0,8,7,0,15,0,4,62,0,66,0,12,69,0,81,40,0,40,121
07/23/2023,SUX,IA,ACE,CE,Combined TRACON& Tower with Radar,1,3,13,2,19,0,3,37,0,40,1,6,50,2,59,20,0,20,79
07/24/2023,SUX,IA,ACE,CE,Combined TRACON& Tower with Radar,0,3,13,1,17,0,3,24,0,27,0,6,37,1,44,36,0,36,80
07/25/2023,SUX,IA,ACE,CE,Combined TRACON& Tower with Radar,0,5,18,9,32,0,2,16,0,18,0,7,34,9,50,44,6,50,100
07/26/2023,SUX,IA,ACE,CE,Combined TRACON& Tower with Radar,0,10,21,3,34,0,2,26,2,30,0,12,47,5,64,16,0,16,80
07/27/2023,SUX,IA,ACE,CE,Combined TRACON& Tower with Radar,0,8,23,12,43,0,1,20,1,22,0,9,43,13,65,22,2,24,89
07/28/2023,SUX,IA,ACE,CE,Combined TRACON& Tower with Radar,0,7,16,5,28,0,0,37,0,37,0,7,53,5,65,38,8,46,111
07/29/2023,SUX,IA,ACE,CE,Combined TRACON& Tower with Radar,0,6,9,0,15,0,0,34,1,35,0,6,43,1,50,4,0,4,54
07/30/2023,SUX,IA,ACE,CE,Combined TRACON& Tower with Radar,0,9,16,0,25,0,3,27,0,30,0,12,43,0,55,14,0,14,69
07/31/2023,SUX,IA,ACE,CE,Combined TRACON& Tower with Radar,0,8,18,1,27,0,2,35,2,39,0,10,53,3,66,46,0,46,112
08/01/2023,SUX,IA,ACE,CE,Combined TRACON& Tower with Radar,0,5,8,6,19,0,2,10,0,12,0,7,18,6,31,0,0,0,31
08/02/2023,SUX,IA,ACE,CE,Combined TRACON& Tower with Radar,0,3,11,8,22,0,2,7,0,9,0,5,18,8,31,40,0,40,71
08/03/2023,SUX,IA,ACE,CE,Combined TRACON& Tower with Radar,0,3,19,20,42,0,2,24,0,26,0,5,43,20,68,26,24,50,118
08/04/2023,SUX,IA,ACE,CE,Combined TRACON& Tower with Radar,0,2,9,4,15,0,1,19,0,20,0,3,28,4,35,64,4,68,103
08/05/2023,SUX,IA,ACE,CE,Combined TRACON& Tower with Radar,2,5,15,5,27,0,2,4,0,6,2,7,19,5,33,22,2,24,57
08/06/2023,SUX,IA,ACE,CE,Combined TRACON& Tower with Radar,0,3,8,2,13,0,0,0,0,0,0,3,8,2,13,0,0,0,13
08/07/2023,SUX,IA,ACE,CE,Combined TRACON& Tower with Radar,0,6,11,2,19,0,0,38,1,39,0,6,49,3,58,30,0,30,88
08/08/2023,SUX,IA,ACE,CE,Combined TRACON& Tower with Radar,0,3,19,2,24,0,1,47,1,49,0,4,66,3,73,72,0,72,145
08/09/2023,SUX,IA,ACE,CE,Combined TRACON& Tower with Radar,2,3,24,5,34,0,1,22,0,23,2,4,46,5,57,38,0,38,95
08/10/2023,SUX,IA,ACE,CE,Combined TRACON& Tower with Radar,0,4,11,11,26,0,3,21,0,24,0,7,32,11,50,48,4,52,102
08/11/2023,SUX,IA,ACE,CE,Combined TRACON& Tower with Radar,0,3,14,3,20,0,2,29,0,31,0,5,43,3,51,38,0,38,89
08/12/2023,SUX,IA,ACE,CE,Combined TRACON& Tower with Radar,0,6,9,0,15,0,1,26,0,27,0,7,35,0,42,66,0,66,108
08/13/2023,SUX,IA,ACE,CE,Combined TRACON& Tower with Radar,0,10,14,0,24,0,0,3,0,3,0,10,17,0,27,0,0,0,27
08/14/2023,SUX,IA,ACE,CE,Combined TRACON& Tower with Radar,0,3,11,0,14,0,1,1,0,2,0,4,12,0,16,0,0,0,16
08/15/2023,SUX,IA,ACE,CE,Combined TRACON& Tower with Radar,0,6,24,18,48,0,8,42,2,52,0,14,66,20,100,66,10,76,176
08/16/2023,SUX,IA,ACE,CE,Combined TRACON& Tower with Radar,0,5,20,5,30,0,0,31,0,31,0,5,51,5,61,58,0,58,119
08/17/2023,SUX,IA,ACE,CE,Combined TRACON& Tower with Radar,0,3,8,13,24,0,0,27,1,28,0,3,35,14,52,30,28,58,110
08/18/2023,SUX,IA,ACE,CE,Combined TRACON& Tower with Radar,0,3,11,3,17,0,3,12,0,15,0,6,23,3,32,22,0,22,54
08/19/2023,SUX,IA,ACE,CE,Combined TRACON& Tower with Radar,0,7,5,1,13,0,2,31,0,33,0,9,36,1,46,88,0,88,134
08/20/2023,SUX,IA,ACE,CE,Combined TRACON& Tower with Radar,0,3,14,1,18,0,2,10,0,12,0,5,24,1,30,0,0,0,30
08/21/2023,SUX,IA,ACE,CE,Combined TRACON& Tower with Radar,0,3,9,0,12,0,1,22,0,23,0,4,31,0,35,36,0,36,71
08/22/2023,SUX,IA,ACE,CE,Combined TRACON& Tower with Radar,0,7,18,8,33,0,2,5,0,7,0,9,23,8,40,8,6,14,54
08/23/2023,SUX,IA,ACE,CE,Combined TRACON& Tower with Radar,0,2,15,2,19,0,2,22,0,24,0,4,37,2,43,46,0,46,89
08/24/2023,SUX,IA,ACE,CE,Combined TRACON& Tower with Radar,0,6,15,32,53,0,0,7,3,10,0,6,22,35,63,14,34,48,111
08/25/2023,SUX,IA,ACE,CE,Combined TRACON& Tower with Radar,0,5,18,8,31,0,3,33,1,37,0,8,51,9,68,32,8,40,108
08/26/2023,SUX,IA,ACE,CE,Combined TRACON& Tower with Radar,0,3,4,7,14,0,11,22,0,33,0,14,26,7,47,24,14,38,85
08/27/2023,SUX,IA,ACE,CE,Combined TRACON& Tower with Radar,0,7,7,0,14,0,4,24,0,28,0,11,31,0,42,8,0,8,50
08/28/2023,SUX,IA,ACE,CE,Combined TRACON& Tower with Radar,0,5,16,1,22,0,4,30,0,34,0,9,46,1,56,40,0,40,96
08/29/2023,SUX,IA,ACE,CE,Combined TRACON& Tower with Radar,0,5,14,16,35,0,2,31,3,36,0,7,45,19,71,56,6,62,133
08/30/2023,SUX,IA,ACE,CE,Combined TRACON& Tower with Radar,0,5,29,10,44,0,1,20,1,22,0,6,49,11,66,80,10,90,156
08/31/2023,SUX,IA,ACE,CE,Combined TRACON& Tower with Radar,0,5,23,9,37,0,2,21,2,25,0,7,44,11,62,22,10,32,94
