01/01/2000,SWF,NY,AEA,EN,Federal Contract Tower,9,28,10,1,48,0,7,89,0,96,9,35,99,1,144,66,0,66,210
01/02/2000,SWF,NY,AEA,EN,Federal Contract Tower,11,34,12,0,57,0,11,26,0,37,11,45,38,0,94,32,0,32,126
01/03/2000,SWF,NY,AEA,EN,Federal Contract Tower,8,43,15,0,66,0,13,173,0,186,8,56,188,0,252,340,0,340,592
01/04/2000,SWF,NY,AEA,EN,Federal Contract Tower,21,49,17,2,89,0,11,63,0,74,21,60,80,2,163,44,0,44,207
01/05/2000,SWF,NY,AEA,EN,Federal Contract Tower,19,54,18,6,97,0,5,194,10,209,19,59,212,16,306,286,22,308,614
01/06/2000,SWF,NY,AEA,EN,Federal Contract Tower,17,52,19,6,94,0,2,213,16,231,17,54,232,22,325,244,26,270,595
01/07/2000,SWF,NY,AEA,EN,Federal Contract Tower,26,36,20,7,89,22,0,227,10,259,48,36,247,17,348,218,22,240,588
01/08/2000,SWF,NY,AEA,EN,Federal Contract Tower,17,16,13,4,50,19,0,108,40,167,36,16,121,44,217,248,68,316,533
01/09/2000,SWF,NY,AEA,EN,Federal Contract Tower,11,42,15,5,73,0,2,247,31,280,11,44,262,36,353,482,36,518,871
01/10/2000,SWF,NY,AEA,EN,Federal Contract Tower,17,48,17,3,85,0,3,44,0,47,17,51,61,3,132,62,10,72,204
01/11/2000,SWF,NY,AEA,EN,Federal Contract Tower,19,55,18,8,100,0,0,76,4,80,19,55,94,12,180,88,4,92,272
01/12/2000,SWF,NY,AEA,EN,Federal Contract Tower,22,45,15,6,88,0,17,199,8,224,22,62,214,14,312,264,26,290,602
01/13/2000,SWF,NY,AEA,EN,Federal Contract Tower,23,47,11,3,84,1,7,0,0,8,24,54,11,3,92,0,0,0,92
01/14/2000,SWF,NY,AEA,EN,Federal Contract Tower,25,25,16,4,70,31,0,76,0,107,56,25,92,4,177,32,0,32,209
01/15/2000,SWF,NY,AEA,EN,Federal Contract Tower,13,35,11,5,64,0,30,165,13,208,13,65,176,18,272,280,44,324,596
01/16/2000,SWF,NY,AEA,EN,Federal Contract Tower,8,30,10,0,48,0,11,52,0,63,8,41,62,0,111,50,0,50,161
01/17/2000,SWF,NY,AEA,EN,Federal Contract Tower,14,35,12,0,61,0,12,68,0,80,14,47,80,0,141,10,0,10,151
01/18/2000,SWF,NY,AEA,EN,Federal Contract Tower,27,46,18,8,99,5,0,71,12,88,32,46,89,20,187,32,16,48,235
01/19/2000,SWF,NY,AEA,EN,Federal Contract Tower,19,57,19,8,103,0,8,168,17,193,19,65,187,25,296,222,36,258,554
01/20/2000,SWF,NY,AEA,EN,Federal Contract Tower,20,45,13,4,82,0,6,0,0,6,20,51,13,4,88,0,0,0,88
01/21/2000,SWF,NY,AEA,EN,Federal Contract Tower,26,27,18,8,79,23,0,94,14,131,49,27,112,22,210,88,44,132,342
01/22/2000,SWF,NY,AEA,EN,Federal Contract Tower,11,30,10,5,56,0,11,32,3,46,11,41,42,8,102,12,18,30,132
01/23/2000,SWF,NY,AEA,EN,Federal Contract Tower,15,38,12,6,71,0,0,92,0,92,15,38,104,6,163,148,10,158,321
01/24/2000,SWF,NY,AEA,EN,Federal Contract Tower,11,42,14,6,73,0,11,187,5,203,11,53,201,11,276,290,10,300,576
01/25/2000,SWF,NY,AEA,EN,Federal Contract Tower,10,12,7,0,29,6,0,5,0,11,16,12,12,0,40,0,0,0,40
01/26/2000,SWF,NY,AEA,EN,Federal Contract Tower,26,52,17,4,99,0,0,3,0,3,26,52,20,4,102,40,0,40,142
01/27/2000,SWF,NY,AEA,EN,Federal Contract Tower,23,25,16,6,70,16,0,147,16,179,39,25,163,22,249,64,14,78,327
01/28/2000,SWF,NY,AEA,EN,Federal Contract Tower,20,48,15,6,89,0,3,113,8,124,20,51,128,14,213,44,4,48,261
01/29/2000,SWF,NY,AEA,EN,Federal Contract Tower,10,34,11,4,59,0,5,253,4,262,10,39,264,8,321,280,4,284,605
01/30/2000,SWF,NY,AEA,EN,Federal Contract Tower,6,30,10,4,50,0,0,77,0,77,6,30,87,4,127,152,24,176,303
01/31/2000,SWF,NY,AEA,EN,Federal Contract Tower,9,33,11,0,53,0,10,51,0,61,9,43,62,0,114,42,0,42,156
02/01/2000,SWF,NY,AEA,EN,Federal Contract Tower,21,53,19,6,99,0,4,106,16,126,21,57,125,22,225,186,30,216,441
02/02/2000,SWF,NY,AEA,EN,Federal Contract Tower,22,47,18,5,92,0,7,157,10,174,22,54,175,15,266,92,14,106,372
02/03/2000,SWF,NY,AEA,EN,Federal Contract Tower,27,30,19,6,82,24,0,3,1,28,51,30,22,7,110,0,0,0,110
02/04/2000,SWF,NY,AEA,EN,Federal Contract Tower,18,51,18,6,93,0,0,23,9,32,18,51,41,15,125,18,0,18,143
02/05/2000,SWF,NY,AEA,EN,Federal Contract Tower,14,35,13,4,66,0,2,61,8,71,14,37,74,12,137,136,10,146,283
02/06/2000,SWF,NY,AEA,EN,Federal Contract Tower,7,36,13,4,60,0,9,108,12,129,7,45,121,16,189,220,62,282,471
02/07/2000,SWF,NY,AEA,EN,Federal Contract Tower,9,38,14,4,65,0,14,124,4,142,9,52,138,8,207,200,0,200,407
02/08/2000,SWF,NY,AEA,EN,Federal Contract Tower,20,49,18,6,93,0,12,226,15,253,20,61,244,21,346,278,44,322,668
02/09/2000,SWF,NY,AEA,EN,Federal Contract Tower,23,51,19,6,99,0,0,53,0,53,23,51,72,6,152,166,22,188,340
02/10/2000,SWF,NY,AEA,EN,Federal Contract Tower,28,23,19,7,77,30,0,228,13,271,58,23,247,20,348,172,40,212,560
02/11/2000,SWF,NY,AEA,EN,Federal Contract Tower,20,56,20,8,104,0,7,128,7,142,20,63,148,15,246,114,8,122,368
02/12/2000,SWF,NY,AEA,EN,Federal Contract Tower,12,36,13,5,66,0,16,163,5,184,12,52,176,10,250,168,8,176,426
02/13/2000,SWF,NY,AEA,EN,Federal Contract Tower,5,31,11,3,50,0,15,113,0,128,5,46,124,3,178,322,0,322,500
02/14/2000,SWF,NY,AEA,EN,Federal Contract Tower,12,46,17,6,81,0,8,118,5,131,12,54,135,11,212,118,12,130,342
02/15/2000,SWF,NY,AEA,EN,Federal Contract Tower,24,53,18,7,102,0,6,54,9,69,24,59,72,16,171,142,16,158,329
02/16/2000,SWF,NY,AEA,EN,Federal Contract Tower,24,27,17,6,74,27,0,71,5,103,51,27,88,11,177,62,4,66,243
02/17/2000,SWF,NY,AEA,EN,Federal Contract Tower,28,25,19,7,79,32,0,108,5,145,60,25,127,12,224,114,14,128,352
02/18/2000,SWF,NY,AEA,EN,Federal Contract Tower,16,39,11,2,68,0,11,0,0,11,16,50,11,2,79,0,0,0,79
02/19/2000,SWF,NY,AEA,EN,Federal Contract Tower,12,31,7,2,52,0,10,0,0,10,12,41,7,2,62,0,0,0,62
02/20/2000,SWF,NY,AEA,EN,Federal Contract Tower,12,30,11,2,55,0,12,98,0,110,12,42,109,2,165,244,0,244,409
02/21/2000,SWF,NY,AEA,EN,Federal Contract Tower,20,41,14,4,79,0,7,130,0,137,20,48,144,4,216,210,0,210,426
02/22/2000,SWF,NY,AEA,EN,Federal Contract Tower,18,49,17,7,91,0,10,115,5,130,18,59,132,12,221,130,10,140,361
02/23/2000,SWF,NY,AEA,EN,Federal Contract Tower,27,27,18,7,79,29,0,131,11,171,56,27,149,18,250,202,22,224,474
02/24/2000,SWF,NY,AEA,EN,Federal Contract Tower,24,54,19,7,104,0,4,110,13,127,24,58,129,20,231,196,12,208,439
02/25/2000,SWF,NY,AEA,EN,Federal Contract Tower,22,57,20,7,106,0,5,4,0,9,22,62,24,7,115,0,0,0,115
02/26/2000,SWF,NY,AEA,EN,Federal Contract Tower,24,15,16,2,57,13,0,21,0,34,37,15,37,2,91,0,0,0,91
02/27/2000,SWF,NY,AEA,EN,Federal Contract Tower,7,45,16,3,71,0,5,13,0,18,7,50,29,3,89,0,0,0,89
02/28/2000,SWF,NY,AEA,EN,Federal Contract Tower,11,45,16,5,77,0,7,95,9,111,11,52,111,14,188,160,12,172,360
02/29/2000,SWF,NY,AEA,EN,Federal Contract Tower,21,49,17,6,93,0,10,160,6,176,21,59,177,12,269,190,44,234,503
03/01/2000,SWF,NY,AEA,EN,Federal Contract Tower,28,24,17,6,75,25,0,109,3,137,53,24,126,9,212,112,24,136,348
03/02/2000,SWF,NY,AEA,EN,Federal Contract Tower,19,53,21,7,100,0,2,148,13,163,19,55,169,20,263,300,22,322,585
03/03/2000,SWF,NY,AEA,EN,Federal Contract Tower,31,22,19,7,79,25,0,155,21,201,56,22,174,28,280,288,40,328,608
03/04/2000,SWF,NY,AEA,EN,Federal Contract Tower,11,42,17,6,76,0,15,208,25,248,11,57,225,31,324,320,56,376,700
03/05/2000,SWF,NY,AEA,EN,Federal Contract Tower,7,40,15,5,67,0,12,182,21,215,7,52,197,26,282,220,86,306,588
03/06/2000,SWF,NY,AEA,EN,Federal Contract Tower,9,41,16,6,72,0,23,151,5,179,9,64,167,11,251,200,28,228,479
03/07/2000,SWF,NY,AEA,EN,Federal Contract Tower,32,29,20,7,88,23,0,104,5,132,55,29,124,12,220,164,14,178,398
03/08/2000,SWF,NY,AEA,EN,Federal Contract Tower,27,52,20,7,106,0,11,168,11,190,27,63,188,18,296,232,44,276,572
03/09/2000,SWF,NY,AEA,EN,Federal Contract Tower,26,48,19,6,99,0,2,47,0,49,26,50,66,6,148,48,0,48,196
03/10/2000,SWF,NY,AEA,EN,Federal Contract Tower,27,44,17,6,94,0,12,72,9,93,27,56,89,15,187,112,8,120,307
03/11/2000,SWF,NY,AEA,EN,Federal Contract Tower,12,30,6,0,48,0,16,0,0,16,12,46,6,0,64,0,0,0,64
03/12/2000,SWF,NY,AEA,EN,Federal Contract Tower,11,34,13,4,62,0,8,53,8,69,11,42,66,12,131,22,10,32,163
03/13/2000,SWF,NY,AEA,EN,Federal Contract Tower,26,23,14,6,69,15,0,182,36,233,41,23,196,42,302,146,18,164,466
03/14/2000,SWF,NY,AEA,EN,Federal Contract Tower,31,26,17,8,82,22,0,150,2,174,53,26,167,10,256,216,32,248,504
03/15/2000,SWF,NY,AEA,EN,Federal Contract Tower,19,48,18,8,93,0,6,171,2,179,19,54,189,10,272,300,0,300,572
03/16/2000,SWF,NY,AEA,EN,Federal Contract Tower,25,48,18,8,99,0,8,64,4,76,25,56,82,12,175,146,0,146,321
03/17/2000,SWF,NY,AEA,EN,Federal Contract Tower,28,26,15,6,75,22,0,86,0,108,50,26,101,6,183,64,4,68,251
03/18/2000,SWF,NY,AEA,EN,Federal Contract Tower,12,30,11,4,57,0,11,187,0,198,12,41,198,4,255,326,8,334,589
03/19/2000,SWF,NY,AEA,EN,Federal Contract Tower,7,29,11,5,52,0,22,176,2,200,7,51,187,7,252,302,22,324,576
03/20/2000,SWF,NY,AEA,EN,Federal Contract Tower,9,45,17,7,78,0,11,269,15,295,9,56,286,22,373,236,6,242,615
03/21/2000,SWF,NY,AEA,EN,Federal Contract Tower,33,28,19,8,88,18,0,70,3,91,51,28,89,11,179,48,4,52,231
03/22/2000,SWF,NY,AEA,EN,Federal Contract Tower,24,47,18,8,97,0,9,78,0,87,24,56,96,8,184,68,0,68,252
03/23/2000,SWF,NY,AEA,EN,Federal Contract Tower,22,49,18,8,97,0,14,50,8,72,22,63,68,16,169,86,8,94,263
03/24/2000,SWF,NY,AEA,EN,Federal Contract Tower,28,28,16,2,74,26,0,131,0,157,54,28,147,2,231,212,2,214,445
03/25/2000,SWF,NY,AEA,EN,Federal Contract Tower,24,33,13,6,76,3,0,252,4,259,27,33,265,10,335,232,0,232,567
03/26/2000,SWF,NY,AEA,EN,Federal Contract Tower,7,33,12,6,58,0,15,152,6,173,7,48,164,12,231,268,0,268,499
03/27/2000,SWF,NY,AEA,EN,Federal Contract Tower,25,25,14,6,70,18,0,135,0,153,43,25,149,6,223,248,6,254,477
03/28/2000,SWF,NY,AEA,EN,Federal Contract Tower,15,45,16,5,81,0,15,59,0,74,15,60,75,5,155,20,0,20,175
03/29/2000,SWF,NY,AEA,EN,Federal Contract Tower,23,50,18,7,98,0,7,44,5,56,23,57,62,12,154,38,0,38,192
03/30/2000,SWF,NY,AEA,EN,Federal Contract Tower,31,31,18,7,87,21,0,154,2,177,52,31,172,9,264,186,10,196,460
03/31/2000,SWF,NY,AEA,EN,Federal Contract Tower,18,49,18,7,92,0,7,183,11,201,18,56,201,18,293,282,12,294,587
04/01/2000,SWF,NY,AEA,EN,Federal Contract Tower,16,36,14,5,71,2,6,247,5,260,18,42,261,10,331,244,2,246,577
04/02/2000,SWF,NY,AEA,EN,Federal Contract Tower,7,35,15,5,62,0,10,189,9,208,7,45,204,14,270,202,32,234,504
04/03/2000,SWF,NY,AEA,EN,Federal Contract Tower,15,21,13,4,53,21,0,81,0,102,36,21,94,4,155,28,2,30,185
04/04/2000,SWF,NY,AEA,EN,Federal Contract Tower,20,56,23,8,107,0,0,65,8,73,20,56,88,16,180,24,0,24,204
04/05/2000,SWF,NY,AEA,EN,Federal Contract Tower,22,49,20,7,98,0,7,98,3,108,22,56,118,10,206,46,6,52,258
04/06/2000,SWF,NY,AEA,EN,Federal Contract Tower,17,52,21,8,98,0,3,120,4,127,17,55,141,12,225,122,0,122,347
04/07/2000,SWF,NY,AEA,EN,Federal Contract Tower,17,59,24,9,109,0,0,140,5,145,17,59,164,14,254,264,72,336,590
04/08/2000,SWF,NY,AEA,EN,Federal Contract Tower,12,38,15,5,70,0,7,121,11,139,12,45,136,16,209,194,42,236,445
04/09/2000,SWF,NY,AEA,EN,Federal Contract Tower,8,29,12,4,53,0,11,8,2,21,8,40,20,6,74,42,0,42,116
04/10/2000,SWF,NY,AEA,EN,Federal Contract Tower,21,30,20,7,78,20,0,161,7,188,41,30,181,14,266,112,6,118,384
04/11/2000,SWF,NY,AEA,EN,Federal Contract Tower,23,30,21,7,81,27,0,66,4,97,50,30,87,11,178,62,0,62,240
04/12/2000,SWF,NY,AEA,EN,Federal Contract Tower,23,52,22,4,101,0,0,8,0,8,23,52,30,4,109,60,0,60,169
04/13/2000,SWF,NY,AEA,EN,Federal Contract Tower,19,47,19,8,93,0,9,87,14,110,19,56,106,22,203,94,14,108,311
04/14/2000,SWF,NY,AEA,EN,Federal Contract Tower,18,55,21,4,98,0,0,159,0,159,18,55,180,4,257,302,22,324,581
04/15/2000,SWF,NY,AEA,EN,Federal Contract Tower,12,43,17,7,79,0,1,53,5,59,12,44,70,12,138,40,8,48,186
04/16/2000,SWF,NY,AEA,EN,Federal Contract Tower,20,20,16,4,60,13,0,171,0,184,33,20,187,4,244,192,6,198,442
04/17/2000,SWF,NY,AEA,EN,Federal Contract Tower,11,49,19,5,84,0,3,12,0,15,11,52,31,5,99,0,0,0,99
04/18/2000,SWF,NY,AEA,EN,Federal Contract Tower,22,49,20,8,99,0,5,175,17,197,22,54,195,25,296,222,44,266,562
04/19/2000,SWF,NY,AEA,EN,Federal Contract Tower,19,49,20,9,97,0,0,101,5,106,19,49,121,14,203,100,6,106,309
04/20/2000,SWF,NY,AEA,EN,Federal Contract Tower,17,46,18,8,89,0,5,160,6,171,17,51,178,14,260,102,38,140,400
04/21/2000,SWF,NY,AEA,EN,Federal Contract Tower,17,35,6,2,60,0,12,0,0,12,17,47,6,2,72,0,0,0,72
04/22/2000,SWF,NY,AEA,EN,Federal Contract Tower,11,34,13,3,61,0,7,1,0,8,11,41,14,3,69,0,0,0,69
04/23/2000,SWF,NY,AEA,EN,Federal Contract Tower,15,19,12,0,46,19,0,58,0,77,34,19,70,0,123,26,0,26,149
04/24/2000,SWF,NY,AEA,EN,Federal Contract Tower,11,46,18,8,83,0,7,160,1,168,11,53,178,9,251,136,28,164,415
04/25/2000,SWF,NY,AEA,EN,Federal Contract Tower,22,46,18,8,94,2,5,124,6,137,24,51,142,14,231,184,12,196,427
04/26/2000,SWF,NY,AEA,EN,Federal Contract Tower,19,15,20,9,63,0,0,59,13,72,19,15,79,22,135,52,18,70,205
04/27/2000,SWF,NY,AEA,EN,Federal Contract Tower,18,56,22,9,105,0,1,58,1,60,18,57,80,10,165,32,0,32,197
04/28/2000,SWF,NY,AEA,EN,Federal Contract Tower,19,52,20,9,100,0,7,200,9,216,19,59,220,18,316,210,20,230,546
04/29/2000,SWF,NY,AEA,EN,Federal Contract Tower,20,18,17,6,61,20,0,227,20,267,40,18,244,26,328,264,18,282,610
04/30/2000,SWF,NY,AEA,EN,Federal Contract Tower,10,38,14,5,67,0,9,130,9,148,10,47,144,14,215,100,10,110,325
05/01/2000,SWF,NY,AEA,EN,Federal Contract Tower,12,42,23,6,83,0,17,63,6,86,12,59,86,12,169,172,8,180,349
05/02/2000,SWF,NY,AEA,EN,Federal Contract Tower,23,48,26,7,104,7,2,118,5,132,30,50,144,12,236,208,0,208,444
05/03/2000,SWF,NY,AEA,EN,Federal Contract Tower,23,47,26,7,103,0,5,105,2,112,23,52,131,9,215,262,16,278,493
05/04/2000,SWF,NY,AEA,EN,Federal Contract Tower,20,51,29,7,107,0,0,147,20,167,20,51,176,27,274,364,42,406,680
05/05/2000,SWF,NY,AEA,EN,Federal Contract Tower,20,42,22,6,90,0,8,104,20,132,20,50,126,26,222,214,22,236,458
05/06/2000,SWF,NY,AEA,EN,Federal Contract Tower,18,16,19,5,58,23,0,167,11,201,41,16,186,16,259,236,18,254,513
05/07/2000,SWF,NY,AEA,EN,Federal Contract Tower,12,42,22,7,83,0,4,170,13,187,12,46,192,20,270,264,18,282,552
05/08/2000,SWF,NY,AEA,EN,Federal Contract Tower,13,42,23,7,85,0,12,102,10,124,13,54,125,17,209,228,14,242,451
05/09/2000,SWF,NY,AEA,EN,Federal Contract Tower,22,54,30,9,115,0,0,107,31,138,22,54,137,40,253,156,40,196,449
05/10/2000,SWF,NY,AEA,EN,Federal Contract Tower,17,32,19,5,73,3,0,3,0,6,20,32,22,5,79,0,0,0,79
05/11/2000,SWF,NY,AEA,EN,Federal Contract Tower,19,49,27,8,103,0,0,213,12,225,19,49,240,20,328,170,10,180,508
05/12/2000,SWF,NY,AEA,EN,Federal Contract Tower,20,52,29,8,109,0,4,69,2,75,20,56,98,10,184,60,12,72,256
05/13/2000,SWF,NY,AEA,EN,Federal Contract Tower,16,32,19,3,70,2,0,23,0,25,18,32,42,3,95,20,0,20,115
05/14/2000,SWF,NY,AEA,EN,Federal Contract Tower,9,33,19,5,66,0,16,170,7,193,9,49,189,12,259,304,28,332,591
05/15/2000,SWF,NY,AEA,EN,Federal Contract Tower,15,44,24,7,90,0,7,114,7,128,15,51,138,14,218,114,18,132,350
05/16/2000,SWF,NY,AEA,EN,Federal Contract Tower,22,47,24,7,100,5,0,108,1,114,27,47,132,8,214,168,8,176,390
05/17/2000,SWF,NY,AEA,EN,Federal Contract Tower,21,52,26,8,107,0,0,152,3,155,21,52,178,11,262,184,14,198,460
05/18/2000,SWF,NY,AEA,EN,Federal Contract Tower,19,50,26,8,103,0,2,164,12,178,19,52,190,20,281,100,10,110,391
05/19/2000,SWF,NY,AEA,EN,Federal Contract Tower,17,44,22,7,90,0,11,14,1,26,17,55,36,8,116,16,4,20,136
05/20/2000,SWF,NY,AEA,EN,Federal Contract Tower,18,19,19,1,57,20,0,92,0,112,38,19,111,1,169,12,0,12,181
05/21/2000,SWF,NY,AEA,EN,Federal Contract Tower,9,40,22,4,75,0,3,9,0,12,9,43,31,4,87,0,0,0,87
05/22/2000,SWF,NY,AEA,EN,Federal Contract Tower,21,24,24,1,70,21,0,6,0,27,42,24,30,1,97,0,0,0,97
05/23/2000,SWF,NY,AEA,EN,Federal Contract Tower,23,52,28,7,110,0,0,2,1,3,23,52,30,8,113,0,0,0,113
05/24/2000,SWF,NY,AEA,EN,Federal Contract Tower,19,40,22,6,87,4,0,100,6,110,23,40,122,12,197,204,14,218,415
05/25/2000,SWF,NY,AEA,EN,Federal Contract Tower,22,48,26,7,103,2,0,122,13,137,24,48,148,20,240,160,20,180,420
05/26/2000,SWF,NY,AEA,EN,Federal Contract Tower,27,24,30,8,89,20,0,206,14,240,47,24,236,22,329,440,40,480,809
05/27/2000,SWF,NY,AEA,EN,Federal Contract Tower,15,47,25,6,93,0,4,177,6,187,15,51,202,12,280,320,22,342,622
05/28/2000,SWF,NY,AEA,EN,Federal Contract Tower,12,31,16,1,60,0,5,110,0,115,12,36,126,1,175,142,2,144,319
05/29/2000,SWF,NY,AEA,EN,Federal Contract Tower,12,33,18,2,65,0,10,58,0,68,12,43,76,2,133,50,0,50,183
05/30/2000,SWF,NY,AEA,EN,Federal Contract Tower,12,49,26,7,94,0,4,158,3,165,12,53,184,10,259,270,20,290,549
05/31/2000,SWF,NY,AEA,EN,Federal Contract Tower,23,53,29,7,112,0,0,115,7,122,23,53,144,14,234,172,22,194,428
06/01/2000,SWF,NY,AEA,EN,Federal Contract Tower,20,40,25,8,93,0,7,92,11,110,20,47,117,19,203,124,22,146,349
06/02/2000,SWF,NY,AEA,EN,Federal Contract Tower,24,17,24,7,72,19,0,144,20,183,43,17,168,27,255,148,28,176,431
06/03/2000,SWF,NY,AEA,EN,Federal Contract Tower,18,30,19,6,73,0,4,123,13,140,18,34,142,19,213,338,32,370,583
06/04/2000,SWF,NY,AEA,EN,Federal Contract Tower,12,30,19,6,67,0,9,139,10,158,12,39,158,16,225,154,6,160,385
06/05/2000,SWF,NY,AEA,EN,Federal Contract Tower,14,45,29,9,97,0,0,10,9,19,14,45,39,18,116,0,0,0,116
06/06/2000,SWF,NY,AEA,EN,Federal Contract Tower,21,37,12,3,73,0,18,0,0,18,21,55,12,3,91,0,0,0,91
06/07/2000,SWF,NY,AEA,EN,Federal Contract Tower,21,40,24,9,94,0,9,136,11,156,21,49,160,20,250,160,10,170,420
06/08/2000,SWF,NY,AEA,EN,Federal Contract Tower,20,36,22,8,86,0,8,72,0,80,20,44,94,8,166,154,16,170,336
06/09/2000,SWF,NY,AEA,EN,Federal Contract Tower,30,20,27,10,87,18,0,167,19,204,48,20,194,29,291,216,24,240,531
06/10/2000,SWF,NY,AEA,EN,Federal Contract Tower,15,28,17,7,67,0,8,171,5,184,15,36,188,12,251,320,8,328,579
06/11/2000,SWF,NY,AEA,EN,Federal Contract Tower,15,24,15,6,60,0,11,121,4,136,15,35,136,10,196,146,12,158,354
06/12/2000,SWF,NY,AEA,EN,Federal Contract Tower,12,34,21,6,73,0,9,5,0,14,12,43,26,6,87,0,0,0,87
06/13/2000,SWF,NY,AEA,EN,Federal Contract Tower,19,42,26,10,97,0,3,4,2,9,19,45,30,12,106,0,0,0,106
06/14/2000,SWF,NY,AEA,EN,Federal Contract Tower,22,43,27,3,95,0,3,12,0,15,22,46,39,3,110,0,0,0,110
06/15/2000,SWF,NY,AEA,EN,Federal Contract Tower,25,18,22,4,69,14,0,8,0,22,39,18,30,4,91,0,0,0,91
06/16/2000,SWF,NY,AEA,EN,Federal Contract Tower,28,17,25,9,79,13,0,113,11,137,41,17,138,20,216,160,14,174,390
06/17/2000,SWF,NY,AEA,EN,Federal Contract Tower,19,27,18,6,70,2,2,96,8,108,21,29,114,14,178,132,10,142,320
06/18/2000,SWF,NY,AEA,EN,Federal Contract Tower,13,24,15,1,53,0,10,19,0,29,13,34,34,1,82,20,0,20,102
06/19/2000,SWF,NY,AEA,EN,Federal Contract Tower,16,41,26,9,92,0,16,156,3,175,16,57,182,12,267,302,10,312,579
06/20/2000,SWF,NY,AEA,EN,Federal Contract Tower,21,34,21,8,84,0,9,141,6,156,21,43,162,14,240,216,42,258,498
06/21/2000,SWF,NY,AEA,EN,Federal Contract Tower,22,12,20,7,61,21,0,157,3,181,43,12,177,10,242,224,16,240,482
06/22/2000,SWF,NY,AEA,EN,Federal Contract Tower,26,27,23,9,85,18,0,220,9,247,44,27,243,18,332,274,26,300,632
06/23/2000,SWF,NY,AEA,EN,Federal Contract Tower,23,37,24,9,93,0,0,242,5,247,23,37,266,14,340,300,22,322,662
06/24/2000,SWF,NY,AEA,EN,Federal Contract Tower,15,28,16,5,64,0,8,310,11,329,15,36,326,16,393,288,8,296,689
06/25/2000,SWF,NY,AEA,EN,Federal Contract Tower,12,25,15,3,55,0,6,171,0,177,12,31,186,3,232,230,0,230,462
06/26/2000,SWF,NY,AEA,EN,Federal Contract Tower,13,31,19,6,69,0,9,163,1,173,13,40,182,7,242,328,10,338,580
06/27/2000,SWF,NY,AEA,EN,Federal Contract Tower,25,36,22,7,90,0,10,190,10,210,25,46,212,17,300,236,28,264,564
06/28/2000,SWF,NY,AEA,EN,Federal Contract Tower,30,40,28,9,107,0,0,158,19,177,30,40,186,28,284,238,14,252,536
06/29/2000,SWF,NY,AEA,EN,Federal Contract Tower,27,20,24,8,79,17,0,160,11,188,44,20,184,19,267,258,16,274,541
06/30/2000,SWF,NY,AEA,EN,Federal Contract Tower,22,32,20,6,80,1,0,188,6,195,23,32,208,12,275,300,10,310,585
07/01/2000,SWF,NY,AEA,EN,Federal Contract Tower,17,30,19,0,66,0,9,128,0,137,17,39,147,0,203,186,0,186,389
07/02/2000,SWF,NY,AEA,EN,Federal Contract Tower,8,29,19,4,60,0,6,75,0,81,8,35,94,4,141,132,0,132,273
07/03/2000,SWF,NY,AEA,EN,Federal Contract Tower,14,28,18,5,65,0,5,96,10,111,14,33,114,15,176,220,20,240,416
07/04/2000,SWF,NY,AEA,EN,Federal Contract Tower,16,30,19,2,67,2,9,97,0,108,18,39,116,2,175,110,6,116,291
07/05/2000,SWF,NY,AEA,EN,Federal Contract Tower,17,37,23,6,83,0,7,117,14,138,17,44,140,20,221,212,10,222,443
07/06/2000,SWF,NY,AEA,EN,Federal Contract Tower,22,42,26,7,97,2,2,160,7,171,24,44,186,14,268,262,28,290,558
07/07/2000,SWF,NY,AEA,EN,Federal Contract Tower,22,39,26,7,94,0,0,162,17,179,22,39,188,24,273,302,22,324,597
07/08/2000,SWF,NY,AEA,EN,Federal Contract Tower,17,31,21,5,74,0,0,113,0,113,17,31,134,5,187,268,22,290,477
07/09/2000,SWF,NY,AEA,EN,Federal Contract Tower,11,34,22,6,73,0,0,158,14,172,11,34,180,20,245,308,22,330,575
07/10/2000,SWF,NY,AEA,EN,Federal Contract Tower,20,41,26,2,89,0,0,184,0,184,20,41,210,2,273,240,10,250,523
07/11/2000,SWF,NY,AEA,EN,Federal Contract Tower,19,37,23,6,85,4,4,163,8,179,23,41,186,14,264,142,10,152,416
07/12/2000,SWF,NY,AEA,EN,Federal Contract Tower,24,40,28,8,100,0,0,234,14,248,24,40,262,22,348,212,48,260,608
07/13/2000,SWF,NY,AEA,EN,Federal Contract Tower,21,38,24,7,90,4,0,216,11,231,25,38,240,18,321,248,22,270,591
07/14/2000,SWF,NY,AEA,EN,Federal Contract Tower,19,35,23,6,83,4,0,152,6,162,23,35,175,12,245,110,12,122,367
07/15/2000,SWF,NY,AEA,EN,Federal Contract Tower,12,24,8,0,44,3,10,0,0,13,15,34,8,0,57,0,0,0,57
07/16/2000,SWF,NY,AEA,EN,Federal Contract Tower,9,37,23,6,75,0,0,27,0,27,9,37,50,6,102,10,0,10,112
07/17/2000,SWF,NY,AEA,EN,Federal Contract Tower,15,31,20,6,72,1,5,150,4,160,16,36,170,10,232,110,6,116,348
07/18/2000,SWF,NY,AEA,EN,Federal Contract Tower,22,38,27,8,95,2,0,59,22,83,24,38,86,30,178,142,10,152,330
07/19/2000,SWF,NY,AEA,EN,Federal Contract Tower,23,35,27,9,94,5,0,142,5,152,28,35,169,14,246,172,18,190,436
07/20/2000,SWF,NY,AEA,EN,Federal Contract Tower,19,38,23,7,87,2,2,179,7,190,21,40,202,14,277,300,10,310,587
07/21/2000,SWF,NY,AEA,EN,Federal Contract Tower,19,35,23,7,84,4,0,171,1,176,23,35,194,8,260,220,0,220,480
07/22/2000,SWF,NY,AEA,EN,Federal Contract Tower,14,30,18,5,67,3,2,195,0,200,17,32,213,5,267,214,16,230,497
07/23/2000,SWF,NY,AEA,EN,Federal Contract Tower,13,31,17,6,67,0,7,208,1,216,13,38,225,7,283,286,12,298,581
07/24/2000,SWF,NY,AEA,EN,Federal Contract Tower,15,38,22,7,82,0,7,198,32,237,15,45,220,39,319,210,30,240,559
07/25/2000,SWF,NY,AEA,EN,Federal Contract Tower,21,44,26,8,99,3,3,180,16,202,24,47,206,24,301,144,22,166,467
07/26/2000,SWF,NY,AEA,EN,Federal Contract Tower,20,41,20,8,89,1,2,0,1,4,21,43,20,9,93,0,0,0,93
07/27/2000,SWF,NY,AEA,EN,Federal Contract Tower,19,34,17,7,77,7,0,0,2,9,26,34,17,9,86,0,0,0,86
07/28/2000,SWF,NY,AEA,EN,Federal Contract Tower,17,30,21,4,72,6,0,75,0,81,23,30,96,4,153,78,10,88,241
07/29/2000,SWF,NY,AEA,EN,Federal Contract Tower,16,32,27,0,75,0,0,26,0,26,16,32,53,0,101,0,0,0,101
07/30/2000,SWF,NY,AEA,EN,Federal Contract Tower,15,27,18,4,64,0,0,5,0,5,15,27,23,4,69,0,0,0,69
07/31/2000,SWF,NY,AEA,EN,Federal Contract Tower,12,42,31,9,94,0,0,14,9,23,12,42,45,18,117,0,0,0,117
08/01/2000,SWF,NY,AEA,EN,Federal Contract Tower,22,39,19,9,89,4,0,0,2,6,26,39,19,11,95,0,0,0,95
08/02/2000,SWF,NY,AEA,EN,Federal Contract Tower,23,49,30,11,113,0,0,155,5,160,23,49,185,16,273,302,10,312,585
08/03/2000,SWF,NY,AEA,EN,Federal Contract Tower,27,37,28,10,102,3,0,10,2,15,30,37,38,12,117,0,0,0,117
08/04/2000,SWF,NY,AEA,EN,Federal Contract Tower,21,42,25,9,97,0,0,73,1,74,21,42,98,10,171,174,34,208,379
08/05/2000,SWF,NY,AEA,EN,Federal Contract Tower,16,28,16,6,66,4,10,70,2,86,20,38,86,8,152,156,0,156,308
08/06/2000,SWF,NY,AEA,EN,Federal Contract Tower,14,32,18,7,71,0,4,172,5,181,14,36,190,12,252,160,6,166,418
08/07/2000,SWF,NY,AEA,EN,Federal Contract Tower,13,37,21,8,79,0,8,19,2,29,13,45,40,10,108,42,10,52,160
08/08/2000,SWF,NY,AEA,EN,Federal Contract Tower,24,46,26,10,106,0,0,111,17,128,24,46,137,27,234,244,42,286,520
08/09/2000,SWF,NY,AEA,EN,Federal Contract Tower,20,39,25,9,93,0,0,163,11,174,20,39,188,20,267,302,28,330,597
08/10/2000,SWF,NY,AEA,EN,Federal Contract Tower,23,42,24,9,98,5,1,170,17,193,28,43,194,26,291,242,26,268,559
08/11/2000,SWF,NY,AEA,EN,Federal Contract Tower,21,37,22,8,88,2,0,154,13,169,23,37,176,21,257,180,18,198,455
08/12/2000,SWF,NY,AEA,EN,Federal Contract Tower,19,32,20,9,80,1,0,148,19,168,20,32,168,28,248,302,52,354,602
08/13/2000,SWF,NY,AEA,EN,Federal Contract Tower,16,34,23,9,82,0,0,103,7,110,16,34,126,16,192,110,0,110,302
08/14/2000,SWF,NY,AEA,EN,Federal Contract Tower,11,36,20,9,76,0,3,32,1,36,11,39,52,10,112,64,0,64,176
08/15/2000,SWF,NY,AEA,EN,Federal Contract Tower,22,40,23,9,94,3,1,53,5,62,25,41,76,14,156,110,4,114,270
08/16/2000,SWF,NY,AEA,EN,Federal Contract Tower,19,36,21,9,85,5,2,167,3,177,24,38,188,12,262,302,22,324,586
08/17/2000,SWF,NY,AEA,EN,Federal Contract Tower,16,33,17,8,74,6,2,187,8,203,22,35,204,16,277,260,34,294,571
08/18/2000,SWF,NY,AEA,EN,Federal Contract Tower,23,41,24,10,98,0,0,153,0,153,23,41,177,10,251,234,12,246,497
08/19/2000,SWF,NY,AEA,EN,Federal Contract Tower,15,29,15,7,66,0,5,173,7,185,15,34,188,14,251,308,24,332,583
08/20/2000,SWF,NY,AEA,EN,Federal Contract Tower,12,25,13,6,56,2,8,74,12,96,14,33,87,18,152,160,16,176,328
08/21/2000,SWF,NY,AEA,EN,Federal Contract Tower,16,40,22,10,88,0,0,87,3,90,16,40,109,13,178,274,14,288,466
08/22/2000,SWF,NY,AEA,EN,Federal Contract Tower,22,39,22,10,93,3,0,158,18,179,25,39,180,28,272,300,20,320,592
08/23/2000,SWF,NY,AEA,EN,Federal Contract Tower,21,41,22,9,93,4,1,41,13,59,25,42,63,22,152,100,24,124,276
08/24/2000,SWF,NY,AEA,EN,Federal Contract Tower,22,44,24,10,100,2,0,138,8,148,24,44,162,18,248,224,16,240,488
08/25/2000,SWF,NY,AEA,EN,Federal Contract Tower,20,36,21,8,85,6,0,167,20,193,26,36,188,28,278,302,14,316,594
08/26/2000,SWF,NY,AEA,EN,Federal Contract Tower,15,29,16,6,66,1,5,174,14,194,16,34,190,20,260,260,10,270,530
08/27/2000,SWF,NY,AEA,EN,Federal Contract Tower,11,31,18,2,62,0,7,192,0,199,11,38,210,2,261,248,6,254,515
08/28/2000,SWF,NY,AEA,EN,Federal Contract Tower,17,40,23,8,88,0,2,140,4,146,17,42,163,12,234,104,6,110,344
08/29/2000,SWF,NY,AEA,EN,Federal Contract Tower,22,45,25,9,101,0,1,163,9,173,22,46,188,18,274,290,22,312,586
08/30/2000,SWF,NY,AEA,EN,Federal Contract Tower,24,37,26,6,93,3,0,98,0,101,27,37,124,6,194,42,0,42,236
08/31/2000,SWF,NY,AEA,EN,Federal Contract Tower,22,43,24,9,98,0,0,142,3,145,22,43,166,12,243,120,10,130,373
09/01/2000,SWF,NY,AEA,EN,Federal Contract Tower,22,38,23,5,88,3,1,43,0,47,25,39,66,5,135,12,0,12,147
09/02/2000,SWF,NY,AEA,EN,Federal Contract Tower,14,24,15,5,58,1,4,148,5,158,15,28,163,10,216,140,10,150,366
09/03/2000,SWF,NY,AEA,EN,Federal Contract Tower,14,24,15,4,57,4,5,29,2,40,18,29,44,6,97,12,0,12,109
09/04/2000,SWF,NY,AEA,EN,Federal Contract Tower,15,31,19,4,69,0,12,178,0,190,15,43,197,4,259,166,2,168,427
09/05/2000,SWF,NY,AEA,EN,Federal Contract Tower,20,42,26,8,96,0,0,159,7,166,20,42,185,15,262,302,14,316,578
09/06/2000,SWF,NY,AEA,EN,Federal Contract Tower,23,38,24,8,93,2,0,148,4,154,25,38,172,12,247,144,0,144,391
09/07/2000,SWF,NY,AEA,EN,Federal Contract Tower,22,39,23,8,92,4,0,154,12,170,26,39,177,20,262,180,22,202,464
09/08/2000,SWF,NY,AEA,EN,Federal Contract Tower,23,40,24,8,95,1,0,192,20,213,24,40,216,28,308,210,40,250,558
09/09/2000,SWF,NY,AEA,EN,Federal Contract Tower,15,30,18,6,69,0,3,91,6,100,15,33,109,12,169,98,32,130,299
09/10/2000,SWF,NY,AEA,EN,Federal Contract Tower,14,38,26,9,87,0,0,162,13,175,14,38,188,22,262,302,22,324,586
09/11/2000,SWF,NY,AEA,EN,Federal Contract Tower,11,45,27,10,93,0,0,149,16,165,11,45,176,26,258,310,10,320,578
09/12/2000,SWF,NY,AEA,EN,Federal Contract Tower,19,34,21,8,82,2,0,174,12,188,21,34,195,20,270,196,22,218,488
09/13/2000,SWF,NY,AEA,EN,Federal Contract Tower,23,39,26,10,98,4,0,191,14,209,27,39,217,24,307,266,48,314,621
09/14/2000,SWF,NY,AEA,EN,Federal Contract Tower,21,44,30,11,106,0,0,372,11,383,21,44,402,22,489,406,40,446,935
09/15/2000,SWF,NY,AEA,EN,Federal Contract Tower,19,34,21,8,82,5,0,102,15,122,24,34,123,23,204,210,10,220,424
09/16/2000,SWF,NY,AEA,EN,Federal Contract Tower,15,30,17,7,69,2,7,131,3,143,17,37,148,10,212,180,12,192,404
09/17/2000,SWF,NY,AEA,EN,Federal Contract Tower,13,29,16,6,64,0,3,160,2,165,13,32,176,8,229,166,20,186,415
09/18/2000,SWF,NY,AEA,EN,Federal Contract Tower,12,36,20,8,76,0,6,164,8,178,12,42,184,16,254,310,30,340,594
09/19/2000,SWF,NY,AEA,EN,Federal Contract Tower,24,38,27,10,99,4,0,117,10,131,28,38,144,20,230,114,10,124,354
09/20/2000,SWF,NY,AEA,EN,Federal Contract Tower,23,44,25,9,101,0,0,225,11,236,23,44,250,20,337,184,24,208,545
09/21/2000,SWF,NY,AEA,EN,Federal Contract Tower,20,38,22,8,88,6,0,166,12,184,26,38,188,20,272,262,24,286,558
09/22/2000,SWF,NY,AEA,EN,Federal Contract Tower,21,34,22,8,85,3,0,243,18,264,24,34,265,26,349,244,24,268,617
09/23/2000,SWF,NY,AEA,EN,Federal Contract Tower,17,33,20,4,74,2,0,71,0,73,19,33,91,4,147,4,0,4,151
09/24/2000,SWF,NY,AEA,EN,Federal Contract Tower,11,31,17,2,61,0,4,62,0,66,11,35,79,2,127,26,0,26,153
09/25/2000,SWF,NY,AEA,EN,Federal Contract Tower,12,28,17,5,62,0,3,202,4,209,12,31,219,9,271,140,6,146,417
09/26/2000,SWF,NY,AEA,EN,Federal Contract Tower,20,37,17,6,80,2,4,0,0,6,22,41,17,6,86,6,16,22,108
09/27/2000,SWF,NY,AEA,EN,Federal Contract Tower,21,38,23,8,90,3,0,257,14,274,24,38,280,22,364,252,16,268,632
09/28/2000,SWF,NY,AEA,EN,Federal Contract Tower,21,36,24,8,89,2,0,236,13,251,23,36,260,21,340,0,0,0,340
09/29/2000,SWF,NY,AEA,EN,Federal Contract Tower,16,34,21,7,78,0,0,292,16,308,16,34,313,23,386,24,0,24,410
09/30/2000,SWF,NY,AEA,EN,Federal Contract Tower,13,25,15,0,53,6,3,196,0,205,19,28,211,0,258,100,0,100,358
10/01/2000,SWF,NY,AEA,EN,Federal Contract Tower,7,23,13,4,47,0,6,334,1,341,7,29,347,5,388,218,2,220,608
10/02/2000,SWF,NY,AEA,EN,Federal Contract Tower,19,34,20,6,79,1,0,46,28,75,20,34,66,34,154,46,14,60,214
10/03/2000,SWF,NY,AEA,EN,Federal Contract Tower,18,36,20,6,80,6,2,104,6,118,24,38,124,12,198,148,30,178,376
10/04/2000,SWF,NY,AEA,EN,Federal Contract Tower,15,32,18,5,70,0,2,84,7,93,15,34,102,12,163,104,4,108,271
10/05/2000,SWF,NY,AEA,EN,Federal Contract Tower,21,44,24,7,96,0,2,25,4,31,21,46,49,11,127,4,0,4,131
10/06/2000,SWF,NY,AEA,EN,Federal Contract Tower,23,43,24,7,97,0,1,171,5,177,23,44,195,12,274,102,12,114,388
10/07/2000,SWF,NY,AEA,EN,Federal Contract Tower,16,29,16,4,65,1,1,247,0,249,17,30,263,4,314,280,0,280,594
10/08/2000,SWF,NY,AEA,EN,Federal Contract Tower,10,25,15,2,52,0,6,163,0,169,10,31,178,2,221,276,0,276,497
10/09/2000,SWF,NY,AEA,EN,Federal Contract Tower,16,31,17,2,66,3,3,175,0,181,19,34,192,2,247,218,0,218,465
10/10/2000,SWF,NY,AEA,EN,Federal Contract Tower,22,43,26,8,99,0,0,142,17,159,22,43,168,25,258,94,8,102,360
10/11/2000,SWF,NY,AEA,EN,Federal Contract Tower,19,29,19,6,73,6,0,66,2,74,25,29,85,8,147,46,0,46,193
10/12/2000,SWF,NY,AEA,EN,Federal Contract Tower,23,37,22,8,90,3,0,205,16,224,26,37,227,24,314,210,10,220,534
10/13/2000,SWF,NY,AEA,EN,Federal Contract Tower,27,40,26,10,103,1,0,194,6,201,28,40,220,16,304,184,6,190,494
10/14/2000,SWF,NY,AEA,EN,Federal Contract Tower,19,32,17,7,75,0,2,206,17,225,19,34,223,24,300,214,22,236,536
10/15/2000,SWF,NY,AEA,EN,Federal Contract Tower,15,35,19,7,76,0,4,272,14,290,15,39,291,21,366,324,18,342,708
10/16/2000,SWF,NY,AEA,EN,Federal Contract Tower,18,35,19,3,75,0,1,5,0,6,18,36,24,3,81,0,0,0,81
10/17/2000,SWF,NY,AEA,EN,Federal Contract Tower,23,38,22,8,91,0,0,42,4,46,23,38,64,12,137,42,4,46,183
10/18/2000,SWF,NY,AEA,EN,Federal Contract Tower,14,29,16,6,65,0,0,3,0,3,14,29,19,6,68,0,0,0,68
10/19/2000,SWF,NY,AEA,EN,Federal Contract Tower,24,43,23,8,98,0,2,220,16,238,24,45,243,24,336,220,20,240,576
10/20/2000,SWF,NY,AEA,EN,Federal Contract Tower,21,37,21,7,86,5,5,380,53,443,26,42,401,60,529,330,80,410,939
10/21/2000,SWF,NY,AEA,EN,Federal Contract Tower,20,35,20,7,82,2,5,281,16,304,22,40,301,23,386,388,52,440,826
10/22/2000,SWF,NY,AEA,EN,Federal Contract Tower,11,26,14,4,55,0,10,238,0,248,11,36,252,4,303,376,10,386,689
10/23/2000,SWF,NY,AEA,EN,Federal Contract Tower,12,30,16,6,64,0,7,225,60,292,12,37,241,66,356,210,46,256,612
10/24/2000,SWF,NY,AEA,EN,Federal Contract Tower,21,34,20,7,82,3,0,279,53,335,24,34,299,60,417,174,94,268,685
10/25/2000,SWF,NY,AEA,EN,Federal Contract Tower,24,48,29,11,112,0,0,239,37,276,24,48,268,48,388,240,80,320,708
10/26/2000,SWF,NY,AEA,EN,Federal Contract Tower,28,40,30,11,109,0,0,206,24,230,28,40,236,35,339,226,42,268,607
10/27/2000,SWF,NY,AEA,EN,Federal Contract Tower,21,37,20,7,85,3,3,235,32,273,24,40,255,39,358,252,56,308,666
10/28/2000,SWF,NY,AEA,EN,Federal Contract Tower,15,28,15,6,64,3,3,222,4,232,18,31,237,10,296,196,12,208,504
10/29/2000,SWF,NY,AEA,EN,Federal Contract Tower,16,28,14,4,62,9,9,101,1,120,25,37,115,5,182,78,0,78,260
10/30/2000,SWF,NY,AEA,EN,Federal Contract Tower,13,32,16,5,66,0,4,88,5,97,13,36,104,10,163,102,0,102,265
10/31/2000,SWF,NY,AEA,EN,Federal Contract Tower,18,29,16,5,68,6,0,144,31,181,24,29,160,36,249,130,12,142,391
11/01/2000,SWF,NY,AEA,EN,Federal Contract Tower,22,46,24,8,100,2,0,175,24,201,24,46,199,32,301,220,20,240,541
11/02/2000,SWF,NY,AEA,EN,Federal Contract Tower,16,35,17,6,74,3,2,152,46,203,19,37,169,52,277,120,42,162,439
11/03/2000,SWF,NY,AEA,EN,Federal Contract Tower,23,36,25,9,93,1,0,202,42,245,24,36,227,51,338,238,62,300,638
11/04/2000,SWF,NY,AEA,EN,Federal Contract Tower,16,29,18,6,69,0,0,133,50,183,16,29,151,56,252,190,52,242,494
11/05/2000,SWF,NY,AEA,EN,Federal Contract Tower,12,30,17,5,64,0,0,129,17,146,12,30,146,22,210,78,22,100,310
11/06/2000,SWF,NY,AEA,EN,Federal Contract Tower,8,34,17,5,64,0,7,109,3,119,8,41,126,8,183,90,6,96,279
11/07/2000,SWF,NY,AEA,EN,Federal Contract Tower,9,23,11,4,47,0,3,85,19,107,9,26,96,23,154,48,12,60,214
11/08/2000,SWF,NY,AEA,EN,Federal Contract Tower,18,44,24,9,95,0,0,196,12,208,18,44,220,21,303,96,14,110,413
11/09/2000,SWF,NY,AEA,EN,Federal Contract Tower,15,35,16,7,73,2,0,199,19,220,17,35,215,26,293,140,10,150,443
11/10/2000,SWF,NY,AEA,EN,Federal Contract Tower,15,35,11,0,61,5,8,0,0,13,20,43,11,0,74,0,0,0,74
11/11/2000,SWF,NY,AEA,EN,Federal Contract Tower,12,29,14,2,57,2,0,55,0,57,14,29,69,2,114,38,4,42,156
11/12/2000,SWF,NY,AEA,EN,Federal Contract Tower,7,33,17,6,63,0,5,87,2,94,7,38,104,8,157,140,12,152,309
11/13/2000,SWF,NY,AEA,EN,Federal Contract Tower,12,34,17,6,69,0,5,103,0,108,12,39,120,6,177,54,12,66,243
11/14/2000,SWF,NY,AEA,EN,Federal Contract Tower,20,44,22,7,93,1,0,1,0,2,21,44,23,7,95,0,0,0,95
11/15/2000,SWF,NY,AEA,EN,Federal Contract Tower,15,37,18,7,77,2,1,107,22,132,17,38,125,29,209,144,30,174,383
11/16/2000,SWF,NY,AEA,EN,Federal Contract Tower,16,40,18,7,81,5,0,122,11,138,21,40,140,18,219,130,12,142,361
11/17/2000,SWF,NY,AEA,EN,Federal Contract Tower,13,39,18,7,77,0,3,107,5,115,13,42,125,12,192,94,0,94,286
11/18/2000,SWF,NY,AEA,EN,Federal Contract Tower,10,24,10,0,44,0,2,80,0,82,10,26,90,0,126,166,10,176,302
11/19/2000,SWF,NY,AEA,EN,Federal Contract Tower,13,28,13,4,58,0,0,139,0,139,13,28,152,4,197,170,0,170,367
11/20/2000,SWF,NY,AEA,EN,Federal Contract Tower,9,33,15,5,62,0,1,77,0,78,9,34,92,5,140,20,0,20,160
11/21/2000,SWF,NY,AEA,EN,Federal Contract Tower,21,36,24,9,90,0,0,244,23,267,21,36,268,32,357,140,14,154,511
11/22/2000,SWF,NY,AEA,EN,Federal Contract Tower,18,41,20,8,87,7,0,110,4,121,25,41,130,12,208,60,10,70,278
11/23/2000,SWF,NY,AEA,EN,Federal Contract Tower,10,24,10,0,44,1,7,96,0,104,11,31,106,0,148,16,0,16,164
11/24/2000,SWF,NY,AEA,EN,Federal Contract Tower,6,21,9,0,36,0,8,82,0,90,6,29,91,0,126,144,0,144,270
11/25/2000,SWF,NY,AEA,EN,Federal Contract Tower,13,32,14,4,63,1,4,131,0,136,14,36,145,4,199,196,8,204,403
11/26/2000,SWF,NY,AEA,EN,Federal Contract Tower,7,29,12,0,48,0,11,0,0,11,7,40,12,0,59,0,0,0,59
11/27/2000,SWF,NY,AEA,EN,Federal Contract Tower,10,28,13,4,55,0,4,45,7,56,10,32,58,11,111,50,4,54,165
11/28/2000,SWF,NY,AEA,EN,Federal Contract Tower,13,33,22,7,75,0,0,12,11,23,13,33,34,18,98,44,4,48,146
11/29/2000,SWF,NY,AEA,EN,Federal Contract Tower,18,38,21,7,84,5,0,108,47,160,23,38,129,54,244,70,0,70,314
11/30/2000,SWF,NY,AEA,EN,Federal Contract Tower,18,41,21,7,87,12,0,142,13,167,30,41,163,20,254,138,14,152,406
12/01/2000,SWF,NY,AEA,EN,Federal Contract Tower,23,38,18,5,84,4,0,227,32,263,27,38,245,37,347,322,62,384,731
12/02/2000,SWF,NY,AEA,EN,Federal Contract Tower,16,35,15,4,70,0,0,178,25,203,16,35,193,29,273,246,28,274,547
12/03/2000,SWF,NY,AEA,EN,Federal Contract Tower,4,23,9,2,38,0,6,25,6,37,4,29,34,8,75,46,8,54,129
12/04/2000,SWF,NY,AEA,EN,Federal Contract Tower,18,36,14,4,72,2,0,146,12,160,20,36,160,16,232,120,10,130,362
12/05/2000,SWF,NY,AEA,EN,Federal Contract Tower,13,30,11,3,57,0,3,57,4,64,13,33,68,7,121,22,4,26,147
12/06/2000,SWF,NY,AEA,EN,Federal Contract Tower,19,37,16,4,76,7,0,144,21,172,26,37,160,25,248,102,18,120,368
12/07/2000,SWF,NY,AEA,EN,Federal Contract Tower,13,32,14,4,63,0,0,98,15,113,13,32,112,19,176,70,24,94,270
12/08/2000,SWF,NY,AEA,EN,Federal Contract Tower,20,40,17,5,82,8,0,3,1,12,28,40,20,6,94,0,0,0,94
12/09/2000,SWF,NY,AEA,EN,Federal Contract Tower,15,32,14,3,64,0,0,91,0,91,15,32,105,3,155,160,0,160,315
12/10/2000,SWF,NY,AEA,EN,Federal Contract Tower,16,34,13,1,64,0,3,78,0,81,16,37,91,1,145,127,0,127,272
12/11/2000,SWF,NY,AEA,EN,Federal Contract Tower,11,23,7,2,43,0,3,0,0,3,11,26,7,2,46,0,0,0,46
12/12/2000,SWF,NY,AEA,EN,Federal Contract Tower,20,38,10,1,69,2,6,0,0,8,22,44,10,1,77,0,0,0,77
12/13/2000,SWF,NY,AEA,EN,Federal Contract Tower,26,39,19,7,91,4,0,121,7,132,30,39,140,14,223,130,20,150,373
12/14/2000,SWF,NY,AEA,EN,Federal Contract Tower,10,26,8,2,46,0,6,0,0,6,10,32,8,2,52,0,0,0,52
12/15/2000,SWF,NY,AEA,EN,Federal Contract Tower,14,44,16,6,80,0,3,109,6,118,14,47,125,12,198,94,14,108,306
12/16/2000,SWF,NY,AEA,EN,Federal Contract Tower,10,23,9,0,42,0,0,20,0,20,10,23,29,0,62,0,0,0,62
12/17/2000,SWF,NY,AEA,EN,Federal Contract Tower,6,24,9,1,40,0,2,7,0,9,6,26,16,1,49,0,0,0,49
12/18/2000,SWF,NY,AEA,EN,Federal Contract Tower,21,53,20,7,101,0,1,120,15,136,21,54,140,22,237,60,6,66,303
12/19/2000,SWF,NY,AEA,EN,Federal Contract Tower,11,31,11,3,56,0,9,49,0,58,11,40,60,3,114,96,0,96,210
12/20/2000,SWF,NY,AEA,EN,Federal Contract Tower,22,36,15,6,79,9,0,29,0,38,31,36,44,6,117,38,0,38,155
12/21/2000,SWF,NY,AEA,EN,Federal Contract Tower,12,34,12,5,63,0,0,79,9,88,12,34,91,14,151,102,22,124,275
12/22/2000,SWF,NY,AEA,EN,Federal Contract Tower,22,40,15,6,83,9,0,33,4,46,31,40,48,10,129,26,6,32,161
12/23/2000,SWF,NY,AEA,EN,Federal Contract Tower,16,31,12,0,59,0,2,123,0,125,16,33,135,0,184,144,0,144,328
12/24/2000,SWF,NY,AEA,EN,Federal Contract Tower,11,22,8,0,41,1,7,58,0,66,12,29,66,0,107,60,0,60,167
12/25/2000,SWF,NY,AEA,EN,Federal Contract Tower,9,23,9,0,41,0,15,76,0,91,9,38,85,0,132,0,0,0,132
12/26/2000,SWF,NY,AEA,EN,Federal Contract Tower,10,28,10,0,48,0,4,133,0,137,10,32,143,0,185,150,0,150,335
12/27/2000,SWF,NY,AEA,EN,Federal Contract Tower,20,37,15,4,76,7,0,113,8,128,27,37,128,12,204,166,22,188,392
12/28/2000,SWF,NY,AEA,EN,Federal Contract Tower,24,45,17,5,91,4,0,99,13,116,28,45,116,18,207,172,22,194,401
12/29/2000,SWF,NY,AEA,EN,Federal Contract Tower,21,38,16,5,80,2,0,129,9,140,23,38,145,14,220,132,34,166,386
12/30/2000,SWF,NY,AEA,EN,Federal Contract Tower,4,8,0,0,12,4,0,0,0,4,8,8,0,0,16,0,0,0,16
12/31/2000,SWF,NY,AEA,EN,Federal Contract Tower,8,18,3,0,29,0,6,0,0,6,8,24,3,0,35,0,0,0,35
01/01/2001,SWF,NY,AEA,EN,Federal Contract Tower,9,26,10,3,48,0,6,125,1,132,9,32,135,4,180,78,8,86,266
01/02/2001,SWF,NY,AEA,EN,Federal Contract Tower,19,44,17,6,86,0,0,83,11,94,19,44,100,17,180,110,14,124,304
01/03/2001,SWF,NY,AEA,EN,Federal Contract Tower,20,36,18,6,80,3,0,197,8,208,23,36,215,14,288,224,22,246,534
01/04/2001,SWF,NY,AEA,EN,Federal Contract Tower,18,37,16,5,76,5,0,96,11,112,23,37,112,16,188,90,20,110,298
01/05/2001,SWF,NY,AEA,EN,Federal Contract Tower,18,41,16,5,80,5,0,13,13,31,23,41,29,18,111,10,4,14,125
01/06/2001,SWF,NY,AEA,EN,Federal Contract Tower,6,25,10,2,43,0,2,36,0,38,6,27,46,2,81,76,0,76,157
01/07/2001,SWF,NY,AEA,EN,Federal Contract Tower,11,25,11,4,51,0,0,71,7,78,11,25,82,11,129,68,6,74,203
01/08/2001,SWF,NY,AEA,EN,Federal Contract Tower,9,37,14,5,65,0,6,52,5,63,9,43,66,10,128,70,0,70,198
01/09/2001,SWF,NY,AEA,EN,Federal Contract Tower,20,39,17,6,82,12,0,79,14,105,32,39,96,20,187,128,20,148,335
01/10/2001,SWF,NY,AEA,EN,Federal Contract Tower,12,33,13,4,62,0,3,86,10,99,12,36,99,14,161,162,4,166,327
01/11/2001,SWF,NY,AEA,EN,Federal Contract Tower,21,40,16,7,84,1,0,148,11,160,22,40,164,18,244,130,26,156,400
01/12/2001,SWF,NY,AEA,EN,Federal Contract Tower,19,40,16,5,80,7,0,153,0,160,26,40,169,5,240,98,14,112,352
01/13/2001,SWF,NY,AEA,EN,Federal Contract Tower,18,35,14,4,71,1,0,73,0,74,19,35,87,4,145,130,0,130,275
01/14/2001,SWF,NY,AEA,EN,Federal Contract Tower,8,31,11,4,54,0,3,204,0,207,8,34,215,4,261,188,4,192,453
01/15/2001,SWF,NY,AEA,EN,Federal Contract Tower,10,22,8,0,40,3,3,37,0,43,13,25,45,0,83,0,0,0,83
01/16/2001,SWF,NY,AEA,EN,Federal Contract Tower,15,41,15,6,77,0,2,165,4,171,15,43,180,10,248,164,10,174,422
01/17/2001,SWF,NY,AEA,EN,Federal Contract Tower,19,40,15,6,80,3,2,127,16,148,22,42,142,22,228,142,44,186,414
01/18/2001,SWF,NY,AEA,EN,Federal Contract Tower,15,31,11,5,62,0,4,18,1,23,15,35,29,6,85,6,0,6,91
01/19/2001,SWF,NY,AEA,EN,Federal Contract Tower,18,38,11,2,69,3,4,0,0,7,21,42,11,2,76,0,0,0,76
01/20/2001,SWF,NY,AEA,EN,Federal Contract Tower,16,36,15,5,72,0,0,9,0,9,16,36,24,5,81,0,0,0,81
01/21/2001,SWF,NY,AEA,EN,Federal Contract Tower,5,23,8,2,38,0,9,14,0,23,5,32,22,2,61,0,0,0,61
01/22/2001,SWF,NY,AEA,EN,Federal Contract Tower,14,45,16,4,79,0,2,96,0,98,14,47,112,4,177,118,26,144,321
01/23/2001,SWF,NY,AEA,EN,Federal Contract Tower,13,34,13,5,65,0,0,121,17,138,13,34,134,22,203,116,30,146,349
01/24/2001,SWF,NY,AEA,EN,Federal Contract Tower,21,43,16,6,86,3,0,142,5,150,24,43,158,11,236,170,6,176,412
01/25/2001,SWF,NY,AEA,EN,Federal Contract Tower,20,41,16,6,83,3,0,105,10,118,23,41,121,16,201,144,22,166,367
01/26/2001,SWF,NY,AEA,EN,Federal Contract Tower,20,44,16,5,85,2,0,71,2,75,22,44,87,7,160,84,8,92,252
01/27/2001,SWF,NY,AEA,EN,Federal Contract Tower,13,28,10,0,51,3,11,30,0,44,16,39,40,0,95,10,0,10,105
01/28/2001,SWF,NY,AEA,EN,Federal Contract Tower,8,33,12,4,57,0,1,76,8,85,8,34,88,12,142,66,12,78,220
01/29/2001,SWF,NY,AEA,EN,Federal Contract Tower,13,35,12,4,64,0,6,79,8,93,13,41,91,12,157,114,4,118,275
01/30/2001,SWF,NY,AEA,EN,Federal Contract Tower,15,33,12,4,64,2,3,10,1,16,17,36,22,5,80,0,0,0,80
01/31/2001,SWF,NY,AEA,EN,Federal Contract Tower,22,46,17,6,91,0,0,71,16,87,22,46,88,22,178,66,20,86,264
02/01/2001,SWF,NY,AEA,EN,Federal Contract Tower,22,41,22,7,92,1,0,123,7,131,23,41,145,14,223,160,14,174,397
02/02/2001,SWF,NY,AEA,EN,Federal Contract Tower,10,32,15,5,62,0,4,11,9,24,10,36,26,14,86,10,4,14,100
02/03/2001,SWF,NY,AEA,EN,Federal Contract Tower,12,33,16,5,66,0,0,106,14,120,12,33,122,19,186,144,16,160,346
02/04/2001,SWF,NY,AEA,EN,Federal Contract Tower,9,36,17,6,68,0,1,95,10,106,9,37,112,16,174,166,22,188,362
02/05/2001,SWF,NY,AEA,EN,Federal Contract Tower,8,16,2,0,26,2,6,0,0,8,10,22,2,0,34,0,0,0,34
02/06/2001,SWF,NY,AEA,EN,Federal Contract Tower,19,38,18,0,75,2,6,21,0,29,21,44,39,0,104,0,0,0,104
02/07/2001,SWF,NY,AEA,EN,Federal Contract Tower,21,45,22,9,97,1,0,40,11,52,22,45,62,20,149,110,10,120,269
02/08/2001,SWF,NY,AEA,EN,Federal Contract Tower,21,36,21,8,86,4,0,151,11,166,25,36,172,19,252,92,12,104,356
02/09/2001,SWF,NY,AEA,EN,Federal Contract Tower,19,44,24,10,97,0,0,142,10,152,19,44,166,20,249,140,10,150,399
02/10/2001,SWF,NY,AEA,EN,Federal Contract Tower,16,36,17,7,76,0,12,93,7,112,16,48,110,14,188,144,4,148,336
02/11/2001,SWF,NY,AEA,EN,Federal Contract Tower,7,23,11,4,45,0,6,127,3,136,7,29,138,7,181,160,8,168,349
02/12/2001,SWF,NY,AEA,EN,Federal Contract Tower,13,29,14,5,61,3,7,205,1,216,16,36,219,6,277,220,16,236,513
02/13/2001,SWF,NY,AEA,EN,Federal Contract Tower,21,45,21,8,95,1,0,173,12,186,22,45,194,20,281,192,22,214,495
02/14/2001,SWF,NY,AEA,EN,Federal Contract Tower,18,41,20,8,87,4,0,120,1,125,22,41,140,9,212,52,0,52,264
02/15/2001,SWF,NY,AEA,EN,Federal Contract Tower,20,43,21,8,92,5,0,192,6,203,25,43,213,14,295,156,22,178,473
02/16/2001,SWF,NY,AEA,EN,Federal Contract Tower,20,44,19,8,91,2,0,0,2,4,22,44,19,10,95,14,0,14,109
02/17/2001,SWF,NY,AEA,EN,Federal Contract Tower,13,29,13,0,55,2,9,23,0,34,15,38,36,0,89,22,0,22,111
02/18/2001,SWF,NY,AEA,EN,Federal Contract Tower,10,25,11,1,47,0,8,113,0,121,10,33,124,1,168,128,0,128,296
02/19/2001,SWF,NY,AEA,EN,Federal Contract Tower,12,34,14,3,63,0,6,231,0,237,12,40,245,3,300,220,8,228,528
02/20/2001,SWF,NY,AEA,EN,Federal Contract Tower,19,44,19,8,90,4,0,153,6,163,23,44,172,14,253,136,42,178,431
02/21/2001,SWF,NY,AEA,EN,Federal Contract Tower,21,35,22,8,86,1,0,138,10,149,22,35,160,18,235,94,26,120,355
02/22/2001,SWF,NY,AEA,EN,Federal Contract Tower,22,33,23,8,86,0,0,41,8,49,22,33,64,16,135,26,12,38,173
02/23/2001,SWF,NY,AEA,EN,Federal Contract Tower,18,37,18,6,79,5,0,94,0,99,23,37,112,6,178,90,6,96,274
02/24/2001,SWF,NY,AEA,EN,Federal Contract Tower,12,33,15,0,60,0,7,107,0,114,12,40,122,0,174,282,0,282,456
02/25/2001,SWF,NY,AEA,EN,Federal Contract Tower,8,32,15,5,60,0,0,8,0,8,8,32,23,5,68,0,0,0,68
02/26/2001,SWF,NY,AEA,EN,Federal Contract Tower,14,39,19,4,76,0,0,105,0,105,14,39,124,4,181,190,12,202,383
02/27/2001,SWF,NY,AEA,EN,Federal Contract Tower,19,34,20,7,80,6,0,90,3,99,25,34,110,10,179,64,24,88,267
02/28/2001,SWF,NY,AEA,EN,Federal Contract Tower,19,42,19,7,87,3,0,61,1,65,22,42,80,8,152,82,0,82,234
03/01/2001,SWF,NY,AEA,EN,Federal Contract Tower,16,44,19,6,85,0,0,101,14,115,16,44,120,20,200,70,20,90,290
03/02/2001,SWF,NY,AEA,EN,Federal Contract Tower,19,37,12,5,73,3,0,0,4,7,22,37,12,9,80,0,0,0,80
03/03/2001,SWF,NY,AEA,EN,Federal Contract Tower,15,34,12,5,66,0,1,144,18,163,15,35,156,23,229,204,80,284,513
03/04/2001,SWF,NY,AEA,EN,Federal Contract Tower,6,22,8,4,40,0,4,28,1,33,6,26,36,5,73,44,2,46,119
03/05/2001,SWF,NY,AEA,EN,Federal Contract Tower,0,0,0,0,0,4,0,0,0,4,4,0,0,0,4,0,0,0,4
03/06/2001,SWF,NY,AEA,EN,Federal Contract Tower,6,12,3,0,21,6,0,0,0,6,12,12,3,0,27,0,0,0,27
03/07/2001,SWF,NY,AEA,EN,Federal Contract Tower,17,37,14,6,74,3,2,72,0,77,20,39,86,6,151,132,0,132,283
03/08/2001,SWF,NY,AEA,EN,Federal Contract Tower,20,38,15,7,80,2,0,128,5,135,22,38,143,12,215,128,22,150,365
03/09/2001,SWF,NY,AEA,EN,Federal Contract Tower,15,32,12,5,64,8,1,56,1,66,23,33,68,6,130,62,10,72,202
03/10/2001,SWF,NY,AEA,EN,Federal Contract Tower,5,22,7,0,34,0,9,96,0,105,5,31,103,0,139,210,0,210,349
03/11/2001,SWF,NY,AEA,EN,Federal Contract Tower,9,27,10,5,51,0,2,105,0,107,9,29,115,5,158,214,0,214,372
03/12/2001,SWF,NY,AEA,EN,Federal Contract Tower,12,38,15,6,71,0,5,118,11,134,12,43,133,17,205,228,18,246,451
03/13/2001,SWF,NY,AEA,EN,Federal Contract Tower,19,33,12,6,70,6,0,0,1,7,25,33,12,7,77,0,0,0,77
03/14/2001,SWF,NY,AEA,EN,Federal Contract Tower,16,41,15,7,79,0,3,13,0,16,16,44,28,7,95,28,0,28,123
03/15/2001,SWF,NY,AEA,EN,Federal Contract Tower,28,46,20,9,103,2,0,159,13,174,30,46,179,22,277,160,18,178,455
03/16/2001,SWF,NY,AEA,EN,Federal Contract Tower,22,41,17,2,82,1,0,79,0,80,23,41,96,2,162,90,10,100,262
03/17/2001,SWF,NY,AEA,EN,Federal Contract Tower,15,32,12,5,64,0,3,111,3,117,15,35,123,8,181,128,12,140,321
03/18/2001,SWF,NY,AEA,EN,Federal Contract Tower,10,29,11,5,55,0,8,119,1,128,10,37,130,6,183,182,10,192,375
03/19/2001,SWF,NY,AEA,EN,Federal Contract Tower,12,36,14,6,68,0,4,96,2,102,12,40,110,8,170,142,8,150,320
03/20/2001,SWF,NY,AEA,EN,Federal Contract Tower,17,34,12,5,68,5,5,68,3,81,22,39,80,8,149,164,0,164,313
03/21/2001,SWF,NY,AEA,EN,Federal Contract Tower,21,46,20,7,94,0,0,9,3,12,21,46,29,10,106,0,0,0,106
03/22/2001,SWF,NY,AEA,EN,Federal Contract Tower,20,38,14,5,77,4,0,0,0,4,24,38,14,5,81,0,0,0,81
03/23/2001,SWF,NY,AEA,EN,Federal Contract Tower,16,31,11,2,60,4,5,62,0,71,20,36,73,2,131,52,0,52,183
03/24/2001,SWF,NY,AEA,EN,Federal Contract Tower,7,22,7,2,38,0,7,62,0,69,7,29,69,2,107,94,0,94,201
03/25/2001,SWF,NY,AEA,EN,Federal Contract Tower,9,28,10,1,48,0,4,130,0,134,9,32,140,1,182,186,0,186,368
03/26/2001,SWF,NY,AEA,EN,Federal Contract Tower,16,31,12,3,62,0,0,2,0,2,16,31,14,3,64,0,0,0,64
03/27/2001,SWF,NY,AEA,EN,Federal Contract Tower,23,44,17,6,90,3,0,91,0,94,26,44,108,6,184,138,0,138,322
03/28/2001,SWF,NY,AEA,EN,Federal Contract Tower,14,34,12,4,64,0,2,101,0,103,14,36,113,4,167,296,0,296,463
03/29/2001,SWF,NY,AEA,EN,Federal Contract Tower,22,37,17,6,82,4,0,59,14,77,26,37,76,20,159,56,4,60,219
03/30/2001,SWF,NY,AEA,EN,Federal Contract Tower,18,33,13,5,69,5,0,0,0,5,23,33,13,5,74,0,0,0,74
03/31/2001,SWF,NY,AEA,EN,Federal Contract Tower,16,33,12,4,65,0,0,190,2,192,16,33,202,6,257,246,0,246,503
04/01/2001,SWF,NY,AEA,EN,Federal Contract Tower,9,26,15,1,51,1,0,17,1,19,10,26,32,2,70,0,0,0,70
04/02/2001,SWF,NY,AEA,EN,Federal Contract Tower,17,30,15,3,65,1,0,0,0,1,18,30,15,3,66,4,0,4,70
04/03/2001,SWF,NY,AEA,EN,Federal Contract Tower,23,34,31,8,96,1,0,41,0,42,24,34,72,8,138,154,18,172,310
04/04/2001,SWF,NY,AEA,EN,Federal Contract Tower,25,36,25,10,96,1,0,123,10,134,26,36,148,20,230,168,18,186,416
04/05/2001,SWF,NY,AEA,EN,Federal Contract Tower,22,31,11,9,73,1,0,254,19,274,23,31,265,28,347,196,28,224,571
04/06/2001,SWF,NY,AEA,EN,Federal Contract Tower,18,30,23,10,81,1,0,52,10,63,19,30,75,20,144,30,0,30,174
04/07/2001,SWF,NY,AEA,EN,Federal Contract Tower,17,33,29,6,85,1,0,63,6,70,18,33,92,12,155,84,0,84,239
04/08/2001,SWF,NY,AEA,EN,Federal Contract Tower,13,19,19,4,55,0,0,9,0,9,13,19,28,4,64,20,0,20,84
04/09/2001,SWF,NY,AEA,EN,Federal Contract Tower,12,27,19,3,61,0,3,29,0,32,12,30,48,3,93,60,0,60,153
04/10/2001,SWF,NY,AEA,EN,Federal Contract Tower,23,33,22,8,86,1,0,124,10,135,24,33,146,18,221,186,8,194,415
04/11/2001,SWF,NY,AEA,EN,Federal Contract Tower,24,32,24,8,88,1,0,96,14,111,25,32,120,22,199,140,12,152,351
04/12/2001,SWF,NY,AEA,EN,Federal Contract Tower,23,30,28,8,89,0,0,0,1,1,23,30,28,9,90,0,0,0,90
04/13/2001,SWF,NY,AEA,EN,Federal Contract Tower,29,25,11,5,70,0,0,34,9,43,29,25,45,14,113,80,20,100,213
04/14/2001,SWF,NY,AEA,EN,Federal Contract Tower,22,35,15,0,72,0,0,209,22,231,22,35,224,22,303,232,16,248,551
04/15/2001,SWF,NY,AEA,EN,Federal Contract Tower,9,24,23,0,56,0,0,97,15,112,9,24,120,15,168,140,10,150,318
04/16/2001,SWF,NY,AEA,EN,Federal Contract Tower,13,32,22,0,67,0,0,58,1,59,13,32,80,1,126,90,0,90,216
04/17/2001,SWF,NY,AEA,EN,Federal Contract Tower,27,26,14,7,74,0,0,80,15,95,27,26,94,22,169,80,10,90,259
04/18/2001,SWF,NY,AEA,EN,Federal Contract Tower,26,28,22,8,84,0,0,174,4,178,26,28,196,12,262,184,18,202,464
04/19/2001,SWF,NY,AEA,EN,Federal Contract Tower,27,33,45,5,110,0,0,171,2,173,27,33,216,7,283,270,0,270,553
04/20/2001,SWF,NY,AEA,EN,Federal Contract Tower,21,29,21,14,85,0,0,100,5,105,21,29,121,19,190,186,26,212,402
04/21/2001,SWF,NY,AEA,EN,Federal Contract Tower,14,31,20,0,65,0,0,63,10,73,14,31,83,10,138,88,0,88,226
04/22/2001,SWF,NY,AEA,EN,Federal Contract Tower,11,23,8,5,47,0,0,104,4,108,11,23,112,9,155,204,14,218,373
04/23/2001,SWF,NY,AEA,EN,Federal Contract Tower,15,26,32,2,75,0,0,98,13,111,15,26,130,15,186,172,12,184,370
04/24/2001,SWF,NY,AEA,EN,Federal Contract Tower,23,21,20,13,77,0,5,140,23,168,23,26,160,36,245,140,40,180,425
04/25/2001,SWF,NY,AEA,EN,Federal Contract Tower,25,33,13,6,77,0,0,85,12,97,25,33,98,18,174,74,12,86,260
04/26/2001,SWF,NY,AEA,EN,Federal Contract Tower,23,31,25,4,83,0,0,135,13,148,23,31,160,17,231,186,22,208,439
04/27/2001,SWF,NY,AEA,EN,Federal Contract Tower,23,28,26,13,90,0,0,259,16,275,23,28,285,29,365,290,44,334,699
04/28/2001,SWF,NY,AEA,EN,Federal Contract Tower,15,31,17,1,64,0,0,95,9,104,15,31,112,10,168,164,0,164,332
04/29/2001,SWF,NY,AEA,EN,Federal Contract Tower,12,22,16,4,54,0,4,34,1,39,12,26,50,5,93,136,0,136,229
04/30/2001,SWF,NY,AEA,EN,Federal Contract Tower,14,32,12,4,62,0,0,142,12,154,14,32,154,16,216,176,18,194,410
05/01/2001,SWF,NY,AEA,EN,Federal Contract Tower,16,32,20,6,74,2,0,115,9,126,18,32,135,15,200,250,6,256,456
05/02/2001,SWF,NY,AEA,EN,Federal Contract Tower,18,37,24,7,86,0,1,149,11,161,18,38,173,18,247,238,16,254,501
05/03/2001,SWF,NY,AEA,EN,Federal Contract Tower,16,34,31,5,86,0,1,170,11,182,16,35,201,16,268,198,32,230,498
05/04/2001,SWF,NY,AEA,EN,Federal Contract Tower,21,33,19,8,81,0,1,157,10,168,21,34,176,18,249,160,22,182,431
05/05/2001,SWF,NY,AEA,EN,Federal Contract Tower,11,29,9,11,60,0,1,65,2,68,11,30,74,13,128,92,4,96,224
05/06/2001,SWF,NY,AEA,EN,Federal Contract Tower,7,30,8,8,53,0,1,107,4,112,7,31,115,12,165,188,10,198,363
05/07/2001,SWF,NY,AEA,EN,Federal Contract Tower,8,33,22,0,63,0,1,118,12,131,8,34,140,12,194,180,8,188,382
05/08/2001,SWF,NY,AEA,EN,Federal Contract Tower,18,33,29,5,85,0,1,100,15,116,18,34,129,20,201,176,12,188,389
05/09/2001,SWF,NY,AEA,EN,Federal Contract Tower,19,33,19,12,83,0,1,107,3,111,19,34,126,15,194,158,2,160,354
05/10/2001,SWF,NY,AEA,EN,Federal Contract Tower,15,34,20,6,75,0,0,200,20,220,15,34,220,26,295,146,12,158,453
05/11/2001,SWF,NY,AEA,EN,Federal Contract Tower,18,42,27,10,97,0,0,171,16,187,18,42,198,26,284,232,16,248,532
05/12/2001,SWF,NY,AEA,EN,Federal Contract Tower,13,29,7,1,50,0,0,71,9,80,13,29,78,10,130,104,0,104,234
05/13/2001,SWF,NY,AEA,EN,Federal Contract Tower,5,32,13,3,53,0,0,77,1,78,5,32,90,4,131,66,0,66,197
05/14/2001,SWF,NY,AEA,EN,Federal Contract Tower,8,33,24,4,69,0,0,106,1,107,8,33,130,5,176,128,2,130,306
05/15/2001,SWF,NY,AEA,EN,Federal Contract Tower,18,32,17,4,71,0,0,93,8,101,18,32,110,12,172,134,16,150,322
05/16/2001,SWF,NY,AEA,EN,Federal Contract Tower,17,40,14,12,83,0,0,75,15,90,17,40,89,27,173,74,30,104,277
05/17/2001,SWF,NY,AEA,EN,Federal Contract Tower,14,37,15,3,69,0,0,63,0,63,14,37,78,3,132,32,0,32,164
05/18/2001,SWF,NY,AEA,EN,Federal Contract Tower,22,36,9,5,72,0,0,0,0,0,22,36,9,5,72,0,0,0,72
05/19/2001,SWF,NY,AEA,EN,Federal Contract Tower,14,25,8,1,48,0,0,118,1,119,14,25,126,2,167,144,0,144,311
05/20/2001,SWF,NY,AEA,EN,Federal Contract Tower,10,32,14,3,59,0,0,126,3,129,10,32,140,6,188,178,4,182,370
05/21/2001,SWF,NY,AEA,EN,Federal Contract Tower,8,30,16,1,55,0,0,66,5,71,8,30,82,6,126,66,8,74,200
05/22/2001,SWF,NY,AEA,EN,Federal Contract Tower,18,40,24,4,86,0,0,0,0,0,18,40,24,4,86,0,0,0,86
05/23/2001,SWF,NY,AEA,EN,Federal Contract Tower,6,30,20,7,63,0,0,0,0,0,6,30,20,7,63,0,0,0,63
05/24/2001,SWF,NY,AEA,EN,Federal Contract Tower,20,34,19,10,83,0,0,81,0,81,20,34,100,10,164,74,0,74,238
05/25/2001,SWF,NY,AEA,EN,Federal Contract Tower,17,37,25,7,86,0,0,7,2,9,17,37,32,9,95,4,6,10,105
05/26/2001,SWF,NY,AEA,EN,Federal Contract Tower,9,24,11,1,45,4,1,0,0,5,13,25,11,1,50,0,0,0,50
05/27/2001,SWF,NY,AEA,EN,Federal Contract Tower,9,27,14,3,53,0,0,0,0,0,9,27,14,3,53,0,0,0,53
05/28/2001,SWF,NY,AEA,EN,Federal Contract Tower,8,34,16,2,60,0,0,42,2,44,8,34,58,4,104,112,8,120,224
05/29/2001,SWF,NY,AEA,EN,Federal Contract Tower,13,38,22,9,82,0,0,78,4,82,13,38,100,13,164,116,0,116,280
05/30/2001,SWF,NY,AEA,EN,Federal Contract Tower,14,32,25,7,78,0,0,121,4,125,14,32,146,11,203,98,0,98,301
05/31/2001,SWF,NY,AEA,EN,Federal Contract Tower,22,35,16,10,83,0,0,86,14,100,22,35,102,24,183,126,0,126,309
06/01/2001,SWF,NY,AEA,EN,Federal Contract Tower,17,30,37,7,91,0,1,63,23,87,17,31,100,30,178,70,6,76,254
06/02/2001,SWF,NY,AEA,EN,Federal Contract Tower,16,30,19,7,72,0,0,1,0,1,16,30,20,7,73,6,0,6,79
06/03/2001,SWF,NY,AEA,EN,Federal Contract Tower,9,33,13,10,65,0,0,51,0,51,9,33,64,10,116,178,0,178,294
06/04/2001,SWF,NY,AEA,EN,Federal Contract Tower,11,33,12,2,58,0,0,108,10,118,11,33,120,12,176,126,0,126,302
06/05/2001,SWF,NY,AEA,EN,Federal Contract Tower,15,32,26,6,79,0,0,84,10,94,15,32,110,16,173,160,4,164,337
06/06/2001,SWF,NY,AEA,EN,Federal Contract Tower,17,39,22,5,83,0,0,118,6,124,17,39,140,11,207,116,16,132,339
06/07/2001,SWF,NY,AEA,EN,Federal Contract Tower,23,33,26,6,88,0,0,158,20,178,23,33,184,26,266,180,26,206,472
06/08/2001,SWF,NY,AEA,EN,Federal Contract Tower,20,34,29,15,98,0,0,81,11,92,20,34,110,26,190,154,8,162,352
06/09/2001,SWF,NY,AEA,EN,Federal Contract Tower,18,24,10,3,55,0,0,190,7,197,18,24,200,10,252,190,0,190,442
06/10/2001,SWF,NY,AEA,EN,Federal Contract Tower,9,26,24,0,59,0,0,164,12,176,9,26,188,12,235,222,12,234,469
06/11/2001,SWF,NY,AEA,EN,Federal Contract Tower,13,32,16,5,66,0,0,90,4,94,13,32,106,9,160,144,4,148,308
06/12/2001,SWF,NY,AEA,EN,Federal Contract Tower,21,34,21,5,81,0,0,203,10,213,21,34,224,15,294,250,0,250,544
06/13/2001,SWF,NY,AEA,EN,Federal Contract Tower,21,38,29,8,96,0,0,95,8,103,21,38,124,16,199,38,8,46,245
06/14/2001,SWF,NY,AEA,EN,Federal Contract Tower,18,37,17,7,79,0,0,34,0,34,18,37,51,7,113,18,0,18,131
06/15/2001,SWF,NY,AEA,EN,Federal Contract Tower,15,37,29,11,92,0,0,45,0,45,15,37,74,11,137,40,0,40,177
06/16/2001,SWF,NY,AEA,EN,Federal Contract Tower,16,32,19,5,72,0,0,101,7,108,16,32,120,12,180,110,6,116,296
06/17/2001,SWF,NY,AEA,EN,Federal Contract Tower,7,36,14,0,57,0,0,128,4,132,7,36,142,4,189,154,10,164,353
06/18/2001,SWF,NY,AEA,EN,Federal Contract Tower,6,40,21,8,75,0,0,81,8,89,6,40,102,16,164,160,0,160,324
06/19/2001,SWF,NY,AEA,EN,Federal Contract Tower,23,32,21,5,81,0,0,148,4,152,23,32,169,9,233,240,14,254,487
06/20/2001,SWF,NY,AEA,EN,Federal Contract Tower,21,27,23,6,77,0,0,32,2,34,21,27,55,8,111,98,0,98,209
06/21/2001,SWF,NY,AEA,EN,Federal Contract Tower,20,38,26,4,88,0,0,14,0,14,20,38,40,4,102,4,0,4,106
06/22/2001,SWF,NY,AEA,EN,Federal Contract Tower,19,28,29,6,82,0,0,9,0,9,19,28,38,6,91,16,0,16,107
06/23/2001,SWF,NY,AEA,EN,Federal Contract Tower,11,23,11,4,49,6,0,0,0,6,17,23,11,4,55,0,0,0,55
06/24/2001,SWF,NY,AEA,EN,Federal Contract Tower,7,38,24,7,76,0,0,168,35,203,7,38,192,42,279,146,44,190,469
06/25/2001,SWF,NY,AEA,EN,Federal Contract Tower,11,36,16,4,67,0,0,178,16,194,11,36,194,20,261,171,14,185,446
06/26/2001,SWF,NY,AEA,EN,Federal Contract Tower,19,44,32,9,104,0,0,252,81,333,19,44,284,90,437,328,34,362,799
06/27/2001,SWF,NY,AEA,EN,Federal Contract Tower,21,38,32,10,101,0,0,150,52,202,21,38,182,62,303,184,16,200,503
06/28/2001,SWF,NY,AEA,EN,Federal Contract Tower,19,34,37,6,96,0,0,73,5,78,19,34,110,11,174,140,10,150,324
06/29/2001,SWF,NY,AEA,EN,Federal Contract Tower,22,37,23,9,91,0,0,76,5,81,22,37,99,14,172,110,0,110,282
06/30/2001,SWF,NY,AEA,EN,Federal Contract Tower,15,30,29,1,75,0,0,66,7,73,15,30,95,8,148,70,14,84,232
07/01/2001,SWF,NY,AEA,EN,Federal Contract Tower,9,26,10,2,47,0,1,86,8,95,9,27,96,10,142,78,12,90,232
07/02/2001,SWF,NY,AEA,EN,Federal Contract Tower,10,36,13,9,68,0,0,221,14,235,10,36,234,23,303,224,14,238,541
07/03/2001,SWF,NY,AEA,EN,Federal Contract Tower,18,41,15,2,76,0,0,211,8,219,18,41,226,10,295,228,8,236,531
07/04/2001,SWF,NY,AEA,EN,Federal Contract Tower,9,35,7,0,51,0,0,113,0,113,9,35,120,0,164,68,0,68,232
07/05/2001,SWF,NY,AEA,EN,Federal Contract Tower,18,40,11,2,71,0,0,66,0,66,18,40,77,2,137,64,0,64,201
07/06/2001,SWF,NY,AEA,EN,Federal Contract Tower,17,34,16,5,72,0,0,154,4,158,17,34,170,9,230,210,12,222,452
07/07/2001,SWF,NY,AEA,EN,Federal Contract Tower,13,36,12,6,67,0,0,144,22,166,13,36,156,28,233,254,10,264,497
07/08/2001,SWF,NY,AEA,EN,Federal Contract Tower,8,33,29,4,74,0,0,21,0,21,8,33,50,4,95,0,0,0,95
07/09/2001,SWF,NY,AEA,EN,Federal Contract Tower,10,30,17,4,61,0,0,153,6,159,10,30,170,10,220,170,0,170,390
07/10/2001,SWF,NY,AEA,EN,Federal Contract Tower,21,35,21,6,83,0,0,131,10,141,21,35,152,16,224,160,0,160,384
07/11/2001,SWF,NY,AEA,EN,Federal Contract Tower,20,44,20,7,91,0,0,124,15,139,20,44,144,22,230,170,18,188,418
07/12/2001,SWF,NY,AEA,EN,Federal Contract Tower,15,42,18,4,79,0,0,107,3,110,15,42,125,7,189,182,0,182,371
07/13/2001,SWF,NY,AEA,EN,Federal Contract Tower,16,39,23,6,84,0,0,137,17,154,16,39,160,23,238,184,6,190,428
07/14/2001,SWF,NY,AEA,EN,Federal Contract Tower,14,37,9,8,68,0,0,203,20,223,14,37,212,28,291,272,22,294,585
07/15/2001,SWF,NY,AEA,EN,Federal Contract Tower,8,37,18,8,71,0,0,232,6,238,8,37,250,14,309,282,36,318,627
07/16/2001,SWF,NY,AEA,EN,Federal Contract Tower,15,35,17,7,74,0,0,153,0,153,15,35,170,7,227,186,4,190,417
07/17/2001,SWF,NY,AEA,EN,Federal Contract Tower,20,41,18,5,84,0,0,78,2,80,20,41,96,7,164,88,0,88,252
07/18/2001,SWF,NY,AEA,EN,Federal Contract Tower,19,31,17,4,71,0,0,93,0,93,19,31,110,4,164,30,0,30,194
07/19/2001,SWF,NY,AEA,EN,Federal Contract Tower,10,25,27,9,71,0,0,95,30,125,10,25,122,39,196,66,28,94,290
07/20/2001,SWF,NY,AEA,EN,Federal Contract Tower,16,34,16,6,72,0,0,158,20,178,16,34,174,26,250,134,26,160,410
07/21/2001,SWF,NY,AEA,EN,Federal Contract Tower,14,31,43,3,91,0,0,156,42,198,14,31,199,45,289,302,46,348,637
07/22/2001,SWF,NY,AEA,EN,Federal Contract Tower,8,31,24,4,67,0,0,187,26,213,8,31,211,30,280,224,8,232,512
07/23/2001,SWF,NY,AEA,EN,Federal Contract Tower,12,34,16,3,65,0,0,114,35,149,12,34,130,38,214,118,0,118,332
07/24/2001,SWF,NY,AEA,EN,Federal Contract Tower,27,41,20,10,98,0,0,108,34,142,27,41,128,44,240,120,10,130,370
07/25/2001,SWF,NY,AEA,EN,Federal Contract Tower,14,35,19,5,73,5,1,45,2,53,19,36,64,7,126,50,6,56,182
07/26/2001,SWF,NY,AEA,EN,Federal Contract Tower,19,39,28,11,97,0,0,62,5,67,19,39,90,16,164,70,2,72,236
07/27/2001,SWF,NY,AEA,EN,Federal Contract Tower,18,39,23,8,88,0,0,254,11,265,18,39,277,19,353,210,22,232,585
07/28/2001,SWF,NY,AEA,EN,Federal Contract Tower,12,36,21,3,72,0,0,239,5,244,12,36,260,8,316,348,4,352,668
07/29/2001,SWF,NY,AEA,EN,Federal Contract Tower,8,29,28,2,67,0,0,138,0,138,8,29,166,2,205,204,0,204,409
07/30/2001,SWF,NY,AEA,EN,Federal Contract Tower,11,27,28,1,67,0,0,193,7,200,11,27,221,8,267,228,12,240,507
07/31/2001,SWF,NY,AEA,EN,Federal Contract Tower,24,34,23,4,85,0,0,137,3,140,24,34,160,7,225,190,0,190,415
08/01/2001,SWF,NY,AEA,EN,Federal Contract Tower,18,41,33,17,109,0,0,66,18,84,18,41,99,35,193,108,20,128,321
08/02/2001,SWF,NY,AEA,EN,Federal Contract Tower,17,41,23,8,89,0,1,139,36,176,17,42,162,44,265,214,32,246,511
08/03/2001,SWF,NY,AEA,EN,Federal Contract Tower,18,41,21,10,90,0,0,75,8,83,18,41,96,18,173,84,0,84,257
08/04/2001,SWF,NY,AEA,EN,Federal Contract Tower,13,34,23,4,74,0,0,14,4,18,13,34,37,8,92,0,0,0,92
08/05/2001,SWF,NY,AEA,EN,Federal Contract Tower,8,41,14,0,63,0,0,66,14,80,8,41,80,14,143,50,8,58,201
08/06/2001,SWF,NY,AEA,EN,Federal Contract Tower,15,38,21,5,79,0,0,105,0,105,15,38,126,5,184,70,0,70,254
08/07/2001,SWF,NY,AEA,EN,Federal Contract Tower,16,38,23,4,81,0,0,82,5,87,16,38,105,9,168,78,0,78,246
08/08/2001,SWF,NY,AEA,EN,Federal Contract Tower,21,37,15,9,82,0,0,124,24,148,21,37,139,33,230,146,0,146,376
08/09/2001,SWF,NY,AEA,EN,Federal Contract Tower,23,30,17,14,84,0,0,143,19,162,23,30,160,33,246,176,0,176,422
08/10/2001,SWF,NY,AEA,EN,Federal Contract Tower,27,37,18,10,92,0,0,70,6,76,27,37,88,16,168,12,0,12,180
08/11/2001,SWF,NY,AEA,EN,Federal Contract Tower,10,30,25,4,69,0,0,159,7,166,10,30,184,11,235,212,24,236,471
08/12/2001,SWF,NY,AEA,EN,Federal Contract Tower,14,33,34,3,84,0,0,0,0,0,14,33,34,3,84,0,0,0,84
08/13/2001,SWF,NY,AEA,EN,Federal Contract Tower,15,39,33,16,103,0,0,3,1,4,15,39,36,17,107,14,0,14,121
08/14/2001,SWF,NY,AEA,EN,Federal Contract Tower,25,41,28,7,101,0,0,89,10,99,25,41,117,17,200,120,0,120,320
08/15/2001,SWF,NY,AEA,EN,Federal Contract Tower,18,40,28,6,92,0,0,192,20,212,18,40,220,26,304,320,30,350,654
08/16/2001,SWF,NY,AEA,EN,Federal Contract Tower,15,41,23,7,86,0,0,139,19,158,15,41,162,26,244,250,18,268,512
08/17/2001,SWF,NY,AEA,EN,Federal Contract Tower,20,37,34,14,105,0,0,124,2,126,20,37,158,16,231,84,2,86,317
08/18/2001,SWF,NY,AEA,EN,Federal Contract Tower,14,34,19,7,74,0,2,202,14,218,14,36,221,21,292,290,36,326,618
08/19/2001,SWF,NY,AEA,EN,Federal Contract Tower,11,33,24,4,72,0,0,188,6,194,11,33,212,10,266,220,0,220,486
08/20/2001,SWF,NY,AEA,EN,Federal Contract Tower,11,40,11,4,66,0,0,12,0,12,11,40,23,4,78,0,0,0,78
08/21/2001,SWF,NY,AEA,EN,Federal Contract Tower,16,38,22,8,84,1,0,106,12,119,17,38,128,20,203,164,0,164,367
08/22/2001,SWF,NY,AEA,EN,Federal Contract Tower,17,41,24,14,96,0,0,120,26,146,17,41,144,40,242,166,32,198,440
08/23/2001,SWF,NY,AEA,EN,Federal Contract Tower,15,35,21,7,78,1,4,75,11,91,16,39,96,18,169,26,0,26,195
08/24/2001,SWF,NY,AEA,EN,Federal Contract Tower,15,41,30,11,97,0,0,130,2,132,15,41,160,13,229,164,2,166,395
08/25/2001,SWF,NY,AEA,EN,Federal Contract Tower,13,31,13,4,61,0,0,159,5,164,13,31,172,9,225,268,14,282,507
08/26/2001,SWF,NY,AEA,EN,Federal Contract Tower,9,36,12,5,62,0,0,126,9,135,9,36,138,14,197,148,0,148,345
08/27/2001,SWF,NY,AEA,EN,Federal Contract Tower,17,34,19,4,74,0,0,83,0,83,17,34,102,4,157,90,0,90,247
08/28/2001,SWF,NY,AEA,EN,Federal Contract Tower,16,40,15,15,86,0,0,63,5,68,16,40,78,20,154,102,0,102,256
08/29/2001,SWF,NY,AEA,EN,Federal Contract Tower,17,39,23,8,87,1,0,167,36,204,18,39,190,44,291,262,86,348,639
08/30/2001,SWF,NY,AEA,EN,Federal Contract Tower,18,40,17,17,92,0,0,173,13,186,18,40,190,30,278,216,82,298,576
08/31/2001,SWF,NY,AEA,EN,Federal Contract Tower,18,38,16,8,80,0,0,67,4,71,18,38,83,12,151,12,0,12,163
09/01/2001,SWF,NY,AEA,EN,Federal Contract Tower,7,25,10,1,43,1,0,211,2,214,8,25,221,3,257,220,0,220,477
09/02/2001,SWF,NY,AEA,EN,Federal Contract Tower,6,31,5,0,42,1,0,115,1,117,7,31,120,1,159,120,0,120,279
09/03/2001,SWF,NY,AEA,EN,Federal Contract Tower,9,26,18,0,53,2,8,176,0,186,11,34,194,0,239,222,0,222,461
09/04/2001,SWF,NY,AEA,EN,Federal Contract Tower,12,34,9,1,56,1,0,112,5,118,13,34,121,6,174,202,10,212,386
09/05/2001,SWF,NY,AEA,EN,Federal Contract Tower,19,41,14,12,86,1,0,156,18,175,20,41,170,30,261,190,20,210,471
09/06/2001,SWF,NY,AEA,EN,Federal Contract Tower,20,43,23,10,96,0,0,204,27,231,20,43,227,37,327,188,94,282,609
09/07/2001,SWF,NY,AEA,EN,Federal Contract Tower,8,30,32,10,80,0,0,157,12,169,8,30,189,22,249,170,4,174,423
09/08/2001,SWF,NY,AEA,EN,Federal Contract Tower,15,29,26,14,84,0,0,154,10,164,15,29,180,24,248,244,12,256,504
09/09/2001,SWF,NY,AEA,EN,Federal Contract Tower,8,28,20,5,61,0,7,86,15,108,8,35,106,20,169,154,24,178,347
09/10/2001,SWF,NY,AEA,EN,Federal Contract Tower,15,30,28,5,78,6,0,131,0,137,21,30,159,5,215,66,0,66,281
09/11/2001,SWF,NY,AEA,EN,Federal Contract Tower,10,15,14,4,43,0,0,26,6,32,10,15,40,10,75,0,0,0,75
09/12/2001,SWF,NY,AEA,EN,Federal Contract Tower,2,15,15,9,41,0,0,0,1,1,2,15,15,10,42,0,0,0,42
09/13/2001,SWF,NY,AEA,EN,Federal Contract Tower,8,7,22,19,56,0,0,0,1,1,8,7,22,20,57,0,0,0,57
09/14/2001,SWF,NY,AEA,EN,Federal Contract Tower,28,32,17,9,86,0,0,0,0,0,28,32,17,9,86,0,0,0,86
09/15/2001,SWF,NY,AEA,EN,Federal Contract Tower,9,29,29,7,74,0,0,0,0,0,9,29,29,7,74,0,0,0,74
09/16/2001,SWF,NY,AEA,EN,Federal Contract Tower,5,31,33,7,76,0,0,0,0,0,5,31,33,7,76,0,0,0,76
09/17/2001,SWF,NY,AEA,EN,Federal Contract Tower,8,32,26,8,74,0,0,15,2,17,8,32,41,10,91,0,0,0,91
09/18/2001,SWF,NY,AEA,EN,Federal Contract Tower,14,32,49,8,103,0,0,20,0,20,14,32,69,8,123,0,0,0,123
09/19/2001,SWF,NY,AEA,EN,Federal Contract Tower,18,43,37,15,113,0,0,0,0,0,18,43,37,15,113,0,0,0,113
09/20/2001,SWF,NY,AEA,EN,Federal Contract Tower,14,36,17,5,72,0,0,0,0,0,14,36,17,5,72,0,0,0,72
09/21/2001,SWF,NY,AEA,EN,Federal Contract Tower,19,48,29,9,105,0,0,9,4,13,19,48,38,13,118,0,4,4,122
09/22/2001,SWF,NY,AEA,EN,Federal Contract Tower,11,29,21,4,65,0,0,22,4,26,11,29,43,8,91,8,10,18,109
09/23/2001,SWF,NY,AEA,EN,Federal Contract Tower,7,33,28,5,73,0,0,78,1,79,7,33,106,6,152,64,0,64,216
09/24/2001,SWF,NY,AEA,EN,Federal Contract Tower,8,31,23,5,67,0,5,8,0,13,8,36,31,5,80,0,0,0,80
09/25/2001,SWF,NY,AEA,EN,Federal Contract Tower,19,28,32,12,91,0,0,102,8,110,19,28,134,20,201,60,2,62,263
09/26/2001,SWF,NY,AEA,EN,Federal Contract Tower,18,31,28,19,96,0,0,166,4,170,18,31,194,23,266,162,22,184,450
09/27/2001,SWF,NY,AEA,EN,Federal Contract Tower,15,28,18,10,71,0,0,133,0,133,15,28,151,10,204,204,6,210,414
09/28/2001,SWF,NY,AEA,EN,Federal Contract Tower,19,26,22,2,69,0,0,49,0,49,19,26,71,2,118,74,0,74,192
09/29/2001,SWF,NY,AEA,EN,Federal Contract Tower,9,27,19,3,58,0,0,58,1,59,9,27,77,4,117,72,0,72,189
09/30/2001,SWF,NY,AEA,EN,Federal Contract Tower,6,28,21,4,59,0,2,71,3,76,6,30,92,7,135,62,0,62,197
10/01/2001,SWF,NY,AEA,EN,Federal Contract Tower,7,21,18,4,50,0,3,55,7,65,7,24,73,11,115,76,12,88,203
10/02/2001,SWF,NY,AEA,EN,Federal Contract Tower,16,32,28,6,82,1,0,125,11,137,17,32,153,17,219,156,10,166,385
10/03/2001,SWF,NY,AEA,EN,Federal Contract Tower,18,30,22,6,76,0,0,121,14,135,18,30,143,20,211,140,10,150,361
10/04/2001,SWF,NY,AEA,EN,Federal Contract Tower,18,32,34,7,91,0,0,164,11,175,18,32,198,18,266,166,42,208,474
10/05/2001,SWF,NY,AEA,EN,Federal Contract Tower,16,28,38,11,93,0,1,95,6,102,16,29,133,17,195,118,0,118,313
10/06/2001,SWF,NY,AEA,EN,Federal Contract Tower,11,28,11,8,58,0,0,51,1,52,11,28,62,9,110,10,0,10,120
10/07/2001,SWF,NY,AEA,EN,Federal Contract Tower,6,27,22,4,59,0,0,117,1,118,6,27,139,5,177,108,4,112,289
10/08/2001,SWF,NY,AEA,EN,Federal Contract Tower,10,24,18,4,56,0,0,161,4,165,10,24,179,8,221,112,0,112,333
10/09/2001,SWF,NY,AEA,EN,Federal Contract Tower,18,29,40,14,101,0,0,146,21,167,18,29,186,35,268,166,34,200,468
10/10/2001,SWF,NY,AEA,EN,Federal Contract Tower,16,26,35,7,84,0,0,236,35,271,16,26,271,42,355,188,34,222,577
10/11/2001,SWF,NY,AEA,EN,Federal Contract Tower,20,26,40,12,98,0,0,101,12,113,20,26,141,24,211,160,4,164,375
10/12/2001,SWF,NY,AEA,EN,Federal Contract Tower,20,31,24,15,90,0,0,101,21,122,20,31,125,36,212,224,6,230,442
10/13/2001,SWF,NY,AEA,EN,Federal Contract Tower,10,20,38,10,78,0,0,104,8,112,10,20,142,18,190,150,0,150,340
10/14/2001,SWF,NY,AEA,EN,Federal Contract Tower,7,28,38,10,83,0,0,122,16,138,7,28,160,26,221,64,0,64,285
10/15/2001,SWF,NY,AEA,EN,Federal Contract Tower,10,36,24,7,77,0,0,103,11,114,10,36,127,18,191,142,4,146,337
10/16/2001,SWF,NY,AEA,EN,Federal Contract Tower,25,37,23,5,90,0,0,149,10,159,25,37,172,15,249,166,2,168,417
10/17/2001,SWF,NY,AEA,EN,Federal Contract Tower,20,35,28,8,91,0,0,62,7,69,20,35,90,15,160,98,0,98,258
10/18/2001,SWF,NY,AEA,EN,Federal Contract Tower,18,36,18,5,77,0,0,162,5,167,18,36,180,10,244,184,10,194,438
10/19/2001,SWF,NY,AEA,EN,Federal Contract Tower,15,31,29,8,83,0,0,81,9,90,15,31,110,17,173,124,0,124,297
10/20/2001,SWF,NY,AEA,EN,Federal Contract Tower,11,33,31,5,80,0,0,123,5,128,11,33,154,10,208,172,16,188,396
10/21/2001,SWF,NY,AEA,EN,Federal Contract Tower,8,22,22,2,54,0,0,94,1,95,8,22,116,3,149,164,0,164,313
10/22/2001,SWF,NY,AEA,EN,Federal Contract Tower,12,33,23,4,72,0,0,111,1,112,12,33,134,5,184,178,0,178,362
10/23/2001,SWF,NY,AEA,EN,Federal Contract Tower,20,28,45,6,99,0,2,147,1,150,20,30,192,7,249,144,0,144,393
10/24/2001,SWF,NY,AEA,EN,Federal Contract Tower,20,28,24,7,79,0,0,105,7,112,20,28,129,14,191,98,0,98,289
10/25/2001,SWF,NY,AEA,EN,Federal Contract Tower,15,34,25,16,90,0,0,63,5,68,15,34,88,21,158,60,26,86,244
10/26/2001,SWF,NY,AEA,EN,Federal Contract Tower,18,37,29,8,92,0,0,72,1,73,18,37,101,9,165,68,0,68,233
10/27/2001,SWF,NY,AEA,EN,Federal Contract Tower,9,27,13,3,52,0,0,106,0,106,9,27,119,3,158,208,0,208,366
10/28/2001,SWF,NY,AEA,EN,Federal Contract Tower,7,29,24,7,67,0,0,165,13,178,7,29,189,20,245,194,14,208,453
10/29/2001,SWF,NY,AEA,EN,Federal Contract Tower,11,28,16,7,62,0,0,120,6,126,11,28,136,13,188,158,2,160,348
10/30/2001,SWF,NY,AEA,EN,Federal Contract Tower,14,37,26,9,86,0,0,189,14,203,14,37,215,23,289,200,12,212,501
10/31/2001,SWF,NY,AEA,EN,Federal Contract Tower,19,29,29,9,86,0,0,100,10,110,19,29,129,19,196,96,0,96,292
11/01/2001,SWF,NY,AEA,EN,Federal Contract Tower,16,29,31,11,87,0,1,50,19,70,16,30,81,30,157,122,2,124,281
11/02/2001,SWF,NY,AEA,EN,Federal Contract Tower,18,25,33,10,86,0,1,72,2,75,18,26,105,12,161,60,16,76,237
11/03/2001,SWF,NY,AEA,EN,Federal Contract Tower,10,24,18,5,57,0,1,103,7,111,10,25,121,12,168,134,2,136,304
11/04/2001,SWF,NY,AEA,EN,Federal Contract Tower,6,28,22,9,65,0,1,111,12,124,6,29,133,21,189,164,4,168,357
11/05/2001,SWF,NY,AEA,EN,Federal Contract Tower,9,29,28,5,71,0,1,137,4,142,9,30,165,9,213,108,0,108,321
11/06/2001,SWF,NY,AEA,EN,Federal Contract Tower,15,33,16,8,72,0,1,100,4,105,15,34,116,12,177,102,6,108,285
11/07/2001,SWF,NY,AEA,EN,Federal Contract Tower,15,29,26,3,73,0,1,79,3,83,15,30,105,6,156,106,10,116,272
11/08/2001,SWF,NY,AEA,EN,Federal Contract Tower,14,29,36,14,93,0,1,73,4,78,14,30,109,18,171,104,2,106,277
11/09/2001,SWF,NY,AEA,EN,Federal Contract Tower,16,35,21,15,87,0,0,155,5,160,16,35,176,20,247,188,12,200,447
11/10/2001,SWF,NY,AEA,EN,Federal Contract Tower,11,23,16,2,52,0,1,97,5,103,11,24,113,7,155,156,4,160,315
11/11/2001,SWF,NY,AEA,EN,Federal Contract Tower,10,30,27,3,70,0,1,85,0,86,10,31,112,3,156,132,0,132,288
11/12/2001,SWF,NY,AEA,EN,Federal Contract Tower,13,40,28,2,83,0,1,133,5,139,13,41,161,7,222,180,4,184,406
11/13/2001,SWF,NY,AEA,EN,Federal Contract Tower,16,32,24,9,81,0,1,113,15,129,16,33,137,24,210,136,10,146,356
11/14/2001,SWF,NY,AEA,EN,Federal Contract Tower,15,29,45,11,100,0,5,123,12,140,15,34,168,23,240,138,0,138,378
11/15/2001,SWF,NY,AEA,EN,Federal Contract Tower,16,33,27,10,86,0,1,143,18,162,16,34,170,28,248,180,32,212,460
11/16/2001,SWF,NY,AEA,EN,Federal Contract Tower,19,28,37,10,94,1,0,205,14,220,20,28,242,24,314,196,38,234,548
11/17/2001,SWF,NY,AEA,EN,Federal Contract Tower,14,27,24,5,70,0,1,136,1,138,14,28,160,6,208,148,0,148,356
11/18/2001,SWF,NY,AEA,EN,Federal Contract Tower,6,30,12,4,52,0,0,127,3,130,6,30,139,7,182,206,0,206,388
11/19/2001,SWF,NY,AEA,EN,Federal Contract Tower,9,37,20,12,78,0,0,145,3,148,9,37,165,15,226,196,10,206,432
11/20/2001,SWF,NY,AEA,EN,Federal Contract Tower,18,40,30,16,104,0,0,131,11,142,18,40,161,27,246,166,10,176,422
11/21/2001,SWF,NY,AEA,EN,Federal Contract Tower,22,36,23,2,83,0,2,111,7,120,22,38,134,9,203,168,2,170,373
11/22/2001,SWF,NY,AEA,EN,Federal Contract Tower,6,28,9,0,43,0,0,81,0,81,6,28,90,0,124,136,0,136,260
11/23/2001,SWF,NY,AEA,EN,Federal Contract Tower,10,24,24,1,59,0,0,115,0,115,10,24,139,1,174,242,0,242,416
11/24/2001,SWF,NY,AEA,EN,Federal Contract Tower,9,28,29,0,66,0,0,24,0,24,9,28,53,0,90,0,0,0,90
11/25/2001,SWF,NY,AEA,EN,Federal Contract Tower,7,36,36,2,81,0,0,100,0,100,7,36,136,2,181,100,0,100,281
11/26/2001,SWF,NY,AEA,EN,Federal Contract Tower,10,39,23,9,81,0,0,102,7,109,10,39,125,16,190,128,0,128,318
11/27/2001,SWF,NY,AEA,EN,Federal Contract Tower,18,29,33,8,88,0,0,139,7,146,18,29,172,15,234,176,12,188,422
11/28/2001,SWF,NY,AEA,EN,Federal Contract Tower,15,34,30,9,88,0,0,91,1,92,15,34,121,10,180,170,28,198,378
11/29/2001,SWF,NY,AEA,EN,Federal Contract Tower,14,33,28,4,79,0,0,0,0,0,14,33,28,4,79,0,0,0,79
11/30/2001,SWF,NY,AEA,EN,Federal Contract Tower,21,33,20,7,81,0,0,2,0,2,21,33,22,7,83,0,0,0,83
12/01/2001,SWF,NY,AEA,EN,Federal Contract Tower,11,23,18,11,63,0,1,149,7,157,11,24,167,18,220,204,10,214,434
12/02/2001,SWF,NY,AEA,EN,Federal Contract Tower,7,29,16,9,61,0,2,206,9,217,7,31,222,18,278,300,34,334,612
12/03/2001,SWF,NY,AEA,EN,Federal Contract Tower,9,29,28,12,78,0,1,127,2,130,9,30,155,14,208,170,16,186,394
12/04/2001,SWF,NY,AEA,EN,Federal Contract Tower,13,30,17,4,64,0,1,131,7,139,13,31,148,11,203,170,4,174,377
12/05/2001,SWF,NY,AEA,EN,Federal Contract Tower,18,29,19,8,74,0,1,94,2,97,18,30,113,10,171,206,0,206,377
12/06/2001,SWF,NY,AEA,EN,Federal Contract Tower,17,35,17,4,73,0,0,158,6,164,17,35,175,10,237,168,20,188,425
12/07/2001,SWF,NY,AEA,EN,Federal Contract Tower,14,32,33,4,83,0,0,117,16,133,14,32,150,20,216,160,22,182,398
12/08/2001,SWF,NY,AEA,EN,Federal Contract Tower,9,28,11,2,50,0,0,98,5,103,9,28,109,7,153,136,0,136,289
12/09/2001,SWF,NY,AEA,EN,Federal Contract Tower,7,26,14,3,50,0,0,80,2,82,7,26,94,5,132,66,4,70,202
12/10/2001,SWF,NY,AEA,EN,Federal Contract Tower,10,40,28,6,84,0,0,141,5,146,10,40,169,11,230,210,0,210,440
12/11/2001,SWF,NY,AEA,EN,Federal Contract Tower,15,28,30,8,81,0,0,103,14,117,15,28,133,22,198,166,6,172,370
12/12/2001,SWF,NY,AEA,EN,Federal Contract Tower,16,34,38,11,99,0,0,77,13,90,16,34,115,24,189,114,4,118,307
12/13/2001,SWF,NY,AEA,EN,Federal Contract Tower,16,39,14,6,75,0,0,0,0,0,16,39,14,6,75,0,0,0,75
12/14/2001,SWF,NY,AEA,EN,Federal Contract Tower,17,34,22,14,87,0,0,0,0,0,17,34,22,14,87,0,0,0,87
12/15/2001,SWF,NY,AEA,EN,Federal Contract Tower,10,30,14,2,56,0,0,166,1,167,10,30,180,3,223,182,0,182,405
12/16/2001,SWF,NY,AEA,EN,Federal Contract Tower,6,27,22,2,57,0,0,127,2,129,6,27,149,4,186,226,4,230,416
12/17/2001,SWF,NY,AEA,EN,Federal Contract Tower,10,27,16,5,58,0,0,8,2,10,10,27,24,7,68,10,0,10,78
12/18/2001,SWF,NY,AEA,EN,Federal Contract Tower,18,33,25,5,81,0,1,92,7,100,18,34,117,12,181,48,0,48,229
12/19/2001,SWF,NY,AEA,EN,Federal Contract Tower,14,30,23,4,71,1,0,144,0,145,15,30,167,4,216,248,0,248,464
12/20/2001,SWF,NY,AEA,EN,Federal Contract Tower,14,35,34,9,92,0,0,74,3,77,14,35,108,12,169,86,14,100,269
12/21/2001,SWF,NY,AEA,EN,Federal Contract Tower,14,27,21,3,65,0,0,264,0,264,14,27,285,3,329,150,0,150,479
12/22/2001,SWF,NY,AEA,EN,Federal Contract Tower,14,29,15,2,60,0,0,204,0,204,14,29,219,2,264,238,0,238,502
12/23/2001,SWF,NY,AEA,EN,Federal Contract Tower,6,26,7,2,41,0,0,111,0,111,6,26,118,2,152,132,0,132,284
12/24/2001,SWF,NY,AEA,EN,Federal Contract Tower,7,27,7,3,44,0,0,49,1,50,7,27,56,4,94,66,0,66,160
12/25/2001,SWF,NY,AEA,EN,Federal Contract Tower,6,32,2,0,40,0,0,26,2,28,6,32,28,2,68,16,0,16,84
12/26/2001,SWF,NY,AEA,EN,Federal Contract Tower,13,29,19,1,62,0,0,107,1,108,13,29,126,2,170,126,0,126,296
12/27/2001,SWF,NY,AEA,EN,Federal Contract Tower,15,32,16,2,65,0,0,113,2,115,15,32,129,4,180,130,0,130,310
12/28/2001,SWF,NY,AEA,EN,Federal Contract Tower,14,31,15,3,63,0,0,109,6,115,14,31,124,9,178,138,6,144,322
12/29/2001,SWF,NY,AEA,EN,Federal Contract Tower,11,30,12,0,53,0,0,83,2,85,11,30,95,2,138,138,0,138,276
12/30/2001,SWF,NY,AEA,EN,Federal Contract Tower,10,28,13,2,53,0,2,82,0,84,10,30,95,2,137,134,0,134,271
12/31/2001,SWF,NY,AEA,EN,Federal Contract Tower,13,25,11,2,51,0,0,76,0,76,13,25,87,2,127,112,0,112,239
01/01/2002,SWF,NY,AEA,EN,Federal Contract Tower,3,26,9,0,38,1,0,60,0,61,4,26,69,0,99,82,0,82,181
01/02/2002,SWF,NY,AEA,EN,Federal Contract Tower,15,28,21,6,70,1,0,133,3,137,16,28,154,9,207,162,10,172,379
01/03/2002,SWF,NY,AEA,EN,Federal Contract Tower,13,26,21,6,66,1,0,112,13,126,14,26,133,19,192,150,56,206,398
01/04/2002,SWF,NY,AEA,EN,Federal Contract Tower,15,28,15,0,58,1,0,104,1,106,16,28,119,1,164,102,4,106,270
01/05/2002,SWF,NY,AEA,EN,Federal Contract Tower,10,33,16,3,62,1,0,117,1,119,11,33,133,4,181,150,0,150,331
01/06/2002,SWF,NY,AEA,EN,Federal Contract Tower,6,31,19,9,65,0,1,78,5,84,6,32,97,14,149,176,4,180,329
01/07/2002,SWF,NY,AEA,EN,Federal Contract Tower,9,31,9,1,50,0,1,6,0,7,9,32,15,1,57,0,0,0,57
01/08/2002,SWF,NY,AEA,EN,Federal Contract Tower,19,36,15,6,76,0,0,91,3,94,19,36,106,9,170,70,8,78,248
01/09/2002,SWF,NY,AEA,EN,Federal Contract Tower,4,23,12,4,43,0,0,62,1,63,4,23,74,5,106,0,0,0,106
01/10/2002,SWF,NY,AEA,EN,Federal Contract Tower,19,34,14,12,79,0,0,131,15,146,19,34,145,27,225,188,18,206,431
01/11/2002,SWF,NY,AEA,EN,Federal Contract Tower,15,32,14,18,79,0,0,74,1,75,15,32,88,19,154,62,0,62,216
01/12/2002,SWF,NY,AEA,EN,Federal Contract Tower,9,29,20,0,58,0,0,105,0,105,9,29,125,0,163,240,0,240,403
01/13/2002,SWF,NY,AEA,EN,Federal Contract Tower,8,35,9,3,55,0,0,21,0,21,8,35,30,3,76,36,0,36,112
01/14/2002,SWF,NY,AEA,EN,Federal Contract Tower,8,27,28,12,75,0,0,81,10,91,8,27,109,22,166,128,22,150,316
01/15/2002,SWF,NY,AEA,EN,Federal Contract Tower,18,47,16,13,94,0,0,170,15,185,18,47,186,28,279,158,38,196,475
01/16/2002,SWF,NY,AEA,EN,Federal Contract Tower,14,34,14,8,70,0,0,97,4,101,14,34,111,12,171,136,2,138,309
01/17/2002,SWF,NY,AEA,EN,Federal Contract Tower,16,35,12,6,69,0,0,77,8,85,16,35,89,14,154,90,34,124,278
01/18/2002,SWF,NY,AEA,EN,Federal Contract Tower,16,34,33,7,90,0,0,123,9,132,16,34,156,16,222,142,14,156,378
01/19/2002,SWF,NY,AEA,EN,Federal Contract Tower,9,24,4,0,37,0,0,28,0,28,9,24,32,0,65,24,0,24,89
01/20/2002,SWF,NY,AEA,EN,Federal Contract Tower,6,36,8,0,50,0,0,85,0,85,6,36,93,0,135,138,0,138,273
01/21/2002,SWF,NY,AEA,EN,Federal Contract Tower,9,31,19,1,60,0,0,17,0,17,9,31,36,1,77,6,0,6,83
01/22/2002,SWF,NY,AEA,EN,Federal Contract Tower,17,35,22,7,81,0,0,117,14,131,17,35,139,21,212,158,12,170,382
01/23/2002,SWF,NY,AEA,EN,Federal Contract Tower,14,31,41,6,92,0,0,111,13,124,14,31,152,19,216,182,5,187,403
01/24/2002,SWF,NY,AEA,EN,Federal Contract Tower,14,34,19,8,75,0,0,10,1,11,14,34,29,9,86,0,0,0,86
01/25/2002,SWF,NY,AEA,EN,Federal Contract Tower,16,29,18,10,73,0,0,177,14,191,16,29,195,24,264,274,14,288,552
01/26/2002,SWF,NY,AEA,EN,Federal Contract Tower,11,26,4,1,42,0,0,130,0,130,11,26,134,1,172,232,0,232,404
01/27/2002,SWF,NY,AEA,EN,Federal Contract Tower,5,27,24,3,59,0,0,137,0,137,5,27,161,3,196,248,4,252,448
01/28/2002,SWF,NY,AEA,EN,Federal Contract Tower,7,30,13,1,51,0,0,123,12,135,7,30,136,13,186,232,4,236,422
01/29/2002,SWF,NY,AEA,EN,Federal Contract Tower,17,36,20,8,81,0,0,150,20,170,17,36,170,28,251,243,34,277,528
01/30/2002,SWF,NY,AEA,EN,Federal Contract Tower,15,32,16,13,76,0,0,46,4,50,15,32,62,17,126,22,2,24,150
01/31/2002,SWF,NY,AEA,EN,Federal Contract Tower,12,37,6,2,57,0,0,21,2,23,12,37,27,4,80,0,0,0,80
02/01/2002,SWF,NY,AEA,EN,Federal Contract Tower,14,30,8,8,60,1,0,0,1,2,15,30,8,9,62,0,0,0,62
02/02/2002,SWF,NY,AEA,EN,Federal Contract Tower,9,33,7,20,69,0,0,57,6,63,9,33,64,26,132,146,34,180,312
02/03/2002,SWF,NY,AEA,EN,Federal Contract Tower,6,26,12,9,53,0,0,63,0,63,6,26,75,9,116,74,0,74,190
02/04/2002,SWF,NY,AEA,EN,Federal Contract Tower,17,31,30,4,82,0,0,109,12,121,17,31,139,16,203,118,28,146,349
02/05/2002,SWF,NY,AEA,EN,Federal Contract Tower,19,34,20,1,74,0,0,105,12,117,19,34,125,13,191,234,8,242,433
02/06/2002,SWF,NY,AEA,EN,Federal Contract Tower,14,26,31,6,77,0,0,135,12,147,14,26,166,18,224,258,10,268,492
02/07/2002,SWF,NY,AEA,EN,Federal Contract Tower,16,31,18,6,71,0,1,122,5,128,16,32,140,11,199,182,42,224,423
02/08/2002,SWF,NY,AEA,EN,Federal Contract Tower,14,29,19,13,75,0,0,108,4,112,14,29,127,17,187,146,76,222,409
02/09/2002,SWF,NY,AEA,EN,Federal Contract Tower,10,32,16,7,65,0,0,140,0,140,10,32,156,7,205,230,4,234,439
02/10/2002,SWF,NY,AEA,EN,Federal Contract Tower,7,26,25,5,63,0,0,52,0,52,7,26,77,5,115,56,0,56,171
02/11/2002,SWF,NY,AEA,EN,Federal Contract Tower,12,29,10,30,81,0,0,81,14,95,12,29,91,44,176,134,30,164,340
02/12/2002,SWF,NY,AEA,EN,Federal Contract Tower,15,31,23,19,88,0,0,117,12,129,15,31,140,31,217,152,58,210,427
02/13/2002,SWF,NY,AEA,EN,Federal Contract Tower,16,30,18,25,89,0,0,114,13,127,16,30,132,38,216,64,6,70,286
02/14/2002,SWF,NY,AEA,EN,Federal Contract Tower,20,32,16,28,96,0,0,184,34,218,20,32,200,62,314,214,72,286,600
02/15/2002,SWF,NY,AEA,EN,Federal Contract Tower,17,30,16,10,73,0,0,91,0,91,17,30,107,10,164,110,2,112,276
02/16/2002,SWF,NY,AEA,EN,Federal Contract Tower,9,27,19,5,60,0,0,67,0,67,9,27,86,5,127,164,0,164,291
02/17/2002,SWF,NY,AEA,EN,Federal Contract Tower,8,22,13,7,50,0,6,78,4,88,8,28,91,11,138,126,4,130,268
02/18/2002,SWF,NY,AEA,EN,Federal Contract Tower,8,28,16,2,54,0,0,131,1,132,8,28,147,3,186,208,0,208,394
02/19/2002,SWF,NY,AEA,EN,Federal Contract Tower,13,28,14,7,62,0,0,159,17,176,13,28,173,24,238,234,18,252,490
02/20/2002,SWF,NY,AEA,EN,Federal Contract Tower,16,29,15,19,79,0,0,94,2,96,16,29,109,21,175,166,10,176,351
02/21/2002,SWF,NY,AEA,EN,Federal Contract Tower,20,34,32,18,104,0,0,108,8,116,20,34,140,26,220,172,44,216,436
02/22/2002,SWF,NY,AEA,EN,Federal Contract Tower,15,30,21,7,73,0,0,86,5,91,15,30,107,12,164,166,0,166,330
02/23/2002,SWF,NY,AEA,EN,Federal Contract Tower,10,24,15,3,52,0,0,84,6,90,10,24,99,9,142,140,2,142,284
02/24/2002,SWF,NY,AEA,EN,Federal Contract Tower,5,31,15,6,57,0,0,91,5,96,5,31,106,11,153,156,0,156,309
02/25/2002,SWF,NY,AEA,EN,Federal Contract Tower,8,32,11,7,58,0,0,88,15,103,8,32,99,22,161,114,34,148,309
02/26/2002,SWF,NY,AEA,EN,Federal Contract Tower,13,31,29,8,81,0,0,67,5,72,13,31,96,13,153,78,18,96,249
02/27/2002,SWF,NY,AEA,EN,Federal Contract Tower,16,32,10,9,67,0,0,95,2,97,16,32,105,11,164,98,12,110,274
02/28/2002,SWF,NY,AEA,EN,Federal Contract Tower,13,31,15,12,71,0,0,98,0,98,13,31,113,12,169,86,10,96,265
03/01/2002,SWF,NY,AEA,EN,Federal Contract Tower,17,30,16,12,75,0,0,144,4,148,17,30,160,16,223,188,14,202,425
03/02/2002,SWF,NY,AEA,EN,Federal Contract Tower,8,25,16,5,54,0,0,63,2,65,8,25,79,7,119,80,0,80,199
03/03/2002,SWF,NY,AEA,EN,Federal Contract Tower,10,33,10,10,63,0,0,118,0,118,10,33,128,10,181,104,10,114,295
03/04/2002,SWF,NY,AEA,EN,Federal Contract Tower,9,27,14,5,55,0,0,106,25,131,9,27,120,30,186,146,34,180,366
03/05/2002,SWF,NY,AEA,EN,Federal Contract Tower,17,31,26,6,80,0,0,175,21,196,17,31,201,27,276,174,28,202,478
03/06/2002,SWF,NY,AEA,EN,Federal Contract Tower,15,31,23,3,72,0,0,109,9,118,15,31,132,12,190,188,6,194,384
03/07/2002,SWF,NY,AEA,EN,Federal Contract Tower,15,33,31,11,90,0,0,83,4,87,15,33,114,15,177,152,2,154,331
03/08/2002,SWF,NY,AEA,EN,Federal Contract Tower,14,26,22,8,70,0,0,86,4,90,14,26,108,12,160,108,0,108,268
03/09/2002,SWF,NY,AEA,EN,Federal Contract Tower,13,33,22,1,69,0,0,97,1,98,13,33,119,2,167,128,0,128,295
03/10/2002,SWF,NY,AEA,EN,Federal Contract Tower,5,29,6,4,44,0,0,76,3,79,5,29,82,7,123,70,8,78,201
03/11/2002,SWF,NY,AEA,EN,Federal Contract Tower,11,40,30,13,94,0,0,139,13,152,11,40,169,26,246,216,14,230,476
03/12/2002,SWF,NY,AEA,EN,Federal Contract Tower,16,34,27,21,98,0,0,140,8,148,16,34,167,29,246,212,8,220,466
03/13/2002,SWF,NY,AEA,EN,Federal Contract Tower,17,32,13,5,67,0,0,10,2,12,17,32,23,7,79,4,36,40,119
03/14/2002,SWF,NY,AEA,EN,Federal Contract Tower,13,32,27,7,79,0,0,89,5,94,13,32,116,12,173,212,0,212,385
03/15/2002,SWF,NY,AEA,EN,Federal Contract Tower,22,33,19,6,80,0,0,63,0,63,22,33,82,6,143,62,2,64,207
03/16/2002,SWF,NY,AEA,EN,Federal Contract Tower,8,28,33,5,74,0,0,105,3,108,8,28,138,8,182,128,12,140,322
03/17/2002,SWF,NY,AEA,EN,Federal Contract Tower,5,26,26,5,62,0,0,103,6,109,5,26,129,11,171,194,14,208,379
03/18/2002,SWF,NY,AEA,EN,Federal Contract Tower,8,28,7,5,48,0,0,0,0,0,8,28,7,5,48,0,0,0,48
03/19/2002,SWF,NY,AEA,EN,Federal Contract Tower,16,30,19,7,72,0,0,109,1,110,16,30,128,8,182,166,14,180,362
03/20/2002,SWF,NY,AEA,EN,Federal Contract Tower,15,35,17,10,77,0,0,0,0,0,15,35,17,10,77,0,0,0,77
03/21/2002,SWF,NY,AEA,EN,Federal Contract Tower,17,38,22,12,89,0,0,95,0,95,17,38,117,12,184,210,0,210,394
03/22/2002,SWF,NY,AEA,EN,Federal Contract Tower,14,29,16,9,68,0,0,54,1,55,14,29,70,10,123,110,0,110,233
03/23/2002,SWF,NY,AEA,EN,Federal Contract Tower,9,30,28,1,68,0,0,113,0,113,9,30,141,1,181,140,0,140,321
03/24/2002,SWF,NY,AEA,EN,Federal Contract Tower,8,35,21,5,69,0,0,138,1,139,8,35,159,6,208,230,4,234,442
03/25/2002,SWF,NY,AEA,EN,Federal Contract Tower,10,31,18,26,85,0,0,71,7,78,10,31,89,33,163,80,20,100,263
03/26/2002,SWF,NY,AEA,EN,Federal Contract Tower,16,29,11,9,65,0,0,32,0,32,16,29,43,9,97,6,0,6,103
03/27/2002,SWF,NY,AEA,EN,Federal Contract Tower,14,33,16,8,71,0,0,69,2,71,14,33,85,10,142,94,0,94,236
03/28/2002,SWF,NY,AEA,EN,Federal Contract Tower,17,31,26,8,82,0,0,124,0,124,17,31,150,8,206,262,0,262,468
03/29/2002,SWF,NY,AEA,EN,Federal Contract Tower,13,37,23,3,76,0,0,98,0,98,13,37,121,3,174,212,0,212,386
03/30/2002,SWF,NY,AEA,EN,Federal Contract Tower,11,26,19,2,58,0,0,124,1,125,11,26,143,3,183,276,4,280,463
03/31/2002,SWF,NY,AEA,EN,Federal Contract Tower,5,32,16,1,54,0,0,99,0,99,5,32,115,1,153,146,0,146,299
04/01/2002,SWF,NY,AEA,EN,Federal Contract Tower,11,30,17,6,64,0,0,143,2,145,11,30,160,8,209,162,12,174,383
04/02/2002,SWF,NY,AEA,EN,Federal Contract Tower,16,39,18,5,78,0,0,110,10,120,16,39,128,15,198,154,4,158,356
04/03/2002,SWF,NY,AEA,EN,Federal Contract Tower,15,28,12,10,65,0,0,53,1,54,15,28,65,11,119,38,0,38,157
04/04/2002,SWF,NY,AEA,EN,Federal Contract Tower,15,40,22,5,82,0,0,112,7,119,15,40,134,12,201,168,4,172,373
04/05/2002,SWF,NY,AEA,EN,Federal Contract Tower,16,27,18,9,70,0,0,153,8,161,16,27,171,17,231,230,14,244,475
04/06/2002,SWF,NY,AEA,EN,Federal Contract Tower,9,27,17,7,60,0,0,137,7,144,9,27,154,14,204,194,14,208,412
04/07/2002,SWF,NY,AEA,EN,Federal Contract Tower,6,29,19,12,66,0,0,211,28,239,6,29,230,40,305,278,34,312,617
04/08/2002,SWF,NY,AEA,EN,Federal Contract Tower,11,35,9,5,60,0,0,151,11,162,11,35,160,16,222,194,8,202,424
04/09/2002,SWF,NY,AEA,EN,Federal Contract Tower,17,32,17,5,71,0,0,71,5,76,17,32,88,10,147,70,28,98,245
04/10/2002,SWF,NY,AEA,EN,Federal Contract Tower,17,33,17,6,73,0,0,87,3,90,17,33,104,9,163,212,0,212,375
04/11/2002,SWF,NY,AEA,EN,Federal Contract Tower,15,37,25,10,87,0,0,115,8,123,15,37,140,18,210,202,6,208,418
04/12/2002,SWF,NY,AEA,EN,Federal Contract Tower,12,32,28,12,84,0,1,44,10,55,12,33,72,22,139,50,0,50,189
04/13/2002,SWF,NY,AEA,EN,Federal Contract Tower,10,38,41,6,95,0,0,39,2,41,10,38,80,8,136,0,0,0,136
04/14/2002,SWF,NY,AEA,EN,Federal Contract Tower,6,29,20,5,60,0,0,162,12,174,6,29,182,17,234,270,4,274,508
04/15/2002,SWF,NY,AEA,EN,Federal Contract Tower,11,32,27,3,73,0,0,137,12,149,11,32,164,15,222,220,4,224,446
04/16/2002,SWF,NY,AEA,EN,Federal Contract Tower,16,32,14,7,69,0,0,116,17,133,16,32,130,24,202,226,0,226,428
04/17/2002,SWF,NY,AEA,EN,Federal Contract Tower,16,32,22,13,83,0,0,96,10,106,16,32,118,23,189,196,10,206,395
04/18/2002,SWF,NY,AEA,EN,Federal Contract Tower,8,32,24,12,76,0,0,110,10,120,8,32,134,22,196,180,32,212,408
04/19/2002,SWF,NY,AEA,EN,Federal Contract Tower,21,26,17,9,73,0,1,87,13,101,21,27,104,22,174,128,6,134,308
04/20/2002,SWF,NY,AEA,EN,Federal Contract Tower,11,28,14,1,54,0,0,118,9,127,11,28,132,10,181,180,0,180,361
04/21/2002,SWF,NY,AEA,EN,Federal Contract Tower,7,31,20,0,58,0,0,173,4,177,7,31,193,4,235,294,0,294,529
04/22/2002,SWF,NY,AEA,EN,Federal Contract Tower,10,28,19,4,61,0,0,0,0,0,10,28,19,4,61,0,0,0,61
04/23/2002,SWF,NY,AEA,EN,Federal Contract Tower,17,31,23,9,80,0,0,78,1,79,17,31,101,10,159,112,0,112,271
04/24/2002,SWF,NY,AEA,EN,Federal Contract Tower,10,31,32,5,78,0,0,106,7,113,10,31,138,12,191,142,0,142,333
04/25/2002,SWF,NY,AEA,EN,Federal Contract Tower,14,30,26,8,78,0,0,69,0,69,14,30,95,8,147,40,0,40,187
04/26/2002,SWF,NY,AEA,EN,Federal Contract Tower,17,33,18,7,75,0,0,83,12,95,17,33,101,19,170,182,36,218,388
04/27/2002,SWF,NY,AEA,EN,Federal Contract Tower,11,30,25,2,68,0,0,211,26,237,11,30,236,28,305,336,16,352,657
04/28/2002,SWF,NY,AEA,EN,Federal Contract Tower,6,33,36,3,78,0,0,0,0,0,6,33,36,3,78,0,0,0,78
04/29/2002,SWF,NY,AEA,EN,Federal Contract Tower,8,39,25,4,76,0,0,56,0,56,8,39,81,4,132,46,0,46,178
04/30/2002,SWF,NY,AEA,EN,Federal Contract Tower,15,33,38,6,92,0,0,37,30,67,15,33,75,36,159,94,0,94,253
05/01/2002,SWF,NY,AEA,EN,Federal Contract Tower,15,32,17,9,73,0,0,108,16,124,15,32,125,25,197,166,0,166,363
05/02/2002,SWF,NY,AEA,EN,Federal Contract Tower,14,33,18,5,70,0,0,57,3,60,14,33,75,8,130,12,0,12,142
05/03/2002,SWF,NY,AEA,EN,Federal Contract Tower,17,33,20,10,80,0,0,104,11,115,17,33,124,21,195,100,0,100,295
05/04/2002,SWF,NY,AEA,EN,Federal Contract Tower,9,31,23,3,66,0,0,219,7,226,9,31,242,10,292,398,8,406,698
05/05/2002,SWF,NY,AEA,EN,Federal Contract Tower,6,32,23,5,66,0,0,232,26,258,6,32,255,31,324,312,8,320,644
05/06/2002,SWF,NY,AEA,EN,Federal Contract Tower,11,31,13,4,59,0,0,118,12,130,11,31,131,16,189,200,14,214,403
05/07/2002,SWF,NY,AEA,EN,Federal Contract Tower,16,30,28,8,82,0,0,103,5,108,16,30,131,13,190,186,0,186,376
05/08/2002,SWF,NY,AEA,EN,Federal Contract Tower,18,39,25,11,93,0,0,153,10,163,18,39,178,21,256,262,34,296,552
05/09/2002,SWF,NY,AEA,EN,Federal Contract Tower,18,31,25,13,87,0,0,62,0,62,18,31,87,13,149,86,0,86,235
05/10/2002,SWF,NY,AEA,EN,Federal Contract Tower,21,33,32,4,90,0,0,127,29,156,21,33,159,33,246,222,30,252,498
05/11/2002,SWF,NY,AEA,EN,Federal Contract Tower,13,26,14,2,55,0,0,189,21,210,13,26,203,23,265,240,2,242,507
05/12/2002,SWF,NY,AEA,EN,Federal Contract Tower,5,32,24,1,62,0,0,16,0,16,5,32,40,1,78,10,0,10,88
05/13/2002,SWF,NY,AEA,EN,Federal Contract Tower,10,31,29,7,77,0,0,12,0,12,10,31,41,7,89,0,0,0,89
05/14/2002,SWF,NY,AEA,EN,Federal Contract Tower,17,31,18,7,73,0,0,47,0,47,17,31,65,7,120,58,6,64,184
05/15/2002,SWF,NY,AEA,EN,Federal Contract Tower,19,35,21,6,81,0,0,111,15,126,19,35,132,21,207,146,0,146,353
05/16/2002,SWF,NY,AEA,EN,Federal Contract Tower,11,37,25,12,85,0,0,129,20,149,11,37,154,32,234,156,0,156,390
05/17/2002,SWF,NY,AEA,EN,Federal Contract Tower,16,30,18,12,76,0,0,120,23,143,16,30,138,35,219,124,30,154,373
05/18/2002,SWF,NY,AEA,EN,Federal Contract Tower,11,31,15,5,62,0,0,135,2,137,11,31,150,7,199,116,0,116,315
05/19/2002,SWF,NY,AEA,EN,Federal Contract Tower,6,30,25,7,68,0,0,111,2,113,6,30,136,9,181,266,0,266,447
05/20/2002,SWF,NY,AEA,EN,Federal Contract Tower,9,30,25,7,71,0,0,113,8,121,9,30,138,15,192,234,0,234,426
05/21/2002,SWF,NY,AEA,EN,Federal Contract Tower,17,32,22,3,74,0,0,75,8,83,17,32,97,11,157,148,0,148,305
05/22/2002,SWF,NY,AEA,EN,Federal Contract Tower,16,29,28,5,78,0,0,161,14,175,16,29,189,19,253,262,18,280,533
05/23/2002,SWF,NY,AEA,EN,Federal Contract Tower,13,31,19,8,71,0,0,141,9,150,13,31,160,17,221,210,6,216,437
05/24/2002,SWF,NY,AEA,EN,Federal Contract Tower,15,35,35,9,94,0,0,161,29,190,15,35,196,38,284,208,34,242,526
05/25/2002,SWF,NY,AEA,EN,Federal Contract Tower,10,33,21,2,66,0,0,147,3,150,10,33,168,5,216,218,0,218,434
05/26/2002,SWF,NY,AEA,EN,Federal Contract Tower,6,25,9,7,47,0,0,19,0,19,6,25,28,7,66,12,0,12,78
05/27/2002,SWF,NY,AEA,EN,Federal Contract Tower,6,32,21,2,61,0,0,164,0,164,6,32,185,2,225,166,0,166,391
05/28/2002,SWF,NY,AEA,EN,Federal Contract Tower,10,32,22,3,67,0,0,12,0,12,10,32,34,3,79,4,0,4,83
05/29/2002,SWF,NY,AEA,EN,Federal Contract Tower,14,31,24,5,74,0,0,55,4,59,14,31,79,9,133,70,0,70,203
05/30/2002,SWF,NY,AEA,EN,Federal Contract Tower,17,30,38,11,96,0,0,97,43,140,17,30,135,54,236,154,0,154,390
05/31/2002,SWF,NY,AEA,EN,Federal Contract Tower,24,28,36,15,103,0,0,107,21,128,24,28,143,36,231,122,46,168,399
06/01/2002,SWF,NY,AEA,EN,Federal Contract Tower,13,29,23,6,71,4,0,107,47,158,17,29,130,53,229,208,8,216,445
06/02/2002,SWF,NY,AEA,EN,Federal Contract Tower,8,30,21,6,65,0,2,141,21,164,8,32,162,27,229,194,34,228,457
06/03/2002,SWF,NY,AEA,EN,Federal Contract Tower,8,27,25,7,67,0,0,90,2,92,8,27,115,9,159,242,4,246,405
06/04/2002,SWF,NY,AEA,EN,Federal Contract Tower,12,28,21,5,66,0,2,103,13,118,12,30,124,18,184,194,0,194,378
06/05/2002,SWF,NY,AEA,EN,Federal Contract Tower,12,28,21,5,66,2,5,63,7,77,14,33,84,12,143,134,30,164,307
06/06/2002,SWF,NY,AEA,EN,Federal Contract Tower,11,25,18,5,59,4,4,21,2,31,15,29,39,7,90,10,0,10,100
06/07/2002,SWF,NY,AEA,EN,Federal Contract Tower,14,35,25,7,81,0,4,167,12,183,14,39,192,19,264,244,0,244,508
06/08/2002,SWF,NY,AEA,EN,Federal Contract Tower,11,31,29,8,79,0,0,256,6,262,11,31,285,14,341,324,0,324,665
06/09/2002,SWF,NY,AEA,EN,Federal Contract Tower,6,31,28,7,72,0,0,83,16,99,6,31,111,23,171,278,0,278,449
06/10/2002,SWF,NY,AEA,EN,Federal Contract Tower,9,33,28,7,77,0,0,96,8,104,9,33,124,15,181,202,2,204,385
06/11/2002,SWF,NY,AEA,EN,Federal Contract Tower,11,23,17,4,55,7,16,139,17,179,18,39,156,21,234,216,14,230,464
06/12/2002,SWF,NY,AEA,EN,Federal Contract Tower,11,26,20,5,62,5,9,97,15,126,16,35,117,20,188,120,0,120,308
06/13/2002,SWF,NY,AEA,EN,Federal Contract Tower,12,31,24,7,74,0,0,69,2,71,12,31,93,9,145,50,0,50,195
06/14/2002,SWF,NY,AEA,EN,Federal Contract Tower,12,31,23,7,73,5,0,20,5,30,17,31,43,12,103,0,0,0,103
06/15/2002,SWF,NY,AEA,EN,Federal Contract Tower,11,29,25,5,70,0,0,22,0,22,11,29,47,5,92,0,0,0,92
06/16/2002,SWF,NY,AEA,EN,Federal Contract Tower,7,34,27,6,74,0,0,57,0,57,7,34,84,6,131,112,0,112,243
06/17/2002,SWF,NY,AEA,EN,Federal Contract Tower,11,26,23,7,67,0,0,149,8,157,11,26,172,15,224,136,0,136,360
06/18/2002,SWF,NY,AEA,EN,Federal Contract Tower,10,27,19,6,62,6,8,193,17,224,16,35,212,23,286,226,2,228,514
06/19/2002,SWF,NY,AEA,EN,Federal Contract Tower,11,28,20,7,66,4,0,169,27,200,15,28,189,34,266,186,28,214,480
06/20/2002,SWF,NY,AEA,EN,Federal Contract Tower,12,31,21,7,71,4,1,181,44,230,16,32,202,51,301,208,40,248,549
06/21/2002,SWF,NY,AEA,EN,Federal Contract Tower,13,32,22,7,74,7,9,164,40,220,20,41,186,47,294,226,46,272,566
06/22/2002,SWF,NY,AEA,EN,Federal Contract Tower,10,32,23,7,72,0,0,71,5,76,10,32,94,12,148,108,10,118,266
06/23/2002,SWF,NY,AEA,EN,Federal Contract Tower,6,29,21,5,61,0,0,70,0,70,6,29,91,5,131,128,0,128,259
06/24/2002,SWF,NY,AEA,EN,Federal Contract Tower,13,32,28,9,82,0,0,167,3,170,13,32,195,12,252,200,0,200,452
06/25/2002,SWF,NY,AEA,EN,Federal Contract Tower,11,29,20,6,66,2,6,161,29,198,13,35,181,35,264,138,10,148,412
06/26/2002,SWF,NY,AEA,EN,Federal Contract Tower,8,21,13,5,47,8,12,90,20,130,16,33,103,25,177,12,0,12,189
06/27/2002,SWF,NY,AEA,EN,Federal Contract Tower,10,27,18,6,61,4,1,83,21,109,14,28,101,27,170,74,16,90,260
06/28/2002,SWF,NY,AEA,EN,Federal Contract Tower,12,29,21,5,67,5,8,154,20,187,17,37,175,25,254,248,0,248,502
06/29/2002,SWF,NY,AEA,EN,Federal Contract Tower,9,26,23,6,64,0,0,148,4,152,9,26,171,10,216,330,0,330,546
06/30/2002,SWF,NY,AEA,EN,Federal Contract Tower,7,30,30,2,69,0,0,127,0,127,7,30,157,2,196,278,0,278,474
07/01/2002,SWF,NY,AEA,EN,Federal Contract Tower,9,34,24,2,69,0,0,146,10,156,9,34,170,12,225,162,0,162,387
07/02/2002,SWF,NY,AEA,EN,Federal Contract Tower,14,27,34,9,84,0,0,94,13,107,14,27,128,22,191,110,16,126,317
07/03/2002,SWF,NY,AEA,EN,Federal Contract Tower,17,34,22,10,83,0,0,159,19,178,17,34,181,29,261,136,16,152,413
07/04/2002,SWF,NY,AEA,EN,Federal Contract Tower,9,31,5,0,45,0,0,97,4,101,9,31,102,4,146,104,8,112,258
07/05/2002,SWF,NY,AEA,EN,Federal Contract Tower,14,30,20,3,67,0,0,164,2,166,14,30,184,5,233,276,0,276,509
07/06/2002,SWF,NY,AEA,EN,Federal Contract Tower,8,29,13,2,52,0,0,200,0,200,8,29,213,2,252,344,0,344,596
07/07/2002,SWF,NY,AEA,EN,Federal Contract Tower,9,32,32,1,74,0,0,46,0,46,9,32,78,1,120,64,0,64,184
07/08/2002,SWF,NY,AEA,EN,Federal Contract Tower,15,36,31,13,95,0,0,182,18,200,15,36,213,31,295,172,62,234,529
07/09/2002,SWF,NY,AEA,EN,Federal Contract Tower,15,32,3,11,61,0,0,96,5,101,15,32,99,16,162,92,10,102,264
07/10/2002,SWF,NY,AEA,EN,Federal Contract Tower,17,33,29,11,90,0,0,166,22,188,17,33,195,33,278,246,12,258,536
07/11/2002,SWF,NY,AEA,EN,Federal Contract Tower,16,36,22,10,84,0,0,180,11,191,16,36,202,21,275,216,14,230,505
07/12/2002,SWF,NY,AEA,EN,Federal Contract Tower,14,38,28,11,91,0,0,208,25,233,14,38,236,36,324,248,30,278,602
07/13/2002,SWF,NY,AEA,EN,Federal Contract Tower,9,24,12,7,52,0,0,123,2,125,9,24,135,9,177,260,4,264,441
07/14/2002,SWF,NY,AEA,EN,Federal Contract Tower,8,35,17,8,68,0,0,164,10,174,8,35,181,18,242,198,8,206,448
07/15/2002,SWF,NY,AEA,EN,Federal Contract Tower,10,31,29,3,73,0,0,128,8,136,10,31,157,11,209,170,12,182,391
07/16/2002,SWF,NY,AEA,EN,Federal Contract Tower,18,26,18,4,66,0,1,157,16,174,18,27,175,20,240,246,6,252,492
07/17/2002,SWF,NY,AEA,EN,Federal Contract Tower,17,31,24,7,79,0,0,144,17,161,17,31,168,24,240,222,0,222,462
07/18/2002,SWF,NY,AEA,EN,Federal Contract Tower,13,39,22,7,81,0,0,149,11,160,13,39,171,18,241,130,6,136,377
07/19/2002,SWF,NY,AEA,EN,Federal Contract Tower,14,28,38,3,83,0,0,101,40,141,14,28,139,43,224,78,0,78,302
07/20/2002,SWF,NY,AEA,EN,Federal Contract Tower,11,30,19,4,64,0,0,158,10,168,11,30,177,14,232,174,0,174,406
07/21/2002,SWF,NY,AEA,EN,Federal Contract Tower,7,29,26,3,65,0,0,116,11,127,7,29,142,14,192,188,0,188,380
07/22/2002,SWF,NY,AEA,EN,Federal Contract Tower,6,29,20,3,58,0,0,99,10,109,6,29,119,13,167,164,0,164,331
07/23/2002,SWF,NY,AEA,EN,Federal Contract Tower,18,25,16,5,64,0,0,49,25,74,18,25,65,30,138,86,0,86,224
07/24/2002,SWF,NY,AEA,EN,Federal Contract Tower,15,39,39,10,103,0,0,140,32,172,15,39,179,42,275,192,20,212,487
07/25/2002,SWF,NY,AEA,EN,Federal Contract Tower,13,28,25,8,74,0,0,139,39,178,13,28,164,47,252,240,44,284,536
07/26/2002,SWF,NY,AEA,EN,Federal Contract Tower,15,34,21,7,77,0,2,140,5,147,15,36,161,12,224,224,0,224,448
07/27/2002,SWF,NY,AEA,EN,Federal Contract Tower,11,26,33,12,82,0,2,115,1,118,11,28,148,13,200,182,18,200,400
07/28/2002,SWF,NY,AEA,EN,Federal Contract Tower,9,35,35,1,80,0,0,19,0,19,9,35,54,1,99,10,0,10,109
07/29/2002,SWF,NY,AEA,EN,Federal Contract Tower,9,34,26,2,71,0,0,115,5,120,9,34,141,7,191,144,0,144,335
07/30/2002,SWF,NY,AEA,EN,Federal Contract Tower,17,35,24,11,87,0,0,142,17,159,17,35,166,28,246,158,22,180,426
07/31/2002,SWF,NY,AEA,EN,Federal Contract Tower,17,33,31,8,89,0,0,155,23,178,17,33,186,31,267,218,20,238,505
08/01/2002,SWF,NY,AEA,EN,Federal Contract Tower,13,32,36,9,90,0,0,108,14,122,13,32,144,23,212,198,40,238,450
08/02/2002,SWF,NY,AEA,EN,Federal Contract Tower,22,35,23,7,87,0,0,76,10,86,22,35,99,17,173,120,0,120,293
08/03/2002,SWF,NY,AEA,EN,Federal Contract Tower,11,25,28,7,71,0,0,92,6,98,11,25,120,13,169,188,0,188,357
08/04/2002,SWF,NY,AEA,EN,Federal Contract Tower,5,33,28,4,70,0,0,122,14,136,5,33,150,18,206,194,4,198,404
08/05/2002,SWF,NY,AEA,EN,Federal Contract Tower,9,29,33,2,73,0,0,90,6,96,9,29,123,8,169,114,0,114,283
08/06/2002,SWF,NY,AEA,EN,Federal Contract Tower,16,36,28,12,92,0,0,125,30,155,16,36,153,42,247,160,34,194,441
08/07/2002,SWF,NY,AEA,EN,Federal Contract Tower,15,38,32,10,95,0,0,118,42,160,15,38,150,52,255,246,28,274,529
08/08/2002,SWF,NY,AEA,EN,Federal Contract Tower,14,33,20,3,70,0,0,146,34,180,14,33,166,37,250,248,46,294,544
08/09/2002,SWF,NY,AEA,EN,Federal Contract Tower,15,34,16,5,70,0,0,158,29,187,15,34,174,34,257,220,16,236,493
08/10/2002,SWF,NY,AEA,EN,Federal Contract Tower,9,29,12,1,51,0,0,106,2,108,9,29,118,3,159,208,0,208,367
08/11/2002,SWF,NY,AEA,EN,Federal Contract Tower,7,28,10,2,47,0,0,102,0,102,7,28,112,2,149,260,0,260,409
08/12/2002,SWF,NY,AEA,EN,Federal Contract Tower,7,25,33,4,69,0,0,119,5,124,7,25,152,9,193,180,10,190,383
08/13/2002,SWF,NY,AEA,EN,Federal Contract Tower,16,34,30,3,83,0,0,125,9,134,16,34,155,12,217,174,16,190,407
08/14/2002,SWF,NY,AEA,EN,Federal Contract Tower,17,29,30,3,79,0,0,74,7,81,17,29,104,10,160,130,14,144,304
08/15/2002,SWF,NY,AEA,EN,Federal Contract Tower,12,30,28,8,78,0,0,130,19,149,12,30,158,27,227,250,8,258,485
08/16/2002,SWF,NY,AEA,EN,Federal Contract Tower,14,37,22,9,82,0,0,76,10,86,14,37,98,19,168,156,4,160,328
08/17/2002,SWF,NY,AEA,EN,Federal Contract Tower,10,25,18,5,58,0,0,151,15,166,10,25,169,20,224,218,4,222,446
08/18/2002,SWF,NY,AEA,EN,Federal Contract Tower,7,32,36,4,79,0,0,147,7,154,7,32,183,11,233,230,2,232,465
08/19/2002,SWF,NY,AEA,EN,Federal Contract Tower,9,32,27,9,77,0,0,131,17,148,9,32,158,26,225,180,6,186,411
08/20/2002,SWF,NY,AEA,EN,Federal Contract Tower,21,31,42,6,100,0,0,129,4,133,21,31,171,10,233,140,12,152,385
08/21/2002,SWF,NY,AEA,EN,Federal Contract Tower,17,32,29,6,84,0,0,128,11,139,17,32,157,17,223,228,6,234,457
08/22/2002,SWF,NY,AEA,EN,Federal Contract Tower,13,31,44,4,92,0,0,105,9,114,13,31,149,13,206,210,6,216,422
08/23/2002,SWF,NY,AEA,EN,Federal Contract Tower,14,36,36,17,103,0,0,161,20,181,14,36,197,37,284,196,20,216,500
08/24/2002,SWF,NY,AEA,EN,Federal Contract Tower,12,24,31,5,72,0,0,34,4,38,12,24,65,9,110,8,4,12,122
08/25/2002,SWF,NY,AEA,EN,Federal Contract Tower,6,26,28,3,63,0,0,118,11,129,6,26,146,14,192,166,2,168,360
08/26/2002,SWF,NY,AEA,EN,Federal Contract Tower,8,34,27,12,81,0,0,141,14,155,8,34,168,26,236,156,0,156,392
08/27/2002,SWF,NY,AEA,EN,Federal Contract Tower,17,33,27,8,85,0,0,152,13,165,17,33,179,21,250,241,12,253,503
08/28/2002,SWF,NY,AEA,EN,Federal Contract Tower,16,32,27,7,82,0,0,117,8,125,16,32,144,15,207,146,6,152,359
08/29/2002,SWF,NY,AEA,EN,Federal Contract Tower,18,31,39,3,91,0,0,43,0,43,18,31,82,3,134,0,0,0,134
08/30/2002,SWF,NY,AEA,EN,Federal Contract Tower,17,44,43,9,113,0,0,100,5,105,17,44,143,14,218,148,4,152,370
08/31/2002,SWF,NY,AEA,EN,Federal Contract Tower,11,29,17,1,58,0,0,85,0,85,11,29,102,1,143,128,0,128,271
09/01/2002,SWF,NY,AEA,EN,Federal Contract Tower,5,29,21,1,56,1,0,78,1,80,6,29,99,2,136,128,0,128,264
09/02/2002,SWF,NY,AEA,EN,Federal Contract Tower,6,36,49,4,95,0,0,25,1,26,6,36,74,5,121,0,0,0,121
09/03/2002,SWF,NY,AEA,EN,Federal Contract Tower,11,41,24,5,81,0,0,59,7,66,11,41,83,12,147,94,0,94,241
09/04/2002,SWF,NY,AEA,EN,Federal Contract Tower,18,44,39,11,112,0,0,106,17,123,18,44,145,28,235,126,8,134,369
09/05/2002,SWF,NY,AEA,EN,Federal Contract Tower,14,39,26,10,89,0,0,129,10,139,14,39,155,20,228,210,38,248,476
09/06/2002,SWF,NY,AEA,EN,Federal Contract Tower,12,42,25,5,84,0,0,167,3,170,12,42,192,8,254,228,4,232,486
09/07/2002,SWF,NY,AEA,EN,Federal Contract Tower,3,36,20,7,66,0,0,129,20,149,3,36,149,27,215,238,14,252,467
09/08/2002,SWF,NY,AEA,EN,Federal Contract Tower,0,36,26,7,69,0,0,156,18,174,0,36,182,25,243,194,20,214,457
09/09/2002,SWF,NY,AEA,EN,Federal Contract Tower,7,39,44,5,95,0,0,133,17,150,7,39,177,22,245,184,6,190,435
09/10/2002,SWF,NY,AEA,EN,Federal Contract Tower,16,51,42,15,124,0,0,99,12,111,16,51,141,27,235,218,34,252,487
09/11/2002,SWF,NY,AEA,EN,Federal Contract Tower,8,66,42,8,124,0,0,112,18,130,8,66,154,26,254,110,6,116,370
09/12/2002,SWF,NY,AEA,EN,Federal Contract Tower,12,55,51,12,130,0,0,108,16,124,12,55,159,28,254,136,16,152,406
09/13/2002,SWF,NY,AEA,EN,Federal Contract Tower,13,46,65,16,140,0,0,146,30,176,13,46,211,46,316,228,18,246,562
09/14/2002,SWF,NY,AEA,EN,Federal Contract Tower,6,39,31,5,81,0,0,165,38,203,6,39,196,43,284,240,12,252,536
09/15/2002,SWF,NY,AEA,EN,Federal Contract Tower,5,31,33,9,78,0,0,25,3,28,5,31,58,12,106,0,0,0,106
09/16/2002,SWF,NY,AEA,EN,Federal Contract Tower,5,38,34,4,81,0,0,72,1,73,5,38,106,5,154,52,4,56,210
09/17/2002,SWF,NY,AEA,EN,Federal Contract Tower,11,37,25,4,77,0,0,113,27,140,11,37,138,31,217,154,24,178,395
09/18/2002,SWF,NY,AEA,EN,Federal Contract Tower,10,38,43,7,98,0,0,106,6,112,10,38,149,13,210,194,16,210,420
09/19/2002,SWF,NY,AEA,EN,Federal Contract Tower,12,34,34,14,94,0,0,131,17,148,12,34,165,31,242,174,40,214,456
09/20/2002,SWF,NY,AEA,EN,Federal Contract Tower,11,36,30,12,89,0,0,194,15,209,11,36,224,27,298,132,34,166,464
09/21/2002,SWF,NY,AEA,EN,Federal Contract Tower,5,43,32,8,88,0,0,73,2,75,5,43,105,10,163,102,0,102,265
09/22/2002,SWF,NY,AEA,EN,Federal Contract Tower,4,37,16,7,64,0,0,165,6,171,4,37,181,13,235,186,4,190,425
09/23/2002,SWF,NY,AEA,EN,Federal Contract Tower,6,40,42,4,92,0,0,93,6,99,6,40,135,10,191,160,0,160,351
09/24/2002,SWF,NY,AEA,EN,Federal Contract Tower,12,39,21,9,81,0,0,87,15,102,12,39,108,24,183,182,12,194,377
09/25/2002,SWF,NY,AEA,EN,Federal Contract Tower,11,47,26,14,98,0,0,102,14,116,11,47,128,28,214,184,22,206,420
09/26/2002,SWF,NY,AEA,EN,Federal Contract Tower,12,42,34,21,109,0,0,59,20,79,12,42,93,41,188,122,4,126,314
09/27/2002,SWF,NY,AEA,EN,Federal Contract Tower,12,41,37,14,104,0,0,0,0,0,12,41,37,14,104,0,0,0,104
09/28/2002,SWF,NY,AEA,EN,Federal Contract Tower,6,34,28,7,75,0,7,137,1,145,6,41,165,8,220,184,0,184,404
09/29/2002,SWF,NY,AEA,EN,Federal Contract Tower,4,37,25,3,69,0,0,120,6,126,4,37,145,9,195,232,0,232,427
09/30/2002,SWF,NY,AEA,EN,Federal Contract Tower,5,37,26,7,75,0,0,100,8,108,5,37,126,15,183,242,0,242,425
10/01/2002,SWF,NY,AEA,EN,Federal Contract Tower,17,37,16,10,80,0,0,164,9,173,17,37,180,19,253,134,24,158,411
10/02/2002,SWF,NY,AEA,EN,Federal Contract Tower,9,43,24,11,87,0,0,82,14,96,9,43,106,25,183,146,4,150,333
10/03/2002,SWF,NY,AEA,EN,Federal Contract Tower,11,36,48,18,113,0,0,84,13,97,11,36,132,31,210,82,0,82,292
10/04/2002,SWF,NY,AEA,EN,Federal Contract Tower,15,39,36,8,98,0,0,0,0,0,15,39,36,8,98,0,0,0,98
10/05/2002,SWF,NY,AEA,EN,Federal Contract Tower,8,34,15,12,69,0,0,127,21,148,8,34,142,33,217,134,48,182,399
10/06/2002,SWF,NY,AEA,EN,Federal Contract Tower,6,37,30,12,85,0,0,111,10,121,6,37,141,22,206,282,4,286,492
10/07/2002,SWF,NY,AEA,EN,Federal Contract Tower,10,34,35,5,84,0,0,36,5,41,10,34,71,10,125,36,4,40,165
10/08/2002,SWF,NY,AEA,EN,Federal Contract Tower,9,39,20,5,73,0,0,72,8,80,9,39,92,13,153,122,0,122,275
10/09/2002,SWF,NY,AEA,EN,Federal Contract Tower,12,48,34,8,102,0,0,140,14,154,12,48,174,22,256,222,4,226,482
10/10/2002,SWF,NY,AEA,EN,Federal Contract Tower,10,40,26,22,98,0,0,23,10,33,10,40,49,32,131,22,22,44,175
10/11/2002,SWF,NY,AEA,EN,Federal Contract Tower,11,45,31,5,92,0,0,0,0,0,11,45,31,5,92,0,0,0,92
10/12/2002,SWF,NY,AEA,EN,Federal Contract Tower,8,36,23,0,67,0,0,0,0,0,8,36,23,0,67,0,0,0,67
10/13/2002,SWF,NY,AEA,EN,Federal Contract Tower,3,35,14,4,56,0,0,0,0,0,3,35,14,4,56,0,0,0,56
10/14/2002,SWF,NY,AEA,EN,Federal Contract Tower,7,38,22,0,67,0,0,110,0,110,7,38,132,0,177,162,0,162,339
10/15/2002,SWF,NY,AEA,EN,Federal Contract Tower,11,48,23,5,87,0,0,129,15,144,11,48,152,20,231,162,2,164,395
10/16/2002,SWF,NY,AEA,EN,Federal Contract Tower,10,37,25,1,73,0,0,10,0,10,10,37,35,1,83,0,0,0,83
10/17/2002,SWF,NY,AEA,EN,Federal Contract Tower,12,45,26,10,93,0,0,145,9,154,12,45,171,19,247,172,16,188,435
10/18/2002,SWF,NY,AEA,EN,Federal Contract Tower,12,37,28,13,90,0,0,138,22,160,12,37,166,35,250,184,12,196,446
10/19/2002,SWF,NY,AEA,EN,Federal Contract Tower,5,37,12,2,56,0,0,94,4,98,5,37,106,6,154,126,0,126,280
10/20/2002,SWF,NY,AEA,EN,Federal Contract Tower,8,35,34,2,79,0,0,110,2,112,8,35,144,4,191,234,0,234,425
10/21/2002,SWF,NY,AEA,EN,Federal Contract Tower,8,45,16,2,71,0,0,99,0,99,8,45,115,2,170,134,4,138,308
10/22/2002,SWF,NY,AEA,EN,Federal Contract Tower,10,40,17,4,71,0,0,102,0,102,10,40,119,4,173,138,0,138,311
10/23/2002,SWF,NY,AEA,EN,Federal Contract Tower,15,39,28,9,91,0,0,155,11,166,15,39,183,20,257,222,10,232,489
10/24/2002,SWF,NY,AEA,EN,Federal Contract Tower,22,38,29,13,102,0,0,143,6,149,22,38,172,19,251,202,20,222,473
10/25/2002,SWF,NY,AEA,EN,Federal Contract Tower,15,38,26,14,93,0,0,143,30,173,15,38,169,44,266,200,42,242,508
10/26/2002,SWF,NY,AEA,EN,Federal Contract Tower,4,39,17,2,62,0,0,0,0,0,4,39,17,2,62,0,0,0,62
10/27/2002,SWF,NY,AEA,EN,Federal Contract Tower,5,34,21,6,66,0,1,88,0,89,5,35,109,6,155,170,0,170,325
10/28/2002,SWF,NY,AEA,EN,Federal Contract Tower,5,48,28,5,86,0,0,233,14,247,5,48,261,19,333,198,16,214,547
10/29/2002,SWF,NY,AEA,EN,Federal Contract Tower,12,47,23,9,91,0,0,142,19,161,12,47,165,28,252,190,4,194,446
10/30/2002,SWF,NY,AEA,EN,Federal Contract Tower,10,47,20,6,83,0,0,73,14,87,10,47,93,20,170,80,16,96,266
10/31/2002,SWF,NY,AEA,EN,Federal Contract Tower,13,38,24,5,80,0,0,156,11,167,13,38,180,16,247,192,12,204,451
11/01/2002,SWF,NY,AEA,EN,Federal Contract Tower,16,48,28,7,99,0,0,97,15,112,16,48,125,22,211,118,6,124,335
11/02/2002,SWF,NY,AEA,EN,Federal Contract Tower,5,35,10,5,55,0,0,76,1,77,5,35,86,6,132,108,0,108,240
11/03/2002,SWF,NY,AEA,EN,Federal Contract Tower,2,36,16,4,58,0,0,79,3,82,2,36,95,7,140,152,8,160,300
11/04/2002,SWF,NY,AEA,EN,Federal Contract Tower,4,40,18,3,65,0,0,63,10,73,4,40,81,13,138,126,0,126,264
11/05/2002,SWF,NY,AEA,EN,Federal Contract Tower,13,41,25,7,86,0,0,99,12,111,13,41,124,19,197,142,22,164,361
11/06/2002,SWF,NY,AEA,EN,Federal Contract Tower,9,40,21,6,76,0,0,7,0,7,9,40,28,6,83,0,0,0,83
11/07/2002,SWF,NY,AEA,EN,Federal Contract Tower,14,41,20,22,97,0,0,152,35,187,14,41,172,57,284,158,40,198,482
11/08/2002,SWF,NY,AEA,EN,Federal Contract Tower,13,42,13,16,84,0,0,135,46,181,13,42,148,62,265,126,52,178,443
11/09/2002,SWF,NY,AEA,EN,Federal Contract Tower,5,37,15,12,69,0,0,151,40,191,5,37,166,52,260,234,0,234,494
11/10/2002,SWF,NY,AEA,EN,Federal Contract Tower,3,42,18,8,71,0,0,60,27,87,3,42,78,35,158,98,0,98,256
11/11/2002,SWF,NY,AEA,EN,Federal Contract Tower,4,41,24,0,69,0,0,18,0,18,4,41,42,0,87,14,0,14,101
11/12/2002,SWF,NY,AEA,EN,Federal Contract Tower,12,39,25,4,80,0,0,9,0,9,12,39,34,4,89,0,0,0,89
11/13/2002,SWF,NY,AEA,EN,Federal Contract Tower,9,40,28,6,83,0,0,62,4,66,9,40,90,10,149,72,4,76,225
11/14/2002,SWF,NY,AEA,EN,Federal Contract Tower,14,45,24,15,98,0,0,142,24,166,14,45,166,39,264,148,44,192,456
11/15/2002,SWF,NY,AEA,EN,Federal Contract Tower,13,47,21,10,91,0,0,139,5,144,13,47,160,15,235,164,18,182,417
11/16/2002,SWF,NY,AEA,EN,Federal Contract Tower,4,35,6,0,45,0,0,0,0,0,4,35,6,0,45,0,0,0,45
11/17/2002,SWF,NY,AEA,EN,Federal Contract Tower,3,41,15,3,62,0,0,4,0,4,3,41,19,3,66,0,0,0,66
11/18/2002,SWF,NY,AEA,EN,Federal Contract Tower,5,49,21,5,80,0,0,141,9,150,5,49,162,14,230,134,14,148,378
11/19/2002,SWF,NY,AEA,EN,Federal Contract Tower,10,45,22,4,81,0,0,102,18,120,10,45,124,22,201,154,16,170,371
11/20/2002,SWF,NY,AEA,EN,Federal Contract Tower,12,40,33,7,92,0,0,114,19,133,12,40,147,26,225,122,32,154,379
11/21/2002,SWF,NY,AEA,EN,Federal Contract Tower,13,47,41,19,120,0,0,138,8,146,13,47,179,27,266,164,18,182,448
11/22/2002,SWF,NY,AEA,EN,Federal Contract Tower,11,39,24,10,84,0,0,1,0,1,11,39,25,10,85,0,0,0,85
11/23/2002,SWF,NY,AEA,EN,Federal Contract Tower,9,40,14,2,65,0,0,22,3,25,9,40,36,5,90,10,0,10,100
11/24/2002,SWF,NY,AEA,EN,Federal Contract Tower,4,37,36,2,79,0,0,87,0,87,4,37,123,2,166,134,0,134,300
11/25/2002,SWF,NY,AEA,EN,Federal Contract Tower,5,40,11,8,64,0,0,65,5,70,5,40,76,13,134,26,8,34,168
11/26/2002,SWF,NY,AEA,EN,Federal Contract Tower,13,40,25,15,93,0,0,140,23,163,13,40,165,38,256,174,124,298,554
11/27/2002,SWF,NY,AEA,EN,Federal Contract Tower,14,47,16,3,80,0,0,41,0,41,14,47,57,3,121,10,16,26,147
11/28/2002,SWF,NY,AEA,EN,Federal Contract Tower,6,31,6,1,44,0,0,58,0,58,6,31,64,1,102,24,0,24,126
11/29/2002,SWF,NY,AEA,EN,Federal Contract Tower,9,33,25,1,68,0,0,39,0,39,9,33,64,1,107,14,0,14,121
11/30/2002,SWF,NY,AEA,EN,Federal Contract Tower,9,40,23,0,72,0,0,85,2,87,9,40,108,2,159,174,0,174,333
12/01/2002,SWF,NY,AEA,EN,Federal Contract Tower,7,42,28,4,81,1,0,136,4,141,8,42,164,8,222,216,0,216,438
12/02/2002,SWF,NY,AEA,EN,Federal Contract Tower,9,39,27,7,82,1,0,135,4,140,10,39,162,11,222,138,0,138,360
12/03/2002,SWF,NY,AEA,EN,Federal Contract Tower,9,41,21,8,79,0,1,91,11,103,9,42,112,19,182,100,24,124,306
12/04/2002,SWF,NY,AEA,EN,Federal Contract Tower,11,39,34,9,93,0,1,138,21,160,11,40,172,30,253,148,20,168,421
12/05/2002,SWF,NY,AEA,EN,Federal Contract Tower,13,31,35,5,84,0,1,8,0,9,13,32,43,5,93,0,0,0,93
12/06/2002,SWF,NY,AEA,EN,Federal Contract Tower,15,42,42,8,107,0,0,80,11,91,15,42,122,19,198,130,4,134,332
12/07/2002,SWF,NY,AEA,EN,Federal Contract Tower,8,37,24,4,73,0,0,74,6,80,8,37,98,10,153,210,10,220,373
12/08/2002,SWF,NY,AEA,EN,Federal Contract Tower,5,39,11,3,58,0,0,119,7,126,5,39,130,10,184,138,12,150,334
12/09/2002,SWF,NY,AEA,EN,Federal Contract Tower,6,38,25,3,72,0,0,122,9,131,6,38,147,12,203,138,30,168,371
12/10/2002,SWF,NY,AEA,EN,Federal Contract Tower,14,43,14,8,79,0,0,140,19,159,14,43,154,27,238,132,68,200,438
12/11/2002,SWF,NY,AEA,EN,Federal Contract Tower,8,38,15,0,61,0,0,39,1,40,8,38,54,1,101,6,0,6,107
12/12/2002,SWF,NY,AEA,EN,Federal Contract Tower,14,38,26,9,87,0,0,42,0,42,14,38,68,9,129,50,0,50,179
12/13/2002,SWF,NY,AEA,EN,Federal Contract Tower,12,40,25,9,86,0,0,0,0,0,12,40,25,9,86,0,0,0,86
12/14/2002,SWF,NY,AEA,EN,Federal Contract Tower,8,38,19,1,66,0,0,12,1,13,8,38,31,2,79,0,0,0,79
12/15/2002,SWF,NY,AEA,EN,Federal Contract Tower,6,44,23,3,76,0,0,135,4,139,6,44,158,7,215,186,14,200,415
12/16/2002,SWF,NY,AEA,EN,Federal Contract Tower,6,38,13,8,65,0,0,63,2,65,6,38,76,10,130,20,0,20,150
12/17/2002,SWF,NY,AEA,EN,Federal Contract Tower,14,39,26,13,92,0,0,128,26,154,14,39,154,39,246,156,28,184,430
12/18/2002,SWF,NY,AEA,EN,Federal Contract Tower,19,39,41,16,115,0,0,130,12,142,19,39,171,28,257,166,24,190,447
12/19/2002,SWF,NY,AEA,EN,Federal Contract Tower,14,37,23,16,90,0,0,53,3,56,14,37,76,19,146,76,0,76,222
12/20/2002,SWF,NY,AEA,EN,Federal Contract Tower,13,39,39,3,94,0,0,0,0,0,13,39,39,3,94,0,0,0,94
12/21/2002,SWF,NY,AEA,EN,Federal Contract Tower,8,33,14,1,56,0,0,74,0,74,8,33,88,1,130,118,0,118,248
12/22/2002,SWF,NY,AEA,EN,Federal Contract Tower,4,39,19,1,63,0,0,172,1,173,4,39,191,2,236,194,0,194,430
12/23/2002,SWF,NY,AEA,EN,Federal Contract Tower,5,40,21,1,67,0,0,107,4,111,5,40,128,5,178,124,0,124,302
12/24/2002,SWF,NY,AEA,EN,Federal Contract Tower,18,35,13,1,67,0,0,132,3,135,18,35,145,4,202,142,0,142,344
12/25/2002,SWF,NY,AEA,EN,Federal Contract Tower,0,11,0,0,11,0,0,0,0,0,0,11,0,0,11,0,0,0,11
12/26/2002,SWF,NY,AEA,EN,Federal Contract Tower,6,30,13,0,49,0,0,6,0,6,6,30,19,0,55,0,0,0,55
12/27/2002,SWF,NY,AEA,EN,Federal Contract Tower,12,40,14,1,67,0,0,35,0,35,12,40,49,1,102,84,0,84,186
12/28/2002,SWF,NY,AEA,EN,Federal Contract Tower,7,40,21,1,69,0,0,109,2,111,7,40,130,3,180,242,0,242,422
12/29/2002,SWF,NY,AEA,EN,Federal Contract Tower,6,38,21,0,65,0,0,129,0,129,6,38,150,0,194,196,0,196,390
12/30/2002,SWF,NY,AEA,EN,Federal Contract Tower,8,38,19,0,65,0,0,99,0,99,8,38,118,0,164,140,0,140,304
12/31/2002,SWF,NY,AEA,EN,Federal Contract Tower,9,31,8,0,48,0,0,0,0,0,9,31,8,0,48,0,0,0,48
01/01/2003,SWF,NY,AEA,EN,Federal Contract Tower,0,30,6,0,36,0,0,0,0,0,0,30,6,0,36,0,0,0,36
01/02/2003,SWF,NY,AEA,EN,Federal Contract Tower,12,36,18,1,67,0,0,25,3,28,12,36,43,4,95,84,0,84,179
01/03/2003,SWF,NY,AEA,EN,Federal Contract Tower,8,33,9,1,51,0,0,0,0,0,8,33,9,1,51,0,0,0,51
01/04/2003,SWF,NY,AEA,EN,Federal Contract Tower,8,29,7,2,46,0,0,11,0,11,8,29,18,2,57,0,0,0,57
01/05/2003,SWF,NY,AEA,EN,Federal Contract Tower,5,34,23,0,62,0,0,76,4,80,5,34,99,4,142,134,0,134,276
01/06/2003,SWF,NY,AEA,EN,Federal Contract Tower,6,37,7,9,59,0,0,0,0,0,6,37,7,9,59,4,0,4,63
01/07/2003,SWF,NY,AEA,EN,Federal Contract Tower,11,32,11,17,71,0,0,49,7,56,11,32,60,24,127,116,40,156,283
01/08/2003,SWF,NY,AEA,EN,Federal Contract Tower,11,32,15,10,68,0,0,76,4,80,11,32,91,14,148,122,0,122,270
01/09/2003,SWF,NY,AEA,EN,Federal Contract Tower,13,30,28,11,82,0,0,55,1,56,13,30,83,12,138,136,0,136,274
01/10/2003,SWF,NY,AEA,EN,Federal Contract Tower,13,30,24,7,74,0,0,73,7,80,13,30,97,14,154,102,20,122,276
01/11/2003,SWF,NY,AEA,EN,Federal Contract Tower,3,30,8,2,43,0,0,159,1,160,3,30,167,3,203,222,0,222,425
01/12/2003,SWF,NY,AEA,EN,Federal Contract Tower,4,31,15,3,53,0,0,152,0,152,4,31,167,3,205,236,4,240,445
01/13/2003,SWF,NY,AEA,EN,Federal Contract Tower,7,30,20,7,64,0,0,94,12,106,7,30,114,19,170,114,12,126,296
01/14/2003,SWF,NY,AEA,EN,Federal Contract Tower,10,32,21,10,73,0,0,182,13,195,10,32,203,23,268,184,12,196,464
01/15/2003,SWF,NY,AEA,EN,Federal Contract Tower,10,30,34,10,84,0,0,63,4,67,10,30,97,14,151,110,10,120,271
01/16/2003,SWF,NY,AEA,EN,Federal Contract Tower,16,33,29,10,88,0,0,100,28,128,16,33,129,38,216,186,50,236,452
01/17/2003,SWF,NY,AEA,EN,Federal Contract Tower,14,39,34,6,93,0,0,165,12,177,14,39,199,18,270,200,48,248,518
01/18/2003,SWF,NY,AEA,EN,Federal Contract Tower,6,30,15,4,55,0,0,191,0,191,6,30,206,4,246,224,0,224,470
01/19/2003,SWF,NY,AEA,EN,Federal Contract Tower,4,34,10,0,48,0,0,122,0,122,4,34,132,0,170,164,0,164,334
01/20/2003,SWF,NY,AEA,EN,Federal Contract Tower,13,35,13,2,63,0,0,162,0,162,13,35,175,2,225,146,12,158,383
01/21/2003,SWF,NY,AEA,EN,Federal Contract Tower,10,33,27,7,77,0,0,87,9,96,10,33,114,16,173,106,12,118,291
01/22/2003,SWF,NY,AEA,EN,Federal Contract Tower,8,27,23,4,62,0,0,85,10,95,8,27,108,14,157,70,30,100,257
01/23/2003,SWF,NY,AEA,EN,Federal Contract Tower,14,31,16,9,70,0,0,89,7,96,14,31,105,16,166,94,0,94,260
01/24/2003,SWF,NY,AEA,EN,Federal Contract Tower,15,37,9,5,66,0,0,164,8,172,15,37,173,13,238,224,4,228,466
01/25/2003,SWF,NY,AEA,EN,Federal Contract Tower,3,27,25,6,61,0,0,108,6,114,3,27,133,12,175,202,0,202,377
01/26/2003,SWF,NY,AEA,EN,Federal Contract Tower,8,28,14,0,50,0,0,71,1,72,8,28,85,1,122,92,0,92,214
01/27/2003,SWF,NY,AEA,EN,Federal Contract Tower,6,28,29,6,69,0,0,76,5,81,6,28,105,11,150,80,20,100,250
01/28/2003,SWF,NY,AEA,EN,Federal Contract Tower,10,32,25,3,70,0,0,65,1,66,10,32,90,4,136,102,0,102,238
01/29/2003,SWF,NY,AEA,EN,Federal Contract Tower,10,32,18,25,85,0,0,23,0,23,10,32,41,25,108,0,0,0,108
01/30/2003,SWF,NY,AEA,EN,Federal Contract Tower,12,29,29,6,76,0,0,75,5,80,12,29,104,11,156,130,0,130,286
01/31/2003,SWF,NY,AEA,EN,Federal Contract Tower,15,29,25,16,85,0,0,41,0,41,15,29,66,16,126,22,12,34,160
02/01/2003,SWF,NY,AEA,EN,Federal Contract Tower,4,27,1,1,33,0,0,0,0,0,4,27,1,1,33,0,0,0,33
02/02/2003,SWF,NY,AEA,EN,Federal Contract Tower,4,28,20,8,60,0,0,67,10,77,4,28,87,18,137,66,10,76,213
02/03/2003,SWF,NY,AEA,EN,Federal Contract Tower,6,33,32,4,75,0,0,133,7,140,6,33,165,11,215,154,0,154,369
02/04/2003,SWF,NY,AEA,EN,Federal Contract Tower,11,28,12,2,53,0,0,29,0,29,11,28,41,2,82,30,0,30,112
02/05/2003,SWF,NY,AEA,EN,Federal Contract Tower,8,38,18,12,76,0,0,52,7,59,8,38,70,19,135,98,0,98,233
02/06/2003,SWF,NY,AEA,EN,Federal Contract Tower,14,31,28,7,80,0,0,101,7,108,14,31,129,14,188,170,0,170,358
02/07/2003,SWF,NY,AEA,EN,Federal Contract Tower,13,36,21,5,75,0,0,73,4,77,13,36,94,9,152,24,0,24,176
02/08/2003,SWF,NY,AEA,EN,Federal Contract Tower,4,32,13,3,52,0,0,146,6,152,4,32,159,9,204,216,8,224,428
02/09/2003,SWF,NY,AEA,EN,Federal Contract Tower,4,29,30,1,64,0,0,133,0,133,4,29,163,1,197,162,0,162,359
02/10/2003,SWF,NY,AEA,EN,Federal Contract Tower,7,33,12,1,53,0,0,0,0,0,7,33,12,1,53,0,0,0,53
02/11/2003,SWF,NY,AEA,EN,Federal Contract Tower,16,34,30,19,99,0,0,68,6,74,16,34,98,25,173,86,20,106,279
02/12/2003,SWF,NY,AEA,EN,Federal Contract Tower,8,34,13,3,58,0,0,18,0,18,8,34,31,3,76,30,0,30,106
02/13/2003,SWF,NY,AEA,EN,Federal Contract Tower,18,41,20,3,82,0,0,184,1,185,18,41,204,4,267,172,0,172,439
02/14/2003,SWF,NY,AEA,EN,Federal Contract Tower,19,33,20,4,76,0,0,143,8,151,19,33,163,12,227,136,8,144,371
02/15/2003,SWF,NY,AEA,EN,Federal Contract Tower,9,30,17,0,56,0,0,135,0,135,9,30,152,0,191,156,0,156,347
02/16/2003,SWF,NY,AEA,EN,Federal Contract Tower,2,25,12,1,40,0,0,72,0,72,2,25,84,1,112,62,0,62,174
02/17/2003,SWF,NY,AEA,EN,Federal Contract Tower,1,0,1,0,2,0,0,0,0,0,1,0,1,0,2,0,0,0,2
02/18/2003,SWF,NY,AEA,EN,Federal Contract Tower,11,24,22,0,57,0,0,2,0,2,11,24,24,0,59,0,0,0,59
02/19/2003,SWF,NY,AEA,EN,Federal Contract Tower,12,33,34,0,79,0,0,53,0,53,12,33,87,0,132,112,6,118,250
02/20/2003,SWF,NY,AEA,EN,Federal Contract Tower,18,30,31,7,86,0,0,183,15,198,18,30,214,22,284,242,14,256,540
02/21/2003,SWF,NY,AEA,EN,Federal Contract Tower,10,35,29,11,85,0,0,160,14,174,10,35,189,25,259,208,34,242,501
02/22/2003,SWF,NY,AEA,EN,Federal Contract Tower,2,20,17,0,39,0,0,0,0,0,2,20,17,0,39,0,0,0,39
02/23/2003,SWF,NY,AEA,EN,Federal Contract Tower,6,23,18,1,48,0,0,5,0,5,6,23,23,1,53,0,0,0,53
02/24/2003,SWF,NY,AEA,EN,Federal Contract Tower,5,34,28,4,71,0,0,62,2,64,5,34,90,6,135,68,0,68,203
02/25/2003,SWF,NY,AEA,EN,Federal Contract Tower,12,34,31,5,82,0,0,134,1,135,12,34,165,6,217,252,4,256,473
02/26/2003,SWF,NY,AEA,EN,Federal Contract Tower,10,34,30,10,84,0,0,118,7,125,10,34,148,17,209,140,22,162,371
02/27/2003,SWF,NY,AEA,EN,Federal Contract Tower,15,38,27,14,94,0,0,195,11,206,15,38,222,25,300,194,38,232,532
02/28/2003,SWF,NY,AEA,EN,Federal Contract Tower,13,36,20,4,73,0,0,166,12,178,13,36,186,16,251,174,30,204,455
03/01/2003,SWF,NY,AEA,EN,Federal Contract Tower,8,23,17,1,49,0,0,102,6,108,8,23,119,7,157,164,8,172,329
03/02/2003,SWF,NY,AEA,EN,Federal Contract Tower,4,30,13,1,48,0,0,21,0,21,4,30,34,1,69,40,0,40,109
03/03/2003,SWF,NY,AEA,EN,Federal Contract Tower,11,33,19,2,65,0,0,188,1,189,11,33,207,3,254,182,0,182,436
03/04/2003,SWF,NY,AEA,EN,Federal Contract Tower,9,33,23,5,70,0,0,122,2,124,9,33,145,7,194,146,22,168,362
03/05/2003,SWF,NY,AEA,EN,Federal Contract Tower,12,30,18,5,65,0,0,91,0,91,12,30,109,5,156,96,0,96,252
03/06/2003,SWF,NY,AEA,EN,Federal Contract Tower,15,34,12,0,61,0,0,2,0,2,15,34,14,0,63,0,0,0,63
03/07/2003,SWF,NY,AEA,EN,Federal Contract Tower,16,44,50,5,115,0,0,128,18,146,16,44,178,23,261,168,26,194,455
03/08/2003,SWF,NY,AEA,EN,Federal Contract Tower,11,26,27,3,67,0,1,157,5,163,11,27,184,8,230,252,0,252,482
03/09/2003,SWF,NY,AEA,EN,Federal Contract Tower,7,30,24,0,61,0,0,55,0,55,7,30,79,0,116,114,0,114,230
03/10/2003,SWF,NY,AEA,EN,Federal Contract Tower,9,35,18,7,69,0,0,187,4,191,9,35,205,11,260,198,0,198,458
03/11/2003,SWF,NY,AEA,EN,Federal Contract Tower,11,35,22,4,72,0,0,88,11,99,11,35,110,15,171,148,0,148,319
03/12/2003,SWF,NY,AEA,EN,Federal Contract Tower,11,34,31,10,86,0,0,178,7,185,11,34,209,17,271,206,6,212,483
03/13/2003,SWF,NY,AEA,EN,Federal Contract Tower,11,37,13,5,66,0,0,1,0,1,11,37,14,5,67,0,0,0,67
03/14/2003,SWF,NY,AEA,EN,Federal Contract Tower,16,32,29,7,84,0,0,113,14,127,16,32,142,21,211,118,60,178,389
03/15/2003,SWF,NY,AEA,EN,Federal Contract Tower,9,27,23,0,59,0,0,133,0,133,9,27,156,0,192,154,0,154,346
03/16/2003,SWF,NY,AEA,EN,Federal Contract Tower,7,28,20,1,56,0,0,110,0,110,7,28,130,1,166,248,2,250,416
03/17/2003,SWF,NY,AEA,EN,Federal Contract Tower,8,33,18,5,64,0,0,197,1,198,8,33,215,6,262,204,2,206,468
03/18/2003,SWF,NY,AEA,EN,Federal Contract Tower,8,32,17,10,67,0,0,94,4,98,8,32,111,14,165,148,14,162,327
03/19/2003,SWF,NY,AEA,EN,Federal Contract Tower,11,36,37,19,103,0,0,182,14,196,11,36,219,33,299,188,76,264,563
03/20/2003,SWF,NY,AEA,EN,Federal Contract Tower,13,34,19,2,68,0,0,0,0,0,13,34,19,2,68,0,0,0,68
03/21/2003,SWF,NY,AEA,EN,Federal Contract Tower,30,42,16,5,93,0,0,58,3,61,30,42,74,8,154,70,0,70,224
03/22/2003,SWF,NY,AEA,EN,Federal Contract Tower,12,33,52,2,99,0,0,149,9,158,12,33,201,11,257,224,4,228,485
03/23/2003,SWF,NY,AEA,EN,Federal Contract Tower,6,27,27,4,64,0,0,103,0,103,6,27,130,4,167,192,0,192,359
03/24/2003,SWF,NY,AEA,EN,Federal Contract Tower,8,30,31,3,72,0,0,97,4,101,8,30,128,7,173,166,2,168,341
03/25/2003,SWF,NY,AEA,EN,Federal Contract Tower,10,38,34,7,89,0,0,232,4,236,10,38,266,11,325,210,12,222,547
03/26/2003,SWF,NY,AEA,EN,Federal Contract Tower,11,32,28,8,79,0,0,68,10,78,11,32,96,18,157,98,0,98,255
03/27/2003,SWF,NY,AEA,EN,Federal Contract Tower,14,40,36,16,106,0,0,73,5,78,14,40,109,21,184,134,0,134,318
03/28/2003,SWF,NY,AEA,EN,Federal Contract Tower,14,30,33,14,91,0,0,144,28,172,14,30,177,42,263,148,62,210,473
03/29/2003,SWF,NY,AEA,EN,Federal Contract Tower,6,30,17,5,58,0,0,14,0,14,6,30,31,5,72,10,0,10,82
03/30/2003,SWF,NY,AEA,EN,Federal Contract Tower,4,28,12,9,53,0,0,6,2,8,4,28,18,11,61,8,0,8,69
03/31/2003,SWF,NY,AEA,EN,Federal Contract Tower,5,31,28,9,73,0,0,53,0,53,5,31,81,9,126,86,2,88,214
04/01/2003,SWF,NY,AEA,EN,Federal Contract Tower,11,35,16,10,72,0,0,4,0,4,11,35,20,10,76,28,2,30,106
04/02/2003,SWF,NY,AEA,EN,Federal Contract Tower,10,35,31,9,85,0,0,73,22,95,10,35,104,31,180,94,20,114,294
04/03/2003,SWF,NY,AEA,EN,Federal Contract Tower,12,29,58,10,109,0,0,22,8,30,12,29,80,18,139,0,0,0,139
04/04/2003,SWF,NY,AEA,EN,Federal Contract Tower,11,29,14,6,60,0,0,5,0,5,11,29,19,6,65,0,0,0,65
04/05/2003,SWF,NY,AEA,EN,Federal Contract Tower,7,26,3,2,38,0,0,1,0,1,7,26,4,2,39,0,0,0,39
04/06/2003,SWF,NY,AEA,EN,Federal Contract Tower,6,34,34,2,76,0,0,186,4,190,6,34,220,6,266,252,0,252,518
04/07/2003,SWF,NY,AEA,EN,Federal Contract Tower,6,24,7,10,47,0,0,9,0,9,6,24,16,10,56,4,4,8,64
04/08/2003,SWF,NY,AEA,EN,Federal Contract Tower,14,28,17,2,61,0,0,0,0,0,14,28,17,2,61,0,0,0,61
04/09/2003,SWF,NY,AEA,EN,Federal Contract Tower,15,35,26,5,81,0,0,18,1,19,15,35,44,6,100,0,0,0,100
04/10/2003,SWF,NY,AEA,EN,Federal Contract Tower,16,35,30,17,98,0,0,153,6,159,16,35,183,23,257,170,20,190,447
04/11/2003,SWF,NY,AEA,EN,Federal Contract Tower,19,36,38,10,103,0,0,16,1,17,19,36,54,11,120,0,0,0,120
04/12/2003,SWF,NY,AEA,EN,Federal Contract Tower,11,29,32,5,77,0,0,78,4,82,11,29,110,9,159,112,0,112,271
04/13/2003,SWF,NY,AEA,EN,Federal Contract Tower,4,30,16,4,54,0,0,115,0,115,4,30,131,4,169,238,2,240,409
04/14/2003,SWF,NY,AEA,EN,Federal Contract Tower,7,41,22,4,74,0,0,213,17,230,7,41,235,21,304,248,12,260,564
04/15/2003,SWF,NY,AEA,EN,Federal Contract Tower,11,32,34,1,78,0,0,125,12,137,11,32,159,13,215,178,20,198,413
04/16/2003,SWF,NY,AEA,EN,Federal Contract Tower,15,28,49,7,99,0,0,141,10,151,15,28,190,17,250,168,6,174,424
04/17/2003,SWF,NY,AEA,EN,Federal Contract Tower,20,34,31,7,92,0,0,225,9,234,20,34,256,16,326,262,0,262,588
04/18/2003,SWF,NY,AEA,EN,Federal Contract Tower,20,37,21,14,92,0,0,63,1,64,20,37,84,15,156,128,30,158,314
04/19/2003,SWF,NY,AEA,EN,Federal Contract Tower,14,25,15,1,55,0,0,221,7,228,14,25,236,8,283,224,0,224,507
04/20/2003,SWF,NY,AEA,EN,Federal Contract Tower,8,24,24,2,58,0,0,72,0,72,8,24,96,2,130,118,0,118,248
04/21/2003,SWF,NY,AEA,EN,Federal Contract Tower,11,36,26,5,78,0,0,200,15,215,11,36,226,20,293,222,34,256,549
04/22/2003,SWF,NY,AEA,EN,Federal Contract Tower,18,34,55,8,115,0,0,42,8,50,18,34,97,16,165,56,20,76,241
04/23/2003,SWF,NY,AEA,EN,Federal Contract Tower,14,33,33,9,89,0,0,225,12,237,14,33,258,21,326,134,42,176,502
04/24/2003,SWF,NY,AEA,EN,Federal Contract Tower,18,31,22,9,80,0,2,212,24,238,18,33,234,33,318,222,4,226,544
04/25/2003,SWF,NY,AEA,EN,Federal Contract Tower,17,35,44,11,107,0,2,141,0,143,17,37,185,11,250,274,10,284,534
04/26/2003,SWF,NY,AEA,EN,Federal Contract Tower,11,25,35,6,77,0,0,12,0,12,11,25,47,6,89,12,0,12,101
04/27/2003,SWF,NY,AEA,EN,Federal Contract Tower,11,30,25,1,67,0,0,126,3,129,11,30,151,4,196,228,2,230,426
04/28/2003,SWF,NY,AEA,EN,Federal Contract Tower,12,34,23,10,79,0,0,223,19,242,12,34,246,29,321,278,34,312,633
04/29/2003,SWF,NY,AEA,EN,Federal Contract Tower,11,43,41,4,99,0,0,142,19,161,11,43,183,23,260,188,40,228,488
04/30/2003,SWF,NY,AEA,EN,Federal Contract Tower,18,29,32,12,91,0,2,179,20,201,18,31,211,32,292,212,24,236,528
05/01/2003,SWF,NY,AEA,EN,Federal Contract Tower,21,34,29,5,89,0,0,183,11,194,21,34,212,16,283,184,20,204,487
05/02/2003,SWF,NY,AEA,EN,Federal Contract Tower,18,30,29,1,78,0,0,50,2,52,18,30,79,3,130,88,0,88,218
05/03/2003,SWF,NY,AEA,EN,Federal Contract Tower,13,29,32,1,75,0,0,96,5,101,13,29,128,6,176,236,0,236,412
05/04/2003,SWF,NY,AEA,EN,Federal Contract Tower,7,32,15,2,56,0,0,191,13,204,7,32,206,15,260,312,22,334,594
05/05/2003,SWF,NY,AEA,EN,Federal Contract Tower,14,27,23,11,75,0,0,119,22,141,14,27,142,33,216,172,34,206,422
05/06/2003,SWF,NY,AEA,EN,Federal Contract Tower,12,28,38,8,86,0,0,31,6,37,12,28,69,14,123,0,0,0,123
05/07/2003,SWF,NY,AEA,EN,Federal Contract Tower,15,29,36,6,86,0,0,143,16,159,15,29,179,22,245,220,22,242,487
05/08/2003,SWF,NY,AEA,EN,Federal Contract Tower,20,43,38,14,115,0,0,2,0,2,20,43,40,14,117,0,0,0,117
05/09/2003,SWF,NY,AEA,EN,Federal Contract Tower,19,35,38,9,101,0,0,169,5,174,19,35,207,14,275,280,0,280,555
05/10/2003,SWF,NY,AEA,EN,Federal Contract Tower,12,29,8,6,55,0,0,101,7,108,12,29,109,13,163,232,0,232,395
05/11/2003,SWF,NY,AEA,EN,Federal Contract Tower,7,31,23,0,61,0,0,0,0,0,7,31,23,0,61,0,0,0,61
05/12/2003,SWF,NY,AEA,EN,Federal Contract Tower,10,32,44,1,87,0,0,96,8,104,10,32,140,9,191,108,4,112,303
05/13/2003,SWF,NY,AEA,EN,Federal Contract Tower,11,29,22,18,80,0,0,100,10,110,11,29,122,28,190,140,40,180,370
05/14/2003,SWF,NY,AEA,EN,Federal Contract Tower,16,38,26,10,90,0,0,183,13,196,16,38,209,23,286,202,48,250,536
05/15/2003,SWF,NY,AEA,EN,Federal Contract Tower,18,34,29,5,86,0,0,105,6,111,18,34,134,11,197,238,0,238,435
05/16/2003,SWF,NY,AEA,EN,Federal Contract Tower,19,27,18,8,72,0,0,113,4,117,19,27,131,12,189,192,0,192,381
05/17/2003,SWF,NY,AEA,EN,Federal Contract Tower,9,38,24,0,71,0,0,98,0,98,9,38,122,0,169,192,0,192,361
05/18/2003,SWF,NY,AEA,EN,Federal Contract Tower,8,31,37,2,78,0,0,195,19,214,8,31,232,21,292,312,10,322,614
05/19/2003,SWF,NY,AEA,EN,Federal Contract Tower,10,35,25,11,81,0,0,135,11,146,10,35,160,22,227,166,0,166,393
05/20/2003,SWF,NY,AEA,EN,Federal Contract Tower,11,42,22,7,82,0,0,155,13,168,11,42,177,20,250,150,26,176,426
05/21/2003,SWF,NY,AEA,EN,Federal Contract Tower,16,39,29,6,90,0,0,16,0,16,16,39,45,6,106,20,0,20,126
05/22/2003,SWF,NY,AEA,EN,Federal Contract Tower,21,37,50,12,120,0,0,41,2,43,21,37,91,14,163,34,10,44,207
05/23/2003,SWF,NY,AEA,EN,Federal Contract Tower,22,36,51,2,111,0,0,2,0,2,22,36,53,2,113,0,0,0,113
05/24/2003,SWF,NY,AEA,EN,Federal Contract Tower,12,27,23,1,63,0,0,0,0,0,12,27,23,1,63,0,0,0,63
05/25/2003,SWF,NY,AEA,EN,Federal Contract Tower,8,23,26,2,59,0,0,37,4,41,8,23,63,6,100,8,2,10,110
05/26/2003,SWF,NY,AEA,EN,Federal Contract Tower,10,31,32,0,73,0,0,0,0,0,10,31,32,0,73,0,0,0,73
05/27/2003,SWF,NY,AEA,EN,Federal Contract Tower,3,35,49,7,94,0,0,115,11,126,3,35,164,18,220,172,0,172,392
05/28/2003,SWF,NY,AEA,EN,Federal Contract Tower,15,35,26,10,86,0,0,33,0,33,15,35,59,10,119,64,0,64,183
05/29/2003,SWF,NY,AEA,EN,Federal Contract Tower,23,38,31,8,100,0,0,157,5,162,23,38,188,13,262,310,0,310,572
05/30/2003,SWF,NY,AEA,EN,Federal Contract Tower,22,34,27,4,87,0,0,107,1,108,22,34,134,5,195,154,4,158,353
05/31/2003,SWF,NY,AEA,EN,Federal Contract Tower,20,32,16,6,74,0,0,12,0,12,20,32,28,6,86,46,0,46,132
06/01/2003,SWF,NY,AEA,EN,Federal Contract Tower,10,29,24,1,64,0,0,23,1,24,10,29,47,2,88,0,0,0,88
06/02/2003,SWF,NY,AEA,EN,Federal Contract Tower,11,38,31,19,99,0,0,178,18,196,11,38,209,37,295,172,82,254,549
06/03/2003,SWF,NY,AEA,EN,Federal Contract Tower,16,36,30,14,96,0,0,158,7,165,16,36,188,21,261,212,26,238,499
06/04/2003,SWF,NY,AEA,EN,Federal Contract Tower,16,32,35,5,88,0,0,4,0,4,16,32,39,5,92,12,0,12,104
06/05/2003,SWF,NY,AEA,EN,Federal Contract Tower,25,36,40,15,116,0,0,81,0,81,25,36,121,15,197,72,62,134,331
06/06/2003,SWF,NY,AEA,EN,Federal Contract Tower,19,32,24,10,85,0,0,98,3,101,19,32,122,13,186,212,4,216,402
06/07/2003,SWF,NY,AEA,EN,Federal Contract Tower,18,30,26,4,78,0,0,4,0,4,18,30,30,4,82,0,0,0,82
06/08/2003,SWF,NY,AEA,EN,Federal Contract Tower,9,30,43,3,85,0,0,72,8,80,9,30,115,11,165,82,0,82,247
06/09/2003,SWF,NY,AEA,EN,Federal Contract Tower,14,41,44,6,105,0,0,111,16,127,14,41,155,22,232,42,4,46,278
06/10/2003,SWF,NY,AEA,EN,Federal Contract Tower,15,39,20,8,82,0,0,201,28,229,15,39,221,36,311,130,0,130,441
06/11/2003,SWF,NY,AEA,EN,Federal Contract Tower,16,37,22,14,89,0,0,48,10,58,16,37,70,24,147,0,0,0,147
06/12/2003,SWF,NY,AEA,EN,Federal Contract Tower,25,33,26,11,95,0,0,43,0,43,25,33,69,11,138,0,0,0,138
06/13/2003,SWF,NY,AEA,EN,Federal Contract Tower,23,30,18,13,84,0,0,0,0,0,23,30,18,13,84,0,0,0,84
06/14/2003,SWF,NY,AEA,EN,Federal Contract Tower,13,28,17,3,61,0,0,114,16,130,13,28,131,19,191,70,60,130,321
06/15/2003,SWF,NY,AEA,EN,Federal Contract Tower,8,30,21,11,70,0,0,214,5,219,8,30,235,16,289,0,0,0,289
06/16/2003,SWF,NY,AEA,EN,Federal Contract Tower,13,44,32,25,114,0,0,242,22,264,13,44,274,47,378,140,0,140,518
06/17/2003,SWF,NY,AEA,EN,Federal Contract Tower,13,39,23,20,95,0,0,161,8,169,13,39,184,28,264,172,0,172,436
06/18/2003,SWF,NY,AEA,EN,Federal Contract Tower,14,36,34,6,90,0,0,53,0,53,14,36,87,6,143,10,0,10,153
06/19/2003,SWF,NY,AEA,EN,Federal Contract Tower,22,38,34,12,106,0,0,47,7,54,22,38,81,19,160,54,26,80,240
06/20/2003,SWF,NY,AEA,EN,Federal Contract Tower,21,49,50,11,131,0,0,0,0,0,21,49,50,11,131,0,0,0,131
06/21/2003,SWF,NY,AEA,EN,Federal Contract Tower,15,32,18,3,68,0,0,52,1,53,15,32,70,4,121,38,0,38,159
06/22/2003,SWF,NY,AEA,EN,Federal Contract Tower,7,35,39,0,81,0,0,5,0,5,7,35,44,0,86,0,0,0,86
06/23/2003,SWF,NY,AEA,EN,Federal Contract Tower,11,31,41,17,100,0,0,145,18,163,11,31,186,35,263,188,12,200,463
06/24/2003,SWF,NY,AEA,EN,Federal Contract Tower,12,32,35,7,86,0,0,135,4,139,12,32,170,11,225,270,0,270,495
06/25/2003,SWF,NY,AEA,EN,Federal Contract Tower,15,32,30,8,85,0,0,118,18,136,15,32,148,26,221,234,0,234,455
06/26/2003,SWF,NY,AEA,EN,Federal Contract Tower,22,33,31,16,102,0,0,135,26,161,22,33,166,42,263,132,12,144,407
06/27/2003,SWF,NY,AEA,EN,Federal Contract Tower,23,47,39,17,126,0,0,100,15,115,23,47,139,32,241,68,20,88,329
06/28/2003,SWF,NY,AEA,EN,Federal Contract Tower,12,32,16,5,65,0,0,152,9,161,12,32,168,14,226,180,8,188,414
06/29/2003,SWF,NY,AEA,EN,Federal Contract Tower,9,37,34,3,83,0,0,142,3,145,9,37,176,6,228,152,0,152,380
06/30/2003,SWF,NY,AEA,EN,Federal Contract Tower,13,34,34,0,81,0,0,183,4,187,13,34,217,4,268,160,0,160,428
07/01/2003,SWF,NY,AEA,EN,Federal Contract Tower,11,30,18,6,65,0,0,118,2,120,11,30,136,8,185,202,0,202,387
07/02/2003,SWF,NY,AEA,EN,Federal Contract Tower,17,33,25,11,86,0,0,95,0,95,17,33,120,11,181,232,0,232,413
07/03/2003,SWF,NY,AEA,EN,Federal Contract Tower,24,32,30,11,97,0,0,141,10,151,24,32,171,21,248,212,10,222,470
07/04/2003,SWF,NY,AEA,EN,Federal Contract Tower,13,28,23,2,66,0,0,125,0,125,13,28,148,2,191,102,0,102,293
07/05/2003,SWF,NY,AEA,EN,Federal Contract Tower,10,30,12,0,52,0,0,135,0,135,10,30,147,0,187,168,0,168,355
07/06/2003,SWF,NY,AEA,EN,Federal Contract Tower,6,35,18,1,60,0,0,127,0,127,6,35,145,1,187,106,0,106,293
07/07/2003,SWF,NY,AEA,EN,Federal Contract Tower,15,33,26,1,75,0,0,69,0,69,15,33,95,1,144,56,0,56,200
07/08/2003,SWF,NY,AEA,EN,Federal Contract Tower,13,27,25,9,74,0,0,87,3,90,13,27,112,12,164,164,0,164,328
07/09/2003,SWF,NY,AEA,EN,Federal Contract Tower,13,40,38,3,94,0,0,18,1,19,13,40,56,4,113,30,0,30,143
07/10/2003,SWF,NY,AEA,EN,Federal Contract Tower,26,40,48,6,120,0,0,139,7,146,26,40,187,13,266,176,0,176,442
07/11/2003,SWF,NY,AEA,EN,Federal Contract Tower,21,36,41,5,103,0,0,18,2,20,21,36,59,7,123,0,0,0,123
07/12/2003,SWF,NY,AEA,EN,Federal Contract Tower,13,34,23,4,74,0,0,161,3,164,13,34,184,7,238,240,4,244,482
07/13/2003,SWF,NY,AEA,EN,Federal Contract Tower,7,32,29,7,75,0,0,182,2,184,7,32,211,9,259,234,2,236,495
07/14/2003,SWF,NY,AEA,EN,Federal Contract Tower,11,32,21,5,69,0,0,77,0,77,11,32,98,5,146,142,0,142,288
07/15/2003,SWF,NY,AEA,EN,Federal Contract Tower,12,39,33,5,89,0,0,91,11,102,12,39,124,16,191,232,6,238,429
07/16/2003,SWF,NY,AEA,EN,Federal Contract Tower,15,33,33,3,84,0,0,123,12,135,15,33,156,15,219,128,8,136,355
07/17/2003,SWF,NY,AEA,EN,Federal Contract Tower,24,45,34,17,120,0,0,164,14,178,24,45,198,31,298,208,0,208,506
07/18/2003,SWF,NY,AEA,EN,Federal Contract Tower,18,39,32,5,94,0,0,53,32,85,18,39,85,37,179,52,26,78,257
07/19/2003,SWF,NY,AEA,EN,Federal Contract Tower,12,28,20,2,62,0,0,150,9,159,12,28,170,11,221,180,12,192,413
07/20/2003,SWF,NY,AEA,EN,Federal Contract Tower,7,35,32,6,80,0,0,150,28,178,7,35,182,34,258,146,8,154,412
07/21/2003,SWF,NY,AEA,EN,Federal Contract Tower,7,23,42,3,75,0,0,14,3,17,7,23,56,6,92,4,0,4,96
07/22/2003,SWF,NY,AEA,EN,Federal Contract Tower,24,32,23,9,88,0,0,37,0,37,24,32,60,9,125,44,0,44,169
07/23/2003,SWF,NY,AEA,EN,Federal Contract Tower,16,44,26,5,91,0,0,33,0,33,16,44,59,5,124,0,0,0,124
07/24/2003,SWF,NY,AEA,EN,Federal Contract Tower,21,42,32,2,97,0,0,128,10,138,21,42,160,12,235,182,0,182,417
07/25/2003,SWF,NY,AEA,EN,Federal Contract Tower,18,38,25,12,93,0,0,185,18,203,18,38,210,30,296,202,20,222,518
07/26/2003,SWF,NY,AEA,EN,Federal Contract Tower,14,28,17,1,60,0,0,162,6,168,14,28,179,7,228,192,10,202,430
07/27/2003,SWF,NY,AEA,EN,Federal Contract Tower,6,36,27,2,71,0,0,35,0,35,6,36,62,2,106,74,0,74,180
07/28/2003,SWF,NY,AEA,EN,Federal Contract Tower,12,33,29,9,83,0,0,125,0,125,12,33,154,9,208,186,0,186,394
07/29/2003,SWF,NY,AEA,EN,Federal Contract Tower,11,37,24,8,80,0,0,113,8,121,11,37,137,16,201,132,0,132,333
07/30/2003,SWF,NY,AEA,EN,Federal Contract Tower,17,48,42,9,116,0,0,165,21,186,17,48,207,30,302,200,8,208,510
07/31/2003,SWF,NY,AEA,EN,Federal Contract Tower,19,44,23,16,102,0,0,96,11,107,19,44,119,27,209,140,20,160,369
08/01/2003,SWF,NY,AEA,EN,Federal Contract Tower,17,36,28,10,91,0,0,0,0,0,17,36,28,10,91,0,0,0,91
08/02/2003,SWF,NY,AEA,EN,Federal Contract Tower,12,27,23,6,68,0,0,27,3,30,12,27,50,9,98,118,0,118,216
08/03/2003,SWF,NY,AEA,EN,Federal Contract Tower,6,26,34,5,71,0,0,24,8,32,6,26,58,13,103,36,0,36,139
08/04/2003,SWF,NY,AEA,EN,Federal Contract Tower,16,36,17,2,71,0,0,53,6,59,16,36,70,8,130,52,0,52,182
08/05/2003,SWF,NY,AEA,EN,Federal Contract Tower,10,38,29,4,81,0,0,15,0,15,10,38,44,4,96,20,0,20,116
08/06/2003,SWF,NY,AEA,EN,Federal Contract Tower,16,42,24,8,90,0,0,90,12,102,16,42,114,20,192,50,10,60,252
08/07/2003,SWF,NY,AEA,EN,Federal Contract Tower,19,34,33,10,96,0,0,25,4,29,19,34,58,14,125,0,0,0,125
08/08/2003,SWF,NY,AEA,EN,Federal Contract Tower,17,36,43,3,99,0,2,44,11,57,17,38,87,14,156,6,0,6,162
08/09/2003,SWF,NY,AEA,EN,Federal Contract Tower,14,29,23,5,71,0,0,0,0,0,14,29,23,5,71,0,0,0,71
08/10/2003,SWF,NY,AEA,EN,Federal Contract Tower,8,37,28,3,76,0,0,16,0,16,8,37,44,3,92,18,0,18,110
08/11/2003,SWF,NY,AEA,EN,Federal Contract Tower,12,36,28,12,88,0,0,28,0,28,12,36,56,12,116,30,0,30,146
08/12/2003,SWF,NY,AEA,EN,Federal Contract Tower,11,34,27,12,84,0,0,69,7,76,11,34,96,19,160,78,4,82,242
08/13/2003,SWF,NY,AEA,EN,Federal Contract Tower,13,37,40,4,94,0,0,73,9,82,13,37,113,13,176,68,8,76,252
08/14/2003,SWF,NY,AEA,EN,Federal Contract Tower,19,40,32,12,103,0,0,123,9,132,19,40,155,21,235,130,42,172,407
08/15/2003,SWF,NY,AEA,EN,Federal Contract Tower,20,43,47,8,118,0,1,140,45,186,20,44,187,53,304,166,28,194,498
08/16/2003,SWF,NY,AEA,EN,Federal Contract Tower,13,41,27,7,88,0,0,72,0,72,13,41,99,7,160,72,0,72,232
08/17/2003,SWF,NY,AEA,EN,Federal Contract Tower,10,41,25,3,79,0,0,65,0,65,10,41,90,3,144,84,0,84,228
08/18/2003,SWF,NY,AEA,EN,Federal Contract Tower,12,34,39,5,90,0,0,76,4,80,12,34,115,9,170,76,0,76,246
08/19/2003,SWF,NY,AEA,EN,Federal Contract Tower,11,44,23,5,83,0,0,212,9,221,11,44,235,14,304,226,4,230,534
08/20/2003,SWF,NY,AEA,EN,Federal Contract Tower,12,34,43,3,92,0,0,119,14,133,12,34,162,17,225,174,14,188,413
08/21/2003,SWF,NY,AEA,EN,Federal Contract Tower,25,35,31,7,98,0,0,108,14,122,25,35,139,21,220,120,0,120,340
08/22/2003,SWF,NY,AEA,EN,Federal Contract Tower,16,41,39,7,103,0,0,106,3,109,16,41,145,10,212,6,0,6,218
08/23/2003,SWF,NY,AEA,EN,Federal Contract Tower,12,30,21,4,67,0,0,87,0,87,12,30,108,4,154,172,0,172,326
08/24/2003,SWF,NY,AEA,EN,Federal Contract Tower,6,34,27,3,70,0,0,108,3,111,6,34,135,6,181,228,0,228,409
08/25/2003,SWF,NY,AEA,EN,Federal Contract Tower,10,39,11,4,64,0,0,110,6,116,10,39,121,10,180,170,2,172,352
08/26/2003,SWF,NY,AEA,EN,Federal Contract Tower,10,34,13,11,68,0,0,146,16,162,10,34,159,27,230,138,12,150,380
08/27/2003,SWF,NY,AEA,EN,Federal Contract Tower,11,41,29,12,93,0,0,161,38,199,11,41,190,50,292,166,46,212,504
08/28/2003,SWF,NY,AEA,EN,Federal Contract Tower,19,32,42,4,97,0,0,131,15,146,19,32,173,19,243,154,10,164,407
08/29/2003,SWF,NY,AEA,EN,Federal Contract Tower,29,37,43,5,114,0,0,74,5,79,29,37,117,10,193,88,0,88,281
08/30/2003,SWF,NY,AEA,EN,Federal Contract Tower,10,34,24,6,74,0,0,71,0,71,10,34,95,6,145,82,0,82,227
08/31/2003,SWF,NY,AEA,EN,Federal Contract Tower,6,37,15,0,58,0,0,149,2,151,6,37,164,2,209,212,0,212,421
09/01/2003,SWF,NY,AEA,EN,Federal Contract Tower,10,25,30,1,66,0,0,0,0,0,10,25,30,1,66,0,0,0,66
09/02/2003,SWF,NY,AEA,EN,Federal Contract Tower,4,33,26,8,71,0,0,63,0,63,4,33,89,8,134,0,0,0,134
09/03/2003,SWF,NY,AEA,EN,Federal Contract Tower,13,28,22,8,71,0,0,0,0,0,13,28,22,8,71,0,0,0,71
09/04/2003,SWF,NY,AEA,EN,Federal Contract Tower,20,33,28,12,93,0,2,19,4,25,20,35,47,16,118,0,18,18,136
09/05/2003,SWF,NY,AEA,EN,Federal Contract Tower,30,35,31,4,100,0,0,181,11,192,30,35,212,15,292,210,28,238,530
09/06/2003,SWF,NY,AEA,EN,Federal Contract Tower,6,29,29,3,67,0,1,87,5,93,6,30,116,8,160,212,6,218,378
09/07/2003,SWF,NY,AEA,EN,Federal Contract Tower,8,25,28,5,66,0,0,110,0,110,8,25,138,5,176,246,0,246,422
09/08/2003,SWF,NY,AEA,EN,Federal Contract Tower,8,31,19,2,60,0,0,119,10,129,8,31,138,12,189,150,0,150,339
09/09/2003,SWF,NY,AEA,EN,Federal Contract Tower,14,31,29,3,77,0,0,123,13,136,14,31,152,16,213,152,18,170,383
09/10/2003,SWF,NY,AEA,EN,Federal Contract Tower,11,30,32,5,78,0,0,158,14,172,11,30,190,19,250,148,18,166,416
09/11/2003,SWF,NY,AEA,EN,Federal Contract Tower,19,31,31,9,90,0,0,186,12,198,19,31,217,21,288,218,4,222,510
09/12/2003,SWF,NY,AEA,EN,Federal Contract Tower,18,27,41,6,92,0,0,143,4,147,18,27,184,10,239,188,4,192,431
09/13/2003,SWF,NY,AEA,EN,Federal Contract Tower,6,28,24,2,60,0,0,0,0,0,6,28,24,2,60,0,0,0,60
09/14/2003,SWF,NY,AEA,EN,Federal Contract Tower,12,31,26,6,75,0,0,18,0,18,12,31,44,6,93,6,0,6,99
09/15/2003,SWF,NY,AEA,EN,Federal Contract Tower,12,31,30,2,75,0,0,30,4,34,12,31,60,6,109,4,0,4,113
09/16/2003,SWF,NY,AEA,EN,Federal Contract Tower,13,30,32,14,89,0,0,121,13,134,13,30,153,27,223,174,24,198,421
09/17/2003,SWF,NY,AEA,EN,Federal Contract Tower,15,27,36,11,89,0,0,103,12,115,15,27,139,23,204,166,0,166,370
09/18/2003,SWF,NY,AEA,EN,Federal Contract Tower,21,30,31,13,95,0,0,114,7,121,21,30,145,20,216,74,0,74,290
09/19/2003,SWF,NY,AEA,EN,Federal Contract Tower,21,28,13,0,62,0,0,27,0,27,21,28,40,0,89,54,0,54,143
09/20/2003,SWF,NY,AEA,EN,Federal Contract Tower,13,27,31,13,84,0,0,99,11,110,13,27,130,24,194,154,0,154,348
09/21/2003,SWF,NY,AEA,EN,Federal Contract Tower,14,28,30,2,74,0,0,116,0,116,14,28,146,2,190,186,0,186,376
09/22/2003,SWF,NY,AEA,EN,Federal Contract Tower,12,30,22,1,65,0,0,101,3,104,12,30,123,4,169,148,0,148,317
09/23/2003,SWF,NY,AEA,EN,Federal Contract Tower,14,29,35,5,83,0,0,79,3,82,14,29,114,8,165,28,0,28,193
09/24/2003,SWF,NY,AEA,EN,Federal Contract Tower,21,34,43,10,108,0,0,158,17,175,21,34,201,27,283,200,50,250,533
09/25/2003,SWF,NY,AEA,EN,Federal Contract Tower,26,33,31,8,98,0,0,132,10,142,26,33,163,18,240,116,12,128,368
09/26/2003,SWF,NY,AEA,EN,Federal Contract Tower,21,35,41,11,108,0,0,25,3,28,21,35,66,14,136,30,0,30,166
09/27/2003,SWF,NY,AEA,EN,Federal Contract Tower,15,30,19,3,67,0,0,16,0,16,15,30,35,3,83,26,0,26,109
09/28/2003,SWF,NY,AEA,EN,Federal Contract Tower,14,27,26,1,68,0,0,23,0,23,14,27,49,1,91,0,0,0,91
09/29/2003,SWF,NY,AEA,EN,Federal Contract Tower,14,23,45,17,99,0,0,104,14,118,14,23,149,31,217,184,56,240,457
09/30/2003,SWF,NY,AEA,EN,Federal Contract Tower,15,28,25,10,78,0,0,119,16,135,15,28,144,26,213,126,94,220,433
10/01/2003,SWF,NY,AEA,EN,Federal Contract Tower,17,35,25,12,89,0,0,143,22,165,17,35,168,34,254,120,0,120,374
10/02/2003,SWF,NY,AEA,EN,Federal Contract Tower,17,28,22,7,74,0,0,77,5,82,17,28,99,12,156,96,0,96,252
10/03/2003,SWF,NY,AEA,EN,Federal Contract Tower,22,32,16,8,78,0,0,167,23,190,22,32,183,31,268,204,28,232,500
10/04/2003,SWF,NY,AEA,EN,Federal Contract Tower,10,23,18,3,54,0,0,14,0,14,10,23,32,3,68,42,0,42,110
10/05/2003,SWF,NY,AEA,EN,Federal Contract Tower,12,27,18,0,57,0,0,122,8,130,12,27,140,8,187,122,4,126,313
10/06/2003,SWF,NY,AEA,EN,Federal Contract Tower,10,30,24,9,73,0,0,119,12,131,10,30,143,21,204,174,30,204,408
10/07/2003,SWF,NY,AEA,EN,Federal Contract Tower,9,27,28,17,81,0,0,153,11,164,9,27,181,28,245,154,20,174,419
10/08/2003,SWF,NY,AEA,EN,Federal Contract Tower,15,29,30,2,76,0,0,123,10,133,15,29,153,12,209,72,46,118,327
10/09/2003,SWF,NY,AEA,EN,Federal Contract Tower,19,26,38,13,96,0,0,103,13,116,19,26,141,26,212,92,22,114,326
10/10/2003,SWF,NY,AEA,EN,Federal Contract Tower,26,33,44,3,106,0,0,59,4,63,26,33,103,7,169,74,0,74,243
10/11/2003,SWF,NY,AEA,EN,Federal Contract Tower,8,23,15,7,53,0,0,86,8,94,8,23,101,15,147,148,44,192,339
10/12/2003,SWF,NY,AEA,EN,Federal Contract Tower,9,28,28,0,65,0,0,186,0,186,9,28,214,0,251,230,0,230,481
10/13/2003,SWF,NY,AEA,EN,Federal Contract Tower,15,30,28,0,73,0,0,170,0,170,15,30,198,0,243,192,0,192,435
10/14/2003,SWF,NY,AEA,EN,Federal Contract Tower,12,28,31,8,79,0,0,97,10,107,12,28,128,18,186,94,10,104,290
10/15/2003,SWF,NY,AEA,EN,Federal Contract Tower,14,28,28,11,81,0,2,64,5,71,14,30,92,16,152,0,28,28,180
10/16/2003,SWF,NY,AEA,EN,Federal Contract Tower,22,29,24,18,93,0,0,127,9,136,22,29,151,27,229,110,88,198,427
10/17/2003,SWF,NY,AEA,EN,Federal Contract Tower,25,34,29,4,92,0,0,102,4,106,25,34,131,8,198,94,0,94,292
10/18/2003,SWF,NY,AEA,EN,Federal Contract Tower,14,29,44,1,88,0,0,69,0,69,14,29,113,1,157,136,0,136,293
10/19/2003,SWF,NY,AEA,EN,Federal Contract Tower,8,32,25,0,65,0,0,39,0,39,8,32,64,0,104,26,0,26,130
10/20/2003,SWF,NY,AEA,EN,Federal Contract Tower,11,28,32,11,82,0,0,139,18,157,11,28,171,29,239,144,48,192,431
10/21/2003,SWF,NY,AEA,EN,Federal Contract Tower,12,31,13,11,67,0,0,111,14,125,12,31,124,25,192,84,40,124,316
10/22/2003,SWF,NY,AEA,EN,Federal Contract Tower,10,34,23,7,74,0,0,47,6,53,10,34,70,13,127,28,40,68,195
10/23/2003,SWF,NY,AEA,EN,Federal Contract Tower,23,39,40,7,109,0,0,88,7,95,23,39,128,14,204,98,0,98,302
10/24/2003,SWF,NY,AEA,EN,Federal Contract Tower,21,26,32,4,83,0,0,77,1,78,21,26,109,5,161,72,0,72,233
10/25/2003,SWF,NY,AEA,EN,Federal Contract Tower,13,34,24,17,88,0,0,123,2,125,13,34,147,19,213,168,0,168,381
10/26/2003,SWF,NY,AEA,EN,Federal Contract Tower,8,27,42,2,79,0,0,46,0,46,8,27,88,2,125,28,0,28,153
10/27/2003,SWF,NY,AEA,EN,Federal Contract Tower,13,28,24,3,68,0,0,10,0,10,13,28,34,3,78,0,0,0,78
10/28/2003,SWF,NY,AEA,EN,Federal Contract Tower,12,34,28,10,84,0,0,114,16,130,12,34,142,26,214,72,20,92,306
10/29/2003,SWF,NY,AEA,EN,Federal Contract Tower,15,29,29,6,79,0,0,27,2,29,15,29,56,8,108,12,0,12,120
10/30/2003,SWF,NY,AEA,EN,Federal Contract Tower,17,31,33,15,96,0,0,148,34,182,17,31,181,49,278,110,68,178,456
10/31/2003,SWF,NY,AEA,EN,Federal Contract Tower,21,29,33,14,97,0,0,125,9,134,21,29,158,23,231,154,18,172,403
11/01/2003,SWF,NY,AEA,EN,Federal Contract Tower,10,26,22,5,63,0,0,146,26,172,10,26,168,31,235,194,24,218,453
11/02/2003,SWF,NY,AEA,EN,Federal Contract Tower,12,28,31,3,74,0,0,104,11,115,12,28,135,14,189,156,0,156,345
11/03/2003,SWF,NY,AEA,EN,Federal Contract Tower,11,40,23,7,81,0,0,162,25,187,11,40,185,32,268,220,24,244,512
11/04/2003,SWF,NY,AEA,EN,Federal Contract Tower,11,29,31,6,77,0,0,26,4,30,11,29,57,10,107,10,0,10,117
11/05/2003,SWF,NY,AEA,EN,Federal Contract Tower,13,26,23,3,65,0,0,0,0,0,13,26,23,3,65,0,0,0,65
11/06/2003,SWF,NY,AEA,EN,Federal Contract Tower,20,33,31,21,105,0,0,56,19,75,20,33,87,40,180,36,22,58,238
11/07/2003,SWF,NY,AEA,EN,Federal Contract Tower,16,31,38,6,91,0,0,117,15,132,16,31,155,21,223,132,0,132,355
11/08/2003,SWF,NY,AEA,EN,Federal Contract Tower,9,26,26,4,65,0,0,138,1,139,9,26,164,5,204,140,0,140,344
11/09/2003,SWF,NY,AEA,EN,Federal Contract Tower,8,25,30,3,66,0,0,137,0,137,8,25,167,3,203,224,0,224,427
11/10/2003,SWF,NY,AEA,EN,Federal Contract Tower,8,25,22,6,61,0,0,145,22,167,8,25,167,28,228,156,52,208,436
11/11/2003,SWF,NY,AEA,EN,Federal Contract Tower,13,26,33,1,73,0,0,36,0,36,13,26,69,1,109,10,0,10,119
11/12/2003,SWF,NY,AEA,EN,Federal Contract Tower,18,51,43,14,126,0,0,41,2,43,18,51,84,16,169,42,16,58,227
11/13/2003,SWF,NY,AEA,EN,Federal Contract Tower,18,35,22,2,77,0,0,35,0,35,18,35,57,2,112,22,0,22,134
11/14/2003,SWF,NY,AEA,EN,Federal Contract Tower,20,42,35,9,106,0,0,103,2,105,20,42,138,11,211,46,0,46,257
11/15/2003,SWF,NY,AEA,EN,Federal Contract Tower,9,25,36,6,76,0,0,99,3,102,9,25,135,9,178,274,12,286,464
11/16/2003,SWF,NY,AEA,EN,Federal Contract Tower,6,24,41,7,78,0,0,102,13,115,6,24,143,20,193,164,12,176,369
11/17/2003,SWF,NY,AEA,EN,Federal Contract Tower,8,32,36,12,88,0,0,12,2,14,8,32,48,14,102,0,0,0,102
11/18/2003,SWF,NY,AEA,EN,Federal Contract Tower,11,32,38,7,88,0,0,0,0,0,11,32,38,7,88,0,0,0,88
11/19/2003,SWF,NY,AEA,EN,Federal Contract Tower,14,31,16,5,66,0,0,0,0,0,14,31,16,5,66,0,0,0,66
11/20/2003,SWF,NY,AEA,EN,Federal Contract Tower,18,27,23,11,79,0,0,51,9,60,18,27,74,20,139,68,14,82,221
11/21/2003,SWF,NY,AEA,EN,Federal Contract Tower,20,30,26,12,88,0,0,153,4,157,20,30,179,16,245,100,0,100,345
11/22/2003,SWF,NY,AEA,EN,Federal Contract Tower,10,29,27,7,73,0,0,143,5,148,10,29,170,12,221,210,4,214,435
11/23/2003,SWF,NY,AEA,EN,Federal Contract Tower,8,23,23,0,54,0,0,126,2,128,8,23,149,2,182,218,0,218,400
11/24/2003,SWF,NY,AEA,EN,Federal Contract Tower,14,26,39,5,84,0,0,102,6,108,14,26,141,11,192,38,0,38,230
11/25/2003,SWF,NY,AEA,EN,Federal Contract Tower,19,32,24,5,80,0,0,114,10,124,19,32,138,15,204,98,0,98,302
11/26/2003,SWF,NY,AEA,EN,Federal Contract Tower,17,25,21,2,65,0,0,75,0,75,17,25,96,2,140,82,0,82,222
11/27/2003,SWF,NY,AEA,EN,Federal Contract Tower,12,17,12,0,41,0,0,42,0,42,12,17,54,0,83,36,0,36,119
11/28/2003,SWF,NY,AEA,EN,Federal Contract Tower,23,22,12,2,59,0,0,0,0,0,23,22,12,2,59,0,0,0,59
11/29/2003,SWF,NY,AEA,EN,Federal Contract Tower,12,20,13,0,45,0,0,13,0,13,12,20,26,0,58,0,0,0,58
11/30/2003,SWF,NY,AEA,EN,Federal Contract Tower,8,29,47,0,84,0,0,100,0,100,8,29,147,0,184,162,0,162,346
12/01/2003,SWF,NY,AEA,EN,Federal Contract Tower,11,30,18,5,64,0,0,26,0,26,11,30,44,5,90,16,0,16,106
12/02/2003,SWF,NY,AEA,EN,Federal Contract Tower,10,24,17,5,56,0,0,53,0,53,10,24,70,5,109,8,0,8,117
12/03/2003,SWF,NY,AEA,EN,Federal Contract Tower,11,31,23,7,72,0,0,94,4,98,11,31,117,11,170,132,2,134,304
12/04/2003,SWF,NY,AEA,EN,Federal Contract Tower,22,29,42,8,101,0,0,152,27,179,22,29,194,35,280,176,0,176,456
12/05/2003,SWF,NY,AEA,EN,Federal Contract Tower,20,48,47,3,118,0,0,63,20,83,20,48,110,23,201,8,16,24,225
12/06/2003,SWF,NY,AEA,EN,Federal Contract Tower,9,3,1,1,14,0,0,0,0,0,9,3,1,1,14,0,0,0,14
12/07/2003,SWF,NY,AEA,EN,Federal Contract Tower,10,22,22,2,56,0,0,10,0,10,10,22,32,2,66,0,0,0,66
12/08/2003,SWF,NY,AEA,EN,Federal Contract Tower,8,23,24,2,57,0,0,85,2,87,8,23,109,4,144,78,0,78,222
12/09/2003,SWF,NY,AEA,EN,Federal Contract Tower,14,28,22,3,67,0,0,35,1,36,14,28,57,4,103,18,2,20,123
12/10/2003,SWF,NY,AEA,EN,Federal Contract Tower,14,25,28,12,79,0,0,45,2,47,14,25,73,14,126,30,0,30,156
12/11/2003,SWF,NY,AEA,EN,Federal Contract Tower,18,31,35,7,91,0,0,25,0,25,18,31,60,7,116,0,0,0,116
12/12/2003,SWF,NY,AEA,EN,Federal Contract Tower,18,33,32,7,90,0,0,109,8,117,18,33,141,15,207,84,4,88,295
12/13/2003,SWF,NY,AEA,EN,Federal Contract Tower,12,23,25,5,65,0,0,102,8,110,12,23,127,13,175,108,0,108,283
12/14/2003,SWF,NY,AEA,EN,Federal Contract Tower,7,15,8,0,30,0,0,7,0,7,7,15,15,0,37,0,0,0,37
12/15/2003,SWF,NY,AEA,EN,Federal Contract Tower,7,29,19,3,58,0,0,17,3,20,7,29,36,6,78,8,0,8,86
12/16/2003,SWF,NY,AEA,EN,Federal Contract Tower,15,38,38,6,97,0,0,47,1,48,15,38,85,7,145,56,0,56,201
12/17/2003,SWF,NY,AEA,EN,Federal Contract Tower,13,27,24,3,67,0,0,13,0,13,13,27,37,3,80,0,0,0,80
12/18/2003,SWF,NY,AEA,EN,Federal Contract Tower,22,36,18,8,84,0,0,67,1,68,22,36,85,9,152,34,0,34,186
12/19/2003,SWF,NY,AEA,EN,Federal Contract Tower,20,35,33,10,98,0,0,119,7,126,20,35,152,17,224,178,0,178,402
12/20/2003,SWF,NY,AEA,EN,Federal Contract Tower,8,26,24,1,59,0,0,89,1,90,8,26,113,2,149,124,0,124,273
12/21/2003,SWF,NY,AEA,EN,Federal Contract Tower,9,22,17,1,49,0,0,86,0,86,9,22,103,1,135,60,0,60,195
12/22/2003,SWF,NY,AEA,EN,Federal Contract Tower,10,23,27,8,68,0,0,129,0,129,10,23,156,8,197,134,0,134,331
12/23/2003,SWF,NY,AEA,EN,Federal Contract Tower,23,26,23,1,73,0,0,80,0,80,23,26,103,1,153,68,0,68,221
12/24/2003,SWF,NY,AEA,EN,Federal Contract Tower,32,32,4,1,69,0,0,13,0,13,32,32,17,1,82,0,0,0,82
12/25/2003,SWF,NY,AEA,EN,Federal Contract Tower,11,24,9,0,44,0,0,86,0,86,11,24,95,0,130,0,0,0,130
12/26/2003,SWF,NY,AEA,EN,Federal Contract Tower,15,24,17,0,56,0,0,71,0,71,15,24,88,0,127,48,0,48,175
12/27/2003,SWF,NY,AEA,EN,Federal Contract Tower,11,25,16,0,52,0,0,144,0,144,11,25,160,0,196,130,0,130,326
12/28/2003,SWF,NY,AEA,EN,Federal Contract Tower,14,25,22,0,61,0,0,97,0,97,14,25,119,0,158,156,0,156,314
12/29/2003,SWF,NY,AEA,EN,Federal Contract Tower,10,27,17,2,56,0,0,72,0,72,10,27,89,2,128,94,0,94,222
12/30/2003,SWF,NY,AEA,EN,Federal Contract Tower,21,23,17,0,61,0,1,16,0,17,21,24,33,0,78,24,0,24,102
12/31/2003,SWF,NY,AEA,EN,Federal Contract Tower,15,29,11,2,57,0,0,126,5,131,15,29,137,7,188,122,0,122,310
01/01/2004,SWF,NY,AEA,EN,Federal Contract Tower,10,19,7,0,36,0,0,88,2,90,10,19,95,2,126,94,0,94,220
01/02/2004,SWF,NY,AEA,EN,Federal Contract Tower,17,27,13,0,57,0,0,51,0,51,17,27,64,0,108,76,0,76,184
01/03/2004,SWF,NY,AEA,EN,Federal Contract Tower,7,25,23,0,55,0,0,13,0,13,7,25,36,0,68,0,0,0,68
01/04/2004,SWF,NY,AEA,EN,Federal Contract Tower,8,29,38,2,77,0,0,0,0,0,8,29,38,2,77,0,0,0,77
01/05/2004,SWF,NY,AEA,EN,Federal Contract Tower,11,30,14,3,58,0,0,0,0,0,11,30,14,3,58,0,0,0,58
01/06/2004,SWF,NY,AEA,EN,Federal Contract Tower,11,26,28,7,72,0,0,54,1,55,11,26,82,8,127,40,2,42,169
01/07/2004,SWF,NY,AEA,EN,Federal Contract Tower,14,26,12,7,59,0,0,80,2,82,14,26,92,9,141,76,0,76,217
01/08/2004,SWF,NY,AEA,EN,Federal Contract Tower,21,33,15,13,82,0,0,157,23,180,21,33,172,36,262,80,82,162,424
01/09/2004,SWF,NY,AEA,EN,Federal Contract Tower,16,31,25,5,77,0,0,152,9,161,16,31,177,14,238,130,16,146,384
01/10/2004,SWF,NY,AEA,EN,Federal Contract Tower,11,28,23,3,65,0,0,93,5,98,11,28,116,8,163,78,0,78,241
01/11/2004,SWF,NY,AEA,EN,Federal Contract Tower,7,24,30,3,64,0,0,93,0,93,7,24,123,3,157,104,0,104,261
01/12/2004,SWF,NY,AEA,EN,Federal Contract Tower,8,20,26,0,54,0,0,22,3,25,8,20,48,3,79,52,0,52,131
01/13/2004,SWF,NY,AEA,EN,Federal Contract Tower,14,31,23,3,71,0,0,95,0,95,14,31,118,3,166,26,0,26,192
01/14/2004,SWF,NY,AEA,EN,Federal Contract Tower,12,34,19,7,72,0,0,73,7,80,12,34,92,14,152,84,10,94,246
01/15/2004,SWF,NY,AEA,EN,Federal Contract Tower,18,30,21,3,72,0,0,43,0,43,18,30,64,3,115,26,0,26,141
01/16/2004,SWF,NY,AEA,EN,Federal Contract Tower,21,32,23,0,76,0,0,17,0,17,21,32,40,0,93,6,0,6,99
01/17/2004,SWF,NY,AEA,EN,Federal Contract Tower,10,26,28,1,65,0,0,33,0,33,10,26,61,1,98,54,0,54,152
01/18/2004,SWF,NY,AEA,EN,Federal Contract Tower,11,29,9,0,49,0,0,0,0,0,11,29,9,0,49,0,0,0,49
01/19/2004,SWF,NY,AEA,EN,Federal Contract Tower,10,27,30,0,67,0,0,65,0,65,10,27,95,0,132,60,0,60,192
01/20/2004,SWF,NY,AEA,EN,Federal Contract Tower,11,34,38,4,87,0,0,106,11,117,11,34,144,15,204,106,0,106,310
01/21/2004,SWF,NY,AEA,EN,Federal Contract Tower,11,26,27,7,71,0,0,70,10,80,11,26,97,17,151,92,12,104,255
01/22/2004,SWF,NY,AEA,EN,Federal Contract Tower,22,24,20,16,82,0,0,37,8,45,22,24,57,24,127,36,8,44,171
01/23/2004,SWF,NY,AEA,EN,Federal Contract Tower,22,27,33,10,92,0,0,112,4,116,22,27,145,14,208,114,0,114,322
01/24/2004,SWF,NY,AEA,EN,Federal Contract Tower,11,20,29,4,64,0,0,65,2,67,11,20,94,6,131,146,6,152,283
01/25/2004,SWF,NY,AEA,EN,Federal Contract Tower,8,29,24,2,63,0,0,34,0,34,8,29,58,2,97,58,0,58,155
01/26/2004,SWF,NY,AEA,EN,Federal Contract Tower,10,20,13,1,44,0,0,35,3,38,10,20,48,4,82,40,0,40,122
01/27/2004,SWF,NY,AEA,EN,Federal Contract Tower,11,26,11,4,52,0,0,10,0,10,11,26,21,4,62,0,0,0,62
01/28/2004,SWF,NY,AEA,EN,Federal Contract Tower,9,27,14,4,54,0,0,63,0,63,9,27,77,4,117,0,0,0,117
01/29/2004,SWF,NY,AEA,EN,Federal Contract Tower,20,36,42,16,114,0,0,62,2,64,20,36,104,18,178,68,20,88,266
01/30/2004,SWF,NY,AEA,EN,Federal Contract Tower,24,31,35,7,97,0,0,99,11,110,24,31,134,18,207,88,0,88,295
01/31/2004,SWF,NY,AEA,EN,Federal Contract Tower,13,29,13,0,55,0,0,61,0,61,13,29,74,0,116,86,0,86,202
02/01/2004,SWF,NY,AEA,EN,Federal Contract Tower,8,25,19,1,53,0,0,37,0,37,8,25,56,1,90,56,0,56,146
02/02/2004,SWF,NY,AEA,EN,Federal Contract Tower,11,29,47,4,91,0,0,100,9,109,11,29,147,13,200,152,0,152,352
02/03/2004,SWF,NY,AEA,EN,Federal Contract Tower,14,23,32,15,84,0,0,0,1,1,14,23,32,16,85,0,0,0,85
02/04/2004,SWF,NY,AEA,EN,Federal Contract Tower,13,28,23,7,71,0,0,72,4,76,13,28,95,11,147,38,18,56,203
02/05/2004,SWF,NY,AEA,EN,Federal Contract Tower,20,25,36,10,91,0,0,92,4,96,20,25,128,14,187,112,48,160,347
02/06/2004,SWF,NY,AEA,EN,Federal Contract Tower,17,24,11,1,53,0,0,9,0,9,17,24,20,1,62,8,0,8,70
02/07/2004,SWF,NY,AEA,EN,Federal Contract Tower,11,23,17,14,65,0,0,10,0,10,11,23,27,14,75,46,28,74,149
02/08/2004,SWF,NY,AEA,EN,Federal Contract Tower,8,20,12,5,45,0,0,38,1,39,8,20,50,6,84,58,0,58,142
02/09/2004,SWF,NY,AEA,EN,Federal Contract Tower,10,23,24,1,58,0,0,121,2,123,10,23,145,3,181,90,0,90,271
02/10/2004,SWF,NY,AEA,EN,Federal Contract Tower,16,23,41,5,85,0,0,110,8,118,16,23,151,13,203,128,4,132,335
02/11/2004,SWF,NY,AEA,EN,Federal Contract Tower,21,19,19,4,63,0,0,104,3,107,21,19,123,7,170,74,16,90,260
02/12/2004,SWF,NY,AEA,EN,Federal Contract Tower,22,33,48,3,106,0,0,110,2,112,22,33,158,5,218,130,24,154,372
02/13/2004,SWF,NY,AEA,EN,Federal Contract Tower,19,24,31,3,77,0,1,44,0,45,19,25,75,3,122,46,0,46,168
02/14/2004,SWF,NY,AEA,EN,Federal Contract Tower,16,25,19,2,62,0,0,63,1,64,16,25,82,3,126,66,0,66,192
02/15/2004,SWF,NY,AEA,EN,Federal Contract Tower,10,22,14,6,52,0,0,125,4,129,10,22,139,10,181,158,0,158,339
02/16/2004,SWF,NY,AEA,EN,Federal Contract Tower,8,30,22,1,61,0,0,134,1,135,8,30,156,2,196,164,0,164,360
02/17/2004,SWF,NY,AEA,EN,Federal Contract Tower,14,33,22,2,71,0,0,77,8,85,14,33,99,10,156,60,2,62,218
02/18/2004,SWF,NY,AEA,EN,Federal Contract Tower,21,26,18,4,69,0,0,96,8,104,21,26,114,12,173,76,0,76,249
02/19/2004,SWF,NY,AEA,EN,Federal Contract Tower,23,27,17,6,73,0,0,90,4,94,23,27,107,10,167,48,0,48,215
02/20/2004,SWF,NY,AEA,EN,Federal Contract Tower,18,27,16,6,67,0,0,56,6,62,18,27,72,12,129,96,4,100,229
02/21/2004,SWF,NY,AEA,EN,Federal Contract Tower,16,24,17,4,61,0,0,14,0,14,16,24,31,4,75,28,0,28,103
02/22/2004,SWF,NY,AEA,EN,Federal Contract Tower,11,23,18,7,59,0,0,131,0,131,11,23,149,7,190,170,8,178,368
02/23/2004,SWF,NY,AEA,EN,Federal Contract Tower,12,34,25,3,74,0,0,113,22,135,12,34,138,25,209,140,0,140,349
02/24/2004,SWF,NY,AEA,EN,Federal Contract Tower,12,25,21,2,60,0,0,16,1,17,12,25,37,3,77,22,0,22,99
02/25/2004,SWF,NY,AEA,EN,Federal Contract Tower,15,35,19,10,79,0,0,131,20,151,15,35,150,30,230,90,22,112,342
02/26/2004,SWF,NY,AEA,EN,Federal Contract Tower,20,35,28,12,95,0,0,89,0,89,20,35,117,12,184,86,6,92,276
02/27/2004,SWF,NY,AEA,EN,Federal Contract Tower,20,28,27,8,83,0,0,61,0,61,20,28,88,8,144,124,0,124,268
02/28/2004,SWF,NY,AEA,EN,Federal Contract Tower,16,24,22,1,63,0,0,76,0,76,16,24,98,1,139,126,0,126,265
02/29/2004,SWF,NY,AEA,EN,Federal Contract Tower,10,26,30,2,68,0,0,133,0,133,10,26,163,2,201,186,0,186,387
03/01/2004,SWF,NY,AEA,EN,Federal Contract Tower,12,28,25,21,86,0,0,87,11,98,12,28,112,32,184,76,20,96,280
03/02/2004,SWF,NY,AEA,EN,Federal Contract Tower,9,29,22,11,71,0,0,61,18,79,9,29,83,29,150,52,30,82,232
03/03/2004,SWF,NY,AEA,EN,Federal Contract Tower,17,28,30,15,90,0,0,138,16,154,17,28,168,31,244,124,20,144,388
03/04/2004,SWF,NY,AEA,EN,Federal Contract Tower,21,35,34,15,105,0,0,6,2,8,21,35,40,17,113,12,0,12,125
03/05/2004,SWF,NY,AEA,EN,Federal Contract Tower,19,47,34,4,104,0,0,0,0,0,19,47,34,4,104,0,0,0,104
03/06/2004,SWF,NY,AEA,EN,Federal Contract Tower,17,30,30,0,77,0,0,6,2,8,17,30,36,2,85,16,0,16,101
03/07/2004,SWF,NY,AEA,EN,Federal Contract Tower,10,25,45,3,83,0,0,83,1,84,10,25,128,4,167,132,0,132,299
03/08/2004,SWF,NY,AEA,EN,Federal Contract Tower,9,27,19,0,55,0,0,0,0,0,9,27,19,0,55,0,0,0,55
03/09/2004,SWF,NY,AEA,EN,Federal Contract Tower,13,29,14,7,63,0,0,33,5,38,13,29,47,12,101,22,2,24,125
03/10/2004,SWF,NY,AEA,EN,Federal Contract Tower,18,23,29,15,85,0,0,92,13,105,18,23,121,28,190,70,26,96,286
03/11/2004,SWF,NY,AEA,EN,Federal Contract Tower,19,26,28,8,81,0,0,61,3,64,19,26,89,11,145,84,0,84,229
03/12/2004,SWF,NY,AEA,EN,Federal Contract Tower,20,30,22,8,80,0,0,4,0,4,20,30,26,8,84,4,6,10,94
03/13/2004,SWF,NY,AEA,EN,Federal Contract Tower,18,22,10,7,57,0,0,61,0,61,18,22,71,7,118,106,0,106,224
03/14/2004,SWF,NY,AEA,EN,Federal Contract Tower,10,23,21,0,54,0,0,104,4,108,10,23,125,4,162,162,0,162,324
03/15/2004,SWF,NY,AEA,EN,Federal Contract Tower,13,28,17,6,64,0,0,90,4,94,13,28,107,10,158,92,0,92,250
03/16/2004,SWF,NY,AEA,EN,Federal Contract Tower,10,20,10,2,42,0,0,29,0,29,10,20,39,2,71,0,0,0,71
03/17/2004,SWF,NY,AEA,EN,Federal Contract Tower,16,31,18,4,69,0,0,0,0,0,16,31,18,4,69,0,0,0,69
03/18/2004,SWF,NY,AEA,EN,Federal Contract Tower,22,29,28,10,89,0,0,2,0,2,22,29,30,10,91,0,0,0,91
03/19/2004,SWF,NY,AEA,EN,Federal Contract Tower,17,21,16,9,63,0,0,0,0,0,17,21,16,9,63,10,0,10,73
03/20/2004,SWF,NY,AEA,EN,Federal Contract Tower,17,26,10,2,55,0,0,78,0,78,17,26,88,2,133,28,0,28,161
03/21/2004,SWF,NY,AEA,EN,Federal Contract Tower,10,33,23,0,66,0,0,74,0,74,10,33,97,0,140,42,0,42,182
03/22/2004,SWF,NY,AEA,EN,Federal Contract Tower,14,25,26,11,76,0,0,130,15,145,14,25,156,26,221,72,58,130,351
03/23/2004,SWF,NY,AEA,EN,Federal Contract Tower,9,22,25,12,68,0,0,104,1,105,9,22,129,13,173,52,0,52,225
03/24/2004,SWF,NY,AEA,EN,Federal Contract Tower,16,27,26,4,73,0,0,78,5,83,16,27,104,9,156,100,20,120,276
03/25/2004,SWF,NY,AEA,EN,Federal Contract Tower,20,33,16,10,79,0,0,19,0,19,20,33,35,10,98,28,0,28,126
03/26/2004,SWF,NY,AEA,EN,Federal Contract Tower,20,26,39,7,92,0,0,90,10,100,20,26,129,17,192,86,0,86,278
03/27/2004,SWF,NY,AEA,EN,Federal Contract Tower,15,27,20,1,63,0,0,95,1,96,15,27,115,2,159,140,6,146,305
03/28/2004,SWF,NY,AEA,EN,Federal Contract Tower,11,24,38,0,73,0,0,128,8,136,11,24,166,8,209,176,4,180,389
03/29/2004,SWF,NY,AEA,EN,Federal Contract Tower,14,38,24,3,79,0,0,144,13,157,14,38,168,16,236,148,8,156,392
03/30/2004,SWF,NY,AEA,EN,Federal Contract Tower,11,38,23,9,81,0,0,63,2,65,11,38,86,11,146,22,0,22,168
03/31/2004,SWF,NY,AEA,EN,Federal Contract Tower,18,38,33,5,94,0,0,0,0,0,18,38,33,5,94,0,0,0,94
04/01/2004,SWF,NY,AEA,EN,Federal Contract Tower,19,33,10,4,66,0,0,0,0,0,19,33,10,4,66,0,0,0,66
04/02/2004,SWF,NY,AEA,EN,Federal Contract Tower,21,31,17,7,76,0,0,11,1,12,21,31,28,8,88,10,0,10,98
04/03/2004,SWF,NY,AEA,EN,Federal Contract Tower,21,29,29,5,84,0,0,173,7,180,21,29,202,12,264,216,8,224,488
04/04/2004,SWF,NY,AEA,EN,Federal Contract Tower,12,26,16,5,59,0,0,132,0,132,12,26,148,5,191,0,0,0,191
04/05/2004,SWF,NY,AEA,EN,Federal Contract Tower,14,38,15,1,68,0,0,67,4,71,14,38,82,5,139,8,0,8,147
04/06/2004,SWF,NY,AEA,EN,Federal Contract Tower,13,32,24,6,75,0,0,122,0,122,13,32,146,6,197,152,0,152,349
04/07/2004,SWF,NY,AEA,EN,Federal Contract Tower,19,32,31,10,92,0,0,85,3,88,19,32,116,13,180,154,0,154,334
04/08/2004,SWF,NY,AEA,EN,Federal Contract Tower,22,31,26,13,92,0,0,59,8,67,22,31,85,21,159,142,0,142,301
04/09/2004,SWF,NY,AEA,EN,Federal Contract Tower,23,37,27,1,88,0,0,142,3,145,23,37,169,4,233,262,0,262,495
04/10/2004,SWF,NY,AEA,EN,Federal Contract Tower,20,31,26,5,82,0,0,172,5,177,20,31,198,10,259,200,0,200,459
04/11/2004,SWF,NY,AEA,EN,Federal Contract Tower,10,31,20,0,61,0,0,92,1,93,10,31,112,1,154,100,0,100,254
04/12/2004,SWF,NY,AEA,EN,Federal Contract Tower,12,38,29,4,83,0,0,120,16,136,12,38,149,20,219,102,12,114,333
04/13/2004,SWF,NY,AEA,EN,Federal Contract Tower,14,32,23,5,74,0,0,0,0,0,14,32,23,5,74,0,0,0,74
04/14/2004,SWF,NY,AEA,EN,Federal Contract Tower,20,46,33,5,104,0,0,0,0,0,20,46,33,5,104,0,0,0,104
04/15/2004,SWF,NY,AEA,EN,Federal Contract Tower,22,36,23,8,89,0,0,41,9,50,22,36,64,17,139,22,54,76,215
04/16/2004,SWF,NY,AEA,EN,Federal Contract Tower,21,30,34,10,95,0,0,118,14,132,21,30,152,24,227,176,8,184,411
04/17/2004,SWF,NY,AEA,EN,Federal Contract Tower,23,25,25,2,75,0,0,140,9,149,23,25,165,11,224,178,0,178,402
04/18/2004,SWF,NY,AEA,EN,Federal Contract Tower,10,29,34,2,75,0,0,173,8,181,10,29,207,10,256,234,0,234,490
04/19/2004,SWF,NY,AEA,EN,Federal Contract Tower,12,31,20,6,69,0,0,146,3,149,12,31,166,9,218,130,0,130,348
04/20/2004,SWF,NY,AEA,EN,Federal Contract Tower,12,35,30,5,82,0,0,90,9,99,12,35,120,14,181,82,52,134,315
04/21/2004,SWF,NY,AEA,EN,Federal Contract Tower,17,40,22,7,86,0,0,65,4,69,17,40,87,11,155,74,0,74,229
04/22/2004,SWF,NY,AEA,EN,Federal Contract Tower,19,34,31,12,96,0,0,67,2,69,19,34,98,14,165,118,0,118,283
04/23/2004,SWF,NY,AEA,EN,Federal Contract Tower,19,33,35,8,95,0,0,0,0,0,19,33,35,8,95,0,0,0,95
04/24/2004,SWF,NY,AEA,EN,Federal Contract Tower,16,33,28,5,82,0,0,132,7,139,16,33,160,12,221,188,0,188,409
04/25/2004,SWF,NY,AEA,EN,Federal Contract Tower,10,31,34,4,79,0,0,150,6,156,10,31,184,10,235,198,10,208,443
04/26/2004,SWF,NY,AEA,EN,Federal Contract Tower,13,28,28,4,73,0,0,0,0,0,13,28,28,4,73,0,0,0,73
04/27/2004,SWF,NY,AEA,EN,Federal Contract Tower,12,30,27,8,77,0,0,90,24,114,12,30,117,32,191,140,6,146,337
04/28/2004,SWF,NY,AEA,EN,Federal Contract Tower,15,31,24,7,77,0,0,64,0,64,15,31,88,7,141,98,0,98,239
04/29/2004,SWF,NY,AEA,EN,Federal Contract Tower,20,35,32,3,90,0,0,148,8,156,20,35,180,11,246,174,0,174,420
04/30/2004,SWF,NY,AEA,EN,Federal Contract Tower,21,31,25,13,90,0,0,157,20,177,21,31,182,33,267,164,32,196,463
05/01/2004,SWF,NY,AEA,EN,Federal Contract Tower,15,29,30,4,78,0,0,133,17,150,15,29,163,21,228,138,20,158,386
05/02/2004,SWF,NY,AEA,EN,Federal Contract Tower,10,34,32,1,77,0,0,7,0,7,10,34,39,1,84,0,0,0,84
05/03/2004,SWF,NY,AEA,EN,Federal Contract Tower,11,37,47,3,98,0,0,0,0,0,11,37,47,3,98,0,0,0,98
05/04/2004,SWF,NY,AEA,EN,Federal Contract Tower,11,29,38,11,89,0,0,97,12,109,11,29,135,23,198,144,24,168,366
05/05/2004,SWF,NY,AEA,EN,Federal Contract Tower,13,28,24,8,73,0,0,73,4,77,13,28,97,12,150,90,24,114,264
05/06/2004,SWF,NY,AEA,EN,Federal Contract Tower,24,44,17,8,93,0,0,171,7,178,24,44,188,15,271,266,20,286,557
05/07/2004,SWF,NY,AEA,EN,Federal Contract Tower,23,38,20,6,87,0,0,146,13,159,23,38,166,19,246,130,14,144,390
05/08/2004,SWF,NY,AEA,EN,Federal Contract Tower,16,34,15,4,69,0,0,111,5,116,16,34,126,9,185,190,0,190,375
05/09/2004,SWF,NY,AEA,EN,Federal Contract Tower,10,25,28,4,67,0,0,51,0,51,10,25,79,4,118,24,0,24,142
05/10/2004,SWF,NY,AEA,EN,Federal Contract Tower,11,25,32,2,70,0,0,113,0,113,11,25,145,2,183,86,0,86,269
05/11/2004,SWF,NY,AEA,EN,Federal Contract Tower,10,34,26,13,83,0,0,67,12,79,10,34,93,25,162,138,24,162,324
05/12/2004,SWF,NY,AEA,EN,Federal Contract Tower,20,30,24,5,79,0,0,59,4,63,20,30,83,9,142,90,0,90,232
05/13/2004,SWF,NY,AEA,EN,Federal Contract Tower,23,43,29,7,102,0,0,139,6,145,23,43,168,13,247,126,0,126,373
05/14/2004,SWF,NY,AEA,EN,Federal Contract Tower,21,37,39,12,109,0,0,68,8,76,21,37,107,20,185,12,0,12,197
05/15/2004,SWF,NY,AEA,EN,Federal Contract Tower,12,26,33,5,76,0,0,150,9,159,12,26,183,14,235,140,0,140,375
05/16/2004,SWF,NY,AEA,EN,Federal Contract Tower,14,36,33,0,83,0,0,171,0,171,14,36,204,0,254,168,0,168,422
05/17/2004,SWF,NY,AEA,EN,Federal Contract Tower,9,32,34,7,82,0,0,87,1,88,9,32,121,8,170,98,0,98,268
05/18/2004,SWF,NY,AEA,EN,Federal Contract Tower,12,54,26,9,101,0,0,53,1,54,12,54,79,10,155,80,14,94,249
05/19/2004,SWF,NY,AEA,EN,Federal Contract Tower,23,42,42,5,112,0,0,145,14,159,23,42,187,19,271,164,10,174,445
05/20/2004,SWF,NY,AEA,EN,Federal Contract Tower,21,42,39,15,117,0,0,142,17,159,21,42,181,32,276,168,44,212,488
05/21/2004,SWF,NY,AEA,EN,Federal Contract Tower,17,36,38,8,99,0,0,57,2,59,17,36,95,10,158,68,8,76,234
05/22/2004,SWF,NY,AEA,EN,Federal Contract Tower,14,30,30,1,75,0,0,69,0,69,14,30,99,1,144,102,0,102,246
05/23/2004,SWF,NY,AEA,EN,Federal Contract Tower,10,34,40,4,88,0,0,67,0,67,10,34,107,4,155,134,0,134,289
05/24/2004,SWF,NY,AEA,EN,Federal Contract Tower,9,35,25,5,74,0,0,20,1,21,9,35,45,6,95,0,0,0,95
05/25/2004,SWF,NY,AEA,EN,Federal Contract Tower,10,31,31,12,84,0,0,66,4,70,10,31,97,16,154,140,22,162,316
05/26/2004,SWF,NY,AEA,EN,Federal Contract Tower,17,36,26,7,86,0,0,33,2,35,17,36,59,9,121,0,0,0,121
05/27/2004,SWF,NY,AEA,EN,Federal Contract Tower,19,29,57,10,115,0,0,103,14,117,19,29,160,24,232,108,62,170,402
05/28/2004,SWF,NY,AEA,EN,Federal Contract Tower,27,37,41,5,110,0,0,60,0,60,27,37,101,5,170,32,0,32,202
05/29/2004,SWF,NY,AEA,EN,Federal Contract Tower,12,26,21,6,65,0,0,202,13,215,12,26,223,19,280,228,6,234,514
05/30/2004,SWF,NY,AEA,EN,Federal Contract Tower,8,23,20,1,52,0,0,94,0,94,8,23,114,1,146,176,0,176,322
05/31/2004,SWF,NY,AEA,EN,Federal Contract Tower,6,36,22,3,67,0,0,21,0,21,6,36,43,3,88,52,0,52,140
06/01/2004,SWF,NY,AEA,EN,Federal Contract Tower,2,39,32,6,79,0,6,35,8,49,2,45,67,14,128,28,18,46,174
06/02/2004,SWF,NY,AEA,EN,Federal Contract Tower,14,35,27,6,82,8,3,126,6,143,22,38,153,12,225,142,22,164,389
06/03/2004,SWF,NY,AEA,EN,Federal Contract Tower,18,37,38,8,101,0,0,123,18,141,18,37,161,26,242,202,44,246,488
06/04/2004,SWF,NY,AEA,EN,Federal Contract Tower,16,38,34,7,95,6,0,168,10,184,22,38,202,17,279,218,24,242,521
06/05/2004,SWF,NY,AEA,EN,Federal Contract Tower,12,28,23,4,67,2,0,77,10,89,14,28,100,14,156,102,0,102,258
06/06/2004,SWF,NY,AEA,EN,Federal Contract Tower,8,33,28,3,72,0,0,40,0,40,8,33,68,3,112,54,0,54,166
06/07/2004,SWF,NY,AEA,EN,Federal Contract Tower,8,32,26,5,71,0,0,83,5,88,8,32,109,10,159,94,4,98,257
06/08/2004,SWF,NY,AEA,EN,Federal Contract Tower,11,33,26,5,75,0,2,132,11,145,11,35,158,16,220,202,18,220,440
06/09/2004,SWF,NY,AEA,EN,Federal Contract Tower,16,33,33,7,89,1,0,119,21,141,17,33,152,28,230,156,34,190,420
06/10/2004,SWF,NY,AEA,EN,Federal Contract Tower,16,38,33,7,94,4,0,113,10,127,20,38,146,17,221,40,2,42,263
06/11/2004,SWF,NY,AEA,EN,Federal Contract Tower,16,41,36,8,101,3,0,138,3,144,19,41,174,11,245,222,12,234,479
06/12/2004,SWF,NY,AEA,EN,Federal Contract Tower,13,33,27,6,79,1,0,132,15,148,14,33,159,21,227,226,0,226,453
06/13/2004,SWF,NY,AEA,EN,Federal Contract Tower,8,32,26,4,70,0,1,82,0,83,8,33,108,4,153,194,0,194,347
06/14/2004,SWF,NY,AEA,EN,Federal Contract Tower,8,36,30,7,81,0,4,35,2,41,8,40,65,9,122,42,0,42,164
06/15/2004,SWF,NY,AEA,EN,Federal Contract Tower,11,37,30,7,85,0,0,132,20,152,11,37,162,27,237,158,28,186,423
06/16/2004,SWF,NY,AEA,EN,Federal Contract Tower,18,49,38,9,114,0,0,168,27,195,18,49,206,36,309,184,44,228,537
06/17/2004,SWF,NY,AEA,EN,Federal Contract Tower,17,45,35,8,105,1,0,60,3,64,18,45,95,11,169,40,28,68,237
06/18/2004,SWF,NY,AEA,EN,Federal Contract Tower,18,46,39,9,112,0,0,73,5,78,18,46,112,14,190,60,0,60,250
06/19/2004,SWF,NY,AEA,EN,Federal Contract Tower,10,29,22,5,66,4,4,88,0,96,14,33,110,5,162,182,0,182,344
06/20/2004,SWF,NY,AEA,EN,Federal Contract Tower,8,28,21,5,62,0,6,116,0,122,8,34,137,5,184,242,0,242,426
06/21/2004,SWF,NY,AEA,EN,Federal Contract Tower,8,31,23,6,68,0,6,73,2,81,8,37,96,8,149,106,2,108,257
06/22/2004,SWF,NY,AEA,EN,Federal Contract Tower,12,37,32,8,89,0,0,30,5,35,12,37,62,13,124,14,0,14,138
06/23/2004,SWF,NY,AEA,EN,Federal Contract Tower,13,38,29,7,87,4,7,215,10,236,17,45,244,17,323,224,4,228,551
06/24/2004,SWF,NY,AEA,EN,Federal Contract Tower,15,42,32,8,97,4,0,198,25,227,19,42,230,33,324,218,64,282,606
06/25/2004,SWF,NY,AEA,EN,Federal Contract Tower,21,48,45,10,124,10,0,133,3,146,31,48,178,13,270,88,22,110,380
06/26/2004,SWF,NY,AEA,EN,Federal Contract Tower,11,31,25,2,69,6,0,71,0,77,17,31,96,2,146,84,0,84,230
06/27/2004,SWF,NY,AEA,EN,Federal Contract Tower,8,37,30,6,81,0,9,213,1,223,8,46,243,7,304,284,0,284,588
06/28/2004,SWF,NY,AEA,EN,Federal Contract Tower,7,40,31,6,84,0,3,180,12,195,7,43,211,18,279,188,10,198,477
06/29/2004,SWF,NY,AEA,EN,Federal Contract Tower,10,29,23,4,66,0,3,122,16,141,10,32,145,20,207,196,0,196,403
06/30/2004,SWF,NY,AEA,EN,Federal Contract Tower,14,39,30,6,89,5,3,170,13,191,19,42,200,19,280,240,54,294,574
07/01/2004,SWF,NY,AEA,EN,Federal Contract Tower,20,43,37,9,109,0,0,194,7,201,20,43,231,16,310,226,0,226,536
07/02/2004,SWF,NY,AEA,EN,Federal Contract Tower,19,45,19,4,87,0,0,169,0,169,19,45,188,4,256,248,0,248,504
07/03/2004,SWF,NY,AEA,EN,Federal Contract Tower,11,25,9,2,47,0,0,96,0,96,11,25,105,2,143,232,2,234,377
07/04/2004,SWF,NY,AEA,EN,Federal Contract Tower,8,32,9,1,50,0,0,65,0,65,8,32,74,1,115,88,0,88,203
07/05/2004,SWF,NY,AEA,EN,Federal Contract Tower,7,40,30,4,81,0,0,101,3,104,7,40,131,7,185,68,0,68,253
07/06/2004,SWF,NY,AEA,EN,Federal Contract Tower,5,38,12,1,56,0,0,140,3,143,5,38,152,4,199,164,0,164,363
07/07/2004,SWF,NY,AEA,EN,Federal Contract Tower,18,47,22,7,94,0,0,164,22,186,18,47,186,29,280,150,26,176,456
07/08/2004,SWF,NY,AEA,EN,Federal Contract Tower,22,41,27,10,100,0,0,98,4,102,22,41,125,14,202,116,0,116,318
07/09/2004,SWF,NY,AEA,EN,Federal Contract Tower,18,43,47,7,115,0,0,88,5,93,18,43,135,12,208,176,0,176,384
07/10/2004,SWF,NY,AEA,EN,Federal Contract Tower,24,35,34,2,95,0,0,93,2,95,24,35,127,4,190,172,0,172,362
07/11/2004,SWF,NY,AEA,EN,Federal Contract Tower,5,37,29,5,76,0,0,121,0,121,5,37,150,5,197,230,0,230,427
07/12/2004,SWF,NY,AEA,EN,Federal Contract Tower,13,36,23,3,75,0,0,13,0,13,13,36,36,3,88,10,0,10,98
07/13/2004,SWF,NY,AEA,EN,Federal Contract Tower,15,37,35,10,97,0,0,22,4,26,15,37,57,14,123,0,0,0,123
07/14/2004,SWF,NY,AEA,EN,Federal Contract Tower,22,44,36,2,104,0,0,25,0,25,22,44,61,2,129,10,0,10,139
07/15/2004,SWF,NY,AEA,EN,Federal Contract Tower,21,44,30,19,114,0,0,178,13,191,21,44,208,32,305,194,18,212,517
07/16/2004,SWF,NY,AEA,EN,Federal Contract Tower,15,35,36,9,95,0,0,85,7,92,15,35,121,16,187,134,18,152,339
07/17/2004,SWF,NY,AEA,EN,Federal Contract Tower,20,29,23,2,74,0,0,95,0,95,20,29,118,2,169,210,0,210,379
07/18/2004,SWF,NY,AEA,EN,Federal Contract Tower,6,37,29,2,74,0,0,0,0,0,6,37,29,2,74,0,0,0,74
07/19/2004,SWF,NY,AEA,EN,Federal Contract Tower,12,36,60,15,123,0,0,95,9,104,12,36,155,24,227,68,0,68,295
07/20/2004,SWF,NY,AEA,EN,Federal Contract Tower,14,40,32,17,103,0,0,144,35,179,14,40,176,52,282,200,38,238,520
07/21/2004,SWF,NY,AEA,EN,Federal Contract Tower,23,40,20,6,89,0,0,127,37,164,23,40,147,43,253,188,18,206,459
07/22/2004,SWF,NY,AEA,EN,Federal Contract Tower,20,38,37,11,106,0,0,86,14,100,20,38,123,25,206,138,4,142,348
07/23/2004,SWF,NY,AEA,EN,Federal Contract Tower,27,45,50,2,124,0,0,0,0,0,27,45,50,2,124,0,0,0,124
07/24/2004,SWF,NY,AEA,EN,Federal Contract Tower,19,29,19,4,71,0,0,66,0,66,19,29,85,4,137,216,0,216,353
07/25/2004,SWF,NY,AEA,EN,Federal Contract Tower,8,45,22,0,75,0,0,113,13,126,8,45,135,13,201,190,8,198,399
07/26/2004,SWF,NY,AEA,EN,Federal Contract Tower,11,39,27,10,87,0,0,162,35,197,11,39,189,45,284,208,16,224,508
07/27/2004,SWF,NY,AEA,EN,Federal Contract Tower,14,42,24,7,87,0,0,76,7,83,14,42,100,14,170,60,12,72,242
07/28/2004,SWF,NY,AEA,EN,Federal Contract Tower,20,35,28,4,87,0,0,0,0,0,20,35,28,4,87,0,0,0,87
07/29/2004,SWF,NY,AEA,EN,Federal Contract Tower,21,51,17,11,100,0,0,121,3,124,21,51,138,14,224,172,38,210,434
07/30/2004,SWF,NY,AEA,EN,Federal Contract Tower,22,42,21,5,90,0,0,51,1,52,22,42,72,6,142,48,0,48,190
07/31/2004,SWF,NY,AEA,EN,Federal Contract Tower,18,36,21,2,77,0,0,61,0,61,18,36,82,2,138,36,0,36,174
08/01/2004,SWF,NY,AEA,EN,Federal Contract Tower,8,39,23,3,73,0,0,116,0,116,8,39,139,3,189,136,0,136,325
08/02/2004,SWF,NY,AEA,EN,Federal Contract Tower,14,35,14,2,65,0,0,153,28,181,14,35,167,30,246,162,34,196,442
08/03/2004,SWF,NY,AEA,EN,Federal Contract Tower,14,38,28,26,106,0,0,88,33,121,14,38,116,59,227,80,68,148,375
08/04/2004,SWF,NY,AEA,EN,Federal Contract Tower,26,36,17,8,87,0,0,149,35,184,26,36,166,43,271,134,48,182,453
08/05/2004,SWF,NY,AEA,EN,Federal Contract Tower,21,38,35,4,98,0,0,90,7,97,21,38,125,11,195,100,14,114,309
08/06/2004,SWF,NY,AEA,EN,Federal Contract Tower,21,39,19,6,85,0,0,135,6,141,21,39,154,12,226,246,0,246,472
08/07/2004,SWF,NY,AEA,EN,Federal Contract Tower,17,30,18,6,71,0,0,115,0,115,17,30,133,6,186,262,0,262,448
08/08/2004,SWF,NY,AEA,EN,Federal Contract Tower,8,45,24,5,82,0,0,170,6,176,8,45,194,11,258,212,18,230,488
08/09/2004,SWF,NY,AEA,EN,Federal Contract Tower,12,42,30,3,87,0,0,158,13,171,12,42,188,16,258,264,6,270,528
08/10/2004,SWF,NY,AEA,EN,Federal Contract Tower,17,33,29,8,87,0,0,217,10,227,17,33,246,18,314,122,0,122,436
08/11/2004,SWF,NY,AEA,EN,Federal Contract Tower,37,44,33,7,121,0,0,13,0,13,37,44,46,7,134,0,0,0,134
08/12/2004,SWF,NY,AEA,EN,Federal Contract Tower,20,42,37,15,114,0,0,14,0,14,20,42,51,15,128,42,0,42,170
08/13/2004,SWF,NY,AEA,EN,Federal Contract Tower,12,37,29,10,88,0,0,41,0,41,12,37,70,10,129,20,0,20,149
08/14/2004,SWF,NY,AEA,EN,Federal Contract Tower,22,35,23,0,80,0,0,99,0,99,22,35,122,0,179,156,0,156,335
08/15/2004,SWF,NY,AEA,EN,Federal Contract Tower,7,34,18,0,59,0,0,12,0,12,7,34,30,0,71,32,0,32,103
08/16/2004,SWF,NY,AEA,EN,Federal Contract Tower,11,38,32,5,86,0,0,30,0,30,11,38,62,5,116,48,0,48,164
08/17/2004,SWF,NY,AEA,EN,Federal Contract Tower,20,41,33,8,102,0,0,96,15,111,20,41,129,23,213,180,2,182,395
08/18/2004,SWF,NY,AEA,EN,Federal Contract Tower,27,38,45,13,123,0,0,30,5,35,27,38,75,18,158,28,18,46,204
08/19/2004,SWF,NY,AEA,EN,Federal Contract Tower,23,40,42,7,112,0,0,41,1,42,23,40,83,8,154,60,20,80,234
08/20/2004,SWF,NY,AEA,EN,Federal Contract Tower,16,47,23,7,93,0,0,92,7,99,16,47,115,14,192,108,0,108,300
08/21/2004,SWF,NY,AEA,EN,Federal Contract Tower,24,34,9,0,67,0,0,30,0,30,24,34,39,0,97,30,0,30,127
08/22/2004,SWF,NY,AEA,EN,Federal Contract Tower,8,38,24,3,73,0,0,149,16,165,8,38,173,19,238,220,8,228,466
08/23/2004,SWF,NY,AEA,EN,Federal Contract Tower,8,46,27,4,85,0,0,170,20,190,8,46,197,24,275,210,0,210,485
08/24/2004,SWF,NY,AEA,EN,Federal Contract Tower,14,33,22,13,82,0,0,175,15,190,14,33,197,28,272,218,22,240,512
08/25/2004,SWF,NY,AEA,EN,Federal Contract Tower,20,42,21,5,88,0,0,91,3,94,20,42,112,8,182,102,0,102,284
08/26/2004,SWF,NY,AEA,EN,Federal Contract Tower,15,38,31,9,93,0,0,105,8,113,15,38,136,17,206,210,8,218,424
08/27/2004,SWF,NY,AEA,EN,Federal Contract Tower,19,47,34,10,110,0,0,133,5,138,19,47,167,15,248,140,36,176,424
08/28/2004,SWF,NY,AEA,EN,Federal Contract Tower,19,33,26,4,82,0,0,198,19,217,19,33,224,23,299,236,12,248,547
08/29/2004,SWF,NY,AEA,EN,Federal Contract Tower,6,32,46,4,88,0,0,139,35,174,6,32,185,39,262,240,10,250,512
08/30/2004,SWF,NY,AEA,EN,Federal Contract Tower,9,36,40,3,88,0,0,87,20,107,9,36,127,23,195,72,0,72,267
08/31/2004,SWF,NY,AEA,EN,Federal Contract Tower,13,42,30,6,91,0,0,81,4,85,13,42,111,10,176,132,0,132,308
09/01/2004,SWF,NY,AEA,EN,Federal Contract Tower,18,56,36,6,116,0,0,120,4,124,18,56,156,10,240,174,0,174,414
09/02/2004,SWF,NY,AEA,EN,Federal Contract Tower,18,61,31,10,120,0,0,193,16,209,18,61,224,26,329,272,82,354,683
09/03/2004,SWF,NY,AEA,EN,Federal Contract Tower,12,48,37,9,106,0,0,123,20,143,12,48,160,29,249,160,16,176,425
09/04/2004,SWF,NY,AEA,EN,Federal Contract Tower,4,38,18,2,62,0,0,129,2,131,4,38,147,4,193,164,0,164,357
09/05/2004,SWF,NY,AEA,EN,Federal Contract Tower,0,39,24,3,66,0,2,82,0,84,0,41,106,3,150,94,0,94,244
09/06/2004,SWF,NY,AEA,EN,Federal Contract Tower,2,47,32,0,81,0,0,158,0,158,2,47,190,0,239,202,0,202,441
09/07/2004,SWF,NY,AEA,EN,Federal Contract Tower,6,51,46,15,118,0,0,89,0,89,6,51,135,15,207,60,10,70,277
09/08/2004,SWF,NY,AEA,EN,Federal Contract Tower,15,58,37,5,115,0,0,0,0,0,15,58,37,5,115,0,0,0,115
09/09/2004,SWF,NY,AEA,EN,Federal Contract Tower,23,55,21,8,107,0,0,54,0,54,23,55,75,8,161,0,0,0,161
09/10/2004,SWF,NY,AEA,EN,Federal Contract Tower,19,62,36,7,124,0,0,144,26,170,19,62,180,33,294,182,16,198,492
09/11/2004,SWF,NY,AEA,EN,Federal Contract Tower,9,41,17,0,67,0,0,136,9,145,9,41,153,9,212,168,0,168,380
09/12/2004,SWF,NY,AEA,EN,Federal Contract Tower,6,48,38,0,92,0,0,219,20,239,6,48,257,20,331,212,4,216,547
09/13/2004,SWF,NY,AEA,EN,Federal Contract Tower,10,42,31,0,83,0,0,129,8,137,10,42,160,8,220,134,0,134,354
09/14/2004,SWF,NY,AEA,EN,Federal Contract Tower,11,57,29,10,107,0,0,91,8,99,11,57,120,18,206,84,0,84,290
09/15/2004,SWF,NY,AEA,EN,Federal Contract Tower,16,55,29,13,113,0,0,110,12,122,16,55,139,25,235,188,12,200,435
09/16/2004,SWF,NY,AEA,EN,Federal Contract Tower,17,58,40,9,124,0,0,95,5,100,17,58,135,14,224,144,0,144,368
09/17/2004,SWF,NY,AEA,EN,Federal Contract Tower,19,57,36,6,118,0,0,0,0,0,19,57,36,6,118,0,0,0,118
09/18/2004,SWF,NY,AEA,EN,Federal Contract Tower,16,48,14,2,80,0,0,9,0,9,16,48,23,2,89,0,0,0,89
09/19/2004,SWF,NY,AEA,EN,Federal Contract Tower,12,51,22,1,86,0,0,111,4,115,12,51,133,5,201,134,0,134,335
09/20/2004,SWF,NY,AEA,EN,Federal Contract Tower,10,48,40,8,106,0,0,122,2,124,10,48,162,10,230,162,0,162,392
09/21/2004,SWF,NY,AEA,EN,Federal Contract Tower,11,53,38,7,109,0,0,85,8,93,11,53,123,15,202,178,0,178,380
09/22/2004,SWF,NY,AEA,EN,Federal Contract Tower,22,59,33,5,119,0,0,141,23,164,22,59,174,28,283,182,4,186,469
09/23/2004,SWF,NY,AEA,EN,Federal Contract Tower,19,58,24,5,106,0,0,141,10,151,19,58,165,15,257,224,10,234,491
09/24/2004,SWF,NY,AEA,EN,Federal Contract Tower,15,55,51,5,126,0,0,117,14,131,15,55,168,19,257,184,24,208,465
09/25/2004,SWF,NY,AEA,EN,Federal Contract Tower,11,51,18,2,82,0,0,124,8,132,11,51,142,10,214,146,0,146,360
09/26/2004,SWF,NY,AEA,EN,Federal Contract Tower,1,63,25,0,89,0,0,200,1,201,1,63,225,1,290,164,0,164,454
09/27/2004,SWF,NY,AEA,EN,Federal Contract Tower,14,45,24,7,90,0,0,66,3,69,14,45,90,10,159,104,0,104,263
09/28/2004,SWF,NY,AEA,EN,Federal Contract Tower,15,58,15,4,92,0,0,7,0,7,15,58,22,4,99,10,0,10,109
09/29/2004,SWF,NY,AEA,EN,Federal Contract Tower,16,61,14,11,102,0,0,47,3,50,16,61,61,14,152,88,0,88,240
09/30/2004,SWF,NY,AEA,EN,Federal Contract Tower,19,0,0,0,19,0,55,35,14,104,19,55,35,14,123,0,0,0,123
10/01/2004,SWF,NY,AEA,EN,Federal Contract Tower,18,56,47,8,129,0,0,113,20,133,18,56,160,28,262,150,20,170,432
10/02/2004,SWF,NY,AEA,EN,Federal Contract Tower,17,43,22,2,84,0,0,53,13,66,17,43,75,15,150,38,0,38,188
10/03/2004,SWF,NY,AEA,EN,Federal Contract Tower,7,46,27,2,82,0,0,157,9,166,7,46,184,11,248,194,0,194,442
10/04/2004,SWF,NY,AEA,EN,Federal Contract Tower,11,50,25,2,88,0,0,89,6,95,11,50,114,8,183,140,0,140,323
10/05/2004,SWF,NY,AEA,EN,Federal Contract Tower,12,61,30,4,107,0,0,126,1,127,12,61,156,5,234,136,0,136,370
10/06/2004,SWF,NY,AEA,EN,Federal Contract Tower,16,47,30,10,103,0,0,83,5,88,16,47,113,15,191,114,0,114,305
10/07/2004,SWF,NY,AEA,EN,Federal Contract Tower,19,61,20,10,110,0,0,192,12,204,19,61,212,22,314,236,0,236,550
10/08/2004,SWF,NY,AEA,EN,Federal Contract Tower,20,54,52,3,129,0,0,178,13,191,20,54,230,16,320,262,18,280,600
10/09/2004,SWF,NY,AEA,EN,Federal Contract Tower,20,45,31,3,99,0,0,180,8,188,20,45,211,11,287,154,0,154,441
10/10/2004,SWF,NY,AEA,EN,Federal Contract Tower,7,51,40,2,100,0,0,154,9,163,7,51,194,11,263,172,0,172,435
10/11/2004,SWF,NY,AEA,EN,Federal Contract Tower,10,46,28,2,86,0,0,88,5,93,10,46,116,7,179,112,4,116,295
10/12/2004,SWF,NY,AEA,EN,Federal Contract Tower,10,52,18,10,90,0,0,113,9,122,10,52,131,19,212,108,12,120,332
10/13/2004,SWF,NY,AEA,EN,Federal Contract Tower,23,52,26,9,110,0,0,94,7,101,23,52,120,16,211,130,18,148,359
10/14/2004,SWF,NY,AEA,EN,Federal Contract Tower,17,52,41,8,118,0,0,87,1,88,17,52,128,9,206,82,0,82,288
10/15/2004,SWF,NY,AEA,EN,Federal Contract Tower,22,58,45,8,133,0,0,17,0,17,22,58,62,8,150,12,0,12,162
10/16/2004,SWF,NY,AEA,EN,Federal Contract Tower,16,46,18,3,83,0,0,96,0,96,16,46,114,3,179,138,0,138,317
10/17/2004,SWF,NY,AEA,EN,Federal Contract Tower,8,58,24,3,93,0,0,63,0,63,8,58,87,3,156,130,0,130,286
10/18/2004,SWF,NY,AEA,EN,Federal Contract Tower,15,55,31,14,115,0,0,99,11,110,15,55,130,25,225,112,32,144,369
10/19/2004,SWF,NY,AEA,EN,Federal Contract Tower,10,50,19,5,84,0,0,1,0,1,10,50,20,5,85,0,0,0,85
10/20/2004,SWF,NY,AEA,EN,Federal Contract Tower,21,54,30,17,122,0,16,97,12,125,21,70,127,29,247,156,78,234,481
10/21/2004,SWF,NY,AEA,EN,Federal Contract Tower,19,57,29,14,119,0,0,94,14,108,19,57,123,28,227,106,32,138,365
10/22/2004,SWF,NY,AEA,EN,Federal Contract Tower,17,61,39,2,119,0,0,159,15,174,17,61,198,17,293,176,0,176,469
10/23/2004,SWF,NY,AEA,EN,Federal Contract Tower,19,51,32,10,112,0,0,195,8,203,19,51,227,18,315,196,24,220,535
10/24/2004,SWF,NY,AEA,EN,Federal Contract Tower,8,52,40,3,103,0,0,58,3,61,8,52,98,6,164,130,0,130,294
10/25/2004,SWF,NY,AEA,EN,Federal Contract Tower,12,45,41,5,103,0,0,89,5,94,12,45,130,10,197,200,36,236,433
10/26/2004,SWF,NY,AEA,EN,Federal Contract Tower,10,48,19,2,79,0,0,79,9,88,10,48,98,11,167,88,24,112,279
10/27/2004,SWF,NY,AEA,EN,Federal Contract Tower,21,56,35,21,133,0,0,144,15,159,21,56,179,36,292,132,6,138,430
10/28/2004,SWF,NY,AEA,EN,Federal Contract Tower,17,51,37,4,109,0,0,114,4,118,17,51,151,8,227,120,0,120,347
10/29/2004,SWF,NY,AEA,EN,Federal Contract Tower,21,51,46,4,122,0,0,90,8,98,21,51,136,12,220,52,0,52,272
10/30/2004,SWF,NY,AEA,EN,Federal Contract Tower,23,51,29,2,105,0,0,0,0,0,23,51,29,2,105,0,0,0,105
10/31/2004,SWF,NY,AEA,EN,Federal Contract Tower,9,50,30,0,89,0,0,64,0,64,9,50,94,0,153,114,0,114,267
11/01/2004,SWF,NY,AEA,EN,Federal Contract Tower,13,45,37,5,100,0,0,161,10,171,13,45,198,15,271,178,10,188,459
11/02/2004,SWF,NY,AEA,EN,Federal Contract Tower,9,46,35,5,95,0,0,85,8,93,9,46,120,13,188,66,0,66,254
11/03/2004,SWF,NY,AEA,EN,Federal Contract Tower,19,53,17,5,94,0,0,131,6,137,19,53,148,11,231,124,0,124,355
11/04/2004,SWF,NY,AEA,EN,Federal Contract Tower,22,56,26,9,113,0,0,44,0,44,22,56,70,9,157,58,0,58,215
11/05/2004,SWF,NY,AEA,EN,Federal Contract Tower,17,53,38,12,120,0,0,80,0,80,17,53,118,12,200,0,0,0,200
11/06/2004,SWF,NY,AEA,EN,Federal Contract Tower,18,46,35,9,108,0,0,145,17,162,18,46,180,26,270,180,0,180,450
11/07/2004,SWF,NY,AEA,EN,Federal Contract Tower,4,46,44,7,101,0,0,64,0,64,4,46,108,7,165,106,4,110,275
11/08/2004,SWF,NY,AEA,EN,Federal Contract Tower,9,42,35,4,90,0,0,80,6,86,9,42,115,10,176,82,0,82,258
11/09/2004,SWF,NY,AEA,EN,Federal Contract Tower,13,51,25,11,100,0,0,136,9,145,13,51,161,20,245,134,10,144,389
11/10/2004,SWF,NY,AEA,EN,Federal Contract Tower,20,59,33,12,124,0,0,99,1,100,20,59,132,13,224,140,14,154,378
11/11/2004,SWF,NY,AEA,EN,Federal Contract Tower,20,48,17,1,86,0,0,132,8,140,20,48,149,9,226,136,0,136,362
11/12/2004,SWF,NY,AEA,EN,Federal Contract Tower,18,48,18,4,88,0,0,24,0,24,18,48,42,4,112,0,0,0,112
11/13/2004,SWF,NY,AEA,EN,Federal Contract Tower,16,45,11,1,73,0,0,39,0,39,16,45,50,1,112,40,0,40,152
11/14/2004,SWF,NY,AEA,EN,Federal Contract Tower,8,48,17,0,73,0,0,50,0,50,8,48,67,0,123,112,0,112,235
11/15/2004,SWF,NY,AEA,EN,Federal Contract Tower,10,54,17,2,83,0,0,94,1,95,10,54,111,3,178,130,0,130,308
11/16/2004,SWF,NY,AEA,EN,Federal Contract Tower,11,57,17,5,90,0,0,169,11,180,11,57,186,16,270,210,16,226,496
11/17/2004,SWF,NY,AEA,EN,Federal Contract Tower,21,50,48,6,125,0,0,121,14,135,21,50,169,20,260,148,56,204,464
11/18/2004,SWF,NY,AEA,EN,Federal Contract Tower,19,54,50,9,132,0,0,115,8,123,19,54,165,17,255,134,0,134,389
11/19/2004,SWF,NY,AEA,EN,Federal Contract Tower,25,55,45,5,130,0,0,151,16,167,25,55,196,21,297,228,6,234,531
11/20/2004,SWF,NY,AEA,EN,Federal Contract Tower,15,48,29,1,93,0,0,24,4,28,15,48,53,5,121,14,0,14,135
11/21/2004,SWF,NY,AEA,EN,Federal Contract Tower,9,42,30,0,81,0,0,29,0,29,9,42,59,0,110,0,0,0,110
11/22/2004,SWF,NY,AEA,EN,Federal Contract Tower,15,56,26,7,104,0,0,126,7,133,15,56,152,14,237,188,0,188,425
11/23/2004,SWF,NY,AEA,EN,Federal Contract Tower,8,51,37,7,103,0,0,116,12,128,8,51,153,19,231,100,10,110,341
11/24/2004,SWF,NY,AEA,EN,Federal Contract Tower,20,52,24,15,111,0,0,16,0,16,20,52,40,15,127,10,12,22,149
11/25/2004,SWF,NY,AEA,EN,Federal Contract Tower,3,45,11,1,60,0,0,84,1,85,3,45,95,2,145,10,0,10,155
11/26/2004,SWF,NY,AEA,EN,Federal Contract Tower,15,40,18,5,78,0,0,107,0,107,15,40,125,5,185,168,0,168,353
11/27/2004,SWF,NY,AEA,EN,Federal Contract Tower,16,41,14,0,71,0,0,83,0,83,16,41,97,0,154,72,0,72,226
11/28/2004,SWF,NY,AEA,EN,Federal Contract Tower,14,47,29,0,90,0,0,8,0,8,14,47,37,0,98,2,0,2,100
11/29/2004,SWF,NY,AEA,EN,Federal Contract Tower,17,46,20,2,85,0,0,141,6,147,17,46,161,8,232,166,0,166,398
11/30/2004,SWF,NY,AEA,EN,Federal Contract Tower,9,48,27,7,91,0,0,110,8,118,9,48,137,15,209,138,0,138,347
12/01/2004,SWF,NY,AEA,EN,Federal Contract Tower,13,55,20,9,97,0,0,40,1,41,13,55,60,10,138,0,0,0,138
12/02/2004,SWF,NY,AEA,EN,Federal Contract Tower,11,54,41,22,128,0,0,165,1,166,11,54,206,23,294,174,46,220,514
12/03/2004,SWF,NY,AEA,EN,Federal Contract Tower,10,52,24,9,95,0,0,96,0,96,10,52,120,9,191,104,14,118,309
12/04/2004,SWF,NY,AEA,EN,Federal Contract Tower,10,47,24,1,82,0,0,159,0,159,10,47,183,1,241,172,0,172,413
12/05/2004,SWF,NY,AEA,EN,Federal Contract Tower,2,42,22,2,68,0,0,53,2,55,2,42,75,4,123,80,4,84,207
12/06/2004,SWF,NY,AEA,EN,Federal Contract Tower,4,50,10,1,65,0,0,22,6,28,4,50,32,7,93,12,0,12,105
12/07/2004,SWF,NY,AEA,EN,Federal Contract Tower,13,55,15,8,91,0,0,0,0,0,13,55,15,8,91,0,0,0,91
12/08/2004,SWF,NY,AEA,EN,Federal Contract Tower,15,56,27,8,106,0,0,116,0,116,15,56,143,8,222,92,8,100,322
12/09/2004,SWF,NY,AEA,EN,Federal Contract Tower,12,54,28,15,109,0,0,123,0,123,12,54,151,15,232,108,48,156,388
12/10/2004,SWF,NY,AEA,EN,Federal Contract Tower,13,50,18,16,97,0,0,0,0,0,13,50,18,16,97,0,0,0,97
12/11/2004,SWF,NY,AEA,EN,Federal Contract Tower,9,45,23,0,77,0,0,55,0,55,9,45,78,0,132,8,0,8,140
12/12/2004,SWF,NY,AEA,EN,Federal Contract Tower,0,41,24,2,67,0,0,68,1,69,0,41,92,3,136,136,0,136,272
12/13/2004,SWF,NY,AEA,EN,Federal Contract Tower,5,57,17,3,82,0,0,94,4,98,5,57,111,7,180,86,16,102,282
12/14/2004,SWF,NY,AEA,EN,Federal Contract Tower,11,51,27,6,95,0,0,113,11,124,11,51,140,17,219,90,0,90,309
12/15/2004,SWF,NY,AEA,EN,Federal Contract Tower,12,52,36,12,112,0,0,178,12,190,12,52,214,24,302,158,36,194,496
12/16/2004,SWF,NY,AEA,EN,Federal Contract Tower,15,53,34,5,107,0,0,79,8,87,15,53,113,13,194,104,2,106,300
12/17/2004,SWF,NY,AEA,EN,Federal Contract Tower,12,43,19,7,81,0,0,72,9,81,12,43,91,16,162,100,8,108,270
12/18/2004,SWF,NY,AEA,EN,Federal Contract Tower,8,37,27,2,74,0,0,80,8,88,8,37,107,10,162,122,4,126,288
12/19/2004,SWF,NY,AEA,EN,Federal Contract Tower,1,35,15,1,52,0,0,0,0,0,1,35,15,1,52,0,0,0,52
12/20/2004,SWF,NY,AEA,EN,Federal Contract Tower,2,37,18,3,60,0,0,49,6,55,2,37,67,9,115,52,0,52,167
12/21/2004,SWF,NY,AEA,EN,Federal Contract Tower,14,53,36,15,118,0,0,95,20,115,14,53,131,35,233,62,80,142,375
12/22/2004,SWF,NY,AEA,EN,Federal Contract Tower,16,43,30,11,100,0,0,157,2,159,16,43,187,13,259,142,28,170,429
12/23/2004,SWF,NY,AEA,EN,Federal Contract Tower,12,45,7,2,66,0,0,0,0,0,12,45,7,2,66,0,0,0,66
12/24/2004,SWF,NY,AEA,EN,Federal Contract Tower,10,39,5,0,54,0,0,84,2,86,10,39,89,2,140,94,12,106,246
12/25/2004,SWF,NY,AEA,EN,Federal Contract Tower,0,31,4,0,35,0,0,84,1,85,0,31,88,1,120,56,0,56,176
12/26/2004,SWF,NY,AEA,EN,Federal Contract Tower,2,33,20,1,56,0,0,41,0,41,2,33,61,1,97,46,0,46,143
12/27/2004,SWF,NY,AEA,EN,Federal Contract Tower,8,43,19,2,72,0,0,89,6,95,8,43,108,8,167,28,26,54,221
12/28/2004,SWF,NY,AEA,EN,Federal Contract Tower,11,50,26,4,91,0,0,71,5,76,11,50,97,9,167,88,10,98,265
12/29/2004,SWF,NY,AEA,EN,Federal Contract Tower,13,46,21,4,84,0,0,143,4,147,13,46,164,8,231,136,12,148,379
12/30/2004,SWF,NY,AEA,EN,Federal Contract Tower,11,44,22,1,78,0,0,74,0,74,11,44,96,1,152,88,0,88,240
12/31/2004,SWF,NY,AEA,EN,Federal Contract Tower,12,34,13,1,60,0,0,70,0,70,12,34,83,1,130,116,0,116,246
01/01/2005,SWF,NY,AEA,EN,Federal Contract Tower,0,38,15,0,53,0,0,49,0,49,0,38,64,0,102,98,0,98,200
01/02/2005,SWF,NY,AEA,EN,Federal Contract Tower,0,44,14,3,61,0,0,88,5,93,0,44,102,8,154,132,0,132,286
01/03/2005,SWF,NY,AEA,EN,Federal Contract Tower,2,49,24,0,75,0,0,35,1,36,2,49,59,1,111,30,0,30,141
01/04/2005,SWF,NY,AEA,EN,Federal Contract Tower,10,52,26,5,93,0,0,102,0,102,10,52,128,5,195,52,0,52,247
01/05/2005,SWF,NY,AEA,EN,Federal Contract Tower,10,44,20,5,79,0,0,0,0,0,10,44,20,5,79,0,0,0,79
01/06/2005,SWF,NY,AEA,EN,Federal Contract Tower,14,28,8,1,51,0,0,0,0,0,14,28,8,1,51,0,0,0,51
01/07/2005,SWF,NY,AEA,EN,Federal Contract Tower,11,53,27,5,96,0,2,77,2,81,11,55,104,7,177,92,0,92,269
01/08/2005,SWF,NY,AEA,EN,Federal Contract Tower,8,41,4,4,57,0,0,0,0,0,8,41,4,4,57,0,0,0,57
01/09/2005,SWF,NY,AEA,EN,Federal Contract Tower,0,40,26,7,73,0,0,52,2,54,0,40,78,9,127,24,0,24,151
01/10/2005,SWF,NY,AEA,EN,Federal Contract Tower,2,45,28,3,78,0,0,49,2,51,2,45,77,5,129,34,8,42,171
01/11/2005,SWF,NY,AEA,EN,Federal Contract Tower,9,41,15,9,74,0,0,43,3,46,9,41,58,12,120,22,0,22,142
01/12/2005,SWF,NY,AEA,EN,Federal Contract Tower,15,50,10,2,77,0,0,0,0,0,15,50,10,2,77,0,0,0,77
01/13/2005,SWF,NY,AEA,EN,Federal Contract Tower,1,13,9,0,23,0,0,0,0,0,1,13,9,0,23,0,0,0,23
01/14/2005,SWF,NY,AEA,EN,Federal Contract Tower,12,38,29,3,82,0,2,47,0,49,12,40,76,3,131,0,0,0,131
01/15/2005,SWF,NY,AEA,EN,Federal Contract Tower,11,35,21,7,74,0,0,171,21,192,11,35,192,28,266,196,34,230,496
01/16/2005,SWF,NY,AEA,EN,Federal Contract Tower,0,34,14,3,51,0,0,123,3,126,0,34,137,6,177,168,0,168,345
01/17/2005,SWF,NY,AEA,EN,Federal Contract Tower,3,39,11,3,56,0,0,54,5,59,3,39,65,8,115,16,0,16,131
01/18/2005,SWF,NY,AEA,EN,Federal Contract Tower,10,45,16,6,77,0,0,109,4,113,10,45,125,10,190,126,16,142,332
01/19/2005,SWF,NY,AEA,EN,Federal Contract Tower,9,44,17,6,76,0,0,12,5,17,9,44,29,11,93,30,4,34,127
01/20/2005,SWF,NY,AEA,EN,Federal Contract Tower,11,40,20,12,83,0,0,77,13,90,11,40,97,25,173,114,8,122,295
01/21/2005,SWF,NY,AEA,EN,Federal Contract Tower,10,41,23,8,82,0,2,71,1,74,10,43,94,9,156,124,0,124,280
01/22/2005,SWF,NY,AEA,EN,Federal Contract Tower,8,11,11,1,31,0,0,10,0,10,8,11,21,1,41,28,0,28,69
01/23/2005,SWF,NY,AEA,EN,Federal Contract Tower,2,11,7,1,21,0,0,0,0,0,2,11,7,1,21,0,0,0,21
01/24/2005,SWF,NY,AEA,EN,Federal Contract Tower,3,38,22,6,69,0,0,116,4,120,3,38,138,10,189,88,0,88,277
01/25/2005,SWF,NY,AEA,EN,Federal Contract Tower,9,52,42,9,112,0,2,78,10,90,9,54,120,19,202,98,12,110,312
01/26/2005,SWF,NY,AEA,EN,Federal Contract Tower,16,43,27,2,88,0,0,17,0,17,16,43,44,2,105,18,0,18,123
01/27/2005,SWF,NY,AEA,EN,Federal Contract Tower,10,40,27,6,83,0,1,84,7,92,10,41,111,13,175,116,10,126,301
01/28/2005,SWF,NY,AEA,EN,Federal Contract Tower,12,47,22,5,86,0,0,154,5,159,12,47,176,10,245,196,6,202,447
01/29/2005,SWF,NY,AEA,EN,Federal Contract Tower,9,37,39,2,87,0,2,91,2,95,9,39,130,4,182,198,0,198,380
01/30/2005,SWF,NY,AEA,EN,Federal Contract Tower,0,39,18,2,59,0,0,130,0,130,0,39,148,2,189,178,0,178,367
01/31/2005,SWF,NY,AEA,EN,Federal Contract Tower,2,54,22,0,78,0,0,177,5,182,2,54,199,5,260,180,8,188,448
02/01/2005,SWF,NY,AEA,EN,Federal Contract Tower,11,45,32,7,95,0,5,104,8,117,11,50,136,15,212,120,0,120,332
02/02/2005,SWF,NY,AEA,EN,Federal Contract Tower,12,53,22,6,93,0,0,186,9,195,12,53,208,15,288,182,8,190,478
02/03/2005,SWF,NY,AEA,EN,Federal Contract Tower,10,59,40,11,120,0,4,100,2,106,10,63,140,13,226,138,0,138,364
02/04/2005,SWF,NY,AEA,EN,Federal Contract Tower,12,51,23,7,93,0,0,143,11,154,12,51,166,18,247,144,30,174,421
02/05/2005,SWF,NY,AEA,EN,Federal Contract Tower,9,38,32,5,84,0,1,125,5,131,9,39,157,10,215,154,24,178,393
02/06/2005,SWF,NY,AEA,EN,Federal Contract Tower,0,40,49,4,93,0,0,154,1,155,0,40,203,5,248,198,18,216,464
02/07/2005,SWF,NY,AEA,EN,Federal Contract Tower,2,51,23,0,76,0,0,182,1,183,2,51,205,1,259,100,0,100,359
02/08/2005,SWF,NY,AEA,EN,Federal Contract Tower,10,45,23,5,83,0,5,70,6,81,10,50,93,11,164,84,0,84,248
02/09/2005,SWF,NY,AEA,EN,Federal Contract Tower,12,55,15,7,89,0,0,95,8,103,12,55,110,15,192,142,0,142,334
02/10/2005,SWF,NY,AEA,EN,Federal Contract Tower,11,45,12,8,76,0,0,23,0,23,11,45,35,8,99,22,0,22,121
02/11/2005,SWF,NY,AEA,EN,Federal Contract Tower,13,45,22,4,84,0,0,128,2,130,13,45,150,6,214,86,0,86,300
02/12/2005,SWF,NY,AEA,EN,Federal Contract Tower,8,33,17,6,64,0,4,74,3,81,8,37,91,9,145,52,16,68,213
02/13/2005,SWF,NY,AEA,EN,Federal Contract Tower,0,37,41,2,80,0,0,173,3,176,0,37,214,5,256,196,4,200,456
02/14/2005,SWF,NY,AEA,EN,Federal Contract Tower,4,48,21,4,77,0,0,20,0,20,4,48,41,4,97,18,0,18,115
02/15/2005,SWF,NY,AEA,EN,Federal Contract Tower,10,45,24,10,89,0,1,71,3,75,10,46,95,13,164,168,0,168,332
02/16/2005,SWF,NY,AEA,EN,Federal Contract Tower,10,47,27,4,88,0,1,53,0,54,10,48,80,4,142,52,0,52,194
02/17/2005,SWF,NY,AEA,EN,Federal Contract Tower,11,52,26,18,107,0,0,169,8,177,11,52,195,26,284,184,68,252,536
02/18/2005,SWF,NY,AEA,EN,Federal Contract Tower,10,50,34,5,99,0,0,73,1,74,10,50,107,6,173,84,14,98,271
02/19/2005,SWF,NY,AEA,EN,Federal Contract Tower,8,38,19,3,68,0,0,132,1,133,8,38,151,4,201,104,10,114,315
02/20/2005,SWF,NY,AEA,EN,Federal Contract Tower,0,41,29,1,71,0,0,180,0,180,0,41,209,1,251,176,0,176,427
02/21/2005,SWF,NY,AEA,EN,Federal Contract Tower,2,41,10,0,53,0,0,0,0,0,2,41,10,0,53,0,0,0,53
02/22/2005,SWF,NY,AEA,EN,Federal Contract Tower,12,48,23,4,87,0,0,32,2,34,12,48,55,6,121,48,4,52,173
02/23/2005,SWF,NY,AEA,EN,Federal Contract Tower,12,50,26,9,97,0,9,117,4,130,12,59,143,13,227,160,10,170,397
02/24/2005,SWF,NY,AEA,EN,Federal Contract Tower,13,47,21,11,92,0,0,122,2,124,13,47,143,13,216,98,10,108,324
02/25/2005,SWF,NY,AEA,EN,Federal Contract Tower,8,51,29,10,98,0,7,95,0,102,8,58,124,10,200,128,16,144,344
02/26/2005,SWF,NY,AEA,EN,Federal Contract Tower,10,40,15,0,65,0,0,35,0,35,10,40,50,0,100,78,0,78,178
02/27/2005,SWF,NY,AEA,EN,Federal Contract Tower,0,42,26,2,70,0,0,160,0,160,0,42,186,2,230,196,0,196,426
02/28/2005,SWF,NY,AEA,EN,Federal Contract Tower,1,43,27,5,76,0,1,34,2,37,1,44,61,7,113,36,12,48,161
03/01/2005,SWF,NY,AEA,EN,Federal Contract Tower,11,37,11,1,60,0,0,0,0,0,11,37,11,1,60,0,0,0,60
03/02/2005,SWF,NY,AEA,EN,Federal Contract Tower,11,52,11,4,78,0,8,43,0,51,11,60,54,4,129,0,0,0,129
03/03/2005,SWF,NY,AEA,EN,Federal Contract Tower,11,61,18,7,97,0,0,96,12,108,11,61,114,19,205,28,32,60,265
03/04/2005,SWF,NY,AEA,EN,Federal Contract Tower,12,53,45,2,112,0,0,81,8,89,12,53,126,10,201,116,6,122,323
03/05/2005,SWF,NY,AEA,EN,Federal Contract Tower,8,43,29,3,83,0,2,137,10,149,8,45,166,13,232,118,0,118,350
03/06/2005,SWF,NY,AEA,EN,Federal Contract Tower,0,36,20,5,61,0,0,55,4,59,0,36,75,9,120,54,0,54,174
03/07/2005,SWF,NY,AEA,EN,Federal Contract Tower,2,50,26,10,88,0,0,156,6,162,2,50,182,16,250,148,18,166,416
03/08/2005,SWF,NY,AEA,EN,Federal Contract Tower,12,53,17,0,82,0,0,2,0,2,12,53,19,0,84,0,0,0,84
03/09/2005,SWF,NY,AEA,EN,Federal Contract Tower,13,62,30,4,109,0,0,124,5,129,13,62,154,9,238,110,6,116,354
03/10/2005,SWF,NY,AEA,EN,Federal Contract Tower,10,53,34,10,107,0,5,91,9,105,10,58,125,19,212,124,10,134,346
03/11/2005,SWF,NY,AEA,EN,Federal Contract Tower,8,43,15,8,74,0,0,0,0,0,8,43,15,8,74,0,0,0,74
03/12/2005,SWF,NY,AEA,EN,Federal Contract Tower,9,50,11,0,70,0,0,78,0,78,9,50,89,0,148,68,0,68,216
03/13/2005,SWF,NY,AEA,EN,Federal Contract Tower,2,44,27,2,75,0,1,82,1,84,2,45,109,3,159,134,6,140,299
03/14/2005,SWF,NY,AEA,EN,Federal Contract Tower,2,45,23,9,79,0,0,68,2,70,2,45,91,11,149,120,0,120,269
03/15/2005,SWF,NY,AEA,EN,Federal Contract Tower,10,53,18,10,91,0,10,118,0,128,10,63,136,10,219,150,14,164,383
03/16/2005,SWF,NY,AEA,EN,Federal Contract Tower,13,50,22,16,101,0,0,162,5,167,13,50,184,21,268,186,42,228,496
03/17/2005,SWF,NY,AEA,EN,Federal Contract Tower,10,51,21,9,91,0,3,88,3,94,10,54,109,12,185,118,24,142,327
03/18/2005,SWF,NY,AEA,EN,Federal Contract Tower,9,51,33,6,99,0,0,73,8,81,9,51,106,14,180,124,10,134,314
03/19/2005,SWF,NY,AEA,EN,Federal Contract Tower,8,42,28,5,83,0,1,160,1,162,8,43,188,6,245,166,0,166,411
03/20/2005,SWF,NY,AEA,EN,Federal Contract Tower,0,34,24,7,65,0,0,0,0,0,0,34,24,7,65,0,0,0,65
03/21/2005,SWF,NY,AEA,EN,Federal Contract Tower,2,45,16,3,66,0,0,80,0,80,2,45,96,3,146,12,0,12,158
03/22/2005,SWF,NY,AEA,EN,Federal Contract Tower,10,58,21,11,100,0,8,132,23,163,10,66,153,34,263,170,10,180,443
03/23/2005,SWF,NY,AEA,EN,Federal Contract Tower,13,49,34,5,101,0,0,83,2,85,13,49,117,7,186,70,0,70,256
03/24/2005,SWF,NY,AEA,EN,Federal Contract Tower,12,56,37,11,116,0,7,50,0,57,12,63,87,11,173,50,64,114,287
03/25/2005,SWF,NY,AEA,EN,Federal Contract Tower,9,44,26,5,84,0,0,69,0,69,9,44,95,5,153,86,0,86,239
03/26/2005,SWF,NY,AEA,EN,Federal Contract Tower,8,38,20,1,67,0,0,124,0,124,8,38,144,1,191,118,0,118,309
03/27/2005,SWF,NY,AEA,EN,Federal Contract Tower,0,41,15,1,57,0,0,53,0,53,0,41,68,1,110,124,0,124,234
03/28/2005,SWF,NY,AEA,EN,Federal Contract Tower,3,42,19,8,72,0,0,0,0,0,3,42,19,8,72,0,0,0,72
03/29/2005,SWF,NY,AEA,EN,Federal Contract Tower,11,53,22,8,94,0,0,107,6,113,11,53,129,14,207,106,58,164,371
03/30/2005,SWF,NY,AEA,EN,Federal Contract Tower,10,58,35,8,111,0,3,100,16,119,10,61,135,24,230,136,20,156,386
03/31/2005,SWF,NY,AEA,EN,Federal Contract Tower,12,50,14,13,89,0,0,122,11,133,12,50,136,24,222,144,26,170,392
04/01/2005,SWF,NY,AEA,EN,Federal Contract Tower,12,53,29,8,102,0,0,107,6,113,12,53,136,14,215,74,0,74,289
04/02/2005,SWF,NY,AEA,EN,Federal Contract Tower,10,44,9,3,66,0,0,0,0,0,10,44,9,3,66,0,0,0,66
04/03/2005,SWF,NY,AEA,EN,Federal Contract Tower,2,43,20,1,66,0,0,7,0,7,2,43,27,1,73,4,0,4,77
04/04/2005,SWF,NY,AEA,EN,Federal Contract Tower,2,53,17,14,86,0,1,79,17,97,2,54,96,31,183,48,10,58,241
04/05/2005,SWF,NY,AEA,EN,Federal Contract Tower,9,54,31,16,110,0,2,218,35,255,9,56,249,51,365,252,68,320,685
04/06/2005,SWF,NY,AEA,EN,Federal Contract Tower,13,47,40,8,108,0,8,130,11,149,13,55,170,19,257,162,36,198,455
04/07/2005,SWF,NY,AEA,EN,Federal Contract Tower,12,59,27,12,110,0,4,137,6,147,12,63,164,18,257,134,16,150,407
04/08/2005,SWF,NY,AEA,EN,Federal Contract Tower,10,52,32,6,100,0,6,178,6,190,10,58,210,12,290,140,6,146,436
04/09/2005,SWF,NY,AEA,EN,Federal Contract Tower,8,48,14,0,70,0,0,199,7,206,8,48,213,7,276,206,24,230,506
04/10/2005,SWF,NY,AEA,EN,Federal Contract Tower,0,45,28,0,73,0,7,161,8,176,0,52,189,8,249,232,20,252,501
04/11/2005,SWF,NY,AEA,EN,Federal Contract Tower,2,48,31,6,87,0,2,129,12,143,2,50,160,18,230,168,18,186,416
04/12/2005,SWF,NY,AEA,EN,Federal Contract Tower,10,53,31,10,104,0,6,182,17,205,10,59,213,27,309,260,56,316,625
04/13/2005,SWF,NY,AEA,EN,Federal Contract Tower,12,46,22,10,90,0,15,181,17,213,12,61,203,27,303,242,42,284,587
04/14/2005,SWF,NY,AEA,EN,Federal Contract Tower,10,53,30,6,99,0,9,153,30,192,10,62,183,36,291,220,60,280,571
04/15/2005,SWF,NY,AEA,EN,Federal Contract Tower,10,48,22,10,90,0,5,205,13,223,10,53,227,23,313,186,44,230,543
04/16/2005,SWF,NY,AEA,EN,Federal Contract Tower,11,49,24,4,88,0,3,173,9,185,11,52,197,13,273,216,22,238,511
04/17/2005,SWF,NY,AEA,EN,Federal Contract Tower,0,42,8,1,51,0,10,229,8,247,0,52,237,9,298,262,10,272,570
04/18/2005,SWF,NY,AEA,EN,Federal Contract Tower,2,57,24,5,88,0,18,183,27,228,2,75,207,32,316,216,52,268,584
04/19/2005,SWF,NY,AEA,EN,Federal Contract Tower,10,52,26,7,95,0,19,190,24,233,10,71,216,31,328,200,32,232,560
04/20/2005,SWF,NY,AEA,EN,Federal Contract Tower,13,47,29,7,96,0,5,143,25,173,13,52,172,32,269,136,28,164,433
04/21/2005,SWF,NY,AEA,EN,Federal Contract Tower,15,60,26,6,107,0,7,153,8,168,15,67,179,14,275,170,26,196,471
04/22/2005,SWF,NY,AEA,EN,Federal Contract Tower,11,51,33,8,103,0,3,134,4,141,11,54,167,12,244,128,10,138,382
04/23/2005,SWF,NY,AEA,EN,Federal Contract Tower,7,51,21,5,84,0,0,0,0,0,7,51,21,5,84,0,0,0,84
04/24/2005,SWF,NY,AEA,EN,Federal Contract Tower,1,48,26,3,78,0,12,101,0,113,1,60,127,3,191,138,0,138,329
04/25/2005,SWF,NY,AEA,EN,Federal Contract Tower,3,48,30,11,92,0,18,159,27,204,3,66,189,38,296,222,28,250,546
04/26/2005,SWF,NY,AEA,EN,Federal Contract Tower,12,55,29,10,106,0,15,169,22,206,12,70,198,32,312,202,26,228,540
04/27/2005,SWF,NY,AEA,EN,Federal Contract Tower,12,56,27,7,102,0,0,19,1,20,12,56,46,8,122,16,0,16,138
04/28/2005,SWF,NY,AEA,EN,Federal Contract Tower,9,56,24,7,96,0,8,118,15,141,9,64,142,22,237,144,4,148,385
04/29/2005,SWF,NY,AEA,EN,Federal Contract Tower,12,56,27,20,115,0,3,102,17,122,12,59,129,37,237,152,72,224,461
04/30/2005,SWF,NY,AEA,EN,Federal Contract Tower,0,24,15,0,39,7,29,6,0,42,7,53,21,0,81,0,0,0,81
05/01/2005,SWF,NY,AEA,EN,Federal Contract Tower,0,50,16,4,70,0,1,60,3,64,0,51,76,7,134,140,6,146,280
05/02/2005,SWF,NY,AEA,EN,Federal Contract Tower,2,45,28,11,86,0,11,121,9,141,2,56,149,20,227,140,14,154,381
05/03/2005,SWF,NY,AEA,EN,Federal Contract Tower,9,43,27,19,98,0,9,129,13,151,9,52,156,32,249,154,112,266,515
05/04/2005,SWF,NY,AEA,EN,Federal Contract Tower,12,47,35,25,119,0,26,163,51,240,12,73,198,76,359,160,62,222,581
05/05/2005,SWF,NY,AEA,EN,Federal Contract Tower,11,53,32,16,112,0,12,160,32,204,11,65,192,48,316,148,28,176,492
05/06/2005,SWF,NY,AEA,EN,Federal Contract Tower,10,42,39,16,107,0,2,106,30,138,10,44,145,46,245,138,38,176,421
05/07/2005,SWF,NY,AEA,EN,Federal Contract Tower,8,44,13,0,65,0,2,50,0,52,8,46,63,0,117,66,4,70,187
05/08/2005,SWF,NY,AEA,EN,Federal Contract Tower,0,40,23,2,65,0,4,110,3,117,0,44,133,5,182,58,0,58,240
05/09/2005,SWF,NY,AEA,EN,Federal Contract Tower,2,45,19,3,69,0,4,120,8,132,2,49,139,11,201,146,0,146,347
05/10/2005,SWF,NY,AEA,EN,Federal Contract Tower,10,50,26,15,101,0,4,118,14,136,10,54,144,29,237,132,22,154,391
05/11/2005,SWF,NY,AEA,EN,Federal Contract Tower,11,53,33,13,110,0,5,109,7,121,11,58,142,20,231,84,12,96,327
05/12/2005,SWF,NY,AEA,EN,Federal Contract Tower,11,58,27,7,103,0,2,95,0,97,11,60,122,7,200,88,0,88,288
05/13/2005,SWF,NY,AEA,EN,Federal Contract Tower,10,38,19,10,77,0,2,100,0,102,10,40,119,10,179,126,8,134,313
05/14/2005,SWF,NY,AEA,EN,Federal Contract Tower,9,40,36,3,88,0,5,84,2,91,9,45,120,5,179,164,0,164,343
05/15/2005,SWF,NY,AEA,EN,Federal Contract Tower,5,37,21,3,66,0,7,87,5,99,5,44,108,8,165,84,0,84,249
05/16/2005,SWF,NY,AEA,EN,Federal Contract Tower,2,39,22,2,65,0,11,94,6,111,2,50,116,8,176,92,8,100,276
05/17/2005,SWF,NY,AEA,EN,Federal Contract Tower,14,46,26,13,99,0,6,128,10,144,14,52,154,23,243,154,14,168,411
05/18/2005,SWF,NY,AEA,EN,Federal Contract Tower,15,52,34,12,113,0,4,139,12,155,15,56,173,24,268,142,18,160,428
05/19/2005,SWF,NY,AEA,EN,Federal Contract Tower,12,47,24,8,91,0,8,115,12,135,12,55,139,20,226,122,4,126,352
05/20/2005,SWF,NY,AEA,EN,Federal Contract Tower,10,49,22,10,91,0,4,40,13,57,10,53,62,23,148,980,22,1002,1150
05/21/2005,SWF,NY,AEA,EN,Federal Contract Tower,12,47,9,6,74,0,14,108,9,131,12,61,117,15,205,156,14,170,375
05/22/2005,SWF,NY,AEA,EN,Federal Contract Tower,0,15,16,1,32,0,29,22,2,53,0,44,38,3,85,0,0,0,85
05/23/2005,SWF,NY,AEA,EN,Federal Contract Tower,2,44,32,12,90,0,3,51,1,55,2,47,83,13,145,24,4,28,173
05/24/2005,SWF,NY,AEA,EN,Federal Contract Tower,10,58,32,9,109,0,10,33,6,49,10,68,65,15,158,8,0,8,166
05/25/2005,SWF,NY,AEA,EN,Federal Contract Tower,12,52,41,6,111,0,0,59,1,60,12,52,100,7,171,6,0,6,177
05/26/2005,SWF,NY,AEA,EN,Federal Contract Tower,10,54,41,18,123,0,3,40,0,43,10,57,81,18,166,28,8,36,202
05/27/2005,SWF,NY,AEA,EN,Federal Contract Tower,10,51,37,5,103,0,5,75,4,84,10,56,112,9,187,84,8,92,279
05/28/2005,SWF,NY,AEA,EN,Federal Contract Tower,6,42,12,6,66,0,4,61,4,69,6,46,73,10,135,62,0,62,197
05/29/2005,SWF,NY,AEA,EN,Federal Contract Tower,0,40,24,1,65,0,8,114,0,122,0,48,138,1,187,116,0,116,303
05/30/2005,SWF,NY,AEA,EN,Federal Contract Tower,0,46,20,5,71,0,11,95,11,117,0,57,115,16,188,104,8,112,300
05/31/2005,SWF,NY,AEA,EN,Federal Contract Tower,3,48,26,3,80,0,6,153,6,165,3,54,179,9,245,114,0,114,359
06/01/2005,SWF,NY,AEA,EN,Federal Contract Tower,11,48,23,4,86,0,5,90,16,111,11,53,113,20,197,92,38,130,327
06/02/2005,SWF,NY,AEA,EN,Federal Contract Tower,11,47,31,16,105,0,5,135,14,154,11,52,166,30,259,162,20,182,441
06/03/2005,SWF,NY,AEA,EN,Federal Contract Tower,11,46,38,13,108,0,4,76,15,95,11,50,114,28,203,92,28,120,323
06/04/2005,SWF,NY,AEA,EN,Federal Contract Tower,6,42,17,5,70,0,15,176,15,206,6,57,193,20,276,206,110,316,592
06/05/2005,SWF,NY,AEA,EN,Federal Contract Tower,0,37,20,8,65,0,20,155,14,189,0,57,175,22,254,186,58,244,498
06/06/2005,SWF,NY,AEA,EN,Federal Contract Tower,1,40,31,4,76,0,3,49,6,58,1,43,80,10,134,36,0,36,170
06/07/2005,SWF,NY,AEA,EN,Federal Contract Tower,12,49,42,8,111,0,7,118,3,128,12,56,160,11,239,154,0,154,393
06/08/2005,SWF,NY,AEA,EN,Federal Contract Tower,12,49,23,7,91,0,15,87,8,110,12,64,110,15,201,80,26,106,307
06/09/2005,SWF,NY,AEA,EN,Federal Contract Tower,10,43,38,3,94,0,5,58,7,70,10,48,96,10,164,114,36,150,314
06/10/2005,SWF,NY,AEA,EN,Federal Contract Tower,13,52,45,4,114,0,4,36,2,42,13,56,81,6,156,56,0,56,212
06/11/2005,SWF,NY,AEA,EN,Federal Contract Tower,8,39,38,11,96,2,10,61,2,75,10,49,99,13,171,60,0,60,231
06/12/2005,SWF,NY,AEA,EN,Federal Contract Tower,41,24,8,0,73,5,124,18,0,147,46,148,26,0,220,118,4,122,342
06/13/2005,SWF,NY,AEA,EN,Federal Contract Tower,1,39,25,6,71,0,9,102,27,138,1,48,127,33,209,124,2,126,335
06/14/2005,SWF,NY,AEA,EN,Federal Contract Tower,11,51,29,14,105,0,5,157,15,177,11,56,186,29,282,104,74,178,460
06/15/2005,SWF,NY,AEA,EN,Federal Contract Tower,12,48,31,11,102,0,13,91,17,121,12,61,122,28,223,66,4,70,293
06/16/2005,SWF,NY,AEA,EN,Federal Contract Tower,10,49,32,5,96,0,2,10,11,23,10,51,42,16,119,0,0,0,119
06/17/2005,SWF,NY,AEA,EN,Federal Contract Tower,10,52,31,14,107,0,2,103,13,118,10,54,134,27,225,148,34,182,407
06/18/2005,SWF,NY,AEA,EN,Federal Contract Tower,8,46,28,1,83,0,7,105,10,122,8,53,133,11,205,198,0,198,403
06/19/2005,SWF,NY,AEA,EN,Federal Contract Tower,0,48,28,2,78,0,4,100,7,111,0,52,128,9,189,72,0,72,261
06/20/2005,SWF,NY,AEA,EN,Federal Contract Tower,2,48,24,9,83,0,7,166,9,182,2,55,190,18,265,134,0,134,399
06/21/2005,SWF,NY,AEA,EN,Federal Contract Tower,10,48,34,15,107,0,6,45,13,64,10,54,79,28,171,52,20,72,243
06/22/2005,SWF,NY,AEA,EN,Federal Contract Tower,28,50,38,4,120,0,4,76,3,83,28,54,114,7,203,106,0,106,309
06/23/2005,SWF,NY,AEA,EN,Federal Contract Tower,12,52,32,8,104,0,8,135,7,150,12,60,167,15,254,180,0,180,434
06/24/2005,SWF,NY,AEA,EN,Federal Contract Tower,10,54,31,11,106,0,3,133,18,154,10,57,164,29,260,180,20,200,460
06/25/2005,SWF,NY,AEA,EN,Federal Contract Tower,10,43,22,4,79,0,5,115,0,120,10,48,137,4,199,106,0,106,305
06/26/2005,SWF,NY,AEA,EN,Federal Contract Tower,2,42,20,3,67,0,14,95,5,114,2,56,115,8,181,78,2,80,261
06/27/2005,SWF,NY,AEA,EN,Federal Contract Tower,4,45,43,5,97,0,9,108,7,124,4,54,151,12,221,94,0,94,315
06/28/2005,SWF,NY,AEA,EN,Federal Contract Tower,10,49,42,6,107,0,4,26,0,30,10,53,68,6,137,22,0,22,159
06/29/2005,SWF,NY,AEA,EN,Federal Contract Tower,13,46,18,2,79,0,4,24,1,29,13,50,42,3,108,18,0,18,126
06/30/2005,SWF,NY,AEA,EN,Federal Contract Tower,13,46,44,7,110,0,12,93,6,111,13,58,137,13,221,120,26,146,367
07/01/2005,SWF,NY,AEA,EN,Federal Contract Tower,6,17,11,2,36,4,46,96,3,149,10,63,107,5,185,84,0,84,269
07/02/2005,SWF,NY,AEA,EN,Federal Contract Tower,7,41,18,0,66,0,9,76,1,86,7,50,94,1,152,52,0,52,204
07/03/2005,SWF,NY,AEA,EN,Federal Contract Tower,2,42,11,0,55,0,3,75,0,78,2,45,86,0,133,80,0,80,213
07/04/2005,SWF,NY,AEA,EN,Federal Contract Tower,2,37,9,0,48,0,4,53,0,57,2,41,62,0,105,44,0,44,149
07/05/2005,SWF,NY,AEA,EN,Federal Contract Tower,7,52,28,4,91,0,2,19,2,23,7,54,47,6,114,32,0,32,146
07/06/2005,SWF,NY,AEA,EN,Federal Contract Tower,9,45,30,8,92,0,1,37,6,44,9,46,67,14,136,114,0,114,250
07/07/2005,SWF,NY,AEA,EN,Federal Contract Tower,17,47,22,3,89,0,3,55,11,69,17,50,77,14,158,38,10,48,206
07/08/2005,SWF,NY,AEA,EN,Federal Contract Tower,12,46,21,10,89,0,0,0,0,0,12,46,21,10,89,0,0,0,89
07/09/2005,SWF,NY,AEA,EN,Federal Contract Tower,24,44,11,10,89,0,11,75,11,97,24,55,86,21,186,92,144,236,422
07/10/2005,SWF,NY,AEA,EN,Federal Contract Tower,4,46,32,6,88,0,1,64,1,66,4,47,96,7,154,88,30,118,272
07/11/2005,SWF,NY,AEA,EN,Federal Contract Tower,4,42,28,2,76,0,11,86,8,105,4,53,114,10,181,110,0,110,291
07/12/2005,SWF,NY,AEA,EN,Federal Contract Tower,15,42,21,13,91,0,8,169,7,184,15,50,190,20,275,178,42,220,495
07/13/2005,SWF,NY,AEA,EN,Federal Contract Tower,18,47,41,12,118,0,3,62,9,74,18,50,103,21,192,68,0,68,260
07/14/2005,SWF,NY,AEA,EN,Federal Contract Tower,13,45,33,4,95,0,10,42,10,62,13,55,75,14,157,58,6,64,221
07/15/2005,SWF,NY,AEA,EN,Federal Contract Tower,14,49,40,17,120,0,13,55,8,76,14,62,95,25,196,32,4,36,232
07/16/2005,SWF,NY,AEA,EN,Federal Contract Tower,10,29,21,0,60,0,4,9,0,13,10,33,30,0,73,6,0,6,79
07/17/2005,SWF,NY,AEA,EN,Federal Contract Tower,3,41,16,2,62,0,0,17,0,17,3,41,33,2,79,8,0,8,87
07/18/2005,SWF,NY,AEA,EN,Federal Contract Tower,7,55,27,3,92,0,2,27,0,29,7,57,54,3,121,50,0,50,171
07/19/2005,SWF,NY,AEA,EN,Federal Contract Tower,13,46,23,8,90,0,2,90,8,100,13,48,113,16,190,86,22,108,298
07/20/2005,SWF,NY,AEA,EN,Federal Contract Tower,14,43,33,8,98,0,24,118,19,161,14,67,151,27,259,230,26,256,515
07/21/2005,SWF,NY,AEA,EN,Federal Contract Tower,13,40,33,4,90,0,18,158,21,197,13,58,191,25,287,220,18,238,525
07/22/2005,SWF,NY,AEA,EN,Federal Contract Tower,16,48,36,12,112,0,4,97,7,108,16,52,133,19,220,104,20,124,344
07/23/2005,SWF,NY,AEA,EN,Federal Contract Tower,11,36,27,11,85,0,6,80,5,91,11,42,107,16,176,96,26,122,298
07/24/2005,SWF,NY,AEA,EN,Federal Contract Tower,4,38,13,6,61,0,6,129,0,135,4,44,142,6,196,122,0,122,318
07/25/2005,SWF,NY,AEA,EN,Federal Contract Tower,5,37,30,4,76,0,6,83,5,94,5,43,113,9,170,98,6,104,274
07/26/2005,SWF,NY,AEA,EN,Federal Contract Tower,13,42,38,14,107,0,4,137,8,149,13,46,175,22,256,198,26,224,480
07/27/2005,SWF,NY,AEA,EN,Federal Contract Tower,16,37,15,3,71,0,9,37,4,50,16,46,52,7,121,84,0,84,205
07/28/2005,SWF,NY,AEA,EN,Federal Contract Tower,13,49,29,10,101,0,22,151,11,184,13,71,180,21,285,170,32,202,487
07/29/2005,SWF,NY,AEA,EN,Federal Contract Tower,13,40,28,13,94,0,9,105,7,121,13,49,133,20,215,74,32,106,321
07/30/2005,SWF,NY,AEA,EN,Federal Contract Tower,13,40,28,1,82,0,11,143,2,156,13,51,171,3,238,180,0,180,418
07/31/2005,SWF,NY,AEA,EN,Federal Contract Tower,4,51,35,3,93,0,8,40,6,54,4,59,75,9,147,82,0,82,229
08/01/2005,SWF,NY,AEA,EN,Federal Contract Tower,4,42,21,1,68,0,0,27,4,31,4,42,48,5,99,0,0,0,99
08/02/2005,SWF,NY,AEA,EN,Federal Contract Tower,14,43,26,6,89,0,2,66,9,77,14,45,92,15,166,158,0,158,324
08/03/2005,SWF,NY,AEA,EN,Federal Contract Tower,14,44,20,7,85,0,15,138,6,159,14,59,158,13,244,176,24,200,444
08/04/2005,SWF,NY,AEA,EN,Federal Contract Tower,10,51,32,9,102,0,5,81,7,93,10,56,113,16,195,90,24,114,309
08/05/2005,SWF,NY,AEA,EN,Federal Contract Tower,13,47,28,6,94,0,11,99,5,115,13,58,127,11,209,102,0,102,311
08/06/2005,SWF,NY,AEA,EN,Federal Contract Tower,12,40,25,7,84,0,6,134,6,146,12,46,159,13,230,190,2,192,422
08/07/2005,SWF,NY,AEA,EN,Federal Contract Tower,2,42,28,2,74,0,10,64,33,107,2,52,92,35,181,136,0,136,317
08/08/2005,SWF,NY,AEA,EN,Federal Contract Tower,8,46,29,5,88,0,6,30,2,38,8,52,59,7,126,60,10,70,196
08/09/2005,SWF,NY,AEA,EN,Federal Contract Tower,10,54,27,9,100,0,13,89,5,107,10,67,116,14,207,100,18,118,325
08/10/2005,SWF,NY,AEA,EN,Federal Contract Tower,11,45,43,3,102,0,13,126,3,142,11,58,169,6,244,172,52,224,468
08/11/2005,SWF,NY,AEA,EN,Federal Contract Tower,11,38,25,7,81,3,15,120,6,144,14,53,145,13,225,164,0,164,389
08/12/2005,SWF,NY,AEA,EN,Federal Contract Tower,15,46,30,14,105,0,14,95,20,129,15,60,125,34,234,114,42,156,390
08/13/2005,SWF,NY,AEA,EN,Federal Contract Tower,11,37,24,8,80,0,6,23,2,31,11,43,47,10,111,10,0,10,121
08/14/2005,SWF,NY,AEA,EN,Federal Contract Tower,4,57,21,1,83,0,0,22,0,22,4,57,43,1,105,40,0,40,145
08/15/2005,SWF,NY,AEA,EN,Federal Contract Tower,8,48,36,6,98,0,4,46,3,53,8,52,82,9,151,80,0,80,231
08/16/2005,SWF,NY,AEA,EN,Federal Contract Tower,11,51,21,6,89,0,10,87,2,99,11,61,108,8,188,88,10,98,286
08/17/2005,SWF,NY,AEA,EN,Federal Contract Tower,10,51,30,2,93,2,23,185,11,221,12,74,215,13,314,216,16,232,546
08/18/2005,SWF,NY,AEA,EN,Federal Contract Tower,11,43,16,7,77,0,20,138,26,184,11,63,154,33,261,130,12,142,403
08/19/2005,SWF,NY,AEA,EN,Federal Contract Tower,12,47,25,8,92,0,11,76,6,93,12,58,101,14,185,80,26,106,291
08/20/2005,SWF,NY,AEA,EN,Federal Contract Tower,11,51,21,5,88,0,1,15,0,16,11,52,36,5,104,0,0,0,104
08/21/2005,SWF,NY,AEA,EN,Federal Contract Tower,4,42,15,3,64,0,0,41,0,41,4,42,56,3,105,166,0,166,271
08/22/2005,SWF,NY,AEA,EN,Federal Contract Tower,7,47,26,9,89,0,0,40,0,40,7,47,66,9,129,172,20,192,321
08/23/2005,SWF,NY,AEA,EN,Federal Contract Tower,13,45,30,2,90,0,19,180,13,212,13,64,210,15,302,284,24,308,610
08/24/2005,SWF,NY,AEA,EN,Federal Contract Tower,12,45,23,12,92,0,13,124,3,140,12,58,147,15,232,136,0,136,368
08/25/2005,SWF,NY,AEA,EN,Federal Contract Tower,14,55,21,21,111,0,22,139,46,207,14,77,160,67,318,144,44,188,506
08/26/2005,SWF,NY,AEA,EN,Federal Contract Tower,10,44,32,8,94,0,25,214,6,245,10,69,246,14,339,184,22,206,545
08/27/2005,SWF,NY,AEA,EN,Federal Contract Tower,12,33,9,3,57,0,8,53,1,62,12,41,62,4,119,78,0,78,197
08/28/2005,SWF,NY,AEA,EN,Federal Contract Tower,4,35,28,1,68,0,60,2,0,62,4,95,30,1,130,60,0,60,190
08/29/2005,SWF,NY,AEA,EN,Federal Contract Tower,5,44,18,9,76,0,15,83,17,115,5,59,101,26,191,102,10,112,303
08/30/2005,SWF,NY,AEA,EN,Federal Contract Tower,12,51,23,5,91,0,11,86,9,106,12,62,109,14,197,64,34,98,295
08/31/2005,SWF,NY,AEA,EN,Federal Contract Tower,3,34,16,9,62,7,15,64,4,90,10,49,80,13,152,174,6,180,332
09/01/2005,SWF,NY,AEA,EN,Federal Contract Tower,9,42,21,23,95,0,12,98,16,126,9,54,119,39,221,128,32,160,381
09/02/2005,SWF,NY,AEA,EN,Federal Contract Tower,11,40,34,10,95,0,14,144,15,173,11,54,178,25,268,154,20,174,442
09/03/2005,SWF,NY,AEA,EN,Federal Contract Tower,10,41,20,9,80,0,6,85,4,95,10,47,105,13,175,130,0,130,305
09/04/2005,SWF,NY,AEA,EN,Federal Contract Tower,6,32,9,5,52,0,4,30,0,34,6,36,39,5,86,110,0,110,196
09/05/2005,SWF,NY,AEA,EN,Federal Contract Tower,10,43,29,6,88,0,13,137,0,150,10,56,166,6,238,246,0,246,484
09/06/2005,SWF,NY,AEA,EN,Federal Contract Tower,5,36,28,15,84,0,24,141,11,176,5,60,169,26,260,172,28,200,460
09/07/2005,SWF,NY,AEA,EN,Federal Contract Tower,12,41,34,14,101,0,30,142,14,186,12,71,176,28,287,128,22,150,437
09/08/2005,SWF,NY,AEA,EN,Federal Contract Tower,13,35,25,3,76,0,18,130,16,164,13,53,155,19,240,102,0,102,342
09/09/2005,SWF,NY,AEA,EN,Federal Contract Tower,11,42,19,8,80,0,9,138,4,151,11,51,157,12,231,120,0,120,351
09/10/2005,SWF,NY,AEA,EN,Federal Contract Tower,7,32,18,9,66,0,6,65,11,82,7,38,83,20,148,56,0,56,204
09/11/2005,SWF,NY,AEA,EN,Federal Contract Tower,5,35,25,8,73,0,16,133,1,150,5,51,158,9,223,206,0,206,429
09/12/2005,SWF,NY,AEA,EN,Federal Contract Tower,10,34,18,11,73,0,16,116,14,146,10,50,134,25,219,138,0,138,357
09/13/2005,SWF,NY,AEA,EN,Federal Contract Tower,17,42,34,4,97,0,14,87,6,107,17,56,121,10,204,22,0,22,226
09/14/2005,SWF,NY,AEA,EN,Federal Contract Tower,20,54,25,8,107,0,11,71,10,92,20,65,96,18,199,44,0,44,243
09/15/2005,SWF,NY,AEA,EN,Federal Contract Tower,16,45,30,6,97,0,4,73,2,79,16,49,103,8,176,8,0,8,184
09/16/2005,SWF,NY,AEA,EN,Federal Contract Tower,10,48,31,7,96,0,0,0,0,0,10,48,31,7,96,0,0,0,96
09/17/2005,SWF,NY,AEA,EN,Federal Contract Tower,11,34,37,9,91,0,20,10,0,30,11,54,47,9,121,168,0,168,289
09/18/2005,SWF,NY,AEA,EN,Federal Contract Tower,4,38,19,3,64,0,0,93,2,95,4,38,112,5,159,144,0,144,303
09/19/2005,SWF,NY,AEA,EN,Federal Contract Tower,6,41,12,9,68,0,23,128,19,170,6,64,140,28,238,142,26,168,406
09/20/2005,SWF,NY,AEA,EN,Federal Contract Tower,9,45,27,6,87,0,20,72,8,100,9,65,99,14,187,42,0,42,229
09/21/2005,SWF,NY,AEA,EN,Federal Contract Tower,10,52,27,6,95,0,14,125,13,152,10,66,152,19,247,130,0,130,377
09/22/2005,SWF,NY,AEA,EN,Federal Contract Tower,10,54,33,8,105,0,7,136,7,150,10,61,169,15,255,134,6,140,395
09/23/2005,SWF,NY,AEA,EN,Federal Contract Tower,8,54,32,8,102,0,8,81,29,118,8,62,113,37,220,86,0,86,306
09/24/2005,SWF,NY,AEA,EN,Federal Contract Tower,9,34,31,6,80,0,15,91,6,112,9,49,122,12,192,165,0,165,357
09/25/2005,SWF,NY,AEA,EN,Federal Contract Tower,0,35,38,4,77,0,11,47,0,58,0,46,85,4,135,108,0,108,243
09/26/2005,SWF,NY,AEA,EN,Federal Contract Tower,5,39,29,5,78,0,8,47,5,60,5,47,76,10,138,32,0,32,170
09/27/2005,SWF,NY,AEA,EN,Federal Contract Tower,8,45,26,12,91,0,22,144,19,185,8,67,170,31,276,120,12,132,408
09/28/2005,SWF,NY,AEA,EN,Federal Contract Tower,13,43,22,5,83,0,16,124,13,153,13,59,146,18,236,82,6,88,324
09/29/2005,SWF,NY,AEA,EN,Federal Contract Tower,9,41,19,4,73,0,9,93,0,102,9,50,112,4,175,42,0,42,217
09/30/2005,SWF,NY,AEA,EN,Federal Contract Tower,8,39,33,10,90,0,5,81,3,89,8,44,114,13,179,92,0,92,271
10/01/2005,SWF,NY,AEA,EN,Federal Contract Tower,6,37,23,6,72,0,1,149,2,152,6,38,172,8,224,148,0,148,372
10/02/2005,SWF,NY,AEA,EN,Federal Contract Tower,1,30,31,9,71,0,18,104,13,135,1,48,135,22,206,160,6,166,372
10/03/2005,SWF,NY,AEA,EN,Federal Contract Tower,2,37,26,4,69,0,3,56,10,69,2,40,82,14,138,28,0,28,166
10/04/2005,SWF,NY,AEA,EN,Federal Contract Tower,8,42,37,2,89,0,3,46,4,53,8,45,83,6,142,120,0,120,262
10/05/2005,SWF,NY,AEA,EN,Federal Contract Tower,10,41,26,8,85,0,5,74,3,82,10,46,100,11,167,80,0,80,247
10/06/2005,SWF,NY,AEA,EN,Federal Contract Tower,8,42,20,3,73,0,4,24,8,36,8,46,44,11,109,6,8,14,123
10/07/2005,SWF,NY,AEA,EN,Federal Contract Tower,8,36,31,9,84,0,0,0,0,0,8,36,31,9,84,0,0,0,84
10/08/2005,SWF,NY,AEA,EN,Federal Contract Tower,7,31,15,0,53,0,0,0,0,0,7,31,15,0,53,0,0,0,53
10/09/2005,SWF,NY,AEA,EN,Federal Contract Tower,46,35,0,2,83,3,28,0,1,32,49,63,0,3,115,8,0,8,123
10/10/2005,SWF,NY,AEA,EN,Federal Contract Tower,2,43,28,3,76,0,0,0,0,0,2,43,28,3,76,0,0,0,76
10/11/2005,SWF,NY,AEA,EN,Federal Contract Tower,7,40,21,6,74,0,4,3,0,7,7,44,24,6,81,0,0,0,81
10/12/2005,SWF,NY,AEA,EN,Federal Contract Tower,11,43,33,5,92,0,2,3,4,9,11,45,36,9,101,0,0,0,101
10/13/2005,SWF,NY,AEA,EN,Federal Contract Tower,12,33,39,7,91,0,0,0,0,0,12,33,39,7,91,0,0,0,91
10/14/2005,SWF,NY,AEA,EN,Federal Contract Tower,13,39,24,2,78,0,0,0,0,0,13,39,24,2,78,0,0,0,78
10/15/2005,SWF,NY,AEA,EN,Federal Contract Tower,6,29,18,3,56,0,4,48,1,53,6,33,66,4,109,26,0,26,135
10/16/2005,SWF,NY,AEA,EN,Federal Contract Tower,2,42,24,0,68,0,0,54,0,54,2,42,78,0,122,0,0,0,122
10/17/2005,SWF,NY,AEA,EN,Federal Contract Tower,4,40,37,1,82,0,11,83,5,99,4,51,120,6,181,110,0,110,291
10/18/2005,SWF,NY,AEA,EN,Federal Contract Tower,9,47,40,6,102,0,14,57,4,75,9,61,97,10,177,130,0,130,307
10/19/2005,SWF,NY,AEA,EN,Federal Contract Tower,13,44,44,1,102,0,20,122,4,146,13,64,166,5,248,72,2,74,322
10/20/2005,SWF,NY,AEA,EN,Federal Contract Tower,10,46,35,6,97,1,10,88,2,101,11,56,123,8,198,68,0,68,266
10/21/2005,SWF,NY,AEA,EN,Federal Contract Tower,13,43,25,3,84,0,6,101,1,108,13,49,126,4,192,102,0,102,294
10/22/2005,SWF,NY,AEA,EN,Federal Contract Tower,3,28,23,2,56,0,1,1,0,2,3,29,24,2,58,10,0,10,68
10/23/2005,SWF,NY,AEA,EN,Federal Contract Tower,3,31,34,3,71,0,4,50,2,56,3,35,84,5,127,36,0,36,163
10/24/2005,SWF,NY,AEA,EN,Federal Contract Tower,3,17,6,0,26,0,21,64,18,103,3,38,70,18,129,22,3,25,154
10/25/2005,SWF,NY,AEA,EN,Federal Contract Tower,9,39,14,2,64,0,0,1,0,1,9,39,15,2,65,0,0,0,65
10/26/2005,SWF,NY,AEA,EN,Federal Contract Tower,12,41,19,3,75,0,0,28,0,28,12,41,47,3,103,44,0,44,147
10/27/2005,SWF,NY,AEA,EN,Federal Contract Tower,14,37,21,11,83,0,3,23,0,26,14,40,44,11,109,32,0,32,141
10/28/2005,SWF,NY,AEA,EN,Federal Contract Tower,11,37,22,5,75,0,1,42,0,43,11,38,64,5,118,26,0,26,144
10/29/2005,SWF,NY,AEA,EN,Federal Contract Tower,6,34,12,4,56,2,10,93,5,110,8,44,105,9,166,126,0,126,292
10/30/2005,SWF,NY,AEA,EN,Federal Contract Tower,2,34,25,4,65,0,17,105,4,126,2,51,130,8,191,88,0,88,279
10/31/2005,SWF,NY,AEA,EN,Federal Contract Tower,3,31,14,6,54,0,16,82,15,113,3,47,96,21,167,50,0,50,217
11/01/2005,SWF,NY,AEA,EN,Federal Contract Tower,11,31,20,11,73,0,8,126,9,143,11,39,146,20,216,34,4,38,254
11/02/2005,SWF,NY,AEA,EN,Federal Contract Tower,12,36,19,14,81,0,8,40,0,48,12,44,59,14,129,30,2,32,161
11/03/2005,SWF,NY,AEA,EN,Federal Contract Tower,13,33,11,7,64,0,3,35,0,38,13,36,46,7,102,14,0,14,116
11/04/2005,SWF,NY,AEA,EN,Federal Contract Tower,13,35,32,4,84,0,20,110,29,159,13,55,142,33,243,142,0,142,385
11/05/2005,SWF,NY,AEA,EN,Federal Contract Tower,7,25,12,12,56,0,11,100,12,123,7,36,112,24,179,150,8,158,337
11/06/2005,SWF,NY,AEA,EN,Federal Contract Tower,4,28,20,7,59,0,5,28,4,37,4,33,48,11,96,0,0,0,96
11/07/2005,SWF,NY,AEA,EN,Federal Contract Tower,4,36,18,7,65,0,5,61,5,71,4,41,79,12,136,20,0,20,156
11/08/2005,SWF,NY,AEA,EN,Federal Contract Tower,12,35,22,5,74,0,9,152,11,172,12,44,174,16,246,78,0,78,324
11/09/2005,SWF,NY,AEA,EN,Federal Contract Tower,12,39,22,7,80,0,6,19,4,29,12,45,41,11,109,14,0,14,123
11/10/2005,SWF,NY,AEA,EN,Federal Contract Tower,14,28,26,5,73,0,4,116,0,120,14,32,142,5,193,128,0,128,321
11/11/2005,SWF,NY,AEA,EN,Federal Contract Tower,12,35,32,0,79,0,5,55,0,60,12,40,87,0,139,72,0,72,211
11/12/2005,SWF,NY,AEA,EN,Federal Contract Tower,6,28,19,1,54,0,19,150,0,169,6,47,169,1,223,134,0,134,357
11/13/2005,SWF,NY,AEA,EN,Federal Contract Tower,4,25,21,2,52,0,11,30,1,42,4,36,51,3,94,72,0,72,166
11/14/2005,SWF,NY,AEA,EN,Federal Contract Tower,4,29,25,4,62,0,14,138,20,172,4,43,163,24,234,112,12,124,358
11/15/2005,SWF,NY,AEA,EN,Federal Contract Tower,10,32,40,7,89,0,5,39,0,44,10,37,79,7,133,6,0,6,139
11/16/2005,SWF,NY,AEA,EN,Federal Contract Tower,15,24,18,6,63,0,0,0,0,0,15,24,18,6,63,0,0,0,63
11/17/2005,SWF,NY,AEA,EN,Federal Contract Tower,12,35,21,6,74,0,7,30,0,37,12,42,51,6,111,18,0,18,129
11/18/2005,SWF,NY,AEA,EN,Federal Contract Tower,17,36,36,8,97,0,19,131,17,167,17,55,167,25,264,182,6,188,452
11/19/2005,SWF,NY,AEA,EN,Federal Contract Tower,7,35,28,4,74,0,5,79,5,89,7,40,107,9,163,114,0,114,277
11/20/2005,SWF,NY,AEA,EN,Federal Contract Tower,2,31,15,2,50,0,4,120,9,133,2,35,135,11,183,126,4,130,313
11/21/2005,SWF,NY,AEA,EN,Federal Contract Tower,4,34,40,8,86,0,6,85,7,98,4,40,125,15,184,56,0,56,240
11/22/2005,SWF,NY,AEA,EN,Federal Contract Tower,12,32,16,10,70,0,0,1,0,1,12,32,17,10,71,2,0,2,73
11/23/2005,SWF,NY,AEA,EN,Federal Contract Tower,15,32,15,4,66,0,7,91,2,100,15,39,106,6,166,60,0,60,226
11/24/2005,SWF,NY,AEA,EN,Federal Contract Tower,5,28,11,0,44,0,0,5,0,5,5,28,16,0,49,0,0,0,49
11/25/2005,SWF,NY,AEA,EN,Federal Contract Tower,8,28,9,2,47,0,2,97,0,99,8,30,106,2,146,102,0,102,248
11/26/2005,SWF,NY,AEA,EN,Federal Contract Tower,1,25,27,1,54,0,5,66,0,71,1,30,93,1,125,82,0,82,207
11/27/2005,SWF,NY,AEA,EN,Federal Contract Tower,3,34,30,1,68,0,3,71,0,74,3,37,101,1,142,100,0,100,242
11/28/2005,SWF,NY,AEA,EN,Federal Contract Tower,4,33,26,5,68,0,1,4,5,10,4,34,30,10,78,0,2,2,80
11/29/2005,SWF,NY,AEA,EN,Federal Contract Tower,10,36,35,1,82,0,0,2,0,2,10,36,37,1,84,0,10,10,94
11/30/2005,SWF,NY,AEA,EN,Federal Contract Tower,12,34,20,8,74,0,0,34,7,41,12,34,54,15,115,84,6,90,205
12/01/2005,SWF,NY,AEA,EN,Federal Contract Tower,12,35,23,15,85,0,24,105,14,143,12,59,128,29,228,148,0,148,376
12/02/2005,SWF,NY,AEA,EN,Federal Contract Tower,14,34,25,2,75,0,4,101,3,108,14,38,126,5,183,118,0,118,301
12/03/2005,SWF,NY,AEA,EN,Federal Contract Tower,5,31,31,6,73,0,4,85,6,95,5,35,116,12,168,90,10,100,268
12/04/2005,SWF,NY,AEA,EN,Federal Contract Tower,2,37,15,4,58,0,2,2,0,4,2,39,17,4,62,0,0,0,62
12/05/2005,SWF,NY,AEA,EN,Federal Contract Tower,7,27,24,5,63,0,4,41,2,47,7,31,65,7,110,52,0,52,162
12/06/2005,SWF,NY,AEA,EN,Federal Contract Tower,9,34,13,8,64,0,14,126,0,140,9,48,139,8,204,106,0,106,310
12/07/2005,SWF,NY,AEA,EN,Federal Contract Tower,13,29,33,12,87,0,15,94,5,114,13,44,127,17,201,86,0,86,287
12/08/2005,SWF,NY,AEA,EN,Federal Contract Tower,11,31,19,3,64,1,16,105,3,125,12,47,124,6,189,128,12,140,329
12/09/2005,SWF,NY,AEA,EN,Federal Contract Tower,10,26,14,5,55,0,1,14,0,15,10,27,28,5,70,0,0,0,70
12/10/2005,SWF,NY,AEA,EN,Federal Contract Tower,6,31,15,2,54,0,3,48,1,52,6,34,63,3,106,60,4,64,170
12/11/2005,SWF,NY,AEA,EN,Federal Contract Tower,2,31,19,1,53,0,7,88,6,101,2,38,107,7,154,76,0,76,230
12/12/2005,SWF,NY,AEA,EN,Federal Contract Tower,3,25,27,14,69,0,4,75,2,81,3,29,102,16,150,56,10,66,216
12/13/2005,SWF,NY,AEA,EN,Federal Contract Tower,11,29,20,13,73,0,4,132,9,145,11,33,152,22,218,118,14,132,350
12/14/2005,SWF,NY,AEA,EN,Federal Contract Tower,11,32,16,3,62,1,12,28,0,41,12,44,44,3,103,52,0,52,155
12/15/2005,SWF,NY,AEA,EN,Federal Contract Tower,13,32,16,15,76,0,6,43,7,56,13,38,59,22,132,48,0,48,180
12/16/2005,SWF,NY,AEA,EN,Federal Contract Tower,8,25,7,10,50,0,1,38,0,39,8,26,45,10,89,12,0,12,101
12/17/2005,SWF,NY,AEA,EN,Federal Contract Tower,6,32,35,1,74,0,0,51,0,51,6,32,86,1,125,114,0,114,239
12/18/2005,SWF,NY,AEA,EN,Federal Contract Tower,3,25,20,2,50,0,5,80,0,85,3,30,100,2,135,108,0,108,243
12/19/2005,SWF,NY,AEA,EN,Federal Contract Tower,6,29,33,8,76,0,1,44,2,47,6,30,77,10,123,52,4,56,179
12/20/2005,SWF,NY,AEA,EN,Federal Contract Tower,12,26,25,10,73,0,5,116,1,122,12,31,141,11,195,148,4,152,347
12/21/2005,SWF,NY,AEA,EN,Federal Contract Tower,13,30,23,6,72,0,10,77,0,87,13,40,100,6,159,102,12,114,273
12/22/2005,SWF,NY,AEA,EN,Federal Contract Tower,14,37,20,7,78,0,2,102,4,108,14,39,122,11,186,140,12,152,338
12/23/2005,SWF,NY,AEA,EN,Federal Contract Tower,13,31,19,4,67,0,7,86,2,95,13,38,105,6,162,138,0,138,300
12/24/2005,SWF,NY,AEA,EN,Federal Contract Tower,8,28,3,2,41,0,9,135,0,144,8,37,138,2,185,128,0,128,313
12/25/2005,SWF,NY,AEA,EN,Federal Contract Tower,6,36,4,0,46,0,0,0,0,0,6,36,4,0,46,0,0,0,46
12/26/2005,SWF,NY,AEA,EN,Federal Contract Tower,13,31,11,0,55,0,0,0,0,0,13,31,11,0,55,0,0,0,55
12/27/2005,SWF,NY,AEA,EN,Federal Contract Tower,6,27,15,3,51,0,8,73,1,82,6,35,88,4,133,96,4,100,233
12/28/2005,SWF,NY,AEA,EN,Federal Contract Tower,12,30,31,5,78,0,17,79,15,111,12,47,110,20,189,86,28,114,303
12/29/2005,SWF,NY,AEA,EN,Federal Contract Tower,14,38,12,10,74,0,0,0,0,0,14,38,12,10,74,0,0,0,74
12/30/2005,SWF,NY,AEA,EN,Federal Contract Tower,12,38,11,3,64,0,7,81,0,88,12,45,92,3,152,66,0,66,218
12/31/2005,SWF,NY,AEA,EN,Federal Contract Tower,8,26,5,0,39,0,5,10,0,15,8,31,15,0,54,0,0,0,54
01/01/2006,SWF,NY,AEA,EN,Federal Contract Tower,2,30,10,0,42,0,2,9,0,11,2,32,19,0,53,12,0,12,65
01/02/2006,SWF,NY,AEA,EN,Federal Contract Tower,2,30,17,0,49,0,0,9,0,9,2,30,26,0,58,22,0,22,80
01/03/2006,SWF,NY,AEA,EN,Federal Contract Tower,3,33,10,2,48,0,0,1,0,1,3,33,11,2,49,0,0,0,49
01/04/2006,SWF,NY,AEA,EN,Federal Contract Tower,12,40,27,6,85,0,6,70,6,82,12,46,97,12,167,120,0,120,287
01/05/2006,SWF,NY,AEA,EN,Federal Contract Tower,14,35,19,9,77,0,6,93,7,106,14,41,112,16,183,80,36,116,299
01/06/2006,SWF,NY,AEA,EN,Federal Contract Tower,14,32,19,6,71,0,3,79,4,86,14,35,98,10,157,58,0,58,215
01/07/2006,SWF,NY,AEA,EN,Federal Contract Tower,6,25,19,11,61,0,7,156,6,169,6,32,175,17,230,144,20,164,394
01/08/2006,SWF,NY,AEA,EN,Federal Contract Tower,2,32,40,12,86,0,0,73,12,85,2,32,113,24,171,160,0,160,331
01/09/2006,SWF,NY,AEA,EN,Federal Contract Tower,4,29,18,4,55,0,2,13,0,15,4,31,31,4,70,26,4,30,100
01/10/2006,SWF,NY,AEA,EN,Federal Contract Tower,10,29,17,5,61,0,3,66,1,70,10,32,83,6,131,70,2,72,203
01/11/2006,SWF,NY,AEA,EN,Federal Contract Tower,12,33,33,5,83,0,0,4,0,4,12,33,37,5,87,0,0,0,87
01/12/2006,SWF,NY,AEA,EN,Federal Contract Tower,9,39,22,8,78,0,12,90,9,111,9,51,112,17,189,86,0,86,275
01/13/2006,SWF,NY,AEA,EN,Federal Contract Tower,22,99,111,7,239,0,2,38,5,45,22,101,149,12,284,54,20,74,358
01/14/2006,SWF,NY,AEA,EN,Federal Contract Tower,5,27,25,0,57,0,0,0,0,0,5,27,25,0,57,0,0,0,57
01/15/2006,SWF,NY,AEA,EN,Federal Contract Tower,2,30,10,0,42,0,3,133,0,136,2,33,143,0,178,80,0,80,258
01/16/2006,SWF,NY,AEA,EN,Federal Contract Tower,4,44,42,4,94,0,0,74,0,74,4,44,116,4,168,18,0,18,186
01/17/2006,SWF,NY,AEA,EN,Federal Contract Tower,12,32,20,5,69,0,8,56,0,64,12,40,76,5,133,26,0,26,159
01/18/2006,SWF,NY,AEA,EN,Federal Contract Tower,9,27,10,0,46,0,3,3,0,6,9,30,13,0,52,0,0,0,52
01/19/2006,SWF,NY,AEA,EN,Federal Contract Tower,11,30,22,5,68,0,4,81,6,91,11,34,103,11,159,64,8,72,231
01/20/2006,SWF,NY,AEA,EN,Federal Contract Tower,13,32,26,6,77,0,9,86,7,102,13,41,112,13,179,112,22,134,313
01/21/2006,SWF,NY,AEA,EN,Federal Contract Tower,6,24,9,5,44,0,4,31,2,37,6,28,40,7,81,32,0,32,113
01/22/2006,SWF,NY,AEA,EN,Federal Contract Tower,2,26,19,4,51,0,7,127,12,146,2,33,146,16,197,138,22,160,357
01/23/2006,SWF,NY,AEA,EN,Federal Contract Tower,4,25,14,3,46,0,4,2,1,7,4,29,16,4,53,0,0,0,53
01/24/2006,SWF,NY,AEA,EN,Federal Contract Tower,10,26,24,9,69,0,0,57,0,57,10,26,81,9,126,100,0,100,226
01/25/2006,SWF,NY,AEA,EN,Federal Contract Tower,13,29,20,4,66,0,13,110,5,128,13,42,130,9,194,94,20,114,308
01/26/2006,SWF,NY,AEA,EN,Federal Contract Tower,13,29,22,7,71,0,5,102,8,115,13,34,124,15,186,90,28,118,304
01/27/2006,SWF,NY,AEA,EN,Federal Contract Tower,11,30,27,8,76,0,3,149,6,158,11,33,176,14,234,142,8,150,384
01/28/2006,SWF,NY,AEA,EN,Federal Contract Tower,6,26,24,0,56,0,5,140,3,148,6,31,164,3,204,202,4,206,410
01/29/2006,SWF,NY,AEA,EN,Federal Contract Tower,2,28,21,0,51,0,2,12,0,14,2,30,33,0,65,20,0,20,85
01/30/2006,SWF,NY,AEA,EN,Federal Contract Tower,8,27,21,7,63,0,4,41,5,50,8,31,62,12,113,80,0,80,193
01/31/2006,SWF,NY,AEA,EN,Federal Contract Tower,10,33,20,18,81,0,0,0,0,0,10,33,20,18,81,0,0,0,81
02/01/2006,SWF,NY,AEA,EN,Federal Contract Tower,12,27,21,4,64,0,14,114,8,136,12,41,135,12,200,116,8,124,324
02/02/2006,SWF,NY,AEA,EN,Federal Contract Tower,14,30,29,11,84,0,9,85,6,100,14,39,114,17,184,80,16,96,280
02/03/2006,SWF,NY,AEA,EN,Federal Contract Tower,12,39,20,9,80,0,1,99,2,102,12,40,119,11,182,72,6,78,260
02/04/2006,SWF,NY,AEA,EN,Federal Contract Tower,4,23,17,9,53,0,3,37,1,41,4,26,54,10,94,34,20,54,148
02/05/2006,SWF,NY,AEA,EN,Federal Contract Tower,2,31,11,6,50,0,4,37,0,41,2,35,48,6,91,8,0,8,99
02/06/2006,SWF,NY,AEA,EN,Federal Contract Tower,4,31,19,5,59,0,15,87,3,105,4,46,106,8,164,16,0,16,180
02/07/2006,SWF,NY,AEA,EN,Federal Contract Tower,10,29,21,3,63,0,9,82,4,95,10,38,103,7,158,84,0,84,242
02/08/2006,SWF,NY,AEA,EN,Federal Contract Tower,12,35,25,7,79,0,18,103,15,136,12,53,128,22,215,88,16,104,319
02/09/2006,SWF,NY,AEA,EN,Federal Contract Tower,13,31,22,7,73,0,14,169,15,198,13,45,191,22,271,110,38,148,419
02/10/2006,SWF,NY,AEA,EN,Federal Contract Tower,11,29,17,5,62,0,2,34,3,39,11,31,51,8,101,42,2,44,145
02/11/2006,SWF,NY,AEA,EN,Federal Contract Tower,6,20,12,2,40,0,0,10,0,10,6,20,22,2,50,10,0,10,60
02/12/2006,SWF,NY,AEA,EN,Federal Contract Tower,2,20,5,0,27,0,0,0,0,0,2,20,5,0,27,0,0,0,27
02/13/2006,SWF,NY,AEA,EN,Federal Contract Tower,6,29,24,3,62,0,12,89,12,113,6,41,113,15,175,86,0,86,261
02/14/2006,SWF,NY,AEA,EN,Federal Contract Tower,9,25,30,15,79,0,20,103,13,136,9,45,133,28,215,86,36,122,337
02/15/2006,SWF,NY,AEA,EN,Federal Contract Tower,14,35,20,2,71,0,13,89,2,104,14,48,109,4,175,74,0,74,249
02/16/2006,SWF,NY,AEA,EN,Federal Contract Tower,13,33,19,15,80,0,10,145,3,158,13,43,164,18,238,114,42,156,394
02/17/2006,SWF,NY,AEA,EN,Federal Contract Tower,12,63,17,5,97,0,1,26,0,27,12,64,43,5,124,6,0,6,130
02/18/2006,SWF,NY,AEA,EN,Federal Contract Tower,5,28,13,1,47,0,2,81,0,83,5,30,94,1,130,90,0,90,220
02/19/2006,SWF,NY,AEA,EN,Federal Contract Tower,3,26,12,1,42,0,2,60,0,62,3,28,72,1,104,118,0,118,222
02/20/2006,SWF,NY,AEA,EN,Federal Contract Tower,6,25,22,2,55,0,4,59,0,63,6,29,81,2,118,142,0,142,260
02/21/2006,SWF,NY,AEA,EN,Federal Contract Tower,10,32,9,7,58,0,16,67,2,85,10,48,76,9,143,28,4,32,175
02/22/2006,SWF,NY,AEA,EN,Federal Contract Tower,10,34,18,10,72,0,16,109,24,149,10,50,127,34,221,140,4,144,365
02/23/2006,SWF,NY,AEA,EN,Federal Contract Tower,17,35,20,5,77,0,4,106,7,117,17,39,126,12,194,80,30,110,304
02/24/2006,SWF,NY,AEA,EN,Federal Contract Tower,12,33,20,7,72,0,2,21,0,23,12,35,41,7,95,6,0,6,101
02/25/2006,SWF,NY,AEA,EN,Federal Contract Tower,6,27,14,6,53,0,0,100,12,112,6,27,114,18,165,94,12,106,271
02/26/2006,SWF,NY,AEA,EN,Federal Contract Tower,2,38,20,1,61,0,0,62,2,64,2,38,82,3,125,26,0,26,151
02/27/2006,SWF,NY,AEA,EN,Federal Contract Tower,2,26,19,2,49,0,16,115,5,136,2,42,134,7,185,140,6,146,331
02/28/2006,SWF,NY,AEA,EN,Federal Contract Tower,12,41,21,9,83,0,9,92,6,107,12,50,113,15,190,106,24,130,320
03/01/2006,SWF,NY,AEA,EN,Federal Contract Tower,13,31,26,3,73,0,10,79,7,96,13,41,105,10,169,64,4,68,237
03/02/2006,SWF,NY,AEA,EN,Federal Contract Tower,11,26,7,4,48,0,1,2,3,6,11,27,9,7,54,0,10,10,64
03/03/2006,SWF,NY,AEA,EN,Federal Contract Tower,13,29,25,7,74,0,3,21,0,24,13,32,46,7,98,30,0,30,128
03/04/2006,SWF,NY,AEA,EN,Federal Contract Tower,7,27,5,3,42,0,0,3,0,3,7,27,8,3,45,4,0,4,49
03/05/2006,SWF,NY,AEA,EN,Federal Contract Tower,3,20,16,7,46,0,3,53,4,60,3,23,69,11,106,70,8,78,184
03/06/2006,SWF,NY,AEA,EN,Federal Contract Tower,6,27,19,5,57,0,11,129,13,153,6,38,148,18,210,110,30,140,350
03/07/2006,SWF,NY,AEA,EN,Federal Contract Tower,10,30,19,5,64,0,22,107,21,150,10,52,126,26,214,100,46,146,360
03/08/2006,SWF,NY,AEA,EN,Federal Contract Tower,12,26,15,8,61,0,4,88,6,98,12,30,103,14,159,62,54,116,275
03/09/2006,SWF,NY,AEA,EN,Federal Contract Tower,12,31,30,2,75,0,3,62,1,66,12,34,92,3,141,64,0,64,205
03/10/2006,SWF,NY,AEA,EN,Federal Contract Tower,12,24,20,4,60,0,4,23,2,29,12,28,43,6,89,68,0,68,157
03/11/2006,SWF,NY,AEA,EN,Federal Contract Tower,6,28,18,0,52,0,2,148,2,152,6,30,166,2,204,210,0,210,414
03/12/2006,SWF,NY,AEA,EN,Federal Contract Tower,2,24,19,4,49,0,1,4,0,5,2,25,23,4,54,12,0,12,66
03/13/2006,SWF,NY,AEA,EN,Federal Contract Tower,4,28,20,6,58,0,9,58,5,72,4,37,78,11,130,64,10,74,204
03/14/2006,SWF,NY,AEA,EN,Federal Contract Tower,8,31,22,11,72,0,10,53,2,65,8,41,75,13,137,18,24,42,179
03/15/2006,SWF,NY,AEA,EN,Federal Contract Tower,12,29,10,5,56,0,3,32,3,38,12,32,42,8,94,0,0,0,94
03/16/2006,SWF,NY,AEA,EN,Federal Contract Tower,12,27,21,8,68,0,2,118,9,129,12,29,139,17,197,90,6,96,293
03/17/2006,SWF,NY,AEA,EN,Federal Contract Tower,14,22,25,12,73,0,7,59,2,68,14,29,84,14,141,74,16,90,231
03/18/2006,SWF,NY,AEA,EN,Federal Contract Tower,7,29,11,8,55,0,1,75,0,76,7,30,86,8,131,82,0,82,213
03/19/2006,SWF,NY,AEA,EN,Federal Contract Tower,4,21,26,4,55,0,4,71,6,81,4,25,97,10,136,106,22,128,264
03/20/2006,SWF,NY,AEA,EN,Federal Contract Tower,4,25,11,3,43,0,10,57,12,79,4,35,68,15,122,50,8,58,180
03/21/2006,SWF,NY,AEA,EN,Federal Contract Tower,11,27,14,1,53,0,22,69,16,107,11,49,83,17,160,104,8,112,272
03/22/2006,SWF,NY,AEA,EN,Federal Contract Tower,15,29,16,11,71,0,16,117,12,145,15,45,133,23,216,114,34,148,364
03/23/2006,SWF,NY,AEA,EN,Federal Contract Tower,14,26,12,6,58,0,7,57,9,73,14,33,69,15,131,120,0,120,251
03/24/2006,SWF,NY,AEA,EN,Federal Contract Tower,18,35,24,6,83,0,4,46,1,51,18,39,70,7,134,50,0,50,184
03/25/2006,SWF,NY,AEA,EN,Federal Contract Tower,6,26,15,0,47,0,2,30,0,32,6,28,45,0,79,40,0,40,119
03/26/2006,SWF,NY,AEA,EN,Federal Contract Tower,3,26,21,3,53,0,7,84,7,98,3,33,105,10,151,98,20,118,269
03/27/2006,SWF,NY,AEA,EN,Federal Contract Tower,4,26,19,2,51,0,19,105,22,146,4,45,124,24,197,82,20,102,299
03/28/2006,SWF,NY,AEA,EN,Federal Contract Tower,10,29,20,14,73,2,15,77,7,101,12,44,97,21,174,106,40,146,320
03/29/2006,SWF,NY,AEA,EN,Federal Contract Tower,12,23,6,6,47,0,43,151,5,199,12,66,157,11,246,118,14,132,378
03/30/2006,SWF,NY,AEA,EN,Federal Contract Tower,12,24,24,7,67,0,9,52,1,62,12,33,76,8,129,66,6,72,201
03/31/2006,SWF,NY,AEA,EN,Federal Contract Tower,12,22,11,7,52,0,7,69,2,78,12,29,80,9,130,150,18,168,298
04/01/2006,SWF,NY,AEA,EN,Federal Contract Tower,6,26,17,4,53,0,2,39,7,48,6,28,56,11,101,0,0,0,101
04/02/2006,SWF,NY,AEA,EN,Federal Contract Tower,2,26,40,6,74,0,11,100,9,120,2,37,140,15,194,178,8,186,380
04/03/2006,SWF,NY,AEA,EN,Federal Contract Tower,1,24,14,3,42,0,7,23,0,30,1,31,37,3,72,4,0,4,76
04/04/2006,SWF,NY,AEA,EN,Federal Contract Tower,11,34,18,6,69,0,11,24,3,38,11,45,42,9,107,12,0,12,119
04/05/2006,SWF,NY,AEA,EN,Federal Contract Tower,14,27,17,9,67,0,9,100,0,109,14,36,117,9,176,76,14,90,266
04/06/2006,SWF,NY,AEA,EN,Federal Contract Tower,12,29,26,5,72,0,4,71,1,76,12,33,97,6,148,102,6,108,256
04/07/2006,SWF,NY,AEA,EN,Federal Contract Tower,12,29,20,4,65,0,5,32,3,40,12,34,52,7,105,24,0,24,129
04/08/2006,SWF,NY,AEA,EN,Federal Contract Tower,6,24,7,0,37,0,0,11,0,11,6,24,18,0,48,0,0,0,48
04/09/2006,SWF,NY,AEA,EN,Federal Contract Tower,2,25,23,11,61,0,17,93,9,119,2,42,116,20,180,80,24,104,284
04/10/2006,SWF,NY,AEA,EN,Federal Contract Tower,3,23,17,19,62,0,14,88,15,117,3,37,105,34,179,50,34,84,263
04/11/2006,SWF,NY,AEA,EN,Federal Contract Tower,11,24,18,13,66,0,18,86,16,120,11,42,104,29,186,120,26,146,332
04/12/2006,SWF,NY,AEA,EN,Federal Contract Tower,13,23,17,7,60,0,12,136,6,154,13,35,153,13,214,132,14,146,360
04/13/2006,SWF,NY,AEA,EN,Federal Contract Tower,12,26,26,8,72,0,3,53,2,58,12,29,79,10,130,102,0,102,232
04/14/2006,SWF,NY,AEA,EN,Federal Contract Tower,12,30,22,4,68,0,0,21,2,23,12,30,43,6,91,36,0,36,127
04/15/2006,SWF,NY,AEA,EN,Federal Contract Tower,5,27,12,1,45,0,5,113,1,119,5,32,125,2,164,100,0,100,264
04/16/2006,SWF,NY,AEA,EN,Federal Contract Tower,2,24,13,0,39,0,10,95,0,105,2,34,108,0,144,80,0,80,224
04/17/2006,SWF,NY,AEA,EN,Federal Contract Tower,4,25,24,14,67,0,18,78,14,110,4,43,102,28,177,62,36,98,275
04/18/2006,SWF,NY,AEA,EN,Federal Contract Tower,9,36,15,12,72,0,17,152,8,177,9,53,167,20,249,118,28,146,395
04/19/2006,SWF,NY,AEA,EN,Federal Contract Tower,13,32,24,13,82,0,3,89,0,92,13,35,113,13,174,222,14,236,410
04/20/2006,SWF,NY,AEA,EN,Federal Contract Tower,13,34,25,10,82,0,11,104,8,123,13,45,129,18,205,190,4,194,399
04/21/2006,SWF,NY,AEA,EN,Federal Contract Tower,12,30,34,5,81,0,18,89,3,110,12,48,123,8,191,192,0,192,383
04/22/2006,SWF,NY,AEA,EN,Federal Contract Tower,6,22,10,3,41,0,1,0,0,1,6,23,10,3,42,0,0,0,42
04/23/2006,SWF,NY,AEA,EN,Federal Contract Tower,2,30,17,3,52,0,0,0,0,0,2,30,17,3,52,0,0,0,52
04/24/2006,SWF,NY,AEA,EN,Federal Contract Tower,3,32,29,6,70,0,3,10,1,14,3,35,39,7,84,8,0,8,92
04/25/2006,SWF,NY,AEA,EN,Federal Contract Tower,10,29,26,10,75,0,13,120,14,147,10,42,146,24,222,84,20,104,326
04/26/2006,SWF,NY,AEA,EN,Federal Contract Tower,12,29,18,6,65,0,11,73,7,91,12,40,91,13,156,258,12,270,426
04/27/2006,SWF,NY,AEA,EN,Federal Contract Tower,12,38,26,7,83,0,19,51,6,76,12,57,77,13,159,122,0,122,281
04/28/2006,SWF,NY,AEA,EN,Federal Contract Tower,12,30,24,9,75,0,13,51,15,79,12,43,75,24,154,134,62,196,350
04/29/2006,SWF,NY,AEA,EN,Federal Contract Tower,6,33,23,1,63,0,7,98,8,113,6,40,121,9,176,168,12,180,356
04/30/2006,SWF,NY,AEA,EN,Federal Contract Tower,2,30,27,2,61,0,12,64,10,86,2,42,91,12,147,168,16,184,331
05/01/2006,SWF,NY,AEA,EN,Federal Contract Tower,4,25,12,4,45,0,35,144,11,190,4,60,156,15,235,130,8,138,373
05/02/2006,SWF,NY,AEA,EN,Federal Contract Tower,10,31,34,5,80,0,9,96,14,119,10,40,130,19,199,286,0,286,485
05/03/2006,SWF,NY,AEA,EN,Federal Contract Tower,11,34,22,21,88,0,16,64,17,97,11,50,86,38,185,176,0,176,361
05/04/2006,SWF,NY,AEA,EN,Federal Contract Tower,14,29,13,15,71,0,21,103,12,136,14,50,116,27,207,192,0,192,399
05/05/2006,SWF,NY,AEA,EN,Federal Contract Tower,13,28,19,15,75,0,18,113,39,170,13,46,132,54,245,98,104,202,447
05/06/2006,SWF,NY,AEA,EN,Federal Contract Tower,7,31,24,12,74,0,34,122,31,187,7,65,146,43,261,130,52,182,443
05/07/2006,SWF,NY,AEA,EN,Federal Contract Tower,4,30,23,7,64,0,18,161,45,224,4,48,184,52,288,152,146,298,586
05/08/2006,SWF,NY,AEA,EN,Federal Contract Tower,4,30,16,6,56,0,30,128,36,194,4,60,144,42,250,186,0,186,436
05/09/2006,SWF,NY,AEA,EN,Federal Contract Tower,10,30,19,6,65,0,10,85,9,104,10,40,104,15,169,184,16,200,369
05/10/2006,SWF,NY,AEA,EN,Federal Contract Tower,13,28,24,11,76,0,30,98,15,143,13,58,122,26,219,164,8,172,391
05/11/2006,SWF,NY,AEA,EN,Federal Contract Tower,12,28,27,8,75,0,5,12,0,17,12,33,39,8,92,0,0,0,92
05/12/2006,SWF,NY,AEA,EN,Federal Contract Tower,12,32,24,4,72,0,0,0,0,0,12,32,24,4,72,0,0,0,72
05/13/2006,SWF,NY,AEA,EN,Federal Contract Tower,6,27,24,0,57,0,8,40,4,52,6,35,64,4,109,36,0,36,145
05/14/2006,SWF,NY,AEA,EN,Federal Contract Tower,2,31,19,0,52,0,5,19,0,24,2,36,38,0,76,4,0,4,80
05/15/2006,SWF,NY,AEA,EN,Federal Contract Tower,4,34,29,2,69,0,7,12,1,20,4,41,41,3,89,0,0,0,89
05/16/2006,SWF,NY,AEA,EN,Federal Contract Tower,10,36,22,15,83,0,5,50,1,56,10,41,72,16,139,10,20,30,169
05/17/2006,SWF,NY,AEA,EN,Federal Contract Tower,11,32,15,8,66,0,16,51,14,81,11,48,66,22,147,140,62,202,349
05/18/2006,SWF,NY,AEA,EN,Federal Contract Tower,11,26,35,11,83,0,2,26,0,28,11,28,61,11,111,74,0,74,185
05/19/2006,SWF,NY,AEA,EN,Federal Contract Tower,14,40,18,3,75,0,6,75,5,86,14,46,93,8,161,66,0,66,227
05/20/2006,SWF,NY,AEA,EN,Federal Contract Tower,6,30,22,0,58,0,16,96,5,117,6,46,118,5,175,132,12,144,319
05/21/2006,SWF,NY,AEA,EN,Federal Contract Tower,1,36,13,3,53,0,10,104,1,115,1,46,117,4,168,62,0,62,230
05/22/2006,SWF,NY,AEA,EN,Federal Contract Tower,4,29,21,10,64,0,6,127,3,136,4,35,148,13,200,84,14,98,298
05/23/2006,SWF,NY,AEA,EN,Federal Contract Tower,10,27,13,9,59,0,18,81,6,105,10,45,94,15,164,94,4,98,262
05/24/2006,SWF,NY,AEA,EN,Federal Contract Tower,11,31,21,7,70,0,18,79,9,106,11,49,100,16,176,132,6,138,314
05/25/2006,SWF,NY,AEA,EN,Federal Contract Tower,14,29,24,7,74,0,22,102,17,141,14,51,126,24,215,104,14,118,333
05/26/2006,SWF,NY,AEA,EN,Federal Contract Tower,11,61,21,6,99,0,14,19,2,35,11,75,40,8,134,14,0,14,148
05/27/2006,SWF,NY,AEA,EN,Federal Contract Tower,4,27,12,11,54,0,1,17,2,20,4,28,29,13,74,20,0,20,94
05/28/2006,SWF,NY,AEA,EN,Federal Contract Tower,2,27,14,2,45,0,18,160,1,179,2,45,174,3,224,208,6,214,438
05/29/2006,SWF,NY,AEA,EN,Federal Contract Tower,2,25,22,5,54,0,11,95,0,106,2,36,117,5,160,140,6,146,306
05/30/2006,SWF,NY,AEA,EN,Federal Contract Tower,5,28,22,10,65,0,13,50,0,63,5,41,72,10,128,98,36,134,262
05/31/2006,SWF,NY,AEA,EN,Federal Contract Tower,12,40,28,12,92,0,11,47,0,58,12,51,75,12,150,32,0,32,182
06/01/2006,SWF,NY,AEA,EN,Federal Contract Tower,17,38,30,4,89,0,9,64,3,76,17,47,94,7,165,38,4,42,207
06/02/2006,SWF,NY,AEA,EN,Federal Contract Tower,15,37,30,3,85,0,8,26,2,36,15,45,56,5,121,0,0,0,121
06/03/2006,SWF,NY,AEA,EN,Federal Contract Tower,4,27,11,1,43,0,0,0,0,0,4,27,11,1,43,0,0,0,43
06/04/2006,SWF,NY,AEA,EN,Federal Contract Tower,1,32,34,5,72,0,7,25,0,32,1,39,59,5,104,14,0,14,118
06/05/2006,SWF,NY,AEA,EN,Federal Contract Tower,4,33,23,5,65,0,15,119,18,152,4,48,142,23,217,76,30,106,323
06/06/2006,SWF,NY,AEA,EN,Federal Contract Tower,14,35,23,8,80,0,26,98,15,139,14,61,121,23,219,134,14,148,367
06/07/2006,SWF,NY,AEA,EN,Federal Contract Tower,12,41,28,5,86,0,0,1,0,1,12,41,29,5,87,0,0,0,87
06/08/2006,SWF,NY,AEA,EN,Federal Contract Tower,12,36,30,2,80,0,14,69,1,84,12,50,99,3,164,0,0,0,164
06/09/2006,SWF,NY,AEA,EN,Federal Contract Tower,10,35,22,8,75,0,11,70,14,95,10,46,92,22,170,78,20,98,268
06/10/2006,SWF,NY,AEA,EN,Federal Contract Tower,9,26,13,1,49,0,9,102,1,112,9,35,115,2,161,84,0,84,245
06/11/2006,SWF,NY,AEA,EN,Federal Contract Tower,2,23,19,0,44,0,7,100,0,107,2,30,119,0,151,246,0,246,397
06/12/2006,SWF,NY,AEA,EN,Federal Contract Tower,4,26,31,7,68,0,18,82,3,103,4,44,113,10,171,84,2,86,257
06/13/2006,SWF,NY,AEA,EN,Federal Contract Tower,10,36,21,5,72,0,10,71,6,87,10,46,92,11,159,72,28,100,259
06/14/2006,SWF,NY,AEA,EN,Federal Contract Tower,12,29,16,7,64,0,27,96,21,144,12,56,112,28,208,48,76,124,332
06/15/2006,SWF,NY,AEA,EN,Federal Contract Tower,13,26,29,6,74,0,14,69,15,98,13,40,98,21,172,116,4,120,292
06/16/2006,SWF,NY,AEA,EN,Federal Contract Tower,11,31,36,7,85,0,2,31,1,34,11,33,67,8,119,96,4,100,219
06/17/2006,SWF,NY,AEA,EN,Federal Contract Tower,2,27,33,0,62,0,10,86,0,96,2,37,119,0,158,132,0,132,290
06/18/2006,SWF,NY,AEA,EN,Federal Contract Tower,0,31,29,2,62,0,1,86,0,87,0,32,115,2,149,82,0,82,231
06/19/2006,SWF,NY,AEA,EN,Federal Contract Tower,3,23,41,12,79,0,1,46,4,51,3,24,87,16,130,34,0,34,164
06/20/2006,SWF,NY,AEA,EN,Federal Contract Tower,7,29,20,9,65,0,17,65,4,86,7,46,85,13,151,52,0,52,203
06/21/2006,SWF,NY,AEA,EN,Federal Contract Tower,3,31,29,5,68,0,5,75,11,91,3,36,104,16,159,72,10,82,241
06/22/2006,SWF,NY,AEA,EN,Federal Contract Tower,6,43,29,4,82,0,9,98,4,111,6,52,127,8,193,72,0,72,265
06/23/2006,SWF,NY,AEA,EN,Federal Contract Tower,8,26,19,9,62,0,3,34,0,37,8,29,53,9,99,32,6,38,137
06/24/2006,SWF,NY,AEA,EN,Federal Contract Tower,6,28,17,2,53,0,0,1,0,1,6,28,18,2,54,0,0,0,54
06/25/2006,SWF,NY,AEA,EN,Federal Contract Tower,5,25,33,2,65,0,0,0,0,0,5,25,33,2,65,0,0,0,65
06/26/2006,SWF,NY,AEA,EN,Federal Contract Tower,9,33,25,5,72,0,0,3,0,3,9,33,28,5,75,0,0,0,75
06/27/2006,SWF,NY,AEA,EN,Federal Contract Tower,8,36,17,9,70,0,12,68,12,92,8,48,85,21,162,92,0,92,254
06/28/2006,SWF,NY,AEA,EN,Federal Contract Tower,11,35,41,4,91,0,11,52,9,72,11,46,93,13,163,68,4,72,235
06/29/2006,SWF,NY,AEA,EN,Federal Contract Tower,11,38,21,12,82,0,11,107,18,136,11,49,128,30,218,106,38,144,362
06/30/2006,SWF,NY,AEA,EN,Federal Contract Tower,14,48,44,3,109,0,10,53,14,77,14,58,97,17,186,92,16,108,294
07/01/2006,SWF,NY,AEA,EN,Federal Contract Tower,3,28,13,0,44,0,7,137,12,156,3,35,150,12,200,192,0,192,392
07/02/2006,SWF,NY,AEA,EN,Federal Contract Tower,5,26,12,0,43,0,1,73,0,74,5,27,85,0,117,96,0,96,213
07/03/2006,SWF,NY,AEA,EN,Federal Contract Tower,5,21,12,2,40,0,5,39,0,44,5,26,51,2,84,22,0,22,106
07/04/2006,SWF,NY,AEA,EN,Federal Contract Tower,0,26,11,2,39,0,7,47,0,54,0,33,58,2,93,74,0,74,167
07/05/2006,SWF,NY,AEA,EN,Federal Contract Tower,6,24,25,2,57,0,4,53,0,57,6,28,78,2,114,70,2,72,186
07/06/2006,SWF,NY,AEA,EN,Federal Contract Tower,9,39,26,6,80,0,3,38,4,45,9,42,64,10,125,76,2,78,203
07/07/2006,SWF,NY,AEA,EN,Federal Contract Tower,10,26,13,13,62,0,13,136,15,164,10,39,149,28,226,84,36,120,346
07/08/2006,SWF,NY,AEA,EN,Federal Contract Tower,4,27,22,10,63,0,9,100,2,111,4,36,122,12,174,104,0,104,278
07/09/2006,SWF,NY,AEA,EN,Federal Contract Tower,3,28,15,6,52,0,11,124,14,149,3,39,139,20,201,162,0,162,363
07/10/2006,SWF,NY,AEA,EN,Federal Contract Tower,8,24,25,13,70,0,12,104,18,134,8,36,129,31,204,116,22,138,342
07/11/2006,SWF,NY,AEA,EN,Federal Contract Tower,7,35,30,15,87,0,9,78,7,94,7,44,108,22,181,74,0,74,255
07/12/2006,SWF,NY,AEA,EN,Federal Contract Tower,32,34,20,7,93,0,11,27,9,47,32,45,47,16,140,14,4,18,158
07/13/2006,SWF,NY,AEA,EN,Federal Contract Tower,11,36,18,6,71,0,5,16,2,23,11,41,34,8,94,8,0,8,102
07/14/2006,SWF,NY,AEA,EN,Federal Contract Tower,7,34,22,3,66,0,16,124,0,140,7,50,146,3,206,74,4,78,284
07/15/2006,SWF,NY,AEA,EN,Federal Contract Tower,6,19,29,1,55,0,5,91,0,96,6,24,120,1,151,62,0,62,213
07/16/2006,SWF,NY,AEA,EN,Federal Contract Tower,4,26,27,2,59,0,14,109,13,136,4,40,136,15,195,176,0,176,371
07/17/2006,SWF,NY,AEA,EN,Federal Contract Tower,5,27,25,11,68,0,11,53,11,75,5,38,78,22,143,109,16,125,268
07/18/2006,SWF,NY,AEA,EN,Federal Contract Tower,11,34,21,9,75,0,11,96,12,119,11,45,117,21,194,58,42,100,294
07/19/2006,SWF,NY,AEA,EN,Federal Contract Tower,14,38,33,17,102,0,7,80,4,91,14,45,113,21,193,90,22,112,305
07/20/2006,SWF,NY,AEA,EN,Federal Contract Tower,9,30,35,2,76,0,4,53,1,58,9,34,88,3,134,44,14,58,192
07/21/2006,SWF,NY,AEA,EN,Federal Contract Tower,21,36,24,8,89,0,4,76,0,80,21,40,100,8,169,10,0,10,179
07/22/2006,SWF,NY,AEA,EN,Federal Contract Tower,9,32,7,2,50,0,0,0,0,0,9,32,7,2,50,0,0,0,50
07/23/2006,SWF,NY,AEA,EN,Federal Contract Tower,3,34,21,2,60,0,2,47,0,49,3,36,68,2,109,50,4,54,163
07/24/2006,SWF,NY,AEA,EN,Federal Contract Tower,4,33,25,4,66,0,7,86,9,102,4,40,111,13,168,176,4,180,348
07/25/2006,SWF,NY,AEA,EN,Federal Contract Tower,4,24,26,7,61,0,24,11,6,41,4,48,37,13,102,116,0,116,218
07/26/2006,SWF,NY,AEA,EN,Federal Contract Tower,6,29,33,10,78,0,13,55,13,81,6,42,88,23,159,92,52,144,303
07/27/2006,SWF,NY,AEA,EN,Federal Contract Tower,18,32,31,9,90,0,16,83,10,109,18,48,114,19,199,108,18,126,325
07/28/2006,SWF,NY,AEA,EN,Federal Contract Tower,9,31,30,6,76,0,7,31,3,41,9,38,61,9,117,28,8,36,153
07/29/2006,SWF,NY,AEA,EN,Federal Contract Tower,3,34,26,0,63,0,1,52,0,53,3,35,78,0,116,76,0,76,192
07/30/2006,SWF,NY,AEA,EN,Federal Contract Tower,5,26,19,0,50,0,9,29,0,38,5,35,48,0,88,96,0,96,184
07/31/2006,SWF,NY,AEA,EN,Federal Contract Tower,4,31,40,5,80,0,5,64,7,76,4,36,104,12,156,88,14,102,258
08/01/2006,SWF,NY,AEA,EN,Federal Contract Tower,9,38,16,7,70,0,14,102,11,127,9,52,118,18,197,94,38,132,329
08/02/2006,SWF,NY,AEA,EN,Federal Contract Tower,7,34,16,12,69,1,8,58,22,89,8,42,74,34,158,82,54,136,294
08/03/2006,SWF,NY,AEA,EN,Federal Contract Tower,10,29,20,11,70,0,14,45,16,75,10,43,65,27,145,14,0,14,159
08/04/2006,SWF,NY,AEA,EN,Federal Contract Tower,9,27,24,10,70,0,17,98,2,117,9,44,122,12,187,64,14,78,265
08/05/2006,SWF,NY,AEA,EN,Federal Contract Tower,3,29,19,8,59,0,9,20,0,29,3,38,39,8,88,52,0,52,140
08/06/2006,SWF,NY,AEA,EN,Federal Contract Tower,3,29,14,3,49,0,6,68,7,81,3,35,82,10,130,106,38,144,274
08/07/2006,SWF,NY,AEA,EN,Federal Contract Tower,4,30,21,8,63,0,0,26,3,29,4,30,47,11,92,72,0,72,164
08/08/2006,SWF,NY,AEA,EN,Federal Contract Tower,6,30,21,9,66,0,1,32,5,38,6,31,53,14,104,64,30,94,198
08/09/2006,SWF,NY,AEA,EN,Federal Contract Tower,9,32,26,5,72,0,7,59,3,69,9,39,85,8,141,88,2,90,231
08/10/2006,SWF,NY,AEA,EN,Federal Contract Tower,21,38,28,6,93,0,8,58,5,71,21,46,86,11,164,26,10,36,200
08/11/2006,SWF,NY,AEA,EN,Federal Contract Tower,10,39,20,7,76,0,6,69,0,75,10,45,89,7,151,62,0,62,213
08/12/2006,SWF,NY,AEA,EN,Federal Contract Tower,4,24,19,4,51,0,13,97,0,110,4,37,116,4,161,192,0,192,353
08/13/2006,SWF,NY,AEA,EN,Federal Contract Tower,4,26,13,1,44,0,19,109,0,128,4,45,122,1,172,150,0,150,322
08/14/2006,SWF,NY,AEA,EN,Federal Contract Tower,2,34,34,15,85,0,3,71,6,80,2,37,105,21,165,68,6,74,239
08/15/2006,SWF,NY,AEA,EN,Federal Contract Tower,6,27,19,8,60,0,10,42,4,56,6,37,61,12,116,62,0,62,178
08/16/2006,SWF,NY,AEA,EN,Federal Contract Tower,8,32,21,11,72,0,11,138,6,155,8,43,159,17,227,110,0,110,337
08/17/2006,SWF,NY,AEA,EN,Federal Contract Tower,11,33,21,6,71,0,9,131,0,140,11,42,152,6,211,96,24,120,331
08/18/2006,SWF,NY,AEA,EN,Federal Contract Tower,11,33,21,0,65,0,9,131,0,140,11,42,152,0,205,96,24,120,325
08/19/2006,SWF,NY,AEA,EN,Federal Contract Tower,5,24,4,1,34,0,0,30,11,41,5,24,34,12,75,62,6,68,143
08/20/2006,SWF,NY,AEA,EN,Federal Contract Tower,4,25,18,5,52,0,16,85,5,106,4,41,103,10,158,60,0,60,218
08/21/2006,SWF,NY,AEA,EN,Federal Contract Tower,4,22,18,15,59,0,11,116,21,148,4,33,134,36,207,170,26,196,403
08/22/2006,SWF,NY,AEA,EN,Federal Contract Tower,6,34,21,12,73,0,8,74,19,101,6,42,95,31,174,120,6,126,300
08/23/2006,SWF,NY,AEA,EN,Federal Contract Tower,5,28,21,5,59,0,14,99,10,123,5,42,120,15,182,64,0,64,246
08/24/2006,SWF,NY,AEA,EN,Federal Contract Tower,11,32,20,8,71,0,12,96,7,115,11,44,116,15,186,82,14,96,282
08/25/2006,SWF,NY,AEA,EN,Federal Contract Tower,11,35,29,6,81,0,1,13,0,14,11,36,42,6,95,0,0,0,95
08/26/2006,SWF,NY,AEA,EN,Federal Contract Tower,5,27,18,3,53,0,0,0,0,0,5,27,18,3,53,0,0,0,53
08/27/2006,SWF,NY,AEA,EN,Federal Contract Tower,5,36,17,0,58,0,0,8,1,9,5,36,25,1,67,2,0,2,69
08/28/2006,SWF,NY,AEA,EN,Federal Contract Tower,2,22,39,4,67,0,5,48,2,55,2,27,87,6,122,36,0,36,158
08/29/2006,SWF,NY,AEA,EN,Federal Contract Tower,6,27,24,4,61,0,0,0,0,0,6,27,24,4,61,0,0,0,61
08/30/2006,SWF,NY,AEA,EN,Federal Contract Tower,8,28,37,8,81,0,0,8,0,8,8,28,45,8,89,6,0,6,95
08/31/2006,SWF,NY,AEA,EN,Federal Contract Tower,7,45,28,3,83,0,47,34,3,84,7,92,62,6,167,38,0,38,205
09/01/2006,SWF,NY,AEA,EN,Federal Contract Tower,7,42,27,5,81,0,23,82,5,110,7,65,109,10,191,24,0,24,215
09/02/2006,SWF,NY,AEA,EN,Federal Contract Tower,2,30,6,0,38,0,0,0,0,0,2,30,6,0,38,0,0,0,38
09/03/2006,SWF,NY,AEA,EN,Federal Contract Tower,4,31,11,1,47,0,6,31,0,37,4,37,42,1,84,74,0,74,158
09/04/2006,SWF,NY,AEA,EN,Federal Contract Tower,2,31,25,1,59,0,18,87,1,106,2,49,112,2,165,112,0,112,277
09/05/2006,SWF,NY,AEA,EN,Federal Contract Tower,3,35,26,2,66,0,9,36,7,52,3,44,62,9,118,40,0,40,158
09/06/2006,SWF,NY,AEA,EN,Federal Contract Tower,6,36,27,7,76,0,3,19,4,26,6,39,46,11,102,0,0,0,102
09/07/2006,SWF,NY,AEA,EN,Federal Contract Tower,11,38,32,2,83,0,13,66,12,91,11,51,98,14,174,34,0,34,208
09/08/2006,SWF,NY,AEA,EN,Federal Contract Tower,7,38,37,11,93,0,1,70,5,76,7,39,107,16,169,110,44,154,323
09/09/2006,SWF,NY,AEA,EN,Federal Contract Tower,3,26,14,2,45,0,20,120,20,160,3,46,134,22,205,206,0,206,411
09/10/2006,SWF,NY,AEA,EN,Federal Contract Tower,2,21,21,6,50,0,11,62,3,76,2,32,83,9,126,112,0,112,238
09/11/2006,SWF,NY,AEA,EN,Federal Contract Tower,2,28,23,7,60,0,10,69,7,86,2,38,92,14,146,54,16,70,216
09/12/2006,SWF,NY,AEA,EN,Federal Contract Tower,6,26,19,9,60,0,17,148,26,191,6,43,167,35,251,108,14,122,373
09/13/2006,SWF,NY,AEA,EN,Federal Contract Tower,8,28,27,7,70,0,6,34,2,42,8,34,61,9,112,26,0,26,138
09/14/2006,SWF,NY,AEA,EN,Federal Contract Tower,2,11,11,0,24,7,21,28,1,57,9,32,39,1,81,0,0,0,81
09/15/2006,SWF,NY,AEA,EN,Federal Contract Tower,13,35,32,9,89,0,0,0,0,0,13,35,32,9,89,0,0,0,89
09/16/2006,SWF,NY,AEA,EN,Federal Contract Tower,2,24,19,7,52,0,7,87,10,104,2,31,106,17,156,104,20,124,280
09/17/2006,SWF,NY,AEA,EN,Federal Contract Tower,17,37,24,6,84,0,18,78,10,106,17,55,102,16,190,180,4,184,374
09/18/2006,SWF,NY,AEA,EN,Federal Contract Tower,3,30,20,10,63,0,14,69,8,91,3,44,89,18,154,112,0,112,266
09/19/2006,SWF,NY,AEA,EN,Federal Contract Tower,11,39,29,1,80,0,11,13,2,26,11,50,42,3,106,6,0,6,112
09/20/2006,SWF,NY,AEA,EN,Federal Contract Tower,11,37,27,13,88,0,8,69,5,82,11,45,96,18,170,82,8,90,260
09/21/2006,SWF,NY,AEA,EN,Federal Contract Tower,11,38,28,12,89,0,24,99,1,124,11,62,127,13,213,164,22,186,399
09/22/2006,SWF,NY,AEA,EN,Federal Contract Tower,9,28,27,5,69,0,11,56,1,68,9,39,83,6,137,146,0,146,283
09/23/2006,SWF,NY,AEA,EN,Federal Contract Tower,6,25,19,1,51,0,8,35,0,43,6,33,54,1,94,10,0,10,104
09/24/2006,SWF,NY,AEA,EN,Federal Contract Tower,4,27,26,0,57,0,7,34,0,41,4,34,60,0,98,24,0,24,122
09/25/2006,SWF,NY,AEA,EN,Federal Contract Tower,5,33,26,4,68,0,13,50,11,74,5,46,76,15,142,54,0,54,196
09/26/2006,SWF,NY,AEA,EN,Federal Contract Tower,7,31,24,15,77,0,10,41,2,53,7,41,65,17,130,18,0,18,148
09/27/2006,SWF,NY,AEA,EN,Federal Contract Tower,10,33,24,9,76,0,32,138,8,178,10,65,162,17,254,142,38,180,434
09/28/2006,SWF,NY,AEA,EN,Federal Contract Tower,12,31,32,6,81,0,10,46,0,56,12,41,78,6,137,6,14,20,157
09/29/2006,SWF,NY,AEA,EN,Federal Contract Tower,6,30,29,10,75,0,11,71,9,91,6,41,100,19,166,88,0,88,254
09/30/2006,SWF,NY,AEA,EN,Federal Contract Tower,3,27,37,3,70,0,10,104,11,125,3,37,141,14,195,212,0,212,407
10/01/2006,SWF,NY,AEA,EN,Federal Contract Tower,2,23,9,2,36,0,11,30,1,42,2,34,39,3,78,22,0,22,100
10/02/2006,SWF,NY,AEA,EN,Federal Contract Tower,4,22,26,5,57,0,21,67,15,103,4,43,93,20,160,56,0,56,216
10/03/2006,SWF,NY,AEA,EN,Federal Contract Tower,7,28,30,12,77,0,7,27,0,34,7,35,57,12,111,16,8,24,135
10/04/2006,SWF,NY,AEA,EN,Federal Contract Tower,5,29,22,9,65,0,22,69,5,96,5,51,91,14,161,66,0,66,227
10/05/2006,SWF,NY,AEA,EN,Federal Contract Tower,9,32,28,7,76,0,14,69,0,83,9,46,97,7,159,120,0,120,279
10/06/2006,SWF,NY,AEA,EN,Federal Contract Tower,8,31,34,11,84,0,14,112,18,144,8,45,146,29,228,152,22,174,402
10/07/2006,SWF,NY,AEA,EN,Federal Contract Tower,3,23,28,1,55,0,3,81,6,90,3,26,109,7,145,128,4,132,277
10/08/2006,SWF,NY,AEA,EN,Federal Contract Tower,2,26,26,1,55,0,7,127,4,138,2,33,153,5,193,114,0,114,307
10/09/2006,SWF,NY,AEA,EN,Federal Contract Tower,3,25,31,2,61,0,8,27,1,36,3,33,58,3,97,48,0,48,145
10/10/2006,SWF,NY,AEA,EN,Federal Contract Tower,4,44,36,11,95,0,8,49,3,60,4,52,85,14,155,6,0,6,161
10/11/2006,SWF,NY,AEA,EN,Federal Contract Tower,6,33,21,9,69,0,4,4,0,8,6,37,25,9,77,0,0,0,77
10/12/2006,SWF,NY,AEA,EN,Federal Contract Tower,10,43,37,6,96,0,5,43,0,48,10,48,80,6,144,0,0,0,144
10/13/2006,SWF,NY,AEA,EN,Federal Contract Tower,7,38,38,10,93,0,13,71,9,93,7,51,109,19,186,108,16,124,310
10/14/2006,SWF,NY,AEA,EN,Federal Contract Tower,3,24,15,1,43,0,7,64,4,75,3,31,79,5,118,58,0,58,176
10/15/2006,SWF,NY,AEA,EN,Federal Contract Tower,2,28,28,4,62,0,6,104,3,113,2,34,132,7,175,106,0,106,281
10/16/2006,SWF,NY,AEA,EN,Federal Contract Tower,1,27,19,8,55,0,2,22,1,25,1,29,41,9,80,32,12,44,124
10/17/2006,SWF,NY,AEA,EN,Federal Contract Tower,9,30,11,9,59,0,4,7,0,11,9,34,18,9,70,0,0,0,70
10/18/2006,SWF,NY,AEA,EN,Federal Contract Tower,10,31,30,8,79,0,7,58,14,79,10,38,88,22,158,72,4,76,234
10/19/2006,SWF,NY,AEA,EN,Federal Contract Tower,11,40,22,15,88,0,7,59,2,68,11,47,81,17,156,46,6,52,208
10/20/2006,SWF,NY,AEA,EN,Federal Contract Tower,9,34,27,11,81,0,2,29,0,31,9,36,56,11,112,0,0,0,112
10/21/2006,SWF,NY,AEA,EN,Federal Contract Tower,4,36,16,4,60,0,6,81,4,91,4,42,97,8,151,102,0,102,253
10/22/2006,SWF,NY,AEA,EN,Federal Contract Tower,3,30,25,5,63,0,4,68,0,72,3,34,93,5,135,88,0,88,223
10/23/2006,SWF,NY,AEA,EN,Federal Contract Tower,3,33,17,1,54,0,3,9,0,12,3,36,26,1,66,0,0,0,66
10/24/2006,SWF,NY,AEA,EN,Federal Contract Tower,10,21,20,7,58,0,20,78,30,128,10,41,98,37,186,74,20,94,280
10/25/2006,SWF,NY,AEA,EN,Federal Contract Tower,10,27,12,17,66,0,5,46,3,54,10,32,58,20,120,10,24,34,154
10/26/2006,SWF,NY,AEA,EN,Federal Contract Tower,9,26,23,7,65,0,22,89,14,125,9,48,112,21,190,64,24,88,278
10/27/2006,SWF,NY,AEA,EN,Federal Contract Tower,11,36,27,2,76,0,8,58,15,81,11,44,85,17,157,52,0,52,209
10/28/2006,SWF,NY,AEA,EN,Federal Contract Tower,3,31,7,0,41,0,0,0,0,0,3,31,7,0,41,0,0,0,41
10/29/2006,SWF,NY,AEA,EN,Federal Contract Tower,3,30,15,3,51,0,4,51,0,55,3,34,66,3,106,0,0,0,106
10/30/2006,SWF,NY,AEA,EN,Federal Contract Tower,1,30,35,6,72,0,4,49,3,56,1,34,84,9,128,32,0,32,160
10/31/2006,SWF,NY,AEA,EN,Federal Contract Tower,14,32,20,19,85,0,35,106,16,157,14,67,126,35,242,92,34,126,368
11/01/2006,SWF,NY,AEA,EN,Federal Contract Tower,6,37,28,4,75,0,12,33,4,49,6,49,61,8,124,112,6,118,242
11/02/2006,SWF,NY,AEA,EN,Federal Contract Tower,11,31,25,9,76,0,30,109,34,173,11,61,134,43,249,120,22,142,391
11/03/2006,SWF,NY,AEA,EN,Federal Contract Tower,9,32,33,8,82,0,20,79,31,130,9,52,112,39,212,174,10,184,396
11/04/2006,SWF,NY,AEA,EN,Federal Contract Tower,3,20,18,6,47,0,6,55,12,73,3,26,73,18,120,124,38,162,282
11/05/2006,SWF,NY,AEA,EN,Federal Contract Tower,1,39,24,8,72,0,0,41,1,42,1,39,65,9,114,44,0,44,158
11/06/2006,SWF,NY,AEA,EN,Federal Contract Tower,4,26,24,12,66,0,28,141,6,175,4,54,165,18,241,236,30,266,507
11/07/2006,SWF,NY,AEA,EN,Federal Contract Tower,11,31,33,12,87,0,9,60,5,74,11,40,93,17,161,88,22,110,271
11/08/2006,SWF,NY,AEA,EN,Federal Contract Tower,7,48,24,4,83,0,0,0,0,0,7,48,24,4,83,0,0,0,83
11/09/2006,SWF,NY,AEA,EN,Federal Contract Tower,10,42,29,0,81,0,37,110,2,149,10,79,139,2,230,178,0,178,408
11/10/2006,SWF,NY,AEA,EN,Federal Contract Tower,7,26,24,3,60,0,12,43,13,68,7,38,67,16,128,102,6,108,236
11/11/2006,SWF,NY,AEA,EN,Federal Contract Tower,2,30,7,0,39,0,6,17,0,23,2,36,24,0,62,38,0,38,100
11/12/2006,SWF,NY,AEA,EN,Federal Contract Tower,1,7,15,0,23,1,19,23,0,43,2,26,38,0,66,3,0,3,69
11/13/2006,SWF,NY,AEA,EN,Federal Contract Tower,6,25,21,5,57,0,0,2,0,2,6,25,23,5,59,0,0,0,59
11/14/2006,SWF,NY,AEA,EN,Federal Contract Tower,8,34,36,6,84,0,9,12,2,23,8,43,48,8,107,12,22,34,141
11/15/2006,SWF,NY,AEA,EN,Federal Contract Tower,11,29,28,16,84,0,8,17,0,25,11,37,45,16,109,0,2,2,111
11/16/2006,SWF,NY,AEA,EN,Federal Contract Tower,12,36,14,8,70,0,0,0,0,0,12,36,14,8,70,0,0,0,70
11/17/2006,SWF,NY,AEA,EN,Federal Contract Tower,10,33,21,6,70,0,1,30,4,35,10,34,51,10,105,80,12,92,197
11/18/2006,SWF,NY,AEA,EN,Federal Contract Tower,3,38,22,3,66,0,5,95,6,106,3,43,117,9,172,118,0,118,290
11/19/2006,SWF,NY,AEA,EN,Federal Contract Tower,3,29,16,0,48,0,9,31,0,40,3,38,47,0,88,26,0,26,114
11/20/2006,SWF,NY,AEA,EN,Federal Contract Tower,6,30,25,6,67,0,17,49,0,66,6,47,74,6,133,63,2,65,198
11/21/2006,SWF,NY,AEA,EN,Federal Contract Tower,7,36,26,8,77,0,32,114,22,168,7,68,140,30,245,214,14,228,473
11/22/2006,SWF,NY,AEA,EN,Federal Contract Tower,6,34,26,8,74,0,26,108,1,135,6,60,134,9,209,126,14,140,349
11/23/2006,SWF,NY,AEA,EN,Federal Contract Tower,2,21,4,0,27,0,3,0,0,3,2,24,4,0,30,0,0,0,30
11/24/2006,SWF,NY,AEA,EN,Federal Contract Tower,8,21,8,4,41,0,13,145,1,159,8,34,153,5,200,128,0,128,328
11/25/2006,SWF,NY,AEA,EN,Federal Contract Tower,2,27,10,0,39,0,4,118,0,122,2,31,128,0,161,140,0,140,301
11/26/2006,SWF,NY,AEA,EN,Federal Contract Tower,3,31,38,0,72,0,27,92,0,119,3,58,130,0,191,63,0,63,254
11/27/2006,SWF,NY,AEA,EN,Federal Contract Tower,2,31,35,5,73,0,11,72,9,92,2,42,107,14,165,67,8,75,240
11/28/2006,SWF,NY,AEA,EN,Federal Contract Tower,4,39,29,22,94,0,17,65,9,91,4,56,94,31,185,60,16,76,261
11/29/2006,SWF,NY,AEA,EN,Federal Contract Tower,8,41,46,3,98,0,3,15,8,26,8,44,61,11,124,0,0,0,124
11/30/2006,SWF,NY,AEA,EN,Federal Contract Tower,11,38,23,7,79,0,6,40,12,58,11,44,63,19,137,48,32,80,217
12/01/2006,SWF,NY,AEA,EN,Federal Contract Tower,12,29,25,4,70,0,6,16,3,25,12,35,41,7,95,0,0,0,95
12/02/2006,SWF,NY,AEA,EN,Federal Contract Tower,4,28,9,6,47,0,1,33,1,35,4,29,42,7,82,20,24,44,126
12/03/2006,SWF,NY,AEA,EN,Federal Contract Tower,2,24,26,6,58,0,13,57,0,70,2,37,83,6,128,118,0,118,246
12/04/2006,SWF,NY,AEA,EN,Federal Contract Tower,4,24,20,2,50,0,12,63,0,75,4,36,83,2,125,68,2,70,195
12/05/2006,SWF,NY,AEA,EN,Federal Contract Tower,10,40,28,5,83,0,17,111,11,139,10,57,139,16,222,122,20,142,364
12/06/2006,SWF,NY,AEA,EN,Federal Contract Tower,7,23,27,10,67,0,4,91,1,96,7,27,118,11,163,78,0,78,241
12/07/2006,SWF,NY,AEA,EN,Federal Contract Tower,8,30,21,8,67,0,4,40,4,48,8,34,61,12,115,92,8,100,215
12/08/2006,SWF,NY,AEA,EN,Federal Contract Tower,8,26,15,11,60,0,6,85,3,94,8,32,100,14,154,76,4,80,234
12/09/2006,SWF,NY,AEA,EN,Federal Contract Tower,3,30,24,1,58,0,3,33,0,36,3,33,57,1,94,44,0,44,138
12/10/2006,SWF,NY,AEA,EN,Federal Contract Tower,2,26,20,3,51,0,15,90,0,105,2,41,110,3,156,106,0,106,262
12/11/2006,SWF,NY,AEA,EN,Federal Contract Tower,5,22,38,8,73,0,16,80,7,103,5,38,118,15,176,122,36,158,334
12/12/2006,SWF,NY,AEA,EN,Federal Contract Tower,11,34,29,7,81,0,31,76,21,128,11,65,105,28,209,12,4,16,225
12/13/2006,SWF,NY,AEA,EN,Federal Contract Tower,15,26,17,11,69,0,3,18,0,21,15,29,35,11,90,20,0,20,110
12/14/2006,SWF,NY,AEA,EN,Federal Contract Tower,14,31,34,9,88,0,1,28,0,29,14,32,62,9,117,48,0,48,165
12/15/2006,SWF,NY,AEA,EN,Federal Contract Tower,15,31,42,5,93,0,3,19,0,22,15,34,61,5,115,38,2,40,155
12/16/2006,SWF,NY,AEA,EN,Federal Contract Tower,4,27,19,5,55,0,6,41,0,47,4,33,60,5,102,34,0,34,136
12/17/2006,SWF,NY,AEA,EN,Federal Contract Tower,4,25,9,4,42,0,7,61,0,68,4,32,70,4,110,70,0,70,180
12/18/2006,SWF,NY,AEA,EN,Federal Contract Tower,8,29,18,6,61,0,14,114,17,145,8,43,132,23,206,70,6,76,282
12/19/2006,SWF,NY,AEA,EN,Federal Contract Tower,18,27,17,6,68,0,16,97,14,127,18,43,114,20,195,80,0,80,275
12/20/2006,SWF,NY,AEA,EN,Federal Contract Tower,14,33,19,15,81,0,2,41,2,45,14,35,60,17,126,114,20,134,260
12/21/2006,SWF,NY,AEA,EN,Federal Contract Tower,17,24,19,6,66,0,3,42,0,45,17,27,61,6,111,0,72,72,183
12/22/2006,SWF,NY,AEA,EN,Federal Contract Tower,11,28,27,3,69,0,0,11,0,11,11,28,38,3,80,22,0,22,102
12/23/2006,SWF,NY,AEA,EN,Federal Contract Tower,14,34,18,0,66,0,0,17,0,17,14,34,35,0,83,0,0,0,83
12/24/2006,SWF,NY,AEA,EN,Federal Contract Tower,4,22,6,1,33,0,5,20,0,25,4,27,26,1,58,6,0,6,64
12/25/2006,SWF,NY,AEA,EN,Federal Contract Tower,5,23,5,0,33,0,3,8,0,11,5,26,13,0,44,0,0,0,44
12/26/2006,SWF,NY,AEA,EN,Federal Contract Tower,12,32,16,1,61,0,3,4,2,9,12,35,20,3,70,0,0,0,70
12/27/2006,SWF,NY,AEA,EN,Federal Contract Tower,13,25,23,4,65,0,14,67,8,89,13,39,90,12,154,42,0,42,196
12/28/2006,SWF,NY,AEA,EN,Federal Contract Tower,18,30,14,4,66,0,11,102,5,118,18,41,116,9,184,82,28,110,294
12/29/2006,SWF,NY,AEA,EN,Federal Contract Tower,12,31,20,7,70,0,5,41,0,46,12,36,61,7,116,38,10,48,164
12/30/2006,SWF,NY,AEA,EN,Federal Contract Tower,13,21,10,2,46,0,3,38,0,41,13,24,48,2,87,42,0,42,129
12/31/2006,SWF,NY,AEA,EN,Federal Contract Tower,4,28,18,1,51,0,0,43,0,43,4,28,61,1,94,65,0,65,159
01/01/2007,SWF,NY,AEA,EN,Federal Contract Tower,8,29,10,1,48,0,0,0,0,0,8,29,10,1,48,0,0,0,48
01/02/2007,SWF,NY,AEA,EN,Federal Contract Tower,11,26,23,0,60,0,10,69,8,87,11,36,92,8,147,64,0,64,211
01/03/2007,SWF,NY,AEA,EN,Federal Contract Tower,14,29,13,10,66,0,15,57,4,76,14,44,70,14,142,68,0,68,210
01/04/2007,SWF,NY,AEA,EN,Federal Contract Tower,13,30,25,8,76,0,8,114,3,125,13,38,139,11,201,116,4,120,321
01/05/2007,SWF,NY,AEA,EN,Federal Contract Tower,22,20,10,0,52,0,20,13,4,37,22,40,23,4,89,16,0,16,105
01/06/2007,SWF,NY,AEA,EN,Federal Contract Tower,16,23,19,7,65,0,7,21,0,28,16,30,40,7,93,11,0,11,104
01/07/2007,SWF,NY,AEA,EN,Federal Contract Tower,14,23,24,7,68,0,9,53,0,62,14,32,77,7,130,118,0,118,248
01/08/2007,SWF,NY,AEA,EN,Federal Contract Tower,18,33,24,3,78,0,7,20,0,27,18,40,44,3,105,40,0,40,145
01/09/2007,SWF,NY,AEA,EN,Federal Contract Tower,18,32,18,5,73,0,13,75,8,96,18,45,93,13,169,72,0,72,241
01/10/2007,SWF,NY,AEA,EN,Federal Contract Tower,20,25,9,10,64,0,9,92,2,103,20,34,101,12,167,28,6,34,201
01/11/2007,SWF,NY,AEA,EN,Federal Contract Tower,31,35,36,19,121,0,7,57,0,64,31,42,93,19,185,22,4,26,211
01/12/2007,SWF,NY,AEA,EN,Federal Contract Tower,31,25,32,4,92,0,20,70,2,92,31,45,102,6,184,82,10,92,276
01/13/2007,SWF,NY,AEA,EN,Federal Contract Tower,23,20,22,2,67,0,0,1,0,1,23,20,23,2,68,22,0,22,90
01/14/2007,SWF,NY,AEA,EN,Federal Contract Tower,21,20,3,0,44,0,0,0,0,0,21,20,3,0,44,0,0,0,44
01/15/2007,SWF,NY,AEA,EN,Federal Contract Tower,21,37,34,2,94,0,0,0,0,0,21,37,34,2,94,0,0,0,94
01/16/2007,SWF,NY,AEA,EN,Federal Contract Tower,26,34,17,15,92,0,20,96,8,124,26,54,113,23,216,34,60,94,310
01/17/2007,SWF,NY,AEA,EN,Federal Contract Tower,21,21,16,21,79,0,17,107,2,126,21,38,123,23,205,46,40,86,291
01/18/2007,SWF,NY,AEA,EN,Federal Contract Tower,23,34,23,19,99,0,26,25,0,51,23,60,48,19,150,22,14,36,186
01/19/2007,SWF,NY,AEA,EN,Federal Contract Tower,3,1,2,0,6,25,39,35,4,103,28,40,37,4,109,0,0,0,109
01/20/2007,SWF,NY,AEA,EN,Federal Contract Tower,24,19,11,5,59,0,0,0,0,0,24,19,11,5,59,0,0,0,59
01/21/2007,SWF,NY,AEA,EN,Federal Contract Tower,20,26,30,2,78,0,2,34,4,40,20,28,64,6,118,90,0,90,208
01/22/2007,SWF,NY,AEA,EN,Federal Contract Tower,22,20,19,16,77,0,10,41,0,51,22,30,60,16,128,48,18,66,194
01/23/2007,SWF,NY,AEA,EN,Federal Contract Tower,24,28,32,11,95,0,18,68,8,94,24,46,100,19,189,58,0,58,247
01/24/2007,SWF,NY,AEA,EN,Federal Contract Tower,24,25,30,6,85,0,9,88,3,100,24,34,118,9,185,62,34,96,281
01/25/2007,SWF,NY,AEA,EN,Federal Contract Tower,24,31,14,4,73,0,5,17,1,23,24,36,31,5,96,0,4,4,100
01/26/2007,SWF,NY,AEA,EN,Federal Contract Tower,27,28,23,3,81,0,17,48,0,65,27,45,71,3,146,54,0,54,200
01/27/2007,SWF,NY,AEA,EN,Federal Contract Tower,22,25,29,4,80,0,10,43,0,53,22,35,72,4,133,102,0,102,235
01/28/2007,SWF,NY,AEA,EN,Federal Contract Tower,20,27,31,1,79,0,7,61,2,70,20,34,92,3,149,144,0,144,293
01/29/2007,SWF,NY,AEA,EN,Federal Contract Tower,21,25,18,5,69,0,9,52,8,69,21,34,70,13,138,62,0,62,200
01/30/2007,SWF,NY,AEA,EN,Federal Contract Tower,24,9,30,12,75,0,0,53,3,56,24,9,83,15,131,52,16,68,199
01/31/2007,SWF,NY,AEA,EN,Federal Contract Tower,20,32,26,14,92,0,5,25,0,30,20,37,51,14,122,34,8,42,164
02/01/2007,SWF,NY,AEA,EN,Federal Contract Tower,29,25,23,11,88,0,15,30,1,46,29,40,53,12,134,30,4,34,168
02/02/2007,SWF,NY,AEA,EN,Federal Contract Tower,26,28,11,4,69,0,13,31,0,44,26,41,42,4,113,26,0,26,139
02/03/2007,SWF,NY,AEA,EN,Federal Contract Tower,24,31,17,5,77,0,10,79,9,98,24,41,96,14,175,104,10,114,289
02/04/2007,SWF,NY,AEA,EN,Federal Contract Tower,21,20,18,2,61,0,16,50,0,66,21,36,68,2,127,32,0,32,159
02/05/2007,SWF,NY,AEA,EN,Federal Contract Tower,22,28,18,4,72,0,5,37,0,42,22,33,55,4,114,74,12,86,200
02/06/2007,SWF,NY,AEA,EN,Federal Contract Tower,24,20,16,8,68,0,20,120,2,142,24,40,136,10,210,132,16,148,358
02/07/2007,SWF,NY,AEA,EN,Federal Contract Tower,23,29,16,6,74,0,9,101,6,116,23,38,117,12,190,114,16,130,320
02/08/2007,SWF,NY,AEA,EN,Federal Contract Tower,25,25,22,10,82,0,38,110,8,156,25,63,132,18,238,182,0,182,420
02/09/2007,SWF,NY,AEA,EN,Federal Contract Tower,26,25,20,7,78,0,11,69,0,80,26,36,89,7,158,102,0,102,260
02/10/2007,SWF,NY,AEA,EN,Federal Contract Tower,26,24,33,2,85,0,20,98,8,126,26,44,131,10,211,110,0,110,321
02/11/2007,SWF,NY,AEA,EN,Federal Contract Tower,21,16,18,2,57,0,10,101,7,118,21,26,119,9,175,116,0,116,291
02/12/2007,SWF,NY,AEA,EN,Federal Contract Tower,20,28,28,4,80,0,17,76,4,97,20,45,104,8,177,132,0,132,309
02/13/2007,SWF,NY,AEA,EN,Federal Contract Tower,24,19,18,3,64,0,18,56,9,83,24,37,74,12,147,8,0,8,155
02/14/2007,SWF,NY,AEA,EN,Federal Contract Tower,9,7,6,0,22,0,0,0,0,0,9,7,6,0,22,0,0,0,22
02/15/2007,SWF,NY,AEA,EN,Federal Contract Tower,24,28,14,2,68,0,9,29,0,38,24,37,43,2,106,0,0,0,106
02/16/2007,SWF,NY,AEA,EN,Federal Contract Tower,25,24,32,4,85,0,0,26,0,26,25,24,58,4,111,4,0,4,115
02/17/2007,SWF,NY,AEA,EN,Federal Contract Tower,24,30,21,1,76,0,7,96,0,103,24,37,117,1,179,104,0,104,283
02/18/2007,SWF,NY,AEA,EN,Federal Contract Tower,21,21,6,0,48,0,5,31,0,36,21,26,37,0,84,0,0,0,84
02/19/2007,SWF,NY,AEA,EN,Federal Contract Tower,23,22,21,1,67,0,2,28,2,32,23,24,49,3,99,34,0,34,133
02/20/2007,SWF,NY,AEA,EN,Federal Contract Tower,28,37,20,4,89,0,10,29,1,40,28,47,49,5,129,12,2,14,143
02/21/2007,SWF,NY,AEA,EN,Federal Contract Tower,29,28,17,15,89,0,13,75,2,90,29,41,92,17,179,34,0,34,213
02/22/2007,SWF,NY,AEA,EN,Federal Contract Tower,28,33,16,15,92,0,2,20,3,25,28,35,36,18,117,12,6,18,135
02/23/2007,SWF,NY,AEA,EN,Federal Contract Tower,25,27,24,9,85,0,19,77,15,111,25,46,101,24,196,24,20,44,240
02/24/2007,SWF,NY,AEA,EN,Federal Contract Tower,22,24,11,5,62,0,12,128,10,150,22,36,139,15,212,132,0,132,344
02/25/2007,SWF,NY,AEA,EN,Federal Contract Tower,20,17,31,4,72,0,13,65,2,80,20,30,96,6,152,60,0,60,212
02/26/2007,SWF,NY,AEA,EN,Federal Contract Tower,22,21,11,1,55,0,0,0,0,0,22,21,11,1,55,0,0,0,55
02/27/2007,SWF,NY,AEA,EN,Federal Contract Tower,25,24,19,7,75,0,6,61,4,71,25,30,80,11,146,50,8,58,204
02/28/2007,SWF,NY,AEA,EN,Federal Contract Tower,28,34,31,8,101,0,24,87,18,129,28,58,118,26,230,122,20,142,372
03/01/2007,SWF,NY,AEA,EN,Federal Contract Tower,25,24,27,4,80,0,18,68,0,86,25,42,95,4,166,112,0,112,278
03/02/2007,SWF,NY,AEA,EN,Federal Contract Tower,33,30,11,3,77,0,4,41,3,48,33,34,52,6,125,26,0,26,151
03/03/2007,SWF,NY,AEA,EN,Federal Contract Tower,23,26,18,6,73,0,6,92,2,100,23,32,110,8,173,146,0,146,319
03/04/2007,SWF,NY,AEA,EN,Federal Contract Tower,28,25,33,5,91,0,5,56,5,66,28,30,89,10,157,56,64,120,277
03/05/2007,SWF,NY,AEA,EN,Federal Contract Tower,22,23,15,5,65,0,8,38,0,46,22,31,53,5,111,18,0,18,129
03/06/2007,SWF,NY,AEA,EN,Federal Contract Tower,25,31,18,5,79,0,0,31,0,31,25,31,49,5,110,8,4,12,122
03/07/2007,SWF,NY,AEA,EN,Federal Contract Tower,30,28,23,2,83,0,14,40,0,54,30,42,63,2,137,6,0,6,143
03/08/2007,SWF,NY,AEA,EN,Federal Contract Tower,26,39,16,12,93,0,15,82,2,99,26,54,98,14,192,54,0,54,246
03/09/2007,SWF,NY,AEA,EN,Federal Contract Tower,25,28,29,5,87,0,29,117,1,147,25,57,146,6,234,116,4,120,354
03/10/2007,SWF,NY,AEA,EN,Federal Contract Tower,22,21,19,4,66,0,5,56,3,64,22,26,75,7,130,106,10,116,246
03/11/2007,SWF,NY,AEA,EN,Federal Contract Tower,21,21,19,4,65,0,8,33,1,42,21,29,52,5,107,144,0,144,251
03/12/2007,SWF,NY,AEA,EN,Federal Contract Tower,22,35,21,5,83,0,0,59,5,64,22,35,80,10,147,74,18,92,239
03/13/2007,SWF,NY,AEA,EN,Federal Contract Tower,28,22,8,7,65,0,21,80,8,109,28,43,88,15,174,70,24,94,268
03/14/2007,SWF,NY,AEA,EN,Federal Contract Tower,25,27,17,8,77,0,11,82,2,95,25,38,99,10,172,70,12,82,254
03/15/2007,SWF,NY,AEA,EN,Federal Contract Tower,3,1,1,0,5,23,44,73,3,143,26,45,74,3,148,62,8,70,218
03/16/2007,SWF,NY,AEA,EN,Federal Contract Tower,16,22,17,1,56,0,0,0,0,0,16,22,17,1,56,0,0,0,56
03/17/2007,SWF,NY,AEA,EN,Federal Contract Tower,18,16,16,0,50,0,1,4,0,5,18,17,20,0,55,42,0,42,97
03/18/2007,SWF,NY,AEA,EN,Federal Contract Tower,22,23,17,2,64,0,6,36,1,43,22,29,53,3,107,36,0,36,143
03/19/2007,SWF,NY,AEA,EN,Federal Contract Tower,22,26,19,7,74,1,16,37,6,60,23,42,56,13,134,34,12,46,180
03/20/2007,SWF,NY,AEA,EN,Federal Contract Tower,28,30,18,9,85,0,24,101,9,134,28,54,119,18,219,102,0,102,321
03/21/2007,SWF,NY,AEA,EN,Federal Contract Tower,26,31,20,10,87,0,11,75,8,94,26,42,95,18,181,100,8,108,289
03/22/2007,SWF,NY,AEA,EN,Federal Contract Tower,30,33,23,13,99,0,21,96,6,123,30,54,119,19,222,76,38,114,336
03/23/2007,SWF,NY,AEA,EN,Federal Contract Tower,29,37,29,6,101,0,18,97,7,122,29,55,126,13,223,110,6,116,339
03/24/2007,SWF,NY,AEA,EN,Federal Contract Tower,23,23,25,4,75,0,10,95,6,111,23,33,120,10,186,106,0,106,292
03/25/2007,SWF,NY,AEA,EN,Federal Contract Tower,26,23,21,3,73,0,10,80,1,91,26,33,101,4,164,84,4,88,252
03/26/2007,SWF,NY,AEA,EN,Federal Contract Tower,25,30,16,5,76,0,12,61,11,84,25,42,77,16,160,84,8,92,252
03/27/2007,SWF,NY,AEA,EN,Federal Contract Tower,25,24,22,7,78,0,30,102,18,150,25,54,124,25,228,110,2,112,340
03/28/2007,SWF,NY,AEA,EN,Federal Contract Tower,28,27,11,5,71,0,14,71,8,93,28,41,82,13,164,80,0,80,244
03/29/2007,SWF,NY,AEA,EN,Federal Contract Tower,26,30,18,4,78,0,17,115,12,144,26,47,133,16,222,106,4,110,332
03/30/2007,SWF,NY,AEA,EN,Federal Contract Tower,29,31,29,6,95,0,20,91,13,124,29,51,120,19,219,88,0,88,307
03/31/2007,SWF,NY,AEA,EN,Federal Contract Tower,25,28,27,3,83,0,12,78,7,97,25,40,105,10,180,130,0,130,310
04/01/2007,SWF,NY,AEA,EN,Federal Contract Tower,20,22,13,4,59,0,6,24,0,30,20,28,37,4,89,42,0,42,131
04/02/2007,SWF,NY,AEA,EN,Federal Contract Tower,24,36,12,3,75,0,2,3,0,5,24,38,15,3,80,0,0,0,80
04/03/2007,SWF,NY,AEA,EN,Federal Contract Tower,30,26,23,9,88,0,17,56,9,82,30,43,79,18,170,78,10,88,258
04/04/2007,SWF,NY,AEA,EN,Federal Contract Tower,29,25,23,3,80,0,0,0,0,0,29,25,23,3,80,0,0,0,80
04/05/2007,SWF,NY,AEA,EN,Federal Contract Tower,26,29,19,14,88,0,27,80,7,114,26,56,99,21,202,72,0,72,274
04/06/2007,SWF,NY,AEA,EN,Federal Contract Tower,25,29,19,3,76,1,10,32,2,45,26,39,51,5,121,22,0,22,143
04/07/2007,SWF,NY,AEA,EN,Federal Contract Tower,21,20,13,2,56,0,20,88,0,108,21,40,101,2,164,96,0,96,260
04/08/2007,SWF,NY,AEA,EN,Federal Contract Tower,22,31,11,0,64,0,0,40,0,40,22,31,51,0,104,52,0,52,156
04/09/2007,SWF,NY,AEA,EN,Federal Contract Tower,20,29,18,7,74,0,23,85,18,126,20,52,103,25,200,114,2,116,316
04/10/2007,SWF,NY,AEA,EN,Federal Contract Tower,28,32,26,6,92,0,19,72,21,112,28,51,98,27,204,106,4,110,314
04/11/2007,SWF,NY,AEA,EN,Federal Contract Tower,29,36,25,12,102,0,27,96,16,139,29,63,121,28,241,94,0,94,335
04/12/2007,SWF,NY,AEA,EN,Federal Contract Tower,26,26,21,12,85,0,0,0,0,0,26,26,21,12,85,0,0,0,85
04/13/2007,SWF,NY,AEA,EN,Federal Contract Tower,26,34,21,8,89,0,6,52,5,63,26,40,73,13,152,42,0,42,194
04/14/2007,SWF,NY,AEA,EN,Federal Contract Tower,23,29,24,14,90,0,10,100,30,140,23,39,124,44,230,80,40,120,350
04/15/2007,SWF,NY,AEA,EN,Federal Contract Tower,18,19,12,3,52,0,0,1,0,1,18,19,13,3,53,16,0,16,69
04/16/2007,SWF,NY,AEA,EN,Federal Contract Tower,25,19,26,2,72,0,0,0,0,0,25,19,26,2,72,0,0,0,72
04/17/2007,SWF,NY,AEA,EN,Federal Contract Tower,26,35,20,2,83,0,9,31,0,40,26,44,51,2,123,0,0,0,123
04/18/2007,SWF,NY,AEA,EN,Federal Contract Tower,32,29,19,13,93,0,22,86,10,118,32,51,105,23,211,76,32,108,319
04/19/2007,SWF,NY,AEA,EN,Federal Contract Tower,26,21,20,12,79,0,12,70,12,94,26,33,90,24,173,70,10,80,253
04/20/2007,SWF,NY,AEA,EN,Federal Contract Tower,26,36,23,9,94,0,10,64,17,91,26,46,87,26,185,68,8,76,261
04/21/2007,SWF,NY,AEA,EN,Federal Contract Tower,22,19,18,3,62,0,17,99,14,130,22,36,117,17,192,154,6,160,352
04/22/2007,SWF,NY,AEA,EN,Federal Contract Tower,21,21,20,1,63,0,21,132,4,157,21,42,152,5,220,132,0,132,352
04/23/2007,SWF,NY,AEA,EN,Federal Contract Tower,21,21,22,9,73,0,22,82,9,113,21,43,104,18,186,88,10,98,284
04/24/2007,SWF,NY,AEA,EN,Federal Contract Tower,20,29,18,7,74,0,23,85,18,126,20,52,103,25,200,114,2,116,316
04/25/2007,SWF,NY,AEA,EN,Federal Contract Tower,32,23,38,9,102,0,27,52,15,94,32,50,90,24,196,66,0,66,262
04/26/2007,SWF,NY,AEA,EN,Federal Contract Tower,28,25,27,7,87,0,4,47,5,56,28,29,74,12,143,92,8,100,243
04/27/2007,SWF,NY,AEA,EN,Federal Contract Tower,30,32,24,3,89,0,0,0,0,0,30,32,24,3,89,0,0,0,89
04/28/2007,SWF,NY,AEA,EN,Federal Contract Tower,28,25,15,12,80,0,8,64,2,74,28,33,79,14,154,102,0,102,256
04/29/2007,SWF,NY,AEA,EN,Federal Contract Tower,20,16,20,3,59,0,21,88,0,109,20,37,108,3,168,86,12,98,266
04/30/2007,SWF,NY,AEA,EN,Federal Contract Tower,23,26,12,0,61,0,8,65,0,73,23,34,77,0,134,32,0,32,166
05/01/2007,SWF,NY,AEA,EN,Federal Contract Tower,27,29,31,11,98,0,38,123,20,181,27,67,154,31,279,160,2,162,441
05/02/2007,SWF,NY,AEA,EN,Federal Contract Tower,24,31,25,10,90,0,21,46,15,82,24,52,71,25,172,48,0,48,220
05/03/2007,SWF,NY,AEA,EN,Federal Contract Tower,24,27,29,7,87,0,30,107,14,151,24,57,136,21,238,108,12,120,358
05/04/2007,SWF,NY,AEA,EN,Federal Contract Tower,24,25,16,8,73,0,25,90,15,130,24,50,106,23,203,72,0,72,275
05/05/2007,SWF,NY,AEA,EN,Federal Contract Tower,22,21,13,12,68,0,15,63,16,94,22,36,76,28,162,102,4,106,268
05/06/2007,SWF,NY,AEA,EN,Federal Contract Tower,19,26,17,6,68,0,13,86,11,110,19,39,103,17,178,82,4,86,264
05/07/2007,SWF,NY,AEA,EN,Federal Contract Tower,20,30,23,1,74,0,14,94,7,115,20,44,117,8,189,112,0,112,301
05/08/2007,SWF,NY,AEA,EN,Federal Contract Tower,27,27,24,7,85,0,19,118,14,151,27,46,142,21,236,112,6,118,354
05/09/2007,SWF,NY,AEA,EN,Federal Contract Tower,22,25,30,13,90,0,20,91,23,134,22,45,121,36,224,92,0,92,316
05/10/2007,SWF,NY,AEA,EN,Federal Contract Tower,25,27,14,8,74,0,5,57,2,64,25,32,71,10,138,14,0,14,152
05/11/2007,SWF,NY,AEA,EN,Federal Contract Tower,25,26,18,11,80,0,11,23,4,38,25,37,41,15,118,16,10,26,144
05/12/2007,SWF,NY,AEA,EN,Federal Contract Tower,26,27,15,1,69,0,13,54,7,74,26,40,69,8,143,80,0,80,223
05/13/2007,SWF,NY,AEA,EN,Federal Contract Tower,21,21,8,4,54,0,4,61,0,65,21,25,69,4,119,86,0,86,205
05/14/2007,SWF,NY,AEA,EN,Federal Contract Tower,22,26,19,7,74,0,16,86,3,105,22,42,105,10,179,66,0,66,245
05/15/2007,SWF,NY,AEA,EN,Federal Contract Tower,29,30,19,13,91,0,13,67,11,91,29,43,86,24,182,38,32,70,252
05/16/2007,SWF,NY,AEA,EN,Federal Contract Tower,37,44,26,7,114,0,11,34,10,55,37,55,60,17,169,26,36,62,231
05/17/2007,SWF,NY,AEA,EN,Federal Contract Tower,26,39,33,5,103,0,21,76,14,111,26,60,109,19,214,56,20,76,290
05/18/2007,SWF,NY,AEA,EN,Federal Contract Tower,25,35,25,4,89,0,8,55,0,63,25,43,80,4,152,6,4,10,162
05/19/2007,SWF,NY,AEA,EN,Federal Contract Tower,21,31,19,6,77,0,13,15,4,32,21,44,34,10,109,10,0,10,119
05/20/2007,SWF,NY,AEA,EN,Federal Contract Tower,17,29,17,7,70,0,13,69,7,89,17,42,86,14,159,84,0,84,243
05/21/2007,SWF,NY,AEA,EN,Federal Contract Tower,20,34,28,6,88,0,30,117,22,169,20,64,145,28,257,218,0,218,475
05/22/2007,SWF,NY,AEA,EN,Federal Contract Tower,25,29,38,9,101,0,24,104,13,141,25,53,142,22,242,94,8,102,344
05/23/2007,SWF,NY,AEA,EN,Federal Contract Tower,31,33,29,4,97,0,17,66,10,93,31,50,95,14,190,68,16,84,274
05/24/2007,SWF,NY,AEA,EN,Federal Contract Tower,25,30,38,8,101,0,34,98,7,139,25,64,136,15,240,82,0,82,322
05/25/2007,SWF,NY,AEA,EN,Federal Contract Tower,24,33,15,5,77,0,16,94,22,132,24,49,109,27,209,40,8,48,257
05/26/2007,SWF,NY,AEA,EN,Federal Contract Tower,19,28,9,5,61,0,26,66,0,92,19,54,75,5,153,30,0,30,183
05/27/2007,SWF,NY,AEA,EN,Federal Contract Tower,17,24,18,4,63,1,2,45,1,49,18,26,63,5,112,62,0,62,174
05/28/2007,SWF,NY,AEA,EN,Federal Contract Tower,20,36,15,0,71,0,18,68,2,88,20,54,83,2,159,0,0,0,159
05/29/2007,SWF,NY,AEA,EN,Federal Contract Tower,20,34,23,5,82,0,22,102,13,137,20,56,125,18,219,94,0,94,313
05/30/2007,SWF,NY,AEA,EN,Federal Contract Tower,25,35,23,9,92,0,22,93,31,146,25,57,116,40,238,104,6,110,348
05/31/2007,SWF,NY,AEA,EN,Federal Contract Tower,26,33,28,13,100,0,17,81,24,122,26,50,109,37,222,96,16,112,334
06/01/2007,SWF,NY,AEA,EN,Federal Contract Tower,27,39,23,6,95,0,3,37,4,44,27,42,60,10,139,64,0,64,203
06/02/2007,SWF,NY,AEA,EN,Federal Contract Tower,21,28,21,7,77,0,4,45,2,51,21,32,66,9,128,30,0,30,158
06/03/2007,SWF,NY,AEA,EN,Federal Contract Tower,18,29,23,6,76,0,8,47,3,58,18,37,70,9,134,26,0,26,160
06/04/2007,SWF,NY,AEA,EN,Federal Contract Tower,21,34,18,3,76,0,2,4,0,6,21,36,22,3,82,0,0,0,82
06/05/2007,SWF,NY,AEA,EN,Federal Contract Tower,30,35,23,14,102,0,12,46,4,62,30,47,69,18,164,56,22,78,242
06/06/2007,SWF,NY,AEA,EN,Federal Contract Tower,27,38,34,7,106,0,21,118,17,156,27,59,152,24,262,64,4,68,330
06/07/2007,SWF,NY,AEA,EN,Federal Contract Tower,23,31,29,10,93,0,12,113,7,132,23,43,142,17,225,90,6,96,321
06/08/2007,SWF,NY,AEA,EN,Federal Contract Tower,28,24,22,3,77,0,17,91,17,125,28,41,113,20,202,38,0,38,240
06/09/2007,SWF,NY,AEA,EN,Federal Contract Tower,30,38,22,6,96,0,33,149,12,194,30,71,171,18,290,140,0,140,430
06/10/2007,SWF,NY,AEA,EN,Federal Contract Tower,20,35,27,3,85,0,30,88,6,124,20,65,115,9,209,68,0,68,277
06/11/2007,SWF,NY,AEA,EN,Federal Contract Tower,18,29,17,8,72,0,14,95,14,123,18,43,112,22,195,126,0,126,321
06/12/2007,SWF,NY,AEA,EN,Federal Contract Tower,25,30,27,6,88,0,24,80,8,112,25,54,107,14,200,74,0,74,274
06/13/2007,SWF,NY,AEA,EN,Federal Contract Tower,26,33,23,10,92,0,12,64,1,77,26,45,87,11,169,24,0,24,193
06/14/2007,SWF,NY,AEA,EN,Federal Contract Tower,27,34,35,1,97,0,17,42,6,65,27,51,77,7,162,34,10,44,206
06/15/2007,SWF,NY,AEA,EN,Federal Contract Tower,23,37,32,9,101,0,25,116,7,148,23,62,148,16,249,136,0,136,385
06/16/2007,SWF,NY,AEA,EN,Federal Contract Tower,35,28,10,5,78,0,22,95,8,125,35,50,105,13,203,88,8,96,299
06/17/2007,SWF,NY,AEA,EN,Federal Contract Tower,18,24,18,2,62,0,29,109,2,140,18,53,127,4,202,106,2,108,310
06/18/2007,SWF,NY,AEA,EN,Federal Contract Tower,20,33,37,6,96,0,17,103,3,123,20,50,140,9,219,108,14,122,341
06/19/2007,SWF,NY,AEA,EN,Federal Contract Tower,19,32,25,7,83,0,8,50,5,63,19,40,75,12,146,70,8,78,224
06/20/2007,SWF,NY,AEA,EN,Federal Contract Tower,34,33,34,2,103,0,8,44,11,63,34,41,78,13,166,56,12,68,234
06/21/2007,SWF,NY,AEA,EN,Federal Contract Tower,28,42,30,4,104,0,3,43,6,52,28,45,73,10,156,82,0,82,238
06/22/2007,SWF,NY,AEA,EN,Federal Contract Tower,31,28,29,7,95,0,9,91,13,113,31,37,120,20,208,42,16,58,266
06/23/2007,SWF,NY,AEA,EN,Federal Contract Tower,21,32,23,3,79,0,23,142,2,167,21,55,165,5,246,128,0,128,374
06/24/2007,SWF,NY,AEA,EN,Federal Contract Tower,16,31,26,0,73,0,19,100,6,125,16,50,126,6,198,106,0,106,304
06/25/2007,SWF,NY,AEA,EN,Federal Contract Tower,23,34,40,7,104,0,14,79,6,99,23,48,119,13,203,58,0,58,261
06/26/2007,SWF,NY,AEA,EN,Federal Contract Tower,26,31,33,7,97,0,16,59,12,87,26,47,92,19,184,94,4,98,282
06/27/2007,SWF,NY,AEA,EN,Federal Contract Tower,25,36,18,4,83,0,3,14,0,17,25,39,32,4,100,10,0,10,110
06/28/2007,SWF,NY,AEA,EN,Federal Contract Tower,38,37,37,6,118,1,5,13,3,22,39,42,50,9,140,0,0,0,140
06/29/2007,SWF,NY,AEA,EN,Federal Contract Tower,28,37,30,6,101,0,28,97,12,137,28,65,127,18,238,124,0,124,362
06/30/2007,SWF,NY,AEA,EN,Federal Contract Tower,22,33,25,2,82,0,25,115,8,148,22,58,140,10,230,100,0,100,330
07/01/2007,SWF,NY,AEA,EN,Federal Contract Tower,18,30,26,0,74,0,7,95,0,102,18,37,121,0,176,96,0,96,272
07/02/2007,SWF,NY,AEA,EN,Federal Contract Tower,19,34,20,4,77,0,19,80,1,100,19,53,100,5,177,44,0,44,221
07/03/2007,SWF,NY,AEA,EN,Federal Contract Tower,25,29,31,9,94,0,15,123,10,148,25,44,154,19,242,88,30,118,360
07/04/2007,SWF,NY,AEA,EN,Federal Contract Tower,20,22,11,0,53,0,3,13,2,18,20,25,24,2,71,4,0,4,75
07/05/2007,SWF,NY,AEA,EN,Federal Contract Tower,19,33,31,5,88,0,2,28,0,30,19,35,59,5,118,48,4,52,170
07/06/2007,SWF,NY,AEA,EN,Federal Contract Tower,26,37,16,4,83,0,4,67,3,74,26,41,83,7,157,0,0,0,157
07/07/2007,SWF,NY,AEA,EN,Federal Contract Tower,20,32,28,1,81,0,14,99,0,113,20,46,127,1,194,86,0,86,280
07/08/2007,SWF,NY,AEA,EN,Federal Contract Tower,21,32,17,1,71,0,17,90,0,107,21,49,107,1,178,108,0,108,286
07/09/2007,SWF,NY,AEA,EN,Federal Contract Tower,21,37,22,4,84,0,14,104,8,126,21,51,126,12,210,106,0,106,316
07/10/2007,SWF,NY,AEA,EN,Federal Contract Tower,24,42,18,5,89,0,19,57,0,76,24,61,75,5,165,54,0,54,219
07/11/2007,SWF,NY,AEA,EN,Federal Contract Tower,37,34,18,2,91,0,8,11,1,20,37,42,29,3,111,4,0,4,115
07/12/2007,SWF,NY,AEA,EN,Federal Contract Tower,28,36,31,10,105,0,18,85,13,116,28,54,116,23,221,100,4,104,325
07/13/2007,SWF,NY,AEA,EN,Federal Contract Tower,30,36,17,9,92,0,12,78,18,108,30,48,95,27,200,84,10,94,294
07/14/2007,SWF,NY,AEA,EN,Federal Contract Tower,20,30,20,5,75,0,7,96,4,107,20,37,116,9,182,116,0,116,298
07/15/2007,SWF,NY,AEA,EN,Federal Contract Tower,21,32,13,11,77,0,18,60,10,88,21,50,73,21,165,26,14,40,205
07/16/2007,SWF,NY,AEA,EN,Federal Contract Tower,20,35,22,7,84,0,11,106,26,143,20,46,128,33,227,100,18,118,345
07/17/2007,SWF,NY,AEA,EN,Federal Contract Tower,25,34,12,8,79,0,13,53,10,76,25,47,65,18,155,50,0,50,205
07/18/2007,SWF,NY,AEA,EN,Federal Contract Tower,35,45,16,2,98,0,2,14,0,16,35,47,30,2,114,46,0,46,160
07/19/2007,SWF,NY,AEA,EN,Federal Contract Tower,22,32,21,2,77,0,2,56,15,73,22,34,77,17,150,0,0,0,150
07/20/2007,SWF,NY,AEA,EN,Federal Contract Tower,24,46,23,6,99,0,24,111,46,181,24,70,134,52,280,80,6,86,366
07/21/2007,SWF,NY,AEA,EN,Federal Contract Tower,20,36,24,1,81,0,18,145,21,184,20,54,169,22,265,88,12,100,365
07/22/2007,SWF,NY,AEA,EN,Federal Contract Tower,24,33,23,2,82,0,12,86,32,130,24,45,109,34,212,78,20,98,310
07/23/2007,SWF,NY,AEA,EN,Federal Contract Tower,21,38,19,5,83,0,0,6,0,6,21,38,25,5,89,0,0,0,89
07/24/2007,SWF,NY,AEA,EN,Federal Contract Tower,29,36,36,14,115,0,9,100,33,142,29,45,136,47,257,64,24,88,345
07/25/2007,SWF,NY,AEA,EN,Federal Contract Tower,28,38,24,6,96,0,5,73,15,93,28,43,97,21,189,40,0,40,229
07/26/2007,SWF,NY,AEA,EN,Federal Contract Tower,0,0,0,0,0,26,45,107,21,199,26,45,107,21,199,108,10,118,317
07/27/2007,SWF,NY,AEA,EN,Federal Contract Tower,0,0,0,0,0,31,63,119,31,244,31,63,119,31,244,30,0,30,274
07/28/2007,SWF,NY,AEA,EN,Federal Contract Tower,18,34,24,1,77,0,13,62,19,94,18,47,86,20,171,76,14,90,261
07/29/2007,SWF,NY,AEA,EN,Federal Contract Tower,34,43,20,1,98,0,0,36,2,38,34,43,56,3,136,40,0,40,176
07/30/2007,SWF,NY,AEA,EN,Federal Contract Tower,25,31,18,5,79,0,7,48,13,68,25,38,66,18,147,88,6,94,241
07/31/2007,SWF,NY,AEA,EN,Federal Contract Tower,25,31,29,13,98,0,9,43,18,70,25,40,72,31,168,82,10,92,260
08/01/2007,SWF,NY,AEA,EN,Federal Contract Tower,26,33,20,6,85,0,2,81,28,111,26,35,101,34,196,70,12,82,278
08/02/2007,SWF,NY,AEA,EN,Federal Contract Tower,0,0,0,0,0,28,56,138,54,276,28,56,138,54,276,142,20,162,438
08/03/2007,SWF,NY,AEA,EN,Federal Contract Tower,26,39,26,4,95,0,13,62,11,86,26,52,88,15,181,50,0,50,231
08/04/2007,SWF,NY,AEA,EN,Federal Contract Tower,26,31,23,0,80,0,20,99,6,125,26,51,122,6,205,130,0,130,335
08/05/2007,SWF,NY,AEA,EN,Federal Contract Tower,19,32,14,3,68,0,23,132,12,167,19,55,146,15,235,146,0,146,381
08/06/2007,SWF,NY,AEA,EN,Federal Contract Tower,23,36,20,6,85,0,9,103,0,112,23,45,123,6,197,36,6,42,239
08/07/2007,SWF,NY,AEA,EN,Federal Contract Tower,27,34,22,6,89,0,4,37,11,52,27,38,59,17,141,42,12,54,195
08/08/2007,SWF,NY,AEA,EN,Federal Contract Tower,38,31,27,13,109,0,38,100,18,156,38,69,127,31,265,36,90,126,391
08/09/2007,SWF,NY,AEA,EN,Federal Contract Tower,22,30,22,9,83,2,17,101,17,137,24,47,123,26,220,42,10,52,272
08/10/2007,SWF,NY,AEA,EN,Federal Contract Tower,28,34,38,4,104,1,1,0,0,2,29,35,38,4,106,0,0,0,106
08/11/2007,SWF,NY,AEA,EN,Federal Contract Tower,21,31,13,12,77,0,23,76,25,124,21,54,89,37,201,72,12,84,285
08/12/2007,SWF,NY,AEA,EN,Federal Contract Tower,16,30,25,7,78,0,16,91,13,120,16,46,116,20,198,122,4,126,324
08/13/2007,SWF,NY,AEA,EN,Federal Contract Tower,23,34,19,11,87,0,10,63,14,87,23,44,82,25,174,66,36,102,276
08/14/2007,SWF,NY,AEA,EN,Federal Contract Tower,27,30,20,8,85,0,4,64,5,73,27,34,84,13,158,20,0,20,178
08/15/2007,SWF,NY,AEA,EN,Federal Contract Tower,28,32,19,8,87,0,21,98,14,133,28,53,117,22,220,50,6,56,276
08/16/2007,SWF,NY,AEA,EN,Federal Contract Tower,22,36,30,3,91,0,23,93,19,135,22,59,123,22,226,80,10,90,316
08/17/2007,SWF,NY,AEA,EN,Federal Contract Tower,44,33,29,6,112,0,13,67,6,86,44,46,96,12,198,24,0,24,222
08/18/2007,SWF,NY,AEA,EN,Federal Contract Tower,21,33,24,4,82,0,5,64,11,80,21,38,88,15,162,46,26,72,234
08/19/2007,SWF,NY,AEA,EN,Federal Contract Tower,19,28,30,2,79,0,9,124,1,134,19,37,154,3,213,126,0,126,339
08/20/2007,SWF,NY,AEA,EN,Federal Contract Tower,18,30,26,7,81,0,5,38,11,54,18,35,64,18,135,40,8,48,183
08/21/2007,SWF,NY,AEA,EN,Federal Contract Tower,27,25,20,10,82,0,3,11,0,14,27,28,31,10,96,0,0,0,96
08/22/2007,SWF,NY,AEA,EN,Federal Contract Tower,24,30,22,3,79,0,0,38,0,38,24,30,60,3,117,6,0,6,123
08/23/2007,SWF,NY,AEA,EN,Federal Contract Tower,24,36,26,5,91,0,15,19,0,34,24,51,45,5,125,0,0,0,125
08/24/2007,SWF,NY,AEA,EN,Federal Contract Tower,24,38,24,3,89,0,10,51,0,61,24,48,75,3,150,84,0,84,234
08/25/2007,SWF,NY,AEA,EN,Federal Contract Tower,27,35,27,2,91,0,2,29,0,31,27,37,56,2,122,20,0,20,142
08/26/2007,SWF,NY,AEA,EN,Federal Contract Tower,21,28,33,3,85,0,4,36,6,46,21,32,69,9,131,54,6,60,191
08/27/2007,SWF,NY,AEA,EN,Federal Contract Tower,22,28,19,2,71,0,9,43,4,56,22,37,62,6,127,48,8,56,183
08/28/2007,SWF,NY,AEA,EN,Federal Contract Tower,26,24,32,17,99,0,16,122,32,170,26,40,154,49,269,82,32,114,383
08/29/2007,SWF,NY,AEA,EN,Federal Contract Tower,25,33,45,2,105,0,5,116,10,131,25,38,161,12,236,138,10,148,384
08/30/2007,SWF,NY,AEA,EN,Federal Contract Tower,25,30,24,12,91,0,6,81,3,90,25,36,105,15,181,50,4,54,235
08/31/2007,SWF,NY,AEA,EN,Federal Contract Tower,30,37,19,5,91,0,12,34,4,50,30,49,53,9,141,8,0,8,149
09/01/2007,SWF,NY,AEA,EN,Federal Contract Tower,19,23,8,0,50,0,4,58,6,68,19,27,66,6,118,54,0,54,172
09/02/2007,SWF,NY,AEA,EN,Federal Contract Tower,21,25,16,3,65,0,13,117,5,135,21,38,133,8,200,104,0,104,304
09/03/2007,SWF,NY,AEA,EN,Federal Contract Tower,22,31,28,3,84,0,5,76,4,85,22,36,104,7,169,50,2,52,221
09/04/2007,SWF,NY,AEA,EN,Federal Contract Tower,20,32,19,5,76,0,9,90,24,123,20,41,109,29,199,42,22,64,263
09/05/2007,SWF,NY,AEA,EN,Federal Contract Tower,23,31,24,7,85,0,0,0,0,0,23,31,24,7,85,88,12,100,185
09/06/2007,SWF,NY,AEA,EN,Federal Contract Tower,19,26,31,7,83,3,29,94,13,139,22,55,125,20,222,106,2,108,330
09/07/2007,SWF,NY,AEA,EN,Federal Contract Tower,25,33,27,1,86,0,14,67,12,93,25,47,94,13,179,44,0,44,223
09/08/2007,SWF,NY,AEA,EN,Federal Contract Tower,22,26,17,6,71,0,14,67,16,97,22,40,84,22,168,34,2,36,204
09/09/2007,SWF,NY,AEA,EN,Federal Contract Tower,18,31,26,2,77,0,2,50,1,53,18,33,76,3,130,52,2,54,184
09/10/2007,SWF,NY,AEA,EN,Federal Contract Tower,25,31,24,2,82,0,0,8,2,10,25,31,32,4,92,0,0,0,92
09/11/2007,SWF,NY,AEA,EN,Federal Contract Tower,31,30,24,3,88,0,0,6,0,6,31,30,30,3,94,0,0,0,94
09/12/2007,SWF,NY,AEA,EN,Federal Contract Tower,28,37,10,6,81,0,22,125,19,166,28,59,135,25,247,84,20,104,351
09/13/2007,SWF,NY,AEA,EN,Federal Contract Tower,21,27,15,6,69,0,11,99,8,118,21,38,114,14,187,120,2,122,309
09/14/2007,SWF,NY,AEA,EN,Federal Contract Tower,26,29,25,6,86,0,12,63,11,86,26,41,88,17,172,46,0,46,218
09/15/2007,SWF,NY,AEA,EN,Federal Contract Tower,19,26,18,1,64,0,1,15,1,17,19,27,33,2,81,24,0,24,105
09/16/2007,SWF,NY,AEA,EN,Federal Contract Tower,20,21,16,1,58,0,9,103,2,114,20,30,119,3,172,100,4,104,276
09/17/2007,SWF,NY,AEA,EN,Federal Contract Tower,23,23,22,4,72,0,18,103,10,131,23,41,125,14,203,92,4,96,299
09/18/2007,SWF,NY,AEA,EN,Federal Contract Tower,28,33,31,6,98,0,20,112,18,150,28,53,143,24,248,128,20,148,396
09/19/2007,SWF,NY,AEA,EN,Federal Contract Tower,23,29,24,10,86,0,22,110,10,142,23,51,134,20,228,100,34,134,362
09/20/2007,SWF,NY,AEA,EN,Federal Contract Tower,25,26,18,13,82,0,20,91,20,131,25,46,109,33,213,100,30,130,343
09/21/2007,SWF,NY,AEA,EN,Federal Contract Tower,23,30,27,2,82,0,9,41,5,55,23,39,68,7,137,66,0,66,203
09/22/2007,SWF,NY,AEA,EN,Federal Contract Tower,29,25,24,2,80,0,3,28,0,31,29,28,52,2,111,14,0,14,125
09/23/2007,SWF,NY,AEA,EN,Federal Contract Tower,27,31,30,2,90,0,3,68,0,71,27,34,98,2,161,24,0,24,185
09/24/2007,SWF,NY,AEA,EN,Federal Contract Tower,24,35,21,15,95,0,16,118,30,164,24,51,139,45,259,76,10,86,345
09/25/2007,SWF,NY,AEA,EN,Federal Contract Tower,26,27,16,8,77,0,22,127,29,178,26,49,143,37,255,126,18,144,399
09/26/2007,SWF,NY,AEA,EN,Federal Contract Tower,28,25,15,11,79,0,28,96,13,137,28,53,111,24,216,94,18,112,328
09/27/2007,SWF,NY,AEA,EN,Federal Contract Tower,33,28,40,16,117,0,12,72,7,91,33,40,112,23,208,86,12,98,306
09/28/2007,SWF,NY,AEA,EN,Federal Contract Tower,30,32,21,12,95,0,12,102,23,137,30,44,123,35,232,82,16,98,330
09/29/2007,SWF,NY,AEA,EN,Federal Contract Tower,22,25,21,1,69,0,7,60,8,75,22,32,81,9,144,104,6,110,254
09/30/2007,SWF,NY,AEA,EN,Federal Contract Tower,18,23,13,0,54,0,3,85,0,88,18,26,98,0,142,42,0,42,184
10/01/2007,SWF,NY,AEA,EN,Federal Contract Tower,21,28,26,4,79,0,10,82,13,105,21,38,108,17,184,98,2,100,284
10/02/2007,SWF,NY,AEA,EN,Federal Contract Tower,28,31,41,7,107,0,13,83,12,108,28,44,124,19,215,72,0,72,287
10/03/2007,SWF,NY,AEA,EN,Federal Contract Tower,31,32,25,4,92,0,7,20,6,33,31,39,45,10,125,18,0,18,143
10/04/2007,SWF,NY,AEA,EN,Federal Contract Tower,31,26,17,3,77,0,12,61,10,83,31,38,78,13,160,44,0,44,204
10/05/2007,SWF,NY,AEA,EN,Federal Contract Tower,27,28,32,4,91,0,6,75,12,93,27,34,107,16,184,18,0,18,202
10/06/2007,SWF,NY,AEA,EN,Federal Contract Tower,23,43,23,3,92,2,9,78,14,103,25,52,101,17,195,110,32,142,337
10/07/2007,SWF,NY,AEA,EN,Federal Contract Tower,19,26,23,0,68,0,18,86,2,106,19,44,109,2,174,48,0,48,222
10/08/2007,SWF,NY,AEA,EN,Federal Contract Tower,21,28,30,2,81,0,0,0,0,0,21,28,30,2,81,54,78,132,213
10/09/2007,SWF,NY,AEA,EN,Federal Contract Tower,21,28,17,13,79,0,13,38,3,54,21,41,55,16,133,0,42,42,175
10/10/2007,SWF,NY,AEA,EN,Federal Contract Tower,29,30,23,11,93,0,0,0,0,0,29,30,23,11,93,0,0,0,93
10/11/2007,SWF,NY,AEA,EN,Federal Contract Tower,30,31,26,13,100,0,0,0,0,0,30,31,26,13,100,0,0,0,100
10/12/2007,SWF,NY,AEA,EN,Federal Contract Tower,30,28,47,2,107,0,2,45,4,51,30,30,92,6,158,60,4,64,222
10/13/2007,SWF,NY,AEA,EN,Federal Contract Tower,23,23,13,4,63,0,1,60,7,68,23,24,73,11,131,48,8,56,187
10/14/2007,SWF,NY,AEA,EN,Federal Contract Tower,20,27,27,8,82,0,6,88,8,102,20,33,115,16,184,64,26,90,274
10/15/2007,SWF,NY,AEA,EN,Federal Contract Tower,19,36,39,10,104,0,25,109,25,159,19,61,148,35,263,106,0,106,369
10/16/2007,SWF,NY,AEA,EN,Federal Contract Tower,26,29,24,6,85,0,13,135,12,160,26,42,159,18,245,76,8,84,329
10/17/2007,SWF,NY,AEA,EN,Federal Contract Tower,27,29,29,3,88,0,7,67,5,79,27,36,96,8,167,68,0,68,235
10/18/2007,SWF,NY,AEA,EN,Federal Contract Tower,28,43,36,3,110,0,12,113,16,141,28,55,149,19,251,62,10,72,323
10/19/2007,SWF,NY,AEA,EN,Federal Contract Tower,32,40,22,13,107,0,0,0,0,0,32,40,22,13,107,0,0,0,107
10/20/2007,SWF,NY,AEA,EN,Federal Contract Tower,20,33,33,5,91,0,3,44,4,51,20,36,77,9,142,66,0,66,208
10/21/2007,SWF,NY,AEA,EN,Federal Contract Tower,19,26,20,1,66,0,7,101,7,115,19,33,121,8,181,138,0,138,319
10/22/2007,SWF,NY,AEA,EN,Federal Contract Tower,17,19,32,3,71,0,14,75,18,107,17,33,107,21,178,106,0,106,284
10/23/2007,SWF,NY,AEA,EN,Federal Contract Tower,23,31,22,11,87,0,17,87,7,111,23,48,109,18,198,58,16,74,272
10/24/2007,SWF,NY,AEA,EN,Federal Contract Tower,27,28,18,9,82,0,0,4,1,5,27,28,22,10,87,0,0,0,87
10/25/2007,SWF,NY,AEA,EN,Federal Contract Tower,27,28,18,12,85,0,11,47,3,61,27,39,65,15,146,0,0,0,146
10/26/2007,SWF,NY,AEA,EN,Federal Contract Tower,23,40,31,3,97,0,2,12,4,18,23,42,43,7,115,4,10,14,129
10/27/2007,SWF,NY,AEA,EN,Federal Contract Tower,22,31,12,6,71,0,0,22,0,22,22,31,34,6,93,38,0,38,131
10/28/2007,SWF,NY,AEA,EN,Federal Contract Tower,19,27,23,4,73,0,17,108,2,127,19,44,131,6,200,148,0,148,348
10/29/2007,SWF,NY,AEA,EN,Federal Contract Tower,23,27,22,13,85,0,17,123,18,158,23,44,145,31,243,124,14,138,381
10/30/2007,SWF,NY,AEA,EN,Federal Contract Tower,25,30,18,21,94,0,12,105,48,165,25,42,123,69,259,80,48,128,387
10/31/2007,SWF,NY,AEA,EN,Federal Contract Tower,24,27,34,10,95,0,15,116,26,157,24,42,150,36,252,68,28,96,348
11/01/2007,SWF,NY,AEA,EN,Federal Contract Tower,30,34,31,14,109,0,1,47,4,52,30,35,78,18,161,68,8,76,237
11/02/2007,SWF,NY,AEA,EN,Federal Contract Tower,25,30,26,9,90,0,0,69,14,83,25,30,95,23,173,64,4,68,241
11/03/2007,SWF,NY,AEA,EN,Federal Contract Tower,22,32,13,1,68,0,2,30,0,32,22,34,43,1,100,26,0,26,126
11/04/2007,SWF,NY,AEA,EN,Federal Contract Tower,24,31,28,6,89,0,8,85,2,95,24,39,113,8,184,114,4,118,302
11/05/2007,SWF,NY,AEA,EN,Federal Contract Tower,25,24,33,7,89,0,7,57,6,70,25,31,90,13,159,82,16,98,257
11/06/2007,SWF,NY,AEA,EN,Federal Contract Tower,24,29,21,8,82,0,22,99,6,127,24,51,120,14,209,114,0,114,323
11/07/2007,SWF,NY,AEA,EN,Federal Contract Tower,28,27,30,6,91,0,6,127,11,144,28,33,157,17,235,76,0,76,311
11/08/2007,SWF,NY,AEA,EN,Federal Contract Tower,29,29,26,10,94,0,7,125,7,139,29,36,151,17,233,100,0,100,333
11/09/2007,SWF,NY,AEA,EN,Federal Contract Tower,27,27,17,5,76,0,0,61,5,66,27,27,78,10,142,38,0,38,180
11/10/2007,SWF,NY,AEA,EN,Federal Contract Tower,26,31,14,1,72,0,11,109,23,143,26,42,123,24,215,110,0,110,325
11/11/2007,SWF,NY,AEA,EN,Federal Contract Tower,17,25,24,0,66,0,4,102,0,106,17,29,126,0,172,126,0,126,298
11/12/2007,SWF,NY,AEA,EN,Federal Contract Tower,27,26,21,2,76,0,19,118,1,138,27,45,139,3,214,134,0,134,348
11/13/2007,SWF,NY,AEA,EN,Federal Contract Tower,28,30,23,7,88,0,19,89,3,111,28,49,112,10,199,62,10,72,271
11/14/2007,SWF,NY,AEA,EN,Federal Contract Tower,41,55,32,7,135,0,12,118,2,132,41,67,150,9,267,52,0,52,319
11/15/2007,SWF,NY,AEA,EN,Federal Contract Tower,27,41,26,12,106,0,0,18,2,20,27,41,44,14,126,32,8,40,166
11/16/2007,SWF,NY,AEA,EN,Federal Contract Tower,32,33,31,12,108,0,0,42,0,42,32,33,73,12,150,0,0,0,150
11/17/2007,SWF,NY,AEA,EN,Federal Contract Tower,27,29,29,1,86,0,0,0,0,0,27,29,29,1,86,96,8,104,190
11/18/2007,SWF,NY,AEA,EN,Federal Contract Tower,21,27,9,3,60,0,16,107,2,125,21,43,116,5,185,182,0,182,367
11/19/2007,SWF,NY,AEA,EN,Federal Contract Tower,25,33,15,5,78,0,9,27,5,41,25,42,42,10,119,50,0,50,169
11/20/2007,SWF,NY,AEA,EN,Federal Contract Tower,30,36,36,4,106,0,0,0,0,0,30,36,36,4,106,0,0,0,106
11/21/2007,SWF,NY,AEA,EN,Federal Contract Tower,30,34,57,4,125,0,0,3,0,3,30,34,60,4,128,0,0,0,128
11/22/2007,SWF,NY,AEA,EN,Federal Contract Tower,19,28,7,0,54,0,0,3,0,3,19,28,10,0,57,4,0,4,61
11/23/2007,SWF,NY,AEA,EN,Federal Contract Tower,27,21,15,1,64,0,13,76,0,89,27,34,91,1,153,128,0,128,281
11/24/2007,SWF,NY,AEA,EN,Federal Contract Tower,28,36,15,0,79,1,9,104,0,114,29,45,119,0,193,130,0,130,323
11/25/2007,SWF,NY,AEA,EN,Federal Contract Tower,23,36,55,0,114,0,10,111,0,121,23,46,166,0,235,144,0,144,379
11/26/2007,SWF,NY,AEA,EN,Federal Contract Tower,31,42,32,11,116,0,0,0,0,0,31,42,32,11,116,0,0,0,116
11/27/2007,SWF,NY,AEA,EN,Federal Contract Tower,33,36,28,4,101,0,2,82,13,97,33,38,110,17,198,68,0,68,266
11/28/2007,SWF,NY,AEA,EN,Federal Contract Tower,30,33,29,6,98,0,7,114,9,130,30,40,143,15,228,110,8,118,346
11/29/2007,SWF,NY,AEA,EN,Federal Contract Tower,27,34,25,5,91,0,8,65,4,77,27,42,90,9,168,62,8,70,238
11/30/2007,SWF,NY,AEA,EN,Federal Contract Tower,29,22,29,13,93,0,20,146,5,171,29,42,175,18,264,210,24,234,498
12/01/2007,SWF,NY,AEA,EN,Federal Contract Tower,28,31,17,7,83,0,9,114,10,133,28,40,131,17,216,112,16,128,344
12/02/2007,SWF,NY,AEA,EN,Federal Contract Tower,17,30,11,4,62,0,0,0,0,0,17,30,11,4,62,0,0,0,62
12/03/2007,SWF,NY,AEA,EN,Federal Contract Tower,25,34,21,2,82,0,0,21,0,21,25,34,42,2,103,0,0,0,103
12/04/2007,SWF,NY,AEA,EN,Federal Contract Tower,26,28,15,8,77,0,4,107,7,118,26,32,122,15,195,50,0,50,245
12/05/2007,SWF,NY,AEA,EN,Federal Contract Tower,31,27,21,13,92,0,27,93,6,126,31,54,114,19,218,106,34,140,358
12/06/2007,SWF,NY,AEA,EN,Federal Contract Tower,27,42,34,6,109,0,2,73,16,91,27,44,107,22,200,82,18,100,300
12/07/2007,SWF,NY,AEA,EN,Federal Contract Tower,34,28,32,6,100,0,0,38,5,43,34,28,70,11,143,46,14,60,203
12/08/2007,SWF,NY,AEA,EN,Federal Contract Tower,21,28,23,2,74,1,1,31,0,33,22,29,54,2,107,117,12,129,236
12/09/2007,SWF,NY,AEA,EN,Federal Contract Tower,18,21,11,3,53,0,9,49,2,60,18,30,60,5,113,154,0,154,267
12/10/2007,SWF,NY,AEA,EN,Federal Contract Tower,24,31,19,6,80,0,0,0,0,0,24,31,19,6,80,0,0,0,80
12/11/2007,SWF,NY,AEA,EN,Federal Contract Tower,29,32,20,6,87,0,2,12,0,14,29,34,32,6,101,144,0,144,245
12/12/2007,SWF,NY,AEA,EN,Federal Contract Tower,27,31,20,4,82,0,2,59,0,61,27,33,79,4,143,120,0,120,263
12/13/2007,SWF,NY,AEA,EN,Federal Contract Tower,21,24,10,3,58,0,0,7,0,7,21,24,17,3,65,36,0,36,101
12/14/2007,SWF,NY,AEA,EN,Federal Contract Tower,29,29,26,5,89,0,6,79,1,86,29,35,105,6,175,118,0,118,293
12/15/2007,SWF,NY,AEA,EN,Federal Contract Tower,23,23,26,1,73,0,8,65,5,78,23,31,91,6,151,132,0,132,283
12/16/2007,SWF,NY,AEA,EN,Federal Contract Tower,15,11,4,2,32,0,0,0,0,0,15,11,4,2,32,0,0,0,32
12/17/2007,SWF,NY,AEA,EN,Federal Contract Tower,29,31,24,3,87,0,0,8,0,8,29,31,32,3,95,0,0,0,95
12/18/2007,SWF,NY,AEA,EN,Federal Contract Tower,28,34,25,12,99,0,3,69,8,80,28,37,94,20,179,112,0,112,291
12/19/2007,SWF,NY,AEA,EN,Federal Contract Tower,27,30,13,12,82,0,3,29,1,33,27,33,42,13,115,142,0,142,257
12/20/2007,SWF,NY,AEA,EN,Federal Contract Tower,28,32,27,15,102,0,30,108,13,151,28,62,135,28,253,140,10,150,403
12/21/2007,SWF,NY,AEA,EN,Federal Contract Tower,37,32,24,6,99,0,12,78,3,93,37,44,102,9,192,164,0,164,356
12/22/2007,SWF,NY,AEA,EN,Federal Contract Tower,26,34,14,1,75,0,16,106,0,122,26,50,120,1,197,176,0,176,373
12/23/2007,SWF,NY,AEA,EN,Federal Contract Tower,25,23,12,0,60,0,7,0,0,7,25,30,12,0,67,0,0,0,67
12/24/2007,SWF,NY,AEA,EN,Federal Contract Tower,27,19,7,1,54,0,8,72,0,80,27,27,79,1,134,80,0,80,214
12/25/2007,SWF,NY,AEA,EN,Federal Contract Tower,19,17,4,0,40,0,0,12,0,12,19,17,16,0,52,4,0,4,56
12/26/2007,SWF,NY,AEA,EN,Federal Contract Tower,25,31,16,3,75,0,3,55,2,60,25,34,71,5,135,118,0,118,253
12/27/2007,SWF,NY,AEA,EN,Federal Contract Tower,25,30,14,6,75,0,0,2,0,2,25,30,16,6,77,12,0,12,89
12/28/2007,SWF,NY,AEA,EN,Federal Contract Tower,27,28,22,7,84,0,23,92,20,135,27,51,114,27,219,268,0,268,487
12/29/2007,SWF,NY,AEA,EN,Federal Contract Tower,25,29,12,4,70,0,17,98,2,117,25,46,110,6,187,230,0,230,417
12/30/2007,SWF,NY,AEA,EN,Federal Contract Tower,20,22,13,2,57,0,8,89,0,97,20,30,102,2,154,180,0,180,334
12/31/2007,SWF,NY,AEA,EN,Federal Contract Tower,24,26,9,1,60,0,1,44,0,45,24,27,53,1,105,88,0,88,193
01/01/2008,SWF,NY,AEA,EN,Federal Contract Tower,20,22,17,0,59,0,0,6,0,6,20,22,23,0,65,0,0,0,65
01/02/2008,SWF,NY,AEA,EN,Federal Contract Tower,22,37,16,4,79,0,6,70,8,84,22,43,86,12,163,192,6,198,361
01/03/2008,SWF,NY,AEA,EN,Federal Contract Tower,27,29,23,9,88,0,16,98,12,126,27,45,121,21,214,304,8,312,526
01/04/2008,SWF,NY,AEA,EN,Federal Contract Tower,32,34,19,4,89,0,4,92,2,98,32,38,111,6,187,234,12,246,433
01/05/2008,SWF,NY,AEA,EN,Federal Contract Tower,23,27,28,1,79,0,2,85,0,87,23,29,113,1,166,208,0,208,374
01/06/2008,SWF,NY,AEA,EN,Federal Contract Tower,23,28,17,0,68,0,3,135,0,138,23,31,152,0,206,202,0,202,408
01/07/2008,SWF,NY,AEA,EN,Federal Contract Tower,26,28,25,9,88,0,1,119,7,127,26,29,144,16,215,150,20,170,385
01/08/2008,SWF,NY,AEA,EN,Federal Contract Tower,27,26,17,6,76,0,3,67,5,75,27,29,84,11,151,90,8,98,249
01/09/2008,SWF,NY,AEA,EN,Federal Contract Tower,25,28,19,2,74,0,2,27,0,29,25,30,46,2,103,32,0,32,135
01/10/2008,SWF,NY,AEA,EN,Federal Contract Tower,31,38,31,7,107,0,13,114,11,138,31,51,145,18,245,266,12,278,523
01/11/2008,SWF,NY,AEA,EN,Federal Contract Tower,31,27,28,7,93,0,1,27,0,28,31,28,55,7,121,46,0,46,167
01/12/2008,SWF,NY,AEA,EN,Federal Contract Tower,29,22,23,3,77,0,6,126,1,133,29,28,149,4,210,172,0,172,382
01/13/2008,SWF,NY,AEA,EN,Federal Contract Tower,27,32,31,4,94,0,0,86,2,88,27,32,117,6,182,164,0,164,346
01/14/2008,SWF,NY,AEA,EN,Federal Contract Tower,28,23,18,6,75,0,0,1,0,1,28,23,19,6,76,0,0,0,76
01/15/2008,SWF,NY,AEA,EN,Federal Contract Tower,22,32,8,16,78,0,0,62,3,65,22,32,70,19,143,152,4,156,299
01/16/2008,SWF,NY,AEA,EN,Federal Contract Tower,25,26,17,11,79,0,10,133,9,152,25,36,150,20,231,208,0,208,439
01/17/2008,SWF,NY,AEA,EN,Federal Contract Tower,29,31,15,5,80,0,13,109,15,137,29,44,124,20,217,312,0,312,529
01/18/2008,SWF,NY,AEA,EN,Federal Contract Tower,36,31,18,5,90,0,13,81,8,102,36,44,99,13,192,126,0,126,318
01/19/2008,SWF,NY,AEA,EN,Federal Contract Tower,28,17,15,1,61,0,12,78,8,98,28,29,93,9,159,232,0,232,391
01/20/2008,SWF,NY,AEA,EN,Federal Contract Tower,25,30,17,2,74,0,15,64,0,79,25,45,81,2,153,82,0,82,235
01/21/2008,SWF,NY,AEA,EN,Federal Contract Tower,26,29,20,6,81,0,6,65,1,72,26,35,85,7,153,200,0,200,353
01/22/2008,SWF,NY,AEA,EN,Federal Contract Tower,26,29,17,16,88,0,16,71,17,104,26,45,88,33,192,100,44,144,336
01/23/2008,SWF,NY,AEA,EN,Federal Contract Tower,20,34,25,6,85,0,15,114,13,142,20,49,139,19,227,184,4,188,415
01/24/2008,SWF,NY,AEA,EN,Federal Contract Tower,27,30,22,10,89,0,0,85,3,88,27,30,107,13,177,202,0,202,379
01/25/2008,SWF,NY,AEA,EN,Federal Contract Tower,32,25,28,13,98,0,8,83,8,99,32,33,111,21,197,102,0,102,299
01/26/2008,SWF,NY,AEA,EN,Federal Contract Tower,33,27,20,1,81,0,4,124,1,129,33,31,144,2,210,284,0,284,494
01/27/2008,SWF,NY,AEA,EN,Federal Contract Tower,23,22,18,0,63,1,2,36,0,39,24,24,54,0,102,160,0,160,262
01/28/2008,SWF,NY,AEA,EN,Federal Contract Tower,24,27,28,2,81,0,2,46,5,53,24,29,74,7,134,126,6,132,266
01/29/2008,SWF,NY,AEA,EN,Federal Contract Tower,20,32,20,3,75,0,13,75,16,104,20,45,95,19,179,132,0,132,311
01/30/2008,SWF,NY,AEA,EN,Federal Contract Tower,27,25,16,7,75,0,6,36,2,44,27,31,52,9,119,12,0,12,131
01/31/2008,SWF,NY,AEA,EN,Federal Contract Tower,31,32,32,6,101,0,12,121,15,148,31,44,153,21,249,314,4,318,567
02/01/2008,SWF,NY,AEA,EN,Federal Contract Tower,34,22,16,2,74,0,0,18,0,18,34,22,34,2,92,10,0,10,102
02/02/2008,SWF,NY,AEA,EN,Federal Contract Tower,29,19,24,3,75,0,8,114,2,124,29,27,138,5,199,264,12,276,475
02/03/2008,SWF,NY,AEA,EN,Federal Contract Tower,27,23,14,0,64,0,7,73,11,91,27,30,87,11,155,164,0,164,319
02/04/2008,SWF,NY,AEA,EN,Federal Contract Tower,26,28,17,5,76,0,0,0,0,0,26,28,17,5,76,0,0,0,76
02/05/2008,SWF,NY,AEA,EN,Federal Contract Tower,22,33,18,10,83,0,2,12,0,14,22,35,30,10,97,0,0,0,97
02/06/2008,SWF,NY,AEA,EN,Federal Contract Tower,23,32,15,4,74,0,0,0,0,0,23,32,15,4,74,0,0,0,74
02/07/2008,SWF,NY,AEA,EN,Federal Contract Tower,30,31,15,18,94,0,12,46,12,70,30,43,61,30,164,34,48,82,246
02/08/2008,SWF,NY,AEA,EN,Federal Contract Tower,29,31,24,6,90,0,6,35,4,45,29,37,59,10,135,58,0,58,193
02/09/2008,SWF,NY,AEA,EN,Federal Contract Tower,29,17,8,6,60,0,3,14,0,17,29,20,22,6,77,0,0,0,77
02/10/2008,SWF,NY,AEA,EN,Federal Contract Tower,27,41,15,9,92,0,0,9,0,9,27,41,24,9,101,14,0,14,115
02/11/2008,SWF,NY,AEA,EN,Federal Contract Tower,25,38,11,1,75,0,9,38,0,47,25,47,49,1,122,32,0,32,154
02/12/2008,SWF,NY,AEA,EN,Federal Contract Tower,19,26,16,4,65,0,3,36,5,44,19,29,52,9,109,8,20,28,137
02/13/2008,SWF,NY,AEA,EN,Federal Contract Tower,23,25,12,2,62,0,0,0,0,0,23,25,12,2,62,0,0,0,62
02/14/2008,SWF,NY,AEA,EN,Federal Contract Tower,32,32,33,6,103,0,12,58,7,77,32,44,91,13,180,114,0,114,294
02/15/2008,SWF,NY,AEA,EN,Federal Contract Tower,32,30,24,6,92,0,9,98,1,108,32,39,122,7,200,98,0,98,298
02/16/2008,SWF,NY,AEA,EN,Federal Contract Tower,26,23,17,0,66,0,6,110,0,116,26,29,127,0,182,126,0,126,308
02/17/2008,SWF,NY,AEA,EN,Federal Contract Tower,23,28,15,4,70,0,5,21,2,28,23,33,36,6,98,22,0,22,120
02/18/2008,SWF,NY,AEA,EN,Federal Contract Tower,29,43,42,1,115,0,19,28,0,47,29,62,70,1,162,6,0,6,168
02/19/2008,SWF,NY,AEA,EN,Federal Contract Tower,31,34,30,14,109,0,12,81,6,99,31,46,111,20,208,66,46,112,320
02/20/2008,SWF,NY,AEA,EN,Federal Contract Tower,30,33,17,3,83,0,18,81,7,106,30,51,98,10,189,72,6,78,267
02/21/2008,SWF,NY,AEA,EN,Federal Contract Tower,28,33,25,6,92,0,7,49,15,71,28,40,74,21,163,108,2,110,273
02/22/2008,SWF,NY,AEA,EN,Federal Contract Tower,28,31,12,2,73,0,0,0,0,0,28,31,12,2,73,0,0,0,73
02/23/2008,SWF,NY,AEA,EN,Federal Contract Tower,28,24,12,7,71,0,0,4,1,5,28,24,16,8,76,10,0,10,86
02/24/2008,SWF,NY,AEA,EN,Federal Contract Tower,25,28,15,2,70,0,1,36,1,38,25,29,51,3,108,56,0,56,164
02/25/2008,SWF,NY,AEA,EN,Federal Contract Tower,30,33,23,11,97,0,20,91,23,134,30,53,114,34,231,66,22,88,319
02/26/2008,SWF,NY,AEA,EN,Federal Contract Tower,35,30,15,0,80,0,0,0,0,0,35,30,15,0,80,0,0,0,80
02/27/2008,SWF,NY,AEA,EN,Federal Contract Tower,39,34,32,15,120,0,11,51,6,68,39,45,83,21,188,48,28,76,264
02/28/2008,SWF,NY,AEA,EN,Federal Contract Tower,35,30,22,9,96,0,15,75,9,99,35,45,97,18,195,64,6,70,265
02/29/2008,SWF,NY,AEA,EN,Federal Contract Tower,34,30,22,8,94,0,7,54,3,64,34,37,76,11,158,74,0,74,232
03/01/2008,SWF,NY,AEA,EN,Federal Contract Tower,33,28,14,1,76,0,0,6,6,12,33,28,20,7,88,8,0,8,96
03/02/2008,SWF,NY,AEA,EN,Federal Contract Tower,29,31,24,8,92,0,14,77,6,97,29,45,101,14,189,72,30,102,291
03/03/2008,SWF,NY,AEA,EN,Federal Contract Tower,28,29,13,4,74,0,10,74,2,86,28,39,87,6,160,80,4,84,244
03/04/2008,SWF,NY,AEA,EN,Federal Contract Tower,30,22,14,3,69,0,2,2,0,4,30,24,16,3,73,0,0,0,73
03/05/2008,SWF,NY,AEA,EN,Federal Contract Tower,38,27,18,9,92,0,3,22,1,26,38,30,40,10,118,0,0,0,118
03/06/2008,SWF,NY,AEA,EN,Federal Contract Tower,31,34,16,7,88,0,12,114,7,133,31,46,130,14,221,56,0,56,277
03/07/2008,SWF,NY,AEA,EN,Federal Contract Tower,36,31,12,8,87,0,2,30,5,37,36,33,42,13,124,64,14,78,202
03/08/2008,SWF,NY,AEA,EN,Federal Contract Tower,29,26,7,2,64,0,0,0,0,0,29,26,7,2,64,0,0,0,64
03/09/2008,SWF,NY,AEA,EN,Federal Contract Tower,30,24,26,4,84,0,6,30,2,38,30,30,56,6,122,6,0,6,128
03/10/2008,SWF,NY,AEA,EN,Federal Contract Tower,33,33,23,7,96,0,10,95,14,119,33,43,118,21,215,122,18,140,355
03/11/2008,SWF,NY,AEA,EN,Federal Contract Tower,34,29,20,6,89,0,10,71,4,85,34,39,91,10,174,66,0,66,240
03/12/2008,SWF,NY,AEA,EN,Federal Contract Tower,35,35,12,15,97,0,5,45,6,56,35,40,57,21,153,12,22,34,187
03/13/2008,SWF,NY,AEA,EN,Federal Contract Tower,35,30,21,8,94,0,11,104,8,123,35,41,125,16,217,72,16,88,305
03/14/2008,SWF,NY,AEA,EN,Federal Contract Tower,38,25,22,7,92,0,1,38,0,39,38,26,60,7,131,52,6,58,189
03/15/2008,SWF,NY,AEA,EN,Federal Contract Tower,31,25,15,0,71,0,3,39,0,42,31,28,54,0,113,46,0,46,159
03/16/2008,SWF,NY,AEA,EN,Federal Contract Tower,27,28,24,5,84,0,4,58,0,62,27,32,82,5,146,6,0,6,152
03/17/2008,SWF,NY,AEA,EN,Federal Contract Tower,31,29,12,6,78,0,12,95,13,120,31,41,107,19,198,80,0,80,278
03/18/2008,SWF,NY,AEA,EN,Federal Contract Tower,35,33,15,11,94,0,7,67,7,81,35,40,82,18,175,36,54,90,265
03/19/2008,SWF,NY,AEA,EN,Federal Contract Tower,35,35,15,1,86,0,0,0,0,0,35,35,15,1,86,0,0,0,86
03/20/2008,SWF,NY,AEA,EN,Federal Contract Tower,34,35,25,4,98,0,1,69,2,72,34,36,94,6,170,14,0,14,184
03/21/2008,SWF,NY,AEA,EN,Federal Contract Tower,31,28,12,5,76,0,2,22,1,25,31,30,34,6,101,34,2,36,137
03/22/2008,SWF,NY,AEA,EN,Federal Contract Tower,34,25,22,1,82,0,0,44,0,44,34,25,66,1,126,86,0,86,212
03/23/2008,SWF,NY,AEA,EN,Federal Contract Tower,30,28,11,0,69,0,8,91,0,99,30,36,102,0,168,120,0,120,288
03/24/2008,SWF,NY,AEA,EN,Federal Contract Tower,29,25,27,14,95,0,7,91,6,104,29,32,118,20,199,84,28,112,311
03/25/2008,SWF,NY,AEA,EN,Federal Contract Tower,36,28,23,3,90,0,7,60,14,81,36,35,83,17,171,44,0,44,215
03/26/2008,SWF,NY,AEA,EN,Federal Contract Tower,37,30,29,9,105,0,8,113,0,121,37,38,142,9,226,32,18,50,276
03/27/2008,SWF,NY,AEA,EN,Federal Contract Tower,29,29,34,2,94,0,0,40,0,40,29,29,74,2,134,34,0,34,168
03/28/2008,SWF,NY,AEA,EN,Federal Contract Tower,36,31,27,7,101,0,0,2,0,2,36,31,29,7,103,0,0,0,103
03/29/2008,SWF,NY,AEA,EN,Federal Contract Tower,29,28,20,3,80,0,14,99,1,114,29,42,119,4,194,114,0,114,308
03/30/2008,SWF,NY,AEA,EN,Federal Contract Tower,28,27,20,7,82,0,9,103,5,117,28,36,123,12,199,140,0,140,339
03/31/2008,SWF,NY,AEA,EN,Federal Contract Tower,32,35,19,4,90,0,0,0,0,0,32,35,19,4,90,0,0,0,90
04/01/2008,SWF,NY,AEA,EN,Federal Contract Tower,32,32,14,2,80,0,2,8,0,10,32,34,22,2,90,0,0,0,90
04/02/2008,SWF,NY,AEA,EN,Federal Contract Tower,40,44,23,1,108,0,9,105,1,115,40,53,128,2,223,100,8,108,331
04/03/2008,SWF,NY,AEA,EN,Federal Contract Tower,35,27,31,19,112,0,3,56,0,59,35,30,87,19,171,56,14,70,241
04/04/2008,SWF,NY,AEA,EN,Federal Contract Tower,35,25,28,6,94,0,0,0,0,0,35,25,28,6,94,0,0,0,94
04/05/2008,SWF,NY,AEA,EN,Federal Contract Tower,20,26,19,3,68,0,19,99,10,128,20,45,118,13,196,130,0,130,326
04/06/2008,SWF,NY,AEA,EN,Federal Contract Tower,18,33,18,5,74,0,0,23,0,23,18,33,41,5,97,4,0,4,101
04/07/2008,SWF,NY,AEA,EN,Federal Contract Tower,23,28,16,9,76,0,3,86,0,89,23,31,102,9,165,78,0,78,243
04/08/2008,SWF,NY,AEA,EN,Federal Contract Tower,27,29,29,9,94,0,5,48,4,57,27,34,77,13,151,32,0,32,183
04/09/2008,SWF,NY,AEA,EN,Federal Contract Tower,24,28,36,6,94,0,0,24,0,24,24,28,60,6,118,74,0,74,192
04/10/2008,SWF,NY,AEA,EN,Federal Contract Tower,33,25,33,11,102,0,9,93,10,112,33,34,126,21,214,70,10,80,294
04/11/2008,SWF,NY,AEA,EN,Federal Contract Tower,24,21,43,6,94,0,6,32,2,40,24,27,75,8,134,64,8,72,206
04/12/2008,SWF,NY,AEA,EN,Federal Contract Tower,28,27,22,8,85,0,7,51,16,74,28,34,73,24,159,82,18,100,259
04/13/2008,SWF,NY,AEA,EN,Federal Contract Tower,20,22,21,12,75,0,12,78,10,100,20,34,99,22,175,62,16,78,253
04/14/2008,SWF,NY,AEA,EN,Federal Contract Tower,21,19,15,5,60,0,17,48,2,67,21,36,63,7,127,48,0,48,175
04/15/2008,SWF,NY,AEA,EN,Federal Contract Tower,28,33,18,12,91,0,17,125,8,150,28,50,143,20,241,88,20,108,349
04/16/2008,SWF,NY,AEA,EN,Federal Contract Tower,29,26,16,8,79,0,1,67,6,74,29,27,83,14,153,120,22,142,295
04/17/2008,SWF,NY,AEA,EN,Federal Contract Tower,25,29,11,4,69,0,1,82,2,85,25,30,93,6,154,204,0,204,358
04/18/2008,SWF,NY,AEA,EN,Federal Contract Tower,29,31,19,10,89,0,29,115,20,164,29,60,134,30,253,94,30,124,377
04/19/2008,SWF,NY,AEA,EN,Federal Contract Tower,24,27,14,3,68,0,25,123,27,175,24,52,137,30,243,174,0,174,417
04/20/2008,SWF,NY,AEA,EN,Federal Contract Tower,19,25,18,4,66,0,10,0,9,19,19,35,18,13,85,38,0,38,123
04/21/2008,SWF,NY,AEA,EN,Federal Contract Tower,25,22,29,10,86,0,22,70,16,108,25,44,99,26,194,50,0,50,244
04/22/2008,SWF,NY,AEA,EN,Federal Contract Tower,25,23,18,8,74,0,12,131,23,166,25,35,149,31,240,78,0,78,318
04/23/2008,SWF,NY,AEA,EN,Federal Contract Tower,29,27,30,9,95,0,8,87,6,101,29,35,117,15,196,70,10,80,276
04/24/2008,SWF,NY,AEA,EN,Federal Contract Tower,27,26,39,11,103,0,1,51,9,61,27,27,90,20,164,98,18,116,280
04/25/2008,SWF,NY,AEA,EN,Federal Contract Tower,27,23,25,13,88,0,3,65,25,93,27,26,90,38,181,60,12,72,253
04/26/2008,SWF,NY,AEA,EN,Federal Contract Tower,21,27,18,2,68,0,12,82,0,94,21,39,100,2,162,0,10,10,172
04/27/2008,SWF,NY,AEA,EN,Federal Contract Tower,22,26,26,0,74,0,9,79,1,89,22,35,105,1,163,94,4,98,261
04/28/2008,SWF,NY,AEA,EN,Federal Contract Tower,24,30,31,11,96,0,0,0,0,0,24,30,31,11,96,0,0,0,96
04/29/2008,SWF,NY,AEA,EN,Federal Contract Tower,28,25,35,5,93,0,8,91,3,102,28,33,126,8,195,86,2,88,283
04/30/2008,SWF,NY,AEA,EN,Federal Contract Tower,27,28,30,13,98,0,7,88,9,104,27,35,118,22,202,128,8,136,338
05/01/2008,SWF,NY,AEA,EN,Federal Contract Tower,22,25,24,13,84,0,3,23,5,31,22,28,47,18,115,28,16,44,159
05/02/2008,SWF,NY,AEA,EN,Federal Contract Tower,24,25,41,19,109,0,0,0,0,0,24,25,41,19,109,0,0,0,109
05/03/2008,SWF,NY,AEA,EN,Federal Contract Tower,24,24,24,6,78,0,0,0,0,0,24,24,24,6,78,0,0,0,78
05/04/2008,SWF,NY,AEA,EN,Federal Contract Tower,18,20,20,17,75,0,7,37,1,45,18,27,57,18,120,28,0,28,148
05/05/2008,SWF,NY,AEA,EN,Federal Contract Tower,20,26,19,6,71,0,17,142,6,165,20,43,161,12,236,120,8,128,364
05/06/2008,SWF,NY,AEA,EN,Federal Contract Tower,24,27,22,7,80,0,14,125,0,139,24,41,147,7,219,74,10,84,303
05/07/2008,SWF,NY,AEA,EN,Federal Contract Tower,26,25,34,7,92,0,7,75,13,95,26,32,109,20,187,78,40,118,305
05/08/2008,SWF,NY,AEA,EN,Federal Contract Tower,22,23,35,1,81,0,1,51,0,52,22,24,86,1,133,42,0,42,175
05/09/2008,SWF,NY,AEA,EN,Federal Contract Tower,24,30,26,4,84,0,0,0,0,0,24,30,26,4,84,0,0,0,84
05/10/2008,SWF,NY,AEA,EN,Federal Contract Tower,18,22,12,5,57,0,8,117,15,140,18,30,129,20,197,130,14,144,341
05/11/2008,SWF,NY,AEA,EN,Federal Contract Tower,18,26,16,3,63,0,5,85,4,94,18,31,101,7,157,128,0,128,285
05/12/2008,SWF,NY,AEA,EN,Federal Contract Tower,18,24,23,3,68,0,6,86,0,92,18,30,109,3,160,0,0,0,160
05/13/2008,SWF,NY,AEA,EN,Federal Contract Tower,22,27,26,7,82,0,10,111,2,123,22,37,137,9,205,48,0,48,253
05/14/2008,SWF,NY,AEA,EN,Federal Contract Tower,24,26,22,13,85,0,1,82,16,99,24,27,104,29,184,122,14,136,320
05/15/2008,SWF,NY,AEA,EN,Federal Contract Tower,27,29,33,16,105,0,2,84,15,101,27,31,117,31,206,32,20,52,258
05/16/2008,SWF,NY,AEA,EN,Federal Contract Tower,22,24,25,1,72,0,0,4,2,6,22,24,29,3,78,0,0,0,78
05/17/2008,SWF,NY,AEA,EN,Federal Contract Tower,20,23,22,10,75,0,13,94,9,116,20,36,116,19,191,164,0,164,355
05/18/2008,SWF,NY,AEA,EN,Federal Contract Tower,21,23,30,0,74,0,5,53,2,60,21,28,83,2,134,76,0,76,210
05/19/2008,SWF,NY,AEA,EN,Federal Contract Tower,18,25,19,4,66,0,8,138,3,149,18,33,157,7,215,100,0,100,315
05/20/2008,SWF,NY,AEA,EN,Federal Contract Tower,25,25,21,6,77,0,6,24,0,30,25,31,45,6,107,14,0,14,121
05/21/2008,SWF,NY,AEA,EN,Federal Contract Tower,22,28,16,8,74,1,3,54,5,63,23,31,70,13,137,86,20,106,243
05/22/2008,SWF,NY,AEA,EN,Federal Contract Tower,20,29,18,9,76,0,12,74,3,89,20,41,92,12,165,42,0,42,207
05/23/2008,SWF,NY,AEA,EN,Federal Contract Tower,25,30,28,4,87,0,13,101,16,130,25,43,129,20,217,162,28,190,407
05/24/2008,SWF,NY,AEA,EN,Federal Contract Tower,22,22,25,0,69,0,7,73,10,90,22,29,98,10,159,72,0,72,231
05/25/2008,SWF,NY,AEA,EN,Federal Contract Tower,17,20,14,0,51,0,10,131,0,141,17,30,145,0,192,126,0,126,318
05/26/2008,SWF,NY,AEA,EN,Federal Contract Tower,19,26,20,0,65,0,11,88,0,99,19,37,108,0,164,36,0,36,200
05/27/2008,SWF,NY,AEA,EN,Federal Contract Tower,22,39,40,5,106,0,3,39,0,42,22,42,79,5,148,23,0,23,171
05/28/2008,SWF,NY,AEA,EN,Federal Contract Tower,18,24,31,9,82,0,11,95,8,114,18,35,126,17,196,34,0,34,230
05/29/2008,SWF,NY,AEA,EN,Federal Contract Tower,18,34,30,30,112,0,13,105,32,150,18,47,135,62,262,140,50,190,452
05/30/2008,SWF,NY,AEA,EN,Federal Contract Tower,25,23,28,4,80,0,13,96,11,120,25,36,124,15,200,104,0,104,304
05/31/2008,SWF,NY,AEA,EN,Federal Contract Tower,24,21,23,4,72,0,3,30,6,39,24,24,53,10,111,4,0,4,115
06/01/2008,SWF,NY,AEA,EN,Federal Contract Tower,17,18,20,1,56,0,14,129,6,149,17,32,149,7,205,150,0,150,355
06/02/2008,SWF,NY,AEA,EN,Federal Contract Tower,20,20,21,7,68,0,24,104,13,141,20,44,125,20,209,90,0,90,299
06/03/2008,SWF,NY,AEA,EN,Federal Contract Tower,22,24,20,8,74,0,17,49,3,69,22,41,69,11,143,110,12,122,265
06/04/2008,SWF,NY,AEA,EN,Federal Contract Tower,22,33,32,5,92,0,7,10,0,17,22,40,42,5,109,0,0,0,109
06/05/2008,SWF,NY,AEA,EN,Federal Contract Tower,24,27,27,19,97,0,13,83,11,107,24,40,110,30,204,54,10,64,268
06/06/2008,SWF,NY,AEA,EN,Federal Contract Tower,22,29,40,12,103,0,1,37,8,46,22,30,77,20,149,44,20,64,213
06/07/2008,SWF,NY,AEA,EN,Federal Contract Tower,17,24,11,7,59,0,4,40,5,49,17,28,51,12,108,24,0,24,132
06/08/2008,SWF,NY,AEA,EN,Federal Contract Tower,28,24,22,1,75,0,13,59,2,74,28,37,81,3,149,84,0,84,233
06/09/2008,SWF,NY,AEA,EN,Federal Contract Tower,22,30,27,2,81,0,1,49,2,52,22,31,76,4,133,50,0,50,183
06/10/2008,SWF,NY,AEA,EN,Federal Contract Tower,25,32,31,5,93,0,7,51,5,63,25,39,82,10,156,110,0,110,266
06/11/2008,SWF,NY,AEA,EN,Federal Contract Tower,25,26,34,7,92,0,8,104,34,146,25,34,138,41,238,100,0,100,338
06/12/2008,SWF,NY,AEA,EN,Federal Contract Tower,21,40,30,8,99,0,15,114,21,150,21,55,144,29,249,144,20,164,413
06/13/2008,SWF,NY,AEA,EN,Federal Contract Tower,22,29,17,2,70,0,17,108,15,140,22,46,125,17,210,114,0,114,324
06/14/2008,SWF,NY,AEA,EN,Federal Contract Tower,34,22,20,1,77,0,9,41,0,50,34,31,61,1,127,0,0,0,127
06/15/2008,SWF,NY,AEA,EN,Federal Contract Tower,23,25,29,11,88,0,11,95,3,109,23,36,124,14,197,86,0,86,283
06/16/2008,SWF,NY,AEA,EN,Federal Contract Tower,18,23,42,7,90,0,4,33,6,43,18,27,75,13,133,54,0,54,187
06/17/2008,SWF,NY,AEA,EN,Federal Contract Tower,23,30,35,7,95,0,7,75,3,85,23,37,110,10,180,84,0,84,264
06/18/2008,SWF,NY,AEA,EN,Federal Contract Tower,26,27,29,1,83,0,8,54,2,64,26,35,83,3,147,52,4,56,203
06/19/2008,SWF,NY,AEA,EN,Federal Contract Tower,22,29,25,7,83,0,11,91,12,114,22,40,116,19,197,188,26,214,411
06/20/2008,SWF,NY,AEA,EN,Federal Contract Tower,29,30,14,12,85,0,2,54,8,64,29,32,68,20,149,34,10,44,193
06/21/2008,SWF,NY,AEA,EN,Federal Contract Tower,19,18,10,11,58,0,12,160,4,176,19,30,170,15,234,126,38,164,398
06/22/2008,SWF,NY,AEA,EN,Federal Contract Tower,28,29,17,1,75,0,11,25,10,46,28,40,42,11,121,0,0,0,121
06/23/2008,SWF,NY,AEA,EN,Federal Contract Tower,16,28,15,12,71,0,0,6,0,6,16,28,21,12,77,0,0,0,77
06/24/2008,SWF,NY,AEA,EN,Federal Contract Tower,23,31,29,7,90,0,4,49,3,56,23,35,78,10,146,50,6,56,202
06/25/2008,SWF,NY,AEA,EN,Federal Contract Tower,30,23,37,5,95,0,23,115,13,151,30,46,152,18,246,186,0,186,432
06/26/2008,SWF,NY,AEA,EN,Federal Contract Tower,22,33,28,3,86,0,5,36,0,41,22,38,64,3,127,8,0,8,135
06/27/2008,SWF,NY,AEA,EN,Federal Contract Tower,22,30,25,8,85,0,17,49,12,78,22,47,74,20,163,54,0,54,217
06/28/2008,SWF,NY,AEA,EN,Federal Contract Tower,20,18,14,2,54,0,16,136,0,152,20,34,150,2,206,126,0,126,332
06/29/2008,SWF,NY,AEA,EN,Federal Contract Tower,19,24,33,1,77,0,8,67,2,77,19,32,100,3,154,24,0,24,178
06/30/2008,SWF,NY,AEA,EN,Federal Contract Tower,20,34,23,6,83,0,12,79,8,99,20,46,102,14,182,6,0,6,188
07/01/2008,SWF,NY,AEA,EN,Federal Contract Tower,21,24,27,11,83,0,7,47,9,63,21,31,74,20,146,42,6,48,194
07/02/2008,SWF,NY,AEA,EN,Federal Contract Tower,22,29,24,3,78,1,25,137,10,173,23,54,161,13,251,126,0,126,377
07/03/2008,SWF,NY,AEA,EN,Federal Contract Tower,24,28,20,3,75,0,11,61,5,77,24,39,81,8,152,84,0,84,236
07/04/2008,SWF,NY,AEA,EN,Federal Contract Tower,16,19,4,0,39,0,7,19,0,26,16,26,23,0,65,0,0,0,65
07/05/2008,SWF,NY,AEA,EN,Federal Contract Tower,17,18,14,3,52,0,0,0,0,0,17,18,14,3,52,2,0,2,54
07/06/2008,SWF,NY,AEA,EN,Federal Contract Tower,15,32,21,0,68,0,8,0,2,10,15,40,21,2,78,2,0,2,80
07/07/2008,SWF,NY,AEA,EN,Federal Contract Tower,23,24,26,2,75,0,14,101,5,120,23,38,127,7,195,74,4,78,273
07/08/2008,SWF,NY,AEA,EN,Federal Contract Tower,23,28,24,12,87,0,4,77,12,93,23,32,101,24,180,68,16,84,264
07/09/2008,SWF,NY,AEA,EN,Federal Contract Tower,30,29,21,0,80,0,11,88,16,115,30,40,109,16,195,62,0,62,257
07/10/2008,SWF,NY,AEA,EN,Federal Contract Tower,24,18,19,5,66,0,34,121,2,157,24,52,140,7,223,128,8,136,359
07/11/2008,SWF,NY,AEA,EN,Federal Contract Tower,26,30,17,9,82,0,16,105,15,136,26,46,122,24,218,60,0,60,278
07/12/2008,SWF,NY,AEA,EN,Federal Contract Tower,20,21,10,7,58,0,21,102,4,127,20,42,112,11,185,82,0,82,267
07/13/2008,SWF,NY,AEA,EN,Federal Contract Tower,14,27,21,0,62,0,6,54,2,62,14,33,75,2,124,68,0,68,192
07/14/2008,SWF,NY,AEA,EN,Federal Contract Tower,23,27,20,4,74,0,5,86,2,93,23,32,106,6,167,32,8,40,207
07/15/2008,SWF,NY,AEA,EN,Federal Contract Tower,21,25,22,9,77,0,26,160,2,188,21,51,182,11,265,124,0,124,389
07/16/2008,SWF,NY,AEA,EN,Federal Contract Tower,23,26,30,9,88,0,15,105,2,122,23,41,135,11,210,120,22,142,352
07/17/2008,SWF,NY,AEA,EN,Federal Contract Tower,23,27,15,7,72,0,5,64,14,83,23,32,79,21,155,48,10,58,213
07/18/2008,SWF,NY,AEA,EN,Federal Contract Tower,30,25,31,5,91,0,15,112,20,147,30,40,143,25,238,104,24,128,366
07/19/2008,SWF,NY,AEA,EN,Federal Contract Tower,21,18,18,2,59,0,6,144,2,152,21,24,162,4,211,72,4,76,287
07/20/2008,SWF,NY,AEA,EN,Federal Contract Tower,17,29,44,0,90,0,0,113,0,113,17,29,157,0,203,106,0,106,309
07/21/2008,SWF,NY,AEA,EN,Federal Contract Tower,20,23,17,9,69,0,0,81,10,91,20,23,98,19,160,56,0,56,216
07/22/2008,SWF,NY,AEA,EN,Federal Contract Tower,29,26,30,16,101,0,3,42,7,52,29,29,72,23,153,0,0,0,153
07/23/2008,SWF,NY,AEA,EN,Federal Contract Tower,28,25,14,5,72,0,0,6,0,6,28,25,20,5,78,0,0,0,78
07/24/2008,SWF,NY,AEA,EN,Federal Contract Tower,31,26,24,8,89,0,0,2,0,2,31,26,26,8,91,6,0,6,97
07/25/2008,SWF,NY,AEA,EN,Federal Contract Tower,29,26,24,0,79,0,20,97,5,122,29,46,121,5,201,36,4,40,241
07/26/2008,SWF,NY,AEA,EN,Federal Contract Tower,22,28,20,2,72,0,7,52,2,61,22,35,72,4,133,50,0,50,183
07/27/2008,SWF,NY,AEA,EN,Federal Contract Tower,24,36,25,1,86,0,4,12,0,16,24,40,37,1,102,6,0,6,108
07/28/2008,SWF,NY,AEA,EN,Federal Contract Tower,14,24,23,2,63,0,10,65,10,85,14,34,88,12,148,64,4,68,216
07/29/2008,SWF,NY,AEA,EN,Federal Contract Tower,30,24,30,7,91,0,14,90,18,122,30,38,120,25,213,24,4,28,241
07/30/2008,SWF,NY,AEA,EN,Federal Contract Tower,29,23,23,7,82,0,10,64,8,82,29,33,87,15,164,0,0,0,164
07/31/2008,SWF,NY,AEA,EN,Federal Contract Tower,19,28,19,4,70,0,1,51,1,53,19,29,70,5,123,16,0,16,139
08/01/2008,SWF,NY,AEA,EN,Federal Contract Tower,23,29,15,2,69,0,3,63,5,71,23,32,78,7,140,24,0,24,164
08/02/2008,SWF,NY,AEA,EN,Federal Contract Tower,25,20,9,1,55,0,0,0,0,0,25,20,9,1,55,0,0,0,55
08/03/2008,SWF,NY,AEA,EN,Federal Contract Tower,16,29,22,1,68,0,4,56,14,74,16,33,78,15,142,64,0,64,206
08/04/2008,SWF,NY,AEA,EN,Federal Contract Tower,18,22,13,7,60,0,11,49,0,60,18,33,62,7,120,92,8,100,220
08/05/2008,SWF,NY,AEA,EN,Federal Contract Tower,22,28,13,12,75,0,16,91,9,116,22,44,104,21,191,76,16,92,283
08/06/2008,SWF,NY,AEA,EN,Federal Contract Tower,25,23,31,15,94,0,14,48,24,86,25,37,79,39,180,18,8,26,206
08/07/2008,SWF,NY,AEA,EN,Federal Contract Tower,20,25,15,12,72,0,9,44,35,88,20,34,59,47,160,10,48,58,218
08/08/2008,SWF,NY,AEA,EN,Federal Contract Tower,23,26,12,10,71,0,11,51,5,67,23,37,63,15,138,74,0,74,212
08/09/2008,SWF,NY,AEA,EN,Federal Contract Tower,18,22,15,0,55,0,6,67,2,75,18,28,82,2,130,0,0,0,130
08/10/2008,SWF,NY,AEA,EN,Federal Contract Tower,21,26,11,0,58,1,4,29,24,58,22,30,40,24,116,32,0,32,148
08/11/2008,SWF,NY,AEA,EN,Federal Contract Tower,29,32,31,8,100,0,6,34,60,100,29,38,65,68,200,10,0,10,210
08/12/2008,SWF,NY,AEA,EN,Federal Contract Tower,24,24,32,6,86,0,13,70,20,103,24,37,102,26,189,82,0,82,271
08/13/2008,SWF,NY,AEA,EN,Federal Contract Tower,25,28,14,4,71,0,18,101,22,141,25,46,115,26,212,132,0,132,344
08/14/2008,SWF,NY,AEA,EN,Federal Contract Tower,45,32,21,4,102,0,9,55,9,73,45,41,76,13,175,108,0,108,283
08/15/2008,SWF,NY,AEA,EN,Federal Contract Tower,43,30,24,6,103,0,4,14,0,18,43,34,38,6,121,0,0,0,121
08/16/2008,SWF,NY,AEA,EN,Federal Contract Tower,21,22,10,3,56,0,2,24,0,26,21,24,34,3,82,0,26,26,108
08/17/2008,SWF,NY,AEA,EN,Federal Contract Tower,15,22,25,1,63,0,2,42,12,56,15,24,67,13,119,18,4,22,141
08/18/2008,SWF,NY,AEA,EN,Federal Contract Tower,17,31,23,6,77,0,17,81,5,103,17,48,104,11,180,84,4,88,268
08/19/2008,SWF,NY,AEA,EN,Federal Contract Tower,20,27,11,7,65,0,6,38,2,46,20,33,49,9,111,90,0,90,201
08/20/2008,SWF,NY,AEA,EN,Federal Contract Tower,22,25,25,7,79,0,14,110,6,130,22,39,135,13,209,116,0,116,325
08/21/2008,SWF,NY,AEA,EN,Federal Contract Tower,22,28,24,1,75,0,22,95,0,117,22,50,119,1,192,134,0,134,326
08/22/2008,SWF,NY,AEA,EN,Federal Contract Tower,25,22,27,6,80,0,1,43,0,44,25,23,70,6,124,20,0,20,144
08/23/2008,SWF,NY,AEA,EN,Federal Contract Tower,21,20,10,0,51,0,2,46,0,48,21,22,56,0,99,16,0,16,115
08/24/2008,SWF,NY,AEA,EN,Federal Contract Tower,14,24,18,0,56,0,4,51,1,56,14,28,69,1,112,56,0,56,168
08/25/2008,SWF,NY,AEA,EN,Federal Contract Tower,18,25,20,4,67,0,10,71,21,102,18,35,91,25,169,88,0,88,257
08/26/2008,SWF,NY,AEA,EN,Federal Contract Tower,23,24,12,4,63,0,12,52,3,67,23,36,64,7,130,68,0,68,198
08/27/2008,SWF,NY,AEA,EN,Federal Contract Tower,29,28,10,6,73,0,12,69,7,88,29,40,79,13,161,110,14,124,285
08/28/2008,SWF,NY,AEA,EN,Federal Contract Tower,24,28,21,7,80,0,11,62,4,77,24,39,83,11,157,114,0,114,271
08/29/2008,SWF,NY,AEA,EN,Federal Contract Tower,25,40,19,6,90,0,3,39,2,44,25,43,58,8,134,0,0,0,134
08/30/2008,SWF,NY,AEA,EN,Federal Contract Tower,21,25,19,1,66,0,5,33,0,38,21,30,52,1,104,20,0,20,124
08/31/2008,SWF,NY,AEA,EN,Federal Contract Tower,16,21,22,1,60,0,14,66,0,80,16,35,88,1,140,94,6,100,240
09/01/2008,SWF,NY,AEA,EN,Federal Contract Tower,17,29,26,0,72,0,12,60,0,72,17,41,86,0,144,64,0,64,208
09/02/2008,SWF,NY,AEA,EN,Federal Contract Tower,19,23,12,6,60,0,6,64,1,71,19,29,76,7,131,54,0,54,185
09/03/2008,SWF,NY,AEA,EN,Federal Contract Tower,18,22,26,8,74,0,23,89,8,120,18,45,115,16,194,132,30,162,356
09/04/2008,SWF,NY,AEA,EN,Federal Contract Tower,10,23,28,13,74,0,11,71,10,92,10,34,99,23,166,112,18,130,296
09/05/2008,SWF,NY,AEA,EN,Federal Contract Tower,11,19,16,16,62,0,7,43,4,54,11,26,59,20,116,0,8,8,124
09/06/2008,SWF,NY,AEA,EN,Federal Contract Tower,8,15,5,4,32,0,0,0,0,0,8,15,5,4,32,0,0,0,32
09/07/2008,SWF,NY,AEA,EN,Federal Contract Tower,5,18,18,6,47,0,24,38,17,79,5,42,56,23,126,24,38,62,188
09/08/2008,SWF,NY,AEA,EN,Federal Contract Tower,7,18,12,3,40,0,13,58,17,88,7,31,70,20,128,52,36,88,216
09/09/2008,SWF,NY,AEA,EN,Federal Contract Tower,9,13,22,4,48,0,1,9,5,15,9,14,31,9,63,0,0,0,63
09/10/2008,SWF,NY,AEA,EN,Federal Contract Tower,12,20,22,5,59,0,2,29,1,32,12,22,51,6,91,22,0,22,113
09/11/2008,SWF,NY,AEA,EN,Federal Contract Tower,12,19,24,4,59,0,1,53,6,60,12,20,77,10,119,0,0,0,119
09/12/2008,SWF,NY,AEA,EN,Federal Contract Tower,10,18,33,6,67,0,2,9,2,13,10,20,42,8,80,2,0,2,82
09/13/2008,SWF,NY,AEA,EN,Federal Contract Tower,7,17,15,1,40,0,2,4,2,8,7,19,19,3,48,0,0,0,48
09/14/2008,SWF,NY,AEA,EN,Federal Contract Tower,4,25,19,0,48,0,9,53,0,62,4,34,72,0,110,66,0,66,176
09/15/2008,SWF,NY,AEA,EN,Federal Contract Tower,7,22,24,3,56,0,12,52,0,64,7,34,76,3,120,22,0,22,142
09/16/2008,SWF,NY,AEA,EN,Federal Contract Tower,9,19,26,7,61,0,23,61,5,89,9,42,87,12,150,88,0,88,238
09/17/2008,SWF,NY,AEA,EN,Federal Contract Tower,14,19,19,6,58,0,15,55,9,79,14,34,74,15,137,122,24,146,283
09/18/2008,SWF,NY,AEA,EN,Federal Contract Tower,14,44,17,9,84,0,9,26,6,41,14,53,43,15,125,18,6,24,149
09/19/2008,SWF,NY,AEA,EN,Federal Contract Tower,13,18,24,8,63,0,11,44,4,59,13,29,68,12,122,6,0,6,128
09/20/2008,SWF,NY,AEA,EN,Federal Contract Tower,13,19,21,2,55,0,6,81,15,102,13,25,102,17,157,32,0,32,189
09/21/2008,SWF,NY,AEA,EN,Federal Contract Tower,8,22,17,3,50,0,22,81,5,108,8,44,98,8,158,86,0,86,244
09/22/2008,SWF,NY,AEA,EN,Federal Contract Tower,10,19,15,7,51,0,12,45,10,67,10,31,60,17,118,36,68,104,222
09/23/2008,SWF,NY,AEA,EN,Federal Contract Tower,12,22,29,14,77,0,22,68,5,95,12,44,97,19,172,120,44,164,336
09/24/2008,SWF,NY,AEA,EN,Federal Contract Tower,16,18,17,6,57,0,6,46,10,62,16,24,63,16,119,30,40,70,189
09/25/2008,SWF,NY,AEA,EN,Federal Contract Tower,16,23,33,9,81,0,7,30,10,47,16,30,63,19,128,34,22,56,184
09/26/2008,SWF,NY,AEA,EN,Federal Contract Tower,18,18,17,6,59,0,0,0,0,0,18,18,17,6,59,0,0,0,59
09/27/2008,SWF,NY,AEA,EN,Federal Contract Tower,14,24,15,0,53,0,0,0,0,0,14,24,15,0,53,0,0,0,53
09/28/2008,SWF,NY,AEA,EN,Federal Contract Tower,8,20,18,2,48,0,2,0,0,2,8,22,18,2,50,6,0,6,56
09/29/2008,SWF,NY,AEA,EN,Federal Contract Tower,7,22,27,2,58,0,21,50,14,85,7,43,77,16,143,88,0,88,231
09/30/2008,SWF,NY,AEA,EN,Federal Contract Tower,10,16,22,16,64,0,10,35,0,45,10,26,57,16,109,66,0,66,175
10/01/2008,SWF,NY,AEA,EN,Federal Contract Tower,18,21,17,13,69,0,2,31,3,36,18,23,48,16,105,12,22,34,139
10/02/2008,SWF,NY,AEA,EN,Federal Contract Tower,10,26,29,4,69,0,6,23,0,29,10,32,52,4,98,22,0,22,120
10/03/2008,SWF,NY,AEA,EN,Federal Contract Tower,12,19,26,11,68,0,0,41,38,79,12,19,67,49,147,68,28,96,243
10/04/2008,SWF,NY,AEA,EN,Federal Contract Tower,10,18,16,1,45,0,7,50,15,72,10,25,66,16,117,82,10,92,209
10/05/2008,SWF,NY,AEA,EN,Federal Contract Tower,8,22,24,3,57,0,11,33,1,45,8,33,57,4,102,8,0,8,110
10/06/2008,SWF,NY,AEA,EN,Federal Contract Tower,8,19,25,2,54,0,9,57,0,66,8,28,82,2,120,84,0,84,204
10/07/2008,SWF,NY,AEA,EN,Federal Contract Tower,12,15,14,8,49,0,7,51,9,67,12,22,65,17,116,50,6,56,172
10/08/2008,SWF,NY,AEA,EN,Federal Contract Tower,14,18,26,5,63,0,2,35,6,43,14,20,61,11,106,6,0,6,112
10/09/2008,SWF,NY,AEA,EN,Federal Contract Tower,13,26,18,4,61,0,9,37,0,46,13,35,55,4,107,4,0,4,111
10/10/2008,SWF,NY,AEA,EN,Federal Contract Tower,12,21,34,7,74,0,6,42,6,54,12,27,76,13,128,32,8,40,168
10/11/2008,SWF,NY,AEA,EN,Federal Contract Tower,10,19,8,4,41,0,5,46,2,53,10,24,54,6,94,0,0,0,94
10/12/2008,SWF,NY,AEA,EN,Federal Contract Tower,6,18,18,1,43,0,2,46,0,48,6,20,64,1,91,52,0,52,143
10/13/2008,SWF,NY,AEA,EN,Federal Contract Tower,8,19,15,2,44,0,11,50,0,61,8,30,65,2,105,88,0,88,193
10/14/2008,SWF,NY,AEA,EN,Federal Contract Tower,12,25,18,10,65,0,10,45,5,60,12,35,63,15,125,14,0,14,139
10/15/2008,SWF,NY,AEA,EN,Federal Contract Tower,12,24,20,11,67,0,10,59,5,74,12,34,79,16,141,72,4,76,217
10/16/2008,SWF,NY,AEA,EN,Federal Contract Tower,14,23,26,20,83,0,6,27,1,34,14,29,53,21,117,8,0,8,125
10/17/2008,SWF,NY,AEA,EN,Federal Contract Tower,17,18,29,6,70,0,8,37,15,60,17,26,66,21,130,50,0,50,180
10/18/2008,SWF,NY,AEA,EN,Federal Contract Tower,9,18,17,3,47,0,15,69,14,98,9,33,86,17,145,70,0,70,215
10/19/2008,SWF,NY,AEA,EN,Federal Contract Tower,4,24,28,4,60,0,5,61,1,67,4,29,89,5,127,78,4,82,209
10/20/2008,SWF,NY,AEA,EN,Federal Contract Tower,8,18,21,4,51,0,9,43,6,58,8,27,64,10,109,60,6,66,175
10/21/2008,SWF,NY,AEA,EN,Federal Contract Tower,14,22,21,11,68,0,9,20,1,30,14,31,41,12,98,0,0,0,98
10/22/2008,SWF,NY,AEA,EN,Federal Contract Tower,12,22,18,10,62,0,8,20,11,39,12,30,38,21,101,12,14,26,127
10/23/2008,SWF,NY,AEA,EN,Federal Contract Tower,16,23,30,11,80,0,8,58,4,70,16,31,88,15,150,14,14,28,178
10/24/2008,SWF,NY,AEA,EN,Federal Contract Tower,12,29,26,7,74,0,11,38,5,54,12,40,64,12,128,44,0,44,172
10/25/2008,SWF,NY,AEA,EN,Federal Contract Tower,13,17,4,2,36,0,0,0,0,0,13,17,4,2,36,0,0,0,36
10/26/2008,SWF,NY,AEA,EN,Federal Contract Tower,3,20,21,4,48,0,1,49,1,51,3,21,70,5,99,70,0,70,169
10/27/2008,SWF,NY,AEA,EN,Federal Contract Tower,7,21,17,8,53,0,4,35,5,44,7,25,52,13,97,16,8,24,121
10/28/2008,SWF,NY,AEA,EN,Federal Contract Tower,14,16,15,2,47,0,0,0,0,0,14,16,15,2,47,0,0,0,47
10/29/2008,SWF,NY,AEA,EN,Federal Contract Tower,14,19,26,27,86,0,1,23,2,26,14,20,49,29,112,46,0,46,158
10/30/2008,SWF,NY,AEA,EN,Federal Contract Tower,12,22,22,14,70,0,4,25,9,38,12,26,47,23,108,16,10,26,134
10/31/2008,SWF,NY,AEA,EN,Federal Contract Tower,14,21,24,11,70,0,14,73,8,95,14,35,97,19,165,76,24,100,265
11/01/2008,SWF,NY,AEA,EN,Federal Contract Tower,8,19,18,4,49,0,14,44,23,81,8,33,62,27,130,46,8,54,184
11/02/2008,SWF,NY,AEA,EN,Federal Contract Tower,6,20,17,8,51,0,6,47,5,58,6,26,64,13,109,50,0,50,159
11/03/2008,SWF,NY,AEA,EN,Federal Contract Tower,7,21,17,3,48,0,8,9,4,21,7,29,26,7,69,10,0,10,79
11/04/2008,SWF,NY,AEA,EN,Federal Contract Tower,12,25,22,7,66,0,10,29,6,45,12,35,51,13,111,6,16,22,133
11/05/2008,SWF,NY,AEA,EN,Federal Contract Tower,14,29,18,2,63,0,14,25,4,43,14,43,43,6,106,24,0,24,130
11/06/2008,SWF,NY,AEA,EN,Federal Contract Tower,11,17,30,7,65,0,6,10,4,20,11,23,40,11,85,4,2,6,91
11/07/2008,SWF,NY,AEA,EN,Federal Contract Tower,14,19,42,11,86,0,5,5,1,11,14,24,47,12,97,0,0,0,97
11/08/2008,SWF,NY,AEA,EN,Federal Contract Tower,10,16,12,0,38,0,0,0,0,0,10,16,12,0,38,0,0,0,38
11/09/2008,SWF,NY,AEA,EN,Federal Contract Tower,5,22,18,0,45,0,3,22,0,25,5,25,40,0,70,6,0,6,76
11/10/2008,SWF,NY,AEA,EN,Federal Contract Tower,8,18,19,0,45,0,2,33,1,36,8,20,52,1,81,30,0,30,111
11/11/2008,SWF,NY,AEA,EN,Federal Contract Tower,15,22,20,6,63,0,21,74,9,104,15,43,94,15,167,56,6,62,229
11/12/2008,SWF,NY,AEA,EN,Federal Contract Tower,14,16,31,9,70,0,7,30,3,40,14,23,61,12,110,20,0,20,130
11/13/2008,SWF,NY,AEA,EN,Federal Contract Tower,11,26,26,5,68,0,0,8,0,8,11,26,34,5,76,0,0,0,76
11/14/2008,SWF,NY,AEA,EN,Federal Contract Tower,14,23,27,4,68,0,0,0,0,0,14,23,27,4,68,0,0,0,68
11/15/2008,SWF,NY,AEA,EN,Federal Contract Tower,8,20,3,2,33,0,0,0,0,0,8,20,3,2,33,0,0,0,33
11/16/2008,SWF,NY,AEA,EN,Federal Contract Tower,7,17,12,0,36,0,3,18,0,21,7,20,30,0,57,4,0,4,61
11/17/2008,SWF,NY,AEA,EN,Federal Contract Tower,10,21,24,6,61,0,10,19,14,43,10,31,43,20,104,10,6,16,120
11/18/2008,SWF,NY,AEA,EN,Federal Contract Tower,12,26,22,8,68,0,7,24,7,38,12,33,46,15,106,12,0,12,118
11/19/2008,SWF,NY,AEA,EN,Federal Contract Tower,13,25,24,4,66,0,20,61,9,90,13,45,85,13,156,50,0,50,206
11/20/2008,SWF,NY,AEA,EN,Federal Contract Tower,10,21,24,5,60,0,13,37,4,54,10,34,61,9,114,0,0,0,114
11/21/2008,SWF,NY,AEA,EN,Federal Contract Tower,12,18,22,9,61,0,4,36,10,50,12,22,58,19,111,16,10,26,137
11/22/2008,SWF,NY,AEA,EN,Federal Contract Tower,7,20,11,2,40,0,3,16,0,19,7,23,27,2,59,8,0,8,67
11/23/2008,SWF,NY,AEA,EN,Federal Contract Tower,6,20,22,5,53,0,0,22,1,23,6,20,44,6,76,6,0,6,82
11/24/2008,SWF,NY,AEA,EN,Federal Contract Tower,8,19,27,7,61,0,18,51,2,71,8,37,78,9,132,36,0,36,168
11/25/2008,SWF,NY,AEA,EN,Federal Contract Tower,14,23,9,4,50,0,0,10,0,10,14,23,19,4,60,0,0,0,60
11/26/2008,SWF,NY,AEA,EN,Federal Contract Tower,11,29,27,1,68,0,3,26,0,29,11,32,53,1,97,8,0,8,105
11/27/2008,SWF,NY,AEA,EN,Federal Contract Tower,5,9,6,0,20,0,11,23,0,34,5,20,29,0,54,20,0,20,74
11/28/2008,SWF,NY,AEA,EN,Federal Contract Tower,14,17,16,0,47,0,12,20,0,32,14,29,36,0,79,6,0,6,85
11/29/2008,SWF,NY,AEA,EN,Federal Contract Tower,8,19,14,0,41,0,20,61,0,81,8,39,75,0,122,60,0,60,182
11/30/2008,SWF,NY,AEA,EN,Federal Contract Tower,5,29,35,0,69,0,0,1,0,1,5,29,36,0,70,0,0,0,70
12/01/2008,SWF,NY,AEA,EN,Federal Contract Tower,7,25,21,8,61,0,2,36,7,45,7,27,57,15,106,0,0,0,106
12/02/2008,SWF,NY,AEA,EN,Federal Contract Tower,9,23,29,4,65,0,23,65,11,99,9,46,94,15,164,32,0,32,196
12/03/2008,SWF,NY,AEA,EN,Federal Contract Tower,11,22,29,7,69,0,18,88,37,143,11,40,117,44,212,76,20,96,308
12/04/2008,SWF,NY,AEA,EN,Federal Contract Tower,14,22,18,10,64,0,4,17,20,41,14,26,35,30,105,12,28,40,145
12/05/2008,SWF,NY,AEA,EN,Federal Contract Tower,13,23,21,9,66,0,12,44,4,60,13,35,65,13,126,44,0,44,170
12/06/2008,SWF,NY,AEA,EN,Federal Contract Tower,5,17,12,11,45,0,10,37,26,73,5,27,49,37,118,28,12,40,158
12/07/2008,SWF,NY,AEA,EN,Federal Contract Tower,4,24,13,8,49,0,0,11,3,14,4,24,24,11,63,0,0,0,63
12/08/2008,SWF,NY,AEA,EN,Federal Contract Tower,6,18,14,8,46,26,2,34,4,66,32,20,48,12,112,10,0,10,122
12/09/2008,SWF,NY,AEA,EN,Federal Contract Tower,8,20,14,15,57,0,10,23,12,45,8,30,37,27,102,0,0,0,102
12/10/2008,SWF,NY,AEA,EN,Federal Contract Tower,8,23,19,2,52,0,0,0,0,0,8,23,19,2,52,0,0,0,52
12/11/2008,SWF,NY,AEA,EN,Federal Contract Tower,5,21,12,0,38,0,0,0,0,0,5,21,12,0,38,0,0,0,38
12/12/2008,SWF,NY,AEA,EN,Federal Contract Tower,11,25,18,5,59,0,6,10,0,16,11,31,28,5,75,0,0,0,75
12/13/2008,SWF,NY,AEA,EN,Federal Contract Tower,6,14,15,3,38,0,4,57,1,62,6,18,72,4,100,64,0,64,164
12/14/2008,SWF,NY,AEA,EN,Federal Contract Tower,7,20,5,0,32,0,5,35,0,40,7,25,40,0,72,22,0,22,94
12/15/2008,SWF,NY,AEA,EN,Federal Contract Tower,9,19,14,3,45,0,4,11,4,19,9,23,25,7,64,8,0,8,72
12/16/2008,SWF,NY,AEA,EN,Federal Contract Tower,10,16,13,4,43,0,9,18,0,27,10,25,31,4,70,44,0,44,114
12/17/2008,SWF,NY,AEA,EN,Federal Contract Tower,9,20,17,0,46,0,1,3,1,5,9,21,20,1,51,0,0,0,51
12/18/2008,SWF,NY,AEA,EN,Federal Contract Tower,9,22,24,11,66,0,22,52,11,85,9,44,76,22,151,42,0,42,193
12/19/2008,SWF,NY,AEA,EN,Federal Contract Tower,8,13,13,0,34,0,2,5,0,7,8,15,18,0,41,0,0,0,41
12/20/2008,SWF,NY,AEA,EN,Federal Contract Tower,4,17,13,1,35,0,0,0,0,0,4,17,13,1,35,0,0,0,35
12/21/2008,SWF,NY,AEA,EN,Federal Contract Tower,5,16,5,3,29,0,0,8,0,8,5,16,13,3,37,0,0,0,37
12/22/2008,SWF,NY,AEA,EN,Federal Contract Tower,4,20,9,1,34,0,1,3,0,4,4,21,12,1,38,0,0,0,38
12/23/2008,SWF,NY,AEA,EN,Federal Contract Tower,9,18,14,5,46,0,10,26,3,39,9,28,40,8,85,40,0,40,125
12/24/2008,SWF,NY,AEA,EN,Federal Contract Tower,11,23,6,1,41,0,0,0,0,0,11,23,6,1,41,0,0,0,41
12/25/2008,SWF,NY,AEA,EN,Federal Contract Tower,4,19,7,0,30,0,3,7,0,10,4,22,14,0,40,0,0,0,40
12/26/2008,SWF,NY,AEA,EN,Federal Contract Tower,8,28,13,0,49,0,4,30,0,34,8,32,43,0,83,22,0,22,105
12/27/2008,SWF,NY,AEA,EN,Federal Contract Tower,4,22,10,0,36,0,0,2,0,2,4,22,12,0,38,12,0,12,50
12/28/2008,SWF,NY,AEA,EN,Federal Contract Tower,7,21,24,2,54,0,0,3,0,3,7,21,27,2,57,0,0,0,57
12/29/2008,SWF,NY,AEA,EN,Federal Contract Tower,5,20,15,2,42,0,10,36,2,48,5,30,51,4,90,8,0,8,98
12/30/2008,SWF,NY,AEA,EN,Federal Contract Tower,9,19,7,0,35,0,9,38,1,48,9,28,45,1,83,14,0,14,97
12/31/2008,SWF,NY,AEA,EN,Federal Contract Tower,10,18,9,3,40,0,0,0,0,0,10,18,9,3,40,0,0,0,40
01/01/2009,SWF,NY,AEA,EN,Federal Contract Tower,4,18,6,3,31,0,3,14,0,17,4,21,20,3,48,0,0,0,48
01/02/2009,SWF,NY,AEA,EN,Federal Contract Tower,8,21,10,1,40,0,1,11,0,12,8,22,21,1,52,28,0,28,80
01/03/2009,SWF,NY,AEA,EN,Federal Contract Tower,7,21,12,1,41,0,0,15,0,15,7,21,27,1,56,22,0,22,78
01/04/2009,SWF,NY,AEA,EN,Federal Contract Tower,4,25,23,0,52,0,2,43,0,45,4,27,66,0,97,36,0,36,133
01/05/2009,SWF,NY,AEA,EN,Federal Contract Tower,5,20,11,8,44,0,9,18,0,27,5,29,29,8,71,8,12,20,91
01/06/2009,SWF,NY,AEA,EN,Federal Contract Tower,9,20,21,3,53,0,7,27,2,36,9,27,48,5,89,20,6,26,115
01/07/2009,SWF,NY,AEA,EN,Federal Contract Tower,7,17,8,2,34,0,0,0,0,0,7,17,8,2,34,0,0,0,34
01/08/2009,SWF,NY,AEA,EN,Federal Contract Tower,8,22,10,6,46,0,4,47,0,51,8,26,57,6,97,0,10,10,107
01/09/2009,SWF,NY,AEA,EN,Federal Contract Tower,7,18,14,4,43,0,3,27,3,33,7,21,41,7,76,2,0,2,78
01/10/2009,SWF,NY,AEA,EN,Federal Contract Tower,6,9,5,1,21,0,2,1,0,3,6,11,6,1,24,22,0,22,46
01/11/2009,SWF,NY,AEA,EN,Federal Contract Tower,4,15,10,5,34,0,0,6,0,6,4,15,16,5,40,0,0,0,40
01/12/2009,SWF,NY,AEA,EN,Federal Contract Tower,5,22,19,9,55,0,6,35,2,43,5,28,54,11,98,14,0,14,112
01/13/2009,SWF,NY,AEA,EN,Federal Contract Tower,8,27,15,3,53,0,15,8,3,26,8,42,23,6,79,24,0,24,103
01/14/2009,SWF,NY,AEA,EN,Federal Contract Tower,10,19,15,11,55,0,14,51,9,74,10,33,66,20,129,64,12,76,205
01/15/2009,SWF,NY,AEA,EN,Federal Contract Tower,8,23,15,8,54,10,2,19,0,31,18,25,34,8,85,0,16,16,101
01/16/2009,SWF,NY,AEA,EN,Federal Contract Tower,10,21,19,5,55,0,5,16,2,23,10,26,35,7,78,8,0,8,86
01/17/2009,SWF,NY,AEA,EN,Federal Contract Tower,5,13,8,2,28,0,0,11,1,12,5,13,19,3,40,6,0,6,46
01/18/2009,SWF,NY,AEA,EN,Federal Contract Tower,4,20,3,1,28,0,0,0,0,0,4,20,3,1,28,0,0,0,28
01/19/2009,SWF,NY,AEA,EN,Federal Contract Tower,9,27,10,3,49,0,4,8,3,15,9,31,18,6,64,18,8,26,90
01/20/2009,SWF,NY,AEA,EN,Federal Contract Tower,7,24,18,12,61,0,9,30,11,50,7,33,48,23,111,10,0,10,121
01/21/2009,SWF,NY,AEA,EN,Federal Contract Tower,8,25,15,4,52,0,10,35,6,51,8,35,50,10,103,0,0,0,103
01/22/2009,SWF,NY,AEA,EN,Federal Contract Tower,7,21,8,5,41,0,2,16,3,21,7,23,24,8,62,0,0,0,62
01/23/2009,SWF,NY,AEA,EN,Federal Contract Tower,9,19,11,5,44,0,3,44,1,48,9,22,55,6,92,44,0,44,136
01/24/2009,SWF,NY,AEA,EN,Federal Contract Tower,7,13,13,2,35,0,0,19,0,19,7,13,32,2,54,4,0,4,58
01/25/2009,SWF,NY,AEA,EN,Federal Contract Tower,5,21,17,3,46,0,3,44,0,47,5,24,61,3,93,46,0,46,139
01/26/2009,SWF,NY,AEA,EN,Federal Contract Tower,5,20,21,8,54,0,6,24,0,30,5,26,45,8,84,22,0,22,106
01/27/2009,SWF,NY,AEA,EN,Federal Contract Tower,7,17,28,25,77,0,8,44,5,57,7,25,72,30,134,58,30,88,222
01/28/2009,SWF,NY,AEA,EN,Federal Contract Tower,9,14,9,2,34,0,0,0,0,0,9,14,9,2,34,0,0,0,34
01/29/2009,SWF,NY,AEA,EN,Federal Contract Tower,10,22,17,8,57,0,10,37,4,51,10,32,54,12,108,46,0,46,154
01/30/2009,SWF,NY,AEA,EN,Federal Contract Tower,8,20,15,8,51,0,4,17,2,23,8,24,32,10,74,22,0,22,96
01/31/2009,SWF,NY,AEA,EN,Federal Contract Tower,5,8,15,3,31,0,3,26,2,31,5,11,41,5,62,42,0,42,104
02/01/2009,SWF,NY,AEA,EN,Federal Contract Tower,4,17,31,2,54,0,7,33,1,41,4,24,64,3,95,70,0,70,165
02/02/2009,SWF,NY,AEA,EN,Federal Contract Tower,5,17,20,7,49,0,12,30,5,47,5,29,50,12,96,60,0,60,156
02/03/2009,SWF,NY,AEA,EN,Federal Contract Tower,12,18,14,5,49,0,0,0,0,0,12,18,14,5,49,0,0,0,49
02/04/2009,SWF,NY,AEA,EN,Federal Contract Tower,7,20,15,7,49,0,10,18,4,32,7,30,33,11,81,0,0,0,81
02/05/2009,SWF,NY,AEA,EN,Federal Contract Tower,9,27,19,4,59,0,8,23,5,36,9,35,42,9,95,36,12,48,143
02/06/2009,SWF,NY,AEA,EN,Federal Contract Tower,8,18,18,18,62,0,6,43,12,61,8,24,61,30,123,28,0,28,151
02/07/2009,SWF,NY,AEA,EN,Federal Contract Tower,9,9,12,1,31,0,1,33,0,34,9,10,45,1,65,38,0,38,103
02/08/2009,SWF,NY,AEA,EN,Federal Contract Tower,6,16,9,3,34,0,6,18,0,24,6,22,27,3,58,20,0,20,78
02/09/2009,SWF,NY,AEA,EN,Federal Contract Tower,5,18,17,5,45,0,24,58,6,88,5,42,75,11,133,70,12,82,215
02/10/2009,SWF,NY,AEA,EN,Federal Contract Tower,8,26,18,8,60,0,11,33,9,53,8,37,51,17,113,34,32,66,179
02/11/2009,SWF,NY,AEA,EN,Federal Contract Tower,9,26,11,5,51,0,7,46,2,55,9,33,57,7,106,52,6,58,164
02/12/2009,SWF,NY,AEA,EN,Federal Contract Tower,8,104,22,6,140,0,0,10,0,10,8,104,32,6,150,0,0,0,150
02/13/2009,SWF,NY,AEA,EN,Federal Contract Tower,9,40,24,3,76,0,0,14,0,14,9,40,38,3,90,16,0,16,106
02/14/2009,SWF,NY,AEA,EN,Federal Contract Tower,5,13,8,3,29,0,3,30,0,33,5,16,38,3,62,36,0,36,98
02/15/2009,SWF,NY,AEA,EN,Federal Contract Tower,4,19,16,1,40,0,14,90,0,104,4,33,106,1,144,58,0,58,202
02/16/2009,SWF,NY,AEA,EN,Federal Contract Tower,6,22,27,1,56,0,10,48,2,60,6,32,75,3,116,94,0,94,210
02/17/2009,SWF,NY,AEA,EN,Federal Contract Tower,10,23,10,1,44,0,18,59,5,82,10,41,69,6,126,36,8,44,170
02/18/2009,SWF,NY,AEA,EN,Federal Contract Tower,11,24,8,7,50,0,1,18,7,26,11,25,26,14,76,6,12,18,94
02/19/2009,SWF,NY,AEA,EN,Federal Contract Tower,6,20,14,4,44,0,1,38,0,39,6,21,52,4,83,0,0,0,83
02/20/2009,SWF,NY,AEA,EN,Federal Contract Tower,8,22,10,13,53,0,2,14,1,17,8,24,24,14,70,0,0,0,70
02/21/2009,SWF,NY,AEA,EN,Federal Contract Tower,5,18,17,2,42,0,10,46,2,58,5,28,63,4,100,74,0,74,174
02/22/2009,SWF,NY,AEA,EN,Federal Contract Tower,4,16,10,3,33,0,0,0,0,0,4,16,10,3,33,0,0,0,33
02/23/2009,SWF,NY,AEA,EN,Federal Contract Tower,5,20,8,3,36,0,2,13,0,15,5,22,21,3,51,0,0,0,51
02/24/2009,SWF,NY,AEA,EN,Federal Contract Tower,10,21,12,5,48,0,9,40,3,52,10,30,52,8,100,12,4,16,116
02/25/2009,SWF,NY,AEA,EN,Federal Contract Tower,9,26,16,3,54,0,3,11,4,18,9,29,27,7,72,4,0,4,76
02/26/2009,SWF,NY,AEA,EN,Federal Contract Tower,7,20,17,6,50,0,4,30,7,41,7,24,47,13,91,10,0,10,101
02/27/2009,SWF,NY,AEA,EN,Federal Contract Tower,9,24,11,10,54,0,2,39,0,41,9,26,50,10,95,0,0,0,95
02/28/2009,SWF,NY,AEA,EN,Federal Contract Tower,5,18,21,0,44,0,10,51,0,61,5,28,72,0,105,26,0,26,131
03/01/2009,SWF,NY,AEA,EN,Federal Contract Tower,4,18,9,1,32,0,7,13,0,20,4,25,22,1,52,22,0,22,74
03/02/2009,SWF,NY,AEA,EN,Federal Contract Tower,7,10,2,1,20,0,0,0,0,0,7,10,2,1,20,0,0,0,20
03/03/2009,SWF,NY,AEA,EN,Federal Contract Tower,8,22,10,7,47,0,10,22,17,49,8,32,32,24,96,28,0,28,124
03/04/2009,SWF,NY,AEA,EN,Federal Contract Tower,9,21,21,8,59,0,4,44,12,60,9,25,65,20,119,60,0,60,179
03/05/2009,SWF,NY,AEA,EN,Federal Contract Tower,8,24,20,13,65,0,4,52,11,67,8,28,72,24,132,32,0,32,164
03/06/2009,SWF,NY,AEA,EN,Federal Contract Tower,8,30,24,4,66,0,9,35,0,44,8,39,59,4,110,20,0,20,130
03/07/2009,SWF,NY,AEA,EN,Federal Contract Tower,5,14,19,7,45,0,4,40,4,48,5,18,59,11,93,40,8,48,141
03/08/2009,SWF,NY,AEA,EN,Federal Contract Tower,4,19,8,5,36,0,0,17,0,17,4,19,25,5,53,12,16,28,81
03/09/2009,SWF,NY,AEA,EN,Federal Contract Tower,6,22,16,9,53,0,0,2,0,2,6,22,18,9,55,0,0,0,55
03/10/2009,SWF,NY,AEA,EN,Federal Contract Tower,8,21,12,6,47,0,5,19,1,25,8,26,31,7,72,14,0,14,86
03/11/2009,SWF,NY,AEA,EN,Federal Contract Tower,8,22,32,18,80,0,2,3,2,7,8,24,35,20,87,0,14,14,101
03/12/2009,SWF,NY,AEA,EN,Federal Contract Tower,9,23,21,16,69,0,14,45,14,73,9,37,66,30,142,20,6,26,168
03/13/2009,SWF,NY,AEA,EN,Federal Contract Tower,8,22,15,9,54,0,10,42,2,54,8,32,57,11,108,34,0,34,142
03/14/2009,SWF,NY,AEA,EN,Federal Contract Tower,6,11,13,5,35,0,5,34,0,39,6,16,47,5,74,30,12,42,116
03/15/2009,SWF,NY,AEA,EN,Federal Contract Tower,4,16,9,4,33,0,6,46,3,55,4,22,55,7,88,42,0,42,130
03/16/2009,SWF,NY,AEA,EN,Federal Contract Tower,6,22,12,13,53,0,3,48,6,57,6,25,60,19,110,38,34,72,182
03/17/2009,SWF,NY,AEA,EN,Federal Contract Tower,9,18,24,9,60,0,6,31,5,42,9,24,55,14,102,48,0,48,150
03/18/2009,SWF,NY,AEA,EN,Federal Contract Tower,8,21,9,11,49,0,6,48,14,68,8,27,57,25,117,26,20,46,163
03/19/2009,SWF,NY,AEA,EN,Federal Contract Tower,8,18,16,22,64,0,2,12,3,17,8,20,28,25,81,4,8,12,93
03/20/2009,SWF,NY,AEA,EN,Federal Contract Tower,8,16,14,8,46,0,12,43,2,57,8,28,57,10,103,8,0,8,111
03/21/2009,SWF,NY,AEA,EN,Federal Contract Tower,5,17,15,1,38,0,5,33,0,38,5,22,48,1,76,42,0,42,118
03/22/2009,SWF,NY,AEA,EN,Federal Contract Tower,4,17,14,3,38,0,3,25,0,28,4,20,39,3,66,24,0,24,90
03/23/2009,SWF,NY,AEA,EN,Federal Contract Tower,4,19,16,2,41,0,5,51,3,59,4,24,67,5,100,6,0,6,106
03/24/2009,SWF,NY,AEA,EN,Federal Contract Tower,9,20,14,8,51,0,6,20,5,31,9,26,34,13,82,0,0,0,82
03/25/2009,SWF,NY,AEA,EN,Federal Contract Tower,11,21,24,10,66,0,9,71,3,83,11,30,95,13,149,6,0,6,155
03/26/2009,SWF,NY,AEA,EN,Federal Contract Tower,9,28,17,10,64,0,0,3,0,3,9,28,20,10,67,0,0,0,67
03/27/2009,SWF,NY,AEA,EN,Federal Contract Tower,8,19,26,15,68,0,8,35,2,45,8,27,61,17,113,22,0,22,135
03/28/2009,SWF,NY,AEA,EN,Federal Contract Tower,5,15,24,1,45,0,6,31,1,38,5,21,55,2,83,36,0,36,119
03/29/2009,SWF,NY,AEA,EN,Federal Contract Tower,4,33,36,2,75,0,0,0,0,0,4,33,36,2,75,0,0,0,75
03/30/2009,SWF,NY,AEA,EN,Federal Contract Tower,6,25,30,6,67,0,4,34,0,38,6,29,64,6,105,10,0,10,115
03/31/2009,SWF,NY,AEA,EN,Federal Contract Tower,8,24,8,5,45,0,2,45,4,51,8,26,53,9,96,46,6,52,148
04/01/2009,SWF,NY,AEA,EN,Federal Contract Tower,10,17,15,7,49,0,1,2,0,3,10,18,17,7,52,8,0,8,60
04/02/2009,SWF,NY,AEA,EN,Federal Contract Tower,14,21,19,8,62,0,9,21,2,32,14,30,40,10,94,18,8,26,120
04/03/2009,SWF,NY,AEA,EN,Federal Contract Tower,9,29,50,4,92,0,1,1,0,2,9,30,51,4,94,0,0,0,94
04/04/2009,SWF,NY,AEA,EN,Federal Contract Tower,6,20,5,3,34,0,1,0,6,7,6,21,5,9,41,0,8,8,49
04/05/2009,SWF,NY,AEA,EN,Federal Contract Tower,5,19,18,4,46,0,1,8,0,9,5,20,26,4,55,16,0,16,71
04/06/2009,SWF,NY,AEA,EN,Federal Contract Tower,5,26,19,3,53,0,0,0,0,0,5,26,19,3,53,0,0,0,53
04/07/2009,SWF,NY,AEA,EN,Federal Contract Tower,8,20,15,15,58,0,2,12,6,20,8,22,27,21,78,8,0,8,86
04/08/2009,SWF,NY,AEA,EN,Federal Contract Tower,8,26,16,9,59,0,19,32,2,53,8,45,48,11,112,20,10,30,142
04/09/2009,SWF,NY,AEA,EN,Federal Contract Tower,12,25,26,14,77,0,27,48,16,91,12,52,74,30,168,56,12,68,236
04/10/2009,SWF,NY,AEA,EN,Federal Contract Tower,9,19,11,3,42,0,12,39,2,53,9,31,50,5,95,50,0,50,145
04/11/2009,SWF,NY,AEA,EN,Federal Contract Tower,4,14,7,0,25,0,6,34,1,41,4,20,41,1,66,22,0,22,88
04/12/2009,SWF,NY,AEA,EN,Federal Contract Tower,4,20,2,0,26,0,0,14,0,14,4,20,16,0,40,0,0,0,40
04/13/2009,SWF,NY,AEA,EN,Federal Contract Tower,5,21,12,2,40,0,11,33,1,45,5,32,45,3,85,46,0,46,131
04/14/2009,SWF,NY,AEA,EN,Federal Contract Tower,10,22,10,8,50,0,5,24,8,37,10,27,34,16,87,14,14,28,115
04/15/2009,SWF,NY,AEA,EN,Federal Contract Tower,8,23,17,5,53,0,8,30,5,43,8,31,47,10,96,26,0,26,122
04/16/2009,SWF,NY,AEA,EN,Federal Contract Tower,8,21,27,12,68,0,26,58,0,84,8,47,85,12,152,20,0,20,172
04/17/2009,SWF,NY,AEA,EN,Federal Contract Tower,8,19,12,4,43,0,8,52,2,62,8,27,64,6,105,14,4,18,123
04/18/2009,SWF,NY,AEA,EN,Federal Contract Tower,5,16,14,7,42,0,6,44,10,60,5,22,58,17,102,32,4,36,138
04/19/2009,SWF,NY,AEA,EN,Federal Contract Tower,3,21,5,7,36,0,12,28,3,43,3,33,33,10,79,0,0,0,79
04/20/2009,SWF,NY,AEA,EN,Federal Contract Tower,12,21,16,8,57,0,1,0,1,2,12,22,16,9,59,6,18,24,83
04/21/2009,SWF,NY,AEA,EN,Federal Contract Tower,13,31,18,7,69,0,0,2,0,2,13,31,20,7,71,6,0,6,77
04/22/2009,SWF,NY,AEA,EN,Federal Contract Tower,12,30,32,4,78,0,23,71,10,104,12,53,103,14,182,72,0,72,254
04/23/2009,SWF,NY,AEA,EN,Federal Contract Tower,8,19,20,4,51,0,7,12,2,21,8,26,32,6,72,6,0,6,78
04/24/2009,SWF,NY,AEA,EN,Federal Contract Tower,8,20,23,1,52,0,11,46,2,59,8,31,69,3,111,24,0,24,135
04/25/2009,SWF,NY,AEA,EN,Federal Contract Tower,5,13,5,2,25,0,14,60,12,86,5,27,65,14,111,62,0,62,173
04/26/2009,SWF,NY,AEA,EN,Federal Contract Tower,4,17,9,1,31,0,3,44,0,47,4,20,53,1,78,34,2,36,114
04/27/2009,SWF,NY,AEA,EN,Federal Contract Tower,5,15,26,7,53,0,3,60,6,69,5,18,86,13,122,8,0,8,130
04/28/2009,SWF,NY,AEA,EN,Federal Contract Tower,8,17,24,7,56,0,14,60,12,86,8,31,84,19,142,76,4,80,222
04/29/2009,SWF,NY,AEA,EN,Federal Contract Tower,7,23,9,2,41,0,10,46,5,61,7,33,55,7,102,28,0,28,130
04/30/2009,SWF,NY,AEA,EN,Federal Contract Tower,8,29,16,8,61,0,14,49,5,68,8,43,65,13,129,22,18,40,169
05/01/2009,SWF,NY,AEA,EN,Federal Contract Tower,8,15,30,12,65,0,2,12,2,16,8,17,42,14,81,6,22,28,109
05/02/2009,SWF,NY,AEA,EN,Federal Contract Tower,6,15,19,4,44,0,7,30,2,39,6,22,49,6,83,48,22,70,153
05/03/2009,SWF,NY,AEA,EN,Federal Contract Tower,4,18,17,9,48,0,5,10,8,23,4,23,27,17,71,6,8,14,85
05/04/2009,SWF,NY,AEA,EN,Federal Contract Tower,5,16,15,1,37,0,2,10,0,12,5,18,25,1,49,2,0,2,51
05/05/2009,SWF,NY,AEA,EN,Federal Contract Tower,8,23,15,10,56,0,0,1,0,1,8,23,16,10,57,0,0,0,57
05/06/2009,SWF,NY,AEA,EN,Federal Contract Tower,8,24,31,9,72,0,15,42,6,63,8,39,73,15,135,24,0,24,159
05/07/2009,SWF,NY,AEA,EN,Federal Contract Tower,12,23,26,15,76,0,10,26,6,42,12,33,52,21,118,0,0,0,118
05/08/2009,SWF,NY,AEA,EN,Federal Contract Tower,8,21,28,3,60,0,9,30,9,48,8,30,58,12,108,10,12,22,130
05/09/2009,SWF,NY,AEA,EN,Federal Contract Tower,11,18,22,0,51,0,2,4,0,6,11,20,26,0,57,0,0,0,57
05/10/2009,SWF,NY,AEA,EN,Federal Contract Tower,4,19,18,1,42,0,0,3,0,3,4,19,21,1,45,0,0,0,45
05/11/2009,SWF,NY,AEA,EN,Federal Contract Tower,5,16,28,8,57,0,10,76,5,91,5,26,104,13,148,14,0,14,162
05/12/2009,SWF,NY,AEA,EN,Federal Contract Tower,8,18,32,8,66,0,25,147,8,180,8,43,179,16,246,50,0,50,296
05/13/2009,SWF,NY,AEA,EN,Federal Contract Tower,9,22,42,3,76,0,30,74,21,125,9,52,116,24,201,40,6,46,247
05/14/2009,SWF,NY,AEA,EN,Federal Contract Tower,10,28,24,3,65,0,5,1,11,17,10,33,25,14,82,0,0,0,82
05/15/2009,SWF,NY,AEA,EN,Federal Contract Tower,8,36,15,12,71,0,14,67,8,89,8,50,82,20,160,50,4,54,214
05/16/2009,SWF,NY,AEA,EN,Federal Contract Tower,9,15,13,12,49,0,1,2,0,3,9,16,15,12,52,0,0,0,52
05/17/2009,SWF,NY,AEA,EN,Federal Contract Tower,4,29,23,0,56,0,8,79,2,89,4,37,102,2,145,56,10,66,211
05/18/2009,SWF,NY,AEA,EN,Federal Contract Tower,5,24,13,10,52,0,10,68,8,86,5,34,81,18,138,40,8,48,186
05/19/2009,SWF,NY,AEA,EN,Federal Contract Tower,8,21,20,11,60,0,12,74,17,103,8,33,94,28,163,66,6,72,235
05/20/2009,SWF,NY,AEA,EN,Federal Contract Tower,8,23,15,6,52,0,18,43,3,64,8,41,58,9,116,18,4,22,138
05/21/2009,SWF,NY,AEA,EN,Federal Contract Tower,10,21,25,4,60,0,16,66,7,89,10,37,91,11,149,32,0,32,181
05/22/2009,SWF,NY,AEA,EN,Federal Contract Tower,8,27,16,8,59,0,9,50,7,66,8,36,66,15,125,70,0,70,195
05/23/2009,SWF,NY,AEA,EN,Federal Contract Tower,5,17,14,5,41,0,3,29,2,34,5,20,43,7,75,24,0,24,99
05/24/2009,SWF,NY,AEA,EN,Federal Contract Tower,4,19,10,2,35,0,8,13,0,21,4,27,23,2,56,12,0,12,68
05/25/2009,SWF,NY,AEA,EN,Federal Contract Tower,6,21,23,0,50,0,5,42,4,51,6,26,65,4,101,8,0,8,109
05/26/2009,SWF,NY,AEA,EN,Federal Contract Tower,9,16,28,10,63,0,7,60,2,69,9,23,88,12,132,24,8,32,164
05/27/2009,SWF,NY,AEA,EN,Federal Contract Tower,10,18,32,10,70,0,2,3,0,5,10,20,35,10,75,0,0,0,75
05/28/2009,SWF,NY,AEA,EN,Federal Contract Tower,8,27,26,8,69,0,0,0,4,4,8,27,26,12,73,0,0,0,73
05/29/2009,SWF,NY,AEA,EN,Federal Contract Tower,10,20,34,4,68,0,2,0,0,2,10,22,34,4,70,0,0,0,70
05/30/2009,SWF,NY,AEA,EN,Federal Contract Tower,5,15,15,1,36,0,6,19,1,26,5,21,34,2,62,14,0,14,76
05/31/2009,SWF,NY,AEA,EN,Federal Contract Tower,3,20,21,4,48,0,3,119,0,122,3,23,140,4,170,62,0,62,232
06/01/2009,SWF,NY,AEA,EN,Federal Contract Tower,7,22,24,10,63,0,12,73,0,85,7,34,97,10,148,66,0,66,214
06/02/2009,SWF,NY,AEA,EN,Federal Contract Tower,9,20,12,10,51,0,8,39,7,54,9,28,51,17,105,28,4,32,137
06/03/2009,SWF,NY,AEA,EN,Federal Contract Tower,9,17,23,4,53,0,9,33,14,56,9,26,56,18,109,28,0,28,137
06/04/2009,SWF,NY,AEA,EN,Federal Contract Tower,8,23,29,7,67,0,3,35,5,43,8,26,64,12,110,30,0,30,140
06/05/2009,SWF,NY,AEA,EN,Federal Contract Tower,9,28,32,7,76,0,2,1,2,5,9,30,33,9,81,0,6,6,87
06/06/2009,SWF,NY,AEA,EN,Federal Contract Tower,6,15,13,1,35,0,2,63,0,65,6,17,76,1,100,56,0,56,156
06/07/2009,SWF,NY,AEA,EN,Federal Contract Tower,8,23,11,0,42,0,10,95,17,122,8,33,106,17,164,104,0,104,268
06/08/2009,SWF,NY,AEA,EN,Federal Contract Tower,5,20,25,5,55,0,6,52,2,60,5,26,77,7,115,22,0,22,137
06/09/2009,SWF,NY,AEA,EN,Federal Contract Tower,10,21,14,6,51,0,0,0,0,0,10,21,14,6,51,0,0,0,51
06/10/2009,SWF,NY,AEA,EN,Federal Contract Tower,10,31,29,12,82,0,0,17,0,17,10,31,46,12,99,26,0,26,125
06/11/2009,SWF,NY,AEA,EN,Federal Contract Tower,10,27,28,12,77,0,0,0,0,0,10,27,28,12,77,0,0,0,77
06/12/2009,SWF,NY,AEA,EN,Federal Contract Tower,7,24,16,10,57,0,0,9,2,11,7,24,25,12,68,0,4,4,72
06/13/2009,SWF,NY,AEA,EN,Federal Contract Tower,5,18,12,2,37,0,2,34,10,46,5,20,46,12,83,72,0,72,155
06/14/2009,SWF,NY,AEA,EN,Federal Contract Tower,4,25,20,4,53,0,3,49,6,58,4,28,69,10,111,60,0,60,171
06/15/2009,SWF,NY,AEA,EN,Federal Contract Tower,6,24,21,5,56,0,11,24,5,40,6,35,45,10,96,0,0,0,96
06/16/2009,SWF,NY,AEA,EN,Federal Contract Tower,9,30,21,10,70,0,10,23,7,40,9,40,44,17,110,0,0,0,110
06/17/2009,SWF,NY,AEA,EN,Federal Contract Tower,10,30,23,7,70,0,8,58,11,77,10,38,81,18,147,30,14,44,191
06/18/2009,SWF,NY,AEA,EN,Federal Contract Tower,8,26,28,7,69,0,0,0,0,0,8,26,28,7,69,0,0,0,69
06/19/2009,SWF,NY,AEA,EN,Federal Contract Tower,10,32,34,6,82,0,2,15,2,19,10,34,49,8,101,4,0,4,105
06/20/2009,SWF,NY,AEA,EN,Federal Contract Tower,5,18,11,1,35,0,2,6,1,9,5,20,17,2,44,6,0,6,50
06/21/2009,SWF,NY,AEA,EN,Federal Contract Tower,4,24,16,1,45,0,5,18,1,24,4,29,34,2,69,10,0,10,79
06/22/2009,SWF,NY,AEA,EN,Federal Contract Tower,5,20,25,7,57,0,8,49,6,63,5,28,74,13,120,24,0,24,144
06/23/2009,SWF,NY,AEA,EN,Federal Contract Tower,7,20,15,4,46,0,5,38,8,51,7,25,53,12,97,46,0,46,143
06/24/2009,SWF,NY,AEA,EN,Federal Contract Tower,8,19,27,5,59,0,9,37,5,51,8,28,64,10,110,22,0,22,132
06/25/2009,SWF,NY,AEA,EN,Federal Contract Tower,8,21,20,4,53,0,7,48,2,57,8,28,68,6,110,26,0,26,136
06/26/2009,SWF,NY,AEA,EN,Federal Contract Tower,11,18,25,9,63,0,4,11,0,15,11,22,36,9,78,10,0,10,88
06/27/2009,SWF,NY,AEA,EN,Federal Contract Tower,4,17,14,2,37,0,0,22,0,22,4,17,36,2,59,0,0,0,59
06/28/2009,SWF,NY,AEA,EN,Federal Contract Tower,5,23,17,7,52,0,4,40,1,45,5,27,57,8,97,22,0,22,119
06/29/2009,SWF,NY,AEA,EN,Federal Contract Tower,5,26,31,7,69,0,11,46,9,66,5,37,77,16,135,26,0,26,161
06/30/2009,SWF,NY,AEA,EN,Federal Contract Tower,9,22,12,3,46,0,6,11,6,23,9,28,23,9,69,0,0,0,69
07/01/2009,SWF,NY,AEA,EN,Federal Contract Tower,13,27,23,4,67,0,0,8,0,8,13,27,31,4,75,0,0,0,75
07/02/2009,SWF,NY,AEA,EN,Federal Contract Tower,10,29,28,8,75,0,0,12,1,13,10,29,40,9,88,6,0,6,94
07/03/2009,SWF,NY,AEA,EN,Federal Contract Tower,8,18,24,0,50,0,2,19,1,22,8,20,43,1,72,28,0,28,100
07/04/2009,SWF,NY,AEA,EN,Federal Contract Tower,4,16,4,1,25,0,6,17,2,25,4,22,21,3,50,26,0,26,76
07/05/2009,SWF,NY,AEA,EN,Federal Contract Tower,4,20,21,1,46,0,9,45,0,54,4,29,66,1,100,58,0,58,158
07/06/2009,SWF,NY,AEA,EN,Federal Contract Tower,10,23,9,6,48,0,9,66,3,78,10,32,75,9,126,20,0,20,146
07/07/2009,SWF,NY,AEA,EN,Federal Contract Tower,17,18,16,4,55,0,8,31,4,43,17,26,47,8,98,24,0,24,122
07/08/2009,SWF,NY,AEA,EN,Federal Contract Tower,10,30,12,4,56,0,7,22,12,41,10,37,34,16,97,10,0,10,107
07/09/2009,SWF,NY,AEA,EN,Federal Contract Tower,7,26,15,6,54,0,9,39,1,49,7,35,54,7,103,16,0,16,119
07/10/2009,SWF,NY,AEA,EN,Federal Contract Tower,9,23,16,4,52,0,24,81,6,111,9,47,97,10,163,122,0,122,285
07/11/2009,SWF,NY,AEA,EN,Federal Contract Tower,5,17,19,0,41,0,10,61,8,79,5,27,80,8,120,58,0,58,178
07/12/2009,SWF,NY,AEA,EN,Federal Contract Tower,4,27,19,9,59,0,12,62,4,78,4,39,81,13,137,42,6,48,185
07/13/2009,SWF,NY,AEA,EN,Federal Contract Tower,6,21,18,8,53,0,10,46,5,61,6,31,64,13,114,12,0,12,126
07/14/2009,SWF,NY,AEA,EN,Federal Contract Tower,8,19,26,10,63,0,11,53,3,67,8,30,79,13,130,10,0,10,140
07/15/2009,SWF,NY,AEA,EN,Federal Contract Tower,10,22,20,4,56,0,8,47,1,56,10,30,67,5,112,18,0,18,130
07/16/2009,SWF,NY,AEA,EN,Federal Contract Tower,8,21,20,5,54,0,0,17,0,17,8,21,37,5,71,2,0,2,73
07/17/2009,SWF,NY,AEA,EN,Federal Contract Tower,11,29,33,1,74,0,2,45,2,49,11,31,78,3,123,10,0,10,133
07/18/2009,SWF,NY,AEA,EN,Federal Contract Tower,6,14,28,0,48,0,13,117,13,143,6,27,145,13,191,200,0,200,391
07/19/2009,SWF,NY,AEA,EN,Federal Contract Tower,6,21,32,2,61,0,15,106,0,121,6,36,138,2,182,70,0,70,252
07/20/2009,SWF,NY,AEA,EN,Federal Contract Tower,5,25,28,1,59,0,9,65,4,78,5,34,93,5,137,40,0,40,177
07/21/2009,SWF,NY,AEA,EN,Federal Contract Tower,10,20,22,5,57,0,1,5,0,6,10,21,27,5,63,0,0,0,63
07/22/2009,SWF,NY,AEA,EN,Federal Contract Tower,10,23,14,11,58,0,4,25,7,36,10,27,39,18,94,20,0,20,114
07/23/2009,SWF,NY,AEA,EN,Federal Contract Tower,8,27,23,13,71,0,2,52,4,58,8,29,75,17,129,12,0,12,141
07/24/2009,SWF,NY,AEA,EN,Federal Contract Tower,10,27,20,6,63,0,6,39,4,49,10,33,59,10,112,18,0,18,130
07/25/2009,SWF,NY,AEA,EN,Federal Contract Tower,5,24,9,12,50,0,5,45,9,59,5,29,54,21,109,36,0,36,145
07/26/2009,SWF,NY,AEA,EN,Federal Contract Tower,18,25,26,3,72,0,5,11,0,16,18,30,37,3,88,0,0,0,88
07/27/2009,SWF,NY,AEA,EN,Federal Contract Tower,11,22,22,2,57,0,6,5,1,12,11,28,27,3,69,0,0,0,69
07/28/2009,SWF,NY,AEA,EN,Federal Contract Tower,9,19,15,6,49,0,0,0,0,0,9,19,15,6,49,38,4,42,91
07/29/2009,SWF,NY,AEA,EN,Federal Contract Tower,28,18,18,9,73,0,0,0,0,0,28,18,18,9,73,0,0,0,73
07/30/2009,SWF,NY,AEA,EN,Federal Contract Tower,13,23,31,9,76,0,11,76,7,94,13,34,107,16,170,40,0,40,210
07/31/2009,SWF,NY,AEA,EN,Federal Contract Tower,18,25,21,3,67,0,0,10,0,10,18,25,31,3,77,0,0,0,77
08/01/2009,SWF,NY,AEA,EN,Federal Contract Tower,5,19,20,2,46,0,4,36,0,40,5,23,56,2,86,0,0,0,86
08/02/2009,SWF,NY,AEA,EN,Federal Contract Tower,5,18,14,3,40,0,4,0,0,4,5,22,14,3,44,6,0,6,50
08/03/2009,SWF,NY,AEA,EN,Federal Contract Tower,6,27,20,7,60,0,12,34,5,51,6,39,54,12,111,38,0,38,149
08/04/2009,SWF,NY,AEA,EN,Federal Contract Tower,10,16,17,9,52,0,19,59,21,99,10,35,76,30,151,20,6,26,177
08/05/2009,SWF,NY,AEA,EN,Federal Contract Tower,9,25,20,6,60,0,8,62,15,85,9,33,82,21,145,32,0,32,177
08/06/2009,SWF,NY,AEA,EN,Federal Contract Tower,7,25,14,4,50,0,11,89,20,120,7,36,103,24,170,10,0,10,180
08/07/2009,SWF,NY,AEA,EN,Federal Contract Tower,9,27,26,7,69,0,11,89,29,129,9,38,115,36,198,70,6,76,274
08/08/2009,SWF,NY,AEA,EN,Federal Contract Tower,5,14,18,2,39,0,6,44,22,72,5,20,62,24,111,38,0,38,149
08/09/2009,SWF,NY,AEA,EN,Federal Contract Tower,5,25,21,1,52,0,4,4,1,9,5,29,25,2,61,0,0,0,61
08/10/2009,SWF,NY,AEA,EN,Federal Contract Tower,8,24,28,11,71,0,7,28,4,39,8,31,56,15,110,0,0,0,110
08/11/2009,SWF,NY,AEA,EN,Federal Contract Tower,9,21,26,11,67,0,9,41,1,51,9,30,67,12,118,60,0,60,178
08/12/2009,SWF,NY,AEA,EN,Federal Contract Tower,12,17,17,11,57,0,2,10,6,18,12,19,27,17,75,16,4,20,95
08/13/2009,SWF,NY,AEA,EN,Federal Contract Tower,9,24,24,13,70,0,2,19,0,21,9,26,43,13,91,14,22,36,127
08/14/2009,SWF,NY,AEA,EN,Federal Contract Tower,7,28,26,7,68,0,8,35,14,57,7,36,61,21,125,86,12,98,223
08/15/2009,SWF,NY,AEA,EN,Federal Contract Tower,5,14,10,0,29,0,6,38,3,47,5,20,48,3,76,32,8,40,116
08/16/2009,SWF,NY,AEA,EN,Federal Contract Tower,5,22,13,1,41,0,10,59,0,69,5,32,72,1,110,46,0,46,156
08/17/2009,SWF,NY,AEA,EN,Federal Contract Tower,6,30,13,13,62,0,10,34,0,44,6,40,47,13,106,2,0,2,108
08/18/2009,SWF,NY,AEA,EN,Federal Contract Tower,9,20,19,5,53,0,4,20,8,32,9,24,39,13,85,24,0,24,109
08/19/2009,SWF,NY,AEA,EN,Federal Contract Tower,12,25,12,10,59,0,1,26,1,28,12,26,38,11,87,34,0,34,121
08/20/2009,SWF,NY,AEA,EN,Federal Contract Tower,8,23,23,8,62,0,6,42,1,49,8,29,65,9,111,18,0,18,129
08/21/2009,SWF,NY,AEA,EN,Federal Contract Tower,7,15,24,5,51,0,6,24,2,32,7,21,48,7,83,8,0,8,91
08/22/2009,SWF,NY,AEA,EN,Federal Contract Tower,9,18,13,0,40,0,0,0,0,0,9,18,13,0,40,0,0,0,40
08/23/2009,SWF,NY,AEA,EN,Federal Contract Tower,10,33,26,2,71,0,0,20,0,20,10,33,46,2,91,0,0,0,91
08/24/2009,SWF,NY,AEA,EN,Federal Contract Tower,0,8,28,5,41,0,7,58,4,69,0,15,86,9,110,38,0,38,148
08/25/2009,SWF,NY,AEA,EN,Federal Contract Tower,10,22,20,4,56,0,7,54,3,64,10,29,74,7,120,70,0,70,190
08/26/2009,SWF,NY,AEA,EN,Federal Contract Tower,10,24,19,14,67,0,12,72,15,99,10,36,91,29,166,38,6,44,210
08/27/2009,SWF,NY,AEA,EN,Federal Contract Tower,8,24,33,10,75,0,21,80,5,106,8,45,113,15,181,76,0,76,257
08/28/2009,SWF,NY,AEA,EN,Federal Contract Tower,8,15,23,6,52,0,2,14,0,16,8,17,37,6,68,0,0,0,68
08/29/2009,SWF,NY,AEA,EN,Federal Contract Tower,5,15,12,1,33,0,0,0,0,0,5,15,12,1,33,0,0,0,33
08/30/2009,SWF,NY,AEA,EN,Federal Contract Tower,5,23,11,4,43,0,9,44,0,53,5,32,55,4,96,20,0,20,116
08/31/2009,SWF,NY,AEA,EN,Federal Contract Tower,7,19,19,8,53,0,3,49,6,58,7,22,68,14,111,6,24,30,141
09/01/2009,SWF,NY,AEA,EN,Federal Contract Tower,8,22,17,3,50,0,4,67,10,81,8,26,84,13,131,52,0,52,183
09/02/2009,SWF,NY,AEA,EN,Federal Contract Tower,11,22,12,8,53,0,10,45,11,66,11,32,57,19,119,68,18,86,205
09/03/2009,SWF,NY,AEA,EN,Federal Contract Tower,7,21,22,6,56,0,11,68,19,98,7,32,90,25,154,50,0,50,204
09/04/2009,SWF,NY,AEA,EN,Federal Contract Tower,10,17,22,1,50,0,6,31,4,41,10,23,53,5,91,22,0,22,113
09/05/2009,SWF,NY,AEA,EN,Federal Contract Tower,5,16,18,0,39,0,0,51,0,51,5,16,69,0,90,6,0,6,96
09/06/2009,SWF,NY,AEA,EN,Federal Contract Tower,8,17,11,0,36,0,0,2,0,2,8,17,13,0,38,12,0,12,50
09/07/2009,SWF,NY,AEA,EN,Federal Contract Tower,4,17,30,3,54,0,2,26,0,28,4,19,56,3,82,16,0,16,98
09/08/2009,SWF,NY,AEA,EN,Federal Contract Tower,5,21,22,4,52,0,17,61,11,89,5,38,83,15,141,28,0,28,169
09/09/2009,SWF,NY,AEA,EN,Federal Contract Tower,14,21,24,3,62,0,16,75,13,104,14,37,99,16,166,50,0,50,216
09/10/2009,SWF,NY,AEA,EN,Federal Contract Tower,8,20,26,15,69,0,23,57,18,98,8,43,83,33,167,40,48,88,255
09/11/2009,SWF,NY,AEA,EN,Federal Contract Tower,10,22,15,17,64,0,0,0,0,0,10,22,15,17,64,0,0,0,64
09/12/2009,SWF,NY,AEA,EN,Federal Contract Tower,8,16,31,6,61,0,0,2,2,4,8,16,33,8,65,0,0,0,65
09/13/2009,SWF,NY,AEA,EN,Federal Contract Tower,5,21,19,13,58,0,0,58,3,61,5,21,77,16,119,34,0,34,153
09/14/2009,SWF,NY,AEA,EN,Federal Contract Tower,5,26,36,15,82,0,6,46,22,74,5,32,82,37,156,80,22,102,258
09/15/2009,SWF,NY,AEA,EN,Federal Contract Tower,10,21,33,2,66,0,21,79,4,104,10,42,112,6,170,56,0,56,226
09/16/2009,SWF,NY,AEA,EN,Federal Contract Tower,9,29,26,16,80,0,0,62,0,62,9,29,88,16,142,6,0,6,148
09/17/2009,SWF,NY,AEA,EN,Federal Contract Tower,8,20,28,11,67,0,2,24,2,28,8,22,52,13,95,6,0,6,101
09/18/2009,SWF,NY,AEA,EN,Federal Contract Tower,8,20,18,12,58,0,11,54,4,69,8,31,72,16,127,40,0,40,167
09/19/2009,SWF,NY,AEA,EN,Federal Contract Tower,7,15,12,2,36,0,0,6,0,6,7,15,18,2,42,32,0,32,74
09/20/2009,SWF,NY,AEA,EN,Federal Contract Tower,8,21,13,4,46,0,8,37,0,45,8,29,50,4,91,20,0,20,111
09/21/2009,SWF,NY,AEA,EN,Federal Contract Tower,12,18,22,14,66,0,10,64,6,80,12,28,86,20,146,36,0,36,182
09/22/2009,SWF,NY,AEA,EN,Federal Contract Tower,16,22,23,8,69,0,4,71,10,85,16,26,94,18,154,74,0,74,228
09/23/2009,SWF,NY,AEA,EN,Federal Contract Tower,11,22,23,2,58,0,7,32,0,39,11,29,55,2,97,10,0,10,107
09/24/2009,SWF,NY,AEA,EN,Federal Contract Tower,13,25,23,10,71,0,9,31,9,49,13,34,54,19,120,40,0,40,160
09/25/2009,SWF,NY,AEA,EN,Federal Contract Tower,21,22,19,4,66,0,15,42,11,68,21,37,61,15,134,0,0,0,134
09/26/2009,SWF,NY,AEA,EN,Federal Contract Tower,9,15,18,2,44,0,2,28,3,33,9,17,46,5,77,26,0,26,103
09/27/2009,SWF,NY,AEA,EN,Federal Contract Tower,9,26,12,1,48,0,0,0,0,0,9,26,12,1,48,0,0,0,48
09/28/2009,SWF,NY,AEA,EN,Federal Contract Tower,5,24,5,1,35,0,3,37,1,41,5,27,42,2,76,14,0,14,90
09/29/2009,SWF,NY,AEA,EN,Federal Contract Tower,13,24,15,5,57,0,14,53,0,67,13,38,68,5,124,12,0,12,136
09/30/2009,SWF,NY,AEA,EN,Federal Contract Tower,8,26,18,5,57,0,16,40,4,60,8,42,58,9,117,12,0,12,129
10/01/2009,SWF,NY,AEA,EN,Federal Contract Tower,8,23,21,11,63,0,10,43,10,63,8,33,64,21,126,6,0,6,132
10/02/2009,SWF,NY,AEA,EN,Federal Contract Tower,9,22,27,3,61,0,6,28,4,38,9,28,55,7,99,16,0,16,115
10/03/2009,SWF,NY,AEA,EN,Federal Contract Tower,6,16,19,9,50,0,1,0,2,3,6,17,19,11,53,12,12,24,77
10/04/2009,SWF,NY,AEA,EN,Federal Contract Tower,4,18,37,7,66,0,6,33,0,39,4,24,70,7,105,36,0,36,141
10/05/2009,SWF,NY,AEA,EN,Federal Contract Tower,7,25,13,4,49,0,8,25,6,39,7,33,38,10,88,30,20,50,138
10/06/2009,SWF,NY,AEA,EN,Federal Contract Tower,8,27,21,5,61,0,16,74,13,103,8,43,95,18,164,61,2,63,227
10/07/2009,SWF,NY,AEA,EN,Federal Contract Tower,12,25,15,3,55,0,16,13,15,44,12,41,28,18,99,0,20,20,119
10/08/2009,SWF,NY,AEA,EN,Federal Contract Tower,9,19,14,11,53,0,6,46,3,55,9,25,60,14,108,36,0,36,144
10/09/2009,SWF,NY,AEA,EN,Federal Contract Tower,9,22,26,9,66,0,1,3,0,4,9,23,29,9,70,0,0,0,70
10/10/2009,SWF,NY,AEA,EN,Federal Contract Tower,7,16,17,2,42,0,4,29,7,40,7,20,46,9,82,12,0,12,94
10/11/2009,SWF,NY,AEA,EN,Federal Contract Tower,4,22,21,3,50,0,1,94,8,103,4,23,115,11,153,64,0,64,217
10/12/2009,SWF,NY,AEA,EN,Federal Contract Tower,5,28,14,1,48,0,13,74,2,89,5,41,88,3,137,70,0,70,207
10/13/2009,SWF,NY,AEA,EN,Federal Contract Tower,8,22,20,7,57,0,6,29,0,35,8,28,49,7,92,14,0,14,106
10/14/2009,SWF,NY,AEA,EN,Federal Contract Tower,10,22,22,9,63,0,0,6,0,6,10,22,28,9,69,44,0,44,113
10/15/2009,SWF,NY,AEA,EN,Federal Contract Tower,11,21,26,12,70,0,1,2,3,6,11,22,28,15,76,0,0,0,76
10/16/2009,SWF,NY,AEA,EN,Federal Contract Tower,8,20,9,6,43,0,2,8,2,12,8,22,17,8,55,0,6,6,61
10/17/2009,SWF,NY,AEA,EN,Federal Contract Tower,5,15,5,1,26,0,6,15,5,26,5,21,20,6,52,12,0,12,64
10/18/2009,SWF,NY,AEA,EN,Federal Contract Tower,4,19,9,0,32,0,2,1,0,3,4,21,10,0,35,0,0,0,35
10/19/2009,SWF,NY,AEA,EN,Federal Contract Tower,6,15,16,4,41,0,9,45,6,60,6,24,61,10,101,44,0,44,145
10/20/2009,SWF,NY,AEA,EN,Federal Contract Tower,8,18,34,4,64,0,6,72,4,82,8,24,106,8,146,36,0,36,182
10/21/2009,SWF,NY,AEA,EN,Federal Contract Tower,12,27,23,6,68,0,12,59,6,77,12,39,82,12,145,24,0,24,169
10/22/2009,SWF,NY,AEA,EN,Federal Contract Tower,7,25,19,6,57,0,11,73,10,94,7,36,92,16,151,66,0,66,217
10/23/2009,SWF,NY,AEA,EN,Federal Contract Tower,8,22,23,11,64,0,3,53,8,64,8,25,76,19,128,22,0,22,150
10/24/2009,SWF,NY,AEA,EN,Federal Contract Tower,5,15,23,1,44,0,0,0,0,0,5,15,23,1,44,0,0,0,44
10/25/2009,SWF,NY,AEA,EN,Federal Contract Tower,4,23,30,0,57,0,13,80,0,93,4,36,110,0,150,82,0,82,232
10/26/2009,SWF,NY,AEA,EN,Federal Contract Tower,7,19,32,4,62,0,21,77,1,99,7,40,109,5,161,50,0,50,211
10/27/2009,SWF,NY,AEA,EN,Federal Contract Tower,8,22,18,13,61,0,4,0,4,8,8,26,18,17,69,0,0,0,69
10/28/2009,SWF,NY,AEA,EN,Federal Contract Tower,9,15,16,11,51,0,0,0,0,0,9,15,16,11,51,0,0,0,51
10/29/2009,SWF,NY,AEA,EN,Federal Contract Tower,8,20,17,14,59,0,12,37,4,53,8,32,54,18,112,30,2,32,144
10/30/2009,SWF,NY,AEA,EN,Federal Contract Tower,8,22,25,4,59,0,0,0,0,0,8,22,25,4,59,2,0,2,61
10/31/2009,SWF,NY,AEA,EN,Federal Contract Tower,8,18,17,1,44,0,0,1,0,1,8,18,18,1,45,0,0,0,45
11/01/2009,SWF,NY,AEA,EN,Federal Contract Tower,7,28,22,15,72,0,17,92,8,117,7,45,114,23,189,116,14,130,319
11/02/2009,SWF,NY,AEA,EN,Federal Contract Tower,5,18,26,20,69,0,15,62,22,99,5,33,88,42,168,68,30,98,266
11/03/2009,SWF,NY,AEA,EN,Federal Contract Tower,9,19,23,17,68,0,0,5,0,5,9,19,28,17,73,36,32,68,141
11/04/2009,SWF,NY,AEA,EN,Federal Contract Tower,12,31,23,11,77,0,14,67,18,99,12,45,90,29,176,60,0,60,236
11/05/2009,SWF,NY,AEA,EN,Federal Contract Tower,10,16,20,11,57,0,4,28,5,37,10,20,48,16,94,0,4,4,98
11/06/2009,SWF,NY,AEA,EN,Federal Contract Tower,10,23,16,8,57,0,3,33,12,48,10,26,49,20,105,12,6,18,123
11/07/2009,SWF,NY,AEA,EN,Federal Contract Tower,5,16,16,1,38,0,3,26,0,29,5,19,42,1,67,20,0,20,87
11/08/2009,SWF,NY,AEA,EN,Federal Contract Tower,5,20,11,17,53,0,8,57,3,68,5,28,68,20,121,70,0,70,191
11/09/2009,SWF,NY,AEA,EN,Federal Contract Tower,7,20,13,2,42,0,12,46,11,69,7,32,59,13,111,10,0,10,121
11/10/2009,SWF,NY,AEA,EN,Federal Contract Tower,8,18,22,9,57,0,15,35,4,54,8,33,57,13,111,10,0,10,121
11/11/2009,SWF,NY,AEA,EN,Federal Contract Tower,8,24,12,4,48,0,9,52,2,63,8,33,64,6,111,32,0,32,143
11/12/2009,SWF,NY,AEA,EN,Federal Contract Tower,19,22,17,9,67,0,4,24,9,37,19,26,41,18,104,2,0,2,106
11/13/2009,SWF,NY,AEA,EN,Federal Contract Tower,12,20,25,9,66,0,4,6,9,19,12,24,31,18,85,0,26,26,111
11/14/2009,SWF,NY,AEA,EN,Federal Contract Tower,7,15,13,3,38,0,0,0,0,0,7,15,13,3,38,0,0,0,38
11/15/2009,SWF,NY,AEA,EN,Federal Contract Tower,4,20,27,3,54,0,5,12,0,17,4,25,39,3,71,18,0,18,89
11/16/2009,SWF,NY,AEA,EN,Federal Contract Tower,6,19,18,8,51,0,9,65,9,83,6,28,83,17,134,50,0,50,184
11/17/2009,SWF,NY,AEA,EN,Federal Contract Tower,9,26,15,12,62,0,6,56,3,65,9,32,71,15,127,38,2,40,167
11/18/2009,SWF,NY,AEA,EN,Federal Contract Tower,10,23,33,9,75,0,12,63,7,82,10,35,96,16,157,74,4,78,235
11/19/2009,SWF,NY,AEA,EN,Federal Contract Tower,9,21,28,5,63,0,6,16,0,22,9,27,44,5,85,12,0,12,97
11/20/2009,SWF,NY,AEA,EN,Federal Contract Tower,13,18,25,4,60,0,6,35,2,43,13,24,60,6,103,10,0,10,113
11/21/2009,SWF,NY,AEA,EN,Federal Contract Tower,5,15,11,1,32,0,10,48,0,58,5,25,59,1,90,38,0,38,128
11/22/2009,SWF,NY,AEA,EN,Federal Contract Tower,8,17,11,0,36,0,12,54,1,67,8,29,65,1,103,32,0,32,135
11/23/2009,SWF,NY,AEA,EN,Federal Contract Tower,6,26,17,5,54,0,3,26,0,29,6,29,43,5,83,8,20,28,111
11/24/2009,SWF,NY,AEA,EN,Federal Contract Tower,13,20,23,7,63,0,3,58,0,61,13,23,81,7,124,14,0,14,138
11/25/2009,SWF,NY,AEA,EN,Federal Contract Tower,9,21,27,1,58,0,0,0,0,0,9,21,27,1,58,0,0,0,58
11/26/2009,SWF,NY,AEA,EN,Federal Contract Tower,4,9,8,1,22,0,2,6,0,8,4,11,14,1,30,0,0,0,30
11/27/2009,SWF,NY,AEA,EN,Federal Contract Tower,8,14,3,2,27,0,1,2,0,3,8,15,5,2,30,0,0,0,30
11/28/2009,SWF,NY,AEA,EN,Federal Contract Tower,5,16,11,3,35,0,0,7,13,20,5,16,18,16,55,16,0,16,71
11/29/2009,SWF,NY,AEA,EN,Federal Contract Tower,7,24,14,3,48,0,10,47,2,59,7,34,61,5,107,46,0,46,153
11/30/2009,SWF,NY,AEA,EN,Federal Contract Tower,6,19,13,6,44,0,6,20,2,28,6,25,33,8,72,0,18,18,90
12/01/2009,SWF,NY,AEA,EN,Federal Contract Tower,14,19,20,9,62,0,14,36,4,54,14,33,56,13,116,28,10,38,154
12/02/2009,SWF,NY,AEA,EN,Federal Contract Tower,8,25,23,9,65,0,0,0,0,0,8,25,23,9,65,32,0,32,97
12/03/2009,SWF,NY,AEA,EN,Federal Contract Tower,10,25,11,13,59,0,4,40,2,46,10,29,51,15,105,10,6,16,121
12/04/2009,SWF,NY,AEA,EN,Federal Contract Tower,8,20,32,4,64,0,11,60,6,77,8,31,92,10,141,32,2,34,175
12/05/2009,SWF,NY,AEA,EN,Federal Contract Tower,5,15,4,1,25,0,0,0,1,1,5,15,4,2,26,0,12,12,38
12/06/2009,SWF,NY,AEA,EN,Federal Contract Tower,4,19,9,2,34,0,10,28,0,38,4,29,37,2,72,74,12,86,158
12/07/2009,SWF,NY,AEA,EN,Federal Contract Tower,6,21,22,8,57,0,8,61,2,71,6,29,83,10,128,40,0,40,168
12/08/2009,SWF,NY,AEA,EN,Federal Contract Tower,9,19,30,2,60,0,5,50,1,56,9,24,80,3,116,4,0,4,120
12/09/2009,SWF,NY,AEA,EN,Federal Contract Tower,10,15,19,5,49,0,0,0,0,0,10,15,19,5,49,0,0,0,49
12/10/2009,SWF,NY,AEA,EN,Federal Contract Tower,9,23,16,10,58,0,2,34,5,41,9,25,50,15,99,4,8,12,111
12/11/2009,SWF,NY,AEA,EN,Federal Contract Tower,7,17,22,8,54,0,5,23,10,38,7,22,45,18,92,18,0,18,110
12/12/2009,SWF,NY,AEA,EN,Federal Contract Tower,4,13,11,0,28,0,1,52,0,53,4,14,63,0,81,58,0,58,139
12/13/2009,SWF,NY,AEA,EN,Federal Contract Tower,5,10,8,1,24,0,3,4,0,7,5,13,12,1,31,0,0,0,31
12/14/2009,SWF,NY,AEA,EN,Federal Contract Tower,6,20,22,3,51,0,5,34,1,40,6,25,56,4,91,18,0,18,109
12/15/2009,SWF,NY,AEA,EN,Federal Contract Tower,12,22,22,5,61,0,2,7,0,9,12,24,29,5,70,0,0,0,70
12/16/2009,SWF,NY,AEA,EN,Federal Contract Tower,12,23,17,4,56,0,5,33,7,45,12,28,50,11,101,8,0,8,109
12/17/2009,SWF,NY,AEA,EN,Federal Contract Tower,7,21,16,4,48,0,10,67,1,78,7,31,83,5,126,16,0,16,142
12/18/2009,SWF,NY,AEA,EN,Federal Contract Tower,11,20,16,2,49,0,4,48,3,55,11,24,64,5,104,26,0,26,130
12/19/2009,SWF,NY,AEA,EN,Federal Contract Tower,8,13,11,1,33,0,9,7,0,16,8,22,18,1,49,0,0,0,49
12/20/2009,SWF,NY,AEA,EN,Federal Contract Tower,6,15,7,1,29,0,4,0,0,4,6,19,7,1,33,18,0,18,51
12/21/2009,SWF,NY,AEA,EN,Federal Contract Tower,1,23,22,1,47,0,11,29,0,40,1,34,51,1,87,16,0,16,103
12/22/2009,SWF,NY,AEA,EN,Federal Contract Tower,4,21,9,6,40,0,4,20,2,26,4,25,29,8,66,4,0,4,70
12/23/2009,SWF,NY,AEA,EN,Federal Contract Tower,12,20,14,3,49,0,4,9,2,15,12,24,23,5,64,0,0,0,64
12/24/2009,SWF,NY,AEA,EN,Federal Contract Tower,8,14,10,0,32,0,4,25,0,29,8,18,35,0,61,18,0,18,79
12/25/2009,SWF,NY,AEA,EN,Federal Contract Tower,3,14,1,0,18,0,0,0,0,0,3,14,1,0,18,0,0,0,18
12/26/2009,SWF,NY,AEA,EN,Federal Contract Tower,4,15,6,0,25,0,0,0,0,0,4,15,6,0,25,0,0,0,25
12/27/2009,SWF,NY,AEA,EN,Federal Contract Tower,6,21,16,1,44,0,7,34,1,42,6,28,50,2,86,34,4,38,124
12/28/2009,SWF,NY,AEA,EN,Federal Contract Tower,7,20,16,7,50,0,3,11,2,16,7,23,27,9,66,8,4,12,78
12/29/2009,SWF,NY,AEA,EN,Federal Contract Tower,11,24,5,2,42,0,2,6,0,8,11,26,11,2,50,0,0,0,50
12/30/2009,SWF,NY,AEA,EN,Federal Contract Tower,9,16,15,2,42,0,8,46,0,54,9,24,61,2,96,58,0,58,154
12/31/2009,SWF,NY,AEA,EN,Federal Contract Tower,9,14,1,4,28,0,2,0,0,2,9,16,1,4,30,0,0,0,30
01/01/2010,SWF,NY,AEA,EN,Federal Contract Tower,5,15,7,0,27,0,5,4,0,9,5,20,11,0,36,0,0,0,36
01/02/2010,SWF,NY,AEA,EN,Federal Contract Tower,6,21,10,3,40,0,6,5,0,11,6,27,15,3,51,0,0,0,51
01/03/2010,SWF,NY,AEA,EN,Federal Contract Tower,3,30,13,3,49,0,0,0,0,0,3,30,13,3,49,0,0,0,49
01/04/2010,SWF,NY,AEA,EN,Federal Contract Tower,5,26,16,8,55,0,1,36,0,37,5,27,52,8,92,8,6,14,106
01/05/2010,SWF,NY,AEA,EN,Federal Contract Tower,8,20,16,4,48,0,9,30,0,39,8,29,46,4,87,2,0,2,89
01/06/2010,SWF,NY,AEA,EN,Federal Contract Tower,11,22,23,9,65,0,6,58,1,65,11,28,81,10,130,26,0,26,156
01/07/2010,SWF,NY,AEA,EN,Federal Contract Tower,7,18,18,3,46,0,14,54,3,71,7,32,72,6,117,68,0,68,185
01/08/2010,SWF,NY,AEA,EN,Federal Contract Tower,8,16,12,0,36,0,0,2,0,2,8,16,14,0,38,0,0,0,38
01/09/2010,SWF,NY,AEA,EN,Federal Contract Tower,7,20,13,2,42,0,10,32,1,43,7,30,45,3,85,26,0,26,111
01/10/2010,SWF,NY,AEA,EN,Federal Contract Tower,4,17,14,8,43,0,13,45,12,70,4,30,59,20,113,100,6,106,219
01/11/2010,SWF,NY,AEA,EN,Federal Contract Tower,5,20,19,4,48,0,6,39,3,48,5,26,58,7,96,20,0,20,116
01/12/2010,SWF,NY,AEA,EN,Federal Contract Tower,8,18,12,7,45,0,7,14,0,21,8,25,26,7,66,8,0,8,74
01/13/2010,SWF,NY,AEA,EN,Federal Contract Tower,9,23,17,9,58,0,13,76,4,93,9,36,93,13,151,38,28,66,217
01/14/2010,SWF,NY,AEA,EN,Federal Contract Tower,9,29,14,8,60,0,12,65,14,91,9,41,79,22,151,14,6,20,171
01/15/2010,SWF,NY,AEA,EN,Federal Contract Tower,9,18,16,7,50,0,5,46,1,52,9,23,62,8,102,56,16,72,174
01/16/2010,SWF,NY,AEA,EN,Federal Contract Tower,5,7,20,5,37,0,14,36,5,55,5,21,56,10,92,52,0,52,144
01/17/2010,SWF,NY,AEA,EN,Federal Contract Tower,4,17,4,0,25,0,0,2,0,2,4,17,6,0,27,16,0,16,43
01/18/2010,SWF,NY,AEA,EN,Federal Contract Tower,7,19,14,1,41,0,2,16,2,20,7,21,30,3,61,10,0,10,71
01/19/2010,SWF,NY,AEA,EN,Federal Contract Tower,8,17,10,4,39,0,0,0,0,0,8,17,10,4,39,0,0,0,39
01/20/2010,SWF,NY,AEA,EN,Federal Contract Tower,9,18,23,8,58,0,8,64,10,82,9,26,87,18,140,36,16,52,192
01/21/2010,SWF,NY,AEA,EN,Federal Contract Tower,10,20,32,4,66,0,16,72,8,96,10,36,104,12,162,60,0,60,222
01/22/2010,SWF,NY,AEA,EN,Federal Contract Tower,6,13,8,5,32,0,9,35,7,51,6,22,43,12,83,30,8,38,121
01/23/2010,SWF,NY,AEA,EN,Federal Contract Tower,6,17,19,4,46,0,9,49,3,61,6,26,68,7,107,50,0,50,157
01/24/2010,SWF,NY,AEA,EN,Federal Contract Tower,5,19,16,1,41,0,3,4,0,7,5,22,20,1,48,24,0,24,72
01/25/2010,SWF,NY,AEA,EN,Federal Contract Tower,4,14,14,1,33,0,0,2,0,2,4,14,16,1,35,0,0,0,35
01/26/2010,SWF,NY,AEA,EN,Federal Contract Tower,9,19,21,13,62,0,3,36,4,43,9,22,57,17,105,8,18,26,131
01/27/2010,SWF,NY,AEA,EN,Federal Contract Tower,9,20,21,5,55,0,20,48,5,73,9,40,69,10,128,56,0,56,184
01/28/2010,SWF,NY,AEA,EN,Federal Contract Tower,7,20,18,3,48,0,2,5,0,7,7,22,23,3,55,0,0,0,55
01/29/2010,SWF,NY,AEA,EN,Federal Contract Tower,7,23,16,2,48,0,10,17,6,33,7,33,33,8,81,4,4,8,89
01/30/2010,SWF,NY,AEA,EN,Federal Contract Tower,8,15,13,3,39,0,9,32,2,43,8,24,45,5,82,22,0,22,104
01/31/2010,SWF,NY,AEA,EN,Federal Contract Tower,6,18,15,0,39,0,5,38,0,43,6,23,53,0,82,48,0,48,130
02/01/2010,SWF,NY,AEA,EN,Federal Contract Tower,5,23,19,8,55,0,6,35,0,41,5,29,54,8,96,14,0,14,110
02/02/2010,SWF,NY,AEA,EN,Federal Contract Tower,8,19,13,7,47,0,3,27,4,34,8,22,40,11,81,8,10,18,99
02/03/2010,SWF,NY,AEA,EN,Federal Contract Tower,7,18,16,4,45,1,9,37,0,47,8,27,53,4,92,30,0,30,122
02/04/2010,SWF,NY,AEA,EN,Federal Contract Tower,9,19,18,10,56,0,14,67,5,86,9,33,85,15,142,54,0,54,196
02/05/2010,SWF,NY,AEA,EN,Federal Contract Tower,7,16,17,5,45,0,12,47,4,63,7,28,64,9,108,8,0,8,116
02/06/2010,SWF,NY,AEA,EN,Federal Contract Tower,6,8,4,5,23,0,5,2,0,7,6,13,6,5,30,0,0,0,30
02/07/2010,SWF,NY,AEA,EN,Federal Contract Tower,4,14,5,2,25,0,2,16,1,19,4,16,21,3,44,0,32,32,76
02/08/2010,SWF,NY,AEA,EN,Federal Contract Tower,7,18,16,2,43,0,4,19,6,29,7,22,35,8,72,12,0,12,84
02/09/2010,SWF,NY,AEA,EN,Federal Contract Tower,8,17,24,6,55,0,9,63,8,80,8,26,87,14,135,32,6,38,173
02/10/2010,SWF,NY,AEA,EN,Federal Contract Tower,7,10,4,0,21,0,0,0,0,0,7,10,4,0,21,0,0,0,21
02/11/2010,SWF,NY,AEA,EN,Federal Contract Tower,11,17,17,3,48,0,10,27,9,46,11,27,44,12,94,6,0,6,100
02/12/2010,SWF,NY,AEA,EN,Federal Contract Tower,12,17,21,9,59,0,7,48,2,57,12,24,69,11,116,18,0,18,134
02/13/2010,SWF,NY,AEA,EN,Federal Contract Tower,5,14,8,1,28,0,10,38,1,49,5,24,46,2,77,56,0,56,133
02/14/2010,SWF,NY,AEA,EN,Federal Contract Tower,5,14,8,1,28,0,0,4,0,4,5,14,12,1,32,0,0,0,32
02/15/2010,SWF,NY,AEA,EN,Federal Contract Tower,8,20,19,0,47,0,3,36,2,41,8,23,55,2,88,8,0,8,96
02/16/2010,SWF,NY,AEA,EN,Federal Contract Tower,7,15,8,5,35,0,0,0,0,0,7,15,8,5,35,0,0,0,35
02/17/2010,SWF,NY,AEA,EN,Federal Contract Tower,10,20,17,13,60,0,10,40,2,52,10,30,57,15,112,24,14,38,150
02/18/2010,SWF,NY,AEA,EN,Federal Contract Tower,8,21,16,6,51,0,7,42,7,56,8,28,58,13,107,20,0,20,127
02/19/2010,SWF,NY,AEA,EN,Federal Contract Tower,10,20,11,3,44,0,3,14,3,20,10,23,25,6,64,0,0,0,64
02/20/2010,SWF,NY,AEA,EN,Federal Contract Tower,5,15,5,2,27,0,7,10,0,17,5,22,15,2,44,2,0,2,46
02/21/2010,SWF,NY,AEA,EN,Federal Contract Tower,5,20,13,2,40,0,0,41,0,41,5,20,54,2,81,24,0,24,105
02/22/2010,SWF,NY,AEA,EN,Federal Contract Tower,7,19,18,3,47,0,0,77,0,77,7,19,95,3,124,22,0,22,146
02/23/2010,SWF,NY,AEA,EN,Federal Contract Tower,8,11,8,4,31,0,0,0,0,0,8,11,8,4,31,0,0,0,31
02/24/2010,SWF,NY,AEA,EN,Federal Contract Tower,6,20,13,1,40,0,0,0,0,0,6,20,13,1,40,0,0,0,40
02/25/2010,SWF,NY,AEA,EN,Federal Contract Tower,7,8,1,1,17,0,0,0,0,0,7,8,1,1,17,0,0,0,17
02/26/2010,SWF,NY,AEA,EN,Federal Contract Tower,4,0,9,0,13,0,0,0,0,0,4,0,9,0,13,0,0,0,13
02/27/2010,SWF,NY,AEA,EN,Federal Contract Tower,4,9,7,5,25,0,0,4,0,4,4,9,11,5,29,0,0,0,29
02/28/2010,SWF,NY,AEA,EN,Federal Contract Tower,4,16,9,1,30,0,4,4,0,8,4,20,13,1,38,10,0,10,48
03/01/2010,SWF,NY,AEA,EN,Federal Contract Tower,6,15,17,1,39,0,7,47,0,54,6,22,64,1,93,52,0,52,145
03/02/2010,SWF,NY,AEA,EN,Federal Contract Tower,8,19,10,1,38,0,1,40,4,45,8,20,50,5,83,22,0,22,105
03/03/2010,SWF,NY,AEA,EN,Federal Contract Tower,11,15,11,1,38,0,4,13,0,17,11,19,24,1,55,18,0,18,73
03/04/2010,SWF,NY,AEA,EN,Federal Contract Tower,10,21,19,10,60,0,6,29,6,41,10,27,48,16,101,12,0,12,113
03/05/2010,SWF,NY,AEA,EN,Federal Contract Tower,12,15,17,6,50,0,7,42,10,59,12,22,59,16,109,30,22,52,161
03/06/2010,SWF,NY,AEA,EN,Federal Contract Tower,5,15,12,5,37,0,5,79,4,88,5,20,91,9,125,44,0,44,169
03/07/2010,SWF,NY,AEA,EN,Federal Contract Tower,4,18,19,4,45,0,3,54,0,57,4,21,73,4,102,52,0,52,154
03/08/2010,SWF,NY,AEA,EN,Federal Contract Tower,7,19,28,8,62,0,6,70,0,76,7,25,98,8,138,36,0,36,174
03/09/2010,SWF,NY,AEA,EN,Federal Contract Tower,9,20,17,5,51,0,6,55,2,63,9,26,72,7,114,42,0,42,156
03/10/2010,SWF,NY,AEA,EN,Federal Contract Tower,12,20,10,6,48,0,17,47,4,68,12,37,57,10,116,36,0,36,152
03/11/2010,SWF,NY,AEA,EN,Federal Contract Tower,11,23,12,12,58,0,11,34,7,52,11,34,46,19,110,10,0,10,120
03/12/2010,SWF,NY,AEA,EN,Federal Contract Tower,8,16,19,4,47,0,4,5,4,13,8,20,24,8,60,0,0,0,60
03/13/2010,SWF,NY,AEA,EN,Federal Contract Tower,18,22,2,0,42,0,0,0,0,0,18,22,2,0,42,0,0,0,42
03/14/2010,SWF,NY,AEA,EN,Federal Contract Tower,16,24,9,2,51,0,0,1,0,1,16,24,10,2,52,0,0,0,52
03/15/2010,SWF,NY,AEA,EN,Federal Contract Tower,4,23,20,7,54,0,3,2,2,7,4,26,22,9,61,0,0,0,61
03/16/2010,SWF,NY,AEA,EN,Federal Contract Tower,9,16,7,7,39,0,8,41,3,52,9,24,48,10,91,38,0,38,129
03/17/2010,SWF,NY,AEA,EN,Federal Contract Tower,11,21,11,3,46,0,12,42,3,57,11,33,53,6,103,84,0,84,187
03/18/2010,SWF,NY,AEA,EN,Federal Contract Tower,8,17,18,10,53,0,12,44,4,60,8,29,62,14,113,20,22,42,155
03/19/2010,SWF,NY,AEA,EN,Federal Contract Tower,8,22,12,0,42,0,8,35,3,46,8,30,47,3,88,32,0,32,120
03/20/2010,SWF,NY,AEA,EN,Federal Contract Tower,5,15,7,2,29,0,2,35,4,41,5,17,42,6,70,42,0,42,112
03/21/2010,SWF,NY,AEA,EN,Federal Contract Tower,7,20,11,2,40,0,5,46,1,52,7,25,57,3,92,76,2,78,170
03/22/2010,SWF,NY,AEA,EN,Federal Contract Tower,5,29,35,0,69,0,0,2,0,2,5,29,37,0,71,0,0,0,71
03/23/2010,SWF,NY,AEA,EN,Federal Contract Tower,9,23,24,6,62,0,0,0,0,0,9,23,24,6,62,0,0,0,62
03/24/2010,SWF,NY,AEA,EN,Federal Contract Tower,9,16,11,4,40,0,13,31,18,62,9,29,42,22,102,10,0,10,112
03/25/2010,SWF,NY,AEA,EN,Federal Contract Tower,10,18,20,3,51,0,10,53,10,73,10,28,73,13,124,12,0,12,136
03/26/2010,SWF,NY,AEA,EN,Federal Contract Tower,7,20,7,5,39,0,2,3,0,5,7,22,10,5,44,0,0,0,44
03/27/2010,SWF,NY,AEA,EN,Federal Contract Tower,7,13,6,0,26,0,2,32,4,38,7,15,38,4,64,48,0,48,112
03/28/2010,SWF,NY,AEA,EN,Federal Contract Tower,4,19,21,1,45,0,7,25,0,32,4,26,46,1,77,16,0,16,93
03/29/2010,SWF,NY,AEA,EN,Federal Contract Tower,4,13,21,8,46,0,0,0,0,0,4,13,21,8,46,0,0,0,46
03/30/2010,SWF,NY,AEA,EN,Federal Contract Tower,7,16,11,1,35,0,0,0,0,0,7,16,11,1,35,0,0,0,35
03/31/2010,SWF,NY,AEA,EN,Federal Contract Tower,12,17,17,5,51,0,9,37,8,54,12,26,54,13,105,30,0,30,135
04/01/2010,SWF,NY,AEA,EN,Federal Contract Tower,9,21,25,6,61,0,6,36,14,56,9,27,61,20,117,54,0,54,171
04/02/2010,SWF,NY,AEA,EN,Federal Contract Tower,8,17,16,5,46,0,11,53,7,71,8,28,69,12,117,58,0,58,175
04/03/2010,SWF,NY,AEA,EN,Federal Contract Tower,7,16,16,2,41,0,9,71,0,80,7,25,87,2,121,24,0,24,145
04/04/2010,SWF,NY,AEA,EN,Federal Contract Tower,5,21,13,0,39,0,9,33,0,42,5,30,46,0,81,18,0,18,99
04/05/2010,SWF,NY,AEA,EN,Federal Contract Tower,7,20,19,6,52,0,6,38,6,50,7,26,57,12,102,20,0,20,122
04/06/2010,SWF,NY,AEA,EN,Federal Contract Tower,8,16,14,5,43,0,8,46,8,62,8,24,60,13,105,10,0,10,115
04/07/2010,SWF,NY,AEA,EN,Federal Contract Tower,10,16,14,5,45,0,18,46,10,74,10,34,60,15,119,34,0,34,153
04/08/2010,SWF,NY,AEA,EN,Federal Contract Tower,8,20,10,5,43,0,4,31,13,48,8,24,41,18,91,22,0,22,113
04/09/2010,SWF,NY,AEA,EN,Federal Contract Tower,9,23,20,9,61,0,3,49,6,58,9,26,69,15,119,32,18,50,169
04/10/2010,SWF,NY,AEA,EN,Federal Contract Tower,7,14,13,11,45,0,1,54,2,57,7,15,67,13,102,56,0,56,158
04/11/2010,SWF,NY,AEA,EN,Federal Contract Tower,4,16,10,8,38,0,18,39,2,59,4,34,49,10,97,38,16,54,151
04/12/2010,SWF,NY,AEA,EN,Federal Contract Tower,5,16,23,1,45,0,10,45,9,64,5,26,68,10,109,46,0,46,155
04/13/2010,SWF,NY,AEA,EN,Federal Contract Tower,8,17,18,14,57,0,15,70,4,89,8,32,88,18,146,12,0,12,158
04/14/2010,SWF,NY,AEA,EN,Federal Contract Tower,11,15,17,16,59,0,35,74,10,119,11,50,91,26,178,94,0,94,272
04/15/2010,SWF,NY,AEA,EN,Federal Contract Tower,8,18,15,3,44,0,19,25,2,46,8,37,40,5,90,40,0,40,130
04/16/2010,SWF,NY,AEA,EN,Federal Contract Tower,11,19,33,8,71,0,9,26,5,40,11,28,59,13,111,10,0,10,121
04/17/2010,SWF,NY,AEA,EN,Federal Contract Tower,6,16,11,0,33,0,5,32,0,37,6,21,43,0,70,0,0,0,70
04/18/2010,SWF,NY,AEA,EN,Federal Contract Tower,4,22,9,7,42,0,16,50,2,68,4,38,59,9,110,18,0,18,128
04/19/2010,SWF,NY,AEA,EN,Federal Contract Tower,7,20,11,2,40,0,6,41,4,51,7,26,52,6,91,2,0,2,93
04/20/2010,SWF,NY,AEA,EN,Federal Contract Tower,10,19,18,5,52,0,16,54,5,75,10,35,72,10,127,22,6,28,155
04/21/2010,SWF,NY,AEA,EN,Federal Contract Tower,8,28,24,8,68,0,8,60,2,70,8,36,84,10,138,6,0,6,144
04/22/2010,SWF,NY,AEA,EN,Federal Contract Tower,8,23,21,8,60,0,8,20,8,36,8,31,41,16,96,0,0,0,96
04/23/2010,SWF,NY,AEA,EN,Federal Contract Tower,9,21,19,7,56,0,13,90,0,103,9,34,109,7,159,76,0,76,235
04/24/2010,SWF,NY,AEA,EN,Federal Contract Tower,6,15,7,1,29,0,17,74,5,96,6,32,81,6,125,36,0,36,161
04/25/2010,SWF,NY,AEA,EN,Federal Contract Tower,4,19,15,2,40,0,0,1,0,1,4,19,16,2,41,0,0,0,41
04/26/2010,SWF,NY,AEA,EN,Federal Contract Tower,7,21,22,12,62,0,0,0,0,0,7,21,22,12,62,0,0,0,62
04/27/2010,SWF,NY,AEA,EN,Federal Contract Tower,11,25,30,13,79,0,7,61,8,76,11,32,91,21,155,20,8,28,183
04/28/2010,SWF,NY,AEA,EN,Federal Contract Tower,9,19,11,9,48,0,0,5,3,8,9,19,16,12,56,4,0,4,60
04/29/2010,SWF,NY,AEA,EN,Federal Contract Tower,8,21,13,15,57,0,3,28,1,32,8,24,41,16,89,0,0,0,89
04/30/2010,SWF,NY,AEA,EN,Federal Contract Tower,8,21,16,8,53,0,10,66,4,80,8,31,82,12,133,34,0,34,167
05/01/2010,SWF,NY,AEA,EN,Federal Contract Tower,5,14,26,7,52,0,17,98,10,125,5,31,124,17,177,78,22,100,277
05/02/2010,SWF,NY,AEA,EN,Federal Contract Tower,4,22,20,9,55,0,6,43,4,53,4,28,63,13,108,42,52,94,202
05/03/2010,SWF,NY,AEA,EN,Federal Contract Tower,11,18,15,0,44,0,1,19,0,20,11,19,34,0,64,0,0,0,64
05/04/2010,SWF,NY,AEA,EN,Federal Contract Tower,9,15,9,7,40,0,14,48,5,67,9,29,57,12,107,26,0,26,133
05/05/2010,SWF,NY,AEA,EN,Federal Contract Tower,10,16,14,7,47,0,11,52,3,66,10,27,66,10,113,56,0,56,169
05/06/2010,SWF,NY,AEA,EN,Federal Contract Tower,10,16,16,3,45,0,2,16,0,18,10,18,32,3,63,0,0,0,63
05/07/2010,SWF,NY,AEA,EN,Federal Contract Tower,11,19,40,7,77,0,10,66,7,83,11,29,106,14,160,54,12,66,226
05/08/2010,SWF,NY,AEA,EN,Federal Contract Tower,8,14,13,8,43,0,2,21,4,27,8,16,34,12,70,26,24,50,120
05/09/2010,SWF,NY,AEA,EN,Federal Contract Tower,7,24,12,0,43,0,0,12,0,12,7,24,24,0,55,0,0,0,55
05/10/2010,SWF,NY,AEA,EN,Federal Contract Tower,10,19,33,1,63,0,11,63,4,78,10,30,96,5,141,106,0,106,247
05/11/2010,SWF,NY,AEA,EN,Federal Contract Tower,14,21,22,3,60,0,7,48,6,61,14,28,70,9,121,28,0,28,149
05/12/2010,SWF,NY,AEA,EN,Federal Contract Tower,10,23,19,3,55,0,0,0,0,0,10,23,19,3,55,0,0,0,55
05/13/2010,SWF,NY,AEA,EN,Federal Contract Tower,11,24,12,15,62,0,11,54,0,65,11,35,66,15,127,52,4,56,183
05/14/2010,SWF,NY,AEA,EN,Federal Contract Tower,8,15,16,19,58,0,13,38,3,54,8,28,54,22,112,22,24,46,158
05/15/2010,SWF,NY,AEA,EN,Federal Contract Tower,7,18,8,3,36,0,7,43,2,52,7,25,51,5,88,18,0,18,106
05/16/2010,SWF,NY,AEA,EN,Federal Contract Tower,3,23,28,6,60,0,10,59,4,73,3,33,87,10,133,44,4,48,181
05/17/2010,SWF,NY,AEA,EN,Federal Contract Tower,6,22,32,1,61,0,17,59,2,78,6,39,91,3,139,46,0,46,185
05/18/2010,SWF,NY,AEA,EN,Federal Contract Tower,8,20,26,6,60,0,4,6,0,10,8,24,32,6,70,28,0,28,98
05/19/2010,SWF,NY,AEA,EN,Federal Contract Tower,11,20,24,13,68,0,0,7,15,22,11,20,31,28,90,4,0,4,94
05/20/2010,SWF,NY,AEA,EN,Federal Contract Tower,8,20,35,11,74,0,9,76,2,87,8,29,111,13,161,40,0,40,201
05/21/2010,SWF,NY,AEA,EN,Federal Contract Tower,8,16,21,10,55,0,10,92,28,130,8,26,113,38,185,88,36,124,309
05/22/2010,SWF,NY,AEA,EN,Federal Contract Tower,5,14,15,9,43,0,17,34,17,68,5,31,49,26,111,28,0,28,139
05/23/2010,SWF,NY,AEA,EN,Federal Contract Tower,8,19,39,2,68,0,2,56,0,58,8,21,95,2,126,4,0,4,130
05/24/2010,SWF,NY,AEA,EN,Federal Contract Tower,8,20,31,9,68,0,11,32,1,44,8,31,63,10,112,14,0,14,126
05/25/2010,SWF,NY,AEA,EN,Federal Contract Tower,10,22,25,8,65,0,10,40,4,54,10,32,65,12,119,24,0,24,143
05/26/2010,SWF,NY,AEA,EN,Federal Contract Tower,6,21,20,7,54,0,28,55,9,92,6,49,75,16,146,88,0,88,234
05/27/2010,SWF,NY,AEA,EN,Federal Contract Tower,14,19,16,3,52,0,5,30,8,43,14,24,46,11,95,0,0,0,95
05/28/2010,SWF,NY,AEA,EN,Federal Contract Tower,8,26,24,3,61,0,11,54,9,74,8,37,78,12,135,38,0,38,173
05/29/2010,SWF,NY,AEA,EN,Federal Contract Tower,9,14,18,1,42,0,10,41,0,51,9,24,59,1,93,40,0,40,133
05/30/2010,SWF,NY,AEA,EN,Federal Contract Tower,6,15,8,2,31,0,3,33,2,38,6,18,41,4,69,50,0,50,119
05/31/2010,SWF,NY,AEA,EN,Federal Contract Tower,5,19,10,0,34,0,3,13,0,16,5,22,23,0,50,0,0,0,50
06/01/2010,SWF,NY,AEA,EN,Federal Contract Tower,9,18,31,4,62,0,5,11,2,18,9,23,42,6,80,0,0,0,80
06/02/2010,SWF,NY,AEA,EN,Federal Contract Tower,9,19,13,13,54,0,9,45,5,59,9,28,58,18,113,34,10,44,157
06/03/2010,SWF,NY,AEA,EN,Federal Contract Tower,7,16,30,4,57,0,13,46,5,64,7,29,76,9,121,4,18,22,143
06/04/2010,SWF,NY,AEA,EN,Federal Contract Tower,9,20,8,3,40,0,9,47,7,63,9,29,55,10,103,58,0,58,161
06/05/2010,SWF,NY,AEA,EN,Federal Contract Tower,8,16,12,9,45,0,10,37,2,49,8,26,49,11,94,50,24,74,168
06/06/2010,SWF,NY,AEA,EN,Federal Contract Tower,8,19,17,19,63,0,2,4,0,6,8,21,21,19,69,0,0,0,69
06/07/2010,SWF,NY,AEA,EN,Federal Contract Tower,7,22,17,7,53,0,7,27,5,39,7,29,44,12,92,0,0,0,92
06/08/2010,SWF,NY,AEA,EN,Federal Contract Tower,8,28,21,8,65,0,14,51,4,69,8,42,72,12,134,46,0,46,180
06/09/2010,SWF,NY,AEA,EN,Federal Contract Tower,11,18,27,7,63,0,5,20,5,30,11,23,47,12,93,12,0,12,105
06/10/2010,SWF,NY,AEA,EN,Federal Contract Tower,10,20,26,6,62,0,8,35,11,54,10,28,61,17,116,46,0,46,162
06/11/2010,SWF,NY,AEA,EN,Federal Contract Tower,8,18,19,6,51,0,16,46,11,73,8,34,65,17,124,28,0,28,152
06/12/2010,SWF,NY,AEA,EN,Federal Contract Tower,5,12,14,4,35,0,0,11,7,18,5,12,25,11,53,8,0,8,61
06/13/2010,SWF,NY,AEA,EN,Federal Contract Tower,9,26,27,4,66,0,0,0,0,0,9,26,27,4,66,0,0,0,66
06/14/2010,SWF,NY,AEA,EN,Federal Contract Tower,6,20,25,3,54,0,4,6,4,14,6,24,31,7,68,0,0,0,68
06/15/2010,SWF,NY,AEA,EN,Federal Contract Tower,10,23,19,7,59,0,9,66,7,82,10,32,85,14,141,76,0,76,217
06/16/2010,SWF,NY,AEA,EN,Federal Contract Tower,10,20,18,7,55,0,7,19,0,26,10,27,37,7,81,0,0,0,81
06/17/2010,SWF,NY,AEA,EN,Federal Contract Tower,10,23,16,7,56,0,19,37,2,58,10,42,53,9,114,48,0,48,162
06/18/2010,SWF,NY,AEA,EN,Federal Contract Tower,8,19,21,6,54,0,16,74,3,93,8,35,95,9,147,60,0,60,207
06/19/2010,SWF,NY,AEA,EN,Federal Contract Tower,5,23,11,1,40,0,13,95,0,108,5,36,106,1,148,80,0,80,228
06/20/2010,SWF,NY,AEA,EN,Federal Contract Tower,4,20,11,3,38,0,3,37,0,40,4,23,48,3,78,56,0,56,134
06/21/2010,SWF,NY,AEA,EN,Federal Contract Tower,5,21,20,6,52,0,10,32,5,47,5,31,52,11,99,12,0,12,111
06/22/2010,SWF,NY,AEA,EN,Federal Contract Tower,12,18,26,5,61,0,9,56,10,75,12,27,82,15,136,54,0,54,190
06/23/2010,SWF,NY,AEA,EN,Federal Contract Tower,8,21,24,6,59,0,15,87,2,104,8,36,111,8,163,90,25,115,278
06/24/2010,SWF,NY,AEA,EN,Federal Contract Tower,8,20,13,6,47,0,8,34,0,42,8,28,47,6,89,4,6,10,99
06/25/2010,SWF,NY,AEA,EN,Federal Contract Tower,13,26,13,9,61,0,16,71,7,94,13,42,84,16,155,58,6,64,219
06/26/2010,SWF,NY,AEA,EN,Federal Contract Tower,6,13,16,2,37,0,5,40,0,45,6,18,56,2,82,28,0,28,110
06/27/2010,SWF,NY,AEA,EN,Federal Contract Tower,7,19,23,4,53,0,7,19,0,26,7,26,42,4,79,28,0,28,107
06/28/2010,SWF,NY,AEA,EN,Federal Contract Tower,19,21,19,6,65,0,8,26,2,36,19,29,45,8,101,28,2,30,131
06/29/2010,SWF,NY,AEA,EN,Federal Contract Tower,12,26,16,6,60,0,3,74,9,86,12,29,90,15,146,4,0,4,150
06/30/2010,SWF,NY,AEA,EN,Federal Contract Tower,8,17,21,4,50,0,12,50,11,73,8,29,71,15,123,60,0,60,183
07/01/2010,SWF,NY,AEA,EN,Federal Contract Tower,8,20,23,10,61,0,11,74,3,88,8,31,97,13,149,26,6,32,181
07/02/2010,SWF,NY,AEA,EN,Federal Contract Tower,8,19,17,3,47,0,20,50,1,71,8,39,67,4,118,66,0,66,184
07/03/2010,SWF,NY,AEA,EN,Federal Contract Tower,7,11,5,0,23,0,5,42,0,47,7,16,47,0,70,34,0,34,104
07/04/2010,SWF,NY,AEA,EN,Federal Contract Tower,4,14,3,4,25,0,0,23,0,23,4,14,26,4,48,0,0,0,48
07/05/2010,SWF,NY,AEA,EN,Federal Contract Tower,4,18,12,0,34,0,1,25,1,27,4,19,37,1,61,10,0,10,71
07/06/2010,SWF,NY,AEA,EN,Federal Contract Tower,9,16,19,6,50,0,6,88,0,94,9,22,107,6,144,0,0,0,144
07/07/2010,SWF,NY,AEA,EN,Federal Contract Tower,10,13,19,4,46,0,9,50,8,67,10,22,69,12,113,54,0,54,167
07/08/2010,SWF,NY,AEA,EN,Federal Contract Tower,8,22,20,9,59,0,7,42,10,59,8,29,62,19,118,0,0,0,118
07/09/2010,SWF,NY,AEA,EN,Federal Contract Tower,8,22,45,7,82,0,13,58,9,80,8,35,103,16,162,52,18,70,232
07/10/2010,SWF,NY,AEA,EN,Federal Contract Tower,5,17,37,2,61,0,4,68,3,75,5,21,105,5,136,44,0,44,180
07/11/2010,SWF,NY,AEA,EN,Federal Contract Tower,6,22,47,1,76,0,1,82,2,85,6,23,129,3,161,90,0,90,251
07/12/2010,SWF,NY,AEA,EN,Federal Contract Tower,7,19,21,3,50,0,10,48,4,62,7,29,69,7,112,4,0,4,116
07/13/2010,SWF,NY,AEA,EN,Federal Contract Tower,6,23,13,6,48,0,7,6,0,13,6,30,19,6,61,0,0,0,61
07/14/2010,SWF,NY,AEA,EN,Federal Contract Tower,9,20,15,10,54,0,5,11,11,27,9,25,26,21,81,8,0,8,89
07/15/2010,SWF,NY,AEA,EN,Federal Contract Tower,8,23,26,6,63,0,11,61,7,79,8,34,87,13,142,42,0,42,184
07/16/2010,SWF,NY,AEA,EN,Federal Contract Tower,11,21,27,1,60,0,17,61,9,87,11,38,88,10,147,68,0,68,215
07/17/2010,SWF,NY,AEA,EN,Federal Contract Tower,0,15,7,1,23,0,1,55,0,56,0,16,62,1,79,44,0,44,123
07/18/2010,SWF,NY,AEA,EN,Federal Contract Tower,6,19,20,3,48,0,1,17,2,20,6,20,37,5,68,8,0,8,76
07/19/2010,SWF,NY,AEA,EN,Federal Contract Tower,7,16,36,15,74,0,3,33,10,46,7,19,69,25,120,6,6,12,132
07/20/2010,SWF,NY,AEA,EN,Federal Contract Tower,9,21,19,6,55,0,7,60,6,73,9,28,79,12,128,52,6,58,186
07/21/2010,SWF,NY,AEA,EN,Federal Contract Tower,10,25,26,9,70,0,1,33,3,37,10,26,59,12,107,8,0,8,115
07/22/2010,SWF,NY,AEA,EN,Federal Contract Tower,8,28,27,7,70,0,4,33,4,41,8,32,60,11,111,8,0,8,119
07/23/2010,SWF,NY,AEA,EN,Federal Contract Tower,16,21,22,5,64,0,0,14,3,17,16,21,36,8,81,0,0,0,81
07/24/2010,SWF,NY,AEA,EN,Federal Contract Tower,7,17,9,0,33,0,2,19,0,21,7,19,28,0,54,0,0,0,54
07/25/2010,SWF,NY,AEA,EN,Federal Contract Tower,8,18,16,6,48,0,3,28,5,36,8,21,44,11,84,30,0,30,114
07/26/2010,SWF,NY,AEA,EN,Federal Contract Tower,7,23,23,5,58,0,7,70,2,79,7,30,93,7,137,0,0,0,137
07/27/2010,SWF,NY,AEA,EN,Federal Contract Tower,8,21,21,8,58,0,17,59,5,81,8,38,80,13,139,24,0,24,163
07/28/2010,SWF,NY,AEA,EN,Federal Contract Tower,10,17,22,6,55,0,9,65,13,87,10,26,87,19,142,24,0,24,166
07/29/2010,SWF,NY,AEA,EN,Federal Contract Tower,14,21,17,6,58,0,10,26,13,49,14,31,43,19,107,14,0,14,121
07/30/2010,SWF,NY,AEA,EN,Federal Contract Tower,13,25,12,6,56,0,6,41,2,49,13,31,53,8,105,17,0,17,122
07/31/2010,SWF,NY,AEA,EN,Federal Contract Tower,11,18,9,0,38,0,7,43,6,56,11,25,52,6,94,12,0,12,106
08/01/2010,SWF,NY,AEA,EN,Federal Contract Tower,9,16,11,0,36,0,2,23,4,29,9,18,34,4,65,50,0,50,115
08/02/2010,SWF,NY,AEA,EN,Federal Contract Tower,7,18,17,8,50,0,17,72,7,96,7,35,89,15,146,42,0,42,188
08/03/2010,SWF,NY,AEA,EN,Federal Contract Tower,11,21,22,5,59,0,8,23,2,33,11,29,45,7,92,10,0,10,102
08/04/2010,SWF,NY,AEA,EN,Federal Contract Tower,9,16,23,3,51,0,4,27,3,34,9,20,50,6,85,6,12,18,103
08/05/2010,SWF,NY,AEA,EN,Federal Contract Tower,9,20,13,6,48,0,7,25,13,45,9,27,38,19,93,10,0,10,103
08/06/2010,SWF,NY,AEA,EN,Federal Contract Tower,8,24,14,3,49,0,5,42,5,52,8,29,56,8,101,28,6,34,135
08/07/2010,SWF,NY,AEA,EN,Federal Contract Tower,5,14,6,0,25,0,5,32,5,42,5,19,38,5,67,4,0,4,71
08/08/2010,SWF,NY,AEA,EN,Federal Contract Tower,6,20,11,6,43,0,2,67,5,74,6,22,78,11,117,34,0,34,151
08/09/2010,SWF,NY,AEA,EN,Federal Contract Tower,9,26,24,5,64,0,7,49,3,59,9,33,73,8,123,56,2,58,181
08/10/2010,SWF,NY,AEA,EN,Federal Contract Tower,8,18,17,4,47,0,6,36,6,48,8,24,53,10,95,6,6,12,107
08/11/2010,SWF,NY,AEA,EN,Federal Contract Tower,11,17,13,4,45,0,10,41,13,64,11,27,54,17,109,30,0,30,139
08/12/2010,SWF,NY,AEA,EN,Federal Contract Tower,7,15,17,6,45,0,6,30,1,37,7,21,47,7,82,22,0,22,104
08/13/2010,SWF,NY,AEA,EN,Federal Contract Tower,13,20,8,11,52,0,11,48,0,59,13,31,56,11,111,42,2,44,155
08/14/2010,SWF,NY,AEA,EN,Federal Contract Tower,8,23,9,3,43,0,10,38,0,48,8,33,47,3,91,34,0,34,125
08/15/2010,SWF,NY,AEA,EN,Federal Contract Tower,11,16,18,2,47,0,4,15,0,19,11,20,33,2,66,10,0,10,76
08/16/2010,SWF,NY,AEA,EN,Federal Contract Tower,7,18,15,0,40,0,0,4,0,4,7,18,19,0,44,0,0,0,44
08/17/2010,SWF,NY,AEA,EN,Federal Contract Tower,8,22,10,3,43,0,11,61,7,79,8,33,71,10,122,30,10,40,162
08/18/2010,SWF,NY,AEA,EN,Federal Contract Tower,10,18,13,6,47,0,10,49,2,61,10,28,62,8,108,28,12,40,148
08/19/2010,SWF,NY,AEA,EN,Federal Contract Tower,10,19,15,6,50,0,16,66,9,91,10,35,81,15,141,48,4,52,193
08/20/2010,SWF,NY,AEA,EN,Federal Contract Tower,12,20,20,6,58,0,8,30,0,38,12,28,50,6,96,16,0,16,112
08/21/2010,SWF,NY,AEA,EN,Federal Contract Tower,9,19,5,0,33,0,4,43,0,47,9,23,48,0,80,6,0,6,86
08/22/2010,SWF,NY,AEA,EN,Federal Contract Tower,4,29,17,1,51,0,0,0,0,0,4,29,17,1,51,0,0,0,51
08/23/2010,SWF,NY,AEA,EN,Federal Contract Tower,5,21,30,5,61,0,3,6,0,9,5,24,36,5,70,2,0,2,72
08/24/2010,SWF,NY,AEA,EN,Federal Contract Tower,8,17,18,7,50,0,5,17,0,22,8,22,35,7,72,0,0,0,72
08/25/2010,SWF,NY,AEA,EN,Federal Contract Tower,10,20,33,14,77,0,1,6,4,11,10,21,39,18,88,0,0,0,88
08/26/2010,SWF,NY,AEA,EN,Federal Contract Tower,9,19,32,9,69,0,5,46,7,58,9,24,78,16,127,58,0,58,185
08/27/2010,SWF,NY,AEA,EN,Federal Contract Tower,8,23,17,7,55,0,4,80,6,90,8,27,97,13,145,110,0,110,255
08/28/2010,SWF,NY,AEA,EN,Federal Contract Tower,6,13,5,2,26,0,6,71,1,78,6,19,76,3,104,48,0,48,152
08/29/2010,SWF,NY,AEA,EN,Federal Contract Tower,3,15,15,4,37,0,8,77,0,85,3,23,92,4,122,50,0,50,172
08/30/2010,SWF,NY,AEA,EN,Federal Contract Tower,6,20,14,5,45,0,3,78,10,91,6,23,92,15,136,6,0,6,142
08/31/2010,SWF,NY,AEA,EN,Federal Contract Tower,10,19,17,6,52,0,9,58,15,82,10,28,75,21,134,0,0,0,134
09/01/2010,SWF,NY,AEA,EN,Federal Contract Tower,10,20,16,7,53,0,5,37,7,49,10,25,53,14,102,8,0,8,110
09/02/2010,SWF,NY,AEA,EN,Federal Contract Tower,17,21,16,3,57,0,8,34,3,45,17,29,50,6,102,0,0,0,102
09/03/2010,SWF,NY,AEA,EN,Federal Contract Tower,10,19,18,1,48,0,6,22,0,28,10,25,40,1,76,28,0,28,104
09/04/2010,SWF,NY,AEA,EN,Federal Contract Tower,7,17,11,0,35,0,2,11,0,13,7,19,22,0,48,10,0,10,58
09/05/2010,SWF,NY,AEA,EN,Federal Contract Tower,5,18,14,0,37,0,5,42,0,47,5,23,56,0,84,64,0,64,148
09/06/2010,SWF,NY,AEA,EN,Federal Contract Tower,4,23,26,1,54,0,7,84,0,91,4,30,110,1,145,80,0,80,225
09/07/2010,SWF,NY,AEA,EN,Federal Contract Tower,8,24,14,4,50,0,8,43,6,57,8,32,57,10,107,40,0,40,147
09/08/2010,SWF,NY,AEA,EN,Federal Contract Tower,12,24,5,8,49,0,10,49,3,62,12,34,54,11,111,32,0,32,143
09/09/2010,SWF,NY,AEA,EN,Federal Contract Tower,11,22,15,5,53,0,3,39,0,42,11,25,54,5,95,26,0,26,121
09/10/2010,SWF,NY,AEA,EN,Federal Contract Tower,10,20,9,5,44,0,7,29,15,51,10,27,38,20,95,26,0,26,121
09/11/2010,SWF,NY,AEA,EN,Federal Contract Tower,7,16,23,4,50,0,1,27,5,33,7,17,50,9,83,0,8,8,91
09/12/2010,SWF,NY,AEA,EN,Federal Contract Tower,4,18,19,4,45,0,2,26,4,32,4,20,45,8,77,0,0,0,77
09/13/2010,SWF,NY,AEA,EN,Federal Contract Tower,11,24,22,1,58,0,4,33,2,39,11,28,55,3,97,26,0,26,123
09/14/2010,SWF,NY,AEA,EN,Federal Contract Tower,17,20,22,9,68,0,7,53,5,65,17,27,75,14,133,34,0,34,167
09/15/2010,SWF,NY,AEA,EN,Federal Contract Tower,11,21,28,8,68,0,3,40,4,47,11,24,68,12,115,14,0,14,129
09/16/2010,SWF,NY,AEA,EN,Federal Contract Tower,19,21,30,6,76,0,2,9,1,12,19,23,39,7,88,0,0,0,88
09/17/2010,SWF,NY,AEA,EN,Federal Contract Tower,17,20,26,8,71,0,0,62,7,69,17,20,88,15,140,0,0,0,140
09/18/2010,SWF,NY,AEA,EN,Federal Contract Tower,9,15,12,1,37,0,15,65,3,83,9,30,77,4,120,12,0,12,132
09/19/2010,SWF,NY,AEA,EN,Federal Contract Tower,6,25,11,0,42,0,7,60,0,67,6,32,71,0,109,64,0,64,173
09/20/2010,SWF,NY,AEA,EN,Federal Contract Tower,8,16,13,5,42,0,11,59,4,74,8,27,72,9,116,22,0,22,138
09/21/2010,SWF,NY,AEA,EN,Federal Contract Tower,15,17,20,3,55,0,17,78,4,99,15,34,98,7,154,38,0,38,192
09/22/2010,SWF,NY,AEA,EN,Federal Contract Tower,16,22,24,0,62,0,5,68,3,76,16,27,92,3,138,18,18,36,174
09/23/2010,SWF,NY,AEA,EN,Federal Contract Tower,16,19,19,1,55,0,0,0,0,0,16,19,19,1,55,38,0,38,93
09/24/2010,SWF,NY,AEA,EN,Federal Contract Tower,23,19,22,6,70,0,5,37,1,43,23,24,59,7,113,30,0,30,143
09/25/2010,SWF,NY,AEA,EN,Federal Contract Tower,12,15,14,2,43,0,13,59,8,80,12,28,73,10,123,22,4,26,149
09/26/2010,SWF,NY,AEA,EN,Federal Contract Tower,8,21,31,1,61,0,7,79,1,87,8,28,110,2,148,64,0,64,212
09/27/2010,SWF,NY,AEA,EN,Federal Contract Tower,8,16,13,5,42,0,0,0,0,0,8,16,13,5,42,0,0,0,42
09/28/2010,SWF,NY,AEA,EN,Federal Contract Tower,15,19,21,9,64,0,0,0,0,0,15,19,21,9,64,0,0,0,64
09/29/2010,SWF,NY,AEA,EN,Federal Contract Tower,12,24,26,2,64,0,9,47,4,60,12,33,73,6,124,64,0,64,188
09/30/2010,SWF,NY,AEA,EN,Federal Contract Tower,16,16,10,2,44,0,2,0,0,2,16,18,10,2,46,0,0,0,46
10/01/2010,SWF,NY,AEA,EN,Federal Contract Tower,12,14,16,5,47,0,0,8,0,8,12,14,24,5,55,0,0,0,55
10/02/2010,SWF,NY,AEA,EN,Federal Contract Tower,8,13,18,4,43,0,5,83,8,96,8,18,101,12,139,50,0,50,189
10/03/2010,SWF,NY,AEA,EN,Federal Contract Tower,5,17,12,5,39,0,7,41,3,51,5,24,53,8,90,20,2,22,112
10/04/2010,SWF,NY,AEA,EN,Federal Contract Tower,10,9,13,0,32,0,4,2,1,7,10,13,15,1,39,0,0,0,39
10/05/2010,SWF,NY,AEA,EN,Federal Contract Tower,13,16,23,8,60,0,0,0,0,0,13,16,23,8,60,0,0,0,60
10/06/2010,SWF,NY,AEA,EN,Federal Contract Tower,12,26,18,1,57,0,4,12,4,20,12,30,30,5,77,32,0,32,109
10/07/2010,SWF,NY,AEA,EN,Federal Contract Tower,12,21,25,3,61,0,2,47,1,50,12,23,72,4,111,2,0,2,113
10/08/2010,SWF,NY,AEA,EN,Federal Contract Tower,11,21,27,5,64,0,13,75,8,96,11,34,102,13,160,64,0,64,224
10/09/2010,SWF,NY,AEA,EN,Federal Contract Tower,6,20,15,1,42,0,5,47,0,52,6,25,62,1,94,26,0,26,120
10/10/2010,SWF,NY,AEA,EN,Federal Contract Tower,7,21,16,2,46,0,9,34,1,44,7,30,50,3,90,44,0,44,134
10/11/2010,SWF,NY,AEA,EN,Federal Contract Tower,13,19,23,5,60,0,7,57,0,64,13,26,80,5,124,22,0,22,146
10/12/2010,SWF,NY,AEA,EN,Federal Contract Tower,13,18,21,2,54,0,6,23,1,30,13,24,44,3,84,32,0,32,116
10/13/2010,SWF,NY,AEA,EN,Federal Contract Tower,9,15,18,2,44,0,8,59,1,68,9,23,77,3,112,22,4,26,138
10/14/2010,SWF,NY,AEA,EN,Federal Contract Tower,14,18,35,5,72,0,1,46,1,48,14,19,81,6,120,22,4,26,146
10/15/2010,SWF,NY,AEA,EN,Federal Contract Tower,10,28,18,2,58,0,1,7,0,8,10,29,25,2,66,0,0,0,66
10/16/2010,SWF,NY,AEA,EN,Federal Contract Tower,5,16,6,3,30,0,6,24,0,30,5,22,30,3,60,0,0,0,60
10/17/2010,SWF,NY,AEA,EN,Federal Contract Tower,5,23,18,0,46,0,13,54,4,71,5,36,72,4,117,55,0,55,172
10/18/2010,SWF,NY,AEA,EN,Federal Contract Tower,7,15,24,8,54,0,7,85,11,103,7,22,109,19,157,56,36,92,249
10/19/2010,SWF,NY,AEA,EN,Federal Contract Tower,13,16,18,5,52,0,4,18,11,33,13,20,36,16,85,4,30,34,119
10/20/2010,SWF,NY,AEA,EN,Federal Contract Tower,10,20,29,3,62,3,34,1,0,38,13,54,30,3,100,20,0,20,120
10/21/2010,SWF,NY,AEA,EN,Federal Contract Tower,13,19,26,6,64,0,0,27,5,32,13,19,53,11,96,30,0,30,126
10/22/2010,SWF,NY,AEA,EN,Federal Contract Tower,14,17,15,3,49,0,10,62,22,94,14,27,77,25,143,10,2,12,155
10/23/2010,SWF,NY,AEA,EN,Federal Contract Tower,5,18,12,0,35,0,5,59,0,64,5,23,71,0,99,70,0,70,169
10/24/2010,SWF,NY,AEA,EN,Federal Contract Tower,6,19,16,4,45,0,0,53,0,53,6,19,69,4,98,22,0,22,120
10/25/2010,SWF,NY,AEA,EN,Federal Contract Tower,9,20,12,4,45,0,1,6,1,8,9,21,18,5,53,0,0,0,53
10/26/2010,SWF,NY,AEA,EN,Federal Contract Tower,14,21,23,10,68,0,4,49,0,53,14,25,72,10,121,40,12,52,173
10/27/2010,SWF,NY,AEA,EN,Federal Contract Tower,11,19,23,5,58,0,0,6,0,6,11,19,29,5,64,0,0,0,64
10/28/2010,SWF,NY,AEA,EN,Federal Contract Tower,9,26,28,13,76,0,7,46,9,62,9,33,74,22,138,36,20,56,194
10/29/2010,SWF,NY,AEA,EN,Federal Contract Tower,10,21,26,3,60,0,8,62,8,78,10,29,88,11,138,20,0,20,158
10/30/2010,SWF,NY,AEA,EN,Federal Contract Tower,5,16,17,3,41,0,4,47,9,60,5,20,64,12,101,34,0,34,135
10/31/2010,SWF,NY,AEA,EN,Federal Contract Tower,6,15,23,2,46,0,1,42,1,44,6,16,65,3,90,58,0,58,148
11/01/2010,SWF,NY,AEA,EN,Federal Contract Tower,5,16,13,5,39,0,1,28,10,39,5,17,41,15,78,48,0,48,126
11/02/2010,SWF,NY,AEA,EN,Federal Contract Tower,8,20,24,4,56,0,12,65,1,78,8,32,89,5,134,50,0,50,184
11/03/2010,SWF,NY,AEA,EN,Federal Contract Tower,10,18,19,19,66,0,0,71,11,82,10,18,90,30,148,12,8,20,168
11/04/2010,SWF,NY,AEA,EN,Federal Contract Tower,10,18,20,11,59,0,0,0,0,0,10,18,20,11,59,0,0,0,59
11/05/2010,SWF,NY,AEA,EN,Federal Contract Tower,11,18,26,17,72,0,6,25,6,37,11,24,51,23,109,0,20,20,129
11/06/2010,SWF,NY,AEA,EN,Federal Contract Tower,6,17,8,9,40,0,15,121,18,154,6,32,129,27,194,46,0,46,240
11/07/2010,SWF,NY,AEA,EN,Federal Contract Tower,6,18,16,13,53,0,13,62,0,75,6,31,78,13,128,36,12,48,176
11/08/2010,SWF,NY,AEA,EN,Federal Contract Tower,9,18,7,5,39,0,1,11,0,12,9,19,18,5,51,0,0,0,51
11/09/2010,SWF,NY,AEA,EN,Federal Contract Tower,10,20,16,11,57,0,5,28,3,36,10,25,44,14,93,14,54,68,161
11/10/2010,SWF,NY,AEA,EN,Federal Contract Tower,11,21,22,4,58,0,7,43,8,58,11,28,65,12,116,8,0,8,124
11/11/2010,SWF,NY,AEA,EN,Federal Contract Tower,10,24,22,0,56,0,5,87,0,92,10,29,109,0,148,24,0,24,172
11/12/2010,SWF,NY,AEA,EN,Federal Contract Tower,12,19,19,9,59,0,5,118,7,130,12,24,137,16,189,86,8,94,283
11/13/2010,SWF,NY,AEA,EN,Federal Contract Tower,8,12,11,3,34,0,6,61,2,69,8,18,72,5,103,108,0,108,211
11/14/2010,SWF,NY,AEA,EN,Federal Contract Tower,6,16,16,2,40,0,4,51,0,55,6,20,67,2,95,58,0,58,153
11/15/2010,SWF,NY,AEA,EN,Federal Contract Tower,5,15,29,6,55,0,32,3,0,35,5,47,32,6,90,30,0,30,120
11/16/2010,SWF,NY,AEA,EN,Federal Contract Tower,8,21,23,2,54,0,0,0,0,0,8,21,23,2,54,0,0,0,54
11/17/2010,SWF,NY,AEA,EN,Federal Contract Tower,13,25,26,3,67,0,5,36,2,43,13,30,62,5,110,0,0,0,110
11/18/2010,SWF,NY,AEA,EN,Federal Contract Tower,10,21,30,6,67,0,10,67,5,82,10,31,97,11,149,34,0,34,183
11/19/2010,SWF,NY,AEA,EN,Federal Contract Tower,10,23,12,5,50,0,10,52,9,71,10,33,64,14,121,26,0,26,147
11/20/2010,SWF,NY,AEA,EN,Federal Contract Tower,10,16,16,0,42,0,7,60,0,67,10,23,76,0,109,36,0,36,145
11/21/2010,SWF,NY,AEA,EN,Federal Contract Tower,6,23,17,2,48,0,2,38,3,43,6,25,55,5,91,36,0,36,127
11/22/2010,SWF,NY,AEA,EN,Federal Contract Tower,9,20,14,6,49,0,1,76,4,81,9,21,90,10,130,36,4,40,170
11/23/2010,SWF,NY,AEA,EN,Federal Contract Tower,18,19,24,5,66,0,4,10,0,14,18,23,34,5,80,8,0,8,88
11/24/2010,SWF,NY,AEA,EN,Federal Contract Tower,11,19,9,2,41,0,6,41,0,47,11,25,50,2,88,0,0,0,88
11/25/2010,SWF,NY,AEA,EN,Federal Contract Tower,4,12,4,0,20,0,2,2,0,4,4,14,6,0,24,0,0,0,24
11/26/2010,SWF,NY,AEA,EN,Federal Contract Tower,12,17,13,2,44,0,0,0,0,0,12,17,13,2,44,0,0,0,44
11/27/2010,SWF,NY,AEA,EN,Federal Contract Tower,10,18,8,3,39,0,6,34,0,40,10,24,42,3,79,8,0,8,87
11/28/2010,SWF,NY,AEA,EN,Federal Contract Tower,7,22,22,0,51,0,3,53,1,57,7,25,75,1,108,116,0,116,224
11/29/2010,SWF,NY,AEA,EN,Federal Contract Tower,9,19,28,8,64,0,16,35,6,57,9,35,63,14,121,36,0,36,157
11/30/2010,SWF,NY,AEA,EN,Federal Contract Tower,12,23,19,5,59,0,3,13,1,17,12,26,32,6,76,6,0,6,82
12/01/2010,SWF,NY,AEA,EN,Federal Contract Tower,12,21,13,2,48,0,0,12,0,12,12,21,25,2,60,0,0,0,60
12/02/2010,SWF,NY,AEA,EN,Federal Contract Tower,13,21,30,15,79,0,18,73,10,101,13,39,103,25,180,50,32,82,262
12/03/2010,SWF,NY,AEA,EN,Federal Contract Tower,11,17,13,10,51,0,12,77,8,97,11,29,90,18,148,162,0,162,310
12/04/2010,SWF,NY,AEA,EN,Federal Contract Tower,7,12,9,12,40,0,2,28,0,30,7,14,37,12,70,26,0,26,96
12/05/2010,SWF,NY,AEA,EN,Federal Contract Tower,5,17,14,2,38,0,0,19,0,19,5,17,33,2,57,44,0,44,101
12/06/2010,SWF,NY,AEA,EN,Federal Contract Tower,7,17,25,1,50,0,7,15,3,25,7,24,40,4,75,0,0,0,75
12/07/2010,SWF,NY,AEA,EN,Federal Contract Tower,10,19,14,11,54,0,10,56,2,68,10,29,70,13,122,20,4,24,146
12/08/2010,SWF,NY,AEA,EN,Federal Contract Tower,10,20,28,8,66,0,7,47,8,62,10,27,75,16,128,12,0,12,140
12/09/2010,SWF,NY,AEA,EN,Federal Contract Tower,11,22,12,17,62,0,12,73,20,105,11,34,85,37,167,40,0,40,207
12/10/2010,SWF,NY,AEA,EN,Federal Contract Tower,12,17,20,8,57,0,2,33,4,39,12,19,53,12,96,0,0,0,96
12/11/2010,SWF,NY,AEA,EN,Federal Contract Tower,7,10,16,0,33,0,4,35,0,39,7,14,51,0,72,18,0,18,90
12/12/2010,SWF,NY,AEA,EN,Federal Contract Tower,5,12,11,3,31,0,0,0,0,0,5,12,11,3,31,0,0,0,31
12/13/2010,SWF,NY,AEA,EN,Federal Contract Tower,7,12,15,2,36,0,0,5,3,8,7,12,20,5,44,0,0,0,44
12/14/2010,SWF,NY,AEA,EN,Federal Contract Tower,13,16,22,10,61,0,13,49,5,67,13,29,71,15,128,88,0,88,216
12/15/2010,SWF,NY,AEA,EN,Federal Contract Tower,12,23,19,8,62,0,14,46,2,62,12,37,65,10,124,50,0,50,174
12/16/2010,SWF,NY,AEA,EN,Federal Contract Tower,11,22,20,11,64,0,11,58,8,77,11,33,78,19,141,34,14,48,189
12/17/2010,SWF,NY,AEA,EN,Federal Contract Tower,12,21,16,7,56,0,7,49,9,65,12,28,65,16,121,66,0,66,187
12/18/2010,SWF,NY,AEA,EN,Federal Contract Tower,8,14,22,0,44,0,7,62,0,69,8,21,84,0,113,76,0,76,189
12/19/2010,SWF,NY,AEA,EN,Federal Contract Tower,6,15,12,0,33,0,7,37,1,45,6,22,49,1,78,122,0,122,200
12/20/2010,SWF,NY,AEA,EN,Federal Contract Tower,8,18,17,1,44,0,7,56,10,73,8,25,73,11,117,56,10,66,183
12/21/2010,SWF,NY,AEA,EN,Federal Contract Tower,12,13,13,10,48,0,11,55,12,78,12,24,68,22,126,64,6,70,196
12/22/2010,SWF,NY,AEA,EN,Federal Contract Tower,10,21,24,1,56,0,15,64,1,80,10,36,88,2,136,70,0,70,206
12/23/2010,SWF,NY,AEA,EN,Federal Contract Tower,10,15,15,3,43,0,4,15,0,19,10,19,30,3,62,0,0,0,62
12/24/2010,SWF,NY,AEA,EN,Federal Contract Tower,10,13,8,1,32,0,3,41,0,44,10,16,49,1,76,92,0,92,168
12/25/2010,SWF,NY,AEA,EN,Federal Contract Tower,5,12,4,1,22,0,2,6,0,8,5,14,10,1,30,2,0,2,32
12/26/2010,SWF,NY,AEA,EN,Federal Contract Tower,5,11,22,0,38,0,0,2,0,2,5,11,24,0,40,0,0,0,40
12/27/2010,SWF,NY,AEA,EN,Federal Contract Tower,2,18,12,0,32,0,0,0,0,0,2,18,12,0,32,0,0,0,32
12/28/2010,SWF,NY,AEA,EN,Federal Contract Tower,13,24,21,1,59,0,4,10,6,20,13,28,31,7,79,0,0,0,79
12/29/2010,SWF,NY,AEA,EN,Federal Contract Tower,9,30,17,2,58,0,8,40,2,50,9,38,57,4,108,26,0,26,134
12/30/2010,SWF,NY,AEA,EN,Federal Contract Tower,16,18,8,1,43,0,3,41,0,44,16,21,49,1,87,14,0,14,101
12/31/2010,SWF,NY,AEA,EN,Federal Contract Tower,12,17,6,1,36,0,2,32,0,34,12,19,38,1,70,34,0,34,104
01/01/2011,SWF,NY,AEA,EN,Federal Contract Tower,6,14,6,0,26,0,1,4,0,5,6,15,10,0,31,6,0,6,37
01/02/2011,SWF,NY,AEA,EN,Federal Contract Tower,5,24,21,0,50,0,0,0,0,0,5,24,21,0,50,0,0,0,50
01/03/2011,SWF,NY,AEA,EN,Federal Contract Tower,9,21,22,0,52,0,4,36,2,42,9,25,58,2,94,30,6,36,130
01/04/2011,SWF,NY,AEA,EN,Federal Contract Tower,10,15,20,18,63,0,16,78,4,98,10,31,98,22,161,56,40,96,257
01/05/2011,SWF,NY,AEA,EN,Federal Contract Tower,9,19,15,5,48,0,8,53,11,72,9,27,68,16,120,40,18,58,178
01/06/2011,SWF,NY,AEA,EN,Federal Contract Tower,12,18,13,10,53,0,4,40,3,47,12,22,53,13,100,4,0,4,104
01/07/2011,SWF,NY,AEA,EN,Federal Contract Tower,11,18,7,1,37,0,0,0,0,0,11,18,7,1,37,0,0,0,37
01/08/2011,SWF,NY,AEA,EN,Federal Contract Tower,8,12,7,1,28,0,2,0,0,2,8,14,7,1,30,0,0,0,30
01/09/2011,SWF,NY,AEA,EN,Federal Contract Tower,6,13,12,4,35,0,2,7,0,9,6,15,19,4,44,16,0,16,60
01/10/2011,SWF,NY,AEA,EN,Federal Contract Tower,5,13,32,0,50,0,7,35,8,50,5,20,67,8,100,28,0,28,128
01/11/2011,SWF,NY,AEA,EN,Federal Contract Tower,9,15,18,5,47,0,16,49,4,69,9,31,67,9,116,26,10,36,152
01/12/2011,SWF,NY,AEA,EN,Federal Contract Tower,9,9,7,0,25,0,0,0,0,0,9,9,7,0,25,0,0,0,25
01/13/2011,SWF,NY,AEA,EN,Federal Contract Tower,10,27,13,10,60,0,6,24,4,34,10,33,37,14,94,8,18,26,120
01/14/2011,SWF,NY,AEA,EN,Federal Contract Tower,13,16,22,3,54,0,3,38,0,41,13,19,60,3,95,72,0,72,167
01/15/2011,SWF,NY,AEA,EN,Federal Contract Tower,7,11,2,0,20,0,2,7,0,9,7,13,9,0,29,56,0,56,85
01/16/2011,SWF,NY,AEA,EN,Federal Contract Tower,5,20,13,1,39,0,9,54,0,63,5,29,67,1,102,54,4,58,160
01/17/2011,SWF,NY,AEA,EN,Federal Contract Tower,9,24,16,0,49,0,10,44,5,59,9,34,60,5,108,36,4,40,148
01/18/2011,SWF,NY,AEA,EN,Federal Contract Tower,6,8,6,1,21,0,0,0,0,0,6,8,6,1,21,0,0,0,21
01/19/2011,SWF,NY,AEA,EN,Federal Contract Tower,12,13,19,6,50,0,0,0,0,0,12,13,19,6,50,0,0,0,50
01/20/2011,SWF,NY,AEA,EN,Federal Contract Tower,13,26,23,2,64,0,3,31,2,36,13,29,54,4,100,24,0,24,124
01/21/2011,SWF,NY,AEA,EN,Federal Contract Tower,11,20,8,2,41,0,0,6,0,6,11,20,14,2,47,0,0,0,47
01/22/2011,SWF,NY,AEA,EN,Federal Contract Tower,7,11,6,3,27,0,0,27,0,27,7,11,33,3,54,70,0,70,124
01/23/2011,SWF,NY,AEA,EN,Federal Contract Tower,4,17,6,1,28,0,0,27,0,27,4,17,33,1,55,16,0,16,71
01/24/2011,SWF,NY,AEA,EN,Federal Contract Tower,5,20,27,8,60,0,12,65,12,89,5,32,92,20,149,54,6,60,209
01/25/2011,SWF,NY,AEA,EN,Federal Contract Tower,10,15,17,1,43,0,0,0,0,0,10,15,17,1,43,0,0,0,43
01/26/2011,SWF,NY,AEA,EN,Federal Contract Tower,10,25,21,4,60,0,0,5,0,5,10,25,26,4,65,8,0,8,73
01/27/2011,SWF,NY,AEA,EN,Federal Contract Tower,13,17,14,2,46,0,3,0,5,8,13,20,14,7,54,0,0,0,54
01/28/2011,SWF,NY,AEA,EN,Federal Contract Tower,15,17,18,6,56,0,6,1,5,12,15,23,19,11,68,0,0,0,68
01/29/2011,SWF,NY,AEA,EN,Federal Contract Tower,10,14,9,1,34,0,4,20,0,24,10,18,29,1,58,32,0,32,90
01/30/2011,SWF,NY,AEA,EN,Federal Contract Tower,4,21,17,2,44,0,7,60,0,67,4,28,77,2,111,56,0,56,167
01/31/2011,SWF,NY,AEA,EN,Federal Contract Tower,7,17,13,5,42,0,9,66,0,75,7,26,79,5,117,50,0,50,167
02/01/2011,SWF,NY,AEA,EN,Federal Contract Tower,6,22,12,2,42,0,0,0,0,0,6,22,12,2,42,0,0,0,42
02/02/2011,SWF,NY,AEA,EN,Federal Contract Tower,8,6,8,4,26,0,0,0,0,0,8,6,8,4,26,0,0,0,26
02/03/2011,SWF,NY,AEA,EN,Federal Contract Tower,13,17,28,6,64,0,0,19,0,19,13,17,47,6,83,14,16,30,113
02/04/2011,SWF,NY,AEA,EN,Federal Contract Tower,15,16,21,3,55,0,2,53,2,57,15,18,74,5,112,36,0,36,148
02/05/2011,SWF,NY,AEA,EN,Federal Contract Tower,5,7,4,2,18,0,0,0,0,0,5,7,4,2,18,0,0,0,18
02/06/2011,SWF,NY,AEA,EN,Federal Contract Tower,4,17,16,1,38,0,6,44,0,50,4,23,60,1,88,58,0,58,146
02/07/2011,SWF,NY,AEA,EN,Federal Contract Tower,6,18,25,2,51,0,4,14,4,22,6,22,39,6,73,0,0,0,73
02/08/2011,SWF,NY,AEA,EN,Federal Contract Tower,10,20,21,4,55,0,9,30,3,42,10,29,51,7,97,0,0,0,97
02/09/2011,SWF,NY,AEA,EN,Federal Contract Tower,8,20,22,5,55,0,5,27,2,34,8,25,49,7,89,0,8,8,97
02/10/2011,SWF,NY,AEA,EN,Federal Contract Tower,13,18,11,4,46,0,8,24,0,32,13,26,35,4,78,44,0,44,122
02/11/2011,SWF,NY,AEA,EN,Federal Contract Tower,11,22,14,12,59,0,8,65,2,75,11,30,79,14,134,76,0,76,210
02/12/2011,SWF,NY,AEA,EN,Federal Contract Tower,8,15,8,1,32,0,8,25,0,33,8,23,33,1,65,10,0,10,75
02/13/2011,SWF,NY,AEA,EN,Federal Contract Tower,6,21,19,9,55,0,2,32,0,34,6,23,51,9,89,18,0,18,107
02/14/2011,SWF,NY,AEA,EN,Federal Contract Tower,6,18,20,2,46,0,12,30,5,47,6,30,50,7,93,55,0,55,148
02/15/2011,SWF,NY,AEA,EN,Federal Contract Tower,10,19,15,4,48,0,1,34,4,39,10,20,49,8,87,0,0,0,87
02/16/2011,SWF,NY,AEA,EN,Federal Contract Tower,12,19,17,8,56,0,12,49,0,61,12,31,66,8,117,26,8,34,151
02/17/2011,SWF,NY,AEA,EN,Federal Contract Tower,12,24,21,11,68,0,1,32,5,38,12,25,53,16,106,18,4,22,128
02/18/2011,SWF,NY,AEA,EN,Federal Contract Tower,14,16,22,14,66,0,2,58,2,62,14,18,80,16,128,58,2,60,188
02/19/2011,SWF,NY,AEA,EN,Federal Contract Tower,8,18,6,1,33,0,0,0,0,0,8,18,6,1,33,0,0,0,33
02/20/2011,SWF,NY,AEA,EN,Federal Contract Tower,5,14,8,2,29,0,3,46,0,49,5,17,54,2,78,44,0,44,122
02/21/2011,SWF,NY,AEA,EN,Federal Contract Tower,6,18,15,0,39,0,0,0,0,0,6,18,15,0,39,10,0,10,49
02/22/2011,SWF,NY,AEA,EN,Federal Contract Tower,15,19,31,13,78,0,7,39,6,52,15,26,70,19,130,0,0,0,130
02/23/2011,SWF,NY,AEA,EN,Federal Contract Tower,16,16,19,7,58,0,4,61,3,68,16,20,80,10,126,68,6,74,200
02/24/2011,SWF,NY,AEA,EN,Federal Contract Tower,12,25,23,8,68,0,12,35,5,52,12,37,58,13,120,38,34,72,192
02/25/2011,SWF,NY,AEA,EN,Federal Contract Tower,15,16,11,8,50,0,0,0,0,0,15,16,11,8,50,0,0,0,50
02/26/2011,SWF,NY,AEA,EN,Federal Contract Tower,11,16,15,4,46,0,9,77,0,86,11,25,92,4,132,80,10,90,222
02/27/2011,SWF,NY,AEA,EN,Federal Contract Tower,3,32,12,0,47,0,4,42,0,46,3,36,54,0,93,90,0,90,183
02/28/2011,SWF,NY,AEA,EN,Federal Contract Tower,7,28,9,1,45,0,0,10,0,10,7,28,19,1,55,0,0,0,55
03/01/2011,SWF,NY,AEA,EN,Federal Contract Tower,14,20,11,6,51,0,0,61,4,65,14,20,72,10,116,40,0,40,156
03/02/2011,SWF,NY,AEA,EN,Federal Contract Tower,12,19,12,6,49,0,2,37,4,43,12,21,49,10,92,40,8,48,140
03/03/2011,SWF,NY,AEA,EN,Federal Contract Tower,10,26,25,9,70,0,5,102,0,107,10,31,127,9,177,92,2,94,271
03/04/2011,SWF,NY,AEA,EN,Federal Contract Tower,9,24,14,13,60,0,4,56,1,61,9,28,70,14,121,40,0,40,161
03/05/2011,SWF,NY,AEA,EN,Federal Contract Tower,8,16,12,3,39,0,5,26,17,48,8,21,38,20,87,14,0,14,101
03/06/2011,SWF,NY,AEA,EN,Federal Contract Tower,4,20,6,5,35,0,0,0,0,0,4,20,6,5,35,0,0,0,35
03/07/2011,SWF,NY,AEA,EN,Federal Contract Tower,6,18,11,1,36,0,0,17,3,20,6,18,28,4,56,22,0,22,78
03/08/2011,SWF,NY,AEA,EN,Federal Contract Tower,13,16,18,9,56,0,15,53,9,77,13,31,71,18,133,50,4,54,187
03/09/2011,SWF,NY,AEA,EN,Federal Contract Tower,12,20,26,6,64,0,8,51,18,77,12,28,77,24,141,60,0,60,201
03/10/2011,SWF,NY,AEA,EN,Federal Contract Tower,13,14,11,5,43,0,0,0,0,0,13,14,11,5,43,0,0,0,43
03/11/2011,SWF,NY,AEA,EN,Federal Contract Tower,18,16,15,5,54,0,6,37,0,43,18,22,52,5,97,0,0,0,97
03/12/2011,SWF,NY,AEA,EN,Federal Contract Tower,9,16,8,4,37,0,2,30,0,32,9,18,38,4,69,18,0,18,87
03/13/2011,SWF,NY,AEA,EN,Federal Contract Tower,4,23,13,2,42,0,1,25,0,26,4,24,38,2,68,54,0,54,122
03/14/2011,SWF,NY,AEA,EN,Federal Contract Tower,11,16,12,3,42,0,2,33,0,35,11,18,45,3,77,24,0,24,101
03/15/2011,SWF,NY,AEA,EN,Federal Contract Tower,14,18,8,7,47,0,9,83,1,93,14,27,91,8,140,52,0,52,192
03/16/2011,SWF,NY,AEA,EN,Federal Contract Tower,11,23,14,7,55,0,0,8,0,8,11,23,22,7,63,0,0,0,63
03/17/2011,SWF,NY,AEA,EN,Federal Contract Tower,14,20,11,6,51,0,2,72,4,78,14,22,83,10,129,0,0,0,129
03/18/2011,SWF,NY,AEA,EN,Federal Contract Tower,12,28,20,5,65,0,16,61,3,80,12,44,81,8,145,38,6,44,189
03/19/2011,SWF,NY,AEA,EN,Federal Contract Tower,8,17,10,4,39,0,6,32,0,38,8,23,42,4,77,32,0,32,109
03/20/2011,SWF,NY,AEA,EN,Federal Contract Tower,8,16,9,4,37,0,4,69,0,73,8,20,78,4,110,36,0,36,146
03/21/2011,SWF,NY,AEA,EN,Federal Contract Tower,9,17,16,2,44,0,0,0,0,0,9,17,16,2,44,0,0,0,44
03/22/2011,SWF,NY,AEA,EN,Federal Contract Tower,14,21,14,19,68,0,10,14,10,34,14,31,28,29,102,36,18,54,156
03/23/2011,SWF,NY,AEA,EN,Federal Contract Tower,15,13,10,4,42,0,0,0,0,0,15,13,10,4,42,0,0,0,42
03/24/2011,SWF,NY,AEA,EN,Federal Contract Tower,13,22,25,4,64,0,10,47,10,67,13,32,72,14,131,18,0,18,149
03/25/2011,SWF,NY,AEA,EN,Federal Contract Tower,14,26,13,4,57,0,19,39,15,73,14,45,52,19,130,94,4,98,228
03/26/2011,SWF,NY,AEA,EN,Federal Contract Tower,7,26,16,2,51,0,4,47,3,54,7,30,63,5,105,54,0,54,159
03/27/2011,SWF,NY,AEA,EN,Federal Contract Tower,7,21,10,1,39,0,0,57,2,59,7,21,67,3,98,82,0,82,180
03/28/2011,SWF,NY,AEA,EN,Federal Contract Tower,9,24,26,2,61,0,1,14,1,16,9,25,40,3,77,0,0,0,77
03/29/2011,SWF,NY,AEA,EN,Federal Contract Tower,15,17,17,6,55,0,4,42,2,48,15,21,59,8,103,34,8,42,145
03/30/2011,SWF,NY,AEA,EN,Federal Contract Tower,14,30,23,3,70,0,7,100,2,109,14,37,123,5,179,72,0,72,251
03/31/2011,SWF,NY,AEA,EN,Federal Contract Tower,16,29,13,7,65,0,1,7,0,8,16,30,20,7,73,0,0,0,73
04/01/2011,SWF,NY,AEA,EN,Federal Contract Tower,10,23,18,14,65,0,0,2,0,2,10,23,20,14,67,0,0,0,67
04/02/2011,SWF,NY,AEA,EN,Federal Contract Tower,7,17,11,13,48,0,5,41,8,54,7,22,52,21,102,76,46,122,224
04/03/2011,SWF,NY,AEA,EN,Federal Contract Tower,9,23,23,1,56,0,2,22,0,24,9,25,45,1,80,0,0,0,80
04/04/2011,SWF,NY,AEA,EN,Federal Contract Tower,10,19,10,11,50,0,4,63,2,69,10,23,73,13,119,6,12,18,137
04/05/2011,SWF,NY,AEA,EN,Federal Contract Tower,10,19,19,2,50,0,4,3,7,14,10,23,22,9,64,0,0,0,64
04/06/2011,SWF,NY,AEA,EN,Federal Contract Tower,10,16,41,13,80,0,9,57,0,66,10,25,98,13,146,40,0,40,186
04/07/2011,SWF,NY,AEA,EN,Federal Contract Tower,12,29,18,11,70,0,7,76,10,93,12,36,94,21,163,46,4,50,213
04/08/2011,SWF,NY,AEA,EN,Federal Contract Tower,10,22,21,6,59,0,9,70,2,81,10,31,91,8,140,4,0,4,144
04/09/2011,SWF,NY,AEA,EN,Federal Contract Tower,9,15,7,0,31,0,4,70,0,74,9,19,77,0,105,62,0,62,167
04/10/2011,SWF,NY,AEA,EN,Federal Contract Tower,9,16,20,6,51,0,5,38,0,43,9,21,58,6,94,34,0,34,128
04/11/2011,SWF,NY,AEA,EN,Federal Contract Tower,11,13,16,3,43,0,4,61,0,65,11,17,77,3,108,30,0,30,138
04/12/2011,SWF,NY,AEA,EN,Federal Contract Tower,15,19,29,7,70,0,10,55,0,65,15,29,84,7,135,26,0,26,161
04/13/2011,SWF,NY,AEA,EN,Federal Contract Tower,13,17,40,4,74,0,0,1,0,1,13,17,41,4,75,0,0,0,75
04/14/2011,SWF,NY,AEA,EN,Federal Contract Tower,10,28,20,7,65,0,11,71,5,87,10,39,91,12,152,26,0,26,178
04/15/2011,SWF,NY,AEA,EN,Federal Contract Tower,13,20,8,6,47,0,6,52,3,61,13,26,60,9,108,16,10,26,134
04/16/2011,SWF,NY,AEA,EN,Federal Contract Tower,30,19,21,1,71,0,2,0,0,2,30,21,21,1,73,0,0,0,73
04/17/2011,SWF,NY,AEA,EN,Federal Contract Tower,11,16,13,2,42,0,2,14,0,16,11,18,27,2,58,40,0,40,98
04/18/2011,SWF,NY,AEA,EN,Federal Contract Tower,7,22,20,6,55,0,5,22,3,30,7,27,42,9,85,24,0,24,109
04/19/2011,SWF,NY,AEA,EN,Federal Contract Tower,10,29,30,13,82,0,0,9,8,17,10,29,39,21,99,0,28,28,127
04/20/2011,SWF,NY,AEA,EN,Federal Contract Tower,14,25,28,9,76,0,5,18,0,23,14,30,46,9,99,8,0,8,107
04/21/2011,SWF,NY,AEA,EN,Federal Contract Tower,10,26,13,3,52,0,1,26,5,32,10,27,39,8,84,0,12,12,96
04/22/2011,SWF,NY,AEA,EN,Federal Contract Tower,11,17,20,1,49,0,6,45,0,51,11,23,65,1,100,38,0,38,138
04/23/2011,SWF,NY,AEA,EN,Federal Contract Tower,9,14,7,1,31,0,0,0,0,0,9,14,7,1,31,0,0,0,31
04/24/2011,SWF,NY,AEA,EN,Federal Contract Tower,10,18,21,0,49,0,0,9,0,9,10,18,30,0,58,12,0,12,70
04/25/2011,SWF,NY,AEA,EN,Federal Contract Tower,8,22,33,9,72,0,2,21,0,23,8,24,54,9,95,0,0,0,95
04/26/2011,SWF,NY,AEA,EN,Federal Contract Tower,16,19,33,1,69,0,2,15,0,17,16,21,48,1,86,0,0,0,86
04/27/2011,SWF,NY,AEA,EN,Federal Contract Tower,17,39,24,10,90,0,10,64,2,76,17,49,88,12,166,0,0,0,166
04/28/2011,SWF,NY,AEA,EN,Federal Contract Tower,21,22,18,4,65,0,2,5,0,7,21,24,23,4,72,0,0,0,72
04/29/2011,SWF,NY,AEA,EN,Federal Contract Tower,10,21,16,6,53,0,4,59,5,68,10,25,75,11,121,60,4,64,185
04/30/2011,SWF,NY,AEA,EN,Federal Contract Tower,5,15,20,2,42,0,9,81,5,95,5,24,101,7,137,62,0,62,199
05/01/2011,SWF,NY,AEA,EN,Federal Contract Tower,4,23,13,0,40,0,2,38,0,40,4,25,51,0,80,46,0,46,126
05/02/2011,SWF,NY,AEA,EN,Federal Contract Tower,6,19,27,4,56,0,3,62,0,65,6,22,89,4,121,0,0,0,121
05/03/2011,SWF,NY,AEA,EN,Federal Contract Tower,9,22,11,7,49,0,6,40,9,55,9,28,51,16,104,36,32,68,172
05/04/2011,SWF,NY,AEA,EN,Federal Contract Tower,13,30,17,7,67,0,0,1,0,1,13,30,18,7,68,0,0,0,68
05/05/2011,SWF,NY,AEA,EN,Federal Contract Tower,14,25,19,6,64,0,13,67,4,84,14,38,86,10,148,58,0,58,206
05/06/2011,SWF,NY,AEA,EN,Federal Contract Tower,13,20,36,8,77,0,6,92,8,106,13,26,128,16,183,66,0,66,249
05/07/2011,SWF,NY,AEA,EN,Federal Contract Tower,8,14,7,0,29,0,1,64,0,65,8,15,71,0,94,58,0,58,152
05/08/2011,SWF,NY,AEA,EN,Federal Contract Tower,4,24,11,2,41,0,4,56,0,60,4,28,67,2,101,62,0,62,163
05/09/2011,SWF,NY,AEA,EN,Federal Contract Tower,7,23,13,4,47,0,4,57,3,64,7,27,70,7,111,0,0,0,111
05/10/2011,SWF,NY,AEA,EN,Federal Contract Tower,10,29,8,10,57,0,15,67,5,87,10,44,75,15,144,0,0,0,144
05/11/2011,SWF,NY,AEA,EN,Federal Contract Tower,10,23,19,5,57,0,12,89,8,109,10,35,108,13,166,34,4,38,204
05/12/2011,SWF,NY,AEA,EN,Federal Contract Tower,14,30,22,15,81,0,15,83,11,109,14,45,105,26,190,66,0,66,256
05/13/2011,SWF,NY,AEA,EN,Federal Contract Tower,10,22,30,7,69,0,14,71,13,98,10,36,101,20,167,36,0,36,203
05/14/2011,SWF,NY,AEA,EN,Federal Contract Tower,5,17,20,1,43,0,8,32,0,40,5,25,52,1,83,26,0,26,109
05/15/2011,SWF,NY,AEA,EN,Federal Contract Tower,6,26,19,8,59,0,0,0,0,0,6,26,19,8,59,0,0,0,59
05/16/2011,SWF,NY,AEA,EN,Federal Contract Tower,6,28,20,4,58,0,0,0,0,0,6,28,20,4,58,0,0,0,58
05/17/2011,SWF,NY,AEA,EN,Federal Contract Tower,12,21,20,4,57,0,0,0,0,0,12,21,20,4,57,0,0,0,57
05/18/2011,SWF,NY,AEA,EN,Federal Contract Tower,19,30,25,9,83,0,0,2,0,2,19,30,27,9,85,0,0,0,85
05/19/2011,SWF,NY,AEA,EN,Federal Contract Tower,12,31,26,7,76,0,2,11,2,15,12,33,37,9,91,0,0,0,91
05/20/2011,SWF,NY,AEA,EN,Federal Contract Tower,15,29,33,13,90,0,11,37,3,51,15,40,70,16,141,24,0,24,165
05/21/2011,SWF,NY,AEA,EN,Federal Contract Tower,7,19,16,4,46,0,8,64,3,75,7,27,80,7,121,40,0,40,161
05/22/2011,SWF,NY,AEA,EN,Federal Contract Tower,4,31,23,2,60,0,0,8,0,8,4,31,31,2,68,0,0,0,68
05/23/2011,SWF,NY,AEA,EN,Federal Contract Tower,5,26,19,17,67,0,0,0,0,0,5,26,19,17,67,0,0,0,67
05/24/2011,SWF,NY,AEA,EN,Federal Contract Tower,10,29,31,11,81,0,11,61,7,79,10,40,92,18,160,32,20,52,212
05/25/2011,SWF,NY,AEA,EN,Federal Contract Tower,14,19,33,9,75,0,17,77,13,107,14,36,110,22,182,48,0,48,230
05/26/2011,SWF,NY,AEA,EN,Federal Contract Tower,12,17,26,20,75,0,17,43,0,60,12,34,69,20,135,52,0,52,187
05/27/2011,SWF,NY,AEA,EN,Federal Contract Tower,15,20,15,2,52,0,2,29,5,36,15,22,44,7,88,4,0,4,92
05/28/2011,SWF,NY,AEA,EN,Federal Contract Tower,8,15,6,0,29,0,1,25,0,26,8,16,31,0,55,24,0,24,79
05/29/2011,SWF,NY,AEA,EN,Federal Contract Tower,6,15,11,0,32,0,2,21,0,23,6,17,32,0,55,6,0,6,61
05/30/2011,SWF,NY,AEA,EN,Federal Contract Tower,5,21,9,3,38,0,4,48,0,52,5,25,57,3,90,38,0,38,128
05/31/2011,SWF,NY,AEA,EN,Federal Contract Tower,7,26,18,10,61,0,11,39,2,52,7,37,57,12,113,16,0,16,129
06/01/2011,SWF,NY,AEA,EN,Federal Contract Tower,12,25,14,7,58,0,7,43,6,56,12,32,57,13,114,0,0,0,114
06/02/2011,SWF,NY,AEA,EN,Federal Contract Tower,13,20,20,9,62,0,12,38,8,58,13,32,58,17,120,12,8,20,140
06/03/2011,SWF,NY,AEA,EN,Federal Contract Tower,12,25,13,3,53,0,7,28,3,38,12,32,41,6,91,10,0,10,101
06/04/2011,SWF,NY,AEA,EN,Federal Contract Tower,7,18,12,1,38,0,6,33,8,47,7,24,45,9,85,46,2,48,133
06/05/2011,SWF,NY,AEA,EN,Federal Contract Tower,4,29,27,4,64,0,2,38,0,40,4,31,65,4,104,8,0,8,112
06/06/2011,SWF,NY,AEA,EN,Federal Contract Tower,4,28,14,2,48,0,5,75,5,85,4,33,89,7,133,38,0,38,171
06/07/2011,SWF,NY,AEA,EN,Federal Contract Tower,14,20,11,5,50,0,8,47,12,67,14,28,58,17,117,32,0,32,149
06/08/2011,SWF,NY,AEA,EN,Federal Contract Tower,13,24,16,2,55,0,7,56,4,67,13,31,72,6,122,24,0,24,146
06/09/2011,SWF,NY,AEA,EN,Federal Contract Tower,17,20,21,3,61,0,5,27,13,45,17,25,48,16,106,0,0,0,106
06/10/2011,SWF,NY,AEA,EN,Federal Contract Tower,14,19,23,3,59,0,6,40,3,49,14,25,63,6,108,8,0,8,116
06/11/2011,SWF,NY,AEA,EN,Federal Contract Tower,7,18,6,5,36,0,0,2,0,2,7,18,8,5,38,0,0,0,38
06/12/2011,SWF,NY,AEA,EN,Federal Contract Tower,7,20,12,2,41,0,0,11,0,11,7,20,23,2,52,12,10,22,74
06/13/2011,SWF,NY,AEA,EN,Federal Contract Tower,8,22,20,0,50,0,11,74,4,89,8,33,94,4,139,24,0,24,163
06/14/2011,SWF,NY,AEA,EN,Federal Contract Tower,11,25,26,7,69,0,9,61,2,72,11,34,87,9,141,0,0,0,141
06/15/2011,SWF,NY,AEA,EN,Federal Contract Tower,15,20,22,4,61,0,4,56,10,70,15,24,78,14,131,42,0,42,173
06/16/2011,SWF,NY,AEA,EN,Federal Contract Tower,16,16,17,11,60,0,1,40,14,55,16,17,57,25,115,14,0,14,129
06/17/2011,SWF,NY,AEA,EN,Federal Contract Tower,36,26,22,6,90,0,2,7,0,9,36,28,29,6,99,0,6,6,105
06/18/2011,SWF,NY,AEA,EN,Federal Contract Tower,8,22,14,0,44,0,4,85,2,91,8,26,99,2,135,54,0,54,189
06/19/2011,SWF,NY,AEA,EN,Federal Contract Tower,8,28,16,1,53,0,2,53,0,55,8,30,69,1,108,0,0,0,108
06/20/2011,SWF,NY,AEA,EN,Federal Contract Tower,8,26,13,2,49,0,6,68,1,75,8,32,81,3,124,26,0,26,150
06/21/2011,SWF,NY,AEA,EN,Federal Contract Tower,14,19,19,4,56,0,6,55,6,67,14,25,74,10,123,2,0,2,125
06/22/2011,SWF,NY,AEA,EN,Federal Contract Tower,17,23,21,3,64,0,0,8,2,10,17,23,29,5,74,0,0,0,74
06/23/2011,SWF,NY,AEA,EN,Federal Contract Tower,18,17,19,6,60,0,0,0,0,0,18,17,19,6,60,0,0,0,60
06/24/2011,SWF,NY,AEA,EN,Federal Contract Tower,17,13,19,4,53,0,0,6,0,6,17,13,25,4,59,0,0,0,59
06/25/2011,SWF,NY,AEA,EN,Federal Contract Tower,13,16,11,2,42,0,1,19,0,20,13,17,30,2,62,0,0,0,62
06/26/2011,SWF,NY,AEA,EN,Federal Contract Tower,6,14,16,1,37,0,8,64,0,72,6,22,80,1,109,32,0,32,141
06/27/2011,SWF,NY,AEA,EN,Federal Contract Tower,7,28,32,5,72,0,12,84,19,115,7,40,116,24,187,40,14,54,241
06/28/2011,SWF,NY,AEA,EN,Federal Contract Tower,13,25,11,1,50,0,9,18,0,27,13,34,29,1,77,0,0,0,77
06/29/2011,SWF,NY,AEA,EN,Federal Contract Tower,20,23,16,2,61,0,12,49,6,67,20,35,65,8,128,38,0,38,166
06/30/2011,SWF,NY,AEA,EN,Federal Contract Tower,16,22,16,5,59,0,6,50,0,56,16,28,66,5,115,46,0,46,161
07/01/2011,SWF,NY,AEA,EN,Federal Contract Tower,16,19,15,0,50,0,5,60,2,67,16,24,75,2,117,50,0,50,167
07/02/2011,SWF,NY,AEA,EN,Federal Contract Tower,9,25,8,2,44,0,9,56,0,65,9,34,64,2,109,48,0,48,157
07/03/2011,SWF,NY,AEA,EN,Federal Contract Tower,6,27,10,0,43,0,0,0,0,0,6,27,10,0,43,0,0,0,43
07/04/2011,SWF,NY,AEA,EN,Federal Contract Tower,6,21,22,0,49,0,5,49,0,54,6,26,71,0,103,38,0,38,141
07/05/2011,SWF,NY,AEA,EN,Federal Contract Tower,15,20,7,2,44,0,9,60,4,73,15,29,67,6,117,42,8,50,167
07/06/2011,SWF,NY,AEA,EN,Federal Contract Tower,12,24,8,4,48,0,8,53,5,66,12,32,61,9,114,42,8,50,164
07/07/2011,SWF,NY,AEA,EN,Federal Contract Tower,18,28,21,2,69,0,11,64,6,81,18,39,85,8,150,26,0,26,176
07/08/2011,SWF,NY,AEA,EN,Federal Contract Tower,14,26,19,1,60,0,0,30,0,30,14,26,49,1,90,10,0,10,100
07/09/2011,SWF,NY,AEA,EN,Federal Contract Tower,16,22,10,0,48,0,5,92,0,97,16,27,102,0,145,72,0,72,217
07/10/2011,SWF,NY,AEA,EN,Federal Contract Tower,10,28,34,3,75,0,7,86,2,95,10,35,120,5,170,70,0,70,240
07/11/2011,SWF,NY,AEA,EN,Federal Contract Tower,10,14,18,2,44,0,6,70,4,80,10,20,88,6,124,76,0,76,200
07/12/2011,SWF,NY,AEA,EN,Federal Contract Tower,16,20,19,11,66,0,14,53,9,76,16,34,72,20,142,54,22,76,218
07/13/2011,SWF,NY,AEA,EN,Federal Contract Tower,20,15,17,4,56,0,6,40,2,48,20,21,57,6,104,20,0,20,124
07/14/2011,SWF,NY,AEA,EN,Federal Contract Tower,16,23,16,5,60,0,11,51,7,69,16,34,67,12,129,56,4,60,189
07/15/2011,SWF,NY,AEA,EN,Federal Contract Tower,14,22,18,4,58,0,3,75,0,78,14,25,93,4,136,42,0,42,178
07/16/2011,SWF,NY,AEA,EN,Federal Contract Tower,8,17,13,0,38,0,1,76,0,77,8,18,89,0,115,74,0,74,189
07/17/2011,SWF,NY,AEA,EN,Federal Contract Tower,5,25,18,0,48,0,1,49,18,68,5,26,67,18,116,20,0,20,136
07/18/2011,SWF,NY,AEA,EN,Federal Contract Tower,8,20,14,2,44,0,2,39,12,53,8,22,53,14,97,32,4,36,133
07/19/2011,SWF,NY,AEA,EN,Federal Contract Tower,17,15,15,6,53,0,0,30,10,40,17,15,45,16,93,50,0,50,143
07/20/2011,SWF,NY,AEA,EN,Federal Contract Tower,20,17,21,6,64,0,4,40,10,54,20,21,61,16,118,30,0,30,148
07/21/2011,SWF,NY,AEA,EN,Federal Contract Tower,18,16,15,5,54,0,5,32,11,48,18,21,47,16,102,40,0,40,142
07/22/2011,SWF,NY,AEA,EN,Federal Contract Tower,16,22,28,3,69,0,4,61,2,67,16,26,89,5,136,42,0,42,178
07/23/2011,SWF,NY,AEA,EN,Federal Contract Tower,7,18,14,0,39,0,12,35,0,47,7,30,49,0,86,10,0,10,96
07/24/2011,SWF,NY,AEA,EN,Federal Contract Tower,8,23,13,3,47,0,2,17,1,20,8,25,30,4,67,0,0,0,67
07/25/2011,SWF,NY,AEA,EN,Federal Contract Tower,10,18,13,0,41,0,0,3,0,3,10,18,16,0,44,0,0,0,44
07/26/2011,SWF,NY,AEA,EN,Federal Contract Tower,23,15,17,5,60,0,3,23,3,29,23,18,40,8,89,30,0,30,119
07/27/2011,SWF,NY,AEA,EN,Federal Contract Tower,17,23,16,2,58,0,13,46,10,69,17,36,62,12,127,56,2,58,185
07/28/2011,SWF,NY,AEA,EN,Federal Contract Tower,13,25,11,8,57,0,3,48,1,52,13,28,59,9,109,32,0,32,141
07/29/2011,SWF,NY,AEA,EN,Federal Contract Tower,12,30,27,7,76,0,2,11,0,13,12,32,38,7,89,0,0,0,89
07/30/2011,SWF,NY,AEA,EN,Federal Contract Tower,11,24,12,2,49,0,6,59,2,67,11,30,71,4,116,66,0,66,182
07/31/2011,SWF,NY,AEA,EN,Federal Contract Tower,9,23,23,3,58,0,8,52,0,60,9,31,75,3,118,36,0,36,154
08/01/2011,SWF,NY,AEA,EN,Federal Contract Tower,7,22,31,2,62,0,7,47,1,55,7,29,78,3,117,58,0,58,175
08/02/2011,SWF,NY,AEA,EN,Federal Contract Tower,17,16,12,3,48,0,7,34,5,46,17,23,46,8,94,20,2,22,116
08/03/2011,SWF,NY,AEA,EN,Federal Contract Tower,21,20,10,2,53,0,1,29,3,33,21,21,39,5,86,20,0,20,106
08/04/2011,SWF,NY,AEA,EN,Federal Contract Tower,13,24,39,1,77,0,2,44,18,64,13,26,83,19,141,0,0,0,141
08/05/2011,SWF,NY,AEA,EN,Federal Contract Tower,12,21,21,7,61,0,7,89,1,97,12,28,110,8,158,48,10,58,216
08/06/2011,SWF,NY,AEA,EN,Federal Contract Tower,13,22,8,14,57,0,0,11,0,11,13,22,19,14,68,0,0,0,68
08/07/2011,SWF,NY,AEA,EN,Federal Contract Tower,9,22,14,1,46,0,1,8,0,9,9,23,22,1,55,4,0,4,59
08/08/2011,SWF,NY,AEA,EN,Federal Contract Tower,12,20,14,1,47,0,9,44,6,59,12,29,58,7,106,64,0,64,170
08/09/2011,SWF,NY,AEA,EN,Federal Contract Tower,19,17,18,7,61,0,4,8,1,13,19,21,26,8,74,0,0,0,74
08/10/2011,SWF,NY,AEA,EN,Federal Contract Tower,21,16,21,6,64,0,6,58,2,66,21,22,79,8,130,22,0,22,152
08/11/2011,SWF,NY,AEA,EN,Federal Contract Tower,17,20,19,8,64,0,1,57,8,66,17,21,76,16,130,32,10,42,172
08/12/2011,SWF,NY,AEA,EN,Federal Contract Tower,12,24,22,2,60,0,10,89,0,99,12,34,111,2,159,106,0,106,265
08/13/2011,SWF,NY,AEA,EN,Federal Contract Tower,6,21,13,2,42,0,9,84,0,93,6,30,97,2,135,90,0,90,225
08/14/2011,SWF,NY,AEA,EN,Federal Contract Tower,9,14,8,3,34,0,0,0,0,0,9,14,8,3,34,0,0,0,34
08/15/2011,SWF,NY,AEA,EN,Federal Contract Tower,10,15,20,1,46,0,0,0,0,0,10,15,20,1,46,0,0,0,46
08/16/2011,SWF,NY,AEA,EN,Federal Contract Tower,17,21,2,4,44,0,16,16,7,39,17,37,18,11,83,36,12,48,131
08/17/2011,SWF,NY,AEA,EN,Federal Contract Tower,14,26,20,7,67,0,5,98,6,109,14,31,118,13,176,34,0,34,210
08/18/2011,SWF,NY,AEA,EN,Federal Contract Tower,24,26,9,0,59,0,3,37,1,41,24,29,46,1,100,26,0,26,126
08/19/2011,SWF,NY,AEA,EN,Federal Contract Tower,15,20,20,3,58,0,0,30,2,32,15,20,50,5,90,20,0,20,110
08/20/2011,SWF,NY,AEA,EN,Federal Contract Tower,10,20,20,0,50,0,3,33,0,36,10,23,53,0,86,36,0,36,122
08/21/2011,SWF,NY,AEA,EN,Federal Contract Tower,11,19,24,2,56,0,4,15,0,19,11,23,39,2,75,4,0,4,79
08/22/2011,SWF,NY,AEA,EN,Federal Contract Tower,14,23,20,3,60,0,2,36,1,39,14,25,56,4,99,14,0,14,113
08/23/2011,SWF,NY,AEA,EN,Federal Contract Tower,27,26,17,3,73,0,8,23,0,31,27,34,40,3,104,14,12,26,130
08/24/2011,SWF,NY,AEA,EN,Federal Contract Tower,16,20,16,2,54,0,2,20,1,23,16,22,36,3,77,0,0,0,77
08/25/2011,SWF,NY,AEA,EN,Federal Contract Tower,14,22,8,1,45,0,3,14,0,17,14,25,22,1,62,14,0,14,76
08/26/2011,SWF,NY,AEA,EN,Federal Contract Tower,12,27,32,7,78,0,12,110,19,141,12,39,142,26,219,64,42,106,325
08/27/2011,SWF,NY,AEA,EN,Federal Contract Tower,8,17,18,12,55,0,0,0,0,0,8,17,18,12,55,0,0,0,55
08/28/2011,SWF,NY,AEA,EN,Federal Contract Tower,0,6,0,5,11,0,0,0,0,0,0,6,0,5,11,0,0,0,11
08/29/2011,SWF,NY,AEA,EN,Federal Contract Tower,10,20,16,7,53,0,11,81,21,113,10,31,97,28,166,38,8,46,212
08/30/2011,SWF,NY,AEA,EN,Federal Contract Tower,17,18,17,7,59,0,11,45,10,66,17,29,62,17,125,18,20,38,163
08/31/2011,SWF,NY,AEA,EN,Federal Contract Tower,16,23,17,7,63,0,13,96,8,117,16,36,113,15,180,52,12,64,244
09/01/2011,SWF,NY,AEA,EN,Federal Contract Tower,14,25,27,5,71,0,16,94,10,120,14,41,121,15,191,50,14,64,255
09/02/2011,SWF,NY,AEA,EN,Federal Contract Tower,15,24,14,2,55,0,5,59,5,69,15,29,73,7,124,66,0,66,190
09/03/2011,SWF,NY,AEA,EN,Federal Contract Tower,11,14,16,0,41,0,11,56,6,73,11,25,72,6,114,46,0,46,160
09/04/2011,SWF,NY,AEA,EN,Federal Contract Tower,23,14,16,0,53,0,0,6,0,6,23,14,22,0,59,0,0,0,59
09/05/2011,SWF,NY,AEA,EN,Federal Contract Tower,11,15,12,0,38,0,2,0,0,2,11,17,12,0,40,0,0,0,40
09/06/2011,SWF,NY,AEA,EN,Federal Contract Tower,13,17,28,0,58,0,0,0,0,0,13,17,28,0,58,0,0,0,58
09/07/2011,SWF,NY,AEA,EN,Federal Contract Tower,11,21,19,1,52,0,0,0,0,0,11,21,19,1,52,0,0,0,52
09/08/2011,SWF,NY,AEA,EN,Federal Contract Tower,15,25,16,2,58,0,6,31,1,38,15,31,47,3,96,0,0,0,96
09/09/2011,SWF,NY,AEA,EN,Federal Contract Tower,15,25,20,9,69,0,8,57,18,83,15,33,77,27,152,40,20,60,212
09/10/2011,SWF,NY,AEA,EN,Federal Contract Tower,11,17,30,1,59,0,6,70,3,79,11,23,100,4,138,70,0,70,208
09/11/2011,SWF,NY,AEA,EN,Federal Contract Tower,9,22,30,6,67,0,6,22,0,28,9,28,52,6,95,14,0,14,109
09/12/2011,SWF,NY,AEA,EN,Federal Contract Tower,9,19,18,0,46,0,4,31,6,41,9,23,49,6,87,14,18,32,119
09/13/2011,SWF,NY,AEA,EN,Federal Contract Tower,13,20,13,6,52,0,6,75,1,82,13,26,88,7,134,26,8,34,168
09/14/2011,SWF,NY,AEA,EN,Federal Contract Tower,18,22,12,3,55,0,7,54,9,70,18,29,66,12,125,30,30,60,185
09/15/2011,SWF,NY,AEA,EN,Federal Contract Tower,12,23,20,7,62,0,3,6,0,9,12,26,26,7,71,20,0,20,91
09/16/2011,SWF,NY,AEA,EN,Federal Contract Tower,17,28,19,2,66,0,4,73,3,80,17,32,92,5,146,26,0,26,172
09/17/2011,SWF,NY,AEA,EN,Federal Contract Tower,9,19,17,4,49,0,9,99,5,113,9,28,116,9,162,60,0,60,222
09/18/2011,SWF,NY,AEA,EN,Federal Contract Tower,12,16,17,3,48,0,2,18,0,20,12,18,35,3,68,15,0,15,83
09/19/2011,SWF,NY,AEA,EN,Federal Contract Tower,18,13,12,24,67,0,7,26,4,37,18,20,38,28,104,0,8,8,112
09/20/2011,SWF,NY,AEA,EN,Federal Contract Tower,19,20,26,4,69,0,3,6,0,9,19,23,32,4,78,0,0,0,78
09/21/2011,SWF,NY,AEA,EN,Federal Contract Tower,23,21,18,6,68,0,1,28,0,29,23,22,46,6,97,20,0,20,117
09/22/2011,SWF,NY,AEA,EN,Federal Contract Tower,19,23,24,10,76,0,0,20,4,24,19,23,44,14,100,14,16,30,130
09/23/2011,SWF,NY,AEA,EN,Federal Contract Tower,25,18,14,3,60,0,0,0,0,0,25,18,14,3,60,0,0,0,60
09/24/2011,SWF,NY,AEA,EN,Federal Contract Tower,23,2,20,0,45,0,8,25,0,33,23,10,45,0,78,16,0,16,94
09/25/2011,SWF,NY,AEA,EN,Federal Contract Tower,25,11,17,0,53,0,4,34,0,38,25,15,51,0,91,8,0,8,99
09/26/2011,SWF,NY,AEA,EN,Federal Contract Tower,8,25,29,11,73,0,1,72,4,77,8,26,101,15,150,0,0,0,150
09/27/2011,SWF,NY,AEA,EN,Federal Contract Tower,9,23,31,10,73,0,3,44,5,52,9,26,75,15,125,0,10,10,135
09/28/2011,SWF,NY,AEA,EN,Federal Contract Tower,11,20,21,0,52,0,1,7,8,16,11,21,28,8,68,0,0,0,68
09/29/2011,SWF,NY,AEA,EN,Federal Contract Tower,18,19,24,3,64,0,0,0,0,0,18,19,24,3,64,0,0,0,64
09/30/2011,SWF,NY,AEA,EN,Federal Contract Tower,16,19,26,2,63,0,8,70,4,82,16,27,96,6,145,76,0,76,221
10/01/2011,SWF,NY,AEA,EN,Federal Contract Tower,10,16,18,10,54,0,0,6,2,8,10,16,24,12,62,0,0,0,62
10/02/2011,SWF,NY,AEA,EN,Federal Contract Tower,9,29,24,3,65,0,1,16,1,18,9,30,40,4,83,14,0,14,97
10/03/2011,SWF,NY,AEA,EN,Federal Contract Tower,8,23,20,0,51,0,5,35,4,44,8,28,55,4,95,34,0,34,129
10/04/2011,SWF,NY,AEA,EN,Federal Contract Tower,13,25,25,3,66,0,3,27,5,35,13,28,52,8,101,26,0,26,127
10/05/2011,SWF,NY,AEA,EN,Federal Contract Tower,15,26,16,3,60,0,7,65,8,80,15,33,81,11,140,12,0,12,152
10/06/2011,SWF,NY,AEA,EN,Federal Contract Tower,10,24,23,5,62,0,14,88,10,112,10,38,111,15,174,18,0,18,192
10/07/2011,SWF,NY,AEA,EN,Federal Contract Tower,17,16,19,6,58,0,5,71,8,84,17,21,90,14,142,62,6,68,210
10/08/2011,SWF,NY,AEA,EN,Federal Contract Tower,12,11,10,2,35,0,2,47,0,49,12,13,57,2,84,76,0,76,160
10/09/2011,SWF,NY,AEA,EN,Federal Contract Tower,7,15,19,1,42,0,1,52,0,53,7,16,71,1,95,80,0,80,175
10/10/2011,SWF,NY,AEA,EN,Federal Contract Tower,7,26,16,1,50,0,5,61,0,66,7,31,77,1,116,34,0,34,150
10/11/2011,SWF,NY,AEA,EN,Federal Contract Tower,14,22,10,2,48,0,8,75,11,94,14,30,85,13,142,24,0,24,166
10/12/2011,SWF,NY,AEA,EN,Federal Contract Tower,13,24,20,5,62,0,2,45,6,53,13,26,65,11,115,4,4,8,123
10/13/2011,SWF,NY,AEA,EN,Federal Contract Tower,11,21,23,7,62,0,0,0,0,0,11,21,23,7,62,0,0,0,62
10/14/2011,SWF,NY,AEA,EN,Federal Contract Tower,23,17,20,4,64,0,5,4,0,9,23,22,24,4,73,0,0,0,73
10/15/2011,SWF,NY,AEA,EN,Federal Contract Tower,9,13,22,1,45,0,2,6,0,8,9,15,28,1,53,0,0,0,53
10/16/2011,SWF,NY,AEA,EN,Federal Contract Tower,6,23,28,0,57,0,6,8,1,15,6,29,36,1,72,32,2,34,106
10/17/2011,SWF,NY,AEA,EN,Federal Contract Tower,6,23,24,7,60,0,4,43,5,52,6,27,67,12,112,0,0,0,112
10/18/2011,SWF,NY,AEA,EN,Federal Contract Tower,11,20,28,8,67,0,10,65,14,89,11,30,93,22,156,52,10,62,218
10/19/2011,SWF,NY,AEA,EN,Federal Contract Tower,14,18,23,2,57,0,0,0,0,0,14,18,23,2,57,0,0,0,57
10/20/2011,SWF,NY,AEA,EN,Federal Contract Tower,13,24,23,7,67,0,4,34,0,38,13,28,57,7,105,26,4,30,135
10/21/2011,SWF,NY,AEA,EN,Federal Contract Tower,23,22,18,3,66,0,2,22,0,24,23,24,40,3,90,14,0,14,104
10/22/2011,SWF,NY,AEA,EN,Federal Contract Tower,12,15,19,4,50,0,4,35,2,41,12,19,54,6,91,50,6,56,147
10/23/2011,SWF,NY,AEA,EN,Federal Contract Tower,8,17,18,3,46,0,11,48,0,59,8,28,66,3,105,96,0,96,201
10/24/2011,SWF,NY,AEA,EN,Federal Contract Tower,6,18,9,8,41,0,1,29,2,32,6,19,38,10,73,18,0,18,91
10/25/2011,SWF,NY,AEA,EN,Federal Contract Tower,12,28,22,7,69,0,5,47,4,56,12,33,69,11,125,16,0,16,141
10/26/2011,SWF,NY,AEA,EN,Federal Contract Tower,15,20,24,5,64,0,0,3,0,3,15,20,27,5,67,0,22,22,89
10/27/2011,SWF,NY,AEA,EN,Federal Contract Tower,14,20,25,14,73,0,0,0,0,0,14,20,25,14,73,0,0,0,73
10/28/2011,SWF,NY,AEA,EN,Federal Contract Tower,13,18,24,4,59,0,9,53,4,66,13,27,77,8,125,64,0,64,189
10/29/2011,SWF,NY,AEA,EN,Federal Contract Tower,9,11,4,0,24,0,4,0,0,4,9,15,4,0,28,0,0,0,28
10/30/2011,SWF,NY,AEA,EN,Federal Contract Tower,4,7,20,3,34,0,2,11,0,13,4,9,31,3,47,0,0,0,47
10/31/2011,SWF,NY,AEA,EN,Federal Contract Tower,8,23,13,1,45,0,0,0,33,33,8,23,13,34,78,44,0,44,122
11/01/2011,SWF,NY,AEA,EN,Federal Contract Tower,15,19,21,3,58,0,2,23,2,27,15,21,44,5,85,0,0,0,85
11/02/2011,SWF,NY,AEA,EN,Federal Contract Tower,13,24,16,1,54,0,0,0,0,0,13,24,16,1,54,24,14,38,92
11/03/2011,SWF,NY,AEA,EN,Federal Contract Tower,15,19,12,12,58,0,7,53,7,67,15,26,65,19,125,18,0,18,143
11/04/2011,SWF,NY,AEA,EN,Federal Contract Tower,16,22,19,11,68,0,4,44,5,53,16,26,63,16,121,0,0,0,121
11/05/2011,SWF,NY,AEA,EN,Federal Contract Tower,6,11,15,0,32,0,1,31,0,32,6,12,46,0,64,38,0,38,102
11/06/2011,SWF,NY,AEA,EN,Federal Contract Tower,7,19,19,17,62,0,2,71,9,82,7,21,90,26,144,80,24,104,248
11/07/2011,SWF,NY,AEA,EN,Federal Contract Tower,5,21,18,13,57,0,12,69,10,91,5,33,87,23,148,30,0,30,178
11/08/2011,SWF,NY,AEA,EN,Federal Contract Tower,14,15,29,15,73,0,7,42,16,65,14,22,71,31,138,14,7,21,159
11/09/2011,SWF,NY,AEA,EN,Federal Contract Tower,11,24,29,3,67,0,11,47,9,67,11,35,76,12,134,56,0,56,190
11/10/2011,SWF,NY,AEA,EN,Federal Contract Tower,19,32,22,1,74,0,2,26,4,32,19,34,48,5,106,14,0,14,120
11/11/2011,SWF,NY,AEA,EN,Federal Contract Tower,14,17,13,1,45,0,2,11,0,13,14,19,24,1,58,6,0,6,64
11/12/2011,SWF,NY,AEA,EN,Federal Contract Tower,8,11,11,0,30,0,11,21,1,33,8,22,32,1,63,14,0,14,77
11/13/2011,SWF,NY,AEA,EN,Federal Contract Tower,5,22,18,0,45,0,4,62,0,66,5,26,80,0,111,106,0,106,217
11/14/2011,SWF,NY,AEA,EN,Federal Contract Tower,5,29,23,14,71,0,3,29,3,35,5,32,52,17,106,12,6,18,124
11/15/2011,SWF,NY,AEA,EN,Federal Contract Tower,10,23,17,6,56,0,1,18,5,24,10,24,35,11,80,0,8,8,88
11/16/2011,SWF,NY,AEA,EN,Federal Contract Tower,16,13,15,1,45,0,1,9,0,10,16,14,24,1,55,0,0,0,55
11/17/2011,SWF,NY,AEA,EN,Federal Contract Tower,14,18,16,3,51,0,1,16,6,23,14,19,32,9,74,6,16,22,96
11/18/2011,SWF,NY,AEA,EN,Federal Contract Tower,12,26,23,1,62,0,6,45,0,51,12,32,68,1,113,66,0,66,179
11/19/2011,SWF,NY,AEA,EN,Federal Contract Tower,7,15,16,2,40,0,3,35,0,38,7,18,51,2,78,70,0,70,148
11/20/2011,SWF,NY,AEA,EN,Federal Contract Tower,9,25,23,0,57,0,4,62,0,66,9,29,85,0,123,12,0,12,135
11/21/2011,SWF,NY,AEA,EN,Federal Contract Tower,9,20,28,9,66,0,1,44,1,46,9,21,72,10,112,8,10,18,130
11/22/2011,SWF,NY,AEA,EN,Federal Contract Tower,15,17,23,9,64,0,0,0,0,0,15,17,23,9,64,0,0,0,64
11/23/2011,SWF,NY,AEA,EN,Federal Contract Tower,15,19,14,3,51,0,0,2,0,2,15,19,16,3,53,0,0,0,53
11/24/2011,SWF,NY,AEA,EN,Federal Contract Tower,9,11,3,0,23,0,3,15,0,18,9,14,18,0,41,20,0,20,61
11/25/2011,SWF,NY,AEA,EN,Federal Contract Tower,15,6,5,0,26,0,0,38,0,38,15,6,43,0,64,92,0,92,156
11/26/2011,SWF,NY,AEA,EN,Federal Contract Tower,9,17,11,2,39,0,3,56,0,59,9,20,67,2,98,72,0,72,170
11/27/2011,SWF,NY,AEA,EN,Federal Contract Tower,6,29,17,0,52,0,3,53,0,56,6,32,70,0,108,44,0,44,152
11/28/2011,SWF,NY,AEA,EN,Federal Contract Tower,9,24,25,1,59,0,3,44,2,49,9,27,69,3,108,12,0,12,120
11/29/2011,SWF,NY,AEA,EN,Federal Contract Tower,15,22,23,32,92,0,0,1,0,1,15,22,24,32,93,0,0,0,93
11/30/2011,SWF,NY,AEA,EN,Federal Contract Tower,19,19,19,4,61,0,1,16,1,18,19,20,35,5,79,0,0,0,79
12/01/2011,SWF,NY,AEA,EN,Federal Contract Tower,13,18,21,10,62,0,4,21,3,28,13,22,42,13,90,26,14,40,130
12/02/2011,SWF,NY,AEA,EN,Federal Contract Tower,11,23,19,4,57,0,7,57,1,65,11,30,76,5,122,66,0,66,188
12/03/2011,SWF,NY,AEA,EN,Federal Contract Tower,5,13,15,4,37,0,4,68,0,72,5,17,83,4,109,64,4,68,177
12/04/2011,SWF,NY,AEA,EN,Federal Contract Tower,6,24,27,1,58,0,5,82,0,87,6,29,109,1,145,74,0,74,219
12/05/2011,SWF,NY,AEA,EN,Federal Contract Tower,8,44,43,3,98,0,5,50,2,57,8,49,93,5,155,16,0,16,171
12/06/2011,SWF,NY,AEA,EN,Federal Contract Tower,14,26,24,4,68,0,0,0,0,0,14,26,24,4,68,0,0,0,68
12/07/2011,SWF,NY,AEA,EN,Federal Contract Tower,20,13,16,3,52,0,0,0,0,0,20,13,16,3,52,0,0,0,52
12/08/2011,SWF,NY,AEA,EN,Federal Contract Tower,14,17,19,7,57,0,3,34,5,42,14,20,53,12,99,26,10,36,135
12/09/2011,SWF,NY,AEA,EN,Federal Contract Tower,16,16,11,2,45,0,4,36,0,40,16,20,47,2,85,46,0,46,131
12/10/2011,SWF,NY,AEA,EN,Federal Contract Tower,5,12,17,0,34,0,6,46,0,52,5,18,63,0,86,30,0,30,116
12/11/2011,SWF,NY,AEA,EN,Federal Contract Tower,6,19,21,1,47,0,1,75,0,76,6,20,96,1,123,28,0,28,151
12/12/2011,SWF,NY,AEA,EN,Federal Contract Tower,10,17,8,4,39,0,4,41,4,49,10,21,49,8,88,26,0,26,114
12/13/2011,SWF,NY,AEA,EN,Federal Contract Tower,16,21,20,9,66,0,9,61,4,74,16,30,81,13,140,38,10,48,188
12/14/2011,SWF,NY,AEA,EN,Federal Contract Tower,18,18,24,5,65,0,6,36,3,45,18,24,60,8,110,40,2,42,152
12/15/2011,SWF,NY,AEA,EN,Federal Contract Tower,14,16,12,6,48,0,0,7,4,11,14,16,19,10,59,16,6,22,81
12/16/2011,SWF,NY,AEA,EN,Federal Contract Tower,15,22,16,1,54,0,0,47,2,49,15,22,63,3,103,10,0,10,113
12/17/2011,SWF,NY,AEA,EN,Federal Contract Tower,10,15,16,1,42,0,0,57,0,57,10,15,73,1,99,96,0,96,195
12/18/2011,SWF,NY,AEA,EN,Federal Contract Tower,8,26,20,1,55,0,5,38,0,43,8,31,58,1,98,72,0,72,170
12/19/2011,SWF,NY,AEA,EN,Federal Contract Tower,10,15,17,11,53,0,2,55,4,61,10,17,72,15,114,68,2,70,184
12/20/2011,SWF,NY,AEA,EN,Federal Contract Tower,14,21,21,10,66,0,3,21,4,28,14,24,42,14,94,10,4,14,108
12/21/2011,SWF,NY,AEA,EN,Federal Contract Tower,15,18,26,1,60,0,0,0,0,0,15,18,26,1,60,0,0,0,60
12/22/2011,SWF,NY,AEA,EN,Federal Contract Tower,13,15,24,7,59,0,4,51,2,57,13,19,75,9,116,48,20,68,184
12/23/2011,SWF,NY,AEA,EN,Federal Contract Tower,14,19,13,0,46,0,1,42,0,43,14,20,55,0,89,20,0,20,109
12/24/2011,SWF,NY,AEA,EN,Federal Contract Tower,11,14,10,0,35,0,1,38,0,39,11,15,48,0,74,6,0,6,80
12/25/2011,SWF,NY,AEA,EN,Federal Contract Tower,6,14,1,0,21,0,0,0,0,0,6,14,1,0,21,0,0,0,21
12/26/2011,SWF,NY,AEA,EN,Federal Contract Tower,9,24,18,0,51,0,2,20,0,22,9,26,38,0,73,16,0,16,89
12/27/2011,SWF,NY,AEA,EN,Federal Contract Tower,13,21,10,2,46,0,4,9,0,13,13,25,19,2,59,0,0,0,59
12/28/2011,SWF,NY,AEA,EN,Federal Contract Tower,17,21,9,2,49,0,0,0,0,0,17,21,9,2,49,0,0,0,49
12/29/2011,SWF,NY,AEA,EN,Federal Contract Tower,15,26,24,0,65,0,1,63,0,64,15,27,87,0,129,62,0,62,191
12/30/2011,SWF,NY,AEA,EN,Federal Contract Tower,14,24,6,0,44,0,2,45,0,47,14,26,51,0,91,22,0,22,113
12/31/2011,SWF,NY,AEA,EN,Federal Contract Tower,8,14,7,0,29,0,2,10,12,24,8,16,17,12,53,6,0,6,59
01/01/2012,SWF,NY,AEA,EN,Federal Contract Tower,10,20,8,0,38,0,3,24,2,29,10,23,32,2,67,16,0,16,83
01/02/2012,SWF,NY,AEA,EN,Federal Contract Tower,11,22,19,0,52,0,9,20,0,29,11,31,39,0,81,8,0,8,89
01/03/2012,SWF,NY,AEA,EN,Federal Contract Tower,12,25,8,4,49,0,5,13,0,18,12,30,21,4,67,20,0,20,87
01/04/2012,SWF,NY,AEA,EN,Federal Contract Tower,14,24,16,1,55,0,0,0,0,0,14,24,16,1,55,22,0,22,77
01/05/2012,SWF,NY,AEA,EN,Federal Contract Tower,12,19,12,1,44,0,2,17,0,19,12,21,29,1,63,20,0,20,83
01/06/2012,SWF,NY,AEA,EN,Federal Contract Tower,11,21,17,7,56,0,9,43,2,54,11,30,60,9,110,18,2,20,130
01/07/2012,SWF,NY,AEA,EN,Federal Contract Tower,5,13,22,0,40,0,6,70,0,76,5,19,92,0,116,36,0,36,152
01/08/2012,SWF,NY,AEA,EN,Federal Contract Tower,8,16,29,3,56,0,2,44,3,49,8,18,73,6,105,36,0,36,141
01/09/2012,SWF,NY,AEA,EN,Federal Contract Tower,10,18,13,6,47,0,4,19,3,26,10,22,32,9,73,14,0,14,87
01/10/2012,SWF,NY,AEA,EN,Federal Contract Tower,12,21,21,4,58,0,2,30,4,36,12,23,51,8,94,8,6,14,108
01/11/2012,SWF,NY,AEA,EN,Federal Contract Tower,14,18,27,2,61,0,4,40,0,44,14,22,67,2,105,24,0,24,129
01/12/2012,SWF,NY,AEA,EN,Federal Contract Tower,11,21,18,1,51,0,0,0,0,0,11,21,18,1,51,0,0,0,51
01/13/2012,SWF,NY,AEA,EN,Federal Contract Tower,10,27,24,1,62,0,0,7,0,7,10,27,31,1,69,0,0,0,69
01/14/2012,SWF,NY,AEA,EN,Federal Contract Tower,6,17,6,0,29,0,2,15,0,17,6,19,21,0,46,20,0,20,66
01/15/2012,SWF,NY,AEA,EN,Federal Contract Tower,6,18,11,0,35,0,2,37,2,41,6,20,48,2,76,38,0,38,114
01/16/2012,SWF,NY,AEA,EN,Federal Contract Tower,8,20,12,0,40,0,4,19,0,23,8,24,31,0,63,0,0,0,63
01/17/2012,SWF,NY,AEA,EN,Federal Contract Tower,12,20,19,5,56,0,2,0,0,2,12,22,19,5,58,0,0,0,58
01/18/2012,SWF,NY,AEA,EN,Federal Contract Tower,16,22,21,4,63,0,1,47,4,52,16,23,68,8,115,0,8,8,123
01/19/2012,SWF,NY,AEA,EN,Federal Contract Tower,11,20,25,3,59,0,6,41,3,50,11,26,66,6,109,0,0,0,109
01/20/2012,SWF,NY,AEA,EN,Federal Contract Tower,11,20,9,3,43,0,3,62,3,68,11,23,71,6,111,52,0,52,163
01/21/2012,SWF,NY,AEA,EN,Federal Contract Tower,5,11,1,2,19,0,0,0,0,0,5,11,1,2,19,0,0,0,19
01/22/2012,SWF,NY,AEA,EN,Federal Contract Tower,5,20,28,5,58,0,2,19,0,21,5,22,47,5,79,24,0,24,103
01/23/2012,SWF,NY,AEA,EN,Federal Contract Tower,9,16,12,16,53,0,0,0,0,0,9,16,12,16,53,0,0,0,53
01/24/2012,SWF,NY,AEA,EN,Federal Contract Tower,12,19,24,15,70,0,5,25,5,35,12,24,49,20,105,6,34,40,145
01/25/2012,SWF,NY,AEA,EN,Federal Contract Tower,11,23,15,2,51,0,5,57,3,65,11,28,72,5,116,52,0,52,168
01/26/2012,SWF,NY,AEA,EN,Federal Contract Tower,13,25,20,5,63,0,0,4,0,4,13,25,24,5,67,0,0,0,67
01/27/2012,SWF,NY,AEA,EN,Federal Contract Tower,15,20,13,1,49,0,0,2,0,2,15,20,15,1,51,0,0,0,51
01/28/2012,SWF,NY,AEA,EN,Federal Contract Tower,6,13,8,3,30,0,11,70,1,82,6,24,78,4,112,170,0,170,282
01/29/2012,SWF,NY,AEA,EN,Federal Contract Tower,10,16,12,0,38,0,4,60,1,65,10,20,72,1,103,168,0,168,271
01/30/2012,SWF,NY,AEA,EN,Federal Contract Tower,6,20,8,1,35,0,4,14,3,21,6,24,22,4,56,48,0,48,104
01/31/2012,SWF,NY,AEA,EN,Federal Contract Tower,10,18,14,15,57,0,0,35,2,37,10,18,49,17,94,12,34,46,140
02/01/2012,SWF,NY,AEA,EN,Federal Contract Tower,13,25,14,5,57,0,2,40,0,42,13,27,54,5,99,34,0,34,133
02/02/2012,SWF,NY,AEA,EN,Federal Contract Tower,11,19,15,10,55,0,8,23,5,36,11,27,38,15,91,44,10,54,145
02/03/2012,SWF,NY,AEA,EN,Federal Contract Tower,11,22,19,2,54,0,8,45,4,57,11,30,64,6,111,84,0,84,195
02/04/2012,SWF,NY,AEA,EN,Federal Contract Tower,8,13,8,0,29,0,5,72,0,77,8,18,80,0,106,80,0,80,186
02/05/2012,SWF,NY,AEA,EN,Federal Contract Tower,12,22,18,1,53,0,2,53,0,55,12,24,71,1,108,42,0,42,150
02/06/2012,SWF,NY,AEA,EN,Federal Contract Tower,13,19,19,2,53,0,2,44,6,52,13,21,63,8,105,40,0,40,145
02/07/2012,SWF,NY,AEA,EN,Federal Contract Tower,11,22,26,11,70,0,8,34,7,49,11,30,60,18,119,34,10,44,163
02/08/2012,SWF,NY,AEA,EN,Federal Contract Tower,11,15,13,5,44,0,4,40,8,52,11,19,53,13,96,30,38,68,164
02/09/2012,SWF,NY,AEA,EN,Federal Contract Tower,11,29,21,4,65,0,3,42,3,48,11,32,63,7,113,18,0,18,131
02/10/2012,SWF,NY,AEA,EN,Federal Contract Tower,8,22,27,6,63,0,4,32,4,40,8,26,59,10,103,6,0,6,109
02/11/2012,SWF,NY,AEA,EN,Federal Contract Tower,8,13,8,3,32,0,0,2,0,2,8,13,10,3,34,0,0,0,34
02/12/2012,SWF,NY,AEA,EN,Federal Contract Tower,9,14,8,14,45,0,4,6,6,16,9,18,14,20,61,6,26,32,93
02/13/2012,SWF,NY,AEA,EN,Federal Contract Tower,8,18,23,7,56,0,3,15,5,23,8,21,38,12,79,4,0,4,83
02/14/2012,SWF,NY,AEA,EN,Federal Contract Tower,14,18,14,12,58,0,9,33,3,45,14,27,47,15,103,56,0,56,159
02/15/2012,SWF,NY,AEA,EN,Federal Contract Tower,14,19,22,0,55,0,2,27,0,29,14,21,49,0,84,0,0,0,84
02/16/2012,SWF,NY,AEA,EN,Federal Contract Tower,12,18,18,3,51,0,0,0,0,0,12,18,18,3,51,0,0,0,51
02/17/2012,SWF,NY,AEA,EN,Federal Contract Tower,14,18,23,7,62,0,3,54,0,57,14,21,77,7,119,70,0,70,189
02/18/2012,SWF,NY,AEA,EN,Federal Contract Tower,9,14,15,4,42,0,7,38,1,46,9,21,53,5,88,24,0,24,112
02/19/2012,SWF,NY,AEA,EN,Federal Contract Tower,10,16,16,0,42,0,4,33,0,37,10,20,49,0,79,86,0,86,165
02/20/2012,SWF,NY,AEA,EN,Federal Contract Tower,9,22,17,2,50,0,3,42,0,45,9,25,59,2,95,48,0,48,143
02/21/2012,SWF,NY,AEA,EN,Federal Contract Tower,18,20,22,1,61,0,4,32,0,36,18,24,54,1,97,44,0,44,141
02/22/2012,SWF,NY,AEA,EN,Federal Contract Tower,12,24,21,2,59,0,7,52,4,63,12,31,73,6,122,20,2,22,144
02/23/2012,SWF,NY,AEA,EN,Federal Contract Tower,14,22,19,7,62,0,8,44,11,63,14,30,63,18,125,0,16,16,141
02/24/2012,SWF,NY,AEA,EN,Federal Contract Tower,19,17,13,4,53,0,0,1,0,1,19,17,14,4,54,0,0,0,54
02/25/2012,SWF,NY,AEA,EN,Federal Contract Tower,9,15,9,1,34,0,0,2,0,2,9,15,11,1,36,0,0,0,36
02/26/2012,SWF,NY,AEA,EN,Federal Contract Tower,10,22,15,2,49,0,4,37,0,41,10,26,52,2,90,72,0,72,162
02/27/2012,SWF,NY,AEA,EN,Federal Contract Tower,22,22,17,2,63,0,0,26,0,26,22,22,43,2,89,14,0,14,103
02/28/2012,SWF,NY,AEA,EN,Federal Contract Tower,11,24,14,8,57,0,3,69,6,78,11,27,83,14,135,98,4,102,237
02/29/2012,SWF,NY,AEA,EN,Federal Contract Tower,13,14,10,4,41,0,0,0,2,2,13,14,10,6,43,0,0,0,43
03/01/2012,SWF,NY,AEA,EN,Federal Contract Tower,14,24,14,10,62,0,0,0,0,0,14,24,14,10,62,0,0,0,62
03/02/2012,SWF,NY,AEA,EN,Federal Contract Tower,15,18,21,2,56,0,0,22,2,24,15,18,43,4,80,0,0,0,80
03/03/2012,SWF,NY,AEA,EN,Federal Contract Tower,10,21,10,3,44,0,0,0,0,0,10,21,10,3,44,0,0,0,44
03/04/2012,SWF,NY,AEA,EN,Federal Contract Tower,10,16,20,3,49,0,1,19,0,20,10,17,39,3,69,42,0,42,111
03/05/2012,SWF,NY,AEA,EN,Federal Contract Tower,10,19,14,5,48,0,0,35,2,37,10,19,49,7,85,0,0,0,85
03/06/2012,SWF,NY,AEA,EN,Federal Contract Tower,13,19,19,29,80,0,14,106,13,133,13,33,125,42,213,90,36,126,339
03/07/2012,SWF,NY,AEA,EN,Federal Contract Tower,14,21,14,3,52,0,7,66,8,81,14,28,80,11,133,42,0,42,175
03/08/2012,SWF,NY,AEA,EN,Federal Contract Tower,14,20,17,2,53,0,13,18,2,33,14,33,35,4,86,0,0,0,86
03/09/2012,SWF,NY,AEA,EN,Federal Contract Tower,19,24,13,16,72,0,9,34,11,54,19,33,47,27,126,20,0,20,146
03/10/2012,SWF,NY,AEA,EN,Federal Contract Tower,7,11,8,5,31,0,2,25,1,28,7,13,33,6,59,12,0,12,71
03/11/2012,SWF,NY,AEA,EN,Federal Contract Tower,8,22,16,1,47,0,1,61,1,63,8,23,77,2,110,50,0,50,160
03/12/2012,SWF,NY,AEA,EN,Federal Contract Tower,8,21,19,7,55,0,3,69,3,75,8,24,88,10,130,18,0,18,148
03/13/2012,SWF,NY,AEA,EN,Federal Contract Tower,12,23,24,6,65,0,12,46,7,65,12,35,70,13,130,50,12,62,192
03/14/2012,SWF,NY,AEA,EN,Federal Contract Tower,16,20,10,5,51,0,10,42,9,61,16,30,52,14,112,88,0,88,200
03/15/2012,SWF,NY,AEA,EN,Federal Contract Tower,17,24,40,8,89,0,1,41,6,48,17,25,81,14,137,20,4,24,161
03/16/2012,SWF,NY,AEA,EN,Federal Contract Tower,20,22,36,3,81,0,0,4,0,4,20,22,40,3,85,18,0,18,103
03/17/2012,SWF,NY,AEA,EN,Federal Contract Tower,10,12,10,1,33,0,4,27,0,31,10,16,37,1,64,20,0,20,84
03/18/2012,SWF,NY,AEA,EN,Federal Contract Tower,9,21,19,2,51,0,4,29,0,33,9,25,48,2,84,0,0,0,84
03/19/2012,SWF,NY,AEA,EN,Federal Contract Tower,9,17,16,3,45,0,3,55,4,62,9,20,71,7,107,44,0,44,151
03/20/2012,SWF,NY,AEA,EN,Federal Contract Tower,19,30,11,6,66,0,2,40,0,42,19,32,51,6,108,40,26,66,174
03/21/2012,SWF,NY,AEA,EN,Federal Contract Tower,16,27,29,11,83,0,2,13,6,21,16,29,42,17,104,0,10,10,114
03/22/2012,SWF,NY,AEA,EN,Federal Contract Tower,16,19,19,7,61,0,8,35,7,50,16,27,54,14,111,16,16,32,143
03/23/2012,SWF,NY,AEA,EN,Federal Contract Tower,16,16,26,6,64,0,0,7,0,7,16,16,33,6,71,36,8,44,115
03/24/2012,SWF,NY,AEA,EN,Federal Contract Tower,9,10,5,2,26,0,1,30,0,31,9,11,35,2,57,56,0,56,113
03/25/2012,SWF,NY,AEA,EN,Federal Contract Tower,6,21,30,1,58,0,0,20,0,20,6,21,50,1,78,10,0,10,88
03/26/2012,SWF,NY,AEA,EN,Federal Contract Tower,9,22,15,5,51,0,6,26,8,40,9,28,41,13,91,0,0,0,91
03/27/2012,SWF,NY,AEA,EN,Federal Contract Tower,12,20,16,3,51,0,8,51,10,69,12,28,67,13,120,24,0,24,144
03/28/2012,SWF,NY,AEA,EN,Federal Contract Tower,16,17,20,11,64,0,4,25,1,30,16,21,45,12,94,12,2,14,108
03/29/2012,SWF,NY,AEA,EN,Federal Contract Tower,15,22,15,11,63,0,6,44,12,62,15,28,59,23,125,0,78,78,203
03/30/2012,SWF,NY,AEA,EN,Federal Contract Tower,17,16,17,5,55,0,4,55,3,62,17,20,72,8,117,46,0,46,163
03/31/2012,SWF,NY,AEA,EN,Federal Contract Tower,8,18,10,1,37,0,0,8,0,8,8,18,18,1,45,0,0,0,45
04/01/2012,SWF,NY,AEA,EN,Federal Contract Tower,7,22,13,4,46,0,2,25,0,27,7,24,38,4,73,26,0,26,99
04/02/2012,SWF,NY,AEA,EN,Federal Contract Tower,8,21,17,13,59,0,5,27,7,39,8,26,44,20,98,4,0,4,102
04/03/2012,SWF,NY,AEA,EN,Federal Contract Tower,13,24,12,4,53,0,4,41,12,57,13,28,53,16,110,10,0,10,120
04/04/2012,SWF,NY,AEA,EN,Federal Contract Tower,17,18,11,28,74,0,6,51,4,61,17,24,62,32,135,30,20,50,185
04/05/2012,SWF,NY,AEA,EN,Federal Contract Tower,15,19,20,9,63,0,7,29,6,42,15,26,49,15,105,8,17,25,130
04/06/2012,SWF,NY,AEA,EN,Federal Contract Tower,17,21,14,2,54,0,11,58,5,74,17,32,72,7,128,48,0,48,176
04/07/2012,SWF,NY,AEA,EN,Federal Contract Tower,9,13,7,0,29,0,4,34,0,38,9,17,41,0,67,90,0,90,157
04/08/2012,SWF,NY,AEA,EN,Federal Contract Tower,7,19,10,0,36,0,4,24,0,28,7,23,34,0,64,8,0,8,72
04/09/2012,SWF,NY,AEA,EN,Federal Contract Tower,8,24,28,1,61,0,1,5,0,6,8,25,33,1,67,0,0,0,67
04/10/2012,SWF,NY,AEA,EN,Federal Contract Tower,13,19,12,7,51,0,5,32,5,42,13,24,44,12,93,22,22,44,137
04/11/2012,SWF,NY,AEA,EN,Federal Contract Tower,20,14,17,28,79,0,7,25,11,43,20,21,42,39,122,20,0,20,142
04/12/2012,SWF,NY,AEA,EN,Federal Contract Tower,16,16,14,9,55,0,8,30,9,47,16,24,44,18,102,4,12,16,118
04/13/2012,SWF,NY,AEA,EN,Federal Contract Tower,12,18,9,3,42,0,3,46,5,54,12,21,55,8,96,0,0,0,96
04/14/2012,SWF,NY,AEA,EN,Federal Contract Tower,10,16,11,2,39,0,5,88,8,101,10,21,99,10,140,128,0,128,268
04/15/2012,SWF,NY,AEA,EN,Federal Contract Tower,8,24,25,4,61,0,8,61,4,73,8,32,86,8,134,82,0,82,216
04/16/2012,SWF,NY,AEA,EN,Federal Contract Tower,7,21,11,2,41,0,15,33,1,49,7,36,44,3,90,10,0,10,100
04/17/2012,SWF,NY,AEA,EN,Federal Contract Tower,13,20,12,17,62,0,22,60,23,105,13,42,72,40,167,2,20,22,189
04/18/2012,SWF,NY,AEA,EN,Federal Contract Tower,17,19,7,7,50,0,11,64,7,82,17,30,71,14,132,56,0,56,188
04/19/2012,SWF,NY,AEA,EN,Federal Contract Tower,17,19,18,5,59,0,8,41,12,61,17,27,59,17,120,8,18,26,146
04/20/2012,SWF,NY,AEA,EN,Federal Contract Tower,14,22,16,12,64,0,13,47,6,66,14,35,63,18,130,34,0,34,164
04/21/2012,SWF,NY,AEA,EN,Federal Contract Tower,10,21,17,2,50,0,3,19,2,24,10,24,36,4,74,30,0,30,104
04/22/2012,SWF,NY,AEA,EN,Federal Contract Tower,5,27,19,7,58,0,1,1,0,2,5,28,20,7,60,6,0,6,66
04/23/2012,SWF,NY,AEA,EN,Federal Contract Tower,8,25,14,1,48,0,0,0,0,0,8,25,14,1,48,0,0,0,48
04/24/2012,SWF,NY,AEA,EN,Federal Contract Tower,15,21,17,6,59,0,10,33,1,44,15,31,50,7,103,32,0,32,135
04/25/2012,SWF,NY,AEA,EN,Federal Contract Tower,17,24,17,3,61,0,6,19,7,32,17,30,36,10,93,16,6,22,115
04/26/2012,SWF,NY,AEA,EN,Federal Contract Tower,13,15,9,8,45,0,8,25,1,34,13,23,34,9,79,14,10,24,103
04/27/2012,SWF,NY,AEA,EN,Federal Contract Tower,12,28,24,9,73,0,6,45,8,59,12,34,69,17,132,8,34,42,174
04/28/2012,SWF,NY,AEA,EN,Federal Contract Tower,6,15,21,4,46,0,10,92,4,106,6,25,113,8,152,182,0,182,334
04/29/2012,SWF,NY,AEA,EN,Federal Contract Tower,4,26,10,1,41,0,6,75,0,81,4,32,85,1,122,40,0,40,162
04/30/2012,SWF,NY,AEA,EN,Federal Contract Tower,5,20,29,4,58,0,5,81,5,91,5,25,110,9,149,50,0,50,199
05/01/2012,SWF,NY,AEA,EN,Federal Contract Tower,12,23,13,8,56,0,2,23,2,27,12,25,36,10,83,0,6,6,89
05/02/2012,SWF,NY,AEA,EN,Federal Contract Tower,14,18,30,2,64,0,4,9,0,13,14,22,39,2,77,0,0,0,77
05/03/2012,SWF,NY,AEA,EN,Federal Contract Tower,15,20,29,25,89,0,0,0,0,0,15,20,29,25,89,0,0,0,89
05/04/2012,SWF,NY,AEA,EN,Federal Contract Tower,12,19,27,3,61,0,4,21,2,27,12,23,48,5,88,0,0,0,88
05/05/2012,SWF,NY,AEA,EN,Federal Contract Tower,7,13,19,2,41,0,5,35,2,42,7,18,54,4,83,8,0,8,91
05/06/2012,SWF,NY,AEA,EN,Federal Contract Tower,4,22,18,2,46,0,8,44,0,52,4,30,62,2,98,10,0,10,108
05/07/2012,SWF,NY,AEA,EN,Federal Contract Tower,6,20,28,8,62,0,5,50,3,58,6,25,78,11,120,28,0,28,148
05/08/2012,SWF,NY,AEA,EN,Federal Contract Tower,13,27,27,11,78,0,4,9,0,13,13,31,36,11,91,0,0,0,91
05/09/2012,SWF,NY,AEA,EN,Federal Contract Tower,16,22,15,7,60,0,4,20,2,26,16,26,35,9,86,8,24,32,118
05/10/2012,SWF,NY,AEA,EN,Federal Contract Tower,15,21,22,9,67,0,6,33,7,46,15,27,55,16,113,16,30,46,159
05/11/2012,SWF,NY,AEA,EN,Federal Contract Tower,18,14,22,10,64,0,5,42,4,51,18,19,64,14,115,0,26,26,141
05/12/2012,SWF,NY,AEA,EN,Federal Contract Tower,5,11,29,0,45,0,9,84,5,98,5,20,113,5,143,88,0,88,231
05/13/2012,SWF,NY,AEA,EN,Federal Contract Tower,10,15,20,2,47,0,2,35,1,38,10,17,55,3,85,76,0,76,161
05/14/2012,SWF,NY,AEA,EN,Federal Contract Tower,8,19,21,6,54,0,3,23,0,26,8,22,44,6,80,0,0,0,80
05/15/2012,SWF,NY,AEA,EN,Federal Contract Tower,17,27,19,1,64,0,0,0,0,0,17,27,19,1,64,0,0,0,64
05/16/2012,SWF,NY,AEA,EN,Federal Contract Tower,18,20,28,18,84,0,5,4,6,15,18,25,32,24,99,16,26,42,141
05/17/2012,SWF,NY,AEA,EN,Federal Contract Tower,13,29,35,6,83,0,9,83,0,92,13,38,118,6,175,68,6,74,249
05/18/2012,SWF,NY,AEA,EN,Federal Contract Tower,16,23,20,4,63,0,4,84,3,91,16,27,104,7,154,46,0,46,200
05/19/2012,SWF,NY,AEA,EN,Federal Contract Tower,10,12,19,0,41,0,6,141,0,147,10,18,160,0,188,44,0,44,232
05/20/2012,SWF,NY,AEA,EN,Federal Contract Tower,7,17,18,2,44,0,4,50,1,55,7,21,68,3,99,32,0,32,131
05/21/2012,SWF,NY,AEA,EN,Federal Contract Tower,8,21,29,2,60,0,2,5,0,7,8,23,34,2,67,0,0,0,67
05/22/2012,SWF,NY,AEA,EN,Federal Contract Tower,15,24,21,12,72,0,2,8,4,14,15,26,29,16,86,0,8,8,94
05/23/2012,SWF,NY,AEA,EN,Federal Contract Tower,25,15,12,8,60,0,2,24,0,26,25,17,36,8,86,0,8,8,94
05/24/2012,SWF,NY,AEA,EN,Federal Contract Tower,17,30,22,10,79,0,3,8,11,22,17,33,30,21,101,0,32,32,133
05/25/2012,SWF,NY,AEA,EN,Federal Contract Tower,16,42,29,5,92,0,5,27,8,40,16,47,56,13,132,4,0,4,136
05/26/2012,SWF,NY,AEA,EN,Federal Contract Tower,6,24,18,6,54,0,25,14,6,45,6,49,32,12,99,0,0,0,99
05/27/2012,SWF,NY,AEA,EN,Federal Contract Tower,4,17,13,0,34,0,3,33,0,36,4,20,46,0,70,26,0,26,96
05/28/2012,SWF,NY,AEA,EN,Federal Contract Tower,7,24,25,1,57,0,3,21,0,24,7,27,46,1,81,0,0,0,81
05/29/2012,SWF,NY,AEA,EN,Federal Contract Tower,12,11,25,18,66,0,0,34,0,34,12,11,59,18,100,26,0,26,126
05/30/2012,SWF,NY,AEA,EN,Federal Contract Tower,17,17,14,10,58,0,3,28,3,34,17,20,42,13,92,52,14,66,158
05/31/2012,SWF,NY,AEA,EN,Federal Contract Tower,14,23,26,14,77,0,5,61,27,93,14,28,87,41,170,72,20,92,262
06/01/2012,SWF,NY,AEA,EN,Federal Contract Tower,13,23,29,8,73,0,15,79,4,98,13,38,108,12,171,60,8,68,239
06/02/2012,SWF,NY,AEA,EN,Federal Contract Tower,4,22,15,1,42,0,6,40,5,51,4,28,55,6,93,28,0,28,121
06/03/2012,SWF,NY,AEA,EN,Federal Contract Tower,9,23,15,6,53,0,7,41,15,63,9,30,56,21,116,36,0,36,152
06/04/2012,SWF,NY,AEA,EN,Federal Contract Tower,10,25,24,7,66,0,0,9,9,18,10,25,33,16,84,0,0,0,84
06/05/2012,SWF,NY,AEA,EN,Federal Contract Tower,14,22,22,5,63,0,5,24,18,47,14,27,46,23,110,20,2,22,132
06/06/2012,SWF,NY,AEA,EN,Federal Contract Tower,13,25,33,8,79,0,3,32,5,40,13,28,65,13,119,12,0,12,131
06/07/2012,SWF,NY,AEA,EN,Federal Contract Tower,13,26,26,16,81,0,7,68,119,194,13,33,94,135,275,0,16,16,291
06/08/2012,SWF,NY,AEA,EN,Federal Contract Tower,11,25,27,14,77,0,4,69,64,137,11,29,96,78,214,44,4,48,262
06/09/2012,SWF,NY,AEA,EN,Federal Contract Tower,13,16,12,7,48,0,0,48,28,76,13,16,60,35,124,30,4,34,158
06/10/2012,SWF,NY,AEA,EN,Federal Contract Tower,7,19,20,10,56,0,0,49,23,72,7,19,69,33,128,10,0,10,138
06/11/2012,SWF,NY,AEA,EN,Federal Contract Tower,12,21,13,1,47,0,0,15,14,29,12,21,28,15,76,0,0,0,76
06/12/2012,SWF,NY,AEA,EN,Federal Contract Tower,15,21,27,20,83,0,2,2,0,4,15,23,29,20,87,0,0,0,87
06/13/2012,SWF,NY,AEA,EN,Federal Contract Tower,11,24,29,7,71,0,1,38,4,43,11,25,67,11,114,34,32,66,180
06/14/2012,SWF,NY,AEA,EN,Federal Contract Tower,13,17,15,7,52,0,4,52,19,75,13,21,67,26,127,24,4,28,155
06/15/2012,SWF,NY,AEA,EN,Federal Contract Tower,10,25,17,11,63,0,3,74,2,79,10,28,91,13,142,46,6,52,194
06/16/2012,SWF,NY,AEA,EN,Federal Contract Tower,7,16,20,4,47,0,1,43,2,46,7,17,63,6,93,68,0,68,161
06/17/2012,SWF,NY,AEA,EN,Federal Contract Tower,6,30,27,2,65,0,0,35,2,37,6,30,62,4,102,34,0,34,136
06/18/2012,SWF,NY,AEA,EN,Federal Contract Tower,7,27,19,1,54,0,4,28,4,36,7,31,47,5,90,76,10,86,176
06/19/2012,SWF,NY,AEA,EN,Federal Contract Tower,15,22,13,14,64,0,3,34,15,52,15,25,47,29,116,44,10,54,170
06/20/2012,SWF,NY,AEA,EN,Federal Contract Tower,14,18,21,5,58,0,2,67,15,84,14,20,88,20,142,14,12,26,168
06/21/2012,SWF,NY,AEA,EN,Federal Contract Tower,14,19,19,11,63,0,4,59,6,69,14,23,78,17,132,30,44,74,206
06/22/2012,SWF,NY,AEA,EN,Federal Contract Tower,20,25,15,1,61,0,7,50,9,66,20,32,65,10,127,8,0,8,135
06/23/2012,SWF,NY,AEA,EN,Federal Contract Tower,10,19,11,0,40,0,4,68,0,72,10,23,79,0,112,70,0,70,182
06/24/2012,SWF,NY,AEA,EN,Federal Contract Tower,10,21,10,2,43,0,7,54,1,62,10,28,64,3,105,16,0,16,121
06/25/2012,SWF,NY,AEA,EN,Federal Contract Tower,13,17,10,5,45,0,1,6,0,7,13,18,16,5,52,0,0,0,52
06/26/2012,SWF,NY,AEA,EN,Federal Contract Tower,11,21,21,8,61,0,4,32,4,40,11,25,53,12,101,18,0,18,119
06/27/2012,SWF,NY,AEA,EN,Federal Contract Tower,13,24,19,24,80,0,10,51,5,66,13,34,70,29,146,48,28,76,222
06/28/2012,SWF,NY,AEA,EN,Federal Contract Tower,12,29,25,13,79,0,7,66,9,82,12,36,91,22,161,18,0,18,179
06/29/2012,SWF,NY,AEA,EN,Federal Contract Tower,19,23,10,3,55,0,5,43,2,50,19,28,53,5,105,28,2,30,135
06/30/2012,SWF,NY,AEA,EN,Federal Contract Tower,9,24,11,4,48,0,4,42,0,46,9,28,53,4,94,36,0,36,130
07/01/2012,SWF,NY,AEA,EN,Federal Contract Tower,8,24,18,3,53,0,3,39,8,50,8,27,57,11,103,20,0,20,123
07/02/2012,SWF,NY,AEA,EN,Federal Contract Tower,11,22,17,5,55,0,2,25,3,30,11,24,42,8,85,6,0,6,91
07/03/2012,SWF,NY,AEA,EN,Federal Contract Tower,14,19,14,0,47,0,3,31,1,35,14,22,45,1,82,0,0,0,82
07/04/2012,SWF,NY,AEA,EN,Federal Contract Tower,9,14,6,1,30,0,4,18,0,22,9,18,24,1,52,6,0,6,58
07/05/2012,SWF,NY,AEA,EN,Federal Contract Tower,12,25,22,7,66,0,4,35,2,41,12,29,57,9,107,40,20,60,167
07/06/2012,SWF,NY,AEA,EN,Federal Contract Tower,11,35,18,0,64,0,2,48,0,50,11,37,66,0,114,0,0,0,114
07/07/2012,SWF,NY,AEA,EN,Federal Contract Tower,7,21,6,2,36,0,4,46,0,50,7,25,52,2,86,4,0,4,90
07/08/2012,SWF,NY,AEA,EN,Federal Contract Tower,11,27,11,2,51,0,2,37,11,50,11,29,48,13,101,44,0,44,145
07/09/2012,SWF,NY,AEA,EN,Federal Contract Tower,13,19,20,4,56,0,2,34,19,55,13,21,54,23,111,52,0,52,163
07/10/2012,SWF,NY,AEA,EN,Federal Contract Tower,14,19,20,4,57,0,4,60,4,68,14,23,80,8,125,2,0,2,127
07/11/2012,SWF,NY,AEA,EN,Federal Contract Tower,18,26,15,9,68,0,16,88,0,104,18,42,103,9,172,36,14,50,222
07/12/2012,SWF,NY,AEA,EN,Federal Contract Tower,15,26,18,14,73,0,11,55,5,71,15,37,73,19,144,6,26,32,176
07/13/2012,SWF,NY,AEA,EN,Federal Contract Tower,13,24,17,2,56,0,4,45,2,51,13,28,62,4,107,18,0,18,125
07/14/2012,SWF,NY,AEA,EN,Federal Contract Tower,7,19,8,2,36,0,2,84,4,90,7,21,92,6,126,52,0,52,178
07/15/2012,SWF,NY,AEA,EN,Federal Contract Tower,8,23,20,3,54,0,3,44,7,54,8,26,64,10,108,19,0,19,127
07/16/2012,SWF,NY,AEA,EN,Federal Contract Tower,9,21,10,6,46,0,2,43,0,45,9,23,53,6,91,10,0,10,101
07/17/2012,SWF,NY,AEA,EN,Federal Contract Tower,14,31,22,6,73,0,9,84,57,150,14,40,106,63,223,36,22,58,281
07/18/2012,SWF,NY,AEA,EN,Federal Contract Tower,27,31,27,5,90,0,5,28,1,34,27,36,55,6,124,16,6,22,146
07/19/2012,SWF,NY,AEA,EN,Federal Contract Tower,12,24,24,10,70,0,6,55,34,95,12,30,79,44,165,24,18,42,207
07/20/2012,SWF,NY,AEA,EN,Federal Contract Tower,16,22,36,6,80,0,0,0,0,0,16,22,36,6,80,0,0,0,80
07/21/2012,SWF,NY,AEA,EN,Federal Contract Tower,8,19,12,3,42,0,3,47,5,55,8,22,59,8,97,36,1,37,134
07/22/2012,SWF,NY,AEA,EN,Federal Contract Tower,9,24,25,0,58,0,2,57,12,71,9,26,82,12,129,12,0,12,141
07/23/2012,SWF,NY,AEA,EN,Federal Contract Tower,9,23,12,8,52,0,1,15,7,23,9,24,27,15,75,4,0,4,79
07/24/2012,SWF,NY,AEA,EN,Federal Contract Tower,17,22,21,12,72,0,2,56,23,81,17,24,77,35,153,4,8,12,165
07/25/2012,SWF,NY,AEA,EN,Federal Contract Tower,13,30,16,9,68,0,12,75,12,99,13,42,91,21,167,26,6,32,199
07/26/2012,SWF,NY,AEA,EN,Federal Contract Tower,12,20,15,10,57,0,3,11,6,20,12,23,26,16,77,0,18,18,95
07/27/2012,SWF,NY,AEA,EN,Federal Contract Tower,19,21,21,3,64,0,5,34,3,42,19,26,55,6,106,0,0,0,106
07/28/2012,SWF,NY,AEA,EN,Federal Contract Tower,9,16,14,0,39,0,1,3,0,4,9,17,17,0,43,0,0,0,43
07/29/2012,SWF,NY,AEA,EN,Federal Contract Tower,5,26,15,3,49,0,0,33,0,33,5,26,48,3,82,0,0,0,82
07/30/2012,SWF,NY,AEA,EN,Federal Contract Tower,7,30,29,3,69,0,0,46,1,47,7,30,75,4,116,2,0,2,118
07/31/2012,SWF,NY,AEA,EN,Federal Contract Tower,15,18,21,19,73,0,4,64,7,75,15,22,85,26,148,22,36,58,206
08/01/2012,SWF,NY,AEA,EN,Federal Contract Tower,11,18,11,14,54,0,11,32,3,46,11,29,43,17,100,2,58,60,160
08/02/2012,SWF,NY,AEA,EN,Federal Contract Tower,11,23,18,5,57,0,0,32,0,32,11,23,50,5,89,0,14,14,103
08/03/2012,SWF,NY,AEA,EN,Federal Contract Tower,14,21,18,10,63,0,8,64,41,113,14,29,82,51,176,18,0,18,194
08/04/2012,SWF,NY,AEA,EN,Federal Contract Tower,10,18,18,5,51,0,5,19,2,26,10,23,37,7,77,10,0,10,87
08/05/2012,SWF,NY,AEA,EN,Federal Contract Tower,8,21,17,2,48,0,4,6,0,10,8,25,23,2,58,8,0,8,66
08/06/2012,SWF,NY,AEA,EN,Federal Contract Tower,10,17,14,7,48,0,1,49,3,53,10,18,63,10,101,38,0,38,139
08/07/2012,SWF,NY,AEA,EN,Federal Contract Tower,13,24,25,9,71,0,13,60,7,80,13,37,85,16,151,28,6,34,185
08/08/2012,SWF,NY,AEA,EN,Federal Contract Tower,16,18,23,9,66,0,7,37,3,47,16,25,60,12,113,22,10,32,145
08/09/2012,SWF,NY,AEA,EN,Federal Contract Tower,17,21,9,3,50,0,6,23,0,29,17,27,32,3,79,4,0,4,83
08/10/2012,SWF,NY,AEA,EN,Federal Contract Tower,16,21,21,7,65,0,6,42,11,59,16,27,63,18,124,21,4,25,149
08/11/2012,SWF,NY,AEA,EN,Federal Contract Tower,9,16,11,2,38,0,2,29,2,33,9,18,40,4,71,20,0,20,91
08/12/2012,SWF,NY,AEA,EN,Federal Contract Tower,8,21,29,0,58,0,5,74,0,79,8,26,103,0,137,38,0,38,175
08/13/2012,SWF,NY,AEA,EN,Federal Contract Tower,9,28,36,0,73,0,8,80,6,94,9,36,116,6,167,40,0,40,207
08/14/2012,SWF,NY,AEA,EN,Federal Contract Tower,13,20,21,22,76,0,5,60,2,67,13,25,81,24,143,36,48,84,227
08/15/2012,SWF,NY,AEA,EN,Federal Contract Tower,20,24,13,24,81,0,6,32,14,52,20,30,45,38,133,10,60,70,203
08/16/2012,SWF,NY,AEA,EN,Federal Contract Tower,14,20,31,2,67,0,6,49,6,61,14,26,80,8,128,0,0,0,128
08/17/2012,SWF,NY,AEA,EN,Federal Contract Tower,19,15,25,18,77,0,2,30,9,41,19,17,55,27,118,16,22,38,156
08/18/2012,SWF,NY,AEA,EN,Federal Contract Tower,9,21,5,1,36,0,3,17,0,20,9,24,22,1,56,12,0,12,68
08/19/2012,SWF,NY,AEA,EN,Federal Contract Tower,12,20,11,3,46,0,0,4,0,4,12,20,15,3,50,18,0,18,68
08/20/2012,SWF,NY,AEA,EN,Federal Contract Tower,10,25,15,0,50,0,6,35,4,45,10,31,50,4,95,0,0,0,95
08/21/2012,SWF,NY,AEA,EN,Federal Contract Tower,13,19,10,7,49,0,7,72,9,88,13,26,82,16,137,0,0,0,137
08/22/2012,SWF,NY,AEA,EN,Federal Contract Tower,12,28,10,9,59,0,6,45,4,55,12,34,55,13,114,46,22,68,182
08/23/2012,SWF,NY,AEA,EN,Federal Contract Tower,18,16,15,11,60,0,7,53,10,70,18,23,68,21,130,14,4,18,148
08/24/2012,SWF,NY,AEA,EN,Federal Contract Tower,18,20,19,7,64,0,9,57,6,72,18,29,76,13,136,44,0,44,180
08/25/2012,SWF,NY,AEA,EN,Federal Contract Tower,8,12,12,3,35,0,3,32,0,35,8,15,44,3,70,48,0,48,118
08/26/2012,SWF,NY,AEA,EN,Federal Contract Tower,8,23,20,3,54,0,12,73,1,86,8,35,93,4,140,26,0,26,166
08/27/2012,SWF,NY,AEA,EN,Federal Contract Tower,15,15,28,6,64,0,5,28,0,33,15,20,56,6,97,18,0,18,115
08/28/2012,SWF,NY,AEA,EN,Federal Contract Tower,14,20,23,6,63,0,9,52,0,61,14,29,75,6,124,14,0,14,138
08/29/2012,SWF,NY,AEA,EN,Federal Contract Tower,18,19,29,7,73,0,13,58,5,76,18,32,87,12,149,30,18,48,197
08/30/2012,SWF,NY,AEA,EN,Federal Contract Tower,16,24,18,6,64,0,9,39,5,53,16,33,57,11,117,16,10,26,143
08/31/2012,SWF,NY,AEA,EN,Federal Contract Tower,14,22,17,0,53,0,9,51,0,60,14,31,68,0,113,14,0,14,127
09/01/2012,SWF,NY,AEA,EN,Federal Contract Tower,7,14,6,0,27,0,2,28,0,30,7,16,34,0,57,4,0,4,61
09/02/2012,SWF,NY,AEA,EN,Federal Contract Tower,6,8,8,3,25,0,2,34,0,36,6,10,42,3,61,8,0,8,69
09/03/2012,SWF,NY,AEA,EN,Federal Contract Tower,5,13,16,1,35,0,2,30,0,32,5,15,46,1,67,4,0,4,71
09/04/2012,SWF,NY,AEA,EN,Federal Contract Tower,15,13,14,9,51,0,0,1,0,1,15,13,15,9,52,0,0,0,52
09/05/2012,SWF,NY,AEA,EN,Federal Contract Tower,12,16,21,3,52,0,3,29,4,36,12,19,50,7,88,10,8,18,106
09/06/2012,SWF,NY,AEA,EN,Federal Contract Tower,9,17,29,19,74,0,12,63,5,80,9,29,92,24,154,36,20,56,210
09/07/2012,SWF,NY,AEA,EN,Federal Contract Tower,14,21,15,6,56,0,8,53,23,84,14,29,68,29,140,60,8,68,208
09/08/2012,SWF,NY,AEA,EN,Federal Contract Tower,11,7,14,5,37,0,0,2,1,3,11,7,16,6,40,0,0,0,40
09/09/2012,SWF,NY,AEA,EN,Federal Contract Tower,6,15,14,10,45,0,6,77,3,86,6,21,91,13,131,160,42,202,333
09/10/2012,SWF,NY,AEA,EN,Federal Contract Tower,4,15,11,1,31,0,2,46,7,55,4,17,57,8,86,0,0,0,86
09/11/2012,SWF,NY,AEA,EN,Federal Contract Tower,10,16,28,2,56,0,8,65,22,95,10,24,93,24,151,50,12,62,213
09/12/2012,SWF,NY,AEA,EN,Federal Contract Tower,11,17,16,9,53,0,11,84,12,107,11,28,100,21,160,62,2,64,224
09/13/2012,SWF,NY,AEA,EN,Federal Contract Tower,11,23,23,2,59,0,5,44,15,64,11,28,67,17,123,24,34,58,181
09/14/2012,SWF,NY,AEA,EN,Federal Contract Tower,11,24,25,7,67,0,9,50,23,82,11,33,75,30,149,18,0,18,167
09/15/2012,SWF,NY,AEA,EN,Federal Contract Tower,6,12,11,2,31,0,3,39,5,47,6,15,50,7,78,10,0,10,88
09/16/2012,SWF,NY,AEA,EN,Federal Contract Tower,4,17,19,3,43,0,5,77,2,84,4,22,96,5,127,0,10,10,137
09/17/2012,SWF,NY,AEA,EN,Federal Contract Tower,5,18,24,5,52,0,7,54,8,69,5,25,78,13,121,36,26,62,183
09/18/2012,SWF,NY,AEA,EN,Federal Contract Tower,9,16,9,2,36,0,0,1,0,1,9,16,10,2,37,0,0,0,37
09/19/2012,SWF,NY,AEA,EN,Federal Contract Tower,13,19,17,10,59,0,6,36,6,48,13,25,53,16,107,23,16,39,146
09/20/2012,SWF,NY,AEA,EN,Federal Contract Tower,10,18,24,6,58,0,9,51,5,65,10,27,75,11,123,30,6,36,159
09/21/2012,SWF,NY,AEA,EN,Federal Contract Tower,13,19,32,5,69,0,8,62,4,74,13,27,94,9,143,26,0,26,169
09/22/2012,SWF,NY,AEA,EN,Federal Contract Tower,10,10,20,2,42,0,4,23,0,27,10,14,43,2,69,14,0,14,83
09/23/2012,SWF,NY,AEA,EN,Federal Contract Tower,7,16,28,3,54,0,10,89,0,99,7,26,117,3,153,146,0,146,299
09/24/2012,SWF,NY,AEA,EN,Federal Contract Tower,9,19,20,1,49,0,10,50,15,75,9,29,70,16,124,10,0,10,134
09/25/2012,SWF,NY,AEA,EN,Federal Contract Tower,10,21,14,1,46,0,4,53,4,61,10,25,67,5,107,30,0,30,137
09/26/2012,SWF,NY,AEA,EN,Federal Contract Tower,13,19,17,10,59,0,6,36,5,47,13,25,53,15,106,23,16,39,145
09/27/2012,SWF,NY,AEA,EN,Federal Contract Tower,14,18,15,6,53,0,4,22,7,33,14,22,37,13,86,0,4,4,90
09/28/2012,SWF,NY,AEA,EN,Federal Contract Tower,10,18,20,3,51,0,0,0,0,0,10,18,20,3,51,0,0,0,51
09/29/2012,SWF,NY,AEA,EN,Federal Contract Tower,6,17,28,9,60,0,5,39,2,46,6,22,67,11,106,8,0,8,114
09/30/2012,SWF,NY,AEA,EN,Federal Contract Tower,6,18,16,1,41,0,2,23,0,25,6,20,39,1,66,6,0,6,72
10/01/2012,SWF,NY,AEA,EN,Federal Contract Tower,6,16,10,6,38,0,6,41,5,52,6,22,51,11,90,12,4,16,106
10/02/2012,SWF,NY,AEA,EN,Federal Contract Tower,10,16,6,9,41,0,0,2,1,3,10,16,8,10,44,0,4,4,48
10/03/2012,SWF,NY,AEA,EN,Federal Contract Tower,7,6,7,2,22,0,0,0,0,0,7,6,7,2,22,0,0,0,22
10/04/2012,SWF,NY,AEA,EN,Federal Contract Tower,11,17,34,12,74,0,0,4,2,6,11,17,38,14,80,12,2,14,94
10/05/2012,SWF,NY,AEA,EN,Federal Contract Tower,11,20,25,2,58,2,4,60,9,75,13,24,85,11,133,28,0,28,161
10/06/2012,SWF,NY,AEA,EN,Federal Contract Tower,6,17,17,2,42,0,3,65,6,74,6,20,82,8,116,24,0,24,140
10/07/2012,SWF,NY,AEA,EN,Federal Contract Tower,4,21,14,0,39,0,3,40,0,43,4,24,54,0,82,130,0,130,212
10/08/2012,SWF,NY,AEA,EN,Federal Contract Tower,5,18,20,0,43,0,5,55,0,60,5,23,75,0,103,86,0,86,189
10/09/2012,SWF,NY,AEA,EN,Federal Contract Tower,10,19,15,28,72,0,5,32,3,40,10,24,47,31,112,44,2,46,158
10/10/2012,SWF,NY,AEA,EN,Federal Contract Tower,10,23,18,13,64,0,0,2,2,4,10,23,20,15,68,0,4,4,72
10/11/2012,SWF,NY,AEA,EN,Federal Contract Tower,10,16,17,11,54,0,17,60,7,84,10,33,77,18,138,10,14,24,162
10/12/2012,SWF,NY,AEA,EN,Federal Contract Tower,12,16,19,10,57,0,4,35,12,51,12,20,54,22,108,6,0,6,114
10/13/2012,SWF,NY,AEA,EN,Federal Contract Tower,6,13,7,17,43,0,10,81,14,105,6,23,88,31,148,56,20,76,224
10/14/2012,SWF,NY,AEA,EN,Federal Contract Tower,4,19,27,10,60,0,0,60,0,60,4,19,87,10,120,72,8,80,200
10/15/2012,SWF,NY,AEA,EN,Federal Contract Tower,4,13,20,7,44,0,4,20,2,26,4,17,40,9,70,0,0,0,70
10/16/2012,SWF,NY,AEA,EN,Federal Contract Tower,9,23,18,9,59,0,4,26,4,34,9,27,44,13,93,16,6,22,115
10/17/2012,SWF,NY,AEA,EN,Federal Contract Tower,15,21,36,11,83,0,3,40,5,48,15,24,76,16,131,14,0,14,145
10/18/2012,SWF,NY,AEA,EN,Federal Contract Tower,12,17,18,10,57,0,3,46,18,67,12,20,64,28,124,24,40,64,188
10/19/2012,SWF,NY,AEA,EN,Federal Contract Tower,13,21,12,7,53,0,0,0,0,0,13,21,12,7,53,0,0,0,53
10/20/2012,SWF,NY,AEA,EN,Federal Contract Tower,19,16,9,1,45,0,7,72,0,79,19,23,81,1,124,76,0,76,200
10/21/2012,SWF,NY,AEA,EN,Federal Contract Tower,4,16,20,0,40,0,5,83,0,88,4,21,103,0,128,92,0,92,220
10/22/2012,SWF,NY,AEA,EN,Federal Contract Tower,5,21,19,4,49,0,9,56,6,71,5,30,75,10,120,54,0,54,174
10/23/2012,SWF,NY,AEA,EN,Federal Contract Tower,9,18,28,9,64,0,3,16,2,21,9,21,44,11,85,0,0,0,85
10/24/2012,SWF,NY,AEA,EN,Federal Contract Tower,12,21,22,12,67,0,0,0,0,0,12,21,22,12,67,0,0,0,67
10/25/2012,SWF,NY,AEA,EN,Federal Contract Tower,11,16,33,3,63,0,1,6,0,7,11,17,39,3,70,6,0,6,76
10/26/2012,SWF,NY,AEA,EN,Federal Contract Tower,13,20,19,2,54,0,1,27,2,30,13,21,46,4,84,12,0,12,96
10/27/2012,SWF,NY,AEA,EN,Federal Contract Tower,6,13,28,2,49,0,3,48,3,54,6,16,76,5,103,0,0,0,103
10/28/2012,SWF,NY,AEA,EN,Federal Contract Tower,6,16,20,9,51,0,1,31,0,32,6,17,51,9,83,0,0,0,83
10/29/2012,SWF,NY,AEA,EN,Federal Contract Tower,2,3,0,4,9,0,0,0,0,0,2,3,0,4,9,0,0,0,9
10/30/2012,SWF,NY,AEA,EN,Federal Contract Tower,4,42,14,7,67,0,2,6,1,9,4,44,20,8,76,0,0,0,76
10/31/2012,SWF,NY,AEA,EN,Federal Contract Tower,12,48,24,9,93,0,5,22,1,28,12,53,46,10,121,0,0,0,121
11/01/2012,SWF,NY,AEA,EN,Federal Contract Tower,12,27,26,34,99,0,8,64,4,76,12,35,90,38,175,46,0,46,221
11/02/2012,SWF,NY,AEA,EN,Federal Contract Tower,6,17,28,28,79,0,53,14,0,67,6,70,42,28,146,42,32,74,220
11/03/2012,SWF,NY,AEA,EN,Federal Contract Tower,13,21,19,31,84,0,5,23,11,39,13,26,42,42,123,10,0,10,133
11/04/2012,SWF,NY,AEA,EN,Federal Contract Tower,4,17,18,26,65,0,2,44,12,58,4,19,62,38,123,22,0,22,145
11/05/2012,SWF,NY,AEA,EN,Federal Contract Tower,4,19,20,9,52,0,4,31,8,43,4,23,51,17,95,4,0,4,99
11/06/2012,SWF,NY,AEA,EN,Federal Contract Tower,11,24,14,8,57,0,8,47,9,64,11,32,61,17,121,24,0,24,145
11/07/2012,SWF,NY,AEA,EN,Federal Contract Tower,11,11,18,0,40,0,0,1,1,2,11,11,19,1,42,0,0,0,42
11/08/2012,SWF,NY,AEA,EN,Federal Contract Tower,8,18,18,1,45,0,7,42,9,58,8,25,60,10,103,0,18,18,121
11/09/2012,SWF,NY,AEA,EN,Federal Contract Tower,14,22,14,2,52,0,8,60,14,82,14,30,74,16,134,32,6,38,172
11/10/2012,SWF,NY,AEA,EN,Federal Contract Tower,5,14,32,7,58,0,10,60,11,81,5,24,92,18,139,22,0,22,161
11/11/2012,SWF,NY,AEA,EN,Federal Contract Tower,4,19,14,0,37,0,2,66,3,71,4,21,80,3,108,80,4,84,192
11/12/2012,SWF,NY,AEA,EN,Federal Contract Tower,11,25,34,2,72,0,4,27,6,37,11,29,61,8,109,2,0,2,111
11/13/2012,SWF,NY,AEA,EN,Federal Contract Tower,11,22,20,12,65,0,4,25,5,34,11,26,45,17,99,8,3,11,110
11/14/2012,SWF,NY,AEA,EN,Federal Contract Tower,11,17,18,12,58,0,6,51,44,101,11,23,69,56,159,12,0,12,171
11/15/2012,SWF,NY,AEA,EN,Federal Contract Tower,12,20,16,8,56,0,2,73,16,91,12,22,89,24,147,2,10,12,159
11/16/2012,SWF,NY,AEA,EN,Federal Contract Tower,11,18,18,2,49,0,8,60,4,72,11,26,78,6,121,10,0,10,131
11/17/2012,SWF,NY,AEA,EN,Federal Contract Tower,4,14,20,1,39,0,5,89,9,103,4,19,109,10,142,54,0,54,196
11/18/2012,SWF,NY,AEA,EN,Federal Contract Tower,7,14,11,4,36,0,7,58,1,66,7,21,69,5,102,36,0,36,138
11/19/2012,SWF,NY,AEA,EN,Federal Contract Tower,8,24,25,4,61,0,2,31,1,34,8,26,56,5,95,20,0,20,115
11/20/2012,SWF,NY,AEA,EN,Federal Contract Tower,13,17,18,17,65,0,4,38,11,53,13,21,56,28,118,26,20,46,164
11/21/2012,SWF,NY,AEA,EN,Federal Contract Tower,12,19,16,4,51,0,3,79,0,82,12,22,95,4,133,0,0,0,133
11/22/2012,SWF,NY,AEA,EN,Federal Contract Tower,6,7,7,0,20,0,2,12,0,14,6,9,19,0,34,0,0,0,34
11/23/2012,SWF,NY,AEA,EN,Federal Contract Tower,12,10,2,0,24,0,0,40,0,40,12,10,42,0,64,8,0,8,72
11/24/2012,SWF,NY,AEA,EN,Federal Contract Tower,9,16,6,0,31,0,0,6,0,6,9,16,12,0,37,0,0,0,37
11/25/2012,SWF,NY,AEA,EN,Federal Contract Tower,7,24,16,0,47,0,0,32,0,32,7,24,48,0,79,0,0,0,79
11/26/2012,SWF,NY,AEA,EN,Federal Contract Tower,7,22,10,8,47,0,6,54,7,67,7,28,64,15,114,54,10,64,178
11/27/2012,SWF,NY,AEA,EN,Federal Contract Tower,10,19,12,11,52,0,0,0,0,0,10,19,12,11,52,0,0,0,52
11/28/2012,SWF,NY,AEA,EN,Federal Contract Tower,10,14,24,7,55,0,6,71,15,92,10,20,95,22,147,20,24,44,191
11/29/2012,SWF,NY,AEA,EN,Federal Contract Tower,10,15,18,4,47,0,4,63,18,85,10,19,81,22,132,42,12,54,186
11/30/2012,SWF,NY,AEA,EN,Federal Contract Tower,11,18,21,3,53,0,11,35,2,48,11,29,56,5,101,24,0,24,125
12/01/2012,SWF,NY,AEA,EN,Federal Contract Tower,6,14,9,5,34,0,2,0,0,2,6,16,9,5,36,0,0,0,36
12/02/2012,SWF,NY,AEA,EN,Federal Contract Tower,4,15,12,0,31,0,0,2,0,2,4,15,14,0,33,4,0,4,37
12/03/2012,SWF,NY,AEA,EN,Federal Contract Tower,7,19,17,6,49,0,2,19,3,24,7,21,36,9,73,10,1,11,84
12/04/2012,SWF,NY,AEA,EN,Federal Contract Tower,17,15,34,12,78,0,5,13,2,20,17,20,47,14,98,0,0,0,98
12/05/2012,SWF,NY,AEA,EN,Federal Contract Tower,13,15,13,4,45,0,7,35,7,49,13,22,48,11,94,0,0,0,94
12/06/2012,SWF,NY,AEA,EN,Federal Contract Tower,11,20,19,5,55,0,8,41,2,51,11,28,60,7,106,40,0,40,146
12/07/2012,SWF,NY,AEA,EN,Federal Contract Tower,7,16,21,3,47,0,3,18,0,21,7,19,39,3,68,20,0,20,88
12/08/2012,SWF,NY,AEA,EN,Federal Contract Tower,7,14,11,2,34,0,3,28,3,34,7,17,39,5,68,22,2,24,92
12/09/2012,SWF,NY,AEA,EN,Federal Contract Tower,4,15,17,1,37,0,0,14,0,14,4,15,31,1,51,20,0,20,71
12/10/2012,SWF,NY,AEA,EN,Federal Contract Tower,4,18,18,2,42,0,0,0,0,0,4,18,18,2,42,0,0,0,42
12/11/2012,SWF,NY,AEA,EN,Federal Contract Tower,11,19,18,20,68,0,6,52,9,67,11,25,70,29,135,0,0,0,135
12/12/2012,SWF,NY,AEA,EN,Federal Contract Tower,16,13,21,8,58,0,5,41,4,50,16,18,62,12,108,38,22,60,168
12/13/2012,SWF,NY,AEA,EN,Federal Contract Tower,9,22,13,16,60,0,8,65,9,82,9,30,78,25,142,22,10,32,174
12/14/2012,SWF,NY,AEA,EN,Federal Contract Tower,9,23,24,2,58,0,10,51,8,69,9,33,75,10,127,40,0,40,167
12/15/2012,SWF,NY,AEA,EN,Federal Contract Tower,7,14,11,0,32,0,5,25,1,31,7,19,36,1,63,46,0,46,109
12/16/2012,SWF,NY,AEA,EN,Federal Contract Tower,5,14,8,0,27,0,0,0,0,0,5,14,8,0,27,0,0,0,27
12/17/2012,SWF,NY,AEA,EN,Federal Contract Tower,6,13,20,20,59,0,0,0,0,0,6,13,20,20,59,0,0,0,59
12/18/2012,SWF,NY,AEA,EN,Federal Contract Tower,10,15,18,5,48,0,0,10,0,10,10,15,28,5,58,24,0,24,82
12/19/2012,SWF,NY,AEA,EN,Federal Contract Tower,13,17,16,4,50,0,0,28,2,30,13,17,44,6,80,30,0,30,110
12/20/2012,SWF,NY,AEA,EN,Federal Contract Tower,12,17,30,13,72,0,10,63,9,82,12,27,93,22,154,36,30,66,220
12/21/2012,SWF,NY,AEA,EN,Federal Contract Tower,13,14,7,5,39,0,2,0,0,2,13,16,7,5,41,0,0,0,41
12/22/2012,SWF,NY,AEA,EN,Federal Contract Tower,11,16,6,0,33,0,2,5,0,7,11,18,11,0,40,6,0,6,46
12/23/2012,SWF,NY,AEA,EN,Federal Contract Tower,6,16,7,0,29,0,2,29,0,31,6,18,36,0,60,14,0,14,74
12/24/2012,SWF,NY,AEA,EN,Federal Contract Tower,6,16,4,0,26,0,0,7,0,7,6,16,11,0,33,2,0,2,35
12/25/2012,SWF,NY,AEA,EN,Federal Contract Tower,7,16,1,1,25,0,0,0,0,0,7,16,1,1,25,0,0,0,25
12/26/2012,SWF,NY,AEA,EN,Federal Contract Tower,9,15,13,1,38,0,2,2,0,4,9,17,15,1,42,0,0,0,42
12/27/2012,SWF,NY,AEA,EN,Federal Contract Tower,15,18,7,0,40,0,0,0,0,0,15,18,7,0,40,0,0,0,40
12/28/2012,SWF,NY,AEA,EN,Federal Contract Tower,12,22,14,9,57,0,3,29,0,32,12,25,43,9,89,18,6,24,113
12/29/2012,SWF,NY,AEA,EN,Federal Contract Tower,9,11,3,0,23,0,0,0,0,0,9,11,3,0,23,0,0,0,23
12/30/2012,SWF,NY,AEA,EN,Federal Contract Tower,11,17,6,1,35,0,0,0,0,0,11,17,6,1,35,0,0,0,35
12/31/2012,SWF,NY,AEA,EN,Federal Contract Tower,8,16,5,1,30,0,0,4,0,4,8,16,9,1,34,0,0,0,34
01/01/2013,SWF,NY,AEA,EN,Federal Contract Tower,6,15,9,0,30,0,2,11,0,13,6,17,20,0,43,0,0,0,43
01/02/2013,SWF,NY,AEA,EN,Federal Contract Tower,11,20,11,5,47,0,0,25,2,27,11,20,36,7,74,16,0,16,90
01/03/2013,SWF,NY,AEA,EN,Federal Contract Tower,11,19,11,9,50,0,0,29,5,34,11,19,40,14,84,18,0,18,102
01/04/2013,SWF,NY,AEA,EN,Federal Contract Tower,12,20,7,25,64,0,0,14,3,17,12,20,21,28,81,0,22,22,103
01/05/2013,SWF,NY,AEA,EN,Federal Contract Tower,7,12,5,7,31,0,0,41,2,43,7,12,46,9,74,48,14,62,136
01/06/2013,SWF,NY,AEA,EN,Federal Contract Tower,6,17,26,4,53,0,6,36,2,44,6,23,62,6,97,46,12,58,155
01/07/2013,SWF,NY,AEA,EN,Federal Contract Tower,5,21,13,8,47,0,1,49,8,58,5,22,62,16,105,30,0,30,135
01/08/2013,SWF,NY,AEA,EN,Federal Contract Tower,11,15,10,13,49,0,4,36,4,44,11,19,46,17,93,30,44,74,167
01/09/2013,SWF,NY,AEA,EN,Federal Contract Tower,12,16,23,1,52,0,2,36,6,44,12,18,59,7,96,6,0,6,102
01/10/2013,SWF,NY,AEA,EN,Federal Contract Tower,9,25,22,5,61,0,5,48,11,64,9,30,70,16,125,34,28,62,187
01/11/2013,SWF,NY,AEA,EN,Federal Contract Tower,11,20,9,7,47,0,0,9,2,11,11,20,18,9,58,16,0,16,74
01/12/2013,SWF,NY,AEA,EN,Federal Contract Tower,4,12,6,7,29,0,0,0,0,0,4,12,6,7,29,0,0,0,29
01/13/2013,SWF,NY,AEA,EN,Federal Contract Tower,2,4,5,3,14,0,0,0,0,0,2,4,5,3,14,0,0,0,14
01/14/2013,SWF,NY,AEA,EN,Federal Contract Tower,5,19,17,9,50,0,2,34,1,37,5,21,51,10,87,12,0,12,99
01/15/2013,SWF,NY,AEA,EN,Federal Contract Tower,9,16,14,11,50,0,6,20,5,31,9,22,34,16,81,8,5,13,94
01/16/2013,SWF,NY,AEA,EN,Federal Contract Tower,10,9,11,0,30,0,0,0,0,0,10,9,11,0,30,0,0,0,30
01/17/2013,SWF,NY,AEA,EN,Federal Contract Tower,10,16,20,2,48,0,5,39,3,47,10,21,59,5,95,0,0,0,95
01/18/2013,SWF,NY,AEA,EN,Federal Contract Tower,12,18,18,3,51,0,3,13,6,22,12,21,31,9,73,24,20,44,117
01/19/2013,SWF,NY,AEA,EN,Federal Contract Tower,5,7,5,0,17,0,1,27,0,28,5,8,32,0,45,50,0,50,95
01/20/2013,SWF,NY,AEA,EN,Federal Contract Tower,4,14,7,1,26,0,4,18,0,22,4,18,25,1,48,10,0,10,58
01/21/2013,SWF,NY,AEA,EN,Federal Contract Tower,6,14,18,0,38,0,7,33,0,40,6,21,51,0,78,52,0,52,130
01/22/2013,SWF,NY,AEA,EN,Federal Contract Tower,13,20,10,11,54,0,2,27,1,30,13,22,37,12,84,18,0,18,102
01/23/2013,SWF,NY,AEA,EN,Federal Contract Tower,11,15,20,9,55,0,11,33,6,50,11,26,53,15,105,20,0,20,125
01/24/2013,SWF,NY,AEA,EN,Federal Contract Tower,9,17,27,4,57,0,0,6,3,9,9,17,33,7,66,24,0,24,90
01/25/2013,SWF,NY,AEA,EN,Federal Contract Tower,10,13,11,8,42,0,0,30,4,34,10,13,41,12,76,26,0,26,102
01/26/2013,SWF,NY,AEA,EN,Federal Contract Tower,7,15,11,4,37,0,2,29,0,31,7,17,40,4,68,112,0,112,180
01/27/2013,SWF,NY,AEA,EN,Federal Contract Tower,4,15,34,1,54,0,9,81,3,93,4,24,115,4,147,114,0,114,261
01/28/2013,SWF,NY,AEA,EN,Federal Contract Tower,5,16,5,2,28,0,0,0,0,0,5,16,5,2,28,0,0,0,28
01/29/2013,SWF,NY,AEA,EN,Federal Contract Tower,11,16,23,11,61,0,4,28,4,36,11,20,51,15,97,6,0,6,103
01/30/2013,SWF,NY,AEA,EN,Federal Contract Tower,7,19,10,4,40,0,0,0,0,0,7,19,10,4,40,0,0,0,40
01/31/2013,SWF,NY,AEA,EN,Federal Contract Tower,10,24,26,8,68,0,0,24,6,30,10,24,50,14,98,12,0,12,110
02/01/2013,SWF,NY,AEA,EN,Federal Contract Tower,11,22,7,7,47,0,5,14,6,25,11,27,21,13,72,0,0,0,72
02/02/2013,SWF,NY,AEA,EN,Federal Contract Tower,6,9,9,5,29,0,0,37,4,41,6,9,46,9,70,144,0,144,214
02/03/2013,SWF,NY,AEA,EN,Federal Contract Tower,4,17,7,0,28,0,2,21,0,23,4,19,28,0,51,10,0,10,61
02/04/2013,SWF,NY,AEA,EN,Federal Contract Tower,4,17,19,12,52,0,10,44,2,56,4,27,63,14,108,46,0,46,154
02/05/2013,SWF,NY,AEA,EN,Federal Contract Tower,11,17,21,14,63,0,0,5,5,10,11,17,26,19,73,4,0,4,77
02/06/2013,SWF,NY,AEA,EN,Federal Contract Tower,12,15,17,12,56,0,8,53,0,61,12,23,70,12,117,28,0,28,145
02/07/2013,SWF,NY,AEA,EN,Federal Contract Tower,3,22,25,4,54,0,2,25,1,28,3,24,50,5,82,34,0,34,116
02/08/2013,SWF,NY,AEA,EN,Federal Contract Tower,9,11,8,2,30,0,0,0,0,0,9,11,8,2,30,0,0,0,30
02/09/2013,SWF,NY,AEA,EN,Federal Contract Tower,3,7,1,1,12,0,3,1,0,4,3,10,2,1,16,2,0,2,18
02/10/2013,SWF,NY,AEA,EN,Federal Contract Tower,4,14,25,1,44,0,7,39,0,46,4,21,64,1,90,76,0,76,166
02/11/2013,SWF,NY,AEA,EN,Federal Contract Tower,3,20,11,3,37,0,0,0,0,0,3,20,11,3,37,0,0,0,37
02/12/2013,SWF,NY,AEA,EN,Federal Contract Tower,12,24,16,11,63,0,6,40,8,54,12,30,56,19,117,10,18,28,145
02/13/2013,SWF,NY,AEA,EN,Federal Contract Tower,11,14,19,12,56,0,6,18,4,28,11,20,37,16,84,0,0,0,84
02/14/2013,SWF,NY,AEA,EN,Federal Contract Tower,9,12,10,4,35,0,2,31,1,34,9,14,41,5,69,28,0,28,97
02/15/2013,SWF,NY,AEA,EN,Federal Contract Tower,15,23,15,4,57,0,7,29,3,39,15,30,44,7,96,28,0,28,124
02/16/2013,SWF,NY,AEA,EN,Federal Contract Tower,7,13,5,1,26,0,3,32,0,35,7,16,37,1,61,78,0,78,139
02/17/2013,SWF,NY,AEA,EN,Federal Contract Tower,9,14,6,0,29,0,0,20,0,20,9,14,26,0,49,24,0,24,73
02/18/2013,SWF,NY,AEA,EN,Federal Contract Tower,8,12,22,0,42,0,3,43,0,46,8,15,65,0,88,44,0,44,132
02/19/2013,SWF,NY,AEA,EN,Federal Contract Tower,11,19,18,8,56,0,4,24,2,30,11,23,42,10,86,20,0,20,106
02/20/2013,SWF,NY,AEA,EN,Federal Contract Tower,14,16,13,7,50,0,6,37,4,47,14,22,50,11,97,12,16,28,125
02/21/2013,SWF,NY,AEA,EN,Federal Contract Tower,14,20,16,11,61,0,3,6,0,9,14,23,22,11,70,4,0,4,74
02/22/2013,SWF,NY,AEA,EN,Federal Contract Tower,11,17,19,6,53,0,5,32,8,45,11,22,51,14,98,58,0,58,156
02/23/2013,SWF,NY,AEA,EN,Federal Contract Tower,9,9,0,1,19,0,0,0,0,0,9,9,0,1,19,0,0,0,19
02/24/2013,SWF,NY,AEA,EN,Federal Contract Tower,8,14,13,2,37,0,2,13,0,15,8,16,26,2,52,0,0,0,52
02/25/2013,SWF,NY,AEA,EN,Federal Contract Tower,7,16,30,2,55,0,8,50,2,60,7,24,80,4,115,112,0,112,227
02/26/2013,SWF,NY,AEA,EN,Federal Contract Tower,12,16,9,9,46,0,3,22,1,26,12,19,31,10,72,14,22,36,108
02/27/2013,SWF,NY,AEA,EN,Federal Contract Tower,12,15,16,7,50,0,4,26,4,34,12,19,42,11,84,13,4,17,101
02/28/2013,SWF,NY,AEA,EN,Federal Contract Tower,11,22,34,5,72,0,5,23,5,33,11,27,57,10,105,98,0,98,203
03/01/2013,SWF,NY,AEA,EN,Federal Contract Tower,12,16,14,4,46,0,14,63,3,80,12,30,77,7,126,66,0,66,192
03/02/2013,SWF,NY,AEA,EN,Federal Contract Tower,6,10,19,4,39,0,6,47,3,56,6,16,66,7,95,94,0,94,189
03/03/2013,SWF,NY,AEA,EN,Federal Contract Tower,7,16,12,3,38,0,3,40,8,51,7,19,52,11,89,102,0,102,191
03/04/2013,SWF,NY,AEA,EN,Federal Contract Tower,9,20,13,3,45,0,1,38,0,39,9,21,51,3,84,38,0,38,122
03/05/2013,SWF,NY,AEA,EN,Federal Contract Tower,12,16,10,22,60,0,6,29,15,50,12,22,39,37,110,42,0,42,152
03/06/2013,SWF,NY,AEA,EN,Federal Contract Tower,13,17,17,8,55,0,5,33,5,43,13,22,50,13,98,23,13,36,134
03/07/2013,SWF,NY,AEA,EN,Federal Contract Tower,13,22,11,13,59,0,0,0,0,0,13,22,11,13,59,0,0,0,59
03/08/2013,SWF,NY,AEA,EN,Federal Contract Tower,9,17,11,1,38,0,0,0,0,0,9,17,11,1,38,0,0,0,38
03/09/2013,SWF,NY,AEA,EN,Federal Contract Tower,8,8,12,2,30,0,2,69,4,75,8,10,81,6,105,102,0,102,207
03/10/2013,SWF,NY,AEA,EN,Federal Contract Tower,5,16,21,1,43,0,5,40,0,45,5,21,61,1,88,42,0,42,130
03/11/2013,SWF,NY,AEA,EN,Federal Contract Tower,8,19,18,0,45,0,2,24,1,27,8,21,42,1,72,6,0,6,78
03/12/2013,SWF,NY,AEA,EN,Federal Contract Tower,12,19,22,11,64,0,4,35,6,45,12,23,57,17,109,30,5,35,144
03/13/2013,SWF,NY,AEA,EN,Federal Contract Tower,15,16,16,11,58,0,2,31,9,42,15,18,47,20,100,36,14,50,150
03/14/2013,SWF,NY,AEA,EN,Federal Contract Tower,12,18,12,6,48,0,8,13,3,24,12,26,25,9,72,20,4,24,96
03/15/2013,SWF,NY,AEA,EN,Federal Contract Tower,12,17,20,4,53,0,9,52,1,62,12,26,72,5,115,48,0,48,163
03/16/2013,SWF,NY,AEA,EN,Federal Contract Tower,6,12,9,4,31,0,3,10,0,13,6,15,19,4,44,10,0,10,54
03/17/2013,SWF,NY,AEA,EN,Federal Contract Tower,7,13,9,0,29,0,3,42,0,45,7,16,51,0,74,8,0,8,82
03/18/2013,SWF,NY,AEA,EN,Federal Contract Tower,6,14,9,1,30,0,4,29,0,33,6,18,38,1,63,38,0,38,101
03/19/2013,SWF,NY,AEA,EN,Federal Contract Tower,11,19,21,12,63,0,4,30,5,39,11,23,51,17,102,19,5,24,126
03/20/2013,SWF,NY,AEA,EN,Federal Contract Tower,11,17,20,7,55,0,2,14,4,20,11,19,34,11,75,18,26,44,119
03/21/2013,SWF,NY,AEA,EN,Federal Contract Tower,12,20,22,5,59,0,0,14,14,28,12,20,36,19,87,26,26,52,139
03/22/2013,SWF,NY,AEA,EN,Federal Contract Tower,12,18,12,3,45,0,4,15,4,23,12,22,27,7,68,22,0,22,90
03/23/2013,SWF,NY,AEA,EN,Federal Contract Tower,6,13,9,2,30,0,3,42,0,45,6,16,51,2,75,28,0,28,103
03/24/2013,SWF,NY,AEA,EN,Federal Contract Tower,5,18,18,0,41,0,4,50,0,54,5,22,68,0,95,42,0,42,137
03/25/2013,SWF,NY,AEA,EN,Federal Contract Tower,9,18,6,0,33,0,2,14,0,16,9,20,20,0,49,10,0,10,59
03/26/2013,SWF,NY,AEA,EN,Federal Contract Tower,12,21,15,4,52,0,4,68,4,76,12,25,83,8,128,120,0,120,248
03/27/2013,SWF,NY,AEA,EN,Federal Contract Tower,16,17,23,6,62,0,3,63,14,80,16,20,86,20,142,60,44,104,246
03/28/2013,SWF,NY,AEA,EN,Federal Contract Tower,13,18,21,10,62,0,4,59,7,70,13,22,80,17,132,62,8,70,202
03/29/2013,SWF,NY,AEA,EN,Federal Contract Tower,11,17,11,10,49,0,2,67,10,79,11,19,78,20,128,58,2,60,188
03/30/2013,SWF,NY,AEA,EN,Federal Contract Tower,8,12,13,0,33,0,3,55,0,58,8,15,68,0,91,60,0,60,151
03/31/2013,SWF,NY,AEA,EN,Federal Contract Tower,6,15,10,2,33,0,3,46,0,49,6,18,56,2,82,50,0,50,132
04/01/2013,SWF,NY,AEA,EN,Federal Contract Tower,7,19,13,4,43,0,2,24,1,27,7,21,37,5,70,0,0,0,70
04/02/2013,SWF,NY,AEA,EN,Federal Contract Tower,12,20,23,11,66,0,6,41,9,56,12,26,64,20,122,35,11,46,168
04/03/2013,SWF,NY,AEA,EN,Federal Contract Tower,12,22,15,5,54,0,5,26,4,35,12,27,41,9,89,20,4,24,113
04/04/2013,SWF,NY,AEA,EN,Federal Contract Tower,11,19,18,11,59,0,5,41,9,55,11,24,59,20,114,34,13,47,161
04/05/2013,SWF,NY,AEA,EN,Federal Contract Tower,11,19,18,3,51,0,9,59,4,72,11,28,77,7,123,67,4,71,194
04/06/2013,SWF,NY,AEA,EN,Federal Contract Tower,6,10,23,5,44,0,5,71,1,77,6,15,94,6,121,82,30,112,233
04/07/2013,SWF,NY,AEA,EN,Federal Contract Tower,7,20,19,7,53,0,6,60,4,70,7,26,79,11,123,46,12,58,181
04/08/2013,SWF,NY,AEA,EN,Federal Contract Tower,7,18,13,3,41,0,4,32,3,39,7,22,45,6,80,22,1,23,103
04/09/2013,SWF,NY,AEA,EN,Federal Contract Tower,16,21,63,8,108,0,4,65,6,75,16,25,128,14,183,36,0,36,219
04/10/2013,SWF,NY,AEA,EN,Federal Contract Tower,11,12,20,10,53,0,7,22,6,35,11,19,42,16,88,0,2,2,90
04/11/2013,SWF,NY,AEA,EN,Federal Contract Tower,8,17,18,17,60,0,5,49,17,71,8,22,67,34,131,16,26,42,173
04/12/2013,SWF,NY,AEA,EN,Federal Contract Tower,9,21,7,5,42,0,0,0,0,0,9,21,7,5,42,0,0,0,42
04/13/2013,SWF,NY,AEA,EN,Federal Contract Tower,6,12,7,6,31,0,8,78,0,86,6,20,85,6,117,158,0,158,275
04/14/2013,SWF,NY,AEA,EN,Federal Contract Tower,5,17,16,2,40,0,4,40,1,45,5,21,56,3,85,40,1,41,126
04/15/2013,SWF,NY,AEA,EN,Federal Contract Tower,7,16,12,3,38,0,4,65,7,76,7,20,77,10,114,58,0,58,172
04/16/2013,SWF,NY,AEA,EN,Federal Contract Tower,12,19,20,9,60,0,9,36,12,57,12,28,56,21,117,16,44,60,177
04/17/2013,SWF,NY,AEA,EN,Federal Contract Tower,13,20,8,13,54,0,3,73,12,88,13,23,81,25,142,64,8,72,214
04/18/2013,SWF,NY,AEA,EN,Federal Contract Tower,12,16,16,22,66,0,6,45,11,62,12,22,61,33,128,20,16,36,164
04/19/2013,SWF,NY,AEA,EN,Federal Contract Tower,12,22,12,1,47,0,0,8,0,8,12,22,20,1,55,0,0,0,55
04/20/2013,SWF,NY,AEA,EN,Federal Contract Tower,10,14,11,3,38,0,6,39,5,50,10,20,50,8,88,50,0,50,138
04/21/2013,SWF,NY,AEA,EN,Federal Contract Tower,3,17,20,4,44,0,2,72,0,74,3,19,92,4,118,32,0,32,150
04/22/2013,SWF,NY,AEA,EN,Federal Contract Tower,7,23,18,12,60,0,6,30,3,39,7,29,48,15,99,38,4,42,141
04/23/2013,SWF,NY,AEA,EN,Federal Contract Tower,10,21,11,9,51,0,6,21,0,27,10,27,32,9,78,4,8,12,90
04/24/2013,SWF,NY,AEA,EN,Federal Contract Tower,12,14,18,14,58,0,10,61,6,77,12,24,79,20,135,48,42,90,225
04/25/2013,SWF,NY,AEA,EN,Federal Contract Tower,8,19,20,12,59,0,3,63,5,71,8,22,83,17,130,64,6,70,200
04/26/2013,SWF,NY,AEA,EN,Federal Contract Tower,11,19,22,4,56,0,4,58,4,66,11,23,80,8,122,50,2,52,174
04/27/2013,SWF,NY,AEA,EN,Federal Contract Tower,5,9,13,1,28,0,5,89,5,99,5,14,102,6,127,196,0,196,323
04/28/2013,SWF,NY,AEA,EN,Federal Contract Tower,4,15,22,1,42,0,8,42,1,51,4,23,64,2,93,96,0,96,189
04/29/2013,SWF,NY,AEA,EN,Federal Contract Tower,5,16,12,4,37,0,5,29,3,37,5,21,41,7,74,0,0,0,74
04/30/2013,SWF,NY,AEA,EN,Federal Contract Tower,12,18,19,14,63,0,12,48,25,85,12,30,67,39,148,16,26,42,190
05/01/2013,SWF,NY,AEA,EN,Federal Contract Tower,12,21,16,13,62,0,9,80,17,106,12,30,96,30,168,100,58,158,326
05/02/2013,SWF,NY,AEA,EN,Federal Contract Tower,10,20,25,5,60,0,12,82,11,105,10,32,107,16,165,68,22,90,255
05/03/2013,SWF,NY,AEA,EN,Federal Contract Tower,9,18,17,7,51,0,8,60,5,73,9,26,77,12,124,28,4,32,156
05/04/2013,SWF,NY,AEA,EN,Federal Contract Tower,5,13,21,4,43,0,11,77,11,99,5,24,98,15,142,86,0,86,228
05/05/2013,SWF,NY,AEA,EN,Federal Contract Tower,3,18,11,3,35,0,7,29,1,37,3,25,40,4,72,24,0,24,96
05/06/2013,SWF,NY,AEA,EN,Federal Contract Tower,5,20,18,4,47,0,5,44,9,58,5,25,62,13,105,24,4,28,133
05/07/2013,SWF,NY,AEA,EN,Federal Contract Tower,12,21,16,15,64,0,6,51,24,81,12,27,67,39,145,36,20,56,201
05/08/2013,SWF,NY,AEA,EN,Federal Contract Tower,9,15,22,10,56,0,0,0,0,0,9,15,22,10,56,0,0,0,56
05/09/2013,SWF,NY,AEA,EN,Federal Contract Tower,10,18,17,8,53,0,3,3,4,10,10,21,20,12,63,0,0,0,63
05/10/2013,SWF,NY,AEA,EN,Federal Contract Tower,10,21,23,6,60,0,8,62,2,72,10,29,85,8,132,62,4,66,198
05/11/2013,SWF,NY,AEA,EN,Federal Contract Tower,6,13,19,1,39,0,2,0,0,2,6,15,19,1,41,0,0,0,41
05/12/2013,SWF,NY,AEA,EN,Federal Contract Tower,4,21,19,5,49,0,0,8,0,8,4,21,27,5,57,10,0,10,67
05/13/2013,SWF,NY,AEA,EN,Federal Contract Tower,7,18,18,2,45,0,6,41,1,48,7,24,59,3,93,66,4,70,163
05/14/2013,SWF,NY,AEA,EN,Federal Contract Tower,12,24,24,11,71,0,17,111,17,145,12,41,135,28,216,64,36,100,316
05/15/2013,SWF,NY,AEA,EN,Federal Contract Tower,16,21,25,7,69,0,7,54,4,65,16,28,79,11,134,24,4,28,162
05/16/2013,SWF,NY,AEA,EN,Federal Contract Tower,8,19,22,8,57,0,11,65,10,86,8,30,87,18,143,54,16,70,213
05/17/2013,SWF,NY,AEA,EN,Federal Contract Tower,10,21,24,9,64,0,10,90,11,111,10,31,114,20,175,50,0,50,225
05/18/2013,SWF,NY,AEA,EN,Federal Contract Tower,5,13,7,3,28,0,1,49,6,56,5,14,56,9,84,42,0,42,126
05/19/2013,SWF,NY,AEA,EN,Federal Contract Tower,8,16,21,1,46,0,0,0,0,0,8,16,21,1,46,0,0,0,46
05/20/2013,SWF,NY,AEA,EN,Federal Contract Tower,4,21,23,2,50,0,2,26,3,31,4,23,49,5,81,0,0,0,81
05/21/2013,SWF,NY,AEA,EN,Federal Contract Tower,10,26,22,11,69,0,5,34,0,39,10,31,56,11,108,24,0,24,132
05/22/2013,SWF,NY,AEA,EN,Federal Contract Tower,12,15,26,5,58,0,5,50,3,58,12,20,76,8,116,30,12,42,158
05/23/2013,SWF,NY,AEA,EN,Federal Contract Tower,19,24,16,10,69,0,4,11,3,18,19,28,27,13,87,0,12,12,99
05/24/2013,SWF,NY,AEA,EN,Federal Contract Tower,9,27,32,4,72,0,0,0,0,0,9,27,32,4,72,0,0,0,72
05/25/2013,SWF,NY,AEA,EN,Federal Contract Tower,5,13,16,4,38,0,0,4,2,6,5,13,20,6,44,2,4,6,50
05/26/2013,SWF,NY,AEA,EN,Federal Contract Tower,5,11,12,1,29,0,1,11,0,12,5,12,23,1,41,18,0,18,59
05/27/2013,SWF,NY,AEA,EN,Federal Contract Tower,4,20,16,0,40,0,16,87,0,103,4,36,103,0,143,82,0,82,225
05/28/2013,SWF,NY,AEA,EN,Federal Contract Tower,12,19,16,11,58,0,2,48,2,52,12,21,64,13,110,28,20,48,158
05/29/2013,SWF,NY,AEA,EN,Federal Contract Tower,10,21,20,9,60,0,3,19,2,24,10,24,39,11,84,38,18,56,140
05/30/2013,SWF,NY,AEA,EN,Federal Contract Tower,9,20,23,12,64,0,15,65,19,99,9,35,88,31,163,22,26,48,211
05/31/2013,SWF,NY,AEA,EN,Federal Contract Tower,10,22,18,9,59,0,2,52,15,69,10,24,70,24,128,26,0,26,154
06/01/2013,SWF,NY,AEA,EN,Federal Contract Tower,5,13,15,5,38,0,3,61,0,64,5,16,76,5,102,84,0,84,186
06/02/2013,SWF,NY,AEA,EN,Federal Contract Tower,6,14,13,7,40,0,3,24,3,30,6,17,37,10,70,20,0,20,90
06/03/2013,SWF,NY,AEA,EN,Federal Contract Tower,9,24,17,2,52,0,2,26,0,28,9,26,43,2,80,48,0,48,128
06/04/2013,SWF,NY,AEA,EN,Federal Contract Tower,11,24,20,6,61,0,47,87,14,148,11,71,107,20,209,100,18,118,327
06/05/2013,SWF,NY,AEA,EN,Federal Contract Tower,10,17,21,8,56,1,10,93,25,129,11,27,114,33,185,36,14,50,235
06/06/2013,SWF,NY,AEA,EN,Federal Contract Tower,10,18,29,19,76,0,7,89,16,112,10,25,118,35,188,84,22,106,294
06/07/2013,SWF,NY,AEA,EN,Federal Contract Tower,10,17,22,3,52,0,0,0,2,2,10,17,22,5,54,0,0,0,54
06/08/2013,SWF,NY,AEA,EN,Federal Contract Tower,6,9,24,2,41,0,2,30,6,38,6,11,54,8,79,18,26,44,123
06/09/2013,SWF,NY,AEA,EN,Federal Contract Tower,4,18,14,0,36,0,0,58,33,91,4,18,72,33,127,38,0,38,165
06/10/2013,SWF,NY,AEA,EN,Federal Contract Tower,8,16,16,3,43,0,1,7,0,8,8,17,23,3,51,0,0,0,51
06/11/2013,SWF,NY,AEA,EN,Federal Contract Tower,13,22,23,13,71,0,0,4,3,7,13,22,27,16,78,0,10,10,88
06/12/2013,SWF,NY,AEA,EN,Federal Contract Tower,9,19,15,11,54,0,8,48,41,97,9,27,63,52,151,74,14,88,239
06/13/2013,SWF,NY,AEA,EN,Federal Contract Tower,9,20,6,19,54,0,0,1,0,1,9,20,7,19,55,0,0,0,55
06/14/2013,SWF,NY,AEA,EN,Federal Contract Tower,14,25,23,5,67,0,6,42,5,53,14,31,65,10,120,39,0,39,159
06/15/2013,SWF,NY,AEA,EN,Federal Contract Tower,5,12,9,2,28,0,2,49,1,52,5,14,58,3,80,76,0,76,156
06/16/2013,SWF,NY,AEA,EN,Federal Contract Tower,4,25,12,0,41,0,3,50,0,53,4,28,62,0,94,30,0,30,124
06/17/2013,SWF,NY,AEA,EN,Federal Contract Tower,7,17,22,7,53,0,8,37,17,62,7,25,59,24,115,20,0,20,135
06/18/2013,SWF,NY,AEA,EN,Federal Contract Tower,18,21,20,14,73,0,7,47,9,63,18,28,67,23,136,28,26,54,190
06/19/2013,SWF,NY,AEA,EN,Federal Contract Tower,10,21,7,7,45,0,6,66,6,78,10,27,73,13,123,96,10,106,229
06/20/2013,SWF,NY,AEA,EN,Federal Contract Tower,10,23,22,11,66,0,6,72,0,78,10,29,94,11,144,104,22,126,270
06/21/2013,SWF,NY,AEA,EN,Federal Contract Tower,9,20,24,6,59,0,1,43,8,52,9,21,67,14,111,24,0,24,135
06/22/2013,SWF,NY,AEA,EN,Federal Contract Tower,5,12,21,3,41,0,2,65,3,70,5,14,86,6,111,52,0,52,163
06/23/2013,SWF,NY,AEA,EN,Federal Contract Tower,5,14,23,1,43,0,2,49,0,51,5,16,72,1,94,46,0,46,140
06/24/2013,SWF,NY,AEA,EN,Federal Contract Tower,6,22,18,14,60,0,5,49,24,78,6,27,67,38,138,30,72,102,240
06/25/2013,SWF,NY,AEA,EN,Federal Contract Tower,12,21,31,6,70,0,7,61,24,92,12,28,92,30,162,50,44,94,256
06/26/2013,SWF,NY,AEA,EN,Federal Contract Tower,9,29,22,16,76,0,6,49,12,67,9,35,71,28,143,52,54,106,249
06/27/2013,SWF,NY,AEA,EN,Federal Contract Tower,9,26,26,8,69,0,3,14,0,17,9,29,40,8,86,6,12,18,104
06/28/2013,SWF,NY,AEA,EN,Federal Contract Tower,11,15,21,6,53,0,6,48,2,56,11,21,69,8,109,30,8,38,147
06/29/2013,SWF,NY,AEA,EN,Federal Contract Tower,8,22,6,4,40,0,2,58,2,62,8,24,64,6,102,38,0,38,140
06/30/2013,SWF,NY,AEA,EN,Federal Contract Tower,6,14,12,1,33,0,0,19,3,22,6,14,31,4,55,0,0,0,55
07/01/2013,SWF,NY,AEA,EN,Federal Contract Tower,11,21,9,5,46,0,0,0,0,0,11,21,9,5,46,0,0,0,46
07/02/2013,SWF,NY,AEA,EN,Federal Contract Tower,16,14,32,13,75,0,6,19,4,29,16,20,51,17,104,4,16,20,124
07/03/2013,SWF,NY,AEA,EN,Federal Contract Tower,14,26,19,12,71,0,6,55,13,74,14,32,74,25,145,40,26,66,211
07/04/2013,SWF,NY,AEA,EN,Federal Contract Tower,6,16,8,0,30,0,1,22,0,23,6,17,30,0,53,28,0,28,81
07/05/2013,SWF,NY,AEA,EN,Federal Contract Tower,13,12,9,1,35,0,3,32,3,38,13,15,41,4,73,8,6,14,87
07/06/2013,SWF,NY,AEA,EN,Federal Contract Tower,9,19,13,0,41,0,2,59,0,61,9,21,72,0,102,32,0,32,134
07/07/2013,SWF,NY,AEA,EN,Federal Contract Tower,8,30,27,0,65,0,14,56,0,70,8,44,83,0,135,22,0,22,157
07/08/2013,SWF,NY,AEA,EN,Federal Contract Tower,7,18,11,10,46,0,9,81,5,95,7,27,92,15,141,56,16,72,213
07/09/2013,SWF,NY,AEA,EN,Federal Contract Tower,14,25,9,17,65,0,5,69,9,83,14,30,78,26,148,42,18,60,208
07/10/2013,SWF,NY,AEA,EN,Federal Contract Tower,12,22,12,10,56,0,0,26,0,26,12,22,38,10,82,34,0,34,116
07/11/2013,SWF,NY,AEA,EN,Federal Contract Tower,11,19,25,14,69,0,6,56,7,69,11,25,81,21,138,8,26,34,172
07/12/2013,SWF,NY,AEA,EN,Federal Contract Tower,11,20,13,10,54,0,5,80,8,93,11,25,93,18,147,14,6,20,167
07/13/2013,SWF,NY,AEA,EN,Federal Contract Tower,7,14,12,0,33,0,0,0,0,0,7,14,12,0,33,0,0,0,33
07/14/2013,SWF,NY,AEA,EN,Federal Contract Tower,6,2,21,1,30,0,4,70,0,74,6,6,91,1,104,44,0,44,148
07/15/2013,SWF,NY,AEA,EN,Federal Contract Tower,8,18,14,5,45,0,6,40,2,48,8,24,54,7,93,10,0,10,103
07/16/2013,SWF,NY,AEA,EN,Federal Contract Tower,14,28,16,10,68,0,5,59,16,80,14,33,75,26,148,4,44,48,196
07/17/2013,SWF,NY,AEA,EN,Federal Contract Tower,13,15,13,10,51,0,1,40,0,41,13,16,53,10,92,48,2,50,142
07/18/2013,SWF,NY,AEA,EN,Federal Contract Tower,13,19,18,7,57,0,7,29,3,39,13,26,47,10,96,0,0,0,96
07/19/2013,SWF,NY,AEA,EN,Federal Contract Tower,11,16,19,1,47,0,1,29,1,31,11,17,48,2,78,32,0,32,110
07/20/2013,SWF,NY,AEA,EN,Federal Contract Tower,7,20,12,4,43,0,3,44,0,47,7,23,56,4,90,10,0,10,100
07/21/2013,SWF,NY,AEA,EN,Federal Contract Tower,6,24,15,0,45,0,2,75,7,84,6,26,90,7,129,40,0,40,169
07/22/2013,SWF,NY,AEA,EN,Federal Contract Tower,9,24,21,6,60,0,4,43,6,53,9,28,64,12,113,24,0,24,137
07/23/2013,SWF,NY,AEA,EN,Federal Contract Tower,16,17,31,16,80,0,4,52,16,72,16,21,83,32,152,16,38,54,206
07/24/2013,SWF,NY,AEA,EN,Federal Contract Tower,12,25,31,6,74,0,4,40,6,50,12,29,71,12,124,28,0,28,152
07/25/2013,SWF,NY,AEA,EN,Federal Contract Tower,12,15,22,7,56,0,0,65,8,73,12,15,87,15,129,16,12,28,157
07/26/2013,SWF,NY,AEA,EN,Federal Contract Tower,12,22,27,4,65,0,5,58,4,67,12,27,85,8,132,44,0,44,176
07/27/2013,SWF,NY,AEA,EN,Federal Contract Tower,7,17,21,2,47,0,13,83,9,105,7,30,104,11,152,78,0,78,230
07/28/2013,SWF,NY,AEA,EN,Federal Contract Tower,9,13,18,0,40,0,2,0,0,2,9,15,18,0,42,0,0,0,42
07/29/2013,SWF,NY,AEA,EN,Federal Contract Tower,5,20,25,3,53,0,10,52,2,64,5,30,77,5,117,36,4,40,157
07/30/2013,SWF,NY,AEA,EN,Federal Contract Tower,14,22,18,4,58,0,5,41,2,48,14,27,59,6,106,22,0,22,128
07/31/2013,SWF,NY,AEA,EN,Federal Contract Tower,13,19,26,9,67,0,11,52,18,81,13,30,78,27,148,0,0,0,148
08/01/2013,SWF,NY,AEA,EN,Federal Contract Tower,12,15,18,24,69,0,3,5,8,16,12,18,23,32,85,14,6,20,105
08/02/2013,SWF,NY,AEA,EN,Federal Contract Tower,12,17,26,4,59,0,5,65,10,80,12,22,91,14,139,22,0,22,161
08/03/2013,SWF,NY,AEA,EN,Federal Contract Tower,7,16,4,5,32,0,0,0,0,0,7,16,4,5,32,12,6,18,50
08/04/2013,SWF,NY,AEA,EN,Federal Contract Tower,5,15,14,3,37,0,9,41,1,51,5,24,55,4,88,70,0,70,158
08/05/2013,SWF,NY,AEA,EN,Federal Contract Tower,8,21,17,7,53,0,10,74,1,85,8,31,91,8,138,38,0,38,176
08/06/2013,SWF,NY,AEA,EN,Federal Contract Tower,12,25,11,9,57,0,4,45,7,56,12,29,56,16,113,28,8,36,149
08/07/2013,SWF,NY,AEA,EN,Federal Contract Tower,12,22,38,8,80,0,2,41,9,52,12,24,79,17,132,52,6,58,190
08/08/2013,SWF,NY,AEA,EN,Federal Contract Tower,12,20,24,8,64,0,8,25,4,37,12,28,49,12,101,30,0,30,131
08/09/2013,SWF,NY,AEA,EN,Federal Contract Tower,12,18,27,4,61,0,0,4,0,4,12,18,31,4,65,0,0,0,65
08/10/2013,SWF,NY,AEA,EN,Federal Contract Tower,6,17,8,2,33,0,5,46,3,54,6,22,54,5,87,44,0,44,131
08/11/2013,SWF,NY,AEA,EN,Federal Contract Tower,6,20,13,2,41,0,2,64,0,66,6,22,77,2,107,84,0,84,191
08/12/2013,SWF,NY,AEA,EN,Federal Contract Tower,7,18,18,3,46,0,8,60,0,68,7,26,78,3,114,0,0,0,114
08/13/2013,SWF,NY,AEA,EN,Federal Contract Tower,13,23,8,6,50,0,1,13,0,14,13,24,21,6,64,4,8,12,76
08/14/2013,SWF,NY,AEA,EN,Federal Contract Tower,12,19,11,5,47,0,1,23,6,30,12,20,34,11,77,2,0,2,79
08/15/2013,SWF,NY,AEA,EN,Federal Contract Tower,13,19,22,10,64,0,0,48,11,59,13,19,70,21,123,18,10,28,151
08/16/2013,SWF,NY,AEA,EN,Federal Contract Tower,11,21,15,6,53,0,1,70,2,73,11,22,85,8,126,28,0,28,154
08/17/2013,SWF,NY,AEA,EN,Federal Contract Tower,7,21,11,2,41,0,3,67,4,74,7,24,78,6,115,14,0,14,129
08/18/2013,SWF,NY,AEA,EN,Federal Contract Tower,6,20,10,1,37,0,2,42,0,44,6,22,52,1,81,102,0,102,183
08/19/2013,SWF,NY,AEA,EN,Federal Contract Tower,8,17,4,3,32,0,11,60,8,79,8,28,64,11,111,56,0,56,167
08/20/2013,SWF,NY,AEA,EN,Federal Contract Tower,15,21,8,16,60,0,6,71,7,84,15,27,79,23,144,18,6,24,168
08/21/2013,SWF,NY,AEA,EN,Federal Contract Tower,12,16,12,8,48,0,6,53,2,61,12,22,65,10,109,8,10,18,127
08/22/2013,SWF,NY,AEA,EN,Federal Contract Tower,12,16,24,8,60,0,6,43,11,60,12,22,67,19,120,24,24,48,168
08/23/2013,SWF,NY,AEA,EN,Federal Contract Tower,14,20,7,5,46,0,8,82,1,91,14,28,89,6,137,62,0,62,199
08/24/2013,SWF,NY,AEA,EN,Federal Contract Tower,7,15,3,2,27,0,5,67,3,75,7,20,70,5,102,68,0,68,170
08/25/2013,SWF,NY,AEA,EN,Federal Contract Tower,6,22,18,2,48,0,9,67,0,76,6,31,85,2,124,66,0,66,190
08/26/2013,SWF,NY,AEA,EN,Federal Contract Tower,5,16,14,9,44,0,1,19,2,22,5,17,33,11,66,26,0,26,92
08/27/2013,SWF,NY,AEA,EN,Federal Contract Tower,11,16,25,5,57,0,1,20,1,22,11,17,45,6,79,6,6,12,91
08/28/2013,SWF,NY,AEA,EN,Federal Contract Tower,29,18,14,4,65,0,1,14,3,18,29,19,28,7,83,0,2,2,85
08/29/2013,SWF,NY,AEA,EN,Federal Contract Tower,12,20,34,12,78,0,5,32,2,39,12,25,66,14,117,10,8,18,135
08/30/2013,SWF,NY,AEA,EN,Federal Contract Tower,13,15,17,3,48,0,4,56,7,67,13,19,73,10,115,30,0,30,145
08/31/2013,SWF,NY,AEA,EN,Federal Contract Tower,7,14,13,2,36,0,2,7,0,9,7,16,20,2,45,0,0,0,45
09/01/2013,SWF,NY,AEA,EN,Federal Contract Tower,8,7,12,0,27,0,4,13,0,17,8,11,25,0,44,8,0,8,52
09/02/2013,SWF,NY,AEA,EN,Federal Contract Tower,8,13,14,1,36,0,1,10,0,11,8,14,24,1,47,0,14,14,61
09/03/2013,SWF,NY,AEA,EN,Federal Contract Tower,9,17,16,11,53,0,4,28,4,36,9,21,44,15,89,6,0,6,95
09/04/2013,SWF,NY,AEA,EN,Federal Contract Tower,10,22,18,8,58,0,3,57,9,69,10,25,75,17,127,32,0,32,159
09/05/2013,SWF,NY,AEA,EN,Federal Contract Tower,13,22,21,8,64,0,13,85,7,105,13,35,106,15,169,70,8,78,247
09/06/2013,SWF,NY,AEA,EN,Federal Contract Tower,12,19,28,10,69,0,11,88,12,111,12,30,116,22,180,68,0,68,248
09/07/2013,SWF,NY,AEA,EN,Federal Contract Tower,7,13,13,9,42,0,7,83,22,112,7,20,96,31,154,100,6,106,260
09/08/2013,SWF,NY,AEA,EN,Federal Contract Tower,4,17,12,8,41,0,0,29,0,29,4,17,41,8,70,2,6,8,78
09/09/2013,SWF,NY,AEA,EN,Federal Contract Tower,8,15,17,6,46,0,3,35,4,42,8,18,52,10,88,0,0,0,88
09/10/2013,SWF,NY,AEA,EN,Federal Contract Tower,10,15,13,9,47,0,1,20,0,21,10,16,33,9,68,8,2,10,78
09/11/2013,SWF,NY,AEA,EN,Federal Contract Tower,13,17,14,11,55,0,3,44,7,54,13,20,58,18,109,0,0,0,109
09/12/2013,SWF,NY,AEA,EN,Federal Contract Tower,15,16,12,12,55,0,7,12,3,22,15,23,24,15,77,0,0,0,77
09/13/2013,SWF,NY,AEA,EN,Federal Contract Tower,13,17,28,5,63,0,7,58,8,73,13,24,86,13,136,12,0,12,148
09/14/2013,SWF,NY,AEA,EN,Federal Contract Tower,5,23,9,3,40,0,4,56,11,71,5,27,65,14,111,26,0,26,137
09/15/2013,SWF,NY,AEA,EN,Federal Contract Tower,4,20,15,1,40,0,1,34,4,39,4,21,49,5,79,22,0,22,101
09/16/2013,SWF,NY,AEA,EN,Federal Contract Tower,5,23,18,7,53,0,4,23,0,27,5,27,41,7,80,0,0,0,80
09/17/2013,SWF,NY,AEA,EN,Federal Contract Tower,14,20,15,11,60,0,4,38,1,43,14,24,53,12,103,8,4,12,115
09/18/2013,SWF,NY,AEA,EN,Federal Contract Tower,10,21,20,13,64,0,10,56,12,78,10,31,76,25,142,34,20,54,196
09/19/2013,SWF,NY,AEA,EN,Federal Contract Tower,10,15,13,9,47,0,6,63,5,74,10,21,76,14,121,32,10,42,163
09/20/2013,SWF,NY,AEA,EN,Federal Contract Tower,12,19,20,6,57,0,6,38,7,51,12,25,58,13,108,4,18,22,130
09/21/2013,SWF,NY,AEA,EN,Federal Contract Tower,14,15,23,2,54,0,3,38,5,46,14,18,61,7,100,48,2,50,150
09/22/2013,SWF,NY,AEA,EN,Federal Contract Tower,12,18,23,1,54,0,0,27,0,27,12,18,50,1,81,12,4,16,97
09/23/2013,SWF,NY,AEA,EN,Federal Contract Tower,10,19,9,4,42,0,1,34,5,40,10,20,43,9,82,36,22,58,140
09/24/2013,SWF,NY,AEA,EN,Federal Contract Tower,14,19,16,4,53,0,0,33,3,36,14,19,49,7,89,0,0,0,89
09/25/2013,SWF,NY,AEA,EN,Federal Contract Tower,13,14,11,1,39,0,22,61,3,86,13,36,72,4,125,44,6,50,175
09/26/2013,SWF,NY,AEA,EN,Federal Contract Tower,18,22,18,10,68,0,23,68,16,107,18,45,86,26,175,34,0,34,209
09/27/2013,SWF,NY,AEA,EN,Federal Contract Tower,18,20,12,1,51,0,5,55,2,62,18,25,67,3,113,18,0,18,131
09/28/2013,SWF,NY,AEA,EN,Federal Contract Tower,6,13,15,0,34,0,0,26,0,26,6,13,41,0,60,52,9,61,121
09/29/2013,SWF,NY,AEA,EN,Federal Contract Tower,7,17,16,1,41,0,2,35,0,37,7,19,51,1,78,56,0,56,134
09/30/2013,SWF,NY,AEA,EN,Federal Contract Tower,8,14,20,9,51,0,10,56,3,69,8,24,76,12,120,30,0,30,150
10/01/2013,SWF,NY,AEA,EN,Federal Contract Tower,9,23,22,5,59,0,4,65,2,71,9,27,87,7,130,66,6,72,202
10/02/2013,SWF,NY,AEA,EN,Federal Contract Tower,9,14,27,1,51,0,6,64,3,73,9,20,91,4,124,38,0,38,162
10/03/2013,SWF,NY,AEA,EN,Federal Contract Tower,10,20,12,7,49,0,5,60,4,69,10,25,72,11,118,42,16,58,176
10/04/2013,SWF,NY,AEA,EN,Federal Contract Tower,11,18,22,0,51,0,1,38,0,39,11,19,60,0,90,38,0,38,128
10/05/2013,SWF,NY,AEA,EN,Federal Contract Tower,7,14,13,3,37,0,2,41,5,48,7,16,54,8,85,31,3,34,119
10/06/2013,SWF,NY,AEA,EN,Federal Contract Tower,7,19,15,3,44,0,3,34,1,38,7,22,49,4,82,26,1,27,109
10/07/2013,SWF,NY,AEA,EN,Federal Contract Tower,6,18,16,5,45,0,6,47,5,58,6,24,63,10,103,27,4,31,134
10/08/2013,SWF,NY,AEA,EN,Federal Contract Tower,12,16,19,1,48,0,7,62,1,70,12,23,81,2,118,36,0,36,154
10/09/2013,SWF,NY,AEA,EN,Federal Contract Tower,10,23,11,6,50,0,6,58,6,70,10,29,69,12,120,2,36,38,158
10/10/2013,SWF,NY,AEA,EN,Federal Contract Tower,10,15,19,2,46,0,3,37,8,48,10,18,56,10,94,14,0,14,108
10/11/2013,SWF,NY,AEA,EN,Federal Contract Tower,12,21,27,4,64,0,2,57,1,60,12,23,84,5,124,34,0,34,158
10/12/2013,SWF,NY,AEA,EN,Federal Contract Tower,5,10,13,3,31,0,1,30,0,31,5,11,43,3,62,2,0,2,64
10/13/2013,SWF,NY,AEA,EN,Federal Contract Tower,4,25,18,1,48,0,2,54,0,56,4,27,72,1,104,56,0,56,160
10/14/2013,SWF,NY,AEA,EN,Federal Contract Tower,5,21,11,1,38,0,4,27,0,31,5,25,38,1,69,24,0,24,93
10/15/2013,SWF,NY,AEA,EN,Federal Contract Tower,10,17,27,5,59,0,9,84,0,93,10,26,111,5,152,70,22,92,244
10/16/2013,SWF,NY,AEA,EN,Federal Contract Tower,10,23,34,5,72,0,4,59,2,65,10,27,93,7,137,48,18,66,203
10/17/2013,SWF,NY,AEA,EN,Federal Contract Tower,10,19,17,4,50,0,9,39,0,48,10,28,56,4,98,12,0,12,110
10/18/2013,SWF,NY,AEA,EN,Federal Contract Tower,10,18,12,3,43,0,4,43,1,48,10,22,55,4,91,26,10,36,127
10/19/2013,SWF,NY,AEA,EN,Federal Contract Tower,5,12,12,1,30,0,0,30,0,30,5,12,42,1,60,0,6,6,66
10/20/2013,SWF,NY,AEA,EN,Federal Contract Tower,4,22,8,0,34,0,2,33,0,35,4,24,41,0,69,0,0,0,69
10/21/2013,SWF,NY,AEA,EN,Federal Contract Tower,5,21,19,5,50,0,9,82,5,96,5,30,101,10,146,24,8,32,178
10/22/2013,SWF,NY,AEA,EN,Federal Contract Tower,11,15,9,8,43,0,7,36,4,47,11,22,45,12,90,34,4,38,128
10/23/2013,SWF,NY,AEA,EN,Federal Contract Tower,10,24,16,6,56,0,5,30,2,37,10,29,46,8,93,34,0,34,127
10/24/2013,SWF,NY,AEA,EN,Federal Contract Tower,11,13,13,7,44,0,14,52,1,67,11,27,65,8,111,46,6,52,163
10/25/2013,SWF,NY,AEA,EN,Federal Contract Tower,12,18,11,4,45,0,6,21,9,36,12,24,32,13,81,0,0,0,81
10/26/2013,SWF,NY,AEA,EN,Federal Contract Tower,7,12,12,1,32,0,1,20,0,21,7,13,32,1,53,2,0,2,55
10/27/2013,SWF,NY,AEA,EN,Federal Contract Tower,7,19,14,0,40,0,6,26,0,32,7,25,40,0,72,20,0,20,92
10/28/2013,SWF,NY,AEA,EN,Federal Contract Tower,5,18,15,5,43,0,6,59,8,73,5,24,74,13,116,70,0,70,186
10/29/2013,SWF,NY,AEA,EN,Federal Contract Tower,13,18,16,7,54,0,4,58,7,69,13,22,74,14,123,20,0,20,143
10/30/2013,SWF,NY,AEA,EN,Federal Contract Tower,9,21,16,7,53,0,2,26,6,34,9,23,42,13,87,0,0,0,87
10/31/2013,SWF,NY,AEA,EN,Federal Contract Tower,12,17,20,11,60,0,0,0,0,0,12,17,20,11,60,0,0,0,60
11/01/2013,SWF,NY,AEA,EN,Federal Contract Tower,13,21,10,4,48,0,4,32,0,36,13,25,42,4,84,22,0,22,106
11/02/2013,SWF,NY,AEA,EN,Federal Contract Tower,7,17,12,6,42,0,3,39,3,45,7,20,51,9,87,20,0,20,107
11/03/2013,SWF,NY,AEA,EN,Federal Contract Tower,8,17,18,7,50,0,9,33,4,46,8,26,51,11,96,40,0,40,136
11/04/2013,SWF,NY,AEA,EN,Federal Contract Tower,5,14,21,4,44,0,8,62,13,83,5,22,83,17,127,30,0,30,157
11/05/2013,SWF,NY,AEA,EN,Federal Contract Tower,12,17,21,18,68,0,9,78,31,118,12,26,99,49,186,48,10,58,244
11/06/2013,SWF,NY,AEA,EN,Federal Contract Tower,11,23,17,6,57,0,5,33,11,49,11,28,50,17,106,18,14,32,138
11/07/2013,SWF,NY,AEA,EN,Federal Contract Tower,10,19,18,5,52,0,5,33,4,42,10,24,51,9,94,18,0,18,112
11/08/2013,SWF,NY,AEA,EN,Federal Contract Tower,10,17,20,14,61,0,0,3,0,3,10,17,23,14,64,0,0,0,64
11/09/2013,SWF,NY,AEA,EN,Federal Contract Tower,6,12,13,2,33,0,0,50,5,55,6,12,63,7,88,20,0,20,108
11/10/2013,SWF,NY,AEA,EN,Federal Contract Tower,6,17,7,0,30,0,3,43,0,46,6,20,50,0,76,0,0,0,76
11/11/2013,SWF,NY,AEA,EN,Federal Contract Tower,5,16,16,1,38,0,2,41,0,43,5,18,57,1,81,60,0,60,141
11/12/2013,SWF,NY,AEA,EN,Federal Contract Tower,12,17,20,7,56,0,4,11,0,15,12,21,31,7,71,0,0,0,71
11/13/2013,SWF,NY,AEA,EN,Federal Contract Tower,11,16,18,14,59,0,14,70,13,97,11,30,88,27,156,42,24,66,222
11/14/2013,SWF,NY,AEA,EN,Federal Contract Tower,8,16,14,14,52,0,6,37,6,49,8,22,51,20,101,0,0,0,101
11/15/2013,SWF,NY,AEA,EN,Federal Contract Tower,10,21,29,8,68,0,7,40,38,85,10,28,69,46,153,8,40,48,201
11/16/2013,SWF,NY,AEA,EN,Federal Contract Tower,4,14,19,0,37,0,3,35,1,39,4,17,54,1,76,30,0,30,106
11/17/2013,SWF,NY,AEA,EN,Federal Contract Tower,8,25,41,0,74,0,0,0,0,0,8,25,41,0,74,0,0,0,74
11/18/2013,SWF,NY,AEA,EN,Federal Contract Tower,4,21,18,9,52,0,4,38,4,46,4,25,56,13,98,32,10,42,140
11/19/2013,SWF,NY,AEA,EN,Federal Contract Tower,13,15,12,12,52,0,4,38,5,47,13,19,50,17,99,0,10,10,109
11/20/2013,SWF,NY,AEA,EN,Federal Contract Tower,12,16,13,5,46,0,6,64,9,79,12,22,77,14,125,24,0,24,149
11/21/2013,SWF,NY,AEA,EN,Federal Contract Tower,10,16,26,13,65,0,7,30,5,42,10,23,56,18,107,0,0,0,107
11/22/2013,SWF,NY,AEA,EN,Federal Contract Tower,10,20,22,10,62,0,4,15,0,19,10,24,37,10,81,0,0,0,81
11/23/2013,SWF,NY,AEA,EN,Federal Contract Tower,6,12,12,1,31,0,0,20,0,20,6,12,32,1,51,10,0,10,61
11/24/2013,SWF,NY,AEA,EN,Federal Contract Tower,6,16,8,1,31,0,2,21,0,23,6,18,29,1,54,0,0,0,54
11/25/2013,SWF,NY,AEA,EN,Federal Contract Tower,6,15,17,6,44,0,5,47,9,61,6,20,64,15,105,24,8,32,137
11/26/2013,SWF,NY,AEA,EN,Federal Contract Tower,11,14,18,9,52,0,5,19,5,29,11,19,37,14,81,14,6,20,101
11/27/2013,SWF,NY,AEA,EN,Federal Contract Tower,12,15,15,2,44,0,0,0,0,0,12,15,15,2,44,0,0,0,44
11/28/2013,SWF,NY,AEA,EN,Federal Contract Tower,6,7,2,0,15,0,2,3,0,5,6,9,5,0,20,0,0,0,20
11/29/2013,SWF,NY,AEA,EN,Federal Contract Tower,10,7,7,0,24,0,3,47,0,50,10,10,54,0,74,18,0,18,92
11/30/2013,SWF,NY,AEA,EN,Federal Contract Tower,5,14,9,0,28,0,0,28,0,28,5,14,37,0,56,24,0,24,80
12/01/2013,SWF,NY,AEA,EN,Federal Contract Tower,8,25,22,0,55,0,3,51,0,54,8,28,73,0,109,6,0,6,115
12/02/2013,SWF,NY,AEA,EN,Federal Contract Tower,5,17,7,3,32,0,4,25,1,30,5,21,32,4,62,8,0,8,70
12/03/2013,SWF,NY,AEA,EN,Federal Contract Tower,10,17,13,12,52,0,2,22,4,28,10,19,35,16,80,0,0,0,80
12/04/2013,SWF,NY,AEA,EN,Federal Contract Tower,11,14,22,7,54,0,4,24,4,32,11,18,46,11,86,0,0,0,86
12/05/2013,SWF,NY,AEA,EN,Federal Contract Tower,12,16,12,10,50,0,0,0,0,0,12,16,12,10,50,0,0,0,50
12/06/2013,SWF,NY,AEA,EN,Federal Contract Tower,11,16,20,5,52,0,0,1,0,1,11,16,21,5,53,0,4,4,57
12/07/2013,SWF,NY,AEA,EN,Federal Contract Tower,8,13,10,8,39,0,3,38,8,49,8,16,48,16,88,10,18,28,116
12/08/2013,SWF,NY,AEA,EN,Federal Contract Tower,5,15,23,4,47,0,2,32,1,35,5,17,55,5,82,30,0,30,112
12/09/2013,SWF,NY,AEA,EN,Federal Contract Tower,4,12,11,6,33,0,0,0,0,0,4,12,11,6,33,0,0,0,33
12/10/2013,SWF,NY,AEA,EN,Federal Contract Tower,9,22,22,7,60,0,0,0,0,0,9,22,22,7,60,0,0,0,60
12/11/2013,SWF,NY,AEA,EN,Federal Contract Tower,12,25,20,12,69,0,5,35,6,46,12,30,55,18,115,30,0,30,145
12/12/2013,SWF,NY,AEA,EN,Federal Contract Tower,12,18,21,22,73,0,4,32,13,49,12,22,53,35,122,0,16,16,138
12/13/2013,SWF,NY,AEA,EN,Federal Contract Tower,10,15,15,4,44,0,3,28,0,31,10,18,43,4,75,0,12,12,87
12/14/2013,SWF,NY,AEA,EN,Federal Contract Tower,6,5,2,2,15,0,0,0,0,0,6,5,2,2,15,0,0,0,15
12/15/2013,SWF,NY,AEA,EN,Federal Contract Tower,0,0,0,0,0,0,0,0,0,0,0,0,0,0,0,0,0,0,0
12/16/2013,SWF,NY,AEA,EN,Federal Contract Tower,0,0,0,0,0,0,0,0,0,0,0,0,0,0,0,0,0,0,0
12/17/2013,SWF,NY,AEA,EN,Federal Contract Tower,9,14,6,1,30,0,0,2,0,2,9,14,8,1,32,0,0,0,32
12/18/2013,SWF,NY,AEA,EN,Federal Contract Tower,7,12,20,11,50,0,0,29,3,32,7,12,49,14,82,10,12,22,104
12/19/2013,SWF,NY,AEA,EN,Federal Contract Tower,11,21,23,9,64,0,0,22,0,22,11,21,45,9,86,10,16,26,112
12/20/2013,SWF,NY,AEA,EN,Federal Contract Tower,13,22,18,0,53,0,2,30,0,32,13,24,48,0,85,0,0,0,85
12/21/2013,SWF,NY,AEA,EN,Federal Contract Tower,10,15,20,0,45,0,1,41,0,42,10,16,61,0,87,12,0,12,99
12/22/2013,SWF,NY,AEA,EN,Federal Contract Tower,5,10,14,1,30,0,2,2,0,4,5,12,16,1,34,0,0,0,34
12/23/2013,SWF,NY,AEA,EN,Federal Contract Tower,9,10,7,11,37,0,0,0,0,0,9,10,7,11,37,0,0,0,37
12/24/2013,SWF,NY,AEA,EN,Federal Contract Tower,11,14,5,0,30,0,4,25,0,29,11,18,30,0,59,0,0,0,59
12/25/2013,SWF,NY,AEA,EN,Federal Contract Tower,4,9,3,0,16,0,0,6,0,6,4,9,9,0,22,0,4,4,26
12/26/2013,SWF,NY,AEA,EN,Federal Contract Tower,10,19,9,0,38,0,0,20,5,25,10,19,29,5,63,2,0,2,65
12/27/2013,SWF,NY,AEA,EN,Federal Contract Tower,7,21,18,5,51,0,3,44,0,47,7,24,62,5,98,14,0,14,112
12/28/2013,SWF,NY,AEA,EN,Federal Contract Tower,5,13,7,2,27,0,3,52,0,55,5,16,59,2,82,24,0,24,106
12/29/2013,SWF,NY,AEA,EN,Federal Contract Tower,8,13,3,0,24,0,0,6,0,6,8,13,9,0,30,0,0,0,30
12/30/2013,SWF,NY,AEA,EN,Federal Contract Tower,6,14,11,4,35,0,2,38,0,40,6,16,49,4,75,0,0,0,75
12/31/2013,SWF,NY,AEA,EN,Federal Contract Tower,10,13,5,3,31,0,2,23,0,25,10,15,28,3,56,0,14,14,70
01/01/2014,SWF,NY,AEA,EN,Federal Contract Tower,4,14,6,0,24,0,0,15,0,15,4,14,21,0,39,0,0,0,39
01/02/2014,SWF,NY,AEA,EN,Federal Contract Tower,10,12,5,0,27,0,0,8,0,8,10,12,13,0,35,0,0,0,35
01/03/2014,SWF,NY,AEA,EN,Federal Contract Tower,11,11,9,0,31,0,0,2,0,2,11,11,11,0,33,0,0,0,33
01/04/2014,SWF,NY,AEA,EN,Federal Contract Tower,4,12,16,0,32,0,0,28,0,28,4,12,44,0,60,10,0,10,70
01/05/2014,SWF,NY,AEA,EN,Federal Contract Tower,5,22,17,3,47,0,3,9,0,12,5,25,26,3,59,0,0,0,59
01/06/2014,SWF,NY,AEA,EN,Federal Contract Tower,4,14,17,2,37,0,0,15,0,15,4,14,32,2,52,0,0,0,52
01/07/2014,SWF,NY,AEA,EN,Federal Contract Tower,11,7,8,5,31,0,0,22,0,22,11,7,30,5,53,0,0,0,53
01/08/2014,SWF,NY,AEA,EN,Federal Contract Tower,11,12,10,12,45,0,0,25,0,25,11,12,35,12,70,0,8,8,78
01/09/2014,SWF,NY,AEA,EN,Federal Contract Tower,13,19,13,3,48,0,3,37,2,42,13,22,50,5,90,6,4,10,100
01/10/2014,SWF,NY,AEA,EN,Federal Contract Tower,10,15,9,2,36,0,0,3,1,4,10,15,12,3,40,0,0,0,40
01/11/2014,SWF,NY,AEA,EN,Federal Contract Tower,6,15,7,7,35,0,0,0,0,0,6,15,7,7,35,0,0,0,35
01/12/2014,SWF,NY,AEA,EN,Federal Contract Tower,6,17,18,5,46,0,2,34,0,36,6,19,52,5,82,30,6,36,118
01/13/2014,SWF,NY,AEA,EN,Federal Contract Tower,6,20,20,7,53,0,4,32,4,40,6,24,52,11,93,30,0,30,123
01/14/2014,SWF,NY,AEA,EN,Federal Contract Tower,10,12,9,13,44,0,0,0,1,1,10,12,9,14,45,0,0,0,45
01/15/2014,SWF,NY,AEA,EN,Federal Contract Tower,5,13,10,1,29,0,2,29,0,31,5,15,39,1,60,32,0,32,92
01/16/2014,SWF,NY,AEA,EN,Federal Contract Tower,4,20,13,1,38,0,0,0,0,0,4,20,13,1,38,0,0,0,38
01/17/2014,SWF,NY,AEA,EN,Federal Contract Tower,5,23,16,0,44,0,6,33,5,44,5,29,49,5,88,12,4,16,104
01/18/2014,SWF,NY,AEA,EN,Federal Contract Tower,4,8,17,1,30,0,0,0,0,0,4,8,17,1,30,0,0,0,30
01/19/2014,SWF,NY,AEA,EN,Federal Contract Tower,6,17,23,5,51,0,0,20,0,20,6,17,43,5,71,10,0,10,81
01/20/2014,SWF,NY,AEA,EN,Federal Contract Tower,5,24,22,3,54,0,0,36,0,36,5,24,58,3,90,8,0,8,98
01/21/2014,SWF,NY,AEA,EN,Federal Contract Tower,11,20,8,2,41,0,0,6,0,6,11,20,14,2,47,0,0,0,47
01/22/2014,SWF,NY,AEA,EN,Federal Contract Tower,7,16,12,3,38,0,0,3,0,3,7,16,15,3,41,0,0,0,41
01/23/2014,SWF,NY,AEA,EN,Federal Contract Tower,4,19,13,1,37,0,0,36,0,36,4,19,49,1,73,20,0,20,93
01/24/2014,SWF,NY,AEA,EN,Federal Contract Tower,5,20,27,8,60,0,10,61,11,82,5,30,88,19,142,50,6,56,198
01/25/2014,SWF,NY,AEA,EN,Federal Contract Tower,6,13,17,2,38,0,0,21,0,21,6,13,38,2,59,0,0,0,59
01/26/2014,SWF,NY,AEA,EN,Federal Contract Tower,5,21,23,4,53,0,0,35,0,35,5,21,58,4,88,24,0,24,112
01/27/2014,SWF,NY,AEA,EN,Federal Contract Tower,12,20,15,3,50,0,5,33,5,43,12,25,48,8,93,0,0,0,93
01/28/2014,SWF,NY,AEA,EN,Federal Contract Tower,9,19,18,4,50,0,6,20,5,31,9,25,38,9,81,0,0,0,81
01/29/2014,SWF,NY,AEA,EN,Federal Contract Tower,8,16,9,1,34,0,4,31,0,35,8,20,40,1,69,20,4,24,93
01/30/2014,SWF,NY,AEA,EN,Federal Contract Tower,4,21,22,2,49,0,7,54,0,61,4,28,76,2,110,42,0,42,152
01/31/2014,SWF,NY,AEA,EN,Federal Contract Tower,6,22,14,6,48,0,7,63,2,72,6,29,77,8,120,38,0,38,158
02/01/2014,SWF,NY,AEA,EN,Federal Contract Tower,5,15,17,3,40,0,7,123,8,138,5,22,140,11,178,146,4,150,328
02/02/2014,SWF,NY,AEA,EN,Federal Contract Tower,8,14,17,3,42,0,4,21,0,25,8,18,38,3,67,20,0,20,87
02/03/2014,SWF,NY,AEA,EN,Federal Contract Tower,4,33,32,0,69,0,0,0,0,0,4,33,32,0,69,0,0,0,69
02/04/2014,SWF,NY,AEA,EN,Federal Contract Tower,11,21,19,6,57,0,0,25,9,34,11,21,44,15,91,0,0,0,91
02/05/2014,SWF,NY,AEA,EN,Federal Contract Tower,8,6,2,0,16,0,0,0,0,0,8,6,2,0,16,0,0,0,16
02/06/2014,SWF,NY,AEA,EN,Federal Contract Tower,14,23,19,8,64,0,2,21,13,36,14,25,40,21,100,0,0,0,100
02/07/2014,SWF,NY,AEA,EN,Federal Contract Tower,11,17,17,0,45,0,4,43,5,52,11,21,60,5,97,18,0,18,115
02/08/2014,SWF,NY,AEA,EN,Federal Contract Tower,5,10,10,10,35,0,3,51,12,66,5,13,61,22,101,30,0,30,131
02/09/2014,SWF,NY,AEA,EN,Federal Contract Tower,5,11,9,7,32,0,2,25,11,38,5,13,34,18,70,0,0,0,70
02/10/2014,SWF,NY,AEA,EN,Federal Contract Tower,7,16,23,3,49,0,2,32,0,34,7,18,55,3,83,16,0,16,99
02/11/2014,SWF,NY,AEA,EN,Federal Contract Tower,10,12,15,11,48,0,2,38,2,42,10,14,53,13,90,0,0,0,90
02/12/2014,SWF,NY,AEA,EN,Federal Contract Tower,10,15,13,7,45,0,7,32,4,43,10,22,45,11,88,4,0,4,92
02/13/2014,SWF,NY,AEA,EN,Federal Contract Tower,6,3,3,0,12,0,0,0,0,0,6,3,3,0,12,0,0,0,12
02/14/2014,SWF,NY,AEA,EN,Federal Contract Tower,10,28,16,0,54,0,0,15,0,15,10,28,31,0,69,0,0,0,69
02/15/2014,SWF,NY,AEA,EN,Federal Contract Tower,10,28,16,0,54,0,0,15,0,15,10,28,31,0,69,0,0,0,69
02/16/2014,SWF,NY,AEA,EN,Federal Contract Tower,13,20,22,5,60,0,6,41,16,63,13,26,63,21,123,15,8,23,146
02/17/2014,SWF,NY,AEA,EN,Federal Contract Tower,7,18,14,0,39,0,6,51,1,58,7,24,65,1,97,98,0,98,195
02/18/2014,SWF,NY,AEA,EN,Federal Contract Tower,6,21,18,2,47,0,2,26,2,30,6,23,44,4,77,0,0,0,77
02/19/2014,SWF,NY,AEA,EN,Federal Contract Tower,17,12,5,0,34,0,3,0,0,3,17,15,5,0,37,0,0,0,37
02/20/2014,SWF,NY,AEA,EN,Federal Contract Tower,10,13,7,3,33,0,4,36,20,60,10,17,43,23,93,6,0,6,99
02/21/2014,SWF,NY,AEA,EN,Federal Contract Tower,7,20,20,2,49,0,0,1,0,1,7,20,21,2,50,0,0,0,50
02/22/2014,SWF,NY,AEA,EN,Federal Contract Tower,6,8,17,0,31,0,0,39,0,39,6,8,56,0,70,64,0,64,134
02/23/2014,SWF,NY,AEA,EN,Federal Contract Tower,7,18,8,2,35,0,0,41,0,41,7,18,49,2,76,52,0,52,128
02/24/2014,SWF,NY,AEA,EN,Federal Contract Tower,7,12,18,2,39,0,0,26,4,30,7,12,44,6,69,2,0,2,71
02/25/2014,SWF,NY,AEA,EN,Federal Contract Tower,11,14,16,7,48,0,1,22,1,24,11,15,38,8,72,4,0,4,76
02/26/2014,SWF,NY,AEA,EN,Federal Contract Tower,12,10,20,7,49,0,5,20,2,27,12,15,40,9,76,20,0,20,96
02/27/2014,SWF,NY,AEA,EN,Federal Contract Tower,9,17,18,10,54,0,0,1,0,1,9,17,19,10,55,12,6,18,73
02/28/2014,SWF,NY,AEA,EN,Federal Contract Tower,12,16,15,5,48,0,4,50,1,55,12,20,65,6,103,24,4,28,131
03/01/2014,SWF,NY,AEA,EN,Federal Contract Tower,5,12,6,10,33,0,2,31,0,33,5,14,37,10,66,50,0,50,116
03/02/2014,SWF,NY,AEA,EN,Federal Contract Tower,6,12,8,4,30,0,4,18,0,22,6,16,26,4,52,8,0,8,60
03/03/2014,SWF,NY,AEA,EN,Federal Contract Tower,7,11,5,3,26,0,4,20,2,26,7,15,25,5,52,0,0,0,52
03/04/2014,SWF,NY,AEA,EN,Federal Contract Tower,12,15,23,9,59,0,4,50,10,64,12,19,73,19,123,6,22,28,151
03/05/2014,SWF,NY,AEA,EN,Federal Contract Tower,13,20,25,12,70,0,2,39,3,44,13,22,64,15,114,8,2,10,124
03/06/2014,SWF,NY,AEA,EN,Federal Contract Tower,10,18,17,9,54,0,10,64,1,75,10,28,81,10,129,128,0,128,257
03/07/2014,SWF,NY,AEA,EN,Federal Contract Tower,12,16,19,5,52,0,3,31,2,36,12,19,50,7,88,0,10,10,98
03/08/2014,SWF,NY,AEA,EN,Federal Contract Tower,5,9,12,0,26,0,0,51,0,51,5,9,63,0,77,22,0,22,99
03/09/2014,SWF,NY,AEA,EN,Federal Contract Tower,6,13,16,3,38,0,0,22,0,22,6,13,38,3,60,2,0,2,62
03/10/2014,SWF,NY,AEA,EN,Federal Contract Tower,7,15,12,9,43,0,9,24,1,34,7,24,36,10,77,0,4,4,81
03/11/2014,SWF,NY,AEA,EN,Federal Contract Tower,11,19,18,16,64,0,6,73,18,97,11,25,91,34,161,8,88,96,257
03/12/2014,SWF,NY,AEA,EN,Federal Contract Tower,12,14,7,2,35,0,7,17,5,29,12,21,24,7,64,8,0,8,72
03/13/2014,SWF,NY,AEA,EN,Federal Contract Tower,12,15,17,8,52,0,0,10,3,13,12,15,27,11,65,8,0,8,73
03/14/2014,SWF,NY,AEA,EN,Federal Contract Tower,12,16,7,3,38,0,7,47,4,58,12,23,54,7,96,16,0,16,112
03/15/2014,SWF,NY,AEA,EN,Federal Contract Tower,5,10,14,3,32,0,2,13,2,17,5,12,27,5,49,0,0,0,49
03/16/2014,SWF,NY,AEA,EN,Federal Contract Tower,3,12,14,2,31,0,2,35,0,37,3,14,49,2,68,24,0,24,92
03/17/2014,SWF,NY,AEA,EN,Federal Contract Tower,7,11,14,4,36,0,5,58,18,81,7,16,72,22,117,48,12,60,177
03/18/2014,SWF,NY,AEA,EN,Federal Contract Tower,10,17,16,12,55,0,4,73,7,84,10,21,89,19,139,38,20,58,197
03/19/2014,SWF,NY,AEA,EN,Federal Contract Tower,10,14,12,7,43,0,4,28,5,37,10,18,40,12,80,10,0,10,90
03/20/2014,SWF,NY,AEA,EN,Federal Contract Tower,9,16,13,6,44,0,6,51,7,64,9,22,64,13,108,52,10,62,170
03/21/2014,SWF,NY,AEA,EN,Federal Contract Tower,13,15,11,6,45,0,2,28,0,30,13,17,39,6,75,18,0,18,93
03/22/2014,SWF,NY,AEA,EN,Federal Contract Tower,6,10,9,7,32,0,1,16,2,19,6,11,25,9,51,0,22,22,73
03/23/2014,SWF,NY,AEA,EN,Federal Contract Tower,5,13,13,0,31,0,4,34,1,39,5,17,47,1,70,30,0,30,100
03/24/2014,SWF,NY,AEA,EN,Federal Contract Tower,9,14,11,5,39,0,7,60,4,71,9,21,71,9,110,40,0,40,150
03/25/2014,SWF,NY,AEA,EN,Federal Contract Tower,19,16,15,13,63,0,2,24,8,34,19,18,39,21,97,16,4,20,117
03/26/2014,SWF,NY,AEA,EN,Federal Contract Tower,10,14,9,12,45,0,0,7,6,13,10,14,16,18,58,0,20,20,78
03/27/2014,SWF,NY,AEA,EN,Federal Contract Tower,10,18,14,4,46,0,2,51,7,60,10,20,65,11,106,26,10,36,142
03/28/2014,SWF,NY,AEA,EN,Federal Contract Tower,12,17,11,2,42,0,2,1,0,3,12,19,12,2,45,0,0,0,45
03/29/2014,SWF,NY,AEA,EN,Federal Contract Tower,5,12,13,2,32,0,1,12,0,13,5,13,25,2,45,6,0,6,51
03/30/2014,SWF,NY,AEA,EN,Federal Contract Tower,4,13,5,3,25,0,0,0,0,0,4,13,5,3,25,0,0,0,25
03/31/2014,SWF,NY,AEA,EN,Federal Contract Tower,7,11,14,1,33,0,2,27,1,30,7,13,41,2,63,0,0,0,63
04/01/2014,SWF,NY,AEA,EN,Federal Contract Tower,12,18,15,10,55,0,10,74,17,101,12,28,89,27,156,54,0,54,210
04/02/2014,SWF,NY,AEA,EN,Federal Contract Tower,10,20,11,14,55,0,6,55,20,81,10,26,66,34,136,32,0,32,168
04/03/2014,SWF,NY,AEA,EN,Federal Contract Tower,10,11,16,8,45,0,3,45,15,63,10,14,61,23,108,10,0,10,118
04/04/2014,SWF,NY,AEA,EN,Federal Contract Tower,9,17,13,3,42,0,2,17,4,23,9,19,30,7,65,0,0,0,65
04/05/2014,SWF,NY,AEA,EN,Federal Contract Tower,5,8,5,21,39,0,5,24,10,39,5,13,29,31,78,2,12,14,92
04/06/2014,SWF,NY,AEA,EN,Federal Contract Tower,4,18,28,8,58,0,6,85,5,96,4,24,113,13,154,68,0,68,222
04/07/2014,SWF,NY,AEA,EN,Federal Contract Tower,6,15,18,3,42,0,5,48,5,58,6,20,66,8,100,4,0,4,104
04/08/2014,SWF,NY,AEA,EN,Federal Contract Tower,13,18,27,6,64,0,0,27,2,29,13,18,54,8,93,4,0,4,97
04/09/2014,SWF,NY,AEA,EN,Federal Contract Tower,11,21,18,8,58,0,14,68,17,99,11,35,86,25,157,72,0,72,229
04/10/2014,SWF,NY,AEA,EN,Federal Contract Tower,14,21,29,7,71,0,4,43,4,51,14,25,72,11,122,6,0,6,128
04/11/2014,SWF,NY,AEA,EN,Federal Contract Tower,14,20,17,13,64,0,4,16,2,22,14,24,33,15,86,0,0,0,86
04/12/2014,SWF,NY,AEA,EN,Federal Contract Tower,5,12,16,3,36,0,0,40,2,42,5,12,56,5,78,42,0,42,120
04/13/2014,SWF,NY,AEA,EN,Federal Contract Tower,4,17,18,2,41,0,2,61,0,63,4,19,79,2,104,46,0,46,150
04/14/2014,SWF,NY,AEA,EN,Federal Contract Tower,5,19,11,6,41,0,8,30,1,39,5,27,41,7,80,0,0,0,80
04/15/2014,SWF,NY,AEA,EN,Federal Contract Tower,14,16,10,5,45,0,0,0,0,0,14,16,10,5,45,0,0,0,45
04/16/2014,SWF,NY,AEA,EN,Federal Contract Tower,10,22,17,7,56,0,7,49,12,68,10,29,66,19,124,0,0,0,124
04/17/2014,SWF,NY,AEA,EN,Federal Contract Tower,10,18,13,10,51,0,2,52,6,60,10,20,65,16,111,60,0,60,171
04/18/2014,SWF,NY,AEA,EN,Federal Contract Tower,12,15,30,4,61,0,4,40,2,46,12,19,70,6,107,18,0,18,125
04/19/2014,SWF,NY,AEA,EN,Federal Contract Tower,4,13,6,1,24,0,0,34,11,45,4,13,40,12,69,32,0,32,101
04/20/2014,SWF,NY,AEA,EN,Federal Contract Tower,4,15,7,0,26,0,6,45,7,58,4,21,52,7,84,16,0,16,100
04/21/2014,SWF,NY,AEA,EN,Federal Contract Tower,8,24,19,4,55,0,2,61,3,66,8,26,80,7,121,22,0,22,143
04/22/2014,SWF,NY,AEA,EN,Federal Contract Tower,12,23,22,9,66,0,8,38,4,50,12,31,60,13,116,34,0,34,150
04/23/2014,SWF,NY,AEA,EN,Federal Contract Tower,10,16,9,7,42,0,2,37,7,46,10,18,46,14,88,8,0,8,96
04/24/2014,SWF,NY,AEA,EN,Federal Contract Tower,10,20,13,11,54,0,0,35,2,37,10,20,48,13,91,2,2,4,95
04/25/2014,SWF,NY,AEA,EN,Federal Contract Tower,13,19,29,5,66,0,5,53,3,61,13,24,82,8,127,12,0,12,139
04/26/2014,SWF,NY,AEA,EN,Federal Contract Tower,9,10,19,1,39,0,1,13,3,17,9,11,32,4,56,0,0,0,56
04/27/2014,SWF,NY,AEA,EN,Federal Contract Tower,3,21,16,1,41,0,1,48,0,49,3,22,64,1,90,44,0,44,134
04/28/2014,SWF,NY,AEA,EN,Federal Contract Tower,5,15,11,5,36,0,2,45,10,57,5,17,56,15,93,28,0,28,121
04/29/2014,SWF,NY,AEA,EN,Federal Contract Tower,11,17,11,6,45,0,4,16,0,20,11,21,27,6,65,6,0,6,71
04/30/2014,SWF,NY,AEA,EN,Federal Contract Tower,10,19,14,9,52,0,0,0,0,0,10,19,14,9,52,0,0,0,52
05/01/2014,SWF,NY,AEA,EN,Federal Contract Tower,10,23,34,5,72,0,1,27,6,34,10,24,61,11,106,40,10,50,156
05/02/2014,SWF,NY,AEA,EN,Federal Contract Tower,12,17,23,6,58,0,2,50,5,57,12,19,73,11,115,8,0,8,123
05/03/2014,SWF,NY,AEA,EN,Federal Contract Tower,5,18,13,1,37,0,15,57,4,76,5,33,70,5,113,20,0,20,133
05/04/2014,SWF,NY,AEA,EN,Federal Contract Tower,4,18,18,5,45,0,8,48,5,61,4,26,66,10,106,12,6,18,124
05/05/2014,SWF,NY,AEA,EN,Federal Contract Tower,8,17,14,3,42,0,5,39,10,54,8,22,53,13,96,4,16,20,116
05/06/2014,SWF,NY,AEA,EN,Federal Contract Tower,12,19,13,11,55,0,3,52,7,62,12,22,65,18,117,58,26,84,201
05/07/2014,SWF,NY,AEA,EN,Federal Contract Tower,10,20,30,6,66,0,6,46,9,61,10,26,76,15,127,34,4,38,165
05/08/2014,SWF,NY,AEA,EN,Federal Contract Tower,10,25,38,19,92,0,0,2,0,2,10,25,40,19,94,0,0,0,94
05/09/2014,SWF,NY,AEA,EN,Federal Contract Tower,10,22,25,4,61,0,0,0,0,0,10,22,25,4,61,0,0,0,61
05/10/2014,SWF,NY,AEA,EN,Federal Contract Tower,6,10,12,1,29,0,9,22,0,31,6,19,34,1,60,58,0,58,118
05/11/2014,SWF,NY,AEA,EN,Federal Contract Tower,5,16,11,1,33,0,13,83,2,98,5,29,94,3,131,134,0,134,265
05/12/2014,SWF,NY,AEA,EN,Federal Contract Tower,7,19,12,8,46,0,4,33,8,45,7,23,45,16,91,10,10,20,111
05/13/2014,SWF,NY,AEA,EN,Federal Contract Tower,10,22,14,9,55,0,5,63,0,68,10,27,77,9,123,26,0,26,149
05/14/2014,SWF,NY,AEA,EN,Federal Contract Tower,12,25,12,8,57,0,3,15,2,20,12,28,27,10,77,6,0,6,83
05/15/2014,SWF,NY,AEA,EN,Federal Contract Tower,19,32,38,8,97,0,0,0,0,0,19,32,38,8,97,0,0,0,97
05/16/2014,SWF,NY,AEA,EN,Federal Contract Tower,18,19,14,2,53,0,0,0,0,0,18,19,14,2,53,0,0,0,53
05/17/2014,SWF,NY,AEA,EN,Federal Contract Tower,5,17,11,3,36,0,8,47,0,55,5,25,58,3,91,54,0,54,145
05/18/2014,SWF,NY,AEA,EN,Federal Contract Tower,4,27,13,5,49,0,7,58,10,75,4,34,71,15,124,0,0,0,124
05/19/2014,SWF,NY,AEA,EN,Federal Contract Tower,5,16,23,4,48,0,7,55,5,67,5,23,78,9,115,30,0,30,145
05/20/2014,SWF,NY,AEA,EN,Federal Contract Tower,10,23,19,13,65,0,3,34,9,46,10,26,53,22,111,6,10,16,127
05/21/2014,SWF,NY,AEA,EN,Federal Contract Tower,10,28,28,12,78,0,1,21,9,31,10,29,49,21,109,12,6,18,127
05/22/2014,SWF,NY,AEA,EN,Federal Contract Tower,14,41,21,24,100,0,1,5,0,6,14,42,26,24,106,0,20,20,126
05/23/2014,SWF,NY,AEA,EN,Federal Contract Tower,19,29,18,10,76,0,1,32,0,33,19,30,50,10,109,0,0,0,109
05/24/2014,SWF,NY,AEA,EN,Federal Contract Tower,6,9,10,1,26,0,4,30,0,34,6,13,40,1,60,0,0,0,60
05/25/2014,SWF,NY,AEA,EN,Federal Contract Tower,4,14,21,3,42,0,4,25,4,33,4,18,46,7,75,0,0,0,75
05/26/2014,SWF,NY,AEA,EN,Federal Contract Tower,5,17,16,2,40,0,4,51,7,62,5,21,67,9,102,0,0,0,102
05/27/2014,SWF,NY,AEA,EN,Federal Contract Tower,9,22,15,5,51,0,8,33,23,64,9,30,48,28,115,16,6,22,137
05/28/2014,SWF,NY,AEA,EN,Federal Contract Tower,12,26,24,11,73,0,2,2,0,4,12,28,26,11,77,0,0,0,77
05/29/2014,SWF,NY,AEA,EN,Federal Contract Tower,15,19,21,8,63,0,4,56,6,66,15,23,77,14,129,0,0,0,129
05/30/2014,SWF,NY,AEA,EN,Federal Contract Tower,13,21,18,3,55,0,7,60,1,68,13,28,78,4,123,24,0,24,147
05/31/2014,SWF,NY,AEA,EN,Federal Contract Tower,6,9,13,0,28,0,4,50,5,59,6,13,63,5,87,0,0,0,87
06/01/2014,SWF,NY,AEA,EN,Federal Contract Tower,5,10,15,4,34,0,10,75,8,93,5,20,90,12,127,18,0,18,145
06/02/2014,SWF,NY,AEA,EN,Federal Contract Tower,8,19,18,3,48,0,5,45,19,69,8,24,63,22,117,44,6,50,167
06/03/2014,SWF,NY,AEA,EN,Federal Contract Tower,10,20,10,9,49,0,6,31,17,54,10,26,41,26,103,28,12,40,143
06/04/2014,SWF,NY,AEA,EN,Federal Contract Tower,8,13,21,12,54,0,3,32,0,35,8,16,53,12,89,18,0,18,107
06/05/2014,SWF,NY,AEA,EN,Federal Contract Tower,9,18,18,12,57,0,4,38,2,44,9,22,56,14,101,6,12,18,119
06/06/2014,SWF,NY,AEA,EN,Federal Contract Tower,14,21,18,2,55,0,3,69,33,105,14,24,87,35,160,28,20,48,208
06/07/2014,SWF,NY,AEA,EN,Federal Contract Tower,5,10,10,3,28,0,1,42,38,81,5,11,52,41,109,4,12,16,125
06/08/2014,SWF,NY,AEA,EN,Federal Contract Tower,4,18,18,3,43,0,2,53,29,84,4,20,71,32,127,12,0,12,139
06/09/2014,SWF,NY,AEA,EN,Federal Contract Tower,11,20,17,7,55,0,0,4,1,5,11,20,21,8,60,0,0,0,60
06/10/2014,SWF,NY,AEA,EN,Federal Contract Tower,14,21,17,10,62,0,1,2,3,6,14,22,19,13,68,0,0,0,68
06/11/2014,SWF,NY,AEA,EN,Federal Contract Tower,11,22,22,9,64,0,0,7,0,7,11,22,29,9,71,6,0,6,77
06/12/2014,SWF,NY,AEA,EN,Federal Contract Tower,14,24,23,12,73,0,0,0,0,0,14,24,23,12,73,0,0,0,73
06/13/2014,SWF,NY,AEA,EN,Federal Contract Tower,15,34,22,2,73,0,0,0,0,0,15,34,22,2,73,0,0,0,73
06/14/2014,SWF,NY,AEA,EN,Federal Contract Tower,7,10,7,1,25,0,1,16,29,46,7,11,23,30,71,0,0,0,71
06/15/2014,SWF,NY,AEA,EN,Federal Contract Tower,4,20,8,1,33,0,2,33,8,43,4,22,41,9,76,0,0,0,76
06/16/2014,SWF,NY,AEA,EN,Federal Contract Tower,8,13,24,3,48,0,6,56,8,70,8,19,80,11,118,10,0,10,128
06/17/2014,SWF,NY,AEA,EN,Federal Contract Tower,13,19,15,4,51,0,9,34,0,43,13,28,49,4,94,10,14,24,118
06/18/2014,SWF,NY,AEA,EN,Federal Contract Tower,11,19,19,8,57,0,6,48,7,61,11,25,67,15,118,0,24,24,142
06/19/2014,SWF,NY,AEA,EN,Federal Contract Tower,12,21,15,9,57,0,2,34,11,47,12,23,49,20,104,16,12,28,132
06/20/2014,SWF,NY,AEA,EN,Federal Contract Tower,12,15,8,4,39,0,10,53,21,84,12,25,61,25,123,38,0,38,161
06/21/2014,SWF,NY,AEA,EN,Federal Contract Tower,5,13,15,1,34,0,10,74,4,88,5,23,89,5,122,22,2,24,146
06/22/2014,SWF,NY,AEA,EN,Federal Contract Tower,3,23,15,0,41,0,6,57,0,63,3,29,72,0,104,14,0,14,118
06/23/2014,SWF,NY,AEA,EN,Federal Contract Tower,6,29,13,6,54,0,7,68,6,81,6,36,81,12,135,22,0,22,157
06/24/2014,SWF,NY,AEA,EN,Federal Contract Tower,13,21,13,9,56,0,6,51,6,63,13,27,64,15,119,38,0,38,157
06/25/2014,SWF,NY,AEA,EN,Federal Contract Tower,10,16,18,6,50,0,5,23,5,33,10,21,41,11,83,0,38,38,121
06/26/2014,SWF,NY,AEA,EN,Federal Contract Tower,11,19,10,8,48,0,4,26,1,31,11,23,36,9,79,10,8,18,97
06/27/2014,SWF,NY,AEA,EN,Federal Contract Tower,12,17,23,6,58,0,11,48,15,74,12,28,71,21,132,56,24,80,212
06/28/2014,SWF,NY,AEA,EN,Federal Contract Tower,5,11,1,4,21,0,9,28,9,46,5,20,29,13,67,4,0,4,71
06/29/2014,SWF,NY,AEA,EN,Federal Contract Tower,4,17,7,1,29,0,6,35,0,41,4,23,42,1,70,72,0,72,142
06/30/2014,SWF,NY,AEA,EN,Federal Contract Tower,7,17,7,8,39,0,2,37,5,44,7,19,44,13,83,32,4,36,119
07/01/2014,SWF,NY,AEA,EN,Federal Contract Tower,12,15,14,8,49,0,5,42,8,55,12,20,56,16,104,30,18,48,152
07/02/2014,SWF,NY,AEA,EN,Federal Contract Tower,14,25,23,4,66,0,3,50,8,61,14,28,73,12,127,4,24,28,155
07/03/2014,SWF,NY,AEA,EN,Federal Contract Tower,9,17,15,1,42,0,2,11,0,13,9,19,26,1,55,0,0,0,55
07/04/2014,SWF,NY,AEA,EN,Federal Contract Tower,7,16,10,0,33,0,0,0,0,0,7,16,10,0,33,0,0,0,33
07/05/2014,SWF,NY,AEA,EN,Federal Contract Tower,7,18,3,0,28,0,4,58,6,68,7,22,61,6,96,0,0,0,96
07/06/2014,SWF,NY,AEA,EN,Federal Contract Tower,4,26,7,0,37,0,6,44,0,50,4,32,51,0,87,20,0,20,107
07/07/2014,SWF,NY,AEA,EN,Federal Contract Tower,7,12,16,2,37,0,4,26,0,30,7,16,42,2,67,16,0,16,83
07/08/2014,SWF,NY,AEA,EN,Federal Contract Tower,11,19,7,6,43,0,4,24,8,36,11,23,31,14,79,6,40,46,125
07/09/2014,SWF,NY,AEA,EN,Federal Contract Tower,11,25,15,11,62,0,14,58,12,84,11,39,73,23,146,0,30,30,176
07/10/2014,SWF,NY,AEA,EN,Federal Contract Tower,9,19,23,0,51,0,5,45,5,55,9,24,68,5,106,0,0,0,106
07/11/2014,SWF,NY,AEA,EN,Federal Contract Tower,12,22,17,3,54,0,2,43,2,47,12,24,60,5,101,8,0,8,109
07/12/2014,SWF,NY,AEA,EN,Federal Contract Tower,5,12,16,1,34,0,6,65,0,71,5,18,81,1,105,30,0,30,135
07/13/2014,SWF,NY,AEA,EN,Federal Contract Tower,5,19,18,1,43,0,2,15,1,18,5,21,33,2,61,0,0,0,61
07/14/2014,SWF,NY,AEA,EN,Federal Contract Tower,9,23,18,2,52,0,0,11,1,12,9,23,29,3,64,0,0,0,64
07/15/2014,SWF,NY,AEA,EN,Federal Contract Tower,17,32,12,6,67,0,0,8,4,12,17,32,20,10,79,0,0,0,79
07/16/2014,SWF,NY,AEA,EN,Federal Contract Tower,11,24,19,8,62,0,5,64,61,130,11,29,83,69,192,26,26,52,244
07/17/2014,SWF,NY,AEA,EN,Federal Contract Tower,11,21,20,8,60,0,4,68,8,80,11,25,88,16,140,28,0,28,168
07/18/2014,SWF,NY,AEA,EN,Federal Contract Tower,12,16,12,7,47,0,9,69,8,86,12,25,81,15,133,20,8,28,161
07/19/2014,SWF,NY,AEA,EN,Federal Contract Tower,8,14,13,3,38,0,0,53,2,55,8,14,66,5,93,0,0,0,93
07/20/2014,SWF,NY,AEA,EN,Federal Contract Tower,4,21,18,27,70,0,2,34,0,36,4,23,52,27,106,36,0,36,142
07/21/2014,SWF,NY,AEA,EN,Federal Contract Tower,8,20,23,5,56,0,9,52,0,61,8,29,75,5,117,12,0,12,129
07/22/2014,SWF,NY,AEA,EN,Federal Contract Tower,12,18,12,5,47,0,2,52,3,57,12,20,64,8,104,0,0,0,104
07/23/2014,SWF,NY,AEA,EN,Federal Contract Tower,13,16,12,9,50,0,2,53,27,82,13,18,65,36,132,10,18,28,160
07/24/2014,SWF,NY,AEA,EN,Federal Contract Tower,8,20,12,6,46,0,1,36,6,43,8,21,48,12,89,8,0,8,97
07/25/2014,SWF,NY,AEA,EN,Federal Contract Tower,12,29,17,3,61,0,7,86,14,107,12,36,103,17,168,6,0,6,174
07/26/2014,SWF,NY,AEA,EN,Federal Contract Tower,5,14,10,1,30,0,4,39,2,45,5,18,49,3,75,12,0,12,87
07/27/2014,SWF,NY,AEA,EN,Federal Contract Tower,3,17,13,1,34,0,0,28,2,30,3,17,41,3,64,0,0,0,64
07/28/2014,SWF,NY,AEA,EN,Federal Contract Tower,7,18,22,7,54,0,3,29,2,34,7,21,51,9,88,4,6,10,98
07/29/2014,SWF,NY,AEA,EN,Federal Contract Tower,11,22,16,17,66,0,8,65,33,106,11,30,81,50,172,6,20,26,198
07/30/2014,SWF,NY,AEA,EN,Federal Contract Tower,13,18,15,10,56,0,5,45,17,67,13,23,60,27,123,0,46,46,169
07/31/2014,SWF,NY,AEA,EN,Federal Contract Tower,11,24,19,14,68,0,4,67,7,78,11,28,86,21,146,30,22,52,198
08/01/2014,SWF,NY,AEA,EN,Federal Contract Tower,12,18,15,6,51,0,13,71,8,92,12,31,86,14,143,12,4,16,159
08/02/2014,SWF,NY,AEA,EN,Federal Contract Tower,5,17,12,2,36,0,5,21,0,26,5,22,33,2,62,4,0,4,66
08/03/2014,SWF,NY,AEA,EN,Federal Contract Tower,4,26,15,1,46,0,3,23,0,26,4,29,38,1,72,0,0,0,72
08/04/2014,SWF,NY,AEA,EN,Federal Contract Tower,7,17,12,2,38,0,7,43,3,53,7,24,55,5,91,20,0,20,111
08/05/2014,SWF,NY,AEA,EN,Federal Contract Tower,12,15,15,7,49,0,13,59,16,88,12,28,74,23,137,38,4,42,179
08/06/2014,SWF,NY,AEA,EN,Federal Contract Tower,12,12,15,11,50,0,6,43,17,66,12,18,58,28,116,22,34,56,172
08/07/2014,SWF,NY,AEA,EN,Federal Contract Tower,12,17,16,1,46,0,8,44,12,64,12,25,60,13,110,10,12,22,132
08/08/2014,SWF,NY,AEA,EN,Federal Contract Tower,12,24,13,5,54,0,5,48,4,57,12,29,61,9,111,24,8,32,143
08/09/2014,SWF,NY,AEA,EN,Federal Contract Tower,5,14,9,0,28,0,2,34,0,36,5,16,43,0,64,16,0,16,80
08/10/2014,SWF,NY,AEA,EN,Federal Contract Tower,4,20,15,3,42,0,3,43,0,46,4,23,58,3,88,6,0,6,94
08/11/2014,SWF,NY,AEA,EN,Federal Contract Tower,7,15,17,0,39,0,4,55,1,60,7,19,72,1,99,0,0,0,99
08/12/2014,SWF,NY,AEA,EN,Federal Contract Tower,10,23,10,10,53,0,3,16,16,35,10,26,26,26,88,0,42,42,130
08/13/2014,SWF,NY,AEA,EN,Federal Contract Tower,9,24,17,7,57,0,3,11,13,27,9,27,28,20,84,0,20,20,104
08/14/2014,SWF,NY,AEA,EN,Federal Contract Tower,9,19,12,15,55,0,7,45,5,57,9,26,57,20,112,46,12,58,170
08/15/2014,SWF,NY,AEA,EN,Federal Contract Tower,12,19,13,7,51,0,2,29,3,34,12,21,42,10,85,16,8,24,109
08/16/2014,SWF,NY,AEA,EN,Federal Contract Tower,5,14,9,5,33,0,12,43,3,58,5,26,52,8,91,14,0,14,105
08/17/2014,SWF,NY,AEA,EN,Federal Contract Tower,4,24,22,0,50,0,21,37,0,58,4,45,59,0,108,24,0,24,132
08/18/2014,SWF,NY,AEA,EN,Federal Contract Tower,8,20,14,3,45,0,7,51,0,58,8,27,65,3,103,30,0,30,133
08/19/2014,SWF,NY,AEA,EN,Federal Contract Tower,14,19,16,11,60,0,25,91,18,134,14,44,107,29,194,26,36,62,256
08/20/2014,SWF,NY,AEA,EN,Federal Contract Tower,10,24,14,9,57,0,11,47,21,79,10,35,61,30,136,14,14,28,164
08/21/2014,SWF,NY,AEA,EN,Federal Contract Tower,11,24,14,5,54,0,4,26,7,37,11,28,40,12,91,0,4,4,95
08/22/2014,SWF,NY,AEA,EN,Federal Contract Tower,13,19,10,8,50,0,0,8,3,11,13,19,18,11,61,4,4,8,69
08/23/2014,SWF,NY,AEA,EN,Federal Contract Tower,5,19,6,2,32,0,1,17,0,18,5,20,23,2,50,0,0,0,50
08/24/2014,SWF,NY,AEA,EN,Federal Contract Tower,6,23,8,0,37,0,4,37,0,41,6,27,45,0,78,22,0,22,100
08/25/2014,SWF,NY,AEA,EN,Federal Contract Tower,7,14,16,5,42,0,4,54,0,58,7,18,70,5,100,10,0,10,110
08/26/2014,SWF,NY,AEA,EN,Federal Contract Tower,12,22,22,10,66,0,0,38,7,45,12,22,60,17,111,18,16,34,145
08/27/2014,SWF,NY,AEA,EN,Federal Contract Tower,10,25,18,10,63,0,8,40,8,56,10,33,58,18,119,8,10,18,137
08/28/2014,SWF,NY,AEA,EN,Federal Contract Tower,11,20,14,15,60,0,3,40,3,46,11,23,54,18,106,24,0,24,130
08/29/2014,SWF,NY,AEA,EN,Federal Contract Tower,12,22,25,2,61,0,2,35,2,39,12,24,60,4,100,20,0,20,120
08/30/2014,SWF,NY,AEA,EN,Federal Contract Tower,6,11,11,0,28,0,9,27,0,36,6,20,38,0,64,0,0,0,64
08/31/2014,SWF,NY,AEA,EN,Federal Contract Tower,5,10,5,5,25,0,2,8,0,10,5,12,13,5,35,0,0,0,35
09/01/2014,SWF,NY,AEA,EN,Federal Contract Tower,6,15,13,2,36,0,3,25,0,28,6,18,38,2,64,0,0,0,64
09/02/2014,SWF,NY,AEA,EN,Federal Contract Tower,10,23,24,9,66,0,15,26,13,54,10,38,50,22,120,10,0,10,130
09/03/2014,SWF,NY,AEA,EN,Federal Contract Tower,11,18,24,13,66,0,8,49,2,59,11,26,73,15,125,0,4,4,129
09/04/2014,SWF,NY,AEA,EN,Federal Contract Tower,10,22,23,8,63,0,3,36,14,53,10,25,59,22,116,2,8,10,126
09/05/2014,SWF,NY,AEA,EN,Federal Contract Tower,13,21,22,13,69,0,5,35,9,49,13,26,57,22,118,0,8,8,126
09/06/2014,SWF,NY,AEA,EN,Federal Contract Tower,8,14,7,13,42,0,4,21,3,28,8,18,28,16,70,4,4,8,78
09/07/2014,SWF,NY,AEA,EN,Federal Contract Tower,4,22,15,3,44,0,8,54,9,71,4,30,69,12,115,14,0,14,129
09/08/2014,SWF,NY,AEA,EN,Federal Contract Tower,7,13,23,0,43,0,5,46,9,60,7,18,69,9,103,6,0,6,109
09/09/2014,SWF,NY,AEA,EN,Federal Contract Tower,12,19,20,18,69,0,7,54,15,76,12,26,74,33,145,24,0,24,169
09/10/2014,SWF,NY,AEA,EN,Federal Contract Tower,10,23,12,9,54,0,2,43,1,46,10,25,55,10,100,2,0,2,102
09/11/2014,SWF,NY,AEA,EN,Federal Contract Tower,10,17,18,7,52,0,6,24,9,39,10,23,42,16,91,10,20,30,121
09/12/2014,SWF,NY,AEA,EN,Federal Contract Tower,13,21,19,8,61,0,4,42,1,47,13,25,61,9,108,4,0,4,112
09/13/2014,SWF,NY,AEA,EN,Federal Contract Tower,5,10,10,5,30,0,4,21,0,25,5,14,31,5,55,2,0,2,57
09/14/2014,SWF,NY,AEA,EN,Federal Contract Tower,6,19,14,1,40,0,4,40,2,46,6,23,54,3,86,0,0,0,86
09/15/2014,SWF,NY,AEA,EN,Federal Contract Tower,7,16,12,7,42,0,5,43,0,48,7,21,55,7,90,22,0,22,112
09/16/2014,SWF,NY,AEA,EN,Federal Contract Tower,12,20,15,8,55,0,3,29,2,34,12,23,44,10,89,0,18,18,107
09/17/2014,SWF,NY,AEA,EN,Federal Contract Tower,13,18,13,6,50,0,7,54,3,64,13,25,67,9,114,24,0,24,138
09/18/2014,SWF,NY,AEA,EN,Federal Contract Tower,11,24,18,7,60,0,4,51,14,69,11,28,69,21,129,44,4,48,177
09/19/2014,SWF,NY,AEA,EN,Federal Contract Tower,17,20,23,5,65,0,5,51,4,60,17,25,74,9,125,0,0,0,125
09/20/2014,SWF,NY,AEA,EN,Federal Contract Tower,8,13,13,0,34,0,7,58,0,65,8,20,71,0,99,52,0,52,151
09/21/2014,SWF,NY,AEA,EN,Federal Contract Tower,14,27,17,1,59,0,1,12,0,13,14,28,29,1,72,0,0,0,72
09/22/2014,SWF,NY,AEA,EN,Federal Contract Tower,15,20,15,2,52,0,1,28,0,29,15,21,43,2,81,0,0,0,81
09/23/2014,SWF,NY,AEA,EN,Federal Contract Tower,14,27,23,4,68,0,6,58,1,65,14,33,81,5,133,28,0,28,161
09/24/2014,SWF,NY,AEA,EN,Federal Contract Tower,14,22,18,18,72,0,7,39,8,54,14,29,57,26,126,24,12,36,162
09/25/2014,SWF,NY,AEA,EN,Federal Contract Tower,15,16,14,10,55,0,5,30,2,37,15,21,44,12,92,10,0,10,102
09/26/2014,SWF,NY,AEA,EN,Federal Contract Tower,23,20,6,7,56,0,2,36,6,44,23,22,42,13,100,0,2,2,102
09/27/2014,SWF,NY,AEA,EN,Federal Contract Tower,16,16,4,1,37,0,8,65,2,75,16,24,69,3,112,38,0,38,150
09/28/2014,SWF,NY,AEA,EN,Federal Contract Tower,5,21,15,2,43,0,1,70,0,71,5,22,85,2,114,34,0,34,148
09/29/2014,SWF,NY,AEA,EN,Federal Contract Tower,9,20,15,0,44,11,34,2,0,47,20,54,17,0,91,7,0,7,98
09/30/2014,SWF,NY,AEA,EN,Federal Contract Tower,11,18,22,2,53,0,4,52,7,63,11,22,74,9,116,10,22,32,148
10/01/2014,SWF,NY,AEA,EN,Federal Contract Tower,10,16,18,5,49,0,4,14,2,20,10,20,32,7,69,0,0,0,69
10/02/2014,SWF,NY,AEA,EN,Federal Contract Tower,10,19,20,13,62,0,4,22,3,29,10,23,42,16,91,0,0,0,91
10/03/2014,SWF,NY,AEA,EN,Federal Contract Tower,14,16,17,6,53,0,6,38,13,57,14,22,55,19,110,14,0,14,124
10/04/2014,SWF,NY,AEA,EN,Federal Contract Tower,7,13,10,3,33,0,4,26,5,35,7,17,36,8,68,26,0,26,94
10/05/2014,SWF,NY,AEA,EN,Federal Contract Tower,5,20,16,2,43,0,3,48,5,56,5,23,64,7,99,18,0,18,117
10/06/2014,SWF,NY,AEA,EN,Federal Contract Tower,8,13,15,3,39,0,7,47,12,66,8,20,62,15,105,0,0,0,105
10/07/2014,SWF,NY,AEA,EN,Federal Contract Tower,15,22,28,8,73,0,5,45,2,52,15,27,73,10,125,0,0,0,125
10/08/2014,SWF,NY,AEA,EN,Federal Contract Tower,10,19,20,7,56,0,11,53,0,64,10,30,73,7,120,60,0,60,180
10/09/2014,SWF,NY,AEA,EN,Federal Contract Tower,10,21,25,7,63,0,6,33,2,41,10,27,58,9,104,18,6,24,128
10/10/2014,SWF,NY,AEA,EN,Federal Contract Tower,15,22,14,4,55,0,6,32,2,40,15,28,46,6,95,38,0,38,133
10/11/2014,SWF,NY,AEA,EN,Federal Contract Tower,8,15,10,0,33,0,5,21,3,29,8,20,31,3,62,14,0,14,76
10/12/2014,SWF,NY,AEA,EN,Federal Contract Tower,4,18,12,1,35,0,1,57,1,59,4,19,69,2,94,30,18,48,142
10/13/2014,SWF,NY,AEA,EN,Federal Contract Tower,7,19,17,2,45,0,3,33,7,43,7,22,50,9,88,16,0,16,104
10/14/2014,SWF,NY,AEA,EN,Federal Contract Tower,12,23,24,8,67,0,9,39,0,48,12,32,63,8,115,54,0,54,169
10/15/2014,SWF,NY,AEA,EN,Federal Contract Tower,10,19,16,15,60,0,2,19,5,26,10,21,35,20,86,46,0,46,132
10/16/2014,SWF,NY,AEA,EN,Federal Contract Tower,10,25,15,9,59,0,2,30,0,32,10,27,45,9,91,0,0,0,91
10/17/2014,SWF,NY,AEA,EN,Federal Contract Tower,12,2,3,0,17,0,11,75,7,93,12,13,78,7,110,20,0,20,130
10/18/2014,SWF,NY,AEA,EN,Federal Contract Tower,5,16,12,2,35,0,6,41,0,47,5,22,53,2,82,62,0,62,144
10/19/2014,SWF,NY,AEA,EN,Federal Contract Tower,4,21,13,1,39,0,3,28,0,31,4,24,41,1,70,0,0,0,70
10/20/2014,SWF,NY,AEA,EN,Federal Contract Tower,7,19,19,4,49,0,5,58,6,69,7,24,77,10,118,20,0,20,138
10/21/2014,SWF,NY,AEA,EN,Federal Contract Tower,10,20,11,7,48,0,3,11,4,18,10,23,22,11,66,0,0,0,66
10/22/2014,SWF,NY,AEA,EN,Federal Contract Tower,10,20,7,7,44,0,1,1,0,2,10,21,8,7,46,0,0,0,46
10/23/2014,SWF,NY,AEA,EN,Federal Contract Tower,10,17,14,2,43,0,0,0,0,0,10,17,14,2,43,0,0,0,43
10/24/2014,SWF,NY,AEA,EN,Federal Contract Tower,13,17,13,5,48,0,10,63,14,87,13,27,76,19,135,20,0,20,155
10/25/2014,SWF,NY,AEA,EN,Federal Contract Tower,6,12,4,1,23,0,3,50,16,69,6,15,54,17,92,44,0,44,136
10/26/2014,SWF,NY,AEA,EN,Federal Contract Tower,4,17,13,0,34,0,0,7,0,7,4,17,20,0,41,0,0,0,41
10/27/2014,SWF,NY,AEA,EN,Federal Contract Tower,7,15,10,6,38,0,7,47,14,68,7,22,57,20,106,16,0,16,122
10/28/2014,SWF,NY,AEA,EN,Federal Contract Tower,13,19,11,7,50,0,2,28,4,34,13,21,39,11,84,38,0,38,122
10/29/2014,SWF,NY,AEA,EN,Federal Contract Tower,10,17,11,4,42,0,2,16,7,25,10,19,27,11,67,0,8,8,75
10/30/2014,SWF,NY,AEA,EN,Federal Contract Tower,10,14,9,17,50,0,4,41,11,56,10,18,50,28,106,0,0,0,106
10/31/2014,SWF,NY,AEA,EN,Federal Contract Tower,12,16,18,10,56,0,4,45,4,53,12,20,63,14,109,0,0,0,109
11/01/2014,SWF,NY,AEA,EN,Federal Contract Tower,7,18,9,6,40,0,2,15,3,20,7,20,24,9,60,0,0,0,60
11/02/2014,SWF,NY,AEA,EN,Federal Contract Tower,5,28,17,11,61,0,1,15,0,16,5,29,32,11,77,0,0,0,77
11/03/2014,SWF,NY,AEA,EN,Federal Contract Tower,7,17,25,3,52,0,9,29,4,42,7,26,54,7,94,26,0,26,120
11/04/2014,SWF,NY,AEA,EN,Federal Contract Tower,12,15,12,8,47,0,6,32,6,44,12,21,44,14,91,0,28,28,119
11/05/2014,SWF,NY,AEA,EN,Federal Contract Tower,11,23,11,10,55,0,5,40,12,57,11,28,51,22,112,0,0,0,112
11/06/2014,SWF,NY,AEA,EN,Federal Contract Tower,9,12,13,5,39,0,0,2,0,2,9,12,15,5,41,0,0,0,41
11/07/2014,SWF,NY,AEA,EN,Federal Contract Tower,13,19,14,15,61,0,8,25,12,45,13,27,39,27,106,0,12,12,118
11/08/2014,SWF,NY,AEA,EN,Federal Contract Tower,6,12,6,0,24,0,6,59,5,70,6,18,65,5,94,12,0,12,106
11/09/2014,SWF,NY,AEA,EN,Federal Contract Tower,4,22,10,3,39,0,9,42,5,56,4,31,52,8,95,10,0,10,105
11/10/2014,SWF,NY,AEA,EN,Federal Contract Tower,7,15,15,3,40,0,3,30,3,36,7,18,45,6,76,14,0,14,90
11/11/2014,SWF,NY,AEA,EN,Federal Contract Tower,10,18,19,0,47,0,3,31,0,34,10,21,50,0,81,6,0,6,87
11/12/2014,SWF,NY,AEA,EN,Federal Contract Tower,11,17,19,8,55,0,8,30,3,41,11,25,49,11,96,12,2,14,110
11/13/2014,SWF,NY,AEA,EN,Federal Contract Tower,10,16,15,9,50,0,6,33,3,42,10,22,48,12,92,54,4,58,150
11/14/2014,SWF,NY,AEA,EN,Federal Contract Tower,15,18,15,8,56,0,6,25,1,32,15,24,40,9,88,0,0,0,88
11/15/2014,SWF,NY,AEA,EN,Federal Contract Tower,7,12,12,4,35,0,8,79,0,87,7,20,91,4,122,8,0,8,130
11/16/2014,SWF,NY,AEA,EN,Federal Contract Tower,4,17,14,1,36,0,7,44,3,54,4,24,58,4,90,40,0,40,130
11/17/2014,SWF,NY,AEA,EN,Federal Contract Tower,7,11,9,2,29,0,0,0,0,0,7,11,9,2,29,0,0,0,29
11/18/2014,SWF,NY,AEA,EN,Federal Contract Tower,11,23,11,6,51,0,3,24,3,30,11,26,35,9,81,2,16,18,99
11/19/2014,SWF,NY,AEA,EN,Federal Contract Tower,10,17,5,6,38,0,11,41,12,64,10,28,46,18,102,22,6,28,130
11/20/2014,SWF,NY,AEA,EN,Federal Contract Tower,10,17,7,3,37,0,4,55,11,70,10,21,62,14,107,2,0,2,109
11/21/2014,SWF,NY,AEA,EN,Federal Contract Tower,13,25,14,8,60,0,12,37,16,65,13,37,51,24,125,8,0,8,133
11/22/2014,SWF,NY,AEA,EN,Federal Contract Tower,5,13,12,3,33,0,0,3,0,3,5,13,15,3,36,10,0,10,46
11/23/2014,SWF,NY,AEA,EN,Federal Contract Tower,4,13,9,2,28,0,5,27,0,32,4,18,36,2,60,38,0,38,98
11/24/2014,SWF,NY,AEA,EN,Federal Contract Tower,7,16,9,2,34,0,0,1,0,1,7,16,10,2,35,0,0,0,35
11/25/2014,SWF,NY,AEA,EN,Federal Contract Tower,10,12,15,15,52,0,6,32,7,45,10,18,47,22,97,32,2,34,131
11/26/2014,SWF,NY,AEA,EN,Federal Contract Tower,7,2,4,2,15,0,0,0,0,0,7,2,4,2,15,0,0,0,15
11/27/2014,SWF,NY,AEA,EN,Federal Contract Tower,3,10,5,1,19,0,0,4,0,4,3,10,9,1,23,0,0,0,23
11/28/2014,SWF,NY,AEA,EN,Federal Contract Tower,12,11,3,1,27,0,6,33,0,39,12,17,36,1,66,0,0,0,66
11/29/2014,SWF,NY,AEA,EN,Federal Contract Tower,5,14,8,1,28,0,2,16,0,18,5,16,24,1,46,0,0,0,46
11/30/2014,SWF,NY,AEA,EN,Federal Contract Tower,4,19,20,0,43,0,6,52,0,58,4,25,72,0,101,54,0,54,155
12/01/2014,SWF,NY,AEA,EN,Federal Contract Tower,7,20,19,3,49,0,5,21,2,28,7,25,40,5,77,24,0,24,101
12/02/2014,SWF,NY,AEA,EN,Federal Contract Tower,12,16,16,8,52,2,3,25,4,34,14,19,41,12,86,10,0,10,96
12/03/2014,SWF,NY,AEA,EN,Federal Contract Tower,5,15,19,9,48,0,0,1,1,2,5,15,20,10,50,0,0,0,50
12/04/2014,SWF,NY,AEA,EN,Federal Contract Tower,10,17,22,7,56,0,3,34,15,52,10,20,56,22,108,2,82,84,192
12/05/2014,SWF,NY,AEA,EN,Federal Contract Tower,11,19,17,8,55,5,22,4,0,31,16,41,21,8,86,0,0,0,86
12/06/2014,SWF,NY,AEA,EN,Federal Contract Tower,7,3,6,2,18,0,0,0,0,0,7,3,6,2,18,0,0,0,18
12/07/2014,SWF,NY,AEA,EN,Federal Contract Tower,5,19,13,1,38,0,4,9,0,13,5,23,22,1,51,0,0,0,51
12/08/2014,SWF,NY,AEA,EN,Federal Contract Tower,6,17,21,3,47,0,5,24,3,32,6,22,45,6,79,48,6,54,133
12/09/2014,SWF,NY,AEA,EN,Federal Contract Tower,12,15,13,1,41,0,0,0,0,0,12,15,13,1,41,0,0,0,41
12/10/2014,SWF,NY,AEA,EN,Federal Contract Tower,10,22,11,12,55,0,0,1,0,1,10,22,12,12,56,0,0,0,56
12/11/2014,SWF,NY,AEA,EN,Federal Contract Tower,10,18,12,11,51,0,2,7,2,11,10,20,19,13,62,0,10,10,72
12/12/2014,SWF,NY,AEA,EN,Federal Contract Tower,11,20,26,2,59,0,0,24,1,25,11,20,50,3,84,10,0,10,94
12/13/2014,SWF,NY,AEA,EN,Federal Contract Tower,7,11,13,0,31,0,2,38,0,40,7,13,51,0,71,4,0,4,75
12/14/2014,SWF,NY,AEA,EN,Federal Contract Tower,6,16,21,3,46,0,3,30,0,33,6,19,51,3,79,32,0,32,111
12/15/2014,SWF,NY,AEA,EN,Federal Contract Tower,5,14,10,12,41,0,5,41,4,50,5,19,51,16,91,32,48,80,171
12/16/2014,SWF,NY,AEA,EN,Federal Contract Tower,13,15,11,11,50,0,4,16,4,24,13,19,27,15,74,0,22,22,96
12/17/2014,SWF,NY,AEA,EN,Federal Contract Tower,12,21,29,10,72,0,6,53,8,67,12,27,82,18,139,10,26,36,175
12/18/2014,SWF,NY,AEA,EN,Federal Contract Tower,12,16,23,11,62,0,4,40,2,46,12,20,63,13,108,26,14,40,148
12/19/2014,SWF,NY,AEA,EN,Federal Contract Tower,12,20,20,4,56,0,5,42,2,49,12,25,62,6,105,2,0,2,107
12/20/2014,SWF,NY,AEA,EN,Federal Contract Tower,10,17,9,0,36,0,3,30,0,33,10,20,39,0,69,36,0,36,105
12/21/2014,SWF,NY,AEA,EN,Federal Contract Tower,10,18,13,1,42,0,0,0,0,0,10,18,13,1,42,0,0,0,42
12/22/2014,SWF,NY,AEA,EN,Federal Contract Tower,8,11,16,0,35,0,1,0,0,1,8,12,16,0,36,0,0,0,36
12/23/2014,SWF,NY,AEA,EN,Federal Contract Tower,13,12,6,9,40,0,0,0,0,0,13,12,6,9,40,0,0,0,40
12/24/2014,SWF,NY,AEA,EN,Federal Contract Tower,11,14,3,0,28,0,0,0,0,0,11,14,3,0,28,0,0,0,28
12/25/2014,SWF,NY,AEA,EN,Federal Contract Tower,4,9,3,1,17,0,2,0,0,2,4,11,3,1,19,0,0,0,19
12/26/2014,SWF,NY,AEA,EN,Federal Contract Tower,10,21,20,3,54,0,3,40,1,44,10,24,60,4,98,0,0,0,98
12/27/2014,SWF,NY,AEA,EN,Federal Contract Tower,5,16,12,2,35,0,4,48,0,52,5,20,60,2,87,44,0,44,131
12/28/2014,SWF,NY,AEA,EN,Federal Contract Tower,4,18,5,0,27,0,0,1,0,1,4,18,6,0,28,0,0,0,28
12/29/2014,SWF,NY,AEA,EN,Federal Contract Tower,7,15,15,0,37,0,7,29,4,40,7,22,44,4,77,12,0,12,89
12/30/2014,SWF,NY,AEA,EN,Federal Contract Tower,11,13,14,11,49,0,4,35,0,39,11,17,49,11,88,8,14,22,110
12/31/2014,SWF,NY,AEA,EN,Federal Contract Tower,9,11,7,3,30,0,9,20,4,33,9,20,27,7,63,4,36,40,103
01/01/2015,SWF,NY,AEA,EN,Federal Contract Tower,4,9,2,1,16,0,3,4,0,7,4,12,6,1,23,0,0,0,23
01/02/2015,SWF,NY,AEA,EN,Federal Contract Tower,11,17,13,1,42,0,4,21,4,29,11,21,34,5,71,0,0,0,71
01/03/2015,SWF,NY,AEA,EN,Federal Contract Tower,3,10,16,0,29,0,2,7,0,9,3,12,23,0,38,0,0,0,38
01/04/2015,SWF,NY,AEA,EN,Federal Contract Tower,4,12,20,0,36,0,0,0,0,0,4,12,20,0,36,0,0,0,36
01/05/2015,SWF,NY,AEA,EN,Federal Contract Tower,7,15,17,3,42,0,0,18,0,18,7,15,35,3,60,0,0,0,60
01/06/2015,SWF,NY,AEA,EN,Federal Contract Tower,11,13,3,2,29,0,7,0,0,7,11,20,3,2,36,0,0,0,36
01/07/2015,SWF,NY,AEA,EN,Federal Contract Tower,8,16,12,10,46,0,7,12,1,20,8,23,24,11,66,2,4,6,72
01/08/2015,SWF,NY,AEA,EN,Federal Contract Tower,10,12,19,11,52,0,10,35,1,46,10,22,54,12,98,2,0,2,100
01/09/2015,SWF,NY,AEA,EN,Federal Contract Tower,12,15,12,3,42,0,3,15,2,20,12,18,27,5,62,0,0,0,62
01/10/2015,SWF,NY,AEA,EN,Federal Contract Tower,5,13,5,3,26,0,5,31,0,36,5,18,36,3,62,22,0,22,84
01/11/2015,SWF,NY,AEA,EN,Federal Contract Tower,2,12,16,2,32,4,6,33,0,43,6,18,49,2,75,28,0,28,103
01/12/2015,SWF,NY,AEA,EN,Federal Contract Tower,7,11,8,0,26,0,0,0,0,0,7,11,8,0,26,0,0,0,26
01/13/2015,SWF,NY,AEA,EN,Federal Contract Tower,13,14,10,9,46,0,7,35,11,53,13,21,45,20,99,0,20,20,119
01/14/2015,SWF,NY,AEA,EN,Federal Contract Tower,10,16,15,5,46,0,17,29,15,61,10,33,44,20,107,42,0,42,149
01/15/2015,SWF,NY,AEA,EN,Federal Contract Tower,10,16,3,9,38,0,6,50,10,66,10,22,53,19,104,6,18,24,128
01/16/2015,SWF,NY,AEA,EN,Federal Contract Tower,13,16,13,4,46,0,8,27,3,38,13,24,40,7,84,36,0,36,120
01/17/2015,SWF,NY,AEA,EN,Federal Contract Tower,6,9,6,0,21,0,7,37,0,44,6,16,43,0,65,36,0,36,101
01/18/2015,SWF,NY,AEA,EN,Federal Contract Tower,5,11,8,1,25,0,0,0,0,0,5,11,8,1,25,0,0,0,25
01/20/2015,SWF,NY,AEA,EN,Federal Contract Tower,14,27,22,10,73,0,16,42,10,68,14,43,64,20,141,4,8,12,153
01/21/2015,SWF,NY,AEA,EN,Federal Contract Tower,10,17,18,9,54,0,17,25,7,49,10,34,43,16,103,10,8,18,121
01/22/2015,SWF,NY,AEA,EN,Federal Contract Tower,10,16,16,12,54,0,10,36,12,58,10,26,52,24,112,4,36,40,152
01/23/2015,SWF,NY,AEA,EN,Federal Contract Tower,15,21,14,7,57,0,11,39,4,54,15,32,53,11,111,30,0,30,141
01/24/2015,SWF,NY,AEA,EN,Federal Contract Tower,7,9,0,0,16,0,0,0,0,0,7,9,0,0,16,0,0,0,16
01/25/2015,SWF,NY,AEA,EN,Federal Contract Tower,4,13,16,2,35,0,3,12,0,15,4,16,28,2,50,16,0,16,66
01/26/2015,SWF,NY,AEA,EN,Federal Contract Tower,5,3,11,1,20,0,5,0,1,6,5,8,11,2,26,0,24,24,50
01/27/2015,SWF,NY,AEA,EN,Federal Contract Tower,6,0,7,0,13,0,0,0,0,0,6,0,7,0,13,0,0,0,13
01/28/2015,SWF,NY,AEA,EN,Federal Contract Tower,10,17,12,3,42,0,15,38,8,61,10,32,50,11,103,14,6,20,123
01/29/2015,SWF,NY,AEA,EN,Federal Contract Tower,10,19,20,8,57,0,12,59,12,83,10,31,79,20,140,54,0,54,194
01/30/2015,SWF,NY,AEA,EN,Federal Contract Tower,13,15,14,4,46,0,0,15,0,15,13,15,29,4,61,2,0,2,63
01/31/2015,SWF,NY,AEA,EN,Federal Contract Tower,5,13,7,0,25,0,6,25,0,31,5,19,32,0,56,12,0,12,68
02/01/2015,SWF,NY,AEA,EN,Federal Contract Tower,4,9,13,1,27,0,1,26,0,27,4,10,39,1,54,0,0,0,54
02/02/2015,SWF,NY,AEA,EN,Federal Contract Tower,12,7,10,0,29,0,0,0,0,0,12,7,10,0,29,0,0,0,29
02/03/2015,SWF,NY,AEA,EN,Federal Contract Tower,13,15,20,1,49,0,10,39,1,50,13,25,59,2,99,2,0,2,101
02/04/2015,SWF,NY,AEA,EN,Federal Contract Tower,10,11,22,3,46,0,2,18,1,21,10,13,40,4,67,8,0,8,75
02/05/2015,SWF,NY,AEA,EN,Federal Contract Tower,11,15,11,5,42,0,0,16,2,18,11,15,27,7,60,0,22,22,82
02/06/2015,SWF,NY,AEA,EN,Federal Contract Tower,12,16,27,6,61,0,4,26,0,30,12,20,53,6,91,14,0,14,105
02/07/2015,SWF,NY,AEA,EN,Federal Contract Tower,6,10,12,6,34,0,2,11,1,14,6,12,23,7,48,2,4,6,54
02/08/2015,SWF,NY,AEA,EN,Federal Contract Tower,5,11,12,2,30,0,0,0,0,0,5,11,12,2,30,0,0,0,30
02/09/2015,SWF,NY,AEA,EN,Federal Contract Tower,6,12,6,1,25,0,0,0,0,0,6,12,6,1,25,0,0,0,25
02/10/2015,SWF,NY,AEA,EN,Federal Contract Tower,12,13,14,4,43,0,0,11,1,12,12,13,25,5,55,0,0,0,55
02/11/2015,SWF,NY,AEA,EN,Federal Contract Tower,10,20,18,22,70,0,16,42,16,74,10,36,60,38,144,30,14,44,188
02/12/2015,SWF,NY,AEA,EN,Federal Contract Tower,12,13,7,11,43,0,5,16,8,29,12,18,23,19,72,0,62,62,134
02/13/2015,SWF,NY,AEA,EN,Federal Contract Tower,9,15,24,4,52,0,3,23,1,27,9,18,47,5,79,0,16,16,95
02/14/2015,SWF,NY,AEA,EN,Federal Contract Tower,8,6,7,0,21,0,3,1,0,4,8,9,8,0,25,0,0,0,25
02/15/2015,SWF,NY,AEA,EN,Federal Contract Tower,8,11,3,0,22,0,0,0,0,0,8,11,3,0,22,0,0,0,22
02/16/2015,SWF,NY,AEA,EN,Federal Contract Tower,7,12,10,5,34,0,2,13,1,16,7,14,23,6,50,8,0,8,58
02/17/2015,SWF,NY,AEA,EN,Federal Contract Tower,12,16,16,4,48,0,10,21,0,31,12,26,37,4,79,26,0,26,105
02/18/2015,SWF,NY,AEA,EN,Federal Contract Tower,9,14,11,6,40,0,11,26,2,39,9,25,37,8,79,16,30,46,125
02/19/2015,SWF,NY,AEA,EN,Federal Contract Tower,11,14,8,7,40,0,0,2,1,3,11,14,10,8,43,0,0,0,43
02/20/2015,SWF,NY,AEA,EN,Federal Contract Tower,10,12,13,3,38,0,5,21,1,27,10,17,34,4,65,4,12,16,81
02/21/2015,SWF,NY,AEA,EN,Federal Contract Tower,5,8,12,2,27,0,3,10,0,13,5,11,22,2,40,0,0,0,40
02/22/2015,SWF,NY,AEA,EN,Federal Contract Tower,9,15,14,1,39,0,1,19,0,20,9,16,33,1,59,6,0,6,65
02/23/2015,SWF,NY,AEA,EN,Federal Contract Tower,5,8,18,4,35,0,10,21,4,35,5,18,39,8,70,20,2,22,92
02/24/2015,SWF,NY,AEA,EN,Federal Contract Tower,11,15,13,4,43,0,18,39,7,64,11,33,52,11,107,16,30,46,153
02/25/2015,SWF,NY,AEA,EN,Federal Contract Tower,12,16,9,5,42,0,11,42,14,67,12,27,51,19,109,30,48,78,187
02/26/2015,SWF,NY,AEA,EN,Federal Contract Tower,13,18,9,5,45,0,9,37,10,56,13,27,46,15,101,0,26,26,127
02/27/2015,SWF,NY,AEA,EN,Federal Contract Tower,12,14,12,5,43,0,9,41,4,54,12,23,53,9,97,16,44,60,157
02/28/2015,SWF,NY,AEA,EN,Federal Contract Tower,6,13,18,1,38,0,2,52,0,54,6,15,70,1,92,16,0,16,108
03/01/2015,SWF,NY,AEA,EN,Federal Contract Tower,7,13,9,1,30,0,0,1,0,1,7,13,10,1,31,6,0,6,37
03/02/2015,SWF,NY,AEA,EN,Federal Contract Tower,5,15,12,4,36,0,1,13,1,15,5,16,25,5,51,0,0,0,51
03/03/2015,SWF,NY,AEA,EN,Federal Contract Tower,8,19,11,2,40,0,6,16,0,22,8,25,27,2,62,0,0,0,62
03/04/2015,SWF,NY,AEA,EN,Federal Contract Tower,13,20,14,5,52,0,10,2,0,12,13,30,16,5,64,0,0,0,64
03/05/2015,SWF,NY,AEA,EN,Federal Contract Tower,17,28,17,6,68,0,4,7,0,11,17,32,24,6,79,4,0,4,83
03/06/2015,SWF,NY,AEA,EN,Federal Contract Tower,10,16,12,9,47,0,9,34,11,54,10,25,46,20,101,30,0,30,131
03/07/2015,SWF,NY,AEA,EN,Federal Contract Tower,5,13,10,3,31,0,5,26,11,42,5,18,36,14,73,10,0,10,83
03/08/2015,SWF,NY,AEA,EN,Federal Contract Tower,7,17,7,2,33,0,0,12,3,15,7,17,19,5,48,6,0,6,54
03/09/2015,SWF,NY,AEA,EN,Federal Contract Tower,5,20,27,6,58,0,5,54,2,61,5,25,81,8,119,42,0,42,161
03/10/2015,SWF,NY,AEA,EN,Federal Contract Tower,11,9,10,9,39,0,12,30,10,52,11,21,40,19,91,0,18,18,109
03/11/2015,SWF,NY,AEA,EN,Federal Contract Tower,10,20,24,7,61,0,13,49,10,72,10,33,73,17,133,66,2,68,201
03/12/2015,SWF,NY,AEA,EN,Federal Contract Tower,15,18,14,2,49,0,8,27,9,44,15,26,41,11,93,0,0,0,93
03/13/2015,SWF,NY,AEA,EN,Federal Contract Tower,10,18,19,2,49,0,7,45,6,58,10,25,64,8,107,6,0,6,113
03/14/2015,SWF,NY,AEA,EN,Federal Contract Tower,6,13,17,1,37,0,0,0,0,0,6,13,17,1,37,0,0,0,37
03/15/2015,SWF,NY,AEA,EN,Federal Contract Tower,6,16,15,1,38,0,2,21,0,23,6,18,36,1,61,22,0,22,83
03/16/2015,SWF,NY,AEA,EN,Federal Contract Tower,5,15,17,7,44,0,4,59,7,70,5,19,76,14,114,80,0,80,194
03/17/2015,SWF,NY,AEA,EN,Federal Contract Tower,10,14,11,2,37,0,8,19,0,27,10,22,30,2,64,28,6,34,98
03/18/2015,SWF,NY,AEA,EN,Federal Contract Tower,11,12,13,7,43,0,0,14,4,18,11,12,27,11,61,0,10,10,71
03/19/2015,SWF,NY,AEA,EN,Federal Contract Tower,10,18,13,13,54,0,5,28,5,38,10,23,41,18,92,0,10,10,102
03/20/2015,SWF,NY,AEA,EN,Federal Contract Tower,12,14,9,2,37,0,0,1,0,1,12,14,10,2,38,0,0,0,38
03/21/2015,SWF,NY,AEA,EN,Federal Contract Tower,5,5,13,5,28,0,1,23,0,24,5,6,36,5,52,8,0,8,60
03/22/2015,SWF,NY,AEA,EN,Federal Contract Tower,7,16,10,0,33,0,3,26,0,29,7,19,36,0,62,30,0,30,92
03/23/2015,SWF,NY,AEA,EN,Federal Contract Tower,3,13,12,2,30,0,13,32,1,46,3,26,44,3,76,30,0,30,106
03/24/2015,SWF,NY,AEA,EN,Federal Contract Tower,11,11,16,12,50,0,14,42,16,72,11,25,58,28,122,56,8,64,186
03/25/2015,SWF,NY,AEA,EN,Federal Contract Tower,10,15,12,8,45,0,7,26,5,38,10,22,38,13,83,10,32,42,125
03/26/2015,SWF,NY,AEA,EN,Federal Contract Tower,13,15,18,15,61,0,0,2,0,2,13,15,20,15,63,4,0,4,67
03/27/2015,SWF,NY,AEA,EN,Federal Contract Tower,10,12,25,5,52,0,7,51,21,79,10,19,76,26,131,74,8,82,213
03/28/2015,SWF,NY,AEA,EN,Federal Contract Tower,5,9,11,3,28,0,0,5,0,5,5,9,16,3,33,12,0,12,45
03/29/2015,SWF,NY,AEA,EN,Federal Contract Tower,6,14,20,2,42,0,9,63,5,77,6,23,83,7,119,42,0,42,161
03/30/2015,SWF,NY,AEA,EN,Federal Contract Tower,6,10,12,6,34,0,7,15,4,26,6,17,27,10,60,30,20,50,110
03/31/2015,SWF,NY,AEA,EN,Federal Contract Tower,10,20,9,6,45,0,4,18,4,26,10,24,27,10,71,14,0,14,85
04/01/2015,SWF,NY,AEA,EN,Federal Contract Tower,10,18,8,9,45,0,10,60,18,88,10,28,68,27,133,26,0,26,159
04/02/2015,SWF,NY,AEA,EN,Federal Contract Tower,12,19,16,18,65,0,13,44,16,73,12,32,60,34,138,4,22,26,164
04/03/2015,SWF,NY,AEA,EN,Federal Contract Tower,10,16,15,6,47,0,6,23,5,34,10,22,38,11,81,0,0,0,81
04/04/2015,SWF,NY,AEA,EN,Federal Contract Tower,8,9,4,1,22,0,0,4,0,4,8,9,8,1,26,0,0,0,26
04/05/2015,SWF,NY,AEA,EN,Federal Contract Tower,6,14,16,1,37,0,2,17,0,19,6,16,33,1,56,0,0,0,56
04/06/2015,SWF,NY,AEA,EN,Federal Contract Tower,5,16,15,1,37,0,11,33,2,46,5,27,48,3,83,26,0,26,109
04/07/2015,SWF,NY,AEA,EN,Federal Contract Tower,11,19,23,3,56,0,3,13,0,16,11,22,36,3,72,8,0,8,80
04/08/2015,SWF,NY,AEA,EN,Federal Contract Tower,11,16,15,13,55,0,11,16,6,33,11,27,31,19,88,14,4,18,106
04/09/2015,SWF,NY,AEA,EN,Federal Contract Tower,12,18,8,10,48,0,2,4,10,16,12,20,12,20,64,0,0,0,64
04/10/2015,SWF,NY,AEA,EN,Federal Contract Tower,10,18,10,2,40,0,0,0,0,0,10,18,10,2,40,0,0,0,40
04/11/2015,SWF,NY,AEA,EN,Federal Contract Tower,9,11,5,10,35,0,4,19,11,34,9,15,24,21,69,0,4,4,73
04/12/2015,SWF,NY,AEA,EN,Federal Contract Tower,6,22,25,2,55,0,14,59,0,73,6,36,84,2,128,34,0,34,162
04/13/2015,SWF,NY,AEA,EN,Federal Contract Tower,5,17,19,0,41,0,9,40,5,54,5,26,59,5,95,26,0,26,121
04/14/2015,SWF,NY,AEA,EN,Federal Contract Tower,11,9,17,12,49,0,4,38,15,57,11,13,55,27,106,0,4,4,110
04/15/2015,SWF,NY,AEA,EN,Federal Contract Tower,10,11,14,8,43,0,7,47,4,58,10,18,61,12,101,0,4,4,105
04/16/2015,SWF,NY,AEA,EN,Federal Contract Tower,13,16,17,18,64,0,9,72,39,120,13,25,89,57,184,30,68,98,282
04/17/2015,SWF,NY,AEA,EN,Federal Contract Tower,12,27,15,1,55,0,8,44,4,56,12,35,59,5,111,32,0,32,143
04/18/2015,SWF,NY,AEA,EN,Federal Contract Tower,5,11,8,1,25,0,9,62,7,78,5,20,70,8,103,18,0,18,121
04/19/2015,SWF,NY,AEA,EN,Federal Contract Tower,6,16,19,2,43,0,13,58,0,71,6,29,77,2,114,56,0,56,170
04/20/2015,SWF,NY,AEA,EN,Federal Contract Tower,6,27,31,3,67,0,2,0,0,2,6,29,31,3,69,0,0,0,69
04/21/2015,SWF,NY,AEA,EN,Federal Contract Tower,14,21,28,28,91,0,9,29,15,53,14,30,57,43,144,4,10,14,158
04/22/2015,SWF,NY,AEA,EN,Federal Contract Tower,11,24,14,7,56,0,9,33,0,42,11,33,47,7,98,8,0,8,106
04/23/2015,SWF,NY,AEA,EN,Federal Contract Tower,13,19,17,13,62,0,7,30,7,44,13,26,47,20,106,0,0,0,106
04/24/2015,SWF,NY,AEA,EN,Federal Contract Tower,10,23,26,7,66,0,4,24,12,40,10,27,50,19,106,16,0,16,122
04/25/2015,SWF,NY,AEA,EN,Federal Contract Tower,5,14,16,2,37,0,12,51,20,83,5,26,67,22,120,16,0,16,136
04/26/2015,SWF,NY,AEA,EN,Federal Contract Tower,6,22,15,0,43,0,4,42,3,49,6,26,57,3,92,16,0,16,108
04/27/2015,SWF,NY,AEA,EN,Federal Contract Tower,5,14,13,4,36,0,9,25,11,45,5,23,38,15,81,0,0,0,81
04/28/2015,SWF,NY,AEA,EN,Federal Contract Tower,12,18,18,3,51,0,6,28,9,43,12,24,46,12,94,0,2,2,96
04/29/2015,SWF,NY,AEA,EN,Federal Contract Tower,10,19,23,12,64,0,13,56,5,74,10,32,79,17,138,34,4,38,176
04/30/2015,SWF,NY,AEA,EN,Federal Contract Tower,10,12,28,16,66,0,8,61,18,87,10,20,89,34,153,36,38,74,227
05/01/2015,SWF,NY,AEA,EN,Federal Contract Tower,12,15,17,6,50,0,23,72,19,114,12,38,89,25,164,8,8,16,180
05/02/2015,SWF,NY,AEA,EN,Federal Contract Tower,5,7,9,6,27,0,8,40,7,55,5,15,49,13,82,10,20,30,112
05/03/2015,SWF,NY,AEA,EN,Federal Contract Tower,6,13,11,2,32,0,34,62,1,97,6,47,73,3,129,94,0,94,223
05/04/2015,SWF,NY,AEA,EN,Federal Contract Tower,5,16,11,2,34,0,6,24,3,33,5,22,35,5,67,28,0,28,95
05/05/2015,SWF,NY,AEA,EN,Federal Contract Tower,11,14,22,12,59,0,16,47,42,105,11,30,69,54,164,20,0,20,184
05/06/2015,SWF,NY,AEA,EN,Federal Contract Tower,10,20,21,9,60,0,5,26,13,44,10,25,47,22,104,0,24,24,128
05/07/2015,SWF,NY,AEA,EN,Federal Contract Tower,12,21,26,20,79,0,28,85,18,131,12,49,111,38,210,14,6,20,230
05/08/2015,SWF,NY,AEA,EN,Federal Contract Tower,10,16,22,1,49,0,15,50,14,79,10,31,72,15,128,36,0,36,164
05/09/2015,SWF,NY,AEA,EN,Federal Contract Tower,4,13,15,1,33,0,3,20,0,23,4,16,35,1,56,4,0,4,60
05/10/2015,SWF,NY,AEA,EN,Federal Contract Tower,7,13,13,1,34,0,4,27,0,31,7,17,40,1,65,0,0,0,65
05/11/2015,SWF,NY,AEA,EN,Federal Contract Tower,4,20,19,6,49,0,6,23,3,32,4,26,42,9,81,22,0,22,103
05/12/2015,SWF,NY,AEA,EN,Federal Contract Tower,14,29,15,10,68,0,4,31,9,44,14,33,46,19,112,16,4,20,132
05/13/2015,SWF,NY,AEA,EN,Federal Contract Tower,10,17,20,9,56,0,10,30,9,49,10,27,50,18,105,28,4,32,137
05/14/2015,SWF,NY,AEA,EN,Federal Contract Tower,13,22,20,7,62,0,9,56,13,78,13,31,76,20,140,24,18,42,182
05/15/2015,SWF,NY,AEA,EN,Federal Contract Tower,9,19,21,4,53,0,11,57,10,78,9,30,78,14,131,18,0,18,149
05/16/2015,SWF,NY,AEA,EN,Federal Contract Tower,4,11,6,5,26,0,5,20,0,25,4,16,26,5,51,8,0,8,59
05/17/2015,SWF,NY,AEA,EN,Federal Contract Tower,6,25,27,4,62,0,10,30,5,45,6,35,57,9,107,16,0,16,123
05/18/2015,SWF,NY,AEA,EN,Federal Contract Tower,5,29,20,7,61,0,7,11,0,18,5,36,31,7,79,6,6,12,91
05/19/2015,SWF,NY,AEA,EN,Federal Contract Tower,13,18,20,8,59,0,6,26,11,43,13,24,46,19,102,0,0,0,102
05/20/2015,SWF,NY,AEA,EN,Federal Contract Tower,9,26,17,7,59,0,3,30,15,48,9,29,47,22,107,0,48,48,155
05/21/2015,SWF,NY,AEA,EN,Federal Contract Tower,12,24,28,12,76,0,7,42,8,57,12,31,70,20,133,6,0,6,139
05/22/2015,SWF,NY,AEA,EN,Federal Contract Tower,10,26,28,5,69,0,7,37,2,46,10,33,65,7,115,54,6,60,175
05/23/2015,SWF,NY,AEA,EN,Federal Contract Tower,5,13,7,5,30,0,7,28,1,36,5,20,35,6,66,26,0,26,92
05/24/2015,SWF,NY,AEA,EN,Federal Contract Tower,6,10,14,2,32,0,10,26,2,38,6,20,40,4,70,26,0,26,96
05/25/2015,SWF,NY,AEA,EN,Federal Contract Tower,5,11,17,1,34,0,7,33,28,68,5,18,50,29,102,48,74,122,224
05/26/2015,SWF,NY,AEA,EN,Federal Contract Tower,9,20,23,3,55,0,8,40,11,59,9,28,63,14,114,8,12,20,134
05/27/2015,SWF,NY,AEA,EN,Federal Contract Tower,13,18,25,8,64,0,3,37,6,46,13,21,62,14,110,32,22,54,164
05/28/2015,SWF,NY,AEA,EN,Federal Contract Tower,17,28,12,12,69,0,3,7,5,15,17,31,19,17,84,0,6,6,90
05/29/2015,SWF,NY,AEA,EN,Federal Contract Tower,10,26,25,4,65,0,6,41,27,74,10,32,66,31,139,32,16,48,187
05/30/2015,SWF,NY,AEA,EN,Federal Contract Tower,9,13,10,1,33,0,4,38,5,47,9,17,48,6,80,34,0,34,114
05/31/2015,SWF,NY,AEA,EN,Federal Contract Tower,7,22,14,0,43,0,1,9,0,10,7,23,23,0,53,0,0,0,53
06/01/2015,SWF,NY,AEA,EN,Federal Contract Tower,5,25,20,3,53,0,0,0,0,0,5,25,20,3,53,0,0,0,53
06/02/2015,SWF,NY,AEA,EN,Federal Contract Tower,12,22,23,13,70,0,0,2,0,2,12,22,25,13,72,0,0,0,72
06/03/2015,SWF,NY,AEA,EN,Federal Contract Tower,10,15,17,8,50,0,7,47,17,71,10,22,64,25,121,38,8,46,167
06/04/2015,SWF,NY,AEA,EN,Federal Contract Tower,15,20,27,10,72,0,15,69,39,123,15,35,96,49,195,14,66,80,275
06/05/2015,SWF,NY,AEA,EN,Federal Contract Tower,10,21,27,7,65,0,8,38,13,59,10,29,65,20,124,16,26,42,166
06/06/2015,SWF,NY,AEA,EN,Federal Contract Tower,5,7,15,8,35,0,6,15,2,23,5,13,30,10,58,0,0,0,58
06/07/2015,SWF,NY,AEA,EN,Federal Contract Tower,6,16,18,4,44,0,2,29,12,43,6,18,47,16,87,4,0,4,91
06/08/2015,SWF,NY,AEA,EN,Federal Contract Tower,5,16,21,0,42,0,4,25,18,47,5,20,46,18,89,0,0,0,89
06/09/2015,SWF,NY,AEA,EN,Federal Contract Tower,14,16,15,8,53,0,8,22,8,38,14,24,37,16,91,0,22,22,113
06/10/2015,SWF,NY,AEA,EN,Federal Contract Tower,10,20,16,8,54,0,6,44,22,72,10,26,60,30,126,20,0,20,146
06/11/2015,SWF,NY,AEA,EN,Federal Contract Tower,12,23,16,13,64,0,5,27,13,45,12,28,43,26,109,12,16,28,137
06/12/2015,SWF,NY,AEA,EN,Federal Contract Tower,10,19,22,2,53,0,9,23,2,34,10,28,45,4,87,36,0,36,123
06/13/2015,SWF,NY,AEA,EN,Federal Contract Tower,5,14,21,1,41,0,4,41,2,47,5,18,62,3,88,20,10,30,118
06/14/2015,SWF,NY,AEA,EN,Federal Contract Tower,6,24,25,3,58,0,7,44,0,51,6,31,69,3,109,26,6,32,141
06/15/2015,SWF,NY,AEA,EN,Federal Contract Tower,12,42,30,8,92,0,0,0,0,0,12,42,30,8,92,0,0,0,92
06/16/2015,SWF,NY,AEA,EN,Federal Contract Tower,14,32,15,6,67,0,0,14,0,14,14,32,29,6,81,8,0,8,89
06/17/2015,SWF,NY,AEA,EN,Federal Contract Tower,10,24,16,9,59,0,8,64,20,92,10,32,80,29,151,44,0,44,195
06/18/2015,SWF,NY,AEA,EN,Federal Contract Tower,10,18,29,6,63,0,9,40,2,51,10,27,69,8,114,36,2,38,152
06/19/2015,SWF,NY,AEA,EN,Federal Contract Tower,9,27,19,1,56,0,2,45,1,48,9,29,64,2,104,22,0,22,126
06/20/2015,SWF,NY,AEA,EN,Federal Contract Tower,6,14,17,5,42,0,5,15,0,20,6,19,32,5,62,32,0,32,94
06/21/2015,SWF,NY,AEA,EN,Federal Contract Tower,8,16,14,1,39,0,0,20,0,20,8,16,34,1,59,16,0,16,75
06/22/2015,SWF,NY,AEA,EN,Federal Contract Tower,6,16,12,6,40,0,6,49,9,64,6,22,61,15,104,8,0,8,112
06/23/2015,SWF,NY,AEA,EN,Federal Contract Tower,14,20,10,11,55,0,4,13,5,22,14,24,23,16,77,22,0,22,99
06/24/2015,SWF,NY,AEA,EN,Federal Contract Tower,11,26,21,7,65,0,11,59,41,111,11,37,80,48,176,20,10,30,206
06/25/2015,SWF,NY,AEA,EN,Federal Contract Tower,12,21,20,16,69,0,4,49,23,76,12,25,69,39,145,68,0,68,213
06/26/2015,SWF,NY,AEA,EN,Federal Contract Tower,9,19,16,5,49,0,18,39,6,63,9,37,55,11,112,20,0,20,132
06/27/2015,SWF,NY,AEA,EN,Federal Contract Tower,5,13,11,4,33,0,5,5,2,12,5,18,16,6,45,0,2,2,47
06/28/2015,SWF,NY,AEA,EN,Federal Contract Tower,6,10,14,0,30,0,0,0,0,0,6,10,14,0,30,0,0,0,30
06/29/2015,SWF,NY,AEA,EN,Federal Contract Tower,5,13,14,11,43,0,6,36,4,46,5,19,50,15,89,0,8,8,97
06/30/2015,SWF,NY,AEA,EN,Federal Contract Tower,11,12,26,7,56,0,5,26,7,38,11,17,52,14,94,0,12,12,106
07/01/2015,SWF,NY,AEA,EN,Federal Contract Tower,11,24,22,7,64,0,4,34,3,41,11,28,56,10,105,12,6,18,123
07/02/2015,SWF,NY,AEA,EN,Federal Contract Tower,14,21,16,2,53,0,5,40,12,57,14,26,56,14,110,0,0,0,110
07/03/2015,SWF,NY,AEA,EN,Federal Contract Tower,9,15,7,0,31,0,8,34,4,46,9,23,41,4,77,6,0,6,83
07/04/2015,SWF,NY,AEA,EN,Federal Contract Tower,4,9,7,1,21,0,1,4,0,5,4,10,11,1,26,8,0,8,34
07/05/2015,SWF,NY,AEA,EN,Federal Contract Tower,6,13,17,1,37,0,5,40,1,46,6,18,57,2,83,0,0,0,83
07/06/2015,SWF,NY,AEA,EN,Federal Contract Tower,5,21,13,5,44,0,4,37,0,41,5,25,50,5,85,0,0,0,85
07/07/2015,SWF,NY,AEA,EN,Federal Contract Tower,11,19,20,2,52,0,10,24,6,40,11,29,44,8,92,32,14,46,138
07/08/2015,SWF,NY,AEA,EN,Federal Contract Tower,10,18,21,7,56,0,3,39,3,45,10,21,60,10,101,0,0,0,101
07/09/2015,SWF,NY,AEA,EN,Federal Contract Tower,10,14,18,10,52,0,5,10,4,19,10,19,28,14,71,0,0,0,71
07/10/2015,SWF,NY,AEA,EN,Federal Contract Tower,13,18,14,3,48,0,13,51,6,70,13,31,65,9,118,10,0,10,128
07/11/2015,SWF,NY,AEA,EN,Federal Contract Tower,6,16,9,3,34,0,1,79,2,82,6,17,88,5,116,32,0,32,148
07/12/2015,SWF,NY,AEA,EN,Federal Contract Tower,6,21,22,4,53,0,2,51,12,65,6,23,73,16,118,24,0,24,142
07/13/2015,SWF,NY,AEA,EN,Federal Contract Tower,7,18,14,10,49,0,5,26,10,41,7,23,40,20,90,0,0,0,90
07/14/2015,SWF,NY,AEA,EN,Federal Contract Tower,11,13,16,2,42,0,4,50,2,56,11,17,66,4,98,10,0,10,108
07/15/2015,SWF,NY,AEA,EN,Federal Contract Tower,11,19,18,9,57,0,4,23,2,29,11,23,41,11,86,0,0,0,86
07/16/2015,SWF,NY,AEA,EN,Federal Contract Tower,12,20,11,4,47,0,12,43,14,69,12,32,54,18,116,38,0,38,154
07/17/2015,SWF,NY,AEA,EN,Federal Contract Tower,9,21,11,6,47,0,4,27,14,45,9,25,38,20,92,22,36,58,150
07/18/2015,SWF,NY,AEA,EN,Federal Contract Tower,5,8,9,0,22,0,1,19,14,34,5,9,28,14,56,0,0,0,56
07/19/2015,SWF,NY,AEA,EN,Federal Contract Tower,6,19,21,1,47,0,2,38,6,46,6,21,59,7,93,36,0,36,129
07/20/2015,SWF,NY,AEA,EN,Federal Contract Tower,4,22,25,4,55,0,10,58,23,91,4,32,83,27,146,30,16,46,192
07/21/2015,SWF,NY,AEA,EN,Federal Contract Tower,9,22,24,7,62,0,6,56,21,83,9,28,80,28,145,24,10,34,179
07/22/2015,SWF,NY,AEA,EN,Federal Contract Tower,10,17,25,8,60,0,5,43,16,64,10,22,68,24,124,0,8,8,132
07/23/2015,SWF,NY,AEA,EN,Federal Contract Tower,11,24,17,4,56,0,10,45,26,81,11,34,62,30,137,0,22,22,159
07/24/2015,SWF,NY,AEA,EN,Federal Contract Tower,9,28,28,4,69,0,7,50,13,70,9,35,78,17,139,18,0,18,157
07/25/2015,SWF,NY,AEA,EN,Federal Contract Tower,6,8,12,4,30,0,7,52,6,65,6,15,64,10,95,6,2,8,103
07/26/2015,SWF,NY,AEA,EN,Federal Contract Tower,6,19,23,10,58,0,2,22,22,46,6,21,45,32,104,0,0,0,104
07/27/2015,SWF,NY,AEA,EN,Federal Contract Tower,4,15,10,9,38,0,9,26,4,39,4,24,36,13,77,24,0,24,101
07/28/2015,SWF,NY,AEA,EN,Federal Contract Tower,13,19,14,19,65,0,16,53,8,77,13,35,67,27,142,14,0,14,156
07/29/2015,SWF,NY,AEA,EN,Federal Contract Tower,7,14,21,8,50,0,6,48,2,56,7,20,69,10,106,40,0,40,146
07/30/2015,SWF,NY,AEA,EN,Federal Contract Tower,11,21,21,7,60,0,6,13,2,21,11,27,34,9,81,0,0,0,81
07/31/2015,SWF,NY,AEA,EN,Federal Contract Tower,11,21,17,5,54,0,12,61,2,75,11,33,78,7,129,18,0,18,147
08/01/2015,SWF,NY,AEA,EN,Federal Contract Tower,5,18,8,2,33,0,4,39,4,47,5,22,47,6,80,16,0,16,96
08/02/2015,SWF,NY,AEA,EN,Federal Contract Tower,6,21,26,1,54,0,1,47,0,48,6,22,73,1,102,2,0,2,104
08/03/2015,SWF,NY,AEA,EN,Federal Contract Tower,5,20,16,4,45,0,4,48,7,59,5,24,64,11,104,0,0,0,104
08/04/2015,SWF,NY,AEA,EN,Federal Contract Tower,11,22,11,2,46,0,4,64,11,79,11,26,75,13,125,44,10,54,179
08/05/2015,SWF,NY,AEA,EN,Federal Contract Tower,10,22,19,2,53,0,19,70,6,95,10,41,89,8,148,70,0,70,218
08/06/2015,SWF,NY,AEA,EN,Federal Contract Tower,12,19,19,15,65,0,10,77,16,103,12,29,96,31,168,64,2,66,234
08/07/2015,SWF,NY,AEA,EN,Federal Contract Tower,10,21,22,6,59,0,6,81,6,93,10,27,103,12,152,32,0,32,184
08/08/2015,SWF,NY,AEA,EN,Federal Contract Tower,5,13,9,5,32,0,4,36,0,40,5,17,45,5,72,0,0,0,72
08/09/2015,SWF,NY,AEA,EN,Federal Contract Tower,5,18,10,0,33,0,3,39,0,42,5,21,49,0,75,10,0,10,85
08/10/2015,SWF,NY,AEA,EN,Federal Contract Tower,5,16,15,3,39,0,4,34,0,38,5,20,49,3,77,6,6,12,89
08/11/2015,SWF,NY,AEA,EN,Federal Contract Tower,10,20,18,3,51,0,0,3,0,3,10,20,21,3,54,0,0,0,54
08/12/2015,SWF,NY,AEA,EN,Federal Contract Tower,10,22,15,4,51,0,12,30,3,45,10,34,45,7,96,12,0,12,108
08/13/2015,SWF,NY,AEA,EN,Federal Contract Tower,13,15,26,8,62,0,11,53,12,76,13,26,79,20,138,14,20,34,172
08/14/2015,SWF,NY,AEA,EN,Federal Contract Tower,10,18,23,9,60,0,15,72,26,113,10,33,95,35,173,28,2,30,203
08/15/2015,SWF,NY,AEA,EN,Federal Contract Tower,4,9,29,4,46,0,8,82,5,95,4,17,111,9,141,0,0,0,141
08/16/2015,SWF,NY,AEA,EN,Federal Contract Tower,7,19,17,4,47,0,8,78,0,86,7,27,95,4,133,38,0,38,171
08/17/2015,SWF,NY,AEA,EN,Federal Contract Tower,5,22,21,1,49,0,9,68,9,86,5,31,89,10,135,18,2,20,155
08/18/2015,SWF,NY,AEA,EN,Federal Contract Tower,10,11,13,7,41,0,14,36,7,57,10,25,49,14,98,34,14,48,146
08/19/2015,SWF,NY,AEA,EN,Federal Contract Tower,10,20,18,8,56,0,11,16,1,28,10,31,34,9,84,0,0,0,84
08/20/2015,SWF,NY,AEA,EN,Federal Contract Tower,12,20,16,9,57,0,11,19,6,36,12,31,35,15,93,20,16,36,129
08/21/2015,SWF,NY,AEA,EN,Federal Contract Tower,11,17,14,5,47,0,7,49,7,63,11,24,63,12,110,24,2,26,136
08/22/2015,SWF,NY,AEA,EN,Federal Contract Tower,7,14,22,2,45,0,7,28,2,37,7,21,50,4,82,0,0,0,82
08/23/2015,SWF,NY,AEA,EN,Federal Contract Tower,6,16,20,2,44,0,5,59,3,67,6,21,79,5,111,8,26,34,145
08/24/2015,SWF,NY,AEA,EN,Federal Contract Tower,5,15,14,3,37,0,6,30,4,40,5,21,44,7,77,6,12,18,95
08/25/2015,SWF,NY,AEA,EN,Federal Contract Tower,12,19,22,4,57,0,7,30,7,44,12,26,52,11,101,12,0,12,113
08/26/2015,SWF,NY,AEA,EN,Federal Contract Tower,9,18,14,4,45,0,6,65,21,92,9,24,79,25,137,8,0,8,145
08/27/2015,SWF,NY,AEA,EN,Federal Contract Tower,12,20,14,23,69,0,15,103,52,170,12,35,117,75,239,38,52,90,329
08/28/2015,SWF,NY,AEA,EN,Federal Contract Tower,10,18,9,3,40,0,6,80,23,109,10,24,89,26,149,0,34,34,183
08/29/2015,SWF,NY,AEA,EN,Federal Contract Tower,5,8,4,4,21,0,12,99,5,116,5,20,103,9,137,12,0,12,149
08/30/2015,SWF,NY,AEA,EN,Federal Contract Tower,6,14,8,2,30,0,4,71,8,83,6,18,79,10,113,0,0,0,113
08/31/2015,SWF,NY,AEA,EN,Federal Contract Tower,5,16,9,6,36,0,4,40,20,64,5,20,49,26,100,32,14,46,146
09/01/2015,SWF,NY,AEA,EN,Federal Contract Tower,12,19,17,6,54,0,11,55,2,68,12,30,72,8,122,30,0,30,152
09/02/2015,SWF,NY,AEA,EN,Federal Contract Tower,9,14,17,7,47,0,11,58,9,78,9,25,75,16,125,26,0,26,151
09/03/2015,SWF,NY,AEA,EN,Federal Contract Tower,12,16,18,11,57,0,13,64,17,94,12,29,82,28,151,40,24,64,215
09/04/2015,SWF,NY,AEA,EN,Federal Contract Tower,12,23,25,1,61,0,5,64,15,84,12,28,89,16,145,4,0,4,149
09/05/2015,SWF,NY,AEA,EN,Federal Contract Tower,5,11,10,2,28,0,9,46,2,57,5,20,56,4,85,30,0,30,115
09/06/2015,SWF,NY,AEA,EN,Federal Contract Tower,8,9,13,1,31,0,1,32,0,33,8,10,45,1,64,22,0,22,86
09/07/2015,SWF,NY,AEA,EN,Federal Contract Tower,7,18,11,0,36,0,2,35,0,37,7,20,46,0,73,26,0,26,99
09/08/2015,SWF,NY,AEA,EN,Federal Contract Tower,11,17,25,2,55,0,8,54,7,69,11,25,79,9,124,40,0,40,164
09/09/2015,SWF,NY,AEA,EN,Federal Contract Tower,10,22,31,6,69,0,8,49,1,58,10,30,80,7,127,34,0,34,161
09/10/2015,SWF,NY,AEA,EN,Federal Contract Tower,11,15,24,13,63,0,4,24,4,32,11,19,48,17,95,8,0,8,103
09/11/2015,SWF,NY,AEA,EN,Federal Contract Tower,10,15,34,6,65,0,8,55,8,71,10,23,89,14,136,4,0,4,140
09/12/2015,SWF,NY,AEA,EN,Federal Contract Tower,4,7,11,5,27,0,4,32,1,37,4,11,43,6,64,0,0,0,64
09/13/2015,SWF,NY,AEA,EN,Federal Contract Tower,6,15,21,3,45,0,3,31,2,36,6,18,52,5,81,38,0,38,119
09/14/2015,SWF,NY,AEA,EN,Federal Contract Tower,8,20,21,3,52,0,6,32,12,50,8,26,53,15,102,62,0,62,164
09/15/2015,SWF,NY,AEA,EN,Federal Contract Tower,11,15,15,7,48,1,12,68,11,92,12,27,83,18,140,52,0,52,192
09/16/2015,SWF,NY,AEA,EN,Federal Contract Tower,10,22,17,9,58,0,14,76,10,100,10,36,93,19,158,72,0,72,230
09/17/2015,SWF,NY,AEA,EN,Federal Contract Tower,12,15,22,6,55,0,12,64,9,85,12,27,86,15,140,44,0,44,184
09/18/2015,SWF,NY,AEA,EN,Federal Contract Tower,11,15,17,9,52,0,12,73,18,103,11,27,90,27,155,32,16,48,203
09/19/2015,SWF,NY,AEA,EN,Federal Contract Tower,5,16,24,3,48,0,5,63,19,87,5,21,87,22,135,26,0,26,161
09/20/2015,SWF,NY,AEA,EN,Federal Contract Tower,7,18,14,0,39,0,4,53,4,61,7,22,67,4,100,80,0,80,180
09/21/2015,SWF,NY,AEA,EN,Federal Contract Tower,6,20,10,10,46,0,6,35,5,46,6,26,45,15,92,44,16,60,152
09/22/2015,SWF,NY,AEA,EN,Federal Contract Tower,13,12,19,9,53,0,12,49,5,66,13,24,68,14,119,42,0,42,161
09/23/2015,SWF,NY,AEA,EN,Federal Contract Tower,15,20,8,9,52,0,17,52,7,76,15,37,60,16,128,8,0,8,136
09/24/2015,SWF,NY,AEA,EN,Federal Contract Tower,22,21,18,12,73,0,9,66,14,89,22,30,84,26,162,26,20,46,208
09/25/2015,SWF,NY,AEA,EN,Federal Contract Tower,19,24,23,5,71,0,12,53,2,67,19,36,76,7,138,2,0,2,140
09/26/2015,SWF,NY,AEA,EN,Federal Contract Tower,15,13,16,1,45,0,4,36,0,40,15,17,52,1,85,0,0,0,85
09/27/2015,SWF,NY,AEA,EN,Federal Contract Tower,10,21,14,2,47,0,12,54,0,66,10,33,68,2,113,80,0,80,193
09/28/2015,SWF,NY,AEA,EN,Federal Contract Tower,12,18,19,5,54,0,2,43,4,49,12,20,62,9,103,48,2,50,153
09/29/2015,SWF,NY,AEA,EN,Federal Contract Tower,18,23,24,22,87,0,4,15,0,19,18,27,39,22,106,10,26,36,142
09/30/2015,SWF,NY,AEA,EN,Federal Contract Tower,25,21,17,6,69,0,5,29,2,36,25,26,46,8,105,40,4,44,149
10/01/2015,SWF,NY,AEA,EN,Federal Contract Tower,16,12,18,9,55,0,12,38,17,67,16,24,56,26,122,24,40,64,186
10/02/2015,SWF,NY,AEA,EN,Federal Contract Tower,14,14,13,5,46,1,9,27,4,41,15,23,40,9,87,20,12,32,119
10/03/2015,SWF,NY,AEA,EN,Federal Contract Tower,5,9,11,4,29,0,1,1,0,2,5,10,12,4,31,10,0,10,41
10/04/2015,SWF,NY,AEA,EN,Federal Contract Tower,4,13,17,1,35,0,2,48,0,50,4,15,65,1,85,58,0,58,143
10/05/2015,SWF,NY,AEA,EN,Federal Contract Tower,5,11,19,3,38,0,17,48,0,65,5,28,67,3,103,56,0,56,159
10/06/2015,SWF,NY,AEA,EN,Federal Contract Tower,11,17,16,9,53,0,11,69,11,91,11,28,85,20,144,42,28,70,214
10/07/2015,SWF,NY,AEA,EN,Federal Contract Tower,11,14,18,4,47,0,7,68,10,85,11,21,86,14,132,6,26,32,164
10/08/2015,SWF,NY,AEA,EN,Federal Contract Tower,12,12,34,6,64,0,6,64,3,73,12,18,98,9,137,22,24,46,183
10/09/2015,SWF,NY,AEA,EN,Federal Contract Tower,11,14,28,4,57,0,3,38,5,46,11,17,66,9,103,34,0,34,137
10/10/2015,SWF,NY,AEA,EN,Federal Contract Tower,11,17,16,1,45,0,2,43,0,45,11,19,59,1,90,68,0,68,158
10/11/2015,SWF,NY,AEA,EN,Federal Contract Tower,8,14,25,0,47,0,11,49,1,61,8,25,74,1,108,82,0,82,190
10/12/2015,SWF,NY,AEA,EN,Federal Contract Tower,7,12,21,0,40,0,17,47,2,66,7,29,68,2,106,22,0,22,128
10/13/2015,SWF,NY,AEA,EN,Federal Contract Tower,11,17,29,12,69,0,9,50,18,77,11,26,79,30,146,6,26,32,178
10/14/2015,SWF,NY,AEA,EN,Federal Contract Tower,10,16,13,8,47,0,15,47,7,69,10,31,60,15,116,0,24,24,140
10/15/2015,SWF,NY,AEA,EN,Federal Contract Tower,12,15,27,7,61,0,12,69,6,87,12,27,96,13,148,42,2,44,192
10/16/2015,SWF,NY,AEA,EN,Federal Contract Tower,10,18,23,4,55,0,7,57,5,69,10,25,80,9,124,40,0,40,164
10/17/2015,SWF,NY,AEA,EN,Federal Contract Tower,5,8,18,4,35,0,6,51,1,58,5,14,69,5,93,88,0,88,181
10/18/2015,SWF,NY,AEA,EN,Federal Contract Tower,6,14,9,5,34,0,9,33,1,43,6,23,42,6,77,60,0,60,137
10/19/2015,SWF,NY,AEA,EN,Federal Contract Tower,5,16,25,4,50,0,10,54,9,73,5,26,79,13,123,18,0,18,141
10/20/2015,SWF,NY,AEA,EN,Federal Contract Tower,12,17,21,8,58,0,10,80,12,102,12,27,101,20,160,22,28,50,210
10/21/2015,SWF,NY,AEA,EN,Federal Contract Tower,11,14,21,9,55,0,13,68,18,99,11,27,89,27,154,12,24,36,190
10/22/2015,SWF,NY,AEA,EN,Federal Contract Tower,15,14,16,7,52,0,7,34,17,58,15,21,50,24,110,38,10,48,158
10/23/2015,SWF,NY,AEA,EN,Federal Contract Tower,12,12,13,6,43,0,13,65,13,91,12,25,78,19,134,0,2,2,136
10/24/2015,SWF,NY,AEA,EN,Federal Contract Tower,6,10,6,0,22,0,7,44,1,52,6,17,50,1,74,32,0,32,106
10/25/2015,SWF,NY,AEA,EN,Federal Contract Tower,7,19,17,2,45,0,4,2,2,8,7,23,19,4,53,0,0,0,53
10/26/2015,SWF,NY,AEA,EN,Federal Contract Tower,6,13,5,4,28,0,8,52,16,76,6,21,57,20,104,54,8,62,166
10/27/2015,SWF,NY,AEA,EN,Federal Contract Tower,11,11,11,8,41,0,4,46,6,56,11,15,57,14,97,22,16,38,135
10/28/2015,SWF,NY,AEA,EN,Federal Contract Tower,8,13,10,7,38,0,0,2,0,2,8,13,12,7,40,0,0,0,40
10/29/2015,SWF,NY,AEA,EN,Federal Contract Tower,11,20,7,6,44,0,6,12,5,23,11,26,19,11,67,10,12,22,89
10/30/2015,SWF,NY,AEA,EN,Federal Contract Tower,12,19,13,3,47,0,7,42,2,51,12,26,55,5,98,78,10,88,186
10/31/2015,SWF,NY,AEA,EN,Federal Contract Tower,5,13,10,2,30,0,11,51,1,63,5,24,61,3,93,40,0,40,133
11/01/2015,SWF,NY,AEA,EN,Federal Contract Tower,6,18,21,1,46,0,5,45,0,50,6,23,66,1,96,28,0,28,124
11/02/2015,SWF,NY,AEA,EN,Federal Contract Tower,5,15,20,3,43,0,5,58,15,78,5,20,78,18,121,16,0,16,137
11/03/2015,SWF,NY,AEA,EN,Federal Contract Tower,13,16,10,6,45,0,10,66,20,96,13,26,76,26,141,16,12,28,169
11/04/2015,SWF,NY,AEA,EN,Federal Contract Tower,10,14,24,14,62,0,9,44,6,59,10,23,68,20,121,18,20,38,159
11/05/2015,SWF,NY,AEA,EN,Federal Contract Tower,13,10,14,25,62,0,3,33,8,44,13,13,47,33,106,0,6,6,112
11/06/2015,SWF,NY,AEA,EN,Federal Contract Tower,12,16,15,5,48,0,11,27,8,46,12,27,42,13,94,0,0,0,94
11/07/2015,SWF,NY,AEA,EN,Federal Contract Tower,6,9,13,4,32,0,4,36,14,54,6,13,49,18,86,8,0,8,94
11/08/2015,SWF,NY,AEA,EN,Federal Contract Tower,8,18,31,10,67,0,8,67,4,79,8,26,98,14,146,52,0,52,198
11/09/2015,SWF,NY,AEA,EN,Federal Contract Tower,4,16,17,5,42,0,6,56,7,69,4,22,73,12,111,20,0,20,131
11/10/2015,SWF,NY,AEA,EN,Federal Contract Tower,12,13,15,5,45,0,2,16,1,19,12,15,31,6,64,4,24,28,92
11/11/2015,SWF,NY,AEA,EN,Federal Contract Tower,9,15,13,1,38,0,4,19,2,25,9,19,32,3,63,0,8,8,71
11/12/2015,SWF,NY,AEA,EN,Federal Contract Tower,14,17,25,10,66,0,0,1,0,1,14,17,26,10,67,0,0,0,67
11/13/2015,SWF,NY,AEA,EN,Federal Contract Tower,12,16,25,5,58,0,4,31,12,47,12,20,56,17,105,28,0,28,133
11/14/2015,SWF,NY,AEA,EN,Federal Contract Tower,6,9,11,2,28,0,6,12,0,18,6,15,23,2,46,14,0,14,60
11/15/2015,SWF,NY,AEA,EN,Federal Contract Tower,7,15,19,2,43,0,6,73,6,85,7,21,92,8,128,30,0,30,158
11/16/2015,SWF,NY,AEA,EN,Federal Contract Tower,6,15,9,1,31,0,4,44,6,54,6,19,53,7,85,30,0,30,115
11/17/2015,SWF,NY,AEA,EN,Federal Contract Tower,10,13,20,6,49,0,2,75,19,96,10,15,95,25,145,18,10,28,173
11/18/2015,SWF,NY,AEA,EN,Federal Contract Tower,9,9,17,9,44,0,5,60,5,70,9,14,77,14,114,6,42,48,162
11/19/2015,SWF,NY,AEA,EN,Federal Contract Tower,13,19,11,10,53,0,0,0,0,0,13,19,11,10,53,0,0,0,53
11/20/2015,SWF,NY,AEA,EN,Federal Contract Tower,12,16,24,5,57,0,9,42,10,61,12,25,66,15,118,46,8,54,172
11/21/2015,SWF,NY,AEA,EN,Federal Contract Tower,5,12,16,1,34,0,8,33,2,43,5,20,49,3,77,18,0,18,95
11/22/2015,SWF,NY,AEA,EN,Federal Contract Tower,7,13,13,0,33,0,2,31,0,33,7,15,44,0,66,50,0,50,116
11/23/2015,SWF,NY,AEA,EN,Federal Contract Tower,10,12,6,1,29,0,2,41,1,44,10,14,47,2,73,20,0,20,93
11/24/2015,SWF,NY,AEA,EN,Federal Contract Tower,12,16,30,11,69,0,9,46,6,61,12,25,76,17,130,42,20,62,192
11/25/2015,SWF,NY,AEA,EN,Federal Contract Tower,10,14,13,7,44,0,9,53,6,68,10,23,66,13,112,28,60,88,200
11/26/2015,SWF,NY,AEA,EN,Federal Contract Tower,5,5,5,0,15,0,2,8,0,10,5,7,13,0,25,0,0,0,25
11/27/2015,SWF,NY,AEA,EN,Federal Contract Tower,7,13,6,1,27,0,0,38,0,38,7,13,44,1,65,44,0,44,109
11/28/2015,SWF,NY,AEA,EN,Federal Contract Tower,4,10,3,2,19,0,0,2,0,2,4,10,5,2,21,0,0,0,21
11/29/2015,SWF,NY,AEA,EN,Federal Contract Tower,7,24,37,0,68,0,1,48,0,49,7,25,85,0,117,50,0,50,167
11/30/2015,SWF,NY,AEA,EN,Federal Contract Tower,6,17,11,9,43,0,5,31,4,40,6,22,42,13,83,12,0,12,95
12/01/2015,SWF,NY,AEA,EN,Federal Contract Tower,15,14,26,8,63,0,0,0,0,0,15,14,26,8,63,0,0,0,63
12/02/2015,SWF,NY,AEA,EN,Federal Contract Tower,13,17,20,9,59,0,0,0,0,0,13,17,20,9,59,0,0,0,59
12/03/2015,SWF,NY,AEA,EN,Federal Contract Tower,14,16,15,10,55,0,7,32,15,54,14,23,47,25,109,2,42,44,153
12/04/2015,SWF,NY,AEA,EN,Federal Contract Tower,12,12,17,10,51,0,8,50,9,67,12,20,67,19,118,50,2,52,170
12/05/2015,SWF,NY,AEA,EN,Federal Contract Tower,5,11,6,6,28,0,2,52,2,56,5,13,58,8,84,40,0,40,124
12/06/2015,SWF,NY,AEA,EN,Federal Contract Tower,6,13,23,1,43,0,4,67,1,72,6,17,90,2,115,34,0,34,149
12/07/2015,SWF,NY,AEA,EN,Federal Contract Tower,6,11,21,3,41,0,8,36,6,50,6,19,57,9,91,18,0,18,109
12/08/2015,SWF,NY,AEA,EN,Federal Contract Tower,15,18,28,7,68,0,4,43,0,47,15,22,71,7,115,8,10,18,133
12/09/2015,SWF,NY,AEA,EN,Federal Contract Tower,13,12,12,17,54,0,5,41,10,56,13,17,53,27,110,28,48,76,186
12/10/2015,SWF,NY,AEA,EN,Federal Contract Tower,15,11,16,11,53,0,7,35,17,59,15,18,51,28,112,10,38,48,160
12/11/2015,SWF,NY,AEA,EN,Federal Contract Tower,12,13,16,8,49,0,6,33,10,49,12,19,49,18,98,24,4,28,126
12/12/2015,SWF,NY,AEA,EN,Federal Contract Tower,5,11,9,1,26,0,4,36,0,40,5,15,45,1,66,26,0,26,92
12/13/2015,SWF,NY,AEA,EN,Federal Contract Tower,7,14,10,1,32,0,4,39,0,43,7,18,49,1,75,48,0,48,123
12/14/2015,SWF,NY,AEA,EN,Federal Contract Tower,8,27,40,0,75,0,0,0,0,0,8,27,40,0,75,0,0,0,75
12/15/2015,SWF,NY,AEA,EN,Federal Contract Tower,13,24,13,5,55,0,0,32,6,38,13,24,45,11,93,16,8,24,117
12/16/2015,SWF,NY,AEA,EN,Federal Contract Tower,12,15,24,6,57,0,12,35,9,56,12,27,59,15,113,32,36,68,181
12/17/2015,SWF,NY,AEA,EN,Federal Contract Tower,12,15,17,8,52,0,0,0,0,0,12,15,17,8,52,0,0,0,52
12/18/2015,SWF,NY,AEA,EN,Federal Contract Tower,12,17,29,5,63,0,4,39,10,53,12,21,68,15,116,16,18,34,150
12/19/2015,SWF,NY,AEA,EN,Federal Contract Tower,9,10,13,3,35,0,3,6,1,10,9,13,19,4,45,0,0,0,45
12/20/2015,SWF,NY,AEA,EN,Federal Contract Tower,10,17,15,0,42,0,3,49,0,52,10,20,64,0,94,18,0,18,112
12/21/2015,SWF,NY,AEA,EN,Federal Contract Tower,6,19,12,8,45,0,5,15,1,21,6,24,27,9,66,0,0,0,66
12/22/2015,SWF,NY,AEA,EN,Federal Contract Tower,12,11,18,4,45,0,0,0,0,0,12,11,18,4,45,0,0,0,45
12/23/2015,SWF,NY,AEA,EN,Federal Contract Tower,12,23,5,6,46,0,0,0,0,0,12,23,5,6,46,0,0,0,46
12/24/2015,SWF,NY,AEA,EN,Federal Contract Tower,16,10,2,0,28,0,4,4,0,8,16,14,6,0,36,0,0,0,36
12/25/2015,SWF,NY,AEA,EN,Federal Contract Tower,6,8,2,0,16,0,1,2,0,3,6,9,4,0,19,0,0,0,19
12/26/2015,SWF,NY,AEA,EN,Federal Contract Tower,4,14,16,0,34,0,3,38,0,41,4,17,54,0,75,6,0,6,81
12/27/2015,SWF,NY,AEA,EN,Federal Contract Tower,9,18,13,1,41,0,0,0,0,0,9,18,13,1,41,0,0,0,41
12/28/2015,SWF,NY,AEA,EN,Federal Contract Tower,7,15,8,2,32,0,10,38,4,52,7,25,46,6,84,2,0,2,86
12/29/2015,SWF,NY,AEA,EN,Federal Contract Tower,11,16,4,3,34,0,0,0,0,0,11,16,4,3,34,0,0,0,34
12/30/2015,SWF,NY,AEA,EN,Federal Contract Tower,13,15,7,0,35,0,0,0,0,0,13,15,7,0,35,0,0,0,35
12/31/2015,SWF,NY,AEA,EN,Federal Contract Tower,12,10,11,5,38,0,7,31,2,40,12,17,42,7,78,44,0,44,122
01/01/2016,SWF,NY,AEA,EN,Federal Contract Tower,3,18,2,0,23,0,3,9,1,13,3,21,11,1,36,0,0,0,36
01/02/2016,SWF,NY,AEA,EN,Federal Contract Tower,4,16,22,1,43,0,2,59,1,62,4,18,81,2,105,4,0,4,109
01/03/2016,SWF,NY,AEA,EN,Federal Contract Tower,7,23,32,0,62,0,1,43,0,44,7,24,75,0,106,6,0,6,112
01/04/2016,SWF,NY,AEA,EN,Federal Contract Tower,7,14,11,4,36,0,7,36,0,43,7,21,47,4,79,0,0,0,79
01/05/2016,SWF,NY,AEA,EN,Federal Contract Tower,11,10,7,4,32,0,0,53,7,60,11,10,60,11,92,72,10,82,174
01/06/2016,SWF,NY,AEA,EN,Federal Contract Tower,10,13,16,11,50,0,7,31,6,44,10,20,47,17,94,30,0,30,124
01/07/2016,SWF,NY,AEA,EN,Federal Contract Tower,10,15,20,18,63,0,4,48,15,67,10,19,68,33,130,14,8,22,152
01/08/2016,SWF,NY,AEA,EN,Federal Contract Tower,10,18,15,10,53,0,6,48,8,62,10,24,63,18,115,18,0,18,133
01/09/2016,SWF,NY,AEA,EN,Federal Contract Tower,5,6,9,8,28,0,1,0,1,2,5,7,9,9,30,0,0,0,30
01/10/2016,SWF,NY,AEA,EN,Federal Contract Tower,6,13,7,2,28,0,0,0,0,0,6,13,7,2,28,0,0,0,28
01/11/2016,SWF,NY,AEA,EN,Federal Contract Tower,5,12,11,5,33,0,8,33,5,46,5,20,44,10,79,12,0,12,91
01/12/2016,SWF,NY,AEA,EN,Federal Contract Tower,12,10,14,9,45,0,6,17,1,24,12,16,31,10,69,14,0,14,83
01/13/2016,SWF,NY,AEA,EN,Federal Contract Tower,10,16,18,8,52,0,6,18,13,37,10,22,36,21,89,22,14,36,125
01/14/2016,SWF,NY,AEA,EN,Federal Contract Tower,9,16,23,14,62,0,10,36,1,47,9,26,59,15,109,0,16,16,125
01/15/2016,SWF,NY,AEA,EN,Federal Contract Tower,11,18,20,4,53,0,6,52,5,63,11,24,72,9,116,36,0,36,152
01/16/2016,SWF,NY,AEA,EN,Federal Contract Tower,5,12,8,3,28,0,5,14,1,20,5,17,22,4,48,8,0,8,56
01/17/2016,SWF,NY,AEA,EN,Federal Contract Tower,6,10,8,1,25,0,2,67,0,69,6,12,75,1,94,16,0,16,110
01/18/2016,SWF,NY,AEA,EN,Federal Contract Tower,4,16,10,0,30,0,0,16,0,16,4,16,26,0,46,0,0,0,46
01/19/2016,SWF,NY,AEA,EN,Federal Contract Tower,11,13,14,3,41,0,3,17,0,20,11,16,31,3,61,0,0,0,61
01/20/2016,SWF,NY,AEA,EN,Federal Contract Tower,9,17,26,11,63,0,9,68,11,88,9,26,94,22,151,36,12,48,199
01/21/2016,SWF,NY,AEA,EN,Federal Contract Tower,13,18,24,3,58,0,3,31,6,40,13,21,55,9,98,46,0,46,144
01/22/2016,SWF,NY,AEA,EN,Federal Contract Tower,8,11,19,4,42,0,8,44,5,57,8,19,63,9,99,20,0,20,119
01/23/2016,SWF,NY,AEA,EN,Federal Contract Tower,4,0,1,2,7,0,0,0,0,0,4,0,1,2,7,0,0,0,7
01/24/2016,SWF,NY,AEA,EN,Federal Contract Tower,14,15,13,0,42,0,6,17,0,23,14,21,30,0,65,4,0,4,69
01/25/2016,SWF,NY,AEA,EN,Federal Contract Tower,10,9,14,5,38,0,3,24,6,33,10,12,38,11,71,0,0,0,71
01/26/2016,SWF,NY,AEA,EN,Federal Contract Tower,10,13,21,9,53,0,15,59,15,89,10,28,80,24,142,42,14,56,198
01/27/2016,SWF,NY,AEA,EN,Federal Contract Tower,10,12,9,12,43,0,3,41,15,59,10,15,50,27,102,18,34,52,154
01/28/2016,SWF,NY,AEA,EN,Federal Contract Tower,11,13,17,11,52,0,16,65,18,99,11,29,82,29,151,26,44,70,221
01/29/2016,SWF,NY,AEA,EN,Federal Contract Tower,11,22,15,3,51,0,3,12,9,24,11,25,27,12,75,34,0,34,109
01/30/2016,SWF,NY,AEA,EN,Federal Contract Tower,5,11,13,1,30,0,6,58,0,64,5,17,71,1,94,30,0,30,124
01/31/2016,SWF,NY,AEA,EN,Federal Contract Tower,8,20,15,1,44,0,4,40,4,48,8,24,55,5,92,34,0,34,126
02/01/2016,SWF,NY,AEA,EN,Federal Contract Tower,6,15,16,5,42,0,5,27,7,39,6,20,43,12,81,46,0,46,127
02/02/2016,SWF,NY,AEA,EN,Federal Contract Tower,12,16,22,5,55,0,8,32,7,47,12,24,54,12,102,42,6,48,150
02/03/2016,SWF,NY,AEA,EN,Federal Contract Tower,10,5,12,7,34,0,0,0,8,8,10,5,12,15,42,0,0,0,42
02/04/2016,SWF,NY,AEA,EN,Federal Contract Tower,11,21,14,9,55,0,9,38,17,64,11,30,52,26,119,42,12,54,173
02/05/2016,SWF,NY,AEA,EN,Federal Contract Tower,11,17,15,1,44,0,3,19,2,24,11,20,34,3,68,0,0,0,68
02/06/2016,SWF,NY,AEA,EN,Federal Contract Tower,4,10,11,3,28,0,8,80,6,94,4,18,91,9,122,26,0,26,148
02/07/2016,SWF,NY,AEA,EN,Federal Contract Tower,6,16,15,0,37,0,2,20,0,22,6,18,35,0,59,0,0,0,59
02/08/2016,SWF,NY,AEA,EN,Federal Contract Tower,7,19,14,7,47,0,2,11,0,13,7,21,25,7,60,12,0,12,72
02/09/2016,SWF,NY,AEA,EN,Federal Contract Tower,12,13,11,6,42,0,11,28,1,40,12,24,39,7,82,22,0,22,104
02/10/2016,SWF,NY,AEA,EN,Federal Contract Tower,10,18,10,8,46,0,8,27,5,40,10,26,37,13,86,4,12,16,102
02/11/2016,SWF,NY,AEA,EN,Federal Contract Tower,12,17,10,19,58,0,0,17,10,27,12,17,27,29,85,0,16,16,101
02/12/2016,SWF,NY,AEA,EN,Federal Contract Tower,12,17,18,3,50,0,9,41,9,59,12,26,59,12,109,26,0,26,135
02/13/2016,SWF,NY,AEA,EN,Federal Contract Tower,5,10,4,2,21,0,0,0,0,0,5,10,4,2,21,0,0,0,21
02/14/2016,SWF,NY,AEA,EN,Federal Contract Tower,6,15,15,1,37,0,0,26,0,26,6,15,41,1,63,50,0,50,113
02/15/2016,SWF,NY,AEA,EN,Federal Contract Tower,6,26,27,1,60,0,2,7,1,10,6,28,34,2,70,0,0,0,70
02/16/2016,SWF,NY,AEA,EN,Federal Contract Tower,8,27,14,6,55,0,0,0,0,0,8,27,14,6,55,0,0,0,55
02/17/2016,SWF,NY,AEA,EN,Federal Contract Tower,9,14,15,7,45,0,9,60,19,88,9,23,75,26,133,14,52,66,199
02/18/2016,SWF,NY,AEA,EN,Federal Contract Tower,11,16,14,6,47,0,6,38,3,47,11,22,52,9,94,12,30,42,136
02/19/2016,SWF,NY,AEA,EN,Federal Contract Tower,10,18,15,6,49,0,5,22,6,33,10,23,37,12,82,8,16,24,106
02/20/2016,SWF,NY,AEA,EN,Federal Contract Tower,5,11,9,7,32,0,0,45,1,46,5,11,54,8,78,0,0,0,78
02/21/2016,SWF,NY,AEA,EN,Federal Contract Tower,4,15,8,3,30,0,5,12,1,18,4,20,20,4,48,4,12,16,64
02/22/2016,SWF,NY,AEA,EN,Federal Contract Tower,7,5,16,3,31,0,9,28,1,38,7,14,44,4,69,16,0,16,85
02/23/2016,SWF,NY,AEA,EN,Federal Contract Tower,12,17,4,3,36,0,0,7,0,7,12,17,11,3,43,0,0,0,43
02/24/2016,SWF,NY,AEA,EN,Federal Contract Tower,9,18,7,14,48,0,0,0,0,0,9,18,7,14,48,0,0,0,48
02/25/2016,SWF,NY,AEA,EN,Federal Contract Tower,11,13,16,17,57,0,5,11,17,33,11,18,27,34,90,2,24,26,116
02/26/2016,SWF,NY,AEA,EN,Federal Contract Tower,13,16,16,5,50,0,11,17,2,30,13,27,33,7,80,0,0,0,80
02/27/2016,SWF,NY,AEA,EN,Federal Contract Tower,4,6,7,2,19,0,4,25,3,32,4,10,32,5,51,36,0,36,87
02/28/2016,SWF,NY,AEA,EN,Federal Contract Tower,4,13,15,0,32,0,0,32,0,32,4,13,47,0,64,30,0,30,94
02/29/2016,SWF,NY,AEA,EN,Federal Contract Tower,6,16,9,7,38,0,4,16,3,23,6,20,25,10,61,14,2,16,77
03/01/2016,SWF,NY,AEA,EN,Federal Contract Tower,13,15,21,13,62,0,7,47,12,66,13,22,68,25,128,22,6,28,156
03/02/2016,SWF,NY,AEA,EN,Federal Contract Tower,11,23,9,15,58,0,2,25,11,38,11,25,34,26,96,0,18,18,114
03/03/2016,SWF,NY,AEA,EN,Federal Contract Tower,10,13,8,8,39,0,4,45,16,65,10,17,53,24,104,32,46,78,182
03/04/2016,SWF,NY,AEA,EN,Federal Contract Tower,12,13,14,5,44,0,5,36,0,41,12,18,50,5,85,6,0,6,91
03/05/2016,SWF,NY,AEA,EN,Federal Contract Tower,5,7,6,6,24,0,8,49,10,67,5,15,55,16,91,38,24,62,153
03/06/2016,SWF,NY,AEA,EN,Federal Contract Tower,4,14,14,1,33,0,2,15,0,17,4,16,29,1,50,2,0,2,52
03/07/2016,SWF,NY,AEA,EN,Federal Contract Tower,6,14,22,2,44,0,4,43,5,52,6,18,65,7,96,0,0,0,96
03/08/2016,SWF,NY,AEA,EN,Federal Contract Tower,13,15,22,3,53,0,14,46,7,67,13,29,68,10,120,22,0,22,142
03/09/2016,SWF,NY,AEA,EN,Federal Contract Tower,11,11,11,8,41,0,14,59,11,84,11,25,70,19,125,42,12,54,179
03/10/2016,SWF,NY,AEA,EN,Federal Contract Tower,10,15,16,8,49,0,2,20,6,28,10,17,36,14,77,14,16,30,107
03/11/2016,SWF,NY,AEA,EN,Federal Contract Tower,13,20,16,11,60,0,10,50,16,76,13,30,66,27,136,30,16,46,182
03/12/2016,SWF,NY,AEA,EN,Federal Contract Tower,6,5,9,4,24,0,4,61,6,71,6,9,70,10,95,64,14,78,173
03/13/2016,SWF,NY,AEA,EN,Federal Contract Tower,4,13,20,0,37,0,2,23,3,28,4,15,43,3,65,26,0,26,91
03/14/2016,SWF,NY,AEA,EN,Federal Contract Tower,6,10,16,4,36,0,4,19,8,31,6,14,35,12,67,10,0,10,77
03/15/2016,SWF,NY,AEA,EN,Federal Contract Tower,13,11,26,20,70,0,10,31,17,58,13,21,57,37,128,0,0,0,128
03/16/2016,SWF,NY,AEA,EN,Federal Contract Tower,11,12,21,6,50,0,6,40,11,57,11,18,61,17,107,0,24,24,131
03/17/2016,SWF,NY,AEA,EN,Federal Contract Tower,14,13,21,22,70,0,6,13,14,33,14,19,34,36,103,4,4,8,111
03/18/2016,SWF,NY,AEA,EN,Federal Contract Tower,11,13,11,4,39,0,1,22,3,26,11,14,33,7,65,2,0,2,67
03/19/2016,SWF,NY,AEA,EN,Federal Contract Tower,5,8,24,3,40,0,5,78,4,87,5,13,102,7,127,38,4,42,169
03/20/2016,SWF,NY,AEA,EN,Federal Contract Tower,3,11,14,1,29,0,2,25,0,27,3,13,39,1,56,8,0,8,64
03/21/2016,SWF,NY,AEA,EN,Federal Contract Tower,8,16,11,7,42,0,6,65,15,86,8,22,76,22,128,42,4,46,174
03/22/2016,SWF,NY,AEA,EN,Federal Contract Tower,12,9,12,3,36,0,1,46,8,55,12,10,58,11,91,30,8,38,129
03/23/2016,SWF,NY,AEA,EN,Federal Contract Tower,13,14,9,5,41,0,8,29,17,54,13,22,38,22,95,22,24,46,141
03/24/2016,SWF,NY,AEA,EN,Federal Contract Tower,11,14,16,14,55,0,9,43,11,63,11,23,59,25,118,14,18,32,150
03/25/2016,SWF,NY,AEA,EN,Federal Contract Tower,10,16,9,6,41,0,3,68,4,75,10,19,77,10,116,32,0,32,148
03/26/2016,SWF,NY,AEA,EN,Federal Contract Tower,6,9,4,1,20,0,6,34,2,42,6,15,38,3,62,6,0,6,68
03/27/2016,SWF,NY,AEA,EN,Federal Contract Tower,3,20,9,0,32,0,5,65,0,70,3,25,74,0,102,26,0,26,128
03/28/2016,SWF,NY,AEA,EN,Federal Contract Tower,8,15,20,4,47,0,0,2,1,3,8,15,22,5,50,0,0,0,50
03/29/2016,SWF,NY,AEA,EN,Federal Contract Tower,11,19,15,7,52,0,4,17,6,27,11,23,32,13,79,4,0,4,83
03/30/2016,SWF,NY,AEA,EN,Federal Contract Tower,10,14,24,4,52,0,24,40,25,89,10,38,64,29,141,2,8,10,151
03/31/2016,SWF,NY,AEA,EN,Federal Contract Tower,8,10,26,18,62,0,6,32,3,41,8,16,58,21,103,24,0,24,127
04/01/2016,SWF,NY,AEA,EN,Federal Contract Tower,12,21,19,5,57,0,3,30,6,39,12,24,49,11,96,28,0,28,124
04/02/2016,SWF,NY,AEA,EN,Federal Contract Tower,9,9,10,3,31,0,4,14,0,18,9,13,24,3,49,0,0,0,49
04/03/2016,SWF,NY,AEA,EN,Federal Contract Tower,5,18,11,1,35,0,0,2,3,5,5,18,13,4,40,0,8,8,48
04/04/2016,SWF,NY,AEA,EN,Federal Contract Tower,8,13,18,6,45,0,0,0,0,0,8,13,18,6,45,0,0,0,45
04/05/2016,SWF,NY,AEA,EN,Federal Contract Tower,14,13,25,4,56,0,18,51,7,76,14,31,76,11,132,0,0,0,132
04/06/2016,SWF,NY,AEA,EN,Federal Contract Tower,9,12,24,11,56,0,43,58,15,116,9,55,82,26,172,6,18,24,196
04/07/2016,SWF,NY,AEA,EN,Federal Contract Tower,10,11,17,6,44,0,1,0,0,1,10,12,17,6,45,0,0,0,45
04/08/2016,SWF,NY,AEA,EN,Federal Contract Tower,12,12,26,2,52,0,3,37,1,41,12,15,63,3,93,46,0,46,139
04/09/2016,SWF,NY,AEA,EN,Federal Contract Tower,5,8,11,7,31,0,3,29,0,32,5,11,40,7,63,36,0,36,99
04/10/2016,SWF,NY,AEA,EN,Federal Contract Tower,5,18,19,2,44,0,4,69,0,73,5,22,88,2,117,28,0,28,145
04/11/2016,SWF,NY,AEA,EN,Federal Contract Tower,8,20,14,1,43,0,9,17,3,29,8,29,31,4,72,0,0,0,72
04/12/2016,SWF,NY,AEA,EN,Federal Contract Tower,12,9,8,3,32,0,0,6,6,12,12,9,14,9,44,0,4,4,48
04/13/2016,SWF,NY,AEA,EN,Federal Contract Tower,10,15,25,13,63,0,50,63,12,125,10,65,88,25,188,4,44,48,236
04/14/2016,SWF,NY,AEA,EN,Federal Contract Tower,11,19,8,8,46,0,7,54,8,69,11,26,62,16,115,8,44,52,167
04/15/2016,SWF,NY,AEA,EN,Federal Contract Tower,11,15,12,8,46,0,4,52,16,72,11,19,64,24,118,34,0,34,152
04/16/2016,SWF,NY,AEA,EN,Federal Contract Tower,5,13,14,4,36,0,7,67,16,90,5,20,81,20,126,26,0,26,152
04/17/2016,SWF,NY,AEA,EN,Federal Contract Tower,4,18,11,7,40,0,7,76,3,86,4,25,87,10,126,14,0,14,140
04/18/2016,SWF,NY,AEA,EN,Federal Contract Tower,8,14,9,2,33,0,9,49,12,70,8,23,58,14,103,18,0,18,121
04/19/2016,SWF,NY,AEA,EN,Federal Contract Tower,10,16,10,7,43,0,10,17,19,46,10,26,27,26,89,0,24,24,113
04/20/2016,SWF,NY,AEA,EN,Federal Contract Tower,14,20,9,6,49,0,8,41,15,64,14,28,50,21,113,36,10,46,159
04/21/2016,SWF,NY,AEA,EN,Federal Contract Tower,12,18,12,12,54,0,9,58,15,82,12,27,70,27,136,56,12,68,204
04/22/2016,SWF,NY,AEA,EN,Federal Contract Tower,16,22,14,4,56,0,4,33,12,49,16,26,47,16,105,26,0,26,131
04/23/2016,SWF,NY,AEA,EN,Federal Contract Tower,6,11,13,1,31,0,4,28,3,35,6,15,41,4,66,12,0,12,78
04/24/2016,SWF,NY,AEA,EN,Federal Contract Tower,6,13,9,4,32,0,31,59,3,93,6,44,68,7,125,10,6,16,141
04/25/2016,SWF,NY,AEA,EN,Federal Contract Tower,9,16,21,1,47,0,28,54,5,87,9,44,75,6,134,20,0,20,154
04/26/2016,SWF,NY,AEA,EN,Federal Contract Tower,11,11,13,3,38,0,0,0,0,0,11,11,13,3,38,0,0,0,38
04/27/2016,SWF,NY,AEA,EN,Federal Contract Tower,10,18,27,10,65,0,14,38,6,58,10,32,65,16,123,22,22,44,167
04/28/2016,SWF,NY,AEA,EN,Federal Contract Tower,10,20,21,6,57,0,8,35,13,56,10,28,56,19,113,18,46,64,177
04/29/2016,SWF,NY,AEA,EN,Federal Contract Tower,11,12,13,1,37,0,12,30,7,49,11,24,43,8,86,10,0,10,96
04/30/2016,SWF,NY,AEA,EN,Federal Contract Tower,5,9,11,2,27,0,1,32,6,39,5,10,43,8,66,20,0,20,86
05/01/2016,SWF,NY,AEA,EN,Federal Contract Tower,4,17,13,2,36,0,2,4,0,6,4,19,17,2,42,4,0,4,46
05/02/2016,SWF,NY,AEA,EN,Federal Contract Tower,6,20,9,3,38,0,0,0,0,0,6,20,9,3,38,0,0,0,38
05/03/2016,SWF,NY,AEA,EN,Federal Contract Tower,11,16,34,5,66,0,0,0,0,0,11,16,34,5,66,0,0,0,66
05/04/2016,SWF,NY,AEA,EN,Federal Contract Tower,9,28,19,7,63,0,0,0,0,0,9,28,19,7,63,0,0,0,63
05/05/2016,SWF,NY,AEA,EN,Federal Contract Tower,12,13,26,13,64,0,5,25,8,38,12,18,51,21,102,14,14,28,130
05/06/2016,SWF,NY,AEA,EN,Federal Contract Tower,12,12,17,4,45,0,0,0,0,0,12,12,17,4,45,0,0,0,45
05/07/2016,SWF,NY,AEA,EN,Federal Contract Tower,6,10,14,6,36,0,3,9,0,12,6,13,23,6,48,0,2,2,50
05/08/2016,SWF,NY,AEA,EN,Federal Contract Tower,6,12,10,2,30,0,0,9,2,11,6,12,19,4,41,2,2,4,45
05/09/2016,SWF,NY,AEA,EN,Federal Contract Tower,7,16,21,3,47,0,3,25,11,39,7,19,46,14,86,20,0,20,106
05/10/2016,SWF,NY,AEA,EN,Federal Contract Tower,11,18,13,7,49,0,9,41,8,58,11,27,54,15,107,6,4,10,117
05/11/2016,SWF,NY,AEA,EN,Federal Contract Tower,10,15,15,15,55,0,14,40,20,74,10,29,55,35,129,42,28,70,199
05/12/2016,SWF,NY,AEA,EN,Federal Contract Tower,10,24,16,6,56,0,7,66,13,86,10,31,82,19,142,32,0,32,174
05/13/2016,SWF,NY,AEA,EN,Federal Contract Tower,11,14,6,5,36,0,3,9,0,12,11,17,15,5,48,20,0,20,68
05/14/2016,SWF,NY,AEA,EN,Federal Contract Tower,6,12,22,1,41,0,0,55,9,64,6,12,77,10,105,86,0,86,191
05/15/2016,SWF,NY,AEA,EN,Federal Contract Tower,4,17,11,6,38,0,3,6,5,14,4,20,17,11,52,0,0,0,52
05/16/2016,SWF,NY,AEA,EN,Federal Contract Tower,7,16,19,2,44,0,1,24,10,35,7,17,43,12,79,22,6,28,107
05/17/2016,SWF,NY,AEA,EN,Federal Contract Tower,9,25,12,7,53,0,11,57,21,89,9,36,69,28,142,26,14,40,182
05/18/2016,SWF,NY,AEA,EN,Federal Contract Tower,10,15,24,5,54,0,13,51,5,69,10,28,75,10,123,0,0,0,123
05/19/2016,SWF,NY,AEA,EN,Federal Contract Tower,12,17,22,7,58,0,10,57,6,73,12,27,79,13,131,22,10,32,163
05/20/2016,SWF,NY,AEA,EN,Federal Contract Tower,12,17,17,9,55,0,11,84,29,124,12,28,101,38,179,40,0,40,219
05/21/2016,SWF,NY,AEA,EN,Federal Contract Tower,8,14,6,5,33,0,4,6,7,17,8,18,12,12,50,0,0,0,50
05/22/2016,SWF,NY,AEA,EN,Federal Contract Tower,6,21,21,4,52,0,3,31,6,40,6,24,52,10,92,20,0,20,112
05/23/2016,SWF,NY,AEA,EN,Federal Contract Tower,5,20,22,6,53,0,6,49,5,60,5,26,71,11,113,10,2,12,125
05/24/2016,SWF,NY,AEA,EN,Federal Contract Tower,12,17,13,9,51,0,12,33,9,54,12,29,46,18,105,28,24,52,157
05/25/2016,SWF,NY,AEA,EN,Federal Contract Tower,10,14,19,8,51,0,5,50,19,74,10,19,69,27,125,24,56,80,205
05/26/2016,SWF,NY,AEA,EN,Federal Contract Tower,11,25,16,9,61,0,4,45,24,73,11,29,61,33,134,16,2,18,152
05/27/2016,SWF,NY,AEA,EN,Federal Contract Tower,10,20,31,2,63,0,2,50,1,53,10,22,81,3,116,8,2,10,126
05/28/2016,SWF,NY,AEA,EN,Federal Contract Tower,6,7,15,1,29,0,0,60,15,75,6,7,75,16,104,18,0,18,122
05/29/2016,SWF,NY,AEA,EN,Federal Contract Tower,5,10,10,2,27,0,3,35,18,56,5,13,45,20,83,14,6,20,103
05/30/2016,SWF,NY,AEA,EN,Federal Contract Tower,4,18,14,0,36,0,3,6,2,11,4,21,20,2,47,4,0,4,51
05/31/2016,SWF,NY,AEA,EN,Federal Contract Tower,7,16,19,9,51,0,4,43,17,64,7,20,62,26,115,50,8,58,173
06/01/2016,SWF,NY,AEA,EN,Federal Contract Tower,12,15,16,7,50,0,11,44,25,80,12,26,60,32,130,38,32,70,200
06/02/2016,SWF,NY,AEA,EN,Federal Contract Tower,11,17,18,10,56,0,8,60,41,109,11,25,78,51,165,42,44,86,251
06/03/2016,SWF,NY,AEA,EN,Federal Contract Tower,12,24,19,1,56,0,0,3,3,6,12,24,22,4,62,0,0,0,62
06/04/2016,SWF,NY,AEA,EN,Federal Contract Tower,5,15,22,6,48,0,8,65,23,96,5,23,87,29,144,56,0,56,200
06/05/2016,SWF,NY,AEA,EN,Federal Contract Tower,5,15,18,2,40,0,2,0,0,2,5,17,18,2,42,0,0,0,42
06/06/2016,SWF,NY,AEA,EN,Federal Contract Tower,5,13,36,7,61,0,14,70,41,125,5,27,106,48,186,18,18,36,222
06/07/2016,SWF,NY,AEA,EN,Federal Contract Tower,9,17,7,16,49,0,7,34,17,58,9,24,41,33,107,6,20,26,133
06/08/2016,SWF,NY,AEA,EN,Federal Contract Tower,12,17,17,13,59,0,1,15,12,28,12,18,32,25,87,0,0,0,87
06/09/2016,SWF,NY,AEA,EN,Federal Contract Tower,11,20,12,14,57,0,9,31,14,54,11,29,43,28,111,0,8,8,119
06/10/2016,SWF,NY,AEA,EN,Federal Contract Tower,11,19,29,6,65,0,9,58,20,87,11,28,87,26,152,10,6,16,168
06/11/2016,SWF,NY,AEA,EN,Federal Contract Tower,6,7,4,4,21,0,2,30,1,33,6,9,34,5,54,10,0,10,64
06/12/2016,SWF,NY,AEA,EN,Federal Contract Tower,6,17,12,3,38,0,2,8,7,17,6,19,20,10,55,0,0,0,55
06/13/2016,SWF,NY,AEA,EN,Federal Contract Tower,5,26,19,2,52,0,7,22,3,32,5,33,41,5,84,8,0,8,92
06/14/2016,SWF,NY,AEA,EN,Federal Contract Tower,9,22,22,10,63,0,16,59,7,82,9,38,81,17,145,20,4,24,169
06/15/2016,SWF,NY,AEA,EN,Federal Contract Tower,9,18,18,12,57,0,12,58,11,81,9,30,76,23,138,50,12,62,200
06/16/2016,SWF,NY,AEA,EN,Federal Contract Tower,16,19,15,6,56,0,11,54,16,81,16,30,69,22,137,20,6,26,163
06/17/2016,SWF,NY,AEA,EN,Federal Contract Tower,14,26,11,3,54,0,10,40,2,52,14,36,51,5,106,18,0,18,124
06/18/2016,SWF,NY,AEA,EN,Federal Contract Tower,7,14,8,1,30,0,2,42,0,44,7,16,50,1,74,42,0,42,116
06/19/2016,SWF,NY,AEA,EN,Federal Contract Tower,11,18,16,2,47,0,12,55,4,71,11,30,71,6,118,0,0,0,118
06/20/2016,SWF,NY,AEA,EN,Federal Contract Tower,5,22,23,15,65,0,7,39,7,53,5,29,62,22,118,20,0,20,138
06/21/2016,SWF,NY,AEA,EN,Federal Contract Tower,10,13,16,23,62,0,11,46,23,80,10,24,62,46,142,26,8,34,176
06/22/2016,SWF,NY,AEA,EN,Federal Contract Tower,11,18,13,16,58,0,13,36,5,54,11,31,49,21,112,6,0,6,118
06/23/2016,SWF,NY,AEA,EN,Federal Contract Tower,14,24,17,15,70,0,13,75,10,98,14,37,92,25,168,16,28,44,212
06/24/2016,SWF,NY,AEA,EN,Federal Contract Tower,12,16,22,4,54,0,8,63,7,78,12,24,85,11,132,22,0,22,154
06/25/2016,SWF,NY,AEA,EN,Federal Contract Tower,6,11,12,2,31,0,0,58,2,60,6,11,70,4,91,8,0,8,99
06/26/2016,SWF,NY,AEA,EN,Federal Contract Tower,9,19,22,2,52,0,2,49,0,51,9,21,71,2,103,28,0,28,131
06/27/2016,SWF,NY,AEA,EN,Federal Contract Tower,5,18,18,3,44,0,6,25,1,32,5,24,43,4,76,22,0,22,98
06/28/2016,SWF,NY,AEA,EN,Federal Contract Tower,9,20,29,7,65,0,0,2,2,4,9,20,31,9,69,0,4,4,73
06/29/2016,SWF,NY,AEA,EN,Federal Contract Tower,12,18,20,7,57,4,12,61,10,87,16,30,81,17,144,48,58,106,250
07/01/2016,SWF,NY,AEA,EN,Federal Contract Tower,10,19,22,3,54,0,7,37,8,52,10,26,59,11,106,20,0,20,126
07/02/2016,SWF,NY,AEA,EN,Federal Contract Tower,5,18,9,1,33,0,4,29,0,33,5,22,38,1,66,20,0,20,86
07/03/2016,SWF,NY,AEA,EN,Federal Contract Tower,8,15,5,0,28,0,5,20,0,25,8,20,25,0,53,8,0,8,61
07/04/2016,SWF,NY,AEA,EN,Federal Contract Tower,4,17,6,0,27,0,4,20,0,24,4,21,26,0,51,0,0,0,51
07/05/2016,SWF,NY,AEA,EN,Federal Contract Tower,8,12,15,4,39,0,2,40,16,58,8,14,55,20,97,6,0,6,103
07/06/2016,SWF,NY,AEA,EN,Federal Contract Tower,10,18,20,8,56,0,11,53,26,90,10,29,73,34,146,48,0,48,194
07/07/2016,SWF,NY,AEA,EN,Federal Contract Tower,12,17,18,4,51,0,5,27,3,35,12,22,45,7,86,0,20,20,106
07/08/2016,SWF,NY,AEA,EN,Federal Contract Tower,11,15,16,8,50,0,6,19,6,31,11,21,35,14,81,0,0,0,81
07/09/2016,SWF,NY,AEA,EN,Federal Contract Tower,8,9,13,3,33,0,0,0,1,1,8,9,13,4,34,0,12,12,46
07/10/2016,SWF,NY,AEA,EN,Federal Contract Tower,17,18,19,0,54,0,4,45,1,50,17,22,64,1,104,30,0,30,134
07/11/2016,SWF,NY,AEA,EN,Federal Contract Tower,8,17,20,3,48,0,9,47,2,58,8,26,67,5,106,18,16,34,140
07/12/2016,SWF,NY,AEA,EN,Federal Contract Tower,26,22,19,2,69,0,4,54,4,62,26,26,73,6,131,32,0,32,163
07/13/2016,SWF,NY,AEA,EN,Federal Contract Tower,10,15,19,5,49,0,5,67,2,74,10,20,86,7,123,36,0,36,159
07/14/2016,SWF,NY,AEA,EN,Federal Contract Tower,12,21,26,5,64,0,4,47,3,54,12,25,73,8,118,12,10,22,140
07/15/2016,SWF,NY,AEA,EN,Federal Contract Tower,10,20,13,6,49,0,15,59,8,82,10,35,72,14,131,36,2,38,169
07/16/2016,SWF,NY,AEA,EN,Federal Contract Tower,6,11,11,2,30,0,0,41,0,41,6,11,52,2,71,14,0,14,85
07/17/2016,SWF,NY,AEA,EN,Federal Contract Tower,7,24,12,3,46,0,5,74,1,80,7,29,86,4,126,56,0,56,182
07/18/2016,SWF,NY,AEA,EN,Federal Contract Tower,4,17,17,2,40,0,1,19,0,20,4,18,36,2,60,0,16,16,76
07/19/2016,SWF,NY,AEA,EN,Federal Contract Tower,11,14,21,5,51,0,8,60,10,78,11,22,81,15,129,26,0,26,155
07/20/2016,SWF,NY,AEA,EN,Federal Contract Tower,11,19,25,5,60,0,11,88,4,103,11,30,113,9,163,40,14,54,217
07/21/2016,SWF,NY,AEA,EN,Federal Contract Tower,14,27,19,7,67,0,5,98,22,125,14,32,117,29,192,48,24,72,264
07/22/2016,SWF,NY,AEA,EN,Federal Contract Tower,10,24,25,7,66,0,4,36,5,45,10,28,61,12,111,0,2,2,113
07/23/2016,SWF,NY,AEA,EN,Federal Contract Tower,10,14,15,2,41,0,3,35,6,44,10,17,50,8,85,24,0,24,109
07/24/2016,SWF,NY,AEA,EN,Federal Contract Tower,8,20,20,3,51,0,3,42,0,45,8,23,62,3,96,36,0,36,132
07/25/2016,SWF,NY,AEA,EN,Federal Contract Tower,8,12,12,1,33,0,2,35,1,38,8,14,47,2,71,28,0,28,99
07/26/2016,SWF,NY,AEA,EN,Federal Contract Tower,13,18,17,11,59,0,8,63,18,89,13,26,80,29,148,10,72,82,230
07/27/2016,SWF,NY,AEA,EN,Federal Contract Tower,10,19,26,12,67,0,7,77,24,108,10,26,103,36,175,40,14,54,229
07/28/2016,SWF,NY,AEA,EN,Federal Contract Tower,14,11,22,7,54,0,10,56,32,98,14,21,78,39,152,24,12,36,188
07/29/2016,SWF,NY,AEA,EN,Federal Contract Tower,10,22,23,4,59,0,13,27,6,46,10,35,50,10,105,0,0,0,105
07/30/2016,SWF,NY,AEA,EN,Federal Contract Tower,5,9,14,1,29,0,1,22,0,23,5,10,36,1,52,10,0,10,62
07/31/2016,SWF,NY,AEA,EN,Federal Contract Tower,9,29,32,0,70,0,0,2,0,2,9,29,34,0,72,8,0,8,80
08/01/2016,SWF,NY,AEA,EN,Federal Contract Tower,5,17,24,3,49,0,5,18,0,23,5,22,42,3,72,0,0,0,72
08/02/2016,SWF,NY,AEA,EN,Federal Contract Tower,19,19,22,24,84,0,12,78,10,100,19,31,100,34,184,18,14,32,216
08/03/2016,SWF,NY,AEA,EN,Federal Contract Tower,11,16,13,4,44,0,3,37,26,66,11,19,50,30,110,8,10,18,128
08/04/2016,SWF,NY,AEA,EN,Federal Contract Tower,24,20,7,6,57,0,8,67,9,84,24,28,74,15,141,50,18,68,209
08/05/2016,SWF,NY,AEA,EN,Federal Contract Tower,13,19,17,7,56,0,5,50,10,65,13,24,67,17,121,38,14,52,173
08/06/2016,SWF,NY,AEA,EN,Federal Contract Tower,8,16,9,1,34,0,2,68,0,70,8,18,77,1,104,24,0,24,128
08/07/2016,SWF,NY,AEA,EN,Federal Contract Tower,1,8,13,3,25,0,1,30,0,31,1,9,43,3,56,16,0,16,72
08/08/2016,SWF,NY,AEA,EN,Federal Contract Tower,8,12,24,13,57,0,5,54,2,61,8,17,78,15,118,18,10,28,146
08/09/2016,SWF,NY,AEA,EN,Federal Contract Tower,12,19,9,6,46,0,16,57,7,80,12,35,66,13,126,56,0,56,182
08/10/2016,SWF,NY,AEA,EN,Federal Contract Tower,9,21,14,2,46,0,8,13,0,21,9,29,27,2,67,6,0,6,73
08/11/2016,SWF,NY,AEA,EN,Federal Contract Tower,16,16,28,7,67,0,4,37,6,47,16,20,65,13,114,38,38,76,190
08/12/2016,SWF,NY,AEA,EN,Federal Contract Tower,9,18,19,3,49,0,5,37,4,46,9,23,56,7,95,30,0,30,125
08/13/2016,SWF,NY,AEA,EN,Federal Contract Tower,5,11,4,7,27,0,4,33,1,38,5,15,37,8,65,26,4,30,95
08/14/2016,SWF,NY,AEA,EN,Federal Contract Tower,10,18,12,5,45,0,9,29,1,39,10,27,41,6,84,2,2,4,88
08/15/2016,SWF,NY,AEA,EN,Federal Contract Tower,6,35,17,9,67,0,9,46,6,61,6,44,63,15,128,38,16,54,182
08/16/2016,SWF,NY,AEA,EN,Federal Contract Tower,10,16,18,7,51,0,11,42,0,53,10,27,60,7,104,12,0,12,116
08/17/2016,SWF,NY,AEA,EN,Federal Contract Tower,11,26,11,13,61,0,7,47,4,58,11,33,58,17,119,14,0,14,133
08/18/2016,SWF,NY,AEA,EN,Federal Contract Tower,16,23,8,10,57,0,14,47,13,74,16,37,55,23,131,22,24,46,177
08/19/2016,SWF,NY,AEA,EN,Federal Contract Tower,9,16,20,1,46,0,2,39,7,48,9,18,59,8,94,44,0,44,138
08/20/2016,SWF,NY,AEA,EN,Federal Contract Tower,5,14,7,5,31,0,2,32,6,40,5,16,39,11,71,42,10,52,123
08/21/2016,SWF,NY,AEA,EN,Federal Contract Tower,9,16,14,0,39,0,0,29,4,33,9,16,43,4,72,34,0,34,106
08/22/2016,SWF,NY,AEA,EN,Federal Contract Tower,7,22,12,3,44,0,5,28,0,33,7,27,40,3,77,30,0,30,107
08/23/2016,SWF,NY,AEA,EN,Federal Contract Tower,11,15,19,11,56,0,15,78,25,118,11,30,97,36,174,46,22,68,242
08/24/2016,SWF,NY,AEA,EN,Federal Contract Tower,10,20,10,9,49,0,18,81,25,124,10,38,91,34,173,38,40,78,251
08/25/2016,SWF,NY,AEA,EN,Federal Contract Tower,16,18,21,11,66,0,19,67,13,99,16,37,88,24,165,20,34,54,219
08/26/2016,SWF,NY,AEA,EN,Federal Contract Tower,10,17,7,6,40,0,8,45,5,58,10,25,52,11,98,44,20,64,162
08/27/2016,SWF,NY,AEA,EN,Federal Contract Tower,5,12,6,2,25,0,1,49,6,56,5,13,55,8,81,40,0,40,121
08/28/2016,SWF,NY,AEA,EN,Federal Contract Tower,7,19,8,1,35,0,5,55,0,60,7,24,63,1,95,4,0,4,99
08/29/2016,SWF,NY,AEA,EN,Federal Contract Tower,7,19,10,2,38,0,4,50,13,67,7,23,60,15,105,30,0,30,135
08/30/2016,SWF,NY,AEA,EN,Federal Contract Tower,13,18,15,13,59,0,24,89,35,148,13,42,104,48,207,12,4,16,223
08/31/2016,SWF,NY,AEA,EN,Federal Contract Tower,8,21,15,7,51,0,20,35,9,64,8,41,50,16,115,4,0,4,119
09/01/2016,SWF,NY,AEA,EN,Federal Contract Tower,14,24,18,10,66,0,6,35,12,53,14,30,53,22,119,0,0,0,119
09/02/2016,SWF,NY,AEA,EN,Federal Contract Tower,9,10,11,4,34,0,4,45,2,51,9,14,56,6,85,0,0,0,85
09/03/2016,SWF,NY,AEA,EN,Federal Contract Tower,5,7,18,2,32,0,9,79,1,89,5,16,97,3,121,16,0,16,137
09/04/2016,SWF,NY,AEA,EN,Federal Contract Tower,8,17,5,1,31,0,17,88,10,115,8,34,93,11,146,0,0,0,146
09/05/2016,SWF,NY,AEA,EN,Federal Contract Tower,4,15,25,12,56,0,2,35,12,49,4,17,60,24,105,0,0,0,105
09/06/2016,SWF,NY,AEA,EN,Federal Contract Tower,8,18,15,9,50,0,9,23,4,36,8,27,38,13,86,0,0,0,86
09/07/2016,SWF,NY,AEA,EN,Federal Contract Tower,9,11,14,6,40,0,1,30,0,31,9,12,44,6,71,0,0,0,71
09/08/2016,SWF,NY,AEA,EN,Federal Contract Tower,14,14,17,4,49,0,4,46,0,50,14,18,63,4,99,68,0,68,167
09/09/2016,SWF,NY,AEA,EN,Federal Contract Tower,12,15,23,6,56,0,2,31,23,56,12,17,54,29,112,0,66,66,178
09/10/2016,SWF,NY,AEA,EN,Federal Contract Tower,12,16,13,15,56,0,4,35,8,47,12,20,48,23,103,24,0,24,127
09/11/2016,SWF,NY,AEA,EN,Federal Contract Tower,9,12,20,0,41,0,3,37,5,45,9,15,57,5,86,50,0,50,136
09/12/2016,SWF,NY,AEA,EN,Federal Contract Tower,6,22,19,4,51,0,8,58,8,74,6,30,77,12,125,0,24,24,149
09/13/2016,SWF,NY,AEA,EN,Federal Contract Tower,10,26,12,3,51,0,5,31,1,37,10,31,43,4,88,20,14,34,122
09/14/2016,SWF,NY,AEA,EN,Federal Contract Tower,15,20,18,10,63,0,8,48,16,72,15,28,66,26,135,20,12,32,167
09/15/2016,SWF,NY,AEA,EN,Federal Contract Tower,15,22,11,4,52,0,4,53,16,73,15,26,64,20,125,64,24,88,213
09/16/2016,SWF,NY,AEA,EN,Federal Contract Tower,13,20,20,8,61,0,11,57,20,88,13,31,77,28,149,10,0,10,159
09/17/2016,SWF,NY,AEA,EN,Federal Contract Tower,6,12,13,0,31,0,3,47,0,50,6,15,60,0,81,24,0,24,105
09/18/2016,SWF,NY,AEA,EN,Federal Contract Tower,16,18,14,4,52,0,4,0,0,4,16,22,14,4,56,0,0,0,56
09/19/2016,SWF,NY,AEA,EN,Federal Contract Tower,13,24,17,2,56,0,7,0,1,8,13,31,17,3,64,0,0,0,64
09/20/2016,SWF,NY,AEA,EN,Federal Contract Tower,14,17,28,4,63,0,7,28,1,36,14,24,56,5,99,30,0,30,129
09/21/2016,SWF,NY,AEA,EN,Federal Contract Tower,15,23,20,13,71,0,3,44,0,47,15,26,64,13,118,0,6,6,124
09/22/2016,SWF,NY,AEA,EN,Federal Contract Tower,21,23,19,10,73,0,11,62,14,87,21,34,81,24,160,40,22,62,222
09/23/2016,SWF,NY,AEA,EN,Federal Contract Tower,17,19,9,3,48,0,6,60,14,80,17,25,69,17,128,10,16,26,154
09/24/2016,SWF,NY,AEA,EN,Federal Contract Tower,9,7,10,2,28,0,2,40,0,42,9,9,50,2,70,14,0,14,84
09/25/2016,SWF,NY,AEA,EN,Federal Contract Tower,12,13,23,2,50,0,9,64,0,73,12,22,87,2,123,60,0,60,183
09/26/2016,SWF,NY,AEA,EN,Federal Contract Tower,8,21,25,9,63,0,15,49,4,68,8,36,74,13,131,16,18,34,165
09/27/2016,SWF,NY,AEA,EN,Federal Contract Tower,10,16,22,5,53,0,4,52,6,62,10,20,74,11,115,8,0,8,123
09/28/2016,SWF,NY,AEA,EN,Federal Contract Tower,10,23,28,4,65,0,4,26,1,31,10,27,54,5,96,0,12,12,108
09/29/2016,SWF,NY,AEA,EN,Federal Contract Tower,13,24,21,9,67,0,10,23,0,33,13,34,44,9,100,2,0,2,102
09/30/2016,SWF,NY,AEA,EN,Federal Contract Tower,10,15,12,4,41,0,0,0,0,0,10,15,12,4,41,0,0,0,41
10/01/2016,SWF,NY,AEA,EN,Federal Contract Tower,8,10,11,9,38,0,0,0,0,0,8,10,11,9,38,0,0,0,38
10/02/2016,SWF,NY,AEA,EN,Federal Contract Tower,6,17,21,1,45,0,0,0,0,0,6,17,21,1,45,0,0,0,45
10/03/2016,SWF,NY,AEA,EN,Federal Contract Tower,6,17,10,7,40,0,4,12,4,20,6,21,22,11,60,0,18,18,78
10/04/2016,SWF,NY,AEA,EN,Federal Contract Tower,9,18,18,6,51,0,6,41,0,47,9,24,59,6,98,26,0,26,124
10/05/2016,SWF,NY,AEA,EN,Federal Contract Tower,11,16,11,8,46,0,6,45,4,55,11,22,56,12,101,66,34,100,201
10/06/2016,SWF,NY,AEA,EN,Federal Contract Tower,10,22,23,21,76,0,6,47,11,64,10,28,70,32,140,22,48,70,210
10/07/2016,SWF,NY,AEA,EN,Federal Contract Tower,7,20,21,1,49,0,8,45,20,73,7,28,66,21,122,0,0,0,122
10/09/2016,SWF,NY,AEA,EN,Federal Contract Tower,8,18,14,0,40,0,7,16,0,23,8,25,30,0,63,18,0,18,81
10/10/2016,SWF,NY,AEA,EN,Federal Contract Tower,6,15,17,1,39,0,3,31,0,34,6,18,48,1,73,26,0,26,99
10/11/2016,SWF,NY,AEA,EN,Federal Contract Tower,12,12,15,6,45,0,10,42,0,52,12,22,57,6,97,40,0,40,137
10/12/2016,SWF,NY,AEA,EN,Federal Contract Tower,11,18,20,8,57,0,10,52,13,75,11,28,72,21,132,52,48,100,232
10/13/2016,SWF,NY,AEA,EN,Federal Contract Tower,12,14,15,12,53,0,1,21,3,25,12,15,36,15,78,0,10,10,88
10/14/2016,SWF,NY,AEA,EN,Federal Contract Tower,9,24,13,1,47,0,13,46,4,63,9,37,59,5,110,18,0,18,128
10/15/2016,SWF,NY,AEA,EN,Federal Contract Tower,5,9,18,2,34,0,6,47,8,61,5,15,65,10,95,36,0,36,131
10/16/2016,SWF,NY,AEA,EN,Federal Contract Tower,6,20,25,2,53,0,6,54,0,60,6,26,79,2,113,60,0,60,173
10/17/2016,SWF,NY,AEA,EN,Federal Contract Tower,7,21,19,4,51,0,9,44,12,65,7,30,63,16,116,14,54,68,184
10/18/2016,SWF,NY,AEA,EN,Federal Contract Tower,10,16,22,4,52,0,9,50,13,72,10,25,72,17,124,66,0,66,190
10/19/2016,SWF,NY,AEA,EN,Federal Contract Tower,10,15,16,8,49,0,2,54,12,68,10,17,70,20,117,24,52,76,193
10/20/2016,SWF,NY,AEA,EN,Federal Contract Tower,12,20,17,14,63,0,6,37,7,50,12,26,54,21,113,18,22,40,153
10/21/2016,SWF,NY,AEA,EN,Federal Contract Tower,12,20,28,3,63,0,3,1,0,4,12,23,29,3,67,0,0,0,67
10/22/2016,SWF,NY,AEA,EN,Federal Contract Tower,7,15,25,1,48,0,0,10,3,13,7,15,35,4,61,0,0,0,61
10/23/2016,SWF,NY,AEA,EN,Federal Contract Tower,8,13,12,5,38,0,4,15,7,26,8,17,27,12,64,0,0,0,64
10/24/2016,SWF,NY,AEA,EN,Federal Contract Tower,9,12,21,8,50,0,7,41,23,71,9,19,62,31,121,0,0,0,121
10/25/2016,SWF,NY,AEA,EN,Federal Contract Tower,10,15,19,9,53,0,9,54,5,68,10,24,73,14,121,92,8,100,221
10/26/2016,SWF,NY,AEA,EN,Federal Contract Tower,10,17,9,3,39,0,2,29,3,34,10,19,38,6,73,54,0,54,127
10/27/2016,SWF,NY,AEA,EN,Federal Contract Tower,12,12,14,8,46,0,0,0,0,0,12,12,14,8,46,0,0,0,46
10/28/2016,SWF,NY,AEA,EN,Federal Contract Tower,11,19,15,4,49,0,9,21,0,30,11,28,36,4,79,10,0,10,89
10/29/2016,SWF,NY,AEA,EN,Federal Contract Tower,5,8,18,0,31,0,3,46,0,49,5,11,64,0,80,18,0,18,98
10/30/2016,SWF,NY,AEA,EN,Federal Contract Tower,20,17,28,1,66,0,5,23,0,28,20,22,51,1,94,12,0,12,106
10/31/2016,SWF,NY,AEA,EN,Federal Contract Tower,4,17,19,1,41,0,1,41,2,44,4,18,60,3,85,18,0,18,103
11/01/2016,SWF,NY,AEA,EN,Federal Contract Tower,12,18,14,7,51,0,11,85,17,113,12,29,99,24,164,42,34,76,240
11/02/2016,SWF,NY,AEA,EN,Federal Contract Tower,12,19,11,2,44,0,5,35,3,43,12,24,46,5,87,22,24,46,133
11/03/2016,SWF,NY,AEA,EN,Federal Contract Tower,13,15,18,12,58,0,6,21,29,56,13,21,39,41,114,16,62,78,192
11/04/2016,SWF,NY,AEA,EN,Federal Contract Tower,7,11,25,9,52,0,12,68,29,109,7,23,93,38,161,52,22,74,235
11/05/2016,SWF,NY,AEA,EN,Federal Contract Tower,7,10,17,6,40,0,6,69,29,104,7,16,86,35,144,50,20,70,214
11/06/2016,SWF,NY,AEA,EN,Federal Contract Tower,6,12,13,9,40,0,3,27,6,36,6,15,40,15,76,0,0,0,76
11/07/2016,SWF,NY,AEA,EN,Federal Contract Tower,6,18,19,12,55,0,9,67,9,85,6,27,86,21,140,24,12,36,176
11/08/2016,SWF,NY,AEA,EN,Federal Contract Tower,14,14,11,5,44,0,5,20,6,31,14,19,31,11,75,0,0,0,75
11/09/2016,SWF,NY,AEA,EN,Federal Contract Tower,12,20,16,11,59,0,6,10,2,18,12,26,26,13,77,10,0,10,87
11/10/2016,SWF,NY,AEA,EN,Federal Contract Tower,15,22,17,6,60,0,5,81,9,95,15,27,98,15,155,30,6,36,191
11/11/2016,SWF,NY,AEA,EN,Federal Contract Tower,13,25,13,1,52,0,4,41,0,45,13,29,54,1,97,46,0,46,143
11/12/2016,SWF,NY,AEA,EN,Federal Contract Tower,7,11,17,0,35,0,4,30,10,44,7,15,47,10,79,36,0,36,115
11/13/2016,SWF,NY,AEA,EN,Federal Contract Tower,8,17,10,1,36,0,11,46,3,60,8,28,56,4,96,14,0,14,110
11/14/2016,SWF,NY,AEA,EN,Federal Contract Tower,7,15,8,5,35,0,0,55,6,61,7,15,63,11,96,16,0,16,112
11/15/2016,SWF,NY,AEA,EN,Federal Contract Tower,14,19,25,5,63,0,0,1,0,1,14,19,26,5,64,0,0,0,64
11/16/2016,SWF,NY,AEA,EN,Federal Contract Tower,12,11,12,16,51,0,9,72,13,94,12,20,84,29,145,36,0,36,181
11/17/2016,SWF,NY,AEA,EN,Federal Contract Tower,13,12,16,20,61,0,7,56,11,74,13,19,72,31,135,10,22,32,167
11/18/2016,SWF,NY,AEA,EN,Federal Contract Tower,10,14,11,6,41,0,7,69,9,85,10,21,80,15,126,46,0,46,172
11/19/2016,SWF,NY,AEA,EN,Federal Contract Tower,5,15,25,3,48,0,10,92,14,116,5,25,117,17,164,42,0,42,206
11/20/2016,SWF,NY,AEA,EN,Federal Contract Tower,6,19,7,4,36,0,0,0,0,0,6,19,7,4,36,0,0,0,36
11/22/2016,SWF,NY,AEA,EN,Federal Contract Tower,13,19,16,8,56,0,4,17,2,23,13,23,33,10,79,16,16,32,111
11/23/2016,SWF,NY,AEA,EN,Federal Contract Tower,14,20,13,3,50,0,5,34,0,39,14,25,47,3,89,22,0,22,111
11/24/2016,SWF,NY,AEA,EN,Federal Contract Tower,0,6,3,0,9,0,2,3,0,5,0,8,6,0,14,0,0,0,14
11/25/2016,SWF,NY,AEA,EN,Federal Contract Tower,10,9,4,0,23,0,3,36,0,39,10,12,40,0,62,0,0,0,62
11/26/2016,SWF,NY,AEA,EN,Federal Contract Tower,5,15,6,0,26,0,0,3,0,3,5,15,9,0,29,0,0,0,29
11/27/2016,SWF,NY,AEA,EN,Federal Contract Tower,6,19,15,1,41,0,4,26,0,30,6,23,41,1,71,6,0,6,77
11/28/2016,SWF,NY,AEA,EN,Federal Contract Tower,5,17,12,4,38,0,5,33,5,43,5,22,45,9,81,26,4,30,111
11/29/2016,SWF,NY,AEA,EN,Federal Contract Tower,11,27,16,6,60,0,0,0,0,0,11,27,16,6,60,0,0,0,60
11/30/2016,SWF,NY,AEA,EN,Federal Contract Tower,10,15,19,13,57,0,2,0,8,10,10,17,19,21,67,0,0,0,67
12/01/2016,SWF,NY,AEA,EN,Federal Contract Tower,12,17,13,3,45,0,14,44,12,70,12,31,57,15,115,0,0,0,115
12/02/2016,SWF,NY,AEA,EN,Federal Contract Tower,10,14,12,15,51,0,10,36,9,55,10,24,48,24,106,2,34,36,142
12/03/2016,SWF,NY,AEA,EN,Federal Contract Tower,5,8,8,4,25,0,1,11,10,22,5,9,19,14,47,4,28,32,79
12/04/2016,SWF,NY,AEA,EN,Federal Contract Tower,6,14,13,2,35,0,1,49,3,53,6,15,62,5,88,48,0,48,136
12/05/2016,SWF,NY,AEA,EN,Federal Contract Tower,5,18,9,4,36,0,2,4,8,14,5,20,13,12,50,0,18,18,68
12/06/2016,SWF,NY,AEA,EN,Federal Contract Tower,10,16,14,4,44,0,13,35,5,53,10,29,49,9,97,30,8,38,135
12/07/2016,SWF,NY,AEA,EN,Federal Contract Tower,10,20,23,9,62,0,10,33,12,55,10,30,56,21,117,2,20,22,139
12/08/2016,SWF,NY,AEA,EN,Federal Contract Tower,14,15,17,7,53,0,14,45,10,69,14,29,62,17,122,2,22,24,146
12/09/2016,SWF,NY,AEA,EN,Federal Contract Tower,10,14,10,3,37,0,5,25,2,32,10,19,35,5,69,0,0,0,69
12/10/2016,SWF,NY,AEA,EN,Federal Contract Tower,3,8,4,0,15,0,4,36,0,40,3,12,40,0,55,0,0,0,55
12/11/2016,SWF,NY,AEA,EN,Federal Contract Tower,6,9,13,0,28,0,0,22,0,22,6,9,35,0,50,0,0,0,50
12/12/2016,SWF,NY,AEA,EN,Federal Contract Tower,5,12,12,3,32,0,0,12,2,14,5,12,24,5,46,0,0,0,46
12/13/2016,SWF,NY,AEA,EN,Federal Contract Tower,11,18,20,6,55,0,8,41,16,65,11,26,61,22,120,24,6,30,150
12/14/2016,SWF,NY,AEA,EN,Federal Contract Tower,9,14,13,10,46,0,14,58,15,87,9,28,71,25,133,44,18,62,195
12/15/2016,SWF,NY,AEA,EN,Federal Contract Tower,13,23,16,6,58,0,0,2,0,2,13,23,18,6,60,0,0,0,60
12/16/2016,SWF,NY,AEA,EN,Federal Contract Tower,10,15,29,2,56,0,7,32,2,41,10,22,61,4,97,17,0,17,114
12/17/2016,SWF,NY,AEA,EN,Federal Contract Tower,8,10,4,0,22,0,0,0,0,0,8,10,4,0,22,0,0,0,22
12/18/2016,SWF,NY,AEA,EN,Federal Contract Tower,14,13,7,1,35,0,0,0,0,0,14,13,7,1,35,0,0,0,35
12/19/2016,SWF,NY,AEA,EN,Federal Contract Tower,5,19,10,16,50,0,7,28,5,40,5,26,38,21,90,42,18,60,150
12/20/2016,SWF,NY,AEA,EN,Federal Contract Tower,13,14,14,10,51,0,6,46,16,68,13,20,60,26,119,22,32,54,173
12/21/2016,SWF,NY,AEA,EN,Federal Contract Tower,10,11,22,3,46,0,5,69,1,75,10,16,91,4,121,14,0,14,135
12/22/2016,SWF,NY,AEA,EN,Federal Contract Tower,18,18,20,8,64,0,4,19,13,36,18,22,39,21,100,8,46,54,154
12/23/2016,SWF,NY,AEA,EN,Federal Contract Tower,12,14,7,0,33,0,1,20,0,21,12,15,27,0,54,6,0,6,60
12/24/2016,SWF,NY,AEA,EN,Federal Contract Tower,11,12,2,0,25,0,0,0,0,0,11,12,2,0,25,0,0,0,25
12/25/2016,SWF,NY,AEA,EN,Federal Contract Tower,4,10,5,0,19,0,1,6,0,7,4,11,11,0,26,6,0,6,32
12/26/2016,SWF,NY,AEA,EN,Federal Contract Tower,6,15,9,0,30,0,2,5,0,7,6,17,14,0,37,0,0,0,37
12/27/2016,SWF,NY,AEA,EN,Federal Contract Tower,8,16,13,6,43,0,4,9,13,26,8,20,22,19,69,8,24,32,101
12/28/2016,SWF,NY,AEA,EN,Federal Contract Tower,9,14,16,3,42,0,3,46,1,50,9,17,62,4,92,46,0,46,138
12/29/2016,SWF,NY,AEA,EN,Federal Contract Tower,13,15,5,0,33,0,0,1,0,1,13,15,6,0,34,0,0,0,34
12/30/2016,SWF,NY,AEA,EN,Federal Contract Tower,10,12,8,1,31,0,6,11,6,23,10,18,19,7,54,0,0,0,54
12/31/2016,SWF,NY,AEA,EN,Federal Contract Tower,5,25,2,0,32,0,1,22,0,23,5,26,24,0,55,26,0,26,81
01/01/2017,SWF,NY,AEA,EN,Federal Contract Tower,4,10,7,0,21,0,5,7,0,12,4,15,14,0,33,0,0,0,33
01/02/2017,SWF,NY,AEA,EN,Federal Contract Tower,8,18,11,0,37,0,7,10,0,17,8,25,21,0,54,2,0,2,56
01/03/2017,SWF,NY,AEA,EN,Federal Contract Tower,9,15,9,0,33,0,0,0,0,0,9,15,9,0,33,0,0,0,33
01/04/2017,SWF,NY,AEA,EN,Federal Contract Tower,9,23,21,6,59,0,12,21,4,37,9,35,42,10,96,6,28,34,130
01/05/2017,SWF,NY,AEA,EN,Federal Contract Tower,11,14,18,10,53,0,16,50,13,79,11,30,68,23,132,44,0,44,176
01/06/2017,SWF,NY,AEA,EN,Federal Contract Tower,7,14,15,6,42,0,6,26,8,40,7,20,41,14,82,8,12,20,102
01/07/2017,SWF,NY,AEA,EN,Federal Contract Tower,8,26,21,8,63,0,0,2,2,4,8,26,23,10,67,0,0,0,67
01/08/2017,SWF,NY,AEA,EN,Federal Contract Tower,6,19,9,3,37,0,5,5,2,12,6,24,14,5,49,12,0,12,61
01/09/2017,SWF,NY,AEA,EN,Federal Contract Tower,5,17,12,2,36,0,6,34,4,44,5,23,46,6,80,4,0,4,84
01/10/2017,SWF,NY,AEA,EN,Federal Contract Tower,11,19,10,4,44,0,12,51,0,63,11,31,61,4,107,0,0,0,107
01/11/2017,SWF,NY,AEA,EN,Federal Contract Tower,11,15,13,10,49,0,11,31,13,55,11,26,44,23,104,30,38,68,172
01/12/2017,SWF,NY,AEA,EN,Federal Contract Tower,12,18,17,14,61,0,3,4,2,9,12,21,21,16,70,0,10,10,80
01/13/2017,SWF,NY,AEA,EN,Federal Contract Tower,9,17,8,10,44,0,5,21,0,26,9,22,29,10,70,0,8,8,78
01/14/2017,SWF,NY,AEA,EN,Federal Contract Tower,5,10,3,1,19,0,0,26,1,27,5,10,29,2,46,22,0,22,68
01/15/2017,SWF,NY,AEA,EN,Federal Contract Tower,6,15,8,1,30,0,3,18,1,22,6,18,26,2,52,28,0,28,80
01/16/2017,SWF,NY,AEA,EN,Federal Contract Tower,6,18,16,0,40,0,10,68,2,80,6,28,84,2,120,24,30,54,174
01/17/2017,SWF,NY,AEA,EN,Federal Contract Tower,10,15,18,3,46,0,0,8,0,8,10,15,26,3,54,0,0,0,54
01/18/2017,SWF,NY,AEA,EN,Federal Contract Tower,10,21,10,11,52,0,0,0,0,0,10,21,10,11,52,0,0,0,52
01/19/2017,SWF,NY,AEA,EN,Federal Contract Tower,12,18,12,16,58,0,6,46,15,67,12,24,58,31,125,10,34,44,169
01/20/2017,SWF,NY,AEA,EN,Federal Contract Tower,9,20,7,4,40,0,6,29,0,35,9,26,36,4,75,0,0,0,75
01/21/2017,SWF,NY,AEA,EN,Federal Contract Tower,5,10,15,2,32,0,3,0,0,3,5,13,15,2,35,10,0,10,45
01/22/2017,SWF,NY,AEA,EN,Federal Contract Tower,7,11,21,0,39,0,3,2,0,5,7,14,23,0,44,8,0,8,52
01/23/2017,SWF,NY,AEA,EN,Federal Contract Tower,3,16,16,1,36,0,1,2,0,3,3,17,18,1,39,0,0,0,39
01/24/2017,SWF,NY,AEA,EN,Federal Contract Tower,13,18,11,1,43,0,0,0,0,0,13,18,11,1,43,0,0,0,43
01/25/2017,SWF,NY,AEA,EN,Federal Contract Tower,10,15,18,4,47,0,7,20,5,32,10,22,38,9,79,8,22,30,109
01/26/2017,SWF,NY,AEA,EN,Federal Contract Tower,12,15,13,16,56,0,10,23,4,37,12,25,36,20,93,8,24,32,125
01/27/2017,SWF,NY,AEA,EN,Federal Contract Tower,8,15,13,3,39,0,12,24,1,37,8,27,37,4,76,40,8,48,124
01/28/2017,SWF,NY,AEA,EN,Federal Contract Tower,5,11,12,2,30,0,1,33,1,35,5,12,45,3,65,36,0,36,101
01/29/2017,SWF,NY,AEA,EN,Federal Contract Tower,6,15,19,1,41,0,14,51,0,65,6,29,70,1,106,84,0,84,190
01/30/2017,SWF,NY,AEA,EN,Federal Contract Tower,6,20,13,3,42,0,6,37,10,53,6,26,50,13,95,4,10,14,109
01/31/2017,SWF,NY,AEA,EN,Federal Contract Tower,13,13,4,3,33,0,6,8,0,14,13,19,12,3,47,28,0,28,75
02/01/2017,SWF,NY,AEA,EN,Federal Contract Tower,8,20,14,8,50,0,2,26,7,35,8,22,40,15,85,18,36,54,139
02/02/2017,SWF,NY,AEA,EN,Federal Contract Tower,11,14,12,10,47,0,0,58,14,72,11,14,70,24,119,48,34,82,201
02/03/2017,SWF,NY,AEA,EN,Federal Contract Tower,7,19,15,9,50,0,11,40,2,53,7,30,55,11,103,22,32,54,157
02/04/2017,SWF,NY,AEA,EN,Federal Contract Tower,4,10,7,1,22,0,5,33,0,38,4,15,40,1,60,18,0,18,78
02/05/2017,SWF,NY,AEA,EN,Federal Contract Tower,6,12,13,1,32,0,4,25,0,29,6,16,38,1,61,0,0,0,61
02/06/2017,SWF,NY,AEA,EN,Federal Contract Tower,6,15,17,6,44,0,8,47,6,61,6,23,64,12,105,26,6,32,137
02/07/2017,SWF,NY,AEA,EN,Federal Contract Tower,10,12,7,6,35,0,2,0,0,2,10,14,7,6,37,0,0,0,37
02/08/2017,SWF,NY,AEA,EN,Federal Contract Tower,11,16,15,13,55,0,6,37,11,54,11,22,52,24,109,24,26,50,159
02/09/2017,SWF,NY,AEA,EN,Federal Contract Tower,9,3,6,2,20,0,0,0,0,0,9,3,6,2,20,0,0,0,20
02/10/2017,SWF,NY,AEA,EN,Federal Contract Tower,13,15,9,7,44,0,5,30,8,43,13,20,39,15,87,10,8,18,105
02/11/2017,SWF,NY,AEA,EN,Federal Contract Tower,6,9,5,9,29,0,4,28,13,45,6,13,33,22,74,42,42,84,158
02/12/2017,SWF,NY,AEA,EN,Federal Contract Tower,6,14,1,0,21,0,0,0,0,0,6,14,1,0,21,0,0,0,21
02/13/2017,SWF,NY,AEA,EN,Federal Contract Tower,6,16,16,5,43,0,0,0,0,0,6,16,16,5,43,0,0,0,43
02/14/2017,SWF,NY,AEA,EN,Federal Contract Tower,10,19,17,4,50,0,16,49,6,71,10,35,66,10,121,24,14,38,159
02/15/2017,SWF,NY,AEA,EN,Federal Contract Tower,10,20,16,18,64,0,5,25,18,48,10,25,41,36,112,8,22,30,142
02/16/2017,SWF,NY,AEA,EN,Federal Contract Tower,12,23,10,7,52,0,10,32,4,46,12,33,42,11,98,14,14,28,126
02/17/2017,SWF,NY,AEA,EN,Federal Contract Tower,9,17,17,5,48,0,6,28,1,35,9,23,45,6,83,36,0,36,119
02/18/2017,SWF,NY,AEA,EN,Federal Contract Tower,5,17,9,3,34,0,2,34,0,36,5,19,43,3,70,32,0,32,102
02/19/2017,SWF,NY,AEA,EN,Federal Contract Tower,6,11,11,1,29,0,6,40,0,46,6,17,51,1,75,0,0,0,75
02/20/2017,SWF,NY,AEA,EN,Federal Contract Tower,7,20,17,0,44,0,10,54,0,64,7,30,71,0,108,74,0,74,182
02/21/2017,SWF,NY,AEA,EN,Federal Contract Tower,10,17,15,7,49,0,15,60,3,78,10,32,75,10,127,50,0,50,177
02/22/2017,SWF,NY,AEA,EN,Federal Contract Tower,10,17,18,8,53,0,7,26,7,40,10,24,44,15,93,28,14,42,135
02/23/2017,SWF,NY,AEA,EN,Federal Contract Tower,11,15,12,10,48,0,12,48,3,63,11,27,60,13,111,38,16,54,165
02/24/2017,SWF,NY,AEA,EN,Federal Contract Tower,10,17,12,7,46,0,2,53,2,57,10,19,65,9,103,82,0,82,185
02/25/2017,SWF,NY,AEA,EN,Federal Contract Tower,5,20,7,1,33,0,0,7,0,7,5,20,14,1,40,0,0,0,40
02/26/2017,SWF,NY,AEA,EN,Federal Contract Tower,4,19,17,2,42,0,5,39,0,44,4,24,56,2,86,40,0,40,126
02/27/2017,SWF,NY,AEA,EN,Federal Contract Tower,7,19,24,9,59,0,6,40,5,51,7,25,64,14,110,4,2,6,116
02/28/2017,SWF,NY,AEA,EN,Federal Contract Tower,16,22,16,9,63,0,5,46,5,56,16,27,62,14,119,0,0,0,119
03/01/2017,SWF,NY,AEA,EN,Federal Contract Tower,12,16,13,13,54,0,6,12,1,19,12,22,25,14,73,0,22,22,95
03/02/2017,SWF,NY,AEA,EN,Federal Contract Tower,14,23,12,3,52,0,1,20,2,23,14,24,32,5,75,10,12,22,97
03/03/2017,SWF,NY,AEA,EN,Federal Contract Tower,11,15,14,9,49,0,6,26,3,35,11,21,40,12,84,8,8,16,100
03/04/2017,SWF,NY,AEA,EN,Federal Contract Tower,5,12,10,7,34,0,0,6,2,8,5,12,16,9,42,0,20,20,62
03/05/2017,SWF,NY,AEA,EN,Federal Contract Tower,9,11,12,1,33,0,1,50,0,51,9,12,62,1,84,78,12,90,174
03/06/2017,SWF,NY,AEA,EN,Federal Contract Tower,7,20,22,2,51,0,3,37,1,41,7,23,59,3,92,24,0,24,116
03/07/2017,SWF,NY,AEA,EN,Federal Contract Tower,14,16,11,13,54,0,2,0,0,2,14,18,11,13,56,0,0,0,56
03/08/2017,SWF,NY,AEA,EN,Federal Contract Tower,14,19,7,12,52,0,2,23,16,41,14,21,30,28,93,14,38,52,145
03/09/2017,SWF,NY,AEA,EN,Federal Contract Tower,16,16,5,10,47,0,1,16,4,21,16,17,21,14,68,32,20,52,120
03/10/2017,SWF,NY,AEA,EN,Federal Contract Tower,12,34,19,4,69,0,1,20,4,25,12,35,39,8,94,4,20,24,118
03/11/2017,SWF,NY,AEA,EN,Federal Contract Tower,5,18,11,4,38,0,0,4,0,4,5,18,15,4,42,0,0,0,42
03/12/2017,SWF,NY,AEA,EN,Federal Contract Tower,8,21,18,3,50,0,4,17,0,21,8,25,35,3,71,18,0,18,89
03/13/2017,SWF,NY,AEA,EN,Federal Contract Tower,6,23,27,8,64,0,17,32,9,58,6,40,59,17,122,58,8,66,188
03/14/2017,SWF,NY,AEA,EN,Federal Contract Tower,0,0,0,0,0,0,0,0,0,0,0,0,0,0,0,0,0,0,0
03/15/2017,SWF,NY,AEA,EN,Federal Contract Tower,12,16,9,1,38,0,2,0,0,2,12,18,9,1,40,0,0,0,40
03/16/2017,SWF,NY,AEA,EN,Federal Contract Tower,15,8,15,3,41,0,5,20,0,25,15,13,35,3,66,0,0,0,66
03/17/2017,SWF,NY,AEA,EN,Federal Contract Tower,11,18,22,1,52,0,8,49,2,59,11,26,71,3,111,24,0,24,135
03/18/2017,SWF,NY,AEA,EN,Federal Contract Tower,5,13,10,0,28,0,1,10,0,11,5,14,20,0,39,2,0,2,41
03/19/2017,SWF,NY,AEA,EN,Federal Contract Tower,6,13,13,3,35,0,6,24,13,43,6,19,37,16,78,32,6,38,116
03/20/2017,SWF,NY,AEA,EN,Federal Contract Tower,6,11,11,4,32,0,6,24,1,31,6,17,35,5,63,2,0,2,65
03/21/2017,SWF,NY,AEA,EN,Federal Contract Tower,14,19,8,14,55,0,6,3,8,17,14,25,11,22,72,32,44,76,148
03/22/2017,SWF,NY,AEA,EN,Federal Contract Tower,12,13,13,3,41,0,0,16,6,22,12,13,29,9,63,0,16,16,79
03/23/2017,SWF,NY,AEA,EN,Federal Contract Tower,15,14,17,20,66,0,13,50,16,79,15,27,67,36,145,28,30,58,203
03/24/2017,SWF,NY,AEA,EN,Federal Contract Tower,11,15,13,2,41,0,6,22,2,30,11,21,35,4,71,0,24,24,95
03/25/2017,SWF,NY,AEA,EN,Federal Contract Tower,5,12,16,0,33,0,2,12,18,32,5,14,28,18,65,42,2,44,109
03/26/2017,SWF,NY,AEA,EN,Federal Contract Tower,6,22,11,10,49,0,0,47,0,47,6,22,58,10,96,0,0,0,96
03/27/2017,SWF,NY,AEA,EN,Federal Contract Tower,6,16,13,2,37,0,0,0,0,0,6,16,13,2,37,0,0,0,37
03/28/2017,SWF,NY,AEA,EN,Federal Contract Tower,13,18,16,4,51,0,0,0,0,0,13,18,16,4,51,0,0,0,51
03/29/2017,SWF,NY,AEA,EN,Federal Contract Tower,12,16,16,6,50,0,1,25,6,32,12,17,41,12,82,26,20,46,128
03/30/2017,SWF,NY,AEA,EN,Federal Contract Tower,12,21,24,4,61,0,13,81,14,108,12,34,105,18,169,116,0,116,285
03/31/2017,SWF,NY,AEA,EN,Federal Contract Tower,12,19,16,5,52,0,0,0,0,0,12,19,16,5,52,0,0,0,52
04/01/2017,SWF,NY,AEA,EN,Federal Contract Tower,5,13,12,7,37,0,3,8,41,52,5,16,20,48,89,30,106,136,225
04/02/2017,SWF,NY,AEA,EN,Federal Contract Tower,6,17,14,10,47,0,3,73,50,126,6,20,87,60,173,18,204,222,395
04/03/2017,SWF,NY,AEA,EN,Federal Contract Tower,8,16,15,3,42,0,4,50,4,58,8,20,65,7,100,0,0,0,100
04/04/2017,SWF,NY,AEA,EN,Federal Contract Tower,14,16,18,7,55,0,0,0,0,0,14,16,18,7,55,0,0,0,55
04/05/2017,SWF,NY,AEA,EN,Federal Contract Tower,12,18,17,9,56,0,16,63,17,96,12,34,80,26,152,38,20,58,210
04/06/2017,SWF,NY,AEA,EN,Federal Contract Tower,16,22,13,13,64,0,0,0,22,22,16,22,13,35,86,0,6,6,92
04/07/2017,SWF,NY,AEA,EN,Federal Contract Tower,11,15,17,4,47,0,3,14,1,18,11,18,31,5,65,0,0,0,65
04/08/2017,SWF,NY,AEA,EN,Federal Contract Tower,11,14,11,4,40,0,5,13,0,18,11,19,24,4,58,2,0,2,60
04/09/2017,SWF,NY,AEA,EN,Federal Contract Tower,6,13,6,0,25,0,2,43,0,45,6,15,49,0,70,38,0,38,108
04/10/2017,SWF,NY,AEA,EN,Federal Contract Tower,6,15,12,3,36,0,5,43,11,59,6,20,55,14,95,14,6,20,115
04/11/2017,SWF,NY,AEA,EN,Federal Contract Tower,15,14,13,10,52,0,11,35,12,58,15,25,48,22,110,34,4,38,148
04/12/2017,SWF,NY,AEA,EN,Federal Contract Tower,12,14,16,9,51,0,7,41,12,60,12,21,57,21,111,0,38,38,149
04/13/2017,SWF,NY,AEA,EN,Federal Contract Tower,14,15,20,4,53,0,0,65,11,76,14,15,85,15,129,12,32,44,173
04/14/2017,SWF,NY,AEA,EN,Federal Contract Tower,13,20,10,4,47,0,10,59,14,83,13,30,69,18,130,22,0,22,152
04/15/2017,SWF,NY,AEA,EN,Federal Contract Tower,7,11,10,0,28,0,4,38,17,59,7,15,48,17,87,16,0,16,103
04/16/2017,SWF,NY,AEA,EN,Federal Contract Tower,6,20,12,0,38,0,1,0,0,1,6,21,12,0,39,0,0,0,39
04/17/2017,SWF,NY,AEA,EN,Federal Contract Tower,6,24,13,0,43,0,7,28,1,36,6,31,41,1,79,0,2,2,81
04/18/2017,SWF,NY,AEA,EN,Federal Contract Tower,12,16,19,4,51,0,8,28,5,41,12,24,47,9,92,10,0,10,102
04/19/2017,SWF,NY,AEA,EN,Federal Contract Tower,14,13,10,13,50,0,8,29,0,37,14,21,39,13,87,0,0,0,87
04/20/2017,SWF,NY,AEA,EN,Federal Contract Tower,14,15,18,12,59,0,3,20,5,28,14,18,38,17,87,0,2,2,89
04/21/2017,SWF,NY,AEA,EN,Federal Contract Tower,11,20,21,5,57,0,0,0,0,0,11,20,21,5,57,0,0,0,57
04/22/2017,SWF,NY,AEA,EN,Federal Contract Tower,5,9,7,11,32,0,2,7,0,9,5,11,14,11,41,0,0,0,41
04/23/2017,SWF,NY,AEA,EN,Federal Contract Tower,6,21,12,1,40,0,8,48,0,56,6,29,60,1,96,0,0,0,96
04/24/2017,SWF,NY,AEA,EN,Federal Contract Tower,7,20,24,10,61,0,10,36,14,60,7,30,60,24,121,0,12,12,133
04/25/2017,SWF,NY,AEA,EN,Federal Contract Tower,13,15,18,5,51,0,2,2,0,4,13,17,20,5,55,0,0,0,55
04/26/2017,SWF,NY,AEA,EN,Federal Contract Tower,12,19,16,21,68,0,7,0,0,7,12,26,16,21,75,0,0,0,75
04/27/2017,SWF,NY,AEA,EN,Federal Contract Tower,13,20,16,10,59,0,5,24,3,32,13,25,40,13,91,8,0,8,99
04/28/2017,SWF,NY,AEA,EN,Federal Contract Tower,11,22,24,8,65,0,8,43,6,57,11,30,67,14,122,0,0,0,122
04/29/2017,SWF,NY,AEA,EN,Federal Contract Tower,5,9,21,3,38,0,4,19,4,27,5,13,40,7,65,0,0,0,65
04/30/2017,SWF,NY,AEA,EN,Federal Contract Tower,6,18,12,0,36,0,4,35,2,41,6,22,47,2,77,42,0,42,119
05/01/2017,SWF,NY,AEA,EN,Federal Contract Tower,4,16,21,3,44,0,3,8,4,15,4,19,29,7,59,6,0,6,65
05/02/2017,SWF,NY,AEA,EN,Federal Contract Tower,12,15,16,6,49,0,4,35,5,44,12,19,51,11,93,0,8,8,101
05/03/2017,SWF,NY,AEA,EN,Federal Contract Tower,12,15,16,5,48,0,11,56,11,78,12,26,72,16,126,24,20,44,170
05/04/2017,SWF,NY,AEA,EN,Federal Contract Tower,14,16,28,10,68,0,21,66,16,103,14,37,94,26,171,12,16,28,199
05/05/2017,SWF,NY,AEA,EN,Federal Contract Tower,13,23,15,5,56,0,0,0,0,0,13,23,15,5,56,0,0,0,56
05/06/2017,SWF,NY,AEA,EN,Federal Contract Tower,5,13,5,10,33,0,2,11,7,20,5,15,16,17,53,16,20,36,89
05/07/2017,SWF,NY,AEA,EN,Federal Contract Tower,6,19,14,3,42,0,6,51,0,57,6,25,65,3,99,22,0,22,121
05/08/2017,SWF,NY,AEA,EN,Federal Contract Tower,7,21,12,0,40,0,8,36,6,50,7,29,48,6,90,4,16,20,110
05/09/2017,SWF,NY,AEA,EN,Federal Contract Tower,15,15,24,5,59,0,11,62,9,82,15,26,86,14,141,18,22,40,181
05/10/2017,SWF,NY,AEA,EN,Federal Contract Tower,12,20,29,14,75,0,18,132,26,176,12,38,161,40,251,2,46,48,299
05/11/2017,SWF,NY,AEA,EN,Federal Contract Tower,14,22,11,10,57,0,20,81,26,127,14,42,92,36,184,0,40,40,224
05/12/2017,SWF,NY,AEA,EN,Federal Contract Tower,13,16,22,7,58,0,9,49,1,59,13,25,71,8,117,4,0,4,121
05/13/2017,SWF,NY,AEA,EN,Federal Contract Tower,5,15,13,0,33,0,0,0,0,0,5,15,13,0,33,0,0,0,33
05/14/2017,SWF,NY,AEA,EN,Federal Contract Tower,8,15,9,2,34,0,4,28,0,32,8,19,37,2,66,30,0,30,96
05/15/2017,SWF,NY,AEA,EN,Federal Contract Tower,8,14,18,1,41,0,0,19,1,20,8,14,37,2,61,8,0,8,69
05/16/2017,SWF,NY,AEA,EN,Federal Contract Tower,13,15,14,9,51,0,21,77,32,130,13,36,91,41,181,56,86,142,323
05/17/2017,SWF,NY,AEA,EN,Federal Contract Tower,13,25,25,11,74,0,16,67,20,103,13,41,92,31,177,52,27,79,256
05/18/2017,SWF,NY,AEA,EN,Federal Contract Tower,14,20,15,9,58,0,10,49,13,72,14,30,64,22,130,6,0,6,136
05/19/2017,SWF,NY,AEA,EN,Federal Contract Tower,13,13,14,2,42,0,10,55,12,77,13,23,69,14,119,12,0,12,131
05/20/2017,SWF,NY,AEA,EN,Federal Contract Tower,6,10,6,3,25,0,4,27,4,35,6,14,33,7,60,0,0,0,60
05/21/2017,SWF,NY,AEA,EN,Federal Contract Tower,6,16,20,0,42,0,4,41,7,52,6,20,61,7,94,24,0,24,118
05/22/2017,SWF,NY,AEA,EN,Federal Contract Tower,9,20,12,1,42,0,2,7,0,9,9,22,19,1,51,0,0,0,51
05/23/2017,SWF,NY,AEA,EN,Federal Contract Tower,15,20,21,4,60,0,10,70,34,114,15,30,91,38,174,56,68,124,298
05/24/2017,SWF,NY,AEA,EN,Federal Contract Tower,14,12,23,9,58,0,11,55,21,87,14,23,78,30,145,10,34,44,189
05/25/2017,SWF,NY,AEA,EN,Federal Contract Tower,27,18,18,4,67,0,0,0,0,0,27,18,18,4,67,0,0,0,67
05/26/2017,SWF,NY,AEA,EN,Federal Contract Tower,16,22,26,8,72,0,4,24,0,28,16,26,50,8,100,0,0,0,100
05/27/2017,SWF,NY,AEA,EN,Federal Contract Tower,9,11,7,7,34,0,4,36,2,42,9,15,43,9,76,44,0,44,120
05/28/2017,SWF,NY,AEA,EN,Federal Contract Tower,5,12,7,1,25,0,6,21,14,41,5,18,28,15,66,28,0,28,94
05/29/2017,SWF,NY,AEA,EN,Federal Contract Tower,8,18,18,0,44,0,2,2,0,4,8,20,20,0,48,0,0,0,48
05/30/2017,SWF,NY,AEA,EN,Federal Contract Tower,9,23,13,4,49,0,5,6,0,11,9,28,19,4,60,0,0,0,60
05/31/2017,SWF,NY,AEA,EN,Federal Contract Tower,17,17,29,5,68,0,10,53,12,75,17,27,82,17,143,32,40,72,215
06/01/2017,SWF,NY,AEA,EN,Federal Contract Tower,12,15,17,5,49,0,14,69,27,110,12,29,86,32,159,30,0,30,189
06/02/2017,SWF,NY,AEA,EN,Federal Contract Tower,13,13,23,14,63,0,7,43,7,57,13,20,66,21,120,0,0,0,120
06/03/2017,SWF,NY,AEA,EN,Federal Contract Tower,5,17,10,1,33,0,4,51,5,60,5,21,61,6,93,48,0,48,141
06/04/2017,SWF,NY,AEA,EN,Federal Contract Tower,10,13,6,5,34,0,7,14,25,46,10,20,20,30,80,0,0,0,80
06/05/2017,SWF,NY,AEA,EN,Federal Contract Tower,8,23,17,1,49,0,0,1,4,5,8,23,18,5,54,0,0,0,54
06/06/2017,SWF,NY,AEA,EN,Federal Contract Tower,13,17,18,9,57,0,0,1,0,1,13,17,19,9,58,0,0,0,58
06/07/2017,SWF,NY,AEA,EN,Federal Contract Tower,14,12,16,9,51,0,2,35,30,67,14,14,51,39,118,4,30,34,152
06/08/2017,SWF,NY,AEA,EN,Federal Contract Tower,14,12,24,7,57,0,12,34,35,81,14,24,58,42,138,0,6,6,144
06/09/2017,SWF,NY,AEA,EN,Federal Contract Tower,9,17,19,6,51,0,6,61,18,85,9,23,80,24,136,42,20,62,198
06/10/2017,SWF,NY,AEA,EN,Federal Contract Tower,9,13,16,4,42,0,4,34,17,55,9,17,50,21,97,44,6,50,147
06/11/2017,SWF,NY,AEA,EN,Federal Contract Tower,6,12,18,2,38,0,0,29,6,35,6,12,47,8,73,24,0,24,97
06/12/2017,SWF,NY,AEA,EN,Federal Contract Tower,9,21,27,9,66,0,11,59,28,98,9,32,86,37,164,52,0,52,216
06/13/2017,SWF,NY,AEA,EN,Federal Contract Tower,12,17,13,11,53,0,5,66,28,99,12,22,79,39,152,4,46,50,202
06/14/2017,SWF,NY,AEA,EN,Federal Contract Tower,13,14,19,8,54,0,6,72,29,107,13,20,91,37,161,30,34,64,225
06/15/2017,SWF,NY,AEA,EN,Federal Contract Tower,15,13,14,6,48,0,9,39,28,76,15,22,53,34,124,12,30,42,166
06/16/2017,SWF,NY,AEA,EN,Federal Contract Tower,15,17,16,2,50,0,2,18,3,23,15,19,34,5,73,0,0,0,73
06/17/2017,SWF,NY,AEA,EN,Federal Contract Tower,9,9,17,2,37,0,0,2,0,2,9,9,19,2,39,0,0,0,39
06/18/2017,SWF,NY,AEA,EN,Federal Contract Tower,8,8,24,9,49,0,7,22,1,30,8,15,46,10,79,18,0,18,97
06/19/2017,SWF,NY,AEA,EN,Federal Contract Tower,12,19,29,1,61,0,2,5,0,7,12,21,34,1,68,0,0,0,68
06/20/2017,SWF,NY,AEA,EN,Federal Contract Tower,12,14,20,8,54,0,1,52,20,73,12,15,72,28,127,38,34,72,199
06/22/2017,SWF,NY,AEA,EN,Federal Contract Tower,15,14,25,20,74,0,10,68,21,99,15,24,93,41,173,10,20,30,203
06/23/2017,SWF,NY,AEA,EN,Federal Contract Tower,23,11,10,2,46,0,6,30,0,36,23,17,40,2,82,30,8,38,120
06/24/2017,SWF,NY,AEA,EN,Federal Contract Tower,9,16,4,5,34,0,11,76,6,93,9,27,80,11,127,0,0,0,127
06/25/2017,SWF,NY,AEA,EN,Federal Contract Tower,8,19,22,2,51,0,3,38,6,47,8,22,60,8,98,6,0,6,104
06/26/2017,SWF,NY,AEA,EN,Federal Contract Tower,8,20,15,12,55,0,2,70,5,77,8,22,85,17,132,62,0,62,194
06/27/2017,SWF,NY,AEA,EN,Federal Contract Tower,14,18,18,3,53,0,7,67,4,78,14,25,85,7,131,90,26,116,247
06/28/2017,SWF,NY,AEA,EN,Federal Contract Tower,17,13,7,8,45,0,6,35,6,47,17,19,42,14,92,32,8,40,132
06/29/2017,SWF,NY,AEA,EN,Federal Contract Tower,17,18,19,9,63,0,7,43,3,53,17,25,62,12,116,10,6,16,132
06/30/2017,SWF,NY,AEA,EN,Federal Contract Tower,14,11,17,4,46,0,3,39,3,45,14,14,56,7,91,2,0,2,93
07/01/2017,SWF,NY,AEA,EN,Federal Contract Tower,12,11,7,3,33,0,0,27,0,27,12,11,34,3,60,0,0,0,60
07/02/2017,SWF,NY,AEA,EN,Federal Contract Tower,12,10,19,4,45,0,20,118,3,141,12,30,137,7,186,32,0,32,218
07/03/2017,SWF,NY,AEA,EN,Federal Contract Tower,14,13,15,3,45,0,3,37,1,41,14,16,52,4,86,80,0,80,166
07/04/2017,SWF,NY,AEA,EN,Federal Contract Tower,10,12,11,1,34,0,3,23,0,26,10,15,34,1,60,0,0,0,60
07/05/2017,SWF,NY,AEA,EN,Federal Contract Tower,22,11,18,2,53,0,5,41,0,46,22,16,59,2,99,6,0,6,105
07/06/2017,SWF,NY,AEA,EN,Federal Contract Tower,20,22,14,6,62,0,4,30,3,37,20,26,44,9,99,48,0,48,147
07/07/2017,SWF,NY,AEA,EN,Federal Contract Tower,22,15,12,6,55,0,11,8,0,19,22,26,20,6,74,0,0,0,74
07/08/2017,SWF,NY,AEA,EN,Federal Contract Tower,14,12,15,1,42,0,3,23,4,30,14,15,38,5,72,24,0,24,96
07/09/2017,SWF,NY,AEA,EN,Federal Contract Tower,12,21,13,3,49,0,5,58,5,68,12,26,71,8,117,0,0,0,117
07/10/2017,SWF,NY,AEA,EN,Federal Contract Tower,12,18,13,4,47,0,5,30,0,35,12,23,43,4,82,26,0,26,108
07/11/2017,SWF,NY,AEA,EN,Federal Contract Tower,18,10,11,5,44,0,4,23,7,34,18,14,34,12,78,2,0,2,80
07/12/2017,SWF,NY,AEA,EN,Federal Contract Tower,17,21,14,11,63,0,12,41,5,58,17,33,55,16,121,4,0,4,125
07/13/2017,SWF,NY,AEA,EN,Federal Contract Tower,19,22,25,5,71,0,1,20,1,22,19,23,45,6,93,12,0,12,105
07/14/2017,SWF,NY,AEA,EN,Federal Contract Tower,18,18,24,7,67,0,0,0,0,0,18,18,24,7,67,0,0,0,67
07/15/2017,SWF,NY,AEA,EN,Federal Contract Tower,16,13,12,2,43,0,1,35,9,45,16,14,47,11,88,24,0,24,112
07/16/2017,SWF,NY,AEA,EN,Federal Contract Tower,11,21,24,1,57,0,6,55,9,70,11,27,79,10,127,40,10,50,177
07/17/2017,SWF,NY,AEA,EN,Federal Contract Tower,18,19,18,8,63,0,9,54,18,81,18,28,72,26,144,8,38,46,190
07/18/2017,SWF,NY,AEA,EN,Federal Contract Tower,19,15,15,5,54,0,9,49,7,65,19,24,64,12,119,30,0,30,149
07/19/2017,SWF,NY,AEA,EN,Federal Contract Tower,18,19,11,14,62,0,14,42,19,75,18,33,53,33,137,44,4,48,185
07/20/2017,SWF,NY,AEA,EN,Federal Contract Tower,16,26,10,2,54,0,9,34,12,55,16,35,44,14,109,4,0,4,113
07/21/2017,SWF,NY,AEA,EN,Federal Contract Tower,16,17,22,5,60,0,4,48,22,74,16,21,70,27,134,30,0,30,164
07/22/2017,SWF,NY,AEA,EN,Federal Contract Tower,14,13,24,4,55,0,6,43,20,69,14,19,67,24,124,16,16,32,156
07/23/2017,SWF,NY,AEA,EN,Federal Contract Tower,13,21,16,2,52,0,5,107,2,114,13,26,123,4,166,28,0,28,194
07/24/2017,SWF,NY,AEA,EN,Federal Contract Tower,16,20,27,5,68,0,4,2,0,6,16,24,29,5,74,10,0,10,84
07/25/2017,SWF,NY,AEA,EN,Federal Contract Tower,16,23,26,13,78,0,0,10,7,17,16,23,36,20,95,8,0,8,103
07/26/2017,SWF,NY,AEA,EN,Federal Contract Tower,18,9,22,18,67,0,7,101,6,114,18,16,123,24,181,10,12,22,203
07/27/2017,SWF,NY,AEA,EN,Federal Contract Tower,20,22,17,10,69,0,1,17,5,23,20,23,34,15,92,18,0,18,110
07/28/2017,SWF,NY,AEA,EN,Federal Contract Tower,17,17,19,16,69,0,2,26,1,29,17,19,45,17,98,2,0,2,100
07/29/2017,SWF,NY,AEA,EN,Federal Contract Tower,14,23,13,2,52,0,5,24,0,29,14,28,37,2,81,2,0,2,83
07/30/2017,SWF,NY,AEA,EN,Federal Contract Tower,14,16,16,0,46,0,6,41,0,47,14,22,57,0,93,6,0,6,99
07/31/2017,SWF,NY,AEA,EN,Federal Contract Tower,17,18,10,1,46,0,8,46,0,54,17,26,56,1,100,26,0,26,126
08/01/2017,SWF,NY,AEA,EN,Federal Contract Tower,20,14,20,3,57,0,6,60,11,77,20,20,80,14,134,28,26,54,188
08/02/2017,SWF,NY,AEA,EN,Federal Contract Tower,20,14,10,4,48,0,6,25,9,40,20,20,35,13,88,0,16,16,104
08/03/2017,SWF,NY,AEA,EN,Federal Contract Tower,19,16,21,1,57,0,3,27,0,30,19,19,48,1,87,2,0,2,89
08/04/2017,SWF,NY,AEA,EN,Federal Contract Tower,20,13,29,5,67,0,4,41,0,45,20,17,70,5,112,12,0,12,124
08/05/2017,SWF,NY,AEA,EN,Federal Contract Tower,14,15,21,2,52,0,3,48,0,51,14,18,69,2,103,8,0,8,111
08/06/2017,SWF,NY,AEA,EN,Federal Contract Tower,11,25,23,2,61,0,8,58,0,66,11,33,81,2,127,42,0,42,169
08/07/2017,SWF,NY,AEA,EN,Federal Contract Tower,15,20,24,1,60,0,1,3,0,4,15,21,27,1,64,0,0,0,64
08/08/2017,SWF,NY,AEA,EN,Federal Contract Tower,18,14,25,5,62,0,11,60,3,74,18,25,85,8,136,38,0,38,174
08/09/2017,SWF,NY,AEA,EN,Federal Contract Tower,18,19,21,3,61,0,7,78,4,89,18,26,99,7,150,72,10,82,232
08/10/2017,SWF,NY,AEA,EN,Federal Contract Tower,16,15,15,4,50,0,12,53,9,74,16,27,68,13,124,38,22,60,184
08/11/2017,SWF,NY,AEA,EN,Federal Contract Tower,19,15,12,0,46,0,0,49,0,49,19,15,61,0,95,10,4,14,109
08/12/2017,SWF,NY,AEA,EN,Federal Contract Tower,13,12,4,0,29,0,0,15,0,15,13,12,19,0,44,0,0,0,44
08/13/2017,SWF,NY,AEA,EN,Federal Contract Tower,12,18,18,0,48,0,32,79,4,115,12,50,97,4,163,14,0,14,177
08/14/2017,SWF,NY,AEA,EN,Federal Contract Tower,14,15,14,2,45,0,6,36,4,46,14,21,50,6,91,0,0,0,91
08/15/2017,SWF,NY,AEA,EN,Federal Contract Tower,18,18,7,4,47,0,14,24,9,47,18,32,31,13,94,26,24,50,144
08/16/2017,SWF,NY,AEA,EN,Federal Contract Tower,16,16,16,0,48,0,5,38,3,46,16,21,54,3,94,44,6,50,144
08/17/2017,SWF,NY,AEA,EN,Federal Contract Tower,19,15,15,6,55,0,7,76,3,86,19,22,91,9,141,76,24,100,241
08/18/2017,SWF,NY,AEA,EN,Federal Contract Tower,17,15,33,4,69,0,2,0,0,2,17,17,33,4,71,6,0,6,77
08/19/2017,SWF,NY,AEA,EN,Federal Contract Tower,12,10,18,0,40,0,0,44,2,46,12,10,62,2,86,24,0,24,110
08/20/2017,SWF,NY,AEA,EN,Federal Contract Tower,11,16,18,1,46,0,7,62,3,72,11,23,80,4,118,24,0,24,142
08/21/2017,SWF,NY,AEA,EN,Federal Contract Tower,14,17,27,2,60,0,3,54,2,59,14,20,81,4,119,14,0,14,133
08/22/2017,SWF,NY,AEA,EN,Federal Contract Tower,18,18,11,7,54,0,5,31,0,36,18,23,42,7,90,0,0,0,90
08/23/2017,SWF,NY,AEA,EN,Federal Contract Tower,18,13,18,11,60,1,5,46,11,63,19,18,64,22,123,14,46,60,183
08/24/2017,SWF,NY,AEA,EN,Federal Contract Tower,18,16,22,2,58,0,6,51,3,60,18,22,73,5,118,12,0,12,130
08/25/2017,SWF,NY,AEA,EN,Federal Contract Tower,17,10,18,6,51,0,6,62,3,71,17,16,80,9,122,0,0,0,122
08/26/2017,SWF,NY,AEA,EN,Federal Contract Tower,14,12,9,10,45,0,0,92,24,116,14,12,101,34,161,6,16,22,183
08/27/2017,SWF,NY,AEA,EN,Federal Contract Tower,12,16,15,11,54,0,4,42,3,49,12,20,57,14,103,16,4,20,123
08/28/2017,SWF,NY,AEA,EN,Federal Contract Tower,15,13,27,3,58,0,5,54,8,67,15,18,81,11,125,24,0,24,149
08/29/2017,SWF,NY,AEA,EN,Federal Contract Tower,17,18,25,4,64,0,2,22,0,24,17,20,47,4,88,12,8,20,108
08/30/2017,SWF,NY,AEA,EN,Federal Contract Tower,18,15,12,13,58,0,0,69,15,84,18,15,81,28,142,2,22,24,166
08/31/2017,SWF,NY,AEA,EN,Federal Contract Tower,23,15,27,2,67,0,7,70,17,94,23,22,97,19,161,32,10,42,203
09/01/2017,SWF,NY,AEA,EN,Federal Contract Tower,18,11,10,3,42,0,6,49,1,56,18,17,59,4,98,2,0,2,100
09/02/2017,SWF,NY,AEA,EN,Federal Contract Tower,9,13,16,3,41,0,2,45,3,50,9,15,61,6,91,4,0,4,95
09/03/2017,SWF,NY,AEA,EN,Federal Contract Tower,14,6,7,0,27,0,3,0,0,3,14,9,7,0,30,0,0,0,30
09/04/2017,SWF,NY,AEA,EN,Federal Contract Tower,11,15,12,0,38,0,7,30,0,37,11,22,42,0,75,26,0,26,101
09/05/2017,SWF,NY,AEA,EN,Federal Contract Tower,14,17,14,4,49,0,0,28,1,29,14,17,42,5,78,0,0,0,78
09/06/2017,SWF,NY,AEA,EN,Federal Contract Tower,16,20,14,11,61,0,0,0,0,0,16,20,14,11,61,0,0,0,61
09/07/2017,SWF,NY,AEA,EN,Federal Contract Tower,20,19,20,11,70,0,16,37,18,71,20,35,57,29,141,0,44,44,185
09/08/2017,SWF,NY,AEA,EN,Federal Contract Tower,22,21,24,11,78,0,6,77,21,104,22,27,101,32,182,24,38,62,244
09/09/2017,SWF,NY,AEA,EN,Federal Contract Tower,11,22,22,5,60,0,2,70,17,89,11,24,92,22,149,22,6,28,177
09/10/2017,SWF,NY,AEA,EN,Federal Contract Tower,9,13,21,1,44,0,2,55,4,61,9,15,76,5,105,20,0,20,125
09/11/2017,SWF,NY,AEA,EN,Federal Contract Tower,16,22,8,5,51,0,7,29,1,37,16,29,37,6,88,6,0,6,94
09/12/2017,SWF,NY,AEA,EN,Federal Contract Tower,18,11,19,16,64,0,4,54,5,63,18,15,73,21,127,20,18,38,165
09/13/2017,SWF,NY,AEA,EN,Federal Contract Tower,21,10,17,12,60,0,35,54,10,99,21,45,71,22,159,24,20,44,203
09/14/2017,SWF,NY,AEA,EN,Federal Contract Tower,18,18,8,7,51,0,5,33,7,45,18,23,41,14,96,8,20,28,124
09/15/2017,SWF,NY,AEA,EN,Federal Contract Tower,23,18,25,3,69,0,9,43,14,66,23,27,68,17,135,16,0,16,151
09/16/2017,SWF,NY,AEA,EN,Federal Contract Tower,14,16,10,2,42,0,5,35,7,47,14,21,45,9,89,30,0,30,119
09/17/2017,SWF,NY,AEA,EN,Federal Contract Tower,29,16,12,3,60,0,4,15,0,19,29,20,27,3,79,0,0,0,79
09/18/2017,SWF,NY,AEA,EN,Federal Contract Tower,17,19,15,3,54,0,14,34,2,50,17,33,49,5,104,0,0,0,104
09/19/2017,SWF,NY,AEA,EN,Federal Contract Tower,17,15,22,5,59,0,9,17,1,27,17,24,39,6,86,2,8,10,96
09/20/2017,SWF,NY,AEA,EN,Federal Contract Tower,19,13,17,4,53,0,14,17,0,31,19,27,34,4,84,0,0,0,84
09/21/2017,SWF,NY,AEA,EN,Federal Contract Tower,35,17,18,6,76,0,9,64,8,81,35,26,82,14,157,4,2,6,163
09/22/2017,SWF,NY,AEA,EN,Federal Contract Tower,26,20,22,5,73,0,5,47,0,52,26,25,69,5,125,22,4,26,151
09/23/2017,SWF,NY,AEA,EN,Federal Contract Tower,16,16,5,0,37,0,2,64,7,73,16,18,69,7,110,18,0,18,128
09/24/2017,SWF,NY,AEA,EN,Federal Contract Tower,17,14,10,0,41,0,12,24,0,36,17,26,34,0,77,20,0,20,97
09/25/2017,SWF,NY,AEA,EN,Federal Contract Tower,15,14,1,3,33,0,2,25,2,29,15,16,26,5,62,8,0,8,70
09/26/2017,SWF,NY,AEA,EN,Federal Contract Tower,15,15,7,8,45,0,3,42,8,53,15,18,49,16,98,0,4,4,102
09/27/2017,SWF,NY,AEA,EN,Federal Contract Tower,15,17,12,10,54,0,4,56,4,64,15,21,68,14,118,0,18,18,136
09/28/2017,SWF,NY,AEA,EN,Federal Contract Tower,21,19,13,5,58,0,5,45,3,53,21,24,58,8,111,0,12,12,123
09/29/2017,SWF,NY,AEA,EN,Federal Contract Tower,14,14,17,3,48,0,5,54,3,62,14,19,71,6,110,30,0,30,140
09/30/2017,SWF,NY,AEA,EN,Federal Contract Tower,11,12,13,4,40,0,2,20,0,22,11,14,33,4,62,6,0,6,68
10/01/2017,SWF,NY,AEA,EN,Federal Contract Tower,14,14,19,7,54,0,5,64,0,69,14,19,83,7,123,20,0,20,143
10/02/2017,SWF,NY,AEA,EN,Federal Contract Tower,12,19,22,5,58,0,8,40,3,51,12,27,62,8,109,18,0,18,127
10/03/2017,SWF,NY,AEA,EN,Federal Contract Tower,19,16,8,6,49,0,2,91,6,99,19,18,99,12,148,16,8,24,172
10/04/2017,SWF,NY,AEA,EN,Federal Contract Tower,18,19,18,9,64,0,19,72,11,102,18,38,90,20,166,24,34,58,224
10/05/2017,SWF,NY,AEA,EN,Federal Contract Tower,21,18,28,9,76,0,8,88,12,108,21,26,116,21,184,8,58,66,250
10/06/2017,SWF,NY,AEA,EN,Federal Contract Tower,17,19,20,8,64,0,2,50,8,60,17,21,70,16,124,16,0,16,140
10/07/2017,SWF,NY,AEA,EN,Federal Contract Tower,13,13,10,0,36,0,1,27,0,28,13,14,37,0,64,24,0,24,88
10/08/2017,SWF,NY,AEA,EN,Federal Contract Tower,15,13,9,2,39,0,0,19,0,19,15,13,28,2,58,0,0,0,58
10/09/2017,SWF,NY,AEA,EN,Federal Contract Tower,12,21,12,0,45,0,9,0,0,9,12,30,12,0,54,2,0,2,56
10/10/2017,SWF,NY,AEA,EN,Federal Contract Tower,17,15,23,7,62,0,2,84,11,97,17,17,107,18,159,16,20,36,195
10/11/2017,SWF,NY,AEA,EN,Federal Contract Tower,17,16,18,13,64,0,8,26,13,47,17,24,44,26,111,2,10,12,123
10/12/2017,SWF,NY,AEA,EN,Federal Contract Tower,22,13,10,17,62,0,5,40,5,50,22,18,50,22,112,6,24,30,142
10/13/2017,SWF,NY,AEA,EN,Federal Contract Tower,16,24,23,4,67,0,5,42,2,49,16,29,65,6,116,22,2,24,140
10/14/2017,SWF,NY,AEA,EN,Federal Contract Tower,14,21,13,15,63,0,3,23,0,26,14,24,36,15,89,2,0,2,91
10/15/2017,SWF,NY,AEA,EN,Federal Contract Tower,15,22,15,1,53,0,0,22,2,24,15,22,37,3,77,20,0,20,97
10/16/2017,SWF,NY,AEA,EN,Federal Contract Tower,12,14,12,2,40,0,8,43,2,53,12,22,55,4,93,0,0,0,93
10/17/2017,SWF,NY,AEA,EN,Federal Contract Tower,16,18,11,4,49,0,13,97,24,134,16,31,108,28,183,8,28,36,219
10/18/2017,SWF,NY,AEA,EN,Federal Contract Tower,16,14,21,10,61,0,3,65,7,75,16,17,86,17,136,16,10,26,162
10/19/2017,SWF,NY,AEA,EN,Federal Contract Tower,18,22,21,14,75,0,15,38,15,68,18,37,59,29,143,37,0,37,180
10/20/2017,SWF,NY,AEA,EN,Federal Contract Tower,13,22,18,1,54,0,10,36,1,47,13,32,54,2,101,10,0,10,111
10/21/2017,SWF,NY,AEA,EN,Federal Contract Tower,11,13,10,1,35,0,6,35,3,44,11,19,45,4,79,38,0,38,117
10/22/2017,SWF,NY,AEA,EN,Federal Contract Tower,16,15,14,0,45,0,2,34,0,36,16,17,48,0,81,20,0,20,101
10/23/2017,SWF,NY,AEA,EN,Federal Contract Tower,11,12,12,6,41,0,2,10,0,12,11,14,22,6,53,2,0,2,55
10/24/2017,SWF,NY,AEA,EN,Federal Contract Tower,18,13,3,3,37,0,0,0,0,0,18,13,3,3,37,0,0,0,37
10/25/2017,SWF,NY,AEA,EN,Federal Contract Tower,16,23,21,11,71,0,17,65,7,89,16,40,86,18,160,30,14,44,204
10/26/2017,SWF,NY,AEA,EN,Federal Contract Tower,23,14,19,8,64,0,13,42,7,62,23,27,61,15,126,16,16,32,158
10/27/2017,SWF,NY,AEA,EN,Federal Contract Tower,15,18,9,4,46,0,11,72,14,97,15,29,81,18,143,36,0,36,179
10/28/2017,SWF,NY,AEA,EN,Federal Contract Tower,16,9,10,0,35,0,7,63,4,74,16,16,73,4,109,38,0,38,147
10/29/2017,SWF,NY,AEA,EN,Federal Contract Tower,16,17,12,0,45,0,0,0,0,0,16,17,12,0,45,0,0,0,45
10/30/2017,SWF,NY,AEA,EN,Federal Contract Tower,9,17,8,13,47,0,0,14,0,14,9,17,22,13,61,8,20,28,89
10/31/2017,SWF,NY,AEA,EN,Federal Contract Tower,17,14,16,6,53,0,18,50,13,81,17,32,66,19,134,10,46,56,190
11/01/2017,SWF,NY,AEA,EN,Federal Contract Tower,16,13,17,10,56,0,1,35,15,51,16,14,52,25,107,12,40,52,159
11/02/2017,SWF,NY,AEA,EN,Federal Contract Tower,19,28,13,13,73,0,8,45,6,59,19,36,58,19,132,6,20,26,158
11/03/2017,SWF,NY,AEA,EN,Federal Contract Tower,20,16,16,0,52,0,10,61,14,85,20,26,77,14,137,18,16,34,171
11/04/2017,SWF,NY,AEA,EN,Federal Contract Tower,16,9,14,2,41,0,10,44,6,60,16,19,58,8,101,26,8,34,135
11/05/2017,SWF,NY,AEA,EN,Federal Contract Tower,15,16,24,8,63,0,2,4,0,6,15,18,28,8,69,0,0,0,69
11/06/2017,SWF,NY,AEA,EN,Federal Contract Tower,8,15,8,5,36,0,0,4,2,6,8,15,12,7,42,0,0,0,42
11/07/2017,SWF,NY,AEA,EN,Federal Contract Tower,17,23,14,5,59,0,5,57,18,80,17,28,71,23,139,0,20,20,159
11/08/2017,SWF,NY,AEA,EN,Federal Contract Tower,14,18,19,13,64,0,0,40,14,54,14,18,59,27,118,4,22,26,144
11/09/2017,SWF,NY,AEA,EN,Federal Contract Tower,20,20,23,5,68,0,4,21,3,28,20,24,44,8,96,0,26,26,122
11/10/2017,SWF,NY,AEA,EN,Federal Contract Tower,16,19,13,1,49,0,0,23,2,25,16,19,36,3,74,22,0,22,96
11/11/2017,SWF,NY,AEA,EN,Federal Contract Tower,13,12,11,1,37,0,6,27,1,34,13,18,38,2,71,12,0,12,83
11/12/2017,SWF,NY,AEA,EN,Federal Contract Tower,11,16,15,0,42,0,4,42,2,48,11,20,57,2,90,8,0,8,98
11/13/2017,SWF,NY,AEA,EN,Federal Contract Tower,13,23,16,6,58,0,2,32,7,41,13,25,48,13,99,6,0,6,105
11/14/2017,SWF,NY,AEA,EN,Federal Contract Tower,21,20,25,5,71,0,7,65,3,75,21,27,90,8,146,36,0,36,182
11/15/2017,SWF,NY,AEA,EN,Federal Contract Tower,15,15,16,20,66,0,18,67,31,116,15,33,83,51,182,52,59,111,293
11/16/2017,SWF,NY,AEA,EN,Federal Contract Tower,22,16,13,11,62,0,0,8,3,11,22,16,21,14,73,4,24,28,101
11/17/2017,SWF,NY,AEA,EN,Federal Contract Tower,18,17,22,3,60,0,2,24,0,26,18,19,46,3,86,24,0,24,110
11/18/2017,SWF,NY,AEA,EN,Federal Contract Tower,8,12,4,0,24,0,1,12,2,15,8,13,16,2,39,0,0,0,39
11/19/2017,SWF,NY,AEA,EN,Federal Contract Tower,14,23,15,1,53,0,0,2,0,2,14,23,17,1,55,0,0,0,55
11/20/2017,SWF,NY,AEA,EN,Federal Contract Tower,14,15,15,3,47,0,8,23,2,33,14,23,38,5,80,4,0,4,84
11/21/2017,SWF,NY,AEA,EN,Federal Contract Tower,22,19,17,3,61,0,17,37,13,67,22,36,54,16,128,14,36,50,178
11/22/2017,SWF,NY,AEA,EN,Federal Contract Tower,16,18,17,3,54,0,3,26,6,35,16,21,43,9,89,10,22,32,121
11/24/2017,SWF,NY,AEA,EN,Federal Contract Tower,17,9,6,1,33,0,0,36,0,36,17,9,42,1,69,18,0,18,87
11/25/2017,SWF,NY,AEA,EN,Federal Contract Tower,12,18,8,1,39,0,6,45,2,53,12,24,53,3,92,16,0,16,108
11/26/2017,SWF,NY,AEA,EN,Federal Contract Tower,10,31,31,1,73,0,5,37,3,45,10,36,68,4,118,0,0,0,118
11/27/2017,SWF,NY,AEA,EN,Federal Contract Tower,13,18,14,2,47,0,3,45,3,51,13,21,59,5,98,0,0,0,98
11/28/2017,SWF,NY,AEA,EN,Federal Contract Tower,21,19,14,7,61,0,13,33,4,50,21,32,47,11,111,0,18,18,129
11/29/2017,SWF,NY,AEA,EN,Federal Contract Tower,13,17,16,10,56,0,13,48,7,68,13,30,64,17,124,0,80,80,204
11/30/2017,SWF,NY,AEA,EN,Federal Contract Tower,19,17,12,2,50,0,4,28,8,40,19,21,40,10,90,10,20,30,120
12/01/2017,SWF,NY,AEA,EN,Federal Contract Tower,15,18,15,4,52,0,0,22,4,26,15,18,37,8,78,0,10,10,88
12/02/2017,SWF,NY,AEA,EN,Federal Contract Tower,8,11,15,3,37,0,2,31,8,41,8,13,46,11,78,0,12,12,90
12/03/2017,SWF,NY,AEA,EN,Federal Contract Tower,10,17,23,5,55,0,6,33,0,39,10,23,56,5,94,10,0,10,104
12/04/2017,SWF,NY,AEA,EN,Federal Contract Tower,12,15,12,1,40,0,0,0,0,0,12,15,12,1,40,0,0,0,40
12/05/2017,SWF,NY,AEA,EN,Federal Contract Tower,16,14,8,6,44,0,1,0,0,1,16,15,8,6,45,0,0,0,45
12/06/2017,SWF,NY,AEA,EN,Federal Contract Tower,14,10,21,8,53,0,14,71,11,96,14,24,92,19,149,20,52,72,221
12/07/2017,SWF,NY,AEA,EN,Federal Contract Tower,20,21,14,5,60,0,5,32,3,40,20,26,46,8,100,4,0,4,104
12/08/2017,SWF,NY,AEA,EN,Federal Contract Tower,15,18,8,7,48,0,2,43,6,51,15,20,51,13,99,40,0,40,139
12/09/2017,SWF,NY,AEA,EN,Federal Contract Tower,8,9,2,0,19,0,0,6,0,6,8,9,8,0,25,0,0,0,25
12/10/2017,SWF,NY,AEA,EN,Federal Contract Tower,14,24,7,2,47,0,3,45,10,58,14,27,52,12,105,38,0,38,143
12/11/2017,SWF,NY,AEA,EN,Federal Contract Tower,12,26,16,0,54,0,3,60,2,65,12,29,76,2,119,20,0,20,139
12/12/2017,SWF,NY,AEA,EN,Federal Contract Tower,17,15,11,7,50,0,2,2,0,4,17,17,13,7,54,0,0,0,54
12/13/2017,SWF,NY,AEA,EN,Federal Contract Tower,17,38,10,9,74,0,2,17,9,28,17,40,27,18,102,0,26,26,128
12/14/2017,SWF,NY,AEA,EN,Federal Contract Tower,20,24,16,20,80,0,3,19,8,30,20,27,35,28,110,0,24,24,134
12/15/2017,SWF,NY,AEA,EN,Federal Contract Tower,14,20,20,1,55,0,2,21,0,23,14,22,41,1,78,32,10,42,120
12/16/2017,SWF,NY,AEA,EN,Federal Contract Tower,11,15,6,0,32,0,0,15,1,16,11,15,21,1,48,0,0,0,48
12/17/2017,SWF,NY,AEA,EN,Federal Contract Tower,16,14,13,0,43,0,2,26,1,29,16,16,39,1,72,20,0,20,92
12/18/2017,SWF,NY,AEA,EN,Federal Contract Tower,12,15,22,5,54,0,2,7,1,10,12,17,29,6,64,0,0,0,64
12/19/2017,SWF,NY,AEA,EN,Federal Contract Tower,21,20,7,4,52,0,16,28,3,47,21,36,35,7,99,0,22,22,121
12/20/2017,SWF,NY,AEA,EN,Federal Contract Tower,15,15,18,6,54,0,8,27,4,39,15,23,45,10,93,0,8,8,101
12/21/2017,SWF,NY,AEA,EN,Federal Contract Tower,20,16,14,8,58,0,3,41,2,46,20,19,55,10,104,4,26,30,134
12/22/2017,SWF,NY,AEA,EN,Federal Contract Tower,14,21,20,0,55,0,2,16,0,18,14,23,36,0,73,0,0,0,73
12/23/2017,SWF,NY,AEA,EN,Federal Contract Tower,14,9,16,0,39,0,0,5,0,5,14,9,21,0,44,0,0,0,44
12/24/2017,SWF,NY,AEA,EN,Federal Contract Tower,16,17,6,0,39,0,3,11,0,14,16,20,17,0,53,4,0,4,57
12/25/2017,SWF,NY,AEA,EN,Federal Contract Tower,7,28,4,0,39,0,10,5,0,15,7,38,9,0,54,0,2,2,56
12/26/2017,SWF,NY,AEA,EN,Federal Contract Tower,14,19,13,0,46,0,3,31,0,34,14,22,44,0,80,20,0,20,100
12/27/2017,SWF,NY,AEA,EN,Federal Contract Tower,11,18,15,1,45,0,7,29,3,39,11,25,44,4,84,18,6,24,108
12/28/2017,SWF,NY,AEA,EN,Federal Contract Tower,23,15,9,10,57,0,2,19,1,22,23,17,28,11,79,0,18,18,97
12/29/2017,SWF,NY,AEA,EN,Federal Contract Tower,15,18,8,1,42,0,12,26,2,40,15,30,34,3,82,12,0,12,94
12/30/2017,SWF,NY,AEA,EN,Federal Contract Tower,8,13,3,0,24,0,0,0,0,0,8,13,3,0,24,0,0,0,24
12/31/2017,SWF,NY,AEA,EN,Federal Contract Tower,14,13,11,0,38,0,2,14,0,16,14,15,25,0,54,0,22,22,76
01/01/2018,SWF,NY,AEA,EN,Federal Contract Tower,10,16,9,0,35,0,0,2,0,2,10,16,11,0,37,0,0,0,37
01/02/2018,SWF,NY,AEA,EN,Federal Contract Tower,14,17,12,1,44,0,2,27,1,30,14,19,39,2,74,16,0,16,90
01/03/2018,SWF,NY,AEA,EN,Federal Contract Tower,14,19,16,8,57,0,7,34,9,50,14,26,50,17,107,42,20,62,169
01/04/2018,SWF,NY,AEA,EN,Federal Contract Tower,14,4,7,0,25,0,0,0,0,0,14,4,7,0,25,0,0,0,25
01/05/2018,SWF,NY,AEA,EN,Federal Contract Tower,21,23,23,3,70,0,0,3,0,3,21,23,26,3,73,0,0,0,73
01/06/2018,SWF,NY,AEA,EN,Federal Contract Tower,10,13,9,1,33,0,3,17,0,20,10,16,26,1,53,4,0,4,57
01/07/2018,SWF,NY,AEA,EN,Federal Contract Tower,17,19,15,2,53,0,9,51,5,65,17,28,66,7,118,42,34,76,194
01/08/2018,SWF,NY,AEA,EN,Federal Contract Tower,16,22,10,0,48,0,3,7,0,10,16,25,17,0,58,0,0,0,58
01/09/2018,SWF,NY,AEA,EN,Federal Contract Tower,21,22,11,4,58,0,5,53,9,67,21,27,64,13,125,16,28,44,169
01/10/2018,SWF,NY,AEA,EN,Federal Contract Tower,13,18,14,6,51,0,8,46,4,58,13,26,60,10,109,10,14,24,133
01/11/2018,SWF,NY,AEA,EN,Federal Contract Tower,22,23,18,8,71,0,7,17,0,24,22,30,35,8,95,12,16,28,123
01/12/2018,SWF,NY,AEA,EN,Federal Contract Tower,17,48,23,4,92,0,2,0,0,2,17,50,23,4,94,0,0,0,94
01/14/2018,SWF,NY,AEA,EN,Federal Contract Tower,14,17,14,0,45,0,5,34,2,41,14,22,48,2,86,4,0,4,90
01/15/2018,SWF,NY,AEA,EN,Federal Contract Tower,11,21,19,0,51,0,5,11,0,16,11,26,30,0,67,6,0,6,73
01/16/2018,SWF,NY,AEA,EN,Federal Contract Tower,12,22,17,1,52,0,2,0,0,2,12,24,17,1,54,0,0,0,54
01/17/2018,SWF,NY,AEA,EN,Federal Contract Tower,17,12,11,1,41,0,1,0,0,1,17,13,11,1,42,0,0,0,42
01/18/2018,SWF,NY,AEA,EN,Federal Contract Tower,21,21,11,6,59,0,11,43,6,60,21,32,54,12,119,30,0,30,149
01/19/2018,SWF,NY,AEA,EN,Federal Contract Tower,14,19,25,5,63,0,10,45,4,59,14,29,70,9,122,56,18,74,196
01/20/2018,SWF,NY,AEA,EN,Federal Contract Tower,7,14,13,1,35,0,2,37,0,39,7,16,50,1,74,20,0,20,94
01/21/2018,SWF,NY,AEA,EN,Federal Contract Tower,14,17,20,1,52,0,3,45,0,48,14,20,65,1,100,12,0,12,112
01/22/2018,SWF,NY,AEA,EN,Federal Contract Tower,11,19,12,2,44,0,2,0,0,2,11,21,12,2,46,0,0,0,46
01/23/2018,SWF,NY,AEA,EN,Federal Contract Tower,16,16,18,11,61,0,4,16,7,27,16,20,34,18,88,26,34,60,148
01/24/2018,SWF,NY,AEA,EN,Federal Contract Tower,17,13,11,7,48,0,3,40,5,48,17,16,51,12,96,20,2,22,118
01/25/2018,SWF,NY,AEA,EN,Federal Contract Tower,19,15,21,10,65,0,3,71,11,85,19,18,92,21,150,14,26,40,190
01/26/2018,SWF,NY,AEA,EN,Federal Contract Tower,15,17,17,2,51,0,4,61,7,72,15,21,78,9,123,32,24,56,179
01/27/2018,SWF,NY,AEA,EN,Federal Contract Tower,9,9,10,2,30,0,3,43,13,59,9,12,53,15,89,48,0,48,137
01/28/2018,SWF,NY,AEA,EN,Federal Contract Tower,13,21,11,0,45,0,6,21,0,27,13,27,32,0,72,0,0,0,72
01/29/2018,SWF,NY,AEA,EN,Federal Contract Tower,12,16,7,7,42,0,4,29,14,47,12,20,36,21,89,12,18,30,119
01/30/2018,SWF,NY,AEA,EN,Federal Contract Tower,15,15,15,8,53,0,4,7,6,17,15,19,22,14,70,0,34,34,104
01/31/2018,SWF,NY,AEA,EN,Federal Contract Tower,14,16,13,13,56,0,4,47,22,73,14,20,60,35,129,26,32,58,187
02/01/2018,SWF,NY,AEA,EN,Federal Contract Tower,19,15,17,10,61,0,3,48,10,61,19,18,65,20,122,20,14,34,156
02/02/2018,SWF,NY,AEA,EN,Federal Contract Tower,14,20,9,3,46,0,1,9,0,10,14,21,18,3,56,0,0,0,56
02/03/2018,SWF,NY,AEA,EN,Federal Contract Tower,8,11,11,0,30,0,3,33,1,37,8,14,44,1,67,34,0,34,101
02/04/2018,SWF,NY,AEA,EN,Federal Contract Tower,14,15,10,1,40,0,2,21,0,23,14,17,31,1,63,10,0,10,73
02/05/2018,SWF,NY,AEA,EN,Federal Contract Tower,10,29,10,1,50,0,2,46,4,52,10,31,56,5,102,24,6,30,132
02/06/2018,SWF,NY,AEA,EN,Federal Contract Tower,17,14,11,3,45,0,4,27,8,39,17,18,38,11,84,26,28,54,138
02/07/2018,SWF,NY,AEA,EN,Federal Contract Tower,11,11,2,0,24,0,0,0,0,0,11,11,2,0,24,0,0,0,24
02/08/2018,SWF,NY,AEA,EN,Federal Contract Tower,22,23,16,4,65,0,7,55,8,70,22,30,71,12,135,16,12,28,163
02/09/2018,SWF,NY,AEA,EN,Federal Contract Tower,14,17,12,10,53,0,1,15,6,22,14,18,27,16,75,0,12,12,87
02/10/2018,SWF,NY,AEA,EN,Federal Contract Tower,7,20,6,2,35,0,0,0,0,0,7,20,6,2,35,0,0,0,35
02/11/2018,SWF,NY,AEA,EN,Federal Contract Tower,15,12,12,0,39,0,0,0,0,0,15,12,12,0,39,0,0,0,39
02/12/2018,SWF,NY,AEA,EN,Federal Contract Tower,13,17,27,2,59,0,4,21,0,25,13,21,48,2,84,10,0,10,94
02/13/2018,SWF,NY,AEA,EN,Federal Contract Tower,15,17,16,6,54,0,11,53,9,73,15,28,69,15,127,40,18,58,185
02/14/2018,SWF,NY,AEA,EN,Federal Contract Tower,16,15,14,6,51,0,9,58,0,67,16,24,72,6,118,12,0,12,130
02/15/2018,SWF,NY,AEA,EN,Federal Contract Tower,18,11,25,1,55,0,2,31,0,33,18,13,56,1,88,0,0,0,88
02/16/2018,SWF,NY,AEA,EN,Federal Contract Tower,13,17,17,4,51,0,1,22,2,25,13,18,39,6,76,0,4,4,80
02/17/2018,SWF,NY,AEA,EN,Federal Contract Tower,11,8,12,1,32,0,1,36,0,37,11,9,48,1,69,16,0,16,85
02/18/2018,SWF,NY,AEA,EN,Federal Contract Tower,12,11,6,0,29,0,2,31,0,33,12,13,37,0,62,50,0,50,112
02/19/2018,SWF,NY,AEA,EN,Federal Contract Tower,12,29,21,0,62,0,5,11,0,16,12,34,32,0,78,0,0,0,78
02/20/2018,SWF,NY,AEA,EN,Federal Contract Tower,17,35,22,5,79,0,1,16,3,20,17,36,38,8,99,4,0,4,103
02/21/2018,SWF,NY,AEA,EN,Federal Contract Tower,13,19,16,7,55,0,5,44,5,54,13,24,60,12,109,0,0,0,109
02/22/2018,SWF,NY,AEA,EN,Federal Contract Tower,19,15,5,4,43,0,0,0,0,0,19,15,5,4,43,0,0,0,43
02/23/2018,SWF,NY,AEA,EN,Federal Contract Tower,15,16,8,1,40,0,0,0,0,0,15,16,8,1,40,0,0,0,40
02/24/2018,SWF,NY,AEA,EN,Federal Contract Tower,10,14,3,0,27,0,3,6,0,9,10,17,9,0,36,36,0,36,72
02/25/2018,SWF,NY,AEA,EN,Federal Contract Tower,12,15,12,1,40,0,0,0,0,0,12,15,12,1,40,0,0,0,40
02/26/2018,SWF,NY,AEA,EN,Federal Contract Tower,10,15,13,2,40,0,4,48,7,59,10,19,61,9,99,38,0,38,137
02/27/2018,SWF,NY,AEA,EN,Federal Contract Tower,16,21,12,4,53,0,4,64,14,82,16,25,76,18,135,44,12,56,191
02/28/2018,SWF,NY,AEA,EN,Federal Contract Tower,16,12,14,3,45,0,10,82,16,108,16,22,96,19,153,48,4,52,205
03/01/2018,SWF,NY,AEA,EN,Federal Contract Tower,12,10,17,4,43,0,3,42,2,47,12,13,59,6,90,14,0,14,104
03/02/2018,SWF,NY,AEA,EN,Federal Contract Tower,6,3,5,0,14,0,0,0,0,0,6,3,5,0,14,0,0,0,14
03/03/2018,SWF,NY,AEA,EN,Federal Contract Tower,11,9,8,2,30,0,1,12,2,15,11,10,20,4,45,0,14,14,59
03/04/2018,SWF,NY,AEA,EN,Federal Contract Tower,12,18,5,1,36,0,2,15,6,23,12,20,20,7,59,16,0,16,75
03/05/2018,SWF,NY,AEA,EN,Federal Contract Tower,12,13,11,1,37,0,0,26,3,29,12,13,37,4,66,10,0,10,76
03/06/2018,SWF,NY,AEA,EN,Federal Contract Tower,15,17,14,6,52,0,6,67,5,78,15,23,81,11,130,8,0,8,138
03/07/2018,SWF,NY,AEA,EN,Federal Contract Tower,8,0,3,1,12,0,0,0,0,0,8,0,3,1,12,0,0,0,12
03/08/2018,SWF,NY,AEA,EN,Federal Contract Tower,19,13,13,1,46,0,3,0,2,5,19,16,13,3,51,0,0,0,51
03/09/2018,SWF,NY,AEA,EN,Federal Contract Tower,15,45,15,6,81,0,0,26,2,28,15,45,41,8,109,0,0,0,109
03/10/2018,SWF,NY,AEA,EN,Federal Contract Tower,11,10,8,2,31,0,0,22,3,25,11,10,30,5,56,0,0,0,56
03/11/2018,SWF,NY,AEA,EN,Federal Contract Tower,11,11,15,5,42,0,1,38,0,39,11,12,53,5,81,18,4,22,103
03/12/2018,SWF,NY,AEA,EN,Federal Contract Tower,15,11,18,1,45,0,5,25,6,36,15,16,43,7,81,0,18,18,99
03/13/2018,SWF,NY,AEA,EN,Federal Contract Tower,17,13,6,5,41,0,0,6,5,11,17,13,12,10,52,0,18,18,70
03/14/2018,SWF,NY,AEA,EN,Federal Contract Tower,15,18,6,6,45,0,7,6,1,14,15,25,12,7,59,4,8,12,71
03/15/2018,SWF,NY,AEA,EN,Federal Contract Tower,19,14,16,6,55,0,7,23,4,34,19,21,39,10,89,10,44,54,143
03/16/2018,SWF,NY,AEA,EN,Federal Contract Tower,17,14,15,2,48,0,0,11,0,11,17,14,26,2,59,0,0,0,59
03/17/2018,SWF,NY,AEA,EN,Federal Contract Tower,11,16,6,1,34,0,2,28,0,30,11,18,34,1,64,28,0,28,92
03/18/2018,SWF,NY,AEA,EN,Federal Contract Tower,12,11,17,0,40,0,2,35,0,37,12,13,52,0,77,38,0,38,115
03/19/2018,SWF,NY,AEA,EN,Federal Contract Tower,11,20,21,2,54,0,12,67,22,101,11,32,88,24,155,22,30,52,207
03/21/2018,SWF,NY,AEA,EN,Federal Contract Tower,12,13,7,4,36,0,3,1,0,4,12,16,8,4,40,0,0,0,40
03/22/2018,SWF,NY,AEA,EN,Federal Contract Tower,19,16,13,4,52,0,2,20,6,28,19,18,33,10,80,6,20,26,106
03/23/2018,SWF,NY,AEA,EN,Federal Contract Tower,15,21,16,2,54,0,6,46,5,57,15,27,62,7,111,18,0,18,129
03/25/2018,SWF,NY,AEA,EN,Federal Contract Tower,13,13,12,1,39,0,3,11,0,14,13,16,23,1,53,40,0,40,93
03/26/2018,SWF,NY,AEA,EN,Federal Contract Tower,17,12,9,4,42,0,1,61,18,80,17,13,70,22,122,28,0,28,150
03/27/2018,SWF,NY,AEA,EN,Federal Contract Tower,15,13,11,9,48,0,10,52,16,78,15,23,63,25,126,4,44,48,174
03/28/2018,SWF,NY,AEA,EN,Federal Contract Tower,18,11,16,3,48,0,2,9,2,13,18,13,25,5,61,0,4,4,65
03/29/2018,SWF,NY,AEA,EN,Federal Contract Tower,16,12,13,9,50,0,1,2,1,4,16,13,15,10,54,0,0,0,54
03/30/2018,SWF,NY,AEA,EN,Federal Contract Tower,15,12,13,3,43,0,0,4,0,4,15,12,17,3,47,4,0,4,51
03/31/2018,SWF,NY,AEA,EN,Federal Contract Tower,11,14,9,0,34,0,4,41,2,47,11,18,50,2,81,91,0,91,172
04/01/2018,SWF,NY,AEA,EN,Federal Contract Tower,10,16,10,0,36,0,0,6,0,6,10,16,16,0,42,10,0,10,52
04/02/2018,SWF,NY,AEA,EN,Federal Contract Tower,13,16,19,0,48,0,3,31,5,39,13,19,50,5,87,8,0,8,95
04/03/2018,SWF,NY,AEA,EN,Federal Contract Tower,18,12,12,2,44,0,1,4,0,5,18,13,16,2,49,0,0,0,49
04/04/2018,SWF,NY,AEA,EN,Federal Contract Tower,18,57,22,6,103,0,0,2,0,2,18,57,24,6,105,0,0,0,105
04/05/2018,SWF,NY,AEA,EN,Federal Contract Tower,15,22,22,7,66,0,8,24,0,32,15,30,46,7,98,28,10,38,136
04/06/2018,SWF,NY,AEA,EN,Federal Contract Tower,17,14,12,16,59,0,2,6,0,8,17,16,18,16,67,0,0,0,67
04/07/2018,SWF,NY,AEA,EN,Federal Contract Tower,12,13,10,7,42,0,5,32,8,45,12,18,42,15,87,38,6,44,131
04/08/2018,SWF,NY,AEA,EN,Federal Contract Tower,12,17,17,3,49,0,4,33,4,41,12,21,50,7,90,68,0,68,158
04/09/2018,SWF,NY,AEA,EN,Federal Contract Tower,14,16,13,7,50,0,4,40,13,57,14,20,53,20,107,4,12,16,123
04/10/2018,SWF,NY,AEA,EN,Federal Contract Tower,16,15,15,6,52,0,18,9,2,29,16,33,24,8,81,0,24,24,105
04/11/2018,SWF,NY,AEA,EN,Federal Contract Tower,18,17,18,13,66,0,2,58,19,79,18,19,76,32,145,44,38,82,227
04/12/2018,SWF,NY,AEA,EN,Federal Contract Tower,16,17,23,11,67,0,12,37,12,61,16,29,60,23,128,62,6,68,196
04/13/2018,SWF,NY,AEA,EN,Federal Contract Tower,17,19,10,6,52,0,7,51,9,67,17,26,61,15,119,20,0,20,139
04/14/2018,SWF,NY,AEA,EN,Federal Contract Tower,15,16,11,2,44,0,4,43,8,55,15,20,54,10,99,74,0,74,173
04/15/2018,SWF,NY,AEA,EN,Federal Contract Tower,12,19,11,2,44,0,2,0,0,2,12,21,11,2,46,0,0,0,46
04/16/2018,SWF,NY,AEA,EN,Federal Contract Tower,16,21,8,0,45,0,0,0,0,0,16,21,8,0,45,0,0,0,45
04/17/2018,SWF,NY,AEA,EN,Federal Contract Tower,18,11,17,6,52,0,1,26,3,30,18,12,43,9,82,8,6,14,96
04/18/2018,SWF,NY,AEA,EN,Federal Contract Tower,19,11,26,8,64,0,8,54,16,78,19,19,80,24,142,32,6,38,180
04/19/2018,SWF,NY,AEA,EN,Federal Contract Tower,17,24,15,16,72,0,0,0,6,6,17,24,15,22,78,0,16,16,94
04/20/2018,SWF,NY,AEA,EN,Federal Contract Tower,15,17,20,7,59,0,7,50,11,68,15,24,70,18,127,52,4,56,183
04/21/2018,SWF,NY,AEA,EN,Federal Contract Tower,12,17,11,2,42,0,2,102,2,106,12,19,113,4,148,326,0,326,474
04/22/2018,SWF,NY,AEA,EN,Federal Contract Tower,12,18,17,0,47,0,4,118,2,124,12,22,135,2,171,34,0,34,205
04/23/2018,SWF,NY,AEA,EN,Federal Contract Tower,16,13,28,3,60,0,3,92,13,108,16,16,120,16,168,20,0,20,188
04/24/2018,SWF,NY,AEA,EN,Federal Contract Tower,16,19,16,5,56,0,10,55,13,78,16,29,71,18,134,16,12,28,162
04/25/2018,SWF,NY,AEA,EN,Federal Contract Tower,18,27,27,4,76,0,0,0,0,0,18,27,27,4,76,0,0,0,76
04/26/2018,SWF,NY,AEA,EN,Federal Contract Tower,18,19,18,13,68,0,12,31,14,57,18,31,49,27,125,4,52,56,181
04/27/2018,SWF,NY,AEA,EN,Federal Contract Tower,20,19,23,3,65,0,2,10,1,13,20,21,33,4,78,0,0,0,78
04/28/2018,SWF,NY,AEA,EN,Federal Contract Tower,17,18,8,1,44,0,1,33,11,45,17,19,41,12,89,34,0,34,123
04/29/2018,SWF,NY,AEA,EN,Federal Contract Tower,14,11,12,1,38,0,0,11,3,14,14,11,23,4,52,30,0,30,82
04/30/2018,SWF,NY,AEA,EN,Federal Contract Tower,16,21,25,2,64,0,0,11,2,13,16,21,36,4,77,0,34,34,111
05/01/2018,SWF,NY,AEA,EN,Federal Contract Tower,16,15,10,3,44,0,6,35,10,51,16,21,45,13,95,0,18,18,113
05/02/2018,SWF,NY,AEA,EN,Federal Contract Tower,17,15,11,8,51,0,10,51,4,65,17,25,62,12,116,20,36,56,172
05/03/2018,SWF,NY,AEA,EN,Federal Contract Tower,21,29,13,5,68,0,2,39,11,52,21,31,52,16,120,24,40,64,184
05/04/2018,SWF,NY,AEA,EN,Federal Contract Tower,19,15,20,6,60,0,1,23,5,29,19,16,43,11,89,20,12,32,121
05/05/2018,SWF,NY,AEA,EN,Federal Contract Tower,13,13,10,4,40,0,2,56,4,62,13,15,66,8,102,2,2,4,106
05/06/2018,SWF,NY,AEA,EN,Federal Contract Tower,1,14,6,2,23,0,4,9,1,14,1,18,15,3,37,6,0,6,43
05/07/2018,SWF,NY,AEA,EN,Federal Contract Tower,16,22,10,4,52,0,1,43,2,46,16,23,53,6,98,16,0,16,114
05/08/2018,SWF,NY,AEA,EN,Federal Contract Tower,18,16,12,5,51,0,9,48,5,62,18,25,60,10,113,4,6,10,123
05/09/2018,SWF,NY,AEA,EN,Federal Contract Tower,22,17,20,11,70,0,9,70,19,98,22,26,90,30,168,46,46,92,260
05/10/2018,SWF,NY,AEA,EN,Federal Contract Tower,23,21,18,6,68,0,5,29,2,36,23,26,47,8,104,12,0,12,116
05/11/2018,SWF,NY,AEA,EN,Federal Contract Tower,22,21,20,5,68,0,9,62,2,73,22,30,82,7,141,20,0,20,161
05/12/2018,SWF,NY,AEA,EN,Federal Contract Tower,12,16,12,0,40,0,0,0,0,0,12,16,12,0,40,0,0,0,40
05/13/2018,SWF,NY,AEA,EN,Federal Contract Tower,15,24,14,0,53,0,0,0,0,0,15,24,14,0,53,0,0,0,53
05/14/2018,SWF,NY,AEA,EN,Federal Contract Tower,16,21,21,4,62,0,2,25,4,31,16,23,46,8,93,22,4,26,119
05/15/2018,SWF,NY,AEA,EN,Federal Contract Tower,14,22,20,5,61,0,3,32,2,37,14,25,52,7,98,24,0,24,122
05/16/2018,SWF,NY,AEA,EN,Federal Contract Tower,20,25,21,4,70,0,2,13,1,16,20,27,34,5,86,0,0,0,86
05/17/2018,SWF,NY,AEA,EN,Federal Contract Tower,22,19,27,5,73,0,8,33,4,45,22,27,60,9,118,6,8,14,132
05/18/2018,SWF,NY,AEA,EN,Federal Contract Tower,20,23,16,2,61,0,8,46,2,56,20,31,62,4,117,34,0,34,151
05/19/2018,SWF,NY,AEA,EN,Federal Contract Tower,14,13,13,2,42,0,0,0,0,0,14,13,13,2,42,0,0,0,42
05/20/2018,SWF,NY,AEA,EN,Federal Contract Tower,22,26,23,0,71,0,0,43,0,43,22,26,66,0,114,0,0,0,114
05/21/2018,SWF,NY,AEA,EN,Federal Contract Tower,16,17,19,1,53,0,5,62,14,81,16,22,81,15,134,16,26,42,176
05/22/2018,SWF,NY,AEA,EN,Federal Contract Tower,16,14,23,5,58,0,0,2,1,3,16,14,25,6,61,0,4,4,65
05/23/2018,SWF,NY,AEA,EN,Federal Contract Tower,19,14,20,6,59,0,6,52,8,66,19,20,72,14,125,46,0,46,171
05/24/2018,SWF,NY,AEA,EN,Federal Contract Tower,23,21,28,8,80,0,4,57,14,75,23,25,85,22,155,16,38,54,209
05/25/2018,SWF,NY,AEA,EN,Federal Contract Tower,22,21,21,2,66,0,0,48,4,52,22,21,69,6,118,48,0,48,166
05/26/2018,SWF,NY,AEA,EN,Federal Contract Tower,11,19,16,3,49,0,0,42,14,56,11,19,58,17,105,0,0,0,105
05/27/2018,SWF,NY,AEA,EN,Federal Contract Tower,18,16,14,4,52,0,2,0,0,2,18,18,14,4,54,0,0,0,54
05/28/2018,SWF,NY,AEA,EN,Federal Contract Tower,14,17,16,0,47,0,0,18,5,23,14,17,34,5,70,0,20,20,90
05/29/2018,SWF,NY,AEA,EN,Federal Contract Tower,14,14,14,3,45,0,9,52,9,70,14,23,66,12,115,20,0,20,135
05/30/2018,SWF,NY,AEA,EN,Federal Contract Tower,19,17,17,6,59,0,3,37,5,45,19,20,54,11,104,20,12,32,136
05/31/2018,SWF,NY,AEA,EN,Federal Contract Tower,23,15,19,8,65,0,6,3,0,9,23,21,22,8,74,0,0,0,74
06/01/2018,SWF,NY,AEA,EN,Federal Contract Tower,20,21,19,12,72,0,3,18,6,27,20,24,37,18,99,0,0,0,99
06/02/2018,SWF,NY,AEA,EN,Federal Contract Tower,11,13,18,4,46,0,2,28,18,48,11,15,46,22,94,26,2,28,122
06/03/2018,SWF,NY,AEA,EN,Federal Contract Tower,17,19,23,4,63,0,0,38,38,76,17,19,61,42,139,6,6,12,151
06/04/2018,SWF,NY,AEA,EN,Federal Contract Tower,15,23,27,2,67,0,4,35,6,45,15,27,62,8,112,26,20,46,158
06/05/2018,SWF,NY,AEA,EN,Federal Contract Tower,18,19,12,6,55,0,6,46,15,67,18,25,58,21,122,6,28,34,156
06/06/2018,SWF,NY,AEA,EN,Federal Contract Tower,19,11,24,7,61,0,11,59,7,77,19,22,83,14,138,64,6,70,208
06/07/2018,SWF,NY,AEA,EN,Federal Contract Tower,23,20,28,8,79,0,7,61,31,99,23,27,89,39,178,16,16,32,210
06/08/2018,SWF,NY,AEA,EN,Federal Contract Tower,19,24,30,2,75,0,3,76,13,92,19,27,106,15,167,40,0,40,207
06/09/2018,SWF,NY,AEA,EN,Federal Contract Tower,11,14,21,0,46,0,2,56,8,66,11,16,77,8,112,30,0,30,142
06/10/2018,SWF,NY,AEA,EN,Federal Contract Tower,17,16,16,5,54,0,0,38,26,64,17,16,54,31,118,24,0,24,142
06/11/2018,SWF,NY,AEA,EN,Federal Contract Tower,19,10,38,9,76,0,4,57,1,62,19,14,95,10,138,16,0,16,154
06/12/2018,SWF,NY,AEA,EN,Federal Contract Tower,17,16,11,6,50,0,17,72,20,109,17,33,83,26,159,50,12,62,221
06/13/2018,SWF,NY,AEA,EN,Federal Contract Tower,18,16,20,21,75,0,1,18,20,39,18,17,38,41,114,2,32,34,148
06/14/2018,SWF,NY,AEA,EN,Federal Contract Tower,27,21,17,12,77,0,2,54,43,99,27,23,71,55,176,29,26,55,231
06/15/2018,SWF,NY,AEA,EN,Federal Contract Tower,12,28,23,4,67,0,0,58,6,64,12,28,81,10,131,20,10,30,161
06/16/2018,SWF,NY,AEA,EN,Federal Contract Tower,11,16,15,0,42,0,8,75,0,83,11,24,90,0,125,46,0,46,171
06/17/2018,SWF,NY,AEA,EN,Federal Contract Tower,21,13,18,3,55,0,5,48,7,60,21,18,66,10,115,16,0,16,131
06/18/2018,SWF,NY,AEA,EN,Federal Contract Tower,18,21,14,3,56,0,0,32,4,36,18,21,46,7,92,16,10,26,118
06/19/2018,SWF,NY,AEA,EN,Federal Contract Tower,14,21,14,3,52,0,6,45,0,51,14,27,59,3,103,8,4,12,115
06/20/2018,SWF,NY,AEA,EN,Federal Contract Tower,18,18,23,10,69,0,3,78,19,100,18,21,101,29,169,60,28,88,257
06/21/2018,SWF,NY,AEA,EN,Federal Contract Tower,22,18,34,4,78,0,16,81,23,120,22,34,115,27,198,14,8,22,220
06/22/2018,SWF,NY,AEA,EN,Federal Contract Tower,19,21,20,4,64,0,4,55,2,61,19,25,75,6,125,4,0,4,129
06/23/2018,SWF,NY,AEA,EN,Federal Contract Tower,11,16,15,3,45,0,1,6,1,8,11,17,21,4,53,4,2,6,59
06/24/2018,SWF,NY,AEA,EN,Federal Contract Tower,21,17,15,1,54,0,1,19,3,23,21,18,34,4,77,12,0,12,89
06/25/2018,SWF,NY,AEA,EN,Federal Contract Tower,16,20,14,0,50,0,0,46,0,46,16,20,60,0,96,26,0,26,122
06/26/2018,SWF,NY,AEA,EN,Federal Contract Tower,21,17,25,5,68,0,2,40,4,46,21,19,65,9,114,20,10,30,144
06/27/2018,SWF,NY,AEA,EN,Federal Contract Tower,20,22,20,12,74,0,4,28,6,38,20,26,48,18,112,0,32,32,144
06/28/2018,SWF,NY,AEA,EN,Federal Contract Tower,24,21,16,18,79,0,6,23,8,37,24,27,39,26,116,0,40,40,156
06/29/2018,SWF,NY,AEA,EN,Federal Contract Tower,18,18,25,6,67,0,6,50,17,73,18,24,75,23,140,2,12,14,154
06/30/2018,SWF,NY,AEA,EN,Federal Contract Tower,13,13,19,2,47,0,4,51,3,58,13,17,70,5,105,56,0,56,161
07/01/2018,SWF,NY,AEA,EN,Federal Contract Tower,17,19,16,0,52,0,0,66,0,66,17,19,82,0,118,26,0,26,144
07/02/2018,SWF,NY,AEA,EN,Federal Contract Tower,16,12,16,6,50,0,2,41,7,50,16,14,57,13,100,16,0,16,116
07/03/2018,SWF,NY,AEA,EN,Federal Contract Tower,36,20,24,5,85,0,2,18,1,21,36,22,42,6,106,0,10,10,116
07/04/2018,SWF,NY,AEA,EN,Federal Contract Tower,12,13,9,0,34,0,1,16,0,17,12,14,25,0,51,8,0,8,59
07/05/2018,SWF,NY,AEA,EN,Federal Contract Tower,22,13,11,7,53,0,2,30,4,36,22,15,41,11,89,2,10,12,101
07/06/2018,SWF,NY,AEA,EN,Federal Contract Tower,17,19,10,8,54,2,2,20,8,32,19,21,30,16,86,0,38,38,124
07/07/2018,SWF,NY,AEA,EN,Federal Contract Tower,13,16,12,3,44,0,2,34,4,40,13,18,46,7,84,0,0,0,84
07/08/2018,SWF,NY,AEA,EN,Federal Contract Tower,18,29,19,0,66,0,3,36,9,48,18,32,55,9,114,12,0,12,126
07/09/2018,SWF,NY,AEA,EN,Federal Contract Tower,17,12,18,2,49,0,1,44,7,52,17,13,62,9,101,4,16,20,121
07/10/2018,SWF,NY,AEA,EN,Federal Contract Tower,16,16,15,4,51,0,5,50,11,66,16,21,65,15,117,42,0,42,159
07/12/2018,SWF,NY,AEA,EN,Federal Contract Tower,22,14,22,10,68,0,3,62,22,87,22,17,84,32,155,34,24,58,213
07/13/2018,SWF,NY,AEA,EN,Federal Contract Tower,20,19,20,11,70,0,2,44,6,52,20,21,64,17,122,14,0,14,136
07/14/2018,SWF,NY,AEA,EN,Federal Contract Tower,12,15,17,1,45,0,1,47,2,50,12,16,64,3,95,18,0,18,113
07/15/2018,SWF,NY,AEA,EN,Federal Contract Tower,20,23,27,1,71,0,1,22,0,23,20,24,49,1,94,20,0,20,114
07/16/2018,SWF,NY,AEA,EN,Federal Contract Tower,18,13,19,1,51,0,2,49,10,61,18,15,68,11,112,58,6,64,176
07/17/2018,SWF,NY,AEA,EN,Federal Contract Tower,23,19,12,0,54,0,0,14,4,18,23,19,26,4,72,6,0,6,78
07/18/2018,SWF,NY,AEA,EN,Federal Contract Tower,19,19,21,14,73,0,2,82,28,112,19,21,103,42,185,12,30,42,227
07/19/2018,SWF,NY,AEA,EN,Federal Contract Tower,20,14,26,8,68,0,1,89,30,120,20,15,115,38,188,16,62,78,266
07/20/2018,SWF,NY,AEA,EN,Federal Contract Tower,17,21,22,4,64,0,2,58,10,70,17,23,80,14,134,4,6,10,144
07/21/2018,SWF,NY,AEA,EN,Federal Contract Tower,12,45,24,3,84,0,0,37,0,37,12,45,61,3,121,22,0,22,143
07/22/2018,SWF,NY,AEA,EN,Federal Contract Tower,19,21,20,0,60,0,0,18,0,18,19,21,38,0,78,0,0,0,78
07/23/2018,SWF,NY,AEA,EN,Federal Contract Tower,16,8,21,2,47,0,0,0,0,0,16,8,21,2,47,0,0,0,47
07/24/2018,SWF,NY,AEA,EN,Federal Contract Tower,17,12,22,3,54,0,5,16,6,27,17,17,38,9,81,10,0,10,91
07/25/2018,SWF,NY,AEA,EN,Federal Contract Tower,17,10,27,8,62,0,2,10,1,13,17,12,37,9,75,0,0,0,75
07/26/2018,SWF,NY,AEA,EN,Federal Contract Tower,22,16,24,6,68,0,6,32,9,47,22,22,56,15,115,8,50,58,173
07/27/2018,SWF,NY,AEA,EN,Federal Contract Tower,22,26,21,2,71,0,3,35,0,38,22,29,56,2,109,0,0,0,109
07/28/2018,SWF,NY,AEA,EN,Federal Contract Tower,14,27,13,0,54,0,4,34,0,38,14,31,47,0,92,0,0,0,92
07/29/2018,SWF,NY,AEA,EN,Federal Contract Tower,19,15,19,1,54,0,1,38,0,39,19,16,57,1,93,44,0,44,137
07/30/2018,SWF,NY,AEA,EN,Federal Contract Tower,15,20,18,3,56,0,1,37,5,43,15,21,55,8,99,24,0,24,123
07/31/2018,SWF,NY,AEA,EN,Federal Contract Tower,20,17,29,6,72,0,4,78,23,105,20,21,107,29,177,0,32,32,209
08/01/2018,SWF,NY,AEA,EN,Federal Contract Tower,23,14,19,8,64,0,0,0,6,6,23,14,19,14,70,0,12,12,82
08/02/2018,SWF,NY,AEA,EN,Federal Contract Tower,22,22,17,9,70,0,0,40,6,46,22,22,57,15,116,18,4,22,138
08/03/2018,SWF,NY,AEA,EN,Federal Contract Tower,27,26,36,18,107,0,0,13,4,17,27,26,49,22,124,24,12,36,160
08/04/2018,SWF,NY,AEA,EN,Federal Contract Tower,15,17,12,5,49,0,2,29,1,32,15,19,41,6,81,38,0,38,119
08/05/2018,SWF,NY,AEA,EN,Federal Contract Tower,18,14,23,4,59,0,2,50,4,56,18,16,73,8,115,36,20,56,171
08/06/2018,SWF,NY,AEA,EN,Federal Contract Tower,18,20,24,4,66,0,8,91,2,101,18,28,115,6,167,26,8,34,201
08/07/2018,SWF,NY,AEA,EN,Federal Contract Tower,26,27,17,3,73,0,1,45,5,51,26,28,62,8,124,4,24,28,152
08/08/2018,SWF,NY,AEA,EN,Federal Contract Tower,21,25,24,6,76,0,2,79,21,102,21,27,103,27,178,16,30,46,224
08/09/2018,SWF,NY,AEA,EN,Federal Contract Tower,22,13,25,6,66,0,7,51,7,65,22,20,76,13,131,18,8,26,157
08/10/2018,SWF,NY,AEA,EN,Federal Contract Tower,20,22,18,8,68,0,5,48,6,59,20,27,66,14,127,46,0,46,173
08/11/2018,SWF,NY,AEA,EN,Federal Contract Tower,16,16,11,1,44,0,0,0,0,0,16,16,11,1,44,0,0,0,44
08/12/2018,SWF,NY,AEA,EN,Federal Contract Tower,22,23,25,0,70,0,2,46,0,48,22,25,71,0,118,0,0,0,118
08/13/2018,SWF,NY,AEA,EN,Federal Contract Tower,13,21,22,4,60,0,2,6,0,8,13,23,28,4,68,0,0,0,68
08/14/2018,SWF,NY,AEA,EN,Federal Contract Tower,16,17,32,1,66,0,2,20,2,24,16,19,52,3,90,6,0,6,96
08/15/2018,SWF,NY,AEA,EN,Federal Contract Tower,18,19,20,3,60,0,9,75,9,93,18,28,95,12,153,18,30,48,201
08/16/2018,SWF,NY,AEA,EN,Federal Contract Tower,20,25,41,3,89,0,2,78,6,86,20,27,119,9,175,26,20,46,221
08/17/2018,SWF,NY,AEA,EN,Federal Contract Tower,16,15,16,6,53,0,2,26,5,33,16,17,42,11,86,18,8,26,112
08/18/2018,SWF,NY,AEA,EN,Federal Contract Tower,22,19,17,0,58,0,0,0,0,0,22,19,17,0,58,0,0,0,58
08/19/2018,SWF,NY,AEA,EN,Federal Contract Tower,18,15,14,0,47,0,2,64,0,66,18,17,78,0,113,2,0,2,115
08/20/2018,SWF,NY,AEA,EN,Federal Contract Tower,25,22,21,3,71,0,3,80,22,105,25,25,101,25,176,4,0,4,180
08/21/2018,SWF,NY,AEA,EN,Federal Contract Tower,20,16,25,2,63,0,7,79,2,88,20,23,104,4,151,30,0,30,181
08/22/2018,SWF,NY,AEA,EN,Federal Contract Tower,18,18,11,16,63,0,0,21,13,34,18,18,32,29,97,6,32,38,135
08/23/2018,SWF,NY,AEA,EN,Federal Contract Tower,22,18,15,8,63,0,0,48,12,60,22,18,63,20,123,18,18,36,159
08/24/2018,SWF,NY,AEA,EN,Federal Contract Tower,17,20,12,1,50,8,0,47,4,59,25,20,59,5,109,50,0,50,159
08/25/2018,SWF,NY,AEA,EN,Federal Contract Tower,19,18,12,0,49,0,2,59,1,62,19,20,71,1,111,52,0,52,163
08/26/2018,SWF,NY,AEA,EN,Federal Contract Tower,20,17,11,0,48,0,2,52,0,54,20,19,63,0,102,50,0,50,152
08/27/2018,SWF,NY,AEA,EN,Federal Contract Tower,16,29,21,8,74,0,5,67,8,80,16,34,88,16,154,42,14,56,210
08/28/2018,SWF,NY,AEA,EN,Federal Contract Tower,19,22,30,0,71,0,3,70,9,82,19,25,100,9,153,36,2,38,191
08/29/2018,SWF,NY,AEA,EN,Federal Contract Tower,24,26,15,18,83,0,2,53,19,74,24,28,68,37,157,12,0,12,169
08/30/2018,SWF,NY,AEA,EN,Federal Contract Tower,27,17,21,7,72,0,0,51,7,58,27,17,72,14,130,44,16,60,190
08/31/2018,SWF,NY,AEA,EN,Federal Contract Tower,19,25,26,4,74,0,2,10,0,12,19,27,36,4,86,0,0,0,86
09/01/2018,SWF,NY,AEA,EN,Federal Contract Tower,18,13,24,0,55,0,8,32,0,40,18,21,56,0,95,14,0,14,109
09/02/2018,SWF,NY,AEA,EN,Federal Contract Tower,21,17,13,0,51,0,0,18,0,18,21,17,31,0,69,0,0,0,69
09/03/2018,SWF,NY,AEA,EN,Federal Contract Tower,14,24,13,0,51,0,0,26,0,26,14,24,39,0,77,0,0,0,77
09/04/2018,SWF,NY,AEA,EN,Federal Contract Tower,14,16,35,2,67,0,0,58,20,78,14,16,93,22,145,26,0,26,171
09/05/2018,SWF,NY,AEA,EN,Federal Contract Tower,21,20,17,14,72,0,2,33,5,40,21,22,50,19,112,14,12,26,138
09/06/2018,SWF,NY,AEA,EN,Federal Contract Tower,26,15,23,8,72,0,8,29,13,50,26,23,52,21,122,12,0,12,134
09/07/2018,SWF,NY,AEA,EN,Federal Contract Tower,20,15,40,9,84,0,0,2,0,2,20,15,42,9,86,0,0,0,86
09/08/2018,SWF,NY,AEA,EN,Federal Contract Tower,14,15,19,8,56,0,2,28,7,37,14,17,47,15,93,14,0,14,107
09/09/2018,SWF,NY,AEA,EN,Federal Contract Tower,16,13,18,0,47,0,4,40,4,48,16,17,58,4,95,62,0,62,157
09/10/2018,SWF,NY,AEA,EN,Federal Contract Tower,18,17,21,4,60,0,0,0,0,0,18,17,21,4,60,0,0,0,60
09/11/2018,SWF,NY,AEA,EN,Federal Contract Tower,20,15,13,4,52,0,2,3,0,5,20,17,16,4,57,4,20,24,81
09/12/2018,SWF,NY,AEA,EN,Federal Contract Tower,23,24,22,3,72,0,0,0,0,0,23,24,22,3,72,0,0,0,72
09/13/2018,SWF,NY,AEA,EN,Federal Contract Tower,22,21,24,21,88,0,1,13,18,32,22,22,37,39,120,4,24,28,148
09/14/2018,SWF,NY,AEA,EN,Federal Contract Tower,20,11,25,18,74,2,24,19,0,45,22,35,44,18,119,4,38,42,161
09/15/2018,SWF,NY,AEA,EN,Federal Contract Tower,11,13,16,3,43,0,0,0,0,0,11,13,16,3,43,0,0,0,43
09/16/2018,SWF,NY,AEA,EN,Federal Contract Tower,14,15,9,2,40,0,4,41,10,55,14,19,50,12,95,0,0,0,95
09/17/2018,SWF,NY,AEA,EN,Federal Contract Tower,18,20,25,15,78,0,2,35,9,46,18,22,60,24,124,20,16,36,160
09/18/2018,SWF,NY,AEA,EN,Federal Contract Tower,19,17,15,2,53,0,1,2,0,3,19,18,17,2,56,0,0,0,56
09/19/2018,SWF,NY,AEA,EN,Federal Contract Tower,21,29,36,16,102,0,4,37,27,68,21,33,73,43,170,10,24,34,204
09/20/2018,SWF,NY,AEA,EN,Federal Contract Tower,25,16,31,9,81,0,2,17,0,19,25,18,48,9,100,8,0,8,108
09/21/2018,SWF,NY,AEA,EN,Federal Contract Tower,31,28,18,7,84,0,2,22,4,28,31,30,40,11,112,0,0,0,112
09/22/2018,SWF,NY,AEA,EN,Federal Contract Tower,19,10,21,0,50,0,0,64,2,66,19,10,85,2,116,48,0,48,164
09/23/2018,SWF,NY,AEA,EN,Federal Contract Tower,30,24,23,1,78,0,0,67,2,69,30,24,90,3,147,90,0,90,237
09/24/2018,SWF,NY,AEA,EN,Federal Contract Tower,23,24,18,3,68,0,0,27,4,31,23,24,45,7,99,0,0,0,99
09/25/2018,SWF,NY,AEA,EN,Federal Contract Tower,26,17,20,2,65,0,0,0,0,0,26,17,20,2,65,0,0,0,65
09/26/2018,SWF,NY,AEA,EN,Federal Contract Tower,32,20,13,4,69,0,0,41,0,41,32,20,54,4,110,20,4,24,134
09/27/2018,SWF,NY,AEA,EN,Federal Contract Tower,32,25,22,12,91,0,2,23,14,39,32,27,45,26,130,4,20,24,154
09/28/2018,SWF,NY,AEA,EN,Federal Contract Tower,34,25,25,2,86,0,5,8,3,16,34,30,33,5,102,0,0,0,102
09/29/2018,SWF,NY,AEA,EN,Federal Contract Tower,15,18,20,1,54,0,10,45,2,57,15,28,65,3,111,16,0,16,127
09/30/2018,SWF,NY,AEA,EN,Federal Contract Tower,18,18,17,1,54,0,3,72,0,75,18,21,89,1,129,54,0,54,183
10/01/2018,SWF,NY,AEA,EN,Federal Contract Tower,18,15,18,2,53,0,0,28,3,31,18,15,46,5,84,14,0,14,98
10/02/2018,SWF,NY,AEA,EN,Federal Contract Tower,25,12,21,1,59,0,0,0,0,0,25,12,21,1,59,0,0,0,59
10/03/2018,SWF,NY,AEA,EN,Federal Contract Tower,22,29,27,24,102,0,4,77,35,116,22,33,104,59,218,24,40,64,282
10/04/2018,SWF,NY,AEA,EN,Federal Contract Tower,23,24,23,8,78,0,2,7,2,11,23,26,30,10,89,0,12,12,101
10/05/2018,SWF,NY,AEA,EN,Federal Contract Tower,22,25,37,12,96,0,4,89,17,110,22,29,126,29,206,4,60,64,270
10/06/2018,SWF,NY,AEA,EN,Federal Contract Tower,16,8,12,2,38,0,0,0,0,0,16,8,12,2,38,0,0,0,38
10/07/2018,SWF,NY,AEA,EN,Federal Contract Tower,20,20,19,0,59,0,3,25,0,28,20,23,44,0,87,0,0,0,87
10/08/2018,SWF,NY,AEA,EN,Federal Contract Tower,16,28,30,0,74,0,0,0,0,0,16,28,30,0,74,0,0,0,74
10/09/2018,SWF,NY,AEA,EN,Federal Contract Tower,21,16,25,0,62,0,6,23,1,30,21,22,48,1,92,10,0,10,102
10/10/2018,SWF,NY,AEA,EN,Federal Contract Tower,24,23,20,8,75,0,2,30,12,44,24,25,50,20,119,0,44,44,163
10/11/2018,SWF,NY,AEA,EN,Federal Contract Tower,25,20,15,8,68,0,0,0,0,0,25,20,15,8,68,0,0,0,68
10/12/2018,SWF,NY,AEA,EN,Federal Contract Tower,22,19,19,4,64,0,2,37,2,41,22,21,56,6,105,8,0,8,113
10/13/2018,SWF,NY,AEA,EN,Federal Contract Tower,14,17,25,2,58,0,3,45,5,53,14,20,70,7,111,8,0,8,119
10/14/2018,SWF,NY,AEA,EN,Federal Contract Tower,20,20,22,1,63,0,5,48,2,55,20,25,70,3,118,0,0,0,118
10/15/2018,SWF,NY,AEA,EN,Federal Contract Tower,16,25,14,3,58,0,0,0,0,0,16,25,14,3,58,0,0,0,58
10/16/2018,SWF,NY,AEA,EN,Federal Contract Tower,23,24,16,14,77,0,0,54,12,66,23,24,70,26,143,4,22,26,169
10/17/2018,SWF,NY,AEA,EN,Federal Contract Tower,18,20,21,11,70,0,0,19,12,31,18,20,40,23,101,0,38,38,139
10/18/2018,SWF,NY,AEA,EN,Federal Contract Tower,22,17,21,7,67,0,3,42,25,70,22,20,63,32,137,16,40,56,193
10/19/2018,SWF,NY,AEA,EN,Federal Contract Tower,21,13,16,3,53,0,2,61,18,81,21,15,77,21,134,10,4,14,148
10/20/2018,SWF,NY,AEA,EN,Federal Contract Tower,13,20,25,0,58,0,1,67,9,77,13,21,92,9,135,30,0,30,165
10/21/2018,SWF,NY,AEA,EN,Federal Contract Tower,18,20,11,0,49,0,3,8,1,12,18,23,19,1,61,0,0,0,61
10/22/2018,SWF,NY,AEA,EN,Federal Contract Tower,16,14,19,1,50,0,0,27,5,32,16,14,46,6,82,30,8,38,120
10/23/2018,SWF,NY,AEA,EN,Federal Contract Tower,18,14,21,4,57,0,1,40,9,50,18,15,61,13,107,0,28,28,135
10/24/2018,SWF,NY,AEA,EN,Federal Contract Tower,21,22,11,7,61,0,0,23,7,30,21,22,34,14,91,0,32,32,123
10/25/2018,SWF,NY,AEA,EN,Federal Contract Tower,27,14,18,9,68,0,0,37,16,53,27,14,55,25,121,0,14,14,135
10/26/2018,SWF,NY,AEA,EN,Federal Contract Tower,21,15,21,2,59,0,2,75,8,85,21,17,96,10,144,8,0,8,152
10/27/2018,SWF,NY,AEA,EN,Federal Contract Tower,15,10,5,0,30,0,0,0,0,0,15,10,5,0,30,0,0,0,30
10/28/2018,SWF,NY,AEA,EN,Federal Contract Tower,18,16,16,0,50,0,0,9,0,9,18,16,25,0,59,8,0,8,67
10/29/2018,SWF,NY,AEA,EN,Federal Contract Tower,21,9,22,1,53,0,0,11,3,14,21,9,33,4,67,2,0,2,69
10/30/2018,SWF,NY,AEA,EN,Federal Contract Tower,23,24,14,2,63,0,2,47,9,58,23,26,61,11,121,32,0,32,153
10/31/2018,SWF,NY,AEA,EN,Federal Contract Tower,20,20,18,8,66,0,6,50,4,60,20,26,68,12,126,10,0,10,136
11/01/2018,SWF,NY,AEA,EN,Federal Contract Tower,23,15,20,2,60,0,2,25,10,37,23,17,45,12,97,0,28,28,125
11/02/2018,SWF,NY,AEA,EN,Federal Contract Tower,21,15,20,9,65,0,0,4,1,5,21,15,24,10,70,0,0,0,70
11/03/2018,SWF,NY,AEA,EN,Federal Contract Tower,17,21,9,3,50,0,0,4,4,8,17,21,13,7,58,0,0,0,58
11/04/2018,SWF,NY,AEA,EN,Federal Contract Tower,16,20,17,3,56,0,0,90,7,97,16,20,107,10,153,18,0,18,171
11/05/2018,SWF,NY,AEA,EN,Federal Contract Tower,16,16,17,4,53,0,0,0,0,0,16,16,17,4,53,0,0,0,53
11/06/2018,SWF,NY,AEA,EN,Federal Contract Tower,23,14,12,4,53,0,0,0,4,4,23,14,12,8,57,12,0,12,69
11/07/2018,SWF,NY,AEA,EN,Federal Contract Tower,19,20,5,12,56,0,0,36,2,38,19,20,41,14,94,0,8,8,102
11/08/2018,SWF,NY,AEA,EN,Federal Contract Tower,24,26,19,8,77,0,8,55,25,88,24,34,74,33,165,16,42,58,223
11/09/2018,SWF,NY,AEA,EN,Federal Contract Tower,23,13,20,3,59,0,0,0,0,0,23,13,20,3,59,0,0,0,59
11/10/2018,SWF,NY,AEA,EN,Federal Contract Tower,17,14,6,2,39,0,2,5,8,15,17,16,11,10,54,0,0,0,54
11/11/2018,SWF,NY,AEA,EN,Federal Contract Tower,20,14,16,0,50,0,1,37,0,38,20,15,53,0,88,2,0,2,90
11/12/2018,SWF,NY,AEA,EN,Federal Contract Tower,21,20,30,0,71,0,4,70,2,76,21,24,100,2,147,16,12,28,175
11/13/2018,SWF,NY,AEA,EN,Federal Contract Tower,22,17,8,1,48,0,0,0,0,0,22,17,8,1,48,0,0,0,48
11/14/2018,SWF,NY,AEA,EN,Federal Contract Tower,23,20,27,3,73,0,7,39,16,62,23,27,66,19,135,32,20,52,187
11/15/2018,SWF,NY,AEA,EN,Federal Contract Tower,19,16,10,6,51,0,3,14,4,21,19,19,24,10,72,0,14,14,86
11/16/2018,SWF,NY,AEA,EN,Federal Contract Tower,26,18,14,1,59,0,0,3,0,3,26,18,17,1,62,0,0,0,62
11/17/2018,SWF,NY,AEA,EN,Federal Contract Tower,16,13,12,1,42,0,0,41,8,49,16,13,53,9,91,22,0,22,113
11/18/2018,SWF,NY,AEA,EN,Federal Contract Tower,17,16,13,0,46,0,0,24,0,24,17,16,37,0,70,6,0,6,76
11/19/2018,SWF,NY,AEA,EN,Federal Contract Tower,16,18,20,0,54,0,0,5,0,5,16,18,25,0,59,0,0,0,59
11/20/2018,SWF,NY,AEA,EN,Federal Contract Tower,21,23,30,7,81,0,0,3,0,3,21,23,33,7,84,0,22,22,106
11/21/2018,SWF,NY,AEA,EN,Federal Contract Tower,26,18,17,3,64,0,2,18,2,22,26,20,35,5,86,0,4,4,90
11/22/2018,SWF,NY,AEA,EN,Federal Contract Tower,13,8,2,0,23,0,4,20,0,24,13,12,22,0,47,28,0,28,75
11/23/2018,SWF,NY,AEA,EN,Federal Contract Tower,19,8,11,1,39,0,2,40,2,44,19,10,51,3,83,4,0,4,87
11/24/2018,SWF,NY,AEA,EN,Federal Contract Tower,16,9,4,0,29,0,0,18,0,18,16,9,22,0,47,14,0,14,61
11/25/2018,SWF,NY,AEA,EN,Federal Contract Tower,14,35,37,0,86,0,2,10,0,12,14,37,47,0,98,0,0,0,98
11/26/2018,SWF,NY,AEA,EN,Federal Contract Tower,16,18,26,6,66,0,0,6,0,6,16,18,32,6,72,0,0,0,72
11/27/2018,SWF,NY,AEA,EN,Federal Contract Tower,20,13,23,9,65,0,3,16,7,26,20,16,39,16,91,18,0,18,109
11/28/2018,SWF,NY,AEA,EN,Federal Contract Tower,21,16,13,6,56,0,2,1,14,17,21,18,14,20,73,40,8,48,121
11/29/2018,SWF,NY,AEA,EN,Federal Contract Tower,22,15,24,6,67,0,7,40,6,53,22,22,64,12,120,42,30,72,192
11/30/2018,SWF,NY,AEA,EN,Federal Contract Tower,18,20,23,6,67,0,0,50,2,52,18,20,73,8,119,12,0,12,131
12/01/2018,SWF,NY,AEA,EN,Federal Contract Tower,18,12,9,4,43,0,0,23,3,26,18,12,32,7,69,0,10,10,79
12/02/2018,SWF,NY,AEA,EN,Federal Contract Tower,15,25,16,0,56,0,0,0,0,0,15,25,16,0,56,0,0,0,56
12/03/2018,SWF,NY,AEA,EN,Federal Contract Tower,15,12,16,1,44,0,0,16,0,16,15,12,32,1,60,2,2,4,64
12/04/2018,SWF,NY,AEA,EN,Federal Contract Tower,22,19,21,9,71,0,3,60,19,82,22,22,81,28,153,20,32,52,205
12/05/2018,SWF,NY,AEA,EN,Federal Contract Tower,20,15,14,11,60,0,0,73,15,88,20,15,87,26,148,6,12,18,166
12/06/2018,SWF,NY,AEA,EN,Federal Contract Tower,22,15,26,6,69,0,4,61,11,76,22,19,87,17,145,26,30,56,201
12/07/2018,SWF,NY,AEA,EN,Federal Contract Tower,17,18,9,1,45,0,6,36,2,44,17,24,45,3,89,12,0,12,101
12/08/2018,SWF,NY,AEA,EN,Federal Contract Tower,17,8,14,0,39,0,0,21,1,22,17,8,35,1,61,0,0,0,61
12/09/2018,SWF,NY,AEA,EN,Federal Contract Tower,15,15,8,3,41,0,2,25,7,34,15,17,33,10,75,6,0,6,81
12/10/2018,SWF,NY,AEA,EN,Federal Contract Tower,14,16,18,3,51,0,2,42,8,52,14,18,60,11,103,62,0,62,165
12/11/2018,SWF,NY,AEA,EN,Federal Contract Tower,21,12,30,6,69,0,2,84,8,94,21,14,114,14,163,30,24,54,217
12/12/2018,SWF,NY,AEA,EN,Federal Contract Tower,19,15,13,11,58,0,0,43,3,46,19,15,56,14,104,4,18,22,126
12/13/2018,SWF,NY,AEA,EN,Federal Contract Tower,22,18,14,3,57,0,0,1,0,1,22,18,15,3,58,0,0,0,58
12/14/2018,SWF,NY,AEA,EN,Federal Contract Tower,20,17,10,0,47,0,0,10,0,10,20,17,20,0,57,0,0,0,57
12/15/2018,SWF,NY,AEA,EN,Federal Contract Tower,19,8,4,0,31,0,2,14,0,16,19,10,18,0,47,0,0,0,47
12/16/2018,SWF,NY,AEA,EN,Federal Contract Tower,17,11,7,0,35,0,0,0,0,0,17,11,7,0,35,0,0,0,35
12/17/2018,SWF,NY,AEA,EN,Federal Contract Tower,18,15,6,3,42,0,0,7,1,8,18,15,13,4,50,0,0,0,50
12/19/2018,SWF,NY,AEA,EN,Federal Contract Tower,23,20,30,6,79,0,8,82,15,105,23,28,112,21,184,32,40,72,256
12/20/2018,SWF,NY,AEA,EN,Federal Contract Tower,21,18,18,3,60,0,1,47,8,56,21,19,65,11,116,0,14,14,130
12/21/2018,SWF,NY,AEA,EN,Federal Contract Tower,24,29,9,3,65,0,0,0,0,0,24,29,9,3,65,0,0,0,65
12/22/2018,SWF,NY,AEA,EN,Federal Contract Tower,16,16,11,0,43,0,0,2,0,2,16,16,13,0,45,0,0,0,45
12/23/2018,SWF,NY,AEA,EN,Federal Contract Tower,14,16,12,0,42,0,4,31,0,35,14,20,43,0,77,24,0,24,101
12/24/2018,SWF,NY,AEA,EN,Federal Contract Tower,15,11,2,0,28,0,0,0,0,0,15,11,2,0,28,0,0,0,28
12/25/2018,SWF,NY,AEA,EN,Federal Contract Tower,8,14,3,0,25,0,0,1,0,1,8,14,4,0,26,0,0,0,26
12/26/2018,SWF,NY,AEA,EN,Federal Contract Tower,20,27,10,1,58,0,0,30,0,30,20,27,40,1,88,22,0,22,110
12/27/2018,SWF,NY,AEA,EN,Federal Contract Tower,23,18,8,9,58,0,1,30,6,37,23,19,38,15,95,0,4,4,99
12/28/2018,SWF,NY,AEA,EN,Federal Contract Tower,21,16,11,0,48,0,0,0,0,0,21,16,11,0,48,0,0,0,48
12/29/2018,SWF,NY,AEA,EN,Federal Contract Tower,12,17,13,0,42,0,13,0,0,13,12,30,13,0,55,0,0,0,55
12/30/2018,SWF,NY,AEA,EN,Federal Contract Tower,12,10,6,0,28,0,0,20,0,20,12,10,26,0,48,8,0,8,56
12/31/2018,SWF,NY,AEA,EN,Federal Contract Tower,18,14,4,1,37,0,0,10,1,11,18,14,14,2,48,4,2,6,54
01/01/2019,SWF,NY,AEA,EN,Federal Contract Tower,12,7,2,1,22,0,3,1,0,4,12,10,3,1,26,0,0,0,26
01/02/2019,SWF,NY,AEA,EN,Federal Contract Tower,20,15,9,2,46,0,1,40,11,52,20,16,49,13,98,10,14,24,122
01/03/2019,SWF,NY,AEA,EN,Federal Contract Tower,22,14,7,2,45,0,0,4,0,4,22,14,11,2,49,0,12,12,61
01/04/2019,SWF,NY,AEA,EN,Federal Contract Tower,21,13,19,8,61,0,1,46,4,51,21,14,65,12,112,26,18,44,156
01/05/2019,SWF,NY,AEA,EN,Federal Contract Tower,13,9,5,2,29,0,0,0,0,0,13,9,5,2,29,0,0,0,29
01/06/2019,SWF,NY,AEA,EN,Federal Contract Tower,13,16,10,0,39,0,0,10,0,10,13,16,20,0,49,12,0,12,61
01/07/2019,SWF,NY,AEA,EN,Federal Contract Tower,21,10,17,1,49,0,3,22,0,25,21,13,39,1,74,0,0,0,74
01/08/2019,SWF,NY,AEA,EN,Federal Contract Tower,20,9,16,0,45,0,0,0,0,0,20,9,16,0,45,0,0,0,45
01/09/2019,SWF,NY,AEA,EN,Federal Contract Tower,18,7,20,3,48,0,1,3,0,4,18,8,23,3,52,0,0,0,52
01/10/2019,SWF,NY,AEA,EN,Federal Contract Tower,20,12,11,4,47,0,0,3,2,5,20,12,14,6,52,0,12,12,64
01/11/2019,SWF,NY,AEA,EN,Federal Contract Tower,19,11,9,2,41,0,1,7,2,10,19,12,16,4,51,0,0,0,51
01/12/2019,SWF,NY,AEA,EN,Federal Contract Tower,15,8,14,4,41,0,5,29,0,34,15,13,43,4,75,20,0,20,95
01/13/2019,SWF,NY,AEA,EN,Federal Contract Tower,15,9,16,0,40,0,0,28,0,28,15,9,44,0,68,14,0,14,82
01/14/2019,SWF,NY,AEA,EN,Federal Contract Tower,12,9,12,9,42,0,0,38,7,45,12,9,50,16,87,0,14,14,101
01/15/2019,SWF,NY,AEA,EN,Federal Contract Tower,14,18,10,6,48,0,6,49,9,64,14,24,59,15,112,28,10,38,150
01/16/2019,SWF,NY,AEA,EN,Federal Contract Tower,14,13,10,7,44,0,11,29,4,44,14,24,39,11,88,0,10,10,98
01/17/2019,SWF,NY,AEA,EN,Federal Contract Tower,14,12,22,6,54,0,8,45,0,53,14,20,67,6,107,28,20,48,155
01/18/2019,SWF,NY,AEA,EN,Federal Contract Tower,16,10,16,2,44,0,0,4,0,4,16,10,20,2,48,0,0,0,48
01/19/2019,SWF,NY,AEA,EN,Federal Contract Tower,7,7,13,0,27,0,0,39,0,39,7,7,52,0,66,0,0,0,66
01/20/2019,SWF,NY,AEA,EN,Federal Contract Tower,8,2,2,0,12,0,0,0,0,0,8,2,2,0,12,0,0,0,12
01/21/2019,SWF,NY,AEA,EN,Federal Contract Tower,11,25,29,1,66,0,0,27,0,27,11,25,56,1,93,0,0,0,93
01/22/2019,SWF,NY,AEA,EN,Federal Contract Tower,15,15,19,4,53,0,6,55,3,64,15,21,74,7,117,14,18,32,149
01/23/2019,SWF,NY,AEA,EN,Federal Contract Tower,19,11,14,6,50,0,2,21,1,24,19,13,35,7,74,6,0,6,80
01/24/2019,SWF,NY,AEA,EN,Federal Contract Tower,15,14,11,8,48,0,0,0,0,0,15,14,11,8,48,0,0,0,48
01/25/2019,SWF,NY,AEA,EN,Federal Contract Tower,16,12,10,2,40,0,3,12,6,21,16,15,22,8,61,10,14,24,85
01/26/2019,SWF,NY,AEA,EN,Federal Contract Tower,11,9,16,0,36,0,1,38,2,41,11,10,54,2,77,18,8,26,103
01/27/2019,SWF,NY,AEA,EN,Federal Contract Tower,8,10,11,1,30,0,0,18,0,18,8,10,29,1,48,0,0,0,48
01/28/2019,SWF,NY,AEA,EN,Federal Contract Tower,10,12,19,8,49,0,2,52,8,62,10,14,71,16,111,28,20,48,159
01/29/2019,SWF,NY,AEA,EN,Federal Contract Tower,9,8,7,2,26,0,0,0,0,0,9,8,7,2,26,0,0,0,26
01/30/2019,SWF,NY,AEA,EN,Federal Contract Tower,17,14,17,2,50,0,1,4,3,8,17,15,21,5,58,8,14,22,80
01/31/2019,SWF,NY,AEA,EN,Federal Contract Tower,12,19,15,5,51,0,0,36,3,39,12,19,51,8,90,20,14,34,124
02/01/2019,SWF,NY,AEA,EN,Federal Contract Tower,15,9,11,2,37,0,2,27,5,34,15,11,38,7,71,6,0,6,77
02/02/2019,SWF,NY,AEA,EN,Federal Contract Tower,11,9,8,1,29,0,1,38,0,39,11,10,46,1,68,18,0,18,86
02/03/2019,SWF,NY,AEA,EN,Federal Contract Tower,8,12,16,0,36,0,1,52,2,55,8,13,68,2,91,20,32,52,143
02/04/2019,SWF,NY,AEA,EN,Federal Contract Tower,12,13,22,0,47,0,5,59,7,71,12,18,81,7,118,18,24,42,160
02/05/2019,SWF,NY,AEA,EN,Federal Contract Tower,12,8,12,10,42,0,3,42,15,60,12,11,54,25,102,62,88,150,252
02/06/2019,SWF,NY,AEA,EN,Federal Contract Tower,14,16,13,26,69,0,5,24,8,37,14,21,37,34,106,0,30,30,136
02/07/2019,SWF,NY,AEA,EN,Federal Contract Tower,14,11,15,2,42,0,0,0,0,0,14,11,15,2,42,0,0,0,42
02/08/2019,SWF,NY,AEA,EN,Federal Contract Tower,16,15,17,9,57,0,0,15,1,16,16,15,32,10,73,10,20,30,103
02/09/2019,SWF,NY,AEA,EN,Federal Contract Tower,11,11,10,8,40,0,0,4,2,6,11,11,14,10,46,2,18,20,66
02/10/2019,SWF,NY,AEA,EN,Federal Contract Tower,8,8,16,4,36,0,2,74,8,84,8,10,90,12,120,106,8,114,234
02/11/2019,SWF,NY,AEA,EN,Federal Contract Tower,9,15,13,2,39,0,3,45,0,48,9,18,58,2,87,8,0,8,95
02/12/2019,SWF,NY,AEA,EN,Federal Contract Tower,14,5,4,1,24,0,0,0,0,0,14,5,4,1,24,0,0,0,24
02/13/2019,SWF,NY,AEA,EN,Federal Contract Tower,15,12,18,3,48,0,1,16,4,21,15,13,34,7,69,0,0,0,69
02/14/2019,SWF,NY,AEA,EN,Federal Contract Tower,15,11,17,2,45,0,2,24,4,30,15,13,41,6,75,2,0,2,77
02/15/2019,SWF,NY,AEA,EN,Federal Contract Tower,17,6,19,5,47,0,0,30,0,30,17,6,49,5,77,0,6,6,83
02/16/2019,SWF,NY,AEA,EN,Federal Contract Tower,9,7,5,0,21,0,1,28,6,35,9,8,33,6,56,78,0,78,134
02/17/2019,SWF,NY,AEA,EN,Federal Contract Tower,9,7,6,2,24,0,2,49,0,51,9,9,55,2,75,40,0,40,115
02/18/2019,SWF,NY,AEA,EN,Federal Contract Tower,14,16,13,1,44,0,0,1,0,1,14,16,14,1,45,0,0,0,45
02/19/2019,SWF,NY,AEA,EN,Federal Contract Tower,12,20,17,4,53,0,3,41,8,52,12,23,58,12,105,8,14,22,127
02/20/2019,SWF,NY,AEA,EN,Federal Contract Tower,16,10,5,2,33,0,1,2,0,3,16,11,7,2,36,0,0,0,36
02/21/2019,SWF,NY,AEA,EN,Federal Contract Tower,15,10,16,4,45,0,2,18,1,21,15,12,34,5,66,6,0,6,72
02/22/2019,SWF,NY,AEA,EN,Federal Contract Tower,19,9,12,13,53,0,4,49,10,63,19,13,61,23,116,22,24,46,162
02/23/2019,SWF,NY,AEA,EN,Federal Contract Tower,9,11,15,3,38,0,4,48,2,54,9,15,63,5,92,22,16,38,130
02/24/2019,SWF,NY,AEA,EN,Federal Contract Tower,9,16,10,1,36,0,0,0,0,0,9,16,10,1,36,0,0,0,36
02/25/2019,SWF,NY,AEA,EN,Federal Contract Tower,14,27,30,0,71,0,0,6,0,6,14,27,36,0,77,0,0,0,77
02/26/2019,SWF,NY,AEA,EN,Federal Contract Tower,9,20,17,10,56,0,2,21,6,29,9,22,38,16,85,0,20,20,105
02/27/2019,SWF,NY,AEA,EN,Federal Contract Tower,17,13,21,4,55,0,4,14,3,21,17,17,35,7,76,30,2,32,108
02/28/2019,SWF,NY,AEA,EN,Federal Contract Tower,14,12,13,6,45,0,11,19,3,33,14,23,32,9,78,4,18,22,100
03/01/2019,SWF,NY,AEA,EN,Federal Contract Tower,15,10,11,8,44,0,7,41,2,50,15,17,52,10,94,0,16,16,110
03/02/2019,SWF,NY,AEA,EN,Federal Contract Tower,5,12,6,0,23,0,0,6,0,6,5,12,12,0,29,0,0,0,29
03/03/2019,SWF,NY,AEA,EN,Federal Contract Tower,10,9,13,2,34,0,0,39,0,39,10,9,52,2,73,50,0,50,123
03/04/2019,SWF,NY,AEA,EN,Federal Contract Tower,14,12,16,2,44,0,5,15,0,20,14,17,31,2,64,6,0,6,70
03/05/2019,SWF,NY,AEA,EN,Federal Contract Tower,16,13,12,4,45,0,3,37,0,40,16,16,49,4,85,18,32,50,135
03/06/2019,SWF,NY,AEA,EN,Federal Contract Tower,16,9,7,8,40,0,0,19,13,32,16,9,26,21,72,0,60,60,132
03/07/2019,SWF,NY,AEA,EN,Federal Contract Tower,12,12,17,4,45,0,2,8,5,15,12,14,25,9,60,12,20,32,92
03/08/2019,SWF,NY,AEA,EN,Federal Contract Tower,19,19,18,5,61,0,1,34,4,39,19,20,52,9,100,12,12,24,124
03/09/2019,SWF,NY,AEA,EN,Federal Contract Tower,11,14,21,2,48,0,0,63,2,65,11,14,84,4,113,30,6,36,149
03/10/2019,SWF,NY,AEA,EN,Federal Contract Tower,8,16,6,0,30,0,0,0,0,0,8,16,6,0,30,0,0,0,30
03/11/2019,SWF,NY,AEA,EN,Federal Contract Tower,15,10,9,2,36,0,2,16,2,20,15,12,25,4,56,8,10,18,74
03/12/2019,SWF,NY,AEA,EN,Federal Contract Tower,9,12,21,7,49,0,2,26,9,37,9,14,47,16,86,6,36,42,128
03/13/2019,SWF,NY,AEA,EN,Federal Contract Tower,10,11,24,7,52,0,2,25,8,35,10,13,49,15,87,22,0,22,109
03/14/2019,SWF,NY,AEA,EN,Federal Contract Tower,12,12,25,7,56,0,2,49,9,60,12,14,74,16,116,18,28,46,162
03/15/2019,SWF,NY,AEA,EN,Federal Contract Tower,28,19,13,3,63,0,2,25,0,27,28,21,38,3,90,0,0,0,90
03/16/2019,SWF,NY,AEA,EN,Federal Contract Tower,7,17,10,1,35,0,3,23,0,26,7,20,33,1,61,20,0,20,81
03/17/2019,SWF,NY,AEA,EN,Federal Contract Tower,8,16,9,1,34,0,0,8,0,8,8,16,17,1,42,0,0,0,42
03/18/2019,SWF,NY,AEA,EN,Federal Contract Tower,13,11,19,1,44,0,0,18,0,18,13,11,37,1,62,0,0,0,62
03/19/2019,SWF,NY,AEA,EN,Federal Contract Tower,14,17,7,10,48,0,0,41,13,54,14,17,48,23,102,2,44,46,148
03/20/2019,SWF,NY,AEA,EN,Federal Contract Tower,11,10,19,4,44,0,3,50,12,65,11,13,69,16,109,34,30,64,173
03/21/2019,SWF,NY,AEA,EN,Federal Contract Tower,14,18,13,9,54,0,0,6,8,14,14,18,19,17,68,0,16,16,84
03/22/2019,SWF,NY,AEA,EN,Federal Contract Tower,15,22,15,2,54,0,0,22,2,24,15,22,37,4,78,14,4,18,96
03/23/2019,SWF,NY,AEA,EN,Federal Contract Tower,5,13,4,0,22,0,3,1,2,6,5,16,5,2,28,0,0,0,28
03/24/2019,SWF,NY,AEA,EN,Federal Contract Tower,6,19,12,0,37,0,4,38,4,46,6,23,50,4,83,40,2,42,125
03/25/2019,SWF,NY,AEA,EN,Federal Contract Tower,12,17,15,3,47,0,6,28,0,34,12,23,43,3,81,0,0,0,81
03/26/2019,SWF,NY,AEA,EN,Federal Contract Tower,15,10,20,6,51,0,0,45,8,53,15,10,65,14,104,6,12,18,122
03/27/2019,SWF,NY,AEA,EN,Federal Contract Tower,12,12,15,10,49,0,3,60,8,71,12,15,75,18,120,0,24,24,144
03/28/2019,SWF,NY,AEA,EN,Federal Contract Tower,11,9,7,9,36,0,2,35,17,54,11,11,42,26,90,0,40,40,130
03/29/2019,SWF,NY,AEA,EN,Federal Contract Tower,15,13,17,5,50,0,0,7,1,8,15,13,24,6,58,0,0,0,58
03/30/2019,SWF,NY,AEA,EN,Federal Contract Tower,11,10,12,0,33,0,0,44,0,44,11,10,56,0,77,10,0,10,87
03/31/2019,SWF,NY,AEA,EN,Federal Contract Tower,12,12,13,2,39,0,0,8,0,8,12,12,21,2,47,0,0,0,47
04/01/2019,SWF,NY,AEA,EN,Federal Contract Tower,11,14,19,4,48,0,5,30,21,56,11,19,49,25,104,0,0,0,104
04/02/2019,SWF,NY,AEA,EN,Federal Contract Tower,12,15,10,4,41,0,0,22,9,31,12,15,32,13,72,0,14,14,86
04/03/2019,SWF,NY,AEA,EN,Federal Contract Tower,13,12,21,5,51,0,0,13,7,20,13,12,34,12,71,8,18,26,97
04/04/2019,SWF,NY,AEA,EN,Federal Contract Tower,12,30,20,4,66,0,11,57,38,106,12,41,77,42,172,14,26,40,212
04/05/2019,SWF,NY,AEA,EN,Federal Contract Tower,16,11,19,5,51,0,0,0,0,0,16,11,19,5,51,0,0,0,51
04/06/2019,SWF,NY,AEA,EN,Federal Contract Tower,6,10,17,0,33,0,0,69,0,69,6,10,86,0,102,164,0,164,266
04/07/2019,SWF,NY,AEA,EN,Federal Contract Tower,9,12,17,1,39,0,2,42,13,57,9,14,59,14,96,134,0,134,230
04/08/2019,SWF,NY,AEA,EN,Federal Contract Tower,12,14,18,4,48,0,2,3,0,5,12,16,21,4,53,0,10,10,63
04/09/2019,SWF,NY,AEA,EN,Federal Contract Tower,14,19,24,4,61,0,2,38,0,40,14,21,62,4,101,0,0,0,101
04/10/2019,SWF,NY,AEA,EN,Federal Contract Tower,13,11,14,9,47,0,11,40,23,74,13,22,54,32,121,0,0,0,121
04/11/2019,SWF,NY,AEA,EN,Federal Contract Tower,15,14,16,11,56,0,3,68,6,77,15,17,84,17,133,16,0,16,149
04/12/2019,SWF,NY,AEA,EN,Federal Contract Tower,16,15,19,9,59,0,2,20,9,31,16,17,39,18,90,8,0,8,98
04/13/2019,SWF,NY,AEA,EN,Federal Contract Tower,12,15,17,2,46,0,1,36,0,37,12,16,53,2,83,34,0,34,117
04/14/2019,SWF,NY,AEA,EN,Federal Contract Tower,12,13,14,3,42,0,0,30,2,32,12,13,44,5,74,150,0,150,224
04/15/2019,SWF,NY,AEA,EN,Federal Contract Tower,16,20,14,4,54,0,0,4,4,8,16,20,18,8,62,0,6,6,68
04/16/2019,SWF,NY,AEA,EN,Federal Contract Tower,12,13,21,5,51,0,0,10,0,10,12,13,31,5,61,0,0,0,61
04/17/2019,SWF,NY,AEA,EN,Federal Contract Tower,12,16,20,10,58,0,25,91,13,129,12,41,111,23,187,40,16,56,243
04/18/2019,SWF,NY,AEA,EN,Federal Contract Tower,14,13,19,16,62,0,1,6,10,17,14,14,25,26,79,10,0,10,89
04/19/2019,SWF,NY,AEA,EN,Federal Contract Tower,13,9,16,3,41,0,1,7,5,13,13,10,23,8,54,0,0,0,54
04/20/2019,SWF,NY,AEA,EN,Federal Contract Tower,7,8,14,0,29,0,0,0,0,0,7,8,14,0,29,0,0,0,29
04/21/2019,SWF,NY,AEA,EN,Federal Contract Tower,8,14,14,0,36,0,0,11,0,11,8,14,25,0,47,0,0,0,47
04/22/2019,SWF,NY,AEA,EN,Federal Contract Tower,14,16,16,3,49,0,0,9,0,9,14,16,25,3,58,0,0,0,58
04/23/2019,SWF,NY,AEA,EN,Federal Contract Tower,16,18,16,8,58,0,6,37,2,45,16,24,53,10,103,0,8,8,111
04/24/2019,SWF,NY,AEA,EN,Federal Contract Tower,12,11,5,5,33,0,9,39,8,56,12,20,44,13,89,2,16,18,107
04/25/2019,SWF,NY,AEA,EN,Federal Contract Tower,16,14,8,8,46,0,11,67,13,91,16,25,75,21,137,20,38,58,195
04/26/2019,SWF,NY,AEA,EN,Federal Contract Tower,19,15,22,5,61,0,0,0,0,0,19,15,22,5,61,0,0,0,61
04/27/2019,SWF,NY,AEA,EN,Federal Contract Tower,8,15,7,2,32,0,1,3,2,6,8,16,10,4,38,0,0,0,38
04/28/2019,SWF,NY,AEA,EN,Federal Contract Tower,8,12,16,0,36,0,0,7,0,7,8,12,23,0,43,0,0,0,43
04/29/2019,SWF,NY,AEA,EN,Federal Contract Tower,13,13,11,5,42,0,5,21,5,31,13,18,32,10,73,2,20,22,95
04/30/2019,SWF,NY,AEA,EN,Federal Contract Tower,12,14,21,7,54,0,3,28,11,42,12,17,49,18,96,10,12,22,118
05/01/2019,SWF,NY,AEA,EN,Federal Contract Tower,12,8,29,7,56,0,3,41,4,48,12,11,70,11,104,4,2,6,110
05/02/2019,SWF,NY,AEA,EN,Federal Contract Tower,14,18,16,8,56,0,1,27,7,35,14,19,43,15,91,10,4,14,105
05/03/2019,SWF,NY,AEA,EN,Federal Contract Tower,15,12,12,11,50,0,0,0,0,0,15,12,12,11,50,0,0,0,50
05/04/2019,SWF,NY,AEA,EN,Federal Contract Tower,7,19,21,5,52,0,0,39,0,39,7,19,60,5,91,0,0,0,91
05/05/2019,SWF,NY,AEA,EN,Federal Contract Tower,8,19,16,0,43,0,0,0,0,0,8,19,16,0,43,0,0,0,43
05/06/2019,SWF,NY,AEA,EN,Federal Contract Tower,12,14,16,20,62,0,10,45,9,64,12,24,61,29,126,12,0,12,138
05/07/2019,SWF,NY,AEA,EN,Federal Contract Tower,19,22,16,11,68,0,0,36,6,42,19,22,52,17,110,18,20,38,148
05/08/2019,SWF,NY,AEA,EN,Federal Contract Tower,14,17,17,6,54,0,2,66,14,82,14,19,83,20,136,14,60,74,210
05/09/2019,SWF,NY,AEA,EN,Federal Contract Tower,15,25,30,20,90,0,4,51,9,64,15,29,81,29,154,16,8,24,178
05/10/2019,SWF,NY,AEA,EN,Federal Contract Tower,16,23,11,5,55,0,0,8,0,8,16,23,19,5,63,8,0,8,71
05/11/2019,SWF,NY,AEA,EN,Federal Contract Tower,7,15,14,0,36,0,2,52,2,56,7,17,66,2,92,0,0,0,92
05/12/2019,SWF,NY,AEA,EN,Federal Contract Tower,8,12,16,0,36,0,0,0,0,0,8,12,16,0,36,0,0,0,36
05/13/2019,SWF,NY,AEA,EN,Federal Contract Tower,13,15,30,1,59,0,0,0,0,0,13,15,30,1,59,0,0,0,59
05/14/2019,SWF,NY,AEA,EN,Federal Contract Tower,11,22,14,8,55,0,0,0,0,0,11,22,14,8,55,0,0,0,55
05/15/2019,SWF,NY,AEA,EN,Federal Contract Tower,14,21,18,9,62,0,0,68,4,72,14,21,86,13,134,12,24,36,170
05/16/2019,SWF,NY,AEA,EN,Federal Contract Tower,24,18,14,13,69,0,7,72,22,101,24,25,86,35,170,28,52,80,250
05/17/2019,SWF,NY,AEA,EN,Federal Contract Tower,16,17,18,4,55,0,0,61,8,69,16,17,79,12,124,12,10,22,146
05/18/2019,SWF,NY,AEA,EN,Federal Contract Tower,11,21,20,0,52,0,0,46,0,46,11,21,66,0,98,26,0,26,124
05/19/2019,SWF,NY,AEA,EN,Federal Contract Tower,11,13,11,0,35,0,0,30,1,31,11,13,41,1,66,30,0,30,96
05/20/2019,SWF,NY,AEA,EN,Federal Contract Tower,9,14,27,10,60,0,4,13,0,17,9,18,40,10,77,6,0,6,83
05/21/2019,SWF,NY,AEA,EN,Federal Contract Tower,13,18,18,7,56,0,4,26,9,39,13,22,44,16,95,0,34,34,129
05/22/2019,SWF,NY,AEA,EN,Federal Contract Tower,15,17,14,11,57,0,7,89,18,114,15,24,103,29,171,52,20,72,243
05/23/2019,SWF,NY,AEA,EN,Federal Contract Tower,15,14,24,6,59,0,14,24,3,41,15,28,48,9,100,12,26,38,138
05/24/2019,SWF,NY,AEA,EN,Federal Contract Tower,13,18,17,4,52,0,0,24,4,28,13,18,41,8,80,0,2,2,82
05/25/2019,SWF,NY,AEA,EN,Federal Contract Tower,12,15,11,3,41,0,6,26,7,39,12,21,37,10,80,0,0,0,80
05/26/2019,SWF,NY,AEA,EN,Federal Contract Tower,11,12,7,0,30,0,0,25,2,27,11,12,32,2,57,0,0,0,57
05/27/2019,SWF,NY,AEA,EN,Federal Contract Tower,8,17,14,0,39,0,1,66,7,74,8,18,80,7,113,8,12,20,133
05/28/2019,SWF,NY,AEA,EN,Federal Contract Tower,10,15,25,8,58,0,0,2,5,7,10,15,27,13,65,0,0,0,65
05/29/2019,SWF,NY,AEA,EN,Federal Contract Tower,18,25,20,8,71,0,5,24,17,46,18,30,44,25,117,0,44,44,161
05/30/2019,SWF,NY,AEA,EN,Federal Contract Tower,17,26,17,14,74,0,0,0,0,0,17,26,17,14,74,0,8,8,82
05/31/2019,SWF,NY,AEA,EN,Federal Contract Tower,18,25,25,10,78,0,12,82,19,113,18,37,107,29,191,34,36,70,261
06/01/2019,SWF,NY,AEA,EN,Federal Contract Tower,10,15,12,3,40,0,0,35,5,40,10,15,47,8,80,12,6,18,98
06/02/2019,SWF,NY,AEA,EN,Federal Contract Tower,13,20,9,5,47,0,0,12,19,31,13,20,21,24,78,16,0,16,94
06/03/2019,SWF,NY,AEA,EN,Federal Contract Tower,10,18,15,7,50,0,6,21,22,49,10,24,36,29,99,0,0,0,99
06/04/2019,SWF,NY,AEA,EN,Federal Contract Tower,15,21,16,11,63,0,5,79,35,119,15,26,95,46,182,32,24,56,238
06/05/2019,SWF,NY,AEA,EN,Federal Contract Tower,15,9,19,6,49,0,6,31,13,50,15,15,50,19,99,14,16,30,129
06/06/2019,SWF,NY,AEA,EN,Federal Contract Tower,18,17,35,13,83,0,6,50,17,73,18,23,85,30,156,22,12,34,190
06/07/2019,SWF,NY,AEA,EN,Federal Contract Tower,15,14,24,6,59,0,7,41,20,68,15,21,65,26,127,8,0,8,135
06/08/2019,SWF,NY,AEA,EN,Federal Contract Tower,12,17,11,0,40,0,0,40,2,42,12,17,51,2,82,24,0,24,106
06/09/2019,SWF,NY,AEA,EN,Federal Contract Tower,10,16,22,2,50,0,0,54,28,82,10,16,76,30,132,6,16,22,154
06/10/2019,SWF,NY,AEA,EN,Federal Contract Tower,15,23,20,5,63,0,0,4,0,4,15,23,24,5,67,0,0,0,67
06/11/2019,SWF,NY,AEA,EN,Federal Contract Tower,15,24,31,5,75,0,6,47,15,68,15,30,78,20,143,20,28,48,191
06/12/2019,SWF,NY,AEA,EN,Federal Contract Tower,15,14,13,21,63,0,4,73,19,96,15,18,86,40,159,6,40,46,205
06/13/2019,SWF,NY,AEA,EN,Federal Contract Tower,18,18,21,13,70,0,0,0,5,5,18,18,21,18,75,0,26,26,101
06/14/2019,SWF,NY,AEA,EN,Federal Contract Tower,11,14,26,14,65,0,0,28,7,35,11,14,54,21,100,4,0,4,104
06/15/2019,SWF,NY,AEA,EN,Federal Contract Tower,23,14,15,1,53,0,0,28,2,30,23,14,43,3,83,12,0,12,95
06/16/2019,SWF,NY,AEA,EN,Federal Contract Tower,10,22,16,0,48,0,0,2,1,3,10,22,18,1,51,0,0,0,51
06/17/2019,SWF,NY,AEA,EN,Federal Contract Tower,11,18,26,4,59,0,5,50,12,67,11,23,76,16,126,10,0,10,136
06/18/2019,SWF,NY,AEA,EN,Federal Contract Tower,12,17,6,7,42,0,0,0,0,0,12,17,6,7,42,0,0,0,42
06/19/2019,SWF,NY,AEA,EN,Federal Contract Tower,17,24,32,16,89,0,0,20,0,20,17,24,52,16,109,2,10,12,121
06/20/2019,SWF,NY,AEA,EN,Federal Contract Tower,16,24,19,10,69,0,0,0,2,2,16,24,19,12,71,0,10,10,81
06/21/2019,SWF,NY,AEA,EN,Federal Contract Tower,14,17,29,6,66,0,0,22,2,24,14,17,51,8,90,12,0,12,102
06/22/2019,SWF,NY,AEA,EN,Federal Contract Tower,11,16,18,2,47,0,2,54,4,60,11,18,72,6,107,30,0,30,137
06/23/2019,SWF,NY,AEA,EN,Federal Contract Tower,11,19,20,5,55,0,1,78,6,85,11,20,98,11,140,32,2,34,174
06/24/2019,SWF,NY,AEA,EN,Federal Contract Tower,9,16,27,11,63,0,5,63,3,71,9,21,90,14,134,10,10,20,154
06/25/2019,SWF,NY,AEA,EN,Federal Contract Tower,16,20,15,8,59,0,0,10,1,11,16,20,25,9,70,0,16,16,86
06/26/2019,SWF,NY,AEA,EN,Federal Contract Tower,16,27,15,7,65,0,5,65,10,80,16,32,80,17,145,18,18,36,181
06/27/2019,SWF,NY,AEA,EN,Federal Contract Tower,19,17,20,17,73,0,3,59,14,76,19,20,79,31,149,10,46,56,205
06/28/2019,SWF,NY,AEA,EN,Federal Contract Tower,17,17,12,8,54,0,2,52,6,60,17,19,64,14,114,50,8,58,172
06/29/2019,SWF,NY,AEA,EN,Federal Contract Tower,28,19,13,0,60,0,1,31,0,32,28,20,44,0,92,30,0,30,122
06/30/2019,SWF,NY,AEA,EN,Federal Contract Tower,12,17,9,1,39,0,1,13,0,14,12,18,22,1,53,0,0,0,53
07/01/2019,SWF,NY,AEA,EN,Federal Contract Tower,12,18,15,6,51,0,2,55,3,60,12,20,70,9,111,30,0,30,141
07/02/2019,SWF,NY,AEA,EN,Federal Contract Tower,20,12,11,2,45,0,0,38,4,42,20,12,49,6,87,0,0,0,87
07/03/2019,SWF,NY,AEA,EN,Federal Contract Tower,13,19,9,2,43,0,4,53,6,63,13,23,62,8,106,6,12,18,124
07/04/2019,SWF,NY,AEA,EN,Federal Contract Tower,10,14,3,1,28,0,0,12,2,14,10,14,15,3,42,4,6,10,52
07/05/2019,SWF,NY,AEA,EN,Federal Contract Tower,14,12,10,2,38,0,0,17,0,17,14,12,27,2,55,0,0,0,55
07/06/2019,SWF,NY,AEA,EN,Federal Contract Tower,13,11,12,0,36,0,0,4,0,4,13,11,16,0,40,10,0,10,50
07/07/2019,SWF,NY,AEA,EN,Federal Contract Tower,11,20,17,0,48,0,0,53,10,63,11,20,70,10,111,6,28,34,145
07/08/2019,SWF,NY,AEA,EN,Federal Contract Tower,10,20,15,5,50,0,6,45,11,62,10,26,60,16,112,10,0,10,122
07/09/2019,SWF,NY,AEA,EN,Federal Contract Tower,15,16,19,5,55,0,6,67,23,96,15,22,86,28,151,20,0,20,171
07/10/2019,SWF,NY,AEA,EN,Federal Contract Tower,13,25,27,3,68,0,0,52,7,59,13,25,79,10,127,0,20,20,147
07/11/2019,SWF,NY,AEA,EN,Federal Contract Tower,18,16,20,16,70,0,3,11,2,16,18,19,31,18,86,0,18,18,104
07/12/2019,SWF,NY,AEA,EN,Federal Contract Tower,16,16,16,8,56,0,0,35,5,40,16,16,51,13,96,36,0,36,132
07/13/2019,SWF,NY,AEA,EN,Federal Contract Tower,13,14,15,2,44,0,4,53,13,70,13,18,68,15,114,14,0,14,128
07/14/2019,SWF,NY,AEA,EN,Federal Contract Tower,10,18,22,1,51,0,0,43,8,51,10,18,65,9,102,36,0,36,138
07/15/2019,SWF,NY,AEA,EN,Federal Contract Tower,10,18,19,5,52,0,0,64,18,82,10,18,83,23,134,0,0,0,134
07/16/2019,SWF,NY,AEA,EN,Federal Contract Tower,19,14,5,2,40,0,2,58,30,90,19,16,63,32,130,16,10,26,156
07/17/2019,SWF,NY,AEA,EN,Federal Contract Tower,23,22,20,8,73,0,5,113,14,132,23,27,133,22,205,0,0,0,205
07/18/2019,SWF,NY,AEA,EN,Federal Contract Tower,23,20,20,6,69,0,0,0,0,0,23,20,20,6,69,0,0,0,69
07/19/2019,SWF,NY,AEA,EN,Federal Contract Tower,15,21,20,8,64,0,3,30,10,43,15,24,50,18,107,10,6,16,123
07/20/2019,SWF,NY,AEA,EN,Federal Contract Tower,14,14,22,0,50,0,0,40,6,46,14,14,62,6,96,20,0,20,116
07/21/2019,SWF,NY,AEA,EN,Federal Contract Tower,9,23,21,0,53,0,0,30,0,30,9,23,51,0,83,10,0,10,93
07/22/2019,SWF,NY,AEA,EN,Federal Contract Tower,16,16,32,3,67,0,0,30,3,33,16,16,62,6,100,0,0,0,100
07/23/2019,SWF,NY,AEA,EN,Federal Contract Tower,13,24,25,10,72,0,2,27,0,29,13,26,52,10,101,0,30,30,131
07/24/2019,SWF,NY,AEA,EN,Federal Contract Tower,13,21,21,12,67,0,0,37,8,45,13,21,58,20,112,38,22,60,172
07/25/2019,SWF,NY,AEA,EN,Federal Contract Tower,13,27,23,3,66,0,1,41,6,48,13,28,64,9,114,2,10,12,126
07/26/2019,SWF,NY,AEA,EN,Federal Contract Tower,17,20,18,2,57,0,0,54,5,59,17,20,72,7,116,36,0,36,152
07/27/2019,SWF,NY,AEA,EN,Federal Contract Tower,14,18,15,0,47,0,0,28,0,28,14,18,43,0,75,4,0,4,79
07/28/2019,SWF,NY,AEA,EN,Federal Contract Tower,10,23,20,5,58,0,0,5,0,5,10,23,25,5,63,28,0,28,91
07/29/2019,SWF,NY,AEA,EN,Federal Contract Tower,9,26,13,5,53,0,0,68,10,78,9,26,81,15,131,12,26,38,169
07/30/2019,SWF,NY,AEA,EN,Federal Contract Tower,19,25,23,8,75,0,15,52,14,81,19,40,75,22,156,28,50,78,234
07/31/2019,SWF,NY,AEA,EN,Federal Contract Tower,16,14,22,8,60,0,1,22,10,33,16,15,44,18,93,0,0,0,93
08/01/2019,SWF,NY,AEA,EN,Federal Contract Tower,14,16,13,11,54,0,0,32,6,38,14,16,45,17,92,2,12,14,106
08/02/2019,SWF,NY,AEA,EN,Federal Contract Tower,14,21,15,19,69,0,0,67,10,77,14,21,82,29,146,10,32,42,188
08/03/2019,SWF,NY,AEA,EN,Federal Contract Tower,16,18,11,8,53,0,0,25,1,26,16,18,36,9,79,4,0,4,83
08/04/2019,SWF,NY,AEA,EN,Federal Contract Tower,12,21,33,1,67,0,0,41,0,41,12,21,74,1,108,28,0,28,136
08/05/2019,SWF,NY,AEA,EN,Federal Contract Tower,9,17,14,4,44,0,0,70,9,79,9,17,84,13,123,24,2,26,149
08/06/2019,SWF,NY,AEA,EN,Federal Contract Tower,22,16,18,2,58,0,0,36,0,36,22,16,54,2,94,8,0,8,102
08/07/2019,SWF,NY,AEA,EN,Federal Contract Tower,20,22,11,4,57,0,0,3,10,13,20,22,14,14,70,0,0,0,70
08/08/2019,SWF,NY,AEA,EN,Federal Contract Tower,16,21,16,3,56,0,2,52,21,75,16,23,68,24,131,16,22,38,169
08/09/2019,SWF,NY,AEA,EN,Federal Contract Tower,13,16,27,2,58,0,2,72,5,79,13,18,99,7,137,16,0,16,153
08/10/2019,SWF,NY,AEA,EN,Federal Contract Tower,13,16,19,2,50,0,3,44,0,47,13,19,63,2,97,28,0,28,125
08/11/2019,SWF,NY,AEA,EN,Federal Contract Tower,9,21,23,0,53,0,0,36,1,37,9,21,59,1,90,40,0,40,130
08/12/2019,SWF,NY,AEA,EN,Federal Contract Tower,9,20,21,1,51,0,9,50,5,64,9,29,71,6,115,76,2,78,193
08/13/2019,SWF,NY,AEA,EN,Federal Contract Tower,17,20,7,4,48,0,0,17,1,18,17,20,24,5,66,0,0,0,66
08/14/2019,SWF,NY,AEA,EN,Federal Contract Tower,13,27,17,6,63,0,0,36,9,45,13,27,53,15,108,28,12,40,148
08/15/2019,SWF,NY,AEA,EN,Federal Contract Tower,11,19,15,3,48,0,0,48,7,55,11,19,63,10,103,0,26,26,129
08/16/2019,SWF,NY,AEA,EN,Federal Contract Tower,17,17,27,3,64,0,1,72,6,79,17,18,99,9,143,48,14,62,205
08/17/2019,SWF,NY,AEA,EN,Federal Contract Tower,10,17,9,2,38,0,1,41,4,46,10,18,50,6,84,26,10,36,120
08/18/2019,SWF,NY,AEA,EN,Federal Contract Tower,10,21,21,5,57,0,6,52,8,66,10,27,73,13,123,18,6,24,147
08/19/2019,SWF,NY,AEA,EN,Federal Contract Tower,15,19,18,4,56,0,5,37,0,42,15,24,55,4,98,0,10,10,108
08/20/2019,SWF,NY,AEA,EN,Federal Contract Tower,15,16,11,11,53,0,6,38,3,47,15,22,49,14,100,0,14,14,114
08/21/2019,SWF,NY,AEA,EN,Federal Contract Tower,13,16,12,27,68,0,0,19,17,36,13,16,31,44,104,0,50,50,154
08/22/2019,SWF,NY,AEA,EN,Federal Contract Tower,25,14,25,19,83,0,0,28,44,72,25,14,53,63,155,0,0,0,155
08/23/2019,SWF,NY,AEA,EN,Federal Contract Tower,23,22,12,12,69,0,0,8,0,8,23,22,20,12,77,0,0,0,77
08/24/2019,SWF,NY,AEA,EN,Federal Contract Tower,12,19,8,1,40,0,4,114,13,131,12,23,122,14,171,2,0,2,173
08/25/2019,SWF,NY,AEA,EN,Federal Contract Tower,6,15,7,4,32,0,0,153,4,157,6,15,160,8,189,0,0,0,189
08/26/2019,SWF,NY,AEA,EN,Federal Contract Tower,14,20,21,7,62,0,0,38,2,40,14,20,59,9,102,4,0,4,106
08/27/2019,SWF,NY,AEA,EN,Federal Contract Tower,16,18,16,3,53,0,6,47,7,60,16,24,63,10,113,62,0,62,175
08/28/2019,SWF,NY,AEA,EN,Federal Contract Tower,13,17,19,5,54,0,0,65,4,69,13,17,84,9,123,24,6,30,153
08/29/2019,SWF,NY,AEA,EN,Federal Contract Tower,17,24,24,7,72,0,4,88,29,121,17,28,112,36,193,42,10,52,245
08/30/2019,SWF,NY,AEA,EN,Federal Contract Tower,21,22,20,2,65,0,2,52,8,62,21,24,72,10,127,18,0,18,145
08/31/2019,SWF,NY,AEA,EN,Federal Contract Tower,10,22,15,0,47,0,0,57,2,59,10,22,72,2,106,56,0,56,162
09/01/2019,SWF,NY,AEA,EN,Federal Contract Tower,7,15,11,0,33,0,0,8,0,8,7,15,19,0,41,0,6,6,47
09/02/2019,SWF,NY,AEA,EN,Federal Contract Tower,14,12,9,3,38,0,0,14,0,14,14,12,23,3,52,12,0,12,64
09/03/2019,SWF,NY,AEA,EN,Federal Contract Tower,6,18,20,5,49,0,4,45,6,55,6,22,65,11,104,48,0,48,152
09/04/2019,SWF,NY,AEA,EN,Federal Contract Tower,13,18,21,1,53,0,2,19,2,23,13,20,40,3,76,0,0,0,76
09/05/2019,SWF,NY,AEA,EN,Federal Contract Tower,14,19,11,9,53,0,4,68,19,91,14,23,79,28,144,2,46,48,192
09/06/2019,SWF,NY,AEA,EN,Federal Contract Tower,13,20,16,10,59,0,1,63,14,78,13,21,79,24,137,8,14,22,159
09/07/2019,SWF,NY,AEA,EN,Federal Contract Tower,12,11,11,3,37,0,5,42,1,48,12,16,53,4,85,70,0,70,155
09/08/2019,SWF,NY,AEA,EN,Federal Contract Tower,7,22,15,2,46,0,0,30,4,34,7,22,45,6,80,36,0,36,116
09/09/2019,SWF,NY,AEA,EN,Federal Contract Tower,7,15,13,7,42,0,2,26,0,28,7,17,39,7,70,32,0,32,102
09/10/2019,SWF,NY,AEA,EN,Federal Contract Tower,15,16,18,9,58,0,5,62,2,69,15,21,80,11,127,32,0,32,159
09/11/2019,SWF,NY,AEA,EN,Federal Contract Tower,13,17,12,3,45,0,0,64,9,73,13,17,76,12,118,18,0,18,136
09/12/2019,SWF,NY,AEA,EN,Federal Contract Tower,14,23,24,14,75,0,0,0,1,1,14,23,24,15,76,0,4,4,80
09/13/2019,SWF,NY,AEA,EN,Federal Contract Tower,15,20,13,2,50,0,4,62,5,71,15,24,75,7,121,8,0,8,129
09/14/2019,SWF,NY,AEA,EN,Federal Contract Tower,8,14,5,2,29,0,1,39,19,59,8,15,44,21,88,0,0,0,88
09/15/2019,SWF,NY,AEA,EN,Federal Contract Tower,8,18,18,1,45,0,0,26,0,26,8,18,44,1,71,50,0,50,121
09/16/2019,SWF,NY,AEA,EN,Federal Contract Tower,5,25,18,4,52,0,0,35,2,37,5,25,53,6,89,38,0,38,127
09/17/2019,SWF,NY,AEA,EN,Federal Contract Tower,11,19,25,0,55,0,2,46,0,48,11,21,71,0,103,32,0,32,135
09/18/2019,SWF,NY,AEA,EN,Federal Contract Tower,10,22,13,6,51,0,1,72,7,80,10,23,85,13,131,14,12,26,157
09/19/2019,SWF,NY,AEA,EN,Federal Contract Tower,13,24,21,12,70,0,8,71,15,94,13,32,92,27,164,22,36,58,222
09/21/2019,SWF,NY,AEA,EN,Federal Contract Tower,14,16,8,5,43,0,7,31,8,46,14,23,39,13,89,12,0,12,101
09/22/2019,SWF,NY,AEA,EN,Federal Contract Tower,17,25,16,0,58,0,2,49,7,58,17,27,65,7,116,62,16,78,194
09/23/2019,SWF,NY,AEA,EN,Federal Contract Tower,7,17,18,3,45,0,0,40,0,40,7,17,58,3,85,8,0,8,93
09/24/2019,SWF,NY,AEA,EN,Federal Contract Tower,15,16,15,8,54,0,4,49,13,66,15,20,64,21,120,44,30,74,194
09/25/2019,SWF,NY,AEA,EN,Federal Contract Tower,22,14,22,3,61,0,9,73,13,95,22,23,95,16,156,10,0,10,166
09/26/2019,SWF,NY,AEA,EN,Federal Contract Tower,19,17,15,5,56,0,1,36,0,37,19,18,51,5,93,12,0,12,105
09/27/2019,SWF,NY,AEA,EN,Federal Contract Tower,15,25,21,7,68,0,4,35,5,44,15,29,56,12,112,0,0,0,112
09/28/2019,SWF,NY,AEA,EN,Federal Contract Tower,7,20,13,0,40,0,5,52,1,58,7,25,65,1,98,18,0,18,116
09/29/2019,SWF,NY,AEA,EN,Federal Contract Tower,11,19,8,1,39,0,5,27,0,32,11,24,35,1,71,16,0,16,87
09/30/2019,SWF,NY,AEA,EN,Federal Contract Tower,5,22,17,3,47,0,2,22,8,32,5,24,39,11,79,16,6,22,101
10/01/2019,SWF,NY,AEA,EN,Federal Contract Tower,10,15,30,3,58,0,1,55,16,72,10,16,85,19,130,14,32,46,176
10/02/2019,SWF,NY,AEA,EN,Federal Contract Tower,12,20,10,6,48,0,5,35,18,58,12,25,45,24,106,0,56,56,162
10/03/2019,SWF,NY,AEA,EN,Federal Contract Tower,12,19,7,1,39,0,2,0,0,2,12,21,7,1,41,0,0,0,41
10/04/2019,SWF,NY,AEA,EN,Federal Contract Tower,11,17,10,8,46,0,17,22,11,50,11,34,32,19,96,0,58,58,154
10/05/2019,SWF,NY,AEA,EN,Federal Contract Tower,13,22,24,5,64,0,4,60,11,75,13,26,84,16,139,6,24,30,169
10/06/2019,SWF,NY,AEA,EN,Federal Contract Tower,6,20,18,3,47,0,4,21,3,28,6,24,39,6,75,14,12,26,101
10/07/2019,SWF,NY,AEA,EN,Federal Contract Tower,13,14,15,2,44,0,0,4,2,6,13,14,19,4,50,0,20,20,70
10/08/2019,SWF,NY,AEA,EN,Federal Contract Tower,12,17,7,14,50,0,6,63,16,85,12,23,70,30,135,24,16,40,175
10/09/2019,SWF,NY,AEA,EN,Federal Contract Tower,10,21,14,13,58,2,0,30,6,38,12,21,44,19,96,12,26,38,134
10/10/2019,SWF,NY,AEA,EN,Federal Contract Tower,14,26,10,9,59,0,0,56,4,60,14,26,66,13,119,12,18,30,149
10/11/2019,SWF,NY,AEA,EN,Federal Contract Tower,16,24,18,4,62,0,0,34,0,34,16,24,52,4,96,0,0,0,96
10/12/2019,SWF,NY,AEA,EN,Federal Contract Tower,9,29,10,1,49,0,1,63,0,64,9,30,73,1,113,30,0,30,143
10/13/2019,SWF,NY,AEA,EN,Federal Contract Tower,9,17,19,1,46,0,0,35,1,36,9,17,54,2,82,50,0,50,132
10/16/2019,SWF,NY,AEA,EN,Federal Contract Tower,12,17,11,13,53,0,1,6,0,7,12,18,17,13,60,0,0,0,60
10/17/2019,SWF,NY,AEA,EN,Federal Contract Tower,10,33,14,9,66,0,1,12,5,18,10,34,26,14,84,0,8,8,92
10/18/2019,SWF,NY,AEA,EN,Federal Contract Tower,15,21,20,5,61,0,0,30,18,48,15,21,50,23,109,36,26,62,171
10/19/2019,SWF,NY,AEA,EN,Federal Contract Tower,10,17,10,1,38,0,13,57,14,84,10,30,67,15,122,24,0,24,146
10/20/2019,SWF,NY,AEA,EN,Federal Contract Tower,8,22,14,0,44,0,4,20,4,28,8,26,34,4,72,34,0,34,106
10/21/2019,SWF,NY,AEA,EN,Federal Contract Tower,8,21,22,4,55,0,4,30,10,44,8,25,52,14,99,16,0,16,115
10/22/2019,SWF,NY,AEA,EN,Federal Contract Tower,11,22,17,6,56,0,1,4,1,6,11,23,21,7,62,16,0,16,78
10/23/2019,SWF,NY,AEA,EN,Federal Contract Tower,10,18,10,5,43,0,0,28,6,34,10,18,38,11,77,0,12,12,89
10/24/2019,SWF,NY,AEA,EN,Federal Contract Tower,12,15,17,4,48,0,6,41,6,53,12,21,58,10,101,12,6,18,119
10/25/2019,SWF,NY,AEA,EN,Federal Contract Tower,17,17,17,4,55,0,1,44,6,51,17,18,61,10,106,0,0,0,106
10/26/2019,SWF,NY,AEA,EN,Federal Contract Tower,12,24,9,5,50,0,2,41,5,48,12,26,50,10,98,32,4,36,134
10/27/2019,SWF,NY,AEA,EN,Federal Contract Tower,6,13,19,1,39,0,0,0,0,0,6,13,19,1,39,0,0,0,39
10/28/2019,SWF,NY,AEA,EN,Federal Contract Tower,9,18,11,3,41,0,0,25,8,33,9,18,36,11,74,0,0,0,74
10/29/2019,SWF,NY,AEA,EN,Federal Contract Tower,12,14,18,9,53,0,0,4,0,4,12,14,22,9,57,0,0,0,57
10/30/2019,SWF,NY,AEA,EN,Federal Contract Tower,10,23,5,4,42,0,0,0,0,0,10,23,5,4,42,0,0,0,42
10/31/2019,SWF,NY,AEA,EN,Federal Contract Tower,12,13,9,6,40,0,0,0,0,0,12,13,9,6,40,0,0,0,40
11/01/2019,SWF,NY,AEA,EN,Federal Contract Tower,16,18,13,2,49,0,1,9,5,15,16,19,22,7,64,0,0,0,64
11/02/2019,SWF,NY,AEA,EN,Federal Contract Tower,8,12,8,4,32,0,2,59,10,71,8,14,67,14,103,68,0,68,171
11/03/2019,SWF,NY,AEA,EN,Federal Contract Tower,7,19,23,3,52,0,0,36,4,40,7,19,59,7,92,24,0,24,116
11/04/2019,SWF,NY,AEA,EN,Federal Contract Tower,9,23,14,3,49,0,8,42,11,61,9,31,56,14,110,8,6,14,124
11/05/2019,SWF,NY,AEA,EN,Federal Contract Tower,11,19,12,2,44,0,4,50,1,55,11,23,62,3,99,8,0,8,107
11/06/2019,SWF,NY,AEA,EN,Federal Contract Tower,8,18,18,8,52,0,4,67,24,95,8,22,85,32,147,30,24,54,201
11/07/2019,SWF,NY,AEA,EN,Federal Contract Tower,15,19,26,7,67,0,0,24,1,25,15,19,50,8,92,20,0,20,112
11/08/2019,SWF,NY,AEA,EN,Federal Contract Tower,18,22,19,2,61,0,0,26,0,26,18,22,45,2,87,6,0,6,93
11/09/2019,SWF,NY,AEA,EN,Federal Contract Tower,10,16,17,0,43,0,0,51,1,52,10,16,68,1,95,18,0,18,113
11/10/2019,SWF,NY,AEA,EN,Federal Contract Tower,6,19,28,0,53,0,1,26,0,27,6,20,54,0,80,8,4,12,92
11/11/2019,SWF,NY,AEA,EN,Federal Contract Tower,10,16,6,0,32,0,5,28,0,33,10,21,34,0,65,68,0,68,133
11/12/2019,SWF,NY,AEA,EN,Federal Contract Tower,5,14,6,4,29,0,0,2,0,2,5,14,8,4,31,0,0,0,31
11/13/2019,SWF,NY,AEA,EN,Federal Contract Tower,8,20,17,5,50,0,0,44,16,60,8,20,61,21,110,14,24,38,148
11/14/2019,SWF,NY,AEA,EN,Federal Contract Tower,14,17,9,14,54,0,10,39,22,71,14,27,48,36,125,24,10,34,159
11/15/2019,SWF,NY,AEA,EN,Federal Contract Tower,12,24,12,7,55,0,1,60,3,64,12,25,72,10,119,45,6,51,170
11/16/2019,SWF,NY,AEA,EN,Federal Contract Tower,7,12,12,5,36,0,0,22,15,37,7,12,34,20,73,0,0,0,73
11/17/2019,SWF,NY,AEA,EN,Federal Contract Tower,6,21,20,2,49,0,0,51,3,54,6,21,71,5,103,60,0,60,163
11/18/2019,SWF,NY,AEA,EN,Federal Contract Tower,9,21,9,4,43,0,0,0,0,0,9,21,9,4,43,0,0,0,43
11/19/2019,SWF,NY,AEA,EN,Federal Contract Tower,15,25,17,10,67,0,1,70,11,82,15,26,87,21,149,26,6,32,181
11/20/2019,SWF,NY,AEA,EN,Federal Contract Tower,10,14,12,14,50,0,6,27,8,41,10,20,39,22,91,36,0,36,127
11/21/2019,SWF,NY,AEA,EN,Federal Contract Tower,11,20,10,9,50,0,3,29,5,37,11,23,39,14,87,18,30,48,135
11/22/2019,SWF,NY,AEA,EN,Federal Contract Tower,15,17,14,7,53,0,0,14,0,14,15,17,28,7,67,26,0,26,93
11/23/2019,SWF,NY,AEA,EN,Federal Contract Tower,9,13,15,3,40,0,0,42,0,42,9,13,57,3,82,36,0,36,118
11/24/2019,SWF,NY,AEA,EN,Federal Contract Tower,6,15,8,2,31,0,0,0,0,0,6,15,8,2,31,0,0,0,31
11/25/2019,SWF,NY,AEA,EN,Federal Contract Tower,10,13,12,4,39,0,6,71,9,86,10,19,83,13,125,32,6,38,163
11/26/2019,SWF,NY,AEA,EN,Federal Contract Tower,13,24,21,7,65,0,1,43,8,52,13,25,64,15,117,42,8,50,167
11/27/2019,SWF,NY,AEA,EN,Federal Contract Tower,14,20,22,3,59,0,0,18,0,18,14,20,40,3,77,2,0,2,79
11/28/2019,SWF,NY,AEA,EN,Federal Contract Tower,6,5,1,0,12,0,0,7,0,7,6,5,8,0,19,0,0,0,19
11/29/2019,SWF,NY,AEA,EN,Federal Contract Tower,11,13,7,0,31,0,0,13,0,13,11,13,20,0,44,0,0,0,44
11/30/2019,SWF,NY,AEA,EN,Federal Contract Tower,8,23,12,0,43,0,1,33,7,41,8,24,45,7,84,18,0,18,102
12/01/2019,SWF,NY,AEA,EN,Federal Contract Tower,13,19,14,1,47,0,0,2,0,2,13,19,16,1,49,0,0,0,49
12/02/2019,SWF,NY,AEA,EN,Federal Contract Tower,5,11,8,0,24,0,0,0,0,0,5,11,8,0,24,0,0,0,24
12/03/2019,SWF,NY,AEA,EN,Federal Contract Tower,15,15,15,5,50,0,8,23,1,32,15,23,38,6,82,0,26,26,108
12/04/2019,SWF,NY,AEA,EN,Federal Contract Tower,15,15,13,4,47,0,1,36,6,43,15,16,49,10,90,0,18,18,108
12/05/2019,SWF,NY,AEA,EN,Federal Contract Tower,16,15,13,7,51,0,0,17,0,17,16,15,30,7,68,18,8,26,94
12/06/2019,SWF,NY,AEA,EN,Federal Contract Tower,13,22,20,4,59,0,3,19,4,26,13,25,39,8,85,6,0,6,91
12/07/2019,SWF,NY,AEA,EN,Federal Contract Tower,9,14,17,3,43,0,2,46,5,53,9,16,63,8,96,10,6,16,112
12/08/2019,SWF,NY,AEA,EN,Federal Contract Tower,7,19,18,3,47,0,0,43,8,51,7,19,61,11,98,26,0,26,124
12/09/2019,SWF,NY,AEA,EN,Federal Contract Tower,9,19,12,0,40,0,0,0,0,0,9,19,12,0,40,0,0,0,40
12/10/2019,SWF,NY,AEA,EN,Federal Contract Tower,14,15,11,2,42,0,0,1,2,3,14,15,12,4,45,0,24,24,69
12/11/2019,SWF,NY,AEA,EN,Federal Contract Tower,13,14,18,9,54,0,0,16,6,22,13,14,34,15,76,2,24,26,102
12/12/2019,SWF,NY,AEA,EN,Federal Contract Tower,15,14,15,7,51,0,2,45,14,61,15,16,60,21,112,16,60,76,188
12/13/2019,SWF,NY,AEA,EN,Federal Contract Tower,14,17,18,3,52,0,0,3,0,3,14,17,21,3,55,0,0,0,55
12/14/2019,SWF,NY,AEA,EN,Federal Contract Tower,9,11,3,0,23,0,0,0,0,0,9,11,3,0,23,0,0,0,23
12/15/2019,SWF,NY,AEA,EN,Federal Contract Tower,6,22,14,0,42,0,0,10,0,10,6,22,24,0,52,4,0,4,56
12/16/2019,SWF,NY,AEA,EN,Federal Contract Tower,8,19,12,2,41,0,7,47,3,57,8,26,59,5,98,0,0,0,98
12/17/2019,SWF,NY,AEA,EN,Federal Contract Tower,13,12,2,0,27,0,0,0,0,0,13,12,2,0,27,0,0,0,27
12/18/2019,SWF,NY,AEA,EN,Federal Contract Tower,17,18,13,4,52,0,0,31,0,31,17,18,44,4,83,10,8,18,101
12/19/2019,SWF,NY,AEA,EN,Federal Contract Tower,21,22,27,6,76,0,0,37,5,42,21,22,64,11,118,22,10,32,150
12/20/2019,SWF,NY,AEA,EN,Federal Contract Tower,20,17,18,3,58,0,0,52,6,58,20,17,70,9,116,18,0,18,134
12/21/2019,SWF,NY,AEA,EN,Federal Contract Tower,11,12,15,2,40,0,0,28,0,28,11,12,43,2,68,12,0,12,80
12/22/2019,SWF,NY,AEA,EN,Federal Contract Tower,10,14,2,0,26,0,0,26,0,26,10,14,28,0,52,12,0,12,64
12/23/2019,SWF,NY,AEA,EN,Federal Contract Tower,17,10,12,3,42,0,1,46,4,51,17,11,58,7,93,22,0,22,115
12/24/2019,SWF,NY,AEA,EN,Federal Contract Tower,17,11,3,0,31,0,3,23,4,30,17,14,26,4,61,0,0,0,61
12/25/2019,SWF,NY,AEA,EN,Federal Contract Tower,5,8,3,0,16,0,2,3,0,5,5,10,6,0,21,0,0,0,21
12/26/2019,SWF,NY,AEA,EN,Federal Contract Tower,15,13,8,0,36,0,2,7,0,9,15,15,15,0,45,8,0,8,53
12/27/2019,SWF,NY,AEA,EN,Federal Contract Tower,16,12,6,2,36,0,4,21,0,25,16,16,27,2,61,18,0,18,79
12/28/2019,SWF,NY,AEA,EN,Federal Contract Tower,8,15,9,0,32,0,0,42,2,44,8,15,51,2,76,22,0,22,98
12/29/2019,SWF,NY,AEA,EN,Federal Contract Tower,6,11,11,0,28,0,0,14,0,14,6,11,25,0,42,16,0,16,58
12/30/2019,SWF,NY,AEA,EN,Federal Contract Tower,10,13,5,1,29,0,0,0,0,0,10,13,5,1,29,0,0,0,29
12/31/2019,SWF,NY,AEA,EN,Federal Contract Tower,19,9,8,0,36,0,0,2,0,2,19,9,10,0,38,0,0,0,38
01/01/2020,SWF,NY,AEA,EN,Federal Contract Tower,4,14,3,0,21,0,2,10,2,14,4,16,13,2,35,12,0,12,47
01/02/2020,SWF,NY,AEA,EN,Federal Contract Tower,16,11,11,0,38,0,3,27,0,30,16,14,38,0,68,32,0,32,100
01/03/2020,SWF,NY,AEA,EN,Federal Contract Tower,17,15,7,1,40,0,0,0,0,0,17,15,7,1,40,0,0,0,40
01/04/2020,SWF,NY,AEA,EN,Federal Contract Tower,7,14,18,0,39,0,0,0,0,0,7,14,18,0,39,0,0,0,39
01/05/2020,SWF,NY,AEA,EN,Federal Contract Tower,6,15,7,0,28,0,1,2,0,3,6,16,9,0,31,0,0,0,31
01/06/2020,SWF,NY,AEA,EN,Federal Contract Tower,8,13,12,3,36,0,0,27,0,27,8,13,39,3,63,12,0,12,75
01/07/2020,SWF,NY,AEA,EN,Federal Contract Tower,14,18,11,2,45,0,2,33,2,37,14,20,44,4,82,0,0,0,82
01/08/2020,SWF,NY,AEA,EN,Federal Contract Tower,10,21,8,7,46,0,2,3,2,7,10,23,11,9,53,8,18,26,79
01/09/2020,SWF,NY,AEA,EN,Federal Contract Tower,12,19,17,6,54,0,7,66,14,87,12,26,83,20,141,32,18,50,191
01/10/2020,SWF,NY,AEA,EN,Federal Contract Tower,12,13,15,5,45,0,2,20,10,32,12,15,35,15,77,0,42,42,119
01/11/2020,SWF,NY,AEA,EN,Federal Contract Tower,6,7,7,2,22,0,1,0,0,1,6,8,7,2,23,0,0,0,23
01/12/2020,SWF,NY,AEA,EN,Federal Contract Tower,6,10,11,2,29,0,2,1,2,5,6,12,12,4,34,0,0,0,34
01/13/2020,SWF,NY,AEA,EN,Federal Contract Tower,7,19,11,0,37,0,0,5,0,5,7,19,16,0,42,8,0,8,50
01/14/2020,SWF,NY,AEA,EN,Federal Contract Tower,13,10,23,1,47,0,0,70,2,72,13,10,93,3,119,6,8,14,133
01/15/2020,SWF,NY,AEA,EN,Federal Contract Tower,11,15,24,9,59,0,4,53,9,66,11,19,77,18,125,38,12,50,175
01/16/2020,SWF,NY,AEA,EN,Federal Contract Tower,12,23,3,6,44,0,0,0,7,7,12,23,3,13,51,0,0,0,51
01/17/2020,SWF,NY,AEA,EN,Federal Contract Tower,12,17,13,4,46,0,2,8,4,14,12,19,21,8,60,2,2,4,64
01/18/2020,SWF,NY,AEA,EN,Federal Contract Tower,7,8,6,0,21,0,0,3,0,3,7,8,9,0,24,0,0,0,24
01/19/2020,SWF,NY,AEA,EN,Federal Contract Tower,5,14,11,0,30,0,2,12,0,14,5,16,23,0,44,24,0,24,68
01/20/2020,SWF,NY,AEA,EN,Federal Contract Tower,7,11,11,0,29,0,1,21,2,24,7,12,32,2,53,28,14,42,95
01/21/2020,SWF,NY,AEA,EN,Federal Contract Tower,9,13,20,4,46,0,0,33,5,38,9,13,53,9,84,24,20,44,128
01/22/2020,SWF,NY,AEA,EN,Federal Contract Tower,9,12,10,10,41,0,10,48,8,66,9,22,58,18,107,22,34,56,163
01/23/2020,SWF,NY,AEA,EN,Federal Contract Tower,13,18,25,7,63,0,4,71,19,94,13,22,96,26,157,22,34,56,213
01/24/2020,SWF,NY,AEA,EN,Federal Contract Tower,13,12,12,2,39,0,0,46,1,47,13,12,58,3,86,0,0,0,86
01/25/2020,SWF,NY,AEA,EN,Federal Contract Tower,7,10,4,0,21,0,0,0,0,0,7,10,4,0,21,0,0,0,21
01/26/2020,SWF,NY,AEA,EN,Federal Contract Tower,6,14,19,3,42,0,0,39,4,43,6,14,58,7,85,52,22,74,159
01/27/2020,SWF,NY,AEA,EN,Federal Contract Tower,7,15,15,6,43,0,0,28,0,28,7,15,43,6,71,28,0,28,99
01/28/2020,SWF,NY,AEA,EN,Federal Contract Tower,9,16,17,3,45,0,0,28,4,32,9,16,45,7,77,0,18,18,95
01/29/2020,SWF,NY,AEA,EN,Federal Contract Tower,10,10,17,14,51,0,6,62,21,89,10,16,79,35,140,50,34,84,224
01/30/2020,SWF,NY,AEA,EN,Federal Contract Tower,13,14,13,7,47,0,3,46,6,55,13,17,59,13,102,4,28,32,134
01/31/2020,SWF,NY,AEA,EN,Federal Contract Tower,12,15,11,4,42,0,5,62,4,71,12,20,73,8,113,18,0,18,131
02/01/2020,SWF,NY,AEA,EN,Federal Contract Tower,7,10,6,4,27,0,0,0,0,0,7,10,6,4,27,0,0,0,27
02/02/2020,SWF,NY,AEA,EN,Federal Contract Tower,6,20,3,0,29,0,0,17,0,17,6,20,20,0,46,0,0,0,46
02/03/2020,SWF,NY,AEA,EN,Federal Contract Tower,7,9,26,7,49,0,0,80,2,82,7,9,106,9,131,16,0,16,147
02/04/2020,SWF,NY,AEA,EN,Federal Contract Tower,11,8,10,5,34,0,4,24,2,30,11,12,34,7,64,10,8,18,82
02/05/2020,SWF,NY,AEA,EN,Federal Contract Tower,11,13,15,8,47,0,2,71,17,90,11,15,86,25,137,10,28,38,175
02/06/2020,SWF,NY,AEA,EN,Federal Contract Tower,14,11,5,1,31,0,0,0,0,0,14,11,5,1,31,0,0,0,31
02/07/2020,SWF,NY,AEA,EN,Federal Contract Tower,12,19,6,2,39,0,0,0,0,0,12,19,6,2,39,0,0,0,39
02/08/2020,SWF,NY,AEA,EN,Federal Contract Tower,7,11,10,3,31,0,0,2,0,2,7,11,12,3,33,22,0,22,55
02/09/2020,SWF,NY,AEA,EN,Federal Contract Tower,8,21,11,6,46,0,0,18,1,19,8,21,29,7,65,26,30,56,121
02/10/2020,SWF,NY,AEA,EN,Federal Contract Tower,7,9,5,1,22,0,0,1,0,1,7,9,6,1,23,0,0,0,23
02/11/2020,SWF,NY,AEA,EN,Federal Contract Tower,11,10,9,4,34,0,2,4,6,12,11,12,13,10,46,12,14,26,72
02/12/2020,SWF,NY,AEA,EN,Federal Contract Tower,14,12,21,12,59,0,6,71,20,97,14,18,92,32,156,20,18,38,194
02/13/2020,SWF,NY,AEA,EN,Federal Contract Tower,12,12,6,9,39,0,0,2,7,9,12,12,8,16,48,0,4,4,52
02/14/2020,SWF,NY,AEA,EN,Federal Contract Tower,16,14,14,6,50,0,3,36,4,43,16,17,50,10,93,38,2,40,133
02/15/2020,SWF,NY,AEA,EN,Federal Contract Tower,7,10,7,0,24,0,2,5,0,7,7,12,12,0,31,4,0,4,35
02/16/2020,SWF,NY,AEA,EN,Federal Contract Tower,7,7,4,0,18,0,0,13,0,13,7,7,17,0,31,12,0,12,43
02/17/2020,SWF,NY,AEA,EN,Federal Contract Tower,9,9,14,2,34,0,0,32,1,33,9,9,46,3,67,60,0,60,127
02/18/2020,SWF,NY,AEA,EN,Federal Contract Tower,10,9,10,9,38,0,0,0,0,0,10,9,10,9,38,0,0,0,38
02/19/2020,SWF,NY,AEA,EN,Federal Contract Tower,13,14,17,9,53,0,4,35,1,40,13,18,52,10,93,10,20,30,123
02/20/2020,SWF,NY,AEA,EN,Federal Contract Tower,12,13,18,5,48,0,7,64,11,82,12,20,82,16,130,38,28,66,196
02/21/2020,SWF,NY,AEA,EN,Federal Contract Tower,14,10,16,5,45,0,3,40,0,43,14,13,56,5,88,10,4,14,102
02/22/2020,SWF,NY,AEA,EN,Federal Contract Tower,6,11,15,4,36,0,1,45,2,48,6,12,60,6,84,44,14,58,142
02/23/2020,SWF,NY,AEA,EN,Federal Contract Tower,7,9,13,5,34,0,0,0,0,0,7,9,13,5,34,62,10,72,106
02/24/2020,SWF,NY,AEA,EN,Federal Contract Tower,10,12,14,1,37,0,0,7,0,7,10,12,21,1,44,4,0,4,48
02/25/2020,SWF,NY,AEA,EN,Federal Contract Tower,12,12,7,4,35,0,2,27,4,33,12,14,34,8,68,0,10,10,78
02/26/2020,SWF,NY,AEA,EN,Federal Contract Tower,9,14,11,13,47,4,0,1,0,5,13,14,12,13,52,0,0,0,52
02/27/2020,SWF,NY,AEA,EN,Federal Contract Tower,12,16,8,2,38,0,0,1,0,1,12,16,9,2,39,2,0,2,41
02/28/2020,SWF,NY,AEA,EN,Federal Contract Tower,16,21,17,2,56,0,0,30,2,32,16,21,47,4,88,0,2,2,90
02/29/2020,SWF,NY,AEA,EN,Federal Contract Tower,8,8,12,1,29,0,4,19,0,23,8,12,31,1,52,26,0,26,78
03/01/2020,SWF,NY,AEA,EN,Federal Contract Tower,6,13,23,1,43,0,3,28,0,31,6,16,51,1,74,80,0,80,154
03/02/2020,SWF,NY,AEA,EN,Federal Contract Tower,11,10,11,1,33,0,2,23,0,25,11,12,34,1,58,4,0,4,62
03/03/2020,SWF,NY,AEA,EN,Federal Contract Tower,10,10,19,4,43,0,3,35,2,40,10,13,54,6,83,14,18,32,115
03/04/2020,SWF,NY,AEA,EN,Federal Contract Tower,13,7,5,19,44,0,1,34,22,57,13,8,39,41,101,0,38,38,139
03/05/2020,SWF,NY,AEA,EN,Federal Contract Tower,12,16,18,4,50,0,8,43,2,53,12,24,61,6,103,30,0,30,133
03/06/2020,SWF,NY,AEA,EN,Federal Contract Tower,15,15,9,6,45,0,0,18,6,24,15,15,27,12,69,0,12,12,81
03/07/2020,SWF,NY,AEA,EN,Federal Contract Tower,7,9,7,0,23,0,2,10,6,18,7,11,17,6,41,0,8,8,49
03/08/2020,SWF,NY,AEA,EN,Federal Contract Tower,6,9,13,1,29,0,0,30,0,30,6,9,43,1,59,36,0,36,95
03/09/2020,SWF,NY,AEA,EN,Federal Contract Tower,9,17,14,1,41,0,8,74,4,86,9,25,88,5,127,24,0,24,151
03/10/2020,SWF,NY,AEA,EN,Federal Contract Tower,16,8,9,1,34,0,2,30,0,32,16,10,39,1,66,12,10,22,88
03/11/2020,SWF,NY,AEA,EN,Federal Contract Tower,10,11,13,1,35,0,4,46,1,51,10,15,59,2,86,48,0,48,134
03/12/2020,SWF,NY,AEA,EN,Federal Contract Tower,12,18,10,6,46,0,5,21,5,31,12,23,31,11,77,0,8,8,85
03/13/2020,SWF,NY,AEA,EN,Federal Contract Tower,15,22,10,3,50,0,0,4,0,4,15,22,14,3,54,0,0,0,54
03/14/2020,SWF,NY,AEA,EN,Federal Contract Tower,9,9,8,0,26,0,1,5,0,6,9,10,13,0,32,0,0,0,32
03/15/2020,SWF,NY,AEA,EN,Federal Contract Tower,8,13,9,0,30,0,0,41,0,41,8,13,50,0,71,80,0,80,151
03/16/2020,SWF,NY,AEA,EN,Federal Contract Tower,11,14,9,1,35,0,2,64,0,66,11,16,73,1,101,22,0,22,123
03/17/2020,SWF,NY,AEA,EN,Federal Contract Tower,13,10,7,2,32,0,0,7,0,7,13,10,14,2,39,2,0,2,41
03/18/2020,SWF,NY,AEA,EN,Federal Contract Tower,11,12,17,2,42,0,3,63,2,68,11,15,80,4,110,30,0,30,140
03/19/2020,SWF,NY,AEA,EN,Federal Contract Tower,12,12,4,0,28,0,0,0,0,0,12,12,4,0,28,0,0,0,28
03/20/2020,SWF,NY,AEA,EN,Federal Contract Tower,18,15,11,0,44,0,0,6,0,6,18,15,17,0,50,0,0,0,50
03/21/2020,SWF,NY,AEA,EN,Federal Contract Tower,10,9,14,0,33,0,1,24,0,25,10,10,38,0,58,2,0,2,60
03/22/2020,SWF,NY,AEA,EN,Federal Contract Tower,6,11,6,0,23,0,0,22,0,22,6,11,28,0,45,18,0,18,63
03/23/2020,SWF,NY,AEA,EN,Federal Contract Tower,11,9,2,0,22,0,0,0,0,0,11,9,2,0,22,0,0,0,22
03/24/2020,SWF,NY,AEA,EN,Federal Contract Tower,13,8,6,1,28,0,2,11,9,22,13,10,17,10,50,2,0,2,52
03/25/2020,SWF,NY,AEA,EN,Federal Contract Tower,8,14,8,0,30,0,1,11,1,13,8,15,19,1,43,6,0,6,49
03/26/2020,SWF,NY,AEA,EN,Federal Contract Tower,6,6,7,2,21,0,0,8,5,13,6,6,15,7,34,14,8,22,56
03/27/2020,SWF,NY,AEA,EN,Federal Contract Tower,12,12,6,1,31,0,2,19,0,21,12,14,25,1,52,22,0,22,74
03/28/2020,SWF,NY,AEA,EN,Federal Contract Tower,8,8,2,1,19,0,0,0,0,0,8,8,2,1,19,0,0,0,19
03/29/2020,SWF,NY,AEA,EN,Federal Contract Tower,3,14,2,0,19,0,0,0,0,0,3,14,2,0,19,0,0,0,19
03/30/2020,SWF,NY,AEA,EN,Federal Contract Tower,4,12,3,0,19,0,0,0,0,0,4,12,3,0,19,0,0,0,19
03/31/2020,SWF,NY,AEA,EN,Federal Contract Tower,6,10,7,2,25,0,3,4,7,14,6,13,11,9,39,0,0,0,39
04/01/2020,SWF,NY,AEA,EN,Federal Contract Tower,8,8,1,4,21,0,4,0,8,12,8,12,1,12,33,0,12,12,45
04/02/2020,SWF,NY,AEA,EN,Federal Contract Tower,8,7,1,0,16,0,1,4,0,5,8,8,5,0,21,0,0,0,21
04/03/2020,SWF,NY,AEA,EN,Federal Contract Tower,8,7,4,1,20,0,0,0,0,0,8,7,4,1,20,0,0,0,20
04/04/2020,SWF,NY,AEA,EN,Federal Contract Tower,6,7,5,0,18,0,3,1,0,4,6,10,6,0,22,0,0,0,22
04/06/2020,SWF,NY,AEA,EN,Federal Contract Tower,1,7,8,18,34,0,4,8,16,28,1,11,16,34,62,52,38,90,152
04/07/2020,SWF,NY,AEA,EN,Federal Contract Tower,10,10,14,3,37,0,4,21,2,27,10,14,35,5,64,32,0,32,96
04/08/2020,SWF,NY,AEA,EN,Federal Contract Tower,9,11,18,5,43,0,0,3,3,6,9,11,21,8,49,0,10,10,59
04/09/2020,SWF,NY,AEA,EN,Federal Contract Tower,6,7,6,1,20,0,0,0,0,0,6,7,6,1,20,0,0,0,20
04/10/2020,SWF,NY,AEA,EN,Federal Contract Tower,8,6,4,5,23,0,0,5,0,5,8,6,9,5,28,8,10,18,46
04/11/2020,SWF,NY,AEA,EN,Federal Contract Tower,6,1,4,0,11,0,0,2,0,2,6,1,6,0,13,10,0,10,23
04/12/2020,SWF,NY,AEA,EN,Federal Contract Tower,4,5,5,0,14,0,0,8,0,8,4,5,13,0,22,0,0,0,22
04/13/2020,SWF,NY,AEA,EN,Federal Contract Tower,3,2,2,0,7,0,0,0,0,0,3,2,2,0,7,0,0,0,7
04/14/2020,SWF,NY,AEA,EN,Federal Contract Tower,6,3,10,2,21,0,4,27,4,35,6,7,37,6,56,50,18,68,124
04/15/2020,SWF,NY,AEA,EN,Federal Contract Tower,6,4,2,10,22,0,1,8,4,13,6,5,10,14,35,0,38,38,73
04/16/2020,SWF,NY,AEA,EN,Federal Contract Tower,7,7,8,2,24,0,4,11,1,16,7,11,19,3,40,24,0,24,64
04/17/2020,SWF,NY,AEA,EN,Federal Contract Tower,6,6,6,3,21,0,0,11,0,11,6,6,17,3,32,0,0,0,32
04/18/2020,SWF,NY,AEA,EN,Federal Contract Tower,5,6,1,0,12,0,2,1,0,3,5,8,2,0,15,16,0,16,31
04/19/2020,SWF,NY,AEA,EN,Federal Contract Tower,3,5,7,0,15,0,2,8,0,10,3,7,15,0,25,6,0,6,31
04/20/2020,SWF,NY,AEA,EN,Federal Contract Tower,2,6,4,10,22,0,6,12,9,27,2,12,16,19,49,26,42,68,117
04/22/2020,SWF,NY,AEA,EN,Federal Contract Tower,6,11,18,7,42,0,3,24,3,30,6,14,42,10,72,68,22,90,162
04/23/2020,SWF,NY,AEA,EN,Federal Contract Tower,6,3,7,3,19,0,2,11,1,14,6,5,18,4,33,20,6,26,59
04/24/2020,SWF,NY,AEA,EN,Federal Contract Tower,13,11,11,0,35,0,0,1,0,1,13,11,12,0,36,2,0,2,38
04/25/2020,SWF,NY,AEA,EN,Federal Contract Tower,4,9,13,2,28,0,4,29,0,33,4,13,42,2,61,22,6,28,89
04/26/2020,SWF,NY,AEA,EN,Federal Contract Tower,2,4,7,0,13,0,1,2,0,3,2,5,9,0,16,0,0,0,16
04/27/2020,SWF,NY,AEA,EN,Federal Contract Tower,5,11,10,0,26,0,0,3,0,3,5,11,13,0,29,10,0,10,39
04/28/2020,SWF,NY,AEA,EN,Federal Contract Tower,6,6,2,3,17,0,0,18,0,18,6,6,20,3,35,46,0,46,81
04/29/2020,SWF,NY,AEA,EN,Federal Contract Tower,6,12,5,14,37,0,5,6,3,14,6,17,11,17,51,14,42,56,107
04/30/2020,SWF,NY,AEA,EN,Federal Contract Tower,6,4,0,5,15,0,0,0,0,0,6,4,0,5,15,0,0,0,15
05/01/2020,SWF,NY,AEA,EN,Federal Contract Tower,10,6,4,0,20,0,4,0,0,4,10,10,4,0,24,0,0,0,24
05/02/2020,SWF,NY,AEA,EN,Federal Contract Tower,3,8,13,0,24,0,0,13,0,13,3,8,26,0,37,8,0,8,45
05/03/2020,SWF,NY,AEA,EN,Federal Contract Tower,2,4,7,0,13,0,1,30,0,31,2,5,37,0,44,18,0,18,62
05/04/2020,SWF,NY,AEA,EN,Federal Contract Tower,5,4,5,1,15,0,0,3,2,5,5,4,8,3,20,0,0,0,20
05/05/2020,SWF,NY,AEA,EN,Federal Contract Tower,4,8,7,11,30,0,4,28,10,42,4,12,35,21,72,28,28,56,128
05/06/2020,SWF,NY,AEA,EN,Federal Contract Tower,6,3,11,4,24,0,5,10,2,17,6,8,21,6,41,0,8,8,49
05/07/2020,SWF,NY,AEA,EN,Federal Contract Tower,8,10,12,10,40,0,4,25,3,32,8,14,37,13,72,12,24,36,108
05/08/2020,SWF,NY,AEA,EN,Federal Contract Tower,10,9,16,6,41,0,6,18,6,30,10,15,34,12,71,14,22,36,107
05/09/2020,SWF,NY,AEA,EN,Federal Contract Tower,2,4,4,0,10,0,0,3,0,3,2,4,7,0,13,6,0,6,19
05/10/2020,SWF,NY,AEA,EN,Federal Contract Tower,2,7,6,0,15,0,1,3,0,4,2,8,9,0,19,6,0,6,25
05/11/2020,SWF,NY,AEA,EN,Federal Contract Tower,3,16,9,0,28,0,3,1,0,4,3,19,10,0,32,0,0,0,32
05/12/2020,SWF,NY,AEA,EN,Federal Contract Tower,6,10,5,7,28,0,0,14,0,14,6,10,19,7,42,54,24,78,120
05/13/2020,SWF,NY,AEA,EN,Federal Contract Tower,6,11,5,6,28,0,3,33,1,37,6,14,38,7,65,54,10,64,129
05/14/2020,SWF,NY,AEA,EN,Federal Contract Tower,10,3,6,4,23,0,2,30,12,44,10,5,36,16,67,18,20,38,105
05/15/2020,SWF,NY,AEA,EN,Federal Contract Tower,8,3,9,5,25,0,2,5,7,14,8,5,14,12,39,14,20,34,73
05/16/2020,SWF,NY,AEA,EN,Federal Contract Tower,5,17,8,3,33,0,2,26,0,28,5,19,34,3,61,4,12,16,77
05/17/2020,SWF,NY,AEA,EN,Federal Contract Tower,1,18,7,0,26,0,1,18,1,20,1,19,25,1,46,26,0,26,72
05/18/2020,SWF,NY,AEA,EN,Federal Contract Tower,3,12,3,2,20,0,0,16,1,17,3,12,19,3,37,26,10,36,73
05/19/2020,SWF,NY,AEA,EN,Federal Contract Tower,6,14,9,12,41,0,4,17,12,33,6,18,26,24,74,4,48,52,126
05/20/2020,SWF,NY,AEA,EN,Federal Contract Tower,6,13,14,3,36,0,0,23,7,30,6,13,37,10,66,50,24,74,140
05/21/2020,SWF,NY,AEA,EN,Federal Contract Tower,8,13,27,12,60,0,2,42,10,54,8,15,69,22,114,56,30,86,200
05/22/2020,SWF,NY,AEA,EN,Federal Contract Tower,8,19,17,2,46,0,1,55,1,57,8,20,72,3,103,30,6,36,139
05/23/2020,SWF,NY,AEA,EN,Federal Contract Tower,9,13,2,0,24,0,0,2,0,2,9,13,4,0,26,0,0,0,26
05/24/2020,SWF,NY,AEA,EN,Federal Contract Tower,3,8,8,0,19,0,2,23,0,25,3,10,31,0,44,24,0,24,68
05/25/2020,SWF,NY,AEA,EN,Federal Contract Tower,3,11,5,0,19,0,0,7,0,7,3,11,12,0,26,0,0,0,26
05/26/2020,SWF,NY,AEA,EN,Federal Contract Tower,4,15,21,2,42,0,0,27,5,32,4,15,48,7,74,42,0,42,116
05/27/2020,SWF,NY,AEA,EN,Federal Contract Tower,8,21,28,5,62,0,1,36,3,40,8,22,64,8,102,24,16,40,142
05/28/2020,SWF,NY,AEA,EN,Federal Contract Tower,8,16,10,7,41,0,0,0,2,2,8,16,10,9,43,0,8,8,51
05/29/2020,SWF,NY,AEA,EN,Federal Contract Tower,7,9,14,3,33,0,1,0,0,1,7,10,14,3,34,0,0,0,34
05/30/2020,SWF,NY,AEA,EN,Federal Contract Tower,5,10,7,0,22,0,4,33,0,37,5,14,40,0,59,6,0,6,65
05/31/2020,SWF,NY,AEA,EN,Federal Contract Tower,4,15,3,1,23,0,1,8,0,9,4,16,11,1,32,14,0,14,46
06/01/2020,SWF,NY,AEA,EN,Federal Contract Tower,6,6,11,2,25,0,3,28,0,31,6,9,39,2,56,26,24,50,106
06/02/2020,SWF,NY,AEA,EN,Federal Contract Tower,7,14,8,3,32,0,0,25,1,26,7,14,33,4,58,28,8,36,94
06/03/2020,SWF,NY,AEA,EN,Federal Contract Tower,8,9,13,15,45,0,0,9,6,15,8,9,22,21,60,0,10,10,70
06/04/2020,SWF,NY,AEA,EN,Federal Contract Tower,7,11,5,6,29,0,2,29,12,43,7,13,34,18,72,0,14,14,86
06/05/2020,SWF,NY,AEA,EN,Federal Contract Tower,10,11,8,2,31,0,4,9,0,13,10,15,17,2,44,6,0,6,50
06/06/2020,SWF,NY,AEA,EN,Federal Contract Tower,5,8,10,0,23,0,5,13,2,20,5,13,23,2,43,14,0,14,57
06/07/2020,SWF,NY,AEA,EN,Federal Contract Tower,2,10,8,2,22,0,7,5,3,15,2,17,13,5,37,4,0,4,41
06/08/2020,SWF,NY,AEA,EN,Federal Contract Tower,5,8,10,6,29,0,2,21,2,25,5,10,31,8,54,2,0,2,56
06/09/2020,SWF,NY,AEA,EN,Federal Contract Tower,9,11,10,15,45,0,1,25,11,37,9,12,35,26,82,8,14,22,104
06/10/2020,SWF,NY,AEA,EN,Federal Contract Tower,8,7,16,8,39,0,0,36,13,49,8,7,52,21,88,10,0,10,98
06/11/2020,SWF,NY,AEA,EN,Federal Contract Tower,8,6,12,8,34,0,0,3,30,33,8,6,15,38,67,0,12,12,79
06/12/2020,SWF,NY,AEA,EN,Federal Contract Tower,9,4,8,8,29,1,46,30,0,77,10,50,38,8,106,10,0,10,116
06/13/2020,SWF,NY,AEA,EN,Federal Contract Tower,6,5,2,5,18,0,3,9,23,35,6,8,11,28,53,8,2,10,63
06/14/2020,SWF,NY,AEA,EN,Federal Contract Tower,2,11,12,3,28,0,0,16,18,34,2,11,28,21,62,12,2,14,76
06/15/2020,SWF,NY,AEA,EN,Federal Contract Tower,6,13,4,2,25,0,0,16,3,19,6,13,20,5,44,0,0,0,44
06/16/2020,SWF,NY,AEA,EN,Federal Contract Tower,9,3,17,4,33,0,0,16,4,20,9,3,33,8,53,6,18,24,77
06/17/2020,SWF,NY,AEA,EN,Federal Contract Tower,10,7,8,7,32,0,1,44,10,55,10,8,52,17,87,38,48,86,173
06/18/2020,SWF,NY,AEA,EN,Federal Contract Tower,10,4,29,11,54,0,2,11,0,13,10,6,40,11,67,0,10,10,77
06/19/2020,SWF,NY,AEA,EN,Federal Contract Tower,11,2,9,1,23,0,0,26,1,27,11,2,35,2,50,18,0,18,68
06/20/2020,SWF,NY,AEA,EN,Federal Contract Tower,6,5,15,0,26,0,0,22,0,22,6,5,37,0,48,20,0,20,68
06/21/2020,SWF,NY,AEA,EN,Federal Contract Tower,5,8,11,0,24,0,1,19,0,20,5,9,30,0,44,10,0,10,54
06/22/2020,SWF,NY,AEA,EN,Federal Contract Tower,6,5,14,2,27,0,0,15,7,22,6,5,29,9,49,20,8,28,77
06/23/2020,SWF,NY,AEA,EN,Federal Contract Tower,8,6,13,1,28,0,3,29,0,32,8,9,42,1,60,0,0,0,60
06/24/2020,SWF,NY,AEA,EN,Federal Contract Tower,12,4,14,4,34,0,2,45,6,53,12,6,59,10,87,38,6,44,131
06/25/2020,SWF,NY,AEA,EN,Federal Contract Tower,10,7,15,2,34,0,2,54,10,66,10,9,69,12,100,10,20,30,130
06/26/2020,SWF,NY,AEA,EN,Federal Contract Tower,10,11,8,3,32,0,0,34,4,38,10,11,42,7,70,12,10,22,92
06/27/2020,SWF,NY,AEA,EN,Federal Contract Tower,4,7,3,1,15,0,0,0,0,0,4,7,3,1,15,0,0,0,15
06/28/2020,SWF,NY,AEA,EN,Federal Contract Tower,2,9,5,0,16,0,0,4,0,4,2,9,9,0,20,12,0,12,32
06/29/2020,SWF,NY,AEA,EN,Federal Contract Tower,8,9,13,1,31,0,1,17,2,20,8,10,30,3,51,12,4,16,67
06/30/2020,SWF,NY,AEA,EN,Federal Contract Tower,10,5,19,2,36,0,4,9,4,17,10,9,28,6,53,16,2,18,71
07/01/2020,SWF,NY,AEA,EN,Federal Contract Tower,10,6,33,1,50,0,3,13,1,17,10,9,46,2,67,2,14,16,83
07/02/2020,SWF,NY,AEA,EN,Federal Contract Tower,8,10,12,2,32,0,4,67,5,76,8,14,79,7,108,16,0,16,124
07/03/2020,SWF,NY,AEA,EN,Federal Contract Tower,11,3,3,0,17,0,2,19,0,21,11,5,22,0,38,24,0,24,62
07/04/2020,SWF,NY,AEA,EN,Federal Contract Tower,5,3,4,0,12,0,1,0,0,1,5,4,4,0,13,0,0,0,13
07/05/2020,SWF,NY,AEA,EN,Federal Contract Tower,5,9,7,0,21,0,0,17,0,17,5,9,24,0,38,26,0,26,64
07/07/2020,SWF,NY,AEA,EN,Federal Contract Tower,7,12,17,20,56,0,4,13,0,17,7,16,30,20,73,0,0,0,73
07/08/2020,SWF,NY,AEA,EN,Federal Contract Tower,10,9,22,2,43,0,0,5,1,6,10,9,27,3,49,22,8,30,79
07/09/2020,SWF,NY,AEA,EN,Federal Contract Tower,8,15,30,1,54,0,1,68,2,71,8,16,98,3,125,42,0,42,167
07/10/2020,SWF,NY,AEA,EN,Federal Contract Tower,10,12,10,6,38,0,0,0,0,0,10,12,10,6,38,0,0,0,38
07/11/2020,SWF,NY,AEA,EN,Federal Contract Tower,8,6,7,1,22,0,2,20,0,22,8,8,27,1,44,6,0,6,50
07/12/2020,SWF,NY,AEA,EN,Federal Contract Tower,2,11,28,1,42,0,0,38,0,38,2,11,66,1,80,22,0,22,102
07/13/2020,SWF,NY,AEA,EN,Federal Contract Tower,3,6,19,10,38,0,2,21,10,33,3,8,40,20,71,6,12,18,89
07/14/2020,SWF,NY,AEA,EN,Federal Contract Tower,9,17,20,7,53,0,0,44,15,59,9,17,64,22,112,68,18,86,198
07/15/2020,SWF,NY,AEA,EN,Federal Contract Tower,9,11,21,8,49,0,2,61,4,67,9,13,82,12,116,26,2,28,144
07/16/2020,SWF,NY,AEA,EN,Federal Contract Tower,8,11,9,4,32,0,0,23,4,27,8,11,32,8,59,0,18,18,77
07/17/2020,SWF,NY,AEA,EN,Federal Contract Tower,10,14,19,13,56,0,2,12,8,22,10,16,31,21,78,12,10,22,100
07/18/2020,SWF,NY,AEA,EN,Federal Contract Tower,7,11,8,14,40,0,0,34,1,35,7,11,42,15,75,48,14,62,137
07/19/2020,SWF,NY,AEA,EN,Federal Contract Tower,4,12,12,0,28,0,2,20,1,23,4,14,32,1,51,4,0,4,55
07/20/2020,SWF,NY,AEA,EN,Federal Contract Tower,5,6,15,4,30,0,0,23,10,33,5,6,38,14,63,16,20,36,99
07/21/2020,SWF,NY,AEA,EN,Federal Contract Tower,7,5,5,6,23,0,3,59,16,78,7,8,64,22,101,26,32,58,159
07/22/2020,SWF,NY,AEA,EN,Federal Contract Tower,12,5,5,6,28,0,2,32,2,36,12,7,37,8,64,28,2,30,94
07/23/2020,SWF,NY,AEA,EN,Federal Contract Tower,9,6,6,3,24,0,0,30,4,34,9,6,36,7,58,38,12,50,108
07/24/2020,SWF,NY,AEA,EN,Federal Contract Tower,10,9,16,3,38,0,0,18,0,18,10,9,34,3,56,18,8,26,82
07/25/2020,SWF,NY,AEA,EN,Federal Contract Tower,8,7,12,0,27,0,1,28,0,29,8,8,40,0,56,12,0,12,68
07/26/2020,SWF,NY,AEA,EN,Federal Contract Tower,2,6,15,0,23,0,2,22,0,24,2,8,37,0,47,0,0,0,47
07/27/2020,SWF,NY,AEA,EN,Federal Contract Tower,5,7,15,8,35,0,2,30,3,35,5,9,45,11,70,24,0,24,94
07/28/2020,SWF,NY,AEA,EN,Federal Contract Tower,8,1,15,3,27,0,0,27,19,46,8,1,42,22,73,26,18,44,117
07/29/2020,SWF,NY,AEA,EN,Federal Contract Tower,10,5,20,5,40,0,1,82,11,94,10,6,102,16,134,54,6,60,194
07/30/2020,SWF,NY,AEA,EN,Federal Contract Tower,8,10,19,7,44,0,2,51,6,59,8,12,70,13,103,36,8,44,147
07/31/2020,SWF,NY,AEA,EN,Federal Contract Tower,10,9,13,5,37,0,4,34,6,44,10,13,47,11,81,10,8,18,99
08/01/2020,SWF,NY,AEA,EN,Federal Contract Tower,7,6,14,7,34,0,4,46,7,57,7,10,60,14,91,12,44,56,147
08/02/2020,SWF,NY,AEA,EN,Federal Contract Tower,1,2,10,0,13,0,0,0,0,0,1,2,10,0,13,0,0,0,13
08/03/2020,SWF,NY,AEA,EN,Federal Contract Tower,7,20,16,1,44,0,0,62,1,63,7,20,78,2,107,30,0,30,137
08/04/2020,SWF,NY,AEA,EN,Federal Contract Tower,9,4,4,0,17,0,0,1,0,1,9,4,5,0,18,0,0,0,18
08/05/2020,SWF,NY,AEA,EN,Federal Contract Tower,10,13,16,15,54,0,6,42,13,61,10,19,58,28,115,46,28,74,189
08/06/2020,SWF,NY,AEA,EN,Federal Contract Tower,10,16,16,16,58,0,4,20,13,37,10,20,36,29,95,44,10,54,149
08/07/2020,SWF,NY,AEA,EN,Federal Contract Tower,12,9,11,1,33,0,1,11,10,22,12,10,22,11,55,0,0,0,55
08/08/2020,SWF,NY,AEA,EN,Federal Contract Tower,7,9,19,8,43,0,3,22,1,26,7,12,41,9,69,18,0,18,87
08/09/2020,SWF,NY,AEA,EN,Federal Contract Tower,2,7,13,7,29,0,1,16,7,24,2,8,29,14,53,34,0,34,87
08/10/2020,SWF,NY,AEA,EN,Federal Contract Tower,7,9,13,12,41,0,0,48,4,52,7,9,61,16,93,8,32,40,133
08/11/2020,SWF,NY,AEA,EN,Federal Contract Tower,10,4,11,22,47,0,2,36,18,56,10,6,47,40,103,4,32,36,139
08/12/2020,SWF,NY,AEA,EN,Federal Contract Tower,15,10,25,16,66,0,2,55,16,73,15,12,80,32,139,24,60,84,223
08/13/2020,SWF,NY,AEA,EN,Federal Contract Tower,12,8,7,17,44,0,2,35,7,44,12,10,42,24,88,36,0,36,124
08/14/2020,SWF,NY,AEA,EN,Federal Contract Tower,14,9,15,4,42,0,3,35,10,48,14,12,50,14,90,26,12,38,128
08/15/2020,SWF,NY,AEA,EN,Federal Contract Tower,7,7,18,1,33,0,2,20,0,22,7,9,38,1,55,26,0,26,81
08/16/2020,SWF,NY,AEA,EN,Federal Contract Tower,2,6,26,0,34,0,0,1,0,1,2,6,27,0,35,0,0,0,35
08/17/2020,SWF,NY,AEA,EN,Federal Contract Tower,6,10,13,5,34,0,0,12,4,16,6,10,25,9,50,0,12,12,62
08/18/2020,SWF,NY,AEA,EN,Federal Contract Tower,8,17,21,9,55,0,2,73,13,88,8,19,94,22,143,10,42,52,195
08/19/2020,SWF,NY,AEA,EN,Federal Contract Tower,8,17,12,8,45,0,8,47,5,60,8,25,59,13,105,74,30,104,209
08/20/2020,SWF,NY,AEA,EN,Federal Contract Tower,10,18,16,6,50,0,1,28,10,39,10,19,44,16,89,54,12,66,155
08/21/2020,SWF,NY,AEA,EN,Federal Contract Tower,10,20,12,14,56,0,0,20,0,20,10,20,32,14,76,12,0,12,88
08/22/2020,SWF,NY,AEA,EN,Federal Contract Tower,5,9,15,0,29,0,1,29,1,31,5,10,44,1,60,6,0,6,66
08/23/2020,SWF,NY,AEA,EN,Federal Contract Tower,2,9,9,2,22,0,0,16,3,19,2,9,25,5,41,4,6,10,51
08/24/2020,SWF,NY,AEA,EN,Federal Contract Tower,6,10,26,7,49,0,2,47,10,59,6,12,73,17,108,8,14,22,130
08/25/2020,SWF,NY,AEA,EN,Federal Contract Tower,8,4,17,4,33,0,2,18,3,23,8,6,35,7,56,28,4,32,88
08/26/2020,SWF,NY,AEA,EN,Federal Contract Tower,8,7,9,8,32,0,2,32,17,51,8,9,41,25,83,20,24,44,127
08/27/2020,SWF,NY,AEA,EN,Federal Contract Tower,9,5,4,6,24,0,0,1,4,5,9,5,5,10,29,8,6,14,43
08/28/2020,SWF,NY,AEA,EN,Federal Contract Tower,12,13,32,10,67,0,0,24,31,55,12,13,56,41,122,0,0,0,122
08/29/2020,SWF,NY,AEA,EN,Federal Contract Tower,5,9,11,2,27,0,0,12,0,12,5,9,23,2,39,2,0,2,41
08/30/2020,SWF,NY,AEA,EN,Federal Contract Tower,2,9,11,3,25,0,0,33,14,47,2,9,44,17,72,0,0,0,72
08/31/2020,SWF,NY,AEA,EN,Federal Contract Tower,6,10,11,10,37,0,1,26,4,31,6,11,37,14,68,0,0,0,68
09/01/2020,SWF,NY,AEA,EN,Federal Contract Tower,8,8,14,16,46,0,0,8,0,8,8,8,22,16,54,0,0,0,54
09/02/2020,SWF,NY,AEA,EN,Federal Contract Tower,8,10,16,17,51,0,0,4,6,10,8,10,20,23,61,6,10,16,77
09/03/2020,SWF,NY,AEA,EN,Federal Contract Tower,10,20,10,6,46,0,1,33,5,39,10,21,43,11,85,30,14,44,129
09/05/2020,SWF,NY,AEA,EN,Federal Contract Tower,6,3,7,5,21,0,0,46,8,54,6,3,53,13,75,16,0,16,91
09/07/2020,SWF,NY,AEA,EN,Federal Contract Tower,8,13,19,0,40,0,2,48,2,52,8,15,67,2,92,36,0,36,128
09/08/2020,SWF,NY,AEA,EN,Federal Contract Tower,9,3,22,10,44,0,0,83,19,102,9,3,105,29,146,42,16,58,204
09/09/2020,SWF,NY,AEA,EN,Federal Contract Tower,8,14,18,10,50,0,4,33,20,57,8,18,51,30,107,14,18,32,139
09/10/2020,SWF,NY,AEA,EN,Federal Contract Tower,10,7,16,3,36,0,1,3,1,5,10,8,19,4,41,0,0,0,41
09/11/2020,SWF,NY,AEA,EN,Federal Contract Tower,8,4,13,17,42,0,0,21,2,23,8,4,34,19,65,22,32,54,119
09/12/2020,SWF,NY,AEA,EN,Federal Contract Tower,5,5,4,7,21,0,0,18,8,26,5,5,22,15,47,38,30,68,115
09/13/2020,SWF,NY,AEA,EN,Federal Contract Tower,2,8,8,1,19,0,2,35,0,37,2,10,43,1,56,10,0,10,66
09/14/2020,SWF,NY,AEA,EN,Federal Contract Tower,1,11,15,3,30,0,2,27,3,32,1,13,42,6,62,2,0,2,64
09/15/2020,SWF,NY,AEA,EN,Federal Contract Tower,8,12,15,10,45,0,11,26,12,49,8,23,41,22,94,20,44,64,158
09/16/2020,SWF,NY,AEA,EN,Federal Contract Tower,8,12,27,4,51,0,1,23,10,34,8,13,50,14,85,26,42,68,153
09/17/2020,SWF,NY,AEA,EN,Federal Contract Tower,12,16,18,7,53,0,0,28,0,28,12,16,46,7,81,42,10,52,133
09/18/2020,SWF,NY,AEA,EN,Federal Contract Tower,8,11,15,8,42,0,0,11,0,11,8,11,26,8,53,14,0,14,67
09/19/2020,SWF,NY,AEA,EN,Federal Contract Tower,3,2,10,3,18,0,0,46,1,47,3,2,56,4,65,46,0,46,111
09/20/2020,SWF,NY,AEA,EN,Federal Contract Tower,3,10,11,6,30,0,1,53,2,56,3,11,64,8,86,22,8,30,116
09/21/2020,SWF,NY,AEA,EN,Federal Contract Tower,0,12,18,8,38,0,2,51,8,61,0,14,69,16,99,8,6,14,113
09/22/2020,SWF,NY,AEA,EN,Federal Contract Tower,8,5,19,4,36,0,9,17,3,29,8,14,36,7,65,28,14,42,107
09/23/2020,SWF,NY,AEA,EN,Federal Contract Tower,8,12,25,7,52,0,4,36,9,49,8,16,61,16,101,12,42,54,155
09/24/2020,SWF,NY,AEA,EN,Federal Contract Tower,14,8,15,9,46,0,0,28,0,28,14,8,43,9,74,4,78,82,156
09/25/2020,SWF,NY,AEA,EN,Federal Contract Tower,12,12,22,4,50,0,0,36,1,37,12,12,58,5,87,22,0,22,109
09/26/2020,SWF,NY,AEA,EN,Federal Contract Tower,5,6,12,5,28,0,0,35,2,37,5,6,47,7,65,34,0,34,99
09/27/2020,SWF,NY,AEA,EN,Federal Contract Tower,2,13,23,0,38,0,0,58,0,58,2,13,81,0,96,20,0,20,116
09/28/2020,SWF,NY,AEA,EN,Federal Contract Tower,0,9,27,5,41,0,2,21,1,24,0,11,48,6,65,10,0,10,75
09/29/2020,SWF,NY,AEA,EN,Federal Contract Tower,10,2,12,2,26,0,0,2,0,2,10,2,14,2,28,0,0,0,28
09/30/2020,SWF,NY,AEA,EN,Federal Contract Tower,11,12,21,7,51,0,2,28,3,33,11,14,49,10,84,14,20,34,118
10/01/2020,SWF,NY,AEA,EN,Federal Contract Tower,14,3,10,7,34,0,2,15,2,19,14,5,25,9,53,18,14,32,85
10/02/2020,SWF,NY,AEA,EN,Federal Contract Tower,16,7,13,8,44,0,0,12,5,17,16,7,25,13,61,8,38,46,107
10/03/2020,SWF,NY,AEA,EN,Federal Contract Tower,4,3,6,2,15,0,0,51,6,57,4,3,57,8,72,34,0,34,106
10/04/2020,SWF,NY,AEA,EN,Federal Contract Tower,3,16,10,1,30,0,5,52,5,62,3,21,62,6,92,36,16,52,144
10/05/2020,SWF,NY,AEA,EN,Federal Contract Tower,5,11,16,2,34,0,3,34,4,41,5,14,50,6,75,38,6,44,119
10/06/2020,SWF,NY,AEA,EN,Federal Contract Tower,8,6,41,5,60,0,0,29,6,35,8,6,70,11,95,44,4,48,143
10/07/2020,SWF,NY,AEA,EN,Federal Contract Tower,9,10,21,3,43,0,0,20,3,23,9,10,41,6,66,30,8,38,104
10/08/2020,SWF,NY,AEA,EN,Federal Contract Tower,13,10,20,5,48,0,0,24,6,30,13,10,44,11,78,6,30,36,114
10/09/2020,SWF,NY,AEA,EN,Federal Contract Tower,12,18,25,3,58,0,4,50,4,58,12,22,75,7,116,10,0,10,126
10/10/2020,SWF,NY,AEA,EN,Federal Contract Tower,5,7,3,5,20,0,1,26,0,27,5,8,29,5,47,30,0,30,77
10/11/2020,SWF,NY,AEA,EN,Federal Contract Tower,2,5,13,0,20,0,3,77,2,82,2,8,90,2,102,36,0,36,138
10/12/2020,SWF,NY,AEA,EN,Federal Contract Tower,5,5,14,0,24,0,0,0,0,0,5,5,14,0,24,0,0,0,24
10/13/2020,SWF,NY,AEA,EN,Federal Contract Tower,5,6,9,0,20,0,0,0,0,0,5,6,9,0,20,0,0,0,20
10/14/2020,SWF,NY,AEA,EN,Federal Contract Tower,8,7,10,9,34,0,1,41,6,48,8,8,51,15,82,75,50,125,207
10/15/2020,SWF,NY,AEA,EN,Federal Contract Tower,9,10,16,3,38,0,2,23,5,30,9,12,39,8,68,18,10,28,96
10/16/2020,SWF,NY,AEA,EN,Federal Contract Tower,13,9,21,3,46,0,0,0,0,0,13,9,21,3,46,0,0,0,46
10/17/2020,SWF,NY,AEA,EN,Federal Contract Tower,0,1,16,0,17,0,0,1,0,1,0,1,17,0,18,26,0,26,44
10/18/2020,SWF,NY,AEA,EN,Federal Contract Tower,5,8,21,1,35,0,0,1,0,1,5,8,22,1,36,16,8,24,60
10/19/2020,SWF,NY,AEA,EN,Federal Contract Tower,2,12,8,2,24,0,2,36,2,40,2,14,44,4,64,8,4,12,76
10/20/2020,SWF,NY,AEA,EN,Federal Contract Tower,8,9,24,1,42,0,0,2,0,2,8,9,26,1,44,10,0,10,54
10/21/2020,SWF,NY,AEA,EN,Federal Contract Tower,8,10,26,10,54,0,0,8,4,12,8,10,34,14,66,6,18,24,90
10/22/2020,SWF,NY,AEA,EN,Federal Contract Tower,9,10,42,7,68,0,0,14,1,15,9,10,56,8,83,10,20,30,113
10/23/2020,SWF,NY,AEA,EN,Federal Contract Tower,12,7,27,3,49,0,0,9,4,13,12,7,36,7,62,8,0,8,70
10/24/2020,SWF,NY,AEA,EN,Federal Contract Tower,3,5,5,1,14,0,0,1,0,1,3,5,6,1,15,18,0,18,33
10/25/2020,SWF,NY,AEA,EN,Federal Contract Tower,5,10,11,3,29,0,2,46,4,52,5,12,57,7,81,2,0,2,83
10/26/2020,SWF,NY,AEA,EN,Federal Contract Tower,5,5,15,10,35,0,0,0,0,0,5,5,15,10,35,0,0,0,35
10/27/2020,SWF,NY,AEA,EN,Federal Contract Tower,10,8,24,6,48,0,3,4,1,8,10,11,28,7,56,2,10,12,68
10/28/2020,SWF,NY,AEA,EN,Federal Contract Tower,8,4,22,6,40,0,0,14,2,16,8,4,36,8,56,6,0,6,62
10/29/2020,SWF,NY,AEA,EN,Federal Contract Tower,8,1,16,4,29,0,0,0,0,0,8,1,16,4,29,0,0,0,29
10/30/2020,SWF,NY,AEA,EN,Federal Contract Tower,12,7,8,0,27,0,0,0,0,0,12,7,8,0,27,0,0,0,27
10/31/2020,SWF,NY,AEA,EN,Federal Contract Tower,3,9,7,0,19,0,3,65,2,70,3,12,72,2,89,32,0,32,121
11/01/2020,SWF,NY,AEA,EN,Federal Contract Tower,0,11,10,2,23,0,0,0,0,0,0,11,10,2,23,0,0,0,23
11/02/2020,SWF,NY,AEA,EN,Federal Contract Tower,4,9,11,2,26,0,0,0,0,0,4,9,11,2,26,0,0,0,26
11/03/2020,SWF,NY,AEA,EN,Federal Contract Tower,7,4,14,6,31,0,0,0,0,0,7,4,14,6,31,12,16,28,59
11/04/2020,SWF,NY,AEA,EN,Federal Contract Tower,8,10,26,11,55,0,0,0,0,0,8,10,26,11,55,16,18,34,89
11/05/2020,SWF,NY,AEA,EN,Federal Contract Tower,2,5,6,1,14,0,2,29,4,35,2,7,35,5,49,8,0,8,57
11/06/2020,SWF,NY,AEA,EN,Federal Contract Tower,10,5,11,5,31,0,2,51,11,64,10,7,62,16,95,36,6,42,137
11/07/2020,SWF,NY,AEA,EN,Federal Contract Tower,3,5,8,3,19,0,2,59,4,65,3,7,67,7,84,18,0,18,102
11/08/2020,SWF,NY,AEA,EN,Federal Contract Tower,2,4,15,1,22,0,3,29,1,33,2,7,44,2,55,0,0,0,55
11/09/2020,SWF,NY,AEA,EN,Federal Contract Tower,7,6,12,1,26,0,6,24,5,35,7,12,36,6,61,0,0,0,61
11/10/2020,SWF,NY,AEA,EN,Federal Contract Tower,5,2,0,0,7,0,0,0,0,0,5,2,0,0,7,0,0,0,7
11/11/2020,SWF,NY,AEA,EN,Federal Contract Tower,10,12,14,5,41,0,0,1,7,8,10,12,15,12,49,0,0,0,49
11/12/2020,SWF,NY,AEA,EN,Federal Contract Tower,8,10,12,3,33,0,0,6,0,6,8,10,18,3,39,4,0,4,43
11/13/2020,SWF,NY,AEA,EN,Federal Contract Tower,6,3,10,3,22,0,0,4,0,4,6,3,14,3,26,16,0,16,42
11/14/2020,SWF,NY,AEA,EN,Federal Contract Tower,5,8,17,0,30,0,3,43,2,48,5,11,60,2,78,22,0,22,100
11/15/2020,SWF,NY,AEA,EN,Federal Contract Tower,2,5,6,3,16,0,2,6,0,8,2,7,12,3,24,0,2,2,26
11/16/2020,SWF,NY,AEA,EN,Federal Contract Tower,5,7,13,2,27,0,0,8,0,8,5,7,21,2,35,12,0,12,47
11/17/2020,SWF,NY,AEA,EN,Federal Contract Tower,8,9,12,5,34,0,2,16,9,27,8,11,28,14,61,18,20,38,99
11/18/2020,SWF,NY,AEA,EN,Federal Contract Tower,7,8,23,9,47,0,2,43,4,49,7,10,66,13,96,14,20,34,130
11/30/2020,SWF,NY,AEA,EN,Federal Contract Tower,6,9,15,0,30,0,0,0,0,0,6,9,15,0,30,0,0,0,30
12/03/2020,SWF,NY,AEA,EN,Federal Contract Tower,12,3,24,6,45,0,6,60,8,74,12,9,84,14,119,12,10,22,141
12/04/2020,SWF,NY,AEA,EN,Federal Contract Tower,10,8,8,7,33,0,1,44,10,55,10,9,52,17,88,6,26,32,120
12/05/2020,SWF,NY,AEA,EN,Federal Contract Tower,3,6,3,0,12,0,2,0,0,2,3,8,3,0,14,0,0,0,14
12/06/2020,SWF,NY,AEA,EN,Federal Contract Tower,5,5,11,0,21,0,2,9,0,11,5,7,20,0,32,34,0,34,66
12/07/2020,SWF,NY,AEA,EN,Federal Contract Tower,3,8,6,7,24,0,0,16,0,16,3,8,22,7,40,22,0,22,62
12/09/2020,SWF,NY,AEA,EN,Federal Contract Tower,10,3,15,9,37,0,0,16,13,29,10,3,31,22,66,4,4,8,74
12/10/2020,SWF,NY,AEA,EN,Federal Contract Tower,9,2,16,13,40,0,3,38,11,52,9,5,54,24,92,32,42,74,166
12/11/2020,SWF,NY,AEA,EN,Federal Contract Tower,10,10,13,16,49,0,9,45,17,71,10,19,58,33,120,36,32,68,188
12/12/2020,SWF,NY,AEA,EN,Federal Contract Tower,4,6,13,13,36,0,0,0,0,0,4,6,13,13,36,0,0,0,36
12/13/2020,SWF,NY,AEA,EN,Federal Contract Tower,5,11,13,4,33,0,1,16,5,22,5,12,29,9,55,6,0,6,61
12/14/2020,SWF,NY,AEA,EN,Federal Contract Tower,2,6,10,0,18,0,1,0,0,1,2,7,10,0,19,2,0,2,21
12/16/2020,SWF,NY,AEA,EN,Federal Contract Tower,10,11,5,4,30,0,1,18,3,22,10,12,23,7,52,10,0,10,62
12/17/2020,SWF,NY,AEA,EN,Federal Contract Tower,10,8,2,0,20,0,0,2,0,2,10,8,4,0,22,0,0,0,22
12/18/2020,SWF,NY,AEA,EN,Federal Contract Tower,17,8,22,4,51,0,0,22,2,24,17,8,44,6,75,20,0,20,95
12/19/2020,SWF,NY,AEA,EN,Federal Contract Tower,7,2,13,7,29,0,0,11,3,14,7,2,24,10,43,0,0,0,43
12/20/2020,SWF,NY,AEA,EN,Federal Contract Tower,11,6,13,1,31,0,0,7,0,7,11,6,20,1,38,20,0,20,58
12/21/2020,SWF,NY,AEA,EN,Federal Contract Tower,9,5,11,0,25,0,2,14,0,16,9,7,25,0,41,14,0,14,55
12/23/2020,SWF,NY,AEA,EN,Federal Contract Tower,11,8,14,1,34,0,5,55,0,60,11,13,69,1,94,12,0,12,106
12/24/2020,SWF,NY,AEA,EN,Federal Contract Tower,14,3,2,0,19,0,0,0,0,0,14,3,2,0,19,0,0,0,19
12/25/2020,SWF,NY,AEA,EN,Federal Contract Tower,0,5,0,0,5,0,0,0,0,0,0,5,0,0,5,0,0,0,5
12/26/2020,SWF,NY,AEA,EN,Federal Contract Tower,5,1,12,2,20,0,0,6,0,6,5,1,18,2,26,0,0,0,26
12/27/2020,SWF,NY,AEA,EN,Federal Contract Tower,5,6,12,0,23,0,1,31,0,32,5,7,43,0,55,22,0,22,77
12/29/2020,SWF,NY,AEA,EN,Federal Contract Tower,12,5,19,1,37,0,1,16,0,17,12,6,35,1,54,22,0,22,76
12/30/2020,SWF,NY,AEA,EN,Federal Contract Tower,14,4,6,0,24,0,1,47,1,49,14,5,53,1,73,0,4,4,77
12/31/2020,SWF,NY,AEA,EN,Federal Contract Tower,14,0,4,0,18,0,2,12,0,14,14,2,16,0,32,0,0,0,32
01/01/2021,SWF,NY,AEA,EN,Federal Contract Tower,1,4,9,3,17,0,2,2,0,4,1,6,11,3,21,22,0,22,43
01/02/2021,SWF,NY,AEA,EN,Federal Contract Tower,5,10,17,0,32,0,0,6,0,6,5,10,23,0,38,0,0,0,38
01/03/2021,SWF,NY,AEA,EN,Federal Contract Tower,4,6,8,0,18,0,0,0,0,0,4,6,8,0,18,0,0,0,18
01/04/2021,SWF,NY,AEA,EN,Federal Contract Tower,2,2,4,1,9,0,0,0,0,0,2,2,4,1,9,0,0,0,9
01/05/2021,SWF,NY,AEA,EN,Federal Contract Tower,7,4,27,6,44,0,0,23,6,29,7,4,50,12,73,12,0,12,85
01/06/2021,SWF,NY,AEA,EN,Federal Contract Tower,9,4,10,10,33,0,5,38,6,49,9,9,48,16,82,14,28,42,124
01/07/2021,SWF,NY,AEA,EN,Federal Contract Tower,10,6,13,14,43,0,1,26,2,29,10,7,39,16,72,40,30,70,142
01/08/2021,SWF,NY,AEA,EN,Federal Contract Tower,11,5,10,2,28,0,0,34,1,35,11,5,44,3,63,44,24,68,131
01/09/2021,SWF,NY,AEA,EN,Federal Contract Tower,4,6,14,2,26,0,0,16,0,16,4,6,30,2,42,12,0,12,54
01/10/2021,SWF,NY,AEA,EN,Federal Contract Tower,2,4,11,1,18,0,2,38,0,40,2,6,49,1,58,40,0,40,98
01/11/2021,SWF,NY,AEA,EN,Federal Contract Tower,0,4,5,1,10,0,0,22,4,26,0,4,27,5,36,10,0,10,46
01/12/2021,SWF,NY,AEA,EN,Federal Contract Tower,8,6,3,7,24,0,3,25,6,34,8,9,28,13,58,0,40,40,98
01/13/2021,SWF,NY,AEA,EN,Federal Contract Tower,8,2,22,3,35,0,8,35,9,52,8,10,57,12,87,16,0,16,103
01/14/2021,SWF,NY,AEA,EN,Federal Contract Tower,10,4,8,9,31,0,1,5,1,7,10,5,13,10,38,10,22,32,70
01/15/2021,SWF,NY,AEA,EN,Federal Contract Tower,10,11,2,1,24,0,0,0,0,0,10,11,2,1,24,0,0,0,24
01/16/2021,SWF,NY,AEA,EN,Federal Contract Tower,2,3,5,0,10,0,0,1,0,1,2,3,6,0,11,0,0,0,11
01/17/2021,SWF,NY,AEA,EN,Federal Contract Tower,0,0,4,0,4,0,0,0,0,0,0,0,4,0,4,0,0,0,4
01/18/2021,SWF,NY,AEA,EN,Federal Contract Tower,1,10,17,4,32,0,3,32,0,35,1,13,49,4,67,10,0,10,77
01/19/2021,SWF,NY,AEA,EN,Federal Contract Tower,6,8,14,4,32,0,2,17,2,21,6,10,31,6,53,10,0,10,63
01/20/2021,SWF,NY,AEA,EN,Federal Contract Tower,6,10,4,2,22,0,2,20,4,26,6,12,24,6,48,20,10,30,78
01/21/2021,SWF,NY,AEA,EN,Federal Contract Tower,4,6,8,6,24,0,0,21,3,24,4,6,29,9,48,4,24,28,76
01/23/2021,SWF,NY,AEA,EN,Federal Contract Tower,3,12,12,1,28,0,0,11,0,11,3,12,23,1,39,2,0,2,41
01/25/2021,SWF,NY,AEA,EN,Federal Contract Tower,5,3,11,11,30,0,3,27,4,34,5,6,38,15,64,18,16,34,98
01/26/2021,SWF,NY,AEA,EN,Federal Contract Tower,10,8,1,0,19,0,0,2,0,2,10,8,3,0,21,0,0,0,21
01/27/2021,SWF,NY,AEA,EN,Federal Contract Tower,10,6,8,2,26,0,0,1,3,4,10,6,9,5,30,0,2,2,32
01/28/2021,SWF,NY,AEA,EN,Federal Contract Tower,13,9,15,7,44,0,0,11,17,28,13,9,26,24,72,16,22,38,110
01/30/2021,SWF,NY,AEA,EN,Federal Contract Tower,5,7,20,0,32,0,0,38,15,53,5,7,58,15,85,38,0,38,123
02/01/2021,SWF,NY,AEA,EN,Federal Contract Tower,0,0,2,0,2,0,0,0,0,0,0,0,2,0,2,0,0,0,2
02/02/2021,SWF,NY,AEA,EN,Federal Contract Tower,8,6,0,0,14,0,0,0,0,0,8,6,0,0,14,0,0,0,14
02/03/2021,SWF,NY,AEA,EN,Federal Contract Tower,11,11,12,2,36,0,3,8,0,11,11,14,20,2,47,0,0,0,47
02/04/2021,SWF,NY,AEA,EN,Federal Contract Tower,12,12,29,6,59,0,3,40,5,48,12,15,69,11,107,32,12,44,151
02/05/2021,SWF,NY,AEA,EN,Federal Contract Tower,9,5,11,1,26,0,1,7,2,10,9,6,18,3,36,0,32,32,68
02/08/2021,SWF,NY,AEA,EN,Federal Contract Tower,3,5,17,1,26,0,4,58,5,67,3,9,75,6,93,76,38,114,207
02/09/2021,SWF,NY,AEA,EN,Federal Contract Tower,10,7,6,0,23,0,0,0,0,0,10,7,6,0,23,0,0,0,23
02/10/2021,SWF,NY,AEA,EN,Federal Contract Tower,11,10,23,4,48,0,2,34,6,42,11,12,57,10,90,30,16,46,136
02/11/2021,SWF,NY,AEA,EN,Federal Contract Tower,7,11,11,6,35,0,2,16,0,18,7,13,27,6,53,30,34,64,117
02/12/2021,SWF,NY,AEA,EN,Federal Contract Tower,13,6,15,3,37,0,1,20,0,21,13,7,35,3,58,10,0,10,68
02/14/2021,SWF,NY,AEA,EN,Federal Contract Tower,3,6,10,1,20,0,0,2,0,2,3,6,12,1,22,0,0,0,22
02/15/2021,SWF,NY,AEA,EN,Federal Contract Tower,4,6,4,0,14,0,0,0,0,0,4,6,4,0,14,0,0,0,14
02/16/2021,SWF,NY,AEA,EN,Federal Contract Tower,2,2,4,8,16,0,0,3,0,3,2,2,7,8,19,0,0,0,19
02/17/2021,SWF,NY,AEA,EN,Federal Contract Tower,7,8,23,10,48,0,0,32,0,32,7,8,55,10,80,10,44,54,134
02/19/2021,SWF,NY,AEA,EN,Federal Contract Tower,10,13,5,0,28,0,0,0,0,0,10,13,5,0,28,0,0,0,28
02/21/2021,SWF,NY,AEA,EN,Federal Contract Tower,2,6,18,0,26,0,0,60,2,62,2,6,78,2,88,22,0,22,110
02/22/2021,SWF,NY,AEA,EN,Federal Contract Tower,5,6,5,2,18,0,1,1,0,2,5,7,6,2,20,0,0,0,20
02/23/2021,SWF,NY,AEA,EN,Federal Contract Tower,12,4,8,6,30,0,0,3,0,3,12,4,11,6,33,0,16,16,49
02/24/2021,SWF,NY,AEA,EN,Federal Contract Tower,9,7,12,6,34,0,2,22,0,24,9,9,34,6,58,16,0,16,74
02/25/2021,SWF,NY,AEA,EN,Federal Contract Tower,8,9,17,8,42,0,1,34,4,39,8,10,51,12,81,28,20,48,129
02/26/2021,SWF,NY,AEA,EN,Federal Contract Tower,12,11,26,12,61,0,4,37,8,49,12,15,63,20,110,36,6,42,152
02/27/2021,SWF,NY,AEA,EN,Federal Contract Tower,6,8,7,2,23,0,0,0,0,0,6,8,7,2,23,0,0,0,23
02/28/2021,SWF,NY,AEA,EN,Federal Contract Tower,3,8,11,1,23,0,1,35,0,36,3,9,46,1,59,22,0,22,81
03/01/2021,SWF,NY,AEA,EN,Federal Contract Tower,4,12,6,2,24,0,5,4,0,9,4,17,10,2,33,4,0,4,37
03/02/2021,SWF,NY,AEA,EN,Federal Contract Tower,8,10,16,3,37,0,0,17,0,17,8,10,33,3,54,28,16,44,98
03/03/2021,SWF,NY,AEA,EN,Federal Contract Tower,8,13,18,9,48,0,1,47,13,61,8,14,65,22,109,38,20,58,167
03/04/2021,SWF,NY,AEA,EN,Federal Contract Tower,10,11,20,11,52,0,0,19,4,23,10,11,39,15,75,4,16,20,95
03/06/2021,SWF,NY,AEA,EN,Federal Contract Tower,4,10,11,1,26,0,2,30,3,35,4,12,41,4,61,20,12,32,93
03/07/2021,SWF,NY,AEA,EN,Federal Contract Tower,2,9,19,1,31,0,1,59,2,62,2,10,78,3,93,30,26,56,149
03/08/2021,SWF,NY,AEA,EN,Federal Contract Tower,5,5,6,4,20,0,1,77,3,81,5,6,83,7,101,50,10,60,161
03/09/2021,SWF,NY,AEA,EN,Federal Contract Tower,15,10,10,6,41,0,1,25,0,26,15,11,35,6,67,46,0,46,113
03/10/2021,SWF,NY,AEA,EN,Federal Contract Tower,11,13,15,12,51,0,3,32,2,37,11,16,47,14,88,12,20,32,120
03/11/2021,SWF,NY,AEA,EN,Federal Contract Tower,11,10,20,4,45,0,4,18,5,27,11,14,38,9,72,22,14,36,108
03/13/2021,SWF,NY,AEA,EN,Federal Contract Tower,3,8,10,0,21,0,0,40,1,41,3,8,50,1,62,18,6,24,86
03/14/2021,SWF,NY,AEA,EN,Federal Contract Tower,2,8,14,0,24,0,0,26,0,26,2,8,40,0,50,8,0,8,58
03/15/2021,SWF,NY,AEA,EN,Federal Contract Tower,5,6,4,7,22,0,4,14,9,27,5,10,18,16,49,18,0,18,67
03/16/2021,SWF,NY,AEA,EN,Federal Contract Tower,10,10,16,8,44,0,2,45,10,57,10,12,61,18,101,10,8,18,119
03/18/2021,SWF,NY,AEA,EN,Federal Contract Tower,9,9,12,3,33,0,0,0,0,0,9,9,12,3,33,0,0,0,33
03/20/2021,SWF,NY,AEA,EN,Federal Contract Tower,3,2,15,2,22,0,4,81,2,87,3,6,96,4,109,36,16,52,161
03/21/2021,SWF,NY,AEA,EN,Federal Contract Tower,2,4,10,0,16,0,2,37,0,39,2,6,47,0,55,32,0,32,87
03/22/2021,SWF,NY,AEA,EN,Federal Contract Tower,5,8,11,1,25,0,0,28,4,32,5,8,39,5,57,12,0,12,69
03/23/2021,SWF,NY,AEA,EN,Federal Contract Tower,14,5,19,3,41,0,0,35,5,40,14,5,54,8,81,16,10,26,107
03/24/2021,SWF,NY,AEA,EN,Federal Contract Tower,10,9,15,12,46,0,0,2,1,3,10,9,17,13,49,4,0,4,53
03/26/2021,SWF,NY,AEA,EN,Federal Contract Tower,14,26,5,4,49,0,0,6,6,12,14,26,11,10,61,0,0,0,61
03/27/2021,SWF,NY,AEA,EN,Federal Contract Tower,5,13,16,0,34,0,1,87,0,88,5,14,103,0,122,26,0,26,148
03/28/2021,SWF,NY,AEA,EN,Federal Contract Tower,2,16,13,0,31,0,0,2,0,2,2,16,15,0,33,0,0,0,33
03/29/2021,SWF,NY,AEA,EN,Federal Contract Tower,5,9,12,3,29,0,4,13,3,20,5,13,25,6,49,22,0,22,71
03/30/2021,SWF,NY,AEA,EN,Federal Contract Tower,8,9,19,8,44,0,3,33,10,46,8,12,52,18,90,18,46,64,154
03/31/2021,SWF,NY,AEA,EN,Federal Contract Tower,9,8,17,4,38,0,2,3,0,5,9,10,20,4,43,0,0,0,43
04/02/2021,SWF,NY,AEA,EN,Federal Contract Tower,10,9,16,3,38,0,5,36,0,41,10,14,52,3,79,2,0,2,81
04/03/2021,SWF,NY,AEA,EN,Federal Contract Tower,5,8,16,3,32,0,3,56,1,60,5,11,72,4,92,6,0,6,98
04/04/2021,SWF,NY,AEA,EN,Federal Contract Tower,2,10,12,0,24,0,1,59,0,60,2,11,71,0,84,20,0,20,104
04/05/2021,SWF,NY,AEA,EN,Federal Contract Tower,5,8,11,1,25,0,0,34,0,34,5,8,45,1,59,130,0,130,189
04/06/2021,SWF,NY,AEA,EN,Federal Contract Tower,2,3,18,5,28,0,0,61,4,65,2,3,79,9,93,50,0,50,143
04/07/2021,SWF,NY,AEA,EN,Federal Contract Tower,6,8,11,2,27,0,6,46,5,57,6,14,57,7,84,28,10,38,122
04/09/2021,SWF,NY,AEA,EN,Federal Contract Tower,10,7,11,7,35,0,2,54,5,61,10,9,65,12,96,6,18,24,120
04/10/2021,SWF,NY,AEA,EN,Federal Contract Tower,3,6,17,5,31,0,2,40,0,42,3,8,57,5,73,0,0,0,73
04/11/2021,SWF,NY,AEA,EN,Federal Contract Tower,2,13,14,1,30,0,0,0,0,0,2,13,14,1,30,0,0,0,30
04/13/2021,SWF,NY,AEA,EN,Federal Contract Tower,6,1,10,2,19,0,4,46,7,57,6,5,56,9,76,50,20,70,146
04/15/2021,SWF,NY,AEA,EN,Federal Contract Tower,8,7,11,6,32,0,0,2,0,2,8,7,13,6,34,0,0,0,34
04/16/2021,SWF,NY,AEA,EN,Federal Contract Tower,9,8,24,7,48,0,0,4,7,11,9,8,28,14,59,0,12,12,71
04/17/2021,SWF,NY,AEA,EN,Federal Contract Tower,6,5,11,11,33,0,2,57,18,77,6,7,68,29,110,8,30,38,148
04/18/2021,SWF,NY,AEA,EN,Federal Contract Tower,3,12,12,1,28,0,5,50,3,58,3,17,62,4,86,24,6,30,116
04/19/2021,SWF,NY,AEA,EN,Federal Contract Tower,3,3,13,1,20,0,0,27,2,29,3,3,40,3,49,34,0,34,83
04/20/2021,SWF,NY,AEA,EN,Federal Contract Tower,4,5,15,9,33,0,2,30,9,41,4,7,45,18,74,24,10,34,108
04/22/2021,SWF,NY,AEA,EN,Federal Contract Tower,8,7,14,8,37,0,3,20,5,28,8,10,34,13,65,16,22,38,103
04/23/2021,SWF,NY,AEA,EN,Federal Contract Tower,8,2,10,9,29,0,2,28,8,38,8,4,38,17,67,6,14,20,87
04/24/2021,SWF,NY,AEA,EN,Federal Contract Tower,3,2,8,1,14,0,2,32,3,37,3,4,40,4,51,0,6,6,57
04/25/2021,SWF,NY,AEA,EN,Federal Contract Tower,2,7,5,1,15,0,0,0,0,0,2,7,5,1,15,0,0,0,15
04/26/2021,SWF,NY,AEA,EN,Federal Contract Tower,5,11,20,3,39,0,0,30,2,32,5,11,50,5,71,36,4,40,111
04/27/2021,SWF,NY,AEA,EN,Federal Contract Tower,7,5,12,7,31,0,2,38,10,50,7,7,50,17,81,16,34,50,131
04/29/2021,SWF,NY,AEA,EN,Federal Contract Tower,7,12,12,21,52,0,0,17,20,37,7,12,29,41,89,18,62,80,169
04/30/2021,SWF,NY,AEA,EN,Federal Contract Tower,8,20,8,3,39,0,0,10,0,10,8,20,18,3,49,0,0,0,49
05/01/2021,SWF,NY,AEA,EN,Federal Contract Tower,3,11,13,3,30,0,5,23,1,29,3,16,36,4,59,26,18,44,103
05/02/2021,SWF,NY,AEA,EN,Federal Contract Tower,2,12,23,0,37,0,7,24,0,31,2,19,47,0,68,42,2,44,112
05/03/2021,SWF,NY,AEA,EN,Federal Contract Tower,3,5,17,5,30,0,0,22,0,22,3,5,39,5,52,6,0,6,58
05/05/2021,SWF,NY,AEA,EN,Federal Contract Tower,8,1,7,3,19,0,0,0,0,0,8,1,7,3,19,0,0,0,19
05/06/2021,SWF,NY,AEA,EN,Federal Contract Tower,11,6,26,6,49,0,11,36,15,62,11,17,62,21,111,10,8,18,129
05/07/2021,SWF,NY,AEA,EN,Federal Contract Tower,7,8,6,5,26,0,0,27,2,29,7,8,33,7,55,10,0,10,65
05/08/2021,SWF,NY,AEA,EN,Federal Contract Tower,3,8,9,2,22,0,0,4,0,4,3,8,13,2,26,0,0,0,26
05/09/2021,SWF,NY,AEA,EN,Federal Contract Tower,5,10,11,1,27,0,0,20,0,20,5,10,31,1,47,14,0,14,61
05/10/2021,SWF,NY,AEA,EN,Federal Contract Tower,3,11,17,8,39,0,0,28,4,32,3,11,45,12,71,8,16,24,95
05/12/2021,SWF,NY,AEA,EN,Federal Contract Tower,6,5,13,6,30,0,7,62,7,76,6,12,75,13,106,26,30,56,162
05/13/2021,SWF,NY,AEA,EN,Federal Contract Tower,12,5,16,10,43,0,14,117,32,163,12,19,133,42,206,22,58,80,286
05/14/2021,SWF,NY,AEA,EN,Federal Contract Tower,4,4,5,0,13,0,0,26,0,26,4,4,31,0,39,8,0,8,47
05/15/2021,SWF,NY,AEA,EN,Federal Contract Tower,5,7,7,2,21,0,0,65,0,65,5,7,72,2,86,6,0,6,92
05/16/2021,SWF,NY,AEA,EN,Federal Contract Tower,4,11,7,4,26,0,6,37,0,43,4,17,44,4,69,16,0,16,85
05/17/2021,SWF,NY,AEA,EN,Federal Contract Tower,3,11,13,1,28,0,3,43,6,52,3,14,56,7,80,42,20,62,142
05/19/2021,SWF,NY,AEA,EN,Federal Contract Tower,6,4,21,5,36,0,10,94,5,109,6,14,115,10,145,32,12,44,189
05/20/2021,SWF,NY,AEA,EN,Federal Contract Tower,10,11,11,3,35,0,3,71,5,79,10,14,82,8,114,8,16,24,138
05/21/2021,SWF,NY,AEA,EN,Federal Contract Tower,8,13,12,6,39,0,2,64,5,71,8,15,76,11,110,10,24,34,144
05/22/2021,SWF,NY,AEA,EN,Federal Contract Tower,3,5,6,6,20,0,4,26,0,30,3,9,32,6,50,16,0,16,66
05/23/2021,SWF,NY,AEA,EN,Federal Contract Tower,4,17,5,1,27,0,2,16,0,18,4,19,21,1,45,26,0,26,71
05/25/2021,SWF,NY,AEA,EN,Federal Contract Tower,6,10,15,12,43,0,2,84,23,109,6,12,99,35,152,62,8,70,222
05/26/2021,SWF,NY,AEA,EN,Federal Contract Tower,8,7,27,14,56,0,6,77,5,88,8,13,104,19,144,44,12,56,200
05/27/2021,SWF,NY,AEA,EN,Federal Contract Tower,9,9,17,5,40,0,6,76,6,88,9,15,93,11,128,38,44,82,210
05/28/2021,SWF,NY,AEA,EN,Federal Contract Tower,11,19,16,3,49,0,4,23,1,28,11,23,39,4,77,6,0,6,83
05/29/2021,SWF,NY,AEA,EN,Federal Contract Tower,6,10,17,1,34,0,0,0,0,0,6,10,17,1,34,0,0,0,34
05/30/2021,SWF,NY,AEA,EN,Federal Contract Tower,2,5,7,1,15,0,0,0,0,0,2,5,7,1,15,0,0,0,15
06/01/2021,SWF,NY,AEA,EN,Federal Contract Tower,5,3,11,2,21,0,2,58,3,63,5,5,69,5,84,10,0,10,94
06/02/2021,SWF,NY,AEA,EN,Federal Contract Tower,12,5,18,7,42,0,0,59,19,78,12,5,77,26,120,10,22,32,152
06/03/2021,SWF,NY,AEA,EN,Federal Contract Tower,8,8,11,10,37,0,6,16,12,34,8,14,27,22,71,0,0,0,71
06/04/2021,SWF,NY,AEA,EN,Federal Contract Tower,11,7,10,4,32,0,3,11,0,14,11,10,21,4,46,6,0,6,52
06/05/2021,SWF,NY,AEA,EN,Federal Contract Tower,6,2,4,0,12,0,2,19,0,21,6,4,23,0,33,31,0,31,64
06/06/2021,SWF,NY,AEA,EN,Federal Contract Tower,3,13,10,3,29,0,0,36,0,36,3,13,46,3,65,8,0,8,73
06/09/2021,SWF,NY,AEA,EN,Federal Contract Tower,10,7,15,3,35,0,2,48,3,53,10,9,63,6,88,20,14,34,122
06/10/2021,SWF,NY,AEA,EN,Federal Contract Tower,8,10,20,9,47,0,6,95,15,116,8,16,115,24,163,28,16,44,207
06/11/2021,SWF,NY,AEA,EN,Federal Contract Tower,13,15,39,4,71,0,1,77,6,84,13,16,116,10,155,44,0,44,199
06/14/2021,SWF,NY,AEA,EN,Federal Contract Tower,7,10,18,1,36,0,0,0,0,0,7,10,18,1,36,0,0,0,36
06/15/2021,SWF,NY,AEA,EN,Federal Contract Tower,8,17,20,12,57,0,2,54,4,60,8,19,74,16,117,10,40,50,167
06/16/2021,SWF,NY,AEA,EN,Federal Contract Tower,9,12,14,4,39,0,1,45,6,52,9,13,59,10,91,24,6,30,121
06/17/2021,SWF,NY,AEA,EN,Federal Contract Tower,10,16,15,8,49,0,7,49,0,56,10,23,64,8,105,32,4,36,141
06/18/2021,SWF,NY,AEA,EN,Federal Contract Tower,12,10,20,14,56,0,0,46,14,60,12,10,66,28,116,14,0,14,130
06/19/2021,SWF,NY,AEA,EN,Federal Contract Tower,9,7,13,0,29,0,2,23,1,26,9,9,36,1,55,4,0,4,59
06/21/2021,SWF,NY,AEA,EN,Federal Contract Tower,6,6,18,7,37,0,0,30,4,34,6,6,48,11,71,10,40,50,121
06/22/2021,SWF,NY,AEA,EN,Federal Contract Tower,7,11,13,5,36,0,0,0,0,0,7,11,13,5,36,0,0,0,36
06/23/2021,SWF,NY,AEA,EN,Federal Contract Tower,15,6,15,11,47,0,3,65,18,86,15,9,80,29,133,16,56,72,205
06/24/2021,SWF,NY,AEA,EN,Federal Contract Tower,10,12,22,5,49,0,7,59,36,102,10,19,81,41,151,32,30,62,213
06/25/2021,SWF,NY,AEA,EN,Federal Contract Tower,9,7,16,10,42,0,0,28,11,39,9,7,44,21,81,14,0,14,95
06/26/2021,SWF,NY,AEA,EN,Federal Contract Tower,9,16,18,2,45,0,6,19,7,32,9,22,37,9,77,6,0,6,83
06/28/2021,SWF,NY,AEA,EN,Federal Contract Tower,7,9,23,6,45,0,2,50,4,56,7,11,73,10,101,34,0,34,135
06/29/2021,SWF,NY,AEA,EN,Federal Contract Tower,8,16,12,6,42,0,4,51,5,60,8,20,63,11,102,16,4,20,122
06/30/2021,SWF,NY,AEA,EN,Federal Contract Tower,12,12,14,2,40,0,4,64,7,75,12,16,78,9,115,28,8,36,151
07/01/2021,SWF,NY,AEA,EN,Federal Contract Tower,10,12,13,3,38,0,0,1,0,1,10,12,14,3,39,0,0,0,39
07/02/2021,SWF,NY,AEA,EN,Federal Contract Tower,13,13,25,0,51,0,0,7,0,7,13,13,32,0,58,4,0,4,62
07/04/2021,SWF,NY,AEA,EN,Federal Contract Tower,3,9,6,0,18,0,1,16,0,17,3,10,22,0,35,12,0,12,47
07/05/2021,SWF,NY,AEA,EN,Federal Contract Tower,4,17,14,0,35,0,3,47,0,50,4,20,61,0,85,14,0,14,99
07/06/2021,SWF,NY,AEA,EN,Federal Contract Tower,5,14,18,7,44,0,1,30,11,42,5,15,48,18,86,0,18,18,104
07/07/2021,SWF,NY,AEA,EN,Federal Contract Tower,13,9,16,10,48,0,2,33,7,42,13,11,49,17,90,20,32,52,142
07/08/2021,SWF,NY,AEA,EN,Federal Contract Tower,12,16,21,6,55,0,2,4,2,8,12,18,25,8,63,0,0,0,63
07/09/2021,SWF,NY,AEA,EN,Federal Contract Tower,11,18,13,2,44,0,1,9,0,10,11,19,22,2,54,10,0,10,64
07/11/2021,SWF,NY,AEA,EN,Federal Contract Tower,4,13,14,0,31,0,0,1,16,17,4,13,15,16,48,0,4,4,52
07/12/2021,SWF,NY,AEA,EN,Federal Contract Tower,7,12,21,1,41,0,0,0,0,0,7,12,21,1,41,0,0,0,41
07/13/2021,SWF,NY,AEA,EN,Federal Contract Tower,6,14,20,4,44,0,0,0,0,0,6,14,20,4,44,0,0,0,44
07/14/2021,SWF,NY,AEA,EN,Federal Contract Tower,12,13,23,15,63,0,1,15,4,20,12,14,38,19,83,0,0,0,83
07/15/2021,SWF,NY,AEA,EN,Federal Contract Tower,10,13,16,4,43,0,5,53,6,64,10,18,69,10,107,46,0,46,153
07/16/2021,SWF,NY,AEA,EN,Federal Contract Tower,10,18,18,1,47,0,1,26,1,28,10,19,44,2,75,0,0,0,75
07/18/2021,SWF,NY,AEA,EN,Federal Contract Tower,6,11,14,0,31,0,0,0,0,0,6,11,14,0,31,0,0,0,31
07/19/2021,SWF,NY,AEA,EN,Federal Contract Tower,8,17,17,3,45,0,4,52,20,76,8,21,69,23,121,4,0,4,125
07/20/2021,SWF,NY,AEA,EN,Federal Contract Tower,9,6,29,5,49,0,0,70,3,73,9,6,99,8,122,0,10,10,132
07/21/2021,SWF,NY,AEA,EN,Federal Contract Tower,14,11,14,4,43,0,0,33,3,36,14,11,47,7,79,0,16,16,95
07/22/2021,SWF,NY,AEA,EN,Federal Contract Tower,10,11,18,8,47,0,3,72,17,92,10,14,90,25,139,20,46,66,205
07/23/2021,SWF,NY,AEA,EN,Federal Contract Tower,15,8,18,9,50,0,0,38,25,63,15,8,56,34,113,22,14,36,149
07/24/2021,SWF,NY,AEA,EN,Federal Contract Tower,7,4,9,3,23,0,0,48,0,48,7,4,57,3,71,10,0,10,81
07/25/2021,SWF,NY,AEA,EN,Federal Contract Tower,3,12,13,1,29,0,0,22,10,32,3,12,35,11,61,0,0,0,61
07/26/2021,SWF,NY,AEA,EN,Federal Contract Tower,7,11,24,3,45,0,0,40,5,45,7,11,64,8,90,14,0,14,104
07/27/2021,SWF,NY,AEA,EN,Federal Contract Tower,5,11,20,0,36,0,1,19,0,20,5,12,39,0,56,2,0,2,58
07/28/2021,SWF,NY,AEA,EN,Federal Contract Tower,11,6,11,5,33,0,0,36,6,42,11,6,47,11,75,8,24,32,107
07/29/2021,SWF,NY,AEA,EN,Federal Contract Tower,12,20,9,1,42,0,4,9,3,16,12,24,18,4,58,4,24,28,86
07/31/2021,SWF,NY,AEA,EN,Federal Contract Tower,9,8,27,0,44,0,2,54,0,56,9,10,81,0,100,24,0,24,124
08/01/2021,SWF,NY,AEA,EN,Federal Contract Tower,4,19,19,0,42,0,0,43,2,45,4,19,62,2,87,18,0,18,105
08/02/2021,SWF,NY,AEA,EN,Federal Contract Tower,9,13,19,0,41,0,6,55,12,73,9,19,74,12,114,64,0,64,178
08/03/2021,SWF,NY,AEA,EN,Federal Contract Tower,8,8,24,3,43,0,2,69,4,75,8,10,93,7,118,112,40,152,270
08/04/2021,SWF,NY,AEA,EN,Federal Contract Tower,11,10,30,4,55,0,0,59,0,59,11,10,89,4,114,58,0,58,172
08/05/2021,SWF,NY,AEA,EN,Federal Contract Tower,10,10,19,6,45,0,6,39,5,50,10,16,58,11,95,14,38,52,147
08/06/2021,SWF,NY,AEA,EN,Federal Contract Tower,12,6,20,1,39,0,1,48,9,58,12,7,68,10,97,14,0,14,111
08/07/2021,SWF,NY,AEA,EN,Federal Contract Tower,5,3,15,3,26,0,2,47,5,54,5,5,62,8,80,8,0,8,88
08/08/2021,SWF,NY,AEA,EN,Federal Contract Tower,4,16,21,5,46,0,4,82,8,94,4,20,103,13,140,36,0,36,176
08/09/2021,SWF,NY,AEA,EN,Federal Contract Tower,9,10,25,1,45,0,4,66,2,72,9,14,91,3,117,38,10,48,165
08/10/2021,SWF,NY,AEA,EN,Federal Contract Tower,7,8,12,7,34,0,0,31,1,32,7,8,43,8,66,6,14,20,86
08/11/2021,SWF,NY,AEA,EN,Federal Contract Tower,16,11,15,4,46,0,1,25,10,36,16,12,40,14,82,4,8,12,94
08/12/2021,SWF,NY,AEA,EN,Federal Contract Tower,9,8,16,6,39,0,2,27,2,31,9,10,43,8,70,10,26,36,106
08/14/2021,SWF,NY,AEA,EN,Federal Contract Tower,11,10,24,0,45,0,0,69,2,71,11,10,93,2,116,48,0,48,164
08/15/2021,SWF,NY,AEA,EN,Federal Contract Tower,4,17,28,1,50,0,7,64,0,71,4,24,92,1,121,66,0,66,187
08/16/2021,SWF,NY,AEA,EN,Federal Contract Tower,8,16,18,3,45,0,0,42,0,42,8,16,60,3,87,72,0,72,159
08/17/2021,SWF,NY,AEA,EN,Federal Contract Tower,7,2,15,6,30,0,1,8,4,13,7,3,23,10,43,4,14,18,61
08/18/2021,SWF,NY,AEA,EN,Federal Contract Tower,8,6,14,4,32,0,0,2,3,5,8,6,16,7,37,0,4,4,41
08/20/2021,SWF,NY,AEA,EN,Federal Contract Tower,10,9,19,1,39,0,0,50,2,52,10,9,69,3,91,28,0,28,119
08/21/2021,SWF,NY,AEA,EN,Federal Contract Tower,8,18,7,0,33,0,0,19,0,19,8,18,26,0,52,36,0,36,88
08/22/2021,SWF,NY,AEA,EN,Federal Contract Tower,4,9,5,1,19,0,0,0,0,0,4,9,5,1,19,0,0,0,19
08/23/2021,SWF,NY,AEA,EN,Federal Contract Tower,7,11,9,2,29,0,0,3,0,3,7,11,12,2,32,20,0,20,52
08/24/2021,SWF,NY,AEA,EN,Federal Contract Tower,7,12,18,5,42,0,5,41,8,54,7,17,59,13,96,54,8,62,158
08/25/2021,SWF,NY,AEA,EN,Federal Contract Tower,11,10,14,11,46,0,4,59,16,79,11,14,73,27,125,30,12,42,167
08/27/2021,SWF,NY,AEA,EN,Federal Contract Tower,13,20,21,4,58,0,0,64,14,78,13,20,85,18,136,24,0,24,160
08/29/2021,SWF,NY,AEA,EN,Federal Contract Tower,4,11,22,5,42,0,3,17,2,22,4,14,39,7,64,12,10,22,86
08/30/2021,SWF,NY,AEA,EN,Federal Contract Tower,6,13,16,7,42,0,0,15,0,15,6,13,31,7,57,0,0,0,57
08/31/2021,SWF,NY,AEA,EN,Federal Contract Tower,7,10,23,4,44,0,0,37,8,45,7,10,60,12,89,36,4,40,129
09/01/2021,SWF,NY,AEA,EN,Federal Contract Tower,5,9,27,4,45,0,0,0,0,0,5,9,27,4,45,0,0,0,45
09/03/2021,SWF,NY,AEA,EN,Federal Contract Tower,16,16,32,2,66,0,3,110,16,129,16,19,142,18,195,68,18,86,281
09/04/2021,SWF,NY,AEA,EN,Federal Contract Tower,4,9,14,1,28,0,4,64,0,68,4,13,78,1,96,12,0,12,108
09/05/2021,SWF,NY,AEA,EN,Federal Contract Tower,2,12,16,1,31,0,0,4,0,4,2,12,20,1,35,8,0,8,43
09/06/2021,SWF,NY,AEA,EN,Federal Contract Tower,8,14,20,1,43,0,0,18,4,22,8,14,38,5,65,4,0,4,69
09/07/2021,SWF,NY,AEA,EN,Federal Contract Tower,5,10,27,3,45,0,0,44,2,46,5,10,71,5,91,4,0,4,95
09/10/2021,SWF,NY,AEA,EN,Federal Contract Tower,7,16,9,8,40,0,2,52,37,91,7,18,61,45,131,6,68,74,205
09/11/2021,SWF,NY,AEA,EN,Federal Contract Tower,4,9,16,5,34,0,2,78,30,110,4,11,94,35,144,36,0,36,180
09/12/2021,SWF,NY,AEA,EN,Federal Contract Tower,3,14,18,4,39,0,4,88,11,103,3,18,106,15,142,68,54,122,264
09/13/2021,SWF,NY,AEA,EN,Federal Contract Tower,1,8,21,1,31,0,2,39,1,42,1,10,60,2,73,0,26,26,99
09/14/2021,SWF,NY,AEA,EN,Federal Contract Tower,7,10,17,10,44,0,5,61,12,78,7,15,78,22,122,22,28,50,172
09/17/2021,SWF,NY,AEA,EN,Federal Contract Tower,6,8,33,6,53,0,0,19,0,19,6,8,52,6,72,0,0,0,72
09/18/2021,SWF,NY,AEA,EN,Federal Contract Tower,3,5,17,5,30,0,2,75,23,100,3,7,92,28,130,40,0,40,170
09/19/2021,SWF,NY,AEA,EN,Federal Contract Tower,9,11,24,0,44,0,15,131,0,146,9,26,155,0,190,84,0,84,274
09/20/2021,SWF,NY,AEA,EN,Federal Contract Tower,5,12,15,3,35,0,0,46,2,48,5,12,61,5,83,22,20,42,125
09/21/2021,SWF,NY,AEA,EN,Federal Contract Tower,6,11,20,9,46,0,6,47,9,62,6,17,67,18,108,4,20,24,132
09/23/2021,SWF,NY,AEA,EN,Federal Contract Tower,12,8,18,0,38,0,0,30,0,30,12,8,48,0,68,56,0,56,124
09/24/2021,SWF,NY,AEA,EN,Federal Contract Tower,9,7,10,6,32,0,7,66,2,75,9,14,76,8,107,22,4,26,133
09/25/2021,SWF,NY,AEA,EN,Federal Contract Tower,9,6,14,1,30,0,12,76,6,94,9,18,90,7,124,28,0,28,152
09/26/2021,SWF,NY,AEA,EN,Federal Contract Tower,6,18,20,5,49,0,0,48,2,50,6,18,68,7,99,44,2,46,145
09/27/2021,SWF,NY,AEA,EN,Federal Contract Tower,1,8,20,2,31,0,2,46,6,54,1,10,66,8,85,28,6,34,119
09/29/2021,SWF,NY,AEA,EN,Federal Contract Tower,8,8,17,4,37,0,4,97,8,109,8,12,114,12,146,60,28,88,234
09/30/2021,SWF,NY,AEA,EN,Federal Contract Tower,10,10,8,2,30,0,2,62,1,65,10,12,70,3,95,10,0,10,105
10/01/2021,SWF,NY,AEA,EN,Federal Contract Tower,8,6,17,1,32,0,1,65,3,69,8,7,82,4,101,8,24,32,133
10/02/2021,SWF,NY,AEA,EN,Federal Contract Tower,3,7,13,0,23,0,1,24,2,27,3,8,37,2,50,0,30,30,80
10/03/2021,SWF,NY,AEA,EN,Federal Contract Tower,6,10,22,0,38,0,0,54,0,54,6,10,76,0,92,30,0,30,122
10/04/2021,SWF,NY,AEA,EN,Federal Contract Tower,1,14,21,0,36,0,0,0,0,0,1,14,21,0,36,0,0,0,36
10/06/2021,SWF,NY,AEA,EN,Federal Contract Tower,6,8,26,8,48,0,1,41,5,47,6,9,67,13,95,0,8,8,103
10/07/2021,SWF,NY,AEA,EN,Federal Contract Tower,11,14,38,10,73,0,5,48,5,58,11,19,86,15,131,4,10,14,145
10/08/2021,SWF,NY,AEA,EN,Federal Contract Tower,11,13,18,4,46,0,3,26,4,33,11,16,44,8,79,0,0,0,79
10/09/2021,SWF,NY,AEA,EN,Federal Contract Tower,3,11,19,0,33,0,0,18,0,18,3,11,37,0,51,30,0,30,81
10/10/2021,SWF,NY,AEA,EN,Federal Contract Tower,5,5,14,0,24,0,0,5,0,5,5,5,19,0,29,10,0,10,39
10/11/2021,SWF,NY,AEA,EN,Federal Contract Tower,6,16,21,1,44,0,2,58,0,60,6,18,79,1,104,20,0,20,124
10/13/2021,SWF,NY,AEA,EN,Federal Contract Tower,7,3,17,8,35,0,0,38,3,41,7,3,55,11,76,0,28,28,104
10/14/2021,SWF,NY,AEA,EN,Federal Contract Tower,10,13,18,7,48,0,1,95,16,112,10,14,113,23,160,56,32,88,248
10/15/2021,SWF,NY,AEA,EN,Federal Contract Tower,11,7,27,12,57,0,0,106,19,125,11,7,133,31,182,34,18,52,234
10/16/2021,SWF,NY,AEA,EN,Federal Contract Tower,3,10,10,1,24,0,0,35,0,35,3,10,45,1,59,22,0,22,81
10/17/2021,SWF,NY,AEA,EN,Federal Contract Tower,8,16,26,0,50,0,0,19,0,19,8,16,45,0,69,0,0,0,69
10/19/2021,SWF,NY,AEA,EN,Federal Contract Tower,6,6,11,3,26,0,1,78,3,82,6,7,89,6,108,14,16,30,138
10/20/2021,SWF,NY,AEA,EN,Federal Contract Tower,9,7,18,9,43,0,2,71,17,90,9,9,89,26,133,38,52,90,223
10/21/2021,SWF,NY,AEA,EN,Federal Contract Tower,10,11,26,9,56,0,3,99,7,109,10,14,125,16,165,22,18,40,205
10/22/2021,SWF,NY,AEA,EN,Federal Contract Tower,11,14,35,4,64,0,2,66,1,69,11,16,101,5,133,32,0,32,165
10/23/2021,SWF,NY,AEA,EN,Federal Contract Tower,3,10,35,0,48,0,0,65,2,67,3,10,100,2,115,18,0,18,133
10/26/2021,SWF,NY,AEA,EN,Federal Contract Tower,7,3,12,2,24,0,0,0,0,0,7,3,12,2,24,0,0,0,24
10/27/2021,SWF,NY,AEA,EN,Federal Contract Tower,6,5,24,4,39,0,0,13,15,28,6,5,37,19,67,6,24,30,97
10/28/2021,SWF,NY,AEA,EN,Federal Contract Tower,10,7,16,5,38,0,2,90,17,109,10,9,106,22,147,8,42,50,197
10/29/2021,SWF,NY,AEA,EN,Federal Contract Tower,15,11,19,6,51,0,0,85,0,85,15,11,104,6,136,26,0,26,162
10/30/2021,SWF,NY,AEA,EN,Federal Contract Tower,3,5,17,1,26,0,0,3,0,3,3,5,20,1,29,8,0,8,37
10/31/2021,SWF,NY,AEA,EN,Federal Contract Tower,2,3,9,0,14,0,0,46,0,46,2,3,55,0,60,20,0,20,80
11/02/2021,SWF,NY,AEA,EN,Federal Contract Tower,11,3,24,8,46,0,0,73,12,85,11,3,97,20,131,32,12,44,175
11/03/2021,SWF,NY,AEA,EN,Federal Contract Tower,6,4,27,10,47,0,5,112,5,122,6,9,139,15,169,22,32,54,223
11/04/2021,SWF,NY,AEA,EN,Federal Contract Tower,17,12,14,4,47,0,6,82,9,97,17,18,96,13,144,10,34,44,188
11/05/2021,SWF,NY,AEA,EN,Federal Contract Tower,14,10,11,5,40,0,2,59,3,64,14,12,70,8,104,6,30,36,140
11/06/2021,SWF,NY,AEA,EN,Federal Contract Tower,10,2,15,3,30,0,0,39,0,39,10,2,54,3,69,40,0,40,109
11/08/2021,SWF,NY,AEA,EN,Federal Contract Tower,8,13,17,4,42,0,6,78,14,98,8,19,95,18,140,44,0,44,184
11/09/2021,SWF,NY,AEA,EN,Federal Contract Tower,9,13,15,10,47,0,6,79,9,94,9,19,94,19,141,10,6,16,157
11/10/2021,SWF,NY,AEA,EN,Federal Contract Tower,7,6,18,9,40,0,4,84,14,102,7,10,102,23,142,64,28,92,234
11/11/2021,SWF,NY,AEA,EN,Federal Contract Tower,16,10,19,0,45,0,6,58,1,65,16,16,77,1,110,14,0,14,124
11/12/2021,SWF,NY,AEA,EN,Federal Contract Tower,9,8,20,1,38,0,0,23,0,23,9,8,43,1,61,16,0,16,77
11/13/2021,SWF,NY,AEA,EN,Federal Contract Tower,11,6,16,0,33,0,4,9,3,16,11,10,25,3,49,0,0,0,49
11/15/2021,SWF,NY,AEA,EN,Federal Contract Tower,7,11,16,8,42,0,1,25,0,26,7,12,41,8,68,8,0,8,76
11/16/2021,SWF,NY,AEA,EN,Federal Contract Tower,6,5,22,3,36,0,0,37,5,42,6,5,59,8,78,22,28,50,128
11/17/2021,SWF,NY,AEA,EN,Federal Contract Tower,8,3,15,15,41,0,4,47,10,61,8,7,62,25,102,20,14,34,136
11/18/2021,SWF,NY,AEA,EN,Federal Contract Tower,12,8,14,10,44,0,4,26,3,33,12,12,40,13,77,18,38,56,133
11/19/2021,SWF,NY,AEA,EN,Federal Contract Tower,10,3,9,3,25,0,0,38,0,38,10,3,47,3,63,36,0,36,99
11/20/2021,SWF,NY,AEA,EN,Federal Contract Tower,7,4,12,0,23,0,1,52,4,57,7,5,64,4,80,30,0,30,110
11/22/2021,SWF,NY,AEA,EN,Federal Contract Tower,9,11,13,0,33,0,5,56,5,66,9,16,69,5,99,18,10,28,127
11/23/2021,SWF,NY,AEA,EN,Federal Contract Tower,14,8,19,11,52,0,1,58,10,69,14,9,77,21,121,8,12,20,141
11/24/2021,SWF,NY,AEA,EN,Federal Contract Tower,16,4,20,2,42,0,4,60,6,70,16,8,80,8,112,38,16,54,166
11/25/2021,SWF,NY,AEA,EN,Federal Contract Tower,6,0,0,0,6,0,1,10,0,11,6,1,10,0,17,10,0,10,27
11/26/2021,SWF,NY,AEA,EN,Federal Contract Tower,6,0,11,0,17,0,0,0,0,0,6,0,11,0,17,0,0,0,17
11/28/2021,SWF,NY,AEA,EN,Federal Contract Tower,11,21,34,2,68,0,2,9,1,12,11,23,43,3,80,0,0,0,80
11/29/2021,SWF,NY,AEA,EN,Federal Contract Tower,5,17,13,0,35,0,0,33,3,36,5,17,46,3,71,34,10,44,115
11/30/2021,SWF,NY,AEA,EN,Federal Contract Tower,12,7,15,4,38,0,0,23,2,25,12,7,38,6,63,14,11,25,88
12/01/2021,SWF,NY,AEA,EN,Federal Contract Tower,10,8,18,3,39,0,10,72,12,94,10,18,90,15,133,14,18,32,165
12/02/2021,SWF,NY,AEA,EN,Federal Contract Tower,15,1,17,7,40,0,4,30,8,42,15,5,47,15,82,16,46,62,144
12/03/2021,SWF,NY,AEA,EN,Federal Contract Tower,7,5,9,5,26,0,0,14,5,19,7,5,23,10,45,2,14,16,61
12/04/2021,SWF,NY,AEA,EN,Federal Contract Tower,5,1,5,11,22,0,4,56,0,60,5,5,61,11,82,50,0,50,132
12/05/2021,SWF,NY,AEA,EN,Federal Contract Tower,6,6,17,0,29,0,1,60,0,61,6,7,77,0,90,16,0,16,106
12/06/2021,SWF,NY,AEA,EN,Federal Contract Tower,5,8,19,0,32,0,0,0,0,0,5,8,19,0,32,0,0,0,32
12/07/2021,SWF,NY,AEA,EN,Federal Contract Tower,9,7,14,9,39,0,4,57,6,67,9,11,71,15,106,20,58,78,184
12/08/2021,SWF,NY,AEA,EN,Federal Contract Tower,8,11,15,9,43,0,0,25,2,27,8,11,40,11,70,28,16,44,114
12/09/2021,SWF,NY,AEA,EN,Federal Contract Tower,15,7,27,6,55,0,1,50,21,72,15,8,77,27,127,18,58,76,203
12/10/2021,SWF,NY,AEA,EN,Federal Contract Tower,10,11,19,7,47,0,3,41,4,48,10,14,60,11,95,4,6,10,105
12/12/2021,SWF,NY,AEA,EN,Federal Contract Tower,8,5,14,2,29,0,6,23,19,48,8,11,37,21,77,28,0,28,105
12/13/2021,SWF,NY,AEA,EN,Federal Contract Tower,5,9,11,0,25,0,1,62,3,66,5,10,73,3,91,40,0,40,131
12/14/2021,SWF,NY,AEA,EN,Federal Contract Tower,7,8,19,7,41,0,4,87,9,100,7,12,106,16,141,30,32,62,203
12/15/2021,SWF,NY,AEA,EN,Federal Contract Tower,8,7,10,8,33,0,0,42,1,43,8,7,52,9,76,44,8,52,128
12/16/2021,SWF,NY,AEA,EN,Federal Contract Tower,15,15,17,8,55,0,0,36,13,49,15,15,53,21,104,16,42,58,162
12/18/2021,SWF,NY,AEA,EN,Federal Contract Tower,9,2,13,0,24,0,0,2,0,2,9,2,15,0,26,0,0,0,26
12/19/2021,SWF,NY,AEA,EN,Federal Contract Tower,10,2,14,1,27,0,0,27,0,27,10,2,41,1,54,30,0,30,84
12/20/2021,SWF,NY,AEA,EN,Federal Contract Tower,7,4,13,9,33,0,2,47,6,55,7,6,60,15,88,4,8,12,100
12/21/2021,SWF,NY,AEA,EN,Federal Contract Tower,13,5,13,5,36,0,1,51,2,54,13,6,64,7,90,0,0,0,90
12/22/2021,SWF,NY,AEA,EN,Federal Contract Tower,10,7,12,8,37,0,0,13,12,25,10,7,25,20,62,20,34,54,116
12/23/2021,SWF,NY,AEA,EN,Federal Contract Tower,15,9,12,2,38,0,0,19,1,20,15,9,31,3,58,14,0,14,72
12/25/2021,SWF,NY,AEA,EN,Federal Contract Tower,2,2,3,0,7,0,0,0,0,0,2,2,3,0,7,0,0,0,7
12/26/2021,SWF,NY,AEA,EN,Federal Contract Tower,6,7,15,0,28,0,0,28,0,28,6,7,43,0,56,18,0,18,74
12/27/2021,SWF,NY,AEA,EN,Federal Contract Tower,8,9,13,0,30,0,2,38,0,40,8,11,51,0,70,16,0,16,86
12/28/2021,SWF,NY,AEA,EN,Federal Contract Tower,14,7,7,0,28,0,0,23,0,23,14,7,30,0,51,18,0,18,69
12/29/2021,SWF,NY,AEA,EN,Federal Contract Tower,8,10,9,3,30,0,0,0,0,0,8,10,9,3,30,0,0,0,30
01/01/2022,SWF,NY,AEA,EN,Federal Contract Tower,3,10,14,0,27,0,0,0,0,0,3,10,14,0,27,0,0,0,27
01/02/2022,SWF,NY,AEA,EN,Federal Contract Tower,4,13,20,0,37,0,0,0,0,0,4,13,20,0,37,0,0,0,37
01/03/2022,SWF,NY,AEA,EN,Federal Contract Tower,5,2,22,0,29,0,2,39,0,41,5,4,61,0,70,0,0,0,70
01/04/2022,SWF,NY,AEA,EN,Federal Contract Tower,7,3,11,1,22,0,0,50,2,52,7,3,61,3,74,56,0,56,130
01/05/2022,SWF,NY,AEA,EN,Federal Contract Tower,8,11,14,0,33,0,0,4,0,4,8,11,18,0,37,0,0,0,37
01/06/2022,SWF,NY,AEA,EN,Federal Contract Tower,13,9,15,20,57,0,3,46,3,52,13,12,61,23,109,30,2,32,141
01/07/2022,SWF,NY,AEA,EN,Federal Contract Tower,8,6,3,4,21,0,0,0,0,0,8,6,3,4,21,0,0,0,21
01/08/2022,SWF,NY,AEA,EN,Federal Contract Tower,8,2,11,2,23,0,1,51,0,52,8,3,62,2,75,18,0,18,93
01/09/2022,SWF,NY,AEA,EN,Federal Contract Tower,6,3,5,1,15,0,0,0,0,0,6,3,5,1,15,0,0,0,15
01/10/2022,SWF,NY,AEA,EN,Federal Contract Tower,8,7,10,1,26,0,0,28,0,28,8,7,38,1,54,15,0,15,69
01/11/2022,SWF,NY,AEA,EN,Federal Contract Tower,8,3,13,11,35,0,3,17,1,21,8,6,30,12,56,18,0,18,74
01/12/2022,SWF,NY,AEA,EN,Federal Contract Tower,6,4,7,14,31,0,0,34,9,43,6,4,41,23,74,54,30,84,158
01/13/2022,SWF,NY,AEA,EN,Federal Contract Tower,17,9,21,4,51,0,0,64,17,81,17,9,85,21,132,18,22,40,172
01/14/2022,SWF,NY,AEA,EN,Federal Contract Tower,11,2,23,5,41,0,0,30,7,37,11,2,53,12,78,24,24,48,126
01/15/2022,SWF,NY,AEA,EN,Federal Contract Tower,5,9,15,0,29,0,2,32,0,34,5,11,47,0,63,8,0,8,71
01/16/2022,SWF,NY,AEA,EN,Federal Contract Tower,8,10,8,1,27,0,1,40,0,41,8,11,48,1,68,22,0,22,90
01/17/2022,SWF,NY,AEA,EN,Federal Contract Tower,5,6,5,0,16,0,0,0,0,0,5,6,5,0,16,0,0,0,16
01/18/2022,SWF,NY,AEA,EN,Federal Contract Tower,6,6,9,2,23,0,0,4,0,4,6,6,13,2,27,2,0,2,29
01/19/2022,SWF,NY,AEA,EN,Federal Contract Tower,8,3,20,9,40,0,0,20,4,24,8,3,40,13,64,0,6,6,70
01/20/2022,SWF,NY,AEA,EN,Federal Contract Tower,15,9,7,11,42,0,2,26,0,28,15,11,33,11,70,4,0,4,74
01/21/2022,SWF,NY,AEA,EN,Federal Contract Tower,9,3,17,2,31,0,2,56,6,64,9,5,73,8,95,28,8,36,131
01/22/2022,SWF,NY,AEA,EN,Federal Contract Tower,1,0,9,0,10,0,1,44,1,46,1,1,53,1,56,12,0,12,68
01/23/2022,SWF,NY,AEA,EN,Federal Contract Tower,8,4,14,4,30,0,2,39,4,45,8,6,53,8,75,44,4,48,123
01/24/2022,SWF,NY,AEA,EN,Federal Contract Tower,5,7,22,0,34,0,0,31,5,36,5,7,53,5,70,60,0,60,130
01/25/2022,SWF,NY,AEA,EN,Federal Contract Tower,6,3,10,0,19,0,0,31,8,39,6,3,41,8,58,16,0,16,74
01/26/2022,SWF,NY,AEA,EN,Federal Contract Tower,5,5,13,5,28,0,0,44,11,55,5,5,57,16,83,40,16,56,139
01/27/2022,SWF,NY,AEA,EN,Federal Contract Tower,12,9,19,26,66,0,1,66,23,90,12,10,85,49,156,22,48,70,226
01/28/2022,SWF,NY,AEA,EN,Federal Contract Tower,9,5,9,3,26,0,2,5,0,7,9,7,14,3,33,0,0,0,33
01/29/2022,SWF,NY,AEA,EN,Federal Contract Tower,2,1,1,0,4,0,0,0,0,0,2,1,1,0,4,0,0,0,4
01/30/2022,SWF,NY,AEA,EN,Federal Contract Tower,9,6,14,1,30,0,0,17,0,17,9,6,31,1,47,10,0,10,57
01/31/2022,SWF,NY,AEA,EN,Federal Contract Tower,5,7,17,3,32,0,0,30,6,36,5,7,47,9,68,12,0,12,80
02/01/2022,SWF,NY,AEA,EN,Federal Contract Tower,6,6,7,7,26,0,1,26,6,33,6,7,33,13,59,16,24,40,99
02/02/2022,SWF,NY,AEA,EN,Federal Contract Tower,6,6,13,6,31,0,2,21,2,25,6,8,34,8,56,20,4,24,80
02/03/2022,SWF,NY,AEA,EN,Federal Contract Tower,14,2,9,7,32,0,0,0,0,0,14,2,9,7,32,0,0,0,32
02/04/2022,SWF,NY,AEA,EN,Federal Contract Tower,4,2,6,1,13,0,0,0,0,0,4,2,6,1,13,0,0,0,13
02/05/2022,SWF,NY,AEA,EN,Federal Contract Tower,3,5,15,2,25,0,4,27,1,32,3,9,42,3,57,18,0,18,75
02/06/2022,SWF,NY,AEA,EN,Federal Contract Tower,8,7,6,1,22,0,0,38,3,41,8,7,44,4,63,44,4,48,111
02/07/2022,SWF,NY,AEA,EN,Federal Contract Tower,3,11,11,1,26,0,0,0,0,0,3,11,11,1,26,0,0,0,26
02/08/2022,SWF,NY,AEA,EN,Federal Contract Tower,5,16,26,6,53,0,1,27,13,41,5,17,53,19,94,52,10,62,156
02/09/2022,SWF,NY,AEA,EN,Federal Contract Tower,7,4,13,7,31,0,7,81,21,109,7,11,94,28,140,34,20,54,194
02/10/2022,SWF,NY,AEA,EN,Federal Contract Tower,14,6,26,5,51,0,6,68,7,81,14,12,94,12,132,62,18,80,212
02/11/2022,SWF,NY,AEA,EN,Federal Contract Tower,10,3,10,4,27,0,2,41,2,45,10,5,51,6,72,22,6,28,100
02/12/2022,SWF,NY,AEA,EN,Federal Contract Tower,3,2,10,2,17,0,4,82,4,90,3,6,92,6,107,22,0,22,129
02/13/2022,SWF,NY,AEA,EN,Federal Contract Tower,7,5,13,0,25,0,0,0,0,0,7,5,13,0,25,0,0,0,25
02/14/2022,SWF,NY,AEA,EN,Federal Contract Tower,5,7,9,1,22,0,0,5,0,5,5,7,14,1,27,8,0,8,35
02/15/2022,SWF,NY,AEA,EN,Federal Contract Tower,8,9,22,13,52,0,2,44,6,52,8,11,66,19,104,16,16,32,136
02/16/2022,SWF,NY,AEA,EN,Federal Contract Tower,8,8,27,1,44,0,2,56,3,61,8,10,83,4,105,32,6,38,143
02/17/2022,SWF,NY,AEA,EN,Federal Contract Tower,15,9,11,7,42,0,1,30,6,37,15,10,41,13,79,2,16,18,97
02/18/2022,SWF,NY,AEA,EN,Federal Contract Tower,8,8,6,5,27,0,1,4,1,6,8,9,10,6,33,2,4,6,39
02/19/2022,SWF,NY,AEA,EN,Federal Contract Tower,9,9,9,1,28,0,0,0,0,0,9,9,9,1,28,0,0,0,28
02/20/2022,SWF,NY,AEA,EN,Federal Contract Tower,8,9,6,0,23,0,0,48,0,48,8,9,54,0,71,14,0,14,85
02/21/2022,SWF,NY,AEA,EN,Federal Contract Tower,5,12,11,0,28,0,3,54,0,57,5,15,65,0,85,18,0,18,103
02/22/2022,SWF,NY,AEA,EN,Federal Contract Tower,12,8,14,0,34,0,0,0,0,0,12,8,14,0,34,0,0,0,34
02/23/2022,SWF,NY,AEA,EN,Federal Contract Tower,10,7,18,8,43,0,7,39,2,48,10,14,57,10,91,14,8,22,113
02/24/2022,SWF,NY,AEA,EN,Federal Contract Tower,10,15,20,8,53,0,8,70,10,88,10,23,90,18,141,26,0,26,167
02/25/2022,SWF,NY,AEA,EN,Federal Contract Tower,8,6,9,0,23,0,0,3,0,3,8,6,12,0,26,0,0,0,26
02/26/2022,SWF,NY,AEA,EN,Federal Contract Tower,11,5,9,1,26,0,0,34,0,34,11,5,43,1,60,12,0,12,72
02/27/2022,SWF,NY,AEA,EN,Federal Contract Tower,6,10,20,0,36,0,2,31,0,33,6,12,51,0,69,28,0,28,97
02/28/2022,SWF,NY,AEA,EN,Federal Contract Tower,5,7,13,1,26,0,4,41,2,47,5,11,54,3,73,18,0,18,91
03/01/2022,SWF,NY,AEA,EN,Federal Contract Tower,10,2,11,13,36,0,4,35,13,52,10,6,46,26,88,0,16,16,104
03/02/2022,SWF,NY,AEA,EN,Federal Contract Tower,10,5,14,7,36,0,3,72,3,78,10,8,86,10,114,16,0,16,130
03/03/2022,SWF,NY,AEA,EN,Federal Contract Tower,14,11,9,6,40,0,4,35,5,44,14,15,44,11,84,10,20,30,114
03/04/2022,SWF,NY,AEA,EN,Federal Contract Tower,10,4,15,0,29,0,4,27,4,35,10,8,42,4,64,4,16,20,84
03/05/2022,SWF,NY,AEA,EN,Federal Contract Tower,10,1,14,6,31,0,4,42,0,46,10,5,56,6,77,4,6,10,87
03/06/2022,SWF,NY,AEA,EN,Federal Contract Tower,9,3,13,2,27,0,0,0,0,0,9,3,13,2,27,0,4,4,31
03/07/2022,SWF,NY,AEA,EN,Federal Contract Tower,8,5,14,0,27,0,0,6,0,6,8,5,20,0,33,2,0,2,35
03/08/2022,SWF,NY,AEA,EN,Federal Contract Tower,10,9,13,2,34,0,0,28,2,30,10,9,41,4,64,12,2,14,78
03/09/2022,SWF,NY,AEA,EN,Federal Contract Tower,10,2,9,0,21,0,0,0,0,0,10,2,9,0,21,0,0,0,21
03/10/2022,SWF,NY,AEA,EN,Federal Contract Tower,12,11,14,13,50,0,2,79,13,94,12,13,93,26,144,80,6,86,230
03/11/2022,SWF,NY,AEA,EN,Federal Contract Tower,8,10,10,4,32,0,2,66,2,70,8,12,76,6,102,36,0,36,138
03/12/2022,SWF,NY,AEA,EN,Federal Contract Tower,7,2,4,0,13,0,0,0,0,0,7,2,4,0,13,0,0,0,13
03/13/2022,SWF,NY,AEA,EN,Federal Contract Tower,7,16,11,0,34,0,0,15,0,15,7,16,26,0,49,4,0,4,53
03/14/2022,SWF,NY,AEA,EN,Federal Contract Tower,5,2,20,1,28,0,0,32,0,32,5,2,52,1,60,26,0,26,86
03/15/2022,SWF,NY,AEA,EN,Federal Contract Tower,11,8,10,5,34,0,4,47,8,59,11,12,57,13,93,28,2,30,123
03/16/2022,SWF,NY,AEA,EN,Federal Contract Tower,8,7,16,8,39,0,6,71,17,94,8,13,87,25,133,36,4,40,173
03/17/2022,SWF,NY,AEA,EN,Federal Contract Tower,12,9,12,3,36,0,0,0,0,0,12,9,12,3,36,0,0,0,36
03/18/2022,SWF,NY,AEA,EN,Federal Contract Tower,8,3,16,0,27,0,1,39,2,42,8,4,55,2,69,24,0,24,93
03/19/2022,SWF,NY,AEA,EN,Federal Contract Tower,9,4,13,0,26,0,0,0,0,0,9,4,13,0,26,0,0,0,26
03/20/2022,SWF,NY,AEA,EN,Federal Contract Tower,8,8,22,1,39,0,0,41,0,41,8,8,63,1,80,44,0,44,124
03/21/2022,SWF,NY,AEA,EN,Federal Contract Tower,5,2,12,3,22,0,0,19,4,23,5,2,31,7,45,8,12,20,65
03/22/2022,SWF,NY,AEA,EN,Federal Contract Tower,10,7,8,8,33,0,3,34,11,48,10,10,42,19,81,6,28,34,115
03/23/2022,SWF,NY,AEA,EN,Federal Contract Tower,8,3,20,14,45,0,5,50,11,66,8,8,70,25,111,58,10,68,179
03/24/2022,SWF,NY,AEA,EN,Federal Contract Tower,10,8,16,5,39,0,0,0,0,0,10,8,16,5,39,0,0,0,39
03/25/2022,SWF,NY,AEA,EN,Federal Contract Tower,12,1,35,3,51,0,4,54,9,67,12,5,89,12,118,22,0,22,140
03/26/2022,SWF,NY,AEA,EN,Federal Contract Tower,6,1,8,0,15,0,3,15,4,22,6,4,23,4,37,54,0,54,91
03/27/2022,SWF,NY,AEA,EN,Federal Contract Tower,8,16,24,0,48,0,0,17,8,25,8,16,41,8,73,58,0,58,131
03/28/2022,SWF,NY,AEA,EN,Federal Contract Tower,5,4,16,5,30,0,0,15,4,19,5,4,31,9,49,16,10,26,75
03/29/2022,SWF,NY,AEA,EN,Federal Contract Tower,12,0,18,3,33,0,5,19,6,30,12,5,37,9,63,0,18,18,81
03/30/2022,SWF,NY,AEA,EN,Federal Contract Tower,5,2,22,5,34,0,5,73,10,88,5,7,95,15,122,38,4,42,164
03/31/2022,SWF,NY,AEA,EN,Federal Contract Tower,11,8,21,3,43,0,0,0,0,0,11,8,21,3,43,0,0,0,43
04/01/2022,SWF,NY,AEA,EN,Federal Contract Tower,12,3,13,3,31,0,1,0,0,1,12,4,13,3,32,0,0,0,32
04/02/2022,SWF,NY,AEA,EN,Federal Contract Tower,5,12,12,0,29,0,0,33,0,33,5,12,45,0,62,82,0,82,144
04/03/2022,SWF,NY,AEA,EN,Federal Contract Tower,14,11,9,6,40,0,4,35,5,44,14,15,44,11,84,10,29,39,123
04/04/2022,SWF,NY,AEA,EN,Federal Contract Tower,5,6,21,0,32,0,3,88,4,95,5,9,109,4,127,32,0,32,159
04/05/2022,SWF,NY,AEA,EN,Federal Contract Tower,13,11,15,2,41,0,5,50,10,65,13,16,65,12,106,22,0,22,128
04/06/2022,SWF,NY,AEA,EN,Federal Contract Tower,9,7,12,5,33,0,0,1,0,1,9,7,13,5,34,18,0,18,52
04/07/2022,SWF,NY,AEA,EN,Federal Contract Tower,8,5,14,0,27,0,0,6,0,6,8,5,20,0,33,2,0,2,35
04/08/2022,SWF,NY,AEA,EN,Federal Contract Tower,10,13,13,4,40,0,0,46,3,49,10,13,59,7,89,14,8,22,111
04/09/2022,SWF,NY,AEA,EN,Federal Contract Tower,6,5,23,6,40,0,0,7,0,7,6,5,30,6,47,2,0,2,49
04/10/2022,SWF,NY,AEA,EN,Federal Contract Tower,12,11,14,13,50,0,2,79,13,94,12,13,93,26,144,80,6,86,230
04/11/2022,SWF,NY,AEA,EN,Federal Contract Tower,7,3,27,3,40,0,0,85,3,88,7,3,112,6,128,34,0,34,162
04/12/2022,SWF,NY,AEA,EN,Federal Contract Tower,12,8,20,11,51,0,0,41,6,47,12,8,61,17,98,52,20,72,170
04/13/2022,SWF,NY,AEA,EN,Federal Contract Tower,9,6,14,10,39,0,0,55,17,72,9,6,69,27,111,0,32,32,143
04/14/2022,SWF,NY,AEA,EN,Federal Contract Tower,12,2,11,7,32,0,1,38,0,39,12,3,49,7,71,4,10,14,85
04/15/2022,SWF,NY,AEA,EN,Federal Contract Tower,12,7,12,4,35,0,0,55,0,55,12,7,67,4,90,32,0,32,122
04/16/2022,SWF,NY,AEA,EN,Federal Contract Tower,9,1,10,0,20,0,0,8,2,10,9,1,18,2,30,210,0,210,240
04/17/2022,SWF,NY,AEA,EN,Federal Contract Tower,12,9,12,3,36,0,0,0,0,0,12,9,12,3,36,0,0,0,36
04/18/2022,SWF,NY,AEA,EN,Federal Contract Tower,7,1,20,0,28,0,16,32,2,50,7,17,52,2,78,0,0,0,78
04/19/2022,SWF,NY,AEA,EN,Federal Contract Tower,9,8,12,11,40,0,0,2,4,6,9,8,14,15,46,0,36,36,82
04/20/2022,SWF,NY,AEA,EN,Federal Contract Tower,10,8,10,7,35,0,2,42,4,48,10,10,52,11,83,10,0,10,93
04/21/2022,SWF,NY,AEA,EN,Federal Contract Tower,12,6,13,8,39,0,0,41,0,41,12,6,54,8,80,6,22,28,108
04/22/2022,SWF,NY,AEA,EN,Federal Contract Tower,12,10,13,1,36,0,0,25,0,25,12,10,38,1,61,0,0,0,61
04/23/2022,SWF,NY,AEA,EN,Federal Contract Tower,6,0,12,8,26,0,3,35,4,42,6,3,47,12,68,16,10,26,94
04/24/2022,SWF,NY,AEA,EN,Federal Contract Tower,9,13,10,0,32,0,2,90,3,95,9,15,100,3,127,40,0,40,167
04/25/2022,SWF,NY,AEA,EN,Federal Contract Tower,7,4,25,1,37,0,12,64,3,79,7,16,89,4,116,12,0,12,128
04/26/2022,SWF,NY,AEA,EN,Federal Contract Tower,11,3,34,4,52,0,10,2,1,13,11,13,36,5,65,0,4,4,69
04/27/2022,SWF,NY,AEA,EN,Federal Contract Tower,10,6,14,3,33,0,2,11,6,19,10,8,25,9,52,6,10,16,68
04/28/2022,SWF,NY,AEA,EN,Federal Contract Tower,11,4,14,11,40,0,2,10,5,17,11,6,24,16,57,0,16,16,73
04/29/2022,SWF,NY,AEA,EN,Federal Contract Tower,11,3,11,2,27,0,6,20,4,30,11,9,31,6,57,14,0,14,71
04/30/2022,SWF,NY,AEA,EN,Federal Contract Tower,5,9,10,4,28,0,0,10,4,14,5,9,20,8,42,8,4,12,54
05/01/2022,SWF,NY,AEA,EN,Federal Contract Tower,7,4,16,2,29,0,0,76,0,76,7,4,92,2,105,54,0,54,159
05/02/2022,SWF,NY,AEA,EN,Federal Contract Tower,5,3,8,0,16,0,2,1,0,3,5,5,9,0,19,2,0,2,21
05/03/2022,SWF,NY,AEA,EN,Federal Contract Tower,12,6,9,8,35,0,4,13,2,19,12,10,22,10,54,6,0,6,60
05/04/2022,SWF,NY,AEA,EN,Federal Contract Tower,10,6,18,4,38,0,0,0,0,0,10,6,18,4,38,0,30,30,68
05/05/2022,SWF,NY,AEA,EN,Federal Contract Tower,17,7,16,1,41,0,0,37,5,42,17,7,53,6,83,0,0,0,83
05/06/2022,SWF,NY,AEA,EN,Federal Contract Tower,10,4,23,5,42,0,0,2,0,2,10,4,25,5,44,0,0,0,44
05/07/2022,SWF,NY,AEA,EN,Federal Contract Tower,7,5,12,0,24,0,0,0,0,0,7,5,12,0,24,0,0,0,24
05/08/2022,SWF,NY,AEA,EN,Federal Contract Tower,6,6,6,1,19,0,0,13,0,13,6,6,19,1,32,8,0,8,40
05/09/2022,SWF,NY,AEA,EN,Federal Contract Tower,6,2,9,1,18,0,0,9,5,14,6,2,18,6,32,4,6,10,42
05/10/2022,SWF,NY,AEA,EN,Federal Contract Tower,12,6,8,2,28,0,0,19,7,26,12,6,27,9,54,0,14,14,68
05/11/2022,SWF,NY,AEA,EN,Federal Contract Tower,8,4,13,9,34,0,2,33,1,36,8,6,46,10,70,38,4,42,112
05/12/2022,SWF,NY,AEA,EN,Federal Contract Tower,10,7,23,2,42,0,1,38,6,45,10,8,61,8,87,14,10,24,111
05/13/2022,SWF,NY,AEA,EN,Federal Contract Tower,11,8,14,6,39,0,1,24,1,26,11,9,38,7,65,6,18,24,89
05/14/2022,SWF,NY,AEA,EN,Federal Contract Tower,7,13,9,0,29,0,0,4,0,4,7,13,13,0,33,0,0,0,33
05/15/2022,SWF,NY,AEA,EN,Federal Contract Tower,6,6,21,3,36,0,0,49,12,61,6,6,70,15,97,0,20,20,117
05/16/2022,SWF,NY,AEA,EN,Federal Contract Tower,5,4,13,2,24,0,3,6,0,9,5,7,19,2,33,0,0,0,33
05/17/2022,SWF,NY,AEA,EN,Federal Contract Tower,11,4,15,2,32,0,2,15,1,18,11,6,30,3,50,4,0,4,54
05/18/2022,SWF,NY,AEA,EN,Federal Contract Tower,8,8,21,2,39,0,2,50,13,65,8,10,71,15,104,46,30,76,180
05/19/2022,SWF,NY,AEA,EN,Federal Contract Tower,14,6,29,15,64,0,0,0,0,0,14,6,29,15,64,0,0,0,64
05/20/2022,SWF,NY,AEA,EN,Federal Contract Tower,10,8,13,4,35,0,0,25,3,28,10,8,38,7,63,0,0,0,63
05/21/2022,SWF,NY,AEA,EN,Federal Contract Tower,5,15,26,3,49,0,3,77,0,80,5,18,103,3,129,26,0,26,155
05/22/2022,SWF,NY,AEA,EN,Federal Contract Tower,8,11,16,1,36,0,5,51,1,57,8,16,67,2,93,8,0,8,101
05/23/2022,SWF,NY,AEA,EN,Federal Contract Tower,7,9,7,2,25,0,6,64,4,74,7,15,71,6,99,24,0,24,123
05/24/2022,SWF,NY,AEA,EN,Federal Contract Tower,9,11,15,19,54,0,3,27,9,39,9,14,42,28,93,14,38,52,145
05/25/2022,SWF,NY,AEA,EN,Federal Contract Tower,10,9,24,3,46,0,3,61,9,73,10,12,85,12,119,16,6,22,141
05/26/2022,SWF,NY,AEA,EN,Federal Contract Tower,17,12,23,13,65,0,3,61,0,64,17,15,84,13,129,0,0,0,129
05/27/2022,SWF,NY,AEA,EN,Federal Contract Tower,9,16,12,3,40,0,3,0,0,3,9,19,12,3,43,0,0,0,43
05/28/2022,SWF,NY,AEA,EN,Federal Contract Tower,5,7,4,0,16,0,1,4,0,5,5,8,8,0,21,0,0,0,21
05/29/2022,SWF,NY,AEA,EN,Federal Contract Tower,11,3,8,0,22,0,0,52,0,52,11,3,60,0,74,4,0,4,78
05/30/2022,SWF,NY,AEA,EN,Federal Contract Tower,4,8,11,0,23,0,3,63,0,66,4,11,74,0,89,20,0,20,109
05/31/2022,SWF,NY,AEA,EN,Federal Contract Tower,9,9,17,3,38,0,6,82,8,96,9,15,99,11,134,2,0,2,136
06/01/2022,SWF,NY,AEA,EN,Federal Contract Tower,10,9,13,5,37,0,1,9,0,10,10,10,22,5,47,12,0,12,59
06/02/2022,SWF,NY,AEA,EN,Federal Contract Tower,15,12,10,9,46,0,1,11,5,17,15,13,21,14,63,0,8,8,71
06/03/2022,SWF,NY,AEA,EN,Federal Contract Tower,13,5,11,3,32,0,3,29,0,32,13,8,40,3,64,20,0,20,84
06/04/2022,SWF,NY,AEA,EN,Federal Contract Tower,7,9,4,4,24,0,5,46,0,51,7,14,50,4,75,6,0,6,81
06/05/2022,SWF,NY,AEA,EN,Federal Contract Tower,10,5,16,2,33,0,3,54,8,65,10,8,70,10,98,0,26,26,124
06/06/2022,SWF,NY,AEA,EN,Federal Contract Tower,7,3,9,4,23,0,0,54,0,54,7,3,63,4,77,4,0,4,81
06/07/2022,SWF,NY,AEA,EN,Federal Contract Tower,11,9,10,2,32,0,0,24,0,24,11,9,34,2,56,12,2,14,70
06/08/2022,SWF,NY,AEA,EN,Federal Contract Tower,4,13,13,7,37,0,0,33,4,37,4,13,46,11,74,28,12,40,114
06/09/2022,SWF,NY,AEA,EN,Federal Contract Tower,17,13,19,8,57,0,2,32,36,70,17,15,51,44,127,20,26,46,173
06/10/2022,SWF,NY,AEA,EN,Federal Contract Tower,18,4,18,4,44,0,0,58,4,62,18,4,76,8,106,2,0,2,108
06/11/2022,SWF,NY,AEA,EN,Federal Contract Tower,10,5,10,0,25,0,3,64,2,69,10,8,74,2,94,20,0,20,114
06/12/2022,SWF,NY,AEA,EN,Federal Contract Tower,3,18,16,10,47,0,0,3,0,3,3,18,19,10,50,0,0,0,50
06/13/2022,SWF,NY,AEA,EN,Federal Contract Tower,13,9,21,5,48,0,0,50,2,52,13,9,71,7,100,20,20,40,140
06/14/2022,SWF,NY,AEA,EN,Federal Contract Tower,12,13,8,4,37,0,0,64,26,90,12,13,72,30,127,14,10,24,151
06/15/2022,SWF,NY,AEA,EN,Federal Contract Tower,14,11,12,4,41,0,0,0,0,0,14,11,12,4,41,60,8,68,109
06/16/2022,SWF,NY,AEA,EN,Federal Contract Tower,15,6,22,5,48,0,0,22,2,24,15,6,44,7,72,8,0,8,80
06/17/2022,SWF,NY,AEA,EN,Federal Contract Tower,16,12,21,11,60,0,0,52,48,100,16,12,73,59,160,0,8,8,168
06/18/2022,SWF,NY,AEA,EN,Federal Contract Tower,10,6,15,0,31,0,0,20,12,32,10,6,35,12,63,16,0,16,79
06/19/2022,SWF,NY,AEA,EN,Federal Contract Tower,7,9,11,1,28,0,0,10,1,11,7,9,21,2,39,2,0,2,41
06/20/2022,SWF,NY,AEA,EN,Federal Contract Tower,13,7,10,2,32,0,1,62,4,67,13,8,72,6,99,46,0,46,145
06/21/2022,SWF,NY,AEA,EN,Federal Contract Tower,10,12,19,4,45,0,0,44,0,44,10,12,63,4,89,52,0,52,141
06/22/2022,SWF,NY,AEA,EN,Federal Contract Tower,18,6,14,12,50,0,1,0,0,1,18,7,14,12,51,0,0,0,51
06/23/2022,SWF,NY,AEA,EN,Federal Contract Tower,15,20,17,4,56,0,2,19,17,38,15,22,36,21,94,14,0,14,108
06/24/2022,SWF,NY,AEA,EN,Federal Contract Tower,19,12,15,1,47,0,3,62,32,97,19,15,77,33,144,26,0,26,170
06/25/2022,SWF,NY,AEA,EN,Federal Contract Tower,9,7,15,0,31,0,1,47,12,60,9,8,62,12,91,6,0,6,97
06/26/2022,SWF,NY,AEA,EN,Federal Contract Tower,8,5,18,0,31,0,0,26,0,26,8,5,44,0,57,0,0,0,57
06/27/2022,SWF,NY,AEA,EN,Federal Contract Tower,11,6,11,3,31,0,3,23,8,34,11,9,34,11,65,30,0,30,95
06/28/2022,SWF,NY,AEA,EN,Federal Contract Tower,14,11,19,6,50,0,1,60,4,65,14,12,79,10,115,28,14,42,157
06/29/2022,SWF,NY,AEA,EN,Federal Contract Tower,15,3,17,4,39,0,2,76,2,80,15,5,93,6,119,0,22,22,141
06/30/2022,SWF,NY,AEA,EN,Federal Contract Tower,14,6,13,4,37,0,10,65,7,82,14,16,78,11,119,22,20,42,161
07/01/2022,SWF,NY,AEA,EN,Federal Contract Tower,18,10,16,0,44,0,0,54,6,60,18,10,70,6,104,24,0,24,128
07/02/2022,SWF,NY,AEA,EN,Federal Contract Tower,10,6,9,0,25,0,0,10,2,12,10,6,19,2,37,0,0,0,37
07/03/2022,SWF,NY,AEA,EN,Federal Contract Tower,8,9,13,0,30,0,0,32,3,35,8,9,45,3,65,6,0,6,71
07/04/2022,SWF,NY,AEA,EN,Federal Contract Tower,13,3,13,1,30,0,0,33,0,33,13,3,46,1,63,12,0,12,75
07/05/2022,SWF,NY,AEA,EN,Federal Contract Tower,11,5,15,6,37,0,0,24,2,26,11,5,39,8,63,4,20,24,87
07/06/2022,SWF,NY,AEA,EN,Federal Contract Tower,16,3,7,3,29,0,0,27,8,35,16,3,34,11,64,16,0,16,80
07/07/2022,SWF,NY,AEA,EN,Federal Contract Tower,14,19,14,5,52,0,1,60,8,69,14,20,74,13,121,18,0,18,139
07/08/2022,SWF,NY,AEA,EN,Federal Contract Tower,21,4,21,6,52,0,1,70,4,75,21,5,91,10,127,28,0,28,155
07/09/2022,SWF,NY,AEA,EN,Federal Contract Tower,11,9,13,0,33,0,0,13,1,14,11,9,26,1,47,4,0,4,51
07/10/2022,SWF,NY,AEA,EN,Federal Contract Tower,9,7,14,1,31,0,0,45,0,45,9,7,59,1,76,26,0,26,102
07/11/2022,SWF,NY,AEA,EN,Federal Contract Tower,14,8,18,3,43,0,0,51,0,51,14,8,69,3,94,16,0,16,110
07/12/2022,SWF,NY,AEA,EN,Federal Contract Tower,15,12,18,4,49,0,0,33,2,35,15,12,51,6,84,16,20,36,120
07/13/2022,SWF,NY,AEA,EN,Federal Contract Tower,20,7,12,6,45,0,1,46,33,80,20,8,58,39,125,40,62,102,227
07/14/2022,SWF,NY,AEA,EN,Federal Contract Tower,16,20,15,4,55,0,2,61,15,78,16,22,76,19,133,16,0,16,149
07/15/2022,SWF,NY,AEA,EN,Federal Contract Tower,21,6,12,5,44,0,2,58,1,61,21,8,70,6,105,2,0,2,107
07/16/2022,SWF,NY,AEA,EN,Federal Contract Tower,10,13,12,0,35,0,0,40,0,40,10,13,52,0,75,8,0,8,83
07/17/2022,SWF,NY,AEA,EN,Federal Contract Tower,8,12,19,1,40,0,0,69,2,71,8,12,88,3,111,14,0,14,125
07/18/2022,SWF,NY,AEA,EN,Federal Contract Tower,22,8,4,1,35,0,0,0,0,0,22,8,4,1,35,0,0,0,35
07/19/2022,SWF,NY,AEA,EN,Federal Contract Tower,14,2,18,3,37,0,2,72,7,81,14,4,90,10,118,40,6,46,164
07/20/2022,SWF,NY,AEA,EN,Federal Contract Tower,17,3,18,8,46,0,6,81,33,120,17,9,99,41,166,38,32,70,236
07/21/2022,SWF,NY,AEA,EN,Federal Contract Tower,19,17,21,0,57,0,10,67,19,96,19,27,88,19,153,6,0,6,159
07/22/2022,SWF,NY,AEA,EN,Federal Contract Tower,19,10,15,4,48,0,6,38,13,57,19,16,53,17,105,34,0,34,139
07/23/2022,SWF,NY,AEA,EN,Federal Contract Tower,11,13,13,1,38,0,0,41,19,60,11,13,54,20,98,0,0,0,98
07/24/2022,SWF,NY,AEA,EN,Federal Contract Tower,8,18,11,0,37,0,0,35,16,51,8,18,46,16,88,18,0,18,106
07/25/2022,SWF,NY,AEA,EN,Federal Contract Tower,16,12,21,0,49,0,0,30,0,30,16,12,51,0,79,14,0,14,93
07/26/2022,SWF,NY,AEA,EN,Federal Contract Tower,12,13,20,3,48,0,12,78,24,114,12,25,98,27,162,14,20,34,196
07/27/2022,SWF,NY,AEA,EN,Federal Contract Tower,19,11,28,11,69,0,5,74,18,97,19,16,102,29,166,38,14,52,218
07/28/2022,SWF,NY,AEA,EN,Federal Contract Tower,15,17,20,1,53,0,4,54,8,66,15,21,74,9,119,16,0,16,135
07/29/2022,SWF,NY,AEA,EN,Federal Contract Tower,21,4,6,1,32,0,1,44,0,45,21,5,50,1,77,6,0,6,83
07/30/2022,SWF,NY,AEA,EN,Federal Contract Tower,11,14,18,2,45,0,0,57,2,59,11,14,75,4,104,14,0,14,118
07/31/2022,SWF,NY,AEA,EN,Federal Contract Tower,10,8,12,1,31,0,0,76,0,76,10,8,88,1,107,24,0,24,131
08/01/2022,SWF,NY,AEA,EN,Federal Contract Tower,13,5,30,1,49,0,0,41,0,41,13,5,71,1,90,20,0,20,110
08/02/2022,SWF,NY,AEA,EN,Federal Contract Tower,15,5,18,1,39,0,4,57,0,61,15,9,75,1,100,52,0,52,152
08/03/2022,SWF,NY,AEA,EN,Federal Contract Tower,18,11,15,4,48,0,1,70,10,81,18,12,85,14,129,22,8,30,159
08/04/2022,SWF,NY,AEA,EN,Federal Contract Tower,16,12,22,5,55,0,3,77,7,87,16,15,99,12,142,8,10,18,160
08/05/2022,SWF,NY,AEA,EN,Federal Contract Tower,20,13,24,3,60,0,2,69,2,73,20,15,93,5,133,0,2,2,135
08/06/2022,SWF,NY,AEA,EN,Federal Contract Tower,15,13,13,1,42,0,1,61,0,62,15,14,74,1,104,2,0,2,106
08/07/2022,SWF,NY,AEA,EN,Federal Contract Tower,9,10,18,2,39,0,0,44,0,44,9,10,62,2,83,22,0,22,105
08/08/2022,SWF,NY,AEA,EN,Federal Contract Tower,14,7,16,0,37,0,6,34,0,40,14,13,50,0,77,0,0,0,77
08/09/2022,SWF,NY,AEA,EN,Federal Contract Tower,15,5,19,6,45,0,1,43,7,51,15,6,62,13,96,0,24,24,120
08/10/2022,SWF,NY,AEA,EN,Federal Contract Tower,21,10,19,6,56,0,0,78,17,95,21,10,97,23,151,0,42,42,193
08/11/2022,SWF,NY,AEA,EN,Federal Contract Tower,17,13,15,5,50,0,8,56,6,70,17,21,71,11,120,6,2,8,128
08/12/2022,SWF,NY,AEA,EN,Federal Contract Tower,21,11,23,6,61,0,1,80,1,82,21,12,103,7,143,12,0,12,155
08/13/2022,SWF,NY,AEA,EN,Federal Contract Tower,8,8,25,1,42,0,0,55,0,55,8,8,80,1,97,34,0,34,131
08/14/2022,SWF,NY,AEA,EN,Federal Contract Tower,8,9,17,0,34,0,0,38,0,38,8,9,55,0,72,38,0,38,110
08/15/2022,SWF,NY,AEA,EN,Federal Contract Tower,13,16,17,0,46,0,2,55,0,57,13,18,72,0,103,8,0,8,111
08/16/2022,SWF,NY,AEA,EN,Federal Contract Tower,13,5,10,5,33,0,6,63,3,72,13,11,73,8,105,12,8,20,125
08/17/2022,SWF,NY,AEA,EN,Federal Contract Tower,12,10,28,4,54,0,6,102,7,115,12,16,130,11,169,40,40,80,249
08/18/2022,SWF,NY,AEA,EN,Federal Contract Tower,17,8,6,0,31,0,0,52,0,52,17,8,58,0,83,18,0,18,101
08/19/2022,SWF,NY,AEA,EN,Federal Contract Tower,22,4,10,4,40,0,0,41,0,41,22,4,51,4,81,20,0,20,101
08/20/2022,SWF,NY,AEA,EN,Federal Contract Tower,6,7,7,0,20,0,1,101,0,102,6,8,108,0,122,6,0,6,128
08/21/2022,SWF,NY,AEA,EN,Federal Contract Tower,7,10,19,1,37,0,2,61,0,63,7,12,80,1,100,74,0,74,174
08/22/2022,SWF,NY,AEA,EN,Federal Contract Tower,15,8,16,0,39,0,4,0,0,4,15,12,16,0,43,0,0,0,43
08/23/2022,SWF,NY,AEA,EN,Federal Contract Tower,11,4,16,21,52,0,4,13,21,38,11,8,29,42,90,14,36,50,140
08/24/2022,SWF,NY,AEA,EN,Federal Contract Tower,14,6,15,5,40,0,3,110,18,131,14,9,125,23,171,42,12,54,225
08/25/2022,SWF,NY,AEA,EN,Federal Contract Tower,13,6,13,4,36,0,3,70,8,81,13,9,83,12,117,38,0,38,155
08/26/2022,SWF,NY,AEA,EN,Federal Contract Tower,20,12,18,4,54,0,0,30,40,70,20,12,48,44,124,10,0,10,134
08/27/2022,SWF,NY,AEA,EN,Federal Contract Tower,6,5,7,0,18,0,4,43,14,61,6,9,50,14,79,0,10,10,89
08/28/2022,SWF,NY,AEA,EN,Federal Contract Tower,6,6,13,1,26,0,7,23,14,44,6,13,36,15,70,0,2,2,72
08/29/2022,SWF,NY,AEA,EN,Federal Contract Tower,14,9,24,10,57,0,9,52,5,66,14,18,76,15,123,12,10,22,145
08/30/2022,SWF,NY,AEA,EN,Federal Contract Tower,9,10,7,4,30,0,5,61,25,91,9,15,68,29,121,8,34,42,163
08/31/2022,SWF,NY,AEA,EN,Federal Contract Tower,13,7,15,18,53,0,7,67,16,90,13,14,82,34,143,12,74,86,229
09/01/2022,SWF,NY,AEA,EN,Federal Contract Tower,13,13,13,4,43,0,2,66,13,81,13,15,79,17,124,74,58,132,256
09/02/2022,SWF,NY,AEA,EN,Federal Contract Tower,23,19,23,1,66,0,4,64,18,86,23,23,87,19,152,22,90,112,264
09/03/2022,SWF,NY,AEA,EN,Federal Contract Tower,4,8,5,4,21,0,1,37,12,50,4,9,42,16,71,2,0,2,73
09/04/2022,SWF,NY,AEA,EN,Federal Contract Tower,10,4,11,0,25,0,2,25,3,30,10,6,36,3,55,6,0,6,61
09/05/2022,SWF,NY,AEA,EN,Federal Contract Tower,12,14,15,2,43,0,0,5,2,7,12,14,20,4,50,0,2,2,52
09/06/2022,SWF,NY,AEA,EN,Federal Contract Tower,6,1,9,1,17,0,0,0,0,0,6,1,9,1,17,0,0,0,17
09/07/2022,SWF,NY,AEA,EN,Federal Contract Tower,17,9,24,21,71,0,0,0,17,17,17,9,24,38,88,14,144,158,246
09/08/2022,SWF,NY,AEA,EN,Federal Contract Tower,13,11,16,9,49,0,4,15,21,40,13,15,31,30,89,12,194,206,295
09/09/2022,SWF,NY,AEA,EN,Federal Contract Tower,14,3,16,3,36,0,0,49,18,67,14,3,65,21,103,22,118,140,243
09/10/2022,SWF,NY,AEA,EN,Federal Contract Tower,8,2,8,3,21,0,1,38,8,47,8,3,46,11,68,18,0,18,86
09/11/2022,SWF,NY,AEA,EN,Federal Contract Tower,8,4,12,5,29,0,1,28,4,33,8,5,40,9,62,14,12,26,88
09/12/2022,SWF,NY,AEA,EN,Federal Contract Tower,8,6,14,4,32,0,0,21,9,30,8,6,35,13,62,0,54,54,116
09/13/2022,SWF,NY,AEA,EN,Federal Contract Tower,12,12,10,11,45,0,16,19,8,43,12,28,29,19,88,0,86,86,174
09/14/2022,SWF,NY,AEA,EN,Federal Contract Tower,18,4,10,11,43,0,3,56,12,71,18,7,66,23,114,68,114,182,296
09/15/2022,SWF,NY,AEA,EN,Federal Contract Tower,16,12,23,6,57,0,1,39,3,43,16,13,62,9,100,46,96,142,242
09/16/2022,SWF,NY,AEA,EN,Federal Contract Tower,19,9,19,4,51,0,5,45,8,58,19,14,64,12,109,24,0,24,133
09/17/2022,SWF,NY,AEA,EN,Federal Contract Tower,12,8,8,0,28,0,0,47,4,51,12,8,55,4,79,48,2,50,129
09/18/2022,SWF,NY,AEA,EN,Federal Contract Tower,18,3,14,4,39,0,8,59,7,74,18,11,73,11,113,58,0,58,171
09/19/2022,SWF,NY,AEA,EN,Federal Contract Tower,19,4,4,6,33,0,0,37,6,43,19,4,41,12,76,12,26,38,114
09/20/2022,SWF,NY,AEA,EN,Federal Contract Tower,13,12,25,3,53,0,9,68,21,98,13,21,93,24,151,98,80,178,329
09/21/2022,SWF,NY,AEA,EN,Federal Contract Tower,23,4,15,2,44,0,0,53,18,71,23,4,68,20,115,0,38,38,153
09/22/2022,SWF,NY,AEA,EN,Federal Contract Tower,20,8,19,3,50,0,0,0,4,4,20,8,19,7,54,0,40,40,94
09/23/2022,SWF,NY,AEA,EN,Federal Contract Tower,25,9,17,3,54,0,0,23,3,26,25,9,40,6,80,6,18,24,104
09/24/2022,SWF,NY,AEA,EN,Federal Contract Tower,14,2,9,0,25,0,0,50,0,50,14,2,59,0,75,56,0,56,131
09/25/2022,SWF,NY,AEA,EN,Federal Contract Tower,10,9,21,1,41,0,0,41,5,46,10,9,62,6,87,36,20,56,143
09/26/2022,SWF,NY,AEA,EN,Federal Contract Tower,8,7,6,3,24,0,4,40,4,48,8,11,46,7,72,6,18,24,96
09/27/2022,SWF,NY,AEA,EN,Federal Contract Tower,29,9,27,3,68,0,0,65,0,65,29,9,92,3,133,10,48,58,191
09/28/2022,SWF,NY,AEA,EN,Federal Contract Tower,12,7,20,3,42,0,4,31,2,37,12,11,51,5,79,12,0,12,91
09/29/2022,SWF,NY,AEA,EN,Federal Contract Tower,10,22,21,2,55,0,0,49,1,50,10,22,70,3,105,12,0,12,117
09/30/2022,SWF,NY,AEA,EN,Federal Contract Tower,13,17,10,2,42,0,0,39,0,39,13,17,49,2,81,58,0,58,139
10/01/2022,SWF,NY,AEA,EN,Federal Contract Tower,8,9,9,0,26,0,0,0,2,2,8,9,9,2,28,0,0,0,28
10/02/2022,SWF,NY,AEA,EN,Federal Contract Tower,6,17,19,2,44,0,0,2,1,3,6,17,21,3,47,6,0,6,53
10/03/2022,SWF,NY,AEA,EN,Federal Contract Tower,9,8,12,2,31,0,3,18,1,22,9,11,30,3,53,8,0,8,61
10/04/2022,SWF,NY,AEA,EN,Federal Contract Tower,8,7,8,7,30,0,0,0,0,0,8,7,8,7,30,0,0,0,30
10/05/2022,SWF,NY,AEA,EN,Federal Contract Tower,17,13,16,7,53,0,0,0,3,3,17,13,16,10,56,0,18,18,74
10/06/2022,SWF,NY,AEA,EN,Federal Contract Tower,14,7,17,2,40,0,0,15,4,19,14,7,32,6,59,0,24,24,83
10/07/2022,SWF,NY,AEA,EN,Federal Contract Tower,24,17,14,5,60,0,0,27,3,30,24,17,41,8,90,24,0,24,114
10/08/2022,SWF,NY,AEA,EN,Federal Contract Tower,12,8,8,0,28,0,2,27,0,29,12,10,35,0,57,16,0,16,73
10/09/2022,SWF,NY,AEA,EN,Federal Contract Tower,10,6,8,0,24,0,0,37,0,37,10,6,45,0,61,0,0,0,61
10/10/2022,SWF,NY,AEA,EN,Federal Contract Tower,11,15,18,0,44,0,0,39,0,39,11,15,57,0,83,6,0,6,89
10/11/2022,SWF,NY,AEA,EN,Federal Contract Tower,9,6,10,2,27,0,0,33,1,34,9,6,43,3,61,6,20,26,87
10/12/2022,SWF,NY,AEA,EN,Federal Contract Tower,14,16,15,7,52,0,0,42,3,45,14,16,57,10,97,20,0,20,117
10/13/2022,SWF,NY,AEA,EN,Federal Contract Tower,14,9,16,3,42,0,2,1,0,3,14,11,17,3,45,0,0,0,45
10/14/2022,SWF,NY,AEA,EN,Federal Contract Tower,21,17,23,1,62,0,1,61,2,64,21,18,84,3,126,22,0,22,148
10/15/2022,SWF,NY,AEA,EN,Federal Contract Tower,9,21,9,1,40,0,0,41,4,45,9,21,50,5,85,6,0,6,91
10/16/2022,SWF,NY,AEA,EN,Federal Contract Tower,6,4,15,0,25,0,0,56,0,56,6,4,71,0,81,14,0,14,95
10/17/2022,SWF,NY,AEA,EN,Federal Contract Tower,6,14,25,2,47,0,0,2,0,2,6,14,27,2,49,0,0,0,49
10/18/2022,SWF,NY,AEA,EN,Federal Contract Tower,9,5,19,2,35,0,1,10,0,11,9,6,29,2,46,10,0,10,56
10/19/2022,SWF,NY,AEA,EN,Federal Contract Tower,15,10,14,8,47,0,0,31,6,37,15,10,45,14,84,6,20,26,110
10/20/2022,SWF,NY,AEA,EN,Federal Contract Tower,14,12,14,6,46,0,0,56,8,64,14,12,70,14,110,4,0,4,114
10/21/2022,SWF,NY,AEA,EN,Federal Contract Tower,22,14,23,0,59,0,0,93,5,98,22,14,116,5,157,12,10,22,179
10/22/2022,SWF,NY,AEA,EN,Federal Contract Tower,9,2,17,2,30,0,2,79,2,83,9,4,96,4,113,5,0,5,118
10/23/2022,SWF,NY,AEA,EN,Federal Contract Tower,6,10,19,0,35,0,0,60,0,60,6,10,79,0,95,72,0,72,167
10/24/2022,SWF,NY,AEA,EN,Federal Contract Tower,11,11,3,5,30,0,0,0,0,0,11,11,3,5,30,0,0,0,30
10/25/2022,SWF,NY,AEA,EN,Federal Contract Tower,10,11,17,3,41,0,0,0,0,0,10,11,17,3,41,0,0,0,41
10/26/2022,SWF,NY,AEA,EN,Federal Contract Tower,14,10,21,6,51,0,0,9,8,17,14,10,30,14,68,0,10,10,78
10/27/2022,SWF,NY,AEA,EN,Federal Contract Tower,14,4,18,7,43,0,0,38,3,41,14,4,56,10,84,12,5,17,101
10/28/2022,SWF,NY,AEA,EN,Federal Contract Tower,17,4,7,2,30,0,2,65,8,75,17,6,72,10,105,16,0,16,121
10/30/2022,SWF,NY,AEA,EN,Federal Contract Tower,6,8,12,1,27,0,1,54,2,57,6,9,66,3,84,74,0,74,158
10/31/2022,SWF,NY,AEA,EN,Federal Contract Tower,9,6,11,2,28,0,0,28,0,28,9,6,39,2,56,0,10,10,66
11/01/2022,SWF,NY,AEA,EN,Federal Contract Tower,11,7,21,6,45,0,1,17,5,23,11,8,38,11,68,0,40,40,108
11/02/2022,SWF,NY,AEA,EN,Federal Contract Tower,17,4,18,3,42,0,1,46,10,57,17,5,64,13,99,8,10,18,117
11/03/2022,SWF,NY,AEA,EN,Federal Contract Tower,14,8,19,5,46,0,2,31,6,39,14,10,50,11,85,0,0,0,85
11/04/2022,SWF,NY,AEA,EN,Federal Contract Tower,16,6,10,7,39,0,0,65,1,66,16,6,75,8,105,12,0,12,117
11/05/2022,SWF,NY,AEA,EN,Federal Contract Tower,7,2,6,3,18,0,1,25,0,26,7,3,31,3,44,2,0,2,46
11/07/2022,SWF,NY,AEA,EN,Federal Contract Tower,4,10,15,5,34,0,2,29,10,41,4,12,44,15,75,4,0,4,79
11/08/2022,SWF,NY,AEA,EN,Federal Contract Tower,12,6,10,2,30,0,0,20,2,22,12,6,30,4,52,6,0,6,58
11/09/2022,SWF,NY,AEA,EN,Federal Contract Tower,10,10,17,6,43,0,0,45,17,62,10,10,62,23,105,54,40,94,199
11/10/2022,SWF,NY,AEA,EN,Federal Contract Tower,16,12,12,3,43,0,1,45,6,52,16,13,57,9,95,20,14,34,129
11/11/2022,SWF,NY,AEA,EN,Federal Contract Tower,14,3,12,2,31,0,0,7,0,7,14,3,19,2,38,4,0,4,42
11/12/2022,SWF,NY,AEA,EN,Federal Contract Tower,3,2,12,0,17,0,2,22,0,24,3,4,34,0,41,0,0,0,41
11/14/2022,SWF,NY,AEA,EN,Federal Contract Tower,6,4,7,1,18,0,0,38,0,38,6,4,45,1,56,4,0,4,60
11/16/2022,SWF,NY,AEA,EN,Federal Contract Tower,10,11,14,9,44,0,2,8,2,12,10,13,22,11,56,28,16,44,100
11/17/2022,SWF,NY,AEA,EN,Federal Contract Tower,13,9,16,13,51,0,0,32,17,49,13,9,48,30,100,52,30,82,182
11/18/2022,SWF,NY,AEA,EN,Federal Contract Tower,11,9,7,6,33,0,2,28,2,32,11,11,35,8,65,20,0,20,85
11/19/2022,SWF,NY,AEA,EN,Federal Contract Tower,9,5,8,0,22,0,4,62,9,75,9,9,70,9,97,6,0,6,103
11/20/2022,SWF,NY,AEA,EN,Federal Contract Tower,10,10,6,0,26,0,0,5,3,8,10,10,11,3,34,8,0,8,42
11/21/2022,SWF,NY,AEA,EN,Federal Contract Tower,7,3,13,6,29,0,0,16,0,16,7,3,29,6,45,4,0,4,49
11/22/2022,SWF,NY,AEA,EN,Federal Contract Tower,19,1,13,5,38,0,0,47,8,55,19,1,60,13,93,38,12,50,143
11/23/2022,SWF,NY,AEA,EN,Federal Contract Tower,14,9,9,1,33,0,0,50,0,50,14,9,59,1,83,44,0,44,127
11/24/2022,SWF,NY,AEA,EN,Federal Contract Tower,6,1,1,0,8,0,2,11,0,13,6,3,12,0,21,4,0,4,25
11/25/2022,SWF,NY,AEA,EN,Federal Contract Tower,10,5,1,0,16,0,1,5,0,6,10,6,6,0,22,0,0,0,22
11/26/2022,SWF,NY,AEA,EN,Federal Contract Tower,10,7,8,1,26,0,1,26,18,45,10,8,34,19,71,0,0,0,71
11/27/2022,SWF,NY,AEA,EN,Federal Contract Tower,5,21,13,0,39,0,0,13,0,13,5,21,26,0,52,0,0,0,52
11/28/2022,SWF,NY,AEA,EN,Federal Contract Tower,8,14,20,1,43,0,4,20,0,24,8,18,40,1,67,12,0,12,79
11/29/2022,SWF,NY,AEA,EN,Federal Contract Tower,14,12,13,1,40,0,2,46,3,51,14,14,59,4,91,18,0,18,109
11/30/2022,SWF,NY,AEA,EN,Federal Contract Tower,10,5,10,0,25,0,0,0,0,0,10,5,10,0,25,0,0,0,25
12/01/2022,SWF,NY,AEA,EN,Federal Contract Tower,18,10,9,6,43,0,4,10,4,18,18,14,19,10,61,4,20,24,85
12/02/2022,SWF,NY,AEA,EN,Federal Contract Tower,10,6,16,11,43,0,6,74,10,90,10,12,90,21,133,34,0,34,167
12/03/2022,SWF,NY,AEA,EN,Federal Contract Tower,7,2,5,5,19,0,0,0,0,0,7,2,5,5,19,0,0,0,19
12/04/2022,SWF,NY,AEA,EN,Federal Contract Tower,10,11,13,7,41,0,0,69,10,79,10,11,82,17,120,32,72,104,224
12/05/2022,SWF,NY,AEA,EN,Federal Contract Tower,1,13,18,2,34,0,0,57,4,61,1,13,75,6,95,16,6,22,117
12/06/2022,SWF,NY,AEA,EN,Federal Contract Tower,11,9,5,13,38,0,0,0,0,0,11,9,5,13,38,0,0,0,38
12/07/2022,SWF,NY,AEA,EN,Federal Contract Tower,10,11,8,7,36,0,0,0,0,0,10,11,8,7,36,0,0,0,36
12/08/2022,SWF,NY,AEA,EN,Federal Contract Tower,20,7,10,7,44,0,8,62,11,81,20,15,72,18,125,10,16,26,151
12/09/2022,SWF,NY,AEA,EN,Federal Contract Tower,9,9,12,5,35,0,5,76,7,88,9,14,88,12,123,6,0,6,129
12/10/2022,SWF,NY,AEA,EN,Federal Contract Tower,7,2,10,0,19,0,3,44,0,47,7,5,54,0,66,2,0,2,68
12/11/2022,SWF,NY,AEA,EN,Federal Contract Tower,11,10,2,1,24,0,0,0,0,0,11,10,2,1,24,0,0,0,24
12/12/2022,SWF,NY,AEA,EN,Federal Contract Tower,2,9,3,2,16,0,1,14,8,23,2,10,17,10,39,0,0,0,39
12/13/2022,SWF,NY,AEA,EN,Federal Contract Tower,10,6,20,5,41,0,0,60,6,66,10,6,80,11,107,46,12,58,165
12/14/2022,SWF,NY,AEA,EN,Federal Contract Tower,12,7,9,7,35,0,4,58,5,67,12,11,67,12,102,18,16,34,136
12/15/2022,SWF,NY,AEA,EN,Federal Contract Tower,13,11,8,5,37,0,0,17,3,20,13,11,25,8,57,16,2,18,75
12/16/2022,SWF,NY,AEA,EN,Federal Contract Tower,16,7,9,3,35,0,0,0,0,0,16,7,9,3,35,0,0,0,35
12/17/2022,SWF,NY,AEA,EN,Federal Contract Tower,14,4,22,1,41,0,2,42,1,45,14,6,64,2,86,36,0,36,122
12/18/2022,SWF,NY,AEA,EN,Federal Contract Tower,6,11,13,0,30,0,0,34,2,36,6,11,47,2,66,16,12,28,94
12/19/2022,SWF,NY,AEA,EN,Federal Contract Tower,6,2,8,2,18,0,0,22,0,22,6,2,30,2,40,30,0,30,70
12/20/2022,SWF,NY,AEA,EN,Federal Contract Tower,14,9,7,5,35,0,2,45,8,55,14,11,52,13,90,10,4,14,104
12/21/2022,SWF,NY,AEA,EN,Federal Contract Tower,14,12,14,7,47,0,0,46,5,51,14,12,60,12,98,18,28,46,144
12/22/2022,SWF,NY,AEA,EN,Federal Contract Tower,19,8,7,1,35,0,1,10,0,11,19,9,17,1,46,0,0,0,46
12/23/2022,SWF,NY,AEA,EN,Federal Contract Tower,12,9,6,0,27,0,0,0,0,0,12,9,6,0,27,0,0,0,27
12/24/2022,SWF,NY,AEA,EN,Federal Contract Tower,7,9,5,0,21,0,0,0,0,0,7,9,5,0,21,0,0,0,21
12/26/2022,SWF,NY,AEA,EN,Federal Contract Tower,9,9,9,2,29,0,0,36,0,36,9,9,45,2,65,8,0,8,73
12/27/2022,SWF,NY,AEA,EN,Federal Contract Tower,17,12,8,0,37,0,0,47,2,49,17,12,55,2,86,26,0,26,112
12/28/2022,SWF,NY,AEA,EN,Federal Contract Tower,12,7,11,1,31,0,1,50,5,56,12,8,61,6,87,22,0,22,109
12/29/2022,SWF,NY,AEA,EN,Federal Contract Tower,19,8,20,3,50,0,0,51,0,51,19,8,71,3,101,2,6,8,109
12/30/2022,SWF,NY,AEA,EN,Federal Contract Tower,15,7,14,0,36,0,2,44,0,46,15,9,58,0,82,4,0,4,86
12/31/2022,SWF,NY,AEA,EN,Federal Contract Tower,6,29,6,0,41,0,0,0,0,0,6,29,6,0,41,0,0,0,41
01/01/2023,SWF,NY,AEA,EN,Federal Contract Tower,5,12,5,0,22,0,2,24,0,26,5,14,29,0,48,16,0,16,64
01/02/2023,SWF,NY,AEA,EN,Federal Contract Tower,6,13,9,3,31,0,2,33,0,35,6,15,42,3,66,32,0,32,98
01/03/2023,SWF,NY,AEA,EN,Federal Contract Tower,12,10,13,0,35,0,0,0,0,0,12,10,13,0,35,0,0,0,35
01/04/2023,SWF,NY,AEA,EN,Federal Contract Tower,12,16,15,7,50,0,0,13,0,13,12,16,28,7,63,26,0,26,89
01/05/2023,SWF,NY,AEA,EN,Federal Contract Tower,12,1,6,4,23,0,0,0,0,0,12,1,6,4,23,0,0,0,23
01/06/2023,SWF,NY,AEA,EN,Federal Contract Tower,16,8,5,0,29,0,0,13,0,13,16,8,18,0,42,2,0,2,44
01/07/2023,SWF,NY,AEA,EN,Federal Contract Tower,5,2,8,0,15,0,0,20,0,20,5,2,28,0,35,4,0,4,39
01/08/2023,SWF,NY,AEA,EN,Federal Contract Tower,6,5,10,3,24,0,0,39,0,39,6,5,49,3,63,50,2,52,115
01/09/2023,SWF,NY,AEA,EN,Federal Contract Tower,7,1,10,0,18,0,2,45,5,52,7,3,55,5,70,14,4,18,88
01/10/2023,SWF,NY,AEA,EN,Federal Contract Tower,9,5,10,1,25,0,2,43,4,49,9,7,53,5,74,26,8,34,108
01/11/2023,SWF,NY,AEA,EN,Federal Contract Tower,12,10,10,8,40,0,0,41,9,50,12,10,51,17,90,4,22,26,116
01/12/2023,SWF,NY,AEA,EN,Federal Contract Tower,10,3,11,4,28,0,0,0,0,0,10,3,11,4,28,0,0,0,28
01/13/2023,SWF,NY,AEA,EN,Federal Contract Tower,13,8,10,1,32,0,2,21,1,24,13,10,31,2,56,10,16,26,82
01/14/2023,SWF,NY,AEA,EN,Federal Contract Tower,3,5,5,0,13,1,2,0,0,3,4,7,5,0,16,0,0,0,16
01/15/2023,SWF,NY,AEA,EN,Federal Contract Tower,5,6,5,0,16,0,0,11,2,13,5,6,16,2,29,8,0,8,37
01/16/2023,SWF,NY,AEA,EN,Federal Contract Tower,7,7,13,0,27,0,2,38,0,40,7,9,51,0,67,60,0,60,127
01/17/2023,SWF,NY,AEA,EN,Federal Contract Tower,8,7,10,0,25,0,1,14,0,15,8,8,24,0,40,12,0,12,52
01/18/2023,SWF,NY,AEA,EN,Federal Contract Tower,11,7,4,2,24,0,0,6,2,8,11,7,10,4,32,22,0,22,54
01/19/2023,SWF,NY,AEA,EN,Federal Contract Tower,12,10,2,1,25,0,0,2,0,2,12,10,4,1,27,0,0,0,27
01/20/2023,SWF,NY,AEA,EN,Federal Contract Tower,14,10,7,2,33,0,0,8,0,8,14,10,15,2,41,6,0,6,47
01/21/2023,SWF,NY,AEA,EN,Federal Contract Tower,2,3,9,1,15,0,0,45,4,49,2,3,54,5,64,42,66,108,172
01/22/2023,SWF,NY,AEA,EN,Federal Contract Tower,4,4,12,0,20,0,0,26,0,26,4,4,38,0,46,78,0,78,124
01/23/2023,SWF,NY,AEA,EN,Federal Contract Tower,7,5,8,0,20,0,0,0,0,0,7,5,8,0,20,0,0,0,20
01/24/2023,SWF,NY,AEA,EN,Federal Contract Tower,10,9,15,4,38,0,2,48,5,55,10,11,63,9,93,60,0,60,153
01/25/2023,SWF,NY,AEA,EN,Federal Contract Tower,10,4,3,2,19,0,0,0,0,0,10,4,3,2,19,0,0,0,19
01/26/2023,SWF,NY,AEA,EN,Federal Contract Tower,12,6,20,6,44,0,2,4,6,12,12,8,24,12,56,0,30,30,86
01/27/2023,SWF,NY,AEA,EN,Federal Contract Tower,15,10,13,6,44,0,0,40,4,44,15,10,53,10,88,0,0,0,88
01/28/2023,SWF,NY,AEA,EN,Federal Contract Tower,2,1,7,2,12,0,0,53,0,53,2,1,60,2,65,38,0,38,103
01/29/2023,SWF,NY,AEA,EN,Federal Contract Tower,2,2,7,0,11,0,0,26,0,26,2,2,33,0,37,2,0,2,39
01/30/2023,SWF,NY,AEA,EN,Federal Contract Tower,6,0,11,6,23,0,1,47,6,54,6,1,58,12,77,12,12,24,101
01/31/2023,SWF,NY,AEA,EN,Federal Contract Tower,9,2,16,11,38,0,2,55,4,61,9,4,71,15,99,24,22,46,145
02/01/2023,SWF,NY,AEA,EN,Federal Contract Tower,10,4,9,14,37,0,5,56,22,83,10,9,65,36,120,10,74,84,204
02/02/2023,SWF,NY,AEA,EN,Federal Contract Tower,12,8,11,3,34,0,1,35,7,43,12,9,46,10,77,20,0,20,97
02/03/2023,SWF,NY,AEA,EN,Federal Contract Tower,12,6,9,3,30,0,0,1,2,3,12,6,10,5,33,0,0,0,33
02/04/2023,SWF,NY,AEA,EN,Federal Contract Tower,5,2,11,3,21,0,0,7,0,7,5,2,18,3,28,0,0,0,28
02/05/2023,SWF,NY,AEA,EN,Federal Contract Tower,4,2,9,6,21,0,0,26,2,28,4,2,35,8,49,4,8,12,61
02/06/2023,SWF,NY,AEA,EN,Federal Contract Tower,8,4,14,3,29,0,0,40,1,41,8,4,54,4,70,2,0,2,72
02/07/2023,SWF,NY,AEA,EN,Federal Contract Tower,9,7,12,0,28,0,2,57,1,60,9,9,69,1,88,10,24,34,122
02/08/2023,SWF,NY,AEA,EN,Federal Contract Tower,10,7,15,0,32,0,0,61,9,70,10,7,76,9,102,40,28,68,170
02/09/2023,SWF,NY,AEA,EN,Federal Contract Tower,12,10,9,4,35,0,0,28,0,28,12,10,37,4,63,0,14,14,77
02/11/2023,SWF,NY,AEA,EN,Federal Contract Tower,2,8,5,1,16,0,0,33,1,34,2,8,38,2,50,72,0,72,122
02/12/2023,SWF,NY,AEA,EN,Federal Contract Tower,4,6,6,0,16,0,0,68,0,68,4,6,74,0,84,38,0,38,122
02/13/2023,SWF,NY,AEA,EN,Federal Contract Tower,7,1,12,7,27,0,2,55,0,57,7,3,67,7,84,12,0,12,96
02/14/2023,SWF,NY,AEA,EN,Federal Contract Tower,9,6,16,5,36,0,3,58,3,64,9,9,74,8,100,16,8,24,124
02/15/2023,SWF,NY,AEA,EN,Federal Contract Tower,13,7,16,2,38,0,0,37,0,37,13,7,53,2,75,8,6,14,89
02/16/2023,SWF,NY,AEA,EN,Federal Contract Tower,17,9,8,3,37,0,0,19,0,19,17,9,27,3,56,20,20,40,96
02/17/2023,SWF,NY,AEA,EN,Federal Contract Tower,15,7,5,2,29,0,0,8,2,10,15,7,13,4,39,20,0,20,59
02/18/2023,SWF,NY,AEA,EN,Federal Contract Tower,7,1,9,0,17,0,2,61,0,63,7,3,70,0,80,50,0,50,130
02/20/2023,SWF,NY,AEA,EN,Federal Contract Tower,5,1,17,1,24,0,6,36,0,42,5,7,53,1,66,10,0,10,76
02/21/2023,SWF,NY,AEA,EN,Federal Contract Tower,10,5,14,1,30,0,0,1,0,1,10,5,15,1,31,0,0,0,31
02/22/2023,SWF,NY,AEA,EN,Federal Contract Tower,12,4,13,3,32,0,0,27,0,27,12,4,40,3,59,52,0,52,111
02/23/2023,SWF,NY,AEA,EN,Federal Contract Tower,14,2,14,6,36,0,0,0,0,0,14,2,14,6,36,0,0,0,36
02/24/2023,SWF,NY,AEA,EN,Federal Contract Tower,12,9,4,2,27,0,0,2,0,2,12,9,6,2,29,14,0,14,43
02/25/2023,SWF,NY,AEA,EN,Federal Contract Tower,5,1,7,0,13,0,0,1,0,1,5,1,8,0,14,6,0,6,20
02/26/2023,SWF,NY,AEA,EN,Federal Contract Tower,9,14,7,0,30,0,0,5,0,5,9,14,12,0,35,0,0,0,35
02/27/2023,SWF,NY,AEA,EN,Federal Contract Tower,7,9,9,2,27,0,0,36,1,37,7,9,45,3,64,0,0,0,64
02/28/2023,SWF,NY,AEA,EN,Federal Contract Tower,18,9,2,0,29,0,0,0,0,0,18,9,2,0,29,0,0,0,29
03/01/2023,SWF,NY,AEA,EN,Federal Contract Tower,14,6,14,4,38,0,3,38,11,52,14,9,52,15,90,14,76,90,180
03/02/2023,SWF,NY,AEA,EN,Federal Contract Tower,16,6,17,10,49,0,0,9,2,11,16,6,26,12,60,10,8,18,78
03/03/2023,SWF,NY,AEA,EN,Federal Contract Tower,12,8,9,4,33,0,0,20,0,20,12,8,29,4,53,38,2,40,93
03/05/2023,SWF,NY,AEA,EN,Federal Contract Tower,9,6,9,3,27,0,0,49,4,53,9,6,58,7,80,24,0,24,104
03/06/2023,SWF,NY,AEA,EN,Federal Contract Tower,5,8,10,0,23,0,0,50,4,54,5,8,60,4,77,0,8,8,85
03/07/2023,SWF,NY,AEA,EN,Federal Contract Tower,14,1,7,0,22,0,0,6,1,7,14,1,13,1,29,0,16,16,45
03/08/2023,SWF,NY,AEA,EN,Federal Contract Tower,13,3,6,3,25,0,0,10,2,12,13,3,16,5,37,0,14,14,51
03/09/2023,SWF,NY,AEA,EN,Federal Contract Tower,19,3,10,7,39,0,2,34,6,42,19,5,44,13,81,46,12,58,139
03/10/2023,SWF,NY,AEA,EN,Federal Contract Tower,13,8,13,3,37,0,0,42,0,42,13,8,55,3,79,0,0,0,79
03/11/2023,SWF,NY,AEA,EN,Federal Contract Tower,7,7,6,1,21,0,2,5,0,7,7,9,11,1,28,0,0,0,28
03/12/2023,SWF,NY,AEA,EN,Federal Contract Tower,11,3,20,2,36,0,0,91,0,91,11,3,111,2,127,66,0,66,193
03/13/2023,SWF,NY,AEA,EN,Federal Contract Tower,3,14,8,1,26,0,0,0,0,0,3,14,8,1,26,0,0,0,26
03/14/2023,SWF,NY,AEA,EN,Federal Contract Tower,13,6,5,1,25,0,0,0,0,0,13,6,5,1,25,0,0,0,25
03/15/2023,SWF,NY,AEA,EN,Federal Contract Tower,12,9,7,0,28,0,0,6,8,14,12,9,13,8,42,0,20,20,62
03/16/2023,SWF,NY,AEA,EN,Federal Contract Tower,17,9,18,2,46,0,3,63,14,80,17,12,81,16,126,28,0,28,154
03/17/2023,SWF,NY,AEA,EN,Federal Contract Tower,12,5,9,6,32,0,2,33,10,45,12,7,42,16,77,6,0,6,83
03/18/2023,SWF,NY,AEA,EN,Federal Contract Tower,7,6,2,0,15,0,1,50,0,51,7,7,52,0,66,90,0,90,156
03/19/2023,SWF,NY,AEA,EN,Federal Contract Tower,11,13,14,3,41,0,0,10,0,10,11,13,24,3,51,2,0,2,53
03/20/2023,SWF,NY,AEA,EN,Federal Contract Tower,5,4,12,1,22,0,1,49,5,55,5,5,61,6,77,4,0,4,81
03/21/2023,SWF,NY,AEA,EN,Federal Contract Tower,15,2,14,3,34,0,0,75,0,75,15,2,89,3,109,62,20,82,191
03/22/2023,SWF,NY,AEA,EN,Federal Contract Tower,13,0,11,6,30,0,0,60,8,68,13,0,71,14,98,42,18,60,158
03/23/2023,SWF,NY,AEA,EN,Federal Contract Tower,19,12,7,2,40,0,0,5,5,10,19,12,12,7,50,0,0,0,50
03/24/2023,SWF,NY,AEA,EN,Federal Contract Tower,12,5,10,8,35,0,2,57,2,61,12,7,67,10,96,14,2,16,112
03/25/2023,SWF,NY,AEA,EN,Federal Contract Tower,7,3,6,0,16,0,0,4,0,4,7,3,10,0,20,0,0,0,20
03/26/2023,SWF,NY,AEA,EN,Federal Contract Tower,8,5,13,3,29,0,0,6,0,6,8,5,19,3,35,6,0,6,41
03/27/2023,SWF,NY,AEA,EN,Federal Contract Tower,5,9,21,1,36,0,0,39,2,41,5,9,60,3,77,10,0,10,87
03/28/2023,SWF,NY,AEA,EN,Federal Contract Tower,15,6,15,7,43,0,0,14,4,18,15,6,29,11,61,6,14,20,81
03/29/2023,SWF,NY,AEA,EN,Federal Contract Tower,15,7,16,3,41,0,2,55,5,62,15,9,71,8,103,20,10,30,133
03/30/2023,SWF,NY,AEA,EN,Federal Contract Tower,18,8,14,4,44,0,1,27,14,42,18,9,41,18,86,28,40,68,154
03/31/2023,SWF,NY,AEA,EN,Federal Contract Tower,11,9,8,4,32,0,3,27,1,31,11,12,35,5,63,10,0,10,73
04/01/2023,SWF,NY,AEA,EN,Federal Contract Tower,9,16,5,3,33,0,1,4,0,5,9,17,9,3,38,2,0,2,40
04/02/2023,SWF,NY,AEA,EN,Federal Contract Tower,8,7,9,2,26,0,3,24,0,27,8,10,33,2,53,26,0,26,79
04/03/2023,SWF,NY,AEA,EN,Federal Contract Tower,5,7,11,1,24,0,0,8,2,10,5,7,19,3,34,8,0,8,42
04/04/2023,SWF,NY,AEA,EN,Federal Contract Tower,12,11,19,2,44,0,0,54,0,54,12,11,73,2,98,30,0,30,128
04/05/2023,SWF,NY,AEA,EN,Federal Contract Tower,13,8,18,9,48,0,2,8,0,10,13,10,26,9,58,0,0,0,58
04/06/2023,SWF,NY,AEA,EN,Federal Contract Tower,16,9,13,5,43,0,1,1,4,6,16,10,14,9,49,0,6,6,55
04/07/2023,SWF,NY,AEA,EN,Federal Contract Tower,12,9,14,3,38,0,1,38,2,41,12,10,52,5,79,0,0,0,79
04/09/2023,SWF,NY,AEA,EN,Federal Contract Tower,10,2,8,1,21,0,1,38,0,39,10,3,46,1,60,0,0,0,60
04/10/2023,SWF,NY,AEA,EN,Federal Contract Tower,5,11,24,9,49,0,1,39,2,42,5,12,63,11,91,20,24,44,135
04/11/2023,SWF,NY,AEA,EN,Federal Contract Tower,15,6,20,6,47,0,0,34,10,44,15,6,54,16,91,0,10,10,101
04/12/2023,SWF,NY,AEA,EN,Federal Contract Tower,12,7,11,9,39,0,4,19,3,26,12,11,30,12,65,14,18,32,97
04/13/2023,SWF,NY,AEA,EN,Federal Contract Tower,16,11,11,5,43,1,5,65,9,80,17,16,76,14,123,8,8,16,139
04/14/2023,SWF,NY,AEA,EN,Federal Contract Tower,12,4,12,3,31,0,19,145,17,181,12,23,157,20,212,348,0,348,560
04/15/2023,SWF,NY,AEA,EN,Federal Contract Tower,15,8,4,1,28,0,8,49,5,62,15,16,53,6,90,20,0,20,110
04/16/2023,SWF,NY,AEA,EN,Federal Contract Tower,10,7,8,1,26,0,0,4,1,5,10,7,12,2,31,24,0,24,55
04/17/2023,SWF,NY,AEA,EN,Federal Contract Tower,6,17,10,4,37,0,0,15,2,17,6,17,25,6,54,54,16,70,124
04/18/2023,SWF,NY,AEA,EN,Federal Contract Tower,12,9,7,7,35,0,2,7,2,11,12,11,14,9,46,2,10,12,58
04/19/2023,SWF,NY,AEA,EN,Federal Contract Tower,12,9,7,10,38,0,0,26,0,26,12,9,33,10,64,10,8,18,82
04/20/2023,SWF,NY,AEA,EN,Federal Contract Tower,14,10,10,4,38,0,0,50,3,53,14,10,60,7,91,6,10,16,107
04/21/2023,SWF,NY,AEA,EN,Federal Contract Tower,12,6,7,12,37,0,2,60,2,64,12,8,67,14,101,0,0,0,101
04/22/2023,SWF,NY,AEA,EN,Federal Contract Tower,7,5,6,0,18,0,0,0,1,1,7,5,6,1,19,0,0,0,19
04/23/2023,SWF,NY,AEA,EN,Federal Contract Tower,8,10,9,1,28,0,0,6,3,9,8,10,15,4,37,0,36,36,73
04/24/2023,SWF,NY,AEA,EN,Federal Contract Tower,8,7,9,0,24,0,2,22,0,24,8,9,31,0,48,4,0,4,52
04/25/2023,SWF,NY,AEA,EN,Federal Contract Tower,9,7,12,4,32,0,2,22,5,29,9,9,34,9,61,38,20,58,119
04/26/2023,SWF,NY,AEA,EN,Federal Contract Tower,9,5,9,4,27,0,1,46,6,53,9,6,55,10,80,8,18,26,106
04/27/2023,SWF,NY,AEA,EN,Federal Contract Tower,16,12,7,4,39,0,1,10,4,15,16,13,17,8,54,0,16,16,70
04/28/2023,SWF,NY,AEA,EN,Federal Contract Tower,11,11,13,11,46,0,0,42,5,47,11,11,55,16,93,26,4,30,123
04/29/2023,SWF,NY,AEA,EN,Federal Contract Tower,7,2,2,4,15,0,0,0,0,0,7,2,2,4,15,0,0,0,15
04/30/2023,SWF,NY,AEA,EN,Federal Contract Tower,7,17,13,0,37,0,0,0,0,0,7,17,13,0,37,0,0,0,37
05/01/2023,SWF,NY,AEA,EN,Federal Contract Tower,4,7,18,3,32,0,0,5,0,5,4,7,23,3,37,0,0,0,37
05/02/2023,SWF,NY,AEA,EN,Federal Contract Tower,10,7,17,3,37,0,2,17,0,19,10,9,34,3,56,12,0,12,68
05/03/2023,SWF,NY,AEA,EN,Federal Contract Tower,11,13,15,5,44,0,0,16,4,20,11,13,31,9,64,8,6,14,78
05/04/2023,SWF,NY,AEA,EN,Federal Contract Tower,16,13,14,5,48,0,0,8,2,10,16,13,22,7,58,0,0,0,58
05/05/2023,SWF,NY,AEA,EN,Federal Contract Tower,11,5,24,15,55,0,0,57,18,75,11,5,81,33,130,22,0,22,152
05/06/2023,SWF,NY,AEA,EN,Federal Contract Tower,8,4,7,2,21,0,2,46,4,52,8,6,53,6,73,22,0,22,95
05/07/2023,SWF,NY,AEA,EN,Federal Contract Tower,8,12,16,2,38,0,0,44,1,45,8,12,60,3,83,6,16,22,105
05/08/2023,SWF,NY,AEA,EN,Federal Contract Tower,5,4,11,1,21,0,0,31,4,35,5,4,42,5,56,14,0,14,70
05/09/2023,SWF,NY,AEA,EN,Federal Contract Tower,8,8,15,5,36,0,7,46,9,62,8,15,61,14,98,22,14,36,134
05/10/2023,SWF,NY,AEA,EN,Federal Contract Tower,14,12,14,10,50,0,3,42,10,55,14,15,56,20,105,10,54,64,169
05/11/2023,SWF,NY,AEA,EN,Federal Contract Tower,17,8,10,3,38,0,2,63,13,78,17,10,73,16,116,0,14,14,130
05/12/2023,SWF,NY,AEA,EN,Federal Contract Tower,13,0,15,3,31,0,4,45,6,55,13,4,60,9,86,0,0,0,86
05/13/2023,SWF,NY,AEA,EN,Federal Contract Tower,7,3,11,1,22,0,0,46,4,50,7,3,57,5,72,44,14,58,130
05/14/2023,SWF,NY,AEA,EN,Federal Contract Tower,9,5,14,0,28,0,0,29,0,29,9,5,43,0,57,12,0,12,69
05/15/2023,SWF,NY,AEA,EN,Federal Contract Tower,5,6,21,5,37,0,0,42,0,42,5,6,63,5,79,56,0,56,135
05/16/2023,SWF,NY,AEA,EN,Federal Contract Tower,9,7,10,5,31,0,2,31,2,35,9,9,41,7,66,14,0,14,80
05/17/2023,SWF,NY,AEA,EN,Federal Contract Tower,11,3,12,5,31,0,2,17,9,28,11,5,29,14,59,2,10,12,71
05/18/2023,SWF,NY,AEA,EN,Federal Contract Tower,14,9,16,8,47,0,0,71,10,81,14,9,87,18,128,20,78,98,226
05/19/2023,SWF,NY,AEA,EN,Federal Contract Tower,12,7,24,1,44,0,4,58,0,62,12,11,82,1,106,0,0,0,106
05/20/2023,SWF,NY,AEA,EN,Federal Contract Tower,7,6,16,0,29,0,0,0,0,0,7,6,16,0,29,0,0,0,29
05/21/2023,SWF,NY,AEA,EN,Federal Contract Tower,8,15,10,0,33,0,0,15,0,15,8,15,25,0,48,0,0,0,48
05/22/2023,SWF,NY,AEA,EN,Federal Contract Tower,5,5,11,3,24,0,0,15,2,17,5,5,26,5,41,4,0,4,45
05/23/2023,SWF,NY,AEA,EN,Federal Contract Tower,9,10,10,3,32,0,6,60,9,75,9,16,70,12,107,40,6,46,153
05/24/2023,SWF,NY,AEA,EN,Federal Contract Tower,10,9,16,9,44,0,2,49,11,62,10,11,65,20,106,8,16,24,130
05/25/2023,SWF,NY,AEA,EN,Federal Contract Tower,13,6,14,7,40,0,5,25,8,38,13,11,39,15,78,20,6,26,104
05/26/2023,SWF,NY,AEA,EN,Federal Contract Tower,12,8,7,4,31,0,1,42,1,44,12,9,49,5,75,0,0,0,75
05/27/2023,SWF,NY,AEA,EN,Federal Contract Tower,5,12,13,3,33,0,0,29,0,29,5,12,42,3,62,4,0,4,66
05/28/2023,SWF,NY,AEA,EN,Federal Contract Tower,7,13,12,0,32,0,1,42,4,47,7,14,54,4,79,6,0,6,85
05/29/2023,SWF,NY,AEA,EN,Federal Contract Tower,4,9,6,9,28,6,1,22,0,29,10,10,28,9,57,2,0,2,59
05/30/2023,SWF,NY,AEA,EN,Federal Contract Tower,5,5,14,8,32,0,2,51,11,64,5,7,65,19,96,24,20,44,140
05/31/2023,SWF,NY,AEA,EN,Federal Contract Tower,12,12,17,5,46,0,9,81,8,98,12,21,98,13,144,22,0,22,166
06/01/2023,SWF,NY,AEA,EN,Federal Contract Tower,14,4,8,3,29,0,0,35,10,45,14,4,43,13,74,0,0,0,74
06/02/2023,SWF,NY,AEA,EN,Federal Contract Tower,12,26,14,7,59,0,10,47,7,64,12,36,61,14,123,0,0,0,123
06/03/2023,SWF,NY,AEA,EN,Federal Contract Tower,5,5,13,3,26,0,2,13,2,17,5,7,26,5,43,0,0,0,43
06/04/2023,SWF,NY,AEA,EN,Federal Contract Tower,6,6,15,9,36,0,1,22,2,25,6,7,37,11,61,12,0,12,73
06/05/2023,SWF,NY,AEA,EN,Federal Contract Tower,5,4,6,8,23,0,2,32,1,35,5,6,38,9,58,2,0,2,60
06/06/2023,SWF,NY,AEA,EN,Federal Contract Tower,8,8,14,14,44,0,0,0,0,0,8,8,14,14,44,4,14,18,62
06/07/2023,SWF,NY,AEA,EN,Federal Contract Tower,12,10,20,29,71,0,1,7,2,10,12,11,27,31,81,0,0,0,81
06/08/2023,SWF,NY,AEA,EN,Federal Contract Tower,14,8,12,4,38,0,0,7,0,7,14,8,19,4,45,0,0,0,45
06/09/2023,SWF,NY,AEA,EN,Federal Contract Tower,11,10,14,0,35,0,0,14,2,16,11,10,28,2,51,6,0,6,57
06/10/2023,SWF,NY,AEA,EN,Federal Contract Tower,4,4,12,1,21,0,0,47,0,47,4,4,59,1,68,36,0,36,104
06/11/2023,SWF,NY,AEA,EN,Federal Contract Tower,6,6,8,3,23,0,0,23,0,23,6,6,31,3,46,4,0,4,50
06/12/2023,SWF,NY,AEA,EN,Federal Contract Tower,4,3,11,2,20,0,0,7,24,31,4,3,18,26,51,0,0,0,51
06/13/2023,SWF,NY,AEA,EN,Federal Contract Tower,9,10,23,2,44,0,4,72,3,79,9,14,95,5,123,28,12,40,163
06/14/2023,SWF,NY,AEA,EN,Federal Contract Tower,12,6,8,1,27,0,0,19,0,19,12,6,27,1,46,2,0,2,48
06/15/2023,SWF,NY,AEA,EN,Federal Contract Tower,13,16,33,12,74,0,3,81,7,91,13,19,114,19,165,44,0,44,209
06/16/2023,SWF,NY,AEA,EN,Federal Contract Tower,11,13,18,8,50,0,8,20,0,28,11,21,38,8,78,0,0,0,78
06/17/2023,SWF,NY,AEA,EN,Federal Contract Tower,5,8,11,0,24,0,0,22,0,22,5,8,33,0,46,12,0,12,58
06/18/2023,SWF,NY,AEA,EN,Federal Contract Tower,1,9,10,0,20,0,0,32,4,36,1,9,42,4,56,48,0,48,104
06/19/2023,SWF,NY,AEA,EN,Federal Contract Tower,6,4,21,2,33,0,5,64,2,71,6,9,85,4,104,62,0,62,166
06/20/2023,SWF,NY,AEA,EN,Federal Contract Tower,8,5,18,6,37,0,0,62,10,72,8,5,80,16,109,60,0,60,169
06/21/2023,SWF,NY,AEA,EN,Federal Contract Tower,17,14,11,18,60,0,3,102,17,122,17,17,113,35,182,14,4,18,200
06/22/2023,SWF,NY,AEA,EN,Federal Contract Tower,11,13,18,0,42,0,0,23,4,27,11,13,41,4,69,4,34,38,107
06/23/2023,SWF,NY,AEA,EN,Federal Contract Tower,11,18,29,7,65,0,12,0,0,12,11,30,29,7,77,0,0,0,77
06/24/2023,SWF,NY,AEA,EN,Federal Contract Tower,9,10,8,9,36,0,0,2,7,9,9,10,10,16,45,0,0,0,45
06/25/2023,SWF,NY,AEA,EN,Federal Contract Tower,9,11,15,12,47,0,0,3,12,15,9,11,18,24,62,0,0,0,62
06/26/2023,SWF,NY,AEA,EN,Federal Contract Tower,9,8,11,4,32,0,0,0,1,1,9,8,11,5,33,0,0,0,33
06/27/2023,SWF,NY,AEA,EN,Federal Contract Tower,12,11,22,0,45,0,0,0,0,0,12,11,22,0,45,0,0,0,45
06/28/2023,SWF,NY,AEA,EN,Federal Contract Tower,13,12,18,6,49,0,3,19,5,27,13,15,37,11,76,0,32,32,108
06/29/2023,SWF,NY,AEA,EN,Federal Contract Tower,12,11,11,5,39,0,0,51,0,51,12,11,62,5,90,32,16,48,138
06/30/2023,SWF,NY,AEA,EN,Federal Contract Tower,4,12,10,4,30,0,0,25,0,25,4,12,35,4,55,0,0,0,55
07/01/2023,SWF,NY,AEA,EN,Federal Contract Tower,9,10,12,0,31,0,0,7,2,9,9,10,19,2,40,0,0,0,40
07/02/2023,SWF,NY,AEA,EN,Federal Contract Tower,7,12,13,0,32,0,0,0,0,0,7,12,13,0,32,0,0,0,32
07/03/2023,SWF,NY,AEA,EN,Federal Contract Tower,8,5,12,0,25,0,3,9,0,12,8,8,21,0,37,10,0,10,47
07/04/2023,SWF,NY,AEA,EN,Federal Contract Tower,2,11,4,1,18,0,1,4,0,5,2,12,8,1,23,0,0,0,23
07/05/2023,SWF,NY,AEA,EN,Federal Contract Tower,17,8,18,2,45,0,2,56,0,58,17,10,74,2,103,0,0,0,103
07/06/2023,SWF,NY,AEA,EN,Federal Contract Tower,11,12,8,4,35,0,7,35,0,42,11,19,43,4,77,0,0,0,77
07/07/2023,SWF,NY,AEA,EN,Federal Contract Tower,14,15,14,2,45,0,1,27,6,34,14,16,41,8,79,0,0,0,79
07/08/2023,SWF,NY,AEA,EN,Federal Contract Tower,6,8,8,0,22,0,0,26,2,28,6,8,34,2,50,32,0,32,82
07/09/2023,SWF,NY,AEA,EN,Federal Contract Tower,6,11,12,0,29,0,0,2,0,2,6,11,14,0,31,0,0,0,31
07/10/2023,SWF,NY,AEA,EN,Federal Contract Tower,6,20,14,0,40,0,11,24,2,37,6,31,38,2,77,0,0,0,77
07/11/2023,SWF,NY,AEA,EN,Federal Contract Tower,10,5,7,3,25,0,2,57,4,63,10,7,64,7,88,36,0,36,124
07/12/2023,SWF,NY,AEA,EN,Federal Contract Tower,13,11,19,3,46,0,6,214,3,223,13,17,233,6,269,42,0,42,311
07/13/2023,SWF,NY,AEA,EN,Federal Contract Tower,12,11,23,4,50,0,2,70,2,74,12,13,93,6,124,10,20,30,154
07/14/2023,SWF,NY,AEA,EN,Federal Contract Tower,10,10,17,2,39,0,0,10,0,10,10,10,27,2,49,0,0,0,49
07/15/2023,SWF,NY,AEA,EN,Federal Contract Tower,8,9,7,1,25,0,4,45,2,51,8,13,52,3,76,8,0,8,84
07/16/2023,SWF,NY,AEA,EN,Federal Contract Tower,4,7,10,0,21,0,0,2,0,2,4,7,12,0,23,0,0,0,23
07/17/2023,SWF,NY,AEA,EN,Federal Contract Tower,8,15,22,1,46,0,1,37,13,51,8,16,59,14,97,6,6,12,109
07/18/2023,SWF,NY,AEA,EN,Federal Contract Tower,9,9,18,0,36,0,7,41,4,52,9,16,59,4,88,8,20,28,116
07/19/2023,SWF,NY,AEA,EN,Federal Contract Tower,12,14,16,11,53,0,6,117,16,139,12,20,133,27,192,22,18,40,232
07/20/2023,SWF,NY,AEA,EN,Federal Contract Tower,13,22,18,7,60,0,0,78,24,102,13,22,96,31,162,0,34,34,196
07/21/2023,SWF,NY,AEA,EN,Federal Contract Tower,12,9,26,0,47,0,0,0,0,0,12,9,26,0,47,0,0,0,47
07/22/2023,SWF,NY,AEA,EN,Federal Contract Tower,9,16,8,1,34,0,2,44,19,65,9,18,52,20,99,0,2,2,101
07/23/2023,SWF,NY,AEA,EN,Federal Contract Tower,4,18,24,2,48,0,2,50,19,71,4,20,74,21,119,0,0,0,119
07/24/2023,SWF,NY,AEA,EN,Federal Contract Tower,7,15,21,5,48,0,6,37,30,73,7,21,58,35,121,0,32,32,153
07/25/2023,SWF,NY,AEA,EN,Federal Contract Tower,10,4,7,2,23,0,3,52,16,71,10,7,59,18,94,12,24,36,130
07/26/2023,SWF,NY,AEA,EN,Federal Contract Tower,16,11,21,8,56,0,3,69,8,80,16,14,90,16,136,10,16,26,162
07/27/2023,SWF,NY,AEA,EN,Federal Contract Tower,13,14,32,6,65,0,0,42,12,54,13,14,74,18,119,2,18,20,139
07/28/2023,SWF,NY,AEA,EN,Federal Contract Tower,12,9,12,1,34,0,2,69,9,80,12,11,81,10,114,30,0,30,144
07/29/2023,SWF,NY,AEA,EN,Federal Contract Tower,10,8,10,0,28,0,1,23,0,24,10,9,33,0,52,32,0,32,84
07/30/2023,SWF,NY,AEA,EN,Federal Contract Tower,5,8,13,0,26,0,0,20,0,20,5,8,33,0,46,32,0,32,78
07/31/2023,SWF,NY,AEA,EN,Federal Contract Tower,8,10,20,4,42,0,0,67,4,71,8,10,87,8,113,34,0,34,147
08/01/2023,SWF,NY,AEA,EN,Federal Contract Tower,11,5,16,1,33,0,0,37,1,38,11,5,53,2,71,16,4,20,91
08/02/2023,SWF,NY,AEA,EN,Federal Contract Tower,14,8,12,7,41,0,0,35,15,50,14,8,47,22,91,18,16,34,125
08/03/2023,SWF,NY,AEA,EN,Federal Contract Tower,13,7,7,16,43,0,0,43,11,54,13,7,50,27,97,14,24,38,135
08/04/2023,SWF,NY,AEA,EN,Federal Contract Tower,15,11,8,10,44,0,0,24,2,26,15,11,32,12,70,6,0,6,76
08/05/2023,SWF,NY,AEA,EN,Federal Contract Tower,15,5,15,2,37,0,2,61,6,69,15,7,76,8,106,38,0,38,144
08/06/2023,SWF,NY,AEA,EN,Federal Contract Tower,4,5,8,0,17,0,0,48,0,48,4,5,56,0,65,22,0,22,87
08/07/2023,SWF,NY,AEA,EN,Federal Contract Tower,7,8,23,2,40,0,0,0,0,0,7,8,23,2,40,0,0,0,40
08/08/2023,SWF,NY,AEA,EN,Federal Contract Tower,9,6,11,3,29,0,2,27,6,35,9,8,38,9,64,16,6,22,86
08/09/2023,SWF,NY,AEA,EN,Federal Contract Tower,11,4,7,4,26,0,0,286,1,287,11,4,293,5,313,42,2,44,357
08/10/2023,SWF,NY,AEA,EN,Federal Contract Tower,12,9,16,1,38,0,0,22,2,24,12,9,38,3,62,0,12,12,74
08/11/2023,SWF,NY,AEA,EN,Federal Contract Tower,12,6,19,2,39,0,0,45,7,52,12,6,64,9,91,4,0,4,95
08/12/2023,SWF,NY,AEA,EN,Federal Contract Tower,11,13,5,0,29,0,1,4,0,5,11,14,9,0,34,0,0,0,34
08/13/2023,SWF,NY,AEA,EN,Federal Contract Tower,4,6,17,3,30,0,3,35,2,40,4,9,52,5,70,48,0,48,118
08/14/2023,SWF,NY,AEA,EN,Federal Contract Tower,7,5,21,0,33,0,2,33,4,39,7,7,54,4,72,10,8,18,90
08/15/2023,SWF,NY,AEA,EN,Federal Contract Tower,15,2,12,0,29,0,0,0,0,0,15,2,12,0,29,0,0,0,29
08/16/2023,SWF,NY,AEA,EN,Federal Contract Tower,10,9,17,12,48,0,0,14,5,19,10,9,31,17,67,0,20,20,87
08/17/2023,SWF,NY,AEA,EN,Federal Contract Tower,15,5,20,8,48,0,0,20,3,23,15,5,40,11,71,0,4,4,75
08/18/2023,SWF,NY,AEA,EN,Federal Contract Tower,17,8,15,2,42,0,5,31,4,40,17,13,46,6,82,38,0,38,120
08/19/2023,SWF,NY,AEA,EN,Federal Contract Tower,5,5,3,1,14,0,0,75,2,77,5,5,78,3,91,26,0,26,117
08/20/2023,SWF,NY,AEA,EN,Federal Contract Tower,6,8,9,0,23,0,6,34,0,40,6,14,43,0,63,60,0,60,123
08/21/2023,SWF,NY,AEA,EN,Federal Contract Tower,7,6,7,2,22,0,2,51,1,54,7,8,58,3,76,0,0,0,76
08/22/2023,SWF,NY,AEA,EN,Federal Contract Tower,12,5,4,4,25,0,0,25,0,25,12,5,29,4,50,4,0,4,54
08/23/2023,SWF,NY,AEA,EN,Federal Contract Tower,12,1,18,4,35,0,0,0,0,0,12,1,18,4,35,36,2,38,73
08/24/2023,SWF,NY,AEA,EN,Federal Contract Tower,15,11,17,4,47,0,0,0,0,0,15,11,17,4,47,0,0,0,47
08/26/2023,SWF,NY,AEA,EN,Federal Contract Tower,5,10,11,0,26,0,1,36,2,39,5,11,47,2,65,0,0,0,65
08/27/2023,SWF,NY,AEA,EN,Federal Contract Tower,5,7,11,2,25,0,0,17,0,17,5,7,28,2,42,30,0,30,72
08/28/2023,SWF,NY,AEA,EN,Federal Contract Tower,6,10,12,11,39,0,0,33,10,43,6,10,45,21,82,0,60,60,142
08/29/2023,SWF,NY,AEA,EN,Federal Contract Tower,8,7,21,6,42,0,0,33,2,35,8,7,54,8,77,8,0,8,85
08/30/2023,SWF,NY,AEA,EN,Federal Contract Tower,9,9,9,12,39,0,0,13,28,41,9,9,22,40,80,14,76,90,170
08/31/2023,SWF,NY,AEA,EN,Federal Contract Tower,14,12,19,9,54,0,2,68,25,95,14,14,87,34,149,58,18,76,225
