01/01/2000,SYR,NY,AEA,EN,Towers with Radar,32,37,13,0,82,19,0,57,0,76,51,37,70,0,158,38,0,38,196
01/02/2000,SYR,NY,AEA,EN,Towers with Radar,60,95,21,1,177,10,1,0,0,11,70,96,21,1,188,30,0,30,218
01/03/2000,SYR,NY,AEA,EN,Towers with Radar,73,128,31,10,242,0,14,0,7,21,73,142,31,17,263,28,18,46,309
01/04/2000,SYR,NY,AEA,EN,Towers with Radar,90,157,39,12,298,0,3,11,3,17,90,160,50,15,315,16,18,34,349
01/05/2000,SYR,NY,AEA,EN,Towers with Radar,96,161,40,12,309,0,12,5,7,24,96,173,45,19,333,6,10,16,349
01/06/2000,SYR,NY,AEA,EN,Towers with Radar,95,171,36,23,325,1,10,30,3,44,96,181,66,26,369,40,40,80,449
01/07/2000,SYR,NY,AEA,EN,Towers with Radar,97,156,37,11,301,0,8,0,5,13,97,164,37,16,314,48,16,64,378
01/08/2000,SYR,NY,AEA,EN,Towers with Radar,68,108,26,8,210,0,5,72,22,99,68,113,98,30,309,94,8,102,411
01/09/2000,SYR,NY,AEA,EN,Towers with Radar,60,95,23,0,178,0,40,0,0,40,60,135,23,0,218,26,4,30,248
01/10/2000,SYR,NY,AEA,EN,Towers with Radar,101,151,42,10,304,0,1,8,0,9,101,152,50,10,313,8,2,10,323
01/11/2000,SYR,NY,AEA,EN,Towers with Radar,92,160,38,12,302,0,1,6,2,9,92,161,44,14,311,12,4,16,327
01/12/2000,SYR,NY,AEA,EN,Towers with Radar,95,173,44,13,325,0,0,14,16,30,95,173,58,29,355,28,22,50,405
01/13/2000,SYR,NY,AEA,EN,Towers with Radar,84,131,32,0,247,10,5,0,0,15,94,136,32,0,262,8,0,8,270
01/14/2000,SYR,NY,AEA,EN,Towers with Radar,96,151,37,11,295,0,0,7,0,7,96,151,44,11,302,28,0,28,330
01/15/2000,SYR,NY,AEA,EN,Towers with Radar,72,95,27,1,195,16,0,44,0,60,88,95,71,1,255,46,0,46,301
01/16/2000,SYR,NY,AEA,EN,Towers with Radar,45,71,12,1,129,7,13,0,0,20,52,84,12,1,149,4,0,4,153
01/17/2000,SYR,NY,AEA,EN,Towers with Radar,77,120,29,6,232,0,14,7,0,21,77,134,36,6,253,70,0,70,323
01/18/2000,SYR,NY,AEA,EN,Towers with Radar,95,154,37,11,297,0,6,36,0,42,95,160,73,11,339,44,12,56,395
01/19/2000,SYR,NY,AEA,EN,Towers with Radar,95,181,46,8,330,0,0,62,0,62,95,181,108,8,392,46,6,52,444
01/20/2000,SYR,NY,AEA,EN,Towers with Radar,83,125,34,6,248,0,0,1,0,1,83,125,35,6,249,0,4,4,253
01/21/2000,SYR,NY,AEA,EN,Towers with Radar,89,136,30,14,269,0,0,3,2,5,89,136,33,16,274,8,22,30,304
01/22/2000,SYR,NY,AEA,EN,Towers with Radar,62,97,23,2,184,20,2,7,0,29,82,99,30,2,213,30,0,30,243
01/23/2000,SYR,NY,AEA,EN,Towers with Radar,48,75,18,5,146,2,12,12,1,27,50,87,30,6,173,34,0,34,207
01/24/2000,SYR,NY,AEA,EN,Towers with Radar,79,131,32,9,251,0,23,7,1,31,79,154,39,10,282,30,24,54,336
01/25/2000,SYR,NY,AEA,EN,Towers with Radar,68,75,26,1,170,24,0,16,0,40,92,75,42,1,210,10,0,10,220
01/26/2000,SYR,NY,AEA,EN,Towers with Radar,88,131,40,9,268,0,0,1,0,1,88,131,41,9,269,2,10,12,281
01/27/2000,SYR,NY,AEA,EN,Towers with Radar,91,153,37,11,292,0,0,2,4,6,91,153,39,15,298,24,26,50,348
01/28/2000,SYR,NY,AEA,EN,Towers with Radar,96,165,41,12,314,0,13,13,5,31,96,178,54,17,345,38,28,66,411
01/29/2000,SYR,NY,AEA,EN,Towers with Radar,65,102,26,8,201,12,4,96,11,123,77,106,122,19,324,42,38,80,404
01/30/2000,SYR,NY,AEA,EN,Towers with Radar,63,98,25,7,193,3,4,51,8,66,66,102,76,15,259,52,28,80,339
01/31/2000,SYR,NY,AEA,EN,Towers with Radar,66,117,29,4,216,0,19,8,0,27,66,136,37,4,243,22,0,22,265
02/01/2000,SYR,NY,AEA,EN,Towers with Radar,101,166,47,12,326,0,0,7,12,19,101,166,54,24,345,18,6,24,369
02/02/2000,SYR,NY,AEA,EN,Towers with Radar,90,150,42,6,288,0,13,6,0,19,90,163,48,6,307,10,8,18,325
02/03/2000,SYR,NY,AEA,EN,Towers with Radar,91,159,47,12,309,0,0,10,11,21,91,159,57,23,330,32,14,46,376
02/04/2000,SYR,NY,AEA,EN,Towers with Radar,93,157,44,5,299,0,0,36,0,36,93,157,80,5,335,30,8,38,373
02/05/2000,SYR,NY,AEA,EN,Towers with Radar,62,101,28,4,195,24,3,35,0,62,86,104,63,4,257,42,4,46,303
02/06/2000,SYR,NY,AEA,EN,Towers with Radar,65,102,28,6,201,11,0,18,0,29,76,102,46,6,230,100,0,100,330
02/07/2000,SYR,NY,AEA,EN,Towers with Radar,74,126,32,8,240,0,34,0,0,34,74,160,32,8,274,54,18,72,346
02/08/2000,SYR,NY,AEA,EN,Towers with Radar,95,176,48,12,331,0,17,38,15,70,95,193,86,27,401,26,42,68,469
02/09/2000,SYR,NY,AEA,EN,Towers with Radar,91,173,48,12,324,0,5,38,5,48,91,178,86,17,372,74,50,124,496
02/10/2000,SYR,NY,AEA,EN,Towers with Radar,95,163,47,12,317,0,0,9,3,12,95,163,56,15,329,34,32,66,395
02/11/2000,SYR,NY,AEA,EN,Towers with Radar,85,136,32,4,257,4,12,0,0,16,89,148,32,4,273,8,6,14,287
02/12/2000,SYR,NY,AEA,EN,Towers with Radar,76,105,33,9,223,13,0,53,5,71,89,105,86,14,294,38,30,68,362
02/13/2000,SYR,NY,AEA,EN,Towers with Radar,58,93,25,6,182,2,11,33,8,54,60,104,58,14,236,20,10,30,266
02/14/2000,SYR,NY,AEA,EN,Towers with Radar,66,106,28,5,205,6,13,0,0,19,72,119,28,5,224,2,4,6,230
02/15/2000,SYR,NY,AEA,EN,Towers with Radar,96,161,45,12,314,0,0,36,0,36,96,161,81,12,350,2,0,2,352
02/16/2000,SYR,NY,AEA,EN,Towers with Radar,93,157,43,10,303,0,3,12,0,15,93,160,55,10,318,10,12,22,340
02/17/2000,SYR,NY,AEA,EN,Towers with Radar,95,174,49,13,331,0,0,89,0,89,95,174,138,13,420,94,58,152,572
02/18/2000,SYR,NY,AEA,EN,Towers with Radar,69,110,30,5,214,2,0,4,0,6,71,110,34,5,220,20,10,30,250
02/19/2000,SYR,NY,AEA,EN,Towers with Radar,57,83,24,0,164,32,0,5,0,37,89,83,29,0,201,14,10,24,225
02/20/2000,SYR,NY,AEA,EN,Towers with Radar,52,84,23,0,159,16,8,10,0,34,68,92,33,0,193,24,10,34,227
02/21/2000,SYR,NY,AEA,EN,Towers with Radar,76,127,36,2,241,0,18,43,0,61,76,145,79,2,302,20,12,32,334
02/22/2000,SYR,NY,AEA,EN,Towers with Radar,92,156,43,11,302,0,10,62,1,73,92,166,105,12,375,16,20,36,411
02/23/2000,SYR,NY,AEA,EN,Towers with Radar,99,169,43,11,322,1,6,24,10,41,100,175,67,21,363,50,52,102,465
02/24/2000,SYR,NY,AEA,EN,Towers with Radar,96,158,75,12,341,1,2,42,2,47,97,160,117,14,388,76,12,88,476
02/25/2000,SYR,NY,AEA,EN,Towers with Radar,92,147,37,11,287,4,3,0,1,8,96,150,37,12,295,8,20,28,323
02/26/2000,SYR,NY,AEA,EN,Towers with Radar,88,89,40,22,239,2,6,62,1,71,90,95,102,23,310,58,70,128,438
02/27/2000,SYR,NY,AEA,EN,Towers with Radar,66,90,29,7,192,9,0,43,5,57,75,90,72,12,249,40,26,66,315
02/28/2000,SYR,NY,AEA,EN,Towers with Radar,66,127,36,6,235,0,22,23,0,45,66,149,59,6,280,8,0,8,288
02/29/2000,SYR,NY,AEA,EN,Towers with Radar,95,163,46,11,315,0,13,71,6,90,95,176,117,17,405,22,38,60,465
03/01/2000,SYR,NY,AEA,EN,Towers with Radar,94,153,49,8,304,0,16,32,0,48,94,169,81,8,352,32,22,54,406
03/02/2000,SYR,NY,AEA,EN,Towers with Radar,89,140,36,3,268,6,5,0,0,11,95,145,36,3,279,16,0,16,295
03/03/2000,SYR,NY,AEA,EN,Towers with Radar,97,152,49,3,301,5,20,31,0,56,102,172,80,3,357,38,12,50,407
03/04/2000,SYR,NY,AEA,EN,Towers with Radar,72,106,36,4,218,24,0,90,0,114,96,106,126,4,332,136,4,140,472
03/05/2000,SYR,NY,AEA,EN,Towers with Radar,69,92,35,6,202,7,0,30,21,58,76,92,65,27,260,44,30,74,334
03/06/2000,SYR,NY,AEA,EN,Towers with Radar,78,141,45,7,271,0,31,36,0,67,78,172,81,7,338,30,12,42,380
03/07/2000,SYR,NY,AEA,EN,Towers with Radar,92,149,48,8,297,0,21,76,12,109,92,170,124,20,406,34,38,72,478
03/08/2000,SYR,NY,AEA,EN,Towers with Radar,93,176,57,10,336,0,2,56,3,61,93,178,113,13,397,44,30,74,471
03/09/2000,SYR,NY,AEA,EN,Towers with Radar,94,150,50,9,303,0,0,15,2,17,94,150,65,11,320,40,32,72,392
03/10/2000,SYR,NY,AEA,EN,Towers with Radar,95,166,53,9,323,0,2,26,6,34,95,168,79,15,357,30,2,32,389
03/11/2000,SYR,NY,AEA,EN,Towers with Radar,62,93,30,1,186,30,0,0,0,30,92,93,30,1,216,18,0,18,234
03/12/2000,SYR,NY,AEA,EN,Towers with Radar,48,76,24,2,150,14,8,2,0,24,62,84,26,2,174,10,6,16,190
03/13/2000,SYR,NY,AEA,EN,Towers with Radar,77,122,39,7,245,0,32,22,10,64,77,154,61,17,309,64,28,92,401
03/14/2000,SYR,NY,AEA,EN,Towers with Radar,93,151,49,8,301,0,10,28,10,48,93,161,77,18,349,50,20,70,419
03/15/2000,SYR,NY,AEA,EN,Towers with Radar,93,164,53,9,319,0,2,15,6,23,93,166,68,15,342,48,14,62,404
03/16/2000,SYR,NY,AEA,EN,Towers with Radar,87,134,43,2,266,6,8,0,0,14,93,142,43,2,280,20,4,24,304
03/17/2000,SYR,NY,AEA,EN,Towers with Radar,85,130,33,7,255,14,7,0,4,25,99,137,33,11,280,28,18,46,326
03/18/2000,SYR,NY,AEA,EN,Towers with Radar,81,85,40,2,208,11,0,124,0,135,92,85,164,2,343,64,8,72,415
03/19/2000,SYR,NY,AEA,EN,Towers with Radar,62,96,31,5,194,8,3,44,8,63,70,99,75,13,257,38,0,38,295
03/20/2000,SYR,NY,AEA,EN,Towers with Radar,77,128,41,6,252,0,33,34,3,70,77,161,75,9,322,60,4,64,386
03/21/2000,SYR,NY,AEA,EN,Towers with Radar,95,147,47,7,296,0,1,52,0,53,95,148,99,7,349,50,12,62,411
03/22/2000,SYR,NY,AEA,EN,Towers with Radar,98,151,52,7,308,0,0,105,0,105,98,151,157,7,413,56,8,64,477
03/23/2000,SYR,NY,AEA,EN,Towers with Radar,95,164,57,9,325,0,0,60,8,68,95,164,117,17,393,46,22,68,461
03/24/2000,SYR,NY,AEA,EN,Towers with Radar,101,173,57,6,337,0,0,125,0,125,101,173,182,6,462,56,4,60,522
03/25/2000,SYR,NY,AEA,EN,Towers with Radar,66,91,32,5,194,21,0,33,2,56,87,91,65,7,250,70,0,70,320
03/26/2000,SYR,NY,AEA,EN,Towers with Radar,63,95,31,5,194,13,0,13,2,28,76,95,44,7,222,76,0,76,298
03/27/2000,SYR,NY,AEA,EN,Towers with Radar,79,137,44,7,267,0,33,12,6,51,79,170,56,13,318,46,16,62,380
03/28/2000,SYR,NY,AEA,EN,Towers with Radar,96,142,64,3,305,0,3,3,0,6,96,145,67,3,311,0,4,4,315
03/29/2000,SYR,NY,AEA,EN,Towers with Radar,94,160,52,8,314,0,7,2,6,15,94,167,54,14,329,6,18,24,353
03/30/2000,SYR,NY,AEA,EN,Towers with Radar,95,162,53,8,318,0,0,38,3,41,95,162,91,11,359,16,14,30,389
03/31/2000,SYR,NY,AEA,EN,Towers with Radar,93,153,49,8,303,0,15,51,7,73,93,168,100,15,376,32,14,46,422
04/01/2000,SYR,NY,AEA,EN,Towers with Radar,86,89,24,10,209,2,2,116,5,125,88,91,140,15,334,80,22,102,436
04/02/2000,SYR,NY,AEA,EN,Towers with Radar,48,71,21,4,144,5,0,0,11,16,53,71,21,15,160,30,60,90,250
04/03/2000,SYR,NY,AEA,EN,Towers with Radar,74,115,37,7,233,0,21,0,0,21,74,136,37,7,254,0,0,0,254
04/04/2000,SYR,NY,AEA,EN,Towers with Radar,101,153,51,7,312,0,16,13,0,29,101,169,64,7,341,18,6,24,365
04/05/2000,SYR,NY,AEA,EN,Towers with Radar,56,71,27,0,154,20,0,7,0,27,76,71,34,0,181,2,0,2,183
04/06/2000,SYR,NY,AEA,EN,Towers with Radar,96,145,49,8,298,0,11,12,0,23,96,156,61,8,321,18,30,48,369
04/07/2000,SYR,NY,AEA,EN,Towers with Radar,100,157,52,4,313,0,13,68,0,81,100,170,120,4,394,96,8,104,498
04/08/2000,SYR,NY,AEA,EN,Towers with Radar,61,73,29,0,163,28,0,11,0,39,89,73,40,0,202,22,0,22,224
04/09/2000,SYR,NY,AEA,EN,Towers with Radar,94,147,49,10,300,0,7,4,1,12,94,154,53,11,312,48,36,84,396
04/10/2000,SYR,NY,AEA,EN,Towers with Radar,75,129,43,8,255,0,22,6,8,36,75,151,49,16,291,30,12,42,333
04/11/2000,SYR,NY,AEA,EN,Towers with Radar,94,152,52,10,308,0,0,28,2,30,94,152,80,12,338,20,20,40,378
04/12/2000,SYR,NY,AEA,EN,Towers with Radar,99,156,52,10,317,0,3,22,2,27,99,159,74,12,344,42,24,66,410
04/13/2000,SYR,NY,AEA,EN,Towers with Radar,101,153,51,9,314,0,5,91,0,96,101,158,142,9,410,58,26,84,494
04/14/2000,SYR,NY,AEA,EN,Towers with Radar,98,145,49,9,301,0,17,48,12,77,98,162,97,21,378,50,32,82,460
04/15/2000,SYR,NY,AEA,EN,Towers with Radar,69,78,33,6,186,23,0,74,0,97,92,78,107,6,283,32,0,32,315
04/16/2000,SYR,NY,AEA,EN,Towers with Radar,56,81,27,5,169,23,3,18,1,45,79,84,45,6,214,36,0,36,250
04/17/2000,SYR,NY,AEA,EN,Towers with Radar,78,123,41,9,251,0,18,33,0,51,78,141,74,9,302,18,12,30,332
04/18/2000,SYR,NY,AEA,EN,Towers with Radar,95,147,50,10,302,0,0,11,6,17,95,147,61,16,319,0,10,10,329
04/19/2000,SYR,NY,AEA,EN,Towers with Radar,87,154,53,10,304,0,0,10,5,15,87,154,63,15,319,14,22,36,355
04/20/2000,SYR,NY,AEA,EN,Towers with Radar,84,137,45,9,275,0,19,25,5,49,84,156,70,14,324,40,30,70,394
04/21/2000,SYR,NY,AEA,EN,Towers with Radar,101,122,33,1,257,2,1,4,0,7,103,123,37,1,264,8,0,8,272
04/22/2000,SYR,NY,AEA,EN,Towers with Radar,56,67,19,0,142,29,0,0,0,29,85,67,19,0,171,18,0,18,189
04/23/2000,SYR,NY,AEA,EN,Towers with Radar,51,60,17,4,132,34,0,0,0,34,85,60,17,4,166,16,0,16,182
04/24/2000,SYR,NY,AEA,EN,Towers with Radar,74,122,41,7,244,0,11,57,11,79,74,133,98,18,323,48,40,88,411
04/25/2000,SYR,NY,AEA,EN,Towers with Radar,100,156,52,10,318,0,11,97,3,111,100,167,149,13,429,70,38,108,537
04/26/2000,SYR,NY,AEA,EN,Towers with Radar,100,162,54,10,326,0,23,62,7,92,100,185,116,17,418,52,34,86,504
04/27/2000,SYR,NY,AEA,EN,Towers with Radar,93,160,65,27,345,0,0,11,0,11,93,160,76,27,356,50,14,64,420
04/28/2000,SYR,NY,AEA,EN,Towers with Radar,101,154,52,1,308,0,11,59,0,70,101,165,111,1,378,18,4,22,400
04/29/2000,SYR,NY,AEA,EN,Towers with Radar,69,76,33,6,184,18,0,84,1,103,87,76,117,7,287,64,2,66,353
04/30/2000,SYR,NY,AEA,EN,Towers with Radar,61,86,29,5,181,17,6,39,2,64,78,92,68,7,245,28,2,30,275
05/01/2000,SYR,NY,AEA,EN,Towers with Radar,76,122,48,9,255,0,14,23,3,40,76,136,71,12,295,12,10,22,317
05/02/2000,SYR,NY,AEA,EN,Towers with Radar,97,150,58,10,315,0,10,33,0,43,97,160,91,10,358,30,22,52,410
05/03/2000,SYR,NY,AEA,EN,Towers with Radar,95,143,55,13,306,1,22,96,3,122,96,165,151,16,428,84,28,112,540
05/04/2000,SYR,NY,AEA,EN,Towers with Radar,92,152,59,13,316,0,2,40,16,58,92,154,99,29,374,80,60,140,514
05/05/2000,SYR,NY,AEA,EN,Towers with Radar,100,151,58,11,320,1,8,78,0,87,101,159,136,11,407,52,14,66,473
05/06/2000,SYR,NY,AEA,EN,Towers with Radar,70,81,41,9,201,19,0,22,0,41,89,81,63,9,242,18,20,38,280
05/07/2000,SYR,NY,AEA,EN,Towers with Radar,51,78,31,7,167,11,5,22,2,40,62,83,53,9,207,34,42,76,283
05/08/2000,SYR,NY,AEA,EN,Towers with Radar,75,126,49,11,261,0,33,15,10,58,75,159,64,21,319,34,24,58,377
05/09/2000,SYR,NY,AEA,EN,Towers with Radar,101,152,59,13,325,1,16,18,4,39,102,168,77,17,364,36,26,62,426
05/10/2000,SYR,NY,AEA,EN,Towers with Radar,69,105,41,9,224,10,0,11,1,22,79,105,52,10,246,10,8,18,264
05/11/2000,SYR,NY,AEA,EN,Towers with Radar,104,159,65,6,334,0,0,78,0,78,104,159,143,6,412,66,6,72,484
05/12/2000,SYR,NY,AEA,EN,Towers with Radar,92,147,57,9,305,0,15,16,0,31,92,162,73,9,336,42,4,46,382
05/13/2000,SYR,NY,AEA,EN,Towers with Radar,88,70,21,2,181,2,1,21,0,24,90,71,42,2,205,56,2,58,263
05/14/2000,SYR,NY,AEA,EN,Towers with Radar,58,88,34,6,186,5,3,37,0,45,63,91,71,6,231,12,2,14,245
05/15/2000,SYR,NY,AEA,EN,Towers with Radar,77,148,40,9,274,2,5,43,2,52,79,153,83,11,326,50,20,70,396
05/16/2000,SYR,NY,AEA,EN,Towers with Radar,102,154,59,11,326,1,1,82,0,84,103,155,141,11,410,50,24,74,484
05/17/2000,SYR,NY,AEA,EN,Towers with Radar,95,144,55,11,305,1,15,63,6,85,96,159,118,17,390,38,30,68,458
05/18/2000,SYR,NY,AEA,EN,Towers with Radar,86,128,43,10,267,9,19,0,1,29,95,147,43,11,296,14,0,14,310
05/19/2000,SYR,NY,AEA,EN,Towers with Radar,94,146,60,12,312,0,0,30,9,39,94,146,90,21,351,78,20,98,449
05/20/2000,SYR,NY,AEA,EN,Towers with Radar,66,76,39,7,188,23,0,24,13,60,89,76,63,20,248,48,0,48,296
05/21/2000,SYR,NY,AEA,EN,Towers with Radar,57,78,33,6,174,1,0,6,1,8,58,78,39,7,182,18,0,18,200
05/22/2000,SYR,NY,AEA,EN,Towers with Radar,78,134,54,11,277,0,0,22,3,25,78,134,76,14,302,8,10,18,320
05/23/2000,SYR,NY,AEA,EN,Towers with Radar,102,170,74,15,361,0,0,26,9,35,102,170,100,24,396,36,32,68,464
05/24/2000,SYR,NY,AEA,EN,Towers with Radar,95,142,55,8,300,4,10,30,0,44,99,152,85,8,344,14,18,32,376
05/25/2000,SYR,NY,AEA,EN,Towers with Radar,96,149,58,12,315,0,0,39,10,49,96,149,97,22,364,34,34,68,432
05/26/2000,SYR,NY,AEA,EN,Towers with Radar,100,155,60,12,327,0,0,76,4,80,100,155,136,16,407,54,44,98,505
05/27/2000,SYR,NY,AEA,EN,Towers with Radar,64,76,37,2,179,21,0,89,0,110,85,76,126,2,289,80,6,86,375
05/28/2000,SYR,NY,AEA,EN,Towers with Radar,47,62,27,2,138,14,0,51,0,65,61,62,78,2,203,60,0,60,263
05/29/2000,SYR,NY,AEA,EN,Towers with Radar,66,98,38,8,210,6,0,35,3,44,72,98,73,11,254,40,60,100,354
05/30/2000,SYR,NY,AEA,EN,Towers with Radar,77,127,49,10,263,0,38,61,7,106,77,165,110,17,369,72,44,116,485
05/31/2000,SYR,NY,AEA,EN,Towers with Radar,84,141,55,11,291,0,37,43,8,88,84,178,98,19,379,78,54,132,511
06/01/2000,SYR,NY,AEA,EN,Towers with Radar,97,159,63,16,335,0,13,48,1,62,97,172,111,17,397,24,46,70,467
06/02/2000,SYR,NY,AEA,EN,Towers with Radar,80,127,46,6,259,9,15,0,0,24,89,142,46,6,283,20,4,24,307
06/03/2000,SYR,NY,AEA,EN,Towers with Radar,57,82,36,1,176,27,0,54,0,81,84,82,90,1,257,78,4,82,339
06/04/2000,SYR,NY,AEA,EN,Towers with Radar,48,75,30,1,154,8,0,74,0,82,56,75,104,1,236,82,0,82,318
06/05/2000,SYR,NY,AEA,EN,Towers with Radar,75,134,54,13,276,0,19,18,12,49,75,153,72,25,325,12,28,40,365
06/06/2000,SYR,NY,AEA,EN,Towers with Radar,83,132,53,13,281,14,18,9,15,56,97,150,62,28,337,26,36,62,399
06/07/2000,SYR,NY,AEA,EN,Towers with Radar,99,158,63,16,336,2,2,54,11,69,101,160,117,27,405,28,44,72,477
06/08/2000,SYR,NY,AEA,EN,Towers with Radar,94,150,60,15,319,2,24,36,2,64,96,174,96,17,383,44,74,118,501
06/09/2000,SYR,NY,AEA,EN,Towers with Radar,100,160,64,10,334,1,10,43,0,54,101,170,107,10,388,64,18,82,470
06/10/2000,SYR,NY,AEA,EN,Towers with Radar,62,91,39,10,202,29,0,53,14,96,91,91,92,24,298,60,24,84,382
06/11/2000,SYR,NY,AEA,EN,Towers with Radar,59,90,37,10,196,9,0,6,14,29,68,90,43,24,225,32,28,60,285
06/12/2000,SYR,NY,AEA,EN,Towers with Radar,74,140,56,14,284,0,12,18,10,40,74,152,74,24,324,24,44,68,392
06/13/2000,SYR,NY,AEA,EN,Towers with Radar,50,98,42,11,201,0,0,6,1,7,50,98,48,12,208,16,28,44,252
06/14/2000,SYR,NY,AEA,EN,Towers with Radar,68,147,60,14,289,0,8,48,8,64,68,155,108,22,353,24,10,34,387
06/15/2000,SYR,NY,AEA,EN,Towers with Radar,85,143,58,10,296,0,7,35,0,42,85,150,93,10,338,28,48,76,414
06/16/2000,SYR,NY,AEA,EN,Towers with Radar,87,157,65,15,324,0,0,64,1,65,87,157,129,16,389,18,4,22,411
06/17/2000,SYR,NY,AEA,EN,Towers with Radar,59,79,38,2,178,28,0,41,0,69,87,79,79,2,247,50,2,52,299
06/18/2000,SYR,NY,AEA,EN,Towers with Radar,65,85,42,6,198,9,0,59,0,68,74,85,101,6,266,76,2,78,344
06/19/2000,SYR,NY,AEA,EN,Towers with Radar,96,159,65,15,335,0,11,102,6,119,96,170,167,21,454,56,54,110,564
06/20/2000,SYR,NY,AEA,EN,Towers with Radar,71,161,70,16,318,0,0,94,8,102,71,161,164,24,420,90,30,120,540
06/21/2000,SYR,NY,AEA,EN,Towers with Radar,85,132,54,12,283,6,11,30,2,49,91,143,84,14,332,14,36,50,382
06/22/2000,SYR,NY,AEA,EN,Towers with Radar,100,157,64,15,336,0,12,35,5,52,100,169,99,20,388,78,26,104,492
06/23/2000,SYR,NY,AEA,EN,Towers with Radar,91,167,68,13,339,0,5,86,0,91,91,172,154,13,430,42,18,60,490
06/24/2000,SYR,NY,AEA,EN,Towers with Radar,64,100,41,0,205,24,3,102,0,129,88,103,143,0,334,80,2,82,416
06/25/2000,SYR,NY,AEA,EN,Towers with Radar,59,79,38,8,184,21,0,11,4,36,80,79,49,12,220,28,16,44,264
06/26/2000,SYR,NY,AEA,EN,Towers with Radar,77,125,51,12,265,0,20,56,4,80,77,145,107,16,345,38,26,64,409
06/27/2000,SYR,NY,AEA,EN,Towers with Radar,103,164,67,16,350,0,0,49,12,61,103,164,116,28,411,72,52,124,535
06/28/2000,SYR,NY,AEA,EN,Towers with Radar,93,160,65,16,334,0,19,82,2,103,93,179,147,18,437,38,62,100,537
06/29/2000,SYR,NY,AEA,EN,Towers with Radar,99,161,66,11,337,0,0,53,0,53,99,161,119,11,390,50,24,74,464
06/30/2000,SYR,NY,AEA,EN,Towers with Radar,102,165,66,11,344,0,11,32,0,43,102,176,98,11,387,34,6,40,427
07/01/2000,SYR,NY,AEA,EN,Towers with Radar,71,90,41,7,209,16,0,108,0,124,87,90,149,7,333,48,2,50,383
07/02/2000,SYR,NY,AEA,EN,Towers with Radar,51,76,29,4,160,21,3,41,0,65,72,79,70,4,225,64,0,64,289
07/03/2000,SYR,NY,AEA,EN,Towers with Radar,53,79,18,6,156,20,0,0,0,20,73,79,18,6,176,22,4,26,202
07/04/2000,SYR,NY,AEA,EN,Towers with Radar,70,101,39,1,211,22,0,1,0,23,92,101,40,1,234,38,0,38,272
07/05/2000,SYR,NY,AEA,EN,Towers with Radar,82,121,46,15,264,1,46,60,0,107,83,167,106,15,371,50,26,76,447
07/06/2000,SYR,NY,AEA,EN,Towers with Radar,101,155,60,19,335,0,17,91,6,114,101,172,151,25,449,34,50,84,533
07/07/2000,SYR,NY,AEA,EN,Towers with Radar,102,151,59,18,330,0,11,38,10,59,102,162,97,28,389,20,80,100,489
07/08/2000,SYR,NY,AEA,EN,Towers with Radar,62,71,35,11,179,24,0,5,28,57,86,71,40,39,236,134,130,264,500
07/09/2000,SYR,NY,AEA,EN,Towers with Radar,65,85,33,12,195,4,0,0,13,17,69,85,33,25,212,158,104,262,474
07/10/2000,SYR,NY,AEA,EN,Towers with Radar,82,129,50,16,277,0,13,25,17,55,82,142,75,33,332,54,88,142,474
07/11/2000,SYR,NY,AEA,EN,Towers with Radar,98,149,57,18,322,0,22,79,4,105,98,171,136,22,427,86,36,122,549
07/12/2000,SYR,NY,AEA,EN,Towers with Radar,99,147,57,18,321,0,12,90,19,121,99,159,147,37,442,98,48,146,588
07/13/2000,SYR,NY,AEA,EN,Towers with Radar,106,156,60,18,340,0,14,73,6,93,106,170,133,24,433,166,78,244,677
07/14/2000,SYR,NY,AEA,EN,Towers with Radar,87,128,50,1,266,1,11,33,0,45,88,139,83,1,311,40,22,62,373
07/15/2000,SYR,NY,AEA,EN,Towers with Radar,53,73,24,0,150,23,0,0,0,23,76,73,24,0,173,2,0,2,175
07/16/2000,SYR,NY,AEA,EN,Towers with Radar,61,88,35,2,186,8,0,14,0,22,69,88,49,2,208,72,0,72,280
07/17/2000,SYR,NY,AEA,EN,Towers with Radar,84,138,54,16,292,0,25,43,4,72,84,163,97,20,364,62,42,104,468
07/18/2000,SYR,NY,AEA,EN,Towers with Radar,98,156,62,18,334,0,16,47,19,82,98,172,109,37,416,28,14,42,458
07/19/2000,SYR,NY,AEA,EN,Towers with Radar,101,172,68,20,361,0,14,49,28,91,101,186,117,48,452,88,26,114,566
07/20/2000,SYR,NY,AEA,EN,Towers with Radar,98,142,56,15,311,3,16,77,0,96,101,158,133,15,407,42,38,80,487
07/21/2000,SYR,NY,AEA,EN,Towers with Radar,101,154,61,18,334,0,14,27,16,57,101,168,88,34,391,44,48,92,483
07/22/2000,SYR,NY,AEA,EN,Towers with Radar,70,77,40,2,189,20,0,44,0,64,90,77,84,2,253,78,0,78,331
07/23/2000,SYR,NY,AEA,EN,Towers with Radar,46,84,34,5,169,0,3,85,0,88,46,87,119,5,257,98,0,98,355
07/24/2000,SYR,NY,AEA,EN,Towers with Radar,81,143,57,13,294,0,20,81,0,101,81,163,138,13,395,92,58,150,545
07/25/2000,SYR,NY,AEA,EN,Towers with Radar,104,153,60,18,335,0,12,75,2,89,104,165,135,20,424,78,48,126,550
07/26/2000,SYR,NY,AEA,EN,Towers with Radar,80,152,60,18,310,0,4,86,3,93,80,156,146,21,403,60,40,100,503
07/27/2000,SYR,NY,AEA,EN,Towers with Radar,99,139,64,19,321,0,0,52,1,53,99,139,116,20,374,74,38,112,486
07/28/2000,SYR,NY,AEA,EN,Towers with Radar,84,142,56,4,286,0,6,39,0,45,84,148,95,4,331,56,0,56,387
07/29/2000,SYR,NY,AEA,EN,Towers with Radar,76,80,44,10,210,11,0,34,0,45,87,80,78,10,255,28,2,30,285
07/30/2000,SYR,NY,AEA,EN,Towers with Radar,58,77,37,7,179,0,0,18,0,18,58,77,55,7,197,36,2,38,235
07/31/2000,SYR,NY,AEA,EN,Towers with Radar,74,119,47,14,254,0,12,4,7,23,74,131,51,21,277,86,30,116,393
08/01/2000,SYR,NY,AEA,EN,Towers with Radar,95,157,57,15,324,0,0,5,2,7,95,157,62,17,331,60,52,112,443
08/02/2000,SYR,NY,AEA,EN,Towers with Radar,100,151,69,25,345,0,1,27,5,33,100,152,96,30,378,80,58,138,516
08/03/2000,SYR,NY,AEA,EN,Towers with Radar,101,149,81,20,351,1,1,30,2,34,102,150,111,22,385,78,58,136,521
08/04/2000,SYR,NY,AEA,EN,Towers with Radar,94,164,63,28,349,1,8,101,1,111,95,172,164,29,460,120,44,164,624
08/05/2000,SYR,NY,AEA,EN,Towers with Radar,90,80,26,13,209,0,0,1,0,1,90,80,27,13,210,94,34,128,338
08/06/2000,SYR,NY,AEA,EN,Towers with Radar,82,86,39,20,227,0,0,34,1,35,82,86,73,21,262,22,28,50,312
08/07/2000,SYR,NY,AEA,EN,Towers with Radar,80,121,48,10,259,0,32,3,0,35,80,153,51,10,294,20,16,36,330
08/08/2000,SYR,NY,AEA,EN,Towers with Radar,97,149,60,15,321,0,21,67,2,90,97,170,127,17,411,28,64,92,503
08/09/2000,SYR,NY,AEA,EN,Towers with Radar,110,166,65,33,374,0,5,29,10,44,110,171,94,43,418,50,72,122,540
08/10/2000,SYR,NY,AEA,EN,Towers with Radar,100,156,115,15,386,0,4,41,3,48,100,160,156,18,434,44,42,86,520
08/11/2000,SYR,NY,AEA,EN,Towers with Radar,102,150,44,1,297,0,6,25,5,36,102,156,69,6,333,50,0,50,383
08/12/2000,SYR,NY,AEA,EN,Towers with Radar,88,82,36,3,209,0,0,9,2,11,88,82,45,5,220,8,0,8,228
08/13/2000,SYR,NY,AEA,EN,Towers with Radar,74,89,64,0,227,0,0,65,3,68,74,89,129,3,295,60,0,60,355
08/14/2000,SYR,NY,AEA,EN,Towers with Radar,79,128,51,11,269,0,0,56,2,58,79,128,107,13,327,30,30,60,387
08/15/2000,SYR,NY,AEA,EN,Towers with Radar,102,149,51,12,314,1,2,55,2,60,103,151,106,14,374,52,50,102,476
08/16/2000,SYR,NY,AEA,EN,Towers with Radar,98,140,67,23,328,0,2,34,6,42,98,142,101,29,370,46,14,60,430
08/17/2000,SYR,NY,AEA,EN,Towers with Radar,97,175,67,9,348,0,2,68,2,72,97,177,135,11,420,34,16,50,470
08/18/2000,SYR,NY,AEA,EN,Towers with Radar,104,155,34,20,313,0,4,45,2,51,104,159,79,22,364,46,36,82,446
08/19/2000,SYR,NY,AEA,EN,Towers with Radar,92,91,34,2,219,0,1,53,1,55,92,92,87,3,274,44,0,44,318
08/20/2000,SYR,NY,AEA,EN,Towers with Radar,78,96,58,6,238,0,0,64,2,66,78,96,122,8,304,66,4,70,374
08/21/2000,SYR,NY,AEA,EN,Towers with Radar,77,150,41,39,307,1,3,90,5,99,78,153,131,44,406,66,48,114,520
08/22/2000,SYR,NY,AEA,EN,Towers with Radar,103,165,52,8,328,0,3,63,6,72,103,168,115,14,400,40,26,66,466
08/23/2000,SYR,NY,AEA,EN,Towers with Radar,98,152,61,22,333,0,1,4,0,5,98,153,65,22,338,40,12,52,390
08/24/2000,SYR,NY,AEA,EN,Towers with Radar,104,168,60,17,349,0,2,52,18,72,104,170,112,35,421,70,48,118,539
08/25/2000,SYR,NY,AEA,EN,Towers with Radar,101,159,63,2,325,2,8,79,0,89,103,167,142,2,414,24,48,72,486
08/26/2000,SYR,NY,AEA,EN,Towers with Radar,85,85,24,0,194,1,4,57,0,62,86,89,81,0,256,104,0,104,360
08/27/2000,SYR,NY,AEA,EN,Towers with Radar,77,103,46,4,230,28,0,57,0,85,105,103,103,4,315,62,4,66,381
08/28/2000,SYR,NY,AEA,EN,Towers with Radar,82,149,54,13,298,0,1,40,4,45,82,150,94,17,343,90,38,128,471
08/29/2000,SYR,NY,AEA,EN,Towers with Radar,98,153,73,35,359,0,6,45,0,51,98,159,118,35,410,128,38,166,576
08/30/2000,SYR,NY,AEA,EN,Towers with Radar,101,165,57,18,341,0,8,41,6,55,101,173,98,24,396,152,32,184,580
08/31/2000,SYR,NY,AEA,EN,Towers with Radar,101,158,72,9,340,0,7,39,6,52,101,165,111,15,392,62,30,92,484
09/01/2000,SYR,NY,AEA,EN,Towers with Radar,99,160,43,14,316,0,5,32,3,40,99,165,75,17,356,128,24,152,508
09/02/2000,SYR,NY,AEA,EN,Towers with Radar,62,85,21,3,171,23,0,0,0,23,85,85,21,3,194,42,0,42,236
09/03/2000,SYR,NY,AEA,EN,Towers with Radar,70,76,31,2,179,1,1,13,0,15,71,77,44,2,194,84,2,86,280
09/04/2000,SYR,NY,AEA,EN,Towers with Radar,70,93,39,12,214,0,1,25,0,26,70,94,64,12,240,70,16,86,326
09/05/2000,SYR,NY,AEA,EN,Towers with Radar,77,154,44,20,295,0,8,75,3,86,77,162,119,23,381,38,20,58,439
09/06/2000,SYR,NY,AEA,EN,Towers with Radar,102,169,57,20,348,0,14,85,4,103,102,183,142,24,451,66,38,104,555
09/07/2000,SYR,NY,AEA,EN,Towers with Radar,98,166,74,13,351,0,8,81,3,92,98,174,155,16,443,48,32,80,523
09/08/2000,SYR,NY,AEA,EN,Towers with Radar,103,162,67,10,342,0,4,61,2,67,103,166,128,12,409,80,6,86,495
09/09/2000,SYR,NY,AEA,EN,Towers with Radar,83,78,16,11,188,0,0,10,0,10,83,78,26,11,198,40,2,42,240
09/10/2000,SYR,NY,AEA,EN,Towers with Radar,84,100,58,5,247,0,2,35,1,38,84,102,93,6,285,42,0,42,327
09/11/2000,SYR,NY,AEA,EN,Towers with Radar,72,156,60,17,305,0,6,10,0,16,72,162,70,17,321,28,32,60,381
09/12/2000,SYR,NY,AEA,EN,Towers with Radar,103,158,46,27,334,0,2,14,1,17,103,160,60,28,351,34,34,68,419
09/13/2000,SYR,NY,AEA,EN,Towers with Radar,99,166,72,18,355,0,10,71,3,84,99,176,143,21,439,42,38,80,519
09/14/2000,SYR,NY,AEA,EN,Towers with Radar,102,184,46,23,355,0,9,59,0,68,102,193,105,23,423,64,34,98,521
09/15/2000,SYR,NY,AEA,EN,Towers with Radar,103,161,68,4,336,0,2,14,4,20,103,163,82,8,356,46,22,68,424
09/16/2000,SYR,NY,AEA,EN,Towers with Radar,87,79,45,77,288,2,1,34,2,39,89,80,79,79,327,72,162,234,561
09/17/2000,SYR,NY,AEA,EN,Towers with Radar,76,97,26,49,248,0,1,45,2,48,76,98,71,51,296,48,150,198,494
09/18/2000,SYR,NY,AEA,EN,Towers with Radar,78,158,39,6,281,0,6,53,2,61,78,164,92,8,342,72,30,102,444
09/19/2000,SYR,NY,AEA,EN,Towers with Radar,101,150,70,22,343,0,7,68,9,84,101,157,138,31,427,82,66,148,575
09/20/2000,SYR,NY,AEA,EN,Towers with Radar,101,166,60,8,335,2,9,56,3,70,103,175,116,11,405,62,16,78,483
09/21/2000,SYR,NY,AEA,EN,Towers with Radar,106,158,60,0,324,0,2,19,1,22,106,160,79,1,346,54,4,58,404
09/22/2000,SYR,NY,AEA,EN,Towers with Radar,98,144,58,5,305,0,8,72,7,87,98,152,130,12,392,70,8,78,470
09/23/2000,SYR,NY,AEA,EN,Towers with Radar,86,80,29,1,196,0,0,4,1,5,86,80,33,2,201,8,2,10,211
09/24/2000,SYR,NY,AEA,EN,Towers with Radar,82,91,31,4,208,0,0,10,1,11,82,91,41,5,219,56,0,56,275
09/25/2000,SYR,NY,AEA,EN,Towers with Radar,79,155,56,2,292,0,12,42,8,62,79,167,98,10,354,36,4,40,394
09/26/2000,SYR,NY,AEA,EN,Towers with Radar,107,185,60,3,355,0,13,27,3,43,107,198,87,6,398,60,4,64,462
09/27/2000,SYR,NY,AEA,EN,Towers with Radar,106,158,56,3,323,2,10,51,4,67,108,168,107,7,390,80,0,80,470
09/28/2000,SYR,NY,AEA,EN,Towers with Radar,104,164,80,3,351,1,8,63,0,72,105,172,143,3,423,50,4,54,477
09/29/2000,SYR,NY,AEA,EN,Towers with Radar,94,166,54,2,316,2,11,71,2,86,96,177,125,4,402,108,20,128,530
09/30/2000,SYR,NY,AEA,EN,Towers with Radar,87,81,46,1,215,1,2,75,1,79,88,83,121,2,294,26,0,26,320
10/01/2000,SYR,NY,AEA,EN,Towers with Radar,79,98,24,4,205,0,9,61,0,70,79,107,85,4,275,16,0,16,291
10/02/2000,SYR,NY,AEA,EN,Towers with Radar,81,140,36,19,276,0,10,64,7,81,81,150,100,26,357,54,58,112,469
10/03/2000,SYR,NY,AEA,EN,Towers with Radar,91,145,41,21,298,0,6,28,6,40,91,151,69,27,338,64,32,96,434
10/04/2000,SYR,NY,AEA,EN,Towers with Radar,78,143,59,1,281,0,2,4,0,6,78,145,63,1,287,60,0,60,347
10/05/2000,SYR,NY,AEA,EN,Towers with Radar,108,151,70,12,341,0,2,3,2,7,108,153,73,14,348,68,12,80,428
10/06/2000,SYR,NY,AEA,EN,Towers with Radar,124,179,83,3,389,0,1,2,0,3,124,180,85,3,392,34,0,34,426
10/07/2000,SYR,NY,AEA,EN,Towers with Radar,89,82,25,0,196,0,1,23,1,25,89,83,48,1,221,38,0,38,259
10/08/2000,SYR,NY,AEA,EN,Towers with Radar,77,88,41,1,207,0,3,5,0,8,77,91,46,1,215,54,0,54,269
10/09/2000,SYR,NY,AEA,EN,Towers with Radar,80,136,27,2,245,0,7,7,0,14,80,143,34,2,259,70,0,70,329
10/10/2000,SYR,NY,AEA,EN,Towers with Radar,107,151,52,4,314,0,1,8,0,9,107,152,60,4,323,30,10,40,363
10/11/2000,SYR,NY,AEA,EN,Towers with Radar,110,159,55,13,337,0,7,58,2,67,110,166,113,15,404,38,48,86,490
10/12/2000,SYR,NY,AEA,EN,Towers with Radar,105,162,66,19,352,0,6,78,6,90,105,168,144,25,442,48,40,88,530
10/13/2000,SYR,NY,AEA,EN,Towers with Radar,108,156,53,22,339,0,20,79,2,101,108,176,132,24,440,50,64,114,554
10/14/2000,SYR,NY,AEA,EN,Towers with Radar,87,80,30,21,218,0,0,77,6,83,87,80,107,27,301,54,30,84,385
10/15/2000,SYR,NY,AEA,EN,Towers with Radar,81,92,36,22,231,0,0,20,3,23,81,92,56,25,254,38,24,62,316
10/16/2000,SYR,NY,AEA,EN,Towers with Radar,114,187,64,3,368,0,0,1,1,2,114,187,65,4,370,120,0,120,490
10/17/2000,SYR,NY,AEA,EN,Towers with Radar,100,163,50,23,336,0,1,6,1,8,100,164,56,24,344,18,30,48,392
10/18/2000,SYR,NY,AEA,EN,Towers with Radar,103,171,65,25,364,0,4,14,2,20,103,175,79,27,384,122,38,160,544
10/19/2000,SYR,NY,AEA,EN,Towers with Radar,112,152,49,13,326,0,4,38,1,43,112,156,87,14,369,30,38,68,437
10/20/2000,SYR,NY,AEA,EN,Towers with Radar,106,162,43,10,321,0,8,73,3,84,106,170,116,13,405,92,0,92,497
10/21/2000,SYR,NY,AEA,EN,Towers with Radar,73,92,38,3,206,23,0,56,0,79,96,92,94,3,285,22,0,22,307
10/22/2000,SYR,NY,AEA,EN,Towers with Radar,70,99,37,7,213,9,0,88,0,97,79,99,125,7,310,22,2,24,334
10/23/2000,SYR,NY,AEA,EN,Towers with Radar,85,148,40,16,289,0,6,48,2,56,85,154,88,18,345,52,46,98,443
10/24/2000,SYR,NY,AEA,EN,Towers with Radar,104,153,70,15,342,0,7,32,3,42,104,160,102,18,384,48,24,72,456
10/25/2000,SYR,NY,AEA,EN,Towers with Radar,112,149,94,26,381,0,3,31,5,39,112,152,125,31,420,36,30,66,486
10/26/2000,SYR,NY,AEA,EN,Towers with Radar,110,153,64,20,347,0,5,62,2,69,110,158,126,22,416,54,24,78,494
10/27/2000,SYR,NY,AEA,EN,Towers with Radar,106,138,44,9,297,0,4,25,0,29,106,142,69,9,326,14,0,14,340
10/28/2000,SYR,NY,AEA,EN,Towers with Radar,81,80,38,3,202,0,1,21,0,22,81,81,59,3,224,40,10,50,274
10/29/2000,SYR,NY,AEA,EN,Towers with Radar,67,92,24,4,187,0,0,34,0,34,67,92,58,4,221,28,6,34,255
10/30/2000,SYR,NY,AEA,EN,Towers with Radar,84,143,39,26,292,1,4,39,2,46,85,147,78,28,338,64,68,132,470
10/31/2000,SYR,NY,AEA,EN,Towers with Radar,64,116,70,30,280,0,8,55,8,71,64,124,125,38,351,60,16,76,427
11/01/2000,SYR,NY,AEA,EN,Towers with Radar,104,169,52,21,346,2,6,61,2,71,106,175,113,23,417,60,56,116,533
11/02/2000,SYR,NY,AEA,EN,Towers with Radar,98,162,37,13,310,3,4,76,7,90,101,166,113,20,400,26,48,74,474
11/03/2000,SYR,NY,AEA,EN,Towers with Radar,102,163,54,19,338,0,1,49,2,52,102,164,103,21,390,48,44,92,482
11/04/2000,SYR,NY,AEA,EN,Towers with Radar,85,77,37,11,210,0,0,10,1,11,85,77,47,12,221,52,44,96,317
11/05/2000,SYR,NY,AEA,EN,Towers with Radar,78,94,30,36,238,0,2,19,1,22,78,96,49,37,260,38,56,94,354
11/06/2000,SYR,NY,AEA,EN,Towers with Radar,81,158,29,15,283,0,2,47,2,51,81,160,76,17,334,20,50,70,404
11/07/2000,SYR,NY,AEA,EN,Towers with Radar,100,172,53,16,341,2,5,68,1,76,102,177,121,17,417,78,32,110,527
11/08/2000,SYR,NY,AEA,EN,Towers with Radar,99,161,45,24,329,1,3,52,0,56,100,164,97,24,385,38,40,78,463
11/09/2000,SYR,NY,AEA,EN,Towers with Radar,100,161,37,4,302,0,3,10,1,14,100,164,47,5,316,26,0,26,342
11/10/2000,SYR,NY,AEA,EN,Towers with Radar,102,143,48,5,298,0,0,0,0,0,102,143,48,5,298,24,0,24,322
11/11/2000,SYR,NY,AEA,EN,Towers with Radar,90,91,30,1,212,0,2,2,0,4,90,93,32,1,216,26,0,26,242
11/12/2000,SYR,NY,AEA,EN,Towers with Radar,61,92,76,5,234,0,0,18,0,18,61,92,94,5,252,52,0,52,304
11/13/2000,SYR,NY,AEA,EN,Towers with Radar,87,158,39,13,297,0,3,23,1,27,87,161,62,14,324,38,16,54,378
11/14/2000,SYR,NY,AEA,EN,Towers with Radar,99,168,62,14,343,0,10,15,2,27,99,178,77,16,370,54,38,92,462
11/15/2000,SYR,NY,AEA,EN,Towers with Radar,103,172,66,14,355,0,4,18,2,24,103,176,84,16,379,30,22,52,431
11/16/2000,SYR,NY,AEA,EN,Towers with Radar,104,168,45,15,332,1,7,47,6,61,105,175,92,21,393,62,18,80,473
11/17/2000,SYR,NY,AEA,EN,Towers with Radar,101,164,51,13,329,0,1,10,2,13,101,165,61,15,342,92,30,122,464
11/18/2000,SYR,NY,AEA,EN,Towers with Radar,101,164,60,13,338,0,1,12,2,15,101,165,72,15,353,4,6,10,363
11/19/2000,SYR,NY,AEA,EN,Towers with Radar,78,96,70,5,249,1,9,38,0,48,79,105,108,5,297,40,0,40,337
11/20/2000,SYR,NY,AEA,EN,Towers with Radar,79,141,31,8,259,0,2,23,1,26,79,143,54,9,285,48,4,52,337
11/21/2000,SYR,NY,AEA,EN,Towers with Radar,113,154,63,18,348,0,3,2,0,5,113,157,65,18,353,44,46,90,443
11/22/2000,SYR,NY,AEA,EN,Towers with Radar,106,150,63,4,323,0,1,1,0,2,106,151,64,4,325,22,0,22,347
11/23/2000,SYR,NY,AEA,EN,Towers with Radar,83,90,9,0,182,0,1,3,0,4,83,91,12,0,186,2,0,2,188
11/24/2000,SYR,NY,AEA,EN,Towers with Radar,66,85,16,0,167,0,0,55,2,57,66,85,71,2,224,12,0,12,236
11/25/2000,SYR,NY,AEA,EN,Towers with Radar,85,84,22,0,191,0,0,33,0,33,85,84,55,0,224,14,2,16,240
11/26/2000,SYR,NY,AEA,EN,Towers with Radar,73,86,18,0,177,0,0,0,0,0,73,86,18,0,177,0,0,0,177
11/27/2000,SYR,NY,AEA,EN,Towers with Radar,77,149,33,27,286,0,1,16,0,17,77,150,49,27,303,26,8,34,337
11/28/2000,SYR,NY,AEA,EN,Towers with Radar,95,170,68,27,360,1,16,14,2,33,96,186,82,29,393,88,14,102,495
11/29/2000,SYR,NY,AEA,EN,Towers with Radar,97,160,44,27,328,0,4,22,2,28,97,164,66,29,356,56,24,80,436
11/30/2000,SYR,NY,AEA,EN,Towers with Radar,101,149,51,14,315,0,0,3,1,4,101,149,54,15,319,0,18,18,337
12/01/2000,SYR,NY,AEA,EN,Towers with Radar,92,140,45,7,284,1,0,6,2,9,93,140,51,9,293,16,8,24,317
12/02/2000,SYR,NY,AEA,EN,Towers with Radar,79,88,13,1,181,2,8,40,5,55,81,96,53,6,236,78,0,78,314
12/03/2000,SYR,NY,AEA,EN,Towers with Radar,74,92,21,3,190,1,4,81,3,89,75,96,102,6,279,102,0,102,381
12/04/2000,SYR,NY,AEA,EN,Towers with Radar,81,153,30,14,278,1,6,75,0,82,82,159,105,14,360,66,12,78,438
12/05/2000,SYR,NY,AEA,EN,Towers with Radar,96,179,61,15,351,1,2,10,0,13,97,181,71,15,364,18,14,32,396
12/06/2000,SYR,NY,AEA,EN,Towers with Radar,96,154,47,14,311,1,2,15,1,19,97,156,62,15,330,2,46,48,378
12/07/2000,SYR,NY,AEA,EN,Towers with Radar,94,170,50,13,327,1,2,2,0,5,95,172,52,13,332,16,14,30,362
12/08/2000,SYR,NY,AEA,EN,Towers with Radar,88,171,49,19,327,1,1,2,3,7,89,172,51,22,334,30,20,50,384
12/09/2000,SYR,NY,AEA,EN,Towers with Radar,82,92,28,10,212,2,0,81,4,87,84,92,109,14,299,88,20,108,407
12/10/2000,SYR,NY,AEA,EN,Towers with Radar,70,96,19,27,212,1,0,18,1,20,71,96,37,28,232,26,60,86,318
12/11/2000,SYR,NY,AEA,EN,Towers with Radar,76,145,37,32,290,1,4,4,0,9,77,149,41,32,299,44,42,86,385
12/12/2000,SYR,NY,AEA,EN,Towers with Radar,72,115,34,7,228,1,0,1,0,2,73,115,35,7,230,0,12,12,242
12/13/2000,SYR,NY,AEA,EN,Towers with Radar,88,169,41,31,329,2,6,36,2,46,90,175,77,33,375,42,40,82,457
12/14/2000,SYR,NY,AEA,EN,Towers with Radar,94,128,44,7,273,0,1,7,0,8,94,129,51,7,281,0,8,8,289
12/15/2000,SYR,NY,AEA,EN,Towers with Radar,98,177,61,2,338,0,5,53,0,58,98,182,114,2,396,96,10,106,502
12/16/2000,SYR,NY,AEA,EN,Towers with Radar,56,108,18,0,182,0,0,5,0,5,56,108,23,0,187,26,0,26,213
12/17/2000,SYR,NY,AEA,EN,Towers with Radar,65,52,7,0,124,0,0,1,0,1,65,52,8,0,125,14,0,14,139
12/18/2000,SYR,NY,AEA,EN,Towers with Radar,89,148,49,32,318,0,3,12,0,15,89,151,61,32,333,44,38,82,415
12/19/2000,SYR,NY,AEA,EN,Towers with Radar,69,137,44,1,251,0,5,4,0,9,69,142,48,1,260,8,0,8,268
12/20/2000,SYR,NY,AEA,EN,Towers with Radar,81,132,39,5,257,0,0,2,0,2,81,132,41,5,259,4,0,4,263
12/21/2000,SYR,NY,AEA,EN,Towers with Radar,101,175,34,21,331,0,7,28,2,37,101,182,62,23,368,64,26,90,458
12/22/2000,SYR,NY,AEA,EN,Towers with Radar,111,175,29,28,343,0,2,9,0,11,111,177,38,28,354,66,28,94,448
12/23/2000,SYR,NY,AEA,EN,Towers with Radar,96,107,29,0,232,0,0,3,0,3,96,107,32,0,235,2,0,2,237
12/24/2000,SYR,NY,AEA,EN,Towers with Radar,68,65,9,1,143,0,0,3,0,3,68,65,12,1,146,42,0,42,188
12/25/2000,SYR,NY,AEA,EN,Towers with Radar,60,69,12,0,141,0,0,3,0,3,60,69,15,0,144,10,0,10,154
12/26/2000,SYR,NY,AEA,EN,Towers with Radar,78,132,34,11,255,0,13,1,3,17,78,145,35,14,272,40,12,52,324
12/27/2000,SYR,NY,AEA,EN,Towers with Radar,94,158,33,1,286,0,1,1,0,2,94,159,34,1,288,2,0,2,290
12/28/2000,SYR,NY,AEA,EN,Towers with Radar,94,145,38,12,289,0,0,6,6,12,94,145,44,18,301,4,20,24,325
12/29/2000,SYR,NY,AEA,EN,Towers with Radar,95,158,24,1,278,0,1,21,0,22,95,159,45,1,300,50,6,56,356
12/30/2000,SYR,NY,AEA,EN,Towers with Radar,70,49,19,0,138,0,0,1,0,1,70,49,20,0,139,52,0,52,191
12/31/2000,SYR,NY,AEA,EN,Towers with Radar,68,52,4,2,126,0,0,0,0,0,68,52,4,2,126,2,0,2,128
01/01/2001,SYR,NY,AEA,EN,Towers with Radar,66,70,8,0,144,1,0,1,0,2,67,70,9,0,146,50,0,50,196
01/02/2001,SYR,NY,AEA,EN,Towers with Radar,76,137,34,13,260,1,1,13,0,15,77,138,47,13,275,6,12,18,293
01/03/2001,SYR,NY,AEA,EN,Towers with Radar,104,187,68,39,398,1,2,52,2,57,105,189,120,41,455,53,30,83,538
01/04/2001,SYR,NY,AEA,EN,Towers with Radar,91,175,35,3,304,1,0,7,0,8,92,175,42,3,312,10,0,10,322
01/05/2001,SYR,NY,AEA,EN,Towers with Radar,90,154,28,5,277,1,1,0,0,2,91,155,28,5,279,34,8,42,321
01/06/2001,SYR,NY,AEA,EN,Towers with Radar,80,86,18,2,186,1,0,8,0,9,81,86,26,2,195,84,0,84,279
01/07/2001,SYR,NY,AEA,EN,Towers with Radar,76,93,36,3,208,0,0,17,0,17,76,93,53,3,225,80,0,80,305
01/08/2001,SYR,NY,AEA,EN,Towers with Radar,76,157,40,22,295,0,2,6,0,8,76,159,46,22,303,56,16,72,375
01/09/2001,SYR,NY,AEA,EN,Towers with Radar,71,154,42,29,296,0,1,4,1,6,71,155,46,30,302,52,6,58,360
01/10/2001,SYR,NY,AEA,EN,Towers with Radar,97,177,68,36,378,0,3,25,1,29,97,180,93,37,407,76,32,108,515
01/11/2001,SYR,NY,AEA,EN,Towers with Radar,94,173,61,40,368,0,10,9,3,22,94,183,70,43,390,76,34,110,500
01/12/2001,SYR,NY,AEA,EN,Towers with Radar,96,163,36,4,299,3,7,60,0,70,99,170,96,4,369,86,6,92,461
01/13/2001,SYR,NY,AEA,EN,Towers with Radar,86,88,39,2,215,0,4,87,4,95,86,92,126,6,310,102,2,104,414
01/14/2001,SYR,NY,AEA,EN,Towers with Radar,68,93,39,0,200,0,0,11,0,11,68,93,50,0,211,8,0,8,219
01/15/2001,SYR,NY,AEA,EN,Towers with Radar,81,158,46,1,286,0,1,9,0,10,81,159,55,1,296,104,0,104,400
01/16/2001,SYR,NY,AEA,EN,Towers with Radar,97,168,44,31,340,0,1,7,2,10,97,169,51,33,350,62,56,118,468
01/17/2001,SYR,NY,AEA,EN,Towers with Radar,96,179,62,25,362,0,2,9,2,13,96,181,71,27,375,74,26,100,475
01/18/2001,SYR,NY,AEA,EN,Towers with Radar,98,168,46,34,346,0,2,38,1,41,98,170,84,35,387,80,34,114,501
01/19/2001,SYR,NY,AEA,EN,Towers with Radar,92,164,41,2,299,0,3,1,0,4,92,167,42,2,303,48,0,48,351
01/20/2001,SYR,NY,AEA,EN,Towers with Radar,91,94,52,46,283,0,0,19,3,22,91,94,71,49,305,22,36,58,363
01/21/2001,SYR,NY,AEA,EN,Towers with Radar,56,81,28,12,177,16,0,4,7,27,72,81,32,19,204,8,44,52,256
01/22/2001,SYR,NY,AEA,EN,Towers with Radar,82,163,49,57,351,1,4,32,2,39,83,167,81,59,390,60,62,122,512
01/23/2001,SYR,NY,AEA,EN,Towers with Radar,95,181,46,35,357,0,7,40,3,50,95,188,86,38,407,86,74,160,567
01/24/2001,SYR,NY,AEA,EN,Towers with Radar,96,205,88,48,437,0,7,32,0,39,96,212,120,48,476,92,66,158,634
01/25/2001,SYR,NY,AEA,EN,Towers with Radar,94,187,48,30,359,0,3,13,2,18,94,190,61,32,377,58,44,102,479
01/26/2001,SYR,NY,AEA,EN,Towers with Radar,88,179,27,1,295,0,3,59,0,62,88,182,86,1,357,58,0,58,415
01/27/2001,SYR,NY,AEA,EN,Towers with Radar,81,84,14,0,179,0,0,0,0,0,81,84,14,0,179,10,0,10,189
01/28/2001,SYR,NY,AEA,EN,Towers with Radar,61,93,44,1,199,0,0,21,0,21,61,93,65,1,220,76,0,76,296
01/29/2001,SYR,NY,AEA,EN,Towers with Radar,72,163,58,15,308,0,4,67,9,80,72,167,125,24,388,50,42,92,480
01/30/2001,SYR,NY,AEA,EN,Towers with Radar,78,147,30,2,257,0,0,0,0,0,78,147,30,2,257,30,0,30,287
01/31/2001,SYR,NY,AEA,EN,Towers with Radar,68,153,44,20,285,0,17,0,10,27,68,170,44,30,312,4,12,16,328
02/01/2001,SYR,NY,AEA,EN,Towers with Radar,91,176,62,47,376,1,0,17,3,21,92,176,79,50,397,24,84,108,505
02/02/2001,SYR,NY,AEA,EN,Towers with Radar,86,173,50,7,316,1,0,7,0,8,87,173,57,7,324,70,0,70,394
02/03/2001,SYR,NY,AEA,EN,Towers with Radar,80,89,22,0,191,1,0,20,0,21,81,89,42,0,212,94,0,94,306
02/04/2001,SYR,NY,AEA,EN,Towers with Radar,67,85,44,2,198,1,0,41,0,42,68,85,85,2,240,80,0,80,320
02/05/2001,SYR,NY,AEA,EN,Towers with Radar,94,161,48,5,308,1,2,27,0,30,95,163,75,5,338,36,0,36,374
02/06/2001,SYR,NY,AEA,EN,Towers with Radar,97,168,53,10,328,1,5,13,2,21,98,173,66,12,349,64,6,70,419
02/07/2001,SYR,NY,AEA,EN,Towers with Radar,77,166,49,18,310,2,0,22,0,24,79,166,71,18,334,32,28,60,394
02/08/2001,SYR,NY,AEA,EN,Towers with Radar,88,150,34,5,277,1,0,2,0,3,89,150,36,5,280,0,0,0,280
02/09/2001,SYR,NY,AEA,EN,Towers with Radar,91,195,37,5,328,0,19,0,0,19,91,214,37,5,347,42,54,96,443
02/10/2001,SYR,NY,AEA,EN,Towers with Radar,81,83,5,7,176,1,0,1,0,2,82,83,6,7,178,17,8,25,203
02/11/2001,SYR,NY,AEA,EN,Towers with Radar,68,88,28,17,201,1,0,34,0,35,69,88,62,17,236,50,18,68,304
02/12/2001,SYR,NY,AEA,EN,Towers with Radar,71,188,49,22,330,1,5,38,1,45,72,193,87,23,375,60,62,122,497
02/13/2001,SYR,NY,AEA,EN,Towers with Radar,91,202,92,26,411,1,4,59,6,70,92,206,151,32,481,106,70,176,657
02/14/2001,SYR,NY,AEA,EN,Towers with Radar,91,163,45,7,306,1,19,2,0,22,92,182,47,7,328,110,44,154,482
02/15/2001,SYR,NY,AEA,EN,Towers with Radar,95,204,86,33,418,1,2,34,0,37,96,206,120,33,455,84,54,138,593
02/16/2001,SYR,NY,AEA,EN,Towers with Radar,95,163,34,6,298,1,1,23,0,25,96,164,57,6,323,86,0,86,409
02/17/2001,SYR,NY,AEA,EN,Towers with Radar,89,99,15,1,204,1,0,2,1,4,90,99,17,2,208,22,4,26,234
02/18/2001,SYR,NY,AEA,EN,Towers with Radar,73,90,25,3,191,2,0,20,0,22,75,90,45,3,213,70,0,70,283
02/19/2001,SYR,NY,AEA,EN,Towers with Radar,69,162,38,5,274,1,4,27,0,32,70,166,65,5,306,72,0,72,378
02/20/2001,SYR,NY,AEA,EN,Towers with Radar,95,184,78,46,403,0,4,38,2,44,95,188,116,48,447,84,60,144,591
02/21/2001,SYR,NY,AEA,EN,Towers with Radar,92,181,24,30,327,0,0,6,0,6,92,181,30,30,333,66,60,126,459
02/22/2001,SYR,NY,AEA,EN,Towers with Radar,91,174,34,25,324,0,2,15,0,17,91,176,49,25,341,34,32,66,407
02/23/2001,SYR,NY,AEA,EN,Towers with Radar,91,175,43,22,331,0,1,1,0,2,91,176,44,22,333,6,14,20,353
02/24/2001,SYR,NY,AEA,EN,Towers with Radar,87,101,29,1,218,0,8,49,0,57,87,109,78,1,275,88,0,88,363
02/25/2001,SYR,NY,AEA,EN,Towers with Radar,78,72,16,3,169,0,0,3,0,3,78,72,19,3,172,18,0,18,190
02/26/2001,SYR,NY,AEA,EN,Towers with Radar,78,172,26,22,298,0,1,8,1,10,78,173,34,23,308,22,32,54,362
02/27/2001,SYR,NY,AEA,EN,Towers with Radar,92,194,62,36,384,0,3,3,3,9,92,197,65,39,393,72,44,116,509
02/28/2001,SYR,NY,AEA,EN,Towers with Radar,93,179,62,27,361,0,0,17,2,19,93,179,79,29,380,22,14,36,416
03/01/2001,SYR,NY,AEA,EN,Towers with Radar,91,168,55,10,324,0,0,3,0,3,91,168,58,10,327,10,0,10,337
03/02/2001,SYR,NY,AEA,EN,Towers with Radar,93,183,44,0,320,0,0,4,0,4,93,183,48,0,324,44,0,44,368
03/03/2001,SYR,NY,AEA,EN,Towers with Radar,78,80,19,1,178,0,0,20,0,20,78,80,39,1,198,62,0,62,260
03/04/2001,SYR,NY,AEA,EN,Towers with Radar,65,78,45,2,190,0,0,30,0,30,65,78,75,2,220,84,0,84,304
03/05/2001,SYR,NY,AEA,EN,Towers with Radar,62,43,9,3,117,0,0,0,0,0,62,43,9,3,117,2,0,2,119
03/06/2001,SYR,NY,AEA,EN,Towers with Radar,59,56,28,0,143,0,0,2,0,2,59,56,30,0,145,12,0,12,157
03/07/2001,SYR,NY,AEA,EN,Towers with Radar,88,187,60,20,355,0,8,60,8,76,88,195,120,28,431,80,40,120,551
03/08/2001,SYR,NY,AEA,EN,Towers with Radar,89,175,71,20,355,0,2,31,3,36,89,177,102,23,391,66,40,106,497
03/09/2001,SYR,NY,AEA,EN,Towers with Radar,98,168,32,5,303,0,0,0,0,0,98,168,32,5,303,0,0,0,303
03/10/2001,SYR,NY,AEA,EN,Towers with Radar,85,95,40,76,296,0,6,23,3,32,85,101,63,79,328,72,82,154,482
03/11/2001,SYR,NY,AEA,EN,Towers with Radar,63,92,12,1,168,0,0,0,0,0,63,92,12,1,168,8,8,16,184
03/12/2001,SYR,NY,AEA,EN,Towers with Radar,37,89,57,42,225,0,2,40,0,42,37,91,97,42,267,82,64,146,413
03/13/2001,SYR,NY,AEA,EN,Towers with Radar,92,178,68,28,366,0,13,1,0,14,92,191,69,28,380,42,40,82,462
03/14/2001,SYR,NY,AEA,EN,Towers with Radar,92,179,82,28,381,0,1,8,1,10,92,180,90,29,391,36,26,62,453
03/15/2001,SYR,NY,AEA,EN,Towers with Radar,95,197,46,24,362,3,5,32,6,46,98,202,78,30,408,66,68,134,542
03/16/2001,SYR,NY,AEA,EN,Towers with Radar,91,186,91,7,375,0,4,32,0,36,91,190,123,7,411,66,2,68,479
03/17/2001,SYR,NY,AEA,EN,Towers with Radar,81,87,25,0,193,0,0,6,0,6,81,87,31,0,199,34,0,34,233
03/18/2001,SYR,NY,AEA,EN,Towers with Radar,78,94,30,0,202,0,0,38,1,39,78,94,68,1,241,68,0,68,309
03/19/2001,SYR,NY,AEA,EN,Towers with Radar,73,167,39,9,288,1,2,55,7,65,74,169,94,16,353,56,42,98,451
03/20/2001,SYR,NY,AEA,EN,Towers with Radar,88,182,64,5,339,2,5,65,3,75,90,187,129,8,414,60,18,78,492
03/21/2001,SYR,NY,AEA,EN,Towers with Radar,96,169,48,16,329,0,1,14,0,15,96,170,62,16,344,50,32,82,426
03/22/2001,SYR,NY,AEA,EN,Towers with Radar,52,131,51,14,248,0,0,0,0,0,52,131,51,14,248,2,20,22,270
03/23/2001,SYR,NY,AEA,EN,Towers with Radar,91,196,55,35,377,0,4,19,1,24,91,200,74,36,401,38,42,80,481
03/24/2001,SYR,NY,AEA,EN,Towers with Radar,81,88,28,2,199,0,0,5,0,5,81,88,33,2,204,30,0,30,234
03/25/2001,SYR,NY,AEA,EN,Towers with Radar,69,90,34,2,195,0,0,9,0,9,69,90,43,2,204,40,0,40,244
03/26/2001,SYR,NY,AEA,EN,Towers with Radar,75,151,46,7,279,0,4,5,1,10,75,155,51,8,289,38,18,56,345
03/27/2001,SYR,NY,AEA,EN,Towers with Radar,94,175,124,45,438,0,4,4,7,15,94,179,128,52,453,58,24,82,535
03/28/2001,SYR,NY,AEA,EN,Towers with Radar,91,190,75,15,371,0,1,24,1,26,91,191,99,16,397,8,16,24,421
03/29/2001,SYR,NY,AEA,EN,Towers with Radar,90,168,63,24,345,0,7,56,1,64,90,175,119,25,409,116,36,152,561
03/30/2001,SYR,NY,AEA,EN,Towers with Radar,88,163,27,1,279,0,0,1,0,1,88,163,28,1,280,20,0,20,300
03/31/2001,SYR,NY,AEA,EN,Towers with Radar,81,88,27,0,196,0,0,21,0,21,81,88,48,0,217,62,0,62,279
04/01/2001,SYR,NY,AEA,EN,Towers with Radar,64,87,29,2,182,0,1,8,1,10,64,88,37,3,192,76,0,76,268
04/02/2001,SYR,NY,AEA,EN,Towers with Radar,73,164,52,21,310,0,9,12,0,21,73,173,64,21,331,26,30,56,387
04/03/2001,SYR,NY,AEA,EN,Towers with Radar,90,170,67,21,348,0,5,38,1,44,90,175,105,22,392,40,30,70,462
04/04/2001,SYR,NY,AEA,EN,Towers with Radar,96,160,63,25,344,0,7,106,2,115,96,167,169,27,459,96,48,144,603
04/05/2001,SYR,NY,AEA,EN,Towers with Radar,96,166,56,19,337,0,8,89,2,99,96,174,145,21,436,50,28,78,514
04/06/2001,SYR,NY,AEA,EN,Towers with Radar,89,161,69,15,334,0,3,12,1,16,89,164,81,16,350,14,22,36,386
04/07/2001,SYR,NY,AEA,EN,Towers with Radar,83,83,30,26,222,0,1,8,4,13,83,84,38,30,235,20,48,68,303
04/08/2001,SYR,NY,AEA,EN,Towers with Radar,72,76,49,42,239,0,1,42,1,44,72,77,91,43,283,44,64,108,391
04/09/2001,SYR,NY,AEA,EN,Towers with Radar,78,171,33,17,299,0,8,39,1,48,78,179,72,18,347,46,56,102,449
04/10/2001,SYR,NY,AEA,EN,Towers with Radar,91,182,46,16,335,0,5,57,4,66,91,187,103,20,401,48,28,76,477
04/11/2001,SYR,NY,AEA,EN,Towers with Radar,93,173,51,29,346,0,5,36,1,42,93,178,87,30,388,86,30,116,504
04/12/2001,SYR,NY,AEA,EN,Towers with Radar,96,150,63,16,325,0,3,10,1,14,96,153,73,17,339,50,20,70,409
04/13/2001,SYR,NY,AEA,EN,Towers with Radar,97,153,46,4,300,0,4,23,2,29,97,157,69,6,329,64,0,64,393
04/14/2001,SYR,NY,AEA,EN,Towers with Radar,60,89,34,3,186,12,0,105,0,117,72,89,139,3,303,82,0,82,385
04/15/2001,SYR,NY,AEA,EN,Towers with Radar,88,83,28,0,199,1,4,27,0,32,89,87,55,0,231,38,0,38,269
04/16/2001,SYR,NY,AEA,EN,Towers with Radar,78,157,39,18,292,0,6,48,4,58,78,163,87,22,350,38,32,70,420
04/17/2001,SYR,NY,AEA,EN,Towers with Radar,93,165,64,13,335,0,2,25,2,29,93,167,89,15,364,56,42,98,462
04/18/2001,SYR,NY,AEA,EN,Towers with Radar,97,168,25,11,301,0,3,31,4,38,97,171,56,15,339,38,24,62,401
04/19/2001,SYR,NY,AEA,EN,Towers with Radar,91,154,81,31,357,3,3,78,6,90,94,157,159,37,447,52,98,150,597
04/20/2001,SYR,NY,AEA,EN,Towers with Radar,97,166,55,19,337,0,2,48,7,57,97,168,103,26,394,80,44,124,518
04/21/2001,SYR,NY,AEA,EN,Towers with Radar,83,85,48,1,217,0,7,18,5,30,83,92,66,6,247,38,2,40,287
04/22/2001,SYR,NY,AEA,EN,Towers with Radar,75,90,24,1,190,2,0,37,1,40,77,90,61,2,230,62,0,62,292
04/23/2001,SYR,NY,AEA,EN,Towers with Radar,58,149,30,25,262,0,4,62,4,70,58,153,92,29,332,110,22,132,464
04/24/2001,SYR,NY,AEA,EN,Towers with Radar,71,146,40,34,291,0,7,15,2,24,71,153,55,36,315,52,68,120,435
04/25/2001,SYR,NY,AEA,EN,Towers with Radar,95,158,96,31,380,0,8,82,6,96,95,166,178,37,476,60,52,112,588
04/26/2001,SYR,NY,AEA,EN,Towers with Radar,95,154,54,24,327,2,9,64,6,81,97,163,118,30,408,60,32,92,500
04/27/2001,SYR,NY,AEA,EN,Towers with Radar,93,173,43,7,316,1,8,61,11,81,94,181,104,18,397,60,22,82,479
04/28/2001,SYR,NY,AEA,EN,Towers with Radar,83,92,18,44,237,1,2,57,5,65,84,94,75,49,302,138,128,266,568
04/29/2001,SYR,NY,AEA,EN,Towers with Radar,49,74,18,14,155,3,5,92,2,102,52,79,110,16,257,90,70,160,417
04/30/2001,SYR,NY,AEA,EN,Towers with Radar,73,137,26,6,242,2,3,69,2,76,75,140,95,8,318,50,8,58,376
05/01/2001,SYR,NY,AEA,EN,Towers with Radar,92,159,38,11,300,1,7,65,2,75,93,166,103,13,375,126,46,172,547
05/02/2001,SYR,NY,AEA,EN,Towers with Radar,97,158,60,13,328,0,6,93,4,103,97,164,153,17,431,70,36,106,537
05/03/2001,SYR,NY,AEA,EN,Towers with Radar,96,168,53,12,329,0,1,54,2,57,96,169,107,14,386,50,20,70,456
05/04/2001,SYR,NY,AEA,EN,Towers with Radar,93,161,38,6,298,0,9,66,0,75,93,170,104,6,373,60,0,60,433
05/05/2001,SYR,NY,AEA,EN,Towers with Radar,84,86,34,0,204,0,0,55,10,65,84,86,89,10,269,44,2,46,315
05/06/2001,SYR,NY,AEA,EN,Towers with Radar,73,81,37,4,195,0,0,67,0,67,73,81,104,4,262,58,0,58,320
05/07/2001,SYR,NY,AEA,EN,Towers with Radar,72,149,54,24,299,2,6,81,3,92,74,155,135,27,391,92,44,136,527
05/08/2001,SYR,NY,AEA,EN,Towers with Radar,109,158,55,20,342,0,5,80,2,87,109,163,135,22,429,78,50,128,557
05/09/2001,SYR,NY,AEA,EN,Towers with Radar,99,153,61,23,336,0,5,61,2,68,99,158,122,25,404,72,40,112,516
05/10/2001,SYR,NY,AEA,EN,Towers with Radar,98,163,83,28,372,0,8,66,2,76,98,171,149,30,448,90,56,146,594
05/11/2001,SYR,NY,AEA,EN,Towers with Radar,100,174,43,3,320,1,4,53,1,59,101,178,96,4,379,92,6,98,477
05/12/2001,SYR,NY,AEA,EN,Towers with Radar,88,88,27,15,218,0,0,1,0,1,88,88,28,15,219,6,0,6,225
05/13/2001,SYR,NY,AEA,EN,Towers with Radar,78,81,21,3,183,1,0,46,0,47,79,81,67,3,230,50,6,56,286
05/14/2001,SYR,NY,AEA,EN,Towers with Radar,80,144,44,21,289,0,5,57,6,68,80,149,101,27,357,130,42,172,529
05/15/2001,SYR,NY,AEA,EN,Towers with Radar,95,157,67,26,345,2,7,121,7,137,97,164,188,33,482,84,62,146,628
05/16/2001,SYR,NY,AEA,EN,Towers with Radar,104,145,73,14,336,2,6,56,13,77,106,151,129,27,413,72,66,138,551
05/17/2001,SYR,NY,AEA,EN,Towers with Radar,99,153,69,19,340,1,4,44,7,56,100,157,113,26,396,94,48,142,538
05/18/2001,SYR,NY,AEA,EN,Towers with Radar,98,157,49,25,329,0,3,22,0,25,98,160,71,25,354,24,38,62,416
05/19/2001,SYR,NY,AEA,EN,Towers with Radar,95,85,64,4,248,0,1,73,4,78,95,86,137,8,326,94,16,110,436
05/20/2001,SYR,NY,AEA,EN,Towers with Radar,77,86,48,0,211,0,1,59,2,62,77,87,107,2,273,78,0,78,351
05/21/2001,SYR,NY,AEA,EN,Towers with Radar,81,122,43,45,291,1,5,22,1,29,82,127,65,46,320,44,66,110,430
05/22/2001,SYR,NY,AEA,EN,Towers with Radar,95,152,56,22,325,0,0,3,0,3,95,152,59,22,328,70,16,86,414
05/23/2001,SYR,NY,AEA,EN,Towers with Radar,96,148,73,21,338,0,3,15,0,18,96,151,88,21,356,58,12,70,426
05/24/2001,SYR,NY,AEA,EN,Towers with Radar,104,151,58,20,333,0,2,22,3,27,104,153,80,23,360,64,40,104,464
05/25/2001,SYR,NY,AEA,EN,Towers with Radar,101,144,38,6,289,0,6,28,0,34,101,150,66,6,323,74,8,82,405
05/26/2001,SYR,NY,AEA,EN,Towers with Radar,85,78,26,2,191,0,0,31,0,31,85,78,57,2,222,54,0,54,276
05/27/2001,SYR,NY,AEA,EN,Towers with Radar,57,63,20,0,140,0,1,13,0,14,57,64,33,0,154,66,0,66,220
05/28/2001,SYR,NY,AEA,EN,Towers with Radar,72,85,23,11,191,0,0,21,9,30,72,85,44,20,221,28,42,70,291
05/29/2001,SYR,NY,AEA,EN,Towers with Radar,82,141,57,24,304,0,1,23,2,26,82,142,80,26,330,64,38,102,432
05/30/2001,SYR,NY,AEA,EN,Towers with Radar,103,152,64,8,327,0,6,38,2,46,103,158,102,10,373,62,30,92,465
05/31/2001,SYR,NY,AEA,EN,Towers with Radar,100,149,49,10,308,1,10,90,4,105,101,159,139,14,413,86,36,122,535
06/01/2001,SYR,NY,AEA,EN,Towers with Radar,101,155,62,16,334,0,6,53,4,63,101,161,115,20,397,90,42,132,529
06/02/2001,SYR,NY,AEA,EN,Towers with Radar,90,71,47,13,221,0,3,23,0,26,90,74,70,13,247,56,0,56,303
06/03/2001,SYR,NY,AEA,EN,Towers with Radar,75,72,16,3,166,0,0,6,0,6,75,72,22,3,172,20,0,20,192
06/04/2001,SYR,NY,AEA,EN,Towers with Radar,73,119,47,39,278,0,3,31,4,38,73,122,78,43,316,42,42,84,400
06/05/2001,SYR,NY,AEA,EN,Towers with Radar,79,126,84,24,313,0,3,57,0,60,79,129,141,24,373,80,30,110,483
06/06/2001,SYR,NY,AEA,EN,Towers with Radar,80,122,44,25,271,0,6,61,7,74,80,128,105,32,345,68,44,112,457
06/07/2001,SYR,NY,AEA,EN,Towers with Radar,98,144,58,27,327,0,10,88,2,100,98,154,146,29,427,76,64,140,567
06/08/2001,SYR,NY,AEA,EN,Towers with Radar,85,133,59,24,301,0,4,92,8,104,85,137,151,32,405,106,28,134,539
06/09/2001,SYR,NY,AEA,EN,Towers with Radar,88,77,70,27,262,0,1,90,3,94,88,78,160,30,356,100,52,152,508
06/10/2001,SYR,NY,AEA,EN,Towers with Radar,74,72,38,12,196,1,0,63,2,66,75,72,101,14,262,86,44,130,392
06/11/2001,SYR,NY,AEA,EN,Towers with Radar,84,124,52,36,296,1,0,8,1,10,85,124,60,37,306,56,24,80,386
06/12/2001,SYR,NY,AEA,EN,Towers with Radar,94,163,97,33,387,1,1,59,11,72,95,164,156,44,459,82,46,128,587
06/13/2001,SYR,NY,AEA,EN,Towers with Radar,88,146,81,40,355,1,9,62,38,110,89,155,143,78,465,182,129,311,776
06/14/2001,SYR,NY,AEA,EN,Towers with Radar,83,148,45,11,287,2,6,56,12,76,85,154,101,23,363,134,110,244,607
06/15/2001,SYR,NY,AEA,EN,Towers with Radar,79,139,130,62,410,1,1,62,62,126,80,140,192,124,536,122,102,224,760
06/16/2001,SYR,NY,AEA,EN,Towers with Radar,86,59,13,10,168,0,1,9,0,10,86,60,22,10,178,60,20,80,258
06/17/2001,SYR,NY,AEA,EN,Towers with Radar,78,59,17,19,173,0,1,23,0,24,78,60,40,19,197,66,38,104,301
06/18/2001,SYR,NY,AEA,EN,Towers with Radar,82,132,54,30,298,0,10,75,7,92,82,142,129,37,390,30,28,58,448
06/19/2001,SYR,NY,AEA,EN,Towers with Radar,93,151,60,19,323,2,12,52,5,71,95,163,112,24,394,44,64,108,502
06/20/2001,SYR,NY,AEA,EN,Towers with Radar,118,138,60,19,335,1,8,50,0,59,119,146,110,19,394,44,34,78,472
06/21/2001,SYR,NY,AEA,EN,Towers with Radar,95,146,72,13,326,0,1,25,7,33,95,147,97,20,359,24,26,50,409
06/22/2001,SYR,NY,AEA,EN,Towers with Radar,106,140,70,13,329,0,2,11,0,13,106,142,81,13,342,20,14,34,376
06/23/2001,SYR,NY,AEA,EN,Towers with Radar,86,63,28,0,177,0,0,1,0,1,86,63,29,0,178,6,0,6,184
06/24/2001,SYR,NY,AEA,EN,Towers with Radar,82,81,35,10,208,0,0,39,1,40,82,81,74,11,248,80,0,80,328
06/25/2001,SYR,NY,AEA,EN,Towers with Radar,75,125,70,30,300,2,5,60,5,72,77,130,130,35,372,72,36,108,480
06/26/2001,SYR,NY,AEA,EN,Towers with Radar,95,159,37,13,304,0,7,91,7,105,95,166,128,20,409,56,46,102,511
06/27/2001,SYR,NY,AEA,EN,Towers with Radar,131,147,31,21,330,0,7,86,1,94,131,154,117,22,424,124,62,186,610
06/28/2001,SYR,NY,AEA,EN,Towers with Radar,120,158,71,29,378,7,13,20,26,66,127,171,91,55,444,76,40,116,560
06/29/2001,SYR,NY,AEA,EN,Towers with Radar,95,139,55,5,294,0,3,52,0,55,95,142,107,5,349,52,10,62,411
06/30/2001,SYR,NY,AEA,EN,Towers with Radar,90,76,16,4,186,0,0,19,0,19,90,76,35,4,205,14,2,16,221
07/01/2001,SYR,NY,AEA,EN,Towers with Radar,72,55,14,3,144,1,1,11,0,13,73,56,25,3,157,4,10,14,171
07/02/2001,SYR,NY,AEA,EN,Towers with Radar,115,150,39,18,322,1,8,63,1,73,116,158,102,19,395,50,52,102,497
07/03/2001,SYR,NY,AEA,EN,Towers with Radar,92,146,43,25,306,2,5,67,0,74,94,151,110,25,380,96,60,156,536
07/04/2001,SYR,NY,AEA,EN,Towers with Radar,84,83,19,2,188,1,0,40,0,41,85,83,59,2,229,102,0,102,331
07/05/2001,SYR,NY,AEA,EN,Towers with Radar,85,139,44,2,270,1,3,66,2,72,86,142,110,4,342,88,6,94,436
07/06/2001,SYR,NY,AEA,EN,Towers with Radar,93,152,41,15,301,1,3,56,3,63,94,155,97,18,364,40,0,40,404
07/07/2001,SYR,NY,AEA,EN,Towers with Radar,85,80,49,3,217,1,2,62,12,77,86,82,111,15,294,66,10,76,370
07/08/2001,SYR,NY,AEA,EN,Towers with Radar,75,83,56,41,255,1,0,16,3,20,76,83,72,44,275,80,22,102,377
07/09/2001,SYR,NY,AEA,EN,Towers with Radar,82,137,66,32,317,2,6,71,4,83,84,143,137,36,400,96,48,144,544
07/10/2001,SYR,NY,AEA,EN,Towers with Radar,100,149,54,21,324,2,6,41,3,52,102,155,95,24,376,90,46,136,512
07/11/2001,SYR,NY,AEA,EN,Towers with Radar,92,150,90,48,380,0,12,44,8,64,92,162,134,56,444,64,50,114,558
07/12/2001,SYR,NY,AEA,EN,Towers with Radar,116,172,65,32,385,1,3,29,4,37,117,175,94,36,422,82,58,140,562
07/13/2001,SYR,NY,AEA,EN,Towers with Radar,95,136,32,0,263,1,0,0,0,1,96,136,32,0,264,66,34,100,364
07/14/2001,SYR,NY,AEA,EN,Towers with Radar,91,87,35,12,225,1,5,38,7,51,92,92,73,19,276,74,28,102,378
07/15/2001,SYR,NY,AEA,EN,Towers with Radar,79,78,33,19,209,1,2,52,3,58,80,80,85,22,267,46,52,98,365
07/16/2001,SYR,NY,AEA,EN,Towers with Radar,100,138,40,22,300,0,7,61,3,71,100,145,101,25,371,76,28,104,475
07/17/2001,SYR,NY,AEA,EN,Towers with Radar,113,159,79,29,380,0,1,39,2,42,113,160,118,31,422,26,28,54,476
07/18/2001,SYR,NY,AEA,EN,Towers with Radar,95,158,74,21,348,0,11,73,8,92,95,169,147,29,440,66,52,118,558
07/19/2001,SYR,NY,AEA,EN,Towers with Radar,97,148,82,40,367,0,9,72,7,88,97,157,154,47,455,130,66,196,651
07/20/2001,SYR,NY,AEA,EN,Towers with Radar,97,143,32,19,291,2,8,65,2,77,99,151,97,21,368,134,0,134,502
07/21/2001,SYR,NY,AEA,EN,Towers with Radar,86,72,43,7,208,2,4,76,4,86,88,76,119,11,294,110,6,116,410
07/22/2001,SYR,NY,AEA,EN,Towers with Radar,80,79,25,3,187,0,2,82,1,85,80,81,107,4,272,74,6,80,352
07/23/2001,SYR,NY,AEA,EN,Towers with Radar,81,139,53,23,296,0,6,30,2,38,81,145,83,25,334,24,22,46,380
07/24/2001,SYR,NY,AEA,EN,Towers with Radar,98,139,49,16,302,0,5,19,5,29,98,144,68,21,331,42,24,66,397
07/25/2001,SYR,NY,AEA,EN,Towers with Radar,104,150,66,24,344,0,0,45,4,49,104,150,111,28,393,46,30,76,469
07/26/2001,SYR,NY,AEA,EN,Towers with Radar,103,124,87,18,332,1,4,66,5,76,104,128,153,23,408,62,46,108,516
07/27/2001,SYR,NY,AEA,EN,Towers with Radar,97,146,79,8,330,1,7,96,3,107,98,153,175,11,437,116,40,156,593
07/28/2001,SYR,NY,AEA,EN,Towers with Radar,85,80,54,18,237,0,3,77,1,81,85,83,131,19,318,58,10,68,386
07/29/2001,SYR,NY,AEA,EN,Towers with Radar,79,74,51,2,206,0,1,58,0,59,79,75,109,2,265,18,0,18,283
07/30/2001,SYR,NY,AEA,EN,Towers with Radar,94,146,75,10,325,0,7,72,1,80,94,153,147,11,405,70,54,124,529
07/31/2001,SYR,NY,AEA,EN,Towers with Radar,107,163,56,30,356,3,6,69,2,80,110,169,125,32,436,54,30,84,520
08/01/2001,SYR,NY,AEA,EN,Towers with Radar,125,176,55,21,377,0,7,59,1,67,125,183,114,22,444,82,50,132,576
08/02/2001,SYR,NY,AEA,EN,Towers with Radar,91,153,51,11,306,0,5,37,2,44,91,158,88,13,350,90,30,120,470
08/03/2001,SYR,NY,AEA,EN,Towers with Radar,120,160,85,7,372,1,1,29,0,31,121,161,114,7,403,36,0,36,439
08/04/2001,SYR,NY,AEA,EN,Towers with Radar,85,73,76,0,234,0,1,35,0,36,85,74,111,0,270,26,0,26,296
08/05/2001,SYR,NY,AEA,EN,Towers with Radar,84,81,46,8,219,0,1,57,0,58,84,82,103,8,277,10,0,10,287
08/06/2001,SYR,NY,AEA,EN,Towers with Radar,103,153,18,12,286,1,5,56,0,62,104,158,74,12,348,40,28,68,416
08/07/2001,SYR,NY,AEA,EN,Towers with Radar,109,172,51,28,360,0,0,70,2,72,109,172,121,30,432,30,38,68,500
08/08/2001,SYR,NY,AEA,EN,Towers with Radar,101,152,47,12,312,0,7,35,0,42,101,159,82,12,354,50,22,72,426
08/09/2001,SYR,NY,AEA,EN,Towers with Radar,99,146,48,12,305,0,2,25,5,32,99,148,73,17,337,8,12,20,357
08/10/2001,SYR,NY,AEA,EN,Towers with Radar,108,148,77,21,354,2,3,36,3,44,110,151,113,24,398,28,30,58,456
08/11/2001,SYR,NY,AEA,EN,Towers with Radar,83,78,34,26,221,0,5,72,4,81,83,83,106,30,302,32,62,94,396
08/12/2001,SYR,NY,AEA,EN,Towers with Radar,77,80,49,7,213,0,0,41,2,43,77,80,90,9,256,32,10,42,298
08/13/2001,SYR,NY,AEA,EN,Towers with Radar,96,135,42,8,281,0,2,40,5,47,96,137,82,13,328,32,22,54,382
08/14/2001,SYR,NY,AEA,EN,Towers with Radar,120,164,84,13,381,1,2,78,5,86,121,166,162,18,467,54,32,86,553
08/15/2001,SYR,NY,AEA,EN,Towers with Radar,118,147,54,6,325,0,6,99,17,122,118,153,153,23,447,60,42,102,549
08/16/2001,SYR,NY,AEA,EN,Towers with Radar,124,172,55,12,363,0,0,36,7,43,124,172,91,19,406,24,24,48,454
08/17/2001,SYR,NY,AEA,EN,Towers with Radar,101,150,55,5,311,0,1,25,0,26,101,151,80,5,337,18,4,22,359
08/18/2001,SYR,NY,AEA,EN,Towers with Radar,87,80,57,1,225,0,2,50,0,52,87,82,107,1,277,64,0,64,341
08/19/2001,SYR,NY,AEA,EN,Towers with Radar,77,86,16,1,180,0,0,32,0,32,77,86,48,1,212,44,0,44,256
08/20/2001,SYR,NY,AEA,EN,Towers with Radar,98,131,46,20,295,0,1,32,1,34,98,132,78,21,329,38,4,42,371
08/21/2001,SYR,NY,AEA,EN,Towers with Radar,114,151,67,15,347,1,6,43,0,50,115,157,110,15,397,90,28,118,515
08/22/2001,SYR,NY,AEA,EN,Towers with Radar,98,155,71,19,343,1,7,70,2,80,99,162,141,21,423,46,8,54,477
08/23/2001,SYR,NY,AEA,EN,Towers with Radar,95,147,65,8,315,1,4,55,1,61,96,151,120,9,376,160,4,164,540
08/24/2001,SYR,NY,AEA,EN,Towers with Radar,100,144,77,11,332,0,8,78,4,90,100,152,155,15,422,194,2,196,618
08/25/2001,SYR,NY,AEA,EN,Towers with Radar,88,90,42,2,222,1,1,62,1,65,89,91,104,3,287,148,2,150,437
08/26/2001,SYR,NY,AEA,EN,Towers with Radar,78,82,43,7,210,0,0,27,0,27,78,82,70,7,237,142,0,142,379
08/27/2001,SYR,NY,AEA,EN,Towers with Radar,88,128,36,7,259,0,1,30,0,31,88,129,66,7,290,140,4,144,434
08/28/2001,SYR,NY,AEA,EN,Towers with Radar,96,127,38,0,261,1,6,25,0,32,97,133,63,0,293,122,0,122,415
08/29/2001,SYR,NY,AEA,EN,Towers with Radar,97,141,42,36,316,2,9,70,4,85,99,150,112,40,401,129,43,172,573
08/30/2001,SYR,NY,AEA,EN,Towers with Radar,95,146,64,9,314,0,7,59,4,70,95,153,123,13,384,104,14,118,502
08/31/2001,SYR,NY,AEA,EN,Towers with Radar,94,131,48,11,284,0,2,5,0,7,94,133,53,11,291,94,8,102,393
09/01/2001,SYR,NY,AEA,EN,Towers with Radar,82,86,44,7,219,1,0,33,1,35,83,86,77,8,254,86,12,98,352
09/02/2001,SYR,NY,AEA,EN,Towers with Radar,103,116,58,2,279,2,0,67,1,70,105,116,125,3,349,160,6,166,515
09/03/2001,SYR,NY,AEA,EN,Towers with Radar,75,87,49,2,213,2,2,69,0,73,77,89,118,2,286,149,0,149,435
09/04/2001,SYR,NY,AEA,EN,Towers with Radar,107,156,38,10,311,0,4,25,2,31,107,160,63,12,342,56,14,70,412
09/05/2001,SYR,NY,AEA,EN,Towers with Radar,101,165,39,22,327,3,3,69,3,78,104,168,108,25,405,138,28,166,571
09/06/2001,SYR,NY,AEA,EN,Towers with Radar,90,179,29,19,317,1,9,98,5,113,91,188,127,24,430,110,48,158,588
09/07/2001,SYR,NY,AEA,EN,Towers with Radar,85,149,53,18,305,0,17,75,7,99,85,166,128,25,404,76,42,118,522
09/08/2001,SYR,NY,AEA,EN,Towers with Radar,80,95,58,48,281,3,0,57,2,62,83,95,115,50,343,102,64,166,509
09/09/2001,SYR,NY,AEA,EN,Towers with Radar,57,84,27,18,186,1,0,54,1,56,58,84,81,19,242,46,32,78,320
09/10/2001,SYR,NY,AEA,EN,Towers with Radar,81,124,35,22,262,0,3,19,0,22,81,127,54,22,284,52,36,88,372
09/11/2001,SYR,NY,AEA,EN,Towers with Radar,63,68,11,12,154,0,2,10,5,17,63,70,21,17,171,64,22,86,257
09/12/2001,SYR,NY,AEA,EN,Towers with Radar,0,7,2,9,18,0,0,2,1,3,0,7,4,10,21,0,0,0,21
09/13/2001,SYR,NY,AEA,EN,Towers with Radar,7,35,2,2,46,0,0,0,0,0,7,35,2,2,46,0,0,0,46
09/14/2001,SYR,NY,AEA,EN,Towers with Radar,44,82,7,1,134,0,0,0,0,0,44,82,7,1,134,0,0,0,134
09/15/2001,SYR,NY,AEA,EN,Towers with Radar,47,62,26,6,141,0,0,5,4,9,47,62,31,10,150,0,4,4,154
09/16/2001,SYR,NY,AEA,EN,Towers with Radar,41,82,17,3,143,0,0,0,0,0,41,82,17,3,143,0,0,0,143
09/17/2001,SYR,NY,AEA,EN,Towers with Radar,52,135,34,31,252,0,0,1,0,1,52,135,35,31,253,4,24,28,281
09/18/2001,SYR,NY,AEA,EN,Towers with Radar,75,153,34,48,310,0,0,1,5,6,75,153,35,53,316,4,86,90,406
09/19/2001,SYR,NY,AEA,EN,Towers with Radar,83,138,55,25,301,0,0,5,8,13,83,138,60,33,314,14,66,80,394
09/20/2001,SYR,NY,AEA,EN,Towers with Radar,85,148,39,26,298,0,0,2,1,3,85,148,41,27,301,10,48,58,359
09/21/2001,SYR,NY,AEA,EN,Towers with Radar,84,160,52,22,318,0,0,12,3,15,84,160,64,25,333,36,40,76,409
09/22/2001,SYR,NY,AEA,EN,Towers with Radar,60,88,47,4,199,0,0,16,0,16,60,88,63,4,215,10,0,10,225
09/23/2001,SYR,NY,AEA,EN,Towers with Radar,56,94,48,1,199,0,0,0,0,0,56,94,48,1,199,68,0,68,267
09/24/2001,SYR,NY,AEA,EN,Towers with Radar,54,122,34,18,228,0,0,3,0,3,54,122,37,18,231,14,24,38,269
09/25/2001,SYR,NY,AEA,EN,Towers with Radar,72,143,74,11,300,0,2,1,0,3,72,145,75,11,303,18,18,36,339
09/26/2001,SYR,NY,AEA,EN,Towers with Radar,71,139,74,17,301,0,0,38,6,44,71,139,112,23,345,24,40,64,409
09/27/2001,SYR,NY,AEA,EN,Towers with Radar,70,133,40,1,244,0,0,21,3,24,70,133,61,4,268,34,4,38,306
09/28/2001,SYR,NY,AEA,EN,Towers with Radar,72,150,53,6,281,0,0,17,2,19,72,150,70,8,300,72,0,72,372
09/29/2001,SYR,NY,AEA,EN,Towers with Radar,53,81,49,0,183,0,7,65,0,72,53,88,114,0,255,36,0,36,291
09/30/2001,SYR,NY,AEA,EN,Towers with Radar,70,120,70,1,261,0,1,80,0,81,70,121,150,1,342,38,0,38,380
10/01/2001,SYR,NY,AEA,EN,Towers with Radar,49,150,50,35,284,1,2,48,0,51,50,152,98,35,335,96,48,144,479
10/02/2001,SYR,NY,AEA,EN,Towers with Radar,67,155,53,35,310,0,2,51,1,54,67,157,104,36,364,88,24,112,476
10/03/2001,SYR,NY,AEA,EN,Towers with Radar,63,173,56,49,341,0,3,68,2,73,63,176,124,51,414,28,28,56,470
10/04/2001,SYR,NY,AEA,EN,Towers with Radar,60,155,60,35,310,1,6,35,4,46,61,161,95,39,356,42,46,88,444
10/05/2001,SYR,NY,AEA,EN,Towers with Radar,68,155,91,22,336,1,3,18,0,22,69,158,109,22,358,96,34,130,488
10/06/2001,SYR,NY,AEA,EN,Towers with Radar,57,74,18,0,149,0,0,8,0,8,57,74,26,0,157,8,0,8,165
10/07/2001,SYR,NY,AEA,EN,Towers with Radar,41,81,22,0,144,0,0,0,1,1,41,81,22,1,145,2,0,2,147
10/08/2001,SYR,NY,AEA,EN,Towers with Radar,45,132,53,1,231,1,4,37,0,42,46,136,90,1,273,80,0,80,353
10/09/2001,SYR,NY,AEA,EN,Towers with Radar,63,140,72,23,298,0,3,68,2,73,63,143,140,25,371,74,36,110,481
10/10/2001,SYR,NY,AEA,EN,Towers with Radar,65,150,63,52,330,0,7,67,2,76,65,157,130,54,406,42,62,104,510
10/11/2001,SYR,NY,AEA,EN,Towers with Radar,76,173,61,30,340,0,4,88,5,97,76,177,149,35,437,40,44,84,521
10/12/2001,SYR,NY,AEA,EN,Towers with Radar,81,180,85,33,379,0,4,35,3,42,81,184,120,36,421,78,78,156,577
10/13/2001,SYR,NY,AEA,EN,Towers with Radar,60,81,40,11,192,0,4,53,2,59,60,85,93,13,251,68,58,126,377
10/14/2001,SYR,NY,AEA,EN,Towers with Radar,60,89,21,12,182,0,0,6,2,8,60,89,27,14,190,12,42,54,244
10/15/2001,SYR,NY,AEA,EN,Towers with Radar,67,161,51,14,293,0,0,0,0,0,67,161,51,14,293,88,26,114,407
10/16/2001,SYR,NY,AEA,EN,Towers with Radar,63,166,52,10,291,0,3,37,0,40,63,169,89,10,331,74,14,88,419
10/17/2001,SYR,NY,AEA,EN,Towers with Radar,61,153,37,11,262,0,1,2,0,3,61,154,39,11,265,30,12,42,307
10/18/2001,SYR,NY,AEA,EN,Towers with Radar,65,149,33,28,275,0,4,71,2,77,65,153,104,30,352,48,30,78,430
10/19/2001,SYR,NY,AEA,EN,Towers with Radar,65,164,92,11,332,0,11,107,0,118,65,175,199,11,450,140,22,162,612
10/20/2001,SYR,NY,AEA,EN,Towers with Radar,59,87,65,6,217,0,3,65,0,68,59,90,130,6,285,44,0,44,329
10/21/2001,SYR,NY,AEA,EN,Towers with Radar,51,83,37,3,174,0,0,20,0,20,51,83,57,3,194,36,0,36,230
10/22/2001,SYR,NY,AEA,EN,Towers with Radar,86,165,37,10,298,1,3,61,4,69,87,168,98,14,367,44,38,82,449
10/23/2001,SYR,NY,AEA,EN,Towers with Radar,64,149,60,17,290,0,4,34,14,52,64,153,94,31,342,20,64,84,426
10/24/2001,SYR,NY,AEA,EN,Towers with Radar,77,172,71,16,336,0,4,24,2,30,77,176,95,18,366,60,40,100,466
10/25/2001,SYR,NY,AEA,EN,Towers with Radar,78,175,48,12,313,0,3,9,0,12,78,178,57,12,325,14,30,44,369
10/26/2001,SYR,NY,AEA,EN,Towers with Radar,73,157,33,15,278,0,0,10,0,10,73,157,43,15,288,8,28,36,324
10/27/2001,SYR,NY,AEA,EN,Towers with Radar,63,81,9,2,155,0,0,4,0,4,63,81,13,2,159,12,0,12,171
10/28/2001,SYR,NY,AEA,EN,Towers with Radar,43,78,22,0,143,0,0,29,0,29,43,78,51,0,172,8,0,8,180
10/29/2001,SYR,NY,AEA,EN,Towers with Radar,99,194,46,46,385,1,5,126,3,135,100,199,172,49,520,46,46,92,612
10/30/2001,SYR,NY,AEA,EN,Towers with Radar,25,106,90,13,234,3,3,48,2,56,28,109,138,15,290,86,16,102,392
10/31/2001,SYR,NY,AEA,EN,Towers with Radar,101,193,43,51,388,0,6,40,4,50,101,199,83,55,438,60,26,86,524
11/01/2001,SYR,NY,AEA,EN,Towers with Radar,57,140,86,28,311,0,5,78,6,89,57,145,164,34,400,66,30,96,496
11/02/2001,SYR,NY,AEA,EN,Towers with Radar,67,149,75,1,292,0,3,98,0,101,67,152,173,1,393,82,0,82,475
11/03/2001,SYR,NY,AEA,EN,Towers with Radar,63,87,35,14,199,0,0,76,1,77,63,87,111,15,276,30,15,45,321
11/04/2001,SYR,NY,AEA,EN,Towers with Radar,62,95,30,1,188,0,0,35,1,36,62,95,65,2,224,40,10,50,274
11/05/2001,SYR,NY,AEA,EN,Towers with Radar,53,140,27,3,223,0,0,7,0,7,53,140,34,3,230,26,0,26,256
11/06/2001,SYR,NY,AEA,EN,Towers with Radar,70,164,79,45,358,1,3,90,3,97,71,167,169,48,455,80,40,120,575
11/07/2001,SYR,NY,AEA,EN,Towers with Radar,73,151,76,12,312,0,3,50,0,53,73,154,126,12,365,64,32,96,461
11/08/2001,SYR,NY,AEA,EN,Towers with Radar,76,148,44,28,296,0,2,88,2,92,76,150,132,30,388,46,34,80,468
11/09/2001,SYR,NY,AEA,EN,Towers with Radar,75,148,32,15,270,0,0,19,0,19,75,148,51,15,289,38,54,92,381
11/10/2001,SYR,NY,AEA,EN,Towers with Radar,76,84,41,2,203,0,7,46,0,53,76,91,87,2,256,24,0,24,280
11/11/2001,SYR,NY,AEA,EN,Towers with Radar,52,82,15,1,150,0,0,9,0,9,52,82,24,1,159,2,0,2,161
11/12/2001,SYR,NY,AEA,EN,Towers with Radar,48,119,43,2,212,0,1,37,0,38,48,120,80,2,250,48,0,48,298
11/13/2001,SYR,NY,AEA,EN,Towers with Radar,51,112,55,39,257,0,2,98,3,103,51,114,153,42,360,60,28,88,448
11/14/2001,SYR,NY,AEA,EN,Towers with Radar,71,149,61,15,296,0,0,14,1,15,71,149,75,16,311,112,24,136,447
11/15/2001,SYR,NY,AEA,EN,Towers with Radar,75,162,63,20,320,0,2,10,0,12,75,164,73,20,332,42,20,62,394
11/16/2001,SYR,NY,AEA,EN,Towers with Radar,94,146,36,25,301,0,3,43,4,50,94,149,79,29,351,50,28,78,429
11/17/2001,SYR,NY,AEA,EN,Towers with Radar,102,116,43,11,272,0,0,48,2,50,102,116,91,13,322,88,38,126,448
11/18/2001,SYR,NY,AEA,EN,Towers with Radar,55,76,52,40,223,0,4,118,1,123,55,80,170,41,346,52,60,112,458
11/19/2001,SYR,NY,AEA,EN,Towers with Radar,82,149,59,41,331,0,5,43,2,50,82,154,102,43,381,64,74,138,519
11/20/2001,SYR,NY,AEA,EN,Towers with Radar,118,182,52,29,381,0,1,7,0,8,118,183,59,29,389,22,30,52,441
11/21/2001,SYR,NY,AEA,EN,Towers with Radar,117,188,37,35,377,0,4,59,5,68,117,192,96,40,445,38,52,90,535
11/22/2001,SYR,NY,AEA,EN,Towers with Radar,56,71,8,3,138,0,0,39,0,39,56,71,47,3,177,52,0,52,229
11/23/2001,SYR,NY,AEA,EN,Towers with Radar,54,78,27,0,159,0,4,83,0,87,54,82,110,0,246,72,0,72,318
11/24/2001,SYR,NY,AEA,EN,Towers with Radar,60,63,25,1,149,0,0,41,0,41,60,63,66,1,190,60,1,61,251
11/25/2001,SYR,NY,AEA,EN,Towers with Radar,50,91,26,1,168,0,1,8,0,9,50,92,34,1,177,0,0,0,177
11/26/2001,SYR,NY,AEA,EN,Towers with Radar,99,187,66,62,414,1,6,37,4,48,100,193,103,66,462,74,36,110,572
11/27/2001,SYR,NY,AEA,EN,Towers with Radar,102,164,46,26,338,0,4,50,2,56,102,168,96,28,394,38,24,62,456
11/28/2001,SYR,NY,AEA,EN,Towers with Radar,80,135,62,32,309,0,0,6,4,10,80,135,68,36,319,18,14,32,351
11/29/2001,SYR,NY,AEA,EN,Towers with Radar,76,125,24,9,234,0,0,0,0,0,76,125,24,9,234,28,0,28,262
11/30/2001,SYR,NY,AEA,EN,Towers with Radar,84,126,35,11,256,0,1,4,0,5,84,127,39,11,261,34,20,54,315
12/01/2001,SYR,NY,AEA,EN,Towers with Radar,66,73,43,5,187,0,0,31,3,34,66,73,74,8,221,38,0,38,259
12/02/2001,SYR,NY,AEA,EN,Towers with Radar,53,68,56,3,180,0,4,46,1,51,53,72,102,4,231,20,0,20,251
12/03/2001,SYR,NY,AEA,EN,Towers with Radar,57,124,45,17,243,0,8,73,2,83,57,132,118,19,326,62,16,78,404
12/04/2001,SYR,NY,AEA,EN,Towers with Radar,82,137,39,10,268,0,0,29,1,30,82,137,68,11,298,74,52,126,424
12/05/2001,SYR,NY,AEA,EN,Towers with Radar,79,141,75,5,300,0,3,63,0,66,79,144,138,5,366,76,4,80,446
12/06/2001,SYR,NY,AEA,EN,Towers with Radar,81,151,31,4,267,0,6,24,2,32,81,157,55,6,299,96,18,114,413
12/07/2001,SYR,NY,AEA,EN,Towers with Radar,80,148,80,4,312,0,6,91,0,97,80,154,171,4,409,84,0,84,493
12/08/2001,SYR,NY,AEA,EN,Towers with Radar,69,69,20,2,160,0,0,50,0,50,69,69,70,2,210,4,36,40,250
12/09/2001,SYR,NY,AEA,EN,Towers with Radar,54,76,17,2,149,0,0,3,1,4,54,76,20,3,153,6,0,6,159
12/10/2001,SYR,NY,AEA,EN,Towers with Radar,58,139,50,11,258,0,4,65,4,73,58,143,115,15,331,62,4,66,397
12/11/2001,SYR,NY,AEA,EN,Towers with Radar,77,139,86,10,312,0,6,42,1,49,77,145,128,11,361,74,4,78,439
12/12/2001,SYR,NY,AEA,EN,Towers with Radar,76,161,59,9,305,0,3,60,2,65,76,164,119,11,370,32,6,38,408
12/13/2001,SYR,NY,AEA,EN,Towers with Radar,83,151,33,54,321,1,1,5,2,9,84,152,38,56,330,52,42,94,424
12/14/2001,SYR,NY,AEA,EN,Towers with Radar,79,132,33,13,257,0,1,6,0,7,79,133,39,13,264,36,4,40,304
12/15/2001,SYR,NY,AEA,EN,Towers with Radar,70,64,26,8,168,0,0,9,0,9,70,64,35,8,177,50,0,50,227
12/16/2001,SYR,NY,AEA,EN,Towers with Radar,50,71,20,3,144,0,0,33,0,33,50,71,53,3,177,14,4,18,195
12/17/2001,SYR,NY,AEA,EN,Towers with Radar,63,147,28,6,244,0,2,3,0,5,63,149,31,6,249,68,0,68,317
12/18/2001,SYR,NY,AEA,EN,Towers with Radar,79,151,28,7,265,0,0,2,0,2,79,151,30,7,267,0,2,2,269
12/19/2001,SYR,NY,AEA,EN,Towers with Radar,83,150,50,23,306,0,4,36,9,49,83,154,86,32,355,14,8,22,377
12/20/2001,SYR,NY,AEA,EN,Towers with Radar,91,143,43,16,293,0,0,13,2,15,91,143,56,18,308,38,20,58,366
12/21/2001,SYR,NY,AEA,EN,Towers with Radar,82,130,24,9,245,0,3,7,0,10,82,133,31,9,255,22,2,24,279
12/22/2001,SYR,NY,AEA,EN,Towers with Radar,72,77,24,8,181,0,0,32,0,32,72,77,56,8,213,12,3,15,228
12/23/2001,SYR,NY,AEA,EN,Towers with Radar,57,73,22,4,156,0,0,13,0,13,57,73,35,4,169,68,4,72,241
12/24/2001,SYR,NY,AEA,EN,Towers with Radar,53,80,20,12,165,0,0,18,2,20,53,80,38,14,185,38,4,42,227
12/25/2001,SYR,NY,AEA,EN,Towers with Radar,54,57,9,5,125,0,0,10,2,12,54,57,19,7,137,16,0,16,153
12/26/2001,SYR,NY,AEA,EN,Towers with Radar,59,122,55,10,246,0,3,47,1,51,59,125,102,11,297,58,16,74,371
12/27/2001,SYR,NY,AEA,EN,Towers with Radar,75,114,35,8,232,0,5,31,0,36,75,119,66,8,268,80,2,82,350
12/28/2001,SYR,NY,AEA,EN,Towers with Radar,67,107,36,9,219,11,11,8,3,33,78,118,44,12,252,63,4,67,319
12/29/2001,SYR,NY,AEA,EN,Towers with Radar,71,63,27,8,169,0,0,24,4,28,71,63,51,12,197,20,8,28,225
12/30/2001,SYR,NY,AEA,EN,Towers with Radar,54,60,16,7,137,0,0,1,0,1,54,60,17,7,138,0,0,0,138
12/31/2001,SYR,NY,AEA,EN,Towers with Radar,60,86,19,8,173,0,4,11,0,15,60,90,30,8,188,30,6,36,224
01/01/2002,SYR,NY,AEA,EN,Towers with Radar,56,69,17,7,149,1,0,0,1,2,57,69,17,8,151,0,4,4,155
01/02/2002,SYR,NY,AEA,EN,Towers with Radar,56,105,18,11,190,1,6,32,1,40,57,111,50,12,230,24,6,30,260
01/03/2002,SYR,NY,AEA,EN,Towers with Radar,75,134,41,20,270,1,6,11,0,18,76,140,52,20,288,58,36,94,382
01/04/2002,SYR,NY,AEA,EN,Towers with Radar,72,127,61,33,293,1,6,22,1,30,73,133,83,34,323,58,8,66,389
01/05/2002,SYR,NY,AEA,EN,Towers with Radar,65,62,33,5,165,1,0,27,1,29,66,62,60,6,194,22,6,28,222
01/06/2002,SYR,NY,AEA,EN,Towers with Radar,24,43,11,5,83,1,0,3,0,4,25,43,14,5,87,4,2,6,93
01/07/2002,SYR,NY,AEA,EN,Towers with Radar,60,116,22,1,199,1,1,2,0,4,61,117,24,1,203,0,4,4,207
01/08/2002,SYR,NY,AEA,EN,Towers with Radar,74,132,58,5,269,1,7,55,4,67,75,139,113,9,336,44,8,52,388
01/09/2002,SYR,NY,AEA,EN,Towers with Radar,83,134,68,37,322,1,9,17,0,27,84,143,85,37,349,36,24,60,409
01/10/2002,SYR,NY,AEA,EN,Towers with Radar,75,149,37,25,286,2,6,30,0,38,77,155,67,25,324,54,14,68,392
01/11/2002,SYR,NY,AEA,EN,Towers with Radar,71,129,28,25,253,0,5,8,2,15,71,134,36,27,268,56,22,78,346
01/12/2002,SYR,NY,AEA,EN,Towers with Radar,61,64,33,7,165,0,3,53,1,57,61,67,86,8,222,22,8,30,252
01/13/2002,SYR,NY,AEA,EN,Towers with Radar,47,76,13,3,139,0,1,20,0,21,47,77,33,3,160,2,6,8,168
01/14/2002,SYR,NY,AEA,EN,Towers with Radar,61,118,29,8,216,0,5,33,2,40,61,123,62,10,256,54,6,60,316
01/15/2002,SYR,NY,AEA,EN,Towers with Radar,74,132,27,11,244,0,2,4,0,6,74,134,31,11,250,46,4,50,300
01/16/2002,SYR,NY,AEA,EN,Towers with Radar,71,131,38,2,242,0,3,2,0,5,71,134,40,2,247,2,16,18,265
01/17/2002,SYR,NY,AEA,EN,Towers with Radar,59,125,28,10,222,0,1,4,0,5,59,126,32,10,227,2,8,10,237
01/18/2002,SYR,NY,AEA,EN,Towers with Radar,73,123,27,8,231,0,2,16,0,18,73,125,43,8,249,6,4,10,259
01/19/2002,SYR,NY,AEA,EN,Towers with Radar,61,60,36,9,166,0,0,19,4,23,61,60,55,13,189,14,4,18,207
01/20/2002,SYR,NY,AEA,EN,Towers with Radar,61,73,9,0,143,0,0,24,0,24,61,73,33,0,167,14,2,16,183
01/21/2002,SYR,NY,AEA,EN,Towers with Radar,55,105,32,8,200,0,2,3,0,5,55,107,35,8,205,24,2,26,231
01/22/2002,SYR,NY,AEA,EN,Towers with Radar,75,129,36,10,250,0,4,50,2,56,75,133,86,12,306,76,10,86,392
01/23/2002,SYR,NY,AEA,EN,Towers with Radar,75,143,45,12,275,0,11,37,2,50,75,154,82,14,325,26,26,52,377
01/24/2002,SYR,NY,AEA,EN,Towers with Radar,72,135,25,2,234,0,0,0,0,0,72,135,25,2,234,2,0,2,236
01/25/2002,SYR,NY,AEA,EN,Towers with Radar,71,131,32,8,242,0,5,25,0,30,71,136,57,8,272,22,0,22,294
01/26/2002,SYR,NY,AEA,EN,Towers with Radar,61,63,24,13,161,1,2,73,0,76,62,65,97,13,237,42,2,44,281
01/27/2002,SYR,NY,AEA,EN,Towers with Radar,47,73,40,4,164,0,0,0,0,0,47,73,40,4,164,92,8,100,264
01/28/2002,SYR,NY,AEA,EN,Towers with Radar,74,138,42,14,268,0,5,112,1,118,74,143,154,15,386,48,36,84,470
01/29/2002,SYR,NY,AEA,EN,Towers with Radar,79,140,51,27,297,0,3,22,1,26,79,143,73,28,323,108,30,138,461
01/30/2002,SYR,NY,AEA,EN,Towers with Radar,72,131,24,2,229,1,0,0,1,2,73,131,24,3,231,0,0,0,231
01/31/2002,SYR,NY,AEA,EN,Towers with Radar,72,95,16,6,189,0,0,0,0,0,72,95,16,6,189,0,2,2,191
02/01/2002,SYR,NY,AEA,EN,Towers with Radar,57,95,24,4,180,23,16,0,0,39,80,111,24,4,219,0,0,0,219
02/02/2002,SYR,NY,AEA,EN,Towers with Radar,64,70,50,9,193,0,0,43,2,45,64,70,93,11,238,36,16,52,290
02/03/2002,SYR,NY,AEA,EN,Towers with Radar,52,69,22,11,154,0,1,19,0,20,52,70,41,11,174,0,4,4,178
02/04/2002,SYR,NY,AEA,EN,Towers with Radar,66,123,33,11,233,0,1,4,2,7,66,124,37,13,240,62,10,72,312
02/05/2002,SYR,NY,AEA,EN,Towers with Radar,75,138,43,10,266,0,0,17,0,17,75,138,60,10,283,6,0,6,289
02/06/2002,SYR,NY,AEA,EN,Towers with Radar,73,142,47,14,276,0,7,24,1,32,73,149,71,15,308,84,14,98,406
02/07/2002,SYR,NY,AEA,EN,Towers with Radar,79,134,63,21,297,0,5,51,7,63,79,139,114,28,360,76,24,100,460
02/08/2002,SYR,NY,AEA,EN,Towers with Radar,77,135,50,19,281,1,6,30,2,39,78,141,80,21,320,56,8,64,384
02/09/2002,SYR,NY,AEA,EN,Towers with Radar,71,79,37,9,196,0,7,75,5,87,71,86,112,14,283,2,18,20,303
02/10/2002,SYR,NY,AEA,EN,Towers with Radar,38,79,8,6,131,0,0,2,1,3,38,79,10,7,134,0,4,4,138
02/11/2002,SYR,NY,AEA,EN,Towers with Radar,58,120,23,5,206,0,2,9,1,12,58,122,32,6,218,30,6,36,254
02/12/2002,SYR,NY,AEA,EN,Towers with Radar,83,144,36,10,273,0,6,6,2,14,83,150,42,12,287,30,16,46,333
02/13/2002,SYR,NY,AEA,EN,Towers with Radar,78,127,34,13,252,0,0,7,2,9,78,127,41,15,261,6,8,14,275
02/14/2002,SYR,NY,AEA,EN,Towers with Radar,74,136,39,10,259,0,10,32,3,45,74,146,71,13,304,68,42,110,414
02/15/2002,SYR,NY,AEA,EN,Towers with Radar,76,132,39,17,264,0,7,26,0,33,76,139,65,17,297,36,22,58,355
02/16/2002,SYR,NY,AEA,EN,Towers with Radar,54,61,21,3,139,0,0,17,0,17,54,61,38,3,156,12,0,12,168
02/17/2002,SYR,NY,AEA,EN,Towers with Radar,42,70,11,2,125,0,0,0,0,0,42,70,11,2,125,4,0,4,129
02/18/2002,SYR,NY,AEA,EN,Towers with Radar,59,111,52,16,238,0,5,72,2,79,59,116,124,18,317,66,8,74,391
02/19/2002,SYR,NY,AEA,EN,Towers with Radar,72,134,51,21,278,0,5,57,3,65,72,139,108,24,343,68,12,80,423
02/20/2002,SYR,NY,AEA,EN,Towers with Radar,79,137,43,11,270,1,4,22,4,31,80,141,65,15,301,94,12,106,407
02/21/2002,SYR,NY,AEA,EN,Towers with Radar,73,148,43,7,271,0,4,10,3,17,73,152,53,10,288,12,20,32,320
02/22/2002,SYR,NY,AEA,EN,Towers with Radar,92,133,19,9,253,0,0,4,0,4,92,133,23,9,257,10,8,18,275
02/23/2002,SYR,NY,AEA,EN,Towers with Radar,61,68,50,15,194,0,1,34,2,37,61,69,84,17,231,52,12,64,295
02/24/2002,SYR,NY,AEA,EN,Towers with Radar,51,75,36,10,172,1,1,70,2,74,52,76,106,12,246,36,2,38,284
02/25/2002,SYR,NY,AEA,EN,Towers with Radar,58,123,32,17,230,0,4,28,2,34,58,127,60,19,264,70,22,92,356
02/26/2002,SYR,NY,AEA,EN,Towers with Radar,71,140,29,20,260,1,2,25,6,34,72,142,54,26,294,44,14,58,352
02/27/2002,SYR,NY,AEA,EN,Towers with Radar,76,132,39,23,270,0,0,11,0,11,76,132,50,23,281,30,24,54,335
02/28/2002,SYR,NY,AEA,EN,Towers with Radar,73,147,46,25,291,0,1,25,1,27,73,148,71,26,318,38,42,80,398
03/01/2002,SYR,NY,AEA,EN,Towers with Radar,114,134,70,10,328,0,2,43,0,45,114,136,113,10,373,76,8,84,457
03/02/2002,SYR,NY,AEA,EN,Towers with Radar,61,70,40,0,171,1,9,33,0,43,62,79,73,0,214,64,6,70,284
03/03/2002,SYR,NY,AEA,EN,Towers with Radar,58,71,17,0,146,0,0,8,0,8,58,71,25,0,154,0,0,0,154
03/04/2002,SYR,NY,AEA,EN,Towers with Radar,84,129,36,2,251,0,1,2,0,3,84,130,38,2,254,8,0,8,262
03/05/2002,SYR,NY,AEA,EN,Towers with Radar,76,131,47,13,267,1,3,16,1,21,77,134,63,14,288,12,12,24,312
03/06/2002,SYR,NY,AEA,EN,Towers with Radar,108,149,38,12,307,0,2,32,2,36,108,151,70,14,343,38,14,52,395
03/07/2002,SYR,NY,AEA,EN,Towers with Radar,100,145,57,10,312,1,4,3,0,8,101,149,60,10,320,8,8,16,336
03/08/2002,SYR,NY,AEA,EN,Towers with Radar,85,139,51,66,341,1,1,46,3,51,86,140,97,69,392,40,50,90,482
03/09/2002,SYR,NY,AEA,EN,Towers with Radar,74,75,33,40,222,0,0,22,14,36,74,75,55,54,258,44,62,106,364
03/10/2002,SYR,NY,AEA,EN,Towers with Radar,56,69,6,25,156,0,0,2,0,2,56,69,8,25,158,2,30,32,190
03/11/2002,SYR,NY,AEA,EN,Towers with Radar,82,111,43,56,292,0,3,30,4,37,82,114,73,60,329,44,46,90,419
03/12/2002,SYR,NY,AEA,EN,Towers with Radar,72,138,64,51,325,1,8,41,2,52,73,146,105,53,377,88,60,148,525
03/13/2002,SYR,NY,AEA,EN,Towers with Radar,78,129,52,26,285,0,5,31,2,38,78,134,83,28,323,50,30,80,403
03/14/2002,SYR,NY,AEA,EN,Towers with Radar,85,131,50,24,290,0,5,68,8,81,85,136,118,32,371,36,16,52,423
03/15/2002,SYR,NY,AEA,EN,Towers with Radar,86,133,57,14,290,0,4,12,0,16,86,137,69,14,306,80,34,114,420
03/16/2002,SYR,NY,AEA,EN,Towers with Radar,70,73,39,0,182,1,0,29,0,30,71,73,68,0,212,27,0,27,239
03/17/2002,SYR,NY,AEA,EN,Towers with Radar,45,68,30,4,147,0,0,54,0,54,45,68,84,4,201,24,0,24,225
03/18/2002,SYR,NY,AEA,EN,Towers with Radar,77,128,25,3,233,0,4,0,0,4,77,132,25,3,237,8,4,12,249
03/19/2002,SYR,NY,AEA,EN,Towers with Radar,78,140,69,30,317,0,5,29,5,39,78,145,98,35,356,54,48,102,458
03/20/2002,SYR,NY,AEA,EN,Towers with Radar,91,146,29,7,273,0,1,3,0,4,91,147,32,7,277,24,0,24,301
03/21/2002,SYR,NY,AEA,EN,Towers with Radar,93,142,73,24,332,0,6,22,0,28,93,148,95,24,360,52,38,90,450
03/22/2002,SYR,NY,AEA,EN,Towers with Radar,83,153,48,4,288,0,0,6,0,6,83,153,54,4,294,14,0,14,308
03/23/2002,SYR,NY,AEA,EN,Towers with Radar,66,84,30,0,180,0,0,0,0,0,66,84,30,0,180,30,0,30,210
03/24/2002,SYR,NY,AEA,EN,Towers with Radar,69,94,45,4,212,0,0,27,2,29,69,94,72,6,241,52,0,52,293
03/25/2002,SYR,NY,AEA,EN,Towers with Radar,79,130,39,55,303,0,4,58,4,66,79,134,97,59,369,40,48,88,457
03/26/2002,SYR,NY,AEA,EN,Towers with Radar,104,128,32,4,268,0,1,0,0,1,104,129,32,4,269,14,0,14,283
03/27/2002,SYR,NY,AEA,EN,Towers with Radar,103,141,102,26,372,1,2,26,2,31,104,143,128,28,403,56,34,90,493
03/28/2002,SYR,NY,AEA,EN,Towers with Radar,92,143,96,24,355,1,13,151,2,167,93,156,247,26,522,108,26,134,656
03/29/2002,SYR,NY,AEA,EN,Towers with Radar,89,130,43,1,263,0,6,42,0,48,89,136,85,1,311,94,2,96,407
03/30/2002,SYR,NY,AEA,EN,Towers with Radar,72,73,17,1,163,0,0,42,0,42,72,73,59,1,205,18,0,18,223
03/31/2002,SYR,NY,AEA,EN,Towers with Radar,74,74,22,2,172,0,0,40,4,44,74,74,62,6,216,50,0,50,266
04/01/2002,SYR,NY,AEA,EN,Towers with Radar,59,104,42,14,219,0,2,4,0,6,59,106,46,14,225,12,12,24,249
04/02/2002,SYR,NY,AEA,EN,Towers with Radar,117,137,57,14,325,0,3,36,4,43,117,140,93,18,368,88,2,90,458
04/03/2002,SYR,NY,AEA,EN,Towers with Radar,132,138,50,7,327,0,3,11,0,14,132,141,61,7,341,24,2,26,367
04/04/2002,SYR,NY,AEA,EN,Towers with Radar,92,144,70,4,310,0,3,16,0,19,92,147,86,4,329,40,0,40,369
04/05/2002,SYR,NY,AEA,EN,Towers with Radar,100,131,55,6,292,1,9,20,0,30,101,140,75,6,322,54,0,54,376
04/06/2002,SYR,NY,AEA,EN,Towers with Radar,94,84,89,11,278,0,5,79,4,88,94,89,168,15,366,72,22,94,460
04/07/2002,SYR,NY,AEA,EN,Towers with Radar,61,63,33,6,163,1,5,90,2,98,62,68,123,8,261,54,14,68,329
04/08/2002,SYR,NY,AEA,EN,Towers with Radar,56,111,30,8,205,0,3,9,0,12,56,114,39,8,217,62,20,82,299
04/09/2002,SYR,NY,AEA,EN,Towers with Radar,82,127,47,12,268,0,4,9,2,15,82,131,56,14,283,24,10,34,317
04/10/2002,SYR,NY,AEA,EN,Towers with Radar,87,133,89,12,321,0,8,47,3,58,87,141,136,15,379,66,18,84,463
04/11/2002,SYR,NY,AEA,EN,Towers with Radar,72,139,100,13,324,1,8,72,2,83,73,147,172,15,407,84,20,104,511
04/12/2002,SYR,NY,AEA,EN,Towers with Radar,71,127,82,9,289,0,5,25,4,34,71,132,107,13,323,50,22,72,395
04/13/2002,SYR,NY,AEA,EN,Towers with Radar,68,69,29,18,184,0,0,6,2,8,68,69,35,20,192,14,8,22,214
04/14/2002,SYR,NY,AEA,EN,Towers with Radar,61,68,26,0,155,0,0,31,2,33,61,68,57,2,188,60,0,60,248
04/15/2002,SYR,NY,AEA,EN,Towers with Radar,64,115,52,8,239,1,3,52,0,56,65,118,104,8,295,60,2,62,357
04/16/2002,SYR,NY,AEA,EN,Towers with Radar,74,126,42,24,266,0,6,54,2,62,74,132,96,26,328,72,54,126,454
04/17/2002,SYR,NY,AEA,EN,Towers with Radar,72,118,56,21,267,1,5,75,7,88,73,123,131,28,355,46,48,94,449
04/18/2002,SYR,NY,AEA,EN,Towers with Radar,87,125,85,29,326,2,4,77,0,83,89,129,162,29,409,92,36,128,537
04/19/2002,SYR,NY,AEA,EN,Towers with Radar,73,125,86,20,304,0,9,32,3,44,73,134,118,23,348,74,16,90,438
04/20/2002,SYR,NY,AEA,EN,Towers with Radar,85,71,100,3,259,0,0,56,0,56,85,71,156,3,315,88,0,88,403
04/21/2002,SYR,NY,AEA,EN,Towers with Radar,59,63,45,2,169,0,0,55,2,57,59,63,100,4,226,10,0,10,236
04/22/2002,SYR,NY,AEA,EN,Towers with Radar,66,113,57,6,242,0,0,0,0,0,66,113,57,6,242,16,2,18,260
04/23/2002,SYR,NY,AEA,EN,Towers with Radar,76,125,106,31,338,0,6,102,1,109,76,131,208,32,447,80,52,132,579
04/24/2002,SYR,NY,AEA,EN,Towers with Radar,72,130,41,20,263,0,9,218,6,233,72,139,259,26,496,68,46,114,610
04/25/2002,SYR,NY,AEA,EN,Towers with Radar,81,125,40,4,250,1,4,24,1,30,82,129,64,5,280,22,4,26,306
04/26/2002,SYR,NY,AEA,EN,Towers with Radar,82,131,59,3,275,1,3,24,1,29,83,134,83,4,304,86,8,94,398
04/27/2002,SYR,NY,AEA,EN,Towers with Radar,70,76,23,7,176,0,0,75,1,76,70,76,98,8,252,32,0,32,284
04/28/2002,SYR,NY,AEA,EN,Towers with Radar,52,53,20,7,132,0,0,4,0,4,52,53,24,7,136,10,0,10,146
04/29/2002,SYR,NY,AEA,EN,Towers with Radar,60,120,26,27,233,0,2,31,0,33,60,122,57,27,266,20,16,36,302
04/30/2002,SYR,NY,AEA,EN,Towers with Radar,73,119,82,14,288,0,5,24,0,29,73,124,106,14,317,66,22,88,405
05/01/2002,SYR,NY,AEA,EN,Towers with Radar,83,135,180,19,417,0,8,96,0,104,83,143,276,19,521,96,26,122,643
05/02/2002,SYR,NY,AEA,EN,Towers with Radar,77,113,33,7,230,0,6,53,0,59,77,119,86,7,289,22,18,40,329
05/03/2002,SYR,NY,AEA,EN,Towers with Radar,85,139,82,30,336,0,0,12,4,16,85,139,94,34,352,44,50,94,446
05/04/2002,SYR,NY,AEA,EN,Towers with Radar,68,70,76,40,254,0,5,218,1,224,68,75,294,41,478,65,108,173,651
05/05/2002,SYR,NY,AEA,EN,Towers with Radar,58,72,35,34,199,0,0,95,4,99,58,72,130,38,298,52,53,105,403
05/06/2002,SYR,NY,AEA,EN,Towers with Radar,67,110,74,29,280,0,6,78,2,86,67,116,152,31,366,60,44,104,470
05/07/2002,SYR,NY,AEA,EN,Towers with Radar,84,131,120,36,371,0,5,13,1,19,84,136,133,37,390,72,38,110,500
05/08/2002,SYR,NY,AEA,EN,Towers with Radar,85,145,107,27,364,0,9,52,2,63,85,154,159,29,427,48,40,88,515
05/09/2002,SYR,NY,AEA,EN,Towers with Radar,83,134,81,19,317,0,5,11,0,16,83,139,92,19,333,30,18,48,381
05/10/2002,SYR,NY,AEA,EN,Towers with Radar,84,124,30,8,246,2,4,22,5,33,86,128,52,13,279,18,0,18,297
05/11/2002,SYR,NY,AEA,EN,Towers with Radar,70,70,26,2,168,3,1,50,0,54,73,71,76,2,222,28,0,28,250
05/12/2002,SYR,NY,AEA,EN,Towers with Radar,62,59,21,1,143,0,0,4,2,6,62,59,25,3,149,4,0,4,153
05/13/2002,SYR,NY,AEA,EN,Towers with Radar,67,109,48,2,226,0,0,0,0,0,67,109,48,2,226,18,0,18,244
05/14/2002,SYR,NY,AEA,EN,Towers with Radar,80,125,55,49,309,0,0,4,2,6,80,125,59,51,315,22,30,52,367
05/15/2002,SYR,NY,AEA,EN,Towers with Radar,89,125,68,41,323,0,8,46,11,65,89,133,114,52,388,50,48,98,486
05/16/2002,SYR,NY,AEA,EN,Towers with Radar,82,120,103,43,348,1,6,59,46,112,83,126,162,89,460,51,98,149,609
05/17/2002,SYR,NY,AEA,EN,Towers with Radar,80,138,90,24,332,1,3,41,6,51,81,141,131,30,383,64,58,122,505
05/18/2002,SYR,NY,AEA,EN,Towers with Radar,69,74,17,24,184,0,0,15,0,15,69,74,32,24,199,12,30,42,241
05/19/2002,SYR,NY,AEA,EN,Towers with Radar,58,66,128,2,254,0,28,60,0,88,58,94,188,2,342,12,98,110,452
05/20/2002,SYR,NY,AEA,EN,Towers with Radar,63,107,61,28,259,0,4,44,1,49,63,111,105,29,308,50,32,82,390
05/21/2002,SYR,NY,AEA,EN,Towers with Radar,82,117,65,19,283,0,5,71,9,85,82,122,136,28,368,32,52,84,452
05/22/2002,SYR,NY,AEA,EN,Towers with Radar,85,121,108,29,343,0,7,114,7,128,85,128,222,36,471,68,58,126,597
05/23/2002,SYR,NY,AEA,EN,Towers with Radar,95,137,102,39,373,0,7,118,3,128,95,144,220,42,501,64,40,104,605
05/24/2002,SYR,NY,AEA,EN,Towers with Radar,76,133,62,2,273,0,5,11,4,20,76,138,73,6,293,48,0,48,341
05/25/2002,SYR,NY,AEA,EN,Towers with Radar,47,75,41,0,163,0,0,46,0,46,47,75,87,0,209,44,0,44,253
05/26/2002,SYR,NY,AEA,EN,Towers with Radar,58,59,13,0,130,0,0,19,2,21,58,59,32,2,151,0,2,2,153
05/27/2002,SYR,NY,AEA,EN,Towers with Radar,52,79,43,25,199,0,0,44,166,210,52,79,87,191,409,28,54,82,491
05/28/2002,SYR,NY,AEA,EN,Towers with Radar,66,119,81,29,295,0,5,45,1,51,66,124,126,30,346,54,40,94,440
05/29/2002,SYR,NY,AEA,EN,Towers with Radar,84,108,75,26,293,0,5,74,2,81,84,113,149,28,374,24,40,64,438
05/30/2002,SYR,NY,AEA,EN,Towers with Radar,83,121,39,25,268,0,5,16,0,21,83,126,55,25,289,20,24,44,333
05/31/2002,SYR,NY,AEA,EN,Towers with Radar,88,116,48,7,259,0,1,7,2,10,88,117,55,9,269,32,6,38,307
06/01/2002,SYR,NY,AEA,EN,Towers with Radar,77,65,10,9,161,0,1,37,7,45,77,66,47,16,206,18,14,32,238
06/02/2002,SYR,NY,AEA,EN,Towers with Radar,51,67,24,43,185,0,0,37,2,39,51,67,61,45,224,48,74,122,346
06/03/2002,SYR,NY,AEA,EN,Towers with Radar,71,97,28,20,216,0,14,67,3,84,71,111,95,23,300,24,24,48,348
06/04/2002,SYR,NY,AEA,EN,Towers with Radar,80,127,49,23,279,0,6,45,6,57,80,133,94,29,336,54,30,84,420
06/05/2002,SYR,NY,AEA,EN,Towers with Radar,85,96,33,8,222,0,5,13,4,22,85,101,46,12,244,8,12,20,264
06/06/2002,SYR,NY,AEA,EN,Towers with Radar,92,111,69,18,290,0,7,26,1,34,92,118,95,19,324,18,36,54,378
06/07/2002,SYR,NY,AEA,EN,Towers with Radar,79,134,112,15,340,0,1,97,0,98,79,135,209,15,438,134,6,140,578
06/08/2002,SYR,NY,AEA,EN,Towers with Radar,64,71,27,2,164,0,2,72,3,77,64,73,99,5,241,30,12,42,283
06/09/2002,SYR,NY,AEA,EN,Towers with Radar,64,54,29,3,150,0,0,72,4,76,64,54,101,7,226,16,6,22,248
06/10/2002,SYR,NY,AEA,EN,Towers with Radar,87,108,83,48,326,0,3,101,1,105,87,111,184,49,431,82,48,130,561
06/11/2002,SYR,NY,AEA,EN,Towers with Radar,72,120,90,26,308,0,6,38,0,44,72,126,128,26,352,84,56,140,492
06/12/2002,SYR,NY,AEA,EN,Towers with Radar,94,105,69,22,290,0,0,12,0,12,94,105,81,22,302,52,34,86,388
06/13/2002,SYR,NY,AEA,EN,Towers with Radar,74,135,91,24,324,0,6,34,0,40,74,141,125,24,364,40,30,70,434
06/14/2002,SYR,NY,AEA,EN,Towers with Radar,73,127,74,2,276,0,0,9,0,9,73,127,83,2,285,0,0,0,285
06/15/2002,SYR,NY,AEA,EN,Towers with Radar,81,50,9,0,140,0,0,1,1,2,81,50,10,1,142,12,0,12,154
06/16/2002,SYR,NY,AEA,EN,Towers with Radar,63,57,21,0,141,0,0,15,0,15,63,57,36,0,156,0,0,0,156
06/17/2002,SYR,NY,AEA,EN,Towers with Radar,61,134,69,20,284,0,0,40,0,40,61,134,109,20,324,72,48,120,444
06/18/2002,SYR,NY,AEA,EN,Towers with Radar,84,129,101,24,338,0,1,85,0,86,84,130,186,24,424,64,56,120,544
06/19/2002,SYR,NY,AEA,EN,Towers with Radar,82,126,130,23,361,0,0,110,0,110,82,126,240,23,471,86,70,156,627
06/20/2002,SYR,NY,AEA,EN,Towers with Radar,73,137,99,26,335,0,0,105,0,105,73,137,204,26,440,72,68,140,580
06/21/2002,SYR,NY,AEA,EN,Towers with Radar,79,118,49,3,249,0,0,86,0,86,79,118,135,3,335,30,0,30,365
06/22/2002,SYR,NY,AEA,EN,Towers with Radar,72,62,48,0,182,0,5,38,0,43,72,67,86,0,225,30,0,30,255
06/23/2002,SYR,NY,AEA,EN,Towers with Radar,51,55,27,1,134,0,0,20,1,21,51,55,47,2,155,16,0,16,171
06/24/2002,SYR,NY,AEA,EN,Towers with Radar,68,135,88,29,320,0,5,56,1,62,68,140,144,30,382,66,60,126,508
06/25/2002,SYR,NY,AEA,EN,Towers with Radar,80,117,53,16,266,0,11,44,1,56,80,128,97,17,322,18,52,70,392
06/26/2002,SYR,NY,AEA,EN,Towers with Radar,73,125,93,34,325,0,9,30,0,39,73,134,123,34,364,52,34,86,450
06/27/2002,SYR,NY,AEA,EN,Towers with Radar,69,126,92,16,303,0,1,17,1,19,69,127,109,17,322,64,34,98,420
06/28/2002,SYR,NY,AEA,EN,Towers with Radar,69,150,95,37,351,0,0,69,0,69,69,150,164,37,420,72,46,118,538
06/29/2002,SYR,NY,AEA,EN,Towers with Radar,73,58,42,0,173,0,0,77,0,77,73,58,119,0,250,32,0,32,282
06/30/2002,SYR,NY,AEA,EN,Towers with Radar,65,63,45,0,173,0,0,77,0,77,65,63,122,0,250,74,0,74,324
07/01/2002,SYR,NY,AEA,EN,Towers with Radar,57,132,64,53,306,2,1,48,5,56,59,133,112,58,362,58,66,124,486
07/02/2002,SYR,NY,AEA,EN,Towers with Radar,71,144,66,34,315,2,1,62,0,65,73,145,128,34,380,46,68,114,494
07/03/2002,SYR,NY,AEA,EN,Towers with Radar,62,153,74,22,311,2,8,57,0,67,64,161,131,22,378,34,52,86,464
07/04/2002,SYR,NY,AEA,EN,Towers with Radar,65,85,47,3,200,2,0,31,0,33,67,85,78,3,233,52,26,78,311
07/05/2002,SYR,NY,AEA,EN,Towers with Radar,49,117,61,16,243,2,0,52,3,57,51,117,113,19,300,66,166,232,532
07/06/2002,SYR,NY,AEA,EN,Towers with Radar,55,64,19,1,139,2,0,17,2,21,57,64,36,3,160,10,52,62,222
07/07/2002,SYR,NY,AEA,EN,Towers with Radar,58,66,21,2,147,2,0,21,1,24,60,66,42,3,171,26,108,134,305
07/08/2002,SYR,NY,AEA,EN,Towers with Radar,61,116,44,26,247,2,6,61,2,71,63,122,105,28,318,24,40,64,382
07/09/2002,SYR,NY,AEA,EN,Towers with Radar,74,132,71,7,284,2,0,20,0,22,76,132,91,7,306,30,0,30,336
07/10/2002,SYR,NY,AEA,EN,Towers with Radar,81,126,134,17,358,2,10,93,9,114,83,136,227,26,472,26,40,66,538
07/11/2002,SYR,NY,AEA,EN,Towers with Radar,69,137,107,19,332,2,0,86,0,88,71,137,193,19,420,114,80,194,614
07/12/2002,SYR,NY,AEA,EN,Towers with Radar,69,130,91,41,331,2,0,113,0,115,71,130,204,41,446,154,38,192,638
07/13/2002,SYR,NY,AEA,EN,Towers with Radar,70,69,33,18,190,2,0,57,2,61,72,69,90,20,251,38,50,88,339
07/14/2002,SYR,NY,AEA,EN,Towers with Radar,61,71,28,13,173,2,0,80,5,87,63,71,108,18,260,26,48,74,334
07/15/2002,SYR,NY,AEA,EN,Towers with Radar,68,132,81,28,309,2,0,72,0,74,70,132,153,28,383,78,50,128,511
07/16/2002,SYR,NY,AEA,EN,Towers with Radar,75,138,82,26,321,2,0,111,0,113,77,138,193,26,434,80,34,114,548
07/17/2002,SYR,NY,AEA,EN,Towers with Radar,77,141,87,21,326,2,0,66,10,78,79,141,153,31,404,104,58,162,566
07/18/2002,SYR,NY,AEA,EN,Towers with Radar,71,111,52,16,250,2,0,39,2,43,73,111,91,18,293,42,10,52,345
07/19/2002,SYR,NY,AEA,EN,Towers with Radar,70,123,79,6,278,2,0,37,0,39,72,123,116,6,317,70,0,70,387
07/20/2002,SYR,NY,AEA,EN,Towers with Radar,73,80,64,9,226,2,1,86,4,93,75,81,150,13,319,68,12,80,399
07/21/2002,SYR,NY,AEA,EN,Towers with Radar,57,61,27,4,149,2,0,42,0,44,59,61,69,4,193,22,14,36,229
07/22/2002,SYR,NY,AEA,EN,Towers with Radar,56,119,74,30,279,2,0,41,6,49,58,119,115,36,328,74,50,124,452
07/23/2002,SYR,NY,AEA,EN,Towers with Radar,77,116,62,21,276,2,0,30,0,32,79,116,92,21,308,108,22,130,438
07/24/2002,SYR,NY,AEA,EN,Towers with Radar,65,132,92,34,323,2,0,114,0,116,67,132,206,34,439,116,40,156,595
07/25/2002,SYR,NY,AEA,EN,Towers with Radar,78,136,81,30,325,1,0,93,15,109,79,136,174,45,434,82,44,126,560
07/26/2002,SYR,NY,AEA,EN,Towers with Radar,66,134,75,22,297,1,0,65,1,67,67,134,140,23,364,106,36,142,506
07/27/2002,SYR,NY,AEA,EN,Towers with Radar,70,76,23,2,171,1,0,27,5,33,71,76,50,7,204,30,0,30,234
07/28/2002,SYR,NY,AEA,EN,Towers with Radar,59,64,29,1,153,1,0,29,1,31,60,64,58,2,184,6,0,6,190
07/29/2002,SYR,NY,AEA,EN,Towers with Radar,60,103,44,9,216,1,0,62,1,64,61,103,106,10,280,16,24,40,320
07/30/2002,SYR,NY,AEA,EN,Towers with Radar,82,108,50,13,253,1,6,43,1,51,83,114,93,14,304,20,34,54,358
07/31/2002,SYR,NY,AEA,EN,Towers with Radar,60,101,58,10,229,19,26,121,0,166,79,127,179,10,395,126,34,160,555
08/01/2002,SYR,NY,AEA,EN,Towers with Radar,77,122,73,15,287,0,0,67,1,68,77,122,140,16,355,102,30,132,487
08/02/2002,SYR,NY,AEA,EN,Towers with Radar,77,106,40,3,226,0,0,52,2,54,77,106,92,5,280,38,0,38,318
08/03/2002,SYR,NY,AEA,EN,Towers with Radar,73,78,17,16,184,0,0,92,0,92,73,78,109,16,276,52,14,66,342
08/04/2002,SYR,NY,AEA,EN,Towers with Radar,81,69,51,2,203,0,3,85,0,88,81,72,136,2,291,50,12,62,353
08/05/2002,SYR,NY,AEA,EN,Towers with Radar,62,126,56,15,259,0,0,56,24,80,62,126,112,39,339,58,46,104,443
08/06/2002,SYR,NY,AEA,EN,Towers with Radar,72,134,70,21,297,0,0,75,0,75,72,134,145,21,372,96,26,122,494
08/07/2002,SYR,NY,AEA,EN,Towers with Radar,77,122,35,13,247,0,2,88,0,90,77,124,123,13,337,30,20,50,387
08/08/2002,SYR,NY,AEA,EN,Towers with Radar,78,129,60,10,277,0,1,65,0,66,78,130,125,10,343,34,18,52,395
08/09/2002,SYR,NY,AEA,EN,Towers with Radar,72,128,93,32,325,0,0,121,0,121,72,128,214,32,446,82,46,128,574
08/10/2002,SYR,NY,AEA,EN,Towers with Radar,66,74,25,25,190,0,0,72,5,77,66,74,97,30,267,58,48,106,373
08/11/2002,SYR,NY,AEA,EN,Towers with Radar,58,71,25,28,182,0,0,72,0,72,58,71,97,28,254,36,82,118,372
08/12/2002,SYR,NY,AEA,EN,Towers with Radar,66,111,33,22,232,0,7,59,0,66,66,118,92,22,298,28,14,42,340
08/13/2002,SYR,NY,AEA,EN,Towers with Radar,77,126,61,6,270,0,2,33,7,42,77,128,94,13,312,32,22,54,366
08/14/2002,SYR,NY,AEA,EN,Towers with Radar,73,128,40,14,255,0,1,40,0,41,73,129,80,14,296,30,18,48,344
08/15/2002,SYR,NY,AEA,EN,Towers with Radar,81,126,41,9,257,0,2,38,0,40,81,128,79,9,297,56,26,82,379
08/16/2002,SYR,NY,AEA,EN,Towers with Radar,66,112,33,0,211,0,0,38,0,38,66,112,71,0,249,68,4,72,321
08/17/2002,SYR,NY,AEA,EN,Towers with Radar,67,78,14,1,160,0,0,31,0,31,67,78,45,1,191,4,0,4,195
08/18/2002,SYR,NY,AEA,EN,Towers with Radar,65,60,21,0,146,0,0,38,0,38,65,60,59,0,184,10,0,10,194
08/19/2002,SYR,NY,AEA,EN,Towers with Radar,58,146,27,2,233,0,0,70,0,70,58,146,97,2,303,63,0,63,366
08/20/2002,SYR,NY,AEA,EN,Towers with Radar,76,120,56,9,261,0,0,71,2,73,76,120,127,11,334,54,26,80,414
08/21/2002,SYR,NY,AEA,EN,Towers with Radar,90,141,77,9,317,0,4,141,0,145,90,145,218,9,462,81,36,117,579
08/22/2002,SYR,NY,AEA,EN,Towers with Radar,68,111,52,6,237,0,0,53,0,53,68,111,105,6,290,72,16,88,378
08/23/2002,SYR,NY,AEA,EN,Towers with Radar,72,122,48,15,257,0,0,72,0,72,72,122,120,15,329,44,22,66,395
08/24/2002,SYR,NY,AEA,EN,Towers with Radar,61,68,30,1,160,0,1,6,0,7,61,69,36,1,167,3,3,6,173
08/25/2002,SYR,NY,AEA,EN,Towers with Radar,64,60,24,2,150,0,0,51,0,51,64,60,75,2,201,45,0,45,246
08/26/2002,SYR,NY,AEA,EN,Towers with Radar,53,108,41,14,216,0,0,81,5,86,53,108,122,19,302,46,24,70,372
08/27/2002,SYR,NY,AEA,EN,Towers with Radar,62,125,38,30,255,0,2,73,1,76,62,127,111,31,331,73,42,115,446
08/28/2002,SYR,NY,AEA,EN,Towers with Radar,73,134,82,26,315,0,0,84,5,89,73,134,166,31,404,140,49,189,593
08/29/2002,SYR,NY,AEA,EN,Towers with Radar,74,135,127,11,347,0,1,57,0,58,74,136,184,11,405,64,22,86,491
08/30/2002,SYR,NY,AEA,EN,Towers with Radar,68,169,62,5,304,0,0,72,0,72,68,169,134,5,376,110,6,116,492
08/31/2002,SYR,NY,AEA,EN,Towers with Radar,39,60,26,0,125,22,5,66,0,93,61,65,92,0,218,32,4,36,254
09/01/2002,SYR,NY,AEA,EN,Towers with Radar,54,38,36,0,128,0,0,69,0,69,54,38,105,0,197,74,0,74,271
09/02/2002,SYR,NY,AEA,EN,Towers with Radar,57,97,51,0,205,0,0,72,2,74,57,97,123,2,279,64,6,70,349
09/03/2002,SYR,NY,AEA,EN,Towers with Radar,63,134,57,9,263,0,0,47,1,48,63,134,104,10,311,98,12,110,421
09/04/2002,SYR,NY,AEA,EN,Towers with Radar,70,140,58,14,282,0,0,59,1,60,70,140,117,15,342,64,34,98,440
09/05/2002,SYR,NY,AEA,EN,Towers with Radar,72,128,73,28,301,0,1,54,3,58,72,129,127,31,359,73,26,99,458
09/06/2002,SYR,NY,AEA,EN,Towers with Radar,69,112,55,22,258,0,3,101,3,107,69,115,156,25,365,54,30,84,449
09/07/2002,SYR,NY,AEA,EN,Towers with Radar,65,90,69,22,246,0,0,92,1,93,65,90,161,23,339,107,40,147,486
09/08/2002,SYR,NY,AEA,EN,Towers with Radar,57,97,86,44,284,0,0,0,1,1,57,97,86,45,285,94,42,136,421
09/09/2002,SYR,NY,AEA,EN,Towers with Radar,62,123,65,6,256,0,0,68,3,71,62,123,133,9,327,81,17,98,425
09/10/2002,SYR,NY,AEA,EN,Towers with Radar,72,120,63,16,271,0,0,57,2,59,72,120,120,18,330,22,22,44,374
09/11/2002,SYR,NY,AEA,EN,Towers with Radar,77,113,48,41,279,0,0,19,3,22,77,113,67,44,301,48,31,79,380
09/12/2002,SYR,NY,AEA,EN,Towers with Radar,70,124,49,16,259,0,0,87,6,93,70,124,136,22,352,42,16,58,410
09/13/2002,SYR,NY,AEA,EN,Towers with Radar,70,116,63,23,272,0,0,100,6,106,70,116,163,29,378,64,48,112,490
09/14/2002,SYR,NY,AEA,EN,Towers with Radar,68,63,18,28,177,0,0,42,3,45,68,63,60,31,222,12,16,28,250
09/15/2002,SYR,NY,AEA,EN,Towers with Radar,52,56,19,25,152,0,0,2,0,2,52,56,21,25,154,54,27,81,235
09/16/2002,SYR,NY,AEA,EN,Towers with Radar,55,103,44,25,227,0,0,45,2,47,55,103,89,27,274,24,6,30,304
09/17/2002,SYR,NY,AEA,EN,Towers with Radar,73,138,78,33,322,0,0,61,3,64,73,138,139,36,386,84,41,125,511
09/18/2002,SYR,NY,AEA,EN,Towers with Radar,76,146,74,21,317,0,0,100,4,104,76,146,174,25,421,90,40,130,551
09/19/2002,SYR,NY,AEA,EN,Towers with Radar,78,117,69,11,275,0,1,72,0,73,78,118,141,11,348,49,8,57,405
09/20/2002,SYR,NY,AEA,EN,Towers with Radar,78,111,62,10,261,0,0,35,1,36,78,111,97,11,297,43,30,73,370
09/21/2002,SYR,NY,AEA,EN,Towers with Radar,58,105,57,2,222,0,0,22,0,22,58,105,79,2,244,36,0,36,280
09/22/2002,SYR,NY,AEA,EN,Towers with Radar,53,74,29,6,162,0,0,6,0,6,53,74,35,6,168,24,2,26,194
09/23/2002,SYR,NY,AEA,EN,Towers with Radar,50,107,56,11,224,0,8,69,0,77,50,115,125,11,301,58,0,58,359
09/24/2002,SYR,NY,AEA,EN,Towers with Radar,63,97,55,15,230,27,0,86,6,119,90,97,141,21,349,44,30,74,423
09/25/2002,SYR,NY,AEA,EN,Towers with Radar,66,118,62,8,254,0,11,77,0,88,66,129,139,8,342,61,14,75,417
09/26/2002,SYR,NY,AEA,EN,Towers with Radar,66,136,107,6,315,0,0,66,0,66,66,136,173,6,381,73,14,87,468
09/27/2002,SYR,NY,AEA,EN,Towers with Radar,58,143,53,1,255,0,0,0,0,0,58,143,53,1,255,3,0,3,258
09/28/2002,SYR,NY,AEA,EN,Towers with Radar,50,83,22,6,161,0,0,41,0,41,50,83,63,6,202,21,2,23,225
09/29/2002,SYR,NY,AEA,EN,Towers with Radar,59,64,27,0,150,0,0,66,0,66,59,64,93,0,216,20,0,20,236
09/30/2002,SYR,NY,AEA,EN,Towers with Radar,55,115,50,5,225,0,3,44,0,47,55,118,94,5,272,22,10,32,304
10/01/2002,SYR,NY,AEA,EN,Towers with Radar,65,121,56,11,253,1,3,64,5,73,66,124,120,16,326,62,21,83,409
10/02/2002,SYR,NY,AEA,EN,Towers with Radar,59,135,60,18,272,1,1,30,1,33,60,136,90,19,305,60,19,79,384
10/03/2002,SYR,NY,AEA,EN,Towers with Radar,66,126,52,12,256,1,0,48,2,51,67,126,100,14,307,38,16,54,361
10/04/2002,SYR,NY,AEA,EN,Towers with Radar,60,144,95,11,310,1,3,21,0,25,61,147,116,11,335,77,15,92,427
10/05/2002,SYR,NY,AEA,EN,Towers with Radar,66,69,27,19,181,7,0,19,0,26,73,69,46,19,207,28,12,40,247
10/06/2002,SYR,NY,AEA,EN,Towers with Radar,52,55,34,44,185,1,0,72,0,73,53,55,106,44,258,30,66,96,354
10/07/2002,SYR,NY,AEA,EN,Towers with Radar,49,132,60,0,241,1,0,22,0,23,50,132,82,0,264,44,4,48,312
10/08/2002,SYR,NY,AEA,EN,Towers with Radar,64,132,75,29,300,1,4,60,4,69,65,136,135,33,369,52,46,98,467
10/09/2002,SYR,NY,AEA,EN,Towers with Radar,64,134,73,33,304,1,4,74,3,82,65,138,147,36,386,93,38,131,517
10/10/2002,SYR,NY,AEA,EN,Towers with Radar,60,138,73,38,309,1,0,66,2,69,61,138,139,40,378,58,52,110,488
10/11/2002,SYR,NY,AEA,EN,Towers with Radar,65,136,71,1,273,1,0,20,0,21,66,136,91,1,294,38,4,42,336
10/12/2002,SYR,NY,AEA,EN,Towers with Radar,60,73,23,0,156,1,2,28,0,31,61,75,51,0,187,8,0,8,195
10/13/2002,SYR,NY,AEA,EN,Towers with Radar,53,63,17,3,136,1,1,17,0,19,54,64,34,3,155,8,0,8,163
10/14/2002,SYR,NY,AEA,EN,Towers with Radar,55,120,46,25,246,1,2,70,0,73,56,122,116,25,319,102,68,170,489
10/15/2002,SYR,NY,AEA,EN,Towers with Radar,58,148,50,8,264,1,0,98,0,99,59,148,148,8,363,64,38,102,465
10/16/2002,SYR,NY,AEA,EN,Towers with Radar,62,133,55,3,253,1,0,5,0,6,63,133,60,3,259,16,4,20,279
10/17/2002,SYR,NY,AEA,EN,Towers with Radar,61,135,86,14,296,0,1,42,0,43,61,136,128,14,339,58,26,84,423
10/18/2002,SYR,NY,AEA,EN,Towers with Radar,60,138,64,33,295,0,1,50,0,51,60,139,114,33,346,117,52,169,515
10/19/2002,SYR,NY,AEA,EN,Towers with Radar,60,80,11,0,151,0,2,0,0,2,60,82,11,0,153,0,0,0,153
10/20/2002,SYR,NY,AEA,EN,Towers with Radar,60,65,29,4,158,0,2,35,0,37,60,67,64,4,195,8,0,8,203
10/21/2002,SYR,NY,AEA,EN,Towers with Radar,52,117,45,22,236,0,1,88,8,97,52,118,133,30,333,19,26,45,378
10/22/2002,SYR,NY,AEA,EN,Towers with Radar,60,136,65,20,281,0,0,47,3,50,60,136,112,23,331,104,46,150,481
10/23/2002,SYR,NY,AEA,EN,Towers with Radar,66,122,37,32,257,0,3,58,0,61,66,125,95,32,318,30,33,63,381
10/24/2002,SYR,NY,AEA,EN,Towers with Radar,69,123,62,18,272,0,1,63,0,64,69,124,125,18,336,26,26,52,388
10/25/2002,SYR,NY,AEA,EN,Towers with Radar,66,121,54,23,264,0,1,80,0,81,66,122,134,23,345,122,49,171,516
10/26/2002,SYR,NY,AEA,EN,Towers with Radar,57,74,24,0,155,0,1,2,0,3,57,75,26,0,158,2,0,2,160
10/27/2002,SYR,NY,AEA,EN,Towers with Radar,46,73,28,1,148,0,1,28,1,30,46,74,56,2,178,18,0,18,196
10/28/2002,SYR,NY,AEA,EN,Towers with Radar,48,112,41,16,217,0,0,57,0,57,48,112,98,16,274,40,38,78,352
10/29/2002,SYR,NY,AEA,EN,Towers with Radar,69,134,72,16,291,0,1,74,3,78,69,135,146,19,369,80,36,116,485
10/30/2002,SYR,NY,AEA,EN,Towers with Radar,63,134,52,34,283,0,0,67,6,73,63,134,119,40,356,76,40,116,472
10/31/2002,SYR,NY,AEA,EN,Towers with Radar,65,146,58,24,293,0,0,67,2,69,65,146,125,26,362,68,56,124,486
11/01/2002,SYR,NY,AEA,EN,Towers with Radar,64,142,50,30,286,0,0,10,0,10,64,142,60,30,296,44,28,72,368
11/02/2002,SYR,NY,AEA,EN,Towers with Radar,60,73,23,0,156,0,0,2,0,2,60,73,25,0,158,29,0,29,187
11/03/2002,SYR,NY,AEA,EN,Towers with Radar,49,80,30,23,182,0,0,32,5,37,49,80,62,28,219,4,18,22,241
11/04/2002,SYR,NY,AEA,EN,Towers with Radar,46,119,34,10,209,0,0,13,3,16,46,119,47,13,225,29,16,45,270
11/05/2002,SYR,NY,AEA,EN,Towers with Radar,59,134,47,13,253,0,0,72,3,75,59,134,119,16,328,8,48,56,384
11/06/2002,SYR,NY,AEA,EN,Towers with Radar,60,126,36,10,232,0,0,6,0,6,60,126,42,10,238,2,2,4,242
11/07/2002,SYR,NY,AEA,EN,Towers with Radar,65,130,55,25,275,0,0,73,4,77,65,130,128,29,352,84,57,141,493
11/08/2002,SYR,NY,AEA,EN,Towers with Radar,57,149,64,3,273,0,2,75,2,79,57,151,139,5,352,98,8,106,458
11/09/2002,SYR,NY,AEA,EN,Towers with Radar,60,69,54,1,184,0,4,89,6,99,60,73,143,7,283,82,0,82,365
11/10/2002,SYR,NY,AEA,EN,Towers with Radar,58,68,24,0,150,0,0,23,0,23,58,68,47,0,173,22,0,22,195
11/11/2002,SYR,NY,AEA,EN,Towers with Radar,49,102,30,0,181,0,0,1,4,5,49,102,31,4,186,3,0,3,189
11/12/2002,SYR,NY,AEA,EN,Towers with Radar,57,120,67,6,250,0,0,16,0,16,57,120,83,6,266,46,10,56,322
11/13/2002,SYR,NY,AEA,EN,Towers with Radar,64,139,79,14,296,0,0,37,0,37,64,139,116,14,333,52,16,68,401
11/14/2002,SYR,NY,AEA,EN,Towers with Radar,60,133,44,32,269,0,0,80,1,81,60,133,124,33,350,20,30,50,400
11/15/2002,SYR,NY,AEA,EN,Towers with Radar,70,134,83,24,311,0,0,27,0,27,70,134,110,24,338,60,10,70,408
11/16/2002,SYR,NY,AEA,EN,Towers with Radar,59,77,9,0,145,0,0,3,0,3,59,77,12,0,148,0,0,0,148
11/17/2002,SYR,NY,AEA,EN,Towers with Radar,51,73,2,0,126,0,0,0,0,0,51,73,2,0,126,0,0,0,126
11/18/2002,SYR,NY,AEA,EN,Towers with Radar,65,115,26,23,229,0,2,0,0,2,65,117,26,23,231,0,10,10,241
11/19/2002,SYR,NY,AEA,EN,Towers with Radar,58,133,54,2,247,0,0,19,0,19,58,133,73,2,266,50,0,50,316
11/20/2002,SYR,NY,AEA,EN,Towers with Radar,62,146,52,30,290,0,4,93,3,100,62,150,145,33,390,66,18,84,474
11/21/2002,SYR,NY,AEA,EN,Towers with Radar,59,141,63,14,277,0,0,56,7,63,59,141,119,21,340,66,18,84,424
11/22/2002,SYR,NY,AEA,EN,Towers with Radar,62,133,57,3,255,0,0,8,0,8,62,133,65,3,263,32,0,32,295
11/23/2002,SYR,NY,AEA,EN,Towers with Radar,53,83,16,0,152,0,0,0,0,0,53,83,16,0,152,0,0,0,152
11/24/2002,SYR,NY,AEA,EN,Towers with Radar,48,73,15,0,136,0,0,17,2,19,48,73,32,2,155,8,0,8,163
11/25/2002,SYR,NY,AEA,EN,Towers with Radar,44,114,35,21,214,0,0,8,0,8,44,114,43,21,222,14,12,26,248
11/26/2002,SYR,NY,AEA,EN,Towers with Radar,54,131,68,26,279,0,0,47,0,47,54,131,115,26,326,30,30,60,386
11/27/2002,SYR,NY,AEA,EN,Towers with Radar,66,136,29,7,238,0,0,20,2,22,66,136,49,9,260,36,8,44,304
11/28/2002,SYR,NY,AEA,EN,Towers with Radar,55,70,4,0,129,0,0,1,0,1,55,70,5,0,130,0,0,0,130
11/29/2002,SYR,NY,AEA,EN,Towers with Radar,45,71,13,0,129,0,0,1,0,1,45,71,14,0,130,0,0,0,130
11/30/2002,SYR,NY,AEA,EN,Towers with Radar,50,69,15,0,134,0,0,13,0,13,50,69,28,0,147,8,0,8,155
12/01/2002,SYR,NY,AEA,EN,Towers with Radar,50,83,15,0,148,1,1,10,0,12,51,84,25,0,160,2,0,2,162
12/02/2002,SYR,NY,AEA,EN,Towers with Radar,37,118,34,0,189,1,0,0,0,1,38,118,34,0,190,0,0,0,190
12/03/2002,SYR,NY,AEA,EN,Towers with Radar,60,147,23,13,243,1,0,15,0,16,61,147,38,13,259,12,14,26,285
12/04/2002,SYR,NY,AEA,EN,Towers with Radar,57,146,49,22,274,0,1,21,0,22,57,147,70,22,296,28,34,62,358
12/05/2002,SYR,NY,AEA,EN,Towers with Radar,55,121,35,8,219,0,0,20,9,29,55,121,55,17,248,32,14,46,294
12/06/2002,SYR,NY,AEA,EN,Towers with Radar,58,134,43,22,257,0,1,37,0,38,58,135,80,22,295,54,30,84,379
12/07/2002,SYR,NY,AEA,EN,Towers with Radar,46,77,17,14,154,0,1,48,1,50,46,78,65,15,204,12,36,48,252
12/08/2002,SYR,NY,AEA,EN,Towers with Radar,42,81,16,1,140,0,0,0,0,0,42,81,16,1,140,2,0,2,142
12/09/2002,SYR,NY,AEA,EN,Towers with Radar,42,125,40,14,221,0,1,58,2,61,42,126,98,16,282,22,24,46,328
12/10/2002,SYR,NY,AEA,EN,Towers with Radar,57,118,54,10,239,0,1,82,2,85,57,119,136,12,324,60,14,74,398
12/11/2002,SYR,NY,AEA,EN,Towers with Radar,56,123,34,5,218,0,0,38,2,40,56,123,72,7,258,58,0,58,316
12/12/2002,SYR,NY,AEA,EN,Towers with Radar,56,142,67,8,273,0,1,2,0,3,56,143,69,8,276,0,0,0,276
12/13/2002,SYR,NY,AEA,EN,Towers with Radar,58,143,52,0,253,0,0,28,0,28,58,143,80,0,281,98,0,98,379
12/14/2002,SYR,NY,AEA,EN,Towers with Radar,55,89,25,0,169,0,0,0,0,0,55,89,25,0,169,4,0,4,173
12/15/2002,SYR,NY,AEA,EN,Towers with Radar,49,96,31,0,176,0,0,11,0,11,49,96,42,0,187,14,0,14,201
12/16/2002,SYR,NY,AEA,EN,Towers with Radar,40,113,25,7,185,0,0,0,0,0,40,113,25,7,185,4,10,14,199
12/17/2002,SYR,NY,AEA,EN,Towers with Radar,65,114,34,6,219,0,3,59,2,64,65,117,93,8,283,48,18,66,349
12/18/2002,SYR,NY,AEA,EN,Towers with Radar,60,113,36,16,225,0,5,72,0,77,60,118,108,16,302,0,12,12,314
12/19/2002,SYR,NY,AEA,EN,Towers with Radar,65,127,66,11,269,0,0,45,0,45,65,127,111,11,314,48,10,58,372
12/20/2002,SYR,NY,AEA,EN,Towers with Radar,61,151,45,13,270,0,0,23,0,23,61,151,68,13,293,38,12,50,343
12/21/2002,SYR,NY,AEA,EN,Towers with Radar,61,112,31,1,205,0,0,11,0,11,61,112,42,1,216,28,0,28,244
12/22/2002,SYR,NY,AEA,EN,Towers with Radar,46,91,26,0,163,0,0,38,0,38,46,91,64,0,201,58,0,58,259
12/23/2002,SYR,NY,AEA,EN,Towers with Radar,51,123,31,19,224,0,0,12,0,12,51,123,43,19,236,18,28,46,282
12/24/2002,SYR,NY,AEA,EN,Towers with Radar,58,133,33,5,229,0,0,17,0,17,58,133,50,5,246,20,0,20,266
12/25/2002,SYR,NY,AEA,EN,Towers with Radar,37,46,0,0,83,0,0,0,0,0,37,46,0,0,83,0,0,0,83
12/26/2002,SYR,NY,AEA,EN,Towers with Radar,48,111,26,0,185,2,1,3,0,6,50,112,29,0,191,2,0,2,193
12/27/2002,SYR,NY,AEA,EN,Towers with Radar,58,106,24,2,190,0,1,18,3,22,58,107,42,5,212,28,0,28,240
12/28/2002,SYR,NY,AEA,EN,Towers with Radar,48,73,10,0,131,0,0,6,0,6,48,73,16,0,137,0,0,0,137
12/29/2002,SYR,NY,AEA,EN,Towers with Radar,47,77,20,0,144,0,0,3,0,3,47,77,23,0,147,10,0,10,157
12/30/2002,SYR,NY,AEA,EN,Towers with Radar,41,113,31,4,189,0,0,46,0,46,41,113,77,4,235,26,6,32,267
12/31/2002,SYR,NY,AEA,EN,Towers with Radar,60,114,40,16,230,0,0,24,0,24,60,114,64,16,254,46,18,64,318
01/01/2003,SYR,NY,AEA,EN,Towers with Radar,52,85,29,0,166,1,0,15,0,16,53,85,44,0,182,42,0,42,224
01/02/2003,SYR,NY,AEA,EN,Towers with Radar,53,104,14,0,171,1,0,22,0,23,54,104,36,0,194,20,0,20,214
01/03/2003,SYR,NY,AEA,EN,Towers with Radar,62,99,2,0,163,1,0,0,0,1,63,99,2,0,164,0,0,0,164
01/04/2003,SYR,NY,AEA,EN,Towers with Radar,56,71,8,0,135,1,0,0,0,1,57,71,8,0,136,4,0,4,140
01/05/2003,SYR,NY,AEA,EN,Towers with Radar,39,66,15,0,120,1,0,10,0,11,40,66,25,0,131,12,0,12,143
01/06/2003,SYR,NY,AEA,EN,Towers with Radar,46,128,62,1,237,1,0,8,0,9,47,128,70,1,246,16,2,18,264
01/07/2003,SYR,NY,AEA,EN,Towers with Radar,49,153,68,17,287,1,0,33,0,34,50,153,101,17,321,64,42,106,427
01/08/2003,SYR,NY,AEA,EN,Towers with Radar,48,162,55,1,266,1,0,0,0,1,49,162,55,1,267,0,0,0,267
01/09/2003,SYR,NY,AEA,EN,Towers with Radar,55,145,56,13,269,0,0,12,1,13,55,145,68,14,282,32,12,44,326
01/10/2003,SYR,NY,AEA,EN,Towers with Radar,54,150,61,12,277,0,0,87,1,88,54,150,148,13,365,74,22,96,461
01/11/2003,SYR,NY,AEA,EN,Towers with Radar,41,79,12,6,138,0,2,4,0,6,41,81,16,6,144,0,4,4,148
01/12/2003,SYR,NY,AEA,EN,Towers with Radar,35,78,8,2,123,0,0,1,0,1,35,78,9,2,124,0,0,0,124
01/13/2003,SYR,NY,AEA,EN,Towers with Radar,44,148,59,6,257,0,0,20,0,20,44,148,79,6,277,44,6,50,327
01/14/2003,SYR,NY,AEA,EN,Towers with Radar,59,118,38,7,222,0,0,30,2,32,59,118,68,9,254,16,16,32,286
01/15/2003,SYR,NY,AEA,EN,Towers with Radar,62,148,57,14,281,0,0,34,1,35,62,148,91,15,316,46,16,62,378
01/16/2003,SYR,NY,AEA,EN,Towers with Radar,57,126,74,8,265,0,0,34,1,35,57,126,108,9,300,8,22,30,330
01/17/2003,SYR,NY,AEA,EN,Towers with Radar,66,115,27,0,208,0,0,36,0,36,66,115,63,0,244,10,0,10,254
01/18/2003,SYR,NY,AEA,EN,Towers with Radar,51,105,61,0,217,0,0,72,0,72,51,105,133,0,289,122,0,122,411
01/19/2003,SYR,NY,AEA,EN,Towers with Radar,43,106,32,0,181,0,0,40,0,40,43,106,72,0,221,50,0,50,271
01/20/2003,SYR,NY,AEA,EN,Towers with Radar,42,96,17,0,155,0,0,0,0,0,42,96,17,0,155,0,0,0,155
01/21/2003,SYR,NY,AEA,EN,Towers with Radar,57,151,62,10,280,0,0,44,0,44,57,151,106,10,324,68,8,76,400
01/22/2003,SYR,NY,AEA,EN,Towers with Radar,56,144,52,14,266,0,0,15,0,15,56,144,67,14,281,26,10,36,317
01/23/2003,SYR,NY,AEA,EN,Towers with Radar,65,147,55,6,273,0,0,15,0,15,65,147,70,6,288,16,2,18,306
01/24/2003,SYR,NY,AEA,EN,Towers with Radar,55,155,53,7,270,0,0,16,0,16,55,155,69,7,286,40,4,44,330
01/25/2003,SYR,NY,AEA,EN,Towers with Radar,42,111,95,8,256,0,0,54,0,54,42,111,149,8,310,108,8,116,426
01/26/2003,SYR,NY,AEA,EN,Towers with Radar,42,104,56,12,214,0,0,1,0,1,42,104,57,12,215,2,0,2,217
01/27/2003,SYR,NY,AEA,EN,Towers with Radar,38,106,39,5,188,0,11,35,0,46,38,117,74,5,234,16,8,24,258
01/28/2003,SYR,NY,AEA,EN,Towers with Radar,66,125,34,13,238,0,0,30,3,33,66,125,64,16,271,12,4,16,287
01/29/2003,SYR,NY,AEA,EN,Towers with Radar,60,141,43,5,249,0,0,12,0,12,60,141,55,5,261,74,4,78,339
01/30/2003,SYR,NY,AEA,EN,Towers with Radar,62,124,43,13,242,0,0,81,3,84,62,124,124,16,326,40,4,44,370
01/31/2003,SYR,NY,AEA,EN,Towers with Radar,57,156,70,5,288,0,0,55,0,55,57,156,125,5,343,116,6,122,465
02/01/2003,SYR,NY,AEA,EN,Towers with Radar,49,97,30,0,176,0,0,0,0,0,49,97,30,0,176,0,0,0,176
02/02/2003,SYR,NY,AEA,EN,Towers with Radar,43,110,33,0,186,0,0,0,0,0,43,110,33,0,186,0,0,0,186
02/03/2003,SYR,NY,AEA,EN,Towers with Radar,34,128,23,16,201,0,0,37,0,37,34,128,60,16,238,12,12,24,262
02/04/2003,SYR,NY,AEA,EN,Towers with Radar,65,143,45,0,253,0,0,2,0,2,65,143,47,0,255,20,0,20,275
02/05/2003,SYR,NY,AEA,EN,Towers with Radar,65,139,42,2,248,0,0,2,0,2,65,139,44,2,250,2,2,4,254
02/06/2003,SYR,NY,AEA,EN,Towers with Radar,55,141,43,8,247,0,6,64,2,72,55,147,107,10,319,26,6,32,351
02/07/2003,SYR,NY,AEA,EN,Towers with Radar,81,112,30,13,236,0,0,20,0,20,81,112,50,13,256,2,6,8,264
02/08/2003,SYR,NY,AEA,EN,Towers with Radar,40,77,23,8,148,0,4,59,0,63,40,81,82,8,211,32,34,66,277
02/09/2003,SYR,NY,AEA,EN,Towers with Radar,60,73,25,20,178,0,0,17,0,17,60,73,42,20,195,8,4,12,207
02/10/2003,SYR,NY,AEA,EN,Towers with Radar,46,132,56,4,238,0,0,13,0,13,46,132,69,4,251,28,4,32,283
02/11/2003,SYR,NY,AEA,EN,Towers with Radar,57,152,69,11,289,0,0,51,1,52,57,152,120,12,341,52,50,102,443
02/12/2003,SYR,NY,AEA,EN,Towers with Radar,50,140,27,0,217,0,1,5,0,6,50,141,32,0,223,0,0,0,223
02/13/2003,SYR,NY,AEA,EN,Towers with Radar,55,137,41,4,237,0,0,2,0,2,55,137,43,4,239,2,6,8,247
02/14/2003,SYR,NY,AEA,EN,Towers with Radar,78,147,52,8,285,0,0,6,0,6,78,147,58,8,291,2,0,2,293
02/15/2003,SYR,NY,AEA,EN,Towers with Radar,52,64,56,2,174,0,0,0,0,0,52,64,56,2,174,4,0,4,178
02/16/2003,SYR,NY,AEA,EN,Towers with Radar,35,63,16,0,114,0,0,19,0,19,35,63,35,0,133,6,0,6,139
02/17/2003,SYR,NY,AEA,EN,Towers with Radar,36,53,18,0,107,0,0,3,0,3,36,53,21,0,110,0,0,0,110
02/18/2003,SYR,NY,AEA,EN,Towers with Radar,51,93,21,3,168,0,0,16,0,16,51,93,37,3,184,18,0,18,202
02/19/2003,SYR,NY,AEA,EN,Towers with Radar,64,127,22,15,228,0,0,27,3,30,64,127,49,18,258,18,24,42,300
02/20/2003,SYR,NY,AEA,EN,Towers with Radar,58,130,53,7,248,0,4,78,0,82,58,134,131,7,330,58,4,62,392
02/21/2003,SYR,NY,AEA,EN,Towers with Radar,56,135,37,12,240,0,3,56,3,62,56,138,93,15,302,80,12,92,394
02/22/2003,SYR,NY,AEA,EN,Towers with Radar,52,68,15,0,135,0,0,2,0,2,52,68,17,0,137,2,0,2,139
02/23/2003,SYR,NY,AEA,EN,Towers with Radar,53,71,7,0,131,0,0,0,0,0,53,71,7,0,131,0,0,0,131
02/24/2003,SYR,NY,AEA,EN,Towers with Radar,58,139,43,7,247,0,0,21,0,21,58,139,64,7,268,30,4,34,302
02/25/2003,SYR,NY,AEA,EN,Towers with Radar,62,143,34,27,266,0,5,26,0,31,62,148,60,27,297,20,30,50,347
02/26/2003,SYR,NY,AEA,EN,Towers with Radar,59,165,32,21,277,0,0,55,0,55,59,165,87,21,332,64,26,90,422
02/27/2003,SYR,NY,AEA,EN,Towers with Radar,57,160,56,21,294,0,1,47,2,50,57,161,103,23,344,48,32,80,424
02/28/2003,SYR,NY,AEA,EN,Towers with Radar,52,163,53,1,269,0,0,48,0,48,52,163,101,1,317,86,4,90,407
03/01/2003,SYR,NY,AEA,EN,Towers with Radar,65,77,28,0,170,0,0,38,0,38,65,77,66,0,208,4,0,4,212
03/02/2003,SYR,NY,AEA,EN,Towers with Radar,54,70,13,0,137,0,0,2,0,2,54,70,15,0,139,0,0,0,139
03/03/2003,SYR,NY,AEA,EN,Towers with Radar,49,109,30,6,194,0,0,15,0,15,49,109,45,6,209,14,20,34,243
03/04/2003,SYR,NY,AEA,EN,Towers with Radar,67,134,59,19,279,0,1,49,2,52,67,135,108,21,331,52,28,80,411
03/05/2003,SYR,NY,AEA,EN,Towers with Radar,60,132,35,2,229,0,0,8,0,8,60,132,43,2,237,0,0,0,237
03/06/2003,SYR,NY,AEA,EN,Towers with Radar,95,154,50,26,325,0,3,26,0,29,95,157,76,26,354,24,52,76,430
03/07/2003,SYR,NY,AEA,EN,Towers with Radar,51,161,41,20,273,0,0,89,1,90,51,161,130,21,363,64,40,104,467
03/08/2003,SYR,NY,AEA,EN,Towers with Radar,55,87,44,16,202,0,1,64,4,69,55,88,108,20,271,68,12,80,351
03/09/2003,SYR,NY,AEA,EN,Towers with Radar,45,92,20,12,169,0,0,2,0,2,45,92,22,12,171,6,2,8,179
03/10/2003,SYR,NY,AEA,EN,Towers with Radar,33,134,23,2,192,0,0,10,0,10,33,134,33,2,202,2,0,2,204
03/11/2003,SYR,NY,AEA,EN,Towers with Radar,58,139,24,10,231,0,0,51,4,55,58,139,75,14,286,20,20,40,326
03/12/2003,SYR,NY,AEA,EN,Towers with Radar,51,154,62,15,282,0,0,21,0,21,51,154,83,15,303,38,16,54,357
03/13/2003,SYR,NY,AEA,EN,Towers with Radar,56,159,44,1,260,0,0,16,0,16,56,159,60,1,276,30,4,34,310
03/14/2003,SYR,NY,AEA,EN,Towers with Radar,57,135,22,0,214,0,0,84,0,84,57,135,106,0,298,6,0,6,304
03/15/2003,SYR,NY,AEA,EN,Towers with Radar,51,93,50,4,198,0,2,96,0,98,51,95,146,4,296,70,10,80,376
03/16/2003,SYR,NY,AEA,EN,Towers with Radar,43,92,57,0,192,0,0,84,0,84,43,92,141,0,276,118,0,118,394
03/17/2003,SYR,NY,AEA,EN,Towers with Radar,42,140,20,28,230,0,1,61,0,62,42,141,81,28,292,18,16,34,326
03/18/2003,SYR,NY,AEA,EN,Towers with Radar,60,141,58,22,281,0,5,45,0,50,60,146,103,22,331,48,32,80,411
03/19/2003,SYR,NY,AEA,EN,Towers with Radar,55,150,37,30,272,0,0,61,1,62,55,150,98,31,334,50,40,90,424
03/20/2003,SYR,NY,AEA,EN,Towers with Radar,57,139,52,1,249,0,3,4,0,7,57,142,56,1,256,2,0,2,258
03/21/2003,SYR,NY,AEA,EN,Towers with Radar,59,155,61,15,290,0,0,19,2,21,59,155,80,17,311,48,12,60,371
03/22/2003,SYR,NY,AEA,EN,Towers with Radar,53,75,17,0,145,0,1,30,2,33,53,76,47,2,178,22,0,22,200
03/23/2003,SYR,NY,AEA,EN,Towers with Radar,43,73,24,2,142,0,0,7,0,7,43,73,31,2,149,6,0,6,155
03/24/2003,SYR,NY,AEA,EN,Towers with Radar,44,137,51,10,242,0,1,71,1,73,44,138,122,11,315,80,18,98,413
03/25/2003,SYR,NY,AEA,EN,Towers with Radar,57,165,73,20,315,0,1,59,8,68,57,166,132,28,383,54,34,88,471
03/26/2003,SYR,NY,AEA,EN,Towers with Radar,56,153,59,34,302,0,0,21,0,21,56,153,80,34,323,10,34,44,367
03/27/2003,SYR,NY,AEA,EN,Towers with Radar,59,141,58,11,269,0,0,79,1,80,59,141,137,12,349,60,14,74,423
03/28/2003,SYR,NY,AEA,EN,Towers with Radar,61,143,61,8,273,0,0,43,0,43,61,143,104,8,316,88,16,104,420
03/29/2003,SYR,NY,AEA,EN,Towers with Radar,53,75,8,4,140,0,1,3,0,4,53,76,11,4,144,0,0,0,144
03/30/2003,SYR,NY,AEA,EN,Towers with Radar,41,74,9,2,126,0,0,0,0,0,41,74,9,2,126,0,0,0,126
03/31/2003,SYR,NY,AEA,EN,Towers with Radar,45,140,60,26,271,0,0,77,0,77,45,140,137,26,348,90,52,142,490
04/01/2003,SYR,NY,AEA,EN,Towers with Radar,57,129,24,7,217,0,2,8,2,12,57,131,32,9,229,6,10,16,245
04/02/2003,SYR,NY,AEA,EN,Towers with Radar,62,144,36,30,272,0,0,27,1,28,62,144,63,31,300,36,34,70,370
04/03/2003,SYR,NY,AEA,EN,Towers with Radar,49,127,39,13,228,0,0,4,2,6,49,127,43,15,234,4,18,22,256
04/04/2003,SYR,NY,AEA,EN,Towers with Radar,80,118,11,2,211,0,0,0,0,0,80,118,11,2,211,0,0,0,211
04/05/2003,SYR,NY,AEA,EN,Towers with Radar,39,71,11,17,138,0,0,8,4,12,39,71,19,21,150,8,0,8,158
04/06/2003,SYR,NY,AEA,EN,Towers with Radar,44,80,26,22,172,0,1,49,5,55,44,81,75,27,227,22,36,58,285
04/07/2003,SYR,NY,AEA,EN,Towers with Radar,43,125,31,29,228,0,0,22,0,22,43,125,53,29,250,52,48,100,350
04/08/2003,SYR,NY,AEA,EN,Towers with Radar,59,138,41,10,248,0,1,18,0,19,59,139,59,10,267,14,4,18,285
04/09/2003,SYR,NY,AEA,EN,Towers with Radar,50,139,32,10,231,0,0,2,1,3,50,139,34,11,234,0,6,6,240
04/10/2003,SYR,NY,AEA,EN,Towers with Radar,60,131,68,34,293,0,2,70,21,93,60,133,138,55,386,12,60,72,458
04/11/2003,SYR,NY,AEA,EN,Towers with Radar,54,135,38,2,229,0,0,46,1,47,54,135,84,3,276,30,0,30,306
04/12/2003,SYR,NY,AEA,EN,Towers with Radar,48,88,35,1,172,0,0,65,6,71,48,88,100,7,243,28,0,28,271
04/13/2003,SYR,NY,AEA,EN,Towers with Radar,43,76,32,0,151,0,0,49,0,49,43,76,81,0,200,22,0,22,222
04/14/2003,SYR,NY,AEA,EN,Towers with Radar,39,131,35,11,216,0,1,94,14,109,39,132,129,25,325,40,30,70,395
04/15/2003,SYR,NY,AEA,EN,Towers with Radar,58,149,35,11,253,0,1,41,1,43,58,150,76,12,296,72,6,78,374
04/16/2003,SYR,NY,AEA,EN,Towers with Radar,44,150,68,25,287,0,0,59,3,62,44,150,127,28,349,54,36,90,439
04/17/2003,SYR,NY,AEA,EN,Towers with Radar,50,155,61,16,282,0,3,49,0,52,50,158,110,16,334,102,28,130,464
04/18/2003,SYR,NY,AEA,EN,Towers with Radar,82,131,64,22,299,0,0,48,0,48,82,131,112,22,347,62,40,102,449
04/19/2003,SYR,NY,AEA,EN,Towers with Radar,56,83,40,4,183,0,0,56,0,56,56,83,96,4,239,56,0,56,295
04/20/2003,SYR,NY,AEA,EN,Towers with Radar,47,92,26,0,165,0,0,44,0,44,47,92,70,0,209,106,2,108,317
04/21/2003,SYR,NY,AEA,EN,Towers with Radar,45,126,33,16,220,0,2,22,1,25,45,128,55,17,245,24,14,38,283
04/22/2003,SYR,NY,AEA,EN,Towers with Radar,58,131,29,16,234,0,4,17,1,22,58,135,46,17,256,6,12,18,274
04/23/2003,SYR,NY,AEA,EN,Towers with Radar,48,133,38,0,219,0,0,0,0,0,48,133,38,0,219,0,0,0,219
04/24/2003,SYR,NY,AEA,EN,Towers with Radar,53,129,46,20,248,0,2,56,8,66,53,131,102,28,314,26,20,46,360
04/25/2003,SYR,NY,AEA,EN,Towers with Radar,57,137,61,19,274,0,1,110,5,116,57,138,171,24,390,74,20,94,484
04/26/2003,SYR,NY,AEA,EN,Towers with Radar,58,84,49,0,191,0,0,16,0,16,58,84,65,0,207,12,0,12,219
04/27/2003,SYR,NY,AEA,EN,Towers with Radar,46,81,32,1,160,0,0,101,0,101,46,81,133,1,261,60,0,60,321
04/28/2003,SYR,NY,AEA,EN,Towers with Radar,36,129,23,0,188,0,1,69,0,70,36,130,92,0,258,22,0,22,280
04/29/2003,SYR,NY,AEA,EN,Towers with Radar,67,145,45,11,268,0,0,56,0,56,67,145,101,11,324,74,28,102,426
04/30/2003,SYR,NY,AEA,EN,Towers with Radar,51,139,52,13,255,0,0,98,4,102,51,139,150,17,357,70,44,114,471
05/01/2003,SYR,NY,AEA,EN,Towers with Radar,58,136,46,5,245,0,0,26,1,27,58,136,72,6,272,30,14,44,316
05/02/2003,SYR,NY,AEA,EN,Towers with Radar,66,134,49,6,255,0,0,19,0,19,66,134,68,6,274,6,8,14,288
05/03/2003,SYR,NY,AEA,EN,Towers with Radar,57,96,36,12,201,0,2,118,9,129,57,98,154,21,330,46,16,62,392
05/04/2003,SYR,NY,AEA,EN,Towers with Radar,48,100,38,0,186,0,0,81,1,82,48,100,119,1,268,98,0,98,366
05/05/2003,SYR,NY,AEA,EN,Towers with Radar,46,135,47,18,246,0,1,42,0,43,46,136,89,18,289,36,48,84,373
05/06/2003,SYR,NY,AEA,EN,Towers with Radar,58,133,47,11,249,0,0,30,2,32,58,133,77,13,281,42,6,48,329
05/07/2003,SYR,NY,AEA,EN,Towers with Radar,60,157,77,40,334,0,0,44,0,44,60,157,121,40,378,52,68,120,498
05/08/2003,SYR,NY,AEA,EN,Towers with Radar,61,139,77,5,282,0,1,47,2,50,61,140,124,7,332,14,4,18,350
05/09/2003,SYR,NY,AEA,EN,Towers with Radar,50,75,44,1,170,17,69,85,0,171,67,144,129,1,341,96,0,96,437
05/10/2003,SYR,NY,AEA,EN,Towers with Radar,50,75,45,0,170,0,0,100,6,106,50,75,145,6,276,52,6,58,334
05/11/2003,SYR,NY,AEA,EN,Towers with Radar,41,85,26,0,152,0,0,14,0,14,41,85,40,0,166,16,0,16,182
05/12/2003,SYR,NY,AEA,EN,Towers with Radar,60,138,38,0,236,0,0,34,0,34,60,138,72,0,270,20,0,20,290
05/13/2003,SYR,NY,AEA,EN,Towers with Radar,55,152,53,1,261,0,0,14,0,14,55,152,67,1,275,28,0,28,303
05/14/2003,SYR,NY,AEA,EN,Towers with Radar,56,148,52,6,262,0,0,40,1,41,56,148,92,7,303,42,2,44,347
05/15/2003,SYR,NY,AEA,EN,Towers with Radar,57,164,56,6,283,0,0,84,5,89,57,164,140,11,372,78,12,90,462
05/16/2003,SYR,NY,AEA,EN,Towers with Radar,59,140,50,2,251,0,1,38,3,42,59,141,88,5,293,4,0,4,297
05/17/2003,SYR,NY,AEA,EN,Towers with Radar,48,104,57,1,210,0,0,104,0,104,48,104,161,1,314,50,0,50,364
05/18/2003,SYR,NY,AEA,EN,Towers with Radar,40,80,30,17,167,0,0,62,0,62,40,80,92,17,229,16,8,24,253
05/19/2003,SYR,NY,AEA,EN,Towers with Radar,44,143,42,3,232,0,2,96,24,122,44,145,138,27,354,56,32,88,442
05/20/2003,SYR,NY,AEA,EN,Towers with Radar,52,137,39,1,229,0,0,53,1,54,52,137,92,2,283,30,6,36,319
05/21/2003,SYR,NY,AEA,EN,Towers with Radar,56,153,74,5,288,0,0,31,1,32,56,153,105,6,320,8,0,8,328
05/22/2003,SYR,NY,AEA,EN,Towers with Radar,55,149,61,14,279,0,0,93,1,94,55,149,154,15,373,66,46,112,485
05/23/2003,SYR,NY,AEA,EN,Towers with Radar,61,152,55,18,286,0,0,56,0,56,61,152,111,18,342,80,28,108,450
05/24/2003,SYR,NY,AEA,EN,Towers with Radar,51,81,35,3,170,0,0,1,0,1,51,81,36,3,171,6,0,6,177
05/25/2003,SYR,NY,AEA,EN,Towers with Radar,36,65,11,8,120,0,0,33,0,33,36,65,44,8,153,6,4,10,163
05/26/2003,SYR,NY,AEA,EN,Towers with Radar,32,102,24,2,160,0,1,5,0,6,32,103,29,2,166,2,0,2,168
05/27/2003,SYR,NY,AEA,EN,Towers with Radar,43,143,51,0,237,0,0,21,0,21,43,143,72,0,258,24,0,24,282
05/28/2003,SYR,NY,AEA,EN,Towers with Radar,55,130,52,5,242,0,0,29,0,29,55,130,81,5,271,22,4,26,297
05/29/2003,SYR,NY,AEA,EN,Towers with Radar,56,136,56,20,268,0,0,41,5,46,56,136,97,25,314,10,14,24,338
05/30/2003,SYR,NY,AEA,EN,Towers with Radar,58,143,53,23,277,0,0,60,0,60,58,143,113,23,337,48,30,78,415
05/31/2003,SYR,NY,AEA,EN,Towers with Radar,57,93,34,0,184,0,0,26,0,26,57,93,60,0,210,76,0,76,286
06/01/2003,SYR,NY,AEA,EN,Towers with Radar,45,89,51,1,186,0,0,11,0,11,45,89,62,1,197,4,0,4,201
06/02/2003,SYR,NY,AEA,EN,Towers with Radar,53,119,34,24,230,0,0,59,3,62,53,119,93,27,292,32,66,98,390
06/03/2003,SYR,NY,AEA,EN,Towers with Radar,54,122,55,15,246,0,0,80,4,84,54,122,135,19,330,32,18,50,380
06/04/2003,SYR,NY,AEA,EN,Towers with Radar,52,148,58,30,288,0,7,67,3,77,52,155,125,33,365,64,38,102,467
06/05/2003,SYR,NY,AEA,EN,Towers with Radar,61,129,52,19,261,0,0,11,1,12,61,129,63,20,273,0,4,4,277
06/06/2003,SYR,NY,AEA,EN,Towers with Radar,55,152,70,24,301,0,0,82,0,82,55,152,152,24,383,78,58,136,519
06/07/2003,SYR,NY,AEA,EN,Towers with Radar,46,95,41,22,204,0,0,37,0,37,46,95,78,22,241,44,32,76,317
06/08/2003,SYR,NY,AEA,EN,Towers with Radar,44,107,48,37,236,0,0,76,0,76,44,107,124,37,312,66,42,108,420
06/09/2003,SYR,NY,AEA,EN,Towers with Radar,41,128,42,20,231,0,0,26,0,26,41,128,68,20,257,16,24,40,297
06/10/2003,SYR,NY,AEA,EN,Towers with Radar,61,126,43,20,250,0,0,84,1,85,61,126,127,21,335,32,30,62,397
06/11/2003,SYR,NY,AEA,EN,Towers with Radar,58,153,53,10,274,0,2,47,0,49,58,155,100,10,323,12,4,16,339
06/12/2003,SYR,NY,AEA,EN,Towers with Radar,60,142,53,19,274,0,0,14,2,16,60,142,67,21,290,20,16,36,326
06/13/2003,SYR,NY,AEA,EN,Towers with Radar,52,133,37,5,227,0,0,19,0,19,52,133,56,5,246,8,6,14,260
06/14/2003,SYR,NY,AEA,EN,Towers with Radar,50,85,28,3,166,0,0,5,0,5,50,85,33,3,171,10,0,10,181
06/15/2003,SYR,NY,AEA,EN,Towers with Radar,35,95,13,0,143,0,0,67,0,67,35,95,80,0,210,12,0,12,222
06/16/2003,SYR,NY,AEA,EN,Towers with Radar,33,132,46,17,228,0,0,98,2,100,33,132,144,19,328,20,28,48,376
06/17/2003,SYR,NY,AEA,EN,Towers with Radar,58,159,57,21,295,0,5,125,1,131,58,164,182,22,426,108,36,144,570
06/18/2003,SYR,NY,AEA,EN,Towers with Radar,59,146,76,23,304,0,0,54,0,54,59,146,130,23,358,70,42,112,470
06/19/2003,SYR,NY,AEA,EN,Towers with Radar,59,156,64,22,301,0,0,26,0,26,59,156,90,22,327,54,26,80,407
06/20/2003,SYR,NY,AEA,EN,Towers with Radar,59,165,57,4,285,0,2,89,0,91,59,167,146,4,376,0,92,92,468
06/21/2003,SYR,NY,AEA,EN,Towers with Radar,45,94,36,4,179,0,0,28,0,28,45,94,64,4,207,30,0,30,237
06/22/2003,SYR,NY,AEA,EN,Towers with Radar,28,108,29,0,165,0,0,64,0,64,28,108,93,0,229,12,0,12,241
06/23/2003,SYR,NY,AEA,EN,Towers with Radar,47,118,42,30,237,0,0,80,0,80,47,118,122,30,317,24,24,48,365
06/24/2003,SYR,NY,AEA,EN,Towers with Radar,57,152,68,33,310,0,0,102,4,106,57,152,170,37,416,90,32,122,538
06/25/2003,SYR,NY,AEA,EN,Towers with Radar,56,139,44,22,261,0,0,60,1,61,56,139,104,23,322,20,16,36,358
06/26/2003,SYR,NY,AEA,EN,Towers with Radar,50,155,53,23,281,0,0,94,7,101,50,155,147,30,382,78,36,114,496
06/27/2003,SYR,NY,AEA,EN,Towers with Radar,52,160,57,21,290,0,0,35,0,35,52,160,92,21,325,58,56,114,439
06/28/2003,SYR,NY,AEA,EN,Towers with Radar,45,88,25,2,160,0,1,64,0,65,45,89,89,2,225,32,0,32,257
06/29/2003,SYR,NY,AEA,EN,Towers with Radar,50,91,24,0,165,0,0,23,0,23,50,91,47,0,188,0,0,0,188
06/30/2003,SYR,NY,AEA,EN,Towers with Radar,62,140,47,26,275,0,0,52,3,55,62,140,99,29,330,84,30,114,444
07/01/2003,SYR,NY,AEA,EN,Towers with Radar,59,141,42,5,247,0,0,104,2,106,59,141,146,7,353,50,18,68,421
07/02/2003,SYR,NY,AEA,EN,Towers with Radar,49,132,46,19,246,0,0,68,4,72,49,132,114,23,318,4,32,36,354
07/03/2003,SYR,NY,AEA,EN,Towers with Radar,57,128,42,5,232,0,0,74,0,74,57,128,116,5,306,8,4,12,318
07/04/2003,SYR,NY,AEA,EN,Towers with Radar,52,83,20,0,155,0,1,37,0,38,52,84,57,0,193,26,0,26,219
07/05/2003,SYR,NY,AEA,EN,Towers with Radar,48,76,9,0,133,0,0,15,1,16,48,76,24,1,149,8,0,8,157
07/06/2003,SYR,NY,AEA,EN,Towers with Radar,38,77,16,0,131,0,0,50,0,50,38,77,66,0,181,0,0,0,181
07/07/2003,SYR,NY,AEA,EN,Towers with Radar,37,123,21,16,197,0,0,38,0,38,37,123,59,16,235,12,32,44,279
07/08/2003,SYR,NY,AEA,EN,Towers with Radar,79,161,81,19,340,0,1,61,0,62,79,162,142,19,402,88,42,130,532
07/09/2003,SYR,NY,AEA,EN,Towers with Radar,58,157,70,19,304,0,1,64,0,65,58,158,134,19,369,52,24,76,445
07/10/2003,SYR,NY,AEA,EN,Towers with Radar,56,160,71,21,308,0,0,85,0,85,56,160,156,21,393,80,34,114,507
07/11/2003,SYR,NY,AEA,EN,Towers with Radar,57,153,72,23,305,0,0,45,0,45,57,153,117,23,350,40,44,84,434
07/12/2003,SYR,NY,AEA,EN,Towers with Radar,56,98,39,49,242,0,0,34,4,38,56,98,73,53,280,38,78,116,396
07/13/2003,SYR,NY,AEA,EN,Towers with Radar,52,115,42,28,237,0,0,76,0,76,52,115,118,28,313,76,46,122,435
07/14/2003,SYR,NY,AEA,EN,Towers with Radar,75,113,67,47,302,0,1,95,2,98,75,114,162,49,400,96,90,186,586
07/15/2003,SYR,NY,AEA,EN,Towers with Radar,53,161,57,20,291,0,0,71,4,75,53,161,128,24,366,80,40,120,486
07/16/2003,SYR,NY,AEA,EN,Towers with Radar,54,149,65,23,291,0,1,43,0,44,54,150,108,23,335,40,34,74,409
07/17/2003,SYR,NY,AEA,EN,Towers with Radar,60,154,57,16,287,0,0,99,0,99,60,154,156,16,386,80,46,126,512
07/18/2003,SYR,NY,AEA,EN,Towers with Radar,137,133,46,0,316,0,0,61,0,61,137,133,107,0,377,74,10,84,461
07/19/2003,SYR,NY,AEA,EN,Towers with Radar,51,109,33,0,193,0,0,67,0,67,51,109,100,0,260,70,0,70,330
07/20/2003,SYR,NY,AEA,EN,Towers with Radar,50,99,55,0,204,0,0,56,0,56,50,99,111,0,260,78,0,78,338
07/21/2003,SYR,NY,AEA,EN,Towers with Radar,28,73,28,18,147,0,0,14,0,14,28,73,42,18,161,28,22,50,211
07/22/2003,SYR,NY,AEA,EN,Towers with Radar,72,167,41,14,294,0,0,20,0,20,72,167,61,14,314,36,22,58,372
07/23/2003,SYR,NY,AEA,EN,Towers with Radar,59,153,68,19,299,0,0,40,0,40,59,153,108,19,339,56,52,108,447
07/24/2003,SYR,NY,AEA,EN,Towers with Radar,55,133,70,14,272,0,0,30,0,30,55,133,100,14,302,16,12,28,330
07/25/2003,SYR,NY,AEA,EN,Towers with Radar,54,160,54,30,298,0,0,91,0,91,54,160,145,30,389,64,50,114,503
07/26/2003,SYR,NY,AEA,EN,Towers with Radar,44,87,29,0,160,0,1,66,0,67,44,88,95,0,227,22,0,22,249
07/27/2003,SYR,NY,AEA,EN,Towers with Radar,35,96,28,1,160,0,0,5,0,5,35,96,33,1,165,18,2,20,185
07/28/2003,SYR,NY,AEA,EN,Towers with Radar,49,159,46,30,284,0,0,70,0,70,49,159,116,30,354,76,28,104,458
07/29/2003,SYR,NY,AEA,EN,Towers with Radar,54,132,53,17,256,0,2,75,3,80,54,134,128,20,336,20,10,30,366
07/30/2003,SYR,NY,AEA,EN,Towers with Radar,53,160,45,14,272,0,0,99,2,101,53,160,144,16,373,72,18,90,463
07/31/2003,SYR,NY,AEA,EN,Towers with Radar,56,129,48,2,235,0,6,68,6,80,56,135,116,8,315,16,4,20,335
08/01/2003,SYR,NY,AEA,EN,Towers with Radar,55,138,59,11,263,0,0,33,2,35,55,138,92,13,298,36,4,40,338
08/02/2003,SYR,NY,AEA,EN,Towers with Radar,43,94,33,4,174,0,0,31,0,31,43,94,64,4,205,4,0,4,209
08/03/2003,SYR,NY,AEA,EN,Towers with Radar,36,85,29,1,151,0,1,21,0,22,36,86,50,1,173,0,0,0,173
08/04/2003,SYR,NY,AEA,EN,Towers with Radar,56,104,42,7,209,0,0,25,1,26,56,104,67,8,235,16,24,40,275
08/05/2003,SYR,NY,AEA,EN,Towers with Radar,61,134,37,3,235,0,0,23,2,25,61,134,60,5,260,0,0,0,260
08/06/2003,SYR,NY,AEA,EN,Towers with Radar,44,148,39,0,231,0,1,35,2,38,44,149,74,2,269,28,2,30,299
08/07/2003,SYR,NY,AEA,EN,Towers with Radar,60,142,58,2,262,0,0,62,1,63,60,142,120,3,325,18,0,18,343
08/08/2003,SYR,NY,AEA,EN,Towers with Radar,55,131,51,10,247,0,0,40,0,40,55,131,91,10,287,6,6,12,299
08/09/2003,SYR,NY,AEA,EN,Towers with Radar,49,80,35,1,165,0,2,12,2,16,49,82,47,3,181,12,0,12,193
08/10/2003,SYR,NY,AEA,EN,Towers with Radar,45,84,37,13,179,0,0,48,0,48,45,84,85,13,227,34,20,54,281
08/11/2003,SYR,NY,AEA,EN,Towers with Radar,40,116,69,6,231,0,0,35,0,35,40,116,104,6,266,70,0,70,336
08/12/2003,SYR,NY,AEA,EN,Towers with Radar,58,133,25,5,221,0,0,33,0,33,58,133,58,5,254,10,4,14,268
08/13/2003,SYR,NY,AEA,EN,Towers with Radar,54,136,30,47,267,0,0,72,2,74,54,136,102,49,341,48,52,100,441
08/14/2003,SYR,NY,AEA,EN,Towers with Radar,50,133,40,10,233,0,1,92,8,101,50,134,132,18,334,22,24,46,380
08/15/2003,SYR,NY,AEA,EN,Towers with Radar,50,127,39,1,217,0,2,84,1,87,50,129,123,2,304,36,0,36,340
08/16/2003,SYR,NY,AEA,EN,Towers with Radar,52,80,20,0,152,0,0,26,0,26,52,80,46,0,178,0,0,0,178
08/17/2003,SYR,NY,AEA,EN,Towers with Radar,62,69,21,0,152,0,0,60,0,60,62,69,81,0,212,8,0,8,220
08/18/2003,SYR,NY,AEA,EN,Towers with Radar,61,105,37,26,229,0,1,47,3,51,61,106,84,29,280,26,28,54,334
08/19/2003,SYR,NY,AEA,EN,Towers with Radar,65,144,66,17,292,0,0,96,3,99,65,144,162,20,391,76,42,118,509
08/20/2003,SYR,NY,AEA,EN,Towers with Radar,66,162,66,26,320,0,5,79,1,85,66,167,145,27,405,62,48,110,515
08/21/2003,SYR,NY,AEA,EN,Towers with Radar,54,141,54,10,259,0,0,58,3,61,54,141,112,13,320,20,16,36,356
08/22/2003,SYR,NY,AEA,EN,Towers with Radar,48,143,35,13,239,0,0,38,5,43,48,143,73,18,282,32,4,36,318
08/23/2003,SYR,NY,AEA,EN,Towers with Radar,54,109,35,2,200,0,0,89,1,90,54,109,124,3,290,72,0,72,362
08/24/2003,SYR,NY,AEA,EN,Towers with Radar,51,107,36,2,196,0,0,88,1,89,51,107,124,3,285,154,0,154,439
08/25/2003,SYR,NY,AEA,EN,Towers with Radar,32,136,28,3,199,0,0,41,0,41,32,136,69,3,240,56,2,58,298
08/26/2003,SYR,NY,AEA,EN,Towers with Radar,72,109,69,14,264,0,0,52,0,52,72,109,121,14,316,52,10,62,378
08/27/2003,SYR,NY,AEA,EN,Towers with Radar,62,136,47,5,250,0,0,83,1,84,62,136,130,6,334,74,6,80,414
08/28/2003,SYR,NY,AEA,EN,Towers with Radar,61,145,56,20,282,0,1,113,0,114,61,146,169,20,396,74,44,118,514
08/29/2003,SYR,NY,AEA,EN,Towers with Radar,50,135,31,0,216,0,0,41,0,41,50,135,72,0,257,18,0,18,275
08/30/2003,SYR,NY,AEA,EN,Towers with Radar,52,107,40,0,199,0,0,49,0,49,52,107,89,0,248,68,0,68,316
08/31/2003,SYR,NY,AEA,EN,Towers with Radar,47,92,24,0,163,0,0,74,0,74,47,92,98,0,237,56,0,56,293
09/01/2003,SYR,NY,AEA,EN,Combined TRACON& Tower with Radar,45,80,22,0,147,0,0,22,0,22,45,80,44,0,169,40,0,40,209
09/02/2003,SYR,NY,AEA,EN,Combined TRACON& Tower with Radar,59,140,57,17,273,0,0,37,0,37,59,140,94,17,310,88,44,132,442
09/03/2003,SYR,NY,AEA,EN,Combined TRACON& Tower with Radar,45,155,48,19,267,0,0,31,0,31,45,155,79,19,298,54,24,78,376
09/04/2003,SYR,NY,AEA,EN,Combined TRACON& Tower with Radar,59,152,46,11,268,0,0,50,2,52,59,152,96,13,320,26,30,56,376
09/05/2003,SYR,NY,AEA,EN,Combined TRACON& Tower with Radar,57,153,64,29,303,0,0,64,0,64,57,153,128,29,367,58,48,106,473
09/06/2003,SYR,NY,AEA,EN,Combined TRACON& Tower with Radar,49,94,25,25,193,0,0,100,0,100,49,94,125,25,293,34,16,50,343
09/07/2003,SYR,NY,AEA,EN,Combined TRACON& Tower with Radar,45,80,25,4,154,0,0,59,0,59,45,80,84,4,213,16,0,16,229
09/08/2003,SYR,NY,AEA,EN,Combined TRACON& Tower with Radar,55,144,64,19,282,0,0,91,1,92,55,144,155,20,374,82,24,106,480
09/09/2003,SYR,NY,AEA,EN,Combined TRACON& Tower with Radar,62,143,59,19,283,0,0,98,0,98,62,143,157,19,381,100,4,104,485
09/10/2003,SYR,NY,AEA,EN,Combined TRACON& Tower with Radar,57,152,87,17,313,0,0,102,1,103,57,152,189,18,416,76,24,100,516
09/11/2003,SYR,NY,AEA,EN,Combined TRACON& Tower with Radar,56,113,36,24,229,0,0,94,2,96,56,113,130,26,325,20,18,38,363
09/12/2003,SYR,NY,AEA,EN,Combined TRACON& Tower with Radar,74,118,58,12,262,0,0,84,0,84,74,118,142,12,346,48,8,56,402
09/13/2003,SYR,NY,AEA,EN,Combined TRACON& Tower with Radar,45,95,21,0,161,0,0,30,0,30,45,95,51,0,191,14,0,14,205
09/14/2003,SYR,NY,AEA,EN,Combined TRACON& Tower with Radar,46,86,22,0,154,0,0,23,0,23,46,86,45,0,177,10,0,10,187
09/15/2003,SYR,NY,AEA,EN,Combined TRACON& Tower with Radar,54,142,56,21,273,0,0,36,0,36,54,142,92,21,309,54,28,82,391
09/16/2003,SYR,NY,AEA,EN,Combined TRACON& Tower with Radar,63,141,49,28,281,0,0,72,2,74,63,141,121,30,355,50,62,112,467
09/17/2003,SYR,NY,AEA,EN,Combined TRACON& Tower with Radar,75,130,54,23,282,0,0,100,0,100,75,130,154,23,382,58,34,92,474
09/18/2003,SYR,NY,AEA,EN,Combined TRACON& Tower with Radar,57,134,41,14,246,0,2,46,0,48,57,136,87,14,294,20,16,36,330
09/19/2003,SYR,NY,AEA,EN,Combined TRACON& Tower with Radar,78,114,25,0,217,0,0,6,0,6,78,114,31,0,223,10,0,10,233
09/20/2003,SYR,NY,AEA,EN,Combined TRACON& Tower with Radar,39,100,19,0,158,0,0,56,0,56,39,100,75,0,214,24,0,24,238
09/21/2003,SYR,NY,AEA,EN,Combined TRACON& Tower with Radar,45,85,51,0,181,0,0,93,2,95,45,85,144,2,276,48,4,52,328
09/22/2003,SYR,NY,AEA,EN,Combined TRACON& Tower with Radar,71,119,41,36,267,0,0,52,0,52,71,119,93,36,319,36,60,96,415
09/23/2003,SYR,NY,AEA,EN,Combined TRACON& Tower with Radar,70,127,31,19,247,0,0,32,0,32,70,127,63,19,279,42,32,74,353
09/24/2003,SYR,NY,AEA,EN,Combined TRACON& Tower with Radar,67,135,58,19,279,0,0,76,0,76,67,135,134,19,355,36,48,84,439
09/25/2003,SYR,NY,AEA,EN,Combined TRACON& Tower with Radar,82,117,48,16,263,0,0,31,0,31,82,117,79,16,294,34,16,50,344
09/26/2003,SYR,NY,AEA,EN,Combined TRACON& Tower with Radar,72,147,87,6,312,0,0,104,0,104,72,147,191,6,416,78,46,124,540
09/27/2003,SYR,NY,AEA,EN,Combined TRACON& Tower with Radar,46,100,13,0,159,0,0,13,0,13,46,100,26,0,172,12,2,14,186
09/28/2003,SYR,NY,AEA,EN,Combined TRACON& Tower with Radar,60,63,21,11,155,0,0,31,0,31,60,63,52,11,186,14,24,38,224
09/29/2003,SYR,NY,AEA,EN,Combined TRACON& Tower with Radar,73,103,26,2,204,0,0,40,0,40,73,103,66,2,244,46,0,46,290
09/30/2003,SYR,NY,AEA,EN,Combined TRACON& Tower with Radar,74,133,58,1,266,0,0,81,0,81,74,133,139,1,347,66,0,66,413
10/01/2003,SYR,NY,AEA,EN,Combined TRACON& Tower with Radar,68,137,47,17,269,0,0,59,2,61,68,137,106,19,330,68,52,120,450
10/02/2003,SYR,NY,AEA,EN,Combined TRACON& Tower with Radar,75,141,64,14,294,0,0,45,0,45,75,141,109,14,339,52,28,80,419
10/03/2003,SYR,NY,AEA,EN,Combined TRACON& Tower with Radar,76,128,50,25,279,0,0,91,0,91,76,128,141,25,370,50,42,92,462
10/04/2003,SYR,NY,AEA,EN,Combined TRACON& Tower with Radar,53,94,65,13,225,0,1,20,0,21,53,95,85,13,246,36,24,60,306
10/05/2003,SYR,NY,AEA,EN,Combined TRACON& Tower with Radar,53,96,33,33,215,0,0,11,0,11,53,96,44,33,226,54,76,130,356
10/06/2003,SYR,NY,AEA,EN,Combined TRACON& Tower with Radar,91,92,47,52,282,0,0,55,2,57,91,92,102,54,339,72,76,148,487
10/07/2003,SYR,NY,AEA,EN,Combined TRACON& Tower with Radar,86,107,45,26,264,0,0,117,0,117,86,107,162,26,381,72,36,108,489
10/08/2003,SYR,NY,AEA,EN,Combined TRACON& Tower with Radar,69,133,39,50,291,0,0,92,1,93,69,133,131,51,384,108,32,140,524
10/09/2003,SYR,NY,AEA,EN,Combined TRACON& Tower with Radar,60,168,59,27,314,0,2,119,1,122,60,170,178,28,436,80,52,132,568
10/10/2003,SYR,NY,AEA,EN,Combined TRACON& Tower with Radar,55,146,66,0,267,0,1,80,1,82,55,147,146,1,349,58,2,60,409
10/11/2003,SYR,NY,AEA,EN,Combined TRACON& Tower with Radar,52,124,44,0,220,0,0,93,5,98,52,124,137,5,318,126,4,130,448
10/12/2003,SYR,NY,AEA,EN,Combined TRACON& Tower with Radar,41,92,82,0,215,0,0,76,0,76,41,92,158,0,291,68,4,72,363
10/13/2003,SYR,NY,AEA,EN,Combined TRACON& Tower with Radar,37,126,42,8,213,0,1,76,0,77,37,127,118,8,290,76,0,76,366
10/14/2003,SYR,NY,AEA,EN,Combined TRACON& Tower with Radar,55,150,44,23,272,0,0,49,0,49,55,150,93,23,321,72,36,108,429
10/15/2003,SYR,NY,AEA,EN,Combined TRACON& Tower with Radar,49,154,14,0,217,0,0,2,0,2,49,154,16,0,219,2,0,2,221
10/16/2003,SYR,NY,AEA,EN,Combined TRACON& Tower with Radar,63,148,59,30,300,0,1,61,5,67,63,149,120,35,367,38,58,96,463
10/17/2003,SYR,NY,AEA,EN,Combined TRACON& Tower with Radar,51,165,48,48,312,0,0,70,0,70,51,165,118,48,382,76,116,192,574
10/18/2003,SYR,NY,AEA,EN,Combined TRACON& Tower with Radar,55,95,55,0,205,0,0,46,0,46,55,95,101,0,251,20,0,20,271
10/19/2003,SYR,NY,AEA,EN,Combined TRACON& Tower with Radar,40,93,28,4,165,0,0,0,0,0,40,93,28,4,165,6,0,6,171
10/20/2003,SYR,NY,AEA,EN,Combined TRACON& Tower with Radar,48,142,53,12,255,0,1,46,0,47,48,143,99,12,302,76,28,104,406
10/21/2003,SYR,NY,AEA,EN,Combined TRACON& Tower with Radar,56,151,41,4,252,0,0,12,0,12,56,151,53,4,264,14,2,16,280
10/22/2003,SYR,NY,AEA,EN,Combined TRACON& Tower with Radar,55,157,40,7,259,0,0,21,0,21,55,157,61,7,280,36,8,44,324
10/23/2003,SYR,NY,AEA,EN,Combined TRACON& Tower with Radar,58,162,57,0,277,0,0,34,0,34,58,162,91,0,311,30,0,30,341
10/24/2003,SYR,NY,AEA,EN,Combined TRACON& Tower with Radar,58,140,49,0,247,0,0,78,0,78,58,140,127,0,325,46,2,48,373
10/25/2003,SYR,NY,AEA,EN,Combined TRACON& Tower with Radar,55,89,28,0,172,0,0,49,0,49,55,89,77,0,221,18,0,18,239
10/26/2003,SYR,NY,AEA,EN,Combined TRACON& Tower with Radar,46,83,32,0,161,0,0,10,0,10,46,83,42,0,171,14,0,14,185
10/27/2003,SYR,NY,AEA,EN,Combined TRACON& Tower with Radar,55,125,60,2,242,0,0,0,0,0,55,125,60,2,242,4,0,4,246
10/28/2003,SYR,NY,AEA,EN,Combined TRACON& Tower with Radar,62,132,42,10,246,0,0,73,1,74,62,132,115,11,320,84,12,96,416
10/29/2003,SYR,NY,AEA,EN,Combined TRACON& Tower with Radar,63,146,64,0,273,0,0,11,0,11,63,146,75,0,284,14,0,14,298
10/30/2003,SYR,NY,AEA,EN,Combined TRACON& Tower with Radar,57,142,59,13,271,0,0,73,0,73,57,142,132,13,344,34,12,46,390
10/31/2003,SYR,NY,AEA,EN,Combined TRACON& Tower with Radar,67,139,44,11,261,0,1,83,0,84,67,140,127,11,345,72,20,92,437
11/01/2003,SYR,NY,AEA,EN,Combined TRACON& Tower with Radar,59,92,41,9,201,0,0,23,2,25,59,92,64,11,226,24,8,32,258
11/02/2003,SYR,NY,AEA,EN,Combined TRACON& Tower with Radar,44,88,21,4,157,0,0,13,0,13,44,88,34,4,170,6,4,10,180
11/03/2003,SYR,NY,AEA,EN,Combined TRACON& Tower with Radar,51,142,56,17,266,0,0,0,0,0,51,142,56,17,266,0,8,8,274
11/04/2003,SYR,NY,AEA,EN,Combined TRACON& Tower with Radar,88,136,42,14,280,0,0,16,0,16,88,136,58,14,296,50,16,66,362
11/05/2003,SYR,NY,AEA,EN,Combined TRACON& Tower with Radar,61,149,74,15,299,0,0,38,0,38,61,149,112,15,337,28,20,48,385
11/06/2003,SYR,NY,AEA,EN,Combined TRACON& Tower with Radar,65,156,57,25,303,0,0,48,0,48,65,156,105,25,351,86,34,120,471
11/07/2003,SYR,NY,AEA,EN,Combined TRACON& Tower with Radar,64,160,42,8,274,0,0,62,0,62,64,160,104,8,336,64,16,80,416
11/08/2003,SYR,NY,AEA,EN,Combined TRACON& Tower with Radar,56,97,28,0,181,0,0,52,1,53,56,97,80,1,234,22,0,22,256
11/09/2003,SYR,NY,AEA,EN,Combined TRACON& Tower with Radar,44,95,18,6,163,0,1,55,0,56,44,96,73,6,219,20,10,30,249
11/10/2003,SYR,NY,AEA,EN,Combined TRACON& Tower with Radar,51,148,51,0,250,0,0,79,0,79,51,148,130,0,329,80,0,80,409
11/11/2003,SYR,NY,AEA,EN,Combined TRACON& Tower with Radar,62,146,50,0,258,0,0,25,0,25,62,146,75,0,283,26,0,26,309
11/12/2003,SYR,NY,AEA,EN,Combined TRACON& Tower with Radar,64,139,59,0,262,0,0,19,0,19,64,139,78,0,281,26,0,26,307
11/13/2003,SYR,NY,AEA,EN,Combined TRACON& Tower with Radar,61,120,19,0,200,0,0,0,0,0,61,120,19,0,200,0,0,0,200
11/14/2003,SYR,NY,AEA,EN,Combined TRACON& Tower with Radar,65,136,20,1,222,0,0,3,0,3,65,136,23,1,225,0,0,0,225
11/15/2003,SYR,NY,AEA,EN,Combined TRACON& Tower with Radar,55,101,32,0,188,0,0,67,0,67,55,101,99,0,255,38,0,38,293
11/16/2003,SYR,NY,AEA,EN,Combined TRACON& Tower with Radar,40,87,9,3,139,0,0,20,0,20,40,87,29,3,159,10,0,10,169
11/17/2003,SYR,NY,AEA,EN,Combined TRACON& Tower with Radar,51,149,39,6,245,0,0,0,0,0,51,149,39,6,245,0,0,0,245
11/18/2003,SYR,NY,AEA,EN,Combined TRACON& Tower with Radar,55,149,74,6,284,0,0,37,0,37,55,149,111,6,321,22,4,26,347
11/19/2003,SYR,NY,AEA,EN,Combined TRACON& Tower with Radar,64,145,33,0,242,0,0,9,0,9,64,145,42,0,251,4,0,4,255
11/20/2003,SYR,NY,AEA,EN,Combined TRACON& Tower with Radar,60,144,55,1,260,0,0,39,2,41,60,144,94,3,301,12,0,12,313
11/21/2003,SYR,NY,AEA,EN,Combined TRACON& Tower with Radar,67,147,79,4,297,0,1,91,2,94,67,148,170,6,391,82,6,88,479
11/22/2003,SYR,NY,AEA,EN,Combined TRACON& Tower with Radar,58,96,40,0,194,0,0,41,0,41,58,96,81,0,235,26,0,26,261
11/23/2003,SYR,NY,AEA,EN,Combined TRACON& Tower with Radar,45,105,37,3,190,0,2,58,0,60,45,107,95,3,250,60,0,60,310
11/24/2003,SYR,NY,AEA,EN,Combined TRACON& Tower with Radar,46,144,27,0,217,0,0,26,0,26,46,144,53,0,243,16,2,18,261
11/25/2003,SYR,NY,AEA,EN,Combined TRACON& Tower with Radar,63,139,46,17,265,0,0,49,0,49,63,139,95,17,314,68,30,98,412
11/26/2003,SYR,NY,AEA,EN,Combined TRACON& Tower with Radar,77,143,49,7,276,0,0,62,0,62,77,143,111,7,338,50,8,58,396
11/27/2003,SYR,NY,AEA,EN,Combined TRACON& Tower with Radar,49,94,14,0,157,0,0,18,0,18,49,94,32,0,175,0,0,0,175
11/28/2003,SYR,NY,AEA,EN,Combined TRACON& Tower with Radar,56,96,23,0,175,0,0,10,0,10,56,96,33,0,185,44,0,44,229
11/29/2003,SYR,NY,AEA,EN,Combined TRACON& Tower with Radar,56,97,9,0,162,0,0,2,0,2,56,97,11,0,164,0,0,0,164
11/30/2003,SYR,NY,AEA,EN,Combined TRACON& Tower with Radar,52,95,33,0,180,4,1,0,0,5,56,96,33,0,185,44,0,44,229
12/01/2003,SYR,NY,AEA,EN,Combined TRACON& Tower with Radar,45,132,19,4,200,0,0,6,0,6,45,132,25,4,206,10,10,20,226
12/02/2003,SYR,NY,AEA,EN,Combined TRACON& Tower with Radar,65,144,38,0,247,0,0,2,0,2,65,144,40,0,249,0,0,0,249
12/03/2003,SYR,NY,AEA,EN,Combined TRACON& Tower with Radar,62,149,40,10,261,0,0,29,0,29,62,149,69,10,290,56,20,76,366
12/04/2003,SYR,NY,AEA,EN,Combined TRACON& Tower with Radar,59,149,75,7,290,0,0,46,0,46,59,149,121,7,336,54,16,70,406
12/05/2003,SYR,NY,AEA,EN,Combined TRACON& Tower with Radar,68,133,38,8,247,0,0,55,0,55,68,133,93,8,302,58,20,78,380
12/06/2003,SYR,NY,AEA,EN,Combined TRACON& Tower with Radar,54,77,16,9,156,0,0,0,0,0,54,77,16,9,156,0,6,6,162
12/07/2003,SYR,NY,AEA,EN,Combined TRACON& Tower with Radar,30,86,24,6,146,0,0,30,0,30,30,86,54,6,176,2,12,14,190
12/08/2003,SYR,NY,AEA,EN,Combined TRACON& Tower with Radar,47,135,39,9,230,0,0,63,0,63,47,135,102,9,293,46,18,64,357
12/09/2003,SYR,NY,AEA,EN,Combined TRACON& Tower with Radar,63,136,32,12,243,0,0,48,1,49,63,136,80,13,292,22,16,38,330
12/10/2003,SYR,NY,AEA,EN,Combined TRACON& Tower with Radar,61,130,59,13,263,0,0,44,0,44,61,130,103,13,307,26,20,46,353
12/11/2003,SYR,NY,AEA,EN,Combined TRACON& Tower with Radar,64,147,42,0,253,0,0,2,0,2,64,147,44,0,255,8,0,8,263
12/12/2003,SYR,NY,AEA,EN,Combined TRACON& Tower with Radar,64,148,36,5,253,0,0,5,0,5,64,148,41,5,258,6,0,6,264
12/13/2003,SYR,NY,AEA,EN,Combined TRACON& Tower with Radar,55,93,18,0,166,0,0,30,0,30,55,93,48,0,196,16,0,16,212
12/14/2003,SYR,NY,AEA,EN,Combined TRACON& Tower with Radar,44,47,9,0,100,0,0,0,0,0,44,47,9,0,100,0,0,0,100
12/15/2003,SYR,NY,AEA,EN,Combined TRACON& Tower with Radar,49,122,22,2,195,0,0,14,0,14,49,122,36,2,209,10,0,10,219
12/16/2003,SYR,NY,AEA,EN,Combined TRACON& Tower with Radar,59,142,47,23,271,0,0,70,0,70,59,142,117,23,341,10,24,34,375
12/17/2003,SYR,NY,AEA,EN,Combined TRACON& Tower with Radar,64,142,42,0,248,0,0,2,0,2,64,142,44,0,250,2,0,2,252
12/18/2003,SYR,NY,AEA,EN,Combined TRACON& Tower with Radar,66,145,27,2,240,0,0,0,0,0,66,145,27,2,240,0,0,0,240
12/19/2003,SYR,NY,AEA,EN,Combined TRACON& Tower with Radar,74,152,36,2,264,0,0,34,0,34,74,152,70,2,298,20,4,24,322
12/20/2003,SYR,NY,AEA,EN,Combined TRACON& Tower with Radar,73,86,9,0,168,0,0,13,0,13,73,86,22,0,181,2,0,2,183
12/21/2003,SYR,NY,AEA,EN,Combined TRACON& Tower with Radar,52,88,4,0,144,0,0,13,0,13,52,88,17,0,157,10,0,10,167
12/22/2003,SYR,NY,AEA,EN,Combined TRACON& Tower with Radar,51,147,33,26,257,0,0,59,0,59,51,147,92,26,316,44,50,94,410
12/23/2003,SYR,NY,AEA,EN,Combined TRACON& Tower with Radar,76,150,44,18,288,0,0,50,0,50,76,150,94,18,338,42,36,78,416
12/24/2003,SYR,NY,AEA,EN,Combined TRACON& Tower with Radar,71,138,18,0,227,0,0,19,0,19,71,138,37,0,246,70,0,70,316
12/25/2003,SYR,NY,AEA,EN,Combined TRACON& Tower with Radar,44,74,3,0,121,0,0,2,0,2,44,74,5,0,123,0,0,0,123
12/26/2003,SYR,NY,AEA,EN,Combined TRACON& Tower with Radar,49,113,12,0,174,0,0,14,0,14,49,113,26,0,188,4,0,4,192
12/27/2003,SYR,NY,AEA,EN,Combined TRACON& Tower with Radar,54,100,26,0,180,0,1,70,0,71,54,101,96,0,251,40,0,40,291
12/28/2003,SYR,NY,AEA,EN,Combined TRACON& Tower with Radar,53,87,23,0,163,0,1,48,0,49,53,88,71,0,212,48,0,48,260
12/29/2003,SYR,NY,AEA,EN,Combined TRACON& Tower with Radar,40,127,18,11,196,0,0,69,0,69,40,127,87,11,265,18,32,50,315
12/30/2003,SYR,NY,AEA,EN,Combined TRACON& Tower with Radar,59,130,16,17,222,0,0,9,0,9,59,130,25,17,231,6,20,26,257
12/31/2003,SYR,NY,AEA,EN,Combined TRACON& Tower with Radar,47,123,19,9,198,0,1,45,0,46,47,124,64,9,244,4,0,4,248
01/01/2004,SYR,NY,AEA,EN,Combined TRACON& Tower with Radar,56,87,21,0,164,0,0,25,0,25,56,87,46,0,189,16,0,16,205
01/02/2004,SYR,NY,AEA,EN,Combined TRACON& Tower with Radar,56,116,22,0,194,0,0,7,1,8,56,116,29,1,202,6,0,6,208
01/03/2004,SYR,NY,AEA,EN,Combined TRACON& Tower with Radar,64,101,88,0,253,0,1,23,0,24,64,102,111,0,277,72,0,72,349
01/04/2004,SYR,NY,AEA,EN,Combined TRACON& Tower with Radar,45,92,32,0,169,0,0,13,0,13,45,92,45,0,182,10,0,10,192
01/05/2004,SYR,NY,AEA,EN,Combined TRACON& Tower with Radar,45,137,13,0,195,0,0,0,0,0,45,137,13,0,195,0,0,0,195
01/06/2004,SYR,NY,AEA,EN,Combined TRACON& Tower with Radar,57,142,23,34,256,0,0,30,0,30,57,142,53,34,286,16,24,40,326
01/07/2004,SYR,NY,AEA,EN,Combined TRACON& Tower with Radar,56,134,36,21,247,0,0,17,0,17,56,134,53,21,264,6,20,26,290
01/08/2004,SYR,NY,AEA,EN,Combined TRACON& Tower with Radar,56,146,30,19,251,0,0,36,0,36,56,146,66,19,287,26,24,50,337
01/09/2004,SYR,NY,AEA,EN,Combined TRACON& Tower with Radar,62,154,38,32,286,0,0,50,4,54,62,154,88,36,340,36,30,66,406
01/10/2004,SYR,NY,AEA,EN,Combined TRACON& Tower with Radar,45,112,23,17,197,0,0,53,2,55,45,112,76,19,252,32,26,58,310
01/11/2004,SYR,NY,AEA,EN,Combined TRACON& Tower with Radar,43,87,18,32,180,0,0,4,5,9,43,87,22,37,189,6,32,38,227
01/12/2004,SYR,NY,AEA,EN,Combined TRACON& Tower with Radar,47,141,41,0,229,0,0,6,1,7,47,141,47,1,236,30,2,32,268
01/13/2004,SYR,NY,AEA,EN,Combined TRACON& Tower with Radar,57,157,27,3,244,0,0,0,0,0,57,157,27,3,244,2,4,6,250
01/14/2004,SYR,NY,AEA,EN,Combined TRACON& Tower with Radar,56,148,51,5,260,0,0,30,0,30,56,148,81,5,290,48,0,48,338
01/15/2004,SYR,NY,AEA,EN,Combined TRACON& Tower with Radar,60,148,33,6,247,0,0,8,1,9,60,148,41,7,256,18,0,18,274
01/16/2004,SYR,NY,AEA,EN,Combined TRACON& Tower with Radar,55,129,31,0,215,0,0,0,0,0,55,129,31,0,215,0,0,0,215
01/17/2004,SYR,NY,AEA,EN,Combined TRACON& Tower with Radar,39,103,11,0,153,0,0,44,0,44,39,103,55,0,197,42,0,42,239
01/18/2004,SYR,NY,AEA,EN,Combined TRACON& Tower with Radar,43,81,9,0,133,0,0,2,0,2,43,81,11,0,135,4,0,4,139
01/19/2004,SYR,NY,AEA,EN,Combined TRACON& Tower with Radar,34,133,7,2,176,0,0,0,0,0,34,133,7,2,176,0,0,0,176
01/20/2004,SYR,NY,AEA,EN,Combined TRACON& Tower with Radar,73,147,38,5,263,0,0,3,0,3,73,147,41,5,266,6,8,14,280
01/21/2004,SYR,NY,AEA,EN,Combined TRACON& Tower with Radar,60,158,36,39,293,0,0,36,0,36,60,158,72,39,329,30,42,72,401
01/22/2004,SYR,NY,AEA,EN,Combined TRACON& Tower with Radar,52,141,38,2,233,0,0,4,0,4,52,141,42,2,237,8,0,8,245
01/23/2004,SYR,NY,AEA,EN,Combined TRACON& Tower with Radar,55,129,45,9,238,0,0,2,0,2,55,129,47,9,240,0,0,0,240
01/24/2004,SYR,NY,AEA,EN,Combined TRACON& Tower with Radar,57,102,24,2,185,0,0,19,0,19,57,102,43,2,204,16,0,16,220
01/25/2004,SYR,NY,AEA,EN,Combined TRACON& Tower with Radar,48,89,25,3,165,0,1,50,0,51,48,90,75,3,216,42,2,44,260
01/26/2004,SYR,NY,AEA,EN,Combined TRACON& Tower with Radar,45,136,27,28,236,0,0,51,0,51,45,136,78,28,287,52,62,114,401
01/27/2004,SYR,NY,AEA,EN,Combined TRACON& Tower with Radar,54,121,16,12,203,0,0,1,0,1,54,121,17,12,204,0,24,24,228
01/28/2004,SYR,NY,AEA,EN,Combined TRACON& Tower with Radar,65,119,25,0,209,0,0,0,0,0,65,119,25,0,209,0,0,0,209
01/29/2004,SYR,NY,AEA,EN,Combined TRACON& Tower with Radar,54,143,34,22,253,0,0,9,1,10,54,143,43,23,263,8,52,60,323
01/30/2004,SYR,NY,AEA,EN,Combined TRACON& Tower with Radar,69,133,55,0,257,0,0,10,0,10,69,133,65,0,267,24,0,24,291
01/31/2004,SYR,NY,AEA,EN,Combined TRACON& Tower with Radar,48,96,9,0,153,0,0,0,0,0,48,96,9,0,153,0,0,0,153
02/01/2004,SYR,NY,AEA,EN,Combined TRACON& Tower with Radar,37,95,22,0,154,0,0,17,0,17,37,95,39,0,171,60,0,60,231
02/02/2004,SYR,NY,AEA,EN,Combined TRACON& Tower with Radar,46,131,32,43,252,0,0,49,0,49,46,131,81,43,301,30,48,78,379
02/03/2004,SYR,NY,AEA,EN,Combined TRACON& Tower with Radar,69,130,18,20,237,0,0,15,0,15,69,130,33,20,252,18,28,46,298
02/04/2004,SYR,NY,AEA,EN,Combined TRACON& Tower with Radar,65,150,34,2,251,0,0,18,0,18,65,150,52,2,269,2,0,2,271
02/05/2004,SYR,NY,AEA,EN,Combined TRACON& Tower with Radar,59,144,53,31,287,0,0,64,0,64,59,144,117,31,351,58,30,88,439
02/06/2004,SYR,NY,AEA,EN,Combined TRACON& Tower with Radar,56,149,37,0,242,0,0,3,0,3,56,149,40,0,245,2,0,2,247
02/07/2004,SYR,NY,AEA,EN,Combined TRACON& Tower with Radar,47,106,23,0,176,0,2,0,0,2,47,108,23,0,178,8,0,8,186
02/08/2004,SYR,NY,AEA,EN,Combined TRACON& Tower with Radar,45,103,23,62,233,0,0,49,0,49,45,103,72,62,282,82,80,162,444
02/09/2004,SYR,NY,AEA,EN,Combined TRACON& Tower with Radar,43,131,30,26,230,0,0,56,0,56,43,131,86,26,286,30,12,42,328
02/10/2004,SYR,NY,AEA,EN,Combined TRACON& Tower with Radar,54,147,31,11,243,0,0,14,0,14,54,147,45,11,257,10,4,14,271
02/11/2004,SYR,NY,AEA,EN,Combined TRACON& Tower with Radar,56,156,37,29,278,0,0,18,0,18,56,156,55,29,296,28,26,54,350
02/12/2004,SYR,NY,AEA,EN,Combined TRACON& Tower with Radar,72,126,30,22,250,0,0,23,2,25,72,126,53,24,275,32,20,52,327
02/13/2004,SYR,NY,AEA,EN,Combined TRACON& Tower with Radar,65,138,32,0,235,0,0,35,0,35,65,138,67,0,270,32,0,32,302
02/14/2004,SYR,NY,AEA,EN,Combined TRACON& Tower with Radar,55,108,24,0,187,0,0,15,0,15,55,108,39,0,202,26,0,26,228
02/15/2004,SYR,NY,AEA,EN,Combined TRACON& Tower with Radar,50,105,29,0,184,0,0,43,0,43,50,105,72,0,227,52,0,52,279
02/16/2004,SYR,NY,AEA,EN,Combined TRACON& Tower with Radar,53,135,22,0,210,0,0,54,0,54,53,135,76,0,264,12,0,12,276
02/17/2004,SYR,NY,AEA,EN,Combined TRACON& Tower with Radar,66,145,42,14,267,0,1,45,2,48,66,146,87,16,315,56,16,72,387
02/18/2004,SYR,NY,AEA,EN,Combined TRACON& Tower with Radar,69,159,38,13,279,0,0,63,2,65,69,159,101,15,344,46,4,50,394
02/19/2004,SYR,NY,AEA,EN,Combined TRACON& Tower with Radar,64,147,66,20,297,0,0,46,0,46,64,147,112,20,343,82,20,102,445
02/20/2004,SYR,NY,AEA,EN,Combined TRACON& Tower with Radar,63,131,25,13,232,0,0,20,0,20,63,131,45,13,252,20,8,28,280
02/21/2004,SYR,NY,AEA,EN,Combined TRACON& Tower with Radar,63,96,16,0,175,0,0,10,0,10,63,96,26,0,185,14,0,14,199
02/22/2004,SYR,NY,AEA,EN,Combined TRACON& Tower with Radar,46,92,19,2,159,0,0,8,0,8,46,92,27,2,167,0,0,0,167
02/23/2004,SYR,NY,AEA,EN,Combined TRACON& Tower with Radar,53,137,33,31,254,0,0,60,4,64,53,137,93,35,318,50,50,100,418
02/24/2004,SYR,NY,AEA,EN,Combined TRACON& Tower with Radar,71,133,40,35,279,0,1,41,4,46,71,134,81,39,325,54,54,108,433
02/25/2004,SYR,NY,AEA,EN,Combined TRACON& Tower with Radar,65,142,29,54,290,0,0,66,0,66,65,142,95,54,356,40,60,100,456
02/26/2004,SYR,NY,AEA,EN,Combined TRACON& Tower with Radar,73,144,44,50,311,0,0,79,0,79,73,144,123,50,390,48,72,120,510
02/27/2004,SYR,NY,AEA,EN,Combined TRACON& Tower with Radar,75,116,32,3,226,0,3,74,0,77,75,119,106,3,303,60,6,66,369
02/28/2004,SYR,NY,AEA,EN,Combined TRACON& Tower with Radar,42,100,23,0,165,0,1,98,4,103,42,101,121,4,268,44,0,44,312
02/29/2004,SYR,NY,AEA,EN,Combined TRACON& Tower with Radar,45,84,27,2,158,0,0,81,1,82,45,84,108,3,240,34,20,54,294
03/01/2004,SYR,NY,AEA,EN,Combined TRACON& Tower with Radar,52,121,33,21,227,0,0,45,3,48,52,121,78,24,275,28,44,72,347
03/02/2004,SYR,NY,AEA,EN,Combined TRACON& Tower with Radar,64,138,39,14,255,0,0,43,0,43,64,138,82,14,298,56,10,66,364
03/03/2004,SYR,NY,AEA,EN,Combined TRACON& Tower with Radar,62,142,43,16,263,0,0,45,0,45,62,142,88,16,308,58,32,90,398
03/04/2004,SYR,NY,AEA,EN,Combined TRACON& Tower with Radar,65,146,37,27,275,0,0,29,0,29,65,146,66,27,304,16,18,34,338
03/05/2004,SYR,NY,AEA,EN,Combined TRACON& Tower with Radar,64,140,34,29,267,0,0,12,0,12,64,140,46,29,279,22,48,70,349
03/06/2004,SYR,NY,AEA,EN,Combined TRACON& Tower with Radar,63,97,20,6,186,0,0,7,0,7,63,97,27,6,193,0,4,4,197
03/07/2004,SYR,NY,AEA,EN,Combined TRACON& Tower with Radar,44,99,29,9,181,0,0,22,3,25,44,99,51,12,206,0,30,30,236
03/08/2004,SYR,NY,AEA,EN,Combined TRACON& Tower with Radar,57,139,21,6,223,0,0,3,0,3,57,139,24,6,226,8,2,10,236
03/09/2004,SYR,NY,AEA,EN,Combined TRACON& Tower with Radar,57,144,56,26,283,0,2,15,0,17,57,146,71,26,300,20,20,40,340
03/10/2004,SYR,NY,AEA,EN,Combined TRACON& Tower with Radar,64,159,35,27,285,0,6,85,1,92,64,165,120,28,377,48,46,94,471
03/11/2004,SYR,NY,AEA,EN,Combined TRACON& Tower with Radar,57,143,38,31,269,0,1,77,0,78,57,144,115,31,347,34,66,100,447
03/12/2004,SYR,NY,AEA,EN,Combined TRACON& Tower with Radar,60,146,33,12,251,0,0,2,0,2,60,146,35,12,253,0,0,0,253
03/13/2004,SYR,NY,AEA,EN,Combined TRACON& Tower with Radar,58,87,23,0,168,0,0,5,0,5,58,87,28,0,173,18,0,18,191
03/14/2004,SYR,NY,AEA,EN,Combined TRACON& Tower with Radar,43,92,21,0,156,0,0,36,0,36,43,92,57,0,192,24,0,24,216
03/15/2004,SYR,NY,AEA,EN,Combined TRACON& Tower with Radar,54,138,36,28,256,0,0,34,0,34,54,138,70,28,290,4,28,32,322
03/16/2004,SYR,NY,AEA,EN,Combined TRACON& Tower with Radar,53,127,30,0,210,0,0,11,0,11,53,127,41,0,221,8,0,8,229
03/17/2004,SYR,NY,AEA,EN,Combined TRACON& Tower with Radar,62,135,19,7,223,0,0,24,0,24,62,135,43,7,247,4,14,18,265
03/18/2004,SYR,NY,AEA,EN,Combined TRACON& Tower with Radar,59,138,39,19,255,0,0,33,0,33,59,138,72,19,288,30,34,64,352
03/19/2004,SYR,NY,AEA,EN,Combined TRACON& Tower with Radar,64,146,25,31,266,0,2,76,2,80,64,148,101,33,346,52,38,90,436
03/20/2004,SYR,NY,AEA,EN,Combined TRACON& Tower with Radar,74,99,29,0,202,10,0,34,0,44,84,99,63,0,246,48,0,48,294
03/21/2004,SYR,NY,AEA,EN,Combined TRACON& Tower with Radar,49,101,6,0,156,0,0,0,0,0,49,101,6,0,156,0,0,0,156
03/22/2004,SYR,NY,AEA,EN,Combined TRACON& Tower with Radar,54,141,32,23,250,0,0,40,1,41,54,141,72,24,291,38,36,74,365
03/23/2004,SYR,NY,AEA,EN,Combined TRACON& Tower with Radar,56,152,28,8,244,0,0,22,0,22,56,152,50,8,266,20,12,32,298
03/24/2004,SYR,NY,AEA,EN,Combined TRACON& Tower with Radar,62,153,37,40,292,0,0,61,2,63,62,153,98,42,355,56,76,132,487
03/25/2004,SYR,NY,AEA,EN,Combined TRACON& Tower with Radar,60,150,61,20,291,0,0,42,0,42,60,150,103,20,333,40,16,56,389
03/26/2004,SYR,NY,AEA,EN,Combined TRACON& Tower with Radar,62,145,39,2,248,0,0,47,0,47,62,145,86,2,295,6,0,6,301
03/27/2004,SYR,NY,AEA,EN,Combined TRACON& Tower with Radar,62,89,26,0,177,0,0,0,0,0,62,89,26,0,177,0,0,0,177
03/28/2004,SYR,NY,AEA,EN,Combined TRACON& Tower with Radar,50,101,34,0,185,0,0,125,0,125,50,101,159,0,310,116,0,116,426
03/29/2004,SYR,NY,AEA,EN,Combined TRACON& Tower with Radar,41,137,32,22,232,0,0,57,0,57,41,137,89,22,289,36,32,68,357
03/30/2004,SYR,NY,AEA,EN,Combined TRACON& Tower with Radar,71,155,38,8,272,0,2,52,5,59,71,157,90,13,331,74,2,76,407
03/31/2004,SYR,NY,AEA,EN,Combined TRACON& Tower with Radar,60,147,39,27,273,0,0,31,0,31,60,147,70,27,304,26,34,60,364
04/01/2004,SYR,NY,AEA,EN,Combined TRACON& Tower with Radar,59,144,65,67,335,0,0,5,0,5,59,144,70,67,340,28,60,88,428
04/02/2004,SYR,NY,AEA,EN,Combined TRACON& Tower with Radar,69,130,34,14,247,0,0,28,2,30,69,130,62,16,277,20,18,38,315
04/03/2004,SYR,NY,AEA,EN,Combined TRACON& Tower with Radar,60,85,22,8,175,0,0,14,0,14,60,85,36,8,189,28,6,34,223
04/04/2004,SYR,NY,AEA,EN,Combined TRACON& Tower with Radar,49,92,9,2,152,0,0,0,0,0,49,92,9,2,152,0,0,0,152
04/05/2004,SYR,NY,AEA,EN,Combined TRACON& Tower with Radar,62,125,27,2,216,0,0,15,0,15,62,125,42,2,231,20,0,20,251
04/06/2004,SYR,NY,AEA,EN,Combined TRACON& Tower with Radar,78,144,40,8,270,0,0,61,2,63,78,144,101,10,333,36,10,46,379
04/07/2004,SYR,NY,AEA,EN,Combined TRACON& Tower with Radar,75,132,88,4,299,0,0,4,0,4,75,132,92,4,303,0,0,0,303
04/08/2004,SYR,NY,AEA,EN,Combined TRACON& Tower with Radar,63,138,75,21,297,0,0,80,0,80,63,138,155,21,377,42,38,80,457
04/09/2004,SYR,NY,AEA,EN,Combined TRACON& Tower with Radar,78,141,42,2,263,0,0,89,0,89,78,141,131,2,352,64,2,66,418
04/10/2004,SYR,NY,AEA,EN,Combined TRACON& Tower with Radar,63,92,29,0,184,0,0,46,0,46,63,92,75,0,230,26,0,26,256
04/11/2004,SYR,NY,AEA,EN,Combined TRACON& Tower with Radar,53,102,25,2,182,0,0,40,0,40,53,102,65,2,222,30,4,34,256
04/12/2004,SYR,NY,AEA,EN,Combined TRACON& Tower with Radar,64,132,34,25,255,0,0,46,1,47,64,132,80,26,302,48,40,88,390
04/13/2004,SYR,NY,AEA,EN,Combined TRACON& Tower with Radar,78,134,38,2,252,0,0,9,2,11,78,134,47,4,263,40,2,42,305
04/14/2004,SYR,NY,AEA,EN,Combined TRACON& Tower with Radar,72,130,32,18,252,0,0,9,0,9,72,130,41,18,261,18,4,22,283
04/15/2004,SYR,NY,AEA,EN,Combined TRACON& Tower with Radar,73,127,39,23,262,0,0,70,1,71,73,127,109,24,333,8,8,16,349
04/16/2004,SYR,NY,AEA,EN,Combined TRACON& Tower with Radar,97,120,57,34,308,0,4,100,1,105,97,124,157,35,413,114,34,148,561
04/17/2004,SYR,NY,AEA,EN,Combined TRACON& Tower with Radar,57,89,31,1,178,0,0,49,1,50,57,89,80,2,228,8,2,10,238
04/18/2004,SYR,NY,AEA,EN,Combined TRACON& Tower with Radar,45,91,31,0,167,0,0,15,0,15,45,91,46,0,182,36,0,36,218
04/19/2004,SYR,NY,AEA,EN,Combined TRACON& Tower with Radar,62,158,15,32,267,0,2,46,0,48,62,160,61,32,315,34,16,50,365
04/20/2004,SYR,NY,AEA,EN,Combined TRACON& Tower with Radar,76,126,54,7,263,0,0,74,10,84,76,126,128,17,347,8,16,24,371
04/21/2004,SYR,NY,AEA,EN,Combined TRACON& Tower with Radar,62,145,43,32,282,0,0,28,0,28,62,145,71,32,310,38,30,68,378
04/22/2004,SYR,NY,AEA,EN,Combined TRACON& Tower with Radar,87,121,52,18,278,0,1,56,1,58,87,122,108,19,336,38,22,60,396
04/23/2004,SYR,NY,AEA,EN,Combined TRACON& Tower with Radar,67,135,45,22,269,0,0,70,4,74,67,135,115,26,343,54,26,80,423
04/24/2004,SYR,NY,AEA,EN,Combined TRACON& Tower with Radar,62,97,18,2,179,0,2,88,0,90,62,99,106,2,269,26,0,26,295
04/25/2004,SYR,NY,AEA,EN,Combined TRACON& Tower with Radar,46,93,32,1,172,0,0,19,0,19,46,93,51,1,191,0,0,0,191
04/26/2004,SYR,NY,AEA,EN,Combined TRACON& Tower with Radar,52,134,43,24,253,0,0,44,0,44,52,134,87,24,297,46,24,70,367
04/27/2004,SYR,NY,AEA,EN,Combined TRACON& Tower with Radar,59,141,33,11,244,0,0,23,0,23,59,141,56,11,267,38,24,62,329
04/28/2004,SYR,NY,AEA,EN,Combined TRACON& Tower with Radar,64,150,38,14,266,0,2,108,0,110,64,152,146,14,376,60,24,84,460
04/29/2004,SYR,NY,AEA,EN,Combined TRACON& Tower with Radar,63,146,38,22,269,0,1,79,1,81,63,147,117,23,350,64,48,112,462
04/30/2004,SYR,NY,AEA,EN,Combined TRACON& Tower with Radar,57,145,52,24,278,0,0,80,0,80,57,145,132,24,358,54,52,106,464
05/01/2004,SYR,NY,AEA,EN,Combined TRACON& Tower with Radar,60,108,25,19,212,0,0,35,6,41,60,108,60,25,253,20,18,38,291
05/02/2004,SYR,NY,AEA,EN,Combined TRACON& Tower with Radar,47,97,15,40,199,0,0,8,2,10,47,97,23,42,209,8,62,70,279
05/03/2004,SYR,NY,AEA,EN,Combined TRACON& Tower with Radar,53,131,24,49,257,0,0,25,1,26,53,131,49,50,283,18,58,76,359
05/04/2004,SYR,NY,AEA,EN,Combined TRACON& Tower with Radar,64,150,61,46,321,0,0,64,3,67,64,150,125,49,388,48,56,104,492
05/05/2004,SYR,NY,AEA,EN,Combined TRACON& Tower with Radar,60,148,55,29,292,0,0,20,2,22,60,148,75,31,314,26,24,50,364
05/06/2004,SYR,NY,AEA,EN,Combined TRACON& Tower with Radar,73,138,46,27,284,0,0,99,0,99,73,138,145,27,383,62,28,90,473
05/07/2004,SYR,NY,AEA,EN,Combined TRACON& Tower with Radar,73,134,63,0,270,0,0,92,0,92,73,134,155,0,362,50,0,50,412
05/08/2004,SYR,NY,AEA,EN,Combined TRACON& Tower with Radar,64,95,32,0,191,0,0,51,0,51,64,95,83,0,242,52,0,52,294
05/09/2004,SYR,NY,AEA,EN,Combined TRACON& Tower with Radar,49,98,29,2,178,0,0,12,0,12,49,98,41,2,190,16,0,16,206
05/10/2004,SYR,NY,AEA,EN,Combined TRACON& Tower with Radar,49,131,51,2,233,0,4,38,0,42,49,135,89,2,275,34,0,34,309
05/11/2004,SYR,NY,AEA,EN,Combined TRACON& Tower with Radar,67,146,58,42,313,0,0,74,0,74,67,146,132,42,387,52,54,106,493
05/12/2004,SYR,NY,AEA,EN,Combined TRACON& Tower with Radar,76,132,66,32,306,0,0,53,0,53,76,132,119,32,359,66,42,108,467
05/13/2004,SYR,NY,AEA,EN,Combined TRACON& Tower with Radar,61,138,41,29,269,0,0,64,0,64,61,138,105,29,333,46,44,90,423
05/14/2004,SYR,NY,AEA,EN,Combined TRACON& Tower with Radar,70,128,45,28,271,0,1,46,1,48,70,129,91,29,319,46,26,72,391
05/15/2004,SYR,NY,AEA,EN,Combined TRACON& Tower with Radar,59,85,20,1,165,0,0,10,0,10,59,85,30,1,175,0,0,0,175
05/16/2004,SYR,NY,AEA,EN,Combined TRACON& Tower with Radar,46,86,27,1,160,0,0,52,4,56,46,86,79,5,216,6,0,6,222
05/17/2004,SYR,NY,AEA,EN,Combined TRACON& Tower with Radar,45,123,34,16,218,0,0,105,0,105,45,123,139,16,323,54,48,102,425
05/18/2004,SYR,NY,AEA,EN,Combined TRACON& Tower with Radar,68,149,41,36,294,0,0,38,0,38,68,149,79,36,332,70,70,140,472
05/19/2004,SYR,NY,AEA,EN,Combined TRACON& Tower with Radar,70,139,61,20,290,0,2,109,0,111,70,141,170,20,401,74,46,120,521
05/20/2004,SYR,NY,AEA,EN,Combined TRACON& Tower with Radar,68,149,35,20,272,0,0,45,3,48,68,149,80,23,320,30,44,74,394
05/21/2004,SYR,NY,AEA,EN,Combined TRACON& Tower with Radar,60,132,65,24,281,0,2,54,4,60,60,134,119,28,341,42,40,82,423
05/22/2004,SYR,NY,AEA,EN,Combined TRACON& Tower with Radar,61,84,38,0,183,0,0,32,2,34,61,84,70,2,217,70,0,70,287
05/23/2004,SYR,NY,AEA,EN,Combined TRACON& Tower with Radar,51,82,34,0,167,0,0,22,0,22,51,82,56,0,189,22,0,22,211
05/24/2004,SYR,NY,AEA,EN,Combined TRACON& Tower with Radar,50,139,21,25,235,0,0,35,0,35,50,139,56,25,270,68,24,92,362
05/25/2004,SYR,NY,AEA,EN,Combined TRACON& Tower with Radar,67,158,64,26,315,0,0,25,0,25,67,158,89,26,340,26,40,66,406
05/26/2004,SYR,NY,AEA,EN,Combined TRACON& Tower with Radar,69,135,54,30,288,0,8,32,0,40,69,143,86,30,328,30,46,76,404
05/27/2004,SYR,NY,AEA,EN,Combined TRACON& Tower with Radar,83,120,54,42,299,0,0,101,0,101,83,120,155,42,400,58,66,124,524
05/28/2004,SYR,NY,AEA,EN,Combined TRACON& Tower with Radar,91,112,37,0,240,0,0,49,0,49,91,112,86,0,289,26,0,26,315
05/29/2004,SYR,NY,AEA,EN,Combined TRACON& Tower with Radar,57,90,24,0,171,0,0,80,1,81,57,90,104,1,252,12,2,14,266
05/30/2004,SYR,NY,AEA,EN,Combined TRACON& Tower with Radar,46,58,16,0,120,0,0,79,1,80,46,58,95,1,200,20,0,20,220
05/31/2004,SYR,NY,AEA,EN,Combined TRACON& Tower with Radar,44,89,20,0,153,0,0,35,23,58,44,89,55,23,211,52,44,96,307
06/01/2004,SYR,NY,AEA,EN,Combined TRACON& Tower with Radar,45,151,49,35,280,0,0,63,0,63,45,151,112,35,343,32,58,90,433
06/02/2004,SYR,NY,AEA,EN,Combined TRACON& Tower with Radar,67,135,46,18,266,0,0,31,0,31,67,135,77,18,297,8,12,20,317
06/03/2004,SYR,NY,AEA,EN,Combined TRACON& Tower with Radar,62,133,53,25,273,0,0,45,0,45,62,133,98,25,318,16,30,46,364
06/04/2004,SYR,NY,AEA,EN,Combined TRACON& Tower with Radar,73,138,45,12,268,0,0,141,0,141,73,138,186,12,409,122,24,146,555
06/05/2004,SYR,NY,AEA,EN,Combined TRACON& Tower with Radar,56,89,21,0,166,0,0,69,0,69,56,89,90,0,235,22,0,22,257
06/06/2004,SYR,NY,AEA,EN,Combined TRACON& Tower with Radar,37,97,35,26,195,0,0,58,1,59,37,97,93,27,254,24,26,50,304
06/07/2004,SYR,NY,AEA,EN,Combined TRACON& Tower with Radar,42,140,50,39,271,0,0,49,2,51,42,140,99,41,322,24,62,86,408
06/08/2004,SYR,NY,AEA,EN,Combined TRACON& Tower with Radar,64,137,47,21,269,0,0,65,1,66,64,137,112,22,335,50,24,74,409
06/09/2004,SYR,NY,AEA,EN,Combined TRACON& Tower with Radar,58,153,35,25,271,0,0,49,1,50,58,153,84,26,321,38,30,68,389
06/10/2004,SYR,NY,AEA,EN,Combined TRACON& Tower with Radar,59,155,54,1,269,0,0,65,0,65,59,155,119,1,334,50,0,50,384
06/11/2004,SYR,NY,AEA,EN,Combined TRACON& Tower with Radar,73,141,61,12,287,0,2,107,0,109,73,143,168,12,396,100,14,114,510
06/12/2004,SYR,NY,AEA,EN,Combined TRACON& Tower with Radar,72,88,53,6,219,0,0,104,1,105,72,88,157,7,324,84,14,98,422
06/13/2004,SYR,NY,AEA,EN,Combined TRACON& Tower with Radar,52,78,32,0,162,0,0,67,23,90,52,78,99,23,252,30,0,30,282
06/14/2004,SYR,NY,AEA,EN,Combined TRACON& Tower with Radar,41,137,30,35,243,0,0,42,1,43,41,137,72,36,286,10,30,40,326
06/15/2004,SYR,NY,AEA,EN,Combined TRACON& Tower with Radar,63,132,75,40,310,0,0,52,5,57,63,132,127,45,367,40,78,118,485
06/16/2004,SYR,NY,AEA,EN,Combined TRACON& Tower with Radar,63,146,60,52,321,0,0,113,4,117,63,146,173,56,438,26,80,106,544
06/17/2004,SYR,NY,AEA,EN,Combined TRACON& Tower with Radar,52,122,64,31,269,0,1,37,0,38,52,123,101,31,307,28,2,30,337
06/18/2004,SYR,NY,AEA,EN,Combined TRACON& Tower with Radar,67,135,54,31,287,0,0,77,1,78,67,135,131,32,365,38,90,128,493
06/19/2004,SYR,NY,AEA,EN,Combined TRACON& Tower with Radar,53,86,21,0,160,0,0,43,0,43,53,86,64,0,203,14,0,14,217
06/20/2004,SYR,NY,AEA,EN,Combined TRACON& Tower with Radar,51,57,46,0,154,0,0,95,0,95,51,57,141,0,249,74,0,74,323
06/21/2004,SYR,NY,AEA,EN,Combined TRACON& Tower with Radar,45,129,53,29,256,0,4,112,2,118,45,133,165,31,374,36,32,68,442
06/22/2004,SYR,NY,AEA,EN,Combined TRACON& Tower with Radar,61,139,73,40,313,0,0,43,0,43,61,139,116,40,356,70,80,150,506
06/23/2004,SYR,NY,AEA,EN,Combined TRACON& Tower with Radar,54,138,68,19,279,0,0,111,6,117,54,138,179,25,396,34,30,64,460
06/24/2004,SYR,NY,AEA,EN,Combined TRACON& Tower with Radar,51,148,46,24,269,0,0,74,12,86,51,148,120,36,355,20,52,72,427
06/25/2004,SYR,NY,AEA,EN,Combined TRACON& Tower with Radar,54,138,68,19,279,0,0,111,6,117,54,138,179,25,396,34,30,64,460
06/26/2004,SYR,NY,AEA,EN,Combined TRACON& Tower with Radar,52,91,31,1,175,0,0,60,0,60,52,91,91,1,235,40,0,40,275
06/27/2004,SYR,NY,AEA,EN,Combined TRACON& Tower with Radar,42,99,17,1,159,0,0,91,0,91,42,99,108,1,250,26,0,26,276
06/28/2004,SYR,NY,AEA,EN,Combined TRACON& Tower with Radar,39,133,40,19,231,0,0,64,1,65,39,133,104,20,296,6,16,22,318
06/29/2004,SYR,NY,AEA,EN,Combined TRACON& Tower with Radar,59,141,55,41,296,0,0,77,0,77,59,141,132,41,373,38,50,88,461
06/30/2004,SYR,NY,AEA,EN,Combined TRACON& Tower with Radar,60,141,82,18,301,0,0,85,0,85,60,141,167,18,386,40,18,58,444
07/01/2004,SYR,NY,AEA,EN,Combined TRACON& Tower with Radar,58,148,49,24,279,0,0,50,7,57,58,148,99,31,336,42,26,68,404
07/02/2004,SYR,NY,AEA,EN,Combined TRACON& Tower with Radar,61,148,54,4,267,0,6,88,2,96,61,154,142,6,363,56,0,56,419
07/03/2004,SYR,NY,AEA,EN,Combined TRACON& Tower with Radar,46,103,15,5,169,0,1,54,4,59,46,104,69,9,228,32,4,36,264
07/04/2004,SYR,NY,AEA,EN,Combined TRACON& Tower with Radar,32,93,7,0,132,0,2,23,0,25,32,95,30,0,157,2,0,2,159
07/05/2004,SYR,NY,AEA,EN,Combined TRACON& Tower with Radar,44,112,25,5,186,0,0,25,0,25,44,112,50,5,211,26,0,26,237
07/06/2004,SYR,NY,AEA,EN,Combined TRACON& Tower with Radar,37,154,43,26,260,0,3,70,0,73,37,157,113,26,333,4,26,30,363
07/07/2004,SYR,NY,AEA,EN,Combined TRACON& Tower with Radar,59,143,65,11,278,0,0,38,0,38,59,143,103,11,316,42,12,54,370
07/08/2004,SYR,NY,AEA,EN,Combined TRACON& Tower with Radar,59,165,73,34,331,0,0,66,0,66,59,165,139,34,397,42,38,80,477
07/09/2004,SYR,NY,AEA,EN,Combined TRACON& Tower with Radar,51,171,46,30,298,0,0,58,0,58,51,171,104,30,356,14,8,22,378
07/10/2004,SYR,NY,AEA,EN,Combined TRACON& Tower with Radar,46,121,26,39,232,0,0,78,0,78,46,121,104,39,310,26,68,94,404
07/11/2004,SYR,NY,AEA,EN,Combined TRACON& Tower with Radar,36,112,49,61,258,0,0,126,0,126,36,112,175,61,384,72,78,150,534
07/12/2004,SYR,NY,AEA,EN,Combined TRACON& Tower with Radar,61,156,61,14,292,0,0,40,0,40,61,156,101,14,332,40,28,68,400
07/13/2004,SYR,NY,AEA,EN,Combined TRACON& Tower with Radar,67,155,65,22,309,0,0,65,0,65,67,155,130,22,374,56,34,90,464
07/14/2004,SYR,NY,AEA,EN,Combined TRACON& Tower with Radar,62,147,45,6,260,0,0,21,0,21,62,147,66,6,281,0,4,4,285
07/15/2004,SYR,NY,AEA,EN,Combined TRACON& Tower with Radar,65,161,72,20,318,2,4,45,0,51,67,165,117,20,369,56,36,92,461
07/16/2004,SYR,NY,AEA,EN,Combined TRACON& Tower with Radar,56,147,37,7,247,0,0,66,2,68,56,147,103,9,315,8,2,10,325
07/17/2004,SYR,NY,AEA,EN,Combined TRACON& Tower with Radar,59,104,37,0,200,0,0,98,0,98,59,104,135,0,298,40,0,40,338
07/18/2004,SYR,NY,AEA,EN,Combined TRACON& Tower with Radar,39,95,28,3,165,0,0,34,0,34,39,95,62,3,199,16,0,16,215
07/19/2004,SYR,NY,AEA,EN,Combined TRACON& Tower with Radar,47,153,63,14,277,0,0,57,0,57,47,153,120,14,334,88,36,124,458
07/20/2004,SYR,NY,AEA,EN,Combined TRACON& Tower with Radar,61,166,66,20,313,0,0,62,1,63,61,166,128,21,376,68,36,104,480
07/21/2004,SYR,NY,AEA,EN,Combined TRACON& Tower with Radar,62,156,71,24,313,0,0,91,1,92,62,156,162,25,405,78,48,126,531
07/22/2004,SYR,NY,AEA,EN,Combined TRACON& Tower with Radar,58,154,48,30,290,0,0,71,0,71,58,154,119,30,361,58,40,98,459
07/23/2004,SYR,NY,AEA,EN,Combined TRACON& Tower with Radar,58,154,71,20,303,0,0,0,0,0,58,154,71,20,303,24,12,36,339
07/24/2004,SYR,NY,AEA,EN,Combined TRACON& Tower with Radar,63,116,41,1,221,0,0,180,0,180,63,116,221,1,401,46,0,46,447
07/25/2004,SYR,NY,AEA,EN,Combined TRACON& Tower with Radar,76,65,25,0,166,0,0,51,0,51,76,65,76,0,217,22,0,22,239
07/26/2004,SYR,NY,AEA,EN,Combined TRACON& Tower with Radar,71,85,31,0,187,0,0,41,0,41,71,85,72,0,228,12,0,12,240
07/27/2004,SYR,NY,AEA,EN,Combined TRACON& Tower with Radar,66,152,39,8,265,0,0,0,0,0,66,152,39,8,265,0,0,0,265
07/28/2004,SYR,NY,AEA,EN,Combined TRACON& Tower with Radar,58,141,44,16,259,0,0,58,0,58,58,141,102,16,317,30,12,42,359
07/29/2004,SYR,NY,AEA,EN,Combined TRACON& Tower with Radar,67,153,53,24,297,0,0,136,0,136,67,153,189,24,433,28,40,68,501
07/30/2004,SYR,NY,AEA,EN,Combined TRACON& Tower with Radar,65,144,45,0,254,0,0,70,1,71,65,144,115,1,325,8,0,8,333
07/31/2004,SYR,NY,AEA,EN,Combined TRACON& Tower with Radar,64,98,22,0,184,0,3,6,1,10,64,101,28,1,194,16,0,16,210
08/01/2004,SYR,NY,AEA,EN,Combined TRACON& Tower with Radar,46,94,56,0,196,0,0,60,0,60,46,94,116,0,256,66,0,66,322
08/02/2004,SYR,NY,AEA,EN,Combined TRACON& Tower with Radar,37,142,51,25,255,0,0,185,2,187,37,142,236,27,442,34,40,74,516
08/03/2004,SYR,NY,AEA,EN,Combined TRACON& Tower with Radar,78,146,72,18,314,0,0,108,0,108,78,146,180,18,422,44,22,66,488
08/04/2004,SYR,NY,AEA,EN,Combined TRACON& Tower with Radar,63,136,68,30,297,0,1,69,0,70,63,137,137,30,367,26,40,66,433
08/05/2004,SYR,NY,AEA,EN,Combined TRACON& Tower with Radar,67,159,51,5,282,0,0,117,0,117,67,159,168,5,399,10,8,18,417
08/06/2004,SYR,NY,AEA,EN,Combined TRACON& Tower with Radar,73,171,73,7,324,0,0,86,0,86,73,171,159,7,410,46,0,46,456
08/07/2004,SYR,NY,AEA,EN,Combined TRACON& Tower with Radar,70,96,19,1,186,0,2,64,0,66,70,98,83,1,252,64,0,64,316
08/08/2004,SYR,NY,AEA,EN,Combined TRACON& Tower with Radar,55,87,31,55,228,0,0,61,0,61,55,87,92,55,289,16,12,28,317
08/09/2004,SYR,NY,AEA,EN,Combined TRACON& Tower with Radar,42,149,42,12,245,0,0,108,0,108,42,149,150,12,353,72,22,94,447
08/10/2004,SYR,NY,AEA,EN,Combined TRACON& Tower with Radar,42,149,42,12,245,0,0,108,0,108,42,149,150,12,353,72,22,94,447
08/11/2004,SYR,NY,AEA,EN,Combined TRACON& Tower with Radar,71,143,57,20,291,0,0,51,0,51,71,143,108,20,342,36,14,50,392
08/12/2004,SYR,NY,AEA,EN,Combined TRACON& Tower with Radar,76,143,58,15,292,0,0,18,0,18,76,143,76,15,310,10,4,14,324
08/13/2004,SYR,NY,AEA,EN,Combined TRACON& Tower with Radar,75,145,45,0,265,0,0,27,0,27,75,145,72,0,292,10,0,10,302
08/14/2004,SYR,NY,AEA,EN,Combined TRACON& Tower with Radar,67,94,28,0,189,0,0,55,5,60,67,94,83,5,249,46,0,46,295
08/15/2004,SYR,NY,AEA,EN,Combined TRACON& Tower with Radar,70,80,16,5,171,0,0,55,2,57,70,80,71,7,228,32,10,42,270
08/16/2004,SYR,NY,AEA,EN,Combined TRACON& Tower with Radar,61,122,47,10,240,0,0,56,0,56,61,122,103,10,296,22,32,54,350
08/17/2004,SYR,NY,AEA,EN,Combined TRACON& Tower with Radar,76,162,49,27,314,0,0,139,3,142,76,162,188,30,456,14,20,34,490
08/18/2004,SYR,NY,AEA,EN,Combined TRACON& Tower with Radar,70,157,53,34,314,0,1,78,0,79,70,158,131,34,393,46,48,94,487
08/19/2004,SYR,NY,AEA,EN,Combined TRACON& Tower with Radar,62,145,43,6,256,0,0,52,5,57,62,145,95,11,313,2,6,8,321
08/20/2004,SYR,NY,AEA,EN,Combined TRACON& Tower with Radar,75,159,57,47,338,0,0,96,9,105,75,159,153,56,443,34,78,112,555
08/21/2004,SYR,NY,AEA,EN,Combined TRACON& Tower with Radar,56,106,32,0,194,0,0,33,0,33,56,106,65,0,227,24,4,28,255
08/22/2004,SYR,NY,AEA,EN,Combined TRACON& Tower with Radar,41,108,43,0,192,0,0,61,0,61,41,108,104,0,253,34,0,34,287
08/23/2004,SYR,NY,AEA,EN,Combined TRACON& Tower with Radar,67,131,44,28,270,0,0,65,7,72,67,131,109,35,342,38,36,74,416
08/24/2004,SYR,NY,AEA,EN,Combined TRACON& Tower with Radar,73,145,59,28,305,0,0,143,0,143,73,145,202,28,448,26,32,58,506
08/25/2004,SYR,NY,AEA,EN,Combined TRACON& Tower with Radar,62,150,45,38,295,0,0,92,0,92,62,150,137,38,387,16,54,70,457
08/26/2004,SYR,NY,AEA,EN,Combined TRACON& Tower with Radar,61,157,52,14,284,0,0,102,0,102,61,157,154,14,386,54,24,78,464
08/27/2004,SYR,NY,AEA,EN,Combined TRACON& Tower with Radar,59,151,29,30,269,0,0,53,0,53,59,151,82,30,322,68,30,98,420
08/28/2004,SYR,NY,AEA,EN,Combined TRACON& Tower with Radar,60,112,31,0,203,0,0,67,0,67,60,112,98,0,270,76,0,76,346
08/29/2004,SYR,NY,AEA,EN,Combined TRACON& Tower with Radar,52,99,39,1,191,0,0,17,0,17,52,99,56,1,208,22,2,24,232
08/30/2004,SYR,NY,AEA,EN,Combined TRACON& Tower with Radar,61,123,28,4,216,0,0,2,0,2,61,123,30,4,218,0,0,0,218
08/31/2004,SYR,NY,AEA,EN,Combined TRACON& Tower with Radar,58,165,49,51,323,0,0,146,25,171,58,165,195,76,494,52,68,120,614
09/01/2004,SYR,NY,AEA,EN,Combined TRACON& Tower with Radar,64,157,48,28,297,0,0,147,0,147,64,157,195,28,444,34,48,82,526
09/02/2004,SYR,NY,AEA,EN,Combined TRACON& Tower with Radar,61,157,54,32,304,0,0,165,0,165,61,157,219,32,469,24,48,72,541
09/03/2004,SYR,NY,AEA,EN,Combined TRACON& Tower with Radar,71,147,42,0,260,0,1,119,0,120,71,148,161,0,380,56,0,56,436
09/04/2004,SYR,NY,AEA,EN,Combined TRACON& Tower with Radar,55,98,33,0,186,0,1,47,1,49,55,99,80,1,235,42,0,42,277
09/05/2004,SYR,NY,AEA,EN,Combined TRACON& Tower with Radar,44,81,38,0,163,0,0,51,0,51,44,81,89,0,214,56,0,56,270
09/06/2004,SYR,NY,AEA,EN,Combined TRACON& Tower with Radar,46,113,40,2,201,0,0,74,2,76,46,113,114,4,277,28,6,34,311
09/07/2004,SYR,NY,AEA,EN,Combined TRACON& Tower with Radar,59,135,33,53,280,0,0,72,0,72,59,135,105,53,352,8,60,68,420
09/08/2004,SYR,NY,AEA,EN,Combined TRACON& Tower with Radar,67,159,51,20,297,0,0,29,0,29,67,159,80,20,326,18,26,44,370
09/09/2004,SYR,NY,AEA,EN,Combined TRACON& Tower with Radar,73,141,51,5,270,0,0,3,0,3,73,141,54,5,273,4,4,8,281
09/10/2004,SYR,NY,AEA,EN,Combined TRACON& Tower with Radar,95,134,52,31,312,0,0,69,0,69,95,134,121,31,381,56,34,90,471
09/11/2004,SYR,NY,AEA,EN,Combined TRACON& Tower with Radar,61,99,31,31,222,0,0,115,0,115,61,99,146,31,337,88,62,150,487
09/12/2004,SYR,NY,AEA,EN,Combined TRACON& Tower with Radar,42,102,11,14,169,0,0,84,0,84,42,102,95,14,253,46,42,88,341
09/13/2004,SYR,NY,AEA,EN,Combined TRACON& Tower with Radar,48,147,49,24,268,0,0,42,2,44,48,147,91,26,312,50,0,50,362
09/14/2004,SYR,NY,AEA,EN,Combined TRACON& Tower with Radar,58,165,42,38,303,0,0,123,0,123,58,165,165,38,426,58,30,88,514
09/15/2004,SYR,NY,AEA,EN,Combined TRACON& Tower with Radar,62,157,53,35,307,0,0,117,0,117,62,157,170,35,424,12,22,34,458
09/16/2004,SYR,NY,AEA,EN,Combined TRACON& Tower with Radar,68,172,45,50,335,0,0,101,0,101,68,172,146,50,436,28,46,74,510
09/17/2004,SYR,NY,AEA,EN,Combined TRACON& Tower with Radar,61,152,86,6,305,0,0,30,1,31,61,152,116,7,336,18,8,26,362
09/18/2004,SYR,NY,AEA,EN,Combined TRACON& Tower with Radar,74,104,19,4,201,0,0,68,0,68,74,104,87,4,269,8,4,12,281
09/19/2004,SYR,NY,AEA,EN,Combined TRACON& Tower with Radar,44,119,31,19,213,0,0,99,0,99,44,119,130,19,312,24,2,26,338
09/20/2004,SYR,NY,AEA,EN,Combined TRACON& Tower with Radar,55,159,38,26,278,0,0,96,0,96,55,159,134,26,374,44,30,74,448
09/21/2004,SYR,NY,AEA,EN,Combined TRACON& Tower with Radar,87,164,47,41,339,0,0,124,2,126,87,164,171,43,465,32,56,88,553
09/22/2004,SYR,NY,AEA,EN,Combined TRACON& Tower with Radar,80,178,47,33,338,0,0,118,0,118,80,178,165,33,456,38,44,82,538
09/23/2004,SYR,NY,AEA,EN,Combined TRACON& Tower with Radar,59,163,52,8,282,1,3,120,0,124,60,166,172,8,406,44,0,44,450
09/24/2004,SYR,NY,AEA,EN,Combined TRACON& Tower with Radar,62,178,46,2,288,0,0,72,0,72,62,178,118,2,360,26,0,26,386
09/25/2004,SYR,NY,AEA,EN,Combined TRACON& Tower with Radar,48,105,24,4,181,0,0,51,0,51,48,105,75,4,232,22,4,26,258
09/26/2004,SYR,NY,AEA,EN,Combined TRACON& Tower with Radar,45,107,24,0,176,0,0,84,0,84,45,107,108,0,260,16,0,16,276
09/27/2004,SYR,NY,AEA,EN,Combined TRACON& Tower with Radar,38,137,41,28,244,0,0,81,0,81,38,137,122,28,325,24,44,68,393
09/28/2004,SYR,NY,AEA,EN,Combined TRACON& Tower with Radar,62,150,28,32,272,0,0,59,0,59,62,150,87,32,331,14,40,54,385
09/29/2004,SYR,NY,AEA,EN,Combined TRACON& Tower with Radar,67,155,40,21,283,0,0,95,0,95,67,155,135,21,378,14,20,34,412
09/30/2004,SYR,NY,AEA,EN,Combined TRACON& Tower with Radar,67,182,47,0,296,0,0,36,0,36,67,182,83,0,332,38,4,42,374
10/01/2004,SYR,NY,AEA,EN,Combined TRACON& Tower with Radar,80,157,36,33,306,0,0,127,0,127,80,157,163,33,433,52,24,76,509
10/02/2004,SYR,NY,AEA,EN,Combined TRACON& Tower with Radar,71,103,39,3,216,0,0,38,0,38,71,103,77,3,254,38,2,40,294
10/03/2004,SYR,NY,AEA,EN,Combined TRACON& Tower with Radar,41,115,45,0,201,0,0,130,0,130,41,115,175,0,331,48,0,48,379
10/04/2004,SYR,NY,AEA,EN,Combined TRACON& Tower with Radar,47,144,31,36,258,0,0,74,0,74,47,144,105,36,332,24,48,72,404
10/05/2004,SYR,NY,AEA,EN,Combined TRACON& Tower with Radar,54,153,48,33,288,0,0,110,0,110,54,153,158,33,398,4,34,38,436
10/06/2004,SYR,NY,AEA,EN,Combined TRACON& Tower with Radar,50,168,56,17,291,0,1,141,0,142,50,169,197,17,433,40,24,64,497
10/07/2004,SYR,NY,AEA,EN,Combined TRACON& Tower with Radar,70,161,59,4,294,0,0,132,0,132,70,161,191,4,426,44,12,56,482
10/08/2004,SYR,NY,AEA,EN,Combined TRACON& Tower with Radar,65,162,40,0,267,0,0,96,0,96,65,162,136,0,363,24,0,24,387
10/09/2004,SYR,NY,AEA,EN,Combined TRACON& Tower with Radar,39,110,77,10,236,0,0,23,0,23,39,110,100,10,259,6,0,6,265
10/10/2004,SYR,NY,AEA,EN,Combined TRACON& Tower with Radar,38,117,18,0,173,0,3,22,0,25,38,120,40,0,198,0,0,0,198
10/11/2004,SYR,NY,AEA,EN,Combined TRACON& Tower with Radar,43,154,33,0,230,0,0,41,0,41,43,154,74,0,271,8,0,8,279
10/12/2004,SYR,NY,AEA,EN,Combined TRACON& Tower with Radar,63,159,48,1,271,0,0,110,0,110,63,159,158,1,381,16,0,16,397
10/13/2004,SYR,NY,AEA,EN,Combined TRACON& Tower with Radar,64,169,51,6,290,0,0,97,0,97,64,169,148,6,387,50,8,58,445
10/14/2004,SYR,NY,AEA,EN,Combined TRACON& Tower with Radar,60,148,45,13,266,0,0,51,0,51,60,148,96,13,317,38,20,58,375
10/15/2004,SYR,NY,AEA,EN,Combined TRACON& Tower with Radar,59,170,41,2,272,0,0,19,7,26,59,170,60,9,298,20,0,20,318
10/16/2004,SYR,NY,AEA,EN,Combined TRACON& Tower with Radar,71,129,8,1,209,0,0,28,0,28,71,129,36,1,237,6,2,8,245
10/17/2004,SYR,NY,AEA,EN,Combined TRACON& Tower with Radar,47,105,22,1,175,0,0,3,0,3,47,105,25,1,178,0,0,0,178
10/18/2004,SYR,NY,AEA,EN,Combined TRACON& Tower with Radar,39,149,39,4,231,0,0,25,0,25,39,149,64,4,256,74,0,74,330
10/19/2004,SYR,NY,AEA,EN,Combined TRACON& Tower with Radar,56,156,34,6,252,0,0,25,0,25,56,156,59,6,277,12,0,12,289
10/20/2004,SYR,NY,AEA,EN,Combined TRACON& Tower with Radar,61,159,40,5,265,0,0,45,0,45,61,159,85,5,310,14,12,26,336
10/21/2004,SYR,NY,AEA,EN,Combined TRACON& Tower with Radar,64,162,74,1,301,0,0,6,0,6,64,162,80,1,307,4,0,4,311
10/22/2004,SYR,NY,AEA,EN,Combined TRACON& Tower with Radar,76,132,64,11,283,0,0,77,0,77,76,132,141,11,360,56,18,74,434
10/23/2004,SYR,NY,AEA,EN,Combined TRACON& Tower with Radar,35,108,48,3,194,0,0,94,0,94,35,108,142,3,288,42,0,42,330
10/24/2004,SYR,NY,AEA,EN,Combined TRACON& Tower with Radar,46,118,21,0,185,0,0,53,0,53,46,118,74,0,238,18,0,18,256
10/25/2004,SYR,NY,AEA,EN,Combined TRACON& Tower with Radar,37,160,52,2,251,0,0,4,0,4,37,160,56,2,255,62,0,62,317
10/26/2004,SYR,NY,AEA,EN,Combined TRACON& Tower with Radar,65,160,67,16,308,0,0,46,1,47,65,160,113,17,355,12,16,28,383
10/27/2004,SYR,NY,AEA,EN,Combined TRACON& Tower with Radar,77,181,63,6,327,0,0,24,0,24,77,181,87,6,351,12,0,12,363
10/28/2004,SYR,NY,AEA,EN,Combined TRACON& Tower with Radar,75,171,76,35,357,0,0,103,0,103,75,171,179,35,460,26,30,56,516
10/29/2004,SYR,NY,AEA,EN,Combined TRACON& Tower with Radar,64,172,62,28,326,0,0,54,0,54,64,172,116,28,380,24,44,68,448
10/30/2004,SYR,NY,AEA,EN,Combined TRACON& Tower with Radar,59,87,31,0,177,0,0,7,0,7,59,87,38,0,184,12,0,12,196
10/31/2004,SYR,NY,AEA,EN,Combined TRACON& Tower with Radar,59,99,17,0,175,0,0,9,0,9,59,99,26,0,184,6,0,6,190
11/01/2004,SYR,NY,AEA,EN,Combined TRACON& Tower with Radar,50,144,31,21,246,0,0,31,0,31,50,144,62,21,277,24,42,66,343
11/02/2004,SYR,NY,AEA,EN,Combined TRACON& Tower with Radar,61,158,47,7,273,0,3,20,0,23,61,161,67,7,296,6,2,8,304
11/03/2004,SYR,NY,AEA,EN,Combined TRACON& Tower with Radar,66,158,51,20,295,0,0,37,0,37,66,158,88,20,332,0,16,16,348
11/04/2004,SYR,NY,AEA,EN,Combined TRACON& Tower with Radar,59,159,63,22,303,0,0,20,0,20,59,159,83,22,323,22,28,50,373
11/05/2004,SYR,NY,AEA,EN,Combined TRACON& Tower with Radar,71,145,32,2,250,0,0,3,0,3,71,145,35,2,253,2,0,2,255
11/06/2004,SYR,NY,AEA,EN,Combined TRACON& Tower with Radar,63,107,36,2,208,0,0,40,0,40,63,107,76,2,248,28,0,28,276
11/07/2004,SYR,NY,AEA,EN,Combined TRACON& Tower with Radar,59,125,50,37,271,0,0,35,1,36,59,125,85,38,307,26,70,96,403
11/08/2004,SYR,NY,AEA,EN,Combined TRACON& Tower with Radar,62,126,25,14,227,0,0,11,0,11,62,126,36,14,238,2,4,6,244
11/09/2004,SYR,NY,AEA,EN,Combined TRACON& Tower with Radar,83,127,46,18,274,0,0,20,0,20,83,127,66,18,294,26,2,28,322
11/10/2004,SYR,NY,AEA,EN,Combined TRACON& Tower with Radar,63,151,43,19,276,0,0,64,4,68,63,151,107,23,344,46,44,90,434
11/11/2004,SYR,NY,AEA,EN,Combined TRACON& Tower with Radar,56,144,42,5,247,0,0,15,0,15,56,144,57,5,262,16,0,16,278
11/12/2004,SYR,NY,AEA,EN,Combined TRACON& Tower with Radar,62,119,46,14,241,0,0,56,1,57,62,119,102,15,298,42,8,50,348
11/13/2004,SYR,NY,AEA,EN,Combined TRACON& Tower with Radar,51,122,43,2,218,0,4,87,3,94,51,126,130,5,312,36,2,38,350
11/14/2004,SYR,NY,AEA,EN,Combined TRACON& Tower with Radar,47,95,50,5,197,0,1,117,1,119,47,96,167,6,316,60,0,60,376
11/15/2004,SYR,NY,AEA,EN,Combined TRACON& Tower with Radar,66,138,42,31,277,0,0,67,1,68,66,138,109,32,345,54,18,72,417
11/16/2004,SYR,NY,AEA,EN,Combined TRACON& Tower with Radar,76,135,58,18,287,0,0,51,8,59,76,135,109,26,346,30,22,52,398
11/17/2004,SYR,NY,AEA,EN,Combined TRACON& Tower with Radar,73,147,60,11,291,0,0,35,0,35,73,147,95,11,326,76,24,100,426
11/18/2004,SYR,NY,AEA,EN,Combined TRACON& Tower with Radar,84,130,44,12,270,0,0,10,0,10,84,130,54,12,280,2,4,6,286
11/19/2004,SYR,NY,AEA,EN,Combined TRACON& Tower with Radar,73,132,43,20,268,0,0,43,0,43,73,132,86,20,311,50,34,84,395
11/20/2004,SYR,NY,AEA,EN,Combined TRACON& Tower with Radar,65,99,42,2,208,0,0,16,0,16,65,99,58,2,224,2,0,2,226
11/21/2004,SYR,NY,AEA,EN,Combined TRACON& Tower with Radar,59,84,39,1,183,0,0,7,0,7,59,84,46,1,190,20,0,20,210
11/22/2004,SYR,NY,AEA,EN,Combined TRACON& Tower with Radar,61,132,45,34,272,0,0,107,0,107,61,132,152,34,379,62,34,96,475
11/23/2004,SYR,NY,AEA,EN,Combined TRACON& Tower with Radar,61,143,61,26,291,0,0,55,0,55,61,143,116,26,346,34,24,58,404
11/24/2004,SYR,NY,AEA,EN,Combined TRACON& Tower with Radar,62,148,37,17,264,0,0,6,0,6,62,148,43,17,270,10,0,10,280
11/25/2004,SYR,NY,AEA,EN,Combined TRACON& Tower with Radar,46,105,5,0,156,0,0,2,0,2,46,105,7,0,158,0,0,0,158
11/26/2004,SYR,NY,AEA,EN,Combined TRACON& Tower with Radar,50,100,22,1,173,0,1,17,1,19,50,101,39,2,192,18,2,20,212
11/27/2004,SYR,NY,AEA,EN,Combined TRACON& Tower with Radar,69,100,11,2,182,0,0,24,0,24,69,100,35,2,206,18,0,18,224
11/28/2004,SYR,NY,AEA,EN,Combined TRACON& Tower with Radar,46,114,21,3,184,0,0,0,0,0,46,114,21,3,184,4,0,4,188
11/29/2004,SYR,NY,AEA,EN,Combined TRACON& Tower with Radar,58,140,32,41,271,0,0,36,3,39,58,140,68,44,310,26,22,48,358
11/30/2004,SYR,NY,AEA,EN,Combined TRACON& Tower with Radar,67,146,36,22,271,0,0,78,8,86,67,146,114,30,357,440,40,480,837
12/01/2004,SYR,NY,AEA,EN,Combined TRACON& Tower with Radar,61,139,24,2,226,0,0,4,2,6,61,139,28,4,232,0,0,0,232
12/02/2004,SYR,NY,AEA,EN,Combined TRACON& Tower with Radar,75,136,47,39,297,0,0,45,0,45,75,136,92,39,342,42,62,104,446
12/03/2004,SYR,NY,AEA,EN,Combined TRACON& Tower with Radar,80,118,47,25,270,0,0,5,0,5,80,118,52,25,275,4,8,12,287
12/04/2004,SYR,NY,AEA,EN,Combined TRACON& Tower with Radar,57,107,20,16,200,0,0,37,2,39,57,107,57,18,239,18,52,70,309
12/05/2004,SYR,NY,AEA,EN,Combined TRACON& Tower with Radar,33,97,37,9,176,0,0,17,2,19,33,97,54,11,195,4,0,4,199
12/06/2004,SYR,NY,AEA,EN,Combined TRACON& Tower with Radar,64,115,35,0,214,0,0,10,1,11,64,115,45,1,225,4,0,4,229
12/07/2004,SYR,NY,AEA,EN,Combined TRACON& Tower with Radar,63,135,42,0,240,0,0,1,0,1,63,135,43,0,241,6,0,6,247
12/08/2004,SYR,NY,AEA,EN,Combined TRACON& Tower with Radar,77,170,63,41,351,0,0,46,0,46,77,170,109,41,397,6,44,50,447
12/09/2004,SYR,NY,AEA,EN,Combined TRACON& Tower with Radar,65,134,37,37,273,0,0,62,2,64,65,134,99,39,337,36,70,106,443
12/10/2004,SYR,NY,AEA,EN,Combined TRACON& Tower with Radar,72,139,47,4,262,0,0,16,0,16,72,139,63,4,278,10,0,10,288
12/11/2004,SYR,NY,AEA,EN,Combined TRACON& Tower with Radar,54,110,14,2,180,0,0,0,0,0,54,110,14,2,180,0,0,0,180
12/12/2004,SYR,NY,AEA,EN,Combined TRACON& Tower with Radar,38,97,21,0,156,0,0,2,0,2,38,97,23,0,158,0,0,0,158
12/13/2004,SYR,NY,AEA,EN,Combined TRACON& Tower with Radar,47,129,39,21,236,0,0,27,0,27,47,129,66,21,263,14,40,54,317
12/14/2004,SYR,NY,AEA,EN,Combined TRACON& Tower with Radar,68,140,31,17,256,0,0,1,0,1,68,140,32,17,257,0,30,30,287
12/15/2004,SYR,NY,AEA,EN,Combined TRACON& Tower with Radar,71,135,46,28,280,0,0,54,1,55,71,135,100,29,335,16,34,50,385
12/16/2004,SYR,NY,AEA,EN,Combined TRACON& Tower with Radar,62,152,28,22,264,0,0,59,2,61,62,152,87,24,325,20,38,58,383
12/17/2004,SYR,NY,AEA,EN,Combined TRACON& Tower with Radar,65,145,32,0,242,0,0,11,1,12,65,145,43,1,254,6,0,6,260
12/18/2004,SYR,NY,AEA,EN,Combined TRACON& Tower with Radar,63,106,39,1,209,0,0,48,1,49,63,106,87,2,258,32,0,32,290
12/19/2004,SYR,NY,AEA,EN,Combined TRACON& Tower with Radar,57,84,8,1,150,0,0,0,0,0,57,84,8,1,150,0,0,0,150
12/20/2004,SYR,NY,AEA,EN,Combined TRACON& Tower with Radar,52,149,25,17,243,0,0,21,0,21,52,149,46,17,264,22,32,54,318
12/21/2004,SYR,NY,AEA,EN,Combined TRACON& Tower with Radar,77,163,49,20,309,0,1,18,1,20,77,164,67,21,329,16,20,36,365
12/22/2004,SYR,NY,AEA,EN,Combined TRACON& Tower with Radar,62,153,30,14,259,0,0,21,0,21,62,153,51,14,280,12,26,38,318
12/23/2004,SYR,NY,AEA,EN,Combined TRACON& Tower with Radar,58,123,11,0,192,0,0,8,0,8,58,123,19,0,200,10,0,10,210
12/24/2004,SYR,NY,AEA,EN,Combined TRACON& Tower with Radar,79,109,7,0,195,0,0,19,0,19,79,109,26,0,214,10,0,10,224
12/25/2004,SYR,NY,AEA,EN,Combined TRACON& Tower with Radar,46,72,1,1,120,0,0,7,2,9,46,72,8,3,129,0,0,0,129
12/26/2004,SYR,NY,AEA,EN,Combined TRACON& Tower with Radar,42,100,18,0,160,0,0,22,1,23,42,100,40,1,183,8,0,8,191
12/27/2004,SYR,NY,AEA,EN,Combined TRACON& Tower with Radar,49,111,37,38,235,0,0,34,0,34,49,111,71,38,269,22,46,68,337
12/28/2004,SYR,NY,AEA,EN,Combined TRACON& Tower with Radar,63,114,37,16,230,0,0,24,0,24,63,114,61,16,254,8,10,18,272
12/29/2004,SYR,NY,AEA,EN,Combined TRACON& Tower with Radar,77,134,16,14,241,0,0,15,0,15,77,134,31,14,256,28,24,52,308
12/30/2004,SYR,NY,AEA,EN,Combined TRACON& Tower with Radar,69,124,28,1,222,0,0,47,0,47,69,124,75,1,269,54,0,54,323
12/31/2004,SYR,NY,AEA,EN,Combined TRACON& Tower with Radar,69,140,14,0,223,0,0,8,0,8,69,140,22,0,231,12,0,12,243
01/01/2005,SYR,NY,AEA,EN,Combined TRACON& Tower with Radar,54,77,9,0,140,0,0,20,0,20,54,77,29,0,160,0,0,0,160
01/02/2005,SYR,NY,AEA,EN,Combined TRACON& Tower with Radar,51,90,25,0,166,0,0,0,0,0,51,90,25,0,166,10,2,12,178
01/03/2005,SYR,NY,AEA,EN,Combined TRACON& Tower with Radar,51,153,16,28,248,0,0,27,0,27,51,153,43,28,275,0,6,6,281
01/04/2005,SYR,NY,AEA,EN,Combined TRACON& Tower with Radar,63,146,23,20,252,0,0,36,0,36,63,146,59,20,288,14,14,28,316
01/05/2005,SYR,NY,AEA,EN,Combined TRACON& Tower with Radar,59,140,37,12,248,0,0,23,1,24,59,140,60,13,272,20,24,44,316
01/06/2005,SYR,NY,AEA,EN,Combined TRACON& Tower with Radar,55,141,18,1,215,0,0,18,0,18,55,141,36,1,233,2,0,2,235
01/07/2005,SYR,NY,AEA,EN,Combined TRACON& Tower with Radar,70,151,44,34,299,0,0,33,0,33,70,151,77,34,332,10,40,50,382
01/08/2005,SYR,NY,AEA,EN,Combined TRACON& Tower with Radar,52,106,5,3,166,0,0,1,0,1,52,106,6,3,167,2,0,2,169
01/09/2005,SYR,NY,AEA,EN,Combined TRACON& Tower with Radar,48,99,18,18,183,0,0,22,0,22,48,99,40,18,205,24,34,58,263
01/10/2005,SYR,NY,AEA,EN,Combined TRACON& Tower with Radar,36,139,50,12,237,0,0,36,2,38,36,139,86,14,275,8,12,20,295
01/11/2005,SYR,NY,AEA,EN,Combined TRACON& Tower with Radar,67,150,51,16,284,0,0,19,0,19,67,150,70,16,303,14,32,46,349
01/12/2005,SYR,NY,AEA,EN,Combined TRACON& Tower with Radar,58,148,31,1,238,0,0,2,0,2,58,148,33,1,240,2,0,2,242
01/13/2005,SYR,NY,AEA,EN,Combined TRACON& Tower with Radar,101,160,47,23,331,0,0,23,0,23,101,160,70,23,354,6,26,32,386
01/14/2005,SYR,NY,AEA,EN,Combined TRACON& Tower with Radar,66,143,28,1,238,0,0,7,0,7,66,143,35,1,245,8,0,8,253
01/15/2005,SYR,NY,AEA,EN,Combined TRACON& Tower with Radar,73,83,11,2,169,0,0,60,0,60,73,83,71,2,229,14,0,14,243
01/16/2005,SYR,NY,AEA,EN,Combined TRACON& Tower with Radar,32,111,25,3,171,0,0,46,21,67,32,111,71,24,238,4,22,26,264
01/17/2005,SYR,NY,AEA,EN,Combined TRACON& Tower with Radar,33,141,33,2,209,0,0,22,0,22,33,141,55,2,231,6,0,6,237
01/18/2005,SYR,NY,AEA,EN,Combined TRACON& Tower with Radar,55,145,39,39,278,0,0,51,1,52,55,145,90,40,330,0,40,40,370
01/19/2005,SYR,NY,AEA,EN,Combined TRACON& Tower with Radar,65,134,47,12,258,0,5,12,1,18,65,139,59,13,276,6,24,30,306
01/20/2005,SYR,NY,AEA,EN,Combined TRACON& Tower with Radar,78,131,39,27,275,0,0,16,0,16,78,131,55,27,291,14,48,62,353
01/21/2005,SYR,NY,AEA,EN,Combined TRACON& Tower with Radar,76,125,25,18,244,0,3,27,1,31,76,128,52,19,275,18,30,48,323
01/22/2005,SYR,NY,AEA,EN,Combined TRACON& Tower with Radar,57,68,5,0,130,0,0,6,3,9,57,68,11,3,139,12,2,14,153
01/23/2005,SYR,NY,AEA,EN,Combined TRACON& Tower with Radar,24,73,11,35,143,0,0,4,0,4,24,73,15,35,147,0,34,34,181
01/24/2005,SYR,NY,AEA,EN,Combined TRACON& Tower with Radar,41,139,23,7,210,0,0,17,0,17,41,139,40,7,227,26,0,26,253
01/25/2005,SYR,NY,AEA,EN,Combined TRACON& Tower with Radar,57,160,28,12,257,0,3,24,0,27,57,163,52,12,284,14,8,22,306
01/26/2005,SYR,NY,AEA,EN,Combined TRACON& Tower with Radar,59,142,21,15,237,0,4,6,0,10,59,146,27,15,247,8,38,46,293
01/27/2005,SYR,NY,AEA,EN,Combined TRACON& Tower with Radar,57,141,28,16,242,0,2,24,0,26,57,143,52,16,268,0,22,22,290
01/28/2005,SYR,NY,AEA,EN,Combined TRACON& Tower with Radar,56,151,30,0,237,0,0,54,0,54,56,151,84,0,291,40,0,40,331
01/29/2005,SYR,NY,AEA,EN,Combined TRACON& Tower with Radar,59,117,24,0,200,0,0,89,0,89,59,117,113,0,289,10,0,10,299
01/30/2005,SYR,NY,AEA,EN,Combined TRACON& Tower with Radar,40,86,34,8,168,0,0,80,1,81,40,86,114,9,249,20,16,36,285
01/31/2005,SYR,NY,AEA,EN,Combined TRACON& Tower with Radar,46,137,28,21,232,0,0,42,0,42,46,137,70,21,274,28,32,60,334
02/01/2005,SYR,NY,AEA,EN,Combined TRACON& Tower with Radar,57,139,41,40,277,0,0,97,1,98,57,139,138,41,375,24,56,80,455
02/02/2005,SYR,NY,AEA,EN,Combined TRACON& Tower with Radar,67,148,34,36,285,0,5,86,3,94,67,153,120,39,379,4,22,26,405
02/03/2005,SYR,NY,AEA,EN,Combined TRACON& Tower with Radar,56,156,41,43,296,0,1,70,0,71,56,157,111,43,367,36,52,88,455
02/04/2005,SYR,NY,AEA,EN,Combined TRACON& Tower with Radar,59,159,49,22,289,0,1,20,0,21,59,160,69,22,310,22,24,46,356
02/05/2005,SYR,NY,AEA,EN,Combined TRACON& Tower with Radar,56,93,22,0,171,0,2,38,0,40,56,95,60,0,211,32,0,32,243
02/06/2005,SYR,NY,AEA,EN,Combined TRACON& Tower with Radar,47,90,35,7,179,0,0,54,0,54,47,90,89,7,233,40,0,40,273
02/07/2005,SYR,NY,AEA,EN,Combined TRACON& Tower with Radar,43,155,44,52,294,0,0,102,1,103,43,155,146,53,397,40,52,92,489
02/08/2005,SYR,NY,AEA,EN,Combined TRACON& Tower with Radar,53,138,42,5,238,0,0,0,0,0,53,138,42,5,238,2,0,2,240
02/09/2005,SYR,NY,AEA,EN,Combined TRACON& Tower with Radar,52,162,34,27,275,0,0,1,0,1,52,162,35,27,276,2,28,30,306
02/10/2005,SYR,NY,AEA,EN,Combined TRACON& Tower with Radar,55,164,31,0,250,0,0,0,0,0,55,164,31,0,250,0,0,0,250
02/11/2005,SYR,NY,AEA,EN,Combined TRACON& Tower with Radar,52,150,41,28,271,0,2,48,0,50,52,152,89,28,321,34,30,64,385
02/12/2005,SYR,NY,AEA,EN,Combined TRACON& Tower with Radar,44,104,12,3,163,0,0,0,0,0,44,104,12,3,163,0,0,0,163
02/13/2005,SYR,NY,AEA,EN,Combined TRACON& Tower with Radar,27,82,47,20,176,0,0,59,0,59,27,82,106,20,235,28,54,82,317
02/14/2005,SYR,NY,AEA,EN,Combined TRACON& Tower with Radar,39,149,29,0,217,0,0,8,0,8,39,149,37,0,225,0,0,0,225
02/15/2005,SYR,NY,AEA,EN,Combined TRACON& Tower with Radar,71,139,44,48,302,0,0,75,5,80,71,139,119,53,382,14,30,44,426
02/16/2005,SYR,NY,AEA,EN,Combined TRACON& Tower with Radar,60,136,36,11,243,0,1,7,0,8,60,137,43,11,251,0,8,8,259
02/17/2005,SYR,NY,AEA,EN,Combined TRACON& Tower with Radar,68,138,64,32,302,0,2,19,0,21,68,140,83,32,323,2,36,38,361
02/18/2005,SYR,NY,AEA,EN,Combined TRACON& Tower with Radar,62,142,36,2,242,0,0,0,0,0,62,142,36,2,242,0,0,0,242
02/19/2005,SYR,NY,AEA,EN,Combined TRACON& Tower with Radar,51,108,45,1,205,0,0,23,0,23,51,108,68,1,228,34,0,34,262
02/20/2005,SYR,NY,AEA,EN,Combined TRACON& Tower with Radar,48,100,22,3,173,0,0,45,0,45,48,100,67,3,218,44,0,44,262
02/21/2005,SYR,NY,AEA,EN,Combined TRACON& Tower with Radar,50,126,6,0,182,0,0,0,0,0,50,126,6,0,182,0,0,0,182
02/22/2005,SYR,NY,AEA,EN,Combined TRACON& Tower with Radar,60,149,36,16,261,0,1,8,0,9,60,150,44,16,270,0,0,0,270
02/23/2005,SYR,NY,AEA,EN,Combined TRACON& Tower with Radar,61,163,20,52,296,0,0,51,0,51,61,163,71,52,347,0,52,52,399
02/24/2005,SYR,NY,AEA,EN,Combined TRACON& Tower with Radar,62,140,40,26,268,0,3,66,8,77,62,143,106,34,345,22,42,64,409
02/25/2005,SYR,NY,AEA,EN,Combined TRACON& Tower with Radar,51,148,39,2,240,0,0,56,0,56,51,148,95,2,296,6,0,6,302
02/26/2005,SYR,NY,AEA,EN,Combined TRACON& Tower with Radar,58,97,26,0,181,0,0,1,0,1,58,97,27,0,182,0,0,0,182
02/27/2005,SYR,NY,AEA,EN,Combined TRACON& Tower with Radar,43,106,55,0,204,0,0,71,0,71,43,106,126,0,275,54,0,54,329
02/28/2005,SYR,NY,AEA,EN,Combined TRACON& Tower with Radar,44,137,28,21,230,0,3,15,1,19,44,140,43,22,249,6,14,20,269
03/01/2005,SYR,NY,AEA,EN,Combined TRACON& Tower with Radar,61,131,24,0,216,0,0,0,0,0,61,131,24,0,216,0,0,0,216
03/02/2005,SYR,NY,AEA,EN,Combined TRACON& Tower with Radar,61,145,28,0,234,0,0,0,0,0,61,145,28,0,234,0,0,0,234
03/03/2005,SYR,NY,AEA,EN,Combined TRACON& Tower with Radar,52,150,53,26,281,0,1,17,1,19,52,151,70,27,300,20,14,34,334
03/04/2005,SYR,NY,AEA,EN,Combined TRACON& Tower with Radar,46,150,38,22,256,0,1,31,0,32,46,151,69,22,288,4,12,16,304
03/05/2005,SYR,NY,AEA,EN,Combined TRACON& Tower with Radar,52,91,36,37,216,0,0,69,2,71,52,91,105,39,287,12,26,38,325
03/06/2005,SYR,NY,AEA,EN,Combined TRACON& Tower with Radar,46,107,13,10,176,0,0,3,0,3,46,107,16,10,179,6,0,6,185
03/07/2005,SYR,NY,AEA,EN,Combined TRACON& Tower with Radar,42,151,47,17,257,0,0,32,0,32,42,151,79,17,289,68,24,92,381
03/08/2005,SYR,NY,AEA,EN,Combined TRACON& Tower with Radar,62,155,47,13,277,0,0,0,0,0,62,155,47,13,277,0,0,0,277
03/09/2005,SYR,NY,AEA,EN,Combined TRACON& Tower with Radar,57,126,35,10,228,0,2,18,0,20,57,128,53,10,248,0,2,2,250
03/10/2005,SYR,NY,AEA,EN,Combined TRACON& Tower with Radar,59,148,52,16,275,0,7,34,0,41,59,155,86,16,316,24,0,24,340
03/11/2005,SYR,NY,AEA,EN,Combined TRACON& Tower with Radar,54,148,33,0,235,0,0,12,0,12,54,148,45,0,247,8,0,8,255
03/12/2005,SYR,NY,AEA,EN,Combined TRACON& Tower with Radar,54,93,42,1,190,0,0,57,2,59,54,93,99,3,249,44,2,46,295
03/13/2005,SYR,NY,AEA,EN,Combined TRACON& Tower with Radar,50,103,22,0,175,0,0,19,2,21,50,103,41,2,196,12,0,12,208
03/14/2005,SYR,NY,AEA,EN,Combined TRACON& Tower with Radar,42,137,61,14,254,0,6,34,1,41,42,143,95,15,295,22,14,36,331
03/15/2005,SYR,NY,AEA,EN,Combined TRACON& Tower with Radar,63,145,61,17,286,0,3,34,0,37,63,148,95,17,323,48,26,74,397
03/16/2005,SYR,NY,AEA,EN,Combined TRACON& Tower with Radar,60,148,42,18,268,0,3,33,0,36,60,151,75,18,304,20,28,48,352
03/17/2005,SYR,NY,AEA,EN,Combined TRACON& Tower with Radar,63,147,35,10,255,0,5,44,0,49,63,152,79,10,304,58,24,82,386
03/18/2005,SYR,NY,AEA,EN,Combined TRACON& Tower with Radar,71,131,50,9,261,0,3,64,0,67,71,134,114,9,328,124,20,144,472
03/19/2005,SYR,NY,AEA,EN,Combined TRACON& Tower with Radar,59,95,22,0,176,0,1,64,0,65,59,96,86,0,241,14,0,14,255
03/20/2005,SYR,NY,AEA,EN,Combined TRACON& Tower with Radar,47,101,15,0,163,0,0,1,0,1,47,101,16,0,164,14,0,14,178
03/21/2005,SYR,NY,AEA,EN,Combined TRACON& Tower with Radar,45,146,39,29,259,0,0,27,0,27,45,146,66,29,286,8,24,32,318
03/22/2005,SYR,NY,AEA,EN,Combined TRACON& Tower with Radar,54,100,69,31,254,0,0,63,0,63,54,100,132,31,317,46,46,92,409
03/23/2005,SYR,NY,AEA,EN,Combined TRACON& Tower with Radar,54,107,55,49,265,0,0,23,0,23,54,107,78,49,288,26,56,82,370
03/24/2005,SYR,NY,AEA,EN,Combined TRACON& Tower with Radar,80,130,47,21,278,0,3,26,2,31,80,133,73,23,309,16,42,58,367
03/25/2005,SYR,NY,AEA,EN,Combined TRACON& Tower with Radar,39,168,47,2,256,0,0,37,0,37,39,168,84,2,293,14,0,14,307
03/26/2005,SYR,NY,AEA,EN,Combined TRACON& Tower with Radar,44,107,51,0,202,0,0,80,0,80,44,107,131,0,282,44,0,44,326
03/27/2005,SYR,NY,AEA,EN,Combined TRACON& Tower with Radar,77,82,36,0,195,0,0,39,0,39,77,82,75,0,234,32,0,32,266
03/28/2005,SYR,NY,AEA,EN,Combined TRACON& Tower with Radar,48,127,38,5,218,0,0,1,0,1,48,127,39,5,219,0,0,0,219
03/29/2005,SYR,NY,AEA,EN,Combined TRACON& Tower with Radar,64,152,45,17,278,0,4,21,1,26,64,156,66,18,304,34,2,36,340
03/30/2005,SYR,NY,AEA,EN,Combined TRACON& Tower with Radar,58,141,43,5,247,0,1,62,0,63,58,142,105,5,310,64,2,66,376
03/31/2005,SYR,NY,AEA,EN,Combined TRACON& Tower with Radar,63,149,63,11,286,0,0,54,0,54,63,149,117,11,340,34,2,36,376
04/01/2005,SYR,NY,AEA,EN,Combined TRACON& Tower with Radar,57,148,35,8,248,0,0,43,0,43,57,148,78,8,291,26,0,26,317
04/02/2005,SYR,NY,AEA,EN,Combined TRACON& Tower with Radar,87,98,32,0,217,0,0,0,0,0,87,98,32,0,217,8,0,8,225
04/03/2005,SYR,NY,AEA,EN,Combined TRACON& Tower with Radar,68,94,18,1,181,0,0,3,0,3,68,94,21,1,184,0,0,0,184
04/04/2005,SYR,NY,AEA,EN,Combined TRACON& Tower with Radar,52,126,31,6,215,0,0,18,0,18,52,126,49,6,233,12,0,12,245
04/05/2005,SYR,NY,AEA,EN,Combined TRACON& Tower with Radar,75,139,39,7,260,0,0,136,0,136,75,139,175,7,396,18,8,26,422
04/06/2005,SYR,NY,AEA,EN,Combined TRACON& Tower with Radar,59,147,43,13,262,0,0,123,0,123,59,147,166,13,385,46,8,54,439
04/07/2005,SYR,NY,AEA,EN,Combined TRACON& Tower with Radar,74,133,60,25,292,0,0,45,0,45,74,133,105,25,337,40,24,64,401
04/08/2005,SYR,NY,AEA,EN,Combined TRACON& Tower with Radar,71,154,32,6,263,0,1,100,3,104,71,155,132,9,367,24,12,36,403
04/09/2005,SYR,NY,AEA,EN,Combined TRACON& Tower with Radar,53,115,27,0,195,0,0,50,0,50,53,115,77,0,245,38,4,42,287
04/10/2005,SYR,NY,AEA,EN,Combined TRACON& Tower with Radar,51,107,27,0,185,6,0,56,0,62,57,107,83,0,247,60,2,62,309
04/11/2005,SYR,NY,AEA,EN,Combined TRACON& Tower with Radar,44,136,27,34,241,0,1,90,1,92,44,137,117,35,333,8,54,62,395
04/12/2005,SYR,NY,AEA,EN,Combined TRACON& Tower with Radar,72,150,49,62,333,0,11,133,0,144,72,161,182,62,477,40,82,122,599
04/13/2005,SYR,NY,AEA,EN,Combined TRACON& Tower with Radar,75,134,25,68,302,0,0,104,0,104,75,134,129,68,406,26,72,98,504
04/14/2005,SYR,NY,AEA,EN,Combined TRACON& Tower with Radar,61,146,41,16,264,0,12,93,0,105,61,158,134,16,369,10,24,34,403
04/15/2005,SYR,NY,AEA,EN,Combined TRACON& Tower with Radar,60,156,35,19,270,0,7,56,2,65,60,163,91,21,335,8,26,34,369
04/16/2005,SYR,NY,AEA,EN,Combined TRACON& Tower with Radar,55,114,45,0,214,0,1,147,0,148,55,115,192,0,362,6,0,6,368
04/17/2005,SYR,NY,AEA,EN,Combined TRACON& Tower with Radar,61,90,25,0,176,0,0,91,0,91,61,90,116,0,267,0,0,0,267
04/18/2005,SYR,NY,AEA,EN,Combined TRACON& Tower with Radar,45,163,41,10,259,0,6,67,1,74,45,169,108,11,333,32,10,42,375
04/19/2005,SYR,NY,AEA,EN,Combined TRACON& Tower with Radar,62,145,42,43,292,0,1,131,4,136,62,146,173,47,428,58,42,100,528
04/20/2005,SYR,NY,AEA,EN,Combined TRACON& Tower with Radar,64,131,70,31,296,0,0,24,1,25,64,131,94,32,321,26,32,58,379
04/21/2005,SYR,NY,AEA,EN,Combined TRACON& Tower with Radar,68,146,41,52,307,0,1,90,1,92,68,147,131,53,399,26,56,82,481
04/22/2005,SYR,NY,AEA,EN,Combined TRACON& Tower with Radar,46,153,46,11,256,0,0,58,3,61,46,153,104,14,317,8,0,8,325
04/23/2005,SYR,NY,AEA,EN,Combined TRACON& Tower with Radar,54,108,36,0,198,0,0,4,0,4,54,108,40,0,202,0,0,0,202
04/24/2005,SYR,NY,AEA,EN,Combined TRACON& Tower with Radar,46,116,13,0,175,0,1,12,0,13,46,117,25,0,188,14,0,14,202
04/25/2005,SYR,NY,AEA,EN,Combined TRACON& Tower with Radar,45,162,51,37,295,0,0,19,6,25,45,162,70,43,320,24,36,60,380
04/26/2005,SYR,NY,AEA,EN,Combined TRACON& Tower with Radar,62,160,53,21,296,0,3,47,0,50,62,163,100,21,346,26,42,68,414
04/27/2005,SYR,NY,AEA,EN,Combined TRACON& Tower with Radar,56,153,51,24,284,0,3,36,0,39,56,156,87,24,323,42,50,92,415
04/28/2005,SYR,NY,AEA,EN,Combined TRACON& Tower with Radar,56,157,50,23,286,0,2,28,0,30,56,159,78,23,316,20,58,78,394
04/29/2005,SYR,NY,AEA,EN,Combined TRACON& Tower with Radar,59,174,42,41,316,0,0,99,9,108,59,174,141,50,424,36,90,126,550
04/30/2005,SYR,NY,AEA,EN,Combined TRACON& Tower with Radar,55,114,27,12,208,0,0,11,0,11,55,114,38,12,219,2,0,2,221
05/01/2005,SYR,NY,AEA,EN,Combined TRACON& Tower with Radar,46,101,34,89,270,0,0,39,0,39,46,101,73,89,309,0,88,88,397
05/02/2005,SYR,NY,AEA,EN,Combined TRACON& Tower with Radar,42,156,45,12,255,0,1,35,0,36,42,157,80,12,291,32,10,42,333
05/03/2005,SYR,NY,AEA,EN,Combined TRACON& Tower with Radar,74,134,42,43,293,0,0,61,2,63,74,134,103,45,356,24,44,68,424
05/04/2005,SYR,NY,AEA,EN,Combined TRACON& Tower with Radar,65,137,48,38,288,0,0,76,1,77,65,137,124,39,365,0,42,42,407
05/05/2005,SYR,NY,AEA,EN,Combined TRACON& Tower with Radar,67,152,36,48,303,0,3,159,3,165,67,155,195,51,468,14,52,66,534
05/06/2005,SYR,NY,AEA,EN,Combined TRACON& Tower with Radar,57,162,37,8,264,0,0,58,7,65,57,162,95,15,329,48,40,88,417
05/07/2005,SYR,NY,AEA,EN,Combined TRACON& Tower with Radar,57,102,39,0,198,0,1,194,1,196,57,103,233,1,394,32,0,32,426
05/08/2005,SYR,NY,AEA,EN,Combined TRACON& Tower with Radar,42,107,29,0,178,0,0,36,0,36,42,107,65,0,214,2,0,2,216
05/09/2005,SYR,NY,AEA,EN,Combined TRACON& Tower with Radar,48,156,62,5,271,0,0,67,0,67,48,156,129,5,338,30,4,34,372
05/10/2005,SYR,NY,AEA,EN,Combined TRACON& Tower with Radar,77,155,39,17,288,0,2,121,5,128,77,157,160,22,416,24,26,50,466
05/11/2005,SYR,NY,AEA,EN,Combined TRACON& Tower with Radar,74,151,58,29,312,0,0,117,2,119,74,151,175,31,431,24,48,72,503
05/12/2005,SYR,NY,AEA,EN,Combined TRACON& Tower with Radar,64,157,33,11,265,0,0,62,2,64,64,157,95,13,329,38,28,66,395
05/13/2005,SYR,NY,AEA,EN,Combined TRACON& Tower with Radar,68,160,50,12,290,0,3,80,5,88,68,163,130,17,378,36,18,54,432
05/14/2005,SYR,NY,AEA,EN,Combined TRACON& Tower with Radar,51,99,27,7,184,0,0,22,0,22,51,99,49,7,206,12,2,14,220
05/15/2005,SYR,NY,AEA,EN,Combined TRACON& Tower with Radar,57,125,59,0,241,0,0,29,0,29,57,125,88,0,270,0,0,0,270
05/16/2005,SYR,NY,AEA,EN,Combined TRACON& Tower with Radar,40,112,71,18,241,0,1,37,0,38,40,113,108,18,279,32,28,60,339
05/17/2005,SYR,NY,AEA,EN,Combined TRACON& Tower with Radar,63,136,45,27,271,0,3,54,3,60,63,139,99,30,331,38,20,58,389
05/18/2005,SYR,NY,AEA,EN,Combined TRACON& Tower with Radar,63,156,54,32,305,0,3,110,6,119,63,159,164,38,424,38,42,80,504
05/19/2005,SYR,NY,AEA,EN,Combined TRACON& Tower with Radar,58,158,44,36,296,0,0,118,4,122,58,158,162,40,418,28,32,60,478
05/20/2005,SYR,NY,AEA,EN,Combined TRACON& Tower with Radar,75,167,44,28,314,0,3,59,1,63,75,170,103,29,377,54,40,94,471
05/21/2005,SYR,NY,AEA,EN,Combined TRACON& Tower with Radar,51,115,43,0,209,0,3,47,0,50,51,118,90,0,259,34,0,34,293
05/22/2005,SYR,NY,AEA,EN,Combined TRACON& Tower with Radar,44,112,41,2,199,0,0,37,0,37,44,112,78,2,236,6,0,6,242
05/23/2005,SYR,NY,AEA,EN,Combined TRACON& Tower with Radar,56,133,56,19,264,0,0,47,2,49,56,133,103,21,313,4,18,22,335
05/24/2005,SYR,NY,AEA,EN,Combined TRACON& Tower with Radar,70,135,46,29,280,0,0,19,1,20,70,135,65,30,300,0,46,46,346
05/25/2005,SYR,NY,AEA,EN,Combined TRACON& Tower with Radar,62,146,37,31,276,0,2,65,2,69,62,148,102,33,345,40,32,72,417
05/26/2005,SYR,NY,AEA,EN,Combined TRACON& Tower with Radar,66,165,51,14,296,0,2,55,0,57,66,167,106,14,353,40,22,62,415
05/27/2005,SYR,NY,AEA,EN,Combined TRACON& Tower with Radar,67,153,36,0,256,0,4,33,2,39,67,157,69,2,295,10,0,10,305
05/28/2005,SYR,NY,AEA,EN,Combined TRACON& Tower with Radar,70,78,18,2,168,0,0,43,0,43,70,78,61,2,211,2,0,2,213
05/29/2005,SYR,NY,AEA,EN,Combined TRACON& Tower with Radar,42,90,14,0,146,0,0,32,0,32,42,90,46,0,178,4,0,4,182
05/30/2005,SYR,NY,AEA,EN,Combined TRACON& Tower with Radar,66,101,20,13,200,0,0,35,1,36,66,101,55,14,236,18,16,34,270
05/31/2005,SYR,NY,AEA,EN,Combined TRACON& Tower with Radar,45,164,41,31,281,0,0,96,4,100,45,164,137,35,381,58,10,68,449
06/01/2005,SYR,NY,AEA,EN,Combined TRACON& Tower with Radar,63,154,60,42,319,0,1,113,1,115,63,155,173,43,434,42,38,80,514
06/02/2005,SYR,NY,AEA,EN,Combined TRACON& Tower with Radar,68,141,56,25,290,0,3,84,0,87,68,144,140,25,377,32,18,50,427
06/03/2005,SYR,NY,AEA,EN,Combined TRACON& Tower with Radar,72,150,36,7,265,0,0,49,0,49,72,150,85,7,314,24,2,26,340
06/04/2005,SYR,NY,AEA,EN,Combined TRACON& Tower with Radar,62,98,27,0,187,0,0,48,0,48,62,98,75,0,235,6,0,6,241
06/05/2005,SYR,NY,AEA,EN,Combined TRACON& Tower with Radar,40,102,39,113,294,0,0,101,0,101,40,102,140,113,395,0,112,112,507
06/06/2005,SYR,NY,AEA,EN,Combined TRACON& Tower with Radar,51,130,43,19,243,0,3,34,0,37,51,133,77,19,280,24,14,38,318
06/07/2005,SYR,NY,AEA,EN,Combined TRACON& Tower with Radar,59,164,42,16,281,0,3,53,4,60,59,167,95,20,341,34,16,50,391
06/08/2005,SYR,NY,AEA,EN,Combined TRACON& Tower with Radar,64,145,43,24,276,0,0,58,1,59,64,145,101,25,335,16,36,52,387
06/09/2005,SYR,NY,AEA,EN,Combined TRACON& Tower with Radar,65,134,31,20,250,0,0,102,4,106,65,134,133,24,356,116,38,154,510
06/10/2005,SYR,NY,AEA,EN,Combined TRACON& Tower with Radar,59,152,49,0,260,0,0,37,4,41,59,152,86,4,301,50,4,54,355
06/11/2005,SYR,NY,AEA,EN,Combined TRACON& Tower with Radar,47,100,24,0,171,0,0,30,2,32,47,100,54,2,203,0,0,0,203
06/12/2005,SYR,NY,AEA,EN,Combined TRACON& Tower with Radar,41,112,32,2,187,0,0,9,0,9,41,112,41,2,196,32,0,32,228
06/13/2005,SYR,NY,AEA,EN,Combined TRACON& Tower with Radar,54,130,46,39,269,0,0,59,2,61,54,130,105,41,330,82,36,118,448
06/14/2005,SYR,NY,AEA,EN,Combined TRACON& Tower with Radar,77,165,38,16,296,0,0,67,0,67,77,165,105,16,363,4,6,10,373
06/15/2005,SYR,NY,AEA,EN,Combined TRACON& Tower with Radar,66,148,38,55,307,0,2,66,0,68,66,150,104,55,375,42,54,96,471
06/16/2005,SYR,NY,AEA,EN,Combined TRACON& Tower with Radar,65,144,28,15,252,0,0,2,3,5,65,144,30,18,257,34,12,46,303
06/17/2005,SYR,NY,AEA,EN,Combined TRACON& Tower with Radar,63,159,89,12,323,0,0,9,0,9,63,159,98,12,332,18,22,40,372
06/18/2005,SYR,NY,AEA,EN,Combined TRACON& Tower with Radar,61,96,22,0,179,0,0,15,0,15,61,96,37,0,194,2,0,2,196
06/19/2005,SYR,NY,AEA,EN,Combined TRACON& Tower with Radar,36,94,51,3,184,0,0,74,0,74,36,94,125,3,258,54,0,54,312
06/20/2005,SYR,NY,AEA,EN,Combined TRACON& Tower with Radar,53,133,47,15,248,477,1,87,1,566,530,134,134,16,814,22,0,22,836
06/21/2005,SYR,NY,AEA,EN,Combined TRACON& Tower with Radar,68,145,34,41,288,0,1,114,7,122,68,146,148,48,410,44,80,124,534
06/22/2005,SYR,NY,AEA,EN,Combined TRACON& Tower with Radar,65,142,62,48,317,0,1,74,6,81,65,143,136,54,398,22,62,84,482
06/23/2005,SYR,NY,AEA,EN,Combined TRACON& Tower with Radar,66,143,72,23,304,0,0,102,0,102,66,143,174,23,406,24,24,48,454
06/24/2005,SYR,NY,AEA,EN,Combined TRACON& Tower with Radar,69,149,49,1,268,0,3,0,0,3,69,152,49,1,271,34,0,34,305
06/25/2005,SYR,NY,AEA,EN,Combined TRACON& Tower with Radar,69,98,22,0,189,0,0,38,0,38,69,98,60,0,227,46,0,46,273
06/26/2005,SYR,NY,AEA,EN,Combined TRACON& Tower with Radar,47,107,28,0,182,0,0,73,0,73,47,107,101,0,255,2,0,2,257
06/27/2005,SYR,NY,AEA,EN,Combined TRACON& Tower with Radar,62,113,44,14,233,0,1,52,1,54,62,114,96,15,287,34,12,46,333
06/28/2005,SYR,NY,AEA,EN,Combined TRACON& Tower with Radar,69,154,61,29,313,0,2,103,4,109,69,156,164,33,422,40,8,48,470
06/29/2005,SYR,NY,AEA,EN,Combined TRACON& Tower with Radar,69,191,66,12,338,0,0,26,0,26,69,191,92,12,364,20,12,32,396
06/30/2005,SYR,NY,AEA,EN,Combined TRACON& Tower with Radar,66,169,52,13,300,0,2,32,0,34,66,171,84,13,334,10,18,28,362
07/01/2005,SYR,NY,AEA,EN,Combined TRACON& Tower with Radar,64,142,30,0,236,0,0,48,2,50,64,142,78,2,286,36,0,36,322
07/02/2005,SYR,NY,AEA,EN,Combined TRACON& Tower with Radar,49,101,30,2,182,0,0,115,0,115,49,101,145,2,297,40,0,40,337
07/03/2005,SYR,NY,AEA,EN,Combined TRACON& Tower with Radar,47,100,13,2,162,0,0,50,0,50,47,100,63,2,212,42,0,42,254
07/04/2005,SYR,NY,AEA,EN,Combined TRACON& Tower with Radar,40,94,16,0,150,0,0,63,0,63,40,94,79,0,213,6,0,6,219
07/05/2005,SYR,NY,AEA,EN,Combined TRACON& Tower with Radar,44,141,42,0,227,0,0,34,0,34,44,141,76,0,261,22,0,22,283
07/06/2005,SYR,NY,AEA,EN,Combined TRACON& Tower with Radar,69,153,43,30,295,0,0,70,1,71,69,153,113,31,366,30,32,62,428
07/07/2005,SYR,NY,AEA,EN,Combined TRACON& Tower with Radar,69,147,44,18,278,0,2,87,0,89,69,149,131,18,367,26,22,48,415
07/08/2005,SYR,NY,AEA,EN,Combined TRACON& Tower with Radar,61,151,39,10,261,0,0,27,1,28,61,151,66,11,289,22,16,38,327
07/09/2005,SYR,NY,AEA,EN,Combined TRACON& Tower with Radar,74,84,27,0,185,0,0,42,0,42,74,84,69,0,227,14,0,14,241
07/10/2005,SYR,NY,AEA,EN,Combined TRACON& Tower with Radar,50,99,25,0,174,0,0,101,0,101,50,99,126,0,275,16,0,16,291
07/11/2005,SYR,NY,AEA,EN,Combined TRACON& Tower with Radar,44,143,37,25,249,0,0,77,0,77,44,143,114,25,326,40,62,102,428
07/12/2005,SYR,NY,AEA,EN,Combined TRACON& Tower with Radar,64,144,30,35,273,0,0,42,0,42,64,144,72,35,315,24,28,52,367
07/13/2005,SYR,NY,AEA,EN,Combined TRACON& Tower with Radar,76,121,42,0,239,0,2,30,0,32,76,123,72,0,271,2,0,2,273
07/14/2005,SYR,NY,AEA,EN,Combined TRACON& Tower with Radar,78,126,45,31,280,0,0,42,0,42,78,126,87,31,322,0,32,32,354
07/15/2005,SYR,NY,AEA,EN,Combined TRACON& Tower with Radar,75,123,53,0,251,0,1,72,0,73,75,124,125,0,324,16,0,16,340
07/16/2005,SYR,NY,AEA,EN,Combined TRACON& Tower with Radar,63,79,47,8,197,0,0,59,2,61,63,79,106,10,258,26,2,28,286
07/17/2005,SYR,NY,AEA,EN,Combined TRACON& Tower with Radar,51,104,32,0,187,0,0,33,0,33,51,104,65,0,220,32,6,38,258
07/18/2005,SYR,NY,AEA,EN,Combined TRACON& Tower with Radar,35,115,89,19,258,0,0,47,0,47,35,115,136,19,305,30,20,50,355
07/19/2005,SYR,NY,AEA,EN,Combined TRACON& Tower with Radar,60,143,48,29,280,0,6,100,2,108,60,149,148,31,388,30,30,60,448
07/20/2005,SYR,NY,AEA,EN,Combined TRACON& Tower with Radar,70,142,52,36,300,0,6,151,4,161,70,148,203,40,461,64,46,110,571
07/21/2005,SYR,NY,AEA,EN,Combined TRACON& Tower with Radar,66,137,47,42,292,0,2,116,1,119,66,139,163,43,411,20,44,64,475
07/22/2005,SYR,NY,AEA,EN,Combined TRACON& Tower with Radar,59,126,70,8,263,0,1,99,0,100,59,127,169,8,363,420,0,420,783
07/23/2005,SYR,NY,AEA,EN,Combined TRACON& Tower with Radar,61,106,24,3,194,0,2,184,0,186,61,108,208,3,380,26,2,28,408
07/24/2005,SYR,NY,AEA,EN,Combined TRACON& Tower with Radar,48,99,16,0,163,0,0,76,0,76,48,99,92,0,239,12,4,16,255
07/25/2005,SYR,NY,AEA,EN,Combined TRACON& Tower with Radar,33,117,75,27,252,0,0,69,0,69,33,117,144,27,321,22,38,60,381
07/26/2005,SYR,NY,AEA,EN,Combined TRACON& Tower with Radar,63,134,21,34,252,0,5,64,1,70,63,139,85,35,322,22,24,46,368
07/27/2005,SYR,NY,AEA,EN,Combined TRACON& Tower with Radar,66,137,52,4,259,0,1,23,0,24,66,138,75,4,283,8,0,8,291
07/28/2005,SYR,NY,AEA,EN,Combined TRACON& Tower with Radar,74,143,74,19,310,0,1,51,2,54,74,144,125,21,364,30,40,70,434
07/29/2005,SYR,NY,AEA,EN,Combined TRACON& Tower with Radar,55,104,84,21,264,0,4,134,1,139,55,108,218,22,403,12,12,24,427
07/30/2005,SYR,NY,AEA,EN,Combined TRACON& Tower with Radar,43,110,31,0,184,0,0,54,2,56,43,110,85,2,240,4,0,4,244
07/31/2005,SYR,NY,AEA,EN,Combined TRACON& Tower with Radar,48,105,31,2,186,0,0,43,3,46,48,105,74,5,232,22,18,40,272
08/01/2005,SYR,NY,AEA,EN,Combined TRACON& Tower with Radar,48,127,41,44,260,0,0,52,4,56,48,127,93,48,316,28,66,94,410
08/02/2005,SYR,NY,AEA,EN,Combined TRACON& Tower with Radar,71,139,57,4,271,3,1,78,0,82,74,140,135,4,353,36,2,38,391
08/03/2005,SYR,NY,AEA,EN,Combined TRACON& Tower with Radar,67,141,60,16,284,0,1,37,0,38,67,142,97,16,322,20,20,40,362
08/04/2005,SYR,NY,AEA,EN,Combined TRACON& Tower with Radar,72,165,62,0,299,0,0,41,0,41,72,165,103,0,340,32,0,32,372
08/05/2005,SYR,NY,AEA,EN,Combined TRACON& Tower with Radar,64,130,49,7,250,0,5,35,0,40,64,135,84,7,290,22,6,28,318
08/06/2005,SYR,NY,AEA,EN,Combined TRACON& Tower with Radar,64,111,38,0,213,0,2,73,0,75,64,113,111,0,288,48,0,48,336
08/07/2005,SYR,NY,AEA,EN,Combined TRACON& Tower with Radar,77,102,32,0,211,0,1,53,2,56,77,103,85,2,267,8,0,8,275
08/08/2005,SYR,NY,AEA,EN,Combined TRACON& Tower with Radar,45,131,43,3,222,0,1,89,0,90,45,132,132,3,312,14,2,16,328
08/09/2005,SYR,NY,AEA,EN,Combined TRACON& Tower with Radar,77,131,77,2,287,0,2,78,5,85,77,133,155,7,372,10,2,12,384
08/10/2005,SYR,NY,AEA,EN,Combined TRACON& Tower with Radar,74,134,52,10,270,0,1,108,7,116,74,135,160,17,386,30,12,42,428
08/11/2005,SYR,NY,AEA,EN,Combined TRACON& Tower with Radar,76,167,58,19,320,0,0,0,0,0,76,167,58,19,320,22,24,46,366
08/12/2005,SYR,NY,AEA,EN,Combined TRACON& Tower with Radar,56,136,42,6,240,0,17,138,58,213,56,153,180,64,453,26,44,70,523
08/13/2005,SYR,NY,AEA,EN,Combined TRACON& Tower with Radar,54,111,38,10,213,0,0,31,0,31,54,111,69,10,244,42,0,42,286
08/14/2005,SYR,NY,AEA,EN,Combined TRACON& Tower with Radar,59,96,23,0,178,0,0,11,5,16,59,96,34,5,194,30,4,34,228
08/15/2005,SYR,NY,AEA,EN,Combined TRACON& Tower with Radar,59,131,50,0,240,0,0,0,0,0,59,131,50,0,240,20,0,20,260
08/16/2005,SYR,NY,AEA,EN,Combined TRACON& Tower with Radar,66,142,54,35,297,0,2,110,0,112,66,144,164,35,409,12,30,42,451
08/17/2005,SYR,NY,AEA,EN,Combined TRACON& Tower with Radar,69,156,54,22,301,0,3,71,0,74,69,159,125,22,375,20,22,42,417
08/18/2005,SYR,NY,AEA,EN,Combined TRACON& Tower with Radar,72,137,48,35,292,0,2,93,2,97,72,139,141,37,389,32,46,78,467
08/19/2005,SYR,NY,AEA,EN,Combined TRACON& Tower with Radar,77,139,45,28,289,0,4,31,0,35,77,143,76,28,324,2,26,28,352
08/20/2005,SYR,NY,AEA,EN,Combined TRACON& Tower with Radar,41,99,25,37,202,0,0,0,0,0,41,99,25,37,202,4,34,38,240
08/21/2005,SYR,NY,AEA,EN,Combined TRACON& Tower with Radar,40,99,25,55,219,0,0,54,3,57,40,99,79,58,276,10,50,60,336
08/22/2005,SYR,NY,AEA,EN,Combined TRACON& Tower with Radar,45,147,22,13,227,0,0,40,2,42,45,147,62,15,269,24,6,30,299
08/23/2005,SYR,NY,AEA,EN,Combined TRACON& Tower with Radar,68,140,49,27,284,0,0,154,4,158,68,140,203,31,442,46,24,70,512
08/24/2005,SYR,NY,AEA,EN,Combined TRACON& Tower with Radar,71,142,37,30,280,0,4,113,0,117,71,146,150,30,397,42,46,88,485
08/25/2005,SYR,NY,AEA,EN,Combined TRACON& Tower with Radar,73,145,50,36,304,0,0,194,1,195,73,145,244,37,499,60,36,96,595
08/26/2005,SYR,NY,AEA,EN,Combined TRACON& Tower with Radar,66,144,45,16,271,0,0,78,0,78,66,144,123,16,349,46,12,58,407
08/27/2005,SYR,NY,AEA,EN,Combined TRACON& Tower with Radar,40,108,33,0,181,0,0,180,0,180,40,108,213,0,361,52,4,56,417
08/28/2005,SYR,NY,AEA,EN,Combined TRACON& Tower with Radar,47,100,18,2,167,0,0,75,0,75,47,100,93,2,242,26,0,26,268
08/29/2005,SYR,NY,AEA,EN,Combined TRACON& Tower with Radar,50,129,49,40,268,0,0,203,0,203,50,129,252,40,471,20,16,36,507
08/30/2005,SYR,NY,AEA,EN,Combined TRACON& Tower with Radar,72,137,61,39,309,0,3,89,2,94,72,140,150,41,403,38,0,38,441
08/31/2005,SYR,NY,AEA,EN,Combined TRACON& Tower with Radar,70,135,32,1,238,0,0,2,0,2,70,135,34,1,240,0,0,0,240
09/01/2005,SYR,NY,AEA,EN,Combined TRACON& Tower with Radar,61,138,53,20,272,0,2,66,2,70,61,140,119,22,342,20,22,42,384
09/02/2005,SYR,NY,AEA,EN,Combined TRACON& Tower with Radar,72,113,79,15,279,0,15,84,2,101,72,128,163,17,380,20,6,26,406
09/03/2005,SYR,NY,AEA,EN,Combined TRACON& Tower with Radar,46,88,39,5,178,0,0,44,1,45,46,88,83,6,223,128,2,130,353
09/04/2005,SYR,NY,AEA,EN,Combined TRACON& Tower with Radar,48,69,34,0,151,0,0,39,0,39,48,69,73,0,190,16,0,16,206
09/05/2005,SYR,NY,AEA,EN,Combined TRACON& Tower with Radar,43,126,23,1,193,0,0,61,2,63,43,126,84,3,256,56,0,56,312
09/06/2005,SYR,NY,AEA,EN,Combined TRACON& Tower with Radar,46,131,33,27,237,0,4,96,3,103,46,135,129,30,340,4,24,28,368
09/07/2005,SYR,NY,AEA,EN,Combined TRACON& Tower with Radar,56,153,41,52,302,0,0,139,12,151,56,153,180,64,453,26,44,70,523
09/08/2005,SYR,NY,AEA,EN,Combined TRACON& Tower with Radar,67,141,52,39,299,0,0,82,2,84,67,141,134,41,383,20,54,74,457
09/09/2005,SYR,NY,AEA,EN,Combined TRACON& Tower with Radar,59,160,47,26,292,0,0,45,0,45,59,160,92,26,337,30,48,78,415
09/10/2005,SYR,NY,AEA,EN,Combined TRACON& Tower with Radar,51,98,43,68,260,0,0,116,1,117,51,98,159,69,377,8,78,86,463
09/11/2005,SYR,NY,AEA,EN,Combined TRACON& Tower with Radar,41,89,18,27,175,0,1,95,1,97,41,90,113,28,272,6,26,32,304
09/12/2005,SYR,NY,AEA,EN,Combined TRACON& Tower with Radar,38,143,47,21,249,0,1,48,3,52,38,144,95,24,301,120,44,164,465
09/13/2005,SYR,NY,AEA,EN,Combined TRACON& Tower with Radar,64,147,44,35,290,0,0,115,1,116,64,147,159,36,406,32,40,72,478
09/14/2005,SYR,NY,AEA,EN,Combined TRACON& Tower with Radar,64,121,64,38,287,0,1,95,4,100,64,122,159,42,387,20,52,72,459
09/15/2005,SYR,NY,AEA,EN,Combined TRACON& Tower with Radar,57,158,61,59,335,0,1,62,1,64,57,159,123,60,399,60,52,112,511
09/16/2005,SYR,NY,AEA,EN,Combined TRACON& Tower with Radar,69,170,49,0,288,0,0,40,4,44,69,170,89,4,332,14,2,16,348
09/17/2005,SYR,NY,AEA,EN,Combined TRACON& Tower with Radar,47,114,37,0,198,0,0,3,0,3,47,114,40,0,201,6,0,6,207
09/18/2005,SYR,NY,AEA,EN,Combined TRACON& Tower with Radar,39,112,29,2,182,0,0,54,0,54,39,112,83,2,236,20,0,20,256
09/19/2005,SYR,NY,AEA,EN,Combined TRACON& Tower with Radar,40,142,62,16,260,0,3,80,1,84,40,145,142,17,344,10,14,24,368
09/20/2005,SYR,NY,AEA,EN,Combined TRACON& Tower with Radar,62,137,38,28,265,0,0,43,0,43,62,137,81,28,308,0,36,36,344
09/21/2005,SYR,NY,AEA,EN,Combined TRACON& Tower with Radar,65,144,46,34,289,0,2,89,1,92,65,146,135,35,381,34,46,80,461
09/22/2005,SYR,NY,AEA,EN,Combined TRACON& Tower with Radar,50,158,37,18,263,0,2,63,0,65,50,160,100,18,328,42,40,82,410
09/23/2005,SYR,NY,AEA,EN,Combined TRACON& Tower with Radar,48,151,48,7,254,0,0,27,1,28,48,151,75,8,282,16,2,18,300
09/24/2005,SYR,NY,AEA,EN,Combined TRACON& Tower with Radar,29,108,26,0,163,0,0,78,0,78,29,108,104,0,241,42,0,42,283
09/25/2005,SYR,NY,AEA,EN,Combined TRACON& Tower with Radar,35,101,41,1,178,0,0,16,0,16,35,101,57,1,194,2,0,2,196
09/26/2005,SYR,NY,AEA,EN,Combined TRACON& Tower with Radar,39,138,21,6,204,0,3,6,0,9,39,141,27,6,213,2,4,6,219
09/27/2005,SYR,NY,AEA,EN,Combined TRACON& Tower with Radar,48,158,40,30,276,0,0,101,0,101,48,158,141,30,377,16,22,38,415
09/28/2005,SYR,NY,AEA,EN,Combined TRACON& Tower with Radar,53,151,44,6,254,0,3,95,4,102,53,154,139,10,356,0,8,8,364
09/29/2005,SYR,NY,AEA,EN,Combined TRACON& Tower with Radar,55,158,26,0,239,0,0,20,0,20,55,158,46,0,259,0,0,0,259
09/30/2005,SYR,NY,AEA,EN,Combined TRACON& Tower with Radar,54,165,31,1,251,0,2,142,2,146,54,167,173,3,397,10,2,12,409
10/01/2005,SYR,NY,AEA,EN,Combined TRACON& Tower with Radar,42,100,28,55,225,0,0,143,6,149,42,100,171,61,374,32,78,110,484
10/02/2005,SYR,NY,AEA,EN,Combined TRACON& Tower with Radar,33,101,28,38,200,0,0,120,9,129,33,101,148,47,329,28,54,82,411
10/03/2005,SYR,NY,AEA,EN,Combined TRACON& Tower with Radar,37,137,32,32,238,0,2,69,3,74,37,139,101,35,312,24,46,70,382
10/04/2005,SYR,NY,AEA,EN,Combined TRACON& Tower with Radar,57,147,29,9,242,0,0,69,3,72,57,147,98,12,314,20,4,24,338
10/05/2005,SYR,NY,AEA,EN,Combined TRACON& Tower with Radar,59,165,50,15,289,0,0,49,5,54,59,165,99,20,343,28,32,60,403
10/06/2005,SYR,NY,AEA,EN,Combined TRACON& Tower with Radar,61,166,47,20,294,0,0,55,3,58,61,166,102,23,352,30,12,42,394
10/07/2005,SYR,NY,AEA,EN,Combined TRACON& Tower with Radar,45,156,45,2,248,0,0,2,0,2,45,156,47,2,250,2,0,2,252
10/08/2005,SYR,NY,AEA,EN,Combined TRACON& Tower with Radar,49,88,21,0,158,0,0,3,0,3,49,88,24,0,161,0,0,0,161
10/09/2005,SYR,NY,AEA,EN,Combined TRACON& Tower with Radar,41,96,22,2,161,0,1,10,0,11,41,97,32,2,172,0,0,0,172
10/10/2005,SYR,NY,AEA,EN,Combined TRACON& Tower with Radar,42,134,39,0,215,0,0,11,0,11,42,134,50,0,226,0,0,0,226
10/11/2005,SYR,NY,AEA,EN,Combined TRACON& Tower with Radar,66,133,33,20,252,0,0,6,0,6,66,133,39,20,258,0,0,0,258
10/12/2005,SYR,NY,AEA,EN,Combined TRACON& Tower with Radar,53,147,41,15,256,0,0,0,0,0,53,147,41,15,256,4,2,6,262
10/13/2005,SYR,NY,AEA,EN,Combined TRACON& Tower with Radar,53,158,51,13,275,0,0,0,0,0,53,158,51,13,275,0,0,0,275
10/14/2005,SYR,NY,AEA,EN,Combined TRACON& Tower with Radar,56,159,27,22,264,0,0,1,0,1,56,159,28,22,265,0,0,0,265
10/15/2005,SYR,NY,AEA,EN,Combined TRACON& Tower with Radar,49,94,20,0,163,0,0,10,0,10,49,94,30,0,173,0,2,2,175
10/16/2005,SYR,NY,AEA,EN,Combined TRACON& Tower with Radar,31,101,22,2,156,0,0,4,0,4,31,101,26,2,160,0,0,0,160
10/17/2005,SYR,NY,AEA,EN,Combined TRACON& Tower with Radar,42,154,38,38,272,0,0,31,0,31,42,154,69,38,303,12,68,80,383
10/18/2005,SYR,NY,AEA,EN,Combined TRACON& Tower with Radar,58,160,53,45,316,0,1,15,0,16,58,161,68,45,332,2,38,40,372
10/19/2005,SYR,NY,AEA,EN,Combined TRACON& Tower with Radar,54,162,47,30,293,0,3,75,2,80,54,165,122,32,373,12,61,73,446
10/20/2005,SYR,NY,AEA,EN,Combined TRACON& Tower with Radar,53,157,38,28,276,0,0,108,4,112,53,157,146,32,388,44,42,86,474
10/21/2005,SYR,NY,AEA,EN,Combined TRACON& Tower with Radar,51,149,54,4,258,0,4,133,0,137,51,153,187,4,395,24,4,28,423
10/22/2005,SYR,NY,AEA,EN,Combined TRACON& Tower with Radar,44,91,34,1,170,0,4,24,0,28,44,95,58,1,198,6,0,6,204
10/23/2005,SYR,NY,AEA,EN,Combined TRACON& Tower with Radar,50,98,19,0,167,0,6,0,0,6,50,104,19,0,173,0,0,0,173
10/24/2005,SYR,NY,AEA,EN,Combined TRACON& Tower with Radar,45,134,25,25,229,0,0,3,0,3,45,134,28,25,232,2,18,20,252
10/25/2005,SYR,NY,AEA,EN,Combined TRACON& Tower with Radar,50,140,27,26,243,0,0,1,2,3,50,140,28,28,246,0,26,26,272
10/26/2005,SYR,NY,AEA,EN,Combined TRACON& Tower with Radar,67,157,36,30,290,0,0,39,0,39,67,157,75,30,329,0,24,24,353
10/27/2005,SYR,NY,AEA,EN,Combined TRACON& Tower with Radar,60,150,47,39,296,0,1,66,0,67,60,151,113,39,363,10,48,58,421
10/28/2005,SYR,NY,AEA,EN,Combined TRACON& Tower with Radar,62,162,53,60,337,0,0,88,0,88,62,162,141,60,425,56,74,130,555
10/29/2005,SYR,NY,AEA,EN,Combined TRACON& Tower with Radar,40,85,47,16,188,0,1,42,0,43,40,86,89,16,231,38,2,40,271
10/30/2005,SYR,NY,AEA,EN,Combined TRACON& Tower with Radar,40,113,44,0,197,0,0,113,0,113,40,113,157,0,310,48,0,48,358
10/31/2005,SYR,NY,AEA,EN,Combined TRACON& Tower with Radar,55,130,24,50,259,0,3,84,1,88,55,133,108,51,347,30,70,100,447
11/01/2005,SYR,NY,AEA,EN,Combined TRACON& Tower with Radar,57,145,24,19,245,0,2,32,0,34,57,147,56,19,279,2,14,16,295
11/02/2005,SYR,NY,AEA,EN,Combined TRACON& Tower with Radar,56,150,56,41,303,0,2,80,0,82,56,152,136,41,385,20,74,94,479
11/03/2005,SYR,NY,AEA,EN,Combined TRACON& Tower with Radar,52,151,36,17,256,0,1,26,4,31,52,152,62,21,287,2,24,26,313
11/04/2005,SYR,NY,AEA,EN,Combined TRACON& Tower with Radar,85,122,46,4,257,0,1,63,4,68,85,123,109,8,325,44,22,66,391
11/05/2005,SYR,NY,AEA,EN,Combined TRACON& Tower with Radar,47,109,33,18,207,0,0,51,4,55,47,109,84,22,262,38,46,84,346
11/06/2005,SYR,NY,AEA,EN,Combined TRACON& Tower with Radar,69,84,32,35,220,0,1,15,0,16,69,85,47,35,236,8,68,76,312
11/07/2005,SYR,NY,AEA,EN,Combined TRACON& Tower with Radar,53,136,24,16,229,0,0,20,0,20,53,136,44,16,249,32,22,54,303
11/08/2005,SYR,NY,AEA,EN,Combined TRACON& Tower with Radar,54,153,40,35,282,0,14,87,0,101,54,167,127,35,383,14,36,50,433
11/09/2005,SYR,NY,AEA,EN,Combined TRACON& Tower with Radar,52,137,36,4,229,0,2,2,0,4,52,139,38,4,233,2,4,6,239
11/10/2005,SYR,NY,AEA,EN,Combined TRACON& Tower with Radar,55,151,42,1,249,0,0,19,0,19,55,151,61,1,268,6,2,8,276
11/11/2005,SYR,NY,AEA,EN,Combined TRACON& Tower with Radar,54,149,44,0,247,0,5,26,0,31,54,154,70,0,278,14,0,14,292
11/12/2005,SYR,NY,AEA,EN,Combined TRACON& Tower with Radar,44,92,20,0,156,0,0,115,4,119,44,92,135,4,275,4,0,4,279
11/13/2005,SYR,NY,AEA,EN,Combined TRACON& Tower with Radar,46,99,22,0,167,0,0,58,0,58,46,99,80,0,225,4,0,4,229
11/14/2005,SYR,NY,AEA,EN,Combined TRACON& Tower with Radar,46,140,32,10,228,0,0,41,1,42,46,140,73,11,270,284,0,284,554
11/15/2005,SYR,NY,AEA,EN,Combined TRACON& Tower with Radar,51,154,39,4,248,0,0,2,1,3,51,154,41,5,251,0,0,0,251
11/16/2005,SYR,NY,AEA,EN,Combined TRACON& Tower with Radar,36,136,46,37,255,0,0,0,0,0,36,136,46,37,255,2,32,34,289
11/17/2005,SYR,NY,AEA,EN,Combined TRACON& Tower with Radar,68,153,48,22,291,0,4,34,0,38,68,157,82,22,329,22,8,30,359
11/18/2005,SYR,NY,AEA,EN,Combined TRACON& Tower with Radar,65,128,38,32,263,0,0,48,0,48,65,128,86,32,311,0,30,30,341
11/19/2005,SYR,NY,AEA,EN,Combined TRACON& Tower with Radar,41,89,28,17,175,0,0,67,0,67,41,89,95,17,242,8,0,8,250
11/20/2005,SYR,NY,AEA,EN,Combined TRACON& Tower with Radar,42,102,31,0,175,0,0,99,2,101,42,102,130,2,276,4,0,4,280
11/21/2005,SYR,NY,AEA,EN,Combined TRACON& Tower with Radar,42,141,42,24,249,0,1,67,2,70,42,142,109,26,319,50,46,96,415
11/22/2005,SYR,NY,AEA,EN,Combined TRACON& Tower with Radar,57,132,27,0,216,0,0,8,0,8,57,132,35,0,224,0,0,0,224
11/23/2005,SYR,NY,AEA,EN,Combined TRACON& Tower with Radar,67,160,44,42,313,0,0,77,0,77,67,160,121,42,390,16,62,78,468
11/24/2005,SYR,NY,AEA,EN,Combined TRACON& Tower with Radar,45,87,7,0,139,0,1,2,0,3,45,88,9,0,142,0,0,0,142
11/25/2005,SYR,NY,AEA,EN,Combined TRACON& Tower with Radar,40,84,8,0,132,0,1,17,0,18,40,85,25,0,150,2,2,4,154
11/26/2005,SYR,NY,AEA,EN,Combined TRACON& Tower with Radar,44,83,12,0,139,0,0,8,0,8,44,83,20,0,147,8,0,8,155
11/27/2005,SYR,NY,AEA,EN,Combined TRACON& Tower with Radar,42,101,39,0,182,0,0,53,0,53,42,101,92,0,235,12,0,12,247
11/28/2005,SYR,NY,AEA,EN,Combined TRACON& Tower with Radar,30,139,35,23,227,0,0,19,0,19,30,139,54,23,246,16,48,64,310
11/29/2005,SYR,NY,AEA,EN,Combined TRACON& Tower with Radar,62,145,25,2,234,0,0,1,0,1,62,145,26,2,235,4,2,6,241
11/30/2005,SYR,NY,AEA,EN,Combined TRACON& Tower with Radar,51,155,42,23,271,0,2,16,0,18,51,157,58,23,289,4,16,20,309
12/01/2005,SYR,NY,AEA,EN,Combined TRACON& Tower with Radar,46,133,44,17,240,0,0,51,0,51,46,133,95,17,291,30,30,60,351
12/02/2005,SYR,NY,AEA,EN,Combined TRACON& Tower with Radar,50,133,44,4,231,0,0,0,0,0,50,133,44,4,231,0,0,0,231
12/03/2005,SYR,NY,AEA,EN,Combined TRACON& Tower with Radar,37,86,23,0,146,0,0,0,0,0,37,86,23,0,146,0,0,0,146
12/04/2005,SYR,NY,AEA,EN,Combined TRACON& Tower with Radar,37,89,23,0,149,0,0,0,0,0,37,89,23,0,149,0,0,0,149
12/05/2005,SYR,NY,AEA,EN,Combined TRACON& Tower with Radar,57,116,65,16,254,0,1,0,0,1,57,117,65,16,255,32,16,48,303
12/06/2005,SYR,NY,AEA,EN,Combined TRACON& Tower with Radar,55,123,41,32,251,2,1,46,0,49,57,124,87,32,300,24,26,50,350
12/07/2005,SYR,NY,AEA,EN,Combined TRACON& Tower with Radar,55,116,33,16,220,0,0,6,0,6,55,116,39,16,226,0,24,24,250
12/08/2005,SYR,NY,AEA,EN,Combined TRACON& Tower with Radar,50,122,41,8,221,0,0,44,0,44,50,122,85,8,265,34,10,44,309
12/09/2005,SYR,NY,AEA,EN,Combined TRACON& Tower with Radar,51,142,30,4,227,0,0,2,0,2,51,142,32,4,229,0,4,4,233
12/10/2005,SYR,NY,AEA,EN,Combined TRACON& Tower with Radar,40,106,22,2,170,0,0,33,0,33,40,106,55,2,203,38,0,38,241
12/11/2005,SYR,NY,AEA,EN,Combined TRACON& Tower with Radar,43,95,20,0,158,0,0,7,0,7,43,95,27,0,165,24,0,24,189
12/12/2005,SYR,NY,AEA,EN,Combined TRACON& Tower with Radar,39,120,28,9,196,0,0,4,0,4,39,120,32,9,200,0,0,0,200
12/13/2005,SYR,NY,AEA,EN,Combined TRACON& Tower with Radar,55,120,39,21,235,0,2,84,0,86,55,122,123,21,321,26,52,78,399
12/14/2005,SYR,NY,AEA,EN,Combined TRACON& Tower with Radar,63,122,51,28,264,0,0,100,4,104,63,122,151,32,368,36,20,56,424
12/15/2005,SYR,NY,AEA,EN,Combined TRACON& Tower with Radar,55,101,49,23,228,0,2,47,0,49,55,103,96,23,277,52,44,96,373
12/16/2005,SYR,NY,AEA,EN,Combined TRACON& Tower with Radar,55,124,33,3,215,0,0,8,0,8,55,124,41,3,223,12,0,12,235
12/17/2005,SYR,NY,AEA,EN,Combined TRACON& Tower with Radar,52,89,19,0,160,0,2,12,0,14,52,91,31,0,174,6,0,6,180
12/18/2005,SYR,NY,AEA,EN,Combined TRACON& Tower with Radar,44,97,42,0,183,0,0,22,0,22,44,97,64,0,205,22,0,22,227
12/19/2005,SYR,NY,AEA,EN,Combined TRACON& Tower with Radar,32,121,52,21,226,0,1,21,0,22,32,122,73,21,248,24,40,64,312
12/20/2005,SYR,NY,AEA,EN,Combined TRACON& Tower with Radar,55,132,31,11,229,0,3,3,0,6,55,135,34,11,235,2,24,26,261
12/21/2005,SYR,NY,AEA,EN,Combined TRACON& Tower with Radar,55,143,49,9,256,0,2,25,0,27,55,145,74,9,283,22,6,28,311
12/22/2005,SYR,NY,AEA,EN,Combined TRACON& Tower with Radar,40,145,63,19,267,0,1,48,0,49,40,146,111,19,316,72,38,110,426
12/23/2005,SYR,NY,AEA,EN,Combined TRACON& Tower with Radar,64,133,61,2,260,0,2,28,0,30,64,135,89,2,290,50,0,50,340
12/24/2005,SYR,NY,AEA,EN,Combined TRACON& Tower with Radar,65,78,13,0,156,0,0,7,0,7,65,78,20,0,163,0,0,0,163
12/25/2005,SYR,NY,AEA,EN,Combined TRACON& Tower with Radar,34,68,2,0,104,0,0,3,0,3,34,68,5,0,107,6,0,6,113
12/26/2005,SYR,NY,AEA,EN,Combined TRACON& Tower with Radar,35,107,9,0,151,0,0,0,0,0,35,107,9,0,151,0,0,0,151
12/27/2005,SYR,NY,AEA,EN,Combined TRACON& Tower with Radar,52,128,18,7,205,0,0,5,0,5,52,128,23,7,210,30,0,30,240
12/28/2005,SYR,NY,AEA,EN,Combined TRACON& Tower with Radar,73,113,36,36,258,0,2,79,1,82,73,115,115,37,340,42,46,88,428
12/29/2005,SYR,NY,AEA,EN,Combined TRACON& Tower with Radar,61,116,51,42,270,0,0,25,0,25,61,116,76,42,295,16,38,54,349
12/30/2005,SYR,NY,AEA,EN,Combined TRACON& Tower with Radar,60,116,15,0,191,0,0,5,0,5,60,116,20,0,196,10,0,10,206
12/31/2005,SYR,NY,AEA,EN,Combined TRACON& Tower with Radar,56,73,26,0,155,0,0,8,0,8,56,73,34,0,163,2,0,2,165
01/01/2006,SYR,NY,AEA,EN,Combined TRACON& Tower with Radar,33,88,9,0,130,0,0,4,0,4,33,88,13,0,134,0,0,0,134
01/02/2006,SYR,NY,AEA,EN,Combined TRACON& Tower with Radar,33,119,35,0,187,0,0,5,0,5,33,119,40,0,192,10,0,10,202
01/03/2006,SYR,NY,AEA,EN,Combined TRACON& Tower with Radar,39,102,14,33,188,0,0,39,0,39,39,102,53,33,227,10,46,56,283
01/04/2006,SYR,NY,AEA,EN,Combined TRACON& Tower with Radar,52,125,24,13,214,0,1,48,1,50,52,126,72,14,264,20,18,38,302
01/05/2006,SYR,NY,AEA,EN,Combined TRACON& Tower with Radar,50,128,36,12,226,0,2,3,1,6,50,130,39,13,232,0,16,16,248
01/06/2006,SYR,NY,AEA,EN,Combined TRACON& Tower with Radar,56,112,28,19,215,0,0,5,0,5,56,112,33,19,220,10,32,42,262
01/07/2006,SYR,NY,AEA,EN,Combined TRACON& Tower with Radar,38,77,36,11,162,0,0,37,0,37,38,77,73,11,199,18,22,40,239
01/08/2006,SYR,NY,AEA,EN,Combined TRACON& Tower with Radar,30,80,24,18,152,0,0,15,0,15,30,80,39,18,167,18,50,68,235
01/09/2006,SYR,NY,AEA,EN,Combined TRACON& Tower with Radar,52,126,28,14,220,0,0,17,3,20,52,126,45,17,240,40,16,56,296
01/10/2006,SYR,NY,AEA,EN,Combined TRACON& Tower with Radar,82,116,36,26,260,0,1,50,0,51,82,117,86,26,311,60,36,96,407
01/11/2006,SYR,NY,AEA,EN,Combined TRACON& Tower with Radar,71,105,27,26,229,0,1,23,1,25,71,106,50,27,254,20,32,52,306
01/12/2006,SYR,NY,AEA,EN,Combined TRACON& Tower with Radar,63,119,47,24,253,0,2,69,0,71,63,121,116,24,324,54,38,92,416
01/13/2006,SYR,NY,AEA,EN,Combined TRACON& Tower with Radar,52,121,53,17,243,0,2,70,0,72,52,123,123,17,315,76,18,94,409
01/14/2006,SYR,NY,AEA,EN,Combined TRACON& Tower with Radar,64,64,13,0,141,0,0,1,0,1,64,64,14,0,142,6,0,6,148
01/15/2006,SYR,NY,AEA,EN,Combined TRACON& Tower with Radar,34,81,8,0,123,0,0,3,0,3,34,81,11,0,126,0,0,0,126
01/16/2006,SYR,NY,AEA,EN,Combined TRACON& Tower with Radar,43,106,38,4,191,0,2,85,0,87,43,108,123,4,278,22,0,22,300
01/17/2006,SYR,NY,AEA,EN,Combined TRACON& Tower with Radar,57,111,38,21,227,0,1,25,0,26,57,112,63,21,253,30,38,68,321
01/18/2006,SYR,NY,AEA,EN,Combined TRACON& Tower with Radar,66,122,25,0,213,0,0,2,0,2,66,122,27,0,215,2,0,2,217
01/19/2006,SYR,NY,AEA,EN,Combined TRACON& Tower with Radar,69,128,53,41,291,0,12,103,0,115,69,140,156,41,406,82,60,142,548
01/20/2006,SYR,NY,AEA,EN,Combined TRACON& Tower with Radar,53,121,73,13,260,0,1,60,0,61,53,122,133,13,321,44,8,52,373
01/21/2006,SYR,NY,AEA,EN,Combined TRACON& Tower with Radar,51,94,9,13,167,0,0,15,0,15,51,94,24,13,182,14,12,26,208
01/22/2006,SYR,NY,AEA,EN,Combined TRACON& Tower with Radar,35,93,39,0,167,0,4,164,0,168,35,97,203,0,335,70,0,70,405
01/23/2006,SYR,NY,AEA,EN,Combined TRACON& Tower with Radar,45,99,22,3,169,0,5,10,2,17,45,104,32,5,186,0,2,2,188
01/24/2006,SYR,NY,AEA,EN,Combined TRACON& Tower with Radar,62,103,35,2,202,0,4,44,1,49,62,107,79,3,251,8,0,8,259
01/25/2006,SYR,NY,AEA,EN,Combined TRACON& Tower with Radar,55,112,25,1,193,0,0,4,0,4,55,112,29,1,197,8,6,14,211
01/26/2006,SYR,NY,AEA,EN,Combined TRACON& Tower with Radar,59,118,26,4,207,0,0,7,2,9,59,118,33,6,216,0,4,4,220
01/27/2006,SYR,NY,AEA,EN,Combined TRACON& Tower with Radar,53,121,31,0,205,0,2,47,2,51,53,123,78,2,256,34,2,36,292
01/28/2006,SYR,NY,AEA,EN,Combined TRACON& Tower with Radar,45,104,41,0,190,0,0,94,0,94,45,104,135,0,284,60,0,60,344
01/29/2006,SYR,NY,AEA,EN,Combined TRACON& Tower with Radar,35,87,24,0,146,0,0,17,0,17,35,87,41,0,163,32,0,32,195
01/30/2006,SYR,NY,AEA,EN,Combined TRACON& Tower with Radar,49,92,41,3,185,0,1,31,5,37,49,93,72,8,222,16,12,28,250
01/31/2006,SYR,NY,AEA,EN,Combined TRACON& Tower with Radar,62,113,33,1,209,0,0,6,0,6,62,113,39,1,215,0,0,0,215
02/01/2006,SYR,NY,AEA,EN,Combined TRACON& Tower with Radar,61,124,28,8,221,0,0,60,0,60,61,124,88,8,281,20,8,28,309
02/02/2006,SYR,NY,AEA,EN,Combined TRACON& Tower with Radar,65,112,66,17,260,0,2,129,0,131,65,114,195,17,391,108,16,124,515
02/03/2006,SYR,NY,AEA,EN,Combined TRACON& Tower with Radar,70,117,46,34,267,0,0,55,0,55,70,117,101,34,322,32,44,76,398
02/04/2006,SYR,NY,AEA,EN,Combined TRACON& Tower with Radar,52,82,17,20,171,0,0,93,0,93,52,82,110,20,264,38,14,52,316
02/05/2006,SYR,NY,AEA,EN,Combined TRACON& Tower with Radar,47,66,7,10,130,0,0,5,0,5,47,66,12,10,135,0,18,18,153
02/06/2006,SYR,NY,AEA,EN,Combined TRACON& Tower with Radar,74,95,33,11,213,0,0,0,0,0,74,95,33,11,213,4,4,8,221
02/07/2006,SYR,NY,AEA,EN,Combined TRACON& Tower with Radar,91,87,21,28,227,0,0,1,0,1,91,87,22,28,228,0,28,28,256
02/08/2006,SYR,NY,AEA,EN,Combined TRACON& Tower with Radar,56,126,36,23,241,0,0,8,0,8,56,126,44,23,249,6,24,30,279
02/09/2006,SYR,NY,AEA,EN,Combined TRACON& Tower with Radar,50,132,59,6,247,0,0,26,0,26,50,132,85,6,273,20,6,26,299
02/10/2006,SYR,NY,AEA,EN,Combined TRACON& Tower with Radar,58,130,50,0,238,0,0,19,0,19,58,130,69,0,257,36,4,40,297
02/11/2006,SYR,NY,AEA,EN,Combined TRACON& Tower with Radar,35,67,33,1,136,0,0,73,0,73,35,67,106,1,209,10,0,10,219
02/12/2006,SYR,NY,AEA,EN,Combined TRACON& Tower with Radar,35,63,7,0,105,0,0,35,0,35,35,63,42,0,140,4,0,4,144
02/13/2006,SYR,NY,AEA,EN,Combined TRACON& Tower with Radar,40,125,36,54,255,0,0,27,0,27,40,125,63,54,282,30,58,88,370
02/14/2006,SYR,NY,AEA,EN,Combined TRACON& Tower with Radar,50,119,37,20,226,0,4,21,0,25,50,123,58,20,251,16,14,30,281
02/15/2006,SYR,NY,AEA,EN,Combined TRACON& Tower with Radar,61,129,61,43,294,0,0,120,4,124,61,129,181,47,418,54,42,96,514
02/16/2006,SYR,NY,AEA,EN,Combined TRACON& Tower with Radar,46,141,39,14,240,0,0,44,2,46,46,141,83,16,286,40,22,62,348
02/17/2006,SYR,NY,AEA,EN,Combined TRACON& Tower with Radar,57,116,42,7,222,0,0,0,0,0,57,116,42,7,222,0,0,0,222
02/18/2006,SYR,NY,AEA,EN,Combined TRACON& Tower with Radar,44,96,19,0,159,0,0,0,0,0,44,96,19,0,159,0,0,0,159
02/19/2006,SYR,NY,AEA,EN,Combined TRACON& Tower with Radar,37,82,14,0,133,0,0,8,0,8,37,82,22,0,141,0,0,0,141
02/20/2006,SYR,NY,AEA,EN,Combined TRACON& Tower with Radar,44,121,22,0,187,0,0,34,2,36,44,121,56,2,223,24,4,28,251
02/21/2006,SYR,NY,AEA,EN,Combined TRACON& Tower with Radar,42,134,27,25,228,0,3,9,0,12,42,137,36,25,240,18,48,66,306
02/22/2006,SYR,NY,AEA,EN,Combined TRACON& Tower with Radar,55,123,28,24,230,0,3,46,5,54,55,126,74,29,284,30,52,82,366
02/23/2006,SYR,NY,AEA,EN,Combined TRACON& Tower with Radar,55,121,41,12,229,0,4,19,0,23,55,125,60,12,252,12,24,36,288
02/24/2006,SYR,NY,AEA,EN,Combined TRACON& Tower with Radar,63,128,20,3,214,0,0,18,3,21,63,128,38,6,235,2,0,2,237
02/25/2006,SYR,NY,AEA,EN,Combined TRACON& Tower with Radar,51,93,8,1,153,0,0,1,0,1,51,93,9,1,154,0,0,0,154
02/26/2006,SYR,NY,AEA,EN,Combined TRACON& Tower with Radar,49,75,13,0,137,0,0,0,0,0,49,75,13,0,137,0,0,0,137
02/27/2006,SYR,NY,AEA,EN,Combined TRACON& Tower with Radar,24,87,69,15,195,0,1,25,0,26,24,88,94,15,221,14,0,14,235
02/28/2006,SYR,NY,AEA,EN,Combined TRACON& Tower with Radar,40,133,50,0,223,0,0,8,1,9,40,133,58,1,232,6,0,6,238
03/01/2006,SYR,NY,AEA,EN,Combined TRACON& Tower with Radar,86,91,19,26,222,0,1,27,0,28,86,92,46,26,250,0,30,30,280
03/02/2006,SYR,NY,AEA,EN,Combined TRACON& Tower with Radar,80,108,26,24,238,0,1,19,0,20,80,109,45,24,258,20,32,52,310
03/03/2006,SYR,NY,AEA,EN,Combined TRACON& Tower with Radar,50,118,34,24,226,0,2,17,0,19,50,120,51,24,245,18,22,40,285
03/04/2006,SYR,NY,AEA,EN,Combined TRACON& Tower with Radar,59,105,16,0,180,0,0,5,0,5,59,105,21,0,185,2,0,2,187
03/05/2006,SYR,NY,AEA,EN,Combined TRACON& Tower with Radar,51,89,28,50,218,0,0,37,3,40,51,89,65,53,258,20,74,94,352
03/06/2006,SYR,NY,AEA,EN,Combined TRACON& Tower with Radar,37,96,49,20,202,0,0,0,0,0,37,96,49,20,202,56,36,92,294
03/07/2006,SYR,NY,AEA,EN,Combined TRACON& Tower with Radar,55,115,65,30,265,0,3,104,0,107,55,118,169,30,372,38,39,77,449
03/08/2006,SYR,NY,AEA,EN,Combined TRACON& Tower with Radar,60,136,60,66,322,0,1,153,0,154,60,137,213,66,476,60,38,98,574
03/09/2006,SYR,NY,AEA,EN,Combined TRACON& Tower with Radar,58,135,59,0,252,0,1,9,0,10,58,136,68,0,262,14,0,14,276
03/10/2006,SYR,NY,AEA,EN,Combined TRACON& Tower with Radar,47,119,17,0,183,0,0,10,0,10,47,119,27,0,193,0,0,0,193
03/11/2006,SYR,NY,AEA,EN,Combined TRACON& Tower with Radar,40,106,35,0,181,0,0,94,1,95,40,106,129,1,276,48,6,54,330
03/12/2006,SYR,NY,AEA,EN,Combined TRACON& Tower with Radar,47,97,27,0,171,0,0,17,0,17,47,97,44,0,188,32,0,32,220
03/13/2006,SYR,NY,AEA,EN,Combined TRACON& Tower with Radar,36,99,17,1,153,0,0,1,0,1,36,99,18,1,154,2,0,2,156
03/14/2006,SYR,NY,AEA,EN,Combined TRACON& Tower with Radar,59,138,29,21,247,0,0,14,0,14,59,138,43,21,261,18,20,38,299
03/15/2006,SYR,NY,AEA,EN,Combined TRACON& Tower with Radar,67,129,40,8,244,0,0,0,0,0,67,129,40,8,244,0,10,10,254
03/16/2006,SYR,NY,AEA,EN,Combined TRACON& Tower with Radar,60,130,40,17,247,0,3,24,0,27,60,133,64,17,274,24,52,76,350
03/17/2006,SYR,NY,AEA,EN,Combined TRACON& Tower with Radar,52,128,39,13,232,0,2,49,4,55,52,130,88,17,287,10,26,36,323
03/18/2006,SYR,NY,AEA,EN,Combined TRACON& Tower with Radar,45,93,15,26,179,0,0,36,0,36,45,93,51,26,215,8,26,34,249
03/19/2006,SYR,NY,AEA,EN,Combined TRACON& Tower with Radar,54,70,19,13,156,0,1,2,0,3,54,71,21,13,159,8,16,24,183
03/20/2006,SYR,NY,AEA,EN,Combined TRACON& Tower with Radar,45,150,41,10,246,0,5,20,1,26,45,155,61,11,272,10,32,42,314
03/21/2006,SYR,NY,AEA,EN,Combined TRACON& Tower with Radar,58,121,47,13,239,0,1,52,0,53,58,122,99,13,292,32,14,46,338
03/22/2006,SYR,NY,AEA,EN,Combined TRACON& Tower with Radar,55,118,48,11,232,0,0,1,0,1,55,118,49,11,233,10,0,10,243
03/23/2006,SYR,NY,AEA,EN,Combined TRACON& Tower with Radar,55,131,49,18,253,0,4,48,3,55,55,135,97,21,308,52,18,70,378
03/24/2006,SYR,NY,AEA,EN,Combined TRACON& Tower with Radar,52,116,55,6,229,0,0,52,0,52,52,116,107,6,281,52,0,52,333
03/25/2006,SYR,NY,AEA,EN,Combined TRACON& Tower with Radar,50,79,5,0,134,0,2,0,0,2,50,81,5,0,136,0,0,0,136
03/26/2006,SYR,NY,AEA,EN,Combined TRACON& Tower with Radar,38,81,24,0,143,0,0,15,0,15,38,81,39,0,158,0,0,0,158
03/27/2006,SYR,NY,AEA,EN,Combined TRACON& Tower with Radar,68,102,45,31,246,0,0,73,1,74,68,102,118,32,320,60,66,126,446
03/28/2006,SYR,NY,AEA,EN,Combined TRACON& Tower with Radar,54,111,57,40,262,0,1,109,0,110,54,112,166,40,372,38,36,74,446
03/29/2006,SYR,NY,AEA,EN,Combined TRACON& Tower with Radar,54,128,63,30,275,0,3,144,0,147,54,131,207,30,422,54,42,96,518
03/30/2006,SYR,NY,AEA,EN,Combined TRACON& Tower with Radar,66,106,47,33,252,0,4,131,3,138,66,110,178,36,390,12,40,52,442
03/31/2006,SYR,NY,AEA,EN,Combined TRACON& Tower with Radar,41,101,61,19,222,0,0,54,2,56,41,101,115,21,278,44,56,100,378
04/01/2006,SYR,NY,AEA,EN,Combined TRACON& Tower with Radar,44,96,14,2,156,0,2,10,0,12,44,98,24,2,168,0,0,0,168
04/02/2006,SYR,NY,AEA,EN,Combined TRACON& Tower with Radar,26,95,24,0,145,0,0,78,0,78,26,95,102,0,223,10,0,10,233
04/03/2006,SYR,NY,AEA,EN,Combined TRACON& Tower with Radar,46,123,29,40,238,0,0,16,0,16,46,123,45,40,254,24,62,86,340
04/04/2006,SYR,NY,AEA,EN,Combined TRACON& Tower with Radar,52,126,25,30,233,0,0,7,0,7,52,126,32,30,240,0,24,24,264
04/05/2006,SYR,NY,AEA,EN,Combined TRACON& Tower with Radar,52,131,39,34,256,0,0,26,0,26,52,131,65,34,282,22,50,72,354
04/06/2006,SYR,NY,AEA,EN,Combined TRACON& Tower with Radar,51,142,50,26,269,0,1,38,0,39,51,143,88,26,308,32,58,90,398
04/07/2006,SYR,NY,AEA,EN,Combined TRACON& Tower with Radar,59,137,52,29,277,0,0,28,0,28,59,137,80,29,305,22,26,48,353
04/08/2006,SYR,NY,AEA,EN,Combined TRACON& Tower with Radar,52,87,15,6,160,0,0,38,0,38,52,87,53,6,198,0,0,0,198
04/09/2006,SYR,NY,AEA,EN,Combined TRACON& Tower with Radar,35,102,28,8,173,0,0,58,3,61,35,102,86,11,234,18,42,60,294
04/10/2006,SYR,NY,AEA,EN,Combined TRACON& Tower with Radar,46,120,35,30,231,0,4,125,0,129,46,124,160,30,360,34,38,72,432
04/11/2006,SYR,NY,AEA,EN,Combined TRACON& Tower with Radar,60,124,34,14,232,0,6,135,5,146,60,130,169,19,378,78,28,106,484
04/12/2006,SYR,NY,AEA,EN,Combined TRACON& Tower with Radar,58,137,43,11,249,0,1,62,4,67,58,138,105,15,316,32,28,60,376
04/13/2006,SYR,NY,AEA,EN,Combined TRACON& Tower with Radar,48,114,28,20,210,0,0,63,0,63,48,114,91,20,273,14,38,52,325
04/14/2006,SYR,NY,AEA,EN,Combined TRACON& Tower with Radar,58,134,30,0,222,0,0,30,0,30,58,134,60,0,252,26,0,26,278
04/15/2006,SYR,NY,AEA,EN,Combined TRACON& Tower with Radar,46,110,39,1,196,0,0,53,0,53,46,110,92,1,249,42,0,42,291
04/16/2006,SYR,NY,AEA,EN,Combined TRACON& Tower with Radar,38,90,11,1,140,0,5,31,0,36,38,95,42,1,176,2,0,2,178
04/17/2006,SYR,NY,AEA,EN,Combined TRACON& Tower with Radar,44,14,37,26,121,0,0,62,0,62,44,14,99,26,183,8,34,42,225
04/18/2006,SYR,NY,AEA,EN,Combined TRACON& Tower with Radar,58,115,46,69,288,0,2,132,0,134,58,117,178,69,422,100,100,200,622
04/19/2006,SYR,NY,AEA,EN,Combined TRACON& Tower with Radar,54,140,32,21,247,0,1,135,0,136,54,141,167,21,383,34,40,74,457
04/20/2006,SYR,NY,AEA,EN,Combined TRACON& Tower with Radar,54,137,41,25,257,0,0,130,0,130,54,137,171,25,387,28,40,68,455
04/21/2006,SYR,NY,AEA,EN,Combined TRACON& Tower with Radar,63,129,28,42,262,0,14,118,0,132,63,143,146,42,394,30,60,90,484
04/22/2006,SYR,NY,AEA,EN,Combined TRACON& Tower with Radar,51,95,13,0,159,0,1,8,0,9,51,96,21,0,168,0,0,0,168
04/23/2006,SYR,NY,AEA,EN,Combined TRACON& Tower with Radar,46,100,26,0,172,0,4,19,0,23,46,104,45,0,195,18,0,18,213
04/24/2006,SYR,NY,AEA,EN,Combined TRACON& Tower with Radar,60,99,58,10,227,0,0,54,10,64,60,99,112,20,291,8,28,36,327
04/25/2006,SYR,NY,AEA,EN,Combined TRACON& Tower with Radar,52,132,55,27,266,0,4,78,0,82,52,136,133,27,348,14,46,60,408
04/26/2006,SYR,NY,AEA,EN,Combined TRACON& Tower with Radar,62,125,50,40,277,0,6,110,0,116,62,131,160,40,393,38,54,92,485
04/27/2006,SYR,NY,AEA,EN,Combined TRACON& Tower with Radar,53,136,81,42,312,0,24,124,0,148,53,160,205,42,460,32,62,94,554
04/28/2006,SYR,NY,AEA,EN,Combined TRACON& Tower with Radar,55,129,39,5,228,0,4,68,3,75,55,133,107,8,303,42,4,46,349
04/29/2006,SYR,NY,AEA,EN,Combined TRACON& Tower with Radar,50,83,50,16,199,0,0,121,8,129,50,83,171,24,328,34,26,60,388
04/30/2006,SYR,NY,AEA,EN,Combined TRACON& Tower with Radar,38,92,50,0,180,0,2,109,2,113,38,94,159,2,293,38,0,38,331
05/01/2006,SYR,NY,AEA,EN,Combined TRACON& Tower with Radar,42,133,40,36,251,0,0,128,0,128,42,133,168,36,379,60,52,112,491
05/02/2006,SYR,NY,AEA,EN,Combined TRACON& Tower with Radar,51,130,68,45,294,0,0,138,2,140,51,130,206,47,434,50,64,114,548
05/03/2006,SYR,NY,AEA,EN,Combined TRACON& Tower with Radar,58,118,57,38,271,0,4,83,6,93,58,122,140,44,364,6,52,58,422
05/04/2006,SYR,NY,AEA,EN,Combined TRACON& Tower with Radar,47,135,39,16,237,0,2,48,0,50,47,137,87,16,287,46,38,84,371
05/05/2006,SYR,NY,AEA,EN,Combined TRACON& Tower with Radar,69,118,43,15,245,0,0,65,0,65,69,118,108,15,310,30,32,62,372
05/06/2006,SYR,NY,AEA,EN,Combined TRACON& Tower with Radar,41,100,28,0,169,0,0,7,1,8,41,100,35,1,177,12,0,12,189
05/07/2006,SYR,NY,AEA,EN,Combined TRACON& Tower with Radar,39,84,45,116,284,0,0,135,0,135,39,84,180,116,419,50,130,180,599
05/08/2006,SYR,NY,AEA,EN,Combined TRACON& Tower with Radar,45,126,34,42,247,0,0,79,1,80,45,126,113,43,327,20,42,62,389
05/09/2006,SYR,NY,AEA,EN,Combined TRACON& Tower with Radar,48,114,36,50,248,0,1,89,0,90,48,115,125,50,338,14,38,52,390
05/10/2006,SYR,NY,AEA,EN,Combined TRACON& Tower with Radar,60,127,53,39,279,0,0,120,2,122,60,127,173,41,401,66,68,134,535
05/11/2006,SYR,NY,AEA,EN,Combined TRACON& Tower with Radar,58,118,49,35,260,0,14,14,1,29,58,132,63,36,289,6,50,56,345
05/12/2006,SYR,NY,AEA,EN,Combined TRACON& Tower with Radar,60,145,22,0,227,0,2,32,0,34,60,147,54,0,261,46,0,46,307
05/13/2006,SYR,NY,AEA,EN,Combined TRACON& Tower with Radar,39,104,22,0,165,0,0,17,0,17,39,104,39,0,182,8,0,8,190
05/14/2006,SYR,NY,AEA,EN,Combined TRACON& Tower with Radar,29,95,62,4,190,0,6,10,0,16,29,101,72,4,206,20,2,22,228
05/15/2006,SYR,NY,AEA,EN,Combined TRACON& Tower with Radar,48,117,47,1,213,0,2,26,0,28,48,119,73,1,241,22,0,22,263
05/16/2006,SYR,NY,AEA,EN,Combined TRACON& Tower with Radar,54,132,47,22,255,0,0,41,2,43,54,132,88,24,298,38,18,56,354
05/17/2006,SYR,NY,AEA,EN,Combined TRACON& Tower with Radar,59,131,50,2,242,0,1,19,0,20,59,132,69,2,262,16,0,16,278
05/18/2006,SYR,NY,AEA,EN,Combined TRACON& Tower with Radar,62,125,47,8,242,0,1,34,4,39,62,126,81,12,281,22,8,30,311
05/19/2006,SYR,NY,AEA,EN,Combined TRACON& Tower with Radar,48,150,37,13,248,0,0,28,8,36,48,150,65,21,284,40,10,50,334
05/20/2006,SYR,NY,AEA,EN,Combined TRACON& Tower with Radar,40,105,21,10,176,0,0,11,0,11,40,105,32,10,187,20,14,34,221
05/21/2006,SYR,NY,AEA,EN,Combined TRACON& Tower with Radar,35,97,30,0,162,0,2,4,1,7,35,99,34,1,169,2,2,4,173
05/22/2006,SYR,NY,AEA,EN,Combined TRACON& Tower with Radar,41,113,25,24,203,0,0,65,2,67,41,113,90,26,270,18,68,86,356
05/23/2006,SYR,NY,AEA,EN,Combined TRACON& Tower with Radar,49,127,43,34,253,0,0,41,0,41,49,127,84,34,294,32,38,70,364
05/24/2006,SYR,NY,AEA,EN,Combined TRACON& Tower with Radar,51,130,34,22,237,0,0,94,1,95,51,130,128,23,332,36,58,94,426
05/25/2006,SYR,NY,AEA,EN,Combined TRACON& Tower with Radar,54,118,41,20,233,0,4,57,7,68,54,122,98,27,301,38,44,82,383
05/26/2006,SYR,NY,AEA,EN,Combined TRACON& Tower with Radar,63,150,48,0,261,0,0,54,0,54,63,150,102,0,315,38,0,38,353
05/27/2006,SYR,NY,AEA,EN,Combined TRACON& Tower with Radar,47,93,41,1,182,0,0,8,2,10,47,93,49,3,192,10,0,10,202
05/28/2006,SYR,NY,AEA,EN,Combined TRACON& Tower with Radar,29,86,11,0,126,0,0,51,0,51,29,86,62,0,177,50,0,50,227
05/29/2006,SYR,NY,AEA,EN,Combined TRACON& Tower with Radar,36,87,22,0,145,0,0,61,3,64,36,87,83,3,209,28,24,52,261
05/30/2006,SYR,NY,AEA,EN,Combined TRACON& Tower with Radar,48,102,56,31,237,0,0,80,4,84,48,102,136,35,321,22,44,66,387
05/31/2006,SYR,NY,AEA,EN,Combined TRACON& Tower with Radar,58,127,65,39,289,0,8,99,3,110,58,135,164,42,399,92,64,156,555
06/01/2006,SYR,NY,AEA,EN,Combined TRACON& Tower with Radar,48,129,42,6,225,0,0,16,5,21,48,129,58,11,246,6,10,16,262
06/02/2006,SYR,NY,AEA,EN,Combined TRACON& Tower with Radar,61,122,51,21,255,0,2,76,2,80,61,124,127,23,335,64,50,114,449
06/03/2006,SYR,NY,AEA,EN,Combined TRACON& Tower with Radar,39,101,27,17,184,0,0,4,0,4,39,101,31,17,188,2,26,28,216
06/04/2006,SYR,NY,AEA,EN,Combined TRACON& Tower with Radar,50,95,19,57,221,0,0,17,0,17,50,95,36,57,238,4,70,74,312
06/05/2006,SYR,NY,AEA,EN,Combined TRACON& Tower with Radar,44,115,56,28,243,0,11,79,1,91,44,126,135,29,334,86,26,112,446
06/06/2006,SYR,NY,AEA,EN,Combined TRACON& Tower with Radar,49,132,58,13,252,0,2,96,2,100,49,134,154,15,352,52,30,82,434
06/07/2006,SYR,NY,AEA,EN,Combined TRACON& Tower with Radar,58,121,49,15,243,0,1,63,0,64,58,122,112,15,307,44,36,80,387
06/08/2006,SYR,NY,AEA,EN,Combined TRACON& Tower with Radar,51,133,54,11,249,0,0,13,0,13,51,133,67,11,262,8,20,28,290
06/09/2006,SYR,NY,AEA,EN,Combined TRACON& Tower with Radar,67,122,49,9,247,0,1,10,0,11,67,123,59,9,258,38,14,52,310
06/10/2006,SYR,NY,AEA,EN,Combined TRACON& Tower with Radar,48,94,24,2,168,0,3,3,0,6,48,97,27,2,174,12,0,12,186
06/11/2006,SYR,NY,AEA,EN,Combined TRACON& Tower with Radar,45,79,24,4,152,0,0,16,1,17,45,79,40,5,169,0,4,4,173
06/12/2006,SYR,NY,AEA,EN,Combined TRACON& Tower with Radar,39,140,55,22,256,0,1,45,1,47,39,141,100,23,303,52,38,90,393
06/13/2006,SYR,NY,AEA,EN,Combined TRACON& Tower with Radar,58,142,42,12,254,0,3,59,2,64,58,145,101,14,318,42,26,68,386
06/14/2006,SYR,NY,AEA,EN,Combined TRACON& Tower with Radar,45,130,46,17,238,0,1,72,0,73,45,131,118,17,311,30,14,44,355
06/15/2006,SYR,NY,AEA,EN,Combined TRACON& Tower with Radar,49,141,31,8,229,0,2,95,1,98,49,143,126,9,327,48,14,62,389
06/16/2006,SYR,NY,AEA,EN,Combined TRACON& Tower with Radar,46,121,40,13,220,0,2,59,2,63,46,123,99,15,283,50,18,68,351
06/17/2006,SYR,NY,AEA,EN,Combined TRACON& Tower with Radar,36,99,13,0,148,0,0,26,0,26,36,99,39,0,174,0,0,0,174
06/18/2006,SYR,NY,AEA,EN,Combined TRACON& Tower with Radar,30,75,27,1,133,0,8,67,0,75,30,83,94,1,208,4,0,4,212
06/19/2006,SYR,NY,AEA,EN,Combined TRACON& Tower with Radar,42,123,34,19,218,0,0,23,0,23,42,123,57,19,241,40,22,62,303
06/20/2006,SYR,NY,AEA,EN,Combined TRACON& Tower with Radar,66,129,57,44,296,0,0,104,0,104,66,129,161,44,400,44,60,104,504
06/21/2006,SYR,NY,AEA,EN,Combined TRACON& Tower with Radar,53,108,42,30,233,0,5,124,1,130,53,113,166,31,363,28,40,68,431
06/22/2006,SYR,NY,AEA,EN,Combined TRACON& Tower with Radar,49,128,34,22,233,0,1,99,0,100,49,129,133,22,333,28,38,66,399
06/23/2006,SYR,NY,AEA,EN,Combined TRACON& Tower with Radar,52,129,53,2,236,0,0,55,1,56,52,129,108,3,292,42,12,54,346
06/24/2006,SYR,NY,AEA,EN,Combined TRACON& Tower with Radar,47,80,32,2,161,0,3,48,0,51,47,83,80,2,212,24,0,24,236
06/25/2006,SYR,NY,AEA,EN,Combined TRACON& Tower with Radar,48,81,26,0,155,0,17,22,0,39,48,98,48,0,194,8,0,8,202
06/26/2006,SYR,NY,AEA,EN,Combined TRACON& Tower with Radar,50,103,41,1,195,0,6,5,0,11,50,109,46,1,206,2,0,2,208
06/27/2006,SYR,NY,AEA,EN,Combined TRACON& Tower with Radar,61,104,43,16,224,0,2,27,2,31,61,106,70,18,255,12,12,24,279
06/28/2006,SYR,NY,AEA,EN,Combined TRACON& Tower with Radar,56,139,39,36,270,0,2,90,0,92,56,141,129,36,362,34,58,92,454
06/29/2006,SYR,NY,AEA,EN,Combined TRACON& Tower with Radar,57,133,54,28,272,0,0,54,3,57,57,133,108,31,329,34,50,84,413
06/30/2006,SYR,NY,AEA,EN,Combined TRACON& Tower with Radar,59,133,57,17,266,1,17,23,0,41,60,150,80,17,307,34,4,38,345
07/01/2006,SYR,NY,AEA,EN,Combined TRACON& Tower with Radar,45,81,33,3,162,0,0,34,0,34,45,81,67,3,196,26,2,28,224
07/02/2006,SYR,NY,AEA,EN,Combined TRACON& Tower with Radar,47,67,12,0,126,0,0,7,0,7,47,67,19,0,133,0,0,0,133
07/03/2006,SYR,NY,AEA,EN,Combined TRACON& Tower with Radar,38,118,29,0,185,0,9,29,0,38,38,127,58,0,223,44,0,44,267
07/04/2006,SYR,NY,AEA,EN,Combined TRACON& Tower with Radar,45,93,30,0,168,0,2,11,2,15,45,95,41,2,183,20,0,20,203
07/05/2006,SYR,NY,AEA,EN,Combined TRACON& Tower with Radar,50,111,47,29,237,0,19,97,0,116,50,130,144,29,353,56,34,90,443
07/06/2006,SYR,NY,AEA,EN,Combined TRACON& Tower with Radar,63,119,32,27,241,0,3,51,2,56,63,122,83,29,297,28,52,80,377
07/07/2006,SYR,NY,AEA,EN,Combined TRACON& Tower with Radar,54,124,32,40,250,0,0,85,10,95,54,124,117,50,345,76,64,140,485
07/08/2006,SYR,NY,AEA,EN,Combined TRACON& Tower with Radar,55,82,28,3,168,0,16,89,0,105,55,98,117,3,273,24,4,28,301
07/09/2006,SYR,NY,AEA,EN,Combined TRACON& Tower with Radar,55,79,32,12,178,0,6,104,1,111,55,85,136,13,289,22,14,36,325
07/10/2006,SYR,NY,AEA,EN,Combined TRACON& Tower with Radar,43,100,24,11,178,0,3,32,4,39,43,103,56,15,217,4,14,18,235
07/11/2006,SYR,NY,AEA,EN,Combined TRACON& Tower with Radar,55,111,46,39,251,0,13,105,0,118,55,124,151,39,369,4,40,44,413
07/12/2006,SYR,NY,AEA,EN,Combined TRACON& Tower with Radar,9,128,28,10,175,0,0,3,0,3,9,128,31,10,178,0,18,18,196
07/13/2006,SYR,NY,AEA,EN,Combined TRACON& Tower with Radar,59,134,54,40,287,0,5,110,0,115,59,139,164,40,402,4,42,46,448
07/14/2006,SYR,NY,AEA,EN,Combined TRACON& Tower with Radar,52,140,55,0,247,0,0,108,2,110,52,140,163,2,357,72,0,72,429
07/15/2006,SYR,NY,AEA,EN,Combined TRACON& Tower with Radar,40,90,20,0,150,0,1,14,0,15,40,91,34,0,165,10,0,10,175
07/16/2006,SYR,NY,AEA,EN,Combined TRACON& Tower with Radar,39,108,27,0,174,0,0,52,0,52,39,108,79,0,226,68,0,68,294
07/17/2006,SYR,NY,AEA,EN,Combined TRACON& Tower with Radar,40,111,33,16,200,0,4,41,0,45,40,115,74,16,245,14,12,26,271
07/18/2006,SYR,NY,AEA,EN,Combined TRACON& Tower with Radar,48,127,30,39,244,0,3,53,0,56,48,130,83,39,300,26,54,80,380
07/19/2006,SYR,NY,AEA,EN,Combined TRACON& Tower with Radar,67,127,37,52,283,0,30,98,6,134,67,157,135,58,417,38,52,90,507
07/20/2006,SYR,NY,AEA,EN,Combined TRACON& Tower with Radar,53,125,56,59,293,0,8,95,0,103,53,133,151,59,396,54,76,130,526
07/21/2006,SYR,NY,AEA,EN,Combined TRACON& Tower with Radar,75,124,70,74,343,0,22,80,2,104,75,146,150,76,447,78,90,168,615
07/22/2006,SYR,NY,AEA,EN,Combined TRACON& Tower with Radar,50,95,16,1,162,0,0,0,4,4,50,95,16,5,166,0,0,0,166
07/23/2006,SYR,NY,AEA,EN,Combined TRACON& Tower with Radar,49,75,55,1,180,0,2,77,3,82,49,77,132,4,262,2,2,4,266
07/24/2006,SYR,NY,AEA,EN,Combined TRACON& Tower with Radar,62,107,31,10,210,0,1,74,102,177,62,108,105,112,387,74,14,88,475
07/25/2006,SYR,NY,AEA,EN,Combined TRACON& Tower with Radar,56,127,63,45,291,0,0,79,1,80,56,127,142,46,371,38,30,68,439
07/26/2006,SYR,NY,AEA,EN,Combined TRACON& Tower with Radar,57,143,43,59,302,0,6,79,0,85,57,149,122,59,387,70,102,172,559
07/27/2006,SYR,NY,AEA,EN,Combined TRACON& Tower with Radar,54,121,60,44,279,0,4,57,0,61,54,125,117,44,340,46,52,98,438
07/28/2006,SYR,NY,AEA,EN,Combined TRACON& Tower with Radar,63,123,39,19,244,0,2,14,0,16,63,125,53,19,260,14,42,56,316
07/29/2006,SYR,NY,AEA,EN,Combined TRACON& Tower with Radar,43,101,33,2,179,0,1,56,1,58,43,102,89,3,237,0,2,2,239
07/30/2006,SYR,NY,AEA,EN,Combined TRACON& Tower with Radar,54,121,60,44,279,0,4,57,0,61,54,125,117,44,340,46,52,98,438
07/31/2006,SYR,NY,AEA,EN,Combined TRACON& Tower with Radar,43,109,20,15,187,0,3,56,6,65,43,112,76,21,252,18,24,42,294
08/01/2006,SYR,NY,AEA,EN,Combined TRACON& Tower with Radar,52,119,44,31,246,0,2,76,0,78,52,121,120,31,324,38,38,76,400
08/02/2006,SYR,NY,AEA,EN,Combined TRACON& Tower with Radar,69,106,46,17,238,0,15,55,2,72,69,121,101,19,310,16,14,30,340
08/03/2006,SYR,NY,AEA,EN,Combined TRACON& Tower with Radar,54,120,78,5,257,0,11,34,3,48,54,131,112,8,305,34,6,40,345
08/04/2006,SYR,NY,AEA,EN,Combined TRACON& Tower with Radar,40,138,32,3,213,0,0,101,6,107,40,138,133,9,320,40,2,42,362
08/05/2006,SYR,NY,AEA,EN,Combined TRACON& Tower with Radar,39,89,23,2,153,0,3,59,0,62,39,92,82,2,215,12,0,12,227
08/06/2006,SYR,NY,AEA,EN,Combined TRACON& Tower with Radar,35,87,16,1,139,0,19,93,0,112,35,106,109,1,251,6,0,6,257
08/07/2006,SYR,NY,AEA,EN,Combined TRACON& Tower with Radar,45,129,35,28,237,0,4,42,0,46,45,133,77,28,283,54,28,82,365
08/08/2006,SYR,NY,AEA,EN,Combined TRACON& Tower with Radar,60,136,38,49,283,0,18,110,0,128,60,154,148,49,411,20,58,78,489
08/09/2006,SYR,NY,AEA,EN,Combined TRACON& Tower with Radar,53,146,56,35,290,0,0,160,0,160,53,146,216,35,450,74,34,108,558
08/10/2006,SYR,NY,AEA,EN,Combined TRACON& Tower with Radar,54,135,45,50,284,0,2,56,0,58,54,137,101,50,342,54,58,112,454
08/11/2006,SYR,NY,AEA,EN,Combined TRACON& Tower with Radar,47,107,71,32,257,0,0,99,0,99,47,107,170,32,356,84,50,134,490
08/12/2006,SYR,NY,AEA,EN,Combined TRACON& Tower with Radar,45,107,19,1,172,0,1,69,0,70,45,108,88,1,242,24,16,40,282
08/13/2006,SYR,NY,AEA,EN,Combined TRACON& Tower with Radar,42,98,34,16,190,0,0,77,1,78,42,98,111,17,268,8,20,28,296
08/14/2006,SYR,NY,AEA,EN,Combined TRACON& Tower with Radar,45,131,29,42,247,0,4,55,0,59,45,135,84,42,306,46,70,116,422
08/15/2006,SYR,NY,AEA,EN,Combined TRACON& Tower with Radar,60,136,56,37,289,0,8,88,0,96,60,144,144,37,385,26,52,78,463
08/16/2006,SYR,NY,AEA,EN,Combined TRACON& Tower with Radar,61,129,45,45,280,0,5,89,1,95,61,134,134,46,375,82,50,132,507
08/17/2006,SYR,NY,AEA,EN,Combined TRACON& Tower with Radar,60,143,86,26,315,0,9,120,0,129,60,152,206,26,444,44,50,94,538
08/18/2006,SYR,NY,AEA,EN,Combined TRACON& Tower with Radar,60,130,42,9,241,0,0,58,4,62,60,130,100,13,303,56,8,64,367
08/19/2006,SYR,NY,AEA,EN,Combined TRACON& Tower with Radar,36,113,30,0,179,0,0,4,0,4,36,113,34,0,183,2,0,2,185
08/20/2006,SYR,NY,AEA,EN,Combined TRACON& Tower with Radar,55,90,9,1,155,0,0,5,0,5,55,90,14,1,160,14,0,14,174
08/21/2006,SYR,NY,AEA,EN,Combined TRACON& Tower with Radar,37,90,66,16,209,0,0,55,2,57,37,90,121,18,266,14,18,32,298
08/22/2006,SYR,NY,AEA,EN,Combined TRACON& Tower with Radar,53,116,46,9,224,0,2,51,2,55,53,118,97,11,279,14,28,42,321
08/23/2006,SYR,NY,AEA,EN,Combined TRACON& Tower with Radar,56,141,51,25,273,0,1,50,1,52,56,142,101,26,325,48,36,84,409
08/24/2006,SYR,NY,AEA,EN,Combined TRACON& Tower with Radar,50,130,45,18,243,0,1,40,0,41,50,131,85,18,284,28,42,70,354
08/25/2006,SYR,NY,AEA,EN,Combined TRACON& Tower with Radar,59,146,37,19,261,0,2,41,0,43,59,148,78,19,304,42,34,76,380
08/26/2006,SYR,NY,AEA,EN,Combined TRACON& Tower with Radar,37,102,21,3,163,0,0,0,0,0,37,102,21,3,163,50,0,50,213
08/27/2006,SYR,NY,AEA,EN,Combined TRACON& Tower with Radar,56,67,13,0,136,0,14,8,0,22,56,81,21,0,158,20,0,20,178
08/28/2006,SYR,NY,AEA,EN,Combined TRACON& Tower with Radar,44,116,47,23,230,0,12,25,8,45,44,128,72,31,275,20,26,46,321
08/29/2006,SYR,NY,AEA,EN,Combined TRACON& Tower with Radar,66,121,44,0,231,0,6,6,0,12,66,127,50,0,243,10,0,10,253
08/30/2006,SYR,NY,AEA,EN,Combined TRACON& Tower with Radar,69,127,48,29,273,0,25,64,0,89,69,152,112,29,362,14,38,52,414
08/31/2006,SYR,NY,AEA,EN,Combined TRACON& Tower with Radar,61,131,41,15,248,0,14,85,7,106,61,145,126,22,354,26,34,60,414
09/01/2006,SYR,NY,AEA,EN,Combined TRACON& Tower with Radar,61,119,51,0,231,0,1,63,0,64,61,120,114,0,295,56,2,58,353
09/02/2006,SYR,NY,AEA,EN,Combined TRACON& Tower with Radar,54,82,7,0,143,0,0,0,0,0,54,82,7,0,143,4,0,4,147
09/03/2006,SYR,NY,AEA,EN,Combined TRACON& Tower with Radar,40,87,15,1,143,0,0,17,0,17,40,87,32,1,160,16,0,16,176
09/04/2006,SYR,NY,AEA,EN,Combined TRACON& Tower with Radar,42,85,34,0,161,0,4,13,0,17,42,89,47,0,178,136,0,136,314
09/05/2006,SYR,NY,AEA,EN,Combined TRACON& Tower with Radar,43,129,34,43,249,0,3,46,0,49,43,132,80,43,298,26,60,86,384
09/06/2006,SYR,NY,AEA,EN,Combined TRACON& Tower with Radar,56,138,42,43,279,0,14,55,0,69,56,152,97,43,348,38,54,92,440
09/07/2006,SYR,NY,AEA,EN,Combined TRACON& Tower with Radar,55,164,55,42,316,0,5,107,0,112,55,169,162,42,428,56,56,112,540
09/08/2006,SYR,NY,AEA,EN,Combined TRACON& Tower with Radar,54,155,34,33,276,0,0,75,0,75,54,155,109,33,351,58,36,94,445
09/09/2006,SYR,NY,AEA,EN,Combined TRACON& Tower with Radar,51,92,28,41,212,0,1,49,4,54,51,93,77,45,266,12,60,72,338
09/10/2006,SYR,NY,AEA,EN,Combined TRACON& Tower with Radar,37,99,23,26,185,0,1,52,0,53,37,100,75,26,238,12,30,42,280
09/11/2006,SYR,NY,AEA,EN,Combined TRACON& Tower with Radar,46,135,26,29,236,0,0,44,3,47,46,135,70,32,283,22,46,68,351
09/12/2006,SYR,NY,AEA,EN,Combined TRACON& Tower with Radar,70,134,39,31,274,0,19,96,6,121,70,153,135,37,395,22,50,72,467
09/13/2006,SYR,NY,AEA,EN,Combined TRACON& Tower with Radar,56,128,38,0,222,0,4,9,3,16,56,132,47,3,238,6,0,6,244
09/14/2006,SYR,NY,AEA,EN,Combined TRACON& Tower with Radar,64,118,49,18,249,0,0,4,0,4,64,118,53,18,253,28,22,50,303
09/15/2006,SYR,NY,AEA,EN,Combined TRACON& Tower with Radar,62,159,58,6,285,0,2,40,0,42,62,161,98,6,327,6,10,16,343
09/16/2006,SYR,NY,AEA,EN,Combined TRACON& Tower with Radar,60,95,33,2,190,0,2,21,0,23,60,97,54,2,213,0,0,0,213
09/17/2006,SYR,NY,AEA,EN,Combined TRACON& Tower with Radar,33,86,28,2,149,0,3,84,1,88,33,89,112,3,237,42,6,48,285
09/18/2006,SYR,NY,AEA,EN,Combined TRACON& Tower with Radar,38,131,31,31,231,0,9,88,2,99,38,140,119,33,330,32,46,78,408
09/19/2006,SYR,NY,AEA,EN,Combined TRACON& Tower with Radar,54,144,47,19,264,0,1,29,0,30,54,145,76,19,294,52,28,80,374
09/20/2006,SYR,NY,AEA,EN,Combined TRACON& Tower with Radar,54,138,32,12,236,0,6,30,0,36,54,144,62,12,272,26,24,50,322
09/21/2006,SYR,NY,AEA,EN,Combined TRACON& Tower with Radar,49,136,63,35,283,0,8,70,2,80,49,144,133,37,363,28,34,62,425
09/22/2006,SYR,NY,AEA,EN,Combined TRACON& Tower with Radar,52,139,63,30,284,0,1,55,8,64,52,140,118,38,348,48,42,90,438
09/23/2006,SYR,NY,AEA,EN,Combined TRACON& Tower with Radar,47,109,11,0,167,0,0,1,0,1,47,109,12,0,168,0,0,0,168
09/24/2006,SYR,NY,AEA,EN,Combined TRACON& Tower with Radar,38,96,16,0,150,0,0,6,0,6,38,96,22,0,156,0,0,0,156
09/25/2006,SYR,NY,AEA,EN,Combined TRACON& Tower with Radar,48,124,36,6,214,0,8,36,0,44,48,132,72,6,258,46,18,64,322
09/26/2006,SYR,NY,AEA,EN,Combined TRACON& Tower with Radar,60,142,61,22,285,0,4,76,0,80,60,146,137,22,365,52,48,100,465
09/27/2006,SYR,NY,AEA,EN,Combined TRACON& Tower with Radar,53,128,40,1,222,0,15,90,0,105,53,143,130,1,327,8,0,8,335
09/28/2006,SYR,NY,AEA,EN,Combined TRACON& Tower with Radar,53,147,37,2,239,0,1,21,0,22,53,148,58,2,261,22,2,24,285
09/29/2006,SYR,NY,AEA,EN,Combined TRACON& Tower with Radar,56,161,62,0,279,0,0,31,0,31,56,161,93,0,310,32,0,32,342
09/30/2006,SYR,NY,AEA,EN,Combined TRACON& Tower with Radar,48,114,35,0,197,0,0,50,0,50,48,114,85,0,247,36,0,36,283
10/01/2006,SYR,NY,AEA,EN,Combined TRACON& Tower with Radar,38,121,39,0,198,0,10,21,0,31,38,131,60,0,229,28,0,28,257
10/02/2006,SYR,NY,AEA,EN,Combined TRACON& Tower with Radar,38,114,31,37,220,0,3,67,3,73,38,117,98,40,293,10,38,48,341
10/03/2006,SYR,NY,AEA,EN,Combined TRACON& Tower with Radar,48,136,47,10,241,0,1,17,0,18,48,137,64,10,259,20,8,28,287
10/04/2006,SYR,NY,AEA,EN,Combined TRACON& Tower with Radar,51,161,33,14,259,0,1,15,4,20,51,162,48,18,279,40,40,80,359
10/05/2006,SYR,NY,AEA,EN,Combined TRACON& Tower with Radar,56,156,37,36,285,0,3,83,4,90,56,159,120,40,375,56,76,132,507
10/06/2006,SYR,NY,AEA,EN,Combined TRACON& Tower with Radar,55,147,38,0,240,0,0,82,0,82,55,147,120,0,322,62,0,62,384
10/07/2006,SYR,NY,AEA,EN,Combined TRACON& Tower with Radar,47,114,14,0,175,0,0,57,4,61,47,114,71,4,236,40,2,42,278
10/08/2006,SYR,NY,AEA,EN,Combined TRACON& Tower with Radar,52,104,28,0,184,0,0,69,0,69,52,104,97,0,253,40,0,40,293
10/09/2006,SYR,NY,AEA,EN,Combined TRACON& Tower with Radar,56,109,34,0,199,0,0,83,0,83,56,109,117,0,282,16,0,16,298
10/10/2006,SYR,NY,AEA,EN,Combined TRACON& Tower with Radar,63,145,32,42,282,0,2,63,0,65,63,147,95,42,347,34,60,94,441
10/11/2006,SYR,NY,AEA,EN,Combined TRACON& Tower with Radar,56,135,31,16,238,0,1,17,4,22,56,136,48,20,260,22,44,66,326
10/12/2006,SYR,NY,AEA,EN,Combined TRACON& Tower with Radar,57,130,40,19,246,0,0,20,0,20,57,130,60,19,266,28,34,62,328
10/13/2006,SYR,NY,AEA,EN,Combined TRACON& Tower with Radar,54,131,31,29,245,0,2,55,5,62,54,133,86,34,307,18,52,70,377
10/14/2006,SYR,NY,AEA,EN,Combined TRACON& Tower with Radar,54,102,32,20,208,0,6,64,0,70,54,108,96,20,278,22,24,46,324
10/15/2006,SYR,NY,AEA,EN,Combined TRACON& Tower with Radar,64,76,16,47,203,0,2,65,0,67,64,78,81,47,270,24,60,84,354
10/16/2006,SYR,NY,AEA,EN,Combined TRACON& Tower with Radar,42,144,33,9,228,0,0,56,0,56,42,144,89,9,284,66,10,76,360
10/17/2006,SYR,NY,AEA,EN,Combined TRACON& Tower with Radar,50,142,35,0,227,0,0,11,0,11,50,142,46,0,238,16,0,16,254
10/18/2006,SYR,NY,AEA,EN,Combined TRACON& Tower with Radar,51,137,55,14,257,0,3,33,0,36,51,140,88,14,293,4,0,4,297
10/19/2006,SYR,NY,AEA,EN,Combined TRACON& Tower with Radar,56,136,48,13,253,0,0,23,0,23,56,136,71,13,276,26,20,46,322
10/20/2006,SYR,NY,AEA,EN,Combined TRACON& Tower with Radar,62,135,43,0,240,0,0,1,1,2,62,135,44,1,242,0,0,0,242
10/21/2006,SYR,NY,AEA,EN,Combined TRACON& Tower with Radar,63,76,34,4,177,0,7,85,10,102,63,83,119,14,279,42,4,46,325
10/22/2006,SYR,NY,AEA,EN,Combined TRACON& Tower with Radar,45,88,25,0,158,0,0,53,0,53,45,88,78,0,211,10,0,10,221
10/23/2006,SYR,NY,AEA,EN,Combined TRACON& Tower with Radar,42,142,20,13,217,0,1,16,0,17,42,143,36,13,234,18,10,28,262
10/24/2006,SYR,NY,AEA,EN,Combined TRACON& Tower with Radar,50,132,34,24,240,0,4,0,0,4,50,136,34,24,244,0,16,16,260
10/25/2006,SYR,NY,AEA,EN,Combined TRACON& Tower with Radar,50,131,21,24,226,0,0,11,0,11,50,131,32,24,237,0,24,24,261
10/26/2006,SYR,NY,AEA,EN,Combined TRACON& Tower with Radar,50,143,28,23,244,0,1,29,4,34,50,144,57,27,278,26,30,56,334
10/27/2006,SYR,NY,AEA,EN,Combined TRACON& Tower with Radar,44,142,64,37,287,0,0,80,1,81,44,142,144,38,368,76,14,90,458
10/28/2006,SYR,NY,AEA,EN,Combined TRACON& Tower with Radar,47,88,10,0,145,0,0,0,0,0,47,88,10,0,145,2,0,2,147
10/29/2006,SYR,NY,AEA,EN,Combined TRACON& Tower with Radar,46,89,8,0,143,0,1,0,0,1,46,90,8,0,144,0,0,0,144
10/30/2006,SYR,NY,AEA,EN,Combined TRACON& Tower with Radar,48,160,45,41,294,0,4,74,0,78,48,164,119,41,372,48,56,104,476
10/31/2006,SYR,NY,AEA,EN,Combined TRACON& Tower with Radar,60,127,31,43,261,0,4,45,0,49,60,131,76,43,310,34,66,100,410
11/01/2006,SYR,NY,AEA,EN,Combined TRACON& Tower with Radar,68,123,53,45,289,0,13,67,0,80,68,136,120,45,369,18,52,70,439
11/02/2006,SYR,NY,AEA,EN,Combined TRACON& Tower with Radar,61,140,51,38,290,0,3,78,0,81,61,143,129,38,371,50,50,100,471
11/03/2006,SYR,NY,AEA,EN,Combined TRACON& Tower with Radar,65,145,40,24,274,0,0,12,2,14,65,145,52,26,288,14,48,62,350
11/04/2006,SYR,NY,AEA,EN,Combined TRACON& Tower with Radar,64,117,65,8,254,0,0,43,0,43,64,117,108,8,297,48,16,64,361
11/05/2006,SYR,NY,AEA,EN,Combined TRACON& Tower with Radar,46,114,47,42,249,0,4,72,6,82,46,118,119,48,331,14,72,86,417
11/06/2006,SYR,NY,AEA,EN,Combined TRACON& Tower with Radar,46,129,39,33,247,0,6,71,1,78,46,135,110,34,325,4,38,42,367
11/07/2006,SYR,NY,AEA,EN,Combined TRACON& Tower with Radar,66,137,32,40,275,0,6,43,0,49,66,143,75,40,324,28,58,86,410
11/08/2006,SYR,NY,AEA,EN,Combined TRACON& Tower with Radar,60,116,57,0,233,0,2,10,0,12,60,118,67,0,245,4,0,4,249
11/09/2006,SYR,NY,AEA,EN,Combined TRACON& Tower with Radar,65,155,52,0,272,0,0,47,0,47,65,155,99,0,319,22,4,26,345
11/10/2006,SYR,NY,AEA,EN,Combined TRACON& Tower with Radar,64,128,45,0,237,0,10,52,0,62,64,138,97,0,299,62,0,62,361
11/11/2006,SYR,NY,AEA,EN,Combined TRACON& Tower with Radar,62,111,16,0,189,0,0,20,0,20,62,111,36,0,209,24,0,24,233
11/12/2006,SYR,NY,AEA,EN,Combined TRACON& Tower with Radar,46,94,24,0,164,0,0,0,0,0,46,94,24,0,164,0,0,0,164
11/13/2006,SYR,NY,AEA,EN,Combined TRACON& Tower with Radar,35,123,56,13,227,0,0,1,0,1,35,123,57,13,228,2,4,6,234
11/14/2006,SYR,NY,AEA,EN,Combined TRACON& Tower with Radar,60,129,28,23,240,0,0,0,0,0,60,129,28,23,240,0,0,0,240
11/15/2006,SYR,NY,AEA,EN,Combined TRACON& Tower with Radar,57,125,49,18,249,0,4,9,0,13,57,129,58,18,262,0,14,14,276
11/16/2006,SYR,NY,AEA,EN,Combined TRACON& Tower with Radar,66,122,39,0,227,0,2,12,0,14,66,124,51,0,241,4,0,4,245
11/17/2006,SYR,NY,AEA,EN,Combined TRACON& Tower with Radar,66,121,38,24,249,0,2,12,1,15,66,123,50,25,264,14,18,32,296
11/18/2006,SYR,NY,AEA,EN,Combined TRACON& Tower with Radar,59,94,12,12,177,0,8,6,2,16,59,102,18,14,193,34,4,38,231
11/19/2006,SYR,NY,AEA,EN,Combined TRACON& Tower with Radar,59,99,19,0,177,0,0,9,0,9,59,99,28,0,186,12,0,12,198
11/20/2006,SYR,NY,AEA,EN,Combined TRACON& Tower with Radar,47,122,32,17,218,0,4,8,3,15,47,126,40,20,233,18,24,42,275
11/21/2006,SYR,NY,AEA,EN,Combined TRACON& Tower with Radar,64,122,45,19,250,0,9,60,2,71,64,131,105,21,321,18,30,48,369
11/22/2006,SYR,NY,AEA,EN,Combined TRACON& Tower with Radar,61,141,43,38,283,0,11,135,0,146,61,152,178,38,429,70,50,120,549
11/23/2006,SYR,NY,AEA,EN,Combined TRACON& Tower with Radar,46,94,10,0,150,0,2,14,0,16,46,96,24,0,166,20,0,20,186
11/24/2006,SYR,NY,AEA,EN,Combined TRACON& Tower with Radar,75,66,22,0,163,0,0,84,0,84,75,66,106,0,247,32,0,32,279
11/25/2006,SYR,NY,AEA,EN,Combined TRACON& Tower with Radar,52,90,29,0,171,0,17,136,0,153,52,107,165,0,324,42,0,42,366
11/26/2006,SYR,NY,AEA,EN,Combined TRACON& Tower with Radar,42,106,47,0,195,0,0,53,0,53,42,106,100,0,248,36,0,36,284
11/27/2006,SYR,NY,AEA,EN,Combined TRACON& Tower with Radar,47,125,36,4,212,0,0,71,0,71,47,125,107,4,283,40,8,48,331
11/28/2006,SYR,NY,AEA,EN,Combined TRACON& Tower with Radar,58,149,42,11,260,0,4,51,0,55,58,153,93,11,315,72,24,96,411
11/29/2006,SYR,NY,AEA,EN,Combined TRACON& Tower with Radar,71,132,62,18,283,0,10,31,0,41,71,142,93,18,324,14,28,42,366
11/30/2006,SYR,NY,AEA,EN,Combined TRACON& Tower with Radar,75,139,47,0,261,0,8,15,0,23,75,147,62,0,284,20,0,20,304
12/01/2006,SYR,NY,AEA,EN,Combined TRACON& Tower with Radar,78,97,34,0,209,0,0,1,0,1,78,97,35,0,210,2,0,2,212
12/02/2006,SYR,NY,AEA,EN,Combined TRACON& Tower with Radar,56,97,5,17,175,0,0,4,0,4,56,97,9,17,179,4,18,22,201
12/03/2006,SYR,NY,AEA,EN,Combined TRACON& Tower with Radar,68,68,7,15,158,0,1,22,9,32,68,69,29,24,190,6,22,28,218
12/04/2006,SYR,NY,AEA,EN,Combined TRACON& Tower with Radar,58,129,50,0,237,0,0,14,0,14,58,129,64,0,251,16,0,16,267
12/05/2006,SYR,NY,AEA,EN,Combined TRACON& Tower with Radar,88,95,33,0,216,0,1,10,2,13,88,96,43,2,229,8,0,8,237
12/06/2006,SYR,NY,AEA,EN,Combined TRACON& Tower with Radar,90,100,30,19,239,0,0,19,0,19,90,100,49,19,258,14,18,32,290
12/07/2006,SYR,NY,AEA,EN,Combined TRACON& Tower with Radar,87,104,27,3,221,0,2,4,0,6,87,106,31,3,227,12,0,12,239
12/08/2006,SYR,NY,AEA,EN,Combined TRACON& Tower with Radar,75,140,34,1,250,0,0,0,0,0,75,140,34,1,250,0,0,0,250
12/09/2006,SYR,NY,AEA,EN,Combined TRACON& Tower with Radar,62,68,52,3,185,0,0,24,0,24,62,68,76,3,209,28,4,32,241
12/10/2006,SYR,NY,AEA,EN,Combined TRACON& Tower with Radar,67,66,29,0,162,0,0,81,0,81,67,66,110,0,243,28,0,28,271
12/11/2006,SYR,NY,AEA,EN,Combined TRACON& Tower with Radar,47,124,67,3,241,0,2,22,0,24,47,126,89,3,265,20,6,26,291
12/12/2006,SYR,NY,AEA,EN,Combined TRACON& Tower with Radar,59,132,67,4,262,0,1,61,0,62,59,133,128,4,324,28,8,36,360
12/13/2006,SYR,NY,AEA,EN,Combined TRACON& Tower with Radar,54,139,43,2,238,0,0,12,5,17,54,139,55,7,255,24,12,36,291
12/14/2006,SYR,NY,AEA,EN,Combined TRACON& Tower with Radar,65,144,38,4,251,0,8,71,2,81,65,152,109,6,332,66,4,70,402
12/15/2006,SYR,NY,AEA,EN,Combined TRACON& Tower with Radar,58,132,64,15,269,0,1,23,0,24,58,133,87,15,293,32,24,56,349
12/16/2006,SYR,NY,AEA,EN,Combined TRACON& Tower with Radar,78,73,24,0,175,0,0,28,0,28,78,73,52,0,203,2,0,2,205
12/17/2006,SYR,NY,AEA,EN,Combined TRACON& Tower with Radar,66,61,13,1,141,0,0,12,0,12,66,61,25,1,153,2,0,2,155
12/18/2006,SYR,NY,AEA,EN,Combined TRACON& Tower with Radar,49,119,45,2,215,0,0,13,0,13,49,119,58,2,228,0,0,0,228
12/19/2006,SYR,NY,AEA,EN,Combined TRACON& Tower with Radar,79,108,25,6,218,0,14,13,0,27,79,122,38,6,245,6,6,12,257
12/20/2006,SYR,NY,AEA,EN,Combined TRACON& Tower with Radar,87,106,38,13,244,0,2,58,0,60,87,108,96,13,304,44,24,68,372
12/21/2006,SYR,NY,AEA,EN,Combined TRACON& Tower with Radar,85,99,29,8,221,0,3,92,3,98,85,102,121,11,319,30,14,44,363
12/22/2006,SYR,NY,AEA,EN,Combined TRACON& Tower with Radar,79,107,22,0,208,0,0,4,0,4,79,107,26,0,212,0,0,0,212
12/23/2006,SYR,NY,AEA,EN,Combined TRACON& Tower with Radar,62,96,21,0,179,0,0,10,0,10,62,96,31,0,189,22,0,22,211
12/24/2006,SYR,NY,AEA,EN,Combined TRACON& Tower with Radar,46,78,3,0,127,0,0,1,0,1,46,78,4,0,128,0,0,0,128
12/25/2006,SYR,NY,AEA,EN,Combined TRACON& Tower with Radar,43,66,6,0,115,0,0,2,0,2,43,66,8,0,117,6,0,6,123
12/26/2006,SYR,NY,AEA,EN,Combined TRACON& Tower with Radar,72,95,10,0,177,0,0,0,0,0,72,95,10,0,177,0,0,0,177
12/27/2006,SYR,NY,AEA,EN,Combined TRACON& Tower with Radar,95,100,21,0,216,0,2,1,0,3,95,102,22,0,219,0,0,0,219
12/28/2006,SYR,NY,AEA,EN,Combined TRACON& Tower with Radar,102,80,28,0,210,0,11,37,0,48,102,91,65,0,258,46,6,52,310
12/29/2006,SYR,NY,AEA,EN,Combined TRACON& Tower with Radar,65,120,16,0,201,0,1,74,1,76,65,121,90,1,277,16,0,16,293
12/30/2006,SYR,NY,AEA,EN,Combined TRACON& Tower with Radar,55,95,12,0,162,0,0,5,0,5,55,95,17,0,167,4,0,4,171
12/31/2006,SYR,NY,AEA,EN,Combined TRACON& Tower with Radar,43,83,9,0,135,0,1,54,2,57,43,84,63,2,192,38,0,38,230
01/01/2007,SYR,NY,AEA,EN,Combined TRACON& Tower with Radar,35,38,9,0,82,0,3,0,0,3,35,41,9,0,85,0,0,0,85
01/02/2007,SYR,NY,AEA,EN,Combined TRACON& Tower with Radar,48,118,17,0,183,0,4,13,0,17,48,122,30,0,200,13,0,13,213
01/03/2007,SYR,NY,AEA,EN,Combined TRACON& Tower with Radar,60,117,23,7,207,9,4,46,0,59,69,121,69,7,266,6,0,6,272
01/04/2007,SYR,NY,AEA,EN,Combined TRACON& Tower with Radar,67,117,18,4,206,0,0,66,5,71,67,117,84,9,277,18,17,35,312
01/05/2007,SYR,NY,AEA,EN,Combined TRACON& Tower with Radar,65,102,28,13,208,1,1,3,2,7,66,103,31,15,215,25,41,66,281
01/06/2007,SYR,NY,AEA,EN,Combined TRACON& Tower with Radar,51,102,11,0,164,0,0,4,0,4,51,102,15,0,168,0,0,0,168
01/07/2007,SYR,NY,AEA,EN,Combined TRACON& Tower with Radar,40,94,25,3,162,0,0,46,0,46,40,94,71,3,208,27,10,37,245
01/08/2007,SYR,NY,AEA,EN,Combined TRACON& Tower with Radar,49,114,13,0,176,0,0,4,0,4,49,114,17,0,180,10,0,10,190
01/09/2007,SYR,NY,AEA,EN,Combined TRACON& Tower with Radar,62,113,26,4,205,0,1,5,0,6,62,114,31,4,211,60,26,86,297
01/10/2007,SYR,NY,AEA,EN,Combined TRACON& Tower with Radar,63,122,17,1,203,0,0,0,0,0,63,122,17,1,203,0,0,0,203
01/11/2007,SYR,NY,AEA,EN,Combined TRACON& Tower with Radar,63,133,34,5,235,0,0,22,0,22,63,133,56,5,257,37,4,41,298
01/12/2007,SYR,NY,AEA,EN,Combined TRACON& Tower with Radar,72,139,34,5,250,0,0,9,1,10,72,139,43,6,260,2,0,2,262
01/13/2007,SYR,NY,AEA,EN,Combined TRACON& Tower with Radar,49,98,13,0,160,0,0,0,0,0,49,98,13,0,160,0,0,0,160
01/14/2007,SYR,NY,AEA,EN,Combined TRACON& Tower with Radar,35,75,10,1,121,0,0,2,0,2,35,75,12,1,123,0,0,0,123
01/15/2007,SYR,NY,AEA,EN,Combined TRACON& Tower with Radar,42,102,18,1,163,0,0,1,0,1,42,102,19,1,164,8,0,8,172
01/16/2007,SYR,NY,AEA,EN,Combined TRACON& Tower with Radar,63,121,29,0,213,0,0,0,0,0,63,121,29,0,213,0,0,0,213
01/17/2007,SYR,NY,AEA,EN,Combined TRACON& Tower with Radar,63,128,27,4,222,0,0,24,5,29,63,128,51,9,251,1,4,5,256
01/18/2007,SYR,NY,AEA,EN,Combined TRACON& Tower with Radar,59,124,27,3,213,0,1,29,3,33,59,125,56,6,246,0,0,0,246
01/19/2007,SYR,NY,AEA,EN,Combined TRACON& Tower with Radar,14,33,9,0,56,37,60,12,3,112,51,93,21,3,168,0,0,0,168
01/20/2007,SYR,NY,AEA,EN,Combined TRACON& Tower with Radar,50,90,6,2,148,0,0,0,0,0,50,90,6,2,148,0,0,0,148
01/21/2007,SYR,NY,AEA,EN,Combined TRACON& Tower with Radar,39,84,16,0,139,0,0,29,0,29,39,84,45,0,168,22,0,22,190
01/22/2007,SYR,NY,AEA,EN,Combined TRACON& Tower with Radar,43,122,26,2,193,0,0,8,0,8,43,122,34,2,201,0,0,0,201
01/23/2007,SYR,NY,AEA,EN,Combined TRACON& Tower with Radar,62,131,31,9,233,0,1,5,0,6,62,132,36,9,239,0,0,0,239
01/24/2007,SYR,NY,AEA,EN,Combined TRACON& Tower with Radar,61,126,28,4,219,0,0,8,2,10,61,126,36,6,229,3,0,3,232
01/25/2007,SYR,NY,AEA,EN,Combined TRACON& Tower with Radar,61,121,28,7,217,0,0,22,1,23,61,121,50,8,240,10,4,14,254
01/26/2007,SYR,NY,AEA,EN,Combined TRACON& Tower with Radar,57,112,20,0,189,0,3,7,0,10,57,115,27,0,199,0,0,0,199
01/27/2007,SYR,NY,AEA,EN,Combined TRACON& Tower with Radar,52,97,1,0,150,0,0,1,0,1,52,97,2,0,151,0,0,0,151
01/28/2007,SYR,NY,AEA,EN,Combined TRACON& Tower with Radar,38,92,7,0,137,0,0,8,0,8,38,92,15,0,145,0,0,0,145
01/29/2007,SYR,NY,AEA,EN,Combined TRACON& Tower with Radar,44,121,23,1,189,0,0,1,1,2,44,121,24,2,191,0,0,0,191
01/30/2007,SYR,NY,AEA,EN,Combined TRACON& Tower with Radar,58,115,22,0,195,0,0,10,0,10,58,115,32,0,205,0,0,0,205
01/31/2007,SYR,NY,AEA,EN,Combined TRACON& Tower with Radar,60,123,30,6,219,0,0,6,1,7,60,123,36,7,226,6,10,16,242
02/01/2007,SYR,NY,AEA,EN,Combined TRACON& Tower with Radar,57,129,16,8,210,0,5,23,1,29,57,134,39,9,239,12,2,14,253
02/02/2007,SYR,NY,AEA,EN,Combined TRACON& Tower with Radar,56,114,17,6,193,0,2,1,1,4,56,116,18,7,197,20,16,36,233
02/03/2007,SYR,NY,AEA,EN,Combined TRACON& Tower with Radar,51,96,14,0,161,5,6,13,0,24,56,102,27,0,185,18,0,18,203
02/04/2007,SYR,NY,AEA,EN,Combined TRACON& Tower with Radar,36,98,13,0,147,0,0,13,0,13,36,98,26,0,160,40,0,40,200
02/05/2007,SYR,NY,AEA,EN,Combined TRACON& Tower with Radar,43,115,15,1,174,0,0,1,0,1,43,115,16,1,175,0,0,0,175
02/06/2007,SYR,NY,AEA,EN,Combined TRACON& Tower with Radar,58,122,18,11,209,0,1,0,0,1,58,123,18,11,210,0,18,18,228
02/07/2007,SYR,NY,AEA,EN,Combined TRACON& Tower with Radar,56,113,29,2,200,0,1,4,0,5,56,114,33,2,205,0,0,0,205
02/08/2007,SYR,NY,AEA,EN,Combined TRACON& Tower with Radar,63,119,22,0,204,0,1,2,0,3,63,120,24,0,207,0,0,0,207
02/09/2007,SYR,NY,AEA,EN,Combined TRACON& Tower with Radar,59,123,23,0,205,0,0,0,0,0,59,123,23,0,205,0,0,0,205
02/10/2007,SYR,NY,AEA,EN,Combined TRACON& Tower with Radar,50,101,14,8,173,0,2,12,0,14,50,103,26,8,187,0,0,0,187
02/11/2007,SYR,NY,AEA,EN,Combined TRACON& Tower with Radar,39,97,9,15,160,0,0,44,6,50,39,97,53,21,210,53,58,111,321
02/12/2007,SYR,NY,AEA,EN,Combined TRACON& Tower with Radar,45,124,23,12,204,0,0,11,0,11,45,124,34,12,215,12,22,34,249
02/13/2007,SYR,NY,AEA,EN,Combined TRACON& Tower with Radar,57,96,25,13,191,6,8,23,5,42,63,104,48,18,233,23,36,59,292
02/14/2007,SYR,NY,AEA,EN,Combined TRACON& Tower with Radar,35,43,5,0,83,0,0,0,0,0,35,43,5,0,83,0,0,0,83
02/15/2007,SYR,NY,AEA,EN,Combined TRACON& Tower with Radar,51,86,18,0,155,0,1,0,0,1,51,87,18,0,156,0,0,0,156
02/16/2007,SYR,NY,AEA,EN,Combined TRACON& Tower with Radar,63,118,20,0,201,0,0,2,0,2,63,118,22,0,203,0,0,0,203
02/17/2007,SYR,NY,AEA,EN,Combined TRACON& Tower with Radar,56,93,10,0,159,0,0,30,0,30,56,93,40,0,189,13,8,21,210
02/18/2007,SYR,NY,AEA,EN,Combined TRACON& Tower with Radar,46,91,14,0,151,0,0,5,0,5,46,91,19,0,156,0,0,0,156
02/19/2007,SYR,NY,AEA,EN,Combined TRACON& Tower with Radar,51,119,13,0,183,0,1,14,3,18,51,120,27,3,201,86,16,102,303
02/20/2007,SYR,NY,AEA,EN,Combined TRACON& Tower with Radar,64,110,18,20,212,0,0,16,1,17,64,110,34,21,229,65,28,93,322
02/21/2007,SYR,NY,AEA,EN,Combined TRACON& Tower with Radar,62,123,28,22,235,0,1,27,2,30,62,124,55,24,265,14,21,35,300
02/22/2007,SYR,NY,AEA,EN,Combined TRACON& Tower with Radar,62,113,20,12,207,0,0,4,2,6,62,113,24,14,213,22,0,22,235
02/23/2007,SYR,NY,AEA,EN,Combined TRACON& Tower with Radar,63,121,17,0,201,0,1,7,0,8,63,122,24,0,209,47,0,47,256
02/24/2007,SYR,NY,AEA,EN,Combined TRACON& Tower with Radar,53,97,23,0,173,0,0,16,0,16,53,97,39,0,189,12,0,12,201
02/25/2007,SYR,NY,AEA,EN,Combined TRACON& Tower with Radar,42,73,20,0,135,0,0,44,0,44,42,73,64,0,179,31,0,31,210
02/26/2007,SYR,NY,AEA,EN,Combined TRACON& Tower with Radar,54,107,25,0,186,0,0,0,0,0,54,107,25,0,186,24,0,24,210
02/27/2007,SYR,NY,AEA,EN,Combined TRACON& Tower with Radar,67,120,22,11,220,0,0,0,0,0,67,120,22,11,220,34,0,34,254
02/28/2007,SYR,NY,AEA,EN,Combined TRACON& Tower with Radar,65,122,35,21,243,0,2,22,8,32,65,124,57,29,275,50,66,116,391
03/01/2007,SYR,NY,AEA,EN,Combined TRACON& Tower with Radar,62,108,29,15,214,0,0,19,3,22,62,108,48,18,236,30,30,60,296
03/02/2007,SYR,NY,AEA,EN,Combined TRACON& Tower with Radar,60,113,1,7,181,0,0,0,2,2,60,113,1,9,183,0,12,12,195
03/03/2007,SYR,NY,AEA,EN,Combined TRACON& Tower with Radar,56,92,13,6,167,0,0,19,2,21,56,92,32,8,188,0,25,25,213
03/04/2007,SYR,NY,AEA,EN,Combined TRACON& Tower with Radar,46,87,13,15,161,0,0,0,1,1,46,87,13,16,162,6,8,14,176
03/05/2007,SYR,NY,AEA,EN,Combined TRACON& Tower with Radar,51,109,19,0,179,0,0,0,0,0,51,109,19,0,179,0,0,0,179
03/06/2007,SYR,NY,AEA,EN,Combined TRACON& Tower with Radar,64,119,29,16,228,0,0,4,1,5,64,119,33,17,233,12,28,40,273
03/07/2007,SYR,NY,AEA,EN,Combined TRACON& Tower with Radar,67,115,34,18,234,0,1,23,3,27,67,116,57,21,261,78,86,164,425
03/08/2007,SYR,NY,AEA,EN,Combined TRACON& Tower with Radar,67,131,36,20,254,0,1,9,4,14,67,132,45,24,268,46,40,86,354
03/09/2007,SYR,NY,AEA,EN,Combined TRACON& Tower with Radar,64,123,38,1,226,0,0,49,1,50,64,123,87,2,276,24,4,28,304
03/10/2007,SYR,NY,AEA,EN,Combined TRACON& Tower with Radar,54,90,19,0,163,0,9,6,0,15,54,99,25,0,178,19,0,19,197
03/11/2007,SYR,NY,AEA,EN,Combined TRACON& Tower with Radar,49,87,24,0,160,0,0,16,0,16,49,87,40,0,176,0,0,0,176
03/12/2007,SYR,NY,AEA,EN,Combined TRACON& Tower with Radar,51,117,42,22,232,0,1,54,7,62,51,118,96,29,294,28,37,65,359
03/13/2007,SYR,NY,AEA,EN,Combined TRACON& Tower with Radar,61,125,36,17,239,0,0,52,1,53,61,125,88,18,292,42,32,74,366
03/14/2007,SYR,NY,AEA,EN,Combined TRACON& Tower with Radar,59,73,28,16,176,0,0,9,2,11,59,73,37,18,187,40,68,108,295
03/15/2007,SYR,NY,AEA,EN,Combined TRACON& Tower with Radar,72,153,29,0,254,0,4,18,12,34,72,157,47,12,288,6,12,18,306
03/16/2007,SYR,NY,AEA,EN,Combined TRACON& Tower with Radar,31,50,18,16,115,1,0,7,11,19,32,50,25,27,134,40,88,128,262
03/17/2007,SYR,NY,AEA,EN,Combined TRACON& Tower with Radar,48,63,12,3,126,0,0,0,1,1,48,63,12,4,127,0,0,0,127
03/18/2007,SYR,NY,AEA,EN,Combined TRACON& Tower with Radar,46,92,22,0,160,0,0,10,2,12,46,92,32,2,172,0,0,0,172
03/19/2007,SYR,NY,AEA,EN,Combined TRACON& Tower with Radar,49,113,32,18,212,0,0,9,8,17,49,113,41,26,229,6,36,42,271
03/20/2007,SYR,NY,AEA,EN,Combined TRACON& Tower with Radar,63,132,27,17,239,0,0,7,2,9,63,132,34,19,248,0,0,0,248
03/21/2007,SYR,NY,AEA,EN,Combined TRACON& Tower with Radar,64,112,32,15,223,0,1,46,7,54,64,113,78,22,277,26,38,64,341
03/22/2007,SYR,NY,AEA,EN,Combined TRACON& Tower with Radar,53,75,26,11,165,0,0,5,2,7,53,75,31,13,172,2,20,22,194
03/23/2007,SYR,NY,AEA,EN,Combined TRACON& Tower with Radar,63,113,32,1,209,0,1,54,0,55,63,114,86,1,264,80,42,122,386
03/24/2007,SYR,NY,AEA,EN,Combined TRACON& Tower with Radar,55,92,14,1,162,0,0,13,0,13,55,92,27,1,175,54,0,54,229
03/25/2007,SYR,NY,AEA,EN,Combined TRACON& Tower with Radar,45,84,22,0,151,0,0,5,0,5,45,84,27,0,156,18,0,18,174
03/26/2007,SYR,NY,AEA,EN,Combined TRACON& Tower with Radar,50,108,16,3,177,0,0,8,0,8,50,108,24,3,185,16,6,22,207
03/27/2007,SYR,NY,AEA,EN,Combined TRACON& Tower with Radar,69,128,31,23,251,0,0,2,0,2,69,128,33,23,253,13,8,21,274
03/28/2007,SYR,NY,AEA,EN,Combined TRACON& Tower with Radar,64,121,24,12,221,0,0,53,1,54,64,121,77,13,275,94,60,154,429
03/29/2007,SYR,NY,AEA,EN,Combined TRACON& Tower with Radar,64,119,38,14,235,0,0,66,2,68,64,119,104,16,303,50,54,104,407
03/30/2007,SYR,NY,AEA,EN,Combined TRACON& Tower with Radar,53,107,27,9,196,0,2,52,3,57,53,109,79,12,253,60,86,146,399
03/31/2007,SYR,NY,AEA,EN,Combined TRACON& Tower with Radar,52,93,23,1,169,0,1,50,0,51,52,94,73,1,220,4,0,4,224
04/01/2007,SYR,NY,AEA,EN,Combined TRACON& Tower with Radar,44,80,23,1,148,0,0,2,0,2,44,80,25,1,150,11,0,11,161
04/02/2007,SYR,NY,AEA,EN,Combined TRACON& Tower with Radar,50,115,28,19,212,0,0,25,6,31,50,115,53,25,243,59,68,127,370
04/03/2007,SYR,NY,AEA,EN,Combined TRACON& Tower with Radar,61,133,25,15,234,0,0,43,4,47,61,133,68,19,281,59,71,130,411
04/04/2007,SYR,NY,AEA,EN,Combined TRACON& Tower with Radar,61,120,25,9,215,0,0,4,0,4,61,120,29,9,219,32,32,64,283
04/05/2007,SYR,NY,AEA,EN,Combined TRACON& Tower with Radar,67,128,57,19,271,0,0,2,0,2,67,128,59,19,273,38,38,76,349
04/06/2007,SYR,NY,AEA,EN,Combined TRACON& Tower with Radar,63,123,34,0,220,0,0,4,0,4,63,123,38,0,224,32,0,32,256
04/07/2007,SYR,NY,AEA,EN,Combined TRACON& Tower with Radar,51,95,17,0,163,0,0,13,0,13,51,95,30,0,176,2,4,6,182
04/08/2007,SYR,NY,AEA,EN,Combined TRACON& Tower with Radar,45,93,3,0,141,0,0,0,0,0,45,93,3,0,141,6,0,6,147
04/09/2007,SYR,NY,AEA,EN,Combined TRACON& Tower with Radar,48,117,23,20,208,0,1,9,0,10,48,118,32,20,218,29,52,81,299
04/10/2007,SYR,NY,AEA,EN,Combined TRACON& Tower with Radar,63,122,28,10,223,0,0,28,0,28,63,122,56,10,251,72,36,108,359
04/11/2007,SYR,NY,AEA,EN,Combined TRACON& Tower with Radar,61,117,16,15,209,0,0,61,0,61,61,117,77,15,270,41,72,113,383
04/12/2007,SYR,NY,AEA,EN,Combined TRACON& Tower with Radar,66,107,29,11,213,0,0,6,2,8,66,107,35,13,221,44,45,89,310
04/13/2007,SYR,NY,AEA,EN,Combined TRACON& Tower with Radar,63,129,13,9,214,0,0,5,0,5,63,129,18,9,219,25,32,57,276
04/14/2007,SYR,NY,AEA,EN,Combined TRACON& Tower with Radar,55,100,17,8,180,0,0,21,3,24,55,100,38,11,204,19,0,19,223
04/15/2007,SYR,NY,AEA,EN,Combined TRACON& Tower with Radar,48,69,11,0,128,0,0,2,0,2,48,69,13,0,130,0,0,0,130
04/16/2007,SYR,NY,AEA,EN,Combined TRACON& Tower with Radar,40,89,14,0,143,0,0,0,0,0,40,89,14,0,143,4,0,4,147
04/17/2007,SYR,NY,AEA,EN,Combined TRACON& Tower with Radar,71,121,25,20,237,0,0,3,1,4,71,121,28,21,241,46,54,100,341
04/18/2007,SYR,NY,AEA,EN,Combined TRACON& Tower with Radar,66,122,22,16,226,0,2,31,15,48,66,124,53,31,274,24,45,69,343
04/19/2007,SYR,NY,AEA,EN,Combined TRACON& Tower with Radar,60,134,31,20,245,1,2,45,3,51,61,136,76,23,296,101,97,198,494
04/20/2007,SYR,NY,AEA,EN,Combined TRACON& Tower with Radar,61,124,46,5,236,0,2,62,3,67,61,126,108,8,303,124,26,150,453
04/21/2007,SYR,NY,AEA,EN,Combined TRACON& Tower with Radar,51,96,29,0,176,0,0,38,1,39,51,96,67,1,215,42,4,46,261
04/22/2007,SYR,NY,AEA,EN,Combined TRACON& Tower with Radar,43,87,27,0,157,0,0,58,0,58,43,87,85,0,215,127,0,127,342
04/23/2007,SYR,NY,AEA,EN,Combined TRACON& Tower with Radar,51,115,30,7,203,0,0,33,5,38,51,115,63,12,241,75,20,95,336
04/24/2007,SYR,NY,AEA,EN,Combined TRACON& Tower with Radar,66,125,44,3,238,0,3,40,3,46,66,128,84,6,284,63,16,79,363
04/25/2007,SYR,NY,AEA,EN,Combined TRACON& Tower with Radar,61,119,15,5,200,0,0,16,0,16,61,119,31,5,216,100,16,116,332
04/26/2007,SYR,NY,AEA,EN,Combined TRACON& Tower with Radar,59,124,29,8,220,0,0,33,0,33,59,124,62,8,253,48,26,74,327
04/27/2007,SYR,NY,AEA,EN,Combined TRACON& Tower with Radar,66,123,20,3,212,0,0,3,1,4,66,123,23,4,216,12,13,25,241
04/28/2007,SYR,NY,AEA,EN,Combined TRACON& Tower with Radar,55,93,25,1,174,0,1,4,0,5,55,94,29,1,179,26,2,28,207
04/29/2007,SYR,NY,AEA,EN,Combined TRACON& Tower with Radar,43,92,27,0,162,0,0,24,0,24,43,92,51,0,186,51,0,51,237
04/30/2007,SYR,NY,AEA,EN,Combined TRACON& Tower with Radar,50,115,25,4,194,0,0,22,0,22,50,115,47,4,216,31,2,33,249
05/01/2007,SYR,NY,AEA,EN,Combined TRACON& Tower with Radar,65,122,41,6,234,0,0,31,1,32,65,122,72,7,266,33,4,37,303
05/02/2007,SYR,NY,AEA,EN,Combined TRACON& Tower with Radar,71,115,45,10,241,0,0,30,3,33,71,115,75,13,274,6,14,20,294
05/03/2007,SYR,NY,AEA,EN,Combined TRACON& Tower with Radar,61,126,37,5,229,0,2,44,5,51,61,128,81,10,280,51,51,102,382
05/04/2007,SYR,NY,AEA,EN,Combined TRACON& Tower with Radar,64,124,26,1,215,0,1,79,6,86,64,125,105,7,301,89,20,109,410
05/05/2007,SYR,NY,AEA,EN,Combined TRACON& Tower with Radar,49,97,13,4,163,0,0,37,2,39,49,97,50,6,202,82,18,100,302
05/06/2007,SYR,NY,AEA,EN,Combined TRACON& Tower with Radar,48,93,11,31,183,0,0,62,5,67,48,93,73,36,250,62,62,124,374
05/07/2007,SYR,NY,AEA,EN,Combined TRACON& Tower with Radar,48,115,24,3,190,0,0,56,1,57,48,115,80,4,247,88,28,116,363
05/08/2007,SYR,NY,AEA,EN,Combined TRACON& Tower with Radar,69,122,35,7,233,0,1,54,3,58,69,123,89,10,291,86,46,132,423
05/09/2007,SYR,NY,AEA,EN,Combined TRACON& Tower with Radar,58,122,43,16,239,0,0,45,4,49,58,122,88,20,288,77,44,121,409
05/10/2007,SYR,NY,AEA,EN,Combined TRACON& Tower with Radar,62,114,39,16,231,1,0,20,4,25,63,114,59,20,256,42,22,64,320
05/11/2007,SYR,NY,AEA,EN,Combined TRACON& Tower with Radar,59,145,46,0,250,0,0,43,6,49,59,145,89,6,299,18,0,18,317
05/12/2007,SYR,NY,AEA,EN,Combined TRACON& Tower with Radar,0,0,0,0,0,49,98,88,4,239,49,98,88,4,239,68,0,68,307
05/13/2007,SYR,NY,AEA,EN,Combined TRACON& Tower with Radar,40,107,21,2,170,0,0,34,2,36,40,107,55,4,206,32,2,34,240
05/14/2007,SYR,NY,AEA,EN,Combined TRACON& Tower with Radar,47,117,36,4,204,0,0,44,4,48,47,117,80,8,252,62,32,94,346
05/15/2007,SYR,NY,AEA,EN,Combined TRACON& Tower with Radar,61,119,27,17,224,0,1,22,4,27,61,120,49,21,251,72,28,100,351
05/16/2007,SYR,NY,AEA,EN,Combined TRACON& Tower with Radar,70,114,43,9,236,0,0,10,0,10,70,114,53,9,246,42,2,44,290
05/17/2007,SYR,NY,AEA,EN,Combined TRACON& Tower with Radar,66,143,35,20,264,0,0,38,1,39,66,143,73,21,303,46,47,93,396
05/18/2007,SYR,NY,AEA,EN,Combined TRACON& Tower with Radar,62,125,50,13,250,0,0,27,2,29,62,125,77,15,279,20,12,32,311
05/19/2007,SYR,NY,AEA,EN,Combined TRACON& Tower with Radar,51,104,25,8,188,1,0,23,1,25,52,104,48,9,213,65,5,70,283
05/20/2007,SYR,NY,AEA,EN,Combined TRACON& Tower with Radar,43,97,20,0,160,0,0,18,0,18,43,97,38,0,178,17,0,17,195
05/21/2007,SYR,NY,AEA,EN,Combined TRACON& Tower with Radar,49,119,27,12,207,0,0,40,3,43,49,119,67,15,250,85,48,133,383
05/22/2007,SYR,NY,AEA,EN,Combined TRACON& Tower with Radar,63,127,33,22,245,0,0,50,3,53,63,127,83,25,298,67,48,115,413
05/23/2007,SYR,NY,AEA,EN,Combined TRACON& Tower with Radar,64,122,33,14,233,0,4,49,7,60,64,126,82,21,293,69,52,121,414
05/24/2007,SYR,NY,AEA,EN,Combined TRACON& Tower with Radar,63,125,44,13,245,0,0,49,3,52,63,125,93,16,297,61,56,117,414
05/25/2007,SYR,NY,AEA,EN,Combined TRACON& Tower with Radar,61,129,30,2,222,1,0,36,2,39,62,129,66,4,261,51,28,79,340
05/26/2007,SYR,NY,AEA,EN,Combined TRACON& Tower with Radar,52,91,17,0,160,0,0,29,0,29,52,91,46,0,189,21,0,21,210
05/27/2007,SYR,NY,AEA,EN,Combined TRACON& Tower with Radar,38,75,7,0,120,0,1,10,0,11,38,76,17,0,131,6,0,6,137
05/28/2007,SYR,NY,AEA,EN,Combined TRACON& Tower with Radar,48,98,17,3,166,0,0,22,5,27,48,98,39,8,193,15,18,33,226
05/29/2007,SYR,NY,AEA,EN,Combined TRACON& Tower with Radar,47,123,32,14,216,0,0,53,7,60,47,123,85,21,276,79,58,137,413
05/30/2007,SYR,NY,AEA,EN,Combined TRACON& Tower with Radar,63,116,40,7,226,0,3,60,9,72,63,119,100,16,298,64,52,116,414
05/31/2007,SYR,NY,AEA,EN,Combined TRACON& Tower with Radar,69,124,31,16,240,0,0,29,7,36,69,124,60,23,276,58,58,116,392
06/01/2007,SYR,NY,AEA,EN,Combined TRACON& Tower with Radar,61,115,28,11,215,0,1,27,2,30,61,116,55,13,245,27,0,27,272
06/02/2007,SYR,NY,AEA,EN,Combined TRACON& Tower with Radar,51,92,23,10,176,0,0,22,2,24,51,92,45,12,200,62,29,91,291
06/03/2007,SYR,NY,AEA,EN,Combined TRACON& Tower with Radar,42,89,18,8,157,0,1,15,5,21,42,90,33,13,178,8,4,12,190
06/04/2007,SYR,NY,AEA,EN,Combined TRACON& Tower with Radar,35,72,26,18,151,0,0,7,0,7,35,72,33,18,158,0,0,0,158
06/05/2007,SYR,NY,AEA,EN,Combined TRACON& Tower with Radar,67,114,44,12,237,0,0,13,1,14,67,114,57,13,251,52,64,116,367
06/06/2007,SYR,NY,AEA,EN,Combined TRACON& Tower with Radar,72,141,39,15,267,0,0,51,3,54,72,141,90,18,321,65,52,117,438
06/07/2007,SYR,NY,AEA,EN,Combined TRACON& Tower with Radar,65,124,35,13,237,0,2,45,7,54,65,126,80,20,291,40,51,91,382
06/08/2007,SYR,NY,AEA,EN,Combined TRACON& Tower with Radar,73,104,32,1,210,0,0,16,0,16,73,104,48,1,226,56,42,98,324
06/09/2007,SYR,NY,AEA,EN,Combined TRACON& Tower with Radar,56,92,27,0,175,0,3,34,0,37,56,95,61,0,212,76,0,76,288
06/10/2007,SYR,NY,AEA,EN,Combined TRACON& Tower with Radar,45,95,33,1,174,0,1,46,68,115,45,96,79,69,289,94,9,103,392
06/11/2007,SYR,NY,AEA,EN,Combined TRACON& Tower with Radar,52,106,35,10,203,0,0,35,4,39,52,106,70,14,242,8,24,32,274
06/12/2007,SYR,NY,AEA,EN,Combined TRACON& Tower with Radar,75,99,33,10,217,0,1,45,7,53,75,100,78,17,270,42,34,76,346
06/13/2007,SYR,NY,AEA,EN,Combined TRACON& Tower with Radar,68,105,35,13,221,0,0,38,9,47,68,105,73,22,268,55,50,105,373
06/14/2007,SYR,NY,AEA,EN,Combined TRACON& Tower with Radar,71,119,46,14,250,0,0,58,7,65,71,119,104,21,315,58,52,110,425
06/15/2007,SYR,NY,AEA,EN,Combined TRACON& Tower with Radar,58,110,27,16,211,8,4,60,1,73,66,114,87,17,284,86,30,116,400
06/16/2007,SYR,NY,AEA,EN,Combined TRACON& Tower with Radar,57,86,21,1,165,0,0,37,0,37,57,86,58,1,202,91,0,91,293
06/17/2007,SYR,NY,AEA,EN,Combined TRACON& Tower with Radar,42,93,23,0,158,0,0,14,1,15,42,93,37,1,173,62,6,68,241
06/18/2007,SYR,NY,AEA,EN,Combined TRACON& Tower with Radar,48,118,22,17,205,0,1,45,4,50,48,119,67,21,255,43,44,87,342
06/19/2007,SYR,NY,AEA,EN,Combined TRACON& Tower with Radar,68,111,32,8,219,0,0,20,1,21,68,111,52,9,240,51,62,113,353
06/20/2007,SYR,NY,AEA,EN,Combined TRACON& Tower with Radar,94,154,62,26,336,0,0,33,0,33,94,154,95,26,369,25,24,49,418
06/21/2007,SYR,NY,AEA,EN,Combined TRACON& Tower with Radar,99,140,39,22,300,0,1,46,0,47,99,141,85,22,347,50,70,120,467
06/22/2007,SYR,NY,AEA,EN,Combined TRACON& Tower with Radar,93,147,53,5,298,0,0,44,4,48,93,147,97,9,346,43,0,43,389
06/23/2007,SYR,NY,AEA,EN,Combined TRACON& Tower with Radar,73,105,18,0,196,0,0,45,0,45,73,105,63,0,241,12,0,12,253
06/24/2007,SYR,NY,AEA,EN,Combined TRACON& Tower with Radar,46,93,34,0,173,0,1,53,0,54,46,94,87,0,227,39,0,39,266
06/25/2007,SYR,NY,AEA,EN,Combined TRACON& Tower with Radar,48,118,53,16,235,0,0,49,2,51,48,118,102,18,286,70,64,134,420
06/26/2007,SYR,NY,AEA,EN,Combined TRACON& Tower with Radar,66,122,30,9,227,0,0,38,2,40,66,122,68,11,267,56,60,116,383
06/27/2007,SYR,NY,AEA,EN,Combined TRACON& Tower with Radar,70,97,46,11,224,0,0,20,4,24,70,97,66,15,248,48,56,104,352
06/28/2007,SYR,NY,AEA,EN,Combined TRACON& Tower with Radar,72,106,31,13,222,0,0,30,2,32,72,106,61,15,254,68,44,112,366
06/29/2007,SYR,NY,AEA,EN,Combined TRACON& Tower with Radar,67,139,41,1,248,0,3,75,0,78,67,142,116,1,326,81,8,89,415
06/30/2007,SYR,NY,AEA,EN,Combined TRACON& Tower with Radar,53,94,14,0,161,0,0,36,0,36,53,94,50,0,197,6,0,6,203
07/01/2007,SYR,NY,AEA,EN,Combined TRACON& Tower with Radar,41,101,24,1,167,0,0,24,0,24,41,101,48,1,191,33,0,33,224
07/02/2007,SYR,NY,AEA,EN,Combined TRACON& Tower with Radar,50,110,29,15,204,0,0,36,2,38,50,110,65,17,242,46,18,64,306
07/03/2007,SYR,NY,AEA,EN,Combined TRACON& Tower with Radar,68,99,38,10,215,0,2,55,3,60,68,101,93,13,275,85,76,161,436
07/04/2007,SYR,NY,AEA,EN,Combined TRACON& Tower with Radar,50,74,5,0,129,0,0,11,0,11,50,74,16,0,140,40,0,40,180
07/05/2007,SYR,NY,AEA,EN,Combined TRACON& Tower with Radar,58,98,30,0,186,0,0,17,1,18,58,98,47,1,204,12,0,12,216
07/06/2007,SYR,NY,AEA,EN,Combined TRACON& Tower with Radar,64,101,38,0,203,0,0,31,0,31,64,101,69,0,234,46,0,46,280
07/07/2007,SYR,NY,AEA,EN,Combined TRACON& Tower with Radar,55,80,39,0,174,0,1,0,0,1,55,81,39,0,175,19,0,19,194
07/08/2007,SYR,NY,AEA,EN,Combined TRACON& Tower with Radar,40,94,30,2,166,0,0,15,1,16,40,94,45,3,182,56,0,56,238
07/09/2007,SYR,NY,AEA,EN,Combined TRACON& Tower with Radar,43,103,36,14,196,0,2,18,1,21,43,105,54,15,217,39,76,115,332
07/10/2007,SYR,NY,AEA,EN,Combined TRACON& Tower with Radar,64,106,33,17,220,0,0,15,0,15,64,106,48,17,235,42,46,88,323
07/11/2007,SYR,NY,AEA,EN,Combined TRACON& Tower with Radar,67,101,32,11,211,1,0,2,0,3,68,101,34,11,214,32,30,62,276
07/12/2007,SYR,NY,AEA,EN,Combined TRACON& Tower with Radar,65,127,85,18,295,0,1,62,2,65,65,128,147,20,360,114,79,193,553
07/13/2007,SYR,NY,AEA,EN,Combined TRACON& Tower with Radar,62,112,44,14,232,0,0,27,4,31,62,112,71,18,263,52,64,116,379
07/14/2007,SYR,NY,AEA,EN,Combined TRACON& Tower with Radar,54,89,12,0,155,0,0,28,0,28,54,89,40,0,183,19,0,19,202
07/15/2007,SYR,NY,AEA,EN,Combined TRACON& Tower with Radar,44,93,30,0,167,0,0,11,0,11,44,93,41,0,178,0,0,0,178
07/16/2007,SYR,NY,AEA,EN,Combined TRACON& Tower with Radar,51,113,35,12,211,0,1,60,1,62,51,114,95,13,273,27,16,43,316
07/17/2007,SYR,NY,AEA,EN,Combined TRACON& Tower with Radar,63,118,36,8,225,1,0,38,2,41,64,118,74,10,266,30,17,47,313
07/18/2007,SYR,NY,AEA,EN,Combined TRACON& Tower with Radar,65,118,39,12,234,0,0,20,2,22,65,118,59,14,256,0,0,0,256
07/19/2007,SYR,NY,AEA,EN,Combined TRACON& Tower with Radar,70,108,28,1,207,0,0,2,2,4,70,108,30,3,211,8,2,10,221
07/20/2007,SYR,NY,AEA,EN,Combined TRACON& Tower with Radar,62,116,44,1,223,0,1,7,0,8,62,117,51,1,231,13,0,13,244
07/21/2007,SYR,NY,AEA,EN,Combined TRACON& Tower with Radar,53,80,18,0,151,0,0,47,1,48,53,80,65,1,199,0,90,90,289
07/22/2007,SYR,NY,AEA,EN,Combined TRACON& Tower with Radar,42,89,17,1,149,0,0,56,1,57,42,89,73,2,206,52,0,52,258
07/23/2007,SYR,NY,AEA,EN,Combined TRACON& Tower with Radar,46,102,32,16,196,0,1,27,4,32,46,103,59,20,228,5,2,7,235
07/24/2007,SYR,NY,AEA,EN,Combined TRACON& Tower with Radar,67,120,40,17,244,0,0,28,0,28,67,120,68,17,272,38,38,76,348
07/25/2007,SYR,NY,AEA,EN,Combined TRACON& Tower with Radar,67,112,40,13,232,0,5,45,7,57,67,117,85,20,289,49,66,115,404
07/26/2007,SYR,NY,AEA,EN,Combined TRACON& Tower with Radar,64,122,39,12,237,0,1,35,7,43,64,123,74,19,280,56,64,120,400
07/27/2007,SYR,NY,AEA,EN,Combined TRACON& Tower with Radar,63,100,55,6,224,0,0,30,2,32,63,100,85,8,256,50,52,102,358
07/28/2007,SYR,NY,AEA,EN,Combined TRACON& Tower with Radar,55,99,18,0,172,0,1,19,1,21,55,100,37,1,193,90,0,90,283
07/29/2007,SYR,NY,AEA,EN,Combined TRACON& Tower with Radar,39,82,26,0,147,0,0,27,0,27,39,82,53,0,174,95,0,95,269
07/30/2007,SYR,NY,AEA,EN,Combined TRACON& Tower with Radar,44,105,37,14,200,0,0,44,1,45,44,105,81,15,245,47,47,94,339
07/31/2007,SYR,NY,AEA,EN,Combined TRACON& Tower with Radar,65,111,32,17,225,0,0,50,5,55,65,111,82,22,280,72,107,179,459
08/01/2007,SYR,NY,AEA,EN,Combined TRACON& Tower with Radar,65,113,41,17,236,0,0,39,4,43,65,113,80,21,279,52,20,72,351
08/02/2007,SYR,NY,AEA,EN,Combined TRACON& Tower with Radar,61,123,26,13,223,0,2,58,2,62,61,125,84,15,285,86,70,156,441
08/03/2007,SYR,NY,AEA,EN,Combined TRACON& Tower with Radar,66,104,41,3,214,0,1,25,1,27,66,105,66,4,241,38,38,76,317
08/04/2007,SYR,NY,AEA,EN,Combined TRACON& Tower with Radar,65,86,12,1,164,0,0,48,0,48,65,86,60,1,212,41,0,41,253
08/05/2007,SYR,NY,AEA,EN,Combined TRACON& Tower with Radar,40,94,28,1,163,0,0,52,0,52,40,94,80,1,215,22,0,22,237
08/06/2007,SYR,NY,AEA,EN,Combined TRACON& Tower with Radar,46,112,38,7,203,0,0,18,1,19,46,112,56,8,222,76,42,118,340
08/07/2007,SYR,NY,AEA,EN,Combined TRACON& Tower with Radar,63,112,27,20,222,0,0,27,0,27,63,112,54,20,249,42,72,114,363
08/08/2007,SYR,NY,AEA,EN,Combined TRACON& Tower with Radar,63,107,26,19,215,0,0,23,1,24,63,107,49,20,239,60,70,130,369
08/09/2007,SYR,NY,AEA,EN,Combined TRACON& Tower with Radar,62,100,43,5,210,0,1,60,0,61,62,101,103,5,271,72,50,122,393
08/10/2007,SYR,NY,AEA,EN,Combined TRACON& Tower with Radar,60,107,38,16,221,0,0,13,0,13,60,107,51,16,234,63,53,116,350
08/11/2007,SYR,NY,AEA,EN,Combined TRACON& Tower with Radar,56,88,20,5,169,0,0,41,3,44,56,88,61,8,213,83,10,93,306
08/12/2007,SYR,NY,AEA,EN,Combined TRACON& Tower with Radar,41,100,25,10,176,0,0,37,5,42,41,100,62,15,218,77,63,140,358
08/13/2007,SYR,NY,AEA,EN,Combined TRACON& Tower with Radar,48,107,24,15,194,0,0,38,1,39,48,107,62,16,233,26,26,52,285
08/14/2007,SYR,NY,AEA,EN,Combined TRACON& Tower with Radar,67,115,39,12,233,0,0,58,3,61,67,115,97,15,294,33,48,81,375
08/15/2007,SYR,NY,AEA,EN,Combined TRACON& Tower with Radar,63,104,42,10,219,0,0,28,1,29,63,104,70,11,248,27,24,51,299
08/16/2007,SYR,NY,AEA,EN,Combined TRACON& Tower with Radar,61,112,29,0,202,0,0,22,0,22,61,112,51,0,224,32,0,32,256
08/17/2007,SYR,NY,AEA,EN,Combined TRACON& Tower with Radar,67,105,33,2,207,0,2,32,1,35,67,107,65,3,242,20,0,20,262
08/18/2007,SYR,NY,AEA,EN,Combined TRACON& Tower with Radar,54,87,20,0,161,0,2,80,3,85,54,89,100,3,246,30,0,30,276
08/19/2007,SYR,NY,AEA,EN,Combined TRACON& Tower with Radar,37,92,30,0,159,0,0,44,0,44,37,92,74,0,203,21,0,21,224
08/20/2007,SYR,NY,AEA,EN,Combined TRACON& Tower with Radar,50,106,51,1,208,0,0,23,0,23,50,106,74,1,231,50,28,78,309
08/21/2007,SYR,NY,AEA,EN,Combined TRACON& Tower with Radar,68,102,44,3,217,0,0,18,0,18,68,102,62,3,235,56,48,104,339
08/22/2007,SYR,NY,AEA,EN,Combined TRACON& Tower with Radar,65,108,37,2,212,0,0,11,4,15,65,108,48,6,227,8,9,17,244
08/23/2007,SYR,NY,AEA,EN,Combined TRACON& Tower with Radar,60,107,24,2,193,0,0,18,0,18,60,107,42,2,211,34,28,62,273
08/24/2007,SYR,NY,AEA,EN,Combined TRACON& Tower with Radar,64,112,49,18,243,0,0,19,2,21,64,112,68,20,264,109,20,129,393
08/25/2007,SYR,NY,AEA,EN,Combined TRACON& Tower with Radar,58,89,20,6,173,0,0,29,0,29,58,89,49,6,202,221,6,227,429
08/26/2007,SYR,NY,AEA,EN,Combined TRACON& Tower with Radar,39,94,25,0,158,0,0,17,0,17,39,94,42,0,175,106,0,106,281
08/27/2007,SYR,NY,AEA,EN,Combined TRACON& Tower with Radar,48,108,48,17,221,0,0,47,1,48,48,108,95,18,269,26,12,38,307
08/28/2007,SYR,NY,AEA,EN,Combined TRACON& Tower with Radar,63,117,36,20,236,0,0,61,6,67,63,117,97,26,303,189,8,197,500
08/29/2007,SYR,NY,AEA,EN,Combined TRACON& Tower with Radar,68,110,34,15,227,0,0,54,3,57,68,110,88,18,284,166,36,202,486
08/30/2007,SYR,NY,AEA,EN,Combined TRACON& Tower with Radar,68,110,48,21,247,0,0,30,2,32,68,110,78,23,279,147,66,213,492
08/31/2007,SYR,NY,AEA,EN,Combined TRACON& Tower with Radar,64,127,54,4,249,0,0,47,0,47,64,127,101,4,296,80,0,80,376
09/01/2007,SYR,NY,AEA,EN,Combined TRACON& Tower with Radar,57,89,22,0,168,0,0,44,2,46,57,89,66,2,214,115,0,115,329
09/02/2007,SYR,NY,AEA,EN,Combined TRACON& Tower with Radar,39,76,18,2,135,0,0,46,0,46,39,76,64,2,181,161,0,161,342
09/03/2007,SYR,NY,AEA,EN,Combined TRACON& Tower with Radar,50,92,22,0,164,0,1,39,0,40,50,93,61,0,204,202,0,202,406
09/04/2007,SYR,NY,AEA,EN,Combined TRACON& Tower with Radar,49,115,29,9,202,0,0,36,4,40,49,115,65,13,242,65,20,85,327
09/05/2007,SYR,NY,AEA,EN,Combined TRACON& Tower with Radar,65,114,31,15,225,0,0,40,1,41,65,114,71,16,266,25,21,46,312
09/06/2007,SYR,NY,AEA,EN,Combined TRACON& Tower with Radar,54,122,36,13,225,0,0,38,3,41,54,122,74,16,266,50,54,104,370
09/07/2007,SYR,NY,AEA,EN,Combined TRACON& Tower with Radar,54,116,42,18,230,0,1,41,8,50,54,117,83,26,280,78,92,170,450
09/08/2007,SYR,NY,AEA,EN,Combined TRACON& Tower with Radar,45,79,7,0,131,0,0,12,0,12,45,79,19,0,143,52,0,52,195
09/09/2007,SYR,NY,AEA,EN,Combined TRACON& Tower with Radar,40,92,15,26,173,1,0,0,0,1,41,92,15,26,174,50,48,98,272
09/10/2007,SYR,NY,AEA,EN,Combined TRACON& Tower with Radar,36,111,34,19,200,0,0,26,1,27,36,111,60,20,227,12,8,20,247
09/11/2007,SYR,NY,AEA,EN,Combined TRACON& Tower with Radar,60,110,30,17,217,0,0,4,2,6,60,110,34,19,223,54,83,137,360
09/12/2007,SYR,NY,AEA,EN,Combined TRACON& Tower with Radar,54,121,42,11,228,0,0,16,2,18,54,121,58,13,246,74,58,132,378
09/13/2007,SYR,NY,AEA,EN,Combined TRACON& Tower with Radar,56,120,35,9,220,0,1,39,4,44,56,121,74,13,264,56,76,132,396
09/14/2007,SYR,NY,AEA,EN,Combined TRACON& Tower with Radar,55,123,41,0,219,0,0,27,0,27,55,123,68,0,246,88,0,88,334
09/15/2007,SYR,NY,AEA,EN,Combined TRACON& Tower with Radar,47,84,17,0,148,0,0,3,0,3,47,84,20,0,151,40,0,40,191
09/16/2007,SYR,NY,AEA,EN,Combined TRACON& Tower with Radar,34,95,39,0,168,0,1,52,0,53,34,96,91,0,221,98,0,98,319
09/17/2007,SYR,NY,AEA,EN,Combined TRACON& Tower with Radar,43,116,34,13,206,0,0,0,0,0,43,116,34,13,206,115,42,157,363
09/18/2007,SYR,NY,AEA,EN,Combined TRACON& Tower with Radar,57,129,40,21,247,0,0,59,4,63,57,129,99,25,310,91,56,147,457
09/19/2007,SYR,NY,AEA,EN,Combined TRACON& Tower with Radar,54,132,62,18,266,0,0,68,2,70,54,132,130,20,336,113,24,137,473
09/20/2007,SYR,NY,AEA,EN,Combined TRACON& Tower with Radar,65,131,34,24,254,0,1,48,2,51,65,132,82,26,305,111,24,135,440
09/21/2007,SYR,NY,AEA,EN,Combined TRACON& Tower with Radar,57,122,36,18,233,0,2,38,2,42,57,124,74,20,275,121,25,146,421
09/22/2007,SYR,NY,AEA,EN,Combined TRACON& Tower with Radar,47,83,14,6,150,0,2,20,2,24,47,85,34,8,174,47,0,47,221
09/23/2007,SYR,NY,AEA,EN,Combined TRACON& Tower with Radar,35,93,37,0,165,0,0,48,0,48,35,93,85,0,213,75,0,75,288
09/24/2007,SYR,NY,AEA,EN,Combined TRACON& Tower with Radar,39,119,32,12,202,0,1,58,6,65,39,120,90,18,267,130,66,196,463
09/25/2007,SYR,NY,AEA,EN,Combined TRACON& Tower with Radar,54,117,33,3,207,0,1,31,3,35,54,118,64,6,242,8,0,8,250
09/26/2007,SYR,NY,AEA,EN,Combined TRACON& Tower with Radar,54,125,38,2,219,0,2,22,0,24,54,127,60,2,243,0,0,0,243
09/27/2007,SYR,NY,AEA,EN,Combined TRACON& Tower with Radar,54,130,37,3,224,0,0,9,2,11,54,130,46,5,235,66,0,66,301
09/28/2007,SYR,NY,AEA,EN,Combined TRACON& Tower with Radar,53,131,46,7,237,0,1,8,1,10,53,132,54,8,247,66,0,66,313
09/29/2007,SYR,NY,AEA,EN,Combined TRACON& Tower with Radar,43,83,24,0,150,0,0,29,2,31,43,83,53,2,181,4,0,4,185
09/30/2007,SYR,NY,AEA,EN,Combined TRACON& Tower with Radar,39,95,29,2,165,0,0,50,0,50,39,95,79,2,215,56,0,56,271
10/01/2007,SYR,NY,AEA,EN,Combined TRACON& Tower with Radar,37,120,29,20,206,0,0,49,1,50,37,120,78,21,256,110,95,205,461
10/02/2007,SYR,NY,AEA,EN,Combined TRACON& Tower with Radar,52,126,45,8,231,2,0,19,1,22,54,126,64,9,253,62,69,131,384
10/03/2007,SYR,NY,AEA,EN,Combined TRACON& Tower with Radar,54,126,27,15,222,0,0,20,2,22,54,126,47,17,244,58,68,126,370
10/04/2007,SYR,NY,AEA,EN,Combined TRACON& Tower with Radar,55,136,36,11,238,0,2,47,2,51,55,138,83,13,289,64,90,154,443
10/05/2007,SYR,NY,AEA,EN,Combined TRACON& Tower with Radar,56,120,39,1,216,0,2,56,2,60,56,122,95,3,276,106,42,148,424
10/06/2007,SYR,NY,AEA,EN,Combined TRACON& Tower with Radar,46,85,35,0,166,0,0,27,0,27,46,85,62,0,193,10,0,10,203
10/07/2007,SYR,NY,AEA,EN,Combined TRACON& Tower with Radar,39,98,32,0,169,0,0,16,0,16,39,98,48,0,185,132,0,132,317
10/08/2007,SYR,NY,AEA,EN,Combined TRACON& Tower with Radar,39,119,36,2,196,1,0,12,0,13,40,119,48,2,209,4,0,4,213
10/09/2007,SYR,NY,AEA,EN,Combined TRACON& Tower with Radar,55,104,32,14,205,0,0,6,1,7,55,104,38,15,212,0,0,0,212
10/10/2007,SYR,NY,AEA,EN,Combined TRACON& Tower with Radar,63,124,35,6,228,1,0,24,3,28,64,124,59,9,256,0,0,0,256
10/11/2007,SYR,NY,AEA,EN,Combined TRACON& Tower with Radar,53,122,45,12,232,0,0,4,2,6,53,122,49,14,238,18,7,25,263
10/12/2007,SYR,NY,AEA,EN,Combined TRACON& Tower with Radar,56,130,41,1,228,0,0,11,0,11,56,130,52,1,239,74,84,158,397
10/13/2007,SYR,NY,AEA,EN,Combined TRACON& Tower with Radar,48,81,31,0,160,0,0,35,0,35,48,81,66,0,195,54,42,96,291
10/14/2007,SYR,NY,AEA,EN,Combined TRACON& Tower with Radar,39,91,35,2,167,0,0,28,0,28,39,91,63,2,195,64,0,64,259
10/15/2007,SYR,NY,AEA,EN,Combined TRACON& Tower with Radar,43,120,46,10,219,1,2,37,3,43,44,122,83,13,262,44,21,65,327
10/16/2007,SYR,NY,AEA,EN,Combined TRACON& Tower with Radar,54,121,56,14,245,2,2,58,0,62,56,123,114,14,307,0,0,0,307
10/17/2007,SYR,NY,AEA,EN,Combined TRACON& Tower with Radar,56,128,68,15,267,0,1,37,3,41,56,129,105,18,308,116,60,176,484
10/18/2007,SYR,NY,AEA,EN,Combined TRACON& Tower with Radar,55,127,60,9,251,0,0,29,1,30,55,127,89,10,281,72,64,136,417
10/19/2007,SYR,NY,AEA,EN,Combined TRACON& Tower with Radar,57,113,39,8,217,0,0,6,0,6,57,113,45,8,223,86,52,138,361
10/20/2007,SYR,NY,AEA,EN,Combined TRACON& Tower with Radar,51,85,26,9,171,0,1,22,0,23,51,86,48,9,194,94,48,142,336
10/21/2007,SYR,NY,AEA,EN,Combined TRACON& Tower with Radar,35,96,20,16,167,0,0,72,2,74,35,96,92,18,241,112,113,225,466
10/22/2007,SYR,NY,AEA,EN,Combined TRACON& Tower with Radar,38,117,42,12,209,0,5,60,0,65,38,122,102,12,274,28,28,56,330
10/23/2007,SYR,NY,AEA,EN,Combined TRACON& Tower with Radar,54,118,37,2,211,0,0,2,0,2,54,118,39,2,213,0,0,0,213
10/24/2007,SYR,NY,AEA,EN,Combined TRACON& Tower with Radar,54,118,43,16,231,0,1,36,1,38,54,119,79,17,269,22,42,64,333
10/25/2007,SYR,NY,AEA,EN,Combined TRACON& Tower with Radar,52,118,40,10,220,0,2,46,2,50,52,120,86,12,270,90,79,169,439
10/26/2007,SYR,NY,AEA,EN,Combined TRACON& Tower with Radar,54,128,27,1,210,0,0,17,0,17,54,128,44,1,227,78,56,134,361
10/27/2007,SYR,NY,AEA,EN,Combined TRACON& Tower with Radar,47,76,24,0,147,5,2,1,0,8,52,78,25,0,155,124,34,158,313
10/28/2007,SYR,NY,AEA,EN,Combined TRACON& Tower with Radar,35,100,16,0,151,1,2,18,4,25,36,102,34,4,176,30,0,30,206
10/29/2007,SYR,NY,AEA,EN,Combined TRACON& Tower with Radar,43,119,34,9,205,0,0,38,6,44,43,119,72,15,249,32,32,64,313
10/30/2007,SYR,NY,AEA,EN,Combined TRACON& Tower with Radar,58,120,43,18,239,0,3,53,4,60,58,123,96,22,299,66,84,150,449
10/31/2007,SYR,NY,AEA,EN,Combined TRACON& Tower with Radar,52,121,32,13,218,1,2,37,6,46,53,123,69,19,264,14,14,28,292
11/01/2007,SYR,NY,AEA,EN,Combined TRACON& Tower with Radar,60,141,52,12,265,1,1,17,3,22,61,142,69,15,287,64,74,138,425
11/02/2007,SYR,NY,AEA,EN,Combined TRACON& Tower with Radar,56,129,41,14,240,0,3,51,5,59,56,132,92,19,299,66,56,122,421
11/03/2007,SYR,NY,AEA,EN,Combined TRACON& Tower with Radar,52,84,39,8,183,0,4,45,1,50,52,88,84,9,233,124,52,176,409
11/04/2007,SYR,NY,AEA,EN,Combined TRACON& Tower with Radar,35,96,36,19,186,0,2,22,1,25,35,98,58,20,211,4,36,40,251
11/05/2007,SYR,NY,AEA,EN,Combined TRACON& Tower with Radar,38,120,33,8,199,0,0,27,2,29,38,120,60,10,228,87,46,133,361
11/06/2007,SYR,NY,AEA,EN,Combined TRACON& Tower with Radar,58,116,28,17,219,0,0,11,2,13,58,116,39,19,232,66,54,120,352
11/07/2007,SYR,NY,AEA,EN,Combined TRACON& Tower with Radar,63,133,20,18,234,1,1,13,0,15,64,134,33,18,249,70,70,140,389
11/08/2007,SYR,NY,AEA,EN,Combined TRACON& Tower with Radar,57,118,46,22,243,0,0,26,3,29,57,118,72,25,272,88,84,172,444
11/09/2007,SYR,NY,AEA,EN,Combined TRACON& Tower with Radar,62,125,41,14,242,0,0,27,0,27,62,125,68,14,269,18,16,34,303
11/10/2007,SYR,NY,AEA,EN,Combined TRACON& Tower with Radar,50,77,17,0,144,0,0,10,0,10,50,77,27,0,154,56,4,60,214
11/11/2007,SYR,NY,AEA,EN,Combined TRACON& Tower with Radar,36,104,32,0,172,0,0,47,2,49,36,104,79,2,221,44,0,44,265
11/12/2007,SYR,NY,AEA,EN,Combined TRACON& Tower with Radar,41,114,24,1,180,0,0,15,0,15,41,114,39,1,195,70,0,70,265
11/13/2007,SYR,NY,AEA,EN,Combined TRACON& Tower with Radar,60,122,44,13,239,0,3,33,11,47,60,125,77,24,286,0,0,0,286
11/14/2007,SYR,NY,AEA,EN,Combined TRACON& Tower with Radar,66,108,44,12,230,0,1,14,5,20,66,109,58,17,250,80,18,98,348
11/15/2007,SYR,NY,AEA,EN,Combined TRACON& Tower with Radar,63,122,36,9,230,0,0,1,0,1,63,122,37,9,231,42,28,70,301
11/16/2007,SYR,NY,AEA,EN,Combined TRACON& Tower with Radar,60,119,33,17,229,0,0,8,2,10,60,119,41,19,239,44,28,72,311
11/17/2007,SYR,NY,AEA,EN,Combined TRACON& Tower with Radar,51,79,22,0,152,0,2,5,1,8,51,81,27,1,160,106,56,162,322
11/18/2007,SYR,NY,AEA,EN,Combined TRACON& Tower with Radar,39,90,20,0,149,0,1,25,0,26,39,91,45,0,175,20,0,20,195
11/19/2007,SYR,NY,AEA,EN,Combined TRACON& Tower with Radar,45,104,25,14,188,0,1,35,3,39,45,105,60,17,227,26,42,68,295
11/20/2007,SYR,NY,AEA,EN,Combined TRACON& Tower with Radar,56,120,37,12,225,0,5,9,0,14,56,125,46,12,239,24,18,42,281
11/21/2007,SYR,NY,AEA,EN,Combined TRACON& Tower with Radar,59,126,31,22,238,0,0,7,0,7,59,126,38,22,245,0,0,0,245
11/22/2007,SYR,NY,AEA,EN,Combined TRACON& Tower with Radar,41,68,8,0,117,1,0,5,0,6,42,68,13,0,123,18,0,18,141
11/23/2007,SYR,NY,AEA,EN,Combined TRACON& Tower with Radar,39,70,10,0,119,0,3,8,0,11,39,73,18,0,130,0,0,0,130
11/24/2007,SYR,NY,AEA,EN,Combined TRACON& Tower with Radar,50,72,10,0,132,2,1,32,0,35,52,73,42,0,167,49,0,49,216
11/25/2007,SYR,NY,AEA,EN,Combined TRACON& Tower with Radar,39,99,34,0,172,0,0,31,0,31,39,99,65,0,203,90,0,90,293
11/26/2007,SYR,NY,AEA,EN,Combined TRACON& Tower with Radar,41,113,32,11,197,0,0,3,0,3,41,113,35,11,200,0,0,0,200
11/27/2007,SYR,NY,AEA,EN,Combined TRACON& Tower with Radar,57,128,25,8,218,0,0,7,1,8,57,128,32,9,226,26,20,46,272
11/28/2007,SYR,NY,AEA,EN,Combined TRACON& Tower with Radar,59,128,38,13,238,0,1,28,3,32,59,129,66,16,270,19,10,29,299
11/29/2007,SYR,NY,AEA,EN,Combined TRACON& Tower with Radar,66,126,30,16,238,1,0,15,1,17,67,126,45,17,255,63,58,121,376
11/30/2007,SYR,NY,AEA,EN,Combined TRACON& Tower with Radar,60,114,33,16,223,0,1,27,0,28,60,115,60,16,251,56,56,112,363
12/01/2007,SYR,NY,AEA,EN,Combined TRACON& Tower with Radar,50,83,13,0,146,0,1,20,1,22,50,84,33,1,168,90,0,90,258
12/02/2007,SYR,NY,AEA,EN,Combined TRACON& Tower with Radar,39,84,14,0,137,0,0,0,0,0,39,84,14,0,137,24,0,24,161
12/03/2007,SYR,NY,AEA,EN,Combined TRACON& Tower with Radar,41,116,26,0,183,0,0,0,0,0,41,116,26,0,183,0,0,0,183
12/04/2007,SYR,NY,AEA,EN,Combined TRACON& Tower with Radar,58,116,27,0,201,0,0,0,0,0,58,116,27,0,201,28,0,28,229
12/05/2007,SYR,NY,AEA,EN,Combined TRACON& Tower with Radar,58,105,30,9,202,1,0,2,1,4,59,105,32,10,206,0,0,0,206
12/06/2007,SYR,NY,AEA,EN,Combined TRACON& Tower with Radar,56,122,27,16,221,0,0,19,0,19,56,122,46,16,240,84,90,174,414
12/07/2007,SYR,NY,AEA,EN,Combined TRACON& Tower with Radar,59,113,24,0,196,0,0,11,0,11,59,113,35,0,207,6,0,6,213
12/08/2007,SYR,NY,AEA,EN,Combined TRACON& Tower with Radar,52,70,11,1,134,0,0,7,0,7,52,70,18,1,141,0,0,0,141
12/09/2007,SYR,NY,AEA,EN,Combined TRACON& Tower with Radar,35,85,12,0,132,0,0,10,2,12,35,85,22,2,144,0,0,0,144
12/10/2007,SYR,NY,AEA,EN,Combined TRACON& Tower with Radar,46,100,27,9,182,1,2,7,0,10,47,102,34,9,192,46,12,58,250
12/11/2007,SYR,NY,AEA,EN,Combined TRACON& Tower with Radar,61,100,29,10,200,0,0,3,0,3,61,100,32,10,203,44,40,84,287
12/12/2007,SYR,NY,AEA,EN,Combined TRACON& Tower with Radar,60,112,27,8,207,0,0,14,2,16,60,112,41,10,223,80,54,134,357
12/13/2007,SYR,NY,AEA,EN,Combined TRACON& Tower with Radar,57,94,22,9,182,0,0,0,0,0,57,94,22,9,182,13,9,22,204
12/14/2007,SYR,NY,AEA,EN,Combined TRACON& Tower with Radar,53,109,25,13,200,4,14,14,2,34,57,123,39,15,234,15,29,44,278
12/15/2007,SYR,NY,AEA,EN,Combined TRACON& Tower with Radar,58,70,13,5,146,0,1,33,1,35,58,71,46,6,181,0,0,0,181
12/16/2007,SYR,NY,AEA,EN,Combined TRACON& Tower with Radar,34,37,3,0,74,0,0,0,0,0,34,37,3,0,74,0,0,0,74
12/17/2007,SYR,NY,AEA,EN,Combined TRACON& Tower with Radar,53,89,19,9,170,0,1,1,0,2,53,90,20,9,172,54,0,54,226
12/18/2007,SYR,NY,AEA,EN,Combined TRACON& Tower with Radar,67,110,37,21,235,0,0,7,2,9,67,110,44,23,244,58,66,124,368
12/19/2007,SYR,NY,AEA,EN,Combined TRACON& Tower with Radar,67,101,28,18,214,0,0,5,0,5,67,101,33,18,219,0,0,0,219
12/20/2007,SYR,NY,AEA,EN,Combined TRACON& Tower with Radar,72,112,21,0,205,1,0,2,2,5,73,112,23,2,210,72,70,142,352
12/21/2007,SYR,NY,AEA,EN,Combined TRACON& Tower with Radar,67,109,34,2,212,0,0,17,2,19,67,109,51,4,231,43,0,43,274
12/22/2007,SYR,NY,AEA,EN,Combined TRACON& Tower with Radar,62,75,14,0,151,1,0,26,0,27,63,75,40,0,178,92,58,150,328
12/23/2007,SYR,NY,AEA,EN,Combined TRACON& Tower with Radar,43,67,7,0,117,0,0,1,0,1,43,67,8,0,118,10,0,10,128
12/24/2007,SYR,NY,AEA,EN,Combined TRACON& Tower with Radar,50,79,2,0,131,0,0,3,0,3,50,79,5,0,134,48,0,48,182
12/25/2007,SYR,NY,AEA,EN,Combined TRACON& Tower with Radar,44,50,3,0,97,0,0,4,0,4,44,50,7,0,101,0,0,0,101
12/26/2007,SYR,NY,AEA,EN,Combined TRACON& Tower with Radar,56,104,27,0,187,0,0,39,0,39,56,104,66,0,226,118,38,156,382
12/27/2007,SYR,NY,AEA,EN,Combined TRACON& Tower with Radar,66,99,11,1,177,0,0,4,0,4,66,99,15,1,181,8,0,8,189
12/28/2007,SYR,NY,AEA,EN,Combined TRACON& Tower with Radar,64,101,23,18,206,0,0,17,2,19,64,101,40,20,225,32,68,100,325
12/29/2007,SYR,NY,AEA,EN,Combined TRACON& Tower with Radar,55,70,7,0,132,0,0,9,0,9,55,70,16,0,141,0,0,0,141
12/30/2007,SYR,NY,AEA,EN,Combined TRACON& Tower with Radar,52,76,16,0,144,0,1,20,0,21,52,77,36,0,165,14,0,14,179
12/31/2007,SYR,NY,AEA,EN,Combined TRACON& Tower with Radar,52,72,11,0,135,0,1,3,0,4,52,73,14,0,139,0,0,0,139
01/01/2008,SYR,NY,AEA,EN,Combined TRACON& Tower with Radar,48,61,5,0,114,0,0,1,0,1,48,61,6,0,115,0,0,0,115
01/02/2008,SYR,NY,AEA,EN,Combined TRACON& Tower with Radar,58,93,13,17,181,0,0,4,2,6,58,93,17,19,187,0,0,0,187
01/03/2008,SYR,NY,AEA,EN,Combined TRACON& Tower with Radar,69,100,17,11,197,0,0,26,2,28,69,100,43,13,225,56,58,114,339
01/04/2008,SYR,NY,AEA,EN,Combined TRACON& Tower with Radar,66,107,27,17,217,0,1,24,5,30,66,108,51,22,247,62,65,127,374
01/05/2008,SYR,NY,AEA,EN,Combined TRACON& Tower with Radar,58,70,13,0,141,0,0,21,0,21,58,70,34,0,162,106,72,178,340
01/06/2008,SYR,NY,AEA,EN,Combined TRACON& Tower with Radar,45,83,17,0,145,0,0,11,0,11,45,83,28,0,156,81,10,91,247
01/07/2008,SYR,NY,AEA,EN,Combined TRACON& Tower with Radar,45,103,29,15,192,1,1,24,2,28,46,104,53,17,220,0,0,0,220
01/08/2008,SYR,NY,AEA,EN,Combined TRACON& Tower with Radar,60,109,25,13,207,1,0,49,9,59,61,109,74,22,266,24,28,52,318
01/09/2008,SYR,NY,AEA,EN,Combined TRACON& Tower with Radar,62,108,21,8,199,0,0,3,1,4,62,108,24,9,203,4,22,26,229
01/10/2008,SYR,NY,AEA,EN,Combined TRACON& Tower with Radar,57,119,29,21,226,0,0,36,5,41,57,119,65,26,267,58,90,148,415
01/11/2008,SYR,NY,AEA,EN,Combined TRACON& Tower with Radar,56,109,26,11,202,0,0,4,0,4,56,109,30,11,206,2,14,16,222
01/12/2008,SYR,NY,AEA,EN,Combined TRACON& Tower with Radar,55,78,21,10,164,0,0,28,0,28,55,78,49,10,192,78,74,152,344
01/13/2008,SYR,NY,AEA,EN,Combined TRACON& Tower with Radar,37,95,18,21,171,0,0,16,4,20,37,95,34,25,191,57,70,127,318
01/14/2008,SYR,NY,AEA,EN,Combined TRACON& Tower with Radar,45,101,32,1,179,0,0,0,0,0,45,101,32,1,179,3,0,3,182
01/15/2008,SYR,NY,AEA,EN,Combined TRACON& Tower with Radar,57,118,22,4,201,2,0,5,0,7,59,118,27,4,208,12,6,18,226
01/16/2008,SYR,NY,AEA,EN,Combined TRACON& Tower with Radar,58,118,38,12,226,0,0,30,2,32,58,118,68,14,258,10,0,10,268
01/17/2008,SYR,NY,AEA,EN,Combined TRACON& Tower with Radar,61,102,40,6,209,0,0,25,3,28,61,102,65,9,237,4,6,10,247
01/18/2008,SYR,NY,AEA,EN,Combined TRACON& Tower with Radar,58,128,17,1,204,0,0,10,2,12,58,128,27,3,216,60,58,118,334
01/19/2008,SYR,NY,AEA,EN,Combined TRACON& Tower with Radar,53,85,13,1,152,0,0,10,1,11,53,85,23,2,163,21,8,29,192
01/20/2008,SYR,NY,AEA,EN,Combined TRACON& Tower with Radar,35,86,10,0,131,0,0,4,2,6,35,86,14,2,137,0,0,0,137
01/21/2008,SYR,NY,AEA,EN,Combined TRACON& Tower with Radar,45,112,23,0,180,0,2,19,1,22,45,114,42,1,202,56,0,56,258
01/22/2008,SYR,NY,AEA,EN,Combined TRACON& Tower with Radar,54,103,31,4,192,0,0,13,2,15,54,103,44,6,207,54,32,86,293
01/23/2008,SYR,NY,AEA,EN,Combined TRACON& Tower with Radar,60,114,27,4,205,0,0,5,0,5,60,114,32,4,210,48,38,86,296
01/24/2008,SYR,NY,AEA,EN,Combined TRACON& Tower with Radar,55,123,27,4,209,1,1,7,0,9,56,124,34,4,218,0,12,12,230
01/25/2008,SYR,NY,AEA,EN,Combined TRACON& Tower with Radar,56,114,34,2,206,0,0,13,0,13,56,114,47,2,219,62,62,124,343
01/26/2008,SYR,NY,AEA,EN,Combined TRACON& Tower with Radar,46,85,15,0,146,0,0,5,0,5,46,85,20,0,151,22,6,28,179
01/27/2008,SYR,NY,AEA,EN,Combined TRACON& Tower with Radar,36,88,26,0,150,1,0,13,0,14,37,88,39,0,164,12,0,12,176
01/28/2008,SYR,NY,AEA,EN,Combined TRACON& Tower with Radar,43,107,45,4,199,0,0,21,0,21,43,107,66,4,220,92,58,150,370
01/29/2008,SYR,NY,AEA,EN,Combined TRACON& Tower with Radar,51,117,22,0,190,0,0,4,0,4,51,117,26,0,194,0,0,0,194
01/30/2008,SYR,NY,AEA,EN,Combined TRACON& Tower with Radar,54,108,23,0,185,0,0,1,0,1,54,108,24,0,186,0,0,0,186
01/31/2008,SYR,NY,AEA,EN,Combined TRACON& Tower with Radar,56,116,38,2,212,0,0,31,0,31,56,116,69,2,243,48,50,98,341
02/01/2008,SYR,NY,AEA,EN,Combined TRACON& Tower with Radar,53,68,13,2,136,0,0,0,0,0,53,68,13,2,136,2,0,2,138
02/02/2008,SYR,NY,AEA,EN,Combined TRACON& Tower with Radar,52,90,11,12,165,0,0,2,2,4,52,90,13,14,169,0,0,0,169
02/03/2008,SYR,NY,AEA,EN,Combined TRACON& Tower with Radar,31,87,20,18,156,1,0,10,2,13,32,87,30,20,169,0,0,0,169
02/04/2008,SYR,NY,AEA,EN,Combined TRACON& Tower with Radar,41,102,18,20,181,0,0,7,1,8,41,102,25,21,189,96,78,174,363
02/05/2008,SYR,NY,AEA,EN,Combined TRACON& Tower with Radar,54,95,26,0,175,0,0,0,0,0,54,95,26,0,175,58,54,112,287
02/06/2008,SYR,NY,AEA,EN,Combined TRACON& Tower with Radar,53,88,22,1,164,0,0,2,0,2,53,88,24,1,166,38,0,38,204
02/07/2008,SYR,NY,AEA,EN,Combined TRACON& Tower with Radar,60,106,28,14,208,0,0,1,1,2,60,106,29,15,210,50,62,112,322
02/08/2008,SYR,NY,AEA,EN,Combined TRACON& Tower with Radar,54,117,27,1,199,0,0,12,1,13,54,117,39,2,212,14,6,20,232
02/09/2008,SYR,NY,AEA,EN,Combined TRACON& Tower with Radar,57,79,9,0,145,0,0,8,0,8,57,79,17,0,153,68,68,136,289
02/10/2008,SYR,NY,AEA,EN,Combined TRACON& Tower with Radar,31,87,6,0,124,0,0,2,0,2,31,87,8,0,126,0,0,0,126
02/11/2008,SYR,NY,AEA,EN,Combined TRACON& Tower with Radar,46,112,39,24,221,0,0,3,2,5,46,112,42,26,226,8,8,16,242
02/12/2008,SYR,NY,AEA,EN,Combined TRACON& Tower with Radar,53,105,32,19,209,0,0,8,0,8,53,105,40,19,217,93,78,171,388
02/13/2008,SYR,NY,AEA,EN,Combined TRACON& Tower with Radar,55,88,23,0,166,0,0,0,0,0,55,88,23,0,166,0,0,0,166
02/14/2008,SYR,NY,AEA,EN,Combined TRACON& Tower with Radar,59,122,37,11,229,0,0,22,2,24,59,122,59,13,253,2,0,2,255
02/15/2008,SYR,NY,AEA,EN,Combined TRACON& Tower with Radar,53,122,28,21,224,0,0,1,0,1,53,122,29,21,225,78,84,162,387
02/16/2008,SYR,NY,AEA,EN,Combined TRACON& Tower with Radar,62,80,18,0,160,0,1,17,0,18,62,81,35,0,178,82,50,132,310
02/17/2008,SYR,NY,AEA,EN,Combined TRACON& Tower with Radar,32,85,19,0,136,1,2,12,0,15,33,87,31,0,151,86,46,132,283
02/18/2008,SYR,NY,AEA,EN,Combined TRACON& Tower with Radar,50,97,29,0,176,0,1,8,0,9,50,98,37,0,185,0,0,0,185
02/19/2008,SYR,NY,AEA,EN,Combined TRACON& Tower with Radar,61,117,29,16,223,0,0,13,2,15,61,117,42,18,238,0,0,0,238
02/20/2008,SYR,NY,AEA,EN,Combined TRACON& Tower with Radar,60,123,26,20,229,0,2,17,2,21,60,125,43,22,250,46,58,104,354
02/21/2008,SYR,NY,AEA,EN,Combined TRACON& Tower with Radar,57,111,25,11,204,0,0,18,4,22,57,111,43,15,226,72,76,148,374
02/22/2008,SYR,NY,AEA,EN,Combined TRACON& Tower with Radar,58,90,15,1,164,0,0,2,1,3,58,90,17,2,167,15,0,15,182
02/23/2008,SYR,NY,AEA,EN,Combined TRACON& Tower with Radar,60,68,9,0,137,0,0,8,0,8,60,68,17,0,145,94,36,130,275
02/24/2008,SYR,NY,AEA,EN,Combined TRACON& Tower with Radar,40,87,28,0,155,0,0,49,0,49,40,87,77,0,204,22,0,22,226
02/25/2008,SYR,NY,AEA,EN,Combined TRACON& Tower with Radar,45,109,36,25,215,0,1,40,3,44,45,110,76,28,259,30,29,59,318
02/26/2008,SYR,NY,AEA,EN,Combined TRACON& Tower with Radar,56,102,18,0,176,1,0,1,0,2,57,102,19,0,178,46,42,88,266
02/27/2008,SYR,NY,AEA,EN,Combined TRACON& Tower with Radar,62,113,16,3,194,1,0,3,0,4,63,113,19,3,198,0,0,0,198
02/28/2008,SYR,NY,AEA,EN,Combined TRACON& Tower with Radar,56,113,22,16,207,0,0,4,2,6,56,113,26,18,213,60,66,126,339
02/29/2008,SYR,NY,AEA,EN,Combined TRACON& Tower with Radar,55,107,31,9,202,0,0,12,7,19,55,107,43,16,221,0,24,24,245
03/01/2008,SYR,NY,AEA,EN,Combined TRACON& Tower with Radar,53,80,10,0,143,0,0,0,0,0,53,80,10,0,143,0,0,0,143
03/02/2008,SYR,NY,AEA,EN,Combined TRACON& Tower with Radar,44,82,13,0,139,0,0,27,2,29,44,82,40,2,168,0,0,0,168
03/03/2008,SYR,NY,AEA,EN,Combined TRACON& Tower with Radar,43,111,42,23,219,0,0,20,2,22,43,111,62,25,241,82,76,158,399
03/04/2008,SYR,NY,AEA,EN,Combined TRACON& Tower with Radar,65,105,11,4,185,0,0,8,0,8,65,105,19,4,193,62,64,126,319
03/05/2008,SYR,NY,AEA,EN,Combined TRACON& Tower with Radar,57,104,19,23,203,0,0,2,1,3,57,104,21,24,206,0,24,24,230
03/06/2008,SYR,NY,AEA,EN,Combined TRACON& Tower with Radar,62,123,35,12,232,0,0,58,3,61,62,123,93,15,293,62,76,138,431
03/07/2008,SYR,NY,AEA,EN,Combined TRACON& Tower with Radar,58,110,31,0,199,0,1,26,0,27,58,111,57,0,226,18,0,18,244
03/08/2008,SYR,NY,AEA,EN,Combined TRACON& Tower with Radar,57,54,5,0,116,0,0,0,0,0,57,54,5,0,116,0,0,0,116
03/09/2008,SYR,NY,AEA,EN,Combined TRACON& Tower with Radar,46,73,10,0,129,0,0,4,0,4,46,73,14,0,133,0,0,0,133
03/10/2008,SYR,NY,AEA,EN,Combined TRACON& Tower with Radar,50,108,24,19,201,0,0,37,2,39,50,108,61,21,240,0,0,0,240
03/11/2008,SYR,NY,AEA,EN,Combined TRACON& Tower with Radar,67,113,33,10,223,1,1,29,3,34,68,114,62,13,257,20,32,52,309
03/12/2008,SYR,NY,AEA,EN,Combined TRACON& Tower with Radar,68,108,26,0,202,0,0,4,1,5,68,108,30,1,207,60,62,122,329
03/13/2008,SYR,NY,AEA,EN,Combined TRACON& Tower with Radar,60,132,37,12,241,0,3,17,4,24,60,135,54,16,265,62,68,130,395
03/14/2008,SYR,NY,AEA,EN,Combined TRACON& Tower with Radar,59,109,31,13,212,0,2,17,3,22,59,111,48,16,234,28,36,64,298
03/15/2008,SYR,NY,AEA,EN,Combined TRACON& Tower with Radar,57,75,19,6,157,0,1,7,2,10,57,76,26,8,167,0,18,18,185
03/16/2008,SYR,NY,AEA,EN,Combined TRACON& Tower with Radar,40,80,14,21,155,0,0,11,1,12,40,80,25,22,167,0,14,14,181
03/17/2008,SYR,NY,AEA,EN,Combined TRACON& Tower with Radar,50,106,37,9,202,0,0,29,1,30,50,106,66,10,232,74,76,150,382
03/18/2008,SYR,NY,AEA,EN,Combined TRACON& Tower with Radar,63,109,31,17,220,0,0,13,4,17,63,109,44,21,237,70,60,130,367
03/19/2008,SYR,NY,AEA,EN,Combined TRACON& Tower with Radar,68,108,21,6,203,0,0,0,1,1,68,108,21,7,204,64,60,124,328
03/20/2008,SYR,NY,AEA,EN,Combined TRACON& Tower with Radar,63,114,27,12,216,0,0,1,1,2,63,114,28,13,218,4,12,16,234
03/21/2008,SYR,NY,AEA,EN,Combined TRACON& Tower with Radar,58,118,29,4,209,0,0,7,1,8,58,118,36,5,217,2,0,2,219
03/22/2008,SYR,NY,AEA,EN,Combined TRACON& Tower with Radar,59,70,29,0,158,0,0,41,0,41,59,70,70,0,199,12,0,12,211
03/23/2008,SYR,NY,AEA,EN,Combined TRACON& Tower with Radar,44,82,9,0,135,0,0,31,0,31,44,82,40,0,166,57,0,57,223
03/24/2008,SYR,NY,AEA,EN,Combined TRACON& Tower with Radar,47,112,38,12,209,0,0,26,1,27,47,112,64,13,236,12,28,40,276
03/25/2008,SYR,NY,AEA,EN,Combined TRACON& Tower with Radar,64,109,33,7,213,0,0,35,0,35,64,109,68,7,248,74,50,124,372
03/26/2008,SYR,NY,AEA,EN,Combined TRACON& Tower with Radar,64,114,19,10,207,0,0,18,2,20,64,114,37,12,227,0,0,0,227
03/27/2008,SYR,NY,AEA,EN,Combined TRACON& Tower with Radar,59,118,40,8,225,0,0,22,6,28,59,118,62,14,253,71,42,113,366
03/28/2008,SYR,NY,AEA,EN,Combined TRACON& Tower with Radar,64,118,17,0,199,0,0,0,0,0,64,118,17,0,199,42,34,76,275
03/29/2008,SYR,NY,AEA,EN,Combined TRACON& Tower with Radar,55,76,11,0,142,0,1,27,0,28,55,77,38,0,170,104,62,166,336
03/30/2008,SYR,NY,AEA,EN,Combined TRACON& Tower with Radar,38,84,18,0,140,0,0,39,0,39,38,84,57,0,179,72,54,126,305
03/31/2008,SYR,NY,AEA,EN,Combined TRACON& Tower with Radar,42,101,26,8,177,0,0,6,1,7,42,101,32,9,184,0,0,0,184
04/01/2008,SYR,NY,AEA,EN,Combined TRACON& Tower with Radar,56,116,23,6,201,1,0,1,0,2,57,116,24,6,203,8,16,24,227
04/02/2008,SYR,NY,AEA,EN,Combined TRACON& Tower with Radar,60,119,22,15,216,0,1,15,7,23,60,120,37,22,239,96,120,216,455
04/03/2008,SYR,NY,AEA,EN,Combined TRACON& Tower with Radar,60,120,29,9,218,0,2,44,9,55,60,122,73,18,273,118,74,192,465
04/04/2008,SYR,NY,AEA,EN,Combined TRACON& Tower with Radar,58,104,35,0,197,0,0,8,0,8,58,104,43,0,205,0,0,0,205
04/05/2008,SYR,NY,AEA,EN,Combined TRACON& Tower with Radar,49,86,22,0,157,0,0,16,0,16,49,86,38,0,173,138,52,190,363
04/06/2008,SYR,NY,AEA,EN,Combined TRACON& Tower with Radar,35,84,27,0,146,0,0,56,0,56,35,84,83,0,202,140,60,200,402
04/07/2008,SYR,NY,AEA,EN,Combined TRACON& Tower with Radar,49,113,32,14,208,0,0,24,4,28,49,113,56,18,236,10,52,62,298
04/08/2008,SYR,NY,AEA,EN,Combined TRACON& Tower with Radar,61,120,42,14,237,0,1,56,4,61,61,121,98,18,298,150,88,238,536
04/09/2008,SYR,NY,AEA,EN,Combined TRACON& Tower with Radar,61,114,24,14,213,0,2,18,5,25,61,116,42,19,238,82,86,168,406
04/10/2008,SYR,NY,AEA,EN,Combined TRACON& Tower with Radar,55,115,27,10,207,0,0,45,9,54,55,115,72,19,261,36,46,82,343
04/11/2008,SYR,NY,AEA,EN,Combined TRACON& Tower with Radar,58,115,38,10,221,0,0,5,2,7,58,115,43,12,228,74,66,140,368
04/12/2008,SYR,NY,AEA,EN,Combined TRACON& Tower with Radar,62,75,13,0,150,0,0,11,0,11,62,75,24,0,161,0,0,0,161
04/13/2008,SYR,NY,AEA,EN,Combined TRACON& Tower with Radar,40,84,12,20,156,0,0,10,3,13,40,84,22,23,169,16,31,47,216
04/14/2008,SYR,NY,AEA,EN,Combined TRACON& Tower with Radar,46,116,32,17,211,0,0,27,2,29,46,116,59,19,240,42,26,68,308
04/15/2008,SYR,NY,AEA,EN,Combined TRACON& Tower with Radar,63,116,34,12,225,0,1,50,2,53,63,117,84,14,278,86,108,194,472
04/16/2008,SYR,NY,AEA,EN,Combined TRACON& Tower with Radar,61,111,22,18,212,0,4,51,1,56,61,115,73,19,268,119,63,182,450
04/17/2008,SYR,NY,AEA,EN,Combined TRACON& Tower with Radar,67,120,36,23,246,0,0,52,3,55,67,120,88,26,301,20,54,74,375
04/18/2008,SYR,NY,AEA,EN,Combined TRACON& Tower with Radar,57,116,37,9,219,1,2,55,3,61,58,118,92,12,280,161,58,219,499
04/19/2008,SYR,NY,AEA,EN,Combined TRACON& Tower with Radar,63,80,17,0,160,0,0,34,0,34,63,80,51,0,194,32,12,44,238
04/20/2008,SYR,NY,AEA,EN,Combined TRACON& Tower with Radar,42,85,21,0,148,0,1,22,0,23,42,86,43,0,171,14,0,14,185
04/21/2008,SYR,NY,AEA,EN,Combined TRACON& Tower with Radar,49,113,27,17,206,0,2,24,4,30,49,115,51,21,236,86,98,184,420
04/22/2008,SYR,NY,AEA,EN,Combined TRACON& Tower with Radar,64,119,23,11,217,0,0,26,5,31,64,119,49,16,248,84,96,180,428
04/23/2008,SYR,NY,AEA,EN,Combined TRACON& Tower with Radar,62,109,31,15,217,0,0,24,5,29,62,109,55,20,246,57,34,91,337
04/24/2008,SYR,NY,AEA,EN,Combined TRACON& Tower with Radar,70,113,36,18,237,0,1,74,3,78,70,114,110,21,315,82,106,188,503
04/25/2008,SYR,NY,AEA,EN,Combined TRACON& Tower with Radar,57,104,34,11,206,0,0,43,5,48,57,104,77,16,254,5,4,9,263
04/26/2008,SYR,NY,AEA,EN,Combined TRACON& Tower with Radar,59,77,8,0,144,0,0,12,0,12,59,77,20,0,156,8,0,8,164
04/27/2008,SYR,NY,AEA,EN,Combined TRACON& Tower with Radar,38,84,17,0,139,0,1,35,0,36,38,85,52,0,175,14,0,14,189
04/28/2008,SYR,NY,AEA,EN,Combined TRACON& Tower with Radar,43,117,52,13,225,0,0,2,1,3,43,117,54,14,228,0,0,0,228
04/29/2008,SYR,NY,AEA,EN,Combined TRACON& Tower with Radar,65,113,28,22,228,0,0,13,1,14,65,113,41,23,242,64,100,164,406
04/30/2008,SYR,NY,AEA,EN,Combined TRACON& Tower with Radar,61,106,32,14,213,0,0,33,4,37,61,106,65,18,250,0,0,0,250
05/01/2008,SYR,NY,AEA,EN,Combined TRACON& Tower with Radar,68,107,41,13,229,0,0,46,4,50,68,107,87,17,279,92,106,198,477
05/02/2008,SYR,NY,AEA,EN,Combined TRACON& Tower with Radar,62,104,48,21,235,1,2,7,4,14,63,106,55,25,249,0,0,0,249
05/03/2008,SYR,NY,AEA,EN,Combined TRACON& Tower with Radar,64,75,11,13,163,0,0,6,3,9,64,75,17,16,172,0,22,22,194
05/04/2008,SYR,NY,AEA,EN,Combined TRACON& Tower with Radar,45,71,12,12,140,0,0,13,2,15,45,71,25,14,155,16,12,28,183
05/05/2008,SYR,NY,AEA,EN,Combined TRACON& Tower with Radar,54,94,32,6,186,0,1,40,0,41,54,95,72,6,227,30,16,46,273
05/06/2008,SYR,NY,AEA,EN,Combined TRACON& Tower with Radar,71,108,42,30,251,0,0,37,2,39,71,108,79,32,290,22,12,34,324
05/07/2008,SYR,NY,AEA,EN,Combined TRACON& Tower with Radar,65,103,31,30,229,0,1,24,5,30,65,104,55,35,259,26,22,48,307
05/08/2008,SYR,NY,AEA,EN,Combined TRACON& Tower with Radar,69,100,41,20,230,0,0,20,1,21,69,100,61,21,251,104,90,194,445
05/09/2008,SYR,NY,AEA,EN,Combined TRACON& Tower with Radar,69,99,31,11,210,0,1,31,4,36,69,100,62,15,246,38,18,56,302
05/10/2008,SYR,NY,AEA,EN,Combined TRACON& Tower with Radar,62,84,26,4,176,0,0,34,2,36,62,84,60,6,212,14,8,22,234
05/11/2008,SYR,NY,AEA,EN,Combined TRACON& Tower with Radar,45,81,25,5,156,0,0,44,0,44,45,81,69,5,200,58,0,58,258
05/12/2008,SYR,NY,AEA,EN,Combined TRACON& Tower with Radar,53,92,32,14,191,0,0,27,5,32,53,92,59,19,223,22,18,40,263
05/13/2008,SYR,NY,AEA,EN,Combined TRACON& Tower with Radar,69,104,38,10,221,0,0,63,4,67,69,104,101,14,288,106,98,204,492
05/14/2008,SYR,NY,AEA,EN,Combined TRACON& Tower with Radar,65,101,33,18,217,0,0,37,3,40,65,101,70,21,257,26,62,88,345
05/15/2008,SYR,NY,AEA,EN,Combined TRACON& Tower with Radar,75,107,27,20,229,0,0,15,4,19,75,107,42,24,248,88,92,180,428
05/16/2008,SYR,NY,AEA,EN,Combined TRACON& Tower with Radar,66,99,53,11,229,0,0,17,3,20,66,99,70,14,249,0,0,0,249
05/17/2008,SYR,NY,AEA,EN,Combined TRACON& Tower with Radar,65,69,20,0,154,0,0,23,0,23,65,69,43,0,177,0,0,0,177
05/18/2008,SYR,NY,AEA,EN,Combined TRACON& Tower with Radar,45,73,21,0,139,0,0,8,0,8,45,73,29,0,147,16,0,16,163
05/19/2008,SYR,NY,AEA,EN,Combined TRACON& Tower with Radar,51,96,40,13,200,0,0,6,0,6,51,96,46,13,206,4,14,18,224
05/20/2008,SYR,NY,AEA,EN,Combined TRACON& Tower with Radar,69,101,36,20,226,0,0,26,4,30,69,101,62,24,256,0,0,0,256
05/21/2008,SYR,NY,AEA,EN,Combined TRACON& Tower with Radar,67,104,30,26,227,0,0,18,0,18,67,104,48,26,245,0,0,0,245
05/22/2008,SYR,NY,AEA,EN,Combined TRACON& Tower with Radar,70,96,33,12,211,0,0,2,1,3,70,96,35,13,214,66,74,140,354
05/23/2008,SYR,NY,AEA,EN,Combined TRACON& Tower with Radar,71,111,75,0,257,0,1,27,2,30,71,112,102,2,287,62,66,128,415
05/24/2008,SYR,NY,AEA,EN,Combined TRACON& Tower with Radar,61,75,18,0,154,0,0,38,0,38,61,75,56,0,192,19,0,19,211
05/25/2008,SYR,NY,AEA,EN,Combined TRACON& Tower with Radar,43,73,13,0,129,0,0,37,0,37,43,73,50,0,166,120,14,134,300
05/26/2008,SYR,NY,AEA,EN,Combined TRACON& Tower with Radar,48,77,24,2,151,0,1,33,2,36,48,78,57,4,187,112,98,210,397
05/27/2008,SYR,NY,AEA,EN,Combined TRACON& Tower with Radar,63,88,37,16,204,0,0,22,1,23,63,88,59,17,227,32,28,60,287
05/28/2008,SYR,NY,AEA,EN,Combined TRACON& Tower with Radar,75,105,49,17,246,0,0,48,5,53,75,105,97,22,299,76,96,172,471
05/29/2008,SYR,NY,AEA,EN,Combined TRACON& Tower with Radar,68,112,40,14,234,1,1,33,9,44,69,113,73,23,278,78,106,184,462
05/30/2008,SYR,NY,AEA,EN,Combined TRACON& Tower with Radar,67,94,53,1,215,0,3,48,2,53,67,97,101,3,268,24,0,24,292
05/31/2008,SYR,NY,AEA,EN,Combined TRACON& Tower with Radar,66,68,3,1,138,0,1,4,0,5,66,69,7,1,143,74,78,152,295
06/01/2008,SYR,NY,AEA,EN,Combined TRACON& Tower with Radar,52,82,12,2,148,0,0,10,0,10,52,82,22,2,158,0,0,0,158
06/02/2008,SYR,NY,AEA,EN,Combined TRACON& Tower with Radar,54,92,22,14,182,0,0,50,4,54,54,92,72,18,236,102,76,178,414
06/03/2008,SYR,NY,AEA,EN,Combined TRACON& Tower with Radar,63,108,32,15,218,0,0,29,3,32,63,108,61,18,250,6,28,34,284
06/04/2008,SYR,NY,AEA,EN,Combined TRACON& Tower with Radar,68,98,35,30,231,0,0,20,2,22,68,98,55,32,253,80,110,190,443
06/05/2008,SYR,NY,AEA,EN,Combined TRACON& Tower with Radar,67,108,44,13,232,0,1,28,4,33,67,109,72,17,265,0,0,0,265
06/06/2008,SYR,NY,AEA,EN,Combined TRACON& Tower with Radar,61,95,50,9,215,0,0,32,2,34,61,95,82,11,249,25,8,33,282
06/07/2008,SYR,NY,AEA,EN,Combined TRACON& Tower with Radar,58,75,14,9,156,0,1,29,1,31,58,76,43,10,187,40,2,42,229
06/08/2008,SYR,NY,AEA,EN,Combined TRACON& Tower with Radar,52,65,20,5,142,0,1,11,0,12,52,66,31,5,154,4,0,4,158
06/09/2008,SYR,NY,AEA,EN,Combined TRACON& Tower with Radar,59,105,38,0,202,0,1,31,0,32,59,106,69,0,234,12,0,12,246
06/10/2008,SYR,NY,AEA,EN,Combined TRACON& Tower with Radar,72,93,18,7,190,0,0,23,3,26,72,93,41,10,216,3,0,3,219
06/11/2008,SYR,NY,AEA,EN,Combined TRACON& Tower with Radar,69,112,45,4,230,0,0,40,1,41,69,112,85,5,271,24,6,30,301
06/12/2008,SYR,NY,AEA,EN,Combined TRACON& Tower with Radar,62,107,34,0,203,0,0,55,2,57,62,107,89,2,260,100,72,172,432
06/13/2008,SYR,NY,AEA,EN,Combined TRACON& Tower with Radar,71,103,32,1,207,0,0,41,0,41,71,103,73,1,248,16,0,16,264
06/14/2008,SYR,NY,AEA,EN,Combined TRACON& Tower with Radar,55,77,15,0,147,0,0,13,0,13,55,77,28,0,160,10,0,10,170
06/15/2008,SYR,NY,AEA,EN,Combined TRACON& Tower with Radar,37,37,10,0,84,0,0,15,0,15,37,37,25,0,99,0,0,0,99
06/16/2008,SYR,NY,AEA,EN,Combined TRACON& Tower with Radar,31,50,12,6,99,0,0,8,0,8,31,50,20,6,107,8,4,12,119
06/17/2008,SYR,NY,AEA,EN,Combined TRACON& Tower with Radar,69,104,31,0,204,0,0,17,0,17,69,104,48,0,221,68,56,124,345
06/18/2008,SYR,NY,AEA,EN,Combined TRACON& Tower with Radar,72,110,54,5,241,0,1,10,0,11,72,111,64,5,252,12,4,16,268
06/19/2008,SYR,NY,AEA,EN,Combined TRACON& Tower with Radar,66,104,41,2,213,0,3,38,0,41,66,107,79,2,254,74,72,146,400
06/20/2008,SYR,NY,AEA,EN,Combined TRACON& Tower with Radar,69,98,36,0,203,0,0,26,0,26,69,98,62,0,229,92,70,162,391
06/21/2008,SYR,NY,AEA,EN,Combined TRACON& Tower with Radar,57,69,12,1,139,0,0,29,4,33,57,69,41,5,172,138,70,208,380
06/22/2008,SYR,NY,AEA,EN,Combined TRACON& Tower with Radar,51,56,14,1,122,0,0,8,0,8,51,56,22,1,130,138,44,182,312
06/23/2008,SYR,NY,AEA,EN,Combined TRACON& Tower with Radar,53,89,39,0,181,0,0,17,0,17,53,89,56,0,198,28,0,28,226
06/24/2008,SYR,NY,AEA,EN,Combined TRACON& Tower with Radar,67,99,37,4,207,0,0,20,0,20,67,99,57,4,227,0,0,0,227
06/25/2008,SYR,NY,AEA,EN,Combined TRACON& Tower with Radar,66,104,47,5,222,0,1,56,0,57,66,105,103,5,279,80,80,160,439
06/26/2008,SYR,NY,AEA,EN,Combined TRACON& Tower with Radar,64,93,43,8,208,1,0,18,1,20,65,93,61,9,228,4,14,18,246
06/27/2008,SYR,NY,AEA,EN,Combined TRACON& Tower with Radar,63,99,35,9,206,0,0,22,1,23,63,99,57,10,229,22,4,26,255
06/28/2008,SYR,NY,AEA,EN,Combined TRACON& Tower with Radar,56,67,14,0,137,0,0,9,0,9,56,67,23,0,146,10,0,10,156
06/29/2008,SYR,NY,AEA,EN,Combined TRACON& Tower with Radar,49,65,26,2,142,0,0,16,0,16,49,65,42,2,158,8,0,8,166
06/30/2008,SYR,NY,AEA,EN,Combined TRACON& Tower with Radar,58,93,34,6,191,0,0,17,0,17,58,93,51,6,208,0,0,0,208
07/01/2008,SYR,NY,AEA,EN,Combined TRACON& Tower with Radar,68,95,35,6,204,0,0,29,1,30,68,95,64,7,234,96,62,158,392
07/02/2008,SYR,NY,AEA,EN,Combined TRACON& Tower with Radar,66,90,26,9,191,0,0,47,3,50,66,90,73,12,241,14,0,14,255
07/03/2008,SYR,NY,AEA,EN,Combined TRACON& Tower with Radar,67,89,33,0,189,0,0,12,0,12,67,89,45,0,201,0,0,0,201
07/04/2008,SYR,NY,AEA,EN,Combined TRACON& Tower with Radar,50,58,23,0,131,0,0,14,0,14,50,58,37,0,145,98,50,148,293
07/05/2008,SYR,NY,AEA,EN,Combined TRACON& Tower with Radar,47,68,13,0,128,0,1,29,2,32,47,69,42,2,160,10,12,22,182
07/06/2008,SYR,NY,AEA,EN,Combined TRACON& Tower with Radar,51,70,21,0,142,0,0,41,2,43,51,70,62,2,185,52,6,58,243
07/07/2008,SYR,NY,AEA,EN,Combined TRACON& Tower with Radar,63,92,26,9,190,0,0,22,1,23,63,92,48,10,213,106,78,184,397
07/08/2008,SYR,NY,AEA,EN,Combined TRACON& Tower with Radar,68,99,37,6,210,0,0,20,0,20,68,99,57,6,230,132,94,226,456
07/09/2008,SYR,NY,AEA,EN,Combined TRACON& Tower with Radar,68,101,26,11,206,0,0,11,1,12,68,101,37,12,218,95,20,115,333
07/10/2008,SYR,NY,AEA,EN,Combined TRACON& Tower with Radar,63,102,40,2,207,0,0,33,0,33,63,102,73,2,240,42,0,42,282
07/11/2008,SYR,NY,AEA,EN,Combined TRACON& Tower with Radar,66,102,30,5,203,0,0,20,1,21,66,102,50,6,224,86,64,150,374
07/12/2008,SYR,NY,AEA,EN,Combined TRACON& Tower with Radar,52,74,11,0,137,0,0,41,1,42,52,74,52,1,179,84,4,88,267
07/13/2008,SYR,NY,AEA,EN,Combined TRACON& Tower with Radar,51,68,15,3,137,0,0,15,4,19,51,68,30,7,156,10,4,14,170
07/14/2008,SYR,NY,AEA,EN,Combined TRACON& Tower with Radar,62,107,27,5,201,0,0,47,3,50,62,107,74,8,251,67,24,91,342
07/15/2008,SYR,NY,AEA,EN,Combined TRACON& Tower with Radar,69,100,39,4,212,0,6,53,1,60,69,106,92,5,272,34,0,34,306
07/16/2008,SYR,NY,AEA,EN,Combined TRACON& Tower with Radar,69,102,34,7,212,0,1,36,1,38,69,103,70,8,250,12,0,12,262
07/17/2008,SYR,NY,AEA,EN,Combined TRACON& Tower with Radar,68,102,21,0,191,0,0,19,0,19,68,102,40,0,210,86,12,98,308
07/18/2008,SYR,NY,AEA,EN,Combined TRACON& Tower with Radar,63,101,68,4,236,0,0,31,0,31,63,101,99,4,267,198,14,212,479
07/19/2008,SYR,NY,AEA,EN,Combined TRACON& Tower with Radar,56,71,19,0,146,0,0,34,0,34,56,71,53,0,180,64,10,74,254
07/20/2008,SYR,NY,AEA,EN,Combined TRACON& Tower with Radar,52,78,18,0,148,0,0,1,0,1,52,78,19,0,149,81,6,87,236
07/21/2008,SYR,NY,AEA,EN,Combined TRACON& Tower with Radar,59,113,46,1,219,0,0,33,0,33,59,113,79,1,252,151,12,163,415
07/22/2008,SYR,NY,AEA,EN,Combined TRACON& Tower with Radar,66,99,36,2,203,0,0,18,0,18,66,99,54,2,221,28,2,30,251
07/23/2008,SYR,NY,AEA,EN,Combined TRACON& Tower with Radar,69,90,31,2,192,0,0,15,0,15,69,90,46,2,207,34,0,34,241
07/24/2008,SYR,NY,AEA,EN,Combined TRACON& Tower with Radar,71,93,32,4,200,0,0,7,0,7,71,93,39,4,207,18,0,18,225
07/25/2008,SYR,NY,AEA,EN,Combined TRACON& Tower with Radar,61,102,39,3,205,0,0,56,1,57,61,102,95,4,262,0,0,0,262
07/26/2008,SYR,NY,AEA,EN,Combined TRACON& Tower with Radar,52,75,26,0,153,0,0,16,0,16,52,75,42,0,169,0,0,0,169
07/27/2008,SYR,NY,AEA,EN,Combined TRACON& Tower with Radar,76,64,15,1,156,0,0,26,0,26,76,64,41,1,182,20,0,20,202
07/28/2008,SYR,NY,AEA,EN,Combined TRACON& Tower with Radar,56,105,39,10,210,0,0,41,1,42,56,105,80,11,252,32,24,56,308
07/29/2008,SYR,NY,AEA,EN,Combined TRACON& Tower with Radar,70,96,54,2,222,0,0,46,2,48,70,96,100,4,270,122,108,230,500
07/30/2008,SYR,NY,AEA,EN,Combined TRACON& Tower with Radar,62,94,34,6,196,0,0,26,1,27,62,94,60,7,223,24,0,24,247
07/31/2008,SYR,NY,AEA,EN,Combined TRACON& Tower with Radar,64,100,44,1,209,0,1,20,1,22,64,101,64,2,231,10,0,10,241
08/01/2008,SYR,NY,AEA,EN,Combined TRACON& Tower with Radar,69,96,36,0,201,0,0,32,0,32,69,96,68,0,233,77,12,89,322
08/02/2008,SYR,NY,AEA,EN,Combined TRACON& Tower with Radar,56,67,17,0,140,0,1,8,0,9,56,68,25,0,149,0,0,0,149
08/03/2008,SYR,NY,AEA,EN,Combined TRACON& Tower with Radar,56,76,23,0,155,0,0,14,0,14,56,76,37,0,169,0,0,0,169
08/04/2008,SYR,NY,AEA,EN,Combined TRACON& Tower with Radar,58,91,30,1,180,0,0,32,0,32,58,91,62,1,212,6,0,6,218
08/05/2008,SYR,NY,AEA,EN,Combined TRACON& Tower with Radar,71,101,35,9,216,0,0,29,2,31,71,101,64,11,247,22,0,22,269
08/06/2008,SYR,NY,AEA,EN,Combined TRACON& Tower with Radar,69,110,34,2,215,0,1,32,4,37,69,111,66,6,252,30,4,34,286
08/07/2008,SYR,NY,AEA,EN,Combined TRACON& Tower with Radar,66,102,35,2,205,0,0,15,0,15,66,102,50,2,220,18,0,18,238
08/08/2008,SYR,NY,AEA,EN,Combined TRACON& Tower with Radar,65,99,31,2,197,0,0,3,0,3,65,99,34,2,200,0,0,0,200
08/09/2008,SYR,NY,AEA,EN,Combined TRACON& Tower with Radar,53,69,25,0,147,0,1,30,0,31,53,70,55,0,178,176,36,212,390
08/10/2008,SYR,NY,AEA,EN,Combined TRACON& Tower with Radar,51,65,30,0,146,0,0,7,1,8,51,65,37,1,154,0,0,0,154
08/11/2008,SYR,NY,AEA,EN,Combined TRACON& Tower with Radar,59,91,29,6,185,0,0,10,0,10,59,91,39,6,195,0,0,0,195
08/12/2008,SYR,NY,AEA,EN,Combined TRACON& Tower with Radar,69,101,30,5,205,0,0,41,2,43,69,101,71,7,248,52,28,80,328
08/13/2008,SYR,NY,AEA,EN,Combined TRACON& Tower with Radar,69,100,25,5,199,0,0,24,2,26,69,100,49,7,225,16,2,18,243
08/14/2008,SYR,NY,AEA,EN,Combined TRACON& Tower with Radar,77,101,46,2,226,0,1,30,1,32,77,102,76,3,258,153,64,217,475
08/15/2008,SYR,NY,AEA,EN,Combined TRACON& Tower with Radar,62,88,37,2,189,0,0,20,0,20,62,88,57,2,209,8,0,8,217
08/16/2008,SYR,NY,AEA,EN,Combined TRACON& Tower with Radar,54,80,14,0,148,0,0,38,0,38,54,80,52,0,186,0,0,0,186
08/17/2008,SYR,NY,AEA,EN,Combined TRACON& Tower with Radar,53,71,27,0,151,0,0,31,2,33,53,71,58,2,184,0,0,0,184
08/18/2008,SYR,NY,AEA,EN,Combined TRACON& Tower with Radar,59,98,24,6,187,0,0,18,0,18,59,98,42,6,205,100,72,172,377
08/19/2008,SYR,NY,AEA,EN,Combined TRACON& Tower with Radar,69,95,40,3,207,0,1,17,4,22,69,96,57,7,229,90,66,156,385
08/20/2008,SYR,NY,AEA,EN,Combined TRACON& Tower with Radar,67,99,28,14,208,0,1,66,4,71,67,100,94,18,279,8,0,8,287
08/21/2008,SYR,NY,AEA,EN,Combined TRACON& Tower with Radar,68,102,33,8,211,0,4,50,3,57,68,106,83,11,268,0,0,0,268
08/22/2008,SYR,NY,AEA,EN,Combined TRACON& Tower with Radar,65,92,31,6,194,0,0,54,8,62,65,92,85,14,256,81,23,104,360
08/23/2008,SYR,NY,AEA,EN,Combined TRACON& Tower with Radar,52,76,22,0,150,0,0,37,0,37,52,76,59,0,187,100,44,144,331
08/24/2008,SYR,NY,AEA,EN,Combined TRACON& Tower with Radar,57,71,14,0,142,0,0,26,0,26,57,71,40,0,168,0,0,0,168
08/25/2008,SYR,NY,AEA,EN,Combined TRACON& Tower with Radar,58,97,30,2,187,0,0,39,0,39,58,97,69,2,226,120,78,198,424
08/26/2008,SYR,NY,AEA,EN,Combined TRACON& Tower with Radar,69,92,51,14,226,0,5,56,0,61,69,97,107,14,287,122,104,226,513
08/27/2008,SYR,NY,AEA,EN,Combined TRACON& Tower with Radar,66,101,16,11,194,0,1,58,3,62,66,102,74,14,256,155,48,203,459
08/28/2008,SYR,NY,AEA,EN,Combined TRACON& Tower with Radar,69,101,29,6,205,0,0,34,5,39,69,101,63,11,244,96,78,174,418
08/29/2008,SYR,NY,AEA,EN,Combined TRACON& Tower with Radar,69,90,24,0,183,0,0,20,0,20,69,90,44,0,203,148,60,208,411
08/30/2008,SYR,NY,AEA,EN,Combined TRACON& Tower with Radar,56,63,12,0,131,0,0,18,0,18,56,63,30,0,149,0,0,0,149
08/31/2008,SYR,NY,AEA,EN,Combined TRACON& Tower with Radar,50,65,7,0,122,0,0,35,0,35,50,65,42,0,157,24,0,24,181
09/01/2008,SYR,NY,AEA,EN,Combined TRACON& Tower with Radar,52,71,12,0,135,0,0,32,0,32,52,71,44,0,167,0,0,0,167
09/02/2008,SYR,NY,AEA,EN,Combined TRACON& Tower with Radar,55,96,31,8,190,0,1,51,0,52,55,97,82,8,242,76,70,146,388
09/03/2008,SYR,NY,AEA,EN,Combined TRACON& Tower with Radar,58,107,23,7,195,0,1,36,1,38,58,108,59,8,233,20,0,20,253
09/04/2008,SYR,NY,AEA,EN,Combined TRACON& Tower with Radar,58,110,29,8,205,0,0,24,3,27,58,110,53,11,232,78,72,150,382
09/05/2008,SYR,NY,AEA,EN,Combined TRACON& Tower with Radar,59,111,32,5,207,0,0,25,2,27,59,111,57,7,234,2,20,22,256
09/06/2008,SYR,NY,AEA,EN,Combined TRACON& Tower with Radar,47,76,5,10,138,0,0,2,0,2,47,76,7,10,140,0,0,0,140
09/07/2008,SYR,NY,AEA,EN,Combined TRACON& Tower with Radar,48,88,33,9,178,0,0,17,0,17,48,88,50,9,195,105,15,120,315
09/08/2008,SYR,NY,AEA,EN,Combined TRACON& Tower with Radar,47,104,22,9,182,0,0,29,3,32,47,104,51,12,214,2,0,2,216
09/09/2008,SYR,NY,AEA,EN,Combined TRACON& Tower with Radar,56,86,26,18,186,0,0,20,22,42,56,86,46,40,228,96,78,174,402
09/10/2008,SYR,NY,AEA,EN,Combined TRACON& Tower with Radar,57,105,31,9,202,0,0,54,2,56,57,105,85,11,258,114,92,206,464
09/11/2008,SYR,NY,AEA,EN,Combined TRACON& Tower with Radar,59,112,38,8,217,0,0,46,2,48,59,112,84,10,265,82,74,156,421
09/12/2008,SYR,NY,AEA,EN,Combined TRACON& Tower with Radar,53,111,38,6,208,0,0,7,0,7,53,111,45,6,215,82,76,158,373
09/13/2008,SYR,NY,AEA,EN,Combined TRACON& Tower with Radar,42,75,44,0,161,0,0,4,0,4,42,75,48,0,165,0,0,0,165
09/14/2008,SYR,NY,AEA,EN,Combined TRACON& Tower with Radar,48,83,25,0,156,0,0,4,0,4,48,83,29,0,160,132,76,208,368
09/15/2008,SYR,NY,AEA,EN,Combined TRACON& Tower with Radar,51,109,47,15,222,0,0,4,0,4,51,109,51,15,226,12,16,28,254
09/16/2008,SYR,NY,AEA,EN,Combined TRACON& Tower with Radar,56,106,35,10,207,0,1,43,3,47,56,107,78,13,254,8,9,17,271
09/17/2008,SYR,NY,AEA,EN,Combined TRACON& Tower with Radar,56,111,28,7,202,0,0,51,6,57,56,111,79,13,259,102,96,198,457
09/18/2008,SYR,NY,AEA,EN,Combined TRACON& Tower with Radar,56,109,39,9,213,0,0,38,4,42,56,109,77,13,255,28,16,44,299
09/19/2008,SYR,NY,AEA,EN,Combined TRACON& Tower with Radar,54,105,32,9,200,0,0,50,1,51,54,105,82,10,251,122,92,214,465
09/20/2008,SYR,NY,AEA,EN,Combined TRACON& Tower with Radar,41,67,30,0,138,0,2,39,0,41,41,69,69,0,179,0,0,0,179
09/21/2008,SYR,NY,AEA,EN,Combined TRACON& Tower with Radar,48,84,22,0,154,0,0,2,0,2,48,84,24,0,156,126,70,196,352
09/22/2008,SYR,NY,AEA,EN,Combined TRACON& Tower with Radar,47,106,33,14,200,0,0,27,7,34,47,106,60,21,234,0,0,0,234
09/23/2008,SYR,NY,AEA,EN,Combined TRACON& Tower with Radar,57,107,30,10,204,0,0,28,1,29,57,107,58,11,233,2,6,8,241
09/24/2008,SYR,NY,AEA,EN,Combined TRACON& Tower with Radar,56,105,35,4,200,0,0,47,0,47,56,105,82,4,247,34,4,38,285
09/25/2008,SYR,NY,AEA,EN,Combined TRACON& Tower with Radar,56,109,33,5,203,1,1,36,0,38,57,110,69,5,241,20,12,32,273
09/26/2008,SYR,NY,AEA,EN,Combined TRACON& Tower with Radar,53,100,27,4,184,0,0,5,2,7,53,100,32,6,191,0,0,0,191
09/27/2008,SYR,NY,AEA,EN,Combined TRACON& Tower with Radar,42,63,19,0,124,0,0,0,0,0,42,63,19,0,124,0,0,0,124
09/28/2008,SYR,NY,AEA,EN,Combined TRACON& Tower with Radar,43,92,9,0,144,0,0,0,0,0,43,92,9,0,144,0,0,0,144
09/29/2008,SYR,NY,AEA,EN,Combined TRACON& Tower with Radar,50,104,44,11,209,0,0,2,0,2,50,104,46,11,211,102,92,194,405
09/30/2008,SYR,NY,AEA,EN,Combined TRACON& Tower with Radar,56,114,22,0,192,0,1,17,0,18,56,115,39,0,210,38,6,44,254
10/01/2008,SYR,NY,AEA,EN,Combined TRACON& Tower with Radar,54,114,39,27,234,0,0,5,0,5,54,114,44,27,239,106,110,216,455
10/02/2008,SYR,NY,AEA,EN,Combined TRACON& Tower with Radar,59,119,33,9,220,0,0,4,3,7,59,119,37,12,227,88,88,176,403
10/03/2008,SYR,NY,AEA,EN,Combined TRACON& Tower with Radar,53,107,21,5,186,0,1,6,2,9,53,108,27,7,195,96,100,196,391
10/04/2008,SYR,NY,AEA,EN,Combined TRACON& Tower with Radar,42,70,24,6,142,0,1,23,0,24,42,71,47,6,166,104,114,218,384
10/05/2008,SYR,NY,AEA,EN,Combined TRACON& Tower with Radar,49,83,16,14,162,0,0,32,1,33,49,83,48,15,195,8,4,12,207
10/06/2008,SYR,NY,AEA,EN,Combined TRACON& Tower with Radar,50,105,29,7,191,0,1,13,1,15,50,106,42,8,206,136,92,228,434
10/07/2008,SYR,NY,AEA,EN,Combined TRACON& Tower with Radar,56,106,29,6,197,0,2,60,2,64,56,108,89,8,261,12,6,18,279
10/08/2008,SYR,NY,AEA,EN,Combined TRACON& Tower with Radar,58,103,27,4,192,0,0,37,1,38,58,103,64,5,230,0,0,0,230
10/09/2008,SYR,NY,AEA,EN,Combined TRACON& Tower with Radar,56,107,13,6,182,0,0,26,2,28,56,107,39,8,210,92,90,182,392
10/10/2008,SYR,NY,AEA,EN,Combined TRACON& Tower with Radar,56,107,38,0,201,0,1,59,0,60,56,108,97,0,261,46,50,96,357
10/11/2008,SYR,NY,AEA,EN,Combined TRACON& Tower with Radar,43,71,16,0,130,0,1,48,0,49,43,72,64,0,179,96,38,134,313
10/12/2008,SYR,NY,AEA,EN,Combined TRACON& Tower with Radar,50,83,10,0,143,0,1,52,0,53,50,84,62,0,196,0,0,0,196
10/13/2008,SYR,NY,AEA,EN,Combined TRACON& Tower with Radar,49,105,28,0,182,0,1,38,0,39,49,106,66,0,221,106,84,190,411
10/14/2008,SYR,NY,AEA,EN,Combined TRACON& Tower with Radar,57,116,30,30,233,0,0,34,3,37,57,116,64,33,270,92,136,228,498
10/15/2008,SYR,NY,AEA,EN,Combined TRACON& Tower with Radar,57,117,21,6,201,0,4,31,3,38,57,121,52,9,239,6,12,18,257
10/16/2008,SYR,NY,AEA,EN,Combined TRACON& Tower with Radar,65,113,31,9,218,0,0,7,0,7,65,113,38,9,225,100,98,198,423
10/17/2008,SYR,NY,AEA,EN,Combined TRACON& Tower with Radar,62,103,31,7,203,0,1,46,2,49,62,104,77,9,252,0,0,0,252
10/18/2008,SYR,NY,AEA,EN,Combined TRACON& Tower with Radar,46,81,25,0,152,0,6,34,0,40,46,87,59,0,192,0,0,0,192
10/19/2008,SYR,NY,AEA,EN,Combined TRACON& Tower with Radar,45,88,8,0,141,0,1,47,0,48,45,89,55,0,189,0,0,0,189
10/20/2008,SYR,NY,AEA,EN,Combined TRACON& Tower with Radar,49,102,20,7,178,0,0,32,0,32,49,102,52,7,210,100,16,116,326
10/21/2008,SYR,NY,AEA,EN,Combined TRACON& Tower with Radar,55,116,34,7,212,0,0,2,0,2,55,116,36,7,214,0,0,0,214
10/22/2008,SYR,NY,AEA,EN,Combined TRACON& Tower with Radar,58,106,29,6,199,0,0,14,0,14,58,106,43,6,213,94,36,130,343
10/23/2008,SYR,NY,AEA,EN,Combined TRACON& Tower with Radar,57,109,29,6,201,0,4,47,8,59,57,113,76,14,260,106,112,218,478
10/24/2008,SYR,NY,AEA,EN,Combined TRACON& Tower with Radar,56,107,21,1,185,0,2,45,0,47,56,109,66,1,232,84,78,162,394
10/25/2008,SYR,NY,AEA,EN,Combined TRACON& Tower with Radar,44,73,2,0,119,0,0,0,0,0,44,73,2,0,119,0,0,0,119
10/26/2008,SYR,NY,AEA,EN,Combined TRACON& Tower with Radar,48,80,28,2,158,0,1,23,0,24,48,81,51,2,182,126,56,182,364
10/27/2008,SYR,NY,AEA,EN,Combined TRACON& Tower with Radar,49,103,19,10,181,0,0,23,0,23,49,103,42,10,204,52,20,72,276
10/28/2008,SYR,NY,AEA,EN,Combined TRACON& Tower with Radar,57,92,34,0,183,0,0,0,0,0,57,92,34,0,183,52,0,52,235
10/29/2008,SYR,NY,AEA,EN,Combined TRACON& Tower with Radar,62,110,23,5,200,0,0,1,0,1,62,110,24,5,201,72,54,126,327
10/30/2008,SYR,NY,AEA,EN,Combined TRACON& Tower with Radar,60,114,65,15,254,0,1,43,11,55,60,115,108,26,309,74,62,136,445
10/31/2008,SYR,NY,AEA,EN,Combined TRACON& Tower with Radar,60,114,48,9,231,0,2,70,4,76,60,116,118,13,307,82,82,164,471
11/01/2008,SYR,NY,AEA,EN,Combined TRACON& Tower with Radar,47,72,19,4,142,0,1,34,3,38,47,73,53,7,180,110,78,188,368
11/02/2008,SYR,NY,AEA,EN,Combined TRACON& Tower with Radar,50,91,31,12,184,0,0,31,0,31,50,91,62,12,215,92,70,162,377
11/03/2008,SYR,NY,AEA,EN,Combined TRACON& Tower with Radar,56,108,29,12,205,0,0,26,2,28,56,108,55,14,233,40,9,49,282
11/04/2008,SYR,NY,AEA,EN,Combined TRACON& Tower with Radar,58,111,29,11,209,0,1,32,3,36,58,112,61,14,245,122,90,212,457
11/05/2008,SYR,NY,AEA,EN,Combined TRACON& Tower with Radar,63,100,27,10,200,0,1,40,1,42,63,101,67,11,242,0,0,0,242
11/06/2008,SYR,NY,AEA,EN,Combined TRACON& Tower with Radar,67,100,29,9,205,0,0,15,0,15,67,100,44,9,220,166,110,276,496
11/07/2008,SYR,NY,AEA,EN,Combined TRACON& Tower with Radar,60,114,24,0,198,0,0,30,0,30,60,114,54,0,228,114,100,214,442
11/08/2008,SYR,NY,AEA,EN,Combined TRACON& Tower with Radar,42,78,14,0,134,0,0,4,2,6,42,78,18,2,140,0,0,0,140
11/09/2008,SYR,NY,AEA,EN,Combined TRACON& Tower with Radar,44,86,13,0,143,0,0,9,0,9,44,86,22,0,152,0,0,0,152
11/10/2008,SYR,NY,AEA,EN,Combined TRACON& Tower with Radar,56,105,21,0,182,0,0,14,0,14,56,105,35,0,196,106,92,198,394
11/11/2008,SYR,NY,AEA,EN,Combined TRACON& Tower with Radar,57,110,20,6,193,0,0,6,1,7,57,110,26,7,200,0,0,0,200
11/12/2008,SYR,NY,AEA,EN,Combined TRACON& Tower with Radar,60,104,35,10,209,0,3,31,0,34,60,107,66,10,243,0,0,0,243
11/13/2008,SYR,NY,AEA,EN,Combined TRACON& Tower with Radar,63,118,22,18,221,0,0,1,0,1,63,118,23,18,222,78,88,166,388
11/14/2008,SYR,NY,AEA,EN,Combined TRACON& Tower with Radar,59,110,26,7,202,0,0,27,1,28,59,110,53,8,230,16,12,28,258
11/15/2008,SYR,NY,AEA,EN,Combined TRACON& Tower with Radar,41,67,8,0,116,0,0,1,0,1,41,67,9,0,117,108,72,180,297
11/16/2008,SYR,NY,AEA,EN,Combined TRACON& Tower with Radar,44,76,4,0,124,0,0,0,0,0,44,76,4,0,124,0,0,0,124
11/17/2008,SYR,NY,AEA,EN,Combined TRACON& Tower with Radar,58,107,17,8,190,0,0,9,2,11,58,107,26,10,201,82,80,162,363
11/18/2008,SYR,NY,AEA,EN,Combined TRACON& Tower with Radar,62,114,24,7,207,0,0,14,1,15,62,114,38,8,222,18,4,22,244
11/19/2008,SYR,NY,AEA,EN,Combined TRACON& Tower with Radar,65,113,27,7,212,0,0,12,0,12,65,113,39,7,224,0,6,6,230
11/20/2008,SYR,NY,AEA,EN,Combined TRACON& Tower with Radar,73,104,29,7,213,0,0,6,0,6,73,104,35,7,219,10,0,10,229
11/21/2008,SYR,NY,AEA,EN,Combined TRACON& Tower with Radar,69,94,25,0,188,0,0,0,0,0,69,94,25,0,188,76,86,162,350
11/22/2008,SYR,NY,AEA,EN,Combined TRACON& Tower with Radar,48,67,20,1,136,0,0,0,0,0,48,67,20,1,136,0,0,0,136
11/23/2008,SYR,NY,AEA,EN,Combined TRACON& Tower with Radar,51,80,12,0,143,0,0,7,0,7,51,80,19,0,150,47,0,47,197
11/24/2008,SYR,NY,AEA,EN,Combined TRACON& Tower with Radar,59,98,30,10,197,0,0,18,0,18,59,98,48,10,215,0,0,0,215
11/25/2008,SYR,NY,AEA,EN,Combined TRACON& Tower with Radar,77,103,22,10,212,0,0,0,0,0,77,103,22,10,212,56,46,102,314
11/26/2008,SYR,NY,AEA,EN,Combined TRACON& Tower with Radar,70,107,32,1,210,0,0,0,0,0,70,107,32,1,210,0,0,0,210
11/27/2008,SYR,NY,AEA,EN,Combined TRACON& Tower with Radar,35,48,4,0,87,0,0,4,0,4,35,48,8,0,91,0,0,0,91
11/28/2008,SYR,NY,AEA,EN,Combined TRACON& Tower with Radar,45,61,8,0,114,0,0,6,0,6,45,61,14,0,120,0,0,0,120
11/29/2008,SYR,NY,AEA,EN,Combined TRACON& Tower with Radar,48,70,16,0,134,0,0,10,1,11,48,70,26,1,145,0,0,0,145
11/30/2008,SYR,NY,AEA,EN,Combined TRACON& Tower with Radar,49,85,32,0,166,0,0,14,0,14,49,85,46,0,180,0,0,0,180
12/01/2008,SYR,NY,AEA,EN,Combined TRACON& Tower with Radar,58,98,30,15,201,0,1,13,0,14,58,99,43,15,215,0,0,0,215
12/02/2008,SYR,NY,AEA,EN,Combined TRACON& Tower with Radar,64,103,16,6,189,0,0,11,0,11,64,103,27,6,200,78,70,148,348
12/03/2008,SYR,NY,AEA,EN,Combined TRACON& Tower with Radar,62,96,23,13,194,0,3,40,7,50,62,99,63,20,244,94,102,196,440
12/04/2008,SYR,NY,AEA,EN,Combined TRACON& Tower with Radar,67,107,28,13,215,0,0,4,0,4,67,107,32,13,219,82,94,176,395
12/05/2008,SYR,NY,AEA,EN,Combined TRACON& Tower with Radar,59,112,25,9,205,0,0,17,0,17,59,112,42,9,222,86,98,184,406
12/06/2008,SYR,NY,AEA,EN,Combined TRACON& Tower with Radar,47,62,15,7,131,0,0,29,3,32,47,62,44,10,163,94,108,202,365
12/07/2008,SYR,NY,AEA,EN,Combined TRACON& Tower with Radar,46,73,6,0,125,0,0,0,0,0,46,73,6,0,125,34,0,34,159
12/08/2008,SYR,NY,AEA,EN,Combined TRACON& Tower with Radar,57,99,15,0,171,0,1,25,0,26,57,100,40,0,197,68,32,100,297
12/09/2008,SYR,NY,AEA,EN,Combined TRACON& Tower with Radar,65,92,23,0,180,0,0,5,0,5,65,92,28,0,185,70,46,116,301
12/10/2008,SYR,NY,AEA,EN,Combined TRACON& Tower with Radar,62,103,35,0,200,0,0,0,0,0,62,103,35,0,200,70,80,150,350
12/11/2008,SYR,NY,AEA,EN,Combined TRACON& Tower with Radar,63,102,39,2,206,0,0,9,0,9,63,102,48,2,215,78,72,150,365
12/12/2008,SYR,NY,AEA,EN,Combined TRACON& Tower with Radar,61,92,32,0,185,0,0,5,0,5,61,92,37,0,190,0,0,0,190
12/13/2008,SYR,NY,AEA,EN,Combined TRACON& Tower with Radar,44,63,15,0,122,0,0,23,0,23,44,63,38,0,145,172,66,238,383
12/14/2008,SYR,NY,AEA,EN,Combined TRACON& Tower with Radar,46,79,12,0,137,0,0,19,0,19,46,79,31,0,156,116,18,134,290
12/15/2008,SYR,NY,AEA,EN,Combined TRACON& Tower with Radar,56,99,19,0,174,0,0,2,0,2,56,99,21,0,176,0,0,0,176
12/16/2008,SYR,NY,AEA,EN,Combined TRACON& Tower with Radar,59,99,16,15,189,0,0,10,0,10,59,99,26,15,199,128,112,240,439
12/17/2008,SYR,NY,AEA,EN,Combined TRACON& Tower with Radar,66,101,18,8,193,0,0,0,0,0,66,101,18,8,193,0,0,0,193
12/18/2008,SYR,NY,AEA,EN,Combined TRACON& Tower with Radar,75,108,36,18,237,0,0,23,0,23,75,108,59,18,260,126,80,206,466
12/19/2008,SYR,NY,AEA,EN,Combined TRACON& Tower with Radar,47,51,5,0,103,0,0,8,0,8,47,51,13,0,111,48,0,48,159
12/20/2008,SYR,NY,AEA,EN,Combined TRACON& Tower with Radar,55,68,12,0,135,0,0,5,0,5,55,68,17,0,140,0,0,0,140
12/21/2008,SYR,NY,AEA,EN,Combined TRACON& Tower with Radar,57,57,7,0,121,0,0,0,0,0,57,57,7,0,121,0,0,0,121
12/22/2008,SYR,NY,AEA,EN,Combined TRACON& Tower with Radar,54,88,10,0,152,0,0,0,0,0,54,88,10,0,152,0,0,0,152
12/23/2008,SYR,NY,AEA,EN,Combined TRACON& Tower with Radar,70,101,13,8,192,0,2,19,2,23,70,103,32,10,215,0,0,0,215
12/24/2008,SYR,NY,AEA,EN,Combined TRACON& Tower with Radar,68,80,4,0,152,0,0,2,0,2,68,80,6,0,154,0,0,0,154
12/25/2008,SYR,NY,AEA,EN,Combined TRACON& Tower with Radar,51,57,4,0,112,0,0,1,0,1,51,57,5,0,113,10,0,10,123
12/26/2008,SYR,NY,AEA,EN,Combined TRACON& Tower with Radar,60,74,26,0,160,0,0,6,0,6,60,74,32,0,166,8,0,8,174
12/27/2008,SYR,NY,AEA,EN,Combined TRACON& Tower with Radar,54,64,7,0,125,0,0,5,0,5,54,64,12,0,130,0,0,0,130
12/28/2008,SYR,NY,AEA,EN,Combined TRACON& Tower with Radar,62,69,5,0,136,0,0,4,0,4,62,69,9,0,140,0,0,0,140
12/29/2008,SYR,NY,AEA,EN,Combined TRACON& Tower with Radar,59,82,12,14,167,0,1,46,0,47,59,83,58,14,214,94,88,182,396
12/30/2008,SYR,NY,AEA,EN,Combined TRACON& Tower with Radar,64,89,14,6,173,0,0,2,0,2,64,89,16,6,175,0,0,0,175
12/31/2008,SYR,NY,AEA,EN,Combined TRACON& Tower with Radar,69,70,5,0,144,0,0,0,0,0,69,70,5,0,144,0,0,0,144
01/01/2009,SYR,NY,AEA,EN,Combined TRACON& Tower with Radar,50,57,7,0,114,0,0,17,0,17,50,57,24,0,131,8,2,10,141
01/02/2009,SYR,NY,AEA,EN,Combined TRACON& Tower with Radar,65,77,9,0,151,0,0,13,0,13,65,77,22,0,164,0,0,0,164
01/03/2009,SYR,NY,AEA,EN,Combined TRACON& Tower with Radar,53,61,9,0,123,0,1,3,0,4,53,62,12,0,127,6,0,6,133
01/04/2009,SYR,NY,AEA,EN,Combined TRACON& Tower with Radar,49,64,28,0,141,0,0,39,0,39,49,64,67,0,180,22,0,22,202
01/05/2009,SYR,NY,AEA,EN,Combined TRACON& Tower with Radar,61,87,15,0,163,0,1,24,0,25,61,88,39,0,188,82,68,150,338
01/06/2009,SYR,NY,AEA,EN,Combined TRACON& Tower with Radar,59,90,26,6,181,0,1,26,0,27,59,91,52,6,208,92,80,172,380
01/07/2009,SYR,NY,AEA,EN,Combined TRACON& Tower with Radar,65,68,7,0,140,0,0,0,0,0,65,68,7,0,140,0,0,0,140
01/08/2009,SYR,NY,AEA,EN,Combined TRACON& Tower with Radar,63,94,11,0,168,0,0,0,0,0,63,94,11,0,168,82,64,146,314
01/09/2009,SYR,NY,AEA,EN,Combined TRACON& Tower with Radar,57,95,20,0,172,0,0,32,0,32,57,95,52,0,204,0,0,0,204
01/10/2009,SYR,NY,AEA,EN,Combined TRACON& Tower with Radar,49,45,13,4,111,0,0,8,0,8,49,45,21,4,119,0,0,0,119
01/11/2009,SYR,NY,AEA,EN,Combined TRACON& Tower with Radar,48,68,10,0,126,0,0,0,0,0,48,68,10,0,126,0,0,0,126
01/12/2009,SYR,NY,AEA,EN,Combined TRACON& Tower with Radar,55,93,19,2,169,0,0,17,0,17,55,93,36,2,186,0,0,0,186
01/13/2009,SYR,NY,AEA,EN,Combined TRACON& Tower with Radar,65,100,21,10,196,0,0,10,0,10,65,100,31,10,206,34,10,44,250
01/14/2009,SYR,NY,AEA,EN,Combined TRACON& Tower with Radar,63,92,21,10,186,0,2,25,11,38,63,94,46,21,224,92,80,172,396
01/15/2009,SYR,NY,AEA,EN,Combined TRACON& Tower with Radar,69,89,27,3,188,0,0,6,2,8,69,89,33,5,196,0,0,0,196
01/16/2009,SYR,NY,AEA,EN,Combined TRACON& Tower with Radar,52,99,19,0,170,0,0,7,0,7,52,99,26,0,177,86,66,152,329
01/17/2009,SYR,NY,AEA,EN,Combined TRACON& Tower with Radar,50,56,10,0,116,0,0,10,0,10,50,56,20,0,126,96,78,174,300
01/18/2009,SYR,NY,AEA,EN,Combined TRACON& Tower with Radar,46,54,9,0,109,0,0,2,0,2,46,54,11,0,111,8,0,8,119
01/19/2009,SYR,NY,AEA,EN,Combined TRACON& Tower with Radar,56,85,38,0,179,0,0,2,0,2,56,85,40,0,181,32,0,32,213
01/20/2009,SYR,NY,AEA,EN,Combined TRACON& Tower with Radar,62,95,31,6,194,0,0,7,0,7,62,95,38,6,201,20,4,24,225
01/21/2009,SYR,NY,AEA,EN,Combined TRACON& Tower with Radar,59,97,28,11,195,0,1,10,2,13,59,98,38,13,208,6,12,18,226
01/22/2009,SYR,NY,AEA,EN,Combined TRACON& Tower with Radar,64,99,24,8,195,0,0,5,0,5,64,99,29,8,200,0,0,0,200
01/23/2009,SYR,NY,AEA,EN,Combined TRACON& Tower with Radar,57,102,14,8,181,0,0,20,0,20,57,102,34,8,201,104,86,190,391
01/24/2009,SYR,NY,AEA,EN,Combined TRACON& Tower with Radar,46,58,11,0,115,0,0,3,0,3,46,58,14,0,118,32,22,54,172
01/25/2009,SYR,NY,AEA,EN,Combined TRACON& Tower with Radar,48,71,13,1,133,0,1,13,2,16,48,72,26,3,149,97,26,123,272
01/26/2009,SYR,NY,AEA,EN,Combined TRACON& Tower with Radar,54,96,22,8,180,0,6,34,0,40,54,102,56,8,220,0,0,0,220
01/27/2009,SYR,NY,AEA,EN,Combined TRACON& Tower with Radar,60,92,22,9,183,0,0,12,0,12,60,92,34,9,195,19,0,19,214
01/28/2009,SYR,NY,AEA,EN,Combined TRACON& Tower with Radar,56,67,11,0,134,0,0,0,0,0,56,67,11,0,134,0,0,0,134
01/29/2009,SYR,NY,AEA,EN,Combined TRACON& Tower with Radar,62,100,25,18,205,0,0,18,0,18,62,100,43,18,223,90,50,140,363
01/30/2009,SYR,NY,AEA,EN,Combined TRACON& Tower with Radar,55,95,16,0,166,0,0,15,0,15,55,95,31,0,181,12,0,12,193
01/31/2009,SYR,NY,AEA,EN,Combined TRACON& Tower with Radar,49,50,3,0,102,0,0,7,0,7,49,50,10,0,109,12,0,12,121
02/01/2009,SYR,NY,AEA,EN,Combined TRACON& Tower with Radar,48,66,8,0,122,0,0,15,0,15,48,66,23,0,137,0,0,0,137
02/02/2009,SYR,NY,AEA,EN,Combined TRACON& Tower with Radar,55,90,18,23,186,0,0,32,0,32,55,90,50,23,218,0,0,0,218
02/03/2009,SYR,NY,AEA,EN,Combined TRACON& Tower with Radar,59,94,21,5,179,0,0,28,10,38,59,94,49,15,217,122,86,208,425
02/04/2009,SYR,NY,AEA,EN,Combined TRACON& Tower with Radar,61,96,24,12,193,0,0,16,0,16,61,96,40,12,209,0,0,0,209
02/05/2009,SYR,NY,AEA,EN,Combined TRACON& Tower with Radar,63,94,13,11,181,0,0,3,0,3,63,94,16,11,184,12,0,12,196
02/06/2009,SYR,NY,AEA,EN,Combined TRACON& Tower with Radar,57,101,22,10,190,0,0,26,0,26,57,101,48,10,216,8,2,10,226
02/07/2009,SYR,NY,AEA,EN,Combined TRACON& Tower with Radar,46,51,9,6,112,0,0,18,0,18,46,51,27,6,130,10,0,10,140
02/08/2009,SYR,NY,AEA,EN,Combined TRACON& Tower with Radar,48,65,8,14,135,0,0,5,5,10,48,65,13,19,145,0,26,26,171
02/09/2009,SYR,NY,AEA,EN,Combined TRACON& Tower with Radar,53,91,23,10,177,0,0,33,4,37,53,91,56,14,214,86,86,172,386
02/10/2009,SYR,NY,AEA,EN,Combined TRACON& Tower with Radar,63,93,24,11,191,0,1,23,0,24,63,94,47,11,215,82,92,174,389
02/11/2009,SYR,NY,AEA,EN,Combined TRACON& Tower with Radar,66,98,27,7,198,0,2,10,0,12,66,100,37,7,210,0,0,0,210
02/12/2009,SYR,NY,AEA,EN,Combined TRACON& Tower with Radar,62,91,19,3,175,0,0,0,0,0,62,91,19,3,175,0,0,0,175
02/13/2009,SYR,NY,AEA,EN,Combined TRACON& Tower with Radar,62,97,24,2,185,0,0,16,2,18,62,97,40,4,203,0,0,0,203
02/14/2009,SYR,NY,AEA,EN,Combined TRACON& Tower with Radar,50,70,10,0,130,0,2,28,2,32,50,72,38,2,162,111,16,127,289
02/15/2009,SYR,NY,AEA,EN,Combined TRACON& Tower with Radar,46,76,11,0,133,0,0,28,0,28,46,76,39,0,161,121,4,125,286
02/16/2009,SYR,NY,AEA,EN,Combined TRACON& Tower with Radar,55,91,9,0,155,0,0,43,0,43,55,91,52,0,198,108,84,192,390
02/17/2009,SYR,NY,AEA,EN,Combined TRACON& Tower with Radar,62,82,22,10,176,0,0,41,0,41,62,82,63,10,217,46,42,88,305
02/18/2009,SYR,NY,AEA,EN,Combined TRACON& Tower with Radar,55,92,18,0,165,0,0,5,0,5,55,92,23,0,170,108,80,188,358
02/19/2009,SYR,NY,AEA,EN,Combined TRACON& Tower with Radar,66,87,13,8,174,0,0,2,0,2,66,87,15,8,176,0,0,0,176
02/20/2009,SYR,NY,AEA,EN,Combined TRACON& Tower with Radar,67,83,22,3,175,0,0,0,0,0,67,83,22,3,175,68,86,154,329
02/21/2009,SYR,NY,AEA,EN,Combined TRACON& Tower with Radar,48,59,10,0,117,0,0,14,0,14,48,59,24,0,131,6,0,6,137
02/22/2009,SYR,NY,AEA,EN,Combined TRACON& Tower with Radar,58,69,6,0,133,0,0,3,0,3,58,69,9,0,136,8,0,8,144
02/23/2009,SYR,NY,AEA,EN,Combined TRACON& Tower with Radar,62,89,24,0,175,0,0,0,0,0,62,89,24,0,175,0,0,0,175
02/24/2009,SYR,NY,AEA,EN,Combined TRACON& Tower with Radar,67,88,20,8,183,0,0,13,0,13,67,88,33,8,196,108,92,200,396
02/25/2009,SYR,NY,AEA,EN,Combined TRACON& Tower with Radar,61,97,40,23,221,0,2,59,3,64,61,99,99,26,285,120,130,250,535
02/26/2009,SYR,NY,AEA,EN,Combined TRACON& Tower with Radar,62,96,17,11,186,0,2,21,4,27,62,98,38,15,213,20,0,20,233
02/27/2009,SYR,NY,AEA,EN,Combined TRACON& Tower with Radar,59,95,17,2,173,0,0,3,0,3,59,95,20,2,176,88,54,142,318
02/28/2009,SYR,NY,AEA,EN,Combined TRACON& Tower with Radar,52,59,14,0,125,0,0,19,0,19,52,59,33,0,144,132,58,190,334
03/01/2009,SYR,NY,AEA,EN,Combined TRACON& Tower with Radar,45,70,19,0,134,0,0,9,0,9,45,70,28,0,143,113,41,154,297
03/02/2009,SYR,NY,AEA,EN,Combined TRACON& Tower with Radar,55,65,7,3,130,0,0,4,0,4,55,65,11,3,134,12,6,18,152
03/03/2009,SYR,NY,AEA,EN,Combined TRACON& Tower with Radar,66,90,19,36,211,0,0,13,1,14,66,90,32,37,225,10,70,80,305
03/04/2009,SYR,NY,AEA,EN,Combined TRACON& Tower with Radar,68,92,26,8,194,0,1,18,2,21,68,93,44,10,215,98,80,178,393
03/05/2009,SYR,NY,AEA,EN,Combined TRACON& Tower with Radar,67,89,24,10,190,0,5,29,4,38,67,94,53,14,228,10,16,26,254
03/06/2009,SYR,NY,AEA,EN,Combined TRACON& Tower with Radar,58,89,20,11,178,0,0,15,3,18,58,89,35,14,196,0,0,0,196
03/07/2009,SYR,NY,AEA,EN,Combined TRACON& Tower with Radar,54,60,12,11,137,0,0,31,2,33,54,60,43,13,170,0,0,0,170
03/08/2009,SYR,NY,AEA,EN,Combined TRACON& Tower with Radar,49,64,13,17,143,0,0,0,1,1,49,64,13,18,144,0,0,0,144
03/09/2009,SYR,NY,AEA,EN,Combined TRACON& Tower with Radar,62,84,9,10,165,0,0,0,0,0,62,84,9,10,165,0,0,0,165
03/10/2009,SYR,NY,AEA,EN,Combined TRACON& Tower with Radar,66,101,30,16,213,0,0,18,2,20,66,101,48,18,233,74,68,142,375
03/11/2009,SYR,NY,AEA,EN,Combined TRACON& Tower with Radar,64,87,17,2,170,0,0,7,2,9,64,87,24,4,179,82,70,152,331
03/12/2009,SYR,NY,AEA,EN,Combined TRACON& Tower with Radar,64,90,35,6,195,0,0,15,6,21,64,90,50,12,216,20,12,32,248
03/13/2009,SYR,NY,AEA,EN,Combined TRACON& Tower with Radar,59,89,28,2,178,0,1,34,0,35,59,90,62,2,213,32,0,32,245
03/14/2009,SYR,NY,AEA,EN,Combined TRACON& Tower with Radar,51,59,18,1,129,0,3,60,0,63,51,62,78,1,192,46,0,46,238
03/15/2009,SYR,NY,AEA,EN,Combined TRACON& Tower with Radar,52,71,15,0,138,0,0,44,0,44,52,71,59,0,182,34,0,34,216
03/16/2009,SYR,NY,AEA,EN,Combined TRACON& Tower with Radar,58,87,21,12,178,0,0,34,0,34,58,87,55,12,212,122,106,228,440
03/17/2009,SYR,NY,AEA,EN,Combined TRACON& Tower with Radar,64,99,39,14,216,0,2,32,3,37,64,101,71,17,253,122,96,218,471
03/18/2009,SYR,NY,AEA,EN,Combined TRACON& Tower with Radar,62,99,14,10,185,0,0,6,0,6,62,99,20,10,191,92,96,188,379
03/19/2009,SYR,NY,AEA,EN,Combined TRACON& Tower with Radar,65,100,18,7,190,0,0,27,3,30,65,100,45,10,220,46,14,60,280
03/20/2009,SYR,NY,AEA,EN,Combined TRACON& Tower with Radar,60,92,38,1,191,0,0,37,2,39,60,92,75,3,230,16,6,22,252
03/21/2009,SYR,NY,AEA,EN,Combined TRACON& Tower with Radar,48,61,14,2,125,0,9,46,0,55,48,70,60,2,180,36,0,36,216
03/22/2009,SYR,NY,AEA,EN,Combined TRACON& Tower with Radar,54,66,10,0,130,0,0,3,0,3,54,66,13,0,133,0,0,0,133
03/23/2009,SYR,NY,AEA,EN,Combined TRACON& Tower with Radar,58,91,23,0,172,0,1,15,2,18,58,92,38,2,190,116,82,198,388
03/24/2009,SYR,NY,AEA,EN,Combined TRACON& Tower with Radar,65,90,19,18,192,0,1,38,3,42,65,91,57,21,234,54,34,88,322
03/25/2009,SYR,NY,AEA,EN,Combined TRACON& Tower with Radar,70,87,18,2,177,0,2,37,4,43,70,89,55,6,220,90,70,160,380
03/26/2009,SYR,NY,AEA,EN,Combined TRACON& Tower with Radar,62,96,29,4,191,0,0,10,0,10,62,96,39,4,201,0,0,0,201
03/27/2009,SYR,NY,AEA,EN,Combined TRACON& Tower with Radar,62,90,34,4,190,0,1,28,0,29,62,91,62,4,219,24,0,24,243
03/28/2009,SYR,NY,AEA,EN,Combined TRACON& Tower with Radar,53,60,8,0,121,0,0,19,0,19,53,60,27,0,140,10,0,10,150
03/29/2009,SYR,NY,AEA,EN,Combined TRACON& Tower with Radar,52,66,10,0,128,0,0,0,0,0,52,66,10,0,128,0,0,0,128
03/30/2009,SYR,NY,AEA,EN,Combined TRACON& Tower with Radar,61,78,13,3,155,0,0,1,0,1,61,78,14,3,156,0,0,0,156
03/31/2009,SYR,NY,AEA,EN,Combined TRACON& Tower with Radar,62,97,28,0,187,0,0,38,2,40,62,97,66,2,227,100,82,182,409
04/01/2009,SYR,NY,AEA,EN,Combined TRACON& Tower with Radar,67,87,20,0,174,0,0,4,0,4,67,87,24,0,178,98,76,174,352
04/02/2009,SYR,NY,AEA,EN,Combined TRACON& Tower with Radar,62,88,35,1,186,0,1,37,0,38,62,89,72,1,224,38,0,38,262
04/03/2009,SYR,NY,AEA,EN,Combined TRACON& Tower with Radar,64,81,22,1,168,0,0,0,0,0,64,81,22,1,168,3,0,3,171
04/04/2009,SYR,NY,AEA,EN,Combined TRACON& Tower with Radar,48,61,4,5,118,0,0,0,0,0,48,61,4,5,118,52,42,94,212
04/05/2009,SYR,NY,AEA,EN,Combined TRACON& Tower with Radar,47,73,18,0,138,0,0,19,0,19,47,73,37,0,157,0,0,0,157
04/06/2009,SYR,NY,AEA,EN,Combined TRACON& Tower with Radar,56,72,31,4,163,0,0,3,0,3,56,72,34,4,166,0,0,0,166
04/07/2009,SYR,NY,AEA,EN,Combined TRACON& Tower with Radar,64,89,23,3,179,0,0,0,0,0,64,89,23,3,179,88,74,162,341
04/08/2009,SYR,NY,AEA,EN,Combined TRACON& Tower with Radar,71,88,31,13,203,0,0,5,1,6,71,88,36,14,209,96,84,180,389
04/09/2009,SYR,NY,AEA,EN,Combined TRACON& Tower with Radar,68,93,22,8,191,0,2,31,8,41,68,95,53,16,232,146,108,254,486
04/10/2009,SYR,NY,AEA,EN,Combined TRACON& Tower with Radar,59,85,18,0,162,0,0,37,0,37,59,85,55,0,199,162,96,258,457
04/11/2009,SYR,NY,AEA,EN,Combined TRACON& Tower with Radar,51,53,19,1,124,0,0,31,4,35,51,53,50,5,159,114,52,166,325
04/12/2009,SYR,NY,AEA,EN,Combined TRACON& Tower with Radar,53,68,11,0,132,0,1,19,0,20,53,69,30,0,152,94,0,94,246
04/13/2009,SYR,NY,AEA,EN,Combined TRACON& Tower with Radar,60,83,19,9,171,0,1,37,8,46,60,84,56,17,217,24,18,42,259
04/14/2009,SYR,NY,AEA,EN,Combined TRACON& Tower with Radar,64,83,23,13,183,0,0,26,8,34,64,83,49,21,217,102,116,218,435
04/15/2009,SYR,NY,AEA,EN,Combined TRACON& Tower with Radar,65,81,31,21,198,0,4,30,3,37,65,85,61,24,235,82,70,152,387
04/16/2009,SYR,NY,AEA,EN,Combined TRACON& Tower with Radar,76,90,25,3,194,0,3,27,3,33,76,93,52,6,227,22,10,32,259
04/17/2009,SYR,NY,AEA,EN,Combined TRACON& Tower with Radar,61,92,21,9,183,0,2,46,4,52,61,94,67,13,235,100,82,182,417
04/18/2009,SYR,NY,AEA,EN,Combined TRACON& Tower with Radar,53,54,22,0,129,0,2,9,0,11,53,56,31,0,140,0,0,0,140
04/19/2009,SYR,NY,AEA,EN,Combined TRACON& Tower with Radar,50,65,19,0,134,0,0,31,0,31,50,65,50,0,165,102,48,150,315
04/20/2009,SYR,NY,AEA,EN,Combined TRACON& Tower with Radar,57,75,19,8,159,0,0,3,0,3,57,75,22,8,162,0,0,0,162
04/21/2009,SYR,NY,AEA,EN,Combined TRACON& Tower with Radar,61,81,35,13,190,0,0,13,1,14,61,81,48,14,204,18,4,22,226
04/22/2009,SYR,NY,AEA,EN,Combined TRACON& Tower with Radar,65,86,31,12,194,0,1,15,0,16,65,87,46,12,210,10,14,24,234
04/23/2009,SYR,NY,AEA,EN,Combined TRACON& Tower with Radar,67,85,20,12,184,0,1,7,0,8,67,86,27,12,192,0,0,0,192
04/24/2009,SYR,NY,AEA,EN,Combined TRACON& Tower with Radar,66,82,29,9,186,0,1,55,1,57,66,83,84,10,243,112,92,204,447
04/25/2009,SYR,NY,AEA,EN,Combined TRACON& Tower with Radar,55,52,16,0,123,0,0,23,3,26,55,52,39,3,149,0,0,0,149
04/26/2009,SYR,NY,AEA,EN,Combined TRACON& Tower with Radar,49,64,13,0,126,0,0,21,0,21,49,64,34,0,147,8,0,8,155
04/27/2009,SYR,NY,AEA,EN,Combined TRACON& Tower with Radar,64,83,15,5,167,0,0,38,1,39,64,83,53,6,206,102,84,186,392
04/28/2009,SYR,NY,AEA,EN,Combined TRACON& Tower with Radar,66,88,17,17,188,0,0,13,3,16,66,88,30,20,204,0,0,0,204
04/29/2009,SYR,NY,AEA,EN,Combined TRACON& Tower with Radar,65,93,25,15,198,0,2,48,4,54,65,95,73,19,252,0,0,0,252
04/30/2009,SYR,NY,AEA,EN,Combined TRACON& Tower with Radar,68,91,21,11,191,0,1,17,3,21,68,92,38,14,212,122,96,218,430
05/01/2009,SYR,NY,AEA,EN,Combined TRACON& Tower with Radar,65,80,18,9,172,0,1,7,0,8,65,81,25,9,180,0,0,0,180
05/02/2009,SYR,NY,AEA,EN,Combined TRACON& Tower with Radar,51,55,12,2,120,0,0,16,0,16,51,55,28,2,136,0,0,0,136
05/03/2009,SYR,NY,AEA,EN,Combined TRACON& Tower with Radar,47,61,9,12,129,0,0,28,5,33,47,61,37,17,162,30,28,58,220
05/04/2009,SYR,NY,AEA,EN,Combined TRACON& Tower with Radar,53,73,30,8,164,1,0,25,2,28,54,73,55,10,192,102,74,176,368
05/05/2009,SYR,NY,AEA,EN,Combined TRACON& Tower with Radar,62,83,24,33,202,0,0,12,6,18,62,83,36,39,220,0,0,0,220
05/06/2009,SYR,NY,AEA,EN,Combined TRACON& Tower with Radar,61,89,34,25,209,0,0,27,4,31,61,89,61,29,240,60,60,120,360
05/07/2009,SYR,NY,AEA,EN,Combined TRACON& Tower with Radar,64,87,30,9,190,0,0,3,0,3,64,87,33,9,193,82,78,160,353
05/08/2009,SYR,NY,AEA,EN,Combined TRACON& Tower with Radar,61,93,28,3,185,0,1,22,0,23,61,94,50,3,208,0,0,0,208
05/09/2009,SYR,NY,AEA,EN,Combined TRACON& Tower with Radar,51,66,23,1,141,0,0,34,0,34,51,66,57,1,175,11,0,11,186
05/10/2009,SYR,NY,AEA,EN,Combined TRACON& Tower with Radar,50,73,19,2,144,0,0,9,0,9,50,73,28,2,153,0,0,0,153
05/11/2009,SYR,NY,AEA,EN,Combined TRACON& Tower with Radar,58,82,29,9,178,0,0,45,0,45,58,82,74,9,223,68,34,102,325
05/12/2009,SYR,NY,AEA,EN,Combined TRACON& Tower with Radar,58,89,32,13,192,0,0,46,3,49,58,89,78,16,241,0,0,0,241
05/13/2009,SYR,NY,AEA,EN,Combined TRACON& Tower with Radar,66,84,37,14,201,0,4,37,2,43,66,88,74,16,244,4,6,10,254
05/14/2009,SYR,NY,AEA,EN,Combined TRACON& Tower with Radar,63,99,35,3,200,0,0,4,0,4,63,99,39,3,204,0,0,0,204
05/15/2009,SYR,NY,AEA,EN,Combined TRACON& Tower with Radar,64,91,30,13,198,0,1,32,7,40,64,92,62,20,238,12,6,18,256
05/16/2009,SYR,NY,AEA,EN,Combined TRACON& Tower with Radar,55,52,10,5,122,0,0,5,0,5,55,52,15,5,127,0,0,0,127
05/17/2009,SYR,NY,AEA,EN,Combined TRACON& Tower with Radar,48,73,15,1,137,0,0,17,0,17,48,73,32,1,154,0,0,0,154
05/18/2009,SYR,NY,AEA,EN,Combined TRACON& Tower with Radar,56,87,25,4,172,0,1,46,3,50,56,88,71,7,222,30,14,44,266
05/19/2009,SYR,NY,AEA,EN,Combined TRACON& Tower with Radar,65,91,24,28,208,0,0,44,2,46,65,91,68,30,254,0,0,0,254
05/20/2009,SYR,NY,AEA,EN,Combined TRACON& Tower with Radar,61,90,35,15,201,0,3,51,4,58,61,93,86,19,259,158,62,220,479
05/21/2009,SYR,NY,AEA,EN,Combined TRACON& Tower with Radar,66,90,31,12,199,0,4,36,5,45,66,94,67,17,244,8,14,22,266
05/22/2009,SYR,NY,AEA,EN,Combined TRACON& Tower with Radar,59,86,25,0,170,0,2,30,0,32,59,88,55,0,202,0,0,0,202
05/23/2009,SYR,NY,AEA,EN,Combined TRACON& Tower with Radar,55,51,13,0,119,0,0,33,0,33,55,51,46,0,152,0,0,0,152
05/24/2009,SYR,NY,AEA,EN,Combined TRACON& Tower with Radar,42,49,6,0,97,0,0,15,0,15,42,49,21,0,112,0,0,0,112
05/25/2009,SYR,NY,AEA,EN,Combined TRACON& Tower with Radar,48,80,13,2,143,0,0,33,3,36,48,80,46,5,179,6,0,6,185
05/26/2009,SYR,NY,AEA,EN,Combined TRACON& Tower with Radar,61,86,29,30,206,0,0,25,2,27,61,86,54,32,233,11,39,50,283
05/27/2009,SYR,NY,AEA,EN,Combined TRACON& Tower with Radar,66,81,29,8,184,0,0,13,0,13,66,81,42,8,197,0,0,0,197
05/28/2009,SYR,NY,AEA,EN,Combined TRACON& Tower with Radar,63,91,30,6,190,0,0,8,1,9,63,91,38,7,199,6,4,10,209
05/29/2009,SYR,NY,AEA,EN,Combined TRACON& Tower with Radar,62,88,32,2,184,0,0,10,0,10,62,88,42,2,194,0,0,0,194
05/30/2009,SYR,NY,AEA,EN,Combined TRACON& Tower with Radar,57,53,29,0,139,0,0,23,0,23,57,53,52,0,162,11,0,11,173
05/31/2009,SYR,NY,AEA,EN,Combined TRACON& Tower with Radar,52,66,20,0,138,0,0,13,0,13,52,66,33,0,151,90,4,94,245
06/01/2009,SYR,NY,AEA,EN,Combined TRACON& Tower with Radar,58,83,22,7,170,0,1,24,3,28,58,84,46,10,198,0,0,0,198
06/02/2009,SYR,NY,AEA,EN,Combined TRACON& Tower with Radar,64,86,35,11,196,0,0,30,4,34,64,86,65,15,230,22,10,32,262
06/03/2009,SYR,NY,AEA,EN,Combined TRACON& Tower with Radar,61,83,22,9,175,0,4,40,2,46,61,87,62,11,221,2,8,10,231
06/04/2009,SYR,NY,AEA,EN,Combined TRACON& Tower with Radar,57,99,35,9,200,0,3,42,4,49,57,102,77,13,249,113,58,171,420
06/05/2009,SYR,NY,AEA,EN,Combined TRACON& Tower with Radar,54,93,29,11,187,0,0,44,2,46,54,93,73,13,233,72,10,82,315
06/06/2009,SYR,NY,AEA,EN,Combined TRACON& Tower with Radar,45,70,17,8,140,0,0,20,0,20,45,70,37,8,160,0,0,0,160
06/07/2009,SYR,NY,AEA,EN,Combined TRACON& Tower with Radar,45,73,15,12,145,0,0,20,3,23,45,73,35,15,168,22,15,37,205
06/08/2009,SYR,NY,AEA,EN,Combined TRACON& Tower with Radar,47,91,22,7,167,0,0,16,5,21,47,91,38,12,188,0,0,0,188
06/09/2009,SYR,NY,AEA,EN,Combined TRACON& Tower with Radar,52,77,38,7,174,0,0,13,8,21,52,77,51,15,195,0,0,0,195
06/10/2009,SYR,NY,AEA,EN,Combined TRACON& Tower with Radar,56,93,26,5,180,0,0,39,3,42,56,93,65,8,222,0,0,0,222
06/11/2009,SYR,NY,AEA,EN,Combined TRACON& Tower with Radar,54,92,29,7,182,0,1,6,1,8,54,93,35,8,190,4,2,6,196
06/12/2009,SYR,NY,AEA,EN,Combined TRACON& Tower with Radar,53,104,36,1,194,0,0,18,0,18,53,104,54,1,212,0,0,0,212
06/13/2009,SYR,NY,AEA,EN,Combined TRACON& Tower with Radar,40,76,18,0,134,0,0,9,2,11,40,76,27,2,145,8,0,8,153
06/14/2009,SYR,NY,AEA,EN,Combined TRACON& Tower with Radar,44,81,16,0,141,0,2,17,0,19,44,83,33,0,160,0,0,0,160
06/15/2009,SYR,NY,AEA,EN,Combined TRACON& Tower with Radar,54,90,29,15,188,0,0,35,2,37,54,90,64,17,225,26,8,34,259
06/16/2009,SYR,NY,AEA,EN,Combined TRACON& Tower with Radar,57,93,43,34,227,0,1,41,1,43,57,94,84,35,270,12,74,86,356
06/17/2009,SYR,NY,AEA,EN,Combined TRACON& Tower with Radar,54,96,30,5,185,0,1,19,6,26,54,97,49,11,211,18,12,30,241
06/18/2009,SYR,NY,AEA,EN,Combined TRACON& Tower with Radar,57,97,24,9,187,0,0,2,0,2,57,97,26,9,189,0,0,0,189
06/19/2009,SYR,NY,AEA,EN,Combined TRACON& Tower with Radar,53,100,35,8,196,0,0,6,0,6,53,100,41,8,202,0,0,0,202
06/20/2009,SYR,NY,AEA,EN,Combined TRACON& Tower with Radar,38,70,7,0,115,0,0,4,0,4,38,70,11,0,119,0,0,0,119
06/21/2009,SYR,NY,AEA,EN,Combined TRACON& Tower with Radar,44,74,20,0,138,0,0,2,0,2,44,74,22,0,140,0,0,0,140
06/22/2009,SYR,NY,AEA,EN,Combined TRACON& Tower with Radar,49,92,30,9,180,0,0,27,0,27,49,92,57,9,207,63,0,63,270
06/23/2009,SYR,NY,AEA,EN,Combined TRACON& Tower with Radar,55,98,21,22,196,0,1,34,1,36,55,99,55,23,232,30,12,42,274
06/24/2009,SYR,NY,AEA,EN,Combined TRACON& Tower with Radar,56,101,28,7,192,0,0,51,1,52,56,101,79,8,244,38,9,47,291
06/25/2009,SYR,NY,AEA,EN,Combined TRACON& Tower with Radar,51,102,39,9,201,0,0,29,2,31,51,102,68,11,232,0,0,0,232
06/26/2009,SYR,NY,AEA,EN,Combined TRACON& Tower with Radar,61,89,16,5,171,0,0,16,0,16,61,89,32,5,187,0,0,0,187
06/27/2009,SYR,NY,AEA,EN,Combined TRACON& Tower with Radar,41,78,14,0,133,0,0,1,0,1,41,78,15,0,134,0,0,0,134
06/28/2009,SYR,NY,AEA,EN,Combined TRACON& Tower with Radar,47,74,20,0,141,0,0,21,0,21,47,74,41,0,162,173,8,181,343
06/29/2009,SYR,NY,AEA,EN,Combined TRACON& Tower with Radar,50,92,25,9,176,0,0,11,2,13,50,92,36,11,189,12,0,12,201
06/30/2009,SYR,NY,AEA,EN,Combined TRACON& Tower with Radar,56,97,27,5,185,0,0,14,1,15,56,97,41,6,200,0,0,0,200
07/01/2009,SYR,NY,AEA,EN,Combined TRACON& Tower with Radar,59,100,37,3,199,0,0,23,0,23,59,100,60,3,222,94,23,117,339
07/02/2009,SYR,NY,AEA,EN,Combined TRACON& Tower with Radar,55,91,39,0,185,0,0,4,0,4,55,91,43,0,189,0,0,0,189
07/03/2009,SYR,NY,AEA,EN,Combined TRACON& Tower with Radar,45,68,12,0,125,0,0,13,0,13,45,68,25,0,138,0,0,0,138
07/04/2009,SYR,NY,AEA,EN,Combined TRACON& Tower with Radar,27,56,5,0,88,0,0,8,0,8,27,56,13,0,96,0,0,0,96
07/05/2009,SYR,NY,AEA,EN,Combined TRACON& Tower with Radar,46,81,15,0,142,0,2,45,0,47,46,83,60,0,189,18,0,18,207
07/06/2009,SYR,NY,AEA,EN,Combined TRACON& Tower with Radar,47,97,33,7,184,0,0,31,5,36,47,97,64,12,220,16,0,16,236
07/07/2009,SYR,NY,AEA,EN,Combined TRACON& Tower with Radar,53,91,14,7,165,0,0,24,4,28,53,91,38,11,193,0,0,0,193
07/08/2009,SYR,NY,AEA,EN,Combined TRACON& Tower with Radar,53,105,38,9,205,0,1,25,0,26,53,106,63,9,231,8,8,16,247
07/09/2009,SYR,NY,AEA,EN,Combined TRACON& Tower with Radar,59,94,31,10,194,0,2,45,3,50,59,96,76,13,244,8,0,8,252
07/10/2009,SYR,NY,AEA,EN,Combined TRACON& Tower with Radar,51,99,31,15,196,0,2,62,0,64,51,101,93,15,260,26,4,30,290
07/11/2009,SYR,NY,AEA,EN,Combined TRACON& Tower with Radar,39,73,10,2,124,0,0,2,0,2,39,73,12,2,126,0,0,0,126
07/12/2009,SYR,NY,AEA,EN,Combined TRACON& Tower with Radar,46,79,33,3,161,0,0,45,2,47,46,79,78,5,208,87,16,103,311
07/13/2009,SYR,NY,AEA,EN,Combined TRACON& Tower with Radar,47,93,32,7,179,0,3,36,8,47,47,96,68,15,226,24,10,34,260
07/14/2009,SYR,NY,AEA,EN,Combined TRACON& Tower with Radar,56,101,20,11,188,0,1,57,1,59,56,102,77,12,247,8,5,13,260
07/15/2009,SYR,NY,AEA,EN,Combined TRACON& Tower with Radar,54,98,28,7,187,0,2,54,4,60,54,100,82,11,247,16,10,26,273
07/16/2009,SYR,NY,AEA,EN,Combined TRACON& Tower with Radar,56,103,23,12,194,0,2,19,0,21,56,105,42,12,215,0,0,0,215
07/17/2009,SYR,NY,AEA,EN,Combined TRACON& Tower with Radar,56,97,28,14,195,0,0,20,0,20,56,97,48,14,215,16,2,18,233
07/18/2009,SYR,NY,AEA,EN,Combined TRACON& Tower with Radar,46,72,25,10,153,0,2,20,0,22,46,74,45,10,175,24,0,24,199
07/19/2009,SYR,NY,AEA,EN,Combined TRACON& Tower with Radar,42,78,16,0,136,0,0,33,0,33,42,78,49,0,169,50,16,66,235
07/20/2009,SYR,NY,AEA,EN,Combined TRACON& Tower with Radar,49,98,24,9,180,7,0,46,2,55,56,98,70,11,235,32,0,32,267
07/21/2009,SYR,NY,AEA,EN,Combined TRACON& Tower with Radar,54,95,27,29,205,0,0,17,3,20,54,95,44,32,225,52,55,107,332
07/22/2009,SYR,NY,AEA,EN,Combined TRACON& Tower with Radar,49,102,46,13,210,0,0,42,0,42,49,102,88,13,252,10,0,10,262
07/23/2009,SYR,NY,AEA,EN,Combined TRACON& Tower with Radar,52,99,37,15,203,0,0,14,0,14,52,99,51,15,217,0,0,0,217
07/24/2009,SYR,NY,AEA,EN,Combined TRACON& Tower with Radar,52,102,25,2,181,0,0,10,0,10,52,102,35,2,191,42,2,44,235
07/25/2009,SYR,NY,AEA,EN,Combined TRACON& Tower with Radar,37,74,18,5,134,0,1,33,0,34,37,75,51,5,168,80,10,90,258
07/26/2009,SYR,NY,AEA,EN,Combined TRACON& Tower with Radar,46,69,23,0,138,0,0,15,0,15,46,69,38,0,153,3,0,3,156
07/27/2009,SYR,NY,AEA,EN,Combined TRACON& Tower with Radar,51,94,46,6,197,0,1,34,1,36,51,95,80,7,233,139,20,159,392
07/28/2009,SYR,NY,AEA,EN,Combined TRACON& Tower with Radar,57,93,33,11,194,0,0,32,4,36,57,93,65,15,230,110,30,140,370
07/29/2009,SYR,NY,AEA,EN,Combined TRACON& Tower with Radar,63,91,26,4,184,0,0,14,0,14,63,91,40,4,198,0,0,0,198
07/30/2009,SYR,NY,AEA,EN,Combined TRACON& Tower with Radar,58,107,34,6,205,0,1,53,3,57,58,108,87,9,262,0,0,0,262
07/31/2009,SYR,NY,AEA,EN,Combined TRACON& Tower with Radar,50,87,31,1,169,0,0,17,0,17,50,87,48,1,186,10,8,18,204
08/01/2009,SYR,NY,AEA,EN,Combined TRACON& Tower with Radar,36,71,17,0,124,0,0,52,0,52,36,71,69,0,176,105,1,106,282
08/02/2009,SYR,NY,AEA,EN,Combined TRACON& Tower with Radar,42,65,18,5,130,0,1,8,0,9,42,66,26,5,139,2,0,2,141
08/03/2009,SYR,NY,AEA,EN,Combined TRACON& Tower with Radar,50,90,22,27,189,0,0,52,3,55,50,90,74,30,244,0,0,0,244
08/04/2009,SYR,NY,AEA,EN,Combined TRACON& Tower with Radar,51,101,32,18,202,0,3,60,3,66,51,104,92,21,268,36,14,50,318
08/05/2009,SYR,NY,AEA,EN,Combined TRACON& Tower with Radar,55,103,37,12,207,0,5,39,2,46,55,108,76,14,253,0,0,0,253
08/06/2009,SYR,NY,AEA,EN,Combined TRACON& Tower with Radar,54,101,32,4,191,0,2,46,7,55,54,103,78,11,246,88,54,142,388
08/07/2009,SYR,NY,AEA,EN,Combined TRACON& Tower with Radar,50,101,33,12,196,0,0,36,1,37,50,101,69,13,233,0,0,0,233
08/08/2009,SYR,NY,AEA,EN,Combined TRACON& Tower with Radar,43,70,12,12,137,0,0,35,1,36,43,70,47,13,173,161,42,203,376
08/09/2009,SYR,NY,AEA,EN,Combined TRACON& Tower with Radar,43,75,15,10,143,0,0,2,0,2,43,75,17,10,145,14,12,26,171
08/10/2009,SYR,NY,AEA,EN,Combined TRACON& Tower with Radar,53,85,29,4,171,0,0,12,0,12,53,85,41,4,183,10,4,14,197
08/11/2009,SYR,NY,AEA,EN,Combined TRACON& Tower with Radar,56,100,29,23,208,0,0,44,2,46,56,100,73,25,254,58,24,82,336
08/12/2009,SYR,NY,AEA,EN,Combined TRACON& Tower with Radar,56,96,20,12,184,0,0,40,3,43,56,96,60,15,227,0,0,0,227
08/13/2009,SYR,NY,AEA,EN,Combined TRACON& Tower with Radar,56,106,50,11,223,0,0,25,2,27,56,106,75,13,250,59,22,81,331
08/14/2009,SYR,NY,AEA,EN,Combined TRACON& Tower with Radar,50,105,34,0,189,0,2,47,0,49,50,107,81,0,238,22,0,22,260
08/15/2009,SYR,NY,AEA,EN,Combined TRACON& Tower with Radar,40,71,15,0,126,0,1,22,0,23,40,72,37,0,149,0,0,0,149
08/16/2009,SYR,NY,AEA,EN,Combined TRACON& Tower with Radar,43,71,18,18,150,0,0,15,0,15,43,71,33,18,165,40,10,50,215
08/17/2009,SYR,NY,AEA,EN,Combined TRACON& Tower with Radar,47,97,19,12,175,0,2,19,6,27,47,99,38,18,202,0,0,0,202
08/18/2009,SYR,NY,AEA,EN,Combined TRACON& Tower with Radar,53,103,51,11,218,0,0,12,1,13,53,103,63,12,231,0,0,0,231
08/19/2009,SYR,NY,AEA,EN,Combined TRACON& Tower with Radar,45,108,39,9,201,0,1,44,0,45,45,109,83,9,246,10,10,20,266
08/20/2009,SYR,NY,AEA,EN,Combined TRACON& Tower with Radar,52,102,27,7,188,0,2,24,1,27,52,104,51,8,215,0,0,0,215
08/21/2009,SYR,NY,AEA,EN,Combined TRACON& Tower with Radar,50,98,31,7,186,0,0,8,0,8,50,98,39,7,194,0,0,0,194
08/22/2009,SYR,NY,AEA,EN,Combined TRACON& Tower with Radar,39,74,16,0,129,0,0,24,0,24,39,74,40,0,153,59,0,59,212
08/23/2009,SYR,NY,AEA,EN,Combined TRACON& Tower with Radar,43,66,18,0,127,0,0,5,0,5,43,66,23,0,132,0,0,0,132
08/24/2009,SYR,NY,AEA,EN,Combined TRACON& Tower with Radar,44,94,32,3,173,0,0,28,6,34,44,94,60,9,207,0,9,9,216
08/25/2009,SYR,NY,AEA,EN,Combined TRACON& Tower with Radar,49,101,34,14,198,0,1,34,3,38,49,102,68,17,236,12,12,24,260
08/26/2009,SYR,NY,AEA,EN,Combined TRACON& Tower with Radar,47,108,25,12,192,0,4,20,1,25,47,112,45,13,217,0,0,0,217
08/27/2009,SYR,NY,AEA,EN,Combined TRACON& Tower with Radar,51,98,50,4,203,0,2,51,3,56,51,100,101,7,259,12,8,20,279
08/28/2009,SYR,NY,AEA,EN,Combined TRACON& Tower with Radar,55,111,46,1,213,0,1,38,1,40,55,112,84,2,253,26,0,26,279
08/29/2009,SYR,NY,AEA,EN,Combined TRACON& Tower with Radar,37,74,8,0,119,0,0,5,0,5,37,74,13,0,124,0,0,0,124
08/30/2009,SYR,NY,AEA,EN,Combined TRACON& Tower with Radar,40,79,19,0,138,0,0,28,0,28,40,79,47,0,166,45,0,45,211
08/31/2009,SYR,NY,AEA,EN,Combined TRACON& Tower with Radar,47,98,22,3,170,0,0,32,0,32,47,98,54,3,202,30,0,30,232
09/01/2009,SYR,NY,AEA,EN,Combined TRACON& Tower with Radar,49,102,28,7,186,0,2,41,3,46,49,104,69,10,232,106,44,150,382
09/02/2009,SYR,NY,AEA,EN,Combined TRACON& Tower with Radar,56,96,32,5,189,0,2,38,1,41,56,98,70,6,230,118,47,165,395
09/03/2009,SYR,NY,AEA,EN,Combined TRACON& Tower with Radar,62,95,47,5,209,0,5,45,4,54,62,100,92,9,263,12,4,16,279
09/04/2009,SYR,NY,AEA,EN,Combined TRACON& Tower with Radar,58,100,18,0,176,0,0,56,1,57,58,100,74,1,233,166,26,192,425
09/05/2009,SYR,NY,AEA,EN,Combined TRACON& Tower with Radar,45,62,17,0,124,0,0,30,0,30,45,62,47,0,154,0,0,0,154
09/06/2009,SYR,NY,AEA,EN,Combined TRACON& Tower with Radar,33,67,15,0,115,0,0,40,0,40,33,67,55,0,155,0,0,0,155
09/07/2009,SYR,NY,AEA,EN,Combined TRACON& Tower with Radar,50,71,18,0,139,0,0,32,0,32,50,71,50,0,171,18,0,18,189
09/08/2009,SYR,NY,AEA,EN,Combined TRACON& Tower with Radar,52,77,29,11,169,0,1,47,3,51,52,78,76,14,220,14,6,20,240
09/09/2009,SYR,NY,AEA,EN,Combined TRACON& Tower with Radar,57,95,35,1,188,0,1,22,0,23,57,96,57,1,211,0,0,0,211
09/10/2009,SYR,NY,AEA,EN,Combined TRACON& Tower with Radar,62,95,27,29,213,0,4,52,4,60,62,99,79,33,273,16,28,44,317
09/11/2009,SYR,NY,AEA,EN,Combined TRACON& Tower with Radar,55,83,28,4,170,0,0,20,2,22,55,83,48,6,192,0,0,0,192
09/12/2009,SYR,NY,AEA,EN,Combined TRACON& Tower with Radar,43,62,16,2,123,0,0,7,0,7,43,62,23,2,130,0,0,0,130
09/13/2009,SYR,NY,AEA,EN,Combined TRACON& Tower with Radar,51,66,38,12,167,0,0,18,2,20,51,66,56,14,187,45,2,47,234
09/14/2009,SYR,NY,AEA,EN,Combined TRACON& Tower with Radar,50,89,31,16,186,0,1,22,3,26,50,90,53,19,212,96,32,128,340
09/15/2009,SYR,NY,AEA,EN,Combined TRACON& Tower with Radar,55,100,26,11,192,0,0,32,1,33,55,100,58,12,225,133,24,157,382
09/16/2009,SYR,NY,AEA,EN,Combined TRACON& Tower with Radar,51,90,38,11,190,0,1,32,0,33,51,91,70,11,223,114,38,152,375
09/17/2009,SYR,NY,AEA,EN,Combined TRACON& Tower with Radar,58,111,43,5,217,0,0,25,0,25,58,111,68,5,242,94,12,106,348
09/18/2009,SYR,NY,AEA,EN,Combined TRACON& Tower with Radar,54,95,49,0,198,0,2,19,0,21,54,97,68,0,219,72,4,76,295
09/19/2009,SYR,NY,AEA,EN,Combined TRACON& Tower with Radar,37,67,33,0,137,0,0,32,0,32,37,67,65,0,169,6,0,6,175
09/20/2009,SYR,NY,AEA,EN,Combined TRACON& Tower with Radar,50,68,21,0,139,0,0,26,0,26,50,68,47,0,165,0,0,0,165
09/21/2009,SYR,NY,AEA,EN,Combined TRACON& Tower with Radar,53,91,25,7,176,0,0,27,3,30,53,91,52,10,206,72,8,80,286
09/22/2009,SYR,NY,AEA,EN,Combined TRACON& Tower with Radar,55,99,32,9,195,0,0,25,0,25,55,99,57,9,220,0,0,0,220
09/23/2009,SYR,NY,AEA,EN,Combined TRACON& Tower with Radar,55,107,37,14,213,0,0,17,0,17,55,107,54,14,230,4,0,4,234
09/24/2009,SYR,NY,AEA,EN,Combined TRACON& Tower with Radar,59,95,32,6,192,0,5,19,0,24,59,100,51,6,216,0,0,0,216
09/25/2009,SYR,NY,AEA,EN,Combined TRACON& Tower with Radar,58,100,30,18,206,0,4,43,1,48,58,104,73,19,254,50,31,81,335
09/26/2009,SYR,NY,AEA,EN,Combined TRACON& Tower with Radar,37,73,35,0,145,0,0,16,0,16,37,73,51,0,161,21,0,21,182
09/27/2009,SYR,NY,AEA,EN,Combined TRACON& Tower with Radar,47,68,17,0,132,0,0,4,0,4,47,68,21,0,136,0,0,0,136
09/28/2009,SYR,NY,AEA,EN,Combined TRACON& Tower with Radar,62,86,25,6,179,0,0,10,0,10,62,86,35,6,189,4,0,4,193
09/29/2009,SYR,NY,AEA,EN,Combined TRACON& Tower with Radar,54,98,26,0,178,0,1,5,0,6,54,99,31,0,184,0,0,0,184
09/30/2009,SYR,NY,AEA,EN,Combined TRACON& Tower with Radar,56,104,30,4,194,0,0,11,0,11,56,104,41,4,205,10,2,12,217
10/01/2009,SYR,NY,AEA,EN,Combined TRACON& Tower with Radar,56,100,36,8,200,0,0,10,0,10,56,100,46,8,210,16,12,28,238
10/02/2009,SYR,NY,AEA,EN,Combined TRACON& Tower with Radar,58,101,28,2,189,0,1,21,0,22,58,102,49,2,211,0,0,0,211
10/03/2009,SYR,NY,AEA,EN,Combined TRACON& Tower with Radar,37,65,12,6,120,0,2,15,0,17,37,67,27,6,137,0,0,0,137
10/04/2009,SYR,NY,AEA,EN,Combined TRACON& Tower with Radar,47,70,41,8,166,0,1,24,1,26,47,71,65,9,192,0,0,0,192
10/05/2009,SYR,NY,AEA,EN,Combined TRACON& Tower with Radar,51,87,31,7,176,0,0,6,0,6,51,87,37,7,182,0,0,0,182
10/06/2009,SYR,NY,AEA,EN,Combined TRACON& Tower with Radar,55,98,38,14,205,0,1,34,5,40,55,99,72,19,245,32,22,54,299
10/07/2009,SYR,NY,AEA,EN,Combined TRACON& Tower with Radar,58,83,27,12,180,0,0,2,1,3,58,83,29,13,183,4,0,4,187
10/08/2009,SYR,NY,AEA,EN,Combined TRACON& Tower with Radar,59,97,41,5,202,0,4,50,1,55,59,101,91,6,257,0,0,0,257
10/09/2009,SYR,NY,AEA,EN,Combined TRACON& Tower with Radar,56,105,27,0,188,0,0,5,0,5,56,105,32,0,193,0,0,0,193
10/10/2009,SYR,NY,AEA,EN,Combined TRACON& Tower with Radar,41,72,17,0,130,0,0,19,0,19,41,72,36,0,149,0,0,0,149
10/11/2009,SYR,NY,AEA,EN,Combined TRACON& Tower with Radar,50,67,13,0,130,0,2,38,0,40,50,69,51,0,170,22,0,22,192
10/12/2009,SYR,NY,AEA,EN,Combined TRACON& Tower with Radar,55,89,36,0,180,0,0,50,0,50,55,89,86,0,230,38,0,38,268
10/13/2009,SYR,NY,AEA,EN,Combined TRACON& Tower with Radar,55,102,31,3,191,0,0,6,0,6,55,102,37,3,197,0,0,0,197
10/14/2009,SYR,NY,AEA,EN,Combined TRACON& Tower with Radar,62,88,33,23,206,0,4,29,2,35,62,92,62,25,241,18,16,34,275
10/15/2009,SYR,NY,AEA,EN,Combined TRACON& Tower with Radar,57,96,27,4,184,0,1,20,0,21,57,97,47,4,205,0,0,0,205
10/16/2009,SYR,NY,AEA,EN,Combined TRACON& Tower with Radar,58,95,16,5,174,0,1,25,5,31,58,96,41,10,205,0,0,0,205
10/17/2009,SYR,NY,AEA,EN,Combined TRACON& Tower with Radar,37,65,17,2,121,0,0,23,0,23,37,65,40,2,144,0,0,0,144
10/18/2009,SYR,NY,AEA,EN,Combined TRACON& Tower with Radar,44,78,10,0,132,0,0,25,0,25,44,78,35,0,157,42,0,42,199
10/19/2009,SYR,NY,AEA,EN,Combined TRACON& Tower with Radar,58,84,22,15,179,0,2,68,1,71,58,86,90,16,250,45,0,45,295
10/20/2009,SYR,NY,AEA,EN,Combined TRACON& Tower with Radar,58,87,28,6,179,0,1,30,2,33,58,88,58,8,212,32,0,32,244
10/21/2009,SYR,NY,AEA,EN,Combined TRACON& Tower with Radar,57,99,33,19,208,0,3,52,0,55,57,102,85,19,263,52,22,74,337
10/22/2009,SYR,NY,AEA,EN,Combined TRACON& Tower with Radar,58,95,22,19,194,0,5,31,0,36,58,100,53,19,230,64,40,104,334
10/23/2009,SYR,NY,AEA,EN,Combined TRACON& Tower with Radar,58,92,26,0,176,0,0,8,0,8,58,92,34,0,184,0,0,0,184
10/24/2009,SYR,NY,AEA,EN,Combined TRACON& Tower with Radar,41,60,11,0,112,0,0,6,0,6,41,60,17,0,118,4,0,4,122
10/25/2009,SYR,NY,AEA,EN,Combined TRACON& Tower with Radar,35,88,22,0,145,0,0,22,0,22,35,88,44,0,167,40,0,40,207
10/26/2009,SYR,NY,AEA,EN,Combined TRACON& Tower with Radar,52,89,23,6,170,0,3,52,0,55,52,92,75,6,225,78,20,98,323
10/27/2009,SYR,NY,AEA,EN,Combined TRACON& Tower with Radar,62,84,24,6,176,0,1,18,4,23,62,85,42,10,199,16,8,24,223
10/28/2009,SYR,NY,AEA,EN,Combined TRACON& Tower with Radar,50,90,33,1,174,0,0,0,0,0,50,90,33,1,174,0,0,0,174
10/29/2009,SYR,NY,AEA,EN,Combined TRACON& Tower with Radar,61,109,51,10,231,0,0,8,1,9,61,109,59,11,240,20,0,20,260
10/30/2009,SYR,NY,AEA,EN,Combined TRACON& Tower with Radar,55,112,31,1,199,0,3,27,0,30,55,115,58,1,229,0,0,0,229
10/31/2009,SYR,NY,AEA,EN,Combined TRACON& Tower with Radar,43,68,24,4,139,0,0,0,0,0,43,68,24,4,139,0,0,0,139
11/01/2009,SYR,NY,AEA,EN,Combined TRACON& Tower with Radar,44,85,20,3,152,0,0,20,0,20,44,85,40,3,172,38,0,38,210
11/02/2009,SYR,NY,AEA,EN,Combined TRACON& Tower with Radar,52,94,20,9,175,0,1,43,4,48,52,95,63,13,223,0,0,0,223
11/03/2009,SYR,NY,AEA,EN,Combined TRACON& Tower with Radar,59,89,21,4,173,1,0,17,2,20,60,89,38,6,193,14,8,22,215
11/04/2009,SYR,NY,AEA,EN,Combined TRACON& Tower with Radar,54,92,14,3,163,0,2,26,5,33,54,94,40,8,196,20,48,68,264
11/05/2009,SYR,NY,AEA,EN,Combined TRACON& Tower with Radar,56,95,25,10,186,0,0,4,3,7,56,95,29,13,193,10,16,26,219
11/06/2009,SYR,NY,AEA,EN,Combined TRACON& Tower with Radar,58,92,33,1,184,0,1,15,0,16,58,93,48,1,200,0,0,0,200
11/07/2009,SYR,NY,AEA,EN,Combined TRACON& Tower with Radar,45,54,13,2,114,0,3,26,2,31,45,57,39,4,145,16,0,16,161
11/08/2009,SYR,NY,AEA,EN,Combined TRACON& Tower with Radar,39,76,16,18,149,0,0,76,3,79,39,76,92,21,228,97,16,113,341
11/09/2009,SYR,NY,AEA,EN,Combined TRACON& Tower with Radar,52,94,16,6,168,0,0,36,2,38,52,94,52,8,206,30,4,34,240
11/10/2009,SYR,NY,AEA,EN,Combined TRACON& Tower with Radar,52,94,24,12,182,0,0,23,5,28,52,94,47,17,210,110,8,118,328
11/11/2009,SYR,NY,AEA,EN,Combined TRACON& Tower with Radar,55,90,28,0,173,0,1,38,0,39,55,91,66,0,212,58,0,58,270
11/12/2009,SYR,NY,AEA,EN,Combined TRACON& Tower with Radar,59,103,27,4,193,0,6,36,0,42,59,109,63,4,235,52,18,70,305
11/13/2009,SYR,NY,AEA,EN,Combined TRACON& Tower with Radar,55,92,18,0,165,0,5,38,0,43,55,97,56,0,208,26,0,26,234
11/14/2009,SYR,NY,AEA,EN,Combined TRACON& Tower with Radar,47,57,12,0,116,0,1,7,0,8,47,58,19,0,124,22,0,22,146
11/15/2009,SYR,NY,AEA,EN,Combined TRACON& Tower with Radar,41,75,16,0,132,0,0,26,0,26,41,75,42,0,158,6,0,6,164
11/16/2009,SYR,NY,AEA,EN,Combined TRACON& Tower with Radar,49,92,34,9,184,0,0,34,4,38,49,92,68,13,222,22,10,32,254
11/17/2009,SYR,NY,AEA,EN,Combined TRACON& Tower with Radar,55,95,27,17,194,0,1,30,0,31,55,96,57,17,225,0,4,4,229
11/18/2009,SYR,NY,AEA,EN,Combined TRACON& Tower with Radar,54,97,25,11,187,0,0,25,2,27,54,97,50,13,214,0,0,0,214
11/19/2009,SYR,NY,AEA,EN,Combined TRACON& Tower with Radar,66,109,37,10,222,0,2,20,4,26,66,111,57,14,248,9,14,23,271
11/20/2009,SYR,NY,AEA,EN,Combined TRACON& Tower with Radar,57,99,20,4,180,0,0,21,0,21,57,99,41,4,201,0,0,0,201
11/21/2009,SYR,NY,AEA,EN,Combined TRACON& Tower with Radar,43,58,12,1,114,0,0,0,0,0,43,58,12,1,114,0,0,0,114
11/22/2009,SYR,NY,AEA,EN,Combined TRACON& Tower with Radar,36,79,23,0,138,0,0,20,0,20,36,79,43,0,158,0,0,0,158
11/23/2009,SYR,NY,AEA,EN,Combined TRACON& Tower with Radar,51,96,33,20,200,0,0,32,0,32,51,96,65,20,232,30,20,50,282
11/24/2009,SYR,NY,AEA,EN,Combined TRACON& Tower with Radar,62,96,40,10,208,0,0,14,0,14,62,96,54,10,222,82,36,118,340
11/25/2009,SYR,NY,AEA,EN,Combined TRACON& Tower with Radar,62,94,23,7,186,0,0,16,2,18,62,94,39,9,204,6,0,6,210
11/26/2009,SYR,NY,AEA,EN,Combined TRACON& Tower with Radar,36,34,2,0,72,0,0,7,0,7,36,34,9,0,79,0,0,0,79
11/27/2009,SYR,NY,AEA,EN,Combined TRACON& Tower with Radar,37,59,12,0,108,0,0,0,0,0,37,59,12,0,108,0,0,0,108
11/28/2009,SYR,NY,AEA,EN,Combined TRACON& Tower with Radar,45,74,6,0,125,0,0,1,0,1,45,74,7,0,126,0,0,0,126
11/29/2009,SYR,NY,AEA,EN,Combined TRACON& Tower with Radar,44,85,30,0,159,0,0,36,0,36,44,85,66,0,195,10,0,10,205
11/30/2009,SYR,NY,AEA,EN,Combined TRACON& Tower with Radar,48,96,15,0,159,0,0,0,0,0,48,96,15,0,159,6,2,8,167
12/01/2009,SYR,NY,AEA,EN,Combined TRACON& Tower with Radar,69,86,17,15,187,0,0,2,0,2,69,86,19,15,189,0,0,0,189
12/02/2009,SYR,NY,AEA,EN,Combined TRACON& Tower with Radar,56,104,28,7,195,0,0,30,0,30,56,104,58,7,225,10,4,14,239
12/03/2009,SYR,NY,AEA,EN,Combined TRACON& Tower with Radar,72,90,15,23,200,0,0,0,2,2,72,90,15,25,202,0,0,0,202
12/04/2009,SYR,NY,AEA,EN,Combined TRACON& Tower with Radar,54,103,21,13,191,0,0,12,0,12,54,103,33,13,203,0,0,0,203
12/05/2009,SYR,NY,AEA,EN,Combined TRACON& Tower with Radar,41,66,9,4,120,0,0,11,1,12,41,66,20,5,132,61,6,67,199
12/06/2009,SYR,NY,AEA,EN,Combined TRACON& Tower with Radar,34,78,15,0,127,0,0,18,0,18,34,78,33,0,145,8,0,8,153
12/07/2009,SYR,NY,AEA,EN,Combined TRACON& Tower with Radar,53,94,29,7,183,0,0,12,3,15,53,94,41,10,198,8,18,26,224
12/08/2009,SYR,NY,AEA,EN,Combined TRACON& Tower with Radar,54,94,29,2,179,0,0,19,4,23,54,94,48,6,202,12,8,20,222
12/09/2009,SYR,NY,AEA,EN,Combined TRACON& Tower with Radar,59,89,13,8,169,0,0,0,0,0,59,89,13,8,169,8,4,12,181
12/10/2009,SYR,NY,AEA,EN,Combined TRACON& Tower with Radar,60,108,23,6,197,0,0,2,0,2,60,108,25,6,199,0,0,0,199
12/11/2009,SYR,NY,AEA,EN,Combined TRACON& Tower with Radar,54,106,22,0,182,1,0,6,0,7,55,106,28,0,189,0,0,0,189
12/12/2009,SYR,NY,AEA,EN,Combined TRACON& Tower with Radar,37,62,22,0,121,0,2,13,0,15,37,64,35,0,136,0,0,0,136
12/13/2009,SYR,NY,AEA,EN,Combined TRACON& Tower with Radar,44,69,4,0,117,0,0,3,0,3,44,69,7,0,120,0,0,0,120
12/14/2009,SYR,NY,AEA,EN,Combined TRACON& Tower with Radar,50,90,29,7,176,0,0,9,0,9,50,90,38,7,185,6,4,10,195
12/15/2009,SYR,NY,AEA,EN,Combined TRACON& Tower with Radar,57,90,23,6,176,0,0,4,0,4,57,90,27,6,180,10,0,10,190
12/16/2009,SYR,NY,AEA,EN,Combined TRACON& Tower with Radar,59,98,12,2,171,0,0,0,0,0,59,98,12,2,171,0,0,0,171
12/17/2009,SYR,NY,AEA,EN,Combined TRACON& Tower with Radar,56,100,35,11,202,0,1,7,4,12,56,101,42,15,214,0,0,0,214
12/18/2009,SYR,NY,AEA,EN,Combined TRACON& Tower with Radar,47,101,26,2,176,0,0,35,0,35,47,101,61,2,211,20,16,36,247
12/19/2009,SYR,NY,AEA,EN,Combined TRACON& Tower with Radar,34,48,4,0,86,0,0,20,0,20,34,48,24,0,106,108,14,122,228
12/20/2009,SYR,NY,AEA,EN,Combined TRACON& Tower with Radar,34,47,17,0,98,0,0,11,0,11,34,47,28,0,109,4,0,4,113
12/21/2009,SYR,NY,AEA,EN,Combined TRACON& Tower with Radar,42,96,22,7,167,0,0,11,0,11,42,96,33,7,178,16,8,24,202
12/22/2009,SYR,NY,AEA,EN,Combined TRACON& Tower with Radar,62,102,27,6,197,0,0,6,0,6,62,102,33,6,203,48,0,48,251
12/23/2009,SYR,NY,AEA,EN,Combined TRACON& Tower with Radar,56,103,13,0,172,0,0,0,0,0,56,103,13,0,172,0,0,0,172
12/24/2009,SYR,NY,AEA,EN,Combined TRACON& Tower with Radar,54,69,7,0,130,0,0,6,0,6,54,69,13,0,136,28,0,28,164
12/25/2009,SYR,NY,AEA,EN,Combined TRACON& Tower with Radar,36,52,4,0,92,0,0,0,0,0,36,52,4,0,92,0,0,0,92
12/26/2009,SYR,NY,AEA,EN,Combined TRACON& Tower with Radar,40,55,6,0,101,0,0,0,0,0,40,55,6,0,101,0,0,0,101
12/27/2009,SYR,NY,AEA,EN,Combined TRACON& Tower with Radar,38,64,7,0,109,0,0,27,0,27,38,64,34,0,136,66,6,72,208
12/28/2009,SYR,NY,AEA,EN,Combined TRACON& Tower with Radar,46,77,11,0,134,0,0,0,0,0,46,77,11,0,134,0,0,0,134
12/29/2009,SYR,NY,AEA,EN,Combined TRACON& Tower with Radar,56,82,2,4,144,0,0,0,0,0,56,82,2,4,144,0,0,0,144
12/30/2009,SYR,NY,AEA,EN,Combined TRACON& Tower with Radar,60,84,27,10,181,0,1,15,1,17,60,85,42,11,198,10,6,16,214
12/31/2009,SYR,NY,AEA,EN,Combined TRACON& Tower with Radar,48,60,17,0,125,0,0,3,0,3,48,60,20,0,128,0,0,0,128
01/01/2010,SYR,NY,AEA,EN,Combined TRACON& Tower with Radar,42,53,4,0,99,0,0,0,0,0,42,53,4,0,99,0,0,0,99
01/02/2010,SYR,NY,AEA,EN,Combined TRACON& Tower with Radar,38,60,9,0,107,0,0,0,0,0,38,60,9,0,107,0,0,0,107
01/03/2010,SYR,NY,AEA,EN,Combined TRACON& Tower with Radar,35,73,7,0,115,0,0,0,0,0,35,73,7,0,115,0,0,0,115
01/04/2010,SYR,NY,AEA,EN,Combined TRACON& Tower with Radar,46,83,18,0,147,0,0,1,0,1,46,83,19,0,148,0,0,0,148
01/05/2010,SYR,NY,AEA,EN,Combined TRACON& Tower with Radar,62,86,19,0,167,0,0,0,0,0,62,86,19,0,167,0,0,0,167
01/06/2010,SYR,NY,AEA,EN,Combined TRACON& Tower with Radar,63,79,15,11,168,0,0,2,0,2,63,79,17,11,170,0,0,0,170
01/07/2010,SYR,NY,AEA,EN,Combined TRACON& Tower with Radar,51,89,10,1,151,0,0,1,0,1,51,89,11,1,152,0,0,0,152
01/08/2010,SYR,NY,AEA,EN,Combined TRACON& Tower with Radar,54,76,18,4,152,0,0,0,0,0,54,76,18,4,152,0,0,0,152
01/09/2010,SYR,NY,AEA,EN,Combined TRACON& Tower with Radar,40,56,13,5,114,0,0,3,0,3,40,56,16,5,117,0,0,0,117
01/10/2010,SYR,NY,AEA,EN,Combined TRACON& Tower with Radar,47,55,15,19,136,0,0,10,3,13,47,55,25,22,149,86,56,142,291
01/11/2010,SYR,NY,AEA,EN,Combined TRACON& Tower with Radar,46,79,32,10,167,0,0,14,1,15,46,79,46,11,182,70,34,104,286
01/12/2010,SYR,NY,AEA,EN,Combined TRACON& Tower with Radar,55,85,27,6,173,0,0,4,0,4,55,85,31,6,177,4,2,6,183
01/13/2010,SYR,NY,AEA,EN,Combined TRACON& Tower with Radar,57,88,19,6,170,0,1,5,0,6,57,89,24,6,176,0,0,0,176
01/14/2010,SYR,NY,AEA,EN,Combined TRACON& Tower with Radar,56,87,31,5,179,0,3,34,0,37,56,90,65,5,216,30,0,30,246
01/15/2010,SYR,NY,AEA,EN,Combined TRACON& Tower with Radar,51,87,27,0,165,0,0,2,0,2,51,87,29,0,167,0,0,0,167
01/16/2010,SYR,NY,AEA,EN,Combined TRACON& Tower with Radar,35,63,17,0,115,0,2,19,0,21,35,65,36,0,136,4,0,4,140
01/17/2010,SYR,NY,AEA,EN,Combined TRACON& Tower with Radar,42,61,15,0,118,0,0,12,0,12,42,61,27,0,130,10,0,10,140
01/18/2010,SYR,NY,AEA,EN,Combined TRACON& Tower with Radar,46,86,28,0,160,0,0,0,0,0,46,86,28,0,160,0,0,0,160
01/19/2010,SYR,NY,AEA,EN,Combined TRACON& Tower with Radar,51,82,21,6,160,0,0,4,0,4,51,82,25,6,164,0,0,0,164
01/20/2010,SYR,NY,AEA,EN,Combined TRACON& Tower with Radar,54,81,18,2,155,0,0,0,0,0,54,81,18,2,155,0,0,0,155
01/21/2010,SYR,NY,AEA,EN,Combined TRACON& Tower with Radar,55,89,23,5,172,0,3,49,0,52,55,92,72,5,224,0,0,0,224
01/22/2010,SYR,NY,AEA,EN,Combined TRACON& Tower with Radar,53,82,16,8,159,0,4,71,10,85,53,86,87,18,244,118,10,128,372
01/23/2010,SYR,NY,AEA,EN,Combined TRACON& Tower with Radar,38,65,26,0,129,0,0,39,0,39,38,65,65,0,168,98,0,98,266
01/24/2010,SYR,NY,AEA,EN,Combined TRACON& Tower with Radar,42,64,9,0,115,0,0,8,0,8,42,64,17,0,123,0,0,0,123
01/25/2010,SYR,NY,AEA,EN,Combined TRACON& Tower with Radar,50,83,12,3,148,0,0,0,0,0,50,83,12,3,148,0,0,0,148
01/26/2010,SYR,NY,AEA,EN,Combined TRACON& Tower with Radar,55,83,14,9,161,0,0,7,2,9,55,83,21,11,170,40,14,54,224
01/27/2010,SYR,NY,AEA,EN,Combined TRACON& Tower with Radar,54,86,24,8,172,0,1,10,3,14,54,87,34,11,186,8,10,18,204
01/28/2010,SYR,NY,AEA,EN,Combined TRACON& Tower with Radar,53,79,14,0,146,0,0,0,0,0,53,79,14,0,146,0,0,0,146
01/29/2010,SYR,NY,AEA,EN,Combined TRACON& Tower with Radar,52,83,20,0,155,0,0,5,1,6,52,83,25,1,161,0,0,0,161
01/30/2010,SYR,NY,AEA,EN,Combined TRACON& Tower with Radar,37,54,7,0,98,0,2,13,0,15,37,56,20,0,113,0,0,0,113
01/31/2010,SYR,NY,AEA,EN,Combined TRACON& Tower with Radar,43,56,7,0,106,0,0,19,0,19,43,56,26,0,125,0,0,0,125
02/01/2010,SYR,NY,AEA,EN,Combined TRACON& Tower with Radar,46,87,21,4,158,0,2,13,1,16,46,89,34,5,174,0,0,0,174
02/02/2010,SYR,NY,AEA,EN,Combined TRACON& Tower with Radar,52,93,24,5,174,0,0,15,2,17,52,93,39,7,191,0,0,0,191
02/03/2010,SYR,NY,AEA,EN,Combined TRACON& Tower with Radar,57,88,22,4,171,0,0,6,0,6,57,88,28,4,177,0,0,0,177
02/04/2010,SYR,NY,AEA,EN,Combined TRACON& Tower with Radar,57,83,16,5,161,0,2,33,0,35,57,85,49,5,196,0,0,0,196
02/05/2010,SYR,NY,AEA,EN,Combined TRACON& Tower with Radar,49,75,27,7,158,0,0,29,0,29,49,75,56,7,187,0,0,0,187
02/06/2010,SYR,NY,AEA,EN,Combined TRACON& Tower with Radar,21,44,11,7,83,0,0,24,0,24,21,44,35,7,107,0,0,0,107
02/07/2010,SYR,NY,AEA,EN,Combined TRACON& Tower with Radar,37,49,5,12,103,0,0,5,0,5,37,49,10,12,108,12,14,26,134
02/08/2010,SYR,NY,AEA,EN,Combined TRACON& Tower with Radar,44,72,13,8,137,0,0,6,0,6,44,72,19,8,143,0,0,0,143
02/09/2010,SYR,NY,AEA,EN,Combined TRACON& Tower with Radar,46,79,19,9,153,0,0,18,5,23,46,79,37,14,176,8,7,15,191
02/10/2010,SYR,NY,AEA,EN,Combined TRACON& Tower with Radar,36,50,10,3,99,0,0,2,0,2,36,50,12,3,101,0,0,0,101
02/11/2010,SYR,NY,AEA,EN,Combined TRACON& Tower with Radar,60,66,30,7,163,0,0,13,4,17,60,66,43,11,180,0,0,0,180
02/12/2010,SYR,NY,AEA,EN,Combined TRACON& Tower with Radar,62,93,17,0,172,0,11,14,0,25,62,104,31,0,197,80,22,102,299
02/13/2010,SYR,NY,AEA,EN,Combined TRACON& Tower with Radar,43,61,18,0,122,0,0,3,0,3,43,61,21,0,125,0,0,0,125
02/14/2010,SYR,NY,AEA,EN,Combined TRACON& Tower with Radar,64,62,9,0,135,0,0,2,0,2,64,62,11,0,137,0,0,0,137
02/15/2010,SYR,NY,AEA,EN,Combined TRACON& Tower with Radar,53,81,9,0,143,0,0,13,0,13,53,81,22,0,156,0,0,0,156
02/16/2010,SYR,NY,AEA,EN,Combined TRACON& Tower with Radar,74,69,13,7,163,0,0,3,0,3,74,69,16,7,166,8,12,20,186
02/17/2010,SYR,NY,AEA,EN,Combined TRACON& Tower with Radar,64,82,21,5,172,0,0,0,0,0,64,82,21,5,172,0,0,0,172
02/18/2010,SYR,NY,AEA,EN,Combined TRACON& Tower with Radar,64,87,21,2,174,0,0,2,0,2,64,87,23,2,176,0,0,0,176
02/19/2010,SYR,NY,AEA,EN,Combined TRACON& Tower with Radar,62,80,6,0,148,0,0,0,0,0,62,80,6,0,148,0,0,0,148
02/20/2010,SYR,NY,AEA,EN,Combined TRACON& Tower with Radar,50,54,15,4,123,0,0,11,0,11,50,54,26,4,134,0,0,0,134
02/21/2010,SYR,NY,AEA,EN,Combined TRACON& Tower with Radar,52,62,14,0,128,0,1,16,0,17,52,63,30,0,145,86,8,94,239
02/22/2010,SYR,NY,AEA,EN,Combined TRACON& Tower with Radar,54,83,15,2,154,0,0,23,0,23,54,83,38,2,177,57,4,61,238
02/23/2010,SYR,NY,AEA,EN,Combined TRACON& Tower with Radar,61,90,15,4,170,0,0,7,0,7,61,90,22,4,177,0,0,0,177
02/24/2010,SYR,NY,AEA,EN,Combined TRACON& Tower with Radar,65,83,21,8,177,0,0,0,0,0,65,83,21,8,177,0,0,0,177
02/25/2010,SYR,NY,AEA,EN,Combined TRACON& Tower with Radar,55,41,16,0,112,0,0,0,0,0,55,41,16,0,112,0,0,0,112
02/26/2010,SYR,NY,AEA,EN,Combined TRACON& Tower with Radar,52,68,14,0,134,0,0,3,0,3,52,68,17,0,137,46,4,50,187
02/27/2010,SYR,NY,AEA,EN,Combined TRACON& Tower with Radar,49,62,13,0,124,0,0,0,0,0,49,62,13,0,124,0,0,0,124
02/28/2010,SYR,NY,AEA,EN,Combined TRACON& Tower with Radar,53,69,17,0,139,0,0,3,0,3,53,69,20,0,142,30,0,30,172
03/01/2010,SYR,NY,AEA,EN,Combined TRACON& Tower with Radar,66,75,18,4,163,0,0,4,0,4,66,75,22,4,167,0,0,0,167
03/02/2010,SYR,NY,AEA,EN,Combined TRACON& Tower with Radar,76,68,28,4,176,0,2,21,4,27,76,70,49,8,203,0,10,10,213
03/03/2010,SYR,NY,AEA,EN,Combined TRACON& Tower with Radar,67,85,14,1,167,0,0,14,1,15,67,85,28,2,182,40,12,52,234
03/04/2010,SYR,NY,AEA,EN,Combined TRACON& Tower with Radar,68,82,34,8,192,0,4,37,3,44,68,86,71,11,236,64,10,74,310
03/05/2010,SYR,NY,AEA,EN,Combined TRACON& Tower with Radar,63,79,32,2,176,0,0,29,2,31,63,79,61,4,207,116,4,120,327
03/06/2010,SYR,NY,AEA,EN,Combined TRACON& Tower with Radar,52,55,17,3,127,0,2,25,0,27,52,57,42,3,154,64,24,88,242
03/07/2010,SYR,NY,AEA,EN,Combined TRACON& Tower with Radar,48,70,17,0,135,0,0,23,0,23,48,70,40,0,158,60,0,60,218
03/08/2010,SYR,NY,AEA,EN,Combined TRACON& Tower with Radar,61,81,27,1,170,0,7,39,2,48,61,88,66,3,218,8,0,8,226
03/09/2010,SYR,NY,AEA,EN,Combined TRACON& Tower with Radar,63,90,28,1,182,0,1,51,4,56,63,91,79,5,238,18,0,18,256
03/10/2010,SYR,NY,AEA,EN,Combined TRACON& Tower with Radar,70,89,24,1,184,0,1,26,1,28,70,90,50,2,212,36,0,36,248
03/11/2010,SYR,NY,AEA,EN,Combined TRACON& Tower with Radar,70,80,45,0,195,0,0,34,0,34,70,80,79,0,229,28,0,28,257
03/12/2010,SYR,NY,AEA,EN,Combined TRACON& Tower with Radar,64,79,22,2,167,0,0,8,0,8,64,79,30,2,175,10,0,10,185
03/13/2010,SYR,NY,AEA,EN,Combined TRACON& Tower with Radar,48,55,11,0,114,0,0,8,0,8,48,55,19,0,122,0,0,0,122
03/14/2010,SYR,NY,AEA,EN,Combined TRACON& Tower with Radar,47,64,11,0,122,0,0,2,0,2,47,64,13,0,124,0,0,0,124
03/15/2010,SYR,NY,AEA,EN,Combined TRACON& Tower with Radar,57,69,33,2,161,0,0,15,3,18,57,69,48,5,179,28,18,46,225
03/16/2010,SYR,NY,AEA,EN,Combined TRACON& Tower with Radar,66,73,23,2,164,0,1,28,0,29,66,74,51,2,193,12,0,12,205
03/17/2010,SYR,NY,AEA,EN,Combined TRACON& Tower with Radar,75,74,30,4,183,0,0,40,0,40,75,74,70,4,223,8,0,8,231
03/18/2010,SYR,NY,AEA,EN,Combined TRACON& Tower with Radar,68,81,26,2,177,0,1,47,2,50,68,82,73,4,227,37,4,41,268
03/19/2010,SYR,NY,AEA,EN,Combined TRACON& Tower with Radar,69,70,18,2,159,1,1,20,0,22,70,71,38,2,181,16,0,16,197
03/20/2010,SYR,NY,AEA,EN,Combined TRACON& Tower with Radar,55,45,20,0,120,0,1,25,0,26,55,46,45,0,146,29,0,29,175
03/21/2010,SYR,NY,AEA,EN,Combined TRACON& Tower with Radar,50,69,11,0,130,0,0,15,0,15,50,69,26,0,145,0,0,0,145
03/22/2010,SYR,NY,AEA,EN,Combined TRACON& Tower with Radar,64,80,24,16,184,0,0,12,0,12,64,80,36,16,196,5,18,23,219
03/23/2010,SYR,NY,AEA,EN,Combined TRACON& Tower with Radar,73,80,18,2,173,0,0,6,0,6,73,80,24,2,179,0,0,0,179
03/24/2010,SYR,NY,AEA,EN,Combined TRACON& Tower with Radar,66,80,23,4,173,0,2,17,0,19,66,82,40,4,192,4,10,14,206
03/25/2010,SYR,NY,AEA,EN,Combined TRACON& Tower with Radar,71,95,73,4,243,1,0,13,0,14,72,95,86,4,257,21,18,39,296
03/26/2010,SYR,NY,AEA,EN,Combined TRACON& Tower with Radar,65,88,50,9,212,1,0,17,0,18,66,88,67,9,230,37,12,49,279
03/27/2010,SYR,NY,AEA,EN,Combined TRACON& Tower with Radar,49,67,63,4,183,0,4,45,0,49,49,71,108,4,232,50,24,74,306
03/28/2010,SYR,NY,AEA,EN,Combined TRACON& Tower with Radar,54,71,38,0,163,0,0,11,0,11,54,71,49,0,174,0,0,0,174
03/29/2010,SYR,NY,AEA,EN,Combined TRACON& Tower with Radar,74,66,28,3,171,0,0,3,0,3,74,66,31,3,174,0,0,0,174
03/30/2010,SYR,NY,AEA,EN,Combined TRACON& Tower with Radar,70,79,19,4,172,0,0,4,0,4,70,79,23,4,176,0,0,0,176
03/31/2010,SYR,NY,AEA,EN,Combined TRACON& Tower with Radar,69,80,29,3,181,0,0,19,3,22,69,80,48,6,203,47,16,63,266
04/01/2010,SYR,NY,AEA,EN,Combined TRACON& Tower with Radar,72,79,25,0,176,0,0,47,4,51,72,79,72,4,227,10,0,10,237
04/02/2010,SYR,NY,AEA,EN,Combined TRACON& Tower with Radar,66,90,18,0,174,0,0,56,0,56,66,90,74,0,230,126,6,132,362
04/03/2010,SYR,NY,AEA,EN,Combined TRACON& Tower with Radar,47,53,15,0,115,0,1,37,0,38,47,54,52,0,153,8,0,8,161
04/04/2010,SYR,NY,AEA,EN,Combined TRACON& Tower with Radar,53,61,12,0,126,0,0,21,0,21,53,61,33,0,147,0,0,0,147
04/05/2010,SYR,NY,AEA,EN,Combined TRACON& Tower with Radar,59,78,22,1,160,0,3,38,0,41,59,81,60,1,201,98,0,98,299
04/06/2010,SYR,NY,AEA,EN,Combined TRACON& Tower with Radar,61,87,32,3,183,0,0,2,0,2,61,87,34,3,185,23,0,23,208
04/07/2010,SYR,NY,AEA,EN,Combined TRACON& Tower with Radar,68,91,22,1,182,0,1,25,3,29,68,92,47,4,211,0,0,0,211
04/08/2010,SYR,NY,AEA,EN,Combined TRACON& Tower with Radar,63,93,21,3,180,0,1,9,1,11,63,94,30,4,191,28,1,29,220
04/09/2010,SYR,NY,AEA,EN,Combined TRACON& Tower with Radar,62,83,18,29,192,0,0,18,1,19,62,83,36,30,211,12,28,40,251
04/10/2010,SYR,NY,AEA,EN,Combined TRACON& Tower with Radar,43,57,13,3,116,0,0,11,0,11,43,57,24,3,127,0,0,0,127
04/11/2010,SYR,NY,AEA,EN,Combined TRACON& Tower with Radar,53,68,14,0,135,0,1,25,2,28,53,69,39,2,163,0,0,0,163
04/12/2010,SYR,NY,AEA,EN,Combined TRACON& Tower with Radar,60,83,21,1,165,0,2,41,2,45,60,85,62,3,210,88,18,106,316
04/13/2010,SYR,NY,AEA,EN,Combined TRACON& Tower with Radar,67,82,25,3,177,0,4,33,3,40,67,86,58,6,217,50,9,59,276
04/14/2010,SYR,NY,AEA,EN,Combined TRACON& Tower with Radar,64,87,21,5,177,0,2,53,1,56,64,89,74,6,233,0,0,0,233
04/15/2010,SYR,NY,AEA,EN,Combined TRACON& Tower with Radar,61,91,29,17,198,0,3,23,3,29,61,94,52,20,227,56,40,96,323
04/16/2010,SYR,NY,AEA,EN,Combined TRACON& Tower with Radar,56,93,23,0,172,0,0,14,0,14,56,93,37,0,186,0,0,0,186
04/17/2010,SYR,NY,AEA,EN,Combined TRACON& Tower with Radar,47,56,11,0,114,0,0,7,0,7,47,56,18,0,121,0,0,0,121
04/18/2010,SYR,NY,AEA,EN,Combined TRACON& Tower with Radar,57,66,27,0,150,0,0,11,0,11,57,66,38,0,161,102,0,102,263
04/19/2010,SYR,NY,AEA,EN,Combined TRACON& Tower with Radar,58,78,24,0,160,0,2,42,0,44,58,80,66,0,204,74,6,80,284
04/20/2010,SYR,NY,AEA,EN,Combined TRACON& Tower with Radar,59,90,14,4,167,0,0,54,0,54,59,90,68,4,221,24,0,24,245
04/21/2010,SYR,NY,AEA,EN,Combined TRACON& Tower with Radar,69,79,15,0,163,0,2,28,0,30,69,81,43,0,193,6,0,6,199
04/22/2010,SYR,NY,AEA,EN,Combined TRACON& Tower with Radar,66,85,23,0,174,0,0,19,0,19,66,85,42,0,193,4,0,4,197
04/23/2010,SYR,NY,AEA,EN,Combined TRACON& Tower with Radar,58,90,21,2,171,0,4,44,0,48,58,94,65,2,219,26,2,28,247
04/24/2010,SYR,NY,AEA,EN,Combined TRACON& Tower with Radar,48,55,19,0,122,0,0,48,0,48,48,55,67,0,170,43,0,43,213
04/25/2010,SYR,NY,AEA,EN,Combined TRACON& Tower with Radar,51,62,19,0,132,0,0,9,0,9,51,62,28,0,141,0,0,0,141
04/26/2010,SYR,NY,AEA,EN,Combined TRACON& Tower with Radar,59,81,29,0,169,0,0,13,0,13,59,81,42,0,182,42,0,42,224
04/27/2010,SYR,NY,AEA,EN,Combined TRACON& Tower with Radar,60,84,22,3,169,0,1,5,0,6,60,85,27,3,175,6,0,6,181
04/28/2010,SYR,NY,AEA,EN,Combined TRACON& Tower with Radar,64,90,33,1,188,0,0,11,0,11,64,90,44,1,199,0,0,0,199
04/29/2010,SYR,NY,AEA,EN,Combined TRACON& Tower with Radar,65,93,22,0,180,0,0,25,0,25,65,93,47,0,205,38,0,38,243
04/30/2010,SYR,NY,AEA,EN,Combined TRACON& Tower with Radar,57,96,29,2,184,0,0,35,0,35,57,96,64,2,219,0,0,0,219
05/01/2010,SYR,NY,AEA,EN,Combined TRACON& Tower with Radar,53,46,21,0,120,0,2,19,0,21,53,48,40,0,141,37,0,37,178
05/02/2010,SYR,NY,AEA,EN,Combined TRACON& Tower with Radar,50,68,11,2,131,0,0,8,0,8,50,68,19,2,139,54,0,54,193
05/03/2010,SYR,NY,AEA,EN,Combined TRACON& Tower with Radar,52,79,18,4,153,0,1,7,4,12,52,80,25,8,165,108,8,116,281
05/04/2010,SYR,NY,AEA,EN,Combined TRACON& Tower with Radar,59,92,21,4,176,0,0,9,0,9,59,92,30,4,185,0,0,0,185
05/05/2010,SYR,NY,AEA,EN,Combined TRACON& Tower with Radar,65,87,17,0,169,0,2,54,2,58,65,89,71,2,227,0,0,0,227
05/06/2010,SYR,NY,AEA,EN,Combined TRACON& Tower with Radar,59,93,17,0,169,0,0,20,0,20,59,93,37,0,189,8,2,10,199
05/07/2010,SYR,NY,AEA,EN,Combined TRACON& Tower with Radar,59,84,30,6,179,1,0,61,2,64,60,84,91,8,243,0,0,0,243
05/08/2010,SYR,NY,AEA,EN,Combined TRACON& Tower with Radar,45,56,10,0,111,0,0,2,0,2,45,56,12,0,113,10,0,10,123
05/09/2010,SYR,NY,AEA,EN,Combined TRACON& Tower with Radar,45,75,12,2,134,0,0,0,0,0,45,75,12,2,134,0,0,0,134
05/10/2010,SYR,NY,AEA,EN,Combined TRACON& Tower with Radar,55,88,27,0,170,0,1,49,1,51,55,89,76,1,221,26,3,29,250
05/11/2010,SYR,NY,AEA,EN,Combined TRACON& Tower with Radar,57,85,27,0,169,0,0,21,0,21,57,85,48,0,190,68,2,70,260
05/12/2010,SYR,NY,AEA,EN,Combined TRACON& Tower with Radar,58,95,33,10,196,0,1,11,2,14,58,96,44,12,210,54,10,64,274
05/13/2010,SYR,NY,AEA,EN,Combined TRACON& Tower with Radar,56,107,32,2,197,0,2,25,0,27,56,109,57,2,224,0,14,14,238
05/14/2010,SYR,NY,AEA,EN,Combined TRACON& Tower with Radar,52,107,39,0,198,0,2,17,0,19,52,109,56,0,217,14,2,16,233
05/15/2010,SYR,NY,AEA,EN,Combined TRACON& Tower with Radar,48,69,34,0,151,0,0,22,1,23,48,69,56,1,174,10,0,10,184
05/16/2010,SYR,NY,AEA,EN,Combined TRACON& Tower with Radar,44,87,37,2,170,0,0,40,0,40,44,87,77,2,210,102,0,102,312
05/17/2010,SYR,NY,AEA,EN,Combined TRACON& Tower with Radar,51,99,31,2,183,0,0,38,0,38,51,99,69,2,221,68,4,72,293
05/18/2010,SYR,NY,AEA,EN,Combined TRACON& Tower with Radar,57,94,26,0,177,0,0,18,2,20,57,94,44,2,197,11,0,11,208
05/19/2010,SYR,NY,AEA,EN,Combined TRACON& Tower with Radar,59,98,31,11,199,0,0,22,0,22,59,98,53,11,221,13,22,35,256
05/20/2010,SYR,NY,AEA,EN,Combined TRACON& Tower with Radar,61,101,36,1,199,0,1,61,2,64,61,102,97,3,263,72,20,92,355
05/21/2010,SYR,NY,AEA,EN,Combined TRACON& Tower with Radar,53,95,41,2,191,0,1,56,4,61,53,96,97,6,252,118,4,122,374
05/22/2010,SYR,NY,AEA,EN,Combined TRACON& Tower with Radar,52,63,18,0,133,0,0,24,0,24,52,63,42,0,157,72,0,72,229
05/23/2010,SYR,NY,AEA,EN,Combined TRACON& Tower with Radar,52,69,26,0,147,0,0,30,0,30,52,69,56,0,177,69,4,73,250
05/24/2010,SYR,NY,AEA,EN,Combined TRACON& Tower with Radar,50,97,22,16,185,0,0,42,5,47,50,97,64,21,232,206,41,247,479
05/25/2010,SYR,NY,AEA,EN,Combined TRACON& Tower with Radar,64,99,28,3,194,0,0,34,9,43,64,99,62,12,237,158,12,170,407
05/26/2010,SYR,NY,AEA,EN,Combined TRACON& Tower with Radar,60,101,42,1,204,0,4,91,2,97,60,105,133,3,301,0,0,0,301
05/27/2010,SYR,NY,AEA,EN,Combined TRACON& Tower with Radar,59,92,26,35,212,0,0,36,2,38,59,92,62,37,250,69,44,113,363
05/28/2010,SYR,NY,AEA,EN,Combined TRACON& Tower with Radar,54,100,38,0,192,0,0,48,0,48,54,100,86,0,240,4,18,22,262
05/29/2010,SYR,NY,AEA,EN,Combined TRACON& Tower with Radar,40,65,6,0,111,0,0,30,0,30,40,65,36,0,141,36,3,39,180
05/30/2010,SYR,NY,AEA,EN,Combined TRACON& Tower with Radar,37,69,10,0,116,0,1,51,0,52,37,70,61,0,168,37,2,39,207
05/31/2010,SYR,NY,AEA,EN,Combined TRACON& Tower with Radar,43,78,19,2,142,0,0,31,0,31,43,78,50,2,173,12,0,12,185
06/01/2010,SYR,NY,AEA,EN,Combined TRACON& Tower with Radar,53,91,18,2,164,0,0,9,0,9,53,91,27,2,173,8,0,8,181
06/02/2010,SYR,NY,AEA,EN,Combined TRACON& Tower with Radar,58,97,30,2,187,0,0,49,0,49,58,97,79,2,236,28,3,31,267
06/03/2010,SYR,NY,AEA,EN,Combined TRACON& Tower with Radar,59,106,30,6,201,0,0,11,0,11,59,106,41,6,212,30,4,34,246
06/04/2010,SYR,NY,AEA,EN,Combined TRACON& Tower with Radar,53,100,24,0,177,0,3,35,2,40,53,103,59,2,217,50,7,57,274
06/05/2010,SYR,NY,AEA,EN,Combined TRACON& Tower with Radar,39,64,5,8,116,0,0,2,0,2,39,64,7,8,118,56,19,75,193
06/06/2010,SYR,NY,AEA,EN,Combined TRACON& Tower with Radar,54,76,9,1,140,0,0,0,0,0,54,76,9,1,140,28,0,28,168
06/07/2010,SYR,NY,AEA,EN,Combined TRACON& Tower with Radar,55,85,30,1,171,0,0,42,1,43,55,85,72,2,214,18,0,18,232
06/08/2010,SYR,NY,AEA,EN,Combined TRACON& Tower with Radar,66,93,37,4,200,0,0,55,2,57,66,93,92,6,257,10,0,10,267
06/09/2010,SYR,NY,AEA,EN,Combined TRACON& Tower with Radar,56,97,24,3,180,0,0,14,0,14,56,97,38,3,194,0,0,0,194
06/10/2010,SYR,NY,AEA,EN,Combined TRACON& Tower with Radar,69,84,32,5,190,0,0,23,1,24,69,84,55,6,214,30,6,36,250
06/11/2010,SYR,NY,AEA,EN,Combined TRACON& Tower with Radar,59,86,39,4,188,0,1,54,1,56,59,87,93,5,244,28,8,36,280
06/12/2010,SYR,NY,AEA,EN,Combined TRACON& Tower with Radar,42,70,12,0,124,0,0,3,0,3,42,70,15,0,127,0,0,0,127
06/13/2010,SYR,NY,AEA,EN,Combined TRACON& Tower with Radar,50,67,30,0,147,0,0,13,0,13,50,67,43,0,160,0,0,0,160
06/14/2010,SYR,NY,AEA,EN,Combined TRACON& Tower with Radar,56,93,53,11,213,0,0,43,2,45,56,93,96,13,258,24,10,34,292
06/15/2010,SYR,NY,AEA,EN,Combined TRACON& Tower with Radar,61,88,32,2,183,0,0,57,3,60,61,88,89,5,243,32,3,35,278
06/16/2010,SYR,NY,AEA,EN,Combined TRACON& Tower with Radar,69,92,21,2,184,0,0,4,0,4,69,92,25,2,188,12,1,13,201
06/17/2010,SYR,NY,AEA,EN,Combined TRACON& Tower with Radar,65,90,38,2,195,0,0,14,0,14,65,90,52,2,209,0,0,0,209
06/18/2010,SYR,NY,AEA,EN,Combined TRACON& Tower with Radar,60,85,20,1,166,0,3,63,0,66,60,88,83,1,232,55,2,57,289
06/19/2010,SYR,NY,AEA,EN,Combined TRACON& Tower with Radar,46,67,25,0,138,0,0,31,0,31,46,67,56,0,169,56,22,78,247
06/20/2010,SYR,NY,AEA,EN,Combined TRACON& Tower with Radar,48,82,11,0,141,0,0,13,0,13,48,82,24,0,154,90,12,102,256
06/21/2010,SYR,NY,AEA,EN,Combined TRACON& Tower with Radar,55,86,25,2,168,0,1,49,2,52,55,87,74,4,220,0,0,0,220
06/22/2010,SYR,NY,AEA,EN,Combined TRACON& Tower with Radar,62,89,28,3,182,0,0,26,1,27,62,89,54,4,209,0,0,0,209
06/23/2010,SYR,NY,AEA,EN,Combined TRACON& Tower with Radar,70,88,23,2,183,0,1,31,1,33,70,89,54,3,216,0,0,0,216
06/24/2010,SYR,NY,AEA,EN,Combined TRACON& Tower with Radar,66,86,36,2,190,0,1,8,1,10,66,87,44,3,200,4,0,4,204
06/25/2010,SYR,NY,AEA,EN,Combined TRACON& Tower with Radar,69,82,34,8,193,0,1,72,4,77,69,83,106,12,270,106,16,122,392
06/26/2010,SYR,NY,AEA,EN,Combined TRACON& Tower with Radar,44,62,28,0,134,0,0,16,0,16,44,62,44,0,150,6,0,6,156
06/27/2010,SYR,NY,AEA,EN,Combined TRACON& Tower with Radar,47,71,17,2,137,0,0,31,2,33,47,71,48,4,170,54,4,58,228
06/28/2010,SYR,NY,AEA,EN,Combined TRACON& Tower with Radar,56,85,23,1,165,0,0,6,0,6,56,85,29,1,171,39,2,41,212
06/29/2010,SYR,NY,AEA,EN,Combined TRACON& Tower with Radar,70,87,25,4,186,0,0,25,3,28,70,87,50,7,214,70,6,76,290
06/30/2010,SYR,NY,AEA,EN,Combined TRACON& Tower with Radar,70,94,24,0,188,0,1,49,2,52,70,95,73,2,240,36,2,38,278
07/01/2010,SYR,NY,AEA,EN,Combined TRACON& Tower with Radar,68,87,30,0,185,0,2,39,3,44,68,89,69,3,229,0,0,0,229
07/02/2010,SYR,NY,AEA,EN,Combined TRACON& Tower with Radar,62,85,23,0,170,0,0,39,2,41,62,85,62,2,211,20,4,24,235
07/03/2010,SYR,NY,AEA,EN,Combined TRACON& Tower with Radar,39,64,13,0,116,0,2,36,0,38,39,66,49,0,154,12,0,12,166
07/04/2010,SYR,NY,AEA,EN,Combined TRACON& Tower with Radar,41,56,6,0,103,0,0,13,0,13,41,56,19,0,116,0,0,0,116
07/05/2010,SYR,NY,AEA,EN,Combined TRACON& Tower with Radar,47,73,17,0,137,0,1,29,2,32,47,74,46,2,169,0,0,0,169
07/06/2010,SYR,NY,AEA,EN,Combined TRACON& Tower with Radar,61,73,30,1,165,0,0,52,1,53,61,73,82,2,218,16,0,16,234
07/07/2010,SYR,NY,AEA,EN,Combined TRACON& Tower with Radar,72,85,30,2,189,0,1,38,0,39,72,86,68,2,228,10,0,10,238
07/08/2010,SYR,NY,AEA,EN,Combined TRACON& Tower with Radar,71,89,26,5,191,0,2,38,1,41,71,91,64,6,232,0,0,0,232
07/09/2010,SYR,NY,AEA,EN,Combined TRACON& Tower with Radar,68,88,16,1,173,0,0,13,0,13,68,88,29,1,186,21,3,24,210
07/10/2010,SYR,NY,AEA,EN,Combined TRACON& Tower with Radar,41,59,18,0,118,0,0,56,0,56,41,59,74,0,174,0,0,0,174
07/11/2010,SYR,NY,AEA,EN,Combined TRACON& Tower with Radar,48,70,9,0,127,0,0,45,0,45,48,70,54,0,172,36,1,37,209
07/12/2010,SYR,NY,AEA,EN,Combined TRACON& Tower with Radar,56,79,21,0,156,0,0,33,0,33,56,79,54,0,189,0,0,0,189
07/13/2010,SYR,NY,AEA,EN,Combined TRACON& Tower with Radar,66,84,21,0,171,1,0,16,2,19,67,84,37,2,190,0,0,0,190
07/14/2010,SYR,NY,AEA,EN,Combined TRACON& Tower with Radar,69,80,29,4,182,0,0,12,0,12,69,80,41,4,194,58,6,64,258
07/15/2010,SYR,NY,AEA,EN,Combined TRACON& Tower with Radar,67,81,45,0,193,0,0,47,0,47,67,81,92,0,240,138,10,148,388
07/16/2010,SYR,NY,AEA,EN,Combined TRACON& Tower with Radar,77,83,29,2,191,0,0,8,0,8,77,83,37,2,199,0,0,0,199
07/17/2010,SYR,NY,AEA,EN,Combined TRACON& Tower with Radar,40,69,17,0,126,0,0,23,0,23,40,69,40,0,149,9,0,9,158
07/18/2010,SYR,NY,AEA,EN,Combined TRACON& Tower with Radar,53,67,17,1,138,0,1,18,1,20,53,68,35,2,158,0,0,0,158
07/19/2010,SYR,NY,AEA,EN,Combined TRACON& Tower with Radar,60,76,25,0,161,0,0,32,0,32,60,76,57,0,193,22,0,22,215
07/20/2010,SYR,NY,AEA,EN,Combined TRACON& Tower with Radar,71,81,17,0,169,0,0,29,4,33,71,81,46,4,202,14,6,20,222
07/21/2010,SYR,NY,AEA,EN,Combined TRACON& Tower with Radar,64,82,24,0,170,0,1,22,0,23,64,83,46,0,193,0,0,0,193
07/22/2010,SYR,NY,AEA,EN,Combined TRACON& Tower with Radar,65,91,28,0,184,0,1,41,0,42,65,92,69,0,226,22,0,22,248
07/23/2010,SYR,NY,AEA,EN,Combined TRACON& Tower with Radar,63,95,22,0,180,0,1,0,0,1,63,96,22,0,181,88,0,88,269
07/24/2010,SYR,NY,AEA,EN,Combined TRACON& Tower with Radar,47,64,22,0,133,0,0,0,0,0,47,64,22,0,133,88,0,88,221
07/25/2010,SYR,NY,AEA,EN,Combined TRACON& Tower with Radar,56,74,24,0,154,0,0,32,0,32,56,74,56,0,186,66,2,68,254
07/26/2010,SYR,NY,AEA,EN,Combined TRACON& Tower with Radar,59,80,34,0,173,0,0,41,2,43,59,80,75,2,216,12,0,12,228
07/27/2010,SYR,NY,AEA,EN,Combined TRACON& Tower with Radar,74,81,33,0,188,0,2,55,5,62,74,83,88,5,250,38,7,45,295
07/28/2010,SYR,NY,AEA,EN,Combined TRACON& Tower with Radar,69,93,24,0,186,0,2,33,0,35,69,95,57,0,221,176,6,182,403
07/29/2010,SYR,NY,AEA,EN,Combined TRACON& Tower with Radar,68,85,24,0,177,0,0,33,2,35,68,85,57,2,212,0,0,0,212
07/30/2010,SYR,NY,AEA,EN,Combined TRACON& Tower with Radar,66,84,21,2,173,0,0,40,0,40,66,84,61,2,213,30,0,30,243
07/31/2010,SYR,NY,AEA,EN,Combined TRACON& Tower with Radar,46,62,8,0,116,0,3,39,0,42,46,65,47,0,158,161,0,161,319
08/01/2010,SYR,NY,AEA,EN,Combined TRACON& Tower with Radar,49,66,29,0,144,0,1,19,2,22,49,67,48,2,166,38,0,38,204
08/02/2010,SYR,NY,AEA,EN,Combined TRACON& Tower with Radar,61,79,32,0,172,0,0,25,0,25,61,79,57,0,197,0,0,0,197
08/03/2010,SYR,NY,AEA,EN,Combined TRACON& Tower with Radar,72,87,29,0,188,0,1,22,2,25,72,88,51,2,213,165,0,165,378
08/04/2010,SYR,NY,AEA,EN,Combined TRACON& Tower with Radar,61,86,26,2,175,0,1,46,0,47,61,87,72,2,222,178,24,202,424
08/05/2010,SYR,NY,AEA,EN,Combined TRACON& Tower with Radar,70,83,36,0,189,0,1,19,0,20,70,84,55,0,209,197,11,208,417
08/06/2010,SYR,NY,AEA,EN,Combined TRACON& Tower with Radar,67,84,29,0,180,0,0,35,0,35,67,84,64,0,215,215,28,243,458
08/07/2010,SYR,NY,AEA,EN,Combined TRACON& Tower with Radar,43,70,11,3,127,0,1,37,0,38,43,71,48,3,165,142,18,160,325
08/08/2010,SYR,NY,AEA,EN,Combined TRACON& Tower with Radar,49,73,27,1,150,0,0,22,2,24,49,73,49,3,174,0,0,0,174
08/09/2010,SYR,NY,AEA,EN,Combined TRACON& Tower with Radar,57,82,23,0,162,0,0,28,0,28,57,82,51,0,190,0,0,0,190
08/10/2010,SYR,NY,AEA,EN,Combined TRACON& Tower with Radar,68,92,41,0,201,0,0,19,0,19,68,92,60,0,220,150,10,160,380
08/11/2010,SYR,NY,AEA,EN,Combined TRACON& Tower with Radar,71,82,29,0,182,0,1,34,0,35,71,83,63,0,217,120,0,120,337
08/12/2010,SYR,NY,AEA,EN,Combined TRACON& Tower with Radar,68,88,28,7,191,0,1,26,0,27,68,89,54,7,218,20,0,20,238
08/13/2010,SYR,NY,AEA,EN,Combined TRACON& Tower with Radar,63,85,33,5,186,0,0,60,0,60,63,85,93,5,246,77,8,85,331
08/14/2010,SYR,NY,AEA,EN,Combined TRACON& Tower with Radar,47,65,8,3,123,0,6,33,2,41,47,71,41,5,164,168,8,176,340
08/15/2010,SYR,NY,AEA,EN,Combined TRACON& Tower with Radar,47,78,14,0,139,0,0,0,0,0,47,78,14,0,139,0,0,0,139
08/16/2010,SYR,NY,AEA,EN,Combined TRACON& Tower with Radar,63,79,20,0,162,0,0,15,0,15,63,79,35,0,177,52,0,52,229
08/17/2010,SYR,NY,AEA,EN,Combined TRACON& Tower with Radar,64,91,47,0,202,0,2,52,0,54,64,93,99,0,256,107,0,107,363
08/18/2010,SYR,NY,AEA,EN,Combined TRACON& Tower with Radar,67,94,26,1,188,0,0,37,1,38,67,94,63,2,226,194,26,220,446
08/19/2010,SYR,NY,AEA,EN,Combined TRACON& Tower with Radar,63,91,22,0,176,0,0,42,0,42,63,91,64,0,218,26,0,26,244
08/20/2010,SYR,NY,AEA,EN,Combined TRACON& Tower with Radar,62,85,28,0,175,0,1,42,0,43,62,86,70,0,218,0,0,0,218
08/21/2010,SYR,NY,AEA,EN,Combined TRACON& Tower with Radar,43,72,20,0,135,0,0,20,0,20,43,72,40,0,155,68,6,74,229
08/22/2010,SYR,NY,AEA,EN,Combined TRACON& Tower with Radar,50,57,21,0,128,0,0,1,0,1,50,57,22,0,129,0,0,0,129
08/23/2010,SYR,NY,AEA,EN,Combined TRACON& Tower with Radar,68,89,34,0,191,0,0,6,0,6,68,89,40,0,197,44,0,44,241
08/24/2010,SYR,NY,AEA,EN,Combined TRACON& Tower with Radar,72,84,32,0,188,0,0,29,0,29,72,84,61,0,217,86,7,93,310
08/25/2010,SYR,NY,AEA,EN,Combined TRACON& Tower with Radar,68,91,34,3,196,0,0,23,0,23,68,91,57,3,219,33,0,33,252
08/26/2010,SYR,NY,AEA,EN,Combined TRACON& Tower with Radar,68,95,35,0,198,0,3,29,0,32,68,98,64,0,230,130,6,136,366
08/27/2010,SYR,NY,AEA,EN,Combined TRACON& Tower with Radar,56,91,39,1,187,0,2,61,0,63,56,93,100,1,250,102,7,109,359
08/28/2010,SYR,NY,AEA,EN,Combined TRACON& Tower with Radar,36,71,12,0,119,0,2,42,0,44,36,73,54,0,163,0,0,0,163
08/29/2010,SYR,NY,AEA,EN,Combined TRACON& Tower with Radar,50,78,21,1,150,0,0,46,0,46,50,78,67,1,196,0,0,0,196
08/30/2010,SYR,NY,AEA,EN,Combined TRACON& Tower with Radar,62,80,21,0,163,0,1,36,0,37,62,81,57,0,200,0,0,0,200
08/31/2010,SYR,NY,AEA,EN,Combined TRACON& Tower with Radar,62,88,29,0,179,0,0,33,0,33,62,88,62,0,212,69,3,72,284
09/01/2010,SYR,NY,AEA,EN,Combined TRACON& Tower with Radar,66,94,16,24,200,0,5,43,0,48,66,99,59,24,248,121,31,152,400
09/02/2010,SYR,NY,AEA,EN,Combined TRACON& Tower with Radar,66,86,28,0,180,0,0,32,4,36,66,86,60,4,216,22,0,22,238
09/03/2010,SYR,NY,AEA,EN,Combined TRACON& Tower with Radar,59,94,14,0,167,0,0,26,1,27,59,94,40,1,194,200,10,210,404
09/04/2010,SYR,NY,AEA,EN,Combined TRACON& Tower with Radar,36,72,15,0,123,0,1,17,0,18,36,73,32,0,141,0,0,0,141
09/05/2010,SYR,NY,AEA,EN,Combined TRACON& Tower with Radar,40,67,6,0,113,0,0,16,0,16,40,67,22,0,129,6,0,6,135
09/06/2010,SYR,NY,AEA,EN,Combined TRACON& Tower with Radar,49,74,16,0,139,0,0,47,0,47,49,74,63,0,186,73,4,77,263
09/07/2010,SYR,NY,AEA,EN,Combined TRACON& Tower with Radar,57,91,18,0,166,0,0,14,0,14,57,91,32,0,180,77,20,97,277
09/08/2010,SYR,NY,AEA,EN,Combined TRACON& Tower with Radar,56,107,22,0,185,0,0,15,0,15,56,107,37,0,200,8,0,8,208
09/09/2010,SYR,NY,AEA,EN,Combined TRACON& Tower with Radar,60,103,36,0,199,0,0,3,0,3,60,103,39,0,202,0,0,0,202
09/10/2010,SYR,NY,AEA,EN,Combined TRACON& Tower with Radar,59,96,26,3,184,0,1,23,0,24,59,97,49,3,208,82,20,102,310
09/11/2010,SYR,NY,AEA,EN,Combined TRACON& Tower with Radar,36,71,20,0,127,0,2,54,0,56,36,73,74,0,183,0,0,0,183
09/12/2010,SYR,NY,AEA,EN,Combined TRACON& Tower with Radar,57,68,27,0,152,0,0,4,0,4,57,68,31,0,156,72,30,102,258
09/13/2010,SYR,NY,AEA,EN,Combined TRACON& Tower with Radar,56,82,20,5,163,0,0,23,0,23,56,82,43,5,186,85,6,91,277
09/14/2010,SYR,NY,AEA,EN,Combined TRACON& Tower with Radar,57,94,18,21,190,0,0,27,2,29,57,94,45,23,219,48,8,56,275
09/15/2010,SYR,NY,AEA,EN,Combined TRACON& Tower with Radar,64,96,26,0,186,0,1,33,0,34,64,97,59,0,220,18,0,18,238
09/16/2010,SYR,NY,AEA,EN,Combined TRACON& Tower with Radar,57,96,44,0,197,0,3,14,0,17,57,99,58,0,214,34,12,46,260
09/17/2010,SYR,NY,AEA,EN,Combined TRACON& Tower with Radar,56,103,33,0,192,0,0,22,0,22,56,103,55,0,214,0,0,0,214
09/18/2010,SYR,NY,AEA,EN,Combined TRACON& Tower with Radar,36,66,11,0,113,0,1,32,0,33,36,67,43,0,146,62,14,76,222
09/19/2010,SYR,NY,AEA,EN,Combined TRACON& Tower with Radar,47,74,27,0,148,0,0,15,0,15,47,74,42,0,163,0,0,0,163
09/20/2010,SYR,NY,AEA,EN,Combined TRACON& Tower with Radar,53,84,22,0,159,0,1,27,0,28,53,85,49,0,187,104,12,116,303
09/21/2010,SYR,NY,AEA,EN,Combined TRACON& Tower with Radar,55,96,22,0,173,0,0,38,0,38,55,96,60,0,211,0,0,0,211
09/22/2010,SYR,NY,AEA,EN,Combined TRACON& Tower with Radar,61,97,24,18,200,0,0,5,0,5,61,97,29,18,205,118,31,149,354
09/23/2010,SYR,NY,AEA,EN,Combined TRACON& Tower with Radar,58,100,31,0,189,0,0,48,3,51,58,100,79,3,240,40,10,50,290
09/24/2010,SYR,NY,AEA,EN,Combined TRACON& Tower with Radar,60,95,37,0,192,0,1,20,0,21,60,96,57,0,213,0,0,0,213
09/25/2010,SYR,NY,AEA,EN,Combined TRACON& Tower with Radar,39,66,17,0,122,0,0,19,2,21,39,66,36,2,143,0,0,0,143
09/26/2010,SYR,NY,AEA,EN,Combined TRACON& Tower with Radar,48,80,51,0,179,0,0,31,0,31,48,80,82,0,210,60,0,60,270
09/27/2010,SYR,NY,AEA,EN,Combined TRACON& Tower with Radar,53,80,29,0,162,0,0,0,0,0,53,80,29,0,162,0,0,0,162
09/28/2010,SYR,NY,AEA,EN,Combined TRACON& Tower with Radar,58,90,22,1,171,0,0,7,1,8,58,90,29,2,179,0,0,0,179
09/29/2010,SYR,NY,AEA,EN,Combined TRACON& Tower with Radar,56,96,40,2,194,0,0,47,4,51,56,96,87,6,245,86,18,104,349
09/30/2010,SYR,NY,AEA,EN,Combined TRACON& Tower with Radar,54,86,27,0,167,0,0,0,0,0,54,86,27,0,167,0,0,0,167
10/01/2010,SYR,NY,AEA,EN,Combined TRACON& Tower with Radar,66,93,23,0,182,0,1,16,0,17,66,94,39,0,199,0,0,0,199
10/02/2010,SYR,NY,AEA,EN,Combined TRACON& Tower with Radar,41,71,18,0,130,0,1,44,0,45,41,72,62,0,175,0,0,0,175
10/03/2010,SYR,NY,AEA,EN,Combined TRACON& Tower with Radar,52,71,26,0,149,0,0,34,0,34,52,71,60,0,183,0,0,0,183
10/04/2010,SYR,NY,AEA,EN,Combined TRACON& Tower with Radar,51,92,28,0,171,0,10,10,0,20,51,102,38,0,191,0,0,0,191
10/05/2010,SYR,NY,AEA,EN,Combined TRACON& Tower with Radar,58,91,26,0,175,0,0,0,0,0,58,91,26,0,175,0,0,0,175
10/06/2010,SYR,NY,AEA,EN,Combined TRACON& Tower with Radar,56,100,30,0,186,0,1,18,0,19,56,101,48,0,205,0,0,0,205
10/07/2010,SYR,NY,AEA,EN,Combined TRACON& Tower with Radar,52,113,35,1,201,1,0,15,1,17,53,113,50,2,218,0,0,0,218
10/08/2010,SYR,NY,AEA,EN,Combined TRACON& Tower with Radar,51,110,14,0,175,0,2,40,0,42,51,112,54,0,217,102,0,102,319
10/09/2010,SYR,NY,AEA,EN,Combined TRACON& Tower with Radar,40,77,17,0,134,0,0,31,2,33,40,77,48,2,167,0,0,0,167
10/10/2010,SYR,NY,AEA,EN,Combined TRACON& Tower with Radar,45,91,13,0,149,0,1,43,0,44,45,92,56,0,193,0,0,0,193
10/11/2010,SYR,NY,AEA,EN,Combined TRACON& Tower with Radar,49,95,38,0,182,0,0,28,0,28,49,95,66,0,210,60,8,68,278
10/12/2010,SYR,NY,AEA,EN,Combined TRACON& Tower with Radar,54,101,16,0,171,0,0,25,0,25,54,101,41,0,196,56,2,58,254
10/13/2010,SYR,NY,AEA,EN,Combined TRACON& Tower with Radar,52,107,19,0,178,0,4,60,0,64,52,111,79,0,242,56,0,56,298
10/14/2010,SYR,NY,AEA,EN,Combined TRACON& Tower with Radar,49,96,26,0,171,1,0,9,0,10,50,96,35,0,181,0,0,0,181
10/15/2010,SYR,NY,AEA,EN,Combined TRACON& Tower with Radar,53,102,28,4,187,0,0,0,0,0,53,102,28,4,187,0,0,0,187
10/16/2010,SYR,NY,AEA,EN,Combined TRACON& Tower with Radar,43,75,20,0,138,0,0,14,0,14,43,75,34,0,152,92,0,92,244
10/17/2010,SYR,NY,AEA,EN,Combined TRACON& Tower with Radar,46,86,19,0,151,0,0,14,0,14,46,86,33,0,165,0,0,0,165
10/18/2010,SYR,NY,AEA,EN,Combined TRACON& Tower with Radar,48,95,21,0,164,0,0,18,0,18,48,95,39,0,182,56,0,56,238
10/19/2010,SYR,NY,AEA,EN,Combined TRACON& Tower with Radar,50,104,23,0,177,0,2,18,1,21,50,106,41,1,198,70,0,70,268
10/20/2010,SYR,NY,AEA,EN,Combined TRACON& Tower with Radar,58,102,18,1,179,0,1,30,0,31,58,103,48,1,210,0,0,0,210
10/21/2010,SYR,NY,AEA,EN,Combined TRACON& Tower with Radar,53,110,17,0,180,0,0,8,0,8,53,110,25,0,188,0,0,0,188
10/22/2010,SYR,NY,AEA,EN,Combined TRACON& Tower with Radar,52,105,20,0,177,0,0,15,0,15,52,105,35,0,192,0,0,0,192
10/23/2010,SYR,NY,AEA,EN,Combined TRACON& Tower with Radar,40,69,17,0,126,0,0,31,0,31,40,69,48,0,157,105,0,105,262
10/24/2010,SYR,NY,AEA,EN,Combined TRACON& Tower with Radar,49,72,22,0,143,0,0,8,0,8,49,72,30,0,151,36,0,36,187
10/25/2010,SYR,NY,AEA,EN,Combined TRACON& Tower with Radar,53,92,32,0,177,0,0,7,0,7,53,92,39,0,184,66,0,66,250
10/26/2010,SYR,NY,AEA,EN,Combined TRACON& Tower with Radar,53,89,29,0,171,0,0,25,0,25,53,89,54,0,196,6,0,6,202
10/27/2010,SYR,NY,AEA,EN,Combined TRACON& Tower with Radar,47,94,22,0,163,0,0,30,0,30,47,94,52,0,193,0,0,0,193
10/28/2010,SYR,NY,AEA,EN,Combined TRACON& Tower with Radar,61,100,20,12,193,0,0,19,0,19,61,100,39,12,212,76,28,104,316
10/29/2010,SYR,NY,AEA,EN,Combined TRACON& Tower with Radar,55,94,25,3,177,0,1,9,0,10,55,95,34,3,187,54,7,61,248
10/30/2010,SYR,NY,AEA,EN,Combined TRACON& Tower with Radar,43,71,8,0,122,0,0,20,0,20,43,71,28,0,142,50,4,54,196
10/31/2010,SYR,NY,AEA,EN,Combined TRACON& Tower with Radar,45,78,17,1,141,0,0,6,0,6,45,78,23,1,147,8,0,8,155
11/01/2010,SYR,NY,AEA,EN,Combined TRACON& Tower with Radar,50,93,19,0,162,0,0,9,1,10,50,93,28,1,172,0,0,0,172
11/02/2010,SYR,NY,AEA,EN,Combined TRACON& Tower with Radar,55,98,18,0,171,0,1,43,0,44,55,99,61,0,215,58,4,62,277
11/03/2010,SYR,NY,AEA,EN,Combined TRACON& Tower with Radar,55,100,37,8,200,0,1,50,0,51,55,101,87,8,251,30,0,30,281
11/04/2010,SYR,NY,AEA,EN,Combined TRACON& Tower with Radar,52,98,24,0,174,1,0,3,0,4,53,98,27,0,178,0,0,0,178
11/05/2010,SYR,NY,AEA,EN,Combined TRACON& Tower with Radar,56,95,14,0,165,0,0,0,0,0,56,95,14,0,165,0,0,0,165
11/06/2010,SYR,NY,AEA,EN,Combined TRACON& Tower with Radar,44,69,25,0,138,0,0,7,2,9,44,69,32,2,147,0,0,0,147
11/07/2010,SYR,NY,AEA,EN,Combined TRACON& Tower with Radar,55,84,30,0,169,0,0,20,0,20,55,84,50,0,189,142,4,146,335
11/08/2010,SYR,NY,AEA,EN,Combined TRACON& Tower with Radar,55,87,17,0,159,0,0,8,0,8,55,87,25,0,167,0,0,0,167
11/09/2010,SYR,NY,AEA,EN,Combined TRACON& Tower with Radar,67,88,22,13,190,0,0,24,0,24,67,88,46,13,214,60,34,94,308
11/10/2010,SYR,NY,AEA,EN,Combined TRACON& Tower with Radar,57,88,21,4,170,0,2,33,0,35,57,90,54,4,205,0,0,0,205
11/11/2010,SYR,NY,AEA,EN,Combined TRACON& Tower with Radar,64,88,21,0,173,0,1,47,0,48,64,89,68,0,221,116,0,116,337
11/12/2010,SYR,NY,AEA,EN,Combined TRACON& Tower with Radar,61,93,16,15,185,0,2,50,0,52,61,95,66,15,237,44,16,60,297
11/13/2010,SYR,NY,AEA,EN,Combined TRACON& Tower with Radar,42,62,7,0,111,0,2,62,0,64,42,64,69,0,175,90,0,90,265
11/14/2010,SYR,NY,AEA,EN,Combined TRACON& Tower with Radar,47,82,12,0,141,0,0,24,0,24,47,82,36,0,165,36,0,36,201
11/15/2010,SYR,NY,AEA,EN,Combined TRACON& Tower with Radar,55,80,15,0,150,0,0,14,0,14,55,80,29,0,164,0,0,0,164
11/16/2010,SYR,NY,AEA,EN,Combined TRACON& Tower with Radar,62,94,28,0,184,0,1,5,0,6,62,95,33,0,190,28,0,28,218
11/17/2010,SYR,NY,AEA,EN,Combined TRACON& Tower with Radar,54,90,12,0,156,0,1,0,0,1,54,91,12,0,157,0,0,0,157
11/18/2010,SYR,NY,AEA,EN,Combined TRACON& Tower with Radar,62,97,17,11,187,0,5,14,0,19,62,102,31,11,206,78,14,92,298
11/19/2010,SYR,NY,AEA,EN,Combined TRACON& Tower with Radar,50,95,18,7,170,0,0,19,0,19,50,95,37,7,189,0,0,0,189
11/20/2010,SYR,NY,AEA,EN,Combined TRACON& Tower with Radar,38,64,9,0,111,0,2,13,0,15,38,66,22,0,126,0,0,0,126
11/21/2010,SYR,NY,AEA,EN,Combined TRACON& Tower with Radar,46,81,16,0,143,0,0,27,2,29,46,81,43,2,172,34,0,34,206
11/22/2010,SYR,NY,AEA,EN,Combined TRACON& Tower with Radar,51,91,20,0,162,0,0,1,0,1,51,91,21,0,163,0,0,0,163
11/23/2010,SYR,NY,AEA,EN,Combined TRACON& Tower with Radar,64,93,22,2,181,0,0,8,0,8,64,93,30,2,189,0,0,0,189
11/24/2010,SYR,NY,AEA,EN,Combined TRACON& Tower with Radar,56,92,15,0,163,0,1,19,0,20,56,93,34,0,183,28,0,28,211
11/25/2010,SYR,NY,AEA,EN,Combined TRACON& Tower with Radar,30,49,6,0,85,0,1,4,0,5,30,50,10,0,90,0,0,0,90
11/26/2010,SYR,NY,AEA,EN,Combined TRACON& Tower with Radar,38,59,5,2,104,0,0,3,0,3,38,59,8,2,107,0,0,0,107
11/27/2010,SYR,NY,AEA,EN,Combined TRACON& Tower with Radar,42,76,8,2,128,0,0,2,0,2,42,76,10,2,130,0,0,0,130
11/28/2010,SYR,NY,AEA,EN,Combined TRACON& Tower with Radar,46,92,38,0,176,0,0,20,0,20,46,92,58,0,196,26,0,26,222
11/29/2010,SYR,NY,AEA,EN,Combined TRACON& Tower with Radar,49,90,28,0,167,0,0,24,0,24,49,90,52,0,191,0,0,0,191
11/30/2010,SYR,NY,AEA,EN,Combined TRACON& Tower with Radar,61,94,23,0,178,0,0,1,0,1,61,94,24,0,179,0,0,0,179
12/01/2010,SYR,NY,AEA,EN,Combined TRACON& Tower with Radar,63,82,10,0,155,0,0,0,0,0,63,82,10,0,155,0,0,0,155
12/02/2010,SYR,NY,AEA,EN,Combined TRACON& Tower with Radar,63,99,15,1,178,1,0,17,2,20,64,99,32,3,198,0,0,0,198
12/03/2010,SYR,NY,AEA,EN,Combined TRACON& Tower with Radar,60,90,10,0,160,0,0,9,0,9,60,90,19,0,169,0,0,0,169
12/04/2010,SYR,NY,AEA,EN,Combined TRACON& Tower with Radar,38,60,9,0,107,0,0,10,0,10,38,60,19,0,117,6,0,6,123
12/05/2010,SYR,NY,AEA,EN,Combined TRACON& Tower with Radar,44,79,5,0,128,0,0,1,0,1,44,79,6,0,129,0,0,0,129
12/06/2010,SYR,NY,AEA,EN,Combined TRACON& Tower with Radar,51,88,9,0,148,0,0,0,0,0,51,88,9,0,148,0,0,0,148
12/07/2010,SYR,NY,AEA,EN,Combined TRACON& Tower with Radar,55,95,13,0,163,0,0,0,0,0,55,95,13,0,163,0,0,0,163
12/08/2010,SYR,NY,AEA,EN,Combined TRACON& Tower with Radar,58,104,24,0,186,0,0,2,0,2,58,104,26,0,188,0,0,0,188
12/09/2010,SYR,NY,AEA,EN,Combined TRACON& Tower with Radar,61,89,18,1,169,0,0,4,0,4,61,89,22,1,173,0,0,0,173
12/10/2010,SYR,NY,AEA,EN,Combined TRACON& Tower with Radar,54,91,11,0,156,0,0,6,0,6,54,91,17,0,162,14,0,14,176
12/11/2010,SYR,NY,AEA,EN,Combined TRACON& Tower with Radar,37,65,16,0,118,0,0,20,0,20,37,65,36,0,138,0,0,0,138
12/12/2010,SYR,NY,AEA,EN,Combined TRACON& Tower with Radar,41,54,8,0,103,0,0,0,0,0,41,54,8,0,103,0,0,0,103
12/13/2010,SYR,NY,AEA,EN,Combined TRACON& Tower with Radar,56,84,25,0,165,0,0,0,0,0,56,84,25,0,165,0,0,0,165
12/14/2010,SYR,NY,AEA,EN,Combined TRACON& Tower with Radar,60,97,13,0,170,0,0,0,0,0,60,97,13,0,170,0,0,0,170
12/15/2010,SYR,NY,AEA,EN,Combined TRACON& Tower with Radar,55,76,17,0,148,0,0,1,0,1,55,76,18,0,149,0,0,0,149
12/16/2010,SYR,NY,AEA,EN,Combined TRACON& Tower with Radar,61,99,15,2,177,0,1,11,0,12,61,100,26,2,189,0,0,0,189
12/17/2010,SYR,NY,AEA,EN,Combined TRACON& Tower with Radar,60,86,21,0,167,0,0,4,0,4,60,86,25,0,171,0,0,0,171
12/18/2010,SYR,NY,AEA,EN,Combined TRACON& Tower with Radar,45,68,12,0,125,0,2,22,2,26,45,70,34,2,151,26,4,30,181
12/19/2010,SYR,NY,AEA,EN,Combined TRACON& Tower with Radar,44,79,18,0,141,0,0,27,0,27,44,79,45,0,168,0,0,0,168
12/20/2010,SYR,NY,AEA,EN,Combined TRACON& Tower with Radar,49,84,14,0,147,0,0,9,0,9,49,84,23,0,156,0,0,0,156
12/21/2010,SYR,NY,AEA,EN,Combined TRACON& Tower with Radar,59,107,11,0,177,0,0,2,0,2,59,107,13,0,179,0,0,0,179
12/22/2010,SYR,NY,AEA,EN,Combined TRACON& Tower with Radar,58,94,13,0,165,0,0,0,0,0,58,94,13,0,165,0,0,0,165
12/23/2010,SYR,NY,AEA,EN,Combined TRACON& Tower with Radar,56,101,19,0,176,0,0,2,0,2,56,101,21,0,178,40,0,40,218
12/24/2010,SYR,NY,AEA,EN,Combined TRACON& Tower with Radar,56,61,8,0,125,0,0,3,0,3,56,61,11,0,128,0,0,0,128
12/25/2010,SYR,NY,AEA,EN,Combined TRACON& Tower with Radar,33,54,2,0,89,0,0,0,0,0,33,54,2,0,89,0,0,0,89
12/26/2010,SYR,NY,AEA,EN,Combined TRACON& Tower with Radar,41,61,15,0,117,0,0,5,0,5,41,61,20,0,122,0,0,0,122
12/27/2010,SYR,NY,AEA,EN,Combined TRACON& Tower with Radar,32,62,7,0,101,0,0,3,0,3,32,62,10,0,104,0,0,0,104
12/28/2010,SYR,NY,AEA,EN,Combined TRACON& Tower with Radar,48,80,15,0,143,0,0,2,0,2,48,80,17,0,145,0,0,0,145
12/29/2010,SYR,NY,AEA,EN,Combined TRACON& Tower with Radar,51,84,7,2,144,0,0,8,1,9,51,84,15,3,153,0,0,0,153
12/30/2010,SYR,NY,AEA,EN,Combined TRACON& Tower with Radar,51,93,13,0,157,0,0,73,0,73,51,93,86,0,230,66,0,66,296
12/31/2010,SYR,NY,AEA,EN,Combined TRACON& Tower with Radar,51,83,13,0,147,0,0,19,0,19,51,83,32,0,166,22,0,22,188
01/01/2011,SYR,NY,AEA,EN,Combined TRACON& Tower with Radar,33,56,6,0,95,0,0,8,0,8,33,56,14,0,103,0,0,0,103
01/02/2011,SYR,NY,AEA,EN,Combined TRACON& Tower with Radar,43,85,12,0,140,0,0,6,0,6,43,85,18,0,146,0,0,0,146
01/03/2011,SYR,NY,AEA,EN,Combined TRACON& Tower with Radar,45,95,11,2,153,0,0,10,0,10,45,95,21,2,163,65,0,65,228
01/04/2011,SYR,NY,AEA,EN,Combined TRACON& Tower with Radar,47,97,9,0,153,0,0,0,0,0,47,97,9,0,153,0,0,0,153
01/05/2011,SYR,NY,AEA,EN,Combined TRACON& Tower with Radar,48,97,7,0,152,0,0,0,0,0,48,97,7,0,152,0,0,0,152
01/06/2011,SYR,NY,AEA,EN,Combined TRACON& Tower with Radar,51,97,28,0,176,0,1,49,2,52,51,98,77,2,228,18,0,18,246
01/07/2011,SYR,NY,AEA,EN,Combined TRACON& Tower with Radar,48,86,10,0,144,0,0,4,0,4,48,86,14,0,148,0,0,0,148
01/08/2011,SYR,NY,AEA,EN,Combined TRACON& Tower with Radar,34,65,2,0,101,0,0,12,0,12,34,65,14,0,113,32,0,32,145
01/09/2011,SYR,NY,AEA,EN,Combined TRACON& Tower with Radar,44,65,5,2,116,0,0,0,1,1,44,65,5,3,117,0,0,0,117
01/10/2011,SYR,NY,AEA,EN,Combined TRACON& Tower with Radar,41,87,24,2,154,0,0,8,0,8,41,87,32,2,162,0,0,0,162
01/11/2011,SYR,NY,AEA,EN,Combined TRACON& Tower with Radar,40,81,21,2,144,0,0,9,0,9,40,81,30,2,153,0,0,0,153
01/12/2011,SYR,NY,AEA,EN,Combined TRACON& Tower with Radar,45,81,13,0,139,0,0,0,0,0,45,81,13,0,139,0,0,0,139
01/13/2011,SYR,NY,AEA,EN,Combined TRACON& Tower with Radar,55,103,25,0,183,0,0,0,0,0,55,103,25,0,183,0,0,0,183
01/14/2011,SYR,NY,AEA,EN,Combined TRACON& Tower with Radar,51,97,10,0,158,0,0,13,0,13,51,97,23,0,171,20,0,20,191
01/15/2011,SYR,NY,AEA,EN,Combined TRACON& Tower with Radar,34,81,11,0,126,0,0,0,0,0,34,81,11,0,126,0,0,0,126
01/16/2011,SYR,NY,AEA,EN,Combined TRACON& Tower with Radar,43,73,9,0,125,0,0,1,0,1,43,73,10,0,126,0,0,0,126
01/17/2011,SYR,NY,AEA,EN,Combined TRACON& Tower with Radar,45,103,10,0,158,0,0,22,0,22,45,103,32,0,180,24,0,24,204
01/18/2011,SYR,NY,AEA,EN,Combined TRACON& Tower with Radar,61,80,19,0,160,0,0,2,0,2,61,80,21,0,162,0,0,0,162
01/19/2011,SYR,NY,AEA,EN,Combined TRACON& Tower with Radar,52,95,13,0,160,0,0,0,0,0,52,95,13,0,160,0,0,0,160
01/20/2011,SYR,NY,AEA,EN,Combined TRACON& Tower with Radar,59,94,18,0,171,0,0,17,0,17,59,94,35,0,188,0,0,0,188
01/21/2011,SYR,NY,AEA,EN,Combined TRACON& Tower with Radar,46,82,20,2,150,0,0,0,0,0,46,82,20,2,150,0,0,0,150
01/22/2011,SYR,NY,AEA,EN,Combined TRACON& Tower with Radar,33,82,16,0,131,0,0,8,0,8,33,82,24,0,139,0,0,0,139
01/23/2011,SYR,NY,AEA,EN,Combined TRACON& Tower with Radar,45,74,23,0,142,0,0,10,0,10,45,74,33,0,152,0,0,0,152
01/24/2011,SYR,NY,AEA,EN,Combined TRACON& Tower with Radar,44,92,22,0,158,0,0,15,0,15,44,92,37,0,173,20,0,20,193
01/25/2011,SYR,NY,AEA,EN,Combined TRACON& Tower with Radar,54,104,20,0,178,0,0,1,0,1,54,104,21,0,179,44,0,44,223
01/26/2011,SYR,NY,AEA,EN,Combined TRACON& Tower with Radar,51,82,32,1,166,0,3,14,0,17,51,85,46,1,183,0,0,0,183
01/27/2011,SYR,NY,AEA,EN,Combined TRACON& Tower with Radar,39,82,10,0,131,0,0,2,0,2,39,82,12,0,133,0,0,0,133
01/28/2011,SYR,NY,AEA,EN,Combined TRACON& Tower with Radar,53,94,17,0,164,0,0,1,0,1,53,94,18,0,165,0,0,0,165
01/29/2011,SYR,NY,AEA,EN,Combined TRACON& Tower with Radar,32,74,15,0,121,0,0,14,1,15,32,74,29,1,136,0,0,0,136
01/30/2011,SYR,NY,AEA,EN,Combined TRACON& Tower with Radar,43,65,9,0,117,0,0,0,1,1,43,65,9,1,118,0,0,0,118
01/31/2011,SYR,NY,AEA,EN,Combined TRACON& Tower with Radar,49,94,15,2,160,0,0,41,0,41,49,94,56,2,201,48,0,48,249
02/01/2011,SYR,NY,AEA,EN,Combined TRACON& Tower with Radar,44,50,11,2,107,0,1,0,0,1,44,51,11,2,108,0,0,0,108
02/02/2011,SYR,NY,AEA,EN,Combined TRACON& Tower with Radar,35,28,2,0,65,0,0,0,0,0,35,28,2,0,65,0,0,0,65
02/03/2011,SYR,NY,AEA,EN,Combined TRACON& Tower with Radar,52,78,14,5,149,0,0,21,2,23,52,78,35,7,172,22,12,34,206
02/04/2011,SYR,NY,AEA,EN,Combined TRACON& Tower with Radar,49,91,18,2,160,0,0,30,0,30,49,91,48,2,190,18,0,18,208
02/05/2011,SYR,NY,AEA,EN,Combined TRACON& Tower with Radar,31,67,10,0,108,0,1,15,0,16,31,68,25,0,124,0,0,0,124
02/06/2011,SYR,NY,AEA,EN,Combined TRACON& Tower with Radar,42,70,11,0,123,0,0,2,0,2,42,70,13,0,125,0,0,0,125
02/07/2011,SYR,NY,AEA,EN,Combined TRACON& Tower with Radar,46,84,17,0,147,0,0,3,0,3,46,84,20,0,150,0,0,0,150
02/08/2011,SYR,NY,AEA,EN,Combined TRACON& Tower with Radar,53,86,8,0,147,0,0,0,0,0,53,86,8,0,147,0,0,0,147
02/09/2011,SYR,NY,AEA,EN,Combined TRACON& Tower with Radar,48,100,28,10,186,0,0,10,0,10,48,100,38,10,196,0,0,0,196
02/10/2011,SYR,NY,AEA,EN,Combined TRACON& Tower with Radar,55,89,24,4,172,0,0,20,0,20,55,89,44,4,192,0,0,0,192
02/11/2011,SYR,NY,AEA,EN,Combined TRACON& Tower with Radar,50,100,18,3,171,0,0,22,1,23,50,100,40,4,194,18,0,18,212
02/12/2011,SYR,NY,AEA,EN,Combined TRACON& Tower with Radar,31,74,7,0,112,0,0,0,0,0,31,74,7,0,112,0,0,0,112
02/13/2011,SYR,NY,AEA,EN,Combined TRACON& Tower with Radar,45,71,12,0,128,0,0,8,0,8,45,71,20,0,136,0,0,0,136
02/14/2011,SYR,NY,AEA,EN,Combined TRACON& Tower with Radar,49,89,13,0,151,0,0,2,0,2,49,89,15,0,153,0,0,0,153
02/15/2011,SYR,NY,AEA,EN,Combined TRACON& Tower with Radar,51,97,24,2,174,0,1,30,0,31,51,98,54,2,205,0,0,0,205
02/16/2011,SYR,NY,AEA,EN,Combined TRACON& Tower with Radar,51,97,19,0,167,0,0,22,0,22,51,97,41,0,189,0,0,0,189
02/17/2011,SYR,NY,AEA,EN,Combined TRACON& Tower with Radar,49,113,33,5,200,0,1,21,0,22,49,114,54,5,222,54,0,54,276
02/18/2011,SYR,NY,AEA,EN,Combined TRACON& Tower with Radar,48,104,32,3,187,0,0,5,0,5,48,104,37,3,192,0,0,0,192
02/19/2011,SYR,NY,AEA,EN,Combined TRACON& Tower with Radar,24,39,5,0,68,0,0,0,0,0,24,39,5,0,68,0,0,0,68
02/20/2011,SYR,NY,AEA,EN,Combined TRACON& Tower with Radar,37,80,7,1,125,0,0,14,0,14,37,80,21,1,139,6,0,6,145
02/21/2011,SYR,NY,AEA,EN,Combined TRACON& Tower with Radar,38,93,7,0,138,0,0,5,0,5,38,93,12,0,143,10,0,10,153
02/22/2011,SYR,NY,AEA,EN,Combined TRACON& Tower with Radar,48,102,21,5,176,0,0,21,2,23,48,102,42,7,199,36,6,42,241
02/23/2011,SYR,NY,AEA,EN,Combined TRACON& Tower with Radar,60,96,11,2,169,0,1,34,0,35,60,97,45,2,204,129,0,129,333
02/24/2011,SYR,NY,AEA,EN,Combined TRACON& Tower with Radar,48,110,27,2,187,0,0,10,0,10,48,110,37,2,197,0,0,0,197
02/25/2011,SYR,NY,AEA,EN,Combined TRACON& Tower with Radar,34,61,3,0,98,0,1,1,1,3,34,62,4,1,101,0,0,0,101
02/26/2011,SYR,NY,AEA,EN,Combined TRACON& Tower with Radar,30,84,5,0,119,0,1,5,0,6,30,85,10,0,125,0,0,0,125
02/27/2011,SYR,NY,AEA,EN,Combined TRACON& Tower with Radar,36,91,14,0,141,0,0,8,0,8,36,91,22,0,149,2,1,3,152
02/28/2011,SYR,NY,AEA,EN,Combined TRACON& Tower with Radar,40,101,9,0,150,0,0,4,0,4,40,101,13,0,154,0,0,0,154
03/01/2011,SYR,NY,AEA,EN,Combined TRACON& Tower with Radar,42,105,19,18,184,0,1,19,5,25,42,106,38,23,209,33,9,42,251
03/02/2011,SYR,NY,AEA,EN,Combined TRACON& Tower with Radar,52,111,20,2,185,0,0,1,0,1,52,111,21,2,186,0,0,0,186
03/03/2011,SYR,NY,AEA,EN,Combined TRACON& Tower with Radar,44,103,17,4,168,0,3,61,6,70,44,106,78,10,238,138,0,138,376
03/04/2011,SYR,NY,AEA,EN,Combined TRACON& Tower with Radar,44,109,17,0,170,0,1,14,2,17,44,110,31,2,187,0,0,0,187
03/05/2011,SYR,NY,AEA,EN,Combined TRACON& Tower with Radar,30,82,14,0,126,0,0,2,0,2,30,82,16,0,128,0,0,0,128
03/06/2011,SYR,NY,AEA,EN,Combined TRACON& Tower with Radar,35,71,2,0,108,0,0,0,0,0,35,71,2,0,108,0,0,0,108
03/07/2011,SYR,NY,AEA,EN,Combined TRACON& Tower with Radar,43,87,16,1,147,0,0,11,1,12,43,87,27,2,159,0,0,0,159
03/08/2011,SYR,NY,AEA,EN,Combined TRACON& Tower with Radar,46,105,32,1,184,0,0,53,2,55,46,105,85,3,239,56,3,59,298
03/09/2011,SYR,NY,AEA,EN,Combined TRACON& Tower with Radar,48,92,18,3,161,0,0,19,1,20,48,92,37,4,181,0,0,0,181
03/10/2011,SYR,NY,AEA,EN,Combined TRACON& Tower with Radar,42,106,20,20,188,0,0,0,0,0,42,106,20,20,188,16,38,54,242
03/11/2011,SYR,NY,AEA,EN,Combined TRACON& Tower with Radar,43,108,20,1,172,0,0,9,0,9,43,108,29,1,181,0,0,0,181
03/12/2011,SYR,NY,AEA,EN,Combined TRACON& Tower with Radar,28,82,10,2,122,0,1,9,0,10,28,83,19,2,132,0,0,0,132
03/13/2011,SYR,NY,AEA,EN,Combined TRACON& Tower with Radar,35,85,12,0,132,0,0,4,0,4,35,85,16,0,136,0,0,0,136
03/14/2011,SYR,NY,AEA,EN,Combined TRACON& Tower with Radar,43,95,28,12,178,0,0,13,0,13,43,95,41,12,191,80,12,92,283
03/15/2011,SYR,NY,AEA,EN,Combined TRACON& Tower with Radar,47,98,57,2,204,0,0,46,0,46,47,98,103,2,250,79,18,97,347
03/16/2011,SYR,NY,AEA,EN,Combined TRACON& Tower with Radar,48,99,27,0,174,0,0,9,0,9,48,99,36,0,183,0,0,0,183
03/17/2011,SYR,NY,AEA,EN,Combined TRACON& Tower with Radar,82,177,42,22,323,0,0,121,5,126,82,177,163,27,449,42,4,46,495
03/18/2011,SYR,NY,AEA,EN,Combined TRACON& Tower with Radar,150,341,49,4,544,0,1,64,3,68,150,342,113,7,612,0,0,0,612
03/19/2011,SYR,NY,AEA,EN,Combined TRACON& Tower with Radar,99,215,74,2,390,0,0,79,2,81,99,215,153,4,471,32,0,32,503
03/20/2011,SYR,NY,AEA,EN,Combined TRACON& Tower with Radar,128,251,79,49,507,0,0,225,1,226,128,251,304,50,733,70,10,80,813
03/21/2011,SYR,NY,AEA,EN,Combined TRACON& Tower with Radar,44,114,18,2,178,0,0,0,0,0,44,114,18,2,178,0,0,0,178
03/22/2011,SYR,NY,AEA,EN,Combined TRACON& Tower with Radar,53,101,23,3,180,0,0,18,5,23,53,101,41,8,203,54,4,58,261
03/23/2011,SYR,NY,AEA,EN,Combined TRACON& Tower with Radar,51,85,21,3,160,0,0,0,1,1,51,85,21,4,161,0,0,0,161
03/24/2011,SYR,NY,AEA,EN,Combined TRACON& Tower with Radar,58,96,19,2,175,0,0,26,0,26,58,96,45,2,201,26,0,26,227
03/25/2011,SYR,NY,AEA,EN,Combined TRACON& Tower with Radar,43,99,24,0,166,0,0,14,0,14,43,99,38,0,180,0,0,0,180
03/26/2011,SYR,NY,AEA,EN,Combined TRACON& Tower with Radar,33,73,13,0,119,0,2,17,3,22,33,75,30,3,141,0,0,0,141
03/27/2011,SYR,NY,AEA,EN,Combined TRACON& Tower with Radar,35,88,29,1,153,0,0,27,0,27,35,88,56,1,180,0,0,0,180
03/28/2011,SYR,NY,AEA,EN,Combined TRACON& Tower with Radar,41,98,19,0,158,0,0,24,8,32,41,98,43,8,190,0,0,0,190
03/29/2011,SYR,NY,AEA,EN,Combined TRACON& Tower with Radar,50,95,33,0,178,0,1,17,0,18,50,96,50,0,196,59,6,65,261
03/30/2011,SYR,NY,AEA,EN,Combined TRACON& Tower with Radar,46,103,26,10,185,0,1,43,2,46,46,104,69,12,231,122,18,140,371
03/31/2011,SYR,NY,AEA,EN,Combined TRACON& Tower with Radar,45,98,18,2,163,0,0,6,0,6,45,98,24,2,169,0,0,0,169
04/01/2011,SYR,NY,AEA,EN,Combined TRACON& Tower with Radar,44,98,10,5,157,0,0,1,1,2,44,98,11,6,159,0,0,0,159
04/02/2011,SYR,NY,AEA,EN,Combined TRACON& Tower with Radar,28,75,5,0,108,0,3,15,2,20,28,78,20,2,128,0,0,0,128
04/03/2011,SYR,NY,AEA,EN,Combined TRACON& Tower with Radar,39,74,18,0,131,0,0,24,0,24,39,74,42,0,155,26,0,26,181
04/04/2011,SYR,NY,AEA,EN,Combined TRACON& Tower with Radar,41,96,17,1,155,0,0,8,1,9,41,96,25,2,164,0,0,0,164
04/05/2011,SYR,NY,AEA,EN,Combined TRACON& Tower with Radar,48,89,22,2,161,0,0,4,1,5,48,89,26,3,166,0,0,0,166
04/06/2011,SYR,NY,AEA,EN,Combined TRACON& Tower with Radar,49,97,16,0,162,0,0,20,6,26,49,97,36,6,188,0,0,0,188
04/07/2011,SYR,NY,AEA,EN,Combined TRACON& Tower with Radar,49,97,37,1,184,0,3,44,3,50,49,100,81,4,234,62,0,62,296
04/08/2011,SYR,NY,AEA,EN,Combined TRACON& Tower with Radar,41,98,25,0,164,0,0,27,0,27,41,98,52,0,191,46,0,46,237
04/09/2011,SYR,NY,AEA,EN,Combined TRACON& Tower with Radar,33,76,26,0,135,0,0,26,0,26,33,76,52,0,161,82,0,82,243
04/10/2011,SYR,NY,AEA,EN,Combined TRACON& Tower with Radar,43,72,23,0,138,0,0,22,0,22,43,72,45,0,160,16,0,16,176
04/11/2011,SYR,NY,AEA,EN,Combined TRACON& Tower with Radar,45,97,14,0,156,0,0,1,2,3,45,97,15,2,159,0,0,0,159
04/12/2011,SYR,NY,AEA,EN,Combined TRACON& Tower with Radar,47,96,15,2,160,0,0,21,0,21,47,96,36,2,181,0,0,0,181
04/13/2011,SYR,NY,AEA,EN,Combined TRACON& Tower with Radar,46,103,12,11,172,0,0,3,0,3,46,103,15,11,175,0,0,0,175
04/14/2011,SYR,NY,AEA,EN,Combined TRACON& Tower with Radar,51,103,31,3,188,0,0,34,0,34,51,103,65,3,222,38,2,40,262
04/15/2011,SYR,NY,AEA,EN,Combined TRACON& Tower with Radar,44,111,21,0,176,0,1,35,0,36,44,112,56,0,212,0,0,0,212
04/16/2011,SYR,NY,AEA,EN,Combined TRACON& Tower with Radar,36,86,5,0,127,0,0,0,0,0,36,86,5,0,127,0,0,0,127
04/17/2011,SYR,NY,AEA,EN,Combined TRACON& Tower with Radar,41,80,6,1,128,0,0,2,0,2,41,80,8,1,130,0,0,0,130
04/18/2011,SYR,NY,AEA,EN,Combined TRACON& Tower with Radar,40,95,16,2,153,0,2,7,0,9,40,97,23,2,162,0,0,0,162
04/19/2011,SYR,NY,AEA,EN,Combined TRACON& Tower with Radar,45,93,27,3,168,0,1,9,0,10,45,94,36,3,178,0,0,0,178
04/20/2011,SYR,NY,AEA,EN,Combined TRACON& Tower with Radar,51,96,19,2,168,0,0,6,0,6,51,96,25,2,174,0,0,0,174
04/21/2011,SYR,NY,AEA,EN,Combined TRACON& Tower with Radar,47,111,28,2,188,0,0,5,0,5,47,111,33,2,193,0,0,0,193
04/22/2011,SYR,NY,AEA,EN,Combined TRACON& Tower with Radar,42,93,17,5,157,0,0,40,0,40,42,93,57,5,197,40,0,40,237
04/23/2011,SYR,NY,AEA,EN,Combined TRACON& Tower with Radar,33,77,6,0,116,0,0,4,0,4,33,77,10,0,120,0,0,0,120
04/24/2011,SYR,NY,AEA,EN,Combined TRACON& Tower with Radar,38,75,17,0,130,0,0,8,0,8,38,75,25,0,138,0,0,0,138
04/25/2011,SYR,NY,AEA,EN,Combined TRACON& Tower with Radar,40,103,29,5,177,0,5,14,3,22,40,108,43,8,199,66,0,66,265
04/26/2011,SYR,NY,AEA,EN,Combined TRACON& Tower with Radar,51,98,20,3,172,0,0,7,0,7,51,98,27,3,179,0,0,0,179
04/27/2011,SYR,NY,AEA,EN,Combined TRACON& Tower with Radar,46,100,30,7,183,0,0,16,0,16,46,100,46,7,199,0,0,0,199
04/28/2011,SYR,NY,AEA,EN,Combined TRACON& Tower with Radar,53,82,13,0,148,0,0,12,0,12,53,82,25,0,160,0,0,0,160
04/29/2011,SYR,NY,AEA,EN,Combined TRACON& Tower with Radar,46,95,25,43,209,1,0,19,0,20,47,95,44,43,229,14,20,34,263
04/30/2011,SYR,NY,AEA,EN,Combined TRACON& Tower with Radar,30,78,20,3,131,0,2,51,0,53,30,80,71,3,184,6,14,20,204
05/01/2011,SYR,NY,AEA,EN,Combined TRACON& Tower with Radar,40,76,19,1,136,0,2,19,0,21,40,78,38,1,157,0,0,0,157
05/02/2011,SYR,NY,AEA,EN,Combined TRACON& Tower with Radar,45,90,25,9,169,0,0,10,0,10,45,90,35,9,179,0,0,0,179
05/03/2011,SYR,NY,AEA,EN,Combined TRACON& Tower with Radar,43,99,25,9,176,0,0,1,0,1,43,99,26,9,177,0,0,0,177
05/04/2011,SYR,NY,AEA,EN,Combined TRACON& Tower with Radar,56,97,17,6,176,0,0,1,0,1,56,97,18,6,177,0,0,0,177
05/05/2011,SYR,NY,AEA,EN,Combined TRACON& Tower with Radar,53,100,27,2,182,0,3,46,1,50,53,103,73,3,232,57,6,63,295
05/06/2011,SYR,NY,AEA,EN,Combined TRACON& Tower with Radar,47,103,23,0,173,0,0,19,0,19,47,103,42,0,192,20,0,20,212
05/07/2011,SYR,NY,AEA,EN,Combined TRACON& Tower with Radar,35,68,14,0,117,0,0,30,0,30,35,68,44,0,147,24,0,24,171
05/08/2011,SYR,NY,AEA,EN,Combined TRACON& Tower with Radar,38,78,12,18,146,0,0,20,0,20,38,78,32,18,166,78,26,104,270
05/09/2011,SYR,NY,AEA,EN,Combined TRACON& Tower with Radar,49,98,14,0,161,0,0,19,2,21,49,98,33,2,182,18,0,18,200
05/10/2011,SYR,NY,AEA,EN,Combined TRACON& Tower with Radar,47,105,33,2,187,0,2,50,0,52,47,107,83,2,239,22,0,22,261
05/11/2011,SYR,NY,AEA,EN,Combined TRACON& Tower with Radar,50,95,33,2,180,0,2,48,1,51,50,97,81,3,231,25,0,25,256
05/12/2011,SYR,NY,AEA,EN,Combined TRACON& Tower with Radar,55,109,35,2,201,0,0,47,1,48,55,109,82,3,249,18,0,18,267
05/13/2011,SYR,NY,AEA,EN,Combined TRACON& Tower with Radar,51,97,21,2,171,0,0,21,0,21,51,97,42,2,192,10,0,10,202
05/14/2011,SYR,NY,AEA,EN,Combined TRACON& Tower with Radar,35,81,26,6,148,0,1,11,1,13,35,82,37,7,161,6,0,6,167
05/15/2011,SYR,NY,AEA,EN,Combined TRACON& Tower with Radar,39,84,19,0,142,0,0,1,0,1,39,84,20,0,143,0,0,0,143
05/16/2011,SYR,NY,AEA,EN,Combined TRACON& Tower with Radar,50,97,19,0,166,0,0,0,0,0,50,97,19,0,166,0,0,0,166
05/17/2011,SYR,NY,AEA,EN,Combined TRACON& Tower with Radar,53,101,38,12,204,0,0,0,0,0,53,101,38,12,204,0,0,0,204
05/18/2011,SYR,NY,AEA,EN,Combined TRACON& Tower with Radar,51,93,20,5,169,0,0,6,17,23,51,93,26,22,192,128,4,132,324
05/19/2011,SYR,NY,AEA,EN,Combined TRACON& Tower with Radar,50,101,21,6,178,0,0,8,0,8,50,101,29,6,186,0,0,0,186
05/20/2011,SYR,NY,AEA,EN,Combined TRACON& Tower with Radar,48,106,17,0,171,0,0,6,2,8,48,106,23,2,179,0,0,0,179
05/21/2011,SYR,NY,AEA,EN,Combined TRACON& Tower with Radar,43,65,16,0,124,0,2,19,0,21,43,67,35,0,145,52,0,52,197
05/22/2011,SYR,NY,AEA,EN,Combined TRACON& Tower with Radar,40,73,24,6,143,0,0,17,0,17,40,73,41,6,160,38,0,38,198
05/23/2011,SYR,NY,AEA,EN,Combined TRACON& Tower with Radar,52,89,32,2,175,0,0,8,0,8,52,89,40,2,183,8,0,8,191
05/24/2011,SYR,NY,AEA,EN,Combined TRACON& Tower with Radar,54,95,21,0,170,0,0,17,6,23,54,95,38,6,193,26,2,28,221
05/25/2011,SYR,NY,AEA,EN,Combined TRACON& Tower with Radar,51,84,16,4,155,0,0,40,2,42,51,84,56,6,197,60,2,62,259
05/26/2011,SYR,NY,AEA,EN,Combined TRACON& Tower with Radar,48,92,13,2,155,0,0,15,0,15,48,92,28,2,170,0,0,0,170
05/27/2011,SYR,NY,AEA,EN,Combined TRACON& Tower with Radar,48,92,10,0,150,0,0,13,0,13,48,92,23,0,163,0,0,0,163
05/28/2011,SYR,NY,AEA,EN,Combined TRACON& Tower with Radar,37,69,15,0,121,0,1,20,0,21,37,70,35,0,142,0,0,0,142
05/29/2011,SYR,NY,AEA,EN,Combined TRACON& Tower with Radar,34,49,12,0,95,0,0,22,2,24,34,49,34,2,119,54,0,54,173
05/30/2011,SYR,NY,AEA,EN,Combined TRACON& Tower with Radar,49,78,15,0,142,0,2,22,0,24,49,80,37,0,166,58,0,58,224
05/31/2011,SYR,NY,AEA,EN,Combined TRACON& Tower with Radar,40,97,13,2,152,0,0,22,4,26,40,97,35,6,178,74,0,74,252
06/01/2011,SYR,NY,AEA,EN,Combined TRACON& Tower with Radar,51,92,14,1,158,0,0,8,1,9,51,92,22,2,167,50,0,50,217
06/02/2011,SYR,NY,AEA,EN,Combined TRACON& Tower with Radar,55,104,21,21,201,0,2,15,0,17,55,106,36,21,218,28,22,50,268
06/03/2011,SYR,NY,AEA,EN,Combined TRACON& Tower with Radar,53,94,18,6,171,1,0,32,0,33,54,94,50,6,204,2,4,6,210
06/04/2011,SYR,NY,AEA,EN,Combined TRACON& Tower with Radar,37,69,12,0,118,0,3,28,0,31,37,72,40,0,149,22,0,22,171
06/05/2011,SYR,NY,AEA,EN,Combined TRACON& Tower with Radar,38,80,15,0,133,0,1,26,0,27,38,81,41,0,160,0,0,0,160
06/06/2011,SYR,NY,AEA,EN,Combined TRACON& Tower with Radar,46,93,22,2,163,0,4,35,0,39,46,97,57,2,202,62,0,62,264
06/07/2011,SYR,NY,AEA,EN,Combined TRACON& Tower with Radar,50,101,31,0,182,0,0,30,2,32,50,101,61,2,214,60,0,60,274
06/08/2011,SYR,NY,AEA,EN,Combined TRACON& Tower with Radar,52,106,19,2,179,0,0,13,2,15,52,106,32,4,194,6,0,6,200
06/09/2011,SYR,NY,AEA,EN,Combined TRACON& Tower with Radar,55,81,15,10,161,0,1,12,2,15,55,82,27,12,176,0,0,0,176
06/10/2011,SYR,NY,AEA,EN,Combined TRACON& Tower with Radar,58,87,18,0,163,0,0,44,0,44,58,87,62,0,207,58,0,58,265
06/11/2011,SYR,NY,AEA,EN,Combined TRACON& Tower with Radar,40,68,9,0,117,0,0,6,0,6,40,68,15,0,123,34,0,34,157
06/12/2011,SYR,NY,AEA,EN,Combined TRACON& Tower with Radar,40,82,16,0,138,0,0,87,0,87,40,82,103,0,225,0,0,0,225
06/13/2011,SYR,NY,AEA,EN,Combined TRACON& Tower with Radar,49,107,21,4,181,0,1,19,0,20,49,108,40,4,201,40,0,40,241
06/14/2011,SYR,NY,AEA,EN,Combined TRACON& Tower with Radar,51,99,23,4,177,0,0,10,0,10,51,99,33,4,187,19,10,29,216
06/15/2011,SYR,NY,AEA,EN,Combined TRACON& Tower with Radar,49,114,16,1,180,0,0,69,9,78,49,114,85,10,258,40,0,40,298
06/16/2011,SYR,NY,AEA,EN,Combined TRACON& Tower with Radar,52,96,25,2,175,0,0,42,0,42,52,96,67,2,217,0,0,0,217
06/17/2011,SYR,NY,AEA,EN,Combined TRACON& Tower with Radar,50,93,25,4,172,0,1,4,0,5,50,94,29,4,177,16,0,16,193
06/18/2011,SYR,NY,AEA,EN,Combined TRACON& Tower with Radar,37,68,11,0,116,0,2,21,0,23,37,70,32,0,139,38,0,38,177
06/19/2011,SYR,NY,AEA,EN,Combined TRACON& Tower with Radar,45,76,19,0,140,0,0,28,0,28,45,76,47,0,168,0,0,0,168
06/20/2011,SYR,NY,AEA,EN,Combined TRACON& Tower with Radar,47,84,19,2,152,0,4,74,0,78,47,88,93,2,230,49,0,49,279
06/21/2011,SYR,NY,AEA,EN,Combined TRACON& Tower with Radar,47,97,25,2,171,0,0,26,0,26,47,97,51,2,197,40,0,40,237
06/22/2011,SYR,NY,AEA,EN,Combined TRACON& Tower with Radar,50,89,23,2,164,0,0,0,0,0,50,89,23,2,164,0,0,0,164
06/23/2011,SYR,NY,AEA,EN,Combined TRACON& Tower with Radar,53,83,23,3,162,0,0,20,2,22,53,83,43,5,184,0,0,0,184
06/24/2011,SYR,NY,AEA,EN,Combined TRACON& Tower with Radar,45,93,22,13,173,0,0,11,0,11,45,93,33,13,184,24,12,36,220
06/25/2011,SYR,NY,AEA,EN,Combined TRACON& Tower with Radar,32,71,34,0,137,0,1,5,0,6,32,72,39,0,143,14,0,14,157
06/26/2011,SYR,NY,AEA,EN,Combined TRACON& Tower with Radar,44,77,27,0,148,0,0,13,0,13,44,77,40,0,161,0,0,0,161
06/27/2011,SYR,NY,AEA,EN,Combined TRACON& Tower with Radar,44,93,17,6,160,0,0,63,6,69,44,93,80,12,229,140,0,140,369
06/28/2011,SYR,NY,AEA,EN,Combined TRACON& Tower with Radar,49,92,27,3,171,0,0,20,4,24,49,92,47,7,195,10,0,10,205
06/29/2011,SYR,NY,AEA,EN,Combined TRACON& Tower with Radar,55,97,41,3,196,0,0,8,0,8,55,97,49,3,204,6,0,6,210
06/30/2011,SYR,NY,AEA,EN,Combined TRACON& Tower with Radar,50,93,23,2,168,0,1,46,1,48,50,94,69,3,216,0,0,0,216
07/01/2011,SYR,NY,AEA,EN,Combined TRACON& Tower with Radar,49,86,29,0,164,0,0,40,0,40,49,86,69,0,204,52,0,52,256
07/02/2011,SYR,NY,AEA,EN,Combined TRACON& Tower with Radar,37,67,16,0,120,0,2,28,0,30,37,69,44,0,150,38,0,38,188
07/03/2011,SYR,NY,AEA,EN,Combined TRACON& Tower with Radar,41,71,17,0,129,0,0,11,0,11,41,71,28,0,140,0,0,0,140
07/04/2011,SYR,NY,AEA,EN,Combined TRACON& Tower with Radar,47,63,4,0,114,0,0,14,0,14,47,63,18,0,128,6,0,6,134
07/05/2011,SYR,NY,AEA,EN,Combined TRACON& Tower with Radar,46,92,30,1,169,0,0,36,8,44,46,92,66,9,213,52,14,66,279
07/06/2011,SYR,NY,AEA,EN,Combined TRACON& Tower with Radar,49,97,17,0,163,0,0,23,9,32,49,97,40,9,195,72,32,104,299
07/07/2011,SYR,NY,AEA,EN,Combined TRACON& Tower with Radar,49,94,16,0,159,0,0,43,0,43,49,94,59,0,202,48,0,48,250
07/08/2011,SYR,NY,AEA,EN,Combined TRACON& Tower with Radar,57,83,18,6,164,0,0,25,0,25,57,83,43,6,189,30,4,34,223
07/09/2011,SYR,NY,AEA,EN,Combined TRACON& Tower with Radar,36,75,15,0,126,0,1,42,0,43,36,76,57,0,169,34,0,34,203
07/10/2011,SYR,NY,AEA,EN,Combined TRACON& Tower with Radar,47,72,13,0,132,0,0,28,0,28,47,72,41,0,160,0,0,0,160
07/11/2011,SYR,NY,AEA,EN,Combined TRACON& Tower with Radar,41,87,22,0,150,0,0,20,0,20,41,87,42,0,170,6,0,6,176
07/12/2011,SYR,NY,AEA,EN,Combined TRACON& Tower with Radar,50,100,21,0,171,0,4,14,0,18,50,104,35,0,189,4,0,4,193
07/13/2011,SYR,NY,AEA,EN,Combined TRACON& Tower with Radar,51,100,23,0,174,0,0,39,0,39,51,100,62,0,213,38,0,38,251
07/14/2011,SYR,NY,AEA,EN,Combined TRACON& Tower with Radar,51,100,24,0,175,0,0,53,0,53,51,100,77,0,228,26,0,26,254
07/15/2011,SYR,NY,AEA,EN,Combined TRACON& Tower with Radar,49,97,19,0,165,0,0,98,1,99,49,97,117,1,264,14,0,14,278
07/16/2011,SYR,NY,AEA,EN,Combined TRACON& Tower with Radar,40,67,16,0,123,0,1,63,0,64,40,68,79,0,187,42,0,42,229
07/17/2011,SYR,NY,AEA,EN,Combined TRACON& Tower with Radar,36,75,13,0,124,0,0,16,0,16,36,75,29,0,140,0,0,0,140
07/18/2011,SYR,NY,AEA,EN,Combined TRACON& Tower with Radar,43,92,11,0,146,0,0,8,0,8,43,92,19,0,154,0,0,0,154
07/19/2011,SYR,NY,AEA,EN,Combined TRACON& Tower with Radar,45,90,30,0,165,0,0,30,1,31,45,90,60,1,196,0,0,0,196
07/20/2011,SYR,NY,AEA,EN,Combined TRACON& Tower with Radar,52,99,21,0,172,0,0,39,4,43,52,99,60,4,215,21,0,21,236
07/21/2011,SYR,NY,AEA,EN,Combined TRACON& Tower with Radar,50,99,31,0,180,0,0,43,0,43,50,99,74,0,223,38,0,38,261
07/22/2011,SYR,NY,AEA,EN,Combined TRACON& Tower with Radar,47,84,24,3,158,0,2,37,0,39,47,86,61,3,197,82,0,82,279
07/23/2011,SYR,NY,AEA,EN,Combined TRACON& Tower with Radar,37,68,18,0,123,0,2,20,0,22,37,70,38,0,145,42,0,42,187
07/24/2011,SYR,NY,AEA,EN,Combined TRACON& Tower with Radar,41,74,18,1,134,0,0,37,0,37,41,74,55,1,171,0,0,0,171
07/25/2011,SYR,NY,AEA,EN,Combined TRACON& Tower with Radar,49,83,22,0,154,0,0,7,0,7,49,83,29,0,161,16,0,16,177
07/26/2011,SYR,NY,AEA,EN,Combined TRACON& Tower with Radar,51,99,19,0,169,0,0,37,0,37,51,99,56,0,206,30,0,30,236
07/27/2011,SYR,NY,AEA,EN,Combined TRACON& Tower with Radar,52,95,16,2,165,0,2,42,4,48,52,97,58,6,213,30,0,30,243
07/28/2011,SYR,NY,AEA,EN,Combined TRACON& Tower with Radar,55,103,27,0,185,0,1,33,0,34,55,104,60,0,219,50,0,50,269
07/29/2011,SYR,NY,AEA,EN,Combined TRACON& Tower with Radar,47,89,21,2,159,0,0,4,0,4,47,89,25,2,163,0,0,0,163
07/30/2011,SYR,NY,AEA,EN,Combined TRACON& Tower with Radar,43,71,7,0,121,0,3,40,0,43,43,74,47,0,164,0,0,0,164
07/31/2011,SYR,NY,AEA,EN,Combined TRACON& Tower with Radar,39,76,10,0,125,0,0,33,0,33,39,76,43,0,158,0,0,0,158
08/01/2011,SYR,NY,AEA,EN,Combined TRACON& Tower with Radar,47,87,18,1,153,0,0,30,0,30,47,87,48,1,183,36,4,40,223
08/02/2011,SYR,NY,AEA,EN,Combined TRACON& Tower with Radar,54,87,20,3,164,0,0,22,0,22,54,87,42,3,186,0,0,0,186
08/03/2011,SYR,NY,AEA,EN,Combined TRACON& Tower with Radar,54,103,17,0,174,0,0,12,0,12,54,103,29,0,186,0,0,0,186
08/04/2011,SYR,NY,AEA,EN,Combined TRACON& Tower with Radar,56,95,36,2,189,0,0,89,0,89,56,95,125,2,278,56,4,60,338
08/05/2011,SYR,NY,AEA,EN,Combined TRACON& Tower with Radar,48,87,17,0,152,0,1,38,0,39,48,88,55,0,191,62,0,62,253
08/06/2011,SYR,NY,AEA,EN,Combined TRACON& Tower with Radar,37,71,22,0,130,0,1,14,0,15,37,72,36,0,145,0,0,0,145
08/07/2011,SYR,NY,AEA,EN,Combined TRACON& Tower with Radar,38,73,21,0,132,0,0,10,0,10,38,73,31,0,142,0,0,0,142
08/08/2011,SYR,NY,AEA,EN,Combined TRACON& Tower with Radar,45,82,26,0,153,0,0,34,0,34,45,82,60,0,187,12,0,12,199
08/09/2011,SYR,NY,AEA,EN,Combined TRACON& Tower with Radar,55,101,28,4,188,0,0,11,4,15,55,101,39,8,203,0,0,0,203
08/10/2011,SYR,NY,AEA,EN,Combined TRACON& Tower with Radar,53,104,21,0,178,0,2,21,4,27,53,106,42,4,205,14,0,14,219
08/11/2011,SYR,NY,AEA,EN,Combined TRACON& Tower with Radar,51,99,23,0,173,0,5,31,4,40,51,104,54,4,213,24,0,24,237
08/12/2011,SYR,NY,AEA,EN,Combined TRACON& Tower with Radar,47,98,8,0,153,0,1,47,0,48,47,99,55,0,201,12,0,12,213
08/13/2011,SYR,NY,AEA,EN,Combined TRACON& Tower with Radar,33,66,12,0,111,0,0,27,0,27,33,66,39,0,138,0,0,0,138
08/14/2011,SYR,NY,AEA,EN,Combined TRACON& Tower with Radar,45,70,11,2,128,0,0,6,0,6,45,70,17,2,134,0,0,0,134
08/15/2011,SYR,NY,AEA,EN,Combined TRACON& Tower with Radar,41,91,31,2,165,0,0,0,0,0,41,91,31,2,165,0,0,0,165
08/16/2011,SYR,NY,AEA,EN,Combined TRACON& Tower with Radar,52,100,39,0,191,0,0,18,0,18,52,100,57,0,209,122,4,126,335
08/17/2011,SYR,NY,AEA,EN,Combined TRACON& Tower with Radar,45,106,21,1,173,0,5,49,1,55,45,111,70,2,228,0,0,0,228
08/18/2011,SYR,NY,AEA,EN,Combined TRACON& Tower with Radar,46,107,30,0,183,0,2,31,1,34,46,109,61,1,217,42,2,44,261
08/19/2011,SYR,NY,AEA,EN,Combined TRACON& Tower with Radar,40,104,17,0,161,0,0,30,2,32,40,104,47,2,193,32,0,32,225
08/20/2011,SYR,NY,AEA,EN,Combined TRACON& Tower with Radar,35,80,19,0,134,0,2,96,0,98,35,82,115,0,232,0,0,0,232
08/21/2011,SYR,NY,AEA,EN,Combined TRACON& Tower with Radar,38,66,6,0,110,0,0,5,0,5,38,66,11,0,115,0,0,0,115
08/22/2011,SYR,NY,AEA,EN,Combined TRACON& Tower with Radar,44,95,14,0,153,0,0,12,0,12,44,95,26,0,165,98,0,98,263
08/23/2011,SYR,NY,AEA,EN,Combined TRACON& Tower with Radar,59,97,32,0,188,0,1,39,4,44,59,98,71,4,232,50,0,50,282
08/24/2011,SYR,NY,AEA,EN,Combined TRACON& Tower with Radar,53,103,19,0,175,0,0,14,2,16,53,103,33,2,191,0,0,0,191
08/25/2011,SYR,NY,AEA,EN,Combined TRACON& Tower with Radar,40,96,42,0,178,0,0,17,0,17,40,96,59,0,195,0,0,0,195
08/26/2011,SYR,NY,AEA,EN,Combined TRACON& Tower with Radar,47,101,35,0,183,0,0,29,0,29,47,101,64,0,212,48,0,48,260
08/27/2011,SYR,NY,AEA,EN,Combined TRACON& Tower with Radar,28,72,16,2,118,0,0,11,0,11,28,72,27,2,129,0,0,0,129
08/28/2011,SYR,NY,AEA,EN,Combined TRACON& Tower with Radar,25,50,10,0,85,0,0,0,0,0,25,50,10,0,85,0,0,0,85
08/29/2011,SYR,NY,AEA,EN,Combined TRACON& Tower with Radar,33,89,16,2,140,0,1,34,4,39,33,90,50,6,179,0,0,0,179
08/30/2011,SYR,NY,AEA,EN,Combined TRACON& Tower with Radar,50,93,33,0,176,0,0,40,0,40,50,93,73,0,216,0,0,0,216
08/31/2011,SYR,NY,AEA,EN,Combined TRACON& Tower with Radar,55,112,25,0,192,0,0,39,0,39,55,112,64,0,231,0,0,0,231
09/01/2011,SYR,NY,AEA,EN,Combined TRACON& Tower with Radar,45,104,38,0,187,0,0,26,0,26,45,104,64,0,213,0,0,0,213
09/02/2011,SYR,NY,AEA,EN,Combined TRACON& Tower with Radar,46,104,30,0,180,0,1,25,0,26,46,105,55,0,206,0,0,0,206
09/03/2011,SYR,NY,AEA,EN,Combined TRACON& Tower with Radar,33,65,17,0,115,0,3,13,0,16,33,68,30,0,131,0,0,0,131
09/04/2011,SYR,NY,AEA,EN,Combined TRACON& Tower with Radar,33,64,9,0,106,0,1,10,0,11,33,65,19,0,117,0,0,0,117
09/05/2011,SYR,NY,AEA,EN,Combined TRACON& Tower with Radar,41,73,17,0,131,0,0,0,0,0,41,73,17,0,131,0,0,0,131
09/06/2011,SYR,NY,AEA,EN,Combined TRACON& Tower with Radar,48,76,28,0,152,0,0,19,0,19,48,76,47,0,171,0,0,0,171
09/07/2011,SYR,NY,AEA,EN,Combined TRACON& Tower with Radar,50,99,18,0,167,0,0,0,0,0,50,99,18,0,167,0,0,0,167
09/08/2011,SYR,NY,AEA,EN,Combined TRACON& Tower with Radar,46,95,28,0,169,0,0,19,1,20,46,95,47,1,189,0,0,0,189
09/09/2011,SYR,NY,AEA,EN,Combined TRACON& Tower with Radar,46,97,33,5,181,0,0,19,1,20,46,97,52,6,201,12,0,12,213
09/10/2011,SYR,NY,AEA,EN,Combined TRACON& Tower with Radar,37,64,24,0,125,0,2,37,0,39,37,66,61,0,164,8,0,8,172
09/11/2011,SYR,NY,AEA,EN,Combined TRACON& Tower with Radar,44,68,30,0,142,0,0,71,0,71,44,68,101,0,213,24,0,24,237
09/12/2011,SYR,NY,AEA,EN,Combined TRACON& Tower with Radar,41,89,30,1,161,0,1,30,1,32,41,90,60,2,193,23,0,23,216
09/13/2011,SYR,NY,AEA,EN,Combined TRACON& Tower with Radar,55,98,19,0,172,0,7,15,0,22,55,105,34,0,194,0,0,0,194
09/14/2011,SYR,NY,AEA,EN,Combined TRACON& Tower with Radar,46,101,33,0,180,0,3,72,4,79,46,104,105,4,259,0,0,0,259
09/15/2011,SYR,NY,AEA,EN,Combined TRACON& Tower with Radar,45,102,32,2,181,0,0,15,0,15,45,102,47,2,196,22,0,22,218
09/16/2011,SYR,NY,AEA,EN,Combined TRACON& Tower with Radar,46,95,21,0,162,0,0,33,0,33,46,95,54,0,195,0,0,0,195
09/17/2011,SYR,NY,AEA,EN,Combined TRACON& Tower with Radar,38,65,16,0,119,0,0,31,0,31,38,65,47,0,150,6,0,6,156
09/18/2011,SYR,NY,AEA,EN,Combined TRACON& Tower with Radar,38,74,34,0,146,0,0,42,0,42,38,74,76,0,188,98,0,98,286
09/19/2011,SYR,NY,AEA,EN,Combined TRACON& Tower with Radar,39,99,25,0,163,0,0,26,4,30,39,99,51,4,193,38,0,38,231
09/20/2011,SYR,NY,AEA,EN,Combined TRACON& Tower with Radar,50,97,25,0,172,0,0,8,0,8,50,97,33,0,180,0,0,0,180
09/21/2011,SYR,NY,AEA,EN,Combined TRACON& Tower with Radar,47,107,22,0,176,0,0,15,1,16,47,107,37,1,192,0,0,0,192
09/22/2011,SYR,NY,AEA,EN,Combined TRACON& Tower with Radar,44,100,32,2,178,0,2,9,1,12,44,102,41,3,190,26,0,26,216
09/23/2011,SYR,NY,AEA,EN,Combined TRACON& Tower with Radar,48,104,25,0,177,0,0,16,0,16,48,104,41,0,193,0,0,0,193
09/24/2011,SYR,NY,AEA,EN,Combined TRACON& Tower with Radar,36,66,31,0,133,0,0,5,0,5,36,66,36,0,138,0,0,0,138
09/25/2011,SYR,NY,AEA,EN,Combined TRACON& Tower with Radar,38,74,16,0,128,0,0,34,0,34,38,74,50,0,162,14,0,14,176
09/26/2011,SYR,NY,AEA,EN,Combined TRACON& Tower with Radar,40,90,14,0,144,0,4,10,0,14,40,94,24,0,158,0,0,0,158
09/27/2011,SYR,NY,AEA,EN,Combined TRACON& Tower with Radar,46,94,40,0,180,0,1,20,0,21,46,95,60,0,201,24,0,24,225
09/28/2011,SYR,NY,AEA,EN,Combined TRACON& Tower with Radar,43,98,38,0,179,0,1,2,0,3,43,99,40,0,182,0,0,0,182
09/29/2011,SYR,NY,AEA,EN,Combined TRACON& Tower with Radar,56,93,21,0,170,0,0,5,0,5,56,93,26,0,175,20,0,20,195
09/30/2011,SYR,NY,AEA,EN,Combined TRACON& Tower with Radar,73,96,7,0,176,0,0,16,0,16,73,96,23,0,192,175,0,175,367
10/01/2011,SYR,NY,AEA,EN,Combined TRACON& Tower with Radar,38,69,13,1,121,0,0,0,0,0,38,69,13,1,121,0,0,0,121
10/02/2011,SYR,NY,AEA,EN,Combined TRACON& Tower with Radar,38,87,27,1,153,0,0,0,1,1,38,87,27,2,154,0,0,0,154
10/03/2011,SYR,NY,AEA,EN,Combined TRACON& Tower with Radar,50,89,13,0,152,0,0,12,0,12,50,89,25,0,164,0,0,0,164
10/04/2011,SYR,NY,AEA,EN,Combined TRACON& Tower with Radar,50,88,18,2,158,0,0,0,0,0,50,88,18,2,158,0,0,0,158
10/05/2011,SYR,NY,AEA,EN,Combined TRACON& Tower with Radar,52,92,17,15,176,0,0,34,0,34,52,92,51,15,210,14,0,14,224
10/06/2011,SYR,NY,AEA,EN,Combined TRACON& Tower with Radar,49,95,27,2,173,0,4,48,1,53,49,99,75,3,226,0,0,0,226
10/07/2011,SYR,NY,AEA,EN,Combined TRACON& Tower with Radar,51,86,23,0,160,0,0,46,0,46,51,86,69,0,206,0,0,0,206
10/08/2011,SYR,NY,AEA,EN,Combined TRACON& Tower with Radar,41,59,8,0,108,0,3,43,0,46,41,62,51,0,154,56,0,56,210
10/09/2011,SYR,NY,AEA,EN,Combined TRACON& Tower with Radar,46,69,11,0,126,0,0,51,0,51,46,69,62,0,177,30,0,30,207
10/10/2011,SYR,NY,AEA,EN,Combined TRACON& Tower with Radar,44,94,16,0,154,0,1,37,0,38,44,95,53,0,192,0,0,0,192
10/11/2011,SYR,NY,AEA,EN,Combined TRACON& Tower with Radar,57,79,25,0,161,0,0,39,4,43,57,79,64,4,204,0,0,0,204
10/12/2011,SYR,NY,AEA,EN,Combined TRACON& Tower with Radar,52,100,13,2,167,0,0,11,0,11,52,100,24,2,178,0,0,0,178
10/13/2011,SYR,NY,AEA,EN,Combined TRACON& Tower with Radar,47,100,28,0,175,0,0,2,0,2,47,100,30,0,177,0,0,0,177
10/14/2011,SYR,NY,AEA,EN,Combined TRACON& Tower with Radar,51,105,23,0,179,0,0,2,0,2,51,105,25,0,181,0,0,0,181
10/15/2011,SYR,NY,AEA,EN,Combined TRACON& Tower with Radar,42,69,10,0,121,0,0,5,0,5,42,69,15,0,126,0,0,0,126
10/16/2011,SYR,NY,AEA,EN,Combined TRACON& Tower with Radar,39,80,17,0,136,0,1,13,0,14,39,81,30,0,150,0,0,0,150
10/17/2011,SYR,NY,AEA,EN,Combined TRACON& Tower with Radar,41,99,15,0,155,0,3,17,0,20,41,102,32,0,175,0,0,0,175
10/18/2011,SYR,NY,AEA,EN,Combined TRACON& Tower with Radar,54,86,17,0,157,0,2,23,2,27,54,88,40,2,184,0,0,0,184
10/19/2011,SYR,NY,AEA,EN,Combined TRACON& Tower with Radar,49,92,34,11,186,0,0,2,0,2,49,92,36,11,188,0,12,12,200
10/20/2011,SYR,NY,AEA,EN,Combined TRACON& Tower with Radar,54,101,28,4,187,0,0,9,1,10,54,101,37,5,197,0,0,0,197
10/21/2011,SYR,NY,AEA,EN,Combined TRACON& Tower with Radar,49,97,37,1,184,0,0,6,0,6,49,97,43,1,190,0,0,0,190
10/22/2011,SYR,NY,AEA,EN,Combined TRACON& Tower with Radar,55,65,22,0,142,0,0,63,0,63,55,65,85,0,205,0,0,0,205
10/23/2011,SYR,NY,AEA,EN,Combined TRACON& Tower with Radar,44,76,33,0,153,0,0,20,0,20,44,76,53,0,173,0,0,0,173
10/24/2011,SYR,NY,AEA,EN,Combined TRACON& Tower with Radar,45,91,19,0,155,0,0,6,0,6,45,91,25,0,161,0,0,0,161
10/25/2011,SYR,NY,AEA,EN,Combined TRACON& Tower with Radar,57,89,20,0,166,0,0,22,0,22,57,89,42,0,188,0,0,0,188
10/26/2011,SYR,NY,AEA,EN,Combined TRACON& Tower with Radar,49,102,24,0,175,0,0,0,0,0,49,102,24,0,175,0,0,0,175
10/27/2011,SYR,NY,AEA,EN,Combined TRACON& Tower with Radar,49,92,22,0,163,0,0,0,0,0,49,92,22,0,163,0,0,0,163
10/28/2011,SYR,NY,AEA,EN,Combined TRACON& Tower with Radar,52,99,20,0,171,0,0,45,2,47,52,99,65,2,218,52,0,52,270
10/29/2011,SYR,NY,AEA,EN,Combined TRACON& Tower with Radar,58,56,11,0,125,0,0,17,0,17,58,56,28,0,142,12,0,12,154
10/30/2011,SYR,NY,AEA,EN,Combined TRACON& Tower with Radar,41,82,6,0,129,0,0,29,0,29,41,82,35,0,158,0,0,0,158
10/31/2011,SYR,NY,AEA,EN,Combined TRACON& Tower with Radar,39,87,15,0,141,0,0,14,2,16,39,87,29,2,157,0,0,0,157
11/01/2011,SYR,NY,AEA,EN,Combined TRACON& Tower with Radar,55,88,39,0,182,0,0,36,0,36,55,88,75,0,218,18,0,18,236
11/02/2011,SYR,NY,AEA,EN,Combined TRACON& Tower with Radar,57,84,16,6,163,0,2,32,0,34,57,86,48,6,197,0,0,0,197
11/03/2011,SYR,NY,AEA,EN,Combined TRACON& Tower with Radar,52,103,50,0,205,0,0,61,0,61,52,103,111,0,266,64,0,64,330
11/04/2011,SYR,NY,AEA,EN,Combined TRACON& Tower with Radar,53,93,22,1,169,0,2,26,1,29,53,95,48,2,198,30,0,30,228
11/05/2011,SYR,NY,AEA,EN,Combined TRACON& Tower with Radar,42,59,10,0,111,0,3,21,0,24,42,62,31,0,135,22,0,22,157
11/06/2011,SYR,NY,AEA,EN,Combined TRACON& Tower with Radar,38,80,15,0,133,0,0,44,0,44,38,80,59,0,177,21,0,21,198
11/07/2011,SYR,NY,AEA,EN,Combined TRACON& Tower with Radar,40,94,16,0,150,0,4,13,0,17,40,98,29,0,167,27,0,27,194
11/08/2011,SYR,NY,AEA,EN,Combined TRACON& Tower with Radar,45,101,28,10,184,0,2,24,0,26,45,103,52,10,210,0,0,0,210
11/09/2011,SYR,NY,AEA,EN,Combined TRACON& Tower with Radar,46,109,16,0,171,0,0,30,2,32,46,109,46,2,203,32,0,32,235
11/10/2011,SYR,NY,AEA,EN,Combined TRACON& Tower with Radar,48,94,36,0,178,0,0,7,0,7,48,94,43,0,185,0,0,0,185
11/11/2011,SYR,NY,AEA,EN,Combined TRACON& Tower with Radar,48,111,24,0,183,0,0,2,2,4,48,111,26,2,187,0,0,0,187
11/12/2011,SYR,NY,AEA,EN,Combined TRACON& Tower with Radar,40,63,12,1,116,0,2,13,1,16,40,65,25,2,132,0,0,0,132
11/13/2011,SYR,NY,AEA,EN,Combined TRACON& Tower with Radar,38,74,8,0,120,0,0,10,0,10,38,74,18,0,130,0,0,0,130
11/14/2011,SYR,NY,AEA,EN,Combined TRACON& Tower with Radar,37,95,18,2,152,0,0,4,0,4,37,95,22,2,156,0,0,0,156
11/15/2011,SYR,NY,AEA,EN,Combined TRACON& Tower with Radar,51,103,27,2,183,0,0,25,0,25,51,103,52,2,208,31,0,31,239
11/16/2011,SYR,NY,AEA,EN,Combined TRACON& Tower with Radar,41,104,40,2,187,0,0,3,0,3,41,104,43,2,190,0,0,0,190
11/17/2011,SYR,NY,AEA,EN,Combined TRACON& Tower with Radar,41,100,21,0,162,0,0,8,2,10,41,100,29,2,172,0,0,0,172
11/18/2011,SYR,NY,AEA,EN,Combined TRACON& Tower with Radar,43,101,27,11,182,0,2,9,2,13,43,103,36,13,195,24,8,32,227
11/19/2011,SYR,NY,AEA,EN,Combined TRACON& Tower with Radar,36,56,9,0,101,0,2,20,0,22,36,58,29,0,123,8,0,8,131
11/20/2011,SYR,NY,AEA,EN,Combined TRACON& Tower with Radar,33,79,18,0,130,0,0,8,0,8,33,79,26,0,138,0,0,0,138
11/21/2011,SYR,NY,AEA,EN,Combined TRACON& Tower with Radar,35,91,22,0,148,0,1,22,0,23,35,92,44,0,171,54,0,54,225
11/22/2011,SYR,NY,AEA,EN,Combined TRACON& Tower with Radar,42,102,34,2,180,0,1,19,0,20,42,103,53,2,200,16,0,16,216
11/23/2011,SYR,NY,AEA,EN,Combined TRACON& Tower with Radar,47,103,12,0,162,0,0,2,0,2,47,103,14,0,164,0,0,0,164
11/24/2011,SYR,NY,AEA,EN,Combined TRACON& Tower with Radar,25,48,9,0,82,0,0,7,0,7,25,48,16,0,89,0,0,0,89
11/25/2011,SYR,NY,AEA,EN,Combined TRACON& Tower with Radar,37,51,18,0,106,0,2,20,0,22,37,53,38,0,128,6,0,6,134
11/26/2011,SYR,NY,AEA,EN,Combined TRACON& Tower with Radar,39,76,7,0,122,0,2,22,0,24,39,78,29,0,146,0,0,0,146
11/27/2011,SYR,NY,AEA,EN,Combined TRACON& Tower with Radar,34,93,27,0,154,0,0,20,0,20,34,93,47,0,174,0,0,0,174
11/28/2011,SYR,NY,AEA,EN,Combined TRACON& Tower with Radar,39,101,19,0,159,0,0,9,0,9,39,101,28,0,168,30,0,30,198
11/29/2011,SYR,NY,AEA,EN,Combined TRACON& Tower with Radar,51,90,28,3,172,0,0,3,0,3,51,90,31,3,175,20,0,20,195
11/30/2011,SYR,NY,AEA,EN,Combined TRACON& Tower with Radar,54,91,23,2,170,0,0,4,0,4,54,91,27,2,174,0,0,0,174
12/01/2011,SYR,NY,AEA,EN,Combined TRACON& Tower with Radar,54,92,22,2,170,0,7,44,5,56,54,99,66,7,226,119,3,122,348
12/02/2011,SYR,NY,AEA,EN,Combined TRACON& Tower with Radar,51,103,11,0,165,0,0,5,0,5,51,103,16,0,170,0,0,0,170
12/03/2011,SYR,NY,AEA,EN,Combined TRACON& Tower with Radar,38,58,18,0,114,0,0,58,1,59,38,58,76,1,173,74,0,74,247
12/04/2011,SYR,NY,AEA,EN,Combined TRACON& Tower with Radar,36,76,14,0,126,0,0,22,1,23,36,76,36,1,149,0,0,0,149
12/05/2011,SYR,NY,AEA,EN,Combined TRACON& Tower with Radar,42,98,31,0,171,0,0,17,0,17,42,98,48,0,188,14,0,14,202
12/06/2011,SYR,NY,AEA,EN,Combined TRACON& Tower with Radar,49,105,29,0,183,0,0,0,0,0,49,105,29,0,183,0,0,0,183
12/07/2011,SYR,NY,AEA,EN,Combined TRACON& Tower with Radar,49,94,16,0,159,0,0,0,0,0,49,94,16,0,159,0,0,0,159
12/08/2011,SYR,NY,AEA,EN,Combined TRACON& Tower with Radar,54,97,26,0,177,0,3,13,5,21,54,100,39,5,198,0,0,0,198
12/09/2011,SYR,NY,AEA,EN,Combined TRACON& Tower with Radar,51,87,10,4,152,0,0,6,0,6,51,87,16,4,158,0,0,0,158
12/10/2011,SYR,NY,AEA,EN,Combined TRACON& Tower with Radar,36,56,18,0,110,0,2,19,0,21,36,58,37,0,131,0,0,0,131
12/11/2011,SYR,NY,AEA,EN,Combined TRACON& Tower with Radar,36,79,11,2,128,0,0,23,2,25,36,79,34,4,153,0,0,0,153
12/12/2011,SYR,NY,AEA,EN,Combined TRACON& Tower with Radar,45,90,32,8,175,0,0,40,0,40,45,90,72,8,215,42,0,42,257
12/13/2011,SYR,NY,AEA,EN,Combined TRACON& Tower with Radar,48,91,17,14,170,0,0,28,8,36,48,91,45,22,206,66,0,66,272
12/14/2011,SYR,NY,AEA,EN,Combined TRACON& Tower with Radar,58,90,24,3,175,0,0,21,0,21,58,90,45,3,196,48,8,56,252
12/15/2011,SYR,NY,AEA,EN,Combined TRACON& Tower with Radar,66,90,25,4,185,0,0,0,0,0,66,90,25,4,185,18,0,18,203
12/16/2011,SYR,NY,AEA,EN,Combined TRACON& Tower with Radar,56,94,27,14,191,0,0,10,0,10,56,94,37,14,201,0,0,0,201
12/17/2011,SYR,NY,AEA,EN,Combined TRACON& Tower with Radar,45,58,25,0,128,0,2,17,0,19,45,60,42,0,147,0,0,0,147
12/18/2011,SYR,NY,AEA,EN,Combined TRACON& Tower with Radar,44,71,23,0,138,0,0,23,0,23,44,71,46,0,161,12,0,12,173
12/19/2011,SYR,NY,AEA,EN,Combined TRACON& Tower with Radar,52,83,17,0,152,0,0,8,0,8,52,83,25,0,160,0,0,0,160
12/20/2011,SYR,NY,AEA,EN,Combined TRACON& Tower with Radar,58,90,32,10,190,0,0,21,2,23,58,90,53,12,213,0,0,0,213
12/21/2011,SYR,NY,AEA,EN,Combined TRACON& Tower with Radar,58,85,18,5,166,0,0,3,1,4,58,85,21,6,170,0,0,0,170
12/22/2011,SYR,NY,AEA,EN,Combined TRACON& Tower with Radar,62,95,20,0,177,0,0,11,0,11,62,95,31,0,188,0,0,0,188
12/23/2011,SYR,NY,AEA,EN,Combined TRACON& Tower with Radar,55,100,9,0,164,0,0,0,0,0,55,100,9,0,164,0,0,0,164
12/24/2011,SYR,NY,AEA,EN,Combined TRACON& Tower with Radar,37,60,10,0,107,0,0,10,0,10,37,60,20,0,117,10,0,10,127
12/25/2011,SYR,NY,AEA,EN,Combined TRACON& Tower with Radar,30,47,5,0,82,0,0,3,0,3,30,47,8,0,85,0,0,0,85
12/26/2011,SYR,NY,AEA,EN,Combined TRACON& Tower with Radar,45,69,22,0,136,0,0,15,0,15,45,69,37,0,151,24,0,24,175
12/27/2011,SYR,NY,AEA,EN,Combined TRACON& Tower with Radar,47,74,19,0,140,0,0,9,0,9,47,74,28,0,149,48,0,48,197
12/28/2011,SYR,NY,AEA,EN,Combined TRACON& Tower with Radar,55,77,0,0,132,0,0,0,0,0,55,77,0,0,132,0,0,0,132
12/29/2011,SYR,NY,AEA,EN,Combined TRACON& Tower with Radar,57,80,10,0,147,0,0,11,0,11,57,80,21,0,158,18,0,18,176
12/30/2011,SYR,NY,AEA,EN,Combined TRACON& Tower with Radar,51,68,12,0,131,0,0,6,2,8,51,68,18,2,139,36,0,36,175
12/31/2011,SYR,NY,AEA,EN,Combined TRACON& Tower with Radar,33,55,10,0,98,0,0,7,0,7,33,55,17,0,105,0,0,0,105
01/01/2012,SYR,NY,AEA,EN,Combined TRACON& Tower with Radar,33,57,4,0,94,0,0,9,0,9,33,57,13,0,103,0,0,0,103
01/02/2012,SYR,NY,AEA,EN,Combined TRACON& Tower with Radar,42,68,8,0,118,0,0,2,0,2,42,68,10,0,120,0,0,0,120
01/03/2012,SYR,NY,AEA,EN,Combined TRACON& Tower with Radar,44,74,11,0,129,0,0,1,0,1,44,74,12,0,130,0,0,0,130
01/04/2012,SYR,NY,AEA,EN,Combined TRACON& Tower with Radar,52,81,18,2,153,0,0,32,0,32,52,81,50,2,185,39,0,39,224
01/05/2012,SYR,NY,AEA,EN,Combined TRACON& Tower with Radar,51,80,11,0,142,0,0,2,0,2,51,80,13,0,144,0,0,0,144
01/06/2012,SYR,NY,AEA,EN,Combined TRACON& Tower with Radar,52,76,23,0,151,0,2,36,0,38,52,78,59,0,189,0,0,0,189
01/07/2012,SYR,NY,AEA,EN,Combined TRACON& Tower with Radar,45,65,22,0,132,0,0,18,0,18,45,65,40,0,150,18,0,18,168
01/08/2012,SYR,NY,AEA,EN,Combined TRACON& Tower with Radar,40,68,10,0,118,0,0,7,0,7,40,68,17,0,125,0,0,0,125
01/09/2012,SYR,NY,AEA,EN,Combined TRACON& Tower with Radar,45,84,21,1,151,0,0,25,4,29,45,84,46,5,180,53,0,53,233
01/10/2012,SYR,NY,AEA,EN,Combined TRACON& Tower with Radar,48,82,11,3,144,0,0,24,0,24,48,82,35,3,168,12,6,18,186
01/11/2012,SYR,NY,AEA,EN,Combined TRACON& Tower with Radar,52,82,24,0,158,0,0,40,0,40,52,82,64,0,198,24,0,24,222
01/12/2012,SYR,NY,AEA,EN,Combined TRACON& Tower with Radar,51,87,26,0,164,0,0,6,0,6,51,87,32,0,170,12,0,12,182
01/13/2012,SYR,NY,AEA,EN,Combined TRACON& Tower with Radar,46,64,5,0,115,0,0,0,0,0,46,64,5,0,115,0,0,0,115
01/14/2012,SYR,NY,AEA,EN,Combined TRACON& Tower with Radar,38,64,18,0,120,0,0,1,0,1,38,64,19,0,121,0,0,0,121
01/15/2012,SYR,NY,AEA,EN,Combined TRACON& Tower with Radar,40,66,7,0,113,0,0,15,0,15,40,66,22,0,128,35,0,35,163
01/16/2012,SYR,NY,AEA,EN,Combined TRACON& Tower with Radar,47,86,17,0,150,0,0,21,2,23,47,86,38,2,173,23,0,23,196
01/17/2012,SYR,NY,AEA,EN,Combined TRACON& Tower with Radar,57,77,24,0,158,0,0,0,0,0,57,77,24,0,158,0,0,0,158
01/18/2012,SYR,NY,AEA,EN,Combined TRACON& Tower with Radar,52,82,22,0,156,0,0,6,0,6,52,82,28,0,162,0,0,0,162
01/19/2012,SYR,NY,AEA,EN,Combined TRACON& Tower with Radar,50,96,14,0,160,0,0,15,2,17,50,96,29,2,177,0,0,0,177
01/20/2012,SYR,NY,AEA,EN,Combined TRACON& Tower with Radar,49,86,10,0,145,0,0,10,0,10,49,86,20,0,155,0,0,0,155
01/21/2012,SYR,NY,AEA,EN,Combined TRACON& Tower with Radar,45,49,8,0,102,0,0,13,0,13,45,49,21,0,115,10,0,10,125
01/22/2012,SYR,NY,AEA,EN,Combined TRACON& Tower with Radar,43,67,7,0,117,0,2,33,0,35,43,69,40,0,152,44,0,44,196
01/23/2012,SYR,NY,AEA,EN,Combined TRACON& Tower with Radar,44,83,18,0,145,0,0,1,0,1,44,83,19,0,146,0,0,0,146
01/24/2012,SYR,NY,AEA,EN,Combined TRACON& Tower with Radar,56,79,31,0,166,0,0,2,2,4,56,79,33,2,170,0,0,0,170
01/25/2012,SYR,NY,AEA,EN,Combined TRACON& Tower with Radar,59,74,17,0,150,0,0,6,2,8,59,74,23,2,158,0,0,0,158
01/26/2012,SYR,NY,AEA,EN,Combined TRACON& Tower with Radar,54,98,22,2,176,0,0,4,0,4,54,98,26,2,180,0,0,0,180
01/27/2012,SYR,NY,AEA,EN,Combined TRACON& Tower with Radar,49,91,19,0,159,0,0,0,0,0,49,91,19,0,159,0,0,0,159
01/28/2012,SYR,NY,AEA,EN,Combined TRACON& Tower with Radar,43,60,9,0,112,0,0,33,0,33,43,60,42,0,145,16,0,16,161
01/29/2012,SYR,NY,AEA,EN,Combined TRACON& Tower with Radar,50,57,10,0,117,0,0,8,0,8,50,57,18,0,125,10,0,10,135
01/30/2012,SYR,NY,AEA,EN,Combined TRACON& Tower with Radar,44,87,20,0,151,0,0,9,0,9,44,87,29,0,160,0,0,0,160
01/31/2012,SYR,NY,AEA,EN,Combined TRACON& Tower with Radar,82,82,28,1,193,0,4,24,1,29,82,86,52,2,222,0,0,0,222
02/01/2012,SYR,NY,AEA,EN,Combined TRACON& Tower with Radar,51,85,19,2,157,0,0,7,0,7,51,85,26,2,164,0,0,0,164
02/02/2012,SYR,NY,AEA,EN,Combined TRACON& Tower with Radar,55,82,37,2,176,0,0,6,0,6,55,82,43,2,182,28,0,28,210
02/03/2012,SYR,NY,AEA,EN,Combined TRACON& Tower with Radar,46,89,14,1,150,0,0,20,1,21,46,89,34,2,171,0,0,0,171
02/04/2012,SYR,NY,AEA,EN,Combined TRACON& Tower with Radar,39,57,26,0,122,0,0,23,0,23,39,57,49,0,145,0,0,0,145
02/05/2012,SYR,NY,AEA,EN,Combined TRACON& Tower with Radar,43,65,10,0,118,0,0,20,0,20,43,65,30,0,138,36,0,36,174
02/06/2012,SYR,NY,AEA,EN,Combined TRACON& Tower with Radar,48,83,18,2,151,0,0,25,4,29,48,83,43,6,180,18,0,18,198
02/07/2012,SYR,NY,AEA,EN,Combined TRACON& Tower with Radar,48,97,25,7,177,0,0,16,1,17,48,97,41,8,194,0,0,0,194
02/08/2012,SYR,NY,AEA,EN,Combined TRACON& Tower with Radar,51,87,34,3,175,0,0,33,2,35,51,87,67,5,210,30,0,30,240
02/09/2012,SYR,NY,AEA,EN,Combined TRACON& Tower with Radar,51,86,28,5,170,0,2,29,3,34,51,88,57,8,204,0,0,0,204
02/10/2012,SYR,NY,AEA,EN,Combined TRACON& Tower with Radar,46,90,10,14,160,0,0,31,0,31,46,90,41,14,191,0,0,0,191
02/11/2012,SYR,NY,AEA,EN,Combined TRACON& Tower with Radar,41,61,6,0,108,0,0,1,0,1,41,61,7,0,109,0,0,0,109
02/12/2012,SYR,NY,AEA,EN,Combined TRACON& Tower with Radar,45,67,10,0,122,0,0,0,0,0,45,67,10,0,122,0,0,0,122
02/13/2012,SYR,NY,AEA,EN,Combined TRACON& Tower with Radar,47,85,18,6,156,0,0,12,0,12,47,85,30,6,168,0,0,0,168
02/14/2012,SYR,NY,AEA,EN,Combined TRACON& Tower with Radar,56,82,23,2,163,0,0,7,0,7,56,82,30,2,170,0,0,0,170
02/15/2012,SYR,NY,AEA,EN,Combined TRACON& Tower with Radar,49,87,26,5,167,0,1,5,1,7,49,88,31,6,174,0,0,0,174
02/16/2012,SYR,NY,AEA,EN,Combined TRACON& Tower with Radar,46,87,34,5,172,0,0,4,3,7,46,87,38,8,179,0,0,0,179
02/17/2012,SYR,NY,AEA,EN,Combined TRACON& Tower with Radar,47,87,29,3,166,0,0,21,0,21,47,87,50,3,187,0,0,0,187
02/18/2012,SYR,NY,AEA,EN,Combined TRACON& Tower with Radar,39,61,7,0,107,0,0,1,0,1,39,61,8,0,108,20,0,20,128
02/19/2012,SYR,NY,AEA,EN,Combined TRACON& Tower with Radar,37,63,6,1,107,0,0,6,0,6,37,63,12,1,113,0,0,0,113
02/20/2012,SYR,NY,AEA,EN,Combined TRACON& Tower with Radar,42,85,9,0,136,0,3,35,0,38,42,88,44,0,174,0,0,0,174
02/21/2012,SYR,NY,AEA,EN,Combined TRACON& Tower with Radar,52,87,22,2,163,0,2,21,0,23,52,89,43,2,186,0,0,0,186
02/22/2012,SYR,NY,AEA,EN,Combined TRACON& Tower with Radar,52,88,31,2,173,0,1,13,0,14,52,89,44,2,187,32,0,32,219
02/23/2012,SYR,NY,AEA,EN,Combined TRACON& Tower with Radar,52,93,16,6,167,0,0,12,2,14,52,93,28,8,181,0,0,0,181
02/24/2012,SYR,NY,AEA,EN,Combined TRACON& Tower with Radar,48,81,9,0,138,0,0,0,0,0,48,81,9,0,138,0,0,0,138
02/25/2012,SYR,NY,AEA,EN,Combined TRACON& Tower with Radar,36,55,4,0,95,0,0,0,0,0,36,55,4,0,95,0,0,0,95
02/26/2012,SYR,NY,AEA,EN,Combined TRACON& Tower with Radar,41,74,23,0,138,0,0,38,0,38,41,74,61,0,176,0,0,0,176
02/27/2012,SYR,NY,AEA,EN,Combined TRACON& Tower with Radar,44,86,24,6,160,0,4,18,0,22,44,90,42,6,182,0,0,0,182
02/28/2012,SYR,NY,AEA,EN,Combined TRACON& Tower with Radar,50,85,11,2,148,0,1,35,0,36,50,86,46,2,184,0,0,0,184
02/29/2012,SYR,NY,AEA,EN,Combined TRACON& Tower with Radar,50,80,12,0,142,0,0,3,0,3,50,80,15,0,145,0,0,0,145
03/01/2012,SYR,NY,AEA,EN,Combined TRACON& Tower with Radar,54,90,23,0,167,0,0,1,0,1,54,90,24,0,168,0,0,0,168
03/02/2012,SYR,NY,AEA,EN,Combined TRACON& Tower with Radar,48,93,18,4,163,0,0,17,0,17,48,93,35,4,180,36,6,42,222
03/03/2012,SYR,NY,AEA,EN,Combined TRACON& Tower with Radar,39,64,3,3,109,0,0,3,3,6,39,64,6,6,115,0,0,0,115
03/04/2012,SYR,NY,AEA,EN,Combined TRACON& Tower with Radar,39,72,6,0,117,0,0,0,0,0,39,72,6,0,117,0,0,0,117
03/05/2012,SYR,NY,AEA,EN,Combined TRACON& Tower with Radar,44,85,20,4,153,0,0,8,2,10,44,85,28,6,163,0,0,0,163
03/06/2012,SYR,NY,AEA,EN,Combined TRACON& Tower with Radar,57,87,20,4,168,0,0,33,0,33,57,87,53,4,201,0,0,0,201
03/07/2012,SYR,NY,AEA,EN,Combined TRACON& Tower with Radar,48,89,14,8,159,1,2,46,0,49,49,91,60,8,208,0,0,0,208
03/08/2012,SYR,NY,AEA,EN,Combined TRACON& Tower with Radar,50,95,16,0,161,0,0,5,2,7,50,95,21,2,168,0,0,0,168
03/09/2012,SYR,NY,AEA,EN,Combined TRACON& Tower with Radar,42,86,19,0,147,0,0,2,0,2,42,86,21,0,149,0,0,0,149
03/10/2012,SYR,NY,AEA,EN,Combined TRACON& Tower with Radar,38,59,14,0,111,0,2,9,0,11,38,61,23,0,122,0,0,0,122
03/11/2012,SYR,NY,AEA,EN,Combined TRACON& Tower with Radar,42,64,11,0,117,0,0,36,0,36,42,64,47,0,153,0,0,0,153
03/12/2012,SYR,NY,AEA,EN,Combined TRACON& Tower with Radar,41,86,25,5,157,0,0,21,0,21,41,86,46,5,178,0,0,0,178
03/13/2012,SYR,NY,AEA,EN,Combined TRACON& Tower with Radar,57,82,25,7,171,0,0,20,2,22,57,82,45,9,193,0,0,0,193
03/14/2012,SYR,NY,AEA,EN,Combined TRACON& Tower with Radar,52,88,20,2,162,0,0,25,3,28,52,88,45,5,190,0,0,0,190
03/15/2012,SYR,NY,AEA,EN,Combined TRACON& Tower with Radar,48,92,42,3,185,0,0,26,0,26,48,92,68,3,211,0,0,0,211
03/16/2012,SYR,NY,AEA,EN,Combined TRACON& Tower with Radar,53,85,23,8,169,0,0,11,0,11,53,85,34,8,180,0,0,0,180
03/17/2012,SYR,NY,AEA,EN,Combined TRACON& Tower with Radar,44,59,21,0,124,0,1,22,0,23,44,60,43,0,147,0,0,0,147
03/18/2012,SYR,NY,AEA,EN,Combined TRACON& Tower with Radar,40,70,17,0,127,0,0,39,0,39,40,70,56,0,166,0,0,0,166
03/19/2012,SYR,NY,AEA,EN,Combined TRACON& Tower with Radar,44,87,19,4,154,0,0,26,4,30,44,87,45,8,184,0,0,0,184
03/20/2012,SYR,NY,AEA,EN,Combined TRACON& Tower with Radar,54,77,22,6,159,0,1,40,1,42,54,78,62,7,201,32,8,40,241
03/21/2012,SYR,NY,AEA,EN,Combined TRACON& Tower with Radar,49,93,17,5,164,0,8,36,0,44,49,101,53,5,208,0,0,0,208
03/22/2012,SYR,NY,AEA,EN,Combined TRACON& Tower with Radar,49,95,26,10,180,0,2,34,2,38,49,97,60,12,218,26,6,32,250
03/23/2012,SYR,NY,AEA,EN,Combined TRACON& Tower with Radar,48,95,19,0,162,0,2,64,0,66,48,97,83,0,228,20,0,20,248
03/24/2012,SYR,NY,AEA,EN,Combined TRACON& Tower with Radar,39,50,22,0,111,0,0,10,0,10,39,50,32,0,121,60,0,60,181
03/25/2012,SYR,NY,AEA,EN,Combined TRACON& Tower with Radar,43,76,12,0,131,0,0,0,0,0,43,76,12,0,131,0,0,0,131
03/26/2012,SYR,NY,AEA,EN,Combined TRACON& Tower with Radar,44,104,26,3,177,0,1,8,1,10,44,105,34,4,187,0,0,0,187
03/27/2012,SYR,NY,AEA,EN,Combined TRACON& Tower with Radar,57,87,20,6,170,0,2,43,3,48,57,89,63,9,218,16,0,16,234
03/28/2012,SYR,NY,AEA,EN,Combined TRACON& Tower with Radar,52,86,17,10,165,0,1,11,0,12,52,87,28,10,177,42,0,42,219
03/29/2012,SYR,NY,AEA,EN,Combined TRACON& Tower with Radar,53,91,30,4,178,0,0,1,1,2,53,91,31,5,180,0,0,0,180
03/30/2012,SYR,NY,AEA,EN,Combined TRACON& Tower with Radar,46,93,13,3,155,0,2,42,4,48,46,95,55,7,203,27,7,34,237
03/31/2012,SYR,NY,AEA,EN,Combined TRACON& Tower with Radar,43,58,21,0,122,0,0,9,0,9,43,58,30,0,131,8,0,8,139
04/01/2012,SYR,NY,AEA,EN,Combined TRACON& Tower with Radar,41,71,17,0,129,0,0,5,0,5,41,71,22,0,134,8,0,8,142
04/02/2012,SYR,NY,AEA,EN,Combined TRACON& Tower with Radar,51,88,25,0,164,0,0,35,4,39,51,88,60,4,203,0,0,0,203
04/03/2012,SYR,NY,AEA,EN,Combined TRACON& Tower with Radar,57,90,18,2,167,0,3,34,2,39,57,93,52,4,206,0,0,0,206
04/04/2012,SYR,NY,AEA,EN,Combined TRACON& Tower with Radar,55,92,23,5,175,0,5,13,1,19,55,97,36,6,194,0,0,0,194
04/05/2012,SYR,NY,AEA,EN,Combined TRACON& Tower with Radar,54,102,28,10,194,0,7,15,6,28,54,109,43,16,222,0,0,0,222
04/06/2012,SYR,NY,AEA,EN,Combined TRACON& Tower with Radar,54,92,21,2,169,0,2,35,0,37,54,94,56,2,206,0,0,0,206
04/07/2012,SYR,NY,AEA,EN,Combined TRACON& Tower with Radar,44,52,13,0,109,0,2,40,0,42,44,54,53,0,151,0,0,0,151
04/08/2012,SYR,NY,AEA,EN,Combined TRACON& Tower with Radar,45,71,4,0,120,0,1,30,0,31,45,72,34,0,151,0,0,0,151
04/09/2012,SYR,NY,AEA,EN,Combined TRACON& Tower with Radar,52,88,17,2,159,0,0,3,0,3,52,88,20,2,162,0,0,0,162
04/10/2012,SYR,NY,AEA,EN,Combined TRACON& Tower with Radar,55,95,27,1,178,0,0,18,0,18,55,95,45,1,196,8,2,10,206
04/11/2012,SYR,NY,AEA,EN,Combined TRACON& Tower with Radar,55,89,16,4,164,0,0,7,0,7,55,89,23,4,171,0,0,0,171
04/12/2012,SYR,NY,AEA,EN,Combined TRACON& Tower with Radar,56,93,35,11,195,0,0,43,6,49,56,93,78,17,244,122,0,122,366
04/13/2012,SYR,NY,AEA,EN,Combined TRACON& Tower with Radar,57,96,22,0,175,0,0,36,0,36,57,96,58,0,211,46,0,46,257
04/14/2012,SYR,NY,AEA,EN,Combined TRACON& Tower with Radar,44,56,10,0,110,0,2,42,0,44,44,58,52,0,154,0,0,0,154
04/15/2012,SYR,NY,AEA,EN,Combined TRACON& Tower with Radar,42,76,28,0,146,0,0,10,0,10,42,76,38,0,156,0,0,0,156
04/16/2012,SYR,NY,AEA,EN,Combined TRACON& Tower with Radar,47,87,26,3,163,0,0,32,0,32,47,87,58,3,195,28,0,28,223
04/17/2012,SYR,NY,AEA,EN,Combined TRACON& Tower with Radar,57,89,17,6,169,0,1,20,2,23,57,90,37,8,192,0,0,0,192
04/18/2012,SYR,NY,AEA,EN,Combined TRACON& Tower with Radar,54,94,26,5,179,0,1,29,4,34,54,95,55,9,213,68,8,76,289
04/19/2012,SYR,NY,AEA,EN,Combined TRACON& Tower with Radar,59,93,26,11,189,0,1,35,1,37,59,94,61,12,226,48,0,48,274
04/20/2012,SYR,NY,AEA,EN,Combined TRACON& Tower with Radar,56,90,24,8,178,0,0,26,1,27,56,90,50,9,205,64,12,76,281
04/21/2012,SYR,NY,AEA,EN,Combined TRACON& Tower with Radar,44,55,19,0,118,0,0,0,0,0,44,55,19,0,118,0,0,0,118
04/22/2012,SYR,NY,AEA,EN,Combined TRACON& Tower with Radar,48,70,13,0,131,0,0,6,0,6,48,70,19,0,137,66,0,66,203
04/23/2012,SYR,NY,AEA,EN,Combined TRACON& Tower with Radar,55,85,15,2,157,0,0,0,0,0,55,85,15,2,157,0,0,0,157
04/24/2012,SYR,NY,AEA,EN,Combined TRACON& Tower with Radar,60,83,15,0,158,0,0,6,0,6,60,83,21,0,164,0,0,0,164
04/25/2012,SYR,NY,AEA,EN,Combined TRACON& Tower with Radar,54,89,22,12,177,0,0,10,0,10,54,89,32,12,187,0,0,0,187
04/26/2012,SYR,NY,AEA,EN,Combined TRACON& Tower with Radar,55,90,24,10,179,0,2,18,0,20,55,92,42,10,199,0,0,0,199
04/27/2012,SYR,NY,AEA,EN,Combined TRACON& Tower with Radar,52,87,19,2,160,0,0,6,0,6,52,87,25,2,166,0,0,0,166
04/28/2012,SYR,NY,AEA,EN,Combined TRACON& Tower with Radar,43,59,9,0,111,0,0,42,2,44,43,59,51,2,155,0,0,0,155
04/29/2012,SYR,NY,AEA,EN,Combined TRACON& Tower with Radar,44,72,7,0,123,0,0,35,0,35,44,72,42,0,158,0,0,0,158
04/30/2012,SYR,NY,AEA,EN,Combined TRACON& Tower with Radar,50,86,20,0,156,0,0,31,2,33,50,86,51,2,189,0,0,0,189
05/01/2012,SYR,NY,AEA,EN,Combined TRACON& Tower with Radar,59,90,17,0,166,0,0,0,0,0,59,90,17,0,166,0,0,0,166
05/02/2012,SYR,NY,AEA,EN,Combined TRACON& Tower with Radar,63,89,21,3,176,0,0,24,3,27,63,89,45,6,203,0,0,0,203
05/03/2012,SYR,NY,AEA,EN,Combined TRACON& Tower with Radar,54,91,32,14,191,0,0,14,0,14,54,91,46,14,205,52,8,60,265
05/04/2012,SYR,NY,AEA,EN,Combined TRACON& Tower with Radar,53,92,9,6,160,0,0,7,0,7,53,92,16,6,167,40,0,40,207
05/05/2012,SYR,NY,AEA,EN,Combined TRACON& Tower with Radar,44,56,24,0,124,0,1,23,0,24,44,57,47,0,148,0,0,0,148
05/06/2012,SYR,NY,AEA,EN,Combined TRACON& Tower with Radar,47,71,15,0,133,0,1,44,0,45,47,72,59,0,178,25,0,25,203
05/07/2012,SYR,NY,AEA,EN,Combined TRACON& Tower with Radar,49,97,20,5,171,0,0,12,1,13,49,97,32,6,184,0,0,0,184
05/08/2012,SYR,NY,AEA,EN,Combined TRACON& Tower with Radar,62,89,20,0,171,0,0,0,0,0,62,89,20,0,171,0,0,0,171
05/09/2012,SYR,NY,AEA,EN,Combined TRACON& Tower with Radar,57,99,32,4,192,0,0,14,0,14,57,99,46,4,206,0,0,0,206
05/10/2012,SYR,NY,AEA,EN,Combined TRACON& Tower with Radar,58,103,30,0,191,0,0,9,4,13,58,103,39,4,204,0,0,0,204
05/11/2012,SYR,NY,AEA,EN,Combined TRACON& Tower with Radar,52,111,24,0,187,0,1,42,0,43,52,112,66,0,230,0,0,0,230
05/12/2012,SYR,NY,AEA,EN,Combined TRACON& Tower with Radar,50,71,21,0,142,0,6,40,0,46,50,77,61,0,188,0,0,0,188
05/13/2012,SYR,NY,AEA,EN,Combined TRACON& Tower with Radar,45,94,20,0,159,0,0,26,0,26,45,94,46,0,185,48,4,52,237
05/14/2012,SYR,NY,AEA,EN,Combined TRACON& Tower with Radar,50,97,32,0,179,0,0,23,4,27,50,97,55,4,206,0,0,0,206
05/15/2012,SYR,NY,AEA,EN,Combined TRACON& Tower with Radar,62,92,31,0,185,0,0,12,3,15,62,92,43,3,200,24,0,24,224
05/16/2012,SYR,NY,AEA,EN,Combined TRACON& Tower with Radar,57,96,20,2,175,0,0,29,0,29,57,96,49,2,204,0,0,0,204
05/17/2012,SYR,NY,AEA,EN,Combined TRACON& Tower with Radar,58,93,28,2,181,0,0,42,1,43,58,93,70,3,224,0,0,0,224
05/18/2012,SYR,NY,AEA,EN,Combined TRACON& Tower with Radar,56,99,25,3,183,0,0,54,0,54,56,99,79,3,237,10,0,10,247
05/19/2012,SYR,NY,AEA,EN,Combined TRACON& Tower with Radar,47,55,11,0,113,0,2,35,0,37,47,57,46,0,150,0,0,0,150
05/20/2012,SYR,NY,AEA,EN,Combined TRACON& Tower with Radar,50,73,16,0,139,0,2,38,0,40,50,75,54,0,179,54,4,58,237
05/21/2012,SYR,NY,AEA,EN,Combined TRACON& Tower with Radar,51,87,9,3,150,0,2,24,1,27,51,89,33,4,177,0,0,0,177
05/22/2012,SYR,NY,AEA,EN,Combined TRACON& Tower with Radar,63,87,20,2,172,0,0,26,2,28,63,87,46,4,200,0,0,0,200
05/23/2012,SYR,NY,AEA,EN,Combined TRACON& Tower with Radar,59,91,35,4,189,0,2,22,4,28,59,93,57,8,217,0,0,0,217
05/24/2012,SYR,NY,AEA,EN,Combined TRACON& Tower with Radar,58,96,24,3,181,0,0,18,5,23,58,96,42,8,204,0,0,0,204
05/25/2012,SYR,NY,AEA,EN,Combined TRACON& Tower with Radar,58,90,25,9,182,0,0,13,0,13,58,90,38,9,195,0,0,0,195
05/26/2012,SYR,NY,AEA,EN,Combined TRACON& Tower with Radar,48,57,15,0,120,0,0,30,0,30,48,57,45,0,150,0,0,0,150
05/27/2012,SYR,NY,AEA,EN,Combined TRACON& Tower with Radar,47,49,9,0,105,0,1,17,0,18,47,50,26,0,123,32,0,32,155
05/28/2012,SYR,NY,AEA,EN,Combined TRACON& Tower with Radar,53,70,7,0,130,0,0,12,0,12,53,70,19,0,142,14,0,14,156
05/29/2012,SYR,NY,AEA,EN,Combined TRACON& Tower with Radar,53,74,17,4,148,0,0,17,0,17,53,74,34,4,165,0,0,0,165
05/30/2012,SYR,NY,AEA,EN,Combined TRACON& Tower with Radar,67,101,18,9,195,0,0,44,1,45,67,101,62,10,240,42,4,46,286
05/31/2012,SYR,NY,AEA,EN,Combined TRACON& Tower with Radar,55,90,36,3,184,0,2,41,2,45,55,92,77,5,229,0,0,0,229
06/01/2012,SYR,NY,AEA,EN,Combined TRACON& Tower with Radar,47,96,9,3,155,0,0,22,0,22,47,96,31,3,177,0,0,0,177
06/02/2012,SYR,NY,AEA,EN,Combined TRACON& Tower with Radar,43,56,15,0,114,0,1,22,0,23,43,57,37,0,137,6,0,6,143
06/03/2012,SYR,NY,AEA,EN,Combined TRACON& Tower with Radar,44,74,18,0,136,0,1,8,0,9,44,75,26,0,145,40,0,40,185
06/04/2012,SYR,NY,AEA,EN,Combined TRACON& Tower with Radar,47,88,25,0,160,0,0,12,0,12,47,88,37,0,172,36,0,36,208
06/05/2012,SYR,NY,AEA,EN,Combined TRACON& Tower with Radar,61,92,22,0,175,0,0,26,0,26,61,92,48,0,201,24,0,24,225
06/06/2012,SYR,NY,AEA,EN,Combined TRACON& Tower with Radar,63,95,21,0,179,0,3,13,2,18,63,98,34,2,197,0,0,0,197
06/07/2012,SYR,NY,AEA,EN,Combined TRACON& Tower with Radar,57,94,20,0,171,0,0,23,0,23,57,94,43,0,194,0,0,0,194
06/08/2012,SYR,NY,AEA,EN,Combined TRACON& Tower with Radar,57,97,19,3,176,0,0,30,0,30,57,97,49,3,206,12,0,12,218
06/09/2012,SYR,NY,AEA,EN,Combined TRACON& Tower with Radar,45,59,12,14,130,0,0,4,0,4,45,59,16,14,134,0,14,14,148
06/10/2012,SYR,NY,AEA,EN,Combined TRACON& Tower with Radar,47,79,23,20,169,0,0,21,16,37,47,79,44,36,206,98,14,112,318
06/11/2012,SYR,NY,AEA,EN,Combined TRACON& Tower with Radar,51,85,23,1,160,0,4,36,3,43,51,89,59,4,203,0,0,0,203
06/12/2012,SYR,NY,AEA,EN,Combined TRACON& Tower with Radar,59,95,22,2,178,0,0,3,0,3,59,95,25,2,181,0,0,0,181
06/13/2012,SYR,NY,AEA,EN,Combined TRACON& Tower with Radar,59,99,34,20,212,0,0,41,0,41,59,99,75,20,253,0,0,0,253
06/14/2012,SYR,NY,AEA,EN,Combined TRACON& Tower with Radar,57,93,22,2,174,0,1,48,2,51,57,94,70,4,225,186,0,186,411
06/15/2012,SYR,NY,AEA,EN,Combined TRACON& Tower with Radar,54,92,19,0,165,0,0,35,2,37,54,92,54,2,202,0,0,0,202
06/16/2012,SYR,NY,AEA,EN,Combined TRACON& Tower with Radar,45,62,18,0,125,0,3,30,0,33,45,65,48,0,158,0,0,0,158
06/17/2012,SYR,NY,AEA,EN,Combined TRACON& Tower with Radar,46,81,25,0,152,0,0,28,0,28,46,81,53,0,180,0,0,0,180
06/18/2012,SYR,NY,AEA,EN,Combined TRACON& Tower with Radar,51,81,23,4,159,0,1,15,3,19,51,82,38,7,178,0,0,0,178
06/19/2012,SYR,NY,AEA,EN,Combined TRACON& Tower with Radar,57,94,34,0,185,0,1,14,4,19,57,95,48,4,204,0,0,0,204
06/20/2012,SYR,NY,AEA,EN,Combined TRACON& Tower with Radar,57,89,19,15,180,0,4,25,0,29,57,93,44,15,209,28,18,46,255
06/21/2012,SYR,NY,AEA,EN,Combined TRACON& Tower with Radar,58,92,17,0,167,0,5,20,0,25,58,97,37,0,192,20,0,20,212
06/22/2012,SYR,NY,AEA,EN,Combined TRACON& Tower with Radar,61,85,18,0,164,0,0,29,1,30,61,85,47,1,194,6,0,6,200
06/23/2012,SYR,NY,AEA,EN,Combined TRACON& Tower with Radar,43,66,17,0,126,0,2,23,2,27,43,68,40,2,153,0,0,0,153
06/24/2012,SYR,NY,AEA,EN,Combined TRACON& Tower with Radar,46,77,11,0,134,0,1,29,1,31,46,78,40,1,165,0,0,0,165
06/25/2012,SYR,NY,AEA,EN,Combined TRACON& Tower with Radar,51,77,24,6,158,0,0,32,2,34,51,77,56,8,192,18,0,18,210
06/26/2012,SYR,NY,AEA,EN,Combined TRACON& Tower with Radar,65,89,19,0,173,0,2,33,2,37,65,91,52,2,210,42,4,46,256
06/27/2012,SYR,NY,AEA,EN,Combined TRACON& Tower with Radar,62,91,19,14,186,0,1,34,0,35,62,92,53,14,221,36,16,52,273
06/28/2012,SYR,NY,AEA,EN,Combined TRACON& Tower with Radar,59,92,26,2,179,0,2,59,0,61,59,94,85,2,240,116,0,116,356
06/29/2012,SYR,NY,AEA,EN,Combined TRACON& Tower with Radar,57,85,13,15,170,0,1,61,0,62,57,86,74,15,232,0,0,0,232
06/30/2012,SYR,NY,AEA,EN,Combined TRACON& Tower with Radar,49,58,7,0,114,0,2,48,0,50,49,60,55,0,164,40,0,40,204
07/01/2012,SYR,NY,AEA,EN,Combined TRACON& Tower with Radar,42,83,12,0,137,0,0,42,0,42,42,83,54,0,179,0,0,0,179
07/02/2012,SYR,NY,AEA,EN,Combined TRACON& Tower with Radar,49,74,25,0,148,0,4,26,0,30,49,78,51,0,178,0,0,0,178
07/03/2012,SYR,NY,AEA,EN,Combined TRACON& Tower with Radar,57,82,12,16,167,0,2,25,0,27,57,84,37,16,194,40,14,54,248
07/04/2012,SYR,NY,AEA,EN,Combined TRACON& Tower with Radar,48,48,5,0,101,0,0,10,0,10,48,48,15,0,111,0,0,0,111
07/05/2012,SYR,NY,AEA,EN,Combined TRACON& Tower with Radar,56,73,12,12,153,0,3,36,0,39,56,76,48,12,192,0,0,0,192
07/06/2012,SYR,NY,AEA,EN,Combined TRACON& Tower with Radar,52,69,12,0,133,0,2,31,4,37,52,71,43,4,170,0,0,0,170
07/07/2012,SYR,NY,AEA,EN,Combined TRACON& Tower with Radar,44,66,10,0,120,0,1,22,0,23,44,67,32,0,143,24,0,24,167
07/08/2012,SYR,NY,AEA,EN,Combined TRACON& Tower with Radar,46,78,20,0,144,0,2,19,0,21,46,80,39,0,165,73,0,73,238
07/09/2012,SYR,NY,AEA,EN,Combined TRACON& Tower with Radar,50,89,25,4,168,0,3,39,4,46,50,92,64,8,214,55,0,55,269
07/10/2012,SYR,NY,AEA,EN,Combined TRACON& Tower with Radar,55,100,22,2,179,0,3,32,0,35,55,103,54,2,214,24,0,24,238
07/11/2012,SYR,NY,AEA,EN,Combined TRACON& Tower with Radar,62,85,26,3,176,0,5,46,0,51,62,90,72,3,227,18,0,18,245
07/12/2012,SYR,NY,AEA,EN,Combined TRACON& Tower with Radar,57,86,32,0,175,0,4,34,0,38,57,90,66,0,213,0,0,0,213
07/13/2012,SYR,NY,AEA,EN,Combined TRACON& Tower with Radar,54,80,42,2,178,0,2,29,0,31,54,82,71,2,209,0,0,0,209
07/14/2012,SYR,NY,AEA,EN,Combined TRACON& Tower with Radar,50,51,14,0,115,0,2,21,0,23,50,53,35,0,138,0,0,0,138
07/15/2012,SYR,NY,AEA,EN,Combined TRACON& Tower with Radar,40,69,16,2,127,0,0,11,0,11,40,69,27,2,138,0,0,0,138
07/16/2012,SYR,NY,AEA,EN,Combined TRACON& Tower with Radar,45,88,37,0,170,0,0,32,2,34,45,88,69,2,204,0,0,0,204
07/17/2012,SYR,NY,AEA,EN,Combined TRACON& Tower with Radar,59,88,18,2,167,0,2,14,0,16,59,90,32,2,183,0,0,0,183
07/18/2012,SYR,NY,AEA,EN,Combined TRACON& Tower with Radar,56,59,27,0,142,0,1,22,0,23,56,60,49,0,165,0,0,0,165
07/19/2012,SYR,NY,AEA,EN,Combined TRACON& Tower with Radar,55,96,27,2,180,0,0,50,0,50,55,96,77,2,230,0,0,0,230
07/20/2012,SYR,NY,AEA,EN,Combined TRACON& Tower with Radar,50,82,25,0,157,0,1,16,0,17,50,83,41,0,174,0,0,0,174
07/21/2012,SYR,NY,AEA,EN,Combined TRACON& Tower with Radar,46,63,19,0,128,0,1,28,0,29,46,64,47,0,157,0,0,0,157
07/22/2012,SYR,NY,AEA,EN,Combined TRACON& Tower with Radar,56,63,13,0,132,0,2,24,0,26,56,65,37,0,158,0,0,0,158
07/23/2012,SYR,NY,AEA,EN,Combined TRACON& Tower with Radar,46,81,19,0,146,0,0,10,0,10,46,81,29,0,156,0,0,0,156
07/24/2012,SYR,NY,AEA,EN,Combined TRACON& Tower with Radar,59,81,19,0,159,0,5,7,6,18,59,86,26,6,177,0,0,0,177
07/25/2012,SYR,NY,AEA,EN,Combined TRACON& Tower with Radar,59,85,21,1,166,0,4,41,0,45,59,89,62,1,211,0,0,0,211
07/26/2012,SYR,NY,AEA,EN,Combined TRACON& Tower with Radar,61,73,26,19,179,0,0,15,0,15,61,73,41,19,194,24,42,66,260
07/27/2012,SYR,NY,AEA,EN,Combined TRACON& Tower with Radar,49,82,21,2,154,0,0,15,0,15,49,82,36,2,169,0,0,0,169
07/28/2012,SYR,NY,AEA,EN,Combined TRACON& Tower with Radar,55,51,14,0,120,0,1,6,0,7,55,52,20,0,127,0,0,0,127
07/29/2012,SYR,NY,AEA,EN,Combined TRACON& Tower with Radar,44,73,16,0,133,0,1,43,0,44,44,74,59,0,177,0,0,0,177
07/30/2012,SYR,NY,AEA,EN,Combined TRACON& Tower with Radar,56,69,26,2,153,0,2,26,4,32,56,71,52,6,185,0,0,0,185
07/31/2012,SYR,NY,AEA,EN,Combined TRACON& Tower with Radar,57,73,14,0,144,0,0,15,0,15,57,73,29,0,159,0,0,0,159
08/01/2012,SYR,NY,AEA,EN,Combined TRACON& Tower with Radar,51,92,22,0,165,0,0,18,0,18,51,92,40,0,183,56,12,68,251
08/02/2012,SYR,NY,AEA,EN,Combined TRACON& Tower with Radar,54,87,18,1,160,0,0,38,5,43,54,87,56,6,203,50,8,58,261
08/03/2012,SYR,NY,AEA,EN,Combined TRACON& Tower with Radar,50,88,15,16,169,0,0,33,1,34,50,88,48,17,203,0,26,26,229
08/04/2012,SYR,NY,AEA,EN,Combined TRACON& Tower with Radar,38,62,10,0,110,0,4,26,1,31,38,66,36,1,141,0,0,0,141
08/05/2012,SYR,NY,AEA,EN,Combined TRACON& Tower with Radar,40,60,21,0,121,0,0,3,0,3,40,60,24,0,124,0,0,0,124
08/06/2012,SYR,NY,AEA,EN,Combined TRACON& Tower with Radar,54,79,17,14,164,0,0,10,3,13,54,79,27,17,177,24,0,24,201
08/07/2012,SYR,NY,AEA,EN,Combined TRACON& Tower with Radar,60,87,14,16,177,0,4,77,2,83,60,91,91,18,260,59,16,75,335
08/08/2012,SYR,NY,AEA,EN,Combined TRACON& Tower with Radar,55,90,18,2,165,0,3,31,0,34,55,93,49,2,199,0,0,0,199
08/09/2012,SYR,NY,AEA,EN,Combined TRACON& Tower with Radar,54,73,26,2,155,0,0,25,6,31,54,73,51,8,186,0,0,0,186
08/10/2012,SYR,NY,AEA,EN,Combined TRACON& Tower with Radar,58,75,14,0,147,0,0,3,1,4,58,75,17,1,151,0,0,0,151
08/11/2012,SYR,NY,AEA,EN,Combined TRACON& Tower with Radar,41,58,23,0,122,0,0,20,5,25,41,58,43,5,147,0,0,0,147
08/12/2012,SYR,NY,AEA,EN,Combined TRACON& Tower with Radar,37,72,17,1,127,0,0,19,0,19,37,72,36,1,146,0,0,0,146
08/13/2012,SYR,NY,AEA,EN,Combined TRACON& Tower with Radar,42,82,23,6,153,0,0,28,4,32,42,82,51,10,185,16,0,16,201
08/14/2012,SYR,NY,AEA,EN,Combined TRACON& Tower with Radar,62,76,27,2,167,0,0,18,0,18,62,76,45,2,185,0,0,0,185
08/15/2012,SYR,NY,AEA,EN,Combined TRACON& Tower with Radar,55,93,35,1,184,0,2,23,1,26,55,95,58,2,210,0,0,0,210
08/16/2012,SYR,NY,AEA,EN,Combined TRACON& Tower with Radar,62,82,29,1,174,0,2,56,1,59,62,84,85,2,233,0,0,0,233
08/17/2012,SYR,NY,AEA,EN,Combined TRACON& Tower with Radar,50,89,19,0,158,0,1,9,0,10,50,90,28,0,168,0,0,0,168
08/18/2012,SYR,NY,AEA,EN,Combined TRACON& Tower with Radar,41,64,7,2,114,0,0,33,0,33,41,64,40,2,147,0,0,0,147
08/19/2012,SYR,NY,AEA,EN,Combined TRACON& Tower with Radar,48,66,23,0,137,0,0,27,0,27,48,66,50,0,164,0,0,0,164
08/20/2012,SYR,NY,AEA,EN,Combined TRACON& Tower with Radar,45,83,22,11,161,0,0,16,4,20,45,83,38,15,181,0,0,0,181
08/21/2012,SYR,NY,AEA,EN,Combined TRACON& Tower with Radar,59,85,26,0,170,0,2,37,4,43,59,87,63,4,213,0,0,0,213
08/22/2012,SYR,NY,AEA,EN,Combined TRACON& Tower with Radar,55,92,21,1,169,0,0,40,3,43,55,92,61,4,212,0,0,0,212
08/23/2012,SYR,NY,AEA,EN,Combined TRACON& Tower with Radar,52,92,37,8,189,0,0,38,2,40,52,92,75,10,229,0,0,0,229
08/24/2012,SYR,NY,AEA,EN,Combined TRACON& Tower with Radar,59,87,22,3,171,0,0,41,0,41,59,87,63,3,212,0,0,0,212
08/25/2012,SYR,NY,AEA,EN,Combined TRACON& Tower with Radar,40,57,12,0,109,0,2,49,1,52,40,59,61,1,161,85,0,85,246
08/26/2012,SYR,NY,AEA,EN,Combined TRACON& Tower with Radar,48,56,22,0,126,0,0,32,0,32,48,56,54,0,158,0,0,0,158
08/27/2012,SYR,NY,AEA,EN,Combined TRACON& Tower with Radar,46,81,21,2,150,0,0,15,2,17,46,81,36,4,167,6,0,6,173
08/28/2012,SYR,NY,AEA,EN,Combined TRACON& Tower with Radar,59,88,16,0,163,0,1,13,0,14,59,89,29,0,177,0,0,0,177
08/29/2012,SYR,NY,AEA,EN,Combined TRACON& Tower with Radar,51,92,20,6,169,0,1,23,0,24,51,93,43,6,193,0,0,0,193
08/30/2012,SYR,NY,AEA,EN,Combined TRACON& Tower with Radar,50,100,24,2,176,0,6,50,1,57,50,106,74,3,233,30,4,34,267
08/31/2012,SYR,NY,AEA,EN,Combined TRACON& Tower with Radar,47,91,28,0,166,0,4,26,0,30,47,95,54,0,196,0,0,0,196
09/01/2012,SYR,NY,AEA,EN,Combined TRACON& Tower with Radar,40,58,10,0,108,0,0,30,0,30,40,58,40,0,138,18,0,18,156
09/02/2012,SYR,NY,AEA,EN,Combined TRACON& Tower with Radar,34,43,12,0,89,0,0,49,0,49,34,43,61,0,138,27,0,27,165
09/03/2012,SYR,NY,AEA,EN,Combined TRACON& Tower with Radar,32,75,13,0,120,0,0,17,0,17,32,75,30,0,137,0,0,0,137
09/04/2012,SYR,NY,AEA,EN,Combined TRACON& Tower with Radar,46,84,15,4,149,0,0,9,0,9,46,84,24,4,158,0,0,0,158
09/05/2012,SYR,NY,AEA,EN,Combined TRACON& Tower with Radar,50,89,26,0,165,0,0,18,0,18,50,89,44,0,183,0,0,0,183
09/06/2012,SYR,NY,AEA,EN,Combined TRACON& Tower with Radar,49,96,21,3,169,0,1,24,1,26,49,97,45,4,195,0,0,0,195
09/07/2012,SYR,NY,AEA,EN,Combined TRACON& Tower with Radar,47,92,24,2,165,0,0,15,2,17,47,92,39,4,182,0,0,0,182
09/08/2012,SYR,NY,AEA,EN,Combined TRACON& Tower with Radar,45,61,10,0,116,0,0,0,0,0,45,61,10,0,116,0,0,0,116
09/09/2012,SYR,NY,AEA,EN,Combined TRACON& Tower with Radar,44,74,14,2,134,0,0,31,2,33,44,74,45,4,167,22,0,22,189
09/10/2012,SYR,NY,AEA,EN,Combined TRACON& Tower with Radar,41,85,22,18,166,0,1,23,2,26,41,86,45,20,192,0,0,0,192
09/11/2012,SYR,NY,AEA,EN,Combined TRACON& Tower with Radar,46,83,20,3,152,0,1,32,1,34,46,84,52,4,186,0,0,0,186
09/12/2012,SYR,NY,AEA,EN,Combined TRACON& Tower with Radar,50,86,28,2,166,0,1,32,4,37,50,87,60,6,203,0,0,0,203
09/13/2012,SYR,NY,AEA,EN,Combined TRACON& Tower with Radar,49,92,28,6,175,0,0,32,0,32,49,92,60,6,207,0,0,0,207
09/14/2012,SYR,NY,AEA,EN,Combined TRACON& Tower with Radar,48,94,28,1,171,0,4,17,0,21,48,98,45,1,192,0,0,0,192
09/15/2012,SYR,NY,AEA,EN,Combined TRACON& Tower with Radar,46,51,23,0,120,0,2,21,0,23,46,53,44,0,143,12,0,12,155
09/16/2012,SYR,NY,AEA,EN,Combined TRACON& Tower with Radar,47,68,25,1,141,0,0,32,0,32,47,68,57,1,173,0,0,0,173
09/17/2012,SYR,NY,AEA,EN,Combined TRACON& Tower with Radar,43,86,19,2,150,0,0,20,0,20,43,86,39,2,170,0,0,0,170
09/18/2012,SYR,NY,AEA,EN,Combined TRACON& Tower with Radar,54,87,23,0,164,0,0,0,0,0,54,87,23,0,164,0,0,0,164
09/19/2012,SYR,NY,AEA,EN,Combined TRACON& Tower with Radar,55,86,28,0,169,0,2,14,0,16,55,88,42,0,185,0,0,0,185
09/20/2012,SYR,NY,AEA,EN,Combined TRACON& Tower with Radar,51,87,33,0,171,0,2,46,0,48,51,89,79,0,219,0,0,0,219
09/21/2012,SYR,NY,AEA,EN,Combined TRACON& Tower with Radar,50,90,20,2,162,0,0,21,0,21,50,90,41,2,183,8,0,8,191
09/22/2012,SYR,NY,AEA,EN,Combined TRACON& Tower with Radar,41,54,14,0,109,0,0,6,0,6,41,54,20,0,115,0,0,0,115
09/23/2012,SYR,NY,AEA,EN,Combined TRACON& Tower with Radar,55,60,15,1,131,0,0,17,0,17,55,60,32,1,148,0,0,0,148
09/24/2012,SYR,NY,AEA,EN,Combined TRACON& Tower with Radar,42,81,22,0,145,0,4,11,2,17,42,85,33,2,162,0,0,0,162
09/25/2012,SYR,NY,AEA,EN,Combined TRACON& Tower with Radar,46,84,21,5,156,0,0,30,4,34,46,84,51,9,190,0,0,0,190
09/26/2012,SYR,NY,AEA,EN,Combined TRACON& Tower with Radar,62,79,24,2,167,0,1,11,3,15,62,80,35,5,182,0,0,0,182
09/27/2012,SYR,NY,AEA,EN,Combined TRACON& Tower with Radar,50,86,31,1,168,0,2,47,0,49,50,88,78,1,217,0,0,0,217
09/28/2012,SYR,NY,AEA,EN,Combined TRACON& Tower with Radar,44,98,38,1,181,0,0,2,0,2,44,98,40,1,183,0,0,0,183
09/29/2012,SYR,NY,AEA,EN,Combined TRACON& Tower with Radar,47,56,20,0,123,0,2,12,0,14,47,58,32,0,137,0,0,0,137
09/30/2012,SYR,NY,AEA,EN,Combined TRACON& Tower with Radar,41,69,36,0,146,0,0,0,0,0,41,69,36,0,146,0,0,0,146
10/01/2012,SYR,NY,AEA,EN,Combined TRACON& Tower with Radar,49,77,19,12,157,0,0,16,0,16,49,77,35,12,173,0,0,0,173
10/02/2012,SYR,NY,AEA,EN,Combined TRACON& Tower with Radar,52,85,23,0,160,0,1,11,0,12,52,86,34,0,172,0,0,0,172
10/03/2012,SYR,NY,AEA,EN,Combined TRACON& Tower with Radar,57,86,26,0,169,0,0,0,0,0,57,86,26,0,169,0,0,0,169
10/04/2012,SYR,NY,AEA,EN,Combined TRACON& Tower with Radar,53,93,34,0,180,0,1,26,1,28,53,94,60,1,208,0,0,0,208
10/05/2012,SYR,NY,AEA,EN,Combined TRACON& Tower with Radar,58,88,32,4,182,0,0,36,0,36,58,88,68,4,218,0,0,0,218
10/06/2012,SYR,NY,AEA,EN,Combined TRACON& Tower with Radar,49,54,27,0,130,0,1,6,0,7,49,55,33,0,137,0,0,0,137
10/07/2012,SYR,NY,AEA,EN,Combined TRACON& Tower with Radar,46,74,24,0,144,0,0,23,0,23,46,74,47,0,167,0,0,0,167
10/08/2012,SYR,NY,AEA,EN,Combined TRACON& Tower with Radar,52,82,30,1,165,0,0,22,0,22,52,82,52,1,187,0,0,0,187
10/09/2012,SYR,NY,AEA,EN,Combined TRACON& Tower with Radar,53,91,24,20,188,0,0,29,2,31,53,91,53,22,219,0,24,24,243
10/10/2012,SYR,NY,AEA,EN,Combined TRACON& Tower with Radar,54,96,35,4,189,0,10,6,1,17,54,106,41,5,206,0,0,0,206
10/11/2012,SYR,NY,AEA,EN,Combined TRACON& Tower with Radar,54,92,35,0,181,0,1,36,2,39,54,93,71,2,220,12,0,12,232
10/12/2012,SYR,NY,AEA,EN,Combined TRACON& Tower with Radar,50,96,10,2,158,0,1,15,0,16,50,97,25,2,174,0,0,0,174
10/13/2012,SYR,NY,AEA,EN,Combined TRACON& Tower with Radar,45,59,16,0,120,0,0,29,0,29,45,59,45,0,149,0,0,0,149
10/14/2012,SYR,NY,AEA,EN,Combined TRACON& Tower with Radar,48,74,12,0,134,0,0,5,0,5,48,74,17,0,139,0,0,0,139
10/15/2012,SYR,NY,AEA,EN,Combined TRACON& Tower with Radar,51,84,17,2,154,0,0,4,0,4,51,84,21,2,158,0,0,0,158
10/16/2012,SYR,NY,AEA,EN,Combined TRACON& Tower with Radar,58,89,15,4,166,0,0,8,0,8,58,89,23,4,174,0,0,0,174
10/17/2012,SYR,NY,AEA,EN,Combined TRACON& Tower with Radar,54,85,13,7,159,0,5,20,2,27,54,90,33,9,186,0,0,0,186
10/18/2012,SYR,NY,AEA,EN,Combined TRACON& Tower with Radar,51,89,32,0,172,0,1,18,0,19,51,90,50,0,191,0,0,0,191
10/19/2012,SYR,NY,AEA,EN,Combined TRACON& Tower with Radar,52,89,27,4,172,0,0,30,0,30,52,89,57,4,202,0,0,0,202
10/20/2012,SYR,NY,AEA,EN,Combined TRACON& Tower with Radar,52,58,17,0,127,0,2,22,0,24,52,60,39,0,151,0,0,0,151
10/21/2012,SYR,NY,AEA,EN,Combined TRACON& Tower with Radar,48,65,22,0,135,0,0,24,0,24,48,65,46,0,159,0,0,0,159
10/22/2012,SYR,NY,AEA,EN,Combined TRACON& Tower with Radar,56,76,34,0,166,0,2,28,0,30,56,78,62,0,196,0,0,0,196
10/23/2012,SYR,NY,AEA,EN,Combined TRACON& Tower with Radar,59,84,25,2,170,0,2,8,0,10,59,86,33,2,180,0,0,0,180
10/24/2012,SYR,NY,AEA,EN,Combined TRACON& Tower with Radar,58,88,18,6,170,0,0,0,2,2,58,88,18,8,172,0,0,0,172
10/25/2012,SYR,NY,AEA,EN,Combined TRACON& Tower with Radar,56,85,16,4,161,0,0,34,0,34,56,85,50,4,195,0,0,0,195
10/26/2012,SYR,NY,AEA,EN,Combined TRACON& Tower with Radar,54,82,30,0,166,0,1,24,0,25,54,83,54,0,191,12,0,12,203
10/27/2012,SYR,NY,AEA,EN,Combined TRACON& Tower with Radar,48,51,14,0,113,0,0,8,0,8,48,51,22,0,121,0,0,0,121
10/28/2012,SYR,NY,AEA,EN,Combined TRACON& Tower with Radar,51,61,24,0,136,0,0,0,0,0,51,61,24,0,136,0,0,0,136
10/29/2012,SYR,NY,AEA,EN,Combined TRACON& Tower with Radar,24,33,2,0,59,0,0,0,0,0,24,33,2,0,59,0,0,0,59
10/30/2012,SYR,NY,AEA,EN,Combined TRACON& Tower with Radar,25,27,5,0,57,0,0,1,0,1,25,27,6,0,58,0,0,0,58
10/31/2012,SYR,NY,AEA,EN,Combined TRACON& Tower with Radar,33,60,6,0,99,0,0,1,0,1,33,60,7,0,100,0,0,0,100
11/01/2012,SYR,NY,AEA,EN,Combined TRACON& Tower with Radar,53,83,15,0,151,0,0,0,0,0,53,83,15,0,151,6,0,6,157
11/02/2012,SYR,NY,AEA,EN,Combined TRACON& Tower with Radar,49,87,18,2,156,0,0,0,0,0,49,87,18,2,156,0,0,0,156
11/03/2012,SYR,NY,AEA,EN,Combined TRACON& Tower with Radar,51,52,5,0,108,0,0,8,0,8,51,52,13,0,116,0,0,0,116
11/04/2012,SYR,NY,AEA,EN,Combined TRACON& Tower with Radar,46,71,18,4,139,0,0,0,2,2,46,71,18,6,141,0,0,0,141
11/05/2012,SYR,NY,AEA,EN,Combined TRACON& Tower with Radar,46,84,20,0,150,0,0,15,7,22,46,84,35,7,172,0,0,0,172
11/06/2012,SYR,NY,AEA,EN,Combined TRACON& Tower with Radar,48,83,18,0,149,0,0,29,3,32,48,83,47,3,181,0,0,0,181
11/07/2012,SYR,NY,AEA,EN,Combined TRACON& Tower with Radar,50,80,17,2,149,0,0,7,0,7,50,80,24,2,156,0,0,0,156
11/08/2012,SYR,NY,AEA,EN,Combined TRACON& Tower with Radar,64,77,19,10,170,0,0,20,0,20,64,77,39,10,190,0,0,0,190
11/09/2012,SYR,NY,AEA,EN,Combined TRACON& Tower with Radar,58,88,15,1,162,0,2,13,1,16,58,90,28,2,178,0,0,0,178
11/10/2012,SYR,NY,AEA,EN,Combined TRACON& Tower with Radar,49,52,24,0,125,0,0,5,0,5,49,52,29,0,130,0,0,0,130
11/11/2012,SYR,NY,AEA,EN,Combined TRACON& Tower with Radar,48,64,23,0,135,0,2,37,6,45,48,66,60,6,180,0,0,0,180
11/12/2012,SYR,NY,AEA,EN,Combined TRACON& Tower with Radar,61,75,22,0,158,0,1,6,0,7,61,76,28,0,165,0,0,0,165
11/13/2012,SYR,NY,AEA,EN,Combined TRACON& Tower with Radar,54,83,16,17,170,0,2,11,0,13,54,85,27,17,183,0,0,0,183
11/14/2012,SYR,NY,AEA,EN,Combined TRACON& Tower with Radar,58,87,11,2,158,0,1,14,2,17,58,88,25,4,175,0,0,0,175
11/15/2012,SYR,NY,AEA,EN,Combined TRACON& Tower with Radar,53,82,19,2,156,0,4,33,0,37,53,86,52,2,193,0,0,0,193
11/16/2012,SYR,NY,AEA,EN,Combined TRACON& Tower with Radar,51,94,31,0,176,0,0,23,0,23,51,94,54,0,199,0,0,0,199
11/17/2012,SYR,NY,AEA,EN,Combined TRACON& Tower with Radar,45,61,9,1,116,0,2,35,0,37,45,63,44,1,153,0,0,0,153
11/18/2012,SYR,NY,AEA,EN,Combined TRACON& Tower with Radar,45,60,18,1,124,0,0,25,1,26,45,60,43,2,150,0,0,0,150
11/19/2012,SYR,NY,AEA,EN,Combined TRACON& Tower with Radar,45,79,25,2,151,0,0,27,2,29,45,79,52,4,180,0,0,0,180
11/20/2012,SYR,NY,AEA,EN,Combined TRACON& Tower with Radar,54,86,19,0,159,0,1,29,0,30,54,87,48,0,189,0,0,0,189
11/21/2012,SYR,NY,AEA,EN,Combined TRACON& Tower with Radar,58,89,17,0,164,0,3,30,0,33,58,92,47,0,197,0,0,0,197
11/22/2012,SYR,NY,AEA,EN,Combined TRACON& Tower with Radar,30,36,11,0,77,0,0,16,0,16,30,36,27,0,93,0,0,0,93
11/23/2012,SYR,NY,AEA,EN,Combined TRACON& Tower with Radar,35,50,15,0,100,0,0,10,0,10,35,50,25,0,110,0,0,0,110
11/24/2012,SYR,NY,AEA,EN,Combined TRACON& Tower with Radar,45,69,12,0,126,0,0,1,0,1,45,69,13,0,127,0,0,0,127
11/25/2012,SYR,NY,AEA,EN,Combined TRACON& Tower with Radar,44,75,23,0,142,0,0,4,0,4,44,75,27,0,146,0,0,0,146
11/26/2012,SYR,NY,AEA,EN,Combined TRACON& Tower with Radar,47,88,10,0,145,0,0,1,0,1,47,88,11,0,146,0,0,0,146
11/27/2012,SYR,NY,AEA,EN,Combined TRACON& Tower with Radar,54,75,14,0,143,0,1,12,2,15,54,76,26,2,158,0,0,0,158
11/28/2012,SYR,NY,AEA,EN,Combined TRACON& Tower with Radar,59,76,26,0,161,0,0,13,0,13,59,76,39,0,174,0,0,0,174
11/29/2012,SYR,NY,AEA,EN,Combined TRACON& Tower with Radar,60,95,21,2,178,0,0,17,0,17,60,95,38,2,195,0,0,0,195
11/30/2012,SYR,NY,AEA,EN,Combined TRACON& Tower with Radar,56,74,17,2,149,0,0,8,0,8,56,74,25,2,157,0,0,0,157
12/01/2012,SYR,NY,AEA,EN,Combined TRACON& Tower with Radar,45,49,9,2,105,0,0,20,1,21,45,49,29,3,126,0,0,0,126
12/02/2012,SYR,NY,AEA,EN,Combined TRACON& Tower with Radar,47,67,10,2,126,0,0,12,0,12,47,67,22,2,138,0,0,0,138
12/03/2012,SYR,NY,AEA,EN,Combined TRACON& Tower with Radar,52,77,37,2,168,0,3,11,0,14,52,80,48,2,182,0,0,0,182
12/04/2012,SYR,NY,AEA,EN,Combined TRACON& Tower with Radar,54,85,19,2,160,0,1,13,2,16,54,86,32,4,176,0,0,0,176
12/05/2012,SYR,NY,AEA,EN,Combined TRACON& Tower with Radar,57,82,26,0,165,0,0,3,0,3,57,82,29,0,168,0,0,0,168
12/06/2012,SYR,NY,AEA,EN,Combined TRACON& Tower with Radar,64,77,23,6,170,0,0,37,1,38,64,77,60,7,208,0,0,0,208
12/07/2012,SYR,NY,AEA,EN,Combined TRACON& Tower with Radar,54,85,21,0,160,0,3,13,0,16,54,88,34,0,176,0,0,0,176
12/08/2012,SYR,NY,AEA,EN,Combined TRACON& Tower with Radar,45,46,11,0,102,0,0,1,0,1,45,46,12,0,103,0,0,0,103
12/09/2012,SYR,NY,AEA,EN,Combined TRACON& Tower with Radar,44,62,12,0,118,0,0,8,0,8,44,62,20,0,126,0,0,0,126
12/10/2012,SYR,NY,AEA,EN,Combined TRACON& Tower with Radar,51,69,18,12,150,0,0,2,0,2,51,69,20,12,152,0,0,0,152
12/11/2012,SYR,NY,AEA,EN,Combined TRACON& Tower with Radar,56,82,21,0,159,0,2,9,0,11,56,84,30,0,170,0,0,0,170
12/12/2012,SYR,NY,AEA,EN,Combined TRACON& Tower with Radar,63,82,13,10,168,0,2,19,3,24,63,84,32,13,192,0,0,0,192
12/13/2012,SYR,NY,AEA,EN,Combined TRACON& Tower with Radar,64,92,28,1,185,0,3,40,3,46,64,95,68,4,231,0,0,0,231
12/14/2012,SYR,NY,AEA,EN,Combined TRACON& Tower with Radar,58,87,38,3,186,0,0,20,0,20,58,87,58,3,206,0,0,0,206
12/15/2012,SYR,NY,AEA,EN,Combined TRACON& Tower with Radar,53,52,21,0,126,0,0,21,0,21,53,52,42,0,147,0,0,0,147
12/16/2012,SYR,NY,AEA,EN,Combined TRACON& Tower with Radar,47,61,12,0,120,0,0,1,0,1,47,61,13,0,121,10,0,10,131
12/17/2012,SYR,NY,AEA,EN,Combined TRACON& Tower with Radar,56,81,18,17,172,0,0,0,0,0,56,81,18,17,172,0,6,6,178
12/18/2012,SYR,NY,AEA,EN,Combined TRACON& Tower with Radar,58,87,31,2,178,0,0,0,0,0,58,87,31,2,178,0,0,0,178
12/19/2012,SYR,NY,AEA,EN,Combined TRACON& Tower with Radar,69,87,15,0,171,0,0,19,0,19,69,87,34,0,190,0,0,0,190
12/20/2012,SYR,NY,AEA,EN,Combined TRACON& Tower with Radar,59,93,21,0,173,0,0,22,0,22,59,93,43,0,195,0,0,0,195
12/21/2012,SYR,NY,AEA,EN,Combined TRACON& Tower with Radar,57,95,9,0,161,0,0,0,0,0,57,95,9,0,161,0,0,0,161
12/22/2012,SYR,NY,AEA,EN,Combined TRACON& Tower with Radar,47,61,4,0,112,0,0,0,0,0,47,61,4,0,112,0,0,0,112
12/23/2012,SYR,NY,AEA,EN,Combined TRACON& Tower with Radar,50,59,9,0,118,0,0,5,0,5,50,59,14,0,123,0,0,0,123
12/24/2012,SYR,NY,AEA,EN,Combined TRACON& Tower with Radar,46,51,5,0,102,0,0,9,0,9,46,51,14,0,111,0,0,0,111
12/25/2012,SYR,NY,AEA,EN,Combined TRACON& Tower with Radar,41,44,4,0,89,0,0,4,0,4,41,44,8,0,93,0,0,0,93
12/26/2012,SYR,NY,AEA,EN,Combined TRACON& Tower with Radar,44,57,19,0,120,0,0,5,0,5,44,57,24,0,125,0,0,0,125
12/27/2012,SYR,NY,AEA,EN,Combined TRACON& Tower with Radar,56,64,7,0,127,0,0,0,0,0,56,64,7,0,127,0,0,0,127
12/28/2012,SYR,NY,AEA,EN,Combined TRACON& Tower with Radar,51,69,29,0,149,0,0,3,0,3,51,69,32,0,152,0,0,0,152
12/29/2012,SYR,NY,AEA,EN,Combined TRACON& Tower with Radar,38,54,10,0,102,0,0,0,0,0,38,54,10,0,102,0,0,0,102
12/30/2012,SYR,NY,AEA,EN,Combined TRACON& Tower with Radar,46,56,8,0,110,0,0,1,0,1,46,56,9,0,111,0,0,0,111
12/31/2012,SYR,NY,AEA,EN,Combined TRACON& Tower with Radar,44,58,6,0,108,0,0,11,0,11,44,58,17,0,119,0,0,0,119
01/01/2013,SYR,NY,AEA,EN,Combined TRACON& Tower with Radar,40,46,3,0,89,0,0,2,0,2,40,46,5,0,91,0,0,0,91
01/02/2013,SYR,NY,AEA,EN,Combined TRACON& Tower with Radar,51,79,13,0,143,0,0,1,0,1,51,79,14,0,144,0,0,0,144
01/03/2013,SYR,NY,AEA,EN,Combined TRACON& Tower with Radar,55,85,16,0,156,0,1,5,0,6,55,86,21,0,162,0,0,0,162
01/04/2013,SYR,NY,AEA,EN,Combined TRACON& Tower with Radar,54,74,16,0,144,0,0,13,0,13,54,74,29,0,157,52,4,56,213
01/05/2013,SYR,NY,AEA,EN,Combined TRACON& Tower with Radar,39,55,10,1,105,0,0,7,1,8,39,55,17,2,113,0,0,0,113
01/06/2013,SYR,NY,AEA,EN,Combined TRACON& Tower with Radar,45,64,8,0,117,0,0,8,0,8,45,64,16,0,125,0,0,0,125
01/07/2013,SYR,NY,AEA,EN,Combined TRACON& Tower with Radar,49,75,17,2,143,0,0,5,2,7,49,75,22,4,150,2,5,7,157
01/08/2013,SYR,NY,AEA,EN,Combined TRACON& Tower with Radar,53,72,23,7,155,0,3,24,2,29,53,75,47,9,184,20,12,32,216
01/09/2013,SYR,NY,AEA,EN,Combined TRACON& Tower with Radar,56,74,15,0,145,0,3,9,2,14,56,77,24,2,159,4,0,4,163
01/10/2013,SYR,NY,AEA,EN,Combined TRACON& Tower with Radar,58,77,33,0,168,0,0,37,0,37,58,77,70,0,205,14,6,20,225
01/11/2013,SYR,NY,AEA,EN,Combined TRACON& Tower with Radar,56,81,26,0,163,0,2,10,0,12,56,83,36,0,175,0,0,0,175
01/12/2013,SYR,NY,AEA,EN,Combined TRACON& Tower with Radar,39,54,24,0,117,0,2,21,0,23,39,56,45,0,140,0,0,0,140
01/13/2013,SYR,NY,AEA,EN,Combined TRACON& Tower with Radar,49,50,3,0,102,0,0,5,0,5,49,50,8,0,107,0,0,0,107
01/14/2013,SYR,NY,AEA,EN,Combined TRACON& Tower with Radar,48,75,14,0,137,0,2,7,0,9,48,77,21,0,146,0,0,0,146
01/15/2013,SYR,NY,AEA,EN,Combined TRACON& Tower with Radar,53,84,27,0,164,0,0,6,4,10,53,84,33,4,174,0,0,0,174
01/16/2013,SYR,NY,AEA,EN,Combined TRACON& Tower with Radar,54,78,24,0,156,0,0,2,0,2,54,78,26,0,158,0,0,0,158
01/17/2013,SYR,NY,AEA,EN,Combined TRACON& Tower with Radar,61,87,22,2,172,0,1,9,0,10,61,88,31,2,182,0,0,0,182
01/18/2013,SYR,NY,AEA,EN,Combined TRACON& Tower with Radar,62,84,32,1,179,0,0,19,1,20,62,84,51,2,199,0,0,0,199
01/19/2013,SYR,NY,AEA,EN,Combined TRACON& Tower with Radar,38,62,4,0,104,0,0,8,0,8,38,62,12,0,112,4,0,4,116
01/20/2013,SYR,NY,AEA,EN,Combined TRACON& Tower with Radar,38,49,3,0,90,0,0,0,0,0,38,49,3,0,90,0,0,0,90
01/21/2013,SYR,NY,AEA,EN,Combined TRACON& Tower with Radar,50,69,24,0,143,0,0,1,0,1,50,69,25,0,144,0,0,0,144
01/22/2013,SYR,NY,AEA,EN,Combined TRACON& Tower with Radar,54,80,12,0,146,0,0,5,0,5,54,80,17,0,151,0,0,0,151
01/23/2013,SYR,NY,AEA,EN,Combined TRACON& Tower with Radar,57,79,11,4,151,0,0,4,0,4,57,79,15,4,155,0,0,0,155
01/24/2013,SYR,NY,AEA,EN,Combined TRACON& Tower with Radar,55,76,14,0,145,0,0,9,0,9,55,76,23,0,154,0,0,0,154
01/25/2013,SYR,NY,AEA,EN,Combined TRACON& Tower with Radar,50,71,12,15,148,0,0,18,0,18,50,71,30,15,166,12,0,12,178
01/26/2013,SYR,NY,AEA,EN,Combined TRACON& Tower with Radar,44,55,8,2,109,0,0,7,0,7,44,55,15,2,116,0,0,0,116
01/27/2013,SYR,NY,AEA,EN,Combined TRACON& Tower with Radar,45,51,15,0,111,0,0,43,0,43,45,51,58,0,154,0,0,0,154
01/28/2013,SYR,NY,AEA,EN,Combined TRACON& Tower with Radar,45,62,22,0,129,0,0,0,0,0,45,62,22,0,129,0,0,0,129
01/29/2013,SYR,NY,AEA,EN,Combined TRACON& Tower with Radar,56,77,18,2,153,0,0,3,0,3,56,77,21,2,156,12,0,12,168
01/30/2013,SYR,NY,AEA,EN,Combined TRACON& Tower with Radar,54,70,9,3,136,0,0,1,0,1,54,70,10,3,137,0,0,0,137
01/31/2013,SYR,NY,AEA,EN,Combined TRACON& Tower with Radar,61,66,16,3,146,0,0,0,1,1,61,66,16,4,147,0,0,0,147
02/01/2013,SYR,NY,AEA,EN,Combined TRACON& Tower with Radar,58,74,9,0,141,0,0,0,0,0,58,74,9,0,141,0,0,0,141
02/02/2013,SYR,NY,AEA,EN,Combined TRACON& Tower with Radar,38,57,8,0,103,0,0,4,0,4,38,57,12,0,107,0,0,0,107
02/03/2013,SYR,NY,AEA,EN,Combined TRACON& Tower with Radar,41,47,5,0,93,0,0,13,0,13,41,47,18,0,106,0,0,0,106
02/04/2013,SYR,NY,AEA,EN,Combined TRACON& Tower with Radar,49,75,13,0,137,0,0,0,0,0,49,75,13,0,137,0,0,0,137
02/05/2013,SYR,NY,AEA,EN,Combined TRACON& Tower with Radar,53,73,17,0,143,0,2,18,4,24,53,75,35,4,167,0,0,0,167
02/06/2013,SYR,NY,AEA,EN,Combined TRACON& Tower with Radar,55,78,13,1,147,0,6,7,1,14,55,84,20,2,161,0,0,0,161
02/07/2013,SYR,NY,AEA,EN,Combined TRACON& Tower with Radar,59,73,21,0,153,0,0,24,0,24,59,73,45,0,177,0,0,0,177
02/08/2013,SYR,NY,AEA,EN,Combined TRACON& Tower with Radar,31,31,4,0,66,0,0,0,0,0,31,31,4,0,66,0,0,0,66
02/09/2013,SYR,NY,AEA,EN,Combined TRACON& Tower with Radar,22,28,9,0,59,0,1,4,1,6,22,29,13,1,65,0,0,0,65
02/10/2013,SYR,NY,AEA,EN,Combined TRACON& Tower with Radar,42,47,14,0,103,0,1,23,2,26,42,48,37,2,129,0,0,0,129
02/11/2013,SYR,NY,AEA,EN,Combined TRACON& Tower with Radar,54,76,8,2,140,0,0,5,0,5,54,76,13,2,145,0,0,0,145
02/12/2013,SYR,NY,AEA,EN,Combined TRACON& Tower with Radar,55,72,15,0,142,0,0,2,0,2,55,72,17,0,144,0,0,0,144
02/13/2013,SYR,NY,AEA,EN,Combined TRACON& Tower with Radar,53,78,17,7,155,0,6,19,5,30,53,84,36,12,185,0,0,0,185
02/14/2013,SYR,NY,AEA,EN,Combined TRACON& Tower with Radar,61,82,21,1,165,0,0,13,1,14,61,82,34,2,179,47,14,61,240
02/15/2013,SYR,NY,AEA,EN,Combined TRACON& Tower with Radar,56,83,16,0,155,0,0,5,0,5,56,83,21,0,160,0,0,0,160
02/16/2013,SYR,NY,AEA,EN,Combined TRACON& Tower with Radar,39,66,10,0,115,0,0,5,2,7,39,66,15,2,122,0,0,0,122
02/17/2013,SYR,NY,AEA,EN,Combined TRACON& Tower with Radar,39,55,8,0,102,0,0,2,0,2,39,55,10,0,104,0,0,0,104
02/18/2013,SYR,NY,AEA,EN,Combined TRACON& Tower with Radar,51,75,8,0,134,0,0,13,0,13,51,75,21,0,147,22,11,33,180
02/19/2013,SYR,NY,AEA,EN,Combined TRACON& Tower with Radar,54,80,17,9,160,0,1,3,1,5,54,81,20,10,165,0,0,0,165
02/20/2013,SYR,NY,AEA,EN,Combined TRACON& Tower with Radar,58,88,18,2,166,0,0,0,0,0,58,88,18,2,166,22,0,22,188
02/21/2013,SYR,NY,AEA,EN,Combined TRACON& Tower with Radar,56,76,11,4,147,0,0,0,1,1,56,76,11,5,148,0,0,0,148
02/22/2013,SYR,NY,AEA,EN,Combined TRACON& Tower with Radar,53,80,17,17,167,0,0,23,2,25,53,80,40,19,192,8,10,18,210
02/23/2013,SYR,NY,AEA,EN,Combined TRACON& Tower with Radar,37,79,14,0,130,0,0,2,0,2,37,79,16,0,132,0,0,0,132
02/24/2013,SYR,NY,AEA,EN,Combined TRACON& Tower with Radar,43,60,9,0,112,0,0,0,0,0,43,60,9,0,112,0,0,0,112
02/25/2013,SYR,NY,AEA,EN,Combined TRACON& Tower with Radar,53,83,17,4,157,0,0,10,0,10,53,83,27,4,167,0,0,0,167
02/26/2013,SYR,NY,AEA,EN,Combined TRACON& Tower with Radar,55,72,26,9,162,0,0,27,4,31,55,72,53,13,193,26,6,32,225
02/27/2013,SYR,NY,AEA,EN,Combined TRACON& Tower with Radar,57,79,18,0,154,0,0,0,0,0,57,79,18,0,154,0,0,0,154
02/28/2013,SYR,NY,AEA,EN,Combined TRACON& Tower with Radar,64,80,11,0,155,0,0,2,0,2,64,80,13,0,157,0,0,0,157
03/01/2013,SYR,NY,AEA,EN,Combined TRACON& Tower with Radar,57,80,19,0,156,0,0,1,0,1,57,80,20,0,157,0,0,0,157
03/02/2013,SYR,NY,AEA,EN,Combined TRACON& Tower with Radar,41,75,13,0,129,0,0,2,0,2,41,75,15,0,131,0,0,0,131
03/03/2013,SYR,NY,AEA,EN,Combined TRACON& Tower with Radar,50,57,10,2,119,0,0,8,0,8,50,57,18,2,127,0,0,0,127
03/04/2013,SYR,NY,AEA,EN,Combined TRACON& Tower with Radar,53,72,14,9,148,0,0,1,0,1,53,72,15,9,149,0,0,0,149
03/05/2013,SYR,NY,AEA,EN,Combined TRACON& Tower with Radar,54,71,27,11,163,0,1,13,3,17,54,72,40,14,180,41,0,41,221
03/06/2013,SYR,NY,AEA,EN,Combined TRACON& Tower with Radar,49,69,13,4,135,0,6,13,0,19,49,75,26,4,154,34,2,36,190
03/07/2013,SYR,NY,AEA,EN,Combined TRACON& Tower with Radar,56,73,19,0,148,0,2,12,2,16,56,75,31,2,164,26,8,34,198
03/08/2013,SYR,NY,AEA,EN,Combined TRACON& Tower with Radar,51,80,11,0,142,0,0,7,0,7,51,80,18,0,149,18,4,22,171
03/09/2013,SYR,NY,AEA,EN,Combined TRACON& Tower with Radar,45,64,20,0,129,0,2,41,0,43,45,66,61,0,172,33,0,33,205
03/10/2013,SYR,NY,AEA,EN,Combined TRACON& Tower with Radar,44,61,6,0,111,0,0,30,0,30,44,61,36,0,141,16,0,16,157
03/11/2013,SYR,NY,AEA,EN,Combined TRACON& Tower with Radar,56,71,15,2,144,0,0,19,2,21,56,71,34,4,165,32,2,34,199
03/12/2013,SYR,NY,AEA,EN,Combined TRACON& Tower with Radar,54,81,10,0,145,0,0,3,0,3,54,81,13,0,148,0,0,0,148
03/13/2013,SYR,NY,AEA,EN,Combined TRACON& Tower with Radar,58,79,7,2,146,0,0,5,0,5,58,79,12,2,151,0,0,0,151
03/14/2013,SYR,NY,AEA,EN,Combined TRACON& Tower with Radar,58,74,8,1,141,0,0,3,1,4,58,74,11,2,145,0,0,0,145
03/15/2013,SYR,NY,AEA,EN,Combined TRACON& Tower with Radar,56,80,21,4,161,0,0,8,0,8,56,80,29,4,169,0,0,0,169
03/16/2013,SYR,NY,AEA,EN,Combined TRACON& Tower with Radar,42,67,11,0,120,0,0,8,0,8,42,67,19,0,128,0,0,0,128
03/17/2013,SYR,NY,AEA,EN,Combined TRACON& Tower with Radar,41,67,14,0,122,0,0,25,0,25,41,67,39,0,147,0,0,0,147
03/18/2013,SYR,NY,AEA,EN,Combined TRACON& Tower with Radar,53,74,15,2,144,0,0,14,0,14,53,74,29,2,158,0,0,0,158
03/19/2013,SYR,NY,AEA,EN,Combined TRACON& Tower with Radar,61,81,13,1,156,0,0,0,0,0,61,81,13,1,156,0,0,0,156
03/20/2013,SYR,NY,AEA,EN,Combined TRACON& Tower with Radar,64,81,11,6,162,0,1,1,1,3,64,82,12,7,165,0,0,0,165
03/21/2013,SYR,NY,AEA,EN,Combined TRACON& Tower with Radar,53,81,19,2,155,0,0,25,0,25,53,81,44,2,180,0,0,0,180
03/22/2013,SYR,NY,AEA,EN,Combined TRACON& Tower with Radar,54,75,20,0,149,0,0,0,0,0,54,75,20,0,149,16,0,16,165
03/23/2013,SYR,NY,AEA,EN,Combined TRACON& Tower with Radar,44,61,5,0,110,0,0,7,0,7,44,61,12,0,117,17,0,17,134
03/24/2013,SYR,NY,AEA,EN,Combined TRACON& Tower with Radar,43,62,18,0,123,0,0,30,0,30,43,62,48,0,153,17,0,17,170
03/25/2013,SYR,NY,AEA,EN,Combined TRACON& Tower with Radar,54,67,16,5,142,0,1,13,1,15,54,68,29,6,157,10,0,10,167
03/26/2013,SYR,NY,AEA,EN,Combined TRACON& Tower with Radar,57,82,26,0,165,0,0,6,2,8,57,82,32,2,173,22,0,22,195
03/27/2013,SYR,NY,AEA,EN,Combined TRACON& Tower with Radar,61,75,16,7,159,0,0,10,1,11,61,75,26,8,170,34,0,34,204
03/28/2013,SYR,NY,AEA,EN,Combined TRACON& Tower with Radar,62,69,19,3,153,0,0,9,0,9,62,69,28,3,162,53,2,55,217
03/29/2013,SYR,NY,AEA,EN,Combined TRACON& Tower with Radar,55,84,16,2,157,0,0,9,0,9,55,84,25,2,166,12,0,12,178
03/30/2013,SYR,NY,AEA,EN,Combined TRACON& Tower with Radar,44,61,18,0,123,0,0,42,0,42,44,61,60,0,165,74,0,74,239
03/31/2013,SYR,NY,AEA,EN,Combined TRACON& Tower with Radar,42,56,10,0,108,0,0,3,0,3,42,56,13,0,111,9,0,9,120
04/01/2013,SYR,NY,AEA,EN,Combined TRACON& Tower with Radar,52,72,15,0,139,0,0,0,0,0,52,72,15,0,139,34,0,34,173
04/02/2013,SYR,NY,AEA,EN,Combined TRACON& Tower with Radar,59,83,19,0,161,0,0,0,0,0,59,83,19,0,161,22,0,22,183
04/03/2013,SYR,NY,AEA,EN,Combined TRACON& Tower with Radar,54,82,11,0,147,0,0,2,0,2,54,82,13,0,149,14,0,14,163
04/04/2013,SYR,NY,AEA,EN,Combined TRACON& Tower with Radar,60,78,21,2,161,0,0,27,0,27,60,78,48,2,188,58,12,70,258
04/05/2013,SYR,NY,AEA,EN,Combined TRACON& Tower with Radar,63,77,16,2,158,0,0,8,0,8,63,77,24,2,166,28,0,28,194
04/06/2013,SYR,NY,AEA,EN,Combined TRACON& Tower with Radar,40,64,23,2,129,0,2,41,0,43,40,66,64,2,172,30,0,30,202
04/07/2013,SYR,NY,AEA,EN,Combined TRACON& Tower with Radar,48,65,16,0,129,0,0,10,0,10,48,65,26,0,139,44,0,44,183
04/08/2013,SYR,NY,AEA,EN,Combined TRACON& Tower with Radar,50,80,25,0,155,0,0,21,2,23,50,80,46,2,178,16,0,16,194
04/09/2013,SYR,NY,AEA,EN,Combined TRACON& Tower with Radar,64,82,20,0,166,0,1,7,2,10,64,83,27,2,176,14,0,14,190
04/10/2013,SYR,NY,AEA,EN,Combined TRACON& Tower with Radar,55,63,23,3,144,0,0,2,1,3,55,63,25,4,147,24,0,24,171
04/11/2013,SYR,NY,AEA,EN,Combined TRACON& Tower with Radar,57,76,20,2,155,0,0,0,1,1,57,76,20,3,156,40,0,40,196
04/12/2013,SYR,NY,AEA,EN,Combined TRACON& Tower with Radar,49,85,19,0,153,0,0,1,0,1,49,85,20,0,154,40,0,40,194
04/13/2013,SYR,NY,AEA,EN,Combined TRACON& Tower with Radar,50,58,16,0,124,0,0,16,2,18,50,58,32,2,142,40,0,40,182
04/14/2013,SYR,NY,AEA,EN,Combined TRACON& Tower with Radar,44,63,17,2,126,0,0,13,0,13,44,63,30,2,139,30,0,30,169
04/15/2013,SYR,NY,AEA,EN,Combined TRACON& Tower with Radar,51,82,28,2,163,0,2,14,0,16,51,84,42,2,179,50,0,50,229
04/16/2013,SYR,NY,AEA,EN,Combined TRACON& Tower with Radar,58,86,25,2,171,0,0,4,0,4,58,86,29,2,175,44,0,44,219
04/17/2013,SYR,NY,AEA,EN,Combined TRACON& Tower with Radar,54,91,20,0,165,0,4,40,2,46,54,95,60,2,211,60,0,60,271
04/18/2013,SYR,NY,AEA,EN,Combined TRACON& Tower with Radar,56,89,41,0,186,0,1,5,2,8,56,90,46,2,194,68,0,68,262
04/19/2013,SYR,NY,AEA,EN,Combined TRACON& Tower with Radar,47,77,13,0,137,0,0,3,2,5,47,77,16,2,142,56,0,56,198
04/20/2013,SYR,NY,AEA,EN,Combined TRACON& Tower with Radar,48,63,9,0,120,0,0,1,0,1,48,63,10,0,121,68,0,68,189
04/21/2013,SYR,NY,AEA,EN,Combined TRACON& Tower with Radar,47,62,18,0,127,0,2,34,0,36,47,64,52,0,163,60,0,60,223
04/22/2013,SYR,NY,AEA,EN,Combined TRACON& Tower with Radar,52,81,21,12,166,0,1,29,0,30,52,82,50,12,196,60,0,60,256
04/23/2013,SYR,NY,AEA,EN,Combined TRACON& Tower with Radar,57,85,29,4,175,0,0,42,0,42,57,85,71,4,217,100,0,100,317
04/24/2013,SYR,NY,AEA,EN,Combined TRACON& Tower with Radar,56,92,12,13,173,0,1,9,3,13,56,93,21,16,186,66,0,66,252
04/25/2013,SYR,NY,AEA,EN,Combined TRACON& Tower with Radar,58,80,38,0,176,0,5,31,0,36,58,85,69,0,212,94,0,94,306
04/26/2013,SYR,NY,AEA,EN,Combined TRACON& Tower with Radar,54,84,11,0,149,0,0,20,0,20,54,84,31,0,169,0,0,0,169
04/27/2013,SYR,NY,AEA,EN,Combined TRACON& Tower with Radar,48,64,13,0,125,0,1,34,0,35,48,65,47,0,160,100,0,100,260
04/28/2013,SYR,NY,AEA,EN,Combined TRACON& Tower with Radar,49,63,11,0,123,0,1,29,1,31,49,64,40,1,154,60,0,60,214
04/29/2013,SYR,NY,AEA,EN,Combined TRACON& Tower with Radar,51,82,22,4,159,0,0,12,0,12,51,82,34,4,171,100,0,100,271
04/30/2013,SYR,NY,AEA,EN,Combined TRACON& Tower with Radar,59,80,12,3,154,0,0,9,2,11,59,80,21,5,165,100,6,106,271
05/01/2013,SYR,NY,AEA,EN,Combined TRACON& Tower with Radar,55,85,12,0,152,0,4,19,0,23,55,89,31,0,175,90,0,90,265
05/02/2013,SYR,NY,AEA,EN,Combined TRACON& Tower with Radar,58,80,22,0,160,0,1,26,0,27,58,81,48,0,187,78,0,78,265
05/03/2013,SYR,NY,AEA,EN,Combined TRACON& Tower with Radar,50,78,27,8,163,0,4,24,4,32,50,82,51,12,195,86,0,86,281
05/04/2013,SYR,NY,AEA,EN,Combined TRACON& Tower with Radar,44,62,12,0,118,0,2,20,0,22,44,64,32,0,140,100,0,100,240
05/05/2013,SYR,NY,AEA,EN,Combined TRACON& Tower with Radar,44,64,22,2,132,0,0,23,0,23,44,64,45,2,155,78,0,78,233
05/06/2013,SYR,NY,AEA,EN,Combined TRACON& Tower with Radar,53,81,17,0,151,0,0,19,0,19,53,81,36,0,170,68,0,68,238
05/07/2013,SYR,NY,AEA,EN,Combined TRACON& Tower with Radar,57,80,23,2,162,0,1,26,0,27,57,81,49,2,189,74,0,74,263
05/08/2013,SYR,NY,AEA,EN,Combined TRACON& Tower with Radar,53,85,26,0,164,0,0,9,0,9,53,85,35,0,173,100,0,100,273
05/09/2013,SYR,NY,AEA,EN,Combined TRACON& Tower with Radar,57,77,25,0,159,0,0,9,2,11,57,77,34,2,170,56,0,56,226
05/10/2013,SYR,NY,AEA,EN,Combined TRACON& Tower with Radar,53,84,15,0,152,0,0,11,0,11,53,84,26,0,163,88,0,88,251
05/11/2013,SYR,NY,AEA,EN,Combined TRACON& Tower with Radar,42,71,22,0,135,0,0,4,0,4,42,71,26,0,139,50,0,50,189
05/12/2013,SYR,NY,AEA,EN,Combined TRACON& Tower with Radar,43,67,20,0,130,0,0,4,0,4,43,67,24,0,134,74,0,74,208
05/13/2013,SYR,NY,AEA,EN,Combined TRACON& Tower with Radar,52,76,19,1,148,0,0,17,3,20,52,76,36,4,168,45,0,45,213
05/14/2013,SYR,NY,AEA,EN,Combined TRACON& Tower with Radar,58,84,19,0,161,0,0,26,0,26,58,84,45,0,187,67,0,67,254
05/15/2013,SYR,NY,AEA,EN,Combined TRACON& Tower with Radar,57,82,13,0,152,0,0,5,0,5,57,82,18,0,157,60,0,60,217
05/16/2013,SYR,NY,AEA,EN,Combined TRACON& Tower with Radar,54,81,14,0,149,0,2,27,2,31,54,83,41,2,180,56,0,56,236
05/17/2013,SYR,NY,AEA,EN,Combined TRACON& Tower with Radar,56,83,22,4,165,0,2,41,0,43,56,85,63,4,208,40,0,40,248
05/18/2013,SYR,NY,AEA,EN,Combined TRACON& Tower with Radar,47,65,18,0,130,0,1,19,0,20,47,66,37,0,150,60,0,60,210
05/19/2013,SYR,NY,AEA,EN,Combined TRACON& Tower with Radar,40,67,20,0,127,0,0,6,0,6,40,67,26,0,133,72,0,72,205
05/20/2013,SYR,NY,AEA,EN,Combined TRACON& Tower with Radar,55,77,24,4,160,0,2,10,1,13,55,79,34,5,173,46,0,46,219
05/21/2013,SYR,NY,AEA,EN,Combined TRACON& Tower with Radar,58,86,16,4,164,0,0,11,0,11,58,86,27,4,175,44,0,44,219
05/22/2013,SYR,NY,AEA,EN,Combined TRACON& Tower with Radar,54,86,24,2,166,0,0,17,0,17,54,86,41,2,183,40,0,40,223
05/23/2013,SYR,NY,AEA,EN,Combined TRACON& Tower with Radar,61,85,29,3,178,0,0,4,0,4,61,85,33,3,182,66,0,66,248
05/24/2013,SYR,NY,AEA,EN,Combined TRACON& Tower with Radar,55,84,14,0,153,0,0,2,0,2,55,84,16,0,155,0,0,0,155
05/25/2013,SYR,NY,AEA,EN,Combined TRACON& Tower with Radar,44,63,12,0,119,0,0,9,0,9,44,63,21,0,128,46,0,46,174
05/26/2013,SYR,NY,AEA,EN,Combined TRACON& Tower with Radar,40,45,19,0,104,0,1,15,1,17,40,46,34,1,121,56,0,56,177
05/27/2013,SYR,NY,AEA,EN,Combined TRACON& Tower with Radar,40,70,24,0,134,0,0,26,0,26,40,70,50,0,160,52,0,52,212
05/28/2013,SYR,NY,AEA,EN,Combined TRACON& Tower with Radar,51,82,28,2,163,0,0,14,0,14,51,82,42,2,177,44,0,44,221
05/29/2013,SYR,NY,AEA,EN,Combined TRACON& Tower with Radar,53,98,23,0,174,0,0,5,2,7,53,98,28,2,181,30,0,30,211
05/30/2013,SYR,NY,AEA,EN,Combined TRACON& Tower with Radar,61,86,24,4,175,0,3,31,0,34,61,89,55,4,209,58,0,58,267
05/31/2013,SYR,NY,AEA,EN,Combined TRACON& Tower with Radar,50,81,21,8,160,0,3,33,0,36,50,84,54,8,196,60,0,60,256
06/01/2013,SYR,NY,AEA,EN,Combined TRACON& Tower with Radar,40,63,8,2,113,0,5,16,0,21,40,68,24,2,134,44,0,44,178
06/02/2013,SYR,NY,AEA,EN,Combined TRACON& Tower with Radar,40,62,10,0,112,0,0,5,0,5,40,62,15,0,117,48,0,48,165
06/03/2013,SYR,NY,AEA,EN,Combined TRACON& Tower with Radar,49,81,19,2,151,0,0,14,0,14,49,81,33,2,165,64,6,70,235
06/04/2013,SYR,NY,AEA,EN,Combined TRACON& Tower with Radar,56,79,14,4,153,0,3,26,0,29,56,82,40,4,182,38,0,38,220
06/05/2013,SYR,NY,AEA,EN,Combined TRACON& Tower with Radar,50,78,20,0,148,0,2,36,0,38,50,80,56,0,186,66,0,66,252
06/06/2013,SYR,NY,AEA,EN,Combined TRACON& Tower with Radar,48,92,25,0,165,0,1,2,0,3,48,93,27,0,168,40,0,40,208
06/07/2013,SYR,NY,AEA,EN,Combined TRACON& Tower with Radar,47,88,10,0,145,0,0,3,0,3,47,88,13,0,148,60,0,60,208
06/08/2013,SYR,NY,AEA,EN,Combined TRACON& Tower with Radar,47,71,7,10,135,0,0,2,0,2,47,71,9,10,137,64,0,64,201
06/09/2013,SYR,NY,AEA,EN,Combined TRACON& Tower with Radar,37,75,15,1,128,0,1,29,0,30,37,76,44,1,158,46,0,46,204
06/10/2013,SYR,NY,AEA,EN,Combined TRACON& Tower with Radar,40,90,17,14,161,0,1,5,0,6,40,91,22,14,167,80,0,80,247
06/11/2013,SYR,NY,AEA,EN,Combined TRACON& Tower with Radar,54,89,15,8,166,0,0,0,0,0,54,89,15,8,166,52,0,52,218
06/12/2013,SYR,NY,AEA,EN,Combined TRACON& Tower with Radar,49,78,37,16,180,0,4,35,0,39,49,82,72,16,219,44,14,58,277
06/13/2013,SYR,NY,AEA,EN,Combined TRACON& Tower with Radar,51,80,24,0,155,0,2,1,0,3,51,82,25,0,158,78,4,82,240
06/14/2013,SYR,NY,AEA,EN,Combined TRACON& Tower with Radar,48,95,41,0,184,0,0,14,0,14,48,95,55,0,198,70,0,70,268
06/15/2013,SYR,NY,AEA,EN,Combined TRACON& Tower with Radar,40,68,18,0,126,0,4,38,0,42,40,72,56,0,168,38,0,38,206
06/16/2013,SYR,NY,AEA,EN,Combined TRACON& Tower with Radar,39,74,13,0,126,0,0,11,0,11,39,74,24,0,137,66,0,66,203
06/17/2013,SYR,NY,AEA,EN,Combined TRACON& Tower with Radar,41,95,20,0,156,0,0,8,0,8,41,95,28,0,164,74,10,84,248
06/18/2013,SYR,NY,AEA,EN,Combined TRACON& Tower with Radar,54,95,35,6,190,0,0,11,0,11,54,95,46,6,201,58,0,58,259
06/19/2013,SYR,NY,AEA,EN,Combined TRACON& Tower with Radar,49,87,17,0,153,0,2,33,0,35,49,89,50,0,188,58,0,58,246
06/20/2013,SYR,NY,AEA,EN,Combined TRACON& Tower with Radar,52,95,29,18,194,0,0,57,0,57,52,95,86,18,251,94,0,94,345
06/21/2013,SYR,NY,AEA,EN,Combined TRACON& Tower with Radar,45,83,25,2,155,0,0,30,0,30,45,83,55,2,185,0,0,0,185
06/22/2013,SYR,NY,AEA,EN,Combined TRACON& Tower with Radar,37,70,9,0,116,0,1,11,0,12,37,71,20,0,128,0,0,0,128
06/23/2013,SYR,NY,AEA,EN,Combined TRACON& Tower with Radar,41,66,20,0,127,0,1,21,0,22,41,67,41,0,149,0,0,0,149
06/24/2013,SYR,NY,AEA,EN,Combined TRACON& Tower with Radar,41,75,24,3,143,0,4,15,1,20,41,79,39,4,163,20,0,20,183
06/25/2013,SYR,NY,AEA,EN,Combined TRACON& Tower with Radar,50,89,27,0,166,0,0,25,0,25,50,89,52,0,191,28,0,28,219
06/26/2013,SYR,NY,AEA,EN,Combined TRACON& Tower with Radar,51,90,27,2,170,0,5,11,0,16,51,95,38,2,186,14,0,14,200
06/27/2013,SYR,NY,AEA,EN,Combined TRACON& Tower with Radar,51,83,27,1,162,0,0,18,3,21,51,83,45,4,183,18,0,18,201
06/28/2013,SYR,NY,AEA,EN,Combined TRACON& Tower with Radar,47,74,18,0,139,0,0,5,0,5,47,74,23,0,144,0,0,0,144
06/29/2013,SYR,NY,AEA,EN,Combined TRACON& Tower with Radar,39,67,10,0,116,0,0,5,0,5,39,67,15,0,121,0,0,0,121
06/30/2013,SYR,NY,AEA,EN,Combined TRACON& Tower with Radar,43,64,15,0,122,0,0,12,0,12,43,64,27,0,134,26,0,26,160
07/01/2013,SYR,NY,AEA,EN,Combined TRACON& Tower with Radar,43,76,23,0,142,0,0,5,0,5,43,76,28,0,147,50,0,50,197
07/02/2013,SYR,NY,AEA,EN,Combined TRACON& Tower with Radar,49,87,14,0,150,0,0,9,0,9,49,87,23,0,159,52,0,52,211
07/03/2013,SYR,NY,AEA,EN,Combined TRACON& Tower with Radar,48,88,19,0,155,0,0,12,0,12,48,88,31,0,167,54,0,54,221
07/04/2013,SYR,NY,AEA,EN,Combined TRACON& Tower with Radar,34,52,3,0,89,0,0,5,0,5,34,52,8,0,94,20,0,20,114
07/05/2013,SYR,NY,AEA,EN,Combined TRACON& Tower with Radar,42,70,17,0,129,0,2,8,0,10,42,72,25,0,139,58,0,58,197
07/06/2013,SYR,NY,AEA,EN,Combined TRACON& Tower with Radar,35,69,13,0,117,0,0,7,0,7,35,69,20,0,124,84,0,84,208
07/07/2013,SYR,NY,AEA,EN,Combined TRACON& Tower with Radar,41,67,7,0,115,0,1,10,0,11,41,68,17,0,126,0,0,0,126
07/08/2013,SYR,NY,AEA,EN,Combined TRACON& Tower with Radar,49,74,19,0,142,0,0,4,2,6,49,74,23,2,148,50,0,50,198
07/09/2013,SYR,NY,AEA,EN,Combined TRACON& Tower with Radar,50,93,23,0,166,0,1,24,1,26,50,94,47,1,192,60,0,60,252
07/10/2013,SYR,NY,AEA,EN,Combined TRACON& Tower with Radar,49,81,12,3,145,0,0,21,0,21,49,81,33,3,166,56,0,56,222
07/11/2013,SYR,NY,AEA,EN,Combined TRACON& Tower with Radar,55,83,27,3,168,0,0,38,3,41,55,83,65,6,209,70,0,70,279
07/12/2013,SYR,NY,AEA,EN,Combined TRACON& Tower with Radar,45,89,19,0,153,0,0,39,0,39,45,89,58,0,192,0,0,0,192
07/13/2013,SYR,NY,AEA,EN,Combined TRACON& Tower with Radar,39,68,27,0,134,0,2,18,0,20,39,70,45,0,154,0,0,0,154
07/14/2013,SYR,NY,AEA,EN,Combined TRACON& Tower with Radar,43,70,15,0,128,0,9,40,0,49,43,79,55,0,177,0,0,0,177
07/15/2013,SYR,NY,AEA,EN,Combined TRACON& Tower with Radar,44,83,30,0,157,0,0,13,0,13,44,83,43,0,170,66,0,66,236
07/16/2013,SYR,NY,AEA,EN,Combined TRACON& Tower with Radar,55,90,24,28,197,0,3,40,0,43,55,93,64,28,240,0,0,0,240
07/17/2013,SYR,NY,AEA,EN,Combined TRACON& Tower with Radar,51,84,24,0,159,0,3,30,0,33,51,87,54,0,192,42,0,42,234
07/18/2013,SYR,NY,AEA,EN,Combined TRACON& Tower with Radar,51,80,19,0,150,0,2,24,4,30,51,82,43,4,180,0,0,0,180
07/19/2013,SYR,NY,AEA,EN,Combined TRACON& Tower with Radar,50,90,13,4,157,0,0,16,0,16,50,90,29,4,173,28,0,28,201
07/20/2013,SYR,NY,AEA,EN,Combined TRACON& Tower with Radar,39,61,7,2,109,0,1,17,0,18,39,62,24,2,127,0,0,0,127
07/21/2013,SYR,NY,AEA,EN,Combined TRACON& Tower with Radar,8,69,11,0,88,0,1,34,0,35,8,70,45,0,123,38,0,38,161
07/22/2013,SYR,NY,AEA,EN,Combined TRACON& Tower with Radar,48,86,23,0,157,0,0,23,0,23,48,86,46,0,180,66,0,66,246
07/23/2013,SYR,NY,AEA,EN,Combined TRACON& Tower with Radar,54,85,23,0,162,0,2,13,0,15,54,87,36,0,177,0,0,0,177
07/24/2013,SYR,NY,AEA,EN,Combined TRACON& Tower with Radar,53,87,21,0,161,0,0,12,0,12,53,87,33,0,173,0,0,0,173
07/25/2013,SYR,NY,AEA,EN,Combined TRACON& Tower with Radar,51,87,29,0,167,0,0,36,0,36,51,87,65,0,203,56,0,56,259
07/26/2013,SYR,NY,AEA,EN,Combined TRACON& Tower with Radar,49,93,19,0,161,0,3,37,0,40,49,96,56,0,201,70,0,70,271
07/27/2013,SYR,NY,AEA,EN,Combined TRACON& Tower with Radar,35,69,17,0,121,0,1,20,0,21,35,70,37,0,142,0,0,0,142
07/28/2013,SYR,NY,AEA,EN,Combined TRACON& Tower with Radar,36,59,16,0,111,0,0,3,0,3,36,59,19,0,114,0,0,0,114
07/29/2013,SYR,NY,AEA,EN,Combined TRACON& Tower with Radar,46,80,20,29,175,0,2,24,0,26,46,82,44,29,201,6,14,20,221
07/30/2013,SYR,NY,AEA,EN,Combined TRACON& Tower with Radar,51,85,27,0,163,23,2,20,2,47,74,87,47,2,210,0,0,0,210
07/31/2013,SYR,NY,AEA,EN,Combined TRACON& Tower with Radar,51,87,29,2,169,0,7,43,2,52,51,94,72,4,221,0,0,0,221
08/01/2013,SYR,NY,AEA,EN,Combined TRACON& Tower with Radar,52,95,19,0,166,0,0,15,0,15,52,95,34,0,181,0,0,0,181
08/02/2013,SYR,NY,AEA,EN,Combined TRACON& Tower with Radar,55,85,9,0,149,0,0,18,0,18,55,85,27,0,167,0,0,0,167
08/03/2013,SYR,NY,AEA,EN,Combined TRACON& Tower with Radar,38,60,11,5,114,0,0,17,0,17,38,60,28,5,131,0,0,0,131
08/04/2013,SYR,NY,AEA,EN,Combined TRACON& Tower with Radar,45,61,8,0,114,0,1,21,0,22,45,62,29,0,136,0,0,0,136
08/05/2013,SYR,NY,AEA,EN,Combined TRACON& Tower with Radar,47,81,30,1,159,0,3,36,2,41,47,84,66,3,200,0,0,0,200
08/06/2013,SYR,NY,AEA,EN,Combined TRACON& Tower with Radar,55,83,12,0,150,0,0,32,0,32,55,83,44,0,182,0,0,0,182
08/07/2013,SYR,NY,AEA,EN,Combined TRACON& Tower with Radar,51,81,30,0,162,0,2,13,0,15,51,83,43,0,177,0,0,0,177
08/08/2013,SYR,NY,AEA,EN,Combined TRACON& Tower with Radar,51,82,19,0,152,0,0,15,0,15,51,82,34,0,167,0,0,0,167
08/09/2013,SYR,NY,AEA,EN,Combined TRACON& Tower with Radar,53,87,20,0,160,0,0,13,0,13,53,87,33,0,173,56,10,66,239
08/10/2013,SYR,NY,AEA,EN,Combined TRACON& Tower with Radar,39,65,17,0,121,0,1,27,0,28,39,66,44,0,149,0,0,0,149
08/11/2013,SYR,NY,AEA,EN,Combined TRACON& Tower with Radar,47,68,22,0,137,0,2,41,0,43,47,70,63,0,180,0,0,0,180
08/12/2013,SYR,NY,AEA,EN,Combined TRACON& Tower with Radar,51,83,17,0,151,0,4,23,4,31,51,87,40,4,182,6,0,6,188
08/13/2013,SYR,NY,AEA,EN,Combined TRACON& Tower with Radar,54,86,19,2,161,0,2,6,0,8,54,88,25,2,169,0,0,0,169
08/14/2013,SYR,NY,AEA,EN,Combined TRACON& Tower with Radar,53,84,18,2,157,0,2,14,2,18,53,86,32,4,175,0,0,0,175
08/15/2013,SYR,NY,AEA,EN,Combined TRACON& Tower with Radar,57,85,35,7,184,0,4,42,4,50,57,89,77,11,234,0,12,12,246
08/16/2013,SYR,NY,AEA,EN,Combined TRACON& Tower with Radar,49,84,15,0,148,0,3,26,0,29,49,87,41,0,177,0,0,0,177
08/17/2013,SYR,NY,AEA,EN,Combined TRACON& Tower with Radar,35,67,20,0,122,0,3,31,0,34,35,70,51,0,156,30,0,30,186
08/18/2013,SYR,NY,AEA,EN,Combined TRACON& Tower with Radar,47,67,19,0,133,0,3,26,0,29,47,70,45,0,162,0,0,0,162
08/19/2013,SYR,NY,AEA,EN,Combined TRACON& Tower with Radar,49,81,31,26,187,0,2,30,6,38,49,83,61,32,225,0,16,16,241
08/20/2013,SYR,NY,AEA,EN,Combined TRACON& Tower with Radar,54,86,28,0,168,0,2,35,0,37,54,88,63,0,205,0,0,0,205
08/21/2013,SYR,NY,AEA,EN,Combined TRACON& Tower with Radar,53,88,22,3,166,0,1,46,0,47,53,89,68,3,213,0,0,0,213
08/22/2013,SYR,NY,AEA,EN,Combined TRACON& Tower with Radar,50,87,22,4,163,0,1,4,2,7,50,88,26,6,170,0,0,0,170
08/23/2013,SYR,NY,AEA,EN,Combined TRACON& Tower with Radar,53,90,22,3,168,0,2,12,2,16,53,92,34,5,184,0,0,0,184
08/24/2013,SYR,NY,AEA,EN,Combined TRACON& Tower with Radar,38,64,18,4,124,0,0,50,2,52,38,64,68,6,176,0,0,0,176
08/25/2013,SYR,NY,AEA,EN,Combined TRACON& Tower with Radar,42,67,12,0,121,0,0,14,0,14,42,67,26,0,135,0,0,0,135
08/26/2013,SYR,NY,AEA,EN,Combined TRACON& Tower with Radar,46,79,22,6,153,0,0,13,0,13,46,79,35,6,166,0,0,0,166
08/27/2013,SYR,NY,AEA,EN,Combined TRACON& Tower with Radar,51,88,20,10,169,0,0,6,0,6,51,88,26,10,175,0,0,0,175
08/28/2013,SYR,NY,AEA,EN,Combined TRACON& Tower with Radar,64,92,30,12,198,0,0,24,0,24,64,92,54,12,222,24,0,24,246
08/29/2013,SYR,NY,AEA,EN,Combined TRACON& Tower with Radar,54,87,33,14,188,0,0,12,0,12,54,87,45,14,200,0,0,0,200
08/30/2013,SYR,NY,AEA,EN,Combined TRACON& Tower with Radar,46,87,17,1,151,0,0,29,0,29,46,87,46,1,180,0,0,0,180
08/31/2013,SYR,NY,AEA,EN,Combined TRACON& Tower with Radar,38,68,14,0,120,0,0,8,0,8,38,68,22,0,128,0,0,0,128
09/01/2013,SYR,NY,AEA,EN,Combined TRACON& Tower with Radar,26,51,14,0,91,0,1,17,0,18,26,52,31,0,109,0,0,0,109
09/02/2013,SYR,NY,AEA,EN,Combined TRACON& Tower with Radar,36,66,20,0,122,0,2,4,0,6,36,68,24,0,128,0,0,0,128
09/03/2013,SYR,NY,AEA,EN,Combined TRACON& Tower with Radar,43,87,25,0,155,0,0,8,0,8,43,87,33,0,163,0,0,0,163
09/04/2013,SYR,NY,AEA,EN,Combined TRACON& Tower with Radar,48,91,21,0,160,0,1,42,0,43,48,92,63,0,203,0,0,0,203
09/05/2013,SYR,NY,AEA,EN,Combined TRACON& Tower with Radar,47,96,17,0,160,0,0,31,0,31,47,96,48,0,191,12,0,12,203
09/06/2013,SYR,NY,AEA,EN,Combined TRACON& Tower with Radar,50,95,21,2,168,0,2,56,0,58,50,97,77,2,226,0,0,0,226
09/07/2013,SYR,NY,AEA,EN,Combined TRACON& Tower with Radar,35,58,13,3,109,0,0,22,1,23,35,58,35,4,132,0,0,0,132
09/08/2013,SYR,NY,AEA,EN,Combined TRACON& Tower with Radar,45,62,14,2,123,0,0,9,3,12,45,62,23,5,135,0,0,0,135
09/09/2013,SYR,NY,AEA,EN,Combined TRACON& Tower with Radar,46,85,31,2,164,0,0,31,3,34,46,85,62,5,198,0,0,0,198
09/10/2013,SYR,NY,AEA,EN,Combined TRACON& Tower with Radar,52,84,30,0,166,0,0,5,0,5,52,84,35,0,171,0,0,0,171
09/11/2013,SYR,NY,AEA,EN,Combined TRACON& Tower with Radar,49,91,17,2,159,0,1,10,0,11,49,92,27,2,170,0,0,0,170
09/12/2013,SYR,NY,AEA,EN,Combined TRACON& Tower with Radar,57,93,30,2,182,0,0,7,0,7,57,93,37,2,189,0,0,0,189
09/13/2013,SYR,NY,AEA,EN,Combined TRACON& Tower with Radar,51,83,31,5,170,0,1,8,1,10,51,84,39,6,180,0,0,0,180
09/14/2013,SYR,NY,AEA,EN,Combined TRACON& Tower with Radar,38,55,27,0,120,0,0,17,0,17,38,55,44,0,137,0,0,0,137
09/15/2013,SYR,NY,AEA,EN,Combined TRACON& Tower with Radar,43,57,21,1,122,0,0,20,0,20,43,57,41,1,142,0,0,0,142
09/16/2013,SYR,NY,AEA,EN,Combined TRACON& Tower with Radar,46,80,27,2,155,0,0,3,4,7,46,80,30,6,162,0,0,0,162
09/17/2013,SYR,NY,AEA,EN,Combined TRACON& Tower with Radar,54,85,26,0,165,0,3,36,0,39,54,88,62,0,204,0,0,0,204
09/18/2013,SYR,NY,AEA,EN,Combined TRACON& Tower with Radar,55,82,26,0,163,0,1,47,0,48,55,83,73,0,211,0,0,0,211
09/19/2013,SYR,NY,AEA,EN,Combined TRACON& Tower with Radar,56,78,35,0,169,0,0,43,0,43,56,78,78,0,212,0,0,0,212
09/20/2013,SYR,NY,AEA,EN,Combined TRACON& Tower with Radar,50,75,23,0,148,0,0,47,0,47,50,75,70,0,195,0,0,0,195
09/21/2013,SYR,NY,AEA,EN,Combined TRACON& Tower with Radar,38,53,6,0,97,0,0,0,0,0,38,53,6,0,97,0,0,0,97
09/22/2013,SYR,NY,AEA,EN,Combined TRACON& Tower with Radar,42,63,24,2,131,0,0,11,0,11,42,63,35,2,142,0,0,0,142
09/23/2013,SYR,NY,AEA,EN,Combined TRACON& Tower with Radar,51,81,28,0,160,0,6,9,2,17,51,87,37,2,177,0,0,0,177
09/24/2013,SYR,NY,AEA,EN,Combined TRACON& Tower with Radar,52,83,18,20,173,0,1,23,0,24,52,84,41,20,197,0,0,0,197
09/25/2013,SYR,NY,AEA,EN,Combined TRACON& Tower with Radar,60,84,25,2,171,0,0,35,1,36,60,84,60,3,207,0,0,0,207
09/26/2013,SYR,NY,AEA,EN,Combined TRACON& Tower with Radar,60,79,30,16,185,0,0,34,0,34,60,79,64,16,219,0,0,0,219
09/27/2013,SYR,NY,AEA,EN,Combined TRACON& Tower with Radar,55,83,20,3,161,0,0,30,0,30,55,83,50,3,191,0,0,0,191
09/28/2013,SYR,NY,AEA,EN,Combined TRACON& Tower with Radar,40,52,16,0,108,0,2,46,0,48,40,54,62,0,156,18,0,18,174
09/29/2013,SYR,NY,AEA,EN,Combined TRACON& Tower with Radar,46,60,5,0,111,0,0,24,0,24,46,60,29,0,135,0,0,0,135
09/30/2013,SYR,NY,AEA,EN,Combined TRACON& Tower with Radar,50,74,19,0,143,0,1,7,0,8,50,75,26,0,151,0,0,0,151
10/01/2013,SYR,NY,AEA,EN,Combined TRACON& Tower with Radar,53,82,21,0,156,0,1,24,0,25,53,83,45,0,181,0,0,0,181
10/02/2013,SYR,NY,AEA,EN,Combined TRACON& Tower with Radar,57,82,15,0,154,0,0,25,0,25,57,82,40,0,179,6,0,6,185
10/03/2013,SYR,NY,AEA,EN,Combined TRACON& Tower with Radar,56,82,25,0,163,0,0,28,0,28,56,82,53,0,191,8,0,8,199
10/04/2013,SYR,NY,AEA,EN,Combined TRACON& Tower with Radar,58,83,27,0,168,0,3,7,0,10,58,86,34,0,178,0,0,0,178
10/05/2013,SYR,NY,AEA,EN,Combined TRACON& Tower with Radar,47,63,45,0,155,0,0,1,0,1,47,63,46,0,156,0,0,0,156
10/06/2013,SYR,NY,AEA,EN,Combined TRACON& Tower with Radar,44,60,19,0,123,0,0,4,0,4,44,60,23,0,127,0,0,0,127
10/07/2013,SYR,NY,AEA,EN,Combined TRACON& Tower with Radar,46,73,17,0,136,0,0,0,0,0,46,73,17,0,136,0,0,0,136
10/08/2013,SYR,NY,AEA,EN,Combined TRACON& Tower with Radar,63,78,23,0,164,0,0,17,0,17,63,78,40,0,181,0,0,0,181
10/09/2013,SYR,NY,AEA,EN,Combined TRACON& Tower with Radar,56,77,19,0,152,0,0,33,0,33,56,77,52,0,185,0,0,0,185
10/10/2013,SYR,NY,AEA,EN,Combined TRACON& Tower with Radar,58,83,27,0,168,0,0,31,0,31,58,83,58,0,199,0,0,0,199
10/11/2013,SYR,NY,AEA,EN,Combined TRACON& Tower with Radar,51,81,19,0,151,0,0,16,0,16,51,81,35,0,167,0,0,0,167
10/12/2013,SYR,NY,AEA,EN,Combined TRACON& Tower with Radar,43,58,20,0,121,0,0,27,0,27,43,58,47,0,148,46,0,46,194
10/13/2013,SYR,NY,AEA,EN,Combined TRACON& Tower with Radar,45,62,15,0,122,0,0,27,0,27,45,62,42,0,149,42,0,42,191
10/14/2013,SYR,NY,AEA,EN,Combined TRACON& Tower with Radar,51,80,22,0,153,0,2,4,0,6,51,82,26,0,159,0,0,0,159
10/15/2013,SYR,NY,AEA,EN,Combined TRACON& Tower with Radar,61,73,29,16,179,0,0,25,0,25,61,73,54,16,204,0,0,0,204
10/16/2013,SYR,NY,AEA,EN,Combined TRACON& Tower with Radar,58,79,22,0,159,0,0,5,0,5,58,79,27,0,164,0,0,0,164
10/17/2013,SYR,NY,AEA,EN,Combined TRACON& Tower with Radar,58,83,26,0,167,0,0,23,0,23,58,83,49,0,190,0,0,0,190
10/18/2013,SYR,NY,AEA,EN,Combined TRACON& Tower with Radar,53,78,26,0,157,0,0,11,0,11,53,78,37,0,168,0,0,0,168
10/19/2013,SYR,NY,AEA,EN,Combined TRACON& Tower with Radar,43,57,21,0,121,0,0,11,0,11,43,57,32,0,132,0,0,0,132
10/20/2013,SYR,NY,AEA,EN,Combined TRACON& Tower with Radar,47,64,23,0,134,0,0,19,0,19,47,64,42,0,153,0,0,0,153
10/21/2013,SYR,NY,AEA,EN,Combined TRACON& Tower with Radar,53,82,21,14,170,0,0,17,0,17,53,82,38,14,187,0,0,0,187
10/22/2013,SYR,NY,AEA,EN,Combined TRACON& Tower with Radar,63,82,29,15,189,0,1,9,0,10,63,83,38,15,199,0,0,0,199
10/23/2013,SYR,NY,AEA,EN,Combined TRACON& Tower with Radar,59,78,24,0,161,0,0,3,0,3,59,78,27,0,164,0,0,0,164
10/24/2013,SYR,NY,AEA,EN,Combined TRACON& Tower with Radar,57,82,19,16,174,0,2,5,0,7,57,84,24,16,181,0,28,28,209
10/25/2013,SYR,NY,AEA,EN,Combined TRACON& Tower with Radar,55,77,18,0,150,0,0,7,0,7,55,77,25,0,157,10,0,10,167
10/26/2013,SYR,NY,AEA,EN,Combined TRACON& Tower with Radar,40,53,4,0,97,0,2,1,0,3,40,55,5,0,100,0,0,0,100
10/27/2013,SYR,NY,AEA,EN,Combined TRACON& Tower with Radar,44,64,16,0,124,0,0,11,0,11,44,64,27,0,135,0,0,0,135
10/28/2013,SYR,NY,AEA,EN,Combined TRACON& Tower with Radar,48,80,23,2,153,0,1,19,0,20,48,81,42,2,173,0,0,0,173
10/29/2013,SYR,NY,AEA,EN,Combined TRACON& Tower with Radar,60,80,16,28,184,0,2,32,0,34,60,82,48,28,218,0,0,0,218
10/30/2013,SYR,NY,AEA,EN,Combined TRACON& Tower with Radar,60,80,18,4,162,0,2,24,0,26,60,82,42,4,188,0,0,0,188
10/31/2013,SYR,NY,AEA,EN,Combined TRACON& Tower with Radar,54,75,17,0,146,0,0,0,0,0,54,75,17,0,146,0,0,0,146
11/01/2013,SYR,NY,AEA,EN,Combined TRACON& Tower with Radar,57,79,8,2,146,0,0,0,0,0,57,79,8,2,146,0,0,0,146
11/02/2013,SYR,NY,AEA,EN,Combined TRACON& Tower with Radar,48,63,16,0,127,0,0,8,0,8,48,63,24,0,135,20,0,20,155
11/03/2013,SYR,NY,AEA,EN,Combined TRACON& Tower with Radar,46,70,18,0,134,0,0,15,0,15,46,70,33,0,149,48,0,48,197
11/04/2013,SYR,NY,AEA,EN,Combined TRACON& Tower with Radar,49,72,15,0,136,0,3,21,1,25,49,75,36,1,161,0,0,0,161
11/05/2013,SYR,NY,AEA,EN,Combined TRACON& Tower with Radar,57,82,16,0,155,0,0,44,0,44,57,82,60,0,199,0,0,0,199
11/06/2013,SYR,NY,AEA,EN,Combined TRACON& Tower with Radar,56,82,13,0,151,0,0,13,0,13,56,82,26,0,164,0,0,0,164
11/07/2013,SYR,NY,AEA,EN,Combined TRACON& Tower with Radar,55,95,14,0,164,0,1,3,0,4,55,96,17,0,168,0,0,0,168
11/08/2013,SYR,NY,AEA,EN,Combined TRACON& Tower with Radar,55,90,27,0,172,0,0,4,0,4,55,90,31,0,176,0,0,0,176
11/09/2013,SYR,NY,AEA,EN,Combined TRACON& Tower with Radar,40,56,10,0,106,0,2,12,0,14,40,58,22,0,120,10,0,10,130
11/10/2013,SYR,NY,AEA,EN,Combined TRACON& Tower with Radar,47,60,6,0,113,0,0,9,0,9,47,60,15,0,122,0,0,0,122
11/11/2013,SYR,NY,AEA,EN,Combined TRACON& Tower with Radar,46,95,20,0,161,0,0,3,0,3,46,95,23,0,164,0,0,0,164
11/12/2013,SYR,NY,AEA,EN,Combined TRACON& Tower with Radar,57,88,22,0,167,0,0,3,0,3,57,88,25,0,170,0,0,0,170
11/13/2013,SYR,NY,AEA,EN,Combined TRACON& Tower with Radar,55,84,18,2,159,0,0,13,2,15,55,84,31,4,174,0,0,0,174
11/14/2013,SYR,NY,AEA,EN,Combined TRACON& Tower with Radar,57,94,25,1,177,0,0,32,1,33,57,94,57,2,210,11,4,15,225
11/15/2013,SYR,NY,AEA,EN,Combined TRACON& Tower with Radar,51,80,23,0,154,0,0,32,1,33,51,80,55,1,187,26,0,26,213
11/16/2013,SYR,NY,AEA,EN,Combined TRACON& Tower with Radar,38,59,26,0,123,0,0,28,2,30,38,59,54,2,153,24,0,24,177
11/17/2013,SYR,NY,AEA,EN,Combined TRACON& Tower with Radar,46,52,15,0,113,0,0,4,0,4,46,52,19,0,117,0,0,0,117
11/18/2013,SYR,NY,AEA,EN,Combined TRACON& Tower with Radar,49,89,15,4,157,0,0,4,0,4,49,89,19,4,161,0,0,0,161
11/19/2013,SYR,NY,AEA,EN,Combined TRACON& Tower with Radar,57,92,14,0,163,0,0,16,0,16,57,92,30,0,179,42,12,54,233
11/20/2013,SYR,NY,AEA,EN,Combined TRACON& Tower with Radar,59,92,23,0,174,0,9,32,2,43,59,101,55,2,217,14,0,14,231
11/21/2013,SYR,NY,AEA,EN,Combined TRACON& Tower with Radar,57,86,23,0,166,0,2,26,0,28,57,88,49,0,194,27,0,27,221
11/22/2013,SYR,NY,AEA,EN,Combined TRACON& Tower with Radar,55,86,25,0,166,0,0,0,0,0,55,86,25,0,166,0,0,0,166
11/23/2013,SYR,NY,AEA,EN,Combined TRACON& Tower with Radar,40,50,9,0,99,0,0,3,0,3,40,50,12,0,102,0,0,0,102
11/24/2013,SYR,NY,AEA,EN,Combined TRACON& Tower with Radar,41,56,4,0,101,0,0,3,0,3,41,56,7,0,104,0,0,0,104
11/25/2013,SYR,NY,AEA,EN,Combined TRACON& Tower with Radar,48,65,17,17,147,0,0,17,0,17,48,65,34,17,164,0,0,0,164
11/26/2013,SYR,NY,AEA,EN,Combined TRACON& Tower with Radar,55,82,10,0,147,0,0,1,0,1,55,82,11,0,148,6,0,6,154
11/27/2013,SYR,NY,AEA,EN,Combined TRACON& Tower with Radar,64,88,13,0,165,0,0,0,0,0,64,88,13,0,165,0,0,0,165
11/28/2013,SYR,NY,AEA,EN,Combined TRACON& Tower with Radar,25,39,5,0,69,0,0,2,0,2,25,39,7,0,71,0,0,0,71
11/29/2013,SYR,NY,AEA,EN,Combined TRACON& Tower with Radar,37,39,9,0,85,0,0,6,0,6,37,39,15,0,91,0,0,0,91
11/30/2013,SYR,NY,AEA,EN,Combined TRACON& Tower with Radar,42,82,10,0,134,0,1,14,0,15,42,83,24,0,149,0,0,0,149
12/01/2013,SYR,NY,AEA,EN,Combined TRACON& Tower with Radar,45,76,21,0,142,0,0,10,0,10,45,76,31,0,152,0,0,0,152
12/02/2013,SYR,NY,AEA,EN,Combined TRACON& Tower with Radar,52,88,14,0,154,0,2,2,0,4,52,90,16,0,158,0,0,0,158
12/03/2013,SYR,NY,AEA,EN,Combined TRACON& Tower with Radar,63,85,32,0,180,0,0,18,0,18,63,85,50,0,198,0,0,0,198
12/04/2013,SYR,NY,AEA,EN,Combined TRACON& Tower with Radar,57,79,22,0,158,0,0,11,0,11,57,79,33,0,169,18,0,18,187
12/05/2013,SYR,NY,AEA,EN,Combined TRACON& Tower with Radar,65,75,29,6,175,0,0,8,2,10,65,75,37,8,185,0,0,0,185
12/06/2013,SYR,NY,AEA,EN,Combined TRACON& Tower with Radar,49,71,16,0,136,0,0,7,0,7,49,71,23,0,143,0,0,0,143
12/07/2013,SYR,NY,AEA,EN,Combined TRACON& Tower with Radar,37,53,3,0,93,0,0,2,2,4,37,53,5,2,97,0,0,0,97
12/08/2013,SYR,NY,AEA,EN,Combined TRACON& Tower with Radar,40,37,23,0,100,0,0,21,0,21,40,37,44,0,121,14,0,14,135
12/09/2013,SYR,NY,AEA,EN,Combined TRACON& Tower with Radar,43,59,11,0,113,0,0,0,0,0,43,59,11,0,113,0,0,0,113
12/10/2013,SYR,NY,AEA,EN,Combined TRACON& Tower with Radar,54,81,15,0,150,0,0,4,0,4,54,81,19,0,154,0,0,0,154
12/11/2013,SYR,NY,AEA,EN,Combined TRACON& Tower with Radar,58,72,24,1,155,0,0,4,0,4,58,72,28,1,159,0,0,0,159
12/12/2013,SYR,NY,AEA,EN,Combined TRACON& Tower with Radar,58,78,25,0,161,0,0,7,0,7,58,78,32,0,168,0,0,0,168
12/13/2013,SYR,NY,AEA,EN,Combined TRACON& Tower with Radar,50,82,17,0,149,0,0,3,0,3,50,82,20,0,152,10,0,10,162
12/14/2013,SYR,NY,AEA,EN,Combined TRACON& Tower with Radar,38,44,4,0,86,0,0,2,0,2,38,44,6,0,88,0,0,0,88
12/15/2013,SYR,NY,AEA,EN,Combined TRACON& Tower with Radar,43,59,7,0,109,0,0,1,0,1,43,59,8,0,110,0,0,0,110
12/16/2013,SYR,NY,AEA,EN,Combined TRACON& Tower with Radar,46,73,16,0,135,0,0,3,0,3,46,73,19,0,138,0,0,0,138
12/17/2013,SYR,NY,AEA,EN,Combined TRACON& Tower with Radar,54,72,17,0,143,0,0,1,0,1,54,72,18,0,144,0,0,0,144
12/18/2013,SYR,NY,AEA,EN,Combined TRACON& Tower with Radar,57,77,25,2,161,0,0,7,0,7,57,77,32,2,168,10,0,10,178
12/19/2013,SYR,NY,AEA,EN,Combined TRACON& Tower with Radar,59,84,20,2,165,0,0,27,0,27,59,84,47,2,192,36,0,36,228
12/20/2013,SYR,NY,AEA,EN,Combined TRACON& Tower with Radar,49,80,9,0,138,0,0,0,0,0,49,80,9,0,138,0,0,0,138
12/21/2013,SYR,NY,AEA,EN,Combined TRACON& Tower with Radar,44,72,13,0,129,0,0,0,0,0,44,72,13,0,129,0,0,0,129
12/22/2013,SYR,NY,AEA,EN,Combined TRACON& Tower with Radar,44,51,12,0,107,0,0,2,0,2,44,51,14,0,109,0,0,0,109
12/23/2013,SYR,NY,AEA,EN,Combined TRACON& Tower with Radar,53,72,9,2,136,0,0,2,0,2,53,72,11,2,138,0,0,0,138
12/24/2013,SYR,NY,AEA,EN,Combined TRACON& Tower with Radar,52,54,2,0,108,0,0,0,0,0,52,54,2,0,108,0,0,0,108
12/25/2013,SYR,NY,AEA,EN,Combined TRACON& Tower with Radar,33,45,8,0,86,0,0,10,0,10,33,45,18,0,96,0,0,0,96
12/26/2013,SYR,NY,AEA,EN,Combined TRACON& Tower with Radar,51,74,13,0,138,0,0,0,0,0,51,74,13,0,138,0,0,0,138
12/27/2013,SYR,NY,AEA,EN,Combined TRACON& Tower with Radar,46,77,4,0,127,0,0,5,0,5,46,77,9,0,132,11,0,11,143
12/28/2013,SYR,NY,AEA,EN,Combined TRACON& Tower with Radar,47,75,16,0,138,0,3,27,0,30,47,78,43,0,168,74,6,80,248
12/29/2013,SYR,NY,AEA,EN,Combined TRACON& Tower with Radar,43,51,15,0,109,0,2,10,2,14,43,53,25,2,123,0,0,0,123
12/30/2013,SYR,NY,AEA,EN,Combined TRACON& Tower with Radar,50,67,12,2,131,0,0,0,0,0,50,67,12,2,131,0,0,0,131
12/31/2013,SYR,NY,AEA,EN,Combined TRACON& Tower with Radar,52,59,4,0,115,0,0,0,0,0,52,59,4,0,115,0,0,0,115
01/01/2014,SYR,NY,AEA,EN,Combined TRACON& Tower with Radar,30,40,2,0,72,0,0,3,0,3,30,40,5,0,75,20,0,20,95
01/02/2014,SYR,NY,AEA,EN,Combined TRACON& Tower with Radar,40,53,0,0,93,0,0,0,0,0,40,53,0,0,93,0,0,0,93
01/03/2014,SYR,NY,AEA,EN,Combined TRACON& Tower with Radar,32,56,4,0,92,0,0,7,0,7,32,56,11,0,99,0,0,0,99
01/04/2014,SYR,NY,AEA,EN,Combined TRACON& Tower with Radar,38,60,13,0,111,0,0,17,0,17,38,60,30,0,128,24,0,24,152
01/05/2014,SYR,NY,AEA,EN,Combined TRACON& Tower with Radar,40,37,10,0,87,0,1,16,0,17,40,38,26,0,104,0,0,0,104
01/06/2014,SYR,NY,AEA,EN,Combined TRACON& Tower with Radar,44,52,10,0,106,0,0,0,0,0,44,52,10,0,106,0,0,0,106
01/07/2014,SYR,NY,AEA,EN,Combined TRACON& Tower with Radar,39,57,8,4,108,0,0,4,0,4,39,57,12,4,112,0,0,0,112
01/08/2014,SYR,NY,AEA,EN,Combined TRACON& Tower with Radar,48,67,10,2,127,0,0,14,0,14,48,67,24,2,141,0,0,0,141
01/09/2014,SYR,NY,AEA,EN,Combined TRACON& Tower with Radar,54,73,20,0,147,0,0,12,4,16,54,73,32,4,163,0,0,0,163
01/10/2014,SYR,NY,AEA,EN,Combined TRACON& Tower with Radar,42,78,12,0,132,0,0,10,0,10,42,78,22,0,142,0,0,0,142
01/11/2014,SYR,NY,AEA,EN,Combined TRACON& Tower with Radar,57,62,4,0,123,0,0,3,0,3,57,62,7,0,126,0,0,0,126
01/12/2014,SYR,NY,AEA,EN,Combined TRACON& Tower with Radar,37,65,8,2,112,0,0,6,0,6,37,65,14,2,118,0,0,0,118
01/13/2014,SYR,NY,AEA,EN,Combined TRACON& Tower with Radar,39,76,9,2,126,0,0,19,0,19,39,76,28,2,145,0,0,0,145
01/14/2014,SYR,NY,AEA,EN,Combined TRACON& Tower with Radar,44,69,13,11,137,0,2,5,0,7,44,71,18,11,144,0,10,10,154
01/15/2014,SYR,NY,AEA,EN,Combined TRACON& Tower with Radar,48,83,18,0,149,0,2,10,0,12,48,85,28,0,161,6,0,6,167
01/16/2014,SYR,NY,AEA,EN,Combined TRACON& Tower with Radar,46,81,22,5,154,0,3,16,2,21,46,84,38,7,175,18,0,18,193
01/17/2014,SYR,NY,AEA,EN,Combined TRACON& Tower with Radar,43,81,9,0,133,0,0,12,0,12,43,81,21,0,145,0,0,0,145
01/18/2014,SYR,NY,AEA,EN,Combined TRACON& Tower with Radar,36,46,7,0,89,0,0,0,0,0,36,46,7,0,89,0,0,0,89
01/19/2014,SYR,NY,AEA,EN,Combined TRACON& Tower with Radar,35,53,12,0,100,0,0,2,0,2,35,53,14,0,102,0,0,0,102
01/20/2014,SYR,NY,AEA,EN,Combined TRACON& Tower with Radar,39,68,6,0,113,0,0,0,0,0,39,68,6,0,113,0,0,0,113
01/21/2014,SYR,NY,AEA,EN,Combined TRACON& Tower with Radar,40,61,14,1,116,0,1,9,1,11,40,62,23,2,127,0,0,0,127
01/22/2014,SYR,NY,AEA,EN,Combined TRACON& Tower with Radar,40,75,16,0,131,0,1,11,2,14,40,76,27,2,145,2,0,2,147
01/23/2014,SYR,NY,AEA,EN,Combined TRACON& Tower with Radar,50,77,22,0,149,0,0,2,2,4,50,77,24,2,153,0,0,0,153
01/24/2014,SYR,NY,AEA,EN,Combined TRACON& Tower with Radar,45,80,18,0,143,0,2,9,0,11,45,82,27,0,154,0,0,0,154
01/25/2014,SYR,NY,AEA,EN,Combined TRACON& Tower with Radar,41,47,4,0,92,0,0,2,0,2,41,47,6,0,94,0,0,0,94
01/26/2014,SYR,NY,AEA,EN,Combined TRACON& Tower with Radar,39,50,13,0,102,0,0,30,0,30,39,50,43,0,132,4,0,4,136
01/27/2014,SYR,NY,AEA,EN,Combined TRACON& Tower with Radar,36,76,17,0,129,0,0,0,0,0,36,76,17,0,129,0,0,0,129
01/28/2014,SYR,NY,AEA,EN,Combined TRACON& Tower with Radar,43,72,9,0,124,0,4,10,0,14,43,76,19,0,138,0,0,0,138
01/29/2014,SYR,NY,AEA,EN,Combined TRACON& Tower with Radar,48,71,9,3,131,0,1,5,0,6,48,72,14,3,137,0,0,0,137
01/30/2014,SYR,NY,AEA,EN,Combined TRACON& Tower with Radar,44,73,19,0,136,0,5,30,2,37,44,78,49,2,173,14,0,14,187
01/31/2014,SYR,NY,AEA,EN,Combined TRACON& Tower with Radar,44,84,22,3,153,0,1,13,0,14,44,85,35,3,167,24,2,26,193
02/01/2014,SYR,NY,AEA,EN,Combined TRACON& Tower with Radar,38,59,12,0,109,0,0,10,0,10,38,59,22,0,119,4,0,4,123
02/02/2014,SYR,NY,AEA,EN,Combined TRACON& Tower with Radar,39,42,14,0,95,0,0,0,0,0,39,42,14,0,95,0,0,0,95
02/03/2014,SYR,NY,AEA,EN,Combined TRACON& Tower with Radar,34,63,20,1,118,0,1,9,0,10,34,64,29,1,128,0,0,0,128
02/04/2014,SYR,NY,AEA,EN,Combined TRACON& Tower with Radar,40,80,25,1,146,0,4,5,1,10,40,84,30,2,156,20,0,20,176
02/05/2014,SYR,NY,AEA,EN,Combined TRACON& Tower with Radar,39,48,5,6,98,0,0,0,0,0,39,48,5,6,98,0,0,0,98
02/06/2014,SYR,NY,AEA,EN,Combined TRACON& Tower with Radar,49,80,21,0,150,0,4,10,2,16,49,84,31,2,166,0,0,0,166
02/07/2014,SYR,NY,AEA,EN,Combined TRACON& Tower with Radar,43,76,9,0,128,0,0,13,2,15,43,76,22,2,143,16,2,18,161
02/08/2014,SYR,NY,AEA,EN,Combined TRACON& Tower with Radar,37,50,8,0,95,0,0,20,0,20,37,50,28,0,115,0,0,0,115
02/09/2014,SYR,NY,AEA,EN,Combined TRACON& Tower with Radar,35,61,8,0,104,0,0,4,0,4,35,61,12,0,108,0,0,0,108
02/10/2014,SYR,NY,AEA,EN,Combined TRACON& Tower with Radar,40,75,22,3,140,0,0,0,0,0,40,75,22,3,140,0,0,0,140
02/11/2014,SYR,NY,AEA,EN,Combined TRACON& Tower with Radar,48,77,10,2,137,0,2,0,0,2,48,79,10,2,139,0,0,0,139
02/12/2014,SYR,NY,AEA,EN,Combined TRACON& Tower with Radar,37,76,24,0,137,0,1,47,0,48,37,77,71,0,185,23,0,23,208
02/13/2014,SYR,NY,AEA,EN,Combined TRACON& Tower with Radar,30,52,14,0,96,0,0,17,0,17,30,52,31,0,113,13,0,13,126
02/14/2014,SYR,NY,AEA,EN,Combined TRACON& Tower with Radar,43,67,18,1,129,0,0,0,0,0,43,67,18,1,129,0,0,0,129
02/15/2014,SYR,NY,AEA,EN,Combined TRACON& Tower with Radar,40,57,5,0,102,0,0,0,0,0,40,57,5,0,102,0,0,0,102
02/16/2014,SYR,NY,AEA,EN,Combined TRACON& Tower with Radar,35,60,6,2,103,0,2,0,0,2,35,62,6,2,105,0,0,0,105
02/17/2014,SYR,NY,AEA,EN,Combined TRACON& Tower with Radar,49,70,8,0,127,0,1,19,0,20,49,71,27,0,147,15,0,15,162
02/18/2014,SYR,NY,AEA,EN,Combined TRACON& Tower with Radar,49,78,18,0,145,0,0,2,0,2,49,78,20,0,147,0,0,0,147
02/19/2014,SYR,NY,AEA,EN,Combined TRACON& Tower with Radar,55,74,18,0,147,0,0,14,0,14,55,74,32,0,161,0,0,0,161
02/20/2014,SYR,NY,AEA,EN,Combined TRACON& Tower with Radar,49,80,23,0,152,0,1,30,2,33,49,81,53,2,185,0,0,0,185
02/21/2014,SYR,NY,AEA,EN,Combined TRACON& Tower with Radar,66,69,15,0,150,0,0,1,0,1,66,69,16,0,151,0,0,0,151
02/22/2014,SYR,NY,AEA,EN,Combined TRACON& Tower with Radar,42,60,7,0,109,0,0,1,2,3,42,60,8,2,112,0,0,0,112
02/23/2014,SYR,NY,AEA,EN,Combined TRACON& Tower with Radar,34,68,18,0,120,0,0,26,0,26,34,68,44,0,146,38,0,38,184
02/24/2014,SYR,NY,AEA,EN,Combined TRACON& Tower with Radar,48,80,9,2,139,0,0,3,0,3,48,80,12,2,142,0,0,0,142
02/25/2014,SYR,NY,AEA,EN,Combined TRACON& Tower with Radar,52,72,20,0,144,0,0,0,0,0,52,72,20,0,144,0,0,0,144
02/26/2014,SYR,NY,AEA,EN,Combined TRACON& Tower with Radar,53,71,13,2,139,0,1,4,0,5,53,72,17,2,144,0,0,0,144
02/27/2014,SYR,NY,AEA,EN,Combined TRACON& Tower with Radar,50,76,15,4,145,0,0,10,0,10,50,76,25,4,155,0,0,0,155
02/28/2014,SYR,NY,AEA,EN,Combined TRACON& Tower with Radar,52,85,10,4,151,0,2,6,0,8,52,87,16,4,159,0,0,0,159
03/01/2014,SYR,NY,AEA,EN,Combined TRACON& Tower with Radar,42,53,12,0,107,0,0,11,0,11,42,53,23,0,118,2,0,2,120
03/02/2014,SYR,NY,AEA,EN,Combined TRACON& Tower with Radar,38,57,3,0,98,0,0,0,0,0,38,57,3,0,98,0,0,0,98
03/03/2014,SYR,NY,AEA,EN,Combined TRACON& Tower with Radar,41,73,14,0,128,0,0,5,0,5,41,73,19,0,133,0,0,0,133
03/04/2014,SYR,NY,AEA,EN,Combined TRACON& Tower with Radar,53,85,23,0,161,0,0,10,0,10,53,85,33,0,171,4,0,4,175
03/05/2014,SYR,NY,AEA,EN,Combined TRACON& Tower with Radar,56,75,9,2,142,0,0,8,0,8,56,75,17,2,150,0,0,0,150
03/06/2014,SYR,NY,AEA,EN,Combined TRACON& Tower with Radar,55,88,17,6,166,0,0,35,0,35,55,88,52,6,201,0,0,0,201
03/07/2014,SYR,NY,AEA,EN,Combined TRACON& Tower with Radar,58,78,23,0,159,0,0,37,2,39,58,78,60,2,198,43,0,43,241
03/08/2014,SYR,NY,AEA,EN,Combined TRACON& Tower with Radar,44,53,17,8,122,0,0,14,0,14,44,53,31,8,136,6,20,26,162
03/09/2014,SYR,NY,AEA,EN,Combined TRACON& Tower with Radar,46,66,6,0,118,0,0,11,0,11,46,66,17,0,129,2,0,2,131
03/10/2014,SYR,NY,AEA,EN,Combined TRACON& Tower with Radar,55,73,17,0,145,0,2,5,0,7,55,75,22,0,152,0,0,0,152
03/11/2014,SYR,NY,AEA,EN,Combined TRACON& Tower with Radar,60,72,35,0,167,0,0,25,2,27,60,72,60,2,194,10,0,10,204
03/12/2014,SYR,NY,AEA,EN,Combined TRACON& Tower with Radar,28,25,13,0,66,0,0,0,0,0,28,25,13,0,66,0,0,0,66
03/13/2014,SYR,NY,AEA,EN,Combined TRACON& Tower with Radar,58,82,15,0,155,0,1,4,0,5,58,83,19,0,160,0,0,0,160
03/14/2014,SYR,NY,AEA,EN,Combined TRACON& Tower with Radar,57,73,16,2,148,0,1,10,0,11,57,74,26,2,159,0,0,0,159
03/15/2014,SYR,NY,AEA,EN,Combined TRACON& Tower with Radar,46,50,1,0,97,0,0,0,0,0,46,50,1,0,97,28,0,28,125
03/16/2014,SYR,NY,AEA,EN,Combined TRACON& Tower with Radar,39,60,10,0,109,0,0,16,0,16,39,60,26,0,125,38,0,38,163
03/17/2014,SYR,NY,AEA,EN,Combined TRACON& Tower with Radar,53,64,16,13,146,0,0,34,0,34,53,64,50,13,180,10,16,26,206
03/18/2014,SYR,NY,AEA,EN,Combined TRACON& Tower with Radar,60,77,33,4,174,0,2,34,0,36,60,79,67,4,210,16,0,16,226
03/19/2014,SYR,NY,AEA,EN,Combined TRACON& Tower with Radar,54,75,17,0,146,0,1,9,1,11,54,76,26,1,157,0,0,0,157
03/20/2014,SYR,NY,AEA,EN,Combined TRACON& Tower with Radar,63,83,18,0,164,0,0,2,0,2,63,83,20,0,166,12,0,12,178
03/21/2014,SYR,NY,AEA,EN,Combined TRACON& Tower with Radar,56,75,11,0,142,0,3,4,2,9,56,78,15,2,151,0,0,0,151
03/22/2014,SYR,NY,AEA,EN,Combined TRACON& Tower with Radar,46,58,11,2,117,0,0,0,0,0,46,58,11,2,117,26,0,26,143
03/23/2014,SYR,NY,AEA,EN,Combined TRACON& Tower with Radar,40,68,13,0,121,0,0,3,0,3,40,68,16,0,124,24,0,24,148
03/24/2014,SYR,NY,AEA,EN,Combined TRACON& Tower with Radar,53,72,22,5,152,0,2,11,0,13,53,74,33,5,165,0,0,0,165
03/25/2014,SYR,NY,AEA,EN,Combined TRACON& Tower with Radar,61,70,22,6,159,0,0,21,0,21,61,70,43,6,180,2,0,2,182
03/26/2014,SYR,NY,AEA,EN,Combined TRACON& Tower with Radar,57,76,18,16,167,0,0,3,0,3,57,76,21,16,170,22,0,22,192
03/27/2014,SYR,NY,AEA,EN,Combined TRACON& Tower with Radar,57,84,22,0,163,0,0,28,0,28,57,84,50,0,191,0,0,0,191
03/28/2014,SYR,NY,AEA,EN,Combined TRACON& Tower with Radar,54,69,13,0,136,0,0,4,0,4,54,69,17,0,140,24,0,24,164
03/29/2014,SYR,NY,AEA,EN,Combined TRACON& Tower with Radar,43,58,6,0,107,0,0,12,0,12,43,58,18,0,119,0,12,12,131
03/30/2014,SYR,NY,AEA,EN,Combined TRACON& Tower with Radar,38,56,2,1,97,0,0,0,0,0,38,56,2,1,97,32,0,32,129
03/31/2014,SYR,NY,AEA,EN,Combined TRACON& Tower with Radar,57,69,20,2,148,0,0,29,0,29,57,69,49,2,177,18,0,18,195
04/01/2014,SYR,NY,AEA,EN,Combined TRACON& Tower with Radar,56,83,27,2,168,0,2,29,0,31,56,85,56,2,199,16,0,16,215
04/02/2014,SYR,NY,AEA,EN,Combined TRACON& Tower with Radar,57,81,30,0,168,0,2,24,4,30,57,83,54,4,198,26,0,26,224
04/03/2014,SYR,NY,AEA,EN,Combined TRACON& Tower with Radar,58,83,18,0,159,0,2,23,2,27,58,85,41,2,186,18,0,18,204
04/04/2014,SYR,NY,AEA,EN,Combined TRACON& Tower with Radar,57,80,22,1,160,0,2,4,0,6,57,82,26,1,166,36,0,36,202
04/05/2014,SYR,NY,AEA,EN,Combined TRACON& Tower with Radar,50,54,8,0,112,0,0,0,0,0,50,54,8,0,112,34,0,34,146
04/06/2014,SYR,NY,AEA,EN,Combined TRACON& Tower with Radar,45,56,26,0,127,0,2,44,0,46,45,58,70,0,173,64,10,74,247
04/07/2014,SYR,NY,AEA,EN,Combined TRACON& Tower with Radar,53,84,23,14,174,0,0,5,2,7,53,84,28,16,181,22,0,22,203
04/08/2014,SYR,NY,AEA,EN,Combined TRACON& Tower with Radar,67,84,17,0,168,0,2,4,0,6,67,86,21,0,174,14,0,14,188
04/09/2014,SYR,NY,AEA,EN,Combined TRACON& Tower with Radar,58,83,20,2,163,0,0,17,0,17,58,83,37,2,180,16,0,16,196
04/10/2014,SYR,NY,AEA,EN,Combined TRACON& Tower with Radar,62,82,13,14,171,0,2,12,0,14,62,84,25,14,185,10,0,10,195
04/11/2014,SYR,NY,AEA,EN,Combined TRACON& Tower with Radar,61,85,40,2,188,0,0,30,2,32,61,85,70,4,220,24,0,24,244
04/12/2014,SYR,NY,AEA,EN,Combined TRACON& Tower with Radar,41,55,22,1,119,0,0,35,0,35,41,55,57,1,154,36,0,36,190
04/13/2014,SYR,NY,AEA,EN,Combined TRACON& Tower with Radar,46,62,13,0,121,0,1,9,0,10,46,63,22,0,131,12,0,12,143
04/14/2014,SYR,NY,AEA,EN,Combined TRACON& Tower with Radar,55,83,19,2,159,0,0,4,0,4,55,83,23,2,163,10,0,10,173
04/15/2014,SYR,NY,AEA,EN,Combined TRACON& Tower with Radar,56,76,11,0,143,0,0,1,0,1,56,76,12,0,144,22,4,26,170
04/16/2014,SYR,NY,AEA,EN,Combined TRACON& Tower with Radar,54,79,34,6,173,0,0,34,2,36,54,79,68,8,209,26,0,26,235
04/17/2014,SYR,NY,AEA,EN,Combined TRACON& Tower with Radar,60,80,20,0,160,0,6,23,2,31,60,86,43,2,191,46,6,52,243
04/18/2014,SYR,NY,AEA,EN,Combined TRACON& Tower with Radar,55,77,10,2,144,0,0,31,0,31,55,77,41,2,175,12,0,12,187
04/19/2014,SYR,NY,AEA,EN,Combined TRACON& Tower with Radar,43,45,4,1,93,0,3,13,0,16,43,48,17,1,109,32,0,32,141
04/20/2014,SYR,NY,AEA,EN,Combined TRACON& Tower with Radar,41,50,12,0,103,0,2,22,0,24,41,52,34,0,127,20,0,20,147
04/21/2014,SYR,NY,AEA,EN,Combined TRACON& Tower with Radar,52,70,12,4,138,0,2,30,0,32,52,72,42,4,170,16,4,20,190
04/22/2014,SYR,NY,AEA,EN,Combined TRACON& Tower with Radar,57,84,14,0,155,0,0,4,0,4,57,84,18,0,159,0,0,0,159
04/23/2014,SYR,NY,AEA,EN,Combined TRACON& Tower with Radar,50,67,8,0,125,0,3,4,0,7,50,70,12,0,132,0,0,0,132
04/24/2014,SYR,NY,AEA,EN,Combined TRACON& Tower with Radar,59,83,21,3,166,0,2,27,3,32,59,85,48,6,198,24,16,40,238
04/25/2014,SYR,NY,AEA,EN,Combined TRACON& Tower with Radar,58,81,10,0,149,0,0,26,0,26,58,81,36,0,175,18,0,18,193
04/26/2014,SYR,NY,AEA,EN,Combined TRACON& Tower with Radar,43,53,13,0,109,0,0,5,0,5,43,53,18,0,114,22,4,26,140
04/27/2014,SYR,NY,AEA,EN,Combined TRACON& Tower with Radar,44,61,27,1,133,0,0,10,0,10,44,61,37,1,143,0,0,0,143
04/28/2014,SYR,NY,AEA,EN,Combined TRACON& Tower with Radar,56,79,13,12,160,0,1,37,0,38,56,80,50,12,198,20,6,26,224
04/29/2014,SYR,NY,AEA,EN,Combined TRACON& Tower with Radar,53,73,16,4,146,0,0,2,0,2,53,73,18,4,148,0,0,0,148
04/30/2014,SYR,NY,AEA,EN,Combined TRACON& Tower with Radar,54,78,30,2,164,0,0,3,0,3,54,78,33,2,167,34,0,34,201
05/01/2014,SYR,NY,AEA,EN,Combined TRACON& Tower with Radar,65,81,25,11,182,0,0,7,1,8,65,81,32,12,190,0,0,0,190
05/02/2014,SYR,NY,AEA,EN,Combined TRACON& Tower with Radar,55,83,18,0,156,0,2,14,1,17,55,85,32,1,173,0,0,0,173
05/03/2014,SYR,NY,AEA,EN,Combined TRACON& Tower with Radar,39,49,10,0,98,0,2,5,0,7,39,51,15,0,105,31,0,31,136
05/04/2014,SYR,NY,AEA,EN,Combined TRACON& Tower with Radar,47,67,14,0,128,0,0,5,0,5,47,67,19,0,133,0,0,0,133
05/05/2014,SYR,NY,AEA,EN,Combined TRACON& Tower with Radar,59,96,31,2,188,0,1,32,0,33,59,97,63,2,221,14,0,14,235
05/06/2014,SYR,NY,AEA,EN,Combined TRACON& Tower with Radar,69,82,28,7,186,0,2,41,1,44,69,84,69,8,230,0,0,0,230
05/07/2014,SYR,NY,AEA,EN,Combined TRACON& Tower with Radar,66,88,16,0,170,0,1,38,8,47,66,89,54,8,217,6,0,6,223
05/08/2014,SYR,NY,AEA,EN,Combined TRACON& Tower with Radar,72,85,26,4,187,0,0,20,0,20,72,85,46,4,207,62,14,76,283
05/09/2014,SYR,NY,AEA,EN,Combined TRACON& Tower with Radar,64,84,19,4,171,0,1,16,0,17,64,85,35,4,188,0,0,0,188
05/10/2014,SYR,NY,AEA,EN,Combined TRACON& Tower with Radar,40,55,21,0,116,0,0,7,0,7,40,55,28,0,123,0,0,0,123
05/11/2014,SYR,NY,AEA,EN,Combined TRACON& Tower with Radar,55,60,22,0,137,0,0,24,0,24,55,60,46,0,161,0,0,0,161
05/12/2014,SYR,NY,AEA,EN,Combined TRACON& Tower with Radar,61,65,16,4,146,0,2,20,4,26,61,67,36,8,172,0,0,0,172
05/13/2014,SYR,NY,AEA,EN,Combined TRACON& Tower with Radar,57,68,18,3,146,0,0,18,7,25,57,68,36,10,171,0,0,0,171
05/14/2014,SYR,NY,AEA,EN,Combined TRACON& Tower with Radar,72,71,20,2,165,0,0,33,0,33,72,71,53,2,198,10,0,10,208
05/15/2014,SYR,NY,AEA,EN,Combined TRACON& Tower with Radar,65,75,26,2,168,0,0,8,0,8,65,75,34,2,176,0,0,0,176
05/16/2014,SYR,NY,AEA,EN,Combined TRACON& Tower with Radar,63,75,25,0,163,0,1,2,0,3,63,76,27,0,166,0,0,0,166
05/17/2014,SYR,NY,AEA,EN,Combined TRACON& Tower with Radar,45,54,17,2,118,0,0,32,0,32,45,54,49,2,150,16,1,17,167
05/18/2014,SYR,NY,AEA,EN,Combined TRACON& Tower with Radar,52,55,18,0,125,0,0,21,0,21,52,55,39,0,146,0,0,0,146
05/19/2014,SYR,NY,AEA,EN,Combined TRACON& Tower with Radar,63,77,25,0,165,0,0,21,4,25,63,77,46,4,190,12,0,12,202
05/20/2014,SYR,NY,AEA,EN,Combined TRACON& Tower with Radar,69,72,23,1,165,0,2,41,3,46,69,74,64,4,211,0,0,0,211
05/21/2014,SYR,NY,AEA,EN,Combined TRACON& Tower with Radar,73,75,29,0,177,0,3,16,0,19,73,78,45,0,196,58,20,78,274
05/22/2014,SYR,NY,AEA,EN,Combined TRACON& Tower with Radar,67,81,27,6,181,0,1,8,0,9,67,82,35,6,190,0,0,0,190
05/23/2014,SYR,NY,AEA,EN,Combined TRACON& Tower with Radar,62,75,12,0,149,0,0,3,0,3,62,75,15,0,152,0,0,0,152
05/24/2014,SYR,NY,AEA,EN,Combined TRACON& Tower with Radar,46,49,12,0,107,0,0,11,0,11,46,49,23,0,118,0,0,0,118
05/25/2014,SYR,NY,AEA,EN,Combined TRACON& Tower with Radar,44,37,11,0,92,0,1,35,0,36,44,38,46,0,128,22,0,22,150
05/26/2014,SYR,NY,AEA,EN,Combined TRACON& Tower with Radar,56,54,8,0,118,0,0,24,0,24,56,54,32,0,142,13,0,13,155
05/27/2014,SYR,NY,AEA,EN,Combined TRACON& Tower with Radar,60,64,11,0,135,0,0,13,0,13,60,64,24,0,148,4,0,4,152
05/28/2014,SYR,NY,AEA,EN,Combined TRACON& Tower with Radar,71,73,18,5,167,0,2,11,0,13,71,75,29,5,180,0,0,0,180
05/29/2014,SYR,NY,AEA,EN,Combined TRACON& Tower with Radar,76,81,38,0,195,0,3,40,0,43,76,84,78,0,238,0,0,0,238
05/30/2014,SYR,NY,AEA,EN,Combined TRACON& Tower with Radar,64,82,12,0,158,0,3,35,0,38,64,85,47,0,196,0,0,0,196
05/31/2014,SYR,NY,AEA,EN,Combined TRACON& Tower with Radar,44,51,10,0,105,0,0,25,0,25,44,51,35,0,130,0,0,0,130
06/01/2014,SYR,NY,AEA,EN,Combined TRACON& Tower with Radar,55,63,7,0,125,0,7,35,0,42,55,70,42,0,167,0,0,0,167
06/02/2014,SYR,NY,AEA,EN,Combined TRACON& Tower with Radar,62,69,18,0,149,0,0,22,0,22,62,69,40,0,171,0,0,0,171
06/03/2014,SYR,NY,AEA,EN,Combined TRACON& Tower with Radar,72,73,29,0,174,0,1,12,0,13,72,74,41,0,187,8,0,8,195
06/04/2014,SYR,NY,AEA,EN,Combined TRACON& Tower with Radar,70,75,30,8,183,0,0,28,2,30,70,75,58,10,213,13,8,21,234
06/05/2014,SYR,NY,AEA,EN,Combined TRACON& Tower with Radar,69,82,27,1,179,0,1,29,2,32,69,83,56,3,211,30,0,30,241
06/06/2014,SYR,NY,AEA,EN,Combined TRACON& Tower with Radar,62,79,23,5,169,0,1,16,1,18,62,80,39,6,187,30,0,30,217
06/07/2014,SYR,NY,AEA,EN,Combined TRACON& Tower with Radar,45,49,8,2,104,0,1,37,1,39,45,50,45,3,143,30,0,30,173
06/08/2014,SYR,NY,AEA,EN,Combined TRACON& Tower with Radar,55,60,16,1,132,0,0,30,1,31,55,60,46,2,163,30,4,34,197
06/09/2014,SYR,NY,AEA,EN,Combined TRACON& Tower with Radar,59,68,25,2,154,0,1,19,0,20,59,69,44,2,174,40,0,40,214
06/10/2014,SYR,NY,AEA,EN,Combined TRACON& Tower with Radar,62,85,28,4,179,0,1,9,0,10,62,86,37,4,189,0,0,0,189
06/11/2014,SYR,NY,AEA,EN,Combined TRACON& Tower with Radar,54,78,14,0,146,0,0,1,2,3,54,78,15,2,149,0,0,0,149
06/12/2014,SYR,NY,AEA,EN,Combined TRACON& Tower with Radar,54,86,16,0,156,0,1,8,0,9,54,87,24,0,165,0,0,0,165
06/13/2014,SYR,NY,AEA,EN,Combined TRACON& Tower with Radar,48,77,8,0,133,0,0,7,0,7,48,77,15,0,140,0,0,0,140
06/14/2014,SYR,NY,AEA,EN,Combined TRACON& Tower with Radar,37,64,9,0,110,0,0,12,0,12,37,64,21,0,122,0,0,0,122
06/15/2014,SYR,NY,AEA,EN,Combined TRACON& Tower with Radar,52,69,24,0,145,0,0,29,0,29,52,69,53,0,174,0,0,0,174
06/16/2014,SYR,NY,AEA,EN,Combined TRACON& Tower with Radar,52,84,27,10,173,0,0,27,2,29,52,84,54,12,202,0,0,0,202
06/17/2014,SYR,NY,AEA,EN,Combined TRACON& Tower with Radar,55,79,21,5,160,0,3,14,1,18,55,82,35,6,178,30,4,34,212
06/18/2014,SYR,NY,AEA,EN,Combined TRACON& Tower with Radar,57,69,34,3,163,0,3,27,1,31,57,72,61,4,194,0,0,0,194
06/19/2014,SYR,NY,AEA,EN,Combined TRACON& Tower with Radar,51,71,16,0,138,0,0,31,0,31,51,71,47,0,169,0,0,0,169
06/20/2014,SYR,NY,AEA,EN,Combined TRACON& Tower with Radar,49,79,13,7,148,0,0,52,2,54,49,79,65,9,202,0,0,0,202
06/21/2014,SYR,NY,AEA,EN,Combined TRACON& Tower with Radar,35,58,8,4,105,0,1,41,5,47,35,59,49,9,152,125,54,179,331
06/22/2014,SYR,NY,AEA,EN,Combined TRACON& Tower with Radar,45,66,19,4,134,0,0,45,2,47,45,66,64,6,181,18,2,20,201
06/23/2014,SYR,NY,AEA,EN,Combined TRACON& Tower with Radar,52,84,8,5,149,0,0,32,13,45,52,84,40,18,194,18,10,28,222
06/24/2014,SYR,NY,AEA,EN,Combined TRACON& Tower with Radar,53,80,16,1,150,0,3,9,0,12,53,83,25,1,162,0,0,0,162
06/25/2014,SYR,NY,AEA,EN,Combined TRACON& Tower with Radar,57,80,22,0,159,0,0,1,0,1,57,80,23,0,160,14,0,14,174
06/26/2014,SYR,NY,AEA,EN,Combined TRACON& Tower with Radar,65,87,23,6,181,0,0,28,0,28,65,87,51,6,209,28,0,28,237
06/27/2014,SYR,NY,AEA,EN,Combined TRACON& Tower with Radar,47,87,17,2,153,0,2,70,0,72,47,89,87,2,225,0,0,0,225
06/28/2014,SYR,NY,AEA,EN,Combined TRACON& Tower with Radar,37,60,10,2,109,0,3,20,0,23,37,63,30,2,132,0,0,0,132
06/29/2014,SYR,NY,AEA,EN,Combined TRACON& Tower with Radar,42,68,18,2,130,0,0,31,0,31,42,68,49,2,161,9,0,9,170
06/30/2014,SYR,NY,AEA,EN,Combined TRACON& Tower with Radar,44,72,15,0,131,0,0,20,5,25,44,72,35,5,156,10,0,10,166
07/01/2014,SYR,NY,AEA,EN,Combined TRACON& Tower with Radar,53,71,9,0,133,0,0,24,1,25,53,71,33,1,158,0,0,0,158
07/02/2014,SYR,NY,AEA,EN,Combined TRACON& Tower with Radar,44,73,22,0,139,0,4,18,2,24,44,77,40,2,163,0,0,0,163
07/03/2014,SYR,NY,AEA,EN,Combined TRACON& Tower with Radar,43,78,16,0,137,0,0,8,0,8,43,78,24,0,145,6,0,6,151
07/04/2014,SYR,NY,AEA,EN,Combined TRACON& Tower with Radar,27,54,12,1,94,0,0,18,0,18,27,54,30,1,112,20,0,20,132
07/05/2014,SYR,NY,AEA,EN,Combined TRACON& Tower with Radar,32,52,13,1,98,0,2,18,0,20,32,54,31,1,118,0,0,0,118
07/06/2014,SYR,NY,AEA,EN,Combined TRACON& Tower with Radar,43,68,10,0,121,0,1,16,0,17,43,69,26,0,138,0,0,0,138
07/07/2014,SYR,NY,AEA,EN,Combined TRACON& Tower with Radar,42,74,15,6,137,0,0,6,1,7,42,74,21,7,144,0,0,0,144
07/08/2014,SYR,NY,AEA,EN,Combined TRACON& Tower with Radar,57,77,16,2,152,0,0,10,4,14,57,77,26,6,166,0,0,0,166
07/09/2014,SYR,NY,AEA,EN,Combined TRACON& Tower with Radar,50,76,15,2,143,0,0,24,0,24,50,76,39,2,167,0,0,0,167
07/10/2014,SYR,NY,AEA,EN,Combined TRACON& Tower with Radar,59,81,26,1,167,0,2,46,7,55,59,83,72,8,222,0,15,15,237
07/11/2014,SYR,NY,AEA,EN,Combined TRACON& Tower with Radar,53,81,23,0,157,0,0,63,0,63,53,81,86,0,220,27,0,27,247
07/12/2014,SYR,NY,AEA,EN,Combined TRACON& Tower with Radar,34,57,14,0,105,0,3,42,0,45,34,60,56,0,150,0,0,0,150
07/13/2014,SYR,NY,AEA,EN,Combined TRACON& Tower with Radar,41,62,17,0,120,0,0,5,0,5,41,62,22,0,125,0,0,0,125
07/14/2014,SYR,NY,AEA,EN,Combined TRACON& Tower with Radar,45,72,19,0,136,0,1,9,0,10,45,73,28,0,146,0,0,0,146
07/15/2014,SYR,NY,AEA,EN,Combined TRACON& Tower with Radar,54,75,14,11,154,0,0,1,0,1,54,75,15,11,155,0,0,0,155
07/16/2014,SYR,NY,AEA,EN,Combined TRACON& Tower with Radar,49,86,22,7,164,0,5,32,1,38,49,91,54,8,202,0,10,10,212
07/17/2014,SYR,NY,AEA,EN,Combined TRACON& Tower with Radar,61,81,44,4,190,0,0,31,6,37,61,81,75,10,227,30,0,30,257
07/18/2014,SYR,NY,AEA,EN,Combined TRACON& Tower with Radar,51,85,21,2,159,0,2,50,2,54,51,87,71,4,213,29,0,29,242
07/19/2014,SYR,NY,AEA,EN,Combined TRACON& Tower with Radar,33,64,20,0,117,0,1,29,0,30,33,65,49,0,147,22,0,22,169
07/20/2014,SYR,NY,AEA,EN,Combined TRACON& Tower with Radar,43,73,25,0,141,0,0,33,0,33,43,73,58,0,174,40,0,40,214
07/21/2014,SYR,NY,AEA,EN,Combined TRACON& Tower with Radar,48,85,32,6,171,0,0,31,0,31,48,85,63,6,202,60,0,60,262
07/22/2014,SYR,NY,AEA,EN,Combined TRACON& Tower with Radar,64,95,18,26,203,0,0,34,0,34,64,95,52,26,237,0,0,0,237
07/23/2014,SYR,NY,AEA,EN,Combined TRACON& Tower with Radar,60,95,19,1,175,0,0,9,4,13,60,95,28,5,188,24,0,24,212
07/24/2014,SYR,NY,AEA,EN,Combined TRACON& Tower with Radar,56,82,12,10,160,0,0,25,0,25,56,82,37,10,185,25,0,25,210
07/25/2014,SYR,NY,AEA,EN,Combined TRACON& Tower with Radar,51,92,29,2,174,0,5,57,2,64,51,97,86,4,238,118,0,118,356
07/26/2014,SYR,NY,AEA,EN,Combined TRACON& Tower with Radar,35,56,6,0,97,0,2,27,0,29,35,58,33,0,126,130,0,130,256
07/27/2014,SYR,NY,AEA,EN,Combined TRACON& Tower with Radar,43,64,19,0,126,0,0,12,0,12,43,64,31,0,138,0,0,0,138
07/28/2014,SYR,NY,AEA,EN,Combined TRACON& Tower with Radar,48,82,28,11,169,0,0,2,5,7,48,82,30,16,176,0,0,0,176
07/29/2014,SYR,NY,AEA,EN,Combined TRACON& Tower with Radar,56,84,17,2,159,0,1,21,2,24,56,85,38,4,183,0,0,0,183
07/30/2014,SYR,NY,AEA,EN,Combined TRACON& Tower with Radar,54,88,10,1,153,0,0,12,7,19,54,88,22,8,172,0,0,0,172
07/31/2014,SYR,NY,AEA,EN,Combined TRACON& Tower with Radar,57,83,20,1,161,0,0,13,1,14,57,83,33,2,175,28,0,28,203
08/01/2014,SYR,NY,AEA,EN,Combined TRACON& Tower with Radar,47,82,12,0,141,0,1,27,2,30,47,83,39,2,171,0,0,0,171
08/02/2014,SYR,NY,AEA,EN,Combined TRACON& Tower with Radar,38,59,15,0,112,0,0,20,0,20,38,59,35,0,132,0,0,0,132
08/03/2014,SYR,NY,AEA,EN,Combined TRACON& Tower with Radar,42,64,12,0,118,0,0,6,0,6,42,64,18,0,124,0,0,0,124
08/04/2014,SYR,NY,AEA,EN,Combined TRACON& Tower with Radar,44,84,16,8,152,0,0,19,1,20,44,84,35,9,172,26,0,26,198
08/05/2014,SYR,NY,AEA,EN,Combined TRACON& Tower with Radar,57,87,21,1,166,0,0,19,2,21,57,87,40,3,187,0,0,0,187
08/06/2014,SYR,NY,AEA,EN,Combined TRACON& Tower with Radar,56,91,21,0,168,0,0,23,2,25,56,91,44,2,193,0,0,0,193
08/07/2014,SYR,NY,AEA,EN,Combined TRACON& Tower with Radar,58,83,17,2,160,0,0,44,11,55,58,83,61,13,215,0,0,0,215
08/08/2014,SYR,NY,AEA,EN,Combined TRACON& Tower with Radar,48,84,14,0,146,0,4,41,3,48,48,88,55,3,194,0,0,0,194
08/09/2014,SYR,NY,AEA,EN,Combined TRACON& Tower with Radar,38,62,17,4,121,0,0,38,0,38,38,62,55,4,159,74,24,98,257
08/10/2014,SYR,NY,AEA,EN,Combined TRACON& Tower with Radar,39,63,13,1,116,0,0,33,0,33,39,63,46,1,149,28,16,44,193
08/11/2014,SYR,NY,AEA,EN,Combined TRACON& Tower with Radar,47,82,29,1,159,0,1,13,1,15,47,83,42,2,174,0,0,0,174
08/12/2014,SYR,NY,AEA,EN,Combined TRACON& Tower with Radar,53,83,18,0,154,0,0,4,0,4,53,83,22,0,158,0,0,0,158
08/13/2014,SYR,NY,AEA,EN,Combined TRACON& Tower with Radar,52,89,22,5,168,0,0,16,2,18,52,89,38,7,186,0,0,0,186
08/14/2014,SYR,NY,AEA,EN,Combined TRACON& Tower with Radar,55,87,19,2,163,0,1,18,0,19,55,88,37,2,182,8,0,8,190
08/15/2014,SYR,NY,AEA,EN,Combined TRACON& Tower with Radar,51,85,14,0,150,0,1,17,0,18,51,86,31,0,168,0,0,0,168
08/16/2014,SYR,NY,AEA,EN,Combined TRACON& Tower with Radar,36,59,11,0,106,0,0,34,2,36,36,59,45,2,142,0,0,0,142
08/17/2014,SYR,NY,AEA,EN,Combined TRACON& Tower with Radar,38,66,20,0,124,0,0,18,0,18,38,66,38,0,142,6,0,6,148
08/18/2014,SYR,NY,AEA,EN,Combined TRACON& Tower with Radar,51,76,19,1,147,0,1,32,5,38,51,77,51,6,185,8,0,8,193
08/19/2014,SYR,NY,AEA,EN,Combined TRACON& Tower with Radar,59,86,33,5,183,0,0,44,3,47,59,86,77,8,230,0,0,0,230
08/20/2014,SYR,NY,AEA,EN,Combined TRACON& Tower with Radar,59,94,19,1,173,0,2,21,1,24,59,96,40,2,197,0,0,0,197
08/21/2014,SYR,NY,AEA,EN,Combined TRACON& Tower with Radar,62,78,23,0,163,0,0,10,2,12,62,78,33,2,175,7,0,7,182
08/22/2014,SYR,NY,AEA,EN,Combined TRACON& Tower with Radar,60,82,33,1,176,0,1,15,2,18,60,83,48,3,194,0,0,0,194
08/23/2014,SYR,NY,AEA,EN,Combined TRACON& Tower with Radar,42,55,20,0,117,0,1,8,0,9,42,56,28,0,126,4,0,4,130
08/24/2014,SYR,NY,AEA,EN,Combined TRACON& Tower with Radar,49,61,12,0,122,0,0,29,0,29,49,61,41,0,151,0,0,0,151
08/25/2014,SYR,NY,AEA,EN,Combined TRACON& Tower with Radar,56,74,15,5,150,0,2,33,7,42,56,76,48,12,192,0,0,0,192
08/26/2014,SYR,NY,AEA,EN,Combined TRACON& Tower with Radar,57,76,10,2,145,0,3,36,2,41,57,79,46,4,186,0,0,0,186
08/27/2014,SYR,NY,AEA,EN,Combined TRACON& Tower with Radar,64,85,21,1,171,0,2,23,4,29,64,87,44,5,200,6,0,6,206
08/28/2014,SYR,NY,AEA,EN,Combined TRACON& Tower with Radar,60,79,35,29,203,0,0,21,0,21,60,79,56,29,224,14,26,40,264
08/29/2014,SYR,NY,AEA,EN,Combined TRACON& Tower with Radar,62,77,18,1,158,0,0,32,0,32,62,77,50,1,190,0,0,0,190
08/30/2014,SYR,NY,AEA,EN,Combined TRACON& Tower with Radar,38,49,13,0,100,0,1,27,0,28,38,50,40,0,128,0,0,0,128
08/31/2014,SYR,NY,AEA,EN,Combined TRACON& Tower with Radar,39,40,15,0,94,0,0,1,0,1,39,40,16,0,95,0,0,0,95
09/01/2014,SYR,NY,AEA,EN,Combined TRACON& Tower with Radar,54,63,13,0,130,0,1,14,0,15,54,64,27,0,145,3,0,3,148
09/02/2014,SYR,NY,AEA,EN,Combined TRACON& Tower with Radar,52,69,16,0,137,0,0,4,0,4,52,69,20,0,141,26,0,26,167
09/03/2014,SYR,NY,AEA,EN,Combined TRACON& Tower with Radar,63,72,17,1,153,0,0,27,5,32,63,72,44,6,185,0,0,0,185
09/04/2014,SYR,NY,AEA,EN,Combined TRACON& Tower with Radar,58,68,24,3,153,0,2,23,1,26,58,70,47,4,179,0,0,0,179
09/05/2014,SYR,NY,AEA,EN,Combined TRACON& Tower with Radar,63,63,7,5,138,0,0,22,0,22,63,63,29,5,160,0,0,0,160
09/06/2014,SYR,NY,AEA,EN,Combined TRACON& Tower with Radar,43,38,14,3,98,0,0,9,1,10,43,38,23,4,108,0,0,0,108
09/07/2014,SYR,NY,AEA,EN,Combined TRACON& Tower with Radar,49,54,23,0,126,0,3,22,1,26,49,57,45,1,152,32,0,32,184
09/08/2014,SYR,NY,AEA,EN,Combined TRACON& Tower with Radar,62,73,19,0,154,0,0,30,0,30,62,73,49,0,184,6,0,6,190
09/09/2014,SYR,NY,AEA,EN,Combined TRACON& Tower with Radar,65,76,19,2,162,0,1,19,6,26,65,77,38,8,188,0,0,0,188
09/10/2014,SYR,NY,AEA,EN,Combined TRACON& Tower with Radar,61,73,17,2,153,0,0,15,0,15,61,73,32,2,168,0,0,0,168
09/11/2014,SYR,NY,AEA,EN,Combined TRACON& Tower with Radar,63,78,18,0,159,0,2,2,0,4,63,80,20,0,163,16,0,16,179
09/12/2014,SYR,NY,AEA,EN,Combined TRACON& Tower with Radar,66,70,21,0,157,0,0,12,0,12,66,70,33,0,169,0,0,0,169
09/13/2014,SYR,NY,AEA,EN,Combined TRACON& Tower with Radar,47,40,19,0,106,0,1,5,0,6,47,41,24,0,112,0,0,0,112
09/14/2014,SYR,NY,AEA,EN,Combined TRACON& Tower with Radar,51,55,11,0,117,0,0,28,0,28,51,55,39,0,145,0,0,0,145
09/15/2014,SYR,NY,AEA,EN,Combined TRACON& Tower with Radar,63,67,23,2,155,0,1,17,2,20,63,68,40,4,175,0,0,0,175
09/16/2014,SYR,NY,AEA,EN,Combined TRACON& Tower with Radar,63,77,29,4,173,0,0,1,1,2,63,77,30,5,175,0,0,0,175
09/17/2014,SYR,NY,AEA,EN,Combined TRACON& Tower with Radar,61,81,20,4,166,0,2,13,3,18,61,83,33,7,184,0,0,0,184
09/18/2014,SYR,NY,AEA,EN,Combined TRACON& Tower with Radar,68,78,25,4,175,0,0,5,2,7,68,78,30,6,182,0,0,0,182
09/19/2014,SYR,NY,AEA,EN,Combined TRACON& Tower with Radar,67,70,26,0,163,0,0,29,0,29,67,70,55,0,192,0,0,0,192
09/20/2014,SYR,NY,AEA,EN,Combined TRACON& Tower with Radar,43,44,8,0,95,0,0,3,0,3,43,44,11,0,98,0,0,0,98
09/21/2014,SYR,NY,AEA,EN,Combined TRACON& Tower with Radar,54,53,16,0,123,0,0,0,0,0,54,53,16,0,123,0,0,0,123
09/22/2014,SYR,NY,AEA,EN,Combined TRACON& Tower with Radar,63,66,15,0,144,0,0,1,0,1,63,66,16,0,145,0,0,0,145
09/23/2014,SYR,NY,AEA,EN,Combined TRACON& Tower with Radar,59,82,23,0,164,0,4,20,2,26,59,86,43,2,190,0,0,0,190
09/24/2014,SYR,NY,AEA,EN,Combined TRACON& Tower with Radar,66,74,17,5,162,0,2,37,1,40,66,76,54,6,202,0,0,0,202
09/25/2014,SYR,NY,AEA,EN,Combined TRACON& Tower with Radar,69,74,27,20,190,0,0,23,1,24,69,74,50,21,214,4,16,20,234
09/26/2014,SYR,NY,AEA,EN,Combined TRACON& Tower with Radar,56,65,15,5,141,0,3,26,3,32,56,68,41,8,173,0,0,0,173
09/27/2014,SYR,NY,AEA,EN,Combined TRACON& Tower with Radar,36,42,18,1,97,1,0,32,2,35,37,42,50,3,132,10,0,10,142
09/28/2014,SYR,NY,AEA,EN,Combined TRACON& Tower with Radar,46,49,28,0,123,0,0,14,0,14,46,49,42,0,137,8,0,8,145
09/29/2014,SYR,NY,AEA,EN,Combined TRACON& Tower with Radar,69,90,27,0,186,0,0,26,0,26,69,90,53,0,212,12,0,12,224
09/30/2014,SYR,NY,AEA,EN,Combined TRACON& Tower with Radar,65,79,20,2,166,0,0,9,0,9,65,79,29,2,175,0,0,0,175
10/01/2014,SYR,NY,AEA,EN,Combined TRACON& Tower with Radar,68,104,23,2,197,0,0,31,0,31,68,104,54,2,228,0,0,0,228
10/02/2014,SYR,NY,AEA,EN,Combined TRACON& Tower with Radar,69,77,24,0,170,0,1,19,0,20,69,78,43,0,190,0,0,0,190
10/03/2014,SYR,NY,AEA,EN,Combined TRACON& Tower with Radar,62,77,38,1,178,0,0,8,0,8,62,77,46,1,186,0,0,0,186
10/04/2014,SYR,NY,AEA,EN,Combined TRACON& Tower with Radar,53,46,7,0,106,0,0,0,0,0,53,46,7,0,106,0,0,0,106
10/05/2014,SYR,NY,AEA,EN,Combined TRACON& Tower with Radar,52,55,15,0,122,0,0,14,0,14,52,55,29,0,136,0,0,0,136
10/06/2014,SYR,NY,AEA,EN,Combined TRACON& Tower with Radar,66,82,12,0,160,0,0,9,4,13,66,82,21,4,173,0,0,0,173
10/07/2014,SYR,NY,AEA,EN,Combined TRACON& Tower with Radar,65,76,22,19,182,0,1,8,0,9,65,77,30,19,191,6,14,20,211
10/08/2014,SYR,NY,AEA,EN,Combined TRACON& Tower with Radar,66,80,24,22,192,0,0,1,5,6,66,80,25,27,198,0,16,16,214
10/09/2014,SYR,NY,AEA,EN,Combined TRACON& Tower with Radar,68,72,22,16,178,0,5,24,43,72,68,77,46,59,250,0,0,0,250
10/10/2014,SYR,NY,AEA,EN,Combined TRACON& Tower with Radar,67,75,29,1,172,0,2,27,0,29,67,77,56,1,201,0,0,0,201
10/11/2014,SYR,NY,AEA,EN,Combined TRACON& Tower with Radar,48,46,14,1,109,0,0,26,0,26,48,46,40,1,135,0,0,0,135
10/12/2014,SYR,NY,AEA,EN,Combined TRACON& Tower with Radar,53,49,26,0,128,0,4,34,0,38,53,53,60,0,166,0,0,0,166
10/13/2014,SYR,NY,AEA,EN,Combined TRACON& Tower with Radar,64,70,23,0,157,0,1,12,0,13,64,71,35,0,170,0,0,0,170
10/14/2014,SYR,NY,AEA,EN,Combined TRACON& Tower with Radar,72,78,17,4,171,0,0,7,0,7,72,78,24,4,178,0,0,0,178
10/15/2014,SYR,NY,AEA,EN,Combined TRACON& Tower with Radar,65,74,13,2,154,0,1,6,0,7,65,75,19,2,161,0,0,0,161
10/16/2014,SYR,NY,AEA,EN,Combined TRACON& Tower with Radar,67,80,20,2,169,0,1,10,0,11,67,81,30,2,180,0,0,0,180
10/17/2014,SYR,NY,AEA,EN,Combined TRACON& Tower with Radar,65,71,19,0,155,0,0,16,0,16,65,71,35,0,171,20,0,20,191
10/18/2014,SYR,NY,AEA,EN,Combined TRACON& Tower with Radar,51,45,7,0,103,0,0,1,0,1,51,45,8,0,104,0,0,0,104
10/19/2014,SYR,NY,AEA,EN,Combined TRACON& Tower with Radar,54,52,13,1,120,0,0,4,0,4,54,52,17,1,124,0,0,0,124
10/20/2014,SYR,NY,AEA,EN,Combined TRACON& Tower with Radar,65,69,22,3,159,0,0,22,2,24,65,69,44,5,183,14,0,14,197
10/21/2014,SYR,NY,AEA,EN,Combined TRACON& Tower with Radar,68,72,27,4,171,0,0,2,0,2,68,72,29,4,173,0,0,0,173
10/22/2014,SYR,NY,AEA,EN,Combined TRACON& Tower with Radar,63,69,24,6,162,0,0,7,0,7,63,69,31,6,169,0,0,0,169
10/23/2014,SYR,NY,AEA,EN,Combined TRACON& Tower with Radar,66,72,39,9,186,0,0,7,1,8,66,72,46,10,194,0,0,0,194
10/24/2014,SYR,NY,AEA,EN,Combined TRACON& Tower with Radar,71,76,19,2,168,0,0,15,0,15,71,76,34,2,183,0,0,0,183
10/25/2014,SYR,NY,AEA,EN,Combined TRACON& Tower with Radar,43,53,10,0,106,0,1,16,0,17,43,54,26,0,123,0,0,0,123
10/26/2014,SYR,NY,AEA,EN,Combined TRACON& Tower with Radar,52,53,19,0,124,0,0,1,0,1,52,53,20,0,125,0,0,0,125
10/27/2014,SYR,NY,AEA,EN,Combined TRACON& Tower with Radar,62,70,10,14,156,0,0,27,2,29,62,70,37,16,185,4,14,18,203
10/28/2014,SYR,NY,AEA,EN,Combined TRACON& Tower with Radar,58,82,24,2,166,0,1,18,0,19,58,83,42,2,185,0,0,0,185
10/29/2014,SYR,NY,AEA,EN,Combined TRACON& Tower with Radar,68,69,13,40,190,0,0,24,2,26,68,69,37,42,216,0,0,0,216
10/30/2014,SYR,NY,AEA,EN,Combined TRACON& Tower with Radar,62,71,30,2,165,0,0,15,0,15,62,71,45,2,180,10,6,16,196
10/31/2014,SYR,NY,AEA,EN,Combined TRACON& Tower with Radar,55,59,11,0,125,0,0,15,0,15,55,59,26,0,140,0,0,0,140
11/01/2014,SYR,NY,AEA,EN,Combined TRACON& Tower with Radar,47,44,11,0,102,0,0,2,0,2,47,44,13,0,104,0,0,0,104
11/02/2014,SYR,NY,AEA,EN,Combined TRACON& Tower with Radar,51,55,15,0,121,0,0,6,0,6,51,55,21,0,127,0,0,0,127
11/03/2014,SYR,NY,AEA,EN,Combined TRACON& Tower with Radar,62,66,17,5,150,0,1,9,7,17,62,67,26,12,167,0,0,0,167
11/04/2014,SYR,NY,AEA,EN,Combined TRACON& Tower with Radar,64,63,19,2,148,0,0,28,0,28,64,63,47,2,176,0,0,0,176
11/05/2014,SYR,NY,AEA,EN,Combined TRACON& Tower with Radar,65,69,22,85,241,0,0,11,56,67,65,69,33,141,308,10,52,62,370
11/06/2014,SYR,NY,AEA,EN,Combined TRACON& Tower with Radar,61,80,28,0,169,0,0,16,1,17,61,80,44,1,186,0,0,0,186
11/07/2014,SYR,NY,AEA,EN,Combined TRACON& Tower with Radar,61,76,12,2,151,0,1,2,0,3,61,77,14,2,154,0,0,0,154
11/08/2014,SYR,NY,AEA,EN,Combined TRACON& Tower with Radar,50,46,10,0,106,0,2,20,0,22,50,48,30,0,128,14,0,14,142
11/09/2014,SYR,NY,AEA,EN,Combined TRACON& Tower with Radar,51,57,19,0,127,0,0,22,0,22,51,57,41,0,149,0,0,0,149
11/10/2014,SYR,NY,AEA,EN,Combined TRACON& Tower with Radar,60,66,19,2,147,0,0,14,2,16,60,66,33,4,163,0,0,0,163
11/11/2014,SYR,NY,AEA,EN,Combined TRACON& Tower with Radar,65,70,27,0,162,0,0,34,0,34,65,70,61,0,196,0,0,0,196
11/12/2014,SYR,NY,AEA,EN,Combined TRACON& Tower with Radar,63,67,20,12,162,0,0,1,2,3,63,67,21,14,165,0,0,0,165
11/13/2014,SYR,NY,AEA,EN,Combined TRACON& Tower with Radar,65,76,34,0,175,0,2,5,0,7,65,78,39,0,182,0,0,0,182
11/14/2014,SYR,NY,AEA,EN,Combined TRACON& Tower with Radar,61,73,12,2,148,0,0,0,0,0,61,73,12,2,148,0,0,0,148
11/15/2014,SYR,NY,AEA,EN,Combined TRACON& Tower with Radar,49,43,11,0,103,0,0,10,0,10,49,43,21,0,113,28,0,28,141
11/16/2014,SYR,NY,AEA,EN,Combined TRACON& Tower with Radar,50,53,11,0,114,0,1,15,0,16,50,54,26,0,130,0,0,0,130
11/17/2014,SYR,NY,AEA,EN,Combined TRACON& Tower with Radar,59,69,12,3,143,0,0,0,0,0,59,69,12,3,143,0,0,0,143
11/18/2014,SYR,NY,AEA,EN,Combined TRACON& Tower with Radar,63,75,15,1,154,0,0,4,0,4,63,75,19,1,158,0,0,0,158
11/19/2014,SYR,NY,AEA,EN,Combined TRACON& Tower with Radar,66,82,23,2,173,0,0,8,0,8,66,82,31,2,181,0,0,0,181
11/20/2014,SYR,NY,AEA,EN,Combined TRACON& Tower with Radar,68,82,20,4,174,0,0,2,0,2,68,82,22,4,176,0,0,0,176
11/21/2014,SYR,NY,AEA,EN,Combined TRACON& Tower with Radar,64,79,29,0,172,0,0,4,0,4,64,79,33,0,176,0,0,0,176
11/22/2014,SYR,NY,AEA,EN,Combined TRACON& Tower with Radar,56,44,8,0,108,0,1,17,0,18,56,45,25,0,126,38,0,38,164
11/23/2014,SYR,NY,AEA,EN,Combined TRACON& Tower with Radar,46,45,9,0,100,0,1,6,0,7,46,46,15,0,107,0,0,0,107
11/24/2014,SYR,NY,AEA,EN,Combined TRACON& Tower with Radar,56,57,7,0,120,0,0,7,0,7,56,57,14,0,127,0,0,0,127
11/25/2014,SYR,NY,AEA,EN,Combined TRACON& Tower with Radar,64,76,28,0,168,0,0,25,0,25,64,76,53,0,193,48,0,48,241
11/26/2014,SYR,NY,AEA,EN,Combined TRACON& Tower with Radar,65,77,2,0,144,0,0,2,0,2,65,77,4,0,146,0,0,0,146
11/27/2014,SYR,NY,AEA,EN,Combined TRACON& Tower with Radar,40,22,0,0,62,0,0,0,0,0,40,22,0,0,62,0,0,0,62
11/28/2014,SYR,NY,AEA,EN,Combined TRACON& Tower with Radar,46,34,8,0,88,0,0,0,0,0,46,34,8,0,88,0,0,0,88
11/29/2014,SYR,NY,AEA,EN,Combined TRACON& Tower with Radar,58,59,8,0,125,0,2,10,0,12,58,61,18,0,137,8,0,8,145
11/30/2014,SYR,NY,AEA,EN,Combined TRACON& Tower with Radar,49,68,14,0,131,0,0,1,0,1,49,68,15,0,132,0,0,0,132
12/01/2014,SYR,NY,AEA,EN,Combined TRACON& Tower with Radar,64,73,16,0,153,0,0,6,0,6,64,73,22,0,159,0,0,0,159
12/02/2014,SYR,NY,AEA,EN,Combined TRACON& Tower with Radar,61,75,37,3,176,0,1,20,1,22,61,76,57,4,198,0,0,0,198
12/03/2014,SYR,NY,AEA,EN,Combined TRACON& Tower with Radar,60,70,14,0,144,0,0,0,0,0,60,70,14,0,144,0,0,0,144
12/04/2014,SYR,NY,AEA,EN,Combined TRACON& Tower with Radar,60,71,21,4,156,0,0,7,2,9,60,71,28,6,165,16,0,16,181
12/05/2014,SYR,NY,AEA,EN,Combined TRACON& Tower with Radar,58,57,21,2,138,0,0,17,0,17,58,57,38,2,155,0,0,0,155
12/06/2014,SYR,NY,AEA,EN,Combined TRACON& Tower with Radar,42,45,6,0,93,0,0,0,0,0,42,45,6,0,93,0,0,0,93
12/07/2014,SYR,NY,AEA,EN,Combined TRACON& Tower with Radar,45,46,13,0,104,0,0,31,0,31,45,46,44,0,135,0,0,0,135
12/08/2014,SYR,NY,AEA,EN,Combined TRACON& Tower with Radar,54,64,18,3,139,0,0,14,1,15,54,64,32,4,154,12,0,12,166
12/09/2014,SYR,NY,AEA,EN,Combined TRACON& Tower with Radar,56,62,12,8,138,0,0,3,0,3,56,62,15,8,141,0,0,0,141
12/10/2014,SYR,NY,AEA,EN,Combined TRACON& Tower with Radar,51,42,7,0,100,0,0,0,0,0,51,42,7,0,100,0,0,0,100
12/11/2014,SYR,NY,AEA,EN,Combined TRACON& Tower with Radar,62,66,10,1,139,0,0,0,0,0,62,66,10,1,139,0,0,0,139
12/12/2014,SYR,NY,AEA,EN,Combined TRACON& Tower with Radar,63,73,12,0,148,0,0,4,0,4,63,73,16,0,152,0,0,0,152
12/13/2014,SYR,NY,AEA,EN,Combined TRACON& Tower with Radar,43,46,2,0,91,0,0,2,0,2,43,46,4,0,93,6,0,6,99
12/14/2014,SYR,NY,AEA,EN,Combined TRACON& Tower with Radar,43,44,5,0,92,0,0,0,0,0,43,44,5,0,92,0,0,0,92
12/15/2014,SYR,NY,AEA,EN,Combined TRACON& Tower with Radar,55,71,20,1,147,0,0,1,0,1,55,71,21,1,148,0,0,0,148
12/16/2014,SYR,NY,AEA,EN,Combined TRACON& Tower with Radar,64,66,24,0,154,0,0,0,2,2,64,66,24,2,156,0,0,0,156
12/17/2014,SYR,NY,AEA,EN,Combined TRACON& Tower with Radar,65,66,18,0,149,0,0,1,0,1,65,66,19,0,150,0,0,0,150
12/18/2014,SYR,NY,AEA,EN,Combined TRACON& Tower with Radar,59,60,20,0,139,0,0,2,0,2,59,60,22,0,141,0,0,0,141
12/19/2014,SYR,NY,AEA,EN,Combined TRACON& Tower with Radar,68,66,20,0,154,0,0,1,0,1,68,66,21,0,155,0,0,0,155
12/20/2014,SYR,NY,AEA,EN,Combined TRACON& Tower with Radar,54,54,15,0,123,0,0,12,0,12,54,54,27,0,135,0,0,0,135
12/21/2014,SYR,NY,AEA,EN,Combined TRACON& Tower with Radar,51,62,20,0,133,0,0,7,0,7,51,62,27,0,140,0,0,0,140
12/22/2014,SYR,NY,AEA,EN,Combined TRACON& Tower with Radar,59,63,16,0,138,0,0,16,0,16,59,63,32,0,154,0,0,0,154
12/23/2014,SYR,NY,AEA,EN,Combined TRACON& Tower with Radar,65,64,10,0,139,0,0,3,0,3,65,64,13,0,142,0,0,0,142
12/24/2014,SYR,NY,AEA,EN,Combined TRACON& Tower with Radar,52,42,6,0,100,0,0,0,0,0,52,42,6,0,100,0,0,0,100
12/25/2014,SYR,NY,AEA,EN,Combined TRACON& Tower with Radar,41,31,3,0,75,0,1,2,0,3,41,32,5,0,78,0,0,0,78
12/26/2014,SYR,NY,AEA,EN,Combined TRACON& Tower with Radar,57,62,21,0,140,0,4,28,0,32,57,66,49,0,172,0,0,0,172
12/27/2014,SYR,NY,AEA,EN,Combined TRACON& Tower with Radar,49,53,17,0,119,0,1,28,2,31,49,54,45,2,150,0,0,0,150
12/28/2014,SYR,NY,AEA,EN,Combined TRACON& Tower with Radar,44,61,15,0,120,0,0,5,0,5,44,61,20,0,125,20,0,20,145
12/29/2014,SYR,NY,AEA,EN,Combined TRACON& Tower with Radar,52,56,11,0,119,0,0,2,4,6,52,56,13,4,125,0,0,0,125
12/30/2014,SYR,NY,AEA,EN,Combined TRACON& Tower with Radar,61,55,12,0,128,0,0,8,0,8,61,55,20,0,136,0,0,0,136
12/31/2014,SYR,NY,AEA,EN,Combined TRACON& Tower with Radar,56,47,10,0,113,0,0,3,0,3,56,47,13,0,116,0,0,0,116
01/01/2015,SYR,NY,AEA,EN,Combined TRACON& Tower with Radar,35,36,12,0,83,0,0,2,0,2,35,36,14,0,85,10,0,10,95
01/02/2015,SYR,NY,AEA,EN,Combined TRACON& Tower with Radar,56,59,5,0,120,0,0,0,0,0,56,59,5,0,120,0,0,0,120
01/03/2015,SYR,NY,AEA,EN,Combined TRACON& Tower with Radar,49,53,15,0,117,0,0,12,0,12,49,53,27,0,129,0,0,0,129
01/04/2015,SYR,NY,AEA,EN,Combined TRACON& Tower with Radar,50,44,8,2,104,0,0,1,0,1,50,44,9,2,105,0,0,0,105
01/05/2015,SYR,NY,AEA,EN,Combined TRACON& Tower with Radar,57,50,14,0,121,0,0,0,0,0,57,50,14,0,121,0,0,0,121
01/06/2015,SYR,NY,AEA,EN,Combined TRACON& Tower with Radar,50,57,17,0,124,0,0,1,0,1,50,57,18,0,125,0,0,0,125
01/07/2015,SYR,NY,AEA,EN,Combined TRACON& Tower with Radar,50,67,4,0,121,0,0,0,0,0,50,67,4,0,121,0,0,0,121
01/08/2015,SYR,NY,AEA,EN,Combined TRACON& Tower with Radar,60,68,23,0,151,0,0,9,2,11,60,68,32,2,162,0,0,0,162
01/09/2015,SYR,NY,AEA,EN,Combined TRACON& Tower with Radar,54,76,14,0,144,0,0,3,0,3,54,76,17,0,147,0,0,0,147
01/10/2015,SYR,NY,AEA,EN,Combined TRACON& Tower with Radar,40,49,12,0,101,0,1,21,1,23,40,50,33,1,124,0,0,0,124
01/11/2015,SYR,NY,AEA,EN,Combined TRACON& Tower with Radar,41,53,28,0,122,0,0,25,0,25,41,53,53,0,147,0,0,0,147
01/12/2015,SYR,NY,AEA,EN,Combined TRACON& Tower with Radar,43,67,12,0,122,0,0,0,0,0,43,67,12,0,122,0,0,0,122
01/13/2015,SYR,NY,AEA,EN,Combined TRACON& Tower with Radar,54,61,22,2,139,0,1,13,0,14,54,62,35,2,153,0,0,0,153
01/14/2015,SYR,NY,AEA,EN,Combined TRACON& Tower with Radar,55,63,20,6,144,0,0,18,4,22,55,63,38,10,166,6,0,6,172
01/15/2015,SYR,NY,AEA,EN,Combined TRACON& Tower with Radar,53,67,24,4,148,0,0,14,0,14,53,67,38,4,162,0,0,0,162
01/16/2015,SYR,NY,AEA,EN,Combined TRACON& Tower with Radar,56,67,8,0,131,0,0,2,0,2,56,67,10,0,133,0,0,0,133
01/17/2015,SYR,NY,AEA,EN,Combined TRACON& Tower with Radar,37,40,10,0,87,0,4,14,0,18,37,44,24,0,105,0,0,0,105
01/18/2015,SYR,NY,AEA,EN,Combined TRACON& Tower with Radar,41,37,12,1,91,0,0,6,0,6,41,37,18,1,97,0,0,0,97
01/19/2015,SYR,NY,AEA,EN,Combined TRACON& Tower with Radar,50,60,13,1,124,0,0,2,0,2,50,60,15,1,126,0,0,0,126
01/20/2015,SYR,NY,AEA,EN,Combined TRACON& Tower with Radar,52,69,12,0,133,0,1,7,2,10,52,70,19,2,143,0,0,0,143
01/21/2015,SYR,NY,AEA,EN,Combined TRACON& Tower with Radar,53,61,18,4,136,0,0,14,0,14,53,61,32,4,150,0,0,0,150
01/22/2015,SYR,NY,AEA,EN,Combined TRACON& Tower with Radar,53,74,29,1,157,0,0,4,1,5,53,74,33,2,162,12,0,12,174
01/23/2015,SYR,NY,AEA,EN,Combined TRACON& Tower with Radar,55,66,20,0,141,0,0,16,0,16,55,66,36,0,157,24,0,24,181
01/24/2015,SYR,NY,AEA,EN,Combined TRACON& Tower with Radar,39,54,16,0,109,0,0,9,0,9,39,54,25,0,118,0,0,0,118
01/25/2015,SYR,NY,AEA,EN,Combined TRACON& Tower with Radar,41,54,17,0,112,0,0,22,0,22,41,54,39,0,134,0,0,0,134
01/26/2015,SYR,NY,AEA,EN,Combined TRACON& Tower with Radar,43,55,7,0,105,0,0,2,0,2,43,55,9,0,107,0,0,0,107
01/27/2015,SYR,NY,AEA,EN,Combined TRACON& Tower with Radar,37,34,11,2,84,0,1,10,0,11,37,35,21,2,95,0,0,0,95
01/28/2015,SYR,NY,AEA,EN,Combined TRACON& Tower with Radar,57,62,17,2,138,0,0,33,2,35,57,62,50,4,173,24,6,30,203
01/29/2015,SYR,NY,AEA,EN,Combined TRACON& Tower with Radar,55,72,19,0,146,0,1,13,0,14,55,73,32,0,160,26,0,26,186
01/30/2015,SYR,NY,AEA,EN,Combined TRACON& Tower with Radar,53,64,4,2,123,0,0,0,0,0,53,64,4,2,123,0,0,0,123
01/31/2015,SYR,NY,AEA,EN,Combined TRACON& Tower with Radar,35,48,8,0,91,0,0,26,0,26,35,48,34,0,117,0,0,0,117
02/01/2015,SYR,NY,AEA,EN,Combined TRACON& Tower with Radar,35,40,12,0,87,0,0,5,0,5,35,40,17,0,92,16,0,16,108
02/02/2015,SYR,NY,AEA,EN,Combined TRACON& Tower with Radar,28,45,2,0,75,0,0,0,0,0,28,45,2,0,75,0,0,0,75
02/03/2015,SYR,NY,AEA,EN,Combined TRACON& Tower with Radar,48,50,14,0,112,0,0,5,0,5,48,50,19,0,117,0,0,0,117
02/04/2015,SYR,NY,AEA,EN,Combined TRACON& Tower with Radar,59,72,23,0,154,0,0,4,0,4,59,72,27,0,158,0,0,0,158
02/05/2015,SYR,NY,AEA,EN,Combined TRACON& Tower with Radar,54,71,16,3,144,0,2,5,0,7,54,73,21,3,151,0,0,0,151
02/06/2015,SYR,NY,AEA,EN,Combined TRACON& Tower with Radar,56,65,15,1,137,0,0,6,0,6,56,65,21,1,143,0,0,0,143
02/07/2015,SYR,NY,AEA,EN,Combined TRACON& Tower with Radar,39,40,7,0,86,0,0,0,0,0,39,40,7,0,86,0,0,0,86
02/08/2015,SYR,NY,AEA,EN,Combined TRACON& Tower with Radar,41,41,7,2,91,0,0,0,0,0,41,41,7,2,91,0,0,0,91
02/09/2015,SYR,NY,AEA,EN,Combined TRACON& Tower with Radar,39,46,10,0,95,0,0,0,0,0,39,46,10,0,95,0,0,0,95
02/10/2015,SYR,NY,AEA,EN,Combined TRACON& Tower with Radar,53,62,19,0,134,0,0,1,0,1,53,62,20,0,135,0,0,0,135
02/11/2015,SYR,NY,AEA,EN,Combined TRACON& Tower with Radar,56,74,21,2,153,0,3,16,0,19,56,77,37,2,172,0,0,0,172
02/12/2015,SYR,NY,AEA,EN,Combined TRACON& Tower with Radar,53,76,17,0,146,0,0,0,0,0,53,76,17,0,146,0,0,0,146
02/13/2015,SYR,NY,AEA,EN,Combined TRACON& Tower with Radar,58,78,18,0,154,0,0,8,0,8,58,78,26,0,162,10,0,10,172
02/14/2015,SYR,NY,AEA,EN,Combined TRACON& Tower with Radar,33,50,5,0,88,0,0,0,0,0,33,50,5,0,88,0,0,0,88
02/15/2015,SYR,NY,AEA,EN,Combined TRACON& Tower with Radar,33,29,6,1,69,0,0,0,0,0,33,29,6,1,69,0,0,0,69
02/16/2015,SYR,NY,AEA,EN,Combined TRACON& Tower with Radar,53,50,10,2,115,0,0,5,3,8,53,50,15,5,123,0,0,0,123
02/17/2015,SYR,NY,AEA,EN,Combined TRACON& Tower with Radar,65,62,22,0,149,0,3,14,0,17,65,65,36,0,166,0,0,0,166
02/18/2015,SYR,NY,AEA,EN,Combined TRACON& Tower with Radar,54,74,15,0,143,0,0,42,0,42,54,74,57,0,185,0,0,0,185
02/19/2015,SYR,NY,AEA,EN,Combined TRACON& Tower with Radar,53,56,21,0,130,0,0,2,0,2,53,56,23,0,132,0,0,0,132
02/20/2015,SYR,NY,AEA,EN,Combined TRACON& Tower with Radar,74,76,13,0,163,0,0,5,0,5,74,76,18,0,168,0,0,0,168
02/21/2015,SYR,NY,AEA,EN,Combined TRACON& Tower with Radar,37,50,7,0,94,0,0,4,0,4,37,50,11,0,98,0,0,0,98
02/22/2015,SYR,NY,AEA,EN,Combined TRACON& Tower with Radar,47,53,14,0,114,0,0,4,0,4,47,53,18,0,118,0,0,0,118
02/23/2015,SYR,NY,AEA,EN,Combined TRACON& Tower with Radar,55,62,29,2,148,0,0,0,0,0,55,62,29,2,148,0,0,0,148
02/24/2015,SYR,NY,AEA,EN,Combined TRACON& Tower with Radar,58,70,19,16,163,0,0,22,5,27,58,70,41,21,190,0,0,0,190
02/25/2015,SYR,NY,AEA,EN,Combined TRACON& Tower with Radar,54,68,19,2,143,0,0,5,0,5,54,68,24,2,148,0,0,0,148
02/26/2015,SYR,NY,AEA,EN,Combined TRACON& Tower with Radar,51,74,30,0,155,0,0,7,0,7,51,74,37,0,162,0,0,0,162
02/27/2015,SYR,NY,AEA,EN,Combined TRACON& Tower with Radar,55,76,10,0,141,0,0,23,0,23,55,76,33,0,164,0,0,0,164
02/28/2015,SYR,NY,AEA,EN,Combined TRACON& Tower with Radar,37,49,9,0,95,0,0,17,0,17,37,49,26,0,112,0,0,0,112
03/01/2015,SYR,NY,AEA,EN,Combined TRACON& Tower with Radar,48,36,10,0,94,0,1,1,0,2,48,37,11,0,96,0,0,0,96
03/02/2015,SYR,NY,AEA,EN,Combined TRACON& Tower with Radar,57,59,25,2,143,0,0,0,2,2,57,59,25,4,145,0,0,0,145
03/03/2015,SYR,NY,AEA,EN,Combined TRACON& Tower with Radar,75,53,13,3,144,0,0,3,3,6,75,53,16,6,150,0,0,0,150
03/04/2015,SYR,NY,AEA,EN,Combined TRACON& Tower with Radar,64,50,11,0,125,0,0,3,0,3,64,50,14,0,128,0,0,0,128
03/05/2015,SYR,NY,AEA,EN,Combined TRACON& Tower with Radar,53,34,15,3,105,0,0,11,1,12,53,34,26,4,117,20,0,20,137
03/06/2015,SYR,NY,AEA,EN,Combined TRACON& Tower with Radar,65,53,12,0,130,0,1,16,0,17,65,54,28,0,147,40,0,40,187
03/07/2015,SYR,NY,AEA,EN,Combined TRACON& Tower with Radar,53,62,7,0,122,0,0,7,0,7,53,62,14,0,129,4,0,4,133
03/08/2015,SYR,NY,AEA,EN,Combined TRACON& Tower with Radar,55,37,3,0,95,0,0,0,0,0,55,37,3,0,95,0,0,0,95
03/09/2015,SYR,NY,AEA,EN,Combined TRACON& Tower with Radar,64,57,14,2,137,0,4,24,0,28,64,61,38,2,165,16,0,16,181
03/10/2015,SYR,NY,AEA,EN,Combined TRACON& Tower with Radar,73,66,17,5,161,0,2,6,4,12,73,68,23,9,173,0,0,0,173
03/11/2015,SYR,NY,AEA,EN,Combined TRACON& Tower with Radar,69,56,17,2,144,0,1,9,0,10,69,57,26,2,154,0,0,0,154
03/12/2015,SYR,NY,AEA,EN,Combined TRACON& Tower with Radar,64,60,18,0,142,0,0,33,0,33,64,60,51,0,175,0,0,0,175
03/13/2015,SYR,NY,AEA,EN,Combined TRACON& Tower with Radar,64,62,22,0,148,0,0,30,0,30,64,62,52,0,178,0,0,0,178
03/14/2015,SYR,NY,AEA,EN,Combined TRACON& Tower with Radar,42,55,6,10,113,0,0,1,4,5,42,55,7,14,118,0,0,0,118
03/15/2015,SYR,NY,AEA,EN,Combined TRACON& Tower with Radar,44,43,20,0,107,0,0,0,0,0,44,43,20,0,107,0,0,0,107
03/16/2015,SYR,NY,AEA,EN,Combined TRACON& Tower with Radar,68,56,24,0,148,0,0,30,4,34,68,56,54,4,182,6,0,6,188
03/17/2015,SYR,NY,AEA,EN,Combined TRACON& Tower with Radar,65,62,15,0,142,0,0,2,0,2,65,62,17,0,144,0,0,0,144
03/18/2015,SYR,NY,AEA,EN,Combined TRACON& Tower with Radar,68,64,17,2,151,0,0,7,0,7,68,64,24,2,158,12,0,12,170
03/19/2015,SYR,NY,AEA,EN,Combined TRACON& Tower with Radar,66,58,35,6,165,0,2,29,5,36,66,60,64,11,201,52,0,52,253
03/20/2015,SYR,NY,AEA,EN,Combined TRACON& Tower with Radar,55,48,25,1,129,0,0,4,1,5,55,48,29,2,134,0,0,0,134
03/21/2015,SYR,NY,AEA,EN,Combined TRACON& Tower with Radar,45,51,8,0,104,0,0,0,0,0,45,51,8,0,104,0,0,0,104
03/22/2015,SYR,NY,AEA,EN,Combined TRACON& Tower with Radar,52,44,6,0,102,0,0,7,0,7,52,44,13,0,109,0,0,0,109
03/23/2015,SYR,NY,AEA,EN,Combined TRACON& Tower with Radar,63,55,9,0,127,0,0,17,0,17,63,55,26,0,144,0,0,0,144
03/24/2015,SYR,NY,AEA,EN,Combined TRACON& Tower with Radar,66,56,21,0,143,0,0,34,7,41,66,56,55,7,184,0,0,0,184
03/25/2015,SYR,NY,AEA,EN,Combined TRACON& Tower with Radar,76,55,18,6,155,0,1,4,5,10,76,56,22,11,165,0,0,0,165
03/26/2015,SYR,NY,AEA,EN,Combined TRACON& Tower with Radar,66,54,16,2,138,0,0,1,0,1,66,54,17,2,139,0,0,0,139
03/27/2015,SYR,NY,AEA,EN,Combined TRACON& Tower with Radar,68,64,38,0,170,0,0,7,0,7,68,64,45,0,177,0,0,0,177
03/28/2015,SYR,NY,AEA,EN,Combined TRACON& Tower with Radar,49,52,23,0,124,0,0,3,0,3,49,52,26,0,127,0,0,0,127
03/29/2015,SYR,NY,AEA,EN,Combined TRACON& Tower with Radar,53,52,56,0,161,0,2,37,0,39,53,54,93,0,200,0,0,0,200
03/30/2015,SYR,NY,AEA,EN,Combined TRACON& Tower with Radar,60,62,20,3,145,0,0,2,1,3,60,62,22,4,148,0,0,0,148
03/31/2015,SYR,NY,AEA,EN,Combined TRACON& Tower with Radar,69,73,31,0,173,0,1,7,0,8,69,74,38,0,181,0,0,0,181
04/01/2015,SYR,NY,AEA,EN,Combined TRACON& Tower with Radar,63,60,19,1,143,0,0,26,3,29,63,60,45,4,172,0,0,0,172
04/02/2015,SYR,NY,AEA,EN,Combined TRACON& Tower with Radar,62,64,35,9,170,0,0,14,9,23,62,64,49,18,193,0,20,20,213
04/03/2015,SYR,NY,AEA,EN,Combined TRACON& Tower with Radar,65,60,24,1,150,0,0,13,1,14,65,60,37,2,164,0,0,0,164
04/04/2015,SYR,NY,AEA,EN,Combined TRACON& Tower with Radar,38,43,3,0,84,0,0,1,0,1,38,43,4,0,85,0,0,0,85
04/05/2015,SYR,NY,AEA,EN,Combined TRACON& Tower with Radar,46,45,9,0,100,0,0,6,0,6,46,45,15,0,106,10,0,10,116
04/06/2015,SYR,NY,AEA,EN,Combined TRACON& Tower with Radar,63,53,28,0,144,0,0,10,0,10,63,53,38,0,154,0,0,0,154
04/07/2015,SYR,NY,AEA,EN,Combined TRACON& Tower with Radar,57,71,30,0,158,0,0,9,0,9,57,71,39,0,167,0,0,0,167
04/08/2015,SYR,NY,AEA,EN,Combined TRACON& Tower with Radar,61,72,23,0,156,0,0,0,0,0,61,72,23,0,156,0,0,0,156
04/09/2015,SYR,NY,AEA,EN,Combined TRACON& Tower with Radar,59,75,19,10,163,0,2,2,0,4,59,77,21,10,167,0,0,0,167
04/10/2015,SYR,NY,AEA,EN,Combined TRACON& Tower with Radar,61,67,14,0,142,0,0,2,0,2,61,67,16,0,144,0,0,0,144
04/11/2015,SYR,NY,AEA,EN,Combined TRACON& Tower with Radar,48,46,7,3,104,0,0,13,0,13,48,46,20,3,117,0,0,0,117
04/12/2015,SYR,NY,AEA,EN,Combined TRACON& Tower with Radar,46,56,45,0,147,0,2,39,0,41,46,58,84,0,188,40,0,40,228
04/13/2015,SYR,NY,AEA,EN,Combined TRACON& Tower with Radar,54,63,19,4,140,0,1,21,5,27,54,64,40,9,167,0,0,0,167
04/14/2015,SYR,NY,AEA,EN,Combined TRACON& Tower with Radar,61,63,18,6,148,0,1,13,0,14,61,64,31,6,162,0,0,0,162
04/15/2015,SYR,NY,AEA,EN,Combined TRACON& Tower with Radar,57,71,35,9,172,0,0,30,0,30,57,71,65,9,202,6,7,13,215
04/16/2015,SYR,NY,AEA,EN,Combined TRACON& Tower with Radar,59,81,27,0,167,0,7,32,0,39,59,88,59,0,206,0,0,0,206
04/17/2015,SYR,NY,AEA,EN,Combined TRACON& Tower with Radar,55,72,32,0,159,0,0,11,0,11,55,72,43,0,170,2,0,2,172
04/18/2015,SYR,NY,AEA,EN,Combined TRACON& Tower with Radar,45,44,13,1,103,0,2,22,1,25,45,46,35,2,128,0,0,0,128
04/19/2015,SYR,NY,AEA,EN,Combined TRACON& Tower with Radar,48,47,22,0,117,0,0,55,0,55,48,47,77,0,172,40,0,40,212
04/20/2015,SYR,NY,AEA,EN,Combined TRACON& Tower with Radar,53,51,24,1,129,0,0,5,0,5,53,51,29,1,134,0,0,0,134
04/21/2015,SYR,NY,AEA,EN,Combined TRACON& Tower with Radar,62,76,30,3,171,0,1,9,0,10,62,77,39,3,181,0,0,0,181
04/22/2015,SYR,NY,AEA,EN,Combined TRACON& Tower with Radar,56,68,27,0,151,0,1,6,2,9,56,69,33,2,160,12,0,12,172
04/23/2015,SYR,NY,AEA,EN,Combined TRACON& Tower with Radar,56,79,19,2,156,0,0,2,0,2,56,79,21,2,158,0,0,0,158
04/24/2015,SYR,NY,AEA,EN,Combined TRACON& Tower with Radar,54,70,18,0,142,0,0,7,0,7,54,70,25,0,149,0,0,0,149
04/25/2015,SYR,NY,AEA,EN,Combined TRACON& Tower with Radar,46,40,8,0,94,0,1,35,0,36,46,41,43,0,130,0,0,0,130
04/26/2015,SYR,NY,AEA,EN,Combined TRACON& Tower with Radar,47,43,25,0,115,0,1,28,0,29,47,44,53,0,144,60,0,60,204
04/27/2015,SYR,NY,AEA,EN,Combined TRACON& Tower with Radar,53,67,16,2,138,0,0,4,1,5,53,67,20,3,143,0,0,0,143
04/28/2015,SYR,NY,AEA,EN,Combined TRACON& Tower with Radar,58,76,26,3,163,0,3,22,0,25,58,79,48,3,188,0,0,0,188
04/29/2015,SYR,NY,AEA,EN,Combined TRACON& Tower with Radar,60,66,28,11,165,0,1,25,1,27,60,67,53,12,192,0,20,20,212
04/30/2015,SYR,NY,AEA,EN,Combined TRACON& Tower with Radar,59,67,26,2,154,0,0,21,0,21,59,67,47,2,175,6,0,6,181
05/01/2015,SYR,NY,AEA,EN,Combined TRACON& Tower with Radar,59,77,18,2,156,0,3,19,0,22,59,80,37,2,178,44,0,44,222
05/02/2015,SYR,NY,AEA,EN,Combined TRACON& Tower with Radar,45,48,12,2,107,0,0,26,2,28,45,48,38,4,135,84,8,92,227
05/03/2015,SYR,NY,AEA,EN,Combined TRACON& Tower with Radar,47,47,19,0,113,0,2,16,0,18,47,49,35,0,131,30,10,40,171
05/04/2015,SYR,NY,AEA,EN,Combined TRACON& Tower with Radar,58,73,16,2,149,0,0,7,4,11,58,73,23,6,160,26,0,26,186
05/05/2015,SYR,NY,AEA,EN,Combined TRACON& Tower with Radar,59,77,17,0,153,0,0,14,0,14,59,77,31,0,167,40,0,40,207
05/06/2015,SYR,NY,AEA,EN,Combined TRACON& Tower with Radar,56,76,29,4,165,0,0,24,4,28,56,76,53,8,193,40,0,40,233
05/07/2015,SYR,NY,AEA,EN,Combined TRACON& Tower with Radar,54,75,30,2,161,0,1,34,0,35,54,76,64,2,196,48,0,48,244
05/08/2015,SYR,NY,AEA,EN,Combined TRACON& Tower with Radar,54,108,35,2,199,0,2,17,0,19,54,110,52,2,218,26,0,26,244
05/09/2015,SYR,NY,AEA,EN,Combined TRACON& Tower with Radar,50,72,7,0,129,0,1,14,0,15,50,73,21,0,144,28,0,28,172
05/10/2015,SYR,NY,AEA,EN,Combined TRACON& Tower with Radar,49,53,16,0,118,0,0,11,0,11,49,53,27,0,129,32,0,32,161
05/11/2015,SYR,NY,AEA,EN,Combined TRACON& Tower with Radar,60,81,26,2,169,0,0,10,0,10,60,81,36,2,179,18,0,18,197
05/12/2015,SYR,NY,AEA,EN,Combined TRACON& Tower with Radar,56,95,26,3,180,0,0,7,1,8,56,95,33,4,188,20,0,20,208
05/13/2015,SYR,NY,AEA,EN,Combined TRACON& Tower with Radar,51,86,22,3,162,0,0,9,1,10,51,86,31,4,172,24,0,24,196
05/14/2015,SYR,NY,AEA,EN,Combined TRACON& Tower with Radar,56,89,32,0,177,0,1,42,0,43,56,90,74,0,220,52,0,52,272
05/15/2015,SYR,NY,AEA,EN,Combined TRACON& Tower with Radar,55,76,21,0,152,0,4,23,4,31,55,80,44,4,183,34,0,34,217
05/16/2015,SYR,NY,AEA,EN,Combined TRACON& Tower with Radar,39,49,15,0,103,0,2,5,0,7,39,51,20,0,110,0,0,0,110
05/17/2015,SYR,NY,AEA,EN,Combined TRACON& Tower with Radar,49,52,17,0,118,0,0,17,0,17,49,52,34,0,135,42,0,42,177
05/18/2015,SYR,NY,AEA,EN,Combined TRACON& Tower with Radar,51,63,20,3,137,0,1,10,0,11,51,64,30,3,148,30,0,30,178
05/19/2015,SYR,NY,AEA,EN,Combined TRACON& Tower with Radar,58,83,34,29,204,0,0,17,7,24,58,83,51,36,228,44,34,78,306
05/20/2015,SYR,NY,AEA,EN,Combined TRACON& Tower with Radar,58,83,25,2,168,0,0,6,5,11,58,83,31,7,179,10,12,22,201
05/21/2015,SYR,NY,AEA,EN,Combined TRACON& Tower with Radar,60,72,24,3,159,0,3,46,3,52,60,75,70,6,211,30,0,30,241
05/22/2015,SYR,NY,AEA,EN,Combined TRACON& Tower with Radar,57,73,13,0,143,0,1,18,0,19,57,74,31,0,162,0,0,0,162
05/23/2015,SYR,NY,AEA,EN,Combined TRACON& Tower with Radar,39,51,20,0,110,0,3,17,0,20,39,54,37,0,130,24,0,24,154
05/24/2015,SYR,NY,AEA,EN,Combined TRACON& Tower with Radar,37,34,22,0,93,0,1,10,0,11,37,35,32,0,104,0,0,0,104
05/25/2015,SYR,NY,AEA,EN,Combined TRACON& Tower with Radar,46,54,14,0,114,0,0,8,0,8,46,54,22,0,122,0,0,0,122
05/26/2015,SYR,NY,AEA,EN,Combined TRACON& Tower with Radar,48,82,26,0,156,0,1,24,4,29,48,83,50,4,185,0,0,0,185
05/27/2015,SYR,NY,AEA,EN,Combined TRACON& Tower with Radar,56,76,17,0,149,0,2,18,0,20,56,78,35,0,169,10,0,10,179
05/28/2015,SYR,NY,AEA,EN,Combined TRACON& Tower with Radar,61,75,29,5,170,0,1,28,1,30,61,76,57,6,200,64,0,64,264
05/29/2015,SYR,NY,AEA,EN,Combined TRACON& Tower with Radar,58,71,12,0,141,0,0,43,0,43,58,71,55,0,184,22,0,22,206
05/30/2015,SYR,NY,AEA,EN,Combined TRACON& Tower with Radar,40,45,7,0,92,0,0,15,0,15,40,45,22,0,107,0,0,0,107
05/31/2015,SYR,NY,AEA,EN,Combined TRACON& Tower with Radar,44,48,14,0,106,0,0,1,0,1,44,48,15,0,107,0,0,0,107
06/01/2015,SYR,NY,AEA,EN,Combined TRACON& Tower with Radar,60,59,18,0,137,0,0,0,0,0,60,59,18,0,137,0,0,0,137
06/02/2015,SYR,NY,AEA,EN,Combined TRACON& Tower with Radar,57,69,25,2,153,0,0,11,2,13,57,69,36,4,166,20,0,20,186
06/03/2015,SYR,NY,AEA,EN,Combined TRACON& Tower with Radar,61,73,24,0,158,0,1,56,6,63,61,74,80,6,221,0,0,0,221
06/04/2015,SYR,NY,AEA,EN,Combined TRACON& Tower with Radar,63,70,35,2,170,0,0,38,2,40,63,70,73,4,210,48,0,48,258
06/05/2015,SYR,NY,AEA,EN,Combined TRACON& Tower with Radar,62,69,20,0,151,0,1,10,0,11,62,70,30,0,162,0,0,0,162
06/06/2015,SYR,NY,AEA,EN,Combined TRACON& Tower with Radar,47,34,11,0,92,0,1,35,0,36,47,35,46,0,128,22,0,22,150
06/07/2015,SYR,NY,AEA,EN,Combined TRACON& Tower with Radar,49,42,19,0,110,0,2,19,0,21,49,44,38,0,131,9,0,9,140
06/08/2015,SYR,NY,AEA,EN,Combined TRACON& Tower with Radar,53,53,19,0,125,0,0,0,0,0,53,53,19,0,125,0,0,0,125
06/09/2015,SYR,NY,AEA,EN,Combined TRACON& Tower with Radar,61,62,21,4,148,0,0,2,0,2,61,62,23,4,150,16,0,16,166
06/10/2015,SYR,NY,AEA,EN,Combined TRACON& Tower with Radar,68,60,19,3,150,0,5,18,1,24,68,65,37,4,174,12,0,12,186
06/11/2015,SYR,NY,AEA,EN,Combined TRACON& Tower with Radar,61,76,33,0,170,0,0,29,0,29,61,76,62,0,199,0,0,0,199
06/12/2015,SYR,NY,AEA,EN,Combined TRACON& Tower with Radar,50,72,10,0,132,0,0,12,0,12,50,72,22,0,144,0,0,0,144
06/13/2015,SYR,NY,AEA,EN,Combined TRACON& Tower with Radar,54,40,8,0,102,0,0,29,0,29,54,40,37,0,131,66,8,74,205
06/14/2015,SYR,NY,AEA,EN,Combined TRACON& Tower with Radar,49,49,21,0,119,0,0,22,0,22,49,49,43,0,141,56,0,56,197
06/15/2015,SYR,NY,AEA,EN,Combined TRACON& Tower with Radar,52,74,33,2,161,0,1,10,0,11,52,75,43,2,172,0,0,0,172
06/16/2015,SYR,NY,AEA,EN,Combined TRACON& Tower with Radar,66,71,25,2,164,0,0,5,0,5,66,71,30,2,169,0,0,0,169
06/17/2015,SYR,NY,AEA,EN,Combined TRACON& Tower with Radar,69,68,20,0,157,0,0,33,4,37,69,68,53,4,194,0,0,0,194
06/18/2015,SYR,NY,AEA,EN,Combined TRACON& Tower with Radar,55,73,31,12,171,0,0,17,0,17,55,73,48,12,188,18,6,24,212
06/19/2015,SYR,NY,AEA,EN,Combined TRACON& Tower with Radar,61,76,16,0,153,0,2,8,0,10,61,78,24,0,163,14,0,14,177
06/20/2015,SYR,NY,AEA,EN,Combined TRACON& Tower with Radar,48,39,8,0,95,0,0,16,0,16,48,39,24,0,111,0,0,0,111
06/21/2015,SYR,NY,AEA,EN,Combined TRACON& Tower with Radar,50,50,13,0,113,0,0,3,1,4,50,50,16,1,117,0,0,0,117
06/22/2015,SYR,NY,AEA,EN,Combined TRACON& Tower with Radar,54,69,36,3,162,0,0,29,5,34,54,69,65,8,196,22,8,30,226
06/23/2015,SYR,NY,AEA,EN,Combined TRACON& Tower with Radar,61,54,13,1,129,0,0,6,0,6,61,54,19,1,135,0,0,0,135
06/24/2015,SYR,NY,AEA,EN,Combined TRACON& Tower with Radar,63,71,27,0,161,0,1,22,0,23,63,72,49,0,184,16,2,18,202
06/25/2015,SYR,NY,AEA,EN,Combined TRACON& Tower with Radar,64,73,22,0,159,0,0,39,2,41,64,73,61,2,200,0,0,0,200
06/26/2015,SYR,NY,AEA,EN,Combined TRACON& Tower with Radar,61,67,23,0,151,0,0,32,0,32,61,67,55,0,183,18,0,18,201
06/27/2015,SYR,NY,AEA,EN,Combined TRACON& Tower with Radar,44,41,8,0,93,0,0,13,2,15,44,41,21,2,108,0,0,0,108
06/28/2015,SYR,NY,AEA,EN,Combined TRACON& Tower with Radar,52,53,30,0,135,0,0,0,0,0,52,53,30,0,135,0,0,0,135
06/29/2015,SYR,NY,AEA,EN,Combined TRACON& Tower with Radar,61,59,28,0,148,0,0,16,1,17,61,59,44,1,165,16,0,16,181
06/30/2015,SYR,NY,AEA,EN,Combined TRACON& Tower with Radar,63,55,25,0,143,0,0,3,0,3,63,55,28,0,146,0,0,0,146
07/01/2015,SYR,NY,AEA,EN,Combined TRACON& Tower with Radar,59,67,22,0,148,0,0,9,0,9,59,67,31,0,157,0,0,0,157
07/02/2015,SYR,NY,AEA,EN,Combined TRACON& Tower with Radar,61,78,15,2,156,0,2,38,0,40,61,80,53,2,196,0,0,0,196
07/03/2015,SYR,NY,AEA,EN,Combined TRACON& Tower with Radar,53,52,14,0,119,0,1,41,0,42,53,53,55,0,161,0,0,0,161
07/04/2015,SYR,NY,AEA,EN,Combined TRACON& Tower with Radar,41,37,8,0,86,0,0,9,0,9,41,37,17,0,95,14,0,14,109
07/05/2015,SYR,NY,AEA,EN,Combined TRACON& Tower with Radar,46,50,13,0,109,0,0,32,0,32,46,50,45,0,141,18,0,18,159
07/06/2015,SYR,NY,AEA,EN,Combined TRACON& Tower with Radar,56,66,21,2,145,0,0,20,2,22,56,66,41,4,167,0,0,0,167
07/07/2015,SYR,NY,AEA,EN,Combined TRACON& Tower with Radar,57,59,25,0,141,0,2,28,0,30,57,61,53,0,171,14,0,14,185
07/08/2015,SYR,NY,AEA,EN,Combined TRACON& Tower with Radar,59,75,44,0,178,0,0,33,0,33,59,75,77,0,211,0,0,0,211
07/09/2015,SYR,NY,AEA,EN,Combined TRACON& Tower with Radar,63,67,36,9,175,0,0,16,0,16,63,67,52,9,191,0,0,0,191
07/10/2015,SYR,NY,AEA,EN,Combined TRACON& Tower with Radar,61,76,25,1,163,0,1,43,0,44,61,77,68,1,207,8,0,8,215
07/11/2015,SYR,NY,AEA,EN,Combined TRACON& Tower with Radar,53,43,13,0,109,0,1,39,0,40,53,44,52,0,149,12,0,12,161
07/12/2015,SYR,NY,AEA,EN,Combined TRACON& Tower with Radar,47,49,15,0,111,0,0,20,0,20,47,49,35,0,131,36,0,36,167
07/13/2015,SYR,NY,AEA,EN,Combined TRACON& Tower with Radar,54,71,20,12,157,0,0,23,6,29,54,71,43,18,186,34,30,64,250
07/14/2015,SYR,NY,AEA,EN,Combined TRACON& Tower with Radar,61,63,18,4,146,0,0,10,0,10,61,63,28,4,156,10,2,12,168
07/15/2015,SYR,NY,AEA,EN,Combined TRACON& Tower with Radar,57,74,24,2,157,0,0,13,2,15,57,74,37,4,172,7,0,7,179
07/16/2015,SYR,NY,AEA,EN,Combined TRACON& Tower with Radar,60,75,34,8,177,0,1,53,4,58,60,76,87,12,235,16,0,16,251
07/17/2015,SYR,NY,AEA,EN,Combined TRACON& Tower with Radar,57,76,24,5,162,0,1,12,1,14,57,77,36,6,176,0,0,0,176
07/18/2015,SYR,NY,AEA,EN,Combined TRACON& Tower with Radar,47,36,6,0,89,0,0,18,2,20,47,36,24,2,109,0,0,0,109
07/19/2015,SYR,NY,AEA,EN,Combined TRACON& Tower with Radar,47,59,13,1,120,0,1,19,0,20,47,60,32,1,140,40,0,40,180
07/20/2015,SYR,NY,AEA,EN,Combined TRACON& Tower with Radar,58,67,17,3,145,0,0,25,1,26,58,67,42,4,171,14,0,14,185
07/21/2015,SYR,NY,AEA,EN,Combined TRACON& Tower with Radar,59,69,16,1,145,0,0,21,0,21,59,69,37,1,166,0,0,0,166
07/22/2015,SYR,NY,AEA,EN,Combined TRACON& Tower with Radar,54,72,22,2,150,0,0,32,10,42,54,72,54,12,192,16,0,16,208
07/23/2015,SYR,NY,AEA,EN,Combined TRACON& Tower with Radar,63,70,21,3,157,0,1,36,0,37,63,71,57,3,194,60,0,60,254
07/24/2015,SYR,NY,AEA,EN,Combined TRACON& Tower with Radar,58,76,13,2,149,0,1,34,0,35,58,77,47,2,184,0,0,0,184
07/25/2015,SYR,NY,AEA,EN,Combined TRACON& Tower with Radar,54,41,9,0,104,0,1,17,0,18,54,42,26,0,122,0,0,0,122
07/26/2015,SYR,NY,AEA,EN,Combined TRACON& Tower with Radar,50,51,14,0,115,0,1,12,0,13,50,52,26,0,128,0,0,0,128
07/27/2015,SYR,NY,AEA,EN,Combined TRACON& Tower with Radar,57,70,18,0,145,0,0,36,0,36,57,70,54,0,181,16,0,16,197
07/28/2015,SYR,NY,AEA,EN,Combined TRACON& Tower with Radar,56,71,18,4,149,0,8,27,0,35,56,79,45,4,184,18,0,18,202
07/29/2015,SYR,NY,AEA,EN,Combined TRACON& Tower with Radar,55,73,21,10,159,0,5,38,2,45,55,78,59,12,204,26,0,26,230
07/30/2015,SYR,NY,AEA,EN,Combined TRACON& Tower with Radar,57,55,28,5,145,0,0,13,3,16,57,55,41,8,161,18,4,22,183
07/31/2015,SYR,NY,AEA,EN,Combined TRACON& Tower with Radar,58,73,20,2,153,0,0,33,6,39,58,73,53,8,192,68,4,72,264
08/01/2015,SYR,NY,AEA,EN,Combined TRACON& Tower with Radar,46,41,14,0,101,0,2,14,8,24,46,43,28,8,125,0,0,0,125
08/02/2015,SYR,NY,AEA,EN,Combined TRACON& Tower with Radar,48,61,17,2,128,0,0,24,0,24,48,61,41,2,152,32,24,56,208
08/03/2015,SYR,NY,AEA,EN,Combined TRACON& Tower with Radar,57,76,21,3,157,0,0,14,1,15,57,76,35,4,172,0,0,0,172
08/04/2015,SYR,NY,AEA,EN,Combined TRACON& Tower with Radar,60,68,29,2,159,0,2,18,0,20,60,70,47,2,179,0,0,0,179
08/05/2015,SYR,NY,AEA,EN,Combined TRACON& Tower with Radar,55,82,13,5,155,1,0,15,3,19,56,82,28,8,174,0,0,0,174
08/06/2015,SYR,NY,AEA,EN,Combined TRACON& Tower with Radar,56,70,22,2,150,0,2,35,2,39,56,72,57,4,189,10,0,10,199
08/07/2015,SYR,NY,AEA,EN,Combined TRACON& Tower with Radar,63,74,16,4,157,0,2,41,0,43,63,76,57,4,200,0,0,0,200
08/08/2015,SYR,NY,AEA,EN,Combined TRACON& Tower with Radar,50,45,7,2,104,0,2,31,0,33,50,47,38,2,137,0,0,0,137
08/09/2015,SYR,NY,AEA,EN,Combined TRACON& Tower with Radar,43,61,24,0,128,0,1,30,0,31,43,62,54,0,159,0,0,0,159
08/10/2015,SYR,NY,AEA,EN,Combined TRACON& Tower with Radar,50,68,13,0,131,0,1,13,0,14,50,69,26,0,145,2,0,2,147
08/11/2015,SYR,NY,AEA,EN,Combined TRACON& Tower with Radar,53,61,24,10,148,0,0,8,1,9,53,61,32,11,157,0,10,10,167
08/12/2015,SYR,NY,AEA,EN,Combined TRACON& Tower with Radar,59,75,14,4,152,0,0,19,4,23,59,75,33,8,175,12,0,12,187
08/13/2015,SYR,NY,AEA,EN,Combined TRACON& Tower with Radar,61,79,34,0,174,0,0,71,2,73,61,79,105,2,247,18,0,18,265
08/14/2015,SYR,NY,AEA,EN,Combined TRACON& Tower with Radar,60,71,20,0,151,0,0,18,1,19,60,71,38,1,170,32,0,32,202
08/15/2015,SYR,NY,AEA,EN,Combined TRACON& Tower with Radar,51,42,9,0,102,0,1,19,2,22,51,43,28,2,124,15,0,15,139
08/16/2015,SYR,NY,AEA,EN,Combined TRACON& Tower with Radar,46,52,15,0,113,0,1,31,0,32,46,53,46,0,145,45,0,45,190
08/17/2015,SYR,NY,AEA,EN,Combined TRACON& Tower with Radar,53,68,17,0,138,0,5,37,0,42,53,73,54,0,180,8,0,8,188
08/18/2015,SYR,NY,AEA,EN,Combined TRACON& Tower with Radar,59,68,27,2,156,0,0,16,0,16,59,68,43,2,172,0,0,0,172
08/19/2015,SYR,NY,AEA,EN,Combined TRACON& Tower with Radar,63,80,23,0,166,0,0,30,0,30,63,80,53,0,196,26,0,26,222
08/20/2015,SYR,NY,AEA,EN,Combined TRACON& Tower with Radar,56,61,25,4,146,0,2,9,0,11,56,63,34,4,157,10,0,10,167
08/21/2015,SYR,NY,AEA,EN,Combined TRACON& Tower with Radar,64,81,26,0,171,0,1,30,9,40,64,82,56,9,211,0,10,10,221
08/22/2015,SYR,NY,AEA,EN,Combined TRACON& Tower with Radar,48,50,14,0,112,0,0,31,0,31,48,50,45,0,143,0,0,0,143
08/23/2015,SYR,NY,AEA,EN,Combined TRACON& Tower with Radar,51,54,27,0,132,0,0,48,0,48,51,54,75,0,180,44,0,44,224
08/24/2015,SYR,NY,AEA,EN,Combined TRACON& Tower with Radar,57,70,27,6,160,0,0,9,2,11,57,70,36,8,171,24,2,26,197
08/25/2015,SYR,NY,AEA,EN,Combined TRACON& Tower with Radar,61,64,26,6,157,0,0,32,6,38,61,64,58,12,195,8,0,8,203
08/26/2015,SYR,NY,AEA,EN,Combined TRACON& Tower with Radar,66,71,24,5,166,0,0,30,1,31,66,71,54,6,197,24,0,24,221
08/27/2015,SYR,NY,AEA,EN,Combined TRACON& Tower with Radar,56,69,36,4,165,0,2,7,0,9,56,71,43,4,174,16,0,16,190
08/28/2015,SYR,NY,AEA,EN,Combined TRACON& Tower with Radar,62,71,33,24,190,0,4,39,6,49,62,75,72,30,239,24,20,44,283
08/29/2015,SYR,NY,AEA,EN,Combined TRACON& Tower with Radar,45,42,15,2,104,0,1,30,6,37,45,43,45,8,141,0,0,0,141
08/30/2015,SYR,NY,AEA,EN,Combined TRACON& Tower with Radar,55,46,24,9,134,0,1,34,2,37,55,47,58,11,171,20,14,34,205
08/31/2015,SYR,NY,AEA,EN,Combined TRACON& Tower with Radar,58,65,22,7,152,0,1,12,4,17,58,66,34,11,169,0,0,0,169
09/01/2015,SYR,NY,AEA,EN,Combined TRACON& Tower with Radar,67,75,24,0,166,0,0,4,0,4,67,75,28,0,170,0,0,0,170
09/02/2015,SYR,NY,AEA,EN,Combined TRACON& Tower with Radar,66,64,24,2,156,0,0,23,6,29,66,64,47,8,185,0,0,0,185
09/03/2015,SYR,NY,AEA,EN,Combined TRACON& Tower with Radar,68,63,18,4,153,0,0,13,0,13,68,63,31,4,166,0,0,0,166
09/04/2015,SYR,NY,AEA,EN,Combined TRACON& Tower with Radar,59,70,12,0,141,0,1,33,0,34,59,71,45,0,175,20,0,20,195
09/05/2015,SYR,NY,AEA,EN,Combined TRACON& Tower with Radar,49,38,6,0,93,0,1,8,0,9,49,39,14,0,102,0,0,0,102
09/06/2015,SYR,NY,AEA,EN,Combined TRACON& Tower with Radar,42,34,7,0,83,0,6,39,0,45,42,40,46,0,128,0,0,0,128
09/07/2015,SYR,NY,AEA,EN,Combined TRACON& Tower with Radar,50,56,10,0,116,0,2,35,0,37,50,58,45,0,153,20,0,20,173
09/08/2015,SYR,NY,AEA,EN,Combined TRACON& Tower with Radar,56,63,12,0,131,0,0,23,4,27,56,63,35,4,158,0,0,0,158
09/09/2015,SYR,NY,AEA,EN,Combined TRACON& Tower with Radar,63,64,17,0,144,0,0,17,0,17,63,64,34,0,161,0,0,0,161
09/10/2015,SYR,NY,AEA,EN,Combined TRACON& Tower with Radar,64,54,35,0,153,0,0,32,0,32,64,54,67,0,185,36,0,36,221
09/11/2015,SYR,NY,AEA,EN,Combined TRACON& Tower with Radar,64,62,20,3,149,0,0,31,0,31,64,62,51,3,180,6,0,6,186
09/12/2015,SYR,NY,AEA,EN,Combined TRACON& Tower with Radar,50,44,8,0,102,0,0,7,2,9,50,44,15,2,111,0,0,0,111
09/13/2015,SYR,NY,AEA,EN,Combined TRACON& Tower with Radar,57,52,11,0,120,0,0,1,0,1,57,52,12,0,121,44,0,44,165
09/14/2015,SYR,NY,AEA,EN,Combined TRACON& Tower with Radar,61,64,17,2,144,0,0,8,0,8,61,64,25,2,152,0,0,0,152
09/15/2015,SYR,NY,AEA,EN,Combined TRACON& Tower with Radar,64,66,15,4,149,0,0,21,5,26,64,66,36,9,175,0,0,0,175
09/16/2015,SYR,NY,AEA,EN,Combined TRACON& Tower with Radar,67,70,18,4,159,0,3,33,0,36,67,73,51,4,195,0,8,8,203
09/17/2015,SYR,NY,AEA,EN,Combined TRACON& Tower with Radar,66,70,25,0,161,0,3,57,0,60,66,73,82,0,221,24,0,24,245
09/18/2015,SYR,NY,AEA,EN,Combined TRACON& Tower with Radar,64,77,30,2,173,0,1,42,0,43,64,78,72,2,216,20,0,20,236
09/19/2015,SYR,NY,AEA,EN,Combined TRACON& Tower with Radar,45,50,16,0,111,0,0,21,0,21,45,50,37,0,132,0,0,0,132
09/20/2015,SYR,NY,AEA,EN,Combined TRACON& Tower with Radar,57,55,16,0,128,0,1,29,0,30,57,56,45,0,158,38,0,38,196
09/21/2015,SYR,NY,AEA,EN,Combined TRACON& Tower with Radar,65,62,23,1,151,0,0,20,3,23,65,62,43,4,174,18,0,18,192
09/22/2015,SYR,NY,AEA,EN,Combined TRACON& Tower with Radar,63,72,36,2,173,0,0,34,0,34,63,72,70,2,207,8,0,8,215
09/23/2015,SYR,NY,AEA,EN,Combined TRACON& Tower with Radar,64,72,17,2,155,0,2,24,4,30,64,74,41,6,185,0,0,0,185
09/24/2015,SYR,NY,AEA,EN,Combined TRACON& Tower with Radar,72,68,23,2,165,0,3,38,0,41,72,71,61,2,206,30,0,30,236
09/25/2015,SYR,NY,AEA,EN,Combined TRACON& Tower with Radar,75,64,22,1,162,0,0,47,1,48,75,64,69,2,210,20,0,20,230
09/26/2015,SYR,NY,AEA,EN,Combined TRACON& Tower with Radar,57,51,15,0,123,0,0,24,0,24,57,51,39,0,147,0,0,0,147
09/27/2015,SYR,NY,AEA,EN,Combined TRACON& Tower with Radar,56,48,20,0,124,0,1,34,0,35,56,49,54,0,159,0,0,0,159
09/28/2015,SYR,NY,AEA,EN,Combined TRACON& Tower with Radar,71,61,38,26,196,0,0,41,0,41,71,61,79,26,237,0,0,0,237
09/29/2015,SYR,NY,AEA,EN,Combined TRACON& Tower with Radar,67,75,17,0,159,0,0,2,0,2,67,75,19,0,161,0,0,0,161
09/30/2015,SYR,NY,AEA,EN,Combined TRACON& Tower with Radar,76,68,20,2,166,0,0,3,0,3,76,68,23,2,169,0,0,0,169
10/01/2015,SYR,NY,AEA,EN,Combined TRACON& Tower with Radar,70,63,27,0,160,0,0,20,0,20,70,63,47,0,180,0,0,0,180
10/02/2015,SYR,NY,AEA,EN,Combined TRACON& Tower with Radar,70,57,24,0,151,0,1,62,0,63,70,58,86,0,214,6,0,6,220
10/03/2015,SYR,NY,AEA,EN,Combined TRACON& Tower with Radar,50,48,6,0,104,0,1,8,0,9,50,49,14,0,113,0,0,0,113
10/04/2015,SYR,NY,AEA,EN,Combined TRACON& Tower with Radar,52,45,11,0,108,0,0,24,0,24,52,45,35,0,132,12,0,12,144
10/05/2015,SYR,NY,AEA,EN,Combined TRACON& Tower with Radar,68,62,21,2,153,0,1,26,0,27,68,63,47,2,180,0,0,0,180
10/06/2015,SYR,NY,AEA,EN,Combined TRACON& Tower with Radar,65,69,18,0,152,0,2,20,0,22,65,71,38,0,174,0,0,0,174
10/07/2015,SYR,NY,AEA,EN,Combined TRACON& Tower with Radar,69,71,22,2,164,0,0,15,0,15,69,71,37,2,179,0,0,0,179
10/08/2015,SYR,NY,AEA,EN,Combined TRACON& Tower with Radar,65,79,24,17,185,0,0,37,3,40,65,79,61,20,225,20,0,20,245
10/09/2015,SYR,NY,AEA,EN,Combined TRACON& Tower with Radar,67,72,22,1,162,0,0,0,0,0,67,72,22,1,162,0,0,0,162
10/10/2015,SYR,NY,AEA,EN,Combined TRACON& Tower with Radar,53,62,21,0,136,0,0,43,1,44,53,62,64,1,180,12,0,12,192
10/11/2015,SYR,NY,AEA,EN,Combined TRACON& Tower with Radar,56,50,23,0,129,0,2,26,0,28,56,52,49,0,157,12,0,12,169
10/12/2015,SYR,NY,AEA,EN,Combined TRACON& Tower with Radar,81,75,18,0,174,0,0,42,0,42,81,75,60,0,216,0,0,0,216
10/13/2015,SYR,NY,AEA,EN,Combined TRACON& Tower with Radar,69,65,19,0,153,0,0,5,2,7,69,65,24,2,160,0,0,0,160
10/14/2015,SYR,NY,AEA,EN,Combined TRACON& Tower with Radar,69,66,9,0,144,0,0,7,0,7,69,66,16,0,151,38,8,46,197
10/15/2015,SYR,NY,AEA,EN,Combined TRACON& Tower with Radar,79,82,26,0,187,0,2,15,0,17,79,84,41,0,204,0,0,0,204
10/16/2015,SYR,NY,AEA,EN,Combined TRACON& Tower with Radar,71,69,26,0,166,0,4,8,0,12,71,73,34,0,178,16,0,16,194
10/17/2015,SYR,NY,AEA,EN,Combined TRACON& Tower with Radar,53,49,6,0,108,0,0,4,0,4,53,49,10,0,112,0,0,0,112
10/18/2015,SYR,NY,AEA,EN,Combined TRACON& Tower with Radar,55,51,24,0,130,0,0,7,0,7,55,51,31,0,137,0,0,0,137
10/19/2015,SYR,NY,AEA,EN,Combined TRACON& Tower with Radar,67,71,19,2,159,0,0,24,0,24,67,71,43,2,183,4,0,4,187
10/20/2015,SYR,NY,AEA,EN,Combined TRACON& Tower with Radar,68,71,31,2,172,0,0,14,0,14,68,71,45,2,186,28,0,28,214
10/21/2015,SYR,NY,AEA,EN,Combined TRACON& Tower with Radar,66,69,24,1,160,0,0,8,1,9,66,69,32,2,169,18,0,18,187
10/22/2015,SYR,NY,AEA,EN,Combined TRACON& Tower with Radar,67,69,17,1,154,0,0,36,4,40,67,69,53,5,194,32,0,32,226
10/23/2015,SYR,NY,AEA,EN,Combined TRACON& Tower with Radar,70,69,17,4,160,0,2,31,2,35,70,71,48,6,195,0,0,0,195
10/24/2015,SYR,NY,AEA,EN,Combined TRACON& Tower with Radar,51,52,18,2,123,0,2,19,10,31,51,54,37,12,154,0,0,0,154
10/25/2015,SYR,NY,AEA,EN,Combined TRACON& Tower with Radar,58,48,18,2,126,0,0,7,0,7,58,48,25,2,133,0,0,0,133
10/26/2015,SYR,NY,AEA,EN,Combined TRACON& Tower with Radar,63,59,16,4,142,0,0,21,2,23,63,59,37,6,165,6,0,6,171
10/27/2015,SYR,NY,AEA,EN,Combined TRACON& Tower with Radar,56,74,23,0,153,0,8,71,0,79,56,82,94,0,232,0,0,0,232
10/28/2015,SYR,NY,AEA,EN,Combined TRACON& Tower with Radar,50,61,15,2,128,0,0,0,0,0,50,61,15,2,128,0,0,0,128
10/29/2015,SYR,NY,AEA,EN,Combined TRACON& Tower with Radar,64,70,28,2,164,0,0,2,0,2,64,70,30,2,166,0,0,0,166
10/30/2015,SYR,NY,AEA,EN,Combined TRACON& Tower with Radar,58,77,14,16,165,0,0,47,20,67,58,77,61,36,232,0,0,0,232
10/31/2015,SYR,NY,AEA,EN,Combined TRACON& Tower with Radar,45,33,8,0,86,0,0,40,0,40,45,33,48,0,126,0,0,0,126
11/01/2015,SYR,NY,AEA,EN,Combined TRACON& Tower with Radar,59,48,23,0,130,0,3,12,0,15,59,51,35,0,145,0,0,0,145
11/02/2015,SYR,NY,AEA,EN,Combined TRACON& Tower with Radar,63,67,23,19,172,0,1,27,2,30,63,68,50,21,202,0,18,18,220
11/03/2015,SYR,NY,AEA,EN,Combined TRACON& Tower with Radar,67,66,18,2,153,0,1,33,4,38,67,67,51,6,191,8,0,8,199
11/04/2015,SYR,NY,AEA,EN,Combined TRACON& Tower with Radar,66,67,10,15,158,0,3,75,2,80,66,70,85,17,238,8,0,8,246
11/05/2015,SYR,NY,AEA,EN,Combined TRACON& Tower with Radar,65,72,17,8,162,0,2,26,2,30,65,74,43,10,192,0,0,0,192
11/06/2015,SYR,NY,AEA,EN,Combined TRACON& Tower with Radar,71,76,17,1,165,0,0,6,0,6,71,76,23,1,171,0,0,0,171
11/07/2015,SYR,NY,AEA,EN,Combined TRACON& Tower with Radar,45,43,18,0,106,0,0,21,2,23,45,43,39,2,129,0,0,0,129
11/08/2015,SYR,NY,AEA,EN,Combined TRACON& Tower with Radar,64,48,13,1,126,0,1,13,0,14,64,49,26,1,140,8,0,8,148
11/09/2015,SYR,NY,AEA,EN,Combined TRACON& Tower with Radar,66,57,18,5,146,0,0,29,1,30,66,57,47,6,176,26,0,26,202
11/10/2015,SYR,NY,AEA,EN,Combined TRACON& Tower with Radar,63,62,18,5,148,0,0,2,1,3,63,62,20,6,151,0,0,0,151
11/11/2015,SYR,NY,AEA,EN,Combined TRACON& Tower with Radar,74,69,22,1,166,0,0,3,0,3,74,69,25,1,169,0,0,0,169
11/12/2015,SYR,NY,AEA,EN,Combined TRACON& Tower with Radar,77,66,25,1,169,0,0,6,0,6,77,66,31,1,175,0,0,0,175
11/13/2015,SYR,NY,AEA,EN,Combined TRACON& Tower with Radar,72,61,4,0,137,0,0,5,0,5,72,61,9,0,142,0,0,0,142
11/14/2015,SYR,NY,AEA,EN,Combined TRACON& Tower with Radar,48,59,7,0,114,0,0,5,0,5,48,59,12,0,119,12,0,12,131
11/15/2015,SYR,NY,AEA,EN,Combined TRACON& Tower with Radar,57,48,18,0,123,0,7,23,0,30,57,55,41,0,153,40,0,40,193
11/16/2015,SYR,NY,AEA,EN,Combined TRACON& Tower with Radar,65,63,13,2,143,0,1,35,0,36,65,64,48,2,179,0,0,0,179
11/17/2015,SYR,NY,AEA,EN,Combined TRACON& Tower with Radar,70,68,22,0,160,0,0,43,0,43,70,68,65,0,203,0,0,0,203
11/18/2015,SYR,NY,AEA,EN,Combined TRACON& Tower with Radar,67,64,18,1,150,0,0,14,1,15,67,64,32,2,165,0,0,0,165
11/19/2015,SYR,NY,AEA,EN,Combined TRACON& Tower with Radar,69,68,13,4,154,0,1,3,0,4,69,69,16,4,158,0,0,0,158
11/20/2015,SYR,NY,AEA,EN,Combined TRACON& Tower with Radar,77,55,31,0,163,0,0,33,2,35,77,55,64,2,198,0,0,0,198
11/21/2015,SYR,NY,AEA,EN,Combined TRACON& Tower with Radar,48,33,18,0,99,0,2,26,0,28,48,35,44,0,127,0,0,0,127
11/22/2015,SYR,NY,AEA,EN,Combined TRACON& Tower with Radar,50,42,8,0,100,0,2,10,0,12,50,44,18,0,112,0,0,0,112
11/23/2015,SYR,NY,AEA,EN,Combined TRACON& Tower with Radar,64,56,23,4,147,0,0,23,0,23,64,56,46,4,170,0,0,0,170
11/24/2015,SYR,NY,AEA,EN,Combined TRACON& Tower with Radar,68,56,22,0,146,0,0,11,0,11,68,56,33,0,157,10,0,10,167
11/25/2015,SYR,NY,AEA,EN,Combined TRACON& Tower with Radar,78,59,17,0,154,0,3,27,0,30,78,62,44,0,184,0,0,0,184
11/26/2015,SYR,NY,AEA,EN,Combined TRACON& Tower with Radar,43,26,5,0,74,0,0,3,0,3,43,26,8,0,77,0,0,0,77
11/27/2015,SYR,NY,AEA,EN,Combined TRACON& Tower with Radar,54,38,8,0,100,0,3,13,0,16,54,41,21,0,116,8,0,8,124
11/28/2015,SYR,NY,AEA,EN,Combined TRACON& Tower with Radar,70,44,4,0,118,0,0,0,0,0,70,44,4,0,118,0,0,0,118
11/29/2015,SYR,NY,AEA,EN,Combined TRACON& Tower with Radar,65,61,36,0,162,0,1,27,0,28,65,62,63,0,190,44,0,44,234
11/30/2015,SYR,NY,AEA,EN,Combined TRACON& Tower with Radar,70,60,18,5,153,0,0,23,1,24,70,60,41,6,177,0,0,0,177
12/01/2015,SYR,NY,AEA,EN,Combined TRACON& Tower with Radar,63,65,14,1,143,0,1,2,0,3,63,66,16,1,146,0,0,0,146
12/02/2015,SYR,NY,AEA,EN,Combined TRACON& Tower with Radar,60,71,17,5,153,0,0,0,0,0,60,71,17,5,153,0,0,0,153
12/03/2015,SYR,NY,AEA,EN,Combined TRACON& Tower with Radar,61,76,25,2,164,0,1,3,0,4,61,77,28,2,168,0,0,0,168
12/04/2015,SYR,NY,AEA,EN,Combined TRACON& Tower with Radar,61,64,16,0,141,0,0,13,2,15,61,64,29,2,156,0,0,0,156
12/05/2015,SYR,NY,AEA,EN,Combined TRACON& Tower with Radar,49,49,28,0,126,0,1,19,0,20,49,50,47,0,146,90,0,90,236
12/06/2015,SYR,NY,AEA,EN,Combined TRACON& Tower with Radar,45,49,20,0,114,0,0,43,0,43,45,49,63,0,157,82,0,82,239
12/07/2015,SYR,NY,AEA,EN,Combined TRACON& Tower with Radar,53,71,20,14,158,0,0,10,0,10,53,71,30,14,168,8,4,12,180
12/08/2015,SYR,NY,AEA,EN,Combined TRACON& Tower with Radar,60,64,21,0,145,0,2,19,0,21,60,66,40,0,166,0,0,0,166
12/09/2015,SYR,NY,AEA,EN,Combined TRACON& Tower with Radar,61,68,24,6,159,0,0,29,0,29,61,68,53,6,188,0,0,0,188
12/10/2015,SYR,NY,AEA,EN,Combined TRACON& Tower with Radar,59,73,32,2,166,0,0,30,2,32,59,73,62,4,198,0,0,0,198
12/11/2015,SYR,NY,AEA,EN,Combined TRACON& Tower with Radar,59,84,24,2,169,0,0,25,0,25,59,84,49,2,194,20,0,20,214
12/12/2015,SYR,NY,AEA,EN,Combined TRACON& Tower with Radar,49,43,14,0,106,0,2,16,0,18,49,45,30,0,124,57,0,57,181
12/13/2015,SYR,NY,AEA,EN,Combined TRACON& Tower with Radar,45,56,19,0,120,1,1,10,0,12,46,57,29,0,132,12,0,12,144
12/14/2015,SYR,NY,AEA,EN,Combined TRACON& Tower with Radar,53,64,17,5,139,0,1,16,0,17,53,65,33,5,156,44,12,56,212
12/15/2015,SYR,NY,AEA,EN,Combined TRACON& Tower with Radar,63,75,16,6,160,0,0,0,2,2,63,75,16,8,162,0,10,10,172
12/16/2015,SYR,NY,AEA,EN,Combined TRACON& Tower with Radar,57,71,24,0,152,0,0,15,11,26,57,71,39,11,178,6,0,6,184
12/17/2015,SYR,NY,AEA,EN,Combined TRACON& Tower with Radar,70,48,29,2,149,0,0,5,0,5,70,48,34,2,154,0,0,0,154
12/18/2015,SYR,NY,AEA,EN,Combined TRACON& Tower with Radar,71,63,30,16,180,0,0,10,0,10,71,63,40,16,190,20,20,40,230
12/19/2015,SYR,NY,AEA,EN,Combined TRACON& Tower with Radar,47,56,13,0,116,0,0,4,0,4,47,56,17,0,120,0,0,0,120
12/20/2015,SYR,NY,AEA,EN,Combined TRACON& Tower with Radar,50,55,7,0,112,0,0,24,0,24,50,55,31,0,136,4,0,4,140
12/21/2015,SYR,NY,AEA,EN,Combined TRACON& Tower with Radar,59,68,10,0,137,0,0,5,0,5,59,68,15,0,142,0,0,0,142
12/22/2015,SYR,NY,AEA,EN,Combined TRACON& Tower with Radar,67,56,17,1,141,0,0,7,1,8,67,56,24,2,149,0,0,0,149
12/23/2015,SYR,NY,AEA,EN,Combined TRACON& Tower with Radar,74,55,11,0,140,0,0,7,0,7,74,55,18,0,147,0,0,0,147
12/24/2015,SYR,NY,AEA,EN,Combined TRACON& Tower with Radar,62,34,2,0,98,0,0,5,0,5,62,34,7,0,103,0,0,0,103
12/25/2015,SYR,NY,AEA,EN,Combined TRACON& Tower with Radar,45,22,9,0,76,0,0,4,0,4,45,22,13,0,80,0,0,0,80
12/26/2015,SYR,NY,AEA,EN,Combined TRACON& Tower with Radar,44,51,21,0,116,0,1,27,0,28,44,52,48,0,144,28,0,28,172
12/27/2015,SYR,NY,AEA,EN,Combined TRACON& Tower with Radar,52,51,9,0,112,0,0,0,0,0,52,51,9,0,112,0,0,0,112
12/28/2015,SYR,NY,AEA,EN,Combined TRACON& Tower with Radar,45,61,9,0,115,0,0,21,0,21,45,61,30,0,136,8,0,8,144
12/29/2015,SYR,NY,AEA,EN,Combined TRACON& Tower with Radar,56,54,5,0,115,0,0,0,0,0,56,54,5,0,115,0,0,0,115
12/30/2015,SYR,NY,AEA,EN,Combined TRACON& Tower with Radar,71,59,13,6,149,0,0,15,6,21,71,59,28,12,170,0,0,0,170
12/31/2015,SYR,NY,AEA,EN,Combined TRACON& Tower with Radar,45,47,5,0,97,0,0,6,0,6,45,47,11,0,103,12,0,12,115
01/01/2016,SYR,NY,AEA,EN,Combined TRACON& Tower with Radar,36,41,3,0,80,0,0,0,0,0,36,41,3,0,80,0,0,0,80
01/02/2016,SYR,NY,AEA,EN,Combined TRACON& Tower with Radar,48,56,2,0,106,0,0,1,0,1,48,56,3,0,107,20,0,20,127
01/03/2016,SYR,NY,AEA,EN,Combined TRACON& Tower with Radar,49,54,6,0,109,0,0,9,0,9,49,54,15,0,118,18,0,18,136
01/04/2016,SYR,NY,AEA,EN,Combined TRACON& Tower with Radar,47,67,16,0,130,0,0,7,0,7,47,67,23,0,137,0,0,0,137
01/05/2016,SYR,NY,AEA,EN,Combined TRACON& Tower with Radar,60,68,17,2,147,0,1,11,0,12,60,69,28,2,159,40,0,40,199
01/06/2016,SYR,NY,AEA,EN,Combined TRACON& Tower with Radar,57,60,12,2,131,0,0,39,1,40,57,60,51,3,171,80,0,80,251
01/07/2016,SYR,NY,AEA,EN,Combined TRACON& Tower with Radar,51,76,25,5,157,0,2,27,0,29,51,78,52,5,186,20,0,20,206
01/08/2016,SYR,NY,AEA,EN,Combined TRACON& Tower with Radar,55,71,15,1,142,0,1,37,0,38,55,72,52,1,180,0,0,0,180
01/09/2016,SYR,NY,AEA,EN,Combined TRACON& Tower with Radar,39,50,7,0,96,0,0,5,0,5,39,50,12,0,101,0,0,0,101
01/10/2016,SYR,NY,AEA,EN,Combined TRACON& Tower with Radar,46,49,6,0,101,0,0,0,0,0,46,49,6,0,101,0,0,0,101
01/11/2016,SYR,NY,AEA,EN,Combined TRACON& Tower with Radar,48,60,16,0,124,0,0,6,0,6,48,60,22,0,130,0,0,0,130
01/12/2016,SYR,NY,AEA,EN,Combined TRACON& Tower with Radar,53,73,19,0,145,0,0,1,0,1,53,73,20,0,146,0,0,0,146
01/13/2016,SYR,NY,AEA,EN,Combined TRACON& Tower with Radar,54,57,9,0,120,0,0,1,0,1,54,57,10,0,121,0,0,0,121
01/14/2016,SYR,NY,AEA,EN,Combined TRACON& Tower with Radar,55,73,20,2,150,0,0,2,0,2,55,73,22,2,152,0,0,0,152
01/15/2016,SYR,NY,AEA,EN,Combined TRACON& Tower with Radar,54,70,15,0,139,0,4,23,0,27,54,74,38,0,166,0,0,0,166
01/16/2016,SYR,NY,AEA,EN,Combined TRACON& Tower with Radar,39,45,5,0,89,0,0,0,0,0,39,45,5,0,89,0,0,0,89
01/17/2016,SYR,NY,AEA,EN,Combined TRACON& Tower with Radar,41,53,15,0,109,0,0,14,0,14,41,53,29,0,123,6,0,6,129
01/18/2016,SYR,NY,AEA,EN,Combined TRACON& Tower with Radar,50,70,3,0,123,0,0,1,0,1,50,70,4,0,124,0,0,0,124
01/19/2016,SYR,NY,AEA,EN,Combined TRACON& Tower with Radar,49,58,17,0,124,0,0,0,0,0,49,58,17,0,124,0,0,0,124
01/20/2016,SYR,NY,AEA,EN,Combined TRACON& Tower with Radar,56,67,7,4,134,0,0,5,2,7,56,67,12,6,141,0,0,0,141
01/21/2016,SYR,NY,AEA,EN,Combined TRACON& Tower with Radar,53,69,19,5,146,0,0,3,1,4,53,69,22,6,150,0,0,0,150
01/22/2016,SYR,NY,AEA,EN,Combined TRACON& Tower with Radar,46,52,15,4,117,0,0,35,0,35,46,52,50,4,152,44,0,44,196
01/23/2016,SYR,NY,AEA,EN,Combined TRACON& Tower with Radar,22,28,10,0,60,0,0,10,0,10,22,28,20,0,70,10,0,10,80
01/24/2016,SYR,NY,AEA,EN,Combined TRACON& Tower with Radar,24,33,2,1,60,0,0,8,3,11,24,33,10,4,71,10,0,10,81
01/25/2016,SYR,NY,AEA,EN,Combined TRACON& Tower with Radar,46,53,27,2,128,0,0,16,0,16,46,53,43,2,144,0,0,0,144
01/26/2016,SYR,NY,AEA,EN,Combined TRACON& Tower with Radar,50,62,19,2,133,0,0,2,0,2,50,62,21,2,135,0,0,0,135
01/27/2016,SYR,NY,AEA,EN,Combined TRACON& Tower with Radar,60,64,18,11,153,0,0,8,8,16,60,64,26,19,169,10,30,40,209
01/28/2016,SYR,NY,AEA,EN,Combined TRACON& Tower with Radar,53,72,10,3,138,0,1,16,4,21,53,73,26,7,159,8,0,8,167
01/29/2016,SYR,NY,AEA,EN,Combined TRACON& Tower with Radar,54,72,4,3,133,0,0,0,1,1,54,72,4,4,134,0,0,0,134
01/30/2016,SYR,NY,AEA,EN,Combined TRACON& Tower with Radar,38,43,12,3,96,0,0,9,0,9,38,43,21,3,105,2,0,2,107
01/31/2016,SYR,NY,AEA,EN,Combined TRACON& Tower with Radar,44,53,20,1,118,0,0,24,0,24,44,53,44,1,142,4,0,4,146
02/01/2016,SYR,NY,AEA,EN,Combined TRACON& Tower with Radar,50,66,11,2,129,0,0,7,0,7,50,66,18,2,136,10,0,10,146
02/02/2016,SYR,NY,AEA,EN,Combined TRACON& Tower with Radar,58,67,12,0,137,0,0,23,2,25,58,67,35,2,162,26,0,26,188
02/03/2016,SYR,NY,AEA,EN,Combined TRACON& Tower with Radar,53,62,9,1,125,0,3,0,0,3,53,65,9,1,128,0,0,0,128
02/04/2016,SYR,NY,AEA,EN,Combined TRACON& Tower with Radar,54,73,26,0,153,0,0,3,0,3,54,73,29,0,156,0,0,0,156
02/05/2016,SYR,NY,AEA,EN,Combined TRACON& Tower with Radar,53,57,8,0,118,0,0,13,0,13,53,57,21,0,131,26,0,26,157
02/06/2016,SYR,NY,AEA,EN,Combined TRACON& Tower with Radar,38,47,6,4,95,0,1,15,0,16,38,48,21,4,111,2,6,8,119
02/07/2016,SYR,NY,AEA,EN,Combined TRACON& Tower with Radar,36,52,16,0,104,0,0,21,0,21,36,52,37,0,125,0,0,0,125
02/08/2016,SYR,NY,AEA,EN,Combined TRACON& Tower with Radar,46,68,14,2,130,0,0,21,2,23,46,68,35,4,153,39,0,39,192
02/09/2016,SYR,NY,AEA,EN,Combined TRACON& Tower with Radar,55,69,23,2,149,0,0,0,0,0,55,69,23,2,149,0,0,0,149
02/10/2016,SYR,NY,AEA,EN,Combined TRACON& Tower with Radar,60,68,10,0,138,0,0,0,0,0,60,68,10,0,138,0,0,0,138
02/11/2016,SYR,NY,AEA,EN,Combined TRACON& Tower with Radar,53,57,24,0,134,0,0,0,0,0,53,57,24,0,134,0,0,0,134
02/12/2016,SYR,NY,AEA,EN,Combined TRACON& Tower with Radar,63,61,6,1,131,0,0,7,0,7,63,61,13,1,138,0,0,0,138
02/13/2016,SYR,NY,AEA,EN,Combined TRACON& Tower with Radar,43,37,7,1,88,0,0,0,0,0,43,37,7,1,88,0,0,0,88
02/14/2016,SYR,NY,AEA,EN,Combined TRACON& Tower with Radar,47,46,2,0,95,0,1,8,0,9,47,47,10,0,104,0,0,0,104
02/15/2016,SYR,NY,AEA,EN,Combined TRACON& Tower with Radar,56,48,14,0,118,0,0,3,0,3,56,48,17,0,121,0,0,0,121
02/16/2016,SYR,NY,AEA,EN,Combined TRACON& Tower with Radar,55,55,17,0,127,0,0,0,0,0,55,55,17,0,127,0,0,0,127
02/17/2016,SYR,NY,AEA,EN,Combined TRACON& Tower with Radar,65,55,12,0,132,0,0,0,0,0,65,55,12,0,132,0,0,0,132
02/18/2016,SYR,NY,AEA,EN,Combined TRACON& Tower with Radar,68,57,16,2,143,0,1,31,0,32,68,58,47,2,175,8,0,8,183
02/19/2016,SYR,NY,AEA,EN,Combined TRACON& Tower with Radar,63,66,1,0,130,0,0,3,1,4,63,66,4,1,134,0,0,0,134
02/20/2016,SYR,NY,AEA,EN,Combined TRACON& Tower with Radar,42,56,13,0,111,0,0,22,0,22,42,56,35,0,133,0,0,0,133
02/21/2016,SYR,NY,AEA,EN,Combined TRACON& Tower with Radar,49,54,5,0,108,0,0,13,0,13,49,54,18,0,121,0,0,0,121
02/22/2016,SYR,NY,AEA,EN,Combined TRACON& Tower with Radar,56,56,10,4,126,0,1,20,2,23,56,57,30,6,149,16,6,22,171
02/23/2016,SYR,NY,AEA,EN,Combined TRACON& Tower with Radar,56,60,12,16,144,0,1,15,1,17,56,61,27,17,161,0,0,0,161
02/24/2016,SYR,NY,AEA,EN,Combined TRACON& Tower with Radar,64,43,13,0,120,0,0,0,0,0,64,43,13,0,120,0,0,0,120
02/25/2016,SYR,NY,AEA,EN,Combined TRACON& Tower with Radar,69,62,9,0,140,0,0,0,0,0,69,62,9,0,140,8,0,8,148
02/26/2016,SYR,NY,AEA,EN,Combined TRACON& Tower with Radar,64,60,14,5,143,0,0,0,1,1,64,60,14,6,144,0,0,0,144
02/27/2016,SYR,NY,AEA,EN,Combined TRACON& Tower with Radar,41,45,15,2,103,0,0,3,0,3,41,45,18,2,106,0,0,0,106
02/28/2016,SYR,NY,AEA,EN,Combined TRACON& Tower with Radar,51,52,13,0,116,0,0,22,0,22,51,52,35,0,138,16,0,16,154
02/29/2016,SYR,NY,AEA,EN,Combined TRACON& Tower with Radar,57,56,8,0,121,0,0,1,2,3,57,56,9,2,124,2,0,2,126
03/01/2016,SYR,NY,AEA,EN,Combined TRACON& Tower with Radar,65,51,17,4,137,0,0,17,6,23,65,51,34,10,160,0,0,0,160
03/02/2016,SYR,NY,AEA,EN,Combined TRACON& Tower with Radar,73,50,20,0,143,0,0,0,0,0,73,50,20,0,143,0,0,0,143
03/03/2016,SYR,NY,AEA,EN,Combined TRACON& Tower with Radar,66,54,18,1,139,0,0,16,3,19,66,54,34,4,158,0,8,8,166
03/04/2016,SYR,NY,AEA,EN,Combined TRACON& Tower with Radar,56,65,27,2,150,0,0,15,4,19,56,65,42,6,169,49,6,55,224
03/05/2016,SYR,NY,AEA,EN,Combined TRACON& Tower with Radar,44,50,11,0,105,0,0,26,6,32,44,50,37,6,137,0,0,0,137
03/06/2016,SYR,NY,AEA,EN,Combined TRACON& Tower with Radar,46,52,19,0,117,0,0,36,2,38,46,52,55,2,155,20,0,20,175
03/07/2016,SYR,NY,AEA,EN,Combined TRACON& Tower with Radar,51,59,16,4,130,0,0,18,5,23,51,59,34,9,153,12,0,12,165
03/08/2016,SYR,NY,AEA,EN,Combined TRACON& Tower with Radar,59,68,30,6,163,0,0,25,1,26,59,68,55,7,189,42,0,42,231
03/09/2016,SYR,NY,AEA,EN,Combined TRACON& Tower with Radar,63,60,22,32,177,0,0,34,4,38,63,60,56,36,215,20,0,20,235
03/10/2016,SYR,NY,AEA,EN,Combined TRACON& Tower with Radar,73,58,24,0,155,0,0,1,0,1,73,58,25,0,156,0,0,0,156
03/11/2016,SYR,NY,AEA,EN,Combined TRACON& Tower with Radar,60,62,17,0,139,0,0,12,2,14,60,62,29,2,153,20,0,20,173
03/12/2016,SYR,NY,AEA,EN,Combined TRACON& Tower with Radar,52,44,21,0,117,0,0,18,2,20,52,44,39,2,137,20,0,20,157
03/13/2016,SYR,NY,AEA,EN,Combined TRACON& Tower with Radar,46,51,25,0,122,0,2,33,2,37,46,53,58,2,159,32,0,32,191
03/14/2016,SYR,NY,AEA,EN,Combined TRACON& Tower with Radar,51,62,11,16,140,0,0,2,1,3,51,62,13,17,143,0,6,6,149
03/15/2016,SYR,NY,AEA,EN,Combined TRACON& Tower with Radar,65,55,20,0,140,0,0,4,2,6,65,55,24,2,146,0,8,8,154
03/16/2016,SYR,NY,AEA,EN,Combined TRACON& Tower with Radar,64,57,9,0,130,0,0,13,0,13,64,57,22,0,143,0,0,0,143
03/17/2016,SYR,NY,AEA,EN,Combined TRACON& Tower with Radar,65,72,26,4,167,0,1,9,1,11,65,73,35,5,178,10,0,10,188
03/18/2016,SYR,NY,AEA,EN,Combined TRACON& Tower with Radar,57,54,5,0,116,0,0,4,5,9,57,54,9,5,125,26,0,26,151
03/19/2016,SYR,NY,AEA,EN,Combined TRACON& Tower with Radar,54,42,11,0,107,0,0,23,1,24,54,42,34,1,131,10,0,10,141
03/20/2016,SYR,NY,AEA,EN,Combined TRACON& Tower with Radar,44,47,14,0,105,0,0,25,5,30,44,47,39,5,135,10,0,10,145
03/21/2016,SYR,NY,AEA,EN,Combined TRACON& Tower with Radar,56,56,17,1,130,0,0,7,0,7,56,56,24,1,137,0,0,0,137
03/22/2016,SYR,NY,AEA,EN,Combined TRACON& Tower with Radar,71,50,23,0,144,0,0,14,3,17,71,50,37,3,161,25,0,25,186
03/23/2016,SYR,NY,AEA,EN,Combined TRACON& Tower with Radar,73,54,16,3,146,0,0,3,1,4,73,54,19,4,150,12,0,12,162
03/24/2016,SYR,NY,AEA,EN,Combined TRACON& Tower with Radar,63,56,25,0,144,0,0,10,0,10,63,56,35,0,154,15,0,15,169
03/25/2016,SYR,NY,AEA,EN,Combined TRACON& Tower with Radar,66,52,14,0,132,0,0,0,2,2,66,52,14,2,134,10,0,10,144
03/26/2016,SYR,NY,AEA,EN,Combined TRACON& Tower with Radar,53,36,15,2,106,0,0,23,4,27,53,36,38,6,133,18,0,18,151
03/27/2016,SYR,NY,AEA,EN,Combined TRACON& Tower with Radar,44,49,9,0,102,0,1,14,0,15,44,50,23,0,117,8,0,8,125
03/28/2016,SYR,NY,AEA,EN,Combined TRACON& Tower with Radar,54,69,19,2,144,0,0,0,0,0,54,69,19,2,144,0,0,0,144
03/29/2016,SYR,NY,AEA,EN,Combined TRACON& Tower with Radar,65,60,5,1,131,0,9,11,8,28,65,69,16,9,159,21,0,21,180
03/30/2016,SYR,NY,AEA,EN,Combined TRACON& Tower with Radar,69,55,27,0,151,0,0,33,2,35,69,55,60,2,186,4,0,4,190
03/31/2016,SYR,NY,AEA,EN,Combined TRACON& Tower with Radar,66,56,9,2,133,0,0,13,0,13,66,56,22,2,146,10,0,10,156
04/01/2016,SYR,NY,AEA,EN,Combined TRACON& Tower with Radar,62,65,15,1,143,0,0,7,1,8,62,65,22,2,151,0,0,0,151
04/02/2016,SYR,NY,AEA,EN,Combined TRACON& Tower with Radar,49,49,16,0,114,0,0,5,0,5,49,49,21,0,119,0,0,0,119
04/03/2016,SYR,NY,AEA,EN,Combined TRACON& Tower with Radar,47,53,12,0,112,0,0,0,0,0,47,53,12,0,112,0,0,0,112
04/04/2016,SYR,NY,AEA,EN,Combined TRACON& Tower with Radar,56,57,15,2,130,0,0,0,1,1,56,57,15,3,131,0,0,0,131
04/05/2016,SYR,NY,AEA,EN,Combined TRACON& Tower with Radar,76,53,18,1,148,0,0,31,2,33,76,53,49,3,181,6,0,6,187
04/06/2016,SYR,NY,AEA,EN,Combined TRACON& Tower with Radar,76,60,15,3,154,0,0,17,3,20,76,60,32,6,174,14,0,14,188
04/07/2016,SYR,NY,AEA,EN,Combined TRACON& Tower with Radar,71,54,20,3,148,0,0,9,0,9,71,54,29,3,157,12,0,12,169
04/08/2016,SYR,NY,AEA,EN,Combined TRACON& Tower with Radar,67,46,10,1,124,0,0,0,0,0,67,46,10,1,124,8,0,8,132
04/09/2016,SYR,NY,AEA,EN,Combined TRACON& Tower with Radar,52,40,16,0,108,0,0,12,2,14,52,40,28,2,122,93,0,93,215
04/10/2016,SYR,NY,AEA,EN,Combined TRACON& Tower with Radar,49,43,18,0,110,0,0,21,2,23,49,43,39,2,133,40,0,40,173
04/11/2016,SYR,NY,AEA,EN,Combined TRACON& Tower with Radar,72,50,21,0,143,0,0,0,0,0,72,50,21,0,143,0,0,0,143
04/12/2016,SYR,NY,AEA,EN,Combined TRACON& Tower with Radar,71,52,15,0,138,0,0,10,4,14,71,52,25,4,152,0,0,0,152
04/13/2016,SYR,NY,AEA,EN,Combined TRACON& Tower with Radar,75,51,32,19,177,0,0,47,2,49,75,51,79,21,226,30,14,44,270
04/14/2016,SYR,NY,AEA,EN,Combined TRACON& Tower with Radar,76,60,19,5,160,0,4,43,1,48,76,64,62,6,208,48,0,48,256
04/15/2016,SYR,NY,AEA,EN,Combined TRACON& Tower with Radar,71,57,25,0,153,0,0,46,6,52,71,57,71,6,205,38,0,38,243
04/16/2016,SYR,NY,AEA,EN,Combined TRACON& Tower with Radar,50,52,18,0,120,0,2,47,4,53,50,54,65,4,173,116,0,116,289
04/17/2016,SYR,NY,AEA,EN,Combined TRACON& Tower with Radar,53,45,16,0,114,0,2,30,0,32,53,47,46,0,146,0,0,0,146
04/18/2016,SYR,NY,AEA,EN,Combined TRACON& Tower with Radar,65,61,21,0,147,0,0,30,7,37,65,61,51,7,184,14,0,14,198
04/19/2016,SYR,NY,AEA,EN,Combined TRACON& Tower with Radar,76,54,24,2,156,0,0,13,1,14,76,54,37,3,170,0,0,0,170
04/20/2016,SYR,NY,AEA,EN,Combined TRACON& Tower with Radar,73,51,16,0,140,0,0,40,0,40,73,51,56,0,180,10,0,10,190
04/21/2016,SYR,NY,AEA,EN,Combined TRACON& Tower with Radar,78,58,21,1,158,0,2,21,2,25,78,60,42,3,183,0,0,0,183
04/22/2016,SYR,NY,AEA,EN,Combined TRACON& Tower with Radar,68,57,13,0,138,0,0,15,0,15,68,57,28,0,153,26,0,26,179
04/23/2016,SYR,NY,AEA,EN,Combined TRACON& Tower with Radar,48,44,11,0,103,0,0,12,2,14,48,44,23,2,117,49,0,49,166
04/24/2016,SYR,NY,AEA,EN,Combined TRACON& Tower with Radar,56,36,24,0,116,0,0,39,0,39,56,36,63,0,155,32,0,32,187
04/25/2016,SYR,NY,AEA,EN,Combined TRACON& Tower with Radar,67,53,21,1,142,0,0,10,2,12,67,53,31,3,154,20,0,20,174
04/26/2016,SYR,NY,AEA,EN,Combined TRACON& Tower with Radar,70,54,21,2,147,0,0,1,3,4,70,54,22,5,151,12,0,12,163
04/27/2016,SYR,NY,AEA,EN,Combined TRACON& Tower with Radar,77,53,20,2,152,0,0,30,5,35,77,53,50,7,187,24,0,24,211
04/28/2016,SYR,NY,AEA,EN,Combined TRACON& Tower with Radar,75,57,24,3,159,0,1,26,2,29,75,58,50,5,188,14,0,14,202
04/29/2016,SYR,NY,AEA,EN,Combined TRACON& Tower with Radar,66,52,15,3,136,0,0,10,1,11,66,52,25,4,147,10,0,10,157
04/30/2016,SYR,NY,AEA,EN,Combined TRACON& Tower with Radar,55,41,13,0,109,0,0,23,0,23,55,41,36,0,132,26,0,26,158
05/01/2016,SYR,NY,AEA,EN,Combined TRACON& Tower with Radar,49,45,26,0,120,0,0,0,0,0,49,45,26,0,120,0,0,0,120
05/02/2016,SYR,NY,AEA,EN,Combined TRACON& Tower with Radar,66,49,21,20,156,0,0,2,0,2,66,49,23,20,158,34,0,34,192
05/03/2016,SYR,NY,AEA,EN,Combined TRACON& Tower with Radar,73,42,21,13,149,0,0,15,2,17,73,42,36,15,166,26,18,44,210
05/04/2016,SYR,NY,AEA,EN,Combined TRACON& Tower with Radar,79,51,27,7,164,0,0,11,7,18,79,51,38,14,182,28,0,28,210
05/05/2016,SYR,NY,AEA,EN,Combined TRACON& Tower with Radar,77,56,50,5,188,0,0,20,0,20,77,56,70,5,208,34,0,34,242
05/06/2016,SYR,NY,AEA,EN,Combined TRACON& Tower with Radar,69,45,6,20,140,0,0,13,5,18,69,45,19,25,158,10,16,26,184
05/07/2016,SYR,NY,AEA,EN,Combined TRACON& Tower with Radar,56,42,16,0,114,0,0,13,0,13,56,42,29,0,127,74,0,74,201
05/08/2016,SYR,NY,AEA,EN,Combined TRACON& Tower with Radar,52,45,11,0,108,0,1,8,0,9,52,46,19,0,117,34,0,34,151
05/09/2016,SYR,NY,AEA,EN,Combined TRACON& Tower with Radar,68,55,19,0,142,0,0,11,0,11,68,55,30,0,153,0,0,0,153
05/10/2016,SYR,NY,AEA,EN,Combined TRACON& Tower with Radar,75,44,18,1,138,0,0,29,3,32,75,44,47,4,170,48,0,48,218
05/11/2016,SYR,NY,AEA,EN,Combined TRACON& Tower with Radar,78,55,19,5,157,0,3,37,2,42,78,58,56,7,199,62,20,82,281
05/12/2016,SYR,NY,AEA,EN,Combined TRACON& Tower with Radar,79,53,31,1,164,0,7,51,0,58,79,60,82,1,222,82,0,82,304
05/13/2016,SYR,NY,AEA,EN,Combined TRACON& Tower with Radar,69,66,30,1,166,0,0,1,2,3,69,66,31,3,169,0,0,0,169
05/14/2016,SYR,NY,AEA,EN,Combined TRACON& Tower with Radar,52,63,14,0,129,0,1,1,2,4,52,64,15,2,133,28,0,28,161
05/15/2016,SYR,NY,AEA,EN,Combined TRACON& Tower with Radar,49,67,20,0,136,0,1,10,1,12,49,68,30,1,148,0,0,0,148
05/16/2016,SYR,NY,AEA,EN,Combined TRACON& Tower with Radar,70,47,17,0,134,0,2,9,1,12,70,49,26,1,146,0,0,0,146
05/17/2016,SYR,NY,AEA,EN,Combined TRACON& Tower with Radar,77,56,20,0,153,0,0,47,0,47,77,56,67,0,200,36,0,36,236
05/18/2016,SYR,NY,AEA,EN,Combined TRACON& Tower with Radar,79,60,22,2,163,0,0,39,7,46,79,60,61,9,209,86,0,86,295
05/19/2016,SYR,NY,AEA,EN,Combined TRACON& Tower with Radar,75,47,20,1,143,0,1,31,2,34,75,48,51,3,177,30,0,30,207
05/20/2016,SYR,NY,AEA,EN,Combined TRACON& Tower with Radar,77,49,11,1,138,0,4,44,2,50,77,53,55,3,188,52,0,52,240
05/21/2016,SYR,NY,AEA,EN,Combined TRACON& Tower with Radar,53,40,11,2,106,0,3,22,1,26,53,43,33,3,132,22,0,22,154
05/22/2016,SYR,NY,AEA,EN,Combined TRACON& Tower with Radar,48,54,17,0,119,0,0,18,3,21,48,54,35,3,140,0,0,0,140
05/23/2016,SYR,NY,AEA,EN,Combined TRACON& Tower with Radar,68,51,34,0,153,0,2,15,0,17,68,53,49,0,170,10,0,10,180
05/24/2016,SYR,NY,AEA,EN,Combined TRACON& Tower with Radar,76,49,26,11,162,0,0,37,3,40,76,49,63,14,202,49,0,49,251
05/25/2016,SYR,NY,AEA,EN,Combined TRACON& Tower with Radar,78,46,24,4,152,0,0,38,0,38,78,46,62,4,190,30,0,30,220
05/26/2016,SYR,NY,AEA,EN,Combined TRACON& Tower with Radar,74,49,30,2,155,0,0,28,0,28,74,49,58,2,183,94,0,94,277
05/27/2016,SYR,NY,AEA,EN,Combined TRACON& Tower with Radar,75,48,12,0,135,0,0,22,0,22,75,48,34,0,157,46,0,46,203
05/28/2016,SYR,NY,AEA,EN,Combined TRACON& Tower with Radar,54,37,14,0,105,0,0,25,2,27,54,37,39,2,132,52,0,52,184
05/29/2016,SYR,NY,AEA,EN,Combined TRACON& Tower with Radar,45,33,8,0,86,0,0,11,2,13,45,33,19,2,99,42,0,42,141
05/30/2016,SYR,NY,AEA,EN,Combined TRACON& Tower with Radar,64,40,20,0,124,0,0,13,0,13,64,40,33,0,137,66,0,66,203
05/31/2016,SYR,NY,AEA,EN,Combined TRACON& Tower with Radar,68,47,14,4,133,0,0,33,3,36,68,47,47,7,169,0,0,0,169
06/01/2016,SYR,NY,AEA,EN,Combined TRACON& Tower with Radar,80,49,24,2,155,0,0,36,2,38,80,49,60,4,193,16,0,16,209
06/02/2016,SYR,NY,AEA,EN,Combined TRACON& Tower with Radar,76,49,19,2,146,0,1,11,6,18,76,50,30,8,164,12,0,12,176
06/03/2016,SYR,NY,AEA,EN,Combined TRACON& Tower with Radar,70,63,11,2,146,0,2,14,2,18,70,65,25,4,164,20,0,20,184
06/04/2016,SYR,NY,AEA,EN,Combined TRACON& Tower with Radar,44,46,7,0,97,0,2,36,1,39,44,48,43,1,136,36,0,36,172
06/05/2016,SYR,NY,AEA,EN,Combined TRACON& Tower with Radar,54,54,3,2,113,0,0,0,0,0,54,54,3,2,113,0,0,0,113
06/06/2016,SYR,NY,AEA,EN,Combined TRACON& Tower with Radar,62,52,18,18,150,0,0,16,2,18,62,52,34,20,168,6,18,24,192
06/07/2016,SYR,NY,AEA,EN,Combined TRACON& Tower with Radar,71,53,17,0,141,0,0,3,0,3,71,53,20,0,144,20,0,20,164
06/08/2016,SYR,NY,AEA,EN,Combined TRACON& Tower with Radar,74,56,25,4,159,0,0,9,0,9,74,56,34,4,168,12,0,12,180
06/09/2016,SYR,NY,AEA,EN,Combined TRACON& Tower with Radar,68,69,18,5,160,0,3,16,14,33,68,72,34,19,193,0,0,0,193
06/10/2016,SYR,NY,AEA,EN,Combined TRACON& Tower with Radar,59,65,23,3,150,0,1,48,12,61,59,66,71,15,211,0,0,0,211
06/11/2016,SYR,NY,AEA,EN,Combined TRACON& Tower with Radar,50,45,6,0,101,0,5,16,0,21,50,50,22,0,122,0,0,0,122
06/12/2016,SYR,NY,AEA,EN,Combined TRACON& Tower with Radar,45,46,13,4,108,0,5,9,6,20,45,51,22,10,128,0,0,0,128
06/13/2016,SYR,NY,AEA,EN,Combined TRACON& Tower with Radar,57,66,14,1,138,0,0,10,9,19,57,66,24,10,157,0,0,0,157
06/14/2016,SYR,NY,AEA,EN,Combined TRACON& Tower with Radar,66,57,20,4,147,0,3,38,4,45,66,60,58,8,192,36,0,36,228
06/15/2016,SYR,NY,AEA,EN,Combined TRACON& Tower with Radar,74,59,31,5,169,0,1,37,29,67,74,60,68,34,236,64,26,90,326
06/16/2016,SYR,NY,AEA,EN,Combined TRACON& Tower with Radar,65,68,22,3,158,0,1,29,0,30,65,69,51,3,188,5,0,5,193
06/17/2016,SYR,NY,AEA,EN,Combined TRACON& Tower with Radar,62,65,21,0,148,0,1,40,2,43,62,66,61,2,191,66,0,66,257
06/18/2016,SYR,NY,AEA,EN,Combined TRACON& Tower with Radar,47,47,14,2,110,0,0,42,2,44,47,47,56,4,154,10,0,10,164
06/19/2016,SYR,NY,AEA,EN,Combined TRACON& Tower with Radar,49,49,15,0,113,0,1,37,2,40,49,50,52,2,153,107,8,115,268
06/20/2016,SYR,NY,AEA,EN,Combined TRACON& Tower with Radar,60,73,17,3,153,0,0,45,4,49,60,73,62,7,202,24,0,24,226
06/21/2016,SYR,NY,AEA,EN,Combined TRACON& Tower with Radar,63,56,22,5,146,0,0,38,4,42,63,56,60,9,188,48,4,52,240
06/22/2016,SYR,NY,AEA,EN,Combined TRACON& Tower with Radar,71,54,26,6,157,0,0,33,3,36,71,54,59,9,193,8,0,8,201
06/23/2016,SYR,NY,AEA,EN,Combined TRACON& Tower with Radar,66,63,26,11,166,0,1,39,1,41,66,64,65,12,207,44,10,54,261
06/24/2016,SYR,NY,AEA,EN,Combined TRACON& Tower with Radar,59,74,18,0,151,0,0,29,0,29,59,74,47,0,180,0,0,0,180
06/25/2016,SYR,NY,AEA,EN,Combined TRACON& Tower with Radar,49,51,6,0,106,0,2,27,2,31,49,53,33,2,137,0,0,0,137
06/26/2016,SYR,NY,AEA,EN,Combined TRACON& Tower with Radar,50,51,12,0,113,0,0,27,0,27,50,51,39,0,140,38,0,38,178
06/27/2016,SYR,NY,AEA,EN,Combined TRACON& Tower with Radar,60,64,22,1,147,0,0,9,5,14,60,64,31,6,161,0,0,0,161
06/28/2016,SYR,NY,AEA,EN,Combined TRACON& Tower with Radar,66,53,10,14,143,0,0,23,2,25,66,53,33,16,168,32,32,64,232
06/29/2016,SYR,NY,AEA,EN,Combined TRACON& Tower with Radar,76,70,13,5,164,0,0,20,8,28,76,70,33,13,192,12,0,12,204
06/30/2016,SYR,NY,AEA,EN,Combined TRACON& Tower with Radar,67,62,24,2,155,0,1,31,0,32,67,63,55,2,187,34,0,34,221
07/01/2016,SYR,NY,AEA,EN,Combined TRACON& Tower with Radar,58,54,13,0,125,0,0,11,0,11,58,54,24,0,136,12,0,12,148
07/02/2016,SYR,NY,AEA,EN,Combined TRACON& Tower with Radar,45,48,9,0,102,0,1,14,0,15,45,49,23,0,117,18,0,18,135
07/03/2016,SYR,NY,AEA,EN,Combined TRACON& Tower with Radar,41,38,14,0,93,0,0,19,2,21,41,38,33,2,114,2,0,2,116
07/04/2016,SYR,NY,AEA,EN,Combined TRACON& Tower with Radar,51,45,8,0,104,0,2,15,3,20,51,47,23,3,124,8,0,8,132
07/05/2016,SYR,NY,AEA,EN,Combined TRACON& Tower with Radar,53,58,16,0,127,0,0,26,4,30,53,58,42,4,157,54,0,54,211
07/06/2016,SYR,NY,AEA,EN,Combined TRACON& Tower with Radar,72,65,18,7,162,0,4,46,6,56,72,69,64,13,218,58,0,58,276
07/07/2016,SYR,NY,AEA,EN,Combined TRACON& Tower with Radar,68,67,26,6,167,0,1,21,8,30,68,68,47,14,197,18,0,18,215
07/08/2016,SYR,NY,AEA,EN,Combined TRACON& Tower with Radar,60,60,12,2,134,0,1,8,0,9,60,61,20,2,143,22,0,22,165
07/09/2016,SYR,NY,AEA,EN,Combined TRACON& Tower with Radar,59,49,14,0,122,0,0,10,3,13,59,49,24,3,135,20,0,20,155
07/10/2016,SYR,NY,AEA,EN,Combined TRACON& Tower with Radar,50,58,18,1,127,0,0,9,0,9,50,58,27,1,136,6,0,6,142
07/11/2016,SYR,NY,AEA,EN,Combined TRACON& Tower with Radar,58,68,21,22,169,0,1,37,0,38,58,69,58,22,207,10,38,48,255
07/12/2016,SYR,NY,AEA,EN,Combined TRACON& Tower with Radar,64,63,30,6,163,0,1,43,1,45,64,64,73,7,208,0,8,8,216
07/13/2016,SYR,NY,AEA,EN,Combined TRACON& Tower with Radar,67,52,25,24,168,0,0,22,7,29,67,52,47,31,197,16,8,24,221
07/14/2016,SYR,NY,AEA,EN,Combined TRACON& Tower with Radar,64,63,30,5,162,0,1,24,4,29,64,64,54,9,191,0,0,0,191
07/15/2016,SYR,NY,AEA,EN,Combined TRACON& Tower with Radar,66,71,22,2,161,0,0,37,0,37,66,71,59,2,198,22,0,22,220
07/16/2016,SYR,NY,AEA,EN,Combined TRACON& Tower with Radar,48,53,29,0,130,0,1,27,1,29,48,54,56,1,159,43,0,43,202
07/17/2016,SYR,NY,AEA,EN,Combined TRACON& Tower with Radar,48,55,26,0,129,0,0,28,0,28,48,55,54,0,157,84,0,84,241
07/18/2016,SYR,NY,AEA,EN,Combined TRACON& Tower with Radar,56,54,16,0,126,0,2,15,0,17,56,56,31,0,143,0,0,0,143
07/19/2016,SYR,NY,AEA,EN,Combined TRACON& Tower with Radar,63,66,30,11,170,0,0,34,8,42,63,66,64,19,212,32,22,54,266
07/20/2016,SYR,NY,AEA,EN,Combined TRACON& Tower with Radar,67,70,24,14,175,0,3,37,7,47,67,73,61,21,222,36,18,54,276
07/21/2016,SYR,NY,AEA,EN,Combined TRACON& Tower with Radar,60,60,19,13,152,0,0,35,13,48,60,60,54,26,200,48,48,96,296
07/22/2016,SYR,NY,AEA,EN,Combined TRACON& Tower with Radar,58,56,16,8,138,0,1,16,1,18,58,57,32,9,156,28,10,38,194
07/23/2016,SYR,NY,AEA,EN,Combined TRACON& Tower with Radar,50,47,9,2,108,0,1,20,4,25,50,48,29,6,133,56,8,64,197
07/24/2016,SYR,NY,AEA,EN,Combined TRACON& Tower with Radar,50,48,22,5,125,0,1,23,1,25,50,49,45,6,150,24,4,28,178
07/25/2016,SYR,NY,AEA,EN,Combined TRACON& Tower with Radar,49,39,4,4,96,0,0,16,1,17,49,39,20,5,113,14,0,14,127
07/26/2016,SYR,NY,AEA,EN,Combined TRACON& Tower with Radar,67,65,25,6,163,0,0,21,6,27,67,65,46,12,190,48,10,58,248
07/27/2016,SYR,NY,AEA,EN,Combined TRACON& Tower with Radar,64,65,19,3,151,0,1,49,33,83,64,66,68,36,234,26,84,110,344
07/28/2016,SYR,NY,AEA,EN,Combined TRACON& Tower with Radar,57,64,27,13,161,0,1,31,10,42,57,65,58,23,203,24,44,68,271
07/29/2016,SYR,NY,AEA,EN,Combined TRACON& Tower with Radar,57,55,9,0,121,0,0,28,2,30,57,55,37,2,151,15,0,15,166
07/30/2016,SYR,NY,AEA,EN,Combined TRACON& Tower with Radar,44,43,12,0,99,0,0,17,0,17,44,43,29,0,116,30,0,30,146
07/31/2016,SYR,NY,AEA,EN,Combined TRACON& Tower with Radar,48,54,30,2,134,0,0,4,5,9,48,54,34,7,143,0,0,0,143
08/01/2016,SYR,NY,AEA,EN,Combined TRACON& Tower with Radar,62,65,21,10,158,0,0,30,2,32,62,65,51,12,190,2,0,2,192
08/02/2016,SYR,NY,AEA,EN,Combined TRACON& Tower with Radar,66,73,25,18,182,0,3,36,12,51,66,76,61,30,233,68,38,106,339
08/03/2016,SYR,NY,AEA,EN,Combined TRACON& Tower with Radar,68,64,22,31,185,0,1,59,17,77,68,65,81,48,262,110,72,182,444
08/04/2016,SYR,NY,AEA,EN,Combined TRACON& Tower with Radar,65,71,20,33,189,0,2,37,1,40,65,73,57,34,229,34,60,94,323
08/05/2016,SYR,NY,AEA,EN,Combined TRACON& Tower with Radar,60,65,22,0,147,0,1,28,4,33,60,66,50,4,180,38,0,38,218
08/06/2016,SYR,NY,AEA,EN,Combined TRACON& Tower with Radar,49,45,25,0,119,0,0,15,5,20,49,45,40,5,139,10,0,10,149
08/07/2016,SYR,NY,AEA,EN,Combined TRACON& Tower with Radar,49,52,19,0,120,0,0,19,6,25,49,52,38,6,145,24,0,24,169
08/08/2016,SYR,NY,AEA,EN,Combined TRACON& Tower with Radar,53,62,14,4,133,0,1,25,5,31,53,63,39,9,164,40,12,52,216
08/09/2016,SYR,NY,AEA,EN,Combined TRACON& Tower with Radar,62,68,22,2,154,0,0,40,4,44,62,68,62,6,198,42,0,42,240
08/10/2016,SYR,NY,AEA,EN,Combined TRACON& Tower with Radar,61,64,30,8,163,0,0,26,11,37,61,64,56,19,200,16,22,38,238
08/11/2016,SYR,NY,AEA,EN,Combined TRACON& Tower with Radar,57,61,32,8,158,0,0,23,4,27,57,61,55,12,185,10,0,10,195
08/12/2016,SYR,NY,AEA,EN,Combined TRACON& Tower with Radar,47,62,14,0,123,0,0,10,2,12,47,62,24,2,135,0,0,0,135
08/13/2016,SYR,NY,AEA,EN,Combined TRACON& Tower with Radar,49,37,8,0,94,0,0,11,0,11,49,37,19,0,105,12,0,12,117
08/14/2016,SYR,NY,AEA,EN,Combined TRACON& Tower with Radar,48,52,17,4,121,0,0,8,3,11,48,52,25,7,132,2,10,12,144
08/15/2016,SYR,NY,AEA,EN,Combined TRACON& Tower with Radar,51,63,26,25,165,0,0,33,7,40,51,63,59,32,205,10,53,63,268
08/16/2016,SYR,NY,AEA,EN,Combined TRACON& Tower with Radar,62,61,29,27,179,0,0,2,46,48,62,61,31,73,227,12,158,170,397
08/17/2016,SYR,NY,AEA,EN,Combined TRACON& Tower with Radar,68,65,23,55,211,0,2,24,8,34,68,67,47,63,245,36,114,150,395
08/18/2016,SYR,NY,AEA,EN,Combined TRACON& Tower with Radar,63,71,21,27,182,0,1,25,25,51,63,72,46,52,233,28,66,94,327
08/19/2016,SYR,NY,AEA,EN,Combined TRACON& Tower with Radar,62,67,23,3,155,0,2,39,2,43,62,69,62,5,198,14,2,16,214
08/20/2016,SYR,NY,AEA,EN,Combined TRACON& Tower with Radar,50,47,12,0,109,0,0,27,2,29,50,47,39,2,138,60,0,60,198
08/21/2016,SYR,NY,AEA,EN,Combined TRACON& Tower with Radar,45,52,9,1,107,0,0,0,1,1,45,52,9,2,108,18,0,18,126
08/22/2016,SYR,NY,AEA,EN,Combined TRACON& Tower with Radar,58,61,30,14,163,0,0,23,19,42,58,61,53,33,205,34,60,94,299
08/23/2016,SYR,NY,AEA,EN,Combined TRACON& Tower with Radar,73,72,30,2,177,0,1,47,2,50,73,73,77,4,227,42,0,42,269
08/24/2016,SYR,NY,AEA,EN,Combined TRACON& Tower with Radar,68,69,28,4,169,0,1,41,8,50,68,70,69,12,219,16,0,16,235
08/25/2016,SYR,NY,AEA,EN,Combined TRACON& Tower with Radar,65,79,31,11,186,0,0,19,21,40,65,79,50,32,226,30,30,60,286
08/26/2016,SYR,NY,AEA,EN,Combined TRACON& Tower with Radar,60,70,22,4,156,0,1,11,0,12,60,71,33,4,168,0,0,0,168
08/27/2016,SYR,NY,AEA,EN,Combined TRACON& Tower with Radar,48,49,10,0,107,0,0,20,4,24,48,49,30,4,131,0,0,0,131
08/28/2016,SYR,NY,AEA,EN,Combined TRACON& Tower with Radar,53,58,9,0,120,0,1,21,2,24,53,59,30,2,144,0,0,0,144
08/29/2016,SYR,NY,AEA,EN,Combined TRACON& Tower with Radar,57,69,21,7,154,0,0,29,2,31,57,69,50,9,185,27,0,27,212
08/30/2016,SYR,NY,AEA,EN,Combined TRACON& Tower with Radar,68,59,28,39,194,0,1,34,40,75,68,60,62,79,269,30,142,172,441
08/31/2016,SYR,NY,AEA,EN,Combined TRACON& Tower with Radar,68,66,22,4,160,0,2,16,0,18,68,68,38,4,178,22,60,82,260
09/01/2016,SYR,NY,AEA,EN,Combined TRACON& Tower with Radar,67,70,25,2,164,0,1,24,2,27,67,71,49,4,191,34,0,34,225
09/02/2016,SYR,NY,AEA,EN,Combined TRACON& Tower with Radar,62,73,16,0,151,0,3,25,2,30,62,76,41,2,181,32,0,32,213
09/03/2016,SYR,NY,AEA,EN,Combined TRACON& Tower with Radar,41,52,16,0,109,0,1,12,0,13,41,53,28,0,122,32,0,32,154
09/04/2016,SYR,NY,AEA,EN,Combined TRACON& Tower with Radar,45,34,10,0,89,0,0,29,1,30,45,34,39,1,119,62,14,76,195
09/05/2016,SYR,NY,AEA,EN,Combined TRACON& Tower with Radar,51,54,4,0,109,0,0,31,5,36,51,54,35,5,145,90,0,90,235
09/06/2016,SYR,NY,AEA,EN,Combined TRACON& Tower with Radar,57,70,15,28,170,0,0,33,28,61,57,70,48,56,231,48,120,168,399
09/07/2016,SYR,NY,AEA,EN,Combined TRACON& Tower with Radar,71,57,25,2,155,0,0,29,2,31,71,57,54,4,186,16,48,64,250
09/08/2016,SYR,NY,AEA,EN,Combined TRACON& Tower with Radar,76,57,30,7,170,0,0,19,1,20,76,57,49,8,190,10,38,48,238
09/09/2016,SYR,NY,AEA,EN,Combined TRACON& Tower with Radar,64,67,15,0,146,0,0,15,5,20,64,67,30,5,166,42,0,42,208
09/10/2016,SYR,NY,AEA,EN,Combined TRACON& Tower with Radar,46,48,16,0,110,0,1,15,9,25,46,49,31,9,135,16,0,16,151
09/11/2016,SYR,NY,AEA,EN,Combined TRACON& Tower with Radar,57,56,14,1,128,0,2,18,26,46,57,58,32,27,174,36,34,70,244
09/12/2016,SYR,NY,AEA,EN,Combined TRACON& Tower with Radar,66,60,18,2,146,0,0,27,2,29,66,60,45,4,175,6,24,30,205
09/13/2016,SYR,NY,AEA,EN,Combined TRACON& Tower with Radar,71,69,32,26,198,0,0,48,4,52,71,69,80,30,250,72,66,138,388
09/14/2016,SYR,NY,AEA,EN,Combined TRACON& Tower with Radar,73,56,15,2,146,0,0,19,2,21,73,56,34,4,167,22,40,62,229
09/15/2016,SYR,NY,AEA,EN,Combined TRACON& Tower with Radar,74,84,26,12,196,0,0,42,21,63,74,84,68,33,259,60,96,156,415
09/16/2016,SYR,NY,AEA,EN,Combined TRACON& Tower with Radar,69,73,23,8,173,0,5,28,3,36,69,78,51,11,209,40,0,40,249
09/17/2016,SYR,NY,AEA,EN,Combined TRACON& Tower with Radar,49,47,11,0,107,0,0,9,0,9,49,47,20,0,116,16,0,16,132
09/18/2016,SYR,NY,AEA,EN,Combined TRACON& Tower with Radar,60,64,16,0,140,0,0,6,2,8,60,64,22,2,148,0,0,0,148
09/19/2016,SYR,NY,AEA,EN,Combined TRACON& Tower with Radar,64,64,25,2,155,0,0,18,9,27,64,64,43,11,182,0,0,0,182
09/20/2016,SYR,NY,AEA,EN,Combined TRACON& Tower with Radar,69,75,32,6,182,0,2,40,3,45,69,77,72,9,227,46,32,78,305
09/21/2016,SYR,NY,AEA,EN,Combined TRACON& Tower with Radar,66,66,22,3,157,0,0,29,5,34,66,66,51,8,191,0,8,8,199
09/22/2016,SYR,NY,AEA,EN,Combined TRACON& Tower with Radar,76,62,38,16,192,0,1,49,13,63,76,63,87,29,255,48,54,102,357
09/23/2016,SYR,NY,AEA,EN,Combined TRACON& Tower with Radar,71,64,27,3,165,0,0,5,0,5,71,64,32,3,170,0,0,0,170
09/24/2016,SYR,NY,AEA,EN,Combined TRACON& Tower with Radar,50,48,13,2,113,0,0,28,3,31,50,48,41,5,144,34,0,34,178
09/25/2016,SYR,NY,AEA,EN,Combined TRACON& Tower with Radar,58,58,22,0,138,0,1,36,0,37,58,59,58,0,175,40,0,40,215
09/26/2016,SYR,NY,AEA,EN,Combined TRACON& Tower with Radar,70,67,23,16,176,0,0,20,28,48,70,67,43,44,224,38,66,104,328
09/27/2016,SYR,NY,AEA,EN,Combined TRACON& Tower with Radar,68,68,18,18,172,0,1,34,15,50,68,69,52,33,222,37,82,119,341
09/28/2016,SYR,NY,AEA,EN,Combined TRACON& Tower with Radar,67,58,28,6,159,0,0,22,21,43,67,58,50,27,202,48,62,110,312
09/29/2016,SYR,NY,AEA,EN,Combined TRACON& Tower with Radar,73,62,18,26,179,0,0,10,29,39,73,62,28,55,218,12,116,128,346
09/30/2016,SYR,NY,AEA,EN,Combined TRACON& Tower with Radar,61,75,17,0,153,0,0,14,0,14,61,75,31,0,167,40,0,40,207
10/01/2016,SYR,NY,AEA,EN,Combined TRACON& Tower with Radar,53,49,22,0,124,0,0,4,1,5,53,49,26,1,129,32,0,32,161
10/02/2016,SYR,NY,AEA,EN,Combined TRACON& Tower with Radar,55,68,22,0,145,0,0,12,0,12,55,68,34,0,157,16,0,16,173
10/03/2016,SYR,NY,AEA,EN,Combined TRACON& Tower with Radar,65,59,28,8,160,0,0,6,10,16,65,59,34,18,176,36,52,88,264
10/04/2016,SYR,NY,AEA,EN,Combined TRACON& Tower with Radar,66,70,28,24,188,0,0,17,19,36,66,70,45,43,224,2,80,82,306
10/05/2016,SYR,NY,AEA,EN,Combined TRACON& Tower with Radar,71,75,27,17,190,0,0,40,15,55,71,75,67,32,245,34,62,96,341
10/06/2016,SYR,NY,AEA,EN,Combined TRACON& Tower with Radar,73,71,35,14,193,0,2,54,11,67,73,73,89,25,260,40,54,94,354
10/07/2016,SYR,NY,AEA,EN,Combined TRACON& Tower with Radar,68,68,23,2,161,0,2,29,2,33,68,70,52,4,194,40,0,40,234
10/08/2016,SYR,NY,AEA,EN,Combined TRACON& Tower with Radar,44,54,14,2,114,0,0,2,2,4,44,54,16,4,118,0,0,0,118
10/09/2016,SYR,NY,AEA,EN,Combined TRACON& Tower with Radar,60,48,22,2,132,0,0,10,0,10,60,48,32,2,142,38,0,38,180
10/10/2016,SYR,NY,AEA,EN,Combined TRACON& Tower with Radar,66,68,15,0,149,0,1,17,0,18,66,69,32,0,167,14,0,14,181
10/11/2016,SYR,NY,AEA,EN,Combined TRACON& Tower with Radar,72,59,23,26,180,0,1,33,7,41,72,60,56,33,221,38,32,70,291
10/12/2016,SYR,NY,AEA,EN,Combined TRACON& Tower with Radar,71,65,25,15,176,0,1,44,16,61,71,66,69,31,237,18,64,82,319
10/13/2016,SYR,NY,AEA,EN,Combined TRACON& Tower with Radar,74,64,25,23,186,0,1,0,14,15,74,65,25,37,201,0,46,46,247
10/14/2016,SYR,NY,AEA,EN,Combined TRACON& Tower with Radar,68,58,23,4,153,0,0,48,6,54,68,58,71,10,207,26,22,48,255
10/15/2016,SYR,NY,AEA,EN,Combined TRACON& Tower with Radar,46,54,18,6,124,0,2,32,2,36,46,56,50,8,160,8,6,14,174
10/16/2016,SYR,NY,AEA,EN,Combined TRACON& Tower with Radar,55,56,27,2,140,0,0,7,0,7,55,56,34,2,147,0,0,0,147
10/17/2016,SYR,NY,AEA,EN,Combined TRACON& Tower with Radar,64,58,18,0,140,0,0,2,0,2,64,58,20,0,142,30,0,30,172
10/18/2016,SYR,NY,AEA,EN,Combined TRACON& Tower with Radar,72,58,27,5,162,0,0,16,5,21,72,58,43,10,183,12,0,12,195
10/19/2016,SYR,NY,AEA,EN,Combined TRACON& Tower with Radar,73,60,21,3,157,0,0,37,7,44,73,60,58,10,201,32,0,32,233
10/20/2016,SYR,NY,AEA,EN,Combined TRACON& Tower with Radar,72,63,25,2,162,0,0,1,0,1,72,63,26,2,163,4,4,8,171
10/21/2016,SYR,NY,AEA,EN,Combined TRACON& Tower with Radar,68,57,11,0,136,0,0,0,0,0,68,57,11,0,136,0,0,0,136
10/22/2016,SYR,NY,AEA,EN,Combined TRACON& Tower with Radar,44,47,9,0,100,0,0,0,0,0,44,47,9,0,100,0,0,0,100
10/23/2016,SYR,NY,AEA,EN,Combined TRACON& Tower with Radar,58,50,10,2,120,0,0,5,0,5,58,50,15,2,125,0,0,0,125
10/24/2016,SYR,NY,AEA,EN,Combined TRACON& Tower with Radar,71,60,24,20,175,0,1,13,1,15,71,61,37,21,190,14,26,40,230
10/25/2016,SYR,NY,AEA,EN,Combined TRACON& Tower with Radar,72,77,23,16,188,0,0,21,14,35,72,77,44,30,223,14,46,60,283
10/26/2016,SYR,NY,AEA,EN,Combined TRACON& Tower with Radar,75,65,14,27,181,0,0,18,6,24,75,65,32,33,205,30,66,96,301
10/27/2016,SYR,NY,AEA,EN,Combined TRACON& Tower with Radar,74,67,19,0,160,0,0,0,0,0,74,67,19,0,160,0,0,0,160
10/28/2016,SYR,NY,AEA,EN,Combined TRACON& Tower with Radar,71,66,27,1,165,0,0,2,0,2,71,66,29,1,167,0,0,0,167
10/29/2016,SYR,NY,AEA,EN,Combined TRACON& Tower with Radar,45,58,18,0,121,0,0,4,0,4,45,58,22,0,125,18,0,18,143
10/30/2016,SYR,NY,AEA,EN,Combined TRACON& Tower with Radar,51,50,23,0,124,0,2,10,0,12,51,52,33,0,136,12,0,12,148
10/31/2016,SYR,NY,AEA,EN,Combined TRACON& Tower with Radar,57,57,17,20,151,0,1,15,12,28,57,58,32,32,179,10,42,52,231
11/01/2016,SYR,NY,AEA,EN,Combined TRACON& Tower with Radar,65,57,30,27,179,0,3,38,3,44,65,60,68,30,223,0,84,84,307
11/02/2016,SYR,NY,AEA,EN,Combined TRACON& Tower with Radar,69,66,25,5,165,0,0,19,3,22,69,66,44,8,187,26,0,26,213
11/03/2016,SYR,NY,AEA,EN,Combined TRACON& Tower with Radar,63,68,23,2,156,0,0,2,5,7,63,68,25,7,163,20,24,44,207
11/04/2016,SYR,NY,AEA,EN,Combined TRACON& Tower with Radar,60,72,22,0,154,0,3,20,3,26,60,75,42,3,180,56,0,56,236
11/05/2016,SYR,NY,AEA,EN,Combined TRACON& Tower with Radar,45,45,14,0,104,0,0,6,2,8,45,45,20,2,112,12,0,12,124
11/06/2016,SYR,NY,AEA,EN,Combined TRACON& Tower with Radar,51,63,25,17,156,0,1,15,13,29,51,64,40,30,185,66,75,141,326
11/07/2016,SYR,NY,AEA,EN,Combined TRACON& Tower with Radar,50,66,19,5,140,0,1,30,4,35,50,67,49,9,175,22,40,62,237
11/08/2016,SYR,NY,AEA,EN,Combined TRACON& Tower with Radar,61,62,22,7,152,0,4,25,0,29,61,66,47,7,181,22,26,48,229
11/09/2016,SYR,NY,AEA,EN,Combined TRACON& Tower with Radar,70,72,34,9,185,0,0,6,0,6,70,72,40,9,191,0,24,24,215
11/10/2016,SYR,NY,AEA,EN,Combined TRACON& Tower with Radar,60,72,26,2,160,0,2,14,0,16,60,74,40,2,176,0,0,0,176
11/11/2016,SYR,NY,AEA,EN,Combined TRACON& Tower with Radar,59,70,6,0,135,0,0,5,0,5,59,70,11,0,140,0,0,0,140
11/12/2016,SYR,NY,AEA,EN,Combined TRACON& Tower with Radar,45,42,17,0,104,0,0,18,0,18,45,42,35,0,122,10,0,10,132
11/13/2016,SYR,NY,AEA,EN,Combined TRACON& Tower with Radar,47,55,13,0,115,0,1,29,0,30,47,56,42,0,145,0,0,0,145
11/14/2016,SYR,NY,AEA,EN,Combined TRACON& Tower with Radar,55,64,9,3,131,0,2,43,1,46,55,66,52,4,177,20,0,20,197
11/15/2016,SYR,NY,AEA,EN,Combined TRACON& Tower with Radar,56,60,23,8,147,0,0,39,21,60,56,60,62,29,207,16,42,58,265
11/16/2016,SYR,NY,AEA,EN,Combined TRACON& Tower with Radar,62,67,28,4,161,0,0,15,0,15,62,67,43,4,176,12,0,12,188
11/17/2016,SYR,NY,AEA,EN,Combined TRACON& Tower with Radar,64,73,41,4,182,0,0,36,6,42,64,73,77,10,224,40,0,40,264
11/18/2016,SYR,NY,AEA,EN,Combined TRACON& Tower with Radar,63,74,32,0,169,0,0,33,2,35,63,74,65,2,204,18,0,18,222
11/19/2016,SYR,NY,AEA,EN,Combined TRACON& Tower with Radar,48,38,15,0,101,0,0,20,5,25,48,38,35,5,126,0,0,0,126
11/20/2016,SYR,NY,AEA,EN,Combined TRACON& Tower with Radar,44,38,10,0,92,0,0,0,0,0,44,38,10,0,92,0,0,0,92
11/21/2016,SYR,NY,AEA,EN,Combined TRACON& Tower with Radar,50,50,5,1,106,0,0,0,0,0,50,50,5,1,106,0,0,0,106
11/22/2016,SYR,NY,AEA,EN,Combined TRACON& Tower with Radar,63,66,21,17,167,0,0,10,15,25,63,66,31,32,192,14,60,74,266
11/23/2016,SYR,NY,AEA,EN,Combined TRACON& Tower with Radar,67,72,21,0,160,0,1,19,4,24,67,73,40,4,184,32,0,32,216
11/24/2016,SYR,NY,AEA,EN,Combined TRACON& Tower with Radar,31,31,6,0,68,0,0,0,0,0,31,31,6,0,68,0,0,0,68
11/25/2016,SYR,NY,AEA,EN,Combined TRACON& Tower with Radar,55,36,8,0,99,0,0,2,0,2,55,36,10,0,101,16,0,16,117
11/26/2016,SYR,NY,AEA,EN,Combined TRACON& Tower with Radar,48,70,5,0,123,0,0,0,0,0,48,70,5,0,123,0,0,0,123
11/27/2016,SYR,NY,AEA,EN,Combined TRACON& Tower with Radar,53,75,20,0,148,0,0,4,1,5,53,75,24,1,153,0,0,0,153
11/28/2016,SYR,NY,AEA,EN,Combined TRACON& Tower with Radar,64,66,34,4,168,0,1,34,5,40,64,67,68,9,208,42,0,42,250
11/29/2016,SYR,NY,AEA,EN,Combined TRACON& Tower with Radar,65,60,24,11,160,0,0,7,2,9,65,60,31,13,169,0,0,0,169
11/30/2016,SYR,NY,AEA,EN,Combined TRACON& Tower with Radar,61,63,18,12,154,0,0,14,0,14,61,63,32,12,168,22,24,46,214
12/01/2016,SYR,NY,AEA,EN,Combined TRACON& Tower with Radar,69,69,17,6,161,0,0,16,2,18,69,69,33,8,179,10,0,10,189
12/02/2016,SYR,NY,AEA,EN,Combined TRACON& Tower with Radar,52,70,9,0,131,0,0,1,0,1,52,70,10,0,132,0,0,0,132
12/03/2016,SYR,NY,AEA,EN,Combined TRACON& Tower with Radar,40,33,7,0,80,0,0,0,11,11,40,33,7,11,91,12,56,68,159
12/04/2016,SYR,NY,AEA,EN,Combined TRACON& Tower with Radar,41,49,24,0,114,0,0,44,1,45,41,49,68,1,159,137,0,137,296
12/05/2016,SYR,NY,AEA,EN,Combined TRACON& Tower with Radar,54,66,14,5,139,0,0,8,3,11,54,66,22,8,150,22,0,22,172
12/06/2016,SYR,NY,AEA,EN,Combined TRACON& Tower with Radar,54,58,24,4,140,0,0,35,4,39,54,58,59,8,179,118,6,124,303
12/07/2016,SYR,NY,AEA,EN,Combined TRACON& Tower with Radar,59,70,30,10,169,0,0,15,6,21,59,70,45,16,190,36,28,64,254
12/08/2016,SYR,NY,AEA,EN,Combined TRACON& Tower with Radar,61,61,17,8,147,0,0,3,7,10,61,61,20,15,157,28,16,44,201
12/09/2016,SYR,NY,AEA,EN,Combined TRACON& Tower with Radar,57,68,9,0,134,0,0,0,0,0,57,68,9,0,134,0,0,0,134
12/10/2016,SYR,NY,AEA,EN,Combined TRACON& Tower with Radar,42,31,5,0,78,0,0,0,0,0,42,31,5,0,78,0,0,0,78
12/11/2016,SYR,NY,AEA,EN,Combined TRACON& Tower with Radar,38,40,15,2,95,0,0,18,0,18,38,40,33,2,113,18,0,18,131
12/12/2016,SYR,NY,AEA,EN,Combined TRACON& Tower with Radar,52,57,13,9,131,0,0,0,41,41,52,57,13,50,172,0,86,86,258
12/13/2016,SYR,NY,AEA,EN,Combined TRACON& Tower with Radar,58,72,38,12,180,0,0,31,8,39,58,72,69,20,219,28,70,98,317
12/14/2016,SYR,NY,AEA,EN,Combined TRACON& Tower with Radar,61,65,10,5,141,0,0,23,0,23,61,65,33,5,164,24,16,40,204
12/15/2016,SYR,NY,AEA,EN,Combined TRACON& Tower with Radar,48,38,18,1,105,0,0,3,0,3,48,38,21,1,108,0,0,0,108
12/16/2016,SYR,NY,AEA,EN,Combined TRACON& Tower with Radar,64,80,19,0,163,0,1,14,4,19,64,81,33,4,182,18,0,18,200
12/17/2016,SYR,NY,AEA,EN,Combined TRACON& Tower with Radar,43,45,8,0,96,0,0,3,0,3,43,45,11,0,99,12,0,12,111
12/18/2016,SYR,NY,AEA,EN,Combined TRACON& Tower with Radar,51,49,7,0,107,0,0,1,0,1,51,49,8,0,108,0,0,0,108
12/19/2016,SYR,NY,AEA,EN,Combined TRACON& Tower with Radar,58,60,18,6,142,0,0,30,0,30,58,60,48,6,172,6,0,6,178
12/20/2016,SYR,NY,AEA,EN,Combined TRACON& Tower with Radar,68,61,22,7,158,0,0,30,0,30,68,61,52,7,188,36,8,44,232
12/21/2016,SYR,NY,AEA,EN,Combined TRACON& Tower with Radar,69,56,19,4,148,0,0,30,0,30,69,56,49,4,178,30,0,30,208
12/22/2016,SYR,NY,AEA,EN,Combined TRACON& Tower with Radar,73,59,13,8,153,0,0,7,10,17,73,59,20,18,170,0,38,38,208
12/23/2016,SYR,NY,AEA,EN,Combined TRACON& Tower with Radar,67,59,24,0,150,0,0,37,1,38,67,59,61,1,188,39,0,39,227
12/24/2016,SYR,NY,AEA,EN,Combined TRACON& Tower with Radar,46,35,6,0,87,0,0,5,2,7,46,35,11,2,94,64,0,64,158
12/25/2016,SYR,NY,AEA,EN,Combined TRACON& Tower with Radar,40,26,5,0,71,0,0,2,2,4,40,26,7,2,75,0,0,0,75
12/26/2016,SYR,NY,AEA,EN,Combined TRACON& Tower with Radar,46,58,10,0,114,0,0,0,0,0,46,58,10,0,114,0,0,0,114
12/27/2016,SYR,NY,AEA,EN,Combined TRACON& Tower with Radar,56,60,9,2,127,0,0,9,18,27,56,60,18,20,154,34,52,86,240
12/28/2016,SYR,NY,AEA,EN,Combined TRACON& Tower with Radar,66,60,18,4,148,0,0,9,11,20,66,60,27,15,168,20,54,74,242
12/29/2016,SYR,NY,AEA,EN,Combined TRACON& Tower with Radar,68,69,6,0,143,0,0,5,0,5,68,69,11,0,148,21,0,21,169
12/30/2016,SYR,NY,AEA,EN,Combined TRACON& Tower with Radar,59,57,6,0,122,0,0,0,0,0,59,57,6,0,122,0,0,0,122
12/31/2016,SYR,NY,AEA,EN,Combined TRACON& Tower with Radar,42,44,2,0,88,0,0,3,3,6,42,44,5,3,94,0,0,0,94
01/01/2017,SYR,NY,AEA,EN,Combined TRACON& Tower with Radar,43,45,17,0,105,0,0,20,0,20,43,45,37,0,125,0,0,0,125
01/02/2017,SYR,NY,AEA,EN,Combined TRACON& Tower with Radar,49,58,4,0,111,0,1,6,2,9,49,59,10,2,120,0,0,0,120
01/03/2017,SYR,NY,AEA,EN,Combined TRACON& Tower with Radar,60,61,7,0,128,0,0,1,0,1,60,61,8,0,129,12,0,12,141
01/04/2017,SYR,NY,AEA,EN,Combined TRACON& Tower with Radar,70,48,13,4,135,0,0,7,0,7,70,48,20,4,142,0,0,0,142
01/05/2017,SYR,NY,AEA,EN,Combined TRACON& Tower with Radar,70,59,17,8,154,0,0,9,0,9,70,59,26,8,163,26,24,50,213
01/06/2017,SYR,NY,AEA,EN,Combined TRACON& Tower with Radar,62,53,17,0,132,0,0,23,0,23,62,53,40,0,155,14,0,14,169
01/07/2017,SYR,NY,AEA,EN,Combined TRACON& Tower with Radar,40,37,28,20,125,0,0,24,18,42,40,37,52,38,167,69,64,133,300
01/08/2017,SYR,NY,AEA,EN,Combined TRACON& Tower with Radar,47,52,9,0,108,0,0,0,0,0,47,52,9,0,108,0,0,0,108
01/09/2017,SYR,NY,AEA,EN,Combined TRACON& Tower with Radar,48,66,18,4,136,0,0,18,2,20,48,66,36,6,156,2,0,2,158
01/10/2017,SYR,NY,AEA,EN,Combined TRACON& Tower with Radar,48,42,14,2,106,0,0,0,3,3,48,42,14,5,109,0,0,0,109
01/11/2017,SYR,NY,AEA,EN,Combined TRACON& Tower with Radar,69,60,21,4,154,0,0,24,0,24,69,60,45,4,178,12,6,18,196
01/12/2017,SYR,NY,AEA,EN,Combined TRACON& Tower with Radar,58,66,15,0,139,0,0,2,0,2,58,66,17,0,141,0,0,0,141
01/13/2017,SYR,NY,AEA,EN,Combined TRACON& Tower with Radar,50,63,14,0,127,0,0,4,0,4,50,63,18,0,131,0,0,0,131
01/14/2017,SYR,NY,AEA,EN,Combined TRACON& Tower with Radar,38,48,16,0,102,0,0,23,1,24,38,48,39,1,126,14,0,14,140
01/15/2017,SYR,NY,AEA,EN,Combined TRACON& Tower with Radar,41,52,12,0,105,0,0,22,1,23,41,52,34,1,128,0,0,0,128
01/16/2017,SYR,NY,AEA,EN,Combined TRACON& Tower with Radar,48,71,13,0,132,0,0,33,2,35,48,71,46,2,167,30,0,30,197
01/17/2017,SYR,NY,AEA,EN,Combined TRACON& Tower with Radar,53,53,11,0,117,0,0,1,0,1,53,53,12,0,118,0,0,0,118
01/18/2017,SYR,NY,AEA,EN,Combined TRACON& Tower with Radar,61,66,9,4,140,0,0,0,0,0,61,66,9,4,140,0,0,0,140
01/19/2017,SYR,NY,AEA,EN,Combined TRACON& Tower with Radar,58,68,23,8,157,0,0,5,8,13,58,68,28,16,170,24,48,72,242
01/20/2017,SYR,NY,AEA,EN,Combined TRACON& Tower with Radar,56,65,10,0,131,0,0,5,0,5,56,65,15,0,136,24,0,24,160
01/21/2017,SYR,NY,AEA,EN,Combined TRACON& Tower with Radar,42,52,16,0,110,0,1,10,0,11,42,53,26,0,121,20,0,20,141
01/22/2017,SYR,NY,AEA,EN,Combined TRACON& Tower with Radar,42,55,17,0,114,0,0,9,0,9,42,55,26,0,123,20,0,20,143
01/23/2017,SYR,NY,AEA,EN,Combined TRACON& Tower with Radar,46,57,16,6,125,0,0,18,0,18,46,57,34,6,143,32,0,32,175
01/24/2017,SYR,NY,AEA,EN,Combined TRACON& Tower with Radar,58,64,4,0,126,0,0,0,0,0,58,64,4,0,126,0,0,0,126
01/25/2017,SYR,NY,AEA,EN,Combined TRACON& Tower with Radar,58,63,18,2,141,0,0,6,0,6,58,63,24,2,147,12,0,12,159
01/26/2017,SYR,NY,AEA,EN,Combined TRACON& Tower with Radar,60,71,15,8,154,0,0,19,1,20,60,71,34,9,174,20,10,30,204
01/27/2017,SYR,NY,AEA,EN,Combined TRACON& Tower with Radar,51,69,10,0,130,0,0,6,0,6,51,69,16,0,136,0,0,0,136
01/28/2017,SYR,NY,AEA,EN,Combined TRACON& Tower with Radar,39,51,8,0,98,0,0,4,0,4,39,51,12,0,102,0,0,0,102
01/29/2017,SYR,NY,AEA,EN,Combined TRACON& Tower with Radar,42,57,11,0,110,0,0,10,0,10,42,57,21,0,120,6,0,6,126
01/30/2017,SYR,NY,AEA,EN,Combined TRACON& Tower with Radar,52,66,16,6,140,0,0,10,0,10,52,66,26,6,150,2,0,2,152
01/31/2017,SYR,NY,AEA,EN,Combined TRACON& Tower with Radar,58,60,26,4,148,0,0,12,2,14,58,60,38,6,162,0,0,0,162
02/01/2017,SYR,NY,AEA,EN,Combined TRACON& Tower with Radar,57,61,11,10,139,0,1,17,0,18,57,62,28,10,157,38,10,48,205
02/02/2017,SYR,NY,AEA,EN,Combined TRACON& Tower with Radar,63,63,15,3,144,0,0,9,0,9,63,63,24,3,153,0,0,0,153
02/03/2017,SYR,NY,AEA,EN,Combined TRACON& Tower with Radar,50,71,9,0,130,0,0,13,0,13,50,71,22,0,143,0,0,0,143
02/04/2017,SYR,NY,AEA,EN,Combined TRACON& Tower with Radar,34,53,14,0,101,0,0,21,0,21,34,53,35,0,122,16,0,16,138
02/05/2017,SYR,NY,AEA,EN,Combined TRACON& Tower with Radar,37,48,15,0,100,0,0,2,2,4,37,48,17,2,104,12,0,12,116
02/06/2017,SYR,NY,AEA,EN,Combined TRACON& Tower with Radar,53,70,25,2,150,0,0,27,0,27,53,70,52,2,177,42,0,42,219
02/07/2017,SYR,NY,AEA,EN,Combined TRACON& Tower with Radar,56,60,13,0,129,0,1,5,0,6,56,61,18,0,135,0,0,0,135
02/08/2017,SYR,NY,AEA,EN,Combined TRACON& Tower with Radar,57,63,22,4,146,0,0,21,6,27,57,63,43,10,173,38,10,48,221
02/09/2017,SYR,NY,AEA,EN,Combined TRACON& Tower with Radar,52,37,26,9,124,0,0,14,3,17,52,37,40,12,141,18,0,18,159
02/10/2017,SYR,NY,AEA,EN,Combined TRACON& Tower with Radar,51,64,16,0,131,0,0,6,0,6,51,64,22,0,137,12,2,14,151
02/11/2017,SYR,NY,AEA,EN,Combined TRACON& Tower with Radar,40,49,16,22,127,0,0,32,27,59,40,49,48,49,186,18,68,86,272
02/12/2017,SYR,NY,AEA,EN,Combined TRACON& Tower with Radar,40,36,5,0,81,0,0,0,0,0,40,36,5,0,81,0,0,0,81
02/13/2017,SYR,NY,AEA,EN,Combined TRACON& Tower with Radar,45,61,4,0,110,0,0,4,2,6,45,61,8,2,116,0,0,0,116
02/14/2017,SYR,NY,AEA,EN,Combined TRACON& Tower with Radar,60,60,25,6,151,0,2,43,2,47,60,62,68,8,198,20,18,38,236
02/15/2017,SYR,NY,AEA,EN,Combined TRACON& Tower with Radar,67,54,13,10,144,0,0,4,12,16,67,54,17,22,160,0,58,58,218
02/16/2017,SYR,NY,AEA,EN,Combined TRACON& Tower with Radar,61,64,29,0,154,0,0,0,0,0,61,64,29,0,154,0,0,0,154
02/17/2017,SYR,NY,AEA,EN,Combined TRACON& Tower with Radar,60,65,15,0,140,0,0,15,2,17,60,65,30,2,157,58,0,58,215
02/18/2017,SYR,NY,AEA,EN,Combined TRACON& Tower with Radar,40,60,23,2,125,0,0,45,0,45,40,60,68,2,170,44,0,44,214
02/19/2017,SYR,NY,AEA,EN,Combined TRACON& Tower with Radar,36,55,9,0,100,0,0,30,0,30,36,55,39,0,130,0,0,0,130
02/20/2017,SYR,NY,AEA,EN,Combined TRACON& Tower with Radar,53,70,14,0,137,0,0,19,2,21,53,70,33,2,158,12,0,12,170
02/21/2017,SYR,NY,AEA,EN,Combined TRACON& Tower with Radar,60,63,12,10,145,0,0,43,2,45,60,63,55,12,190,18,18,36,226
02/22/2017,SYR,NY,AEA,EN,Combined TRACON& Tower with Radar,65,81,27,6,179,0,0,20,7,27,65,81,47,13,206,20,26,46,252
02/23/2017,SYR,NY,AEA,EN,Combined TRACON& Tower with Radar,67,67,26,5,165,0,1,24,6,31,67,68,50,11,196,10,10,20,216
02/24/2017,SYR,NY,AEA,EN,Combined TRACON& Tower with Radar,58,69,11,0,138,0,1,13,0,14,58,70,24,0,152,0,0,0,152
02/25/2017,SYR,NY,AEA,EN,Combined TRACON& Tower with Radar,40,68,7,0,115,0,0,1,4,5,40,68,8,4,120,0,0,0,120
02/26/2017,SYR,NY,AEA,EN,Combined TRACON& Tower with Radar,42,73,4,0,119,0,0,4,0,4,42,73,8,0,123,0,0,0,123
02/27/2017,SYR,NY,AEA,EN,Combined TRACON& Tower with Radar,54,65,17,4,140,0,0,39,2,41,54,65,56,6,181,22,0,22,203
02/28/2017,SYR,NY,AEA,EN,Combined TRACON& Tower with Radar,64,61,21,30,176,0,3,34,2,39,64,64,55,32,215,44,76,120,335
03/01/2017,SYR,NY,AEA,EN,Combined TRACON& Tower with Radar,58,57,17,6,138,0,0,9,1,10,58,57,26,7,148,0,0,0,148
03/02/2017,SYR,NY,AEA,EN,Combined TRACON& Tower with Radar,64,57,12,0,133,0,2,3,0,5,64,59,15,0,138,0,0,0,138
03/03/2017,SYR,NY,AEA,EN,Combined TRACON& Tower with Radar,67,67,8,0,142,0,0,5,0,5,67,67,13,0,147,0,0,0,147
03/04/2017,SYR,NY,AEA,EN,Combined TRACON& Tower with Radar,39,58,18,2,117,0,0,11,0,11,39,58,29,2,128,0,0,0,128
03/05/2017,SYR,NY,AEA,EN,Combined TRACON& Tower with Radar,44,56,14,0,114,0,0,31,0,31,44,56,45,0,145,48,0,48,193
03/06/2017,SYR,NY,AEA,EN,Combined TRACON& Tower with Radar,62,59,29,10,160,0,1,20,0,21,62,60,49,10,181,30,60,90,271
03/07/2017,SYR,NY,AEA,EN,Combined TRACON& Tower with Radar,65,62,10,0,137,0,0,3,0,3,65,62,13,0,140,24,0,24,164
03/08/2017,SYR,NY,AEA,EN,Combined TRACON& Tower with Radar,79,61,21,3,164,0,0,4,2,6,79,61,25,5,170,12,20,32,202
03/09/2017,SYR,NY,AEA,EN,Combined TRACON& Tower with Radar,76,53,17,5,151,0,1,18,2,21,76,54,35,7,172,0,0,0,172
03/10/2017,SYR,NY,AEA,EN,Combined TRACON& Tower with Radar,78,47,10,2,137,0,0,2,0,2,78,47,12,2,139,0,0,0,139
03/11/2017,SYR,NY,AEA,EN,Combined TRACON& Tower with Radar,55,36,4,0,95,0,0,2,0,2,55,36,6,0,97,0,0,0,97
03/12/2017,SYR,NY,AEA,EN,Combined TRACON& Tower with Radar,53,42,14,0,109,0,2,11,5,18,53,44,25,5,127,0,0,0,127
03/13/2017,SYR,NY,AEA,EN,Combined TRACON& Tower with Radar,54,50,26,15,145,0,0,31,7,38,54,50,57,22,183,28,44,72,255
03/14/2017,SYR,NY,AEA,EN,Combined TRACON& Tower with Radar,22,3,1,0,26,0,0,0,0,0,22,3,1,0,26,0,0,0,26
03/15/2017,SYR,NY,AEA,EN,Combined TRACON& Tower with Radar,61,44,10,0,115,0,0,0,0,0,61,44,10,0,115,0,0,0,115
03/16/2017,SYR,NY,AEA,EN,Combined TRACON& Tower with Radar,78,45,15,4,142,0,1,14,3,18,78,46,29,7,160,0,0,0,160
03/17/2017,SYR,NY,AEA,EN,Combined TRACON& Tower with Radar,72,54,15,1,142,0,0,20,1,21,72,54,35,2,163,62,0,62,225
03/18/2017,SYR,NY,AEA,EN,Combined TRACON& Tower with Radar,62,29,12,0,103,0,0,7,0,7,62,29,19,0,110,16,0,16,126
03/19/2017,SYR,NY,AEA,EN,Combined TRACON& Tower with Radar,55,41,29,0,125,0,0,29,0,29,55,41,58,0,154,94,0,94,248
03/20/2017,SYR,NY,AEA,EN,Combined TRACON& Tower with Radar,68,46,23,23,160,0,0,20,4,24,68,46,43,27,184,0,38,38,222
03/21/2017,SYR,NY,AEA,EN,Combined TRACON& Tower with Radar,70,46,35,10,161,0,0,23,3,26,70,46,58,13,187,6,50,56,243
03/22/2017,SYR,NY,AEA,EN,Combined TRACON& Tower with Radar,73,58,19,5,155,0,1,17,6,24,73,59,36,11,179,0,60,60,239
03/23/2017,SYR,NY,AEA,EN,Combined TRACON& Tower with Radar,81,52,21,5,159,0,0,48,4,52,81,52,69,9,211,20,16,36,247
03/24/2017,SYR,NY,AEA,EN,Combined TRACON& Tower with Radar,68,51,10,0,129,0,0,4,0,4,68,51,14,0,133,0,0,0,133
03/25/2017,SYR,NY,AEA,EN,Combined TRACON& Tower with Radar,54,51,4,0,109,0,0,2,0,2,54,51,6,0,111,0,0,0,111
03/26/2017,SYR,NY,AEA,EN,Combined TRACON& Tower with Radar,55,41,14,0,110,0,0,9,2,11,55,41,23,2,121,10,0,10,131
03/27/2017,SYR,NY,AEA,EN,Combined TRACON& Tower with Radar,68,56,23,2,149,0,0,14,0,14,68,56,37,2,163,46,0,46,209
03/28/2017,SYR,NY,AEA,EN,Combined TRACON& Tower with Radar,74,43,25,2,144,0,0,1,5,6,74,43,26,7,150,0,8,8,158
03/29/2017,SYR,NY,AEA,EN,Combined TRACON& Tower with Radar,78,58,16,4,156,0,1,35,2,38,78,59,51,6,194,30,0,30,224
03/30/2017,SYR,NY,AEA,EN,Combined TRACON& Tower with Radar,72,57,25,6,160,0,0,31,4,35,72,57,56,10,195,8,0,8,203
03/31/2017,SYR,NY,AEA,EN,Combined TRACON& Tower with Radar,72,45,8,0,125,0,0,0,0,0,72,45,8,0,125,0,0,0,125
04/01/2017,SYR,NY,AEA,EN,Combined TRACON& Tower with Radar,53,41,3,0,97,0,0,5,0,5,53,41,8,0,102,18,74,92,194
04/02/2017,SYR,NY,AEA,EN,Combined TRACON& Tower with Radar,57,50,24,13,144,0,1,40,5,46,57,51,64,18,190,40,82,122,312
04/03/2017,SYR,NY,AEA,EN,Combined TRACON& Tower with Radar,61,44,20,6,131,0,1,31,2,34,61,45,51,8,165,0,0,0,165
04/04/2017,SYR,NY,AEA,EN,Combined TRACON& Tower with Radar,67,59,13,0,139,0,0,2,0,2,67,59,15,0,141,0,0,0,141
04/05/2017,SYR,NY,AEA,EN,Combined TRACON& Tower with Radar,62,63,26,7,158,0,0,15,2,17,62,63,41,9,175,72,32,104,279
04/06/2017,SYR,NY,AEA,EN,Combined TRACON& Tower with Radar,54,55,33,0,142,0,0,2,0,2,54,55,35,0,144,0,0,0,144
04/07/2017,SYR,NY,AEA,EN,Combined TRACON& Tower with Radar,54,63,7,0,124,0,0,2,0,2,54,63,9,0,126,0,0,0,126
04/08/2017,SYR,NY,AEA,EN,Combined TRACON& Tower with Radar,44,53,9,0,106,0,0,12,2,14,44,53,21,2,120,16,0,16,136
04/09/2017,SYR,NY,AEA,EN,Combined TRACON& Tower with Radar,41,64,17,0,122,0,2,43,4,49,41,66,60,4,171,24,0,24,195
04/10/2017,SYR,NY,AEA,EN,Combined TRACON& Tower with Radar,58,68,28,3,157,0,1,30,3,34,58,69,58,6,191,60,0,60,251
04/11/2017,SYR,NY,AEA,EN,Combined TRACON& Tower with Radar,70,72,17,4,163,0,1,13,2,16,70,73,30,6,179,38,0,38,217
04/12/2017,SYR,NY,AEA,EN,Combined TRACON& Tower with Radar,63,68,24,8,163,0,0,18,5,23,63,68,42,13,186,8,60,68,254
04/13/2017,SYR,NY,AEA,EN,Combined TRACON& Tower with Radar,65,65,26,3,159,0,3,31,14,48,65,68,57,17,207,0,14,14,221
04/14/2017,SYR,NY,AEA,EN,Combined TRACON& Tower with Radar,66,62,25,0,153,0,3,49,4,56,66,65,74,4,209,18,0,18,227
04/15/2017,SYR,NY,AEA,EN,Combined TRACON& Tower with Radar,51,42,18,2,113,0,0,11,1,12,51,42,29,3,125,10,0,10,135
04/16/2017,SYR,NY,AEA,EN,Combined TRACON& Tower with Radar,44,65,5,0,114,0,0,7,2,9,44,65,12,2,123,16,0,16,139
04/17/2017,SYR,NY,AEA,EN,Combined TRACON& Tower with Radar,61,66,18,16,161,0,2,27,2,31,61,68,45,18,192,0,0,0,192
04/18/2017,SYR,NY,AEA,EN,Combined TRACON& Tower with Radar,66,62,28,5,161,0,1,43,1,45,66,63,71,6,206,116,0,116,322
04/19/2017,SYR,NY,AEA,EN,Combined TRACON& Tower with Radar,60,57,10,5,132,0,0,5,0,5,60,57,15,5,137,0,0,0,137
04/20/2017,SYR,NY,AEA,EN,Combined TRACON& Tower with Radar,68,54,19,1,142,0,0,5,7,12,68,54,24,8,154,0,0,0,154
04/21/2017,SYR,NY,AEA,EN,Combined TRACON& Tower with Radar,63,62,17,0,142,0,0,5,0,5,63,62,22,0,147,0,0,0,147
04/22/2017,SYR,NY,AEA,EN,Combined TRACON& Tower with Radar,49,51,14,0,114,0,0,9,2,11,49,51,23,2,125,20,0,20,145
04/23/2017,SYR,NY,AEA,EN,Combined TRACON& Tower with Radar,45,60,34,0,139,0,0,32,0,32,45,60,66,0,171,10,0,10,181
04/24/2017,SYR,NY,AEA,EN,Combined TRACON& Tower with Radar,61,58,27,8,154,0,0,46,4,50,61,58,73,12,204,16,0,16,220
04/25/2017,SYR,NY,AEA,EN,Combined TRACON& Tower with Radar,62,58,13,4,137,0,0,14,0,14,62,58,27,4,151,0,0,0,151
04/26/2017,SYR,NY,AEA,EN,Combined TRACON& Tower with Radar,68,57,24,5,154,0,0,23,2,25,68,57,47,7,179,0,10,10,189
04/27/2017,SYR,NY,AEA,EN,Combined TRACON& Tower with Radar,68,65,41,8,182,0,2,27,0,29,68,67,68,8,211,0,0,0,211
04/28/2017,SYR,NY,AEA,EN,Combined TRACON& Tower with Radar,63,64,17,2,146,0,1,27,0,28,63,65,44,2,174,24,0,24,198
04/29/2017,SYR,NY,AEA,EN,Combined TRACON& Tower with Radar,61,43,11,1,116,0,0,24,0,24,61,43,35,1,140,0,0,0,140
04/30/2017,SYR,NY,AEA,EN,Combined TRACON& Tower with Radar,44,61,8,3,116,0,0,8,0,8,44,61,16,3,124,0,0,0,124
05/01/2017,SYR,NY,AEA,EN,Combined TRACON& Tower with Radar,57,50,23,4,134,0,0,11,0,11,57,50,34,4,145,36,0,36,181
05/02/2017,SYR,NY,AEA,EN,Combined TRACON& Tower with Radar,65,57,32,18,172,0,0,11,1,12,65,57,43,19,184,0,0,0,184
05/03/2017,SYR,NY,AEA,EN,Combined TRACON& Tower with Radar,68,61,14,7,150,0,0,20,0,20,68,61,34,7,170,6,0,6,176
05/04/2017,SYR,NY,AEA,EN,Combined TRACON& Tower with Radar,67,63,30,6,166,0,1,34,0,35,67,64,64,6,201,0,0,0,201
05/05/2017,SYR,NY,AEA,EN,Combined TRACON& Tower with Radar,61,52,16,0,129,0,0,0,0,0,61,52,16,0,129,0,0,0,129
05/06/2017,SYR,NY,AEA,EN,Combined TRACON& Tower with Radar,54,32,13,0,99,0,0,2,0,2,54,32,15,0,101,0,0,0,101
05/07/2017,SYR,NY,AEA,EN,Combined TRACON& Tower with Radar,55,53,14,0,122,0,0,2,0,2,55,53,16,0,124,0,0,0,124
05/08/2017,SYR,NY,AEA,EN,Combined TRACON& Tower with Radar,59,57,18,6,140,0,0,29,0,29,59,57,47,6,169,40,0,40,209
05/09/2017,SYR,NY,AEA,EN,Combined TRACON& Tower with Radar,73,62,24,6,165,0,0,39,0,39,73,62,63,6,204,14,16,30,234
05/10/2017,SYR,NY,AEA,EN,Combined TRACON& Tower with Radar,74,55,27,9,165,0,0,34,0,34,74,55,61,9,199,6,44,50,249
05/11/2017,SYR,NY,AEA,EN,Combined TRACON& Tower with Radar,66,72,22,6,166,0,3,29,2,34,66,75,51,8,200,4,0,4,204
05/12/2017,SYR,NY,AEA,EN,Combined TRACON& Tower with Radar,64,63,30,0,157,0,2,14,0,16,64,65,44,0,173,0,0,0,173
05/13/2017,SYR,NY,AEA,EN,Combined TRACON& Tower with Radar,52,43,8,1,104,0,0,9,0,9,52,43,17,1,113,0,0,0,113
05/14/2017,SYR,NY,AEA,EN,Combined TRACON& Tower with Radar,55,50,12,1,118,0,0,10,0,10,55,50,22,1,128,0,0,0,128
05/15/2017,SYR,NY,AEA,EN,Combined TRACON& Tower with Radar,58,62,33,6,159,0,1,31,5,37,58,63,64,11,196,58,60,118,314
05/16/2017,SYR,NY,AEA,EN,Combined TRACON& Tower with Radar,69,53,13,17,152,0,0,50,3,53,69,53,63,20,205,10,34,44,249
05/17/2017,SYR,NY,AEA,EN,Combined TRACON& Tower with Radar,70,62,25,9,166,0,1,38,1,40,70,63,63,10,206,0,16,16,222
05/18/2017,SYR,NY,AEA,EN,Combined TRACON& Tower with Radar,70,63,30,3,166,0,3,16,0,19,70,66,46,3,185,0,6,6,191
05/19/2017,SYR,NY,AEA,EN,Combined TRACON& Tower with Radar,63,59,18,0,140,0,0,21,0,21,63,59,39,0,161,28,0,28,189
05/20/2017,SYR,NY,AEA,EN,Combined TRACON& Tower with Radar,59,35,19,0,113,0,0,39,0,39,59,35,58,0,152,28,2,30,182
05/21/2017,SYR,NY,AEA,EN,Combined TRACON& Tower with Radar,54,51,23,0,128,0,1,15,2,18,54,52,38,2,146,4,0,4,150
05/22/2017,SYR,NY,AEA,EN,Combined TRACON& Tower with Radar,52,59,12,8,131,0,0,11,12,23,52,59,23,20,154,14,50,64,218
05/23/2017,SYR,NY,AEA,EN,Combined TRACON& Tower with Radar,71,59,26,3,159,0,0,35,0,35,71,59,61,3,194,2,2,4,198
05/24/2017,SYR,NY,AEA,EN,Combined TRACON& Tower with Radar,64,58,37,16,175,0,0,35,0,35,64,58,72,16,210,20,36,56,266
05/25/2017,SYR,NY,AEA,EN,Combined TRACON& Tower with Radar,69,49,21,2,141,0,0,3,0,3,69,49,24,2,144,0,0,0,144
05/26/2017,SYR,NY,AEA,EN,Combined TRACON& Tower with Radar,62,53,20,0,135,0,0,8,0,8,62,53,28,0,143,0,0,0,143
05/27/2017,SYR,NY,AEA,EN,Combined TRACON& Tower with Radar,53,38,14,0,105,0,2,14,1,17,53,40,28,1,122,0,0,0,122
05/28/2017,SYR,NY,AEA,EN,Combined TRACON& Tower with Radar,41,39,12,0,92,0,3,19,0,22,41,42,31,0,114,0,0,0,114
05/29/2017,SYR,NY,AEA,EN,Combined TRACON& Tower with Radar,47,47,6,1,101,0,0,12,0,12,47,47,18,1,113,0,0,0,113
05/30/2017,SYR,NY,AEA,EN,Combined TRACON& Tower with Radar,48,57,24,6,135,0,0,18,1,19,48,57,42,7,154,0,0,0,154
05/31/2017,SYR,NY,AEA,EN,Combined TRACON& Tower with Radar,72,60,24,14,170,0,0,22,1,23,72,60,46,15,193,6,22,28,221
06/01/2017,SYR,NY,AEA,EN,Combined TRACON& Tower with Radar,69,66,24,16,175,0,0,31,9,40,69,66,55,25,215,10,28,38,253
06/02/2017,SYR,NY,AEA,EN,Combined TRACON& Tower with Radar,63,55,22,1,141,0,0,31,0,31,63,55,53,1,172,12,2,14,186
06/03/2017,SYR,NY,AEA,EN,Combined TRACON& Tower with Radar,52,41,22,4,119,0,0,44,0,44,52,41,66,4,163,36,2,38,201
06/04/2017,SYR,NY,AEA,EN,Combined TRACON& Tower with Radar,55,53,8,1,117,0,0,3,0,3,55,53,11,1,120,16,0,16,136
06/05/2017,SYR,NY,AEA,EN,Combined TRACON& Tower with Radar,58,59,17,0,134,0,0,1,0,1,58,59,18,0,135,0,0,0,135
06/06/2017,SYR,NY,AEA,EN,Combined TRACON& Tower with Radar,69,58,40,2,169,0,0,2,0,2,69,58,42,2,171,0,0,0,171
06/07/2017,SYR,NY,AEA,EN,Combined TRACON& Tower with Radar,68,68,25,25,186,0,0,35,4,39,68,68,60,29,225,0,56,56,281
06/08/2017,SYR,NY,AEA,EN,Combined TRACON& Tower with Radar,75,58,41,9,183,0,1,55,4,60,75,59,96,13,243,14,12,26,269
06/09/2017,SYR,NY,AEA,EN,Combined TRACON& Tower with Radar,67,56,22,1,146,0,0,37,1,38,67,56,59,2,184,0,0,0,184
06/10/2017,SYR,NY,AEA,EN,Combined TRACON& Tower with Radar,53,38,17,0,108,0,0,26,0,26,53,38,43,0,134,0,0,0,134
06/11/2017,SYR,NY,AEA,EN,Combined TRACON& Tower with Radar,58,44,17,0,119,0,0,32,0,32,58,44,49,0,151,0,0,0,151
06/12/2017,SYR,NY,AEA,EN,Combined TRACON& Tower with Radar,66,60,15,22,163,0,2,28,0,30,66,62,43,22,193,0,28,28,221
06/13/2017,SYR,NY,AEA,EN,Combined TRACON& Tower with Radar,71,47,36,12,166,0,0,39,0,39,71,47,75,12,205,22,28,50,255
06/14/2017,SYR,NY,AEA,EN,Combined TRACON& Tower with Radar,71,54,29,7,161,0,2,49,3,54,71,56,78,10,215,12,12,24,239
06/15/2017,SYR,NY,AEA,EN,Combined TRACON& Tower with Radar,81,62,29,6,178,0,0,33,0,33,81,62,62,6,211,0,0,0,211
06/16/2017,SYR,NY,AEA,EN,Combined TRACON& Tower with Radar,65,62,5,2,134,0,0,7,0,7,65,62,12,2,141,6,0,6,147
06/17/2017,SYR,NY,AEA,EN,Combined TRACON& Tower with Radar,52,54,6,0,112,0,0,26,1,27,52,54,32,1,139,2,0,2,141
06/18/2017,SYR,NY,AEA,EN,Combined TRACON& Tower with Radar,59,51,9,0,119,0,0,13,0,13,59,51,22,0,132,0,0,0,132
06/19/2017,SYR,NY,AEA,EN,Combined TRACON& Tower with Radar,65,31,11,0,107,0,0,5,2,7,65,31,16,2,114,18,0,18,132
06/20/2017,SYR,NY,AEA,EN,Combined TRACON& Tower with Radar,79,53,11,10,153,0,1,30,1,32,79,54,41,11,185,32,14,46,231
06/21/2017,SYR,NY,AEA,EN,Combined TRACON& Tower with Radar,70,63,21,12,166,0,1,51,0,52,70,64,72,12,218,38,10,48,266
06/22/2017,SYR,NY,AEA,EN,Combined TRACON& Tower with Radar,83,58,21,3,165,0,0,60,0,60,83,58,81,3,225,10,0,10,235
06/23/2017,SYR,NY,AEA,EN,Combined TRACON& Tower with Radar,63,56,18,0,137,0,0,8,0,8,63,56,26,0,145,2,0,2,147
06/24/2017,SYR,NY,AEA,EN,Combined TRACON& Tower with Radar,55,47,17,0,119,0,0,37,0,37,55,47,54,0,156,72,0,72,228
06/25/2017,SYR,NY,AEA,EN,Combined TRACON& Tower with Radar,59,44,14,1,118,0,2,20,0,22,59,46,34,1,140,0,0,0,140
06/26/2017,SYR,NY,AEA,EN,Combined TRACON& Tower with Radar,64,62,21,3,150,0,0,20,1,21,64,62,41,4,171,50,0,50,221
06/27/2017,SYR,NY,AEA,EN,Combined TRACON& Tower with Radar,79,51,14,2,146,0,1,7,0,8,79,52,21,2,154,0,0,0,154
06/28/2017,SYR,NY,AEA,EN,Combined TRACON& Tower with Radar,74,63,23,9,169,0,1,68,1,70,74,64,91,10,239,24,14,38,277
06/29/2017,SYR,NY,AEA,EN,Combined TRACON& Tower with Radar,74,62,25,2,163,0,0,27,0,27,74,62,52,2,190,20,0,20,210
06/30/2017,SYR,NY,AEA,EN,Combined TRACON& Tower with Radar,71,45,23,0,139,0,0,19,0,19,71,45,42,0,158,20,4,24,182
07/01/2017,SYR,NY,AEA,EN,Combined TRACON& Tower with Radar,51,37,11,0,99,0,0,6,0,6,51,37,17,0,105,8,0,8,113
07/02/2017,SYR,NY,AEA,EN,Combined TRACON& Tower with Radar,51,43,15,1,110,0,0,17,1,18,51,43,32,2,128,0,0,0,128
07/03/2017,SYR,NY,AEA,EN,Combined TRACON& Tower with Radar,48,46,8,0,102,0,0,32,0,32,48,46,40,0,134,22,0,22,156
07/04/2017,SYR,NY,AEA,EN,Combined TRACON& Tower with Radar,52,37,9,0,98,0,1,28,0,29,52,38,37,0,127,10,0,10,137
07/05/2017,SYR,NY,AEA,EN,Combined TRACON& Tower with Radar,75,51,15,10,151,0,1,47,15,63,75,52,62,25,214,26,50,76,290
07/06/2017,SYR,NY,AEA,EN,Combined TRACON& Tower with Radar,85,49,14,5,153,0,1,36,0,37,85,50,50,5,190,22,0,22,212
07/07/2017,SYR,NY,AEA,EN,Combined TRACON& Tower with Radar,69,51,9,1,130,0,0,30,0,30,69,51,39,1,160,18,0,18,178
07/08/2017,SYR,NY,AEA,EN,Combined TRACON& Tower with Radar,54,50,12,1,117,0,1,11,0,12,54,51,23,1,129,0,0,0,129
07/09/2017,SYR,NY,AEA,EN,Combined TRACON& Tower with Radar,60,54,11,3,128,0,0,28,2,30,60,54,39,5,158,22,0,22,180
07/10/2017,SYR,NY,AEA,EN,Combined TRACON& Tower with Radar,62,50,19,6,137,0,0,50,2,52,62,50,69,8,189,8,0,8,197
07/11/2017,SYR,NY,AEA,EN,Combined TRACON& Tower with Radar,72,53,24,6,155,0,0,26,0,26,72,53,50,6,181,22,0,22,203
07/12/2017,SYR,NY,AEA,EN,Combined TRACON& Tower with Radar,74,50,40,8,172,0,1,32,0,33,74,51,72,8,205,0,0,0,205
07/13/2017,SYR,NY,AEA,EN,Combined TRACON& Tower with Radar,79,49,36,0,164,0,0,5,0,5,79,49,41,0,169,0,0,0,169
07/14/2017,SYR,NY,AEA,EN,Combined TRACON& Tower with Radar,60,59,20,0,139,0,0,14,0,14,60,59,34,0,153,16,0,16,169
07/15/2017,SYR,NY,AEA,EN,Combined TRACON& Tower with Radar,53,46,17,0,116,0,0,23,0,23,53,46,40,0,139,0,32,32,171
07/16/2017,SYR,NY,AEA,EN,Combined TRACON& Tower with Radar,63,51,15,0,129,0,0,36,4,40,63,51,51,4,169,26,0,26,195
07/17/2017,SYR,NY,AEA,EN,Combined TRACON& Tower with Radar,63,45,22,4,134,0,0,30,0,30,63,45,52,4,164,20,0,20,184
07/18/2017,SYR,NY,AEA,EN,Combined TRACON& Tower with Radar,80,56,31,5,172,0,1,50,3,54,80,57,81,8,226,30,0,30,256
07/19/2017,SYR,NY,AEA,EN,Combined TRACON& Tower with Radar,77,54,33,4,168,0,1,49,0,50,77,55,82,4,218,8,0,8,226
07/20/2017,SYR,NY,AEA,EN,Combined TRACON& Tower with Radar,76,53,29,4,162,0,0,28,7,35,76,53,57,11,197,4,16,20,217
07/21/2017,SYR,NY,AEA,EN,Combined TRACON& Tower with Radar,71,52,17,2,142,0,0,23,0,23,71,52,40,2,165,46,0,46,211
07/22/2017,SYR,NY,AEA,EN,Combined TRACON& Tower with Radar,48,45,12,0,105,0,1,25,0,26,48,46,37,0,131,28,0,28,159
07/23/2017,SYR,NY,AEA,EN,Combined TRACON& Tower with Radar,61,55,9,0,125,0,0,11,0,11,61,55,20,0,136,42,0,42,178
07/24/2017,SYR,NY,AEA,EN,Combined TRACON& Tower with Radar,71,58,19,0,148,0,0,7,0,7,71,58,26,0,155,44,0,44,199
07/25/2017,SYR,NY,AEA,EN,Combined TRACON& Tower with Radar,78,52,28,0,158,0,0,8,0,8,78,52,36,0,166,12,0,12,178
07/26/2017,SYR,NY,AEA,EN,Combined TRACON& Tower with Radar,79,48,48,19,194,0,0,56,4,60,79,48,104,23,254,16,16,32,286
07/27/2017,SYR,NY,AEA,EN,Combined TRACON& Tower with Radar,74,55,22,7,158,0,0,12,2,14,74,55,34,9,172,34,16,50,222
07/28/2017,SYR,NY,AEA,EN,Combined TRACON& Tower with Radar,65,55,28,0,148,0,0,32,1,33,65,55,60,1,181,0,0,0,181
07/29/2017,SYR,NY,AEA,EN,Combined TRACON& Tower with Radar,55,43,4,0,102,0,1,42,0,43,55,44,46,0,145,8,0,8,153
07/30/2017,SYR,NY,AEA,EN,Combined TRACON& Tower with Radar,62,47,21,0,130,0,0,36,2,38,62,47,57,2,168,8,0,8,176
07/31/2017,SYR,NY,AEA,EN,Combined TRACON& Tower with Radar,69,53,15,10,147,0,1,64,0,65,69,54,79,10,212,0,0,0,212
08/01/2017,SYR,NY,AEA,EN,Combined TRACON& Tower with Radar,77,54,30,8,169,0,0,45,13,58,77,54,75,21,227,0,48,48,275
08/02/2017,SYR,NY,AEA,EN,Combined TRACON& Tower with Radar,89,32,21,13,155,0,1,55,20,76,89,33,76,33,231,26,54,80,311
08/03/2017,SYR,NY,AEA,EN,Combined TRACON& Tower with Radar,72,52,17,16,157,0,1,35,1,37,72,53,52,17,194,0,0,0,194
08/04/2017,SYR,NY,AEA,EN,Combined TRACON& Tower with Radar,69,41,10,0,120,0,1,20,0,21,69,42,30,0,141,0,0,0,141
08/05/2017,SYR,NY,AEA,EN,Combined TRACON& Tower with Radar,57,48,15,0,120,0,2,28,0,30,57,50,43,0,150,0,0,0,150
08/06/2017,SYR,NY,AEA,EN,Combined TRACON& Tower with Radar,64,46,13,2,125,0,0,31,0,31,64,46,44,2,156,12,0,12,168
08/07/2017,SYR,NY,AEA,EN,Combined TRACON& Tower with Radar,60,59,24,10,153,0,0,34,0,34,60,59,58,10,187,0,0,0,187
08/08/2017,SYR,NY,AEA,EN,Combined TRACON& Tower with Radar,80,50,24,15,169,0,0,32,3,35,80,50,56,18,204,34,24,58,262
08/09/2017,SYR,NY,AEA,EN,Combined TRACON& Tower with Radar,77,53,11,2,143,0,0,40,0,40,77,53,51,2,183,0,0,0,183
08/10/2017,SYR,NY,AEA,EN,Combined TRACON& Tower with Radar,78,55,25,6,164,0,1,48,23,72,78,56,73,29,236,50,56,106,342
08/11/2017,SYR,NY,AEA,EN,Combined TRACON& Tower with Radar,67,58,16,6,147,0,2,25,1,28,67,60,41,7,175,36,0,36,211
08/12/2017,SYR,NY,AEA,EN,Combined TRACON& Tower with Radar,58,38,6,0,102,0,1,24,44,69,58,39,30,44,171,26,98,124,295
08/13/2017,SYR,NY,AEA,EN,Combined TRACON& Tower with Radar,67,42,11,0,120,0,1,30,0,31,67,43,41,0,151,12,0,12,163
08/14/2017,SYR,NY,AEA,EN,Combined TRACON& Tower with Radar,63,54,14,7,138,0,1,54,36,91,63,55,68,43,229,24,144,168,397
08/15/2017,SYR,NY,AEA,EN,Combined TRACON& Tower with Radar,72,59,24,8,163,0,0,38,0,38,72,59,62,8,201,64,18,82,283
08/16/2017,SYR,NY,AEA,EN,Combined TRACON& Tower with Radar,77,56,28,19,180,0,2,40,2,44,77,58,68,21,224,18,46,64,288
08/17/2017,SYR,NY,AEA,EN,Combined TRACON& Tower with Radar,78,63,24,8,173,0,3,51,16,70,78,66,75,24,243,34,52,86,329
08/18/2017,SYR,NY,AEA,EN,Combined TRACON& Tower with Radar,74,46,12,0,132,0,1,19,0,20,74,47,31,0,152,16,0,16,168
08/19/2017,SYR,NY,AEA,EN,Combined TRACON& Tower with Radar,56,44,14,0,114,0,2,41,0,43,56,46,55,0,157,52,4,56,213
08/20/2017,SYR,NY,AEA,EN,Combined TRACON& Tower with Radar,56,57,17,0,130,0,0,59,2,61,56,57,76,2,191,78,0,78,269
08/21/2017,SYR,NY,AEA,EN,Combined TRACON& Tower with Radar,61,54,18,17,150,0,4,50,9,63,61,58,68,26,213,42,102,144,357
08/22/2017,SYR,NY,AEA,EN,Combined TRACON& Tower with Radar,66,55,29,7,157,0,0,23,0,23,66,55,52,7,180,0,0,0,180
08/23/2017,SYR,NY,AEA,EN,Combined TRACON& Tower with Radar,70,79,32,8,189,0,2,45,31,78,70,81,77,39,267,18,82,100,367
08/24/2017,SYR,NY,AEA,EN,Combined TRACON& Tower with Radar,76,66,29,12,183,0,5,50,34,89,76,71,79,46,272,74,42,116,388
08/25/2017,SYR,NY,AEA,EN,Combined TRACON& Tower with Radar,65,74,24,2,165,0,2,52,0,54,65,76,76,2,219,56,0,56,275
08/26/2017,SYR,NY,AEA,EN,Combined TRACON& Tower with Radar,53,42,10,0,105,0,9,24,0,33,53,51,34,0,138,0,0,0,138
08/27/2017,SYR,NY,AEA,EN,Combined TRACON& Tower with Radar,69,47,17,0,133,0,5,38,0,43,69,52,55,0,176,0,0,0,176
08/28/2017,SYR,NY,AEA,EN,Combined TRACON& Tower with Radar,65,53,19,7,144,0,2,46,4,52,65,55,65,11,196,44,52,96,292
08/29/2017,SYR,NY,AEA,EN,Combined TRACON& Tower with Radar,78,53,32,11,174,0,1,32,0,33,78,54,64,11,207,10,16,26,233
08/30/2017,SYR,NY,AEA,EN,Combined TRACON& Tower with Radar,78,51,20,4,153,0,1,51,0,52,78,52,71,4,205,46,0,46,251
08/31/2017,SYR,NY,AEA,EN,Combined TRACON& Tower with Radar,78,51,15,4,148,0,1,18,0,19,78,52,33,4,167,0,0,0,167
09/01/2017,SYR,NY,AEA,EN,Combined TRACON& Tower with Radar,79,46,20,2,147,0,4,26,0,30,79,50,46,2,177,0,0,0,177
09/02/2017,SYR,NY,AEA,EN,Combined TRACON& Tower with Radar,54,34,18,1,107,0,1,18,0,19,54,35,36,1,126,26,0,26,152
09/03/2017,SYR,NY,AEA,EN,Combined TRACON& Tower with Radar,55,28,5,1,89,0,0,1,0,1,55,28,6,1,90,0,0,0,90
09/04/2017,SYR,NY,AEA,EN,Combined TRACON& Tower with Radar,62,45,8,0,115,0,3,22,0,25,62,48,30,0,140,30,0,30,170
09/05/2017,SYR,NY,AEA,EN,Combined TRACON& Tower with Radar,75,46,20,6,147,0,0,8,2,10,75,46,28,8,157,0,10,10,167
09/06/2017,SYR,NY,AEA,EN,Combined TRACON& Tower with Radar,76,50,23,20,169,0,0,11,12,23,76,50,34,32,192,28,42,70,262
09/07/2017,SYR,NY,AEA,EN,Combined TRACON& Tower with Radar,85,47,30,4,166,0,2,18,5,25,85,49,48,9,191,20,0,20,211
09/08/2017,SYR,NY,AEA,EN,Combined TRACON& Tower with Radar,81,59,27,0,167,0,0,11,0,11,81,59,38,0,178,0,0,0,178
09/09/2017,SYR,NY,AEA,EN,Combined TRACON& Tower with Radar,53,40,21,2,116,0,0,30,27,57,53,40,51,29,173,10,84,94,267
09/10/2017,SYR,NY,AEA,EN,Combined TRACON& Tower with Radar,61,44,13,4,122,0,3,47,37,87,61,47,60,41,209,10,72,82,291
09/11/2017,SYR,NY,AEA,EN,Combined TRACON& Tower with Radar,61,58,16,4,139,0,3,61,0,64,61,61,77,4,203,0,0,0,203
09/12/2017,SYR,NY,AEA,EN,Combined TRACON& Tower with Radar,74,63,14,13,164,0,3,39,1,43,74,66,53,14,207,0,14,14,221
09/13/2017,SYR,NY,AEA,EN,Combined TRACON& Tower with Radar,83,53,19,6,161,0,1,34,1,36,83,54,53,7,197,36,0,36,233
09/14/2017,SYR,NY,AEA,EN,Combined TRACON& Tower with Radar,85,57,23,4,169,0,0,15,0,15,85,57,38,4,184,16,0,16,200
09/15/2017,SYR,NY,AEA,EN,Combined TRACON& Tower with Radar,74,63,22,0,159,0,1,34,0,35,74,64,56,0,194,0,0,0,194
09/16/2017,SYR,NY,AEA,EN,Combined TRACON& Tower with Radar,54,48,12,0,114,1,0,24,0,25,55,48,36,0,139,34,0,34,173
09/17/2017,SYR,NY,AEA,EN,Combined TRACON& Tower with Radar,58,47,27,4,136,0,1,23,0,24,58,48,50,4,160,76,0,76,236
09/18/2017,SYR,NY,AEA,EN,Combined TRACON& Tower with Radar,71,50,12,4,137,0,2,43,0,45,71,52,55,4,182,46,0,46,228
09/19/2017,SYR,NY,AEA,EN,Combined TRACON& Tower with Radar,69,55,20,4,148,0,0,36,19,55,69,55,56,23,203,24,60,84,287
09/20/2017,SYR,NY,AEA,EN,Combined TRACON& Tower with Radar,78,52,14,19,163,0,0,58,8,66,78,52,72,27,229,0,48,48,277
09/21/2017,SYR,NY,AEA,EN,Combined TRACON& Tower with Radar,78,56,22,18,174,0,2,34,15,51,78,58,56,33,225,0,44,44,269
09/22/2017,SYR,NY,AEA,EN,Combined TRACON& Tower with Radar,74,57,7,0,138,0,2,21,0,23,74,59,28,0,161,22,0,22,183
09/23/2017,SYR,NY,AEA,EN,Combined TRACON& Tower with Radar,50,46,11,0,107,0,1,34,2,37,50,47,45,2,144,32,0,32,176
09/24/2017,SYR,NY,AEA,EN,Combined TRACON& Tower with Radar,61,51,22,0,134,0,1,23,0,24,61,52,45,0,158,0,0,0,158
09/25/2017,SYR,NY,AEA,EN,Combined TRACON& Tower with Radar,66,53,21,6,146,0,1,44,0,45,66,54,65,6,191,40,0,40,231
09/26/2017,SYR,NY,AEA,EN,Combined TRACON& Tower with Radar,76,54,20,23,173,0,2,58,3,63,76,56,78,26,236,0,64,64,300
09/27/2017,SYR,NY,AEA,EN,Combined TRACON& Tower with Radar,79,52,17,3,151,0,0,42,0,42,79,52,59,3,193,0,0,0,193
09/28/2017,SYR,NY,AEA,EN,Combined TRACON& Tower with Radar,79,51,21,14,165,0,2,19,2,23,79,53,40,16,188,34,16,50,238
09/29/2017,SYR,NY,AEA,EN,Combined TRACON& Tower with Radar,74,53,9,0,136,0,0,25,0,25,74,53,34,0,161,30,0,30,191
09/30/2017,SYR,NY,AEA,EN,Combined TRACON& Tower with Radar,54,48,14,0,116,0,0,6,0,6,54,48,20,0,122,0,0,0,122
10/01/2017,SYR,NY,AEA,EN,Combined TRACON& Tower with Radar,57,53,17,0,127,0,0,50,0,50,57,53,67,0,177,24,0,24,201
10/02/2017,SYR,NY,AEA,EN,Combined TRACON& Tower with Radar,62,56,16,12,146,0,0,54,30,84,62,56,70,42,230,8,42,50,280
10/03/2017,SYR,NY,AEA,EN,Combined TRACON& Tower with Radar,74,57,8,2,141,0,0,42,33,75,74,57,50,35,216,4,44,48,264
10/04/2017,SYR,NY,AEA,EN,Combined TRACON& Tower with Radar,78,54,21,9,162,0,0,35,8,43,78,54,56,17,205,20,22,42,247
10/05/2017,SYR,NY,AEA,EN,Combined TRACON& Tower with Radar,88,59,30,6,183,0,1,36,0,37,88,60,66,6,220,0,0,0,220
10/06/2017,SYR,NY,AEA,EN,Combined TRACON& Tower with Radar,74,59,33,0,166,0,0,19,0,19,74,59,52,0,185,0,0,0,185
10/07/2017,SYR,NY,AEA,EN,Combined TRACON& Tower with Radar,52,49,22,2,125,0,1,27,0,28,52,50,49,2,153,0,0,0,153
10/08/2017,SYR,NY,AEA,EN,Combined TRACON& Tower with Radar,57,41,15,0,113,0,0,13,0,13,57,41,28,0,126,0,0,0,126
10/09/2017,SYR,NY,AEA,EN,Combined TRACON& Tower with Radar,68,62,9,0,139,0,0,0,0,0,68,62,9,0,139,0,0,0,139
10/10/2017,SYR,NY,AEA,EN,Combined TRACON& Tower with Radar,81,54,33,18,186,0,0,40,1,41,81,54,73,19,227,38,24,62,289
10/11/2017,SYR,NY,AEA,EN,Combined TRACON& Tower with Radar,82,65,10,0,157,0,2,4,0,6,82,67,14,0,163,0,0,0,163
10/12/2017,SYR,NY,AEA,EN,Combined TRACON& Tower with Radar,85,51,31,11,178,0,2,53,36,91,85,53,84,47,269,0,54,54,323
10/13/2017,SYR,NY,AEA,EN,Combined TRACON& Tower with Radar,73,68,22,0,163,0,0,38,1,39,73,68,60,1,202,0,0,0,202
10/14/2017,SYR,NY,AEA,EN,Combined TRACON& Tower with Radar,51,47,28,6,132,0,3,43,0,46,51,50,71,6,178,8,12,20,198
10/15/2017,SYR,NY,AEA,EN,Combined TRACON& Tower with Radar,65,53,21,2,141,0,0,8,0,8,65,53,29,2,149,0,0,0,149
10/16/2017,SYR,NY,AEA,EN,Combined TRACON& Tower with Radar,69,51,23,0,143,0,0,8,0,8,69,51,31,0,151,8,0,8,159
10/17/2017,SYR,NY,AEA,EN,Combined TRACON& Tower with Radar,75,58,17,0,150,0,2,44,0,46,75,60,61,0,196,0,0,0,196
10/18/2017,SYR,NY,AEA,EN,Combined TRACON& Tower with Radar,76,55,17,7,155,0,3,42,1,46,76,58,59,8,201,10,14,24,225
10/19/2017,SYR,NY,AEA,EN,Combined TRACON& Tower with Radar,79,59,11,10,159,0,4,41,53,98,79,63,52,63,257,2,73,75,332
10/20/2017,SYR,NY,AEA,EN,Combined TRACON& Tower with Radar,71,68,12,2,153,0,2,30,0,32,71,70,42,2,185,26,0,26,211
10/21/2017,SYR,NY,AEA,EN,Combined TRACON& Tower with Radar,46,47,11,1,105,0,0,48,0,48,46,47,59,1,153,12,0,12,165
10/22/2017,SYR,NY,AEA,EN,Combined TRACON& Tower with Radar,65,49,20,0,134,0,3,34,0,37,65,52,54,0,171,18,0,18,189
10/23/2017,SYR,NY,AEA,EN,Combined TRACON& Tower with Radar,61,52,27,6,146,0,0,25,44,69,61,52,52,50,215,0,75,75,290
10/24/2017,SYR,NY,AEA,EN,Combined TRACON& Tower with Radar,75,51,13,6,145,0,0,22,13,35,75,51,35,19,180,6,24,30,210
10/25/2017,SYR,NY,AEA,EN,Combined TRACON& Tower with Radar,72,61,19,5,157,0,2,38,2,42,72,63,57,7,199,4,0,4,203
10/26/2017,SYR,NY,AEA,EN,Combined TRACON& Tower with Radar,81,58,38,6,183,0,1,30,0,31,81,59,68,6,214,22,0,22,236
10/27/2017,SYR,NY,AEA,EN,Combined TRACON& Tower with Radar,67,58,20,10,155,0,3,56,1,60,67,61,76,11,215,8,14,22,237
10/28/2017,SYR,NY,AEA,EN,Combined TRACON& Tower with Radar,49,42,8,0,99,0,2,15,0,17,49,44,23,0,116,0,0,0,116
10/29/2017,SYR,NY,AEA,EN,Combined TRACON& Tower with Radar,56,34,13,0,103,0,0,0,0,0,56,34,13,0,103,0,0,0,103
10/30/2017,SYR,NY,AEA,EN,Combined TRACON& Tower with Radar,66,48,9,0,123,0,1,0,0,1,66,49,9,0,124,0,0,0,124
10/31/2017,SYR,NY,AEA,EN,Combined TRACON& Tower with Radar,75,43,21,2,141,0,1,10,34,45,75,44,31,36,186,0,42,42,228
11/01/2017,SYR,NY,AEA,EN,Combined TRACON& Tower with Radar,76,56,13,8,153,0,0,20,28,48,76,56,33,36,201,18,32,50,251
11/02/2017,SYR,NY,AEA,EN,Combined TRACON& Tower with Radar,79,59,21,10,169,0,1,28,16,45,79,60,49,26,214,12,32,44,258
11/03/2017,SYR,NY,AEA,EN,Combined TRACON& Tower with Radar,71,59,29,0,159,0,0,3,0,3,71,59,32,0,162,0,0,0,162
11/04/2017,SYR,NY,AEA,EN,Combined TRACON& Tower with Radar,49,39,16,2,106,0,0,52,23,75,49,39,68,25,181,6,36,42,223
11/05/2017,SYR,NY,AEA,EN,Combined TRACON& Tower with Radar,64,50,18,0,132,0,0,0,0,0,64,50,18,0,132,0,0,0,132
11/06/2017,SYR,NY,AEA,EN,Combined TRACON& Tower with Radar,68,55,21,4,148,0,1,14,0,15,68,56,35,4,163,0,0,0,163
11/07/2017,SYR,NY,AEA,EN,Combined TRACON& Tower with Radar,73,47,28,4,152,0,0,46,6,52,73,47,74,10,204,42,8,50,254
11/08/2017,SYR,NY,AEA,EN,Combined TRACON& Tower with Radar,76,56,10,6,148,0,0,40,2,42,76,56,50,8,190,6,0,6,196
11/09/2017,SYR,NY,AEA,EN,Combined TRACON& Tower with Radar,75,55,25,0,155,0,1,26,0,27,75,56,51,0,182,0,0,0,182
11/10/2017,SYR,NY,AEA,EN,Combined TRACON& Tower with Radar,71,60,10,0,141,0,1,8,0,9,71,61,18,0,150,0,0,0,150
11/11/2017,SYR,NY,AEA,EN,Combined TRACON& Tower with Radar,58,38,18,0,114,0,3,34,0,37,58,41,52,0,151,4,0,4,155
11/12/2017,SYR,NY,AEA,EN,Combined TRACON& Tower with Radar,65,35,8,0,108,0,0,30,0,30,65,35,38,0,138,16,0,16,154
11/13/2017,SYR,NY,AEA,EN,Combined TRACON& Tower with Radar,64,49,12,0,125,0,0,2,0,2,64,49,14,0,127,18,0,18,145
11/14/2017,SYR,NY,AEA,EN,Combined TRACON& Tower with Radar,74,58,18,8,158,0,0,19,6,25,74,58,37,14,183,32,12,44,227
11/15/2017,SYR,NY,AEA,EN,Combined TRACON& Tower with Radar,77,53,9,11,150,0,1,30,1,32,77,54,39,12,182,0,0,0,182
11/16/2017,SYR,NY,AEA,EN,Combined TRACON& Tower with Radar,76,51,28,5,160,0,0,14,0,14,76,51,42,5,174,0,6,6,180
11/17/2017,SYR,NY,AEA,EN,Combined TRACON& Tower with Radar,71,56,19,4,150,0,1,42,0,43,71,57,61,4,193,0,24,24,217
11/18/2017,SYR,NY,AEA,EN,Combined TRACON& Tower with Radar,60,37,10,0,107,0,0,7,0,7,60,37,17,0,114,4,0,4,118
11/19/2017,SYR,NY,AEA,EN,Combined TRACON& Tower with Radar,64,37,2,0,103,0,1,1,0,2,64,38,3,0,105,0,0,0,105
11/20/2017,SYR,NY,AEA,EN,Combined TRACON& Tower with Radar,69,45,10,8,132,0,0,15,0,15,69,45,25,8,147,0,0,0,147
11/21/2017,SYR,NY,AEA,EN,Combined TRACON& Tower with Radar,85,46,18,4,153,0,0,37,20,57,85,46,55,24,210,0,24,24,234
11/22/2017,SYR,NY,AEA,EN,Combined TRACON& Tower with Radar,89,52,23,0,164,0,0,4,0,4,89,52,27,0,168,0,0,0,168
11/23/2017,SYR,NY,AEA,EN,Combined TRACON& Tower with Radar,37,24,4,0,65,0,0,7,0,7,37,24,11,0,72,0,0,0,72
11/24/2017,SYR,NY,AEA,EN,Combined TRACON& Tower with Radar,61,26,6,1,94,0,1,44,0,45,61,27,50,1,139,20,0,20,159
11/25/2017,SYR,NY,AEA,EN,Combined TRACON& Tower with Radar,68,42,10,0,120,0,0,8,0,8,68,42,18,0,128,0,0,0,128
11/26/2017,SYR,NY,AEA,EN,Combined TRACON& Tower with Radar,71,55,23,0,149,0,0,4,0,4,71,55,27,0,153,0,0,0,153
11/27/2017,SYR,NY,AEA,EN,Combined TRACON& Tower with Radar,73,57,15,8,153,0,3,21,4,28,73,60,36,12,181,0,0,0,181
11/28/2017,SYR,NY,AEA,EN,Combined TRACON& Tower with Radar,79,51,17,6,153,0,0,29,4,33,79,51,46,10,186,0,12,12,198
11/29/2017,SYR,NY,AEA,EN,Combined TRACON& Tower with Radar,80,48,19,7,154,0,0,30,0,30,80,48,49,7,184,12,0,12,196
11/30/2017,SYR,NY,AEA,EN,Combined TRACON& Tower with Radar,87,51,11,9,158,0,0,27,0,27,87,51,38,9,185,0,8,8,193
12/01/2017,SYR,NY,AEA,EN,Combined TRACON& Tower with Radar,80,45,11,0,136,0,0,21,0,21,80,45,32,0,157,46,0,46,203
12/02/2017,SYR,NY,AEA,EN,Combined TRACON& Tower with Radar,54,33,13,0,100,0,0,53,0,53,54,33,66,0,153,20,0,20,173
12/03/2017,SYR,NY,AEA,EN,Combined TRACON& Tower with Radar,63,37,18,1,119,0,1,31,0,32,63,38,49,1,151,34,0,34,185
12/04/2017,SYR,NY,AEA,EN,Combined TRACON& Tower with Radar,71,47,28,4,150,0,0,23,2,25,71,47,51,6,175,0,0,0,175
12/05/2017,SYR,NY,AEA,EN,Combined TRACON& Tower with Radar,79,41,16,1,137,0,0,4,0,4,79,41,20,1,141,0,0,0,141
12/06/2017,SYR,NY,AEA,EN,Combined TRACON& Tower with Radar,85,50,5,2,142,0,1,12,0,13,85,51,17,2,155,0,0,0,155
12/07/2017,SYR,NY,AEA,EN,Combined TRACON& Tower with Radar,83,53,18,0,154,0,0,4,6,10,83,53,22,6,164,0,0,0,164
12/08/2017,SYR,NY,AEA,EN,Combined TRACON& Tower with Radar,67,44,19,0,130,0,0,11,0,11,67,44,30,0,141,0,0,0,141
12/09/2017,SYR,NY,AEA,EN,Combined TRACON& Tower with Radar,61,30,14,0,105,0,0,37,0,37,61,30,51,0,142,8,0,8,150
12/10/2017,SYR,NY,AEA,EN,Combined TRACON& Tower with Radar,66,44,11,0,121,0,0,2,0,2,66,44,13,0,123,28,0,28,151
12/11/2017,SYR,NY,AEA,EN,Combined TRACON& Tower with Radar,69,44,19,0,132,0,0,3,0,3,69,44,22,0,135,0,0,0,135
12/12/2017,SYR,NY,AEA,EN,Combined TRACON& Tower with Radar,83,39,24,0,146,0,0,0,0,0,83,39,24,0,146,0,0,0,146
12/13/2017,SYR,NY,AEA,EN,Combined TRACON& Tower with Radar,83,53,4,0,140,0,0,1,0,1,83,53,5,0,141,0,0,0,141
12/14/2017,SYR,NY,AEA,EN,Combined TRACON& Tower with Radar,83,50,26,8,167,0,0,11,1,12,83,50,37,9,179,0,0,0,179
12/15/2017,SYR,NY,AEA,EN,Combined TRACON& Tower with Radar,78,50,15,0,143,0,0,5,1,6,78,50,20,1,149,28,0,28,177
12/16/2017,SYR,NY,AEA,EN,Combined TRACON& Tower with Radar,66,32,3,0,101,0,0,2,0,2,66,32,5,0,103,0,0,0,103
12/17/2017,SYR,NY,AEA,EN,Combined TRACON& Tower with Radar,69,37,9,0,115,0,1,39,0,40,69,38,48,0,155,88,0,88,243
12/18/2017,SYR,NY,AEA,EN,Combined TRACON& Tower with Radar,77,44,17,0,138,0,0,4,0,4,77,44,21,0,142,0,0,0,142
12/19/2017,SYR,NY,AEA,EN,Combined TRACON& Tower with Radar,89,38,15,10,152,0,0,12,0,12,89,38,27,10,164,0,0,0,164
12/20/2017,SYR,NY,AEA,EN,Combined TRACON& Tower with Radar,94,49,15,2,160,0,0,10,0,10,94,49,25,2,170,0,0,0,170
12/21/2017,SYR,NY,AEA,EN,Combined TRACON& Tower with Radar,86,51,26,7,170,0,1,44,3,48,86,52,70,10,218,24,8,32,250
12/22/2017,SYR,NY,AEA,EN,Combined TRACON& Tower with Radar,83,40,5,0,128,0,0,0,0,0,83,40,5,0,128,0,0,0,128
12/23/2017,SYR,NY,AEA,EN,Combined TRACON& Tower with Radar,58,41,2,0,101,0,0,0,0,0,58,41,2,0,101,0,0,0,101
12/24/2017,SYR,NY,AEA,EN,Combined TRACON& Tower with Radar,58,22,6,0,86,0,0,10,0,10,58,22,16,0,96,0,0,0,96
12/25/2017,SYR,NY,AEA,EN,Combined TRACON& Tower with Radar,50,30,2,0,82,0,0,2,0,2,50,30,4,0,84,0,0,0,84
12/26/2017,SYR,NY,AEA,EN,Combined TRACON& Tower with Radar,63,42,9,0,114,0,0,1,0,1,63,42,10,0,115,0,0,0,115
12/27/2017,SYR,NY,AEA,EN,Combined TRACON& Tower with Radar,84,35,1,0,120,0,0,0,0,0,84,35,1,0,120,0,0,0,120
12/28/2017,SYR,NY,AEA,EN,Combined TRACON& Tower with Radar,80,40,4,0,124,0,0,3,0,3,80,40,7,0,127,0,0,0,127
12/29/2017,SYR,NY,AEA,EN,Combined TRACON& Tower with Radar,75,30,13,0,118,0,0,7,0,7,75,30,20,0,125,8,0,8,133
12/30/2017,SYR,NY,AEA,EN,Combined TRACON& Tower with Radar,60,36,3,0,99,0,0,4,0,4,60,36,7,0,103,7,0,7,110
12/31/2017,SYR,NY,AEA,EN,Combined TRACON& Tower with Radar,59,25,6,0,90,0,0,5,0,5,59,25,11,0,95,0,0,0,95
01/01/2018,SYR,NY,AEA,EN,Combined TRACON& Tower with Radar,55,28,9,0,92,0,0,9,0,9,55,28,18,0,101,0,0,0,101
01/02/2018,SYR,NY,AEA,EN,Combined TRACON& Tower with Radar,80,39,8,5,132,0,0,12,0,12,80,39,20,5,144,0,0,0,144
01/03/2018,SYR,NY,AEA,EN,Combined TRACON& Tower with Radar,80,40,10,10,140,0,3,39,11,53,80,43,49,21,193,20,40,60,253
01/04/2018,SYR,NY,AEA,EN,Combined TRACON& Tower with Radar,56,21,7,0,84,0,0,0,0,0,56,21,7,0,84,0,0,0,84
01/05/2018,SYR,NY,AEA,EN,Combined TRACON& Tower with Radar,57,19,3,0,79,0,0,0,0,0,57,19,3,0,79,0,0,0,79
01/06/2018,SYR,NY,AEA,EN,Combined TRACON& Tower with Radar,60,36,4,0,100,0,0,0,0,0,60,36,4,0,100,0,0,0,100
01/07/2018,SYR,NY,AEA,EN,Combined TRACON& Tower with Radar,60,36,7,0,103,0,1,17,0,18,60,37,24,0,121,12,0,12,133
01/08/2018,SYR,NY,AEA,EN,Combined TRACON& Tower with Radar,70,45,9,0,124,0,0,2,0,2,70,45,11,0,126,16,0,16,142
01/09/2018,SYR,NY,AEA,EN,Combined TRACON& Tower with Radar,82,42,12,30,166,0,0,15,7,22,82,42,27,37,188,0,22,22,210
01/10/2018,SYR,NY,AEA,EN,Combined TRACON& Tower with Radar,84,46,10,10,150,0,0,47,1,48,84,46,57,11,198,26,8,34,232
01/11/2018,SYR,NY,AEA,EN,Combined TRACON& Tower with Radar,78,48,16,6,148,0,2,18,0,20,78,50,34,6,168,0,8,8,176
01/12/2018,SYR,NY,AEA,EN,Combined TRACON& Tower with Radar,57,30,4,0,91,0,0,0,14,14,57,30,4,14,105,0,24,24,129
01/13/2018,SYR,NY,AEA,EN,Combined TRACON& Tower with Radar,55,26,1,0,82,0,0,0,0,0,55,26,1,0,82,0,0,0,82
01/14/2018,SYR,NY,AEA,EN,Combined TRACON& Tower with Radar,64,24,12,0,100,0,0,12,2,14,64,24,24,2,114,0,0,0,114
01/15/2018,SYR,NY,AEA,EN,Combined TRACON& Tower with Radar,65,52,22,0,139,0,3,25,0,28,65,55,47,0,167,0,0,0,167
01/16/2018,SYR,NY,AEA,EN,Combined TRACON& Tower with Radar,75,48,13,0,136,0,0,0,0,0,75,48,13,0,136,0,0,0,136
01/17/2018,SYR,NY,AEA,EN,Combined TRACON& Tower with Radar,75,48,12,4,139,0,0,9,26,35,75,48,21,30,174,0,30,30,204
01/18/2018,SYR,NY,AEA,EN,Combined TRACON& Tower with Radar,79,53,15,6,153,0,0,14,19,33,79,53,29,25,186,4,36,40,226
01/19/2018,SYR,NY,AEA,EN,Combined TRACON& Tower with Radar,79,40,10,3,132,0,4,21,2,27,79,44,31,5,159,0,0,0,159
01/20/2018,SYR,NY,AEA,EN,Combined TRACON& Tower with Radar,55,31,8,0,94,0,0,29,0,29,55,31,37,0,123,12,0,12,135
01/21/2018,SYR,NY,AEA,EN,Combined TRACON& Tower with Radar,65,48,14,0,127,0,0,15,0,15,65,48,29,0,142,16,0,16,158
01/22/2018,SYR,NY,AEA,EN,Combined TRACON& Tower with Radar,69,52,18,0,139,0,0,1,0,1,69,52,19,0,140,0,0,0,140
01/23/2018,SYR,NY,AEA,EN,Combined TRACON& Tower with Radar,73,48,9,4,134,0,0,16,5,21,73,48,25,9,155,0,8,8,163
01/24/2018,SYR,NY,AEA,EN,Combined TRACON& Tower with Radar,79,52,12,6,149,0,0,9,27,36,79,52,21,33,185,0,52,52,237
01/25/2018,SYR,NY,AEA,EN,Combined TRACON& Tower with Radar,81,48,20,9,158,0,3,46,9,58,81,51,66,18,216,0,18,18,234
01/26/2018,SYR,NY,AEA,EN,Combined TRACON& Tower with Radar,78,53,17,3,151,0,1,31,1,33,78,54,48,4,184,0,0,0,184
01/27/2018,SYR,NY,AEA,EN,Combined TRACON& Tower with Radar,55,29,7,0,91,0,1,9,0,10,55,30,16,0,101,0,0,0,101
01/28/2018,SYR,NY,AEA,EN,Combined TRACON& Tower with Radar,66,33,8,0,107,0,1,25,0,26,66,34,33,0,133,26,0,26,159
01/29/2018,SYR,NY,AEA,EN,Combined TRACON& Tower with Radar,70,45,15,3,133,0,3,22,15,40,70,48,37,18,173,39,30,69,242
01/30/2018,SYR,NY,AEA,EN,Combined TRACON& Tower with Radar,75,47,12,0,134,0,0,0,0,0,75,47,12,0,134,0,0,0,134
01/31/2018,SYR,NY,AEA,EN,Combined TRACON& Tower with Radar,80,41,10,6,137,0,3,32,0,35,80,44,42,6,172,5,0,5,177
02/01/2018,SYR,NY,AEA,EN,Combined TRACON& Tower with Radar,83,50,13,15,161,0,0,14,48,62,83,50,27,63,223,6,98,104,327
02/02/2018,SYR,NY,AEA,EN,Combined TRACON& Tower with Radar,75,51,4,0,130,0,0,0,0,0,75,51,4,0,130,0,0,0,130
02/03/2018,SYR,NY,AEA,EN,Combined TRACON& Tower with Radar,55,47,5,0,107,0,1,15,0,16,55,48,20,0,123,10,0,10,133
02/04/2018,SYR,NY,AEA,EN,Combined TRACON& Tower with Radar,52,30,5,0,87,0,0,0,0,0,52,30,5,0,87,0,0,0,87
02/05/2018,SYR,NY,AEA,EN,Combined TRACON& Tower with Radar,69,48,11,4,132,0,1,12,38,51,69,49,23,42,183,0,86,86,269
02/06/2018,SYR,NY,AEA,EN,Combined TRACON& Tower with Radar,77,41,17,4,139,0,0,14,34,48,77,41,31,38,187,6,82,88,275
02/07/2018,SYR,NY,AEA,EN,Combined TRACON& Tower with Radar,68,26,4,0,98,0,0,0,0,0,68,26,4,0,98,0,0,0,98
02/08/2018,SYR,NY,AEA,EN,Combined TRACON& Tower with Radar,85,47,18,4,154,0,1,20,39,60,85,48,38,43,214,0,70,70,284
02/09/2018,SYR,NY,AEA,EN,Combined TRACON& Tower with Radar,72,42,8,0,122,0,0,12,0,12,72,42,20,0,134,24,0,24,158
02/10/2018,SYR,NY,AEA,EN,Combined TRACON& Tower with Radar,56,29,10,0,95,0,0,0,8,8,56,29,10,8,103,0,4,4,107
02/11/2018,SYR,NY,AEA,EN,Combined TRACON& Tower with Radar,64,35,8,0,107,0,0,4,0,4,64,35,12,0,111,0,0,0,111
02/12/2018,SYR,NY,AEA,EN,Combined TRACON& Tower with Radar,70,50,15,4,139,0,0,22,42,64,70,50,37,46,203,50,68,118,321
02/13/2018,SYR,NY,AEA,EN,Combined TRACON& Tower with Radar,80,46,12,4,142,0,0,40,39,79,80,46,52,43,221,10,86,96,317
02/14/2018,SYR,NY,AEA,EN,Combined TRACON& Tower with Radar,76,48,22,30,176,0,0,29,23,52,76,48,51,53,228,6,76,82,310
02/15/2018,SYR,NY,AEA,EN,Combined TRACON& Tower with Radar,77,49,21,17,164,0,0,15,25,40,77,49,36,42,204,30,68,98,302
02/16/2018,SYR,NY,AEA,EN,Combined TRACON& Tower with Radar,76,55,20,0,151,0,0,2,0,2,76,55,22,0,153,0,0,0,153
02/17/2018,SYR,NY,AEA,EN,Combined TRACON& Tower with Radar,58,33,16,0,107,0,3,16,0,19,58,36,32,0,126,6,4,10,136
02/18/2018,SYR,NY,AEA,EN,Combined TRACON& Tower with Radar,66,36,16,0,118,0,3,9,0,12,66,39,25,0,130,4,0,4,134
02/19/2018,SYR,NY,AEA,EN,Combined TRACON& Tower with Radar,76,46,15,0,137,0,0,16,0,16,76,46,31,0,153,0,0,0,153
02/20/2018,SYR,NY,AEA,EN,Combined TRACON& Tower with Radar,83,43,14,2,142,0,0,4,50,54,83,43,18,52,196,0,82,82,278
02/21/2018,SYR,NY,AEA,EN,Combined TRACON& Tower with Radar,91,50,10,0,151,0,0,11,20,31,91,50,21,20,182,10,20,30,212
02/22/2018,SYR,NY,AEA,EN,Combined TRACON& Tower with Radar,80,42,22,0,144,0,0,3,0,3,80,42,25,0,147,0,0,0,147
02/23/2018,SYR,NY,AEA,EN,Combined TRACON& Tower with Radar,82,49,6,0,137,0,0,5,0,5,82,49,11,0,142,20,0,20,162
02/24/2018,SYR,NY,AEA,EN,Combined TRACON& Tower with Radar,60,42,17,0,119,0,0,29,0,29,60,42,46,0,148,8,0,8,156
02/25/2018,SYR,NY,AEA,EN,Combined TRACON& Tower with Radar,68,41,17,0,126,0,0,6,0,6,68,41,23,0,132,0,0,0,132
02/26/2018,SYR,NY,AEA,EN,Combined TRACON& Tower with Radar,73,49,16,7,145,0,3,31,86,120,73,52,47,93,265,14,134,148,413
02/27/2018,SYR,NY,AEA,EN,Combined TRACON& Tower with Radar,84,50,13,2,149,0,0,38,98,136,84,50,51,100,285,0,154,154,439
02/28/2018,SYR,NY,AEA,EN,Combined TRACON& Tower with Radar,79,47,13,42,181,0,1,24,19,44,79,48,37,61,225,0,78,78,303
03/01/2018,SYR,NY,AEA,EN,Combined TRACON& Tower with Radar,74,57,23,2,156,0,2,6,24,32,74,59,29,26,188,0,40,40,228
03/02/2018,SYR,NY,AEA,EN,Combined TRACON& Tower with Radar,40,14,1,0,55,0,0,0,0,0,40,14,1,0,55,0,0,0,55
03/03/2018,SYR,NY,AEA,EN,Combined TRACON& Tower with Radar,49,44,10,0,103,0,0,4,0,4,49,44,14,0,107,0,0,0,107
03/04/2018,SYR,NY,AEA,EN,Combined TRACON& Tower with Radar,64,45,6,0,115,0,0,9,0,9,64,45,15,0,124,6,0,6,130
03/05/2018,SYR,NY,AEA,EN,Combined TRACON& Tower with Radar,73,50,16,4,143,0,0,23,1,24,73,50,39,5,167,27,0,27,194
03/06/2018,SYR,NY,AEA,EN,Combined TRACON& Tower with Radar,78,45,19,3,145,0,0,24,2,26,78,45,43,5,171,30,6,36,207
03/07/2018,SYR,NY,AEA,EN,Combined TRACON& Tower with Radar,62,29,7,0,98,0,0,2,0,2,62,29,9,0,100,10,0,10,110
03/08/2018,SYR,NY,AEA,EN,Combined TRACON& Tower with Radar,65,49,15,4,133,0,0,10,0,10,65,49,25,4,143,8,0,8,151
03/09/2018,SYR,NY,AEA,EN,Combined TRACON& Tower with Radar,72,56,7,0,135,0,0,0,0,0,72,56,7,0,135,0,0,0,135
03/10/2018,SYR,NY,AEA,EN,Combined TRACON& Tower with Radar,58,44,9,0,111,0,0,2,0,2,58,44,11,0,113,0,0,0,113
03/11/2018,SYR,NY,AEA,EN,Combined TRACON& Tower with Radar,59,47,15,0,121,0,0,13,1,14,59,47,28,1,135,20,0,20,155
03/12/2018,SYR,NY,AEA,EN,Combined TRACON& Tower with Radar,69,45,18,10,142,0,0,17,6,23,69,45,35,16,165,12,28,40,205
03/13/2018,SYR,NY,AEA,EN,Combined TRACON& Tower with Radar,75,47,8,0,130,0,0,0,0,0,75,47,8,0,130,0,0,0,130
03/14/2018,SYR,NY,AEA,EN,Combined TRACON& Tower with Radar,80,51,7,0,138,0,0,0,0,0,80,51,7,0,138,0,0,0,138
03/15/2018,SYR,NY,AEA,EN,Combined TRACON& Tower with Radar,80,63,14,4,161,0,1,22,33,56,80,64,36,37,217,4,50,54,271
03/16/2018,SYR,NY,AEA,EN,Combined TRACON& Tower with Radar,76,51,17,0,144,0,0,3,0,3,76,51,20,0,147,0,0,0,147
03/17/2018,SYR,NY,AEA,EN,Combined TRACON& Tower with Radar,56,38,11,0,105,0,2,21,0,23,56,40,32,0,128,0,0,0,128
03/18/2018,SYR,NY,AEA,EN,Combined TRACON& Tower with Radar,68,48,14,0,130,0,0,26,1,27,68,48,40,1,157,16,0,16,173
03/19/2018,SYR,NY,AEA,EN,Combined TRACON& Tower with Radar,70,54,17,5,146,0,4,32,2,38,70,58,49,7,184,30,0,30,214
03/20/2018,SYR,NY,AEA,EN,Combined TRACON& Tower with Radar,73,54,12,7,146,0,1,29,0,30,73,55,41,7,176,10,0,10,186
03/21/2018,SYR,NY,AEA,EN,Combined TRACON& Tower with Radar,58,25,14,4,101,0,0,27,6,33,58,25,41,10,134,36,20,56,190
03/22/2018,SYR,NY,AEA,EN,Combined TRACON& Tower with Radar,76,52,15,6,149,0,0,26,0,26,76,52,41,6,175,0,0,0,175
03/23/2018,SYR,NY,AEA,EN,Combined TRACON& Tower with Radar,75,46,15,2,138,0,2,17,0,19,75,48,32,2,157,4,0,4,161
03/24/2018,SYR,NY,AEA,EN,Combined TRACON& Tower with Radar,61,40,8,0,109,1,0,17,0,18,62,40,25,0,127,6,0,6,133
03/25/2018,SYR,NY,AEA,EN,Combined TRACON& Tower with Radar,61,48,18,0,127,0,0,25,0,25,61,48,43,0,152,0,0,0,152
03/26/2018,SYR,NY,AEA,EN,Combined TRACON& Tower with Radar,73,54,11,4,142,0,4,32,0,36,73,58,43,4,178,6,0,6,184
03/27/2018,SYR,NY,AEA,EN,Combined TRACON& Tower with Radar,76,48,20,5,149,0,2,17,0,19,76,50,37,5,168,0,0,0,168
03/28/2018,SYR,NY,AEA,EN,Combined TRACON& Tower with Radar,80,46,10,1,137,0,0,0,0,0,80,46,10,1,137,0,0,0,137
03/29/2018,SYR,NY,AEA,EN,Combined TRACON& Tower with Radar,77,60,36,0,173,0,0,6,0,6,77,60,42,0,179,14,0,14,193
03/30/2018,SYR,NY,AEA,EN,Combined TRACON& Tower with Radar,74,57,12,0,143,0,0,6,0,6,74,57,18,0,149,0,0,0,149
03/31/2018,SYR,NY,AEA,EN,Combined TRACON& Tower with Radar,57,39,6,0,102,0,0,35,0,35,57,39,41,0,137,21,0,21,158
04/01/2018,SYR,NY,AEA,EN,Combined TRACON& Tower with Radar,63,42,5,0,110,0,0,8,0,8,63,42,13,0,118,0,0,0,118
04/02/2018,SYR,NY,AEA,EN,Combined TRACON& Tower with Radar,76,49,11,4,140,0,0,37,0,37,76,49,48,4,177,0,0,0,177
04/03/2018,SYR,NY,AEA,EN,Combined TRACON& Tower with Radar,81,41,22,0,144,0,0,2,0,2,81,41,24,0,146,12,0,12,158
04/04/2018,SYR,NY,AEA,EN,Combined TRACON& Tower with Radar,79,38,10,0,127,0,0,0,0,0,79,38,10,0,127,0,0,0,127
04/05/2018,SYR,NY,AEA,EN,Combined TRACON& Tower with Radar,87,52,9,4,152,0,4,17,2,23,87,56,26,6,175,0,0,0,175
04/06/2018,SYR,NY,AEA,EN,Combined TRACON& Tower with Radar,72,48,12,2,134,0,0,2,0,2,72,48,14,2,136,0,0,0,136
04/07/2018,SYR,NY,AEA,EN,Combined TRACON& Tower with Radar,60,38,9,4,111,0,1,23,16,40,60,39,32,20,151,0,22,22,173
04/08/2018,SYR,NY,AEA,EN,Combined TRACON& Tower with Radar,65,44,19,0,128,0,1,11,0,12,65,45,30,0,140,8,0,8,148
04/09/2018,SYR,NY,AEA,EN,Combined TRACON& Tower with Radar,78,50,17,4,149,0,4,39,0,43,78,54,56,4,192,0,0,0,192
04/10/2018,SYR,NY,AEA,EN,Combined TRACON& Tower with Radar,85,47,12,8,152,0,0,16,1,17,85,47,28,9,169,22,0,22,191
04/11/2018,SYR,NY,AEA,EN,Combined TRACON& Tower with Radar,86,35,18,4,143,0,0,29,25,54,86,35,47,29,197,0,34,34,231
04/12/2018,SYR,NY,AEA,EN,Combined TRACON& Tower with Radar,84,42,26,6,158,0,0,7,0,7,84,42,33,6,165,0,0,0,165
04/13/2018,SYR,NY,AEA,EN,Combined TRACON& Tower with Radar,80,45,10,0,135,0,1,6,0,7,80,46,16,0,142,0,0,0,142
04/14/2018,SYR,NY,AEA,EN,Combined TRACON& Tower with Radar,48,35,9,0,92,0,0,0,0,0,48,35,9,0,92,0,0,0,92
04/15/2018,SYR,NY,AEA,EN,Combined TRACON& Tower with Radar,58,25,10,0,93,0,0,2,0,2,58,25,12,0,95,0,0,0,95
04/16/2018,SYR,NY,AEA,EN,Combined TRACON& Tower with Radar,92,36,8,0,136,0,0,1,2,3,92,36,9,2,139,0,0,0,139
04/17/2018,SYR,NY,AEA,EN,Combined TRACON& Tower with Radar,87,47,15,5,154,0,0,11,0,11,87,47,26,5,165,0,0,0,165
04/18/2018,SYR,NY,AEA,EN,Combined TRACON& Tower with Radar,84,44,16,6,150,0,0,24,1,25,84,44,40,7,175,0,0,0,175
04/19/2018,SYR,NY,AEA,EN,Combined TRACON& Tower with Radar,81,53,6,3,143,0,0,2,0,2,81,53,8,3,145,0,0,0,145
04/20/2018,SYR,NY,AEA,EN,Combined TRACON& Tower with Radar,81,49,18,2,150,0,0,12,3,15,81,49,30,5,165,0,0,0,165
04/21/2018,SYR,NY,AEA,EN,Combined TRACON& Tower with Radar,61,36,9,0,106,0,1,35,0,36,61,37,44,0,142,0,0,0,142
04/22/2018,SYR,NY,AEA,EN,Combined TRACON& Tower with Radar,68,41,19,0,128,0,1,46,0,47,68,42,65,0,175,46,0,46,221
04/23/2018,SYR,NY,AEA,EN,Combined TRACON& Tower with Radar,81,46,17,6,150,0,2,51,1,54,81,48,68,7,204,0,0,0,204
04/24/2018,SYR,NY,AEA,EN,Combined TRACON& Tower with Radar,87,42,9,2,140,0,1,30,0,31,87,43,39,2,171,0,0,0,171
04/25/2018,SYR,NY,AEA,EN,Combined TRACON& Tower with Radar,79,48,22,0,149,0,0,0,0,0,79,48,22,0,149,0,0,0,149
04/26/2018,SYR,NY,AEA,EN,Combined TRACON& Tower with Radar,90,46,15,4,155,0,1,22,0,23,90,47,37,4,178,14,0,14,192
04/27/2018,SYR,NY,AEA,EN,Combined TRACON& Tower with Radar,79,38,14,0,131,0,0,35,0,35,79,38,49,0,166,0,0,0,166
04/28/2018,SYR,NY,AEA,EN,Combined TRACON& Tower with Radar,82,36,16,3,137,0,0,11,1,12,82,36,27,4,149,0,0,0,149
04/29/2018,SYR,NY,AEA,EN,Combined TRACON& Tower with Radar,72,36,6,0,114,0,0,4,0,4,72,36,10,0,118,0,0,0,118
04/30/2018,SYR,NY,AEA,EN,Combined TRACON& Tower with Radar,81,43,13,3,140,0,0,12,0,12,81,43,25,3,152,0,0,0,152
05/01/2018,SYR,NY,AEA,EN,Combined TRACON& Tower with Radar,86,45,18,5,154,0,4,43,9,56,86,49,61,14,210,11,0,11,221
05/02/2018,SYR,NY,AEA,EN,Combined TRACON& Tower with Radar,85,43,10,20,158,0,0,7,11,18,85,43,17,31,176,0,34,34,210
05/03/2018,SYR,NY,AEA,EN,Combined TRACON& Tower with Radar,76,56,10,4,146,0,0,9,6,15,76,56,19,10,161,0,0,0,161
05/04/2018,SYR,NY,AEA,EN,Combined TRACON& Tower with Radar,86,60,12,0,158,0,0,3,0,3,86,60,15,0,161,0,0,0,161
05/05/2018,SYR,NY,AEA,EN,Combined TRACON& Tower with Radar,55,51,7,8,121,0,0,38,31,69,55,51,45,39,190,20,48,68,258
05/06/2018,SYR,NY,AEA,EN,Combined TRACON& Tower with Radar,57,45,14,0,116,0,0,13,4,17,57,45,27,4,133,0,0,0,133
05/07/2018,SYR,NY,AEA,EN,Combined TRACON& Tower with Radar,71,53,16,8,148,0,2,28,8,38,71,55,44,16,186,0,0,0,186
05/08/2018,SYR,NY,AEA,EN,Combined TRACON& Tower with Radar,72,54,17,8,151,0,9,28,7,44,72,63,45,15,195,10,0,10,205
05/09/2018,SYR,NY,AEA,EN,Combined TRACON& Tower with Radar,74,53,28,5,160,0,2,39,40,81,74,55,67,45,241,12,52,64,305
05/10/2018,SYR,NY,AEA,EN,Combined TRACON& Tower with Radar,73,64,16,2,155,0,0,5,0,5,73,64,21,2,160,0,0,0,160
05/11/2018,SYR,NY,AEA,EN,Combined TRACON& Tower with Radar,76,66,23,4,169,0,1,36,3,40,76,67,59,7,209,22,0,22,231
05/12/2018,SYR,NY,AEA,EN,Combined TRACON& Tower with Radar,47,58,20,3,128,0,4,2,3,9,47,62,22,6,137,6,0,6,143
05/13/2018,SYR,NY,AEA,EN,Combined TRACON& Tower with Radar,58,73,24,0,155,0,1,19,2,22,58,74,43,2,177,20,6,26,203
05/14/2018,SYR,NY,AEA,EN,Combined TRACON& Tower with Radar,65,50,22,12,149,0,1,31,12,44,65,51,53,24,193,0,6,6,199
05/15/2018,SYR,NY,AEA,EN,Combined TRACON& Tower with Radar,64,49,19,0,132,0,0,2,0,2,64,49,21,0,134,0,0,0,134
05/16/2018,SYR,NY,AEA,EN,Combined TRACON& Tower with Radar,71,53,15,21,160,0,0,24,11,35,71,53,39,32,195,0,0,0,195
05/17/2018,SYR,NY,AEA,EN,Combined TRACON& Tower with Radar,79,55,14,5,153,0,1,30,12,43,79,56,44,17,196,0,0,0,196
05/18/2018,SYR,NY,AEA,EN,Combined TRACON& Tower with Radar,68,57,6,11,142,0,0,24,14,38,68,57,30,25,180,18,14,32,212
05/19/2018,SYR,NY,AEA,EN,Combined TRACON& Tower with Radar,47,46,12,4,109,0,0,3,0,3,47,46,15,4,112,0,0,0,112
05/20/2018,SYR,NY,AEA,EN,Combined TRACON& Tower with Radar,56,49,20,1,126,0,0,4,1,5,56,49,24,2,131,0,0,0,131
05/21/2018,SYR,NY,AEA,EN,Combined TRACON& Tower with Radar,63,57,11,4,135,0,2,39,15,56,63,59,50,19,191,16,0,16,207
05/22/2018,SYR,NY,AEA,EN,Combined TRACON& Tower with Radar,82,59,22,3,166,0,0,2,0,2,82,59,24,3,168,0,0,0,168
05/23/2018,SYR,NY,AEA,EN,Combined TRACON& Tower with Radar,71,57,32,10,170,0,1,22,10,33,71,58,54,20,203,0,0,0,203
05/24/2018,SYR,NY,AEA,EN,Combined TRACON& Tower with Radar,74,50,19,6,149,0,1,42,7,50,74,51,61,13,199,0,0,0,199
05/25/2018,SYR,NY,AEA,EN,Combined TRACON& Tower with Radar,70,55,15,0,140,0,4,30,0,34,70,59,45,0,174,0,0,0,174
05/26/2018,SYR,NY,AEA,EN,Combined TRACON& Tower with Radar,48,41,19,0,108,0,0,27,0,27,48,41,46,0,135,0,0,0,135
05/27/2018,SYR,NY,AEA,EN,Combined TRACON& Tower with Radar,49,35,10,0,94,0,0,7,0,7,49,35,17,0,101,0,0,0,101
05/28/2018,SYR,NY,AEA,EN,Combined TRACON& Tower with Radar,58,46,9,0,113,0,1,17,4,22,58,47,26,4,135,6,0,6,141
05/29/2018,SYR,NY,AEA,EN,Combined TRACON& Tower with Radar,65,54,14,6,139,0,0,41,10,51,65,54,55,16,190,0,0,0,190
05/30/2018,SYR,NY,AEA,EN,Combined TRACON& Tower with Radar,75,49,14,18,156,0,0,26,9,35,75,49,40,27,191,26,0,26,217
05/31/2018,SYR,NY,AEA,EN,Combined TRACON& Tower with Radar,75,57,19,12,163,0,1,12,8,21,75,58,31,20,184,18,0,18,202
06/01/2018,SYR,NY,AEA,EN,Combined TRACON& Tower with Radar,68,53,16,0,137,0,1,13,0,14,68,54,29,0,151,6,0,6,157
06/02/2018,SYR,NY,AEA,EN,Combined TRACON& Tower with Radar,54,42,23,3,122,0,0,22,5,27,54,42,45,8,149,8,0,8,157
06/03/2018,SYR,NY,AEA,EN,Combined TRACON& Tower with Radar,58,46,23,0,127,0,0,9,0,9,58,46,32,0,136,0,0,0,136
06/04/2018,SYR,NY,AEA,EN,Combined TRACON& Tower with Radar,71,47,21,4,143,0,0,5,10,15,71,47,26,14,158,0,0,0,158
06/05/2018,SYR,NY,AEA,EN,Combined TRACON& Tower with Radar,77,59,22,7,165,0,0,17,9,26,77,59,39,16,191,6,8,14,205
06/06/2018,SYR,NY,AEA,EN,Combined TRACON& Tower with Radar,76,52,17,0,145,0,0,15,4,19,76,52,32,4,164,0,0,0,164
06/07/2018,SYR,NY,AEA,EN,Combined TRACON& Tower with Radar,74,54,25,4,157,0,0,44,12,56,74,54,69,16,213,0,0,0,213
06/08/2018,SYR,NY,AEA,EN,Combined TRACON& Tower with Radar,72,61,17,0,150,0,0,33,0,33,72,61,50,0,183,0,0,0,183
06/09/2018,SYR,NY,AEA,EN,Combined TRACON& Tower with Radar,61,45,20,2,128,0,0,16,0,16,61,45,36,2,144,0,0,0,144
06/10/2018,SYR,NY,AEA,EN,Combined TRACON& Tower with Radar,55,54,31,0,140,0,1,73,0,74,55,55,104,0,214,0,0,0,214
06/11/2018,SYR,NY,AEA,EN,Combined TRACON& Tower with Radar,76,59,19,12,166,0,5,43,19,67,76,64,62,31,233,0,0,0,233
06/12/2018,SYR,NY,AEA,EN,Combined TRACON& Tower with Radar,80,55,19,6,160,0,3,39,9,51,80,58,58,15,211,6,0,6,217
06/13/2018,SYR,NY,AEA,EN,Combined TRACON& Tower with Radar,78,57,34,2,171,0,0,4,2,6,78,57,38,4,177,0,0,0,177
06/14/2018,SYR,NY,AEA,EN,Combined TRACON& Tower with Radar,85,63,29,8,185,0,2,18,10,30,85,65,47,18,215,0,0,0,215
06/15/2018,SYR,NY,AEA,EN,Combined TRACON& Tower with Radar,77,57,15,2,151,0,2,53,0,55,77,59,68,2,206,52,0,52,258
06/16/2018,SYR,NY,AEA,EN,Combined TRACON& Tower with Radar,52,43,13,0,108,0,0,36,0,36,52,43,49,0,144,2,0,2,146
06/17/2018,SYR,NY,AEA,EN,Combined TRACON& Tower with Radar,68,40,16,0,124,0,2,28,0,30,68,42,44,0,154,6,0,6,160
06/18/2018,SYR,NY,AEA,EN,Combined TRACON& Tower with Radar,63,45,14,8,130,0,0,19,7,26,63,45,33,15,156,0,0,0,156
06/19/2018,SYR,NY,AEA,EN,Combined TRACON& Tower with Radar,81,47,28,5,161,0,1,21,9,31,81,48,49,14,192,20,0,20,212
06/20/2018,SYR,NY,AEA,EN,Combined TRACON& Tower with Radar,74,50,23,6,153,0,1,38,8,47,74,51,61,14,200,0,0,0,200
06/21/2018,SYR,NY,AEA,EN,Combined TRACON& Tower with Radar,85,49,23,6,163,0,1,28,17,46,85,50,51,23,209,0,0,0,209
06/22/2018,SYR,NY,AEA,EN,Combined TRACON& Tower with Radar,71,62,15,0,148,0,2,49,2,53,71,64,64,2,201,14,0,14,215
06/23/2018,SYR,NY,AEA,EN,Combined TRACON& Tower with Radar,56,48,8,0,112,0,0,6,0,6,56,48,14,0,118,10,0,10,128
06/24/2018,SYR,NY,AEA,EN,Combined TRACON& Tower with Radar,58,40,22,0,120,0,0,3,0,3,58,40,25,0,123,0,0,0,123
06/25/2018,SYR,NY,AEA,EN,Combined TRACON& Tower with Radar,70,62,21,3,156,0,1,40,8,49,70,63,61,11,205,0,0,0,205
06/26/2018,SYR,NY,AEA,EN,Combined TRACON& Tower with Radar,80,53,21,4,158,0,0,52,6,58,80,53,73,10,216,0,0,0,216
06/27/2018,SYR,NY,AEA,EN,Combined TRACON& Tower with Radar,82,52,25,2,161,0,0,7,0,7,82,52,32,2,168,0,0,0,168
06/28/2018,SYR,NY,AEA,EN,Combined TRACON& Tower with Radar,80,44,29,6,159,0,3,14,3,20,80,47,43,9,179,0,20,20,199
06/29/2018,SYR,NY,AEA,EN,Combined TRACON& Tower with Radar,78,58,21,0,157,0,0,47,0,47,78,58,68,0,204,10,0,10,214
06/30/2018,SYR,NY,AEA,EN,Combined TRACON& Tower with Radar,59,47,13,0,119,0,0,22,3,25,59,47,35,3,144,0,0,0,144
07/01/2018,SYR,NY,AEA,EN,Combined TRACON& Tower with Radar,64,46,5,0,115,0,2,17,2,21,64,48,22,2,136,0,0,0,136
07/02/2018,SYR,NY,AEA,EN,Combined TRACON& Tower with Radar,73,44,19,8,144,0,0,21,14,35,73,44,40,22,179,0,8,8,187
07/03/2018,SYR,NY,AEA,EN,Combined TRACON& Tower with Radar,78,43,14,6,141,0,1,35,11,47,78,44,49,17,188,0,0,0,188
07/04/2018,SYR,NY,AEA,EN,Combined TRACON& Tower with Radar,57,38,7,0,102,0,0,27,2,29,57,38,34,2,131,12,0,12,143
07/05/2018,SYR,NY,AEA,EN,Combined TRACON& Tower with Radar,80,44,13,0,137,0,1,20,0,21,80,45,33,0,158,28,0,28,186
07/06/2018,SYR,NY,AEA,EN,Combined TRACON& Tower with Radar,74,51,16,0,141,0,0,16,0,16,74,51,32,0,157,18,0,18,175
07/07/2018,SYR,NY,AEA,EN,Combined TRACON& Tower with Radar,61,45,14,2,122,0,0,22,0,22,61,45,36,2,144,0,0,0,144
07/08/2018,SYR,NY,AEA,EN,Combined TRACON& Tower with Radar,67,51,11,1,130,0,3,38,1,42,67,54,49,2,172,0,0,0,172
07/09/2018,SYR,NY,AEA,EN,Combined TRACON& Tower with Radar,74,53,16,8,151,0,4,30,8,42,74,57,46,16,193,0,0,0,193
07/10/2018,SYR,NY,AEA,EN,Combined TRACON& Tower with Radar,79,62,20,7,168,0,1,26,9,36,79,63,46,16,204,12,0,12,216
07/11/2018,SYR,NY,AEA,EN,Combined TRACON& Tower with Radar,84,57,13,15,169,0,7,25,27,59,84,64,38,42,228,18,42,60,288
07/12/2018,SYR,NY,AEA,EN,Combined TRACON& Tower with Radar,77,50,16,14,157,0,4,42,8,54,77,54,58,22,211,20,12,32,243
07/13/2018,SYR,NY,AEA,EN,Combined TRACON& Tower with Radar,75,63,4,4,146,0,1,46,0,47,75,64,50,4,193,6,0,6,199
07/14/2018,SYR,NY,AEA,EN,Combined TRACON& Tower with Radar,54,46,15,2,117,0,0,16,0,16,54,46,31,2,133,0,0,0,133
07/15/2018,SYR,NY,AEA,EN,Combined TRACON& Tower with Radar,65,41,7,2,115,0,2,29,0,31,65,43,36,2,146,0,0,0,146
07/16/2018,SYR,NY,AEA,EN,Combined TRACON& Tower with Radar,66,53,17,4,140,0,1,35,49,85,66,54,52,53,225,14,60,74,299
07/17/2018,SYR,NY,AEA,EN,Combined TRACON& Tower with Radar,86,54,22,8,170,0,0,16,9,25,86,54,38,17,195,35,0,35,230
07/18/2018,SYR,NY,AEA,EN,Combined TRACON& Tower with Radar,92,62,22,11,187,0,1,63,9,73,92,63,85,20,260,42,0,42,302
07/19/2018,SYR,NY,AEA,EN,Combined TRACON& Tower with Radar,81,59,20,10,170,0,4,57,12,73,81,63,77,22,243,14,0,14,257
07/20/2018,SYR,NY,AEA,EN,Combined TRACON& Tower with Radar,74,51,20,0,145,0,5,43,4,52,74,56,63,4,197,0,0,0,197
07/21/2018,SYR,NY,AEA,EN,Combined TRACON& Tower with Radar,61,44,12,1,118,0,0,29,3,32,61,44,41,4,150,0,6,6,156
07/22/2018,SYR,NY,AEA,EN,Combined TRACON& Tower with Radar,59,42,8,0,109,0,0,5,0,5,59,42,13,0,114,0,0,0,114
07/23/2018,SYR,NY,AEA,EN,Combined TRACON& Tower with Radar,66,51,14,0,131,0,0,7,0,7,66,51,21,0,138,8,0,8,146
07/24/2018,SYR,NY,AEA,EN,Combined TRACON& Tower with Radar,83,48,13,8,152,0,0,10,8,18,83,48,23,16,170,18,0,18,188
07/25/2018,SYR,NY,AEA,EN,Combined TRACON& Tower with Radar,73,52,11,0,136,0,0,5,0,5,73,52,16,0,141,16,0,16,157
07/26/2018,SYR,NY,AEA,EN,Combined TRACON& Tower with Radar,80,58,28,11,177,0,1,25,10,36,80,59,53,21,213,2,6,8,221
07/27/2018,SYR,NY,AEA,EN,Combined TRACON& Tower with Radar,82,47,12,0,141,0,0,18,0,18,82,47,30,0,159,20,0,20,179
07/28/2018,SYR,NY,AEA,EN,Combined TRACON& Tower with Radar,58,50,18,0,126,0,1,28,0,29,58,51,46,0,155,12,0,12,167
07/29/2018,SYR,NY,AEA,EN,Combined TRACON& Tower with Radar,64,53,40,0,157,0,1,20,0,21,64,54,60,0,178,18,0,18,196
07/30/2018,SYR,NY,AEA,EN,Combined TRACON& Tower with Radar,71,56,21,10,158,0,2,40,16,58,71,58,61,26,216,8,20,28,244
07/31/2018,SYR,NY,AEA,EN,Combined TRACON& Tower with Radar,80,54,21,10,165,0,1,18,6,25,80,55,39,16,190,0,0,0,190
08/01/2018,SYR,NY,AEA,EN,Combined TRACON& Tower with Radar,71,66,26,11,174,0,1,16,3,20,71,67,42,14,194,26,0,26,220
08/02/2018,SYR,NY,AEA,EN,Combined TRACON& Tower with Radar,76,54,19,17,166,0,1,16,39,56,76,55,35,56,222,0,76,76,298
08/03/2018,SYR,NY,AEA,EN,Combined TRACON& Tower with Radar,89,55,21,1,166,0,0,21,1,22,89,55,42,2,188,28,0,28,216
08/04/2018,SYR,NY,AEA,EN,Combined TRACON& Tower with Radar,55,48,16,0,119,0,0,28,2,30,55,48,44,2,149,0,0,0,149
08/05/2018,SYR,NY,AEA,EN,Combined TRACON& Tower with Radar,64,51,10,0,125,0,2,44,0,46,64,53,54,0,171,0,0,0,171
08/06/2018,SYR,NY,AEA,EN,Combined TRACON& Tower with Radar,71,51,12,13,147,0,1,30,31,62,71,52,42,44,209,48,32,80,289
08/07/2018,SYR,NY,AEA,EN,Combined TRACON& Tower with Radar,74,53,13,5,145,0,0,17,53,70,74,53,30,58,215,16,92,108,323
08/08/2018,SYR,NY,AEA,EN,Combined TRACON& Tower with Radar,76,48,18,0,142,0,1,15,2,18,76,49,33,2,160,16,0,16,176
08/09/2018,SYR,NY,AEA,EN,Combined TRACON& Tower with Radar,78,54,33,10,175,0,0,39,64,103,78,54,72,74,278,20,92,112,390
08/10/2018,SYR,NY,AEA,EN,Combined TRACON& Tower with Radar,73,64,21,4,162,0,1,36,8,45,73,65,57,12,207,16,0,16,223
08/11/2018,SYR,NY,AEA,EN,Combined TRACON& Tower with Radar,54,46,19,0,119,0,1,25,61,87,54,47,44,61,206,72,54,126,332
08/12/2018,SYR,NY,AEA,EN,Combined TRACON& Tower with Radar,63,45,26,10,144,0,0,33,2,35,63,45,59,12,179,24,0,24,203
08/13/2018,SYR,NY,AEA,EN,Combined TRACON& Tower with Radar,70,48,18,1,137,0,1,16,24,41,70,49,34,25,178,28,28,56,234
08/14/2018,SYR,NY,AEA,EN,Combined TRACON& Tower with Radar,76,58,17,4,155,0,0,3,1,4,76,58,20,5,159,0,0,0,159
08/15/2018,SYR,NY,AEA,EN,Combined TRACON& Tower with Radar,79,62,25,8,174,0,0,47,9,56,79,62,72,17,230,16,0,16,246
08/16/2018,SYR,NY,AEA,EN,Combined TRACON& Tower with Radar,78,59,27,11,175,0,2,24,25,51,78,61,51,36,226,22,0,22,248
08/17/2018,SYR,NY,AEA,EN,Combined TRACON& Tower with Radar,71,50,17,2,140,0,0,5,4,9,71,50,22,6,149,0,0,0,149
08/18/2018,SYR,NY,AEA,EN,Combined TRACON& Tower with Radar,69,47,12,0,128,0,0,6,0,6,69,47,18,0,134,0,0,0,134
08/19/2018,SYR,NY,AEA,EN,Combined TRACON& Tower with Radar,67,46,9,0,122,1,1,40,4,46,68,47,49,4,168,32,0,32,200
08/20/2018,SYR,NY,AEA,EN,Combined TRACON& Tower with Radar,72,59,23,6,160,0,0,44,55,99,72,59,67,61,259,0,100,100,359
08/21/2018,SYR,NY,AEA,EN,Combined TRACON& Tower with Radar,75,62,27,7,171,0,0,22,14,36,75,62,49,21,207,16,28,44,251
08/22/2018,SYR,NY,AEA,EN,Combined TRACON& Tower with Radar,75,60,20,5,160,0,2,11,9,22,75,62,31,14,182,0,0,0,182
08/23/2018,SYR,NY,AEA,EN,Combined TRACON& Tower with Radar,79,72,23,32,206,0,1,40,13,54,79,73,63,45,260,12,62,74,334
08/24/2018,SYR,NY,AEA,EN,Combined TRACON& Tower with Radar,73,59,19,0,151,0,2,55,0,57,73,61,74,0,208,10,0,10,218
08/25/2018,SYR,NY,AEA,EN,Combined TRACON& Tower with Radar,59,43,14,0,116,0,4,26,10,40,59,47,40,10,156,2,0,2,158
08/26/2018,SYR,NY,AEA,EN,Combined TRACON& Tower with Radar,67,50,18,0,135,0,0,13,2,15,67,50,31,2,150,0,0,0,150
08/27/2018,SYR,NY,AEA,EN,Combined TRACON& Tower with Radar,74,49,20,4,147,0,0,12,6,18,74,49,32,10,165,0,0,0,165
08/28/2018,SYR,NY,AEA,EN,Combined TRACON& Tower with Radar,72,53,12,0,137,0,0,20,0,20,72,53,32,0,157,0,0,0,157
08/29/2018,SYR,NY,AEA,EN,Combined TRACON& Tower with Radar,82,55,16,3,156,0,0,20,1,21,82,55,36,4,177,0,0,0,177
08/30/2018,SYR,NY,AEA,EN,Combined TRACON& Tower with Radar,84,63,36,2,185,0,0,27,68,95,84,63,63,70,280,20,86,106,386
08/31/2018,SYR,NY,AEA,EN,Combined TRACON& Tower with Radar,71,59,18,0,148,0,0,24,4,28,71,59,42,4,176,26,0,26,202
09/01/2018,SYR,NY,AEA,EN,Combined TRACON& Tower with Radar,51,47,11,0,109,0,0,18,1,19,51,47,29,1,128,6,0,6,134
09/02/2018,SYR,NY,AEA,EN,Combined TRACON& Tower with Radar,49,49,6,0,104,0,1,14,0,15,49,50,20,0,119,6,0,6,125
09/03/2018,SYR,NY,AEA,EN,Combined TRACON& Tower with Radar,63,40,18,0,121,0,2,22,5,29,63,42,40,5,150,0,0,0,150
09/04/2018,SYR,NY,AEA,EN,Combined TRACON& Tower with Radar,74,55,27,10,166,0,1,15,39,55,74,56,42,49,221,0,60,60,281
09/05/2018,SYR,NY,AEA,EN,Combined TRACON& Tower with Radar,85,57,14,7,163,0,4,22,13,39,85,61,36,20,202,0,0,0,202
09/06/2018,SYR,NY,AEA,EN,Combined TRACON& Tower with Radar,81,55,22,11,169,0,1,24,42,67,81,56,46,53,236,10,57,67,303
09/07/2018,SYR,NY,AEA,EN,Combined TRACON& Tower with Radar,81,52,17,0,150,0,0,21,4,25,81,52,38,4,175,2,0,2,177
09/08/2018,SYR,NY,AEA,EN,Combined TRACON& Tower with Radar,52,44,17,6,119,0,0,37,44,81,52,44,54,50,200,16,66,82,282
09/09/2018,SYR,NY,AEA,EN,Combined TRACON& Tower with Radar,67,46,5,0,118,0,1,12,5,18,67,47,17,5,136,0,0,0,136
09/10/2018,SYR,NY,AEA,EN,Combined TRACON& Tower with Radar,80,47,18,0,145,0,0,0,0,0,80,47,18,0,145,0,0,0,145
09/11/2018,SYR,NY,AEA,EN,Combined TRACON& Tower with Radar,83,54,20,5,162,0,2,3,11,16,83,56,23,16,178,0,8,8,186
09/12/2018,SYR,NY,AEA,EN,Combined TRACON& Tower with Radar,84,58,20,8,170,0,0,16,43,59,84,58,36,51,229,2,100,102,331
09/13/2018,SYR,NY,AEA,EN,Combined TRACON& Tower with Radar,83,64,28,10,185,0,1,21,33,55,83,65,49,43,240,8,56,64,304
09/14/2018,SYR,NY,AEA,EN,Combined TRACON& Tower with Radar,77,66,25,3,171,0,1,23,7,31,77,67,48,10,202,8,26,34,236
09/15/2018,SYR,NY,AEA,EN,Combined TRACON& Tower with Radar,48,46,25,4,123,0,0,22,6,28,48,46,47,10,151,0,20,20,171
09/16/2018,SYR,NY,AEA,EN,Combined TRACON& Tower with Radar,58,52,9,0,119,0,0,31,2,33,58,52,40,2,152,0,0,0,152
09/17/2018,SYR,NY,AEA,EN,Combined TRACON& Tower with Radar,74,57,14,11,156,0,0,23,9,32,74,57,37,20,188,0,0,0,188
09/18/2018,SYR,NY,AEA,EN,Combined TRACON& Tower with Radar,78,46,16,34,174,0,1,13,6,20,78,47,29,40,194,12,34,46,240
09/19/2018,SYR,NY,AEA,EN,Combined TRACON& Tower with Radar,84,55,21,9,169,0,0,25,34,59,84,55,46,43,228,8,42,50,278
09/20/2018,SYR,NY,AEA,EN,Combined TRACON& Tower with Radar,82,54,16,4,156,0,1,26,34,61,82,55,42,38,217,0,32,32,249
09/21/2018,SYR,NY,AEA,EN,Combined TRACON& Tower with Radar,80,49,18,2,149,0,1,3,0,4,80,50,21,2,153,0,0,0,153
09/22/2018,SYR,NY,AEA,EN,Combined TRACON& Tower with Radar,54,52,23,0,129,0,0,17,8,25,54,52,40,8,154,0,0,0,154
09/23/2018,SYR,NY,AEA,EN,Combined TRACON& Tower with Radar,66,50,18,1,135,0,4,24,5,33,66,54,42,6,168,16,12,28,196
09/24/2018,SYR,NY,AEA,EN,Combined TRACON& Tower with Radar,76,53,21,7,157,0,1,24,37,62,76,54,45,44,219,10,46,56,275
09/25/2018,SYR,NY,AEA,EN,Combined TRACON& Tower with Radar,73,50,14,2,139,0,0,4,30,34,73,50,18,32,173,8,62,70,243
09/26/2018,SYR,NY,AEA,EN,Combined TRACON& Tower with Radar,80,45,24,0,149,0,0,0,0,0,80,45,24,0,149,0,0,0,149
09/27/2018,SYR,NY,AEA,EN,Combined TRACON& Tower with Radar,92,48,33,56,229,0,1,38,18,57,92,49,71,74,286,2,78,80,366
09/28/2018,SYR,NY,AEA,EN,Combined TRACON& Tower with Radar,86,47,16,1,150,0,3,19,0,22,86,50,35,1,172,0,0,0,172
09/29/2018,SYR,NY,AEA,EN,Combined TRACON& Tower with Radar,55,47,21,1,124,0,4,20,1,25,55,51,41,2,149,12,0,12,161
09/30/2018,SYR,NY,AEA,EN,Combined TRACON& Tower with Radar,67,54,26,1,148,0,0,20,3,23,67,54,46,4,171,16,2,18,189
10/01/2018,SYR,NY,AEA,EN,Combined TRACON& Tower with Radar,77,69,32,14,192,0,0,0,0,0,77,69,32,14,192,0,0,0,192
10/02/2018,SYR,NY,AEA,EN,Combined TRACON& Tower with Radar,77,54,12,0,143,0,0,0,0,0,77,54,12,0,143,0,0,0,143
10/03/2018,SYR,NY,AEA,EN,Combined TRACON& Tower with Radar,84,50,33,0,167,0,2,15,0,17,84,52,48,0,184,20,0,20,204
10/04/2018,SYR,NY,AEA,EN,Combined TRACON& Tower with Radar,92,62,31,0,185,0,0,13,6,19,92,62,44,6,204,0,0,0,204
10/05/2018,SYR,NY,AEA,EN,Combined TRACON& Tower with Radar,83,66,21,2,172,0,0,55,3,58,83,66,76,5,230,4,0,4,234
10/06/2018,SYR,NY,AEA,EN,Combined TRACON& Tower with Radar,63,44,10,0,117,0,2,13,0,15,63,46,23,0,132,0,0,0,132
10/07/2018,SYR,NY,AEA,EN,Combined TRACON& Tower with Radar,67,56,16,0,139,0,0,0,0,0,67,56,16,0,139,0,0,0,139
10/08/2018,SYR,NY,AEA,EN,Combined TRACON& Tower with Radar,78,52,31,10,171,0,0,18,6,24,78,52,49,16,195,0,30,30,225
10/09/2018,SYR,NY,AEA,EN,Combined TRACON& Tower with Radar,84,51,27,26,188,0,0,19,13,32,84,51,46,39,220,4,42,46,266
10/10/2018,SYR,NY,AEA,EN,Combined TRACON& Tower with Radar,83,47,20,4,154,0,3,28,23,54,83,50,48,27,208,0,14,14,222
10/11/2018,SYR,NY,AEA,EN,Combined TRACON& Tower with Radar,97,54,22,0,173,0,0,0,0,0,97,54,22,0,173,0,0,0,173
10/12/2018,SYR,NY,AEA,EN,Combined TRACON& Tower with Radar,83,66,16,6,171,0,0,13,29,42,83,66,29,35,213,0,30,30,243
10/13/2018,SYR,NY,AEA,EN,Combined TRACON& Tower with Radar,64,48,7,2,121,0,2,3,0,5,64,50,10,2,126,0,0,0,126
10/14/2018,SYR,NY,AEA,EN,Combined TRACON& Tower with Radar,71,65,20,0,156,0,1,16,0,17,71,66,36,0,173,8,0,8,181
10/15/2018,SYR,NY,AEA,EN,Combined TRACON& Tower with Radar,72,58,27,2,159,0,0,2,38,40,72,58,29,40,199,0,76,76,275
10/16/2018,SYR,NY,AEA,EN,Combined TRACON& Tower with Radar,84,58,32,7,181,0,1,18,3,22,84,59,50,10,203,0,0,0,203
10/17/2018,SYR,NY,AEA,EN,Combined TRACON& Tower with Radar,84,63,22,6,175,0,0,0,7,7,84,63,22,13,182,0,0,0,182
10/18/2018,SYR,NY,AEA,EN,Combined TRACON& Tower with Radar,90,57,25,2,174,0,2,23,5,30,90,59,48,7,204,0,0,0,204
10/19/2018,SYR,NY,AEA,EN,Combined TRACON& Tower with Radar,83,57,14,0,154,0,4,35,0,39,83,61,49,0,193,28,0,28,221
10/20/2018,SYR,NY,AEA,EN,Combined TRACON& Tower with Radar,60,50,15,0,125,0,0,8,6,14,60,50,23,6,139,0,0,0,139
10/21/2018,SYR,NY,AEA,EN,Combined TRACON& Tower with Radar,76,49,13,0,138,0,1,11,10,22,76,50,24,10,160,0,0,0,160
10/22/2018,SYR,NY,AEA,EN,Combined TRACON& Tower with Radar,79,58,18,19,174,0,2,24,46,72,79,60,42,65,246,10,80,90,336
10/23/2018,SYR,NY,AEA,EN,Combined TRACON& Tower with Radar,82,49,13,2,146,0,1,12,14,27,82,50,25,16,173,0,0,0,173
10/24/2018,SYR,NY,AEA,EN,Combined TRACON& Tower with Radar,81,60,17,9,167,0,0,10,13,23,81,60,27,22,190,0,12,12,202
10/25/2018,SYR,NY,AEA,EN,Combined TRACON& Tower with Radar,88,58,34,7,187,0,0,18,9,27,88,58,52,16,214,0,0,0,214
10/26/2018,SYR,NY,AEA,EN,Combined TRACON& Tower with Radar,84,65,20,0,169,0,0,46,2,48,84,65,66,2,217,8,14,22,239
10/27/2018,SYR,NY,AEA,EN,Combined TRACON& Tower with Radar,57,36,12,0,105,0,0,0,0,0,57,36,12,0,105,0,0,0,105
10/28/2018,SYR,NY,AEA,EN,Combined TRACON& Tower with Radar,68,54,20,0,142,0,1,4,0,5,68,55,24,0,147,0,0,0,147
10/29/2018,SYR,NY,AEA,EN,Combined TRACON& Tower with Radar,82,49,16,0,147,0,0,4,16,20,82,49,20,16,167,0,16,16,183
10/30/2018,SYR,NY,AEA,EN,Combined TRACON& Tower with Radar,76,48,23,22,169,0,0,26,31,57,76,48,49,53,226,0,52,52,278
10/31/2018,SYR,NY,AEA,EN,Combined TRACON& Tower with Radar,70,44,13,14,141,0,0,7,9,16,70,44,20,23,157,0,10,10,167
11/01/2018,SYR,NY,AEA,EN,Combined TRACON& Tower with Radar,82,53,21,2,158,0,0,1,0,1,82,53,22,2,159,16,0,16,175
11/02/2018,SYR,NY,AEA,EN,Combined TRACON& Tower with Radar,72,48,15,0,135,0,0,2,0,2,72,48,17,0,137,0,0,0,137
11/03/2018,SYR,NY,AEA,EN,Combined TRACON& Tower with Radar,59,27,6,0,92,0,2,1,0,3,59,29,7,0,95,0,0,0,95
11/04/2018,SYR,NY,AEA,EN,Combined TRACON& Tower with Radar,63,43,13,4,123,0,1,38,48,87,63,44,51,52,210,30,58,88,298
11/05/2018,SYR,NY,AEA,EN,Combined TRACON& Tower with Radar,71,49,8,9,137,0,0,7,51,58,71,49,15,60,195,13,80,93,288
11/06/2018,SYR,NY,AEA,EN,Combined TRACON& Tower with Radar,80,53,14,10,157,0,0,0,16,16,80,53,14,26,173,0,28,28,201
11/07/2018,SYR,NY,AEA,EN,Combined TRACON& Tower with Radar,92,49,4,7,152,0,2,10,59,71,92,51,14,66,223,6,59,65,288
11/08/2018,SYR,NY,AEA,EN,Combined TRACON& Tower with Radar,87,52,22,8,169,0,1,16,47,64,87,53,38,55,233,4,40,44,277
11/09/2018,SYR,NY,AEA,EN,Combined TRACON& Tower with Radar,79,66,15,0,160,0,0,5,0,5,79,66,20,0,165,0,0,0,165
11/10/2018,SYR,NY,AEA,EN,Combined TRACON& Tower with Radar,52,30,11,0,93,0,0,2,0,2,52,30,13,0,95,0,0,0,95
11/11/2018,SYR,NY,AEA,EN,Combined TRACON& Tower with Radar,69,50,18,0,137,0,1,14,0,15,69,51,32,0,152,16,0,16,168
11/12/2018,SYR,NY,AEA,EN,Combined TRACON& Tower with Radar,79,50,9,0,138,0,0,33,6,39,79,50,42,6,177,28,0,28,205
11/13/2018,SYR,NY,AEA,EN,Combined TRACON& Tower with Radar,82,43,18,0,143,0,0,0,0,0,82,43,18,0,143,0,0,0,143
11/14/2018,SYR,NY,AEA,EN,Combined TRACON& Tower with Radar,88,48,17,9,162,0,0,9,9,18,88,48,26,18,180,0,0,0,180
11/15/2018,SYR,NY,AEA,EN,Combined TRACON& Tower with Radar,82,42,17,9,150,0,1,22,28,51,82,43,39,37,201,0,46,46,247
11/16/2018,SYR,NY,AEA,EN,Combined TRACON& Tower with Radar,78,58,11,0,147,0,0,0,0,0,78,58,11,0,147,0,0,0,147
11/17/2018,SYR,NY,AEA,EN,Combined TRACON& Tower with Radar,57,33,12,0,102,0,0,4,2,6,57,33,16,2,108,22,0,22,130
11/18/2018,SYR,NY,AEA,EN,Combined TRACON& Tower with Radar,68,36,15,0,119,0,0,3,1,4,68,36,18,1,123,0,0,0,123
11/19/2018,SYR,NY,AEA,EN,Combined TRACON& Tower with Radar,72,41,23,6,142,0,1,13,31,45,72,42,36,37,187,19,32,51,238
11/20/2018,SYR,NY,AEA,EN,Combined TRACON& Tower with Radar,94,54,31,3,182,0,1,0,2,3,94,55,31,5,185,0,0,0,185
11/21/2018,SYR,NY,AEA,EN,Combined TRACON& Tower with Radar,84,58,9,1,152,0,0,0,0,0,84,58,9,1,152,0,0,0,152
11/22/2018,SYR,NY,AEA,EN,Combined TRACON& Tower with Radar,38,17,4,0,59,0,0,0,0,0,38,17,4,0,59,0,0,0,59
11/23/2018,SYR,NY,AEA,EN,Combined TRACON& Tower with Radar,59,30,13,0,102,0,2,35,5,42,59,32,48,5,144,26,0,26,170
11/24/2018,SYR,NY,AEA,EN,Combined TRACON& Tower with Radar,71,45,7,0,123,0,0,2,0,2,71,45,9,0,125,0,0,0,125
11/25/2018,SYR,NY,AEA,EN,Combined TRACON& Tower with Radar,69,53,26,0,148,0,0,16,0,16,69,53,42,0,164,16,0,16,180
11/26/2018,SYR,NY,AEA,EN,Combined TRACON& Tower with Radar,58,53,7,4,122,0,0,0,0,0,58,53,7,4,122,6,0,6,128
11/27/2018,SYR,NY,AEA,EN,Combined TRACON& Tower with Radar,88,43,7,0,138,0,0,0,0,0,88,43,7,0,138,0,0,0,138
11/28/2018,SYR,NY,AEA,EN,Combined TRACON& Tower with Radar,73,46,9,0,128,0,0,0,0,0,73,46,9,0,128,0,0,0,128
11/29/2018,SYR,NY,AEA,EN,Combined TRACON& Tower with Radar,90,58,16,2,166,0,0,4,0,4,90,58,20,2,170,6,0,6,176
11/30/2018,SYR,NY,AEA,EN,Combined TRACON& Tower with Radar,75,46,10,0,131,0,0,10,0,10,75,46,20,0,141,0,0,0,141
12/01/2018,SYR,NY,AEA,EN,Combined TRACON& Tower with Radar,52,32,14,3,101,0,0,11,12,23,52,32,25,15,124,36,16,52,176
12/02/2018,SYR,NY,AEA,EN,Combined TRACON& Tower with Radar,70,44,11,0,125,0,0,10,2,12,70,44,21,2,137,0,0,0,137
12/03/2018,SYR,NY,AEA,EN,Combined TRACON& Tower with Radar,69,51,7,13,140,0,0,3,17,20,69,51,10,30,160,2,50,52,212
12/04/2018,SYR,NY,AEA,EN,Combined TRACON& Tower with Radar,77,47,20,7,151,0,0,5,14,19,77,47,25,21,170,0,0,0,170
12/05/2018,SYR,NY,AEA,EN,Combined TRACON& Tower with Radar,73,55,11,0,139,0,2,32,2,36,73,57,43,2,175,20,0,20,195
12/06/2018,SYR,NY,AEA,EN,Combined TRACON& Tower with Radar,78,54,22,9,163,0,0,2,7,9,78,54,24,16,172,0,0,0,172
12/07/2018,SYR,NY,AEA,EN,Combined TRACON& Tower with Radar,78,50,24,0,152,0,0,3,0,3,78,50,27,0,155,0,0,0,155
12/08/2018,SYR,NY,AEA,EN,Combined TRACON& Tower with Radar,55,41,9,0,105,0,0,7,0,7,55,41,16,0,112,0,0,0,112
12/09/2018,SYR,NY,AEA,EN,Combined TRACON& Tower with Radar,60,41,16,0,117,0,0,19,0,19,60,41,35,0,136,20,0,20,156
12/10/2018,SYR,NY,AEA,EN,Combined TRACON& Tower with Radar,65,46,18,5,134,0,0,17,8,25,65,46,35,13,159,0,0,0,159
12/11/2018,SYR,NY,AEA,EN,Combined TRACON& Tower with Radar,79,50,24,2,155,0,0,8,5,13,79,50,32,7,168,22,0,22,190
12/12/2018,SYR,NY,AEA,EN,Combined TRACON& Tower with Radar,77,55,13,4,149,0,0,18,0,18,77,55,31,4,167,0,0,0,167
12/13/2018,SYR,NY,AEA,EN,Combined TRACON& Tower with Radar,88,55,31,9,183,0,0,23,7,30,88,55,54,16,213,0,0,0,213
12/14/2018,SYR,NY,AEA,EN,Combined TRACON& Tower with Radar,72,50,14,3,139,0,0,13,2,15,72,50,27,5,154,0,0,0,154
12/15/2018,SYR,NY,AEA,EN,Combined TRACON& Tower with Radar,58,31,18,0,107,0,0,19,0,19,58,31,37,0,126,11,0,11,137
12/16/2018,SYR,NY,AEA,EN,Combined TRACON& Tower with Radar,68,41,7,0,116,0,0,0,0,0,68,41,7,0,116,0,0,0,116
12/17/2018,SYR,NY,AEA,EN,Combined TRACON& Tower with Radar,71,51,10,2,134,0,0,0,1,1,71,51,10,3,135,0,0,0,135
12/18/2018,SYR,NY,AEA,EN,Combined TRACON& Tower with Radar,82,44,19,5,150,0,0,12,3,15,82,44,31,8,165,10,0,10,175
12/19/2018,SYR,NY,AEA,EN,Combined TRACON& Tower with Radar,80,45,20,6,151,0,1,44,15,60,80,46,64,21,211,0,0,0,211
12/20/2018,SYR,NY,AEA,EN,Combined TRACON& Tower with Radar,94,50,20,20,184,0,2,22,13,37,94,52,42,33,221,4,18,22,243
12/21/2018,SYR,NY,AEA,EN,Combined TRACON& Tower with Radar,90,55,5,0,150,0,0,0,0,0,90,55,5,0,150,0,0,0,150
12/22/2018,SYR,NY,AEA,EN,Combined TRACON& Tower with Radar,69,40,12,0,121,0,0,2,0,2,69,40,14,0,123,0,0,0,123
12/23/2018,SYR,NY,AEA,EN,Combined TRACON& Tower with Radar,74,40,5,0,119,0,0,9,2,11,74,40,14,2,130,0,0,0,130
12/24/2018,SYR,NY,AEA,EN,Combined TRACON& Tower with Radar,57,32,4,0,93,0,0,1,0,1,57,32,5,0,94,0,0,0,94
12/25/2018,SYR,NY,AEA,EN,Combined TRACON& Tower with Radar,50,23,7,0,80,0,0,4,0,4,50,23,11,0,84,0,0,0,84
12/26/2018,SYR,NY,AEA,EN,Combined TRACON& Tower with Radar,80,41,11,0,132,0,0,2,0,2,80,41,13,0,134,0,0,0,134
12/27/2018,SYR,NY,AEA,EN,Combined TRACON& Tower with Radar,88,40,20,0,148,0,0,24,2,26,88,40,44,2,174,6,0,6,180
12/28/2018,SYR,NY,AEA,EN,Combined TRACON& Tower with Radar,76,43,6,3,128,0,0,2,0,2,76,43,8,3,130,0,0,0,130
12/29/2018,SYR,NY,AEA,EN,Combined TRACON& Tower with Radar,65,36,12,0,113,0,0,1,0,1,65,36,13,0,114,0,0,0,114
12/30/2018,SYR,NY,AEA,EN,Combined TRACON& Tower with Radar,70,34,9,0,113,0,0,12,0,12,70,34,21,0,125,0,0,0,125
12/31/2018,SYR,NY,AEA,EN,Combined TRACON& Tower with Radar,59,30,2,0,91,0,0,10,0,10,59,30,12,0,101,0,0,0,101
01/01/2019,SYR,NY,AEA,EN,Combined TRACON& Tower with Radar,63,27,2,0,92,0,0,4,0,4,63,27,6,0,96,0,0,0,96
01/02/2019,SYR,NY,AEA,EN,Combined TRACON& Tower with Radar,77,34,12,0,123,0,0,26,0,26,77,34,38,0,149,12,0,12,161
01/03/2019,SYR,NY,AEA,EN,Combined TRACON& Tower with Radar,91,35,8,2,136,0,0,3,52,55,91,35,11,54,191,22,72,94,285
01/04/2019,SYR,NY,AEA,EN,Combined TRACON& Tower with Radar,72,36,10,8,126,0,2,30,12,44,72,38,40,20,170,3,5,8,178
01/05/2019,SYR,NY,AEA,EN,Combined TRACON& Tower with Radar,64,27,11,11,113,0,0,27,15,42,64,27,38,26,155,16,64,80,235
01/06/2019,SYR,NY,AEA,EN,Combined TRACON& Tower with Radar,74,36,7,0,117,0,0,8,0,8,74,36,15,0,125,0,0,0,125
01/07/2019,SYR,NY,AEA,EN,Combined TRACON& Tower with Radar,54,40,7,12,113,0,0,17,14,31,54,40,24,26,144,0,4,4,148
01/08/2019,SYR,NY,AEA,EN,Combined TRACON& Tower with Radar,90,41,10,0,141,0,0,2,45,47,90,41,12,45,188,0,100,100,288
01/09/2019,SYR,NY,AEA,EN,Combined TRACON& Tower with Radar,71,35,9,0,115,0,0,0,0,0,71,35,9,0,115,0,0,0,115
01/10/2019,SYR,NY,AEA,EN,Combined TRACON& Tower with Radar,87,41,8,0,136,0,0,0,0,0,87,41,8,0,136,0,0,0,136
01/11/2019,SYR,NY,AEA,EN,Combined TRACON& Tower with Radar,70,49,15,3,137,0,0,4,1,5,70,49,19,4,142,0,0,0,142
01/12/2019,SYR,NY,AEA,EN,Combined TRACON& Tower with Radar,59,30,7,0,96,0,1,29,7,37,59,31,36,7,133,8,0,8,141
01/13/2019,SYR,NY,AEA,EN,Combined TRACON& Tower with Radar,64,32,6,0,102,0,2,29,7,38,64,34,35,7,140,8,0,8,148
01/14/2019,SYR,NY,AEA,EN,Combined TRACON& Tower with Radar,66,38,23,8,135,0,1,10,9,20,66,39,33,17,155,4,2,6,161
01/15/2019,SYR,NY,AEA,EN,Combined TRACON& Tower with Radar,76,52,25,4,157,0,0,4,8,12,76,52,29,12,169,21,18,39,208
01/16/2019,SYR,NY,AEA,EN,Combined TRACON& Tower with Radar,76,42,22,2,142,0,0,3,1,4,76,42,25,3,146,0,0,0,146
01/17/2019,SYR,NY,AEA,EN,Combined TRACON& Tower with Radar,82,43,18,24,167,0,0,21,16,37,82,43,39,40,204,0,0,0,204
01/18/2019,SYR,NY,AEA,EN,Combined TRACON& Tower with Radar,72,51,20,0,143,0,0,0,0,0,72,51,20,0,143,0,0,0,143
01/19/2019,SYR,NY,AEA,EN,Combined TRACON& Tower with Radar,41,21,6,0,68,0,0,0,0,0,41,21,6,0,68,6,0,6,74
01/20/2019,SYR,NY,AEA,EN,Combined TRACON& Tower with Radar,34,12,0,0,46,0,0,0,0,0,34,12,0,0,46,0,0,0,46
01/21/2019,SYR,NY,AEA,EN,Combined TRACON& Tower with Radar,51,32,5,0,88,0,1,2,0,3,51,33,7,0,91,0,0,0,91
01/22/2019,SYR,NY,AEA,EN,Combined TRACON& Tower with Radar,66,42,8,9,125,0,4,7,11,22,66,46,15,20,147,10,0,10,157
01/23/2019,SYR,NY,AEA,EN,Combined TRACON& Tower with Radar,65,40,11,0,116,0,0,0,0,0,65,40,11,0,116,0,0,0,116
01/24/2019,SYR,NY,AEA,EN,Combined TRACON& Tower with Radar,81,43,26,0,150,0,0,0,0,0,81,43,26,0,150,0,0,0,150
01/25/2019,SYR,NY,AEA,EN,Combined TRACON& Tower with Radar,75,45,7,2,129,0,1,3,0,4,75,46,10,2,133,0,0,0,133
01/26/2019,SYR,NY,AEA,EN,Combined TRACON& Tower with Radar,57,27,3,0,87,0,1,11,0,12,57,28,14,0,99,14,0,14,113
01/27/2019,SYR,NY,AEA,EN,Combined TRACON& Tower with Radar,67,48,6,0,121,0,1,4,0,5,67,49,10,0,126,0,0,0,126
01/28/2019,SYR,NY,AEA,EN,Combined TRACON& Tower with Radar,58,38,11,3,110,0,2,21,3,26,58,40,32,6,136,8,0,8,144
01/29/2019,SYR,NY,AEA,EN,Combined TRACON& Tower with Radar,77,35,9,0,121,0,0,7,0,7,77,35,16,0,128,0,0,0,128
01/30/2019,SYR,NY,AEA,EN,Combined TRACON& Tower with Radar,54,45,7,2,108,0,0,2,2,4,54,45,9,4,112,0,0,0,112
01/31/2019,SYR,NY,AEA,EN,Combined TRACON& Tower with Radar,82,43,12,5,142,0,2,10,10,22,82,45,22,15,164,0,0,0,164
02/01/2019,SYR,NY,AEA,EN,Combined TRACON& Tower with Radar,77,46,11,0,134,0,2,18,0,20,77,48,29,0,154,0,0,0,154
02/02/2019,SYR,NY,AEA,EN,Combined TRACON& Tower with Radar,60,25,3,0,88,0,0,15,0,15,60,25,18,0,103,0,0,0,103
02/03/2019,SYR,NY,AEA,EN,Combined TRACON& Tower with Radar,70,35,12,0,117,0,1,11,0,12,70,36,23,0,129,0,0,0,129
02/04/2019,SYR,NY,AEA,EN,Combined TRACON& Tower with Radar,68,43,16,6,133,0,1,13,42,56,68,44,29,48,189,22,54,76,265
02/05/2019,SYR,NY,AEA,EN,Combined TRACON& Tower with Radar,80,37,18,10,145,0,0,7,8,15,80,37,25,18,160,0,0,0,160
02/06/2019,SYR,NY,AEA,EN,Combined TRACON& Tower with Radar,76,44,13,5,138,0,0,7,11,18,76,44,20,16,156,0,0,0,156
02/07/2019,SYR,NY,AEA,EN,Combined TRACON& Tower with Radar,86,42,12,0,140,0,0,2,0,2,86,42,14,0,142,0,0,0,142
02/08/2019,SYR,NY,AEA,EN,Combined TRACON& Tower with Radar,71,44,8,0,123,0,0,2,0,2,71,44,10,0,125,0,0,0,125
02/09/2019,SYR,NY,AEA,EN,Combined TRACON& Tower with Radar,56,25,11,2,94,0,0,6,16,22,56,25,17,18,116,2,2,4,120
02/10/2019,SYR,NY,AEA,EN,Combined TRACON& Tower with Radar,66,37,7,5,115,0,2,11,17,30,66,39,18,22,145,0,32,32,177
02/11/2019,SYR,NY,AEA,EN,Combined TRACON& Tower with Radar,69,36,15,6,126,0,1,23,10,34,69,37,38,16,160,0,6,6,166
02/12/2019,SYR,NY,AEA,EN,Combined TRACON& Tower with Radar,65,18,9,0,92,0,0,0,0,0,65,18,9,0,92,0,0,0,92
02/13/2019,SYR,NY,AEA,EN,Combined TRACON& Tower with Radar,83,36,8,0,127,0,0,4,1,5,83,36,12,1,132,0,0,0,132
02/14/2019,SYR,NY,AEA,EN,Combined TRACON& Tower with Radar,90,44,6,6,146,0,1,12,14,27,90,45,18,20,173,0,0,0,173
02/15/2019,SYR,NY,AEA,EN,Combined TRACON& Tower with Radar,70,46,14,0,130,0,0,2,0,2,70,46,16,0,132,0,0,0,132
02/16/2019,SYR,NY,AEA,EN,Combined TRACON& Tower with Radar,64,34,8,2,108,0,0,5,2,7,64,34,13,4,115,0,0,0,115
02/17/2019,SYR,NY,AEA,EN,Combined TRACON& Tower with Radar,61,36,7,0,104,0,1,29,14,44,61,37,36,14,148,6,4,10,158
02/18/2019,SYR,NY,AEA,EN,Combined TRACON& Tower with Radar,64,45,11,0,120,0,1,1,0,2,64,46,12,0,122,0,0,0,122
02/19/2019,SYR,NY,AEA,EN,Combined TRACON& Tower with Radar,90,42,12,5,149,0,0,23,9,32,90,42,35,14,181,0,0,0,181
02/20/2019,SYR,NY,AEA,EN,Combined TRACON& Tower with Radar,75,31,8,5,119,0,0,15,13,28,75,31,23,18,147,0,0,0,147
02/21/2019,SYR,NY,AEA,EN,Combined TRACON& Tower with Radar,90,50,8,10,158,0,0,10,27,37,90,50,18,37,195,6,22,28,223
02/22/2019,SYR,NY,AEA,EN,Combined TRACON& Tower with Radar,70,54,12,2,138,0,1,16,0,17,70,55,28,2,155,2,0,2,157
02/23/2019,SYR,NY,AEA,EN,Combined TRACON& Tower with Radar,57,43,16,0,116,0,7,52,2,61,57,50,68,2,177,38,0,38,215
02/24/2019,SYR,NY,AEA,EN,Combined TRACON& Tower with Radar,69,31,12,0,112,0,0,0,0,0,69,31,12,0,112,0,0,0,112
02/25/2019,SYR,NY,AEA,EN,Combined TRACON& Tower with Radar,41,11,8,0,60,0,0,0,0,0,41,11,8,0,60,0,0,0,60
02/26/2019,SYR,NY,AEA,EN,Combined TRACON& Tower with Radar,86,49,16,9,160,0,0,11,7,18,86,49,27,16,178,0,0,0,178
02/27/2019,SYR,NY,AEA,EN,Combined TRACON& Tower with Radar,80,46,12,2,140,0,1,3,2,6,80,47,15,4,146,0,0,0,146
02/28/2019,SYR,NY,AEA,EN,Combined TRACON& Tower with Radar,90,52,14,7,163,0,2,14,9,25,90,54,28,16,188,0,0,0,188
03/01/2019,SYR,NY,AEA,EN,Combined TRACON& Tower with Radar,74,43,10,0,127,0,2,42,2,46,74,45,52,2,173,0,0,0,173
03/02/2019,SYR,NY,AEA,EN,Combined TRACON& Tower with Radar,58,34,8,0,100,0,0,10,0,10,58,34,18,0,110,0,0,0,110
03/03/2019,SYR,NY,AEA,EN,Combined TRACON& Tower with Radar,75,33,7,0,115,0,1,7,1,9,75,34,14,1,124,10,0,10,134
03/04/2019,SYR,NY,AEA,EN,Combined TRACON& Tower with Radar,67,42,14,8,131,0,1,9,11,21,67,43,23,19,152,0,8,8,160
03/05/2019,SYR,NY,AEA,EN,Combined TRACON& Tower with Radar,90,38,13,10,151,0,0,5,4,9,90,38,18,14,160,0,10,10,170
03/06/2019,SYR,NY,AEA,EN,Combined TRACON& Tower with Radar,80,45,18,0,143,0,0,4,0,4,80,45,22,0,147,0,0,0,147
03/07/2019,SYR,NY,AEA,EN,Combined TRACON& Tower with Radar,94,39,10,3,146,0,0,2,10,12,94,39,12,13,158,0,0,0,158
03/08/2019,SYR,NY,AEA,EN,Combined TRACON& Tower with Radar,73,50,21,0,144,0,3,36,6,45,73,53,57,6,189,20,0,20,209
03/09/2019,SYR,NY,AEA,EN,Combined TRACON& Tower with Radar,63,38,5,4,110,0,1,53,7,61,63,39,58,11,171,22,16,38,209
03/10/2019,SYR,NY,AEA,EN,Combined TRACON& Tower with Radar,70,35,5,0,110,0,0,1,0,1,70,35,6,0,111,0,0,0,111
03/11/2019,SYR,NY,AEA,EN,Combined TRACON& Tower with Radar,72,39,7,6,124,0,0,2,6,8,72,39,9,12,132,0,0,0,132
03/12/2019,SYR,NY,AEA,EN,Combined TRACON& Tower with Radar,83,47,14,6,150,0,0,5,8,13,83,47,19,14,163,0,0,0,163
03/13/2019,SYR,NY,AEA,EN,Combined TRACON& Tower with Radar,79,49,11,10,149,0,1,21,17,39,79,50,32,27,188,14,0,14,202
03/14/2019,SYR,NY,AEA,EN,Combined TRACON& Tower with Radar,88,46,14,4,152,0,1,17,13,31,88,47,31,17,183,18,0,18,201
03/15/2019,SYR,NY,AEA,EN,Combined TRACON& Tower with Radar,72,45,5,0,122,0,0,3,0,3,72,45,8,0,125,14,0,14,139
03/16/2019,SYR,NY,AEA,EN,Combined TRACON& Tower with Radar,63,46,6,0,115,0,0,6,0,6,63,46,12,0,121,0,0,0,121
03/17/2019,SYR,NY,AEA,EN,Combined TRACON& Tower with Radar,75,42,12,0,129,0,3,12,2,17,75,45,24,2,146,8,0,8,154
03/18/2019,SYR,NY,AEA,EN,Combined TRACON& Tower with Radar,70,45,11,6,132,0,0,13,10,23,70,45,24,16,155,0,0,0,155
03/19/2019,SYR,NY,AEA,EN,Combined TRACON& Tower with Radar,81,40,17,8,146,0,1,16,9,26,81,41,33,17,172,0,0,0,172
03/20/2019,SYR,NY,AEA,EN,Combined TRACON& Tower with Radar,80,48,13,25,166,0,0,32,7,39,80,48,45,32,205,12,28,40,245
03/21/2019,SYR,NY,AEA,EN,Combined TRACON& Tower with Radar,93,38,11,15,157,0,0,6,3,9,93,38,17,18,166,0,0,0,166
03/22/2019,SYR,NY,AEA,EN,Combined TRACON& Tower with Radar,74,58,10,0,142,0,0,0,0,0,74,58,10,0,142,0,0,0,142
03/23/2019,SYR,NY,AEA,EN,Combined TRACON& Tower with Radar,64,33,11,0,108,0,1,5,0,6,64,34,16,0,114,20,0,20,134
03/24/2019,SYR,NY,AEA,EN,Combined TRACON& Tower with Radar,73,36,9,0,118,0,2,30,4,36,73,38,39,4,154,16,0,16,170
03/25/2019,SYR,NY,AEA,EN,Combined TRACON& Tower with Radar,70,37,3,5,115,0,1,18,9,28,70,38,21,14,143,0,0,0,143
03/26/2019,SYR,NY,AEA,EN,Combined TRACON& Tower with Radar,87,44,22,24,177,0,4,28,18,50,87,48,50,42,227,10,30,40,267
03/27/2019,SYR,NY,AEA,EN,Combined TRACON& Tower with Radar,78,42,24,14,158,0,3,44,10,57,78,45,68,24,215,8,22,30,245
03/28/2019,SYR,NY,AEA,EN,Combined TRACON& Tower with Radar,89,42,14,10,155,0,1,15,2,18,89,43,29,12,173,6,28,34,207
03/29/2019,SYR,NY,AEA,EN,Combined TRACON& Tower with Radar,74,48,9,3,134,0,0,20,2,22,74,48,29,5,156,34,0,34,190
03/30/2019,SYR,NY,AEA,EN,Combined TRACON& Tower with Radar,58,33,10,0,101,0,0,6,0,6,58,33,16,0,107,0,0,0,107
03/31/2019,SYR,NY,AEA,EN,Combined TRACON& Tower with Radar,75,40,7,0,122,0,0,0,0,0,75,40,7,0,122,14,0,14,136
04/01/2019,SYR,NY,AEA,EN,Combined TRACON& Tower with Radar,70,44,6,3,123,0,0,13,25,38,70,44,19,28,161,0,22,22,183
04/02/2019,SYR,NY,AEA,EN,Combined TRACON& Tower with Radar,85,46,15,6,152,0,1,15,9,25,85,47,30,15,177,0,0,0,177
04/03/2019,SYR,NY,AEA,EN,Combined TRACON& Tower with Radar,78,43,10,4,135,0,0,8,4,12,78,43,18,8,147,0,0,0,147
04/04/2019,SYR,NY,AEA,EN,Combined TRACON& Tower with Radar,94,53,13,4,164,0,5,29,12,46,94,58,42,16,210,0,0,0,210
04/05/2019,SYR,NY,AEA,EN,Combined TRACON& Tower with Radar,72,57,11,0,140,0,1,3,0,4,72,58,14,0,144,0,0,0,144
04/06/2019,SYR,NY,AEA,EN,Combined TRACON& Tower with Radar,61,34,14,2,111,0,0,24,2,26,61,34,38,4,137,24,0,24,161
04/07/2019,SYR,NY,AEA,EN,Combined TRACON& Tower with Radar,71,38,25,17,151,0,1,29,23,53,71,39,54,40,204,26,38,64,268
04/08/2019,SYR,NY,AEA,EN,Combined TRACON& Tower with Radar,73,48,17,10,148,0,0,2,40,42,73,48,19,50,190,0,65,65,255
04/09/2019,SYR,NY,AEA,EN,Combined TRACON& Tower with Radar,82,46,18,5,151,0,0,7,32,39,82,46,25,37,190,0,34,34,224
04/10/2019,SYR,NY,AEA,EN,Combined TRACON& Tower with Radar,82,44,19,8,153,0,0,13,36,49,82,44,32,44,202,0,32,32,234
04/11/2019,SYR,NY,AEA,EN,Combined TRACON& Tower with Radar,99,51,19,15,184,0,2,19,28,49,99,53,38,43,233,50,0,50,283
04/12/2019,SYR,NY,AEA,EN,Combined TRACON& Tower with Radar,78,60,16,0,154,0,0,8,0,8,78,60,24,0,162,0,0,0,162
04/13/2019,SYR,NY,AEA,EN,Combined TRACON& Tower with Radar,66,29,16,0,111,0,1,30,7,38,66,30,46,7,149,0,0,0,149
04/14/2019,SYR,NY,AEA,EN,Combined TRACON& Tower with Radar,64,30,13,2,109,0,0,8,1,9,64,30,21,3,118,0,0,0,118
04/15/2019,SYR,NY,AEA,EN,Combined TRACON& Tower with Radar,72,41,5,0,118,0,0,1,0,1,72,41,6,0,119,0,0,0,119
04/16/2019,SYR,NY,AEA,EN,Combined TRACON& Tower with Radar,87,47,10,7,151,0,1,16,58,75,87,48,26,65,226,0,64,64,290
04/17/2019,SYR,NY,AEA,EN,Combined TRACON& Tower with Radar,80,47,17,4,148,0,0,55,55,110,80,47,72,59,258,20,56,76,334
04/18/2019,SYR,NY,AEA,EN,Combined TRACON& Tower with Radar,92,51,13,5,161,0,0,11,30,41,92,51,24,35,202,0,26,26,228
04/19/2019,SYR,NY,AEA,EN,Combined TRACON& Tower with Radar,72,49,11,0,132,0,0,12,0,12,72,49,23,0,144,0,0,0,144
04/20/2019,SYR,NY,AEA,EN,Combined TRACON& Tower with Radar,59,34,15,0,108,0,0,4,2,6,59,34,19,2,114,0,0,0,114
04/21/2019,SYR,NY,AEA,EN,Combined TRACON& Tower with Radar,68,45,20,1,134,0,0,10,0,10,68,45,30,1,144,8,0,8,152
04/22/2019,SYR,NY,AEA,EN,Combined TRACON& Tower with Radar,66,42,22,4,134,0,0,28,36,64,66,42,50,40,198,16,54,70,268
04/23/2019,SYR,NY,AEA,EN,Combined TRACON& Tower with Radar,84,42,29,24,179,0,2,15,23,40,84,44,44,47,219,6,30,36,255
04/24/2019,SYR,NY,AEA,EN,Combined TRACON& Tower with Radar,83,42,8,8,141,0,0,8,14,22,83,42,16,22,163,2,0,2,165
04/25/2019,SYR,NY,AEA,EN,Combined TRACON& Tower with Radar,92,43,26,7,168,0,0,55,8,63,92,43,81,15,231,50,0,50,281
04/26/2019,SYR,NY,AEA,EN,Combined TRACON& Tower with Radar,73,40,18,0,131,0,0,2,0,2,73,40,20,0,133,0,0,0,133
04/27/2019,SYR,NY,AEA,EN,Combined TRACON& Tower with Radar,59,28,10,0,97,0,0,4,1,5,59,28,14,1,102,0,0,0,102
04/28/2019,SYR,NY,AEA,EN,Combined TRACON& Tower with Radar,73,41,15,0,129,0,0,11,0,11,73,41,26,0,140,24,0,24,164
04/29/2019,SYR,NY,AEA,EN,Combined TRACON& Tower with Radar,72,45,12,1,130,0,4,26,44,74,72,49,38,45,204,22,42,64,268
04/30/2019,SYR,NY,AEA,EN,Combined TRACON& Tower with Radar,79,45,14,0,138,0,1,15,45,61,79,46,29,45,199,14,72,86,285
05/01/2019,SYR,NY,AEA,EN,Combined TRACON& Tower with Radar,78,49,19,7,153,0,1,2,44,47,78,50,21,51,200,0,56,56,256
05/02/2019,SYR,NY,AEA,EN,Combined TRACON& Tower with Radar,87,52,16,3,158,0,0,2,28,30,87,52,18,31,188,20,48,68,256
05/03/2019,SYR,NY,AEA,EN,Combined TRACON& Tower with Radar,84,47,20,0,151,0,0,2,0,2,84,47,22,0,153,0,0,0,153
05/04/2019,SYR,NY,AEA,EN,Combined TRACON& Tower with Radar,66,30,15,0,111,0,0,2,0,2,66,30,17,0,113,0,0,0,113
05/05/2019,SYR,NY,AEA,EN,Combined TRACON& Tower with Radar,77,34,12,5,128,0,18,19,7,44,77,52,31,12,172,14,44,58,230
05/06/2019,SYR,NY,AEA,EN,Combined TRACON& Tower with Radar,79,40,24,18,161,0,2,24,47,73,79,42,48,65,234,24,65,89,323
05/07/2019,SYR,NY,AEA,EN,Combined TRACON& Tower with Radar,85,45,22,1,153,0,0,1,0,1,85,45,23,1,154,0,0,0,154
05/08/2019,SYR,NY,AEA,EN,Combined TRACON& Tower with Radar,85,49,20,6,160,0,1,41,54,96,85,50,61,60,256,54,100,154,410
05/09/2019,SYR,NY,AEA,EN,Combined TRACON& Tower with Radar,93,51,9,6,159,0,1,11,66,78,93,52,20,72,237,2,102,104,341
05/10/2019,SYR,NY,AEA,EN,Combined TRACON& Tower with Radar,80,52,22,2,156,0,5,3,0,8,80,57,25,2,164,6,0,6,170
05/11/2019,SYR,NY,AEA,EN,Combined TRACON& Tower with Radar,65,34,10,0,109,0,2,26,2,30,65,36,36,2,139,14,0,14,153
05/12/2019,SYR,NY,AEA,EN,Combined TRACON& Tower with Radar,77,40,18,0,135,0,0,5,0,5,77,40,23,0,140,0,0,0,140
05/13/2019,SYR,NY,AEA,EN,Combined TRACON& Tower with Radar,78,44,29,0,151,0,1,3,0,4,78,45,32,0,155,0,0,0,155
05/14/2019,SYR,NY,AEA,EN,Combined TRACON& Tower with Radar,81,44,26,14,165,0,0,4,4,8,81,44,30,18,173,0,26,26,199
05/15/2019,SYR,NY,AEA,EN,Combined TRACON& Tower with Radar,89,50,22,11,172,0,1,25,69,95,89,51,47,80,267,8,102,110,377
05/16/2019,SYR,NY,AEA,EN,Combined TRACON& Tower with Radar,91,39,17,7,154,0,3,46,69,118,91,42,63,76,272,26,104,130,402
05/17/2019,SYR,NY,AEA,EN,Combined TRACON& Tower with Radar,82,41,14,0,137,0,0,20,1,21,82,41,34,1,158,32,0,32,190
05/18/2019,SYR,NY,AEA,EN,Combined TRACON& Tower with Radar,62,36,15,3,116,0,1,52,0,53,62,37,67,3,169,28,0,28,197
05/19/2019,SYR,NY,AEA,EN,Combined TRACON& Tower with Radar,72,35,15,3,125,0,0,9,0,9,72,35,24,3,134,0,0,0,134
05/20/2019,SYR,NY,AEA,EN,Combined TRACON& Tower with Radar,79,37,19,7,142,0,2,13,50,65,79,39,32,57,207,0,56,56,263
05/21/2019,SYR,NY,AEA,EN,Combined TRACON& Tower with Radar,82,45,16,13,156,0,3,25,55,83,82,48,41,68,239,0,85,85,324
05/22/2019,SYR,NY,AEA,EN,Combined TRACON& Tower with Radar,86,42,24,5,157,0,2,36,38,76,86,44,60,43,233,10,34,44,277
05/23/2019,SYR,NY,AEA,EN,Combined TRACON& Tower with Radar,85,40,18,8,151,0,0,19,7,26,85,40,37,15,177,0,2,2,179
05/24/2019,SYR,NY,AEA,EN,Combined TRACON& Tower with Radar,86,46,25,2,159,0,0,14,2,16,86,46,39,4,175,0,0,0,175
05/25/2019,SYR,NY,AEA,EN,Combined TRACON& Tower with Radar,60,33,13,0,106,0,0,6,0,6,60,33,19,0,112,0,0,0,112
05/26/2019,SYR,NY,AEA,EN,Combined TRACON& Tower with Radar,62,30,7,0,99,0,0,26,0,26,62,30,33,0,125,10,0,10,135
05/27/2019,SYR,NY,AEA,EN,Combined TRACON& Tower with Radar,67,31,25,0,123,0,0,27,0,27,67,31,52,0,150,0,0,0,150
05/28/2019,SYR,NY,AEA,EN,Combined TRACON& Tower with Radar,76,42,16,6,140,0,0,2,0,2,76,42,18,6,142,0,0,0,142
05/29/2019,SYR,NY,AEA,EN,Combined TRACON& Tower with Radar,93,33,11,12,149,0,0,8,14,22,93,33,19,26,171,0,0,0,171
05/30/2019,SYR,NY,AEA,EN,Combined TRACON& Tower with Radar,92,45,21,33,191,0,1,16,11,28,92,46,37,44,219,26,34,60,279
05/31/2019,SYR,NY,AEA,EN,Combined TRACON& Tower with Radar,87,49,21,1,158,0,3,26,1,30,87,52,47,2,188,0,0,0,188
06/01/2019,SYR,NY,AEA,EN,Combined TRACON& Tower with Radar,59,32,14,3,108,0,0,23,9,32,59,32,37,12,140,0,0,0,140
06/02/2019,SYR,NY,AEA,EN,Combined TRACON& Tower with Radar,72,36,9,2,119,0,0,4,13,17,72,36,13,15,136,2,22,24,160
06/03/2019,SYR,NY,AEA,EN,Combined TRACON& Tower with Radar,80,46,9,15,150,0,0,22,20,42,80,46,31,35,192,0,14,14,206
06/04/2019,SYR,NY,AEA,EN,Combined TRACON& Tower with Radar,75,45,19,15,154,0,1,38,18,57,75,46,57,33,211,0,22,22,233
06/05/2019,SYR,NY,AEA,EN,Combined TRACON& Tower with Radar,93,49,16,3,161,0,0,7,1,8,93,49,23,4,169,18,0,18,187
06/06/2019,SYR,NY,AEA,EN,Combined TRACON& Tower with Radar,96,52,23,15,186,0,1,38,21,60,96,53,61,36,246,14,20,34,280
06/07/2019,SYR,NY,AEA,EN,Combined TRACON& Tower with Radar,85,50,13,3,151,0,1,38,7,46,85,51,51,10,197,2,0,2,199
06/08/2019,SYR,NY,AEA,EN,Combined TRACON& Tower with Radar,58,33,9,0,100,0,0,22,4,26,58,33,31,4,126,12,0,12,138
06/09/2019,SYR,NY,AEA,EN,Combined TRACON& Tower with Radar,69,36,25,0,130,0,3,42,0,45,69,39,67,0,175,12,0,12,187
06/10/2019,SYR,NY,AEA,EN,Combined TRACON& Tower with Radar,82,32,13,10,137,0,1,7,7,15,82,33,20,17,152,0,4,4,156
06/11/2019,SYR,NY,AEA,EN,Combined TRACON& Tower with Radar,89,48,13,1,151,0,0,20,7,27,89,48,33,8,178,0,0,0,178
06/12/2019,SYR,NY,AEA,EN,Combined TRACON& Tower with Radar,91,41,35,12,179,0,0,62,14,76,91,41,97,26,255,14,0,14,269
06/13/2019,SYR,NY,AEA,EN,Combined TRACON& Tower with Radar,94,42,12,9,157,0,0,11,10,21,94,42,23,19,178,0,0,0,178
06/14/2019,SYR,NY,AEA,EN,Combined TRACON& Tower with Radar,94,48,9,1,152,0,3,10,0,13,94,51,19,1,165,4,0,4,169
06/15/2019,SYR,NY,AEA,EN,Combined TRACON& Tower with Radar,66,34,7,0,107,0,0,10,0,10,66,34,17,0,117,0,0,0,117
06/16/2019,SYR,NY,AEA,EN,Combined TRACON& Tower with Radar,73,36,14,0,123,0,0,4,0,4,73,36,18,0,127,0,0,0,127
06/17/2019,SYR,NY,AEA,EN,Combined TRACON& Tower with Radar,80,37,13,1,131,0,2,35,7,44,80,39,48,8,175,26,0,26,201
06/18/2019,SYR,NY,AEA,EN,Combined TRACON& Tower with Radar,79,42,20,9,150,0,0,44,28,72,79,42,64,37,222,35,0,35,257
06/19/2019,SYR,NY,AEA,EN,Combined TRACON& Tower with Radar,94,46,19,9,168,0,3,34,16,53,94,49,53,25,221,8,0,8,229
06/20/2019,SYR,NY,AEA,EN,Combined TRACON& Tower with Radar,93,43,8,8,152,0,0,2,5,7,93,43,10,13,159,0,0,0,159
06/21/2019,SYR,NY,AEA,EN,Combined TRACON& Tower with Radar,88,34,16,0,138,0,1,24,0,25,88,35,40,0,163,8,0,8,171
06/22/2019,SYR,NY,AEA,EN,Combined TRACON& Tower with Radar,72,32,15,0,119,0,1,45,20,66,72,33,60,20,185,0,0,0,185
06/23/2019,SYR,NY,AEA,EN,Combined TRACON& Tower with Radar,75,34,17,2,128,0,3,57,0,60,75,37,74,2,188,0,0,0,188
06/24/2019,SYR,NY,AEA,EN,Combined TRACON& Tower with Radar,79,42,13,8,142,0,0,71,14,85,79,42,84,22,227,10,0,10,237
06/25/2019,SYR,NY,AEA,EN,Combined TRACON& Tower with Radar,93,38,20,13,164,0,0,22,10,32,93,38,42,23,196,24,5,29,225
06/26/2019,SYR,NY,AEA,EN,Combined TRACON& Tower with Radar,92,37,16,8,153,0,1,16,13,30,92,38,32,21,183,5,2,7,190
06/27/2019,SYR,NY,AEA,EN,Combined TRACON& Tower with Radar,92,46,25,16,179,0,3,49,26,78,92,49,74,42,257,0,16,16,273
06/28/2019,SYR,NY,AEA,EN,Combined TRACON& Tower with Radar,89,48,21,3,161,0,1,33,4,38,89,49,54,7,199,16,0,16,215
06/29/2019,SYR,NY,AEA,EN,Combined TRACON& Tower with Radar,69,32,14,0,115,0,1,21,6,28,69,33,35,6,143,14,0,14,157
06/30/2019,SYR,NY,AEA,EN,Combined TRACON& Tower with Radar,75,33,12,0,120,0,0,13,1,14,75,33,25,1,134,0,0,0,134
07/01/2019,SYR,NY,AEA,EN,Combined TRACON& Tower with Radar,85,41,16,9,151,0,2,36,11,49,85,43,52,20,200,0,0,0,200
07/02/2019,SYR,NY,AEA,EN,Combined TRACON& Tower with Radar,84,32,20,14,150,0,0,19,10,29,84,32,39,24,179,12,0,12,191
07/03/2019,SYR,NY,AEA,EN,Combined TRACON& Tower with Radar,82,37,7,9,135,0,0,24,9,33,82,37,31,18,168,10,0,10,178
07/04/2019,SYR,NY,AEA,EN,Combined TRACON& Tower with Radar,61,16,1,0,78,0,1,28,0,29,61,17,29,0,107,0,0,0,107
07/05/2019,SYR,NY,AEA,EN,Combined TRACON& Tower with Radar,70,26,19,2,117,0,1,17,1,19,70,27,36,3,136,0,0,0,136
07/06/2019,SYR,NY,AEA,EN,Combined TRACON& Tower with Radar,69,20,6,0,95,0,0,10,0,10,69,20,16,0,105,15,0,15,120
07/07/2019,SYR,NY,AEA,EN,Combined TRACON& Tower with Radar,77,28,20,0,125,0,1,34,2,37,77,29,54,2,162,0,0,0,162
07/08/2019,SYR,NY,AEA,EN,Combined TRACON& Tower with Radar,85,38,22,13,158,0,0,40,15,55,85,38,62,28,213,12,0,12,225
07/09/2019,SYR,NY,AEA,EN,Combined TRACON& Tower with Radar,90,33,16,10,149,0,3,52,9,64,90,36,68,19,213,12,0,12,225
07/10/2019,SYR,NY,AEA,EN,Combined TRACON& Tower with Radar,96,37,22,8,163,0,1,53,13,67,96,38,75,21,230,0,0,0,230
07/11/2019,SYR,NY,AEA,EN,Combined TRACON& Tower with Radar,86,30,21,7,144,0,0,5,7,12,86,30,26,14,156,0,0,0,156
07/12/2019,SYR,NY,AEA,EN,Combined TRACON& Tower with Radar,90,40,20,2,152,0,1,13,0,14,90,41,33,2,166,0,0,0,166
07/13/2019,SYR,NY,AEA,EN,Combined TRACON& Tower with Radar,75,31,22,0,128,0,1,35,4,40,75,32,57,4,168,20,0,20,188
07/14/2019,SYR,NY,AEA,EN,Combined TRACON& Tower with Radar,77,33,15,4,129,0,1,28,5,34,77,34,43,9,163,0,0,0,163
07/15/2019,SYR,NY,AEA,EN,Combined TRACON& Tower with Radar,85,41,20,10,156,0,1,52,12,65,85,42,72,22,221,0,0,0,221
07/16/2019,SYR,NY,AEA,EN,Combined TRACON& Tower with Radar,89,41,16,8,154,0,1,25,10,36,89,42,41,18,190,0,0,0,190
07/17/2019,SYR,NY,AEA,EN,Combined TRACON& Tower with Radar,92,34,16,10,152,0,0,2,11,13,92,34,18,21,165,0,0,0,165
07/18/2019,SYR,NY,AEA,EN,Combined TRACON& Tower with Radar,83,33,28,12,156,0,0,27,8,35,83,33,55,20,191,12,0,12,203
07/19/2019,SYR,NY,AEA,EN,Combined TRACON& Tower with Radar,86,32,11,1,130,0,0,27,4,31,86,32,38,5,161,2,0,2,163
07/20/2019,SYR,NY,AEA,EN,Combined TRACON& Tower with Radar,77,27,24,1,129,0,0,18,2,20,77,27,42,3,149,16,0,16,165
07/21/2019,SYR,NY,AEA,EN,Combined TRACON& Tower with Radar,75,24,13,1,113,0,3,22,0,25,75,27,35,1,138,18,0,18,156
07/22/2019,SYR,NY,AEA,EN,Combined TRACON& Tower with Radar,96,22,20,4,142,0,0,2,0,2,96,22,22,4,144,0,0,0,144
07/23/2019,SYR,NY,AEA,EN,Combined TRACON& Tower with Radar,91,39,25,11,166,0,1,43,8,52,91,40,68,19,218,8,6,14,232
07/24/2019,SYR,NY,AEA,EN,Combined TRACON& Tower with Radar,97,37,27,8,169,0,1,39,18,58,97,38,66,26,227,24,0,24,251
07/25/2019,SYR,NY,AEA,EN,Combined TRACON& Tower with Radar,99,34,16,13,162,0,1,51,11,63,99,35,67,24,225,12,0,12,237
07/26/2019,SYR,NY,AEA,EN,Combined TRACON& Tower with Radar,90,36,16,0,142,0,0,57,0,57,90,36,73,0,199,54,0,54,253
07/27/2019,SYR,NY,AEA,EN,Combined TRACON& Tower with Radar,75,33,23,2,133,0,2,38,1,41,75,35,61,3,174,24,0,24,198
07/28/2019,SYR,NY,AEA,EN,Combined TRACON& Tower with Radar,82,28,14,5,129,0,1,24,1,26,82,29,38,6,155,0,0,0,155
07/29/2019,SYR,NY,AEA,EN,Combined TRACON& Tower with Radar,81,29,17,12,139,0,0,32,9,41,81,29,49,21,180,0,0,0,180
07/30/2019,SYR,NY,AEA,EN,Combined TRACON& Tower with Radar,86,27,14,6,133,0,1,14,2,17,86,28,28,8,150,0,0,0,150
07/31/2019,SYR,NY,AEA,EN,Combined TRACON& Tower with Radar,101,36,15,22,174,0,4,30,6,40,101,40,45,28,214,6,2,8,222
08/01/2019,SYR,NY,AEA,EN,Combined TRACON& Tower with Radar,94,28,21,9,152,0,0,48,1,49,94,28,69,10,201,6,0,6,207
08/02/2019,SYR,NY,AEA,EN,Combined TRACON& Tower with Radar,89,37,12,0,138,0,0,41,0,41,89,37,53,0,179,18,0,18,197
08/03/2019,SYR,NY,AEA,EN,Combined TRACON& Tower with Radar,72,30,6,0,108,0,0,34,2,36,72,30,40,2,144,18,0,18,162
08/04/2019,SYR,NY,AEA,EN,Combined TRACON& Tower with Radar,83,34,12,0,129,0,2,19,2,23,83,36,31,2,152,0,0,0,152
08/05/2019,SYR,NY,AEA,EN,Combined TRACON& Tower with Radar,87,37,14,10,148,0,0,45,2,47,87,37,59,12,195,22,0,22,217
08/06/2019,SYR,NY,AEA,EN,Combined TRACON& Tower with Radar,88,36,14,10,148,0,0,18,3,21,88,36,32,13,169,0,0,0,169
08/07/2019,SYR,NY,AEA,EN,Combined TRACON& Tower with Radar,94,29,24,8,155,0,0,10,2,12,94,29,34,10,167,0,0,0,167
08/08/2019,SYR,NY,AEA,EN,Combined TRACON& Tower with Radar,91,37,31,8,167,0,0,15,8,23,91,37,46,16,190,0,0,0,190
08/09/2019,SYR,NY,AEA,EN,Combined TRACON& Tower with Radar,93,37,19,0,149,0,0,14,1,15,93,37,33,1,164,0,0,0,164
08/10/2019,SYR,NY,AEA,EN,Combined TRACON& Tower with Radar,79,31,6,0,116,0,0,19,36,55,79,31,25,36,171,0,52,52,223
08/11/2019,SYR,NY,AEA,EN,Combined TRACON& Tower with Radar,77,35,16,0,128,0,1,44,0,45,77,36,60,0,173,42,0,42,215
08/12/2019,SYR,NY,AEA,EN,Combined TRACON& Tower with Radar,83,34,10,7,134,0,1,33,5,39,83,35,43,12,173,50,0,50,223
08/13/2019,SYR,NY,AEA,EN,Combined TRACON& Tower with Radar,89,33,17,5,144,0,2,12,3,17,89,35,29,8,161,32,2,34,195
08/14/2019,SYR,NY,AEA,EN,Combined TRACON& Tower with Radar,90,43,35,7,175,0,1,53,7,61,90,44,88,14,236,56,6,62,298
08/15/2019,SYR,NY,AEA,EN,Combined TRACON& Tower with Radar,95,39,21,9,164,0,0,26,11,37,95,39,47,20,201,12,22,34,235
08/16/2019,SYR,NY,AEA,EN,Combined TRACON& Tower with Radar,89,42,16,6,153,0,1,10,6,17,89,43,26,12,170,0,18,18,188
08/17/2019,SYR,NY,AEA,EN,Combined TRACON& Tower with Radar,76,33,14,1,124,0,2,23,1,26,76,35,37,2,150,8,0,8,158
08/18/2019,SYR,NY,AEA,EN,Combined TRACON& Tower with Radar,71,40,20,1,132,0,0,15,1,16,71,40,35,2,148,0,0,0,148
08/19/2019,SYR,NY,AEA,EN,Combined TRACON& Tower with Radar,85,30,18,10,143,0,0,28,6,34,85,30,46,16,177,10,0,10,187
08/20/2019,SYR,NY,AEA,EN,Combined TRACON& Tower with Radar,81,34,21,8,144,0,3,47,4,54,81,37,68,12,198,0,0,0,198
08/21/2019,SYR,NY,AEA,EN,Combined TRACON& Tower with Radar,93,33,20,23,169,0,0,2,0,2,93,33,22,23,171,0,8,8,179
08/22/2019,SYR,NY,AEA,EN,Combined TRACON& Tower with Radar,96,34,18,9,157,0,3,40,3,46,96,37,58,12,203,0,0,0,203
08/23/2019,SYR,NY,AEA,EN,Combined TRACON& Tower with Radar,88,39,28,0,155,0,4,50,0,54,88,43,78,0,209,20,0,20,229
08/24/2019,SYR,NY,AEA,EN,Combined TRACON& Tower with Radar,79,38,22,0,139,0,0,36,9,45,79,38,58,9,184,0,0,0,184
08/25/2019,SYR,NY,AEA,EN,Combined TRACON& Tower with Radar,80,32,24,1,137,0,6,29,1,36,80,38,53,2,173,4,0,4,177
08/26/2019,SYR,NY,AEA,EN,Combined TRACON& Tower with Radar,82,31,17,6,136,0,0,53,4,57,82,31,70,10,193,0,0,0,193
08/27/2019,SYR,NY,AEA,EN,Combined TRACON& Tower with Radar,89,37,28,4,158,0,5,18,0,23,89,42,46,4,181,4,0,4,185
08/28/2019,SYR,NY,AEA,EN,Combined TRACON& Tower with Radar,93,35,33,2,163,0,0,10,0,10,93,35,43,2,173,0,0,0,173
08/29/2019,SYR,NY,AEA,EN,Combined TRACON& Tower with Radar,104,34,25,0,163,0,0,44,2,46,104,34,69,2,209,14,0,14,223
08/30/2019,SYR,NY,AEA,EN,Combined TRACON& Tower with Radar,91,38,29,0,158,0,1,19,0,20,91,39,48,0,178,0,0,0,178
08/31/2019,SYR,NY,AEA,EN,Combined TRACON& Tower with Radar,63,38,26,0,127,0,3,57,0,60,63,41,83,0,187,22,0,22,209
09/01/2019,SYR,NY,AEA,EN,Combined TRACON& Tower with Radar,64,15,20,0,99,0,0,29,0,29,64,15,49,0,128,0,0,0,128
09/02/2019,SYR,NY,AEA,EN,Combined TRACON& Tower with Radar,74,30,30,0,134,0,0,10,0,10,74,30,40,0,144,0,0,0,144
09/03/2019,SYR,NY,AEA,EN,Combined TRACON& Tower with Radar,73,36,26,3,138,0,1,31,1,33,73,37,57,4,171,0,0,0,171
09/04/2019,SYR,NY,AEA,EN,Combined TRACON& Tower with Radar,85,38,19,6,148,0,0,4,4,8,85,38,23,10,156,0,8,8,164
09/05/2019,SYR,NY,AEA,EN,Combined TRACON& Tower with Radar,92,37,31,7,167,0,0,52,3,55,92,37,83,10,222,14,0,14,236
09/06/2019,SYR,NY,AEA,EN,Combined TRACON& Tower with Radar,84,50,21,0,155,0,2,32,0,34,84,52,53,0,189,22,0,22,211
09/07/2019,SYR,NY,AEA,EN,Combined TRACON& Tower with Radar,63,33,18,0,114,0,0,8,1,9,63,33,26,1,123,0,0,0,123
09/08/2019,SYR,NY,AEA,EN,Combined TRACON& Tower with Radar,77,32,21,3,133,0,1,20,0,21,77,33,41,3,154,0,0,0,154
09/09/2019,SYR,NY,AEA,EN,Combined TRACON& Tower with Radar,84,34,19,2,139,0,1,29,0,30,84,35,48,2,169,6,0,6,175
09/10/2019,SYR,NY,AEA,EN,Combined TRACON& Tower with Radar,89,41,34,6,170,0,0,39,2,41,89,41,73,8,211,0,0,0,211
09/11/2019,SYR,NY,AEA,EN,Combined TRACON& Tower with Radar,87,40,17,8,152,0,0,22,4,26,87,40,39,12,178,0,0,0,178
09/12/2019,SYR,NY,AEA,EN,Combined TRACON& Tower with Radar,97,48,25,14,184,0,1,4,2,7,97,49,29,16,191,6,10,16,207
09/13/2019,SYR,NY,AEA,EN,Combined TRACON& Tower with Radar,92,58,22,2,174,0,3,20,5,28,92,61,42,7,202,0,0,0,202
09/14/2019,SYR,NY,AEA,EN,Combined TRACON& Tower with Radar,72,36,20,2,130,0,1,8,0,9,72,37,28,2,139,0,0,0,139
09/15/2019,SYR,NY,AEA,EN,Combined TRACON& Tower with Radar,83,41,26,0,150,0,0,26,0,26,83,41,52,0,176,18,0,18,194
09/16/2019,SYR,NY,AEA,EN,Combined TRACON& Tower with Radar,84,39,18,6,147,0,0,28,0,28,84,39,46,6,175,0,0,0,175
09/17/2019,SYR,NY,AEA,EN,Combined TRACON& Tower with Radar,89,37,25,5,156,0,0,42,3,45,89,37,67,8,201,0,0,0,201
09/18/2019,SYR,NY,AEA,EN,Combined TRACON& Tower with Radar,90,39,16,7,152,0,3,44,0,47,90,42,60,7,199,5,3,8,207
09/19/2019,SYR,NY,AEA,EN,Combined TRACON& Tower with Radar,98,36,19,6,159,0,4,36,0,40,98,40,55,6,199,32,0,32,231
09/20/2019,SYR,NY,AEA,EN,Combined TRACON& Tower with Radar,90,37,18,0,145,0,5,30,0,35,90,42,48,0,180,0,0,0,180
09/21/2019,SYR,NY,AEA,EN,Combined TRACON& Tower with Radar,71,28,15,0,114,0,4,28,1,33,71,32,43,1,147,19,0,19,166
09/22/2019,SYR,NY,AEA,EN,Combined TRACON& Tower with Radar,79,26,19,0,124,0,2,29,0,31,79,28,48,0,155,8,0,8,163
09/23/2019,SYR,NY,AEA,EN,Combined TRACON& Tower with Radar,87,30,23,0,140,0,0,4,0,4,87,30,27,0,144,0,0,0,144
09/24/2019,SYR,NY,AEA,EN,Combined TRACON& Tower with Radar,89,40,29,8,166,0,1,10,0,11,89,41,39,8,177,0,0,0,177
09/25/2019,SYR,NY,AEA,EN,Combined TRACON& Tower with Radar,91,41,25,5,162,0,5,41,8,54,91,46,66,13,216,22,0,22,238
09/26/2019,SYR,NY,AEA,EN,Combined TRACON& Tower with Radar,94,40,37,17,188,0,0,14,7,21,94,40,51,24,209,0,0,0,209
09/27/2019,SYR,NY,AEA,EN,Combined TRACON& Tower with Radar,79,43,29,0,151,0,4,39,1,44,79,47,68,1,195,0,0,0,195
09/28/2019,SYR,NY,AEA,EN,Combined TRACON& Tower with Radar,73,25,8,0,106,0,2,15,0,17,73,27,23,0,123,0,0,0,123
09/29/2019,SYR,NY,AEA,EN,Combined TRACON& Tower with Radar,82,31,16,0,129,0,4,27,2,33,82,35,43,2,162,7,0,7,169
09/30/2019,SYR,NY,AEA,EN,Combined TRACON& Tower with Radar,86,38,26,6,156,0,0,15,0,15,86,38,41,6,171,0,0,0,171
10/01/2019,SYR,NY,AEA,EN,Combined TRACON& Tower with Radar,95,48,13,7,163,0,1,14,0,15,95,49,27,7,178,0,0,0,178
10/02/2019,SYR,NY,AEA,EN,Combined TRACON& Tower with Radar,90,45,14,0,149,0,0,2,0,2,90,45,16,0,151,0,0,0,151
10/03/2019,SYR,NY,AEA,EN,Combined TRACON& Tower with Radar,96,41,24,0,161,0,0,0,0,0,96,41,24,0,161,0,0,0,161
10/04/2019,SYR,NY,AEA,EN,Combined TRACON& Tower with Radar,90,40,22,8,160,0,1,13,0,14,90,41,35,8,174,0,0,0,174
10/05/2019,SYR,NY,AEA,EN,Combined TRACON& Tower with Radar,62,40,21,4,127,0,6,70,24,100,62,46,91,28,227,38,32,70,297
10/06/2019,SYR,NY,AEA,EN,Combined TRACON& Tower with Radar,78,37,19,0,134,0,3,6,0,9,78,40,25,0,143,0,0,0,143
10/07/2019,SYR,NY,AEA,EN,Combined TRACON& Tower with Radar,79,43,18,8,148,0,0,4,2,6,79,43,22,10,154,0,0,0,154
10/08/2019,SYR,NY,AEA,EN,Combined TRACON& Tower with Radar,85,50,16,24,175,0,4,56,22,82,85,54,72,46,257,0,54,54,311
10/09/2019,SYR,NY,AEA,EN,Combined TRACON& Tower with Radar,88,50,32,6,176,0,2,28,0,30,88,52,60,6,206,29,8,37,243
10/10/2019,SYR,NY,AEA,EN,Combined TRACON& Tower with Radar,96,46,22,7,171,0,2,22,1,25,96,48,44,8,196,30,0,30,226
10/11/2019,SYR,NY,AEA,EN,Combined TRACON& Tower with Radar,86,45,32,0,163,0,9,40,1,50,86,54,72,1,213,8,0,8,221
10/12/2019,SYR,NY,AEA,EN,Combined TRACON& Tower with Radar,66,41,30,2,139,0,2,14,0,16,66,43,44,2,155,0,0,0,155
10/13/2019,SYR,NY,AEA,EN,Combined TRACON& Tower with Radar,79,40,17,0,136,0,2,42,0,44,79,42,59,0,180,18,0,18,198
10/14/2019,SYR,NY,AEA,EN,Combined TRACON& Tower with Radar,77,50,17,0,144,0,1,19,0,20,77,51,36,0,164,0,0,0,164
10/15/2019,SYR,NY,AEA,EN,Combined TRACON& Tower with Radar,89,48,22,11,170,0,0,60,0,60,89,48,82,11,230,16,2,18,248
10/16/2019,SYR,NY,AEA,EN,Combined TRACON& Tower with Radar,85,45,25,8,163,0,1,0,0,1,85,46,25,8,164,0,0,0,164
10/17/2019,SYR,NY,AEA,EN,Combined TRACON& Tower with Radar,96,56,14,0,166,0,0,1,0,1,96,56,15,0,167,0,0,0,167
10/18/2019,SYR,NY,AEA,EN,Combined TRACON& Tower with Radar,87,57,36,0,180,0,0,11,0,11,87,57,47,0,191,0,0,0,191
10/19/2019,SYR,NY,AEA,EN,Combined TRACON& Tower with Radar,66,51,26,0,143,0,4,43,2,49,66,55,69,2,192,14,0,14,206
10/20/2019,SYR,NY,AEA,EN,Combined TRACON& Tower with Radar,76,56,18,0,150,0,2,23,0,25,76,58,41,0,175,0,0,0,175
10/21/2019,SYR,NY,AEA,EN,Combined TRACON& Tower with Radar,80,52,9,10,151,0,0,13,2,15,80,52,22,12,166,12,0,12,178
10/22/2019,SYR,NY,AEA,EN,Combined TRACON& Tower with Radar,86,42,21,0,149,0,0,2,71,73,86,42,23,71,222,40,24,64,286
10/23/2019,SYR,NY,AEA,EN,Combined TRACON& Tower with Radar,87,41,23,6,157,0,0,19,2,21,87,41,42,8,178,16,0,16,194
10/24/2019,SYR,NY,AEA,EN,Combined TRACON& Tower with Radar,96,42,16,10,164,0,1,16,0,17,96,43,32,10,181,8,0,8,189
10/25/2019,SYR,NY,AEA,EN,Combined TRACON& Tower with Radar,84,56,19,0,159,0,0,15,0,15,84,56,34,0,174,20,0,20,194
10/26/2019,SYR,NY,AEA,EN,Combined TRACON& Tower with Radar,60,41,16,0,117,0,0,15,0,15,60,41,31,0,132,14,0,14,146
10/27/2019,SYR,NY,AEA,EN,Combined TRACON& Tower with Radar,76,36,14,0,126,0,0,4,0,4,76,36,18,0,130,0,0,0,130
10/28/2019,SYR,NY,AEA,EN,Combined TRACON& Tower with Radar,75,46,21,6,148,0,0,45,6,51,75,46,66,12,199,8,0,8,207
10/29/2019,SYR,NY,AEA,EN,Combined TRACON& Tower with Radar,79,46,16,9,150,0,2,18,12,32,79,48,34,21,182,0,24,24,206
10/30/2019,SYR,NY,AEA,EN,Combined TRACON& Tower with Radar,79,40,14,9,142,0,0,13,0,13,79,40,27,9,155,24,14,38,193
10/31/2019,SYR,NY,AEA,EN,Combined TRACON& Tower with Radar,78,31,11,0,120,0,0,0,0,0,78,31,11,0,120,0,0,0,120
11/01/2019,SYR,NY,AEA,EN,Combined TRACON& Tower with Radar,78,39,9,0,126,0,0,2,0,2,78,39,11,0,128,0,0,0,128
11/02/2019,SYR,NY,AEA,EN,Combined TRACON& Tower with Radar,66,32,21,9,128,0,0,22,5,27,66,32,43,14,155,0,0,0,155
11/03/2019,SYR,NY,AEA,EN,Combined TRACON& Tower with Radar,76,32,16,0,124,0,1,15,6,22,76,33,31,6,146,19,0,19,165
11/04/2019,SYR,NY,AEA,EN,Combined TRACON& Tower with Radar,86,44,20,7,157,0,0,14,0,14,86,44,34,7,171,0,0,0,171
11/05/2019,SYR,NY,AEA,EN,Combined TRACON& Tower with Radar,87,40,19,6,152,0,0,12,0,12,87,40,31,6,164,16,0,16,180
11/06/2019,SYR,NY,AEA,EN,Combined TRACON& Tower with Radar,95,50,25,8,178,0,0,27,9,36,95,50,52,17,214,20,0,20,234
11/07/2019,SYR,NY,AEA,EN,Combined TRACON& Tower with Radar,98,46,23,6,173,0,0,0,0,0,98,46,23,6,173,0,0,0,173
11/08/2019,SYR,NY,AEA,EN,Combined TRACON& Tower with Radar,88,48,21,0,157,0,0,4,0,4,88,48,25,0,161,0,0,0,161
11/09/2019,SYR,NY,AEA,EN,Combined TRACON& Tower with Radar,68,34,10,0,112,0,0,27,4,31,68,34,37,4,143,0,0,0,143
11/10/2019,SYR,NY,AEA,EN,Combined TRACON& Tower with Radar,80,33,14,0,127,0,0,23,3,26,80,33,37,3,153,0,0,0,153
11/11/2019,SYR,NY,AEA,EN,Combined TRACON& Tower with Radar,69,45,4,0,118,0,0,3,0,3,69,45,7,0,121,0,0,0,121
11/12/2019,SYR,NY,AEA,EN,Combined TRACON& Tower with Radar,89,42,15,0,146,0,0,0,0,0,89,42,15,0,146,0,0,0,146
11/13/2019,SYR,NY,AEA,EN,Combined TRACON& Tower with Radar,91,46,25,7,169,0,0,32,3,35,91,46,57,10,204,4,0,4,208
11/14/2019,SYR,NY,AEA,EN,Combined TRACON& Tower with Radar,97,45,29,8,179,0,0,9,4,13,97,45,38,12,192,0,0,0,192
11/15/2019,SYR,NY,AEA,EN,Combined TRACON& Tower with Radar,87,43,13,0,143,0,0,17,0,17,87,43,30,0,160,12,0,12,172
11/16/2019,SYR,NY,AEA,EN,Combined TRACON& Tower with Radar,72,30,22,0,124,0,1,43,4,48,72,31,65,4,172,0,0,0,172
11/17/2019,SYR,NY,AEA,EN,Combined TRACON& Tower with Radar,78,33,24,1,136,0,0,42,4,46,78,33,66,5,182,48,0,48,230
11/18/2019,SYR,NY,AEA,EN,Combined TRACON& Tower with Radar,84,36,16,23,159,0,0,10,22,32,84,36,26,45,191,0,46,46,237
11/19/2019,SYR,NY,AEA,EN,Combined TRACON& Tower with Radar,88,43,32,6,169,0,0,8,7,15,88,43,40,13,184,0,0,0,184
11/20/2019,SYR,NY,AEA,EN,Combined TRACON& Tower with Radar,94,42,16,6,158,0,0,8,0,8,94,42,24,6,166,0,0,0,166
11/21/2019,SYR,NY,AEA,EN,Combined TRACON& Tower with Radar,100,43,31,10,184,0,0,33,3,36,100,43,64,13,220,16,0,16,236
11/22/2019,SYR,NY,AEA,EN,Combined TRACON& Tower with Radar,97,47,9,2,155,0,0,0,0,0,97,47,9,2,155,0,0,0,155
11/23/2019,SYR,NY,AEA,EN,Combined TRACON& Tower with Radar,77,32,29,1,139,0,0,40,0,40,77,32,69,1,179,52,0,52,231
11/24/2019,SYR,NY,AEA,EN,Combined TRACON& Tower with Radar,79,38,14,0,131,0,0,10,3,13,79,38,24,3,144,0,0,0,144
11/25/2019,SYR,NY,AEA,EN,Combined TRACON& Tower with Radar,93,50,17,14,174,0,0,11,2,13,93,50,28,16,187,20,30,50,237
11/26/2019,SYR,NY,AEA,EN,Combined TRACON& Tower with Radar,100,48,19,10,177,0,1,44,3,48,100,49,63,13,225,0,0,0,225
11/27/2019,SYR,NY,AEA,EN,Combined TRACON& Tower with Radar,94,41,6,2,143,0,0,11,7,18,94,41,17,9,161,0,0,0,161
11/28/2019,SYR,NY,AEA,EN,Combined TRACON& Tower with Radar,42,21,1,0,64,0,0,2,0,2,42,21,3,0,66,0,0,0,66
11/29/2019,SYR,NY,AEA,EN,Combined TRACON& Tower with Radar,73,20,11,0,104,0,0,2,0,2,73,20,13,0,106,0,0,0,106
11/30/2019,SYR,NY,AEA,EN,Combined TRACON& Tower with Radar,90,38,22,0,150,0,0,28,0,28,90,38,50,0,178,28,0,28,206
12/01/2019,SYR,NY,AEA,EN,Combined TRACON& Tower with Radar,56,23,4,1,84,0,0,0,0,0,56,23,4,1,84,0,0,0,84
12/02/2019,SYR,NY,AEA,EN,Combined TRACON& Tower with Radar,84,26,5,0,115,0,0,0,0,0,84,26,5,0,115,0,0,0,115
12/03/2019,SYR,NY,AEA,EN,Combined TRACON& Tower with Radar,89,50,19,11,169,0,0,29,8,37,89,50,48,19,206,20,19,39,245
12/04/2019,SYR,NY,AEA,EN,Combined TRACON& Tower with Radar,88,50,12,0,150,0,0,2,0,2,88,50,14,0,152,0,0,0,152
12/05/2019,SYR,NY,AEA,EN,Combined TRACON& Tower with Radar,96,44,12,0,152,0,0,2,2,4,96,44,14,2,156,0,0,0,156
12/06/2019,SYR,NY,AEA,EN,Combined TRACON& Tower with Radar,83,49,4,0,136,0,0,0,0,0,83,49,4,0,136,0,0,0,136
12/07/2019,SYR,NY,AEA,EN,Combined TRACON& Tower with Radar,65,31,11,2,109,0,0,8,22,30,65,31,19,24,139,0,36,36,175
12/08/2019,SYR,NY,AEA,EN,Combined TRACON& Tower with Radar,77,38,14,0,129,0,0,19,0,19,77,38,33,0,148,14,0,14,162
12/09/2019,SYR,NY,AEA,EN,Combined TRACON& Tower with Radar,80,46,18,0,144,0,0,1,0,1,80,46,19,0,145,0,0,0,145
12/10/2019,SYR,NY,AEA,EN,Combined TRACON& Tower with Radar,83,53,15,4,155,0,0,0,4,4,83,53,15,8,159,0,10,10,169
12/11/2019,SYR,NY,AEA,EN,Combined TRACON& Tower with Radar,82,64,11,9,166,0,0,2,0,2,82,64,13,9,168,0,0,0,168
12/12/2019,SYR,NY,AEA,EN,Combined TRACON& Tower with Radar,96,53,18,9,176,0,0,25,10,35,96,53,43,19,211,21,8,29,240
12/13/2019,SYR,NY,AEA,EN,Combined TRACON& Tower with Radar,83,42,5,2,132,0,0,7,0,7,83,42,12,2,139,0,0,0,139
12/14/2019,SYR,NY,AEA,EN,Combined TRACON& Tower with Radar,67,32,14,0,113,0,0,0,0,0,67,32,14,0,113,0,0,0,113
12/15/2019,SYR,NY,AEA,EN,Combined TRACON& Tower with Radar,76,44,5,0,125,0,0,3,0,3,76,44,8,0,128,0,0,0,128
12/16/2019,SYR,NY,AEA,EN,Combined TRACON& Tower with Radar,80,40,27,8,155,0,0,15,0,15,80,40,42,8,170,2,4,6,176
12/17/2019,SYR,NY,AEA,EN,Combined TRACON& Tower with Radar,82,40,8,0,130,0,0,0,0,0,82,40,8,0,130,0,0,0,130
12/18/2019,SYR,NY,AEA,EN,Combined TRACON& Tower with Radar,88,46,18,0,152,0,0,2,0,2,88,46,20,0,154,0,0,0,154
12/19/2019,SYR,NY,AEA,EN,Combined TRACON& Tower with Radar,95,46,16,5,162,0,0,3,0,3,95,46,19,5,165,0,0,0,165
12/20/2019,SYR,NY,AEA,EN,Combined TRACON& Tower with Radar,75,53,21,0,149,0,0,27,0,27,75,53,48,0,176,0,0,0,176
12/21/2019,SYR,NY,AEA,EN,Combined TRACON& Tower with Radar,75,42,18,0,135,0,0,19,5,24,75,42,37,5,159,8,0,8,167
12/22/2019,SYR,NY,AEA,EN,Combined TRACON& Tower with Radar,68,44,12,0,124,0,2,24,0,26,68,46,36,0,150,18,0,18,168
12/23/2019,SYR,NY,AEA,EN,Combined TRACON& Tower with Radar,73,36,11,0,120,0,0,21,0,21,73,36,32,0,141,0,0,0,141
12/24/2019,SYR,NY,AEA,EN,Combined TRACON& Tower with Radar,64,34,13,0,111,0,0,36,0,36,64,34,49,0,147,14,0,14,161
12/25/2019,SYR,NY,AEA,EN,Combined TRACON& Tower with Radar,48,30,4,0,82,0,0,11,0,11,48,30,15,0,93,0,0,0,93
12/26/2019,SYR,NY,AEA,EN,Combined TRACON& Tower with Radar,75,46,14,0,135,0,0,19,0,19,75,46,33,0,154,0,0,0,154
12/27/2019,SYR,NY,AEA,EN,Combined TRACON& Tower with Radar,73,49,12,0,134,0,0,2,0,2,73,49,14,0,136,0,0,0,136
12/28/2019,SYR,NY,AEA,EN,Combined TRACON& Tower with Radar,63,40,20,0,123,0,0,21,2,23,63,40,41,2,146,0,0,0,146
12/29/2019,SYR,NY,AEA,EN,Combined TRACON& Tower with Radar,64,39,5,0,108,0,0,4,0,4,64,39,9,0,112,0,0,0,112
12/30/2019,SYR,NY,AEA,EN,Combined TRACON& Tower with Radar,72,39,1,4,116,0,0,0,0,0,72,39,1,4,116,0,0,0,116
12/31/2019,SYR,NY,AEA,EN,Combined TRACON& Tower with Radar,70,34,4,6,114,0,0,4,8,12,70,34,8,14,126,16,14,30,156
01/01/2020,SYR,NY,AEA,EN,Combined TRACON& Tower with Radar,52,31,6,0,89,0,0,12,0,12,52,31,18,0,101,0,0,0,101
01/02/2020,SYR,NY,AEA,EN,Combined TRACON& Tower with Radar,77,43,12,8,140,0,0,20,4,24,77,43,32,12,164,0,0,0,164
01/03/2020,SYR,NY,AEA,EN,Combined TRACON& Tower with Radar,68,49,17,0,134,0,0,10,0,10,68,49,27,0,144,0,0,0,144
01/04/2020,SYR,NY,AEA,EN,Combined TRACON& Tower with Radar,65,42,6,0,113,0,0,0,0,0,65,42,6,0,113,0,0,0,113
01/05/2020,SYR,NY,AEA,EN,Combined TRACON& Tower with Radar,68,40,10,0,118,0,0,4,0,4,68,40,14,0,122,0,0,0,122
01/06/2020,SYR,NY,AEA,EN,Combined TRACON& Tower with Radar,67,44,17,5,133,0,0,7,4,11,67,44,24,9,144,0,0,0,144
01/07/2020,SYR,NY,AEA,EN,Combined TRACON& Tower with Radar,77,35,18,0,130,0,0,36,0,36,77,35,54,0,166,0,0,0,166
01/08/2020,SYR,NY,AEA,EN,Combined TRACON& Tower with Radar,78,47,12,0,137,0,0,1,0,1,78,47,13,0,138,0,0,0,138
01/09/2020,SYR,NY,AEA,EN,Combined TRACON& Tower with Radar,82,43,24,16,165,0,0,32,4,36,82,43,56,20,201,0,0,0,201
01/10/2020,SYR,NY,AEA,EN,Combined TRACON& Tower with Radar,80,41,5,0,126,0,0,4,0,4,80,41,9,0,130,0,0,0,130
01/11/2020,SYR,NY,AEA,EN,Combined TRACON& Tower with Radar,48,30,8,0,86,0,0,6,0,6,48,30,14,0,92,0,0,0,92
01/12/2020,SYR,NY,AEA,EN,Combined TRACON& Tower with Radar,69,37,6,0,112,0,0,1,0,1,69,37,7,0,113,0,0,0,113
01/13/2020,SYR,NY,AEA,EN,Combined TRACON& Tower with Radar,74,40,24,7,145,0,0,46,0,46,74,40,70,7,191,37,3,40,231
01/14/2020,SYR,NY,AEA,EN,Combined TRACON& Tower with Radar,76,38,17,13,144,0,0,39,0,39,76,38,56,13,183,0,0,0,183
01/15/2020,SYR,NY,AEA,EN,Combined TRACON& Tower with Radar,79,50,24,7,160,0,0,20,1,21,79,50,44,8,181,13,0,13,194
01/16/2020,SYR,NY,AEA,EN,Combined TRACON& Tower with Radar,88,40,16,0,144,0,0,0,0,0,88,40,16,0,144,0,0,0,144
01/17/2020,SYR,NY,AEA,EN,Combined TRACON& Tower with Radar,73,42,11,3,129,0,0,18,1,19,73,42,29,4,148,0,0,0,148
01/18/2020,SYR,NY,AEA,EN,Combined TRACON& Tower with Radar,56,25,3,0,84,0,0,5,4,9,56,25,8,4,93,14,0,14,107
01/19/2020,SYR,NY,AEA,EN,Combined TRACON& Tower with Radar,65,33,7,0,105,0,0,3,0,3,65,33,10,0,108,0,0,0,108
01/20/2020,SYR,NY,AEA,EN,Combined TRACON& Tower with Radar,74,30,5,0,109,0,0,28,0,28,74,30,33,0,137,20,0,20,157
01/21/2020,SYR,NY,AEA,EN,Combined TRACON& Tower with Radar,79,44,17,8,148,0,0,18,15,33,79,44,35,23,181,48,12,60,241
01/22/2020,SYR,NY,AEA,EN,Combined TRACON& Tower with Radar,83,41,14,9,147,0,0,33,3,36,83,41,47,12,183,12,0,12,195
01/23/2020,SYR,NY,AEA,EN,Combined TRACON& Tower with Radar,89,38,24,10,161,0,0,35,14,49,89,38,59,24,210,0,18,18,228
01/24/2020,SYR,NY,AEA,EN,Combined TRACON& Tower with Radar,78,41,11,1,131,0,0,26,3,29,78,41,37,4,160,0,0,0,160
01/25/2020,SYR,NY,AEA,EN,Combined TRACON& Tower with Radar,58,27,2,0,87,0,0,0,0,0,58,27,2,0,87,0,0,0,87
01/26/2020,SYR,NY,AEA,EN,Combined TRACON& Tower with Radar,64,43,1,0,108,0,0,2,0,2,64,43,3,0,110,0,0,0,110
01/27/2020,SYR,NY,AEA,EN,Combined TRACON& Tower with Radar,74,43,12,0,129,0,0,0,0,0,74,43,12,0,129,0,0,0,129
01/28/2020,SYR,NY,AEA,EN,Combined TRACON& Tower with Radar,79,44,13,6,142,0,0,4,0,4,79,44,17,6,146,0,0,0,146
01/29/2020,SYR,NY,AEA,EN,Combined TRACON& Tower with Radar,79,46,22,6,153,0,0,20,54,74,79,46,42,60,227,0,66,66,293
01/30/2020,SYR,NY,AEA,EN,Combined TRACON& Tower with Radar,85,46,9,9,149,0,0,40,0,40,85,46,49,9,189,0,0,0,189
01/31/2020,SYR,NY,AEA,EN,Combined TRACON& Tower with Radar,78,42,13,1,134,0,0,18,1,19,78,42,31,2,153,24,0,24,177
02/01/2020,SYR,NY,AEA,EN,Combined TRACON& Tower with Radar,58,34,7,0,99,0,0,12,6,18,58,34,19,6,117,0,0,0,117
02/02/2020,SYR,NY,AEA,EN,Combined TRACON& Tower with Radar,60,33,19,0,112,0,0,0,0,0,60,33,19,0,112,0,0,0,112
02/03/2020,SYR,NY,AEA,EN,Combined TRACON& Tower with Radar,70,41,14,6,131,0,1,24,2,27,70,42,38,8,158,0,0,0,158
02/04/2020,SYR,NY,AEA,EN,Combined TRACON& Tower with Radar,79,38,9,8,134,0,0,12,0,12,79,38,21,8,146,13,2,15,161
02/05/2020,SYR,NY,AEA,EN,Combined TRACON& Tower with Radar,78,45,12,9,144,0,0,20,2,22,78,45,32,11,166,0,0,0,166
02/06/2020,SYR,NY,AEA,EN,Combined TRACON& Tower with Radar,77,35,4,0,116,0,0,0,0,0,77,35,4,0,116,0,0,0,116
02/07/2020,SYR,NY,AEA,EN,Combined TRACON& Tower with Radar,67,27,6,0,100,0,0,0,0,0,67,27,6,0,100,0,0,0,100
02/08/2020,SYR,NY,AEA,EN,Combined TRACON& Tower with Radar,57,38,5,21,121,0,0,9,1,10,57,38,14,22,131,6,24,30,161
02/09/2020,SYR,NY,AEA,EN,Combined TRACON& Tower with Radar,67,29,11,0,107,0,0,19,3,22,67,29,30,3,129,6,0,6,135
02/10/2020,SYR,NY,AEA,EN,Combined TRACON& Tower with Radar,74,44,11,2,131,0,0,4,0,4,74,44,15,2,135,0,0,0,135
02/11/2020,SYR,NY,AEA,EN,Combined TRACON& Tower with Radar,82,35,12,4,133,0,0,3,0,3,82,35,15,4,136,12,0,12,148
02/12/2020,SYR,NY,AEA,EN,Combined TRACON& Tower with Radar,81,43,15,16,155,0,0,34,5,39,81,43,49,21,194,10,14,24,218
02/13/2020,SYR,NY,AEA,EN,Combined TRACON& Tower with Radar,73,51,2,0,126,0,0,0,0,0,73,51,2,0,126,0,0,0,126
02/14/2020,SYR,NY,AEA,EN,Combined TRACON& Tower with Radar,79,53,10,0,142,0,0,17,0,17,79,53,27,0,159,0,0,0,159
02/15/2020,SYR,NY,AEA,EN,Combined TRACON& Tower with Radar,76,35,16,0,127,0,0,43,2,45,76,35,59,2,172,0,0,0,172
02/16/2020,SYR,NY,AEA,EN,Combined TRACON& Tower with Radar,63,35,9,0,107,0,1,18,4,23,63,36,27,4,130,4,0,4,134
02/17/2020,SYR,NY,AEA,EN,Combined TRACON& Tower with Radar,69,42,15,0,126,0,0,26,6,32,69,42,41,6,158,0,0,0,158
02/18/2020,SYR,NY,AEA,EN,Combined TRACON& Tower with Radar,83,47,18,0,148,0,0,0,0,0,83,47,18,0,148,0,0,0,148
02/19/2020,SYR,NY,AEA,EN,Combined TRACON& Tower with Radar,85,45,23,7,160,0,0,2,1,3,85,45,25,8,163,0,0,0,163
02/20/2020,SYR,NY,AEA,EN,Combined TRACON& Tower with Radar,84,44,18,8,154,0,0,7,0,7,84,44,25,8,161,0,0,0,161
02/21/2020,SYR,NY,AEA,EN,Combined TRACON& Tower with Radar,77,49,9,1,136,0,0,28,11,39,77,49,37,12,175,33,0,33,208
02/22/2020,SYR,NY,AEA,EN,Combined TRACON& Tower with Radar,77,41,7,0,125,0,0,37,14,51,77,41,44,14,176,12,0,12,188
02/23/2020,SYR,NY,AEA,EN,Combined TRACON& Tower with Radar,71,39,11,0,121,0,0,46,4,50,71,39,57,4,171,0,0,0,171
02/24/2020,SYR,NY,AEA,EN,Combined TRACON& Tower with Radar,72,46,17,16,151,0,0,44,10,54,72,46,61,26,205,0,58,58,263
02/25/2020,SYR,NY,AEA,EN,Combined TRACON& Tower with Radar,84,44,18,6,152,0,0,19,0,19,84,44,37,6,171,0,0,0,171
02/26/2020,SYR,NY,AEA,EN,Combined TRACON& Tower with Radar,85,53,15,0,153,0,0,4,0,4,85,53,19,0,157,0,0,0,157
02/27/2020,SYR,NY,AEA,EN,Combined TRACON& Tower with Radar,83,52,11,0,146,0,0,1,0,1,83,52,12,0,147,0,0,0,147
02/28/2020,SYR,NY,AEA,EN,Combined TRACON& Tower with Radar,80,53,3,0,136,0,0,1,0,1,80,53,4,0,137,0,0,0,137
02/29/2020,SYR,NY,AEA,EN,Combined TRACON& Tower with Radar,66,44,10,0,120,0,0,0,0,0,66,44,10,0,120,0,0,0,120
03/01/2020,SYR,NY,AEA,EN,Combined TRACON& Tower with Radar,70,41,16,0,127,0,0,33,0,33,70,41,49,0,160,10,0,10,170
03/02/2020,SYR,NY,AEA,EN,Combined TRACON& Tower with Radar,73,38,10,3,124,0,0,10,7,17,73,38,20,10,141,20,10,30,171
03/03/2020,SYR,NY,AEA,EN,Combined TRACON& Tower with Radar,89,43,9,1,142,0,0,0,0,0,89,43,9,1,142,0,0,0,142
03/04/2020,SYR,NY,AEA,EN,Combined TRACON& Tower with Radar,82,42,17,9,150,0,0,21,13,34,82,42,38,22,184,6,16,22,206
03/05/2020,SYR,NY,AEA,EN,Combined TRACON& Tower with Radar,88,42,17,6,153,0,0,48,2,50,88,42,65,8,203,0,0,0,203
03/06/2020,SYR,NY,AEA,EN,Combined TRACON& Tower with Radar,80,45,12,0,137,0,0,3,0,3,80,45,15,0,140,0,0,0,140
03/07/2020,SYR,NY,AEA,EN,Combined TRACON& Tower with Radar,71,33,4,8,116,0,0,39,6,45,71,33,43,14,161,0,0,0,161
03/08/2020,SYR,NY,AEA,EN,Combined TRACON& Tower with Radar,70,32,11,0,113,0,0,43,7,50,70,32,54,7,163,24,0,24,187
03/09/2020,SYR,NY,AEA,EN,Combined TRACON& Tower with Radar,74,42,10,20,146,0,1,42,7,50,74,43,52,27,196,0,24,24,220
03/10/2020,SYR,NY,AEA,EN,Combined TRACON& Tower with Radar,84,35,27,0,146,0,0,0,0,0,84,35,27,0,146,0,0,0,146
03/11/2020,SYR,NY,AEA,EN,Combined TRACON& Tower with Radar,82,40,17,11,150,0,0,52,3,55,82,40,69,14,205,4,0,4,209
03/12/2020,SYR,NY,AEA,EN,Combined TRACON& Tower with Radar,90,37,19,10,156,0,9,22,2,33,90,46,41,12,189,0,0,0,189
03/13/2020,SYR,NY,AEA,EN,Combined TRACON& Tower with Radar,82,48,10,0,140,0,0,0,0,0,82,48,10,0,140,0,0,0,140
03/14/2020,SYR,NY,AEA,EN,Combined TRACON& Tower with Radar,70,46,13,0,129,0,0,13,0,13,70,46,26,0,142,0,0,0,142
03/15/2020,SYR,NY,AEA,EN,Combined TRACON& Tower with Radar,76,34,10,0,120,0,0,32,6,38,76,34,42,6,158,44,0,44,202
03/16/2020,SYR,NY,AEA,EN,Combined TRACON& Tower with Radar,74,38,8,6,126,0,0,20,2,22,74,38,28,8,148,8,0,8,156
03/17/2020,SYR,NY,AEA,EN,Combined TRACON& Tower with Radar,86,38,11,6,141,0,0,0,0,0,86,38,11,6,141,16,0,16,157
03/18/2020,SYR,NY,AEA,EN,Combined TRACON& Tower with Radar,85,42,1,11,139,0,0,22,5,27,85,42,23,16,166,42,22,64,230
03/19/2020,SYR,NY,AEA,EN,Combined TRACON& Tower with Radar,93,42,16,6,157,0,0,12,2,14,93,42,28,8,171,22,0,22,193
03/20/2020,SYR,NY,AEA,EN,Combined TRACON& Tower with Radar,78,37,4,7,126,0,0,1,3,4,78,37,5,10,130,8,16,24,154
03/21/2020,SYR,NY,AEA,EN,Combined TRACON& Tower with Radar,54,30,9,2,95,0,0,18,4,22,54,30,27,6,117,0,0,0,117
03/22/2020,SYR,NY,AEA,EN,Combined TRACON& Tower with Radar,59,26,7,0,92,0,0,31,2,33,59,26,38,2,125,30,0,30,155
03/23/2020,SYR,NY,AEA,EN,Combined TRACON& Tower with Radar,45,25,1,0,71,0,0,0,0,0,45,25,1,0,71,0,0,0,71
03/24/2020,SYR,NY,AEA,EN,Combined TRACON& Tower with Radar,60,22,4,10,96,0,0,2,0,2,60,22,6,10,98,0,0,0,98
03/25/2020,SYR,NY,AEA,EN,Combined TRACON& Tower with Radar,50,27,5,8,90,0,1,5,0,6,50,28,10,8,96,0,0,0,96
03/26/2020,SYR,NY,AEA,EN,Combined TRACON& Tower with Radar,43,11,4,9,67,0,0,18,7,25,43,11,22,16,92,0,0,0,92
03/27/2020,SYR,NY,AEA,EN,Combined TRACON& Tower with Radar,36,17,5,0,58,0,0,11,2,13,36,17,16,2,71,0,0,0,71
03/28/2020,SYR,NY,AEA,EN,Combined TRACON& Tower with Radar,17,22,4,0,43,0,0,2,0,2,17,22,6,0,45,0,0,0,45
03/29/2020,SYR,NY,AEA,EN,Combined TRACON& Tower with Radar,25,18,1,0,44,0,0,0,0,0,25,18,1,0,44,0,0,0,44
03/30/2020,SYR,NY,AEA,EN,Combined TRACON& Tower with Radar,26,18,4,6,54,0,0,0,0,0,26,18,4,6,54,0,0,0,54
03/31/2020,SYR,NY,AEA,EN,Combined TRACON& Tower with Radar,36,20,3,20,79,0,0,5,9,14,36,20,8,29,93,0,35,35,128
04/01/2020,SYR,NY,AEA,EN,Combined TRACON& Tower with Radar,29,9,7,8,53,0,2,18,8,28,29,11,25,16,81,0,16,16,97
04/02/2020,SYR,NY,AEA,EN,Combined TRACON& Tower with Radar,45,11,5,6,67,0,0,10,0,10,45,11,15,6,77,0,0,0,77
04/03/2020,SYR,NY,AEA,EN,Combined TRACON& Tower with Radar,36,10,9,0,55,0,0,0,0,0,36,10,9,0,55,0,0,0,55
04/04/2020,SYR,NY,AEA,EN,Combined TRACON& Tower with Radar,21,8,7,0,36,0,0,12,0,12,21,8,19,0,48,0,0,0,48
04/05/2020,SYR,NY,AEA,EN,Combined TRACON& Tower with Radar,35,4,0,0,39,0,1,6,0,7,35,5,6,0,46,0,0,0,46
04/06/2020,SYR,NY,AEA,EN,Combined TRACON& Tower with Radar,30,5,11,13,59,0,0,29,0,29,30,5,40,13,88,18,0,18,106
04/07/2020,SYR,NY,AEA,EN,Combined TRACON& Tower with Radar,35,9,12,23,79,0,0,31,4,35,35,9,43,27,114,36,20,56,170
04/08/2020,SYR,NY,AEA,EN,Combined TRACON& Tower with Radar,33,8,1,6,48,0,0,3,0,3,33,8,4,6,51,0,0,0,51
04/09/2020,SYR,NY,AEA,EN,Combined TRACON& Tower with Radar,39,5,0,6,50,0,0,0,0,0,39,5,0,6,50,0,0,0,50
04/10/2020,SYR,NY,AEA,EN,Combined TRACON& Tower with Radar,35,11,4,0,50,0,0,2,0,2,35,11,6,0,52,0,0,0,52
04/11/2020,SYR,NY,AEA,EN,Combined TRACON& Tower with Radar,25,11,1,0,37,0,0,10,0,10,25,11,11,0,47,0,0,0,47
04/12/2020,SYR,NY,AEA,EN,Combined TRACON& Tower with Radar,25,10,2,0,37,0,0,11,0,11,25,10,13,0,48,0,0,0,48
04/13/2020,SYR,NY,AEA,EN,Combined TRACON& Tower with Radar,27,6,4,0,37,0,0,2,0,2,27,6,6,0,39,0,0,0,39
04/14/2020,SYR,NY,AEA,EN,Combined TRACON& Tower with Radar,31,14,5,25,75,0,0,5,0,5,31,14,10,25,80,0,14,14,94
04/15/2020,SYR,NY,AEA,EN,Combined TRACON& Tower with Radar,30,9,8,12,59,0,0,14,0,14,30,9,22,12,73,6,0,6,79
04/16/2020,SYR,NY,AEA,EN,Combined TRACON& Tower with Radar,27,10,1,10,48,0,0,2,0,2,27,10,3,10,50,0,0,0,50
04/17/2020,SYR,NY,AEA,EN,Combined TRACON& Tower with Radar,19,7,2,0,28,0,0,6,0,6,19,7,8,0,34,0,0,0,34
04/18/2020,SYR,NY,AEA,EN,Combined TRACON& Tower with Radar,12,7,4,0,23,0,0,16,0,16,12,7,20,0,39,24,0,24,63
04/19/2020,SYR,NY,AEA,EN,Combined TRACON& Tower with Radar,15,3,7,0,25,0,0,19,0,19,15,3,26,0,44,0,0,0,44
04/20/2020,SYR,NY,AEA,EN,Combined TRACON& Tower with Radar,18,3,12,6,39,0,0,27,0,27,18,3,39,6,66,24,0,24,90
04/21/2020,SYR,NY,AEA,EN,Combined TRACON& Tower with Radar,27,8,2,5,42,0,0,0,1,1,27,8,2,6,43,0,0,0,43
04/22/2020,SYR,NY,AEA,EN,Combined TRACON& Tower with Radar,26,8,3,8,45,0,0,6,0,6,26,8,9,8,51,0,0,0,51
04/23/2020,SYR,NY,AEA,EN,Combined TRACON& Tower with Radar,28,11,4,0,43,0,0,7,48,55,28,11,11,48,98,0,57,57,155
04/24/2020,SYR,NY,AEA,EN,Combined TRACON& Tower with Radar,22,16,10,0,48,0,0,11,0,11,22,16,21,0,59,0,0,0,59
04/25/2020,SYR,NY,AEA,EN,Combined TRACON& Tower with Radar,13,8,8,0,29,0,0,39,2,41,13,8,47,2,70,45,0,45,115
04/26/2020,SYR,NY,AEA,EN,Combined TRACON& Tower with Radar,13,4,3,0,20,0,0,4,0,4,13,4,7,0,24,0,0,0,24
04/27/2020,SYR,NY,AEA,EN,Combined TRACON& Tower with Radar,15,12,2,6,35,0,0,4,0,4,15,12,6,6,39,0,0,0,39
04/28/2020,SYR,NY,AEA,EN,Combined TRACON& Tower with Radar,20,12,9,10,51,0,0,29,35,64,20,12,38,45,115,30,54,84,199
04/29/2020,SYR,NY,AEA,EN,Combined TRACON& Tower with Radar,27,9,6,6,48,0,2,0,29,31,27,11,6,35,79,0,22,22,101
04/30/2020,SYR,NY,AEA,EN,Combined TRACON& Tower with Radar,33,8,5,4,50,0,0,1,34,35,33,8,6,38,85,0,48,48,133
05/01/2020,SYR,NY,AEA,EN,Combined TRACON& Tower with Radar,29,14,9,0,52,0,0,0,0,0,29,14,9,0,52,0,0,0,52
05/02/2020,SYR,NY,AEA,EN,Combined TRACON& Tower with Radar,17,7,6,22,52,0,0,17,5,22,17,7,23,27,74,20,28,48,122
05/03/2020,SYR,NY,AEA,EN,Combined TRACON& Tower with Radar,24,19,3,4,50,0,7,26,57,90,24,26,29,61,140,28,84,112,252
05/04/2020,SYR,NY,AEA,EN,Combined TRACON& Tower with Radar,21,17,7,4,49,0,0,4,2,6,21,17,11,6,55,0,16,16,71
05/05/2020,SYR,NY,AEA,EN,Combined TRACON& Tower with Radar,27,9,6,9,51,0,0,32,1,33,27,9,38,10,84,0,0,0,84
05/06/2020,SYR,NY,AEA,EN,Combined TRACON& Tower with Radar,26,7,16,6,55,0,0,31,0,31,26,7,47,6,86,24,0,24,110
05/07/2020,SYR,NY,AEA,EN,Combined TRACON& Tower with Radar,40,10,2,7,59,0,0,12,8,20,40,10,14,15,79,8,14,22,101
05/08/2020,SYR,NY,AEA,EN,Combined TRACON& Tower with Radar,27,16,9,0,52,0,0,9,0,9,27,16,18,0,61,0,0,0,61
05/09/2020,SYR,NY,AEA,EN,Combined TRACON& Tower with Radar,12,9,1,0,22,0,0,0,0,0,12,9,1,0,22,0,0,0,22
05/10/2020,SYR,NY,AEA,EN,Combined TRACON& Tower with Radar,30,5,3,0,38,0,0,7,0,7,30,5,10,0,45,0,0,0,45
05/11/2020,SYR,NY,AEA,EN,Combined TRACON& Tower with Radar,18,11,7,0,36,0,0,1,0,1,18,11,8,0,37,0,0,0,37
05/12/2020,SYR,NY,AEA,EN,Combined TRACON& Tower with Radar,27,9,8,3,47,0,0,12,0,12,27,9,20,3,59,10,0,10,69
05/13/2020,SYR,NY,AEA,EN,Combined TRACON& Tower with Radar,28,13,16,0,57,0,0,33,0,33,28,13,49,0,90,0,0,0,90
05/14/2020,SYR,NY,AEA,EN,Combined TRACON& Tower with Radar,37,10,6,0,53,0,0,12,2,14,37,10,18,2,67,16,0,16,83
05/15/2020,SYR,NY,AEA,EN,Combined TRACON& Tower with Radar,28,14,11,0,53,0,1,3,0,4,28,15,14,0,57,0,0,0,57
05/16/2020,SYR,NY,AEA,EN,Combined TRACON& Tower with Radar,16,14,18,0,48,0,0,28,0,28,16,14,46,0,76,0,0,0,76
05/17/2020,SYR,NY,AEA,EN,Combined TRACON& Tower with Radar,25,6,12,0,43,0,0,25,0,25,25,6,37,0,68,0,0,0,68
05/18/2020,SYR,NY,AEA,EN,Combined TRACON& Tower with Radar,25,10,6,4,45,0,0,2,7,9,25,10,8,11,54,0,0,0,54
05/19/2020,SYR,NY,AEA,EN,Combined TRACON& Tower with Radar,25,9,10,5,49,0,0,29,51,80,25,9,39,56,129,0,58,58,187
05/20/2020,SYR,NY,AEA,EN,Combined TRACON& Tower with Radar,31,14,14,6,65,0,0,44,37,81,31,14,58,43,146,22,58,80,226
05/21/2020,SYR,NY,AEA,EN,Combined TRACON& Tower with Radar,38,8,8,10,64,0,0,55,48,103,38,8,63,58,167,32,80,112,279
05/22/2020,SYR,NY,AEA,EN,Combined TRACON& Tower with Radar,29,12,4,0,45,0,0,23,2,25,29,12,27,2,70,0,0,0,70
05/23/2020,SYR,NY,AEA,EN,Combined TRACON& Tower with Radar,12,8,16,0,36,0,0,18,0,18,12,8,34,0,54,0,0,0,54
05/24/2020,SYR,NY,AEA,EN,Combined TRACON& Tower with Radar,19,8,5,0,32,0,1,23,0,24,19,9,28,0,56,14,0,14,70
05/25/2020,SYR,NY,AEA,EN,Combined TRACON& Tower with Radar,17,13,9,0,39,0,1,8,0,9,17,14,17,0,48,0,0,0,48
05/26/2020,SYR,NY,AEA,EN,Combined TRACON& Tower with Radar,19,10,10,21,60,0,0,24,57,81,19,10,34,78,141,23,78,101,242
05/27/2020,SYR,NY,AEA,EN,Combined TRACON& Tower with Radar,32,16,11,7,66,0,0,24,30,54,32,16,35,37,120,8,44,52,172
05/28/2020,SYR,NY,AEA,EN,Combined TRACON& Tower with Radar,36,14,4,15,69,0,0,5,1,6,36,14,9,16,75,0,0,0,75
05/29/2020,SYR,NY,AEA,EN,Combined TRACON& Tower with Radar,31,9,5,0,45,0,0,6,0,6,31,9,11,0,51,8,0,8,59
05/30/2020,SYR,NY,AEA,EN,Combined TRACON& Tower with Radar,14,7,6,0,27,0,1,7,0,8,14,8,13,0,35,0,0,0,35
05/31/2020,SYR,NY,AEA,EN,Combined TRACON& Tower with Radar,25,5,9,0,39,0,0,14,0,14,25,5,23,0,53,4,0,4,57
06/01/2020,SYR,NY,AEA,EN,Combined TRACON& Tower with Radar,29,10,9,3,51,0,1,21,34,56,29,11,30,37,107,14,52,66,173
06/02/2020,SYR,NY,AEA,EN,Combined TRACON& Tower with Radar,31,9,20,6,66,0,1,29,36,66,31,10,49,42,132,34,52,86,218
06/03/2020,SYR,NY,AEA,EN,Combined TRACON& Tower with Radar,29,16,14,35,94,0,0,5,27,32,29,16,19,62,126,28,68,96,222
06/04/2020,SYR,NY,AEA,EN,Combined TRACON& Tower with Radar,45,11,15,30,101,0,0,39,2,41,45,11,54,32,142,38,16,54,196
06/05/2020,SYR,NY,AEA,EN,Combined TRACON& Tower with Radar,33,15,7,23,78,0,1,21,13,35,33,16,28,36,113,0,36,36,149
06/06/2020,SYR,NY,AEA,EN,Combined TRACON& Tower with Radar,17,8,6,0,31,0,0,12,2,14,17,8,18,2,45,8,0,8,53
06/07/2020,SYR,NY,AEA,EN,Combined TRACON& Tower with Radar,30,6,26,4,66,0,0,34,42,76,30,6,60,46,142,12,49,61,203
06/08/2020,SYR,NY,AEA,EN,Combined TRACON& Tower with Radar,31,9,12,6,58,0,0,41,0,41,31,9,53,6,99,28,0,28,127
06/09/2020,SYR,NY,AEA,EN,Combined TRACON& Tower with Radar,34,9,4,8,55,0,0,39,10,49,34,9,43,18,104,48,22,70,174
06/10/2020,SYR,NY,AEA,EN,Combined TRACON& Tower with Radar,33,16,10,7,66,0,0,11,28,39,33,16,21,35,105,8,40,48,153
06/11/2020,SYR,NY,AEA,EN,Combined TRACON& Tower with Radar,48,12,7,6,73,0,1,13,10,24,48,13,20,16,97,4,16,20,117
06/12/2020,SYR,NY,AEA,EN,Combined TRACON& Tower with Radar,35,11,13,0,59,0,2,17,0,19,35,13,30,0,78,8,0,8,86
06/13/2020,SYR,NY,AEA,EN,Combined TRACON& Tower with Radar,17,5,7,0,29,0,0,12,2,14,17,5,19,2,43,20,0,20,63
06/14/2020,SYR,NY,AEA,EN,Combined TRACON& Tower with Radar,32,7,6,0,45,0,0,22,0,22,32,7,28,0,67,0,0,0,67
06/15/2020,SYR,NY,AEA,EN,Combined TRACON& Tower with Radar,35,7,12,10,64,0,0,32,18,50,35,7,44,28,114,18,32,50,164
06/16/2020,SYR,NY,AEA,EN,Combined TRACON& Tower with Radar,31,5,14,10,60,0,2,40,4,46,31,7,54,14,106,78,0,78,184
06/17/2020,SYR,NY,AEA,EN,Combined TRACON& Tower with Radar,31,13,15,24,83,0,1,42,2,45,31,14,57,26,128,14,8,22,150
06/18/2020,SYR,NY,AEA,EN,Combined TRACON& Tower with Radar,45,12,6,8,71,0,0,29,31,60,45,12,35,39,131,0,50,50,181
06/19/2020,SYR,NY,AEA,EN,Combined TRACON& Tower with Radar,35,10,18,2,65,0,2,24,0,26,35,12,42,2,91,3,3,6,97
06/20/2020,SYR,NY,AEA,EN,Combined TRACON& Tower with Radar,23,7,9,0,39,0,0,18,0,18,23,7,27,0,57,0,0,0,57
06/21/2020,SYR,NY,AEA,EN,Combined TRACON& Tower with Radar,34,8,9,0,51,0,1,24,2,27,34,9,33,2,78,0,0,0,78
06/22/2020,SYR,NY,AEA,EN,Combined TRACON& Tower with Radar,33,18,10,6,67,0,1,15,0,16,33,19,25,6,83,27,0,27,110
06/23/2020,SYR,NY,AEA,EN,Combined TRACON& Tower with Radar,31,12,6,10,59,0,0,24,0,24,31,12,30,10,83,14,0,14,97
06/24/2020,SYR,NY,AEA,EN,Combined TRACON& Tower with Radar,33,9,17,12,71,0,1,19,30,50,33,10,36,42,121,44,106,150,271
06/25/2020,SYR,NY,AEA,EN,Combined TRACON& Tower with Radar,47,20,12,4,83,0,0,36,0,36,47,20,48,4,119,0,0,0,119
06/26/2020,SYR,NY,AEA,EN,Combined TRACON& Tower with Radar,37,16,10,2,65,0,1,29,0,30,37,17,39,2,95,32,0,32,127
06/27/2020,SYR,NY,AEA,EN,Combined TRACON& Tower with Radar,23,7,13,0,43,0,0,1,0,1,23,7,14,0,44,0,0,0,44
06/28/2020,SYR,NY,AEA,EN,Combined TRACON& Tower with Radar,34,9,5,0,48,0,0,6,0,6,34,9,11,0,54,0,0,0,54
06/29/2020,SYR,NY,AEA,EN,Combined TRACON& Tower with Radar,33,14,14,0,61,0,4,22,0,26,33,18,36,0,87,38,0,38,125
06/30/2020,SYR,NY,AEA,EN,Combined TRACON& Tower with Radar,31,17,5,0,53,0,0,7,2,9,31,17,12,2,62,50,0,50,112
07/01/2020,SYR,NY,AEA,EN,Combined TRACON& Tower with Radar,34,18,23,11,86,0,0,8,1,9,34,18,31,12,95,0,6,6,101
07/02/2020,SYR,NY,AEA,EN,Combined TRACON& Tower with Radar,45,11,14,2,72,0,1,28,0,29,45,12,42,2,101,0,0,0,101
07/03/2020,SYR,NY,AEA,EN,Combined TRACON& Tower with Radar,36,13,17,0,66,0,0,9,0,9,36,13,26,0,75,0,0,0,75
07/04/2020,SYR,NY,AEA,EN,Combined TRACON& Tower with Radar,23,7,16,0,46,0,0,18,0,18,23,7,34,0,64,22,0,22,86
07/05/2020,SYR,NY,AEA,EN,Combined TRACON& Tower with Radar,35,9,14,0,58,0,1,20,0,21,35,10,34,0,79,0,0,0,79
07/06/2020,SYR,NY,AEA,EN,Combined TRACON& Tower with Radar,34,12,6,25,77,0,2,25,7,34,34,14,31,32,111,12,12,24,135
07/07/2020,SYR,NY,AEA,EN,Combined TRACON& Tower with Radar,38,12,13,22,85,0,0,13,15,28,38,12,26,37,113,34,16,50,163
07/08/2020,SYR,NY,AEA,EN,Combined TRACON& Tower with Radar,38,13,17,11,79,0,0,11,29,40,38,13,28,40,119,32,50,82,201
07/09/2020,SYR,NY,AEA,EN,Combined TRACON& Tower with Radar,51,20,9,17,97,0,0,24,25,49,51,20,33,42,146,22,54,76,222
07/10/2020,SYR,NY,AEA,EN,Combined TRACON& Tower with Radar,44,19,11,0,74,0,0,18,0,18,44,19,29,0,92,0,0,0,92
07/11/2020,SYR,NY,AEA,EN,Combined TRACON& Tower with Radar,34,11,26,0,71,0,0,3,0,3,34,11,29,0,74,0,0,0,74
07/12/2020,SYR,NY,AEA,EN,Combined TRACON& Tower with Radar,38,12,20,0,70,0,0,13,0,13,38,12,33,0,83,0,0,0,83
07/13/2020,SYR,NY,AEA,EN,Combined TRACON& Tower with Radar,36,18,12,0,66,0,0,18,0,18,36,18,30,0,84,16,0,16,100
07/14/2020,SYR,NY,AEA,EN,Combined TRACON& Tower with Radar,39,16,15,14,84,0,1,44,8,53,39,17,59,22,137,34,20,54,191
07/15/2020,SYR,NY,AEA,EN,Combined TRACON& Tower with Radar,38,11,29,21,99,0,0,56,15,71,38,11,85,36,170,18,28,46,216
07/16/2020,SYR,NY,AEA,EN,Combined TRACON& Tower with Radar,51,17,4,18,90,0,0,9,3,12,51,17,13,21,102,6,8,14,116
07/17/2020,SYR,NY,AEA,EN,Combined TRACON& Tower with Radar,44,20,10,0,74,0,0,18,0,18,44,20,28,0,92,12,0,12,104
07/18/2020,SYR,NY,AEA,EN,Combined TRACON& Tower with Radar,34,16,17,1,68,0,3,42,0,45,34,19,59,1,113,30,0,30,143
07/19/2020,SYR,NY,AEA,EN,Combined TRACON& Tower with Radar,38,13,12,0,63,0,0,10,0,10,38,13,22,0,73,0,0,0,73
07/20/2020,SYR,NY,AEA,EN,Combined TRACON& Tower with Radar,38,18,8,23,87,0,0,26,2,28,38,18,34,25,115,6,8,14,129
07/21/2020,SYR,NY,AEA,EN,Combined TRACON& Tower with Radar,39,17,21,14,91,0,2,36,6,44,39,19,57,20,135,34,2,36,171
07/22/2020,SYR,NY,AEA,EN,Combined TRACON& Tower with Radar,38,15,14,0,67,0,0,26,18,44,38,15,40,18,111,46,28,74,185
07/23/2020,SYR,NY,AEA,EN,Combined TRACON& Tower with Radar,53,22,15,3,93,0,0,16,0,16,53,22,31,3,109,0,0,0,109
07/24/2020,SYR,NY,AEA,EN,Combined TRACON& Tower with Radar,42,14,17,1,74,0,0,51,3,54,42,14,68,4,128,24,0,24,152
07/25/2020,SYR,NY,AEA,EN,Combined TRACON& Tower with Radar,34,15,6,0,55,0,0,45,0,45,34,15,51,0,100,24,0,24,124
07/26/2020,SYR,NY,AEA,EN,Combined TRACON& Tower with Radar,38,22,14,0,74,0,0,39,0,39,38,22,53,0,113,8,0,8,121
07/27/2020,SYR,NY,AEA,EN,Combined TRACON& Tower with Radar,36,20,9,3,68,0,3,15,7,25,36,23,24,10,93,18,0,18,111
07/28/2020,SYR,NY,AEA,EN,Combined TRACON& Tower with Radar,39,13,14,6,72,0,1,36,2,39,39,14,50,8,111,22,0,22,133
07/29/2020,SYR,NY,AEA,EN,Combined TRACON& Tower with Radar,36,17,23,0,76,0,2,19,0,21,36,19,42,0,97,49,0,49,146
07/30/2020,SYR,NY,AEA,EN,Combined TRACON& Tower with Radar,51,21,21,4,97,0,0,39,25,64,51,21,60,29,161,12,0,12,173
07/31/2020,SYR,NY,AEA,EN,Combined TRACON& Tower with Radar,41,20,8,8,77,0,0,36,8,44,41,20,44,16,121,14,12,26,147
08/01/2020,SYR,NY,AEA,EN,Combined TRACON& Tower with Radar,34,14,12,0,60,0,1,30,0,31,34,15,42,0,91,17,0,17,108
08/02/2020,SYR,NY,AEA,EN,Combined TRACON& Tower with Radar,40,19,12,0,71,0,0,7,0,7,40,19,19,0,78,0,0,0,78
08/03/2020,SYR,NY,AEA,EN,Combined TRACON& Tower with Radar,42,29,8,29,108,0,0,30,2,32,42,29,38,31,140,3,10,13,153
08/04/2020,SYR,NY,AEA,EN,Combined TRACON& Tower with Radar,45,13,6,0,64,0,0,4,0,4,45,13,10,0,68,0,0,0,68
08/05/2020,SYR,NY,AEA,EN,Combined TRACON& Tower with Radar,44,16,10,10,80,0,0,32,31,63,44,16,42,41,143,0,20,20,163
08/06/2020,SYR,NY,AEA,EN,Combined TRACON& Tower with Radar,53,17,12,8,90,0,0,48,9,57,53,17,60,17,147,48,16,64,211
08/07/2020,SYR,NY,AEA,EN,Combined TRACON& Tower with Radar,46,14,15,4,79,0,0,28,0,28,46,14,43,4,107,20,0,20,127
08/08/2020,SYR,NY,AEA,EN,Combined TRACON& Tower with Radar,33,10,15,2,60,0,0,29,11,40,33,10,44,13,100,16,2,18,118
08/09/2020,SYR,NY,AEA,EN,Combined TRACON& Tower with Radar,41,15,13,22,91,0,0,34,3,37,41,15,47,25,128,0,30,30,158
08/10/2020,SYR,NY,AEA,EN,Combined TRACON& Tower with Radar,37,16,12,7,72,0,0,26,5,31,37,16,38,12,103,0,0,0,103
08/11/2020,SYR,NY,AEA,EN,Combined TRACON& Tower with Radar,42,12,14,7,75,0,1,25,1,27,42,13,39,8,102,0,0,0,102
08/12/2020,SYR,NY,AEA,EN,Combined TRACON& Tower with Radar,38,19,14,12,83,0,3,44,5,52,38,22,58,17,135,32,2,34,169
08/13/2020,SYR,NY,AEA,EN,Combined TRACON& Tower with Radar,55,17,14,6,92,0,0,39,1,40,55,17,53,7,132,42,0,42,174
08/14/2020,SYR,NY,AEA,EN,Combined TRACON& Tower with Radar,46,18,17,0,81,0,3,30,0,33,46,21,47,0,114,30,0,30,144
08/15/2020,SYR,NY,AEA,EN,Combined TRACON& Tower with Radar,31,11,12,0,54,0,0,27,0,27,31,11,39,0,81,0,0,0,81
08/16/2020,SYR,NY,AEA,EN,Combined TRACON& Tower with Radar,41,13,12,0,66,0,1,20,0,21,41,14,32,0,87,0,0,0,87
08/17/2020,SYR,NY,AEA,EN,Combined TRACON& Tower with Radar,43,13,17,10,83,0,0,12,0,12,43,13,29,10,95,18,0,18,113
08/18/2020,SYR,NY,AEA,EN,Combined TRACON& Tower with Radar,39,16,20,10,85,0,2,26,0,28,39,18,46,10,113,18,2,20,133
08/19/2020,SYR,NY,AEA,EN,Combined TRACON& Tower with Radar,40,14,17,10,81,0,0,56,9,65,40,14,73,19,146,16,10,26,172
08/20/2020,SYR,NY,AEA,EN,Combined TRACON& Tower with Radar,53,19,9,6,87,0,0,35,5,40,53,19,44,11,127,0,0,0,127
08/21/2020,SYR,NY,AEA,EN,Combined TRACON& Tower with Radar,42,23,14,0,79,0,1,31,4,36,42,24,45,4,115,0,0,0,115
08/22/2020,SYR,NY,AEA,EN,Combined TRACON& Tower with Radar,30,13,7,0,50,0,1,17,0,18,30,14,24,0,68,0,0,0,68
08/23/2020,SYR,NY,AEA,EN,Combined TRACON& Tower with Radar,35,14,13,0,62,0,0,26,2,28,35,14,39,2,90,10,0,10,100
08/24/2020,SYR,NY,AEA,EN,Combined TRACON& Tower with Radar,39,18,15,6,78,0,0,14,6,20,39,18,29,12,98,10,10,20,118
08/25/2020,SYR,NY,AEA,EN,Combined TRACON& Tower with Radar,37,12,10,8,67,0,0,17,0,17,37,12,27,8,84,28,0,28,112
08/26/2020,SYR,NY,AEA,EN,Combined TRACON& Tower with Radar,37,18,18,8,81,0,1,30,1,32,37,19,48,9,113,30,0,30,143
08/27/2020,SYR,NY,AEA,EN,Combined TRACON& Tower with Radar,52,18,12,0,82,0,0,1,0,1,52,18,13,0,83,6,12,18,101
08/28/2020,SYR,NY,AEA,EN,Combined TRACON& Tower with Radar,41,21,10,2,74,0,0,22,0,22,41,21,32,2,96,16,0,16,112
08/29/2020,SYR,NY,AEA,EN,Combined TRACON& Tower with Radar,27,14,11,0,52,0,0,1,0,1,27,14,12,0,53,0,0,0,53
08/30/2020,SYR,NY,AEA,EN,Combined TRACON& Tower with Radar,37,19,14,2,72,0,0,18,0,18,37,19,32,2,90,0,0,0,90
08/31/2020,SYR,NY,AEA,EN,Combined TRACON& Tower with Radar,40,21,18,17,96,0,0,51,15,66,40,21,69,32,162,14,32,46,208
09/01/2020,SYR,NY,AEA,EN,Combined TRACON& Tower with Radar,44,17,19,6,86,0,2,22,2,26,44,19,41,8,112,12,2,14,126
09/02/2020,SYR,NY,AEA,EN,Combined TRACON& Tower with Radar,42,12,12,0,66,0,0,8,0,8,42,12,20,0,74,4,0,4,78
09/03/2020,SYR,NY,AEA,EN,Combined TRACON& Tower with Radar,52,15,16,5,88,0,0,44,7,51,52,15,60,12,139,18,12,30,169
09/04/2020,SYR,NY,AEA,EN,Combined TRACON& Tower with Radar,45,20,5,0,70,0,1,41,0,42,45,21,46,0,112,2,0,2,114
09/05/2020,SYR,NY,AEA,EN,Combined TRACON& Tower with Radar,24,13,6,0,43,0,0,27,0,27,24,13,33,0,70,31,0,31,101
09/06/2020,SYR,NY,AEA,EN,Combined TRACON& Tower with Radar,24,14,7,0,45,0,0,43,0,43,24,14,50,0,88,30,0,30,118
09/07/2020,SYR,NY,AEA,EN,Combined TRACON& Tower with Radar,33,12,8,0,53,0,1,8,0,9,33,13,16,0,62,6,0,6,68
09/08/2020,SYR,NY,AEA,EN,Combined TRACON& Tower with Radar,29,15,19,14,77,0,0,34,7,41,29,15,53,21,118,28,8,36,154
09/09/2020,SYR,NY,AEA,EN,Combined TRACON& Tower with Radar,46,22,15,6,89,0,2,30,4,36,46,24,45,10,125,8,0,8,133
09/10/2020,SYR,NY,AEA,EN,Combined TRACON& Tower with Radar,50,16,25,8,99,0,0,14,2,16,50,16,39,10,115,10,0,10,125
09/11/2020,SYR,NY,AEA,EN,Combined TRACON& Tower with Radar,45,15,19,0,79,0,2,15,0,17,45,17,34,0,96,0,0,0,96
09/12/2020,SYR,NY,AEA,EN,Combined TRACON& Tower with Radar,28,20,13,3,64,0,1,47,39,87,28,21,60,42,151,25,66,91,242
09/13/2020,SYR,NY,AEA,EN,Combined TRACON& Tower with Radar,31,16,10,0,57,0,0,8,1,9,31,16,18,1,66,22,0,22,88
09/14/2020,SYR,NY,AEA,EN,Combined TRACON& Tower with Radar,41,21,11,8,81,0,0,24,5,29,41,21,35,13,110,0,12,12,122
09/15/2020,SYR,NY,AEA,EN,Combined TRACON& Tower with Radar,40,23,20,8,91,0,1,32,2,35,40,24,52,10,126,44,0,44,170
09/16/2020,SYR,NY,AEA,EN,Combined TRACON& Tower with Radar,44,18,13,10,85,0,2,42,0,44,44,20,55,10,129,88,14,102,231
09/17/2020,SYR,NY,AEA,EN,Combined TRACON& Tower with Radar,50,18,15,6,89,0,1,22,9,32,50,19,37,15,121,10,10,20,141
09/18/2020,SYR,NY,AEA,EN,Combined TRACON& Tower with Radar,45,22,17,1,85,0,0,25,3,28,45,22,42,4,113,24,0,24,137
09/19/2020,SYR,NY,AEA,EN,Combined TRACON& Tower with Radar,27,18,5,3,53,0,0,35,3,38,27,18,40,6,91,19,0,19,110
09/20/2020,SYR,NY,AEA,EN,Combined TRACON& Tower with Radar,31,17,11,1,60,0,1,46,5,52,31,18,57,6,112,22,10,32,144
09/21/2020,SYR,NY,AEA,EN,Combined TRACON& Tower with Radar,41,14,12,26,93,0,0,46,11,57,41,14,58,37,150,14,38,52,202
09/22/2020,SYR,NY,AEA,EN,Combined TRACON& Tower with Radar,40,12,17,12,81,0,0,38,10,48,40,12,55,22,129,0,32,32,161
09/23/2020,SYR,NY,AEA,EN,Combined TRACON& Tower with Radar,46,14,20,4,84,0,0,27,0,27,46,14,47,4,111,28,0,28,139
09/24/2020,SYR,NY,AEA,EN,Combined TRACON& Tower with Radar,48,18,16,22,104,0,0,35,26,61,48,18,51,48,165,10,60,70,235
09/25/2020,SYR,NY,AEA,EN,Combined TRACON& Tower with Radar,44,18,13,16,91,0,0,42,2,44,44,18,55,18,135,16,10,26,161
09/26/2020,SYR,NY,AEA,EN,Combined TRACON& Tower with Radar,28,13,11,14,66,0,0,29,18,47,28,13,40,32,113,28,14,42,155
09/27/2020,SYR,NY,AEA,EN,Combined TRACON& Tower with Radar,31,13,16,0,60,0,0,23,0,23,31,13,39,0,83,30,0,30,113
09/28/2020,SYR,NY,AEA,EN,Combined TRACON& Tower with Radar,41,14,10,14,79,0,0,33,12,45,41,14,43,26,124,10,26,36,160
09/29/2020,SYR,NY,AEA,EN,Combined TRACON& Tower with Radar,40,21,18,0,79,0,0,5,0,5,40,21,23,0,84,0,0,0,84
09/30/2020,SYR,NY,AEA,EN,Combined TRACON& Tower with Radar,45,19,14,6,84,0,0,14,2,16,45,19,28,8,100,4,0,4,104
10/01/2020,SYR,NY,AEA,EN,Combined TRACON& Tower with Radar,49,20,17,4,90,0,0,21,5,26,49,20,38,9,116,0,0,0,116
10/02/2020,SYR,NY,AEA,EN,Combined TRACON& Tower with Radar,50,30,15,0,95,0,0,27,3,30,50,30,42,3,125,8,0,8,133
10/03/2020,SYR,NY,AEA,EN,Combined TRACON& Tower with Radar,31,16,6,0,53,0,1,21,0,22,31,17,27,0,75,68,0,68,143
10/04/2020,SYR,NY,AEA,EN,Combined TRACON& Tower with Radar,40,19,10,0,69,0,0,35,0,35,40,19,45,0,104,0,0,0,104
10/05/2020,SYR,NY,AEA,EN,Combined TRACON& Tower with Radar,46,20,12,4,82,0,1,10,2,13,46,21,22,6,95,0,0,0,95
10/06/2020,SYR,NY,AEA,EN,Combined TRACON& Tower with Radar,44,13,12,17,86,0,0,22,9,31,44,13,34,26,117,0,0,0,117
10/07/2020,SYR,NY,AEA,EN,Combined TRACON& Tower with Radar,48,13,11,11,83,0,0,6,5,11,48,13,17,16,94,2,5,7,101
10/08/2020,SYR,NY,AEA,EN,Combined TRACON& Tower with Radar,56,16,12,10,94,0,0,21,4,25,56,16,33,14,119,0,0,0,119
10/09/2020,SYR,NY,AEA,EN,Combined TRACON& Tower with Radar,53,15,21,0,89,0,3,44,0,47,53,18,65,0,136,12,0,12,148
10/10/2020,SYR,NY,AEA,EN,Combined TRACON& Tower with Radar,36,9,7,0,52,0,0,5,0,5,36,9,12,0,57,0,0,0,57
10/11/2020,SYR,NY,AEA,EN,Combined TRACON& Tower with Radar,43,10,19,0,72,0,0,34,0,34,43,10,53,0,106,34,0,34,140
10/12/2020,SYR,NY,AEA,EN,Combined TRACON& Tower with Radar,47,15,12,0,74,0,0,18,0,18,47,15,30,0,92,12,0,12,104
10/13/2020,SYR,NY,AEA,EN,Combined TRACON& Tower with Radar,46,14,27,6,93,0,0,9,0,9,46,14,36,6,102,18,0,18,120
10/14/2020,SYR,NY,AEA,EN,Combined TRACON& Tower with Radar,52,15,19,26,112,0,0,48,6,54,52,15,67,32,166,0,0,0,166
10/15/2020,SYR,NY,AEA,EN,Combined TRACON& Tower with Radar,62,22,6,8,98,0,3,19,0,22,62,25,25,8,120,0,0,0,120
10/16/2020,SYR,NY,AEA,EN,Combined TRACON& Tower with Radar,52,15,25,8,100,0,0,16,3,19,52,15,41,11,119,36,0,36,155
10/17/2020,SYR,NY,AEA,EN,Combined TRACON& Tower with Radar,36,14,9,0,59,0,0,49,4,53,36,14,58,4,112,34,0,34,146
10/18/2020,SYR,NY,AEA,EN,Combined TRACON& Tower with Radar,44,15,8,6,73,0,0,18,60,78,44,15,26,66,151,18,89,107,258
10/19/2020,SYR,NY,AEA,EN,Combined TRACON& Tower with Radar,46,17,5,0,68,0,0,2,0,2,46,17,7,0,70,0,0,0,70
10/20/2020,SYR,NY,AEA,EN,Combined TRACON& Tower with Radar,42,15,35,24,116,0,0,8,0,8,42,15,43,24,124,0,0,0,124
10/21/2020,SYR,NY,AEA,EN,Combined TRACON& Tower with Radar,47,12,9,2,70,0,1,11,0,12,47,13,20,2,82,0,0,0,82
10/22/2020,SYR,NY,AEA,EN,Combined TRACON& Tower with Radar,55,22,31,12,120,0,0,11,6,17,55,22,42,18,137,16,0,16,153
10/23/2020,SYR,NY,AEA,EN,Combined TRACON& Tower with Radar,52,21,16,0,89,0,0,30,2,32,52,21,46,2,121,0,0,0,121
10/24/2020,SYR,NY,AEA,EN,Combined TRACON& Tower with Radar,36,10,19,0,65,0,0,11,0,11,36,10,30,0,76,0,0,0,76
10/25/2020,SYR,NY,AEA,EN,Combined TRACON& Tower with Radar,42,10,13,2,67,0,0,33,2,35,42,10,46,4,102,25,0,25,127
10/26/2020,SYR,NY,AEA,EN,Combined TRACON& Tower with Radar,46,16,8,0,70,0,0,0,0,0,46,16,8,0,70,0,0,0,70
10/27/2020,SYR,NY,AEA,EN,Combined TRACON& Tower with Radar,42,16,17,8,83,0,1,5,0,6,42,17,22,8,89,18,0,18,107
10/28/2020,SYR,NY,AEA,EN,Combined TRACON& Tower with Radar,48,17,21,12,98,0,0,11,8,19,48,17,32,20,117,50,0,50,167
10/29/2020,SYR,NY,AEA,EN,Combined TRACON& Tower with Radar,56,12,20,7,95,0,0,14,7,21,56,12,34,14,116,10,20,30,146
10/30/2020,SYR,NY,AEA,EN,Combined TRACON& Tower with Radar,50,24,13,2,89,0,0,21,2,23,50,24,34,4,112,0,0,0,112
10/31/2020,SYR,NY,AEA,EN,Combined TRACON& Tower with Radar,29,10,17,0,56,16,1,34,0,51,45,11,51,0,107,0,0,0,107
11/01/2020,SYR,NY,AEA,EN,Combined TRACON& Tower with Radar,40,10,2,0,52,0,0,7,0,7,40,10,9,0,59,0,0,0,59
11/02/2020,SYR,NY,AEA,EN,Combined TRACON& Tower with Radar,47,14,13,0,74,0,0,0,43,43,47,14,13,43,117,0,0,0,117
11/03/2020,SYR,NY,AEA,EN,Combined TRACON& Tower with Radar,38,13,9,7,67,0,0,33,2,35,38,13,42,9,102,30,0,30,132
11/04/2020,SYR,NY,AEA,EN,Combined TRACON& Tower with Radar,43,18,10,10,81,0,0,35,2,37,43,18,45,12,118,8,0,8,126
11/05/2020,SYR,NY,AEA,EN,Combined TRACON& Tower with Radar,53,14,14,8,89,0,1,29,3,33,53,15,43,11,122,14,0,14,136
11/06/2020,SYR,NY,AEA,EN,Combined TRACON& Tower with Radar,49,19,24,0,92,0,0,37,3,40,49,19,61,3,132,10,0,10,142
11/07/2020,SYR,NY,AEA,EN,Combined TRACON& Tower with Radar,34,12,13,10,69,0,0,41,3,44,34,12,54,13,113,20,2,22,135
11/08/2020,SYR,NY,AEA,EN,Combined TRACON& Tower with Radar,40,13,7,10,70,0,4,45,0,49,40,17,52,10,119,19,2,21,140
11/09/2020,SYR,NY,AEA,EN,Combined TRACON& Tower with Radar,43,17,12,16,88,0,0,44,20,64,43,17,56,36,152,26,30,56,208
11/10/2020,SYR,NY,AEA,EN,Combined TRACON& Tower with Radar,38,13,25,9,85,0,0,39,1,40,38,13,64,10,125,30,0,30,155
11/11/2020,SYR,NY,AEA,EN,Combined TRACON& Tower with Radar,40,13,7,0,60,0,0,4,0,4,40,13,11,0,64,0,0,0,64
11/12/2020,SYR,NY,AEA,EN,Combined TRACON& Tower with Radar,51,19,13,16,99,0,0,31,8,39,51,19,44,24,138,3,0,3,141
11/13/2020,SYR,NY,AEA,EN,Combined TRACON& Tower with Radar,49,14,12,12,87,0,0,24,0,24,49,14,36,12,111,0,0,0,111
11/14/2020,SYR,NY,AEA,EN,Combined TRACON& Tower with Radar,30,12,19,0,61,0,2,27,4,33,30,14,46,4,94,33,0,33,127
11/15/2020,SYR,NY,AEA,EN,Combined TRACON& Tower with Radar,43,15,5,0,63,0,0,1,0,1,43,15,6,0,64,0,0,0,64
11/16/2020,SYR,NY,AEA,EN,Combined TRACON& Tower with Radar,45,15,13,11,84,0,0,16,1,17,45,15,29,12,101,0,0,0,101
11/17/2020,SYR,NY,AEA,EN,Combined TRACON& Tower with Radar,38,15,15,8,76,0,0,1,0,1,38,15,16,8,77,0,0,0,77
11/18/2020,SYR,NY,AEA,EN,Combined TRACON& Tower with Radar,39,22,10,12,83,0,0,10,2,12,39,22,20,14,95,10,0,10,105
11/19/2020,SYR,NY,AEA,EN,Combined TRACON& Tower with Radar,59,16,7,9,91,0,0,17,3,20,59,16,24,12,111,0,0,0,111
11/20/2020,SYR,NY,AEA,EN,Combined TRACON& Tower with Radar,47,23,25,2,97,0,0,32,2,34,47,23,57,4,131,28,0,28,159
11/21/2020,SYR,NY,AEA,EN,Combined TRACON& Tower with Radar,43,13,19,0,75,0,0,25,0,25,43,13,44,0,100,14,0,14,114
11/22/2020,SYR,NY,AEA,EN,Combined TRACON& Tower with Radar,50,14,8,1,73,0,0,6,1,7,50,14,14,2,80,0,0,0,80
11/23/2020,SYR,NY,AEA,EN,Combined TRACON& Tower with Radar,39,11,4,6,60,0,0,0,0,0,39,11,4,6,60,0,0,0,60
11/24/2020,SYR,NY,AEA,EN,Combined TRACON& Tower with Radar,61,17,8,12,98,0,0,15,0,15,61,17,23,12,113,8,2,10,123
11/25/2020,SYR,NY,AEA,EN,Combined TRACON& Tower with Radar,51,17,12,9,89,0,0,23,3,26,51,17,35,12,115,14,8,22,137
11/26/2020,SYR,NY,AEA,EN,Combined TRACON& Tower with Radar,17,6,7,0,30,0,0,1,0,1,17,6,8,0,31,0,0,0,31
11/27/2020,SYR,NY,AEA,EN,Combined TRACON& Tower with Radar,43,22,9,0,74,0,0,12,0,12,43,22,21,0,86,18,0,18,104
11/28/2020,SYR,NY,AEA,EN,Combined TRACON& Tower with Radar,46,15,6,0,67,0,0,19,0,19,46,15,25,0,86,0,0,0,86
11/29/2020,SYR,NY,AEA,EN,Combined TRACON& Tower with Radar,47,19,13,0,79,0,2,43,0,45,47,21,56,0,124,7,0,7,131
11/30/2020,SYR,NY,AEA,EN,Combined TRACON& Tower with Radar,57,26,10,4,97,0,0,1,0,1,57,26,11,4,98,0,0,0,98
12/01/2020,SYR,NY,AEA,EN,Combined TRACON& Tower with Radar,46,13,8,2,69,0,0,3,0,3,46,13,11,2,72,14,0,14,86
12/02/2020,SYR,NY,AEA,EN,Combined TRACON& Tower with Radar,43,13,5,6,67,0,0,2,1,3,43,13,7,7,70,0,0,0,70
12/03/2020,SYR,NY,AEA,EN,Combined TRACON& Tower with Radar,51,20,6,14,91,0,0,49,4,53,51,20,55,18,144,12,2,14,158
12/04/2020,SYR,NY,AEA,EN,Combined TRACON& Tower with Radar,39,20,10,2,71,0,0,17,0,17,39,20,27,2,88,0,0,0,88
12/05/2020,SYR,NY,AEA,EN,Combined TRACON& Tower with Radar,33,14,2,4,53,0,0,9,0,9,33,14,11,4,62,0,0,0,62
12/06/2020,SYR,NY,AEA,EN,Combined TRACON& Tower with Radar,39,15,8,2,64,0,0,2,0,2,39,15,10,2,66,0,0,0,66
12/07/2020,SYR,NY,AEA,EN,Combined TRACON& Tower with Radar,36,15,11,6,68,0,0,15,0,15,36,15,26,6,83,10,0,10,93
12/08/2020,SYR,NY,AEA,EN,Combined TRACON& Tower with Radar,39,13,14,8,74,0,0,30,8,38,39,13,44,16,112,8,0,8,120
12/09/2020,SYR,NY,AEA,EN,Combined TRACON& Tower with Radar,39,20,12,0,71,0,0,0,0,0,39,20,12,0,71,0,0,0,71
12/10/2020,SYR,NY,AEA,EN,Combined TRACON& Tower with Radar,49,20,9,20,98,0,2,16,0,18,49,22,25,20,116,0,0,0,116
12/11/2020,SYR,NY,AEA,EN,Combined TRACON& Tower with Radar,39,20,16,4,79,0,2,28,0,30,39,22,44,4,109,0,0,0,109
12/12/2020,SYR,NY,AEA,EN,Combined TRACON& Tower with Radar,32,14,8,0,54,0,0,21,0,21,32,14,29,0,75,19,0,19,94
12/13/2020,SYR,NY,AEA,EN,Combined TRACON& Tower with Radar,34,22,15,0,71,0,0,5,0,5,34,22,20,0,76,0,0,0,76
12/14/2020,SYR,NY,AEA,EN,Combined TRACON& Tower with Radar,38,27,4,15,84,0,0,2,5,7,38,27,6,20,91,12,24,36,127
12/15/2020,SYR,NY,AEA,EN,Combined TRACON& Tower with Radar,41,14,11,10,76,0,1,12,6,19,41,15,23,16,95,8,0,8,103
12/16/2020,SYR,NY,AEA,EN,Combined TRACON& Tower with Radar,38,15,7,8,68,0,0,16,16,32,38,15,23,24,100,12,16,28,128
12/17/2020,SYR,NY,AEA,EN,Combined TRACON& Tower with Radar,50,19,12,6,87,0,0,14,12,26,50,19,26,18,113,15,12,27,140
12/18/2020,SYR,NY,AEA,EN,Combined TRACON& Tower with Radar,53,22,27,2,104,0,1,23,4,28,53,23,50,6,132,0,0,0,132
12/19/2020,SYR,NY,AEA,EN,Combined TRACON& Tower with Radar,54,19,13,0,86,0,1,28,0,29,54,20,41,0,115,5,0,5,120
12/20/2020,SYR,NY,AEA,EN,Combined TRACON& Tower with Radar,48,13,8,0,69,0,0,3,0,3,48,13,11,0,72,0,0,0,72
12/21/2020,SYR,NY,AEA,EN,Combined TRACON& Tower with Radar,53,18,14,10,95,0,0,21,4,25,53,18,35,14,120,20,0,20,140
12/22/2020,SYR,NY,AEA,EN,Combined TRACON& Tower with Radar,61,17,4,8,90,0,0,4,20,24,61,17,8,28,114,0,32,32,146
12/23/2020,SYR,NY,AEA,EN,Combined TRACON& Tower with Radar,66,16,12,0,94,0,0,56,0,56,66,16,68,0,150,0,0,0,150
12/24/2020,SYR,NY,AEA,EN,Combined TRACON& Tower with Radar,46,20,1,0,67,0,0,0,0,0,46,20,1,0,67,0,0,0,67
12/25/2020,SYR,NY,AEA,EN,Combined TRACON& Tower with Radar,21,6,0,0,27,0,0,0,0,0,21,6,0,0,27,0,0,0,27
12/26/2020,SYR,NY,AEA,EN,Combined TRACON& Tower with Radar,42,23,11,0,76,0,0,9,0,9,42,23,20,0,85,0,0,0,85
12/27/2020,SYR,NY,AEA,EN,Combined TRACON& Tower with Radar,44,19,23,0,86,0,0,23,0,23,44,19,46,0,109,0,0,0,109
12/28/2020,SYR,NY,AEA,EN,Combined TRACON& Tower with Radar,48,20,5,4,77,0,0,5,0,5,48,20,10,4,82,0,0,0,82
12/29/2020,SYR,NY,AEA,EN,Combined TRACON& Tower with Radar,57,14,13,11,95,0,0,8,1,9,57,14,21,12,104,12,12,24,128
12/30/2020,SYR,NY,AEA,EN,Combined TRACON& Tower with Radar,57,20,8,0,85,0,0,8,17,25,57,20,16,17,110,0,24,24,134
12/31/2020,SYR,NY,AEA,EN,Combined TRACON& Tower with Radar,47,19,14,0,80,0,0,18,2,20,47,19,32,2,100,5,0,5,105
01/01/2021,SYR,NY,AEA,EN,Combined TRACON& Tower with Radar,28,11,6,0,45,0,0,20,0,20,28,11,26,0,65,15,0,15,80
01/02/2021,SYR,NY,AEA,EN,Combined TRACON& Tower with Radar,41,20,5,0,66,0,0,4,0,4,41,20,9,0,70,0,0,0,70
01/03/2021,SYR,NY,AEA,EN,Combined TRACON& Tower with Radar,46,16,6,0,68,0,0,6,0,6,46,16,12,0,74,0,0,0,74
01/04/2021,SYR,NY,AEA,EN,Combined TRACON& Tower with Radar,43,16,12,0,71,0,0,1,0,1,43,16,13,0,72,0,0,0,72
01/05/2021,SYR,NY,AEA,EN,Combined TRACON& Tower with Radar,42,11,6,1,60,0,0,0,0,0,42,11,6,1,60,0,0,0,60
01/06/2021,SYR,NY,AEA,EN,Combined TRACON& Tower with Radar,39,19,6,10,74,0,0,0,0,0,39,19,6,10,74,12,0,12,86
01/07/2021,SYR,NY,AEA,EN,Combined TRACON& Tower with Radar,51,28,16,6,101,0,0,6,0,6,51,28,22,6,107,38,0,38,145
01/08/2021,SYR,NY,AEA,EN,Combined TRACON& Tower with Radar,41,23,6,0,70,0,0,7,0,7,41,23,13,0,77,4,0,4,81
01/09/2021,SYR,NY,AEA,EN,Combined TRACON& Tower with Radar,23,18,11,9,61,0,0,29,15,44,23,18,40,24,105,29,34,63,168
01/10/2021,SYR,NY,AEA,EN,Combined TRACON& Tower with Radar,37,23,13,4,77,0,0,20,0,20,37,23,33,4,97,28,0,28,125
01/11/2021,SYR,NY,AEA,EN,Combined TRACON& Tower with Radar,35,21,11,2,69,0,0,13,0,13,35,21,24,2,82,13,0,13,95
01/12/2021,SYR,NY,AEA,EN,Combined TRACON& Tower with Radar,34,17,11,4,66,0,0,2,2,4,34,17,13,6,70,0,0,0,70
01/13/2021,SYR,NY,AEA,EN,Combined TRACON& Tower with Radar,38,9,17,10,74,0,0,17,3,20,38,9,34,13,94,14,18,32,126
01/14/2021,SYR,NY,AEA,EN,Combined TRACON& Tower with Radar,51,22,10,12,95,0,0,37,0,37,51,22,47,12,132,26,0,26,158
01/15/2021,SYR,NY,AEA,EN,Combined TRACON& Tower with Radar,40,24,10,0,74,0,0,20,0,20,40,24,30,0,94,4,0,4,98
01/16/2021,SYR,NY,AEA,EN,Combined TRACON& Tower with Radar,25,12,2,0,39,0,0,2,0,2,25,12,4,0,41,0,0,0,41
01/17/2021,SYR,NY,AEA,EN,Combined TRACON& Tower with Radar,34,14,4,0,52,0,0,0,0,0,34,14,4,0,52,0,0,0,52
01/18/2021,SYR,NY,AEA,EN,Combined TRACON& Tower with Radar,37,17,7,0,61,0,0,3,0,3,37,17,10,0,64,4,0,4,68
01/19/2021,SYR,NY,AEA,EN,Combined TRACON& Tower with Radar,37,14,19,8,78,0,0,1,1,2,37,14,20,9,80,0,4,4,84
01/20/2021,SYR,NY,AEA,EN,Combined TRACON& Tower with Radar,39,15,5,6,65,0,0,2,1,3,39,15,7,7,68,0,0,0,68
01/21/2021,SYR,NY,AEA,EN,Combined TRACON& Tower with Radar,53,17,21,3,94,0,0,16,3,19,53,17,37,6,113,6,6,12,125
01/22/2021,SYR,NY,AEA,EN,Combined TRACON& Tower with Radar,40,21,7,0,68,0,0,2,0,2,40,21,9,0,70,0,0,0,70
01/23/2021,SYR,NY,AEA,EN,Combined TRACON& Tower with Radar,24,13,10,0,47,0,0,2,0,2,24,13,12,0,49,0,0,0,49
01/24/2021,SYR,NY,AEA,EN,Combined TRACON& Tower with Radar,39,21,16,2,78,0,0,27,0,27,39,21,43,2,105,32,0,32,137
01/25/2021,SYR,NY,AEA,EN,Combined TRACON& Tower with Radar,32,23,12,18,85,0,0,44,7,51,32,23,56,25,136,14,12,26,162
01/26/2021,SYR,NY,AEA,EN,Combined TRACON& Tower with Radar,37,13,7,0,57,0,0,0,5,5,37,13,7,5,62,0,8,8,70
01/27/2021,SYR,NY,AEA,EN,Combined TRACON& Tower with Radar,36,27,8,7,78,0,0,7,1,8,36,27,15,8,86,14,0,14,100
01/28/2021,SYR,NY,AEA,EN,Combined TRACON& Tower with Radar,47,27,14,15,103,0,0,5,3,8,47,27,19,18,111,0,0,0,111
01/29/2021,SYR,NY,AEA,EN,Combined TRACON& Tower with Radar,42,24,2,1,69,0,0,4,1,5,42,24,6,2,74,0,0,0,74
01/30/2021,SYR,NY,AEA,EN,Combined TRACON& Tower with Radar,25,20,16,0,61,0,1,6,0,7,25,21,22,0,68,0,0,0,68
01/31/2021,SYR,NY,AEA,EN,Combined TRACON& Tower with Radar,39,21,18,0,78,0,0,27,10,37,39,21,45,10,115,50,0,50,165
02/01/2021,SYR,NY,AEA,EN,Combined TRACON& Tower with Radar,35,16,3,10,64,0,0,8,5,13,35,16,11,15,77,0,14,14,91
02/02/2021,SYR,NY,AEA,EN,Combined TRACON& Tower with Radar,37,13,3,0,53,0,0,0,0,0,37,13,3,0,53,0,0,0,53
02/03/2021,SYR,NY,AEA,EN,Combined TRACON& Tower with Radar,41,12,8,6,67,0,0,4,0,4,41,12,12,6,71,0,0,0,71
02/04/2021,SYR,NY,AEA,EN,Combined TRACON& Tower with Radar,55,18,25,6,104,0,0,62,4,66,55,18,87,10,170,38,0,38,208
02/05/2021,SYR,NY,AEA,EN,Combined TRACON& Tower with Radar,42,27,3,0,72,0,0,1,0,1,42,27,4,0,73,0,0,0,73
02/06/2021,SYR,NY,AEA,EN,Combined TRACON& Tower with Radar,28,21,7,6,62,0,0,8,43,51,28,21,15,49,113,0,66,66,179
02/07/2021,SYR,NY,AEA,EN,Combined TRACON& Tower with Radar,45,26,4,4,79,0,0,2,68,70,45,26,6,72,149,0,0,0,149
02/08/2021,SYR,NY,AEA,EN,Combined TRACON& Tower with Radar,35,28,31,27,121,0,0,46,3,49,35,28,77,30,170,16,20,36,206
02/09/2021,SYR,NY,AEA,EN,Combined TRACON& Tower with Radar,34,14,6,6,60,0,0,0,0,0,34,14,6,6,60,0,0,0,60
02/10/2021,SYR,NY,AEA,EN,Combined TRACON& Tower with Radar,43,19,13,17,92,0,0,7,154,161,43,19,20,171,253,0,41,41,294
02/11/2021,SYR,NY,AEA,EN,Combined TRACON& Tower with Radar,53,21,16,0,90,0,0,7,0,7,53,21,23,0,97,10,0,10,107
02/12/2021,SYR,NY,AEA,EN,Combined TRACON& Tower with Radar,55,29,16,0,100,0,0,30,0,30,55,29,46,0,130,8,0,8,138
02/13/2021,SYR,NY,AEA,EN,Combined TRACON& Tower with Radar,43,25,8,0,76,0,0,25,0,25,43,25,33,0,101,8,0,8,109
02/14/2021,SYR,NY,AEA,EN,Combined TRACON& Tower with Radar,38,19,7,0,64,0,0,2,0,2,38,19,9,0,66,0,0,0,66
02/15/2021,SYR,NY,AEA,EN,Combined TRACON& Tower with Radar,34,26,5,0,65,0,0,1,0,1,34,26,6,0,66,0,0,0,66
02/16/2021,SYR,NY,AEA,EN,Combined TRACON& Tower with Radar,44,20,2,0,66,0,0,0,0,0,44,20,2,0,66,0,0,0,66
02/17/2021,SYR,NY,AEA,EN,Combined TRACON& Tower with Radar,44,25,21,12,102,0,21,38,64,123,44,46,59,76,225,0,124,124,349
02/18/2021,SYR,NY,AEA,EN,Combined TRACON& Tower with Radar,50,14,10,8,82,0,0,10,43,53,50,14,20,51,135,0,64,64,199
02/19/2021,SYR,NY,AEA,EN,Combined TRACON& Tower with Radar,45,21,1,14,81,0,0,3,0,3,45,21,4,14,84,12,0,12,96
02/20/2021,SYR,NY,AEA,EN,Combined TRACON& Tower with Radar,42,19,7,0,68,0,0,0,0,0,42,19,7,0,68,0,0,0,68
02/21/2021,SYR,NY,AEA,EN,Combined TRACON& Tower with Radar,45,21,18,0,84,0,1,24,0,25,45,22,42,0,109,0,0,0,109
02/22/2021,SYR,NY,AEA,EN,Combined TRACON& Tower with Radar,40,25,3,0,68,0,0,0,0,0,40,25,3,0,68,0,0,0,68
02/23/2021,SYR,NY,AEA,EN,Combined TRACON& Tower with Radar,44,19,12,6,81,0,0,2,20,22,44,19,14,26,103,0,22,22,125
02/24/2021,SYR,NY,AEA,EN,Combined TRACON& Tower with Radar,41,16,17,12,86,0,0,9,2,11,41,16,26,14,97,0,3,3,100
02/25/2021,SYR,NY,AEA,EN,Combined TRACON& Tower with Radar,52,23,13,25,113,0,0,15,57,72,52,23,28,82,185,14,86,100,285
02/26/2021,SYR,NY,AEA,EN,Combined TRACON& Tower with Radar,44,22,15,0,81,0,1,33,2,36,44,23,48,2,117,20,0,20,137
02/27/2021,SYR,NY,AEA,EN,Combined TRACON& Tower with Radar,35,19,8,0,62,0,0,4,0,4,35,19,12,0,66,0,0,0,66
02/28/2021,SYR,NY,AEA,EN,Combined TRACON& Tower with Radar,39,19,9,2,69,0,0,10,0,10,39,19,19,2,79,0,0,0,79
03/01/2021,SYR,NY,AEA,EN,Combined TRACON& Tower with Radar,44,34,9,6,93,0,0,2,44,46,44,34,11,50,139,0,41,41,180
03/02/2021,SYR,NY,AEA,EN,Combined TRACON& Tower with Radar,44,23,9,8,84,0,1,29,49,79,44,24,38,57,163,0,52,52,215
03/03/2021,SYR,NY,AEA,EN,Combined TRACON& Tower with Radar,45,21,22,13,101,0,0,8,29,37,45,21,30,42,138,2,36,38,176
03/04/2021,SYR,NY,AEA,EN,Combined TRACON& Tower with Radar,53,27,8,6,94,0,3,12,62,77,53,30,20,68,171,0,46,46,217
03/05/2021,SYR,NY,AEA,EN,Combined TRACON& Tower with Radar,48,28,10,0,86,0,0,4,2,6,48,28,14,2,92,0,0,0,92
03/06/2021,SYR,NY,AEA,EN,Combined TRACON& Tower with Radar,41,17,5,7,70,0,0,5,22,27,41,17,10,29,97,4,22,26,123
03/07/2021,SYR,NY,AEA,EN,Combined TRACON& Tower with Radar,46,30,2,8,86,0,0,36,0,36,46,30,38,8,122,48,22,70,192
03/08/2021,SYR,NY,AEA,EN,Combined TRACON& Tower with Radar,46,30,8,18,102,0,0,26,56,82,46,30,34,74,184,18,108,126,310
03/09/2021,SYR,NY,AEA,EN,Combined TRACON& Tower with Radar,48,17,10,11,86,0,2,40,83,125,48,19,50,94,211,20,18,38,249
03/10/2021,SYR,NY,AEA,EN,Combined TRACON& Tower with Radar,53,17,11,10,91,0,1,27,16,44,53,18,38,26,135,0,26,26,161
03/11/2021,SYR,NY,AEA,EN,Combined TRACON& Tower with Radar,62,31,12,7,112,0,0,10,7,17,62,31,22,14,129,2,6,8,137
03/12/2021,SYR,NY,AEA,EN,Combined TRACON& Tower with Radar,50,38,11,0,99,0,0,11,0,11,50,38,22,0,110,0,0,0,110
03/13/2021,SYR,NY,AEA,EN,Combined TRACON& Tower with Radar,43,19,14,0,76,0,0,43,6,49,43,19,57,6,125,12,0,12,137
03/14/2021,SYR,NY,AEA,EN,Combined TRACON& Tower with Radar,45,30,4,0,79,0,0,2,0,2,45,30,6,0,81,0,0,0,81
03/15/2021,SYR,NY,AEA,EN,Combined TRACON& Tower with Radar,46,27,17,11,101,0,0,32,15,47,46,27,49,26,148,4,18,22,170
03/16/2021,SYR,NY,AEA,EN,Combined TRACON& Tower with Radar,55,17,10,5,87,0,0,31,39,70,55,17,41,44,157,44,54,98,255
03/17/2021,SYR,NY,AEA,EN,Combined TRACON& Tower with Radar,50,21,21,9,101,0,0,25,16,41,50,21,46,25,142,34,24,58,200
03/18/2021,SYR,NY,AEA,EN,Combined TRACON& Tower with Radar,58,27,13,2,100,0,0,2,2,4,58,27,15,4,104,0,0,0,104
03/19/2021,SYR,NY,AEA,EN,Combined TRACON& Tower with Radar,52,29,13,0,94,0,0,19,0,19,52,29,32,0,113,14,0,14,127
03/20/2021,SYR,NY,AEA,EN,Combined TRACON& Tower with Radar,43,17,20,0,80,0,0,41,0,41,43,17,61,0,121,0,0,0,121
03/21/2021,SYR,NY,AEA,EN,Combined TRACON& Tower with Radar,43,27,23,0,93,0,0,37,4,41,43,27,60,4,134,0,0,0,134
03/22/2021,SYR,NY,AEA,EN,Combined TRACON& Tower with Radar,45,28,11,12,96,0,1,41,34,76,45,29,52,46,172,44,50,94,266
03/23/2021,SYR,NY,AEA,EN,Combined TRACON& Tower with Radar,50,16,15,11,92,0,0,55,41,96,50,16,70,52,188,24,32,56,244
03/24/2021,SYR,NY,AEA,EN,Combined TRACON& Tower with Radar,56,20,18,10,104,0,0,6,3,9,56,20,24,13,113,0,0,0,113
03/25/2021,SYR,NY,AEA,EN,Combined TRACON& Tower with Radar,60,28,19,14,121,0,0,44,12,56,60,28,63,26,177,0,20,20,197
03/26/2021,SYR,NY,AEA,EN,Combined TRACON& Tower with Radar,52,33,5,2,92,0,0,1,2,3,52,33,6,4,95,0,0,0,95
03/27/2021,SYR,NY,AEA,EN,Combined TRACON& Tower with Radar,45,27,14,0,86,0,0,14,2,16,45,27,28,2,102,0,0,0,102
03/28/2021,SYR,NY,AEA,EN,Combined TRACON& Tower with Radar,49,29,11,0,89,0,0,2,0,2,49,29,13,0,91,0,0,0,91
03/29/2021,SYR,NY,AEA,EN,Combined TRACON& Tower with Radar,44,27,11,4,86,0,0,20,2,22,44,27,31,6,108,0,0,0,108
03/30/2021,SYR,NY,AEA,EN,Combined TRACON& Tower with Radar,47,20,16,4,87,0,1,22,0,23,47,21,38,4,110,0,0,0,110
03/31/2021,SYR,NY,AEA,EN,Combined TRACON& Tower with Radar,49,20,17,5,91,0,0,4,2,6,49,20,21,7,97,0,4,4,101
04/01/2021,SYR,NY,AEA,EN,Combined TRACON& Tower with Radar,58,33,11,6,108,0,0,3,0,3,58,33,14,6,111,0,0,0,111
04/02/2021,SYR,NY,AEA,EN,Combined TRACON& Tower with Radar,55,35,9,0,99,0,0,27,2,29,55,35,36,2,128,12,0,12,140
04/03/2021,SYR,NY,AEA,EN,Combined TRACON& Tower with Radar,38,32,13,0,83,0,1,70,2,73,38,33,83,2,156,0,0,0,156
04/04/2021,SYR,NY,AEA,EN,Combined TRACON& Tower with Radar,43,34,6,0,83,0,0,55,0,55,43,34,61,0,138,0,0,0,138
04/05/2021,SYR,NY,AEA,EN,Combined TRACON& Tower with Radar,43,27,22,11,103,0,2,36,1,39,43,29,58,12,142,20,4,24,166
04/06/2021,SYR,NY,AEA,EN,Combined TRACON& Tower with Radar,45,27,14,9,95,0,1,61,11,73,45,28,75,20,168,0,0,0,168
04/07/2021,SYR,NY,AEA,EN,Combined TRACON& Tower with Radar,46,27,14,10,97,0,1,57,0,58,46,28,71,10,155,2,0,2,157
04/08/2021,SYR,NY,AEA,EN,Combined TRACON& Tower with Radar,58,34,14,7,113,0,2,45,5,52,58,36,59,12,165,14,0,14,179
04/09/2021,SYR,NY,AEA,EN,Combined TRACON& Tower with Radar,50,32,5,0,87,0,0,10,0,10,50,32,15,0,97,0,0,0,97
04/10/2021,SYR,NY,AEA,EN,Combined TRACON& Tower with Radar,42,29,27,8,106,0,0,44,2,46,42,29,71,10,152,34,16,50,202
04/11/2021,SYR,NY,AEA,EN,Combined TRACON& Tower with Radar,42,36,24,2,104,0,0,25,46,71,42,36,49,48,175,12,71,83,258
04/12/2021,SYR,NY,AEA,EN,Combined TRACON& Tower with Radar,44,32,16,6,98,0,0,4,0,4,44,32,20,6,102,0,0,0,102
04/13/2021,SYR,NY,AEA,EN,Combined TRACON& Tower with Radar,44,21,20,8,93,0,1,45,2,48,44,22,65,10,141,30,0,30,171
04/14/2021,SYR,NY,AEA,EN,Combined TRACON& Tower with Radar,42,23,18,27,110,0,0,28,15,43,42,23,46,42,153,8,70,78,231
04/15/2021,SYR,NY,AEA,EN,Combined TRACON& Tower with Radar,55,29,12,4,100,0,0,2,2,4,55,29,14,6,104,0,28,28,132
04/16/2021,SYR,NY,AEA,EN,Combined TRACON& Tower with Radar,52,32,6,0,90,0,0,2,0,2,52,32,8,0,92,0,0,0,92
04/17/2021,SYR,NY,AEA,EN,Combined TRACON& Tower with Radar,31,27,17,0,75,0,0,17,0,17,31,27,34,0,92,0,0,0,92
04/18/2021,SYR,NY,AEA,EN,Combined TRACON& Tower with Radar,42,35,12,3,92,0,0,21,2,23,42,35,33,5,115,26,0,26,141
04/19/2021,SYR,NY,AEA,EN,Combined TRACON& Tower with Radar,41,24,8,8,81,0,2,28,7,37,41,26,36,15,118,24,0,24,142
04/20/2021,SYR,NY,AEA,EN,Combined TRACON& Tower with Radar,46,26,11,12,95,0,0,10,0,10,46,26,21,12,105,0,0,0,105
04/21/2021,SYR,NY,AEA,EN,Combined TRACON& Tower with Radar,40,19,3,2,64,0,0,1,0,1,40,19,4,2,65,0,0,0,65
04/22/2021,SYR,NY,AEA,EN,Combined TRACON& Tower with Radar,57,34,6,14,111,0,0,2,10,12,57,34,8,24,123,0,0,0,123
04/23/2021,SYR,NY,AEA,EN,Combined TRACON& Tower with Radar,54,37,10,2,103,0,0,23,0,23,54,37,33,2,126,0,0,0,126
04/24/2021,SYR,NY,AEA,EN,Combined TRACON& Tower with Radar,30,26,11,1,68,0,0,46,2,48,30,26,57,3,116,22,0,22,138
04/25/2021,SYR,NY,AEA,EN,Combined TRACON& Tower with Radar,41,24,13,0,78,0,0,11,0,11,41,24,24,0,89,0,0,0,89
04/26/2021,SYR,NY,AEA,EN,Combined TRACON& Tower with Radar,44,25,16,9,94,0,1,26,4,31,44,26,42,13,125,22,10,32,157
04/27/2021,SYR,NY,AEA,EN,Combined TRACON& Tower with Radar,41,28,18,16,103,0,4,38,11,53,41,32,56,27,156,8,13,21,177
04/28/2021,SYR,NY,AEA,EN,Combined TRACON& Tower with Radar,41,29,13,7,90,0,0,21,9,30,41,29,34,16,120,0,0,0,120
04/29/2021,SYR,NY,AEA,EN,Combined TRACON& Tower with Radar,74,36,7,0,117,0,0,0,0,0,74,36,7,0,117,0,0,0,117
04/30/2021,SYR,NY,AEA,EN,Combined TRACON& Tower with Radar,64,36,11,0,111,0,0,1,0,1,64,36,12,0,112,0,0,0,112
05/01/2021,SYR,NY,AEA,EN,Combined TRACON& Tower with Radar,32,27,14,10,83,0,0,35,13,48,32,27,49,23,131,0,18,18,149
05/02/2021,SYR,NY,AEA,EN,Combined TRACON& Tower with Radar,44,33,8,0,85,0,0,15,2,17,44,33,23,2,102,4,0,4,106
05/03/2021,SYR,NY,AEA,EN,Combined TRACON& Tower with Radar,51,28,10,6,95,0,0,26,1,27,51,28,36,7,122,12,0,12,134
05/04/2021,SYR,NY,AEA,EN,Combined TRACON& Tower with Radar,53,28,22,8,111,0,0,7,2,9,53,28,29,10,120,20,0,20,140
05/05/2021,SYR,NY,AEA,EN,Combined TRACON& Tower with Radar,45,21,16,4,86,0,0,2,0,2,45,21,18,4,88,0,0,0,88
05/06/2021,SYR,NY,AEA,EN,Combined TRACON& Tower with Radar,64,33,20,9,126,0,0,42,13,55,64,33,62,22,181,22,10,32,213
05/07/2021,SYR,NY,AEA,EN,Combined TRACON& Tower with Radar,59,30,6,1,96,0,0,26,5,31,59,30,32,6,127,0,0,0,127
05/08/2021,SYR,NY,AEA,EN,Combined TRACON& Tower with Radar,43,27,16,0,86,0,0,3,2,5,43,27,19,2,91,14,0,14,105
05/09/2021,SYR,NY,AEA,EN,Combined TRACON& Tower with Radar,53,28,14,0,95,0,0,33,0,33,53,28,47,0,128,14,0,14,142
05/10/2021,SYR,NY,AEA,EN,Combined TRACON& Tower with Radar,53,28,9,12,102,0,0,18,32,50,53,28,27,44,152,0,56,56,208
05/11/2021,SYR,NY,AEA,EN,Combined TRACON& Tower with Radar,55,22,13,12,102,0,0,24,0,24,55,22,37,12,126,0,0,0,126
05/12/2021,SYR,NY,AEA,EN,Combined TRACON& Tower with Radar,56,23,11,19,109,0,2,27,11,40,56,25,38,30,149,0,0,0,149
05/13/2021,SYR,NY,AEA,EN,Combined TRACON& Tower with Radar,66,21,15,9,111,0,0,39,48,87,66,21,54,57,198,0,50,50,248
05/14/2021,SYR,NY,AEA,EN,Combined TRACON& Tower with Radar,61,33,15,0,109,0,3,52,0,55,61,36,67,0,164,0,0,0,164
05/15/2021,SYR,NY,AEA,EN,Combined TRACON& Tower with Radar,47,24,11,1,83,0,0,48,4,52,47,24,59,5,135,0,0,0,135
05/16/2021,SYR,NY,AEA,EN,Combined TRACON& Tower with Radar,53,29,12,1,95,0,1,36,2,39,53,30,48,3,134,0,0,0,134
05/17/2021,SYR,NY,AEA,EN,Combined TRACON& Tower with Radar,56,33,13,7,109,0,0,27,7,34,56,33,40,14,143,0,0,0,143
05/18/2021,SYR,NY,AEA,EN,Combined TRACON& Tower with Radar,59,30,10,16,115,0,5,40,38,83,59,35,50,54,198,0,60,60,258
05/19/2021,SYR,NY,AEA,EN,Combined TRACON& Tower with Radar,58,23,15,15,111,0,1,53,59,113,58,24,68,74,224,12,50,62,286
05/20/2021,SYR,NY,AEA,EN,Combined TRACON& Tower with Radar,68,27,9,9,113,0,0,31,2,33,68,27,40,11,146,6,0,6,152
05/21/2021,SYR,NY,AEA,EN,Combined TRACON& Tower with Radar,62,33,21,2,118,0,3,34,1,38,62,36,55,3,156,0,0,0,156
05/22/2021,SYR,NY,AEA,EN,Combined TRACON& Tower with Radar,44,29,24,2,99,0,0,32,0,32,44,29,56,2,131,16,0,16,147
05/23/2021,SYR,NY,AEA,EN,Combined TRACON& Tower with Radar,50,36,16,2,104,0,0,8,0,8,50,36,24,2,112,0,0,0,112
05/24/2021,SYR,NY,AEA,EN,Combined TRACON& Tower with Radar,56,27,16,5,104,0,0,33,5,38,56,27,49,10,142,8,0,8,150
05/25/2021,SYR,NY,AEA,EN,Combined TRACON& Tower with Radar,60,25,19,10,114,0,0,29,0,29,60,25,48,10,143,0,0,0,143
05/26/2021,SYR,NY,AEA,EN,Combined TRACON& Tower with Radar,52,32,20,9,113,0,0,8,3,11,52,32,28,12,124,0,0,0,124
05/27/2021,SYR,NY,AEA,EN,Combined TRACON& Tower with Radar,69,32,25,10,136,0,0,30,16,46,69,32,55,26,182,0,22,22,204
05/28/2021,SYR,NY,AEA,EN,Combined TRACON& Tower with Radar,62,29,8,0,99,0,0,4,0,4,62,29,12,0,103,0,0,0,103
05/29/2021,SYR,NY,AEA,EN,Combined TRACON& Tower with Radar,41,26,8,0,75,0,0,26,0,26,41,26,34,0,101,0,0,0,101
05/30/2021,SYR,NY,AEA,EN,Combined TRACON& Tower with Radar,40,16,4,0,60,0,0,13,0,13,40,16,17,0,73,16,0,16,89
05/31/2021,SYR,NY,AEA,EN,Combined TRACON& Tower with Radar,46,25,13,0,84,0,0,21,0,21,46,25,34,0,105,0,0,0,105
06/01/2021,SYR,NY,AEA,EN,Combined TRACON& Tower with Radar,48,18,19,7,92,0,0,38,25,63,48,18,57,32,155,8,42,50,205
06/02/2021,SYR,NY,AEA,EN,Combined TRACON& Tower with Radar,56,24,14,5,99,0,0,25,13,38,56,24,39,18,137,12,17,29,166
06/03/2021,SYR,NY,AEA,EN,Combined TRACON& Tower with Radar,66,33,22,7,128,0,0,7,4,11,66,33,29,11,139,0,0,0,139
06/04/2021,SYR,NY,AEA,EN,Combined TRACON& Tower with Radar,62,40,23,4,129,0,1,20,9,30,62,41,43,13,159,40,19,59,218
06/05/2021,SYR,NY,AEA,EN,Combined TRACON& Tower with Radar,49,26,10,8,93,0,1,19,12,32,49,27,29,20,125,0,0,0,125
06/06/2021,SYR,NY,AEA,EN,Combined TRACON& Tower with Radar,56,33,21,14,124,0,0,36,12,48,56,33,57,26,172,0,0,0,172
06/07/2021,SYR,NY,AEA,EN,Combined TRACON& Tower with Radar,57,27,8,8,100,0,0,33,0,33,57,27,41,8,133,0,0,0,133
06/08/2021,SYR,NY,AEA,EN,Combined TRACON& Tower with Radar,65,28,11,0,104,0,0,15,0,15,65,28,26,0,119,16,0,16,135
06/09/2021,SYR,NY,AEA,EN,Combined TRACON& Tower with Radar,64,30,21,23,138,0,0,15,13,28,64,30,36,36,166,6,0,6,172
06/10/2021,SYR,NY,AEA,EN,Combined TRACON& Tower with Radar,71,31,15,14,131,0,0,48,2,50,71,31,63,16,181,38,22,60,241
06/11/2021,SYR,NY,AEA,EN,Combined TRACON& Tower with Radar,66,33,13,2,114,0,0,26,1,27,66,33,39,3,141,0,0,0,141
06/12/2021,SYR,NY,AEA,EN,Combined TRACON& Tower with Radar,46,31,7,0,84,0,0,27,5,32,46,31,34,5,116,16,0,16,132
06/13/2021,SYR,NY,AEA,EN,Combined TRACON& Tower with Radar,55,29,7,1,92,0,1,24,5,30,55,30,31,6,122,18,0,18,140
06/14/2021,SYR,NY,AEA,EN,Combined TRACON& Tower with Radar,58,28,13,10,109,0,0,11,2,13,58,28,24,12,122,4,2,6,128
06/15/2021,SYR,NY,AEA,EN,Combined TRACON& Tower with Radar,70,26,20,8,124,0,0,19,7,26,70,26,39,15,150,18,0,18,168
06/16/2021,SYR,NY,AEA,EN,Combined TRACON& Tower with Radar,69,36,13,7,125,0,0,31,13,44,69,36,44,20,169,2,16,18,187
06/17/2021,SYR,NY,AEA,EN,Combined TRACON& Tower with Radar,69,34,13,9,125,0,1,42,29,72,69,35,55,38,197,24,42,66,263
06/18/2021,SYR,NY,AEA,EN,Combined TRACON& Tower with Radar,66,33,8,1,108,0,2,18,1,21,66,35,26,2,129,0,0,0,129
06/19/2021,SYR,NY,AEA,EN,Combined TRACON& Tower with Radar,55,25,8,0,88,0,0,26,4,30,55,25,34,4,118,0,0,0,118
06/20/2021,SYR,NY,AEA,EN,Combined TRACON& Tower with Radar,52,29,19,0,100,0,1,33,0,34,52,30,52,0,134,12,0,12,146
06/21/2021,SYR,NY,AEA,EN,Combined TRACON& Tower with Radar,59,34,14,1,108,0,1,10,3,14,59,35,24,4,122,0,0,0,122
06/22/2021,SYR,NY,AEA,EN,Combined TRACON& Tower with Radar,71,27,18,12,128,0,0,9,14,23,71,27,27,26,151,8,8,16,167
06/23/2021,SYR,NY,AEA,EN,Combined TRACON& Tower with Radar,69,34,18,8,129,0,1,48,30,79,69,35,66,38,208,24,36,60,268
06/24/2021,SYR,NY,AEA,EN,Combined TRACON& Tower with Radar,70,34,17,11,132,0,2,30,7,39,70,36,47,18,171,18,7,25,196
06/25/2021,SYR,NY,AEA,EN,Combined TRACON& Tower with Radar,66,29,12,0,107,0,1,23,9,33,66,30,35,9,140,0,0,0,140
06/26/2021,SYR,NY,AEA,EN,Combined TRACON& Tower with Radar,53,30,16,1,100,0,0,12,2,14,53,30,28,3,114,0,0,0,114
06/27/2021,SYR,NY,AEA,EN,Combined TRACON& Tower with Radar,53,26,9,0,88,0,2,22,4,28,53,28,31,4,116,0,0,0,116
06/28/2021,SYR,NY,AEA,EN,Combined TRACON& Tower with Radar,60,27,7,8,102,0,0,16,4,20,60,27,23,12,122,0,0,0,122
06/29/2021,SYR,NY,AEA,EN,Combined TRACON& Tower with Radar,71,28,20,10,129,0,0,30,4,34,71,28,50,14,163,0,0,0,163
06/30/2021,SYR,NY,AEA,EN,Combined TRACON& Tower with Radar,64,26,16,2,108,0,0,13,2,15,64,26,29,4,123,0,0,0,123
07/01/2021,SYR,NY,AEA,EN,Combined TRACON& Tower with Radar,74,42,15,9,140,0,0,15,11,26,74,42,30,20,166,18,8,26,192
07/02/2021,SYR,NY,AEA,EN,Combined TRACON& Tower with Radar,73,26,13,0,112,0,0,1,0,1,73,26,14,0,113,0,0,0,113
07/03/2021,SYR,NY,AEA,EN,Combined TRACON& Tower with Radar,59,29,17,1,106,0,0,13,1,14,59,29,30,2,120,0,0,0,120
07/04/2021,SYR,NY,AEA,EN,Combined TRACON& Tower with Radar,50,16,9,0,75,0,0,21,9,30,50,16,30,9,105,0,0,0,105
07/05/2021,SYR,NY,AEA,EN,Combined TRACON& Tower with Radar,53,28,11,0,92,0,2,27,3,32,53,30,38,3,124,0,0,0,124
07/06/2021,SYR,NY,AEA,EN,Combined TRACON& Tower with Radar,65,28,8,11,112,0,0,19,19,38,65,28,27,30,150,8,29,37,187
07/07/2021,SYR,NY,AEA,EN,Combined TRACON& Tower with Radar,74,28,16,4,122,0,0,23,4,27,74,28,39,8,149,0,0,0,149
07/08/2021,SYR,NY,AEA,EN,Combined TRACON& Tower with Radar,88,36,6,0,130,0,0,2,0,2,88,36,8,0,132,0,0,0,132
07/09/2021,SYR,NY,AEA,EN,Combined TRACON& Tower with Radar,73,35,18,0,126,0,0,8,0,8,73,35,26,0,134,0,0,0,134
07/10/2021,SYR,NY,AEA,EN,Combined TRACON& Tower with Radar,59,34,18,0,111,0,0,49,2,51,59,34,67,2,162,0,0,0,162
07/11/2021,SYR,NY,AEA,EN,Combined TRACON& Tower with Radar,54,27,10,0,91,0,0,9,0,9,54,27,19,0,100,0,0,0,100
07/12/2021,SYR,NY,AEA,EN,Combined TRACON& Tower with Radar,70,29,26,2,127,0,0,12,0,12,70,29,38,2,139,16,0,16,155
07/13/2021,SYR,NY,AEA,EN,Combined TRACON& Tower with Radar,76,32,16,8,132,0,1,12,8,21,76,33,28,16,153,20,0,20,173
07/14/2021,SYR,NY,AEA,EN,Combined TRACON& Tower with Radar,78,30,13,8,129,0,1,20,2,23,78,31,33,10,152,0,0,0,152
07/15/2021,SYR,NY,AEA,EN,Combined TRACON& Tower with Radar,80,30,28,8,146,0,2,26,38,66,80,32,54,46,212,0,0,0,212
07/16/2021,SYR,NY,AEA,EN,Combined TRACON& Tower with Radar,68,43,17,1,129,0,0,18,1,19,68,43,35,2,148,0,0,0,148
07/17/2021,SYR,NY,AEA,EN,Combined TRACON& Tower with Radar,62,26,13,0,101,0,1,0,0,1,62,27,13,0,102,0,0,0,102
07/18/2021,SYR,NY,AEA,EN,Combined TRACON& Tower with Radar,61,34,18,1,114,0,0,7,2,9,61,34,25,3,123,0,0,0,123
07/19/2021,SYR,NY,AEA,EN,Combined TRACON& Tower with Radar,67,26,26,32,151,0,0,31,6,37,67,26,57,38,188,24,16,40,228
07/20/2021,SYR,NY,AEA,EN,Combined TRACON& Tower with Radar,76,32,18,18,144,0,2,13,0,15,76,34,31,18,159,0,0,0,159
07/21/2021,SYR,NY,AEA,EN,Combined TRACON& Tower with Radar,75,41,13,8,137,0,0,24,0,24,75,41,37,8,161,0,0,0,161
07/22/2021,SYR,NY,AEA,EN,Combined TRACON& Tower with Radar,78,28,28,10,144,0,4,53,8,65,78,32,81,18,209,6,0,6,215
07/23/2021,SYR,NY,AEA,EN,Combined TRACON& Tower with Radar,70,37,20,0,127,0,0,32,4,36,70,37,52,4,163,12,0,12,175
07/24/2021,SYR,NY,AEA,EN,Combined TRACON& Tower with Radar,59,33,20,0,112,0,0,27,12,39,59,33,47,12,151,6,0,6,157
07/25/2021,SYR,NY,AEA,EN,Combined TRACON& Tower with Radar,58,38,15,0,111,0,0,17,0,17,58,38,32,0,128,0,0,0,128
07/26/2021,SYR,NY,AEA,EN,Combined TRACON& Tower with Radar,63,34,12,7,116,0,2,35,8,45,63,36,47,15,161,0,0,0,161
07/27/2021,SYR,NY,AEA,EN,Combined TRACON& Tower with Radar,73,26,13,5,117,0,0,59,5,64,73,26,72,10,181,10,12,22,203
07/28/2021,SYR,NY,AEA,EN,Combined TRACON& Tower with Radar,77,38,14,7,136,0,0,41,10,51,77,38,55,17,187,0,18,18,205
07/29/2021,SYR,NY,AEA,EN,Combined TRACON& Tower with Radar,81,39,29,0,149,0,2,17,5,24,81,41,46,5,173,14,0,14,187
07/30/2021,SYR,NY,AEA,EN,Combined TRACON& Tower with Radar,73,34,24,3,134,0,0,46,3,49,73,34,70,6,183,0,0,0,183
07/31/2021,SYR,NY,AEA,EN,Combined TRACON& Tower with Radar,55,35,21,0,111,0,3,40,10,53,55,38,61,10,164,0,0,0,164
08/01/2021,SYR,NY,AEA,EN,Combined TRACON& Tower with Radar,52,37,16,1,106,0,0,6,3,9,52,37,22,4,115,30,0,30,145
08/02/2021,SYR,NY,AEA,EN,Combined TRACON& Tower with Radar,60,33,11,12,116,0,0,52,6,58,60,33,63,18,174,26,0,26,200
08/03/2021,SYR,NY,AEA,EN,Combined TRACON& Tower with Radar,70,29,7,8,114,0,1,39,1,41,70,30,46,9,155,32,10,42,197
08/04/2021,SYR,NY,AEA,EN,Combined TRACON& Tower with Radar,75,26,21,5,127,0,4,50,29,83,75,30,71,34,210,38,36,74,284
08/05/2021,SYR,NY,AEA,EN,Combined TRACON& Tower with Radar,76,28,19,3,126,0,0,31,11,42,76,28,50,14,168,10,0,10,178
08/06/2021,SYR,NY,AEA,EN,Combined TRACON& Tower with Radar,69,35,11,0,115,0,2,33,6,41,69,37,44,6,156,3,0,3,159
08/07/2021,SYR,NY,AEA,EN,Combined TRACON& Tower with Radar,57,27,8,10,102,0,2,19,4,25,57,29,27,14,127,6,0,6,133
08/08/2021,SYR,NY,AEA,EN,Combined TRACON& Tower with Radar,58,26,13,4,101,0,0,18,10,28,58,26,31,14,129,2,0,2,131
08/09/2021,SYR,NY,AEA,EN,Combined TRACON& Tower with Radar,61,31,9,6,107,0,0,28,0,28,61,31,37,6,135,37,0,37,172
08/10/2021,SYR,NY,AEA,EN,Combined TRACON& Tower with Radar,69,29,22,6,126,0,1,22,2,25,69,30,44,8,151,8,0,8,159
08/11/2021,SYR,NY,AEA,EN,Combined TRACON& Tower with Radar,69,27,22,6,124,0,0,20,2,22,69,27,42,8,146,0,0,0,146
08/12/2021,SYR,NY,AEA,EN,Combined TRACON& Tower with Radar,85,28,16,9,138,0,0,15,3,18,85,28,31,12,156,0,0,0,156
08/13/2021,SYR,NY,AEA,EN,Combined TRACON& Tower with Radar,62,31,13,0,106,0,1,16,1,18,62,32,29,1,124,0,0,0,124
08/14/2021,SYR,NY,AEA,EN,Combined TRACON& Tower with Radar,58,24,22,0,104,0,0,31,4,35,58,24,53,4,139,10,0,10,149
08/15/2021,SYR,NY,AEA,EN,Combined TRACON& Tower with Radar,57,28,15,0,100,0,0,29,7,36,57,28,44,7,136,10,0,10,146
08/16/2021,SYR,NY,AEA,EN,Combined TRACON& Tower with Radar,65,41,18,6,130,0,1,46,13,60,65,42,64,19,190,0,0,0,190
08/17/2021,SYR,NY,AEA,EN,Combined TRACON& Tower with Radar,77,26,16,0,119,0,0,5,16,21,77,26,21,16,140,0,0,0,140
08/18/2021,SYR,NY,AEA,EN,Combined TRACON& Tower with Radar,73,33,22,2,130,0,0,1,0,1,73,33,23,2,131,0,0,0,131
08/19/2021,SYR,NY,AEA,EN,Combined TRACON& Tower with Radar,83,37,36,5,161,0,0,12,0,12,83,37,48,5,173,34,0,34,207
08/20/2021,SYR,NY,AEA,EN,Combined TRACON& Tower with Radar,77,37,33,1,148,0,1,33,0,34,77,38,66,1,182,0,0,0,182
08/21/2021,SYR,NY,AEA,EN,Combined TRACON& Tower with Radar,53,19,31,0,103,0,0,12,2,14,53,19,43,2,117,0,0,0,117
08/22/2021,SYR,NY,AEA,EN,Combined TRACON& Tower with Radar,75,33,38,0,146,0,1,17,3,21,75,34,55,3,167,0,0,0,167
08/23/2021,SYR,NY,AEA,EN,Combined TRACON& Tower with Radar,72,34,48,8,162,0,0,25,2,27,72,34,73,10,189,0,0,0,189
08/24/2021,SYR,NY,AEA,EN,Combined TRACON& Tower with Radar,71,29,16,8,124,0,4,46,6,56,71,33,62,14,180,0,0,0,180
08/25/2021,SYR,NY,AEA,EN,Combined TRACON& Tower with Radar,77,37,30,4,148,0,4,29,10,43,77,41,59,14,191,12,8,20,211
08/26/2021,SYR,NY,AEA,EN,Combined TRACON& Tower with Radar,75,33,19,12,139,0,1,27,3,31,75,34,46,15,170,18,6,24,194
08/27/2021,SYR,NY,AEA,EN,Combined TRACON& Tower with Radar,78,33,16,0,127,0,2,19,4,25,78,35,35,4,152,0,0,0,152
08/28/2021,SYR,NY,AEA,EN,Combined TRACON& Tower with Radar,58,29,23,2,112,0,0,17,0,17,58,29,40,2,129,0,0,0,129
08/29/2021,SYR,NY,AEA,EN,Combined TRACON& Tower with Radar,63,24,13,0,100,0,0,12,4,16,63,24,25,4,116,0,0,0,116
08/30/2021,SYR,NY,AEA,EN,Combined TRACON& Tower with Radar,75,29,17,16,137,0,0,14,46,60,75,29,31,62,197,0,70,70,267
08/31/2021,SYR,NY,AEA,EN,Combined TRACON& Tower with Radar,73,28,32,13,146,0,1,38,29,68,73,29,70,42,214,0,0,0,214
09/01/2021,SYR,NY,AEA,EN,Combined TRACON& Tower with Radar,75,35,17,8,135,0,0,22,5,27,75,35,39,13,162,3,0,3,165
09/02/2021,SYR,NY,AEA,EN,Combined TRACON& Tower with Radar,84,30,18,8,140,0,0,38,2,40,84,30,56,10,180,8,6,14,194
09/03/2021,SYR,NY,AEA,EN,Combined TRACON& Tower with Radar,78,33,23,0,134,0,0,13,2,15,78,33,36,2,149,15,0,15,164
09/04/2021,SYR,NY,AEA,EN,Combined TRACON& Tower with Radar,56,17,19,1,93,0,0,39,8,47,56,17,58,9,140,26,0,26,166
09/05/2021,SYR,NY,AEA,EN,Combined TRACON& Tower with Radar,56,18,20,0,94,0,2,11,0,13,56,20,31,0,107,0,0,0,107
09/06/2021,SYR,NY,AEA,EN,Combined TRACON& Tower with Radar,56,28,7,0,91,0,2,16,5,23,56,30,23,5,114,0,0,0,114
09/07/2021,SYR,NY,AEA,EN,Combined TRACON& Tower with Radar,63,29,8,6,106,0,0,30,28,58,63,29,38,34,164,0,20,20,184
09/08/2021,SYR,NY,AEA,EN,Combined TRACON& Tower with Radar,69,38,11,0,118,0,2,5,0,7,69,40,16,0,125,0,0,0,125
09/09/2021,SYR,NY,AEA,EN,Combined TRACON& Tower with Radar,87,33,17,13,150,0,0,29,8,37,87,33,46,21,187,8,0,8,195
09/10/2021,SYR,NY,AEA,EN,Combined TRACON& Tower with Radar,80,30,15,0,125,0,0,22,3,25,80,30,37,3,150,28,0,28,178
09/11/2021,SYR,NY,AEA,EN,Combined TRACON& Tower with Radar,61,26,12,5,104,0,1,46,14,61,61,27,58,19,165,34,14,48,213
09/12/2021,SYR,NY,AEA,EN,Combined TRACON& Tower with Radar,66,29,18,0,113,0,0,12,2,14,66,29,30,2,127,0,0,0,127
09/13/2021,SYR,NY,AEA,EN,Combined TRACON& Tower with Radar,68,37,15,12,132,0,0,33,16,49,68,37,48,28,181,36,18,54,235
09/14/2021,SYR,NY,AEA,EN,Combined TRACON& Tower with Radar,75,20,17,9,121,0,0,31,7,38,75,20,48,16,159,36,0,36,195
09/15/2021,SYR,NY,AEA,EN,Combined TRACON& Tower with Radar,78,25,26,2,131,0,0,2,2,4,78,25,28,4,135,0,0,0,135
09/16/2021,SYR,NY,AEA,EN,Combined TRACON& Tower with Radar,81,40,26,7,154,0,0,37,5,42,81,40,63,12,196,34,0,34,230
09/17/2021,SYR,NY,AEA,EN,Combined TRACON& Tower with Radar,79,40,17,1,137,0,1,35,11,47,79,41,52,12,184,8,0,8,192
09/18/2021,SYR,NY,AEA,EN,Combined TRACON& Tower with Radar,58,28,20,0,106,0,1,12,7,20,58,29,32,7,126,18,0,18,144
09/19/2021,SYR,NY,AEA,EN,Combined TRACON& Tower with Radar,65,25,26,0,116,0,2,52,6,60,65,27,78,6,176,0,0,0,176
09/20/2021,SYR,NY,AEA,EN,Combined TRACON& Tower with Radar,73,30,27,8,138,0,2,32,3,37,73,32,59,11,175,20,4,24,199
09/21/2021,SYR,NY,AEA,EN,Combined TRACON& Tower with Radar,77,37,22,15,151,0,0,31,9,40,77,37,53,24,191,18,0,18,209
09/22/2021,SYR,NY,AEA,EN,Combined TRACON& Tower with Radar,76,25,19,1,121,0,0,2,19,21,76,25,21,20,142,0,20,20,162
09/23/2021,SYR,NY,AEA,EN,Combined TRACON& Tower with Radar,83,29,18,0,130,0,0,2,0,2,83,29,20,0,132,0,0,0,132
09/24/2021,SYR,NY,AEA,EN,Combined TRACON& Tower with Radar,80,43,19,2,144,0,0,33,12,45,80,43,52,14,189,0,0,0,189
09/25/2021,SYR,NY,AEA,EN,Combined TRACON& Tower with Radar,60,25,20,0,105,0,1,35,2,38,60,26,55,2,143,24,0,24,167
09/26/2021,SYR,NY,AEA,EN,Combined TRACON& Tower with Radar,67,36,15,0,118,0,0,16,7,23,67,36,31,7,141,0,0,0,141
09/27/2021,SYR,NY,AEA,EN,Combined TRACON& Tower with Radar,69,25,21,12,127,0,0,13,18,31,69,25,34,30,158,12,6,18,176
09/28/2021,SYR,NY,AEA,EN,Combined TRACON& Tower with Radar,75,22,16,8,121,0,0,21,16,37,75,22,37,24,158,0,20,20,178
09/29/2021,SYR,NY,AEA,EN,Combined TRACON& Tower with Radar,76,24,16,9,125,0,0,20,5,25,76,24,36,14,150,14,0,14,164
09/30/2021,SYR,NY,AEA,EN,Combined TRACON& Tower with Radar,83,29,35,6,153,0,0,11,5,16,83,29,46,11,169,8,0,8,177
10/01/2021,SYR,NY,AEA,EN,Combined TRACON& Tower with Radar,82,33,23,2,140,0,3,32,1,36,82,36,55,3,176,10,0,10,186
10/02/2021,SYR,NY,AEA,EN,Combined TRACON& Tower with Radar,56,21,23,14,114,0,0,23,4,27,56,21,46,18,141,0,0,0,141
10/03/2021,SYR,NY,AEA,EN,Combined TRACON& Tower with Radar,67,30,18,1,116,0,0,0,6,6,67,30,18,7,122,0,0,0,122
10/04/2021,SYR,NY,AEA,EN,Combined TRACON& Tower with Radar,69,37,15,0,121,0,0,0,0,0,69,37,15,0,121,0,0,0,121
10/05/2021,SYR,NY,AEA,EN,Combined TRACON& Tower with Radar,78,26,11,0,115,0,0,0,0,0,78,26,11,0,115,0,0,0,115
10/06/2021,SYR,NY,AEA,EN,Combined TRACON& Tower with Radar,77,42,28,4,151,0,0,28,55,83,77,42,56,59,234,26,75,101,335
10/07/2021,SYR,NY,AEA,EN,Combined TRACON& Tower with Radar,81,39,22,0,142,0,1,29,4,34,81,40,51,4,176,24,0,24,200
10/08/2021,SYR,NY,AEA,EN,Combined TRACON& Tower with Radar,82,56,37,0,175,0,1,33,0,34,82,57,70,0,209,0,0,0,209
10/09/2021,SYR,NY,AEA,EN,Combined TRACON& Tower with Radar,62,30,15,0,107,0,0,22,10,32,62,30,37,10,139,0,0,0,139
10/10/2021,SYR,NY,AEA,EN,Combined TRACON& Tower with Radar,66,42,25,1,134,0,0,12,1,13,66,42,37,2,147,0,0,0,147
10/11/2021,SYR,NY,AEA,EN,Combined TRACON& Tower with Radar,74,35,18,0,127,0,0,28,2,30,74,35,46,2,157,6,0,6,163
10/12/2021,SYR,NY,AEA,EN,Combined TRACON& Tower with Radar,77,35,11,6,129,0,0,32,28,60,77,35,43,34,189,18,46,64,253
10/13/2021,SYR,NY,AEA,EN,Combined TRACON& Tower with Radar,79,33,15,12,139,0,0,17,9,26,79,33,32,21,165,4,16,20,185
10/14/2021,SYR,NY,AEA,EN,Combined TRACON& Tower with Radar,88,46,14,9,157,0,1,23,30,54,88,47,37,39,211,9,28,37,248
10/15/2021,SYR,NY,AEA,EN,Combined TRACON& Tower with Radar,81,45,32,0,158,0,0,7,1,8,81,45,39,1,166,0,0,0,166
10/16/2021,SYR,NY,AEA,EN,Combined TRACON& Tower with Radar,60,28,15,0,103,0,1,2,0,3,60,29,17,0,106,0,0,0,106
10/17/2021,SYR,NY,AEA,EN,Combined TRACON& Tower with Radar,67,39,25,0,131,0,1,2,0,3,67,40,27,0,134,0,0,0,134
10/18/2021,SYR,NY,AEA,EN,Combined TRACON& Tower with Radar,74,33,27,6,140,0,0,4,4,8,74,33,31,10,148,0,0,0,148
10/19/2021,SYR,NY,AEA,EN,Combined TRACON& Tower with Radar,77,32,13,10,132,0,0,31,22,53,77,32,44,32,185,0,22,22,207
10/20/2021,SYR,NY,AEA,EN,Combined TRACON& Tower with Radar,76,31,15,15,137,0,0,34,49,83,76,31,49,64,220,10,44,54,274
10/21/2021,SYR,NY,AEA,EN,Combined TRACON& Tower with Radar,87,35,21,5,148,0,4,16,37,57,87,39,37,42,205,0,44,44,249
10/22/2021,SYR,NY,AEA,EN,Combined TRACON& Tower with Radar,84,33,15,0,132,0,0,8,1,9,84,33,23,1,141,0,0,0,141
10/23/2021,SYR,NY,AEA,EN,Combined TRACON& Tower with Radar,63,25,20,0,108,0,0,19,5,24,63,25,39,5,132,0,0,0,132
10/24/2021,SYR,NY,AEA,EN,Combined TRACON& Tower with Radar,66,33,40,0,139,0,0,35,5,40,66,33,75,5,179,6,0,6,185
10/25/2021,SYR,NY,AEA,EN,Combined TRACON& Tower with Radar,71,29,24,8,132,0,1,3,27,31,71,30,27,35,163,16,64,80,243
10/26/2021,SYR,NY,AEA,EN,Combined TRACON& Tower with Radar,82,28,10,0,120,0,0,0,0,0,82,28,10,0,120,0,0,0,120
10/27/2021,SYR,NY,AEA,EN,Combined TRACON& Tower with Radar,78,25,21,12,136,0,7,22,30,59,78,32,43,42,195,0,28,28,223
10/28/2021,SYR,NY,AEA,EN,Combined TRACON& Tower with Radar,87,32,26,15,160,0,0,37,22,59,87,32,63,37,219,0,0,0,219
10/29/2021,SYR,NY,AEA,EN,Combined TRACON& Tower with Radar,85,31,22,1,139,0,1,19,9,29,85,32,41,10,168,0,0,0,168
10/30/2021,SYR,NY,AEA,EN,Combined TRACON& Tower with Radar,54,31,18,0,103,0,0,3,0,3,54,31,21,0,106,0,0,0,106
10/31/2021,SYR,NY,AEA,EN,Combined TRACON& Tower with Radar,58,19,18,0,95,0,0,4,0,4,58,19,22,0,99,0,0,0,99
11/01/2021,SYR,NY,AEA,EN,Combined TRACON& Tower with Radar,78,22,17,6,123,0,1,34,10,45,78,23,51,16,168,0,0,0,168
11/02/2021,SYR,NY,AEA,EN,Combined TRACON& Tower with Radar,72,31,32,12,147,0,1,27,20,48,72,32,59,32,195,0,0,0,195
11/03/2021,SYR,NY,AEA,EN,Combined TRACON& Tower with Radar,77,35,16,12,140,0,0,9,0,9,77,35,25,12,149,0,0,0,149
11/04/2021,SYR,NY,AEA,EN,Combined TRACON& Tower with Radar,87,30,14,8,139,0,0,24,28,52,87,30,38,36,191,31,26,57,248
11/05/2021,SYR,NY,AEA,EN,Combined TRACON& Tower with Radar,90,36,29,0,155,0,0,37,6,43,90,36,66,6,198,0,0,0,198
11/06/2021,SYR,NY,AEA,EN,Combined TRACON& Tower with Radar,61,19,22,3,105,0,4,44,1,49,61,23,66,4,154,8,0,8,162
11/07/2021,SYR,NY,AEA,EN,Combined TRACON& Tower with Radar,65,27,17,0,109,0,0,31,1,32,65,27,48,1,141,8,0,8,149
11/08/2021,SYR,NY,AEA,EN,Combined TRACON& Tower with Radar,90,30,24,6,150,0,1,25,32,58,90,31,49,38,208,44,18,62,270
11/09/2021,SYR,NY,AEA,EN,Combined TRACON& Tower with Radar,79,28,11,16,134,0,2,23,47,72,79,30,34,63,206,20,68,88,294
11/10/2021,SYR,NY,AEA,EN,Combined TRACON& Tower with Radar,84,27,20,26,157,0,5,32,27,64,84,32,52,53,221,6,62,68,289
11/11/2021,SYR,NY,AEA,EN,Combined TRACON& Tower with Radar,87,28,18,1,134,0,0,21,5,26,87,28,39,6,160,16,0,16,176
11/12/2021,SYR,NY,AEA,EN,Combined TRACON& Tower with Radar,93,26,18,0,137,0,0,18,1,19,93,26,36,1,156,0,0,0,156
11/13/2021,SYR,NY,AEA,EN,Combined TRACON& Tower with Radar,64,23,9,0,96,0,0,0,1,1,64,23,9,1,97,0,0,0,97
11/14/2021,SYR,NY,AEA,EN,Combined TRACON& Tower with Radar,76,28,15,0,119,0,1,16,0,17,76,29,31,0,136,0,0,0,136
11/15/2021,SYR,NY,AEA,EN,Combined TRACON& Tower with Radar,88,31,7,7,133,0,0,0,0,0,88,31,7,7,133,0,0,0,133
11/16/2021,SYR,NY,AEA,EN,Combined TRACON& Tower with Radar,90,28,14,8,140,0,0,13,0,13,90,28,27,8,153,0,0,0,153
11/17/2021,SYR,NY,AEA,EN,Combined TRACON& Tower with Radar,92,32,14,6,144,0,0,17,31,48,92,32,31,37,192,0,40,40,232
11/18/2021,SYR,NY,AEA,EN,Combined TRACON& Tower with Radar,94,26,20,3,143,0,0,5,2,7,94,26,25,5,150,0,0,0,150
11/19/2021,SYR,NY,AEA,EN,Combined TRACON& Tower with Radar,97,38,21,6,162,0,0,5,2,7,97,38,26,8,169,0,0,0,169
11/20/2021,SYR,NY,AEA,EN,Combined TRACON& Tower with Radar,81,25,14,0,120,0,0,27,3,30,81,25,41,3,150,0,0,0,150
11/21/2021,SYR,NY,AEA,EN,Combined TRACON& Tower with Radar,79,24,14,0,117,0,0,32,2,34,79,24,46,2,151,30,0,30,181
11/22/2021,SYR,NY,AEA,EN,Combined TRACON& Tower with Radar,89,22,12,12,135,0,0,10,13,23,89,22,22,25,158,0,0,0,158
11/23/2021,SYR,NY,AEA,EN,Combined TRACON& Tower with Radar,101,21,16,15,153,0,0,7,9,16,101,21,23,24,169,10,30,40,209
11/24/2021,SYR,NY,AEA,EN,Combined TRACON& Tower with Radar,103,26,24,7,160,0,2,37,5,44,103,28,61,12,204,0,12,12,216
11/25/2021,SYR,NY,AEA,EN,Combined TRACON& Tower with Radar,46,11,3,1,61,0,0,2,3,5,46,11,5,4,66,0,0,0,66
11/26/2021,SYR,NY,AEA,EN,Combined TRACON& Tower with Radar,76,15,4,0,95,0,0,0,0,0,76,15,4,0,95,0,0,0,95
11/27/2021,SYR,NY,AEA,EN,Combined TRACON& Tower with Radar,84,38,16,0,138,0,0,3,0,3,84,38,19,0,141,0,0,0,141
11/28/2021,SYR,NY,AEA,EN,Combined TRACON& Tower with Radar,89,36,27,0,152,0,0,1,0,1,89,36,28,0,153,0,0,0,153
11/29/2021,SYR,NY,AEA,EN,Combined TRACON& Tower with Radar,103,32,12,10,157,0,3,5,12,20,103,35,17,22,177,0,0,0,177
11/30/2021,SYR,NY,AEA,EN,Combined TRACON& Tower with Radar,93,40,15,6,154,0,0,5,6,11,93,40,20,12,165,0,0,0,165
12/01/2021,SYR,NY,AEA,EN,Combined TRACON& Tower with Radar,95,31,17,21,164,0,0,21,10,31,95,31,38,31,195,6,0,6,201
12/02/2021,SYR,NY,AEA,EN,Combined TRACON& Tower with Radar,99,30,15,0,144,0,0,1,0,1,99,30,16,0,145,0,0,0,145
12/03/2021,SYR,NY,AEA,EN,Combined TRACON& Tower with Radar,97,31,23,0,151,0,0,13,6,19,97,31,36,6,170,0,0,0,170
12/04/2021,SYR,NY,AEA,EN,Combined TRACON& Tower with Radar,63,23,16,0,102,0,0,6,0,6,63,23,22,0,108,22,0,22,130
12/05/2021,SYR,NY,AEA,EN,Combined TRACON& Tower with Radar,81,24,9,20,134,0,0,22,0,22,81,24,31,20,156,10,0,10,166
12/06/2021,SYR,NY,AEA,EN,Combined TRACON& Tower with Radar,93,23,6,0,122,0,0,0,0,0,93,23,6,0,122,0,0,0,122
12/07/2021,SYR,NY,AEA,EN,Combined TRACON& Tower with Radar,91,37,23,4,155,0,0,5,8,13,91,37,28,12,168,0,10,10,178
12/08/2021,SYR,NY,AEA,EN,Combined TRACON& Tower with Radar,92,32,11,6,141,0,0,2,0,2,92,32,13,6,143,0,0,0,143
12/09/2021,SYR,NY,AEA,EN,Combined TRACON& Tower with Radar,102,30,20,8,160,0,2,30,8,40,102,32,50,16,200,18,0,18,218
12/10/2021,SYR,NY,AEA,EN,Combined TRACON& Tower with Radar,99,30,17,4,150,0,2,19,0,21,99,32,36,4,171,0,0,0,171
12/11/2021,SYR,NY,AEA,EN,Combined TRACON& Tower with Radar,65,18,1,0,84,0,2,0,0,2,65,20,1,0,86,0,0,0,86
12/12/2021,SYR,NY,AEA,EN,Combined TRACON& Tower with Radar,79,25,10,5,119,0,0,21,4,25,79,25,31,9,144,0,0,0,144
12/13/2021,SYR,NY,AEA,EN,Combined TRACON& Tower with Radar,93,27,14,18,152,0,0,20,13,33,93,27,34,31,185,0,0,0,185
12/14/2021,SYR,NY,AEA,EN,Combined TRACON& Tower with Radar,92,27,39,11,169,0,0,27,5,32,92,27,66,16,201,30,6,36,237
12/15/2021,SYR,NY,AEA,EN,Combined TRACON& Tower with Radar,91,22,19,8,140,0,0,9,1,10,91,22,28,9,150,10,8,18,168
12/16/2021,SYR,NY,AEA,EN,Combined TRACON& Tower with Radar,100,36,12,2,150,0,1,8,2,11,100,37,20,4,161,0,0,0,161
12/17/2021,SYR,NY,AEA,EN,Combined TRACON& Tower with Radar,94,30,21,0,145,0,0,30,5,35,94,30,51,5,180,40,0,40,220
12/18/2021,SYR,NY,AEA,EN,Combined TRACON& Tower with Radar,74,20,4,0,98,0,0,0,0,0,74,20,4,0,98,0,0,0,98
12/19/2021,SYR,NY,AEA,EN,Combined TRACON& Tower with Radar,83,23,7,0,113,0,0,2,0,2,83,23,9,0,115,0,0,0,115
12/20/2021,SYR,NY,AEA,EN,Combined TRACON& Tower with Radar,92,24,14,14,144,0,0,36,8,44,92,24,50,22,188,16,26,42,230
12/21/2021,SYR,NY,AEA,EN,Combined TRACON& Tower with Radar,101,30,14,5,150,0,0,17,33,50,101,30,31,38,200,4,56,60,260
12/22/2021,SYR,NY,AEA,EN,Combined TRACON& Tower with Radar,101,30,14,2,147,0,0,11,0,11,101,30,25,2,158,0,0,0,158
12/23/2021,SYR,NY,AEA,EN,Combined TRACON& Tower with Radar,103,32,9,0,144,0,0,7,0,7,103,32,16,0,151,0,0,0,151
12/24/2021,SYR,NY,AEA,EN,Combined TRACON& Tower with Radar,68,24,6,0,98,0,1,8,2,11,68,25,14,2,109,0,0,0,109
12/25/2021,SYR,NY,AEA,EN,Combined TRACON& Tower with Radar,47,15,4,0,66,0,0,0,0,0,47,15,4,0,66,0,0,0,66
12/26/2021,SYR,NY,AEA,EN,Combined TRACON& Tower with Radar,66,26,11,0,103,0,0,0,0,0,66,26,11,0,103,0,0,0,103
12/27/2021,SYR,NY,AEA,EN,Combined TRACON& Tower with Radar,72,30,17,2,121,0,0,9,0,9,72,30,26,2,130,0,0,0,130
12/28/2021,SYR,NY,AEA,EN,Combined TRACON& Tower with Radar,80,33,13,6,132,0,0,17,2,19,80,33,30,8,151,22,0,22,173
12/29/2021,SYR,NY,AEA,EN,Combined TRACON& Tower with Radar,87,27,16,0,130,0,0,0,0,0,87,27,16,0,130,0,0,0,130
12/30/2021,SYR,NY,AEA,EN,Combined TRACON& Tower with Radar,82,37,7,10,136,0,0,10,0,10,82,37,17,10,146,0,0,0,146
12/31/2021,SYR,NY,AEA,EN,Combined TRACON& Tower with Radar,65,22,5,0,92,0,0,13,0,13,65,22,18,0,105,0,0,0,105
01/01/2022,SYR,NY,AEA,EN,Combined TRACON& Tower with Radar,49,18,5,0,72,0,0,0,0,0,49,18,5,0,72,0,0,0,72
01/02/2022,SYR,NY,AEA,EN,Combined TRACON& Tower with Radar,69,27,8,0,104,0,0,0,0,0,69,27,8,0,104,0,0,0,104
01/03/2022,SYR,NY,AEA,EN,Combined TRACON& Tower with Radar,79,27,8,1,115,0,0,13,49,62,79,27,21,50,177,14,72,86,263
01/04/2022,SYR,NY,AEA,EN,Combined TRACON& Tower with Radar,87,26,11,6,130,0,1,8,10,19,87,27,19,16,149,0,0,0,149
01/05/2022,SYR,NY,AEA,EN,Combined TRACON& Tower with Radar,79,22,20,7,128,0,0,8,17,25,79,22,28,24,153,0,0,0,153
01/06/2022,SYR,NY,AEA,EN,Combined TRACON& Tower with Radar,80,34,3,4,121,0,0,5,5,10,80,34,8,9,131,10,11,21,152
01/07/2022,SYR,NY,AEA,EN,Combined TRACON& Tower with Radar,75,24,4,0,103,0,0,0,0,0,75,24,4,0,103,0,0,0,103
01/08/2022,SYR,NY,AEA,EN,Combined TRACON& Tower with Radar,64,22,13,2,101,0,2,16,8,26,64,24,29,10,127,0,12,12,139
01/09/2022,SYR,NY,AEA,EN,Combined TRACON& Tower with Radar,57,25,3,0,85,0,0,0,0,0,57,25,3,0,85,0,0,0,85
01/10/2022,SYR,NY,AEA,EN,Combined TRACON& Tower with Radar,66,23,9,6,104,0,0,6,52,58,66,23,15,58,162,0,82,82,244
01/11/2022,SYR,NY,AEA,EN,Combined TRACON& Tower with Radar,94,20,13,10,137,0,0,6,2,8,94,20,19,12,145,0,12,12,157
01/12/2022,SYR,NY,AEA,EN,Combined TRACON& Tower with Radar,83,18,5,5,111,0,0,5,4,9,83,18,10,9,120,0,0,0,120
01/13/2022,SYR,NY,AEA,EN,Combined TRACON& Tower with Radar,92,23,12,2,129,0,0,5,0,5,92,23,17,2,134,0,0,0,134
01/14/2022,SYR,NY,AEA,EN,Combined TRACON& Tower with Radar,86,29,9,0,124,0,0,4,1,5,86,29,13,1,129,0,0,0,129
01/15/2022,SYR,NY,AEA,EN,Combined TRACON& Tower with Radar,60,20,7,0,87,0,2,8,1,11,60,22,15,1,98,0,0,0,98
01/16/2022,SYR,NY,AEA,EN,Combined TRACON& Tower with Radar,46,15,9,0,70,0,0,14,4,18,46,15,23,4,88,42,0,42,130
01/17/2022,SYR,NY,AEA,EN,Combined TRACON& Tower with Radar,50,21,4,0,75,0,0,0,0,0,50,21,4,0,75,0,0,0,75
01/18/2022,SYR,NY,AEA,EN,Combined TRACON& Tower with Radar,84,28,24,4,140,0,1,6,0,7,84,29,30,4,147,0,0,0,147
01/19/2022,SYR,NY,AEA,EN,Combined TRACON& Tower with Radar,87,21,17,10,135,0,0,9,0,9,87,21,26,10,144,0,0,0,144
01/20/2022,SYR,NY,AEA,EN,Combined TRACON& Tower with Radar,82,24,13,6,125,0,0,4,2,6,82,24,17,8,131,0,0,0,131
01/21/2022,SYR,NY,AEA,EN,Combined TRACON& Tower with Radar,85,25,11,0,121,0,0,19,7,26,85,25,30,7,147,0,0,0,147
01/22/2022,SYR,NY,AEA,EN,Combined TRACON& Tower with Radar,61,24,20,2,107,0,1,23,5,29,61,25,43,7,136,0,0,0,136
01/23/2022,SYR,NY,AEA,EN,Combined TRACON& Tower with Radar,67,28,7,0,102,0,0,0,0,0,67,28,7,0,102,0,0,0,102
01/24/2022,SYR,NY,AEA,EN,Combined TRACON& Tower with Radar,80,24,12,8,124,0,0,7,0,7,80,24,19,8,131,0,0,0,131
01/25/2022,SYR,NY,AEA,EN,Combined TRACON& Tower with Radar,84,19,16,10,129,0,2,0,4,6,84,21,16,14,135,0,8,8,143
01/26/2022,SYR,NY,AEA,EN,Combined TRACON& Tower with Radar,92,28,15,10,145,0,0,16,3,19,92,28,31,13,164,0,0,0,164
01/27/2022,SYR,NY,AEA,EN,Combined TRACON& Tower with Radar,90,24,18,5,137,0,3,18,5,26,90,27,36,10,163,0,0,0,163
01/28/2022,SYR,NY,AEA,EN,Combined TRACON& Tower with Radar,76,31,7,1,115,0,0,2,2,4,76,31,9,3,119,0,0,0,119
01/29/2022,SYR,NY,AEA,EN,Combined TRACON& Tower with Radar,46,17,11,1,75,0,1,5,1,7,46,18,16,2,82,0,0,0,82
01/30/2022,SYR,NY,AEA,EN,Combined TRACON& Tower with Radar,64,29,13,0,106,0,1,10,1,12,64,30,23,1,118,0,0,0,118
01/31/2022,SYR,NY,AEA,EN,Combined TRACON& Tower with Radar,82,19,17,6,124,0,0,21,1,22,82,19,38,7,146,0,0,0,146
02/01/2022,SYR,NY,AEA,EN,Combined TRACON& Tower with Radar,84,15,13,15,127,0,0,14,24,38,84,15,27,39,165,4,34,38,203
02/02/2022,SYR,NY,AEA,EN,Combined TRACON& Tower with Radar,87,29,7,6,129,0,0,8,0,8,87,29,15,6,137,0,0,0,137
02/03/2022,SYR,NY,AEA,EN,Combined TRACON& Tower with Radar,55,17,5,1,78,0,0,1,0,1,55,17,6,1,79,0,0,0,79
02/04/2022,SYR,NY,AEA,EN,Combined TRACON& Tower with Radar,63,18,2,0,83,0,0,0,0,0,63,18,2,0,83,0,0,0,83
02/05/2022,SYR,NY,AEA,EN,Combined TRACON& Tower with Radar,56,20,9,10,95,0,0,5,2,7,56,20,14,12,102,0,0,0,102
02/06/2022,SYR,NY,AEA,EN,Combined TRACON& Tower with Radar,63,23,13,2,101,0,2,17,1,20,63,25,30,3,121,0,0,0,121
02/07/2022,SYR,NY,AEA,EN,Combined TRACON& Tower with Radar,79,24,16,8,127,0,0,12,2,14,79,24,28,10,141,0,0,0,141
02/08/2022,SYR,NY,AEA,EN,Combined TRACON& Tower with Radar,89,18,10,14,131,0,0,2,0,2,89,18,12,14,133,0,0,0,133
02/09/2022,SYR,NY,AEA,EN,Combined TRACON& Tower with Radar,95,22,19,7,143,0,0,17,4,21,95,22,36,11,164,0,0,0,164
02/10/2022,SYR,NY,AEA,EN,Combined TRACON& Tower with Radar,88,32,9,5,134,0,0,0,0,0,88,32,9,5,134,0,0,0,134
02/11/2022,SYR,NY,AEA,EN,Combined TRACON& Tower with Radar,92,36,9,0,137,0,0,13,0,13,92,36,22,0,150,0,0,0,150
02/12/2022,SYR,NY,AEA,EN,Combined TRACON& Tower with Radar,66,23,6,0,95,0,0,2,0,2,66,23,8,0,97,0,0,0,97
02/13/2022,SYR,NY,AEA,EN,Combined TRACON& Tower with Radar,66,21,6,8,101,0,0,7,0,7,66,21,13,8,108,0,0,0,108
02/14/2022,SYR,NY,AEA,EN,Combined TRACON& Tower with Radar,80,32,10,4,126,0,1,13,0,14,80,33,23,4,140,0,0,0,140
02/15/2022,SYR,NY,AEA,EN,Combined TRACON& Tower with Radar,91,19,16,8,134,0,0,10,2,12,91,19,26,10,146,0,0,0,146
02/16/2022,SYR,NY,AEA,EN,Combined TRACON& Tower with Radar,96,19,20,0,135,0,0,8,0,8,96,19,28,0,143,0,0,0,143
02/17/2022,SYR,NY,AEA,EN,Combined TRACON& Tower with Radar,92,27,18,2,139,0,0,3,0,3,92,27,21,2,142,0,0,0,142
02/18/2022,SYR,NY,AEA,EN,Combined TRACON& Tower with Radar,100,34,6,4,144,0,0,3,0,3,100,34,9,4,147,0,0,0,147
02/19/2022,SYR,NY,AEA,EN,Combined TRACON& Tower with Radar,77,22,3,1,103,0,1,0,3,4,77,23,3,4,107,0,0,0,107
02/20/2022,SYR,NY,AEA,EN,Combined TRACON& Tower with Radar,76,21,18,0,115,0,3,16,2,21,76,24,34,2,136,0,0,0,136
02/21/2022,SYR,NY,AEA,EN,Combined TRACON& Tower with Radar,83,28,14,0,125,0,0,29,1,30,83,28,43,1,155,4,0,4,159
02/22/2022,SYR,NY,AEA,EN,Combined TRACON& Tower with Radar,99,18,11,9,137,0,0,3,1,4,99,18,14,10,141,0,0,0,141
02/23/2022,SYR,NY,AEA,EN,Combined TRACON& Tower with Radar,96,18,11,4,129,0,0,0,0,0,96,18,11,4,129,0,0,0,129
02/24/2022,SYR,NY,AEA,EN,Combined TRACON& Tower with Radar,90,22,15,16,143,0,0,17,20,37,90,22,32,36,180,0,0,0,180
02/25/2022,SYR,NY,AEA,EN,Combined TRACON& Tower with Radar,51,17,8,0,76,0,0,0,0,0,51,17,8,0,76,0,0,0,76
02/26/2022,SYR,NY,AEA,EN,Combined TRACON& Tower with Radar,80,41,25,0,146,0,1,3,3,7,80,42,28,3,153,0,0,0,153
02/27/2022,SYR,NY,AEA,EN,Combined TRACON& Tower with Radar,77,24,17,0,118,0,0,0,0,0,77,24,17,0,118,0,0,0,118
02/28/2022,SYR,NY,AEA,EN,Combined TRACON& Tower with Radar,86,29,13,30,158,0,3,24,16,43,86,32,37,46,201,2,21,23,224
03/01/2022,SYR,NY,AEA,EN,Combined TRACON& Tower with Radar,97,30,7,0,134,0,0,11,4,15,97,30,18,4,149,6,0,6,155
03/02/2022,SYR,NY,AEA,EN,Combined TRACON& Tower with Radar,98,23,20,7,148,0,1,11,6,18,98,24,31,13,166,0,6,6,172
03/03/2022,SYR,NY,AEA,EN,Combined TRACON& Tower with Radar,91,31,11,10,143,0,0,1,3,4,91,31,12,13,147,0,0,0,147
03/04/2022,SYR,NY,AEA,EN,Combined TRACON& Tower with Radar,90,30,15,1,136,0,0,19,1,20,90,30,34,2,156,0,0,0,156
03/05/2022,SYR,NY,AEA,EN,Combined TRACON& Tower with Radar,70,22,10,9,111,0,0,22,21,43,70,22,32,30,154,10,50,60,214
03/06/2022,SYR,NY,AEA,EN,Combined TRACON& Tower with Radar,67,38,9,0,114,0,0,2,0,2,67,38,11,0,116,0,0,0,116
03/07/2022,SYR,NY,AEA,EN,Combined TRACON& Tower with Radar,76,30,7,0,113,0,0,0,0,0,76,30,7,0,113,0,0,0,113
03/08/2022,SYR,NY,AEA,EN,Combined TRACON& Tower with Radar,90,24,16,12,142,0,0,13,0,13,90,24,29,12,155,0,0,0,155
03/09/2022,SYR,NY,AEA,EN,Combined TRACON& Tower with Radar,82,20,12,2,116,0,0,0,3,3,82,20,12,5,119,0,0,0,119
03/10/2022,SYR,NY,AEA,EN,Combined TRACON& Tower with Radar,88,31,14,13,146,0,0,28,3,31,88,31,42,16,177,0,0,0,177
03/11/2022,SYR,NY,AEA,EN,Combined TRACON& Tower with Radar,89,36,31,3,159,0,2,29,1,32,89,38,60,4,191,0,0,0,191
03/12/2022,SYR,NY,AEA,EN,Combined TRACON& Tower with Radar,64,6,5,0,75,0,0,0,0,0,64,6,5,0,75,0,0,0,75
03/13/2022,SYR,NY,AEA,EN,Combined TRACON& Tower with Radar,75,18,7,0,100,0,0,4,0,4,75,18,11,0,104,12,0,12,116
03/14/2022,SYR,NY,AEA,EN,Combined TRACON& Tower with Radar,81,23,9,6,119,0,0,20,0,20,81,23,29,6,139,0,0,0,139
03/15/2022,SYR,NY,AEA,EN,Combined TRACON& Tower with Radar,87,28,15,2,132,0,0,7,0,7,87,28,22,2,139,29,0,29,168
03/16/2022,SYR,NY,AEA,EN,Combined TRACON& Tower with Radar,86,21,27,9,143,0,0,29,3,32,86,21,56,12,175,0,0,0,175
03/17/2022,SYR,NY,AEA,EN,Combined TRACON& Tower with Radar,93,28,29,10,160,0,0,24,12,36,93,28,53,22,196,0,0,0,196
03/18/2022,SYR,NY,AEA,EN,Combined TRACON& Tower with Radar,92,26,25,0,143,0,0,19,4,23,92,26,44,4,166,0,0,0,166
03/19/2022,SYR,NY,AEA,EN,Combined TRACON& Tower with Radar,72,26,5,0,103,0,0,4,0,4,72,26,9,0,107,0,0,0,107
03/20/2022,SYR,NY,AEA,EN,Combined TRACON& Tower with Radar,73,26,10,0,109,0,0,2,2,4,73,26,12,2,113,0,0,0,113
03/21/2022,SYR,NY,AEA,EN,Combined TRACON& Tower with Radar,78,25,20,14,137,0,0,16,2,18,78,25,36,16,155,0,0,0,155
03/22/2022,SYR,NY,AEA,EN,Combined TRACON& Tower with Radar,85,24,25,9,143,0,2,34,9,45,85,26,59,18,188,0,0,0,188
03/23/2022,SYR,NY,AEA,EN,Combined TRACON& Tower with Radar,88,21,15,6,130,0,0,5,3,8,88,21,20,9,138,0,0,0,138
03/24/2022,SYR,NY,AEA,EN,Combined TRACON& Tower with Radar,91,34,18,19,162,0,0,6,3,9,91,34,24,22,171,0,0,0,171
03/25/2022,SYR,NY,AEA,EN,Combined TRACON& Tower with Radar,86,30,20,1,137,0,3,0,2,5,86,33,20,3,142,0,0,0,142
03/26/2022,SYR,NY,AEA,EN,Combined TRACON& Tower with Radar,69,24,17,0,110,0,0,3,0,3,69,24,20,0,113,0,0,0,113
03/27/2022,SYR,NY,AEA,EN,Combined TRACON& Tower with Radar,74,23,4,0,101,0,0,0,0,0,74,23,4,0,101,0,0,0,101
03/28/2022,SYR,NY,AEA,EN,Combined TRACON& Tower with Radar,81,30,13,0,124,0,0,0,0,0,81,30,13,0,124,0,0,0,124
03/29/2022,SYR,NY,AEA,EN,Combined TRACON& Tower with Radar,93,21,20,12,146,0,0,14,0,14,93,21,34,12,160,8,0,8,168
03/30/2022,SYR,NY,AEA,EN,Combined TRACON& Tower with Radar,88,19,12,9,128,0,0,17,7,24,88,19,29,16,152,12,0,12,164
03/31/2022,SYR,NY,AEA,EN,Combined TRACON& Tower with Radar,93,29,23,1,146,0,0,3,5,8,93,29,26,6,154,0,0,0,154
04/01/2022,SYR,NY,AEA,EN,Combined TRACON& Tower with Radar,90,33,5,0,128,0,0,5,0,5,90,33,10,0,133,0,0,0,133
04/02/2022,SYR,NY,AEA,EN,Combined TRACON& Tower with Radar,64,23,16,8,111,0,0,48,0,48,64,23,64,8,159,30,0,30,189
04/03/2022,SYR,NY,AEA,EN,Combined TRACON& Tower with Radar,75,14,9,0,98,0,0,0,0,0,75,14,9,0,98,0,0,0,98
04/04/2022,SYR,NY,AEA,EN,Combined TRACON& Tower with Radar,83,26,17,16,142,0,0,15,4,19,83,26,32,20,161,0,0,0,161
04/05/2022,SYR,NY,AEA,EN,Combined TRACON& Tower with Radar,95,27,14,15,151,0,2,32,5,39,95,29,46,20,190,10,0,10,200
04/06/2022,SYR,NY,AEA,EN,Combined TRACON& Tower with Radar,104,31,27,22,184,0,0,20,21,41,104,31,47,43,225,0,44,44,269
04/07/2022,SYR,NY,AEA,EN,Combined TRACON& Tower with Radar,92,21,12,2,127,0,0,1,0,1,92,21,13,2,128,0,0,0,128
04/08/2022,SYR,NY,AEA,EN,Combined TRACON& Tower with Radar,90,33,19,0,142,0,0,17,4,21,90,33,36,4,163,6,0,6,169
04/09/2022,SYR,NY,AEA,EN,Combined TRACON& Tower with Radar,82,25,17,0,124,0,0,8,3,11,82,25,25,3,135,0,0,0,135
04/10/2022,SYR,NY,AEA,EN,Combined TRACON& Tower with Radar,76,22,11,0,109,0,0,2,0,2,76,22,13,0,111,0,0,0,111
04/11/2022,SYR,NY,AEA,EN,Combined TRACON& Tower with Radar,94,23,13,7,137,0,1,30,6,37,94,24,43,13,174,0,10,10,184
04/12/2022,SYR,NY,AEA,EN,Combined TRACON& Tower with Radar,97,24,19,4,144,0,0,26,0,26,97,24,45,4,170,2,0,2,172
04/13/2022,SYR,NY,AEA,EN,Combined TRACON& Tower with Radar,101,24,14,11,150,0,0,7,3,10,101,24,21,14,160,0,0,0,160
04/14/2022,SYR,NY,AEA,EN,Combined TRACON& Tower with Radar,97,34,13,7,151,0,0,11,5,16,97,34,24,12,167,0,0,0,167
04/15/2022,SYR,NY,AEA,EN,Combined TRACON& Tower with Radar,104,32,16,2,154,0,1,11,6,18,104,33,27,8,172,0,0,0,172
04/16/2022,SYR,NY,AEA,EN,Combined TRACON& Tower with Radar,81,19,17,0,117,0,0,4,0,4,81,19,21,0,121,8,0,8,129
04/17/2022,SYR,NY,AEA,EN,Combined TRACON& Tower with Radar,80,24,12,0,116,0,0,8,0,8,80,24,20,0,124,22,0,22,146
04/18/2022,SYR,NY,AEA,EN,Combined TRACON& Tower with Radar,94,20,17,8,139,0,1,20,5,26,94,21,37,13,165,0,0,0,165
04/19/2022,SYR,NY,AEA,EN,Combined TRACON& Tower with Radar,98,24,9,0,131,0,0,0,0,0,98,24,9,0,131,0,0,0,131
04/20/2022,SYR,NY,AEA,EN,Combined TRACON& Tower with Radar,98,19,22,15,154,0,0,27,21,48,98,19,49,36,202,6,20,26,228
04/21/2022,SYR,NY,AEA,EN,Combined TRACON& Tower with Radar,96,19,18,5,138,0,2,0,1,3,96,21,18,6,141,0,0,0,141
04/22/2022,SYR,NY,AEA,EN,Combined TRACON& Tower with Radar,100,18,8,1,127,0,3,36,10,49,100,21,44,11,176,20,0,20,196
04/23/2022,SYR,NY,AEA,EN,Combined TRACON& Tower with Radar,72,15,15,0,102,0,0,15,4,19,72,15,30,4,121,0,0,0,121
04/24/2022,SYR,NY,AEA,EN,Combined TRACON& Tower with Radar,76,18,15,1,110,0,0,33,7,40,76,18,48,8,150,8,0,8,158
04/25/2022,SYR,NY,AEA,EN,Combined TRACON& Tower with Radar,92,20,26,26,164,0,0,31,6,37,92,20,57,32,201,46,12,58,259
04/26/2022,SYR,NY,AEA,EN,Combined TRACON& Tower with Radar,99,26,19,3,147,0,0,7,3,10,99,26,26,6,157,0,0,0,157
04/27/2022,SYR,NY,AEA,EN,Combined TRACON& Tower with Radar,96,32,15,11,154,0,0,3,3,6,96,32,18,14,160,0,0,0,160
04/28/2022,SYR,NY,AEA,EN,Combined TRACON& Tower with Radar,94,32,17,24,167,0,0,16,20,36,94,32,33,44,203,0,22,22,225
04/29/2022,SYR,NY,AEA,EN,Combined TRACON& Tower with Radar,94,22,20,14,150,0,0,13,4,17,94,22,33,18,167,22,0,22,189
04/30/2022,SYR,NY,AEA,EN,Combined TRACON& Tower with Radar,81,14,9,9,113,0,1,32,16,49,81,15,41,25,162,24,17,41,203
05/01/2022,SYR,NY,AEA,EN,Combined TRACON& Tower with Radar,80,14,9,0,103,0,0,28,4,32,80,14,37,4,135,18,0,18,153
05/02/2022,SYR,NY,AEA,EN,Combined TRACON& Tower with Radar,86,26,25,8,145,0,0,5,0,5,86,26,30,8,150,0,0,0,150
05/03/2022,SYR,NY,AEA,EN,Combined TRACON& Tower with Radar,98,24,14,15,151,0,0,26,3,29,98,24,40,18,180,0,0,0,180
05/04/2022,SYR,NY,AEA,EN,Combined TRACON& Tower with Radar,92,23,17,7,139,0,0,0,5,5,92,23,17,12,144,0,14,14,158
05/05/2022,SYR,NY,AEA,EN,Combined TRACON& Tower with Radar,96,24,40,14,174,0,0,32,4,36,96,24,72,18,210,0,0,0,210
05/06/2022,SYR,NY,AEA,EN,Combined TRACON& Tower with Radar,90,28,19,0,137,0,0,20,4,24,90,28,39,4,161,20,0,20,181
05/07/2022,SYR,NY,AEA,EN,Combined TRACON& Tower with Radar,72,21,7,0,100,0,0,25,0,25,72,21,32,0,125,0,0,0,125
05/08/2022,SYR,NY,AEA,EN,Combined TRACON& Tower with Radar,72,18,9,0,99,0,0,26,0,26,72,18,35,0,125,26,0,26,151
05/09/2022,SYR,NY,AEA,EN,Combined TRACON& Tower with Radar,88,22,16,8,134,0,2,38,7,47,88,24,54,15,181,18,6,24,205
05/10/2022,SYR,NY,AEA,EN,Combined TRACON& Tower with Radar,86,23,21,10,140,0,0,43,3,46,86,23,64,13,186,30,0,30,216
05/11/2022,SYR,NY,AEA,EN,Combined TRACON& Tower with Radar,87,24,21,10,142,0,2,35,4,41,87,26,56,14,183,0,0,0,183
05/12/2022,SYR,NY,AEA,EN,Combined TRACON& Tower with Radar,93,34,19,0,146,0,1,32,6,39,93,35,51,6,185,0,0,0,185
05/13/2022,SYR,NY,AEA,EN,Combined TRACON& Tower with Radar,93,44,24,1,162,0,0,28,8,36,93,44,52,9,198,0,0,0,198
05/14/2022,SYR,NY,AEA,EN,Combined TRACON& Tower with Radar,70,32,17,2,121,0,0,18,7,25,70,32,35,9,146,0,0,0,146
05/15/2022,SYR,NY,AEA,EN,Combined TRACON& Tower with Radar,75,29,17,0,121,0,2,15,6,23,75,31,32,6,144,0,0,0,144
05/16/2022,SYR,NY,AEA,EN,Combined TRACON& Tower with Radar,73,20,13,4,110,0,0,7,4,11,73,20,20,8,121,12,6,18,139
05/17/2022,SYR,NY,AEA,EN,Combined TRACON& Tower with Radar,91,25,19,22,157,0,0,7,12,19,91,25,26,34,176,2,38,40,216
05/18/2022,SYR,NY,AEA,EN,Combined TRACON& Tower with Radar,87,33,13,9,142,0,2,34,10,46,87,35,47,19,188,0,0,0,188
05/19/2022,SYR,NY,AEA,EN,Combined TRACON& Tower with Radar,101,29,13,8,151,0,0,4,3,7,101,29,17,11,158,14,5,19,177
05/20/2022,SYR,NY,AEA,EN,Combined TRACON& Tower with Radar,92,26,21,2,141,0,0,16,7,23,92,26,37,9,164,0,0,0,164
05/21/2022,SYR,NY,AEA,EN,Combined TRACON& Tower with Radar,70,17,10,1,98,0,1,25,6,32,70,18,35,7,130,0,0,0,130
05/22/2022,SYR,NY,AEA,EN,Combined TRACON& Tower with Radar,65,18,22,0,105,0,0,18,0,18,65,18,40,0,123,19,0,19,142
05/23/2022,SYR,NY,AEA,EN,Combined TRACON& Tower with Radar,82,23,11,15,131,0,2,21,8,31,82,25,32,23,162,0,0,0,162
05/24/2022,SYR,NY,AEA,EN,Combined TRACON& Tower with Radar,87,23,15,20,145,0,2,36,8,46,87,25,51,28,191,16,14,30,221
05/25/2022,SYR,NY,AEA,EN,Combined TRACON& Tower with Radar,91,25,18,8,142,0,2,27,2,31,91,27,45,10,173,0,0,0,173
05/26/2022,SYR,NY,AEA,EN,Combined TRACON& Tower with Radar,92,27,24,10,153,0,2,19,2,23,92,29,43,12,176,0,0,0,176
05/27/2022,SYR,NY,AEA,EN,Combined TRACON& Tower with Radar,82,23,13,0,118,0,0,1,0,1,82,23,14,0,119,0,0,0,119
05/28/2022,SYR,NY,AEA,EN,Combined TRACON& Tower with Radar,65,15,10,0,90,0,0,6,0,6,65,15,16,0,96,0,0,0,96
05/29/2022,SYR,NY,AEA,EN,Combined TRACON& Tower with Radar,69,23,6,2,100,0,0,25,6,31,69,23,31,8,131,34,0,34,165
05/30/2022,SYR,NY,AEA,EN,Combined TRACON& Tower with Radar,71,15,13,0,99,0,0,31,15,46,71,15,44,15,145,20,0,20,165
05/31/2022,SYR,NY,AEA,EN,Combined TRACON& Tower with Radar,80,26,15,7,128,0,1,25,5,31,80,27,40,12,159,0,0,0,159
06/01/2022,SYR,NY,AEA,EN,Combined TRACON& Tower with Radar,83,23,17,0,123,0,0,4,0,4,83,23,21,0,127,0,0,0,127
06/02/2022,SYR,NY,AEA,EN,Combined TRACON& Tower with Radar,88,34,26,10,158,0,0,20,0,20,88,34,46,10,178,24,2,26,204
06/03/2022,SYR,NY,AEA,EN,Combined TRACON& Tower with Radar,95,23,24,3,145,0,0,20,5,25,95,23,44,8,170,0,0,0,170
06/04/2022,SYR,NY,AEA,EN,Combined TRACON& Tower with Radar,65,21,10,9,105,0,0,25,7,32,65,21,35,16,137,0,0,0,137
06/05/2022,SYR,NY,AEA,EN,Combined TRACON& Tower with Radar,83,23,14,6,126,0,0,51,11,62,83,23,65,17,188,6,0,6,194
06/06/2022,SYR,NY,AEA,EN,Combined TRACON& Tower with Radar,92,21,9,9,131,0,0,24,6,30,92,21,33,15,161,0,0,0,161
06/07/2022,SYR,NY,AEA,EN,Combined TRACON& Tower with Radar,96,23,18,2,139,0,0,2,6,8,96,23,20,8,147,0,0,0,147
06/08/2022,SYR,NY,AEA,EN,Combined TRACON& Tower with Radar,97,30,20,8,155,0,0,29,8,37,97,30,49,16,192,20,8,28,220
06/09/2022,SYR,NY,AEA,EN,Combined TRACON& Tower with Radar,101,20,24,1,146,0,0,1,1,2,101,20,25,2,148,0,0,0,148
06/10/2022,SYR,NY,AEA,EN,Combined TRACON& Tower with Radar,90,27,11,2,130,0,3,19,2,24,90,30,30,4,154,0,0,0,154
06/11/2022,SYR,NY,AEA,EN,Combined TRACON& Tower with Radar,80,20,10,1,111,0,1,34,3,38,80,21,44,4,149,10,0,10,159
06/12/2022,SYR,NY,AEA,EN,Combined TRACON& Tower with Radar,76,20,15,0,111,0,0,13,2,15,76,20,28,2,126,0,0,0,126
06/13/2022,SYR,NY,AEA,EN,Combined TRACON& Tower with Radar,86,20,29,14,149,0,3,28,7,38,86,23,57,21,187,12,10,22,209
06/14/2022,SYR,NY,AEA,EN,Combined TRACON& Tower with Radar,102,25,20,11,158,0,2,48,6,56,102,27,68,17,214,2,0,2,216
06/15/2022,SYR,NY,AEA,EN,Combined TRACON& Tower with Radar,95,25,20,19,159,0,0,37,13,50,95,25,57,32,209,18,20,38,247
06/16/2022,SYR,NY,AEA,EN,Combined TRACON& Tower with Radar,93,28,11,10,142,0,1,7,4,12,93,29,18,14,154,0,6,6,160
06/17/2022,SYR,NY,AEA,EN,Combined TRACON& Tower with Radar,81,26,12,0,119,0,0,21,0,21,81,26,33,0,140,0,0,0,140
06/18/2022,SYR,NY,AEA,EN,Combined TRACON& Tower with Radar,69,19,10,0,98,0,0,11,2,13,69,19,21,2,111,0,0,0,111
06/19/2022,SYR,NY,AEA,EN,Combined TRACON& Tower with Radar,78,15,6,0,99,0,0,19,4,23,78,15,25,4,122,0,0,0,122
06/20/2022,SYR,NY,AEA,EN,Combined TRACON& Tower with Radar,93,22,23,0,138,0,2,41,3,46,93,24,64,3,184,24,0,24,208
06/21/2022,SYR,NY,AEA,EN,Combined TRACON& Tower with Radar,101,20,14,19,154,0,0,33,19,52,101,20,47,38,206,0,21,21,227
06/22/2022,SYR,NY,AEA,EN,Combined TRACON& Tower with Radar,75,26,29,8,138,0,0,30,4,34,75,26,59,12,172,10,14,24,196
06/23/2022,SYR,NY,AEA,EN,Combined TRACON& Tower with Radar,105,26,32,13,176,0,0,25,5,30,105,26,57,18,206,0,0,0,206
06/24/2022,SYR,NY,AEA,EN,Combined TRACON& Tower with Radar,96,20,20,1,137,0,0,38,6,44,96,20,58,7,181,0,0,0,181
06/25/2022,SYR,NY,AEA,EN,Combined TRACON& Tower with Radar,78,14,17,1,110,0,0,41,12,53,78,14,58,13,163,16,0,16,179
06/26/2022,SYR,NY,AEA,EN,Combined TRACON& Tower with Radar,73,16,19,2,110,0,0,26,4,30,73,16,45,6,140,0,0,0,140
06/27/2022,SYR,NY,AEA,EN,Combined TRACON& Tower with Radar,80,21,21,18,140,0,2,27,10,39,80,23,48,28,179,0,6,6,185
06/28/2022,SYR,NY,AEA,EN,Combined TRACON& Tower with Radar,101,25,23,9,158,0,1,47,1,49,101,26,70,10,207,46,0,46,253
06/29/2022,SYR,NY,AEA,EN,Combined TRACON& Tower with Radar,94,18,8,22,142,0,0,39,2,41,94,18,47,24,183,24,12,36,219
06/30/2022,SYR,NY,AEA,EN,Combined TRACON& Tower with Radar,101,27,11,12,151,0,0,37,5,42,101,27,48,17,193,0,0,0,193
07/01/2022,SYR,NY,AEA,EN,Combined TRACON& Tower with Radar,87,20,22,1,130,0,2,25,8,35,87,22,47,9,165,0,0,0,165
07/02/2022,SYR,NY,AEA,EN,Combined TRACON& Tower with Radar,76,15,11,1,103,0,0,33,5,38,76,15,44,6,141,0,0,0,141
07/03/2022,SYR,NY,AEA,EN,Combined TRACON& Tower with Radar,75,12,15,0,102,0,6,35,2,43,75,18,50,2,145,6,0,6,151
07/04/2022,SYR,NY,AEA,EN,Combined TRACON& Tower with Radar,75,19,7,0,101,0,0,29,0,29,75,19,36,0,130,4,0,4,134
07/05/2022,SYR,NY,AEA,EN,Combined TRACON& Tower with Radar,86,18,14,0,118,0,0,9,4,13,86,18,23,4,131,20,0,20,151
07/06/2022,SYR,NY,AEA,EN,Combined TRACON& Tower with Radar,91,23,25,7,146,0,1,12,3,16,91,24,37,10,162,0,0,0,162
07/07/2022,SYR,NY,AEA,EN,Combined TRACON& Tower with Radar,99,21,18,6,144,0,1,41,0,42,99,22,59,6,186,0,0,0,186
07/08/2022,SYR,NY,AEA,EN,Combined TRACON& Tower with Radar,88,19,19,0,126,0,0,27,4,31,88,19,46,4,157,23,0,23,180
07/09/2022,SYR,NY,AEA,EN,Combined TRACON& Tower with Radar,76,21,20,0,117,0,0,32,3,35,76,21,52,3,152,0,0,0,152
07/10/2022,SYR,NY,AEA,EN,Combined TRACON& Tower with Radar,86,11,17,0,114,0,0,32,2,34,86,11,49,2,148,14,0,14,162
07/11/2022,SYR,NY,AEA,EN,Combined TRACON& Tower with Radar,88,21,15,19,143,0,0,32,4,36,88,21,47,23,179,12,0,12,191
07/12/2022,SYR,NY,AEA,EN,Combined TRACON& Tower with Radar,92,13,15,6,126,0,0,7,3,10,92,13,22,9,136,0,0,0,136
07/13/2022,SYR,NY,AEA,EN,Combined TRACON& Tower with Radar,88,22,20,7,137,0,1,32,50,83,88,23,52,57,220,0,56,56,276
07/14/2022,SYR,NY,AEA,EN,Combined TRACON& Tower with Radar,101,20,7,8,136,0,0,22,12,34,101,20,29,20,170,6,0,6,176
07/15/2022,SYR,NY,AEA,EN,Combined TRACON& Tower with Radar,90,24,16,0,130,0,5,48,6,59,90,29,64,6,189,0,0,0,189
07/16/2022,SYR,NY,AEA,EN,Combined TRACON& Tower with Radar,73,18,15,0,106,0,11,30,12,53,73,29,45,12,159,0,0,0,159
07/17/2022,SYR,NY,AEA,EN,Combined TRACON& Tower with Radar,80,20,15,2,117,0,1,24,13,38,80,21,39,15,155,0,0,0,155
07/18/2022,SYR,NY,AEA,EN,Combined TRACON& Tower with Radar,86,20,17,8,131,0,0,6,0,6,86,20,23,8,137,12,0,12,149
07/19/2022,SYR,NY,AEA,EN,Combined TRACON& Tower with Radar,92,23,18,17,150,0,0,21,17,38,92,23,39,34,188,0,4,4,192
07/20/2022,SYR,NY,AEA,EN,Combined TRACON& Tower with Radar,88,21,17,8,134,0,0,38,21,59,88,21,55,29,193,16,0,16,209
07/21/2022,SYR,NY,AEA,EN,Combined TRACON& Tower with Radar,101,21,16,9,147,0,3,22,14,39,101,24,38,23,186,0,0,0,186
07/22/2022,SYR,NY,AEA,EN,Combined TRACON& Tower with Radar,94,19,15,11,139,0,1,37,14,52,94,20,52,25,191,0,0,0,191
07/23/2022,SYR,NY,AEA,EN,Combined TRACON& Tower with Radar,71,16,11,1,99,0,0,24,36,60,71,16,35,37,159,3,0,3,162
07/24/2022,SYR,NY,AEA,EN,Combined TRACON& Tower with Radar,74,18,9,0,101,0,1,16,16,33,74,19,25,16,134,0,0,0,134
07/25/2022,SYR,NY,AEA,EN,Combined TRACON& Tower with Radar,87,20,15,11,133,0,0,18,14,32,87,20,33,25,165,0,10,10,175
07/26/2022,SYR,NY,AEA,EN,Combined TRACON& Tower with Radar,92,24,23,17,156,0,1,50,30,81,92,25,73,47,237,34,0,34,271
07/27/2022,SYR,NY,AEA,EN,Combined TRACON& Tower with Radar,88,22,21,15,146,0,0,37,25,62,88,22,58,40,208,44,6,50,258
07/28/2022,SYR,NY,AEA,EN,Combined TRACON& Tower with Radar,93,24,24,19,160,0,1,14,27,42,93,25,38,46,202,98,0,98,300
07/29/2022,SYR,NY,AEA,EN,Combined TRACON& Tower with Radar,94,27,20,1,142,0,1,38,27,66,94,28,58,28,208,10,0,10,218
07/30/2022,SYR,NY,AEA,EN,Combined TRACON& Tower with Radar,74,14,9,1,98,0,0,16,10,26,74,14,25,11,124,16,0,16,140
07/31/2022,SYR,NY,AEA,EN,Combined TRACON& Tower with Radar,72,21,19,1,113,0,2,27,11,40,72,23,46,12,153,20,0,20,173
08/01/2022,SYR,NY,AEA,EN,Combined TRACON& Tower with Radar,92,27,14,14,147,0,1,33,6,40,92,28,47,20,187,0,0,0,187
08/02/2022,SYR,NY,AEA,EN,Combined TRACON& Tower with Radar,96,15,20,10,141,0,0,13,10,23,96,15,33,20,164,0,0,0,164
08/03/2022,SYR,NY,AEA,EN,Combined TRACON& Tower with Radar,81,22,10,13,126,0,1,38,0,39,81,23,48,13,165,0,0,0,165
08/04/2022,SYR,NY,AEA,EN,Combined TRACON& Tower with Radar,96,25,9,7,137,0,0,19,5,24,96,25,28,12,161,0,0,0,161
08/05/2022,SYR,NY,AEA,EN,Combined TRACON& Tower with Radar,78,25,12,4,119,0,0,25,2,27,78,25,37,6,146,0,0,0,146
08/06/2022,SYR,NY,AEA,EN,Combined TRACON& Tower with Radar,65,21,12,6,104,0,1,25,56,82,65,22,37,62,186,10,68,78,264
08/07/2022,SYR,NY,AEA,EN,Combined TRACON& Tower with Radar,69,17,16,8,110,0,2,26,5,33,69,19,42,13,143,6,0,6,149
08/08/2022,SYR,NY,AEA,EN,Combined TRACON& Tower with Radar,83,21,16,11,131,0,1,29,9,39,83,22,45,20,170,6,0,6,176
08/09/2022,SYR,NY,AEA,EN,Combined TRACON& Tower with Radar,88,18,24,20,150,0,0,6,7,13,88,18,30,27,163,0,0,0,163
08/10/2022,SYR,NY,AEA,EN,Combined TRACON& Tower with Radar,86,22,25,11,144,0,0,27,13,40,86,22,52,24,184,28,4,32,216
08/11/2022,SYR,NY,AEA,EN,Combined TRACON& Tower with Radar,106,20,15,2,143,0,0,39,2,41,106,20,54,4,184,50,0,50,234
08/12/2022,SYR,NY,AEA,EN,Combined TRACON& Tower with Radar,92,23,18,0,133,0,0,56,7,63,92,23,74,7,196,0,0,0,196
08/13/2022,SYR,NY,AEA,EN,Combined TRACON& Tower with Radar,72,18,8,0,98,0,0,49,14,63,72,18,57,14,161,0,0,0,161
08/14/2022,SYR,NY,AEA,EN,Combined TRACON& Tower with Radar,78,17,11,2,108,0,1,37,8,46,78,18,48,10,154,16,0,16,170
08/15/2022,SYR,NY,AEA,EN,Combined TRACON& Tower with Radar,89,20,12,8,129,0,0,20,4,24,89,20,32,12,153,22,0,22,175
08/16/2022,SYR,NY,AEA,EN,Combined TRACON& Tower with Radar,93,22,20,10,145,0,0,38,4,42,93,22,58,14,187,0,0,0,187
08/17/2022,SYR,NY,AEA,EN,Combined TRACON& Tower with Radar,86,21,13,11,131,0,0,29,5,34,86,21,42,16,165,0,8,8,173
08/18/2022,SYR,NY,AEA,EN,Combined TRACON& Tower with Radar,94,23,12,14,143,0,1,36,1,38,94,24,48,15,181,0,0,0,181
08/19/2022,SYR,NY,AEA,EN,Combined TRACON& Tower with Radar,92,25,7,0,124,0,0,54,6,60,92,25,61,6,184,0,0,0,184
08/20/2022,SYR,NY,AEA,EN,Combined TRACON& Tower with Radar,71,13,14,0,98,0,2,28,3,33,71,15,42,3,131,0,0,0,131
08/21/2022,SYR,NY,AEA,EN,Combined TRACON& Tower with Radar,73,22,5,0,100,0,1,17,1,19,73,23,22,1,119,0,0,0,119
08/22/2022,SYR,NY,AEA,EN,Combined TRACON& Tower with Radar,79,25,14,5,123,0,1,2,3,6,79,26,16,8,129,0,0,0,129
08/23/2022,SYR,NY,AEA,EN,Combined TRACON& Tower with Radar,90,24,25,14,153,0,0,7,0,7,90,24,32,14,160,0,0,0,160
08/24/2022,SYR,NY,AEA,EN,Combined TRACON& Tower with Radar,82,24,19,16,141,0,6,58,4,68,82,30,77,20,209,24,0,24,233
08/25/2022,SYR,NY,AEA,EN,Combined TRACON& Tower with Radar,97,31,27,6,161,0,4,37,3,44,97,35,64,9,205,0,0,0,205
08/26/2022,SYR,NY,AEA,EN,Combined TRACON& Tower with Radar,88,21,29,1,139,0,0,13,2,15,88,21,42,3,154,0,0,0,154
08/27/2022,SYR,NY,AEA,EN,Combined TRACON& Tower with Radar,69,21,26,0,116,0,1,21,9,31,69,22,47,9,147,16,0,16,163
08/28/2022,SYR,NY,AEA,EN,Combined TRACON& Tower with Radar,73,16,19,0,108,0,0,33,5,38,73,16,52,5,146,0,0,0,146
08/29/2022,SYR,NY,AEA,EN,Combined TRACON& Tower with Radar,78,24,8,8,118,0,1,14,6,21,78,25,22,14,139,6,0,6,145
08/30/2022,SYR,NY,AEA,EN,Combined TRACON& Tower with Radar,86,24,21,8,139,0,1,9,6,16,86,25,30,14,155,8,4,12,167
08/31/2022,SYR,NY,AEA,EN,Combined TRACON& Tower with Radar,87,18,12,12,129,0,0,22,11,33,87,18,34,23,162,0,0,0,162
09/01/2022,SYR,NY,AEA,EN,Combined TRACON& Tower with Radar,102,17,18,21,158,0,0,37,4,41,102,17,55,25,199,0,0,0,199
09/02/2022,SYR,NY,AEA,EN,Combined TRACON& Tower with Radar,100,19,13,0,132,0,0,51,3,54,100,19,64,3,186,26,0,26,212
09/03/2022,SYR,NY,AEA,EN,Combined TRACON& Tower with Radar,64,14,11,0,89,0,0,27,3,30,64,14,38,3,119,0,0,0,119
09/04/2022,SYR,NY,AEA,EN,Combined TRACON& Tower with Radar,71,18,13,1,103,0,0,9,2,11,71,18,22,3,114,0,0,0,114
09/05/2022,SYR,NY,AEA,EN,Combined TRACON& Tower with Radar,87,14,20,0,121,0,0,0,0,0,87,14,20,0,121,0,0,0,121
09/06/2022,SYR,NY,AEA,EN,Combined TRACON& Tower with Radar,93,15,9,13,130,0,0,0,1,1,93,15,9,14,131,0,0,0,131
09/07/2022,SYR,NY,AEA,EN,Combined TRACON& Tower with Radar,88,18,21,6,133,0,0,7,2,9,88,18,28,8,142,22,0,22,164
09/08/2022,SYR,NY,AEA,EN,Combined TRACON& Tower with Radar,101,16,13,18,148,0,0,30,4,34,101,16,43,22,182,0,0,0,182
09/09/2022,SYR,NY,AEA,EN,Combined TRACON& Tower with Radar,105,24,27,1,157,0,1,42,0,43,105,25,69,1,200,0,0,0,200
09/10/2022,SYR,NY,AEA,EN,Combined TRACON& Tower with Radar,71,16,19,14,120,0,0,40,7,47,71,16,59,21,167,0,0,0,167
09/11/2022,SYR,NY,AEA,EN,Combined TRACON& Tower with Radar,84,17,26,0,127,0,0,19,4,23,84,17,45,4,150,48,0,48,198
09/12/2022,SYR,NY,AEA,EN,Combined TRACON& Tower with Radar,98,20,24,10,152,0,0,5,1,6,98,20,29,11,158,20,0,20,178
09/13/2022,SYR,NY,AEA,EN,Combined TRACON& Tower with Radar,100,19,21,2,142,0,1,3,14,18,100,20,24,16,160,0,26,26,186
09/14/2022,SYR,NY,AEA,EN,Combined TRACON& Tower with Radar,92,16,21,9,138,0,0,21,13,34,92,16,42,22,172,0,0,0,172
09/15/2022,SYR,NY,AEA,EN,Combined TRACON& Tower with Radar,104,21,25,9,159,0,0,30,5,35,104,21,55,14,194,18,0,18,212
09/16/2022,SYR,NY,AEA,EN,Combined TRACON& Tower with Radar,103,25,23,3,154,0,0,27,0,27,103,25,50,3,181,0,0,0,181
09/17/2022,SYR,NY,AEA,EN,Combined TRACON& Tower with Radar,74,15,14,0,103,0,2,27,6,35,74,17,41,6,138,18,0,18,156
09/18/2022,SYR,NY,AEA,EN,Combined TRACON& Tower with Radar,84,21,18,2,125,0,0,30,2,32,84,21,48,4,157,0,0,0,157
09/19/2022,SYR,NY,AEA,EN,Combined TRACON& Tower with Radar,94,24,16,7,141,0,0,5,6,11,94,24,21,13,152,20,4,24,176
09/20/2022,SYR,NY,AEA,EN,Combined TRACON& Tower with Radar,97,22,27,25,171,0,0,15,11,26,97,22,42,36,197,16,34,50,247
09/21/2022,SYR,NY,AEA,EN,Combined TRACON& Tower with Radar,92,19,22,10,143,0,0,35,10,45,92,19,57,20,188,22,0,22,210
09/22/2022,SYR,NY,AEA,EN,Combined TRACON& Tower with Radar,105,21,20,12,158,0,0,6,2,8,105,21,26,14,166,0,0,0,166
09/23/2022,SYR,NY,AEA,EN,Combined TRACON& Tower with Radar,108,37,22,0,167,0,1,38,0,39,108,38,60,0,206,0,0,0,206
09/24/2022,SYR,NY,AEA,EN,Combined TRACON& Tower with Radar,75,14,17,0,106,0,0,54,5,59,75,14,71,5,165,6,0,6,171
09/25/2022,SYR,NY,AEA,EN,Combined TRACON& Tower with Radar,74,21,22,0,117,0,0,2,0,2,74,21,24,0,119,24,0,24,143
09/26/2022,SYR,NY,AEA,EN,Combined TRACON& Tower with Radar,98,18,11,6,133,0,1,12,0,13,98,19,23,6,146,12,0,12,158
09/27/2022,SYR,NY,AEA,EN,Combined TRACON& Tower with Radar,100,15,29,13,157,0,0,11,3,14,100,15,40,16,171,2,4,6,177
09/28/2022,SYR,NY,AEA,EN,Combined TRACON& Tower with Radar,93,16,14,8,131,0,0,7,5,12,93,16,21,13,143,14,0,14,157
09/29/2022,SYR,NY,AEA,EN,Combined TRACON& Tower with Radar,99,20,30,14,163,0,1,43,6,50,99,21,73,20,213,0,0,0,213
09/30/2022,SYR,NY,AEA,EN,Combined TRACON& Tower with Radar,97,26,15,0,138,0,0,47,3,50,97,26,62,3,188,33,0,33,221
10/01/2022,SYR,NY,AEA,EN,Combined TRACON& Tower with Radar,70,23,21,0,114,0,0,38,2,40,70,23,59,2,154,28,0,28,182
10/02/2022,SYR,NY,AEA,EN,Combined TRACON& Tower with Radar,81,24,9,0,114,0,0,33,5,38,81,24,42,5,152,8,0,8,160
10/03/2022,SYR,NY,AEA,EN,Combined TRACON& Tower with Radar,93,27,29,8,157,0,0,36,4,40,93,27,65,12,197,8,0,8,205
10/04/2022,SYR,NY,AEA,EN,Combined TRACON& Tower with Radar,86,27,29,12,154,0,0,35,4,39,86,27,64,16,193,20,0,20,213
10/05/2022,SYR,NY,AEA,EN,Combined TRACON& Tower with Radar,92,27,14,9,142,0,0,56,6,62,92,27,70,15,204,32,0,32,236
10/06/2022,SYR,NY,AEA,EN,Combined TRACON& Tower with Radar,96,31,26,8,161,0,0,58,3,61,96,31,84,11,222,0,0,0,222
10/07/2022,SYR,NY,AEA,EN,Combined TRACON& Tower with Radar,103,25,20,0,148,0,0,6,1,7,103,25,26,1,155,0,0,0,155
10/08/2022,SYR,NY,AEA,EN,Combined TRACON& Tower with Radar,70,23,20,0,113,0,1,18,0,19,70,24,38,0,132,69,0,69,201
10/09/2022,SYR,NY,AEA,EN,Combined TRACON& Tower with Radar,82,25,19,0,126,0,0,23,0,23,82,25,42,0,149,5,0,5,154
10/10/2022,SYR,NY,AEA,EN,Combined TRACON& Tower with Radar,88,33,10,3,134,0,0,28,6,34,88,33,38,9,168,52,0,52,220
10/11/2022,SYR,NY,AEA,EN,Combined TRACON& Tower with Radar,90,26,22,8,146,0,0,45,5,50,90,26,67,13,196,10,0,10,206
10/12/2022,SYR,NY,AEA,EN,Combined TRACON& Tower with Radar,88,28,13,15,144,0,0,40,12,52,88,28,53,27,196,8,0,8,204
10/13/2022,SYR,NY,AEA,EN,Combined TRACON& Tower with Radar,91,24,14,8,137,0,1,1,1,3,91,25,15,9,140,0,0,0,140
10/14/2022,SYR,NY,AEA,EN,Combined TRACON& Tower with Radar,102,46,28,14,190,0,0,47,10,57,102,46,75,24,247,8,16,24,271
10/15/2022,SYR,NY,AEA,EN,Combined TRACON& Tower with Radar,73,29,8,9,119,0,0,19,23,42,73,29,27,32,161,0,0,0,161
10/16/2022,SYR,NY,AEA,EN,Combined TRACON& Tower with Radar,80,32,23,0,135,0,2,56,6,64,80,34,79,6,199,0,0,0,199
10/17/2022,SYR,NY,AEA,EN,Combined TRACON& Tower with Radar,92,28,17,10,147,0,0,11,2,13,92,28,28,12,160,22,0,22,182
10/18/2022,SYR,NY,AEA,EN,Combined TRACON& Tower with Radar,90,20,22,12,144,0,0,20,5,25,90,20,42,17,169,4,0,4,173
10/19/2022,SYR,NY,AEA,EN,Combined TRACON& Tower with Radar,87,31,25,8,151,0,2,13,5,20,87,33,38,13,171,0,0,0,171
10/20/2022,SYR,NY,AEA,EN,Combined TRACON& Tower with Radar,93,29,21,5,148,0,0,22,22,44,93,29,43,27,192,0,0,0,192
10/21/2022,SYR,NY,AEA,EN,Combined TRACON& Tower with Radar,102,30,12,8,152,0,0,37,3,40,102,30,49,11,192,0,0,0,192
10/22/2022,SYR,NY,AEA,EN,Combined TRACON& Tower with Radar,73,21,9,0,103,0,0,43,0,43,73,21,52,0,146,0,0,0,146
10/23/2022,SYR,NY,AEA,EN,Combined TRACON& Tower with Radar,79,18,11,0,108,0,1,48,4,53,79,19,59,4,161,72,0,72,233
10/24/2022,SYR,NY,AEA,EN,Combined TRACON& Tower with Radar,90,23,26,12,151,0,0,28,12,40,90,23,54,24,191,12,12,24,215
10/25/2022,SYR,NY,AEA,EN,Combined TRACON& Tower with Radar,94,17,20,8,139,0,0,33,0,33,94,17,53,8,172,48,0,48,220
10/26/2022,SYR,NY,AEA,EN,Combined TRACON& Tower with Radar,87,17,26,10,140,0,0,34,4,38,87,17,60,14,178,0,0,0,178
10/27/2022,SYR,NY,AEA,EN,Combined TRACON& Tower with Radar,94,21,18,13,146,0,0,15,2,17,94,21,33,15,163,0,0,0,163
10/28/2022,SYR,NY,AEA,EN,Combined TRACON& Tower with Radar,98,32,24,2,156,0,0,66,1,67,98,32,90,3,223,16,0,16,239
10/29/2022,SYR,NY,AEA,EN,Combined TRACON& Tower with Radar,72,24,24,0,120,0,4,42,5,51,72,28,66,5,171,18,0,18,189
10/30/2022,SYR,NY,AEA,EN,Combined TRACON& Tower with Radar,81,25,17,0,123,0,5,35,3,43,81,30,52,3,166,0,0,0,166
10/31/2022,SYR,NY,AEA,EN,Combined TRACON& Tower with Radar,89,15,21,8,133,0,1,28,6,35,89,16,49,14,168,0,0,0,168
11/01/2022,SYR,NY,AEA,EN,Combined TRACON& Tower with Radar,88,23,22,11,144,0,0,7,0,7,88,23,29,11,151,20,0,20,171
11/02/2022,SYR,NY,AEA,EN,Combined TRACON& Tower with Radar,89,24,21,11,145,0,0,30,4,34,89,24,51,15,179,6,0,6,185
11/03/2022,SYR,NY,AEA,EN,Combined TRACON& Tower with Radar,89,23,16,8,136,0,0,58,6,64,89,23,74,14,200,6,0,6,206
11/04/2022,SYR,NY,AEA,EN,Combined TRACON& Tower with Radar,104,29,23,4,160,0,0,47,4,51,104,29,70,8,211,0,0,0,211
11/05/2022,SYR,NY,AEA,EN,Combined TRACON& Tower with Radar,66,22,11,4,103,0,1,18,6,25,66,23,29,10,128,6,6,12,140
11/06/2022,SYR,NY,AEA,EN,Combined TRACON& Tower with Radar,77,23,17,0,117,0,0,17,0,17,77,23,34,0,134,10,0,10,144
11/07/2022,SYR,NY,AEA,EN,Combined TRACON& Tower with Radar,100,15,8,6,129,0,5,22,4,31,100,20,30,10,160,0,0,0,160
11/08/2022,SYR,NY,AEA,EN,Combined TRACON& Tower with Radar,88,17,13,18,136,0,3,39,4,46,88,20,52,22,182,30,0,30,212
11/09/2022,SYR,NY,AEA,EN,Combined TRACON& Tower with Radar,93,16,20,24,153,0,0,59,15,74,93,16,79,39,227,16,0,16,243
11/10/2022,SYR,NY,AEA,EN,Combined TRACON& Tower with Radar,88,21,19,0,128,0,1,32,5,38,88,22,51,5,166,36,0,36,202
11/11/2022,SYR,NY,AEA,EN,Combined TRACON& Tower with Radar,96,27,13,0,136,0,0,5,1,6,96,27,18,1,142,0,0,0,142
11/12/2022,SYR,NY,AEA,EN,Combined TRACON& Tower with Radar,81,28,14,0,123,0,0,12,0,12,81,28,26,0,135,0,0,0,135
11/13/2022,SYR,NY,AEA,EN,Combined TRACON& Tower with Radar,78,17,19,0,114,0,0,1,2,3,78,17,20,2,117,0,0,0,117
11/14/2022,SYR,NY,AEA,EN,Combined TRACON& Tower with Radar,96,23,6,18,143,0,0,29,6,35,96,23,35,24,178,0,8,8,186
11/15/2022,SYR,NY,AEA,EN,Combined TRACON& Tower with Radar,90,20,8,9,127,0,0,17,4,21,90,20,25,13,148,44,0,44,192
11/16/2022,SYR,NY,AEA,EN,Combined TRACON& Tower with Radar,96,24,7,5,132,0,0,0,17,17,96,24,7,22,149,0,20,20,169
11/17/2022,SYR,NY,AEA,EN,Combined TRACON& Tower with Radar,95,22,8,10,135,0,0,4,0,4,95,22,12,10,139,0,0,0,139
11/18/2022,SYR,NY,AEA,EN,Combined TRACON& Tower with Radar,91,26,12,0,129,0,0,12,4,16,91,26,24,4,145,0,0,0,145
11/19/2022,SYR,NY,AEA,EN,Combined TRACON& Tower with Radar,76,26,28,0,130,0,2,44,0,46,76,28,72,0,176,26,0,26,202
11/20/2022,SYR,NY,AEA,EN,Combined TRACON& Tower with Radar,87,18,4,0,109,0,0,4,0,4,87,18,8,0,113,0,0,0,113
11/21/2022,SYR,NY,AEA,EN,Combined TRACON& Tower with Radar,99,17,5,8,129,0,1,22,0,23,99,18,27,8,152,0,0,0,152
11/22/2022,SYR,NY,AEA,EN,Combined TRACON& Tower with Radar,100,29,17,14,160,0,0,34,0,34,100,29,51,14,194,22,10,32,226
11/23/2022,SYR,NY,AEA,EN,Combined TRACON& Tower with Radar,106,20,16,18,160,0,0,40,7,47,106,20,56,25,207,8,8,16,223
11/24/2022,SYR,NY,AEA,EN,Combined TRACON& Tower with Radar,44,8,3,0,55,0,0,18,0,18,44,8,21,0,73,28,0,28,101
11/25/2022,SYR,NY,AEA,EN,Combined TRACON& Tower with Radar,74,16,5,0,95,0,1,2,1,4,74,17,7,1,99,0,0,0,99
11/26/2022,SYR,NY,AEA,EN,Combined TRACON& Tower with Radar,76,23,15,0,114,0,1,45,1,47,76,24,60,1,161,24,0,24,185
11/27/2022,SYR,NY,AEA,EN,Combined TRACON& Tower with Radar,83,38,21,0,142,0,0,15,0,15,83,38,36,0,157,0,0,0,157
11/28/2022,SYR,NY,AEA,EN,Combined TRACON& Tower with Radar,109,23,16,13,161,0,0,6,5,11,109,23,22,18,172,6,0,6,178
11/29/2022,SYR,NY,AEA,EN,Combined TRACON& Tower with Radar,100,22,18,10,150,0,2,41,7,50,100,24,59,17,200,8,0,8,208
11/30/2022,SYR,NY,AEA,EN,Combined TRACON& Tower with Radar,97,22,8,0,127,0,0,2,4,6,97,22,10,4,133,0,0,0,133
12/01/2022,SYR,NY,AEA,EN,Combined TRACON& Tower with Radar,100,23,9,2,134,0,0,1,0,1,100,23,10,2,135,0,0,0,135
12/02/2022,SYR,NY,AEA,EN,Combined TRACON& Tower with Radar,96,21,13,1,131,0,0,36,6,42,96,21,49,7,173,24,14,38,211
12/03/2022,SYR,NY,AEA,EN,Combined TRACON& Tower with Radar,74,19,2,0,95,0,1,5,0,6,74,20,7,0,101,0,0,0,101
12/04/2022,SYR,NY,AEA,EN,Combined TRACON& Tower with Radar,77,18,14,13,122,0,0,41,7,48,77,18,55,20,170,30,0,30,200
12/05/2022,SYR,NY,AEA,EN,Combined TRACON& Tower with Radar,91,23,14,8,136,0,1,26,12,39,91,24,40,20,175,12,14,26,201
12/06/2022,SYR,NY,AEA,EN,Combined TRACON& Tower with Radar,94,25,13,0,132,0,0,0,0,0,94,25,13,0,132,0,0,0,132
12/07/2022,SYR,NY,AEA,EN,Combined TRACON& Tower with Radar,98,27,12,0,137,0,0,0,0,0,98,27,12,0,137,0,0,0,137
12/08/2022,SYR,NY,AEA,EN,Combined TRACON& Tower with Radar,98,27,20,8,153,0,1,8,5,14,98,28,28,13,167,34,0,34,201
12/09/2022,SYR,NY,AEA,EN,Combined TRACON& Tower with Radar,96,27,33,0,156,0,0,43,4,47,96,27,76,4,203,42,0,42,245
12/10/2022,SYR,NY,AEA,EN,Combined TRACON& Tower with Radar,71,30,16,0,117,0,0,64,8,72,71,30,80,8,189,40,6,46,235
12/11/2022,SYR,NY,AEA,EN,Combined TRACON& Tower with Radar,73,20,7,0,100,0,0,0,0,0,73,20,7,0,100,0,0,0,100
12/12/2022,SYR,NY,AEA,EN,Combined TRACON& Tower with Radar,98,25,15,14,152,0,0,10,0,10,98,25,25,14,162,28,0,28,190
12/13/2022,SYR,NY,AEA,EN,Combined TRACON& Tower with Radar,97,31,13,13,154,0,0,49,9,58,97,31,62,22,212,26,0,26,238
12/14/2022,SYR,NY,AEA,EN,Combined TRACON& Tower with Radar,97,28,17,6,148,0,0,32,5,37,97,28,49,11,185,10,0,10,195
12/15/2022,SYR,NY,AEA,EN,Combined TRACON& Tower with Radar,99,33,7,6,145,0,0,9,0,9,99,33,16,6,154,0,0,0,154
12/16/2022,SYR,NY,AEA,EN,Combined TRACON& Tower with Radar,108,23,3,0,134,0,0,0,0,0,108,23,3,0,134,0,0,0,134
12/17/2022,SYR,NY,AEA,EN,Combined TRACON& Tower with Radar,83,18,9,2,112,0,0,16,2,18,83,18,25,4,130,40,8,48,178
12/18/2022,SYR,NY,AEA,EN,Combined TRACON& Tower with Radar,84,20,9,0,113,0,0,16,0,16,84,20,25,0,129,26,0,26,155
12/19/2022,SYR,NY,AEA,EN,Combined TRACON& Tower with Radar,99,19,8,6,132,0,0,0,0,0,99,19,8,6,132,0,0,0,132
12/20/2022,SYR,NY,AEA,EN,Combined TRACON& Tower with Radar,101,19,18,6,144,0,0,1,0,1,101,19,19,6,145,14,0,14,159
12/21/2022,SYR,NY,AEA,EN,Combined TRACON& Tower with Radar,104,21,10,18,153,0,0,24,20,44,104,21,34,38,197,14,24,38,235
12/22/2022,SYR,NY,AEA,EN,Combined TRACON& Tower with Radar,96,23,13,0,132,0,0,2,5,7,96,23,15,5,139,0,0,0,139
12/23/2022,SYR,NY,AEA,EN,Combined TRACON& Tower with Radar,52,11,3,0,66,0,0,0,0,0,52,11,3,0,66,0,0,0,66
12/24/2022,SYR,NY,AEA,EN,Combined TRACON& Tower with Radar,49,9,7,0,65,0,0,2,0,2,49,9,9,0,67,0,0,0,67
12/25/2022,SYR,NY,AEA,EN,Combined TRACON& Tower with Radar,37,4,4,0,45,0,0,3,0,3,37,4,7,0,48,0,0,0,48
12/26/2022,SYR,NY,AEA,EN,Combined TRACON& Tower with Radar,68,25,7,0,100,0,0,20,0,20,68,25,27,0,120,26,0,26,146
12/27/2022,SYR,NY,AEA,EN,Combined TRACON& Tower with Radar,68,22,11,6,107,0,1,14,2,17,68,23,25,8,124,28,0,28,152
12/28/2022,SYR,NY,AEA,EN,Combined TRACON& Tower with Radar,87,24,15,11,137,0,3,23,6,32,87,27,38,17,169,28,0,28,197
12/29/2022,SYR,NY,AEA,EN,Combined TRACON& Tower with Radar,79,26,20,6,131,0,4,21,7,32,79,30,41,13,163,22,14,36,199
12/30/2022,SYR,NY,AEA,EN,Combined TRACON& Tower with Radar,84,22,15,0,121,0,1,15,2,18,84,23,30,2,139,16,0,16,155
12/31/2022,SYR,NY,AEA,EN,Combined TRACON& Tower with Radar,72,11,1,0,84,0,0,0,3,3,72,11,1,3,87,0,10,10,97
01/01/2023,SYR,NY,AEA,EN,Combined TRACON& Tower with Radar,56,15,12,0,83,0,0,2,0,2,56,15,14,0,85,0,0,0,85
01/02/2023,SYR,NY,AEA,EN,Combined TRACON& Tower with Radar,64,17,22,1,104,0,0,17,1,18,64,17,39,2,122,62,0,62,184
01/03/2023,SYR,NY,AEA,EN,Combined TRACON& Tower with Radar,72,26,3,0,101,0,0,0,0,0,72,26,3,0,101,0,0,0,101
01/04/2023,SYR,NY,AEA,EN,Combined TRACON& Tower with Radar,77,21,8,0,106,0,0,0,0,0,77,21,8,0,106,0,0,0,106
01/05/2023,SYR,NY,AEA,EN,Combined TRACON& Tower with Radar,80,10,9,7,106,0,0,23,9,32,80,10,32,16,138,46,4,50,188
01/06/2023,SYR,NY,AEA,EN,Combined TRACON& Tower with Radar,72,13,9,0,94,0,0,3,0,3,72,13,12,0,97,0,0,0,97
01/07/2023,SYR,NY,AEA,EN,Combined TRACON& Tower with Radar,68,12,0,0,80,0,0,6,0,6,68,12,6,0,86,58,0,58,144
01/08/2023,SYR,NY,AEA,EN,Combined TRACON& Tower with Radar,77,13,7,6,103,0,1,21,6,28,77,14,28,12,131,44,0,44,175
01/09/2023,SYR,NY,AEA,EN,Combined TRACON& Tower with Radar,82,13,16,22,133,0,0,19,10,29,82,13,35,32,162,10,26,36,198
01/10/2023,SYR,NY,AEA,EN,Combined TRACON& Tower with Radar,92,17,8,8,125,0,0,16,2,18,92,17,24,10,143,8,0,8,151
01/11/2023,SYR,NY,AEA,EN,Combined TRACON& Tower with Radar,74,14,11,25,124,0,1,13,8,22,74,15,24,33,146,0,8,8,154
01/12/2023,SYR,NY,AEA,EN,Combined TRACON& Tower with Radar,88,17,11,1,117,0,0,0,0,0,88,17,11,1,117,0,0,0,117
01/13/2023,SYR,NY,AEA,EN,Combined TRACON& Tower with Radar,93,22,9,0,124,0,0,2,0,2,93,22,11,0,126,0,0,0,126
01/14/2023,SYR,NY,AEA,EN,Combined TRACON& Tower with Radar,70,16,9,2,97,0,0,7,2,9,70,16,16,4,106,14,0,14,120
01/15/2023,SYR,NY,AEA,EN,Combined TRACON& Tower with Radar,77,17,13,0,107,0,0,4,2,6,77,17,17,2,113,0,0,0,113
01/16/2023,SYR,NY,AEA,EN,Combined TRACON& Tower with Radar,90,19,14,1,124,0,0,54,3,57,90,19,68,4,181,46,0,46,227
01/17/2023,SYR,NY,AEA,EN,Combined TRACON& Tower with Radar,91,18,15,1,125,0,0,2,0,2,91,18,17,1,127,0,0,0,127
01/18/2023,SYR,NY,AEA,EN,Combined TRACON& Tower with Radar,83,16,11,1,111,0,0,2,1,3,83,16,13,2,114,0,0,0,114
01/19/2023,SYR,NY,AEA,EN,Combined TRACON& Tower with Radar,91,22,8,0,121,0,0,0,0,0,91,22,8,0,121,0,0,0,121
01/20/2023,SYR,NY,AEA,EN,Combined TRACON& Tower with Radar,92,16,7,0,115,0,0,0,0,0,92,16,7,0,115,0,0,0,115
01/21/2023,SYR,NY,AEA,EN,Combined TRACON& Tower with Radar,72,11,10,0,93,0,0,30,2,32,72,11,40,2,125,8,0,8,133
01/22/2023,SYR,NY,AEA,EN,Combined TRACON& Tower with Radar,77,17,10,0,104,0,0,50,0,50,77,17,60,0,154,26,0,26,180
01/23/2023,SYR,NY,AEA,EN,Combined TRACON& Tower with Radar,87,15,7,0,109,0,0,2,0,2,87,15,9,0,111,0,0,0,111
01/24/2023,SYR,NY,AEA,EN,Combined TRACON& Tower with Radar,92,13,22,11,138,0,0,16,2,18,92,13,38,13,156,11,0,11,167
01/25/2023,SYR,NY,AEA,EN,Combined TRACON& Tower with Radar,85,14,9,0,108,0,0,2,0,2,85,14,11,0,110,0,0,0,110
01/26/2023,SYR,NY,AEA,EN,Combined TRACON& Tower with Radar,97,17,13,0,127,0,0,0,0,0,97,17,13,0,127,0,0,0,127
01/27/2023,SYR,NY,AEA,EN,Combined TRACON& Tower with Radar,93,20,15,0,128,0,0,20,1,21,93,20,35,1,149,18,0,18,167
01/28/2023,SYR,NY,AEA,EN,Combined TRACON& Tower with Radar,70,12,3,0,85,0,0,14,1,15,70,12,17,1,100,32,0,32,132
01/29/2023,SYR,NY,AEA,EN,Combined TRACON& Tower with Radar,79,15,8,0,102,0,0,5,0,5,79,15,13,0,107,6,0,6,113
01/30/2023,SYR,NY,AEA,EN,Combined TRACON& Tower with Radar,87,20,16,0,123,0,0,2,0,2,87,20,18,0,125,0,0,0,125
01/31/2023,SYR,NY,AEA,EN,Combined TRACON& Tower with Radar,85,19,15,10,129,0,1,19,6,26,85,20,34,16,155,6,17,23,178
02/01/2023,SYR,NY,AEA,EN,Combined TRACON& Tower with Radar,85,14,16,13,128,0,0,42,2,44,85,14,58,15,172,50,0,50,222
02/02/2023,SYR,NY,AEA,EN,Combined TRACON& Tower with Radar,90,15,9,9,123,0,0,18,5,23,90,15,27,14,146,6,0,6,152
02/03/2023,SYR,NY,AEA,EN,Combined TRACON& Tower with Radar,66,18,12,1,97,0,0,1,0,1,66,18,13,1,98,0,0,0,98
02/04/2023,SYR,NY,AEA,EN,Combined TRACON& Tower with Radar,75,21,12,7,115,0,2,18,1,21,75,23,30,8,136,0,0,0,136
02/05/2023,SYR,NY,AEA,EN,Combined TRACON& Tower with Radar,78,18,16,10,122,0,0,22,7,29,78,18,38,17,151,28,6,34,185
02/06/2023,SYR,NY,AEA,EN,Combined TRACON& Tower with Radar,87,16,13,9,125,0,0,2,5,7,87,16,15,14,132,0,0,0,132
02/07/2023,SYR,NY,AEA,EN,Combined TRACON& Tower with Radar,88,23,16,14,141,0,0,4,4,8,88,23,20,18,149,6,0,6,155
02/08/2023,SYR,NY,AEA,EN,Combined TRACON& Tower with Radar,82,17,7,30,136,0,0,10,16,26,82,17,17,46,162,14,14,28,190
02/09/2023,SYR,NY,AEA,EN,Combined TRACON& Tower with Radar,96,24,13,0,133,0,0,3,0,3,96,24,16,0,136,0,0,0,136
02/10/2023,SYR,NY,AEA,EN,Combined TRACON& Tower with Radar,88,30,7,0,125,0,0,5,0,5,88,30,12,0,130,0,0,0,130
02/11/2023,SYR,NY,AEA,EN,Combined TRACON& Tower with Radar,72,17,1,0,90,0,0,9,2,11,72,17,10,2,101,0,0,0,101
02/12/2023,SYR,NY,AEA,EN,Combined TRACON& Tower with Radar,77,21,11,0,109,0,0,48,2,50,77,21,59,2,159,12,0,12,171
02/13/2023,SYR,NY,AEA,EN,Combined TRACON& Tower with Radar,83,18,23,12,136,0,0,35,5,40,83,18,58,17,176,18,0,18,194
02/14/2023,SYR,NY,AEA,EN,Combined TRACON& Tower with Radar,89,21,18,13,141,0,0,41,4,45,89,21,59,17,186,0,0,0,186
02/15/2023,SYR,NY,AEA,EN,Combined TRACON& Tower with Radar,90,25,15,8,138,0,0,15,0,15,90,25,30,8,153,0,0,0,153
02/16/2023,SYR,NY,AEA,EN,Combined TRACON& Tower with Radar,92,25,15,22,154,0,0,20,8,28,92,25,35,30,182,6,6,12,194
02/17/2023,SYR,NY,AEA,EN,Combined TRACON& Tower with Radar,100,34,10,0,144,0,0,0,0,0,100,34,10,0,144,0,0,0,144
02/18/2023,SYR,NY,AEA,EN,Combined TRACON& Tower with Radar,89,26,17,0,132,0,1,51,3,55,89,27,68,3,187,0,0,0,187
02/19/2023,SYR,NY,AEA,EN,Combined TRACON& Tower with Radar,82,29,10,0,121,0,0,23,3,26,82,29,33,3,147,20,0,20,167
02/20/2023,SYR,NY,AEA,EN,Combined TRACON& Tower with Radar,94,21,6,0,121,0,0,16,5,21,94,21,22,5,142,0,0,0,142
02/21/2023,SYR,NY,AEA,EN,Combined TRACON& Tower with Radar,99,23,14,6,142,0,0,30,36,66,99,23,44,42,208,0,0,0,208
02/22/2023,SYR,NY,AEA,EN,Combined TRACON& Tower with Radar,88,19,5,0,112,0,0,16,0,16,88,19,21,0,128,0,0,0,128
02/23/2023,SYR,NY,AEA,EN,Combined TRACON& Tower with Radar,91,21,10,0,122,0,0,0,0,0,91,21,10,0,122,0,0,0,122
02/24/2023,SYR,NY,AEA,EN,Combined TRACON& Tower with Radar,98,27,15,2,142,0,0,0,0,0,98,27,15,2,142,0,0,0,142
02/25/2023,SYR,NY,AEA,EN,Combined TRACON& Tower with Radar,87,23,5,0,115,0,0,3,1,4,87,23,8,1,119,0,0,0,119
02/26/2023,SYR,NY,AEA,EN,Combined TRACON& Tower with Radar,79,28,10,0,117,0,0,10,1,11,79,28,20,1,128,8,0,8,136
02/27/2023,SYR,NY,AEA,EN,Combined TRACON& Tower with Radar,89,22,10,6,127,0,2,20,23,45,89,24,30,29,172,22,12,34,206
02/28/2023,SYR,NY,AEA,EN,Combined TRACON& Tower with Radar,91,22,11,8,132,0,0,4,0,4,91,22,15,8,136,0,4,4,140
03/01/2023,SYR,NY,AEA,EN,Combined TRACON& Tower with Radar,95,25,14,6,140,0,0,15,12,27,95,25,29,18,167,0,0,0,167
03/02/2023,SYR,NY,AEA,EN,Combined TRACON& Tower with Radar,93,22,8,0,123,0,0,2,4,6,93,22,10,4,129,0,0,0,129
03/03/2023,SYR,NY,AEA,EN,Combined TRACON& Tower with Radar,89,24,9,0,122,0,1,26,6,33,89,25,35,6,155,12,0,12,167
03/04/2023,SYR,NY,AEA,EN,Combined TRACON& Tower with Radar,63,11,8,0,82,0,0,0,0,0,63,11,8,0,82,0,0,0,82
03/05/2023,SYR,NY,AEA,EN,Combined TRACON& Tower with Radar,78,32,10,4,124,0,0,9,22,31,78,32,19,26,155,13,24,37,192
03/06/2023,SYR,NY,AEA,EN,Combined TRACON& Tower with Radar,90,27,20,10,147,0,0,37,10,47,90,27,57,20,194,38,10,48,242
03/07/2023,SYR,NY,AEA,EN,Combined TRACON& Tower with Radar,88,20,13,12,133,0,0,7,2,9,88,20,20,14,142,0,0,0,142
03/08/2023,SYR,NY,AEA,EN,Combined TRACON& Tower with Radar,97,22,15,4,138,0,0,6,4,10,97,22,21,8,148,34,0,34,182
03/09/2023,SYR,NY,AEA,EN,Combined TRACON& Tower with Radar,88,26,16,8,138,0,0,12,8,20,88,26,28,16,158,4,6,10,168
03/10/2023,SYR,NY,AEA,EN,Combined TRACON& Tower with Radar,88,37,7,0,132,0,0,11,2,13,88,37,18,2,145,0,0,0,145
03/11/2023,SYR,NY,AEA,EN,Combined TRACON& Tower with Radar,74,25,6,0,105,0,0,10,0,10,74,25,16,0,115,30,0,30,145
03/12/2023,SYR,NY,AEA,EN,Combined TRACON& Tower with Radar,73,22,15,1,111,0,1,57,5,63,73,23,72,6,174,44,8,52,226
03/13/2023,SYR,NY,AEA,EN,Combined TRACON& Tower with Radar,81,14,7,0,102,0,0,0,0,0,81,14,7,0,102,0,0,0,102
03/14/2023,SYR,NY,AEA,EN,Combined TRACON& Tower with Radar,56,6,2,0,64,0,0,0,0,0,56,6,2,0,64,0,0,0,64
03/15/2023,SYR,NY,AEA,EN,Combined TRACON& Tower with Radar,87,21,8,9,125,0,0,18,17,35,87,21,26,26,160,0,20,20,180
03/16/2023,SYR,NY,AEA,EN,Combined TRACON& Tower with Radar,89,18,21,1,129,0,2,57,6,65,89,20,78,7,194,54,0,54,248
03/17/2023,SYR,NY,AEA,EN,Combined TRACON& Tower with Radar,93,21,15,0,129,0,0,3,0,3,93,21,18,0,132,0,0,0,132
03/18/2023,SYR,NY,AEA,EN,Combined TRACON& Tower with Radar,70,21,10,0,101,0,0,20,1,21,70,21,30,1,122,0,0,0,122
03/19/2023,SYR,NY,AEA,EN,Combined TRACON& Tower with Radar,73,35,14,3,125,0,0,4,1,5,73,35,18,4,130,0,0,0,130
03/20/2023,SYR,NY,AEA,EN,Combined TRACON& Tower with Radar,93,18,25,9,145,0,0,34,9,43,93,18,59,18,188,20,0,20,208
03/21/2023,SYR,NY,AEA,EN,Combined TRACON& Tower with Radar,86,20,11,8,125,0,1,30,5,36,86,21,41,13,161,6,0,6,167
03/22/2023,SYR,NY,AEA,EN,Combined TRACON& Tower with Radar,92,22,18,6,138,0,0,45,10,55,92,22,63,16,193,6,0,6,199
03/23/2023,SYR,NY,AEA,EN,Combined TRACON& Tower with Radar,91,19,12,2,124,0,0,1,12,13,91,19,13,14,137,0,14,14,151
03/24/2023,SYR,NY,AEA,EN,Combined TRACON& Tower with Radar,97,24,7,0,128,0,2,25,2,29,97,26,32,2,157,22,0,22,179
03/25/2023,SYR,NY,AEA,EN,Combined TRACON& Tower with Radar,76,16,1,0,93,0,0,0,2,2,76,16,1,2,95,0,0,0,95
03/26/2023,SYR,NY,AEA,EN,Combined TRACON& Tower with Radar,77,19,10,0,106,0,0,13,2,15,77,19,23,2,121,0,0,0,121
03/27/2023,SYR,NY,AEA,EN,Combined TRACON& Tower with Radar,91,22,6,6,125,0,0,15,3,18,91,22,21,9,143,14,4,18,161
03/28/2023,SYR,NY,AEA,EN,Combined TRACON& Tower with Radar,85,23,11,6,125,0,0,34,13,47,85,23,45,19,172,0,0,0,172
03/29/2023,SYR,NY,AEA,EN,Combined TRACON& Tower with Radar,94,28,17,3,142,0,0,22,7,29,94,28,39,10,171,14,0,14,185
03/30/2023,SYR,NY,AEA,EN,Combined TRACON& Tower with Radar,87,21,7,10,125,0,0,25,6,31,87,21,32,16,156,4,4,8,164
03/31/2023,SYR,NY,AEA,EN,Combined TRACON& Tower with Radar,97,23,16,0,136,0,0,8,3,11,97,23,24,3,147,10,0,10,157
04/01/2023,SYR,NY,AEA,EN,Combined TRACON& Tower with Radar,83,13,9,2,107,0,0,1,2,3,83,13,10,4,110,0,0,0,110
04/02/2023,SYR,NY,AEA,EN,Combined TRACON& Tower with Radar,76,18,15,1,110,0,0,30,3,33,76,18,45,4,143,0,0,0,143
04/03/2023,SYR,NY,AEA,EN,Combined TRACON& Tower with Radar,91,15,12,9,127,0,0,11,2,13,91,15,23,11,140,0,0,0,140
04/04/2023,SYR,NY,AEA,EN,Combined TRACON& Tower with Radar,89,18,10,12,129,0,0,8,8,16,89,18,18,20,145,0,14,14,159
04/05/2023,SYR,NY,AEA,EN,Combined TRACON& Tower with Radar,93,19,15,0,127,0,1,2,2,5,93,20,17,2,132,2,0,2,134
04/06/2023,SYR,NY,AEA,EN,Combined TRACON& Tower with Radar,97,21,23,11,152,0,0,28,8,36,97,21,51,19,188,28,10,38,226
04/07/2023,SYR,NY,AEA,EN,Combined TRACON& Tower with Radar,97,24,11,0,132,0,0,8,5,13,97,24,19,5,145,0,0,0,145
04/08/2023,SYR,NY,AEA,EN,Combined TRACON& Tower with Radar,86,17,14,0,117,0,1,43,10,54,86,18,57,10,171,0,0,0,171
04/09/2023,SYR,NY,AEA,EN,Combined TRACON& Tower with Radar,79,18,18,0,115,0,0,32,2,34,79,18,50,2,149,36,0,36,185
04/10/2023,SYR,NY,AEA,EN,Combined TRACON& Tower with Radar,91,21,14,6,132,0,1,68,22,91,91,22,82,28,223,17,10,27,250
04/11/2023,SYR,NY,AEA,EN,Combined TRACON& Tower with Radar,87,17,20,21,145,0,1,16,31,48,87,18,36,52,193,4,24,28,221
04/12/2023,SYR,NY,AEA,EN,Combined TRACON& Tower with Radar,99,18,14,15,146,0,3,32,27,62,99,21,46,42,208,14,6,20,228
04/13/2023,SYR,NY,AEA,EN,Combined TRACON& Tower with Radar,88,24,11,8,131,0,4,52,5,61,88,28,63,13,192,26,14,40,232
04/14/2023,SYR,NY,AEA,EN,Combined TRACON& Tower with Radar,97,27,20,8,152,0,4,57,7,68,97,31,77,15,220,32,0,32,252
04/15/2023,SYR,NY,AEA,EN,Combined TRACON& Tower with Radar,70,22,12,0,104,0,1,32,8,41,70,23,44,8,145,58,0,58,203
04/16/2023,SYR,NY,AEA,EN,Combined TRACON& Tower with Radar,77,20,13,0,110,0,0,39,6,45,77,20,52,6,155,46,0,46,201
04/17/2023,SYR,NY,AEA,EN,Combined TRACON& Tower with Radar,95,14,15,7,131,0,0,15,45,60,95,14,30,52,191,36,63,99,290
04/18/2023,SYR,NY,AEA,EN,Combined TRACON& Tower with Radar,91,23,6,9,129,0,0,9,3,12,91,23,15,12,141,0,0,0,141
04/19/2023,SYR,NY,AEA,EN,Combined TRACON& Tower with Radar,92,22,23,33,170,0,0,12,7,19,92,22,35,40,189,16,20,36,225
04/20/2023,SYR,NY,AEA,EN,Combined TRACON& Tower with Radar,91,26,12,11,140,0,1,50,44,95,91,27,62,55,235,21,72,93,328
04/21/2023,SYR,NY,AEA,EN,Combined TRACON& Tower with Radar,96,27,10,8,141,0,2,51,13,66,96,29,61,21,207,18,4,22,229
04/22/2023,SYR,NY,AEA,EN,Combined TRACON& Tower with Radar,79,23,3,0,105,0,0,10,2,12,79,23,13,2,117,0,0,0,117
04/23/2023,SYR,NY,AEA,EN,Combined TRACON& Tower with Radar,78,21,24,3,126,0,0,33,6,39,78,21,57,9,165,31,0,31,196
04/24/2023,SYR,NY,AEA,EN,Combined TRACON& Tower with Radar,90,20,12,6,128,0,2,16,26,44,90,22,28,32,172,22,30,52,224
04/25/2023,SYR,NY,AEA,EN,Combined TRACON& Tower with Radar,87,23,20,23,153,0,6,14,22,42,87,29,34,45,195,30,30,60,255
04/26/2023,SYR,NY,AEA,EN,Combined TRACON& Tower with Radar,93,21,16,28,158,0,0,16,10,26,93,21,32,38,184,6,0,6,190
04/27/2023,SYR,NY,AEA,EN,Combined TRACON& Tower with Radar,89,19,20,5,133,0,1,45,27,73,89,20,65,32,206,40,22,62,268
04/28/2023,SYR,NY,AEA,EN,Combined TRACON& Tower with Radar,96,17,17,2,132,0,0,27,3,30,96,17,44,5,162,0,0,0,162
04/29/2023,SYR,NY,AEA,EN,Combined TRACON& Tower with Radar,69,32,6,0,107,0,0,4,0,4,69,32,10,0,111,0,0,0,111
04/30/2023,SYR,NY,AEA,EN,Combined TRACON& Tower with Radar,75,17,13,0,105,0,1,0,0,1,75,18,13,0,106,0,0,0,106
05/01/2023,SYR,NY,AEA,EN,Combined TRACON& Tower with Radar,94,20,9,4,127,0,0,8,0,8,94,20,17,4,135,26,0,26,161
05/02/2023,SYR,NY,AEA,EN,Combined TRACON& Tower with Radar,85,16,12,3,116,0,0,14,6,20,85,16,26,9,136,79,0,79,215
05/03/2023,SYR,NY,AEA,EN,Combined TRACON& Tower with Radar,92,28,23,0,143,0,0,0,0,0,92,28,23,0,143,0,0,0,143
05/04/2023,SYR,NY,AEA,EN,Combined TRACON& Tower with Radar,86,31,13,4,134,0,0,7,0,7,86,31,20,4,141,0,0,0,141
05/05/2023,SYR,NY,AEA,EN,Combined TRACON& Tower with Radar,98,21,11,7,137,0,0,32,4,36,98,21,43,11,173,20,0,20,193
05/06/2023,SYR,NY,AEA,EN,Combined TRACON& Tower with Radar,70,20,11,2,103,0,2,38,3,43,70,22,49,5,146,2,0,2,148
05/07/2023,SYR,NY,AEA,EN,Combined TRACON& Tower with Radar,83,15,10,4,112,0,0,34,4,38,83,15,44,8,150,50,0,50,200
05/08/2023,SYR,NY,AEA,EN,Combined TRACON& Tower with Radar,97,27,8,8,140,0,0,31,33,64,97,27,39,41,204,6,18,24,228
05/09/2023,SYR,NY,AEA,EN,Combined TRACON& Tower with Radar,92,22,15,7,136,0,0,38,7,45,92,22,53,14,181,39,0,39,220
05/10/2023,SYR,NY,AEA,EN,Combined TRACON& Tower with Radar,96,30,18,8,152,0,0,41,7,48,96,30,59,15,200,0,8,8,208
05/11/2023,SYR,NY,AEA,EN,Combined TRACON& Tower with Radar,100,19,23,4,146,0,2,29,32,63,100,21,52,36,209,0,30,30,239
05/12/2023,SYR,NY,AEA,EN,Combined TRACON& Tower with Radar,100,36,19,0,155,0,3,39,12,54,100,39,58,12,209,0,0,0,209
05/13/2023,SYR,NY,AEA,EN,Combined TRACON& Tower with Radar,70,33,18,1,122,0,9,40,8,57,70,42,58,9,179,4,0,4,183
05/14/2023,SYR,NY,AEA,EN,Combined TRACON& Tower with Radar,83,31,18,0,132,0,1,25,12,38,83,32,43,12,170,0,0,0,170
05/15/2023,SYR,NY,AEA,EN,Combined TRACON& Tower with Radar,93,19,14,12,138,0,3,39,34,76,93,22,53,46,214,44,24,68,282
05/16/2023,SYR,NY,AEA,EN,Combined TRACON& Tower with Radar,94,20,8,4,126,0,2,28,22,52,94,22,36,26,178,20,20,40,218
05/17/2023,SYR,NY,AEA,EN,Combined TRACON& Tower with Radar,98,19,18,5,140,0,0,30,33,63,98,19,48,38,203,0,32,32,235
05/18/2023,SYR,NY,AEA,EN,Combined TRACON& Tower with Radar,99,25,19,5,148,0,0,51,18,69,99,25,70,23,217,44,20,64,281
05/19/2023,SYR,NY,AEA,EN,Combined TRACON& Tower with Radar,95,19,22,1,137,0,0,28,7,35,95,19,50,8,172,0,0,0,172
05/20/2023,SYR,NY,AEA,EN,Combined TRACON& Tower with Radar,69,13,8,0,90,0,0,10,3,13,69,13,18,3,103,0,0,0,103
05/21/2023,SYR,NY,AEA,EN,Combined TRACON& Tower with Radar,84,18,12,0,114,0,0,28,4,32,84,18,40,4,146,10,0,10,156
05/22/2023,SYR,NY,AEA,EN,Combined TRACON& Tower with Radar,86,27,9,8,130,0,4,37,8,49,86,31,46,16,179,49,14,63,242
05/23/2023,SYR,NY,AEA,EN,Combined TRACON& Tower with Radar,101,19,14,3,137,0,0,46,3,49,101,19,60,6,186,90,0,90,276
05/24/2023,SYR,NY,AEA,EN,Combined TRACON& Tower with Radar,97,24,20,6,147,0,0,10,4,14,97,24,30,10,161,15,0,15,176
05/25/2023,SYR,NY,AEA,EN,Combined TRACON& Tower with Radar,100,22,28,8,158,0,3,47,50,100,100,25,75,58,258,24,42,66,324
05/26/2023,SYR,NY,AEA,EN,Combined TRACON& Tower with Radar,96,23,14,2,135,0,0,50,6,56,96,23,64,8,191,76,8,84,275
05/27/2023,SYR,NY,AEA,EN,Combined TRACON& Tower with Radar,72,12,5,0,89,0,0,44,9,53,72,12,49,9,142,78,0,78,220
05/28/2023,SYR,NY,AEA,EN,Combined TRACON& Tower with Radar,77,20,6,0,103,0,0,39,13,52,77,20,45,13,155,30,0,30,185
05/29/2023,SYR,NY,AEA,EN,Combined TRACON& Tower with Radar,81,15,10,0,106,0,0,35,4,39,81,15,45,4,145,22,0,22,167
05/30/2023,SYR,NY,AEA,EN,Combined TRACON& Tower with Radar,94,14,14,6,128,0,0,34,8,42,94,14,48,14,170,34,2,36,206
05/31/2023,SYR,NY,AEA,EN,Combined TRACON& Tower with Radar,98,22,19,14,153,0,1,51,18,70,98,23,70,32,223,52,22,74,297
06/01/2023,SYR,NY,AEA,EN,Combined TRACON& Tower with Radar,102,21,8,11,142,0,1,42,10,53,102,22,50,21,195,34,8,42,237
06/02/2023,SYR,NY,AEA,EN,Combined TRACON& Tower with Radar,96,16,19,6,137,0,3,50,14,67,96,19,69,20,204,22,8,30,234
06/03/2023,SYR,NY,AEA,EN,Combined TRACON& Tower with Radar,79,18,13,0,110,0,0,35,5,40,79,18,48,5,150,8,0,8,158
06/04/2023,SYR,NY,AEA,EN,Combined TRACON& Tower with Radar,86,22,17,0,125,0,2,40,12,54,86,24,57,12,179,16,12,28,207
06/05/2023,SYR,NY,AEA,EN,Combined TRACON& Tower with Radar,92,25,24,11,152,0,0,35,10,45,92,25,59,21,197,26,22,48,245
06/06/2023,SYR,NY,AEA,EN,Combined TRACON& Tower with Radar,92,24,20,14,150,0,0,4,0,4,92,24,24,14,154,7,14,21,175
06/07/2023,SYR,NY,AEA,EN,Combined TRACON& Tower with Radar,96,34,17,0,147,0,0,0,0,0,96,34,17,0,147,0,0,0,147
06/08/2023,SYR,NY,AEA,EN,Combined TRACON& Tower with Radar,94,19,25,15,153,0,1,4,25,30,94,20,29,40,183,18,60,78,261
06/09/2023,SYR,NY,AEA,EN,Combined TRACON& Tower with Radar,97,24,8,6,135,0,2,15,5,22,97,26,23,11,157,61,0,61,218
06/10/2023,SYR,NY,AEA,EN,Combined TRACON& Tower with Radar,70,16,17,0,103,0,2,24,13,39,70,18,41,13,142,52,0,52,194
06/11/2023,SYR,NY,AEA,EN,Combined TRACON& Tower with Radar,80,23,17,0,120,0,2,39,8,49,80,25,56,8,169,4,0,4,173
06/12/2023,SYR,NY,AEA,EN,Combined TRACON& Tower with Radar,89,17,28,0,134,0,0,9,16,25,89,17,37,16,159,8,14,22,181
06/13/2023,SYR,NY,AEA,EN,Combined TRACON& Tower with Radar,92,23,16,7,138,0,0,22,23,45,92,23,38,30,183,30,24,54,237
06/14/2023,SYR,NY,AEA,EN,Combined TRACON& Tower with Radar,92,26,30,0,148,0,0,2,1,3,92,26,32,1,151,0,0,0,151
06/15/2023,SYR,NY,AEA,EN,Combined TRACON& Tower with Radar,94,24,18,8,144,0,2,37,24,63,94,26,55,32,207,80,12,92,299
06/16/2023,SYR,NY,AEA,EN,Combined TRACON& Tower with Radar,95,18,13,1,127,0,0,7,0,7,95,18,20,1,134,36,0,36,170
06/17/2023,SYR,NY,AEA,EN,Combined TRACON& Tower with Radar,70,12,14,0,96,0,0,14,0,14,70,12,28,0,110,30,0,30,140
06/18/2023,SYR,NY,AEA,EN,Combined TRACON& Tower with Radar,79,15,15,0,109,0,0,36,13,49,79,15,51,13,158,56,0,56,214
06/19/2023,SYR,NY,AEA,EN,Combined TRACON& Tower with Radar,86,24,17,0,127,0,1,40,3,44,86,25,57,3,171,16,0,16,187
06/20/2023,SYR,NY,AEA,EN,Combined TRACON& Tower with Radar,94,15,24,6,139,0,0,52,18,70,94,15,76,24,209,10,8,18,227
06/21/2023,SYR,NY,AEA,EN,Combined TRACON& Tower with Radar,95,27,15,8,145,0,3,79,12,94,95,30,94,20,239,70,0,70,309
06/22/2023,SYR,NY,AEA,EN,Combined TRACON& Tower with Radar,94,19,22,9,144,0,0,93,4,97,94,19,115,13,241,36,0,36,277
06/23/2023,SYR,NY,AEA,EN,Combined TRACON& Tower with Radar,86,18,26,0,130,0,0,79,14,93,86,18,105,14,223,92,0,92,315
06/24/2023,SYR,NY,AEA,EN,Combined TRACON& Tower with Radar,72,25,10,0,107,0,0,0,0,0,72,25,10,0,107,0,0,0,107
06/25/2023,SYR,NY,AEA,EN,Combined TRACON& Tower with Radar,83,13,18,0,114,0,0,69,0,69,83,13,87,0,183,56,0,56,239
06/26/2023,SYR,NY,AEA,EN,Combined TRACON& Tower with Radar,76,15,12,11,114,0,0,24,4,28,76,15,36,15,142,9,8,17,159
06/27/2023,SYR,NY,AEA,EN,Combined TRACON& Tower with Radar,86,18,20,16,140,0,0,10,18,28,86,18,30,34,168,34,40,74,242
06/28/2023,SYR,NY,AEA,EN,Combined TRACON& Tower with Radar,86,23,34,4,147,0,0,2,1,3,86,23,36,5,150,0,0,0,150
06/29/2023,SYR,NY,AEA,EN,Combined TRACON& Tower with Radar,95,18,44,2,159,0,0,3,0,3,95,18,47,2,162,4,0,4,166
06/30/2023,SYR,NY,AEA,EN,Combined TRACON& Tower with Radar,87,27,40,2,156,0,0,2,0,2,87,27,42,2,158,0,0,0,158
07/01/2023,SYR,NY,AEA,EN,Combined TRACON& Tower with Radar,72,16,16,0,104,0,1,4,1,6,72,17,20,1,110,14,0,14,124
07/02/2023,SYR,NY,AEA,EN,Combined TRACON& Tower with Radar,77,20,13,0,110,0,0,2,1,3,77,20,15,1,113,0,0,0,113
07/03/2023,SYR,NY,AEA,EN,Combined TRACON& Tower with Radar,79,11,5,0,95,0,0,2,0,2,79,11,7,0,97,0,0,0,97
07/04/2023,SYR,NY,AEA,EN,Combined TRACON& Tower with Radar,60,12,8,0,80,0,0,20,11,31,60,12,28,11,111,0,0,0,111
07/05/2023,SYR,NY,AEA,EN,Combined TRACON& Tower with Radar,92,21,7,8,128,0,5,44,17,66,92,26,51,25,194,7,4,11,205
07/06/2023,SYR,NY,AEA,EN,Combined TRACON& Tower with Radar,103,12,12,20,147,0,1,40,12,53,103,13,52,32,200,12,24,36,236
07/07/2023,SYR,NY,AEA,EN,Combined TRACON& Tower with Radar,90,18,22,0,130,0,0,17,1,18,90,18,39,1,148,12,0,12,160
07/08/2023,SYR,NY,AEA,EN,Combined TRACON& Tower with Radar,79,24,14,0,117,0,0,46,4,50,79,24,60,4,167,31,0,31,198
07/09/2023,SYR,NY,AEA,EN,Combined TRACON& Tower with Radar,70,20,11,0,101,0,0,13,5,18,70,20,24,5,119,26,0,26,145
07/10/2023,SYR,NY,AEA,EN,Combined TRACON& Tower with Radar,87,16,31,3,137,0,0,12,2,14,87,16,43,5,151,0,0,0,151
07/11/2023,SYR,NY,AEA,EN,Combined TRACON& Tower with Radar,96,21,14,12,143,20,0,62,18,100,116,21,76,30,243,33,0,33,276
07/12/2023,SYR,NY,AEA,EN,Combined TRACON& Tower with Radar,104,14,10,25,153,0,0,29,30,59,104,14,39,55,212,42,14,56,268
07/13/2023,SYR,NY,AEA,EN,Combined TRACON& Tower with Radar,102,27,8,9,146,0,0,23,9,32,102,27,31,18,178,4,0,4,182
07/14/2023,SYR,NY,AEA,EN,Combined TRACON& Tower with Radar,100,22,13,7,142,0,2,53,19,74,100,24,66,26,216,39,8,47,263
07/15/2023,SYR,NY,AEA,EN,Combined TRACON& Tower with Radar,79,21,14,8,122,0,0,38,14,52,79,21,52,22,174,15,8,23,197
07/16/2023,SYR,NY,AEA,EN,Combined TRACON& Tower with Radar,73,26,12,1,112,0,0,19,0,19,73,26,31,1,131,38,0,38,169
07/17/2023,SYR,NY,AEA,EN,Combined TRACON& Tower with Radar,82,29,15,12,138,0,1,30,24,55,82,30,45,36,193,62,0,62,255
07/18/2023,SYR,NY,AEA,EN,Combined TRACON& Tower with Radar,92,18,7,7,124,0,1,31,3,35,92,19,38,10,159,13,0,13,172
07/19/2023,SYR,NY,AEA,EN,Combined TRACON& Tower with Radar,97,12,25,8,142,0,0,69,16,85,97,12,94,24,227,106,4,110,337
07/20/2023,SYR,NY,AEA,EN,Combined TRACON& Tower with Radar,99,15,15,11,140,1,4,39,18,62,100,19,54,29,202,68,2,70,272
07/21/2023,SYR,NY,AEA,EN,Combined TRACON& Tower with Radar,94,20,19,0,133,1,0,27,0,28,95,20,46,0,161,20,0,20,181
07/22/2023,SYR,NY,AEA,EN,Combined TRACON& Tower with Radar,76,14,5,1,96,0,4,29,29,62,76,18,34,30,158,26,0,26,184
07/23/2023,SYR,NY,AEA,EN,Combined TRACON& Tower with Radar,81,38,16,0,135,0,2,42,20,64,81,40,58,20,199,29,0,29,228
07/24/2023,SYR,NY,AEA,EN,Combined TRACON& Tower with Radar,98,19,9,7,133,0,1,19,7,27,98,20,28,14,160,12,0,12,172
07/25/2023,SYR,NY,AEA,EN,Combined TRACON& Tower with Radar,94,21,8,15,138,0,0,53,28,81,94,21,61,43,219,56,10,66,285
07/26/2023,SYR,NY,AEA,EN,Combined TRACON& Tower with Radar,101,23,18,9,151,0,0,44,59,103,101,23,62,68,254,59,36,95,349
07/27/2023,SYR,NY,AEA,EN,Combined TRACON& Tower with Radar,97,21,14,9,141,0,0,5,15,20,97,21,19,24,161,0,12,12,173
07/28/2023,SYR,NY,AEA,EN,Combined TRACON& Tower with Radar,87,19,18,1,125,0,1,31,35,67,87,20,49,36,192,48,96,144,336
07/29/2023,SYR,NY,AEA,EN,Combined TRACON& Tower with Radar,74,19,6,1,100,0,0,2,0,2,74,19,8,1,102,14,0,14,116
07/30/2023,SYR,NY,AEA,EN,Combined TRACON& Tower with Radar,86,21,14,0,121,0,0,38,10,48,86,21,52,10,169,19,0,19,188
07/31/2023,SYR,NY,AEA,EN,Combined TRACON& Tower with Radar,90,25,7,13,135,0,0,34,7,41,90,25,41,20,176,27,2,29,205
08/01/2023,SYR,NY,AEA,EN,Combined TRACON& Tower with Radar,99,18,14,7,138,0,0,57,3,60,99,18,71,10,198,2,0,2,200
08/02/2023,SYR,NY,AEA,EN,Combined TRACON& Tower with Radar,101,21,21,7,150,0,1,50,12,63,101,22,71,19,213,77,12,89,302
08/03/2023,SYR,NY,AEA,EN,Combined TRACON& Tower with Radar,97,31,33,5,166,0,0,38,6,44,97,31,71,11,210,0,0,0,210
08/04/2023,SYR,NY,AEA,EN,Combined TRACON& Tower with Radar,93,25,12,2,132,0,0,15,4,19,93,25,27,6,151,30,0,30,181
08/05/2023,SYR,NY,AEA,EN,Combined TRACON& Tower with Radar,77,23,15,1,116,0,0,23,12,35,77,23,38,13,151,38,0,38,189
08/06/2023,SYR,NY,AEA,EN,Combined TRACON& Tower with Radar,79,26,19,10,134,0,1,45,9,55,79,27,64,19,189,23,7,30,219
08/07/2023,SYR,NY,AEA,EN,Combined TRACON& Tower with Radar,82,27,9,7,125,0,0,10,9,19,82,27,19,16,144,8,0,8,152
08/08/2023,SYR,NY,AEA,EN,Combined TRACON& Tower with Radar,99,25,27,6,157,0,0,0,1,1,99,25,27,7,158,0,0,0,158
08/09/2023,SYR,NY,AEA,EN,Combined TRACON& Tower with Radar,100,15,16,29,160,0,5,90,24,119,100,20,106,53,279,26,12,38,317
08/10/2023,SYR,NY,AEA,EN,Combined TRACON& Tower with Radar,99,21,27,2,149,0,0,14,2,16,99,21,41,4,165,0,0,0,165
08/11/2023,SYR,NY,AEA,EN,Combined TRACON& Tower with Radar,91,17,17,1,126,0,0,36,8,44,91,17,53,9,170,46,0,46,216
08/12/2023,SYR,NY,AEA,EN,Combined TRACON& Tower with Radar,75,16,8,0,99,0,1,15,6,22,75,17,23,6,121,45,18,63,184
08/13/2023,SYR,NY,AEA,EN,Combined TRACON& Tower with Radar,79,24,19,0,122,0,0,22,2,24,79,24,41,2,146,72,0,72,218
08/14/2023,SYR,NY,AEA,EN,Combined TRACON& Tower with Radar,90,26,13,6,135,0,1,48,7,56,90,27,61,13,191,36,0,36,227
08/15/2023,SYR,NY,AEA,EN,Combined TRACON& Tower with Radar,98,25,17,0,140,0,0,0,0,0,98,25,17,0,140,0,0,0,140
08/16/2023,SYR,NY,AEA,EN,Combined TRACON& Tower with Radar,96,32,28,12,168,0,2,28,9,39,96,34,56,21,207,50,8,58,265
08/17/2023,SYR,NY,AEA,EN,Combined TRACON& Tower with Radar,94,29,16,13,152,0,2,33,27,62,94,31,49,40,214,0,32,32,246
08/18/2023,SYR,NY,AEA,EN,Combined TRACON& Tower with Radar,93,29,15,2,139,0,0,13,2,15,93,29,28,4,154,0,0,0,154
08/19/2023,SYR,NY,AEA,EN,Combined TRACON& Tower with Radar,78,22,19,0,119,0,0,22,14,36,78,22,41,14,155,8,0,8,163
08/20/2023,SYR,NY,AEA,EN,Combined TRACON& Tower with Radar,84,23,16,0,123,0,2,56,19,77,84,25,72,19,200,28,0,28,228
08/21/2023,SYR,NY,AEA,EN,Combined TRACON& Tower with Radar,93,31,9,6,139,0,0,22,4,26,93,31,31,10,165,30,0,30,195
08/22/2023,SYR,NY,AEA,EN,Combined TRACON& Tower with Radar,96,20,23,11,150,0,3,47,31,81,96,23,70,42,231,36,32,68,299
08/23/2023,SYR,NY,AEA,EN,Combined TRACON& Tower with Radar,91,30,26,17,164,0,8,34,11,53,91,38,60,28,217,28,12,40,257
08/24/2023,SYR,NY,AEA,EN,Combined TRACON& Tower with Radar,99,18,28,7,152,0,0,7,3,10,99,18,35,10,162,0,0,0,162
08/25/2023,SYR,NY,AEA,EN,Combined TRACON& Tower with Radar,98,32,17,2,149,0,0,14,0,14,98,32,31,2,163,0,0,0,163
08/26/2023,SYR,NY,AEA,EN,Combined TRACON& Tower with Radar,79,20,19,4,122,0,1,38,6,45,79,21,57,10,167,81,0,81,248
08/27/2023,SYR,NY,AEA,EN,Combined TRACON& Tower with Radar,83,24,25,1,133,0,2,34,5,41,83,26,59,6,174,14,0,14,188
08/28/2023,SYR,NY,AEA,EN,Combined TRACON& Tower with Radar,96,17,14,12,139,0,0,10,9,19,96,17,24,21,158,29,10,39,197
08/29/2023,SYR,NY,AEA,EN,Combined TRACON& Tower with Radar,93,19,20,8,140,0,0,24,2,26,93,19,44,10,166,22,0,22,188
08/30/2023,SYR,NY,AEA,EN,Combined TRACON& Tower with Radar,91,21,15,8,135,0,1,18,1,20,91,22,33,9,155,4,0,4,159
08/31/2023,SYR,NY,AEA,EN,Combined TRACON& Tower with Radar,100,21,31,6,158,0,4,79,11,94,100,25,110,17,252,20,0,20,272
