01/01/2000,TCL,AL,ASO,ES,Federal Contract Tower,0,0,6,2,8,0,0,15,0,15,0,0,21,2,23,12,0,12,35
01/02/2000,TCL,AL,ASO,ES,Federal Contract Tower,1,1,18,0,20,1,0,39,0,40,2,1,57,0,60,22,0,22,82
01/03/2000,TCL,AL,ASO,ES,Federal Contract Tower,0,1,11,3,15,0,0,12,0,12,0,1,23,3,27,0,0,0,27
01/04/2000,TCL,AL,ASO,ES,Federal Contract Tower,0,3,18,13,34,0,5,23,36,64,0,8,41,49,98,48,8,56,154
01/05/2000,TCL,AL,ASO,ES,Federal Contract Tower,0,2,28,21,51,0,0,57,37,94,0,2,85,58,145,80,0,80,225
01/06/2000,TCL,AL,ASO,ES,Federal Contract Tower,0,4,25,18,47,0,3,38,28,69,0,7,63,46,116,52,8,60,176
01/07/2000,TCL,AL,ASO,ES,Federal Contract Tower,0,5,26,19,50,0,2,59,53,114,0,7,85,72,164,46,0,46,210
01/08/2000,TCL,AL,ASO,ES,Federal Contract Tower,0,4,18,8,30,0,2,63,0,65,0,6,81,8,95,68,0,68,163
01/09/2000,TCL,AL,ASO,ES,Federal Contract Tower,0,2,16,2,20,0,0,26,0,26,0,2,42,2,46,28,0,28,74
01/10/2000,TCL,AL,ASO,ES,Federal Contract Tower,0,2,21,15,38,0,0,48,30,78,0,2,69,45,116,42,3,45,161
01/11/2000,TCL,AL,ASO,ES,Federal Contract Tower,0,2,29,21,52,0,0,100,39,139,0,2,129,60,191,86,0,86,277
01/12/2000,TCL,AL,ASO,ES,Federal Contract Tower,0,4,42,30,76,0,0,22,70,92,0,4,64,100,168,0,46,46,214
01/13/2000,TCL,AL,ASO,ES,Federal Contract Tower,0,6,32,22,60,0,0,23,48,71,0,6,55,70,131,16,20,36,167
01/14/2000,TCL,AL,ASO,ES,Federal Contract Tower,0,6,33,24,63,0,3,50,30,83,0,9,83,54,146,66,18,84,230
01/15/2000,TCL,AL,ASO,ES,Federal Contract Tower,0,3,12,8,23,0,1,65,3,69,0,4,77,11,92,66,6,72,164
01/16/2000,TCL,AL,ASO,ES,Federal Contract Tower,0,2,10,5,17,0,0,47,0,47,0,2,57,5,64,100,8,108,172
01/17/2000,TCL,AL,ASO,ES,Federal Contract Tower,0,3,14,4,21,0,1,13,0,14,0,4,27,4,35,18,0,18,53
01/18/2000,TCL,AL,ASO,ES,Federal Contract Tower,0,6,36,24,66,0,0,21,48,69,0,6,57,72,135,38,8,46,181
01/19/2000,TCL,AL,ASO,ES,Federal Contract Tower,0,1,39,26,66,0,0,22,28,50,0,1,61,54,116,32,0,32,148
01/20/2000,TCL,AL,ASO,ES,Federal Contract Tower,0,5,36,25,66,0,0,37,41,78,0,5,73,66,144,26,4,30,174
01/21/2000,TCL,AL,ASO,ES,Federal Contract Tower,0,6,39,26,71,0,6,75,36,117,0,12,114,62,188,70,4,74,262
01/22/2000,TCL,AL,ASO,ES,Federal Contract Tower,0,0,5,4,9,3,0,10,2,15,3,0,15,6,24,50,0,50,74
01/23/2000,TCL,AL,ASO,ES,Federal Contract Tower,0,2,15,0,17,1,0,17,0,18,1,2,32,0,35,0,0,0,35
01/24/2000,TCL,AL,ASO,ES,Federal Contract Tower,0,2,21,15,38,0,0,30,30,60,0,2,51,45,98,11,6,17,115
01/25/2000,TCL,AL,ASO,ES,Federal Contract Tower,0,1,33,22,56,0,0,50,50,100,0,1,83,72,156,114,14,128,284
01/26/2000,TCL,AL,ASO,ES,Federal Contract Tower,0,7,45,31,83,0,6,21,72,99,0,13,66,103,182,32,30,62,244
01/27/2000,TCL,AL,ASO,ES,Federal Contract Tower,0,3,20,14,37,0,1,34,42,77,0,4,54,56,114,44,4,48,162
01/28/2000,TCL,AL,ASO,ES,Federal Contract Tower,0,1,8,0,9,0,5,0,0,5,0,6,8,0,14,2,0,2,16
01/29/2000,TCL,AL,ASO,ES,Federal Contract Tower,0,0,3,0,3,0,1,0,0,1,0,1,3,0,4,0,0,0,4
01/30/2000,TCL,AL,ASO,ES,Federal Contract Tower,0,0,4,2,6,0,1,28,4,33,0,1,32,6,39,58,0,58,97
01/31/2000,TCL,AL,ASO,ES,Federal Contract Tower,0,2,21,15,38,0,0,55,33,88,0,2,76,48,126,35,0,35,161
02/01/2000,TCL,AL,ASO,ES,Federal Contract Tower,0,3,26,11,40,0,0,64,19,83,0,3,90,30,123,80,4,84,207
02/02/2000,TCL,AL,ASO,ES,Federal Contract Tower,0,5,38,16,59,0,2,69,49,120,0,7,107,65,179,60,26,86,265
02/03/2000,TCL,AL,ASO,ES,Federal Contract Tower,0,5,35,15,55,0,2,50,37,89,0,7,85,52,144,60,4,64,208
02/04/2000,TCL,AL,ASO,ES,Federal Contract Tower,0,3,22,10,35,0,3,53,18,74,0,6,75,28,109,36,0,36,145
02/05/2000,TCL,AL,ASO,ES,Federal Contract Tower,0,1,12,4,17,0,4,56,0,60,0,5,68,4,77,66,0,66,143
02/06/2000,TCL,AL,ASO,ES,Federal Contract Tower,0,1,11,5,17,0,1,72,9,82,0,2,83,14,99,82,4,86,185
02/07/2000,TCL,AL,ASO,ES,Federal Contract Tower,1,3,25,11,40,1,1,68,29,99,2,4,93,40,139,98,30,128,267
02/08/2000,TCL,AL,ASO,ES,Federal Contract Tower,1,3,26,11,41,1,9,72,39,121,2,12,98,50,162,36,8,44,206
02/09/2000,TCL,AL,ASO,ES,Federal Contract Tower,0,2,19,9,30,0,2,88,15,105,0,4,107,24,135,168,0,168,303
02/10/2000,TCL,AL,ASO,ES,Federal Contract Tower,1,4,31,13,49,1,11,54,24,90,2,15,85,37,139,54,4,58,197
02/11/2000,TCL,AL,ASO,ES,Federal Contract Tower,0,4,34,15,53,0,11,36,46,93,0,15,70,61,146,84,34,118,264
02/12/2000,TCL,AL,ASO,ES,Federal Contract Tower,0,3,26,10,39,0,2,85,0,87,0,5,111,10,126,120,22,142,268
02/13/2000,TCL,AL,ASO,ES,Federal Contract Tower,0,2,21,6,29,0,0,29,0,29,0,2,50,6,58,48,6,54,112
02/14/2000,TCL,AL,ASO,ES,Federal Contract Tower,0,2,32,14,48,0,0,33,42,75,0,2,65,56,123,9,10,19,142
02/15/2000,TCL,AL,ASO,ES,Federal Contract Tower,1,4,33,14,52,1,0,72,42,115,2,4,105,56,167,54,0,54,221
02/16/2000,TCL,AL,ASO,ES,Federal Contract Tower,1,0,38,15,54,1,0,31,14,46,2,0,69,29,100,26,12,38,138
02/17/2000,TCL,AL,ASO,ES,Federal Contract Tower,0,6,46,18,70,0,0,40,40,80,0,6,86,58,150,44,20,64,214
02/18/2000,TCL,AL,ASO,ES,Federal Contract Tower,0,5,32,12,49,0,1,25,22,48,0,6,57,34,97,64,10,74,171
02/19/2000,TCL,AL,ASO,ES,Federal Contract Tower,0,0,14,1,15,0,0,36,0,36,0,0,50,1,51,66,0,66,117
02/20/2000,TCL,AL,ASO,ES,Federal Contract Tower,0,4,21,1,26,0,0,85,0,85,0,4,106,1,111,60,0,60,171
02/21/2000,TCL,AL,ASO,ES,Federal Contract Tower,0,3,21,0,24,0,0,85,0,85,0,3,106,0,109,93,0,93,202
02/22/2000,TCL,AL,ASO,ES,Federal Contract Tower,0,5,34,13,52,0,1,91,49,141,0,6,125,62,193,106,10,116,309
02/23/2000,TCL,AL,ASO,ES,Federal Contract Tower,0,4,42,16,62,2,0,55,30,87,2,4,97,46,149,74,16,90,239
02/24/2000,TCL,AL,ASO,ES,Federal Contract Tower,0,6,37,14,57,0,0,60,47,107,0,6,97,61,164,106,8,114,278
02/25/2000,TCL,AL,ASO,ES,Federal Contract Tower,0,4,41,16,61,2,0,88,28,118,2,4,129,44,179,36,12,48,227
02/26/2000,TCL,AL,ASO,ES,Federal Contract Tower,0,1,21,1,23,2,0,50,0,52,2,1,71,1,75,44,0,44,119
02/27/2000,TCL,AL,ASO,ES,Federal Contract Tower,0,3,32,13,48,2,0,58,12,72,2,3,90,25,120,84,0,84,204
02/28/2000,TCL,AL,ASO,ES,Federal Contract Tower,0,1,17,7,25,0,0,58,31,89,0,1,75,38,114,43,0,43,157
02/29/2000,TCL,AL,ASO,ES,Federal Contract Tower,0,4,28,12,44,0,0,80,28,108,0,4,108,40,152,118,4,122,274
03/01/2000,TCL,AL,ASO,ES,Federal Contract Tower,0,4,35,16,55,0,0,70,18,88,0,4,105,34,143,10,38,48,191
03/02/2000,TCL,AL,ASO,ES,Federal Contract Tower,0,1,29,14,44,0,0,99,20,119,0,1,128,34,163,118,4,122,285
03/03/2000,TCL,AL,ASO,ES,Federal Contract Tower,0,0,30,14,44,0,0,32,28,60,0,0,62,42,104,36,6,42,146
03/04/2000,TCL,AL,ASO,ES,Federal Contract Tower,0,1,13,6,20,0,0,19,4,23,0,1,32,10,43,28,4,32,75
03/05/2000,TCL,AL,ASO,ES,Federal Contract Tower,0,3,20,8,31,0,0,112,0,112,0,3,132,8,143,68,0,68,211
03/06/2000,TCL,AL,ASO,ES,Federal Contract Tower,0,3,30,14,47,0,0,69,32,101,0,3,99,46,148,75,0,75,223
03/07/2000,TCL,AL,ASO,ES,Federal Contract Tower,0,5,31,14,50,0,2,72,50,124,0,7,103,64,174,86,6,92,266
03/08/2000,TCL,AL,ASO,ES,Federal Contract Tower,0,3,28,13,44,0,0,38,45,83,0,3,66,58,127,50,16,66,193
03/09/2000,TCL,AL,ASO,ES,Federal Contract Tower,0,5,27,13,45,0,1,43,16,60,0,6,70,29,105,46,16,62,167
03/10/2000,TCL,AL,ASO,ES,Federal Contract Tower,0,5,30,14,49,0,3,7,10,20,0,8,37,24,69,0,0,0,69
03/11/2000,TCL,AL,ASO,ES,Federal Contract Tower,0,2,11,4,17,0,0,14,0,14,0,2,25,4,31,4,0,4,35
03/12/2000,TCL,AL,ASO,ES,Federal Contract Tower,0,4,22,0,26,0,1,87,0,88,0,5,109,0,114,50,0,50,164
03/13/2000,TCL,AL,ASO,ES,Federal Contract Tower,0,4,21,9,34,0,1,60,38,99,0,5,81,47,133,82,10,92,225
03/14/2000,TCL,AL,ASO,ES,Federal Contract Tower,0,5,26,12,43,0,2,75,32,109,0,7,101,44,152,72,14,86,238
03/15/2000,TCL,AL,ASO,ES,Federal Contract Tower,0,2,24,12,38,0,0,36,42,78,0,2,60,54,116,44,12,56,172
03/16/2000,TCL,AL,ASO,ES,Federal Contract Tower,0,2,19,10,31,0,0,12,0,12,0,2,31,10,43,12,6,18,61
03/17/2000,TCL,AL,ASO,ES,Federal Contract Tower,0,5,34,17,56,0,1,40,9,50,0,6,74,26,106,46,0,46,152
03/18/2000,TCL,AL,ASO,ES,Federal Contract Tower,0,1,13,2,16,0,1,36,0,37,0,2,49,2,53,86,0,86,139
03/19/2000,TCL,AL,ASO,ES,Federal Contract Tower,0,1,14,0,15,0,1,5,0,6,0,2,19,0,21,0,0,0,21
03/20/2000,TCL,AL,ASO,ES,Federal Contract Tower,0,1,20,9,30,0,0,38,24,62,0,1,58,33,92,57,0,57,149
03/21/2000,TCL,AL,ASO,ES,Federal Contract Tower,0,4,28,12,44,0,6,64,35,105,0,10,92,47,149,120,2,122,271
03/22/2000,TCL,AL,ASO,ES,Federal Contract Tower,0,2,36,16,54,0,0,68,48,116,0,2,104,64,170,78,36,114,284
03/23/2000,TCL,AL,ASO,ES,Federal Contract Tower,0,5,35,15,55,0,0,60,55,115,0,5,95,70,170,112,48,160,330
03/24/2000,TCL,AL,ASO,ES,Federal Contract Tower,0,2,20,9,31,0,5,60,31,96,0,7,80,40,127,92,14,106,233
03/25/2000,TCL,AL,ASO,ES,Federal Contract Tower,0,2,14,6,22,0,1,52,2,55,0,3,66,8,77,222,6,228,305
03/26/2000,TCL,AL,ASO,ES,Federal Contract Tower,0,2,19,8,29,0,2,38,5,45,0,4,57,13,74,42,0,42,116
03/27/2000,TCL,AL,ASO,ES,Federal Contract Tower,0,2,20,9,31,0,0,15,21,36,0,2,35,30,67,41,6,47,114
03/28/2000,TCL,AL,ASO,ES,Federal Contract Tower,0,2,18,8,28,0,2,52,22,76,0,4,70,30,104,64,0,64,168
03/29/2000,TCL,AL,ASO,ES,Federal Contract Tower,0,3,22,9,34,0,6,24,23,53,0,9,46,32,87,30,0,30,117
03/30/2000,TCL,AL,ASO,ES,Federal Contract Tower,0,3,27,12,42,0,4,25,3,32,0,7,52,15,74,94,6,100,174
03/31/2000,TCL,AL,ASO,ES,Federal Contract Tower,0,2,16,7,25,0,5,69,2,76,0,7,85,9,101,78,0,78,179
04/01/2000,TCL,AL,ASO,ES,Federal Contract Tower,0,3,23,2,28,0,0,66,0,66,0,3,89,2,94,44,0,44,138
04/02/2000,TCL,AL,ASO,ES,Federal Contract Tower,0,2,10,0,12,0,4,26,0,30,0,6,36,0,42,60,0,60,102
04/03/2000,TCL,AL,ASO,ES,Federal Contract Tower,0,1,4,0,5,0,1,2,0,3,0,2,6,0,8,2,0,2,10
04/04/2000,TCL,AL,ASO,ES,Federal Contract Tower,0,1,20,9,30,0,0,26,63,89,0,1,46,72,119,52,6,58,177
04/05/2000,TCL,AL,ASO,ES,Federal Contract Tower,0,3,36,15,54,0,0,73,19,92,0,3,109,34,146,64,12,76,222
04/06/2000,TCL,AL,ASO,ES,Federal Contract Tower,0,4,30,13,47,0,0,62,35,97,0,4,92,48,144,61,16,77,221
04/07/2000,TCL,AL,ASO,ES,Federal Contract Tower,0,6,45,19,70,0,0,50,33,83,0,6,95,52,153,16,2,18,171
04/08/2000,TCL,AL,ASO,ES,Federal Contract Tower,0,2,14,0,16,0,0,37,0,37,0,2,51,0,53,38,0,38,91
04/09/2000,TCL,AL,ASO,ES,Federal Contract Tower,0,3,21,10,34,0,2,93,18,113,0,5,114,28,147,64,0,64,211
04/10/2000,TCL,AL,ASO,ES,Federal Contract Tower,0,5,37,16,58,0,0,57,52,109,0,5,94,68,167,40,4,44,211
04/11/2000,TCL,AL,ASO,ES,Federal Contract Tower,0,1,16,7,24,0,0,38,31,69,0,1,54,38,93,85,0,85,178
04/12/2000,TCL,AL,ASO,ES,Federal Contract Tower,0,4,43,19,66,0,0,3,29,32,0,4,46,48,98,4,0,4,102
04/13/2000,TCL,AL,ASO,ES,Federal Contract Tower,0,2,19,8,29,0,0,14,2,16,0,2,33,10,45,26,4,30,75
04/14/2000,TCL,AL,ASO,ES,Federal Contract Tower,0,6,39,20,65,0,7,0,30,37,0,13,39,50,102,26,4,30,132
04/15/2000,TCL,AL,ASO,ES,Federal Contract Tower,0,4,36,15,55,0,0,35,7,42,0,4,71,22,97,24,0,24,121
04/16/2000,TCL,AL,ASO,ES,Federal Contract Tower,0,0,20,8,28,0,0,92,1,93,0,0,112,9,121,44,24,68,189
04/17/2000,TCL,AL,ASO,ES,Federal Contract Tower,0,4,27,11,42,0,1,32,35,68,0,5,59,46,110,22,14,36,146
04/18/2000,TCL,AL,ASO,ES,Federal Contract Tower,0,2,26,11,39,0,0,54,43,97,0,2,80,54,136,52,16,68,204
04/19/2000,TCL,AL,ASO,ES,Federal Contract Tower,0,2,24,10,36,0,2,49,23,74,0,4,73,33,110,34,4,38,148
04/20/2000,TCL,AL,ASO,ES,Federal Contract Tower,0,2,24,11,37,0,1,34,34,69,0,3,58,45,106,44,0,44,150
04/21/2000,TCL,AL,ASO,ES,Federal Contract Tower,0,2,20,8,30,0,2,54,36,92,0,4,74,44,122,30,0,30,152
04/22/2000,TCL,AL,ASO,ES,Federal Contract Tower,0,1,15,6,22,0,1,61,9,71,0,2,76,15,93,70,0,70,163
04/23/2000,TCL,AL,ASO,ES,Federal Contract Tower,0,1,13,0,14,0,1,24,0,25,0,2,37,0,39,44,0,44,83
04/24/2000,TCL,AL,ASO,ES,Federal Contract Tower,0,2,16,7,25,0,8,0,5,13,0,10,16,12,38,2,0,2,40
04/25/2000,TCL,AL,ASO,ES,Federal Contract Tower,0,1,32,13,46,0,0,26,37,63,0,1,58,50,109,84,0,84,193
04/26/2000,TCL,AL,ASO,ES,Federal Contract Tower,0,3,30,12,45,2,1,78,26,107,2,4,108,38,152,46,0,46,198
04/27/2000,TCL,AL,ASO,ES,Federal Contract Tower,0,2,26,10,38,0,0,72,28,100,0,2,98,38,138,76,12,88,226
04/28/2000,TCL,AL,ASO,ES,Federal Contract Tower,0,3,31,13,47,0,1,45,23,69,0,4,76,36,116,11,10,21,137
04/29/2000,TCL,AL,ASO,ES,Federal Contract Tower,0,2,21,4,27,0,0,75,0,75,0,2,96,4,102,46,0,46,148
04/30/2000,TCL,AL,ASO,ES,Federal Contract Tower,0,1,20,8,29,0,0,83,6,89,0,1,103,14,118,110,10,120,238
05/01/2000,TCL,AL,ASO,ES,Federal Contract Tower,0,2,24,13,39,0,0,25,69,94,0,2,49,82,133,48,0,48,181
05/02/2000,TCL,AL,ASO,ES,Federal Contract Tower,0,2,40,23,65,0,0,26,43,69,0,2,66,66,134,60,18,78,212
05/03/2000,TCL,AL,ASO,ES,Federal Contract Tower,0,4,32,18,54,0,0,26,38,64,0,4,58,56,118,34,16,50,168
05/04/2000,TCL,AL,ASO,ES,Federal Contract Tower,0,4,35,20,59,0,0,35,28,63,0,4,70,48,122,52,22,74,196
05/05/2000,TCL,AL,ASO,ES,Federal Contract Tower,0,3,23,14,40,0,9,50,26,85,0,12,73,40,125,44,6,50,175
05/06/2000,TCL,AL,ASO,ES,Federal Contract Tower,0,1,14,8,23,0,0,69,10,79,0,1,83,18,102,52,4,56,158
05/07/2000,TCL,AL,ASO,ES,Federal Contract Tower,0,3,17,8,28,0,4,52,0,56,0,7,69,8,84,48,0,48,132
05/08/2000,TCL,AL,ASO,ES,Federal Contract Tower,0,1,27,15,43,0,0,28,32,60,0,1,55,47,103,26,24,50,153
05/09/2000,TCL,AL,ASO,ES,Federal Contract Tower,0,5,38,22,65,0,2,33,32,67,0,7,71,54,132,52,8,60,192
05/10/2000,TCL,AL,ASO,ES,Federal Contract Tower,0,2,28,16,46,0,0,45,38,83,0,2,73,54,129,98,8,106,235
05/11/2000,TCL,AL,ASO,ES,Federal Contract Tower,0,0,35,20,55,0,0,54,18,72,0,0,89,38,127,54,0,54,181
05/12/2000,TCL,AL,ASO,ES,Federal Contract Tower,0,3,23,14,40,0,2,38,37,77,0,5,61,51,117,90,16,106,223
05/13/2000,TCL,AL,ASO,ES,Federal Contract Tower,0,2,11,6,19,0,0,44,4,48,0,2,55,10,67,46,12,58,125
05/14/2000,TCL,AL,ASO,ES,Federal Contract Tower,0,2,15,10,27,0,2,55,13,70,0,4,70,23,97,53,17,70,167
05/15/2000,TCL,AL,ASO,ES,Federal Contract Tower,0,1,27,15,43,0,0,61,21,82,0,1,88,36,125,76,0,76,201
05/16/2000,TCL,AL,ASO,ES,Federal Contract Tower,0,3,23,13,39,0,4,63,21,88,0,7,86,34,127,82,10,92,219
05/17/2000,TCL,AL,ASO,ES,Federal Contract Tower,0,3,29,18,50,0,0,45,44,89,0,3,74,62,139,12,18,30,169
05/18/2000,TCL,AL,ASO,ES,Federal Contract Tower,0,3,33,20,56,0,0,18,44,62,0,3,51,64,118,34,24,58,176
05/19/2000,TCL,AL,ASO,ES,Federal Contract Tower,0,2,39,23,64,0,0,34,42,76,0,2,73,65,140,26,18,44,184
05/20/2000,TCL,AL,ASO,ES,Federal Contract Tower,0,0,19,10,29,0,0,19,16,35,0,0,38,26,64,56,0,56,120
05/21/2000,TCL,AL,ASO,ES,Federal Contract Tower,0,0,27,15,42,0,0,15,5,20,0,0,42,20,62,48,0,48,110
05/22/2000,TCL,AL,ASO,ES,Federal Contract Tower,0,1,19,11,31,0,0,28,28,56,0,1,47,39,87,56,0,56,143
05/23/2000,TCL,AL,ASO,ES,Federal Contract Tower,0,3,30,17,50,0,5,44,37,86,0,8,74,54,136,36,14,50,186
05/24/2000,TCL,AL,ASO,ES,Federal Contract Tower,0,3,25,13,41,0,3,41,22,66,0,6,66,35,107,24,6,30,137
05/25/2000,TCL,AL,ASO,ES,Federal Contract Tower,0,3,31,17,51,0,0,42,10,52,0,3,73,27,103,4,4,8,111
05/26/2000,TCL,AL,ASO,ES,Federal Contract Tower,0,3,28,2,33,0,1,47,0,48,0,4,75,2,81,16,0,16,97
05/27/2000,TCL,AL,ASO,ES,Federal Contract Tower,0,2,39,0,41,0,0,25,0,25,0,2,64,0,66,44,0,44,110
05/28/2000,TCL,AL,ASO,ES,Federal Contract Tower,0,0,8,4,12,0,0,36,7,43,0,0,44,11,55,94,0,94,149
05/29/2000,TCL,AL,ASO,ES,Federal Contract Tower,0,0,8,3,11,0,2,71,0,73,0,2,79,3,84,73,0,73,157
05/30/2000,TCL,AL,ASO,ES,Federal Contract Tower,0,3,28,15,46,0,1,86,38,125,0,4,114,53,171,50,0,50,221
05/31/2000,TCL,AL,ASO,ES,Federal Contract Tower,0,4,38,21,63,0,10,70,49,129,0,14,108,70,192,30,4,34,226
06/01/2000,TCL,AL,ASO,ES,Federal Contract Tower,0,3,28,14,45,0,5,49,30,84,0,8,77,44,129,136,2,138,267
06/02/2000,TCL,AL,ASO,ES,Federal Contract Tower,0,2,22,11,35,0,0,63,23,86,0,2,85,34,121,63,6,69,190
06/03/2000,TCL,AL,ASO,ES,Federal Contract Tower,0,1,18,8,27,0,0,89,9,98,0,1,107,17,125,68,14,82,207
06/04/2000,TCL,AL,ASO,ES,Federal Contract Tower,0,4,25,11,40,0,3,47,0,50,0,7,72,11,90,70,0,70,160
06/05/2000,TCL,AL,ASO,ES,Federal Contract Tower,0,2,15,7,24,0,1,10,7,18,0,3,25,14,42,0,0,0,42
06/06/2000,TCL,AL,ASO,ES,Federal Contract Tower,0,3,17,8,28,0,0,56,41,97,0,3,73,49,125,40,8,48,173
06/07/2000,TCL,AL,ASO,ES,Federal Contract Tower,0,2,25,12,39,0,0,75,34,109,0,2,100,46,148,78,16,94,242
06/08/2000,TCL,AL,ASO,ES,Federal Contract Tower,0,5,33,16,54,0,1,64,32,97,0,6,97,48,151,56,10,66,217
06/09/2000,TCL,AL,ASO,ES,Federal Contract Tower,0,5,40,19,64,0,4,51,48,103,0,9,91,67,167,4,4,8,175
06/10/2000,TCL,AL,ASO,ES,Federal Contract Tower,0,1,18,9,28,0,0,87,4,91,0,1,105,13,119,10,0,10,129
06/11/2000,TCL,AL,ASO,ES,Federal Contract Tower,0,2,15,8,25,0,0,44,11,55,0,2,59,19,80,88,42,130,210
06/12/2000,TCL,AL,ASO,ES,Federal Contract Tower,0,1,16,8,25,0,0,47,29,76,0,1,63,37,101,45,0,45,146
06/13/2000,TCL,AL,ASO,ES,Federal Contract Tower,0,4,28,13,45,0,2,69,25,96,0,6,97,38,141,86,10,96,237
06/14/2000,TCL,AL,ASO,ES,Federal Contract Tower,0,4,30,15,49,0,3,38,61,102,0,7,68,76,151,16,10,26,177
06/15/2000,TCL,AL,ASO,ES,Federal Contract Tower,0,2,23,10,35,0,0,47,0,47,0,2,70,10,82,40,0,40,122
06/16/2000,TCL,AL,ASO,ES,Federal Contract Tower,0,4,26,12,42,0,0,20,2,22,0,4,46,14,64,50,0,50,114
06/17/2000,TCL,AL,ASO,ES,Federal Contract Tower,0,0,11,4,15,0,0,13,4,17,0,0,24,8,32,33,12,45,77
06/18/2000,TCL,AL,ASO,ES,Federal Contract Tower,0,1,14,4,19,0,0,28,0,28,0,1,42,4,47,67,0,67,114
06/19/2000,TCL,AL,ASO,ES,Federal Contract Tower,0,3,27,12,42,0,1,32,6,39,0,4,59,18,81,30,0,30,111
06/20/2000,TCL,AL,ASO,ES,Federal Contract Tower,0,2,22,10,34,0,0,66,28,94,0,2,88,38,128,48,0,48,176
06/21/2000,TCL,AL,ASO,ES,Federal Contract Tower,0,2,26,12,40,0,0,55,36,91,0,2,81,48,131,42,20,62,193
06/22/2000,TCL,AL,ASO,ES,Federal Contract Tower,0,3,29,14,46,0,3,37,26,66,0,6,66,40,112,62,6,68,180
06/23/2000,TCL,AL,ASO,ES,Federal Contract Tower,0,4,37,17,58,2,0,98,34,134,2,4,135,51,192,53,0,53,245
06/24/2000,TCL,AL,ASO,ES,Federal Contract Tower,0,0,14,7,21,0,0,69,0,69,0,0,83,7,90,53,0,53,143
06/25/2000,TCL,AL,ASO,ES,Federal Contract Tower,0,1,15,5,21,0,1,22,0,23,0,2,37,5,44,60,0,60,104
06/26/2000,TCL,AL,ASO,ES,Federal Contract Tower,0,1,26,12,39,0,0,54,35,89,0,1,80,47,128,84,34,118,246
06/27/2000,TCL,AL,ASO,ES,Federal Contract Tower,0,0,37,17,54,0,0,27,55,82,0,0,64,72,136,26,20,46,182
06/28/2000,TCL,AL,ASO,ES,Federal Contract Tower,0,3,33,15,51,0,3,17,23,43,0,6,50,38,94,46,0,46,140
06/29/2000,TCL,AL,ASO,ES,Federal Contract Tower,0,2,39,18,59,0,0,56,21,77,0,2,95,39,136,16,10,26,162
06/30/2000,TCL,AL,ASO,ES,Federal Contract Tower,0,2,35,16,53,0,0,121,30,151,0,2,156,46,204,29,30,59,263
07/01/2000,TCL,AL,ASO,ES,Federal Contract Tower,0,1,12,0,13,0,0,57,0,57,0,1,69,0,70,64,0,64,134
07/02/2000,TCL,AL,ASO,ES,Federal Contract Tower,0,2,10,2,14,0,4,64,0,68,0,6,74,2,82,61,0,61,143
07/03/2000,TCL,AL,ASO,ES,Federal Contract Tower,0,2,9,3,14,0,0,54,0,54,0,2,63,3,68,74,6,80,148
07/04/2000,TCL,AL,ASO,ES,Federal Contract Tower,0,1,4,0,5,0,1,42,0,43,0,2,46,0,48,66,0,66,114
07/05/2000,TCL,AL,ASO,ES,Federal Contract Tower,0,0,21,11,32,0,0,50,21,71,0,0,71,32,103,50,8,58,161
07/06/2000,TCL,AL,ASO,ES,Federal Contract Tower,0,2,21,11,34,0,0,42,28,70,0,2,63,39,104,74,30,104,208
07/07/2000,TCL,AL,ASO,ES,Federal Contract Tower,0,3,24,13,40,0,0,70,25,95,0,3,94,38,135,32,10,42,177
07/08/2000,TCL,AL,ASO,ES,Federal Contract Tower,0,1,8,5,14,0,0,60,15,75,0,1,68,20,89,0,0,0,89
07/09/2000,TCL,AL,ASO,ES,Federal Contract Tower,0,0,10,6,16,0,0,37,0,37,0,0,47,6,53,92,0,92,145
07/10/2000,TCL,AL,ASO,ES,Federal Contract Tower,0,1,26,15,42,0,0,43,6,49,0,1,69,21,91,87,6,93,184
07/11/2000,TCL,AL,ASO,ES,Federal Contract Tower,0,4,30,17,51,0,0,57,16,73,0,4,87,33,124,64,8,72,196
07/12/2000,TCL,AL,ASO,ES,Federal Contract Tower,0,4,27,14,45,0,0,60,20,80,0,4,87,34,125,26,6,32,157
07/13/2000,TCL,AL,ASO,ES,Federal Contract Tower,0,4,35,20,59,0,7,65,20,92,0,11,100,40,151,68,0,68,219
07/14/2000,TCL,AL,ASO,ES,Federal Contract Tower,0,3,32,18,53,0,0,87,20,107,0,3,119,38,160,40,28,68,228
07/15/2000,TCL,AL,ASO,ES,Federal Contract Tower,0,0,4,1,5,0,0,65,1,66,0,0,69,2,71,50,0,50,121
07/16/2000,TCL,AL,ASO,ES,Federal Contract Tower,0,2,11,5,18,0,0,64,13,77,0,2,75,18,95,58,8,66,161
07/17/2000,TCL,AL,ASO,ES,Federal Contract Tower,0,3,31,17,51,0,0,48,41,89,0,3,79,58,140,73,16,89,229
07/18/2000,TCL,AL,ASO,ES,Federal Contract Tower,0,3,28,14,45,0,1,22,62,85,0,4,50,76,130,40,14,54,184
07/19/2000,TCL,AL,ASO,ES,Federal Contract Tower,0,3,34,18,55,0,3,49,29,81,0,6,83,47,136,62,28,90,226
07/20/2000,TCL,AL,ASO,ES,Federal Contract Tower,0,2,26,15,43,0,2,33,26,61,0,4,59,41,104,35,38,73,177
07/21/2000,TCL,AL,ASO,ES,Federal Contract Tower,0,3,28,10,41,0,1,71,0,72,0,4,99,10,113,8,4,12,125
07/22/2000,TCL,AL,ASO,ES,Federal Contract Tower,0,1,16,9,26,0,0,44,2,46,0,1,60,11,72,30,18,48,120
07/23/2000,TCL,AL,ASO,ES,Federal Contract Tower,0,0,14,7,21,0,0,49,5,54,0,0,63,12,75,54,2,56,131
07/24/2000,TCL,AL,ASO,ES,Federal Contract Tower,0,3,28,15,46,0,0,72,27,99,0,3,100,42,145,90,16,106,251
07/25/2000,TCL,AL,ASO,ES,Federal Contract Tower,0,0,20,11,31,0,0,47,22,69,0,0,67,33,100,30,14,44,144
07/26/2000,TCL,AL,ASO,ES,Federal Contract Tower,0,0,32,17,49,0,0,50,53,103,0,0,82,70,152,38,28,66,218
07/27/2000,TCL,AL,ASO,ES,Federal Contract Tower,0,0,23,13,36,0,0,61,1,62,0,0,84,14,98,86,10,96,194
07/28/2000,TCL,AL,ASO,ES,Federal Contract Tower,0,2,26,15,43,0,4,62,23,89,0,6,88,38,132,204,10,214,346
07/29/2000,TCL,AL,ASO,ES,Federal Contract Tower,0,0,18,10,28,0,0,28,28,56,0,0,46,38,84,14,0,14,98
07/30/2000,TCL,AL,ASO,ES,Federal Contract Tower,0,0,7,4,11,0,0,35,1,36,0,0,42,5,47,0,0,0,47
07/31/2000,TCL,AL,ASO,ES,Federal Contract Tower,0,2,26,15,43,0,4,30,8,42,0,6,56,23,85,40,0,40,125
08/01/2000,TCL,AL,ASO,ES,Federal Contract Tower,0,2,14,7,23,0,2,29,25,56,0,4,43,32,79,76,0,76,155
08/02/2000,TCL,AL,ASO,ES,Federal Contract Tower,0,4,32,16,52,0,0,32,26,58,0,4,64,42,110,42,0,42,152
08/03/2000,TCL,AL,ASO,ES,Federal Contract Tower,0,2,21,11,34,0,0,64,17,81,0,2,85,28,115,48,12,60,175
08/04/2000,TCL,AL,ASO,ES,Federal Contract Tower,0,0,27,13,40,0,0,51,26,77,0,0,78,39,117,82,6,88,205
08/05/2000,TCL,AL,ASO,ES,Federal Contract Tower,0,0,6,2,8,0,0,53,0,53,0,0,59,2,61,60,0,60,121
08/06/2000,TCL,AL,ASO,ES,Federal Contract Tower,0,2,7,3,12,0,0,55,1,56,0,2,62,4,68,84,0,84,152
08/07/2000,TCL,AL,ASO,ES,Federal Contract Tower,0,3,32,16,51,0,0,50,64,114,0,3,82,80,165,84,14,98,263
08/08/2000,TCL,AL,ASO,ES,Federal Contract Tower,0,3,25,13,41,0,0,35,39,74,0,3,60,52,115,48,8,56,171
08/09/2000,TCL,AL,ASO,ES,Federal Contract Tower,0,3,19,9,31,0,0,60,23,83,0,3,79,32,114,46,0,46,160
08/10/2000,TCL,AL,ASO,ES,Federal Contract Tower,0,6,30,15,51,0,1,51,51,103,0,7,81,66,154,66,0,66,220
08/11/2000,TCL,AL,ASO,ES,Federal Contract Tower,0,6,33,17,56,4,10,63,17,94,4,16,96,34,150,60,12,72,222
08/12/2000,TCL,AL,ASO,ES,Federal Contract Tower,0,3,15,4,22,0,0,79,0,79,0,3,94,4,101,24,0,24,125
08/13/2000,TCL,AL,ASO,ES,Federal Contract Tower,0,2,21,8,31,0,0,88,0,88,0,2,109,8,119,52,0,52,171
08/14/2000,TCL,AL,ASO,ES,Federal Contract Tower,0,0,18,9,27,0,0,46,38,84,0,0,64,47,111,56,28,84,195
08/15/2000,TCL,AL,ASO,ES,Federal Contract Tower,0,4,22,11,37,0,4,48,31,83,0,8,70,42,120,102,6,108,228
08/16/2000,TCL,AL,ASO,ES,Federal Contract Tower,0,4,18,9,31,0,9,53,24,86,0,13,71,33,117,54,12,66,183
08/17/2000,TCL,AL,ASO,ES,Federal Contract Tower,0,4,26,13,43,0,0,68,39,107,0,4,94,52,150,64,8,72,222
08/18/2000,TCL,AL,ASO,ES,Federal Contract Tower,0,3,27,13,43,0,0,56,13,69,0,3,83,26,112,90,0,90,202
08/19/2000,TCL,AL,ASO,ES,Federal Contract Tower,0,0,20,1,21,0,0,68,0,68,0,0,88,1,89,62,0,62,151
08/20/2000,TCL,AL,ASO,ES,Federal Contract Tower,0,3,13,5,21,0,0,76,9,85,0,3,89,14,106,62,12,74,180
08/21/2000,TCL,AL,ASO,ES,Federal Contract Tower,0,4,22,10,36,0,2,59,32,93,0,6,81,42,129,32,12,44,173
08/22/2000,TCL,AL,ASO,ES,Federal Contract Tower,0,3,34,15,52,0,0,59,17,76,0,3,93,32,128,56,16,72,200
08/23/2000,TCL,AL,ASO,ES,Federal Contract Tower,0,4,29,14,47,0,7,53,16,76,0,11,82,30,123,56,10,66,189
08/24/2000,TCL,AL,ASO,ES,Federal Contract Tower,0,4,29,15,48,0,8,64,17,89,0,12,93,32,137,48,0,48,185
08/25/2000,TCL,AL,ASO,ES,Federal Contract Tower,0,4,27,13,44,0,2,79,19,100,0,6,106,32,144,60,22,82,226
08/26/2000,TCL,AL,ASO,ES,Federal Contract Tower,0,0,12,6,18,0,0,106,0,106,0,0,118,6,124,112,0,112,236
08/27/2000,TCL,AL,ASO,ES,Federal Contract Tower,0,2,17,8,27,0,2,33,10,45,0,4,50,18,72,30,0,30,102
08/28/2000,TCL,AL,ASO,ES,Federal Contract Tower,0,3,23,11,37,0,1,63,20,84,0,4,86,31,121,46,6,52,173
08/29/2000,TCL,AL,ASO,ES,Federal Contract Tower,0,4,25,12,41,0,1,51,54,106,0,5,76,66,147,56,2,58,205
08/30/2000,TCL,AL,ASO,ES,Federal Contract Tower,0,4,28,14,46,0,3,52,30,85,0,7,80,44,131,64,10,74,205
08/31/2000,TCL,AL,ASO,ES,Federal Contract Tower,0,4,26,12,42,0,1,38,34,73,0,5,64,46,115,20,16,36,151
09/01/2000,TCL,AL,ASO,ES,Federal Contract Tower,0,4,28,11,43,0,2,31,29,62,0,6,59,40,105,38,4,42,147
09/02/2000,TCL,AL,ASO,ES,Federal Contract Tower,0,1,9,3,13,0,1,71,0,72,0,2,80,3,85,2,2,4,89
09/03/2000,TCL,AL,ASO,ES,Federal Contract Tower,0,0,12,4,16,0,0,45,4,49,0,0,57,8,65,100,0,100,165
09/04/2000,TCL,AL,ASO,ES,Federal Contract Tower,0,0,20,7,27,0,0,63,1,64,0,0,83,8,91,50,0,50,141
09/05/2000,TCL,AL,ASO,ES,Federal Contract Tower,0,3,19,7,29,0,1,47,37,85,0,4,66,44,114,28,20,48,162
09/06/2000,TCL,AL,ASO,ES,Federal Contract Tower,0,1,27,10,38,0,0,22,49,71,0,1,49,59,109,54,0,54,163
09/07/2000,TCL,AL,ASO,ES,Federal Contract Tower,0,1,29,10,40,0,0,21,7,28,0,1,50,17,68,34,0,34,102
09/08/2000,TCL,AL,ASO,ES,Federal Contract Tower,0,5,31,12,48,0,3,30,11,44,0,8,61,23,92,52,14,66,158
09/09/2000,TCL,AL,ASO,ES,Federal Contract Tower,0,0,13,0,13,0,0,51,0,51,0,0,64,0,64,80,0,80,144
09/10/2000,TCL,AL,ASO,ES,Federal Contract Tower,0,1,15,6,22,0,0,64,4,68,0,1,79,10,90,84,0,84,174
09/11/2000,TCL,AL,ASO,ES,Federal Contract Tower,0,5,27,10,42,0,0,27,30,57,0,5,54,40,99,56,22,78,177
09/12/2000,TCL,AL,ASO,ES,Federal Contract Tower,0,5,27,10,42,0,8,44,24,76,0,13,71,34,118,74,2,76,194
09/13/2000,TCL,AL,ASO,ES,Federal Contract Tower,0,5,35,12,52,0,0,47,39,86,0,5,82,51,138,84,6,90,228
09/14/2000,TCL,AL,ASO,ES,Federal Contract Tower,0,7,36,14,57,0,3,54,38,95,0,10,90,52,152,82,12,94,246
09/15/2000,TCL,AL,ASO,ES,Federal Contract Tower,0,6,33,13,52,0,8,56,27,91,0,14,89,40,143,78,0,78,221
09/16/2000,TCL,AL,ASO,ES,Federal Contract Tower,0,4,17,1,22,0,4,77,0,81,0,8,94,1,103,118,0,118,221
09/17/2000,TCL,AL,ASO,ES,Federal Contract Tower,0,4,29,4,37,0,0,66,0,66,0,4,95,4,103,32,6,38,141
09/18/2000,TCL,AL,ASO,ES,Federal Contract Tower,0,6,32,11,49,0,1,69,36,106,0,7,101,47,155,107,8,115,270
09/19/2000,TCL,AL,ASO,ES,Federal Contract Tower,0,3,32,11,46,0,0,62,27,89,0,3,94,38,135,88,38,126,261
09/20/2000,TCL,AL,ASO,ES,Federal Contract Tower,0,3,35,12,50,0,0,37,28,65,0,3,72,40,115,28,10,38,153
09/21/2000,TCL,AL,ASO,ES,Federal Contract Tower,0,7,39,13,59,0,7,33,47,87,0,14,72,60,146,36,24,60,206
09/22/2000,TCL,AL,ASO,ES,Federal Contract Tower,0,6,32,10,48,2,12,25,8,47,2,18,57,18,95,64,0,64,159
09/23/2000,TCL,AL,ASO,ES,Federal Contract Tower,0,4,22,2,28,0,1,47,0,48,0,5,69,2,76,54,0,54,130
09/24/2000,TCL,AL,ASO,ES,Federal Contract Tower,0,0,17,2,19,2,0,26,0,28,2,0,43,2,47,102,0,102,149
09/25/2000,TCL,AL,ASO,ES,Federal Contract Tower,0,5,27,4,36,0,0,22,0,22,0,5,49,4,58,78,0,78,136
09/26/2000,TCL,AL,ASO,ES,Federal Contract Tower,0,5,35,13,53,2,4,64,35,105,2,9,99,48,158,42,12,54,212
09/27/2000,TCL,AL,ASO,ES,Federal Contract Tower,0,4,28,10,42,0,1,62,48,111,0,5,90,58,153,36,34,70,223
09/28/2000,TCL,AL,ASO,ES,Federal Contract Tower,0,4,29,11,44,1,20,81,26,128,1,24,110,37,172,106,8,114,286
09/29/2000,TCL,AL,ASO,ES,Federal Contract Tower,0,4,26,3,33,1,7,99,0,107,1,11,125,3,140,64,0,64,204
09/30/2000,TCL,AL,ASO,ES,Federal Contract Tower,0,5,50,2,57,3,0,136,0,139,3,5,186,2,196,156,0,156,352
10/01/2000,TCL,AL,ASO,ES,Federal Contract Tower,0,1,21,0,22,0,0,91,0,91,0,1,112,0,113,114,0,114,227
10/02/2000,TCL,AL,ASO,ES,Federal Contract Tower,0,2,14,6,22,0,0,53,16,69,0,2,67,22,91,172,0,172,263
10/03/2000,TCL,AL,ASO,ES,Federal Contract Tower,0,1,24,11,36,0,0,42,43,85,0,1,66,54,121,24,2,26,147
10/04/2000,TCL,AL,ASO,ES,Federal Contract Tower,0,2,29,13,44,0,0,63,37,100,0,2,92,50,144,58,4,62,206
10/05/2000,TCL,AL,ASO,ES,Federal Contract Tower,0,4,23,10,37,0,4,66,30,100,0,8,89,40,137,136,8,144,281
10/06/2000,TCL,AL,ASO,ES,Federal Contract Tower,0,2,18,8,28,0,4,7,2,13,0,6,25,10,41,14,0,14,55
10/07/2000,TCL,AL,ASO,ES,Federal Contract Tower,0,1,10,0,11,0,0,34,0,34,0,1,44,0,45,24,0,24,69
10/08/2000,TCL,AL,ASO,ES,Federal Contract Tower,0,2,16,7,25,0,0,54,2,56,0,2,70,9,81,58,12,70,151
10/09/2000,TCL,AL,ASO,ES,Federal Contract Tower,0,1,11,4,16,0,0,50,0,50,0,1,61,4,66,148,6,154,220
10/10/2000,TCL,AL,ASO,ES,Federal Contract Tower,0,2,20,8,30,0,0,69,30,99,0,2,89,38,129,72,12,84,213
10/11/2000,TCL,AL,ASO,ES,Federal Contract Tower,0,4,23,10,37,0,3,46,58,107,0,7,69,68,144,34,2,36,180
10/12/2000,TCL,AL,ASO,ES,Federal Contract Tower,0,5,31,13,49,0,3,68,27,98,0,8,99,40,147,82,0,82,229
10/13/2000,TCL,AL,ASO,ES,Federal Contract Tower,0,7,42,18,67,0,0,66,35,101,0,7,108,53,168,24,28,52,220
10/14/2000,TCL,AL,ASO,ES,Federal Contract Tower,0,8,41,4,53,0,2,114,0,116,0,10,155,4,169,256,0,256,425
10/15/2000,TCL,AL,ASO,ES,Federal Contract Tower,0,6,47,17,70,0,0,97,0,97,0,6,144,17,167,70,30,100,267
10/16/2000,TCL,AL,ASO,ES,Federal Contract Tower,0,3,24,11,38,0,0,51,39,90,0,3,75,50,128,28,0,28,156
10/17/2000,TCL,AL,ASO,ES,Federal Contract Tower,0,6,34,15,55,0,4,34,44,82,0,10,68,59,137,44,14,58,195
10/18/2000,TCL,AL,ASO,ES,Federal Contract Tower,0,5,29,11,45,0,2,33,27,62,0,7,62,38,107,48,24,72,179
10/19/2000,TCL,AL,ASO,ES,Federal Contract Tower,0,5,27,10,42,0,3,57,20,80,0,8,84,30,122,106,0,106,228
10/20/2000,TCL,AL,ASO,ES,Federal Contract Tower,0,0,22,8,30,2,0,74,8,84,2,0,96,16,114,43,0,43,157
10/21/2000,TCL,AL,ASO,ES,Federal Contract Tower,0,3,25,0,28,0,0,73,0,73,0,3,98,0,101,88,6,94,195
10/22/2000,TCL,AL,ASO,ES,Federal Contract Tower,0,1,24,9,34,2,0,79,17,98,2,1,103,26,132,50,23,73,205
10/23/2000,TCL,AL,ASO,ES,Federal Contract Tower,0,3,32,12,47,0,0,26,51,77,0,3,58,63,124,114,10,124,248
10/24/2000,TCL,AL,ASO,ES,Federal Contract Tower,0,5,34,14,53,0,1,53,23,77,0,6,87,37,130,70,0,70,200
10/25/2000,TCL,AL,ASO,ES,Federal Contract Tower,0,5,32,13,50,0,3,27,38,68,0,8,59,51,118,60,4,64,182
10/26/2000,TCL,AL,ASO,ES,Federal Contract Tower,0,4,28,12,44,3,0,41,14,58,3,4,69,26,102,54,0,54,156
10/27/2000,TCL,AL,ASO,ES,Federal Contract Tower,0,6,38,16,60,3,0,61,19,83,3,6,99,35,143,14,0,14,157
10/28/2000,TCL,AL,ASO,ES,Federal Contract Tower,0,3,24,0,27,2,5,70,0,77,2,8,94,0,104,262,0,262,366
10/29/2000,TCL,AL,ASO,ES,Federal Contract Tower,0,2,16,7,25,0,2,39,8,49,0,4,55,15,74,68,0,68,142
10/30/2000,TCL,AL,ASO,ES,Federal Contract Tower,0,4,24,10,38,0,5,72,33,110,0,9,96,43,148,112,2,114,262
10/31/2000,TCL,AL,ASO,ES,Federal Contract Tower,0,3,23,10,36,0,4,60,26,90,0,7,83,36,126,62,16,78,204
11/01/2000,TCL,AL,ASO,ES,Federal Contract Tower,0,4,33,13,50,0,0,46,42,88,0,4,79,55,138,50,16,66,204
11/02/2000,TCL,AL,ASO,ES,Federal Contract Tower,0,5,35,15,55,0,4,52,17,73,0,9,87,32,128,60,2,62,190
11/03/2000,TCL,AL,ASO,ES,Federal Contract Tower,1,4,27,12,44,1,2,58,29,90,2,6,85,41,134,46,8,54,188
11/04/2000,TCL,AL,ASO,ES,Federal Contract Tower,0,1,12,4,17,0,2,38,0,40,0,3,50,4,57,90,0,90,147
11/05/2000,TCL,AL,ASO,ES,Federal Contract Tower,1,2,22,5,30,1,0,19,0,20,2,2,41,5,50,92,0,92,142
11/06/2000,TCL,AL,ASO,ES,Federal Contract Tower,0,5,31,13,49,0,3,2,17,22,0,8,33,30,71,10,0,10,81
11/07/2000,TCL,AL,ASO,ES,Federal Contract Tower,0,2,19,8,29,0,0,24,12,36,0,2,43,20,65,68,0,68,133
11/08/2000,TCL,AL,ASO,ES,Federal Contract Tower,0,1,11,5,17,0,9,2,1,12,0,10,13,6,29,30,0,30,59
11/09/2000,TCL,AL,ASO,ES,Federal Contract Tower,0,4,22,9,35,0,3,3,18,24,0,7,25,27,59,2,8,10,69
11/10/2000,TCL,AL,ASO,ES,Federal Contract Tower,0,6,33,3,42,0,2,47,0,49,0,8,80,3,91,64,0,64,155
11/11/2000,TCL,AL,ASO,ES,Federal Contract Tower,0,2,20,3,25,0,0,89,0,89,0,2,109,3,114,84,0,84,198
11/12/2000,TCL,AL,ASO,ES,Federal Contract Tower,0,0,12,5,17,0,0,63,8,71,0,0,75,13,88,100,0,100,188
11/13/2000,TCL,AL,ASO,ES,Federal Contract Tower,0,3,29,11,43,0,0,14,21,35,0,3,43,32,78,20,8,28,106
11/14/2000,TCL,AL,ASO,ES,Federal Contract Tower,0,4,20,7,31,0,3,50,12,65,0,7,70,19,96,68,0,68,164
11/15/2000,TCL,AL,ASO,ES,Federal Contract Tower,0,5,29,11,45,0,7,46,23,76,0,12,75,34,121,36,38,74,195
11/16/2000,TCL,AL,ASO,ES,Federal Contract Tower,0,0,13,4,17,0,0,15,0,15,0,0,28,4,32,2,0,2,34
11/17/2000,TCL,AL,ASO,ES,Federal Contract Tower,0,5,36,14,55,0,0,53,29,82,0,5,89,43,137,42,6,48,185
11/18/2000,TCL,AL,ASO,ES,Federal Contract Tower,0,5,52,2,59,0,0,75,0,75,0,5,127,2,134,172,0,172,306
11/19/2000,TCL,AL,ASO,ES,Federal Contract Tower,0,2,27,10,39,0,0,57,4,61,0,2,84,14,100,20,6,26,126
11/20/2000,TCL,AL,ASO,ES,Federal Contract Tower,0,0,35,14,49,0,0,48,41,89,0,0,83,55,138,40,0,40,178
11/21/2000,TCL,AL,ASO,ES,Federal Contract Tower,0,2,28,11,41,0,0,63,29,92,0,2,91,40,133,50,0,50,183
11/22/2000,TCL,AL,ASO,ES,Federal Contract Tower,0,5,35,15,55,0,2,61,25,88,0,7,96,40,143,50,12,62,205
11/23/2000,TCL,AL,ASO,ES,Federal Contract Tower,0,0,6,0,6,0,0,14,0,14,0,0,20,0,20,28,0,28,48
11/24/2000,TCL,AL,ASO,ES,Federal Contract Tower,0,0,10,0,10,0,0,9,0,9,0,0,19,0,19,2,0,2,21
11/25/2000,TCL,AL,ASO,ES,Federal Contract Tower,0,1,11,0,12,0,1,18,0,19,0,2,29,0,31,26,0,26,57
11/26/2000,TCL,AL,ASO,ES,Federal Contract Tower,0,2,14,4,20,0,2,53,0,55,0,4,67,4,75,44,4,48,123
11/27/2000,TCL,AL,ASO,ES,Federal Contract Tower,0,4,30,13,47,0,3,50,40,93,0,7,80,53,140,54,8,62,202
11/28/2000,TCL,AL,ASO,ES,Federal Contract Tower,0,5,36,15,56,0,2,34,43,79,0,7,70,58,135,66,8,74,209
11/29/2000,TCL,AL,ASO,ES,Federal Contract Tower,0,5,34,14,53,2,5,5,36,48,2,10,39,50,101,56,6,62,163
11/30/2000,TCL,AL,ASO,ES,Federal Contract Tower,0,5,50,21,76,2,0,48,39,89,2,5,98,60,165,52,10,62,227
12/01/2000,TCL,AL,ASO,ES,Federal Contract Tower,0,6,29,19,54,0,1,37,61,99,0,7,66,80,153,46,22,68,221
12/02/2000,TCL,AL,ASO,ES,Federal Contract Tower,0,2,14,9,25,0,0,72,6,78,0,2,86,15,103,92,2,94,197
12/03/2000,TCL,AL,ASO,ES,Federal Contract Tower,0,4,13,9,26,0,0,37,2,39,0,4,50,11,65,46,0,46,111
12/04/2000,TCL,AL,ASO,ES,Federal Contract Tower,0,1,22,14,37,0,0,33,48,81,0,1,55,62,118,44,46,90,208
12/05/2000,TCL,AL,ASO,ES,Federal Contract Tower,0,4,30,20,54,0,0,33,64,97,0,4,63,84,151,38,24,62,213
12/06/2000,TCL,AL,ASO,ES,Federal Contract Tower,0,8,40,26,74,0,0,26,68,94,0,8,66,94,168,34,18,52,220
12/07/2000,TCL,AL,ASO,ES,Federal Contract Tower,0,5,23,16,44,0,0,27,70,97,0,5,50,86,141,34,46,80,221
12/08/2000,TCL,AL,ASO,ES,Federal Contract Tower,0,8,32,22,62,0,5,33,32,70,0,13,65,54,132,24,46,70,202
12/09/2000,TCL,AL,ASO,ES,Federal Contract Tower,0,4,13,9,26,0,3,34,1,38,0,7,47,10,64,78,10,88,152
12/10/2000,TCL,AL,ASO,ES,Federal Contract Tower,0,4,16,12,32,2,1,2,2,7,2,5,18,14,39,0,0,0,39
12/11/2000,TCL,AL,ASO,ES,Federal Contract Tower,0,4,20,13,37,0,0,3,33,36,0,4,23,46,73,0,6,6,79
12/12/2000,TCL,AL,ASO,ES,Federal Contract Tower,0,6,24,16,46,0,0,22,52,74,0,6,46,68,120,13,0,13,133
12/13/2000,TCL,AL,ASO,ES,Federal Contract Tower,0,5,19,12,36,0,1,8,20,29,0,6,27,32,65,16,0,16,81
12/14/2000,TCL,AL,ASO,ES,Federal Contract Tower,0,7,20,17,44,0,5,0,19,24,0,12,20,36,68,2,0,2,70
12/15/2000,TCL,AL,ASO,ES,Federal Contract Tower,0,5,19,4,28,0,2,11,0,13,0,7,30,4,41,4,0,4,45
12/16/2000,TCL,AL,ASO,ES,Federal Contract Tower,0,2,7,0,9,0,3,9,0,12,0,5,16,0,21,4,0,4,25
12/17/2000,TCL,AL,ASO,ES,Federal Contract Tower,0,1,6,4,11,0,1,74,2,77,0,2,80,6,88,32,0,32,120
12/18/2000,TCL,AL,ASO,ES,Federal Contract Tower,0,0,24,15,39,0,0,51,25,76,0,0,75,40,115,32,22,54,169
12/19/2000,TCL,AL,ASO,ES,Federal Contract Tower,0,5,24,16,45,0,2,1,54,57,0,7,25,70,102,10,0,10,112
12/20/2000,TCL,AL,ASO,ES,Federal Contract Tower,0,5,25,17,47,0,17,77,28,122,0,22,102,45,169,22,14,36,205
12/21/2000,TCL,AL,ASO,ES,Federal Contract Tower,0,2,12,4,18,0,10,0,0,10,0,12,12,4,28,2,0,2,30
12/22/2000,TCL,AL,ASO,ES,Federal Contract Tower,0,2,12,2,16,0,4,42,0,46,0,6,54,2,62,16,0,16,78
12/23/2000,TCL,AL,ASO,ES,Federal Contract Tower,0,1,12,0,13,0,0,134,0,134,0,1,146,0,147,102,0,102,249
12/24/2000,TCL,AL,ASO,ES,Federal Contract Tower,0,0,6,0,6,0,0,51,0,51,0,0,57,0,57,134,0,134,191
12/25/2000,TCL,AL,ASO,ES,Federal Contract Tower,0,0,2,0,2,0,1,10,0,11,0,1,12,0,13,8,0,8,21
12/26/2000,TCL,AL,ASO,ES,Federal Contract Tower,0,1,10,4,15,0,0,30,0,30,0,1,40,4,45,42,0,42,87
12/27/2000,TCL,AL,ASO,ES,Federal Contract Tower,0,1,6,0,7,0,1,3,0,4,0,2,9,0,11,0,0,0,11
12/28/2000,TCL,AL,ASO,ES,Federal Contract Tower,0,0,8,5,13,0,0,1,9,10,0,0,9,14,23,0,0,0,23
12/29/2000,TCL,AL,ASO,ES,Federal Contract Tower,0,0,7,4,11,0,0,33,0,33,0,0,40,4,44,98,0,98,142
12/30/2000,TCL,AL,ASO,ES,Federal Contract Tower,0,0,10,0,10,0,0,45,0,45,0,0,55,0,55,36,0,36,91
12/31/2000,TCL,AL,ASO,ES,Federal Contract Tower,0,0,10,0,10,0,0,52,0,52,0,0,62,0,62,116,0,116,178
01/01/2001,TCL,AL,ASO,ES,Federal Contract Tower,0,0,2,0,2,0,2,8,0,10,0,2,10,0,12,4,0,4,16
01/02/2001,TCL,AL,ASO,ES,Federal Contract Tower,0,2,11,7,20,0,2,18,27,47,0,4,29,34,67,28,6,34,101
01/03/2001,TCL,AL,ASO,ES,Federal Contract Tower,0,4,16,10,30,0,1,41,28,70,0,5,57,38,100,96,8,104,204
01/04/2001,TCL,AL,ASO,ES,Federal Contract Tower,0,4,15,10,29,0,0,42,27,69,0,4,57,37,98,118,0,118,216
01/05/2001,TCL,AL,ASO,ES,Federal Contract Tower,0,7,25,16,48,0,3,69,23,95,0,10,94,39,143,44,8,52,195
01/06/2001,TCL,AL,ASO,ES,Federal Contract Tower,0,1,8,3,12,0,0,92,0,92,0,1,100,3,104,152,10,162,266
01/07/2001,TCL,AL,ASO,ES,Federal Contract Tower,0,2,7,3,12,0,1,18,0,19,0,3,25,3,31,28,0,28,59
01/08/2001,TCL,AL,ASO,ES,Federal Contract Tower,0,2,19,12,33,0,0,28,63,91,0,2,47,75,124,22,20,42,166
01/09/2001,TCL,AL,ASO,ES,Federal Contract Tower,0,3,18,12,33,0,0,29,34,63,0,3,47,46,96,96,10,106,202
01/10/2001,TCL,AL,ASO,ES,Federal Contract Tower,0,5,21,13,39,0,2,55,40,97,0,7,76,53,136,38,12,50,186
01/11/2001,TCL,AL,ASO,ES,Federal Contract Tower,0,6,20,13,39,4,8,0,9,21,4,14,20,22,60,2,0,2,62
01/12/2001,TCL,AL,ASO,ES,Federal Contract Tower,0,6,29,19,54,2,0,20,3,25,2,6,49,22,79,96,0,96,175
01/13/2001,TCL,AL,ASO,ES,Federal Contract Tower,0,0,4,3,7,0,0,34,5,39,0,0,38,8,46,8,10,18,64
01/14/2001,TCL,AL,ASO,ES,Federal Contract Tower,0,2,10,6,18,0,0,9,1,10,0,2,19,7,28,20,0,20,48
01/15/2001,TCL,AL,ASO,ES,Federal Contract Tower,0,0,11,4,15,0,0,43,0,43,0,0,54,4,58,26,0,26,84
01/16/2001,TCL,AL,ASO,ES,Federal Contract Tower,0,3,20,12,35,0,0,9,44,53,0,3,29,56,88,76,20,96,184
01/17/2001,TCL,AL,ASO,ES,Federal Contract Tower,0,4,27,16,47,0,0,4,18,22,0,4,31,34,69,0,0,0,69
01/18/2001,TCL,AL,ASO,ES,Federal Contract Tower,0,3,11,0,14,0,3,4,0,7,0,6,15,0,21,0,0,0,21
01/19/2001,TCL,AL,ASO,ES,Federal Contract Tower,0,5,17,0,22,0,5,6,0,11,0,10,23,0,33,0,0,0,33
01/20/2001,TCL,AL,ASO,ES,Federal Contract Tower,0,0,4,0,4,0,0,16,0,16,0,0,20,0,20,2,0,2,22
01/21/2001,TCL,AL,ASO,ES,Federal Contract Tower,0,2,13,6,21,0,0,75,0,75,0,2,88,6,96,90,12,102,198
01/22/2001,TCL,AL,ASO,ES,Federal Contract Tower,0,4,23,13,40,2,0,74,31,107,2,4,97,44,147,94,20,114,261
01/23/2001,TCL,AL,ASO,ES,Federal Contract Tower,0,4,29,16,49,2,0,57,35,94,2,4,86,51,143,138,12,150,293
01/24/2001,TCL,AL,ASO,ES,Federal Contract Tower,0,11,39,23,73,0,6,54,49,109,0,17,93,72,182,114,56,170,352
01/25/2001,TCL,AL,ASO,ES,Federal Contract Tower,0,6,25,16,47,0,14,36,24,74,0,20,61,40,121,98,0,98,219
01/26/2001,TCL,AL,ASO,ES,Federal Contract Tower,0,7,30,19,56,0,11,43,28,82,0,18,73,47,138,56,8,64,202
01/27/2001,TCL,AL,ASO,ES,Federal Contract Tower,0,2,14,9,25,0,0,67,20,87,0,2,81,29,112,158,0,158,270
01/28/2001,TCL,AL,ASO,ES,Federal Contract Tower,0,2,13,4,19,0,0,74,0,74,0,2,87,4,93,84,18,102,195
01/29/2001,TCL,AL,ASO,ES,Federal Contract Tower,0,3,15,10,28,0,1,7,10,18,0,4,22,20,46,34,0,34,80
01/30/2001,TCL,AL,ASO,ES,Federal Contract Tower,0,5,21,13,39,2,1,18,29,50,2,6,39,42,89,80,10,90,179
01/31/2001,TCL,AL,ASO,ES,Federal Contract Tower,0,11,44,27,82,0,7,34,53,94,0,18,78,80,176,38,8,46,222
02/01/2001,TCL,AL,ASO,ES,Federal Contract Tower,1,5,29,16,51,1,6,36,40,83,2,11,65,56,134,138,6,144,278
02/02/2001,TCL,AL,ASO,ES,Federal Contract Tower,0,5,29,16,50,0,15,42,32,89,0,20,71,48,139,78,0,78,217
02/03/2001,TCL,AL,ASO,ES,Federal Contract Tower,1,2,13,7,23,1,3,85,0,89,2,5,98,7,112,68,0,68,180
02/04/2001,TCL,AL,ASO,ES,Federal Contract Tower,1,2,16,4,23,1,0,81,0,82,2,2,97,4,105,82,4,86,191
02/05/2001,TCL,AL,ASO,ES,Federal Contract Tower,0,2,17,10,29,0,0,65,29,94,0,2,82,39,123,142,2,144,267
02/06/2001,TCL,AL,ASO,ES,Federal Contract Tower,0,5,28,16,49,0,5,45,46,96,0,10,73,62,145,124,12,136,281
02/07/2001,TCL,AL,ASO,ES,Federal Contract Tower,0,5,24,13,42,1,10,57,32,100,1,15,81,45,142,88,8,96,238
02/08/2001,TCL,AL,ASO,ES,Federal Contract Tower,0,6,28,15,49,1,8,43,23,75,1,14,71,38,124,82,22,104,228
02/09/2001,TCL,AL,ASO,ES,Federal Contract Tower,0,4,17,10,31,0,12,27,15,54,0,16,44,25,85,70,0,70,155
02/10/2001,TCL,AL,ASO,ES,Federal Contract Tower,0,2,8,2,12,0,0,38,0,38,0,2,46,2,50,18,0,18,68
02/11/2001,TCL,AL,ASO,ES,Federal Contract Tower,0,2,17,9,28,0,0,44,31,75,0,2,61,40,103,62,8,70,173
02/12/2001,TCL,AL,ASO,ES,Federal Contract Tower,0,0,11,0,11,0,0,11,0,11,0,0,22,0,22,6,0,6,28
02/13/2001,TCL,AL,ASO,ES,Federal Contract Tower,0,4,16,8,28,0,2,1,0,3,0,6,17,8,31,18,0,18,49
02/14/2001,TCL,AL,ASO,ES,Federal Contract Tower,0,6,26,10,42,0,3,12,0,15,0,9,38,10,57,64,0,64,121
02/15/2001,TCL,AL,ASO,ES,Federal Contract Tower,0,6,25,14,45,0,0,16,29,45,0,6,41,43,90,32,0,32,122
02/16/2001,TCL,AL,ASO,ES,Federal Contract Tower,0,4,15,7,26,0,0,0,15,15,0,4,15,22,41,0,10,10,51
02/17/2001,TCL,AL,ASO,ES,Federal Contract Tower,0,1,10,4,15,0,0,45,18,63,0,1,55,22,78,38,20,58,136
02/18/2001,TCL,AL,ASO,ES,Federal Contract Tower,0,2,17,8,27,0,0,74,5,79,0,2,91,13,106,88,0,88,194
02/19/2001,TCL,AL,ASO,ES,Federal Contract Tower,0,2,16,0,18,0,0,55,0,55,0,2,71,0,73,88,0,88,161
02/20/2001,TCL,AL,ASO,ES,Federal Contract Tower,0,2,34,18,54,0,0,13,45,58,0,2,47,63,112,82,8,90,202
02/21/2001,TCL,AL,ASO,ES,Federal Contract Tower,0,7,36,19,62,0,1,17,51,69,0,8,53,70,131,26,22,48,179
02/22/2001,TCL,AL,ASO,ES,Federal Contract Tower,0,8,38,23,69,0,1,0,37,38,0,9,38,60,107,80,6,86,193
02/23/2001,TCL,AL,ASO,ES,Federal Contract Tower,0,5,30,16,51,0,5,74,47,126,0,10,104,63,177,98,22,120,297
02/24/2001,TCL,AL,ASO,ES,Federal Contract Tower,0,2,14,4,20,0,7,7,0,14,0,9,21,4,34,40,0,40,74
02/25/2001,TCL,AL,ASO,ES,Federal Contract Tower,0,1,10,5,16,0,1,31,7,39,0,2,41,12,55,136,18,154,209
02/26/2001,TCL,AL,ASO,ES,Federal Contract Tower,0,4,23,12,39,0,3,58,31,92,0,7,81,43,131,94,2,96,227
02/27/2001,TCL,AL,ASO,ES,Federal Contract Tower,0,3,21,10,34,2,0,13,7,22,2,3,34,17,56,58,24,82,138
02/28/2001,TCL,AL,ASO,ES,Federal Contract Tower,0,5,27,15,47,0,6,15,27,48,0,11,42,42,95,8,6,14,109
03/01/2001,TCL,AL,ASO,ES,Federal Contract Tower,0,6,29,19,54,0,10,24,33,67,0,16,53,52,121,74,0,74,195
03/02/2001,TCL,AL,ASO,ES,Federal Contract Tower,0,3,13,8,24,0,0,8,0,8,0,3,21,8,32,0,0,0,32
03/03/2001,TCL,AL,ASO,ES,Federal Contract Tower,0,1,7,0,8,0,3,5,0,8,0,4,12,0,16,0,0,0,16
03/04/2001,TCL,AL,ASO,ES,Federal Contract Tower,0,0,8,4,12,0,0,12,0,12,0,0,20,4,24,6,0,6,30
03/05/2001,TCL,AL,ASO,ES,Federal Contract Tower,0,4,21,13,38,0,0,10,39,49,0,4,31,52,87,72,10,82,169
03/06/2001,TCL,AL,ASO,ES,Federal Contract Tower,0,1,25,16,42,0,0,67,44,111,0,1,92,60,153,98,12,110,263
03/07/2001,TCL,AL,ASO,ES,Federal Contract Tower,0,7,34,21,62,0,0,43,46,89,0,7,77,67,151,34,20,54,205
03/08/2001,TCL,AL,ASO,ES,Federal Contract Tower,0,7,29,18,54,0,0,60,32,92,0,7,89,50,146,72,16,88,234
03/09/2001,TCL,AL,ASO,ES,Federal Contract Tower,0,7,29,18,54,0,8,36,34,78,0,15,65,52,132,98,36,134,266
03/10/2001,TCL,AL,ASO,ES,Federal Contract Tower,0,4,16,2,22,0,11,89,0,100,0,15,105,2,122,146,6,152,274
03/11/2001,TCL,AL,ASO,ES,Federal Contract Tower,0,2,14,8,24,0,0,76,22,98,0,2,90,30,122,126,32,158,280
03/12/2001,TCL,AL,ASO,ES,Federal Contract Tower,0,3,9,6,18,0,0,4,6,10,0,3,13,12,28,96,0,96,124
03/13/2001,TCL,AL,ASO,ES,Federal Contract Tower,0,5,21,13,39,0,3,56,32,91,0,8,77,45,130,98,0,98,228
03/14/2001,TCL,AL,ASO,ES,Federal Contract Tower,0,7,27,16,50,2,6,18,46,72,2,13,45,62,122,140,0,140,262
03/15/2001,TCL,AL,ASO,ES,Federal Contract Tower,0,6,22,14,42,0,17,35,18,70,0,23,57,32,112,152,4,156,268
03/16/2001,TCL,AL,ASO,ES,Federal Contract Tower,0,7,29,18,54,2,10,35,36,83,2,17,64,54,137,66,28,94,231
03/17/2001,TCL,AL,ASO,ES,Federal Contract Tower,0,4,14,8,26,0,2,57,11,70,0,6,71,19,96,176,0,176,272
03/18/2001,TCL,AL,ASO,ES,Federal Contract Tower,0,1,26,14,41,0,0,56,31,87,0,1,82,45,128,160,2,162,290
03/19/2001,TCL,AL,ASO,ES,Federal Contract Tower,0,0,29,18,47,0,0,18,36,54,0,0,47,54,101,18,0,18,119
03/20/2001,TCL,AL,ASO,ES,Federal Contract Tower,0,2,12,0,14,0,1,9,0,10,0,3,21,0,24,2,0,2,26
03/21/2001,TCL,AL,ASO,ES,Federal Contract Tower,0,5,34,21,60,0,0,22,23,45,0,5,56,44,105,154,2,156,261
03/22/2001,TCL,AL,ASO,ES,Federal Contract Tower,0,5,25,15,45,0,7,48,35,90,0,12,73,50,135,94,14,108,243
03/23/2001,TCL,AL,ASO,ES,Federal Contract Tower,0,2,14,8,24,2,15,65,19,101,2,17,79,27,125,162,24,186,311
03/24/2001,TCL,AL,ASO,ES,Federal Contract Tower,0,3,14,0,17,2,8,77,0,87,2,11,91,0,104,98,0,98,202
03/25/2001,TCL,AL,ASO,ES,Federal Contract Tower,0,1,9,6,16,0,2,55,5,62,0,3,64,11,78,172,18,190,268
03/26/2001,TCL,AL,ASO,ES,Federal Contract Tower,0,0,16,9,25,0,0,53,47,100,0,0,69,56,125,28,22,50,175
03/27/2001,TCL,AL,ASO,ES,Federal Contract Tower,0,4,20,12,36,2,7,63,41,113,2,11,83,53,149,48,0,48,197
03/28/2001,TCL,AL,ASO,ES,Federal Contract Tower,0,6,25,18,49,2,7,0,60,69,2,13,25,78,118,146,6,152,270
03/29/2001,TCL,AL,ASO,ES,Federal Contract Tower,0,5,26,15,46,0,5,5,11,21,0,10,31,26,67,14,0,14,81
03/30/2001,TCL,AL,ASO,ES,Federal Contract Tower,0,4,21,12,37,0,1,12,0,13,0,5,33,12,50,68,0,68,118
03/31/2001,TCL,AL,ASO,ES,Federal Contract Tower,0,2,22,3,27,0,0,60,0,60,0,2,82,3,87,76,0,76,163
04/01/2001,TCL,AL,ASO,ES,Federal Contract Tower,0,2,12,0,14,0,0,42,14,56,0,2,54,14,70,36,96,132,202
04/02/2001,TCL,AL,ASO,ES,Federal Contract Tower,0,0,7,11,18,0,0,32,25,57,0,0,39,36,75,90,16,106,181
04/03/2001,TCL,AL,ASO,ES,Federal Contract Tower,0,2,20,8,30,0,0,7,10,17,0,2,27,18,47,16,0,16,63
04/04/2001,TCL,AL,ASO,ES,Federal Contract Tower,0,1,10,0,11,0,0,6,0,6,0,1,16,0,17,0,0,0,17
04/05/2001,TCL,AL,ASO,ES,Federal Contract Tower,0,2,28,26,56,0,0,18,30,48,0,2,46,56,104,114,8,122,226
04/06/2001,TCL,AL,ASO,ES,Federal Contract Tower,0,5,27,14,46,0,1,64,24,89,0,6,91,38,135,132,14,146,281
04/07/2001,TCL,AL,ASO,ES,Federal Contract Tower,0,2,18,2,22,0,1,37,1,39,0,3,55,3,61,136,8,144,205
04/08/2001,TCL,AL,ASO,ES,Federal Contract Tower,0,1,18,2,21,0,0,47,4,51,0,1,65,6,72,118,18,136,208
04/09/2001,TCL,AL,ASO,ES,Federal Contract Tower,0,4,7,16,27,0,1,46,16,63,0,5,53,32,90,52,4,56,146
04/10/2001,TCL,AL,ASO,ES,Federal Contract Tower,0,1,30,21,52,0,1,49,36,86,0,2,79,57,138,48,14,62,200
04/11/2001,TCL,AL,ASO,ES,Federal Contract Tower,0,3,32,18,53,0,4,57,19,80,0,7,89,37,133,42,4,46,179
04/12/2001,TCL,AL,ASO,ES,Federal Contract Tower,0,11,19,9,39,0,2,27,9,38,0,13,46,18,77,56,0,56,133
04/13/2001,TCL,AL,ASO,ES,Federal Contract Tower,0,0,8,11,19,0,1,29,13,43,0,1,37,24,62,70,0,70,132
04/14/2001,TCL,AL,ASO,ES,Federal Contract Tower,0,0,21,0,21,0,0,62,0,62,0,0,83,0,83,156,0,156,239
04/15/2001,TCL,AL,ASO,ES,Federal Contract Tower,0,1,18,1,20,0,0,27,1,28,0,1,45,2,48,120,0,120,168
04/16/2001,TCL,AL,ASO,ES,Federal Contract Tower,0,4,18,13,35,0,0,65,24,89,0,4,83,37,124,38,4,42,166
04/17/2001,TCL,AL,ASO,ES,Federal Contract Tower,0,9,12,10,31,0,0,25,26,51,0,9,37,36,82,46,8,54,136
04/18/2001,TCL,AL,ASO,ES,Federal Contract Tower,0,7,20,14,41,0,0,48,20,68,0,7,68,34,109,56,4,60,169
04/19/2001,TCL,AL,ASO,ES,Federal Contract Tower,0,4,18,9,31,0,5,58,23,86,0,9,76,32,117,64,0,64,181
04/20/2001,TCL,AL,ASO,ES,Federal Contract Tower,0,5,28,8,41,0,3,51,12,66,0,8,79,20,107,80,0,80,187
04/21/2001,TCL,AL,ASO,ES,Federal Contract Tower,0,1,9,0,10,0,0,63,18,81,0,1,72,18,91,146,0,146,237
04/22/2001,TCL,AL,ASO,ES,Federal Contract Tower,0,4,15,0,19,0,0,51,10,61,0,4,66,10,80,94,14,108,188
04/23/2001,TCL,AL,ASO,ES,Federal Contract Tower,0,0,21,19,40,0,3,30,29,62,0,3,51,48,102,60,30,90,192
04/24/2001,TCL,AL,ASO,ES,Federal Contract Tower,0,0,22,10,32,0,1,7,10,18,0,1,29,20,50,32,0,32,82
04/25/2001,TCL,AL,ASO,ES,Federal Contract Tower,0,6,28,16,50,0,1,59,48,108,0,7,87,64,158,90,0,90,248
04/26/2001,TCL,AL,ASO,ES,Federal Contract Tower,0,0,23,13,36,0,0,60,20,80,0,0,83,33,116,98,0,98,214
04/27/2001,TCL,AL,ASO,ES,Federal Contract Tower,0,2,36,14,52,0,0,75,20,95,0,2,111,34,147,88,32,120,267
04/28/2001,TCL,AL,ASO,ES,Federal Contract Tower,0,2,27,3,32,0,0,62,8,70,0,2,89,11,102,64,4,68,170
04/29/2001,TCL,AL,ASO,ES,Federal Contract Tower,0,7,14,10,31,0,0,48,14,62,0,7,62,24,93,102,0,102,195
04/30/2001,TCL,AL,ASO,ES,Federal Contract Tower,0,1,27,18,46,0,0,42,28,70,0,1,69,46,116,84,0,84,200
05/01/2001,TCL,AL,ASO,ES,Federal Contract Tower,0,4,29,19,52,0,1,61,26,88,0,5,90,45,140,46,16,62,202
05/02/2001,TCL,AL,ASO,ES,Federal Contract Tower,0,5,15,19,39,0,1,47,33,81,0,6,62,52,120,20,0,20,140
05/03/2001,TCL,AL,ASO,ES,Federal Contract Tower,0,4,28,32,64,0,1,69,40,110,0,5,97,72,174,84,24,108,282
05/04/2001,TCL,AL,ASO,ES,Federal Contract Tower,0,5,7,17,29,0,2,53,28,83,0,7,60,45,112,100,28,128,240
05/05/2001,TCL,AL,ASO,ES,Federal Contract Tower,0,1,15,2,18,0,0,53,6,59,0,1,68,8,77,68,0,68,145
05/06/2001,TCL,AL,ASO,ES,Federal Contract Tower,0,2,16,5,23,0,0,49,7,56,0,2,65,12,79,64,0,64,143
05/07/2001,TCL,AL,ASO,ES,Federal Contract Tower,0,1,9,16,26,0,3,29,18,50,0,4,38,34,76,54,12,66,142
05/08/2001,TCL,AL,ASO,ES,Federal Contract Tower,0,0,14,27,41,0,1,13,43,57,0,1,27,70,98,44,10,54,152
05/09/2001,TCL,AL,ASO,ES,Federal Contract Tower,0,0,16,17,33,0,1,14,30,45,0,1,30,47,78,70,4,74,152
05/10/2001,TCL,AL,ASO,ES,Federal Contract Tower,0,2,44,6,52,0,0,31,16,47,0,2,75,22,99,70,0,70,169
05/11/2001,TCL,AL,ASO,ES,Federal Contract Tower,0,2,37,8,47,0,1,64,22,87,0,3,101,30,134,123,12,135,269
05/12/2001,TCL,AL,ASO,ES,Federal Contract Tower,0,0,15,1,16,0,1,59,1,61,0,1,74,2,77,114,0,114,191
05/13/2001,TCL,AL,ASO,ES,Federal Contract Tower,0,0,7,1,8,0,0,66,7,73,0,0,73,8,81,72,8,80,161
05/14/2001,TCL,AL,ASO,ES,Federal Contract Tower,0,1,17,11,29,0,2,38,49,89,0,3,55,60,118,72,26,98,216
05/15/2001,TCL,AL,ASO,ES,Federal Contract Tower,0,1,21,29,51,0,0,69,42,111,0,1,90,71,162,70,6,76,238
05/16/2001,TCL,AL,ASO,ES,Federal Contract Tower,0,3,31,24,58,0,0,62,22,84,0,3,93,46,142,74,6,80,222
05/17/2001,TCL,AL,ASO,ES,Federal Contract Tower,0,2,24,23,49,0,1,61,29,91,0,3,85,52,140,64,32,96,236
05/18/2001,TCL,AL,ASO,ES,Federal Contract Tower,0,1,15,9,25,0,0,50,17,67,0,1,65,26,92,60,14,74,166
05/19/2001,TCL,AL,ASO,ES,Federal Contract Tower,0,3,12,0,15,0,0,19,0,19,0,3,31,0,34,74,0,74,108
05/20/2001,TCL,AL,ASO,ES,Federal Contract Tower,0,0,16,11,27,0,0,45,20,65,0,0,61,31,92,70,12,82,174
05/21/2001,TCL,AL,ASO,ES,Federal Contract Tower,0,0,23,14,37,0,0,8,16,24,0,0,31,30,61,2,10,12,73
05/22/2001,TCL,AL,ASO,ES,Federal Contract Tower,0,3,15,15,33,0,2,25,29,56,0,5,40,44,89,40,6,46,135
05/23/2001,TCL,AL,ASO,ES,Federal Contract Tower,0,2,25,18,45,0,0,79,26,105,0,2,104,44,150,100,20,120,270
05/24/2001,TCL,AL,ASO,ES,Federal Contract Tower,0,0,21,18,39,0,0,29,32,61,0,0,50,50,100,58,10,68,168
05/25/2001,TCL,AL,ASO,ES,Federal Contract Tower,0,3,36,1,40,0,0,56,3,59,0,3,92,4,99,168,0,168,267
05/26/2001,TCL,AL,ASO,ES,Federal Contract Tower,0,4,14,0,18,0,0,58,0,58,0,4,72,0,76,54,0,54,130
05/27/2001,TCL,AL,ASO,ES,Federal Contract Tower,0,5,10,0,15,0,0,27,2,29,0,5,37,2,44,78,0,78,122
05/28/2001,TCL,AL,ASO,ES,Federal Contract Tower,0,2,16,0,18,0,0,6,0,6,0,2,22,0,24,106,0,106,130
05/29/2001,TCL,AL,ASO,ES,Federal Contract Tower,0,4,25,16,45,0,0,22,24,46,0,4,47,40,91,96,0,96,187
05/30/2001,TCL,AL,ASO,ES,Federal Contract Tower,0,2,12,18,32,0,0,53,28,81,0,2,65,46,113,28,6,34,147
05/31/2001,TCL,AL,ASO,ES,Federal Contract Tower,0,3,31,6,40,0,1,18,4,23,0,4,49,10,63,14,0,14,77
06/01/2001,TCL,AL,ASO,ES,Federal Contract Tower,0,1,17,19,37,0,0,32,41,73,0,1,49,60,110,96,22,118,228
06/02/2001,TCL,AL,ASO,ES,Federal Contract Tower,0,0,2,0,2,0,0,0,52,52,0,0,2,52,54,62,0,62,116
06/03/2001,TCL,AL,ASO,ES,Federal Contract Tower,0,2,22,3,27,0,0,34,3,37,0,2,56,6,64,88,0,88,152
06/04/2001,TCL,AL,ASO,ES,Federal Contract Tower,0,3,23,14,40,0,0,26,14,40,0,3,49,28,80,34,0,34,114
06/05/2001,TCL,AL,ASO,ES,Federal Contract Tower,0,1,15,17,33,0,0,34,37,71,0,1,49,54,104,56,0,56,160
06/06/2001,TCL,AL,ASO,ES,Federal Contract Tower,0,2,31,20,53,0,2,13,21,36,0,4,44,41,89,116,0,116,205
06/07/2001,TCL,AL,ASO,ES,Federal Contract Tower,0,1,15,2,18,0,0,3,1,4,0,1,18,3,22,16,6,22,44
06/08/2001,TCL,AL,ASO,ES,Federal Contract Tower,0,3,25,8,36,0,0,34,8,42,0,3,59,16,78,10,0,10,88
06/09/2001,TCL,AL,ASO,ES,Federal Contract Tower,0,0,16,1,17,0,0,18,1,19,0,0,34,2,36,0,4,4,40
06/10/2001,TCL,AL,ASO,ES,Federal Contract Tower,0,0,25,4,29,0,0,46,12,58,0,0,71,16,87,16,12,28,115
06/11/2001,TCL,AL,ASO,ES,Federal Contract Tower,0,3,25,12,40,0,0,41,24,65,0,3,66,36,105,58,4,62,167
06/12/2001,TCL,AL,ASO,ES,Federal Contract Tower,0,2,27,18,47,0,2,56,31,89,0,4,83,49,136,82,16,98,234
06/13/2001,TCL,AL,ASO,ES,Federal Contract Tower,0,2,20,11,33,0,1,61,29,91,0,3,81,40,124,44,12,56,180
06/14/2001,TCL,AL,ASO,ES,Federal Contract Tower,0,3,23,8,34,0,2,42,34,78,0,5,65,42,112,58,10,68,180
06/15/2001,TCL,AL,ASO,ES,Federal Contract Tower,0,0,22,6,28,0,0,13,32,45,0,0,35,38,73,109,8,117,190
06/16/2001,TCL,AL,ASO,ES,Federal Contract Tower,0,0,17,3,20,0,0,108,2,110,0,0,125,5,130,42,12,54,184
06/17/2001,TCL,AL,ASO,ES,Federal Contract Tower,0,2,14,11,27,0,0,44,9,53,0,2,58,20,80,0,48,48,128
06/18/2001,TCL,AL,ASO,ES,Federal Contract Tower,0,0,16,14,30,0,0,44,34,78,0,0,60,48,108,140,0,140,248
06/19/2001,TCL,AL,ASO,ES,Federal Contract Tower,0,0,23,14,37,0,2,41,33,76,0,2,64,47,113,62,0,62,175
06/20/2001,TCL,AL,ASO,ES,Federal Contract Tower,0,2,19,21,42,0,0,42,43,85,0,2,61,64,127,88,2,90,217
06/21/2001,TCL,AL,ASO,ES,Federal Contract Tower,0,3,32,7,42,0,3,28,22,53,0,6,60,29,95,60,0,60,155
06/22/2001,TCL,AL,ASO,ES,Federal Contract Tower,0,8,15,11,34,0,1,13,15,29,0,9,28,26,63,66,70,136,199
06/23/2001,TCL,AL,ASO,ES,Federal Contract Tower,0,0,20,14,34,0,0,42,15,57,0,0,62,29,91,12,170,182,273
06/24/2001,TCL,AL,ASO,ES,Federal Contract Tower,0,0,23,13,36,0,0,44,33,77,0,0,67,46,113,32,146,178,291
06/25/2001,TCL,AL,ASO,ES,Federal Contract Tower,0,0,20,25,45,0,0,37,29,66,0,0,57,54,111,64,8,72,183
06/26/2001,TCL,AL,ASO,ES,Federal Contract Tower,0,2,23,16,41,0,1,73,35,109,0,3,96,51,150,62,26,88,238
06/27/2001,TCL,AL,ASO,ES,Federal Contract Tower,0,1,22,20,43,1,0,25,39,65,1,1,47,59,108,88,10,98,206
06/28/2001,TCL,AL,ASO,ES,Federal Contract Tower,1,4,17,18,40,0,0,35,38,73,1,4,52,56,113,86,10,96,209
06/29/2001,TCL,AL,ASO,ES,Federal Contract Tower,2,4,31,14,51,0,0,42,24,66,2,4,73,38,117,18,8,26,143
06/30/2001,TCL,AL,ASO,ES,Federal Contract Tower,0,4,11,5,20,0,1,35,12,48,0,5,46,17,68,48,16,64,132
07/01/2001,TCL,AL,ASO,ES,Federal Contract Tower,0,0,13,3,16,0,0,34,6,40,0,0,47,9,56,96,0,96,152
07/02/2001,TCL,AL,ASO,ES,Federal Contract Tower,0,0,18,28,46,0,0,40,18,58,0,0,58,46,104,80,0,80,184
07/03/2001,TCL,AL,ASO,ES,Federal Contract Tower,0,1,9,15,25,0,0,28,18,46,0,1,37,33,71,84,26,110,181
07/04/2001,TCL,AL,ASO,ES,Federal Contract Tower,0,1,3,7,11,0,0,8,3,11,0,1,11,10,22,26,0,26,48
07/05/2001,TCL,AL,ASO,ES,Federal Contract Tower,0,2,20,4,26,0,1,25,0,26,0,3,45,4,52,68,0,68,120
07/06/2001,TCL,AL,ASO,ES,Federal Contract Tower,0,1,22,18,41,0,1,53,29,83,0,2,75,47,124,138,8,146,270
07/07/2001,TCL,AL,ASO,ES,Federal Contract Tower,0,1,18,1,20,0,0,90,2,92,0,1,108,3,112,96,0,96,208
07/08/2001,TCL,AL,ASO,ES,Federal Contract Tower,0,0,26,5,31,0,0,71,9,80,0,0,97,14,111,82,10,92,203
07/09/2001,TCL,AL,ASO,ES,Federal Contract Tower,0,0,23,11,34,0,0,35,19,54,0,0,58,30,88,42,8,50,138
07/10/2001,TCL,AL,ASO,ES,Federal Contract Tower,0,2,21,10,33,0,1,38,14,53,0,3,59,24,86,64,0,64,150
07/11/2001,TCL,AL,ASO,ES,Federal Contract Tower,0,4,19,17,40,0,0,38,36,74,0,4,57,53,114,48,0,48,162
07/12/2001,TCL,AL,ASO,ES,Federal Contract Tower,0,2,28,12,42,0,0,34,24,58,0,2,62,36,100,80,22,102,202
07/13/2001,TCL,AL,ASO,ES,Federal Contract Tower,0,7,27,19,53,0,3,55,54,112,0,10,82,73,165,48,88,136,301
07/14/2001,TCL,AL,ASO,ES,Federal Contract Tower,0,0,14,2,16,0,0,84,5,89,0,0,98,7,105,50,0,50,155
07/15/2001,TCL,AL,ASO,ES,Federal Contract Tower,0,2,26,11,39,0,0,71,33,104,0,2,97,44,143,118,14,132,275
07/16/2001,TCL,AL,ASO,ES,Federal Contract Tower,0,0,20,33,53,0,0,49,48,97,0,0,69,81,150,36,22,58,208
07/17/2001,TCL,AL,ASO,ES,Federal Contract Tower,0,0,26,20,46,0,0,40,33,73,0,0,66,53,119,66,6,72,191
07/18/2001,TCL,AL,ASO,ES,Federal Contract Tower,0,4,34,21,59,0,2,67,31,100,0,6,101,52,159,48,12,60,219
07/19/2001,TCL,AL,ASO,ES,Federal Contract Tower,0,0,29,15,44,0,0,45,17,62,0,0,74,32,106,72,6,78,184
07/20/2001,TCL,AL,ASO,ES,Federal Contract Tower,0,5,31,12,48,0,1,40,13,54,0,6,71,25,102,28,0,28,130
07/21/2001,TCL,AL,ASO,ES,Federal Contract Tower,0,0,19,12,31,0,0,30,34,64,0,0,49,46,95,130,4,134,229
07/22/2001,TCL,AL,ASO,ES,Federal Contract Tower,0,0,30,0,30,0,0,56,3,59,0,0,86,3,89,92,0,92,181
07/23/2001,TCL,AL,ASO,ES,Federal Contract Tower,0,4,15,5,24,0,0,44,31,75,0,4,59,36,99,60,0,60,159
07/24/2001,TCL,AL,ASO,ES,Federal Contract Tower,0,3,22,5,30,0,0,41,13,54,0,3,63,18,84,110,12,122,206
07/25/2001,TCL,AL,ASO,ES,Federal Contract Tower,0,2,24,10,36,0,0,32,12,44,0,2,56,22,80,38,18,56,136
07/26/2001,TCL,AL,ASO,ES,Federal Contract Tower,0,3,24,3,30,0,1,13,5,19,0,4,37,8,49,72,0,72,121
07/27/2001,TCL,AL,ASO,ES,Federal Contract Tower,2,4,20,10,36,0,2,49,25,76,2,6,69,35,112,68,0,68,180
07/28/2001,TCL,AL,ASO,ES,Federal Contract Tower,0,6,32,2,40,0,0,84,11,95,0,6,116,13,135,170,6,176,311
07/29/2001,TCL,AL,ASO,ES,Federal Contract Tower,0,5,19,9,33,0,0,54,22,76,0,5,73,31,109,26,20,46,155
07/30/2001,TCL,AL,ASO,ES,Federal Contract Tower,0,2,18,18,38,0,0,22,28,50,0,2,40,46,88,100,20,120,208
07/31/2001,TCL,AL,ASO,ES,Federal Contract Tower,0,6,21,16,43,0,0,39,32,71,0,6,60,48,114,102,18,120,234
08/01/2001,TCL,AL,ASO,ES,Federal Contract Tower,1,1,24,26,52,1,3,44,56,104,2,4,68,82,156,40,10,50,206
08/02/2001,TCL,AL,ASO,ES,Federal Contract Tower,0,4,24,27,55,0,0,51,47,98,0,4,75,74,153,22,8,30,183
08/03/2001,TCL,AL,ASO,ES,Federal Contract Tower,0,1,26,12,39,0,3,65,25,93,0,4,91,37,132,112,4,116,248
08/04/2001,TCL,AL,ASO,ES,Federal Contract Tower,0,3,15,4,22,0,0,17,4,21,0,3,32,8,43,102,0,102,145
08/05/2001,TCL,AL,ASO,ES,Federal Contract Tower,0,0,7,4,11,0,0,43,5,48,0,0,50,9,59,148,0,148,207
08/06/2001,TCL,AL,ASO,ES,Federal Contract Tower,0,0,10,4,14,0,0,5,6,11,0,0,15,10,25,6,0,6,31
08/07/2001,TCL,AL,ASO,ES,Federal Contract Tower,0,3,11,13,27,0,2,34,22,58,0,5,45,35,85,31,2,33,118
08/08/2001,TCL,AL,ASO,ES,Federal Contract Tower,1,3,20,13,37,0,1,27,22,50,1,4,47,35,87,12,0,12,99
08/09/2001,TCL,AL,ASO,ES,Federal Contract Tower,1,2,29,24,56,1,0,43,35,79,2,2,72,59,135,24,12,36,171
08/10/2001,TCL,AL,ASO,ES,Federal Contract Tower,0,3,25,11,39,0,3,29,25,57,0,6,54,36,96,114,0,114,210
08/11/2001,TCL,AL,ASO,ES,Federal Contract Tower,0,2,25,9,36,0,0,38,5,43,0,2,63,14,79,86,10,96,175
08/12/2001,TCL,AL,ASO,ES,Federal Contract Tower,0,1,20,1,22,2,0,28,1,31,2,1,48,2,53,56,0,56,109
08/13/2001,TCL,AL,ASO,ES,Federal Contract Tower,0,5,27,11,43,0,1,17,10,28,0,6,44,21,71,8,0,8,79
08/14/2001,TCL,AL,ASO,ES,Federal Contract Tower,0,1,27,24,52,0,0,76,24,100,0,1,103,48,152,54,0,54,206
08/15/2001,TCL,AL,ASO,ES,Federal Contract Tower,1,5,25,22,53,0,0,72,53,125,1,5,97,75,178,42,18,60,238
08/16/2001,TCL,AL,ASO,ES,Federal Contract Tower,2,7,28,17,54,0,0,45,27,72,2,7,73,44,126,58,12,70,196
08/17/2001,TCL,AL,ASO,ES,Federal Contract Tower,2,2,37,11,52,0,1,28,23,52,2,3,65,34,104,66,4,70,174
08/18/2001,TCL,AL,ASO,ES,Federal Contract Tower,0,3,10,4,17,0,0,48,8,56,0,3,58,12,73,90,0,90,163
08/19/2001,TCL,AL,ASO,ES,Federal Contract Tower,0,0,16,3,19,0,0,18,5,23,0,0,34,8,42,48,6,54,96
08/20/2001,TCL,AL,ASO,ES,Federal Contract Tower,2,0,20,13,35,0,0,69,23,92,2,0,89,36,127,42,2,44,171
08/21/2001,TCL,AL,ASO,ES,Federal Contract Tower,0,1,22,13,36,0,0,39,24,63,0,1,61,37,99,52,0,52,151
08/22/2001,TCL,AL,ASO,ES,Federal Contract Tower,0,2,19,8,29,0,0,59,19,78,0,2,78,27,107,66,4,70,177
08/23/2001,TCL,AL,ASO,ES,Federal Contract Tower,0,2,30,13,45,0,0,61,23,84,0,2,91,36,129,74,0,74,203
08/24/2001,TCL,AL,ASO,ES,Federal Contract Tower,1,4,22,22,49,0,1,50,24,75,1,5,72,46,124,86,78,164,288
08/25/2001,TCL,AL,ASO,ES,Federal Contract Tower,3,5,12,4,24,0,0,65,14,79,3,5,77,18,103,112,4,116,219
08/26/2001,TCL,AL,ASO,ES,Federal Contract Tower,0,0,11,9,20,0,1,36,21,58,0,1,47,30,78,113,2,115,193
08/27/2001,TCL,AL,ASO,ES,Federal Contract Tower,0,4,18,14,36,0,1,38,35,74,0,5,56,49,110,84,12,96,206
08/28/2001,TCL,AL,ASO,ES,Federal Contract Tower,0,10,16,31,57,0,3,36,34,73,0,13,52,65,130,10,20,30,160
08/29/2001,TCL,AL,ASO,ES,Federal Contract Tower,0,8,26,10,44,0,3,42,28,73,0,11,68,38,117,60,6,66,183
08/30/2001,TCL,AL,ASO,ES,Federal Contract Tower,0,4,32,25,61,0,2,14,30,46,0,6,46,55,107,28,6,34,141
08/31/2001,TCL,AL,ASO,ES,Federal Contract Tower,0,6,29,10,45,0,0,13,9,22,0,6,42,19,67,60,12,72,139
09/01/2001,TCL,AL,ASO,ES,Federal Contract Tower,0,0,56,1,57,0,0,31,0,31,0,0,87,1,88,67,0,67,155
09/02/2001,TCL,AL,ASO,ES,Federal Contract Tower,0,0,9,3,12,0,0,0,1,1,0,0,9,4,13,98,10,108,121
09/03/2001,TCL,AL,ASO,ES,Federal Contract Tower,0,3,10,3,16,0,0,1,2,3,0,3,11,5,19,2,2,4,23
09/04/2001,TCL,AL,ASO,ES,Federal Contract Tower,0,3,7,12,22,0,1,13,21,35,0,4,20,33,57,34,2,36,93
09/05/2001,TCL,AL,ASO,ES,Federal Contract Tower,0,3,18,14,35,0,0,40,26,66,0,3,58,40,101,18,12,30,131
09/06/2001,TCL,AL,ASO,ES,Federal Contract Tower,0,4,23,14,41,0,0,46,21,67,0,4,69,35,108,44,10,54,162
09/07/2001,TCL,AL,ASO,ES,Federal Contract Tower,2,1,23,16,42,0,0,26,38,64,2,1,49,54,106,56,10,66,172
09/08/2001,TCL,AL,ASO,ES,Federal Contract Tower,2,0,9,2,13,0,1,53,3,57,2,1,62,5,70,110,0,110,180
09/09/2001,TCL,AL,ASO,ES,Federal Contract Tower,0,2,12,9,23,0,0,25,17,42,0,2,37,26,65,72,0,72,137
09/10/2001,TCL,AL,ASO,ES,Federal Contract Tower,0,11,13,20,44,0,1,20,24,45,0,12,33,44,89,220,0,220,309
09/11/2001,TCL,AL,ASO,ES,Federal Contract Tower,0,1,3,0,4,0,0,22,0,22,0,1,25,0,26,4,0,4,30
09/12/2001,TCL,AL,ASO,ES,Federal Contract Tower,0,0,0,0,0,0,0,0,2,2,0,0,0,2,2,0,0,0,2
09/13/2001,TCL,AL,ASO,ES,Federal Contract Tower,0,1,0,4,5,0,0,4,14,18,0,1,4,18,23,2,0,2,25
09/14/2001,TCL,AL,ASO,ES,Federal Contract Tower,0,8,4,22,34,0,1,1,28,30,0,9,5,50,64,0,140,140,204
09/15/2001,TCL,AL,ASO,ES,Federal Contract Tower,0,0,21,15,36,0,0,1,29,30,0,0,22,44,66,0,88,88,154
09/16/2001,TCL,AL,ASO,ES,Federal Contract Tower,0,1,18,4,23,0,0,4,0,4,0,1,22,4,27,0,0,0,27
09/17/2001,TCL,AL,ASO,ES,Federal Contract Tower,0,0,44,12,56,0,0,0,19,19,0,0,44,31,75,0,0,0,75
09/18/2001,TCL,AL,ASO,ES,Federal Contract Tower,0,6,42,30,78,0,0,39,36,75,0,6,81,66,153,0,18,18,171
09/19/2001,TCL,AL,ASO,ES,Federal Contract Tower,0,9,35,18,62,0,0,20,18,38,0,9,55,36,100,0,54,54,154
09/20/2001,TCL,AL,ASO,ES,Federal Contract Tower,2,5,38,24,69,0,0,36,38,74,2,5,74,62,143,10,96,106,249
09/21/2001,TCL,AL,ASO,ES,Federal Contract Tower,1,2,45,20,68,0,0,93,33,126,1,2,138,53,194,100,34,134,328
09/22/2001,TCL,AL,ASO,ES,Federal Contract Tower,1,9,40,9,59,0,1,62,31,94,1,10,102,40,153,60,0,60,213
09/23/2001,TCL,AL,ASO,ES,Federal Contract Tower,0,4,41,8,53,0,0,46,13,59,0,4,87,21,112,50,4,54,166
09/24/2001,TCL,AL,ASO,ES,Federal Contract Tower,0,4,30,16,50,0,0,10,15,25,0,4,40,31,75,18,0,18,93
09/25/2001,TCL,AL,ASO,ES,Federal Contract Tower,0,0,16,22,38,0,0,40,50,90,0,0,56,72,128,22,8,30,158
09/26/2001,TCL,AL,ASO,ES,Federal Contract Tower,1,4,14,13,32,0,1,84,37,122,1,5,98,50,154,60,18,78,232
09/27/2001,TCL,AL,ASO,ES,Federal Contract Tower,0,1,21,13,35,0,0,74,19,93,0,1,95,32,128,102,22,124,252
09/28/2001,TCL,AL,ASO,ES,Federal Contract Tower,2,1,46,4,53,0,4,78,8,90,2,5,124,12,143,131,4,135,278
09/29/2001,TCL,AL,ASO,ES,Federal Contract Tower,2,0,27,3,32,0,0,74,3,77,2,0,101,6,109,158,0,158,267
09/30/2001,TCL,AL,ASO,ES,Federal Contract Tower,0,5,25,3,33,0,0,83,7,90,0,5,108,10,123,108,4,112,235
10/01/2001,TCL,AL,ASO,ES,Federal Contract Tower,0,1,17,6,24,0,0,36,20,56,0,1,53,26,80,106,2,108,188
10/02/2001,TCL,AL,ASO,ES,Federal Contract Tower,0,2,25,17,44,0,0,104,19,123,0,2,129,36,167,100,4,104,271
10/03/2001,TCL,AL,ASO,ES,Federal Contract Tower,0,5,23,11,39,0,0,80,35,115,0,5,103,46,154,96,42,138,292
10/04/2001,TCL,AL,ASO,ES,Federal Contract Tower,1,3,19,14,37,0,0,64,26,90,1,3,83,40,127,100,8,108,235
10/05/2001,TCL,AL,ASO,ES,Federal Contract Tower,0,1,28,8,37,0,1,29,13,43,0,2,57,21,80,120,0,120,200
10/06/2001,TCL,AL,ASO,ES,Federal Contract Tower,0,0,14,0,14,0,0,24,0,24,0,0,38,0,38,146,0,146,184
10/07/2001,TCL,AL,ASO,ES,Federal Contract Tower,0,2,17,2,21,0,0,46,2,48,0,2,63,4,69,86,0,86,155
10/08/2001,TCL,AL,ASO,ES,Federal Contract Tower,0,0,28,2,30,0,0,26,0,26,0,0,54,2,56,116,0,116,172
10/09/2001,TCL,AL,ASO,ES,Federal Contract Tower,0,11,13,15,39,0,1,47,29,77,0,12,60,44,116,22,6,28,144
10/10/2001,TCL,AL,ASO,ES,Federal Contract Tower,1,1,27,9,38,0,0,43,21,64,1,1,70,30,102,50,0,50,152
10/11/2001,TCL,AL,ASO,ES,Federal Contract Tower,0,0,30,12,42,1,0,20,25,46,1,0,50,37,88,16,0,16,104
10/12/2001,TCL,AL,ASO,ES,Federal Contract Tower,0,4,32,13,49,0,4,4,8,16,0,8,36,21,65,166,0,166,231
10/13/2001,TCL,AL,ASO,ES,Federal Contract Tower,1,7,9,1,18,1,3,0,0,4,2,10,9,1,22,22,0,22,44
10/14/2001,TCL,AL,ASO,ES,Federal Contract Tower,0,2,22,3,27,0,0,49,13,62,0,2,71,16,89,92,0,92,181
10/15/2001,TCL,AL,ASO,ES,Federal Contract Tower,0,3,18,13,34,0,2,38,20,60,0,5,56,33,94,62,12,74,168
10/16/2001,TCL,AL,ASO,ES,Federal Contract Tower,2,2,26,11,41,2,1,28,13,44,4,3,54,24,85,50,6,56,141
10/17/2001,TCL,AL,ASO,ES,Federal Contract Tower,0,1,22,14,37,0,1,29,14,44,0,2,51,28,81,34,14,48,129
10/18/2001,TCL,AL,ASO,ES,Federal Contract Tower,0,3,27,5,35,0,0,87,11,98,0,3,114,16,133,68,0,68,201
10/19/2001,TCL,AL,ASO,ES,Federal Contract Tower,2,1,34,17,54,0,0,93,16,109,2,1,127,33,163,98,26,124,287
10/20/2001,TCL,AL,ASO,ES,Federal Contract Tower,2,17,100,0,119,0,0,112,8,120,2,17,212,8,239,60,0,60,299
10/21/2001,TCL,AL,ASO,ES,Federal Contract Tower,0,6,46,5,57,0,2,71,15,88,0,8,117,20,145,76,0,76,221
10/22/2001,TCL,AL,ASO,ES,Federal Contract Tower,0,1,27,20,48,0,0,24,40,64,0,1,51,60,112,22,10,32,144
10/23/2001,TCL,AL,ASO,ES,Federal Contract Tower,0,3,31,14,48,0,3,35,26,64,0,6,66,40,112,72,22,94,206
10/24/2001,TCL,AL,ASO,ES,Federal Contract Tower,0,2,12,22,36,0,0,10,36,46,0,2,22,58,82,34,10,44,126
10/25/2001,TCL,AL,ASO,ES,Federal Contract Tower,0,5,13,26,44,0,2,40,41,83,0,7,53,67,127,58,14,72,199
10/26/2001,TCL,AL,ASO,ES,Federal Contract Tower,0,4,19,12,35,0,0,60,42,102,0,4,79,54,137,82,28,110,247
10/27/2001,TCL,AL,ASO,ES,Federal Contract Tower,0,0,26,4,30,0,0,24,2,26,0,0,50,6,56,62,0,62,118
10/28/2001,TCL,AL,ASO,ES,Federal Contract Tower,0,1,14,9,24,0,0,46,9,55,0,1,60,18,79,106,10,116,195
10/29/2001,TCL,AL,ASO,ES,Federal Contract Tower,0,1,31,14,46,0,0,48,30,78,0,1,79,44,124,42,0,42,166
10/30/2001,TCL,AL,ASO,ES,Federal Contract Tower,0,2,17,28,47,0,0,49,48,97,0,2,66,76,144,48,12,60,204
10/31/2001,TCL,AL,ASO,ES,Federal Contract Tower,1,4,13,15,33,1,3,36,57,97,2,7,49,72,130,80,4,84,214
11/01/2001,TCL,AL,ASO,ES,Federal Contract Tower,0,1,19,20,40,0,0,41,34,75,0,1,60,54,115,62,14,76,191
11/02/2001,TCL,AL,ASO,ES,Federal Contract Tower,0,12,24,29,65,0,0,60,27,87,0,12,84,56,152,74,12,86,238
11/03/2001,TCL,AL,ASO,ES,Federal Contract Tower,2,17,82,0,101,0,0,65,2,67,2,17,147,2,168,84,0,84,252
11/04/2001,TCL,AL,ASO,ES,Federal Contract Tower,0,7,38,9,54,0,0,54,10,64,0,7,92,19,118,88,2,90,208
11/05/2001,TCL,AL,ASO,ES,Federal Contract Tower,0,2,17,21,40,0,0,46,21,67,0,2,63,42,107,34,6,40,147
11/06/2001,TCL,AL,ASO,ES,Federal Contract Tower,0,1,10,17,28,0,1,46,27,74,0,2,56,44,102,54,20,74,176
11/07/2001,TCL,AL,ASO,ES,Federal Contract Tower,0,7,22,19,48,0,2,43,46,91,0,9,65,65,139,14,30,44,183
11/08/2001,TCL,AL,ASO,ES,Federal Contract Tower,0,5,34,11,50,0,1,53,19,73,0,6,87,30,123,74,8,82,205
11/09/2001,TCL,AL,ASO,ES,Federal Contract Tower,0,5,39,20,64,0,3,56,34,93,0,8,95,54,157,52,12,64,221
11/10/2001,TCL,AL,ASO,ES,Federal Contract Tower,0,1,22,2,25,0,0,63,4,67,0,1,85,6,92,88,0,88,180
11/11/2001,TCL,AL,ASO,ES,Federal Contract Tower,0,1,28,1,30,0,0,56,10,66,0,1,84,11,96,84,0,84,180
11/12/2001,TCL,AL,ASO,ES,Federal Contract Tower,0,3,18,5,26,0,0,62,3,65,0,3,80,8,91,68,2,70,161
11/13/2001,TCL,AL,ASO,ES,Federal Contract Tower,2,2,20,21,45,0,2,44,45,91,2,4,64,66,136,26,14,40,176
11/14/2001,TCL,AL,ASO,ES,Federal Contract Tower,0,3,26,24,53,0,1,73,42,116,0,4,99,66,169,82,12,94,263
11/15/2001,TCL,AL,ASO,ES,Federal Contract Tower,0,4,23,28,55,0,1,67,38,106,0,5,90,66,161,106,0,106,267
11/16/2001,TCL,AL,ASO,ES,Federal Contract Tower,0,0,24,17,41,0,1,56,32,89,0,1,80,49,130,98,0,98,228
11/17/2001,TCL,AL,ASO,ES,Federal Contract Tower,0,0,16,3,19,0,0,66,5,71,0,0,82,8,90,84,0,84,174
11/18/2001,TCL,AL,ASO,ES,Federal Contract Tower,0,4,31,6,41,0,2,54,12,68,0,6,85,18,109,96,2,98,207
11/19/2001,TCL,AL,ASO,ES,Federal Contract Tower,2,1,23,18,44,0,0,48,28,76,2,1,71,46,120,64,20,84,204
11/20/2001,TCL,AL,ASO,ES,Federal Contract Tower,0,2,32,20,54,0,0,44,37,81,0,2,76,57,135,84,20,104,239
11/21/2001,TCL,AL,ASO,ES,Federal Contract Tower,0,5,28,5,38,0,0,85,15,100,0,5,113,20,138,60,16,76,214
11/22/2001,TCL,AL,ASO,ES,Federal Contract Tower,1,0,6,1,8,1,0,18,1,20,2,0,24,2,28,6,4,10,38
11/23/2001,TCL,AL,ASO,ES,Federal Contract Tower,0,2,14,0,16,0,0,2,0,2,0,2,16,0,18,32,0,32,50
11/24/2001,TCL,AL,ASO,ES,Federal Contract Tower,0,0,3,0,3,0,0,0,0,0,0,0,3,0,3,8,0,8,11
11/25/2001,TCL,AL,ASO,ES,Federal Contract Tower,0,2,28,0,30,0,0,85,2,87,0,2,113,2,117,88,0,88,205
11/26/2001,TCL,AL,ASO,ES,Federal Contract Tower,0,2,19,19,40,0,0,20,27,47,0,2,39,46,87,50,4,54,141
11/27/2001,TCL,AL,ASO,ES,Federal Contract Tower,0,1,24,3,28,0,0,3,2,5,0,1,27,5,33,18,0,18,51
11/28/2001,TCL,AL,ASO,ES,Federal Contract Tower,0,4,31,15,50,0,2,4,41,47,0,6,35,56,97,18,12,30,127
11/29/2001,TCL,AL,ASO,ES,Federal Contract Tower,0,1,13,0,14,0,0,0,0,0,0,1,13,0,14,0,0,0,14
11/30/2001,TCL,AL,ASO,ES,Federal Contract Tower,0,8,43,32,83,0,0,16,26,42,0,8,59,58,125,18,12,30,155
12/01/2001,TCL,AL,ASO,ES,Federal Contract Tower,0,2,10,2,14,0,0,43,1,44,0,2,53,3,58,116,0,116,174
12/02/2001,TCL,AL,ASO,ES,Federal Contract Tower,0,1,16,9,26,0,0,59,15,74,0,1,75,24,100,56,32,88,188
12/03/2001,TCL,AL,ASO,ES,Federal Contract Tower,0,3,21,18,42,0,1,42,40,83,0,4,63,58,125,98,24,122,247
12/04/2001,TCL,AL,ASO,ES,Federal Contract Tower,0,6,19,10,35,0,2,68,28,98,0,8,87,38,133,80,0,80,213
12/05/2001,TCL,AL,ASO,ES,Federal Contract Tower,0,3,23,18,44,0,0,32,34,66,0,3,55,52,110,88,28,116,226
12/06/2001,TCL,AL,ASO,ES,Federal Contract Tower,0,1,19,11,31,0,1,30,27,58,0,2,49,38,89,60,2,62,151
12/07/2001,TCL,AL,ASO,ES,Federal Contract Tower,0,4,26,25,55,0,0,20,35,55,0,4,46,60,110,76,36,112,222
12/08/2001,TCL,AL,ASO,ES,Federal Contract Tower,0,1,15,1,17,0,0,15,0,15,0,1,30,1,32,52,0,52,84
12/09/2001,TCL,AL,ASO,ES,Federal Contract Tower,0,1,22,5,28,0,1,36,15,52,0,2,58,20,80,38,34,72,152
12/10/2001,TCL,AL,ASO,ES,Federal Contract Tower,0,2,17,24,43,0,0,1,24,25,0,2,18,48,68,0,0,0,68
12/11/2001,TCL,AL,ASO,ES,Federal Contract Tower,0,0,24,22,46,0,0,7,18,25,0,0,31,40,71,10,0,10,81
12/12/2001,TCL,AL,ASO,ES,Federal Contract Tower,0,2,19,19,40,0,1,1,16,18,0,3,20,35,58,0,0,0,58
12/13/2001,TCL,AL,ASO,ES,Federal Contract Tower,0,2,19,0,21,0,0,6,0,6,0,2,25,0,27,2,0,2,29
12/14/2001,TCL,AL,ASO,ES,Federal Contract Tower,0,3,30,26,59,0,2,55,33,90,0,5,85,59,149,96,34,130,279
12/15/2001,TCL,AL,ASO,ES,Federal Contract Tower,0,3,11,0,14,0,0,77,10,87,0,3,88,10,101,48,6,54,155
12/16/2001,TCL,AL,ASO,ES,Federal Contract Tower,0,3,11,2,16,0,0,3,2,5,0,3,14,4,21,22,0,22,43
12/17/2001,TCL,AL,ASO,ES,Federal Contract Tower,0,4,10,8,22,0,0,3,8,11,0,4,13,16,33,0,0,0,33
12/18/2001,TCL,AL,ASO,ES,Federal Contract Tower,0,6,22,15,43,0,4,50,41,95,0,10,72,56,138,72,0,72,210
12/19/2001,TCL,AL,ASO,ES,Federal Contract Tower,0,1,13,26,40,0,3,42,12,57,0,4,55,38,97,16,14,30,127
12/20/2001,TCL,AL,ASO,ES,Federal Contract Tower,0,0,22,11,33,0,2,65,47,114,0,2,87,58,147,60,20,80,227
12/21/2001,TCL,AL,ASO,ES,Federal Contract Tower,0,6,16,6,28,0,0,57,26,83,0,6,73,32,111,69,14,83,194
12/22/2001,TCL,AL,ASO,ES,Federal Contract Tower,0,0,24,0,24,0,0,67,0,67,0,0,91,0,91,54,0,54,145
12/23/2001,TCL,AL,ASO,ES,Federal Contract Tower,0,2,10,4,16,0,0,34,0,34,0,2,44,4,50,30,4,34,84
12/24/2001,TCL,AL,ASO,ES,Federal Contract Tower,0,0,4,1,5,0,0,40,5,45,0,0,44,6,50,6,0,6,56
12/25/2001,TCL,AL,ASO,ES,Federal Contract Tower,0,2,2,2,6,0,0,7,4,11,0,2,9,6,17,4,6,10,27
12/26/2001,TCL,AL,ASO,ES,Federal Contract Tower,0,1,11,1,13,0,0,30,7,37,0,1,41,8,50,54,4,58,108
12/27/2001,TCL,AL,ASO,ES,Federal Contract Tower,0,0,13,3,16,0,0,38,21,59,0,0,51,24,75,40,0,40,115
12/28/2001,TCL,AL,ASO,ES,Federal Contract Tower,0,0,20,3,23,0,0,59,9,68,0,0,79,12,91,44,0,44,135
12/29/2001,TCL,AL,ASO,ES,Federal Contract Tower,0,3,15,1,19,0,0,37,1,38,0,3,52,2,57,12,0,12,69
12/30/2001,TCL,AL,ASO,ES,Federal Contract Tower,0,1,18,0,19,0,0,55,0,55,0,1,73,0,74,76,0,76,150
12/31/2001,TCL,AL,ASO,ES,Federal Contract Tower,0,2,15,2,19,0,0,49,0,49,0,2,64,2,68,30,0,30,98
01/01/2002,TCL,AL,ASO,ES,Federal Contract Tower,0,4,19,11,34,0,2,17,35,54,0,6,36,46,88,86,16,102,190
01/02/2002,TCL,AL,ASO,ES,Federal Contract Tower,0,2,7,3,12,0,2,86,1,89,0,4,93,4,101,78,0,78,179
01/03/2002,TCL,AL,ASO,ES,Federal Contract Tower,0,4,18,10,32,0,2,0,29,31,0,6,18,39,63,56,16,72,135
01/04/2002,TCL,AL,ASO,ES,Federal Contract Tower,0,2,10,5,17,0,0,45,21,66,0,2,55,26,83,48,14,62,145
01/05/2002,TCL,AL,ASO,ES,Federal Contract Tower,0,1,22,13,36,0,0,13,63,76,0,1,35,76,112,16,20,36,148
01/06/2002,TCL,AL,ASO,ES,Federal Contract Tower,0,0,0,0,0,0,0,8,0,8,0,0,8,0,8,0,0,0,8
01/07/2002,TCL,AL,ASO,ES,Federal Contract Tower,0,2,13,2,17,0,2,21,0,23,0,4,34,2,40,2,0,2,42
01/08/2002,TCL,AL,ASO,ES,Federal Contract Tower,0,2,23,14,39,0,0,74,2,76,0,2,97,16,115,118,0,118,233
01/09/2002,TCL,AL,ASO,ES,Federal Contract Tower,0,0,6,2,8,0,0,56,0,56,0,0,62,2,64,40,0,40,104
01/10/2002,TCL,AL,ASO,ES,Federal Contract Tower,0,3,14,4,21,0,0,33,0,33,0,3,47,4,54,56,0,56,110
01/11/2002,TCL,AL,ASO,ES,Federal Contract Tower,0,3,15,8,26,0,1,34,23,58,0,4,49,31,84,30,10,40,124
01/12/2002,TCL,AL,ASO,ES,Federal Contract Tower,0,3,16,9,28,0,1,52,25,78,0,4,68,34,106,44,10,54,160
01/13/2002,TCL,AL,ASO,ES,Federal Contract Tower,0,3,17,10,30,0,6,41,26,73,0,9,58,36,103,60,0,60,163
01/14/2002,TCL,AL,ASO,ES,Federal Contract Tower,0,5,24,13,42,0,0,48,43,91,0,5,72,56,133,74,56,130,263
01/15/2002,TCL,AL,ASO,ES,Federal Contract Tower,0,5,25,14,44,2,3,50,15,70,2,8,75,29,114,96,16,112,226
01/16/2002,TCL,AL,ASO,ES,Federal Contract Tower,0,2,14,6,22,0,0,78,0,78,0,2,92,6,100,100,0,100,200
01/17/2002,TCL,AL,ASO,ES,Federal Contract Tower,0,3,15,9,27,0,1,63,4,68,0,4,78,13,95,84,6,90,185
01/18/2002,TCL,AL,ASO,ES,Federal Contract Tower,0,2,11,5,18,0,1,49,0,50,0,3,60,5,68,54,0,54,122
01/19/2002,TCL,AL,ASO,ES,Federal Contract Tower,0,3,14,7,24,2,0,37,22,61,2,3,51,29,85,40,0,40,125
01/20/2002,TCL,AL,ASO,ES,Federal Contract Tower,0,2,14,8,24,0,3,16,49,68,0,5,30,57,92,30,4,34,126
01/21/2002,TCL,AL,ASO,ES,Federal Contract Tower,0,4,23,13,40,0,0,30,55,85,0,4,53,68,125,56,22,78,203
01/22/2002,TCL,AL,ASO,ES,Federal Contract Tower,0,3,19,10,32,0,9,19,36,64,0,12,38,46,96,38,74,112,208
01/23/2002,TCL,AL,ASO,ES,Federal Contract Tower,0,2,14,8,24,0,7,65,27,99,0,9,79,35,123,32,108,140,263
01/24/2002,TCL,AL,ASO,ES,Federal Contract Tower,0,2,14,7,23,0,3,68,41,112,0,5,82,48,135,122,12,134,269
01/25/2002,TCL,AL,ASO,ES,Federal Contract Tower,0,4,25,14,43,0,0,30,50,80,0,4,55,64,123,46,20,66,189
01/26/2002,TCL,AL,ASO,ES,Federal Contract Tower,0,3,16,9,28,0,0,11,33,44,0,3,27,42,72,22,6,28,100
01/27/2002,TCL,AL,ASO,ES,Federal Contract Tower,0,3,16,9,28,0,0,28,27,55,0,3,44,36,83,20,12,32,115
01/28/2002,TCL,AL,ASO,ES,Federal Contract Tower,0,3,18,10,31,0,3,55,32,90,0,6,73,42,121,36,12,48,169
01/29/2002,TCL,AL,ASO,ES,Federal Contract Tower,0,0,15,21,36,2,0,24,37,63,2,0,39,58,99,82,4,86,185
01/30/2002,TCL,AL,ASO,ES,Federal Contract Tower,0,3,22,15,40,0,0,22,21,43,0,3,44,36,83,76,0,76,159
01/31/2002,TCL,AL,ASO,ES,Federal Contract Tower,0,7,29,17,53,0,1,13,35,49,0,8,42,52,102,64,4,68,170
02/01/2002,TCL,AL,ASO,ES,Federal Contract Tower,0,6,16,18,40,0,0,20,28,48,0,6,36,46,88,86,16,102,190
02/02/2002,TCL,AL,ASO,ES,Federal Contract Tower,0,4,11,3,18,0,0,82,1,83,0,4,93,4,101,78,0,78,179
02/03/2002,TCL,AL,ASO,ES,Federal Contract Tower,0,5,7,26,38,0,1,11,13,25,0,6,18,39,63,56,16,72,135
02/04/2002,TCL,AL,ASO,ES,Federal Contract Tower,0,0,13,10,23,0,2,42,16,60,0,2,55,26,83,48,14,62,145
02/05/2002,TCL,AL,ASO,ES,Federal Contract Tower,0,1,11,32,44,0,0,24,44,68,0,1,35,76,112,16,20,36,148
02/06/2002,TCL,AL,ASO,ES,Federal Contract Tower,0,0,6,0,6,0,0,2,0,2,0,0,8,0,8,0,0,0,8
02/07/2002,TCL,AL,ASO,ES,Federal Contract Tower,0,4,24,0,28,0,0,10,2,12,0,4,34,2,40,2,0,2,42
02/08/2002,TCL,AL,ASO,ES,Federal Contract Tower,0,2,33,11,46,0,0,64,5,69,0,2,97,16,115,118,0,118,233
02/09/2002,TCL,AL,ASO,ES,Federal Contract Tower,0,0,15,0,15,0,0,47,2,49,0,0,62,2,64,40,0,40,104
02/10/2002,TCL,AL,ASO,ES,Federal Contract Tower,0,2,25,2,29,0,1,22,2,25,0,3,47,4,54,56,0,56,110
02/11/2002,TCL,AL,ASO,ES,Federal Contract Tower,0,3,15,13,31,0,1,34,18,53,0,4,49,31,84,30,10,40,124
02/12/2002,TCL,AL,ASO,ES,Federal Contract Tower,0,4,20,9,33,0,0,48,25,73,0,4,68,34,106,44,10,54,160
02/13/2002,TCL,AL,ASO,ES,Federal Contract Tower,0,6,20,9,35,0,3,38,27,68,0,9,58,36,103,60,0,60,163
02/14/2002,TCL,AL,ASO,ES,Federal Contract Tower,0,3,23,21,47,0,2,49,35,86,0,5,72,56,133,74,56,130,263
02/15/2002,TCL,AL,ASO,ES,Federal Contract Tower,2,6,29,12,49,0,2,46,17,65,2,8,75,29,114,96,16,112,226
02/16/2002,TCL,AL,ASO,ES,Federal Contract Tower,0,2,26,2,30,0,0,66,4,70,0,2,92,6,100,100,0,100,200
02/17/2002,TCL,AL,ASO,ES,Federal Contract Tower,0,4,26,2,32,0,0,52,11,63,0,4,78,13,95,84,6,90,185
02/18/2002,TCL,AL,ASO,ES,Federal Contract Tower,0,2,23,0,25,0,1,37,5,43,0,3,60,5,68,54,0,54,122
02/19/2002,TCL,AL,ASO,ES,Federal Contract Tower,2,2,22,3,29,0,1,29,26,56,2,3,51,29,85,40,0,40,125
02/20/2002,TCL,AL,ASO,ES,Federal Contract Tower,0,5,12,11,28,0,0,18,46,64,0,5,30,57,92,30,4,34,126
02/21/2002,TCL,AL,ASO,ES,Federal Contract Tower,0,3,25,16,44,0,1,28,52,81,0,4,53,68,125,56,22,78,203
02/22/2002,TCL,AL,ASO,ES,Federal Contract Tower,0,10,9,17,36,0,2,29,29,60,0,12,38,46,96,38,74,112,208
02/23/2002,TCL,AL,ASO,ES,Federal Contract Tower,0,9,12,7,28,0,0,67,28,95,0,9,79,35,123,32,108,140,263
02/24/2002,TCL,AL,ASO,ES,Federal Contract Tower,0,3,16,8,27,0,2,66,40,108,0,5,82,48,135,122,12,134,269
02/25/2002,TCL,AL,ASO,ES,Federal Contract Tower,0,4,17,27,48,0,0,38,37,75,0,4,55,64,123,46,20,66,189
02/26/2002,TCL,AL,ASO,ES,Federal Contract Tower,0,3,14,15,32,0,0,13,27,40,0,3,27,42,72,22,6,28,100
02/27/2002,TCL,AL,ASO,ES,Federal Contract Tower,0,2,18,12,32,0,1,26,24,51,0,3,44,36,83,20,12,32,115
02/28/2002,TCL,AL,ASO,ES,Federal Contract Tower,0,2,20,13,35,0,4,53,29,86,0,6,73,42,121,36,12,48,169
03/01/2002,TCL,AL,ASO,ES,Federal Contract Tower,0,2,24,14,40,0,0,45,24,69,0,2,69,38,109,142,18,160,269
03/02/2002,TCL,AL,ASO,ES,Federal Contract Tower,0,0,4,6,10,0,0,1,2,3,0,0,5,8,13,0,0,0,13
03/03/2002,TCL,AL,ASO,ES,Federal Contract Tower,0,4,14,0,18,0,0,10,0,10,0,4,24,0,28,44,0,44,72
03/04/2002,TCL,AL,ASO,ES,Federal Contract Tower,0,2,25,16,43,0,0,31,36,67,0,2,56,52,110,32,58,90,200
03/05/2002,TCL,AL,ASO,ES,Federal Contract Tower,0,0,18,37,55,0,0,69,56,125,0,0,87,93,180,62,46,108,288
03/06/2002,TCL,AL,ASO,ES,Federal Contract Tower,0,0,24,10,34,0,0,43,26,69,0,0,67,36,103,48,26,74,177
03/07/2002,TCL,AL,ASO,ES,Federal Contract Tower,0,5,16,14,35,1,0,49,51,101,1,5,65,65,136,84,50,134,270
03/08/2002,TCL,AL,ASO,ES,Federal Contract Tower,0,2,23,13,38,1,0,48,24,73,1,2,71,37,111,76,34,110,221
03/09/2002,TCL,AL,ASO,ES,Federal Contract Tower,0,4,1,0,5,0,0,18,0,18,0,4,19,0,23,26,0,26,49
03/10/2002,TCL,AL,ASO,ES,Federal Contract Tower,0,5,13,2,20,0,0,66,0,66,0,5,79,2,86,84,0,84,170
03/11/2002,TCL,AL,ASO,ES,Federal Contract Tower,0,2,16,16,34,0,0,39,42,81,0,2,55,58,115,64,8,72,187
03/12/2002,TCL,AL,ASO,ES,Federal Contract Tower,0,4,9,7,20,0,0,2,3,5,0,4,11,10,25,0,0,0,25
03/13/2002,TCL,AL,ASO,ES,Federal Contract Tower,2,3,31,17,53,0,0,24,23,47,2,3,55,40,100,24,8,32,132
03/14/2002,TCL,AL,ASO,ES,Federal Contract Tower,0,2,17,20,39,0,1,37,32,70,0,3,54,52,109,34,38,72,181
03/15/2002,TCL,AL,ASO,ES,Federal Contract Tower,0,4,27,11,42,0,2,28,15,45,0,6,55,26,87,62,24,86,173
03/16/2002,TCL,AL,ASO,ES,Federal Contract Tower,2,1,7,0,10,0,0,8,3,11,2,1,15,3,21,10,0,10,31
03/17/2002,TCL,AL,ASO,ES,Federal Contract Tower,0,2,19,12,33,0,1,7,15,23,0,3,26,27,56,30,30,60,116
03/18/2002,TCL,AL,ASO,ES,Federal Contract Tower,0,7,15,11,33,0,0,26,40,66,0,7,41,51,99,56,4,60,159
03/19/2002,TCL,AL,ASO,ES,Federal Contract Tower,0,1,19,12,32,0,0,17,34,51,0,1,36,46,83,28,0,28,111
03/20/2002,TCL,AL,ASO,ES,Federal Contract Tower,2,4,14,11,31,0,2,19,20,41,2,6,33,31,72,50,12,62,134
03/21/2002,TCL,AL,ASO,ES,Federal Contract Tower,0,5,28,19,52,0,0,41,34,75,0,5,69,53,127,48,16,64,191
03/22/2002,TCL,AL,ASO,ES,Federal Contract Tower,0,3,24,21,48,0,0,43,40,83,0,3,67,61,131,84,24,108,239
03/23/2002,TCL,AL,ASO,ES,Federal Contract Tower,0,0,29,0,29,0,1,78,18,97,0,1,107,18,126,98,18,116,242
03/24/2002,TCL,AL,ASO,ES,Federal Contract Tower,0,2,16,0,18,0,0,67,15,82,0,2,83,15,100,86,22,108,208
03/25/2002,TCL,AL,ASO,ES,Federal Contract Tower,0,1,29,6,36,0,0,37,30,67,0,1,66,36,103,40,0,40,143
03/26/2002,TCL,AL,ASO,ES,Federal Contract Tower,0,7,26,14,47,0,0,3,18,21,0,7,29,32,68,36,30,66,134
03/27/2002,TCL,AL,ASO,ES,Federal Contract Tower,0,3,16,17,36,0,0,57,28,85,0,3,73,45,121,42,18,60,181
03/28/2002,TCL,AL,ASO,ES,Federal Contract Tower,0,3,18,19,40,0,1,65,39,105,0,4,83,58,145,70,10,80,225
03/29/2002,TCL,AL,ASO,ES,Federal Contract Tower,0,5,25,21,51,0,0,49,25,74,0,5,74,46,125,102,42,144,269
03/30/2002,TCL,AL,ASO,ES,Federal Contract Tower,0,3,13,0,16,0,0,4,0,4,0,3,17,0,20,0,0,0,20
03/31/2002,TCL,AL,ASO,ES,Federal Contract Tower,0,0,3,6,9,0,0,8,2,10,0,0,11,8,19,18,0,18,37
04/01/2002,TCL,AL,ASO,ES,Federal Contract Tower,0,2,17,37,56,0,0,68,38,106,0,2,85,75,162,38,28,66,228
04/02/2002,TCL,AL,ASO,ES,Federal Contract Tower,0,0,20,20,40,0,0,67,60,127,0,0,87,80,167,44,12,56,223
04/03/2002,TCL,AL,ASO,ES,Federal Contract Tower,0,3,29,19,51,0,0,26,30,56,0,3,55,49,107,40,34,74,181
04/04/2002,TCL,AL,ASO,ES,Federal Contract Tower,0,10,20,36,66,0,0,46,52,98,0,10,66,88,164,6,54,60,224
04/05/2002,TCL,AL,ASO,ES,Federal Contract Tower,0,1,17,9,27,0,0,57,39,96,0,1,74,48,123,149,6,155,278
04/06/2002,TCL,AL,ASO,ES,Federal Contract Tower,0,0,13,3,16,0,0,103,1,104,0,0,116,4,120,118,0,118,238
04/07/2002,TCL,AL,ASO,ES,Federal Contract Tower,0,6,8,6,20,0,1,63,15,79,0,7,71,21,99,102,24,126,225
04/08/2002,TCL,AL,ASO,ES,Federal Contract Tower,0,1,12,1,14,0,0,23,2,25,0,1,35,3,39,56,0,56,95
04/09/2002,TCL,AL,ASO,ES,Federal Contract Tower,0,1,11,29,41,0,0,27,31,58,0,1,38,60,99,46,32,78,177
04/10/2002,TCL,AL,ASO,ES,Federal Contract Tower,0,1,23,32,56,0,0,45,56,101,0,1,68,88,157,52,24,76,233
04/11/2002,TCL,AL,ASO,ES,Federal Contract Tower,0,7,32,13,52,0,7,53,21,81,0,14,85,34,133,28,14,42,175
04/12/2002,TCL,AL,ASO,ES,Federal Contract Tower,0,4,34,12,50,0,0,14,10,24,0,4,48,22,74,40,0,40,114
04/13/2002,TCL,AL,ASO,ES,Federal Contract Tower,0,2,35,0,37,0,0,37,10,47,0,2,72,10,84,62,2,64,148
04/14/2002,TCL,AL,ASO,ES,Federal Contract Tower,0,0,19,1,20,0,0,29,5,34,0,0,48,6,54,66,0,66,120
04/15/2002,TCL,AL,ASO,ES,Federal Contract Tower,0,0,21,13,34,0,0,20,15,35,0,0,41,28,69,2,0,2,71
04/16/2002,TCL,AL,ASO,ES,Federal Contract Tower,0,1,24,20,45,0,1,69,36,106,0,2,93,56,151,38,16,54,205
04/17/2002,TCL,AL,ASO,ES,Federal Contract Tower,0,0,30,16,46,0,2,43,34,79,0,2,73,50,125,34,22,56,181
04/18/2002,TCL,AL,ASO,ES,Federal Contract Tower,0,4,23,22,49,0,0,47,56,103,0,4,70,78,152,38,32,70,222
04/19/2002,TCL,AL,ASO,ES,Federal Contract Tower,0,3,28,23,54,0,0,54,41,95,0,3,82,64,149,78,38,116,265
04/20/2002,TCL,AL,ASO,ES,Federal Contract Tower,0,2,11,0,13,0,0,49,8,57,0,2,60,8,70,92,0,92,162
04/21/2002,TCL,AL,ASO,ES,Federal Contract Tower,0,5,22,5,32,0,0,49,5,54,0,5,71,10,86,106,16,122,208
04/22/2002,TCL,AL,ASO,ES,Federal Contract Tower,0,8,24,26,58,0,0,16,28,44,0,8,40,54,102,16,46,62,164
04/23/2002,TCL,AL,ASO,ES,Federal Contract Tower,0,7,14,22,43,0,2,58,53,113,0,9,72,75,156,44,10,54,210
04/24/2002,TCL,AL,ASO,ES,Federal Contract Tower,0,4,28,15,47,0,0,30,45,75,0,4,58,60,122,48,0,48,170
04/25/2002,TCL,AL,ASO,ES,Federal Contract Tower,0,10,22,19,51,0,1,53,41,95,0,11,75,60,146,52,6,58,204
04/26/2002,TCL,AL,ASO,ES,Federal Contract Tower,1,4,39,23,67,0,0,24,52,76,1,4,63,75,143,104,20,124,267
04/27/2002,TCL,AL,ASO,ES,Federal Contract Tower,0,5,14,0,19,0,0,51,0,51,0,5,65,0,70,64,0,64,134
04/28/2002,TCL,AL,ASO,ES,Federal Contract Tower,0,6,22,5,33,0,2,18,5,25,0,8,40,10,58,70,6,76,134
04/29/2002,TCL,AL,ASO,ES,Federal Contract Tower,1,6,21,10,38,0,3,76,16,95,1,9,97,26,133,52,0,52,185
04/30/2002,TCL,AL,ASO,ES,Federal Contract Tower,0,5,25,22,52,0,0,15,24,39,0,5,40,46,91,10,0,10,101
05/01/2002,TCL,AL,ASO,ES,Federal Contract Tower,0,1,19,26,46,0,1,51,51,103,0,2,70,77,149,70,26,96,245
05/02/2002,TCL,AL,ASO,ES,Federal Contract Tower,0,4,25,17,46,0,2,32,45,79,0,6,57,62,125,34,46,80,205
05/03/2002,TCL,AL,ASO,ES,Federal Contract Tower,0,6,16,2,24,0,0,15,25,40,0,6,31,27,64,92,0,92,156
05/04/2002,TCL,AL,ASO,ES,Federal Contract Tower,0,0,20,0,20,0,1,15,0,16,0,1,35,0,36,58,0,58,94
05/05/2002,TCL,AL,ASO,ES,Federal Contract Tower,0,0,23,7,30,0,0,30,8,38,0,0,53,15,68,76,0,76,144
05/06/2002,TCL,AL,ASO,ES,Federal Contract Tower,0,1,20,25,46,0,1,37,25,63,0,2,57,50,109,62,24,86,195
05/07/2002,TCL,AL,ASO,ES,Federal Contract Tower,1,2,19,23,45,0,0,51,50,101,1,2,70,73,146,28,20,48,194
05/08/2002,TCL,AL,ASO,ES,Federal Contract Tower,0,5,22,14,41,0,0,34,37,71,0,5,56,51,112,32,22,54,166
05/09/2002,TCL,AL,ASO,ES,Federal Contract Tower,1,2,29,10,42,0,0,37,30,67,1,2,66,40,109,56,10,66,175
05/10/2002,TCL,AL,ASO,ES,Federal Contract Tower,0,2,28,6,36,0,0,36,16,52,0,2,64,22,88,88,0,88,176
05/11/2002,TCL,AL,ASO,ES,Federal Contract Tower,0,0,7,4,11,0,0,42,4,46,0,0,49,8,57,106,0,106,163
05/12/2002,TCL,AL,ASO,ES,Federal Contract Tower,0,6,6,3,15,0,0,23,9,32,0,6,29,12,47,102,20,122,169
05/13/2002,TCL,AL,ASO,ES,Federal Contract Tower,0,3,24,12,39,0,0,9,12,21,0,3,33,24,60,22,0,22,82
05/14/2002,TCL,AL,ASO,ES,Federal Contract Tower,0,3,26,19,48,0,0,68,41,109,0,3,94,60,157,38,10,48,205
05/15/2002,TCL,AL,ASO,ES,Federal Contract Tower,0,3,38,20,61,0,1,78,35,114,0,4,116,55,175,84,20,104,279
05/16/2002,TCL,AL,ASO,ES,Federal Contract Tower,0,6,24,25,55,0,5,63,63,131,0,11,87,88,186,52,4,56,242
05/17/2002,TCL,AL,ASO,ES,Federal Contract Tower,0,1,27,12,40,0,0,17,18,35,0,1,44,30,75,58,6,64,139
05/18/2002,TCL,AL,ASO,ES,Federal Contract Tower,0,0,14,3,17,0,0,20,6,26,0,0,34,9,43,78,0,78,121
05/19/2002,TCL,AL,ASO,ES,Federal Contract Tower,0,1,18,4,23,0,0,44,6,50,0,1,62,10,73,124,10,134,207
05/20/2002,TCL,AL,ASO,ES,Federal Contract Tower,0,9,28,33,70,0,0,60,52,112,0,9,88,85,182,38,20,58,240
05/21/2002,TCL,AL,ASO,ES,Federal Contract Tower,0,6,29,24,59,0,0,98,46,144,0,6,127,70,203,88,24,112,315
05/22/2002,TCL,AL,ASO,ES,Federal Contract Tower,0,6,21,36,63,0,0,63,74,137,0,6,84,110,200,52,18,70,270
05/23/2002,TCL,AL,ASO,ES,Federal Contract Tower,0,0,25,22,47,0,0,66,56,122,0,0,91,78,169,64,34,98,267
05/24/2002,TCL,AL,ASO,ES,Federal Contract Tower,0,2,26,0,28,0,0,93,2,95,0,2,119,2,123,68,0,68,191
05/25/2002,TCL,AL,ASO,ES,Federal Contract Tower,0,0,17,0,17,0,1,73,0,74,0,1,90,0,91,50,0,50,141
05/26/2002,TCL,AL,ASO,ES,Federal Contract Tower,0,0,9,3,12,0,0,30,3,33,0,0,39,6,45,68,4,72,117
05/27/2002,TCL,AL,ASO,ES,Federal Contract Tower,0,0,26,3,29,0,0,48,4,52,0,0,74,7,81,90,0,90,171
05/28/2002,TCL,AL,ASO,ES,Federal Contract Tower,0,1,24,10,35,0,1,50,34,85,0,2,74,44,120,50,4,54,174
05/29/2002,TCL,AL,ASO,ES,Federal Contract Tower,0,5,30,20,55,0,1,16,22,39,0,6,46,42,94,36,0,36,130
05/30/2002,TCL,AL,ASO,ES,Federal Contract Tower,0,2,26,15,43,0,1,28,21,50,0,3,54,36,93,54,0,54,147
05/31/2002,TCL,AL,ASO,ES,Federal Contract Tower,0,0,27,11,38,0,0,61,47,108,0,0,88,58,146,72,10,82,228
06/01/2002,TCL,AL,ASO,ES,Federal Contract Tower,0,0,27,3,30,0,0,68,4,72,0,0,95,7,102,82,0,82,184
06/02/2002,TCL,AL,ASO,ES,Federal Contract Tower,0,2,10,2,14,0,2,69,7,78,0,4,79,9,92,100,0,100,192
06/03/2002,TCL,AL,ASO,ES,Federal Contract Tower,0,0,15,24,39,0,0,53,35,88,0,0,68,59,127,52,0,52,179
06/04/2002,TCL,AL,ASO,ES,Federal Contract Tower,0,2,21,20,43,0,0,53,46,99,0,2,74,66,142,52,22,74,216
06/05/2002,TCL,AL,ASO,ES,Federal Contract Tower,0,10,8,16,34,0,0,41,26,67,0,10,49,42,101,48,14,62,163
06/06/2002,TCL,AL,ASO,ES,Federal Contract Tower,0,1,25,6,32,0,0,55,29,84,0,1,80,35,116,42,24,66,182
06/07/2002,TCL,AL,ASO,ES,Federal Contract Tower,0,2,18,10,30,0,0,47,31,78,0,2,65,41,108,80,8,88,196
06/08/2002,TCL,AL,ASO,ES,Federal Contract Tower,0,2,15,2,19,0,1,18,0,19,0,3,33,2,38,64,4,68,106
06/09/2002,TCL,AL,ASO,ES,Federal Contract Tower,0,2,29,4,35,0,0,43,0,43,0,2,72,4,78,82,18,100,178
06/10/2002,TCL,AL,ASO,ES,Federal Contract Tower,0,0,15,12,27,0,0,28,24,52,0,0,43,36,79,48,20,68,147
06/11/2002,TCL,AL,ASO,ES,Federal Contract Tower,0,2,26,21,49,0,1,43,39,83,0,3,69,60,132,60,32,92,224
06/12/2002,TCL,AL,ASO,ES,Federal Contract Tower,0,2,15,16,33,0,0,32,44,76,0,2,47,60,109,60,32,92,201
06/13/2002,TCL,AL,ASO,ES,Federal Contract Tower,0,2,19,13,34,0,0,44,35,79,0,2,63,48,113,40,34,74,187
06/14/2002,TCL,AL,ASO,ES,Federal Contract Tower,0,5,36,8,49,0,0,34,18,52,0,5,70,26,101,82,0,82,183
06/15/2002,TCL,AL,ASO,ES,Federal Contract Tower,0,0,17,3,20,0,0,51,4,55,0,0,68,7,75,96,0,96,171
06/16/2002,TCL,AL,ASO,ES,Federal Contract Tower,0,4,21,8,33,0,0,39,17,56,0,4,60,25,89,82,26,108,197
06/17/2002,TCL,AL,ASO,ES,Federal Contract Tower,0,2,20,15,37,0,0,38,17,55,0,2,58,32,92,24,32,56,148
06/18/2002,TCL,AL,ASO,ES,Federal Contract Tower,0,0,10,28,38,0,0,41,46,87,0,0,51,74,125,54,30,84,209
06/19/2002,TCL,AL,ASO,ES,Federal Contract Tower,0,1,6,23,30,0,0,43,40,83,0,1,49,63,113,20,6,26,139
06/20/2002,TCL,AL,ASO,ES,Federal Contract Tower,0,0,19,22,41,0,0,41,48,89,0,0,60,70,130,52,28,80,210
06/21/2002,TCL,AL,ASO,ES,Federal Contract Tower,0,2,11,12,25,0,0,51,28,79,0,2,62,40,104,96,16,112,216
06/22/2002,TCL,AL,ASO,ES,Federal Contract Tower,0,0,15,1,16,0,0,31,7,38,0,0,46,8,54,104,0,104,158
06/23/2002,TCL,AL,ASO,ES,Federal Contract Tower,0,0,18,3,21,0,0,17,1,18,0,0,35,4,39,100,0,100,139
06/24/2002,TCL,AL,ASO,ES,Federal Contract Tower,0,1,23,33,57,0,0,24,26,50,0,1,47,59,107,54,12,66,173
06/25/2002,TCL,AL,ASO,ES,Federal Contract Tower,0,3,18,25,46,0,2,50,31,83,0,5,68,56,129,84,8,92,221
06/26/2002,TCL,AL,ASO,ES,Federal Contract Tower,0,4,32,14,50,0,0,18,25,43,0,4,50,39,93,22,2,24,117
06/27/2002,TCL,AL,ASO,ES,Federal Contract Tower,0,0,18,9,27,0,1,22,10,33,0,1,40,19,60,76,18,94,154
06/28/2002,TCL,AL,ASO,ES,Federal Contract Tower,0,4,33,18,55,0,1,11,19,31,0,5,44,37,86,50,18,68,154
06/29/2002,TCL,AL,ASO,ES,Federal Contract Tower,0,2,17,0,19,0,0,23,4,27,0,2,40,4,46,72,0,72,118
06/30/2002,TCL,AL,ASO,ES,Federal Contract Tower,0,2,14,5,21,0,0,14,3,17,0,2,28,8,38,100,24,124,162
07/01/2002,TCL,AL,ASO,ES,Federal Contract Tower,0,1,23,12,36,0,0,50,30,80,0,1,73,42,116,92,12,104,220
07/02/2002,TCL,AL,ASO,ES,Federal Contract Tower,0,2,13,12,27,0,0,30,18,48,0,2,43,30,75,88,14,102,177
07/03/2002,TCL,AL,ASO,ES,Federal Contract Tower,0,3,14,12,29,0,0,42,18,60,0,3,56,30,89,66,8,74,163
07/04/2002,TCL,AL,ASO,ES,Federal Contract Tower,0,0,12,0,12,0,1,23,0,24,0,1,35,0,36,20,0,20,56
07/05/2002,TCL,AL,ASO,ES,Federal Contract Tower,0,0,7,4,11,0,1,42,2,45,0,1,49,6,56,132,0,132,188
07/06/2002,TCL,AL,ASO,ES,Federal Contract Tower,0,2,20,0,22,0,0,20,0,20,0,2,40,0,42,114,0,114,156
07/07/2002,TCL,AL,ASO,ES,Federal Contract Tower,0,2,18,4,24,0,2,34,0,36,0,4,52,4,60,78,0,78,138
07/08/2002,TCL,AL,ASO,ES,Federal Contract Tower,0,0,0,0,0,0,0,49,34,83,0,0,49,34,83,56,8,64,147
07/09/2002,TCL,AL,ASO,ES,Federal Contract Tower,0,1,8,19,28,0,0,42,25,67,0,1,50,44,95,66,18,84,179
07/10/2002,TCL,AL,ASO,ES,Federal Contract Tower,0,4,25,19,48,0,3,51,33,87,0,7,76,52,135,64,8,72,207
07/11/2002,TCL,AL,ASO,ES,Federal Contract Tower,0,0,29,9,38,0,0,32,9,41,0,0,61,18,79,86,20,106,185
07/12/2002,TCL,AL,ASO,ES,Federal Contract Tower,0,3,15,4,22,0,1,31,30,62,0,4,46,34,84,90,0,90,174
07/13/2002,TCL,AL,ASO,ES,Federal Contract Tower,0,0,16,2,18,0,0,35,0,35,0,0,51,2,53,64,0,64,117
07/14/2002,TCL,AL,ASO,ES,Federal Contract Tower,0,0,14,5,19,0,0,39,5,44,0,0,53,10,63,76,8,84,147
07/15/2002,TCL,AL,ASO,ES,Federal Contract Tower,0,2,23,12,37,0,2,16,19,37,0,4,39,31,74,28,0,28,102
07/16/2002,TCL,AL,ASO,ES,Federal Contract Tower,0,4,22,26,52,0,1,22,44,67,0,5,44,70,119,42,16,58,177
07/17/2002,TCL,AL,ASO,ES,Federal Contract Tower,0,2,18,25,45,0,0,55,37,92,0,2,73,62,137,54,2,56,193
07/18/2002,TCL,AL,ASO,ES,Federal Contract Tower,0,8,23,23,54,0,0,45,49,94,0,8,68,72,148,26,30,56,204
07/19/2002,TCL,AL,ASO,ES,Federal Contract Tower,0,4,23,7,34,0,0,32,34,66,0,4,55,41,100,60,0,60,160
07/20/2002,TCL,AL,ASO,ES,Federal Contract Tower,0,0,21,1,22,0,0,53,3,56,0,0,74,4,78,116,0,116,194
07/21/2002,TCL,AL,ASO,ES,Federal Contract Tower,0,0,22,4,26,0,0,33,6,39,0,0,55,10,65,112,30,142,207
07/22/2002,TCL,AL,ASO,ES,Federal Contract Tower,0,1,26,0,27,0,0,34,16,50,0,1,60,16,77,30,14,44,121
07/23/2002,TCL,AL,ASO,ES,Federal Contract Tower,0,3,30,21,54,0,0,57,40,97,0,3,87,61,151,40,16,56,207
07/24/2002,TCL,AL,ASO,ES,Federal Contract Tower,0,5,30,14,49,0,1,33,37,71,0,6,63,51,120,32,2,34,154
07/25/2002,TCL,AL,ASO,ES,Federal Contract Tower,0,7,28,0,35,0,3,36,14,53,0,10,64,14,88,38,4,42,130
07/26/2002,TCL,AL,ASO,ES,Federal Contract Tower,0,5,25,13,43,0,1,40,20,61,0,6,65,33,104,70,20,90,194
07/27/2002,TCL,AL,ASO,ES,Federal Contract Tower,0,0,25,7,32,0,0,60,7,67,0,0,85,14,99,102,6,108,207
07/28/2002,TCL,AL,ASO,ES,Federal Contract Tower,0,2,19,3,24,0,0,53,8,61,0,2,72,11,85,86,0,86,171
07/29/2002,TCL,AL,ASO,ES,Federal Contract Tower,0,3,21,11,35,0,0,45,29,74,0,3,66,40,109,56,8,64,173
07/30/2002,TCL,AL,ASO,ES,Federal Contract Tower,0,8,22,5,35,0,0,46,24,70,0,8,68,29,105,56,2,58,163
07/31/2002,TCL,AL,ASO,ES,Federal Contract Tower,0,7,20,7,34,0,1,45,13,59,0,8,65,20,93,18,0,18,111
08/01/2002,TCL,AL,ASO,ES,Federal Contract Tower,0,2,24,12,38,0,1,58,24,83,0,3,82,36,121,56,6,62,183
08/02/2002,TCL,AL,ASO,ES,Federal Contract Tower,0,3,25,7,35,0,0,51,26,77,0,3,76,33,112,48,12,60,172
08/03/2002,TCL,AL,ASO,ES,Federal Contract Tower,0,2,25,0,27,0,0,44,3,47,0,2,69,3,74,118,0,118,192
08/04/2002,TCL,AL,ASO,ES,Federal Contract Tower,0,0,23,2,25,0,0,52,18,70,0,0,75,20,95,78,32,110,205
08/05/2002,TCL,AL,ASO,ES,Federal Contract Tower,0,0,21,6,27,0,0,22,15,37,0,0,43,21,64,13,0,13,77
08/06/2002,TCL,AL,ASO,ES,Federal Contract Tower,0,0,15,14,29,0,0,36,16,52,0,0,51,30,81,43,20,63,144
08/07/2002,TCL,AL,ASO,ES,Federal Contract Tower,0,2,19,20,41,0,0,22,35,57,0,2,41,55,98,46,0,46,144
08/08/2002,TCL,AL,ASO,ES,Federal Contract Tower,0,2,27,9,38,0,0,52,29,81,0,2,79,38,119,262,0,262,381
08/09/2002,TCL,AL,ASO,ES,Federal Contract Tower,0,0,23,13,36,0,0,25,15,40,0,0,48,28,76,98,2,100,176
08/10/2002,TCL,AL,ASO,ES,Federal Contract Tower,0,2,16,3,21,0,0,53,0,53,0,2,69,3,74,118,0,118,192
08/11/2002,TCL,AL,ASO,ES,Federal Contract Tower,0,1,18,2,21,0,0,45,0,45,0,1,63,2,66,98,4,102,168
08/12/2002,TCL,AL,ASO,ES,Federal Contract Tower,0,4,21,29,54,0,0,43,47,90,0,4,64,76,144,28,24,52,196
08/13/2002,TCL,AL,ASO,ES,Federal Contract Tower,0,3,18,8,29,0,0,28,20,48,0,3,46,28,77,36,6,42,119
08/14/2002,TCL,AL,ASO,ES,Federal Contract Tower,0,2,22,19,43,0,0,22,41,63,0,2,44,60,106,56,16,72,178
08/15/2002,TCL,AL,ASO,ES,Federal Contract Tower,2,9,15,22,48,0,1,29,27,57,2,10,44,49,105,44,38,82,187
08/16/2002,TCL,AL,ASO,ES,Federal Contract Tower,2,4,30,1,37,0,0,28,16,44,2,4,58,17,81,60,0,60,141
08/17/2002,TCL,AL,ASO,ES,Federal Contract Tower,0,1,19,6,26,0,0,34,9,43,0,1,53,15,69,84,0,84,153
08/18/2002,TCL,AL,ASO,ES,Federal Contract Tower,0,3,22,11,36,0,2,31,23,56,0,5,53,34,92,108,26,134,226
08/19/2002,TCL,AL,ASO,ES,Federal Contract Tower,0,11,7,9,27,0,1,40,39,80,0,12,47,48,107,24,14,38,145
08/20/2002,TCL,AL,ASO,ES,Federal Contract Tower,0,10,25,21,56,0,3,40,28,71,0,13,65,49,127,50,56,106,233
08/21/2002,TCL,AL,ASO,ES,Federal Contract Tower,0,10,15,19,44,0,1,51,29,81,0,11,66,48,125,68,28,96,221
08/22/2002,TCL,AL,ASO,ES,Federal Contract Tower,0,17,21,18,56,0,1,44,31,76,0,18,65,49,132,80,52,132,264
08/23/2002,TCL,AL,ASO,ES,Federal Contract Tower,0,13,19,21,53,0,2,47,39,88,0,15,66,60,141,56,26,82,223
08/24/2002,TCL,AL,ASO,ES,Federal Contract Tower,0,3,12,0,15,0,0,55,6,61,0,3,67,6,76,82,2,84,160
08/25/2002,TCL,AL,ASO,ES,Federal Contract Tower,0,2,15,5,22,0,1,45,13,59,0,3,60,18,81,98,26,124,205
08/26/2002,TCL,AL,ASO,ES,Federal Contract Tower,0,4,24,15,43,0,0,41,37,78,0,4,65,52,121,34,20,54,175
08/27/2002,TCL,AL,ASO,ES,Federal Contract Tower,0,4,18,17,39,0,2,34,41,77,0,6,52,58,116,52,52,104,220
08/28/2002,TCL,AL,ASO,ES,Federal Contract Tower,0,2,21,24,47,0,0,29,36,65,0,2,50,60,112,28,12,40,152
08/29/2002,TCL,AL,ASO,ES,Federal Contract Tower,0,2,21,13,36,0,3,33,25,61,0,5,54,38,97,16,6,22,119
08/30/2002,TCL,AL,ASO,ES,Federal Contract Tower,0,0,31,21,52,0,0,39,33,72,0,0,70,54,124,48,34,82,206
08/31/2002,TCL,AL,ASO,ES,Federal Contract Tower,0,3,13,0,16,0,1,31,0,32,0,4,44,0,48,96,12,108,156
09/01/2002,TCL,AL,ASO,ES,Federal Contract Tower,0,0,12,5,17,0,0,35,6,41,0,0,47,11,58,108,0,108,166
09/02/2002,TCL,AL,ASO,ES,Federal Contract Tower,0,4,25,4,33,0,0,53,8,61,0,4,78,12,94,82,8,90,184
09/03/2002,TCL,AL,ASO,ES,Federal Contract Tower,0,0,19,22,41,0,0,48,24,72,0,0,67,46,113,26,26,52,165
09/04/2002,TCL,AL,ASO,ES,Federal Contract Tower,0,0,21,22,43,0,0,46,55,101,0,0,67,77,144,76,52,128,272
09/05/2002,TCL,AL,ASO,ES,Federal Contract Tower,0,5,33,17,55,0,0,42,52,94,0,5,75,69,149,108,40,148,297
09/06/2002,TCL,AL,ASO,ES,Federal Contract Tower,2,3,32,7,44,0,1,48,20,69,2,4,80,27,113,70,22,92,205
09/07/2002,TCL,AL,ASO,ES,Federal Contract Tower,0,0,23,17,40,0,0,43,17,60,0,0,66,34,100,84,26,110,210
09/08/2002,TCL,AL,ASO,ES,Federal Contract Tower,2,4,28,5,39,0,0,63,9,72,2,4,91,14,111,104,0,104,215
09/09/2002,TCL,AL,ASO,ES,Federal Contract Tower,0,2,29,10,41,0,0,44,28,72,0,2,73,38,113,44,10,54,167
09/10/2002,TCL,AL,ASO,ES,Federal Contract Tower,0,1,26,11,38,0,0,54,17,71,0,1,80,28,109,57,14,71,180
09/11/2002,TCL,AL,ASO,ES,Federal Contract Tower,0,7,19,16,42,0,0,56,46,102,0,7,75,62,144,64,12,76,220
09/12/2002,TCL,AL,ASO,ES,Federal Contract Tower,0,7,42,9,58,0,0,36,16,52,0,7,78,25,110,80,6,86,196
09/13/2002,TCL,AL,ASO,ES,Federal Contract Tower,0,3,22,18,43,0,0,22,13,35,0,3,44,31,78,140,6,146,224
09/14/2002,TCL,AL,ASO,ES,Federal Contract Tower,1,0,18,4,23,0,0,34,9,43,1,0,52,13,66,152,4,156,222
09/15/2002,TCL,AL,ASO,ES,Federal Contract Tower,0,2,21,19,42,0,0,30,9,39,0,2,51,28,81,102,6,108,189
09/16/2002,TCL,AL,ASO,ES,Federal Contract Tower,1,1,20,11,33,0,0,36,21,57,1,1,56,32,90,62,6,68,158
09/17/2002,TCL,AL,ASO,ES,Federal Contract Tower,0,2,24,13,39,0,0,30,16,46,0,2,54,29,85,20,22,42,127
09/18/2002,TCL,AL,ASO,ES,Federal Contract Tower,0,4,35,17,56,0,0,33,21,54,0,4,68,38,110,28,4,32,142
09/19/2002,TCL,AL,ASO,ES,Federal Contract Tower,0,1,38,7,46,0,0,23,21,44,0,1,61,28,90,70,16,86,176
09/20/2002,TCL,AL,ASO,ES,Federal Contract Tower,0,1,60,10,71,0,0,28,10,38,0,1,88,20,109,130,0,130,239
09/21/2002,TCL,AL,ASO,ES,Federal Contract Tower,0,7,40,5,52,0,1,22,0,23,0,8,62,5,75,12,0,12,87
09/22/2002,TCL,AL,ASO,ES,Federal Contract Tower,0,4,13,2,19,0,0,27,8,35,0,4,40,10,54,82,0,82,136
09/23/2002,TCL,AL,ASO,ES,Federal Contract Tower,0,3,28,20,51,0,2,63,28,93,0,5,91,48,144,154,10,164,308
09/24/2002,TCL,AL,ASO,ES,Federal Contract Tower,0,3,24,23,50,0,0,23,25,48,0,3,47,48,98,78,22,100,198
09/25/2002,TCL,AL,ASO,ES,Federal Contract Tower,0,2,8,3,13,0,0,4,2,6,0,2,12,5,19,0,0,0,19
09/26/2002,TCL,AL,ASO,ES,Federal Contract Tower,0,1,1,0,2,0,0,0,0,0,0,1,1,0,2,0,0,0,2
09/27/2002,TCL,AL,ASO,ES,Federal Contract Tower,2,10,21,10,43,0,1,26,53,80,2,11,47,63,123,46,0,46,169
09/28/2002,TCL,AL,ASO,ES,Federal Contract Tower,0,2,13,0,15,0,0,108,3,111,0,2,121,3,126,104,0,104,230
09/29/2002,TCL,AL,ASO,ES,Federal Contract Tower,2,4,17,5,28,0,0,49,4,53,2,4,66,9,81,98,0,98,179
09/30/2002,TCL,AL,ASO,ES,Federal Contract Tower,0,5,20,3,28,0,1,12,11,24,0,6,32,14,52,44,0,44,96
10/01/2002,TCL,AL,ASO,ES,Federal Contract Tower,0,0,15,17,32,0,0,40,34,74,0,0,55,51,106,148,18,166,272
10/02/2002,TCL,AL,ASO,ES,Federal Contract Tower,0,2,12,19,33,0,0,65,35,100,0,2,77,54,133,64,24,88,221
10/03/2002,TCL,AL,ASO,ES,Federal Contract Tower,0,2,17,8,27,0,1,31,19,51,0,3,48,27,78,54,4,58,136
10/04/2002,TCL,AL,ASO,ES,Federal Contract Tower,0,6,22,3,31,0,0,9,1,10,0,6,31,4,41,44,0,44,85
10/05/2002,TCL,AL,ASO,ES,Federal Contract Tower,0,18,135,3,156,0,0,62,5,67,0,18,197,8,223,222,2,224,447
10/06/2002,TCL,AL,ASO,ES,Federal Contract Tower,0,3,32,7,42,0,1,43,13,57,0,4,75,20,99,104,0,104,203
10/07/2002,TCL,AL,ASO,ES,Federal Contract Tower,0,2,17,33,52,0,0,24,39,63,0,2,41,72,115,76,2,78,193
10/08/2002,TCL,AL,ASO,ES,Federal Contract Tower,0,5,25,23,53,0,0,49,35,84,0,5,74,58,137,146,8,154,291
10/09/2002,TCL,AL,ASO,ES,Federal Contract Tower,0,7,26,27,60,0,0,5,27,32,0,7,31,54,92,152,2,154,246
10/10/2002,TCL,AL,ASO,ES,Federal Contract Tower,0,12,31,21,64,0,0,4,19,23,0,12,35,40,87,40,0,40,127
10/11/2002,TCL,AL,ASO,ES,Federal Contract Tower,0,4,42,12,58,0,2,30,10,42,0,6,72,22,100,118,24,142,242
10/12/2002,TCL,AL,ASO,ES,Federal Contract Tower,0,9,18,1,28,0,0,42,2,44,0,9,60,3,72,64,0,64,136
10/13/2002,TCL,AL,ASO,ES,Federal Contract Tower,0,6,26,3,35,0,1,45,11,57,0,7,71,14,92,108,2,110,202
10/14/2002,TCL,AL,ASO,ES,Federal Contract Tower,0,0,27,0,27,0,1,40,4,45,0,1,67,4,72,132,0,132,204
10/15/2002,TCL,AL,ASO,ES,Federal Contract Tower,0,3,20,11,34,0,1,1,11,13,0,4,21,22,47,0,0,0,47
10/16/2002,TCL,AL,ASO,ES,Federal Contract Tower,0,7,26,29,62,0,2,55,60,117,0,9,81,89,179,100,22,122,301
10/17/2002,TCL,AL,ASO,ES,Federal Contract Tower,0,1,18,27,46,0,0,60,39,99,0,1,78,66,145,82,18,100,245
10/18/2002,TCL,AL,ASO,ES,Federal Contract Tower,0,4,26,17,47,0,0,62,45,107,0,4,88,62,154,96,14,110,264
10/19/2002,TCL,AL,ASO,ES,Federal Contract Tower,0,8,69,5,82,0,2,74,18,94,0,10,143,23,176,152,8,160,336
10/20/2002,TCL,AL,ASO,ES,Federal Contract Tower,0,1,33,9,43,0,1,6,3,10,0,2,39,12,53,82,0,82,135
10/21/2002,TCL,AL,ASO,ES,Federal Contract Tower,0,2,19,23,44,0,0,14,27,41,0,2,33,50,85,44,20,64,149
10/22/2002,TCL,AL,ASO,ES,Federal Contract Tower,0,3,23,10,36,0,1,31,15,47,0,4,54,25,83,62,18,80,163
10/23/2002,TCL,AL,ASO,ES,Federal Contract Tower,0,5,27,35,67,0,2,6,28,36,0,7,33,63,103,22,10,32,135
10/24/2002,TCL,AL,ASO,ES,Federal Contract Tower,0,4,35,20,59,0,2,4,18,24,0,6,39,38,83,32,8,40,123
10/25/2002,TCL,AL,ASO,ES,Federal Contract Tower,2,5,32,9,48,0,0,1,9,10,2,5,33,18,58,6,0,6,64
10/26/2002,TCL,AL,ASO,ES,Federal Contract Tower,0,1,2,0,3,0,0,0,0,0,0,1,2,0,3,0,0,0,3
10/27/2002,TCL,AL,ASO,ES,Federal Contract Tower,0,1,11,4,16,2,0,0,2,4,2,1,11,6,20,0,0,0,20
10/28/2002,TCL,AL,ASO,ES,Federal Contract Tower,0,0,22,15,37,0,0,9,15,24,0,0,31,30,61,14,10,24,85
10/29/2002,TCL,AL,ASO,ES,Federal Contract Tower,0,3,13,27,43,0,0,27,52,79,0,3,40,79,122,52,12,64,186
10/30/2002,TCL,AL,ASO,ES,Federal Contract Tower,0,4,31,20,55,0,0,45,39,84,0,4,76,59,139,44,4,48,187
10/31/2002,TCL,AL,ASO,ES,Federal Contract Tower,0,0,11,14,25,1,0,31,23,55,1,0,42,37,80,112,36,148,228
11/01/2002,TCL,AL,ASO,ES,Federal Contract Tower,2,8,20,17,47,1,3,56,29,89,3,11,76,46,136,52,34,86,222
11/02/2002,TCL,AL,ASO,ES,Federal Contract Tower,2,2,9,5,18,0,0,78,20,98,2,2,87,25,116,82,6,88,204
11/03/2002,TCL,AL,ASO,ES,Federal Contract Tower,0,0,22,0,22,0,0,18,2,20,0,0,40,2,42,84,12,96,138
11/04/2002,TCL,AL,ASO,ES,Federal Contract Tower,0,3,13,17,33,0,0,5,17,22,0,3,18,34,55,36,0,36,91
11/05/2002,TCL,AL,ASO,ES,Federal Contract Tower,0,1,8,0,9,0,0,1,0,1,0,1,9,0,10,24,0,24,34
11/06/2002,TCL,AL,ASO,ES,Federal Contract Tower,0,7,17,9,33,0,0,24,25,49,0,7,41,34,82,74,6,80,162
11/07/2002,TCL,AL,ASO,ES,Federal Contract Tower,0,0,23,9,32,0,0,56,25,81,0,0,79,34,113,85,20,105,218
11/08/2002,TCL,AL,ASO,ES,Federal Contract Tower,0,1,30,9,40,0,3,58,49,110,0,4,88,58,150,138,16,154,304
11/09/2002,TCL,AL,ASO,ES,Federal Contract Tower,0,9,59,22,90,0,1,70,47,118,0,10,129,69,208,276,18,294,502
11/10/2002,TCL,AL,ASO,ES,Federal Contract Tower,0,1,28,0,29,0,0,39,0,39,0,1,67,0,68,102,0,102,170
11/11/2002,TCL,AL,ASO,ES,Federal Contract Tower,0,0,26,0,26,0,0,26,2,28,0,0,52,2,54,104,0,104,158
11/12/2002,TCL,AL,ASO,ES,Federal Contract Tower,1,5,17,7,30,1,1,46,21,69,2,6,63,28,99,50,6,56,155
11/13/2002,TCL,AL,ASO,ES,Federal Contract Tower,0,2,27,13,42,0,3,74,25,102,0,5,101,38,144,70,18,88,232
11/14/2002,TCL,AL,ASO,ES,Federal Contract Tower,0,5,27,12,44,0,3,64,38,105,0,8,91,50,149,120,8,128,277
11/15/2002,TCL,AL,ASO,ES,Federal Contract Tower,4,3,31,10,48,0,1,6,8,15,4,4,37,18,63,46,0,46,109
11/16/2002,TCL,AL,ASO,ES,Federal Contract Tower,0,4,13,5,22,0,0,12,11,23,0,4,25,16,45,100,8,108,153
11/17/2002,TCL,AL,ASO,ES,Federal Contract Tower,2,7,12,9,30,0,0,29,25,54,2,7,41,34,84,82,24,106,190
11/18/2002,TCL,AL,ASO,ES,Federal Contract Tower,0,7,21,24,52,0,0,65,56,121,0,7,86,80,173,20,0,20,193
11/19/2002,TCL,AL,ASO,ES,Federal Contract Tower,0,8,16,19,43,0,2,40,19,61,0,10,56,38,104,36,18,54,158
11/20/2002,TCL,AL,ASO,ES,Federal Contract Tower,0,9,23,10,42,0,0,6,10,16,0,9,29,20,58,0,2,2,60
11/21/2002,TCL,AL,ASO,ES,Federal Contract Tower,0,4,19,13,36,0,0,54,22,76,0,4,73,35,112,42,14,56,168
11/22/2002,TCL,AL,ASO,ES,Federal Contract Tower,0,2,24,18,44,0,2,86,34,122,0,4,110,52,166,34,26,60,226
11/23/2002,TCL,AL,ASO,ES,Federal Contract Tower,0,7,104,9,120,0,0,104,3,107,0,7,208,12,227,348,10,358,585
11/24/2002,TCL,AL,ASO,ES,Federal Contract Tower,0,3,20,8,31,0,0,91,12,103,0,3,111,20,134,64,16,80,214
11/25/2002,TCL,AL,ASO,ES,Federal Contract Tower,0,2,33,21,56,0,0,96,37,133,0,2,129,58,189,28,8,36,225
11/26/2002,TCL,AL,ASO,ES,Federal Contract Tower,0,4,35,29,68,0,0,15,21,36,0,4,50,50,104,36,40,76,180
11/27/2002,TCL,AL,ASO,ES,Federal Contract Tower,0,5,27,15,47,0,0,22,26,48,0,5,49,41,95,96,22,118,213
11/28/2002,TCL,AL,ASO,ES,Federal Contract Tower,0,2,5,0,7,0,0,20,0,20,0,2,25,0,27,44,0,44,71
11/29/2002,TCL,AL,ASO,ES,Federal Contract Tower,0,10,14,3,27,0,0,40,5,45,0,10,54,8,72,98,0,98,170
11/30/2002,TCL,AL,ASO,ES,Federal Contract Tower,0,0,3,1,4,0,0,39,1,40,0,0,42,2,44,44,0,44,88
12/01/2002,TCL,AL,ASO,ES,Federal Contract Tower,0,9,25,0,34,0,1,78,2,81,0,10,103,2,115,72,0,72,187
12/02/2002,TCL,AL,ASO,ES,Federal Contract Tower,0,0,18,17,35,0,1,52,61,114,0,1,70,78,149,20,0,20,169
12/03/2002,TCL,AL,ASO,ES,Federal Contract Tower,2,9,21,30,62,0,1,38,58,97,2,10,59,88,159,104,68,172,331
12/04/2002,TCL,AL,ASO,ES,Federal Contract Tower,0,6,21,1,28,0,2,11,0,13,0,8,32,1,41,4,0,4,45
12/05/2002,TCL,AL,ASO,ES,Federal Contract Tower,0,1,18,17,36,0,0,1,21,22,0,1,19,38,58,28,0,28,86
12/06/2002,TCL,AL,ASO,ES,Federal Contract Tower,0,3,32,19,54,0,0,50,31,81,0,3,82,50,135,58,28,86,221
12/07/2002,TCL,AL,ASO,ES,Federal Contract Tower,0,1,17,4,22,0,0,68,0,68,0,1,85,4,90,106,6,112,202
12/08/2002,TCL,AL,ASO,ES,Federal Contract Tower,0,3,15,17,35,0,0,73,13,86,0,3,88,30,121,80,0,80,201
12/09/2002,TCL,AL,ASO,ES,Federal Contract Tower,0,3,12,17,32,0,1,39,48,88,0,4,51,65,120,34,32,66,186
12/10/2002,TCL,AL,ASO,ES,Federal Contract Tower,0,10,28,0,38,0,0,6,0,6,0,10,34,0,44,0,0,0,44
12/11/2002,TCL,AL,ASO,ES,Federal Contract Tower,0,3,22,29,54,0,0,16,12,28,0,3,38,41,82,4,0,4,86
12/12/2002,TCL,AL,ASO,ES,Federal Contract Tower,0,2,29,26,57,0,1,4,36,41,0,3,33,62,98,6,0,6,104
12/13/2002,TCL,AL,ASO,ES,Federal Contract Tower,3,0,20,2,25,1,0,2,2,5,4,0,22,4,30,2,0,2,32
12/14/2002,TCL,AL,ASO,ES,Federal Contract Tower,0,1,16,1,18,0,0,54,1,55,0,1,70,2,73,130,0,130,203
12/15/2002,TCL,AL,ASO,ES,Federal Contract Tower,0,0,17,1,18,0,0,77,7,84,0,0,94,8,102,62,6,68,170
12/16/2002,TCL,AL,ASO,ES,Federal Contract Tower,0,2,13,20,35,0,1,79,32,112,0,3,92,52,147,56,14,70,217
12/17/2002,TCL,AL,ASO,ES,Federal Contract Tower,0,5,9,19,33,0,2,46,31,79,0,7,55,50,112,56,8,64,176
12/18/2002,TCL,AL,ASO,ES,Federal Contract Tower,0,2,16,12,30,0,0,29,18,47,0,2,45,30,77,52,16,68,145
12/19/2002,TCL,AL,ASO,ES,Federal Contract Tower,0,0,8,0,8,0,0,3,0,3,0,0,11,0,11,0,0,0,11
12/20/2002,TCL,AL,ASO,ES,Federal Contract Tower,0,1,22,8,31,0,1,48,18,67,0,2,70,26,98,82,8,90,188
12/21/2002,TCL,AL,ASO,ES,Federal Contract Tower,0,5,17,0,22,0,0,62,4,66,0,5,79,4,88,86,4,90,178
12/22/2002,TCL,AL,ASO,ES,Federal Contract Tower,0,2,5,4,11,0,0,52,0,52,0,2,57,4,63,88,0,88,151
12/23/2002,TCL,AL,ASO,ES,Federal Contract Tower,0,2,18,4,24,0,0,44,4,48,0,2,62,8,72,94,0,94,166
12/24/2002,TCL,AL,ASO,ES,Federal Contract Tower,0,2,2,0,4,0,0,2,0,2,0,2,4,0,6,0,0,0,6
12/25/2002,TCL,AL,ASO,ES,Federal Contract Tower,0,0,3,0,3,0,0,9,0,9,0,0,12,0,12,0,0,0,12
12/26/2002,TCL,AL,ASO,ES,Federal Contract Tower,0,4,21,1,26,0,0,60,2,62,0,4,81,3,88,78,0,78,166
12/27/2002,TCL,AL,ASO,ES,Federal Contract Tower,0,1,19,2,22,0,0,82,9,91,0,1,101,11,113,84,6,90,203
12/28/2002,TCL,AL,ASO,ES,Federal Contract Tower,0,0,9,3,12,0,0,79,5,84,0,0,88,8,96,48,0,48,144
12/29/2002,TCL,AL,ASO,ES,Federal Contract Tower,0,2,13,0,15,0,0,52,6,58,0,2,65,6,73,90,10,100,173
12/30/2002,TCL,AL,ASO,ES,Federal Contract Tower,0,2,22,4,28,0,0,24,16,40,0,2,46,20,68,76,36,112,180
12/31/2002,TCL,AL,ASO,ES,Federal Contract Tower,0,0,11,0,11,0,0,4,0,4,0,0,15,0,15,18,0,18,33
01/01/2003,TCL,AL,ASO,ES,Federal Contract Tower,0,0,15,4,19,0,0,5,2,7,0,0,20,6,26,46,0,46,72
01/02/2003,TCL,AL,ASO,ES,Federal Contract Tower,0,5,21,4,30,0,0,7,2,9,0,5,28,6,39,26,0,26,65
01/03/2003,TCL,AL,ASO,ES,Federal Contract Tower,0,1,22,0,23,0,0,29,4,33,0,1,51,4,56,68,0,68,124
01/04/2003,TCL,AL,ASO,ES,Federal Contract Tower,0,6,15,6,27,0,3,67,5,75,0,9,82,11,102,114,0,114,216
01/05/2003,TCL,AL,ASO,ES,Federal Contract Tower,0,2,20,0,22,0,0,71,6,77,0,2,91,6,99,106,0,106,205
01/06/2003,TCL,AL,ASO,ES,Federal Contract Tower,0,5,6,18,29,0,0,31,22,53,0,5,37,40,82,40,20,60,142
01/07/2003,TCL,AL,ASO,ES,Federal Contract Tower,1,4,22,22,49,0,0,74,42,116,1,4,96,64,165,86,36,122,287
01/08/2003,TCL,AL,ASO,ES,Federal Contract Tower,2,0,33,19,54,1,0,57,41,99,3,0,90,60,153,78,22,100,253
01/09/2003,TCL,AL,ASO,ES,Federal Contract Tower,0,3,32,32,67,0,0,35,55,90,0,3,67,87,157,42,2,44,201
01/10/2003,TCL,AL,ASO,ES,Federal Contract Tower,0,2,27,15,44,0,1,51,37,89,0,3,78,52,133,82,50,132,265
01/11/2003,TCL,AL,ASO,ES,Federal Contract Tower,0,3,7,6,16,0,0,74,3,77,0,3,81,9,93,106,12,118,211
01/12/2003,TCL,AL,ASO,ES,Federal Contract Tower,0,5,22,15,42,0,1,47,25,73,0,6,69,40,115,96,60,156,271
01/13/2003,TCL,AL,ASO,ES,Federal Contract Tower,0,4,19,27,50,0,1,65,33,99,0,5,84,60,149,66,50,116,265
01/14/2003,TCL,AL,ASO,ES,Federal Contract Tower,0,7,22,26,55,0,2,56,58,116,0,9,78,84,171,54,44,98,269
01/15/2003,TCL,AL,ASO,ES,Federal Contract Tower,2,3,29,16,50,0,0,97,32,129,2,3,126,48,179,66,20,86,265
01/16/2003,TCL,AL,ASO,ES,Federal Contract Tower,0,3,23,0,26,0,0,10,0,10,0,3,33,0,36,2,0,2,38
01/17/2003,TCL,AL,ASO,ES,Federal Contract Tower,2,6,22,25,55,0,2,36,34,72,2,8,58,59,127,38,44,82,209
01/18/2003,TCL,AL,ASO,ES,Federal Contract Tower,0,0,16,0,16,0,0,47,0,47,0,0,63,0,63,62,0,62,125
01/19/2003,TCL,AL,ASO,ES,Federal Contract Tower,0,0,3,0,3,0,0,0,52,52,0,0,3,52,55,96,0,96,151
01/20/2003,TCL,AL,ASO,ES,Federal Contract Tower,0,0,36,0,36,0,0,35,2,37,0,0,71,2,73,81,0,81,154
01/21/2003,TCL,AL,ASO,ES,Federal Contract Tower,0,5,23,33,61,0,0,6,37,43,0,5,29,70,104,30,36,66,170
01/22/2003,TCL,AL,ASO,ES,Federal Contract Tower,0,2,22,22,46,0,0,70,28,98,0,2,92,50,144,50,52,102,246
01/23/2003,TCL,AL,ASO,ES,Federal Contract Tower,1,4,12,10,27,0,1,30,24,55,1,5,42,34,82,68,8,76,158
01/24/2003,TCL,AL,ASO,ES,Federal Contract Tower,3,2,21,8,34,0,0,57,20,77,3,2,78,28,111,72,12,84,195
01/25/2003,TCL,AL,ASO,ES,Federal Contract Tower,1,1,7,14,23,0,0,22,15,37,1,1,29,29,60,64,12,76,136
01/26/2003,TCL,AL,ASO,ES,Federal Contract Tower,0,1,23,1,25,1,0,46,8,55,1,1,69,9,80,84,0,84,164
01/27/2003,TCL,AL,ASO,ES,Federal Contract Tower,0,6,22,20,48,0,0,24,32,56,0,6,46,52,104,26,36,62,166
01/28/2003,TCL,AL,ASO,ES,Federal Contract Tower,0,7,19,43,69,0,0,38,60,98,0,7,57,103,167,80,30,110,277
01/29/2003,TCL,AL,ASO,ES,Federal Contract Tower,0,9,13,8,30,0,0,7,5,12,0,9,20,13,42,0,0,0,42
01/30/2003,TCL,AL,ASO,ES,Federal Contract Tower,0,5,24,7,36,0,0,11,5,16,0,5,35,12,52,92,0,92,144
01/31/2003,TCL,AL,ASO,ES,Federal Contract Tower,0,3,41,14,58,0,1,19,20,40,0,4,60,34,98,70,0,70,168
02/01/2003,TCL,AL,ASO,ES,Federal Contract Tower,0,1,20,1,22,0,1,65,2,68,0,2,85,3,90,96,0,96,186
02/02/2003,TCL,AL,ASO,ES,Federal Contract Tower,0,5,24,0,29,0,0,57,14,71,0,5,81,14,100,86,0,86,186
02/03/2003,TCL,AL,ASO,ES,Federal Contract Tower,0,4,6,21,31,0,0,3,20,23,0,4,9,41,54,12,20,32,86
02/04/2003,TCL,AL,ASO,ES,Federal Contract Tower,2,5,19,21,47,0,1,31,30,62,2,6,50,51,109,152,46,198,307
02/05/2003,TCL,AL,ASO,ES,Federal Contract Tower,0,3,13,23,39,0,0,52,37,89,0,3,65,60,128,78,28,106,234
02/06/2003,TCL,AL,ASO,ES,Federal Contract Tower,0,7,13,0,20,0,0,1,4,5,0,7,14,4,25,0,0,0,25
02/07/2003,TCL,AL,ASO,ES,Federal Contract Tower,4,8,17,21,50,0,1,10,22,33,4,9,27,43,83,50,4,54,137
02/08/2003,TCL,AL,ASO,ES,Federal Contract Tower,2,4,11,0,17,0,0,60,3,63,2,4,71,3,80,92,0,92,172
02/09/2003,TCL,AL,ASO,ES,Federal Contract Tower,3,2,12,0,17,0,2,18,5,25,3,4,30,5,42,80,8,88,130
02/10/2003,TCL,AL,ASO,ES,Federal Contract Tower,0,3,18,18,39,0,0,12,19,31,0,3,30,37,70,56,14,70,140
02/11/2003,TCL,AL,ASO,ES,Federal Contract Tower,0,5,14,16,35,0,1,44,22,67,0,6,58,38,102,60,4,64,166
02/12/2003,TCL,AL,ASO,ES,Federal Contract Tower,0,4,16,28,48,0,1,65,52,118,0,5,81,80,166,102,34,136,302
02/13/2003,TCL,AL,ASO,ES,Federal Contract Tower,0,2,12,17,31,0,1,40,44,85,0,3,52,61,116,86,4,90,206
02/14/2003,TCL,AL,ASO,ES,Federal Contract Tower,0,4,15,15,34,0,1,15,32,48,0,5,30,47,82,80,6,86,168
02/15/2003,TCL,AL,ASO,ES,Federal Contract Tower,2,0,7,0,9,0,0,0,0,0,2,0,7,0,9,78,0,78,87
02/16/2003,TCL,AL,ASO,ES,Federal Contract Tower,2,5,12,2,21,0,0,3,0,3,2,5,15,2,24,6,0,6,30
02/17/2003,TCL,AL,ASO,ES,Federal Contract Tower,0,0,25,0,25,0,0,10,0,10,0,0,35,0,35,8,0,8,43
02/18/2003,TCL,AL,ASO,ES,Federal Contract Tower,2,2,23,22,49,0,0,36,32,68,2,2,59,54,117,44,30,74,191
02/19/2003,TCL,AL,ASO,ES,Federal Contract Tower,2,1,19,21,43,0,1,55,59,115,2,2,74,80,158,70,34,104,262
02/20/2003,TCL,AL,ASO,ES,Federal Contract Tower,0,1,16,26,43,0,0,20,44,64,0,1,36,70,107,36,34,70,177
02/21/2003,TCL,AL,ASO,ES,Federal Contract Tower,2,0,15,3,20,0,0,0,5,5,2,0,15,8,25,0,10,10,35
02/22/2003,TCL,AL,ASO,ES,Federal Contract Tower,2,6,10,6,24,0,1,2,4,7,2,7,12,10,31,30,4,34,65
02/23/2003,TCL,AL,ASO,ES,Federal Contract Tower,2,0,24,12,38,0,0,64,18,82,2,0,88,30,120,96,6,102,222
02/24/2003,TCL,AL,ASO,ES,Federal Contract Tower,0,2,11,29,42,0,0,46,37,83,0,2,57,66,125,68,46,114,239
02/25/2003,TCL,AL,ASO,ES,Federal Contract Tower,0,2,14,36,52,0,0,19,52,71,0,2,33,88,123,52,26,78,201
02/26/2003,TCL,AL,ASO,ES,Federal Contract Tower,0,4,18,1,23,0,1,7,0,8,0,5,25,1,31,22,0,22,53
02/27/2003,TCL,AL,ASO,ES,Federal Contract Tower,0,7,23,7,37,0,1,1,0,2,0,8,24,7,39,0,18,18,57
02/28/2003,TCL,AL,ASO,ES,Federal Contract Tower,0,3,26,16,45,0,0,12,12,24,0,3,38,28,69,20,12,32,101
03/01/2003,TCL,AL,ASO,ES,Federal Contract Tower,0,4,26,15,45,0,0,2,2,4,0,4,28,17,49,20,0,20,69
03/02/2003,TCL,AL,ASO,ES,Federal Contract Tower,0,2,29,8,39,0,0,13,8,21,0,2,42,16,60,100,0,100,160
03/03/2003,TCL,AL,ASO,ES,Federal Contract Tower,0,1,31,26,58,0,2,66,39,107,0,3,97,65,165,70,28,98,263
03/04/2003,TCL,AL,ASO,ES,Federal Contract Tower,1,4,35,40,80,0,0,25,42,67,1,4,60,82,147,58,10,68,215
03/05/2003,TCL,AL,ASO,ES,Federal Contract Tower,0,2,9,6,17,0,0,6,7,13,0,2,15,13,30,12,8,20,50
03/06/2003,TCL,AL,ASO,ES,Federal Contract Tower,1,0,16,32,49,0,0,14,34,48,1,0,30,66,97,36,12,48,145
03/07/2003,TCL,AL,ASO,ES,Federal Contract Tower,0,4,30,14,48,0,0,51,16,67,0,4,81,30,115,116,30,146,261
03/08/2003,TCL,AL,ASO,ES,Federal Contract Tower,2,0,18,8,28,0,0,49,6,55,2,0,67,14,83,108,22,130,213
03/09/2003,TCL,AL,ASO,ES,Federal Contract Tower,0,2,11,10,23,0,0,54,15,69,0,2,65,25,92,128,8,136,228
03/10/2003,TCL,AL,ASO,ES,Federal Contract Tower,0,0,22,30,52,0,0,63,35,98,0,0,85,65,150,96,16,112,262
03/11/2003,TCL,AL,ASO,ES,Federal Contract Tower,0,4,18,27,49,0,1,49,45,95,0,5,67,72,144,62,36,98,242
03/12/2003,TCL,AL,ASO,ES,Federal Contract Tower,2,4,13,11,30,0,0,43,36,79,2,4,56,47,109,122,20,142,251
03/13/2003,TCL,AL,ASO,ES,Federal Contract Tower,0,2,31,3,36,0,0,17,4,21,0,2,48,7,57,34,0,34,91
03/14/2003,TCL,AL,ASO,ES,Federal Contract Tower,2,6,21,23,52,0,0,32,37,69,2,6,53,60,121,102,12,114,235
03/15/2003,TCL,AL,ASO,ES,Federal Contract Tower,0,0,31,0,31,0,0,18,6,24,0,0,49,6,55,66,0,66,121
03/16/2003,TCL,AL,ASO,ES,Federal Contract Tower,0,4,28,9,41,0,0,16,1,17,0,4,44,10,58,98,0,98,156
03/17/2003,TCL,AL,ASO,ES,Federal Contract Tower,0,2,26,11,39,0,0,2,11,13,0,2,28,22,52,14,0,14,66
03/18/2003,TCL,AL,ASO,ES,Federal Contract Tower,0,2,23,29,54,0,1,27,29,57,0,3,50,58,111,34,46,80,191
03/19/2003,TCL,AL,ASO,ES,Federal Contract Tower,2,3,22,17,44,0,1,24,39,64,2,4,46,56,108,66,18,84,192
03/20/2003,TCL,AL,ASO,ES,Federal Contract Tower,0,4,22,5,31,0,0,39,20,59,0,4,61,25,90,64,0,64,154
03/21/2003,TCL,AL,ASO,ES,Federal Contract Tower,0,1,12,11,24,0,0,65,27,92,0,1,77,38,116,124,28,152,268
03/22/2003,TCL,AL,ASO,ES,Federal Contract Tower,2,0,17,0,19,0,0,45,2,47,2,0,62,2,66,84,0,84,150
03/23/2003,TCL,AL,ASO,ES,Federal Contract Tower,0,6,25,5,36,0,0,72,4,76,0,6,97,9,112,88,0,88,200
03/24/2003,TCL,AL,ASO,ES,Federal Contract Tower,0,2,13,18,33,0,0,61,55,116,0,2,74,73,149,66,74,140,289
03/25/2003,TCL,AL,ASO,ES,Federal Contract Tower,0,4,12,19,35,0,0,65,35,100,0,4,77,54,135,94,52,146,281
03/26/2003,TCL,AL,ASO,ES,Federal Contract Tower,0,7,17,25,49,0,1,28,35,64,0,8,45,60,113,26,76,102,215
03/27/2003,TCL,AL,ASO,ES,Federal Contract Tower,0,7,17,16,40,0,0,54,34,88,0,7,71,50,128,48,28,76,204
03/28/2003,TCL,AL,ASO,ES,Federal Contract Tower,0,3,24,13,40,0,0,47,27,74,0,3,71,40,114,42,32,74,188
03/29/2003,TCL,AL,ASO,ES,Federal Contract Tower,0,2,28,2,32,0,0,17,6,23,0,2,45,8,55,82,0,82,137
03/30/2003,TCL,AL,ASO,ES,Federal Contract Tower,0,1,19,7,27,0,0,26,17,43,0,1,45,24,70,84,0,84,154
03/31/2003,TCL,AL,ASO,ES,Federal Contract Tower,0,4,16,17,37,0,0,55,39,94,0,4,71,56,131,52,104,156,287
04/01/2003,TCL,AL,ASO,ES,Federal Contract Tower,0,4,13,13,30,0,1,69,45,115,0,5,82,58,145,50,12,62,207
04/02/2003,TCL,AL,ASO,ES,Federal Contract Tower,0,1,18,4,23,0,0,62,12,74,0,1,80,16,97,82,22,104,201
04/03/2003,TCL,AL,ASO,ES,Federal Contract Tower,0,4,27,11,42,0,0,43,33,76,0,4,70,44,118,66,30,96,214
04/04/2003,TCL,AL,ASO,ES,Federal Contract Tower,0,2,25,6,33,0,0,42,18,60,0,2,67,24,93,58,16,74,167
04/05/2003,TCL,AL,ASO,ES,Federal Contract Tower,0,3,19,11,33,0,1,20,20,41,0,4,39,31,74,82,18,100,174
04/06/2003,TCL,AL,ASO,ES,Federal Contract Tower,0,2,21,0,23,0,0,18,1,19,0,2,39,1,42,82,0,82,124
04/07/2003,TCL,AL,ASO,ES,Federal Contract Tower,0,1,12,20,33,0,0,14,19,33,0,1,26,39,66,4,12,16,82
04/08/2003,TCL,AL,ASO,ES,Federal Contract Tower,0,6,19,24,49,0,2,3,20,25,0,8,22,44,74,10,0,10,84
04/09/2003,TCL,AL,ASO,ES,Federal Contract Tower,0,7,35,9,51,0,0,28,18,46,0,7,63,27,97,22,0,22,119
04/10/2003,TCL,AL,ASO,ES,Federal Contract Tower,2,4,21,13,40,0,0,15,10,25,2,4,36,23,65,48,0,48,113
04/11/2003,TCL,AL,ASO,ES,Federal Contract Tower,0,1,29,8,38,0,1,62,27,90,0,2,91,35,128,156,0,156,284
04/12/2003,TCL,AL,ASO,ES,Federal Contract Tower,0,5,10,13,28,0,0,65,56,121,0,5,75,69,149,154,4,158,307
04/13/2003,TCL,AL,ASO,ES,Federal Contract Tower,0,8,15,0,23,0,1,44,4,49,0,9,59,4,72,92,0,92,164
04/14/2003,TCL,AL,ASO,ES,Federal Contract Tower,2,3,22,28,55,0,1,75,40,116,2,4,97,68,171,120,60,180,351
04/15/2003,TCL,AL,ASO,ES,Federal Contract Tower,0,2,26,21,49,0,0,61,43,104,0,2,87,64,153,80,42,122,275
04/16/2003,TCL,AL,ASO,ES,Federal Contract Tower,0,4,15,13,32,0,0,60,27,87,0,4,75,40,119,64,6,70,189
04/17/2003,TCL,AL,ASO,ES,Federal Contract Tower,0,4,25,22,51,0,0,53,30,83,0,4,78,52,134,100,48,148,282
04/18/2003,TCL,AL,ASO,ES,Federal Contract Tower,0,0,27,21,48,0,0,98,35,133,0,0,125,56,181,82,56,138,319
04/19/2003,TCL,AL,ASO,ES,Federal Contract Tower,0,0,14,1,15,0,0,69,1,70,0,0,83,2,85,88,0,88,173
04/20/2003,TCL,AL,ASO,ES,Federal Contract Tower,0,2,27,0,29,0,0,20,1,21,0,2,47,1,50,114,0,114,164
04/21/2003,TCL,AL,ASO,ES,Federal Contract Tower,0,3,15,6,24,0,0,32,14,46,0,3,47,20,70,50,0,50,120
04/22/2003,TCL,AL,ASO,ES,Federal Contract Tower,2,5,19,15,41,0,2,58,36,96,2,7,77,51,137,66,28,94,231
04/23/2003,TCL,AL,ASO,ES,Federal Contract Tower,0,5,28,34,67,0,1,95,58,154,0,6,123,92,221,84,68,152,373
04/24/2003,TCL,AL,ASO,ES,Federal Contract Tower,0,3,24,0,27,0,0,12,0,12,0,3,36,0,39,14,0,14,53
04/25/2003,TCL,AL,ASO,ES,Federal Contract Tower,0,4,19,12,35,0,1,6,17,24,0,5,25,29,59,8,88,96,155
04/26/2003,TCL,AL,ASO,ES,Federal Contract Tower,0,3,36,21,60,0,0,49,12,61,0,3,85,33,121,66,86,152,273
04/27/2003,TCL,AL,ASO,ES,Federal Contract Tower,2,6,24,16,48,0,0,89,49,138,2,6,113,65,186,86,72,158,344
04/28/2003,TCL,AL,ASO,ES,Federal Contract Tower,0,2,15,22,39,0,0,42,42,84,0,2,57,64,123,34,14,48,171
04/29/2003,TCL,AL,ASO,ES,Federal Contract Tower,0,5,17,18,40,0,1,48,26,75,0,6,65,44,115,48,22,70,185
04/30/2003,TCL,AL,ASO,ES,Federal Contract Tower,0,4,14,27,45,0,0,53,33,86,0,4,67,60,131,56,34,90,221
05/01/2003,TCL,AL,ASO,ES,Federal Contract Tower,0,6,15,12,33,0,0,41,24,65,0,6,56,36,98,52,8,60,158
05/02/2003,TCL,AL,ASO,ES,Federal Contract Tower,0,5,30,10,45,0,1,36,16,53,0,6,66,26,98,40,46,86,184
05/03/2003,TCL,AL,ASO,ES,Federal Contract Tower,0,3,26,0,29,0,0,40,2,42,0,3,66,2,71,72,0,72,143
05/04/2003,TCL,AL,ASO,ES,Federal Contract Tower,0,0,34,1,35,0,0,46,14,60,0,0,80,15,95,116,0,116,211
05/05/2003,TCL,AL,ASO,ES,Federal Contract Tower,0,2,14,0,16,0,0,14,2,16,0,2,28,2,32,2,0,2,34
05/06/2003,TCL,AL,ASO,ES,Federal Contract Tower,0,3,9,18,30,0,0,8,22,30,0,3,17,40,60,62,16,78,138
05/07/2003,TCL,AL,ASO,ES,Federal Contract Tower,0,8,25,0,33,0,0,7,0,7,0,8,32,0,40,28,0,28,68
05/08/2003,TCL,AL,ASO,ES,Federal Contract Tower,0,4,37,12,53,0,0,20,30,50,0,4,57,42,103,26,8,34,137
05/09/2003,TCL,AL,ASO,ES,Federal Contract Tower,0,5,41,19,65,0,0,37,43,80,0,5,78,62,145,87,36,123,268
05/10/2003,TCL,AL,ASO,ES,Federal Contract Tower,0,4,19,2,25,0,0,36,10,46,0,4,55,12,71,100,16,116,187
05/11/2003,TCL,AL,ASO,ES,Federal Contract Tower,0,1,14,0,15,0,0,16,0,16,0,1,30,0,31,36,0,36,67
05/12/2003,TCL,AL,ASO,ES,Federal Contract Tower,0,3,23,41,67,0,0,59,31,90,0,3,82,72,157,22,36,58,215
05/13/2003,TCL,AL,ASO,ES,Federal Contract Tower,0,5,27,28,60,0,1,61,36,98,0,6,88,64,158,54,0,54,212
05/14/2003,TCL,AL,ASO,ES,Federal Contract Tower,0,7,13,0,20,0,0,6,2,8,0,7,19,2,28,10,0,10,38
05/15/2003,TCL,AL,ASO,ES,Federal Contract Tower,0,6,22,22,50,0,0,17,28,45,0,6,39,50,95,50,16,66,161
05/16/2003,TCL,AL,ASO,ES,Federal Contract Tower,0,8,30,15,53,0,1,26,26,53,0,9,56,41,106,50,0,50,156
05/17/2003,TCL,AL,ASO,ES,Federal Contract Tower,0,8,15,10,33,0,0,5,0,5,0,8,20,10,38,80,0,80,118
05/18/2003,TCL,AL,ASO,ES,Federal Contract Tower,0,3,17,13,33,0,0,4,8,12,0,3,21,21,45,104,0,104,149
05/19/2003,TCL,AL,ASO,ES,Federal Contract Tower,0,4,23,18,45,0,0,14,12,26,0,4,37,30,71,46,0,46,117
05/20/2003,TCL,AL,ASO,ES,Federal Contract Tower,0,1,22,22,45,0,0,5,14,19,0,1,27,36,64,36,0,36,100
05/21/2003,TCL,AL,ASO,ES,Federal Contract Tower,0,0,32,11,43,0,0,0,11,11,0,0,32,22,54,2,0,2,56
05/22/2003,TCL,AL,ASO,ES,Federal Contract Tower,0,4,21,15,40,0,0,15,35,50,0,4,36,50,90,56,10,66,156
05/23/2003,TCL,AL,ASO,ES,Federal Contract Tower,8,8,30,9,55,0,0,32,21,53,8,8,62,30,108,168,4,172,280
05/24/2003,TCL,AL,ASO,ES,Federal Contract Tower,0,2,18,3,23,0,0,56,5,61,0,2,74,8,84,116,8,124,208
05/25/2003,TCL,AL,ASO,ES,Federal Contract Tower,0,2,12,5,19,0,0,11,0,11,0,2,23,5,30,88,0,88,118
05/26/2003,TCL,AL,ASO,ES,Federal Contract Tower,0,6,16,3,25,0,0,22,5,27,0,6,38,8,52,38,0,38,90
05/27/2003,TCL,AL,ASO,ES,Federal Contract Tower,0,3,15,18,36,0,1,59,44,104,0,4,74,62,140,44,20,64,204
05/28/2003,TCL,AL,ASO,ES,Federal Contract Tower,0,1,14,13,28,0,0,81,44,125,0,1,95,57,153,46,30,76,229
05/29/2003,TCL,AL,ASO,ES,Federal Contract Tower,0,2,24,18,44,0,0,58,32,90,0,2,82,50,134,76,34,110,244
05/30/2003,TCL,AL,ASO,ES,Federal Contract Tower,0,4,15,8,27,0,1,72,33,106,0,5,87,41,133,134,42,176,309
05/31/2003,TCL,AL,ASO,ES,Federal Contract Tower,0,9,19,3,31,0,0,34,3,37,0,9,53,6,68,142,0,142,210
06/01/2003,TCL,AL,ASO,ES,Federal Contract Tower,0,2,25,7,34,0,0,73,4,77,0,2,98,11,111,172,8,180,291
06/02/2003,TCL,AL,ASO,ES,Federal Contract Tower,0,7,18,5,30,0,0,37,7,44,0,7,55,12,74,78,0,78,152
06/03/2003,TCL,AL,ASO,ES,Federal Contract Tower,0,1,21,9,31,0,0,18,19,37,0,1,39,28,68,48,4,52,120
06/04/2003,TCL,AL,ASO,ES,Federal Contract Tower,0,3,26,23,52,0,2,47,39,88,0,5,73,62,140,58,18,76,216
06/05/2003,TCL,AL,ASO,ES,Federal Contract Tower,0,1,27,6,34,0,0,66,30,96,0,1,93,36,130,68,8,76,206
06/06/2003,TCL,AL,ASO,ES,Federal Contract Tower,0,2,13,10,25,0,0,11,12,23,0,2,24,22,48,160,0,160,208
06/07/2003,TCL,AL,ASO,ES,Federal Contract Tower,0,0,20,9,29,0,1,19,9,29,0,1,39,18,58,154,4,158,216
06/08/2003,TCL,AL,ASO,ES,Federal Contract Tower,0,7,21,8,36,0,0,55,14,69,0,7,76,22,105,180,0,180,285
06/09/2003,TCL,AL,ASO,ES,Federal Contract Tower,0,5,24,15,44,0,0,52,23,75,0,5,76,38,119,68,6,74,193
06/10/2003,TCL,AL,ASO,ES,Federal Contract Tower,0,7,24,29,60,0,1,41,49,91,0,8,65,78,151,84,0,84,235
06/11/2003,TCL,AL,ASO,ES,Federal Contract Tower,0,3,29,8,40,0,1,30,9,40,0,4,59,17,80,64,18,82,162
06/12/2003,TCL,AL,ASO,ES,Federal Contract Tower,0,7,29,10,46,0,0,13,12,25,0,7,42,22,71,36,10,46,117
06/13/2003,TCL,AL,ASO,ES,Federal Contract Tower,0,7,29,8,44,0,1,35,11,47,0,8,64,19,91,208,10,218,309
06/14/2003,TCL,AL,ASO,ES,Federal Contract Tower,0,2,23,3,28,0,0,9,3,12,0,2,32,6,40,118,8,126,166
06/15/2003,TCL,AL,ASO,ES,Federal Contract Tower,0,6,28,4,38,0,1,39,3,43,0,7,67,7,81,176,10,186,267
06/16/2003,TCL,AL,ASO,ES,Federal Contract Tower,0,1,24,24,49,0,0,45,26,71,0,1,69,50,120,108,8,116,236
06/17/2003,TCL,AL,ASO,ES,Federal Contract Tower,0,6,20,20,46,0,0,31,40,71,0,6,51,60,117,74,32,106,223
06/18/2003,TCL,AL,ASO,ES,Federal Contract Tower,0,2,15,26,43,0,1,36,22,59,0,3,51,48,102,56,12,68,170
06/19/2003,TCL,AL,ASO,ES,Federal Contract Tower,0,3,17,20,40,0,0,21,33,54,0,3,38,53,94,70,6,76,170
06/20/2003,TCL,AL,ASO,ES,Federal Contract Tower,0,3,42,20,65,0,0,41,25,66,0,3,83,45,131,84,4,88,219
06/21/2003,TCL,AL,ASO,ES,Federal Contract Tower,0,1,28,0,29,0,0,68,4,72,0,1,96,4,101,194,0,194,295
06/22/2003,TCL,AL,ASO,ES,Federal Contract Tower,0,8,20,11,39,0,0,71,22,93,0,8,91,33,132,154,0,154,286
06/23/2003,TCL,AL,ASO,ES,Federal Contract Tower,0,0,16,17,33,0,0,47,43,90,0,0,63,60,123,58,16,74,197
06/24/2003,TCL,AL,ASO,ES,Federal Contract Tower,0,0,22,21,43,0,0,54,45,99,0,0,76,66,142,42,4,46,188
06/25/2003,TCL,AL,ASO,ES,Federal Contract Tower,2,0,19,17,38,0,1,59,40,100,2,1,78,57,138,54,26,80,218
06/26/2003,TCL,AL,ASO,ES,Federal Contract Tower,2,2,18,10,32,0,0,46,52,98,2,2,64,62,130,52,26,78,208
06/27/2003,TCL,AL,ASO,ES,Federal Contract Tower,2,3,28,7,40,0,1,6,9,16,2,4,34,16,56,20,36,56,112
06/28/2003,TCL,AL,ASO,ES,Federal Contract Tower,0,3,13,38,54,0,0,38,45,83,0,3,51,83,137,126,100,226,363
06/29/2003,TCL,AL,ASO,ES,Federal Contract Tower,0,4,14,7,25,0,0,36,25,61,0,4,50,32,86,104,94,198,284
06/30/2003,TCL,AL,ASO,ES,Federal Contract Tower,0,2,5,9,16,0,0,8,8,16,0,2,13,17,32,70,56,126,158
07/01/2003,TCL,AL,ASO,ES,Federal Contract Tower,0,3,12,11,26,0,0,6,10,16,0,3,18,21,42,0,0,0,42
07/02/2003,TCL,AL,ASO,ES,Federal Contract Tower,0,2,17,22,41,0,1,54,45,100,0,3,71,67,141,84,4,88,229
07/03/2003,TCL,AL,ASO,ES,Federal Contract Tower,0,1,21,1,23,0,1,40,5,46,0,2,61,6,69,72,8,80,149
07/04/2003,TCL,AL,ASO,ES,Federal Contract Tower,0,0,5,4,9,0,0,28,2,30,0,0,33,6,39,86,0,86,125
07/05/2003,TCL,AL,ASO,ES,Federal Contract Tower,0,1,14,0,15,0,0,29,0,29,0,1,43,0,44,122,12,134,178
07/06/2003,TCL,AL,ASO,ES,Federal Contract Tower,0,5,29,3,37,0,0,22,3,25,0,5,51,6,62,100,8,108,170
07/07/2003,TCL,AL,ASO,ES,Federal Contract Tower,0,4,12,7,23,0,1,29,23,53,0,5,41,30,76,58,2,60,136
07/08/2003,TCL,AL,ASO,ES,Federal Contract Tower,0,1,21,21,43,0,1,35,16,52,0,2,56,37,95,77,48,125,220
07/09/2003,TCL,AL,ASO,ES,Federal Contract Tower,0,1,17,14,32,0,1,39,17,57,0,2,56,31,89,34,6,40,129
07/10/2003,TCL,AL,ASO,ES,Federal Contract Tower,0,4,11,7,22,0,0,30,11,41,0,4,41,18,63,10,0,10,73
07/11/2003,TCL,AL,ASO,ES,Federal Contract Tower,0,2,19,9,30,0,0,30,9,39,0,2,49,18,69,118,0,118,187
07/12/2003,TCL,AL,ASO,ES,Federal Contract Tower,0,1,16,9,26,0,0,35,9,44,0,1,51,18,70,28,48,76,146
07/13/2003,TCL,AL,ASO,ES,Federal Contract Tower,0,2,16,12,30,0,0,38,17,55,0,2,54,29,85,102,22,124,209
07/14/2003,TCL,AL,ASO,ES,Federal Contract Tower,0,3,30,20,53,0,1,41,36,78,0,4,71,56,131,92,26,118,249
07/15/2003,TCL,AL,ASO,ES,Federal Contract Tower,0,2,25,15,42,0,0,67,27,94,0,2,92,42,136,56,50,106,242
07/16/2003,TCL,AL,ASO,ES,Federal Contract Tower,0,5,32,9,46,0,1,37,17,55,0,6,69,26,101,58,2,60,161
07/17/2003,TCL,AL,ASO,ES,Federal Contract Tower,0,2,37,21,60,0,1,37,29,67,0,3,74,50,127,40,48,88,215
07/18/2003,TCL,AL,ASO,ES,Federal Contract Tower,0,2,36,8,46,0,0,38,9,47,0,2,74,17,93,116,16,132,225
07/19/2003,TCL,AL,ASO,ES,Federal Contract Tower,0,1,16,5,22,0,0,43,12,55,0,1,59,17,77,116,0,116,193
07/20/2003,TCL,AL,ASO,ES,Federal Contract Tower,0,0,20,4,24,0,0,42,7,49,0,0,62,11,73,102,8,110,183
07/21/2003,TCL,AL,ASO,ES,Federal Contract Tower,0,1,14,19,34,0,1,28,22,51,0,2,42,41,85,24,0,24,109
07/22/2003,TCL,AL,ASO,ES,Federal Contract Tower,0,4,20,15,39,0,0,10,9,19,0,4,30,24,58,44,0,44,102
07/23/2003,TCL,AL,ASO,ES,Federal Contract Tower,0,1,15,15,31,0,0,50,25,75,0,1,65,40,106,40,24,64,170
07/24/2003,TCL,AL,ASO,ES,Federal Contract Tower,0,5,29,22,56,0,0,63,40,103,0,5,92,62,159,72,40,112,271
07/25/2003,TCL,AL,ASO,ES,Federal Contract Tower,0,3,27,15,45,0,1,53,38,92,0,4,80,53,137,114,12,126,263
07/26/2003,TCL,AL,ASO,ES,Federal Contract Tower,0,4,15,7,26,0,0,45,13,58,0,4,60,20,84,94,10,104,188
07/27/2003,TCL,AL,ASO,ES,Federal Contract Tower,0,0,19,10,29,0,0,46,1,47,0,0,65,11,76,138,6,144,220
07/28/2003,TCL,AL,ASO,ES,Federal Contract Tower,1,4,21,26,52,0,0,50,26,76,1,4,71,52,128,64,2,66,194
07/29/2003,TCL,AL,ASO,ES,Federal Contract Tower,0,0,24,13,37,0,0,42,30,72,0,0,66,43,109,58,10,68,177
07/30/2003,TCL,AL,ASO,ES,Federal Contract Tower,1,5,17,9,32,0,0,56,28,84,1,5,73,37,116,122,26,148,264
07/31/2003,TCL,AL,ASO,ES,Federal Contract Tower,0,4,21,4,29,0,0,18,15,33,0,4,39,19,62,20,0,20,82
08/01/2003,TCL,AL,ASO,ES,Federal Contract Tower,0,3,26,22,51,0,0,32,22,54,0,3,58,44,105,64,38,102,207
08/02/2003,TCL,AL,ASO,ES,Federal Contract Tower,0,1,18,5,24,0,0,17,7,24,0,1,35,12,48,22,10,32,80
08/03/2003,TCL,AL,ASO,ES,Federal Contract Tower,0,2,17,2,21,0,0,26,2,28,0,2,43,4,49,96,0,96,145
08/04/2003,TCL,AL,ASO,ES,Federal Contract Tower,0,6,5,28,39,0,1,23,35,59,0,7,28,63,98,57,60,117,215
08/05/2003,TCL,AL,ASO,ES,Federal Contract Tower,0,0,14,14,28,0,0,11,38,49,0,0,25,52,77,64,4,68,145
08/06/2003,TCL,AL,ASO,ES,Federal Contract Tower,0,2,12,16,30,0,0,26,20,46,0,2,38,36,76,56,0,56,132
08/07/2003,TCL,AL,ASO,ES,Federal Contract Tower,0,0,27,30,57,0,0,50,51,101,0,0,77,81,158,34,10,44,202
08/08/2003,TCL,AL,ASO,ES,Federal Contract Tower,0,0,21,25,46,0,1,56,46,103,0,1,77,71,149,62,28,90,239
08/09/2003,TCL,AL,ASO,ES,Federal Contract Tower,0,0,19,22,41,0,0,66,28,94,0,0,85,50,135,116,12,128,263
08/10/2003,TCL,AL,ASO,ES,Federal Contract Tower,0,0,17,0,17,0,0,42,6,48,0,0,59,6,65,138,0,138,203
08/11/2003,TCL,AL,ASO,ES,Federal Contract Tower,0,0,30,26,56,0,0,44,50,94,0,0,74,76,150,38,26,64,214
08/12/2003,TCL,AL,ASO,ES,Federal Contract Tower,0,0,31,11,42,0,0,31,17,48,0,0,62,28,90,12,24,36,126
08/13/2003,TCL,AL,ASO,ES,Federal Contract Tower,0,0,22,7,29,0,0,22,11,33,0,0,44,18,62,18,6,24,86
08/14/2003,TCL,AL,ASO,ES,Federal Contract Tower,0,0,21,22,43,0,0,66,52,118,0,0,87,74,161,44,30,74,235
08/15/2003,TCL,AL,ASO,ES,Federal Contract Tower,0,0,25,15,40,0,0,56,35,91,0,0,81,50,131,66,40,106,237
08/16/2003,TCL,AL,ASO,ES,Federal Contract Tower,0,0,19,4,23,0,0,21,2,23,0,0,40,6,46,74,0,74,120
08/17/2003,TCL,AL,ASO,ES,Federal Contract Tower,0,1,24,14,39,0,0,48,26,74,0,1,72,40,113,158,14,172,285
08/18/2003,TCL,AL,ASO,ES,Federal Contract Tower,0,0,26,18,44,0,0,36,21,57,0,0,62,39,101,12,32,44,145
08/19/2003,TCL,AL,ASO,ES,Federal Contract Tower,0,0,14,16,30,0,0,32,30,62,0,0,46,46,92,44,6,50,142
08/20/2003,TCL,AL,ASO,ES,Federal Contract Tower,0,4,23,13,40,0,1,30,22,53,0,5,53,35,93,16,6,22,115
08/21/2003,TCL,AL,ASO,ES,Federal Contract Tower,0,0,35,20,55,0,0,33,30,63,0,0,68,50,118,38,10,48,166
08/22/2003,TCL,AL,ASO,ES,Federal Contract Tower,0,2,16,28,46,0,0,48,31,79,0,2,64,59,125,106,50,156,281
08/23/2003,TCL,AL,ASO,ES,Federal Contract Tower,0,0,11,2,13,0,0,53,5,58,0,0,64,7,71,130,0,130,201
08/24/2003,TCL,AL,ASO,ES,Federal Contract Tower,0,4,22,3,29,0,1,81,3,85,0,5,103,6,114,124,0,124,238
08/25/2003,TCL,AL,ASO,ES,Federal Contract Tower,0,3,13,34,50,0,0,43,40,83,0,3,56,74,133,110,20,130,263
08/26/2003,TCL,AL,ASO,ES,Federal Contract Tower,0,3,20,34,57,0,0,50,42,92,0,3,70,76,149,62,36,98,247
08/27/2003,TCL,AL,ASO,ES,Federal Contract Tower,0,3,25,22,50,0,0,31,22,53,0,3,56,44,103,22,38,60,163
08/28/2003,TCL,AL,ASO,ES,Federal Contract Tower,0,4,31,23,58,0,2,52,25,79,0,6,83,48,137,80,10,90,227
08/29/2003,TCL,AL,ASO,ES,Federal Contract Tower,0,3,39,25,67,0,0,40,43,83,0,3,79,68,150,80,36,116,266
08/30/2003,TCL,AL,ASO,ES,Federal Contract Tower,0,0,10,0,10,0,0,28,2,30,0,0,38,2,40,130,12,142,182
08/31/2003,TCL,AL,ASO,ES,Federal Contract Tower,0,4,8,0,12,0,2,33,0,35,0,6,41,0,47,118,0,118,165
09/01/2003,TCL,AL,ASO,ES,Federal Contract Tower,0,1,30,5,36,0,0,76,9,85,0,1,106,14,121,96,6,102,223
09/02/2003,TCL,AL,ASO,ES,Federal Contract Tower,0,5,20,23,48,0,0,39,44,83,0,5,59,67,131,58,26,84,215
09/03/2003,TCL,AL,ASO,ES,Federal Contract Tower,0,3,17,10,30,0,1,25,18,44,0,4,42,28,74,74,0,74,148
09/04/2003,TCL,AL,ASO,ES,Federal Contract Tower,0,2,25,14,41,0,0,31,62,93,0,2,56,76,134,44,16,60,194
09/05/2003,TCL,AL,ASO,ES,Federal Contract Tower,0,2,42,14,58,0,0,87,42,129,0,2,129,56,187,48,70,118,305
09/06/2003,TCL,AL,ASO,ES,Federal Contract Tower,4,22,138,1,165,0,0,101,10,111,4,22,239,11,276,60,0,60,336
09/07/2003,TCL,AL,ASO,ES,Federal Contract Tower,0,4,41,9,54,0,0,72,8,80,0,4,113,17,134,81,12,93,227
09/08/2003,TCL,AL,ASO,ES,Federal Contract Tower,0,2,32,10,44,0,0,28,14,42,0,2,60,24,86,66,0,66,152
09/09/2003,TCL,AL,ASO,ES,Federal Contract Tower,0,0,28,19,47,0,0,54,35,89,0,0,82,54,136,94,38,132,268
09/10/2003,TCL,AL,ASO,ES,Federal Contract Tower,0,2,30,18,50,0,0,34,26,60,0,2,64,44,110,16,14,30,140
09/11/2003,TCL,AL,ASO,ES,Federal Contract Tower,0,5,28,9,42,0,0,45,17,62,0,5,73,26,104,58,0,58,162
09/12/2003,TCL,AL,ASO,ES,Federal Contract Tower,0,5,43,5,53,0,1,65,15,81,0,6,108,20,134,86,6,92,226
09/13/2003,TCL,AL,ASO,ES,Federal Contract Tower,2,1,49,4,56,0,0,45,8,53,2,1,94,12,109,94,0,94,203
09/14/2003,TCL,AL,ASO,ES,Federal Contract Tower,0,5,25,3,33,0,0,38,2,40,0,5,63,5,73,8,0,8,81
09/15/2003,TCL,AL,ASO,ES,Federal Contract Tower,0,2,20,21,43,0,0,38,29,67,0,2,58,50,110,14,8,22,132
09/16/2003,TCL,AL,ASO,ES,Federal Contract Tower,0,3,18,16,37,0,1,92,28,121,0,4,110,44,158,64,6,70,228
09/17/2003,TCL,AL,ASO,ES,Federal Contract Tower,0,1,24,25,50,0,0,43,41,84,0,1,67,66,134,56,14,70,204
09/18/2003,TCL,AL,ASO,ES,Federal Contract Tower,0,4,30,6,40,0,0,45,8,53,0,4,75,14,93,28,0,28,121
09/19/2003,TCL,AL,ASO,ES,Federal Contract Tower,0,4,35,14,53,0,0,66,20,86,0,4,101,34,139,80,6,86,225
09/20/2003,TCL,AL,ASO,ES,Federal Contract Tower,0,0,41,6,47,0,0,63,5,68,0,0,104,11,115,114,6,120,235
09/21/2003,TCL,AL,ASO,ES,Federal Contract Tower,0,9,31,3,43,0,0,6,0,6,0,9,37,3,49,0,0,0,49
09/22/2003,TCL,AL,ASO,ES,Federal Contract Tower,0,1,24,7,32,0,0,12,4,16,0,1,36,11,48,44,0,44,92
09/23/2003,TCL,AL,ASO,ES,Federal Contract Tower,0,7,11,9,27,0,0,57,24,81,0,7,68,33,108,26,6,32,140
09/24/2003,TCL,AL,ASO,ES,Federal Contract Tower,0,2,9,5,16,0,3,40,26,69,0,5,49,31,85,30,0,30,115
09/25/2003,TCL,AL,ASO,ES,Federal Contract Tower,0,3,26,10,39,0,0,42,21,63,0,3,68,31,102,28,0,28,130
09/26/2003,TCL,AL,ASO,ES,Federal Contract Tower,1,6,30,9,46,0,1,47,15,63,1,7,77,24,109,70,0,70,179
09/27/2003,TCL,AL,ASO,ES,Federal Contract Tower,3,8,79,1,91,0,0,54,2,56,3,8,133,3,147,68,0,68,215
09/28/2003,TCL,AL,ASO,ES,Federal Contract Tower,0,1,29,0,30,0,0,49,8,57,0,1,78,8,87,44,0,44,131
09/29/2003,TCL,AL,ASO,ES,Federal Contract Tower,0,6,24,9,39,0,0,73,9,82,0,6,97,18,121,30,0,30,151
09/30/2003,TCL,AL,ASO,ES,Federal Contract Tower,0,7,29,6,42,0,0,60,16,76,0,7,89,22,118,18,18,36,154
10/01/2003,TCL,AL,ASO,ES,Federal Contract Tower,0,2,18,9,29,0,1,42,38,81,0,3,60,47,110,82,8,90,200
10/02/2003,TCL,AL,ASO,ES,Federal Contract Tower,0,4,30,15,49,0,0,50,24,74,0,4,80,39,123,56,22,78,201
10/03/2003,TCL,AL,ASO,ES,Federal Contract Tower,0,3,18,9,30,0,2,64,43,109,0,5,82,52,139,40,6,46,185
10/04/2003,TCL,AL,ASO,ES,Federal Contract Tower,0,3,20,4,27,0,2,76,0,78,0,5,96,4,105,66,0,66,171
10/05/2003,TCL,AL,ASO,ES,Federal Contract Tower,0,2,16,8,26,0,6,50,1,57,0,8,66,9,83,88,0,88,171
10/06/2003,TCL,AL,ASO,ES,Federal Contract Tower,0,4,27,13,44,0,0,11,39,50,0,4,38,52,94,72,22,94,188
10/07/2003,TCL,AL,ASO,ES,Federal Contract Tower,0,1,25,13,39,0,0,21,27,48,0,1,46,40,87,58,12,70,157
10/08/2003,TCL,AL,ASO,ES,Federal Contract Tower,0,3,26,12,41,0,0,23,16,39,0,3,49,28,80,96,14,110,190
10/09/2003,TCL,AL,ASO,ES,Federal Contract Tower,0,5,32,15,52,0,0,36,23,59,0,5,68,38,111,42,0,42,153
10/10/2003,TCL,AL,ASO,ES,Federal Contract Tower,0,7,37,18,62,0,0,9,12,21,0,7,46,30,83,0,0,0,83
10/11/2003,TCL,AL,ASO,ES,Federal Contract Tower,0,4,36,4,44,0,0,31,0,31,0,4,67,4,75,76,0,76,151
10/12/2003,TCL,AL,ASO,ES,Federal Contract Tower,0,4,31,10,45,2,0,70,0,72,2,4,101,10,117,98,0,98,215
10/13/2003,TCL,AL,ASO,ES,Federal Contract Tower,0,3,17,8,28,0,0,48,5,53,0,3,65,13,81,138,14,152,233
10/14/2003,TCL,AL,ASO,ES,Federal Contract Tower,0,0,14,7,21,0,0,24,24,48,0,0,38,31,69,34,0,34,103
10/15/2003,TCL,AL,ASO,ES,Federal Contract Tower,0,2,15,7,24,0,0,68,30,98,0,2,83,37,122,74,18,92,214
10/16/2003,TCL,AL,ASO,ES,Federal Contract Tower,0,1,23,11,35,0,0,67,25,92,0,1,90,36,127,126,10,136,263
10/17/2003,TCL,AL,ASO,ES,Federal Contract Tower,0,4,35,16,55,2,0,21,7,30,2,4,56,23,85,8,0,8,93
10/18/2003,TCL,AL,ASO,ES,Federal Contract Tower,0,0,24,10,34,0,0,46,17,63,0,0,70,27,97,50,6,56,153
10/19/2003,TCL,AL,ASO,ES,Federal Contract Tower,0,4,19,8,31,0,1,72,31,104,0,5,91,39,135,84,16,100,235
10/20/2003,TCL,AL,ASO,ES,Federal Contract Tower,0,3,15,6,24,0,0,56,30,86,0,3,71,36,110,80,0,80,190
10/21/2003,TCL,AL,ASO,ES,Federal Contract Tower,0,2,22,10,34,0,0,25,56,81,0,2,47,66,115,40,30,70,185
10/22/2003,TCL,AL,ASO,ES,Federal Contract Tower,0,2,32,15,49,2,0,46,53,101,2,2,78,68,150,86,34,120,270
10/23/2003,TCL,AL,ASO,ES,Federal Contract Tower,0,4,27,13,44,0,3,41,59,103,0,7,68,72,147,42,8,50,197
10/24/2003,TCL,AL,ASO,ES,Federal Contract Tower,0,5,35,16,56,0,3,68,41,112,0,8,103,57,168,80,16,96,264
10/25/2003,TCL,AL,ASO,ES,Federal Contract Tower,0,11,73,4,88,2,13,53,0,68,2,24,126,4,156,156,22,178,334
10/26/2003,TCL,AL,ASO,ES,Federal Contract Tower,0,3,24,8,35,0,0,14,0,14,0,3,38,8,49,86,0,86,135
10/27/2003,TCL,AL,ASO,ES,Federal Contract Tower,0,5,33,16,54,0,0,41,22,63,0,5,74,38,117,6,32,38,155
10/28/2003,TCL,AL,ASO,ES,Federal Contract Tower,0,1,31,15,47,0,0,36,45,81,0,1,67,60,128,70,16,86,214
10/29/2003,TCL,AL,ASO,ES,Federal Contract Tower,0,3,21,9,33,0,3,41,45,89,0,6,62,54,122,136,6,142,264
10/30/2003,TCL,AL,ASO,ES,Federal Contract Tower,0,2,25,12,39,0,0,65,52,117,0,2,90,64,156,68,20,88,244
10/31/2003,TCL,AL,ASO,ES,Federal Contract Tower,0,3,25,12,40,2,0,56,30,88,2,3,81,42,128,78,20,98,226
11/01/2003,TCL,AL,ASO,ES,Federal Contract Tower,0,0,5,3,8,0,0,62,3,65,0,0,67,6,73,66,0,66,139
11/02/2003,TCL,AL,ASO,ES,Federal Contract Tower,0,2,19,2,23,0,0,62,0,62,0,2,81,2,85,46,4,50,135
11/03/2003,TCL,AL,ASO,ES,Federal Contract Tower,0,2,12,6,20,0,8,22,30,60,0,10,34,36,80,80,0,80,160
11/04/2003,TCL,AL,ASO,ES,Federal Contract Tower,0,0,22,12,34,0,0,39,36,75,0,0,61,48,109,74,8,82,191
11/05/2003,TCL,AL,ASO,ES,Federal Contract Tower,0,4,25,13,42,0,1,19,10,30,0,5,44,23,72,58,0,58,130
11/06/2003,TCL,AL,ASO,ES,Federal Contract Tower,0,3,32,15,50,0,0,15,33,48,0,3,47,48,98,38,14,52,150
11/07/2003,TCL,AL,ASO,ES,Federal Contract Tower,0,6,35,17,58,0,1,34,30,65,0,7,69,47,123,30,6,36,159
11/08/2003,TCL,AL,ASO,ES,Federal Contract Tower,0,3,17,9,29,0,0,103,22,125,0,3,120,31,154,68,76,144,298
11/09/2003,TCL,AL,ASO,ES,Federal Contract Tower,0,4,33,17,54,0,0,63,17,80,0,4,96,34,134,48,46,94,228
11/10/2003,TCL,AL,ASO,ES,Federal Contract Tower,0,5,24,12,41,0,1,47,42,90,0,6,71,54,131,88,0,88,219
11/11/2003,TCL,AL,ASO,ES,Federal Contract Tower,0,2,13,6,21,0,0,56,6,62,0,2,69,12,83,102,0,102,185
11/12/2003,TCL,AL,ASO,ES,Federal Contract Tower,0,1,24,12,37,0,0,20,32,52,0,1,44,44,89,58,18,76,165
11/13/2003,TCL,AL,ASO,ES,Federal Contract Tower,0,4,24,12,40,0,0,23,41,64,0,4,47,53,104,44,4,48,152
11/14/2003,TCL,AL,ASO,ES,Federal Contract Tower,0,6,33,16,55,0,2,73,20,95,0,8,106,36,150,131,12,143,293
11/15/2003,TCL,AL,ASO,ES,Federal Contract Tower,0,11,61,6,78,2,2,135,0,139,2,13,196,6,217,164,0,164,381
11/16/2003,TCL,AL,ASO,ES,Federal Contract Tower,0,5,25,10,40,0,3,22,0,25,0,8,47,10,65,24,0,24,89
11/17/2003,TCL,AL,ASO,ES,Federal Contract Tower,0,4,23,12,39,0,0,21,10,31,0,4,44,22,70,24,0,24,94
11/18/2003,TCL,AL,ASO,ES,Federal Contract Tower,0,1,8,0,9,0,1,3,0,4,0,2,11,0,13,18,20,38,51
11/19/2003,TCL,AL,ASO,ES,Federal Contract Tower,0,4,25,11,40,0,0,11,25,36,0,4,36,36,76,22,16,38,114
11/20/2003,TCL,AL,ASO,ES,Federal Contract Tower,0,4,30,15,49,0,0,49,45,94,0,4,79,60,143,70,24,94,237
11/21/2003,TCL,AL,ASO,ES,Federal Contract Tower,0,3,23,11,37,0,0,49,35,84,0,3,72,46,121,104,38,142,263
11/22/2003,TCL,AL,ASO,ES,Federal Contract Tower,0,2,13,5,20,0,0,67,2,69,0,2,80,7,89,124,14,138,227
11/23/2003,TCL,AL,ASO,ES,Federal Contract Tower,0,0,19,8,27,2,0,31,10,43,2,0,50,18,70,86,4,90,160
11/24/2003,TCL,AL,ASO,ES,Federal Contract Tower,0,3,19,9,31,2,1,0,43,46,2,4,19,52,77,38,6,44,121
11/25/2003,TCL,AL,ASO,ES,Federal Contract Tower,0,6,40,19,65,0,2,45,70,117,0,8,85,89,182,96,30,126,308
11/26/2003,TCL,AL,ASO,ES,Federal Contract Tower,0,5,31,14,50,0,6,32,28,66,0,11,63,42,116,64,0,64,180
11/27/2003,TCL,AL,ASO,ES,Federal Contract Tower,0,0,4,0,4,0,0,1,0,1,0,0,5,0,5,2,0,2,7
11/28/2003,TCL,AL,ASO,ES,Federal Contract Tower,0,1,7,0,8,2,3,9,0,14,2,4,16,0,22,40,0,40,62
11/29/2003,TCL,AL,ASO,ES,Federal Contract Tower,0,1,8,0,9,0,0,75,0,75,0,1,83,0,84,86,0,86,170
11/30/2003,TCL,AL,ASO,ES,Federal Contract Tower,0,3,19,6,28,0,7,37,0,44,0,10,56,6,72,68,42,110,182
12/01/2003,TCL,AL,ASO,ES,Federal Contract Tower,0,4,25,19,48,0,0,29,46,75,0,4,54,65,123,44,18,62,185
12/02/2003,TCL,AL,ASO,ES,Federal Contract Tower,0,4,27,21,52,0,0,37,41,78,0,4,64,62,130,26,10,36,166
12/03/2003,TCL,AL,ASO,ES,Federal Contract Tower,0,3,26,20,49,0,0,33,52,85,0,3,59,72,134,20,4,24,158
12/04/2003,TCL,AL,ASO,ES,Federal Contract Tower,0,3,12,0,15,0,1,8,0,9,0,4,20,0,24,0,0,0,24
12/05/2003,TCL,AL,ASO,ES,Federal Contract Tower,0,2,33,25,60,0,0,17,36,53,0,2,50,61,113,6,4,10,123
12/06/2003,TCL,AL,ASO,ES,Federal Contract Tower,0,0,10,4,14,0,0,34,0,34,0,0,44,4,48,44,0,44,92
12/07/2003,TCL,AL,ASO,ES,Federal Contract Tower,0,1,16,12,29,0,0,64,16,80,0,1,80,28,109,100,12,112,221
12/08/2003,TCL,AL,ASO,ES,Federal Contract Tower,0,4,26,19,49,0,0,25,64,89,0,4,51,83,138,46,8,54,192
12/09/2003,TCL,AL,ASO,ES,Federal Contract Tower,0,5,28,22,55,0,0,10,56,66,0,5,38,78,121,22,14,36,157
12/10/2003,TCL,AL,ASO,ES,Federal Contract Tower,0,3,16,6,25,0,3,24,0,27,0,6,40,6,52,2,0,2,54
12/11/2003,TCL,AL,ASO,ES,Federal Contract Tower,0,5,31,24,60,0,0,48,44,92,0,5,79,68,152,102,18,120,272
12/12/2003,TCL,AL,ASO,ES,Federal Contract Tower,0,4,24,18,46,0,0,62,44,106,0,4,86,62,152,26,24,50,202
12/13/2003,TCL,AL,ASO,ES,Federal Contract Tower,0,3,12,5,20,0,1,24,0,25,0,4,36,5,45,66,0,66,111
12/14/2003,TCL,AL,ASO,ES,Federal Contract Tower,0,3,13,9,25,0,0,1,6,7,0,3,14,15,32,34,0,34,66
12/15/2003,TCL,AL,ASO,ES,Federal Contract Tower,0,2,29,22,53,0,0,44,26,70,0,2,73,48,123,20,4,24,147
12/16/2003,TCL,AL,ASO,ES,Federal Contract Tower,0,5,29,20,54,0,1,16,23,40,0,6,45,43,94,10,0,10,104
12/17/2003,TCL,AL,ASO,ES,Federal Contract Tower,0,1,36,25,62,0,0,32,63,95,0,1,68,88,157,60,0,60,217
12/18/2003,TCL,AL,ASO,ES,Federal Contract Tower,0,5,26,18,49,0,4,43,44,91,0,9,69,62,140,44,8,52,192
12/19/2003,TCL,AL,ASO,ES,Federal Contract Tower,0,6,30,21,57,0,0,38,45,83,0,6,68,66,140,62,28,90,230
12/20/2003,TCL,AL,ASO,ES,Federal Contract Tower,0,4,23,16,43,0,3,59,14,76,0,7,82,30,119,70,16,86,205
12/21/2003,TCL,AL,ASO,ES,Federal Contract Tower,0,2,13,8,23,0,0,59,10,69,0,2,72,18,92,46,18,64,156
12/22/2003,TCL,AL,ASO,ES,Federal Contract Tower,0,4,27,20,51,0,0,58,28,86,0,4,85,48,137,96,34,130,267
12/23/2003,TCL,AL,ASO,ES,Federal Contract Tower,0,1,12,7,20,0,5,15,0,20,0,6,27,7,40,28,0,28,68
12/24/2003,TCL,AL,ASO,ES,Federal Contract Tower,0,0,10,6,16,0,0,26,0,26,0,0,36,6,42,20,0,20,62
12/25/2003,TCL,AL,ASO,ES,Federal Contract Tower,0,0,2,0,2,0,0,15,0,15,0,0,17,0,17,16,0,16,33
12/26/2003,TCL,AL,ASO,ES,Federal Contract Tower,0,1,10,0,11,0,6,62,0,68,0,7,72,0,79,104,0,104,183
12/27/2003,TCL,AL,ASO,ES,Federal Contract Tower,0,1,10,2,13,0,1,79,0,80,0,2,89,2,93,100,0,100,193
12/28/2003,TCL,AL,ASO,ES,Federal Contract Tower,0,0,12,6,18,2,0,60,0,62,2,0,72,6,80,86,0,86,166
12/29/2003,TCL,AL,ASO,ES,Federal Contract Tower,0,0,6,0,6,0,3,9,0,12,0,3,15,0,18,0,0,0,18
12/30/2003,TCL,AL,ASO,ES,Federal Contract Tower,0,2,15,10,27,0,2,63,10,75,0,4,78,20,102,80,14,94,196
12/31/2003,TCL,AL,ASO,ES,Federal Contract Tower,0,2,16,6,24,2,4,62,0,68,2,6,78,6,92,60,0,60,152
01/01/2004,TCL,AL,ASO,ES,Federal Contract Tower,0,0,5,0,5,0,0,55,0,55,0,0,60,0,60,46,0,46,106
01/02/2004,TCL,AL,ASO,ES,Federal Contract Tower,0,1,10,5,16,0,6,4,0,10,0,7,14,5,26,10,2,12,38
01/03/2004,TCL,AL,ASO,ES,Federal Contract Tower,0,0,11,0,11,0,0,19,0,19,0,0,30,0,30,42,0,42,72
01/04/2004,TCL,AL,ASO,ES,Federal Contract Tower,0,3,14,0,17,0,2,16,0,18,0,5,30,0,35,78,0,78,113
01/05/2004,TCL,AL,ASO,ES,Federal Contract Tower,0,3,12,8,23,0,3,0,12,15,0,6,12,20,38,0,0,0,38
01/06/2004,TCL,AL,ASO,ES,Federal Contract Tower,0,2,24,11,37,0,0,43,31,74,0,2,67,42,111,36,36,72,183
01/07/2004,TCL,AL,ASO,ES,Federal Contract Tower,1,4,19,9,33,1,2,66,17,86,2,6,85,26,119,34,16,50,169
01/08/2004,TCL,AL,ASO,ES,Federal Contract Tower,0,3,22,11,36,0,3,12,13,28,0,6,34,24,64,4,6,10,74
01/09/2004,TCL,AL,ASO,ES,Federal Contract Tower,2,5,29,14,50,2,1,6,8,17,4,6,35,22,67,12,6,18,85
01/10/2004,TCL,AL,ASO,ES,Federal Contract Tower,1,3,17,7,28,3,6,45,0,54,4,9,62,7,82,72,0,72,154
01/11/2004,TCL,AL,ASO,ES,Federal Contract Tower,1,4,26,12,43,0,1,57,34,92,1,5,83,46,135,94,46,140,275
01/12/2004,TCL,AL,ASO,ES,Federal Contract Tower,1,4,23,11,39,0,1,36,27,64,1,5,59,38,103,38,16,54,157
01/13/2004,TCL,AL,ASO,ES,Federal Contract Tower,2,4,28,13,47,0,6,25,33,64,2,10,53,46,111,82,54,136,247
01/14/2004,TCL,AL,ASO,ES,Federal Contract Tower,0,4,32,13,49,0,0,8,38,46,0,4,40,51,95,48,12,60,155
01/15/2004,TCL,AL,ASO,ES,Federal Contract Tower,2,4,27,12,45,0,1,44,49,94,2,5,71,61,139,82,4,86,225
01/16/2004,TCL,AL,ASO,ES,Federal Contract Tower,0,6,33,14,53,0,1,56,33,90,0,7,89,47,143,46,0,46,189
01/17/2004,TCL,AL,ASO,ES,Federal Contract Tower,0,2,9,0,11,0,0,33,0,33,0,2,42,0,44,76,0,76,120
01/18/2004,TCL,AL,ASO,ES,Federal Contract Tower,0,0,15,0,15,0,0,12,0,12,0,0,27,0,27,86,0,86,113
01/19/2004,TCL,AL,ASO,ES,Federal Contract Tower,0,3,14,2,19,0,5,37,0,42,0,8,51,2,61,62,0,62,123
01/20/2004,TCL,AL,ASO,ES,Federal Contract Tower,1,2,28,12,43,1,0,40,36,77,2,2,68,48,120,66,26,92,212
01/21/2004,TCL,AL,ASO,ES,Federal Contract Tower,0,3,38,17,58,0,0,46,45,91,0,3,84,62,149,58,16,74,223
01/22/2004,TCL,AL,ASO,ES,Federal Contract Tower,1,4,30,12,47,1,0,58,23,82,2,4,88,35,129,42,16,58,187
01/23/2004,TCL,AL,ASO,ES,Federal Contract Tower,0,3,23,10,36,0,0,64,22,86,0,3,87,32,122,126,24,150,272
01/24/2004,TCL,AL,ASO,ES,Federal Contract Tower,0,0,17,8,25,0,0,47,3,50,0,0,64,11,75,112,0,112,187
01/25/2004,TCL,AL,ASO,ES,Federal Contract Tower,0,3,18,3,24,0,0,22,0,22,0,3,40,3,46,68,0,68,114
01/26/2004,TCL,AL,ASO,ES,Federal Contract Tower,1,4,26,11,42,1,0,24,9,34,2,4,50,20,76,58,4,62,138
01/27/2004,TCL,AL,ASO,ES,Federal Contract Tower,0,3,20,9,32,0,0,33,13,46,0,3,53,22,78,8,4,12,90
01/28/2004,TCL,AL,ASO,ES,Federal Contract Tower,1,4,25,11,41,3,1,57,37,98,4,5,82,48,139,66,16,82,221
01/29/2004,TCL,AL,ASO,ES,Federal Contract Tower,0,3,21,10,34,0,0,31,37,68,0,3,52,47,102,78,28,106,208
01/30/2004,TCL,AL,ASO,ES,Federal Contract Tower,1,6,36,16,59,1,1,34,25,61,2,7,70,41,120,56,0,56,176
01/31/2004,TCL,AL,ASO,ES,Federal Contract Tower,0,1,11,5,17,0,0,74,6,80,0,1,85,11,97,138,8,146,243
02/01/2004,TCL,AL,ASO,ES,Federal Contract Tower,0,0,9,2,11,0,0,58,0,58,0,0,67,2,69,98,0,98,167
02/02/2004,TCL,AL,ASO,ES,Federal Contract Tower,0,2,16,9,27,0,0,13,3,16,0,2,29,12,43,2,6,8,51
02/03/2004,TCL,AL,ASO,ES,Federal Contract Tower,2,3,28,16,49,0,2,16,32,50,2,5,44,48,99,30,32,62,161
02/04/2004,TCL,AL,ASO,ES,Federal Contract Tower,0,3,22,12,37,0,1,38,42,81,0,4,60,54,118,98,12,110,228
02/05/2004,TCL,AL,ASO,ES,Federal Contract Tower,0,0,5,0,5,0,2,6,0,8,0,2,11,0,13,10,0,10,23
02/06/2004,TCL,AL,ASO,ES,Federal Contract Tower,1,3,24,14,42,5,1,1,4,11,6,4,25,18,53,6,0,6,59
02/07/2004,TCL,AL,ASO,ES,Federal Contract Tower,1,1,15,7,24,3,0,29,0,32,4,1,44,7,56,46,0,46,102
02/08/2004,TCL,AL,ASO,ES,Federal Contract Tower,0,2,17,10,29,0,4,59,12,75,0,6,76,22,104,108,0,108,212
02/09/2004,TCL,AL,ASO,ES,Federal Contract Tower,2,0,36,20,58,0,0,44,36,80,2,0,80,56,138,58,26,84,222
02/10/2004,TCL,AL,ASO,ES,Federal Contract Tower,0,0,14,8,22,0,0,4,10,14,0,0,18,18,36,0,0,0,36
02/11/2004,TCL,AL,ASO,ES,Federal Contract Tower,2,3,25,16,46,2,0,0,55,57,4,3,25,71,103,4,20,24,127
02/12/2004,TCL,AL,ASO,ES,Federal Contract Tower,0,4,30,16,50,0,0,8,16,24,0,4,38,32,74,14,0,14,88
02/13/2004,TCL,AL,ASO,ES,Federal Contract Tower,1,0,28,16,45,3,0,26,43,72,4,0,54,59,117,46,46,92,209
02/14/2004,TCL,AL,ASO,ES,Federal Contract Tower,0,2,14,8,24,2,0,26,4,32,2,2,40,12,56,72,0,72,128
02/15/2004,TCL,AL,ASO,ES,Federal Contract Tower,0,2,11,3,16,0,4,0,0,4,0,6,11,3,20,32,0,32,52
02/16/2004,TCL,AL,ASO,ES,Federal Contract Tower,0,1,17,0,18,0,0,54,0,54,0,1,71,0,72,68,0,68,140
02/17/2004,TCL,AL,ASO,ES,Federal Contract Tower,0,4,28,15,47,0,2,37,25,64,0,6,65,40,111,48,8,56,167
02/18/2004,TCL,AL,ASO,ES,Federal Contract Tower,0,6,35,18,59,0,1,52,42,95,0,7,87,60,154,46,36,82,236
02/19/2004,TCL,AL,ASO,ES,Federal Contract Tower,0,5,32,16,53,0,0,91,20,111,0,5,123,36,164,12,6,18,182
02/20/2004,TCL,AL,ASO,ES,Federal Contract Tower,0,4,31,15,50,0,0,35,42,77,0,4,66,57,127,58,12,70,197
02/21/2004,TCL,AL,ASO,ES,Federal Contract Tower,0,2,12,5,19,0,8,82,1,91,0,10,94,6,110,122,0,122,232
02/22/2004,TCL,AL,ASO,ES,Federal Contract Tower,0,0,18,8,26,0,0,66,0,66,0,0,84,8,92,110,0,110,202
02/23/2004,TCL,AL,ASO,ES,Federal Contract Tower,0,0,27,14,41,0,0,0,40,40,0,0,27,54,81,4,8,12,93
02/24/2004,TCL,AL,ASO,ES,Federal Contract Tower,0,2,32,17,51,0,0,0,48,48,0,2,32,65,99,18,0,18,117
02/25/2004,TCL,AL,ASO,ES,Federal Contract Tower,0,1,11,0,12,0,0,8,0,8,0,1,19,0,20,0,0,0,20
02/26/2004,TCL,AL,ASO,ES,Federal Contract Tower,0,3,28,10,41,0,5,13,0,18,0,8,41,10,59,20,2,22,81
02/27/2004,TCL,AL,ASO,ES,Federal Contract Tower,0,4,32,17,53,0,4,87,30,121,0,8,119,47,174,85,26,111,285
02/28/2004,TCL,AL,ASO,ES,Federal Contract Tower,0,2,19,11,32,0,1,108,6,115,0,3,127,17,147,114,28,142,289
02/29/2004,TCL,AL,ASO,ES,Federal Contract Tower,0,1,12,4,17,0,3,74,0,77,0,4,86,4,94,80,14,94,188
03/01/2004,TCL,AL,ASO,ES,Federal Contract Tower,0,3,20,11,34,0,2,20,11,33,0,5,40,22,67,40,0,40,107
03/02/2004,TCL,AL,ASO,ES,Federal Contract Tower,1,3,21,11,36,1,1,5,3,10,2,4,26,14,46,2,0,2,48
03/03/2004,TCL,AL,ASO,ES,Federal Contract Tower,0,4,26,14,44,0,3,28,14,45,0,7,54,28,89,20,8,28,117
03/04/2004,TCL,AL,ASO,ES,Federal Contract Tower,1,3,25,12,41,1,0,16,42,59,2,3,41,54,100,60,48,108,208
03/05/2004,TCL,AL,ASO,ES,Federal Contract Tower,0,2,14,0,16,0,0,13,0,13,0,2,27,0,29,80,0,80,109
03/06/2004,TCL,AL,ASO,ES,Federal Contract Tower,0,1,16,8,25,0,0,69,0,69,0,1,85,8,94,152,0,152,246
03/07/2004,TCL,AL,ASO,ES,Federal Contract Tower,0,1,11,6,18,0,1,48,6,55,0,2,59,12,73,126,0,126,199
03/08/2004,TCL,AL,ASO,ES,Federal Contract Tower,0,3,20,11,34,0,2,64,29,95,0,5,84,40,129,98,4,102,231
03/09/2004,TCL,AL,ASO,ES,Federal Contract Tower,0,4,25,13,42,0,1,58,37,96,0,5,83,50,138,98,0,98,236
03/10/2004,TCL,AL,ASO,ES,Federal Contract Tower,0,4,25,12,41,0,0,135,36,171,0,4,160,48,212,38,24,62,274
03/11/2004,TCL,AL,ASO,ES,Federal Contract Tower,0,4,27,14,45,0,1,79,18,98,0,5,106,32,143,128,0,128,271
03/12/2004,TCL,AL,ASO,ES,Federal Contract Tower,0,4,19,10,33,0,2,79,21,102,0,6,98,31,135,98,16,114,249
03/13/2004,TCL,AL,ASO,ES,Federal Contract Tower,0,2,9,2,13,0,0,84,0,84,0,2,93,2,97,74,16,90,187
03/14/2004,TCL,AL,ASO,ES,Federal Contract Tower,0,4,22,11,37,0,1,34,8,43,0,5,56,19,80,62,24,86,166
03/15/2004,TCL,AL,ASO,ES,Federal Contract Tower,0,2,33,17,52,0,0,12,37,49,0,2,45,54,101,54,12,66,167
03/16/2004,TCL,AL,ASO,ES,Federal Contract Tower,0,0,16,9,25,0,0,39,21,60,0,0,55,30,85,40,0,40,125
03/17/2004,TCL,AL,ASO,ES,Federal Contract Tower,0,4,26,13,43,0,0,62,29,91,0,4,88,42,134,30,10,40,174
03/18/2004,TCL,AL,ASO,ES,Federal Contract Tower,0,4,21,10,35,2,1,46,22,71,2,5,67,32,106,76,0,76,182
03/19/2004,TCL,AL,ASO,ES,Federal Contract Tower,0,4,32,15,51,0,0,73,28,101,0,4,105,43,152,86,26,112,264
03/20/2004,TCL,AL,ASO,ES,Federal Contract Tower,0,3,14,6,23,0,0,58,2,60,0,3,72,8,83,110,0,110,193
03/21/2004,TCL,AL,ASO,ES,Federal Contract Tower,0,3,17,8,28,0,1,23,6,30,0,4,40,14,58,56,4,60,118
03/22/2004,TCL,AL,ASO,ES,Federal Contract Tower,0,3,20,8,31,0,0,33,16,49,0,3,53,24,80,4,0,4,84
03/23/2004,TCL,AL,ASO,ES,Federal Contract Tower,0,3,30,14,47,2,0,50,51,103,2,3,80,65,150,52,8,60,210
03/24/2004,TCL,AL,ASO,ES,Federal Contract Tower,0,5,27,12,44,2,2,48,20,72,2,7,75,32,116,78,14,92,208
03/25/2004,TCL,AL,ASO,ES,Federal Contract Tower,0,3,18,8,29,0,2,65,12,79,0,5,83,20,108,66,0,66,174
03/26/2004,TCL,AL,ASO,ES,Federal Contract Tower,0,3,23,11,37,0,2,67,17,86,0,5,90,28,123,52,0,52,175
03/27/2004,TCL,AL,ASO,ES,Federal Contract Tower,0,1,10,2,13,0,2,55,0,57,0,3,65,2,70,84,28,112,182
03/28/2004,TCL,AL,ASO,ES,Federal Contract Tower,0,2,15,7,24,2,0,48,9,59,2,2,63,16,83,94,0,94,177
03/29/2004,TCL,AL,ASO,ES,Federal Contract Tower,0,2,17,8,27,0,4,9,16,29,0,6,26,24,56,12,10,22,78
03/30/2004,TCL,AL,ASO,ES,Federal Contract Tower,0,5,36,18,59,0,1,27,57,85,0,6,63,75,144,44,46,90,234
03/31/2004,TCL,AL,ASO,ES,Federal Contract Tower,0,4,30,15,49,0,2,10,42,54,0,6,40,57,103,26,14,40,143
04/01/2004,TCL,AL,ASO,ES,Federal Contract Tower,0,4,20,10,34,0,1,58,27,86,0,5,78,37,120,50,12,62,182
04/02/2004,TCL,AL,ASO,ES,Federal Contract Tower,0,4,28,14,46,0,0,49,38,87,0,4,77,52,133,58,16,74,207
04/03/2004,TCL,AL,ASO,ES,Federal Contract Tower,0,1,8,0,9,0,1,71,0,72,0,2,79,0,81,146,0,146,227
04/04/2004,TCL,AL,ASO,ES,Federal Contract Tower,0,1,10,6,17,0,3,45,14,62,0,4,55,20,79,46,0,46,125
04/05/2004,TCL,AL,ASO,ES,Federal Contract Tower,0,1,20,10,31,0,0,48,24,72,0,1,68,34,103,54,14,68,171
04/06/2004,TCL,AL,ASO,ES,Federal Contract Tower,0,0,19,10,29,0,0,46,28,74,0,0,65,38,103,114,6,120,223
04/07/2004,TCL,AL,ASO,ES,Federal Contract Tower,1,2,17,9,29,1,2,43,17,63,2,4,60,26,92,72,6,78,170
04/08/2004,TCL,AL,ASO,ES,Federal Contract Tower,0,4,24,4,32,0,2,31,0,33,0,6,55,4,65,84,12,96,161
04/09/2004,TCL,AL,ASO,ES,Federal Contract Tower,0,4,20,10,34,0,1,65,24,90,0,5,85,34,124,122,20,142,266
04/10/2004,TCL,AL,ASO,ES,Federal Contract Tower,0,0,5,3,8,0,0,56,1,57,0,0,61,4,65,40,0,40,105
04/11/2004,TCL,AL,ASO,ES,Federal Contract Tower,0,1,12,6,19,0,0,8,8,16,0,1,20,14,35,84,0,84,119
04/12/2004,TCL,AL,ASO,ES,Federal Contract Tower,2,6,35,17,60,2,0,13,15,30,4,6,48,32,90,60,0,60,150
04/13/2004,TCL,AL,ASO,ES,Federal Contract Tower,1,3,21,9,34,3,1,5,11,20,4,4,26,20,54,2,0,2,56
04/14/2004,TCL,AL,ASO,ES,Federal Contract Tower,0,4,27,12,43,0,0,53,26,79,0,4,80,38,122,34,0,34,156
04/15/2004,TCL,AL,ASO,ES,Federal Contract Tower,0,4,23,10,37,2,0,63,38,103,2,4,86,48,140,60,12,72,212
04/16/2004,TCL,AL,ASO,ES,Federal Contract Tower,1,4,33,14,52,1,0,73,28,102,2,4,106,42,154,110,0,110,264
04/17/2004,TCL,AL,ASO,ES,Federal Contract Tower,0,0,11,5,16,0,0,60,1,61,0,0,71,6,77,118,6,124,201
04/18/2004,TCL,AL,ASO,ES,Federal Contract Tower,0,3,18,8,29,0,6,40,15,61,0,9,58,23,90,96,0,96,186
04/19/2004,TCL,AL,ASO,ES,Federal Contract Tower,0,1,32,14,47,0,0,99,33,132,0,1,131,47,179,40,4,44,223
04/20/2004,TCL,AL,ASO,ES,Federal Contract Tower,1,7,36,16,60,1,6,37,45,89,2,13,73,61,149,66,56,122,271
04/21/2004,TCL,AL,ASO,ES,Federal Contract Tower,1,6,32,13,52,1,2,19,8,30,2,8,51,21,82,44,6,50,132
04/22/2004,TCL,AL,ASO,ES,Federal Contract Tower,1,4,34,15,54,2,0,17,35,54,3,4,51,50,108,36,2,38,146
04/23/2004,TCL,AL,ASO,ES,Federal Contract Tower,1,4,41,18,64,1,0,38,35,74,2,4,79,53,138,106,44,150,288
04/24/2004,TCL,AL,ASO,ES,Federal Contract Tower,0,2,14,6,22,0,0,65,4,69,0,2,79,10,91,86,18,104,195
04/25/2004,TCL,AL,ASO,ES,Federal Contract Tower,0,1,10,2,13,0,1,5,0,6,0,2,15,2,19,10,0,10,29
04/26/2004,TCL,AL,ASO,ES,Federal Contract Tower,0,2,19,9,30,1,0,17,25,43,1,2,36,34,73,36,14,50,123
04/27/2004,TCL,AL,ASO,ES,Federal Contract Tower,0,4,29,14,47,0,0,39,28,67,0,4,68,42,114,86,10,96,210
04/28/2004,TCL,AL,ASO,ES,Federal Contract Tower,0,3,20,10,33,0,7,62,20,89,0,10,82,30,122,94,0,94,216
04/29/2004,TCL,AL,ASO,ES,Federal Contract Tower,0,5,31,14,50,0,5,32,27,64,0,10,63,41,114,80,24,104,218
04/30/2004,TCL,AL,ASO,ES,Federal Contract Tower,0,5,31,14,50,0,2,23,4,29,0,7,54,18,79,12,0,12,91
05/01/2004,TCL,AL,ASO,ES,Federal Contract Tower,0,0,23,14,37,0,0,26,27,53,0,0,49,41,90,72,50,122,212
05/02/2004,TCL,AL,ASO,ES,Federal Contract Tower,0,2,22,14,38,0,0,24,7,31,0,2,46,21,69,92,0,92,161
05/03/2004,TCL,AL,ASO,ES,Federal Contract Tower,0,2,20,13,35,0,0,38,29,67,0,2,58,42,102,32,12,44,146
05/04/2004,TCL,AL,ASO,ES,Federal Contract Tower,0,4,17,11,32,0,0,64,53,117,0,4,81,64,149,104,16,120,269
05/05/2004,TCL,AL,ASO,ES,Federal Contract Tower,0,5,23,15,43,0,0,68,33,101,0,5,91,48,144,80,24,104,248
05/06/2004,TCL,AL,ASO,ES,Federal Contract Tower,0,3,20,13,36,0,0,49,31,80,0,3,69,44,116,54,46,100,216
05/07/2004,TCL,AL,ASO,ES,Federal Contract Tower,0,7,35,22,64,0,2,79,32,113,0,9,114,54,177,90,28,118,295
05/08/2004,TCL,AL,ASO,ES,Federal Contract Tower,0,2,12,4,18,0,0,84,0,84,0,2,96,4,102,154,0,154,256
05/09/2004,TCL,AL,ASO,ES,Federal Contract Tower,0,5,21,6,32,0,2,52,0,54,0,7,73,6,86,82,20,102,188
05/10/2004,TCL,AL,ASO,ES,Federal Contract Tower,0,2,9,7,18,0,0,54,0,54,0,2,63,7,72,74,0,74,146
05/11/2004,TCL,AL,ASO,ES,Federal Contract Tower,0,6,29,18,53,0,1,22,52,75,0,7,51,70,128,70,34,104,232
05/12/2004,TCL,AL,ASO,ES,Federal Contract Tower,0,6,26,16,48,0,0,19,24,43,0,6,45,40,91,22,16,38,129
05/13/2004,TCL,AL,ASO,ES,Federal Contract Tower,0,0,21,13,34,0,0,12,7,19,0,0,33,20,53,8,0,8,61
05/14/2004,TCL,AL,ASO,ES,Federal Contract Tower,0,6,29,18,53,0,0,30,21,51,0,6,59,39,104,98,14,112,216
05/15/2004,TCL,AL,ASO,ES,Federal Contract Tower,0,0,9,0,9,0,0,27,0,27,0,0,36,0,36,98,0,98,134
05/16/2004,TCL,AL,ASO,ES,Federal Contract Tower,0,3,20,13,36,0,2,18,9,29,0,5,38,22,65,68,22,90,155
05/17/2004,TCL,AL,ASO,ES,Federal Contract Tower,0,5,27,16,48,0,3,8,41,52,0,8,35,57,100,46,44,90,190
05/18/2004,TCL,AL,ASO,ES,Federal Contract Tower,0,5,30,19,54,0,4,15,49,68,0,9,45,68,122,28,4,32,154
05/19/2004,TCL,AL,ASO,ES,Federal Contract Tower,0,1,30,19,50,0,0,25,45,70,0,1,55,64,120,124,20,144,264
05/20/2004,TCL,AL,ASO,ES,Federal Contract Tower,0,4,25,15,44,0,3,54,31,88,0,7,79,46,132,60,6,66,198
05/21/2004,TCL,AL,ASO,ES,Federal Contract Tower,0,4,24,15,43,0,5,52,33,90,0,9,76,48,133,134,0,134,267
05/22/2004,TCL,AL,ASO,ES,Federal Contract Tower,0,2,13,7,22,0,0,61,19,80,0,2,74,26,102,122,46,168,270
05/23/2004,TCL,AL,ASO,ES,Federal Contract Tower,0,3,17,10,30,0,1,83,12,96,0,4,100,22,126,90,14,104,230
05/24/2004,TCL,AL,ASO,ES,Federal Contract Tower,0,2,30,18,50,0,0,26,40,66,0,2,56,58,116,158,8,166,282
05/25/2004,TCL,AL,ASO,ES,Federal Contract Tower,0,5,27,16,48,0,3,23,42,68,0,8,50,58,116,144,4,148,264
05/26/2004,TCL,AL,ASO,ES,Federal Contract Tower,0,6,34,20,60,0,3,57,44,104,0,9,91,64,164,96,4,100,264
05/27/2004,TCL,AL,ASO,ES,Federal Contract Tower,0,6,36,23,65,0,1,48,29,78,0,7,84,52,143,52,10,62,205
05/28/2004,TCL,AL,ASO,ES,Federal Contract Tower,0,3,20,13,36,0,1,38,7,46,0,4,58,20,82,56,0,56,138
05/29/2004,TCL,AL,ASO,ES,Federal Contract Tower,0,2,12,7,21,0,5,28,0,33,0,7,40,7,54,16,0,16,70
05/30/2004,TCL,AL,ASO,ES,Federal Contract Tower,0,1,7,3,11,0,2,23,2,27,0,3,30,5,38,82,8,90,128
05/31/2004,TCL,AL,ASO,ES,Federal Contract Tower,0,1,10,3,14,0,3,9,0,12,0,4,19,3,26,44,2,46,72
06/01/2004,TCL,AL,ASO,ES,Federal Contract Tower,0,3,20,9,32,0,2,24,0,26,0,5,44,9,58,36,0,36,94
06/02/2004,TCL,AL,ASO,ES,Federal Contract Tower,0,1,20,10,31,0,0,23,6,29,0,1,43,16,60,12,0,12,72
06/03/2004,TCL,AL,ASO,ES,Federal Contract Tower,0,3,21,11,35,0,0,34,15,49,0,3,55,26,84,74,12,86,170
06/04/2004,TCL,AL,ASO,ES,Federal Contract Tower,0,4,33,16,53,0,0,35,20,55,0,4,68,36,108,56,0,56,164
06/05/2004,TCL,AL,ASO,ES,Federal Contract Tower,0,3,12,1,16,0,2,57,0,59,0,5,69,1,75,90,0,90,165
06/06/2004,TCL,AL,ASO,ES,Federal Contract Tower,0,1,16,8,25,0,0,47,10,57,0,1,63,18,82,108,0,108,190
06/07/2004,TCL,AL,ASO,ES,Federal Contract Tower,0,1,10,6,17,2,0,19,14,35,2,1,29,20,52,62,0,62,114
06/08/2004,TCL,AL,ASO,ES,Federal Contract Tower,0,2,25,11,38,0,0,32,43,75,0,2,57,54,113,98,0,98,211
06/09/2004,TCL,AL,ASO,ES,Federal Contract Tower,0,5,26,13,44,0,2,29,45,76,0,7,55,58,120,82,4,86,206
06/10/2004,TCL,AL,ASO,ES,Federal Contract Tower,0,5,26,13,44,0,2,34,34,70,0,7,60,47,114,68,30,98,212
06/11/2004,TCL,AL,ASO,ES,Federal Contract Tower,0,4,23,12,39,0,2,63,15,80,0,6,86,27,119,143,10,153,272
06/12/2004,TCL,AL,ASO,ES,Federal Contract Tower,0,0,11,6,17,0,0,82,9,91,0,0,93,15,108,146,26,172,280
06/13/2004,TCL,AL,ASO,ES,Federal Contract Tower,0,2,14,3,19,0,0,43,0,43,0,2,57,3,62,124,0,124,186
06/14/2004,TCL,AL,ASO,ES,Federal Contract Tower,0,0,24,12,36,0,0,6,14,20,0,0,30,26,56,2,0,2,58
06/15/2004,TCL,AL,ASO,ES,Federal Contract Tower,0,5,29,14,48,0,3,4,48,55,0,8,33,62,103,34,4,38,141
06/16/2004,TCL,AL,ASO,ES,Federal Contract Tower,0,2,10,2,14,0,0,29,0,29,0,2,39,2,43,24,0,24,67
06/17/2004,TCL,AL,ASO,ES,Federal Contract Tower,0,6,41,18,65,0,0,30,27,57,0,6,71,45,122,52,0,52,174
06/18/2004,TCL,AL,ASO,ES,Federal Contract Tower,0,4,26,11,41,0,1,31,37,69,0,5,57,48,110,82,4,86,196
06/19/2004,TCL,AL,ASO,ES,Federal Contract Tower,0,2,14,2,18,0,0,85,0,85,0,2,99,2,103,140,0,140,243
06/20/2004,TCL,AL,ASO,ES,Federal Contract Tower,0,2,22,8,32,0,0,63,0,63,0,2,85,8,95,112,8,120,215
06/21/2004,TCL,AL,ASO,ES,Federal Contract Tower,0,2,25,12,39,0,0,65,32,97,0,2,90,44,136,80,24,104,240
06/22/2004,TCL,AL,ASO,ES,Federal Contract Tower,0,4,30,15,49,0,4,33,13,50,0,8,63,28,99,86,16,102,201
06/23/2004,TCL,AL,ASO,ES,Federal Contract Tower,0,2,15,10,27,0,0,0,30,30,0,2,15,40,57,38,30,68,125
06/24/2004,TCL,AL,ASO,ES,Federal Contract Tower,0,3,23,4,30,0,1,24,0,25,0,4,47,4,55,34,0,34,89
06/25/2004,TCL,AL,ASO,ES,Federal Contract Tower,0,2,18,8,28,0,1,16,2,19,0,3,34,10,47,46,0,46,93
06/26/2004,TCL,AL,ASO,ES,Federal Contract Tower,0,1,15,7,23,0,0,42,6,48,0,1,57,13,71,60,8,68,139
06/27/2004,TCL,AL,ASO,ES,Federal Contract Tower,0,2,16,8,26,0,2,13,7,22,0,4,29,15,48,4,20,24,72
06/28/2004,TCL,AL,ASO,ES,Federal Contract Tower,0,3,21,10,34,0,0,7,19,26,0,3,28,29,60,52,26,78,138
06/29/2004,TCL,AL,ASO,ES,Federal Contract Tower,0,4,26,11,41,0,5,42,6,53,0,9,68,17,94,58,0,58,152
06/30/2004,TCL,AL,ASO,ES,Federal Contract Tower,0,2,14,6,22,0,0,33,2,35,0,2,47,8,57,74,0,74,131
07/01/2004,TCL,AL,ASO,ES,Federal Contract Tower,0,4,23,8,35,0,1,16,24,41,0,5,39,32,76,70,0,70,146
07/02/2004,TCL,AL,ASO,ES,Federal Contract Tower,0,2,8,0,10,0,0,30,0,30,0,2,38,0,40,94,0,94,134
07/03/2004,TCL,AL,ASO,ES,Federal Contract Tower,0,0,10,0,10,0,0,52,0,52,0,0,62,0,62,32,0,32,94
07/04/2004,TCL,AL,ASO,ES,Federal Contract Tower,0,2,8,2,12,0,3,24,0,27,0,5,32,2,39,60,8,68,107
07/05/2004,TCL,AL,ASO,ES,Federal Contract Tower,0,2,16,6,24,0,0,72,0,72,0,2,88,6,96,94,14,108,204
07/06/2004,TCL,AL,ASO,ES,Federal Contract Tower,0,4,25,9,38,0,0,44,19,63,0,4,69,28,101,72,32,104,205
07/07/2004,TCL,AL,ASO,ES,Federal Contract Tower,0,3,16,5,24,0,1,38,23,62,0,4,54,28,86,34,6,40,126
07/08/2004,TCL,AL,ASO,ES,Federal Contract Tower,0,3,20,8,31,0,4,50,12,66,0,7,70,20,97,28,46,74,171
07/09/2004,TCL,AL,ASO,ES,Federal Contract Tower,0,3,20,8,31,0,1,50,19,70,0,4,70,27,101,100,0,100,201
07/10/2004,TCL,AL,ASO,ES,Federal Contract Tower,0,1,9,3,13,0,0,58,5,63,0,1,67,8,76,86,6,92,168
07/11/2004,TCL,AL,ASO,ES,Federal Contract Tower,0,4,26,9,39,0,0,39,34,73,0,4,65,43,112,72,12,84,196
07/12/2004,TCL,AL,ASO,ES,Federal Contract Tower,0,1,12,5,18,0,0,47,9,56,0,1,59,14,74,16,0,16,90
07/13/2004,TCL,AL,ASO,ES,Federal Contract Tower,0,2,26,9,37,0,0,53,37,90,0,2,79,46,127,84,0,84,211
07/14/2004,TCL,AL,ASO,ES,Federal Contract Tower,0,4,24,9,37,0,1,43,17,61,0,5,67,26,98,42,16,58,156
07/15/2004,TCL,AL,ASO,ES,Federal Contract Tower,0,4,26,9,39,0,4,42,21,67,0,8,68,30,106,48,14,62,168
07/16/2004,TCL,AL,ASO,ES,Federal Contract Tower,0,3,28,9,40,0,0,50,21,71,0,3,78,30,111,48,4,52,163
07/17/2004,TCL,AL,ASO,ES,Federal Contract Tower,0,0,6,3,9,0,0,7,5,12,0,0,13,8,21,22,0,22,43
07/18/2004,TCL,AL,ASO,ES,Federal Contract Tower,0,2,21,8,31,0,2,37,0,39,0,4,58,8,70,134,0,134,204
07/19/2004,TCL,AL,ASO,ES,Federal Contract Tower,0,1,17,6,24,0,0,28,10,38,0,1,45,16,62,56,24,80,142
07/20/2004,TCL,AL,ASO,ES,Federal Contract Tower,0,2,21,7,30,0,1,42,25,68,0,3,63,32,98,76,30,106,204
07/21/2004,TCL,AL,ASO,ES,Federal Contract Tower,0,3,24,8,35,0,2,34,22,58,0,5,58,30,93,90,8,98,191
07/22/2004,TCL,AL,ASO,ES,Federal Contract Tower,0,1,28,10,39,0,0,35,30,65,0,1,63,40,104,42,6,48,152
07/23/2004,TCL,AL,ASO,ES,Federal Contract Tower,0,3,26,9,38,0,0,41,23,64,0,3,67,32,102,112,0,112,214
07/24/2004,TCL,AL,ASO,ES,Federal Contract Tower,0,2,22,7,31,0,0,19,27,46,0,2,41,34,77,100,28,128,205
07/25/2004,TCL,AL,ASO,ES,Federal Contract Tower,0,2,18,6,26,0,2,30,12,44,0,4,48,18,70,34,12,46,116
07/26/2004,TCL,AL,ASO,ES,Federal Contract Tower,0,3,26,9,38,0,1,15,9,25,0,4,41,18,63,18,12,30,93
07/27/2004,TCL,AL,ASO,ES,Federal Contract Tower,0,0,39,14,53,0,0,26,41,67,0,0,65,55,120,76,0,76,196
07/28/2004,TCL,AL,ASO,ES,Federal Contract Tower,0,3,23,7,33,0,0,80,31,111,0,3,103,38,144,84,0,84,228
07/29/2004,TCL,AL,ASO,ES,Federal Contract Tower,0,3,31,11,45,0,0,63,21,84,0,3,94,32,129,112,24,136,265
07/30/2004,TCL,AL,ASO,ES,Federal Contract Tower,0,3,22,0,25,0,1,29,0,30,0,4,51,0,55,100,0,100,155
07/31/2004,TCL,AL,ASO,ES,Federal Contract Tower,0,1,8,2,11,0,0,38,4,42,0,1,46,6,53,126,24,150,203
08/01/2004,TCL,AL,ASO,ES,Federal Contract Tower,0,2,15,6,23,0,0,40,4,44,0,2,55,10,67,74,14,88,155
08/02/2004,TCL,AL,ASO,ES,Federal Contract Tower,0,3,26,11,40,0,2,52,3,57,0,5,78,14,97,72,0,72,169
08/03/2004,TCL,AL,ASO,ES,Federal Contract Tower,0,1,18,8,27,0,0,50,10,60,0,1,68,18,87,108,26,134,221
08/04/2004,TCL,AL,ASO,ES,Federal Contract Tower,0,2,14,6,22,0,2,45,20,67,0,4,59,26,89,76,10,86,175
08/05/2004,TCL,AL,ASO,ES,Federal Contract Tower,0,2,23,10,35,0,0,39,28,67,0,2,62,38,102,56,0,56,158
08/06/2004,TCL,AL,ASO,ES,Federal Contract Tower,0,2,23,9,34,0,0,50,9,59,0,2,73,18,93,106,12,118,211
08/07/2004,TCL,AL,ASO,ES,Federal Contract Tower,0,2,11,4,17,0,0,83,0,83,0,2,94,4,100,192,0,192,292
08/08/2004,TCL,AL,ASO,ES,Federal Contract Tower,0,0,8,4,12,0,0,58,6,64,0,0,66,10,76,140,6,146,222
08/09/2004,TCL,AL,ASO,ES,Federal Contract Tower,0,0,27,11,38,0,0,3,35,38,0,0,30,46,76,34,16,50,126
08/10/2004,TCL,AL,ASO,ES,Federal Contract Tower,0,2,18,8,28,0,1,5,2,8,0,3,23,10,36,0,0,0,36
08/11/2004,TCL,AL,ASO,ES,Federal Contract Tower,0,2,24,10,36,0,0,1,30,31,0,2,25,40,67,70,0,70,137
08/12/2004,TCL,AL,ASO,ES,Federal Contract Tower,0,3,20,8,31,0,6,4,30,40,0,9,24,38,71,30,0,30,101
08/13/2004,TCL,AL,ASO,ES,Federal Contract Tower,0,2,23,9,34,0,0,49,41,90,0,2,72,50,124,66,0,66,190
08/14/2004,TCL,AL,ASO,ES,Federal Contract Tower,0,2,17,8,27,0,0,74,2,76,0,2,91,10,103,58,16,74,177
08/15/2004,TCL,AL,ASO,ES,Federal Contract Tower,0,0,16,6,22,0,0,53,6,59,0,0,69,12,81,82,2,84,165
08/16/2004,TCL,AL,ASO,ES,Federal Contract Tower,0,0,24,8,32,0,0,37,34,71,0,0,61,42,103,80,20,100,203
08/17/2004,TCL,AL,ASO,ES,Federal Contract Tower,0,2,24,10,36,0,0,42,32,74,0,2,66,42,110,76,4,80,190
08/18/2004,TCL,AL,ASO,ES,Federal Contract Tower,0,2,24,10,36,0,2,59,14,75,0,4,83,24,111,64,0,64,175
08/19/2004,TCL,AL,ASO,ES,Federal Contract Tower,0,3,32,12,47,0,8,48,20,76,0,11,80,32,123,56,14,70,193
08/20/2004,TCL,AL,ASO,ES,Federal Contract Tower,0,0,33,7,40,0,0,34,0,34,0,0,67,7,74,22,12,34,108
08/21/2004,TCL,AL,ASO,ES,Federal Contract Tower,0,0,16,6,22,0,0,5,2,7,0,0,21,8,29,10,0,10,39
08/22/2004,TCL,AL,ASO,ES,Federal Contract Tower,0,0,14,5,19,0,0,19,0,19,0,0,33,5,38,36,0,36,74
08/23/2004,TCL,AL,ASO,ES,Federal Contract Tower,0,4,40,15,59,0,3,14,30,47,0,7,54,45,106,62,0,62,168
08/24/2004,TCL,AL,ASO,ES,Federal Contract Tower,0,0,36,15,51,0,0,45,8,53,0,0,81,23,104,56,4,60,164
08/25/2004,TCL,AL,ASO,ES,Federal Contract Tower,0,1,24,10,35,0,0,45,17,62,0,1,69,27,97,42,4,46,143
08/26/2004,TCL,AL,ASO,ES,Federal Contract Tower,0,3,35,14,52,0,5,113,37,155,0,8,148,51,207,54,20,74,281
08/27/2004,TCL,AL,ASO,ES,Federal Contract Tower,0,4,40,16,60,0,2,55,36,93,0,6,95,52,153,112,22,134,287
08/28/2004,TCL,AL,ASO,ES,Federal Contract Tower,0,1,16,7,24,0,1,64,12,77,0,2,80,19,101,148,16,164,265
08/29/2004,TCL,AL,ASO,ES,Federal Contract Tower,0,0,21,8,29,0,0,21,11,32,0,0,42,19,61,84,4,88,149
08/30/2004,TCL,AL,ASO,ES,Federal Contract Tower,0,2,28,11,41,0,1,18,15,34,0,3,46,26,75,80,0,80,155
08/31/2004,TCL,AL,ASO,ES,Federal Contract Tower,0,3,31,12,46,0,1,24,28,53,0,4,55,40,99,62,10,72,171
09/01/2004,TCL,AL,ASO,ES,Federal Contract Tower,0,4,33,9,46,0,0,34,51,85,0,4,67,60,131,48,8,56,187
09/02/2004,TCL,AL,ASO,ES,Federal Contract Tower,0,4,28,8,40,0,1,37,38,76,0,5,65,46,116,64,2,66,182
09/03/2004,TCL,AL,ASO,ES,Federal Contract Tower,0,6,38,11,55,0,2,18,21,41,0,8,56,32,96,120,6,126,222
09/04/2004,TCL,AL,ASO,ES,Federal Contract Tower,0,5,34,9,48,0,1,65,3,69,0,6,99,12,117,130,18,148,265
09/05/2004,TCL,AL,ASO,ES,Federal Contract Tower,0,2,11,3,16,0,1,66,1,68,0,3,77,4,84,114,0,114,198
09/06/2004,TCL,AL,ASO,ES,Federal Contract Tower,0,2,15,0,17,0,0,33,0,33,0,2,48,0,50,62,0,62,112
09/07/2004,TCL,AL,ASO,ES,Federal Contract Tower,0,0,13,3,16,0,0,8,5,13,0,0,21,8,29,2,0,2,31
09/08/2004,TCL,AL,ASO,ES,Federal Contract Tower,0,2,23,7,32,0,0,45,41,86,0,2,68,48,118,40,4,44,162
09/09/2004,TCL,AL,ASO,ES,Federal Contract Tower,0,3,29,8,40,0,0,64,26,90,0,3,93,34,130,48,0,48,178
09/10/2004,TCL,AL,ASO,ES,Federal Contract Tower,0,3,27,7,37,0,0,95,25,120,0,3,122,32,157,120,0,120,277
09/11/2004,TCL,AL,ASO,ES,Federal Contract Tower,0,4,53,15,72,0,0,94,13,107,0,4,147,28,179,106,0,106,285
09/12/2004,TCL,AL,ASO,ES,Federal Contract Tower,0,2,29,8,39,0,0,43,2,45,0,2,72,10,84,94,32,126,210
09/13/2004,TCL,AL,ASO,ES,Federal Contract Tower,0,2,24,7,33,0,0,27,25,52,0,2,51,32,85,78,10,88,173
09/14/2004,TCL,AL,ASO,ES,Federal Contract Tower,0,5,32,9,46,0,0,30,14,44,0,5,62,23,90,66,12,78,168
09/15/2004,TCL,AL,ASO,ES,Federal Contract Tower,0,3,16,5,24,0,0,13,6,19,0,3,29,11,43,62,0,62,105
09/16/2004,TCL,AL,ASO,ES,Federal Contract Tower,0,1,1,0,2,0,0,0,0,0,0,1,1,0,2,0,0,0,2
09/17/2004,TCL,AL,ASO,ES,Federal Contract Tower,0,2,8,1,11,0,0,54,1,55,0,2,62,2,66,70,0,70,136
09/18/2004,TCL,AL,ASO,ES,Federal Contract Tower,0,3,29,7,39,0,0,92,3,95,0,3,121,10,134,151,2,153,287
09/19/2004,TCL,AL,ASO,ES,Federal Contract Tower,0,4,20,4,28,0,1,50,4,55,0,5,70,8,83,80,12,92,175
09/20/2004,TCL,AL,ASO,ES,Federal Contract Tower,0,1,18,5,24,0,0,49,19,68,0,1,67,24,92,26,0,26,118
09/21/2004,TCL,AL,ASO,ES,Federal Contract Tower,0,4,30,9,43,0,5,58,17,80,0,9,88,26,123,60,0,60,183
09/22/2004,TCL,AL,ASO,ES,Federal Contract Tower,0,3,25,7,35,0,13,72,21,106,0,16,97,28,141,72,8,80,221
09/23/2004,TCL,AL,ASO,ES,Federal Contract Tower,0,3,25,7,35,0,4,83,17,104,0,7,108,24,139,70,2,72,211
09/24/2004,TCL,AL,ASO,ES,Federal Contract Tower,0,4,26,7,37,2,9,69,5,85,2,13,95,12,122,86,0,86,208
09/25/2004,TCL,AL,ASO,ES,Federal Contract Tower,0,2,16,5,23,0,2,66,7,75,0,4,82,12,98,152,14,166,264
09/26/2004,TCL,AL,ASO,ES,Federal Contract Tower,0,3,22,2,27,2,5,77,0,84,2,8,99,2,111,84,0,84,195
09/27/2004,TCL,AL,ASO,ES,Federal Contract Tower,0,3,26,7,36,0,0,37,11,48,0,3,63,18,84,32,0,32,116
09/28/2004,TCL,AL,ASO,ES,Federal Contract Tower,0,4,33,9,46,0,0,52,24,76,0,4,85,33,122,58,6,64,186
09/29/2004,TCL,AL,ASO,ES,Federal Contract Tower,0,4,30,9,43,0,4,62,13,79,0,8,92,22,122,46,0,46,168
09/30/2004,TCL,AL,ASO,ES,Federal Contract Tower,0,3,22,6,31,0,2,80,1,83,0,5,102,7,114,80,0,80,194
10/01/2004,TCL,AL,ASO,ES,Federal Contract Tower,0,7,41,2,50,0,3,49,8,60,0,10,90,10,110,104,0,104,214
10/02/2004,TCL,AL,ASO,ES,Federal Contract Tower,2,13,72,0,87,0,0,64,0,64,2,13,136,0,151,152,0,152,303
10/03/2004,TCL,AL,ASO,ES,Federal Contract Tower,0,5,30,0,35,0,1,92,0,93,0,6,122,0,128,136,0,136,264
10/04/2004,TCL,AL,ASO,ES,Federal Contract Tower,0,3,37,8,48,0,0,52,12,64,0,3,89,20,112,36,14,50,162
10/05/2004,TCL,AL,ASO,ES,Federal Contract Tower,0,2,29,10,41,0,0,48,14,62,0,2,77,24,103,92,16,108,211
10/06/2004,TCL,AL,ASO,ES,Federal Contract Tower,0,5,25,13,43,0,1,68,36,105,0,6,93,49,148,64,0,64,212
10/07/2004,TCL,AL,ASO,ES,Federal Contract Tower,3,11,48,6,68,0,2,50,10,62,3,13,98,16,130,30,6,36,166
10/08/2004,TCL,AL,ASO,ES,Federal Contract Tower,7,6,48,16,77,0,6,41,20,67,7,12,89,36,144,104,22,126,270
10/09/2004,TCL,AL,ASO,ES,Federal Contract Tower,2,1,21,0,24,0,2,6,0,8,2,3,27,0,32,20,0,20,52
10/10/2004,TCL,AL,ASO,ES,Federal Contract Tower,0,2,17,1,20,0,0,0,0,0,0,2,17,1,20,4,0,4,24
10/11/2004,TCL,AL,ASO,ES,Federal Contract Tower,0,2,23,0,25,0,0,6,0,6,0,2,29,0,31,12,0,12,43
10/12/2004,TCL,AL,ASO,ES,Federal Contract Tower,0,8,42,12,62,0,1,23,19,43,0,9,65,31,105,66,20,86,191
10/13/2004,TCL,AL,ASO,ES,Federal Contract Tower,0,8,46,11,65,0,0,32,15,47,0,8,78,26,112,80,6,86,198
10/14/2004,TCL,AL,ASO,ES,Federal Contract Tower,2,10,17,6,35,2,4,18,16,40,4,14,35,22,75,84,8,92,167
10/15/2004,TCL,AL,ASO,ES,Federal Contract Tower,4,5,33,13,55,0,1,50,20,71,4,6,83,33,126,112,32,144,270
10/16/2004,TCL,AL,ASO,ES,Federal Contract Tower,2,0,41,0,43,0,0,84,5,89,2,0,125,5,132,124,10,134,266
10/17/2004,TCL,AL,ASO,ES,Federal Contract Tower,0,3,24,5,32,0,0,77,9,86,0,3,101,14,118,94,12,106,224
10/18/2004,TCL,AL,ASO,ES,Federal Contract Tower,0,2,26,14,42,0,0,13,17,30,0,2,39,31,72,32,0,32,104
10/19/2004,TCL,AL,ASO,ES,Federal Contract Tower,3,1,26,7,37,0,0,6,4,10,3,1,32,11,47,42,0,42,89
10/20/2004,TCL,AL,ASO,ES,Federal Contract Tower,5,7,37,3,52,0,1,10,11,22,5,8,47,14,74,42,0,42,116
10/21/2004,TCL,AL,ASO,ES,Federal Contract Tower,0,14,37,12,63,0,0,24,17,41,0,14,61,29,104,56,6,62,166
10/22/2004,TCL,AL,ASO,ES,Federal Contract Tower,2,11,36,14,63,0,0,23,6,29,2,11,59,20,92,76,0,76,168
10/23/2004,TCL,AL,ASO,ES,Federal Contract Tower,2,2,15,0,19,0,0,21,0,21,2,2,36,0,40,86,0,86,126
10/24/2004,TCL,AL,ASO,ES,Federal Contract Tower,2,6,14,8,30,0,2,43,16,61,2,8,57,24,91,90,18,108,199
10/25/2004,TCL,AL,ASO,ES,Federal Contract Tower,0,2,26,13,41,0,0,38,23,61,0,2,64,36,102,54,0,54,156
10/26/2004,TCL,AL,ASO,ES,Federal Contract Tower,2,1,35,27,65,0,0,35,44,79,2,1,70,71,144,50,22,72,216
10/27/2004,TCL,AL,ASO,ES,Federal Contract Tower,0,11,40,8,59,0,3,22,12,37,0,14,62,20,96,16,4,20,116
10/28/2004,TCL,AL,ASO,ES,Federal Contract Tower,4,3,27,9,43,0,1,22,17,40,4,4,49,26,83,74,18,92,175
10/29/2004,TCL,AL,ASO,ES,Federal Contract Tower,3,13,27,16,59,0,0,50,16,66,3,13,77,32,125,68,32,100,225
10/30/2004,TCL,AL,ASO,ES,Federal Contract Tower,1,7,17,3,28,0,0,110,29,139,1,7,127,32,167,92,68,160,327
10/31/2004,TCL,AL,ASO,ES,Federal Contract Tower,0,4,26,7,37,0,0,29,7,36,0,4,55,14,73,82,0,82,155
11/01/2004,TCL,AL,ASO,ES,Federal Contract Tower,0,2,27,11,40,0,0,26,15,41,0,2,53,26,81,30,0,30,111
11/02/2004,TCL,AL,ASO,ES,Federal Contract Tower,0,5,32,17,54,0,0,12,25,37,0,5,44,42,91,58,0,58,149
11/03/2004,TCL,AL,ASO,ES,Federal Contract Tower,0,3,20,6,29,0,0,4,10,14,0,3,24,16,43,0,0,0,43
11/04/2004,TCL,AL,ASO,ES,Federal Contract Tower,0,4,35,30,69,0,1,38,34,73,0,5,73,64,142,30,0,30,172
11/05/2004,TCL,AL,ASO,ES,Federal Contract Tower,4,1,37,16,58,0,0,61,22,83,4,1,98,38,141,64,12,76,217
11/06/2004,TCL,AL,ASO,ES,Federal Contract Tower,0,1,54,6,61,0,0,82,11,93,0,1,136,17,154,105,6,111,265
11/07/2004,TCL,AL,ASO,ES,Federal Contract Tower,0,3,21,20,44,0,0,73,16,89,0,3,94,36,133,82,22,104,237
11/08/2004,TCL,AL,ASO,ES,Federal Contract Tower,0,1,31,20,52,0,1,26,55,82,0,2,57,75,134,60,18,78,212
11/09/2004,TCL,AL,ASO,ES,Federal Contract Tower,0,12,37,27,76,0,0,48,45,93,0,12,85,72,169,108,12,120,289
11/10/2004,TCL,AL,ASO,ES,Federal Contract Tower,0,4,25,22,51,0,2,45,42,89,0,6,70,64,140,16,4,20,160
11/11/2004,TCL,AL,ASO,ES,Federal Contract Tower,0,4,29,3,36,0,0,6,0,6,0,4,35,3,42,2,0,2,44
11/12/2004,TCL,AL,ASO,ES,Federal Contract Tower,2,7,34,11,54,0,2,9,6,17,2,9,43,17,71,0,0,0,71
11/13/2004,TCL,AL,ASO,ES,Federal Contract Tower,0,3,40,7,50,0,0,26,11,37,0,3,66,18,87,20,14,34,121
11/14/2004,TCL,AL,ASO,ES,Federal Contract Tower,2,7,30,2,41,0,0,61,25,86,2,7,91,27,127,56,44,100,227
11/15/2004,TCL,AL,ASO,ES,Federal Contract Tower,0,2,22,20,44,0,0,59,34,93,0,2,81,54,137,59,6,65,202
11/16/2004,TCL,AL,ASO,ES,Federal Contract Tower,0,8,24,27,59,0,1,60,41,102,0,9,84,68,161,34,16,50,211
11/17/2004,TCL,AL,ASO,ES,Federal Contract Tower,0,1,29,23,53,0,2,55,37,94,0,3,84,60,147,34,26,60,207
11/18/2004,TCL,AL,ASO,ES,Federal Contract Tower,1,8,35,32,76,0,1,43,42,86,1,9,78,74,162,78,22,100,262
11/19/2004,TCL,AL,ASO,ES,Federal Contract Tower,1,12,62,10,85,0,1,11,5,17,1,13,73,15,102,40,0,40,142
11/20/2004,TCL,AL,ASO,ES,Federal Contract Tower,0,16,105,0,121,0,0,7,3,10,0,16,112,3,131,82,0,82,213
11/21/2004,TCL,AL,ASO,ES,Federal Contract Tower,0,3,37,0,40,0,0,7,0,7,0,3,44,0,47,0,0,0,47
11/22/2004,TCL,AL,ASO,ES,Federal Contract Tower,0,0,12,0,12,0,0,0,0,0,0,0,12,0,12,0,0,0,12
11/23/2004,TCL,AL,ASO,ES,Federal Contract Tower,0,2,14,2,18,0,0,8,4,12,0,2,22,6,30,2,0,2,32
11/24/2004,TCL,AL,ASO,ES,Federal Contract Tower,0,3,32,7,42,0,2,11,12,25,0,5,43,19,67,32,10,42,109
11/25/2004,TCL,AL,ASO,ES,Federal Contract Tower,0,2,6,0,8,0,1,17,0,18,0,3,23,0,26,4,0,4,30
11/26/2004,TCL,AL,ASO,ES,Federal Contract Tower,0,0,18,1,19,0,0,47,5,52,0,0,65,6,71,92,8,100,171
11/27/2004,TCL,AL,ASO,ES,Federal Contract Tower,0,2,10,3,15,0,0,12,1,13,0,2,22,4,28,12,0,12,40
11/28/2004,TCL,AL,ASO,ES,Federal Contract Tower,0,6,18,0,24,0,0,52,4,56,0,6,70,4,80,140,6,146,226
11/29/2004,TCL,AL,ASO,ES,Federal Contract Tower,0,6,29,12,47,0,0,46,40,86,0,6,75,52,133,78,0,78,211
11/30/2004,TCL,AL,ASO,ES,Federal Contract Tower,0,3,21,6,30,0,0,3,8,11,0,3,24,14,41,0,0,0,41
12/01/2004,TCL,AL,ASO,ES,Federal Contract Tower,0,6,22,8,36,0,4,40,45,89,0,10,62,53,125,78,2,80,205
12/02/2004,TCL,AL,ASO,ES,Federal Contract Tower,0,2,16,17,35,0,1,57,40,98,0,3,73,57,133,64,4,68,201
12/03/2004,TCL,AL,ASO,ES,Federal Contract Tower,2,3,17,16,38,0,1,37,38,76,2,4,54,54,114,106,10,116,230
12/04/2004,TCL,AL,ASO,ES,Federal Contract Tower,0,5,16,6,27,0,0,62,8,70,0,5,78,14,97,160,4,164,261
12/05/2004,TCL,AL,ASO,ES,Federal Contract Tower,0,3,17,1,21,0,0,7,1,8,0,3,24,2,29,28,0,28,57
12/06/2004,TCL,AL,ASO,ES,Federal Contract Tower,0,0,13,5,18,0,0,0,3,3,0,0,13,8,21,2,0,2,23
12/07/2004,TCL,AL,ASO,ES,Federal Contract Tower,0,3,12,8,23,0,1,28,20,49,0,4,40,28,72,58,0,58,130
12/08/2004,TCL,AL,ASO,ES,Federal Contract Tower,0,4,18,9,31,0,0,47,19,66,0,4,65,28,97,98,0,98,195
12/09/2004,TCL,AL,ASO,ES,Federal Contract Tower,0,8,15,1,24,0,4,1,1,6,0,12,16,2,30,58,0,58,88
12/10/2004,TCL,AL,ASO,ES,Federal Contract Tower,2,3,28,15,48,0,0,32,25,57,2,3,60,40,105,74,6,80,185
12/11/2004,TCL,AL,ASO,ES,Federal Contract Tower,0,0,13,0,13,0,0,12,0,12,0,0,25,0,25,82,0,82,107
12/12/2004,TCL,AL,ASO,ES,Federal Contract Tower,0,2,11,4,17,0,0,73,16,89,0,2,84,20,106,90,16,106,212
12/13/2004,TCL,AL,ASO,ES,Federal Contract Tower,0,5,19,3,27,0,0,41,13,54,0,5,60,16,81,66,2,68,149
12/14/2004,TCL,AL,ASO,ES,Federal Contract Tower,0,5,16,14,35,0,1,45,39,85,0,6,61,53,120,64,12,76,196
12/15/2004,TCL,AL,ASO,ES,Federal Contract Tower,0,3,11,12,26,0,0,56,18,74,0,3,67,30,100,122,2,124,224
12/16/2004,TCL,AL,ASO,ES,Federal Contract Tower,0,6,28,6,40,0,1,67,20,88,0,7,95,26,128,36,22,58,186
12/17/2004,TCL,AL,ASO,ES,Federal Contract Tower,2,4,24,3,33,0,0,39,27,66,2,4,63,30,99,112,0,112,211
12/18/2004,TCL,AL,ASO,ES,Federal Contract Tower,2,1,14,0,17,0,0,41,0,41,2,1,55,0,58,72,0,72,130
12/19/2004,TCL,AL,ASO,ES,Federal Contract Tower,0,3,10,1,14,0,1,21,3,25,0,4,31,4,39,98,0,98,137
12/20/2004,TCL,AL,ASO,ES,Federal Contract Tower,0,5,14,4,23,0,1,30,3,34,0,6,44,7,57,94,0,94,151
12/21/2004,TCL,AL,ASO,ES,Federal Contract Tower,0,1,11,9,21,0,1,27,28,56,0,2,38,37,77,72,0,72,149
12/22/2004,TCL,AL,ASO,ES,Federal Contract Tower,0,0,12,3,15,0,0,2,5,7,0,0,14,8,22,18,0,18,40
12/23/2004,TCL,AL,ASO,ES,Federal Contract Tower,0,7,9,0,16,0,0,0,0,0,0,7,9,0,16,10,0,10,26
12/24/2004,TCL,AL,ASO,ES,Federal Contract Tower,0,1,1,0,2,0,0,8,0,8,0,1,9,0,10,111,0,111,121
12/25/2004,TCL,AL,ASO,ES,Federal Contract Tower,0,0,3,0,3,0,0,3,0,3,0,0,6,0,6,0,0,0,6
12/26/2004,TCL,AL,ASO,ES,Federal Contract Tower,0,3,17,0,20,0,0,42,0,42,0,3,59,0,62,82,0,82,144
12/27/2004,TCL,AL,ASO,ES,Federal Contract Tower,0,0,12,5,17,0,0,42,27,69,0,0,54,32,86,80,6,86,172
12/28/2004,TCL,AL,ASO,ES,Federal Contract Tower,2,2,21,2,27,0,0,39,1,40,2,2,60,3,67,84,0,84,151
12/29/2004,TCL,AL,ASO,ES,Federal Contract Tower,0,0,23,0,23,0,1,46,2,49,0,1,69,2,72,66,0,66,138
12/30/2004,TCL,AL,ASO,ES,Federal Contract Tower,0,5,26,0,31,0,0,39,9,48,0,5,65,9,79,52,22,74,153
12/31/2004,TCL,AL,ASO,ES,Federal Contract Tower,0,3,17,0,20,0,0,45,0,45,0,3,62,0,65,70,0,70,135
01/01/2005,TCL,AL,ASO,ES,Federal Contract Tower,0,2,6,0,8,0,0,19,0,19,0,2,25,0,27,90,0,90,117
01/02/2005,TCL,AL,ASO,ES,Federal Contract Tower,0,0,12,0,12,0,0,56,2,58,0,0,68,2,70,108,10,118,188
01/03/2005,TCL,AL,ASO,ES,Federal Contract Tower,0,4,12,5,21,0,0,30,13,43,0,4,42,18,64,58,0,58,122
01/04/2005,TCL,AL,ASO,ES,Federal Contract Tower,2,2,23,4,31,0,0,27,4,31,2,2,50,8,62,78,0,78,140
01/05/2005,TCL,AL,ASO,ES,Federal Contract Tower,0,3,33,3,39,0,0,16,3,19,0,3,49,6,58,22,0,22,80
01/06/2005,TCL,AL,ASO,ES,Federal Contract Tower,0,8,19,20,47,0,0,4,24,28,0,8,23,44,75,24,18,42,117
01/07/2005,TCL,AL,ASO,ES,Federal Contract Tower,0,2,38,10,50,0,2,8,16,26,0,4,46,26,76,60,20,80,156
01/08/2005,TCL,AL,ASO,ES,Federal Contract Tower,2,2,27,9,40,0,0,17,6,23,2,2,44,15,63,54,12,66,129
01/09/2005,TCL,AL,ASO,ES,Federal Contract Tower,2,0,27,11,40,0,0,76,11,87,2,0,103,22,127,120,24,144,271
01/10/2005,TCL,AL,ASO,ES,Federal Contract Tower,2,3,9,21,35,0,2,29,21,52,2,5,38,42,87,48,28,76,163
01/11/2005,TCL,AL,ASO,ES,Federal Contract Tower,0,4,14,9,27,0,2,46,16,64,0,6,60,25,91,68,18,86,177
01/12/2005,TCL,AL,ASO,ES,Federal Contract Tower,2,8,25,16,51,0,4,13,26,43,2,12,38,42,94,28,0,28,122
01/13/2005,TCL,AL,ASO,ES,Federal Contract Tower,0,10,8,1,19,0,0,7,1,8,0,10,15,2,27,2,0,2,29
01/14/2005,TCL,AL,ASO,ES,Federal Contract Tower,0,3,21,28,52,0,1,46,32,79,0,4,67,60,131,48,60,108,239
01/15/2005,TCL,AL,ASO,ES,Federal Contract Tower,0,0,17,6,23,0,0,89,2,91,0,0,106,8,114,88,0,88,202
01/16/2005,TCL,AL,ASO,ES,Federal Contract Tower,0,4,10,0,14,0,0,39,0,39,0,4,49,0,53,70,0,70,123
01/17/2005,TCL,AL,ASO,ES,Federal Contract Tower,0,2,18,0,20,0,1,52,0,53,0,3,70,0,73,72,0,72,145
01/18/2005,TCL,AL,ASO,ES,Federal Contract Tower,0,6,14,21,41,0,0,49,25,74,0,6,63,46,115,74,0,74,189
01/19/2005,TCL,AL,ASO,ES,Federal Contract Tower,2,4,27,25,58,0,0,15,35,50,2,4,42,60,108,30,0,30,138
01/20/2005,TCL,AL,ASO,ES,Federal Contract Tower,0,4,33,11,48,0,2,50,27,79,0,6,83,38,127,118,16,134,261
01/21/2005,TCL,AL,ASO,ES,Federal Contract Tower,0,11,32,6,49,0,1,49,22,72,0,12,81,28,121,70,0,70,191
01/22/2005,TCL,AL,ASO,ES,Federal Contract Tower,0,8,8,2,18,0,2,18,2,22,0,10,26,4,40,48,0,48,88
01/23/2005,TCL,AL,ASO,ES,Federal Contract Tower,0,4,15,6,25,0,0,36,12,48,0,4,51,18,73,80,18,98,171
01/24/2005,TCL,AL,ASO,ES,Federal Contract Tower,0,3,8,20,31,0,0,70,28,98,0,3,78,48,129,18,6,24,153
01/25/2005,TCL,AL,ASO,ES,Federal Contract Tower,0,3,26,17,46,0,0,51,27,78,0,3,77,44,124,50,0,50,174
01/26/2005,TCL,AL,ASO,ES,Federal Contract Tower,0,10,25,28,63,0,0,37,28,65,0,10,62,56,128,40,22,62,190
01/27/2005,TCL,AL,ASO,ES,Federal Contract Tower,0,5,27,20,52,0,0,34,24,58,0,5,61,44,110,20,26,46,156
01/28/2005,TCL,AL,ASO,ES,Federal Contract Tower,0,7,40,3,50,0,2,7,4,13,0,9,47,7,63,2,8,10,73
01/29/2005,TCL,AL,ASO,ES,Federal Contract Tower,0,0,8,0,8,0,0,0,0,0,0,0,8,0,8,0,0,0,8
01/30/2005,TCL,AL,ASO,ES,Federal Contract Tower,1,4,30,1,36,0,0,14,0,14,1,4,44,1,50,12,0,12,62
01/31/2005,TCL,AL,ASO,ES,Federal Contract Tower,1,2,20,3,26,0,0,3,5,8,1,2,23,8,34,34,12,46,80
02/01/2005,TCL,AL,ASO,ES,Federal Contract Tower,0,0,24,8,32,0,0,1,8,9,0,0,25,16,41,18,0,18,59
02/02/2005,TCL,AL,ASO,ES,Federal Contract Tower,0,2,21,0,23,0,0,10,0,10,0,2,31,0,33,0,0,0,33
02/03/2005,TCL,AL,ASO,ES,Federal Contract Tower,1,5,18,21,45,0,1,7,15,23,1,6,25,36,68,2,0,2,70
02/04/2005,TCL,AL,ASO,ES,Federal Contract Tower,3,3,24,14,44,0,1,76,28,105,3,4,100,42,149,86,12,98,247
02/05/2005,TCL,AL,ASO,ES,Federal Contract Tower,4,1,18,6,29,0,0,98,11,109,4,1,116,17,138,122,2,124,262
02/06/2005,TCL,AL,ASO,ES,Federal Contract Tower,2,1,18,3,24,0,0,52,5,57,2,1,70,8,81,98,0,98,179
02/07/2005,TCL,AL,ASO,ES,Federal Contract Tower,0,3,28,6,37,0,0,31,13,44,0,3,59,19,81,30,8,38,119
02/08/2005,TCL,AL,ASO,ES,Federal Contract Tower,2,9,23,1,35,0,2,4,0,6,2,11,27,1,41,0,0,0,41
02/09/2005,TCL,AL,ASO,ES,Federal Contract Tower,2,5,26,13,46,0,0,5,9,14,2,5,31,22,60,0,0,0,60
02/10/2005,TCL,AL,ASO,ES,Federal Contract Tower,2,0,19,13,34,0,0,40,31,71,2,0,59,44,105,44,14,58,163
02/11/2005,TCL,AL,ASO,ES,Federal Contract Tower,2,5,27,16,50,0,1,67,26,94,2,6,94,42,144,118,24,142,286
02/12/2005,TCL,AL,ASO,ES,Federal Contract Tower,0,0,17,5,22,0,0,71,7,78,0,0,88,12,100,102,28,130,230
02/13/2005,TCL,AL,ASO,ES,Federal Contract Tower,0,3,16,4,23,0,0,4,4,8,0,3,20,8,31,14,16,30,61
02/14/2005,TCL,AL,ASO,ES,Federal Contract Tower,0,1,23,4,28,0,0,16,18,34,0,1,39,22,62,8,0,8,70
02/15/2005,TCL,AL,ASO,ES,Federal Contract Tower,2,0,25,12,39,0,0,35,26,61,2,0,60,38,100,42,8,50,150
02/16/2005,TCL,AL,ASO,ES,Federal Contract Tower,0,3,25,2,30,0,1,26,24,51,0,4,51,26,81,60,0,60,141
02/17/2005,TCL,AL,ASO,ES,Federal Contract Tower,2,3,26,4,35,0,1,29,12,42,2,4,55,16,77,80,10,90,167
02/18/2005,TCL,AL,ASO,ES,Federal Contract Tower,2,6,32,13,53,0,0,79,39,118,2,6,111,52,171,80,20,100,271
02/19/2005,TCL,AL,ASO,ES,Federal Contract Tower,4,1,24,1,30,0,1,58,2,61,4,2,82,3,91,126,0,126,217
02/20/2005,TCL,AL,ASO,ES,Federal Contract Tower,1,3,12,3,19,0,0,5,3,8,1,3,17,6,27,60,0,60,87
02/21/2005,TCL,AL,ASO,ES,Federal Contract Tower,1,5,17,0,23,0,0,9,0,9,1,5,26,0,32,22,0,22,54
02/22/2005,TCL,AL,ASO,ES,Federal Contract Tower,0,7,35,7,49,0,1,78,9,88,0,8,113,16,137,44,10,54,191
02/23/2005,TCL,AL,ASO,ES,Federal Contract Tower,2,6,13,7,28,0,1,135,20,156,2,7,148,27,184,40,0,40,224
02/24/2005,TCL,AL,ASO,ES,Federal Contract Tower,0,2,26,5,33,0,0,41,7,48,0,2,67,12,81,22,2,24,105
02/25/2005,TCL,AL,ASO,ES,Federal Contract Tower,4,5,26,13,48,0,1,135,23,159,4,6,161,36,207,74,0,74,281
02/26/2005,TCL,AL,ASO,ES,Federal Contract Tower,4,4,28,15,51,0,2,175,29,206,4,6,203,44,257,48,12,60,317
02/27/2005,TCL,AL,ASO,ES,Federal Contract Tower,2,5,12,5,24,0,3,9,3,15,2,8,21,8,39,4,0,4,43
02/28/2005,TCL,AL,ASO,ES,Federal Contract Tower,0,1,24,20,45,0,0,20,24,44,0,1,44,44,89,50,30,80,169
03/01/2005,TCL,AL,ASO,ES,Federal Contract Tower,2,0,21,6,29,0,0,29,16,45,2,0,50,22,74,36,4,40,114
03/02/2005,TCL,AL,ASO,ES,Federal Contract Tower,0,2,31,12,45,0,0,49,13,62,0,2,80,25,107,48,4,52,159
03/03/2005,TCL,AL,ASO,ES,Federal Contract Tower,0,7,17,10,34,0,2,33,26,61,0,9,50,36,95,54,0,54,149
03/04/2005,TCL,AL,ASO,ES,Federal Contract Tower,0,4,24,20,48,0,0,45,31,76,0,4,69,51,124,76,6,82,206
03/05/2005,TCL,AL,ASO,ES,Federal Contract Tower,2,6,13,4,25,0,0,45,11,56,2,6,58,15,81,78,24,102,183
03/06/2005,TCL,AL,ASO,ES,Federal Contract Tower,0,3,16,11,30,0,0,59,18,77,0,3,75,29,107,36,0,36,143
03/07/2005,TCL,AL,ASO,ES,Federal Contract Tower,0,1,21,12,34,0,0,5,8,13,0,1,26,20,47,8,4,12,59
03/08/2005,TCL,AL,ASO,ES,Federal Contract Tower,0,1,20,16,37,0,4,20,30,54,0,5,40,46,91,14,8,22,113
03/09/2005,TCL,AL,ASO,ES,Federal Contract Tower,0,5,28,25,58,0,0,14,25,39,0,5,42,50,97,18,10,28,125
03/10/2005,TCL,AL,ASO,ES,Federal Contract Tower,2,1,37,14,54,0,1,38,22,61,2,2,75,36,115,40,24,64,179
03/11/2005,TCL,AL,ASO,ES,Federal Contract Tower,2,0,28,15,45,0,2,36,41,79,2,2,64,56,124,36,30,66,190
03/12/2005,TCL,AL,ASO,ES,Federal Contract Tower,0,0,11,9,20,0,0,49,12,61,0,0,60,21,81,24,8,32,113
03/13/2005,TCL,AL,ASO,ES,Federal Contract Tower,0,2,11,3,16,0,0,31,2,33,0,2,42,5,49,52,0,52,101
03/14/2005,TCL,AL,ASO,ES,Federal Contract Tower,0,2,11,10,23,0,0,38,30,68,0,2,49,40,91,76,16,92,183
03/15/2005,TCL,AL,ASO,ES,Federal Contract Tower,2,2,23,16,43,0,3,17,38,58,2,5,40,54,101,22,0,22,123
03/16/2005,TCL,AL,ASO,ES,Federal Contract Tower,2,1,16,12,31,0,0,1,12,13,2,1,17,24,44,0,0,0,44
03/17/2005,TCL,AL,ASO,ES,Federal Contract Tower,0,8,31,14,53,0,0,5,10,15,0,8,36,24,68,4,0,4,72
03/18/2005,TCL,AL,ASO,ES,Federal Contract Tower,2,0,36,10,48,0,0,52,24,76,2,0,88,34,124,109,0,109,233
03/19/2005,TCL,AL,ASO,ES,Federal Contract Tower,0,2,32,1,35,0,0,41,6,47,0,2,73,7,82,152,0,152,234
03/20/2005,TCL,AL,ASO,ES,Federal Contract Tower,0,2,19,5,26,0,0,45,5,50,0,2,64,10,76,108,2,110,186
03/21/2005,TCL,AL,ASO,ES,Federal Contract Tower,0,0,28,10,38,0,0,53,28,81,0,0,81,38,119,26,6,32,151
03/22/2005,TCL,AL,ASO,ES,Federal Contract Tower,2,2,13,6,23,0,0,14,16,30,2,2,27,22,53,48,0,48,101
03/23/2005,TCL,AL,ASO,ES,Federal Contract Tower,0,0,31,9,40,0,0,35,19,54,0,0,66,28,94,60,6,66,160
03/24/2005,TCL,AL,ASO,ES,Federal Contract Tower,0,5,25,9,39,0,5,80,29,114,0,10,105,38,153,116,0,116,269
03/25/2005,TCL,AL,ASO,ES,Federal Contract Tower,0,3,27,9,39,0,3,81,35,119,0,6,108,44,158,88,32,120,278
03/26/2005,TCL,AL,ASO,ES,Federal Contract Tower,0,1,6,0,7,0,0,34,0,34,0,1,40,0,41,66,0,66,107
03/27/2005,TCL,AL,ASO,ES,Federal Contract Tower,0,0,16,0,16,0,0,1,0,1,0,0,17,0,17,0,0,0,17
03/28/2005,TCL,AL,ASO,ES,Federal Contract Tower,0,7,14,3,24,0,0,22,9,31,0,7,36,12,55,2,0,2,57
03/29/2005,TCL,AL,ASO,ES,Federal Contract Tower,0,0,24,5,29,0,1,55,29,85,0,1,79,34,114,104,12,116,230
03/30/2005,TCL,AL,ASO,ES,Federal Contract Tower,0,2,35,11,48,0,0,36,33,69,0,2,71,44,117,144,0,144,261
03/31/2005,TCL,AL,ASO,ES,Federal Contract Tower,0,3,12,8,23,0,1,17,32,50,0,4,29,40,73,114,16,130,203
04/01/2005,TCL,AL,ASO,ES,Federal Contract Tower,0,6,25,2,33,0,1,16,2,19,0,7,41,4,52,10,0,10,62
04/02/2005,TCL,AL,ASO,ES,Federal Contract Tower,0,1,14,0,15,0,0,15,0,15,0,1,29,0,30,32,0,32,62
04/03/2005,TCL,AL,ASO,ES,Federal Contract Tower,0,3,23,2,28,0,0,67,4,71,0,3,90,6,99,138,0,138,237
04/04/2005,TCL,AL,ASO,ES,Federal Contract Tower,0,3,30,6,39,0,0,47,5,52,0,3,77,11,91,40,28,68,159
04/05/2005,TCL,AL,ASO,ES,Federal Contract Tower,0,4,29,5,38,0,3,26,17,46,0,7,55,22,84,62,0,62,146
04/06/2005,TCL,AL,ASO,ES,Federal Contract Tower,0,2,13,0,15,0,0,23,8,31,0,2,36,8,46,28,4,32,78
04/07/2005,TCL,AL,ASO,ES,Federal Contract Tower,0,7,29,7,43,0,0,16,7,23,0,7,45,14,66,46,0,46,112
04/08/2005,TCL,AL,ASO,ES,Federal Contract Tower,0,11,45,8,64,0,0,18,12,30,0,11,63,20,94,0,8,8,102
04/09/2005,TCL,AL,ASO,ES,Federal Contract Tower,0,5,13,2,20,0,3,80,0,83,0,8,93,2,103,172,0,172,275
04/10/2005,TCL,AL,ASO,ES,Federal Contract Tower,0,8,18,2,28,0,0,59,0,59,0,8,77,2,87,126,0,126,213
04/11/2005,TCL,AL,ASO,ES,Federal Contract Tower,0,0,16,10,26,0,0,17,26,43,0,0,33,36,69,44,0,44,113
04/12/2005,TCL,AL,ASO,ES,Federal Contract Tower,0,1,30,11,42,0,0,14,25,39,0,1,44,36,81,48,8,56,137
04/13/2005,TCL,AL,ASO,ES,Federal Contract Tower,0,5,34,14,53,0,1,28,18,47,0,6,62,32,100,18,0,18,118
04/14/2005,TCL,AL,ASO,ES,Federal Contract Tower,0,6,38,12,56,0,0,24,22,46,0,6,62,34,102,32,32,64,166
04/15/2005,TCL,AL,ASO,ES,Federal Contract Tower,0,0,30,11,41,0,2,61,24,87,0,2,91,35,128,156,22,178,306
04/16/2005,TCL,AL,ASO,ES,Federal Contract Tower,0,0,13,11,24,1,0,79,2,82,1,0,92,13,106,78,14,92,198
04/17/2005,TCL,AL,ASO,ES,Federal Contract Tower,0,3,19,7,29,0,0,61,13,74,0,3,80,20,103,124,10,134,237
04/18/2005,TCL,AL,ASO,ES,Federal Contract Tower,1,5,22,4,32,0,0,97,16,113,1,5,119,20,145,78,0,78,223
04/19/2005,TCL,AL,ASO,ES,Federal Contract Tower,2,0,26,22,50,0,0,36,34,70,2,0,62,56,120,20,16,36,156
04/20/2005,TCL,AL,ASO,ES,Federal Contract Tower,0,7,31,14,52,0,1,71,40,112,0,8,102,54,164,32,0,32,196
04/21/2005,TCL,AL,ASO,ES,Federal Contract Tower,0,5,23,7,35,0,0,19,25,44,0,5,42,32,79,34,0,34,113
04/22/2005,TCL,AL,ASO,ES,Federal Contract Tower,0,12,24,2,38,0,2,9,8,19,0,14,33,10,57,30,22,52,109
04/23/2005,TCL,AL,ASO,ES,Federal Contract Tower,0,5,23,0,28,0,0,20,4,24,0,5,43,4,52,20,0,20,72
04/24/2005,TCL,AL,ASO,ES,Federal Contract Tower,0,2,13,11,26,0,1,42,7,50,0,3,55,18,76,86,0,86,162
04/25/2005,TCL,AL,ASO,ES,Federal Contract Tower,0,5,17,21,43,0,0,49,27,76,0,5,66,48,119,94,8,102,221
04/26/2005,TCL,AL,ASO,ES,Federal Contract Tower,0,2,8,11,21,0,0,10,15,25,0,2,18,26,46,4,6,10,56
04/27/2005,TCL,AL,ASO,ES,Federal Contract Tower,0,4,20,8,32,0,0,38,43,81,0,4,58,51,113,24,0,24,137
04/28/2005,TCL,AL,ASO,ES,Federal Contract Tower,0,5,27,10,42,0,0,36,39,75,0,5,63,49,117,70,0,70,187
04/29/2005,TCL,AL,ASO,ES,Federal Contract Tower,0,7,41,8,56,0,0,19,18,37,0,7,60,26,93,70,0,70,163
04/30/2005,TCL,AL,ASO,ES,Federal Contract Tower,0,1,6,0,7,0,0,1,0,1,0,1,7,0,8,6,0,6,14
05/01/2005,TCL,AL,ASO,ES,Federal Contract Tower,0,3,16,1,20,0,0,72,3,75,0,3,88,4,95,176,0,176,271
05/02/2005,TCL,AL,ASO,ES,Federal Contract Tower,2,3,25,21,51,0,0,63,36,99,2,3,88,57,150,80,0,80,230
05/03/2005,TCL,AL,ASO,ES,Federal Contract Tower,0,4,29,28,61,0,2,42,25,69,0,6,71,53,130,58,12,70,200
05/04/2005,TCL,AL,ASO,ES,Federal Contract Tower,0,9,39,17,65,0,0,45,34,79,0,9,84,51,144,22,6,28,172
05/05/2005,TCL,AL,ASO,ES,Federal Contract Tower,0,1,37,29,67,0,0,40,41,81,0,1,77,70,148,46,0,46,194
05/06/2005,TCL,AL,ASO,ES,Federal Contract Tower,0,11,25,18,54,0,1,44,35,80,0,12,69,53,134,114,18,132,266
05/07/2005,TCL,AL,ASO,ES,Federal Contract Tower,0,2,7,4,13,0,0,68,8,76,0,2,75,12,89,84,12,96,185
05/08/2005,TCL,AL,ASO,ES,Federal Contract Tower,0,4,10,2,16,0,0,43,2,45,0,4,53,4,61,156,0,156,217
05/09/2005,TCL,AL,ASO,ES,Federal Contract Tower,1,6,26,9,42,0,2,32,15,49,1,8,58,24,91,14,0,14,105
05/10/2005,TCL,AL,ASO,ES,Federal Contract Tower,3,6,23,17,49,0,0,18,31,49,3,6,41,48,98,72,0,72,170
05/11/2005,TCL,AL,ASO,ES,Federal Contract Tower,0,9,18,22,49,0,4,41,36,81,0,13,59,58,130,90,14,104,234
05/12/2005,TCL,AL,ASO,ES,Federal Contract Tower,0,5,17,17,39,0,2,37,35,74,0,7,54,52,113,42,8,50,163
05/13/2005,TCL,AL,ASO,ES,Federal Contract Tower,0,4,14,22,40,0,1,41,40,82,0,5,55,62,122,86,26,112,234
05/14/2005,TCL,AL,ASO,ES,Federal Contract Tower,0,4,15,2,21,0,1,38,0,39,0,5,53,2,60,100,0,100,160
05/15/2005,TCL,AL,ASO,ES,Federal Contract Tower,0,3,21,1,25,0,0,24,0,24,0,3,45,1,49,68,0,68,117
05/16/2005,TCL,AL,ASO,ES,Federal Contract Tower,0,4,17,6,27,0,1,34,16,51,0,5,51,22,78,70,6,76,154
05/17/2005,TCL,AL,ASO,ES,Federal Contract Tower,0,5,38,8,51,0,0,66,26,92,0,5,104,34,143,42,2,44,187
05/18/2005,TCL,AL,ASO,ES,Federal Contract Tower,0,0,26,6,32,0,0,43,14,57,0,0,69,20,89,18,0,18,107
05/19/2005,TCL,AL,ASO,ES,Federal Contract Tower,0,5,38,18,61,0,3,31,36,70,0,8,69,54,131,36,2,38,169
05/20/2005,TCL,AL,ASO,ES,Federal Contract Tower,0,6,27,6,39,0,2,16,6,24,0,8,43,12,63,49,0,49,112
05/21/2005,TCL,AL,ASO,ES,Federal Contract Tower,0,0,16,3,19,0,0,44,11,55,0,0,60,14,74,128,0,128,202
05/22/2005,TCL,AL,ASO,ES,Federal Contract Tower,0,8,22,2,32,0,0,27,4,31,0,8,49,6,63,132,0,132,195
05/23/2005,TCL,AL,ASO,ES,Federal Contract Tower,0,7,29,13,49,0,0,16,19,35,0,7,45,32,84,26,18,44,128
05/24/2005,TCL,AL,ASO,ES,Federal Contract Tower,0,5,18,18,41,0,1,43,16,60,0,6,61,34,101,96,8,104,205
05/25/2005,TCL,AL,ASO,ES,Federal Contract Tower,0,5,20,16,41,0,0,44,24,68,0,5,64,40,109,36,0,36,145
05/26/2005,TCL,AL,ASO,ES,Federal Contract Tower,0,4,29,14,47,0,0,66,22,88,0,4,95,36,135,52,0,52,187
05/27/2005,TCL,AL,ASO,ES,Federal Contract Tower,2,10,25,3,40,0,0,37,27,64,2,10,62,30,104,52,16,68,172
05/28/2005,TCL,AL,ASO,ES,Federal Contract Tower,0,0,20,3,23,0,0,42,5,47,0,0,62,8,70,120,16,136,206
05/29/2005,TCL,AL,ASO,ES,Federal Contract Tower,0,1,15,0,16,0,0,22,0,22,0,1,37,0,38,82,0,82,120
05/30/2005,TCL,AL,ASO,ES,Federal Contract Tower,0,2,26,2,30,0,0,5,0,5,0,2,31,2,35,8,0,8,43
05/31/2005,TCL,AL,ASO,ES,Federal Contract Tower,0,7,19,8,34,0,0,1,6,7,0,7,20,14,41,0,0,0,41
06/01/2005,TCL,AL,ASO,ES,Federal Contract Tower,0,6,22,10,38,0,0,4,9,13,0,6,26,19,51,14,0,14,65
06/02/2005,TCL,AL,ASO,ES,Federal Contract Tower,0,14,32,13,59,0,1,27,16,44,0,15,59,29,103,56,6,62,165
06/03/2005,TCL,AL,ASO,ES,Federal Contract Tower,0,5,26,16,47,0,0,21,16,37,0,5,47,32,84,56,0,56,140
06/04/2005,TCL,AL,ASO,ES,Federal Contract Tower,0,7,29,1,37,0,2,47,4,53,0,9,76,5,90,146,28,174,264
06/05/2005,TCL,AL,ASO,ES,Federal Contract Tower,0,5,32,0,37,0,0,25,6,31,0,5,57,6,68,92,18,110,178
06/06/2005,TCL,AL,ASO,ES,Federal Contract Tower,2,2,18,6,28,0,2,24,14,40,2,4,42,20,68,30,0,30,98
06/07/2005,TCL,AL,ASO,ES,Federal Contract Tower,0,8,16,19,43,0,6,24,31,61,0,14,40,50,104,66,2,68,172
06/08/2005,TCL,AL,ASO,ES,Federal Contract Tower,0,7,24,15,46,0,0,40,36,76,0,7,64,51,122,36,8,44,166
06/09/2005,TCL,AL,ASO,ES,Federal Contract Tower,0,3,23,7,33,0,0,47,23,70,0,3,70,30,103,50,2,52,155
06/10/2005,TCL,AL,ASO,ES,Federal Contract Tower,0,12,16,5,33,0,0,25,13,38,0,12,41,18,71,46,0,46,117
06/11/2005,TCL,AL,ASO,ES,Federal Contract Tower,0,0,5,0,5,0,0,2,0,2,0,0,7,0,7,0,0,0,7
06/12/2005,TCL,AL,ASO,ES,Federal Contract Tower,0,4,18,0,22,0,0,14,0,14,0,4,32,0,36,22,0,22,58
06/13/2005,TCL,AL,ASO,ES,Federal Contract Tower,0,2,14,16,32,0,2,47,43,92,0,4,61,59,124,90,20,110,234
06/14/2005,TCL,AL,ASO,ES,Federal Contract Tower,0,1,25,12,38,0,1,43,26,70,0,2,68,38,108,66,16,82,190
06/15/2005,TCL,AL,ASO,ES,Federal Contract Tower,0,0,31,10,41,0,0,60,29,89,0,0,91,39,130,68,4,72,202
06/16/2005,TCL,AL,ASO,ES,Federal Contract Tower,0,2,23,8,33,0,0,67,20,87,0,2,90,28,120,38,0,38,158
06/17/2005,TCL,AL,ASO,ES,Federal Contract Tower,0,3,28,16,47,0,0,34,38,72,0,3,62,54,119,76,42,118,237
06/18/2005,TCL,AL,ASO,ES,Federal Contract Tower,0,6,23,0,29,0,1,45,0,46,0,7,68,0,75,106,0,106,181
06/19/2005,TCL,AL,ASO,ES,Federal Contract Tower,0,1,20,0,21,0,0,42,4,46,0,1,62,4,67,114,0,114,181
06/20/2005,TCL,AL,ASO,ES,Federal Contract Tower,0,3,25,7,35,0,0,43,29,72,0,3,68,36,107,106,0,106,213
06/21/2005,TCL,AL,ASO,ES,Federal Contract Tower,0,2,21,16,39,0,0,33,28,61,0,2,54,44,100,58,12,70,170
06/22/2005,TCL,AL,ASO,ES,Federal Contract Tower,0,7,33,12,52,0,0,59,17,76,0,7,92,29,128,64,8,72,200
06/23/2005,TCL,AL,ASO,ES,Federal Contract Tower,0,5,19,5,29,0,0,64,15,79,0,5,83,20,108,54,0,54,162
06/24/2005,TCL,AL,ASO,ES,Federal Contract Tower,2,10,30,12,54,0,2,33,30,65,2,12,63,42,119,110,10,120,239
06/25/2005,TCL,AL,ASO,ES,Federal Contract Tower,0,3,5,6,14,0,4,48,23,75,0,7,53,29,89,118,0,118,207
06/26/2005,TCL,AL,ASO,ES,Federal Contract Tower,0,2,24,5,31,0,1,30,7,38,0,3,54,12,69,92,0,92,161
06/27/2005,TCL,AL,ASO,ES,Federal Contract Tower,0,6,23,10,39,0,0,29,31,60,0,6,52,41,99,96,18,114,213
06/28/2005,TCL,AL,ASO,ES,Federal Contract Tower,0,2,27,12,41,0,0,39,18,57,0,2,66,30,98,40,0,40,138
06/29/2005,TCL,AL,ASO,ES,Federal Contract Tower,0,4,13,9,26,0,0,37,37,74,0,4,50,46,100,82,10,92,192
06/30/2005,TCL,AL,ASO,ES,Federal Contract Tower,0,9,25,14,48,0,0,51,30,81,0,9,76,44,129,34,4,38,167
07/01/2005,TCL,AL,ASO,ES,Federal Contract Tower,0,6,32,1,39,0,3,39,3,45,0,9,71,4,84,80,8,88,172
07/02/2005,TCL,AL,ASO,ES,Federal Contract Tower,0,0,17,0,17,0,0,27,2,29,0,0,44,2,46,116,6,122,168
07/03/2005,TCL,AL,ASO,ES,Federal Contract Tower,0,0,4,4,8,0,0,21,4,25,0,0,25,8,33,104,0,104,137
07/04/2005,TCL,AL,ASO,ES,Federal Contract Tower,0,1,11,0,12,0,1,25,0,26,0,2,36,0,38,67,0,67,105
07/05/2005,TCL,AL,ASO,ES,Federal Contract Tower,0,0,22,0,22,0,0,25,8,33,0,0,47,8,55,38,0,38,93
07/06/2005,TCL,AL,ASO,ES,Federal Contract Tower,0,5,10,0,15,0,1,1,0,2,0,6,11,0,17,2,0,2,19
07/07/2005,TCL,AL,ASO,ES,Federal Contract Tower,0,2,15,17,34,0,0,40,21,61,0,2,55,38,95,40,24,64,159
07/08/2005,TCL,AL,ASO,ES,Federal Contract Tower,0,4,24,14,42,0,0,34,20,54,0,4,58,34,96,50,0,50,146
07/09/2005,TCL,AL,ASO,ES,Federal Contract Tower,0,2,22,0,24,0,1,35,0,36,0,3,57,0,60,52,0,52,112
07/10/2005,TCL,AL,ASO,ES,Federal Contract Tower,0,0,0,0,0,0,0,0,0,0,0,0,0,0,0,36,0,36,36
07/11/2005,TCL,AL,ASO,ES,Federal Contract Tower,0,1,6,0,7,0,0,2,0,2,0,1,8,0,9,2,0,2,11
07/12/2005,TCL,AL,ASO,ES,Federal Contract Tower,0,2,17,0,19,0,0,15,4,19,0,2,32,4,38,16,20,36,74
07/13/2005,TCL,AL,ASO,ES,Federal Contract Tower,0,1,19,17,37,0,0,13,27,40,0,1,32,44,77,26,6,32,109
07/14/2005,TCL,AL,ASO,ES,Federal Contract Tower,0,1,30,11,42,0,0,22,19,41,0,1,52,30,83,64,2,66,149
07/15/2005,TCL,AL,ASO,ES,Federal Contract Tower,0,12,28,12,52,0,0,17,12,29,0,12,45,24,81,34,8,42,123
07/16/2005,TCL,AL,ASO,ES,Federal Contract Tower,0,0,11,6,17,0,0,25,4,29,0,0,36,10,46,92,2,94,140
07/17/2005,TCL,AL,ASO,ES,Federal Contract Tower,0,6,25,17,48,0,2,27,19,48,0,8,52,36,96,78,30,108,204
07/18/2005,TCL,AL,ASO,ES,Federal Contract Tower,0,3,15,18,36,0,1,47,34,82,0,4,62,52,118,62,0,62,180
07/19/2005,TCL,AL,ASO,ES,Federal Contract Tower,0,6,33,19,58,0,3,42,23,68,0,9,75,42,126,36,0,36,162
07/20/2005,TCL,AL,ASO,ES,Federal Contract Tower,0,8,27,20,55,0,2,43,33,78,0,10,70,53,133,40,0,40,173
07/21/2005,TCL,AL,ASO,ES,Federal Contract Tower,0,10,27,11,48,0,2,33,25,60,0,12,60,36,108,12,0,12,120
07/22/2005,TCL,AL,ASO,ES,Federal Contract Tower,0,3,30,6,39,0,1,40,10,51,0,4,70,16,90,44,0,44,134
07/23/2005,TCL,AL,ASO,ES,Federal Contract Tower,0,0,16,1,17,0,2,60,1,63,0,2,76,2,80,104,8,112,192
07/24/2005,TCL,AL,ASO,ES,Federal Contract Tower,0,4,22,2,28,0,1,33,2,36,0,5,55,4,64,92,8,100,164
07/25/2005,TCL,AL,ASO,ES,Federal Contract Tower,0,5,23,13,41,0,2,28,23,53,0,7,51,36,94,96,8,104,198
07/26/2005,TCL,AL,ASO,ES,Federal Contract Tower,0,5,28,3,36,0,0,30,5,35,0,5,58,8,71,34,0,34,105
07/27/2005,TCL,AL,ASO,ES,Federal Contract Tower,0,3,30,7,40,0,0,28,11,39,0,3,58,18,79,28,0,28,107
07/28/2005,TCL,AL,ASO,ES,Federal Contract Tower,1,8,24,10,43,0,0,19,9,28,1,8,43,19,71,12,0,12,83
07/29/2005,TCL,AL,ASO,ES,Federal Contract Tower,1,7,26,16,50,0,1,10,19,30,1,8,36,35,80,22,12,34,114
07/30/2005,TCL,AL,ASO,ES,Federal Contract Tower,0,1,20,17,38,0,3,24,22,49,0,4,44,39,87,108,6,114,201
07/31/2005,TCL,AL,ASO,ES,Federal Contract Tower,0,7,24,10,41,0,1,11,8,20,0,8,35,18,61,58,0,58,119
08/01/2005,TCL,AL,ASO,ES,Federal Contract Tower,0,5,24,7,36,0,0,33,23,56,0,5,57,30,92,124,6,130,222
08/02/2005,TCL,AL,ASO,ES,Federal Contract Tower,0,5,30,4,39,0,1,14,6,21,0,6,44,10,60,26,0,26,86
08/03/2005,TCL,AL,ASO,ES,Federal Contract Tower,1,9,31,14,55,0,0,38,15,53,1,9,69,29,108,68,4,72,180
08/04/2005,TCL,AL,ASO,ES,Federal Contract Tower,1,7,28,10,46,0,0,44,16,60,1,7,72,26,106,72,0,72,178
08/05/2005,TCL,AL,ASO,ES,Federal Contract Tower,0,16,24,2,42,0,1,16,4,21,0,17,40,6,63,40,0,40,103
08/06/2005,TCL,AL,ASO,ES,Federal Contract Tower,0,4,15,10,29,0,0,36,15,51,0,4,51,25,80,138,18,156,236
08/07/2005,TCL,AL,ASO,ES,Federal Contract Tower,0,2,19,10,31,0,0,22,10,32,0,2,41,20,63,94,4,98,161
08/08/2005,TCL,AL,ASO,ES,Federal Contract Tower,0,6,37,14,57,0,0,33,31,64,0,6,70,45,121,38,10,48,169
08/09/2005,TCL,AL,ASO,ES,Federal Contract Tower,0,7,33,4,44,0,1,20,15,36,0,8,53,19,80,22,0,22,102
08/10/2005,TCL,AL,ASO,ES,Federal Contract Tower,0,10,28,8,46,0,2,15,11,28,0,12,43,19,74,36,0,36,110
08/11/2005,TCL,AL,ASO,ES,Federal Contract Tower,0,8,34,5,47,0,2,30,13,45,0,10,64,18,92,40,0,40,132
08/12/2005,TCL,AL,ASO,ES,Federal Contract Tower,0,14,38,9,61,0,3,15,15,33,0,17,53,24,94,78,16,94,188
08/13/2005,TCL,AL,ASO,ES,Federal Contract Tower,0,7,15,0,22,0,0,40,4,44,0,7,55,4,66,94,0,94,160
08/14/2005,TCL,AL,ASO,ES,Federal Contract Tower,0,4,20,12,36,0,0,28,4,32,0,4,48,16,68,94,0,94,162
08/15/2005,TCL,AL,ASO,ES,Federal Contract Tower,0,1,27,5,33,0,0,44,11,55,0,1,71,16,88,90,8,98,186
08/16/2005,TCL,AL,ASO,ES,Federal Contract Tower,0,15,33,11,59,0,8,49,17,74,0,23,82,28,133,102,0,102,235
08/17/2005,TCL,AL,ASO,ES,Federal Contract Tower,0,16,28,8,52,0,2,41,19,62,0,18,69,27,114,60,0,60,174
08/18/2005,TCL,AL,ASO,ES,Federal Contract Tower,5,18,31,4,58,0,5,50,7,62,5,23,81,11,120,60,0,60,180
08/19/2005,TCL,AL,ASO,ES,Federal Contract Tower,1,14,31,15,61,0,3,37,17,57,1,17,68,32,118,84,26,110,228
08/20/2005,TCL,AL,ASO,ES,Federal Contract Tower,2,2,23,4,31,0,0,55,9,64,2,2,78,13,95,116,28,144,239
08/21/2005,TCL,AL,ASO,ES,Federal Contract Tower,2,6,26,11,45,0,0,31,5,36,2,6,57,16,81,64,10,74,155
08/22/2005,TCL,AL,ASO,ES,Federal Contract Tower,0,6,16,10,32,0,0,17,32,49,0,6,33,42,81,62,4,66,147
08/23/2005,TCL,AL,ASO,ES,Federal Contract Tower,0,8,41,8,57,0,3,22,13,38,0,11,63,21,95,28,0,28,123
08/24/2005,TCL,AL,ASO,ES,Federal Contract Tower,0,11,25,10,46,0,0,26,22,48,0,11,51,32,94,46,10,56,150
08/25/2005,TCL,AL,ASO,ES,Federal Contract Tower,0,4,30,10,44,0,2,40,17,59,0,6,70,27,103,44,12,56,159
08/26/2005,TCL,AL,ASO,ES,Federal Contract Tower,0,5,30,9,44,0,1,49,31,81,0,6,79,40,125,134,14,148,273
08/27/2005,TCL,AL,ASO,ES,Federal Contract Tower,0,1,12,5,18,0,1,75,5,81,0,2,87,10,99,102,0,102,201
08/28/2005,TCL,AL,ASO,ES,Federal Contract Tower,0,2,17,14,33,0,0,20,16,36,0,2,37,30,69,24,32,56,125
08/29/2005,TCL,AL,ASO,ES,Federal Contract Tower,0,0,5,0,5,0,0,3,0,3,0,0,8,0,8,0,0,0,8
08/30/2005,TCL,AL,ASO,ES,Federal Contract Tower,0,0,4,1,5,0,0,17,1,18,0,0,21,2,23,18,0,18,41
08/31/2005,TCL,AL,ASO,ES,Federal Contract Tower,2,8,29,9,48,0,0,43,15,58,2,8,72,24,106,62,4,66,172
09/01/2005,TCL,AL,ASO,ES,Federal Contract Tower,0,5,24,17,46,0,0,57,16,73,0,5,81,33,119,44,8,52,171
09/02/2005,TCL,AL,ASO,ES,Federal Contract Tower,0,5,28,9,42,0,2,41,19,62,0,7,69,28,104,48,0,48,152
09/03/2005,TCL,AL,ASO,ES,Federal Contract Tower,0,0,24,1,25,0,0,79,1,80,0,0,103,2,105,106,0,106,211
09/04/2005,TCL,AL,ASO,ES,Federal Contract Tower,0,2,9,2,13,0,0,48,18,66,0,2,57,20,79,60,4,64,143
09/05/2005,TCL,AL,ASO,ES,Federal Contract Tower,0,3,24,0,27,0,0,54,2,56,0,3,78,2,83,104,0,104,187
09/06/2005,TCL,AL,ASO,ES,Federal Contract Tower,0,0,37,18,55,0,0,34,49,83,0,0,71,67,138,36,24,60,198
09/07/2005,TCL,AL,ASO,ES,Federal Contract Tower,0,4,16,8,28,0,0,34,11,45,0,4,50,19,73,54,0,54,127
09/08/2005,TCL,AL,ASO,ES,Federal Contract Tower,0,9,26,9,44,0,0,39,20,59,0,9,65,29,103,44,18,62,165
09/09/2005,TCL,AL,ASO,ES,Federal Contract Tower,0,11,25,17,53,0,1,44,19,64,0,12,69,36,117,102,22,124,241
09/10/2005,TCL,AL,ASO,ES,Federal Contract Tower,0,5,44,5,54,0,1,61,2,64,0,6,105,7,118,87,4,91,209
09/11/2005,TCL,AL,ASO,ES,Federal Contract Tower,0,7,33,7,47,0,4,42,15,61,0,11,75,22,108,102,0,102,210
09/12/2005,TCL,AL,ASO,ES,Federal Contract Tower,0,1,32,22,55,0,0,31,30,61,0,1,63,52,116,86,14,100,216
09/13/2005,TCL,AL,ASO,ES,Federal Contract Tower,0,8,17,13,38,0,0,27,29,56,0,8,44,42,94,40,2,42,136
09/14/2005,TCL,AL,ASO,ES,Federal Contract Tower,0,5,23,17,45,0,1,36,45,82,0,6,59,62,127,72,12,84,211
09/15/2005,TCL,AL,ASO,ES,Federal Contract Tower,0,11,25,28,64,0,2,34,33,69,0,13,59,61,133,26,20,46,179
09/16/2005,TCL,AL,ASO,ES,Federal Contract Tower,2,11,28,9,50,0,0,10,7,17,2,11,38,16,67,32,16,48,115
09/17/2005,TCL,AL,ASO,ES,Federal Contract Tower,0,6,17,1,24,0,0,12,7,19,0,6,29,8,43,32,0,32,75
09/18/2005,TCL,AL,ASO,ES,Federal Contract Tower,2,5,35,9,51,0,0,48,7,55,2,5,83,16,106,132,0,132,238
09/19/2005,TCL,AL,ASO,ES,Federal Contract Tower,0,4,11,27,42,0,0,36,29,65,0,4,47,56,107,74,0,74,181
09/20/2005,TCL,AL,ASO,ES,Federal Contract Tower,0,10,29,15,54,0,4,40,30,74,0,14,69,45,128,32,0,32,160
09/21/2005,TCL,AL,ASO,ES,Federal Contract Tower,2,7,24,14,47,0,0,49,19,68,2,7,73,33,115,86,0,86,201
09/22/2005,TCL,AL,ASO,ES,Federal Contract Tower,0,15,26,16,57,0,0,40,22,62,0,15,66,38,119,60,6,66,185
09/23/2005,TCL,AL,ASO,ES,Federal Contract Tower,0,9,37,14,60,0,4,37,24,65,0,13,74,38,125,44,24,68,193
09/24/2005,TCL,AL,ASO,ES,Federal Contract Tower,4,7,55,0,66,0,5,18,4,27,4,12,73,4,93,34,0,34,127
09/25/2005,TCL,AL,ASO,ES,Federal Contract Tower,0,2,13,0,15,0,0,4,0,4,0,2,17,0,19,10,0,10,29
09/26/2005,TCL,AL,ASO,ES,Federal Contract Tower,0,2,20,25,47,0,0,47,20,67,0,2,67,45,114,73,0,73,187
09/27/2005,TCL,AL,ASO,ES,Federal Contract Tower,0,7,16,14,37,0,1,34,19,54,0,8,50,33,91,62,12,74,165
09/28/2005,TCL,AL,ASO,ES,Federal Contract Tower,0,10,25,12,47,0,1,39,36,76,0,11,64,48,123,38,14,52,175
09/29/2005,TCL,AL,ASO,ES,Federal Contract Tower,2,9,34,7,52,0,2,32,7,41,2,11,66,14,93,38,0,38,131
09/30/2005,TCL,AL,ASO,ES,Federal Contract Tower,5,32,28,3,68,0,3,54,5,62,5,35,82,8,130,90,0,90,220
10/01/2005,TCL,AL,ASO,ES,Federal Contract Tower,7,19,143,1,170,0,1,75,1,77,7,20,218,2,247,70,0,70,317
10/02/2005,TCL,AL,ASO,ES,Federal Contract Tower,0,6,56,0,62,0,0,53,16,69,0,6,109,16,131,146,12,158,289
10/03/2005,TCL,AL,ASO,ES,Federal Contract Tower,2,11,32,8,53,0,1,44,20,65,2,12,76,28,118,96,6,102,220
10/04/2005,TCL,AL,ASO,ES,Federal Contract Tower,0,10,19,4,33,0,1,34,14,49,0,11,53,18,82,70,0,70,152
10/05/2005,TCL,AL,ASO,ES,Federal Contract Tower,8,16,19,14,57,0,8,28,71,107,8,24,47,85,164,26,0,26,190
10/06/2005,TCL,AL,ASO,ES,Federal Contract Tower,0,12,45,5,62,0,0,12,22,34,0,12,57,27,96,36,0,36,132
10/07/2005,TCL,AL,ASO,ES,Federal Contract Tower,0,21,33,29,83,0,0,3,23,26,0,21,36,52,109,12,8,20,129
10/08/2005,TCL,AL,ASO,ES,Federal Contract Tower,2,2,26,7,37,0,2,21,6,29,2,4,47,13,66,92,12,104,170
10/09/2005,TCL,AL,ASO,ES,Federal Contract Tower,0,10,19,0,29,0,0,11,0,11,0,10,30,0,40,86,0,86,126
10/10/2005,TCL,AL,ASO,ES,Federal Contract Tower,0,6,26,1,33,0,2,35,2,39,0,8,61,3,72,68,0,68,140
10/11/2005,TCL,AL,ASO,ES,Federal Contract Tower,0,15,24,15,54,0,0,19,12,31,0,15,43,27,85,26,0,26,111
10/12/2005,TCL,AL,ASO,ES,Federal Contract Tower,0,7,28,15,50,0,0,22,18,40,0,7,50,33,90,56,0,56,146
10/13/2005,TCL,AL,ASO,ES,Federal Contract Tower,4,9,29,11,53,0,3,28,14,45,4,12,57,25,98,48,0,48,146
10/14/2005,TCL,AL,ASO,ES,Federal Contract Tower,4,12,27,10,53,1,2,43,18,64,5,14,70,28,117,72,8,80,197
10/15/2005,TCL,AL,ASO,ES,Federal Contract Tower,3,5,19,3,30,0,1,30,2,33,3,6,49,5,63,84,0,84,147
10/16/2005,TCL,AL,ASO,ES,Federal Contract Tower,0,6,25,26,57,0,1,34,18,53,0,7,59,44,110,100,40,140,250
10/17/2005,TCL,AL,ASO,ES,Federal Contract Tower,0,5,37,17,59,0,0,63,23,86,0,5,100,40,145,114,16,130,275
10/18/2005,TCL,AL,ASO,ES,Federal Contract Tower,8,3,22,30,63,0,0,55,35,90,8,3,77,65,153,34,0,34,187
10/19/2005,TCL,AL,ASO,ES,Federal Contract Tower,3,7,20,22,52,0,0,43,26,69,3,7,63,48,121,48,32,80,201
10/20/2005,TCL,AL,ASO,ES,Federal Contract Tower,1,12,29,11,53,0,0,57,35,92,1,12,86,46,145,74,8,82,227
10/21/2005,TCL,AL,ASO,ES,Federal Contract Tower,1,12,43,10,66,0,0,42,12,54,1,12,85,22,120,72,0,72,192
10/22/2005,TCL,AL,ASO,ES,Federal Contract Tower,2,11,157,0,170,0,0,81,0,81,2,11,238,0,251,130,0,130,381
10/23/2005,TCL,AL,ASO,ES,Federal Contract Tower,0,4,38,3,45,0,0,81,1,82,0,4,119,4,127,118,24,142,269
10/24/2005,TCL,AL,ASO,ES,Federal Contract Tower,1,0,16,14,31,0,0,32,32,64,1,0,48,46,95,84,8,92,187
10/25/2005,TCL,AL,ASO,ES,Federal Contract Tower,2,9,26,8,45,0,2,38,24,64,2,11,64,32,109,44,2,46,155
10/26/2005,TCL,AL,ASO,ES,Federal Contract Tower,0,10,9,13,32,0,3,70,17,90,0,13,79,30,122,80,0,80,202
10/27/2005,TCL,AL,ASO,ES,Federal Contract Tower,0,15,18,12,45,0,1,51,30,82,0,16,69,42,127,74,0,74,201
10/28/2005,TCL,AL,ASO,ES,Federal Contract Tower,0,13,26,13,52,0,0,38,17,55,0,13,64,30,107,84,0,84,191
10/29/2005,TCL,AL,ASO,ES,Federal Contract Tower,0,3,40,0,43,0,0,42,2,44,0,3,82,2,87,135,4,139,226
10/30/2005,TCL,AL,ASO,ES,Federal Contract Tower,0,2,30,3,35,0,0,48,5,53,0,2,78,8,88,116,0,116,204
10/31/2005,TCL,AL,ASO,ES,Federal Contract Tower,0,5,12,4,21,0,2,35,24,61,0,7,47,28,82,78,0,78,160
11/01/2005,TCL,AL,ASO,ES,Federal Contract Tower,2,3,35,5,45,0,4,23,10,37,2,7,58,15,82,26,0,26,108
11/02/2005,TCL,AL,ASO,ES,Federal Contract Tower,0,3,13,14,30,0,5,27,31,63,0,8,40,45,93,46,14,60,153
11/03/2005,TCL,AL,ASO,ES,Federal Contract Tower,3,18,29,22,72,0,3,69,32,104,3,21,98,54,176,104,8,112,288
11/04/2005,TCL,AL,ASO,ES,Federal Contract Tower,2,12,27,6,47,0,2,43,14,59,2,14,70,20,106,112,0,112,218
11/05/2005,TCL,AL,ASO,ES,Federal Contract Tower,1,2,18,10,31,0,0,26,8,34,1,2,44,18,65,90,14,104,169
11/06/2005,TCL,AL,ASO,ES,Federal Contract Tower,0,6,25,16,47,0,0,26,14,40,0,6,51,30,87,100,8,108,195
11/07/2005,TCL,AL,ASO,ES,Federal Contract Tower,0,5,23,19,47,0,0,49,25,74,0,5,72,44,121,142,2,144,265
11/08/2005,TCL,AL,ASO,ES,Federal Contract Tower,0,8,18,12,38,0,1,43,23,67,0,9,61,35,105,94,10,104,209
11/09/2005,TCL,AL,ASO,ES,Federal Contract Tower,0,4,22,9,35,0,2,38,17,57,0,6,60,26,92,33,8,41,133
11/10/2005,TCL,AL,ASO,ES,Federal Contract Tower,0,10,33,21,64,0,3,29,31,63,0,13,62,52,127,62,10,72,199
11/11/2005,TCL,AL,ASO,ES,Federal Contract Tower,0,15,43,1,59,0,0,105,2,107,0,15,148,3,166,42,0,42,208
11/12/2005,TCL,AL,ASO,ES,Federal Contract Tower,2,18,175,1,196,0,0,135,12,147,2,18,310,13,343,142,0,142,485
11/13/2005,TCL,AL,ASO,ES,Federal Contract Tower,0,2,39,1,42,0,0,45,2,47,0,2,84,3,89,174,8,182,271
11/14/2005,TCL,AL,ASO,ES,Federal Contract Tower,0,2,11,0,13,0,0,6,0,6,0,2,17,0,19,34,0,34,53
11/15/2005,TCL,AL,ASO,ES,Federal Contract Tower,0,4,22,14,40,0,2,16,14,32,0,6,38,28,72,20,12,32,104
11/16/2005,TCL,AL,ASO,ES,Federal Contract Tower,0,7,22,11,40,0,1,47,46,94,0,8,69,57,134,52,0,52,186
11/17/2005,TCL,AL,ASO,ES,Federal Contract Tower,0,12,23,6,41,0,3,50,24,77,0,15,73,30,118,52,0,52,170
11/18/2005,TCL,AL,ASO,ES,Federal Contract Tower,0,10,35,13,58,0,0,59,21,80,0,10,94,34,138,110,22,132,270
11/19/2005,TCL,AL,ASO,ES,Federal Contract Tower,0,1,13,0,14,0,1,47,2,50,0,2,60,2,64,98,0,98,162
11/20/2005,TCL,AL,ASO,ES,Federal Contract Tower,0,3,6,4,13,0,1,34,6,41,0,4,40,10,54,92,12,104,158
11/21/2005,TCL,AL,ASO,ES,Federal Contract Tower,0,8,31,7,46,0,2,16,9,27,0,10,47,16,73,18,0,18,91
11/22/2005,TCL,AL,ASO,ES,Federal Contract Tower,0,7,30,17,54,0,0,42,30,72,0,7,72,47,126,28,0,28,154
11/23/2005,TCL,AL,ASO,ES,Federal Contract Tower,0,3,9,10,22,0,0,40,40,80,0,3,49,50,102,48,8,56,158
11/24/2005,TCL,AL,ASO,ES,Federal Contract Tower,0,3,8,0,11,0,0,16,0,16,0,3,24,0,27,32,0,32,59
11/25/2005,TCL,AL,ASO,ES,Federal Contract Tower,0,0,18,0,18,0,0,40,4,44,0,0,58,4,62,30,0,30,92
11/26/2005,TCL,AL,ASO,ES,Federal Contract Tower,0,5,12,0,17,0,0,27,0,27,0,5,39,0,44,102,0,102,146
11/27/2005,TCL,AL,ASO,ES,Federal Contract Tower,0,5,27,0,32,0,0,7,0,7,0,5,34,0,39,64,0,64,103
11/28/2005,TCL,AL,ASO,ES,Federal Contract Tower,0,7,15,7,29,0,0,1,9,10,0,7,16,16,39,2,10,12,51
11/29/2005,TCL,AL,ASO,ES,Federal Contract Tower,0,6,30,17,53,0,1,51,35,87,0,7,81,52,140,48,6,54,194
11/30/2005,TCL,AL,ASO,ES,Federal Contract Tower,0,2,24,15,41,0,0,58,17,75,0,2,82,32,116,56,0,56,172
12/01/2005,TCL,AL,ASO,ES,Federal Contract Tower,0,5,37,11,53,0,0,26,11,37,0,5,63,22,90,52,0,52,142
12/02/2005,TCL,AL,ASO,ES,Federal Contract Tower,0,11,36,11,58,0,0,58,19,77,0,11,94,30,135,92,0,92,227
12/03/2005,TCL,AL,ASO,ES,Federal Contract Tower,0,3,22,4,29,0,0,26,5,31,0,3,48,9,60,90,0,90,150
12/04/2005,TCL,AL,ASO,ES,Federal Contract Tower,0,6,32,5,43,0,0,4,3,7,0,6,36,8,50,18,0,18,68
12/05/2005,TCL,AL,ASO,ES,Federal Contract Tower,0,11,26,24,61,0,0,8,22,30,0,11,34,46,91,30,0,30,121
12/06/2005,TCL,AL,ASO,ES,Federal Contract Tower,0,8,19,27,54,0,1,47,9,57,0,9,66,36,111,28,0,28,139
12/07/2005,TCL,AL,ASO,ES,Federal Contract Tower,0,9,23,11,43,0,3,26,25,54,0,12,49,36,97,23,10,33,130
12/08/2005,TCL,AL,ASO,ES,Federal Contract Tower,0,4,16,4,24,0,0,11,14,25,0,4,27,18,49,36,0,36,85
12/09/2005,TCL,AL,ASO,ES,Federal Contract Tower,2,7,25,9,43,0,3,26,21,50,2,10,51,30,93,64,12,76,169
12/10/2005,TCL,AL,ASO,ES,Federal Contract Tower,0,1,15,2,18,0,0,52,4,56,0,1,67,6,74,106,6,112,186
12/11/2005,TCL,AL,ASO,ES,Federal Contract Tower,2,4,19,0,25,0,0,70,0,70,2,4,89,0,95,90,0,90,185
12/12/2005,TCL,AL,ASO,ES,Federal Contract Tower,0,4,27,10,41,0,3,46,25,74,0,7,73,35,115,86,0,86,201
12/13/2005,TCL,AL,ASO,ES,Federal Contract Tower,0,6,31,9,46,0,1,40,39,80,0,7,71,48,126,44,0,44,170
12/14/2005,TCL,AL,ASO,ES,Federal Contract Tower,0,8,20,7,35,0,2,5,8,15,0,10,25,15,50,2,0,2,52
12/15/2005,TCL,AL,ASO,ES,Federal Contract Tower,0,12,18,21,51,0,0,19,9,28,0,12,37,30,79,14,14,28,107
12/16/2005,TCL,AL,ASO,ES,Federal Contract Tower,0,6,34,13,53,0,2,51,23,76,0,8,85,36,129,48,18,66,195
12/17/2005,TCL,AL,ASO,ES,Federal Contract Tower,0,3,15,2,20,0,0,20,1,21,0,3,35,3,41,104,0,104,145
12/18/2005,TCL,AL,ASO,ES,Federal Contract Tower,0,3,12,10,25,0,0,66,8,74,0,3,78,18,99,106,12,118,217
12/19/2005,TCL,AL,ASO,ES,Federal Contract Tower,0,4,14,16,34,0,0,28,19,47,0,4,42,35,81,78,14,92,173
12/20/2005,TCL,AL,ASO,ES,Federal Contract Tower,0,5,19,7,31,0,2,31,15,48,0,7,50,22,79,42,8,50,129
12/21/2005,TCL,AL,ASO,ES,Federal Contract Tower,2,11,16,8,37,0,3,35,14,52,2,14,51,22,89,32,6,38,127
12/22/2005,TCL,AL,ASO,ES,Federal Contract Tower,1,6,26,4,37,0,2,33,14,49,1,8,59,18,86,30,0,30,116
12/23/2005,TCL,AL,ASO,ES,Federal Contract Tower,1,2,15,0,18,0,1,28,0,29,1,3,43,0,47,30,0,30,77
12/24/2005,TCL,AL,ASO,ES,Federal Contract Tower,0,0,3,0,3,0,0,8,0,8,0,0,11,0,11,12,0,12,23
12/25/2005,TCL,AL,ASO,ES,Federal Contract Tower,0,0,4,0,4,0,0,3,0,3,0,0,7,0,7,58,0,58,65
12/26/2005,TCL,AL,ASO,ES,Federal Contract Tower,0,3,20,0,23,0,1,35,0,36,0,4,55,0,59,56,0,56,115
12/27/2005,TCL,AL,ASO,ES,Federal Contract Tower,0,1,13,0,14,0,2,29,2,33,0,3,42,2,47,50,0,50,97
12/28/2005,TCL,AL,ASO,ES,Federal Contract Tower,0,2,3,0,5,0,2,6,4,12,0,4,9,4,17,10,0,10,27
12/29/2005,TCL,AL,ASO,ES,Federal Contract Tower,0,2,9,0,11,0,0,34,0,34,0,2,43,0,45,34,0,34,79
12/30/2005,TCL,AL,ASO,ES,Federal Contract Tower,2,4,23,2,31,0,3,50,6,59,2,7,73,8,90,76,0,76,166
12/31/2005,TCL,AL,ASO,ES,Federal Contract Tower,0,2,7,0,9,0,0,30,4,34,0,2,37,4,43,60,4,64,107
01/01/2006,TCL,AL,ASO,ES,Federal Contract Tower,2,1,11,0,14,0,1,0,0,1,2,2,11,0,15,0,0,0,15
01/02/2006,TCL,AL,ASO,ES,Federal Contract Tower,0,3,6,0,9,0,1,14,0,15,0,4,20,0,24,60,0,60,84
01/03/2006,TCL,AL,ASO,ES,Federal Contract Tower,0,3,20,10,33,0,1,49,10,60,0,4,69,20,93,58,0,58,151
01/04/2006,TCL,AL,ASO,ES,Federal Contract Tower,2,2,22,9,35,0,1,38,20,59,2,3,60,29,94,58,12,70,164
01/05/2006,TCL,AL,ASO,ES,Federal Contract Tower,0,1,29,10,40,0,0,48,12,60,0,1,77,22,100,34,12,46,146
01/06/2006,TCL,AL,ASO,ES,Federal Contract Tower,0,3,17,22,42,0,3,9,12,24,0,6,26,34,66,22,28,50,116
01/07/2006,TCL,AL,ASO,ES,Federal Contract Tower,0,1,25,6,32,0,0,64,6,70,0,1,89,12,102,142,10,152,254
01/08/2006,TCL,AL,ASO,ES,Federal Contract Tower,0,3,14,20,37,0,1,29,26,56,0,4,43,46,93,68,56,124,217
01/09/2006,TCL,AL,ASO,ES,Federal Contract Tower,0,3,17,12,32,0,3,33,18,54,0,6,50,30,86,118,14,132,218
01/10/2006,TCL,AL,ASO,ES,Federal Contract Tower,0,6,28,10,44,0,0,34,18,52,0,6,62,28,96,48,0,48,144
01/11/2006,TCL,AL,ASO,ES,Federal Contract Tower,0,3,35,7,45,0,1,46,21,68,0,4,81,28,113,112,2,114,227
01/12/2006,TCL,AL,ASO,ES,Federal Contract Tower,0,3,12,26,41,0,0,59,26,85,0,3,71,52,126,114,0,114,240
01/13/2006,TCL,AL,ASO,ES,Federal Contract Tower,2,8,10,3,23,0,0,2,3,5,2,8,12,6,28,0,0,0,28
01/14/2006,TCL,AL,ASO,ES,Federal Contract Tower,2,4,9,2,17,0,1,23,2,26,2,5,32,4,43,20,0,20,63
01/15/2006,TCL,AL,ASO,ES,Federal Contract Tower,0,8,22,1,31,0,1,53,5,59,0,9,75,6,90,118,0,118,208
01/16/2006,TCL,AL,ASO,ES,Federal Contract Tower,0,0,12,3,15,0,0,28,4,32,0,0,40,7,47,100,14,114,161
01/17/2006,TCL,AL,ASO,ES,Federal Contract Tower,0,6,16,1,23,0,0,0,0,0,0,6,16,1,23,0,0,0,23
01/18/2006,TCL,AL,ASO,ES,Federal Contract Tower,4,7,21,26,58,0,0,56,24,80,4,7,77,50,138,30,10,40,178
01/19/2006,TCL,AL,ASO,ES,Federal Contract Tower,0,0,22,5,27,0,3,44,19,66,0,3,66,24,93,38,0,38,131
01/20/2006,TCL,AL,ASO,ES,Federal Contract Tower,2,5,37,16,60,0,1,30,18,49,2,6,67,34,109,63,0,63,172
01/21/2006,TCL,AL,ASO,ES,Federal Contract Tower,3,2,18,3,26,0,0,5,1,6,3,2,23,4,32,0,0,0,32
01/22/2006,TCL,AL,ASO,ES,Federal Contract Tower,1,2,13,13,29,0,2,10,5,17,1,4,23,18,46,16,0,16,62
01/23/2006,TCL,AL,ASO,ES,Federal Contract Tower,0,7,25,4,36,0,0,1,2,3,0,7,26,6,39,0,0,0,39
01/24/2006,TCL,AL,ASO,ES,Federal Contract Tower,0,4,27,15,46,0,1,42,23,66,0,5,69,38,112,52,8,60,172
01/25/2006,TCL,AL,ASO,ES,Federal Contract Tower,0,5,27,15,47,0,3,39,35,77,0,8,66,50,124,38,4,42,166
01/26/2006,TCL,AL,ASO,ES,Federal Contract Tower,0,14,16,19,49,0,0,41,33,74,0,14,57,52,123,92,18,110,233
01/27/2006,TCL,AL,ASO,ES,Federal Contract Tower,0,22,23,14,59,0,2,31,16,49,0,24,54,30,108,48,0,48,156
01/28/2006,TCL,AL,ASO,ES,Federal Contract Tower,0,3,8,0,11,0,0,35,14,49,0,3,43,14,60,102,0,102,162
01/29/2006,TCL,AL,ASO,ES,Federal Contract Tower,0,5,23,2,30,0,0,18,6,24,0,5,41,8,54,106,6,112,166
01/30/2006,TCL,AL,ASO,ES,Federal Contract Tower,0,3,12,10,25,0,3,2,11,16,0,6,14,21,41,12,6,18,59
01/31/2006,TCL,AL,ASO,ES,Federal Contract Tower,0,7,21,13,41,0,1,47,27,75,0,8,68,40,116,46,0,46,162
02/01/2006,TCL,AL,ASO,ES,Federal Contract Tower,0,3,14,22,39,0,0,155,36,191,0,3,169,58,230,38,22,60,290
02/02/2006,TCL,AL,ASO,ES,Federal Contract Tower,1,12,14,19,46,0,0,27,12,39,1,12,41,31,85,12,0,12,97
02/03/2006,TCL,AL,ASO,ES,Federal Contract Tower,3,4,31,4,42,0,0,13,2,15,3,4,44,6,57,12,0,12,69
02/04/2006,TCL,AL,ASO,ES,Federal Contract Tower,3,8,16,0,27,0,0,14,2,16,3,8,30,2,43,28,0,28,71
02/05/2006,TCL,AL,ASO,ES,Federal Contract Tower,0,2,16,7,25,0,0,46,7,53,0,2,62,14,78,60,0,60,138
02/06/2006,TCL,AL,ASO,ES,Federal Contract Tower,3,0,14,5,22,0,0,3,0,3,3,0,17,5,25,0,0,0,25
02/07/2006,TCL,AL,ASO,ES,Federal Contract Tower,1,2,13,11,27,0,1,44,19,64,1,3,57,30,91,34,6,40,131
02/08/2006,TCL,AL,ASO,ES,Federal Contract Tower,3,4,13,20,40,0,1,47,22,70,3,5,60,42,110,88,0,88,198
02/09/2006,TCL,AL,ASO,ES,Federal Contract Tower,0,6,26,15,47,0,0,57,30,87,0,6,83,45,134,40,0,40,174
02/10/2006,TCL,AL,ASO,ES,Federal Contract Tower,2,3,27,12,44,0,0,11,26,37,2,3,38,38,81,6,12,18,99
02/11/2006,TCL,AL,ASO,ES,Federal Contract Tower,0,1,14,3,18,0,0,10,2,12,0,1,24,5,30,8,2,10,40
02/12/2006,TCL,AL,ASO,ES,Federal Contract Tower,0,4,22,5,31,0,0,92,7,99,0,4,114,12,130,82,0,82,212
02/13/2006,TCL,AL,ASO,ES,Federal Contract Tower,2,3,28,9,42,0,7,185,20,212,2,10,213,29,254,138,14,152,406
02/14/2006,TCL,AL,ASO,ES,Federal Contract Tower,0,1,21,8,30,0,1,287,18,306,0,2,308,26,336,88,0,88,424
02/15/2006,TCL,AL,ASO,ES,Federal Contract Tower,4,1,26,17,48,0,2,154,33,189,4,3,180,50,237,32,10,42,279
02/16/2006,TCL,AL,ASO,ES,Federal Contract Tower,0,11,36,18,65,0,4,31,22,57,0,15,67,40,122,18,0,18,140
02/17/2006,TCL,AL,ASO,ES,Federal Contract Tower,2,12,21,15,50,0,0,18,21,39,2,12,39,36,89,48,0,48,137
02/18/2006,TCL,AL,ASO,ES,Federal Contract Tower,4,3,14,0,21,0,0,1,0,1,4,3,15,0,22,24,0,24,46
02/19/2006,TCL,AL,ASO,ES,Federal Contract Tower,2,1,20,0,23,0,0,22,0,22,2,1,42,0,45,104,0,104,149
02/20/2006,TCL,AL,ASO,ES,Federal Contract Tower,2,7,26,0,35,0,1,4,0,5,2,8,30,0,40,6,0,6,46
02/21/2006,TCL,AL,ASO,ES,Federal Contract Tower,2,13,29,18,62,0,1,10,20,31,2,14,39,38,93,92,18,110,203
02/22/2006,TCL,AL,ASO,ES,Federal Contract Tower,2,11,18,0,31,0,1,0,0,1,2,12,18,0,32,0,0,0,32
02/23/2006,TCL,AL,ASO,ES,Federal Contract Tower,2,24,44,20,90,0,2,26,34,62,2,26,70,54,152,62,8,70,222
02/24/2006,TCL,AL,ASO,ES,Federal Contract Tower,1,15,35,10,61,0,0,69,15,84,1,15,104,25,145,58,8,66,211
02/25/2006,TCL,AL,ASO,ES,Federal Contract Tower,4,3,3,2,12,0,0,2,3,5,4,3,5,5,17,0,0,0,17
02/26/2006,TCL,AL,ASO,ES,Federal Contract Tower,4,4,11,1,20,0,0,56,2,58,4,4,67,3,78,114,0,114,192
02/27/2006,TCL,AL,ASO,ES,Federal Contract Tower,1,4,18,16,39,0,4,50,26,80,1,8,68,42,119,100,6,106,225
02/28/2006,TCL,AL,ASO,ES,Federal Contract Tower,0,4,26,11,41,0,0,43,29,72,0,4,69,40,113,48,38,86,199
03/01/2006,TCL,AL,ASO,ES,Federal Contract Tower,1,6,27,9,43,0,0,36,19,55,1,6,63,28,98,48,0,48,146
03/02/2006,TCL,AL,ASO,ES,Federal Contract Tower,0,13,26,18,57,0,1,51,35,87,0,14,77,53,144,46,0,46,190
03/03/2006,TCL,AL,ASO,ES,Federal Contract Tower,1,16,34,19,70,0,2,38,33,73,1,18,72,52,143,52,28,80,223
03/04/2006,TCL,AL,ASO,ES,Federal Contract Tower,1,0,17,6,24,0,0,69,11,80,1,0,86,17,104,112,6,118,222
03/05/2006,TCL,AL,ASO,ES,Federal Contract Tower,0,2,14,5,21,0,0,54,7,61,0,2,68,12,82,94,0,94,176
03/06/2006,TCL,AL,ASO,ES,Federal Contract Tower,0,1,25,10,36,0,2,41,22,65,0,3,66,32,101,36,36,72,173
03/07/2006,TCL,AL,ASO,ES,Federal Contract Tower,0,9,38,17,64,0,2,50,34,86,0,11,88,51,150,54,0,54,204
03/08/2006,TCL,AL,ASO,ES,Federal Contract Tower,1,3,37,9,50,0,0,39,27,66,1,3,76,36,116,16,12,28,144
03/09/2006,TCL,AL,ASO,ES,Federal Contract Tower,0,6,21,12,39,0,2,13,4,19,0,8,34,16,58,26,0,26,84
03/10/2006,TCL,AL,ASO,ES,Federal Contract Tower,0,22,32,9,63,0,2,58,19,79,0,24,90,28,142,86,0,86,228
03/11/2006,TCL,AL,ASO,ES,Federal Contract Tower,0,5,20,3,28,0,0,24,1,25,0,5,44,4,53,126,0,126,179
03/12/2006,TCL,AL,ASO,ES,Federal Contract Tower,0,5,15,11,31,0,0,36,10,46,0,5,51,21,77,102,8,110,187
03/13/2006,TCL,AL,ASO,ES,Federal Contract Tower,1,4,14,9,28,0,0,13,5,18,1,4,27,14,46,90,0,90,136
03/14/2006,TCL,AL,ASO,ES,Federal Contract Tower,0,2,26,21,49,0,2,27,37,66,0,4,53,58,115,34,14,48,163
03/15/2006,TCL,AL,ASO,ES,Federal Contract Tower,0,5,24,19,48,0,2,49,31,82,0,7,73,50,130,58,0,58,188
03/16/2006,TCL,AL,ASO,ES,Federal Contract Tower,0,2,38,11,51,0,0,53,37,90,0,2,91,48,141,34,14,48,189
03/17/2006,TCL,AL,ASO,ES,Federal Contract Tower,0,4,23,8,35,0,0,55,10,65,0,4,78,18,100,54,0,54,154
03/18/2006,TCL,AL,ASO,ES,Federal Contract Tower,0,4,36,11,51,0,0,39,6,45,0,4,75,17,96,110,4,114,210
03/19/2006,TCL,AL,ASO,ES,Federal Contract Tower,2,6,15,17,40,0,0,4,13,17,2,6,19,30,57,56,8,64,121
03/20/2006,TCL,AL,ASO,ES,Federal Contract Tower,0,2,16,6,24,0,2,2,6,10,0,4,18,12,34,50,0,50,84
03/21/2006,TCL,AL,ASO,ES,Federal Contract Tower,0,11,30,25,66,0,4,24,28,56,0,15,54,53,122,8,32,40,162
03/22/2006,TCL,AL,ASO,ES,Federal Contract Tower,0,6,29,21,56,0,2,50,25,77,0,8,79,46,133,12,26,38,171
03/23/2006,TCL,AL,ASO,ES,Federal Contract Tower,0,9,16,26,51,0,2,47,38,87,0,11,63,64,138,18,0,18,156
03/24/2006,TCL,AL,ASO,ES,Federal Contract Tower,0,15,28,12,55,0,2,42,14,58,0,17,70,26,113,98,0,98,211
03/25/2006,TCL,AL,ASO,ES,Federal Contract Tower,0,2,14,2,18,0,0,48,2,50,0,2,62,4,68,122,0,122,190
03/26/2006,TCL,AL,ASO,ES,Federal Contract Tower,0,4,21,1,26,0,0,52,1,53,0,4,73,2,79,142,0,142,221
03/27/2006,TCL,AL,ASO,ES,Federal Contract Tower,0,7,18,26,51,0,2,47,36,85,0,9,65,62,136,116,14,130,266
03/28/2006,TCL,AL,ASO,ES,Federal Contract Tower,0,3,16,22,41,0,1,20,26,47,0,4,36,48,88,44,4,48,136
03/29/2006,TCL,AL,ASO,ES,Federal Contract Tower,0,2,36,13,51,0,1,64,27,92,0,3,100,40,143,56,16,72,215
03/30/2006,TCL,AL,ASO,ES,Federal Contract Tower,0,1,32,6,39,0,0,50,18,68,0,1,82,24,107,38,10,48,155
03/31/2006,TCL,AL,ASO,ES,Federal Contract Tower,0,6,34,10,50,0,0,24,4,28,0,6,58,14,78,6,0,6,84
04/01/2006,TCL,AL,ASO,ES,Federal Contract Tower,0,0,29,2,31,0,0,25,0,25,0,0,54,2,56,101,0,101,157
04/02/2006,TCL,AL,ASO,ES,Federal Contract Tower,0,1,25,7,33,0,2,25,5,32,0,3,50,12,65,90,0,90,155
04/03/2006,TCL,AL,ASO,ES,Federal Contract Tower,0,0,16,9,25,0,0,29,15,44,0,0,45,24,69,44,0,44,113
04/04/2006,TCL,AL,ASO,ES,Federal Contract Tower,0,5,22,7,34,0,0,52,25,77,0,5,74,32,111,30,10,40,151
04/05/2006,TCL,AL,ASO,ES,Federal Contract Tower,0,7,24,4,35,0,0,55,14,69,0,7,79,18,104,46,0,46,150
04/06/2006,TCL,AL,ASO,ES,Federal Contract Tower,0,14,28,11,53,0,2,35,17,54,0,16,63,28,107,20,32,52,159
04/07/2006,TCL,AL,ASO,ES,Federal Contract Tower,0,9,33,4,46,0,5,11,2,18,0,14,44,6,64,22,0,22,86
04/08/2006,TCL,AL,ASO,ES,Federal Contract Tower,0,0,13,4,17,0,0,39,4,43,0,0,52,8,60,88,4,92,152
04/09/2006,TCL,AL,ASO,ES,Federal Contract Tower,0,3,34,0,37,0,0,59,2,61,0,3,93,2,98,144,0,144,242
04/10/2006,TCL,AL,ASO,ES,Federal Contract Tower,0,5,25,7,37,0,1,60,21,82,0,6,85,28,119,50,0,50,169
04/11/2006,TCL,AL,ASO,ES,Federal Contract Tower,0,4,11,29,44,0,1,49,44,94,0,5,60,73,138,66,64,130,268
04/12/2006,TCL,AL,ASO,ES,Federal Contract Tower,0,5,35,28,68,0,2,56,40,98,0,7,91,68,166,40,30,70,236
04/13/2006,TCL,AL,ASO,ES,Federal Contract Tower,0,4,33,14,51,0,2,47,16,65,0,6,80,30,116,74,26,100,216
04/14/2006,TCL,AL,ASO,ES,Federal Contract Tower,0,2,20,8,30,0,0,37,22,59,0,2,57,30,89,84,0,84,173
04/15/2006,TCL,AL,ASO,ES,Federal Contract Tower,0,6,4,0,10,0,0,44,12,56,0,6,48,12,66,140,0,140,206
04/16/2006,TCL,AL,ASO,ES,Federal Contract Tower,0,0,17,2,19,0,0,23,5,28,0,0,40,7,47,110,0,110,157
04/17/2006,TCL,AL,ASO,ES,Federal Contract Tower,0,5,42,6,53,0,0,19,7,26,0,5,61,13,79,106,0,106,185
04/18/2006,TCL,AL,ASO,ES,Federal Contract Tower,0,8,24,5,37,0,0,53,11,64,0,8,77,16,101,32,0,32,133
04/19/2006,TCL,AL,ASO,ES,Federal Contract Tower,0,14,29,9,52,0,0,40,27,67,0,14,69,36,119,22,0,22,141
04/20/2006,TCL,AL,ASO,ES,Federal Contract Tower,0,13,50,16,79,0,2,42,36,80,0,15,92,52,159,30,6,36,195
04/21/2006,TCL,AL,ASO,ES,Federal Contract Tower,0,10,33,13,56,0,1,4,23,28,0,11,37,36,84,30,14,44,128
04/22/2006,TCL,AL,ASO,ES,Federal Contract Tower,0,8,14,4,26,0,2,36,2,40,0,10,50,6,66,102,0,102,168
04/23/2006,TCL,AL,ASO,ES,Federal Contract Tower,0,9,26,4,39,0,0,56,8,64,0,9,82,12,103,166,0,166,269
04/24/2006,TCL,AL,ASO,ES,Federal Contract Tower,0,14,17,8,39,0,0,28,18,46,0,14,45,26,85,70,14,84,169
04/25/2006,TCL,AL,ASO,ES,Federal Contract Tower,0,4,31,22,57,0,2,20,25,47,0,6,51,47,104,44,0,44,148
04/26/2006,TCL,AL,ASO,ES,Federal Contract Tower,0,1,28,6,35,0,5,4,6,15,0,6,32,12,50,8,0,8,58
04/27/2006,TCL,AL,ASO,ES,Federal Contract Tower,0,8,34,12,54,0,2,50,29,81,0,10,84,41,135,44,4,48,183
04/28/2006,TCL,AL,ASO,ES,Federal Contract Tower,0,7,33,11,51,0,5,64,19,88,0,12,97,30,139,98,40,138,277
04/29/2006,TCL,AL,ASO,ES,Federal Contract Tower,0,2,20,4,26,0,1,16,1,18,0,3,36,5,44,110,0,110,154
04/30/2006,TCL,AL,ASO,ES,Federal Contract Tower,0,5,16,0,21,0,0,9,0,9,0,5,25,0,30,20,0,20,50
05/01/2006,TCL,AL,ASO,ES,Federal Contract Tower,0,7,23,14,44,0,0,36,22,58,0,7,59,36,102,64,30,94,196
05/02/2006,TCL,AL,ASO,ES,Federal Contract Tower,0,5,31,22,58,0,2,39,39,80,0,7,70,61,138,24,0,24,162
05/03/2006,TCL,AL,ASO,ES,Federal Contract Tower,0,11,29,20,60,0,0,26,34,60,0,11,55,54,120,36,10,46,166
05/04/2006,TCL,AL,ASO,ES,Federal Contract Tower,2,5,20,16,43,0,2,37,30,69,2,7,57,46,112,52,0,52,164
05/05/2006,TCL,AL,ASO,ES,Federal Contract Tower,2,8,47,12,69,0,0,6,7,13,2,8,53,19,82,8,8,16,98
05/06/2006,TCL,AL,ASO,ES,Federal Contract Tower,0,1,15,3,19,0,1,30,3,34,0,2,45,6,53,102,0,102,155
05/07/2006,TCL,AL,ASO,ES,Federal Contract Tower,0,0,21,0,21,0,2,11,2,15,0,2,32,2,36,70,0,70,106
05/08/2006,TCL,AL,ASO,ES,Federal Contract Tower,0,2,22,17,41,0,0,28,21,49,0,2,50,38,90,82,14,96,186
05/09/2006,TCL,AL,ASO,ES,Federal Contract Tower,0,7,18,20,45,0,0,9,18,27,0,7,27,38,72,26,10,36,108
05/10/2006,TCL,AL,ASO,ES,Federal Contract Tower,0,5,11,0,16,0,1,7,0,8,0,6,18,0,24,18,0,18,42
05/11/2006,TCL,AL,ASO,ES,Federal Contract Tower,1,14,25,17,57,0,3,26,27,56,1,17,51,44,113,34,0,34,147
05/12/2006,TCL,AL,ASO,ES,Federal Contract Tower,0,6,32,15,53,0,0,47,13,60,0,6,79,28,113,64,10,74,187
05/13/2006,TCL,AL,ASO,ES,Federal Contract Tower,0,1,15,4,20,0,0,20,1,21,0,1,35,5,41,40,10,50,91
05/14/2006,TCL,AL,ASO,ES,Federal Contract Tower,0,2,20,7,29,0,0,36,5,41,0,2,56,12,70,78,8,86,156
05/15/2006,TCL,AL,ASO,ES,Federal Contract Tower,0,8,22,26,56,0,5,24,25,54,0,13,46,51,110,70,4,74,184
05/16/2006,TCL,AL,ASO,ES,Federal Contract Tower,0,5,21,17,43,0,3,44,29,76,0,8,65,46,119,52,8,60,179
05/17/2006,TCL,AL,ASO,ES,Federal Contract Tower,0,14,29,16,59,0,0,28,20,48,0,14,57,36,107,32,10,42,149
05/18/2006,TCL,AL,ASO,ES,Federal Contract Tower,1,4,22,31,58,0,1,42,54,97,1,5,64,85,155,52,8,60,215
05/19/2006,TCL,AL,ASO,ES,Federal Contract Tower,0,3,31,11,45,0,0,33,13,46,0,3,64,24,91,44,2,46,137
05/20/2006,TCL,AL,ASO,ES,Federal Contract Tower,0,3,22,9,34,0,2,46,7,55,0,5,68,16,89,126,12,138,227
05/21/2006,TCL,AL,ASO,ES,Federal Contract Tower,0,4,9,13,26,0,0,50,17,67,0,4,59,30,93,98,26,124,217
05/22/2006,TCL,AL,ASO,ES,Federal Contract Tower,0,7,19,24,50,0,1,42,32,75,0,8,61,56,125,106,8,114,239
05/23/2006,TCL,AL,ASO,ES,Federal Contract Tower,0,6,25,9,40,0,0,63,15,78,0,6,88,24,118,58,0,58,176
05/24/2006,TCL,AL,ASO,ES,Federal Contract Tower,0,5,8,18,31,0,2,38,23,63,0,7,46,41,94,44,12,56,150
05/25/2006,TCL,AL,ASO,ES,Federal Contract Tower,0,8,33,18,59,0,2,42,21,65,0,10,75,39,124,80,0,80,204
05/26/2006,TCL,AL,ASO,ES,Federal Contract Tower,0,8,33,5,46,0,3,27,5,35,0,11,60,10,81,82,14,96,177
05/27/2006,TCL,AL,ASO,ES,Federal Contract Tower,0,6,14,0,20,0,0,34,2,36,0,6,48,2,56,116,0,116,172
05/28/2006,TCL,AL,ASO,ES,Federal Contract Tower,0,2,3,3,8,0,0,26,5,31,0,2,29,8,39,126,0,126,165
05/29/2006,TCL,AL,ASO,ES,Federal Contract Tower,0,8,15,0,23,0,0,34,0,34,0,8,49,0,57,94,0,94,151
05/30/2006,TCL,AL,ASO,ES,Federal Contract Tower,0,12,23,21,56,0,1,35,43,79,0,13,58,64,135,74,16,90,225
05/31/2006,TCL,AL,ASO,ES,Federal Contract Tower,0,4,22,23,49,0,1,33,41,75,0,5,55,64,124,48,20,68,192
06/01/2006,TCL,AL,ASO,ES,Federal Contract Tower,0,3,16,13,32,0,0,35,31,66,0,3,51,44,98,32,8,40,138
06/02/2006,TCL,AL,ASO,ES,Federal Contract Tower,0,8,38,12,58,0,0,24,16,40,0,8,62,28,98,74,4,78,176
06/03/2006,TCL,AL,ASO,ES,Federal Contract Tower,0,1,12,0,13,0,0,49,3,52,0,1,61,3,65,86,0,86,151
06/04/2006,TCL,AL,ASO,ES,Federal Contract Tower,0,8,21,0,29,0,1,34,0,35,0,9,55,0,64,78,0,78,142
06/05/2006,TCL,AL,ASO,ES,Federal Contract Tower,0,4,22,21,47,0,2,47,33,82,0,6,69,54,129,48,0,48,177
06/06/2006,TCL,AL,ASO,ES,Federal Contract Tower,0,6,27,14,47,0,3,33,23,59,0,9,60,37,106,86,0,86,192
06/07/2006,TCL,AL,ASO,ES,Federal Contract Tower,0,8,15,9,32,0,0,47,29,76,0,8,62,38,108,64,0,64,172
06/08/2006,TCL,AL,ASO,ES,Federal Contract Tower,2,6,16,8,32,0,2,49,22,73,2,8,65,30,105,44,16,60,165
06/09/2006,TCL,AL,ASO,ES,Federal Contract Tower,0,6,25,13,44,0,3,46,19,68,0,9,71,32,112,90,0,90,202
06/10/2006,TCL,AL,ASO,ES,Federal Contract Tower,0,2,20,0,22,0,0,37,2,39,0,2,57,2,61,96,6,102,163
06/11/2006,TCL,AL,ASO,ES,Federal Contract Tower,2,4,19,0,25,0,0,56,0,56,2,4,75,0,81,78,0,78,159
06/12/2006,TCL,AL,ASO,ES,Federal Contract Tower,0,3,31,3,37,0,0,32,7,39,0,3,63,10,76,64,10,74,150
06/13/2006,TCL,AL,ASO,ES,Federal Contract Tower,0,2,18,26,46,0,2,42,42,86,0,4,60,68,132,38,12,50,182
06/14/2006,TCL,AL,ASO,ES,Federal Contract Tower,2,2,21,14,39,0,0,63,40,103,2,2,84,54,142,80,0,80,222
06/15/2006,TCL,AL,ASO,ES,Federal Contract Tower,0,0,23,18,41,0,0,71,32,103,0,0,94,50,144,56,24,80,224
06/16/2006,TCL,AL,ASO,ES,Federal Contract Tower,0,4,21,9,34,0,1,39,15,55,0,5,60,24,89,58,0,58,147
06/17/2006,TCL,AL,ASO,ES,Federal Contract Tower,0,2,20,3,25,0,0,35,1,36,0,2,55,4,61,100,0,100,161
06/18/2006,TCL,AL,ASO,ES,Federal Contract Tower,0,5,30,9,44,0,0,34,10,44,0,5,64,19,88,82,16,98,186
06/19/2006,TCL,AL,ASO,ES,Federal Contract Tower,0,7,19,21,47,0,0,22,30,52,0,7,41,51,99,100,10,110,209
06/20/2006,TCL,AL,ASO,ES,Federal Contract Tower,0,1,15,6,22,0,0,25,26,51,0,1,40,32,73,28,20,48,121
06/21/2006,TCL,AL,ASO,ES,Federal Contract Tower,0,2,28,18,48,0,1,34,20,55,0,3,62,38,103,40,12,52,155
06/22/2006,TCL,AL,ASO,ES,Federal Contract Tower,0,6,21,9,36,0,0,55,22,77,0,6,76,31,113,50,0,50,163
06/23/2006,TCL,AL,ASO,ES,Federal Contract Tower,0,12,17,4,33,0,1,22,12,35,0,13,39,16,68,12,0,12,80
06/24/2006,TCL,AL,ASO,ES,Federal Contract Tower,0,1,18,6,25,0,0,22,2,24,0,1,40,8,49,104,6,110,159
06/25/2006,TCL,AL,ASO,ES,Federal Contract Tower,0,2,26,8,36,0,0,19,4,23,0,2,45,12,59,74,8,82,141
06/26/2006,TCL,AL,ASO,ES,Federal Contract Tower,0,7,19,12,38,0,0,30,16,46,0,7,49,28,84,115,0,115,199
06/27/2006,TCL,AL,ASO,ES,Federal Contract Tower,0,7,26,25,58,0,2,43,36,81,0,9,69,61,139,52,18,70,209
06/28/2006,TCL,AL,ASO,ES,Federal Contract Tower,0,6,22,15,43,0,1,39,25,65,0,7,61,40,108,53,6,59,167
06/29/2006,TCL,AL,ASO,ES,Federal Contract Tower,0,8,26,8,42,0,6,56,15,77,0,14,82,23,119,56,0,56,175
06/30/2006,TCL,AL,ASO,ES,Federal Contract Tower,0,13,21,3,37,0,2,34,19,55,0,15,55,22,92,90,0,90,182
07/01/2006,TCL,AL,ASO,ES,Federal Contract Tower,0,2,7,0,9,0,0,33,0,33,0,2,40,0,42,120,0,120,162
07/02/2006,TCL,AL,ASO,ES,Federal Contract Tower,0,3,16,0,19,0,0,49,2,51,0,3,65,2,70,112,0,112,182
07/03/2006,TCL,AL,ASO,ES,Federal Contract Tower,0,0,12,0,12,0,0,39,0,39,0,0,51,0,51,92,0,92,143
07/04/2006,TCL,AL,ASO,ES,Federal Contract Tower,0,2,4,0,6,0,0,29,0,29,0,2,33,0,35,72,0,72,107
07/05/2006,TCL,AL,ASO,ES,Federal Contract Tower,0,4,27,2,33,0,0,49,24,73,0,4,76,26,106,32,0,32,138
07/06/2006,TCL,AL,ASO,ES,Federal Contract Tower,0,2,21,20,43,0,3,14,26,43,0,5,35,46,86,42,28,70,156
07/07/2006,TCL,AL,ASO,ES,Federal Contract Tower,0,7,29,8,44,0,0,23,10,33,0,7,52,18,77,36,0,36,113
07/08/2006,TCL,AL,ASO,ES,Federal Contract Tower,0,0,25,0,25,0,0,38,0,38,0,0,63,0,63,88,0,88,151
07/09/2006,TCL,AL,ASO,ES,Federal Contract Tower,0,4,11,0,15,0,2,27,1,30,0,6,38,1,45,76,0,76,121
07/10/2006,TCL,AL,ASO,ES,Federal Contract Tower,0,2,36,6,44,0,2,37,20,59,0,4,73,26,103,68,6,74,177
07/11/2006,TCL,AL,ASO,ES,Federal Contract Tower,0,2,31,5,38,0,1,52,21,74,0,3,83,26,112,60,6,66,178
07/12/2006,TCL,AL,ASO,ES,Federal Contract Tower,0,9,20,10,39,0,1,35,23,59,0,10,55,33,98,54,10,64,162
07/13/2006,TCL,AL,ASO,ES,Federal Contract Tower,0,7,31,6,44,0,0,52,32,84,0,7,83,38,128,64,4,68,196
07/14/2006,TCL,AL,ASO,ES,Federal Contract Tower,0,2,29,8,39,0,2,48,31,81,0,4,77,39,120,32,0,32,152
07/15/2006,TCL,AL,ASO,ES,Federal Contract Tower,0,0,14,4,18,0,0,40,4,44,0,0,54,8,62,124,0,124,186
07/16/2006,TCL,AL,ASO,ES,Federal Contract Tower,0,3,29,9,41,0,0,32,9,41,0,3,61,18,82,58,22,80,162
07/17/2006,TCL,AL,ASO,ES,Federal Contract Tower,0,0,29,15,44,0,0,36,24,60,0,0,65,39,104,100,4,104,208
07/18/2006,TCL,AL,ASO,ES,Federal Contract Tower,0,3,32,18,53,0,1,37,18,56,0,4,69,36,109,24,14,38,147
07/19/2006,TCL,AL,ASO,ES,Federal Contract Tower,0,3,19,4,26,0,2,41,38,81,0,5,60,42,107,24,0,24,131
07/20/2006,TCL,AL,ASO,ES,Federal Contract Tower,0,8,37,16,61,0,2,29,19,50,0,10,66,35,111,58,4,62,173
07/21/2006,TCL,AL,ASO,ES,Federal Contract Tower,0,6,21,11,38,0,0,33,13,46,0,6,54,24,84,76,0,76,160
07/22/2006,TCL,AL,ASO,ES,Federal Contract Tower,0,1,16,0,17,0,0,27,0,27,0,1,43,0,44,80,0,80,124
07/23/2006,TCL,AL,ASO,ES,Federal Contract Tower,0,5,28,4,37,0,1,37,6,44,0,6,65,10,81,94,0,94,175
07/24/2006,TCL,AL,ASO,ES,Federal Contract Tower,0,9,21,10,40,0,0,37,24,61,0,9,58,34,101,46,0,46,147
07/25/2006,TCL,AL,ASO,ES,Federal Contract Tower,0,6,33,14,53,0,2,48,23,73,0,8,81,37,126,54,2,56,182
07/26/2006,TCL,AL,ASO,ES,Federal Contract Tower,0,2,19,12,33,0,0,41,26,67,0,2,60,38,100,48,2,50,150
07/27/2006,TCL,AL,ASO,ES,Federal Contract Tower,0,3,39,7,49,0,0,38,23,61,0,3,77,30,110,74,0,74,184
07/28/2006,TCL,AL,ASO,ES,Federal Contract Tower,0,5,24,12,41,0,3,42,18,63,0,8,66,30,104,60,14,74,178
07/29/2006,TCL,AL,ASO,ES,Federal Contract Tower,0,3,13,5,21,0,0,47,8,55,0,3,60,13,76,62,26,88,164
07/30/2006,TCL,AL,ASO,ES,Federal Contract Tower,0,4,16,1,21,0,0,26,1,27,0,4,42,2,48,62,8,70,118
07/31/2006,TCL,AL,ASO,ES,Federal Contract Tower,0,7,22,17,46,0,0,18,25,43,0,7,40,42,89,64,12,76,165
08/01/2006,TCL,AL,ASO,ES,Federal Contract Tower,0,1,29,8,38,0,6,52,10,68,0,7,81,18,106,38,0,38,144
08/02/2006,TCL,AL,ASO,ES,Federal Contract Tower,0,4,25,25,54,0,1,47,33,81,0,5,72,58,135,26,0,26,161
08/03/2006,TCL,AL,ASO,ES,Federal Contract Tower,0,3,23,26,52,0,0,49,28,77,0,3,72,54,129,46,12,58,187
08/04/2006,TCL,AL,ASO,ES,Federal Contract Tower,0,3,23,16,42,0,1,27,20,48,0,4,50,36,90,26,10,36,126
08/05/2006,TCL,AL,ASO,ES,Federal Contract Tower,0,2,15,0,17,0,0,27,0,27,0,2,42,0,44,82,0,82,126
08/06/2006,TCL,AL,ASO,ES,Federal Contract Tower,0,4,15,3,22,0,0,27,3,30,0,4,42,6,52,80,0,80,132
08/07/2006,TCL,AL,ASO,ES,Federal Contract Tower,0,2,28,12,42,0,0,34,24,58,0,2,62,36,100,76,0,76,176
08/08/2006,TCL,AL,ASO,ES,Federal Contract Tower,0,0,12,15,27,0,0,33,27,60,0,0,45,42,87,26,0,26,113
08/09/2006,TCL,AL,ASO,ES,Federal Contract Tower,0,3,22,13,38,0,0,27,18,45,0,3,49,31,83,34,12,46,129
08/10/2006,TCL,AL,ASO,ES,Federal Contract Tower,0,9,21,26,56,0,10,28,29,67,0,19,49,55,123,50,10,60,183
08/11/2006,TCL,AL,ASO,ES,Federal Contract Tower,0,2,9,4,15,0,0,13,6,19,0,2,22,10,34,26,0,26,60
08/12/2006,TCL,AL,ASO,ES,Federal Contract Tower,0,0,11,5,16,0,0,6,3,9,0,0,17,8,25,82,0,82,107
08/13/2006,TCL,AL,ASO,ES,Federal Contract Tower,0,8,14,8,30,0,0,18,12,30,0,8,32,20,60,88,0,88,148
08/14/2006,TCL,AL,ASO,ES,Federal Contract Tower,0,5,34,27,66,0,0,62,33,95,0,5,96,60,161,68,0,68,229
08/15/2006,TCL,AL,ASO,ES,Federal Contract Tower,0,1,12,16,29,0,1,54,30,85,0,2,66,46,114,26,0,26,140
08/16/2006,TCL,AL,ASO,ES,Federal Contract Tower,0,7,31,24,62,0,1,50,38,89,0,8,81,62,151,16,4,20,171
08/17/2006,TCL,AL,ASO,ES,Federal Contract Tower,0,8,26,20,54,0,2,50,36,88,0,10,76,56,142,94,0,94,236
08/18/2006,TCL,AL,ASO,ES,Federal Contract Tower,0,15,19,15,49,0,1,40,31,72,0,16,59,46,121,92,8,100,221
08/19/2006,TCL,AL,ASO,ES,Federal Contract Tower,0,3,17,0,20,0,0,29,5,34,0,3,46,5,54,84,0,84,138
08/20/2006,TCL,AL,ASO,ES,Federal Contract Tower,0,7,10,19,36,0,0,37,29,66,0,7,47,48,102,66,38,104,206
08/21/2006,TCL,AL,ASO,ES,Federal Contract Tower,0,5,25,7,37,0,0,33,12,45,0,5,58,19,82,51,0,51,133
08/22/2006,TCL,AL,ASO,ES,Federal Contract Tower,0,13,22,28,63,0,0,25,36,61,0,13,47,64,124,28,0,28,152
08/23/2006,TCL,AL,ASO,ES,Federal Contract Tower,0,13,23,15,51,0,1,35,23,59,0,14,58,38,110,28,0,28,138
08/24/2006,TCL,AL,ASO,ES,Federal Contract Tower,0,6,17,18,41,0,0,19,28,47,0,6,36,46,88,56,0,56,144
08/25/2006,TCL,AL,ASO,ES,Federal Contract Tower,0,7,19,18,44,0,0,29,14,43,0,7,48,32,87,40,0,40,127
08/26/2006,TCL,AL,ASO,ES,Federal Contract Tower,0,2,18,22,42,0,0,34,15,49,0,2,52,37,91,98,2,100,191
08/27/2006,TCL,AL,ASO,ES,Federal Contract Tower,0,0,18,7,25,0,0,41,10,51,0,0,59,17,76,74,20,94,170
08/28/2006,TCL,AL,ASO,ES,Federal Contract Tower,0,5,15,14,34,0,1,37,30,68,0,6,52,44,102,48,4,52,154
08/29/2006,TCL,AL,ASO,ES,Federal Contract Tower,0,6,12,13,31,0,0,48,23,71,0,6,60,36,102,38,0,38,140
08/30/2006,TCL,AL,ASO,ES,Federal Contract Tower,0,7,18,9,34,0,2,19,13,34,0,9,37,22,68,62,2,64,132
08/31/2006,TCL,AL,ASO,ES,Federal Contract Tower,1,1,52,12,66,0,0,45,25,70,1,1,97,37,136,22,24,46,182
09/01/2006,TCL,AL,ASO,ES,Federal Contract Tower,1,5,37,3,46,0,0,58,5,63,1,5,95,8,109,32,0,32,141
09/02/2006,TCL,AL,ASO,ES,Federal Contract Tower,0,5,50,1,56,0,11,45,0,56,0,16,95,1,112,110,0,110,222
09/03/2006,TCL,AL,ASO,ES,Federal Contract Tower,0,2,10,1,13,0,0,39,2,41,0,2,49,3,54,68,0,68,122
09/04/2006,TCL,AL,ASO,ES,Federal Contract Tower,0,0,23,3,26,0,0,53,5,58,0,0,76,8,84,48,0,48,132
09/05/2006,TCL,AL,ASO,ES,Federal Contract Tower,0,6,19,11,36,0,0,21,21,42,0,6,40,32,78,36,0,36,114
09/06/2006,TCL,AL,ASO,ES,Federal Contract Tower,0,7,22,27,56,0,3,30,30,63,0,10,52,57,119,42,0,42,161
09/07/2006,TCL,AL,ASO,ES,Federal Contract Tower,0,4,22,8,34,0,0,36,25,61,0,4,58,33,95,60,0,60,155
09/08/2006,TCL,AL,ASO,ES,Federal Contract Tower,0,5,24,16,45,0,2,42,17,61,0,7,66,33,106,58,6,64,170
09/09/2006,TCL,AL,ASO,ES,Federal Contract Tower,0,5,56,0,61,0,0,64,0,64,0,5,120,0,125,78,0,78,203
09/10/2006,TCL,AL,ASO,ES,Federal Contract Tower,0,5,8,0,13,0,0,25,2,27,0,5,33,2,40,84,0,84,124
09/11/2006,TCL,AL,ASO,ES,Federal Contract Tower,0,0,14,13,27,0,0,24,17,41,0,0,38,30,68,72,0,72,140
09/12/2006,TCL,AL,ASO,ES,Federal Contract Tower,0,4,26,6,36,0,1,10,6,17,0,5,36,12,53,2,0,2,55
09/13/2006,TCL,AL,ASO,ES,Federal Contract Tower,0,3,24,20,47,0,0,24,28,52,0,3,48,48,99,48,18,66,165
09/14/2006,TCL,AL,ASO,ES,Federal Contract Tower,0,7,31,5,43,0,1,57,41,99,0,8,88,46,142,114,16,130,272
09/15/2006,TCL,AL,ASO,ES,Federal Contract Tower,0,9,48,12,69,0,2,53,16,71,0,11,101,28,140,128,0,128,268
09/16/2006,TCL,AL,ASO,ES,Federal Contract Tower,0,3,45,1,49,0,2,58,1,61,0,5,103,2,110,138,8,146,256
09/17/2006,TCL,AL,ASO,ES,Federal Contract Tower,0,9,30,6,45,0,0,55,8,63,0,9,85,14,108,94,12,106,214
09/18/2006,TCL,AL,ASO,ES,Federal Contract Tower,0,8,18,6,32,0,0,1,6,7,0,8,19,12,39,8,0,8,47
09/19/2006,TCL,AL,ASO,ES,Federal Contract Tower,0,9,25,18,52,0,1,28,26,55,0,10,53,44,107,78,32,110,217
09/20/2006,TCL,AL,ASO,ES,Federal Contract Tower,0,4,25,17,46,0,1,57,36,94,0,5,82,53,140,58,8,66,206
09/21/2006,TCL,AL,ASO,ES,Federal Contract Tower,0,9,22,11,42,0,4,53,21,78,0,13,75,32,120,89,0,89,209
09/22/2006,TCL,AL,ASO,ES,Federal Contract Tower,2,5,25,14,46,0,0,8,11,19,2,5,33,25,65,16,0,16,81
09/23/2006,TCL,AL,ASO,ES,Federal Contract Tower,2,1,18,2,23,0,0,14,2,16,2,1,32,4,39,96,0,96,135
09/24/2006,TCL,AL,ASO,ES,Federal Contract Tower,0,5,24,2,31,0,0,15,3,18,0,5,39,5,49,72,0,72,121
09/25/2006,TCL,AL,ASO,ES,Federal Contract Tower,0,2,19,13,34,0,2,35,18,55,0,4,54,31,89,145,6,151,240
09/26/2006,TCL,AL,ASO,ES,Federal Contract Tower,0,4,22,22,48,0,5,29,30,64,0,9,51,52,112,38,10,48,160
09/27/2006,TCL,AL,ASO,ES,Federal Contract Tower,0,8,20,12,40,0,0,61,14,75,0,8,81,26,115,66,8,74,189
09/28/2006,TCL,AL,ASO,ES,Federal Contract Tower,0,7,29,3,39,0,0,52,3,55,0,7,81,6,94,66,10,76,170
09/29/2006,TCL,AL,ASO,ES,Federal Contract Tower,2,1,37,0,40,0,2,43,2,47,2,3,80,2,87,98,0,98,185
09/30/2006,TCL,AL,ASO,ES,Federal Contract Tower,2,2,12,0,16,0,0,59,1,60,2,2,71,1,76,140,0,140,216
10/01/2006,TCL,AL,ASO,ES,Federal Contract Tower,0,8,31,0,39,0,0,60,2,62,0,8,91,2,101,164,0,164,265
10/02/2006,TCL,AL,ASO,ES,Federal Contract Tower,0,1,27,21,49,0,4,36,25,65,0,5,63,46,114,74,16,90,204
10/03/2006,TCL,AL,ASO,ES,Federal Contract Tower,0,3,22,6,31,0,0,54,14,68,0,3,76,20,99,112,0,112,211
10/04/2006,TCL,AL,ASO,ES,Federal Contract Tower,0,13,21,18,52,0,0,35,30,65,0,13,56,48,117,82,6,88,205
10/05/2006,TCL,AL,ASO,ES,Federal Contract Tower,0,8,40,10,58,0,2,29,28,59,0,10,69,38,117,32,30,62,179
10/06/2006,TCL,AL,ASO,ES,Federal Contract Tower,2,7,45,2,56,0,1,43,5,49,2,8,88,7,105,66,0,66,171
10/07/2006,TCL,AL,ASO,ES,Federal Contract Tower,2,5,36,0,43,0,0,69,3,72,2,5,105,3,115,110,0,110,225
10/08/2006,TCL,AL,ASO,ES,Federal Contract Tower,0,2,28,0,30,0,0,52,2,54,0,2,80,2,84,58,0,58,142
10/09/2006,TCL,AL,ASO,ES,Federal Contract Tower,0,4,17,10,31,0,0,50,16,66,0,4,67,26,97,90,8,98,195
10/10/2006,TCL,AL,ASO,ES,Federal Contract Tower,0,4,21,13,38,0,2,37,22,61,0,6,58,35,99,66,0,66,165
10/11/2006,TCL,AL,ASO,ES,Federal Contract Tower,0,5,27,14,46,0,0,36,18,54,0,5,63,32,100,54,0,54,154
10/12/2006,TCL,AL,ASO,ES,Federal Contract Tower,0,9,38,8,55,0,0,32,58,90,0,9,70,66,145,40,0,40,185
10/13/2006,TCL,AL,ASO,ES,Federal Contract Tower,0,11,46,6,63,0,1,34,6,41,0,12,80,12,104,90,0,90,194
10/14/2006,TCL,AL,ASO,ES,Federal Contract Tower,0,10,77,0,87,0,0,51,2,53,0,10,128,2,140,82,0,82,222
10/15/2006,TCL,AL,ASO,ES,Federal Contract Tower,0,8,41,10,59,0,0,54,6,60,0,8,95,16,119,106,6,112,231
10/16/2006,TCL,AL,ASO,ES,Federal Contract Tower,0,2,21,3,26,0,0,1,5,6,0,2,22,8,32,14,0,14,46
10/17/2006,TCL,AL,ASO,ES,Federal Contract Tower,0,2,16,16,34,0,1,12,14,27,0,3,28,30,61,14,0,14,75
10/18/2006,TCL,AL,ASO,ES,Federal Contract Tower,0,3,53,13,69,0,2,57,15,74,0,5,110,28,143,86,0,86,229
10/19/2006,TCL,AL,ASO,ES,Federal Contract Tower,0,3,27,6,36,0,2,2,4,8,0,5,29,10,44,14,0,14,58
10/20/2006,TCL,AL,ASO,ES,Federal Contract Tower,2,11,37,23,73,0,0,21,15,36,2,11,58,38,109,70,0,70,179
10/21/2006,TCL,AL,ASO,ES,Federal Contract Tower,2,3,34,8,47,0,0,27,10,37,2,3,61,18,84,24,6,30,114
10/22/2006,TCL,AL,ASO,ES,Federal Contract Tower,0,8,32,9,49,0,0,17,15,32,0,8,49,24,81,74,28,102,183
10/23/2006,TCL,AL,ASO,ES,Federal Contract Tower,0,0,23,18,41,0,2,23,32,57,0,2,46,50,98,106,0,106,204
10/24/2006,TCL,AL,ASO,ES,Federal Contract Tower,0,4,27,18,49,0,0,32,29,61,0,4,59,47,110,28,18,46,156
10/25/2006,TCL,AL,ASO,ES,Federal Contract Tower,0,2,23,16,41,0,0,29,53,82,0,2,52,69,123,30,8,38,161
10/26/2006,TCL,AL,ASO,ES,Federal Contract Tower,0,3,18,2,23,0,0,4,10,14,0,3,22,12,37,0,2,2,39
10/27/2006,TCL,AL,ASO,ES,Federal Contract Tower,0,3,13,2,18,0,0,4,2,6,0,3,17,4,24,6,0,6,30
10/28/2006,TCL,AL,ASO,ES,Federal Contract Tower,0,6,44,7,57,0,4,31,26,61,0,10,75,33,118,82,8,90,208
10/29/2006,TCL,AL,ASO,ES,Federal Contract Tower,0,3,23,5,31,0,1,54,11,66,0,4,77,16,97,66,0,66,163
10/30/2006,TCL,AL,ASO,ES,Federal Contract Tower,0,2,33,11,46,0,2,52,35,89,0,4,85,46,135,48,6,54,189
10/31/2006,TCL,AL,ASO,ES,Federal Contract Tower,0,1,20,16,37,0,0,50,30,80,0,1,70,46,117,30,0,30,147
11/01/2006,TCL,AL,ASO,ES,Federal Contract Tower,0,4,25,10,39,0,3,22,12,37,0,7,47,22,76,54,0,54,130
11/02/2006,TCL,AL,ASO,ES,Federal Contract Tower,2,6,25,10,43,0,1,41,34,76,2,7,66,44,119,38,0,38,157
11/03/2006,TCL,AL,ASO,ES,Federal Contract Tower,0,2,35,11,48,0,0,52,23,75,0,2,87,34,123,86,0,86,209
11/04/2006,TCL,AL,ASO,ES,Federal Contract Tower,0,4,42,0,46,0,1,65,2,68,0,5,107,2,114,106,0,106,220
11/05/2006,TCL,AL,ASO,ES,Federal Contract Tower,0,2,9,4,15,0,0,46,6,52,0,2,55,10,67,88,16,104,171
11/06/2006,TCL,AL,ASO,ES,Federal Contract Tower,0,7,10,10,27,0,3,21,12,36,0,10,31,22,63,72,0,72,135
11/07/2006,TCL,AL,ASO,ES,Federal Contract Tower,0,2,16,22,40,0,3,19,18,40,0,5,35,40,80,36,0,36,116
11/08/2006,TCL,AL,ASO,ES,Federal Contract Tower,0,8,13,14,35,0,0,32,53,85,0,8,45,67,120,90,10,100,220
11/09/2006,TCL,AL,ASO,ES,Federal Contract Tower,0,2,16,0,18,0,1,67,8,76,0,3,83,8,94,46,0,46,140
11/10/2006,TCL,AL,ASO,ES,Federal Contract Tower,2,6,29,2,39,0,0,47,4,51,2,6,76,6,90,76,0,76,166
11/11/2006,TCL,AL,ASO,ES,Federal Contract Tower,0,5,17,1,23,0,0,10,0,10,0,5,27,1,33,22,0,22,55
11/12/2006,TCL,AL,ASO,ES,Federal Contract Tower,2,9,27,8,46,0,0,54,7,61,2,9,81,15,107,70,28,98,205
11/13/2006,TCL,AL,ASO,ES,Federal Contract Tower,0,4,11,15,30,0,0,41,35,76,0,4,52,50,106,78,0,78,184
11/14/2006,TCL,AL,ASO,ES,Federal Contract Tower,0,8,16,19,43,0,0,34,33,67,0,8,50,52,110,42,10,52,162
11/15/2006,TCL,AL,ASO,ES,Federal Contract Tower,2,4,11,5,22,0,0,0,3,3,2,4,11,8,25,2,0,2,27
11/16/2006,TCL,AL,ASO,ES,Federal Contract Tower,0,5,29,10,44,0,0,8,10,18,0,5,37,20,62,6,0,6,68
11/17/2006,TCL,AL,ASO,ES,Federal Contract Tower,0,4,47,20,71,0,0,62,28,90,0,4,109,48,161,78,0,78,239
11/18/2006,TCL,AL,ASO,ES,Federal Contract Tower,0,30,147,1,178,0,2,53,10,65,0,32,200,11,243,122,20,142,385
11/19/2006,TCL,AL,ASO,ES,Federal Contract Tower,0,6,43,10,59,0,0,41,13,54,0,6,84,23,113,62,0,62,175
11/20/2006,TCL,AL,ASO,ES,Federal Contract Tower,0,3,16,32,51,0,3,21,39,63,0,6,37,71,114,76,2,78,192
11/21/2006,TCL,AL,ASO,ES,Federal Contract Tower,2,5,28,18,53,0,1,46,18,65,2,6,74,36,118,74,10,84,202
11/22/2006,TCL,AL,ASO,ES,Federal Contract Tower,0,8,26,7,41,0,4,43,35,82,0,12,69,42,123,32,0,32,155
11/23/2006,TCL,AL,ASO,ES,Federal Contract Tower,0,2,10,0,12,0,1,38,0,39,0,3,48,0,51,74,0,74,125
11/24/2006,TCL,AL,ASO,ES,Federal Contract Tower,0,0,8,1,9,0,0,52,3,55,0,0,60,4,64,92,12,104,168
11/25/2006,TCL,AL,ASO,ES,Federal Contract Tower,0,2,15,0,17,0,2,61,0,63,0,4,76,0,80,124,0,124,204
11/26/2006,TCL,AL,ASO,ES,Federal Contract Tower,0,5,32,1,38,0,5,56,1,62,0,10,88,2,100,88,0,88,188
11/27/2006,TCL,AL,ASO,ES,Federal Contract Tower,0,3,25,11,39,0,1,32,19,52,0,4,57,30,91,70,0,70,161
11/28/2006,TCL,AL,ASO,ES,Federal Contract Tower,0,9,23,11,43,0,0,35,15,50,0,9,58,26,93,20,12,32,125
11/29/2006,TCL,AL,ASO,ES,Federal Contract Tower,0,3,25,11,39,0,1,15,17,33,0,4,40,28,72,66,14,80,152
11/30/2006,TCL,AL,ASO,ES,Federal Contract Tower,0,9,14,12,35,0,0,18,12,30,0,9,32,24,65,32,0,32,97
12/01/2006,TCL,AL,ASO,ES,Federal Contract Tower,0,6,16,6,28,0,0,16,8,24,0,6,32,14,52,90,4,94,146
12/02/2006,TCL,AL,ASO,ES,Federal Contract Tower,0,6,9,5,20,0,3,42,7,52,0,9,51,12,72,94,14,108,180
12/03/2006,TCL,AL,ASO,ES,Federal Contract Tower,0,2,11,5,18,0,0,47,4,51,0,2,58,9,69,58,20,78,147
12/04/2006,TCL,AL,ASO,ES,Federal Contract Tower,0,7,22,28,57,0,0,50,50,100,0,7,72,78,157,108,12,120,277
12/05/2006,TCL,AL,ASO,ES,Federal Contract Tower,0,4,19,16,39,0,0,29,38,67,0,4,48,54,106,50,32,82,188
12/06/2006,TCL,AL,ASO,ES,Federal Contract Tower,0,0,28,15,43,0,0,41,19,60,0,0,69,34,103,36,16,52,155
12/07/2006,TCL,AL,ASO,ES,Federal Contract Tower,2,3,15,15,35,0,0,30,36,66,2,3,45,51,101,36,4,40,141
12/08/2006,TCL,AL,ASO,ES,Federal Contract Tower,4,4,19,12,39,0,4,29,24,57,4,8,48,36,96,44,28,72,168
12/09/2006,TCL,AL,ASO,ES,Federal Contract Tower,2,0,8,3,13,0,0,66,1,67,2,0,74,4,80,94,0,94,174
12/10/2006,TCL,AL,ASO,ES,Federal Contract Tower,0,1,52,0,53,0,0,57,0,57,0,1,109,0,110,60,0,60,170
12/11/2006,TCL,AL,ASO,ES,Federal Contract Tower,0,1,25,15,41,0,0,49,25,74,0,1,74,40,115,56,12,68,183
12/12/2006,TCL,AL,ASO,ES,Federal Contract Tower,0,3,18,6,27,0,0,9,38,47,0,3,27,44,74,16,0,16,90
12/13/2006,TCL,AL,ASO,ES,Federal Contract Tower,0,4,28,10,42,0,1,35,11,47,0,5,63,21,89,37,0,37,126
12/14/2006,TCL,AL,ASO,ES,Federal Contract Tower,0,7,27,2,36,0,0,32,4,36,0,7,59,6,72,8,0,8,80
12/15/2006,TCL,AL,ASO,ES,Federal Contract Tower,0,7,30,1,38,0,1,42,3,46,0,8,72,4,84,62,0,62,146
12/16/2006,TCL,AL,ASO,ES,Federal Contract Tower,0,10,20,1,31,0,0,44,5,49,0,10,64,6,80,70,6,76,156
12/17/2006,TCL,AL,ASO,ES,Federal Contract Tower,0,4,17,3,24,0,0,75,10,85,0,4,92,13,109,98,0,98,207
12/18/2006,TCL,AL,ASO,ES,Federal Contract Tower,0,5,25,10,40,0,2,42,23,67,0,7,67,33,107,66,0,66,173
12/19/2006,TCL,AL,ASO,ES,Federal Contract Tower,2,3,29,14,48,0,0,26,21,47,2,3,55,35,95,18,2,20,115
12/20/2006,TCL,AL,ASO,ES,Federal Contract Tower,0,8,24,16,48,0,0,32,37,69,0,8,56,53,117,39,20,59,176
12/21/2006,TCL,AL,ASO,ES,Federal Contract Tower,2,2,14,11,29,0,0,0,11,11,2,2,14,22,40,2,0,2,42
12/22/2006,TCL,AL,ASO,ES,Federal Contract Tower,0,5,16,0,21,0,0,8,0,8,0,5,24,0,29,6,0,6,35
12/23/2006,TCL,AL,ASO,ES,Federal Contract Tower,0,1,25,0,26,0,0,58,0,58,0,1,83,0,84,24,0,24,108
12/24/2006,TCL,AL,ASO,ES,Federal Contract Tower,0,0,4,0,4,0,0,16,0,16,0,0,20,0,20,46,0,46,66
12/25/2006,TCL,AL,ASO,ES,Federal Contract Tower,0,0,5,0,5,0,0,3,0,3,0,0,8,0,8,0,0,0,8
12/26/2006,TCL,AL,ASO,ES,Federal Contract Tower,0,2,13,0,15,0,0,10,2,12,0,2,23,2,27,2,0,2,29
12/27/2006,TCL,AL,ASO,ES,Federal Contract Tower,0,2,19,0,21,0,1,40,0,41,0,3,59,0,62,58,0,58,120
12/28/2006,TCL,AL,ASO,ES,Federal Contract Tower,0,2,16,1,19,0,1,31,5,37,0,3,47,6,56,16,20,36,92
12/29/2006,TCL,AL,ASO,ES,Federal Contract Tower,0,3,14,0,17,0,0,34,2,36,0,3,48,2,53,64,0,64,117
12/30/2006,TCL,AL,ASO,ES,Federal Contract Tower,0,2,12,0,14,0,0,12,0,12,0,2,24,0,26,30,0,30,56
12/31/2006,TCL,AL,ASO,ES,Federal Contract Tower,1,0,11,0,12,0,0,14,0,14,1,0,25,0,26,72,0,72,98
01/01/2007,TCL,AL,ASO,ES,Federal Contract Tower,1,1,17,0,19,0,2,21,0,23,1,3,38,0,42,62,0,62,104
01/02/2007,TCL,AL,ASO,ES,Federal Contract Tower,2,5,25,0,32,0,0,58,0,58,2,5,83,0,90,50,0,50,140
01/03/2007,TCL,AL,ASO,ES,Federal Contract Tower,0,0,16,6,22,0,0,39,18,57,0,0,55,24,79,66,2,68,147
01/04/2007,TCL,AL,ASO,ES,Federal Contract Tower,2,0,21,4,27,0,0,7,2,9,2,0,28,6,36,2,0,2,38
01/05/2007,TCL,AL,ASO,ES,Federal Contract Tower,2,2,18,10,32,0,0,12,6,18,2,2,30,16,50,62,14,76,126
01/06/2007,TCL,AL,ASO,ES,Federal Contract Tower,2,0,15,2,19,0,0,21,5,26,2,0,36,7,45,82,0,82,127
01/07/2007,TCL,AL,ASO,ES,Federal Contract Tower,0,0,14,2,16,0,0,1,0,1,0,0,15,2,17,0,0,0,17
01/08/2007,TCL,AL,ASO,ES,Federal Contract Tower,2,4,16,14,36,0,0,36,28,64,2,4,52,42,100,90,0,90,190
01/09/2007,TCL,AL,ASO,ES,Federal Contract Tower,0,2,23,19,44,0,0,37,27,64,0,2,60,46,108,82,6,88,196
01/10/2007,TCL,AL,ASO,ES,Federal Contract Tower,3,4,22,8,37,0,0,71,36,107,3,4,93,44,144,28,6,34,178
01/11/2007,TCL,AL,ASO,ES,Federal Contract Tower,0,9,27,10,46,0,0,49,28,77,0,9,76,38,123,106,0,106,229
01/12/2007,TCL,AL,ASO,ES,Federal Contract Tower,1,12,22,9,44,0,1,40,24,65,1,13,62,33,109,108,12,120,229
01/13/2007,TCL,AL,ASO,ES,Federal Contract Tower,2,2,19,2,25,0,2,61,4,67,2,4,80,6,92,92,4,96,188
01/14/2007,TCL,AL,ASO,ES,Federal Contract Tower,1,2,22,0,25,0,0,49,2,51,1,2,71,2,76,122,0,122,198
01/15/2007,TCL,AL,ASO,ES,Federal Contract Tower,0,0,6,8,14,0,0,5,0,5,0,0,11,8,19,26,0,26,45
01/16/2007,TCL,AL,ASO,ES,Federal Contract Tower,3,1,20,7,31,0,1,18,15,34,3,2,38,22,65,114,0,114,179
01/17/2007,TCL,AL,ASO,ES,Federal Contract Tower,2,1,19,5,27,0,0,20,51,71,2,1,39,56,98,46,0,46,144
01/18/2007,TCL,AL,ASO,ES,Federal Contract Tower,4,1,23,12,40,0,2,12,14,28,4,3,35,26,68,72,6,78,146
01/19/2007,TCL,AL,ASO,ES,Federal Contract Tower,1,3,21,11,36,0,1,29,20,50,1,4,50,31,86,46,2,48,134
01/20/2007,TCL,AL,ASO,ES,Federal Contract Tower,3,3,13,15,34,0,1,54,22,77,3,4,67,37,111,70,0,70,181
01/21/2007,TCL,AL,ASO,ES,Federal Contract Tower,0,2,12,7,21,0,0,1,3,4,0,2,13,10,25,8,0,8,33
01/22/2007,TCL,AL,ASO,ES,Federal Contract Tower,0,0,24,15,39,0,4,24,18,46,0,4,48,33,85,68,0,68,153
01/23/2007,TCL,AL,ASO,ES,Federal Contract Tower,0,1,29,21,51,0,0,34,24,58,0,1,63,45,109,72,0,72,181
01/24/2007,TCL,AL,ASO,ES,Federal Contract Tower,0,2,22,23,47,0,0,35,39,74,0,2,57,62,121,90,0,90,211
01/25/2007,TCL,AL,ASO,ES,Federal Contract Tower,0,1,33,31,65,0,0,58,45,103,0,1,91,76,168,42,0,42,210
01/26/2007,TCL,AL,ASO,ES,Federal Contract Tower,2,8,33,14,57,0,3,58,14,75,2,11,91,28,132,134,14,148,280
01/27/2007,TCL,AL,ASO,ES,Federal Contract Tower,4,2,22,4,32,0,0,56,1,57,4,2,78,5,89,122,0,122,211
01/28/2007,TCL,AL,ASO,ES,Federal Contract Tower,2,4,9,7,22,0,0,19,9,28,2,4,28,16,50,78,0,78,128
01/29/2007,TCL,AL,ASO,ES,Federal Contract Tower,0,4,18,32,54,0,2,28,40,70,0,6,46,72,124,84,16,100,224
01/30/2007,TCL,AL,ASO,ES,Federal Contract Tower,2,4,30,29,65,0,0,33,37,70,2,4,63,66,135,124,4,128,263
01/31/2007,TCL,AL,ASO,ES,Federal Contract Tower,0,7,25,26,58,0,0,36,39,75,0,7,61,65,133,44,2,46,179
02/01/2007,TCL,AL,ASO,ES,Federal Contract Tower,2,1,17,2,22,0,0,5,0,5,2,1,22,2,27,6,0,6,33
02/02/2007,TCL,AL,ASO,ES,Federal Contract Tower,1,5,19,6,31,0,1,2,2,5,1,6,21,8,36,22,6,28,64
02/03/2007,TCL,AL,ASO,ES,Federal Contract Tower,1,0,16,2,19,0,1,55,6,62,1,1,71,8,81,96,6,102,183
02/04/2007,TCL,AL,ASO,ES,Federal Contract Tower,0,0,11,8,19,0,0,43,7,50,0,0,54,15,69,140,0,140,209
02/05/2007,TCL,AL,ASO,ES,Federal Contract Tower,0,2,16,13,31,0,2,23,33,58,0,4,39,46,89,124,6,130,219
02/06/2007,TCL,AL,ASO,ES,Federal Contract Tower,0,4,26,21,51,0,0,40,34,74,0,4,66,55,125,48,8,56,181
02/07/2007,TCL,AL,ASO,ES,Federal Contract Tower,0,0,36,21,57,0,0,27,41,68,0,0,63,62,125,58,14,72,197
02/08/2007,TCL,AL,ASO,ES,Federal Contract Tower,1,3,18,23,45,0,3,31,23,57,1,6,49,46,102,114,24,138,240
02/09/2007,TCL,AL,ASO,ES,Federal Contract Tower,0,4,11,12,27,0,0,1,6,7,0,4,12,18,34,14,0,14,48
02/10/2007,TCL,AL,ASO,ES,Federal Contract Tower,0,0,6,10,16,0,0,62,8,70,0,0,68,18,86,112,6,118,204
02/11/2007,TCL,AL,ASO,ES,Federal Contract Tower,0,1,19,5,25,0,0,50,9,59,0,1,69,14,84,74,6,80,164
02/12/2007,TCL,AL,ASO,ES,Federal Contract Tower,0,0,9,12,21,0,0,34,34,68,0,0,43,46,89,130,0,130,219
02/13/2007,TCL,AL,ASO,ES,Federal Contract Tower,2,0,8,19,29,0,0,12,14,26,2,0,20,33,55,60,0,60,115
02/14/2007,TCL,AL,ASO,ES,Federal Contract Tower,0,6,16,10,32,0,0,26,18,44,0,6,42,28,76,40,0,40,116
02/15/2007,TCL,AL,ASO,ES,Federal Contract Tower,0,7,28,15,50,0,0,37,27,64,0,7,65,42,114,108,12,120,234
02/16/2007,TCL,AL,ASO,ES,Federal Contract Tower,1,5,44,3,53,0,6,49,11,66,1,11,93,14,119,98,0,98,217
02/17/2007,TCL,AL,ASO,ES,Federal Contract Tower,3,2,17,1,23,0,0,29,1,30,3,2,46,2,53,94,0,94,147
02/18/2007,TCL,AL,ASO,ES,Federal Contract Tower,2,4,29,2,37,0,0,55,0,55,2,4,84,2,92,96,0,96,188
02/19/2007,TCL,AL,ASO,ES,Federal Contract Tower,0,2,35,4,41,0,0,39,2,41,0,2,74,6,82,94,0,94,176
02/20/2007,TCL,AL,ASO,ES,Federal Contract Tower,2,0,20,14,36,0,0,20,20,40,2,0,40,34,76,68,18,86,162
02/21/2007,TCL,AL,ASO,ES,Federal Contract Tower,0,5,17,15,37,0,2,35,43,80,0,7,52,58,117,62,0,62,179
02/22/2007,TCL,AL,ASO,ES,Federal Contract Tower,2,5,19,9,35,0,2,56,29,87,2,7,75,38,122,150,6,156,278
02/23/2007,TCL,AL,ASO,ES,Federal Contract Tower,0,2,30,11,43,0,0,58,19,77,0,2,88,30,120,75,0,75,195
02/24/2007,TCL,AL,ASO,ES,Federal Contract Tower,2,4,7,2,15,0,4,23,4,31,2,8,30,6,46,82,6,88,134
02/25/2007,TCL,AL,ASO,ES,Federal Contract Tower,2,5,11,15,33,0,0,20,11,31,2,5,31,26,64,90,10,100,164
02/26/2007,TCL,AL,ASO,ES,Federal Contract Tower,0,5,14,11,30,0,7,55,30,92,0,12,69,41,122,108,0,108,230
02/27/2007,TCL,AL,ASO,ES,Federal Contract Tower,0,0,32,10,42,0,0,64,21,85,0,0,96,31,127,64,12,76,203
02/28/2007,TCL,AL,ASO,ES,Federal Contract Tower,0,6,19,18,43,0,2,28,26,56,0,8,47,44,99,76,0,76,175
03/01/2007,TCL,AL,ASO,ES,Federal Contract Tower,0,0,5,1,6,0,0,5,0,5,0,0,10,1,11,6,0,6,17
03/02/2007,TCL,AL,ASO,ES,Federal Contract Tower,0,4,40,18,62,0,0,50,30,80,0,4,90,48,142,166,0,166,308
03/03/2007,TCL,AL,ASO,ES,Federal Contract Tower,0,0,30,2,32,0,0,36,4,40,0,0,66,6,72,78,0,78,150
03/04/2007,TCL,AL,ASO,ES,Federal Contract Tower,0,4,35,8,47,0,0,35,6,41,0,4,70,14,88,98,0,98,186
03/05/2007,TCL,AL,ASO,ES,Federal Contract Tower,0,1,15,35,51,0,2,34,43,79,0,3,49,78,130,100,32,132,262
03/06/2007,TCL,AL,ASO,ES,Federal Contract Tower,0,4,18,16,38,0,0,35,26,61,0,4,53,42,99,48,4,52,151
03/07/2007,TCL,AL,ASO,ES,Federal Contract Tower,0,2,30,21,53,0,0,48,30,78,0,2,78,51,131,62,44,106,237
03/08/2007,TCL,AL,ASO,ES,Federal Contract Tower,0,8,32,18,58,0,1,57,33,91,0,9,89,51,149,62,18,80,229
03/09/2007,TCL,AL,ASO,ES,Federal Contract Tower,0,2,26,16,44,0,2,53,18,73,0,4,79,34,117,70,0,70,187
03/10/2007,TCL,AL,ASO,ES,Federal Contract Tower,0,4,21,0,25,0,0,37,0,37,0,4,58,0,62,88,0,88,150
03/11/2007,TCL,AL,ASO,ES,Federal Contract Tower,0,9,22,9,40,0,5,50,9,64,0,14,72,18,104,100,8,108,212
03/12/2007,TCL,AL,ASO,ES,Federal Contract Tower,2,4,23,14,43,0,2,34,24,60,2,6,57,38,103,66,2,68,171
03/13/2007,TCL,AL,ASO,ES,Federal Contract Tower,0,3,28,18,49,0,0,33,21,54,0,3,61,39,103,82,8,90,193
03/14/2007,TCL,AL,ASO,ES,Federal Contract Tower,1,3,17,13,34,0,0,16,34,50,1,3,33,47,84,48,14,62,146
03/15/2007,TCL,AL,ASO,ES,Federal Contract Tower,3,0,27,5,35,0,0,13,21,34,3,0,40,26,69,32,0,32,101
03/16/2007,TCL,AL,ASO,ES,Federal Contract Tower,0,9,25,2,36,0,0,7,6,13,0,9,32,8,49,66,0,66,115
03/17/2007,TCL,AL,ASO,ES,Federal Contract Tower,0,4,15,2,21,0,0,47,12,59,0,4,62,14,80,108,0,108,188
03/18/2007,TCL,AL,ASO,ES,Federal Contract Tower,0,8,26,1,35,0,0,44,1,45,0,8,70,2,80,104,8,112,192
03/19/2007,TCL,AL,ASO,ES,Federal Contract Tower,0,5,13,22,40,0,1,44,31,76,0,6,57,53,116,102,26,128,244
03/20/2007,TCL,AL,ASO,ES,Federal Contract Tower,0,4,18,8,30,0,0,48,21,69,0,4,66,29,99,44,0,44,143
03/21/2007,TCL,AL,ASO,ES,Federal Contract Tower,0,5,20,11,36,0,0,31,20,51,0,5,51,31,87,124,0,124,211
03/22/2007,TCL,AL,ASO,ES,Federal Contract Tower,0,4,12,15,31,0,0,64,28,92,0,4,76,43,123,58,0,58,181
03/23/2007,TCL,AL,ASO,ES,Federal Contract Tower,0,4,24,15,43,0,0,38,17,55,0,4,62,32,98,54,8,62,160
03/24/2007,TCL,AL,ASO,ES,Federal Contract Tower,0,0,11,1,12,0,0,44,1,45,0,0,55,2,57,110,0,110,167
03/25/2007,TCL,AL,ASO,ES,Federal Contract Tower,0,4,16,4,24,0,0,34,2,36,0,4,50,6,60,72,14,86,146
03/26/2007,TCL,AL,ASO,ES,Federal Contract Tower,0,1,16,8,25,0,4,41,16,61,0,5,57,24,86,66,0,66,152
03/27/2007,TCL,AL,ASO,ES,Federal Contract Tower,0,2,28,11,41,0,2,38,9,49,0,4,66,20,90,26,0,26,116
03/28/2007,TCL,AL,ASO,ES,Federal Contract Tower,0,2,30,10,42,0,0,28,14,42,0,2,58,24,84,46,0,46,130
03/29/2007,TCL,AL,ASO,ES,Federal Contract Tower,0,6,29,11,46,0,1,60,27,88,0,7,89,38,134,52,12,64,198
03/30/2007,TCL,AL,ASO,ES,Federal Contract Tower,0,3,41,14,58,0,0,42,18,60,0,3,83,32,118,84,0,84,202
03/31/2007,TCL,AL,ASO,ES,Federal Contract Tower,0,1,20,2,23,0,0,22,0,22,0,1,42,2,45,88,0,88,133
04/01/2007,TCL,AL,ASO,ES,Federal Contract Tower,0,5,23,0,28,0,0,7,0,7,0,5,30,0,35,36,0,36,71
04/02/2007,TCL,AL,ASO,ES,Federal Contract Tower,0,3,24,14,41,0,0,18,14,32,0,3,42,28,73,40,0,40,113
04/03/2007,TCL,AL,ASO,ES,Federal Contract Tower,0,3,27,16,46,0,0,25,18,43,0,3,52,34,89,52,0,52,141
04/04/2007,TCL,AL,ASO,ES,Federal Contract Tower,0,5,35,19,59,0,0,38,17,55,0,5,73,36,114,30,0,30,144
04/05/2007,TCL,AL,ASO,ES,Federal Contract Tower,0,2,24,15,41,0,1,41,41,83,0,3,65,56,124,40,0,40,164
04/06/2007,TCL,AL,ASO,ES,Federal Contract Tower,0,3,17,13,33,0,4,24,25,53,0,7,41,38,86,32,0,32,118
04/07/2007,TCL,AL,ASO,ES,Federal Contract Tower,0,3,20,0,23,0,0,33,0,33,0,3,53,0,56,100,0,100,156
04/08/2007,TCL,AL,ASO,ES,Federal Contract Tower,0,2,18,0,20,0,0,36,0,36,0,2,54,0,56,80,0,80,136
04/09/2007,TCL,AL,ASO,ES,Federal Contract Tower,0,1,33,2,36,0,2,24,2,28,0,3,57,4,64,88,0,88,152
04/10/2007,TCL,AL,ASO,ES,Federal Contract Tower,0,1,18,9,28,0,0,21,39,60,0,1,39,48,88,48,2,50,138
04/11/2007,TCL,AL,ASO,ES,Federal Contract Tower,0,1,31,0,32,0,0,4,0,4,0,1,35,0,36,90,0,90,126
04/12/2007,TCL,AL,ASO,ES,Federal Contract Tower,0,5,18,15,38,0,3,58,27,88,0,8,76,42,126,198,6,204,330
04/13/2007,TCL,AL,ASO,ES,Federal Contract Tower,0,5,25,11,41,0,0,53,25,78,0,5,78,36,119,94,8,102,221
04/14/2007,TCL,AL,ASO,ES,Federal Contract Tower,0,4,4,0,8,0,0,3,0,3,0,4,7,0,11,24,0,24,35
04/15/2007,TCL,AL,ASO,ES,Federal Contract Tower,0,3,18,2,23,0,0,32,2,34,0,3,50,4,57,84,0,84,141
04/16/2007,TCL,AL,ASO,ES,Federal Contract Tower,0,1,26,12,39,0,1,28,16,45,0,2,54,28,84,70,34,104,188
04/17/2007,TCL,AL,ASO,ES,Federal Contract Tower,0,1,24,9,34,0,0,60,26,86,0,1,84,35,120,126,22,148,268
04/18/2007,TCL,AL,ASO,ES,Federal Contract Tower,0,3,38,13,54,0,1,37,16,54,0,4,75,29,108,48,22,70,178
04/19/2007,TCL,AL,ASO,ES,Federal Contract Tower,0,3,24,15,42,0,0,46,15,61,0,3,70,30,103,124,16,140,243
04/20/2007,TCL,AL,ASO,ES,Federal Contract Tower,0,8,46,11,65,0,4,74,25,103,0,12,120,36,168,96,6,102,270
04/21/2007,TCL,AL,ASO,ES,Federal Contract Tower,0,7,26,0,33,0,0,74,4,78,0,7,100,4,111,74,0,74,185
04/22/2007,TCL,AL,ASO,ES,Federal Contract Tower,0,11,24,2,37,0,1,51,3,55,0,12,75,5,92,62,0,62,154
04/23/2007,TCL,AL,ASO,ES,Federal Contract Tower,0,0,31,23,54,0,0,32,36,68,0,0,63,59,122,88,0,88,210
04/24/2007,TCL,AL,ASO,ES,Federal Contract Tower,0,4,32,12,48,0,1,21,20,42,0,5,53,32,90,92,0,92,182
04/25/2007,TCL,AL,ASO,ES,Federal Contract Tower,0,1,35,21,57,0,1,14,21,36,0,2,49,42,93,82,0,82,175
04/26/2007,TCL,AL,ASO,ES,Federal Contract Tower,0,3,35,17,55,0,1,21,26,48,0,4,56,43,103,44,0,44,147
04/27/2007,TCL,AL,ASO,ES,Federal Contract Tower,0,1,26,8,35,0,0,58,20,78,0,1,84,28,113,88,16,104,217
04/28/2007,TCL,AL,ASO,ES,Federal Contract Tower,0,6,20,3,29,0,0,67,1,68,0,6,87,4,97,98,0,98,195
04/29/2007,TCL,AL,ASO,ES,Federal Contract Tower,0,6,13,0,19,0,0,60,0,60,0,6,73,0,79,112,0,112,191
04/30/2007,TCL,AL,ASO,ES,Federal Contract Tower,0,2,21,15,38,0,0,54,17,71,0,2,75,32,109,156,20,176,285
05/01/2007,TCL,AL,ASO,ES,Federal Contract Tower,0,3,21,22,46,0,2,56,39,97,0,5,77,61,143,122,74,196,339
05/02/2007,TCL,AL,ASO,ES,Federal Contract Tower,0,4,27,27,58,0,3,57,42,102,0,7,84,69,160,50,0,50,210
05/03/2007,TCL,AL,ASO,ES,Federal Contract Tower,2,4,21,18,45,0,1,23,33,57,2,5,44,51,102,60,8,68,170
05/04/2007,TCL,AL,ASO,ES,Federal Contract Tower,0,0,18,7,25,0,0,35,15,50,0,0,53,22,75,60,0,60,135
05/05/2007,TCL,AL,ASO,ES,Federal Contract Tower,0,0,24,0,24,0,0,22,0,22,0,0,46,0,46,74,0,74,120
05/06/2007,TCL,AL,ASO,ES,Federal Contract Tower,2,0,23,2,27,0,0,29,3,32,2,0,52,5,59,48,0,48,107
05/07/2007,TCL,AL,ASO,ES,Federal Contract Tower,0,4,16,22,42,0,0,31,36,67,0,4,47,58,109,108,24,132,241
05/08/2007,TCL,AL,ASO,ES,Federal Contract Tower,0,2,22,5,29,0,0,47,21,68,0,2,69,26,97,70,0,70,167
05/09/2007,TCL,AL,ASO,ES,Federal Contract Tower,0,4,22,19,45,0,1,41,19,61,0,5,63,38,106,98,0,98,204
05/10/2007,TCL,AL,ASO,ES,Federal Contract Tower,2,0,19,22,43,0,3,38,30,71,2,3,57,52,114,48,0,48,162
05/11/2007,TCL,AL,ASO,ES,Federal Contract Tower,0,4,24,13,41,0,0,23,17,40,0,4,47,30,81,62,12,74,155
05/12/2007,TCL,AL,ASO,ES,Federal Contract Tower,0,0,23,1,24,0,0,41,1,42,0,0,64,2,66,90,0,90,156
05/13/2007,TCL,AL,ASO,ES,Federal Contract Tower,2,0,20,1,23,0,2,22,1,25,2,2,42,2,48,88,0,88,136
05/14/2007,TCL,AL,ASO,ES,Federal Contract Tower,0,2,26,18,46,0,4,38,28,70,0,6,64,46,116,80,0,80,196
05/15/2007,TCL,AL,ASO,ES,Federal Contract Tower,0,4,33,20,57,0,1,38,38,77,0,5,71,58,134,42,10,52,186
05/16/2007,TCL,AL,ASO,ES,Federal Contract Tower,0,1,24,18,43,0,0,8,18,26,0,1,32,36,69,10,0,10,79
05/17/2007,TCL,AL,ASO,ES,Federal Contract Tower,0,3,11,20,34,0,0,43,25,68,0,3,54,45,102,54,0,54,156
05/18/2007,TCL,AL,ASO,ES,Federal Contract Tower,0,5,26,8,39,0,0,32,17,49,0,5,58,25,88,66,0,66,154
05/19/2007,TCL,AL,ASO,ES,Federal Contract Tower,0,3,28,1,32,0,0,56,2,58,0,3,84,3,90,94,2,96,186
05/20/2007,TCL,AL,ASO,ES,Federal Contract Tower,0,2,20,3,25,0,1,39,7,47,0,3,59,10,72,16,0,16,88
05/21/2007,TCL,AL,ASO,ES,Federal Contract Tower,0,2,13,24,39,0,0,36,34,70,0,2,49,58,109,74,18,92,201
05/22/2007,TCL,AL,ASO,ES,Federal Contract Tower,0,0,38,14,52,0,0,54,20,74,0,0,92,34,126,80,4,84,210
05/23/2007,TCL,AL,ASO,ES,Federal Contract Tower,0,0,26,10,36,0,2,12,19,33,0,2,38,29,69,52,12,64,133
05/24/2007,TCL,AL,ASO,ES,Federal Contract Tower,0,0,35,11,46,0,0,38,19,57,0,0,73,30,103,84,0,84,187
05/25/2007,TCL,AL,ASO,ES,Federal Contract Tower,0,3,36,2,41,0,4,41,2,47,0,7,77,4,88,114,6,120,208
05/26/2007,TCL,AL,ASO,ES,Federal Contract Tower,0,0,12,1,13,0,0,18,1,19,0,0,30,2,32,96,0,96,128
05/27/2007,TCL,AL,ASO,ES,Federal Contract Tower,0,2,16,0,18,0,2,43,0,45,0,4,59,0,63,60,0,60,123
05/28/2007,TCL,AL,ASO,ES,Federal Contract Tower,0,0,19,0,19,0,0,41,4,45,0,0,60,4,64,100,0,100,164
05/29/2007,TCL,AL,ASO,ES,Federal Contract Tower,0,3,25,9,37,0,2,41,25,68,0,5,66,34,105,14,12,26,131
05/30/2007,TCL,AL,ASO,ES,Federal Contract Tower,0,12,25,7,44,0,0,18,17,35,0,12,43,24,79,56,0,56,135
05/31/2007,TCL,AL,ASO,ES,Federal Contract Tower,0,1,16,11,28,0,1,18,20,39,0,2,34,31,67,38,0,38,105
06/01/2007,TCL,AL,ASO,ES,Federal Contract Tower,0,2,40,7,49,0,0,24,30,54,0,2,64,37,103,60,0,60,163
06/02/2007,TCL,AL,ASO,ES,Federal Contract Tower,0,2,24,1,27,0,0,32,0,32,0,2,56,1,59,94,8,102,161
06/03/2007,TCL,AL,ASO,ES,Federal Contract Tower,0,0,16,13,29,0,2,20,10,32,0,2,36,23,61,106,8,114,175
06/04/2007,TCL,AL,ASO,ES,Federal Contract Tower,0,5,18,15,38,0,0,23,28,51,0,5,41,43,89,72,12,84,173
06/05/2007,TCL,AL,ASO,ES,Federal Contract Tower,0,4,24,7,35,0,1,45,19,65,0,5,69,26,100,32,8,40,140
06/06/2007,TCL,AL,ASO,ES,Federal Contract Tower,0,2,24,19,45,0,0,48,20,68,0,2,72,39,113,62,10,72,185
06/07/2007,TCL,AL,ASO,ES,Federal Contract Tower,0,5,32,8,45,0,2,52,19,73,0,7,84,27,118,36,6,42,160
06/08/2007,TCL,AL,ASO,ES,Federal Contract Tower,0,5,16,4,25,0,0,32,10,42,0,5,48,14,67,42,0,42,109
06/09/2007,TCL,AL,ASO,ES,Federal Contract Tower,0,2,10,2,14,0,0,34,5,39,0,2,44,7,53,48,4,52,105
06/10/2007,TCL,AL,ASO,ES,Federal Contract Tower,0,2,21,28,51,0,2,50,25,77,0,4,71,53,128,130,10,140,268
06/11/2007,TCL,AL,ASO,ES,Federal Contract Tower,0,6,16,17,39,0,3,33,22,58,0,9,49,39,97,70,0,70,167
06/12/2007,TCL,AL,ASO,ES,Federal Contract Tower,0,2,16,10,28,0,0,46,34,80,0,2,62,44,108,32,0,32,140
06/13/2007,TCL,AL,ASO,ES,Federal Contract Tower,0,0,29,16,45,0,0,28,47,75,0,0,57,63,120,52,10,62,182
06/14/2007,TCL,AL,ASO,ES,Federal Contract Tower,0,9,23,5,37,0,0,35,21,56,0,9,58,26,93,64,0,64,157
06/15/2007,TCL,AL,ASO,ES,Federal Contract Tower,0,2,22,12,36,0,0,36,11,47,0,2,58,23,83,90,8,98,181
06/16/2007,TCL,AL,ASO,ES,Federal Contract Tower,0,4,15,14,33,0,0,60,14,74,0,4,75,28,107,126,32,158,265
06/17/2007,TCL,AL,ASO,ES,Federal Contract Tower,0,4,21,2,27,0,8,25,6,39,0,12,46,8,66,70,6,76,142
06/18/2007,TCL,AL,ASO,ES,Federal Contract Tower,0,2,16,12,30,0,0,41,22,63,0,2,57,34,93,64,0,64,157
06/19/2007,TCL,AL,ASO,ES,Federal Contract Tower,0,2,25,1,28,0,1,9,0,10,0,3,34,1,38,20,0,20,58
06/20/2007,TCL,AL,ASO,ES,Federal Contract Tower,0,2,27,17,46,0,0,24,34,58,0,2,51,51,104,44,6,50,154
06/21/2007,TCL,AL,ASO,ES,Federal Contract Tower,0,8,20,15,43,0,2,40,24,66,0,10,60,39,109,22,0,22,131
06/22/2007,TCL,AL,ASO,ES,Federal Contract Tower,0,4,13,15,32,0,0,49,26,75,0,4,62,41,107,104,0,104,211
06/23/2007,TCL,AL,ASO,ES,Federal Contract Tower,0,0,6,0,6,0,0,38,2,40,0,0,44,2,46,96,2,98,144
06/24/2007,TCL,AL,ASO,ES,Federal Contract Tower,0,6,10,10,26,0,0,44,14,58,0,6,54,24,84,92,0,92,176
06/25/2007,TCL,AL,ASO,ES,Federal Contract Tower,0,1,18,12,31,0,2,27,28,57,0,3,45,40,88,102,4,106,194
06/26/2007,TCL,AL,ASO,ES,Federal Contract Tower,0,4,26,9,39,0,1,22,15,38,0,5,48,24,77,98,0,98,175
06/27/2007,TCL,AL,ASO,ES,Federal Contract Tower,2,5,16,5,28,0,0,31,25,56,2,5,47,30,84,68,0,68,152
06/28/2007,TCL,AL,ASO,ES,Federal Contract Tower,0,9,23,14,46,0,1,44,29,74,0,10,67,43,120,114,8,122,242
06/29/2007,TCL,AL,ASO,ES,Federal Contract Tower,0,8,24,5,37,0,2,22,5,29,0,10,46,10,66,52,0,52,118
06/30/2007,TCL,AL,ASO,ES,Federal Contract Tower,0,2,13,0,15,0,0,33,2,35,0,2,46,2,50,78,0,78,128
07/01/2007,TCL,AL,ASO,ES,Federal Contract Tower,0,7,3,5,15,0,0,28,7,35,0,7,31,12,50,44,0,44,94
07/02/2007,TCL,AL,ASO,ES,Federal Contract Tower,0,2,8,10,20,0,0,32,12,44,0,2,40,22,64,98,0,98,162
07/03/2007,TCL,AL,ASO,ES,Federal Contract Tower,0,4,20,7,31,0,0,14,7,21,0,4,34,14,52,72,0,72,124
07/04/2007,TCL,AL,ASO,ES,Federal Contract Tower,0,0,9,0,9,0,0,23,2,25,0,0,32,2,34,72,0,72,106
07/05/2007,TCL,AL,ASO,ES,Federal Contract Tower,0,4,13,2,19,0,0,39,1,40,0,4,52,3,59,92,14,106,165
07/06/2007,TCL,AL,ASO,ES,Federal Contract Tower,0,0,12,5,17,0,0,12,5,17,0,0,24,10,34,18,0,18,52
07/07/2007,TCL,AL,ASO,ES,Federal Contract Tower,0,2,7,0,9,0,0,1,0,1,0,2,8,0,10,24,0,24,34
07/08/2007,TCL,AL,ASO,ES,Federal Contract Tower,0,4,32,3,39,0,0,19,1,20,0,4,51,4,59,22,8,30,89
07/09/2007,TCL,AL,ASO,ES,Federal Contract Tower,0,4,13,7,24,0,0,19,21,40,0,4,32,28,64,64,4,68,132
07/10/2007,TCL,AL,ASO,ES,Federal Contract Tower,0,1,17,8,26,0,0,19,14,33,0,1,36,22,59,24,0,24,83
07/11/2007,TCL,AL,ASO,ES,Federal Contract Tower,0,2,27,14,43,0,0,13,28,41,0,2,40,42,84,54,2,56,140
07/12/2007,TCL,AL,ASO,ES,Federal Contract Tower,0,13,29,9,51,0,4,48,19,71,0,17,77,28,122,48,4,52,174
07/13/2007,TCL,AL,ASO,ES,Federal Contract Tower,0,6,18,23,47,0,0,14,23,37,0,6,32,46,84,34,0,34,118
07/14/2007,TCL,AL,ASO,ES,Federal Contract Tower,0,1,8,1,10,0,0,11,1,12,0,1,19,2,22,72,0,72,94
07/15/2007,TCL,AL,ASO,ES,Federal Contract Tower,0,0,24,1,25,0,4,28,7,39,0,4,52,8,64,46,0,46,110
07/16/2007,TCL,AL,ASO,ES,Federal Contract Tower,4,1,21,24,50,2,0,12,28,42,6,1,33,52,92,70,10,80,172
07/17/2007,TCL,AL,ASO,ES,Federal Contract Tower,0,3,27,15,45,0,1,12,31,44,0,4,39,46,89,50,8,58,147
07/18/2007,TCL,AL,ASO,ES,Federal Contract Tower,2,5,14,18,39,0,0,44,38,82,2,5,58,56,121,38,2,40,161
07/19/2007,TCL,AL,ASO,ES,Federal Contract Tower,0,0,25,10,35,0,7,47,25,79,0,7,72,35,114,54,10,64,178
07/20/2007,TCL,AL,ASO,ES,Federal Contract Tower,0,2,17,3,22,0,1,31,25,57,0,3,48,28,79,28,0,28,107
07/21/2007,TCL,AL,ASO,ES,Federal Contract Tower,0,1,23,2,26,0,0,32,4,36,0,1,55,6,62,42,0,42,104
07/22/2007,TCL,AL,ASO,ES,Federal Contract Tower,0,2,10,2,14,0,0,45,4,49,0,2,55,6,63,74,16,90,153
07/23/2007,TCL,AL,ASO,ES,Federal Contract Tower,0,3,17,3,23,0,0,21,7,28,0,3,38,10,51,84,0,84,135
07/24/2007,TCL,AL,ASO,ES,Federal Contract Tower,0,4,28,7,39,0,1,27,19,47,0,5,55,26,86,36,0,36,122
07/25/2007,TCL,AL,ASO,ES,Federal Contract Tower,0,0,22,16,38,0,2,24,32,58,0,2,46,48,96,58,26,84,180
07/26/2007,TCL,AL,ASO,ES,Federal Contract Tower,0,7,23,33,63,0,0,42,29,71,0,7,65,62,134,20,0,20,154
07/27/2007,TCL,AL,ASO,ES,Federal Contract Tower,0,4,21,22,47,0,2,33,31,66,0,6,54,53,113,96,0,96,209
07/28/2007,TCL,AL,ASO,ES,Federal Contract Tower,0,1,18,3,22,0,0,47,3,50,0,1,65,6,72,126,16,142,214
07/29/2007,TCL,AL,ASO,ES,Federal Contract Tower,0,4,21,9,34,0,1,27,7,35,0,5,48,16,69,22,0,22,91
07/30/2007,TCL,AL,ASO,ES,Federal Contract Tower,0,7,28,21,56,0,0,20,34,54,0,7,48,55,110,76,14,90,200
07/31/2007,TCL,AL,ASO,ES,Federal Contract Tower,0,7,24,23,54,0,0,23,28,51,0,7,47,51,105,54,4,58,163
08/01/2007,TCL,AL,ASO,ES,Federal Contract Tower,0,3,19,14,36,0,2,30,32,64,0,5,49,46,100,92,0,92,192
08/02/2007,TCL,AL,ASO,ES,Federal Contract Tower,0,3,31,12,46,0,0,46,28,74,0,3,77,40,120,38,6,44,164
08/03/2007,TCL,AL,ASO,ES,Federal Contract Tower,0,8,25,21,54,0,8,20,21,49,0,16,45,42,103,98,68,166,269
08/04/2007,TCL,AL,ASO,ES,Federal Contract Tower,0,1,10,2,13,0,0,50,2,52,0,1,60,4,65,94,0,94,159
08/05/2007,TCL,AL,ASO,ES,Federal Contract Tower,0,3,33,6,42,0,0,25,0,25,0,3,58,6,67,96,0,96,163
08/06/2007,TCL,AL,ASO,ES,Federal Contract Tower,0,4,8,23,35,0,1,28,37,66,0,5,36,60,101,72,16,88,189
08/07/2007,TCL,AL,ASO,ES,Federal Contract Tower,0,2,32,17,51,0,0,34,27,61,0,2,66,44,112,58,0,58,170
08/08/2007,TCL,AL,ASO,ES,Federal Contract Tower,0,0,17,11,28,0,0,84,20,104,0,0,101,31,132,64,0,64,196
08/09/2007,TCL,AL,ASO,ES,Federal Contract Tower,0,5,19,14,38,0,0,40,19,59,0,5,59,33,97,40,0,40,137
08/10/2007,TCL,AL,ASO,ES,Federal Contract Tower,0,2,20,6,28,0,2,26,20,48,0,4,46,26,76,90,0,90,166
08/11/2007,TCL,AL,ASO,ES,Federal Contract Tower,0,2,19,0,21,0,0,34,4,38,0,2,53,4,59,68,16,84,143
08/12/2007,TCL,AL,ASO,ES,Federal Contract Tower,0,2,26,1,29,0,1,36,3,40,0,3,62,4,69,48,0,48,117
08/13/2007,TCL,AL,ASO,ES,Federal Contract Tower,0,3,19,11,33,0,2,55,27,84,0,5,74,38,117,74,0,74,191
08/14/2007,TCL,AL,ASO,ES,Federal Contract Tower,0,0,8,21,29,0,0,42,27,69,0,0,50,48,98,76,18,94,192
08/15/2007,TCL,AL,ASO,ES,Federal Contract Tower,0,2,16,11,29,0,0,37,41,78,0,2,53,52,107,76,14,90,197
08/16/2007,TCL,AL,ASO,ES,Federal Contract Tower,0,3,22,22,47,0,0,50,14,64,0,3,72,36,111,52,6,58,169
08/17/2007,TCL,AL,ASO,ES,Federal Contract Tower,0,4,33,19,56,0,2,35,6,43,0,6,68,25,99,40,0,40,139
08/18/2007,TCL,AL,ASO,ES,Federal Contract Tower,0,2,12,1,15,0,0,22,1,23,0,2,34,2,38,70,0,70,108
08/19/2007,TCL,AL,ASO,ES,Federal Contract Tower,0,4,31,5,40,0,0,32,3,35,0,4,63,8,75,106,0,106,181
08/20/2007,TCL,AL,ASO,ES,Federal Contract Tower,0,4,31,21,56,0,0,28,42,70,0,4,59,63,126,124,32,156,282
08/21/2007,TCL,AL,ASO,ES,Federal Contract Tower,0,4,18,19,41,0,0,28,39,67,0,4,46,58,108,74,22,96,204
08/22/2007,TCL,AL,ASO,ES,Federal Contract Tower,0,2,26,13,41,0,0,33,43,76,0,2,59,56,117,30,12,42,159
08/23/2007,TCL,AL,ASO,ES,Federal Contract Tower,0,2,19,11,32,0,0,34,26,60,0,2,53,37,92,20,12,32,124
08/24/2007,TCL,AL,ASO,ES,Federal Contract Tower,0,2,40,13,55,0,0,28,19,47,0,2,68,32,102,132,42,174,276
08/25/2007,TCL,AL,ASO,ES,Federal Contract Tower,0,1,21,0,22,0,0,40,4,44,0,1,61,4,66,82,0,82,148
08/26/2007,TCL,AL,ASO,ES,Federal Contract Tower,0,0,20,3,23,0,0,42,9,51,0,0,62,12,74,114,0,114,188
08/27/2007,TCL,AL,ASO,ES,Federal Contract Tower,0,2,25,8,35,0,0,32,15,47,0,2,57,23,82,102,4,106,188
08/28/2007,TCL,AL,ASO,ES,Federal Contract Tower,0,3,29,11,43,0,0,20,32,52,0,3,49,43,95,32,22,54,149
08/29/2007,TCL,AL,ASO,ES,Federal Contract Tower,0,6,32,18,56,0,0,19,36,55,0,6,51,54,111,36,18,54,165
08/30/2007,TCL,AL,ASO,ES,Federal Contract Tower,0,2,24,11,37,0,3,31,41,75,0,5,55,52,112,20,0,20,132
08/31/2007,TCL,AL,ASO,ES,Federal Contract Tower,2,8,28,15,53,0,1,38,21,60,2,9,66,36,113,54,8,62,175
09/01/2007,TCL,AL,ASO,ES,Federal Contract Tower,0,4,36,0,40,0,0,36,2,38,0,4,72,2,78,100,0,100,178
09/02/2007,TCL,AL,ASO,ES,Federal Contract Tower,0,2,20,1,23,0,6,19,2,27,0,8,39,3,50,60,0,60,110
09/03/2007,TCL,AL,ASO,ES,Federal Contract Tower,1,6,32,4,43,0,0,23,2,25,1,6,55,6,68,68,0,68,136
09/04/2007,TCL,AL,ASO,ES,Federal Contract Tower,0,4,23,7,34,0,2,41,17,60,0,6,64,24,94,44,2,46,140
09/05/2007,TCL,AL,ASO,ES,Federal Contract Tower,1,2,22,3,28,0,0,42,43,85,1,2,64,46,113,62,0,62,175
09/06/2007,TCL,AL,ASO,ES,Federal Contract Tower,0,8,30,6,44,0,2,40,38,80,0,10,70,44,124,14,24,38,162
09/07/2007,TCL,AL,ASO,ES,Federal Contract Tower,2,6,25,6,39,0,4,30,14,48,2,10,55,20,87,26,6,32,119
09/08/2007,TCL,AL,ASO,ES,Federal Contract Tower,2,1,10,5,18,0,2,36,0,38,2,3,46,5,56,70,8,78,134
09/09/2007,TCL,AL,ASO,ES,Federal Contract Tower,0,5,19,7,31,0,2,47,9,58,0,7,66,16,89,66,20,86,175
09/10/2007,TCL,AL,ASO,ES,Federal Contract Tower,0,2,21,10,33,0,0,41,18,59,0,2,62,28,92,54,8,62,154
09/11/2007,TCL,AL,ASO,ES,Federal Contract Tower,0,6,16,9,31,0,0,27,15,42,0,6,43,24,73,40,0,40,113
09/12/2007,TCL,AL,ASO,ES,Federal Contract Tower,0,2,13,11,26,0,0,30,18,48,0,2,43,29,74,28,18,46,120
09/13/2007,TCL,AL,ASO,ES,Federal Contract Tower,0,7,26,8,41,0,1,23,17,41,0,8,49,25,82,70,0,70,152
09/14/2007,TCL,AL,ASO,ES,Federal Contract Tower,1,3,29,12,45,0,2,10,10,22,1,5,39,22,67,4,0,4,71
09/15/2007,TCL,AL,ASO,ES,Federal Contract Tower,3,15,117,5,140,0,0,64,7,71,3,15,181,12,211,120,0,120,331
09/16/2007,TCL,AL,ASO,ES,Federal Contract Tower,0,4,33,3,40,0,1,65,1,67,0,5,98,4,107,92,0,92,199
09/17/2007,TCL,AL,ASO,ES,Federal Contract Tower,0,2,21,18,41,0,2,42,23,67,0,4,63,41,108,110,0,110,218
09/18/2007,TCL,AL,ASO,ES,Federal Contract Tower,0,6,14,19,39,0,0,73,25,98,0,6,87,44,137,42,0,42,179
09/19/2007,TCL,AL,ASO,ES,Federal Contract Tower,0,5,20,10,35,0,2,56,37,95,0,7,76,47,130,48,8,56,186
09/20/2007,TCL,AL,ASO,ES,Federal Contract Tower,0,0,23,12,35,0,0,39,26,65,0,0,62,38,100,54,2,56,156
09/21/2007,TCL,AL,ASO,ES,Federal Contract Tower,0,9,37,10,56,0,0,27,11,38,0,9,64,21,94,84,18,102,196
09/22/2007,TCL,AL,ASO,ES,Federal Contract Tower,0,32,164,0,196,0,0,48,0,48,0,32,212,0,244,106,0,106,350
09/23/2007,TCL,AL,ASO,ES,Federal Contract Tower,0,21,56,8,85,0,5,9,5,19,0,26,65,13,104,46,0,46,150
09/24/2007,TCL,AL,ASO,ES,Federal Contract Tower,0,5,20,14,39,0,2,20,13,35,0,7,40,27,74,72,0,72,146
09/25/2007,TCL,AL,ASO,ES,Federal Contract Tower,0,3,12,5,20,0,0,32,13,45,0,3,44,18,65,58,0,58,123
09/26/2007,TCL,AL,ASO,ES,Federal Contract Tower,0,3,33,16,52,0,1,39,36,76,0,4,72,52,128,48,0,48,176
09/27/2007,TCL,AL,ASO,ES,Federal Contract Tower,0,1,38,3,42,0,0,32,11,43,0,1,70,14,85,34,18,52,137
09/28/2007,TCL,AL,ASO,ES,Federal Contract Tower,2,7,45,8,62,0,0,48,5,53,2,7,93,13,115,110,8,118,233
09/29/2007,TCL,AL,ASO,ES,Federal Contract Tower,0,10,28,1,39,0,1,45,0,46,0,11,73,1,85,74,0,74,159
09/30/2007,TCL,AL,ASO,ES,Federal Contract Tower,2,4,40,2,48,0,4,60,2,66,2,8,100,4,114,42,0,42,156
10/01/2007,TCL,AL,ASO,ES,Federal Contract Tower,0,8,17,1,26,0,4,43,2,49,0,12,60,3,75,64,10,74,149
10/02/2007,TCL,AL,ASO,ES,Federal Contract Tower,0,2,25,34,61,0,0,59,11,70,0,2,84,45,131,70,0,70,201
10/03/2007,TCL,AL,ASO,ES,Federal Contract Tower,0,0,26,19,45,0,3,61,16,80,0,3,87,35,125,36,4,40,165
10/04/2007,TCL,AL,ASO,ES,Federal Contract Tower,0,7,33,38,78,0,1,14,18,33,0,8,47,56,111,48,6,54,165
10/05/2007,TCL,AL,ASO,ES,Federal Contract Tower,2,9,37,10,58,0,0,21,0,21,2,9,58,10,79,54,12,66,145
10/06/2007,TCL,AL,ASO,ES,Federal Contract Tower,2,6,51,2,61,0,0,33,0,33,2,6,84,2,94,91,12,103,197
10/07/2007,TCL,AL,ASO,ES,Federal Contract Tower,0,10,51,2,63,0,0,34,0,34,0,10,85,2,97,54,0,54,151
10/08/2007,TCL,AL,ASO,ES,Federal Contract Tower,0,0,19,0,19,0,0,34,0,34,0,0,53,0,53,80,0,80,133
10/09/2007,TCL,AL,ASO,ES,Federal Contract Tower,0,2,24,22,48,0,1,32,11,44,0,3,56,33,92,42,6,48,140
10/10/2007,TCL,AL,ASO,ES,Federal Contract Tower,0,11,36,14,61,0,0,58,22,80,0,11,94,36,141,28,6,34,175
10/11/2007,TCL,AL,ASO,ES,Federal Contract Tower,0,1,37,18,56,0,0,67,8,75,0,1,104,26,131,44,0,44,175
10/12/2007,TCL,AL,ASO,ES,Federal Contract Tower,2,3,28,4,37,0,2,50,16,68,2,5,78,20,105,56,18,74,179
10/13/2007,TCL,AL,ASO,ES,Federal Contract Tower,2,0,11,0,13,0,0,44,0,44,2,0,55,0,57,86,0,86,143
10/14/2007,TCL,AL,ASO,ES,Federal Contract Tower,0,5,21,8,34,0,0,38,0,38,0,5,59,8,72,96,0,96,168
10/15/2007,TCL,AL,ASO,ES,Federal Contract Tower,0,1,28,20,49,0,2,28,12,42,0,3,56,32,91,90,8,98,189
10/16/2007,TCL,AL,ASO,ES,Federal Contract Tower,0,3,22,24,49,0,1,23,28,52,0,4,45,52,101,52,0,52,153
10/17/2007,TCL,AL,ASO,ES,Federal Contract Tower,0,4,20,62,86,0,0,16,14,30,0,4,36,76,116,66,38,104,220
10/18/2007,TCL,AL,ASO,ES,Federal Contract Tower,0,5,29,8,42,0,0,10,0,10,0,5,39,8,52,8,0,8,60
10/19/2007,TCL,AL,ASO,ES,Federal Contract Tower,0,4,44,45,93,0,1,45,12,58,0,5,89,57,151,74,12,86,237
10/20/2007,TCL,AL,ASO,ES,Federal Contract Tower,2,16,152,7,177,0,0,80,3,83,2,16,232,10,260,70,4,74,334
10/21/2007,TCL,AL,ASO,ES,Federal Contract Tower,0,6,40,7,53,0,0,49,3,52,0,6,89,10,105,50,0,50,155
10/22/2007,TCL,AL,ASO,ES,Federal Contract Tower,0,4,32,0,36,0,0,14,0,14,0,4,46,0,50,8,0,8,58
10/23/2007,TCL,AL,ASO,ES,Federal Contract Tower,0,3,22,41,66,0,1,1,1,3,0,4,23,42,69,12,0,12,81
10/24/2007,TCL,AL,ASO,ES,Federal Contract Tower,0,1,58,50,109,0,0,8,1,9,0,1,66,51,118,68,0,68,186
10/25/2007,TCL,AL,ASO,ES,Federal Contract Tower,0,6,33,30,69,0,0,6,0,6,0,6,39,30,75,0,0,0,75
10/26/2007,TCL,AL,ASO,ES,Federal Contract Tower,0,5,42,31,78,0,2,19,5,26,0,7,61,36,104,48,6,54,158
10/27/2007,TCL,AL,ASO,ES,Federal Contract Tower,0,1,8,24,33,0,0,67,4,71,0,1,75,28,104,78,22,100,204
10/28/2007,TCL,AL,ASO,ES,Federal Contract Tower,0,3,11,14,28,0,0,41,0,41,0,3,52,14,69,50,0,50,119
10/29/2007,TCL,AL,ASO,ES,Federal Contract Tower,0,1,30,23,54,0,2,38,23,63,0,3,68,46,117,63,8,71,188
10/30/2007,TCL,AL,ASO,ES,Federal Contract Tower,0,5,22,28,55,0,0,48,22,70,0,5,70,50,125,65,12,77,202
10/31/2007,TCL,AL,ASO,ES,Federal Contract Tower,0,0,25,35,60,0,0,19,23,42,0,0,44,58,102,48,18,66,168
11/01/2007,TCL,AL,ASO,ES,Federal Contract Tower,0,5,27,28,60,0,0,49,23,72,0,5,76,51,132,48,0,48,180
11/02/2007,TCL,AL,ASO,ES,Federal Contract Tower,0,9,64,4,77,0,0,58,10,68,0,9,122,14,145,96,30,126,271
11/03/2007,TCL,AL,ASO,ES,Federal Contract Tower,4,40,240,2,286,0,0,130,0,130,4,40,370,2,416,114,8,122,538
11/04/2007,TCL,AL,ASO,ES,Federal Contract Tower,0,7,45,2,54,0,0,63,1,64,0,7,108,3,118,74,0,74,192
11/05/2007,TCL,AL,ASO,ES,Federal Contract Tower,0,6,39,29,74,0,1,30,8,39,0,7,69,37,113,38,12,50,163
11/06/2007,TCL,AL,ASO,ES,Federal Contract Tower,2,4,17,36,59,0,0,20,20,40,2,4,37,56,99,66,4,70,169
11/07/2007,TCL,AL,ASO,ES,Federal Contract Tower,0,8,24,31,63,0,0,21,21,42,0,8,45,52,105,98,0,98,203
11/08/2007,TCL,AL,ASO,ES,Federal Contract Tower,0,6,33,29,68,0,0,42,16,58,0,6,75,45,126,44,8,52,178
11/09/2007,TCL,AL,ASO,ES,Federal Contract Tower,0,7,27,29,63,0,0,34,7,41,0,7,61,36,104,36,6,42,146
11/10/2007,TCL,AL,ASO,ES,Federal Contract Tower,0,0,29,0,29,0,0,58,2,60,0,0,87,2,89,56,0,56,145
11/11/2007,TCL,AL,ASO,ES,Federal Contract Tower,0,4,12,6,22,0,0,37,2,39,0,4,49,8,61,66,8,74,135
11/12/2007,TCL,AL,ASO,ES,Federal Contract Tower,2,0,31,13,46,0,3,32,6,41,2,3,63,19,87,103,0,103,190
11/13/2007,TCL,AL,ASO,ES,Federal Contract Tower,0,8,20,18,46,0,0,34,10,44,0,8,54,28,90,30,0,30,120
11/14/2007,TCL,AL,ASO,ES,Federal Contract Tower,2,6,36,4,48,0,0,26,14,40,2,6,62,18,88,52,6,58,146
11/15/2007,TCL,AL,ASO,ES,Federal Contract Tower,0,4,32,29,65,0,1,37,13,51,0,5,69,42,116,32,6,38,154
11/16/2007,TCL,AL,ASO,ES,Federal Contract Tower,0,8,34,10,52,0,4,69,20,93,0,12,103,30,145,70,8,78,223
11/17/2007,TCL,AL,ASO,ES,Federal Contract Tower,0,6,28,3,37,0,0,71,3,74,0,6,99,6,111,106,8,114,225
11/18/2007,TCL,AL,ASO,ES,Federal Contract Tower,0,7,31,5,43,0,0,20,7,27,0,7,51,12,70,32,0,32,102
11/19/2007,TCL,AL,ASO,ES,Federal Contract Tower,0,11,26,18,55,0,1,46,8,55,0,12,72,26,110,76,0,76,186
11/20/2007,TCL,AL,ASO,ES,Federal Contract Tower,0,7,46,4,57,0,2,51,14,67,0,9,97,18,124,34,2,36,160
11/21/2007,TCL,AL,ASO,ES,Federal Contract Tower,0,0,38,1,39,0,0,8,0,8,0,0,46,1,47,54,0,54,101
11/22/2007,TCL,AL,ASO,ES,Federal Contract Tower,0,0,18,0,18,0,1,4,0,5,0,1,22,0,23,10,0,10,33
11/23/2007,TCL,AL,ASO,ES,Federal Contract Tower,0,0,12,3,15,0,0,29,0,29,0,0,41,3,44,64,0,64,108
11/24/2007,TCL,AL,ASO,ES,Federal Contract Tower,0,2,23,1,26,0,0,22,0,22,0,2,45,1,48,62,0,62,110
11/25/2007,TCL,AL,ASO,ES,Federal Contract Tower,0,6,34,0,40,0,0,3,0,3,0,6,37,0,43,0,0,0,43
11/26/2007,TCL,AL,ASO,ES,Federal Contract Tower,0,6,12,16,34,0,0,4,0,4,0,6,16,16,38,12,0,12,50
11/27/2007,TCL,AL,ASO,ES,Federal Contract Tower,2,4,16,39,61,0,2,25,14,41,2,6,41,53,102,38,2,40,142
11/28/2007,TCL,AL,ASO,ES,Federal Contract Tower,0,3,17,6,26,0,1,61,4,66,0,4,78,10,92,89,0,89,181
11/29/2007,TCL,AL,ASO,ES,Federal Contract Tower,2,3,24,0,29,0,0,53,22,75,2,3,77,22,104,80,0,80,184
11/30/2007,TCL,AL,ASO,ES,Federal Contract Tower,0,3,36,20,59,0,1,44,16,61,0,4,80,36,120,38,38,76,196
12/01/2007,TCL,AL,ASO,ES,Federal Contract Tower,0,3,15,0,18,0,0,61,12,73,0,3,76,12,91,80,0,80,171
12/02/2007,TCL,AL,ASO,ES,Federal Contract Tower,0,4,18,0,22,0,4,11,18,33,0,8,29,18,55,44,14,58,113
12/03/2007,TCL,AL,ASO,ES,Federal Contract Tower,0,1,20,24,45,0,0,21,20,41,0,1,41,44,86,88,20,108,194
12/04/2007,TCL,AL,ASO,ES,Federal Contract Tower,0,4,18,36,58,0,3,45,26,74,0,7,63,62,132,64,0,64,196
12/05/2007,TCL,AL,ASO,ES,Federal Contract Tower,0,1,28,36,65,0,0,29,16,45,0,1,57,52,110,94,32,126,236
12/06/2007,TCL,AL,ASO,ES,Federal Contract Tower,0,2,25,38,65,0,1,37,4,42,0,3,62,42,107,46,10,56,163
12/07/2007,TCL,AL,ASO,ES,Federal Contract Tower,0,3,25,40,68,0,2,42,16,60,0,5,67,56,128,78,16,94,222
12/08/2007,TCL,AL,ASO,ES,Federal Contract Tower,0,1,23,1,25,0,0,1,1,2,0,1,24,2,27,34,0,34,61
12/09/2007,TCL,AL,ASO,ES,Federal Contract Tower,0,5,27,26,58,0,0,16,0,16,0,5,43,26,74,60,10,70,144
12/10/2007,TCL,AL,ASO,ES,Federal Contract Tower,0,2,40,22,64,0,0,30,8,38,0,2,70,30,102,24,8,32,134
12/11/2007,TCL,AL,ASO,ES,Federal Contract Tower,0,1,39,21,61,0,0,56,5,61,0,1,95,26,122,52,8,60,182
12/12/2007,TCL,AL,ASO,ES,Federal Contract Tower,0,7,32,24,63,0,0,8,6,14,0,7,40,30,77,50,0,50,127
12/13/2007,TCL,AL,ASO,ES,Federal Contract Tower,0,6,37,22,65,0,1,9,0,10,0,7,46,22,75,46,2,48,123
12/14/2007,TCL,AL,ASO,ES,Federal Contract Tower,0,5,31,49,85,0,0,24,1,25,0,5,55,50,110,48,0,48,158
12/15/2007,TCL,AL,ASO,ES,Federal Contract Tower,0,2,28,0,30,0,0,7,0,7,0,2,35,0,37,70,0,70,107
12/16/2007,TCL,AL,ASO,ES,Federal Contract Tower,0,2,16,2,20,0,4,6,2,12,0,6,22,4,32,66,0,66,98
12/17/2007,TCL,AL,ASO,ES,Federal Contract Tower,0,5,23,32,60,0,2,40,22,64,0,7,63,54,124,108,0,108,232
12/18/2007,TCL,AL,ASO,ES,Federal Contract Tower,0,1,30,30,61,0,0,45,12,57,0,1,75,42,118,16,6,22,140
12/19/2007,TCL,AL,ASO,ES,Federal Contract Tower,0,0,21,32,53,0,0,23,1,24,0,0,44,33,77,54,0,54,131
12/20/2007,TCL,AL,ASO,ES,Federal Contract Tower,2,0,19,0,21,0,0,8,1,9,2,0,27,1,30,6,0,6,36
12/21/2007,TCL,AL,ASO,ES,Federal Contract Tower,0,3,25,4,32,0,1,23,2,26,0,4,48,6,58,46,0,46,104
12/22/2007,TCL,AL,ASO,ES,Federal Contract Tower,0,0,15,4,19,0,0,12,0,12,0,0,27,4,31,16,8,24,55
12/23/2007,TCL,AL,ASO,ES,Federal Contract Tower,0,0,15,0,15,0,4,24,0,28,0,4,39,0,43,32,0,32,75
12/24/2007,TCL,AL,ASO,ES,Federal Contract Tower,1,3,8,0,12,0,0,34,0,34,1,3,42,0,46,36,0,36,82
12/25/2007,TCL,AL,ASO,ES,Federal Contract Tower,3,0,1,0,4,0,0,3,0,3,3,0,4,0,7,16,0,16,23
12/26/2007,TCL,AL,ASO,ES,Federal Contract Tower,0,1,13,0,14,0,0,19,0,19,0,1,32,0,33,70,0,70,103
12/27/2007,TCL,AL,ASO,ES,Federal Contract Tower,0,2,23,0,25,0,1,17,0,18,0,3,40,0,43,18,0,18,61
12/28/2007,TCL,AL,ASO,ES,Federal Contract Tower,0,2,9,0,11,0,0,3,0,3,0,2,12,0,14,2,0,2,16
12/29/2007,TCL,AL,ASO,ES,Federal Contract Tower,0,2,18,0,20,0,1,56,2,59,0,3,74,2,79,58,8,66,145
12/30/2007,TCL,AL,ASO,ES,Federal Contract Tower,0,1,14,0,15,0,0,26,0,26,0,1,40,0,41,10,0,10,51
12/31/2007,TCL,AL,ASO,ES,Federal Contract Tower,3,3,16,0,22,0,0,52,8,60,3,3,68,8,82,22,0,22,104
01/01/2008,TCL,AL,ASO,ES,Federal Contract Tower,1,2,16,0,19,0,2,9,0,11,1,4,25,0,30,18,0,18,48
01/02/2008,TCL,AL,ASO,ES,Federal Contract Tower,0,4,10,0,14,0,2,31,0,33,0,6,41,0,47,30,0,30,77
01/03/2008,TCL,AL,ASO,ES,Federal Contract Tower,0,0,15,2,17,0,0,29,8,37,0,0,44,10,54,64,0,64,118
01/04/2008,TCL,AL,ASO,ES,Federal Contract Tower,0,3,13,12,28,0,0,50,8,58,0,3,63,20,86,64,0,64,150
01/05/2008,TCL,AL,ASO,ES,Federal Contract Tower,0,7,17,2,26,0,0,22,4,26,0,7,39,6,52,54,0,54,106
01/06/2008,TCL,AL,ASO,ES,Federal Contract Tower,0,0,8,7,15,0,0,32,1,33,0,0,40,8,48,88,10,98,146
01/07/2008,TCL,AL,ASO,ES,Federal Contract Tower,2,0,18,30,50,0,1,26,17,44,2,1,44,47,94,80,18,98,192
01/08/2008,TCL,AL,ASO,ES,Federal Contract Tower,0,3,24,16,43,0,3,18,2,23,0,6,42,18,66,22,0,22,88
01/09/2008,TCL,AL,ASO,ES,Federal Contract Tower,5,0,30,9,44,0,1,70,28,99,5,1,100,37,143,58,0,58,201
01/10/2008,TCL,AL,ASO,ES,Federal Contract Tower,1,1,15,0,17,0,0,5,0,5,1,1,20,0,22,0,0,0,22
01/11/2008,TCL,AL,ASO,ES,Federal Contract Tower,2,4,26,17,49,0,0,75,10,85,2,4,101,27,134,130,8,138,272
01/12/2008,TCL,AL,ASO,ES,Federal Contract Tower,3,3,19,3,28,0,0,68,5,73,3,3,87,8,101,106,0,106,207
01/13/2008,TCL,AL,ASO,ES,Federal Contract Tower,2,2,19,2,25,0,2,38,2,42,2,4,57,4,67,76,0,76,143
01/14/2008,TCL,AL,ASO,ES,Federal Contract Tower,1,0,29,30,60,0,0,32,12,44,1,0,61,42,104,90,0,90,194
01/15/2008,TCL,AL,ASO,ES,Federal Contract Tower,1,3,39,36,79,0,2,65,16,83,1,5,104,52,162,24,4,28,190
01/16/2008,TCL,AL,ASO,ES,Federal Contract Tower,2,0,22,3,27,0,1,3,6,10,2,1,25,9,37,0,0,0,37
01/17/2008,TCL,AL,ASO,ES,Federal Contract Tower,3,0,33,27,63,0,0,6,0,6,3,0,39,27,69,84,0,84,153
01/18/2008,TCL,AL,ASO,ES,Federal Contract Tower,1,5,32,25,63,0,0,38,20,58,1,5,70,45,121,52,16,68,189
01/19/2008,TCL,AL,ASO,ES,Federal Contract Tower,0,0,10,6,16,0,0,3,0,3,0,0,13,6,19,46,0,46,65
01/20/2008,TCL,AL,ASO,ES,Federal Contract Tower,0,2,15,0,17,0,0,39,0,39,0,2,54,0,56,68,0,68,124
01/21/2008,TCL,AL,ASO,ES,Federal Contract Tower,0,0,20,13,33,0,0,43,2,45,0,0,63,15,78,52,30,82,160
01/22/2008,TCL,AL,ASO,ES,Federal Contract Tower,0,4,24,2,30,0,0,2,0,2,0,4,26,2,32,0,0,0,32
01/23/2008,TCL,AL,ASO,ES,Federal Contract Tower,0,0,36,18,54,0,2,7,2,11,0,2,43,20,65,18,0,18,83
01/24/2008,TCL,AL,ASO,ES,Federal Contract Tower,0,5,34,23,62,0,2,37,18,57,0,7,71,41,119,64,0,64,183
01/25/2008,TCL,AL,ASO,ES,Federal Contract Tower,0,2,20,13,35,0,0,25,3,28,0,2,45,16,63,40,0,40,103
01/26/2008,TCL,AL,ASO,ES,Federal Contract Tower,0,1,10,2,13,0,0,0,0,0,0,1,10,2,13,10,0,10,23
01/27/2008,TCL,AL,ASO,ES,Federal Contract Tower,0,4,23,4,31,0,2,39,6,47,0,6,62,10,78,62,30,92,170
01/28/2008,TCL,AL,ASO,ES,Federal Contract Tower,2,1,27,30,60,0,4,61,31,96,2,5,88,61,156,156,0,156,312
01/29/2008,TCL,AL,ASO,ES,Federal Contract Tower,0,5,16,14,35,0,0,7,3,10,0,5,23,17,45,16,4,20,65
01/30/2008,TCL,AL,ASO,ES,Federal Contract Tower,2,0,10,14,26,0,3,57,22,82,2,3,67,36,108,64,28,92,200
01/31/2008,TCL,AL,ASO,ES,Federal Contract Tower,0,6,22,3,31,0,0,10,10,20,0,6,32,13,51,24,0,24,75
02/01/2008,TCL,AL,ASO,ES,Federal Contract Tower,0,7,55,20,82,0,3,29,10,42,0,10,84,30,124,90,8,98,222
02/02/2008,TCL,AL,ASO,ES,Federal Contract Tower,0,6,19,20,45,0,0,51,5,56,0,6,70,25,101,84,14,98,199
02/03/2008,TCL,AL,ASO,ES,Federal Contract Tower,0,4,19,4,27,0,0,9,0,9,0,4,28,4,36,30,0,30,66
02/04/2008,TCL,AL,ASO,ES,Federal Contract Tower,0,4,35,25,64,0,0,9,4,13,0,4,44,29,77,44,0,44,121
02/05/2008,TCL,AL,ASO,ES,Federal Contract Tower,0,5,26,16,47,0,1,13,4,18,0,6,39,20,65,48,0,48,113
02/06/2008,TCL,AL,ASO,ES,Federal Contract Tower,0,0,10,25,35,0,1,21,21,43,0,1,31,46,78,54,8,62,140
02/07/2008,TCL,AL,ASO,ES,Federal Contract Tower,0,2,19,12,33,0,0,61,26,87,0,2,80,38,120,84,16,100,220
02/08/2008,TCL,AL,ASO,ES,Federal Contract Tower,2,4,14,6,26,0,3,58,23,84,2,7,72,29,110,46,4,50,160
02/09/2008,TCL,AL,ASO,ES,Federal Contract Tower,2,0,13,6,21,0,1,50,2,53,2,1,63,8,74,90,0,90,164
02/10/2008,TCL,AL,ASO,ES,Federal Contract Tower,0,0,18,8,26,0,4,74,8,86,0,4,92,16,112,130,24,154,266
02/11/2008,TCL,AL,ASO,ES,Federal Contract Tower,0,1,13,18,32,0,1,35,27,63,0,2,48,45,95,44,10,54,149
02/12/2008,TCL,AL,ASO,ES,Federal Contract Tower,0,0,21,15,36,0,0,11,8,19,0,0,32,23,55,54,6,60,115
02/13/2008,TCL,AL,ASO,ES,Federal Contract Tower,0,2,28,0,30,0,0,22,7,29,0,2,50,7,59,56,0,56,115
02/14/2008,TCL,AL,ASO,ES,Federal Contract Tower,0,2,12,11,25,0,1,49,9,59,0,3,61,20,84,58,24,82,166
02/15/2008,TCL,AL,ASO,ES,Federal Contract Tower,2,7,28,25,62,0,1,22,5,28,2,8,50,30,90,60,0,60,150
02/16/2008,TCL,AL,ASO,ES,Federal Contract Tower,2,1,19,1,23,0,4,31,3,38,2,5,50,4,61,78,0,78,139
02/17/2008,TCL,AL,ASO,ES,Federal Contract Tower,4,4,8,0,16,0,0,18,0,18,4,4,26,0,34,32,0,32,66
02/18/2008,TCL,AL,ASO,ES,Federal Contract Tower,0,2,17,4,23,0,0,38,2,40,0,2,55,6,63,58,0,58,121
02/19/2008,TCL,AL,ASO,ES,Federal Contract Tower,0,1,21,24,46,0,2,44,6,52,0,3,65,30,98,56,4,60,158
02/20/2008,TCL,AL,ASO,ES,Federal Contract Tower,0,5,34,21,60,0,2,42,23,67,0,7,76,44,127,82,8,90,217
02/21/2008,TCL,AL,ASO,ES,Federal Contract Tower,1,9,21,18,49,0,0,6,0,6,1,9,27,18,55,2,0,2,57
02/22/2008,TCL,AL,ASO,ES,Federal Contract Tower,1,4,23,6,34,0,0,5,0,5,1,4,28,6,39,16,0,16,55
02/23/2008,TCL,AL,ASO,ES,Federal Contract Tower,0,3,21,4,28,0,1,16,0,17,0,4,37,4,45,86,0,86,131
02/24/2008,TCL,AL,ASO,ES,Federal Contract Tower,0,0,24,6,30,0,0,51,7,58,0,0,75,13,88,60,6,66,154
02/25/2008,TCL,AL,ASO,ES,Federal Contract Tower,0,0,24,16,40,0,1,19,6,26,0,1,43,22,66,148,0,148,214
02/26/2008,TCL,AL,ASO,ES,Federal Contract Tower,1,4,16,17,38,0,0,7,1,8,1,4,23,18,46,132,0,132,178
02/27/2008,TCL,AL,ASO,ES,Federal Contract Tower,1,1,34,20,56,0,0,40,21,61,1,1,74,41,117,104,0,104,221
02/28/2008,TCL,AL,ASO,ES,Federal Contract Tower,2,3,24,26,55,0,0,48,14,62,2,3,72,40,117,42,4,46,163
02/29/2008,TCL,AL,ASO,ES,Federal Contract Tower,0,1,30,39,70,0,2,14,6,22,0,3,44,45,92,76,0,76,168
03/01/2008,TCL,AL,ASO,ES,Federal Contract Tower,0,3,23,2,28,0,8,44,2,54,0,11,67,4,82,58,0,58,140
03/02/2008,TCL,AL,ASO,ES,Federal Contract Tower,0,7,29,2,38,0,9,37,2,48,0,16,66,4,86,42,0,42,128
03/03/2008,TCL,AL,ASO,ES,Federal Contract Tower,0,0,16,4,20,0,0,17,6,23,0,0,33,10,43,68,0,68,111
03/04/2008,TCL,AL,ASO,ES,Federal Contract Tower,2,0,13,41,56,0,0,3,2,5,2,0,16,43,61,2,0,2,63
03/05/2008,TCL,AL,ASO,ES,Federal Contract Tower,0,1,26,18,45,0,2,33,20,55,0,3,59,38,100,112,0,112,212
03/06/2008,TCL,AL,ASO,ES,Federal Contract Tower,2,5,14,39,60,0,0,47,3,50,2,5,61,42,110,84,38,122,232
03/07/2008,TCL,AL,ASO,ES,Federal Contract Tower,0,0,10,0,10,0,2,5,0,7,0,2,15,0,17,2,0,2,19
03/08/2008,TCL,AL,ASO,ES,Federal Contract Tower,0,0,16,6,22,0,0,11,0,11,0,0,27,6,33,42,0,42,75
03/09/2008,TCL,AL,ASO,ES,Federal Contract Tower,0,0,17,3,20,0,0,51,1,52,0,0,68,4,72,94,0,94,166
03/10/2008,TCL,AL,ASO,ES,Federal Contract Tower,0,1,18,18,37,0,0,40,2,42,0,1,58,20,79,126,10,136,215
03/11/2008,TCL,AL,ASO,ES,Federal Contract Tower,0,3,15,20,38,0,0,28,14,42,0,3,43,34,80,50,0,50,130
03/12/2008,TCL,AL,ASO,ES,Federal Contract Tower,0,6,31,18,55,0,0,52,12,64,0,6,83,30,119,48,0,48,167
03/13/2008,TCL,AL,ASO,ES,Federal Contract Tower,0,3,38,19,60,0,0,36,14,50,0,3,74,33,110,34,6,40,150
03/14/2008,TCL,AL,ASO,ES,Federal Contract Tower,0,2,20,12,34,0,0,5,0,5,0,2,25,12,39,16,0,16,55
03/15/2008,TCL,AL,ASO,ES,Federal Contract Tower,0,5,14,0,19,0,0,12,4,16,0,5,26,4,35,24,0,24,59
03/16/2008,TCL,AL,ASO,ES,Federal Contract Tower,0,2,13,4,19,0,2,36,0,38,0,4,49,4,57,74,8,82,139
03/17/2008,TCL,AL,ASO,ES,Federal Contract Tower,0,2,23,5,30,0,2,33,5,40,0,4,56,10,70,78,4,82,152
03/18/2008,TCL,AL,ASO,ES,Federal Contract Tower,0,1,24,10,35,0,3,12,4,19,0,4,36,14,54,8,0,8,62
03/19/2008,TCL,AL,ASO,ES,Federal Contract Tower,0,2,17,10,29,0,0,1,0,1,0,2,18,10,30,34,0,34,64
03/20/2008,TCL,AL,ASO,ES,Federal Contract Tower,0,1,26,16,43,0,2,58,22,82,0,3,84,38,125,52,8,60,185
03/21/2008,TCL,AL,ASO,ES,Federal Contract Tower,0,2,15,26,43,0,0,35,20,55,0,2,50,46,98,96,0,96,194
03/22/2008,TCL,AL,ASO,ES,Federal Contract Tower,0,5,24,0,29,0,2,36,0,38,0,7,60,0,67,68,0,68,135
03/23/2008,TCL,AL,ASO,ES,Federal Contract Tower,0,7,23,0,30,0,2,25,0,27,0,9,48,0,57,82,0,82,139
03/24/2008,TCL,AL,ASO,ES,Federal Contract Tower,0,3,24,33,60,0,2,36,11,49,0,5,60,44,109,46,6,52,161
03/25/2008,TCL,AL,ASO,ES,Federal Contract Tower,0,1,18,33,52,0,3,58,14,75,0,4,76,47,127,50,8,58,185
03/26/2008,TCL,AL,ASO,ES,Federal Contract Tower,0,0,27,28,55,0,2,38,18,58,0,2,65,46,113,57,8,65,178
03/27/2008,TCL,AL,ASO,ES,Federal Contract Tower,0,3,18,46,67,0,0,38,6,44,0,3,56,52,111,36,0,36,147
03/28/2008,TCL,AL,ASO,ES,Federal Contract Tower,0,7,31,31,69,0,0,18,5,23,0,7,49,36,92,34,0,34,126
03/29/2008,TCL,AL,ASO,ES,Federal Contract Tower,0,1,16,4,21,0,0,16,0,16,0,1,32,4,37,58,0,58,95
03/30/2008,TCL,AL,ASO,ES,Federal Contract Tower,0,0,27,10,37,0,0,16,6,22,0,0,43,16,59,28,0,28,87
03/31/2008,TCL,AL,ASO,ES,Federal Contract Tower,0,3,17,51,71,0,0,18,7,25,0,3,35,58,96,26,12,38,134
04/01/2008,TCL,AL,ASO,ES,Federal Contract Tower,0,1,33,31,65,0,2,15,3,20,0,3,48,34,85,24,0,24,109
04/02/2008,TCL,AL,ASO,ES,Federal Contract Tower,0,1,26,50,77,0,2,35,10,47,0,3,61,60,124,70,0,70,194
04/03/2008,TCL,AL,ASO,ES,Federal Contract Tower,0,1,24,60,85,0,2,23,14,39,0,3,47,74,124,52,2,54,178
04/04/2008,TCL,AL,ASO,ES,Federal Contract Tower,0,4,24,4,32,0,0,2,0,2,0,4,26,4,34,10,0,10,44
04/05/2008,TCL,AL,ASO,ES,Federal Contract Tower,0,5,24,0,29,0,0,12,0,12,0,5,36,0,41,20,0,20,61
04/06/2008,TCL,AL,ASO,ES,Federal Contract Tower,0,9,31,22,62,0,0,22,6,28,0,9,53,28,90,8,18,26,116
04/07/2008,TCL,AL,ASO,ES,Federal Contract Tower,0,2,34,31,67,0,3,56,19,78,0,5,90,50,145,54,10,64,209
04/08/2008,TCL,AL,ASO,ES,Federal Contract Tower,0,1,37,56,94,0,0,16,4,20,0,1,53,60,114,36,4,40,154
04/09/2008,TCL,AL,ASO,ES,Federal Contract Tower,0,4,24,51,79,0,0,16,6,22,0,4,40,57,101,26,14,40,141
04/10/2008,TCL,AL,ASO,ES,Federal Contract Tower,0,2,28,46,76,0,2,10,8,20,0,4,38,54,96,28,4,32,128
04/11/2008,TCL,AL,ASO,ES,Federal Contract Tower,0,7,29,10,46,0,0,7,5,12,0,7,36,15,58,10,0,10,68
04/12/2008,TCL,AL,ASO,ES,Federal Contract Tower,0,4,18,3,25,0,1,49,3,53,0,5,67,6,78,50,2,52,130
04/13/2008,TCL,AL,ASO,ES,Federal Contract Tower,0,1,16,5,22,0,0,26,0,26,0,1,42,5,48,36,0,36,84
04/14/2008,TCL,AL,ASO,ES,Federal Contract Tower,0,1,17,50,68,0,2,24,10,36,0,3,41,60,104,32,0,32,136
04/15/2008,TCL,AL,ASO,ES,Federal Contract Tower,0,1,29,36,66,0,0,37,15,52,0,1,66,51,118,38,14,52,170
04/16/2008,TCL,AL,ASO,ES,Federal Contract Tower,2,1,25,37,65,0,1,70,17,88,2,2,95,54,153,44,8,52,205
04/17/2008,TCL,AL,ASO,ES,Federal Contract Tower,0,4,17,29,50,0,0,52,11,63,0,4,69,40,113,56,0,56,169
04/18/2008,TCL,AL,ASO,ES,Federal Contract Tower,1,1,26,18,46,0,0,25,14,39,1,1,51,32,85,22,2,24,109
04/19/2008,TCL,AL,ASO,ES,Federal Contract Tower,0,2,13,0,15,0,0,24,1,25,0,2,37,1,40,56,0,56,96
04/20/2008,TCL,AL,ASO,ES,Federal Contract Tower,0,4,23,17,44,0,2,34,4,40,0,6,57,21,84,102,0,102,186
04/21/2008,TCL,AL,ASO,ES,Federal Contract Tower,0,0,22,38,60,0,0,37,6,43,0,0,59,44,103,64,2,66,169
04/22/2008,TCL,AL,ASO,ES,Federal Contract Tower,2,3,20,34,59,0,0,51,12,63,2,3,71,46,122,100,0,100,222
04/23/2008,TCL,AL,ASO,ES,Federal Contract Tower,0,1,23,8,32,0,2,48,24,74,0,3,71,32,106,64,0,64,170
04/24/2008,TCL,AL,ASO,ES,Federal Contract Tower,0,1,50,3,54,0,1,38,5,44,0,2,88,8,98,32,0,32,130
04/25/2008,TCL,AL,ASO,ES,Federal Contract Tower,0,1,28,14,43,0,1,58,4,63,0,2,86,18,106,28,0,28,134
04/26/2008,TCL,AL,ASO,ES,Federal Contract Tower,0,6,17,0,23,0,0,17,0,17,0,6,34,0,40,66,0,66,106
04/27/2008,TCL,AL,ASO,ES,Federal Contract Tower,0,4,30,2,36,0,0,12,0,12,0,4,42,2,48,50,0,50,98
04/28/2008,TCL,AL,ASO,ES,Federal Contract Tower,0,0,21,30,51,0,1,19,7,27,0,1,40,37,78,64,4,68,146
04/29/2008,TCL,AL,ASO,ES,Federal Contract Tower,0,6,20,40,66,0,2,48,2,52,0,8,68,42,118,60,0,60,178
04/30/2008,TCL,AL,ASO,ES,Federal Contract Tower,0,5,38,30,73,0,0,53,6,59,0,5,91,36,132,72,6,78,210
05/01/2008,TCL,AL,ASO,ES,Federal Contract Tower,2,8,29,36,75,0,0,47,6,53,2,8,76,42,128,40,0,40,168
05/02/2008,TCL,AL,ASO,ES,Federal Contract Tower,0,3,31,7,41,0,1,16,2,19,0,4,47,9,60,66,0,66,126
05/03/2008,TCL,AL,ASO,ES,Federal Contract Tower,0,4,19,0,23,0,0,12,0,12,0,4,31,0,35,26,0,26,61
05/04/2008,TCL,AL,ASO,ES,Federal Contract Tower,2,3,16,2,23,0,0,38,3,41,2,3,54,5,64,64,12,76,140
05/05/2008,TCL,AL,ASO,ES,Federal Contract Tower,0,3,34,2,39,0,0,46,0,46,0,3,80,2,85,104,0,104,189
05/06/2008,TCL,AL,ASO,ES,Federal Contract Tower,2,2,18,26,48,0,1,43,0,44,2,3,61,26,92,60,0,60,152
05/07/2008,TCL,AL,ASO,ES,Federal Contract Tower,0,1,23,23,47,0,0,39,7,46,0,1,62,30,93,58,12,70,163
05/08/2008,TCL,AL,ASO,ES,Federal Contract Tower,0,3,28,14,45,0,1,8,0,9,0,4,36,14,54,0,2,2,56
05/09/2008,TCL,AL,ASO,ES,Federal Contract Tower,1,2,30,18,51,0,0,40,6,46,1,2,70,24,97,66,2,68,165
05/10/2008,TCL,AL,ASO,ES,Federal Contract Tower,0,0,20,0,20,0,3,10,2,15,0,3,30,2,35,42,6,48,83
05/11/2008,TCL,AL,ASO,ES,Federal Contract Tower,0,0,15,24,39,0,0,12,0,12,0,0,27,24,51,0,0,0,51
05/12/2008,TCL,AL,ASO,ES,Federal Contract Tower,0,2,25,12,39,0,2,28,14,44,0,4,53,26,83,100,8,108,191
05/13/2008,TCL,AL,ASO,ES,Federal Contract Tower,0,2,21,28,51,0,0,35,20,55,0,2,56,48,106,46,6,52,158
05/14/2008,TCL,AL,ASO,ES,Federal Contract Tower,1,0,18,13,32,0,0,16,13,29,1,0,34,26,61,40,0,40,101
05/15/2008,TCL,AL,ASO,ES,Federal Contract Tower,0,0,20,4,24,0,0,4,0,4,0,0,24,4,28,12,0,12,40
05/16/2008,TCL,AL,ASO,ES,Federal Contract Tower,0,1,28,5,34,0,0,9,7,16,0,1,37,12,50,42,16,58,108
05/17/2008,TCL,AL,ASO,ES,Federal Contract Tower,0,0,19,4,23,0,0,60,0,60,0,0,79,4,83,74,0,74,157
05/18/2008,TCL,AL,ASO,ES,Federal Contract Tower,0,5,19,19,43,0,2,29,7,38,0,7,48,26,81,76,4,80,161
05/19/2008,TCL,AL,ASO,ES,Federal Contract Tower,0,0,14,17,31,0,5,20,13,38,0,5,34,30,69,84,8,92,161
05/20/2008,TCL,AL,ASO,ES,Federal Contract Tower,0,2,32,0,34,0,0,36,20,56,0,2,68,20,90,98,0,98,188
05/21/2008,TCL,AL,ASO,ES,Federal Contract Tower,0,1,20,0,21,0,3,39,16,58,0,4,59,16,79,64,4,68,147
05/22/2008,TCL,AL,ASO,ES,Federal Contract Tower,0,4,20,7,31,0,2,19,14,35,0,6,39,21,66,98,10,108,174
05/23/2008,TCL,AL,ASO,ES,Federal Contract Tower,0,6,33,4,43,0,0,15,2,17,0,6,48,6,60,96,0,96,156
05/24/2008,TCL,AL,ASO,ES,Federal Contract Tower,0,1,14,3,18,0,2,21,1,24,0,3,35,4,42,84,16,100,142
05/25/2008,TCL,AL,ASO,ES,Federal Contract Tower,0,4,9,1,14,0,6,15,3,24,0,10,24,4,38,84,0,84,122
05/26/2008,TCL,AL,ASO,ES,Federal Contract Tower,0,2,36,0,38,0,4,15,0,19,0,6,51,0,57,96,0,96,153
05/27/2008,TCL,AL,ASO,ES,Federal Contract Tower,0,8,34,11,53,0,0,19,12,31,0,8,53,23,84,38,8,46,130
05/28/2008,TCL,AL,ASO,ES,Federal Contract Tower,1,4,18,16,39,0,0,1,2,3,1,4,19,18,42,24,10,34,76
05/29/2008,TCL,AL,ASO,ES,Federal Contract Tower,1,6,32,12,51,0,3,11,2,16,1,9,43,14,67,36,0,36,103
05/30/2008,TCL,AL,ASO,ES,Federal Contract Tower,0,10,28,32,70,0,0,28,4,32,0,10,56,36,102,79,12,91,193
05/31/2008,TCL,AL,ASO,ES,Federal Contract Tower,0,0,13,4,17,0,0,55,3,58,0,0,68,7,75,96,0,96,171
06/01/2008,TCL,AL,ASO,ES,Federal Contract Tower,0,0,26,4,30,0,0,27,6,33,0,0,53,10,63,72,0,72,135
06/02/2008,TCL,AL,ASO,ES,Federal Contract Tower,4,3,23,12,42,0,0,25,10,35,4,3,48,22,77,54,42,96,173
06/03/2008,TCL,AL,ASO,ES,Federal Contract Tower,0,3,25,12,40,0,0,29,22,51,0,3,54,34,91,30,14,44,135
06/04/2008,TCL,AL,ASO,ES,Federal Contract Tower,0,3,24,7,34,0,1,24,6,31,0,4,48,13,65,56,28,84,149
06/05/2008,TCL,AL,ASO,ES,Federal Contract Tower,0,7,29,16,52,0,1,37,7,45,0,8,66,23,97,40,12,52,149
06/06/2008,TCL,AL,ASO,ES,Federal Contract Tower,0,12,17,4,33,0,1,28,7,36,0,13,45,11,69,42,26,68,137
06/07/2008,TCL,AL,ASO,ES,Federal Contract Tower,0,3,14,2,19,0,1,25,0,26,0,4,39,2,45,76,0,76,121
06/08/2008,TCL,AL,ASO,ES,Federal Contract Tower,0,2,10,11,23,0,0,43,5,48,0,2,53,16,71,74,28,102,173
06/09/2008,TCL,AL,ASO,ES,Federal Contract Tower,0,3,19,10,32,0,0,23,20,43,0,3,42,30,75,78,0,78,153
06/10/2008,TCL,AL,ASO,ES,Federal Contract Tower,0,3,23,11,37,0,0,14,6,20,0,3,37,17,57,50,0,50,107
06/11/2008,TCL,AL,ASO,ES,Federal Contract Tower,0,7,22,0,29,0,0,35,26,61,0,7,57,26,90,45,0,45,135
06/12/2008,TCL,AL,ASO,ES,Federal Contract Tower,0,5,24,8,37,0,0,14,15,29,0,5,38,23,66,52,10,62,128
06/13/2008,TCL,AL,ASO,ES,Federal Contract Tower,0,5,28,23,56,0,0,26,6,32,0,5,54,29,88,78,0,78,166
06/14/2008,TCL,AL,ASO,ES,Federal Contract Tower,0,0,14,2,16,0,0,14,0,14,0,0,28,2,30,76,0,76,106
06/15/2008,TCL,AL,ASO,ES,Federal Contract Tower,0,2,18,6,26,0,0,22,4,26,0,2,40,10,52,118,0,118,170
06/16/2008,TCL,AL,ASO,ES,Federal Contract Tower,0,3,17,42,62,0,2,36,18,56,0,5,53,60,118,100,0,100,218
06/17/2008,TCL,AL,ASO,ES,Federal Contract Tower,0,5,23,22,50,0,1,45,18,64,0,6,68,40,114,52,0,52,166
06/18/2008,TCL,AL,ASO,ES,Federal Contract Tower,0,4,25,28,57,0,6,57,20,83,0,10,82,48,140,36,0,36,176
06/19/2008,TCL,AL,ASO,ES,Federal Contract Tower,0,1,16,32,49,0,0,67,6,73,0,1,83,38,122,82,6,88,210
06/20/2008,TCL,AL,ASO,ES,Federal Contract Tower,0,6,18,24,48,0,2,40,6,48,0,8,58,30,96,100,0,100,196
06/21/2008,TCL,AL,ASO,ES,Federal Contract Tower,0,0,11,0,11,0,0,13,0,13,0,0,24,0,24,100,0,100,124
06/22/2008,TCL,AL,ASO,ES,Federal Contract Tower,0,7,18,36,61,0,0,28,8,36,0,7,46,44,97,70,24,94,191
06/23/2008,TCL,AL,ASO,ES,Federal Contract Tower,0,2,32,32,66,0,0,39,24,63,0,2,71,56,129,136,12,148,277
06/24/2008,TCL,AL,ASO,ES,Federal Contract Tower,0,5,15,36,56,0,2,38,30,70,0,7,53,66,126,24,34,58,184
06/25/2008,TCL,AL,ASO,ES,Federal Contract Tower,0,3,29,6,38,0,0,32,30,62,0,3,61,36,100,30,0,30,130
06/26/2008,TCL,AL,ASO,ES,Federal Contract Tower,0,0,20,33,53,0,0,40,11,51,0,0,60,44,104,48,14,62,166
06/27/2008,TCL,AL,ASO,ES,Federal Contract Tower,0,0,29,19,48,0,4,31,18,53,0,4,60,37,101,70,24,94,195
06/28/2008,TCL,AL,ASO,ES,Federal Contract Tower,0,0,16,8,24,0,0,30,0,30,0,0,46,8,54,78,0,78,132
06/29/2008,TCL,AL,ASO,ES,Federal Contract Tower,2,4,11,12,29,0,2,19,5,26,2,6,30,17,55,46,40,86,141
06/30/2008,TCL,AL,ASO,ES,Federal Contract Tower,0,1,18,40,59,0,0,36,17,53,0,1,54,57,112,98,0,98,210
07/01/2008,TCL,AL,ASO,ES,Federal Contract Tower,0,2,8,47,57,0,0,44,13,57,0,2,52,60,114,34,20,54,168
07/02/2008,TCL,AL,ASO,ES,Federal Contract Tower,0,0,19,22,41,0,0,39,2,41,0,0,58,24,82,60,0,60,142
07/03/2008,TCL,AL,ASO,ES,Federal Contract Tower,0,3,14,26,43,0,0,43,8,51,0,3,57,34,94,44,0,44,138
07/04/2008,TCL,AL,ASO,ES,Federal Contract Tower,0,0,4,0,4,0,0,12,2,14,0,0,16,2,18,40,0,40,58
07/05/2008,TCL,AL,ASO,ES,Federal Contract Tower,0,5,9,1,15,0,0,0,3,3,0,5,9,4,18,32,6,38,56
07/06/2008,TCL,AL,ASO,ES,Federal Contract Tower,0,5,25,0,30,0,5,34,0,39,0,10,59,0,69,76,0,76,145
07/07/2008,TCL,AL,ASO,ES,Federal Contract Tower,0,7,11,1,19,0,2,36,1,39,0,9,47,2,58,116,12,128,186
07/08/2008,TCL,AL,ASO,ES,Federal Contract Tower,0,6,14,22,42,0,0,35,8,43,0,6,49,30,85,76,12,88,173
07/09/2008,TCL,AL,ASO,ES,Federal Contract Tower,0,0,18,21,39,0,0,23,16,39,0,0,41,37,78,50,2,52,130
07/10/2008,TCL,AL,ASO,ES,Federal Contract Tower,0,2,32,12,46,0,0,61,6,67,0,2,93,18,113,38,0,38,151
07/11/2008,TCL,AL,ASO,ES,Federal Contract Tower,0,1,16,8,25,0,1,40,4,45,0,2,56,12,70,44,0,44,114
07/12/2008,TCL,AL,ASO,ES,Federal Contract Tower,0,4,11,8,23,0,0,23,6,29,0,4,34,14,52,68,0,68,120
07/13/2008,TCL,AL,ASO,ES,Federal Contract Tower,0,1,20,30,51,0,0,26,0,26,0,1,46,30,77,74,0,74,151
07/14/2008,TCL,AL,ASO,ES,Federal Contract Tower,0,0,15,36,51,0,0,32,17,49,0,0,47,53,100,70,16,86,186
07/15/2008,TCL,AL,ASO,ES,Federal Contract Tower,0,0,19,38,57,0,0,39,8,47,0,0,58,46,104,44,4,48,152
07/16/2008,TCL,AL,ASO,ES,Federal Contract Tower,0,2,33,30,65,0,1,28,6,35,0,3,61,36,100,40,0,40,140
07/17/2008,TCL,AL,ASO,ES,Federal Contract Tower,0,4,24,22,50,0,0,41,28,69,0,4,65,50,119,56,10,66,185
07/18/2008,TCL,AL,ASO,ES,Federal Contract Tower,0,0,27,21,48,0,0,41,3,44,0,0,68,24,92,70,20,90,182
07/19/2008,TCL,AL,ASO,ES,Federal Contract Tower,0,0,13,5,18,0,2,25,1,28,0,2,38,6,46,82,2,84,130
07/20/2008,TCL,AL,ASO,ES,Federal Contract Tower,0,3,15,7,25,0,2,16,1,19,0,5,31,8,44,84,0,84,128
07/21/2008,TCL,AL,ASO,ES,Federal Contract Tower,0,2,8,30,40,0,2,20,6,28,0,4,28,36,68,76,8,84,152
07/22/2008,TCL,AL,ASO,ES,Federal Contract Tower,0,2,20,8,30,0,2,21,7,30,0,4,41,15,60,24,4,28,88
07/23/2008,TCL,AL,ASO,ES,Federal Contract Tower,0,6,23,16,45,0,0,18,8,26,0,6,41,24,71,56,10,66,137
07/24/2008,TCL,AL,ASO,ES,Federal Contract Tower,0,4,35,26,65,0,0,19,0,19,0,4,54,26,84,46,0,46,130
07/25/2008,TCL,AL,ASO,ES,Federal Contract Tower,0,4,32,19,55,0,2,29,3,34,0,6,61,22,89,42,16,58,147
07/26/2008,TCL,AL,ASO,ES,Federal Contract Tower,0,0,8,0,8,0,0,6,3,9,0,0,14,3,17,80,6,86,103
07/27/2008,TCL,AL,ASO,ES,Federal Contract Tower,0,2,22,7,31,0,0,16,7,23,0,2,38,14,54,56,8,64,118
07/28/2008,TCL,AL,ASO,ES,Federal Contract Tower,0,2,26,30,58,0,0,32,4,36,0,2,58,34,94,68,46,114,208
07/29/2008,TCL,AL,ASO,ES,Federal Contract Tower,0,2,24,25,51,0,0,23,15,38,0,2,47,40,89,30,18,48,137
07/30/2008,TCL,AL,ASO,ES,Federal Contract Tower,0,0,21,34,55,0,0,24,6,30,0,0,45,40,85,66,0,66,151
07/31/2008,TCL,AL,ASO,ES,Federal Contract Tower,0,10,14,20,44,0,1,17,4,22,0,11,31,24,66,34,12,46,112
08/01/2008,TCL,AL,ASO,ES,Federal Contract Tower,0,2,16,8,26,0,0,6,4,10,0,2,22,12,36,46,0,46,82
08/02/2008,TCL,AL,ASO,ES,Federal Contract Tower,0,0,11,14,25,0,0,29,4,33,0,0,40,18,58,88,6,94,152
08/03/2008,TCL,AL,ASO,ES,Federal Contract Tower,0,2,18,21,41,0,0,22,3,25,0,2,40,24,66,82,18,100,166
08/04/2008,TCL,AL,ASO,ES,Federal Contract Tower,0,5,29,16,50,0,0,33,4,37,0,5,62,20,87,88,0,88,175
08/05/2008,TCL,AL,ASO,ES,Federal Contract Tower,0,6,27,35,68,0,1,71,9,81,0,7,98,44,149,28,4,32,181
08/06/2008,TCL,AL,ASO,ES,Federal Contract Tower,0,2,23,18,43,0,1,31,10,42,0,3,54,28,85,52,6,58,143
08/07/2008,TCL,AL,ASO,ES,Federal Contract Tower,0,0,25,8,33,0,2,24,10,36,0,2,49,18,69,44,0,44,113
08/08/2008,TCL,AL,ASO,ES,Federal Contract Tower,0,0,38,36,74,0,0,34,9,43,0,0,72,45,117,70,0,70,187
08/09/2008,TCL,AL,ASO,ES,Federal Contract Tower,0,0,19,0,19,0,0,43,0,43,0,0,62,0,62,98,0,98,160
08/10/2008,TCL,AL,ASO,ES,Federal Contract Tower,0,0,16,17,33,0,0,17,0,17,0,0,33,17,50,78,0,78,128
08/11/2008,TCL,AL,ASO,ES,Federal Contract Tower,0,0,20,54,74,0,2,13,3,18,0,2,33,57,92,86,6,92,184
08/12/2008,TCL,AL,ASO,ES,Federal Contract Tower,0,0,19,20,39,0,0,0,0,0,0,0,19,20,39,2,0,2,41
08/13/2008,TCL,AL,ASO,ES,Federal Contract Tower,0,0,27,48,75,0,0,29,9,38,0,0,56,57,113,32,0,32,145
08/14/2008,TCL,AL,ASO,ES,Federal Contract Tower,0,0,23,24,47,0,0,52,8,60,0,0,75,32,107,90,0,90,197
08/15/2008,TCL,AL,ASO,ES,Federal Contract Tower,0,2,23,28,53,0,0,38,15,53,0,2,61,43,106,26,0,26,132
08/16/2008,TCL,AL,ASO,ES,Federal Contract Tower,0,3,9,0,12,0,0,29,4,33,0,3,38,4,45,106,0,106,151
08/17/2008,TCL,AL,ASO,ES,Federal Contract Tower,0,2,23,9,34,0,0,29,1,30,0,2,52,10,64,108,0,108,172
08/18/2008,TCL,AL,ASO,ES,Federal Contract Tower,0,0,19,51,70,0,1,34,10,45,0,1,53,61,115,60,20,80,195
08/19/2008,TCL,AL,ASO,ES,Federal Contract Tower,0,0,18,24,42,0,0,36,7,43,0,0,54,31,85,32,0,32,117
08/20/2008,TCL,AL,ASO,ES,Federal Contract Tower,0,0,16,27,43,0,0,36,19,55,0,0,52,46,98,40,0,40,138
08/21/2008,TCL,AL,ASO,ES,Federal Contract Tower,0,5,34,15,54,0,1,20,1,22,0,6,54,16,76,50,0,50,126
08/22/2008,TCL,AL,ASO,ES,Federal Contract Tower,0,4,20,40,64,0,2,32,16,50,0,6,52,56,114,74,14,88,202
08/23/2008,TCL,AL,ASO,ES,Federal Contract Tower,0,3,3,2,8,0,0,1,0,1,0,3,4,2,9,18,0,18,27
08/24/2008,TCL,AL,ASO,ES,Federal Contract Tower,0,0,2,2,4,0,0,0,0,0,0,0,2,2,4,64,0,64,68
08/25/2008,TCL,AL,ASO,ES,Federal Contract Tower,0,0,5,1,6,0,0,1,0,1,0,0,6,1,7,0,0,0,7
08/26/2008,TCL,AL,ASO,ES,Federal Contract Tower,0,1,3,21,25,0,0,6,0,6,0,1,9,21,31,0,0,0,31
08/27/2008,TCL,AL,ASO,ES,Federal Contract Tower,0,1,11,31,43,0,0,37,2,39,0,1,48,33,82,78,10,88,170
08/28/2008,TCL,AL,ASO,ES,Federal Contract Tower,0,2,26,26,54,0,1,44,13,58,0,3,70,39,112,26,16,42,154
08/29/2008,TCL,AL,ASO,ES,Federal Contract Tower,2,4,28,20,54,0,0,56,14,70,2,4,84,34,124,32,0,32,156
08/30/2008,TCL,AL,ASO,ES,Federal Contract Tower,0,4,17,0,21,0,0,14,0,14,0,4,31,0,35,80,0,80,115
08/31/2008,TCL,AL,ASO,ES,Federal Contract Tower,2,7,18,26,53,0,0,27,91,118,2,7,45,117,171,80,0,80,251
09/01/2008,TCL,AL,ASO,ES,Federal Contract Tower,0,0,2,3,5,0,0,6,1,7,0,0,8,4,12,0,0,0,12
09/02/2008,TCL,AL,ASO,ES,Federal Contract Tower,0,3,26,30,59,0,0,21,63,84,0,3,47,93,143,40,4,44,187
09/03/2008,TCL,AL,ASO,ES,Federal Contract Tower,0,2,16,9,27,0,4,16,43,63,0,6,32,52,90,42,2,44,134
09/04/2008,TCL,AL,ASO,ES,Federal Contract Tower,0,2,19,25,46,0,0,20,3,23,0,2,39,28,69,36,0,36,105
09/05/2008,TCL,AL,ASO,ES,Federal Contract Tower,0,4,37,22,63,0,2,20,2,24,0,6,57,24,87,30,0,30,117
09/06/2008,TCL,AL,ASO,ES,Federal Contract Tower,0,6,44,2,52,0,4,45,2,51,0,10,89,4,103,148,24,172,275
09/07/2008,TCL,AL,ASO,ES,Federal Contract Tower,0,5,18,22,45,0,0,38,6,44,0,5,56,28,89,106,0,106,195
09/08/2008,TCL,AL,ASO,ES,Federal Contract Tower,0,0,18,8,26,0,0,32,14,46,0,0,50,22,72,88,30,118,190
09/09/2008,TCL,AL,ASO,ES,Federal Contract Tower,0,2,23,9,34,0,0,28,8,36,0,2,51,17,70,76,6,82,152
09/10/2008,TCL,AL,ASO,ES,Federal Contract Tower,0,2,31,14,47,0,0,33,2,35,0,2,64,16,82,80,14,94,176
09/11/2008,TCL,AL,ASO,ES,Federal Contract Tower,0,2,30,27,59,0,0,22,3,25,0,2,52,30,84,45,0,45,129
09/12/2008,TCL,AL,ASO,ES,Federal Contract Tower,0,8,27,35,70,0,0,21,9,30,0,8,48,44,100,64,12,76,176
09/13/2008,TCL,AL,ASO,ES,Federal Contract Tower,0,6,33,4,43,0,0,46,0,46,0,6,79,4,89,94,2,96,185
09/14/2008,TCL,AL,ASO,ES,Federal Contract Tower,0,5,23,0,28,0,0,6,0,6,0,5,29,0,34,0,0,0,34
09/15/2008,TCL,AL,ASO,ES,Federal Contract Tower,0,2,18,39,59,0,0,32,4,36,0,2,50,43,95,78,8,86,181
09/16/2008,TCL,AL,ASO,ES,Federal Contract Tower,0,1,20,18,39,0,0,43,2,45,0,1,63,20,84,38,12,50,134
09/17/2008,TCL,AL,ASO,ES,Federal Contract Tower,0,3,14,35,52,0,4,50,11,65,0,7,64,46,117,66,0,66,183
09/18/2008,TCL,AL,ASO,ES,Federal Contract Tower,0,4,21,24,49,0,0,39,5,44,0,4,60,29,93,90,10,100,193
09/19/2008,TCL,AL,ASO,ES,Federal Contract Tower,2,2,33,22,59,0,0,36,2,38,2,2,69,24,97,74,8,82,179
09/20/2008,TCL,AL,ASO,ES,Federal Contract Tower,2,6,23,6,37,0,2,26,2,30,2,8,49,8,67,84,0,84,151
09/21/2008,TCL,AL,ASO,ES,Federal Contract Tower,0,6,30,2,38,0,0,29,0,29,0,6,59,2,67,96,4,100,167
09/22/2008,TCL,AL,ASO,ES,Federal Contract Tower,0,3,13,20,36,0,4,36,20,60,0,7,49,40,96,94,22,116,212
09/23/2008,TCL,AL,ASO,ES,Federal Contract Tower,0,1,16,20,37,0,2,42,0,44,0,3,58,20,81,50,6,56,137
09/24/2008,TCL,AL,ASO,ES,Federal Contract Tower,0,2,18,28,48,0,0,49,23,72,0,2,67,51,120,38,24,62,182
09/25/2008,TCL,AL,ASO,ES,Federal Contract Tower,0,1,23,12,36,0,0,35,0,35,0,1,58,12,71,60,6,66,137
09/26/2008,TCL,AL,ASO,ES,Federal Contract Tower,2,8,23,21,54,0,0,40,2,42,2,8,63,23,96,68,0,68,164
09/27/2008,TCL,AL,ASO,ES,Federal Contract Tower,0,0,15,8,23,0,0,33,0,33,0,0,48,8,56,86,0,86,142
09/28/2008,TCL,AL,ASO,ES,Federal Contract Tower,6,1,26,3,36,0,0,39,0,39,6,1,65,3,75,100,0,100,175
09/29/2008,TCL,AL,ASO,ES,Federal Contract Tower,0,4,17,20,41,0,0,38,4,42,0,4,55,24,83,94,10,104,187
09/30/2008,TCL,AL,ASO,ES,Federal Contract Tower,0,1,22,8,31,0,0,40,2,42,0,1,62,10,73,68,0,68,141
10/01/2008,TCL,AL,ASO,ES,Federal Contract Tower,0,0,20,38,58,0,3,32,10,45,0,3,52,48,103,34,34,68,171
10/02/2008,TCL,AL,ASO,ES,Federal Contract Tower,0,0,15,16,31,0,0,28,2,30,0,0,43,18,61,68,0,68,129
10/03/2008,TCL,AL,ASO,ES,Federal Contract Tower,0,0,31,15,46,0,1,85,11,97,0,1,116,26,143,60,0,60,203
10/04/2008,TCL,AL,ASO,ES,Federal Contract Tower,2,15,85,1,103,0,1,81,1,83,2,16,166,2,186,140,0,140,326
10/05/2008,TCL,AL,ASO,ES,Federal Contract Tower,0,8,41,10,59,0,7,68,8,83,0,15,109,18,142,114,24,138,280
10/06/2008,TCL,AL,ASO,ES,Federal Contract Tower,0,2,28,38,68,0,0,36,2,38,0,2,64,40,106,72,0,72,178
10/07/2008,TCL,AL,ASO,ES,Federal Contract Tower,0,1,10,18,29,0,2,11,0,13,0,3,21,18,42,36,0,36,78
10/08/2008,TCL,AL,ASO,ES,Federal Contract Tower,0,2,20,34,56,0,0,18,0,18,0,2,38,34,74,46,0,46,120
10/09/2008,TCL,AL,ASO,ES,Federal Contract Tower,0,4,41,30,75,0,0,19,0,19,0,4,60,30,94,76,0,76,170
10/10/2008,TCL,AL,ASO,ES,Federal Contract Tower,0,0,32,29,61,0,0,27,8,35,0,0,59,37,96,40,0,40,136
10/11/2008,TCL,AL,ASO,ES,Federal Contract Tower,0,0,24,2,26,0,0,27,0,27,0,0,51,2,53,90,0,90,143
10/12/2008,TCL,AL,ASO,ES,Federal Contract Tower,0,2,32,0,34,0,0,21,0,21,0,2,53,0,55,76,0,76,131
10/13/2008,TCL,AL,ASO,ES,Federal Contract Tower,0,7,16,2,25,0,2,11,0,13,0,9,27,2,38,88,0,88,126
10/14/2008,TCL,AL,ASO,ES,Federal Contract Tower,0,0,20,28,48,0,0,30,2,32,0,0,50,30,80,68,18,86,166
10/15/2008,TCL,AL,ASO,ES,Federal Contract Tower,0,3,26,18,47,0,0,26,0,26,0,3,52,18,73,76,0,76,149
10/16/2008,TCL,AL,ASO,ES,Federal Contract Tower,0,3,35,27,65,0,1,43,2,46,0,4,78,29,111,70,10,80,191
10/17/2008,TCL,AL,ASO,ES,Federal Contract Tower,0,6,35,12,53,0,0,8,0,8,0,6,43,12,61,42,0,42,103
10/18/2008,TCL,AL,ASO,ES,Federal Contract Tower,0,17,74,0,91,0,4,65,2,71,0,21,139,2,162,112,8,120,282
10/19/2008,TCL,AL,ASO,ES,Federal Contract Tower,0,8,24,26,58,0,1,48,4,53,0,9,72,30,111,110,46,156,267
10/20/2008,TCL,AL,ASO,ES,Federal Contract Tower,0,1,13,36,50,0,0,33,4,37,0,1,46,40,87,80,4,84,171
10/21/2008,TCL,AL,ASO,ES,Federal Contract Tower,0,0,12,37,49,0,0,38,5,43,0,0,50,42,92,76,12,88,180
10/22/2008,TCL,AL,ASO,ES,Federal Contract Tower,0,1,19,42,62,0,0,38,5,43,0,1,57,47,105,22,0,22,127
10/23/2008,TCL,AL,ASO,ES,Federal Contract Tower,0,4,20,41,65,0,0,19,3,22,0,4,39,44,87,26,8,34,121
10/24/2008,TCL,AL,ASO,ES,Federal Contract Tower,2,2,20,17,41,0,0,3,1,4,2,2,23,18,45,10,8,18,63
10/25/2008,TCL,AL,ASO,ES,Federal Contract Tower,0,0,10,0,10,0,0,27,0,27,0,0,37,0,37,66,0,66,103
10/26/2008,TCL,AL,ASO,ES,Federal Contract Tower,2,1,28,4,35,0,0,33,8,41,2,1,61,12,76,62,6,68,144
10/27/2008,TCL,AL,ASO,ES,Federal Contract Tower,0,1,24,37,62,0,0,24,0,24,0,1,48,37,86,44,16,60,146
10/28/2008,TCL,AL,ASO,ES,Federal Contract Tower,0,1,22,48,71,0,0,37,9,46,0,1,59,57,117,12,20,32,149
10/29/2008,TCL,AL,ASO,ES,Federal Contract Tower,0,0,13,22,35,0,0,26,8,34,0,0,39,30,69,76,0,76,145
10/30/2008,TCL,AL,ASO,ES,Federal Contract Tower,0,0,20,25,45,0,0,51,7,58,0,0,71,32,103,60,0,60,163
10/31/2008,TCL,AL,ASO,ES,Federal Contract Tower,0,4,31,12,47,0,0,32,4,36,0,4,63,16,83,46,0,46,129
11/01/2008,TCL,AL,ASO,ES,Federal Contract Tower,0,8,52,1,61,0,2,48,6,56,0,10,100,7,117,66,0,66,183
11/02/2008,TCL,AL,ASO,ES,Federal Contract Tower,0,4,15,0,19,0,4,38,2,44,0,8,53,2,63,68,0,68,131
11/03/2008,TCL,AL,ASO,ES,Federal Contract Tower,0,0,21,27,48,0,0,26,3,29,0,0,47,30,77,70,26,96,173
11/04/2008,TCL,AL,ASO,ES,Federal Contract Tower,0,0,21,4,25,0,0,41,7,48,0,0,62,11,73,54,6,60,133
11/05/2008,TCL,AL,ASO,ES,Federal Contract Tower,0,4,17,34,55,0,0,65,12,77,0,4,82,46,132,118,0,118,250
11/06/2008,TCL,AL,ASO,ES,Federal Contract Tower,0,2,21,32,55,0,0,35,3,38,0,2,56,35,93,110,4,114,207
11/07/2008,TCL,AL,ASO,ES,Federal Contract Tower,2,2,24,6,34,0,0,13,2,15,2,2,37,8,49,64,16,80,129
11/08/2008,TCL,AL,ASO,ES,Federal Contract Tower,0,3,15,3,21,0,0,22,3,25,0,3,37,6,46,86,0,86,132
11/09/2008,TCL,AL,ASO,ES,Federal Contract Tower,2,0,36,4,42,0,0,34,8,42,2,0,70,12,84,74,0,74,158
11/10/2008,TCL,AL,ASO,ES,Federal Contract Tower,0,0,12,10,22,0,4,24,2,30,0,4,36,12,52,122,0,122,174
11/11/2008,TCL,AL,ASO,ES,Federal Contract Tower,0,2,23,0,25,0,0,24,2,26,0,2,47,2,51,14,8,22,73
11/12/2008,TCL,AL,ASO,ES,Federal Contract Tower,0,3,32,54,89,0,0,10,2,12,0,3,42,56,101,28,0,28,129
11/13/2008,TCL,AL,ASO,ES,Federal Contract Tower,0,2,27,21,50,0,0,20,4,24,0,2,47,25,74,44,0,44,118
11/14/2008,TCL,AL,ASO,ES,Federal Contract Tower,0,2,42,23,67,0,0,34,0,34,0,2,76,23,101,30,0,30,131
11/15/2008,TCL,AL,ASO,ES,Federal Contract Tower,0,5,56,8,69,0,0,31,1,32,0,5,87,9,101,76,18,94,195
11/16/2008,TCL,AL,ASO,ES,Federal Contract Tower,0,4,28,9,41,0,0,29,2,31,0,4,57,11,72,76,0,76,148
11/17/2008,TCL,AL,ASO,ES,Federal Contract Tower,0,0,9,27,36,0,4,59,2,65,0,4,68,29,101,54,0,54,155
11/18/2008,TCL,AL,ASO,ES,Federal Contract Tower,0,0,24,22,46,0,0,35,6,41,0,0,59,28,87,54,12,66,153
11/19/2008,TCL,AL,ASO,ES,Federal Contract Tower,0,1,22,17,40,0,3,31,9,43,0,4,53,26,83,58,0,58,141
11/20/2008,TCL,AL,ASO,ES,Federal Contract Tower,0,3,27,44,74,0,0,47,10,57,0,3,74,54,131,118,4,122,253
11/21/2008,TCL,AL,ASO,ES,Federal Contract Tower,0,5,21,13,39,0,0,23,7,30,0,5,44,20,69,38,0,38,107
11/22/2008,TCL,AL,ASO,ES,Federal Contract Tower,0,1,14,0,15,0,0,21,0,21,0,1,35,0,36,64,0,64,100
11/23/2008,TCL,AL,ASO,ES,Federal Contract Tower,0,0,17,15,32,0,0,33,5,38,0,0,50,20,70,20,26,46,116
11/24/2008,TCL,AL,ASO,ES,Federal Contract Tower,0,3,16,0,19,0,0,8,0,8,0,3,24,0,27,36,0,36,63
11/25/2008,TCL,AL,ASO,ES,Federal Contract Tower,0,3,30,12,45,0,0,33,6,39,0,3,63,18,84,50,12,62,146
11/26/2008,TCL,AL,ASO,ES,Federal Contract Tower,0,1,17,11,29,0,0,17,2,19,0,1,34,13,48,68,0,68,116
11/27/2008,TCL,AL,ASO,ES,Federal Contract Tower,0,2,4,1,7,0,0,15,0,15,0,2,19,1,22,20,0,20,42
11/28/2008,TCL,AL,ASO,ES,Federal Contract Tower,0,2,14,0,16,0,0,2,0,2,0,2,16,0,18,0,0,0,18
11/29/2008,TCL,AL,ASO,ES,Federal Contract Tower,0,21,102,0,123,0,0,0,0,0,0,21,102,0,123,0,0,0,123
11/30/2008,TCL,AL,ASO,ES,Federal Contract Tower,0,3,28,0,31,0,0,9,0,9,0,3,37,0,40,52,0,52,92
12/01/2008,TCL,AL,ASO,ES,Federal Contract Tower,0,3,7,30,40,0,2,30,14,46,0,5,37,44,86,16,8,24,110
12/02/2008,TCL,AL,ASO,ES,Federal Contract Tower,0,2,14,29,45,0,0,45,5,50,0,2,59,34,95,92,14,106,201
12/03/2008,TCL,AL,ASO,ES,Federal Contract Tower,0,2,18,58,78,0,0,24,9,33,0,2,42,67,111,50,6,56,167
12/04/2008,TCL,AL,ASO,ES,Federal Contract Tower,0,0,17,8,25,0,0,1,0,1,0,0,18,8,26,4,0,4,30
12/05/2008,TCL,AL,ASO,ES,Federal Contract Tower,2,4,23,10,39,0,0,46,6,52,2,4,69,16,91,116,2,118,209
12/06/2008,TCL,AL,ASO,ES,Federal Contract Tower,2,7,26,4,39,0,0,26,2,28,2,7,52,6,67,56,0,56,123
12/07/2008,TCL,AL,ASO,ES,Federal Contract Tower,0,3,27,8,38,0,0,36,4,40,0,3,63,12,78,58,0,58,136
12/08/2008,TCL,AL,ASO,ES,Federal Contract Tower,0,6,19,0,25,0,0,25,5,30,0,6,44,5,55,94,0,94,149
12/09/2008,TCL,AL,ASO,ES,Federal Contract Tower,0,4,14,17,35,0,1,17,0,18,0,5,31,17,53,14,6,20,73
12/10/2008,TCL,AL,ASO,ES,Federal Contract Tower,0,3,12,0,15,0,0,0,0,0,0,3,12,0,15,0,0,0,15
12/11/2008,TCL,AL,ASO,ES,Federal Contract Tower,0,2,11,0,13,0,0,0,0,0,0,2,11,0,13,0,0,0,13
12/12/2008,TCL,AL,ASO,ES,Federal Contract Tower,1,5,29,28,63,0,0,55,2,57,1,5,84,30,120,54,8,62,182
12/13/2008,TCL,AL,ASO,ES,Federal Contract Tower,0,3,9,6,18,0,0,35,2,37,0,3,44,8,55,50,0,50,105
12/14/2008,TCL,AL,ASO,ES,Federal Contract Tower,1,2,10,13,26,0,2,16,1,19,1,4,26,14,45,12,0,12,57
12/15/2008,TCL,AL,ASO,ES,Federal Contract Tower,0,3,22,30,55,0,4,3,0,7,0,7,25,30,62,52,0,52,114
12/16/2008,TCL,AL,ASO,ES,Federal Contract Tower,0,1,23,0,24,0,0,4,0,4,0,1,27,0,28,2,0,2,30
12/17/2008,TCL,AL,ASO,ES,Federal Contract Tower,0,2,33,4,39,0,0,5,0,5,0,2,38,4,44,8,0,8,52
12/18/2008,TCL,AL,ASO,ES,Federal Contract Tower,0,3,30,0,33,0,0,0,0,0,0,3,30,0,33,54,0,54,87
12/19/2008,TCL,AL,ASO,ES,Federal Contract Tower,1,2,19,31,53,0,0,27,1,28,1,2,46,32,81,88,2,90,171
12/20/2008,TCL,AL,ASO,ES,Federal Contract Tower,1,0,16,10,27,0,0,14,1,15,1,0,30,11,42,40,24,64,106
12/21/2008,TCL,AL,ASO,ES,Federal Contract Tower,0,6,6,18,30,0,0,19,0,19,0,6,25,18,49,4,8,12,61
12/22/2008,TCL,AL,ASO,ES,Federal Contract Tower,0,0,10,6,16,0,1,22,10,33,0,1,32,16,49,64,0,64,113
12/23/2008,TCL,AL,ASO,ES,Federal Contract Tower,0,2,7,9,18,0,0,15,4,19,0,2,22,13,37,14,0,14,51
12/24/2008,TCL,AL,ASO,ES,Federal Contract Tower,0,0,2,0,2,0,1,11,0,12,0,1,13,0,14,6,0,6,20
12/25/2008,TCL,AL,ASO,ES,Federal Contract Tower,0,0,3,0,3,0,0,4,0,4,0,0,7,0,7,0,0,0,7
12/26/2008,TCL,AL,ASO,ES,Federal Contract Tower,0,1,13,0,14,0,2,3,0,5,0,3,16,0,19,16,0,16,35
12/27/2008,TCL,AL,ASO,ES,Federal Contract Tower,0,0,19,0,19,0,0,5,0,5,0,0,24,0,24,8,0,8,32
12/28/2008,TCL,AL,ASO,ES,Federal Contract Tower,0,4,6,0,10,0,0,13,0,13,0,4,19,0,23,0,0,0,23
12/29/2008,TCL,AL,ASO,ES,Federal Contract Tower,0,2,14,6,22,0,5,29,2,36,0,7,43,8,58,42,0,42,100
12/30/2008,TCL,AL,ASO,ES,Federal Contract Tower,0,1,6,4,11,0,0,48,0,48,0,1,54,4,59,42,0,42,101
12/31/2008,TCL,AL,ASO,ES,Federal Contract Tower,0,1,12,1,14,0,0,27,0,27,0,1,39,1,41,42,0,42,83
01/01/2009,TCL,AL,ASO,ES,Federal Contract Tower,0,5,2,0,7,0,1,28,1,30,0,6,30,1,37,34,0,34,71
01/02/2009,TCL,AL,ASO,ES,Federal Contract Tower,0,3,19,0,22,0,0,2,0,2,0,3,21,0,24,42,0,42,66
01/03/2009,TCL,AL,ASO,ES,Federal Contract Tower,0,2,21,0,23,0,0,2,0,2,0,2,23,0,25,18,0,18,43
01/04/2009,TCL,AL,ASO,ES,Federal Contract Tower,1,0,27,0,28,0,0,1,0,1,1,0,28,0,29,0,0,0,29
01/05/2009,TCL,AL,ASO,ES,Federal Contract Tower,1,0,22,2,25,0,0,0,0,0,1,0,22,2,25,18,0,18,43
01/06/2009,TCL,AL,ASO,ES,Federal Contract Tower,0,0,12,0,12,0,0,0,0,0,0,0,12,0,12,0,0,0,12
01/07/2009,TCL,AL,ASO,ES,Federal Contract Tower,1,2,19,58,80,0,0,25,6,31,1,2,44,64,111,40,6,46,157
01/08/2009,TCL,AL,ASO,ES,Federal Contract Tower,0,4,13,42,59,0,0,40,15,55,0,4,53,57,114,62,0,62,176
01/09/2009,TCL,AL,ASO,ES,Federal Contract Tower,0,0,17,37,54,0,1,66,12,79,0,1,83,49,133,131,30,161,294
01/10/2009,TCL,AL,ASO,ES,Federal Contract Tower,0,1,9,9,19,0,0,4,0,4,0,1,13,9,23,2,0,2,25
01/11/2009,TCL,AL,ASO,ES,Federal Contract Tower,1,0,22,9,32,0,1,18,12,31,1,1,40,21,63,54,0,54,117
01/12/2009,TCL,AL,ASO,ES,Federal Contract Tower,0,2,25,36,63,0,0,47,0,47,0,2,72,36,110,80,6,86,196
01/13/2009,TCL,AL,ASO,ES,Federal Contract Tower,0,4,21,35,60,0,0,39,3,42,0,4,60,38,102,82,6,88,190
01/14/2009,TCL,AL,ASO,ES,Federal Contract Tower,2,0,19,60,81,0,0,41,2,43,2,0,60,62,124,22,0,22,146
01/15/2009,TCL,AL,ASO,ES,Federal Contract Tower,0,0,25,32,57,0,2,11,8,21,0,2,36,40,78,78,0,78,156
01/16/2009,TCL,AL,ASO,ES,Federal Contract Tower,0,5,15,35,55,0,0,24,11,35,0,5,39,46,90,36,16,52,142
01/17/2009,TCL,AL,ASO,ES,Federal Contract Tower,0,1,15,4,20,0,0,25,0,25,0,1,40,4,45,72,0,72,117
01/18/2009,TCL,AL,ASO,ES,Federal Contract Tower,0,3,10,4,17,0,0,18,2,20,0,3,28,6,37,80,12,92,129
01/19/2009,TCL,AL,ASO,ES,Federal Contract Tower,0,0,21,12,33,0,0,31,6,37,0,0,52,18,70,54,0,54,124
01/20/2009,TCL,AL,ASO,ES,Federal Contract Tower,0,0,25,32,57,0,0,24,4,28,0,0,49,36,85,36,0,36,121
01/21/2009,TCL,AL,ASO,ES,Federal Contract Tower,0,1,38,30,69,0,0,28,4,32,0,1,66,34,101,70,0,70,171
01/22/2009,TCL,AL,ASO,ES,Federal Contract Tower,0,0,21,21,42,0,2,30,12,44,0,2,51,33,86,36,0,36,122
01/23/2009,TCL,AL,ASO,ES,Federal Contract Tower,2,0,18,17,37,0,0,16,4,20,2,0,34,21,57,58,16,74,131
01/24/2009,TCL,AL,ASO,ES,Federal Contract Tower,3,0,9,4,16,0,0,13,6,19,3,0,22,10,35,42,0,42,77
01/25/2009,TCL,AL,ASO,ES,Federal Contract Tower,1,0,35,20,56,0,3,23,4,30,1,3,58,24,86,60,14,74,160
01/26/2009,TCL,AL,ASO,ES,Federal Contract Tower,0,0,15,19,34,0,0,29,9,38,0,0,44,28,72,130,0,130,202
01/27/2009,TCL,AL,ASO,ES,Federal Contract Tower,0,5,28,22,55,0,0,8,3,11,0,5,36,25,66,74,0,74,140
01/28/2009,TCL,AL,ASO,ES,Federal Contract Tower,2,2,17,2,23,0,0,6,0,6,2,2,23,2,29,18,0,18,47
01/29/2009,TCL,AL,ASO,ES,Federal Contract Tower,2,0,16,32,50,0,0,35,12,47,2,0,51,44,97,78,40,118,215
01/30/2009,TCL,AL,ASO,ES,Federal Contract Tower,2,4,20,18,44,0,0,40,2,42,2,4,60,20,86,50,0,50,136
01/31/2009,TCL,AL,ASO,ES,Federal Contract Tower,3,2,16,0,21,0,0,48,0,48,3,2,64,0,69,70,0,70,139
02/01/2009,TCL,AL,ASO,ES,Federal Contract Tower,1,3,5,13,22,0,0,21,1,22,1,3,26,14,44,70,16,86,130
02/02/2009,TCL,AL,ASO,ES,Federal Contract Tower,0,1,13,10,24,0,0,2,0,2,0,1,15,10,26,22,0,22,48
02/03/2009,TCL,AL,ASO,ES,Federal Contract Tower,0,1,11,42,54,0,0,20,16,36,0,1,31,58,90,40,10,50,140
02/04/2009,TCL,AL,ASO,ES,Federal Contract Tower,4,3,10,0,17,0,1,30,4,35,4,4,40,4,52,56,22,78,130
02/05/2009,TCL,AL,ASO,ES,Federal Contract Tower,0,7,20,19,46,0,1,38,7,46,0,8,58,26,92,82,0,82,174
02/06/2009,TCL,AL,ASO,ES,Federal Contract Tower,4,0,24,31,59,0,7,55,20,82,4,7,79,51,141,54,16,70,211
02/07/2009,TCL,AL,ASO,ES,Federal Contract Tower,0,2,6,11,19,0,0,34,16,50,0,2,40,27,69,74,2,76,145
02/08/2009,TCL,AL,ASO,ES,Federal Contract Tower,0,0,13,27,40,0,0,40,1,41,0,0,53,28,81,58,0,58,139
02/09/2009,TCL,AL,ASO,ES,Federal Contract Tower,0,0,14,32,46,0,0,13,6,19,0,0,27,38,65,112,32,144,209
02/10/2009,TCL,AL,ASO,ES,Federal Contract Tower,0,5,24,23,52,0,0,20,0,20,0,5,44,23,72,78,0,78,150
02/11/2009,TCL,AL,ASO,ES,Federal Contract Tower,2,1,13,1,17,0,0,9,2,11,2,1,22,3,28,14,0,14,42
02/12/2009,TCL,AL,ASO,ES,Federal Contract Tower,1,4,32,36,73,0,2,59,28,89,1,6,91,64,162,76,32,108,270
02/13/2009,TCL,AL,ASO,ES,Federal Contract Tower,3,1,21,36,61,0,2,22,2,26,3,3,43,38,87,24,0,24,111
02/14/2009,TCL,AL,ASO,ES,Federal Contract Tower,2,1,10,0,13,0,0,18,0,18,2,1,28,0,31,48,0,48,79
02/15/2009,TCL,AL,ASO,ES,Federal Contract Tower,1,2,9,4,16,0,0,29,0,29,1,2,38,4,45,76,0,76,121
02/16/2009,TCL,AL,ASO,ES,Federal Contract Tower,0,1,23,2,26,0,0,46,0,46,0,1,69,2,72,76,0,76,148
02/17/2009,TCL,AL,ASO,ES,Federal Contract Tower,1,0,33,9,43,0,3,23,4,30,1,3,56,13,73,56,4,60,133
02/18/2009,TCL,AL,ASO,ES,Federal Contract Tower,0,3,23,22,48,0,2,4,6,12,0,5,27,28,60,0,6,6,66
02/19/2009,TCL,AL,ASO,ES,Federal Contract Tower,2,1,22,40,65,0,0,22,8,30,2,1,44,48,95,20,24,44,139
02/20/2009,TCL,AL,ASO,ES,Federal Contract Tower,0,3,18,22,43,0,4,50,19,73,0,7,68,41,116,76,0,76,192
02/21/2009,TCL,AL,ASO,ES,Federal Contract Tower,4,0,10,9,23,0,0,39,15,54,4,0,49,24,77,74,8,82,159
02/22/2009,TCL,AL,ASO,ES,Federal Contract Tower,2,1,11,14,28,0,0,31,4,35,2,1,42,18,63,40,4,44,107
02/23/2009,TCL,AL,ASO,ES,Federal Contract Tower,0,1,22,31,54,0,0,28,8,36,0,1,50,39,90,122,6,128,218
02/24/2009,TCL,AL,ASO,ES,Federal Contract Tower,1,4,23,34,62,0,3,28,9,40,1,7,51,43,102,82,6,88,190
02/25/2009,TCL,AL,ASO,ES,Federal Contract Tower,0,3,33,47,83,0,0,17,0,17,0,3,50,47,100,52,0,52,152
02/26/2009,TCL,AL,ASO,ES,Federal Contract Tower,1,3,28,19,51,0,6,17,2,25,1,9,45,21,76,72,2,74,150
02/27/2009,TCL,AL,ASO,ES,Federal Contract Tower,0,0,13,0,13,0,0,2,0,2,0,0,15,0,15,0,0,0,15
02/28/2009,TCL,AL,ASO,ES,Federal Contract Tower,0,0,10,0,10,0,0,0,0,0,0,0,10,0,10,0,0,0,10
03/01/2009,TCL,AL,ASO,ES,Federal Contract Tower,0,1,12,4,17,0,6,0,0,6,0,7,12,4,23,0,0,0,23
03/02/2009,TCL,AL,ASO,ES,Federal Contract Tower,0,3,14,26,43,0,2,21,0,23,0,5,35,26,66,60,12,72,138
03/03/2009,TCL,AL,ASO,ES,Federal Contract Tower,2,0,20,22,44,0,0,34,8,42,2,0,54,30,86,68,0,68,154
03/04/2009,TCL,AL,ASO,ES,Federal Contract Tower,1,0,19,20,40,0,1,106,12,119,1,1,125,32,159,90,22,112,271
03/05/2009,TCL,AL,ASO,ES,Federal Contract Tower,0,4,21,29,54,0,1,34,5,40,0,5,55,34,94,54,34,88,182
03/06/2009,TCL,AL,ASO,ES,Federal Contract Tower,1,4,24,16,45,0,0,26,9,35,1,4,50,25,80,40,0,40,120
03/07/2009,TCL,AL,ASO,ES,Federal Contract Tower,1,0,9,4,14,0,0,44,9,53,1,0,53,13,67,40,0,40,107
03/08/2009,TCL,AL,ASO,ES,Federal Contract Tower,1,3,14,26,44,0,2,13,1,16,1,5,27,27,60,68,6,74,134
03/09/2009,TCL,AL,ASO,ES,Federal Contract Tower,0,0,15,16,31,0,2,25,12,39,0,2,40,28,70,52,0,52,122
03/10/2009,TCL,AL,ASO,ES,Federal Contract Tower,1,0,15,33,49,0,3,35,3,41,1,3,50,36,90,44,0,44,134
03/11/2009,TCL,AL,ASO,ES,Federal Contract Tower,0,0,16,18,34,0,0,26,0,26,0,0,42,18,60,44,0,44,104
03/12/2009,TCL,AL,ASO,ES,Federal Contract Tower,0,0,20,42,62,0,0,28,15,43,0,0,48,57,105,100,0,100,205
03/13/2009,TCL,AL,ASO,ES,Federal Contract Tower,0,7,25,2,34,0,0,0,0,0,0,7,25,2,34,0,0,0,34
03/14/2009,TCL,AL,ASO,ES,Federal Contract Tower,2,1,19,0,22,0,0,0,0,0,2,1,19,0,22,4,0,4,26
03/15/2009,TCL,AL,ASO,ES,Federal Contract Tower,0,4,19,3,26,0,0,8,0,8,0,4,27,3,34,86,0,86,120
03/16/2009,TCL,AL,ASO,ES,Federal Contract Tower,0,0,9,12,21,0,0,0,0,0,0,0,9,12,21,4,0,4,25
03/17/2009,TCL,AL,ASO,ES,Federal Contract Tower,0,2,13,11,26,0,0,43,10,53,0,2,56,21,79,68,0,68,147
03/18/2009,TCL,AL,ASO,ES,Federal Contract Tower,0,0,13,27,40,0,1,31,13,45,0,1,44,40,85,78,2,80,165
03/19/2009,TCL,AL,ASO,ES,Federal Contract Tower,0,4,24,16,44,0,2,28,10,40,0,6,52,26,84,36,28,64,148
03/20/2009,TCL,AL,ASO,ES,Federal Contract Tower,0,2,15,22,39,0,1,40,38,79,0,3,55,60,118,32,32,64,182
03/21/2009,TCL,AL,ASO,ES,Federal Contract Tower,0,2,14,10,26,0,0,36,3,39,0,2,50,13,65,88,0,88,153
03/22/2009,TCL,AL,ASO,ES,Federal Contract Tower,0,2,23,4,29,0,0,42,5,47,0,2,65,9,76,104,0,104,180
03/23/2009,TCL,AL,ASO,ES,Federal Contract Tower,0,5,8,26,39,0,1,30,8,39,0,6,38,34,78,72,8,80,158
03/24/2009,TCL,AL,ASO,ES,Federal Contract Tower,0,1,20,30,51,0,0,24,8,32,0,1,44,38,83,22,0,22,105
03/25/2009,TCL,AL,ASO,ES,Federal Contract Tower,0,0,12,0,12,0,0,0,0,0,0,0,12,0,12,0,0,0,12
03/26/2009,TCL,AL,ASO,ES,Federal Contract Tower,0,2,11,21,34,0,0,19,5,24,0,2,30,26,58,60,0,60,118
03/27/2009,TCL,AL,ASO,ES,Federal Contract Tower,0,0,22,45,67,0,0,20,8,28,0,0,42,53,95,76,0,76,171
03/28/2009,TCL,AL,ASO,ES,Federal Contract Tower,0,0,11,3,14,0,0,3,0,3,0,0,14,3,17,32,0,32,49
03/29/2009,TCL,AL,ASO,ES,Federal Contract Tower,0,0,17,5,22,0,2,17,0,19,0,2,34,5,41,34,32,66,107
03/30/2009,TCL,AL,ASO,ES,Federal Contract Tower,0,1,20,28,49,0,8,47,12,67,0,9,67,40,116,108,0,108,224
03/31/2009,TCL,AL,ASO,ES,Federal Contract Tower,0,5,19,10,34,0,0,9,0,9,0,5,28,10,43,42,0,42,85
04/01/2009,TCL,AL,ASO,ES,Federal Contract Tower,0,0,21,3,24,0,0,63,29,92,0,0,84,32,116,94,22,116,232
04/02/2009,TCL,AL,ASO,ES,Federal Contract Tower,0,0,7,13,20,0,0,0,0,0,0,0,7,13,20,10,214,224,244
04/03/2009,TCL,AL,ASO,ES,Federal Contract Tower,0,5,14,16,35,0,1,56,21,78,0,6,70,37,113,166,258,424,537
04/04/2009,TCL,AL,ASO,ES,Federal Contract Tower,0,0,26,0,26,0,2,107,9,118,0,2,133,9,144,438,168,606,750
04/05/2009,TCL,AL,ASO,ES,Federal Contract Tower,0,1,16,27,44,0,0,10,0,10,0,1,26,27,54,4,0,4,58
04/06/2009,TCL,AL,ASO,ES,Federal Contract Tower,0,6,8,35,49,0,0,22,11,33,0,6,30,46,82,24,8,32,114
04/07/2009,TCL,AL,ASO,ES,Federal Contract Tower,0,0,15,18,33,0,2,21,6,29,0,2,36,24,62,24,4,28,90
04/08/2009,TCL,AL,ASO,ES,Federal Contract Tower,0,0,29,37,66,0,3,56,24,83,0,3,85,61,149,100,4,104,253
04/09/2009,TCL,AL,ASO,ES,Federal Contract Tower,0,2,27,48,77,0,0,40,10,50,0,2,67,58,127,72,4,76,203
04/10/2009,TCL,AL,ASO,ES,Federal Contract Tower,0,0,25,0,25,0,0,6,0,6,0,0,31,0,31,2,0,2,33
04/11/2009,TCL,AL,ASO,ES,Federal Contract Tower,0,0,20,3,23,0,0,28,0,28,0,0,48,3,51,110,0,110,161
04/12/2009,TCL,AL,ASO,ES,Federal Contract Tower,0,0,14,18,32,0,0,12,1,13,0,0,26,19,45,14,0,14,59
04/13/2009,TCL,AL,ASO,ES,Federal Contract Tower,0,1,17,24,42,0,0,12,4,16,0,1,29,28,58,94,0,94,152
04/14/2009,TCL,AL,ASO,ES,Federal Contract Tower,2,0,16,47,65,0,0,21,5,26,2,0,37,52,91,42,0,42,133
04/15/2009,TCL,AL,ASO,ES,Federal Contract Tower,0,6,22,37,65,0,0,42,6,48,0,6,64,43,113,42,4,46,159
04/16/2009,TCL,AL,ASO,ES,Federal Contract Tower,0,3,20,21,44,0,0,60,4,64,0,3,80,25,108,74,0,74,182
04/17/2009,TCL,AL,ASO,ES,Federal Contract Tower,0,2,28,43,73,0,0,58,21,79,0,2,86,64,152,34,8,42,194
04/18/2009,TCL,AL,ASO,ES,Federal Contract Tower,0,0,26,15,41,0,1,59,4,64,0,1,85,19,105,70,0,70,175
04/19/2009,TCL,AL,ASO,ES,Federal Contract Tower,2,1,15,2,20,0,0,7,0,7,2,1,22,2,27,0,0,0,27
04/20/2009,TCL,AL,ASO,ES,Federal Contract Tower,0,0,18,32,50,0,0,16,6,22,0,0,34,38,72,178,10,188,260
04/21/2009,TCL,AL,ASO,ES,Federal Contract Tower,0,0,19,58,77,0,0,28,10,38,0,0,47,68,115,40,8,48,163
04/22/2009,TCL,AL,ASO,ES,Federal Contract Tower,0,1,21,53,75,0,2,42,15,59,0,3,63,68,134,72,6,78,212
04/23/2009,TCL,AL,ASO,ES,Federal Contract Tower,0,4,27,33,64,0,4,41,6,51,0,8,68,39,115,56,6,62,177
04/24/2009,TCL,AL,ASO,ES,Federal Contract Tower,0,0,32,22,54,0,0,43,10,53,0,0,75,32,107,88,8,96,203
04/25/2009,TCL,AL,ASO,ES,Federal Contract Tower,1,2,12,25,40,0,0,36,9,45,1,2,48,34,85,94,24,118,203
04/26/2009,TCL,AL,ASO,ES,Federal Contract Tower,0,4,22,18,44,0,0,42,7,49,0,4,64,25,93,48,26,74,167
04/27/2009,TCL,AL,ASO,ES,Federal Contract Tower,0,0,15,40,55,0,0,26,6,32,0,0,41,46,87,156,40,196,283
04/28/2009,TCL,AL,ASO,ES,Federal Contract Tower,0,0,25,39,64,0,0,42,5,47,0,0,67,44,111,98,0,98,209
04/29/2009,TCL,AL,ASO,ES,Federal Contract Tower,0,0,13,38,51,0,0,29,8,37,0,0,42,46,88,94,0,94,182
04/30/2009,TCL,AL,ASO,ES,Federal Contract Tower,0,1,11,54,66,0,0,21,2,23,0,1,32,56,89,12,6,18,107
05/01/2009,TCL,AL,ASO,ES,Federal Contract Tower,0,2,19,28,49,0,1,13,0,14,0,3,32,28,63,44,2,46,109
05/02/2009,TCL,AL,ASO,ES,Federal Contract Tower,0,1,17,7,25,0,1,24,1,26,0,2,41,8,51,72,12,84,135
05/03/2009,TCL,AL,ASO,ES,Federal Contract Tower,0,0,10,2,12,0,0,2,0,2,0,0,12,2,14,16,0,16,30
05/04/2009,TCL,AL,ASO,ES,Federal Contract Tower,0,3,20,27,50,0,0,25,0,25,0,3,45,27,75,188,4,192,267
05/05/2009,TCL,AL,ASO,ES,Federal Contract Tower,0,5,23,26,54,0,0,20,4,24,0,5,43,30,78,24,0,24,102
05/06/2009,TCL,AL,ASO,ES,Federal Contract Tower,0,1,11,18,30,0,0,13,0,13,0,1,24,18,43,164,0,164,207
05/07/2009,TCL,AL,ASO,ES,Federal Contract Tower,1,8,13,30,52,0,0,8,8,16,1,8,21,38,68,266,0,266,334
05/08/2009,TCL,AL,ASO,ES,Federal Contract Tower,0,4,39,22,65,0,0,22,17,39,0,4,61,39,104,94,0,94,198
05/09/2009,TCL,AL,ASO,ES,Federal Contract Tower,0,0,7,4,11,0,0,31,0,31,0,0,38,4,42,92,0,92,134
05/10/2009,TCL,AL,ASO,ES,Federal Contract Tower,1,2,13,0,16,0,0,8,0,8,1,2,21,0,24,24,0,24,48
05/11/2009,TCL,AL,ASO,ES,Federal Contract Tower,0,4,14,32,50,0,0,5,0,5,0,4,19,32,55,48,0,48,103
05/12/2009,TCL,AL,ASO,ES,Federal Contract Tower,0,2,40,74,116,0,0,33,8,41,0,2,73,82,157,62,10,72,229
05/13/2009,TCL,AL,ASO,ES,Federal Contract Tower,0,1,23,44,68,0,0,21,0,21,0,1,44,44,89,46,0,46,135
05/14/2009,TCL,AL,ASO,ES,Federal Contract Tower,0,1,21,33,55,0,0,25,10,35,0,1,46,43,90,42,0,42,132
05/15/2009,TCL,AL,ASO,ES,Federal Contract Tower,0,3,22,23,48,0,0,24,14,38,0,3,46,37,86,65,14,79,165
05/16/2009,TCL,AL,ASO,ES,Federal Contract Tower,0,1,10,4,15,0,0,9,0,9,0,1,19,4,24,76,0,76,100
05/17/2009,TCL,AL,ASO,ES,Federal Contract Tower,0,3,28,18,49,0,0,3,2,5,0,3,31,20,54,10,46,56,110
05/18/2009,TCL,AL,ASO,ES,Federal Contract Tower,0,2,12,16,30,0,1,47,20,68,0,3,59,36,98,90,4,94,192
05/19/2009,TCL,AL,ASO,ES,Federal Contract Tower,0,1,19,23,43,0,0,54,1,55,0,1,73,24,98,56,0,56,154
05/20/2009,TCL,AL,ASO,ES,Federal Contract Tower,0,1,23,25,49,0,2,27,7,36,0,3,50,32,85,26,0,26,111
05/21/2009,TCL,AL,ASO,ES,Federal Contract Tower,0,2,16,21,39,0,1,21,2,24,0,3,37,23,63,38,0,38,101
05/22/2009,TCL,AL,ASO,ES,Federal Contract Tower,0,0,28,14,42,0,1,10,0,11,0,1,38,14,53,72,8,80,133
05/23/2009,TCL,AL,ASO,ES,Federal Contract Tower,0,2,16,0,18,0,0,0,0,0,0,2,16,0,18,24,0,24,42
05/24/2009,TCL,AL,ASO,ES,Federal Contract Tower,0,0,4,0,4,0,0,2,0,2,0,0,6,0,6,60,0,60,66
05/25/2009,TCL,AL,ASO,ES,Federal Contract Tower,0,0,15,10,25,0,0,9,2,11,0,0,24,12,36,62,4,66,102
05/26/2009,TCL,AL,ASO,ES,Federal Contract Tower,0,2,24,19,45,0,0,10,11,21,0,2,34,30,66,18,24,42,108
05/27/2009,TCL,AL,ASO,ES,Federal Contract Tower,0,5,12,22,39,0,0,21,8,29,0,5,33,30,68,52,0,52,120
05/28/2009,TCL,AL,ASO,ES,Federal Contract Tower,0,0,21,27,48,0,0,28,8,36,0,0,49,35,84,82,8,90,174
05/29/2009,TCL,AL,ASO,ES,Federal Contract Tower,0,2,23,36,61,0,0,34,19,53,0,2,57,55,114,60,0,60,174
05/30/2009,TCL,AL,ASO,ES,Federal Contract Tower,0,1,11,2,14,0,0,25,1,26,0,1,36,3,40,160,0,160,200
05/31/2009,TCL,AL,ASO,ES,Federal Contract Tower,0,4,21,8,33,0,0,38,10,48,0,4,59,18,81,54,8,62,143
06/01/2009,TCL,AL,ASO,ES,Federal Contract Tower,0,1,19,38,58,0,0,35,6,41,0,1,54,44,99,86,6,92,191
06/02/2009,TCL,AL,ASO,ES,Federal Contract Tower,0,2,17,8,27,0,0,30,11,41,0,2,47,19,68,48,16,64,132
06/03/2009,TCL,AL,ASO,ES,Federal Contract Tower,0,2,22,18,42,0,1,22,16,39,0,3,44,34,81,36,8,44,125
06/04/2009,TCL,AL,ASO,ES,Federal Contract Tower,0,2,26,8,36,0,0,6,2,8,0,2,32,10,44,30,0,30,74
06/05/2009,TCL,AL,ASO,ES,Federal Contract Tower,0,2,14,13,29,0,1,25,0,26,0,3,39,13,55,58,0,58,113
06/06/2009,TCL,AL,ASO,ES,Federal Contract Tower,0,1,12,0,13,0,0,28,0,28,0,1,40,0,41,98,0,98,139
06/07/2009,TCL,AL,ASO,ES,Federal Contract Tower,0,5,11,14,30,0,2,26,0,28,0,7,37,14,58,52,0,52,110
06/08/2009,TCL,AL,ASO,ES,Federal Contract Tower,0,0,28,16,44,0,2,28,0,30,0,2,56,16,74,66,0,66,140
06/09/2009,TCL,AL,ASO,ES,Federal Contract Tower,0,1,19,20,40,0,1,32,8,41,0,2,51,28,81,22,0,22,103
06/10/2009,TCL,AL,ASO,ES,Federal Contract Tower,0,3,24,50,77,0,2,29,14,45,0,5,53,64,122,54,6,60,182
06/11/2009,TCL,AL,ASO,ES,Federal Contract Tower,0,4,18,28,50,0,3,31,10,44,0,7,49,38,94,56,0,56,150
06/12/2009,TCL,AL,ASO,ES,Federal Contract Tower,0,5,19,34,58,0,0,23,3,26,0,5,42,37,84,84,0,84,168
06/13/2009,TCL,AL,ASO,ES,Federal Contract Tower,0,1,13,1,15,0,0,13,0,13,0,1,26,1,28,60,0,60,88
06/14/2009,TCL,AL,ASO,ES,Federal Contract Tower,0,1,22,0,23,0,0,9,0,9,0,1,31,0,32,16,0,16,48
06/15/2009,TCL,AL,ASO,ES,Federal Contract Tower,0,0,13,24,37,0,0,35,6,41,0,0,48,30,78,104,12,116,194
06/16/2009,TCL,AL,ASO,ES,Federal Contract Tower,0,1,9,28,38,0,0,49,8,57,0,1,58,36,95,43,6,49,144
06/17/2009,TCL,AL,ASO,ES,Federal Contract Tower,0,0,14,44,58,0,0,50,9,59,0,0,64,53,117,44,4,48,165
06/18/2009,TCL,AL,ASO,ES,Federal Contract Tower,0,0,13,18,31,0,0,31,5,36,0,0,44,23,67,76,2,78,145
06/19/2009,TCL,AL,ASO,ES,Federal Contract Tower,0,2,16,15,33,0,0,39,17,56,0,2,55,32,89,98,18,116,205
06/20/2009,TCL,AL,ASO,ES,Federal Contract Tower,0,0,12,4,16,0,0,39,2,41,0,0,51,6,57,86,0,86,143
06/21/2009,TCL,AL,ASO,ES,Federal Contract Tower,0,5,9,0,14,0,2,18,2,22,0,7,27,2,36,74,0,74,110
06/22/2009,TCL,AL,ASO,ES,Federal Contract Tower,0,4,11,18,33,0,2,45,2,49,0,6,56,20,82,56,4,60,142
06/23/2009,TCL,AL,ASO,ES,Federal Contract Tower,0,1,14,19,34,0,2,36,9,47,0,3,50,28,81,56,28,84,165
06/24/2009,TCL,AL,ASO,ES,Federal Contract Tower,0,1,13,30,44,0,0,33,4,37,0,1,46,34,81,28,18,46,127
06/25/2009,TCL,AL,ASO,ES,Federal Contract Tower,0,0,26,20,46,0,2,34,7,43,0,2,60,27,89,110,0,110,199
06/26/2009,TCL,AL,ASO,ES,Federal Contract Tower,0,2,17,22,41,0,2,56,10,68,0,4,73,32,109,122,0,122,231
06/27/2009,TCL,AL,ASO,ES,Federal Contract Tower,0,3,5,4,12,0,0,21,2,23,0,3,26,6,35,68,0,68,103
06/28/2009,TCL,AL,ASO,ES,Federal Contract Tower,0,0,8,8,16,0,0,16,2,18,0,0,24,10,34,14,0,14,48
06/29/2009,TCL,AL,ASO,ES,Federal Contract Tower,0,1,19,7,27,0,2,32,4,38,0,3,51,11,65,110,0,110,175
06/30/2009,TCL,AL,ASO,ES,Federal Contract Tower,0,2,19,16,37,0,1,48,10,59,0,3,67,26,96,32,8,40,136
07/01/2009,TCL,AL,ASO,ES,Federal Contract Tower,0,3,11,21,35,0,0,44,24,68,0,3,55,45,103,56,0,56,159
07/02/2009,TCL,AL,ASO,ES,Federal Contract Tower,0,4,21,17,42,0,0,34,16,50,0,4,55,33,92,66,0,66,158
07/03/2009,TCL,AL,ASO,ES,Federal Contract Tower,0,0,5,0,5,0,2,30,0,32,0,2,35,0,37,94,0,94,131
07/04/2009,TCL,AL,ASO,ES,Federal Contract Tower,0,0,2,0,2,0,0,7,2,9,0,0,9,2,11,40,6,46,57
07/05/2009,TCL,AL,ASO,ES,Federal Contract Tower,0,5,15,0,20,0,0,13,0,13,0,5,28,0,33,30,0,30,63
07/06/2009,TCL,AL,ASO,ES,Federal Contract Tower,0,0,17,0,17,0,0,11,0,11,0,0,28,0,28,38,0,38,66
07/07/2009,TCL,AL,ASO,ES,Federal Contract Tower,0,4,12,14,30,0,2,25,17,44,0,6,37,31,74,84,0,84,158
07/08/2009,TCL,AL,ASO,ES,Federal Contract Tower,0,0,23,40,63,0,4,33,14,51,0,4,56,54,114,126,30,156,270
07/09/2009,TCL,AL,ASO,ES,Federal Contract Tower,0,2,18,22,42,0,0,35,13,48,0,2,53,35,90,66,12,78,168
07/10/2009,TCL,AL,ASO,ES,Federal Contract Tower,0,0,11,7,18,0,0,27,10,37,0,0,38,17,55,48,0,48,103
07/11/2009,TCL,AL,ASO,ES,Federal Contract Tower,0,1,10,2,13,0,0,19,0,19,0,1,29,2,32,78,0,78,110
07/12/2009,TCL,AL,ASO,ES,Federal Contract Tower,0,2,14,24,40,0,2,18,4,24,0,4,32,28,64,48,0,48,112
07/13/2009,TCL,AL,ASO,ES,Federal Contract Tower,0,0,16,14,30,0,0,23,7,30,0,0,39,21,60,40,2,42,102
07/14/2009,TCL,AL,ASO,ES,Federal Contract Tower,0,0,19,31,50,0,0,31,12,43,0,0,50,43,93,36,10,46,139
07/15/2009,TCL,AL,ASO,ES,Federal Contract Tower,0,0,17,33,50,0,0,35,10,45,0,0,52,43,95,74,0,74,169
07/16/2009,TCL,AL,ASO,ES,Federal Contract Tower,0,3,38,15,56,0,0,17,6,23,0,3,55,21,79,26,0,26,105
07/17/2009,TCL,AL,ASO,ES,Federal Contract Tower,0,2,14,53,69,0,0,36,18,54,0,2,50,71,123,100,16,116,239
07/18/2009,TCL,AL,ASO,ES,Federal Contract Tower,0,1,10,0,11,0,0,28,0,28,0,1,38,0,39,86,0,86,125
07/19/2009,TCL,AL,ASO,ES,Federal Contract Tower,0,0,18,4,22,0,0,22,8,30,0,0,40,12,52,78,0,78,130
07/20/2009,TCL,AL,ASO,ES,Federal Contract Tower,0,1,16,16,33,0,1,30,10,41,0,2,46,26,74,90,14,104,178
07/21/2009,TCL,AL,ASO,ES,Federal Contract Tower,0,4,15,22,41,0,0,30,4,34,0,4,45,26,75,48,0,48,123
07/22/2009,TCL,AL,ASO,ES,Federal Contract Tower,0,0,17,8,25,0,0,6,0,6,0,0,23,8,31,50,0,50,81
07/23/2009,TCL,AL,ASO,ES,Federal Contract Tower,0,2,26,14,42,0,2,14,8,24,0,4,40,22,66,66,0,66,132
07/24/2009,TCL,AL,ASO,ES,Federal Contract Tower,0,6,11,16,33,0,0,57,0,57,0,6,68,16,90,74,18,92,182
07/25/2009,TCL,AL,ASO,ES,Federal Contract Tower,0,3,9,10,22,0,0,40,2,42,0,3,49,12,64,80,12,92,156
07/26/2009,TCL,AL,ASO,ES,Federal Contract Tower,0,5,8,2,15,0,0,17,13,30,0,5,25,15,45,56,0,56,101
07/27/2009,TCL,AL,ASO,ES,Federal Contract Tower,0,0,18,24,42,0,0,30,13,43,0,0,48,37,85,104,6,110,195
07/28/2009,TCL,AL,ASO,ES,Federal Contract Tower,0,2,19,12,33,0,0,2,2,4,0,2,21,14,37,66,0,66,103
07/29/2009,TCL,AL,ASO,ES,Federal Contract Tower,0,0,25,28,53,0,0,11,0,11,0,0,36,28,64,102,0,102,166
07/30/2009,TCL,AL,ASO,ES,Federal Contract Tower,0,0,13,32,45,0,0,4,0,4,0,0,17,32,49,28,4,32,81
07/31/2009,TCL,AL,ASO,ES,Federal Contract Tower,0,4,23,0,27,0,0,20,0,20,0,4,43,0,47,30,0,30,77
08/01/2009,TCL,AL,ASO,ES,Federal Contract Tower,0,0,7,2,9,0,0,12,0,12,0,0,19,2,21,50,0,50,71
08/02/2009,TCL,AL,ASO,ES,Federal Contract Tower,0,2,20,2,24,0,0,21,2,23,0,2,41,4,47,46,0,46,93
08/03/2009,TCL,AL,ASO,ES,Federal Contract Tower,0,0,18,20,38,0,0,35,16,51,0,0,53,36,89,76,8,84,173
08/04/2009,TCL,AL,ASO,ES,Federal Contract Tower,0,3,16,36,55,0,0,32,6,38,0,3,48,42,93,48,8,56,149
08/05/2009,TCL,AL,ASO,ES,Federal Contract Tower,0,1,22,42,65,0,1,25,17,43,0,2,47,59,108,48,20,68,176
08/06/2009,TCL,AL,ASO,ES,Federal Contract Tower,0,0,19,38,57,0,0,44,4,48,0,0,63,42,105,112,28,140,245
08/07/2009,TCL,AL,ASO,ES,Federal Contract Tower,0,3,17,27,47,0,0,31,10,41,0,3,48,37,88,42,6,48,136
08/08/2009,TCL,AL,ASO,ES,Federal Contract Tower,0,0,9,0,9,0,0,59,0,59,0,0,68,0,68,92,0,92,160
08/09/2009,TCL,AL,ASO,ES,Federal Contract Tower,0,2,20,13,35,0,0,38,3,41,0,2,58,16,76,34,0,34,110
08/10/2009,TCL,AL,ASO,ES,Federal Contract Tower,0,0,16,24,40,0,0,24,6,30,0,0,40,30,70,58,0,58,128
08/11/2009,TCL,AL,ASO,ES,Federal Contract Tower,0,1,17,19,37,0,0,8,3,11,0,1,25,22,48,52,0,52,100
08/12/2009,TCL,AL,ASO,ES,Federal Contract Tower,0,1,10,46,57,0,0,20,1,21,0,1,30,47,78,78,0,78,156
08/13/2009,TCL,AL,ASO,ES,Federal Contract Tower,0,0,21,39,60,0,0,33,9,42,0,0,54,48,102,26,0,26,128
08/14/2009,TCL,AL,ASO,ES,Federal Contract Tower,0,0,23,38,61,0,2,32,10,44,0,2,55,48,105,72,6,78,183
08/15/2009,TCL,AL,ASO,ES,Federal Contract Tower,0,2,15,7,24,0,0,28,9,37,0,2,43,16,61,56,6,62,123
08/16/2009,TCL,AL,ASO,ES,Federal Contract Tower,0,2,27,14,43,0,0,4,6,10,0,2,31,20,53,8,0,8,61
08/17/2009,TCL,AL,ASO,ES,Federal Contract Tower,0,0,11,36,47,0,2,0,0,2,0,2,11,36,49,2,0,2,51
08/18/2009,TCL,AL,ASO,ES,Federal Contract Tower,0,2,17,26,45,0,1,9,0,10,0,3,26,26,55,12,8,20,75
08/19/2009,TCL,AL,ASO,ES,Federal Contract Tower,0,0,23,40,63,0,0,21,6,27,0,0,44,46,90,84,0,84,174
08/20/2009,TCL,AL,ASO,ES,Federal Contract Tower,0,0,12,7,19,0,0,2,0,2,0,0,14,7,21,6,0,6,27
08/21/2009,TCL,AL,ASO,ES,Federal Contract Tower,0,0,13,23,36,0,0,7,2,9,0,0,20,25,45,0,0,0,45
08/22/2009,TCL,AL,ASO,ES,Federal Contract Tower,0,0,11,5,16,0,0,55,4,59,0,0,66,9,75,42,0,42,117
08/23/2009,TCL,AL,ASO,ES,Federal Contract Tower,0,4,20,1,25,0,0,47,7,54,0,4,67,8,79,0,8,8,87
08/24/2009,TCL,AL,ASO,ES,Federal Contract Tower,0,2,12,28,42,0,2,38,12,52,0,4,50,40,94,118,28,146,240
08/25/2009,TCL,AL,ASO,ES,Federal Contract Tower,0,2,29,40,71,0,0,53,27,80,0,2,82,67,151,44,2,46,197
08/26/2009,TCL,AL,ASO,ES,Federal Contract Tower,0,0,23,31,54,0,4,57,20,81,0,4,80,51,135,38,0,38,173
08/27/2009,TCL,AL,ASO,ES,Federal Contract Tower,0,1,11,18,30,0,2,32,44,78,0,3,43,62,108,34,2,36,144
08/28/2009,TCL,AL,ASO,ES,Federal Contract Tower,0,0,26,35,61,0,0,16,7,23,0,0,42,42,84,40,8,48,132
08/29/2009,TCL,AL,ASO,ES,Federal Contract Tower,0,1,16,4,21,0,0,26,0,26,0,1,42,4,47,68,0,68,115
08/30/2009,TCL,AL,ASO,ES,Federal Contract Tower,0,0,16,3,19,0,0,1,3,4,0,0,17,6,23,0,0,0,23
08/31/2009,TCL,AL,ASO,ES,Federal Contract Tower,2,0,20,25,47,0,0,27,30,57,2,0,47,55,104,148,18,166,270
09/01/2009,TCL,AL,ASO,ES,Federal Contract Tower,0,5,20,32,57,0,0,24,7,31,0,5,44,39,88,58,6,64,152
09/02/2009,TCL,AL,ASO,ES,Federal Contract Tower,0,1,24,39,64,0,2,19,3,24,0,3,43,42,88,116,0,116,204
09/03/2009,TCL,AL,ASO,ES,Federal Contract Tower,0,3,8,40,51,0,0,27,1,28,0,3,35,41,79,88,0,88,167
09/04/2009,TCL,AL,ASO,ES,Federal Contract Tower,4,2,28,25,59,0,2,49,11,62,4,4,77,36,121,72,0,72,193
09/05/2009,TCL,AL,ASO,ES,Federal Contract Tower,0,0,13,0,13,0,0,11,0,11,0,0,24,0,24,82,0,82,106
09/06/2009,TCL,AL,ASO,ES,Federal Contract Tower,2,1,8,6,17,0,0,6,2,8,2,1,14,8,25,74,4,78,103
09/07/2009,TCL,AL,ASO,ES,Federal Contract Tower,0,2,22,6,30,0,0,31,4,35,0,2,53,10,65,92,26,118,183
09/08/2009,TCL,AL,ASO,ES,Federal Contract Tower,0,14,21,0,35,0,0,25,20,45,0,14,46,20,80,44,0,44,124
09/09/2009,TCL,AL,ASO,ES,Federal Contract Tower,0,2,17,16,35,0,0,29,6,35,0,2,46,22,70,80,0,80,150
09/10/2009,TCL,AL,ASO,ES,Federal Contract Tower,0,3,12,23,38,0,0,12,6,18,0,3,24,29,56,58,20,78,134
09/11/2009,TCL,AL,ASO,ES,Federal Contract Tower,0,2,46,19,67,0,2,19,0,21,0,4,65,19,88,12,0,12,100
09/12/2009,TCL,AL,ASO,ES,Federal Contract Tower,0,1,31,2,34,0,2,33,10,45,0,3,64,12,79,108,16,124,203
09/13/2009,TCL,AL,ASO,ES,Federal Contract Tower,0,4,24,3,31,0,0,16,1,17,0,4,40,4,48,54,0,54,102
09/14/2009,TCL,AL,ASO,ES,Federal Contract Tower,0,4,9,17,30,0,0,20,1,21,0,4,29,18,51,36,0,36,87
09/15/2009,TCL,AL,ASO,ES,Federal Contract Tower,0,8,14,36,58,0,0,9,2,11,0,8,23,38,69,52,0,52,121
09/16/2009,TCL,AL,ASO,ES,Federal Contract Tower,0,5,18,18,41,0,0,4,0,4,0,5,22,18,45,18,6,24,69
09/17/2009,TCL,AL,ASO,ES,Federal Contract Tower,0,12,22,34,68,0,1,5,0,6,0,13,27,34,74,22,0,22,96
09/18/2009,TCL,AL,ASO,ES,Federal Contract Tower,1,1,30,35,67,0,1,10,6,17,1,2,40,41,84,12,16,28,112
09/19/2009,TCL,AL,ASO,ES,Federal Contract Tower,5,4,41,2,52,0,0,9,0,9,5,4,50,2,61,42,0,42,103
09/20/2009,TCL,AL,ASO,ES,Federal Contract Tower,0,3,20,13,36,0,0,15,6,21,0,3,35,19,57,52,0,52,109
09/21/2009,TCL,AL,ASO,ES,Federal Contract Tower,0,7,7,1,15,0,0,1,0,1,0,7,8,1,16,0,0,0,16
09/22/2009,TCL,AL,ASO,ES,Federal Contract Tower,0,0,15,26,41,0,0,8,4,12,0,0,23,30,53,36,14,50,103
09/23/2009,TCL,AL,ASO,ES,Federal Contract Tower,0,5,11,36,52,0,2,35,12,49,0,7,46,48,101,50,8,58,159
09/24/2009,TCL,AL,ASO,ES,Federal Contract Tower,0,5,20,44,69,0,0,25,33,58,0,5,45,77,127,28,26,54,181
09/25/2009,TCL,AL,ASO,ES,Federal Contract Tower,0,1,24,14,39,0,0,35,4,39,0,1,59,18,78,136,0,136,214
09/26/2009,TCL,AL,ASO,ES,Federal Contract Tower,2,10,54,6,72,0,0,24,0,24,2,10,78,6,96,64,0,64,160
09/27/2009,TCL,AL,ASO,ES,Federal Contract Tower,0,5,40,6,51,0,0,47,2,49,0,5,87,8,100,76,0,76,176
09/28/2009,TCL,AL,ASO,ES,Federal Contract Tower,0,0,29,40,69,0,0,38,2,40,0,0,67,42,109,56,0,56,165
09/29/2009,TCL,AL,ASO,ES,Federal Contract Tower,0,1,34,20,55,0,0,58,12,70,0,1,92,32,125,80,2,82,207
09/30/2009,TCL,AL,ASO,ES,Federal Contract Tower,0,8,17,28,53,0,1,64,8,73,0,9,81,36,126,56,2,58,184
10/01/2009,TCL,AL,ASO,ES,Federal Contract Tower,0,9,31,31,71,0,1,54,17,72,0,10,85,48,143,70,4,74,217
10/02/2009,TCL,AL,ASO,ES,Federal Contract Tower,2,3,19,30,54,0,2,28,11,41,2,5,47,41,95,62,0,62,157
10/03/2009,TCL,AL,ASO,ES,Federal Contract Tower,2,2,10,3,17,0,3,40,19,62,2,5,50,22,79,66,0,66,145
10/04/2009,TCL,AL,ASO,ES,Federal Contract Tower,0,5,19,15,39,0,0,23,0,23,0,5,42,15,62,38,0,38,100
10/05/2009,TCL,AL,ASO,ES,Federal Contract Tower,0,0,36,48,84,0,0,0,0,0,0,0,36,48,84,2,2,4,88
10/06/2009,TCL,AL,ASO,ES,Federal Contract Tower,0,0,33,13,46,0,0,2,2,4,0,0,35,15,50,2,2,4,54
10/07/2009,TCL,AL,ASO,ES,Federal Contract Tower,0,9,40,25,74,0,1,32,4,37,0,10,72,29,111,48,6,54,165
10/08/2009,TCL,AL,ASO,ES,Federal Contract Tower,0,1,25,24,50,0,2,33,0,35,0,3,58,24,85,42,8,50,135
10/09/2009,TCL,AL,ASO,ES,Federal Contract Tower,2,2,19,14,37,0,0,16,2,18,2,2,35,16,55,32,0,32,87
10/10/2009,TCL,AL,ASO,ES,Federal Contract Tower,0,8,13,6,27,0,0,1,0,1,0,8,14,6,28,22,0,22,50
10/11/2009,TCL,AL,ASO,ES,Federal Contract Tower,0,4,36,4,44,0,0,14,0,14,0,4,50,4,58,44,0,44,102
10/12/2009,TCL,AL,ASO,ES,Federal Contract Tower,0,0,10,11,21,0,0,2,0,2,0,0,12,11,23,0,0,0,23
10/13/2009,TCL,AL,ASO,ES,Federal Contract Tower,0,5,24,34,63,0,0,12,0,12,0,5,36,34,75,28,0,28,103
10/14/2009,TCL,AL,ASO,ES,Federal Contract Tower,0,3,28,26,57,0,0,11,0,11,0,3,39,26,68,54,2,56,124
10/15/2009,TCL,AL,ASO,ES,Federal Contract Tower,0,2,16,18,36,0,0,1,0,1,0,2,17,18,37,6,0,6,43
10/16/2009,TCL,AL,ASO,ES,Federal Contract Tower,0,5,41,21,67,0,0,10,1,11,0,5,51,22,78,32,0,32,110
10/17/2009,TCL,AL,ASO,ES,Federal Contract Tower,2,8,62,9,81,0,0,38,6,44,2,8,100,15,125,84,2,86,211
10/18/2009,TCL,AL,ASO,ES,Federal Contract Tower,0,6,36,10,52,0,2,41,10,53,0,8,77,20,105,80,0,80,185
10/19/2009,TCL,AL,ASO,ES,Federal Contract Tower,0,1,24,36,61,0,0,35,2,37,0,1,59,38,98,90,0,90,188
10/20/2009,TCL,AL,ASO,ES,Federal Contract Tower,0,1,8,31,40,0,0,40,23,63,0,1,48,54,103,82,0,82,185
10/21/2009,TCL,AL,ASO,ES,Federal Contract Tower,0,0,23,32,55,0,0,56,4,60,0,0,79,36,115,84,6,90,205
10/22/2009,TCL,AL,ASO,ES,Federal Contract Tower,0,6,25,33,64,0,2,24,7,33,0,8,49,40,97,32,20,52,149
10/23/2009,TCL,AL,ASO,ES,Federal Contract Tower,0,10,37,28,75,0,0,22,2,24,0,10,59,30,99,88,54,142,241
10/24/2009,TCL,AL,ASO,ES,Federal Contract Tower,2,15,146,2,165,0,0,57,14,71,2,15,203,16,236,74,18,92,328
10/25/2009,TCL,AL,ASO,ES,Federal Contract Tower,0,12,41,4,57,0,8,66,13,87,0,20,107,17,144,66,6,72,216
10/26/2009,TCL,AL,ASO,ES,Federal Contract Tower,0,2,18,26,46,0,0,32,8,40,0,2,50,34,86,130,0,130,216
10/27/2009,TCL,AL,ASO,ES,Federal Contract Tower,0,0,21,4,25,0,0,0,0,0,0,0,21,4,25,4,0,4,29
10/28/2009,TCL,AL,ASO,ES,Federal Contract Tower,0,0,22,24,46,0,2,50,12,64,0,2,72,36,110,96,0,96,206
10/29/2009,TCL,AL,ASO,ES,Federal Contract Tower,0,2,25,28,55,0,0,10,0,10,0,2,35,28,65,14,6,20,85
10/30/2009,TCL,AL,ASO,ES,Federal Contract Tower,0,3,23,8,34,0,0,1,0,1,0,3,24,8,35,28,0,28,63
10/31/2009,TCL,AL,ASO,ES,Federal Contract Tower,0,1,11,0,12,0,0,10,0,10,0,1,21,0,22,60,0,60,82
11/01/2009,TCL,AL,ASO,ES,Federal Contract Tower,0,6,22,3,31,0,0,64,22,86,0,6,86,25,117,104,2,106,223
11/02/2009,TCL,AL,ASO,ES,Federal Contract Tower,0,3,23,28,54,0,0,31,18,49,0,3,54,46,103,72,0,72,175
11/03/2009,TCL,AL,ASO,ES,Federal Contract Tower,0,0,25,26,51,0,0,49,22,71,0,0,74,48,122,90,0,90,212
11/04/2009,TCL,AL,ASO,ES,Federal Contract Tower,0,1,24,14,39,0,0,56,24,80,0,1,80,38,119,132,0,132,251
11/05/2009,TCL,AL,ASO,ES,Federal Contract Tower,0,6,33,20,59,0,1,36,21,58,0,7,69,41,117,56,0,56,173
11/06/2009,TCL,AL,ASO,ES,Federal Contract Tower,0,7,53,17,77,0,5,44,19,68,0,12,97,36,145,58,4,62,207
11/07/2009,TCL,AL,ASO,ES,Federal Contract Tower,8,40,200,0,248,0,4,113,0,117,8,44,313,0,365,138,0,138,503
11/08/2009,TCL,AL,ASO,ES,Federal Contract Tower,0,13,34,11,58,0,0,74,17,91,0,13,108,28,149,114,8,122,271
11/09/2009,TCL,AL,ASO,ES,Federal Contract Tower,0,0,30,38,68,0,4,9,11,24,0,4,39,49,92,46,0,46,138
11/10/2009,TCL,AL,ASO,ES,Federal Contract Tower,0,3,6,17,26,0,0,0,0,0,0,3,6,17,26,0,0,0,26
11/11/2009,TCL,AL,ASO,ES,Federal Contract Tower,0,3,17,8,28,0,0,37,3,40,0,3,54,11,68,64,0,64,132
11/12/2009,TCL,AL,ASO,ES,Federal Contract Tower,0,5,22,38,65,0,2,29,20,51,0,7,51,58,116,14,0,14,130
11/13/2009,TCL,AL,ASO,ES,Federal Contract Tower,0,2,48,14,64,0,2,38,18,58,0,4,86,32,122,52,6,58,180
11/14/2009,TCL,AL,ASO,ES,Federal Contract Tower,0,2,21,2,25,0,0,33,8,41,0,2,54,10,66,66,0,66,132
11/15/2009,TCL,AL,ASO,ES,Federal Contract Tower,0,4,33,4,41,0,0,45,3,48,0,4,78,7,89,82,0,82,171
11/16/2009,TCL,AL,ASO,ES,Federal Contract Tower,0,1,10,16,27,0,1,23,12,36,0,2,33,28,63,92,12,104,167
11/17/2009,TCL,AL,ASO,ES,Federal Contract Tower,0,0,17,20,37,0,0,18,12,30,0,0,35,32,67,54,0,54,121
11/18/2009,TCL,AL,ASO,ES,Federal Contract Tower,0,0,36,18,54,0,4,23,16,43,0,4,59,34,97,52,10,62,159
11/19/2009,TCL,AL,ASO,ES,Federal Contract Tower,0,0,20,36,56,0,0,45,9,54,0,0,65,45,110,110,0,110,220
11/20/2009,TCL,AL,ASO,ES,Federal Contract Tower,0,0,24,9,33,0,0,43,12,55,0,0,67,21,88,98,0,98,186
11/21/2009,TCL,AL,ASO,ES,Federal Contract Tower,0,3,41,2,46,0,0,20,19,39,0,3,61,21,85,34,8,42,127
11/22/2009,TCL,AL,ASO,ES,Federal Contract Tower,1,0,17,21,39,0,0,11,4,15,1,0,28,25,54,32,0,32,86
11/23/2009,TCL,AL,ASO,ES,Federal Contract Tower,0,3,30,32,65,0,2,2,0,4,0,5,32,32,69,70,16,86,155
11/24/2009,TCL,AL,ASO,ES,Federal Contract Tower,0,8,34,26,68,0,0,16,5,21,0,8,50,31,89,48,0,48,137
11/25/2009,TCL,AL,ASO,ES,Federal Contract Tower,0,0,18,25,43,0,0,54,16,70,0,0,72,41,113,32,0,32,145
11/26/2009,TCL,AL,ASO,ES,Federal Contract Tower,0,2,4,0,6,0,0,7,0,7,0,2,11,0,13,20,0,20,33
11/27/2009,TCL,AL,ASO,ES,Federal Contract Tower,0,5,17,0,22,0,0,35,0,35,0,5,52,0,57,26,0,26,83
11/28/2009,TCL,AL,ASO,ES,Federal Contract Tower,0,0,11,0,11,0,0,26,0,26,0,0,37,0,37,26,0,26,63
11/29/2009,TCL,AL,ASO,ES,Federal Contract Tower,0,2,26,0,28,0,0,23,1,24,0,2,49,1,52,40,0,40,92
11/30/2009,TCL,AL,ASO,ES,Federal Contract Tower,2,6,17,10,35,0,0,2,0,2,2,6,19,10,37,8,0,8,45
12/01/2009,TCL,AL,ASO,ES,Federal Contract Tower,0,0,15,36,51,0,2,33,22,57,0,2,48,58,108,44,0,44,152
12/02/2009,TCL,AL,ASO,ES,Federal Contract Tower,0,0,13,2,15,0,0,0,0,0,0,0,13,2,15,4,0,4,19
12/03/2009,TCL,AL,ASO,ES,Federal Contract Tower,0,4,19,72,95,0,0,15,0,15,0,4,34,72,110,26,0,26,136
12/04/2009,TCL,AL,ASO,ES,Federal Contract Tower,2,4,29,33,68,0,0,25,15,40,2,4,54,48,108,52,6,58,166
12/05/2009,TCL,AL,ASO,ES,Federal Contract Tower,2,0,24,12,38,0,0,13,5,18,2,0,37,17,56,34,0,34,90
12/06/2009,TCL,AL,ASO,ES,Federal Contract Tower,0,3,25,5,33,0,0,37,0,37,0,3,62,5,70,46,0,46,116
12/07/2009,TCL,AL,ASO,ES,Federal Contract Tower,0,0,31,34,65,0,0,7,0,7,0,0,38,34,72,54,0,54,126
12/08/2009,TCL,AL,ASO,ES,Federal Contract Tower,0,5,16,0,21,0,0,0,0,0,0,5,16,0,21,4,0,4,25
12/09/2009,TCL,AL,ASO,ES,Federal Contract Tower,0,0,23,27,50,0,0,31,41,72,0,0,54,68,122,2,0,2,124
12/10/2009,TCL,AL,ASO,ES,Federal Contract Tower,0,3,20,32,55,0,0,47,7,54,0,3,67,39,109,42,14,56,165
12/11/2009,TCL,AL,ASO,ES,Federal Contract Tower,1,0,25,38,64,0,0,26,6,32,1,0,51,44,96,26,4,30,126
12/12/2009,TCL,AL,ASO,ES,Federal Contract Tower,1,0,19,0,20,0,0,11,0,11,1,0,30,0,31,30,0,30,61
12/13/2009,TCL,AL,ASO,ES,Federal Contract Tower,1,0,23,0,24,0,0,0,0,0,1,0,23,0,24,0,0,0,24
12/14/2009,TCL,AL,ASO,ES,Federal Contract Tower,1,3,11,4,19,0,0,0,0,0,1,3,11,4,19,0,0,0,19
12/15/2009,TCL,AL,ASO,ES,Federal Contract Tower,1,0,14,41,56,0,0,3,0,3,1,0,17,41,59,6,0,6,65
12/16/2009,TCL,AL,ASO,ES,Federal Contract Tower,0,0,15,23,38,0,0,34,3,37,0,0,49,26,75,40,0,40,115
12/17/2009,TCL,AL,ASO,ES,Federal Contract Tower,2,5,13,34,54,0,0,57,23,80,2,5,70,57,134,68,0,68,202
12/18/2009,TCL,AL,ASO,ES,Federal Contract Tower,0,4,19,26,49,0,0,1,0,1,0,4,20,26,50,8,0,8,58
12/19/2009,TCL,AL,ASO,ES,Federal Contract Tower,0,0,6,2,8,0,0,5,0,5,0,0,11,2,13,4,0,4,17
12/20/2009,TCL,AL,ASO,ES,Federal Contract Tower,0,6,6,5,17,0,4,51,18,73,0,10,57,23,90,90,0,90,180
12/21/2009,TCL,AL,ASO,ES,Federal Contract Tower,0,2,14,20,36,0,3,40,16,59,0,5,54,36,95,42,14,56,151
12/22/2009,TCL,AL,ASO,ES,Federal Contract Tower,0,5,25,38,68,0,0,61,32,93,0,5,86,70,161,8,24,32,193
12/23/2009,TCL,AL,ASO,ES,Federal Contract Tower,0,4,13,0,17,0,5,18,0,23,0,9,31,0,40,66,0,66,106
12/24/2009,TCL,AL,ASO,ES,Federal Contract Tower,0,0,6,0,6,0,1,0,1,2,0,1,6,1,8,0,0,0,8
12/25/2009,TCL,AL,ASO,ES,Federal Contract Tower,0,0,3,0,3,0,0,2,0,2,0,0,5,0,5,0,0,0,5
12/26/2009,TCL,AL,ASO,ES,Federal Contract Tower,0,2,3,0,5,0,0,17,0,17,0,2,20,0,22,54,0,54,76
12/27/2009,TCL,AL,ASO,ES,Federal Contract Tower,0,3,11,0,14,0,1,20,2,23,0,4,31,2,37,54,0,54,91
12/28/2009,TCL,AL,ASO,ES,Federal Contract Tower,0,0,11,16,27,0,2,33,4,39,0,2,44,20,66,72,70,142,208
12/29/2009,TCL,AL,ASO,ES,Federal Contract Tower,0,1,14,1,16,0,0,58,8,66,0,1,72,9,82,54,6,60,142
12/30/2009,TCL,AL,ASO,ES,Federal Contract Tower,0,1,11,9,21,0,2,13,23,38,0,3,24,32,59,30,0,30,89
12/31/2009,TCL,AL,ASO,ES,Federal Contract Tower,0,0,11,0,11,0,0,3,0,3,0,0,14,0,14,4,0,4,18
01/01/2010,TCL,AL,ASO,ES,Federal Contract Tower,0,0,1,0,1,0,1,7,0,8,0,1,8,0,9,12,0,12,21
01/02/2010,TCL,AL,ASO,ES,Federal Contract Tower,1,0,10,0,11,0,0,19,0,19,1,0,29,0,30,44,0,44,74
01/03/2010,TCL,AL,ASO,ES,Federal Contract Tower,3,5,10,0,18,0,6,13,0,19,3,11,23,0,37,40,0,40,77
01/04/2010,TCL,AL,ASO,ES,Federal Contract Tower,0,1,7,4,12,0,0,5,1,6,0,1,12,5,18,10,0,10,28
01/05/2010,TCL,AL,ASO,ES,Federal Contract Tower,6,0,20,12,38,0,0,20,28,48,6,0,40,40,86,36,14,50,136
01/06/2010,TCL,AL,ASO,ES,Federal Contract Tower,2,2,16,34,54,0,0,23,4,27,2,2,39,38,81,62,0,62,143
01/07/2010,TCL,AL,ASO,ES,Federal Contract Tower,0,1,10,2,13,0,0,2,0,2,0,1,12,2,15,0,0,0,15
01/08/2010,TCL,AL,ASO,ES,Federal Contract Tower,5,0,9,28,42,0,0,9,8,17,5,0,18,36,59,4,2,6,65
01/09/2010,TCL,AL,ASO,ES,Federal Contract Tower,4,1,17,13,35,0,3,17,0,20,4,4,34,13,55,30,2,32,87
01/10/2010,TCL,AL,ASO,ES,Federal Contract Tower,3,3,17,11,34,0,2,25,1,28,3,5,42,12,62,14,16,30,92
01/11/2010,TCL,AL,ASO,ES,Federal Contract Tower,0,1,18,29,48,0,0,26,9,35,0,1,44,38,83,56,18,74,157
01/12/2010,TCL,AL,ASO,ES,Federal Contract Tower,1,3,26,22,52,0,0,28,7,35,1,3,54,29,87,60,0,60,147
01/13/2010,TCL,AL,ASO,ES,Federal Contract Tower,0,2,15,20,37,0,0,36,4,40,0,2,51,24,77,104,0,104,181
01/14/2010,TCL,AL,ASO,ES,Federal Contract Tower,1,4,18,43,66,0,0,28,33,61,1,4,46,76,127,40,0,40,167
01/15/2010,TCL,AL,ASO,ES,Federal Contract Tower,1,2,16,42,61,0,0,28,22,50,1,2,44,64,111,50,40,90,201
01/16/2010,TCL,AL,ASO,ES,Federal Contract Tower,3,0,14,0,17,0,0,0,0,0,3,0,14,0,17,12,0,12,29
01/17/2010,TCL,AL,ASO,ES,Federal Contract Tower,0,0,14,4,18,0,0,0,0,0,0,0,14,4,18,0,0,0,18
01/18/2010,TCL,AL,ASO,ES,Federal Contract Tower,3,1,18,0,22,0,0,42,2,44,3,1,60,2,66,68,0,68,134
01/19/2010,TCL,AL,ASO,ES,Federal Contract Tower,1,1,19,43,64,0,0,27,15,42,1,1,46,58,106,70,4,74,180
01/20/2010,TCL,AL,ASO,ES,Federal Contract Tower,4,5,33,51,93,0,0,19,0,19,4,5,52,51,112,6,0,6,118
01/21/2010,TCL,AL,ASO,ES,Federal Contract Tower,2,0,19,37,58,0,0,8,4,12,2,0,27,41,70,26,4,30,100
01/22/2010,TCL,AL,ASO,ES,Federal Contract Tower,1,0,23,48,72,0,2,21,2,25,1,2,44,50,97,62,4,66,163
01/23/2010,TCL,AL,ASO,ES,Federal Contract Tower,2,1,31,28,62,0,2,1,0,3,2,3,32,28,65,2,0,2,67
01/24/2010,TCL,AL,ASO,ES,Federal Contract Tower,0,3,12,11,26,0,0,6,0,6,0,3,18,11,32,0,8,8,40
01/25/2010,TCL,AL,ASO,ES,Federal Contract Tower,1,0,33,27,61,0,0,52,32,84,1,0,85,59,145,32,0,32,177
01/26/2010,TCL,AL,ASO,ES,Federal Contract Tower,1,2,22,28,53,0,0,32,14,46,1,2,54,42,99,52,0,52,151
01/27/2010,TCL,AL,ASO,ES,Federal Contract Tower,2,4,25,29,60,0,0,49,18,67,2,4,74,47,127,40,4,44,171
01/28/2010,TCL,AL,ASO,ES,Federal Contract Tower,0,5,20,32,57,0,1,48,24,73,0,6,68,56,130,50,0,50,180
01/29/2010,TCL,AL,ASO,ES,Federal Contract Tower,2,3,15,20,40,0,2,7,8,17,2,5,22,28,57,10,0,10,67
01/30/2010,TCL,AL,ASO,ES,Federal Contract Tower,0,0,9,1,10,0,0,4,0,4,0,0,13,1,14,0,0,0,14
01/31/2010,TCL,AL,ASO,ES,Federal Contract Tower,0,3,18,13,34,0,0,46,39,85,0,3,64,52,119,48,104,152,271
02/01/2010,TCL,AL,ASO,ES,Federal Contract Tower,0,1,9,18,28,0,0,44,17,61,0,1,53,35,89,96,14,110,199
02/02/2010,TCL,AL,ASO,ES,Federal Contract Tower,0,0,16,41,57,0,0,30,21,51,0,0,46,62,108,50,0,50,158
02/03/2010,TCL,AL,ASO,ES,Federal Contract Tower,2,1,8,46,57,0,0,46,18,64,2,1,54,64,121,76,0,76,197
02/04/2010,TCL,AL,ASO,ES,Federal Contract Tower,2,0,20,56,78,0,0,1,4,5,2,0,21,60,83,0,0,0,83
02/05/2010,TCL,AL,ASO,ES,Federal Contract Tower,0,0,10,9,19,0,0,0,0,0,0,0,10,9,19,16,0,16,35
02/06/2010,TCL,AL,ASO,ES,Federal Contract Tower,0,0,5,9,14,0,0,5,9,14,0,0,10,18,28,0,0,0,28
02/07/2010,TCL,AL,ASO,ES,Federal Contract Tower,1,0,19,27,47,0,0,17,1,18,1,0,36,28,65,18,6,24,89
02/08/2010,TCL,AL,ASO,ES,Federal Contract Tower,1,0,29,40,70,0,0,13,8,21,1,0,42,48,91,68,0,68,159
02/09/2010,TCL,AL,ASO,ES,Federal Contract Tower,0,0,11,38,49,0,0,5,0,5,0,0,16,38,54,4,0,4,58
02/10/2010,TCL,AL,ASO,ES,Federal Contract Tower,2,0,16,39,57,0,0,38,14,52,2,0,54,53,109,70,8,78,187
02/11/2010,TCL,AL,ASO,ES,Federal Contract Tower,0,3,22,34,59,0,0,25,14,39,0,3,47,48,98,38,0,38,136
02/12/2010,TCL,AL,ASO,ES,Federal Contract Tower,1,4,15,18,38,0,0,0,2,2,1,4,15,20,40,0,0,0,40
02/13/2010,TCL,AL,ASO,ES,Federal Contract Tower,2,1,14,12,29,0,0,46,9,55,2,1,60,21,84,74,0,74,158
02/14/2010,TCL,AL,ASO,ES,Federal Contract Tower,0,2,10,0,12,0,0,10,7,17,0,2,20,7,29,48,8,56,85
02/15/2010,TCL,AL,ASO,ES,Federal Contract Tower,0,2,20,0,22,0,1,23,0,24,0,3,43,0,46,66,0,66,112
02/16/2010,TCL,AL,ASO,ES,Federal Contract Tower,0,2,19,24,45,0,2,42,7,51,0,4,61,31,96,116,10,126,222
02/17/2010,TCL,AL,ASO,ES,Federal Contract Tower,2,0,14,50,66,0,0,39,18,57,2,0,53,68,123,132,6,138,261
02/18/2010,TCL,AL,ASO,ES,Federal Contract Tower,0,3,6,54,63,0,0,68,19,87,0,3,74,73,150,74,0,74,224
02/19/2010,TCL,AL,ASO,ES,Federal Contract Tower,2,0,24,42,68,0,0,53,1,54,2,0,77,43,122,102,0,102,224
02/20/2010,TCL,AL,ASO,ES,Federal Contract Tower,2,1,5,17,25,0,0,58,11,69,2,1,63,28,94,56,12,68,162
02/21/2010,TCL,AL,ASO,ES,Federal Contract Tower,2,1,18,17,38,0,4,39,2,45,2,5,57,19,83,74,8,82,165
02/22/2010,TCL,AL,ASO,ES,Federal Contract Tower,0,0,17,35,52,0,0,54,0,54,0,0,71,35,106,74,0,74,180
02/23/2010,TCL,AL,ASO,ES,Federal Contract Tower,0,2,17,26,45,0,0,34,27,61,0,2,51,53,106,54,0,54,160
02/24/2010,TCL,AL,ASO,ES,Federal Contract Tower,0,4,23,35,62,0,0,21,20,41,0,4,44,55,103,22,0,22,125
02/25/2010,TCL,AL,ASO,ES,Federal Contract Tower,1,4,10,33,48,0,0,38,11,49,1,4,48,44,97,68,14,82,179
02/26/2010,TCL,AL,ASO,ES,Federal Contract Tower,1,0,17,59,77,0,0,33,22,55,1,0,50,81,132,66,72,138,270
02/27/2010,TCL,AL,ASO,ES,Federal Contract Tower,2,2,14,6,24,0,1,48,3,52,2,3,62,9,76,68,0,68,144
02/28/2010,TCL,AL,ASO,ES,Federal Contract Tower,2,1,16,0,19,0,0,56,15,71,2,1,72,15,90,88,0,88,178
03/01/2010,TCL,AL,ASO,ES,Federal Contract Tower,1,2,15,29,47,0,0,27,0,27,1,2,42,29,74,50,18,68,142
03/02/2010,TCL,AL,ASO,ES,Federal Contract Tower,1,0,14,0,15,0,0,2,0,2,1,0,16,0,17,2,0,2,19
03/03/2010,TCL,AL,ASO,ES,Federal Contract Tower,0,0,22,48,70,0,0,21,18,39,0,0,43,66,109,64,0,64,173
03/04/2010,TCL,AL,ASO,ES,Federal Contract Tower,1,3,15,35,54,0,2,35,25,62,1,5,50,60,116,48,6,54,170
03/05/2010,TCL,AL,ASO,ES,Federal Contract Tower,1,1,22,43,67,0,0,53,22,75,1,1,75,65,142,104,20,124,266
03/06/2010,TCL,AL,ASO,ES,Federal Contract Tower,1,3,23,7,34,0,0,83,0,83,1,3,106,7,117,82,14,96,213
03/07/2010,TCL,AL,ASO,ES,Federal Contract Tower,0,0,22,2,24,0,2,38,2,42,0,2,60,4,66,56,8,64,130
03/08/2010,TCL,AL,ASO,ES,Federal Contract Tower,4,3,14,25,46,0,4,40,17,61,4,7,54,42,107,108,0,108,215
03/09/2010,TCL,AL,ASO,ES,Federal Contract Tower,1,2,18,28,49,0,0,11,4,15,1,2,29,32,64,6,0,6,70
03/10/2010,TCL,AL,ASO,ES,Federal Contract Tower,0,0,0,0,0,0,0,5,0,5,0,0,5,0,5,2,0,2,7
03/11/2010,TCL,AL,ASO,ES,Federal Contract Tower,0,3,20,12,35,0,0,14,8,22,0,3,34,20,57,16,0,16,73
03/12/2010,TCL,AL,ASO,ES,Federal Contract Tower,2,0,24,18,44,0,1,16,6,23,2,1,40,24,67,26,6,32,99
03/13/2010,TCL,AL,ASO,ES,Federal Contract Tower,0,0,23,1,24,0,0,12,0,12,0,0,35,1,36,36,0,36,72
03/14/2010,TCL,AL,ASO,ES,Federal Contract Tower,0,2,13,16,31,0,0,18,0,18,0,2,31,16,49,28,0,28,77
03/15/2010,TCL,AL,ASO,ES,Federal Contract Tower,0,5,15,10,30,0,2,16,8,26,0,7,31,18,56,38,0,38,94
03/16/2010,TCL,AL,ASO,ES,Federal Contract Tower,0,1,12,34,47,0,0,14,4,18,0,1,26,38,65,44,6,50,115
03/17/2010,TCL,AL,ASO,ES,Federal Contract Tower,0,2,20,22,44,0,0,11,4,15,0,2,31,26,59,6,6,12,71
03/18/2010,TCL,AL,ASO,ES,Federal Contract Tower,0,2,33,50,85,0,0,24,22,46,0,2,57,72,131,70,6,76,207
03/19/2010,TCL,AL,ASO,ES,Federal Contract Tower,0,3,33,26,62,0,0,40,16,56,0,3,73,42,118,56,0,56,174
03/20/2010,TCL,AL,ASO,ES,Federal Contract Tower,0,6,29,10,45,0,4,48,3,55,0,10,77,13,100,98,14,112,212
03/21/2010,TCL,AL,ASO,ES,Federal Contract Tower,0,0,25,0,25,0,0,4,0,4,0,0,29,0,29,14,0,14,43
03/22/2010,TCL,AL,ASO,ES,Federal Contract Tower,0,2,24,20,46,0,0,3,0,3,0,2,27,20,49,16,0,16,65
03/23/2010,TCL,AL,ASO,ES,Federal Contract Tower,0,0,24,44,68,0,1,57,6,64,0,1,81,50,132,64,4,68,200
03/24/2010,TCL,AL,ASO,ES,Federal Contract Tower,0,4,19,50,73,0,2,39,11,52,0,6,58,61,125,60,78,138,263
03/25/2010,TCL,AL,ASO,ES,Federal Contract Tower,4,2,20,12,38,0,0,4,0,4,4,2,24,12,42,32,0,32,74
03/26/2010,TCL,AL,ASO,ES,Federal Contract Tower,0,1,20,35,56,0,0,28,3,31,0,1,48,38,87,76,34,110,197
03/27/2010,TCL,AL,ASO,ES,Federal Contract Tower,0,2,26,0,28,0,1,50,4,55,0,3,76,4,83,24,0,24,107
03/28/2010,TCL,AL,ASO,ES,Federal Contract Tower,1,6,14,20,41,0,0,9,1,10,1,6,23,21,51,38,0,38,89
03/29/2010,TCL,AL,ASO,ES,Federal Contract Tower,0,0,25,49,74,0,1,23,4,28,0,1,48,53,102,80,0,80,182
03/30/2010,TCL,AL,ASO,ES,Federal Contract Tower,1,0,24,44,69,0,0,51,5,56,1,0,75,49,125,90,0,90,215
03/31/2010,TCL,AL,ASO,ES,Federal Contract Tower,0,0,32,31,63,0,0,39,6,45,0,0,71,37,108,112,0,112,220
04/01/2010,TCL,AL,ASO,ES,Federal Contract Tower,0,2,18,55,75,0,0,55,24,79,0,2,73,79,154,64,8,72,226
04/02/2010,TCL,AL,ASO,ES,Federal Contract Tower,0,3,35,49,87,0,0,55,19,74,0,3,90,68,161,86,8,94,255
04/03/2010,TCL,AL,ASO,ES,Federal Contract Tower,0,1,11,1,13,0,0,25,2,27,0,1,36,3,40,30,0,30,70
04/04/2010,TCL,AL,ASO,ES,Federal Contract Tower,0,1,29,8,38,0,0,15,4,19,0,1,44,12,57,60,4,64,121
04/05/2010,TCL,AL,ASO,ES,Federal Contract Tower,0,0,39,32,71,0,0,33,12,45,0,0,72,44,116,126,30,156,272
04/06/2010,TCL,AL,ASO,ES,Federal Contract Tower,0,4,25,25,54,0,0,43,19,62,0,4,68,44,116,80,20,100,216
04/07/2010,TCL,AL,ASO,ES,Federal Contract Tower,0,0,29,29,58,0,0,33,8,41,0,0,62,37,99,56,12,68,167
04/08/2010,TCL,AL,ASO,ES,Federal Contract Tower,0,4,24,24,52,0,1,23,10,34,0,5,47,34,86,100,0,100,186
04/09/2010,TCL,AL,ASO,ES,Federal Contract Tower,0,1,23,22,46,0,2,35,26,63,0,3,58,48,109,38,14,52,161
04/10/2010,TCL,AL,ASO,ES,Federal Contract Tower,0,0,6,2,8,0,0,49,5,54,0,0,55,7,62,86,0,86,148
04/11/2010,TCL,AL,ASO,ES,Federal Contract Tower,0,3,15,22,40,0,0,28,17,45,0,3,43,39,85,48,8,56,141
04/12/2010,TCL,AL,ASO,ES,Federal Contract Tower,0,0,24,43,67,0,0,31,23,54,0,0,55,66,121,54,0,54,175
04/13/2010,TCL,AL,ASO,ES,Federal Contract Tower,0,2,24,44,70,0,0,49,30,79,0,2,73,74,149,122,0,122,271
04/14/2010,TCL,AL,ASO,ES,Federal Contract Tower,0,0,35,44,79,0,0,41,22,63,0,0,76,66,142,48,2,50,192
04/15/2010,TCL,AL,ASO,ES,Federal Contract Tower,0,3,23,45,71,0,1,56,12,69,0,4,79,57,140,22,2,24,164
04/16/2010,TCL,AL,ASO,ES,Federal Contract Tower,0,3,16,39,58,0,2,47,23,72,0,5,63,62,130,78,0,78,208
04/17/2010,TCL,AL,ASO,ES,Federal Contract Tower,0,4,39,1,44,0,0,40,11,51,0,4,79,12,95,80,10,90,185
04/18/2010,TCL,AL,ASO,ES,Federal Contract Tower,0,2,22,23,47,0,0,56,9,65,0,2,78,32,112,72,10,82,194
04/19/2010,TCL,AL,ASO,ES,Federal Contract Tower,0,1,31,34,66,0,0,37,18,55,0,1,68,52,121,52,8,60,181
04/20/2010,TCL,AL,ASO,ES,Federal Contract Tower,0,5,19,27,51,0,0,61,16,77,0,5,80,43,128,118,18,136,264
04/21/2010,TCL,AL,ASO,ES,Federal Contract Tower,0,0,21,32,53,0,0,48,12,60,0,0,69,44,113,18,22,40,153
04/22/2010,TCL,AL,ASO,ES,Federal Contract Tower,0,2,37,22,61,0,0,41,20,61,0,2,78,42,122,56,0,56,178
04/23/2010,TCL,AL,ASO,ES,Federal Contract Tower,0,4,27,17,48,0,0,17,27,44,0,4,44,44,92,32,0,32,124
04/24/2010,TCL,AL,ASO,ES,Federal Contract Tower,0,2,6,0,8,0,0,0,0,0,0,2,6,0,8,0,0,0,8
04/25/2010,TCL,AL,ASO,ES,Federal Contract Tower,0,4,26,2,32,0,0,13,10,23,0,4,39,12,55,90,0,90,145
04/26/2010,TCL,AL,ASO,ES,Federal Contract Tower,0,2,16,22,40,0,1,21,12,34,0,3,37,34,74,62,2,64,138
04/27/2010,TCL,AL,ASO,ES,Federal Contract Tower,0,1,22,28,51,0,0,8,17,25,0,1,30,45,76,70,0,70,146
04/28/2010,TCL,AL,ASO,ES,Federal Contract Tower,0,0,30,22,52,0,0,52,22,74,0,0,82,44,126,56,14,70,196
04/29/2010,TCL,AL,ASO,ES,Federal Contract Tower,0,1,29,21,51,0,0,33,13,46,0,1,62,34,97,48,8,56,153
04/30/2010,TCL,AL,ASO,ES,Federal Contract Tower,0,2,20,16,38,0,0,29,17,46,0,2,49,33,84,60,2,62,146
05/01/2010,TCL,AL,ASO,ES,Federal Contract Tower,4,0,7,0,11,0,0,1,3,4,4,0,8,3,15,18,0,18,33
05/02/2010,TCL,AL,ASO,ES,Federal Contract Tower,0,2,9,0,11,0,0,1,0,1,0,2,10,0,12,0,0,0,12
05/03/2010,TCL,AL,ASO,ES,Federal Contract Tower,0,2,11,4,17,0,0,34,12,46,0,2,45,16,63,98,0,98,161
05/04/2010,TCL,AL,ASO,ES,Federal Contract Tower,0,1,19,14,34,0,0,62,18,80,0,1,81,32,114,128,2,130,244
05/05/2010,TCL,AL,ASO,ES,Federal Contract Tower,0,0,18,17,35,0,0,0,0,0,0,0,18,17,35,74,8,82,117
05/06/2010,TCL,AL,ASO,ES,Federal Contract Tower,0,1,8,14,23,0,1,50,3,54,0,2,58,17,77,36,372,408,485
05/07/2010,TCL,AL,ASO,ES,Federal Contract Tower,0,2,26,16,44,0,2,81,27,110,0,4,107,43,154,360,172,532,686
05/08/2010,TCL,AL,ASO,ES,Federal Contract Tower,0,0,12,0,12,0,0,61,6,67,0,0,73,6,79,468,252,720,799
05/09/2010,TCL,AL,ASO,ES,Federal Contract Tower,0,1,8,12,21,0,0,122,3,125,0,1,130,15,146,360,230,590,736
05/10/2010,TCL,AL,ASO,ES,Federal Contract Tower,0,3,22,20,45,0,0,31,8,39,0,3,53,28,84,16,0,16,100
05/11/2010,TCL,AL,ASO,ES,Federal Contract Tower,0,1,1,3,5,0,4,5,0,9,0,5,6,3,14,6,0,6,20
05/12/2010,TCL,AL,ASO,ES,Federal Contract Tower,0,4,23,32,59,0,0,49,10,59,0,4,72,42,118,52,28,80,198
05/13/2010,TCL,AL,ASO,ES,Federal Contract Tower,0,2,19,4,25,0,0,35,1,36,0,2,54,5,61,42,0,42,103
05/14/2010,TCL,AL,ASO,ES,Federal Contract Tower,0,2,26,14,42,0,0,20,6,26,0,2,46,20,68,76,0,76,144
05/15/2010,TCL,AL,ASO,ES,Federal Contract Tower,0,3,15,1,19,0,0,20,4,24,0,3,35,5,43,26,0,26,69
05/16/2010,TCL,AL,ASO,ES,Federal Contract Tower,0,4,14,0,18,0,0,6,0,6,0,4,20,0,24,4,0,4,28
05/17/2010,TCL,AL,ASO,ES,Federal Contract Tower,0,3,31,31,65,0,0,27,5,32,0,3,58,36,97,140,18,158,255
05/18/2010,TCL,AL,ASO,ES,Federal Contract Tower,0,0,40,36,76,0,0,41,27,68,0,0,81,63,144,100,50,150,294
05/19/2010,TCL,AL,ASO,ES,Federal Contract Tower,0,0,40,10,50,0,0,35,13,48,0,0,75,23,98,282,0,282,380
05/20/2010,TCL,AL,ASO,ES,Federal Contract Tower,0,0,39,13,52,0,2,11,1,14,0,2,50,14,66,258,0,258,324
05/21/2010,TCL,AL,ASO,ES,Federal Contract Tower,0,3,26,17,46,0,0,8,0,8,0,3,34,17,54,28,0,28,82
05/22/2010,TCL,AL,ASO,ES,Federal Contract Tower,0,1,15,8,24,0,0,60,1,61,0,1,75,9,85,58,0,58,143
05/23/2010,TCL,AL,ASO,ES,Federal Contract Tower,0,0,28,1,29,0,0,57,2,59,0,0,85,3,88,14,0,14,102
05/24/2010,TCL,AL,ASO,ES,Federal Contract Tower,0,4,30,39,73,0,2,37,11,50,0,6,67,50,123,100,0,100,223
05/25/2010,TCL,AL,ASO,ES,Federal Contract Tower,0,0,17,38,55,0,0,24,8,32,0,0,41,46,87,68,18,86,173
05/26/2010,TCL,AL,ASO,ES,Federal Contract Tower,0,1,24,27,52,0,0,29,4,33,0,1,53,31,85,66,0,66,151
05/27/2010,TCL,AL,ASO,ES,Federal Contract Tower,0,6,16,23,45,0,1,37,21,59,0,7,53,44,104,64,0,64,168
05/28/2010,TCL,AL,ASO,ES,Federal Contract Tower,0,2,17,17,36,0,0,22,4,26,0,2,39,21,62,44,4,48,110
05/29/2010,TCL,AL,ASO,ES,Federal Contract Tower,0,0,4,5,9,0,0,10,0,10,0,0,14,5,19,20,0,20,39
05/30/2010,TCL,AL,ASO,ES,Federal Contract Tower,0,0,3,2,5,0,0,13,0,13,0,0,16,2,18,0,0,0,18
05/31/2010,TCL,AL,ASO,ES,Federal Contract Tower,0,2,10,0,12,0,0,12,0,12,0,2,22,0,24,20,0,20,44
06/01/2010,TCL,AL,ASO,ES,Federal Contract Tower,0,3,25,18,46,0,0,25,0,25,0,3,50,18,71,34,0,34,105
06/02/2010,TCL,AL,ASO,ES,Federal Contract Tower,0,1,22,18,41,0,0,21,6,27,0,1,43,24,68,20,8,28,96
06/03/2010,TCL,AL,ASO,ES,Federal Contract Tower,0,0,20,36,56,0,1,12,0,13,0,1,32,36,69,13,0,13,82
06/04/2010,TCL,AL,ASO,ES,Federal Contract Tower,0,2,28,49,79,0,0,6,6,12,0,2,34,55,91,12,0,12,103
06/05/2010,TCL,AL,ASO,ES,Federal Contract Tower,0,2,20,2,24,0,0,10,1,11,0,2,30,3,35,16,0,16,51
06/06/2010,TCL,AL,ASO,ES,Federal Contract Tower,0,3,19,18,40,0,0,18,3,21,0,3,37,21,61,0,0,0,61
06/07/2010,TCL,AL,ASO,ES,Federal Contract Tower,0,0,16,54,70,0,0,31,1,32,0,0,47,55,102,78,0,78,180
06/08/2010,TCL,AL,ASO,ES,Federal Contract Tower,0,6,20,42,68,0,0,61,16,77,0,6,81,58,145,76,0,76,221
06/09/2010,TCL,AL,ASO,ES,Federal Contract Tower,0,2,23,44,69,0,0,29,10,39,0,2,52,54,108,104,0,104,212
06/10/2010,TCL,AL,ASO,ES,Federal Contract Tower,0,1,32,35,68,0,0,29,4,33,0,1,61,39,101,20,0,20,121
06/11/2010,TCL,AL,ASO,ES,Federal Contract Tower,0,6,22,44,72,0,2,30,2,34,0,8,52,46,106,36,6,42,148
06/12/2010,TCL,AL,ASO,ES,Federal Contract Tower,0,2,19,1,22,0,0,49,3,52,0,2,68,4,74,38,0,38,112
06/13/2010,TCL,AL,ASO,ES,Federal Contract Tower,0,2,11,25,38,0,0,37,6,43,0,2,48,31,81,18,0,18,99
06/14/2010,TCL,AL,ASO,ES,Federal Contract Tower,0,1,16,40,57,0,0,29,14,43,0,1,45,54,100,38,2,40,140
06/15/2010,TCL,AL,ASO,ES,Federal Contract Tower,0,4,12,36,52,0,4,21,6,31,0,8,33,42,83,30,8,38,121
06/16/2010,TCL,AL,ASO,ES,Federal Contract Tower,0,2,38,38,78,0,2,38,7,47,0,4,76,45,125,80,0,80,205
06/17/2010,TCL,AL,ASO,ES,Federal Contract Tower,0,2,28,51,81,0,0,39,16,55,0,2,67,67,136,70,0,70,206
06/18/2010,TCL,AL,ASO,ES,Federal Contract Tower,0,2,37,28,67,0,1,37,4,42,0,3,74,32,109,20,0,20,129
06/19/2010,TCL,AL,ASO,ES,Federal Contract Tower,0,0,4,1,5,0,0,26,0,26,0,0,30,1,31,44,0,44,75
06/20/2010,TCL,AL,ASO,ES,Federal Contract Tower,0,4,10,1,15,0,0,32,3,35,0,4,42,4,50,52,0,52,102
06/21/2010,TCL,AL,ASO,ES,Federal Contract Tower,0,0,9,33,42,0,2,21,33,56,0,2,30,66,98,40,30,70,168
06/22/2010,TCL,AL,ASO,ES,Federal Contract Tower,0,5,21,29,55,0,2,136,6,144,0,7,157,35,199,258,0,258,457
06/23/2010,TCL,AL,ASO,ES,Federal Contract Tower,0,0,19,22,41,0,0,37,28,65,0,0,56,50,106,38,0,38,144
06/24/2010,TCL,AL,ASO,ES,Federal Contract Tower,0,1,25,22,48,0,0,45,11,56,0,1,70,33,104,38,0,38,142
06/25/2010,TCL,AL,ASO,ES,Federal Contract Tower,0,3,33,12,48,0,0,25,6,31,0,3,58,18,79,34,0,34,113
06/26/2010,TCL,AL,ASO,ES,Federal Contract Tower,0,1,21,9,31,0,0,23,1,24,0,1,44,10,55,12,0,12,67
06/27/2010,TCL,AL,ASO,ES,Federal Contract Tower,0,2,20,18,40,0,0,21,8,29,0,2,41,26,69,30,8,38,107
06/28/2010,TCL,AL,ASO,ES,Federal Contract Tower,0,0,14,26,40,0,2,28,14,44,0,2,42,40,84,20,0,20,104
06/29/2010,TCL,AL,ASO,ES,Federal Contract Tower,0,2,23,33,58,0,0,47,7,54,0,2,70,40,112,62,0,62,174
06/30/2010,TCL,AL,ASO,ES,Federal Contract Tower,0,2,26,16,44,0,0,35,5,40,0,2,61,21,84,50,0,50,134
07/01/2010,TCL,AL,ASO,ES,Federal Contract Tower,0,8,22,25,55,0,0,30,11,41,0,8,52,36,96,26,4,30,126
07/02/2010,TCL,AL,ASO,ES,Federal Contract Tower,0,9,14,2,25,0,2,37,7,46,0,11,51,9,71,38,0,38,109
07/03/2010,TCL,AL,ASO,ES,Federal Contract Tower,0,1,15,0,16,0,0,26,0,26,0,1,41,0,42,30,0,30,72
07/04/2010,TCL,AL,ASO,ES,Federal Contract Tower,0,2,4,0,6,0,0,9,0,9,0,2,13,0,15,8,0,8,23
07/05/2010,TCL,AL,ASO,ES,Federal Contract Tower,0,2,16,5,23,0,2,34,1,37,0,4,50,6,60,88,0,88,148
07/06/2010,TCL,AL,ASO,ES,Federal Contract Tower,0,0,17,26,43,0,0,37,10,47,0,0,54,36,90,30,0,30,120
07/07/2010,TCL,AL,ASO,ES,Federal Contract Tower,0,0,30,24,54,0,0,45,4,49,0,0,75,28,103,34,2,36,139
07/08/2010,TCL,AL,ASO,ES,Federal Contract Tower,0,2,25,21,48,0,0,46,2,48,0,2,71,23,96,56,2,58,154
07/09/2010,TCL,AL,ASO,ES,Federal Contract Tower,0,2,24,35,61,0,0,30,10,40,0,2,54,45,101,58,0,58,159
07/10/2010,TCL,AL,ASO,ES,Federal Contract Tower,0,0,33,18,51,0,0,14,0,14,0,0,47,18,65,14,0,14,79
07/11/2010,TCL,AL,ASO,ES,Federal Contract Tower,0,0,20,19,39,0,0,17,2,19,0,0,37,21,58,26,0,26,84
07/12/2010,TCL,AL,ASO,ES,Federal Contract Tower,0,1,18,2,21,0,0,26,13,39,0,1,44,15,60,56,0,56,116
07/13/2010,TCL,AL,ASO,ES,Federal Contract Tower,0,8,25,19,52,0,0,36,6,42,0,8,61,25,94,24,4,28,122
07/14/2010,TCL,AL,ASO,ES,Federal Contract Tower,0,4,23,25,52,0,1,14,21,36,0,5,37,46,88,70,0,70,158
07/15/2010,TCL,AL,ASO,ES,Federal Contract Tower,0,1,21,35,57,0,0,34,10,44,0,1,55,45,101,34,0,34,135
07/16/2010,TCL,AL,ASO,ES,Federal Contract Tower,0,4,21,21,46,0,0,19,4,23,0,4,40,25,69,56,0,56,125
07/17/2010,TCL,AL,ASO,ES,Federal Contract Tower,0,2,22,4,28,0,1,5,1,7,0,3,27,5,35,0,0,0,35
07/18/2010,TCL,AL,ASO,ES,Federal Contract Tower,0,4,15,13,32,0,0,13,0,13,0,4,28,13,45,38,0,38,83
07/19/2010,TCL,AL,ASO,ES,Federal Contract Tower,0,0,24,38,62,0,0,30,10,40,0,0,54,48,102,76,12,88,190
07/20/2010,TCL,AL,ASO,ES,Federal Contract Tower,0,3,18,28,49,0,0,31,26,57,0,3,49,54,106,40,0,40,146
07/21/2010,TCL,AL,ASO,ES,Federal Contract Tower,0,6,25,36,67,0,4,42,5,51,0,10,67,41,118,64,16,80,198
07/22/2010,TCL,AL,ASO,ES,Federal Contract Tower,0,3,18,43,64,0,0,40,6,46,0,3,58,49,110,110,8,118,228
07/23/2010,TCL,AL,ASO,ES,Federal Contract Tower,0,4,23,46,73,0,2,44,15,61,0,6,67,61,134,60,10,70,204
07/24/2010,TCL,AL,ASO,ES,Federal Contract Tower,0,0,11,5,16,0,0,17,13,30,0,0,28,18,46,40,10,50,96
07/25/2010,TCL,AL,ASO,ES,Federal Contract Tower,0,0,20,4,24,0,0,35,8,43,0,0,55,12,67,20,6,26,93
07/26/2010,TCL,AL,ASO,ES,Federal Contract Tower,0,3,11,29,43,0,0,38,18,56,0,3,49,47,99,46,18,64,163
07/27/2010,TCL,AL,ASO,ES,Federal Contract Tower,0,0,35,39,74,0,0,17,25,42,0,0,52,64,116,10,6,16,132
07/28/2010,TCL,AL,ASO,ES,Federal Contract Tower,0,3,24,48,75,0,0,37,37,74,0,3,61,85,149,76,30,106,255
07/29/2010,TCL,AL,ASO,ES,Federal Contract Tower,0,2,27,46,75,0,1,26,25,52,0,3,53,71,127,74,22,96,223
07/30/2010,TCL,AL,ASO,ES,Federal Contract Tower,0,2,16,41,59,0,0,30,23,53,0,2,46,64,112,74,28,102,214
07/31/2010,TCL,AL,ASO,ES,Federal Contract Tower,0,2,9,14,25,0,0,26,4,30,0,2,35,18,55,22,0,22,77
08/01/2010,TCL,AL,ASO,ES,Federal Contract Tower,0,1,17,14,32,0,1,30,2,33,0,2,47,16,65,60,16,76,141
08/02/2010,TCL,AL,ASO,ES,Federal Contract Tower,0,1,12,29,42,0,0,27,28,55,0,1,39,57,97,42,0,42,139
08/03/2010,TCL,AL,ASO,ES,Federal Contract Tower,0,3,18,44,65,0,0,18,17,35,0,3,36,61,100,36,14,50,150
08/04/2010,TCL,AL,ASO,ES,Federal Contract Tower,0,3,17,47,67,0,3,40,33,76,0,6,57,80,143,38,20,58,201
08/05/2010,TCL,AL,ASO,ES,Federal Contract Tower,0,5,20,43,68,0,0,28,21,49,0,5,48,64,117,26,6,32,149
08/06/2010,TCL,AL,ASO,ES,Federal Contract Tower,0,7,26,48,81,0,2,18,5,25,0,9,44,53,106,24,0,24,130
08/07/2010,TCL,AL,ASO,ES,Federal Contract Tower,1,0,20,3,24,0,0,8,2,10,1,0,28,5,34,8,0,8,42
08/08/2010,TCL,AL,ASO,ES,Federal Contract Tower,0,3,28,15,46,0,2,40,4,46,0,5,68,19,92,50,8,58,150
08/09/2010,TCL,AL,ASO,ES,Federal Contract Tower,0,5,22,36,63,0,2,22,20,44,0,7,44,56,107,66,46,112,219
08/10/2010,TCL,AL,ASO,ES,Federal Contract Tower,0,5,20,18,43,0,6,43,27,76,0,11,63,45,119,86,18,104,223
08/11/2010,TCL,AL,ASO,ES,Federal Contract Tower,0,4,18,25,47,0,3,37,8,48,0,7,55,33,95,80,4,84,179
08/12/2010,TCL,AL,ASO,ES,Federal Contract Tower,0,7,32,35,74,0,0,35,14,49,0,7,67,49,123,66,6,72,195
08/13/2010,TCL,AL,ASO,ES,Federal Contract Tower,0,9,13,22,44,0,0,18,13,31,0,9,31,35,75,44,14,58,133
08/14/2010,TCL,AL,ASO,ES,Federal Contract Tower,1,7,11,0,19,0,0,14,0,14,1,7,25,0,33,18,0,18,51
08/15/2010,TCL,AL,ASO,ES,Federal Contract Tower,1,2,16,13,32,0,0,29,0,29,1,2,45,13,61,28,0,28,89
08/16/2010,TCL,AL,ASO,ES,Federal Contract Tower,0,4,16,19,39,0,0,34,20,54,0,4,50,39,93,62,0,62,155
08/17/2010,TCL,AL,ASO,ES,Federal Contract Tower,0,2,20,27,49,0,4,22,25,51,0,6,42,52,100,39,0,39,139
08/18/2010,TCL,AL,ASO,ES,Federal Contract Tower,0,3,20,32,55,0,4,37,17,58,0,7,57,49,113,6,22,28,141
08/19/2010,TCL,AL,ASO,ES,Federal Contract Tower,0,10,27,25,62,0,0,14,5,19,0,10,41,30,81,26,4,30,111
08/20/2010,TCL,AL,ASO,ES,Federal Contract Tower,0,5,35,16,56,0,0,21,30,51,0,5,56,46,107,24,0,24,131
08/21/2010,TCL,AL,ASO,ES,Federal Contract Tower,0,8,11,1,20,0,0,20,0,20,0,8,31,1,40,46,0,46,86
08/22/2010,TCL,AL,ASO,ES,Federal Contract Tower,0,0,15,13,28,0,0,16,22,38,0,0,31,35,66,10,4,14,80
08/23/2010,TCL,AL,ASO,ES,Federal Contract Tower,0,0,36,32,68,0,0,46,14,60,0,0,82,46,128,66,12,78,206
08/24/2010,TCL,AL,ASO,ES,Federal Contract Tower,0,2,22,28,52,0,0,46,35,81,0,2,68,63,133,76,8,84,217
08/25/2010,TCL,AL,ASO,ES,Federal Contract Tower,0,5,27,37,69,0,1,33,12,46,0,6,60,49,115,54,4,58,173
08/26/2010,TCL,AL,ASO,ES,Federal Contract Tower,0,5,11,22,38,0,1,39,24,64,0,6,50,46,102,36,4,40,142
08/27/2010,TCL,AL,ASO,ES,Federal Contract Tower,0,4,23,30,57,0,0,24,9,33,0,4,47,39,90,38,6,44,134
08/28/2010,TCL,AL,ASO,ES,Federal Contract Tower,0,3,21,0,24,0,0,21,4,25,0,3,42,4,49,72,18,90,139
08/29/2010,TCL,AL,ASO,ES,Federal Contract Tower,0,2,20,3,25,0,0,41,2,43,0,2,61,5,68,48,0,48,116
08/30/2010,TCL,AL,ASO,ES,Federal Contract Tower,0,0,16,40,56,0,0,69,27,96,0,0,85,67,152,50,0,50,202
08/31/2010,TCL,AL,ASO,ES,Federal Contract Tower,0,4,25,35,64,0,0,75,11,86,0,4,100,46,150,54,0,54,204
09/01/2010,TCL,AL,ASO,ES,Federal Contract Tower,0,6,27,37,70,0,0,47,14,61,0,6,74,51,131,64,0,64,195
09/02/2010,TCL,AL,ASO,ES,Federal Contract Tower,0,10,40,44,94,0,0,47,14,61,0,10,87,58,155,32,8,40,195
09/03/2010,TCL,AL,ASO,ES,Federal Contract Tower,0,10,26,40,76,0,0,27,21,48,0,10,53,61,124,90,0,90,214
09/04/2010,TCL,AL,ASO,ES,Federal Contract Tower,0,2,37,0,39,0,0,71,0,71,0,2,108,0,110,100,0,100,210
09/05/2010,TCL,AL,ASO,ES,Federal Contract Tower,0,2,23,20,45,0,2,48,2,52,0,4,71,22,97,62,8,70,167
09/06/2010,TCL,AL,ASO,ES,Federal Contract Tower,0,5,25,2,32,0,0,49,4,53,0,5,74,6,85,70,0,70,155
09/07/2010,TCL,AL,ASO,ES,Federal Contract Tower,0,0,29,29,58,0,1,47,25,73,0,1,76,54,131,126,0,126,257
09/08/2010,TCL,AL,ASO,ES,Federal Contract Tower,0,3,20,19,42,0,0,33,28,61,0,3,53,47,103,88,0,88,191
09/09/2010,TCL,AL,ASO,ES,Federal Contract Tower,0,7,44,22,73,0,2,26,33,61,0,9,70,55,134,50,0,50,184
09/10/2010,TCL,AL,ASO,ES,Federal Contract Tower,0,3,39,35,77,0,0,32,36,68,0,3,71,71,145,44,4,48,193
09/11/2010,TCL,AL,ASO,ES,Federal Contract Tower,4,17,167,3,191,0,0,75,14,89,4,17,242,17,280,104,0,104,384
09/12/2010,TCL,AL,ASO,ES,Federal Contract Tower,0,9,56,13,78,0,2,53,4,59,0,11,109,17,137,58,2,60,197
09/13/2010,TCL,AL,ASO,ES,Federal Contract Tower,0,1,18,39,58,0,0,27,19,46,0,1,45,58,104,104,0,104,208
09/14/2010,TCL,AL,ASO,ES,Federal Contract Tower,0,3,28,41,72,0,0,49,22,71,0,3,77,63,143,66,16,82,225
09/15/2010,TCL,AL,ASO,ES,Federal Contract Tower,0,3,18,31,52,0,0,36,22,58,0,3,54,53,110,56,6,62,172
09/16/2010,TCL,AL,ASO,ES,Federal Contract Tower,0,3,22,40,65,0,0,33,27,60,0,3,55,67,125,100,14,114,239
09/17/2010,TCL,AL,ASO,ES,Federal Contract Tower,2,6,24,33,65,0,1,33,20,54,2,7,57,53,119,44,10,54,173
09/18/2010,TCL,AL,ASO,ES,Federal Contract Tower,0,3,5,2,10,0,2,38,2,42,0,5,43,4,52,56,0,56,108
09/19/2010,TCL,AL,ASO,ES,Federal Contract Tower,0,4,25,10,39,0,0,45,2,47,0,4,70,12,86,38,0,38,124
09/20/2010,TCL,AL,ASO,ES,Federal Contract Tower,0,0,10,31,41,0,2,32,27,61,0,2,42,58,102,70,0,70,172
09/21/2010,TCL,AL,ASO,ES,Federal Contract Tower,0,2,15,28,45,0,0,39,30,69,0,2,54,58,114,79,6,85,199
09/22/2010,TCL,AL,ASO,ES,Federal Contract Tower,3,9,27,19,58,0,0,55,34,89,3,9,82,53,147,74,40,114,261
09/23/2010,TCL,AL,ASO,ES,Federal Contract Tower,0,9,37,25,71,0,1,36,20,57,0,10,73,45,128,104,14,118,246
09/24/2010,TCL,AL,ASO,ES,Federal Contract Tower,3,14,32,39,88,0,0,43,25,68,3,14,75,64,156,108,18,126,282
09/25/2010,TCL,AL,ASO,ES,Federal Contract Tower,0,9,14,8,31,0,0,18,6,24,0,9,32,14,55,74,0,74,129
09/26/2010,TCL,AL,ASO,ES,Federal Contract Tower,2,3,27,6,38,0,2,5,0,7,2,5,32,6,45,12,0,12,57
09/27/2010,TCL,AL,ASO,ES,Federal Contract Tower,2,3,16,22,43,0,0,20,4,24,2,3,36,26,67,68,0,68,135
09/28/2010,TCL,AL,ASO,ES,Federal Contract Tower,0,4,16,37,57,0,0,39,15,54,0,4,55,52,111,100,6,106,217
09/29/2010,TCL,AL,ASO,ES,Federal Contract Tower,0,4,16,42,62,0,0,36,13,49,0,4,52,55,111,58,8,66,177
09/30/2010,TCL,AL,ASO,ES,Federal Contract Tower,0,5,28,28,61,0,0,58,49,107,0,5,86,77,168,44,16,60,228
10/01/2010,TCL,AL,ASO,ES,Federal Contract Tower,0,12,53,40,105,0,0,46,10,56,0,12,99,50,161,60,8,68,229
10/02/2010,TCL,AL,ASO,ES,Federal Contract Tower,6,21,182,0,209,0,0,93,12,105,6,21,275,12,314,121,0,121,435
10/03/2010,TCL,AL,ASO,ES,Federal Contract Tower,0,13,58,12,83,0,1,70,4,75,0,14,128,16,158,40,0,40,198
10/04/2010,TCL,AL,ASO,ES,Federal Contract Tower,0,3,21,25,49,0,0,34,28,62,0,3,55,53,111,76,0,76,187
10/05/2010,TCL,AL,ASO,ES,Federal Contract Tower,0,5,20,21,46,0,1,41,22,64,0,6,61,43,110,72,0,72,182
10/06/2010,TCL,AL,ASO,ES,Federal Contract Tower,0,0,19,37,56,0,0,32,22,54,0,0,51,59,110,74,6,80,190
10/07/2010,TCL,AL,ASO,ES,Federal Contract Tower,0,5,42,26,73,0,0,31,12,43,0,5,73,38,116,38,4,42,158
10/08/2010,TCL,AL,ASO,ES,Federal Contract Tower,2,5,33,37,77,0,3,40,15,58,2,8,73,52,135,70,0,70,205
10/09/2010,TCL,AL,ASO,ES,Federal Contract Tower,0,6,11,2,19,0,0,20,2,22,0,6,31,4,41,42,20,62,103
10/10/2010,TCL,AL,ASO,ES,Federal Contract Tower,2,2,14,10,28,0,0,52,2,54,2,2,66,12,82,50,0,50,132
10/11/2010,TCL,AL,ASO,ES,Federal Contract Tower,0,1,15,0,16,0,0,31,0,31,0,1,46,0,47,44,0,44,91
10/12/2010,TCL,AL,ASO,ES,Federal Contract Tower,0,7,13,28,48,0,0,23,30,53,0,7,36,58,101,2,0,2,103
10/13/2010,TCL,AL,ASO,ES,Federal Contract Tower,2,2,27,40,71,0,2,20,14,36,2,4,47,54,107,28,0,28,135
10/14/2010,TCL,AL,ASO,ES,Federal Contract Tower,0,0,32,21,53,0,0,26,19,45,0,0,58,40,98,52,0,52,150
10/15/2010,TCL,AL,ASO,ES,Federal Contract Tower,1,11,45,42,99,0,0,63,6,69,1,11,108,48,168,66,10,76,244
10/16/2010,TCL,AL,ASO,ES,Federal Contract Tower,0,3,65,0,68,0,2,77,0,79,0,5,142,0,147,90,0,90,237
10/17/2010,TCL,AL,ASO,ES,Federal Contract Tower,1,9,35,6,51,0,0,43,0,43,1,9,78,6,94,72,0,72,166
10/18/2010,TCL,AL,ASO,ES,Federal Contract Tower,0,3,22,54,79,0,0,30,25,55,0,3,52,79,134,50,2,52,186
10/19/2010,TCL,AL,ASO,ES,Federal Contract Tower,0,2,31,38,71,0,0,39,18,57,0,2,70,56,128,66,6,72,200
10/20/2010,TCL,AL,ASO,ES,Federal Contract Tower,0,2,20,42,64,0,0,37,16,53,0,2,57,58,117,38,2,40,157
10/21/2010,TCL,AL,ASO,ES,Federal Contract Tower,0,2,17,40,59,0,0,35,12,47,0,2,52,52,106,72,0,72,178
10/22/2010,TCL,AL,ASO,ES,Federal Contract Tower,2,0,37,27,66,0,2,37,12,51,2,2,74,39,117,32,4,36,153
10/23/2010,TCL,AL,ASO,ES,Federal Contract Tower,0,3,7,8,18,0,0,21,15,36,0,3,28,23,54,40,2,42,96
10/24/2010,TCL,AL,ASO,ES,Federal Contract Tower,2,1,25,10,38,0,0,39,0,39,2,1,64,10,77,54,2,56,133
10/25/2010,TCL,AL,ASO,ES,Federal Contract Tower,0,2,23,62,87,0,0,18,28,46,0,2,41,90,133,42,8,50,183
10/26/2010,TCL,AL,ASO,ES,Federal Contract Tower,0,2,21,10,33,0,0,8,0,8,0,2,29,10,41,8,0,8,49
10/27/2010,TCL,AL,ASO,ES,Federal Contract Tower,0,3,18,16,37,0,0,11,0,11,0,3,29,16,48,8,0,8,56
10/28/2010,TCL,AL,ASO,ES,Federal Contract Tower,0,5,36,56,97,0,0,45,28,73,0,5,81,84,170,84,0,84,254
10/29/2010,TCL,AL,ASO,ES,Federal Contract Tower,0,5,24,45,74,0,2,43,10,55,0,7,67,55,129,54,0,54,183
10/30/2010,TCL,AL,ASO,ES,Federal Contract Tower,0,2,11,0,13,0,4,38,2,44,0,6,49,2,57,77,24,101,158
10/31/2010,TCL,AL,ASO,ES,Federal Contract Tower,0,4,23,4,31,0,0,37,1,38,0,4,60,5,69,64,0,64,133
11/01/2010,TCL,AL,ASO,ES,Federal Contract Tower,0,2,18,48,68,0,0,44,28,72,0,2,62,76,140,52,2,54,194
11/02/2010,TCL,AL,ASO,ES,Federal Contract Tower,0,2,12,4,18,0,0,5,0,5,0,2,17,4,23,8,0,8,31
11/03/2010,TCL,AL,ASO,ES,Federal Contract Tower,0,5,15,26,46,0,0,0,0,0,0,5,15,26,46,4,0,4,50
11/04/2010,TCL,AL,ASO,ES,Federal Contract Tower,0,11,29,36,76,0,0,22,16,38,0,11,51,52,114,32,24,56,170
11/05/2010,TCL,AL,ASO,ES,Federal Contract Tower,2,1,41,42,86,0,0,26,30,56,2,1,67,72,142,26,14,40,182
11/06/2010,TCL,AL,ASO,ES,Federal Contract Tower,0,4,11,6,21,0,0,25,2,27,0,4,36,8,48,38,44,82,130
11/07/2010,TCL,AL,ASO,ES,Federal Contract Tower,2,3,27,6,38,0,0,50,0,50,2,3,77,6,88,50,0,50,138
11/08/2010,TCL,AL,ASO,ES,Federal Contract Tower,0,1,31,34,66,0,0,42,37,79,0,1,73,71,145,94,10,104,249
11/09/2010,TCL,AL,ASO,ES,Federal Contract Tower,0,0,25,18,43,0,2,46,36,84,0,2,71,54,127,90,0,90,217
11/10/2010,TCL,AL,ASO,ES,Federal Contract Tower,0,0,40,44,84,0,0,30,36,66,0,0,70,80,150,44,0,44,194
11/11/2010,TCL,AL,ASO,ES,Federal Contract Tower,0,3,33,0,36,0,0,51,0,51,0,3,84,0,87,78,0,78,165
11/12/2010,TCL,AL,ASO,ES,Federal Contract Tower,0,6,33,37,76,0,0,42,20,62,0,6,75,57,138,78,12,90,228
11/13/2010,TCL,AL,ASO,ES,Federal Contract Tower,0,10,52,12,74,0,0,57,4,61,0,10,109,16,135,74,0,74,209
11/14/2010,TCL,AL,ASO,ES,Federal Contract Tower,0,8,49,2,59,0,0,16,2,18,0,8,65,4,77,52,0,52,129
11/15/2010,TCL,AL,ASO,ES,Federal Contract Tower,0,4,17,16,37,0,0,0,0,0,0,4,17,16,37,0,0,0,37
11/16/2010,TCL,AL,ASO,ES,Federal Contract Tower,1,4,12,16,33,0,0,3,0,3,1,4,15,16,36,22,0,22,58
11/17/2010,TCL,AL,ASO,ES,Federal Contract Tower,4,7,30,26,67,0,0,41,4,45,4,7,71,30,112,26,0,26,138
11/18/2010,TCL,AL,ASO,ES,Federal Contract Tower,2,7,71,35,115,0,2,35,2,39,2,9,106,37,154,118,0,118,272
11/19/2010,TCL,AL,ASO,ES,Federal Contract Tower,0,6,32,31,69,0,2,38,3,43,0,8,70,34,112,70,10,80,192
11/20/2010,TCL,AL,ASO,ES,Federal Contract Tower,0,2,6,2,10,0,1,48,11,60,0,3,54,13,70,60,0,60,130
11/21/2010,TCL,AL,ASO,ES,Federal Contract Tower,0,0,20,7,27,0,0,20,1,21,0,0,40,8,48,44,18,62,110
11/22/2010,TCL,AL,ASO,ES,Federal Contract Tower,1,3,17,15,36,0,1,33,24,58,1,4,50,39,94,112,0,112,206
11/23/2010,TCL,AL,ASO,ES,Federal Contract Tower,2,3,28,20,53,0,2,2,0,4,2,5,30,20,57,34,8,42,99
11/24/2010,TCL,AL,ASO,ES,Federal Contract Tower,1,12,32,18,63,0,0,15,8,23,1,12,47,26,86,10,0,10,96
11/25/2010,TCL,AL,ASO,ES,Federal Contract Tower,0,4,10,0,14,0,0,25,0,25,0,4,35,0,39,12,0,12,51
11/26/2010,TCL,AL,ASO,ES,Federal Contract Tower,0,27,132,0,159,0,0,51,0,51,0,27,183,0,210,38,0,38,248
11/27/2010,TCL,AL,ASO,ES,Federal Contract Tower,0,12,43,0,55,0,0,40,0,40,0,12,83,0,95,98,0,98,193
11/28/2010,TCL,AL,ASO,ES,Federal Contract Tower,2,4,37,0,43,0,0,31,0,31,2,4,68,0,74,86,0,86,160
11/29/2010,TCL,AL,ASO,ES,Federal Contract Tower,0,1,22,6,29,0,0,8,2,10,0,1,30,8,39,18,0,18,57
11/30/2010,TCL,AL,ASO,ES,Federal Contract Tower,0,1,12,4,17,0,0,0,0,0,0,1,12,4,17,0,0,0,17
12/01/2010,TCL,AL,ASO,ES,Federal Contract Tower,0,1,18,40,59,0,0,49,12,61,0,1,67,52,120,70,6,76,196
12/02/2010,TCL,AL,ASO,ES,Federal Contract Tower,0,2,28,37,67,0,1,60,39,100,0,3,88,76,167,38,6,44,211
12/03/2010,TCL,AL,ASO,ES,Federal Contract Tower,2,3,23,12,40,0,3,39,6,48,2,6,62,18,88,78,0,78,166
12/04/2010,TCL,AL,ASO,ES,Federal Contract Tower,0,0,11,0,11,0,0,13,0,13,0,0,24,0,24,50,0,50,74
12/05/2010,TCL,AL,ASO,ES,Federal Contract Tower,2,2,11,0,15,0,0,9,6,15,2,2,20,6,30,24,0,24,54
12/06/2010,TCL,AL,ASO,ES,Federal Contract Tower,0,1,17,42,60,0,0,22,18,40,0,1,39,60,100,62,0,62,162
12/07/2010,TCL,AL,ASO,ES,Federal Contract Tower,0,1,28,50,79,0,2,31,32,65,0,3,59,82,144,88,0,88,232
12/08/2010,TCL,AL,ASO,ES,Federal Contract Tower,0,3,36,58,97,0,0,28,28,56,0,3,64,86,153,58,0,58,211
12/09/2010,TCL,AL,ASO,ES,Federal Contract Tower,2,9,40,21,72,0,0,69,58,127,2,9,109,79,199,48,6,54,253
12/10/2010,TCL,AL,ASO,ES,Federal Contract Tower,0,3,23,40,66,0,0,37,22,59,0,3,60,62,125,146,0,146,271
12/11/2010,TCL,AL,ASO,ES,Federal Contract Tower,0,2,21,2,25,0,1,10,0,11,0,3,31,2,36,32,0,32,68
12/12/2010,TCL,AL,ASO,ES,Federal Contract Tower,0,0,11,0,11,0,0,8,0,8,0,0,19,0,19,8,0,8,27
12/13/2010,TCL,AL,ASO,ES,Federal Contract Tower,0,0,10,29,39,0,0,19,22,41,0,0,29,51,80,22,12,34,114
12/14/2010,TCL,AL,ASO,ES,Federal Contract Tower,0,3,22,44,69,0,0,25,26,51,0,3,47,70,120,100,0,100,220
12/15/2010,TCL,AL,ASO,ES,Federal Contract Tower,0,1,16,26,43,0,0,1,0,1,0,1,17,26,44,6,0,6,50
12/16/2010,TCL,AL,ASO,ES,Federal Contract Tower,0,6,15,12,33,0,0,3,6,9,0,6,18,18,42,4,0,4,46
12/17/2010,TCL,AL,ASO,ES,Federal Contract Tower,2,5,17,38,62,0,2,20,14,36,2,7,37,52,98,34,12,46,144
12/18/2010,TCL,AL,ASO,ES,Federal Contract Tower,1,2,10,0,13,0,1,30,0,31,1,3,40,0,44,78,0,78,122
12/19/2010,TCL,AL,ASO,ES,Federal Contract Tower,2,1,10,6,19,0,2,47,1,50,2,3,57,7,69,34,6,40,109
12/20/2010,TCL,AL,ASO,ES,Federal Contract Tower,1,1,15,22,39,0,0,26,18,44,1,1,41,40,83,48,4,52,135
12/21/2010,TCL,AL,ASO,ES,Federal Contract Tower,0,5,7,38,50,0,0,13,8,21,0,5,20,46,71,38,0,38,109
12/22/2010,TCL,AL,ASO,ES,Federal Contract Tower,0,1,15,16,32,0,0,17,0,17,0,1,32,16,49,80,0,80,129
12/23/2010,TCL,AL,ASO,ES,Federal Contract Tower,0,2,16,0,18,0,0,25,4,29,0,2,41,4,47,53,0,53,100
12/24/2010,TCL,AL,ASO,ES,Federal Contract Tower,0,0,4,0,4,0,0,13,0,13,0,0,17,0,17,50,0,50,67
12/25/2010,TCL,AL,ASO,ES,Federal Contract Tower,2,0,0,0,2,0,0,0,0,0,2,0,0,0,2,0,0,0,2
12/26/2010,TCL,AL,ASO,ES,Federal Contract Tower,0,0,4,0,4,0,0,0,0,0,0,0,4,0,4,8,0,8,12
12/27/2010,TCL,AL,ASO,ES,Federal Contract Tower,0,0,10,0,10,0,0,26,0,26,0,0,36,0,36,42,0,42,78
12/28/2010,TCL,AL,ASO,ES,Federal Contract Tower,0,3,11,9,23,0,1,35,1,37,0,4,46,10,60,20,2,22,82
12/29/2010,TCL,AL,ASO,ES,Federal Contract Tower,0,2,13,2,17,0,2,26,4,32,0,4,39,6,49,62,0,62,111
12/30/2010,TCL,AL,ASO,ES,Federal Contract Tower,0,2,20,0,22,0,0,11,2,13,0,2,31,2,35,28,0,28,63
12/31/2010,TCL,AL,ASO,ES,Federal Contract Tower,0,0,9,0,9,0,0,3,0,3,0,0,12,0,12,8,0,8,20
01/01/2011,TCL,AL,ASO,ES,Federal Contract Tower,0,0,8,0,8,0,0,0,0,0,0,0,8,0,8,8,0,8,16
01/02/2011,TCL,AL,ASO,ES,Federal Contract Tower,2,4,16,0,22,0,0,27,0,27,2,4,43,0,49,24,0,24,73
01/03/2011,TCL,AL,ASO,ES,Federal Contract Tower,0,4,24,4,32,0,4,30,0,34,0,8,54,4,66,74,0,74,140
01/04/2011,TCL,AL,ASO,ES,Federal Contract Tower,0,2,19,10,31,0,0,39,24,63,0,2,58,34,94,70,4,74,168
01/05/2011,TCL,AL,ASO,ES,Federal Contract Tower,2,0,32,18,52,0,0,2,6,8,2,0,34,24,60,0,0,0,60
01/06/2011,TCL,AL,ASO,ES,Federal Contract Tower,0,0,18,16,34,0,0,38,15,53,0,0,56,31,87,46,0,46,133
01/07/2011,TCL,AL,ASO,ES,Federal Contract Tower,2,2,22,18,44,0,0,15,32,47,2,2,37,50,91,22,8,30,121
01/08/2011,TCL,AL,ASO,ES,Federal Contract Tower,0,0,11,6,17,0,0,31,2,33,0,0,42,8,50,52,0,52,102
01/09/2011,TCL,AL,ASO,ES,Federal Contract Tower,0,0,11,8,19,0,0,3,10,13,0,0,14,18,32,28,0,28,60
01/10/2011,TCL,AL,ASO,ES,Federal Contract Tower,0,2,8,0,10,0,0,0,0,0,0,2,8,0,10,0,0,0,10
01/11/2011,TCL,AL,ASO,ES,Federal Contract Tower,0,1,8,20,29,0,0,11,0,11,0,1,19,20,40,20,0,20,60
01/12/2011,TCL,AL,ASO,ES,Federal Contract Tower,0,3,15,25,43,0,0,25,10,35,0,3,40,35,78,74,2,76,154
01/13/2011,TCL,AL,ASO,ES,Federal Contract Tower,2,3,25,31,61,0,0,40,1,41,2,3,65,32,102,78,12,90,192
01/14/2011,TCL,AL,ASO,ES,Federal Contract Tower,2,2,19,36,59,0,0,35,20,55,2,2,54,56,114,50,0,50,164
01/15/2011,TCL,AL,ASO,ES,Federal Contract Tower,2,10,11,9,32,0,0,16,7,23,2,10,27,16,55,38,8,46,101
01/16/2011,TCL,AL,ASO,ES,Federal Contract Tower,0,1,18,24,43,0,0,22,2,24,0,1,40,26,67,40,0,40,107
01/17/2011,TCL,AL,ASO,ES,Federal Contract Tower,1,1,17,4,23,0,0,21,0,21,1,1,38,4,44,34,0,34,78
01/18/2011,TCL,AL,ASO,ES,Federal Contract Tower,0,0,16,66,82,0,0,5,0,5,0,0,21,66,87,6,0,6,93
01/19/2011,TCL,AL,ASO,ES,Federal Contract Tower,0,1,29,41,71,0,0,16,3,19,0,1,45,44,90,58,0,58,148
01/20/2011,TCL,AL,ASO,ES,Federal Contract Tower,0,3,15,50,68,0,0,4,0,4,0,3,19,50,72,22,0,22,94
01/21/2011,TCL,AL,ASO,ES,Federal Contract Tower,0,3,18,30,51,0,0,33,22,55,0,3,51,52,106,40,10,50,156
01/22/2011,TCL,AL,ASO,ES,Federal Contract Tower,2,0,11,2,15,0,0,55,35,90,2,0,66,37,105,78,0,78,183
01/23/2011,TCL,AL,ASO,ES,Federal Contract Tower,1,0,14,25,40,0,0,44,7,51,1,0,58,32,91,64,8,72,163
01/24/2011,TCL,AL,ASO,ES,Federal Contract Tower,0,2,16,53,71,0,0,20,16,36,0,2,36,69,107,112,0,112,219
01/25/2011,TCL,AL,ASO,ES,Federal Contract Tower,0,4,16,0,20,0,0,0,0,0,0,4,16,0,20,2,0,2,22
01/26/2011,TCL,AL,ASO,ES,Federal Contract Tower,1,4,22,38,65,0,1,16,4,21,1,5,38,42,86,46,6,52,138
01/27/2011,TCL,AL,ASO,ES,Federal Contract Tower,0,5,33,18,56,0,0,34,20,54,0,5,67,38,110,74,4,78,188
01/28/2011,TCL,AL,ASO,ES,Federal Contract Tower,0,6,31,36,73,0,0,40,22,62,0,6,71,58,135,86,0,86,221
01/29/2011,TCL,AL,ASO,ES,Federal Contract Tower,1,1,7,24,33,0,0,42,22,64,1,1,49,46,97,44,2,46,143
01/30/2011,TCL,AL,ASO,ES,Federal Contract Tower,1,0,23,19,43,0,0,13,0,13,1,0,36,19,56,30,56,86,142
01/31/2011,TCL,AL,ASO,ES,Federal Contract Tower,0,4,13,54,71,0,0,3,0,3,0,4,16,54,74,50,0,50,124
02/01/2011,TCL,AL,ASO,ES,Federal Contract Tower,0,2,8,0,10,0,0,0,0,0,0,2,8,0,10,0,0,0,10
02/02/2011,TCL,AL,ASO,ES,Federal Contract Tower,0,4,15,28,47,0,0,28,34,62,0,4,43,62,109,24,10,34,143
02/03/2011,TCL,AL,ASO,ES,Federal Contract Tower,1,10,26,12,49,0,0,19,18,37,1,10,45,30,86,50,10,60,146
02/04/2011,TCL,AL,ASO,ES,Federal Contract Tower,1,6,9,0,16,0,0,0,0,0,1,6,9,0,16,0,0,0,16
02/05/2011,TCL,AL,ASO,ES,Federal Contract Tower,2,3,9,2,16,0,0,18,14,32,2,3,27,16,48,60,0,60,108
02/06/2011,TCL,AL,ASO,ES,Federal Contract Tower,0,1,9,10,20,0,0,34,15,49,0,1,43,25,69,78,4,82,151
02/07/2011,TCL,AL,ASO,ES,Federal Contract Tower,0,0,19,34,53,0,0,11,20,31,0,0,30,54,84,72,12,84,168
02/08/2011,TCL,AL,ASO,ES,Federal Contract Tower,0,3,14,14,31,0,0,43,36,79,0,3,57,50,110,76,0,76,186
02/09/2011,TCL,AL,ASO,ES,Federal Contract Tower,2,3,14,17,36,0,0,33,39,72,2,3,47,56,108,36,16,52,160
02/10/2011,TCL,AL,ASO,ES,Federal Contract Tower,0,5,18,22,45,0,0,6,2,8,0,5,24,24,53,72,0,72,125
02/11/2011,TCL,AL,ASO,ES,Federal Contract Tower,0,4,20,35,59,0,0,55,27,82,0,4,75,62,141,66,14,80,221
02/12/2011,TCL,AL,ASO,ES,Federal Contract Tower,2,0,10,6,18,0,0,46,6,52,2,0,56,12,70,42,4,46,116
02/13/2011,TCL,AL,ASO,ES,Federal Contract Tower,2,4,16,28,50,0,0,66,3,69,2,4,82,31,119,8,18,26,145
02/14/2011,TCL,AL,ASO,ES,Federal Contract Tower,0,3,18,18,39,0,2,41,32,75,0,5,59,50,114,114,0,114,228
02/15/2011,TCL,AL,ASO,ES,Federal Contract Tower,0,3,20,20,43,0,0,48,22,70,0,3,68,42,113,98,8,106,219
02/16/2011,TCL,AL,ASO,ES,Federal Contract Tower,2,3,18,26,49,0,0,33,24,57,2,3,51,50,106,92,10,102,208
02/17/2011,TCL,AL,ASO,ES,Federal Contract Tower,0,2,23,30,55,0,0,48,35,83,0,2,71,65,138,118,0,118,256
02/18/2011,TCL,AL,ASO,ES,Federal Contract Tower,2,2,29,44,77,0,0,36,18,54,2,2,65,62,131,64,16,80,211
02/19/2011,TCL,AL,ASO,ES,Federal Contract Tower,8,1,18,10,37,0,2,39,16,57,8,3,57,26,94,58,10,68,162
02/20/2011,TCL,AL,ASO,ES,Federal Contract Tower,0,1,41,1,43,0,2,36,9,47,0,3,77,10,90,60,0,60,150
02/21/2011,TCL,AL,ASO,ES,Federal Contract Tower,0,1,21,0,22,0,2,28,0,30,0,3,49,0,52,84,0,84,136
02/22/2011,TCL,AL,ASO,ES,Federal Contract Tower,1,0,19,22,42,0,2,51,48,101,1,2,70,70,143,64,12,76,219
02/23/2011,TCL,AL,ASO,ES,Federal Contract Tower,1,4,23,21,49,0,2,55,37,94,1,6,78,58,143,96,32,128,271
02/24/2011,TCL,AL,ASO,ES,Federal Contract Tower,0,4,32,21,57,0,0,12,10,22,0,4,44,31,79,48,0,48,127
02/25/2011,TCL,AL,ASO,ES,Federal Contract Tower,1,3,25,21,50,0,0,45,15,60,1,3,70,36,110,108,0,108,218
02/26/2011,TCL,AL,ASO,ES,Federal Contract Tower,1,2,12,6,21,0,2,48,7,57,1,4,60,13,78,112,4,116,194
02/27/2011,TCL,AL,ASO,ES,Federal Contract Tower,2,0,16,6,24,0,0,12,0,12,2,0,28,6,36,104,10,114,150
02/28/2011,TCL,AL,ASO,ES,Federal Contract Tower,2,2,22,8,34,0,0,12,0,12,2,2,34,8,46,0,0,0,46
03/01/2011,TCL,AL,ASO,ES,Federal Contract Tower,1,4,11,30,46,0,0,61,44,105,1,4,72,74,151,106,4,110,261
03/02/2011,TCL,AL,ASO,ES,Federal Contract Tower,1,3,17,10,31,0,2,64,30,96,1,5,81,40,127,70,0,70,197
03/03/2011,TCL,AL,ASO,ES,Federal Contract Tower,0,7,39,21,67,0,0,42,16,58,0,7,81,37,125,54,6,60,185
03/04/2011,TCL,AL,ASO,ES,Federal Contract Tower,2,13,36,29,80,0,0,19,15,34,2,13,55,44,114,58,0,58,172
03/05/2011,TCL,AL,ASO,ES,Federal Contract Tower,2,3,8,0,13,0,1,3,0,4,2,4,11,0,17,0,0,0,17
03/06/2011,TCL,AL,ASO,ES,Federal Contract Tower,0,5,30,0,35,0,1,11,2,14,0,6,41,2,49,10,0,10,59
03/07/2011,TCL,AL,ASO,ES,Federal Contract Tower,0,5,18,34,57,0,0,22,14,36,0,5,40,48,93,92,26,118,211
03/08/2011,TCL,AL,ASO,ES,Federal Contract Tower,0,4,18,6,28,0,0,8,10,18,0,4,26,16,46,0,0,0,46
03/09/2011,TCL,AL,ASO,ES,Federal Contract Tower,2,13,22,22,59,0,0,2,0,2,2,13,24,22,61,12,0,12,73
03/10/2011,TCL,AL,ASO,ES,Federal Contract Tower,0,2,30,16,48,0,0,39,5,44,0,2,69,21,92,18,0,18,110
03/11/2011,TCL,AL,ASO,ES,Federal Contract Tower,0,4,30,29,63,0,2,53,20,75,0,6,83,49,138,64,4,68,206
03/12/2011,TCL,AL,ASO,ES,Federal Contract Tower,0,0,16,6,22,0,0,136,8,144,0,0,152,14,166,106,2,108,274
03/13/2011,TCL,AL,ASO,ES,Federal Contract Tower,0,0,21,12,33,0,2,147,0,149,0,2,168,12,182,78,10,88,270
03/14/2011,TCL,AL,ASO,ES,Federal Contract Tower,0,1,14,3,18,0,0,79,6,85,0,1,93,9,103,48,0,48,151
03/15/2011,TCL,AL,ASO,ES,Federal Contract Tower,0,3,18,26,47,0,0,55,6,61,0,3,73,32,108,36,18,54,162
03/16/2011,TCL,AL,ASO,ES,Federal Contract Tower,0,4,26,32,62,0,4,39,35,78,0,8,65,67,140,72,0,72,212
03/17/2011,TCL,AL,ASO,ES,Federal Contract Tower,0,8,17,26,51,0,0,48,16,64,0,8,65,42,115,68,0,68,183
03/18/2011,TCL,AL,ASO,ES,Federal Contract Tower,0,9,27,22,58,0,2,35,20,57,0,11,62,42,115,46,0,46,161
03/19/2011,TCL,AL,ASO,ES,Federal Contract Tower,0,4,15,5,24,0,4,31,2,37,0,8,46,7,61,80,0,80,141
03/20/2011,TCL,AL,ASO,ES,Federal Contract Tower,0,0,24,6,30,0,2,45,4,51,0,2,69,10,81,114,10,124,205
03/21/2011,TCL,AL,ASO,ES,Federal Contract Tower,2,0,14,36,52,0,2,49,20,71,2,2,63,56,123,92,8,100,223
03/22/2011,TCL,AL,ASO,ES,Federal Contract Tower,2,12,27,48,89,0,0,52,14,66,2,12,79,62,155,102,6,108,263
03/23/2011,TCL,AL,ASO,ES,Federal Contract Tower,0,4,29,39,72,0,0,19,34,53,0,4,48,73,125,80,0,80,205
03/24/2011,TCL,AL,ASO,ES,Federal Contract Tower,0,8,23,20,51,0,2,40,10,52,0,10,63,30,103,120,0,120,223
03/25/2011,TCL,AL,ASO,ES,Federal Contract Tower,0,6,33,26,65,0,0,53,35,88,0,6,86,61,153,50,0,50,203
03/26/2011,TCL,AL,ASO,ES,Federal Contract Tower,1,1,15,4,21,0,10,24,0,34,1,11,39,4,55,10,8,18,73
03/27/2011,TCL,AL,ASO,ES,Federal Contract Tower,1,4,19,6,30,0,0,9,2,11,1,4,28,8,41,36,0,36,77
03/28/2011,TCL,AL,ASO,ES,Federal Contract Tower,0,9,17,39,65,0,0,7,2,9,0,9,24,41,74,14,12,26,100
03/29/2011,TCL,AL,ASO,ES,Federal Contract Tower,0,1,29,62,92,0,0,8,0,8,0,1,37,62,100,54,0,54,154
03/30/2011,TCL,AL,ASO,ES,Federal Contract Tower,0,2,23,22,47,0,0,0,0,0,0,2,23,22,47,2,0,2,49
03/31/2011,TCL,AL,ASO,ES,Federal Contract Tower,2,0,27,54,83,0,0,20,0,20,2,0,47,54,103,38,0,38,141
04/01/2011,TCL,AL,ASO,ES,Federal Contract Tower,2,0,19,38,59,0,1,24,16,41,2,1,43,54,100,64,0,64,164
04/02/2011,TCL,AL,ASO,ES,Federal Contract Tower,0,3,8,4,15,0,0,61,0,61,0,3,69,4,76,52,0,52,128
04/03/2011,TCL,AL,ASO,ES,Federal Contract Tower,2,3,15,10,30,0,2,27,1,30,2,5,42,11,60,62,0,62,122
04/04/2011,TCL,AL,ASO,ES,Federal Contract Tower,0,0,9,14,23,0,0,13,12,25,0,0,22,26,48,8,0,8,56
04/05/2011,TCL,AL,ASO,ES,Federal Contract Tower,0,3,28,25,56,0,2,22,26,50,0,5,50,51,106,60,0,60,166
04/06/2011,TCL,AL,ASO,ES,Federal Contract Tower,0,6,24,41,71,0,0,39,26,65,0,6,63,67,136,58,0,58,194
04/07/2011,TCL,AL,ASO,ES,Federal Contract Tower,0,9,31,48,88,0,0,21,19,40,0,9,52,67,128,118,6,124,252
04/08/2011,TCL,AL,ASO,ES,Federal Contract Tower,0,4,40,33,77,0,2,21,1,24,0,6,61,34,101,32,0,32,133
04/09/2011,TCL,AL,ASO,ES,Federal Contract Tower,0,0,17,0,17,0,4,29,2,35,0,4,46,2,52,64,0,64,116
04/10/2011,TCL,AL,ASO,ES,Federal Contract Tower,0,2,19,4,25,0,0,15,7,22,0,2,34,11,47,46,22,68,115
04/11/2011,TCL,AL,ASO,ES,Federal Contract Tower,0,0,25,34,59,0,0,13,20,33,0,0,38,54,92,12,0,12,104
04/12/2011,TCL,AL,ASO,ES,Federal Contract Tower,0,5,26,26,57,0,6,36,50,92,0,11,62,76,149,68,0,68,217
04/13/2011,TCL,AL,ASO,ES,Federal Contract Tower,0,5,21,31,57,0,0,70,23,93,0,5,91,54,150,76,0,76,226
04/14/2011,TCL,AL,ASO,ES,Federal Contract Tower,0,15,27,34,76,0,0,40,26,66,0,15,67,60,142,42,0,42,184
04/15/2011,TCL,AL,ASO,ES,Federal Contract Tower,2,11,14,0,27,0,0,4,0,4,2,11,18,0,31,32,0,32,63
04/16/2011,TCL,AL,ASO,ES,Federal Contract Tower,1,7,29,0,37,0,4,50,0,54,1,11,79,0,91,88,0,88,179
04/17/2011,TCL,AL,ASO,ES,Federal Contract Tower,0,3,27,1,31,0,0,51,7,58,0,3,78,8,89,28,0,28,117
04/18/2011,TCL,AL,ASO,ES,Federal Contract Tower,0,5,21,38,64,0,2,31,26,59,0,7,52,64,123,104,40,144,267
04/19/2011,TCL,AL,ASO,ES,Federal Contract Tower,1,8,30,34,73,0,0,21,33,54,1,8,51,67,127,36,2,38,165
04/20/2011,TCL,AL,ASO,ES,Federal Contract Tower,0,12,15,0,27,0,0,6,0,6,0,12,21,0,33,4,0,4,37
04/21/2011,TCL,AL,ASO,ES,Federal Contract Tower,2,9,30,8,49,0,0,9,0,9,2,9,39,8,58,22,0,22,80
04/22/2011,TCL,AL,ASO,ES,Federal Contract Tower,0,0,57,38,95,0,0,29,4,33,0,0,86,42,128,54,8,62,190
04/23/2011,TCL,AL,ASO,ES,Federal Contract Tower,0,2,10,0,12,0,0,31,13,44,0,2,41,13,56,64,0,64,120
04/24/2011,TCL,AL,ASO,ES,Federal Contract Tower,2,2,16,4,24,0,0,32,16,48,2,2,48,20,72,58,0,58,130
04/25/2011,TCL,AL,ASO,ES,Federal Contract Tower,0,6,26,36,68,0,2,35,14,51,0,8,61,50,119,60,2,62,181
04/26/2011,TCL,AL,ASO,ES,Federal Contract Tower,0,3,24,26,53,0,0,9,2,11,0,3,33,28,64,44,4,48,112
04/27/2011,TCL,AL,ASO,ES,Federal Contract Tower,0,6,17,8,31,0,0,9,0,9,0,6,26,8,40,2,0,2,42
04/28/2011,TCL,AL,ASO,ES,Federal Contract Tower,0,5,44,5,54,0,0,172,44,216,0,5,216,49,270,92,4,96,366
04/29/2011,TCL,AL,ASO,ES,Federal Contract Tower,0,4,34,6,44,0,0,66,21,87,0,4,100,27,131,104,8,112,243
04/30/2011,TCL,AL,ASO,ES,Federal Contract Tower,0,0,17,0,17,0,0,156,36,192,0,0,173,36,209,146,26,172,381
05/01/2011,TCL,AL,ASO,ES,Federal Contract Tower,0,0,26,8,34,0,0,75,11,86,0,0,101,19,120,58,0,58,178
05/02/2011,TCL,AL,ASO,ES,Federal Contract Tower,0,2,32,6,40,0,0,66,20,86,0,2,98,26,126,64,0,64,190
05/03/2011,TCL,AL,ASO,ES,Federal Contract Tower,0,0,26,12,38,0,0,2,0,2,0,0,28,12,40,0,0,0,40
05/04/2011,TCL,AL,ASO,ES,Federal Contract Tower,0,1,30,16,47,0,0,99,54,153,0,1,129,70,200,84,0,84,284
05/05/2011,TCL,AL,ASO,ES,Federal Contract Tower,0,5,31,28,64,0,0,97,58,155,0,5,128,86,219,68,0,68,287
05/06/2011,TCL,AL,ASO,ES,Federal Contract Tower,0,5,35,16,56,0,0,59,58,117,0,5,94,74,173,93,0,93,266
05/07/2011,TCL,AL,ASO,ES,Federal Contract Tower,0,3,10,0,13,0,1,76,5,82,0,4,86,5,95,88,0,88,183
05/08/2011,TCL,AL,ASO,ES,Federal Contract Tower,0,7,10,0,17,0,0,46,0,46,0,7,56,0,63,14,0,14,77
05/09/2011,TCL,AL,ASO,ES,Federal Contract Tower,0,2,26,28,56,0,2,34,29,65,0,4,60,57,121,38,0,38,159
05/10/2011,TCL,AL,ASO,ES,Federal Contract Tower,0,0,10,8,18,0,0,79,22,101,0,0,89,30,119,96,0,96,215
05/11/2011,TCL,AL,ASO,ES,Federal Contract Tower,0,4,27,27,58,0,0,70,35,105,0,4,97,62,163,42,0,42,205
05/12/2011,TCL,AL,ASO,ES,Federal Contract Tower,0,2,29,14,45,0,0,30,30,60,0,2,59,44,105,48,2,50,155
05/13/2011,TCL,AL,ASO,ES,Federal Contract Tower,0,0,24,4,28,0,0,16,6,22,0,0,40,10,50,20,0,20,70
05/14/2011,TCL,AL,ASO,ES,Federal Contract Tower,0,0,7,0,7,0,0,10,0,10,0,0,17,0,17,46,0,46,63
05/15/2011,TCL,AL,ASO,ES,Federal Contract Tower,0,2,28,8,38,0,0,27,7,34,0,2,55,15,72,70,40,110,182
05/16/2011,TCL,AL,ASO,ES,Federal Contract Tower,0,0,32,14,46,0,1,42,20,63,0,1,74,34,109,46,12,58,167
05/17/2011,TCL,AL,ASO,ES,Federal Contract Tower,0,1,24,14,39,0,0,53,32,85,0,1,77,46,124,64,0,64,188
05/18/2011,TCL,AL,ASO,ES,Federal Contract Tower,0,0,24,10,34,0,3,49,28,80,0,3,73,38,114,102,0,102,216
05/19/2011,TCL,AL,ASO,ES,Federal Contract Tower,0,2,31,28,61,0,2,57,8,67,0,4,88,36,128,48,0,48,176
05/20/2011,TCL,AL,ASO,ES,Federal Contract Tower,0,0,34,24,58,0,0,34,12,46,0,0,68,36,104,98,0,98,202
05/21/2011,TCL,AL,ASO,ES,Federal Contract Tower,0,0,25,5,30,0,0,20,1,21,0,0,45,6,51,16,0,16,67
05/22/2011,TCL,AL,ASO,ES,Federal Contract Tower,0,0,30,16,46,0,0,18,2,20,0,0,48,18,66,12,16,28,94
05/23/2011,TCL,AL,ASO,ES,Federal Contract Tower,0,3,26,28,57,0,0,37,10,47,0,3,63,38,104,76,0,76,180
05/24/2011,TCL,AL,ASO,ES,Federal Contract Tower,0,1,24,37,62,0,1,36,27,64,0,2,60,64,126,74,6,80,206
05/25/2011,TCL,AL,ASO,ES,Federal Contract Tower,0,0,31,20,51,0,0,24,20,44,0,0,55,40,95,36,0,36,131
05/26/2011,TCL,AL,ASO,ES,Federal Contract Tower,0,4,21,12,37,0,0,18,22,40,0,4,39,34,77,30,0,30,107
05/27/2011,TCL,AL,ASO,ES,Federal Contract Tower,0,8,35,19,62,0,0,41,36,77,0,8,76,55,139,132,6,138,277
05/28/2011,TCL,AL,ASO,ES,Federal Contract Tower,0,1,8,0,9,0,0,42,4,46,0,1,50,4,55,66,8,74,129
05/29/2011,TCL,AL,ASO,ES,Federal Contract Tower,0,0,8,0,8,0,0,25,0,25,0,0,33,0,33,20,0,20,53
05/30/2011,TCL,AL,ASO,ES,Federal Contract Tower,0,0,14,0,14,0,0,49,4,53,0,0,63,4,67,92,0,92,159
05/31/2011,TCL,AL,ASO,ES,Federal Contract Tower,2,3,29,34,68,0,0,57,28,85,2,3,86,62,153,76,0,76,229
06/01/2011,TCL,AL,ASO,ES,Federal Contract Tower,0,1,20,31,52,0,0,46,23,69,0,1,66,54,121,90,0,90,211
06/02/2011,TCL,AL,ASO,ES,Federal Contract Tower,0,4,20,26,50,0,0,53,18,71,0,4,73,44,121,65,2,67,188
06/03/2011,TCL,AL,ASO,ES,Federal Contract Tower,0,10,16,23,49,0,1,38,20,59,0,11,54,43,108,162,4,166,274
06/04/2011,TCL,AL,ASO,ES,Federal Contract Tower,4,4,6,0,14,0,3,59,0,62,4,7,65,0,76,24,0,24,100
06/05/2011,TCL,AL,ASO,ES,Federal Contract Tower,0,1,10,18,29,0,0,61,4,65,0,1,71,22,94,40,0,40,134
06/06/2011,TCL,AL,ASO,ES,Federal Contract Tower,2,1,9,37,49,0,0,39,20,59,2,1,48,57,108,82,20,102,210
06/07/2011,TCL,AL,ASO,ES,Federal Contract Tower,0,7,25,35,67,0,0,45,36,81,0,7,70,71,148,76,0,76,224
06/08/2011,TCL,AL,ASO,ES,Federal Contract Tower,0,4,30,36,70,0,0,36,10,46,0,4,66,46,116,86,0,86,202
06/09/2011,TCL,AL,ASO,ES,Federal Contract Tower,0,5,32,44,81,0,0,34,17,51,0,5,66,61,132,32,0,32,164
06/10/2011,TCL,AL,ASO,ES,Federal Contract Tower,0,3,26,20,49,0,0,32,10,42,0,3,58,30,91,16,2,18,109
06/11/2011,TCL,AL,ASO,ES,Federal Contract Tower,0,9,6,2,17,0,0,33,4,37,0,9,39,6,54,34,0,34,88
06/12/2011,TCL,AL,ASO,ES,Federal Contract Tower,0,6,23,7,36,0,4,33,11,48,0,10,56,18,84,66,12,78,162
06/13/2011,TCL,AL,ASO,ES,Federal Contract Tower,0,1,31,23,55,0,0,49,14,63,0,1,80,37,118,56,0,56,174
06/14/2011,TCL,AL,ASO,ES,Federal Contract Tower,0,7,18,52,77,0,0,33,24,57,0,7,51,76,134,34,0,34,168
06/15/2011,TCL,AL,ASO,ES,Federal Contract Tower,0,5,22,48,75,0,0,30,24,54,0,5,52,72,129,130,0,130,259
06/16/2011,TCL,AL,ASO,ES,Federal Contract Tower,1,5,25,16,47,0,0,38,12,50,1,5,63,28,97,82,0,82,179
06/17/2011,TCL,AL,ASO,ES,Federal Contract Tower,7,14,19,21,61,0,0,25,2,27,7,14,44,23,88,34,0,34,122
06/18/2011,TCL,AL,ASO,ES,Federal Contract Tower,0,4,10,14,28,0,10,28,37,75,0,14,38,51,103,38,0,38,141
06/19/2011,TCL,AL,ASO,ES,Federal Contract Tower,0,4,23,7,34,0,2,19,1,22,0,6,42,8,56,34,10,44,100
06/20/2011,TCL,AL,ASO,ES,Federal Contract Tower,0,10,17,32,59,0,0,24,18,42,0,10,41,50,101,78,0,78,179
06/21/2011,TCL,AL,ASO,ES,Federal Contract Tower,2,13,25,5,45,0,0,23,0,23,2,13,48,5,68,34,0,34,102
06/22/2011,TCL,AL,ASO,ES,Federal Contract Tower,0,2,29,7,38,0,0,11,0,11,0,2,40,7,49,22,0,22,71
06/23/2011,TCL,AL,ASO,ES,Federal Contract Tower,0,13,17,28,58,0,1,23,6,30,0,14,40,34,88,82,0,82,170
06/24/2011,TCL,AL,ASO,ES,Federal Contract Tower,2,10,13,25,50,0,1,37,11,49,2,11,50,36,99,34,0,34,133
06/25/2011,TCL,AL,ASO,ES,Federal Contract Tower,6,8,8,4,26,0,0,26,6,32,6,8,34,10,58,32,0,32,90
06/26/2011,TCL,AL,ASO,ES,Federal Contract Tower,0,4,12,2,18,0,0,20,6,26,0,4,32,8,44,42,0,42,86
06/27/2011,TCL,AL,ASO,ES,Federal Contract Tower,0,8,14,27,49,0,0,34,20,54,0,8,48,47,103,98,0,98,201
06/28/2011,TCL,AL,ASO,ES,Federal Contract Tower,2,19,14,26,61,0,0,29,6,35,2,19,43,32,96,64,0,64,160
06/29/2011,TCL,AL,ASO,ES,Federal Contract Tower,3,34,28,38,103,0,1,59,24,84,3,35,87,62,187,122,0,122,309
06/30/2011,TCL,AL,ASO,ES,Federal Contract Tower,9,18,25,33,85,0,1,52,24,77,9,19,77,57,162,234,0,234,396
07/01/2011,TCL,AL,ASO,ES,Federal Contract Tower,3,15,21,4,43,0,2,46,0,48,3,17,67,4,91,188,0,188,279
07/02/2011,TCL,AL,ASO,ES,Federal Contract Tower,0,0,9,3,12,0,1,27,5,33,0,1,36,8,45,52,0,52,97
07/03/2011,TCL,AL,ASO,ES,Federal Contract Tower,0,0,0,0,0,0,0,10,0,10,0,0,10,0,10,8,0,8,18
07/04/2011,TCL,AL,ASO,ES,Federal Contract Tower,0,1,9,0,10,0,0,36,4,40,0,1,45,4,50,38,0,38,88
07/05/2011,TCL,AL,ASO,ES,Federal Contract Tower,0,1,24,34,59,0,2,36,28,66,0,3,60,62,125,44,0,44,169
07/06/2011,TCL,AL,ASO,ES,Federal Contract Tower,1,2,29,24,56,0,2,39,14,55,1,4,68,38,111,52,4,56,167
07/07/2011,TCL,AL,ASO,ES,Federal Contract Tower,0,3,18,42,63,0,0,28,14,42,0,3,46,56,105,30,0,30,135
07/08/2011,TCL,AL,ASO,ES,Federal Contract Tower,0,0,30,28,58,0,0,27,51,78,0,0,57,79,136,50,2,52,188
07/09/2011,TCL,AL,ASO,ES,Federal Contract Tower,0,0,8,5,13,0,2,37,0,39,0,2,45,5,52,90,0,90,142
07/10/2011,TCL,AL,ASO,ES,Federal Contract Tower,0,2,22,4,28,0,0,35,3,38,0,2,57,7,66,22,14,36,102
07/11/2011,TCL,AL,ASO,ES,Federal Contract Tower,0,2,31,41,74,0,2,43,54,99,0,4,74,95,173,100,0,100,273
07/12/2011,TCL,AL,ASO,ES,Federal Contract Tower,0,1,24,32,57,0,0,29,44,73,0,1,53,76,130,86,0,86,216
07/13/2011,TCL,AL,ASO,ES,Federal Contract Tower,0,1,22,7,30,0,3,24,29,56,0,4,46,36,86,34,0,34,120
07/14/2011,TCL,AL,ASO,ES,Federal Contract Tower,0,3,28,11,42,0,0,41,24,65,0,3,69,35,107,116,0,116,223
07/15/2011,TCL,AL,ASO,ES,Federal Contract Tower,0,2,28,45,75,0,2,18,8,28,0,4,46,53,103,70,0,70,173
07/16/2011,TCL,AL,ASO,ES,Federal Contract Tower,0,1,10,11,22,0,0,14,28,42,0,1,24,39,64,32,0,32,96
07/17/2011,TCL,AL,ASO,ES,Federal Contract Tower,0,0,22,3,25,0,2,20,0,22,0,2,42,3,47,0,0,0,47
07/18/2011,TCL,AL,ASO,ES,Federal Contract Tower,0,2,18,29,49,0,2,51,16,69,0,4,69,45,118,78,0,78,196
07/19/2011,TCL,AL,ASO,ES,Federal Contract Tower,0,3,21,42,66,0,0,52,21,73,0,3,73,63,139,142,4,146,285
07/20/2011,TCL,AL,ASO,ES,Federal Contract Tower,0,1,28,7,36,0,0,30,29,59,0,1,58,36,95,72,0,72,167
07/21/2011,TCL,AL,ASO,ES,Federal Contract Tower,0,5,23,30,58,0,0,24,22,46,0,5,47,52,104,82,2,84,188
07/22/2011,TCL,AL,ASO,ES,Federal Contract Tower,0,4,33,22,59,0,0,24,20,44,0,4,57,42,103,52,18,70,173
07/23/2011,TCL,AL,ASO,ES,Federal Contract Tower,0,4,19,0,23,0,0,51,4,55,0,4,70,4,78,50,0,50,128
07/24/2011,TCL,AL,ASO,ES,Federal Contract Tower,0,0,15,2,17,0,0,9,2,11,0,0,24,4,28,8,8,16,44
07/25/2011,TCL,AL,ASO,ES,Federal Contract Tower,0,4,14,45,63,0,0,23,19,42,0,4,37,64,105,66,8,74,179
07/26/2011,TCL,AL,ASO,ES,Federal Contract Tower,0,8,24,41,73,0,0,12,53,65,0,8,36,94,138,50,6,56,194
07/27/2011,TCL,AL,ASO,ES,Federal Contract Tower,0,9,19,14,42,0,0,16,24,40,0,9,35,38,82,38,24,62,144
07/28/2011,TCL,AL,ASO,ES,Federal Contract Tower,0,7,11,12,30,0,0,21,10,31,0,7,32,22,61,44,0,44,105
07/29/2011,TCL,AL,ASO,ES,Federal Contract Tower,0,6,17,34,57,0,0,17,11,28,0,6,34,45,85,54,12,66,151
07/30/2011,TCL,AL,ASO,ES,Federal Contract Tower,0,5,14,1,20,0,2,15,5,22,0,7,29,6,42,12,6,18,60
07/31/2011,TCL,AL,ASO,ES,Federal Contract Tower,0,0,17,4,21,0,0,15,2,17,0,0,32,6,38,10,8,18,56
08/01/2011,TCL,AL,ASO,ES,Federal Contract Tower,0,1,7,22,30,0,0,23,18,41,0,1,30,40,71,58,8,66,137
08/02/2011,TCL,AL,ASO,ES,Federal Contract Tower,0,2,13,43,58,0,4,41,2,47,0,6,54,45,105,58,0,58,163
08/03/2011,TCL,AL,ASO,ES,Federal Contract Tower,0,5,25,21,51,0,0,40,9,49,0,5,65,30,100,66,0,66,166
08/04/2011,TCL,AL,ASO,ES,Federal Contract Tower,0,9,26,4,39,0,0,17,2,19,0,9,43,6,58,44,0,44,102
08/05/2011,TCL,AL,ASO,ES,Federal Contract Tower,0,6,25,10,41,0,0,20,14,34,0,6,45,24,75,24,0,24,99
08/06/2011,TCL,AL,ASO,ES,Federal Contract Tower,0,1,22,0,23,0,2,44,18,64,0,3,66,18,87,68,0,68,155
08/07/2011,TCL,AL,ASO,ES,Federal Contract Tower,0,3,21,3,27,0,0,22,5,27,0,3,43,8,54,24,4,28,82
08/08/2011,TCL,AL,ASO,ES,Federal Contract Tower,0,1,14,22,37,0,0,28,8,36,0,1,42,30,73,38,0,38,111
08/09/2011,TCL,AL,ASO,ES,Federal Contract Tower,0,7,21,10,38,0,0,24,7,31,0,7,45,17,69,44,8,52,121
08/10/2011,TCL,AL,ASO,ES,Federal Contract Tower,0,7,13,14,34,0,0,33,33,66,0,7,46,47,100,56,0,56,156
08/11/2011,TCL,AL,ASO,ES,Federal Contract Tower,0,12,25,10,47,0,0,17,22,39,0,12,42,32,86,54,0,54,140
08/12/2011,TCL,AL,ASO,ES,Federal Contract Tower,0,2,31,16,49,0,1,40,16,57,0,3,71,32,106,60,0,60,166
08/13/2011,TCL,AL,ASO,ES,Federal Contract Tower,0,1,10,2,13,0,2,47,0,49,0,3,57,2,62,30,0,30,92
08/14/2011,TCL,AL,ASO,ES,Federal Contract Tower,0,2,20,12,34,0,0,33,1,34,0,2,53,13,68,16,0,16,84
08/15/2011,TCL,AL,ASO,ES,Federal Contract Tower,0,2,23,16,41,0,1,16,30,47,0,3,39,46,88,136,4,140,228
08/16/2011,TCL,AL,ASO,ES,Federal Contract Tower,0,2,19,14,35,0,2,54,25,81,0,4,73,39,116,148,0,148,264
08/17/2011,TCL,AL,ASO,ES,Federal Contract Tower,0,1,25,20,46,0,1,41,16,58,0,2,66,36,104,136,0,136,240
08/18/2011,TCL,AL,ASO,ES,Federal Contract Tower,0,8,26,28,62,0,2,37,22,61,0,10,63,50,123,46,12,58,181
08/19/2011,TCL,AL,ASO,ES,Federal Contract Tower,0,1,20,16,37,0,0,56,31,87,0,1,76,47,124,86,6,92,216
08/20/2011,TCL,AL,ASO,ES,Federal Contract Tower,0,0,23,1,24,0,0,30,1,31,0,0,53,2,55,44,0,44,99
08/21/2011,TCL,AL,ASO,ES,Federal Contract Tower,0,0,22,21,43,0,0,25,4,29,0,0,47,25,72,46,0,46,118
08/22/2011,TCL,AL,ASO,ES,Federal Contract Tower,0,4,11,22,37,0,0,32,14,46,0,4,43,36,83,44,6,50,133
08/23/2011,TCL,AL,ASO,ES,Federal Contract Tower,0,8,24,23,55,0,0,37,28,65,0,8,61,51,120,64,0,64,184
08/24/2011,TCL,AL,ASO,ES,Federal Contract Tower,0,4,13,21,38,0,0,37,18,55,0,4,50,39,93,76,0,76,169
08/25/2011,TCL,AL,ASO,ES,Federal Contract Tower,2,13,25,25,65,0,0,36,29,65,2,13,61,54,130,60,0,60,190
08/26/2011,TCL,AL,ASO,ES,Federal Contract Tower,0,8,21,24,53,0,0,40,17,57,0,8,61,41,110,20,0,20,130
08/27/2011,TCL,AL,ASO,ES,Federal Contract Tower,0,2,4,0,6,0,3,43,1,47,0,5,47,1,53,56,0,56,109
08/28/2011,TCL,AL,ASO,ES,Federal Contract Tower,0,2,16,14,32,0,0,31,5,36,0,2,47,19,68,68,0,68,136
08/29/2011,TCL,AL,ASO,ES,Federal Contract Tower,0,2,27,22,51,0,0,39,24,63,0,2,66,46,114,78,6,84,198
08/30/2011,TCL,AL,ASO,ES,Federal Contract Tower,0,11,20,17,48,0,1,37,23,61,0,12,57,40,109,86,0,86,195
08/31/2011,TCL,AL,ASO,ES,Federal Contract Tower,2,14,17,20,53,0,0,34,8,42,2,14,51,28,95,64,0,64,159
09/01/2011,TCL,AL,ASO,ES,Federal Contract Tower,3,4,26,12,45,0,1,29,14,44,3,5,55,26,89,68,0,68,157
09/02/2011,TCL,AL,ASO,ES,Federal Contract Tower,1,12,23,27,63,0,0,31,16,47,1,12,54,43,110,66,16,82,192
09/03/2011,TCL,AL,ASO,ES,Federal Contract Tower,1,11,39,0,51,0,0,38,1,39,1,11,77,1,90,48,0,48,138
09/04/2011,TCL,AL,ASO,ES,Federal Contract Tower,0,1,10,0,11,0,0,5,0,5,0,1,15,0,16,24,0,24,40
09/05/2011,TCL,AL,ASO,ES,Federal Contract Tower,0,1,3,0,4,0,0,0,0,0,0,1,3,0,4,0,0,0,4
09/06/2011,TCL,AL,ASO,ES,Federal Contract Tower,1,4,15,36,56,0,0,5,0,5,1,4,20,36,61,14,0,14,75
09/07/2011,TCL,AL,ASO,ES,Federal Contract Tower,0,5,29,32,66,0,2,33,8,43,0,7,62,40,109,114,0,114,223
09/08/2011,TCL,AL,ASO,ES,Federal Contract Tower,0,12,20,43,75,0,2,50,23,75,0,14,70,66,150,94,0,94,244
09/09/2011,TCL,AL,ASO,ES,Federal Contract Tower,4,5,21,19,49,0,2,41,31,74,4,7,62,50,123,42,2,44,167
09/10/2011,TCL,AL,ASO,ES,Federal Contract Tower,2,9,12,4,27,0,0,22,16,38,2,9,34,20,65,50,0,50,115
09/11/2011,TCL,AL,ASO,ES,Federal Contract Tower,0,4,28,12,44,0,0,31,0,31,0,4,59,12,75,36,0,36,111
09/12/2011,TCL,AL,ASO,ES,Federal Contract Tower,0,0,23,32,55,0,0,34,22,56,0,0,57,54,111,68,0,68,179
09/13/2011,TCL,AL,ASO,ES,Federal Contract Tower,0,9,18,41,68,0,0,36,8,44,0,9,54,49,112,32,8,40,152
09/14/2011,TCL,AL,ASO,ES,Federal Contract Tower,2,8,22,51,83,0,0,29,22,51,2,8,51,73,134,56,0,56,190
09/15/2011,TCL,AL,ASO,ES,Federal Contract Tower,2,15,27,38,82,0,0,20,8,28,2,15,47,46,110,30,0,30,140
09/16/2011,TCL,AL,ASO,ES,Federal Contract Tower,0,13,44,5,62,0,0,42,12,54,0,13,86,17,116,60,0,60,176
09/17/2011,TCL,AL,ASO,ES,Federal Contract Tower,2,6,32,0,40,0,1,57,0,58,2,7,89,0,98,94,0,94,192
09/18/2011,TCL,AL,ASO,ES,Federal Contract Tower,1,6,31,0,38,0,0,42,6,48,1,6,73,6,86,20,0,20,106
09/19/2011,TCL,AL,ASO,ES,Federal Contract Tower,0,6,20,42,68,0,0,13,8,21,0,6,33,50,89,50,0,50,139
09/20/2011,TCL,AL,ASO,ES,Federal Contract Tower,0,5,33,30,68,0,0,13,0,13,0,5,46,30,81,2,0,2,83
09/21/2011,TCL,AL,ASO,ES,Federal Contract Tower,0,7,28,22,57,0,0,6,2,8,0,7,34,24,65,68,0,68,133
09/22/2011,TCL,AL,ASO,ES,Federal Contract Tower,2,4,43,32,81,0,1,29,19,49,2,5,72,51,130,58,0,58,188
09/23/2011,TCL,AL,ASO,ES,Federal Contract Tower,0,8,48,42,98,0,0,27,18,45,0,8,75,60,143,26,6,32,175
09/24/2011,TCL,AL,ASO,ES,Federal Contract Tower,2,20,195,0,217,0,2,75,0,77,2,22,270,0,294,67,0,67,361
09/25/2011,TCL,AL,ASO,ES,Federal Contract Tower,0,6,36,8,50,0,0,40,0,40,0,6,76,8,90,18,0,18,108
09/26/2011,TCL,AL,ASO,ES,Federal Contract Tower,0,1,22,38,61,0,1,12,0,13,0,2,34,38,74,30,0,30,104
09/27/2011,TCL,AL,ASO,ES,Federal Contract Tower,0,5,17,8,30,0,0,17,10,27,0,5,34,18,57,44,0,44,101
09/28/2011,TCL,AL,ASO,ES,Federal Contract Tower,0,2,31,6,39,0,2,24,30,56,0,4,55,36,95,44,0,44,139
09/29/2011,TCL,AL,ASO,ES,Federal Contract Tower,0,6,20,10,36,0,0,35,20,55,0,6,55,30,91,84,0,84,175
09/30/2011,TCL,AL,ASO,ES,Federal Contract Tower,2,4,25,22,53,0,0,40,4,44,2,4,65,26,97,44,0,44,141
10/01/2011,TCL,AL,ASO,ES,Federal Contract Tower,2,2,20,0,24,0,0,45,0,45,2,2,65,0,69,22,0,22,91
10/02/2011,TCL,AL,ASO,ES,Federal Contract Tower,0,2,16,12,30,0,2,44,8,54,0,4,60,20,84,92,0,92,176
10/03/2011,TCL,AL,ASO,ES,Federal Contract Tower,0,3,25,14,42,0,2,41,10,53,0,5,66,24,95,78,0,78,173
10/04/2011,TCL,AL,ASO,ES,Federal Contract Tower,0,6,8,47,61,0,2,63,21,86,0,8,71,68,147,70,0,70,217
10/05/2011,TCL,AL,ASO,ES,Federal Contract Tower,0,3,23,47,73,0,2,53,19,74,0,5,76,66,147,168,0,168,315
10/06/2011,TCL,AL,ASO,ES,Federal Contract Tower,2,5,20,50,77,0,2,42,30,74,2,7,62,80,151,56,0,56,207
10/07/2011,TCL,AL,ASO,ES,Federal Contract Tower,8,6,43,25,82,0,0,42,25,67,8,6,85,50,149,90,6,96,245
10/08/2011,TCL,AL,ASO,ES,Federal Contract Tower,0,3,57,0,60,0,4,34,6,44,0,7,91,6,104,90,8,98,202
10/09/2011,TCL,AL,ASO,ES,Federal Contract Tower,0,6,30,0,36,0,0,25,0,25,0,6,55,0,61,74,0,74,135
10/10/2011,TCL,AL,ASO,ES,Federal Contract Tower,0,7,20,4,31,0,0,24,0,24,0,7,44,4,55,54,0,54,109
10/11/2011,TCL,AL,ASO,ES,Federal Contract Tower,2,6,24,18,50,0,0,2,4,6,2,6,26,22,56,16,8,24,80
10/12/2011,TCL,AL,ASO,ES,Federal Contract Tower,4,3,20,42,69,0,0,5,0,5,4,3,25,42,74,66,0,66,140
10/13/2011,TCL,AL,ASO,ES,Federal Contract Tower,6,9,28,12,55,0,0,22,22,44,6,9,50,34,99,48,0,48,147
10/14/2011,TCL,AL,ASO,ES,Federal Contract Tower,11,7,31,17,66,0,0,45,40,85,11,7,76,57,151,58,0,58,209
10/15/2011,TCL,AL,ASO,ES,Federal Contract Tower,0,2,15,7,24,0,0,40,3,43,0,2,55,10,67,44,2,46,113
10/16/2011,TCL,AL,ASO,ES,Federal Contract Tower,0,0,25,12,37,0,0,38,0,38,0,0,63,12,75,86,0,86,161
10/17/2011,TCL,AL,ASO,ES,Federal Contract Tower,1,7,12,14,34,0,0,33,34,67,1,7,45,48,101,86,0,86,187
10/18/2011,TCL,AL,ASO,ES,Federal Contract Tower,9,5,13,37,64,0,2,17,48,67,9,7,30,85,131,20,0,20,151
10/19/2011,TCL,AL,ASO,ES,Federal Contract Tower,5,1,14,40,60,0,0,10,12,22,5,1,24,52,82,40,14,54,136
10/20/2011,TCL,AL,ASO,ES,Federal Contract Tower,7,5,31,21,64,0,0,46,8,54,7,5,77,29,118,114,0,114,232
10/21/2011,TCL,AL,ASO,ES,Federal Contract Tower,6,8,44,28,86,0,1,75,17,93,6,9,119,45,179,92,0,92,271
10/22/2011,TCL,AL,ASO,ES,Federal Contract Tower,2,5,109,0,116,0,0,77,5,82,2,5,186,5,198,64,0,64,262
10/23/2011,TCL,AL,ASO,ES,Federal Contract Tower,0,11,47,0,58,0,0,46,0,46,0,11,93,0,104,42,0,42,146
10/24/2011,TCL,AL,ASO,ES,Federal Contract Tower,1,2,25,27,55,0,2,40,12,54,1,4,65,39,109,108,2,110,219
10/25/2011,TCL,AL,ASO,ES,Federal Contract Tower,2,0,24,23,49,0,0,55,26,81,2,0,79,49,130,84,0,84,214
10/26/2011,TCL,AL,ASO,ES,Federal Contract Tower,1,0,30,35,66,0,0,48,20,68,1,0,78,55,134,52,0,52,186
10/27/2011,TCL,AL,ASO,ES,Federal Contract Tower,2,4,35,42,83,0,0,26,4,30,2,4,61,46,113,22,4,26,139
10/28/2011,TCL,AL,ASO,ES,Federal Contract Tower,2,3,31,22,58,0,0,2,0,2,2,3,33,22,60,0,0,0,60
10/29/2011,TCL,AL,ASO,ES,Federal Contract Tower,0,3,11,0,14,0,0,64,0,64,0,3,75,0,78,48,0,48,126
10/30/2011,TCL,AL,ASO,ES,Federal Contract Tower,0,1,22,1,24,0,0,41,3,44,0,1,63,4,68,58,12,70,138
10/31/2011,TCL,AL,ASO,ES,Federal Contract Tower,0,3,23,45,71,0,0,26,12,38,0,3,49,57,109,54,0,54,163
11/01/2011,TCL,AL,ASO,ES,Federal Contract Tower,0,2,22,41,65,0,0,42,35,77,0,2,64,76,142,46,0,46,188
11/02/2011,TCL,AL,ASO,ES,Federal Contract Tower,0,6,19,28,53,0,1,53,22,76,0,7,72,50,129,36,0,36,165
11/03/2011,TCL,AL,ASO,ES,Federal Contract Tower,0,7,30,14,51,0,0,13,0,13,0,7,43,14,64,12,0,12,76
11/04/2011,TCL,AL,ASO,ES,Federal Contract Tower,0,18,83,9,110,0,4,54,1,59,0,22,137,10,169,30,0,30,199
11/05/2011,TCL,AL,ASO,ES,Federal Contract Tower,2,47,295,1,345,0,0,115,2,117,2,47,410,3,462,68,0,68,530
11/06/2011,TCL,AL,ASO,ES,Federal Contract Tower,0,20,67,2,89,0,0,70,0,70,0,20,137,2,159,32,0,32,191
11/07/2011,TCL,AL,ASO,ES,Federal Contract Tower,1,7,18,32,58,0,0,44,27,71,1,7,62,59,129,54,0,54,183
11/08/2011,TCL,AL,ASO,ES,Federal Contract Tower,1,3,22,30,56,0,0,24,24,48,1,3,46,54,104,60,26,86,190
11/09/2011,TCL,AL,ASO,ES,Federal Contract Tower,0,3,28,18,49,0,0,16,2,18,0,3,44,20,67,48,0,48,115
11/10/2011,TCL,AL,ASO,ES,Federal Contract Tower,2,2,25,29,58,0,1,20,4,25,2,3,45,33,83,60,0,60,143
11/11/2011,TCL,AL,ASO,ES,Federal Contract Tower,0,1,25,1,27,0,3,37,6,46,0,4,62,7,73,22,0,22,95
11/12/2011,TCL,AL,ASO,ES,Federal Contract Tower,0,1,11,0,12,0,0,30,1,31,0,1,41,1,43,42,0,42,85
11/13/2011,TCL,AL,ASO,ES,Federal Contract Tower,0,3,25,6,34,0,0,32,0,32,0,3,57,6,66,20,0,20,86
11/14/2011,TCL,AL,ASO,ES,Federal Contract Tower,0,2,23,38,63,0,0,8,2,10,0,2,31,40,73,10,0,10,83
11/15/2011,TCL,AL,ASO,ES,Federal Contract Tower,0,5,7,4,16,0,0,1,0,1,0,5,8,4,17,0,0,0,17
11/16/2011,TCL,AL,ASO,ES,Federal Contract Tower,0,1,13,12,26,0,0,11,0,11,0,1,24,12,37,20,0,20,57
11/17/2011,TCL,AL,ASO,ES,Federal Contract Tower,0,6,37,23,66,0,0,23,18,41,0,6,60,41,107,28,0,28,135
11/18/2011,TCL,AL,ASO,ES,Federal Contract Tower,0,5,30,24,59,0,0,36,4,40,0,5,66,28,99,28,6,34,133
11/19/2011,TCL,AL,ASO,ES,Federal Contract Tower,0,1,41,0,42,0,0,48,6,54,0,1,89,6,96,50,0,50,146
11/20/2011,TCL,AL,ASO,ES,Federal Contract Tower,0,0,26,4,30,0,0,5,0,5,0,0,31,4,35,0,0,0,35
11/21/2011,TCL,AL,ASO,ES,Federal Contract Tower,0,5,8,24,37,0,0,11,0,11,0,5,19,24,48,66,0,66,114
11/22/2011,TCL,AL,ASO,ES,Federal Contract Tower,0,12,11,7,30,0,0,5,0,5,0,12,16,7,35,4,0,4,39
11/23/2011,TCL,AL,ASO,ES,Federal Contract Tower,0,1,25,16,42,0,0,9,6,15,0,1,34,22,57,46,0,46,103
11/24/2011,TCL,AL,ASO,ES,Federal Contract Tower,0,2,0,0,2,0,0,13,0,13,0,2,13,0,15,12,0,12,27
11/25/2011,TCL,AL,ASO,ES,Federal Contract Tower,0,0,7,0,7,0,0,49,0,49,0,0,56,0,56,50,0,50,106
11/26/2011,TCL,AL,ASO,ES,Federal Contract Tower,1,0,15,0,16,0,0,17,0,17,1,0,32,0,33,0,0,0,33
11/27/2011,TCL,AL,ASO,ES,Federal Contract Tower,1,6,21,0,28,0,0,1,0,1,1,6,22,0,29,0,0,0,29
11/28/2011,TCL,AL,ASO,ES,Federal Contract Tower,0,5,14,0,19,0,0,0,0,0,0,5,14,0,19,2,0,2,21
11/29/2011,TCL,AL,ASO,ES,Federal Contract Tower,0,2,9,18,29,0,0,4,0,4,0,2,13,18,33,0,0,0,33
11/30/2011,TCL,AL,ASO,ES,Federal Contract Tower,1,0,27,30,58,0,2,46,32,80,1,2,73,62,138,55,14,69,207
12/01/2011,TCL,AL,ASO,ES,Federal Contract Tower,0,5,18,30,53,0,1,64,36,101,0,6,82,66,154,44,0,44,198
12/02/2011,TCL,AL,ASO,ES,Federal Contract Tower,0,11,17,28,56,0,2,46,8,56,0,13,63,36,112,94,0,94,206
12/03/2011,TCL,AL,ASO,ES,Federal Contract Tower,1,4,7,2,14,0,1,51,0,52,1,5,58,2,66,94,0,94,160
12/04/2011,TCL,AL,ASO,ES,Federal Contract Tower,1,2,12,6,21,0,2,11,10,23,1,4,23,16,44,22,0,22,66
12/05/2011,TCL,AL,ASO,ES,Federal Contract Tower,0,4,17,10,31,0,0,5,2,7,0,4,22,12,38,20,0,20,58
12/06/2011,TCL,AL,ASO,ES,Federal Contract Tower,4,1,24,22,51,0,0,0,0,0,4,1,24,22,51,0,0,0,51
12/07/2011,TCL,AL,ASO,ES,Federal Contract Tower,2,4,26,12,44,0,0,6,0,6,2,4,32,12,50,4,8,12,62
12/08/2011,TCL,AL,ASO,ES,Federal Contract Tower,2,8,29,38,77,0,0,40,32,72,2,8,69,70,149,38,4,42,191
12/09/2011,TCL,AL,ASO,ES,Federal Contract Tower,0,2,19,25,46,0,0,35,23,58,0,2,54,48,104,62,8,70,174
12/10/2011,TCL,AL,ASO,ES,Federal Contract Tower,0,2,11,8,21,0,0,32,17,49,0,2,43,25,70,16,6,22,92
12/11/2011,TCL,AL,ASO,ES,Federal Contract Tower,0,7,26,12,45,0,0,21,2,23,0,7,47,14,68,0,0,0,68
12/12/2011,TCL,AL,ASO,ES,Federal Contract Tower,2,4,22,24,52,0,2,6,0,8,2,6,28,24,60,70,2,72,132
12/13/2011,TCL,AL,ASO,ES,Federal Contract Tower,0,5,28,28,61,0,4,54,28,86,0,9,82,56,147,114,0,114,261
12/14/2011,TCL,AL,ASO,ES,Federal Contract Tower,0,10,26,33,69,0,1,43,13,57,0,11,69,46,126,78,0,78,204
12/15/2011,TCL,AL,ASO,ES,Federal Contract Tower,0,4,26,42,72,0,0,9,0,9,0,4,35,42,81,10,0,10,91
12/16/2011,TCL,AL,ASO,ES,Federal Contract Tower,2,0,29,10,41,0,0,0,0,0,2,0,29,10,41,0,0,0,41
12/17/2011,TCL,AL,ASO,ES,Federal Contract Tower,0,4,22,0,26,0,0,50,8,58,0,4,72,8,84,22,0,22,106
12/18/2011,TCL,AL,ASO,ES,Federal Contract Tower,0,0,12,18,30,0,0,29,0,29,0,0,41,18,59,16,0,16,75
12/19/2011,TCL,AL,ASO,ES,Federal Contract Tower,0,5,17,24,46,0,4,42,24,70,0,9,59,48,116,58,14,72,188
12/20/2011,TCL,AL,ASO,ES,Federal Contract Tower,0,9,18,36,63,0,0,12,2,14,0,9,30,38,77,6,0,6,83
12/21/2011,TCL,AL,ASO,ES,Federal Contract Tower,0,1,12,30,43,0,0,13,2,15,0,1,25,32,58,4,2,6,64
12/22/2011,TCL,AL,ASO,ES,Federal Contract Tower,0,2,2,0,4,0,0,0,0,0,0,2,2,0,4,4,0,4,8
12/23/2011,TCL,AL,ASO,ES,Federal Contract Tower,0,3,20,0,23,0,0,8,0,8,0,3,28,0,31,16,0,16,47
12/24/2011,TCL,AL,ASO,ES,Federal Contract Tower,0,1,5,0,6,0,0,15,0,15,0,1,20,0,21,34,0,34,55
12/25/2011,TCL,AL,ASO,ES,Federal Contract Tower,0,1,2,0,3,0,0,0,0,0,0,1,2,0,3,0,0,0,3
12/26/2011,TCL,AL,ASO,ES,Federal Contract Tower,0,1,15,0,16,0,0,6,0,6,0,1,21,0,22,20,0,20,42
12/27/2011,TCL,AL,ASO,ES,Federal Contract Tower,0,0,14,0,14,0,0,10,0,10,0,0,24,0,24,0,0,0,24
12/28/2011,TCL,AL,ASO,ES,Federal Contract Tower,0,0,14,0,14,0,0,42,8,50,0,0,56,8,64,94,0,94,158
12/29/2011,TCL,AL,ASO,ES,Federal Contract Tower,0,1,16,0,17,0,2,32,0,34,0,3,48,0,51,60,0,60,111
12/30/2011,TCL,AL,ASO,ES,Federal Contract Tower,0,1,4,2,7,0,8,21,10,39,0,9,25,12,46,64,0,64,110
12/31/2011,TCL,AL,ASO,ES,Federal Contract Tower,0,2,4,0,6,0,0,47,0,47,0,2,51,0,53,58,0,58,111
01/01/2012,TCL,AL,ASO,ES,Federal Contract Tower,2,0,13,0,15,0,0,7,0,7,2,0,20,0,22,14,0,14,36
01/02/2012,TCL,AL,ASO,ES,Federal Contract Tower,0,0,16,0,16,0,0,15,0,15,0,0,31,0,31,0,0,0,31
01/03/2012,TCL,AL,ASO,ES,Federal Contract Tower,0,2,15,10,27,0,0,16,14,30,0,2,31,24,57,46,4,50,107
01/04/2012,TCL,AL,ASO,ES,Federal Contract Tower,4,1,10,30,45,0,2,25,12,39,4,3,35,42,84,54,0,54,138
01/05/2012,TCL,AL,ASO,ES,Federal Contract Tower,0,0,22,14,36,0,0,31,22,53,0,0,53,36,89,28,0,28,117
01/06/2012,TCL,AL,ASO,ES,Federal Contract Tower,2,8,29,14,53,0,0,34,18,52,2,8,63,32,105,40,0,40,145
01/07/2012,TCL,AL,ASO,ES,Federal Contract Tower,0,3,29,0,32,0,0,30,4,34,0,3,59,4,66,48,0,48,114
01/08/2012,TCL,AL,ASO,ES,Federal Contract Tower,2,1,13,6,22,0,2,8,0,10,2,3,21,6,32,32,0,32,64
01/09/2012,TCL,AL,ASO,ES,Federal Contract Tower,0,0,27,32,59,0,0,4,0,4,0,0,31,32,63,8,0,8,71
01/10/2012,TCL,AL,ASO,ES,Federal Contract Tower,4,4,50,12,70,0,0,1,0,1,4,4,51,12,71,4,0,4,75
01/11/2012,TCL,AL,ASO,ES,Federal Contract Tower,0,3,24,28,55,0,0,8,0,8,0,3,32,28,63,2,0,2,65
01/12/2012,TCL,AL,ASO,ES,Federal Contract Tower,0,7,21,34,62,0,1,0,0,1,0,8,21,34,63,0,0,0,63
01/13/2012,TCL,AL,ASO,ES,Federal Contract Tower,0,7,30,29,66,0,2,33,38,73,0,9,63,67,139,36,0,36,175
01/14/2012,TCL,AL,ASO,ES,Federal Contract Tower,0,2,13,1,16,0,0,44,1,45,0,2,57,2,61,38,0,38,99
01/15/2012,TCL,AL,ASO,ES,Federal Contract Tower,0,0,23,11,34,0,0,52,9,61,0,0,75,20,95,85,6,91,186
01/16/2012,TCL,AL,ASO,ES,Federal Contract Tower,0,5,22,0,27,0,0,43,0,43,0,5,65,0,70,60,0,60,130
01/17/2012,TCL,AL,ASO,ES,Federal Contract Tower,0,0,15,24,39,0,0,4,0,4,0,0,19,24,43,0,0,0,43
01/18/2012,TCL,AL,ASO,ES,Federal Contract Tower,2,1,24,50,77,0,2,48,2,52,2,3,72,52,129,26,0,26,155
01/19/2012,TCL,AL,ASO,ES,Federal Contract Tower,0,0,27,26,53,0,0,40,10,50,0,0,67,36,103,70,0,70,173
01/20/2012,TCL,AL,ASO,ES,Federal Contract Tower,2,2,38,42,84,0,0,1,0,1,2,2,39,42,85,8,0,8,93
01/21/2012,TCL,AL,ASO,ES,Federal Contract Tower,1,0,7,6,14,0,0,1,0,1,1,0,8,6,15,0,0,0,15
01/22/2012,TCL,AL,ASO,ES,Federal Contract Tower,0,0,14,16,30,0,0,0,0,0,0,0,14,16,30,0,0,0,30
01/23/2012,TCL,AL,ASO,ES,Federal Contract Tower,0,4,4,10,18,0,0,24,26,50,0,4,28,36,68,48,0,48,116
01/24/2012,TCL,AL,ASO,ES,Federal Contract Tower,1,1,30,28,60,0,2,52,16,70,1,3,82,44,130,52,12,64,194
01/25/2012,TCL,AL,ASO,ES,Federal Contract Tower,2,4,27,6,39,0,2,28,0,30,2,6,55,6,69,50,0,50,119
01/26/2012,TCL,AL,ASO,ES,Federal Contract Tower,2,4,19,16,41,0,0,0,0,0,2,4,19,16,41,12,0,12,53
01/27/2012,TCL,AL,ASO,ES,Federal Contract Tower,3,1,19,28,51,0,0,36,14,50,3,1,55,42,101,90,0,90,191
01/28/2012,TCL,AL,ASO,ES,Federal Contract Tower,2,5,6,0,13,0,3,49,2,54,2,8,55,2,67,58,2,60,127
01/29/2012,TCL,AL,ASO,ES,Federal Contract Tower,2,1,6,8,17,0,0,68,7,75,2,1,74,15,92,70,20,90,182
01/30/2012,TCL,AL,ASO,ES,Federal Contract Tower,2,7,17,15,41,0,0,40,27,67,2,7,57,42,108,98,6,104,212
01/31/2012,TCL,AL,ASO,ES,Federal Contract Tower,0,2,21,36,59,0,0,55,12,67,0,2,76,48,126,58,0,58,184
02/01/2012,TCL,AL,ASO,ES,Federal Contract Tower,2,3,20,26,51,0,0,3,0,3,2,3,23,26,54,0,0,0,54
02/02/2012,TCL,AL,ASO,ES,Federal Contract Tower,0,5,24,26,55,0,1,29,6,36,0,6,53,32,91,30,8,38,129
02/03/2012,TCL,AL,ASO,ES,Federal Contract Tower,2,1,18,17,38,0,2,19,6,27,2,3,37,23,65,64,0,64,129
02/04/2012,TCL,AL,ASO,ES,Federal Contract Tower,2,2,8,1,13,0,0,3,0,3,2,2,11,1,16,16,0,16,32
02/05/2012,TCL,AL,ASO,ES,Federal Contract Tower,2,4,4,37,47,0,4,18,2,24,2,8,22,39,71,72,0,72,143
02/06/2012,TCL,AL,ASO,ES,Federal Contract Tower,0,0,37,29,66,0,0,24,25,49,0,0,61,54,115,102,4,106,221
02/07/2012,TCL,AL,ASO,ES,Federal Contract Tower,0,5,13,39,57,0,0,45,24,69,0,5,58,63,126,76,18,94,220
02/08/2012,TCL,AL,ASO,ES,Federal Contract Tower,0,5,22,36,63,0,0,38,16,54,0,5,60,52,117,24,4,28,145
02/09/2012,TCL,AL,ASO,ES,Federal Contract Tower,2,14,26,29,71,0,1,50,25,76,2,15,76,54,147,46,18,64,211
02/10/2012,TCL,AL,ASO,ES,Federal Contract Tower,2,12,20,26,60,0,0,27,14,41,2,12,47,40,101,40,2,42,143
02/11/2012,TCL,AL,ASO,ES,Federal Contract Tower,2,6,6,6,20,0,2,21,0,23,2,8,27,6,43,0,0,0,43
02/12/2012,TCL,AL,ASO,ES,Federal Contract Tower,1,4,17,0,22,0,0,44,2,46,1,4,61,2,68,46,0,46,114
02/13/2012,TCL,AL,ASO,ES,Federal Contract Tower,2,6,16,36,60,0,0,19,18,37,2,6,35,54,97,24,12,36,133
02/14/2012,TCL,AL,ASO,ES,Federal Contract Tower,0,9,12,42,63,0,0,3,0,3,0,9,15,42,66,12,0,12,78
02/15/2012,TCL,AL,ASO,ES,Federal Contract Tower,2,12,14,23,51,0,1,41,13,55,2,13,55,36,106,56,30,86,192
02/16/2012,TCL,AL,ASO,ES,Federal Contract Tower,3,12,26,18,59,0,0,10,0,10,3,12,36,18,69,26,6,32,101
02/17/2012,TCL,AL,ASO,ES,Federal Contract Tower,2,15,31,28,76,0,0,50,20,70,2,15,81,48,146,48,14,62,208
02/18/2012,TCL,AL,ASO,ES,Federal Contract Tower,2,8,8,0,18,0,0,1,0,1,2,8,9,0,19,2,0,2,21
02/19/2012,TCL,AL,ASO,ES,Federal Contract Tower,2,1,25,0,28,0,0,4,0,4,2,1,29,0,32,36,0,36,68
02/20/2012,TCL,AL,ASO,ES,Federal Contract Tower,0,8,26,0,34,0,0,48,0,48,0,8,74,0,82,78,0,78,160
02/21/2012,TCL,AL,ASO,ES,Federal Contract Tower,0,15,22,40,77,0,0,50,10,60,0,15,72,50,137,90,2,92,229
02/22/2012,TCL,AL,ASO,ES,Federal Contract Tower,2,9,35,46,92,0,0,14,5,19,2,9,49,51,111,34,0,34,145
02/23/2012,TCL,AL,ASO,ES,Federal Contract Tower,0,8,25,20,53,0,2,10,0,12,0,10,35,20,65,4,0,4,69
02/24/2012,TCL,AL,ASO,ES,Federal Contract Tower,0,10,33,30,73,0,0,15,4,19,0,10,48,34,92,4,2,6,98
02/25/2012,TCL,AL,ASO,ES,Federal Contract Tower,0,5,12,2,19,0,1,58,2,61,0,6,70,4,80,64,0,64,144
02/26/2012,TCL,AL,ASO,ES,Federal Contract Tower,0,0,23,10,33,0,0,35,4,39,0,0,58,14,72,30,0,30,102
02/27/2012,TCL,AL,ASO,ES,Federal Contract Tower,0,2,19,28,49,0,2,32,0,34,0,4,51,28,83,66,0,66,149
02/28/2012,TCL,AL,ASO,ES,Federal Contract Tower,0,8,32,26,66,0,0,9,4,13,0,8,41,30,79,16,0,16,95
02/29/2012,TCL,AL,ASO,ES,Federal Contract Tower,0,2,16,16,34,0,0,2,0,2,0,2,18,16,36,16,0,16,52
03/01/2012,TCL,AL,ASO,ES,Federal Contract Tower,0,13,27,12,52,0,0,25,19,44,0,13,52,31,96,62,0,62,158
03/02/2012,TCL,AL,ASO,ES,Federal Contract Tower,0,17,16,6,39,0,0,12,3,15,0,17,28,9,54,16,0,16,70
03/03/2012,TCL,AL,ASO,ES,Federal Contract Tower,0,8,14,0,22,0,6,24,0,30,0,14,38,0,52,44,4,48,100
03/04/2012,TCL,AL,ASO,ES,Federal Contract Tower,0,1,25,6,32,0,0,14,0,14,0,1,39,6,46,32,0,32,78
03/05/2012,TCL,AL,ASO,ES,Federal Contract Tower,0,0,12,26,38,0,3,27,11,41,0,3,39,37,79,38,4,42,121
03/06/2012,TCL,AL,ASO,ES,Federal Contract Tower,0,9,20,38,67,0,3,38,3,44,0,12,58,41,111,28,0,28,139
03/07/2012,TCL,AL,ASO,ES,Federal Contract Tower,0,7,29,44,80,0,4,22,10,36,0,11,51,54,116,58,0,58,174
03/08/2012,TCL,AL,ASO,ES,Federal Contract Tower,0,15,30,8,53,0,0,48,4,52,0,15,78,12,105,34,0,34,139
03/09/2012,TCL,AL,ASO,ES,Federal Contract Tower,0,21,39,14,74,0,0,32,2,34,0,21,71,16,108,42,0,42,150
03/10/2012,TCL,AL,ASO,ES,Federal Contract Tower,1,16,16,1,34,0,17,37,0,54,1,33,53,1,88,86,0,86,174
03/11/2012,TCL,AL,ASO,ES,Federal Contract Tower,0,5,21,0,26,0,0,8,0,8,0,5,29,0,34,16,0,16,50
03/12/2012,TCL,AL,ASO,ES,Federal Contract Tower,2,3,23,30,58,0,1,12,18,31,2,4,35,48,89,20,0,20,109
03/13/2012,TCL,AL,ASO,ES,Federal Contract Tower,0,8,24,48,80,0,2,14,0,16,0,10,38,48,96,30,0,30,126
03/14/2012,TCL,AL,ASO,ES,Federal Contract Tower,2,20,32,30,84,0,2,16,7,25,2,22,48,37,109,42,0,42,151
03/15/2012,TCL,AL,ASO,ES,Federal Contract Tower,3,32,20,0,55,0,0,43,10,53,3,32,63,10,108,48,0,48,156
03/16/2012,TCL,AL,ASO,ES,Federal Contract Tower,3,13,17,22,55,0,5,33,18,56,3,18,50,40,111,40,16,56,167
03/17/2012,TCL,AL,ASO,ES,Federal Contract Tower,2,5,14,21,42,0,0,34,1,35,2,5,48,22,77,22,0,22,99
03/18/2012,TCL,AL,ASO,ES,Federal Contract Tower,2,4,23,12,41,0,4,44,7,55,2,8,67,19,96,44,18,62,158
03/19/2012,TCL,AL,ASO,ES,Federal Contract Tower,0,2,24,27,53,0,1,28,22,51,0,3,52,49,104,64,0,64,168
03/20/2012,TCL,AL,ASO,ES,Federal Contract Tower,0,11,36,24,71,0,5,49,19,73,0,16,85,43,144,60,0,60,204
03/21/2012,TCL,AL,ASO,ES,Federal Contract Tower,0,17,36,16,69,0,0,30,16,46,0,17,66,32,115,52,0,52,167
03/22/2012,TCL,AL,ASO,ES,Federal Contract Tower,0,12,25,2,39,0,0,1,0,1,0,12,26,2,40,8,0,8,48
03/23/2012,TCL,AL,ASO,ES,Federal Contract Tower,0,16,24,17,57,0,0,24,8,32,0,16,48,25,89,36,0,36,125
03/24/2012,TCL,AL,ASO,ES,Federal Contract Tower,0,15,21,11,47,0,4,37,2,43,0,19,58,13,90,120,10,130,220
03/25/2012,TCL,AL,ASO,ES,Federal Contract Tower,0,5,16,4,25,0,4,43,0,47,0,9,59,4,72,114,4,118,190
03/26/2012,TCL,AL,ASO,ES,Federal Contract Tower,0,5,28,30,63,0,2,47,40,89,0,7,75,70,152,70,0,70,222
03/27/2012,TCL,AL,ASO,ES,Federal Contract Tower,0,5,13,26,44,0,0,45,24,69,0,5,58,50,113,78,10,88,201
03/28/2012,TCL,AL,ASO,ES,Federal Contract Tower,0,5,18,42,65,0,0,46,3,49,0,5,64,45,114,68,12,80,194
03/29/2012,TCL,AL,ASO,ES,Federal Contract Tower,2,10,15,25,52,0,0,43,7,50,2,10,58,32,102,34,112,146,248
03/30/2012,TCL,AL,ASO,ES,Federal Contract Tower,0,10,20,16,46,0,0,35,7,42,0,10,55,23,88,132,60,192,280
03/31/2012,TCL,AL,ASO,ES,Federal Contract Tower,0,6,13,4,23,0,1,28,2,31,0,7,41,6,54,315,108,423,477
04/01/2012,TCL,AL,ASO,ES,Federal Contract Tower,0,1,7,14,22,0,5,60,6,71,0,6,67,20,93,290,64,354,447
04/02/2012,TCL,AL,ASO,ES,Federal Contract Tower,1,4,20,30,55,0,0,36,4,40,1,4,56,34,95,50,26,76,171
04/03/2012,TCL,AL,ASO,ES,Federal Contract Tower,1,9,24,33,67,0,0,32,14,46,1,9,56,47,113,72,20,92,205
04/04/2012,TCL,AL,ASO,ES,Federal Contract Tower,2,14,18,21,55,0,2,22,22,46,2,16,40,43,101,58,14,72,173
04/05/2012,TCL,AL,ASO,ES,Federal Contract Tower,0,24,34,10,68,0,0,15,16,31,0,24,49,26,99,60,0,60,159
04/06/2012,TCL,AL,ASO,ES,Federal Contract Tower,0,9,34,18,61,0,0,52,20,72,0,9,86,38,133,84,0,84,217
04/07/2012,TCL,AL,ASO,ES,Federal Contract Tower,0,1,7,0,8,0,0,49,0,49,0,1,56,0,57,48,0,48,105
04/08/2012,TCL,AL,ASO,ES,Federal Contract Tower,0,3,19,0,22,0,0,31,0,31,0,3,50,0,53,76,0,76,129
04/09/2012,TCL,AL,ASO,ES,Federal Contract Tower,0,2,25,52,79,0,0,44,23,67,0,2,69,75,146,56,16,72,218
04/10/2012,TCL,AL,ASO,ES,Federal Contract Tower,0,2,22,28,52,0,0,49,7,56,0,2,71,35,108,32,0,32,140
04/11/2012,TCL,AL,ASO,ES,Federal Contract Tower,0,4,23,48,75,0,0,45,24,69,0,4,68,72,144,62,0,62,206
04/12/2012,TCL,AL,ASO,ES,Federal Contract Tower,0,8,23,35,66,0,0,51,24,75,0,8,74,59,141,48,6,54,195
04/13/2012,TCL,AL,ASO,ES,Federal Contract Tower,0,3,25,20,48,0,0,62,24,86,0,3,87,44,134,78,0,78,212
04/14/2012,TCL,AL,ASO,ES,Federal Contract Tower,0,1,18,4,23,0,1,27,6,34,0,2,45,10,57,60,0,60,117
04/15/2012,TCL,AL,ASO,ES,Federal Contract Tower,0,0,36,8,44,0,0,13,2,15,0,0,49,10,59,76,0,76,135
04/16/2012,TCL,AL,ASO,ES,Federal Contract Tower,2,5,14,2,23,0,2,8,0,10,2,7,22,2,33,46,0,46,79
04/17/2012,TCL,AL,ASO,ES,Federal Contract Tower,4,6,23,2,35,0,0,5,0,5,4,6,28,2,40,2,0,2,42
04/18/2012,TCL,AL,ASO,ES,Federal Contract Tower,4,7,39,38,88,0,2,38,12,52,4,9,77,50,140,80,4,84,224
04/19/2012,TCL,AL,ASO,ES,Federal Contract Tower,4,8,36,46,94,0,0,12,12,24,4,8,48,58,118,44,0,44,162
04/20/2012,TCL,AL,ASO,ES,Federal Contract Tower,3,15,37,28,83,0,0,25,16,41,3,15,62,44,124,32,0,32,156
04/21/2012,TCL,AL,ASO,ES,Federal Contract Tower,1,8,18,0,27,0,0,5,0,5,1,8,23,0,32,0,0,0,32
04/22/2012,TCL,AL,ASO,ES,Federal Contract Tower,0,4,25,6,35,0,0,21,3,24,0,4,46,9,59,14,2,16,75
04/23/2012,TCL,AL,ASO,ES,Federal Contract Tower,3,5,16,26,50,0,0,19,4,23,3,5,35,30,73,14,0,14,87
04/24/2012,TCL,AL,ASO,ES,Federal Contract Tower,0,11,13,28,52,0,2,53,15,70,0,13,66,43,122,91,0,91,213
04/25/2012,TCL,AL,ASO,ES,Federal Contract Tower,2,6,30,30,68,0,6,39,14,59,2,12,69,44,127,30,10,40,167
04/26/2012,TCL,AL,ASO,ES,Federal Contract Tower,1,15,30,40,86,0,1,36,8,45,1,16,66,48,131,62,6,68,199
04/27/2012,TCL,AL,ASO,ES,Federal Contract Tower,2,7,27,30,66,0,4,32,6,42,2,11,59,36,108,96,0,96,204
04/28/2012,TCL,AL,ASO,ES,Federal Contract Tower,2,3,20,0,25,0,2,39,0,41,2,5,59,0,66,48,0,48,114
04/29/2012,TCL,AL,ASO,ES,Federal Contract Tower,0,5,27,35,67,0,0,38,2,40,0,5,65,37,107,102,10,112,219
04/30/2012,TCL,AL,ASO,ES,Federal Contract Tower,0,1,16,25,42,0,2,64,44,110,0,3,80,69,152,112,4,116,268
05/01/2012,TCL,AL,ASO,ES,Federal Contract Tower,0,0,18,20,38,0,0,54,22,76,0,0,72,42,114,100,0,100,214
05/02/2012,TCL,AL,ASO,ES,Federal Contract Tower,2,5,29,23,59,0,0,48,43,91,2,5,77,66,150,72,18,90,240
05/03/2012,TCL,AL,ASO,ES,Federal Contract Tower,2,16,32,36,86,0,8,7,8,23,2,24,39,44,109,0,0,0,109
05/04/2012,TCL,AL,ASO,ES,Federal Contract Tower,2,13,36,33,84,0,2,43,7,52,2,15,79,40,136,38,0,38,174
05/05/2012,TCL,AL,ASO,ES,Federal Contract Tower,0,7,14,6,27,0,2,20,7,29,0,9,34,13,56,26,4,30,86
05/06/2012,TCL,AL,ASO,ES,Federal Contract Tower,2,3,13,6,24,0,0,21,4,25,2,3,34,10,49,68,0,68,117
05/07/2012,TCL,AL,ASO,ES,Federal Contract Tower,0,2,16,5,23,0,1,22,9,32,0,3,38,14,55,52,0,52,107
05/08/2012,TCL,AL,ASO,ES,Federal Contract Tower,1,10,26,24,61,0,1,29,4,34,1,11,55,28,95,50,0,50,145
05/09/2012,TCL,AL,ASO,ES,Federal Contract Tower,0,11,19,22,52,0,0,6,4,10,0,11,25,26,62,32,0,32,94
05/10/2012,TCL,AL,ASO,ES,Federal Contract Tower,1,15,20,36,72,0,0,45,12,57,1,15,65,48,129,76,0,76,205
05/11/2012,TCL,AL,ASO,ES,Federal Contract Tower,4,4,24,28,60,0,1,36,6,43,4,5,60,34,103,98,20,118,221
05/12/2012,TCL,AL,ASO,ES,Federal Contract Tower,4,8,6,4,22,0,2,16,6,24,4,10,22,10,46,16,6,22,68
05/13/2012,TCL,AL,ASO,ES,Federal Contract Tower,0,5,8,18,31,0,0,6,0,6,0,5,14,18,37,10,0,10,47
05/14/2012,TCL,AL,ASO,ES,Federal Contract Tower,1,2,21,50,74,0,0,22,10,32,1,2,43,60,106,50,6,56,162
05/15/2012,TCL,AL,ASO,ES,Federal Contract Tower,0,9,19,67,95,0,0,59,7,66,0,9,78,74,161,74,0,74,235
05/16/2012,TCL,AL,ASO,ES,Federal Contract Tower,0,13,27,58,98,0,1,67,16,84,0,14,94,74,182,92,10,102,284
05/17/2012,TCL,AL,ASO,ES,Federal Contract Tower,0,21,26,52,99,0,0,55,12,67,0,21,81,64,166,70,0,70,236
05/18/2012,TCL,AL,ASO,ES,Federal Contract Tower,2,20,32,30,84,0,2,65,3,70,2,22,97,33,154,52,0,52,206
05/19/2012,TCL,AL,ASO,ES,Federal Contract Tower,2,1,7,3,13,0,3,49,2,54,2,4,56,5,67,78,0,78,145
05/20/2012,TCL,AL,ASO,ES,Federal Contract Tower,0,6,30,13,49,0,3,20,4,27,0,9,50,17,76,44,0,44,120
05/21/2012,TCL,AL,ASO,ES,Federal Contract Tower,2,11,26,16,55,0,0,35,18,53,2,11,61,34,108,234,0,234,342
05/22/2012,TCL,AL,ASO,ES,Federal Contract Tower,1,9,19,56,85,0,0,41,16,57,1,9,60,72,142,190,0,190,332
05/23/2012,TCL,AL,ASO,ES,Federal Contract Tower,2,10,21,18,51,0,0,45,15,60,2,10,66,33,111,174,34,208,319
05/24/2012,TCL,AL,ASO,ES,Federal Contract Tower,2,15,20,19,56,0,0,48,26,74,2,15,68,45,130,70,2,72,202
05/25/2012,TCL,AL,ASO,ES,Federal Contract Tower,2,7,18,4,31,0,0,47,4,51,2,7,65,8,82,84,22,106,188
05/26/2012,TCL,AL,ASO,ES,Federal Contract Tower,2,1,9,2,14,0,0,48,4,52,2,1,57,6,66,150,8,158,224
05/27/2012,TCL,AL,ASO,ES,Federal Contract Tower,0,0,4,0,4,0,4,29,0,33,0,4,33,0,37,70,0,70,107
05/28/2012,TCL,AL,ASO,ES,Federal Contract Tower,0,4,20,0,24,0,0,49,0,49,0,4,69,0,73,102,0,102,175
05/29/2012,TCL,AL,ASO,ES,Federal Contract Tower,2,2,23,10,37,0,0,28,18,46,2,2,51,28,83,88,8,96,179
05/30/2012,TCL,AL,ASO,ES,Federal Contract Tower,0,5,24,21,50,0,0,39,15,54,0,5,63,36,104,80,6,86,190
05/31/2012,TCL,AL,ASO,ES,Federal Contract Tower,0,9,14,2,25,0,0,25,0,25,0,9,39,2,50,40,0,40,90
06/01/2012,TCL,AL,ASO,ES,Federal Contract Tower,0,2,18,18,38,0,2,34,2,38,0,4,52,20,76,44,0,44,120
06/02/2012,TCL,AL,ASO,ES,Federal Contract Tower,0,4,10,8,22,0,3,200,9,212,0,7,210,17,234,126,12,138,372
06/03/2012,TCL,AL,ASO,ES,Federal Contract Tower,0,2,10,10,22,0,0,21,3,24,0,2,31,13,46,56,26,82,128
06/04/2012,TCL,AL,ASO,ES,Federal Contract Tower,4,2,21,10,37,0,0,8,2,10,4,2,29,12,47,50,0,50,97
06/05/2012,TCL,AL,ASO,ES,Federal Contract Tower,0,5,16,24,45,0,2,28,2,32,0,7,44,26,77,80,0,80,157
06/06/2012,TCL,AL,ASO,ES,Federal Contract Tower,0,4,19,15,38,0,0,0,0,0,0,4,19,15,38,24,0,24,62
06/07/2012,TCL,AL,ASO,ES,Federal Contract Tower,3,3,16,31,53,0,1,34,0,35,3,4,50,31,88,48,0,48,136
06/08/2012,TCL,AL,ASO,ES,Federal Contract Tower,3,8,18,18,47,0,0,37,16,53,3,8,55,34,100,88,0,88,188
06/09/2012,TCL,AL,ASO,ES,Federal Contract Tower,0,3,22,0,25,0,0,17,2,19,0,3,39,2,44,34,0,34,78
06/10/2012,TCL,AL,ASO,ES,Federal Contract Tower,1,1,17,8,27,0,0,1,0,1,1,1,18,8,28,0,0,0,28
06/11/2012,TCL,AL,ASO,ES,Federal Contract Tower,3,0,23,14,40,0,0,10,0,10,3,0,33,14,50,22,0,22,72
06/12/2012,TCL,AL,ASO,ES,Federal Contract Tower,0,4,22,32,58,0,0,16,18,34,0,4,38,50,92,56,0,56,148
06/13/2012,TCL,AL,ASO,ES,Federal Contract Tower,0,4,23,22,49,0,1,44,30,75,0,5,67,52,124,61,0,61,185
06/14/2012,TCL,AL,ASO,ES,Federal Contract Tower,2,6,29,32,69,0,0,35,20,55,2,6,64,52,124,14,6,20,144
06/15/2012,TCL,AL,ASO,ES,Federal Contract Tower,4,7,12,24,47,0,0,20,26,46,4,7,32,50,93,36,8,44,137
06/16/2012,TCL,AL,ASO,ES,Federal Contract Tower,3,5,20,0,28,0,0,32,0,32,3,5,52,0,60,32,0,32,92
06/17/2012,TCL,AL,ASO,ES,Federal Contract Tower,2,4,19,4,29,0,0,23,0,23,2,4,42,4,52,48,0,48,100
06/18/2012,TCL,AL,ASO,ES,Federal Contract Tower,1,3,8,9,21,0,0,31,20,51,1,3,39,29,72,70,0,70,142
06/19/2012,TCL,AL,ASO,ES,Federal Contract Tower,0,2,29,16,47,0,0,37,28,65,0,2,66,44,112,84,4,88,200
06/20/2012,TCL,AL,ASO,ES,Federal Contract Tower,2,6,25,30,63,0,0,38,33,71,2,6,63,63,134,38,2,40,174
06/21/2012,TCL,AL,ASO,ES,Federal Contract Tower,4,5,14,10,33,0,1,37,15,53,4,6,51,25,86,40,10,50,136
06/22/2012,TCL,AL,ASO,ES,Federal Contract Tower,0,1,19,10,30,0,0,45,22,67,0,1,64,32,97,44,6,50,147
06/23/2012,TCL,AL,ASO,ES,Federal Contract Tower,0,2,11,9,22,0,7,37,6,50,0,9,48,15,72,52,16,68,140
06/24/2012,TCL,AL,ASO,ES,Federal Contract Tower,0,7,16,14,37,0,2,32,10,44,0,9,48,24,81,52,14,66,147
06/25/2012,TCL,AL,ASO,ES,Federal Contract Tower,0,4,14,8,26,0,0,35,24,59,0,4,49,32,85,74,8,82,167
06/26/2012,TCL,AL,ASO,ES,Federal Contract Tower,0,6,25,19,50,0,0,36,18,54,0,6,61,37,104,98,6,104,208
06/27/2012,TCL,AL,ASO,ES,Federal Contract Tower,0,13,13,21,47,0,1,35,12,48,0,14,48,33,95,74,8,82,177
06/28/2012,TCL,AL,ASO,ES,Federal Contract Tower,0,5,12,15,32,0,0,34,12,46,0,5,46,27,78,8,6,14,92
06/29/2012,TCL,AL,ASO,ES,Federal Contract Tower,0,1,20,22,43,0,2,36,6,44,0,3,56,28,87,52,2,54,141
06/30/2012,TCL,AL,ASO,ES,Federal Contract Tower,0,1,10,0,11,0,0,29,2,31,0,1,39,2,42,76,0,76,118
07/01/2012,TCL,AL,ASO,ES,Federal Contract Tower,0,2,16,0,18,0,0,10,4,14,0,2,26,4,32,2,0,2,34
07/02/2012,TCL,AL,ASO,ES,Federal Contract Tower,0,2,14,32,48,0,2,21,40,63,0,4,35,72,111,60,0,60,171
07/03/2012,TCL,AL,ASO,ES,Federal Contract Tower,0,1,18,20,39,0,0,32,26,58,0,1,50,46,97,68,2,70,167
07/04/2012,TCL,AL,ASO,ES,Federal Contract Tower,1,0,9,0,10,0,0,28,2,30,1,0,37,2,40,92,6,98,138
07/05/2012,TCL,AL,ASO,ES,Federal Contract Tower,0,0,12,0,12,0,0,26,5,31,0,0,38,5,43,42,0,42,85
07/06/2012,TCL,AL,ASO,ES,Federal Contract Tower,0,2,7,33,42,0,0,40,10,50,0,2,47,43,92,42,26,68,160
07/07/2012,TCL,AL,ASO,ES,Federal Contract Tower,0,0,7,8,15,0,0,12,0,12,0,0,19,8,27,44,0,44,71
07/08/2012,TCL,AL,ASO,ES,Federal Contract Tower,0,0,8,9,17,0,0,37,6,43,0,0,45,15,60,60,0,60,120
07/09/2012,TCL,AL,ASO,ES,Federal Contract Tower,0,2,17,27,46,0,2,25,14,41,0,4,42,41,87,86,0,86,173
07/10/2012,TCL,AL,ASO,ES,Federal Contract Tower,0,0,21,6,27,0,2,37,18,57,0,2,58,24,84,94,0,94,178
07/11/2012,TCL,AL,ASO,ES,Federal Contract Tower,0,4,17,8,29,0,1,8,0,9,0,5,25,8,38,8,0,8,46
07/12/2012,TCL,AL,ASO,ES,Federal Contract Tower,0,4,28,24,56,0,0,8,0,8,0,4,36,24,64,0,0,0,64
07/13/2012,TCL,AL,ASO,ES,Federal Contract Tower,0,2,27,32,61,0,0,28,15,43,0,2,55,47,104,74,12,86,190
07/14/2012,TCL,AL,ASO,ES,Federal Contract Tower,0,0,9,1,10,0,1,29,10,40,0,1,38,11,50,40,12,52,102
07/15/2012,TCL,AL,ASO,ES,Federal Contract Tower,0,0,11,17,28,0,0,26,11,37,0,0,37,28,65,40,18,58,123
07/16/2012,TCL,AL,ASO,ES,Federal Contract Tower,2,0,17,14,33,0,0,40,6,46,2,0,57,20,79,100,0,100,179
07/17/2012,TCL,AL,ASO,ES,Federal Contract Tower,0,5,13,36,54,0,0,28,26,54,0,5,41,62,108,102,0,102,210
07/18/2012,TCL,AL,ASO,ES,Federal Contract Tower,0,0,21,0,21,0,3,20,10,33,0,3,41,10,54,22,6,28,82
07/19/2012,TCL,AL,ASO,ES,Federal Contract Tower,0,10,26,32,68,0,0,24,11,35,0,10,50,43,103,28,8,36,139
07/20/2012,TCL,AL,ASO,ES,Federal Contract Tower,0,2,37,11,50,0,0,27,8,35,0,2,64,19,85,42,0,42,127
07/21/2012,TCL,AL,ASO,ES,Federal Contract Tower,0,2,13,1,16,0,0,14,1,15,0,2,27,2,31,22,0,22,53
07/22/2012,TCL,AL,ASO,ES,Federal Contract Tower,0,2,31,6,39,0,0,32,4,36,0,2,63,10,75,92,0,92,167
07/23/2012,TCL,AL,ASO,ES,Federal Contract Tower,0,0,9,40,49,0,5,53,20,78,0,5,62,60,127,120,22,142,269
07/24/2012,TCL,AL,ASO,ES,Federal Contract Tower,0,11,23,29,63,0,4,36,8,48,0,15,59,37,111,70,0,70,181
07/25/2012,TCL,AL,ASO,ES,Federal Contract Tower,0,6,26,38,70,0,2,48,19,69,0,8,74,57,139,84,4,88,227
07/26/2012,TCL,AL,ASO,ES,Federal Contract Tower,0,4,19,39,62,0,0,23,2,25,0,4,42,41,87,54,0,54,141
07/27/2012,TCL,AL,ASO,ES,Federal Contract Tower,1,5,24,24,54,0,4,20,2,26,1,9,44,26,80,54,0,54,134
07/28/2012,TCL,AL,ASO,ES,Federal Contract Tower,0,0,17,0,17,0,0,33,0,33,0,0,50,0,50,60,0,60,110
07/29/2012,TCL,AL,ASO,ES,Federal Contract Tower,0,0,12,32,44,0,0,36,3,39,0,0,48,35,83,52,12,64,147
07/30/2012,TCL,AL,ASO,ES,Federal Contract Tower,0,2,18,36,56,0,0,24,10,34,0,2,42,46,90,76,0,76,166
07/31/2012,TCL,AL,ASO,ES,Federal Contract Tower,0,7,13,17,37,0,2,19,10,31,0,9,32,27,68,20,0,20,88
08/01/2012,TCL,AL,ASO,ES,Federal Contract Tower,0,3,13,28,44,0,0,44,20,64,0,3,57,48,108,70,4,74,182
08/02/2012,TCL,AL,ASO,ES,Federal Contract Tower,0,4,36,22,62,0,1,19,24,44,0,5,55,46,106,33,2,35,141
08/03/2012,TCL,AL,ASO,ES,Federal Contract Tower,0,4,19,21,44,0,0,12,2,14,0,4,31,23,58,10,2,12,70
08/04/2012,TCL,AL,ASO,ES,Federal Contract Tower,0,3,11,0,14,0,1,27,2,30,0,4,38,2,44,14,0,14,58
08/05/2012,TCL,AL,ASO,ES,Federal Contract Tower,0,1,27,13,41,0,4,21,4,29,0,5,48,17,70,26,6,32,102
08/06/2012,TCL,AL,ASO,ES,Federal Contract Tower,0,3,11,16,30,0,2,29,5,36,0,5,40,21,66,82,0,82,148
08/07/2012,TCL,AL,ASO,ES,Federal Contract Tower,0,7,15,15,37,0,0,18,21,39,0,7,33,36,76,40,4,44,120
08/08/2012,TCL,AL,ASO,ES,Federal Contract Tower,0,5,6,30,41,0,2,42,37,81,0,7,48,67,122,56,8,64,186
08/09/2012,TCL,AL,ASO,ES,Federal Contract Tower,0,8,24,6,38,0,0,11,3,14,0,8,35,9,52,30,4,34,86
08/10/2012,TCL,AL,ASO,ES,Federal Contract Tower,0,20,29,34,83,0,2,17,12,31,0,22,46,46,114,12,2,14,128
08/11/2012,TCL,AL,ASO,ES,Federal Contract Tower,0,6,11,17,34,0,1,23,0,24,0,7,34,17,58,14,0,14,72
08/12/2012,TCL,AL,ASO,ES,Federal Contract Tower,0,0,24,39,63,0,0,60,10,70,0,0,84,49,133,64,26,90,223
08/13/2012,TCL,AL,ASO,ES,Federal Contract Tower,0,6,20,12,38,0,0,26,6,32,0,6,46,18,70,76,0,76,146
08/14/2012,TCL,AL,ASO,ES,Federal Contract Tower,0,13,22,24,59,0,0,33,0,33,0,13,55,24,92,80,0,80,172
08/15/2012,TCL,AL,ASO,ES,Federal Contract Tower,0,13,22,28,63,0,1,28,14,43,0,14,50,42,106,68,8,76,182
08/16/2012,TCL,AL,ASO,ES,Federal Contract Tower,0,6,21,22,49,0,0,41,11,52,0,6,62,33,101,46,0,46,147
08/17/2012,TCL,AL,ASO,ES,Federal Contract Tower,0,9,36,26,71,0,2,23,1,26,0,11,59,27,97,32,0,32,129
08/18/2012,TCL,AL,ASO,ES,Federal Contract Tower,0,9,35,0,44,0,0,17,0,17,0,9,52,0,61,36,0,36,97
08/19/2012,TCL,AL,ASO,ES,Federal Contract Tower,0,3,24,13,40,0,4,20,4,28,0,7,44,17,68,22,0,22,90
08/20/2012,TCL,AL,ASO,ES,Federal Contract Tower,2,6,15,52,75,0,0,44,28,72,2,6,59,80,147,104,16,120,267
08/21/2012,TCL,AL,ASO,ES,Federal Contract Tower,2,15,33,38,88,0,0,62,31,93,2,15,95,69,181,124,10,134,315
08/22/2012,TCL,AL,ASO,ES,Federal Contract Tower,4,21,19,38,82,0,0,49,25,74,4,21,68,63,156,96,14,110,266
08/23/2012,TCL,AL,ASO,ES,Federal Contract Tower,19,7,30,26,82,0,2,59,0,61,19,9,89,26,143,44,0,44,187
08/24/2012,TCL,AL,ASO,ES,Federal Contract Tower,11,7,18,6,42,0,2,63,16,81,11,9,81,22,123,91,0,91,214
08/25/2012,TCL,AL,ASO,ES,Federal Contract Tower,4,6,13,0,23,0,0,32,1,33,4,6,45,1,56,56,0,56,112
08/26/2012,TCL,AL,ASO,ES,Federal Contract Tower,1,0,19,19,39,0,0,57,21,78,1,0,76,40,117,76,0,76,193
08/27/2012,TCL,AL,ASO,ES,Federal Contract Tower,0,4,13,44,61,0,0,23,28,51,0,4,36,72,112,86,14,100,212
08/28/2012,TCL,AL,ASO,ES,Federal Contract Tower,2,7,5,8,22,0,0,21,0,21,2,7,26,8,43,50,2,52,95
08/29/2012,TCL,AL,ASO,ES,Federal Contract Tower,0,14,9,8,31,0,0,13,0,13,0,14,22,8,44,52,0,52,96
08/30/2012,TCL,AL,ASO,ES,Federal Contract Tower,2,24,23,4,53,0,0,5,0,5,2,24,28,4,58,20,0,20,78
08/31/2012,TCL,AL,ASO,ES,Federal Contract Tower,2,30,39,11,82,0,0,26,18,44,2,30,65,29,126,67,10,77,203
09/01/2012,TCL,AL,ASO,ES,Federal Contract Tower,0,0,15,0,15,0,0,16,0,16,0,0,31,0,31,38,0,38,69
09/02/2012,TCL,AL,ASO,ES,Federal Contract Tower,2,7,34,0,43,0,0,25,2,27,2,7,59,2,70,78,6,84,154
09/03/2012,TCL,AL,ASO,ES,Federal Contract Tower,0,3,23,0,26,0,0,9,0,9,0,3,32,0,35,34,0,34,69
09/04/2012,TCL,AL,ASO,ES,Federal Contract Tower,2,7,7,14,30,0,0,34,2,36,2,7,41,16,66,56,0,56,122
09/05/2012,TCL,AL,ASO,ES,Federal Contract Tower,0,6,25,27,58,0,1,28,4,33,0,7,53,31,91,80,0,80,171
09/06/2012,TCL,AL,ASO,ES,Federal Contract Tower,0,9,26,23,58,0,0,19,4,23,0,9,45,27,81,56,0,56,137
09/07/2012,TCL,AL,ASO,ES,Federal Contract Tower,0,11,30,29,70,0,0,50,22,72,0,11,80,51,142,102,0,102,244
09/08/2012,TCL,AL,ASO,ES,Federal Contract Tower,0,0,46,14,60,0,3,39,2,44,0,3,85,16,104,82,20,102,206
09/09/2012,TCL,AL,ASO,ES,Federal Contract Tower,0,1,30,6,37,0,4,34,5,43,0,5,64,11,80,112,0,112,192
09/10/2012,TCL,AL,ASO,ES,Federal Contract Tower,0,7,13,14,34,0,1,42,8,51,0,8,55,22,85,112,10,122,207
09/11/2012,TCL,AL,ASO,ES,Federal Contract Tower,0,7,13,18,38,0,0,39,36,75,0,7,52,54,113,102,14,116,229
09/12/2012,TCL,AL,ASO,ES,Federal Contract Tower,0,7,17,28,52,0,0,19,20,39,0,7,36,48,91,62,26,88,179
09/13/2012,TCL,AL,ASO,ES,Federal Contract Tower,1,10,31,46,88,0,0,35,7,42,1,10,66,53,130,46,2,48,178
09/14/2012,TCL,AL,ASO,ES,Federal Contract Tower,4,8,34,34,80,0,4,37,10,51,4,12,71,44,131,76,8,84,215
09/15/2012,TCL,AL,ASO,ES,Federal Contract Tower,3,7,12,12,34,0,0,32,8,40,3,7,44,20,74,88,20,108,182
09/16/2012,TCL,AL,ASO,ES,Federal Contract Tower,0,5,20,16,41,0,0,31,8,39,0,5,51,24,80,52,12,64,144
09/17/2012,TCL,AL,ASO,ES,Federal Contract Tower,0,5,19,8,32,0,0,0,0,0,0,5,19,8,32,20,0,20,52
09/18/2012,TCL,AL,ASO,ES,Federal Contract Tower,0,4,13,24,41,0,2,7,2,11,0,6,20,26,52,8,0,8,60
09/19/2012,TCL,AL,ASO,ES,Federal Contract Tower,0,11,21,44,76,0,0,55,25,80,0,11,76,69,156,100,26,126,282
09/20/2012,TCL,AL,ASO,ES,Federal Contract Tower,4,12,26,27,69,0,0,57,23,80,4,12,83,50,149,82,10,92,241
09/21/2012,TCL,AL,ASO,ES,Federal Contract Tower,4,15,40,24,83,0,0,39,19,58,4,15,79,43,141,54,0,54,195
09/22/2012,TCL,AL,ASO,ES,Federal Contract Tower,0,6,52,0,58,0,3,59,6,68,0,9,111,6,126,82,0,82,208
09/23/2012,TCL,AL,ASO,ES,Federal Contract Tower,0,5,48,10,63,0,0,56,2,58,0,5,104,12,121,140,16,156,277
09/24/2012,TCL,AL,ASO,ES,Federal Contract Tower,0,6,23,34,63,0,0,36,26,62,0,6,59,60,125,98,0,98,223
09/25/2012,TCL,AL,ASO,ES,Federal Contract Tower,0,14,30,22,66,0,0,43,16,59,0,14,73,38,125,78,2,80,205
09/26/2012,TCL,AL,ASO,ES,Federal Contract Tower,0,13,21,54,88,0,0,35,10,45,0,13,56,64,133,82,8,90,223
09/27/2012,TCL,AL,ASO,ES,Federal Contract Tower,2,17,34,28,81,0,0,55,26,81,2,17,89,54,162,52,16,68,230
09/28/2012,TCL,AL,ASO,ES,Federal Contract Tower,2,15,53,15,85,0,4,38,20,62,2,19,91,35,147,130,4,134,281
09/29/2012,TCL,AL,ASO,ES,Federal Contract Tower,0,13,38,0,51,0,1,44,0,45,0,14,82,0,96,99,0,99,195
09/30/2012,TCL,AL,ASO,ES,Federal Contract Tower,0,16,62,1,79,0,0,12,0,12,0,16,74,1,91,18,0,18,109
10/01/2012,TCL,AL,ASO,ES,Federal Contract Tower,0,1,24,21,46,0,0,17,4,21,0,1,41,25,67,36,2,38,105
10/02/2012,TCL,AL,ASO,ES,Federal Contract Tower,0,13,22,17,52,0,0,11,6,17,0,13,33,23,69,25,0,25,94
10/03/2012,TCL,AL,ASO,ES,Federal Contract Tower,2,20,25,46,93,0,6,50,22,78,2,26,75,68,171,88,28,116,287
10/04/2012,TCL,AL,ASO,ES,Federal Contract Tower,0,22,28,16,66,0,1,56,14,71,0,23,84,30,137,94,2,96,233
10/05/2012,TCL,AL,ASO,ES,Federal Contract Tower,4,8,26,24,62,0,0,25,6,31,4,8,51,30,93,86,0,86,179
10/06/2012,TCL,AL,ASO,ES,Federal Contract Tower,0,1,26,8,35,0,1,9,0,10,0,2,35,8,45,10,0,10,55
10/07/2012,TCL,AL,ASO,ES,Federal Contract Tower,0,9,26,2,37,0,0,14,4,18,0,9,40,6,55,26,0,26,81
10/08/2012,TCL,AL,ASO,ES,Federal Contract Tower,0,3,23,0,26,0,6,24,0,30,0,9,47,0,56,60,0,60,116
10/09/2012,TCL,AL,ASO,ES,Federal Contract Tower,0,8,20,22,50,0,0,33,16,49,0,8,53,38,99,56,0,56,155
10/10/2012,TCL,AL,ASO,ES,Federal Contract Tower,2,7,25,20,54,0,7,39,12,58,2,14,64,32,112,90,0,90,202
10/11/2012,TCL,AL,ASO,ES,Federal Contract Tower,0,15,34,29,78,0,0,36,17,53,0,15,70,46,131,60,16,76,207
10/12/2012,TCL,AL,ASO,ES,Federal Contract Tower,3,7,40,33,83,0,0,37,33,70,3,7,77,66,153,100,0,100,253
10/13/2012,TCL,AL,ASO,ES,Federal Contract Tower,2,4,13,0,19,0,0,25,3,28,2,4,38,3,47,56,0,56,103
10/14/2012,TCL,AL,ASO,ES,Federal Contract Tower,0,2,18,12,32,0,0,13,8,21,0,2,31,20,53,84,12,96,149
10/15/2012,TCL,AL,ASO,ES,Federal Contract Tower,0,1,23,14,38,0,0,43,22,65,0,1,66,36,103,94,2,96,199
10/16/2012,TCL,AL,ASO,ES,Federal Contract Tower,0,11,17,20,48,0,0,35,6,41,0,11,52,26,89,70,4,74,163
10/17/2012,TCL,AL,ASO,ES,Federal Contract Tower,0,6,23,30,59,0,0,36,8,44,0,6,59,38,103,80,0,80,183
10/18/2012,TCL,AL,ASO,ES,Federal Contract Tower,0,0,22,38,60,0,0,28,20,48,0,0,50,58,108,54,0,54,162
10/19/2012,TCL,AL,ASO,ES,Federal Contract Tower,2,4,24,28,58,0,1,48,36,85,2,5,72,64,143,148,0,148,291
10/20/2012,TCL,AL,ASO,ES,Federal Contract Tower,0,2,8,0,10,0,1,35,0,36,0,3,43,0,46,44,0,44,90
10/21/2012,TCL,AL,ASO,ES,Federal Contract Tower,2,0,18,10,30,0,0,47,8,55,2,0,65,18,85,48,4,52,137
10/22/2012,TCL,AL,ASO,ES,Federal Contract Tower,0,0,27,24,51,0,0,30,14,44,0,0,57,38,95,108,0,108,203
10/23/2012,TCL,AL,ASO,ES,Federal Contract Tower,0,3,14,36,53,0,1,41,26,68,0,4,55,62,121,130,0,130,251
10/24/2012,TCL,AL,ASO,ES,Federal Contract Tower,0,11,17,44,72,0,0,59,22,81,0,11,76,66,153,60,0,60,213
10/25/2012,TCL,AL,ASO,ES,Federal Contract Tower,0,10,37,33,80,0,1,54,13,68,0,11,91,46,148,174,0,174,322
10/26/2012,TCL,AL,ASO,ES,Federal Contract Tower,0,9,47,25,81,0,0,40,18,58,0,9,87,43,139,88,0,88,227
10/27/2012,TCL,AL,ASO,ES,Federal Contract Tower,0,21,71,4,96,0,2,23,0,25,0,23,94,4,121,53,0,53,174
10/28/2012,TCL,AL,ASO,ES,Federal Contract Tower,0,7,63,12,82,0,2,27,0,29,0,9,90,12,111,20,0,20,131
10/29/2012,TCL,AL,ASO,ES,Federal Contract Tower,0,4,18,29,51,0,0,18,10,28,0,4,36,39,79,62,0,62,141
10/30/2012,TCL,AL,ASO,ES,Federal Contract Tower,0,6,17,8,31,0,0,29,8,37,0,6,46,16,68,94,0,94,162
10/31/2012,TCL,AL,ASO,ES,Federal Contract Tower,0,0,13,33,46,0,0,24,11,35,0,0,37,44,81,58,4,62,143
11/01/2012,TCL,AL,ASO,ES,Federal Contract Tower,0,6,27,32,65,0,2,44,16,62,0,8,71,48,127,86,2,88,215
11/02/2012,TCL,AL,ASO,ES,Federal Contract Tower,4,5,25,10,44,0,4,31,16,51,4,9,56,26,95,70,0,70,165
11/03/2012,TCL,AL,ASO,ES,Federal Contract Tower,0,0,13,4,17,0,0,50,0,50,0,0,63,4,67,80,0,80,147
11/04/2012,TCL,AL,ASO,ES,Federal Contract Tower,2,3,29,12,46,0,0,19,4,23,2,3,48,16,69,40,6,46,115
11/05/2012,TCL,AL,ASO,ES,Federal Contract Tower,0,4,11,16,31,0,0,22,28,50,0,4,33,44,81,100,0,100,181
11/06/2012,TCL,AL,ASO,ES,Federal Contract Tower,0,10,20,24,54,0,0,18,0,18,0,10,38,24,72,54,0,54,126
11/07/2012,TCL,AL,ASO,ES,Federal Contract Tower,0,8,23,22,53,0,0,28,4,32,0,8,51,26,85,46,4,50,135
11/08/2012,TCL,AL,ASO,ES,Federal Contract Tower,0,4,18,18,40,0,0,33,4,37,0,4,51,22,77,80,10,90,167
11/09/2012,TCL,AL,ASO,ES,Federal Contract Tower,0,9,72,17,98,0,0,56,64,120,0,9,128,81,218,110,8,118,336
11/10/2012,TCL,AL,ASO,ES,Federal Contract Tower,2,29,160,0,191,0,0,0,0,0,2,29,160,0,191,156,0,156,347
11/11/2012,TCL,AL,ASO,ES,Federal Contract Tower,0,11,56,0,67,0,3,45,1,49,0,14,101,1,116,50,0,50,166
11/12/2012,TCL,AL,ASO,ES,Federal Contract Tower,0,7,32,0,39,0,2,18,0,20,0,9,50,0,59,0,0,0,59
11/13/2012,TCL,AL,ASO,ES,Federal Contract Tower,0,9,18,19,46,0,0,39,23,62,0,9,57,42,108,100,20,120,228
11/14/2012,TCL,AL,ASO,ES,Federal Contract Tower,0,6,26,20,52,0,1,46,2,49,0,7,72,22,101,94,0,94,195
11/15/2012,TCL,AL,ASO,ES,Federal Contract Tower,0,3,28,10,41,0,0,31,17,48,0,3,59,27,89,22,10,32,121
11/16/2012,TCL,AL,ASO,ES,Federal Contract Tower,0,21,24,20,65,0,4,41,9,54,0,25,65,29,119,74,0,74,193
11/17/2012,TCL,AL,ASO,ES,Federal Contract Tower,0,10,36,7,53,0,2,52,0,54,0,12,88,7,107,52,0,52,159
11/18/2012,TCL,AL,ASO,ES,Federal Contract Tower,0,2,18,10,30,0,1,45,9,55,0,3,63,19,85,58,6,64,149
11/19/2012,TCL,AL,ASO,ES,Federal Contract Tower,0,0,20,24,44,0,0,0,0,0,0,0,20,24,44,138,0,138,182
11/20/2012,TCL,AL,ASO,ES,Federal Contract Tower,0,7,22,26,55,0,0,31,20,51,0,7,53,46,106,114,0,114,220
11/21/2012,TCL,AL,ASO,ES,Federal Contract Tower,0,5,18,24,47,0,6,35,14,55,0,11,53,38,102,56,2,58,160
11/22/2012,TCL,AL,ASO,ES,Federal Contract Tower,0,1,13,0,14,0,0,5,0,5,0,1,18,0,19,0,0,0,19
11/23/2012,TCL,AL,ASO,ES,Federal Contract Tower,0,5,28,0,33,0,0,42,0,42,0,5,70,0,75,66,0,66,141
11/24/2012,TCL,AL,ASO,ES,Federal Contract Tower,0,13,100,0,113,0,0,51,0,51,0,13,151,0,164,86,0,86,250
11/25/2012,TCL,AL,ASO,ES,Federal Contract Tower,0,8,44,0,52,0,2,44,0,46,0,10,88,0,98,60,0,60,158
11/26/2012,TCL,AL,ASO,ES,Federal Contract Tower,0,2,9,39,50,0,0,26,35,61,0,2,35,74,111,78,0,78,189
11/27/2012,TCL,AL,ASO,ES,Federal Contract Tower,0,1,14,24,39,0,0,13,0,13,0,1,27,24,52,4,0,4,56
11/28/2012,TCL,AL,ASO,ES,Federal Contract Tower,0,5,29,27,61,0,0,22,14,36,0,5,51,41,97,62,0,62,159
11/29/2012,TCL,AL,ASO,ES,Federal Contract Tower,2,10,20,11,43,0,0,45,23,68,2,10,65,34,111,90,6,96,207
11/30/2012,TCL,AL,ASO,ES,Federal Contract Tower,4,2,21,27,54,0,6,41,6,53,4,8,62,33,107,70,18,88,195
12/01/2012,TCL,AL,ASO,ES,Federal Contract Tower,6,0,35,13,54,0,0,43,8,51,6,0,78,21,105,96,0,96,201
12/02/2012,TCL,AL,ASO,ES,Federal Contract Tower,0,3,22,6,31,0,0,31,0,31,0,3,53,6,62,50,0,50,112
12/03/2012,TCL,AL,ASO,ES,Federal Contract Tower,0,1,19,30,50,0,0,35,41,76,0,1,54,71,126,60,12,72,198
12/04/2012,TCL,AL,ASO,ES,Federal Contract Tower,1,4,27,2,34,0,0,4,0,4,1,4,31,2,38,4,0,4,42
12/05/2012,TCL,AL,ASO,ES,Federal Contract Tower,0,1,22,2,25,0,0,14,0,14,0,1,36,2,39,96,0,96,135
12/06/2012,TCL,AL,ASO,ES,Federal Contract Tower,0,4,10,54,68,0,2,59,15,76,0,6,69,69,144,59,14,73,217
12/07/2012,TCL,AL,ASO,ES,Federal Contract Tower,2,1,15,38,56,0,0,11,2,13,2,1,26,40,69,2,0,2,71
12/08/2012,TCL,AL,ASO,ES,Federal Contract Tower,0,0,3,4,7,0,0,4,0,4,0,0,7,4,11,0,0,0,11
12/09/2012,TCL,AL,ASO,ES,Federal Contract Tower,0,2,19,8,29,0,0,21,1,22,0,2,40,9,51,56,28,84,135
12/10/2012,TCL,AL,ASO,ES,Federal Contract Tower,0,2,13,20,35,0,0,2,0,2,0,2,15,20,37,2,0,2,39
12/11/2012,TCL,AL,ASO,ES,Federal Contract Tower,1,7,19,16,43,0,1,22,9,32,1,8,41,25,75,42,6,48,123
12/12/2012,TCL,AL,ASO,ES,Federal Contract Tower,0,7,24,42,73,0,0,60,26,86,0,7,84,68,159,82,4,86,245
12/13/2012,TCL,AL,ASO,ES,Federal Contract Tower,0,11,23,29,63,0,3,45,14,62,0,14,68,43,125,86,4,90,215
12/14/2012,TCL,AL,ASO,ES,Federal Contract Tower,2,3,27,22,54,0,2,42,7,51,2,5,69,29,105,36,0,36,141
12/15/2012,TCL,AL,ASO,ES,Federal Contract Tower,2,0,17,8,27,0,0,18,0,18,2,0,35,8,45,16,0,16,61
12/16/2012,TCL,AL,ASO,ES,Federal Contract Tower,0,1,7,0,8,0,0,0,0,0,0,1,7,0,8,0,0,0,8
12/17/2012,TCL,AL,ASO,ES,Federal Contract Tower,0,2,17,58,77,0,0,15,0,15,0,2,32,58,92,44,0,44,136
12/18/2012,TCL,AL,ASO,ES,Federal Contract Tower,0,10,16,31,57,0,1,48,23,72,0,11,64,54,129,64,32,96,225
12/19/2012,TCL,AL,ASO,ES,Federal Contract Tower,0,10,29,48,87,0,0,61,21,82,0,10,90,69,169,102,0,102,271
12/20/2012,TCL,AL,ASO,ES,Federal Contract Tower,2,18,10,18,48,0,0,7,4,11,2,18,17,22,59,2,0,2,61
12/21/2012,TCL,AL,ASO,ES,Federal Contract Tower,0,3,18,47,68,0,0,20,24,44,0,3,38,71,112,4,0,4,116
12/22/2012,TCL,AL,ASO,ES,Federal Contract Tower,0,8,7,0,15,0,0,36,0,36,0,8,43,0,51,20,0,20,71
12/23/2012,TCL,AL,ASO,ES,Federal Contract Tower,0,3,7,0,10,0,0,4,0,4,0,3,11,0,14,0,0,0,14
12/24/2012,TCL,AL,ASO,ES,Federal Contract Tower,0,0,4,0,4,0,0,1,0,1,0,0,5,0,5,28,0,28,33
12/25/2012,TCL,AL,ASO,ES,Federal Contract Tower,0,0,2,0,2,0,0,0,0,0,0,0,2,0,2,0,0,0,2
12/26/2012,TCL,AL,ASO,ES,Federal Contract Tower,0,2,8,0,10,0,0,6,0,6,0,2,14,0,16,0,0,0,16
12/27/2012,TCL,AL,ASO,ES,Federal Contract Tower,0,0,22,0,22,0,0,17,2,19,0,0,39,2,41,66,0,66,107
12/28/2012,TCL,AL,ASO,ES,Federal Contract Tower,0,2,14,0,16,0,0,10,0,10,0,2,24,0,26,2,0,2,28
12/29/2012,TCL,AL,ASO,ES,Federal Contract Tower,0,0,13,2,15,0,4,2,0,6,0,4,15,2,21,8,0,8,29
12/30/2012,TCL,AL,ASO,ES,Federal Contract Tower,0,0,7,0,7,0,0,31,6,37,0,0,38,6,44,12,0,12,56
12/31/2012,TCL,AL,ASO,ES,Federal Contract Tower,0,0,10,0,10,0,2,24,7,33,0,2,34,7,43,46,0,46,89
01/01/2013,TCL,AL,ASO,ES,Federal Contract Tower,0,3,12,0,15,0,0,0,0,0,0,3,12,0,15,0,0,0,15
01/02/2013,TCL,AL,ASO,ES,Federal Contract Tower,6,1,23,12,42,0,0,6,0,6,6,1,29,12,48,4,0,4,52
01/03/2013,TCL,AL,ASO,ES,Federal Contract Tower,0,0,29,38,67,0,0,23,14,37,0,0,52,52,104,14,0,14,118
01/04/2013,TCL,AL,ASO,ES,Federal Contract Tower,0,0,23,25,48,0,0,50,6,56,0,0,73,31,104,164,4,168,272
01/05/2013,TCL,AL,ASO,ES,Federal Contract Tower,6,6,17,7,36,0,0,19,1,20,6,6,36,8,56,64,0,64,120
01/06/2013,TCL,AL,ASO,ES,Federal Contract Tower,0,6,13,10,29,0,1,33,0,34,0,7,46,10,63,62,0,62,125
01/07/2013,TCL,AL,ASO,ES,Federal Contract Tower,2,6,21,36,65,0,0,34,5,39,2,6,55,41,104,56,0,56,160
01/08/2013,TCL,AL,ASO,ES,Federal Contract Tower,9,22,46,27,104,0,6,44,8,58,9,28,90,35,162,52,0,52,214
01/09/2013,TCL,AL,ASO,ES,Federal Contract Tower,1,6,21,37,65,0,2,1,0,3,1,8,22,37,68,0,0,0,68
01/10/2013,TCL,AL,ASO,ES,Federal Contract Tower,0,13,24,30,67,0,2,4,0,6,0,15,28,30,73,20,0,20,93
01/11/2013,TCL,AL,ASO,ES,Federal Contract Tower,2,0,28,27,57,0,0,0,0,0,2,0,28,27,57,0,0,0,57
01/12/2013,TCL,AL,ASO,ES,Federal Contract Tower,0,2,17,8,27,0,0,4,0,4,0,2,21,8,31,16,0,16,47
01/13/2013,TCL,AL,ASO,ES,Federal Contract Tower,0,2,12,9,23,0,0,0,0,0,0,2,12,9,23,8,0,8,31
01/14/2013,TCL,AL,ASO,ES,Federal Contract Tower,0,2,20,4,26,0,0,0,0,0,0,2,20,4,26,0,0,0,26
01/15/2013,TCL,AL,ASO,ES,Federal Contract Tower,0,4,12,0,16,0,0,0,0,0,0,4,12,0,16,0,0,0,16
01/16/2013,TCL,AL,ASO,ES,Federal Contract Tower,0,0,14,26,40,0,0,0,0,0,0,0,14,26,40,0,0,0,40
01/17/2013,TCL,AL,ASO,ES,Federal Contract Tower,0,6,6,6,18,0,0,1,0,1,0,6,7,6,19,8,0,8,27
01/18/2013,TCL,AL,ASO,ES,Federal Contract Tower,1,3,22,7,33,0,1,65,9,75,1,4,87,16,108,100,0,100,208
01/19/2013,TCL,AL,ASO,ES,Federal Contract Tower,2,2,11,7,22,0,3,59,0,62,2,5,70,7,84,162,0,162,246
01/20/2013,TCL,AL,ASO,ES,Federal Contract Tower,2,0,10,6,18,0,4,46,2,52,2,4,56,8,70,112,0,112,182
01/21/2013,TCL,AL,ASO,ES,Federal Contract Tower,1,1,20,4,26,0,0,37,0,37,1,1,57,4,63,94,0,94,157
01/22/2013,TCL,AL,ASO,ES,Federal Contract Tower,1,1,44,4,50,0,0,47,8,55,1,1,91,12,105,50,12,62,167
01/23/2013,TCL,AL,ASO,ES,Federal Contract Tower,0,1,17,20,38,0,0,32,7,39,0,1,49,27,77,48,18,66,143
01/24/2013,TCL,AL,ASO,ES,Federal Contract Tower,0,2,23,14,39,0,0,86,0,86,0,2,109,14,125,30,0,30,155
01/25/2013,TCL,AL,ASO,ES,Federal Contract Tower,2,10,29,13,54,0,2,69,42,113,2,12,98,55,167,90,0,90,257
01/26/2013,TCL,AL,ASO,ES,Federal Contract Tower,2,0,28,0,30,0,2,72,14,88,2,2,100,14,118,52,0,52,170
01/27/2013,TCL,AL,ASO,ES,Federal Contract Tower,0,2,18,8,28,0,2,65,7,74,0,4,83,15,102,40,2,42,144
01/28/2013,TCL,AL,ASO,ES,Federal Contract Tower,0,2,32,36,70,0,0,52,39,91,0,2,84,75,161,106,0,106,267
01/29/2013,TCL,AL,ASO,ES,Federal Contract Tower,0,0,23,34,57,0,0,8,0,8,0,0,31,34,65,16,0,16,81
01/30/2013,TCL,AL,ASO,ES,Federal Contract Tower,2,0,25,17,44,0,0,7,11,18,2,0,32,28,62,0,0,0,62
01/31/2013,TCL,AL,ASO,ES,Federal Contract Tower,0,3,24,10,37,0,0,43,16,59,0,3,67,26,96,54,18,72,168
02/01/2013,TCL,AL,ASO,ES,Federal Contract Tower,0,4,20,13,37,0,0,46,6,52,0,4,66,19,89,98,4,102,191
02/02/2013,TCL,AL,ASO,ES,Federal Contract Tower,2,0,4,6,12,0,3,20,1,24,2,3,24,7,36,22,0,22,58
02/03/2013,TCL,AL,ASO,ES,Federal Contract Tower,2,0,10,0,12,0,0,34,0,34,2,0,44,0,46,14,0,14,60
02/04/2013,TCL,AL,ASO,ES,Federal Contract Tower,0,0,28,31,59,0,2,33,10,45,0,2,61,41,104,52,4,56,160
02/05/2013,TCL,AL,ASO,ES,Federal Contract Tower,0,0,25,41,66,0,0,13,0,13,0,0,38,41,79,2,0,2,81
02/06/2013,TCL,AL,ASO,ES,Federal Contract Tower,2,2,25,31,60,0,2,47,24,73,2,4,72,55,133,68,0,68,201
02/07/2013,TCL,AL,ASO,ES,Federal Contract Tower,2,5,18,29,54,0,0,9,0,9,2,5,27,29,63,0,0,0,63
02/08/2013,TCL,AL,ASO,ES,Federal Contract Tower,2,13,28,27,70,0,0,11,0,11,2,13,39,27,81,6,0,6,87
02/09/2013,TCL,AL,ASO,ES,Federal Contract Tower,2,3,5,24,34,0,0,37,13,50,2,3,42,37,84,56,46,102,186
02/10/2013,TCL,AL,ASO,ES,Federal Contract Tower,2,2,15,2,21,0,0,8,0,8,2,2,23,2,29,0,0,0,29
02/11/2013,TCL,AL,ASO,ES,Federal Contract Tower,2,6,18,32,58,0,0,4,0,4,2,6,22,32,62,0,0,0,62
02/12/2013,TCL,AL,ASO,ES,Federal Contract Tower,5,1,16,12,34,0,0,7,0,7,5,1,23,12,41,0,0,0,41
02/13/2013,TCL,AL,ASO,ES,Federal Contract Tower,4,2,29,34,69,0,2,9,8,19,4,4,38,42,88,0,16,16,104
02/14/2013,TCL,AL,ASO,ES,Federal Contract Tower,7,0,17,21,45,0,0,50,10,60,7,0,67,31,105,10,26,36,141
02/15/2013,TCL,AL,ASO,ES,Federal Contract Tower,11,0,20,26,57,0,0,70,10,80,11,0,90,36,137,94,2,96,233
02/16/2013,TCL,AL,ASO,ES,Federal Contract Tower,6,2,19,12,39,0,2,16,3,21,6,4,35,15,60,6,12,18,78
02/17/2013,TCL,AL,ASO,ES,Federal Contract Tower,0,5,16,12,33,0,0,69,0,69,0,5,85,12,102,22,0,22,124
02/18/2013,TCL,AL,ASO,ES,Federal Contract Tower,4,7,30,0,41,0,0,26,0,26,4,7,56,0,67,50,0,50,117
02/19/2013,TCL,AL,ASO,ES,Federal Contract Tower,3,2,14,39,58,0,0,22,24,46,3,2,36,63,104,26,24,50,154
02/20/2013,TCL,AL,ASO,ES,Federal Contract Tower,4,2,22,18,46,0,0,47,11,58,4,2,69,29,104,10,20,30,134
02/21/2013,TCL,AL,ASO,ES,Federal Contract Tower,8,3,24,21,56,0,0,17,4,21,8,3,41,25,77,8,8,16,93
02/22/2013,TCL,AL,ASO,ES,Federal Contract Tower,10,3,23,18,54,0,0,12,0,12,10,3,35,18,66,0,4,4,70
02/23/2013,TCL,AL,ASO,ES,Federal Contract Tower,5,3,11,6,25,0,0,3,0,3,5,3,14,6,28,0,0,0,28
02/24/2013,TCL,AL,ASO,ES,Federal Contract Tower,4,5,18,4,31,0,2,44,6,52,4,7,62,10,83,74,0,74,157
02/25/2013,TCL,AL,ASO,ES,Federal Contract Tower,1,0,17,42,60,0,0,9,0,9,1,0,26,42,69,18,14,32,101
02/26/2013,TCL,AL,ASO,ES,Federal Contract Tower,4,0,21,31,56,0,0,59,12,71,4,0,80,43,127,94,30,124,251
02/27/2013,TCL,AL,ASO,ES,Federal Contract Tower,10,2,16,25,53,0,0,40,17,57,10,2,56,42,110,96,0,96,206
02/28/2013,TCL,AL,ASO,ES,Federal Contract Tower,6,2,35,17,60,0,0,55,14,69,6,2,90,31,129,126,10,136,265
03/01/2013,TCL,AL,ASO,ES,Federal Contract Tower,13,6,24,16,59,0,0,28,6,34,13,6,52,22,93,32,12,44,137
03/02/2013,TCL,AL,ASO,ES,Federal Contract Tower,2,6,12,1,21,0,0,27,9,36,2,6,39,10,57,74,10,84,141
03/03/2013,TCL,AL,ASO,ES,Federal Contract Tower,0,2,25,4,31,0,2,66,8,76,0,4,91,12,107,108,0,108,215
03/04/2013,TCL,AL,ASO,ES,Federal Contract Tower,4,4,24,35,67,0,2,31,31,64,4,6,55,66,131,136,0,136,267
03/05/2013,TCL,AL,ASO,ES,Federal Contract Tower,4,2,16,24,46,0,0,41,4,45,4,2,57,28,91,80,28,108,199
03/06/2013,TCL,AL,ASO,ES,Federal Contract Tower,4,3,21,20,48,0,2,38,16,56,4,5,59,36,104,152,10,162,266
03/07/2013,TCL,AL,ASO,ES,Federal Contract Tower,8,4,24,25,61,0,2,51,10,63,8,6,75,35,124,86,36,122,246
03/08/2013,TCL,AL,ASO,ES,Federal Contract Tower,8,9,33,21,71,0,0,58,4,62,8,9,91,25,133,128,4,132,265
03/09/2013,TCL,AL,ASO,ES,Federal Contract Tower,6,6,13,3,28,0,0,39,0,39,6,6,52,3,67,122,0,122,189
03/10/2013,TCL,AL,ASO,ES,Federal Contract Tower,2,6,21,16,45,0,0,27,0,27,2,6,48,16,72,64,0,64,136
03/11/2013,TCL,AL,ASO,ES,Federal Contract Tower,4,7,15,18,44,0,0,9,0,9,4,7,24,18,53,32,0,32,85
03/12/2013,TCL,AL,ASO,ES,Federal Contract Tower,2,3,23,26,54,0,6,56,10,72,2,9,79,36,126,148,28,176,302
03/13/2013,TCL,AL,ASO,ES,Federal Contract Tower,4,2,26,24,56,0,0,55,10,65,4,2,81,34,121,140,8,148,269
03/14/2013,TCL,AL,ASO,ES,Federal Contract Tower,2,0,24,12,38,0,2,61,7,70,2,2,85,19,108,142,2,144,252
03/15/2013,TCL,AL,ASO,ES,Federal Contract Tower,2,3,27,16,48,0,4,59,29,92,2,7,86,45,140,120,16,136,276
03/16/2013,TCL,AL,ASO,ES,Federal Contract Tower,4,4,20,4,32,0,0,47,4,51,4,4,67,8,83,114,0,114,197
03/17/2013,TCL,AL,ASO,ES,Federal Contract Tower,0,3,22,3,28,0,0,49,2,51,0,3,71,5,79,84,0,84,163
03/18/2013,TCL,AL,ASO,ES,Federal Contract Tower,2,4,13,14,33,0,0,15,0,15,2,4,28,14,48,38,2,40,88
03/19/2013,TCL,AL,ASO,ES,Federal Contract Tower,5,5,25,40,75,0,0,56,8,64,5,5,81,48,139,150,8,158,297
03/20/2013,TCL,AL,ASO,ES,Federal Contract Tower,4,6,30,42,82,0,4,50,2,56,4,10,80,44,138,98,28,126,264
03/21/2013,TCL,AL,ASO,ES,Federal Contract Tower,4,4,41,15,64,0,0,45,11,56,4,4,86,26,120,100,22,122,242
03/22/2013,TCL,AL,ASO,ES,Federal Contract Tower,4,2,49,12,67,0,0,3,4,7,4,2,52,16,74,0,4,4,78
03/23/2013,TCL,AL,ASO,ES,Federal Contract Tower,4,2,8,8,22,0,0,3,0,3,4,2,11,8,25,0,8,8,33
03/24/2013,TCL,AL,ASO,ES,Federal Contract Tower,0,1,13,10,24,0,0,2,0,2,0,1,15,10,26,20,0,20,46
03/25/2013,TCL,AL,ASO,ES,Federal Contract Tower,1,3,23,32,59,0,0,23,14,37,1,3,46,46,96,34,0,34,130
03/26/2013,TCL,AL,ASO,ES,Federal Contract Tower,6,0,25,22,53,0,0,44,18,62,6,0,69,40,115,116,0,116,231
03/27/2013,TCL,AL,ASO,ES,Federal Contract Tower,3,0,19,20,42,0,2,48,4,54,3,2,67,24,96,120,18,138,234
03/28/2013,TCL,AL,ASO,ES,Federal Contract Tower,0,6,23,32,61,0,0,54,3,57,0,6,77,35,118,110,32,142,260
03/29/2013,TCL,AL,ASO,ES,Federal Contract Tower,0,1,6,23,30,0,0,44,3,47,0,1,50,26,77,76,20,96,173
03/30/2013,TCL,AL,ASO,ES,Federal Contract Tower,0,0,11,0,11,0,0,13,0,13,0,0,24,0,24,52,0,52,76
03/31/2013,TCL,AL,ASO,ES,Federal Contract Tower,0,0,17,0,17,0,4,6,0,10,0,4,23,0,27,0,0,0,27
04/01/2013,TCL,AL,ASO,ES,Federal Contract Tower,0,6,34,14,54,0,2,44,12,58,0,8,78,26,112,110,0,110,222
04/02/2013,TCL,AL,ASO,ES,Federal Contract Tower,0,2,18,25,45,0,0,49,16,65,0,2,67,41,110,140,4,144,254
04/03/2013,TCL,AL,ASO,ES,Federal Contract Tower,2,5,21,8,36,0,2,25,28,55,2,7,46,36,91,66,6,72,163
04/04/2013,TCL,AL,ASO,ES,Federal Contract Tower,0,4,59,14,77,0,0,1,0,1,0,4,60,14,78,0,6,6,84
04/05/2013,TCL,AL,ASO,ES,Federal Contract Tower,0,1,36,14,51,0,0,49,8,57,0,1,85,22,108,84,16,100,208
04/06/2013,TCL,AL,ASO,ES,Federal Contract Tower,1,2,11,4,18,0,0,67,0,67,1,2,78,4,85,158,2,160,245
04/07/2013,TCL,AL,ASO,ES,Federal Contract Tower,0,3,13,23,39,0,2,47,5,54,0,5,60,28,93,102,12,114,207
04/08/2013,TCL,AL,ASO,ES,Federal Contract Tower,0,2,18,54,74,0,0,46,8,54,0,2,64,62,128,70,6,76,204
04/09/2013,TCL,AL,ASO,ES,Federal Contract Tower,0,3,22,65,90,0,2,36,13,51,0,5,58,78,141,118,6,124,265
04/10/2013,TCL,AL,ASO,ES,Federal Contract Tower,0,4,25,18,47,0,2,40,14,56,0,6,65,32,103,98,10,108,211
04/11/2013,TCL,AL,ASO,ES,Federal Contract Tower,1,6,16,12,35,0,4,9,0,13,1,10,25,12,48,4,0,4,52
04/12/2013,TCL,AL,ASO,ES,Federal Contract Tower,3,4,22,23,52,0,2,47,16,65,3,6,69,39,117,136,12,148,265
04/13/2013,TCL,AL,ASO,ES,Federal Contract Tower,2,1,14,0,17,0,0,48,13,61,2,1,62,13,78,94,4,98,176
04/14/2013,TCL,AL,ASO,ES,Federal Contract Tower,0,0,3,8,11,0,0,7,0,7,0,0,10,8,18,10,0,10,28
04/15/2013,TCL,AL,ASO,ES,Federal Contract Tower,4,2,17,31,54,0,0,14,1,15,4,2,31,32,69,46,10,56,125
04/16/2013,TCL,AL,ASO,ES,Federal Contract Tower,0,1,11,48,60,0,2,32,14,48,0,3,43,62,108,94,32,126,234
04/17/2013,TCL,AL,ASO,ES,Federal Contract Tower,0,2,23,55,80,0,2,37,12,51,0,4,60,67,131,130,16,146,277
04/18/2013,TCL,AL,ASO,ES,Federal Contract Tower,0,2,20,38,60,0,1,27,14,42,0,3,47,52,102,63,36,99,201
04/19/2013,TCL,AL,ASO,ES,Federal Contract Tower,0,4,25,28,57,0,0,18,8,26,0,4,43,36,83,16,14,30,113
04/20/2013,TCL,AL,ASO,ES,Federal Contract Tower,0,1,29,0,30,0,0,49,0,49,0,1,78,0,79,46,0,46,125
04/21/2013,TCL,AL,ASO,ES,Federal Contract Tower,0,0,17,15,32,0,2,53,7,62,0,2,70,22,94,116,4,120,214
04/22/2013,TCL,AL,ASO,ES,Federal Contract Tower,0,5,12,30,47,0,0,43,22,65,0,5,55,52,112,92,8,100,212
04/23/2013,TCL,AL,ASO,ES,Federal Contract Tower,0,1,30,2,33,0,0,49,1,50,0,1,79,3,83,194,0,194,277
04/24/2013,TCL,AL,ASO,ES,Federal Contract Tower,0,3,31,0,34,0,0,3,0,3,0,3,34,0,37,0,0,0,37
04/25/2013,TCL,AL,ASO,ES,Federal Contract Tower,2,9,28,16,55,0,0,51,8,59,2,9,79,24,114,114,32,146,260
04/26/2013,TCL,AL,ASO,ES,Federal Contract Tower,0,16,23,3,42,0,2,62,16,80,0,18,85,19,122,170,0,170,292
04/27/2013,TCL,AL,ASO,ES,Federal Contract Tower,0,4,10,0,14,0,0,38,0,38,0,4,48,0,52,74,0,74,126
04/28/2013,TCL,AL,ASO,ES,Federal Contract Tower,2,0,16,0,18,0,0,6,0,6,2,0,22,0,24,18,0,18,42
04/29/2013,TCL,AL,ASO,ES,Federal Contract Tower,0,2,28,30,60,0,1,44,26,71,0,3,72,56,131,118,16,134,265
04/30/2013,TCL,AL,ASO,ES,Federal Contract Tower,0,3,18,45,66,0,0,51,28,79,0,3,69,73,145,100,12,112,257
05/01/2013,TCL,AL,ASO,ES,Federal Contract Tower,0,3,18,47,68,0,2,21,13,36,0,5,39,60,104,70,14,84,188
05/02/2013,TCL,AL,ASO,ES,Federal Contract Tower,0,5,30,23,58,0,0,16,0,16,0,5,46,23,74,36,30,66,140
05/03/2013,TCL,AL,ASO,ES,Federal Contract Tower,0,7,21,19,47,0,0,10,12,22,0,7,31,31,69,6,12,18,87
05/04/2013,TCL,AL,ASO,ES,Federal Contract Tower,0,4,24,1,29,0,0,56,4,60,0,4,80,5,89,118,0,118,207
05/05/2013,TCL,AL,ASO,ES,Federal Contract Tower,0,0,18,0,18,0,0,17,3,20,0,0,35,3,38,72,0,72,110
05/06/2013,TCL,AL,ASO,ES,Federal Contract Tower,0,0,15,10,25,0,0,13,0,13,0,0,28,10,38,30,0,30,68
05/07/2013,TCL,AL,ASO,ES,Federal Contract Tower,0,1,20,9,30,0,0,36,3,39,0,1,56,12,69,144,10,154,223
05/08/2013,TCL,AL,ASO,ES,Federal Contract Tower,0,7,23,18,48,0,0,45,12,57,0,7,68,30,105,128,8,136,241
05/09/2013,TCL,AL,ASO,ES,Federal Contract Tower,0,1,21,12,34,0,0,58,2,60,0,1,79,14,94,106,0,106,200
05/10/2013,TCL,AL,ASO,ES,Federal Contract Tower,0,0,24,12,36,0,2,19,12,33,0,2,43,24,69,78,12,90,159
05/11/2013,TCL,AL,ASO,ES,Federal Contract Tower,0,1,11,0,12,0,2,22,0,24,0,3,33,0,36,50,0,50,86
05/12/2013,TCL,AL,ASO,ES,Federal Contract Tower,0,0,17,14,31,0,0,46,0,46,0,0,63,14,77,120,0,120,197
05/13/2013,TCL,AL,ASO,ES,Federal Contract Tower,0,4,23,4,31,0,0,40,4,44,0,4,63,8,75,150,0,150,225
05/14/2013,TCL,AL,ASO,ES,Federal Contract Tower,2,3,27,8,40,0,2,66,4,72,2,5,93,12,112,146,8,154,266
05/15/2013,TCL,AL,ASO,ES,Federal Contract Tower,4,1,18,24,47,0,10,44,6,60,4,11,62,30,107,166,4,170,277
05/16/2013,TCL,AL,ASO,ES,Federal Contract Tower,0,4,25,12,41,0,0,32,12,44,0,4,57,24,85,102,0,102,187
05/17/2013,TCL,AL,ASO,ES,Federal Contract Tower,1,6,22,12,41,0,0,12,1,13,1,6,34,13,54,64,6,70,124
05/18/2013,TCL,AL,ASO,ES,Federal Contract Tower,1,1,3,0,5,0,0,17,0,17,1,1,20,0,22,46,0,46,68
05/19/2013,TCL,AL,ASO,ES,Federal Contract Tower,1,0,27,2,30,0,4,19,2,25,1,4,46,4,55,36,4,40,95
05/20/2013,TCL,AL,ASO,ES,Federal Contract Tower,0,4,16,34,54,0,0,38,2,40,0,4,54,36,94,108,0,108,202
05/21/2013,TCL,AL,ASO,ES,Federal Contract Tower,1,1,20,37,59,0,0,36,24,60,1,1,56,61,119,120,28,148,267
05/22/2013,TCL,AL,ASO,ES,Federal Contract Tower,0,2,19,30,51,0,2,18,20,40,0,4,37,50,91,100,18,118,209
05/23/2013,TCL,AL,ASO,ES,Federal Contract Tower,0,3,21,7,31,0,0,24,4,28,0,3,45,11,59,64,0,64,123
05/24/2013,TCL,AL,ASO,ES,Federal Contract Tower,0,3,27,0,30,0,6,55,0,61,0,9,82,0,91,114,0,114,205
05/25/2013,TCL,AL,ASO,ES,Federal Contract Tower,0,2,5,0,7,0,3,49,0,52,0,5,54,0,59,80,0,80,139
05/26/2013,TCL,AL,ASO,ES,Federal Contract Tower,0,1,7,0,8,0,2,32,0,34,0,3,39,0,42,104,0,104,146
05/27/2013,TCL,AL,ASO,ES,Federal Contract Tower,0,2,14,0,16,0,2,37,0,39,0,4,51,0,55,60,0,60,115
05/28/2013,TCL,AL,ASO,ES,Federal Contract Tower,0,0,32,40,72,0,0,54,12,66,0,0,86,52,138,114,0,114,252
05/29/2013,TCL,AL,ASO,ES,Federal Contract Tower,2,5,31,22,60,0,2,40,10,52,2,7,71,32,112,108,10,118,230
05/30/2013,TCL,AL,ASO,ES,Federal Contract Tower,0,5,25,25,55,0,2,38,3,43,0,7,63,28,98,83,18,101,199
05/31/2013,TCL,AL,ASO,ES,Federal Contract Tower,0,3,28,43,74,0,0,28,10,38,0,3,56,53,112,72,34,106,218
06/01/2013,TCL,AL,ASO,ES,Federal Contract Tower,0,2,6,0,8,0,2,12,1,15,0,4,18,1,23,44,0,44,67
06/02/2013,TCL,AL,ASO,ES,Federal Contract Tower,0,0,8,20,28,0,2,25,4,31,0,2,33,24,59,76,16,92,151
06/03/2013,TCL,AL,ASO,ES,Federal Contract Tower,0,1,6,30,37,0,6,43,6,55,0,7,49,36,92,180,0,180,272
06/04/2013,TCL,AL,ASO,ES,Federal Contract Tower,0,5,18,20,43,0,0,59,12,71,0,5,77,32,114,242,4,246,360
06/05/2013,TCL,AL,ASO,ES,Federal Contract Tower,0,2,15,0,17,0,0,29,2,31,0,2,44,2,48,92,0,92,140
06/06/2013,TCL,AL,ASO,ES,Federal Contract Tower,0,4,34,19,57,0,0,19,0,19,0,4,53,19,76,44,46,90,166
06/07/2013,TCL,AL,ASO,ES,Federal Contract Tower,0,1,14,21,36,0,0,6,8,14,0,1,20,29,50,0,4,4,54
06/08/2013,TCL,AL,ASO,ES,Federal Contract Tower,0,0,9,12,21,0,0,37,0,37,0,0,46,12,58,68,6,74,132
06/09/2013,TCL,AL,ASO,ES,Federal Contract Tower,0,6,28,31,65,0,0,25,11,36,0,6,53,42,101,54,16,70,171
06/10/2013,TCL,AL,ASO,ES,Federal Contract Tower,0,1,13,36,50,0,4,38,0,42,0,5,51,36,92,130,0,130,222
06/11/2013,TCL,AL,ASO,ES,Federal Contract Tower,0,11,28,38,77,0,2,37,8,47,0,13,65,46,124,88,16,104,228
06/12/2013,TCL,AL,ASO,ES,Federal Contract Tower,0,2,24,21,47,0,0,47,8,55,0,2,71,29,102,146,20,166,268
06/13/2013,TCL,AL,ASO,ES,Federal Contract Tower,0,8,25,24,57,0,0,31,17,48,0,8,56,41,105,98,16,114,219
06/14/2013,TCL,AL,ASO,ES,Federal Contract Tower,0,0,18,26,44,0,2,48,8,58,0,2,66,34,102,158,18,176,278
06/15/2013,TCL,AL,ASO,ES,Federal Contract Tower,0,0,16,1,17,0,0,34,1,35,0,0,50,2,52,110,0,110,162
06/16/2013,TCL,AL,ASO,ES,Federal Contract Tower,0,0,14,6,20,0,0,18,0,18,0,0,32,6,38,108,0,108,146
06/17/2013,TCL,AL,ASO,ES,Federal Contract Tower,0,1,19,12,32,0,0,16,6,22,0,1,35,18,54,76,0,76,130
06/18/2013,TCL,AL,ASO,ES,Federal Contract Tower,1,2,20,27,50,0,0,25,4,29,1,2,45,31,79,70,8,78,157
06/19/2013,TCL,AL,ASO,ES,Federal Contract Tower,0,4,12,17,33,0,0,42,19,61,0,4,54,36,94,152,22,174,268
06/20/2013,TCL,AL,ASO,ES,Federal Contract Tower,1,6,28,30,65,0,0,44,17,61,1,6,72,47,126,136,32,168,294
06/21/2013,TCL,AL,ASO,ES,Federal Contract Tower,0,20,27,16,63,0,0,44,26,70,0,20,71,42,133,100,32,132,265
06/22/2013,TCL,AL,ASO,ES,Federal Contract Tower,0,1,8,0,9,0,0,37,12,49,0,1,45,12,58,100,0,100,158
06/23/2013,TCL,AL,ASO,ES,Federal Contract Tower,0,0,22,27,49,0,0,30,16,46,0,0,52,43,95,82,36,118,213
06/24/2013,TCL,AL,ASO,ES,Federal Contract Tower,0,2,18,19,39,0,2,15,8,25,0,4,33,27,64,86,0,86,150
06/25/2013,TCL,AL,ASO,ES,Federal Contract Tower,0,4,24,10,38,0,3,41,24,68,0,7,65,34,106,120,0,120,226
06/26/2013,TCL,AL,ASO,ES,Federal Contract Tower,0,1,28,14,43,0,0,38,35,73,0,1,66,49,116,96,8,104,220
06/27/2013,TCL,AL,ASO,ES,Federal Contract Tower,0,11,26,17,54,0,4,36,6,46,0,15,62,23,100,70,30,100,200
06/28/2013,TCL,AL,ASO,ES,Federal Contract Tower,0,11,17,4,32,0,0,28,6,34,0,11,45,10,66,36,6,42,108
06/29/2013,TCL,AL,ASO,ES,Federal Contract Tower,0,4,14,4,22,0,0,74,4,78,0,4,88,8,100,106,4,110,210
06/30/2013,TCL,AL,ASO,ES,Federal Contract Tower,0,5,14,16,35,0,4,28,0,32,0,9,42,16,67,108,6,114,181
07/01/2013,TCL,AL,ASO,ES,Federal Contract Tower,0,0,13,26,39,0,0,48,24,72,0,0,61,50,111,200,20,220,331
07/02/2013,TCL,AL,ASO,ES,Federal Contract Tower,0,1,22,34,57,0,0,56,32,88,0,1,78,66,145,146,8,154,299
07/03/2013,TCL,AL,ASO,ES,Federal Contract Tower,0,3,10,4,17,0,0,17,0,17,0,3,27,4,34,14,4,18,52
07/04/2013,TCL,AL,ASO,ES,Federal Contract Tower,0,2,7,0,9,0,0,2,0,2,0,2,9,0,11,2,0,2,13
07/05/2013,TCL,AL,ASO,ES,Federal Contract Tower,0,0,5,0,5,0,0,1,0,1,0,0,6,0,6,0,0,0,6
07/06/2013,TCL,AL,ASO,ES,Federal Contract Tower,0,2,3,2,7,0,0,4,0,4,0,2,7,2,11,0,0,0,11
07/07/2013,TCL,AL,ASO,ES,Federal Contract Tower,0,0,14,0,14,0,2,14,0,16,0,2,28,0,30,38,0,38,68
07/08/2013,TCL,AL,ASO,ES,Federal Contract Tower,0,1,18,24,43,0,0,10,2,12,0,1,28,26,55,76,0,76,131
07/09/2013,TCL,AL,ASO,ES,Federal Contract Tower,0,1,30,14,45,0,2,29,12,43,0,3,59,26,88,46,4,50,138
07/10/2013,TCL,AL,ASO,ES,Federal Contract Tower,0,0,24,10,34,0,0,27,14,41,0,0,51,24,75,62,16,78,153
07/11/2013,TCL,AL,ASO,ES,Federal Contract Tower,0,0,29,9,38,0,0,10,1,11,0,0,39,10,49,14,2,16,65
07/12/2013,TCL,AL,ASO,ES,Federal Contract Tower,1,0,20,33,54,0,2,36,6,44,1,2,56,39,98,80,2,82,180
07/13/2013,TCL,AL,ASO,ES,Federal Contract Tower,1,1,10,0,12,0,0,38,0,38,1,1,48,0,50,76,0,76,126
07/14/2013,TCL,AL,ASO,ES,Federal Contract Tower,0,1,18,12,31,0,0,3,0,3,0,1,21,12,34,8,0,8,42
07/15/2013,TCL,AL,ASO,ES,Federal Contract Tower,0,2,33,31,66,0,4,14,0,18,0,6,47,31,84,76,6,82,166
07/16/2013,TCL,AL,ASO,ES,Federal Contract Tower,0,2,23,16,41,0,0,50,1,51,0,2,73,17,92,148,12,160,252
07/17/2013,TCL,AL,ASO,ES,Federal Contract Tower,0,0,27,32,59,0,0,40,0,40,0,0,67,32,99,160,8,168,267
07/18/2013,TCL,AL,ASO,ES,Federal Contract Tower,0,5,17,23,45,0,0,39,9,48,0,5,56,32,93,86,16,102,195
07/19/2013,TCL,AL,ASO,ES,Federal Contract Tower,0,4,27,34,65,0,1,32,16,49,0,5,59,50,114,80,18,98,212
07/20/2013,TCL,AL,ASO,ES,Federal Contract Tower,0,4,17,11,32,0,0,17,10,27,0,4,34,21,59,44,20,64,123
07/21/2013,TCL,AL,ASO,ES,Federal Contract Tower,0,4,17,20,41,0,2,28,1,31,0,6,45,21,72,112,2,114,186
07/22/2013,TCL,AL,ASO,ES,Federal Contract Tower,0,0,16,20,36,0,0,22,24,46,0,0,38,44,82,54,0,54,136
07/23/2013,TCL,AL,ASO,ES,Federal Contract Tower,0,0,28,0,28,0,0,11,0,11,0,0,39,0,39,46,0,46,85
07/24/2013,TCL,AL,ASO,ES,Federal Contract Tower,0,0,30,12,42,0,0,17,0,17,0,0,47,12,59,46,36,82,141
07/25/2013,TCL,AL,ASO,ES,Federal Contract Tower,0,2,14,10,26,0,0,39,10,49,0,2,53,20,75,116,4,120,195
07/26/2013,TCL,AL,ASO,ES,Federal Contract Tower,0,4,17,47,68,0,4,45,30,79,0,8,62,77,147,114,10,124,271
07/27/2013,TCL,AL,ASO,ES,Federal Contract Tower,0,3,15,11,29,0,2,25,19,46,0,5,40,30,75,54,22,76,151
07/28/2013,TCL,AL,ASO,ES,Federal Contract Tower,0,3,20,22,45,0,0,38,1,39,0,3,58,23,84,90,6,96,180
07/29/2013,TCL,AL,ASO,ES,Federal Contract Tower,0,2,20,48,70,0,2,41,32,75,0,4,61,80,145,158,6,164,309
07/30/2013,TCL,AL,ASO,ES,Federal Contract Tower,0,2,20,38,60,0,2,43,36,81,0,4,63,74,141,132,10,142,283
07/31/2013,TCL,AL,ASO,ES,Federal Contract Tower,0,1,20,28,49,0,1,32,10,43,0,2,52,38,92,104,16,120,212
08/01/2013,TCL,AL,ASO,ES,Federal Contract Tower,2,3,27,14,46,0,1,31,12,44,2,4,58,26,90,70,6,76,166
08/02/2013,TCL,AL,ASO,ES,Federal Contract Tower,0,1,24,14,39,0,0,60,4,64,0,1,84,18,103,170,0,170,273
08/03/2013,TCL,AL,ASO,ES,Federal Contract Tower,0,2,14,4,20,0,0,35,8,43,0,2,49,12,63,60,2,62,125
08/04/2013,TCL,AL,ASO,ES,Federal Contract Tower,0,0,13,15,28,0,2,31,3,36,0,2,44,18,64,88,0,88,152
08/05/2013,TCL,AL,ASO,ES,Federal Contract Tower,0,0,22,14,36,0,1,37,0,38,0,1,59,14,74,152,0,152,226
08/06/2013,TCL,AL,ASO,ES,Federal Contract Tower,0,0,12,7,19,0,0,25,3,28,0,0,37,10,47,64,14,78,125
08/07/2013,TCL,AL,ASO,ES,Federal Contract Tower,0,6,19,20,45,0,1,34,13,48,0,7,53,33,93,68,8,76,169
08/08/2013,TCL,AL,ASO,ES,Federal Contract Tower,0,4,19,28,51,0,2,36,8,46,0,6,55,36,97,96,18,114,211
08/09/2013,TCL,AL,ASO,ES,Federal Contract Tower,2,5,31,24,62,0,0,13,26,39,2,5,44,50,101,62,14,76,177
08/10/2013,TCL,AL,ASO,ES,Federal Contract Tower,0,5,7,7,19,0,0,20,12,32,0,5,27,19,51,96,20,116,167
08/11/2013,TCL,AL,ASO,ES,Federal Contract Tower,0,0,18,3,21,0,0,28,0,28,0,0,46,3,49,92,0,92,141
08/12/2013,TCL,AL,ASO,ES,Federal Contract Tower,0,2,16,28,46,0,0,36,12,48,0,2,52,40,94,160,14,174,268
08/13/2013,TCL,AL,ASO,ES,Federal Contract Tower,0,2,18,22,42,0,0,14,8,22,0,2,32,30,64,84,2,86,150
08/14/2013,TCL,AL,ASO,ES,Federal Contract Tower,0,5,16,29,50,0,0,15,0,15,0,5,31,29,65,82,4,86,151
08/15/2013,TCL,AL,ASO,ES,Federal Contract Tower,0,1,26,19,46,0,0,25,6,31,0,1,51,25,77,132,44,176,253
08/16/2013,TCL,AL,ASO,ES,Federal Contract Tower,0,4,28,34,66,0,2,14,0,16,0,6,42,34,82,86,0,86,168
08/17/2013,TCL,AL,ASO,ES,Federal Contract Tower,0,6,34,17,57,0,0,32,0,32,0,6,66,17,89,30,12,42,131
08/18/2013,TCL,AL,ASO,ES,Federal Contract Tower,0,3,25,11,39,0,0,2,1,3,0,3,27,12,42,8,0,8,50
08/19/2013,TCL,AL,ASO,ES,Federal Contract Tower,0,0,23,22,45,0,0,17,0,17,0,0,40,22,62,58,0,58,120
08/20/2013,TCL,AL,ASO,ES,Federal Contract Tower,0,0,19,30,49,0,0,38,4,42,0,0,57,34,91,148,10,158,249
08/21/2013,TCL,AL,ASO,ES,Federal Contract Tower,0,4,23,40,67,0,2,28,10,40,0,6,51,50,107,176,48,224,331
08/22/2013,TCL,AL,ASO,ES,Federal Contract Tower,0,2,27,30,59,0,7,57,5,69,0,9,84,35,128,106,20,126,254
08/23/2013,TCL,AL,ASO,ES,Federal Contract Tower,0,4,12,16,32,0,2,51,34,87,0,6,63,50,119,134,12,146,265
08/24/2013,TCL,AL,ASO,ES,Federal Contract Tower,0,7,12,19,38,0,0,44,14,58,0,7,56,33,96,150,6,156,252
08/25/2013,TCL,AL,ASO,ES,Federal Contract Tower,0,1,16,10,27,0,2,30,0,32,0,3,46,10,59,88,6,94,153
08/26/2013,TCL,AL,ASO,ES,Federal Contract Tower,0,1,9,28,38,0,2,36,28,66,0,3,45,56,104,96,8,104,208
08/27/2013,TCL,AL,ASO,ES,Federal Contract Tower,0,4,18,23,45,0,4,37,4,45,0,8,55,27,90,150,12,162,252
08/28/2013,TCL,AL,ASO,ES,Federal Contract Tower,0,7,16,30,53,0,2,24,16,42,0,9,40,46,95,100,24,124,219
08/29/2013,TCL,AL,ASO,ES,Federal Contract Tower,0,8,12,44,64,0,0,35,0,35,0,8,47,44,99,126,14,140,239
08/30/2013,TCL,AL,ASO,ES,Federal Contract Tower,2,9,43,22,76,0,0,48,8,56,2,9,91,30,132,168,14,182,314
08/31/2013,TCL,AL,ASO,ES,Federal Contract Tower,0,2,14,0,16,0,0,23,0,23,0,2,37,0,39,64,0,64,103
09/01/2013,TCL,AL,ASO,ES,Federal Contract Tower,2,6,24,0,32,0,2,33,0,35,2,8,57,0,67,114,0,114,181
09/02/2013,TCL,AL,ASO,ES,Federal Contract Tower,0,4,29,0,33,0,2,35,0,37,0,6,64,0,70,102,0,102,172
09/03/2013,TCL,AL,ASO,ES,Federal Contract Tower,0,2,17,44,63,0,4,35,4,43,0,6,52,48,106,148,38,186,292
09/04/2013,TCL,AL,ASO,ES,Federal Contract Tower,0,7,18,51,76,0,0,23,15,38,0,7,41,66,114,72,58,130,244
09/05/2013,TCL,AL,ASO,ES,Federal Contract Tower,0,6,26,19,51,0,0,45,4,49,0,6,71,23,100,196,14,210,310
09/06/2013,TCL,AL,ASO,ES,Federal Contract Tower,0,4,17,54,75,0,4,31,40,75,0,8,48,94,150,98,50,148,298
09/07/2013,TCL,AL,ASO,ES,Federal Contract Tower,0,7,6,7,20,0,2,39,2,43,0,9,45,9,63,136,0,136,199
09/08/2013,TCL,AL,ASO,ES,Federal Contract Tower,0,1,9,16,26,0,0,40,2,42,0,1,49,18,68,114,20,134,202
09/09/2013,TCL,AL,ASO,ES,Federal Contract Tower,0,3,23,26,52,0,4,23,21,48,0,7,46,47,100,88,24,112,212
09/10/2013,TCL,AL,ASO,ES,Federal Contract Tower,0,7,34,9,50,0,4,45,8,57,0,11,79,17,107,186,6,192,299
09/11/2013,TCL,AL,ASO,ES,Federal Contract Tower,0,0,19,18,37,0,2,39,13,54,0,2,58,31,91,130,4,134,225
09/12/2013,TCL,AL,ASO,ES,Federal Contract Tower,0,2,23,5,30,0,2,31,4,37,0,4,54,9,67,116,20,136,203
09/13/2013,TCL,AL,ASO,ES,Federal Contract Tower,2,9,35,23,69,0,4,47,6,57,2,13,82,29,126,170,14,184,310
09/14/2013,TCL,AL,ASO,ES,Federal Contract Tower,2,0,12,8,22,0,0,31,6,37,2,0,43,14,59,90,0,90,149
09/15/2013,TCL,AL,ASO,ES,Federal Contract Tower,0,6,22,2,30,0,0,46,2,48,0,6,68,4,78,84,0,84,162
09/16/2013,TCL,AL,ASO,ES,Federal Contract Tower,2,3,17,24,46,0,2,28,16,46,2,5,45,40,92,126,0,126,218
09/17/2013,TCL,AL,ASO,ES,Federal Contract Tower,0,5,23,26,54,0,4,52,12,68,0,9,75,38,122,168,10,178,300
09/18/2013,TCL,AL,ASO,ES,Federal Contract Tower,2,6,20,44,72,0,2,29,5,36,2,8,49,49,108,98,22,120,228
09/19/2013,TCL,AL,ASO,ES,Federal Contract Tower,0,7,27,37,71,0,2,42,12,56,0,9,69,49,127,100,28,128,255
09/20/2013,TCL,AL,ASO,ES,Federal Contract Tower,2,5,34,7,48,0,5,41,3,49,2,10,75,10,97,72,6,78,175
09/21/2013,TCL,AL,ASO,ES,Federal Contract Tower,2,7,27,2,38,0,0,25,0,25,2,7,52,2,63,44,2,46,109
09/22/2013,TCL,AL,ASO,ES,Federal Contract Tower,0,5,28,22,55,0,7,41,0,48,0,12,69,22,103,120,0,120,223
09/23/2013,TCL,AL,ASO,ES,Federal Contract Tower,0,0,20,27,47,0,3,38,21,62,0,3,58,48,109,90,16,106,215
09/24/2013,TCL,AL,ASO,ES,Federal Contract Tower,0,1,13,12,26,0,0,3,0,3,0,1,16,12,29,20,6,26,55
09/25/2013,TCL,AL,ASO,ES,Federal Contract Tower,2,7,22,27,58,0,2,25,0,27,2,9,47,27,85,50,0,50,135
09/26/2013,TCL,AL,ASO,ES,Federal Contract Tower,0,5,33,21,59,0,0,31,0,31,0,5,64,21,90,36,2,38,128
09/27/2013,TCL,AL,ASO,ES,Federal Contract Tower,0,7,38,44,89,0,0,58,0,58,0,7,96,44,147,104,28,132,279
09/28/2013,TCL,AL,ASO,ES,Federal Contract Tower,0,13,119,2,134,0,0,72,0,72,0,13,191,2,206,92,0,92,298
09/29/2013,TCL,AL,ASO,ES,Federal Contract Tower,0,12,45,10,67,0,0,44,0,44,0,12,89,10,111,92,0,92,203
09/30/2013,TCL,AL,ASO,ES,Federal Contract Tower,0,4,10,43,57,0,1,27,0,28,0,5,37,43,85,78,10,88,173
10/01/2013,TCL,AL,ASO,ES,Federal Contract Tower,2,1,14,38,55,0,0,53,8,61,2,1,67,46,116,88,14,102,218
10/02/2013,TCL,AL,ASO,ES,Federal Contract Tower,0,2,23,38,63,0,4,35,0,39,0,6,58,38,102,68,4,72,174
10/03/2013,TCL,AL,ASO,ES,Federal Contract Tower,2,3,25,16,46,0,2,33,10,45,2,5,58,26,91,34,4,38,129
10/04/2013,TCL,AL,ASO,ES,Federal Contract Tower,2,9,33,16,60,0,1,27,4,32,2,10,60,20,92,60,14,74,166
10/05/2013,TCL,AL,ASO,ES,Federal Contract Tower,1,6,30,0,37,0,0,30,5,35,1,6,60,5,72,102,0,102,174
10/06/2013,TCL,AL,ASO,ES,Federal Contract Tower,1,7,16,0,24,0,0,7,0,7,1,7,23,0,31,10,0,10,41
10/07/2013,TCL,AL,ASO,ES,Federal Contract Tower,2,1,13,28,44,0,2,40,0,42,2,3,53,28,86,124,0,124,210
10/08/2013,TCL,AL,ASO,ES,Federal Contract Tower,2,7,28,12,49,0,1,51,20,72,2,8,79,32,121,128,8,136,257
10/09/2013,TCL,AL,ASO,ES,Federal Contract Tower,0,0,16,28,44,0,5,23,7,35,0,5,39,35,79,102,0,102,181
10/10/2013,TCL,AL,ASO,ES,Federal Contract Tower,0,10,26,54,90,0,2,37,4,43,0,12,63,58,133,68,26,94,227
10/11/2013,TCL,AL,ASO,ES,Federal Contract Tower,2,2,29,18,51,0,2,35,12,49,2,4,64,30,100,90,10,100,200
10/12/2013,TCL,AL,ASO,ES,Federal Contract Tower,0,0,12,0,12,0,1,31,0,32,0,1,43,0,44,56,0,56,100
10/13/2013,TCL,AL,ASO,ES,Federal Contract Tower,0,9,31,0,40,0,0,36,0,36,0,9,67,0,76,68,0,68,144
10/14/2013,TCL,AL,ASO,ES,Federal Contract Tower,4,6,23,0,33,0,3,43,0,46,4,9,66,0,79,90,0,90,169
10/15/2013,TCL,AL,ASO,ES,Federal Contract Tower,2,2,13,6,23,0,0,33,18,51,2,2,46,24,74,128,4,132,206
10/16/2013,TCL,AL,ASO,ES,Federal Contract Tower,0,0,23,10,33,0,1,3,0,4,0,1,26,10,37,20,12,32,69
10/17/2013,TCL,AL,ASO,ES,Federal Contract Tower,3,5,28,12,48,0,1,1,0,2,3,6,29,12,50,4,0,4,54
10/18/2013,TCL,AL,ASO,ES,Federal Contract Tower,4,7,38,25,74,0,0,46,2,48,4,7,84,27,122,144,24,168,290
10/19/2013,TCL,AL,ASO,ES,Federal Contract Tower,7,3,99,0,109,0,0,46,0,46,7,3,145,0,155,106,0,106,261
10/20/2013,TCL,AL,ASO,ES,Federal Contract Tower,0,2,48,10,60,0,2,41,0,43,0,4,89,10,103,58,14,72,175
10/21/2013,TCL,AL,ASO,ES,Federal Contract Tower,0,5,18,18,41,0,5,42,16,63,0,10,60,34,104,96,28,124,228
10/22/2013,TCL,AL,ASO,ES,Federal Contract Tower,0,3,23,14,40,0,4,37,8,49,0,7,60,22,89,106,12,118,207
10/23/2013,TCL,AL,ASO,ES,Federal Contract Tower,0,2,32,29,63,0,1,19,20,40,0,3,51,49,103,30,8,38,141
10/24/2013,TCL,AL,ASO,ES,Federal Contract Tower,0,7,35,11,53,0,3,46,7,56,0,10,81,18,109,74,0,74,183
10/25/2013,TCL,AL,ASO,ES,Federal Contract Tower,2,5,35,12,54,0,0,63,4,67,2,5,98,16,121,58,0,58,179
10/26/2013,TCL,AL,ASO,ES,Federal Contract Tower,1,6,118,0,125,0,1,81,0,82,1,7,199,0,207,86,0,86,293
10/27/2013,TCL,AL,ASO,ES,Federal Contract Tower,0,10,47,13,70,0,0,36,9,45,0,10,83,22,115,58,12,70,185
10/28/2013,TCL,AL,ASO,ES,Federal Contract Tower,0,8,22,30,60,0,0,20,0,20,0,8,42,30,80,94,4,98,178
10/29/2013,TCL,AL,ASO,ES,Federal Contract Tower,0,3,25,29,57,0,2,29,5,36,0,5,54,34,93,172,6,178,271
10/30/2013,TCL,AL,ASO,ES,Federal Contract Tower,0,0,40,36,76,0,2,37,4,43,0,2,77,40,119,60,4,64,183
10/31/2013,TCL,AL,ASO,ES,Federal Contract Tower,0,4,15,4,23,0,3,3,1,7,0,7,18,5,30,12,0,12,42
11/01/2013,TCL,AL,ASO,ES,Federal Contract Tower,0,2,18,31,51,0,5,31,8,44,0,7,49,39,95,76,8,84,179
11/02/2013,TCL,AL,ASO,ES,Federal Contract Tower,0,2,14,9,25,0,2,73,3,78,0,4,87,12,103,60,4,64,167
11/03/2013,TCL,AL,ASO,ES,Federal Contract Tower,0,1,29,20,50,0,0,38,13,51,0,1,67,33,101,62,10,72,173
11/04/2013,TCL,AL,ASO,ES,Federal Contract Tower,0,4,33,41,78,0,6,37,39,82,0,10,70,80,160,110,32,142,302
11/05/2013,TCL,AL,ASO,ES,Federal Contract Tower,0,6,11,28,45,0,8,34,25,67,0,14,45,53,112,150,8,158,270
11/06/2013,TCL,AL,ASO,ES,Federal Contract Tower,0,3,25,43,71,0,6,29,9,44,0,9,54,52,115,32,8,40,155
11/07/2013,TCL,AL,ASO,ES,Federal Contract Tower,4,6,30,10,50,0,3,19,2,24,4,9,49,12,74,26,4,30,104
11/08/2013,TCL,AL,ASO,ES,Federal Contract Tower,1,8,64,14,87,0,3,58,16,77,1,11,122,30,164,46,6,52,216
11/09/2013,TCL,AL,ASO,ES,Federal Contract Tower,3,41,173,0,217,0,3,72,0,75,3,44,245,0,292,92,0,92,384
11/10/2013,TCL,AL,ASO,ES,Federal Contract Tower,2,23,68,1,94,0,2,48,3,53,2,25,116,4,147,4,0,4,151
11/11/2013,TCL,AL,ASO,ES,Federal Contract Tower,0,2,8,4,14,0,6,33,2,41,0,8,41,6,55,56,0,56,111
11/12/2013,TCL,AL,ASO,ES,Federal Contract Tower,0,3,16,36,55,0,3,29,0,32,0,6,45,36,87,4,4,8,95
11/13/2013,TCL,AL,ASO,ES,Federal Contract Tower,0,0,12,36,48,0,2,32,0,34,0,2,44,36,82,62,8,70,152
11/14/2013,TCL,AL,ASO,ES,Federal Contract Tower,0,4,26,17,47,0,4,28,3,35,0,8,54,20,82,14,2,16,98
11/15/2013,TCL,AL,ASO,ES,Federal Contract Tower,2,3,12,12,29,0,2,6,4,12,2,5,18,16,41,0,0,0,41
11/16/2013,TCL,AL,ASO,ES,Federal Contract Tower,2,19,21,16,58,0,0,3,0,3,2,19,24,16,61,0,0,0,61
11/17/2013,TCL,AL,ASO,ES,Federal Contract Tower,2,0,17,0,19,0,2,0,0,2,2,2,17,0,21,0,0,0,21
11/18/2013,TCL,AL,ASO,ES,Federal Contract Tower,0,6,16,21,43,0,12,37,23,72,0,18,53,44,115,84,20,104,219
11/19/2013,TCL,AL,ASO,ES,Federal Contract Tower,2,2,20,40,64,0,1,39,17,57,2,3,59,57,121,76,4,80,201
11/20/2013,TCL,AL,ASO,ES,Federal Contract Tower,0,8,18,38,64,0,6,53,21,80,0,14,71,59,144,32,10,42,186
11/21/2013,TCL,AL,ASO,ES,Federal Contract Tower,0,2,25,34,61,0,1,16,2,19,0,3,41,36,80,45,24,69,149
11/22/2013,TCL,AL,ASO,ES,Federal Contract Tower,0,1,38,2,41,0,0,7,0,7,0,1,45,2,48,0,0,0,48
11/23/2013,TCL,AL,ASO,ES,Federal Contract Tower,0,4,18,18,40,0,0,29,0,29,0,4,47,18,69,10,14,24,93
11/24/2013,TCL,AL,ASO,ES,Federal Contract Tower,0,2,22,10,34,0,2,30,4,36,0,4,52,14,70,36,2,38,108
11/25/2013,TCL,AL,ASO,ES,Federal Contract Tower,2,5,15,44,66,0,3,18,16,37,2,8,33,60,103,8,0,8,111
11/26/2013,TCL,AL,ASO,ES,Federal Contract Tower,0,4,8,4,16,0,0,0,0,0,0,4,8,4,16,0,0,0,16
11/27/2013,TCL,AL,ASO,ES,Federal Contract Tower,0,3,15,24,42,0,0,19,0,19,0,3,34,24,61,0,0,0,61
11/28/2013,TCL,AL,ASO,ES,Federal Contract Tower,0,0,5,0,5,0,6,15,0,21,0,6,20,0,26,0,0,0,26
11/29/2013,TCL,AL,ASO,ES,Federal Contract Tower,0,0,11,0,11,0,10,45,0,55,0,10,56,0,66,28,0,28,94
11/30/2013,TCL,AL,ASO,ES,Federal Contract Tower,0,0,12,2,14,0,2,28,3,33,0,2,40,5,47,16,0,16,63
12/01/2013,TCL,AL,ASO,ES,Federal Contract Tower,0,2,29,0,31,0,0,33,0,33,0,2,62,0,64,38,0,38,102
12/02/2013,TCL,AL,ASO,ES,Federal Contract Tower,0,3,19,27,49,0,2,6,16,24,0,5,25,43,73,4,10,14,87
12/03/2013,TCL,AL,ASO,ES,Federal Contract Tower,0,3,31,31,65,0,2,5,0,7,0,5,36,31,72,40,2,42,114
12/04/2013,TCL,AL,ASO,ES,Federal Contract Tower,0,3,27,8,38,0,8,11,0,19,0,11,38,8,57,30,16,46,103
12/05/2013,TCL,AL,ASO,ES,Federal Contract Tower,0,3,14,32,49,0,7,13,2,22,0,10,27,34,71,8,2,10,81
12/06/2013,TCL,AL,ASO,ES,Federal Contract Tower,0,3,18,4,25,0,0,0,0,0,0,3,18,4,25,0,0,0,25
12/07/2013,TCL,AL,ASO,ES,Federal Contract Tower,0,5,15,0,20,0,0,3,0,3,0,5,18,0,23,0,0,0,23
12/08/2013,TCL,AL,ASO,ES,Federal Contract Tower,0,2,2,0,4,0,0,0,0,0,0,2,2,0,4,0,0,0,4
12/09/2013,TCL,AL,ASO,ES,Federal Contract Tower,0,6,11,48,65,0,2,0,0,2,0,8,11,48,67,0,0,0,67
12/10/2013,TCL,AL,ASO,ES,Federal Contract Tower,0,11,12,27,50,0,5,23,20,48,0,16,35,47,98,24,0,24,122
12/11/2013,TCL,AL,ASO,ES,Federal Contract Tower,0,6,29,29,64,0,2,37,11,50,0,8,66,40,114,108,44,152,266
12/12/2013,TCL,AL,ASO,ES,Federal Contract Tower,0,4,22,30,56,0,3,25,5,33,0,7,47,35,89,56,0,56,145
12/13/2013,TCL,AL,ASO,ES,Federal Contract Tower,0,3,27,34,64,0,10,34,16,60,0,13,61,50,124,20,0,20,144
12/14/2013,TCL,AL,ASO,ES,Federal Contract Tower,0,3,6,12,21,0,0,1,0,1,0,3,7,12,22,0,0,0,22
12/15/2013,TCL,AL,ASO,ES,Federal Contract Tower,0,0,14,4,18,0,0,5,2,7,0,0,19,6,25,6,0,6,31
12/16/2013,TCL,AL,ASO,ES,Federal Contract Tower,2,2,19,16,39,0,8,36,12,56,2,10,55,28,95,106,8,114,209
12/17/2013,TCL,AL,ASO,ES,Federal Contract Tower,3,2,35,30,70,0,4,34,14,52,3,6,69,44,122,44,14,58,180
12/18/2013,TCL,AL,ASO,ES,Federal Contract Tower,1,2,23,20,46,0,8,34,18,60,1,10,57,38,106,76,6,82,188
12/19/2013,TCL,AL,ASO,ES,Federal Contract Tower,0,1,20,30,51,0,2,32,8,42,0,3,52,38,93,46,0,46,139
12/20/2013,TCL,AL,ASO,ES,Federal Contract Tower,2,2,11,8,23,0,8,10,3,21,2,10,21,11,44,38,20,58,102
12/21/2013,TCL,AL,ASO,ES,Federal Contract Tower,1,0,2,0,3,0,2,3,0,5,1,2,5,0,8,0,0,0,8
12/22/2013,TCL,AL,ASO,ES,Federal Contract Tower,0,0,2,0,2,0,4,7,0,11,0,4,9,0,13,8,0,8,21
12/23/2013,TCL,AL,ASO,ES,Federal Contract Tower,0,3,21,2,26,0,6,6,0,12,0,9,27,2,38,16,4,20,58
12/24/2013,TCL,AL,ASO,ES,Federal Contract Tower,0,0,4,0,4,0,0,21,0,21,0,0,25,0,25,28,0,28,53
12/25/2013,TCL,AL,ASO,ES,Federal Contract Tower,0,0,1,0,1,0,0,9,0,9,0,0,10,0,10,2,0,2,12
12/26/2013,TCL,AL,ASO,ES,Federal Contract Tower,1,2,21,0,24,0,0,39,0,39,1,2,60,0,63,58,0,58,121
12/27/2013,TCL,AL,ASO,ES,Federal Contract Tower,0,2,21,6,29,0,4,36,5,45,0,6,57,11,74,22,16,38,112
12/28/2013,TCL,AL,ASO,ES,Federal Contract Tower,0,1,7,0,8,0,2,3,0,5,0,3,10,0,13,0,0,0,13
12/29/2013,TCL,AL,ASO,ES,Federal Contract Tower,2,0,13,0,15,0,0,3,0,3,2,0,16,0,18,0,0,0,18
12/30/2013,TCL,AL,ASO,ES,Federal Contract Tower,0,0,17,0,17,0,0,15,0,15,0,0,32,0,32,30,0,30,62
12/31/2013,TCL,AL,ASO,ES,Federal Contract Tower,0,0,12,0,12,0,2,27,0,29,0,2,39,0,41,48,0,48,89
01/01/2014,TCL,AL,ASO,ES,Federal Contract Tower,2,2,4,0,8,0,3,23,0,26,2,5,27,0,34,38,0,38,72
01/02/2014,TCL,AL,ASO,ES,Federal Contract Tower,2,3,15,0,20,0,0,1,0,1,2,3,16,0,21,0,0,0,21
01/03/2014,TCL,AL,ASO,ES,Federal Contract Tower,1,2,20,10,33,0,10,34,0,44,1,12,54,10,77,70,0,70,147
01/04/2014,TCL,AL,ASO,ES,Federal Contract Tower,0,1,5,27,33,0,0,41,1,42,0,1,46,28,75,40,8,48,123
01/05/2014,TCL,AL,ASO,ES,Federal Contract Tower,0,0,10,16,26,0,0,0,0,0,0,0,10,16,26,0,0,0,26
01/06/2014,TCL,AL,ASO,ES,Federal Contract Tower,1,1,8,4,14,0,4,21,0,25,1,5,29,4,39,4,0,4,43
01/07/2014,TCL,AL,ASO,ES,Federal Contract Tower,1,1,16,21,39,0,2,18,5,25,1,3,34,26,64,40,10,50,114
01/08/2014,TCL,AL,ASO,ES,Federal Contract Tower,0,2,15,20,37,0,4,33,16,53,0,6,48,36,90,70,0,70,160
01/09/2014,TCL,AL,ASO,ES,Federal Contract Tower,0,3,15,23,41,0,8,18,5,31,0,11,33,28,72,50,12,62,134
01/10/2014,TCL,AL,ASO,ES,Federal Contract Tower,0,2,24,8,34,0,0,6,0,6,0,2,30,8,40,0,0,0,40
01/11/2014,TCL,AL,ASO,ES,Federal Contract Tower,0,0,5,7,12,0,2,7,2,11,0,2,12,9,23,26,8,34,57
01/12/2014,TCL,AL,ASO,ES,Federal Contract Tower,0,0,37,8,45,0,4,45,0,49,0,4,82,8,94,18,0,18,112
01/13/2014,TCL,AL,ASO,ES,Federal Contract Tower,0,1,17,0,18,0,0,0,0,0,0,1,17,0,18,0,0,0,18
01/14/2014,TCL,AL,ASO,ES,Federal Contract Tower,0,2,13,18,33,0,3,45,22,70,0,5,58,40,103,96,26,122,225
01/15/2014,TCL,AL,ASO,ES,Federal Contract Tower,0,5,25,28,58,0,1,21,8,30,0,6,46,36,88,38,0,38,126
01/16/2014,TCL,AL,ASO,ES,Federal Contract Tower,0,2,27,12,41,0,2,38,0,40,0,4,65,12,81,48,0,48,129
01/17/2014,TCL,AL,ASO,ES,Federal Contract Tower,2,4,14,18,38,0,2,10,10,22,2,6,24,28,60,0,0,0,60
01/18/2014,TCL,AL,ASO,ES,Federal Contract Tower,2,0,11,4,17,0,0,25,0,25,2,0,36,4,42,66,0,66,108
01/19/2014,TCL,AL,ASO,ES,Federal Contract Tower,1,0,15,4,20,0,0,36,0,36,1,0,51,4,56,56,0,56,112
01/20/2014,TCL,AL,ASO,ES,Federal Contract Tower,1,1,12,4,18,0,4,34,0,38,1,5,46,4,56,54,0,54,110
01/21/2014,TCL,AL,ASO,ES,Federal Contract Tower,0,3,21,18,42,0,14,14,0,28,0,17,35,18,70,16,0,16,86
01/22/2014,TCL,AL,ASO,ES,Federal Contract Tower,2,3,17,26,48,0,0,64,4,68,2,3,81,30,116,36,2,38,154
01/23/2014,TCL,AL,ASO,ES,Federal Contract Tower,0,1,19,22,42,0,7,23,0,30,0,8,42,22,72,56,0,56,128
01/24/2014,TCL,AL,ASO,ES,Federal Contract Tower,5,3,30,24,62,0,12,23,6,41,5,15,53,30,103,38,0,38,141
01/25/2014,TCL,AL,ASO,ES,Federal Contract Tower,4,1,16,9,30,0,0,42,1,43,4,1,58,10,73,46,10,56,129
01/26/2014,TCL,AL,ASO,ES,Federal Contract Tower,2,2,18,10,32,0,2,43,4,49,2,4,61,14,81,80,0,80,161
01/27/2014,TCL,AL,ASO,ES,Federal Contract Tower,0,5,11,39,55,0,14,21,4,39,0,19,32,43,94,28,30,58,152
01/28/2014,TCL,AL,ASO,ES,Federal Contract Tower,0,0,6,2,8,0,0,2,0,2,0,0,8,2,10,0,0,0,10
01/29/2014,TCL,AL,ASO,ES,Federal Contract Tower,0,0,10,1,11,0,11,16,0,27,0,11,26,1,38,14,0,14,52
01/30/2014,TCL,AL,ASO,ES,Federal Contract Tower,0,5,23,24,52,0,8,38,7,53,0,13,61,31,105,52,0,52,157
01/31/2014,TCL,AL,ASO,ES,Federal Contract Tower,2,0,13,14,29,0,0,38,3,41,2,0,51,17,70,8,0,8,78
02/01/2014,TCL,AL,ASO,ES,Federal Contract Tower,2,0,15,7,24,0,0,38,8,46,2,0,53,15,70,58,0,58,128
02/02/2014,TCL,AL,ASO,ES,Federal Contract Tower,4,1,12,0,17,0,2,0,4,6,4,3,12,4,23,0,0,0,23
02/03/2014,TCL,AL,ASO,ES,Federal Contract Tower,0,0,7,28,35,0,5,12,0,17,0,5,19,28,52,18,4,22,74
02/04/2014,TCL,AL,ASO,ES,Federal Contract Tower,2,0,33,24,59,0,0,0,0,0,2,0,33,24,59,0,0,0,59
02/05/2014,TCL,AL,ASO,ES,Federal Contract Tower,0,1,18,8,27,0,0,7,1,8,0,1,25,9,35,10,4,14,49
02/06/2014,TCL,AL,ASO,ES,Federal Contract Tower,2,1,20,10,33,0,2,3,0,5,2,3,23,10,38,32,0,32,70
02/07/2014,TCL,AL,ASO,ES,Federal Contract Tower,2,2,12,26,42,0,3,29,5,37,2,5,41,31,79,28,10,38,117
02/08/2014,TCL,AL,ASO,ES,Federal Contract Tower,5,2,9,12,28,0,1,24,2,27,5,3,33,14,55,42,20,62,117
02/09/2014,TCL,AL,ASO,ES,Federal Contract Tower,2,2,11,10,25,0,6,32,12,50,2,8,43,22,75,84,4,88,163
02/10/2014,TCL,AL,ASO,ES,Federal Contract Tower,0,1,20,46,67,0,0,2,20,22,0,1,22,66,89,4,6,10,99
02/11/2014,TCL,AL,ASO,ES,Federal Contract Tower,0,3,6,0,9,0,0,3,0,3,0,3,9,0,12,0,0,0,12
02/12/2014,TCL,AL,ASO,ES,Federal Contract Tower,0,2,7,0,9,0,0,0,0,0,0,2,7,0,9,0,0,0,9
02/13/2014,TCL,AL,ASO,ES,Federal Contract Tower,0,2,21,14,37,0,0,28,4,32,0,2,49,18,69,98,0,98,167
02/14/2014,TCL,AL,ASO,ES,Federal Contract Tower,3,1,8,12,24,0,2,45,8,55,3,3,53,20,79,40,0,40,119
02/15/2014,TCL,AL,ASO,ES,Federal Contract Tower,2,3,13,7,25,0,0,42,1,43,2,3,55,8,68,38,0,38,106
02/16/2014,TCL,AL,ASO,ES,Federal Contract Tower,2,4,12,6,24,0,0,58,8,66,2,4,70,14,90,90,8,98,188
02/17/2014,TCL,AL,ASO,ES,Federal Contract Tower,0,6,13,4,23,0,0,14,1,15,0,6,27,5,38,8,0,8,46
02/18/2014,TCL,AL,ASO,ES,Federal Contract Tower,0,2,23,24,49,0,5,15,4,24,0,7,38,28,73,54,0,54,127
02/19/2014,TCL,AL,ASO,ES,Federal Contract Tower,2,3,23,42,70,0,6,6,0,12,2,9,29,42,82,24,2,26,108
02/20/2014,TCL,AL,ASO,ES,Federal Contract Tower,0,7,23,6,36,0,0,5,0,5,0,7,28,6,41,0,0,0,41
02/21/2014,TCL,AL,ASO,ES,Federal Contract Tower,4,0,17,14,35,0,2,41,9,52,4,2,58,23,87,16,0,16,103
02/22/2014,TCL,AL,ASO,ES,Federal Contract Tower,0,3,10,4,17,0,0,28,6,34,0,3,38,10,51,24,16,40,91
02/23/2014,TCL,AL,ASO,ES,Federal Contract Tower,0,2,15,18,35,2,5,17,4,28,2,7,32,22,63,80,0,80,143
02/24/2014,TCL,AL,ASO,ES,Federal Contract Tower,0,3,15,26,44,0,4,34,27,65,0,7,49,53,109,80,38,118,227
02/25/2014,TCL,AL,ASO,ES,Federal Contract Tower,0,4,13,14,31,0,0,9,2,11,0,4,22,16,42,34,4,38,80
02/26/2014,TCL,AL,ASO,ES,Federal Contract Tower,0,6,21,25,52,0,2,15,3,20,0,8,36,28,72,6,0,6,78
02/27/2014,TCL,AL,ASO,ES,Federal Contract Tower,0,1,15,8,24,0,3,23,10,36,0,4,38,18,60,8,10,18,78
02/28/2014,TCL,AL,ASO,ES,Federal Contract Tower,0,3,28,28,59,0,4,32,7,43,0,7,60,35,102,72,6,78,180
03/01/2014,TCL,AL,ASO,ES,Federal Contract Tower,1,1,20,10,32,0,1,37,7,45,1,2,57,17,77,16,0,16,93
03/02/2014,TCL,AL,ASO,ES,Federal Contract Tower,3,0,17,5,25,0,4,16,4,24,3,4,33,9,49,40,0,40,89
03/03/2014,TCL,AL,ASO,ES,Federal Contract Tower,2,2,7,0,11,0,0,0,0,0,2,2,7,0,11,0,0,0,11
03/04/2014,TCL,AL,ASO,ES,Federal Contract Tower,0,3,25,23,51,0,3,11,0,14,0,6,36,23,65,44,0,44,109
03/05/2014,TCL,AL,ASO,ES,Federal Contract Tower,0,2,12,8,22,0,9,26,2,37,0,11,38,10,59,6,6,12,71
03/06/2014,TCL,AL,ASO,ES,Federal Contract Tower,0,9,17,26,52,0,2,0,0,2,0,11,17,26,54,0,0,0,54
03/07/2014,TCL,AL,ASO,ES,Federal Contract Tower,0,5,21,32,58,0,0,41,2,43,0,5,62,34,101,96,0,96,197
03/08/2014,TCL,AL,ASO,ES,Federal Contract Tower,2,4,16,14,36,0,5,38,2,45,2,9,54,16,81,48,22,70,151
03/09/2014,TCL,AL,ASO,ES,Federal Contract Tower,0,4,14,10,28,0,6,39,6,51,0,10,53,16,79,72,10,82,161
03/10/2014,TCL,AL,ASO,ES,Federal Contract Tower,0,3,15,26,44,0,5,31,2,38,0,8,46,28,82,102,0,102,184
03/11/2014,TCL,AL,ASO,ES,Federal Contract Tower,0,2,14,44,60,0,4,33,3,40,0,6,47,47,100,30,30,60,160
03/12/2014,TCL,AL,ASO,ES,Federal Contract Tower,0,2,24,20,46,0,0,0,0,0,0,2,24,20,46,0,4,4,50
03/13/2014,TCL,AL,ASO,ES,Federal Contract Tower,3,6,21,41,71,0,0,37,12,49,3,6,58,53,120,26,18,44,164
03/14/2014,TCL,AL,ASO,ES,Federal Contract Tower,0,2,25,20,47,0,10,39,27,76,0,12,64,47,123,40,4,44,167
03/15/2014,TCL,AL,ASO,ES,Federal Contract Tower,0,7,12,4,23,0,4,26,0,30,0,11,38,4,53,36,0,36,89
03/16/2014,TCL,AL,ASO,ES,Federal Contract Tower,0,0,14,12,26,0,0,4,0,4,0,0,18,12,30,0,0,0,30
03/17/2014,TCL,AL,ASO,ES,Federal Contract Tower,0,4,20,24,48,0,0,0,4,4,0,4,20,28,52,0,6,6,58
03/18/2014,TCL,AL,ASO,ES,Federal Contract Tower,0,3,9,14,26,0,4,15,0,19,0,7,24,14,45,0,0,0,45
03/19/2014,TCL,AL,ASO,ES,Federal Contract Tower,0,3,25,28,56,0,4,13,2,19,0,7,38,30,75,64,0,64,139
03/20/2014,TCL,AL,ASO,ES,Federal Contract Tower,2,3,24,22,51,0,2,47,2,51,2,5,71,24,102,66,0,66,168
03/21/2014,TCL,AL,ASO,ES,Federal Contract Tower,0,1,23,44,68,0,0,38,8,46,0,1,61,52,114,34,8,42,156
03/22/2014,TCL,AL,ASO,ES,Federal Contract Tower,0,7,23,1,31,0,2,35,0,37,0,9,58,1,68,86,0,86,154
03/23/2014,TCL,AL,ASO,ES,Federal Contract Tower,4,2,15,29,50,0,4,3,0,7,4,6,18,29,57,10,0,10,67
03/24/2014,TCL,AL,ASO,ES,Federal Contract Tower,0,1,14,30,45,0,12,22,2,36,0,13,36,32,81,36,2,38,119
03/25/2014,TCL,AL,ASO,ES,Federal Contract Tower,0,6,13,39,58,0,4,26,17,47,0,10,39,56,105,38,0,38,143
03/26/2014,TCL,AL,ASO,ES,Federal Contract Tower,0,0,22,31,53,0,6,34,14,54,0,6,56,45,107,106,8,114,221
03/27/2014,TCL,AL,ASO,ES,Federal Contract Tower,0,1,18,43,62,0,1,23,3,27,0,2,41,46,89,32,28,60,149
03/28/2014,TCL,AL,ASO,ES,Federal Contract Tower,0,2,11,26,39,0,0,12,0,12,0,2,23,26,51,122,0,122,173
03/29/2014,TCL,AL,ASO,ES,Federal Contract Tower,0,0,9,0,9,0,0,7,0,7,0,0,16,0,16,4,0,4,20
03/30/2014,TCL,AL,ASO,ES,Federal Contract Tower,0,2,13,6,21,0,10,34,2,46,0,12,47,8,67,76,6,82,149
03/31/2014,TCL,AL,ASO,ES,Federal Contract Tower,0,0,18,17,35,0,4,27,21,52,0,4,45,38,87,98,0,98,185
04/01/2014,TCL,AL,ASO,ES,Federal Contract Tower,0,3,17,18,38,0,3,37,4,44,0,6,54,22,82,120,0,120,202
04/02/2014,TCL,AL,ASO,ES,Federal Contract Tower,0,4,30,26,60,0,4,5,4,13,0,8,35,30,73,40,22,62,135
04/03/2014,TCL,AL,ASO,ES,Federal Contract Tower,2,3,30,13,48,0,1,15,1,17,2,4,45,14,65,6,0,6,71
04/04/2014,TCL,AL,ASO,ES,Federal Contract Tower,0,2,6,4,12,0,2,0,2,4,0,4,6,6,16,4,0,4,20
04/05/2014,TCL,AL,ASO,ES,Federal Contract Tower,0,1,14,2,17,0,0,31,1,32,0,1,45,3,49,50,0,50,99
04/06/2014,TCL,AL,ASO,ES,Federal Contract Tower,2,3,9,0,14,0,0,2,0,2,2,3,11,0,16,0,0,0,16
04/07/2014,TCL,AL,ASO,ES,Federal Contract Tower,0,2,8,26,36,0,0,8,2,10,0,2,16,28,46,46,18,64,110
04/08/2014,TCL,AL,ASO,ES,Federal Contract Tower,0,0,16,0,16,0,6,25,0,31,0,6,41,0,47,88,0,88,135
04/09/2014,TCL,AL,ASO,ES,Federal Contract Tower,0,4,22,19,45,0,10,30,15,55,0,14,52,34,100,120,18,138,238
04/10/2014,TCL,AL,ASO,ES,Federal Contract Tower,0,8,19,14,41,0,0,40,15,55,0,8,59,29,96,40,0,40,136
04/11/2014,TCL,AL,ASO,ES,Federal Contract Tower,0,9,40,25,74,0,5,39,23,67,0,14,79,48,141,68,0,68,209
04/12/2014,TCL,AL,ASO,ES,Federal Contract Tower,0,2,24,10,36,0,3,48,14,65,0,5,72,24,101,26,18,44,145
04/13/2014,TCL,AL,ASO,ES,Federal Contract Tower,0,1,13,7,21,0,0,24,1,25,0,1,37,8,46,44,4,48,94
04/14/2014,TCL,AL,ASO,ES,Federal Contract Tower,0,1,10,0,11,0,0,2,0,2,0,1,12,0,13,0,0,0,13
04/15/2014,TCL,AL,ASO,ES,Federal Contract Tower,0,2,26,16,44,0,6,6,10,22,0,8,32,26,66,2,6,8,74
04/16/2014,TCL,AL,ASO,ES,Federal Contract Tower,0,3,22,30,55,0,0,50,14,64,0,3,72,44,119,32,6,38,157
04/17/2014,TCL,AL,ASO,ES,Federal Contract Tower,0,4,17,16,37,0,2,38,6,46,0,6,55,22,83,26,8,34,117
04/18/2014,TCL,AL,ASO,ES,Federal Contract Tower,0,3,26,30,59,0,0,4,8,12,0,3,30,38,71,0,0,0,71
04/19/2014,TCL,AL,ASO,ES,Federal Contract Tower,0,2,21,0,23,0,2,40,0,42,0,4,61,0,65,46,0,46,111
04/20/2014,TCL,AL,ASO,ES,Federal Contract Tower,0,3,15,2,20,0,12,19,2,33,0,15,34,4,53,48,4,52,105
04/21/2014,TCL,AL,ASO,ES,Federal Contract Tower,0,1,24,18,43,0,2,37,16,55,0,3,61,34,98,68,6,74,172
04/22/2014,TCL,AL,ASO,ES,Federal Contract Tower,0,7,29,26,62,0,0,6,1,7,0,7,35,27,69,0,4,4,73
04/23/2014,TCL,AL,ASO,ES,Federal Contract Tower,0,4,36,31,71,0,2,53,16,71,0,6,89,47,142,106,20,126,268
04/24/2014,TCL,AL,ASO,ES,Federal Contract Tower,0,0,29,0,29,0,0,37,2,39,0,0,66,2,68,80,0,80,148
04/25/2014,TCL,AL,ASO,ES,Federal Contract Tower,0,6,23,30,59,0,4,17,6,27,0,10,40,36,86,68,0,68,154
04/26/2014,TCL,AL,ASO,ES,Federal Contract Tower,0,1,11,0,12,0,5,57,1,63,0,6,68,1,75,68,0,68,143
04/27/2014,TCL,AL,ASO,ES,Federal Contract Tower,0,3,25,0,28,0,8,5,0,13,0,11,30,0,41,0,0,0,41
04/28/2014,TCL,AL,ASO,ES,Federal Contract Tower,0,5,12,12,29,0,4,12,0,16,0,9,24,12,45,24,0,24,69
04/29/2014,TCL,AL,ASO,ES,Federal Contract Tower,0,5,8,12,25,0,8,19,2,29,0,13,27,14,54,8,0,8,62
04/30/2014,TCL,AL,ASO,ES,Federal Contract Tower,2,4,17,26,49,0,0,34,12,46,2,4,51,38,95,90,0,90,185
05/01/2014,TCL,AL,ASO,ES,Federal Contract Tower,0,5,35,39,79,0,5,37,4,46,0,10,72,43,125,74,0,74,199
05/02/2014,TCL,AL,ASO,ES,Federal Contract Tower,0,1,39,29,69,0,4,27,1,32,0,5,66,30,101,14,0,14,115
05/03/2014,TCL,AL,ASO,ES,Federal Contract Tower,0,6,16,4,26,0,0,41,2,43,0,6,57,6,69,74,24,98,167
05/04/2014,TCL,AL,ASO,ES,Federal Contract Tower,0,3,21,9,33,0,0,31,7,38,0,3,52,16,71,98,16,114,185
05/05/2014,TCL,AL,ASO,ES,Federal Contract Tower,0,0,14,31,45,0,5,35,6,46,0,5,49,37,91,84,16,100,191
05/06/2014,TCL,AL,ASO,ES,Federal Contract Tower,2,1,17,24,44,0,5,54,6,65,2,6,71,30,109,108,8,116,225
05/07/2014,TCL,AL,ASO,ES,Federal Contract Tower,0,5,22,28,55,0,4,25,4,33,0,9,47,32,88,68,0,68,156
05/08/2014,TCL,AL,ASO,ES,Federal Contract Tower,0,7,25,12,44,0,5,26,4,35,0,12,51,16,79,48,0,48,127
05/09/2014,TCL,AL,ASO,ES,Federal Contract Tower,0,2,16,12,30,0,0,10,0,10,0,2,26,12,40,14,0,14,54
05/10/2014,TCL,AL,ASO,ES,Federal Contract Tower,0,6,4,5,15,0,0,17,0,17,0,6,21,5,32,0,0,0,32
05/11/2014,TCL,AL,ASO,ES,Federal Contract Tower,0,1,11,16,28,0,4,11,2,17,0,5,22,18,45,72,0,72,117
05/12/2014,TCL,AL,ASO,ES,Federal Contract Tower,0,0,25,38,63,0,0,15,0,15,0,0,40,38,78,64,0,64,142
05/13/2014,TCL,AL,ASO,ES,Federal Contract Tower,0,4,18,26,48,0,4,33,0,37,0,8,51,26,85,130,12,142,227
05/14/2014,TCL,AL,ASO,ES,Federal Contract Tower,1,1,8,18,28,0,1,6,0,7,1,2,14,18,35,8,0,8,43
05/15/2014,TCL,AL,ASO,ES,Federal Contract Tower,0,8,25,27,60,0,0,18,3,21,0,8,43,30,81,84,12,96,177
05/16/2014,TCL,AL,ASO,ES,Federal Contract Tower,0,2,22,24,48,0,4,39,6,49,0,6,61,30,97,98,0,98,195
05/17/2014,TCL,AL,ASO,ES,Federal Contract Tower,0,0,5,4,9,0,6,42,2,50,0,6,47,6,59,40,6,46,105
05/18/2014,TCL,AL,ASO,ES,Federal Contract Tower,0,4,13,4,21,0,2,21,10,33,0,6,34,14,54,64,4,68,122
05/19/2014,TCL,AL,ASO,ES,Federal Contract Tower,0,4,31,12,47,0,0,46,12,58,0,4,77,24,105,94,12,106,211
05/20/2014,TCL,AL,ASO,ES,Federal Contract Tower,1,0,17,4,22,0,6,43,6,55,1,6,60,10,77,90,4,94,171
05/21/2014,TCL,AL,ASO,ES,Federal Contract Tower,0,2,23,10,35,0,7,45,2,54,0,9,68,12,89,44,12,56,145
05/22/2014,TCL,AL,ASO,ES,Federal Contract Tower,0,2,36,13,51,0,3,45,11,59,0,5,81,24,110,62,0,62,172
05/23/2014,TCL,AL,ASO,ES,Federal Contract Tower,0,0,24,2,26,0,0,31,2,33,0,0,55,4,59,48,12,60,119
05/24/2014,TCL,AL,ASO,ES,Federal Contract Tower,1,0,15,0,16,0,0,15,4,19,1,0,30,4,35,64,0,64,99
05/25/2014,TCL,AL,ASO,ES,Federal Contract Tower,0,1,6,0,7,0,1,37,0,38,0,2,43,0,45,106,0,106,151
05/26/2014,TCL,AL,ASO,ES,Federal Contract Tower,0,3,21,0,24,0,3,23,6,32,0,6,44,6,56,48,0,48,104
05/27/2014,TCL,AL,ASO,ES,Federal Contract Tower,2,5,15,10,32,0,3,29,17,49,2,8,44,27,81,164,0,164,245
05/28/2014,TCL,AL,ASO,ES,Federal Contract Tower,0,4,19,0,23,0,4,11,0,15,0,8,30,0,38,2,0,2,40
05/29/2014,TCL,AL,ASO,ES,Federal Contract Tower,0,6,18,14,38,0,0,6,0,6,0,6,24,14,44,16,0,16,60
05/30/2014,TCL,AL,ASO,ES,Federal Contract Tower,0,1,25,21,47,0,8,22,12,42,0,9,47,33,89,78,0,78,167
05/31/2014,TCL,AL,ASO,ES,Federal Contract Tower,0,2,7,0,9,0,2,21,0,23,0,4,28,0,32,88,0,88,120
06/01/2014,TCL,AL,ASO,ES,Federal Contract Tower,0,4,16,8,28,0,2,15,0,17,0,6,31,8,45,116,0,116,161
06/02/2014,TCL,AL,ASO,ES,Federal Contract Tower,0,0,17,16,33,0,4,21,6,31,0,4,38,22,64,68,16,84,148
06/03/2014,TCL,AL,ASO,ES,Federal Contract Tower,0,3,30,10,43,0,3,27,0,30,0,6,57,10,73,104,0,104,177
06/04/2014,TCL,AL,ASO,ES,Federal Contract Tower,2,0,23,16,41,0,0,31,10,41,2,0,54,26,82,88,8,96,178
06/05/2014,TCL,AL,ASO,ES,Federal Contract Tower,0,0,12,5,17,0,4,21,2,27,0,4,33,7,44,170,0,170,214
06/06/2014,TCL,AL,ASO,ES,Federal Contract Tower,0,0,28,4,32,0,0,25,0,25,0,0,53,4,57,46,0,46,103
06/07/2014,TCL,AL,ASO,ES,Federal Contract Tower,0,0,7,6,13,0,1,32,6,39,0,1,39,12,52,90,16,106,158
06/08/2014,TCL,AL,ASO,ES,Federal Contract Tower,2,2,19,0,23,0,4,21,10,35,2,6,40,10,58,32,4,36,94
06/09/2014,TCL,AL,ASO,ES,Federal Contract Tower,0,2,20,22,44,0,0,21,21,42,0,2,41,43,86,106,0,106,192
06/10/2014,TCL,AL,ASO,ES,Federal Contract Tower,0,0,13,10,23,0,0,3,0,3,0,0,16,10,26,0,0,0,26
06/11/2014,TCL,AL,ASO,ES,Federal Contract Tower,0,3,10,20,33,0,1,21,2,24,0,4,31,22,57,18,0,18,75
06/12/2014,TCL,AL,ASO,ES,Federal Contract Tower,0,3,30,21,54,0,1,42,0,43,0,4,72,21,97,90,4,94,191
06/13/2014,TCL,AL,ASO,ES,Federal Contract Tower,0,2,17,18,37,0,0,32,7,39,0,2,49,25,76,94,12,106,182
06/14/2014,TCL,AL,ASO,ES,Federal Contract Tower,0,4,20,6,30,0,4,36,4,44,0,8,56,10,74,92,0,92,166
06/15/2014,TCL,AL,ASO,ES,Federal Contract Tower,2,4,14,24,44,0,2,26,2,30,2,6,40,26,74,100,12,112,186
06/16/2014,TCL,AL,ASO,ES,Federal Contract Tower,0,3,12,8,23,0,4,33,4,41,0,7,45,12,64,82,0,82,146
06/17/2014,TCL,AL,ASO,ES,Federal Contract Tower,0,2,19,18,39,0,6,52,4,62,0,8,71,22,101,56,0,56,157
06/18/2014,TCL,AL,ASO,ES,Federal Contract Tower,0,0,27,14,41,0,0,32,0,32,0,0,59,14,73,42,0,42,115
06/19/2014,TCL,AL,ASO,ES,Federal Contract Tower,0,0,16,28,44,0,5,36,2,43,0,5,52,30,87,32,0,32,119
06/20/2014,TCL,AL,ASO,ES,Federal Contract Tower,0,3,16,38,57,0,4,27,7,38,0,7,43,45,95,66,0,66,161
06/21/2014,TCL,AL,ASO,ES,Federal Contract Tower,0,0,14,15,29,0,0,30,5,35,0,0,44,20,64,96,4,100,164
06/22/2014,TCL,AL,ASO,ES,Federal Contract Tower,0,2,11,41,54,0,0,20,6,26,0,2,31,47,80,28,16,44,124
06/23/2014,TCL,AL,ASO,ES,Federal Contract Tower,0,3,10,5,18,0,3,22,0,25,0,6,32,5,43,40,0,40,83
06/24/2014,TCL,AL,ASO,ES,Federal Contract Tower,0,5,14,20,39,0,2,10,0,12,0,7,24,20,51,0,2,2,53
06/25/2014,TCL,AL,ASO,ES,Federal Contract Tower,0,4,28,26,58,0,5,25,17,47,0,9,53,43,105,68,18,86,191
06/26/2014,TCL,AL,ASO,ES,Federal Contract Tower,0,3,12,21,36,0,0,1,5,6,0,3,13,26,42,34,6,40,82
06/27/2014,TCL,AL,ASO,ES,Federal Contract Tower,0,1,23,16,40,0,5,29,2,36,0,6,52,18,76,70,0,70,146
06/28/2014,TCL,AL,ASO,ES,Federal Contract Tower,0,0,10,2,12,0,5,16,2,23,0,5,26,4,35,52,8,60,95
06/29/2014,TCL,AL,ASO,ES,Federal Contract Tower,0,1,19,10,30,0,2,26,0,28,0,3,45,10,58,78,0,78,136
06/30/2014,TCL,AL,ASO,ES,Federal Contract Tower,0,0,11,18,29,0,0,31,0,31,0,0,42,18,60,70,0,70,130
07/01/2014,TCL,AL,ASO,ES,Federal Contract Tower,0,0,22,37,59,0,8,38,2,48,0,8,60,39,107,108,8,116,223
07/02/2014,TCL,AL,ASO,ES,Federal Contract Tower,0,0,21,20,41,0,4,27,2,33,0,4,48,22,74,58,8,66,140
07/03/2014,TCL,AL,ASO,ES,Federal Contract Tower,0,1,18,12,31,0,0,22,2,24,0,1,40,14,55,82,0,82,137
07/04/2014,TCL,AL,ASO,ES,Federal Contract Tower,0,1,7,0,8,0,2,25,0,27,0,3,32,0,35,2,0,2,37
07/05/2014,TCL,AL,ASO,ES,Federal Contract Tower,0,2,6,0,8,0,2,25,0,27,0,4,31,0,35,60,0,60,95
07/06/2014,TCL,AL,ASO,ES,Federal Contract Tower,0,2,22,0,24,0,3,28,0,31,0,5,50,0,55,80,0,80,135
07/07/2014,TCL,AL,ASO,ES,Federal Contract Tower,0,0,19,0,19,0,0,36,0,36,0,0,55,0,55,108,0,108,163
07/08/2014,TCL,AL,ASO,ES,Federal Contract Tower,0,0,15,11,26,0,8,31,5,44,0,8,46,16,70,122,6,128,198
07/09/2014,TCL,AL,ASO,ES,Federal Contract Tower,0,1,22,14,37,0,2,20,2,24,0,3,42,16,61,40,2,42,103
07/10/2014,TCL,AL,ASO,ES,Federal Contract Tower,0,2,17,23,42,0,3,31,7,41,0,5,48,30,83,68,4,72,155
07/11/2014,TCL,AL,ASO,ES,Federal Contract Tower,0,1,18,36,55,0,2,31,5,38,0,3,49,41,93,76,8,84,177
07/12/2014,TCL,AL,ASO,ES,Federal Contract Tower,0,2,10,12,24,0,0,30,4,34,0,2,40,16,58,54,0,54,112
07/13/2014,TCL,AL,ASO,ES,Federal Contract Tower,0,0,9,11,20,0,10,25,5,40,0,10,34,16,60,94,0,94,154
07/14/2014,TCL,AL,ASO,ES,Federal Contract Tower,0,1,15,20,36,0,4,31,5,40,0,5,46,25,76,88,0,88,164
07/15/2014,TCL,AL,ASO,ES,Federal Contract Tower,0,9,7,6,22,0,2,10,1,13,0,11,17,7,35,86,0,86,121
07/16/2014,TCL,AL,ASO,ES,Federal Contract Tower,0,4,19,12,35,0,0,45,3,48,0,4,64,15,83,76,2,78,161
07/17/2014,TCL,AL,ASO,ES,Federal Contract Tower,0,0,27,2,29,0,4,32,3,39,0,4,59,5,68,48,0,48,116
07/18/2014,TCL,AL,ASO,ES,Federal Contract Tower,0,2,17,6,25,0,0,0,1,1,0,2,17,7,26,0,4,4,30
07/19/2014,TCL,AL,ASO,ES,Federal Contract Tower,0,1,14,12,27,0,0,7,0,7,0,1,21,12,34,0,0,0,34
07/20/2014,TCL,AL,ASO,ES,Federal Contract Tower,0,0,25,7,32,0,4,22,6,32,0,4,47,13,64,86,10,96,160
07/21/2014,TCL,AL,ASO,ES,Federal Contract Tower,0,2,13,16,31,0,4,34,12,50,0,6,47,28,81,108,16,124,205
07/22/2014,TCL,AL,ASO,ES,Federal Contract Tower,0,6,15,16,37,0,8,27,0,35,0,14,42,16,72,122,0,122,194
07/23/2014,TCL,AL,ASO,ES,Federal Contract Tower,0,0,34,26,60,0,0,41,8,49,0,0,75,34,109,42,8,50,159
07/24/2014,TCL,AL,ASO,ES,Federal Contract Tower,0,3,27,27,57,0,7,31,1,39,0,10,58,28,96,110,12,122,218
07/25/2014,TCL,AL,ASO,ES,Federal Contract Tower,0,3,23,15,41,0,6,40,7,53,0,9,63,22,94,116,0,116,210
07/26/2014,TCL,AL,ASO,ES,Federal Contract Tower,0,0,5,16,21,0,8,37,2,47,0,8,42,18,68,62,32,94,162
07/27/2014,TCL,AL,ASO,ES,Federal Contract Tower,0,1,15,9,25,0,0,22,1,23,0,1,37,10,48,60,10,70,118
07/28/2014,TCL,AL,ASO,ES,Federal Contract Tower,0,6,18,22,46,0,4,29,2,35,0,10,47,24,81,114,14,128,209
07/29/2014,TCL,AL,ASO,ES,Federal Contract Tower,0,2,16,42,60,0,6,19,12,37,0,8,35,54,97,76,8,84,181
07/30/2014,TCL,AL,ASO,ES,Federal Contract Tower,0,1,36,26,63,0,4,50,4,58,0,5,86,30,121,148,4,152,273
07/31/2014,TCL,AL,ASO,ES,Federal Contract Tower,2,3,21,33,59,0,2,40,11,53,2,5,61,44,112,44,14,58,170
08/01/2014,TCL,AL,ASO,ES,Federal Contract Tower,2,4,22,29,57,0,0,29,0,29,2,4,51,29,86,66,14,80,166
08/02/2014,TCL,AL,ASO,ES,Federal Contract Tower,3,10,13,0,26,0,0,20,2,22,3,10,33,2,48,14,0,14,62
08/03/2014,TCL,AL,ASO,ES,Federal Contract Tower,0,3,17,18,38,0,0,22,2,24,0,3,39,20,62,62,10,72,134
08/04/2014,TCL,AL,ASO,ES,Federal Contract Tower,0,1,12,25,38,0,0,36,7,43,0,1,48,32,81,110,10,120,201
08/05/2014,TCL,AL,ASO,ES,Federal Contract Tower,12,5,22,18,57,0,2,35,4,41,12,7,57,22,98,140,18,158,256
08/06/2014,TCL,AL,ASO,ES,Federal Contract Tower,10,7,15,12,44,0,1,35,2,38,10,8,50,14,82,130,0,130,212
08/07/2014,TCL,AL,ASO,ES,Federal Contract Tower,4,10,20,9,43,0,0,25,2,27,4,10,45,11,70,72,0,72,142
08/08/2014,TCL,AL,ASO,ES,Federal Contract Tower,5,2,21,11,39,0,0,28,1,29,5,2,49,12,68,68,6,74,142
08/09/2014,TCL,AL,ASO,ES,Federal Contract Tower,7,4,13,1,25,0,0,31,3,34,7,4,44,4,59,52,0,52,111
08/10/2014,TCL,AL,ASO,ES,Federal Contract Tower,9,3,15,9,36,0,4,22,1,27,9,7,37,10,63,80,0,80,143
08/11/2014,TCL,AL,ASO,ES,Federal Contract Tower,6,2,26,18,52,0,2,28,0,30,6,4,54,18,82,136,12,148,230
08/12/2014,TCL,AL,ASO,ES,Federal Contract Tower,5,5,14,36,60,0,17,19,0,36,5,22,33,36,96,80,0,80,176
08/13/2014,TCL,AL,ASO,ES,Federal Contract Tower,4,7,26,26,63,0,10,54,5,69,4,17,80,31,132,118,18,136,268
08/14/2014,TCL,AL,ASO,ES,Federal Contract Tower,3,1,19,25,48,0,0,25,8,33,3,1,44,33,81,54,26,80,161
08/15/2014,TCL,AL,ASO,ES,Federal Contract Tower,2,5,25,22,54,0,0,41,0,41,2,5,66,22,95,58,2,60,155
08/16/2014,TCL,AL,ASO,ES,Federal Contract Tower,1,6,21,0,28,0,14,53,4,71,1,20,74,4,99,56,4,60,159
08/17/2014,TCL,AL,ASO,ES,Federal Contract Tower,0,6,34,2,42,0,0,28,0,28,0,6,62,2,70,58,0,58,128
08/18/2014,TCL,AL,ASO,ES,Federal Contract Tower,1,4,25,26,56,0,2,6,0,8,1,6,31,26,64,20,0,20,84
08/19/2014,TCL,AL,ASO,ES,Federal Contract Tower,0,1,23,19,43,0,11,38,3,52,0,12,61,22,95,118,0,118,213
08/20/2014,TCL,AL,ASO,ES,Federal Contract Tower,0,6,24,11,41,0,4,30,7,41,0,10,54,18,82,114,10,124,206
08/21/2014,TCL,AL,ASO,ES,Federal Contract Tower,0,5,22,22,49,0,3,19,5,27,0,8,41,27,76,106,12,118,194
08/22/2014,TCL,AL,ASO,ES,Federal Contract Tower,0,4,13,33,50,0,3,34,7,44,0,7,47,40,94,70,20,90,184
08/23/2014,TCL,AL,ASO,ES,Federal Contract Tower,0,1,13,10,24,0,4,30,2,36,0,5,43,12,60,84,0,84,144
08/24/2014,TCL,AL,ASO,ES,Federal Contract Tower,0,1,25,10,36,0,3,25,2,30,0,4,50,12,66,38,18,56,122
08/25/2014,TCL,AL,ASO,ES,Federal Contract Tower,0,2,19,20,41,0,8,28,14,50,0,10,47,34,91,114,0,114,205
08/26/2014,TCL,AL,ASO,ES,Federal Contract Tower,0,6,20,25,51,0,4,30,3,37,0,10,50,28,88,122,12,134,222
08/27/2014,TCL,AL,ASO,ES,Federal Contract Tower,0,2,19,20,41,0,6,42,3,51,0,8,61,23,92,94,0,94,186
08/28/2014,TCL,AL,ASO,ES,Federal Contract Tower,0,3,16,5,24,0,3,40,1,44,0,6,56,6,68,66,12,78,146
08/29/2014,TCL,AL,ASO,ES,Federal Contract Tower,2,2,21,15,40,0,2,24,3,29,2,4,45,18,69,0,0,0,69
08/30/2014,TCL,AL,ASO,ES,Federal Contract Tower,0,4,10,0,14,0,0,14,0,14,0,4,24,0,28,42,0,42,70
08/31/2014,TCL,AL,ASO,ES,Federal Contract Tower,0,0,20,6,26,0,4,19,0,23,0,4,39,6,49,40,0,40,89
09/01/2014,TCL,AL,ASO,ES,Federal Contract Tower,0,4,14,5,23,0,0,30,1,31,0,4,44,6,54,86,0,86,140
09/02/2014,TCL,AL,ASO,ES,Federal Contract Tower,0,3,14,13,30,0,8,15,0,23,0,11,29,13,53,86,0,86,139
09/03/2014,TCL,AL,ASO,ES,Federal Contract Tower,0,0,14,20,34,0,3,23,2,28,0,3,37,22,62,50,0,50,112
09/04/2014,TCL,AL,ASO,ES,Federal Contract Tower,0,1,21,11,33,0,2,24,1,27,0,3,45,12,60,46,0,46,106
09/05/2014,TCL,AL,ASO,ES,Federal Contract Tower,0,13,34,8,55,0,0,39,2,41,0,13,73,10,96,124,0,124,220
09/06/2014,TCL,AL,ASO,ES,Federal Contract Tower,2,5,34,4,45,0,0,35,0,35,2,5,69,4,80,88,0,88,168
09/07/2014,TCL,AL,ASO,ES,Federal Contract Tower,0,10,32,0,42,0,2,28,2,32,0,12,60,2,74,46,0,46,120
09/08/2014,TCL,AL,ASO,ES,Federal Contract Tower,0,0,22,12,34,0,11,36,9,56,0,11,58,21,90,114,6,120,210
09/09/2014,TCL,AL,ASO,ES,Federal Contract Tower,0,3,10,2,15,0,0,30,5,35,0,3,40,7,50,100,38,138,188
09/10/2014,TCL,AL,ASO,ES,Federal Contract Tower,0,0,18,22,40,0,5,35,4,44,0,5,53,26,84,138,16,154,238
09/11/2014,TCL,AL,ASO,ES,Federal Contract Tower,0,2,20,12,34,0,0,30,6,36,0,2,50,18,70,66,18,84,154
09/12/2014,TCL,AL,ASO,ES,Federal Contract Tower,0,3,26,6,35,0,0,23,0,23,0,3,49,6,58,58,2,60,118
09/13/2014,TCL,AL,ASO,ES,Federal Contract Tower,0,5,43,0,48,0,0,36,4,40,0,5,79,4,88,104,0,104,192
09/14/2014,TCL,AL,ASO,ES,Federal Contract Tower,0,4,19,8,31,0,1,40,2,43,0,5,59,10,74,74,4,78,152
09/15/2014,TCL,AL,ASO,ES,Federal Contract Tower,0,0,20,9,29,0,2,24,5,31,0,2,44,14,60,54,8,62,122
09/16/2014,TCL,AL,ASO,ES,Federal Contract Tower,0,0,16,30,46,0,0,32,6,38,0,0,48,36,84,116,0,116,200
09/17/2014,TCL,AL,ASO,ES,Federal Contract Tower,0,1,26,24,51,0,8,30,0,38,0,9,56,24,89,200,0,200,289
09/18/2014,TCL,AL,ASO,ES,Federal Contract Tower,0,11,33,32,76,0,2,33,0,35,0,13,66,32,111,94,0,94,205
09/19/2014,TCL,AL,ASO,ES,Federal Contract Tower,0,11,58,16,85,0,2,38,5,45,0,13,96,21,130,66,0,66,196
09/20/2014,TCL,AL,ASO,ES,Federal Contract Tower,2,25,139,2,168,0,4,88,0,92,2,29,227,2,260,46,0,46,306
09/21/2014,TCL,AL,ASO,ES,Federal Contract Tower,0,6,62,8,76,0,19,37,0,56,0,25,99,8,132,46,0,46,178
09/22/2014,TCL,AL,ASO,ES,Federal Contract Tower,0,2,12,11,25,0,6,26,2,34,0,8,38,13,59,90,4,94,153
09/23/2014,TCL,AL,ASO,ES,Federal Contract Tower,0,7,25,24,56,0,0,26,4,30,0,7,51,28,86,102,10,112,198
09/24/2014,TCL,AL,ASO,ES,Federal Contract Tower,0,5,22,34,61,0,4,37,0,41,0,9,59,34,102,82,0,82,184
09/25/2014,TCL,AL,ASO,ES,Federal Contract Tower,0,6,21,29,56,0,8,47,6,61,0,14,68,35,117,58,38,96,213
09/26/2014,TCL,AL,ASO,ES,Federal Contract Tower,0,3,22,26,51,0,4,51,2,57,0,7,73,28,108,162,0,162,270
09/27/2014,TCL,AL,ASO,ES,Federal Contract Tower,0,6,15,14,35,0,0,57,0,57,0,6,72,14,92,82,0,82,174
09/28/2014,TCL,AL,ASO,ES,Federal Contract Tower,0,6,18,4,28,0,2,8,2,12,0,8,26,6,40,62,0,62,102
09/29/2014,TCL,AL,ASO,ES,Federal Contract Tower,2,2,15,4,23,0,1,31,0,32,2,3,46,4,55,98,0,98,153
09/30/2014,TCL,AL,ASO,ES,Federal Contract Tower,1,2,26,20,49,0,17,24,4,45,1,19,50,24,94,134,0,134,228
10/01/2014,TCL,AL,ASO,ES,Federal Contract Tower,2,3,18,24,47,0,6,36,2,44,2,9,54,26,91,96,8,104,195
10/02/2014,TCL,AL,ASO,ES,Federal Contract Tower,1,8,29,10,48,0,0,11,0,11,1,8,40,10,59,70,0,70,129
10/03/2014,TCL,AL,ASO,ES,Federal Contract Tower,3,4,29,31,67,0,8,13,1,22,3,12,42,32,89,46,12,58,147
10/04/2014,TCL,AL,ASO,ES,Federal Contract Tower,1,3,16,4,24,0,6,32,2,40,1,9,48,6,64,66,0,66,130
10/05/2014,TCL,AL,ASO,ES,Federal Contract Tower,0,5,19,21,45,0,4,30,3,37,0,9,49,24,82,72,10,82,164
10/06/2014,TCL,AL,ASO,ES,Federal Contract Tower,0,2,8,24,34,0,11,16,4,31,0,13,24,28,65,50,0,50,115
10/07/2014,TCL,AL,ASO,ES,Federal Contract Tower,0,3,19,24,46,0,15,24,2,41,0,18,43,26,87,64,0,64,151
10/08/2014,TCL,AL,ASO,ES,Federal Contract Tower,0,1,19,20,40,0,6,22,12,40,0,7,41,32,80,80,14,94,174
10/09/2014,TCL,AL,ASO,ES,Federal Contract Tower,0,2,46,20,68,0,0,33,10,43,0,2,79,30,111,80,8,88,199
10/10/2014,TCL,AL,ASO,ES,Federal Contract Tower,2,3,31,10,46,0,4,10,0,14,2,7,41,10,60,42,0,42,102
10/11/2014,TCL,AL,ASO,ES,Federal Contract Tower,0,4,18,0,22,0,2,8,0,10,0,6,26,0,32,18,0,18,50
10/12/2014,TCL,AL,ASO,ES,Federal Contract Tower,2,1,25,6,34,0,4,16,0,20,2,5,41,6,54,14,0,14,68
10/13/2014,TCL,AL,ASO,ES,Federal Contract Tower,0,4,12,0,16,0,4,8,0,12,0,8,20,0,28,0,0,0,28
10/14/2014,TCL,AL,ASO,ES,Federal Contract Tower,0,1,14,12,27,0,11,22,0,33,0,12,36,12,60,60,0,60,120
10/15/2014,TCL,AL,ASO,ES,Federal Contract Tower,0,3,19,30,52,0,8,28,6,42,0,11,47,36,94,82,0,82,176
10/16/2014,TCL,AL,ASO,ES,Federal Contract Tower,0,10,22,32,64,0,2,38,0,40,0,12,60,32,104,108,20,128,232
10/17/2014,TCL,AL,ASO,ES,Federal Contract Tower,0,13,62,3,78,0,7,55,8,70,0,20,117,11,148,130,0,130,278
10/18/2014,TCL,AL,ASO,ES,Federal Contract Tower,4,31,143,0,178,0,8,81,4,93,4,39,224,4,271,112,0,112,383
10/19/2014,TCL,AL,ASO,ES,Federal Contract Tower,0,25,61,7,93,0,4,69,8,81,0,29,130,15,174,86,14,100,274
10/20/2014,TCL,AL,ASO,ES,Federal Contract Tower,0,3,16,34,53,0,8,31,0,39,0,11,47,34,92,96,6,102,194
10/21/2014,TCL,AL,ASO,ES,Federal Contract Tower,0,1,26,32,59,0,7,56,0,63,0,8,82,32,122,104,0,104,226
10/22/2014,TCL,AL,ASO,ES,Federal Contract Tower,0,1,28,34,63,0,4,24,0,28,0,5,52,34,91,102,0,102,193
10/23/2014,TCL,AL,ASO,ES,Federal Contract Tower,0,0,25,14,39,0,3,29,2,34,0,3,54,16,73,10,0,10,83
10/24/2014,TCL,AL,ASO,ES,Federal Contract Tower,2,7,32,21,62,0,4,49,0,53,2,11,81,21,115,46,0,46,161
10/25/2014,TCL,AL,ASO,ES,Federal Contract Tower,0,7,21,0,28,0,3,47,2,52,0,10,68,2,80,14,0,14,94
10/26/2014,TCL,AL,ASO,ES,Federal Contract Tower,0,2,23,28,53,0,1,40,0,41,0,3,63,28,94,48,8,56,150
10/27/2014,TCL,AL,ASO,ES,Federal Contract Tower,0,5,18,22,45,0,2,25,4,31,0,7,43,26,76,58,10,68,144
10/28/2014,TCL,AL,ASO,ES,Federal Contract Tower,0,13,30,27,70,0,2,22,0,24,0,15,52,27,94,50,6,56,150
10/29/2014,TCL,AL,ASO,ES,Federal Contract Tower,0,6,45,31,82,0,0,13,0,13,0,6,58,31,95,28,0,28,123
10/30/2014,TCL,AL,ASO,ES,Federal Contract Tower,0,3,28,13,44,0,3,43,1,47,0,6,71,14,91,54,0,54,145
10/31/2014,TCL,AL,ASO,ES,Federal Contract Tower,0,6,9,18,33,0,1,21,6,28,0,7,30,24,61,2,0,2,63
11/01/2014,TCL,AL,ASO,ES,Federal Contract Tower,0,5,5,0,10,0,2,13,0,15,0,7,18,0,25,0,0,0,25
11/02/2014,TCL,AL,ASO,ES,Federal Contract Tower,0,1,19,9,29,0,2,12,3,17,0,3,31,12,46,30,4,34,80
11/03/2014,TCL,AL,ASO,ES,Federal Contract Tower,0,7,14,24,45,0,6,57,0,63,0,13,71,24,108,158,0,158,266
11/04/2014,TCL,AL,ASO,ES,Federal Contract Tower,0,2,26,28,56,0,2,25,12,39,0,4,51,40,95,54,2,56,151
11/05/2014,TCL,AL,ASO,ES,Federal Contract Tower,0,6,21,26,53,0,12,29,12,53,0,18,50,38,106,50,14,64,170
11/06/2014,TCL,AL,ASO,ES,Federal Contract Tower,0,4,34,24,62,0,0,27,2,29,0,4,61,26,91,22,0,22,113
11/07/2014,TCL,AL,ASO,ES,Federal Contract Tower,2,2,32,32,68,0,4,44,8,56,2,6,76,40,124,52,0,52,176
11/08/2014,TCL,AL,ASO,ES,Federal Contract Tower,0,0,13,0,13,0,4,24,0,28,0,4,37,0,41,34,0,34,75
11/09/2014,TCL,AL,ASO,ES,Federal Contract Tower,2,3,24,10,39,0,0,52,2,54,2,3,76,12,93,88,0,88,181
11/10/2014,TCL,AL,ASO,ES,Federal Contract Tower,0,6,20,24,50,0,3,46,8,57,0,9,66,32,107,58,2,60,167
11/11/2014,TCL,AL,ASO,ES,Federal Contract Tower,0,2,13,2,17,0,1,47,1,49,0,3,60,3,66,66,0,66,132
11/12/2014,TCL,AL,ASO,ES,Federal Contract Tower,0,1,38,38,77,0,7,10,0,17,0,8,48,38,94,20,6,26,120
11/13/2014,TCL,AL,ASO,ES,Federal Contract Tower,0,7,33,26,66,0,3,10,3,16,0,10,43,29,82,10,0,10,92
11/14/2014,TCL,AL,ASO,ES,Federal Contract Tower,0,12,34,12,58,0,2,48,0,50,0,14,82,12,108,4,0,4,112
11/15/2014,TCL,AL,ASO,ES,Federal Contract Tower,0,29,139,0,168,0,1,108,0,109,0,30,247,0,277,72,0,72,349
11/16/2014,TCL,AL,ASO,ES,Federal Contract Tower,0,9,45,0,54,0,0,10,0,10,0,9,55,0,64,0,0,0,64
11/17/2014,TCL,AL,ASO,ES,Federal Contract Tower,0,3,15,18,36,0,4,16,4,24,0,7,31,22,60,6,2,8,68
11/18/2014,TCL,AL,ASO,ES,Federal Contract Tower,2,8,15,14,39,0,4,24,8,36,2,12,39,22,75,44,0,44,119
11/19/2014,TCL,AL,ASO,ES,Federal Contract Tower,0,8,20,4,32,0,2,26,6,34,0,10,46,10,66,84,0,84,150
11/20/2014,TCL,AL,ASO,ES,Federal Contract Tower,0,4,27,2,33,0,3,41,2,46,0,7,68,4,79,68,0,68,147
11/21/2014,TCL,AL,ASO,ES,Federal Contract Tower,0,4,27,28,59,0,0,43,10,53,0,4,70,38,112,140,10,150,262
11/22/2014,TCL,AL,ASO,ES,Federal Contract Tower,0,1,23,0,24,0,6,34,2,42,0,7,57,2,66,58,0,58,124
11/23/2014,TCL,AL,ASO,ES,Federal Contract Tower,2,1,14,0,17,0,5,2,0,7,2,6,16,0,24,0,0,0,24
11/24/2014,TCL,AL,ASO,ES,Federal Contract Tower,0,2,19,22,43,0,12,36,4,52,0,14,55,26,95,72,18,90,185
11/25/2014,TCL,AL,ASO,ES,Federal Contract Tower,0,3,22,18,43,0,2,34,2,38,0,5,56,20,81,88,0,88,169
11/26/2014,TCL,AL,ASO,ES,Federal Contract Tower,1,3,34,0,38,0,0,29,2,31,1,3,63,2,69,82,0,82,151
11/27/2014,TCL,AL,ASO,ES,Federal Contract Tower,0,3,6,0,9,0,2,7,0,9,0,5,13,0,18,0,0,0,18
11/28/2014,TCL,AL,ASO,ES,Federal Contract Tower,1,9,28,0,38,0,2,54,4,60,1,11,82,4,98,98,2,100,198
11/29/2014,TCL,AL,ASO,ES,Federal Contract Tower,0,13,139,2,154,0,3,58,0,61,0,16,197,2,215,132,0,132,347
11/30/2014,TCL,AL,ASO,ES,Federal Contract Tower,1,6,70,2,79,0,0,27,1,28,1,6,97,3,107,42,0,42,149
12/01/2014,TCL,AL,ASO,ES,Federal Contract Tower,0,6,14,32,52,0,3,19,0,22,0,9,33,32,74,48,0,48,122
12/02/2014,TCL,AL,ASO,ES,Federal Contract Tower,0,2,12,15,29,0,0,15,4,19,0,2,27,19,48,48,14,62,110
12/03/2014,TCL,AL,ASO,ES,Federal Contract Tower,0,2,14,34,50,0,2,34,16,52,0,4,48,50,102,40,16,56,158
12/04/2014,TCL,AL,ASO,ES,Federal Contract Tower,0,0,17,23,40,0,2,17,6,25,0,2,34,29,65,22,0,22,87
12/05/2014,TCL,AL,ASO,ES,Federal Contract Tower,4,4,24,38,70,0,6,18,6,30,4,10,42,44,100,36,68,104,204
12/06/2014,TCL,AL,ASO,ES,Federal Contract Tower,0,2,20,2,24,0,1,1,0,2,0,3,21,2,26,0,0,0,26
12/07/2014,TCL,AL,ASO,ES,Federal Contract Tower,0,0,15,4,19,0,1,27,0,28,0,1,42,4,47,18,0,18,65
12/08/2014,TCL,AL,ASO,ES,Federal Contract Tower,0,4,18,22,44,0,6,18,0,24,0,10,36,22,68,72,0,72,140
12/09/2014,TCL,AL,ASO,ES,Federal Contract Tower,0,6,13,24,43,0,10,20,2,32,0,16,33,26,75,108,0,108,183
12/10/2014,TCL,AL,ASO,ES,Federal Contract Tower,0,8,20,12,40,0,4,19,6,29,0,12,39,18,69,88,2,90,159
12/11/2014,TCL,AL,ASO,ES,Federal Contract Tower,2,6,23,21,52,0,4,64,1,69,2,10,87,22,121,48,0,48,169
12/12/2014,TCL,AL,ASO,ES,Federal Contract Tower,0,5,25,28,58,0,4,50,0,54,0,9,75,28,112,46,2,48,160
12/13/2014,TCL,AL,ASO,ES,Federal Contract Tower,0,7,11,0,18,0,1,21,2,24,0,8,32,2,42,28,0,28,70
12/14/2014,TCL,AL,ASO,ES,Federal Contract Tower,0,6,21,6,33,0,2,30,4,36,0,8,51,10,69,58,0,58,127
12/15/2014,TCL,AL,ASO,ES,Federal Contract Tower,2,6,13,28,49,0,1,18,4,23,2,7,31,32,72,30,12,42,114
12/16/2014,TCL,AL,ASO,ES,Federal Contract Tower,0,10,21,24,55,0,0,29,6,35,0,10,50,30,90,96,0,96,186
12/17/2014,TCL,AL,ASO,ES,Federal Contract Tower,0,2,21,23,46,0,5,26,9,40,0,7,47,32,86,50,26,76,162
12/18/2014,TCL,AL,ASO,ES,Federal Contract Tower,0,0,11,23,34,0,0,25,5,30,0,0,36,28,64,54,4,58,122
12/19/2014,TCL,AL,ASO,ES,Federal Contract Tower,0,0,12,23,35,0,0,10,2,12,0,0,22,25,47,16,0,16,63
12/20/2014,TCL,AL,ASO,ES,Federal Contract Tower,0,2,13,0,15,0,3,16,8,27,0,5,29,8,42,22,0,22,64
12/21/2014,TCL,AL,ASO,ES,Federal Contract Tower,0,1,17,2,20,0,0,2,0,2,0,1,19,2,22,0,0,0,22
12/22/2014,TCL,AL,ASO,ES,Federal Contract Tower,0,8,17,6,31,0,0,0,0,0,0,8,17,6,31,4,0,4,35
12/23/2014,TCL,AL,ASO,ES,Federal Contract Tower,0,0,7,0,7,0,0,3,0,3,0,0,10,0,10,0,0,0,10
12/24/2014,TCL,AL,ASO,ES,Federal Contract Tower,0,0,4,0,4,0,0,6,0,6,0,0,10,0,10,0,0,0,10
12/25/2014,TCL,AL,ASO,ES,Federal Contract Tower,0,0,4,0,4,0,0,6,0,6,0,0,10,0,10,0,0,0,10
12/26/2014,TCL,AL,ASO,ES,Federal Contract Tower,0,0,12,0,12,0,2,35,0,37,0,2,47,0,49,14,0,14,63
12/27/2014,TCL,AL,ASO,ES,Federal Contract Tower,4,0,8,0,12,0,0,3,0,3,4,0,11,0,15,10,0,10,25
12/28/2014,TCL,AL,ASO,ES,Federal Contract Tower,0,2,19,0,21,0,0,0,0,0,0,2,19,0,21,0,0,0,21
12/29/2014,TCL,AL,ASO,ES,Federal Contract Tower,0,2,19,4,25,0,0,0,0,0,0,2,19,4,25,0,0,0,25
12/30/2014,TCL,AL,ASO,ES,Federal Contract Tower,0,0,15,0,15,0,0,24,0,24,0,0,39,0,39,28,0,28,67
12/31/2014,TCL,AL,ASO,ES,Federal Contract Tower,0,2,18,4,24,0,2,16,1,19,0,4,34,5,43,4,8,12,55
01/01/2015,TCL,AL,ASO,ES,Federal Contract Tower,2,0,25,0,27,0,0,11,0,11,2,0,36,0,38,14,0,14,52
01/02/2015,TCL,AL,ASO,ES,Federal Contract Tower,6,4,15,0,25,0,0,0,0,0,6,4,15,0,25,0,0,0,25
01/03/2015,TCL,AL,ASO,ES,Federal Contract Tower,0,2,13,0,15,0,2,0,0,2,0,4,13,0,17,0,0,0,17
01/04/2015,TCL,AL,ASO,ES,Federal Contract Tower,0,0,7,0,7,0,0,22,0,22,0,0,29,0,29,8,0,8,37
01/05/2015,TCL,AL,ASO,ES,Federal Contract Tower,1,4,15,2,22,0,2,33,2,37,1,6,48,4,59,146,0,146,205
01/06/2015,TCL,AL,ASO,ES,Federal Contract Tower,0,6,14,25,45,0,4,40,5,49,0,10,54,30,94,64,0,64,158
01/07/2015,TCL,AL,ASO,ES,Federal Contract Tower,3,1,11,23,38,0,3,11,0,14,3,4,22,23,52,20,0,20,72
01/08/2015,TCL,AL,ASO,ES,Federal Contract Tower,5,3,10,24,42,0,0,14,0,14,5,3,24,24,56,64,0,64,120
01/09/2015,TCL,AL,ASO,ES,Federal Contract Tower,3,2,17,48,70,0,8,19,2,29,3,10,36,50,99,30,14,44,143
01/10/2015,TCL,AL,ASO,ES,Federal Contract Tower,3,2,8,1,14,0,5,28,11,44,3,7,36,12,58,82,0,82,140
01/11/2015,TCL,AL,ASO,ES,Federal Contract Tower,0,4,9,32,45,0,4,7,4,15,0,8,16,36,60,26,14,40,100
01/12/2015,TCL,AL,ASO,ES,Federal Contract Tower,3,0,10,14,27,0,0,0,0,0,3,0,10,14,27,0,0,0,27
01/13/2015,TCL,AL,ASO,ES,Federal Contract Tower,1,7,27,50,85,0,0,0,0,0,1,7,27,50,85,0,0,0,85
01/14/2015,TCL,AL,ASO,ES,Federal Contract Tower,2,6,19,34,61,0,4,4,6,14,2,10,23,40,75,0,0,0,75
01/15/2015,TCL,AL,ASO,ES,Federal Contract Tower,2,6,19,30,57,0,0,5,0,5,2,6,24,30,62,18,0,18,80
01/16/2015,TCL,AL,ASO,ES,Federal Contract Tower,1,4,31,16,52,0,3,42,0,45,1,7,73,16,97,60,10,70,167
01/17/2015,TCL,AL,ASO,ES,Federal Contract Tower,1,5,15,0,21,0,2,56,0,58,1,7,71,0,79,68,0,68,147
01/18/2015,TCL,AL,ASO,ES,Federal Contract Tower,0,1,17,4,22,0,6,32,0,38,0,7,49,4,60,58,0,58,118
01/19/2015,TCL,AL,ASO,ES,Federal Contract Tower,0,0,16,4,20,0,3,41,4,48,0,3,57,8,68,89,12,101,169
01/20/2015,TCL,AL,ASO,ES,Federal Contract Tower,0,2,20,25,47,0,4,49,4,57,0,6,69,29,104,66,0,66,170
01/21/2015,TCL,AL,ASO,ES,Federal Contract Tower,2,7,12,21,42,0,2,36,3,41,2,9,48,24,83,58,2,60,143
01/22/2015,TCL,AL,ASO,ES,Federal Contract Tower,0,0,26,20,46,0,0,17,3,20,0,0,43,23,66,30,8,38,104
01/23/2015,TCL,AL,ASO,ES,Federal Contract Tower,0,0,14,0,14,0,0,0,0,0,0,0,14,0,14,0,0,0,14
01/24/2015,TCL,AL,ASO,ES,Federal Contract Tower,0,1,14,4,19,0,0,26,2,28,0,1,40,6,47,24,0,24,71
01/25/2015,TCL,AL,ASO,ES,Federal Contract Tower,0,4,14,16,34,0,2,30,6,38,0,6,44,22,72,56,10,66,138
01/26/2015,TCL,AL,ASO,ES,Federal Contract Tower,1,5,23,27,56,0,5,14,0,19,1,10,37,27,75,40,0,40,115
01/27/2015,TCL,AL,ASO,ES,Federal Contract Tower,0,2,21,30,53,0,2,75,4,81,0,4,96,34,134,118,0,118,252
01/28/2015,TCL,AL,ASO,ES,Federal Contract Tower,1,8,26,40,75,0,1,88,0,89,1,9,114,40,164,60,10,70,234
01/29/2015,TCL,AL,ASO,ES,Federal Contract Tower,0,5,28,25,58,0,2,66,2,70,0,7,94,27,128,26,0,26,154
01/30/2015,TCL,AL,ASO,ES,Federal Contract Tower,2,1,20,16,39,0,8,40,0,48,2,9,60,16,87,92,0,92,179
01/31/2015,TCL,AL,ASO,ES,Federal Contract Tower,3,2,17,0,22,0,0,39,0,39,3,2,56,0,61,60,0,60,121
02/01/2015,TCL,AL,ASO,ES,Federal Contract Tower,3,2,7,0,12,0,0,4,0,4,3,2,11,0,16,0,0,0,16
02/02/2015,TCL,AL,ASO,ES,Federal Contract Tower,0,1,14,25,40,0,3,7,9,19,0,4,21,34,59,58,0,58,117
02/03/2015,TCL,AL,ASO,ES,Federal Contract Tower,1,10,28,22,61,0,2,25,6,33,1,12,53,28,94,74,0,74,168
02/04/2015,TCL,AL,ASO,ES,Federal Contract Tower,0,4,20,20,44,0,8,23,10,41,0,12,43,30,85,74,10,84,169
02/05/2015,TCL,AL,ASO,ES,Federal Contract Tower,3,0,18,12,33,0,2,16,0,18,3,2,34,12,51,20,0,20,71
02/06/2015,TCL,AL,ASO,ES,Federal Contract Tower,0,2,18,16,36,0,6,45,1,52,0,8,63,17,88,114,4,118,206
02/07/2015,TCL,AL,ASO,ES,Federal Contract Tower,0,4,12,10,26,0,0,46,8,54,0,4,58,18,80,86,18,104,184
02/08/2015,TCL,AL,ASO,ES,Federal Contract Tower,0,2,22,5,29,0,2,18,1,21,0,4,40,6,50,28,0,28,78
02/09/2015,TCL,AL,ASO,ES,Federal Contract Tower,0,1,15,20,36,0,4,24,0,28,0,5,39,20,64,70,0,70,134
02/10/2015,TCL,AL,ASO,ES,Federal Contract Tower,0,3,10,0,13,0,2,43,4,49,0,5,53,4,62,28,0,28,90
02/11/2015,TCL,AL,ASO,ES,Federal Contract Tower,1,3,20,26,50,0,9,37,6,52,1,12,57,32,102,88,0,88,190
02/12/2015,TCL,AL,ASO,ES,Federal Contract Tower,0,1,16,16,33,0,1,21,0,22,0,2,37,16,55,10,0,10,65
02/13/2015,TCL,AL,ASO,ES,Federal Contract Tower,0,3,20,6,29,0,4,34,2,40,0,7,54,8,69,132,0,132,201
02/14/2015,TCL,AL,ASO,ES,Federal Contract Tower,2,7,15,5,29,0,3,30,3,36,2,10,45,8,65,70,0,70,135
02/15/2015,TCL,AL,ASO,ES,Federal Contract Tower,2,1,19,0,22,0,4,22,0,26,2,5,41,0,48,66,0,66,114
02/16/2015,TCL,AL,ASO,ES,Federal Contract Tower,0,4,19,0,23,0,0,0,0,0,0,4,19,0,23,0,0,0,23
02/17/2015,TCL,AL,ASO,ES,Federal Contract Tower,2,3,17,14,36,0,4,28,0,32,2,7,45,14,68,34,0,34,102
02/18/2015,TCL,AL,ASO,ES,Federal Contract Tower,0,2,18,21,41,0,0,1,1,2,0,2,19,22,43,6,6,12,55
02/19/2015,TCL,AL,ASO,ES,Federal Contract Tower,0,3,18,20,41,0,4,26,5,35,0,7,44,25,76,54,0,54,130
02/20/2015,TCL,AL,ASO,ES,Federal Contract Tower,2,3,15,0,20,0,6,15,0,21,2,9,30,0,41,36,0,36,77
02/21/2015,TCL,AL,ASO,ES,Federal Contract Tower,0,0,10,0,10,0,1,6,0,7,0,1,16,0,17,2,0,2,19
02/22/2015,TCL,AL,ASO,ES,Federal Contract Tower,0,6,22,0,28,0,0,0,0,0,0,6,22,0,28,0,0,0,28
02/23/2015,TCL,AL,ASO,ES,Federal Contract Tower,2,6,11,4,23,0,4,1,0,5,2,10,12,4,28,0,0,0,28
02/24/2015,TCL,AL,ASO,ES,Federal Contract Tower,1,9,7,38,55,0,16,13,0,29,1,25,20,38,84,62,0,62,146
02/25/2015,TCL,AL,ASO,ES,Federal Contract Tower,0,4,10,0,14,0,2,2,0,4,0,6,12,0,18,0,0,0,18
02/26/2015,TCL,AL,ASO,ES,Federal Contract Tower,1,7,9,0,17,0,4,10,0,14,1,11,19,0,31,36,0,36,67
02/27/2015,TCL,AL,ASO,ES,Federal Contract Tower,0,0,25,25,50,0,0,32,2,34,0,0,57,27,84,120,12,132,216
02/28/2015,TCL,AL,ASO,ES,Federal Contract Tower,0,8,19,1,28,0,0,67,3,70,0,8,86,4,98,64,0,64,162
03/01/2015,TCL,AL,ASO,ES,Federal Contract Tower,0,2,17,6,25,0,8,0,0,8,0,10,17,6,33,0,0,0,33
03/02/2015,TCL,AL,ASO,ES,Federal Contract Tower,1,0,14,40,55,0,0,0,0,0,1,0,14,40,55,0,0,0,55
03/03/2015,TCL,AL,ASO,ES,Federal Contract Tower,1,0,15,0,16,0,0,2,0,2,1,0,17,0,18,34,0,34,52
03/04/2015,TCL,AL,ASO,ES,Federal Contract Tower,0,1,13,33,47,0,2,3,1,6,0,3,16,34,53,14,0,14,67
03/05/2015,TCL,AL,ASO,ES,Federal Contract Tower,0,4,15,0,19,0,0,0,0,0,0,4,15,0,19,0,0,0,19
03/06/2015,TCL,AL,ASO,ES,Federal Contract Tower,4,5,36,27,72,0,6,23,5,34,4,11,59,32,106,164,10,174,280
03/07/2015,TCL,AL,ASO,ES,Federal Contract Tower,2,2,17,10,31,0,4,56,9,69,2,6,73,19,100,104,0,104,204
03/08/2015,TCL,AL,ASO,ES,Federal Contract Tower,0,1,26,30,57,0,0,29,4,33,0,1,55,34,90,100,12,112,202
03/09/2015,TCL,AL,ASO,ES,Federal Contract Tower,0,2,27,57,86,0,0,16,12,28,0,2,43,69,114,34,56,90,204
03/10/2015,TCL,AL,ASO,ES,Federal Contract Tower,0,2,15,1,18,0,9,1,0,10,0,11,16,1,28,0,0,0,28
03/11/2015,TCL,AL,ASO,ES,Federal Contract Tower,0,3,29,19,51,0,5,12,0,17,0,8,41,19,68,46,12,58,126
03/12/2015,TCL,AL,ASO,ES,Federal Contract Tower,0,4,26,26,56,0,0,17,2,19,0,4,43,28,75,4,6,10,85
03/13/2015,TCL,AL,ASO,ES,Federal Contract Tower,0,5,24,16,45,0,0,0,0,0,0,5,24,16,45,0,0,0,45
03/14/2015,TCL,AL,ASO,ES,Federal Contract Tower,0,2,28,0,30,0,0,0,0,0,0,2,28,0,30,0,0,0,30
03/15/2015,TCL,AL,ASO,ES,Federal Contract Tower,0,1,21,6,28,0,2,34,0,36,0,3,55,6,64,76,4,80,144
03/16/2015,TCL,AL,ASO,ES,Federal Contract Tower,1,2,9,28,40,0,1,45,0,46,1,3,54,28,86,100,0,100,186
03/17/2015,TCL,AL,ASO,ES,Federal Contract Tower,0,1,14,14,29,0,2,37,12,51,0,3,51,26,80,96,0,96,176
03/18/2015,TCL,AL,ASO,ES,Federal Contract Tower,0,2,20,40,62,0,0,42,5,47,0,2,62,45,109,40,0,40,149
03/19/2015,TCL,AL,ASO,ES,Federal Contract Tower,2,3,21,60,86,0,10,0,0,10,2,13,21,60,96,52,4,56,152
03/20/2015,TCL,AL,ASO,ES,Federal Contract Tower,0,2,22,24,48,0,2,3,0,5,0,4,25,24,53,0,0,0,53
03/21/2015,TCL,AL,ASO,ES,Federal Contract Tower,2,4,15,12,33,0,0,28,4,32,2,4,43,16,65,32,24,56,121
03/22/2015,TCL,AL,ASO,ES,Federal Contract Tower,0,7,27,6,40,0,6,1,0,7,0,13,28,6,47,42,0,42,89
03/23/2015,TCL,AL,ASO,ES,Federal Contract Tower,1,2,12,14,29,0,3,26,8,37,1,5,38,22,66,142,16,158,224
03/24/2015,TCL,AL,ASO,ES,Federal Contract Tower,1,4,25,18,48,0,0,41,4,45,1,4,66,22,93,106,0,106,199
03/25/2015,TCL,AL,ASO,ES,Federal Contract Tower,0,4,25,26,55,0,5,60,3,68,0,9,85,29,123,82,0,82,205
03/26/2015,TCL,AL,ASO,ES,Federal Contract Tower,2,2,18,7,29,0,1,35,2,38,2,3,53,9,67,8,0,8,75
03/27/2015,TCL,AL,ASO,ES,Federal Contract Tower,0,1,14,7,22,0,2,66,0,68,0,3,80,7,90,6,0,6,96
03/28/2015,TCL,AL,ASO,ES,Federal Contract Tower,0,2,20,0,22,0,2,148,0,150,0,4,168,0,172,112,0,112,284
03/29/2015,TCL,AL,ASO,ES,Federal Contract Tower,2,0,13,8,23,0,0,117,11,128,2,0,130,19,151,46,0,46,197
03/30/2015,TCL,AL,ASO,ES,Federal Contract Tower,0,0,14,12,26,0,0,31,4,35,0,0,45,16,61,110,0,110,171
03/31/2015,TCL,AL,ASO,ES,Federal Contract Tower,0,5,19,2,26,0,0,30,6,36,0,5,49,8,62,116,12,128,190
04/01/2015,TCL,AL,ASO,ES,Federal Contract Tower,0,6,16,12,34,0,7,38,2,47,0,13,54,14,81,168,0,168,249
04/02/2015,TCL,AL,ASO,ES,Federal Contract Tower,0,5,37,0,42,0,2,7,0,9,0,7,44,0,51,8,0,8,59
04/03/2015,TCL,AL,ASO,ES,Federal Contract Tower,0,3,24,22,49,0,4,17,2,23,0,7,41,24,72,20,0,20,92
04/04/2015,TCL,AL,ASO,ES,Federal Contract Tower,0,0,7,0,7,0,2,41,0,43,0,2,48,0,50,56,0,56,106
04/05/2015,TCL,AL,ASO,ES,Federal Contract Tower,0,4,13,6,23,0,4,12,0,16,0,8,25,6,39,40,12,52,91
04/06/2015,TCL,AL,ASO,ES,Federal Contract Tower,0,0,23,0,23,0,2,0,0,2,0,2,23,0,25,8,0,8,33
04/07/2015,TCL,AL,ASO,ES,Federal Contract Tower,0,0,26,22,48,0,0,29,0,29,0,0,55,22,77,178,0,178,255
04/08/2015,TCL,AL,ASO,ES,Federal Contract Tower,0,2,35,24,61,0,8,17,4,29,0,10,52,28,90,62,0,62,152
04/09/2015,TCL,AL,ASO,ES,Federal Contract Tower,0,3,34,25,62,0,1,28,1,30,0,4,62,26,92,53,0,53,145
04/10/2015,TCL,AL,ASO,ES,Federal Contract Tower,0,2,18,0,20,0,4,8,0,12,0,6,26,0,32,40,0,40,72
04/11/2015,TCL,AL,ASO,ES,Federal Contract Tower,0,2,15,1,18,0,6,56,5,67,0,8,71,6,85,78,0,78,163
04/12/2015,TCL,AL,ASO,ES,Federal Contract Tower,0,4,28,0,32,0,2,23,0,25,0,6,51,0,57,102,0,102,159
04/13/2015,TCL,AL,ASO,ES,Federal Contract Tower,0,1,12,2,15,0,0,0,0,0,0,1,12,2,15,12,0,12,27
04/14/2015,TCL,AL,ASO,ES,Federal Contract Tower,0,1,26,1,28,0,3,13,0,16,0,4,39,1,44,44,0,44,88
04/15/2015,TCL,AL,ASO,ES,Federal Contract Tower,1,7,15,7,30,0,0,23,1,24,1,7,38,8,54,94,8,102,156
04/16/2015,TCL,AL,ASO,ES,Federal Contract Tower,1,6,31,0,38,0,0,0,0,0,1,6,31,0,38,0,0,0,38
04/17/2015,TCL,AL,ASO,ES,Federal Contract Tower,0,7,26,1,34,0,2,6,0,8,0,9,32,1,42,14,12,26,68
04/18/2015,TCL,AL,ASO,ES,Federal Contract Tower,0,1,15,1,17,0,0,9,0,9,0,1,24,1,26,4,0,4,30
04/19/2015,TCL,AL,ASO,ES,Federal Contract Tower,2,1,20,11,34,0,0,17,4,21,2,1,37,15,55,52,14,66,121
04/20/2015,TCL,AL,ASO,ES,Federal Contract Tower,2,7,17,8,34,0,8,48,4,60,2,15,65,12,94,128,0,128,222
04/21/2015,TCL,AL,ASO,ES,Federal Contract Tower,0,0,23,34,57,0,5,84,2,91,0,5,107,36,148,146,0,146,294
04/22/2015,TCL,AL,ASO,ES,Federal Contract Tower,0,0,22,12,34,0,8,45,6,59,0,8,67,18,93,88,14,102,195
04/23/2015,TCL,AL,ASO,ES,Federal Contract Tower,0,4,30,12,46,0,3,37,2,42,0,7,67,14,88,48,12,60,148
04/24/2015,TCL,AL,ASO,ES,Federal Contract Tower,0,4,21,26,51,0,0,35,4,39,0,4,56,30,90,156,20,176,266
04/25/2015,TCL,AL,ASO,ES,Federal Contract Tower,0,0,7,12,19,0,1,18,0,19,0,1,25,12,38,0,0,0,38
04/26/2015,TCL,AL,ASO,ES,Federal Contract Tower,0,4,43,17,64,0,0,36,4,40,0,4,79,21,104,110,8,118,222
04/27/2015,TCL,AL,ASO,ES,Federal Contract Tower,0,4,11,25,40,0,0,52,3,55,0,4,63,28,95,106,0,106,201
04/28/2015,TCL,AL,ASO,ES,Federal Contract Tower,0,2,25,25,52,0,4,16,3,23,0,6,41,28,75,48,0,48,123
04/29/2015,TCL,AL,ASO,ES,Federal Contract Tower,0,4,33,24,61,0,0,18,4,22,0,4,51,28,83,88,0,88,171
04/30/2015,TCL,AL,ASO,ES,Federal Contract Tower,0,6,21,24,51,0,3,29,18,50,0,9,50,42,101,74,8,82,183
05/01/2015,TCL,AL,ASO,ES,Federal Contract Tower,0,2,19,16,37,0,12,65,8,85,0,14,84,24,122,152,4,156,278
05/02/2015,TCL,AL,ASO,ES,Federal Contract Tower,0,0,24,11,35,0,4,53,9,66,0,4,77,20,101,118,24,142,243
05/03/2015,TCL,AL,ASO,ES,Federal Contract Tower,0,4,33,8,45,0,5,45,4,54,0,9,78,12,99,78,8,86,185
05/04/2015,TCL,AL,ASO,ES,Federal Contract Tower,0,2,13,12,27,0,6,48,6,60,0,8,61,18,87,124,0,124,211
05/05/2015,TCL,AL,ASO,ES,Federal Contract Tower,1,0,12,22,35,0,8,61,4,73,1,8,73,26,108,138,18,156,264
05/06/2015,TCL,AL,ASO,ES,Federal Contract Tower,2,1,24,24,51,0,1,49,5,55,2,2,73,29,106,100,0,100,206
05/07/2015,TCL,AL,ASO,ES,Federal Contract Tower,1,0,23,17,41,0,4,47,10,61,1,4,70,27,102,128,2,130,232
05/08/2015,TCL,AL,ASO,ES,Federal Contract Tower,0,3,18,31,52,0,8,55,2,65,0,11,73,33,117,112,0,112,229
05/09/2015,TCL,AL,ASO,ES,Federal Contract Tower,0,0,6,0,6,0,6,45,0,51,0,6,51,0,57,62,0,62,119
05/10/2015,TCL,AL,ASO,ES,Federal Contract Tower,0,2,19,4,25,0,4,38,8,50,0,6,57,12,75,88,0,88,163
05/11/2015,TCL,AL,ASO,ES,Federal Contract Tower,0,3,23,14,40,0,8,52,4,64,0,11,75,18,104,112,0,112,216
05/12/2015,TCL,AL,ASO,ES,Federal Contract Tower,0,0,16,32,48,0,2,26,2,30,0,2,42,34,78,104,6,110,188
05/13/2015,TCL,AL,ASO,ES,Federal Contract Tower,0,0,26,8,34,0,2,35,6,43,0,2,61,14,77,118,12,130,207
05/14/2015,TCL,AL,ASO,ES,Federal Contract Tower,0,2,24,9,35,0,7,26,8,41,0,9,50,17,76,98,10,108,184
05/15/2015,TCL,AL,ASO,ES,Federal Contract Tower,0,0,19,32,51,0,12,16,4,32,0,12,35,36,83,0,0,0,83
05/16/2015,TCL,AL,ASO,ES,Federal Contract Tower,0,0,7,10,17,0,0,6,0,6,0,0,13,10,23,18,0,18,41
05/17/2015,TCL,AL,ASO,ES,Federal Contract Tower,0,5,29,8,42,0,2,24,2,28,0,7,53,10,70,60,0,60,130
05/18/2015,TCL,AL,ASO,ES,Federal Contract Tower,0,2,16,4,22,0,0,38,2,40,0,2,54,6,62,146,0,146,208
05/19/2015,TCL,AL,ASO,ES,Federal Contract Tower,0,3,23,14,40,0,9,33,2,44,0,12,56,16,84,118,8,126,210
05/20/2015,TCL,AL,ASO,ES,Federal Contract Tower,1,1,31,10,43,0,4,35,2,41,1,5,66,12,84,82,0,82,166
05/21/2015,TCL,AL,ASO,ES,Federal Contract Tower,1,4,35,22,62,0,4,16,0,20,1,8,51,22,82,20,4,24,106
05/22/2015,TCL,AL,ASO,ES,Federal Contract Tower,0,3,23,2,28,0,8,52,0,60,0,11,75,2,88,84,0,84,172
05/23/2015,TCL,AL,ASO,ES,Federal Contract Tower,0,1,8,6,15,0,1,42,0,43,0,2,50,6,58,58,6,64,122
05/24/2015,TCL,AL,ASO,ES,Federal Contract Tower,0,0,6,0,6,0,8,19,0,27,0,8,25,0,33,30,0,30,63
05/25/2015,TCL,AL,ASO,ES,Federal Contract Tower,2,7,21,0,30,0,0,11,0,11,2,7,32,0,41,14,0,14,55
05/26/2015,TCL,AL,ASO,ES,Federal Contract Tower,1,6,10,0,17,0,4,16,0,20,1,10,26,0,37,74,0,74,111
05/27/2015,TCL,AL,ASO,ES,Federal Contract Tower,0,3,20,11,34,0,0,5,0,5,0,3,25,11,39,22,0,22,61
05/28/2015,TCL,AL,ASO,ES,Federal Contract Tower,0,1,31,8,40,0,1,24,0,25,0,2,55,8,65,40,2,42,107
05/29/2015,TCL,AL,ASO,ES,Federal Contract Tower,0,1,25,14,40,0,4,44,0,48,0,5,69,14,88,122,0,122,210
05/30/2015,TCL,AL,ASO,ES,Federal Contract Tower,0,2,10,12,24,0,0,40,0,40,0,2,50,12,64,80,4,84,148
05/31/2015,TCL,AL,ASO,ES,Federal Contract Tower,2,4,16,6,28,0,6,24,0,30,2,10,40,6,58,84,0,84,142
06/01/2015,TCL,AL,ASO,ES,Federal Contract Tower,0,0,18,0,18,0,2,33,0,35,0,2,51,0,53,82,0,82,135
06/02/2015,TCL,AL,ASO,ES,Federal Contract Tower,0,2,34,9,45,0,0,37,6,43,0,2,71,15,88,164,22,186,274
06/03/2015,TCL,AL,ASO,ES,Federal Contract Tower,0,5,20,8,33,0,0,31,6,37,0,5,51,14,70,76,16,92,162
06/04/2015,TCL,AL,ASO,ES,Federal Contract Tower,0,8,21,25,54,0,3,36,4,43,0,11,57,29,97,78,8,86,183
06/05/2015,TCL,AL,ASO,ES,Federal Contract Tower,0,2,24,36,62,0,2,55,0,57,0,4,79,36,119,106,8,114,233
06/06/2015,TCL,AL,ASO,ES,Federal Contract Tower,0,2,13,10,25,0,6,37,0,43,0,8,50,10,68,88,6,94,162
06/07/2015,TCL,AL,ASO,ES,Federal Contract Tower,0,6,21,10,37,0,2,21,0,23,0,8,42,10,60,76,0,76,136
06/08/2015,TCL,AL,ASO,ES,Federal Contract Tower,0,2,20,17,39,0,2,42,1,45,0,4,62,18,84,74,0,74,158
06/09/2015,TCL,AL,ASO,ES,Federal Contract Tower,0,3,33,20,56,0,0,34,0,34,0,3,67,20,90,126,0,126,216
06/10/2015,TCL,AL,ASO,ES,Federal Contract Tower,0,2,30,22,54,0,2,10,0,12,0,4,40,22,66,22,0,22,88
06/11/2015,TCL,AL,ASO,ES,Federal Contract Tower,1,1,14,14,30,0,0,14,2,16,1,1,28,16,46,76,0,76,122
06/12/2015,TCL,AL,ASO,ES,Federal Contract Tower,2,0,30,25,57,0,4,17,2,23,2,4,47,27,80,26,0,26,106
06/13/2015,TCL,AL,ASO,ES,Federal Contract Tower,0,0,15,0,15,0,1,18,9,28,0,1,33,9,43,14,0,14,57
06/14/2015,TCL,AL,ASO,ES,Federal Contract Tower,0,0,19,24,43,0,4,37,2,43,0,4,56,26,86,84,6,90,176
06/15/2015,TCL,AL,ASO,ES,Federal Contract Tower,0,2,9,48,59,0,6,43,3,52,0,8,52,51,111,114,18,132,243
06/16/2015,TCL,AL,ASO,ES,Federal Contract Tower,0,5,25,32,62,0,8,40,8,56,0,13,65,40,118,148,0,148,266
06/17/2015,TCL,AL,ASO,ES,Federal Contract Tower,0,9,19,45,73,0,4,27,5,36,0,13,46,50,109,72,6,78,187
06/18/2015,TCL,AL,ASO,ES,Federal Contract Tower,0,0,20,22,42,0,0,12,4,16,0,0,32,26,58,92,0,92,150
06/19/2015,TCL,AL,ASO,ES,Federal Contract Tower,0,1,19,21,41,0,1,35,0,36,0,2,54,21,77,42,0,42,119
06/20/2015,TCL,AL,ASO,ES,Federal Contract Tower,0,1,14,12,27,0,1,5,0,6,0,2,19,12,33,0,0,0,33
06/21/2015,TCL,AL,ASO,ES,Federal Contract Tower,2,2,20,6,30,0,0,26,4,30,2,2,46,10,60,10,10,20,80
06/22/2015,TCL,AL,ASO,ES,Federal Contract Tower,0,1,19,22,42,0,0,24,5,29,0,1,43,27,71,0,10,10,81
06/23/2015,TCL,AL,ASO,ES,Federal Contract Tower,1,0,31,12,44,0,3,27,1,31,1,3,58,13,75,18,0,18,93
06/24/2015,TCL,AL,ASO,ES,Federal Contract Tower,1,7,21,8,37,0,0,48,3,51,1,7,69,11,88,44,4,48,136
06/25/2015,TCL,AL,ASO,ES,Federal Contract Tower,2,4,17,5,28,0,0,29,3,32,2,4,46,8,60,16,6,22,82
06/26/2015,TCL,AL,ASO,ES,Federal Contract Tower,0,2,19,13,34,0,4,32,13,49,0,6,51,26,83,92,6,98,181
06/27/2015,TCL,AL,ASO,ES,Federal Contract Tower,7,4,4,16,31,0,0,5,4,9,7,4,9,20,40,4,0,4,44
06/28/2015,TCL,AL,ASO,ES,Federal Contract Tower,1,7,10,14,32,0,7,45,2,54,1,14,55,16,86,92,0,92,178
06/29/2015,TCL,AL,ASO,ES,Federal Contract Tower,4,4,16,36,60,0,10,32,11,53,4,14,48,47,113,174,0,174,287
06/30/2015,TCL,AL,ASO,ES,Federal Contract Tower,5,6,19,22,52,0,10,33,4,47,5,16,52,26,99,120,0,120,219
07/01/2015,TCL,AL,ASO,ES,Federal Contract Tower,10,4,14,26,54,0,7,41,8,56,10,11,55,34,110,100,0,100,210
07/02/2015,TCL,AL,ASO,ES,Federal Contract Tower,7,3,29,0,39,0,4,26,0,30,7,7,55,0,69,70,0,70,139
07/03/2015,TCL,AL,ASO,ES,Federal Contract Tower,1,2,3,0,6,0,0,14,0,14,1,2,17,0,20,26,0,26,46
07/04/2015,TCL,AL,ASO,ES,Federal Contract Tower,0,2,2,0,4,0,0,4,0,4,0,2,6,0,8,4,0,4,12
07/05/2015,TCL,AL,ASO,ES,Federal Contract Tower,0,0,19,0,19,0,3,5,0,8,0,3,24,0,27,12,0,12,39
07/06/2015,TCL,AL,ASO,ES,Federal Contract Tower,0,0,21,12,33,0,4,26,4,34,0,4,47,16,67,106,0,106,173
07/07/2015,TCL,AL,ASO,ES,Federal Contract Tower,1,2,27,16,46,0,0,29,4,33,1,2,56,20,79,122,0,122,201
07/08/2015,TCL,AL,ASO,ES,Federal Contract Tower,1,0,30,14,45,0,2,40,2,44,1,2,70,16,89,138,0,138,227
07/09/2015,TCL,AL,ASO,ES,Federal Contract Tower,0,1,9,22,32,0,1,31,8,40,0,2,40,30,72,68,0,68,140
07/10/2015,TCL,AL,ASO,ES,Federal Contract Tower,0,1,21,6,28,0,0,44,6,50,0,1,65,12,78,124,8,132,210
07/11/2015,TCL,AL,ASO,ES,Federal Contract Tower,0,0,9,1,10,0,7,31,0,38,0,7,40,1,48,64,0,64,112
07/12/2015,TCL,AL,ASO,ES,Federal Contract Tower,1,0,17,16,34,0,6,16,0,22,1,6,33,16,56,20,0,20,76
07/13/2015,TCL,AL,ASO,ES,Federal Contract Tower,0,0,6,17,23,0,1,24,14,39,0,1,30,31,62,98,8,106,168
07/14/2015,TCL,AL,ASO,ES,Federal Contract Tower,0,3,12,14,29,0,4,45,8,57,0,7,57,22,86,152,26,178,264
07/15/2015,TCL,AL,ASO,ES,Federal Contract Tower,0,1,22,12,35,0,0,40,26,66,0,1,62,38,101,100,30,130,231
07/16/2015,TCL,AL,ASO,ES,Federal Contract Tower,0,7,16,11,34,0,6,14,11,31,0,13,30,22,65,76,0,76,141
07/17/2015,TCL,AL,ASO,ES,Federal Contract Tower,0,6,27,10,43,0,0,43,4,47,0,6,70,14,90,98,12,110,200
07/18/2015,TCL,AL,ASO,ES,Federal Contract Tower,2,3,16,12,33,0,3,32,1,36,2,6,48,13,69,38,4,42,111
07/19/2015,TCL,AL,ASO,ES,Federal Contract Tower,0,5,14,1,20,0,2,26,1,29,0,7,40,2,49,0,0,0,49
07/20/2015,TCL,AL,ASO,ES,Federal Contract Tower,0,4,28,24,56,0,3,50,2,55,0,7,78,26,111,60,0,60,171
07/21/2015,TCL,AL,ASO,ES,Federal Contract Tower,0,4,20,12,36,0,6,34,0,40,0,10,54,12,76,66,0,66,142
07/22/2015,TCL,AL,ASO,ES,Federal Contract Tower,0,2,28,8,38,0,2,33,1,36,0,4,61,9,74,18,0,18,92
07/23/2015,TCL,AL,ASO,ES,Federal Contract Tower,0,1,17,4,22,0,0,23,0,23,0,1,40,4,45,22,0,22,67
07/24/2015,TCL,AL,ASO,ES,Federal Contract Tower,0,7,24,28,59,0,4,10,22,36,0,11,34,50,95,4,0,4,99
07/25/2015,TCL,AL,ASO,ES,Federal Contract Tower,0,1,11,0,12,0,11,43,4,58,0,12,54,4,70,68,8,76,146
07/26/2015,TCL,AL,ASO,ES,Federal Contract Tower,0,1,12,25,38,0,10,49,1,60,0,11,61,26,98,78,4,82,180
07/27/2015,TCL,AL,ASO,ES,Federal Contract Tower,0,4,17,20,41,0,7,43,1,51,0,11,60,21,92,88,0,88,180
07/28/2015,TCL,AL,ASO,ES,Federal Contract Tower,0,2,14,24,40,0,0,27,6,33,0,2,41,30,73,88,0,88,161
07/29/2015,TCL,AL,ASO,ES,Federal Contract Tower,0,3,11,4,18,0,6,25,0,31,0,9,36,4,49,42,0,42,91
07/30/2015,TCL,AL,ASO,ES,Federal Contract Tower,0,2,23,14,39,0,4,17,6,27,0,6,40,20,66,50,0,50,116
07/31/2015,TCL,AL,ASO,ES,Federal Contract Tower,0,1,24,38,63,0,2,41,4,47,0,3,65,42,110,94,0,94,204
08/01/2015,TCL,AL,ASO,ES,Federal Contract Tower,1,4,14,12,31,0,0,42,0,42,1,4,56,12,73,72,0,72,145
08/02/2015,TCL,AL,ASO,ES,Federal Contract Tower,2,1,17,26,46,0,4,45,6,55,2,5,62,32,101,62,8,70,171
08/03/2015,TCL,AL,ASO,ES,Federal Contract Tower,0,5,18,24,47,0,4,29,2,35,0,9,47,26,82,70,0,70,152
08/04/2015,TCL,AL,ASO,ES,Federal Contract Tower,0,0,20,20,40,0,0,42,4,46,0,0,62,24,86,92,0,92,178
08/05/2015,TCL,AL,ASO,ES,Federal Contract Tower,0,2,26,22,50,0,7,39,6,52,0,9,65,28,102,68,4,72,174
08/06/2015,TCL,AL,ASO,ES,Federal Contract Tower,1,4,33,4,42,0,3,17,0,20,1,7,50,4,62,0,0,0,62
08/07/2015,TCL,AL,ASO,ES,Federal Contract Tower,0,3,26,18,47,0,6,19,2,27,0,9,45,20,74,50,0,50,124
08/08/2015,TCL,AL,ASO,ES,Federal Contract Tower,0,3,13,0,16,0,1,30,6,37,0,4,43,6,53,18,8,26,79
08/09/2015,TCL,AL,ASO,ES,Federal Contract Tower,2,1,17,14,34,0,2,30,6,38,2,3,47,20,72,78,0,78,150
08/10/2015,TCL,AL,ASO,ES,Federal Contract Tower,0,1,18,10,29,0,2,28,0,30,0,3,46,10,59,82,0,82,141
08/11/2015,TCL,AL,ASO,ES,Federal Contract Tower,0,3,24,17,44,0,11,20,3,34,0,14,44,20,78,114,14,128,206
08/12/2015,TCL,AL,ASO,ES,Federal Contract Tower,1,0,17,12,30,0,0,42,2,44,1,0,59,14,74,64,0,64,138
08/13/2015,TCL,AL,ASO,ES,Federal Contract Tower,1,2,22,10,35,0,2,53,5,60,1,4,75,15,95,36,0,36,131
08/14/2015,TCL,AL,ASO,ES,Federal Contract Tower,0,3,34,18,55,0,7,43,5,55,0,10,77,23,110,126,0,126,236
08/15/2015,TCL,AL,ASO,ES,Federal Contract Tower,0,3,18,13,34,0,5,29,6,40,0,8,47,19,74,44,4,48,122
08/16/2015,TCL,AL,ASO,ES,Federal Contract Tower,0,0,13,0,13,0,3,19,2,24,0,3,32,2,37,14,0,14,51
08/17/2015,TCL,AL,ASO,ES,Federal Contract Tower,0,3,17,9,29,0,2,6,0,8,0,5,23,9,37,30,0,30,67
08/18/2015,TCL,AL,ASO,ES,Federal Contract Tower,0,3,19,7,29,0,11,14,0,25,0,14,33,7,54,4,8,12,66
08/19/2015,TCL,AL,ASO,ES,Federal Contract Tower,0,1,28,4,33,0,6,4,2,12,0,7,32,6,45,34,0,34,79
08/20/2015,TCL,AL,ASO,ES,Federal Contract Tower,0,3,34,14,51,0,5,15,0,20,0,8,49,14,71,4,0,4,75
08/21/2015,TCL,AL,ASO,ES,Federal Contract Tower,0,2,34,2,38,0,1,18,7,26,0,3,52,9,64,58,8,66,130
08/22/2015,TCL,AL,ASO,ES,Federal Contract Tower,0,2,36,6,44,0,3,21,19,43,0,5,57,25,87,38,8,46,133
08/23/2015,TCL,AL,ASO,ES,Federal Contract Tower,0,0,20,8,28,0,4,24,0,28,0,4,44,8,56,54,0,54,110
08/24/2015,TCL,AL,ASO,ES,Federal Contract Tower,0,1,21,4,26,0,2,21,4,27,0,3,42,8,53,60,0,60,113
08/25/2015,TCL,AL,ASO,ES,Federal Contract Tower,0,0,24,4,28,0,11,23,2,36,0,11,47,6,64,56,4,60,124
08/26/2015,TCL,AL,ASO,ES,Federal Contract Tower,0,6,33,16,55,0,8,37,14,59,0,14,70,30,114,70,0,70,184
08/27/2015,TCL,AL,ASO,ES,Federal Contract Tower,0,3,11,8,22,0,2,43,12,57,0,5,54,20,79,62,2,64,143
08/28/2015,TCL,AL,ASO,ES,Federal Contract Tower,0,3,12,20,35,0,4,30,4,38,0,7,42,24,73,90,0,90,163
08/29/2015,TCL,AL,ASO,ES,Federal Contract Tower,0,0,9,0,9,0,4,13,0,17,0,4,22,0,26,6,0,6,32
08/30/2015,TCL,AL,ASO,ES,Federal Contract Tower,0,1,18,2,21,0,2,12,6,20,0,3,30,8,41,12,26,38,79
09/01/2015,TCL,AL,ASO,ES,Federal Contract Tower,0,1,22,10,33,0,2,51,1,54,0,3,73,11,87,78,2,80,167
09/02/2015,TCL,AL,ASO,ES,Federal Contract Tower,0,4,29,0,33,0,2,23,0,25,0,6,52,0,58,58,0,58,116
09/03/2015,TCL,AL,ASO,ES,Federal Contract Tower,0,3,35,12,50,0,3,38,1,42,0,6,73,13,92,50,0,50,142
09/04/2015,TCL,AL,ASO,ES,Federal Contract Tower,2,7,54,0,63,0,12,39,0,51,2,19,93,0,114,34,0,34,148
09/05/2015,TCL,AL,ASO,ES,Federal Contract Tower,0,0,14,0,14,0,2,29,0,31,0,2,43,0,45,28,0,28,73
09/06/2015,TCL,AL,ASO,ES,Federal Contract Tower,2,6,25,0,33,0,6,34,0,40,2,12,59,0,73,84,0,84,157
09/07/2015,TCL,AL,ASO,ES,Federal Contract Tower,0,2,36,0,38,0,4,38,0,42,0,6,74,0,80,108,0,108,188
09/08/2015,TCL,AL,ASO,ES,Federal Contract Tower,0,2,21,32,55,0,4,41,2,47,0,6,62,34,102,140,0,140,242
09/09/2015,TCL,AL,ASO,ES,Federal Contract Tower,0,1,21,4,26,0,0,34,0,34,0,1,55,4,60,118,2,120,180
09/10/2015,TCL,AL,ASO,ES,Federal Contract Tower,0,0,27,14,41,0,2,16,0,18,0,2,43,14,59,70,0,70,129
09/11/2015,TCL,AL,ASO,ES,Federal Contract Tower,0,7,38,3,48,0,0,41,4,45,0,7,79,7,93,104,2,106,199
09/12/2015,TCL,AL,ASO,ES,Federal Contract Tower,0,9,37,5,51,0,2,30,0,32,0,11,67,5,83,48,0,48,131
09/13/2015,TCL,AL,ASO,ES,Federal Contract Tower,2,0,28,5,35,0,4,60,1,65,2,4,88,6,100,168,0,168,268
09/14/2015,TCL,AL,ASO,ES,Federal Contract Tower,0,11,16,17,44,0,0,40,1,41,0,11,56,18,85,80,8,88,173
09/15/2015,TCL,AL,ASO,ES,Federal Contract Tower,0,3,23,19,45,0,1,47,6,54,0,4,70,25,99,70,0,70,169
09/16/2015,TCL,AL,ASO,ES,Federal Contract Tower,0,2,26,20,48,0,0,45,0,45,0,2,71,20,93,78,8,86,179
09/17/2015,TCL,AL,ASO,ES,Federal Contract Tower,0,7,25,56,88,0,3,24,5,32,0,10,49,61,120,68,20,88,208
09/18/2015,TCL,AL,ASO,ES,Federal Contract Tower,0,11,37,20,68,0,6,54,7,67,0,17,91,27,135,128,6,134,269
09/19/2015,TCL,AL,ASO,ES,Federal Contract Tower,0,21,113,0,134,0,10,50,0,60,0,31,163,0,194,82,0,82,276
09/20/2015,TCL,AL,ASO,ES,Federal Contract Tower,0,18,70,6,94,0,13,52,4,69,0,31,122,10,163,36,2,38,201
09/21/2015,TCL,AL,ASO,ES,Federal Contract Tower,2,0,22,18,42,0,10,18,2,30,2,10,40,20,72,26,0,26,98
09/22/2015,TCL,AL,ASO,ES,Federal Contract Tower,0,0,26,16,42,0,2,31,2,35,0,2,57,18,77,70,12,82,159
09/23/2015,TCL,AL,ASO,ES,Federal Contract Tower,0,0,19,20,39,0,0,35,4,39,0,0,54,24,78,62,0,62,140
09/24/2015,TCL,AL,ASO,ES,Federal Contract Tower,0,1,27,32,60,0,3,45,0,48,0,4,72,32,108,24,14,38,146
09/25/2015,TCL,AL,ASO,ES,Federal Contract Tower,0,5,39,28,72,0,8,41,4,53,0,13,80,32,125,82,26,108,233
09/26/2015,TCL,AL,ASO,ES,Federal Contract Tower,0,4,25,0,29,0,0,51,0,51,0,4,76,0,80,72,0,72,152
09/27/2015,TCL,AL,ASO,ES,Federal Contract Tower,0,9,47,6,62,0,6,16,0,22,0,15,63,6,84,38,0,38,122
09/28/2015,TCL,AL,ASO,ES,Federal Contract Tower,0,2,26,24,52,0,1,11,0,12,0,3,37,24,64,42,0,42,106
09/29/2015,TCL,AL,ASO,ES,Federal Contract Tower,0,2,36,31,69,0,3,23,0,26,0,5,59,31,95,48,0,48,143
09/30/2015,TCL,AL,ASO,ES,Federal Contract Tower,0,5,16,35,56,0,0,9,1,10,0,5,25,36,66,48,0,48,114
10/01/2015,TCL,AL,ASO,ES,Federal Contract Tower,0,5,18,26,49,0,0,14,0,14,0,5,32,26,63,24,16,40,103
10/02/2015,TCL,AL,ASO,ES,Federal Contract Tower,2,10,30,34,76,0,8,8,7,23,2,18,38,41,99,0,0,0,99
10/03/2015,TCL,AL,ASO,ES,Federal Contract Tower,0,3,14,4,21,0,0,4,0,4,0,3,18,4,25,0,0,0,25
10/04/2015,TCL,AL,ASO,ES,Federal Contract Tower,8,3,20,18,49,0,5,25,2,32,8,8,45,20,81,58,0,58,139
10/05/2015,TCL,AL,ASO,ES,Federal Contract Tower,0,6,22,30,58,0,2,35,11,48,0,8,57,41,106,52,10,62,168
10/06/2015,TCL,AL,ASO,ES,Federal Contract Tower,0,3,19,10,32,0,4,52,14,70,0,7,71,24,102,76,4,80,182
10/07/2015,TCL,AL,ASO,ES,Federal Contract Tower,0,5,20,24,49,0,2,29,10,41,0,7,49,34,90,46,0,46,136
10/08/2015,TCL,AL,ASO,ES,Federal Contract Tower,0,3,18,45,66,0,6,43,15,64,0,9,61,60,130,96,4,100,230
10/09/2015,TCL,AL,ASO,ES,Federal Contract Tower,0,9,46,12,67,0,4,40,12,56,0,13,86,24,123,98,0,98,221
10/10/2015,TCL,AL,ASO,ES,Federal Contract Tower,2,17,82,0,101,0,12,26,4,42,2,29,108,4,143,26,0,26,169
10/11/2015,TCL,AL,ASO,ES,Federal Contract Tower,0,21,49,1,71,0,5,62,1,68,0,26,111,2,139,134,6,140,279
10/12/2015,TCL,AL,ASO,ES,Federal Contract Tower,0,5,28,6,39,0,4,51,0,55,0,9,79,6,94,126,0,126,220
10/13/2015,TCL,AL,ASO,ES,Federal Contract Tower,0,3,17,31,51,0,3,40,2,45,0,6,57,33,96,64,0,64,160
10/14/2015,TCL,AL,ASO,ES,Federal Contract Tower,0,0,21,50,71,0,4,53,8,65,0,4,74,58,136,94,8,102,238
10/15/2015,TCL,AL,ASO,ES,Federal Contract Tower,0,3,21,30,54,0,2,42,3,47,0,5,63,33,101,54,0,54,155
10/16/2015,TCL,AL,ASO,ES,Federal Contract Tower,2,9,27,28,66,0,4,35,10,49,2,13,62,38,115,90,0,90,205
10/17/2015,TCL,AL,ASO,ES,Federal Contract Tower,0,4,4,0,8,0,0,27,10,37,0,4,31,10,45,6,0,6,51
10/18/2015,TCL,AL,ASO,ES,Federal Contract Tower,2,10,14,13,39,0,0,0,0,0,2,10,14,13,39,122,0,122,161
10/19/2015,TCL,AL,ASO,ES,Federal Contract Tower,0,3,18,20,41,0,0,0,0,0,0,3,18,20,41,86,0,86,127
10/20/2015,TCL,AL,ASO,ES,Federal Contract Tower,0,5,15,42,62,0,5,35,2,42,0,10,50,44,104,48,0,48,152
10/21/2015,TCL,AL,ASO,ES,Federal Contract Tower,0,3,29,28,60,0,5,58,0,63,0,8,87,28,123,140,0,140,263
10/22/2015,TCL,AL,ASO,ES,Federal Contract Tower,0,8,30,49,87,0,1,45,4,50,0,9,75,53,137,84,8,92,229
10/23/2015,TCL,AL,ASO,ES,Federal Contract Tower,0,14,46,8,68,0,6,37,0,43,0,20,83,8,111,108,0,108,219
10/24/2015,TCL,AL,ASO,ES,Federal Contract Tower,2,19,112,0,133,0,2,46,0,48,2,21,158,0,181,156,0,156,337
10/25/2015,TCL,AL,ASO,ES,Federal Contract Tower,0,9,48,20,77,0,8,30,0,38,0,17,78,20,115,92,0,92,207
10/26/2015,TCL,AL,ASO,ES,Federal Contract Tower,0,0,10,0,10,0,4,2,0,6,0,4,12,0,16,0,0,0,16
10/27/2015,TCL,AL,ASO,ES,Federal Contract Tower,0,6,20,8,34,0,0,0,0,0,0,6,20,8,34,0,0,0,34
10/28/2015,TCL,AL,ASO,ES,Federal Contract Tower,0,14,42,32,88,0,4,23,0,27,0,18,65,32,115,50,0,50,165
10/29/2015,TCL,AL,ASO,ES,Federal Contract Tower,0,11,41,38,90,0,2,37,13,52,0,13,78,51,142,76,0,76,218
10/30/2015,TCL,AL,ASO,ES,Federal Contract Tower,0,4,30,30,64,0,6,47,4,57,0,10,77,34,121,102,2,104,225
10/31/2015,TCL,AL,ASO,ES,Federal Contract Tower,0,4,4,0,8,0,0,8,0,8,0,4,12,0,16,26,0,26,42
11/01/2015,TCL,AL,ASO,ES,Federal Contract Tower,0,9,26,0,35,0,0,0,0,0,0,9,26,0,35,0,0,0,35
11/02/2015,TCL,AL,ASO,ES,Federal Contract Tower,0,8,22,38,68,0,0,2,0,2,0,8,24,38,70,0,0,0,70
11/03/2015,TCL,AL,ASO,ES,Federal Contract Tower,0,6,29,28,63,0,4,15,2,21,0,10,44,30,84,10,8,18,102
11/04/2015,TCL,AL,ASO,ES,Federal Contract Tower,0,3,18,30,51,0,0,22,0,22,0,3,40,30,73,60,0,60,133
11/05/2015,TCL,AL,ASO,ES,Federal Contract Tower,0,14,35,14,63,0,0,35,0,35,0,14,70,14,98,28,0,28,126
11/06/2015,TCL,AL,ASO,ES,Federal Contract Tower,0,16,68,6,90,0,8,43,6,57,0,24,111,12,147,126,4,130,277
11/07/2015,TCL,AL,ASO,ES,Federal Contract Tower,2,44,161,0,207,0,0,9,0,9,2,44,170,0,216,4,0,4,220
11/08/2015,TCL,AL,ASO,ES,Federal Contract Tower,0,24,79,7,110,0,2,34,0,36,0,26,113,7,146,0,24,24,170
11/09/2015,TCL,AL,ASO,ES,Federal Contract Tower,0,1,16,31,48,0,0,10,0,10,0,1,26,31,58,0,0,0,58
11/10/2015,TCL,AL,ASO,ES,Federal Contract Tower,0,1,29,18,48,0,10,43,4,57,0,11,72,22,105,98,0,98,203
11/11/2015,TCL,AL,ASO,ES,Federal Contract Tower,0,0,14,0,14,0,2,22,1,25,0,2,36,1,39,68,0,68,107
11/12/2015,TCL,AL,ASO,ES,Federal Contract Tower,0,8,28,16,52,0,1,41,4,46,0,9,69,20,98,38,0,38,136
11/13/2015,TCL,AL,ASO,ES,Federal Contract Tower,0,3,34,19,56,0,4,52,7,63,0,7,86,26,119,104,0,104,223
11/14/2015,TCL,AL,ASO,ES,Federal Contract Tower,0,9,9,18,36,0,0,40,1,41,0,9,49,19,77,8,0,8,85
11/15/2015,TCL,AL,ASO,ES,Federal Contract Tower,0,0,24,4,28,0,1,44,9,54,0,1,68,13,82,60,4,64,146
11/16/2015,TCL,AL,ASO,ES,Federal Contract Tower,2,8,17,12,39,0,0,41,5,46,2,8,58,17,85,94,0,94,179
11/17/2015,TCL,AL,ASO,ES,Federal Contract Tower,0,6,13,36,55,0,9,7,0,16,0,15,20,36,71,2,0,2,73
11/18/2015,TCL,AL,ASO,ES,Federal Contract Tower,0,4,8,4,16,0,0,0,0,0,0,4,8,4,16,0,0,0,16
11/19/2015,TCL,AL,ASO,ES,Federal Contract Tower,0,6,33,24,63,0,0,38,9,47,0,6,71,33,110,32,18,50,160
11/20/2015,TCL,AL,ASO,ES,Federal Contract Tower,0,8,18,8,34,0,4,49,2,55,0,12,67,10,89,120,4,124,213
11/21/2015,TCL,AL,ASO,ES,Federal Contract Tower,0,5,45,2,52,0,6,50,2,58,0,11,95,4,110,106,0,106,216
11/22/2015,TCL,AL,ASO,ES,Federal Contract Tower,0,1,24,10,35,0,4,33,0,37,0,5,57,10,72,54,0,54,126
11/23/2015,TCL,AL,ASO,ES,Federal Contract Tower,0,9,10,28,47,0,4,40,8,52,0,13,50,36,99,48,2,50,149
11/24/2015,TCL,AL,ASO,ES,Federal Contract Tower,2,8,41,20,71,0,7,57,0,64,2,15,98,20,135,64,2,66,201
11/25/2015,TCL,AL,ASO,ES,Federal Contract Tower,0,9,32,4,45,0,6,38,8,52,0,15,70,12,97,64,0,64,161
11/26/2015,TCL,AL,ASO,ES,Federal Contract Tower,0,1,7,0,8,0,6,12,0,18,0,7,19,0,26,22,0,22,48
11/27/2015,TCL,AL,ASO,ES,Federal Contract Tower,0,4,19,0,23,0,2,38,1,41,0,6,57,1,64,66,0,66,130
11/28/2015,TCL,AL,ASO,ES,Federal Contract Tower,0,2,12,0,14,0,3,22,0,25,0,5,34,0,39,22,0,22,61
11/29/2015,TCL,AL,ASO,ES,Federal Contract Tower,0,11,48,0,59,0,2,9,0,11,0,13,57,0,70,0,0,0,70
11/30/2015,TCL,AL,ASO,ES,Federal Contract Tower,2,0,17,29,48,0,0,26,1,27,2,0,43,30,75,70,0,70,145
12/01/2015,TCL,AL,ASO,ES,Federal Contract Tower,0,2,35,10,47,0,0,0,0,0,0,2,35,10,47,0,0,0,47
12/02/2015,TCL,AL,ASO,ES,Federal Contract Tower,1,2,28,14,45,0,7,28,0,35,1,9,56,14,80,58,0,58,138
12/03/2015,TCL,AL,ASO,ES,Federal Contract Tower,1,11,22,13,47,0,3,48,0,51,1,14,70,13,98,52,0,52,150
12/04/2015,TCL,AL,ASO,ES,Federal Contract Tower,2,4,27,6,39,0,2,38,2,42,2,6,65,8,81,94,0,94,175
12/05/2015,TCL,AL,ASO,ES,Federal Contract Tower,0,4,12,3,19,0,6,49,0,55,0,10,61,3,74,66,0,66,140
12/06/2015,TCL,AL,ASO,ES,Federal Contract Tower,2,6,22,14,44,0,6,32,6,44,2,12,54,20,88,80,0,80,168
12/07/2015,TCL,AL,ASO,ES,Federal Contract Tower,0,4,13,20,37,0,1,36,10,47,0,5,49,30,84,84,0,84,168
12/08/2015,TCL,AL,ASO,ES,Federal Contract Tower,0,4,21,8,33,0,2,41,10,53,0,6,62,18,86,86,0,86,172
12/09/2015,TCL,AL,ASO,ES,Federal Contract Tower,0,0,25,14,39,0,4,22,0,26,0,4,47,14,65,66,4,70,135
12/10/2015,TCL,AL,ASO,ES,Federal Contract Tower,0,5,39,18,62,0,2,29,2,33,0,7,68,20,95,38,0,38,133
12/11/2015,TCL,AL,ASO,ES,Federal Contract Tower,1,8,33,16,58,0,6,25,0,31,1,14,58,16,89,100,0,100,189
12/12/2015,TCL,AL,ASO,ES,Federal Contract Tower,0,7,21,0,28,0,0,31,0,31,0,7,52,0,59,10,0,10,69
12/13/2015,TCL,AL,ASO,ES,Federal Contract Tower,1,4,17,15,37,0,1,11,1,13,1,5,28,16,50,0,0,0,50
12/14/2015,TCL,AL,ASO,ES,Federal Contract Tower,1,10,11,4,26,0,3,31,2,36,1,13,42,6,62,58,0,58,120
12/15/2015,TCL,AL,ASO,ES,Federal Contract Tower,1,12,19,20,52,0,9,32,4,45,1,21,51,24,97,48,12,60,157
12/16/2015,TCL,AL,ASO,ES,Federal Contract Tower,0,8,20,26,54,0,2,22,14,38,0,10,42,40,92,54,0,54,146
12/17/2015,TCL,AL,ASO,ES,Federal Contract Tower,0,2,27,15,44,0,3,22,1,26,0,5,49,16,70,56,0,56,126
12/18/2015,TCL,AL,ASO,ES,Federal Contract Tower,0,4,20,21,45,0,5,46,10,61,0,9,66,31,106,66,0,66,172
12/19/2015,TCL,AL,ASO,ES,Federal Contract Tower,0,1,9,0,10,0,0,41,0,41,0,1,50,0,51,52,0,52,103
12/20/2015,TCL,AL,ASO,ES,Federal Contract Tower,0,0,20,12,32,0,6,15,4,25,0,6,35,16,57,94,8,102,159
12/21/2015,TCL,AL,ASO,ES,Federal Contract Tower,0,4,15,18,37,0,4,15,2,21,0,8,30,20,58,0,0,0,58
12/22/2015,TCL,AL,ASO,ES,Federal Contract Tower,0,8,15,0,23,0,0,0,0,0,0,8,15,0,23,4,0,4,27
12/23/2015,TCL,AL,ASO,ES,Federal Contract Tower,0,3,8,0,11,0,2,3,0,5,0,5,11,0,16,2,0,2,18
12/24/2015,TCL,AL,ASO,ES,Federal Contract Tower,0,2,3,0,5,0,0,9,0,9,0,2,12,0,14,10,0,10,24
12/25/2015,TCL,AL,ASO,ES,Federal Contract Tower,0,1,0,0,1,0,0,0,0,0,0,1,0,0,1,0,0,0,1
12/26/2015,TCL,AL,ASO,ES,Federal Contract Tower,3,4,5,0,12,0,0,4,0,4,3,4,9,0,16,18,0,18,34
12/27/2015,TCL,AL,ASO,ES,Federal Contract Tower,0,1,15,0,16,0,2,3,0,5,0,3,18,0,21,4,0,4,25
12/28/2015,TCL,AL,ASO,ES,Federal Contract Tower,0,0,4,0,4,0,0,3,0,3,0,0,7,0,7,0,0,0,7
12/29/2015,TCL,AL,ASO,ES,Federal Contract Tower,2,0,15,5,22,0,4,48,0,52,2,4,63,5,74,78,12,90,164
12/30/2015,TCL,AL,ASO,ES,Federal Contract Tower,0,0,11,0,11,0,4,4,0,8,0,4,15,0,19,0,0,0,19
12/31/2015,TCL,AL,ASO,ES,Federal Contract Tower,0,4,12,0,16,0,3,17,0,20,0,7,29,0,36,8,0,8,44
01/01/2016,TCL,AL,ASO,ES,Federal Contract Tower,6,2,16,0,24,0,19,0,0,19,6,21,16,0,43,8,0,8,51
01/02/2016,TCL,AL,ASO,ES,Federal Contract Tower,0,2,17,0,19,0,0,40,0,40,0,2,57,0,59,28,0,28,87
01/03/2016,TCL,AL,ASO,ES,Federal Contract Tower,2,3,12,0,17,0,0,25,0,25,2,3,37,0,42,10,0,10,52
01/04/2016,TCL,AL,ASO,ES,Federal Contract Tower,1,1,10,12,24,0,0,26,4,30,1,1,36,16,54,106,0,106,160
01/05/2016,TCL,AL,ASO,ES,Federal Contract Tower,0,4,13,38,55,0,4,39,4,47,0,8,52,42,102,70,0,70,172
01/06/2016,TCL,AL,ASO,ES,Federal Contract Tower,5,2,10,35,52,0,2,32,14,48,5,4,42,49,100,82,0,82,182
01/07/2016,TCL,AL,ASO,ES,Federal Contract Tower,0,3,25,58,86,0,0,19,0,19,0,3,44,58,105,20,0,20,125
01/08/2016,TCL,AL,ASO,ES,Federal Contract Tower,4,1,20,35,60,0,0,17,0,17,4,1,37,35,77,56,0,56,133
01/09/2016,TCL,AL,ASO,ES,Federal Contract Tower,3,10,20,0,33,0,0,5,0,5,3,10,25,0,38,0,0,0,38
01/10/2016,TCL,AL,ASO,ES,Federal Contract Tower,1,3,15,8,27,0,4,8,0,12,1,7,23,8,39,2,0,2,41
01/11/2016,TCL,AL,ASO,ES,Federal Contract Tower,0,2,21,22,45,0,0,23,0,23,0,2,44,22,68,78,0,78,146
01/12/2016,TCL,AL,ASO,ES,Federal Contract Tower,4,13,37,17,71,0,0,39,8,47,4,13,76,25,118,90,2,92,210
01/13/2016,TCL,AL,ASO,ES,Federal Contract Tower,0,6,25,18,49,0,1,36,4,41,0,7,61,22,90,110,0,110,200
01/14/2016,TCL,AL,ASO,ES,Federal Contract Tower,2,6,25,38,71,0,1,46,8,55,2,7,71,46,126,52,22,74,200
01/15/2016,TCL,AL,ASO,ES,Federal Contract Tower,0,6,15,12,33,0,0,1,0,1,0,6,16,12,34,0,0,0,34
01/16/2016,TCL,AL,ASO,ES,Federal Contract Tower,0,10,17,0,27,0,0,48,0,48,0,10,65,0,75,28,0,28,103
01/17/2016,TCL,AL,ASO,ES,Federal Contract Tower,0,4,11,0,15,0,0,23,0,23,0,4,34,0,38,60,0,60,98
01/18/2016,TCL,AL,ASO,ES,Federal Contract Tower,0,1,22,0,23,0,1,42,0,43,0,2,64,0,66,78,0,78,144
01/19/2016,TCL,AL,ASO,ES,Federal Contract Tower,0,5,22,26,53,0,3,38,0,41,0,8,60,26,94,132,0,132,226
01/20/2016,TCL,AL,ASO,ES,Federal Contract Tower,1,6,22,30,59,0,0,2,0,2,1,6,24,30,61,42,0,42,103
01/21/2016,TCL,AL,ASO,ES,Federal Contract Tower,0,4,21,2,27,0,0,0,0,0,0,4,21,2,27,0,0,0,27
01/22/2016,TCL,AL,ASO,ES,Federal Contract Tower,2,2,21,0,25,0,0,0,0,0,2,2,21,0,25,0,0,0,25
01/23/2016,TCL,AL,ASO,ES,Federal Contract Tower,3,0,14,0,17,0,0,7,4,11,3,0,21,4,28,0,0,0,28
01/24/2016,TCL,AL,ASO,ES,Federal Contract Tower,0,4,19,4,27,0,14,58,2,74,0,18,77,6,101,76,0,76,177
01/25/2016,TCL,AL,ASO,ES,Federal Contract Tower,2,4,25,42,73,0,7,25,0,32,2,11,50,42,105,118,0,118,223
01/26/2016,TCL,AL,ASO,ES,Federal Contract Tower,2,4,30,0,36,0,0,0,0,0,2,4,30,0,36,0,0,0,36
01/27/2016,TCL,AL,ASO,ES,Federal Contract Tower,4,6,21,29,60,0,0,14,8,22,4,6,35,37,82,50,14,64,146
01/28/2016,TCL,AL,ASO,ES,Federal Contract Tower,1,19,25,9,54,0,7,40,15,62,1,26,65,24,116,40,10,50,166
01/29/2016,TCL,AL,ASO,ES,Federal Contract Tower,2,7,28,25,62,0,4,70,19,93,2,11,98,44,155,124,18,142,297
01/30/2016,TCL,AL,ASO,ES,Federal Contract Tower,0,5,13,12,30,0,0,56,2,58,0,5,69,14,88,58,0,58,146
01/31/2016,TCL,AL,ASO,ES,Federal Contract Tower,2,0,8,8,18,0,4,39,2,45,2,4,47,10,63,54,0,54,117
02/01/2016,TCL,AL,ASO,ES,Federal Contract Tower,0,5,14,30,49,0,4,61,0,65,0,9,75,30,114,78,0,78,192
02/02/2016,TCL,AL,ASO,ES,Federal Contract Tower,0,4,14,4,22,0,0,16,0,16,0,4,30,4,38,12,0,12,50
02/03/2016,TCL,AL,ASO,ES,Federal Contract Tower,0,10,18,28,56,0,3,55,0,58,0,13,73,28,114,104,0,104,218
02/04/2016,TCL,AL,ASO,ES,Federal Contract Tower,0,0,20,20,40,0,1,63,11,75,0,1,83,31,115,126,0,126,241
02/05/2016,TCL,AL,ASO,ES,Federal Contract Tower,0,4,28,30,62,0,4,44,16,64,0,8,72,46,126,62,0,62,188
02/06/2016,TCL,AL,ASO,ES,Federal Contract Tower,4,2,12,2,20,0,1,39,0,40,4,3,51,2,60,14,0,14,74
02/07/2016,TCL,AL,ASO,ES,Federal Contract Tower,0,0,17,6,23,0,1,35,8,44,0,1,52,14,67,46,14,60,127
02/08/2016,TCL,AL,ASO,ES,Federal Contract Tower,0,2,19,22,43,0,4,13,14,31,0,6,32,36,74,58,0,58,132
02/09/2016,TCL,AL,ASO,ES,Federal Contract Tower,0,1,10,20,31,0,1,17,4,22,0,2,27,24,53,0,0,0,53
02/10/2016,TCL,AL,ASO,ES,Federal Contract Tower,2,3,21,3,29,0,4,19,5,28,2,7,40,8,57,84,0,84,141
02/11/2016,TCL,AL,ASO,ES,Federal Contract Tower,0,16,30,12,58,0,2,48,8,58,0,18,78,20,116,50,2,52,168
02/12/2016,TCL,AL,ASO,ES,Federal Contract Tower,4,8,15,26,53,0,6,36,4,46,4,14,51,30,99,84,0,84,183
02/13/2016,TCL,AL,ASO,ES,Federal Contract Tower,0,2,5,7,14,0,0,27,7,34,0,2,32,14,48,14,2,16,64
02/14/2016,TCL,AL,ASO,ES,Federal Contract Tower,2,5,15,2,24,0,2,30,4,36,2,7,45,6,60,68,0,68,128
02/15/2016,TCL,AL,ASO,ES,Federal Contract Tower,0,1,8,0,9,0,0,0,0,0,0,1,8,0,9,0,0,0,9
02/16/2016,TCL,AL,ASO,ES,Federal Contract Tower,2,9,18,42,71,0,2,20,4,26,2,11,38,46,97,88,8,96,193
02/17/2016,TCL,AL,ASO,ES,Federal Contract Tower,2,5,21,16,44,0,2,32,13,47,2,7,53,29,91,86,0,86,177
02/18/2016,TCL,AL,ASO,ES,Federal Contract Tower,1,1,22,24,48,0,0,42,1,43,1,1,64,25,91,60,0,60,151
02/19/2016,TCL,AL,ASO,ES,Federal Contract Tower,2,4,24,35,65,0,2,35,8,45,2,6,59,43,110,76,0,76,186
02/20/2016,TCL,AL,ASO,ES,Federal Contract Tower,0,1,15,3,19,0,0,19,1,20,0,1,34,4,39,2,0,2,41
02/21/2016,TCL,AL,ASO,ES,Federal Contract Tower,2,3,11,20,36,0,2,13,0,15,2,5,24,20,51,0,2,2,53
02/22/2016,TCL,AL,ASO,ES,Federal Contract Tower,3,3,20,0,26,0,0,0,0,0,3,3,20,0,26,0,0,0,26
02/23/2016,TCL,AL,ASO,ES,Federal Contract Tower,2,0,14,20,36,0,0,0,0,0,2,0,14,20,36,0,0,0,36
02/24/2016,TCL,AL,ASO,ES,Federal Contract Tower,2,7,17,0,26,0,0,2,0,2,2,7,19,0,28,4,0,4,32
02/25/2016,TCL,AL,ASO,ES,Federal Contract Tower,0,5,36,20,61,0,3,36,4,43,0,8,72,24,104,30,4,34,138
02/26/2016,TCL,AL,ASO,ES,Federal Contract Tower,0,0,12,34,46,6,9,47,13,75,6,9,59,47,121,150,0,150,271
02/27/2016,TCL,AL,ASO,ES,Federal Contract Tower,2,3,13,4,22,0,6,65,12,83,2,9,78,16,105,36,4,40,145
02/28/2016,TCL,AL,ASO,ES,Federal Contract Tower,0,3,20,8,31,0,10,32,9,51,0,13,52,17,82,94,0,94,176
02/29/2016,TCL,AL,ASO,ES,Federal Contract Tower,0,1,18,24,43,0,6,30,2,38,0,7,48,26,81,78,0,78,159
03/01/2016,TCL,AL,ASO,ES,Federal Contract Tower,2,5,21,5,33,0,0,3,1,4,2,5,24,6,37,0,0,0,37
03/02/2016,TCL,AL,ASO,ES,Federal Contract Tower,4,8,20,18,50,0,2,28,2,32,4,10,48,20,82,96,0,96,178
03/03/2016,TCL,AL,ASO,ES,Federal Contract Tower,0,4,21,6,31,0,1,2,0,3,0,5,23,6,34,0,0,0,34
03/04/2016,TCL,AL,ASO,ES,Federal Contract Tower,0,10,35,42,87,0,3,9,0,12,0,13,44,42,99,2,0,2,101
03/05/2016,TCL,AL,ASO,ES,Federal Contract Tower,2,2,11,0,15,0,2,50,0,52,2,4,61,0,67,74,0,74,141
03/06/2016,TCL,AL,ASO,ES,Federal Contract Tower,0,4,20,4,28,0,2,42,0,44,0,6,62,4,72,82,0,82,154
03/07/2016,TCL,AL,ASO,ES,Federal Contract Tower,0,3,15,22,40,0,3,24,6,33,0,6,39,28,73,72,10,82,155
03/08/2016,TCL,AL,ASO,ES,Federal Contract Tower,0,1,13,12,26,0,4,29,2,35,0,5,42,14,61,38,0,38,99
03/09/2016,TCL,AL,ASO,ES,Federal Contract Tower,0,12,24,10,46,0,3,18,6,27,0,15,42,16,73,50,0,50,123
03/10/2016,TCL,AL,ASO,ES,Federal Contract Tower,0,3,19,2,24,0,1,3,0,4,0,4,22,2,28,0,0,0,28
03/11/2016,TCL,AL,ASO,ES,Federal Contract Tower,0,3,32,0,35,0,2,10,0,12,0,5,42,0,47,0,0,0,47
03/12/2016,TCL,AL,ASO,ES,Federal Contract Tower,0,3,11,2,16,0,2,0,2,4,0,5,11,4,20,0,4,4,24
03/13/2016,TCL,AL,ASO,ES,Federal Contract Tower,0,1,23,2,26,0,4,11,0,15,0,5,34,2,41,16,0,16,57
03/14/2016,TCL,AL,ASO,ES,Federal Contract Tower,4,5,12,20,41,0,10,22,0,32,4,15,34,20,73,58,0,58,131
03/15/2016,TCL,AL,ASO,ES,Federal Contract Tower,0,9,18,9,36,0,4,48,8,60,0,13,66,17,96,60,0,60,156
03/16/2016,TCL,AL,ASO,ES,Federal Contract Tower,1,5,27,31,64,0,2,35,6,43,1,7,62,37,107,78,0,78,185
03/17/2016,TCL,AL,ASO,ES,Federal Contract Tower,0,16,21,8,45,0,5,29,13,47,0,21,50,21,92,30,12,42,134
03/18/2016,TCL,AL,ASO,ES,Federal Contract Tower,2,4,22,10,38,0,0,11,14,25,2,4,33,24,63,10,0,10,73
03/19/2016,TCL,AL,ASO,ES,Federal Contract Tower,0,5,8,4,17,0,2,3,0,5,0,7,11,4,22,4,0,4,26
03/20/2016,TCL,AL,ASO,ES,Federal Contract Tower,0,8,20,0,28,0,8,8,6,22,0,16,28,6,50,0,0,0,50
03/21/2016,TCL,AL,ASO,ES,Federal Contract Tower,0,3,20,25,48,0,1,29,2,32,0,4,49,27,80,78,0,78,158
03/22/2016,TCL,AL,ASO,ES,Federal Contract Tower,0,7,16,11,34,0,3,27,3,33,0,10,43,14,67,60,2,62,129
03/23/2016,TCL,AL,ASO,ES,Federal Contract Tower,0,13,26,11,50,0,5,20,1,26,0,18,46,12,76,54,14,68,144
03/24/2016,TCL,AL,ASO,ES,Federal Contract Tower,0,10,10,2,22,0,0,5,0,5,0,10,15,2,27,0,0,0,27
03/25/2016,TCL,AL,ASO,ES,Federal Contract Tower,0,2,15,22,39,0,4,48,4,56,0,6,63,26,95,108,0,108,203
03/26/2016,TCL,AL,ASO,ES,Federal Contract Tower,0,2,4,0,6,0,2,41,0,43,0,4,45,0,49,30,0,30,79
03/27/2016,TCL,AL,ASO,ES,Federal Contract Tower,0,6,10,0,16,0,0,2,0,2,0,6,12,0,18,0,0,0,18
03/28/2016,TCL,AL,ASO,ES,Federal Contract Tower,0,6,22,14,42,0,8,28,0,36,0,14,50,14,78,96,0,96,174
03/29/2016,TCL,AL,ASO,ES,Federal Contract Tower,0,3,19,15,37,0,0,45,8,53,0,3,64,23,90,126,12,138,228
03/30/2016,TCL,AL,ASO,ES,Federal Contract Tower,1,2,16,20,39,0,6,17,6,29,1,8,33,26,68,40,10,50,118
03/31/2016,TCL,AL,ASO,ES,Federal Contract Tower,1,10,6,3,20,0,0,2,1,3,1,10,8,4,23,0,0,0,23
04/01/2016,TCL,AL,ASO,ES,Federal Contract Tower,0,5,24,9,38,0,0,28,0,28,0,5,52,9,66,86,0,86,152
04/02/2016,TCL,AL,ASO,ES,Federal Contract Tower,1,8,18,4,31,0,3,43,8,54,1,11,61,12,85,32,0,32,117
04/03/2016,TCL,AL,ASO,ES,Federal Contract Tower,0,7,6,3,16,0,8,56,12,76,0,15,62,15,92,94,0,94,186
04/04/2016,TCL,AL,ASO,ES,Federal Contract Tower,0,9,21,13,43,0,5,40,7,52,0,14,61,20,95,126,0,126,221
04/05/2016,TCL,AL,ASO,ES,Federal Contract Tower,1,4,4,18,27,0,0,33,2,35,1,4,37,20,62,70,0,70,132
04/06/2016,TCL,AL,ASO,ES,Federal Contract Tower,0,12,16,7,35,0,2,9,7,18,0,14,25,14,53,24,0,24,77
04/07/2016,TCL,AL,ASO,ES,Federal Contract Tower,0,3,31,9,43,0,3,37,2,42,0,6,68,11,85,52,0,52,137
04/08/2016,TCL,AL,ASO,ES,Federal Contract Tower,0,5,26,24,55,0,2,32,4,38,0,7,58,28,93,30,0,30,123
04/09/2016,TCL,AL,ASO,ES,Federal Contract Tower,0,5,12,12,29,0,0,40,14,54,0,5,52,26,83,86,32,118,201
04/10/2016,TCL,AL,ASO,ES,Federal Contract Tower,0,3,21,2,26,0,1,35,2,38,0,4,56,4,64,94,0,94,158
04/11/2016,TCL,AL,ASO,ES,Federal Contract Tower,0,6,22,0,28,0,6,22,0,28,0,12,44,0,56,84,0,84,140
04/12/2016,TCL,AL,ASO,ES,Federal Contract Tower,0,11,10,14,35,0,0,5,0,5,0,11,15,14,40,24,0,24,64
04/13/2016,TCL,AL,ASO,ES,Federal Contract Tower,0,6,26,22,54,0,6,27,9,42,0,12,53,31,96,76,6,82,178
04/14/2016,TCL,AL,ASO,ES,Federal Contract Tower,0,7,17,32,56,0,1,12,1,14,0,8,29,33,70,14,0,14,84
04/15/2016,TCL,AL,ASO,ES,Federal Contract Tower,0,5,23,30,58,0,14,22,2,38,0,19,45,32,96,90,0,90,186
04/16/2016,TCL,AL,ASO,ES,Federal Contract Tower,0,3,23,3,29,0,2,21,7,30,0,5,44,10,59,18,30,48,107
04/17/2016,TCL,AL,ASO,ES,Federal Contract Tower,0,5,19,0,24,0,2,40,3,45,0,7,59,3,69,116,0,116,185
04/18/2016,TCL,AL,ASO,ES,Federal Contract Tower,0,9,17,20,46,0,5,42,10,57,0,14,59,30,103,190,8,198,301
04/19/2016,TCL,AL,ASO,ES,Federal Contract Tower,0,6,18,26,50,0,4,30,6,40,0,10,48,32,90,78,0,78,168
04/20/2016,TCL,AL,ASO,ES,Federal Contract Tower,1,4,21,35,61,0,9,28,10,47,1,13,49,45,108,94,10,104,212
04/21/2016,TCL,AL,ASO,ES,Federal Contract Tower,1,7,20,25,53,0,0,6,1,7,1,7,26,26,60,6,0,6,66
04/22/2016,TCL,AL,ASO,ES,Federal Contract Tower,0,1,19,23,43,0,4,22,4,30,0,5,41,27,73,108,0,108,181
04/23/2016,TCL,AL,ASO,ES,Federal Contract Tower,0,0,16,0,16,0,2,38,0,40,0,2,54,0,56,32,0,32,88
04/24/2016,TCL,AL,ASO,ES,Federal Contract Tower,2,0,10,2,14,0,2,54,0,56,2,2,64,2,70,100,0,100,170
04/25/2016,TCL,AL,ASO,ES,Federal Contract Tower,0,4,33,29,66,0,2,38,13,53,0,6,71,42,119,116,0,116,235
04/26/2016,TCL,AL,ASO,ES,Federal Contract Tower,0,2,29,22,53,0,0,46,5,51,0,2,75,27,104,90,0,90,194
04/27/2016,TCL,AL,ASO,ES,Federal Contract Tower,3,6,12,22,43,0,0,8,0,8,3,6,20,22,51,36,0,36,87
04/28/2016,TCL,AL,ASO,ES,Federal Contract Tower,1,3,23,31,58,0,4,21,1,26,1,7,44,32,84,54,0,54,138
04/29/2016,TCL,AL,ASO,ES,Federal Contract Tower,0,2,21,15,38,0,1,18,4,23,0,3,39,19,61,94,0,94,155
04/30/2016,TCL,AL,ASO,ES,Federal Contract Tower,0,2,7,4,13,0,8,20,3,31,0,10,27,7,44,8,0,8,52
05/01/2016,TCL,AL,ASO,ES,Federal Contract Tower,0,5,14,1,20,0,4,8,0,12,0,9,22,1,32,0,0,0,32
05/02/2016,TCL,AL,ASO,ES,Federal Contract Tower,0,1,31,25,57,0,0,18,1,19,0,1,49,26,76,34,0,34,110
05/03/2016,TCL,AL,ASO,ES,Federal Contract Tower,0,6,21,20,47,0,3,22,0,25,0,9,43,20,72,22,0,22,94
05/04/2016,TCL,AL,ASO,ES,Federal Contract Tower,3,4,21,13,41,0,2,40,7,49,3,6,61,20,90,80,2,82,172
05/05/2016,TCL,AL,ASO,ES,Federal Contract Tower,0,7,41,17,65,0,3,19,3,25,0,10,60,20,90,36,4,40,130
05/06/2016,TCL,AL,ASO,ES,Federal Contract Tower,0,9,24,16,49,0,0,46,4,50,0,9,70,20,99,86,0,86,185
05/07/2016,TCL,AL,ASO,ES,Federal Contract Tower,1,7,19,0,27,0,2,68,4,74,1,9,87,4,101,96,0,96,197
05/08/2016,TCL,AL,ASO,ES,Federal Contract Tower,0,9,22,25,56,0,0,32,9,41,0,9,54,34,97,90,14,104,201
05/09/2016,TCL,AL,ASO,ES,Federal Contract Tower,0,2,16,18,36,0,0,22,4,26,0,2,38,22,62,72,0,72,134
05/10/2016,TCL,AL,ASO,ES,Federal Contract Tower,0,5,17,12,34,0,5,20,3,28,0,10,37,15,62,62,8,70,132
05/11/2016,TCL,AL,ASO,ES,Federal Contract Tower,6,4,26,5,41,0,0,23,0,23,6,4,49,5,64,72,0,72,136
05/12/2016,TCL,AL,ASO,ES,Federal Contract Tower,4,6,20,2,32,0,0,9,5,14,4,6,29,7,46,48,0,48,94
05/13/2016,TCL,AL,ASO,ES,Federal Contract Tower,0,0,13,20,33,0,2,33,6,41,0,2,46,26,74,116,2,118,192
05/14/2016,TCL,AL,ASO,ES,Federal Contract Tower,1,5,13,2,21,0,0,28,5,33,1,5,41,7,54,50,0,50,104
05/15/2016,TCL,AL,ASO,ES,Federal Contract Tower,1,1,22,17,41,0,0,49,2,51,1,1,71,19,92,116,0,116,208
05/16/2016,TCL,AL,ASO,ES,Federal Contract Tower,0,6,15,37,58,0,2,44,19,65,0,8,59,56,123,82,0,82,205
05/17/2016,TCL,AL,ASO,ES,Federal Contract Tower,0,5,21,19,45,0,1,14,6,21,0,6,35,25,66,74,0,74,140
05/18/2016,TCL,AL,ASO,ES,Federal Contract Tower,1,2,25,20,48,0,5,15,2,22,1,7,40,22,70,48,0,48,118
05/19/2016,TCL,AL,ASO,ES,Federal Contract Tower,0,0,24,34,58,0,2,33,1,36,0,2,57,35,94,30,2,32,126
05/20/2016,TCL,AL,ASO,ES,Federal Contract Tower,0,3,12,8,23,0,2,19,0,21,0,5,31,8,44,46,0,46,90
05/21/2016,TCL,AL,ASO,ES,Federal Contract Tower,0,3,9,0,12,0,3,24,1,28,0,6,33,1,40,46,0,46,86
05/22/2016,TCL,AL,ASO,ES,Federal Contract Tower,0,1,25,10,36,0,1,44,4,49,0,2,69,14,85,188,14,202,287
05/23/2016,TCL,AL,ASO,ES,Federal Contract Tower,0,5,30,26,61,0,8,49,4,61,0,13,79,30,122,130,16,146,268
05/24/2016,TCL,AL,ASO,ES,Federal Contract Tower,0,7,28,29,64,0,2,49,7,58,0,9,77,36,122,120,22,142,264
05/25/2016,TCL,AL,ASO,ES,Federal Contract Tower,0,6,20,8,34,0,2,34,2,38,0,8,54,10,72,78,0,78,150
05/26/2016,TCL,AL,ASO,ES,Federal Contract Tower,0,6,25,6,37,0,8,29,2,39,0,14,54,8,76,44,0,44,120
05/27/2016,TCL,AL,ASO,ES,Federal Contract Tower,0,1,25,2,28,0,0,34,6,40,0,1,59,8,68,130,10,140,208
05/28/2016,TCL,AL,ASO,ES,Federal Contract Tower,0,2,10,0,12,0,0,23,0,23,0,2,33,0,35,0,0,0,35
05/29/2016,TCL,AL,ASO,ES,Federal Contract Tower,0,2,6,0,8,0,2,34,2,38,0,4,40,2,46,98,0,98,144
05/30/2016,TCL,AL,ASO,ES,Federal Contract Tower,1,3,10,0,14,0,2,38,0,40,1,5,48,0,54,110,0,110,164
05/31/2016,TCL,AL,ASO,ES,Federal Contract Tower,1,0,24,18,43,0,0,33,5,38,1,0,57,23,81,72,0,72,153
06/01/2016,TCL,AL,ASO,ES,Federal Contract Tower,0,0,22,20,42,0,1,40,8,49,0,1,62,28,91,164,14,178,269
06/02/2016,TCL,AL,ASO,ES,Federal Contract Tower,0,3,21,10,34,0,4,31,6,41,0,7,52,16,75,42,6,48,123
06/03/2016,TCL,AL,ASO,ES,Federal Contract Tower,0,2,23,38,63,0,8,27,28,63,0,10,50,66,126,100,0,100,226
06/04/2016,TCL,AL,ASO,ES,Federal Contract Tower,0,4,7,0,11,0,5,13,25,43,0,9,20,25,54,36,0,36,90
06/05/2016,TCL,AL,ASO,ES,Federal Contract Tower,0,3,13,6,22,0,2,11,2,15,0,5,24,8,37,8,0,8,45
06/06/2016,TCL,AL,ASO,ES,Federal Contract Tower,0,4,16,24,44,0,0,15,0,15,0,4,31,24,59,46,0,46,105
06/07/2016,TCL,AL,ASO,ES,Federal Contract Tower,0,2,25,46,73,0,0,33,9,42,0,2,58,55,115,126,10,136,251
06/08/2016,TCL,AL,ASO,ES,Federal Contract Tower,0,0,26,30,56,0,0,38,2,40,0,0,64,32,96,96,6,102,198
06/09/2016,TCL,AL,ASO,ES,Federal Contract Tower,0,3,16,27,46,0,1,43,5,49,0,4,59,32,95,54,8,62,157
06/10/2016,TCL,AL,ASO,ES,Federal Contract Tower,0,0,13,31,44,0,2,39,5,46,0,2,52,36,90,20,8,28,118
06/11/2016,TCL,AL,ASO,ES,Federal Contract Tower,0,3,9,12,24,0,2,60,1,63,0,5,69,13,87,50,8,58,145
06/12/2016,TCL,AL,ASO,ES,Federal Contract Tower,0,14,17,2,33,0,0,14,0,14,0,14,31,2,47,0,0,0,47
06/13/2016,TCL,AL,ASO,ES,Federal Contract Tower,0,2,20,8,30,0,0,35,8,43,0,2,55,16,73,134,0,134,207
06/14/2016,TCL,AL,ASO,ES,Federal Contract Tower,0,2,17,8,27,0,1,28,0,29,0,3,45,8,56,60,0,60,116
06/15/2016,TCL,AL,ASO,ES,Federal Contract Tower,0,6,28,8,42,0,0,6,0,6,0,6,34,8,48,56,0,56,104
06/16/2016,TCL,AL,ASO,ES,Federal Contract Tower,0,6,27,20,53,0,2,35,9,46,0,8,62,29,99,46,0,46,145
06/17/2016,TCL,AL,ASO,ES,Federal Contract Tower,0,4,15,6,25,0,0,26,12,38,0,4,41,18,63,88,0,88,151
06/18/2016,TCL,AL,ASO,ES,Federal Contract Tower,0,4,20,2,26,0,1,18,4,23,0,5,38,6,49,72,0,72,121
06/19/2016,TCL,AL,ASO,ES,Federal Contract Tower,0,2,16,0,18,0,4,29,0,33,0,6,45,0,51,94,0,94,145
06/20/2016,TCL,AL,ASO,ES,Federal Contract Tower,1,6,8,14,29,0,0,45,2,47,1,6,53,16,76,100,0,100,176
06/21/2016,TCL,AL,ASO,ES,Federal Contract Tower,1,5,24,14,44,0,2,30,0,32,1,7,54,14,76,62,0,62,138
06/22/2016,TCL,AL,ASO,ES,Federal Contract Tower,0,3,16,14,33,0,4,52,2,58,0,7,68,16,91,92,8,100,191
06/23/2016,TCL,AL,ASO,ES,Federal Contract Tower,0,15,16,14,45,0,1,37,4,42,0,16,53,18,87,56,0,56,143
06/24/2016,TCL,AL,ASO,ES,Federal Contract Tower,2,6,21,16,45,0,6,26,4,36,2,12,47,20,81,124,0,124,205
06/25/2016,TCL,AL,ASO,ES,Federal Contract Tower,0,3,14,0,17,0,6,30,0,36,0,9,44,0,53,50,0,50,103
06/26/2016,TCL,AL,ASO,ES,Federal Contract Tower,0,4,13,12,29,0,1,33,5,39,0,5,46,17,68,30,0,30,98
06/27/2016,TCL,AL,ASO,ES,Federal Contract Tower,0,0,18,13,31,0,0,24,5,29,0,0,42,18,60,98,0,98,158
06/28/2016,TCL,AL,ASO,ES,Federal Contract Tower,0,6,35,48,89,0,2,13,12,27,0,8,48,60,116,30,0,30,146
06/29/2016,TCL,AL,ASO,ES,Federal Contract Tower,1,3,25,13,42,0,0,20,5,25,1,3,45,18,67,70,6,76,143
06/30/2016,TCL,AL,ASO,ES,Federal Contract Tower,0,6,28,20,54,0,2,38,4,44,0,8,66,24,98,46,0,46,144
07/01/2016,TCL,AL,ASO,ES,Federal Contract Tower,3,7,28,16,54,0,2,45,4,51,3,9,73,20,105,114,8,122,227
07/02/2016,TCL,AL,ASO,ES,Federal Contract Tower,0,3,13,0,16,0,2,42,0,44,0,5,55,0,60,54,0,54,114
07/03/2016,TCL,AL,ASO,ES,Federal Contract Tower,0,1,3,0,4,0,2,51,0,53,0,3,54,0,57,126,0,126,183
07/04/2016,TCL,AL,ASO,ES,Federal Contract Tower,1,1,7,0,9,0,2,26,0,28,1,3,33,0,37,102,0,102,139
07/05/2016,TCL,AL,ASO,ES,Federal Contract Tower,0,2,8,0,10,0,2,25,0,27,0,4,33,0,37,90,0,90,127
07/06/2016,TCL,AL,ASO,ES,Federal Contract Tower,0,2,18,16,36,0,0,25,2,27,0,2,43,18,63,12,0,12,75
07/07/2016,TCL,AL,ASO,ES,Federal Contract Tower,0,4,19,14,37,0,2,35,2,39,0,6,54,16,76,36,8,44,120
07/08/2016,TCL,AL,ASO,ES,Federal Contract Tower,0,2,19,20,41,0,6,35,3,44,0,8,54,23,85,110,0,110,195
07/09/2016,TCL,AL,ASO,ES,Federal Contract Tower,0,1,3,1,5,0,6,27,3,36,0,7,30,4,41,62,0,62,103
07/10/2016,TCL,AL,ASO,ES,Federal Contract Tower,0,4,14,0,18,0,6,32,4,42,0,10,46,4,60,66,0,66,126
07/11/2016,TCL,AL,ASO,ES,Federal Contract Tower,0,1,16,2,19,0,2,22,1,25,0,3,38,3,44,80,6,86,130
07/12/2016,TCL,AL,ASO,ES,Federal Contract Tower,0,4,17,3,24,0,0,15,2,17,0,4,32,5,41,74,0,74,115
07/13/2016,TCL,AL,ASO,ES,Federal Contract Tower,0,3,30,17,50,0,0,20,2,22,0,3,50,19,72,80,4,84,156
07/14/2016,TCL,AL,ASO,ES,Federal Contract Tower,0,3,24,4,31,0,5,24,5,34,0,8,48,9,65,46,0,46,111
07/15/2016,TCL,AL,ASO,ES,Federal Contract Tower,0,3,23,10,36,0,1,26,3,30,0,4,49,13,66,48,0,48,114
07/16/2016,TCL,AL,ASO,ES,Federal Contract Tower,0,5,8,0,13,0,0,28,4,32,0,5,36,4,45,20,6,26,71
07/17/2016,TCL,AL,ASO,ES,Federal Contract Tower,0,2,22,8,32,0,2,34,0,36,0,4,56,8,68,110,0,110,178
07/18/2016,TCL,AL,ASO,ES,Federal Contract Tower,0,2,26,12,40,0,2,44,15,61,0,4,70,27,101,90,6,96,197
07/19/2016,TCL,AL,ASO,ES,Federal Contract Tower,0,8,19,12,39,0,2,27,4,33,0,10,46,16,72,100,0,100,172
07/20/2016,TCL,AL,ASO,ES,Federal Contract Tower,0,5,27,18,50,0,2,31,6,39,0,7,58,24,89,114,0,114,203
07/21/2016,TCL,AL,ASO,ES,Federal Contract Tower,0,20,22,11,53,0,0,35,11,46,0,20,57,22,99,42,16,58,157
07/22/2016,TCL,AL,ASO,ES,Federal Contract Tower,0,11,20,9,40,0,3,20,12,35,0,14,40,21,75,112,0,112,187
07/23/2016,TCL,AL,ASO,ES,Federal Contract Tower,0,8,14,2,24,0,3,20,1,24,0,11,34,3,48,64,0,64,112
07/24/2016,TCL,AL,ASO,ES,Federal Contract Tower,0,10,13,6,29,0,2,30,6,38,0,12,43,12,67,96,0,96,163
07/25/2016,TCL,AL,ASO,ES,Federal Contract Tower,0,9,19,12,40,0,1,30,4,35,0,10,49,16,75,118,0,118,193
07/26/2016,TCL,AL,ASO,ES,Federal Contract Tower,7,12,29,16,64,0,0,40,5,45,7,12,69,21,109,60,22,82,191
07/27/2016,TCL,AL,ASO,ES,Federal Contract Tower,4,11,16,8,39,0,6,16,0,22,4,17,32,8,61,70,0,70,131
07/28/2016,TCL,AL,ASO,ES,Federal Contract Tower,5,13,27,20,65,0,2,14,0,16,5,15,41,20,81,76,0,76,157
07/29/2016,TCL,AL,ASO,ES,Federal Contract Tower,2,4,21,18,45,0,4,36,8,48,2,8,57,26,93,176,2,178,271
07/30/2016,TCL,AL,ASO,ES,Federal Contract Tower,2,3,8,5,18,0,0,17,8,25,2,3,25,13,43,36,10,46,89
07/31/2016,TCL,AL,ASO,ES,Federal Contract Tower,2,3,12,30,47,0,4,27,0,31,2,7,39,30,78,116,16,132,210
08/01/2016,TCL,AL,ASO,ES,Federal Contract Tower,2,8,19,10,39,0,4,22,8,34,2,12,41,18,73,116,0,116,189
08/02/2016,TCL,AL,ASO,ES,Federal Contract Tower,5,7,20,4,36,0,3,35,4,42,5,10,55,8,78,88,0,88,166
08/03/2016,TCL,AL,ASO,ES,Federal Contract Tower,1,9,18,16,44,0,3,31,2,36,1,12,49,18,80,116,0,116,196
08/04/2016,TCL,AL,ASO,ES,Federal Contract Tower,1,4,13,18,36,0,5,43,4,52,1,9,56,22,88,34,0,34,122
08/05/2016,TCL,AL,ASO,ES,Federal Contract Tower,1,12,10,16,39,0,4,44,7,55,1,16,54,23,94,118,0,118,212
08/06/2016,TCL,AL,ASO,ES,Federal Contract Tower,4,4,14,4,26,0,1,22,7,30,4,5,36,11,56,66,0,66,122
08/07/2016,TCL,AL,ASO,ES,Federal Contract Tower,1,2,10,0,13,0,2,11,0,13,1,4,21,0,26,8,0,8,34
08/08/2016,TCL,AL,ASO,ES,Federal Contract Tower,2,4,10,0,16,0,6,21,0,27,2,10,31,0,43,88,0,88,131
08/09/2016,TCL,AL,ASO,ES,Federal Contract Tower,3,7,15,20,45,0,0,18,0,18,3,7,33,20,63,58,0,58,121
08/10/2016,TCL,AL,ASO,ES,Federal Contract Tower,3,0,28,20,51,0,2,13,0,15,3,2,41,20,66,0,0,0,66
08/11/2016,TCL,AL,ASO,ES,Federal Contract Tower,2,8,20,18,48,0,0,10,2,12,2,8,30,20,60,42,0,42,102
08/12/2016,TCL,AL,ASO,ES,Federal Contract Tower,5,11,20,8,44,0,0,8,0,8,5,11,28,8,52,18,0,18,70
08/13/2016,TCL,AL,ASO,ES,Federal Contract Tower,2,17,14,0,33,0,2,14,6,22,2,19,28,6,55,0,0,0,55
08/14/2016,TCL,AL,ASO,ES,Federal Contract Tower,1,5,23,0,29,0,2,17,0,19,1,7,40,0,48,22,0,22,70
08/15/2016,TCL,AL,ASO,ES,Federal Contract Tower,0,8,14,39,61,0,0,18,3,21,0,8,32,42,82,44,26,70,152
08/16/2016,TCL,AL,ASO,ES,Federal Contract Tower,0,14,16,14,44,0,0,44,3,47,0,14,60,17,91,54,4,58,149
08/17/2016,TCL,AL,ASO,ES,Federal Contract Tower,1,4,25,23,53,0,6,31,7,44,1,10,56,30,97,86,6,92,189
08/19/2016,TCL,AL,ASO,ES,Federal Contract Tower,0,6,17,22,45,0,2,17,3,22,0,8,34,25,67,28,8,36,103
08/20/2016,TCL,AL,ASO,ES,Federal Contract Tower,0,2,18,2,22,0,0,23,4,27,0,2,41,6,49,54,0,54,103
08/21/2016,TCL,AL,ASO,ES,Federal Contract Tower,0,2,22,9,33,0,2,10,0,12,0,4,32,9,45,8,0,8,53
08/22/2016,TCL,AL,ASO,ES,Federal Contract Tower,0,5,15,28,48,0,2,26,4,32,0,7,41,32,80,98,0,98,178
08/23/2016,TCL,AL,ASO,ES,Federal Contract Tower,0,4,17,19,40,0,5,41,5,51,0,9,58,24,91,90,6,96,187
08/24/2016,TCL,AL,ASO,ES,Federal Contract Tower,0,4,25,20,49,0,0,29,8,37,0,4,54,28,86,84,0,84,170
08/25/2016,TCL,AL,ASO,ES,Federal Contract Tower,0,3,16,10,29,0,0,31,5,36,0,3,47,15,65,76,0,76,141
08/26/2016,TCL,AL,ASO,ES,Federal Contract Tower,0,2,12,30,44,0,0,28,10,38,0,2,40,40,82,114,2,116,198
08/27/2016,TCL,AL,ASO,ES,Federal Contract Tower,0,4,15,4,23,0,2,31,10,43,0,6,46,14,66,42,6,48,114
08/28/2016,TCL,AL,ASO,ES,Federal Contract Tower,0,6,16,33,55,0,5,41,0,46,0,11,57,33,101,128,0,128,229
08/29/2016,TCL,AL,ASO,ES,Federal Contract Tower,0,2,23,24,49,0,2,38,6,46,0,4,61,30,95,128,0,128,223
08/30/2016,TCL,AL,ASO,ES,Federal Contract Tower,0,8,6,34,48,0,1,51,9,61,0,9,57,43,109,82,10,92,201
08/31/2016,TCL,AL,ASO,ES,Federal Contract Tower,0,12,15,17,44,0,5,35,10,50,0,17,50,27,94,126,0,126,220
09/01/2016,TCL,AL,ASO,ES,Federal Contract Tower,0,13,26,5,44,0,0,33,2,35,0,13,59,7,79,22,0,22,101
09/02/2016,TCL,AL,ASO,ES,Federal Contract Tower,2,5,38,0,45,0,4,31,4,39,2,9,69,4,84,82,0,82,166
09/03/2016,TCL,AL,ASO,ES,Federal Contract Tower,0,5,24,0,29,0,0,21,0,21,0,5,45,0,50,50,0,50,100
09/04/2016,TCL,AL,ASO,ES,Federal Contract Tower,2,6,22,0,30,0,4,44,0,48,2,10,66,0,78,148,0,148,226
09/05/2016,TCL,AL,ASO,ES,Federal Contract Tower,0,8,37,0,45,0,6,36,0,42,0,14,73,0,87,82,0,82,169
09/06/2016,TCL,AL,ASO,ES,Federal Contract Tower,2,4,16,20,42,0,2,41,4,47,2,6,57,24,89,82,0,82,171
09/07/2016,TCL,AL,ASO,ES,Federal Contract Tower,0,5,21,35,61,0,4,45,7,56,0,9,66,42,117,81,0,81,198
09/08/2016,TCL,AL,ASO,ES,Federal Contract Tower,0,5,16,10,31,0,0,41,3,44,0,5,57,13,75,130,0,130,205
09/09/2016,TCL,AL,ASO,ES,Federal Contract Tower,0,8,31,14,53,0,0,32,10,42,0,8,63,24,95,114,12,126,221
09/10/2016,TCL,AL,ASO,ES,Federal Contract Tower,0,4,36,0,40,0,4,35,0,39,0,8,71,0,79,44,0,44,123
09/11/2016,TCL,AL,ASO,ES,Federal Contract Tower,0,7,21,6,34,0,2,21,2,25,0,9,42,8,59,4,0,4,63
09/12/2016,TCL,AL,ASO,ES,Federal Contract Tower,0,2,7,24,33,0,6,18,0,24,0,8,25,24,57,104,0,104,161
09/13/2016,TCL,AL,ASO,ES,Federal Contract Tower,0,4,18,18,40,0,7,23,3,33,0,11,41,21,73,68,0,68,141
09/14/2016,TCL,AL,ASO,ES,Federal Contract Tower,2,4,12,24,42,0,0,38,7,45,2,4,50,31,87,94,10,104,191
09/15/2016,TCL,AL,ASO,ES,Federal Contract Tower,16,4,21,24,65,0,0,55,2,57,16,4,76,26,122,124,0,124,246
09/16/2016,TCL,AL,ASO,ES,Federal Contract Tower,12,0,28,20,60,0,4,34,8,46,12,4,62,28,106,58,2,60,166
09/17/2016,TCL,AL,ASO,ES,Federal Contract Tower,3,4,11,0,18,0,1,2,12,15,3,5,13,12,33,8,0,8,41
09/18/2016,TCL,AL,ASO,ES,Federal Contract Tower,0,3,21,10,34,0,0,9,2,11,0,3,30,12,45,12,0,12,57
09/19/2016,TCL,AL,ASO,ES,Federal Contract Tower,2,2,31,18,53,0,0,28,0,28,2,2,59,18,81,124,2,126,207
09/20/2016,TCL,AL,ASO,ES,Federal Contract Tower,0,4,19,16,39,0,6,60,6,72,0,10,79,22,111,104,0,104,215
09/21/2016,TCL,AL,ASO,ES,Federal Contract Tower,3,6,18,21,48,0,0,44,0,44,3,6,62,21,92,100,0,100,192
09/22/2016,TCL,AL,ASO,ES,Federal Contract Tower,8,5,35,34,82,0,1,35,2,38,8,6,70,36,120,76,6,82,202
09/23/2016,TCL,AL,ASO,ES,Federal Contract Tower,8,14,23,20,65,0,0,33,6,39,8,14,56,26,104,84,0,84,188
09/24/2016,TCL,AL,ASO,ES,Federal Contract Tower,10,2,45,0,57,0,3,54,0,57,10,5,99,0,114,52,0,52,166
09/25/2016,TCL,AL,ASO,ES,Federal Contract Tower,0,18,22,9,49,0,0,32,0,32,0,18,54,9,81,70,0,70,151
09/26/2016,TCL,AL,ASO,ES,Federal Contract Tower,3,4,11,7,25,0,0,26,5,31,3,4,37,12,56,90,0,90,146
09/27/2016,TCL,AL,ASO,ES,Federal Contract Tower,0,5,9,12,26,0,2,19,0,21,0,7,28,12,47,88,0,88,135
09/28/2016,TCL,AL,ASO,ES,Federal Contract Tower,4,7,18,9,38,0,0,31,8,39,4,7,49,17,77,78,0,78,155
09/29/2016,TCL,AL,ASO,ES,Federal Contract Tower,1,4,18,3,26,0,0,43,5,48,1,4,61,8,74,70,6,76,150
09/30/2016,TCL,AL,ASO,ES,Federal Contract Tower,0,17,39,6,62,0,4,36,6,46,0,21,75,12,108,122,0,122,230
10/01/2016,TCL,AL,ASO,ES,Federal Contract Tower,1,17,67,0,85,0,3,40,2,45,1,20,107,2,130,132,14,146,276
10/02/2016,TCL,AL,ASO,ES,Federal Contract Tower,0,17,49,14,80,0,0,38,0,38,0,17,87,14,118,86,0,86,204
10/03/2016,TCL,AL,ASO,ES,Federal Contract Tower,0,9,22,40,71,0,4,49,0,53,0,13,71,40,124,74,12,86,210
10/04/2016,TCL,AL,ASO,ES,Federal Contract Tower,0,1,20,34,55,0,6,26,0,32,0,7,46,34,87,72,4,76,163
10/05/2016,TCL,AL,ASO,ES,Federal Contract Tower,0,9,21,28,58,0,0,38,3,41,0,9,59,31,99,64,24,88,187
10/06/2016,TCL,AL,ASO,ES,Federal Contract Tower,0,0,21,8,29,0,3,32,0,35,0,3,53,8,64,62,0,62,126
10/07/2016,TCL,AL,ASO,ES,Federal Contract Tower,11,3,26,34,74,0,2,58,5,65,11,5,84,39,139,112,20,132,271
10/08/2016,TCL,AL,ASO,ES,Federal Contract Tower,12,2,9,4,27,0,10,29,2,41,12,12,38,6,68,18,0,18,86
10/09/2016,TCL,AL,ASO,ES,Federal Contract Tower,2,5,19,8,34,0,2,37,1,40,2,7,56,9,74,74,0,74,148
10/10/2016,TCL,AL,ASO,ES,Federal Contract Tower,1,5,26,4,36,0,11,31,0,42,1,16,57,4,78,82,0,82,160
10/11/2016,TCL,AL,ASO,ES,Federal Contract Tower,0,6,19,18,43,0,4,47,2,53,0,10,66,20,96,94,16,110,206
10/12/2016,TCL,AL,ASO,ES,Federal Contract Tower,0,2,27,4,33,0,2,36,14,52,0,4,63,18,85,82,0,82,167
10/13/2016,TCL,AL,ASO,ES,Federal Contract Tower,0,3,26,12,41,0,3,38,9,50,0,6,64,21,91,48,12,60,151
10/14/2016,TCL,AL,ASO,ES,Federal Contract Tower,11,6,38,24,79,0,6,45,10,61,11,12,83,34,140,130,0,130,270
10/15/2016,TCL,AL,ASO,ES,Federal Contract Tower,12,6,19,6,43,0,3,26,4,33,12,9,45,10,76,12,0,12,88
10/16/2016,TCL,AL,ASO,ES,Federal Contract Tower,4,5,22,17,48,0,7,24,1,32,4,12,46,18,80,62,10,72,152
10/17/2016,TCL,AL,ASO,ES,Federal Contract Tower,1,4,15,11,31,0,7,36,12,55,1,11,51,23,86,120,0,120,206
10/18/2016,TCL,AL,ASO,ES,Federal Contract Tower,2,9,23,4,38,0,5,36,6,47,2,14,59,10,85,130,0,130,215
10/19/2016,TCL,AL,ASO,ES,Federal Contract Tower,0,8,33,12,53,0,0,47,16,63,0,8,80,28,116,106,0,106,222
10/20/2016,TCL,AL,ASO,ES,Federal Contract Tower,11,14,33,12,70,0,0,25,0,25,11,14,58,12,95,58,0,58,153
10/21/2016,TCL,AL,ASO,ES,Federal Contract Tower,11,33,47,18,109,0,10,50,1,61,11,43,97,19,170,58,0,58,228
10/22/2016,TCL,AL,ASO,ES,Federal Contract Tower,16,77,167,0,260,0,0,95,2,97,16,77,262,2,357,332,0,332,689
10/23/2016,TCL,AL,ASO,ES,Federal Contract Tower,0,37,75,2,114,0,0,91,3,94,0,37,166,5,208,104,0,104,312
10/24/2016,TCL,AL,ASO,ES,Federal Contract Tower,0,5,28,20,53,0,1,43,2,46,0,6,71,22,99,60,0,60,159
10/25/2016,TCL,AL,ASO,ES,Federal Contract Tower,0,2,23,26,51,0,9,57,3,69,0,11,80,29,120,94,0,94,214
10/26/2016,TCL,AL,ASO,ES,Federal Contract Tower,0,8,31,10,49,0,0,38,4,42,0,8,69,14,91,42,12,54,145
10/27/2016,TCL,AL,ASO,ES,Federal Contract Tower,0,13,24,8,45,0,3,32,0,35,0,16,56,8,80,66,0,66,146
10/28/2016,TCL,AL,ASO,ES,Federal Contract Tower,7,5,29,11,52,0,0,43,11,54,7,5,72,22,106,86,0,86,192
10/29/2016,TCL,AL,ASO,ES,Federal Contract Tower,5,4,8,0,17,0,1,124,0,125,5,5,132,0,142,48,0,48,190
10/30/2016,TCL,AL,ASO,ES,Federal Contract Tower,1,6,28,13,48,0,2,34,3,39,1,8,62,16,87,84,0,84,171
10/31/2016,TCL,AL,ASO,ES,Federal Contract Tower,2,3,27,28,60,0,3,40,4,47,2,6,67,32,107,88,0,88,195
11/01/2016,TCL,AL,ASO,ES,Federal Contract Tower,0,11,23,8,42,0,4,39,6,49,0,15,62,14,91,92,0,92,183
11/02/2016,TCL,AL,ASO,ES,Federal Contract Tower,1,8,38,9,56,0,3,33,2,38,1,11,71,11,94,114,0,114,208
11/03/2016,TCL,AL,ASO,ES,Federal Contract Tower,1,10,38,20,69,0,0,27,13,40,1,10,65,33,109,98,8,106,215
11/04/2016,TCL,AL,ASO,ES,Federal Contract Tower,2,5,27,24,58,0,4,34,2,40,2,9,61,26,98,114,0,114,212
11/05/2016,TCL,AL,ASO,ES,Federal Contract Tower,0,4,16,4,24,0,2,39,17,58,0,6,55,21,82,58,0,58,140
11/06/2016,TCL,AL,ASO,ES,Federal Contract Tower,2,5,33,4,44,0,2,40,2,44,2,7,73,6,88,78,0,78,166
11/07/2016,TCL,AL,ASO,ES,Federal Contract Tower,0,0,15,36,51,0,2,25,3,30,0,2,40,39,81,70,22,92,173
11/08/2016,TCL,AL,ASO,ES,Federal Contract Tower,0,2,20,28,50,0,0,31,4,35,0,2,51,32,85,62,0,62,147
11/09/2016,TCL,AL,ASO,ES,Federal Contract Tower,0,2,25,19,46,0,4,26,0,30,0,6,51,19,76,58,4,62,138
11/10/2016,TCL,AL,ASO,ES,Federal Contract Tower,0,9,29,33,71,0,0,50,6,56,0,9,79,39,127,140,0,140,267
11/11/2016,TCL,AL,ASO,ES,Federal Contract Tower,3,12,40,4,59,0,4,44,2,50,3,16,84,6,109,170,0,170,279
11/12/2016,TCL,AL,ASO,ES,Federal Contract Tower,0,14,63,4,81,0,6,50,0,56,0,20,113,4,137,176,8,184,321
11/13/2016,TCL,AL,ASO,ES,Federal Contract Tower,0,10,32,4,46,0,8,35,0,43,0,18,67,4,89,102,0,102,191
11/14/2016,TCL,AL,ASO,ES,Federal Contract Tower,1,3,20,58,82,0,8,40,5,53,1,11,60,63,135,88,8,96,231
11/15/2016,TCL,AL,ASO,ES,Federal Contract Tower,0,7,21,22,50,0,0,26,2,28,0,7,47,24,78,64,0,64,142
11/16/2016,TCL,AL,ASO,ES,Federal Contract Tower,1,2,22,20,45,0,0,25,4,29,1,2,47,24,74,40,0,40,114
11/17/2016,TCL,AL,ASO,ES,Federal Contract Tower,2,2,35,14,53,0,1,49,8,58,2,3,84,22,111,94,0,94,205
11/18/2016,TCL,AL,ASO,ES,Federal Contract Tower,8,11,35,21,75,0,9,42,4,55,8,20,77,25,130,144,0,144,274
11/20/2016,TCL,AL,ASO,ES,Federal Contract Tower,0,4,24,0,28,0,2,28,0,30,0,6,52,0,58,58,0,58,116
11/21/2016,TCL,AL,ASO,ES,Federal Contract Tower,0,3,13,25,41,0,2,37,4,43,0,5,50,29,84,72,8,80,164
11/22/2016,TCL,AL,ASO,ES,Federal Contract Tower,2,11,24,34,71,0,4,32,2,38,2,15,56,36,109,92,0,92,201
11/23/2016,TCL,AL,ASO,ES,Federal Contract Tower,2,1,28,10,41,0,1,29,6,36,2,2,57,16,77,68,0,68,145
11/24/2016,TCL,AL,ASO,ES,Federal Contract Tower,2,1,13,0,16,0,0,12,0,12,2,1,25,0,28,38,0,38,66
11/25/2016,TCL,AL,ASO,ES,Federal Contract Tower,0,12,39,9,60,0,6,41,0,47,0,18,80,9,107,116,0,116,223
11/26/2016,TCL,AL,ASO,ES,Federal Contract Tower,4,36,158,1,199,0,12,55,1,68,4,48,213,2,267,100,0,100,367
11/27/2016,TCL,AL,ASO,ES,Federal Contract Tower,0,13,57,0,70,0,1,47,0,48,0,14,104,0,118,164,0,164,282
11/28/2016,TCL,AL,ASO,ES,Federal Contract Tower,0,11,14,18,43,0,0,6,4,10,0,11,20,22,53,0,0,0,53
11/29/2016,TCL,AL,ASO,ES,Federal Contract Tower,0,2,21,20,43,0,4,8,0,12,0,6,29,20,55,18,0,18,73
11/30/2016,TCL,AL,ASO,ES,Federal Contract Tower,0,1,11,10,22,0,6,4,0,10,0,7,15,10,32,0,0,0,32
12/01/2016,TCL,AL,ASO,ES,Federal Contract Tower,2,1,28,28,59,0,0,52,12,64,2,1,80,40,123,86,10,96,219
12/02/2016,TCL,AL,ASO,ES,Federal Contract Tower,2,2,16,22,42,0,2,49,2,53,2,4,65,24,95,110,0,110,205
12/03/2016,TCL,AL,ASO,ES,Federal Contract Tower,5,8,7,4,24,0,0,12,0,12,5,8,19,4,36,38,0,38,74
12/04/2016,TCL,AL,ASO,ES,Federal Contract Tower,4,6,16,26,52,0,0,0,0,0,4,6,16,26,52,0,0,0,52
12/05/2016,TCL,AL,ASO,ES,Federal Contract Tower,0,4,5,0,9,0,0,0,0,0,0,4,5,0,9,0,0,0,9
12/06/2016,TCL,AL,ASO,ES,Federal Contract Tower,0,8,20,14,42,0,0,10,0,10,0,8,30,14,52,48,0,48,100
12/07/2016,TCL,AL,ASO,ES,Federal Contract Tower,0,5,25,40,70,0,2,11,4,17,0,7,36,44,87,28,0,28,115
12/08/2016,TCL,AL,ASO,ES,Federal Contract Tower,0,11,19,28,58,0,8,14,8,30,0,19,33,36,88,24,0,24,112
12/09/2016,TCL,AL,ASO,ES,Federal Contract Tower,0,5,15,36,56,0,4,20,16,40,0,9,35,52,96,38,6,44,140
12/10/2016,TCL,AL,ASO,ES,Federal Contract Tower,2,5,17,10,34,0,5,41,5,51,2,10,58,15,85,66,2,68,153
12/11/2016,TCL,AL,ASO,ES,Federal Contract Tower,2,4,11,4,21,0,4,44,2,50,2,8,55,6,71,92,0,92,163
12/12/2016,TCL,AL,ASO,ES,Federal Contract Tower,0,4,20,38,62,0,2,2,0,4,0,6,22,38,66,20,2,22,88
12/13/2016,TCL,AL,ASO,ES,Federal Contract Tower,0,3,8,28,39,0,0,4,0,4,0,3,12,28,43,6,0,6,49
12/14/2016,TCL,AL,ASO,ES,Federal Contract Tower,3,6,19,41,69,0,5,13,8,26,3,11,32,49,95,24,12,36,131
12/15/2016,TCL,AL,ASO,ES,Federal Contract Tower,0,5,20,15,40,0,0,30,4,34,0,5,50,19,74,20,12,32,106
12/16/2016,TCL,AL,ASO,ES,Federal Contract Tower,0,5,20,18,43,0,0,25,4,29,0,5,45,22,72,95,2,97,169
12/17/2016,TCL,AL,ASO,ES,Federal Contract Tower,0,3,6,8,17,0,0,8,0,8,0,3,14,8,25,0,0,0,25
12/18/2016,TCL,AL,ASO,ES,Federal Contract Tower,0,4,7,0,11,0,0,2,0,2,0,4,9,0,13,0,0,0,13
12/19/2016,TCL,AL,ASO,ES,Federal Contract Tower,0,2,14,20,36,0,2,17,0,19,0,4,31,20,55,48,0,48,103
12/20/2016,TCL,AL,ASO,ES,Federal Contract Tower,1,9,20,58,88,0,2,22,0,24,1,11,42,58,112,54,10,64,176
12/21/2016,TCL,AL,ASO,ES,Federal Contract Tower,1,5,11,38,55,0,4,20,4,28,1,9,31,42,83,76,0,76,159
12/22/2016,TCL,AL,ASO,ES,Federal Contract Tower,0,5,22,47,74,0,1,24,3,28,0,6,46,50,102,68,2,70,172
12/23/2016,TCL,AL,ASO,ES,Federal Contract Tower,0,3,11,10,24,0,2,32,2,36,0,5,43,12,60,70,0,70,130
12/24/2016,TCL,AL,ASO,ES,Federal Contract Tower,0,0,6,0,6,0,0,12,0,12,0,0,18,0,18,0,0,0,18
12/25/2016,TCL,AL,ASO,ES,Federal Contract Tower,0,0,0,0,0,0,6,4,0,10,0,6,4,0,10,30,0,30,40
12/26/2016,TCL,AL,ASO,ES,Federal Contract Tower,2,5,11,0,18,0,6,7,0,13,2,11,18,0,31,6,0,6,37
12/27/2016,TCL,AL,ASO,ES,Federal Contract Tower,0,0,15,0,15,0,1,5,0,6,0,1,20,0,21,10,0,10,31
12/28/2016,TCL,AL,ASO,ES,Federal Contract Tower,0,0,8,8,16,0,6,17,0,23,0,6,25,8,39,10,8,18,57
12/29/2016,TCL,AL,ASO,ES,Federal Contract Tower,0,2,9,0,11,0,5,15,0,20,0,7,24,0,31,12,0,12,43
12/30/2016,TCL,AL,ASO,ES,Federal Contract Tower,0,1,15,0,16,0,4,51,6,61,0,5,66,6,77,104,6,110,187
12/31/2016,TCL,AL,ASO,ES,Federal Contract Tower,0,2,13,0,15,0,0,5,0,5,0,2,18,0,20,0,0,0,20
01/01/2017,TCL,AL,ASO,ES,Federal Contract Tower,4,1,6,0,11,0,0,0,0,0,4,1,6,0,11,0,0,0,11
01/02/2017,TCL,AL,ASO,ES,Federal Contract Tower,1,2,8,0,11,0,0,0,0,0,1,2,8,0,11,0,0,0,11
01/03/2017,TCL,AL,ASO,ES,Federal Contract Tower,0,0,12,10,22,0,2,15,0,17,0,2,27,10,39,54,0,54,93
01/04/2017,TCL,AL,ASO,ES,Federal Contract Tower,0,1,17,38,56,0,0,14,0,14,0,1,31,38,70,8,0,8,78
01/05/2017,TCL,AL,ASO,ES,Federal Contract Tower,3,3,28,18,52,0,2,16,1,19,3,5,44,19,71,28,0,28,99
01/06/2017,TCL,AL,ASO,ES,Federal Contract Tower,1,1,8,4,14,0,0,0,0,0,1,1,8,4,14,0,0,0,14
01/07/2017,TCL,AL,ASO,ES,Federal Contract Tower,2,2,9,9,22,0,4,18,2,24,2,6,27,11,46,0,0,0,46
01/08/2017,TCL,AL,ASO,ES,Federal Contract Tower,2,3,17,17,39,0,2,18,5,25,2,5,35,22,64,16,0,16,80
01/09/2017,TCL,AL,ASO,ES,Federal Contract Tower,1,6,18,24,49,0,2,7,0,9,1,8,25,24,58,12,12,24,82
01/10/2017,TCL,AL,ASO,ES,Federal Contract Tower,4,18,56,14,92,0,5,18,6,29,4,23,74,20,121,30,12,42,163
01/11/2017,TCL,AL,ASO,ES,Federal Contract Tower,2,6,33,24,65,0,4,1,0,5,2,10,34,24,70,10,0,10,80
01/12/2017,TCL,AL,ASO,ES,Federal Contract Tower,0,2,23,21,46,0,4,8,4,16,0,6,31,25,62,40,0,40,102
01/13/2017,TCL,AL,ASO,ES,Federal Contract Tower,2,4,27,39,72,0,4,25,13,42,2,8,52,52,114,146,14,160,274
01/14/2017,TCL,AL,ASO,ES,Federal Contract Tower,2,4,8,8,22,0,0,45,0,45,2,4,53,8,67,50,0,50,117
01/15/2017,TCL,AL,ASO,ES,Federal Contract Tower,2,2,9,13,26,0,2,37,5,44,2,4,46,18,70,66,22,88,158
01/16/2017,TCL,AL,ASO,ES,Federal Contract Tower,0,1,22,6,29,0,6,12,0,18,0,7,34,6,47,12,0,12,59
01/17/2017,TCL,AL,ASO,ES,Federal Contract Tower,2,3,22,27,54,0,2,18,0,20,2,5,40,27,74,40,0,40,114
01/18/2017,TCL,AL,ASO,ES,Federal Contract Tower,1,4,35,40,80,0,0,13,0,13,1,4,48,40,93,56,0,56,149
01/19/2017,TCL,AL,ASO,ES,Federal Contract Tower,3,8,16,0,27,0,0,0,0,0,3,8,16,0,27,0,0,0,27
01/20/2017,TCL,AL,ASO,ES,Federal Contract Tower,0,4,10,24,38,0,2,21,7,30,0,6,31,31,68,56,6,62,130
01/21/2017,TCL,AL,ASO,ES,Federal Contract Tower,0,6,6,4,16,0,2,1,0,3,0,8,7,4,19,6,0,6,25
01/22/2017,TCL,AL,ASO,ES,Federal Contract Tower,0,5,7,0,12,0,0,0,0,0,0,5,7,0,12,0,0,0,12
01/23/2017,TCL,AL,ASO,ES,Federal Contract Tower,0,1,10,14,25,0,4,12,5,21,0,5,22,19,46,0,0,0,46
01/24/2017,TCL,AL,ASO,ES,Federal Contract Tower,2,5,23,30,60,0,3,33,7,43,2,8,56,37,103,42,0,42,145
01/25/2017,TCL,AL,ASO,ES,Federal Contract Tower,2,4,23,26,55,0,4,15,20,39,2,8,38,46,94,22,0,22,116
01/26/2017,TCL,AL,ASO,ES,Federal Contract Tower,4,5,29,8,46,0,4,34,4,42,4,9,63,12,88,30,16,46,134
01/27/2017,TCL,AL,ASO,ES,Federal Contract Tower,0,2,17,6,25,0,0,38,12,50,0,2,55,18,75,112,22,134,209
01/28/2017,TCL,AL,ASO,ES,Federal Contract Tower,0,0,13,0,13,0,5,33,2,40,0,5,46,2,53,12,0,12,65
01/29/2017,TCL,AL,ASO,ES,Federal Contract Tower,0,2,10,4,16,0,0,32,0,32,0,2,42,4,48,104,0,104,152
01/30/2017,TCL,AL,ASO,ES,Federal Contract Tower,0,0,13,6,19,0,4,29,0,33,0,4,42,6,52,120,0,120,172
01/31/2017,TCL,AL,ASO,ES,Federal Contract Tower,2,2,20,8,32,0,2,28,6,36,2,4,48,14,68,82,0,82,150
02/01/2017,TCL,AL,ASO,ES,Federal Contract Tower,0,2,12,16,30,0,0,34,0,34,0,2,46,16,64,84,0,84,148
02/02/2017,TCL,AL,ASO,ES,Federal Contract Tower,2,7,29,35,73,0,0,4,3,7,2,7,33,38,80,12,0,12,92
02/03/2017,TCL,AL,ASO,ES,Federal Contract Tower,0,5,28,26,59,0,0,28,2,30,0,5,56,28,89,102,0,102,191
02/04/2017,TCL,AL,ASO,ES,Federal Contract Tower,0,0,10,0,10,0,2,56,0,58,0,2,66,0,68,92,0,92,160
02/05/2017,TCL,AL,ASO,ES,Federal Contract Tower,1,3,23,7,34,0,0,0,0,0,1,3,23,7,34,0,0,0,34
02/06/2017,TCL,AL,ASO,ES,Federal Contract Tower,4,3,13,6,26,0,0,0,0,0,4,3,13,6,26,4,0,4,30
02/07/2017,TCL,AL,ASO,ES,Federal Contract Tower,2,1,13,0,16,0,3,1,0,4,2,4,14,0,20,0,0,0,20
02/08/2017,TCL,AL,ASO,ES,Federal Contract Tower,4,7,17,2,30,0,0,10,0,10,4,7,27,2,40,4,0,4,44
02/09/2017,TCL,AL,ASO,ES,Federal Contract Tower,3,1,18,19,41,0,0,42,1,43,3,1,60,20,84,36,0,36,120
02/10/2017,TCL,AL,ASO,ES,Federal Contract Tower,1,3,8,28,40,0,4,49,5,58,1,7,57,33,98,122,0,122,220
02/11/2017,TCL,AL,ASO,ES,Federal Contract Tower,4,1,15,4,24,0,0,7,0,7,4,1,22,4,31,18,0,18,49
02/12/2017,TCL,AL,ASO,ES,Federal Contract Tower,2,3,14,10,29,0,0,4,2,6,2,3,18,12,35,0,16,16,51
02/13/2017,TCL,AL,ASO,ES,Federal Contract Tower,0,4,10,28,42,0,2,38,2,42,0,6,48,30,84,78,4,82,166
02/14/2017,TCL,AL,ASO,ES,Federal Contract Tower,5,10,21,22,58,0,4,34,8,46,5,14,55,30,104,100,0,100,204
02/15/2017,TCL,AL,ASO,ES,Federal Contract Tower,3,5,18,12,38,0,4,14,0,18,3,9,32,12,56,54,0,54,110
02/16/2017,TCL,AL,ASO,ES,Federal Contract Tower,3,2,18,0,23,0,7,58,2,67,3,9,76,2,90,112,0,112,202
02/17/2017,TCL,AL,ASO,ES,Federal Contract Tower,2,11,27,6,46,0,2,28,4,34,2,13,55,10,80,86,0,86,166
02/18/2017,TCL,AL,ASO,ES,Federal Contract Tower,2,5,16,2,25,0,0,15,0,15,2,5,31,2,40,22,0,22,62
02/19/2017,TCL,AL,ASO,ES,Federal Contract Tower,0,4,26,0,30,0,8,109,0,117,0,12,135,0,147,132,0,132,279
02/20/2017,TCL,AL,ASO,ES,Federal Contract Tower,0,6,19,4,29,0,10,31,0,41,0,16,50,4,70,98,0,98,168
02/21/2017,TCL,AL,ASO,ES,Federal Contract Tower,0,6,19,58,83,0,2,2,2,6,0,8,21,60,89,0,0,0,89
02/22/2017,TCL,AL,ASO,ES,Federal Contract Tower,2,8,18,21,49,0,2,19,0,21,2,10,37,21,70,62,0,62,132
02/23/2017,TCL,AL,ASO,ES,Federal Contract Tower,1,5,30,17,53,0,2,33,0,35,1,7,63,17,88,88,0,88,176
02/24/2017,TCL,AL,ASO,ES,Federal Contract Tower,3,10,20,14,47,0,6,19,4,29,3,16,39,18,76,14,6,20,96
02/25/2017,TCL,AL,ASO,ES,Federal Contract Tower,2,2,19,12,35,0,4,34,4,42,2,6,53,16,77,30,6,36,113
02/26/2017,TCL,AL,ASO,ES,Federal Contract Tower,3,1,18,7,29,0,7,55,3,65,3,8,73,10,94,82,0,82,176
02/27/2017,TCL,AL,ASO,ES,Federal Contract Tower,3,7,22,6,38,0,0,1,0,1,3,7,23,6,39,0,0,0,39
02/28/2017,TCL,AL,ASO,ES,Federal Contract Tower,0,2,10,2,14,0,2,5,0,7,0,4,15,2,21,14,0,14,35
03/01/2017,TCL,AL,ASO,ES,Federal Contract Tower,0,1,11,7,19,0,0,5,1,6,0,1,16,8,25,14,0,14,39
03/02/2017,TCL,AL,ASO,ES,Federal Contract Tower,1,4,26,18,49,0,6,24,3,33,1,10,50,21,82,40,0,40,122
03/03/2017,TCL,AL,ASO,ES,Federal Contract Tower,4,2,30,28,64,0,8,39,0,47,4,10,69,28,111,94,0,94,205
03/04/2017,TCL,AL,ASO,ES,Federal Contract Tower,3,5,12,4,24,0,0,61,0,61,3,5,73,4,85,46,0,46,131
03/05/2017,TCL,AL,ASO,ES,Federal Contract Tower,2,6,25,17,50,0,0,36,5,41,2,6,61,22,91,90,4,94,185
03/06/2017,TCL,AL,ASO,ES,Federal Contract Tower,1,9,14,2,26,0,3,20,11,34,1,12,34,13,60,0,0,0,60
03/07/2017,TCL,AL,ASO,ES,Federal Contract Tower,0,4,12,6,22,0,2,2,0,4,0,6,14,6,26,0,0,0,26
03/08/2017,TCL,AL,ASO,ES,Federal Contract Tower,0,4,27,18,49,0,8,52,6,66,0,12,79,24,115,108,4,112,227
03/09/2017,TCL,AL,ASO,ES,Federal Contract Tower,0,6,34,7,47,0,3,34,12,49,0,9,68,19,96,68,32,100,196
03/10/2017,TCL,AL,ASO,ES,Federal Contract Tower,0,5,23,42,70,0,4,21,8,33,0,9,44,50,103,34,0,34,137
03/11/2017,TCL,AL,ASO,ES,Federal Contract Tower,0,6,15,0,21,0,2,23,6,31,0,8,38,6,52,18,12,30,82
03/12/2017,TCL,AL,ASO,ES,Federal Contract Tower,2,2,13,14,31,0,0,94,0,94,2,2,107,14,125,0,0,0,125
03/13/2017,TCL,AL,ASO,ES,Federal Contract Tower,2,4,8,16,30,0,0,0,0,0,2,4,8,16,30,0,0,0,30
03/14/2017,TCL,AL,ASO,ES,Federal Contract Tower,0,2,11,12,25,0,2,32,2,36,0,4,43,14,61,8,0,8,69
03/15/2017,TCL,AL,ASO,ES,Federal Contract Tower,1,5,11,4,21,0,1,27,2,30,1,6,38,6,51,74,0,74,125
03/16/2017,TCL,AL,ASO,ES,Federal Contract Tower,1,5,26,20,52,0,2,43,8,53,1,7,69,28,105,58,0,58,163
03/17/2017,TCL,AL,ASO,ES,Federal Contract Tower,0,0,28,8,36,0,0,26,2,28,0,0,54,10,64,122,0,122,186
03/18/2017,TCL,AL,ASO,ES,Federal Contract Tower,2,3,15,4,24,0,5,13,6,24,2,8,28,10,48,18,0,18,66
03/19/2017,TCL,AL,ASO,ES,Federal Contract Tower,2,3,30,9,44,0,6,48,2,56,2,9,78,11,100,86,0,86,186
03/20/2017,TCL,AL,ASO,ES,Federal Contract Tower,0,6,23,1,30,0,6,25,5,36,0,12,48,6,66,56,10,66,132
03/21/2017,TCL,AL,ASO,ES,Federal Contract Tower,0,8,7,14,29,0,4,123,2,129,0,12,130,16,158,66,0,66,224
03/22/2017,TCL,AL,ASO,ES,Federal Contract Tower,0,5,25,35,65,0,2,82,5,89,0,7,107,40,154,46,0,46,200
03/23/2017,TCL,AL,ASO,ES,Federal Contract Tower,0,2,28,12,42,0,7,45,2,54,0,9,73,14,96,40,0,40,136
03/24/2017,TCL,AL,ASO,ES,Federal Contract Tower,0,3,20,2,25,0,4,22,4,30,0,7,42,6,55,0,0,0,55
03/25/2017,TCL,AL,ASO,ES,Federal Contract Tower,0,2,11,0,13,0,1,1,0,2,0,3,12,0,15,0,0,0,15
03/26/2017,TCL,AL,ASO,ES,Federal Contract Tower,0,5,23,8,36,0,7,15,10,32,0,12,38,18,68,44,2,46,114
03/27/2017,TCL,AL,ASO,ES,Federal Contract Tower,0,5,13,8,26,0,1,11,6,18,0,6,24,14,44,20,0,20,64
03/28/2017,TCL,AL,ASO,ES,Federal Contract Tower,0,4,15,13,32,0,5,21,6,32,0,9,36,19,64,30,0,30,94
03/29/2017,TCL,AL,ASO,ES,Federal Contract Tower,0,1,28,16,45,0,6,35,6,47,0,7,63,22,92,90,0,90,182
03/30/2017,TCL,AL,ASO,ES,Federal Contract Tower,4,1,19,2,26,0,2,6,4,12,4,3,25,6,38,30,0,30,68
03/31/2017,TCL,AL,ASO,ES,Federal Contract Tower,0,6,16,16,38,0,6,33,2,41,0,12,49,18,79,58,0,58,137
04/01/2017,TCL,AL,ASO,ES,Federal Contract Tower,0,2,5,0,7,0,7,73,2,82,0,9,78,2,89,124,0,124,213
04/02/2017,TCL,AL,ASO,ES,Federal Contract Tower,3,6,21,16,46,0,0,31,2,33,3,6,52,18,79,52,2,54,133
04/03/2017,TCL,AL,ASO,ES,Federal Contract Tower,0,3,11,0,14,0,2,4,0,6,0,5,15,0,20,46,0,46,66
04/04/2017,TCL,AL,ASO,ES,Federal Contract Tower,0,11,23,14,48,0,3,48,8,59,0,14,71,22,107,68,14,82,189
04/05/2017,TCL,AL,ASO,ES,Federal Contract Tower,0,4,8,0,12,0,2,1,2,5,0,6,9,2,17,4,0,4,21
04/06/2017,TCL,AL,ASO,ES,Federal Contract Tower,0,1,38,14,53,0,2,6,2,10,0,3,44,16,63,14,0,14,77
04/07/2017,TCL,AL,ASO,ES,Federal Contract Tower,0,7,30,8,45,0,8,22,12,42,0,15,52,20,87,20,2,22,109
04/08/2017,TCL,AL,ASO,ES,Federal Contract Tower,0,7,24,0,31,0,0,49,2,51,0,7,73,2,82,76,2,78,160
04/09/2017,TCL,AL,ASO,ES,Federal Contract Tower,0,2,30,16,48,0,6,41,4,51,0,8,71,20,99,108,0,108,207
04/10/2017,TCL,AL,ASO,ES,Federal Contract Tower,2,2,23,8,35,0,1,45,3,49,2,3,68,11,84,126,0,126,210
04/11/2017,TCL,AL,ASO,ES,Federal Contract Tower,0,4,16,8,28,0,4,32,16,52,0,8,48,24,80,66,0,66,146
04/12/2017,TCL,AL,ASO,ES,Federal Contract Tower,4,6,13,18,41,0,2,36,12,50,4,8,49,30,91,116,2,118,209
04/13/2017,TCL,AL,ASO,ES,Federal Contract Tower,0,1,29,8,38,0,6,43,4,53,0,7,72,12,91,72,0,72,163
04/14/2017,TCL,AL,ASO,ES,Federal Contract Tower,0,2,28,14,44,0,2,46,14,62,0,4,74,28,106,52,0,52,158
04/15/2017,TCL,AL,ASO,ES,Federal Contract Tower,2,1,9,0,12,0,2,34,0,36,2,3,43,0,48,48,0,48,96
04/16/2017,TCL,AL,ASO,ES,Federal Contract Tower,2,4,10,2,18,0,6,23,0,29,2,10,33,2,47,12,0,12,59
04/17/2017,TCL,AL,ASO,ES,Federal Contract Tower,0,4,21,0,25,0,0,14,2,16,0,4,35,2,41,12,0,12,53
04/18/2017,TCL,AL,ASO,ES,Federal Contract Tower,0,10,30,17,57,0,2,49,2,53,0,12,79,19,110,114,6,120,230
04/19/2017,TCL,AL,ASO,ES,Federal Contract Tower,0,4,29,14,47,0,2,35,6,43,0,6,64,20,90,70,6,76,166
04/20/2017,TCL,AL,ASO,ES,Federal Contract Tower,0,11,25,14,50,0,3,38,2,43,0,14,63,16,93,72,0,72,165
04/21/2017,TCL,AL,ASO,ES,Federal Contract Tower,0,10,30,12,52,0,2,43,8,53,0,12,73,20,105,60,8,68,173
04/22/2017,TCL,AL,ASO,ES,Federal Contract Tower,0,9,20,0,29,0,0,28,0,28,0,9,48,0,57,88,0,88,145
04/23/2017,TCL,AL,ASO,ES,Federal Contract Tower,0,1,36,0,37,0,0,7,0,7,0,1,43,0,44,0,0,0,44
04/24/2017,TCL,AL,ASO,ES,Federal Contract Tower,0,5,19,26,50,0,0,15,0,15,0,5,34,26,65,16,0,16,81
04/25/2017,TCL,AL,ASO,ES,Federal Contract Tower,0,7,21,3,31,0,4,57,0,61,0,11,78,3,92,120,0,120,212
04/26/2017,TCL,AL,ASO,ES,Federal Contract Tower,0,3,21,7,31,0,0,27,2,29,0,3,48,9,60,72,0,72,132
04/27/2017,TCL,AL,ASO,ES,Federal Contract Tower,0,0,26,10,36,0,0,40,2,42,0,0,66,12,78,58,0,58,136
04/28/2017,TCL,AL,ASO,ES,Federal Contract Tower,0,3,23,21,47,0,6,10,0,16,0,9,33,21,63,8,0,8,71
04/29/2017,TCL,AL,ASO,ES,Federal Contract Tower,0,0,6,7,13,0,0,44,4,48,0,0,50,11,61,70,0,70,131
04/30/2017,TCL,AL,ASO,ES,Federal Contract Tower,0,0,7,0,7,0,0,3,0,3,0,0,10,0,10,0,0,0,10
05/01/2017,TCL,AL,ASO,ES,Federal Contract Tower,0,4,17,24,45,0,4,27,10,41,0,8,44,34,86,82,4,86,172
05/02/2017,TCL,AL,ASO,ES,Federal Contract Tower,2,4,38,23,67,0,8,39,9,56,2,12,77,32,123,70,30,100,223
05/03/2017,TCL,AL,ASO,ES,Federal Contract Tower,0,7,22,6,35,0,0,28,8,36,0,7,50,14,71,70,8,78,149
05/05/2017,TCL,AL,ASO,ES,Federal Contract Tower,0,17,32,14,63,0,2,11,0,13,0,19,43,14,76,0,0,0,76
05/06/2017,TCL,AL,ASO,ES,Federal Contract Tower,0,12,21,2,35,0,0,30,2,32,0,12,51,4,67,54,2,56,123
05/07/2017,TCL,AL,ASO,ES,Federal Contract Tower,0,5,28,1,34,0,4,34,3,41,0,9,62,4,75,86,0,86,161
05/08/2017,TCL,AL,ASO,ES,Federal Contract Tower,1,0,40,19,60,0,7,40,12,59,1,7,80,31,119,78,4,82,201
05/09/2017,TCL,AL,ASO,ES,Federal Contract Tower,0,2,25,18,45,0,4,38,12,54,0,6,63,30,99,102,36,138,237
05/10/2017,TCL,AL,ASO,ES,Federal Contract Tower,3,0,28,20,51,0,2,33,12,47,3,2,61,32,98,80,24,104,202
05/11/2017,TCL,AL,ASO,ES,Federal Contract Tower,3,6,25,13,47,0,3,33,11,47,3,9,58,24,94,36,2,38,132
05/12/2017,TCL,AL,ASO,ES,Federal Contract Tower,0,8,12,14,34,0,4,13,0,17,0,12,25,14,51,52,0,52,103
05/13/2017,TCL,AL,ASO,ES,Federal Contract Tower,0,0,14,4,18,0,0,13,12,25,0,0,27,16,43,2,14,16,59
05/14/2017,TCL,AL,ASO,ES,Federal Contract Tower,2,0,16,4,22,0,8,39,0,47,2,8,55,4,69,40,0,40,109
05/15/2017,TCL,AL,ASO,ES,Federal Contract Tower,0,4,23,16,43,0,6,50,10,66,0,10,73,26,109,66,6,72,181
05/16/2017,TCL,AL,ASO,ES,Federal Contract Tower,2,12,27,28,69,0,4,47,10,61,2,16,74,38,130,136,10,146,276
05/17/2017,TCL,AL,ASO,ES,Federal Contract Tower,2,4,21,8,35,0,0,32,2,34,2,4,53,10,69,42,2,44,113
05/18/2017,TCL,AL,ASO,ES,Federal Contract Tower,0,3,27,18,48,0,0,27,2,29,0,3,54,20,77,36,2,38,115
05/19/2017,TCL,AL,ASO,ES,Federal Contract Tower,0,4,16,18,38,0,10,22,14,46,0,14,38,32,84,96,0,96,180
05/20/2017,TCL,AL,ASO,ES,Federal Contract Tower,0,1,7,0,8,0,0,20,0,20,0,1,27,0,28,58,0,58,86
05/21/2017,TCL,AL,ASO,ES,Federal Contract Tower,2,8,13,7,30,0,2,9,4,15,2,10,22,11,45,8,0,8,53
05/22/2017,TCL,AL,ASO,ES,Federal Contract Tower,1,10,17,34,62,0,0,21,4,25,1,10,38,38,87,70,0,70,157
05/23/2017,TCL,AL,ASO,ES,Federal Contract Tower,2,4,22,26,54,0,3,7,0,10,2,7,29,26,64,26,0,26,90
05/24/2017,TCL,AL,ASO,ES,Federal Contract Tower,2,16,22,14,54,0,2,12,1,15,2,18,34,15,69,66,0,66,135
05/25/2017,TCL,AL,ASO,ES,Federal Contract Tower,0,11,27,11,49,0,4,48,5,57,0,15,75,16,106,62,2,64,170
05/26/2017,TCL,AL,ASO,ES,Federal Contract Tower,0,13,27,0,40,0,4,58,1,63,0,17,85,1,103,174,0,174,277
05/27/2017,TCL,AL,ASO,ES,Federal Contract Tower,0,1,14,0,15,0,0,32,0,32,0,1,46,0,47,46,0,46,93
05/28/2017,TCL,AL,ASO,ES,Federal Contract Tower,0,4,12,0,16,0,2,5,0,7,0,6,17,0,23,10,0,10,33
05/29/2017,TCL,AL,ASO,ES,Federal Contract Tower,0,7,16,0,23,0,1,19,22,42,0,8,35,22,65,20,0,20,85
05/30/2017,TCL,AL,ASO,ES,Federal Contract Tower,0,2,38,2,42,0,0,12,10,22,0,2,50,12,64,20,0,20,84
05/31/2017,TCL,AL,ASO,ES,Federal Contract Tower,0,11,26,20,57,0,0,32,8,40,0,11,58,28,97,70,6,76,173
06/01/2017,TCL,AL,ASO,ES,Federal Contract Tower,0,6,29,24,59,0,2,27,4,33,0,8,56,28,92,54,6,60,152
06/02/2017,TCL,AL,ASO,ES,Federal Contract Tower,0,4,12,19,35,0,0,26,3,29,0,4,38,22,64,34,0,34,98
06/03/2017,TCL,AL,ASO,ES,Federal Contract Tower,0,2,5,0,7,0,4,22,2,28,0,6,27,2,35,60,0,60,95
06/04/2017,TCL,AL,ASO,ES,Federal Contract Tower,2,4,15,0,21,0,2,10,0,12,2,6,25,0,33,22,0,22,55
06/05/2017,TCL,AL,ASO,ES,Federal Contract Tower,0,9,13,11,33,0,5,7,0,12,0,14,20,11,45,0,0,0,45
06/06/2017,TCL,AL,ASO,ES,Federal Contract Tower,0,9,19,13,41,0,0,10,2,12,0,9,29,15,53,24,2,26,79
06/07/2017,TCL,AL,ASO,ES,Federal Contract Tower,0,3,31,4,38,0,0,44,5,49,0,3,75,9,87,78,0,78,165
06/08/2017,TCL,AL,ASO,ES,Federal Contract Tower,1,5,8,9,23,0,3,47,8,58,1,8,55,17,81,122,4,126,207
06/09/2017,TCL,AL,ASO,ES,Federal Contract Tower,0,4,22,10,36,0,6,56,2,64,0,10,78,12,100,176,0,176,276
06/10/2017,TCL,AL,ASO,ES,Federal Contract Tower,1,7,16,7,31,0,2,48,1,51,1,9,64,8,82,49,0,49,131
06/11/2017,TCL,AL,ASO,ES,Federal Contract Tower,0,9,15,7,31,0,0,35,8,43,0,9,50,15,74,84,4,88,162
06/12/2017,TCL,AL,ASO,ES,Federal Contract Tower,1,5,9,2,17,0,4,34,2,40,1,9,43,4,57,104,0,104,161
06/13/2017,TCL,AL,ASO,ES,Federal Contract Tower,0,6,31,2,39,0,1,33,6,40,0,7,64,8,79,62,0,62,141
06/14/2017,TCL,AL,ASO,ES,Federal Contract Tower,0,7,24,20,51,0,2,16,2,20,0,9,40,22,71,66,22,88,159
06/15/2017,TCL,AL,ASO,ES,Federal Contract Tower,0,14,17,11,42,0,2,16,2,20,0,16,33,13,62,18,0,18,80
06/16/2017,TCL,AL,ASO,ES,Federal Contract Tower,0,10,20,10,40,0,5,18,2,25,0,15,38,12,65,76,0,76,141
06/17/2017,TCL,AL,ASO,ES,Federal Contract Tower,5,2,17,0,24,0,3,36,2,41,5,5,53,2,65,76,0,76,141
06/18/2017,TCL,AL,ASO,ES,Federal Contract Tower,1,3,15,6,25,0,4,8,2,14,1,7,23,8,39,0,0,0,39
06/19/2017,TCL,AL,ASO,ES,Federal Contract Tower,0,6,22,8,36,0,2,13,0,15,0,8,35,8,51,14,0,14,65
06/20/2017,TCL,AL,ASO,ES,Federal Contract Tower,4,10,17,8,39,0,3,18,14,35,4,13,35,22,74,16,8,24,98
06/21/2017,TCL,AL,ASO,ES,Federal Contract Tower,5,8,17,12,42,0,2,0,0,2,5,10,17,12,44,0,0,0,44
06/22/2017,TCL,AL,ASO,ES,Federal Contract Tower,3,6,9,0,18,0,0,1,0,1,3,6,10,0,19,2,0,2,21
06/23/2017,TCL,AL,ASO,ES,Federal Contract Tower,0,3,13,12,28,0,0,5,0,5,0,3,18,12,33,2,0,2,35
06/24/2017,TCL,AL,ASO,ES,Federal Contract Tower,1,0,5,2,8,0,3,14,0,17,1,3,19,2,25,50,0,50,75
06/25/2017,TCL,AL,ASO,ES,Federal Contract Tower,0,0,9,2,11,0,2,21,0,23,0,2,30,2,34,66,0,66,100
06/26/2017,TCL,AL,ASO,ES,Federal Contract Tower,0,10,14,22,46,0,7,50,6,63,0,17,64,28,109,144,0,144,253
06/27/2017,TCL,AL,ASO,ES,Federal Contract Tower,0,7,36,22,65,0,0,66,14,80,0,7,102,36,145,154,6,160,305
06/28/2017,TCL,AL,ASO,ES,Federal Contract Tower,0,3,26,10,39,0,0,40,0,40,0,3,66,10,79,80,0,80,159
06/29/2017,TCL,AL,ASO,ES,Federal Contract Tower,0,0,10,2,12,0,2,5,0,7,0,2,15,2,19,18,0,18,37
06/30/2017,TCL,AL,ASO,ES,Federal Contract Tower,0,2,10,2,14,0,0,1,0,1,0,2,11,2,15,0,0,0,15
07/01/2017,TCL,AL,ASO,ES,Federal Contract Tower,0,2,14,0,16,0,1,17,0,18,0,3,31,0,34,52,0,52,86
07/02/2017,TCL,AL,ASO,ES,Federal Contract Tower,0,0,5,0,5,0,2,21,0,23,0,2,26,0,28,20,0,20,48
07/03/2017,TCL,AL,ASO,ES,Federal Contract Tower,0,3,11,3,17,0,5,27,4,36,0,8,38,7,53,72,0,72,125
07/04/2017,TCL,AL,ASO,ES,Federal Contract Tower,0,0,3,0,3,0,14,19,0,33,0,14,22,0,36,12,0,12,48
07/05/2017,TCL,AL,ASO,ES,Federal Contract Tower,0,3,23,8,34,0,5,46,6,57,0,8,69,14,91,48,8,56,147
07/06/2017,TCL,AL,ASO,ES,Federal Contract Tower,0,1,12,2,15,0,3,29,0,32,0,4,41,2,47,40,0,40,87
07/07/2017,TCL,AL,ASO,ES,Federal Contract Tower,0,1,18,12,31,0,0,24,4,28,0,1,42,16,59,46,0,46,105
07/08/2017,TCL,AL,ASO,ES,Federal Contract Tower,0,2,13,0,15,0,0,16,0,16,0,2,29,0,31,40,0,40,71
07/09/2017,TCL,AL,ASO,ES,Federal Contract Tower,1,0,15,2,18,0,0,36,4,40,1,0,51,6,58,114,6,120,178
07/10/2017,TCL,AL,ASO,ES,Federal Contract Tower,1,2,20,10,33,0,8,23,0,31,1,10,43,10,64,106,0,106,170
07/11/2017,TCL,AL,ASO,ES,Federal Contract Tower,0,3,25,7,35,0,2,38,3,43,0,5,63,10,78,102,0,102,180
07/12/2017,TCL,AL,ASO,ES,Federal Contract Tower,0,4,27,15,46,0,4,27,4,35,0,8,54,19,81,82,0,82,163
07/13/2017,TCL,AL,ASO,ES,Federal Contract Tower,0,2,21,12,35,0,1,28,4,33,0,3,49,16,68,70,4,74,142
07/14/2017,TCL,AL,ASO,ES,Federal Contract Tower,0,2,19,16,37,0,0,32,4,36,0,2,51,20,73,78,6,84,157
07/15/2017,TCL,AL,ASO,ES,Federal Contract Tower,0,6,16,4,26,0,0,16,4,20,0,6,32,8,46,70,6,76,122
07/16/2017,TCL,AL,ASO,ES,Federal Contract Tower,0,7,30,4,41,0,1,21,4,26,0,8,51,8,67,82,0,82,149
07/17/2017,TCL,AL,ASO,ES,Federal Contract Tower,0,3,22,2,27,0,4,24,16,44,0,7,46,18,71,156,0,156,227
07/18/2017,TCL,AL,ASO,ES,Federal Contract Tower,0,6,22,3,31,0,4,24,5,33,0,10,46,8,64,98,0,98,162
07/19/2017,TCL,AL,ASO,ES,Federal Contract Tower,0,3,27,7,37,0,0,37,6,43,0,3,64,13,80,64,0,64,144
07/20/2017,TCL,AL,ASO,ES,Federal Contract Tower,0,6,25,8,39,0,11,50,0,61,0,17,75,8,100,144,0,144,244
07/21/2017,TCL,AL,ASO,ES,Federal Contract Tower,0,6,17,13,36,0,0,35,2,37,0,6,52,15,73,64,0,64,137
07/22/2017,TCL,AL,ASO,ES,Federal Contract Tower,0,3,9,11,23,0,10,33,2,45,0,13,42,13,68,92,0,92,160
07/23/2017,TCL,AL,ASO,ES,Federal Contract Tower,0,1,18,6,25,0,0,29,2,31,0,1,47,8,56,86,4,90,146
07/24/2017,TCL,AL,ASO,ES,Federal Contract Tower,0,0,14,10,24,0,6,25,0,31,0,6,39,10,55,26,0,26,81
07/25/2017,TCL,AL,ASO,ES,Federal Contract Tower,0,3,20,2,25,0,3,43,0,46,0,6,63,2,71,104,0,104,175
07/26/2017,TCL,AL,ASO,ES,Federal Contract Tower,0,2,8,8,18,0,6,35,0,41,0,8,43,8,59,74,0,74,133
07/27/2017,TCL,AL,ASO,ES,Federal Contract Tower,0,1,20,2,23,0,0,47,2,49,0,1,67,4,72,106,0,106,178
07/28/2017,TCL,AL,ASO,ES,Federal Contract Tower,0,6,8,20,34,0,2,28,6,36,0,8,36,26,70,84,0,84,154
07/29/2017,TCL,AL,ASO,ES,Federal Contract Tower,0,1,12,0,13,0,8,32,2,42,0,9,44,2,55,86,0,86,141
07/30/2017,TCL,AL,ASO,ES,Federal Contract Tower,0,0,18,6,24,0,2,41,0,43,0,2,59,6,67,100,0,100,167
07/31/2017,TCL,AL,ASO,ES,Federal Contract Tower,0,5,8,12,25,0,0,41,0,41,0,5,49,12,66,106,0,106,172
08/01/2017,TCL,AL,ASO,ES,Federal Contract Tower,0,5,11,22,38,0,5,36,9,50,0,10,47,31,88,158,6,164,252
08/02/2017,TCL,AL,ASO,ES,Federal Contract Tower,0,5,18,10,33,0,4,22,15,41,0,9,40,25,74,92,0,92,166
08/03/2017,TCL,AL,ASO,ES,Federal Contract Tower,1,6,18,2,27,0,4,47,2,53,1,10,65,4,80,134,0,134,214
08/04/2017,TCL,AL,ASO,ES,Federal Contract Tower,2,11,21,2,36,0,6,23,2,31,2,17,44,4,67,76,0,76,143
08/05/2017,TCL,AL,ASO,ES,Federal Contract Tower,0,0,8,0,8,0,6,41,6,53,0,6,49,6,61,66,14,80,141
08/06/2017,TCL,AL,ASO,ES,Federal Contract Tower,0,4,3,1,8,0,0,7,1,8,0,4,10,2,16,16,0,16,32
08/07/2017,TCL,AL,ASO,ES,Federal Contract Tower,0,8,13,0,21,0,0,1,0,1,0,8,14,0,22,0,0,0,22
08/08/2017,TCL,AL,ASO,ES,Federal Contract Tower,0,2,27,0,29,0,0,5,0,5,0,2,32,0,34,0,0,0,34
08/09/2017,TCL,AL,ASO,ES,Federal Contract Tower,0,1,19,1,21,0,4,9,2,15,0,5,28,3,36,60,6,66,102
08/10/2017,TCL,AL,ASO,ES,Federal Contract Tower,0,3,21,7,31,0,0,8,2,10,0,3,29,9,41,48,0,48,89
08/11/2017,TCL,AL,ASO,ES,Federal Contract Tower,0,2,17,12,31,0,3,4,1,8,0,5,21,13,39,20,0,20,59
08/13/2017,TCL,AL,ASO,ES,Federal Contract Tower,0,2,10,7,19,0,7,23,2,32,0,9,33,9,51,106,0,106,157
08/14/2017,TCL,AL,ASO,ES,Federal Contract Tower,0,5,15,2,22,0,10,19,2,31,0,15,34,4,53,178,0,178,231
08/15/2017,TCL,AL,ASO,ES,Federal Contract Tower,0,4,18,0,22,0,5,15,4,24,0,9,33,4,46,34,8,42,88
08/16/2017,TCL,AL,ASO,ES,Federal Contract Tower,0,7,26,14,47,0,4,17,4,25,0,11,43,18,72,108,0,108,180
08/17/2017,TCL,AL,ASO,ES,Federal Contract Tower,0,7,26,5,38,0,0,45,4,49,0,7,71,9,87,204,14,218,305
08/18/2017,TCL,AL,ASO,ES,Federal Contract Tower,0,6,32,5,43,0,0,23,2,25,0,6,55,7,68,56,0,56,124
08/19/2017,TCL,AL,ASO,ES,Federal Contract Tower,0,6,25,1,32,0,2,44,8,54,0,8,69,9,86,74,0,74,160
08/20/2017,TCL,AL,ASO,ES,Federal Contract Tower,0,4,16,7,27,0,0,34,2,36,0,4,50,9,63,142,0,142,205
08/21/2017,TCL,AL,ASO,ES,Federal Contract Tower,0,3,16,6,25,0,2,41,0,43,0,5,57,6,68,28,0,28,96
08/22/2017,TCL,AL,ASO,ES,Federal Contract Tower,0,4,18,7,29,0,0,26,2,28,0,4,44,9,57,8,0,8,65
08/23/2017,TCL,AL,ASO,ES,Federal Contract Tower,0,5,22,8,35,0,3,27,2,32,0,8,49,10,67,46,0,46,113
08/24/2017,TCL,AL,ASO,ES,Federal Contract Tower,0,8,13,12,33,0,2,28,14,44,0,10,41,26,77,26,2,28,105
08/25/2017,TCL,AL,ASO,ES,Federal Contract Tower,0,4,8,30,42,0,2,42,20,64,0,6,50,50,106,106,10,116,222
08/26/2017,TCL,AL,ASO,ES,Federal Contract Tower,0,0,19,7,26,0,2,55,7,64,0,2,74,14,90,38,0,38,128
08/27/2017,TCL,AL,ASO,ES,Federal Contract Tower,2,4,9,24,39,0,6,29,8,43,2,10,38,32,82,48,22,70,152
08/28/2017,TCL,AL,ASO,ES,Federal Contract Tower,0,4,12,4,20,0,14,37,6,57,0,18,49,10,77,128,0,128,205
08/29/2017,TCL,AL,ASO,ES,Federal Contract Tower,5,4,17,12,38,0,4,32,8,44,5,8,49,20,82,94,0,94,176
08/30/2017,TCL,AL,ASO,ES,Federal Contract Tower,1,3,16,26,46,0,0,0,0,0,1,3,16,26,46,16,0,16,62
08/31/2017,TCL,AL,ASO,ES,Federal Contract Tower,0,6,21,12,39,0,0,0,0,0,0,6,21,12,39,2,0,2,41
09/01/2017,TCL,AL,ASO,ES,Federal Contract Tower,2,10,31,0,43,0,4,22,0,26,2,14,53,0,69,104,0,104,173
09/02/2017,TCL,AL,ASO,ES,Federal Contract Tower,0,3,16,0,19,0,4,19,4,27,0,7,35,4,46,30,0,30,76
09/03/2017,TCL,AL,ASO,ES,Federal Contract Tower,2,2,15,2,21,0,0,26,0,26,2,2,41,2,47,114,0,114,161
09/04/2017,TCL,AL,ASO,ES,Federal Contract Tower,0,0,31,1,32,0,1,52,0,53,0,1,83,1,85,152,0,152,237
09/05/2017,TCL,AL,ASO,ES,Federal Contract Tower,0,2,14,9,25,0,2,28,2,32,0,4,42,11,57,62,0,62,119
09/06/2017,TCL,AL,ASO,ES,Federal Contract Tower,0,5,24,29,58,0,3,29,0,32,0,8,53,29,90,52,6,58,148
09/07/2017,TCL,AL,ASO,ES,Federal Contract Tower,2,2,26,21,51,0,2,42,2,46,2,4,68,23,97,68,4,72,169
09/08/2017,TCL,AL,ASO,ES,Federal Contract Tower,1,6,24,26,57,0,6,48,8,62,1,12,72,34,119,158,0,158,277
09/09/2017,TCL,AL,ASO,ES,Federal Contract Tower,3,7,40,0,50,0,0,47,3,50,3,7,87,3,100,144,0,144,244
09/10/2017,TCL,AL,ASO,ES,Federal Contract Tower,0,4,22,8,34,0,0,30,2,32,0,4,52,10,66,64,0,64,130
09/11/2017,TCL,AL,ASO,ES,Federal Contract Tower,0,3,10,12,25,0,0,4,0,4,0,3,14,12,29,0,0,0,29
09/12/2017,TCL,AL,ASO,ES,Federal Contract Tower,0,4,21,18,43,0,0,0,0,0,0,4,21,18,43,0,0,0,43
09/13/2017,TCL,AL,ASO,ES,Federal Contract Tower,0,13,19,4,36,0,4,19,0,23,0,17,38,4,59,72,0,72,131
09/14/2017,TCL,AL,ASO,ES,Federal Contract Tower,0,5,20,9,34,0,4,35,8,47,0,9,55,17,81,138,6,144,225
09/15/2017,TCL,AL,ASO,ES,Federal Contract Tower,3,9,40,18,70,0,4,45,14,63,3,13,85,32,133,142,0,142,275
09/16/2017,TCL,AL,ASO,ES,Federal Contract Tower,1,10,27,0,38,0,2,34,12,48,1,12,61,12,86,88,0,88,174
09/17/2017,TCL,AL,ASO,ES,Federal Contract Tower,1,7,39,16,63,0,2,42,8,52,1,9,81,24,115,94,8,102,217
09/18/2017,TCL,AL,ASO,ES,Federal Contract Tower,1,8,16,9,34,0,3,40,5,48,1,11,56,14,82,78,0,78,160
09/19/2017,TCL,AL,ASO,ES,Federal Contract Tower,0,11,12,11,34,0,4,26,5,35,0,15,38,16,69,130,0,130,199
09/20/2017,TCL,AL,ASO,ES,Federal Contract Tower,2,6,34,49,91,0,1,34,21,56,2,7,68,70,147,108,4,112,259
09/21/2017,TCL,AL,ASO,ES,Federal Contract Tower,0,7,28,30,65,0,6,41,6,53,0,13,69,36,118,92,6,98,216
09/22/2017,TCL,AL,ASO,ES,Federal Contract Tower,2,4,28,18,52,0,2,50,16,68,2,6,78,34,120,170,16,186,306
09/23/2017,TCL,AL,ASO,ES,Federal Contract Tower,1,7,12,2,22,0,0,47,17,64,1,7,59,19,86,112,0,112,198
09/24/2017,TCL,AL,ASO,ES,Federal Contract Tower,2,8,26,8,44,0,4,45,6,55,2,12,71,14,99,72,0,72,171
09/25/2017,TCL,AL,ASO,ES,Federal Contract Tower,0,5,10,16,31,0,11,35,16,62,0,16,45,32,93,108,0,108,201
09/26/2017,TCL,AL,ASO,ES,Federal Contract Tower,0,6,17,13,36,0,7,30,2,39,0,13,47,15,75,26,0,26,101
09/27/2017,TCL,AL,ASO,ES,Federal Contract Tower,0,5,15,24,44,0,2,56,4,62,0,7,71,28,106,102,0,102,208
09/28/2017,TCL,AL,ASO,ES,Federal Contract Tower,0,9,29,19,57,0,5,34,3,42,0,14,63,22,99,72,0,72,171
09/29/2017,TCL,AL,ASO,ES,Federal Contract Tower,0,21,50,20,91,0,0,73,10,83,0,21,123,30,174,162,12,174,348
09/30/2017,TCL,AL,ASO,ES,Federal Contract Tower,0,38,70,7,115,0,3,45,5,53,0,41,115,12,168,62,10,72,240
10/01/2017,TCL,AL,ASO,ES,Federal Contract Tower,0,28,49,8,85,0,2,43,0,45,0,30,92,8,130,0,2,2,132
10/02/2017,TCL,AL,ASO,ES,Federal Contract Tower,0,3,20,14,37,0,2,33,8,43,0,5,53,22,80,90,0,90,170
10/03/2017,TCL,AL,ASO,ES,Federal Contract Tower,1,4,28,18,51,0,8,27,4,39,1,12,55,22,90,106,0,106,196
10/04/2017,TCL,AL,ASO,ES,Federal Contract Tower,1,5,22,20,48,0,9,29,2,40,1,14,51,22,88,60,0,60,148
10/05/2017,TCL,AL,ASO,ES,Federal Contract Tower,3,2,22,16,43,0,4,53,14,71,3,6,75,30,114,118,4,122,236
10/06/2017,TCL,AL,ASO,ES,Federal Contract Tower,2,8,29,18,57,0,2,47,2,51,2,10,76,20,108,180,2,182,290
10/07/2017,TCL,AL,ASO,ES,Federal Contract Tower,0,1,15,2,18,0,0,20,2,22,0,1,35,4,40,52,0,52,92
10/08/2017,TCL,AL,ASO,ES,Federal Contract Tower,2,2,2,0,6,0,2,1,0,3,2,4,3,0,9,0,0,0,9
10/09/2017,TCL,AL,ASO,ES,Federal Contract Tower,0,3,16,10,29,0,0,9,0,9,0,3,25,10,38,50,0,50,88
10/10/2017,TCL,AL,ASO,ES,Federal Contract Tower,0,3,23,10,36,0,1,22,0,23,0,4,45,10,59,18,0,18,77
10/11/2017,TCL,AL,ASO,ES,Federal Contract Tower,0,3,13,24,40,0,5,9,4,18,0,8,22,28,58,64,10,74,132
10/12/2017,TCL,AL,ASO,ES,Federal Contract Tower,0,12,27,28,67,0,3,31,0,34,0,15,58,28,101,116,22,138,239
10/13/2017,TCL,AL,ASO,ES,Federal Contract Tower,0,13,39,23,75,0,6,49,10,65,0,19,88,33,140,126,6,132,272
10/14/2017,TCL,AL,ASO,ES,Federal Contract Tower,2,20,89,3,114,0,1,18,0,19,2,21,107,3,133,108,0,108,241
10/15/2017,TCL,AL,ASO,ES,Federal Contract Tower,0,19,45,1,65,0,3,21,0,24,0,22,66,1,89,0,0,0,89
10/16/2017,TCL,AL,ASO,ES,Federal Contract Tower,0,1,7,33,41,0,7,17,0,24,0,8,24,33,65,2,2,4,69
10/17/2017,TCL,AL,ASO,ES,Federal Contract Tower,2,5,19,24,50,0,2,50,9,61,2,7,69,33,111,70,6,76,187
10/18/2017,TCL,AL,ASO,ES,Federal Contract Tower,0,3,20,28,51,0,3,30,5,38,0,6,50,33,89,106,2,108,197
10/19/2017,TCL,AL,ASO,ES,Federal Contract Tower,0,3,38,25,66,0,6,53,8,67,0,9,91,33,133,88,0,88,221
10/20/2017,TCL,AL,ASO,ES,Federal Contract Tower,0,14,52,4,70,0,0,62,2,64,0,14,114,6,134,134,0,134,268
10/21/2017,TCL,AL,ASO,ES,Federal Contract Tower,2,22,114,3,141,0,0,59,6,65,2,22,173,9,206,102,0,102,308
10/22/2017,TCL,AL,ASO,ES,Federal Contract Tower,0,20,58,4,82,0,6,15,0,21,0,26,73,4,103,0,0,0,103
10/23/2017,TCL,AL,ASO,ES,Federal Contract Tower,1,8,15,20,44,0,0,19,0,19,1,8,34,20,63,46,0,46,109
10/24/2017,TCL,AL,ASO,ES,Federal Contract Tower,1,9,21,13,44,0,4,31,2,37,1,13,52,15,81,34,2,36,117
10/25/2017,TCL,AL,ASO,ES,Federal Contract Tower,2,8,31,22,63,0,0,29,4,33,2,8,60,26,96,56,0,56,152
10/26/2017,TCL,AL,ASO,ES,Federal Contract Tower,1,10,30,6,47,0,6,49,6,61,1,16,79,12,108,98,0,98,206
10/27/2017,TCL,AL,ASO,ES,Federal Contract Tower,0,0,18,10,28,0,4,35,6,45,0,4,53,16,73,22,0,22,95
10/28/2017,TCL,AL,ASO,ES,Federal Contract Tower,0,6,7,0,13,0,0,8,0,8,0,6,15,0,21,38,0,38,59
10/29/2017,TCL,AL,ASO,ES,Federal Contract Tower,1,5,34,15,55,0,4,33,1,38,1,9,67,16,93,44,0,44,137
10/30/2017,TCL,AL,ASO,ES,Federal Contract Tower,0,4,27,12,43,0,7,23,2,32,0,11,50,14,75,80,0,80,155
10/31/2017,TCL,AL,ASO,ES,Federal Contract Tower,0,3,24,26,53,0,6,60,4,70,0,9,84,30,123,140,0,140,263
11/01/2017,TCL,AL,ASO,ES,Federal Contract Tower,0,6,13,18,37,0,5,18,8,31,0,11,31,26,68,10,0,10,78
11/02/2017,TCL,AL,ASO,ES,Federal Contract Tower,0,2,23,20,45,0,0,20,1,21,0,2,43,21,66,40,0,40,106
11/03/2017,TCL,AL,ASO,ES,Federal Contract Tower,0,25,52,20,97,0,2,26,4,32,0,27,78,24,129,53,10,63,192
11/04/2017,TCL,AL,ASO,ES,Federal Contract Tower,4,28,153,0,185,0,0,35,6,41,4,28,188,6,226,146,14,160,386
11/05/2017,TCL,AL,ASO,ES,Federal Contract Tower,0,24,57,7,88,0,1,55,3,59,0,25,112,10,147,120,8,128,275
11/06/2017,TCL,AL,ASO,ES,Federal Contract Tower,0,2,18,18,38,0,2,10,0,12,0,4,28,18,50,8,0,8,58
11/07/2017,TCL,AL,ASO,ES,Federal Contract Tower,2,6,19,10,37,0,0,2,0,2,2,6,21,10,39,0,0,0,39
11/08/2017,TCL,AL,ASO,ES,Federal Contract Tower,1,4,23,18,46,0,0,2,0,2,1,4,25,18,48,0,0,0,48
11/09/2017,TCL,AL,ASO,ES,Federal Contract Tower,0,8,29,20,57,0,1,19,2,22,0,9,48,22,79,22,0,22,101
11/10/2017,TCL,AL,ASO,ES,Federal Contract Tower,0,2,19,1,22,0,12,57,0,69,0,14,76,1,91,122,0,122,213
11/11/2017,TCL,AL,ASO,ES,Federal Contract Tower,2,0,18,0,20,0,2,29,2,33,2,2,47,2,53,12,4,16,69
11/12/2017,TCL,AL,ASO,ES,Federal Contract Tower,2,7,21,0,30,0,6,35,0,41,2,13,56,0,71,78,0,78,149
11/13/2017,TCL,AL,ASO,ES,Federal Contract Tower,0,4,13,27,44,0,9,36,7,52,0,13,49,34,96,42,12,54,150
11/14/2017,TCL,AL,ASO,ES,Federal Contract Tower,1,3,17,12,33,0,5,46,11,62,1,8,63,23,95,48,18,66,161
11/15/2017,TCL,AL,ASO,ES,Federal Contract Tower,0,1,20,17,38,0,2,39,4,45,0,3,59,21,83,82,0,82,165
11/16/2017,TCL,AL,ASO,ES,Federal Contract Tower,0,15,31,22,68,0,2,12,4,18,0,17,43,26,86,26,2,28,114
11/17/2017,TCL,AL,ASO,ES,Federal Contract Tower,0,7,30,7,44,0,10,63,8,81,0,17,93,15,125,144,24,168,293
11/18/2017,TCL,AL,ASO,ES,Federal Contract Tower,0,17,34,2,53,0,2,6,0,8,0,19,40,2,61,32,0,32,93
11/19/2017,TCL,AL,ASO,ES,Federal Contract Tower,0,7,18,7,32,0,3,18,5,26,0,10,36,12,58,14,16,30,88
11/20/2017,TCL,AL,ASO,ES,Federal Contract Tower,0,5,34,14,53,0,5,47,4,56,0,10,81,18,109,88,0,88,197
11/21/2017,TCL,AL,ASO,ES,Federal Contract Tower,0,11,36,6,53,0,6,48,2,56,0,17,84,8,109,44,0,44,153
11/22/2017,TCL,AL,ASO,ES,Federal Contract Tower,2,5,16,4,27,0,2,27,6,35,2,7,43,10,62,90,0,90,152
11/23/2017,TCL,AL,ASO,ES,Federal Contract Tower,0,4,6,0,10,0,1,7,0,8,0,5,13,0,18,22,0,22,40
11/24/2017,TCL,AL,ASO,ES,Federal Contract Tower,1,3,16,0,20,0,3,46,0,49,1,6,62,0,69,72,0,72,141
11/25/2017,TCL,AL,ASO,ES,Federal Contract Tower,0,2,21,0,23,0,5,35,3,43,0,7,56,3,66,46,10,56,122
11/26/2017,TCL,AL,ASO,ES,Federal Contract Tower,3,2,41,0,46,0,0,46,0,46,3,2,87,0,92,6,0,6,98
11/27/2017,TCL,AL,ASO,ES,Federal Contract Tower,0,5,24,2,31,0,5,22,8,35,0,10,46,10,66,26,0,26,92
11/28/2017,TCL,AL,ASO,ES,Federal Contract Tower,0,7,14,9,30,0,1,41,22,64,0,8,55,31,94,66,8,74,168
11/29/2017,TCL,AL,ASO,ES,Federal Contract Tower,0,2,14,12,28,0,2,40,14,56,0,4,54,26,84,92,10,102,186
11/30/2017,TCL,AL,ASO,ES,Federal Contract Tower,0,5,21,2,28,0,2,1,0,3,0,7,22,2,31,0,0,0,31
12/01/2017,TCL,AL,ASO,ES,Federal Contract Tower,2,6,39,8,55,0,4,5,0,9,2,10,44,8,64,0,0,0,64
12/02/2017,TCL,AL,ASO,ES,Federal Contract Tower,0,1,16,0,17,0,14,8,0,22,0,15,24,0,39,18,0,18,57
12/03/2017,TCL,AL,ASO,ES,Federal Contract Tower,0,5,10,0,15,0,2,50,0,52,0,7,60,0,67,36,0,36,103
12/04/2017,TCL,AL,ASO,ES,Federal Contract Tower,0,8,18,8,34,0,6,1,0,7,0,14,19,8,41,0,10,10,51
12/05/2017,TCL,AL,ASO,ES,Federal Contract Tower,0,4,21,0,25,0,0,4,0,4,0,4,25,0,29,0,0,0,29
12/06/2017,TCL,AL,ASO,ES,Federal Contract Tower,1,1,29,3,34,0,4,9,10,23,1,5,38,13,57,8,0,8,65
12/07/2017,TCL,AL,ASO,ES,Federal Contract Tower,0,10,16,8,34,0,1,16,2,19,0,11,32,10,53,10,0,10,63
12/08/2017,TCL,AL,ASO,ES,Federal Contract Tower,0,1,12,0,13,0,0,3,2,5,0,1,15,2,18,0,0,0,18
12/09/2017,TCL,AL,ASO,ES,Federal Contract Tower,0,6,4,4,14,0,2,25,4,31,0,8,29,8,45,18,0,18,63
12/10/2017,TCL,AL,ASO,ES,Federal Contract Tower,0,8,11,2,21,0,0,30,0,30,0,8,41,2,51,20,0,20,71
12/11/2017,TCL,AL,ASO,ES,Federal Contract Tower,0,3,19,10,32,0,6,17,6,29,0,9,36,16,61,6,0,6,67
12/12/2017,TCL,AL,ASO,ES,Federal Contract Tower,0,6,22,6,34,0,6,17,2,25,0,12,39,8,59,18,0,18,77
12/13/2017,TCL,AL,ASO,ES,Federal Contract Tower,0,10,11,8,29,0,2,34,4,40,0,12,45,12,69,34,2,36,105
12/14/2017,TCL,AL,ASO,ES,Federal Contract Tower,0,6,26,8,40,0,4,33,6,43,0,10,59,14,83,82,10,92,175
12/15/2017,TCL,AL,ASO,ES,Federal Contract Tower,0,7,26,14,47,0,2,22,2,26,0,9,48,16,73,44,0,44,117
12/16/2017,TCL,AL,ASO,ES,Federal Contract Tower,1,3,9,10,23,0,2,46,0,48,1,5,55,10,71,0,0,0,71
12/17/2017,TCL,AL,ASO,ES,Federal Contract Tower,0,10,19,0,29,0,2,0,0,2,0,12,19,0,31,0,0,0,31
12/18/2017,TCL,AL,ASO,ES,Federal Contract Tower,0,1,17,18,36,0,0,9,0,9,0,1,26,18,45,56,0,56,101
12/19/2017,TCL,AL,ASO,ES,Federal Contract Tower,0,6,17,0,23,0,0,0,0,0,0,6,17,0,23,0,0,0,23
12/20/2017,TCL,AL,ASO,ES,Federal Contract Tower,2,3,18,6,29,0,8,9,2,19,2,11,27,8,48,46,8,54,102
12/21/2017,TCL,AL,ASO,ES,Federal Contract Tower,0,7,35,14,56,0,1,13,0,14,0,8,48,14,70,22,0,22,92
12/22/2017,TCL,AL,ASO,ES,Federal Contract Tower,0,3,21,0,24,0,0,0,0,0,0,3,21,0,24,0,0,0,24
12/23/2017,TCL,AL,ASO,ES,Federal Contract Tower,0,3,12,0,15,0,0,0,0,0,0,3,12,0,15,0,0,0,15
12/24/2017,TCL,AL,ASO,ES,Federal Contract Tower,0,0,2,0,2,0,4,2,0,6,0,4,4,0,8,0,0,0,8
12/25/2017,TCL,AL,ASO,ES,Federal Contract Tower,0,0,3,0,3,0,0,9,0,9,0,0,12,0,12,0,0,0,12
12/26/2017,TCL,AL,ASO,ES,Federal Contract Tower,0,0,14,1,15,0,0,35,0,35,0,0,49,1,50,12,0,12,62
12/27/2017,TCL,AL,ASO,ES,Federal Contract Tower,4,0,18,2,24,0,2,1,1,4,4,2,19,3,28,2,0,2,30
12/28/2017,TCL,AL,ASO,ES,Federal Contract Tower,0,3,12,1,16,0,2,25,1,28,0,5,37,2,44,62,0,62,106
12/29/2017,TCL,AL,ASO,ES,Federal Contract Tower,1,5,12,0,18,0,2,43,0,45,1,7,55,0,63,36,0,36,99
12/30/2017,TCL,AL,ASO,ES,Federal Contract Tower,1,1,17,0,19,0,3,14,0,17,1,4,31,0,36,10,0,10,46
12/31/2017,TCL,AL,ASO,ES,Federal Contract Tower,2,4,5,0,11,0,0,2,0,2,2,4,7,0,13,0,0,0,13
01/01/2018,TCL,AL,ASO,ES,Federal Contract Tower,0,3,18,0,21,0,4,3,0,7,0,7,21,0,28,0,0,0,28
01/02/2018,TCL,AL,ASO,ES,Federal Contract Tower,2,7,33,10,52,0,2,18,7,27,2,9,51,17,79,34,32,66,145
01/03/2018,TCL,AL,ASO,ES,Federal Contract Tower,0,5,17,0,22,0,6,16,10,32,0,11,33,10,54,24,0,24,78
01/04/2018,TCL,AL,ASO,ES,Federal Contract Tower,0,3,12,5,20,0,4,9,7,20,0,7,21,12,40,4,0,4,44
01/05/2018,TCL,AL,ASO,ES,Federal Contract Tower,6,6,8,4,24,0,3,23,6,32,6,9,31,10,56,68,0,68,124
01/06/2018,TCL,AL,ASO,ES,Federal Contract Tower,2,5,10,2,19,0,1,41,0,42,2,6,51,2,61,20,0,20,81
01/07/2018,TCL,AL,ASO,ES,Federal Contract Tower,1,4,13,8,26,0,3,11,0,14,1,7,24,8,40,6,0,6,46
01/08/2018,TCL,AL,ASO,ES,Federal Contract Tower,3,7,9,36,55,0,2,0,0,2,3,9,9,36,57,0,0,0,57
01/09/2018,TCL,AL,ASO,ES,Federal Contract Tower,4,13,30,14,61,0,2,6,4,12,4,15,36,18,73,14,6,20,93
01/10/2018,TCL,AL,ASO,ES,Federal Contract Tower,0,10,18,20,48,0,2,7,0,9,0,12,25,20,57,38,0,38,95
01/11/2018,TCL,AL,ASO,ES,Federal Contract Tower,0,5,26,6,37,0,3,14,2,19,0,8,40,8,56,52,0,52,108
01/12/2018,TCL,AL,ASO,ES,Federal Contract Tower,7,10,16,2,35,0,0,0,0,0,7,10,16,2,35,0,0,0,35
01/13/2018,TCL,AL,ASO,ES,Federal Contract Tower,1,2,13,0,16,0,2,22,2,26,1,4,35,2,42,0,0,0,42
01/14/2018,TCL,AL,ASO,ES,Federal Contract Tower,2,5,24,4,35,0,6,24,0,30,2,11,48,4,65,12,0,12,77
01/15/2018,TCL,AL,ASO,ES,Federal Contract Tower,0,1,18,5,24,0,13,38,0,51,0,14,56,5,75,48,0,48,123
01/16/2018,TCL,AL,ASO,ES,Federal Contract Tower,1,0,14,1,16,0,4,2,1,7,1,4,16,2,23,0,0,0,23
01/17/2018,TCL,AL,ASO,ES,Federal Contract Tower,2,5,10,8,25,0,4,6,0,10,2,9,16,8,35,12,0,12,47
01/18/2018,TCL,AL,ASO,ES,Federal Contract Tower,0,6,18,11,35,0,2,12,8,22,0,8,30,19,57,62,8,70,127
01/19/2018,TCL,AL,ASO,ES,Federal Contract Tower,0,7,16,21,44,0,6,35,5,46,0,13,51,26,90,48,0,48,138
01/20/2018,TCL,AL,ASO,ES,Federal Contract Tower,0,4,7,0,11,0,6,57,2,65,0,10,64,2,76,46,0,46,122
01/21/2018,TCL,AL,ASO,ES,Federal Contract Tower,0,2,8,4,14,0,5,29,2,36,0,7,37,6,50,52,0,52,102
01/22/2018,TCL,AL,ASO,ES,Federal Contract Tower,0,7,12,6,25,0,10,2,0,12,0,17,14,6,37,0,0,0,37
01/23/2018,TCL,AL,ASO,ES,Federal Contract Tower,0,6,37,23,66,0,3,26,3,32,0,9,63,26,98,94,0,94,192
01/24/2018,TCL,AL,ASO,ES,Federal Contract Tower,0,3,17,16,36,0,4,22,2,28,0,7,39,18,64,52,0,52,116
01/25/2018,TCL,AL,ASO,ES,Federal Contract Tower,0,5,22,0,27,0,2,38,1,41,0,7,60,1,68,94,0,94,162
01/26/2018,TCL,AL,ASO,ES,Federal Contract Tower,2,9,13,22,46,0,1,23,6,30,2,10,36,28,76,36,12,48,124
01/27/2018,TCL,AL,ASO,ES,Federal Contract Tower,2,7,17,0,26,0,0,3,0,3,2,7,20,0,29,18,0,18,47
01/28/2018,TCL,AL,ASO,ES,Federal Contract Tower,0,7,11,0,18,0,0,3,0,3,0,7,14,0,21,0,0,0,21
01/29/2018,TCL,AL,ASO,ES,Federal Contract Tower,0,2,32,8,42,0,1,25,2,28,0,3,57,10,70,28,10,38,108
01/30/2018,TCL,AL,ASO,ES,Federal Contract Tower,0,6,16,2,24,0,4,35,7,46,0,10,51,9,70,50,0,50,120
01/31/2018,TCL,AL,ASO,ES,Federal Contract Tower,0,9,20,2,31,0,5,31,6,42,0,14,51,8,73,36,0,36,109
02/01/2018,TCL,AL,ASO,ES,Federal Contract Tower,2,8,34,0,44,0,0,7,2,9,2,8,41,2,53,20,0,20,73
02/02/2018,TCL,AL,ASO,ES,Federal Contract Tower,2,8,33,2,45,0,2,29,3,34,2,10,62,5,79,30,0,30,109
02/03/2018,TCL,AL,ASO,ES,Federal Contract Tower,2,5,14,1,22,0,2,58,4,64,2,7,72,5,86,106,12,118,204
02/04/2018,TCL,AL,ASO,ES,Federal Contract Tower,2,7,11,1,21,0,0,2,0,2,2,7,13,1,23,0,0,0,23
02/05/2018,TCL,AL,ASO,ES,Federal Contract Tower,0,4,26,5,35,0,4,25,0,29,0,8,51,5,64,72,4,76,140
02/06/2018,TCL,AL,ASO,ES,Federal Contract Tower,0,5,19,0,24,0,2,10,0,12,0,7,29,0,36,12,0,12,48
02/07/2018,TCL,AL,ASO,ES,Federal Contract Tower,2,4,24,0,30,0,2,0,0,2,2,6,24,0,32,0,0,0,32
02/08/2018,TCL,AL,ASO,ES,Federal Contract Tower,0,12,18,3,33,0,0,43,1,44,0,12,61,4,77,70,0,70,147
02/09/2018,TCL,AL,ASO,ES,Federal Contract Tower,2,4,18,2,26,0,2,29,8,39,2,6,47,10,65,48,6,54,119
02/10/2018,TCL,AL,ASO,ES,Federal Contract Tower,0,5,1,0,6,0,0,0,0,0,0,5,1,0,6,0,0,0,6
02/11/2018,TCL,AL,ASO,ES,Federal Contract Tower,0,1,5,10,16,0,0,0,0,0,0,1,5,10,16,0,0,0,16
02/12/2018,TCL,AL,ASO,ES,Federal Contract Tower,2,6,25,7,40,0,0,17,0,17,2,6,42,7,57,0,0,0,57
02/13/2018,TCL,AL,ASO,ES,Federal Contract Tower,0,4,16,9,29,0,2,18,2,22,0,6,34,11,51,66,0,66,117
02/14/2018,TCL,AL,ASO,ES,Federal Contract Tower,3,7,24,0,34,0,0,29,0,29,3,7,53,0,63,16,0,16,79
02/15/2018,TCL,AL,ASO,ES,Federal Contract Tower,0,3,25,5,33,0,2,24,1,27,0,5,49,6,60,34,0,34,94
02/16/2018,TCL,AL,ASO,ES,Federal Contract Tower,1,4,15,4,24,0,0,4,0,4,1,4,19,4,28,0,0,0,28
02/17/2018,TCL,AL,ASO,ES,Federal Contract Tower,2,4,19,0,25,0,0,9,0,9,2,4,28,0,34,16,0,16,50
02/18/2018,TCL,AL,ASO,ES,Federal Contract Tower,1,0,11,0,12,0,0,8,2,10,1,0,19,2,22,10,0,10,32
02/19/2018,TCL,AL,ASO,ES,Federal Contract Tower,0,6,22,0,28,0,0,9,2,11,0,6,31,2,39,18,0,18,57
02/20/2018,TCL,AL,ASO,ES,Federal Contract Tower,0,4,9,2,15,0,3,17,9,29,0,7,26,11,44,82,2,84,128
02/21/2018,TCL,AL,ASO,ES,Federal Contract Tower,0,7,22,5,34,0,3,9,4,16,0,10,31,9,50,14,0,14,64
02/22/2018,TCL,AL,ASO,ES,Federal Contract Tower,0,14,17,0,31,0,2,40,2,44,0,16,57,2,75,94,0,94,169
02/23/2018,TCL,AL,ASO,ES,Federal Contract Tower,2,6,27,6,41,0,2,48,0,50,2,8,75,6,91,62,0,62,153
02/24/2018,TCL,AL,ASO,ES,Federal Contract Tower,1,5,10,0,16,0,0,16,0,16,1,5,26,0,32,6,0,6,38
02/25/2018,TCL,AL,ASO,ES,Federal Contract Tower,1,4,10,0,15,0,0,0,0,0,1,4,10,0,15,0,0,0,15
02/26/2018,TCL,AL,ASO,ES,Federal Contract Tower,2,6,16,0,24,0,0,24,2,26,2,6,40,2,50,14,0,14,64
02/27/2018,TCL,AL,ASO,ES,Federal Contract Tower,2,3,11,2,18,0,4,55,4,63,2,7,66,6,81,122,6,128,209
02/28/2018,TCL,AL,ASO,ES,Federal Contract Tower,1,10,15,4,30,0,4,13,2,19,1,14,28,6,49,60,0,60,109
03/01/2018,TCL,AL,ASO,ES,Federal Contract Tower,0,2,19,8,29,0,0,7,0,7,0,2,26,8,36,14,0,14,50
03/02/2018,TCL,AL,ASO,ES,Federal Contract Tower,2,8,34,3,47,0,9,35,6,50,2,17,69,9,97,131,0,131,228
03/03/2018,TCL,AL,ASO,ES,Federal Contract Tower,1,5,10,0,16,0,9,73,0,82,1,14,83,0,98,50,0,50,148
03/04/2018,TCL,AL,ASO,ES,Federal Contract Tower,2,11,21,7,41,0,6,51,0,57,2,17,72,7,98,112,0,112,210
03/05/2018,TCL,AL,ASO,ES,Federal Contract Tower,0,11,15,23,49,0,0,23,0,23,0,11,38,23,72,32,0,32,104
03/06/2018,TCL,AL,ASO,ES,Federal Contract Tower,2,8,20,12,42,0,2,31,2,35,2,10,51,14,77,62,0,62,139
03/07/2018,TCL,AL,ASO,ES,Federal Contract Tower,0,14,21,10,45,0,1,24,8,33,0,15,45,18,78,46,0,46,124
03/08/2018,TCL,AL,ASO,ES,Federal Contract Tower,0,8,24,5,37,0,0,20,2,22,0,8,44,7,59,42,0,42,101
03/09/2018,TCL,AL,ASO,ES,Federal Contract Tower,0,9,33,20,62,0,4,57,7,68,0,13,90,27,130,70,0,70,200
03/10/2018,TCL,AL,ASO,ES,Federal Contract Tower,0,8,18,0,26,0,0,25,0,25,0,8,43,0,51,42,0,42,93
03/11/2018,TCL,AL,ASO,ES,Federal Contract Tower,1,0,6,0,7,0,0,0,0,0,1,0,6,0,7,0,0,0,7
03/12/2018,TCL,AL,ASO,ES,Federal Contract Tower,0,0,20,4,24,0,0,25,2,27,0,0,45,6,51,4,0,4,55
03/13/2018,TCL,AL,ASO,ES,Federal Contract Tower,2,3,13,12,30,0,5,20,10,35,2,8,33,22,65,64,0,64,129
03/14/2018,TCL,AL,ASO,ES,Federal Contract Tower,0,2,9,9,20,0,4,23,5,32,0,6,32,14,52,48,0,48,100
03/15/2018,TCL,AL,ASO,ES,Federal Contract Tower,0,0,17,14,31,0,6,48,6,60,0,6,65,20,91,68,2,70,161
03/16/2018,TCL,AL,ASO,ES,Federal Contract Tower,0,0,34,10,44,0,2,29,3,34,0,2,63,13,78,32,0,32,110
03/17/2018,TCL,AL,ASO,ES,Federal Contract Tower,2,4,13,4,23,0,3,13,0,16,2,7,26,4,39,2,0,2,41
03/18/2018,TCL,AL,ASO,ES,Federal Contract Tower,0,5,28,2,35,0,4,16,0,20,0,9,44,2,55,18,0,18,73
03/19/2018,TCL,AL,ASO,ES,Federal Contract Tower,0,2,21,4,27,0,0,4,0,4,0,2,25,4,31,0,0,0,31
03/20/2018,TCL,AL,ASO,ES,Federal Contract Tower,0,7,10,7,24,0,2,4,1,7,0,9,14,8,31,12,14,26,57
03/21/2018,TCL,AL,ASO,ES,Federal Contract Tower,0,4,26,12,42,0,13,17,0,30,0,17,43,12,72,32,0,32,104
03/22/2018,TCL,AL,ASO,ES,Federal Contract Tower,0,8,25,8,41,0,6,46,4,56,0,14,71,12,97,54,2,56,153
03/23/2018,TCL,AL,ASO,ES,Federal Contract Tower,2,5,24,4,35,0,0,45,4,49,2,5,69,8,84,144,6,150,234
03/24/2018,TCL,AL,ASO,ES,Federal Contract Tower,2,1,11,4,18,0,0,21,2,23,2,1,32,6,41,0,0,0,41
03/25/2018,TCL,AL,ASO,ES,Federal Contract Tower,0,2,13,14,29,0,0,25,0,25,0,2,38,14,54,46,0,46,100
03/26/2018,TCL,AL,ASO,ES,Federal Contract Tower,0,4,16,16,36,0,6,3,0,9,0,10,19,16,45,0,4,4,49
03/27/2018,TCL,AL,ASO,ES,Federal Contract Tower,0,12,25,8,45,0,6,6,3,15,0,18,31,11,60,42,10,52,112
03/28/2018,TCL,AL,ASO,ES,Federal Contract Tower,0,6,28,17,51,0,1,15,1,17,0,7,43,18,68,154,0,154,222
03/29/2018,TCL,AL,ASO,ES,Federal Contract Tower,0,15,17,3,35,0,0,0,0,0,0,15,17,3,35,0,0,0,35
03/30/2018,TCL,AL,ASO,ES,Federal Contract Tower,0,9,17,8,34,0,4,46,0,50,0,13,63,8,84,142,0,142,226
03/31/2018,TCL,AL,ASO,ES,Federal Contract Tower,0,0,10,0,10,0,2,63,2,67,0,2,73,2,77,82,0,82,159
04/01/2018,TCL,AL,ASO,ES,Federal Contract Tower,0,6,9,0,15,0,2,23,0,25,0,8,32,0,40,20,0,20,60
04/02/2018,TCL,AL,ASO,ES,Federal Contract Tower,0,12,25,2,39,0,3,36,12,51,0,15,61,14,90,88,10,98,188
04/03/2018,TCL,AL,ASO,ES,Federal Contract Tower,0,4,16,18,38,0,0,11,10,21,0,4,27,28,59,26,6,32,91
04/04/2018,TCL,AL,ASO,ES,Federal Contract Tower,0,3,23,2,28,0,4,27,8,39,0,7,50,10,67,36,16,52,119
04/05/2018,TCL,AL,ASO,ES,Federal Contract Tower,4,14,30,7,55,0,4,50,7,61,4,18,80,14,116,88,12,100,216
04/06/2018,TCL,AL,ASO,ES,Federal Contract Tower,2,3,23,6,34,0,0,22,3,25,2,3,45,9,59,54,0,54,113
04/07/2018,TCL,AL,ASO,ES,Federal Contract Tower,4,3,11,0,18,0,0,4,0,4,4,3,15,0,22,0,0,0,22
04/08/2018,TCL,AL,ASO,ES,Federal Contract Tower,0,7,23,0,30,0,2,35,7,44,0,9,58,7,74,64,10,74,148
04/09/2018,TCL,AL,ASO,ES,Federal Contract Tower,0,7,42,12,61,0,0,17,8,25,0,7,59,20,86,34,4,38,124
04/10/2018,TCL,AL,ASO,ES,Federal Contract Tower,6,7,24,4,41,0,3,27,2,32,6,10,51,6,73,66,0,66,139
04/11/2018,TCL,AL,ASO,ES,Federal Contract Tower,2,3,24,8,37,0,2,44,14,60,2,5,68,22,97,76,30,106,203
04/12/2018,TCL,AL,ASO,ES,Federal Contract Tower,2,3,19,7,31,0,5,34,27,66,2,8,53,34,97,46,32,78,175
04/13/2018,TCL,AL,ASO,ES,Federal Contract Tower,0,4,21,7,32,0,2,36,6,44,0,6,57,13,76,12,8,20,96
04/14/2018,TCL,AL,ASO,ES,Federal Contract Tower,2,1,2,2,7,0,2,1,0,3,2,3,3,2,10,2,0,2,12
04/15/2018,TCL,AL,ASO,ES,Federal Contract Tower,3,1,13,9,26,0,4,39,13,56,3,5,52,22,82,104,12,116,198
04/16/2018,TCL,AL,ASO,ES,Federal Contract Tower,2,3,13,9,27,0,5,22,7,34,2,8,35,16,61,10,0,10,71
04/17/2018,TCL,AL,ASO,ES,Federal Contract Tower,8,9,24,6,47,0,2,52,4,58,8,11,76,10,105,114,0,114,219
04/18/2018,TCL,AL,ASO,ES,Federal Contract Tower,4,8,19,10,41,0,2,16,0,18,4,10,35,10,59,32,0,32,91
04/19/2018,TCL,AL,ASO,ES,Federal Contract Tower,2,6,26,2,36,0,0,35,5,40,2,6,61,7,76,12,0,12,88
04/20/2018,TCL,AL,ASO,ES,Federal Contract Tower,0,5,31,13,49,0,0,90,5,95,0,5,121,18,144,124,0,124,268
04/21/2018,TCL,AL,ASO,ES,Federal Contract Tower,0,4,21,0,25,0,1,48,0,49,0,5,69,0,74,90,0,90,164
04/22/2018,TCL,AL,ASO,ES,Federal Contract Tower,0,4,11,1,16,0,0,0,0,0,0,4,11,1,16,2,0,2,18
04/23/2018,TCL,AL,ASO,ES,Federal Contract Tower,1,0,30,15,46,0,0,7,3,10,1,0,37,18,56,18,0,18,74
04/24/2018,TCL,AL,ASO,ES,Federal Contract Tower,0,5,33,24,62,0,0,12,0,12,0,5,45,24,74,48,0,48,122
04/25/2018,TCL,AL,ASO,ES,Federal Contract Tower,0,5,30,21,56,0,2,19,2,23,0,7,49,23,79,122,0,122,201
04/26/2018,TCL,AL,ASO,ES,Federal Contract Tower,1,5,23,14,43,0,0,10,2,12,1,5,33,16,55,48,0,48,103
04/27/2018,TCL,AL,ASO,ES,Federal Contract Tower,0,10,25,29,64,0,1,33,3,37,0,11,58,32,101,90,0,90,191
04/28/2018,TCL,AL,ASO,ES,Federal Contract Tower,0,3,10,0,13,0,0,100,2,102,0,3,110,2,115,88,0,88,203
04/29/2018,TCL,AL,ASO,ES,Federal Contract Tower,0,6,18,6,30,0,0,43,2,45,0,6,61,8,75,96,0,96,171
04/30/2018,TCL,AL,ASO,ES,Federal Contract Tower,2,3,12,18,35,0,4,37,10,51,2,7,49,28,86,130,0,130,216
05/01/2018,TCL,AL,ASO,ES,Federal Contract Tower,0,5,23,6,34,0,0,31,10,41,0,5,54,16,75,84,0,84,159
05/02/2018,TCL,AL,ASO,ES,Federal Contract Tower,0,4,27,14,45,0,0,35,8,43,0,4,62,22,88,76,2,78,166
05/03/2018,TCL,AL,ASO,ES,Federal Contract Tower,0,15,29,13,57,0,0,35,4,39,0,15,64,17,96,66,0,66,162
05/04/2018,TCL,AL,ASO,ES,Federal Contract Tower,0,11,52,9,72,0,1,50,22,73,0,12,102,31,145,30,6,36,181
05/05/2018,TCL,AL,ASO,ES,Federal Contract Tower,0,9,27,2,38,0,0,10,1,11,0,9,37,3,49,36,0,36,85
05/06/2018,TCL,AL,ASO,ES,Federal Contract Tower,1,13,28,2,44,0,0,19,3,22,1,13,47,5,66,26,0,26,92
05/07/2018,TCL,AL,ASO,ES,Federal Contract Tower,0,6,20,4,30,0,1,25,6,32,0,7,45,10,62,66,0,66,128
05/08/2018,TCL,AL,ASO,ES,Federal Contract Tower,0,5,20,22,47,0,2,40,4,46,0,7,60,26,93,70,0,70,163
05/09/2018,TCL,AL,ASO,ES,Federal Contract Tower,3,3,16,12,34,0,2,61,6,69,3,5,77,18,103,126,0,126,229
05/10/2018,TCL,AL,ASO,ES,Federal Contract Tower,1,2,16,6,25,0,0,33,4,37,1,2,49,10,62,144,0,144,206
05/11/2018,TCL,AL,ASO,ES,Federal Contract Tower,2,6,28,2,38,0,4,52,7,63,2,10,80,9,101,58,10,68,169
05/12/2018,TCL,AL,ASO,ES,Federal Contract Tower,0,0,11,0,11,0,0,50,8,58,0,0,61,8,69,46,0,46,115
05/13/2018,TCL,AL,ASO,ES,Federal Contract Tower,0,0,9,3,12,0,0,20,1,21,0,0,29,4,33,0,0,0,33
05/14/2018,TCL,AL,ASO,ES,Federal Contract Tower,0,4,22,0,26,0,4,33,0,37,0,8,55,0,63,38,0,38,101
05/15/2018,TCL,AL,ASO,ES,Federal Contract Tower,0,3,30,9,42,0,4,26,2,32,0,7,56,11,74,24,4,28,102
05/16/2018,TCL,AL,ASO,ES,Federal Contract Tower,0,1,22,30,53,0,2,19,8,29,0,3,41,38,82,92,0,92,174
05/17/2018,TCL,AL,ASO,ES,Federal Contract Tower,0,2,32,8,42,0,1,15,4,20,0,3,47,12,62,42,0,42,104
05/18/2018,TCL,AL,ASO,ES,Federal Contract Tower,0,1,16,18,35,0,0,16,8,24,0,1,32,26,59,60,0,60,119
05/19/2018,TCL,AL,ASO,ES,Federal Contract Tower,0,0,16,2,18,0,0,41,7,48,0,0,57,9,66,52,0,52,118
05/20/2018,TCL,AL,ASO,ES,Federal Contract Tower,0,2,24,0,26,0,0,23,2,25,0,2,47,2,51,12,0,12,63
05/21/2018,TCL,AL,ASO,ES,Federal Contract Tower,2,10,16,26,54,0,0,15,6,21,2,10,31,32,75,76,0,76,151
05/22/2018,TCL,AL,ASO,ES,Federal Contract Tower,1,3,16,11,31,0,3,19,9,31,1,6,35,20,62,34,0,34,96
05/23/2018,TCL,AL,ASO,ES,Federal Contract Tower,2,3,21,16,42,0,0,21,6,27,2,3,42,22,69,90,0,90,159
05/24/2018,TCL,AL,ASO,ES,Federal Contract Tower,0,2,27,21,50,0,0,18,3,21,0,2,45,24,71,82,12,94,165
05/25/2018,TCL,AL,ASO,ES,Federal Contract Tower,0,1,16,0,17,0,0,19,4,23,0,1,35,4,40,34,4,38,78
05/26/2018,TCL,AL,ASO,ES,Federal Contract Tower,0,0,13,0,13,0,0,13,0,13,0,0,26,0,26,10,0,10,36
05/27/2018,TCL,AL,ASO,ES,Federal Contract Tower,1,1,5,0,7,0,0,11,0,11,1,1,16,0,18,14,0,14,32
05/28/2018,TCL,AL,ASO,ES,Federal Contract Tower,0,7,9,0,16,0,0,1,0,1,0,7,10,0,17,44,0,44,61
05/29/2018,TCL,AL,ASO,ES,Federal Contract Tower,1,3,23,4,31,0,0,7,0,7,1,3,30,4,38,42,0,42,80
05/30/2018,TCL,AL,ASO,ES,Federal Contract Tower,0,3,29,2,34,0,0,6,0,6,0,3,35,2,40,12,0,12,52
05/31/2018,TCL,AL,ASO,ES,Federal Contract Tower,0,3,29,2,34,0,0,21,5,26,0,3,50,7,60,84,0,84,144
06/01/2018,TCL,AL,ASO,ES,Federal Contract Tower,0,4,23,6,33,0,2,27,0,29,0,6,50,6,62,90,0,90,152
06/02/2018,TCL,AL,ASO,ES,Federal Contract Tower,0,0,17,0,17,0,0,32,2,34,0,0,49,2,51,48,4,52,103
06/03/2018,TCL,AL,ASO,ES,Federal Contract Tower,0,2,20,12,34,0,2,34,0,36,0,4,54,12,70,12,0,12,82
06/04/2018,TCL,AL,ASO,ES,Federal Contract Tower,0,2,30,4,36,0,4,36,5,45,0,6,66,9,81,54,18,72,153
06/05/2018,TCL,AL,ASO,ES,Federal Contract Tower,0,3,20,15,38,0,0,48,4,52,0,3,68,19,90,110,4,114,204
06/06/2018,TCL,AL,ASO,ES,Federal Contract Tower,0,9,17,19,45,0,2,32,7,41,0,11,49,26,86,48,0,48,134
06/07/2018,TCL,AL,ASO,ES,Federal Contract Tower,0,5,22,18,45,0,0,47,1,48,0,5,69,19,93,74,34,108,201
06/08/2018,TCL,AL,ASO,ES,Federal Contract Tower,0,2,14,8,24,0,0,57,4,61,0,2,71,12,85,76,2,78,163
06/09/2018,TCL,AL,ASO,ES,Federal Contract Tower,0,6,7,1,14,0,0,46,0,46,0,6,53,1,60,54,0,54,114
06/10/2018,TCL,AL,ASO,ES,Federal Contract Tower,0,3,10,8,21,0,2,30,8,40,0,5,40,16,61,14,0,14,75
06/11/2018,TCL,AL,ASO,ES,Federal Contract Tower,0,3,22,10,35,0,1,15,0,16,0,4,37,10,51,26,0,26,77
06/12/2018,TCL,AL,ASO,ES,Federal Contract Tower,0,0,19,18,37,0,3,20,1,24,0,3,39,19,61,40,2,42,103
06/13/2018,TCL,AL,ASO,ES,Federal Contract Tower,0,5,25,8,38,0,0,17,0,17,0,5,42,8,55,80,0,80,135
06/14/2018,TCL,AL,ASO,ES,Federal Contract Tower,2,8,27,11,48,0,0,23,19,42,2,8,50,30,90,60,0,60,150
06/15/2018,TCL,AL,ASO,ES,Federal Contract Tower,0,2,22,32,56,0,9,27,4,40,0,11,49,36,96,82,0,82,178
06/16/2018,TCL,AL,ASO,ES,Federal Contract Tower,0,5,12,2,19,0,0,26,4,30,0,5,38,6,49,12,12,24,73
06/17/2018,TCL,AL,ASO,ES,Federal Contract Tower,0,5,13,4,22,0,7,21,2,30,0,12,34,6,52,10,0,10,62
06/18/2018,TCL,AL,ASO,ES,Federal Contract Tower,0,3,20,10,33,0,8,26,2,36,0,11,46,12,69,58,8,66,135
06/19/2018,TCL,AL,ASO,ES,Federal Contract Tower,0,3,20,31,54,0,0,58,7,65,0,3,78,38,119,64,16,80,199
06/20/2018,TCL,AL,ASO,ES,Federal Contract Tower,0,5,23,15,43,0,3,43,2,48,0,8,66,17,91,70,0,70,161
06/21/2018,TCL,AL,ASO,ES,Federal Contract Tower,0,2,24,10,36,0,0,12,1,13,0,2,36,11,49,82,4,86,135
06/22/2018,TCL,AL,ASO,ES,Federal Contract Tower,0,3,27,4,34,0,0,9,2,11,0,3,36,6,45,18,0,18,63
06/23/2018,TCL,AL,ASO,ES,Federal Contract Tower,0,0,5,0,5,0,0,12,4,16,0,0,17,4,21,8,0,8,29
06/24/2018,TCL,AL,ASO,ES,Federal Contract Tower,0,2,14,0,16,0,0,24,0,24,0,2,38,0,40,36,0,36,76
06/25/2018,TCL,AL,ASO,ES,Federal Contract Tower,0,10,14,5,29,0,2,16,5,23,0,12,30,10,52,2,0,2,54
06/26/2018,TCL,AL,ASO,ES,Federal Contract Tower,0,11,18,10,39,0,2,35,4,41,0,13,53,14,80,46,0,46,126
06/27/2018,TCL,AL,ASO,ES,Federal Contract Tower,7,17,25,0,49,0,1,30,0,31,7,18,55,0,80,78,0,78,158
06/28/2018,TCL,AL,ASO,ES,Federal Contract Tower,12,15,17,5,49,0,0,25,0,25,12,15,42,5,74,38,0,38,112
06/29/2018,TCL,AL,ASO,ES,Federal Contract Tower,10,19,22,5,56,0,2,41,1,44,10,21,63,6,100,46,0,46,146
06/30/2018,TCL,AL,ASO,ES,Federal Contract Tower,15,7,5,0,27,0,0,20,6,26,15,7,25,6,53,44,2,46,99
07/02/2018,TCL,AL,ASO,ES,Federal Contract Tower,0,3,13,12,28,0,1,24,0,25,0,4,37,12,53,4,0,4,57
07/03/2018,TCL,AL,ASO,ES,Federal Contract Tower,0,5,17,34,56,0,0,19,4,23,0,5,36,38,79,0,8,8,87
07/04/2018,TCL,AL,ASO,ES,Federal Contract Tower,0,0,8,0,8,0,0,18,0,18,0,0,26,0,26,6,0,6,32
07/05/2018,TCL,AL,ASO,ES,Federal Contract Tower,0,1,20,0,21,0,1,25,2,28,0,2,45,2,49,82,0,82,131
07/06/2018,TCL,AL,ASO,ES,Federal Contract Tower,0,0,13,10,23,0,0,17,4,21,0,0,30,14,44,18,0,18,62
07/07/2018,TCL,AL,ASO,ES,Federal Contract Tower,0,2,11,0,13,0,0,30,0,30,0,2,41,0,43,80,0,80,123
07/08/2018,TCL,AL,ASO,ES,Federal Contract Tower,0,3,26,8,37,0,2,7,0,9,0,5,33,8,46,0,0,0,46
07/09/2018,TCL,AL,ASO,ES,Federal Contract Tower,0,1,18,22,41,0,4,24,0,28,0,5,42,22,69,58,10,68,137
07/10/2018,TCL,AL,ASO,ES,Federal Contract Tower,0,0,21,4,25,0,0,25,2,27,0,0,46,6,52,76,0,76,128
07/11/2018,TCL,AL,ASO,ES,Federal Contract Tower,0,1,17,28,46,0,0,35,10,45,0,1,52,38,91,68,34,102,193
07/12/2018,TCL,AL,ASO,ES,Federal Contract Tower,0,3,14,10,27,0,2,31,6,39,0,5,45,16,66,92,10,102,168
07/13/2018,TCL,AL,ASO,ES,Federal Contract Tower,0,5,14,9,28,0,1,34,15,50,0,6,48,24,78,38,16,54,132
07/15/2018,TCL,AL,ASO,ES,Federal Contract Tower,0,5,16,3,24,0,2,21,3,26,0,7,37,6,50,14,0,14,64
07/16/2018,TCL,AL,ASO,ES,Federal Contract Tower,0,4,22,0,26,0,0,7,1,8,0,4,29,1,34,22,0,22,56
07/17/2018,TCL,AL,ASO,ES,Federal Contract Tower,0,9,20,16,45,0,1,23,1,25,0,10,43,17,70,48,0,48,118
07/18/2018,TCL,AL,ASO,ES,Federal Contract Tower,0,0,21,23,44,0,0,28,12,40,0,0,49,35,84,120,44,164,248
07/19/2018,TCL,AL,ASO,ES,Federal Contract Tower,0,6,26,2,34,0,0,21,4,25,0,6,47,6,59,34,12,46,105
07/20/2018,TCL,AL,ASO,ES,Federal Contract Tower,0,4,33,16,53,0,8,31,2,41,0,12,64,18,94,102,52,154,248
07/21/2018,TCL,AL,ASO,ES,Federal Contract Tower,0,2,6,0,8,0,0,17,0,17,0,2,23,0,25,14,0,14,39
07/22/2018,TCL,AL,ASO,ES,Federal Contract Tower,0,2,25,0,27,0,0,28,1,29,0,2,53,1,56,48,14,62,118
07/23/2018,TCL,AL,ASO,ES,Federal Contract Tower,0,6,26,27,59,0,0,23,0,23,0,6,49,27,82,42,38,80,162
07/24/2018,TCL,AL,ASO,ES,Federal Contract Tower,0,4,14,34,52,0,2,39,12,53,0,6,53,46,105,156,24,180,285
07/25/2018,TCL,AL,ASO,ES,Federal Contract Tower,0,11,18,16,45,0,8,37,4,49,0,19,55,20,94,44,0,44,138
07/26/2018,TCL,AL,ASO,ES,Federal Contract Tower,0,14,22,14,50,0,0,41,4,45,0,14,63,18,95,68,6,74,169
07/27/2018,TCL,AL,ASO,ES,Federal Contract Tower,4,4,22,18,48,0,1,29,4,34,4,5,51,22,82,64,8,72,154
07/28/2018,TCL,AL,ASO,ES,Federal Contract Tower,0,2,17,1,20,0,0,40,6,46,0,2,57,7,66,28,14,42,108
07/29/2018,TCL,AL,ASO,ES,Federal Contract Tower,1,7,14,8,30,0,0,29,0,29,1,7,43,8,59,22,0,22,81
07/30/2018,TCL,AL,ASO,ES,Federal Contract Tower,0,1,23,16,40,0,6,20,7,33,0,7,43,23,73,60,0,60,133
07/31/2018,TCL,AL,ASO,ES,Federal Contract Tower,0,3,20,32,55,0,2,27,32,61,0,5,47,64,116,40,0,40,156
08/01/2018,TCL,AL,ASO,ES,Federal Contract Tower,0,2,16,16,34,0,0,6,4,10,0,2,22,20,44,16,16,32,76
08/02/2018,TCL,AL,ASO,ES,Federal Contract Tower,0,5,18,49,72,0,0,20,2,22,0,5,38,51,94,62,50,112,206
08/03/2018,TCL,AL,ASO,ES,Federal Contract Tower,0,3,19,8,30,0,0,33,11,44,0,3,52,19,74,18,0,18,92
08/04/2018,TCL,AL,ASO,ES,Federal Contract Tower,1,3,10,0,14,0,0,39,1,40,1,3,49,1,54,32,0,32,86
08/05/2018,TCL,AL,ASO,ES,Federal Contract Tower,1,4,15,2,22,0,2,21,4,27,1,6,36,6,49,18,0,18,67
08/06/2018,TCL,AL,ASO,ES,Federal Contract Tower,0,3,20,14,37,0,6,26,5,37,0,9,46,19,74,100,0,100,174
08/07/2018,TCL,AL,ASO,ES,Federal Contract Tower,0,8,29,14,51,0,0,31,4,35,0,8,60,18,86,28,16,44,130
08/08/2018,TCL,AL,ASO,ES,Federal Contract Tower,0,5,22,29,56,0,4,19,11,34,0,9,41,40,90,28,26,54,144
08/09/2018,TCL,AL,ASO,ES,Federal Contract Tower,0,6,27,6,39,0,0,17,2,19,0,6,44,8,58,146,0,146,204
08/10/2018,TCL,AL,ASO,ES,Federal Contract Tower,0,4,19,29,52,0,0,12,7,19,0,4,31,36,71,0,28,28,99
08/11/2018,TCL,AL,ASO,ES,Federal Contract Tower,0,6,19,0,25,0,0,35,2,37,0,6,54,2,62,46,0,46,108
08/12/2018,TCL,AL,ASO,ES,Federal Contract Tower,0,3,9,0,12,0,1,27,3,31,0,4,36,3,43,54,0,54,97
08/13/2018,TCL,AL,ASO,ES,Federal Contract Tower,0,5,10,25,40,0,2,23,11,36,0,7,33,36,76,40,22,62,138
08/14/2018,TCL,AL,ASO,ES,Federal Contract Tower,0,7,21,16,44,0,1,32,2,35,0,8,53,18,79,44,0,44,123
08/15/2018,TCL,AL,ASO,ES,Federal Contract Tower,0,5,41,35,81,0,4,36,18,58,0,9,77,53,139,68,40,108,247
08/16/2018,TCL,AL,ASO,ES,Federal Contract Tower,0,10,38,22,70,0,0,46,13,59,0,10,84,35,129,184,40,224,353
08/17/2018,TCL,AL,ASO,ES,Federal Contract Tower,0,12,24,34,70,0,0,9,0,9,0,12,33,34,79,22,6,28,107
08/18/2018,TCL,AL,ASO,ES,Federal Contract Tower,0,10,20,5,35,0,0,7,1,8,0,10,27,6,43,40,0,40,83
08/19/2018,TCL,AL,ASO,ES,Federal Contract Tower,0,8,37,10,55,0,0,6,0,6,0,8,43,10,61,0,0,0,61
08/20/2018,TCL,AL,ASO,ES,Federal Contract Tower,0,1,17,56,74,0,0,12,0,12,0,1,29,56,86,22,0,22,108
08/21/2018,TCL,AL,ASO,ES,Federal Contract Tower,0,11,17,26,54,0,0,13,4,17,0,11,30,30,71,70,0,70,141
08/22/2018,TCL,AL,ASO,ES,Federal Contract Tower,0,6,17,43,66,0,0,37,13,50,0,6,54,56,116,68,16,84,200
08/23/2018,TCL,AL,ASO,ES,Federal Contract Tower,0,6,24,46,76,0,0,52,12,64,0,6,76,58,140,84,30,114,254
08/24/2018,TCL,AL,ASO,ES,Federal Contract Tower,0,6,29,15,50,0,6,49,3,58,0,12,78,18,108,106,0,106,214
08/25/2018,TCL,AL,ASO,ES,Federal Contract Tower,0,2,18,0,20,0,4,48,2,54,0,6,66,2,74,38,0,38,112
08/26/2018,TCL,AL,ASO,ES,Federal Contract Tower,0,2,13,2,17,0,0,31,0,31,0,2,44,2,48,26,0,26,74
08/27/2018,TCL,AL,ASO,ES,Federal Contract Tower,7,12,25,20,64,0,4,28,2,34,7,16,53,22,98,62,10,72,170
08/28/2018,TCL,AL,ASO,ES,Federal Contract Tower,1,1,27,24,53,0,0,32,4,36,1,1,59,28,89,72,18,90,179
08/29/2018,TCL,AL,ASO,ES,Federal Contract Tower,0,11,15,34,60,0,2,22,6,30,0,13,37,40,90,26,42,68,158
08/30/2018,TCL,AL,ASO,ES,Federal Contract Tower,0,2,34,8,44,0,0,28,4,32,0,2,62,12,76,68,0,68,144
08/31/2018,TCL,AL,ASO,ES,Federal Contract Tower,2,20,33,0,55,0,1,28,2,31,2,21,61,2,86,36,0,36,122
09/02/2018,TCL,AL,ASO,ES,Federal Contract Tower,2,3,9,0,14,0,2,27,0,29,2,5,36,0,43,6,0,6,49
09/03/2018,TCL,AL,ASO,ES,Federal Contract Tower,0,8,26,1,35,0,2,35,0,37,0,10,61,1,72,34,0,34,106
09/04/2018,TCL,AL,ASO,ES,Federal Contract Tower,0,1,12,38,51,0,2,19,6,27,0,3,31,44,78,50,0,50,128
09/05/2018,TCL,AL,ASO,ES,Federal Contract Tower,0,6,18,4,28,0,0,0,0,0,0,6,18,4,28,2,0,2,30
09/06/2018,TCL,AL,ASO,ES,Federal Contract Tower,0,4,26,32,62,0,2,22,0,24,0,6,48,32,86,48,122,170,256
09/07/2018,TCL,AL,ASO,ES,Federal Contract Tower,1,10,34,26,71,0,2,48,2,52,1,12,82,28,123,68,82,150,273
09/08/2018,TCL,AL,ASO,ES,Federal Contract Tower,0,6,75,0,81,0,0,35,0,35,0,6,110,0,116,84,0,84,200
09/09/2018,TCL,AL,ASO,ES,Federal Contract Tower,0,5,39,1,45,0,0,12,0,12,0,5,51,1,57,58,0,58,115
09/10/2018,TCL,AL,ASO,ES,Federal Contract Tower,0,8,32,11,51,0,0,8,0,8,0,8,40,11,59,14,0,14,73
09/11/2018,TCL,AL,ASO,ES,Federal Contract Tower,2,8,19,24,53,0,2,23,2,27,2,10,42,26,80,56,14,70,150
09/12/2018,TCL,AL,ASO,ES,Federal Contract Tower,0,5,22,39,66,0,0,31,3,34,0,5,53,42,100,22,14,36,136
09/13/2018,TCL,AL,ASO,ES,Federal Contract Tower,0,8,21,26,55,0,0,17,6,23,0,8,38,32,78,22,10,32,110
09/14/2018,TCL,AL,ASO,ES,Federal Contract Tower,4,14,25,22,65,0,2,36,2,40,4,16,61,24,105,28,20,48,153
09/15/2018,TCL,AL,ASO,ES,Federal Contract Tower,0,3,20,7,30,0,0,35,1,36,0,3,55,8,66,56,0,56,122
09/16/2018,TCL,AL,ASO,ES,Federal Contract Tower,0,8,26,10,44,0,0,46,0,46,0,8,72,10,90,132,0,132,222
09/17/2018,TCL,AL,ASO,ES,Federal Contract Tower,0,3,16,13,32,0,4,18,10,32,0,7,34,23,64,36,4,40,104
09/18/2018,TCL,AL,ASO,ES,Federal Contract Tower,4,3,19,16,42,0,0,36,6,42,4,3,55,22,84,80,2,82,166
09/19/2018,TCL,AL,ASO,ES,Federal Contract Tower,0,16,37,20,73,0,1,45,2,48,0,17,82,22,121,110,0,110,231
09/20/2018,TCL,AL,ASO,ES,Federal Contract Tower,0,28,33,24,85,0,1,51,12,64,0,29,84,36,149,56,0,56,205
09/21/2018,TCL,AL,ASO,ES,Federal Contract Tower,3,18,73,8,102,0,1,24,7,32,3,19,97,15,134,36,10,46,180
09/22/2018,TCL,AL,ASO,ES,Federal Contract Tower,4,37,125,0,166,0,0,54,3,57,4,37,179,3,223,182,0,182,405
09/23/2018,TCL,AL,ASO,ES,Federal Contract Tower,0,25,52,4,81,0,3,18,1,22,0,28,70,5,103,0,0,0,103
09/24/2018,TCL,AL,ASO,ES,Federal Contract Tower,0,9,20,38,67,0,0,3,9,12,0,9,23,47,79,8,54,62,141
09/25/2018,TCL,AL,ASO,ES,Federal Contract Tower,0,2,24,14,40,0,0,14,0,14,0,2,38,14,54,60,0,60,114
09/26/2018,TCL,AL,ASO,ES,Federal Contract Tower,2,6,15,0,23,0,0,0,0,0,2,6,15,0,23,0,0,0,23
09/27/2018,TCL,AL,ASO,ES,Federal Contract Tower,7,15,19,12,53,0,0,9,0,9,7,15,28,12,62,16,0,16,78
09/28/2018,TCL,AL,ASO,ES,Federal Contract Tower,8,19,46,24,97,0,0,5,0,5,8,19,51,24,102,10,0,10,112
09/29/2018,TCL,AL,ASO,ES,Federal Contract Tower,5,6,30,0,41,0,0,26,0,26,5,6,56,0,67,42,0,42,109
09/30/2018,TCL,AL,ASO,ES,Federal Contract Tower,1,12,47,6,66,0,0,38,2,40,1,12,85,8,106,8,0,8,114
10/01/2018,TCL,AL,ASO,ES,Federal Contract Tower,0,11,17,15,43,0,1,15,2,18,0,12,32,17,61,28,22,50,111
10/02/2018,TCL,AL,ASO,ES,Federal Contract Tower,2,7,18,14,41,0,0,32,5,37,2,7,50,19,78,30,28,58,136
10/03/2018,TCL,AL,ASO,ES,Federal Contract Tower,1,11,22,35,69,0,7,48,17,72,1,18,70,52,141,42,20,62,203
10/04/2018,TCL,AL,ASO,ES,Federal Contract Tower,0,14,20,20,54,0,1,16,10,27,0,15,36,30,81,2,30,32,113
10/05/2018,TCL,AL,ASO,ES,Federal Contract Tower,2,4,46,12,64,0,0,35,6,41,2,4,81,18,105,62,6,68,173
10/06/2018,TCL,AL,ASO,ES,Federal Contract Tower,2,3,14,0,19,0,0,43,5,48,2,3,57,5,67,86,0,86,153
10/07/2018,TCL,AL,ASO,ES,Federal Contract Tower,0,3,24,6,33,0,4,42,4,50,0,7,66,10,83,34,0,34,117
10/08/2018,TCL,AL,ASO,ES,Federal Contract Tower,0,3,30,0,33,0,2,28,0,30,0,5,58,0,63,70,0,70,133
10/09/2018,TCL,AL,ASO,ES,Federal Contract Tower,0,8,22,10,40,0,2,28,69,99,0,10,50,79,139,48,6,54,193
10/10/2018,TCL,AL,ASO,ES,Federal Contract Tower,0,7,22,30,59,0,3,10,12,25,0,10,32,42,84,2,6,8,92
10/11/2018,TCL,AL,ASO,ES,Federal Contract Tower,0,12,24,20,56,0,2,46,24,72,0,14,70,44,128,70,8,78,206
10/12/2018,TCL,AL,ASO,ES,Federal Contract Tower,0,15,44,16,75,0,1,49,10,60,0,16,93,26,135,60,6,66,201
10/13/2018,TCL,AL,ASO,ES,Federal Contract Tower,4,43,75,6,128,0,0,43,4,47,4,43,118,10,175,100,0,100,275
10/14/2018,TCL,AL,ASO,ES,Federal Contract Tower,2,31,45,5,83,0,2,43,9,54,2,33,88,14,137,6,0,6,143
10/15/2018,TCL,AL,ASO,ES,Federal Contract Tower,1,4,25,19,49,0,5,28,3,36,1,9,53,22,85,32,8,40,125
10/16/2018,TCL,AL,ASO,ES,Federal Contract Tower,0,7,27,5,39,0,0,4,0,4,0,7,31,5,43,12,0,12,55
10/17/2018,TCL,AL,ASO,ES,Federal Contract Tower,1,7,29,34,71,0,0,25,3,28,1,7,54,37,99,34,18,52,151
10/18/2018,TCL,AL,ASO,ES,Federal Contract Tower,2,14,33,24,73,0,3,51,8,62,2,17,84,32,135,130,0,130,265
10/19/2018,TCL,AL,ASO,ES,Federal Contract Tower,3,6,26,11,46,0,0,43,5,48,3,6,69,16,94,48,8,56,150
10/20/2018,TCL,AL,ASO,ES,Federal Contract Tower,2,5,8,3,18,0,0,2,0,2,2,5,10,3,20,0,0,0,20
10/21/2018,TCL,AL,ASO,ES,Federal Contract Tower,0,4,16,0,20,0,2,38,0,40,0,6,54,0,60,36,0,36,96
10/22/2018,TCL,AL,ASO,ES,Federal Contract Tower,0,6,25,14,45,0,5,52,2,59,0,11,77,16,104,66,28,94,198
10/23/2018,TCL,AL,ASO,ES,Federal Contract Tower,0,12,20,8,40,0,2,38,7,47,0,14,58,15,87,44,0,44,131
10/24/2018,TCL,AL,ASO,ES,Federal Contract Tower,0,16,34,16,66,0,1,21,10,32,0,17,55,26,98,26,0,26,124
10/25/2018,TCL,AL,ASO,ES,Federal Contract Tower,0,10,25,20,55,0,0,6,2,8,0,10,31,22,63,12,0,12,75
10/26/2018,TCL,AL,ASO,ES,Federal Contract Tower,0,5,23,19,47,0,2,3,1,6,0,7,26,20,53,0,0,0,53
10/27/2018,TCL,AL,ASO,ES,Federal Contract Tower,0,6,15,0,21,0,0,31,0,31,0,6,46,0,52,76,0,76,128
10/28/2018,TCL,AL,ASO,ES,Federal Contract Tower,0,7,28,0,35,0,5,54,0,59,0,12,82,0,94,66,0,66,160
10/29/2018,TCL,AL,ASO,ES,Federal Contract Tower,0,6,20,34,60,0,0,43,8,51,0,6,63,42,111,78,26,104,215
10/30/2018,TCL,AL,ASO,ES,Federal Contract Tower,0,4,19,10,33,0,0,39,8,47,0,4,58,18,80,58,14,72,152
10/31/2018,TCL,AL,ASO,ES,Federal Contract Tower,0,6,14,14,34,0,6,15,2,23,0,12,29,16,57,56,0,56,113
11/01/2018,TCL,AL,ASO,ES,Federal Contract Tower,3,3,20,2,28,0,0,2,0,2,3,3,22,2,30,0,0,0,30
11/02/2018,TCL,AL,ASO,ES,Federal Contract Tower,4,15,33,15,67,0,0,15,1,16,4,15,48,16,83,60,0,60,143
11/03/2018,TCL,AL,ASO,ES,Federal Contract Tower,2,6,12,2,22,0,0,54,10,64,2,6,66,12,86,18,0,18,104
11/04/2018,TCL,AL,ASO,ES,Federal Contract Tower,2,4,15,4,25,0,0,5,8,13,2,4,20,12,38,0,2,2,40
11/05/2018,TCL,AL,ASO,ES,Federal Contract Tower,0,3,12,8,23,0,0,0,0,0,0,3,12,8,23,0,0,0,23
11/06/2018,TCL,AL,ASO,ES,Federal Contract Tower,0,10,23,13,46,0,0,44,0,44,0,10,67,13,90,54,4,58,148
11/07/2018,TCL,AL,ASO,ES,Federal Contract Tower,2,6,15,8,31,0,0,3,2,5,2,6,18,10,36,12,0,12,48
11/09/2018,TCL,AL,ASO,ES,Federal Contract Tower,1,16,58,2,77,0,2,0,0,2,1,18,58,2,79,0,0,0,79
11/10/2018,TCL,AL,ASO,ES,Federal Contract Tower,2,24,82,0,108,0,2,44,5,51,2,26,126,5,159,110,8,118,277
11/11/2018,TCL,AL,ASO,ES,Federal Contract Tower,0,26,52,0,78,0,2,41,4,47,0,28,93,4,125,6,10,16,141
11/12/2018,TCL,AL,ASO,ES,Federal Contract Tower,1,4,10,0,15,0,0,0,0,0,1,4,10,0,15,0,0,0,15
11/13/2018,TCL,AL,ASO,ES,Federal Contract Tower,1,9,29,18,57,0,0,0,0,0,1,9,29,18,57,0,0,0,57
11/14/2018,TCL,AL,ASO,ES,Federal Contract Tower,0,8,22,0,30,0,0,0,0,0,0,8,22,0,30,0,0,0,30
11/15/2018,TCL,AL,ASO,ES,Federal Contract Tower,1,4,34,10,49,0,2,8,0,10,1,6,42,10,59,12,0,12,71
11/16/2018,TCL,AL,ASO,ES,Federal Contract Tower,1,5,43,8,57,0,0,58,10,68,1,5,101,18,125,48,0,48,173
11/17/2018,TCL,AL,ASO,ES,Federal Contract Tower,0,11,41,0,52,0,0,38,0,38,0,11,79,0,90,50,0,50,140
11/18/2018,TCL,AL,ASO,ES,Federal Contract Tower,4,4,43,0,51,0,4,43,0,47,4,8,86,0,98,110,0,110,208
11/19/2018,TCL,AL,ASO,ES,Federal Contract Tower,0,3,29,34,66,0,0,35,20,55,0,3,64,54,121,50,16,66,187
11/20/2018,TCL,AL,ASO,ES,Federal Contract Tower,2,11,31,4,48,0,0,28,6,34,2,11,59,10,82,42,2,44,126
11/21/2018,TCL,AL,ASO,ES,Federal Contract Tower,0,4,18,16,38,0,4,32,2,38,0,8,50,18,76,4,10,14,90
11/22/2018,TCL,AL,ASO,ES,Federal Contract Tower,0,4,12,0,16,0,0,31,0,31,0,4,43,0,47,31,0,31,78
11/23/2018,TCL,AL,ASO,ES,Federal Contract Tower,0,15,55,2,72,0,0,24,0,24,0,15,79,2,96,32,0,32,128
11/24/2018,TCL,AL,ASO,ES,Federal Contract Tower,0,27,160,0,187,0,0,25,2,27,0,27,185,2,214,118,2,120,334
11/25/2018,TCL,AL,ASO,ES,Federal Contract Tower,0,23,69,0,92,0,0,19,6,25,0,23,88,6,117,20,0,20,137
11/26/2018,TCL,AL,ASO,ES,Federal Contract Tower,0,8,26,23,57,0,1,30,12,43,0,9,56,35,100,50,6,56,156
11/27/2018,TCL,AL,ASO,ES,Federal Contract Tower,2,8,27,45,82,0,0,29,1,30,2,8,56,46,112,0,4,4,116
11/28/2018,TCL,AL,ASO,ES,Federal Contract Tower,1,4,6,25,36,0,0,28,1,29,1,4,34,26,65,32,12,44,109
11/29/2018,TCL,AL,ASO,ES,Federal Contract Tower,0,6,18,28,52,0,2,27,2,31,0,8,45,30,83,40,0,40,123
11/30/2018,TCL,AL,ASO,ES,Federal Contract Tower,2,6,24,30,62,0,0,11,0,11,2,6,35,30,73,20,50,70,143
12/01/2018,TCL,AL,ASO,ES,Federal Contract Tower,0,4,16,0,20,0,0,1,0,1,0,4,17,0,21,0,0,0,21
12/02/2018,TCL,AL,ASO,ES,Federal Contract Tower,2,12,12,7,33,0,0,33,1,34,2,12,45,8,67,44,0,44,111
12/03/2018,TCL,AL,ASO,ES,Federal Contract Tower,0,3,12,38,53,0,0,18,10,28,0,3,30,48,81,24,24,48,129
12/04/2018,TCL,AL,ASO,ES,Federal Contract Tower,0,9,21,37,67,0,8,17,3,28,0,17,38,40,95,66,0,66,161
12/05/2018,TCL,AL,ASO,ES,Federal Contract Tower,0,4,30,0,34,0,5,31,0,36,0,9,61,0,70,4,0,4,74
12/06/2018,TCL,AL,ASO,ES,Federal Contract Tower,0,4,21,16,41,0,0,31,2,33,0,4,52,18,74,68,0,68,142
12/07/2018,TCL,AL,ASO,ES,Federal Contract Tower,0,2,16,50,68,0,0,4,4,8,0,2,20,54,76,8,30,38,114
12/08/2018,TCL,AL,ASO,ES,Federal Contract Tower,3,1,7,0,11,0,0,0,0,0,3,1,7,0,11,0,0,0,11
12/09/2018,TCL,AL,ASO,ES,Federal Contract Tower,2,4,7,0,13,0,0,0,0,0,2,4,7,0,13,0,0,0,13
12/10/2018,TCL,AL,ASO,ES,Federal Contract Tower,0,4,17,21,42,0,2,0,0,2,0,6,17,21,44,6,0,6,50
12/11/2018,TCL,AL,ASO,ES,Federal Contract Tower,0,7,27,21,55,0,4,30,3,37,0,11,57,24,92,62,0,62,154
12/12/2018,TCL,AL,ASO,ES,Federal Contract Tower,0,17,32,16,65,0,2,43,4,49,0,19,75,20,114,38,10,48,162
12/13/2018,TCL,AL,ASO,ES,Federal Contract Tower,0,12,17,65,94,0,0,24,8,32,0,12,41,73,126,24,27,51,177
12/14/2018,TCL,AL,ASO,ES,Federal Contract Tower,4,16,27,12,59,0,0,0,0,0,4,16,27,12,59,0,0,0,59
12/15/2018,TCL,AL,ASO,ES,Federal Contract Tower,1,5,15,0,21,0,0,0,0,0,1,5,15,0,21,0,0,0,21
12/16/2018,TCL,AL,ASO,ES,Federal Contract Tower,0,1,16,0,17,0,0,8,0,8,0,1,24,0,25,40,0,40,65
12/17/2018,TCL,AL,ASO,ES,Federal Contract Tower,1,9,20,1,31,0,1,20,1,22,1,10,40,2,53,42,0,42,95
12/18/2018,TCL,AL,ASO,ES,Federal Contract Tower,2,9,21,10,42,0,3,59,0,62,2,12,80,10,104,64,0,64,168
12/19/2018,TCL,AL,ASO,ES,Federal Contract Tower,6,3,22,31,62,0,2,20,5,27,6,5,42,36,89,10,10,20,109
12/20/2018,TCL,AL,ASO,ES,Federal Contract Tower,5,8,12,6,31,0,0,0,0,0,5,8,12,6,31,0,0,0,31
12/21/2018,TCL,AL,ASO,ES,Federal Contract Tower,8,6,19,2,35,0,0,4,0,4,8,6,23,2,39,0,0,0,39
12/22/2018,TCL,AL,ASO,ES,Federal Contract Tower,2,0,10,0,12,0,0,63,0,63,2,0,73,0,75,72,0,72,147
12/23/2018,TCL,AL,ASO,ES,Federal Contract Tower,0,3,7,0,10,0,0,9,0,9,0,3,16,0,19,0,0,0,19
12/24/2018,TCL,AL,ASO,ES,Federal Contract Tower,4,1,5,0,10,0,4,21,0,25,4,5,26,0,35,35,0,35,70
12/25/2018,TCL,AL,ASO,ES,Federal Contract Tower,0,2,3,0,5,0,0,9,0,9,0,2,12,0,14,0,0,0,14
12/26/2018,TCL,AL,ASO,ES,Federal Contract Tower,1,1,11,0,13,0,0,17,2,19,1,1,28,2,32,14,0,14,46
12/27/2018,TCL,AL,ASO,ES,Federal Contract Tower,1,0,10,0,11,0,0,0,0,0,1,0,10,0,11,0,0,0,11
12/28/2018,TCL,AL,ASO,ES,Federal Contract Tower,0,2,11,0,13,0,2,18,0,20,0,4,29,0,33,40,0,40,73
12/29/2018,TCL,AL,ASO,ES,Federal Contract Tower,2,7,15,0,24,0,0,21,0,21,2,7,36,0,45,12,0,12,57
12/30/2018,TCL,AL,ASO,ES,Federal Contract Tower,12,3,21,0,36,0,0,0,0,0,12,3,21,0,36,0,0,0,36
12/31/2018,TCL,AL,ASO,ES,Federal Contract Tower,2,5,5,0,12,0,0,0,0,0,2,5,5,0,12,0,0,0,12
01/01/2019,TCL,AL,ASO,ES,Federal Contract Tower,0,5,4,0,9,0,2,4,0,6,0,7,8,0,15,16,0,16,31
01/02/2019,TCL,AL,ASO,ES,Federal Contract Tower,0,3,13,12,28,0,0,2,0,2,0,3,15,12,30,0,0,0,30
01/03/2019,TCL,AL,ASO,ES,Federal Contract Tower,1,2,12,18,33,0,0,0,0,0,1,2,12,18,33,0,0,0,33
01/04/2019,TCL,AL,ASO,ES,Federal Contract Tower,7,6,10,5,28,0,0,8,0,8,7,6,18,5,36,38,0,38,74
01/05/2019,TCL,AL,ASO,ES,Federal Contract Tower,6,4,15,10,35,0,1,45,24,70,6,5,60,34,105,30,0,30,135
01/06/2019,TCL,AL,ASO,ES,Federal Contract Tower,0,8,12,1,21,0,0,51,11,62,0,8,63,12,83,36,12,48,131
01/07/2019,TCL,AL,ASO,ES,Federal Contract Tower,3,9,16,20,48,0,7,28,12,47,3,16,44,32,95,62,0,62,157
01/08/2019,TCL,AL,ASO,ES,Federal Contract Tower,4,9,16,40,69,0,0,25,0,25,4,9,41,40,94,56,20,76,170
01/09/2019,TCL,AL,ASO,ES,Federal Contract Tower,5,6,18,16,45,0,0,27,6,33,5,6,45,22,78,22,0,22,100
01/10/2019,TCL,AL,ASO,ES,Federal Contract Tower,4,7,16,23,50,0,0,34,7,41,4,7,50,30,91,30,0,30,121
01/11/2019,TCL,AL,ASO,ES,Federal Contract Tower,3,3,17,18,41,0,1,40,0,41,3,4,57,18,82,88,0,88,170
01/12/2019,TCL,AL,ASO,ES,Federal Contract Tower,4,3,14,4,25,0,0,6,0,6,4,3,20,4,31,0,0,0,31
01/13/2019,TCL,AL,ASO,ES,Federal Contract Tower,3,4,22,0,29,0,0,2,0,2,3,4,24,0,31,0,0,0,31
01/14/2019,TCL,AL,ASO,ES,Federal Contract Tower,1,7,25,62,95,0,2,2,8,12,1,9,27,70,107,24,38,62,169
01/15/2019,TCL,AL,ASO,ES,Federal Contract Tower,9,8,26,49,92,0,2,13,0,15,9,10,39,49,107,36,22,58,165
01/16/2019,TCL,AL,ASO,ES,Federal Contract Tower,10,6,22,12,50,0,1,55,6,62,10,7,77,18,112,66,6,72,184
01/17/2019,TCL,AL,ASO,ES,Federal Contract Tower,7,9,38,4,58,0,0,2,6,8,7,9,40,10,66,0,0,0,66
01/18/2019,TCL,AL,ASO,ES,Federal Contract Tower,11,3,27,23,64,0,0,3,2,5,11,3,30,25,69,0,2,2,71
01/19/2019,TCL,AL,ASO,ES,Federal Contract Tower,7,3,7,0,17,0,0,0,0,0,7,3,7,0,17,0,0,0,17
01/20/2019,TCL,AL,ASO,ES,Federal Contract Tower,1,0,11,0,12,0,0,1,0,1,1,0,12,0,13,0,0,0,13
01/21/2019,TCL,AL,ASO,ES,Federal Contract Tower,5,2,15,0,22,0,3,58,0,61,5,5,73,0,83,34,0,34,117
01/22/2019,TCL,AL,ASO,ES,Federal Contract Tower,5,3,29,40,77,0,0,20,6,26,5,3,49,46,103,34,56,90,193
01/23/2019,TCL,AL,ASO,ES,Federal Contract Tower,6,5,10,0,21,0,0,0,0,0,6,5,10,0,21,0,0,0,21
01/24/2019,TCL,AL,ASO,ES,Federal Contract Tower,9,5,28,9,51,0,0,23,2,25,9,5,51,11,76,40,14,54,130
01/25/2019,TCL,AL,ASO,ES,Federal Contract Tower,10,1,26,1,38,0,0,50,7,57,10,1,76,8,95,34,2,36,131
01/26/2019,TCL,AL,ASO,ES,Federal Contract Tower,8,4,11,4,27,0,4,46,0,50,8,8,57,4,77,70,0,70,147
01/27/2019,TCL,AL,ASO,ES,Federal Contract Tower,1,6,25,4,36,0,2,41,2,45,1,8,66,6,81,92,8,100,181
01/28/2019,TCL,AL,ASO,ES,Federal Contract Tower,5,4,15,9,33,0,7,30,8,45,5,11,45,17,78,82,0,82,160
01/29/2019,TCL,AL,ASO,ES,Federal Contract Tower,3,4,18,18,43,0,1,12,0,13,3,5,30,18,56,72,6,78,134
01/30/2019,TCL,AL,ASO,ES,Federal Contract Tower,4,0,25,13,42,0,4,14,5,23,4,4,39,18,65,8,0,8,73
01/31/2019,TCL,AL,ASO,ES,Federal Contract Tower,5,7,39,28,79,5,0,47,0,52,10,7,86,28,131,70,12,82,213
02/01/2019,TCL,AL,ASO,ES,Federal Contract Tower,3,3,15,28,49,0,0,38,4,42,3,3,53,32,91,92,0,92,183
02/02/2019,TCL,AL,ASO,ES,Federal Contract Tower,6,0,14,3,23,0,0,56,5,61,6,0,70,8,84,42,6,48,132
02/03/2019,TCL,AL,ASO,ES,Federal Contract Tower,2,1,28,8,39,0,0,8,0,8,2,1,36,8,47,0,0,0,47
02/04/2019,TCL,AL,ASO,ES,Federal Contract Tower,0,6,29,16,51,0,0,6,12,18,0,6,35,28,69,32,4,36,105
02/05/2019,TCL,AL,ASO,ES,Federal Contract Tower,3,2,15,36,56,0,0,4,0,4,3,2,19,36,60,24,0,24,84
02/06/2019,TCL,AL,ASO,ES,Federal Contract Tower,4,8,26,38,76,0,4,9,2,15,4,12,35,40,91,24,0,24,115
02/07/2019,TCL,AL,ASO,ES,Federal Contract Tower,2,5,25,32,64,0,0,16,4,20,2,5,41,36,84,30,62,92,176
02/08/2019,TCL,AL,ASO,ES,Federal Contract Tower,5,3,22,12,42,0,6,28,0,34,5,9,50,12,76,48,0,48,124
02/09/2019,TCL,AL,ASO,ES,Federal Contract Tower,7,6,11,6,30,0,0,39,3,42,7,6,50,9,72,32,0,32,104
02/10/2019,TCL,AL,ASO,ES,Federal Contract Tower,3,14,26,9,52,0,2,12,0,14,3,16,38,9,66,14,0,14,80
02/11/2019,TCL,AL,ASO,ES,Federal Contract Tower,1,6,29,25,61,0,0,1,0,1,1,6,30,25,62,44,10,54,116
02/12/2019,TCL,AL,ASO,ES,Federal Contract Tower,4,7,14,4,29,0,0,3,0,3,4,7,17,4,32,0,0,0,32
02/13/2019,TCL,AL,ASO,ES,Federal Contract Tower,5,9,33,23,70,0,2,70,1,73,5,11,103,24,143,128,8,136,279
02/14/2019,TCL,AL,ASO,ES,Federal Contract Tower,2,10,23,25,60,0,0,29,6,35,2,10,52,31,95,100,6,106,201
02/15/2019,TCL,AL,ASO,ES,Federal Contract Tower,5,4,37,33,79,0,0,2,0,2,5,4,39,33,81,0,34,34,115
02/16/2019,TCL,AL,ASO,ES,Federal Contract Tower,3,3,21,2,29,0,0,18,0,18,3,3,39,2,47,60,0,60,107
02/17/2019,TCL,AL,ASO,ES,Federal Contract Tower,0,1,14,0,15,0,0,0,0,0,0,1,14,0,15,0,0,0,15
02/18/2019,TCL,AL,ASO,ES,Federal Contract Tower,3,4,21,8,36,0,2,22,14,38,3,6,43,22,74,76,6,82,156
02/19/2019,TCL,AL,ASO,ES,Federal Contract Tower,4,7,14,0,25,0,0,3,0,3,4,7,17,0,28,2,0,2,30
02/20/2019,TCL,AL,ASO,ES,Federal Contract Tower,6,6,20,0,32,0,0,0,0,0,6,6,20,0,32,0,0,0,32
02/21/2019,TCL,AL,ASO,ES,Federal Contract Tower,0,14,17,8,39,0,0,0,0,0,0,14,17,8,39,0,0,0,39
02/22/2019,TCL,AL,ASO,ES,Federal Contract Tower,0,5,13,36,54,0,0,0,0,0,0,5,13,36,54,0,0,0,54
02/23/2019,TCL,AL,ASO,ES,Federal Contract Tower,0,2,10,2,14,0,0,7,0,7,0,2,17,2,21,0,0,0,21
02/24/2019,TCL,AL,ASO,ES,Federal Contract Tower,0,2,6,4,12,0,0,24,2,26,0,2,30,6,38,26,0,26,64
02/25/2019,TCL,AL,ASO,ES,Federal Contract Tower,3,4,18,18,43,0,6,48,4,58,3,10,66,22,101,64,0,64,165
02/26/2019,TCL,AL,ASO,ES,Federal Contract Tower,0,14,23,19,56,0,0,36,8,44,0,14,59,27,100,94,12,106,206
02/27/2019,TCL,AL,ASO,ES,Federal Contract Tower,1,5,27,53,86,0,0,53,5,58,1,5,80,58,144,130,0,130,274
02/28/2019,TCL,AL,ASO,ES,Federal Contract Tower,0,5,18,14,37,0,0,4,0,4,0,5,22,14,41,14,14,28,69
03/01/2019,TCL,AL,ASO,ES,Federal Contract Tower,2,2,21,20,45,0,0,7,0,7,2,2,28,20,52,46,10,56,108
03/02/2019,TCL,AL,ASO,ES,Federal Contract Tower,0,3,22,2,27,0,0,9,0,9,0,3,31,2,36,16,0,16,52
03/03/2019,TCL,AL,ASO,ES,Federal Contract Tower,0,5,8,0,13,0,0,0,0,0,0,5,8,0,13,0,0,0,13
03/04/2019,TCL,AL,ASO,ES,Federal Contract Tower,0,6,19,23,48,0,0,7,0,7,0,6,26,23,55,20,8,28,83
03/05/2019,TCL,AL,ASO,ES,Federal Contract Tower,0,7,24,24,55,0,0,39,2,41,0,7,63,26,96,14,0,14,110
03/06/2019,TCL,AL,ASO,ES,Federal Contract Tower,0,6,21,28,55,0,1,58,10,69,0,7,79,38,124,76,8,84,208
03/07/2019,TCL,AL,ASO,ES,Federal Contract Tower,4,7,34,14,59,0,4,43,15,62,4,11,77,29,121,34,14,48,169
03/08/2019,TCL,AL,ASO,ES,Federal Contract Tower,2,8,24,20,54,0,0,21,3,24,2,8,45,23,78,78,0,78,156
03/09/2019,TCL,AL,ASO,ES,Federal Contract Tower,0,9,15,5,29,0,0,2,0,2,0,9,17,5,31,0,0,0,31
03/10/2019,TCL,AL,ASO,ES,Federal Contract Tower,2,3,14,0,19,0,2,22,0,24,2,5,36,0,43,24,0,24,67
03/11/2019,TCL,AL,ASO,ES,Federal Contract Tower,0,2,2,0,4,0,2,7,0,9,0,4,9,0,13,50,0,50,63
03/12/2019,TCL,AL,ASO,ES,Federal Contract Tower,0,2,18,39,59,0,5,60,16,81,0,7,78,55,140,78,20,98,238
03/13/2019,TCL,AL,ASO,ES,Federal Contract Tower,0,7,24,50,81,0,0,7,16,23,0,7,31,66,104,4,0,4,108
03/14/2019,TCL,AL,ASO,ES,Federal Contract Tower,2,10,8,6,26,0,0,4,0,4,2,10,12,6,30,6,0,6,36
03/15/2019,TCL,AL,ASO,ES,Federal Contract Tower,2,7,20,30,59,0,1,19,11,31,2,8,39,41,90,18,8,26,116
03/16/2019,TCL,AL,ASO,ES,Federal Contract Tower,2,7,18,0,27,0,0,34,0,34,2,7,52,0,61,42,0,42,103
03/17/2019,TCL,AL,ASO,ES,Federal Contract Tower,0,1,27,6,34,0,0,26,4,30,0,1,53,10,64,66,0,66,130
03/18/2019,TCL,AL,ASO,ES,Federal Contract Tower,0,5,23,38,66,0,1,33,2,36,0,6,56,40,102,62,8,70,172
03/19/2019,TCL,AL,ASO,ES,Federal Contract Tower,4,12,33,24,73,0,1,35,4,40,4,13,68,28,113,83,10,93,206
03/20/2019,TCL,AL,ASO,ES,Federal Contract Tower,1,3,16,21,41,0,2,83,0,85,1,5,99,21,126,92,0,92,218
03/21/2019,TCL,AL,ASO,ES,Federal Contract Tower,3,7,28,24,62,0,1,46,0,47,3,8,74,24,109,54,24,78,187
03/22/2019,TCL,AL,ASO,ES,Federal Contract Tower,0,11,32,24,67,0,0,51,6,57,0,11,83,30,124,70,28,98,222
03/23/2019,TCL,AL,ASO,ES,Federal Contract Tower,0,4,24,0,28,0,1,68,4,73,0,5,92,4,101,28,24,52,153
03/24/2019,TCL,AL,ASO,ES,Federal Contract Tower,2,10,32,0,44,0,0,46,2,48,2,10,78,2,92,86,0,86,178
03/25/2019,TCL,AL,ASO,ES,Federal Contract Tower,0,6,21,14,41,0,0,4,0,4,0,6,25,14,45,80,0,80,125
03/26/2019,TCL,AL,ASO,ES,Federal Contract Tower,2,11,21,46,80,0,0,31,2,33,2,11,52,48,113,54,14,68,181
03/27/2019,TCL,AL,ASO,ES,Federal Contract Tower,0,5,24,28,57,0,4,53,2,59,0,9,77,30,116,54,6,60,176
03/28/2019,TCL,AL,ASO,ES,Federal Contract Tower,2,2,22,15,41,0,1,47,1,49,2,3,69,16,90,84,8,92,182
03/29/2019,TCL,AL,ASO,ES,Federal Contract Tower,0,6,31,18,55,0,0,33,10,43,0,6,64,28,98,14,0,14,112
03/30/2019,TCL,AL,ASO,ES,Federal Contract Tower,0,4,16,2,22,0,0,23,0,23,0,4,39,2,45,16,0,16,61
03/31/2019,TCL,AL,ASO,ES,Federal Contract Tower,2,4,30,4,40,0,0,11,0,11,2,4,41,4,51,0,0,0,51
04/01/2019,TCL,AL,ASO,ES,Federal Contract Tower,0,4,21,18,43,0,1,29,12,42,0,5,50,30,85,76,32,108,193
04/02/2019,TCL,AL,ASO,ES,Federal Contract Tower,0,6,22,20,48,0,3,35,6,44,0,9,57,26,92,36,0,36,128
04/03/2019,TCL,AL,ASO,ES,Federal Contract Tower,0,5,13,26,44,0,0,35,14,49,0,5,48,40,93,40,6,46,139
04/04/2019,TCL,AL,ASO,ES,Federal Contract Tower,0,6,21,18,45,0,1,7,0,8,0,7,28,18,53,20,0,20,73
04/05/2019,TCL,AL,ASO,ES,Federal Contract Tower,0,9,33,30,72,0,0,10,0,10,0,9,43,30,82,22,0,22,104
04/06/2019,TCL,AL,ASO,ES,Federal Contract Tower,0,4,12,6,22,0,0,28,0,28,0,4,40,6,50,10,0,10,60
04/07/2019,TCL,AL,ASO,ES,Federal Contract Tower,0,8,16,6,30,0,0,18,0,18,0,8,34,6,48,34,0,34,82
04/08/2019,TCL,AL,ASO,ES,Federal Contract Tower,0,5,11,10,26,0,3,7,0,10,0,8,18,10,36,2,0,2,38
04/09/2019,TCL,AL,ASO,ES,Federal Contract Tower,0,3,42,16,61,0,0,24,2,26,0,3,66,18,87,66,26,92,179
04/10/2019,TCL,AL,ASO,ES,Federal Contract Tower,0,2,32,28,62,0,1,58,4,63,0,3,90,32,125,32,0,32,157
04/11/2019,TCL,AL,ASO,ES,Federal Contract Tower,0,11,20,20,51,0,1,22,13,36,0,12,42,33,87,2,0,2,89
04/12/2019,TCL,AL,ASO,ES,Federal Contract Tower,0,7,27,6,40,0,0,22,2,24,0,7,49,8,64,24,0,24,88
04/13/2019,TCL,AL,ASO,ES,Federal Contract Tower,0,9,19,0,28,0,0,6,0,6,0,9,25,0,34,16,0,16,50
04/14/2019,TCL,AL,ASO,ES,Federal Contract Tower,0,3,12,1,16,0,0,5,5,10,0,3,17,6,26,0,14,14,40
04/15/2019,TCL,AL,ASO,ES,Federal Contract Tower,0,2,16,14,32,0,1,65,6,72,0,3,81,20,104,160,18,178,282
04/16/2019,TCL,AL,ASO,ES,Federal Contract Tower,0,5,21,18,44,0,1,57,5,63,0,6,78,23,107,138,24,162,269
04/17/2019,TCL,AL,ASO,ES,Federal Contract Tower,0,4,24,20,48,0,2,16,0,18,0,6,40,20,66,52,0,52,118
04/18/2019,TCL,AL,ASO,ES,Federal Contract Tower,0,7,9,10,26,0,0,7,4,11,0,7,16,14,37,6,0,6,43
04/19/2019,TCL,AL,ASO,ES,Federal Contract Tower,0,9,22,8,39,0,0,2,2,4,0,9,24,10,43,0,0,0,43
04/20/2019,TCL,AL,ASO,ES,Federal Contract Tower,0,4,8,0,12,0,0,8,2,10,0,4,16,2,22,6,0,6,28
04/21/2019,TCL,AL,ASO,ES,Federal Contract Tower,0,5,15,4,24,0,0,35,2,37,0,5,50,6,61,50,14,64,125
04/22/2019,TCL,AL,ASO,ES,Federal Contract Tower,0,6,33,46,85,0,4,38,6,48,0,10,71,52,133,88,10,98,231
04/23/2019,TCL,AL,ASO,ES,Federal Contract Tower,0,5,21,24,50,0,2,30,12,44,0,7,51,36,94,74,6,80,174
04/24/2019,TCL,AL,ASO,ES,Federal Contract Tower,0,3,18,31,52,0,6,33,4,43,0,9,51,35,95,44,16,60,155
04/25/2019,TCL,AL,ASO,ES,Federal Contract Tower,0,7,18,3,28,0,0,1,7,8,0,7,19,10,36,2,0,2,38
04/26/2019,TCL,AL,ASO,ES,Federal Contract Tower,0,6,19,31,56,0,0,22,9,31,0,6,41,40,87,50,18,68,155
04/27/2019,TCL,AL,ASO,ES,Federal Contract Tower,0,2,13,0,15,0,0,47,3,50,0,2,60,3,65,36,0,36,101
04/28/2019,TCL,AL,ASO,ES,Federal Contract Tower,0,8,26,0,34,0,0,42,0,42,0,8,68,0,76,46,0,46,122
04/29/2019,TCL,AL,ASO,ES,Federal Contract Tower,0,3,33,22,58,0,4,20,4,28,0,7,53,26,86,78,30,108,194
04/30/2019,TCL,AL,ASO,ES,Federal Contract Tower,0,3,32,23,58,0,3,47,16,66,0,6,79,39,124,98,30,128,252
05/01/2019,TCL,AL,ASO,ES,Federal Contract Tower,0,3,35,38,76,0,5,16,2,23,0,8,51,40,99,26,18,44,143
05/02/2019,TCL,AL,ASO,ES,Federal Contract Tower,0,14,21,5,40,0,0,35,8,43,0,14,56,13,83,10,14,24,107
05/03/2019,TCL,AL,ASO,ES,Federal Contract Tower,0,15,27,38,80,0,4,35,5,44,0,19,62,43,124,14,0,14,138
05/04/2019,TCL,AL,ASO,ES,Federal Contract Tower,0,16,30,0,46,0,0,0,0,0,0,16,30,0,46,0,0,0,46
05/05/2019,TCL,AL,ASO,ES,Federal Contract Tower,0,19,28,2,49,0,0,12,0,12,0,19,40,2,61,0,0,0,61
05/06/2019,TCL,AL,ASO,ES,Federal Contract Tower,0,3,19,8,30,0,7,39,8,54,0,10,58,16,84,34,26,60,144
05/07/2019,TCL,AL,ASO,ES,Federal Contract Tower,0,1,17,30,48,0,3,61,4,68,0,4,78,34,116,108,4,112,228
05/08/2019,TCL,AL,ASO,ES,Federal Contract Tower,3,5,19,24,51,0,0,29,6,35,3,5,48,30,86,24,14,38,124
05/09/2019,TCL,AL,ASO,ES,Federal Contract Tower,2,7,18,0,27,0,0,6,0,6,2,7,24,0,33,0,0,0,33
05/10/2019,TCL,AL,ASO,ES,Federal Contract Tower,0,10,16,15,41,0,0,2,0,2,0,10,18,15,43,16,0,16,59
05/11/2019,TCL,AL,ASO,ES,Federal Contract Tower,1,2,5,0,8,0,0,2,0,2,1,2,7,0,10,0,0,0,10
05/12/2019,TCL,AL,ASO,ES,Federal Contract Tower,4,4,3,22,33,0,2,5,2,9,4,6,8,24,42,0,0,0,42
05/13/2019,TCL,AL,ASO,ES,Federal Contract Tower,0,2,16,40,58,0,2,38,4,44,0,4,54,44,102,80,0,80,182
05/14/2019,TCL,AL,ASO,ES,Federal Contract Tower,0,4,23,29,56,0,2,37,4,43,0,6,60,33,99,114,0,114,213
05/15/2019,TCL,AL,ASO,ES,Federal Contract Tower,0,6,22,22,50,0,3,25,2,30,0,9,47,24,80,46,0,46,126
05/16/2019,TCL,AL,ASO,ES,Federal Contract Tower,0,5,23,18,46,0,0,38,9,47,0,5,61,27,93,128,0,128,221
05/17/2019,TCL,AL,ASO,ES,Federal Contract Tower,0,6,23,26,55,0,0,21,12,33,0,6,44,38,88,48,18,66,154
05/18/2019,TCL,AL,ASO,ES,Federal Contract Tower,0,2,8,3,13,0,0,15,2,17,0,2,23,5,30,0,8,8,38
05/19/2019,TCL,AL,ASO,ES,Federal Contract Tower,2,4,15,9,30,0,2,7,3,12,2,6,22,12,42,4,0,4,46
05/20/2019,TCL,AL,ASO,ES,Federal Contract Tower,0,1,26,30,57,0,1,19,2,22,0,2,45,32,79,72,20,92,171
05/21/2019,TCL,AL,ASO,ES,Federal Contract Tower,0,8,27,6,41,0,1,42,4,47,0,9,69,10,88,66,2,68,156
05/22/2019,TCL,AL,ASO,ES,Federal Contract Tower,1,8,31,34,74,0,4,30,4,38,1,12,61,38,112,38,6,44,156
05/23/2019,TCL,AL,ASO,ES,Federal Contract Tower,0,9,28,35,72,0,4,52,5,61,0,13,80,40,133,36,2,38,171
05/24/2019,TCL,AL,ASO,ES,Federal Contract Tower,3,5,41,3,52,0,0,36,1,37,3,5,77,4,89,36,24,60,149
05/25/2019,TCL,AL,ASO,ES,Federal Contract Tower,3,0,15,6,24,0,0,36,4,40,3,0,51,10,64,10,2,12,76
05/26/2019,TCL,AL,ASO,ES,Federal Contract Tower,0,2,11,0,13,0,2,16,0,18,0,4,27,0,31,0,0,0,31
05/27/2019,TCL,AL,ASO,ES,Federal Contract Tower,0,3,25,6,34,0,4,22,0,26,0,7,47,6,60,12,0,12,72
05/28/2019,TCL,AL,ASO,ES,Federal Contract Tower,2,6,41,22,71,0,0,25,11,36,2,6,66,33,107,80,0,80,187
05/29/2019,TCL,AL,ASO,ES,Federal Contract Tower,0,3,32,28,63,0,2,23,2,27,0,5,55,30,90,66,48,114,204
05/30/2019,TCL,AL,ASO,ES,Federal Contract Tower,0,7,25,60,92,0,0,26,7,33,0,7,51,67,125,72,116,188,313
05/31/2019,TCL,AL,ASO,ES,Federal Contract Tower,0,0,26,25,51,0,0,40,8,48,0,0,66,33,99,64,28,92,191
06/01/2019,TCL,AL,ASO,ES,Federal Contract Tower,0,3,14,5,22,0,2,53,7,62,0,5,67,12,84,22,14,36,120
06/02/2019,TCL,AL,ASO,ES,Federal Contract Tower,0,1,25,6,32,0,2,30,0,32,0,3,55,6,64,38,0,38,102
06/03/2019,TCL,AL,ASO,ES,Federal Contract Tower,2,6,14,18,40,0,5,12,13,30,2,11,26,31,70,20,36,56,126
06/04/2019,TCL,AL,ASO,ES,Federal Contract Tower,0,4,25,20,49,0,1,32,3,36,0,5,57,23,85,92,14,106,191
06/05/2019,TCL,AL,ASO,ES,Federal Contract Tower,4,9,11,41,65,0,0,17,3,20,4,9,28,44,85,54,58,112,197
06/06/2019,TCL,AL,ASO,ES,Federal Contract Tower,2,10,11,42,65,0,0,2,0,2,2,10,13,42,67,0,0,0,67
06/07/2019,TCL,AL,ASO,ES,Federal Contract Tower,0,6,13,16,35,0,0,12,0,12,0,6,25,16,47,0,0,0,47
06/08/2019,TCL,AL,ASO,ES,Federal Contract Tower,0,1,13,0,14,0,0,14,4,18,0,1,27,4,32,8,6,14,46
06/09/2019,TCL,AL,ASO,ES,Federal Contract Tower,0,8,5,0,13,0,0,9,0,9,0,8,14,0,22,8,0,8,30
06/10/2019,TCL,AL,ASO,ES,Federal Contract Tower,0,0,17,30,47,0,4,29,12,45,0,4,46,42,92,38,10,48,140
06/11/2019,TCL,AL,ASO,ES,Federal Contract Tower,0,8,19,36,63,0,0,42,8,50,0,8,61,44,113,46,48,94,207
06/12/2019,TCL,AL,ASO,ES,Federal Contract Tower,0,5,40,24,69,0,2,36,6,44,0,7,76,30,113,100,30,130,243
06/13/2019,TCL,AL,ASO,ES,Federal Contract Tower,0,8,35,45,88,0,3,52,5,60,0,11,87,50,148,50,44,94,242
06/14/2019,TCL,AL,ASO,ES,Federal Contract Tower,0,9,18,44,71,0,6,27,4,37,0,15,45,48,108,60,22,82,190
06/15/2019,TCL,AL,ASO,ES,Federal Contract Tower,0,4,13,0,17,0,7,32,0,39,0,11,45,0,56,94,0,94,150
06/16/2019,TCL,AL,ASO,ES,Federal Contract Tower,0,5,15,10,30,0,0,16,2,18,0,5,31,12,48,8,0,8,56
06/17/2019,TCL,AL,ASO,ES,Federal Contract Tower,0,3,20,20,43,0,34,29,5,68,0,37,49,25,111,98,16,114,225
06/18/2019,TCL,AL,ASO,ES,Federal Contract Tower,0,10,19,18,47,0,0,5,0,5,0,10,24,18,52,4,16,20,72
06/19/2019,TCL,AL,ASO,ES,Federal Contract Tower,0,3,31,27,61,0,1,20,2,23,0,4,51,29,84,58,26,84,168
06/20/2019,TCL,AL,ASO,ES,Federal Contract Tower,0,9,26,12,47,0,2,23,6,31,0,11,49,18,78,58,18,76,154
06/21/2019,TCL,AL,ASO,ES,Federal Contract Tower,1,7,10,38,56,0,4,35,29,68,1,11,45,67,124,38,40,78,202
06/23/2019,TCL,AL,ASO,ES,Federal Contract Tower,0,2,25,6,33,0,0,19,3,22,0,2,44,9,55,8,4,12,67
06/24/2019,TCL,AL,ASO,ES,Federal Contract Tower,0,2,18,13,33,0,0,9,6,15,0,2,27,19,48,16,38,54,102
06/25/2019,TCL,AL,ASO,ES,Federal Contract Tower,1,5,28,26,60,0,0,37,24,61,1,5,65,50,121,140,58,198,319
06/26/2019,TCL,AL,ASO,ES,Federal Contract Tower,2,10,16,26,54,0,2,22,8,32,2,12,38,34,86,56,46,102,188
06/27/2019,TCL,AL,ASO,ES,Federal Contract Tower,3,11,20,26,60,0,0,17,6,23,3,11,37,32,83,12,34,46,129
06/28/2019,TCL,AL,ASO,ES,Federal Contract Tower,2,3,13,22,40,0,0,34,8,42,2,3,47,30,82,46,30,76,158
06/29/2019,TCL,AL,ASO,ES,Federal Contract Tower,0,2,12,5,19,0,0,21,1,22,0,2,33,6,41,18,0,18,59
06/30/2019,TCL,AL,ASO,ES,Federal Contract Tower,0,2,13,9,24,0,0,20,11,31,0,2,33,20,55,26,32,58,113
07/01/2019,TCL,AL,ASO,ES,Federal Contract Tower,0,2,8,21,31,0,2,17,9,28,0,4,25,30,59,28,78,106,165
07/02/2019,TCL,AL,ASO,ES,Federal Contract Tower,0,0,17,22,39,0,0,27,4,31,0,0,44,26,70,32,38,70,140
07/03/2019,TCL,AL,ASO,ES,Federal Contract Tower,0,1,17,26,44,0,0,18,2,20,0,1,35,28,64,90,18,108,172
07/04/2019,TCL,AL,ASO,ES,Federal Contract Tower,0,3,3,0,6,0,6,22,0,28,0,9,25,0,34,14,0,14,48
07/05/2019,TCL,AL,ASO,ES,Federal Contract Tower,0,0,7,0,7,0,0,30,4,34,0,0,37,4,41,12,20,32,73
07/06/2019,TCL,AL,ASO,ES,Federal Contract Tower,0,3,4,0,7,0,0,24,0,24,0,3,28,0,31,2,0,2,33
07/07/2019,TCL,AL,ASO,ES,Federal Contract Tower,0,1,13,0,14,0,2,25,0,27,0,3,38,0,41,20,0,20,61
07/08/2019,TCL,AL,ASO,ES,Federal Contract Tower,0,0,15,24,39,0,2,30,13,45,0,2,45,37,84,10,42,52,136
07/09/2019,TCL,AL,ASO,ES,Federal Contract Tower,0,7,22,41,70,0,2,37,4,43,0,9,59,45,113,22,40,62,175
07/10/2019,TCL,AL,ASO,ES,Federal Contract Tower,0,3,22,42,67,0,2,35,12,49,0,5,57,54,116,34,50,84,200
07/11/2019,TCL,AL,ASO,ES,Federal Contract Tower,1,2,16,40,59,0,0,21,0,21,1,2,37,40,80,12,50,62,142
07/12/2019,TCL,AL,ASO,ES,Federal Contract Tower,0,4,19,31,54,0,0,13,8,21,0,4,32,39,75,28,66,94,169
07/13/2019,TCL,AL,ASO,ES,Federal Contract Tower,0,4,5,2,11,0,1,9,0,10,0,5,14,2,21,0,0,0,21
07/14/2019,TCL,AL,ASO,ES,Federal Contract Tower,0,1,12,7,20,0,0,10,1,11,0,1,22,8,31,8,14,22,53
07/15/2019,TCL,AL,ASO,ES,Federal Contract Tower,0,3,18,8,29,0,3,6,0,9,0,6,24,8,38,0,42,42,80
07/16/2019,TCL,AL,ASO,ES,Federal Contract Tower,0,5,19,34,58,0,2,13,4,19,0,7,32,38,77,28,62,90,167
07/17/2019,TCL,AL,ASO,ES,Federal Contract Tower,0,8,25,44,77,0,2,17,10,29,0,10,42,54,106,58,108,166,272
07/18/2019,TCL,AL,ASO,ES,Federal Contract Tower,0,14,40,25,79,0,2,31,2,35,0,16,71,27,114,20,18,38,152
07/19/2019,TCL,AL,ASO,ES,Federal Contract Tower,0,8,12,19,39,0,1,26,2,29,0,9,38,21,68,50,30,80,148
07/20/2019,TCL,AL,ASO,ES,Federal Contract Tower,0,7,6,0,13,0,0,10,8,18,0,7,16,8,31,8,2,10,41
07/21/2019,TCL,AL,ASO,ES,Federal Contract Tower,0,6,16,2,24,0,0,7,0,7,0,6,23,2,31,14,0,14,45
07/22/2019,TCL,AL,ASO,ES,Federal Contract Tower,0,5,24,42,71,0,0,21,4,25,0,5,45,46,96,78,18,96,192
07/23/2019,TCL,AL,ASO,ES,Federal Contract Tower,1,14,27,36,78,0,0,12,0,12,1,14,39,36,90,22,64,86,176
07/24/2019,TCL,AL,ASO,ES,Federal Contract Tower,1,14,25,45,85,0,1,35,1,37,1,15,60,46,122,42,36,78,200
07/25/2019,TCL,AL,ASO,ES,Federal Contract Tower,0,12,23,37,72,0,0,37,9,46,0,12,60,46,118,42,80,122,240
07/26/2019,TCL,AL,ASO,ES,Federal Contract Tower,0,9,33,31,73,0,0,43,2,45,0,9,76,33,118,94,62,156,274
07/27/2019,TCL,AL,ASO,ES,Federal Contract Tower,0,8,5,4,17,0,0,29,0,29,0,8,34,4,46,30,0,30,76
07/28/2019,TCL,AL,ASO,ES,Federal Contract Tower,0,0,17,24,41,0,2,35,1,38,0,2,52,25,79,22,0,22,101
07/29/2019,TCL,AL,ASO,ES,Federal Contract Tower,0,6,22,55,83,0,2,45,1,48,0,8,67,56,131,42,122,164,295
07/30/2019,TCL,AL,ASO,ES,Federal Contract Tower,2,7,7,58,74,0,0,17,7,24,2,7,24,65,98,24,124,148,246
07/31/2019,TCL,AL,ASO,ES,Federal Contract Tower,0,10,13,12,35,0,0,11,4,15,0,10,24,16,50,20,22,42,92
08/01/2019,TCL,AL,ASO,ES,Federal Contract Tower,3,6,21,23,53,0,0,21,3,24,3,6,42,26,77,48,36,84,161
08/02/2019,TCL,AL,ASO,ES,Federal Contract Tower,1,5,23,28,57,0,0,23,6,29,1,5,46,34,86,50,52,102,188
08/03/2019,TCL,AL,ASO,ES,Federal Contract Tower,1,3,15,0,19,0,0,23,0,23,1,3,38,0,42,8,0,8,50
08/04/2019,TCL,AL,ASO,ES,Federal Contract Tower,0,1,19,4,24,0,2,6,0,8,0,3,25,4,32,8,0,8,40
08/05/2019,TCL,AL,ASO,ES,Federal Contract Tower,1,5,20,43,69,0,2,16,6,24,1,7,36,49,93,16,24,40,133
08/06/2019,TCL,AL,ASO,ES,Federal Contract Tower,4,6,20,20,50,0,4,25,7,36,4,10,45,27,86,60,52,112,198
08/07/2019,TCL,AL,ASO,ES,Federal Contract Tower,2,6,31,34,73,0,3,16,6,25,2,9,47,40,98,22,22,44,142
08/08/2019,TCL,AL,ASO,ES,Federal Contract Tower,2,8,24,15,49,0,0,18,0,18,2,8,42,15,67,34,30,64,131
08/09/2019,TCL,AL,ASO,ES,Federal Contract Tower,0,5,13,11,29,0,0,15,5,20,0,5,28,16,49,34,22,56,105
08/10/2019,TCL,AL,ASO,ES,Federal Contract Tower,1,5,15,6,27,0,0,4,3,7,1,5,19,9,34,8,0,8,42
08/11/2019,TCL,AL,ASO,ES,Federal Contract Tower,0,2,17,5,24,0,0,17,9,26,0,2,34,14,50,20,24,44,94
08/12/2019,TCL,AL,ASO,ES,Federal Contract Tower,0,3,11,23,37,0,0,30,3,33,0,3,41,26,70,88,60,148,218
08/13/2019,TCL,AL,ASO,ES,Federal Contract Tower,0,5,10,28,43,0,0,30,0,30,0,5,40,28,73,50,52,102,175
08/14/2019,TCL,AL,ASO,ES,Federal Contract Tower,0,1,16,32,49,0,1,13,4,18,0,2,29,36,67,40,50,90,157
08/15/2019,TCL,AL,ASO,ES,Federal Contract Tower,0,8,33,47,88,0,0,43,5,48,0,8,76,52,136,16,70,86,222
08/16/2019,TCL,AL,ASO,ES,Federal Contract Tower,0,8,31,25,64,0,2,41,12,55,0,10,72,37,119,22,40,62,181
08/17/2019,TCL,AL,ASO,ES,Federal Contract Tower,0,7,15,12,34,0,0,30,6,36,0,7,45,18,70,28,8,36,106
08/18/2019,TCL,AL,ASO,ES,Federal Contract Tower,0,11,25,2,38,0,0,29,2,31,0,11,54,4,69,8,0,8,77
08/19/2019,TCL,AL,ASO,ES,Federal Contract Tower,0,9,30,18,57,0,0,28,8,36,0,9,58,26,93,34,56,90,183
08/20/2019,TCL,AL,ASO,ES,Federal Contract Tower,0,8,16,31,55,0,0,19,10,29,0,8,35,41,84,30,100,130,214
08/21/2019,TCL,AL,ASO,ES,Federal Contract Tower,0,4,24,24,52,0,0,13,19,32,0,4,37,43,84,54,16,70,154
08/22/2019,TCL,AL,ASO,ES,Federal Contract Tower,0,5,19,2,26,0,2,21,5,28,0,7,40,7,54,54,22,76,130
08/23/2019,TCL,AL,ASO,ES,Federal Contract Tower,0,7,23,9,39,0,0,33,4,37,0,7,56,13,76,8,0,8,84
08/24/2019,TCL,AL,ASO,ES,Federal Contract Tower,0,4,7,1,12,0,0,19,0,19,0,4,26,1,31,14,0,14,45
08/25/2019,TCL,AL,ASO,ES,Federal Contract Tower,0,0,13,3,16,0,0,9,0,9,0,0,22,3,25,38,0,38,63
08/26/2019,TCL,AL,ASO,ES,Federal Contract Tower,0,6,7,14,27,0,0,0,0,0,0,6,7,14,27,0,0,0,27
08/27/2019,TCL,AL,ASO,ES,Federal Contract Tower,0,5,12,33,50,0,2,5,0,7,0,7,17,33,57,36,2,38,95
08/28/2019,TCL,AL,ASO,ES,Federal Contract Tower,2,0,12,24,38,0,0,32,0,32,2,0,44,24,70,88,8,96,166
08/29/2019,TCL,AL,ASO,ES,Federal Contract Tower,3,7,21,35,66,0,0,33,18,51,3,7,54,53,117,18,40,58,175
08/30/2019,TCL,AL,ASO,ES,Federal Contract Tower,2,7,26,0,35,0,0,60,2,62,2,7,86,2,97,28,0,28,125
08/31/2019,TCL,AL,ASO,ES,Federal Contract Tower,1,3,4,0,8,0,0,28,0,28,1,3,32,0,36,20,0,20,56
09/01/2019,TCL,AL,ASO,ES,Federal Contract Tower,5,3,7,0,15,0,2,19,0,21,5,5,26,0,36,0,0,0,36
09/02/2019,TCL,AL,ASO,ES,Federal Contract Tower,0,3,29,2,34,0,2,31,6,39,0,5,60,8,73,44,0,44,117
09/03/2019,TCL,AL,ASO,ES,Federal Contract Tower,0,5,22,48,75,0,6,29,8,43,0,11,51,56,118,0,68,68,186
09/04/2019,TCL,AL,ASO,ES,Federal Contract Tower,1,3,18,18,40,0,0,25,6,31,1,3,43,24,71,60,26,86,157
09/05/2019,TCL,AL,ASO,ES,Federal Contract Tower,0,4,31,32,67,0,0,32,11,43,0,4,63,43,110,40,24,64,174
09/06/2019,TCL,AL,ASO,ES,Federal Contract Tower,0,8,30,22,60,0,2,25,0,27,0,10,55,22,87,14,6,20,107
09/07/2019,TCL,AL,ASO,ES,Federal Contract Tower,0,4,32,0,36,0,0,26,2,28,0,4,58,2,64,42,0,42,106
09/08/2019,TCL,AL,ASO,ES,Federal Contract Tower,0,5,30,4,39,0,2,34,4,40,0,7,64,8,79,30,0,30,109
09/09/2019,TCL,AL,ASO,ES,Federal Contract Tower,0,4,16,46,66,0,6,26,29,61,0,10,42,75,127,46,24,70,197
09/10/2019,TCL,AL,ASO,ES,Federal Contract Tower,2,3,23,28,56,0,0,40,28,68,2,3,63,56,124,26,12,38,162
09/11/2019,TCL,AL,ASO,ES,Federal Contract Tower,1,8,20,18,47,0,0,30,5,35,1,8,50,23,82,20,42,62,144
09/12/2019,TCL,AL,ASO,ES,Federal Contract Tower,1,7,28,30,66,0,0,44,5,49,1,7,72,35,115,92,40,132,247
09/13/2019,TCL,AL,ASO,ES,Federal Contract Tower,2,8,17,40,67,0,0,29,6,35,2,8,46,46,102,14,48,62,164
09/14/2019,TCL,AL,ASO,ES,Federal Contract Tower,2,3,15,0,20,0,0,22,2,24,2,3,37,2,44,50,0,50,94
09/15/2019,TCL,AL,ASO,ES,Federal Contract Tower,3,12,20,18,53,0,3,42,4,49,3,15,62,22,102,28,2,30,132
09/16/2019,TCL,AL,ASO,ES,Federal Contract Tower,0,6,13,48,67,0,0,29,6,35,0,6,42,54,102,80,34,114,216
09/17/2019,TCL,AL,ASO,ES,Federal Contract Tower,0,9,19,42,70,0,2,31,12,45,0,11,50,54,115,45,22,67,182
09/18/2019,TCL,AL,ASO,ES,Federal Contract Tower,0,3,21,26,50,0,0,26,12,38,0,3,47,38,88,46,8,54,142
09/19/2019,TCL,AL,ASO,ES,Federal Contract Tower,1,7,31,40,79,0,1,14,8,23,1,8,45,48,102,8,54,62,164
09/20/2019,TCL,AL,ASO,ES,Federal Contract Tower,0,14,42,28,84,0,0,38,31,69,0,14,80,59,153,32,10,42,195
09/21/2019,TCL,AL,ASO,ES,Federal Contract Tower,0,9,38,0,47,0,0,70,0,70,0,9,108,0,117,28,0,28,145
09/22/2019,TCL,AL,ASO,ES,Federal Contract Tower,0,19,37,6,62,0,0,63,10,73,0,19,100,16,135,17,0,17,152
09/23/2019,TCL,AL,ASO,ES,Federal Contract Tower,0,8,27,22,57,0,0,27,24,51,0,8,54,46,108,58,28,86,194
09/24/2019,TCL,AL,ASO,ES,Federal Contract Tower,0,4,16,28,48,0,0,38,2,40,0,4,54,30,88,44,14,58,146
09/25/2019,TCL,AL,ASO,ES,Federal Contract Tower,0,10,21,29,60,0,1,27,4,32,0,11,48,33,92,16,30,46,138
09/26/2019,TCL,AL,ASO,ES,Federal Contract Tower,0,22,31,14,67,0,1,31,10,42,0,23,62,24,109,36,6,42,151
09/27/2019,TCL,AL,ASO,ES,Federal Contract Tower,0,17,36,30,83,0,0,49,0,49,0,17,85,30,132,72,0,72,204
09/28/2019,TCL,AL,ASO,ES,Federal Contract Tower,0,29,72,0,101,0,0,27,8,35,0,29,99,8,136,22,0,22,158
09/29/2019,TCL,AL,ASO,ES,Federal Contract Tower,0,21,82,4,107,0,0,43,0,43,0,21,125,4,150,2,0,2,152
09/30/2019,TCL,AL,ASO,ES,Federal Contract Tower,0,7,31,18,56,0,4,33,0,37,0,11,64,18,93,90,8,98,191
10/01/2019,TCL,AL,ASO,ES,Federal Contract Tower,0,5,22,14,41,0,5,42,0,47,0,10,64,14,88,48,0,48,136
10/02/2019,TCL,AL,ASO,ES,Federal Contract Tower,2,5,26,24,57,0,1,59,3,63,2,6,85,27,120,144,8,152,272
10/03/2019,TCL,AL,ASO,ES,Federal Contract Tower,0,8,32,22,62,0,0,44,4,48,0,8,76,26,110,32,0,32,142
10/04/2019,TCL,AL,ASO,ES,Federal Contract Tower,0,6,27,37,70,0,1,40,4,45,0,7,67,41,115,4,0,4,119
10/05/2019,TCL,AL,ASO,ES,Federal Contract Tower,0,3,10,0,13,0,0,31,0,31,0,3,41,0,44,50,0,50,94
10/06/2019,TCL,AL,ASO,ES,Federal Contract Tower,0,4,16,3,23,0,0,17,1,18,0,4,33,4,41,35,0,35,76
10/07/2019,TCL,AL,ASO,ES,Federal Contract Tower,0,4,12,11,27,0,0,9,0,9,0,4,21,11,36,32,8,40,76
10/08/2019,TCL,AL,ASO,ES,Federal Contract Tower,0,6,21,31,58,0,2,9,3,14,0,8,30,34,72,8,44,52,124
10/09/2019,TCL,AL,ASO,ES,Federal Contract Tower,1,7,34,36,78,0,0,31,17,48,1,7,65,53,126,76,0,76,202
10/10/2019,TCL,AL,ASO,ES,Federal Contract Tower,1,6,32,26,65,1,0,57,2,60,2,6,89,28,125,62,0,62,187
10/11/2019,TCL,AL,ASO,ES,Federal Contract Tower,2,11,24,13,50,0,0,35,3,38,2,11,59,16,88,100,16,116,204
10/12/2019,TCL,AL,ASO,ES,Federal Contract Tower,0,1,13,0,14,0,0,9,0,9,0,1,22,0,23,0,0,0,23
10/13/2019,TCL,AL,ASO,ES,Federal Contract Tower,2,9,17,4,32,0,0,13,0,13,2,9,30,4,45,40,0,40,85
10/14/2019,TCL,AL,ASO,ES,Federal Contract Tower,0,4,19,0,23,0,2,25,0,27,0,6,44,0,50,14,0,14,64
10/15/2019,TCL,AL,ASO,ES,Federal Contract Tower,0,9,23,4,36,0,0,8,0,8,0,9,31,4,44,0,0,0,44
10/16/2019,TCL,AL,ASO,ES,Federal Contract Tower,0,16,13,32,61,0,0,17,1,18,0,16,30,33,79,112,0,112,191
10/17/2019,TCL,AL,ASO,ES,Federal Contract Tower,0,8,25,13,46,0,3,57,2,62,0,11,82,15,108,84,18,102,210
10/18/2019,TCL,AL,ASO,ES,Federal Contract Tower,0,16,39,7,62,0,0,45,2,47,0,16,84,9,109,28,22,50,159
10/19/2019,TCL,AL,ASO,ES,Federal Contract Tower,2,20,85,0,107,0,0,27,0,27,2,20,112,0,134,16,0,16,150
10/20/2019,TCL,AL,ASO,ES,Federal Contract Tower,1,28,67,17,113,0,8,12,1,21,1,36,79,18,134,0,0,0,134
10/21/2019,TCL,AL,ASO,ES,Federal Contract Tower,0,11,21,0,32,0,0,5,0,5,0,11,26,0,37,20,0,20,57
10/22/2019,TCL,AL,ASO,ES,Federal Contract Tower,0,8,27,28,63,0,0,33,4,37,0,8,60,32,100,54,10,64,164
10/23/2019,TCL,AL,ASO,ES,Federal Contract Tower,0,12,27,21,60,0,0,56,9,65,0,12,83,30,125,78,14,92,217
10/24/2019,TCL,AL,ASO,ES,Federal Contract Tower,0,10,45,15,70,0,0,30,9,39,0,10,75,24,109,110,24,134,243
10/25/2019,TCL,AL,ASO,ES,Federal Contract Tower,1,8,38,3,50,0,0,0,0,0,1,8,38,3,50,0,0,0,50
10/27/2019,TCL,AL,ASO,ES,Federal Contract Tower,0,12,43,7,62,0,2,8,0,10,0,14,51,7,72,38,0,38,110
10/28/2019,TCL,AL,ASO,ES,Federal Contract Tower,0,2,28,64,94,0,0,5,6,11,0,2,33,70,105,12,84,96,201
10/29/2019,TCL,AL,ASO,ES,Federal Contract Tower,0,15,18,47,80,0,2,19,2,23,0,17,37,49,103,60,102,162,265
10/30/2019,TCL,AL,ASO,ES,Federal Contract Tower,0,10,22,5,37,0,0,0,0,0,0,10,22,5,37,2,0,2,39
10/31/2019,TCL,AL,ASO,ES,Federal Contract Tower,0,16,16,4,36,0,0,7,0,7,0,16,23,4,43,0,0,0,43
11/01/2019,TCL,AL,ASO,ES,Federal Contract Tower,0,10,13,22,45,0,0,38,0,38,0,10,51,22,83,20,38,58,141
11/02/2019,TCL,AL,ASO,ES,Federal Contract Tower,0,7,18,4,29,0,2,30,1,33,0,9,48,5,62,68,0,68,130
11/03/2019,TCL,AL,ASO,ES,Federal Contract Tower,0,14,39,9,62,0,2,33,6,41,0,16,72,15,103,42,0,42,145
11/04/2019,TCL,AL,ASO,ES,Federal Contract Tower,0,13,19,16,48,0,3,20,6,29,0,16,39,22,77,50,18,68,145
11/05/2019,TCL,AL,ASO,ES,Federal Contract Tower,1,10,13,31,55,0,0,22,6,28,1,10,35,37,83,12,38,50,133
11/06/2019,TCL,AL,ASO,ES,Federal Contract Tower,0,8,22,19,49,0,3,36,9,48,0,11,58,28,97,98,26,124,221
11/07/2019,TCL,AL,ASO,ES,Federal Contract Tower,0,22,30,24,76,0,0,4,1,5,0,22,34,25,81,18,18,36,117
11/08/2019,TCL,AL,ASO,ES,Federal Contract Tower,0,39,98,18,155,0,2,50,4,56,0,41,148,22,211,14,0,14,225
11/09/2019,TCL,AL,ASO,ES,Federal Contract Tower,3,68,195,3,269,0,4,75,9,88,3,72,270,12,357,122,0,122,479
11/10/2019,TCL,AL,ASO,ES,Federal Contract Tower,0,56,84,0,140,0,4,61,0,65,0,60,145,0,205,12,0,12,217
11/11/2019,TCL,AL,ASO,ES,Federal Contract Tower,1,1,14,0,16,0,0,17,0,17,1,1,31,0,33,12,0,12,45
11/12/2019,TCL,AL,ASO,ES,Federal Contract Tower,1,9,16,4,30,0,1,2,0,3,1,10,18,4,33,0,0,0,33
11/13/2019,TCL,AL,ASO,ES,Federal Contract Tower,0,8,11,8,27,0,0,20,5,25,0,8,31,13,52,34,0,34,86
11/14/2019,TCL,AL,ASO,ES,Federal Contract Tower,2,16,26,22,66,0,0,23,2,25,2,16,49,24,91,30,10,40,131
11/15/2019,TCL,AL,ASO,ES,Federal Contract Tower,0,2,23,13,38,0,0,35,8,43,0,2,58,21,81,16,2,18,99
11/16/2019,TCL,AL,ASO,ES,Federal Contract Tower,1,6,12,1,20,0,2,52,4,58,1,8,64,5,78,30,0,30,108
11/17/2019,TCL,AL,ASO,ES,Federal Contract Tower,0,10,13,2,25,0,0,37,4,41,0,10,50,6,66,42,0,42,108
11/18/2019,TCL,AL,ASO,ES,Federal Contract Tower,0,6,15,24,45,0,4,20,10,34,0,10,35,34,79,30,10,40,119
11/19/2019,TCL,AL,ASO,ES,Federal Contract Tower,0,10,17,34,61,0,2,21,2,25,0,12,38,36,86,48,36,84,170
11/20/2019,TCL,AL,ASO,ES,Federal Contract Tower,0,4,15,35,54,0,0,25,5,30,0,4,40,40,84,68,10,78,162
11/21/2019,TCL,AL,ASO,ES,Federal Contract Tower,0,10,21,30,61,0,0,23,0,23,0,10,44,30,84,60,30,90,174
11/22/2019,TCL,AL,ASO,ES,Federal Contract Tower,0,7,42,29,78,0,0,10,1,11,0,7,52,30,89,0,30,30,119
11/23/2019,TCL,AL,ASO,ES,Federal Contract Tower,0,9,26,0,35,0,0,2,0,2,0,9,28,0,37,0,0,0,37
11/25/2019,TCL,AL,ASO,ES,Federal Contract Tower,1,5,19,18,43,0,0,29,6,35,1,5,48,24,78,20,10,30,108
11/26/2019,TCL,AL,ASO,ES,Federal Contract Tower,0,10,49,36,95,0,0,30,2,32,0,10,79,38,127,16,78,94,221
11/27/2019,TCL,AL,ASO,ES,Federal Contract Tower,0,3,23,12,38,0,4,15,2,21,0,7,38,14,59,16,12,28,87
11/28/2019,TCL,AL,ASO,ES,Federal Contract Tower,0,0,2,0,2,0,0,19,0,19,0,0,21,0,21,0,0,0,21
11/29/2019,TCL,AL,ASO,ES,Federal Contract Tower,0,1,19,0,20,0,0,25,2,27,0,1,44,2,47,20,0,20,67
11/30/2019,TCL,AL,ASO,ES,Federal Contract Tower,0,6,27,0,33,0,8,5,0,13,0,14,32,0,46,6,0,6,52
12/01/2019,TCL,AL,ASO,ES,Federal Contract Tower,0,12,12,0,24,0,0,15,0,15,0,12,27,0,39,0,0,0,39
12/02/2019,TCL,AL,ASO,ES,Federal Contract Tower,0,3,26,16,45,0,2,15,10,27,0,5,41,26,72,24,18,42,114
12/03/2019,TCL,AL,ASO,ES,Federal Contract Tower,0,5,22,12,39,0,4,34,2,40,0,9,56,14,79,30,10,40,119
12/04/2019,TCL,AL,ASO,ES,Federal Contract Tower,0,7,15,12,34,0,0,35,3,38,0,7,50,15,72,44,10,54,126
12/05/2019,TCL,AL,ASO,ES,Federal Contract Tower,0,4,16,22,42,0,4,25,5,34,0,8,41,27,76,50,4,54,130
12/06/2019,TCL,AL,ASO,ES,Federal Contract Tower,0,4,25,28,57,0,0,3,0,3,0,4,28,28,60,50,0,50,110
12/07/2019,TCL,AL,ASO,ES,Federal Contract Tower,0,0,10,6,16,0,0,29,2,31,0,0,39,8,47,58,52,110,157
12/08/2019,TCL,AL,ASO,ES,Federal Contract Tower,0,3,17,14,34,0,0,15,0,15,0,3,32,14,49,8,6,14,63
12/09/2019,TCL,AL,ASO,ES,Federal Contract Tower,0,1,27,44,72,0,0,11,0,11,0,1,38,44,83,8,80,88,171
12/10/2019,TCL,AL,ASO,ES,Federal Contract Tower,0,4,15,0,19,0,0,0,0,0,0,4,15,0,19,0,0,0,19
12/11/2019,TCL,AL,ASO,ES,Federal Contract Tower,0,11,27,18,56,0,0,32,6,38,0,11,59,24,94,38,18,56,150
12/12/2019,TCL,AL,ASO,ES,Federal Contract Tower,0,11,34,16,61,0,0,22,0,22,0,11,56,16,83,0,46,46,129
12/13/2019,TCL,AL,ASO,ES,Federal Contract Tower,2,9,26,0,37,0,0,0,0,0,2,9,26,0,37,0,0,0,37
12/14/2019,TCL,AL,ASO,ES,Federal Contract Tower,2,10,14,13,39,0,0,15,0,15,2,10,29,13,54,46,0,46,100
12/15/2019,TCL,AL,ASO,ES,Federal Contract Tower,1,3,35,9,48,0,2,20,2,24,1,5,55,11,72,28,18,46,118
12/16/2019,TCL,AL,ASO,ES,Federal Contract Tower,0,3,7,1,11,0,0,2,1,3,0,3,9,2,14,4,0,4,18
12/17/2019,TCL,AL,ASO,ES,Federal Contract Tower,0,7,19,14,40,0,0,6,2,8,0,7,25,16,48,2,0,2,50
12/18/2019,TCL,AL,ASO,ES,Federal Contract Tower,0,10,28,21,59,0,0,30,5,35,0,10,58,26,94,18,36,54,148
12/19/2019,TCL,AL,ASO,ES,Federal Contract Tower,0,10,20,35,65,0,0,31,8,39,0,10,51,43,104,46,10,56,160
12/20/2019,TCL,AL,ASO,ES,Federal Contract Tower,0,3,11,0,14,0,4,32,0,36,0,7,43,0,50,70,0,70,120
12/21/2019,TCL,AL,ASO,ES,Federal Contract Tower,0,1,15,0,16,0,0,9,0,9,0,1,24,0,25,0,0,0,25
12/22/2019,TCL,AL,ASO,ES,Federal Contract Tower,0,5,8,0,13,0,0,0,0,0,0,5,8,0,13,0,0,0,13
12/23/2019,TCL,AL,ASO,ES,Federal Contract Tower,0,2,16,0,18,0,0,2,0,2,0,2,18,0,20,4,0,4,24
12/24/2019,TCL,AL,ASO,ES,Federal Contract Tower,0,1,4,0,5,0,0,15,0,15,0,1,19,0,20,20,0,20,40
12/25/2019,TCL,AL,ASO,ES,Federal Contract Tower,0,0,2,0,2,0,2,25,0,27,0,2,27,0,29,8,0,8,37
12/26/2019,TCL,AL,ASO,ES,Federal Contract Tower,4,7,14,0,25,0,0,40,0,40,4,7,54,0,65,18,0,18,83
12/27/2019,TCL,AL,ASO,ES,Federal Contract Tower,0,1,18,2,21,0,0,16,2,18,0,1,34,4,39,14,4,18,57
12/28/2019,TCL,AL,ASO,ES,Federal Contract Tower,0,7,14,0,21,0,0,5,0,5,0,7,19,0,26,18,0,18,44
12/29/2019,TCL,AL,ASO,ES,Federal Contract Tower,1,2,12,0,15,0,0,0,0,0,1,2,12,0,15,0,0,0,15
12/30/2019,TCL,AL,ASO,ES,Federal Contract Tower,1,2,20,0,23,0,5,33,2,40,1,7,53,2,63,70,0,70,133
12/31/2019,TCL,AL,ASO,ES,Federal Contract Tower,0,1,15,1,17,0,1,24,1,26,0,2,39,2,43,10,6,16,59
01/01/2020,TCL,AL,ASO,ES,Federal Contract Tower,1,7,15,0,23,0,0,16,0,16,1,7,31,0,39,6,0,6,45
01/02/2020,TCL,AL,ASO,ES,Federal Contract Tower,4,6,12,0,22,0,0,0,0,0,4,6,12,0,22,0,0,0,22
01/03/2020,TCL,AL,ASO,ES,Federal Contract Tower,1,3,10,0,14,0,0,0,0,0,1,3,10,0,14,0,0,0,14
01/04/2020,TCL,AL,ASO,ES,Federal Contract Tower,1,3,7,0,11,0,0,13,4,17,1,3,20,4,28,4,16,20,48
01/05/2020,TCL,AL,ASO,ES,Federal Contract Tower,2,6,13,0,21,0,4,43,2,49,2,10,56,2,70,38,0,38,108
01/06/2020,TCL,AL,ASO,ES,Federal Contract Tower,0,9,24,20,53,0,0,39,10,49,0,9,63,30,102,48,20,68,170
01/07/2020,TCL,AL,ASO,ES,Federal Contract Tower,0,9,12,14,35,0,1,12,2,15,0,10,24,16,50,4,14,18,68
01/08/2020,TCL,AL,ASO,ES,Federal Contract Tower,1,9,14,32,56,0,0,29,2,31,1,9,43,34,87,34,58,92,179
01/09/2020,TCL,AL,ASO,ES,Federal Contract Tower,0,6,28,22,56,0,0,19,0,19,0,6,47,22,75,10,0,10,85
01/10/2020,TCL,AL,ASO,ES,Federal Contract Tower,2,5,11,6,24,0,0,6,4,10,2,5,17,10,34,2,10,12,46
01/11/2020,TCL,AL,ASO,ES,Federal Contract Tower,2,4,2,0,8,0,0,2,0,2,2,4,4,0,10,8,0,8,18
01/12/2020,TCL,AL,ASO,ES,Federal Contract Tower,0,2,7,0,9,0,0,24,2,26,0,2,31,2,35,36,0,36,71
01/13/2020,TCL,AL,ASO,ES,Federal Contract Tower,0,1,12,10,23,0,0,4,0,4,0,1,16,10,27,44,10,54,81
01/14/2020,TCL,AL,ASO,ES,Federal Contract Tower,0,12,15,8,35,0,0,1,0,1,0,12,16,8,36,0,0,0,36
01/15/2020,TCL,AL,ASO,ES,Federal Contract Tower,0,7,24,18,49,0,0,1,0,1,0,7,25,18,50,8,0,8,58
01/16/2020,TCL,AL,ASO,ES,Federal Contract Tower,2,8,16,25,51,0,0,11,8,19,2,8,27,33,70,22,30,52,122
01/17/2020,TCL,AL,ASO,ES,Federal Contract Tower,1,14,30,36,81,0,4,32,4,40,1,18,62,40,121,24,94,118,239
01/18/2020,TCL,AL,ASO,ES,Federal Contract Tower,2,5,4,3,14,0,0,2,0,2,2,5,6,3,16,0,0,0,16
01/19/2020,TCL,AL,ASO,ES,Federal Contract Tower,3,7,3,4,17,0,3,12,2,17,3,10,15,6,34,0,0,0,34
01/20/2020,TCL,AL,ASO,ES,Federal Contract Tower,0,3,13,2,18,0,1,25,6,32,0,4,38,8,50,20,10,30,80
01/21/2020,TCL,AL,ASO,ES,Federal Contract Tower,2,6,30,10,48,0,0,19,4,23,2,6,49,14,71,44,12,56,127
01/22/2020,TCL,AL,ASO,ES,Federal Contract Tower,2,3,19,26,50,0,4,25,14,43,2,7,44,40,93,18,16,34,127
01/23/2020,TCL,AL,ASO,ES,Federal Contract Tower,2,14,27,18,61,0,0,0,0,0,2,14,27,18,61,0,8,8,69
01/24/2020,TCL,AL,ASO,ES,Federal Contract Tower,0,6,19,38,63,0,2,16,0,18,0,8,35,38,81,20,100,120,201
01/25/2020,TCL,AL,ASO,ES,Federal Contract Tower,4,1,14,0,19,0,0,23,8,31,4,1,37,8,50,46,0,46,96
01/26/2020,TCL,AL,ASO,ES,Federal Contract Tower,1,3,17,8,29,0,4,12,4,20,1,7,29,12,49,0,14,14,63
01/27/2020,TCL,AL,ASO,ES,Federal Contract Tower,1,0,29,28,58,0,0,13,2,15,1,0,42,30,73,2,38,40,113
01/28/2020,TCL,AL,ASO,ES,Federal Contract Tower,1,1,26,8,36,0,0,48,1,49,1,1,74,9,85,12,38,50,135
01/29/2020,TCL,AL,ASO,ES,Federal Contract Tower,0,13,20,63,96,0,0,11,2,13,0,13,31,65,109,6,22,28,137
01/30/2020,TCL,AL,ASO,ES,Federal Contract Tower,2,8,39,32,81,0,0,47,6,53,2,8,86,38,134,50,84,134,268
01/31/2020,TCL,AL,ASO,ES,Federal Contract Tower,2,10,20,33,65,0,0,11,2,13,2,10,31,35,78,18,146,164,242
02/01/2020,TCL,AL,ASO,ES,Federal Contract Tower,3,4,14,0,21,0,0,9,4,13,3,4,23,4,34,0,0,0,34
02/02/2020,TCL,AL,ASO,ES,Federal Contract Tower,1,3,13,1,18,0,2,58,9,69,1,5,71,10,87,68,34,102,189
02/03/2020,TCL,AL,ASO,ES,Federal Contract Tower,1,3,37,19,60,0,4,26,10,40,1,7,63,29,100,16,22,38,138
02/04/2020,TCL,AL,ASO,ES,Federal Contract Tower,0,6,25,6,37,0,1,2,0,3,0,7,27,6,40,0,0,0,40
02/05/2020,TCL,AL,ASO,ES,Federal Contract Tower,2,3,12,0,17,0,0,0,0,0,2,3,12,0,17,0,0,0,17
02/06/2020,TCL,AL,ASO,ES,Federal Contract Tower,0,8,20,0,28,0,0,0,0,0,0,8,20,0,28,0,0,0,28
02/07/2020,TCL,AL,ASO,ES,Federal Contract Tower,2,6,41,8,57,0,2,32,40,74,2,8,73,48,131,26,0,26,157
02/08/2020,TCL,AL,ASO,ES,Federal Contract Tower,0,0,7,4,11,0,0,57,1,58,0,0,64,5,69,126,30,156,225
02/09/2020,TCL,AL,ASO,ES,Federal Contract Tower,1,0,23,8,32,0,0,37,9,46,1,0,60,17,78,30,0,30,108
02/10/2020,TCL,AL,ASO,ES,Federal Contract Tower,0,0,7,0,7,0,0,0,0,0,0,0,7,0,7,0,0,0,7
02/11/2020,TCL,AL,ASO,ES,Federal Contract Tower,0,0,13,9,22,0,0,0,16,16,0,0,13,25,38,0,2,2,40
02/12/2020,TCL,AL,ASO,ES,Federal Contract Tower,0,7,12,0,19,0,0,0,1,1,0,7,12,1,20,0,0,0,20
02/13/2020,TCL,AL,ASO,ES,Federal Contract Tower,0,6,25,26,57,0,0,3,4,7,0,6,28,30,64,2,12,14,78
02/14/2020,TCL,AL,ASO,ES,Federal Contract Tower,2,5,29,26,62,0,0,33,7,40,2,5,62,33,102,28,20,48,150
02/15/2020,TCL,AL,ASO,ES,Federal Contract Tower,5,5,12,0,22,0,0,50,4,54,5,5,62,4,76,50,8,58,134
02/16/2020,TCL,AL,ASO,ES,Federal Contract Tower,0,5,10,6,21,0,0,15,2,17,0,5,25,8,38,14,0,14,52
02/17/2020,TCL,AL,ASO,ES,Federal Contract Tower,0,2,8,4,14,0,0,4,0,4,0,2,12,4,18,6,0,6,24
02/18/2020,TCL,AL,ASO,ES,Federal Contract Tower,1,3,19,0,23,0,0,0,0,0,1,3,19,0,23,0,0,0,23
02/19/2020,TCL,AL,ASO,ES,Federal Contract Tower,0,12,20,20,52,0,2,0,0,2,0,14,20,20,54,2,0,2,56
02/20/2020,TCL,AL,ASO,ES,Federal Contract Tower,1,18,14,0,33,0,0,2,0,2,1,18,16,0,35,0,0,0,35
02/21/2020,TCL,AL,ASO,ES,Federal Contract Tower,0,1,21,10,32,0,0,24,8,32,0,1,45,18,64,10,24,34,98
02/22/2020,TCL,AL,ASO,ES,Federal Contract Tower,0,2,20,0,22,0,0,44,8,52,0,2,64,8,74,88,0,88,162
02/23/2020,TCL,AL,ASO,ES,Federal Contract Tower,0,5,14,9,28,0,0,32,5,37,0,5,46,14,65,42,0,42,107
02/24/2020,TCL,AL,ASO,ES,Federal Contract Tower,0,5,16,18,39,0,0,0,0,0,0,5,16,18,39,0,54,54,93
02/25/2020,TCL,AL,ASO,ES,Federal Contract Tower,0,7,22,26,55,0,2,20,0,22,0,9,42,26,77,30,42,72,149
02/26/2020,TCL,AL,ASO,ES,Federal Contract Tower,2,5,20,10,37,0,0,2,0,2,2,5,22,10,39,0,26,26,65
02/27/2020,TCL,AL,ASO,ES,Federal Contract Tower,2,8,34,26,70,0,0,32,6,38,2,8,66,32,108,22,38,60,168
02/28/2020,TCL,AL,ASO,ES,Federal Contract Tower,1,11,42,14,68,0,0,16,2,18,1,11,58,16,86,21,36,57,143
02/29/2020,TCL,AL,ASO,ES,Federal Contract Tower,4,7,10,0,21,0,0,55,2,57,4,7,65,2,78,74,0,74,152
03/01/2020,TCL,AL,ASO,ES,Federal Contract Tower,3,7,19,0,29,0,2,38,0,40,3,9,57,0,69,36,0,36,105
03/02/2020,TCL,AL,ASO,ES,Federal Contract Tower,3,1,19,8,31,0,0,3,0,3,3,1,22,8,34,26,16,42,76
03/03/2020,TCL,AL,ASO,ES,Federal Contract Tower,0,5,9,3,17,0,3,8,1,12,0,8,17,4,29,2,0,2,31
03/04/2020,TCL,AL,ASO,ES,Federal Contract Tower,4,3,14,0,21,0,0,0,0,0,4,3,14,0,21,0,0,0,21
03/05/2020,TCL,AL,ASO,ES,Federal Contract Tower,0,6,30,0,36,0,0,6,0,6,0,6,36,0,42,14,0,14,56
03/06/2020,TCL,AL,ASO,ES,Federal Contract Tower,2,4,27,27,60,0,0,36,28,64,2,4,63,55,124,30,4,34,158
03/07/2020,TCL,AL,ASO,ES,Federal Contract Tower,2,1,12,0,15,0,0,73,3,76,2,1,85,3,91,90,0,90,181
03/08/2020,TCL,AL,ASO,ES,Federal Contract Tower,0,3,17,9,29,0,2,40,10,52,0,5,57,19,81,42,0,42,123
03/09/2020,TCL,AL,ASO,ES,Federal Contract Tower,0,6,19,8,33,0,2,30,6,38,0,8,49,14,71,34,0,34,105
03/10/2020,TCL,AL,ASO,ES,Federal Contract Tower,0,5,18,6,29,0,0,6,0,6,0,5,24,6,35,8,6,14,49
03/11/2020,TCL,AL,ASO,ES,Federal Contract Tower,0,7,16,6,29,0,0,4,0,4,0,7,20,6,33,16,0,16,49
03/12/2020,TCL,AL,ASO,ES,Federal Contract Tower,0,7,14,19,40,0,0,11,13,24,0,7,25,32,64,54,86,140,204
03/13/2020,TCL,AL,ASO,ES,Federal Contract Tower,0,7,29,16,52,0,0,19,2,21,0,7,48,18,73,14,14,28,101
03/14/2020,TCL,AL,ASO,ES,Federal Contract Tower,0,7,22,17,46,0,0,26,10,36,0,7,48,27,82,44,50,94,176
03/15/2020,TCL,AL,ASO,ES,Federal Contract Tower,0,3,10,4,17,0,0,4,6,10,0,3,14,10,27,0,0,0,27
03/16/2020,TCL,AL,ASO,ES,Federal Contract Tower,0,9,11,46,66,0,2,18,0,20,0,11,29,46,86,20,106,126,212
03/17/2020,TCL,AL,ASO,ES,Federal Contract Tower,0,0,8,26,34,0,0,6,2,8,0,0,14,28,42,18,18,36,78
03/18/2020,TCL,AL,ASO,ES,Federal Contract Tower,0,3,5,40,48,0,0,13,6,19,0,3,18,46,67,12,122,134,201
03/19/2020,TCL,AL,ASO,ES,Federal Contract Tower,0,5,11,21,37,0,2,7,0,9,0,7,18,21,46,0,38,38,84
03/20/2020,TCL,AL,ASO,ES,Federal Contract Tower,0,5,5,24,34,0,0,5,0,5,0,5,10,24,39,4,66,70,109
03/21/2020,TCL,AL,ASO,ES,Federal Contract Tower,0,3,9,0,12,0,0,7,0,7,0,3,16,0,19,0,0,0,19
03/22/2020,TCL,AL,ASO,ES,Federal Contract Tower,0,0,5,0,5,0,0,10,0,10,0,0,15,0,15,8,0,8,23
03/23/2020,TCL,AL,ASO,ES,Federal Contract Tower,0,0,0,12,12,0,0,0,0,0,0,0,0,12,12,2,6,8,20
03/24/2020,TCL,AL,ASO,ES,Federal Contract Tower,0,0,2,8,10,0,2,5,0,7,0,2,7,8,17,8,0,8,25
03/25/2020,TCL,AL,ASO,ES,Federal Contract Tower,0,4,2,6,12,0,0,28,2,30,0,4,30,8,42,84,0,84,126
03/26/2020,TCL,AL,ASO,ES,Federal Contract Tower,0,7,10,6,23,0,1,36,0,37,0,8,46,6,60,56,18,74,134
03/27/2020,TCL,AL,ASO,ES,Federal Contract Tower,0,0,3,4,7,0,0,29,10,39,0,0,32,14,46,30,10,40,86
03/28/2020,TCL,AL,ASO,ES,Federal Contract Tower,0,0,2,8,10,0,0,8,6,14,0,0,10,14,24,4,10,14,38
03/29/2020,TCL,AL,ASO,ES,Federal Contract Tower,0,0,10,0,10,0,0,15,2,17,0,0,25,2,27,12,0,12,39
03/30/2020,TCL,AL,ASO,ES,Federal Contract Tower,0,1,7,10,18,0,2,11,20,33,0,3,18,30,51,18,14,32,83
03/31/2020,TCL,AL,ASO,ES,Federal Contract Tower,0,0,2,12,14,0,2,3,0,5,0,2,5,12,19,6,20,26,45
04/01/2020,TCL,AL,ASO,ES,Federal Contract Tower,0,2,3,10,15,0,0,127,14,141,0,2,130,24,156,24,0,24,180
04/02/2020,TCL,AL,ASO,ES,Federal Contract Tower,0,0,9,2,11,0,2,67,2,71,0,2,76,4,82,36,0,36,118
04/03/2020,TCL,AL,ASO,ES,Federal Contract Tower,0,0,5,2,7,0,4,24,16,44,0,4,29,18,51,32,0,32,83
04/04/2020,TCL,AL,ASO,ES,Federal Contract Tower,0,0,2,6,8,0,2,22,2,26,0,2,24,8,34,18,6,24,58
04/05/2020,TCL,AL,ASO,ES,Federal Contract Tower,0,0,6,0,6,0,2,13,0,15,0,2,19,0,21,0,0,0,21
04/06/2020,TCL,AL,ASO,ES,Federal Contract Tower,0,0,3,10,13,0,2,14,10,26,0,2,17,20,39,26,0,26,65
04/07/2020,TCL,AL,ASO,ES,Federal Contract Tower,0,0,3,4,7,0,0,2,0,2,0,0,5,4,9,10,0,10,19
04/08/2020,TCL,AL,ASO,ES,Federal Contract Tower,0,0,9,4,13,0,1,8,0,9,0,1,17,4,22,4,0,4,26
04/09/2020,TCL,AL,ASO,ES,Federal Contract Tower,0,0,5,4,9,0,0,21,0,21,0,0,26,4,30,22,14,36,66
04/10/2020,TCL,AL,ASO,ES,Federal Contract Tower,0,1,3,6,10,0,2,25,2,29,0,3,28,8,39,59,12,71,110
04/11/2020,TCL,AL,ASO,ES,Federal Contract Tower,1,1,3,8,13,0,0,23,4,27,1,1,26,12,40,2,10,12,52
04/12/2020,TCL,AL,ASO,ES,Federal Contract Tower,0,1,1,0,2,0,0,0,0,0,0,1,1,0,2,2,0,2,4
04/13/2020,TCL,AL,ASO,ES,Federal Contract Tower,0,1,2,6,9,0,0,13,0,13,0,1,15,6,22,6,2,8,30
04/14/2020,TCL,AL,ASO,ES,Federal Contract Tower,0,0,2,16,18,0,0,30,0,30,0,0,32,16,48,22,0,22,70
04/15/2020,TCL,AL,ASO,ES,Federal Contract Tower,0,0,7,12,19,0,0,22,2,24,0,0,29,14,43,44,0,44,87
04/16/2020,TCL,AL,ASO,ES,Federal Contract Tower,0,2,5,4,11,0,0,38,0,38,0,2,43,4,49,56,0,56,105
04/17/2020,TCL,AL,ASO,ES,Federal Contract Tower,0,1,1,10,12,0,0,25,4,29,0,1,26,14,41,16,2,18,59
04/18/2020,TCL,AL,ASO,ES,Federal Contract Tower,0,2,2,8,12,0,8,22,0,30,0,10,24,8,42,8,2,10,52
04/19/2020,TCL,AL,ASO,ES,Federal Contract Tower,0,0,0,0,0,0,0,0,0,0,0,0,0,0,0,0,0,0,0
04/20/2020,TCL,AL,ASO,ES,Federal Contract Tower,0,0,8,10,18,0,0,16,0,16,0,0,24,10,34,54,8,62,96
04/21/2020,TCL,AL,ASO,ES,Federal Contract Tower,0,0,0,14,14,0,3,32,0,35,0,3,32,14,49,54,32,86,135
04/22/2020,TCL,AL,ASO,ES,Federal Contract Tower,0,0,4,6,10,0,0,19,0,19,0,0,23,6,29,56,0,56,85
04/23/2020,TCL,AL,ASO,ES,Federal Contract Tower,0,0,4,6,10,0,0,5,0,5,0,0,9,6,15,4,16,20,35
04/24/2020,TCL,AL,ASO,ES,Federal Contract Tower,0,0,10,8,18,0,0,22,6,28,0,0,32,14,46,36,0,36,82
04/25/2020,TCL,AL,ASO,ES,Federal Contract Tower,0,0,2,18,20,0,0,14,2,16,0,0,16,20,36,2,120,122,158
04/26/2020,TCL,AL,ASO,ES,Federal Contract Tower,0,2,3,0,5,0,0,4,0,4,0,2,7,0,9,2,0,2,11
04/27/2020,TCL,AL,ASO,ES,Federal Contract Tower,0,1,7,13,21,0,0,22,3,25,0,1,29,16,46,18,0,18,64
04/28/2020,TCL,AL,ASO,ES,Federal Contract Tower,0,0,8,14,22,0,4,36,6,46,0,4,44,20,68,36,8,44,112
04/29/2020,TCL,AL,ASO,ES,Federal Contract Tower,0,0,0,2,2,0,2,0,2,4,0,2,0,4,6,32,4,36,42
04/30/2020,TCL,AL,ASO,ES,Federal Contract Tower,0,0,14,8,22,0,2,19,2,23,0,2,33,10,45,12,0,12,57
05/01/2020,TCL,AL,ASO,ES,Federal Contract Tower,0,3,8,8,19,0,1,33,2,36,0,4,41,10,55,44,0,44,99
05/02/2020,TCL,AL,ASO,ES,Federal Contract Tower,0,2,3,6,11,0,0,26,2,28,0,2,29,8,39,58,4,62,101
05/03/2020,TCL,AL,ASO,ES,Federal Contract Tower,0,2,6,0,8,0,2,44,0,46,0,4,50,0,54,48,0,48,102
05/04/2020,TCL,AL,ASO,ES,Federal Contract Tower,0,0,9,10,19,0,2,26,0,28,0,2,35,10,47,54,0,54,101
05/05/2020,TCL,AL,ASO,ES,Federal Contract Tower,0,0,20,6,26,0,0,13,4,17,0,0,33,10,43,36,0,36,79
05/06/2020,TCL,AL,ASO,ES,Federal Contract Tower,0,0,7,0,7,0,0,6,2,8,0,0,13,2,15,12,0,12,27
05/07/2020,TCL,AL,ASO,ES,Federal Contract Tower,0,0,17,7,24,0,0,42,3,45,0,0,59,10,69,54,0,54,123
05/08/2020,TCL,AL,ASO,ES,Federal Contract Tower,0,0,9,0,9,0,0,1,0,1,0,0,10,0,10,4,0,4,14
05/09/2020,TCL,AL,ASO,ES,Federal Contract Tower,0,4,3,4,11,0,0,21,7,28,0,4,24,11,39,46,16,62,101
05/10/2020,TCL,AL,ASO,ES,Federal Contract Tower,0,0,7,0,7,0,2,24,0,26,0,2,31,0,33,12,0,12,45
05/11/2020,TCL,AL,ASO,ES,Federal Contract Tower,0,0,8,8,16,0,2,27,0,29,0,2,35,8,45,46,0,46,91
05/12/2020,TCL,AL,ASO,ES,Federal Contract Tower,0,3,10,19,32,0,6,30,6,42,0,9,40,25,74,96,10,106,180
05/13/2020,TCL,AL,ASO,ES,Federal Contract Tower,0,2,9,11,22,0,0,26,0,26,0,2,35,11,48,86,24,110,158
05/14/2020,TCL,AL,ASO,ES,Federal Contract Tower,0,4,13,38,55,0,0,29,6,35,0,4,42,44,90,30,6,36,126
05/15/2020,TCL,AL,ASO,ES,Federal Contract Tower,0,0,12,21,33,0,0,21,5,26,0,0,33,26,59,36,28,64,123
05/16/2020,TCL,AL,ASO,ES,Federal Contract Tower,0,4,5,5,14,0,0,27,3,30,0,4,32,8,44,60,0,60,104
05/17/2020,TCL,AL,ASO,ES,Federal Contract Tower,0,2,9,0,11,0,0,6,0,6,0,2,15,0,17,14,0,14,31
05/18/2020,TCL,AL,ASO,ES,Federal Contract Tower,0,2,27,0,29,0,0,9,0,9,0,2,36,0,38,12,0,12,50
05/19/2020,TCL,AL,ASO,ES,Federal Contract Tower,0,2,10,22,34,0,2,21,2,25,0,4,31,24,59,6,16,22,81
05/20/2020,TCL,AL,ASO,ES,Federal Contract Tower,0,4,20,16,40,0,0,24,6,30,0,4,44,22,70,26,28,54,124
05/21/2020,TCL,AL,ASO,ES,Federal Contract Tower,0,1,32,4,37,0,0,20,0,20,0,1,52,4,57,76,6,82,139
05/22/2020,TCL,AL,ASO,ES,Federal Contract Tower,0,3,14,2,19,0,2,20,0,22,0,5,34,2,41,26,0,26,67
05/23/2020,TCL,AL,ASO,ES,Federal Contract Tower,0,0,13,0,13,0,0,10,0,10,0,0,23,0,23,38,0,38,61
05/24/2020,TCL,AL,ASO,ES,Federal Contract Tower,0,1,4,4,9,0,0,12,0,12,0,1,16,4,21,4,0,4,25
05/25/2020,TCL,AL,ASO,ES,Federal Contract Tower,0,5,15,0,20,0,0,21,0,21,0,5,36,0,41,0,0,0,41
05/26/2020,TCL,AL,ASO,ES,Federal Contract Tower,0,7,12,0,19,0,0,2,0,2,0,7,14,0,21,0,0,0,21
05/27/2020,TCL,AL,ASO,ES,Federal Contract Tower,0,3,11,2,16,0,0,0,0,0,0,3,11,2,16,50,0,50,66
05/28/2020,TCL,AL,ASO,ES,Federal Contract Tower,0,3,17,2,22,0,0,32,2,34,0,3,49,4,56,26,8,34,90
05/29/2020,TCL,AL,ASO,ES,Federal Contract Tower,0,10,6,12,28,0,0,18,0,18,0,10,24,12,46,23,0,23,69
05/30/2020,TCL,AL,ASO,ES,Federal Contract Tower,0,4,8,0,12,0,0,62,0,62,0,4,70,0,74,187,2,189,263
05/31/2020,TCL,AL,ASO,ES,Federal Contract Tower,0,0,16,0,16,0,0,48,0,48,0,0,64,0,64,42,0,42,106
06/01/2020,TCL,AL,ASO,ES,Federal Contract Tower,0,8,21,12,41,0,0,29,14,43,0,8,50,26,84,108,0,108,192
06/02/2020,TCL,AL,ASO,ES,Federal Contract Tower,0,6,12,18,36,0,0,12,2,14,0,6,24,20,50,26,18,44,94
06/03/2020,TCL,AL,ASO,ES,Federal Contract Tower,0,10,8,2,20,0,0,18,2,20,0,10,26,4,40,26,2,28,68
06/04/2020,TCL,AL,ASO,ES,Federal Contract Tower,0,9,11,5,25,0,0,17,0,17,0,9,28,5,42,8,0,8,50
06/05/2020,TCL,AL,ASO,ES,Federal Contract Tower,0,2,20,8,30,0,0,19,6,25,0,2,39,14,55,54,0,54,109
06/06/2020,TCL,AL,ASO,ES,Federal Contract Tower,0,5,16,0,21,0,0,26,0,26,0,5,42,0,47,164,0,164,211
06/07/2020,TCL,AL,ASO,ES,Federal Contract Tower,0,0,9,0,9,0,0,19,2,21,0,0,28,2,30,34,8,42,72
06/08/2020,TCL,AL,ASO,ES,Federal Contract Tower,0,1,8,0,9,0,0,0,0,0,0,1,8,0,9,0,0,0,9
06/09/2020,TCL,AL,ASO,ES,Federal Contract Tower,0,5,11,6,22,0,2,3,0,5,0,7,14,6,27,0,0,0,27
06/10/2020,TCL,AL,ASO,ES,Federal Contract Tower,0,6,20,10,36,0,0,4,4,8,0,6,24,14,44,30,8,38,82
06/11/2020,TCL,AL,ASO,ES,Federal Contract Tower,0,8,29,6,43,0,0,26,4,30,0,8,55,10,73,8,2,10,83
06/12/2020,TCL,AL,ASO,ES,Federal Contract Tower,0,3,26,0,29,0,0,36,6,42,0,3,62,6,71,18,2,20,91
06/13/2020,TCL,AL,ASO,ES,Federal Contract Tower,0,6,6,0,12,0,2,54,0,56,0,8,60,0,68,20,0,20,88
06/14/2020,TCL,AL,ASO,ES,Federal Contract Tower,0,3,16,3,22,0,9,29,3,41,0,12,45,6,63,36,10,46,109
06/15/2020,TCL,AL,ASO,ES,Federal Contract Tower,0,4,24,10,38,0,4,24,2,30,0,8,48,12,68,42,12,54,122
06/16/2020,TCL,AL,ASO,ES,Federal Contract Tower,0,5,15,12,32,0,2,25,2,29,0,7,40,14,61,52,4,56,117
06/17/2020,TCL,AL,ASO,ES,Federal Contract Tower,0,8,20,6,34,0,0,28,0,28,0,8,48,6,62,66,22,88,150
06/18/2020,TCL,AL,ASO,ES,Federal Contract Tower,0,10,10,6,26,0,0,24,12,36,0,10,34,18,62,78,10,88,150
06/19/2020,TCL,AL,ASO,ES,Federal Contract Tower,0,10,22,2,34,0,0,34,4,38,0,10,56,6,72,76,4,80,152
06/20/2020,TCL,AL,ASO,ES,Federal Contract Tower,0,4,13,0,17,0,0,47,0,47,0,4,60,0,64,96,0,96,160
06/21/2020,TCL,AL,ASO,ES,Federal Contract Tower,0,2,9,0,11,0,0,19,0,19,0,2,28,0,30,28,0,28,58
06/22/2020,TCL,AL,ASO,ES,Federal Contract Tower,0,6,13,6,25,0,2,18,2,22,0,8,31,8,47,26,0,26,73
06/23/2020,TCL,AL,ASO,ES,Federal Contract Tower,0,7,7,11,25,0,0,4,1,5,0,7,11,12,30,26,0,26,56
06/24/2020,TCL,AL,ASO,ES,Federal Contract Tower,0,13,8,6,27,0,0,4,0,4,0,13,12,6,31,16,0,16,47
06/25/2020,TCL,AL,ASO,ES,Federal Contract Tower,0,6,18,10,34,0,0,9,0,9,0,6,27,10,43,10,0,10,53
06/26/2020,TCL,AL,ASO,ES,Federal Contract Tower,0,8,10,6,24,0,0,18,4,22,0,8,28,10,46,104,0,104,150
06/27/2020,TCL,AL,ASO,ES,Federal Contract Tower,0,2,10,0,12,0,2,16,0,18,0,4,26,0,30,72,0,72,102
06/28/2020,TCL,AL,ASO,ES,Federal Contract Tower,0,1,3,0,4,0,0,13,2,15,0,1,16,2,19,34,16,50,69
06/29/2020,TCL,AL,ASO,ES,Federal Contract Tower,0,4,22,18,44,0,2,27,2,31,0,6,49,20,75,72,36,108,183
06/30/2020,TCL,AL,ASO,ES,Federal Contract Tower,0,5,20,8,33,0,0,25,4,29,0,5,45,12,62,62,0,62,124
07/01/2020,TCL,AL,ASO,ES,Federal Contract Tower,0,3,10,4,17,0,0,12,0,12,0,3,22,4,29,24,28,52,81
07/02/2020,TCL,AL,ASO,ES,Federal Contract Tower,0,5,19,6,30,0,2,9,2,13,0,7,28,8,43,2,0,2,45
07/03/2020,TCL,AL,ASO,ES,Federal Contract Tower,0,0,16,0,16,0,0,42,0,42,0,0,58,0,58,74,0,74,132
07/04/2020,TCL,AL,ASO,ES,Federal Contract Tower,0,0,3,0,3,0,0,16,0,16,0,0,19,0,19,44,0,44,63
07/05/2020,TCL,AL,ASO,ES,Federal Contract Tower,0,2,8,0,10,0,0,14,0,14,0,2,22,0,24,20,0,20,44
07/06/2020,TCL,AL,ASO,ES,Federal Contract Tower,0,4,17,6,27,0,0,13,0,13,0,4,30,6,40,30,0,30,70
07/07/2020,TCL,AL,ASO,ES,Federal Contract Tower,0,8,7,14,29,0,0,2,0,2,0,8,9,14,31,14,30,44,75
07/08/2020,TCL,AL,ASO,ES,Federal Contract Tower,0,2,10,6,18,0,0,0,2,2,0,2,10,8,20,4,0,4,24
07/09/2020,TCL,AL,ASO,ES,Federal Contract Tower,0,7,11,11,29,0,0,7,1,8,0,7,18,12,37,34,38,72,109
07/10/2020,TCL,AL,ASO,ES,Federal Contract Tower,0,7,23,3,33,0,2,24,6,32,0,9,47,9,65,96,8,104,169
07/11/2020,TCL,AL,ASO,ES,Federal Contract Tower,0,3,5,2,10,0,3,35,14,52,0,6,40,16,62,48,14,62,124
07/12/2020,TCL,AL,ASO,ES,Federal Contract Tower,0,7,15,0,22,0,0,8,0,8,0,7,23,0,30,12,0,12,42
07/13/2020,TCL,AL,ASO,ES,Federal Contract Tower,0,2,16,4,22,0,0,20,0,20,0,2,36,4,42,50,0,50,92
07/14/2020,TCL,AL,ASO,ES,Federal Contract Tower,0,6,12,10,28,0,5,42,16,63,0,11,54,26,91,112,38,150,241
07/15/2020,TCL,AL,ASO,ES,Federal Contract Tower,0,6,19,10,35,0,1,33,5,39,0,7,52,15,74,62,30,92,166
07/16/2020,TCL,AL,ASO,ES,Federal Contract Tower,2,12,23,6,43,0,0,15,0,15,2,12,38,6,58,16,30,46,104
07/17/2020,TCL,AL,ASO,ES,Federal Contract Tower,0,9,22,5,36,0,0,41,3,44,0,9,63,8,80,56,12,68,148
07/18/2020,TCL,AL,ASO,ES,Federal Contract Tower,0,6,7,0,13,0,0,20,0,20,0,6,27,0,33,28,0,28,61
07/19/2020,TCL,AL,ASO,ES,Federal Contract Tower,0,3,15,4,22,0,2,20,4,26,0,5,35,8,48,60,4,64,112
07/20/2020,TCL,AL,ASO,ES,Federal Contract Tower,0,1,11,10,22,0,0,20,9,29,0,1,31,19,51,30,36,66,117
07/21/2020,TCL,AL,ASO,ES,Federal Contract Tower,0,4,9,4,17,0,0,8,0,8,0,4,17,4,25,8,2,10,35
07/22/2020,TCL,AL,ASO,ES,Federal Contract Tower,0,12,19,10,41,0,0,22,0,22,0,12,41,10,63,36,2,38,101
07/23/2020,TCL,AL,ASO,ES,Federal Contract Tower,0,15,22,18,55,0,0,21,8,29,0,15,43,26,84,32,28,60,144
07/24/2020,TCL,AL,ASO,ES,Federal Contract Tower,1,12,7,22,42,0,0,9,0,9,1,12,16,22,51,66,30,96,147
07/25/2020,TCL,AL,ASO,ES,Federal Contract Tower,0,5,6,0,11,0,0,31,2,33,0,5,37,2,44,58,12,70,114
07/26/2020,TCL,AL,ASO,ES,Federal Contract Tower,0,0,7,0,7,0,0,23,4,27,0,0,30,4,34,20,0,20,54
07/27/2020,TCL,AL,ASO,ES,Federal Contract Tower,0,5,12,4,21,0,0,38,0,38,0,5,50,4,59,68,12,80,139
07/28/2020,TCL,AL,ASO,ES,Federal Contract Tower,1,6,18,18,43,0,2,10,0,12,1,8,28,18,55,32,62,94,149
07/29/2020,TCL,AL,ASO,ES,Federal Contract Tower,0,4,17,6,27,0,0,8,0,8,0,4,25,6,35,12,20,32,67
07/30/2020,TCL,AL,ASO,ES,Federal Contract Tower,0,3,16,13,32,0,0,13,1,14,0,3,29,14,46,8,22,30,76
07/31/2020,TCL,AL,ASO,ES,Federal Contract Tower,0,12,18,14,44,0,0,22,2,24,0,12,40,16,68,66,16,82,150
08/01/2020,TCL,AL,ASO,ES,Federal Contract Tower,0,4,14,2,20,0,0,25,0,25,0,4,39,2,45,82,0,82,127
08/02/2020,TCL,AL,ASO,ES,Federal Contract Tower,0,1,21,4,26,0,2,30,2,34,0,3,51,6,60,58,0,58,118
08/03/2020,TCL,AL,ASO,ES,Federal Contract Tower,0,4,12,18,34,0,0,26,4,30,0,4,38,22,64,26,10,36,100
08/04/2020,TCL,AL,ASO,ES,Federal Contract Tower,0,10,10,8,28,0,0,26,16,42,0,10,36,24,70,78,38,116,186
08/05/2020,TCL,AL,ASO,ES,Federal Contract Tower,0,12,8,19,39,0,0,39,12,51,0,12,47,31,90,50,10,60,150
08/06/2020,TCL,AL,ASO,ES,Federal Contract Tower,2,16,27,28,73,0,4,32,0,36,2,20,59,28,109,50,28,78,187
08/07/2020,TCL,AL,ASO,ES,Federal Contract Tower,0,20,8,16,44,0,0,22,6,28,0,20,30,22,72,80,6,86,158
08/08/2020,TCL,AL,ASO,ES,Federal Contract Tower,0,6,7,0,13,0,0,44,0,44,0,6,51,0,57,52,0,52,109
08/09/2020,TCL,AL,ASO,ES,Federal Contract Tower,0,2,21,0,23,0,0,36,0,36,0,2,57,0,59,32,0,32,91
08/10/2020,TCL,AL,ASO,ES,Federal Contract Tower,2,3,19,13,37,0,0,21,2,23,2,3,40,15,60,38,22,60,120
08/11/2020,TCL,AL,ASO,ES,Federal Contract Tower,0,8,14,23,45,0,2,17,10,29,0,10,31,33,74,44,2,46,120
08/12/2020,TCL,AL,ASO,ES,Federal Contract Tower,0,5,26,24,55,0,0,29,4,33,0,5,55,28,88,54,52,106,194
08/13/2020,TCL,AL,ASO,ES,Federal Contract Tower,0,14,10,12,36,0,0,16,2,18,0,14,26,14,54,18,4,22,76
08/14/2020,TCL,AL,ASO,ES,Federal Contract Tower,0,19,28,4,51,0,2,15,0,17,0,21,43,4,68,30,0,30,98
08/15/2020,TCL,AL,ASO,ES,Federal Contract Tower,0,7,8,2,17,0,2,9,0,11,0,9,17,2,28,10,0,10,38
08/16/2020,TCL,AL,ASO,ES,Federal Contract Tower,1,12,31,0,44,0,2,37,0,39,1,14,68,0,83,46,2,48,131
08/17/2020,TCL,AL,ASO,ES,Federal Contract Tower,0,15,18,22,55,0,2,22,12,36,0,17,40,34,91,40,70,110,201
08/18/2020,TCL,AL,ASO,ES,Federal Contract Tower,0,5,17,2,24,0,5,37,8,50,0,10,54,10,74,26,6,32,106
08/19/2020,TCL,AL,ASO,ES,Federal Contract Tower,0,14,24,20,58,0,6,22,10,38,0,20,46,30,96,102,36,138,234
08/20/2020,TCL,AL,ASO,ES,Federal Contract Tower,0,14,32,12,58,0,0,27,4,31,0,14,59,16,89,50,6,56,145
08/21/2020,TCL,AL,ASO,ES,Federal Contract Tower,0,11,21,12,44,0,0,7,2,9,0,11,28,14,53,34,0,34,87
08/22/2020,TCL,AL,ASO,ES,Federal Contract Tower,0,1,8,2,11,0,0,29,0,29,0,1,37,2,40,24,0,24,64
08/23/2020,TCL,AL,ASO,ES,Federal Contract Tower,0,0,15,0,15,0,4,29,0,33,0,4,44,0,48,18,0,18,66
08/24/2020,TCL,AL,ASO,ES,Federal Contract Tower,0,3,11,18,32,0,2,8,14,24,0,5,19,32,56,84,0,84,140
08/25/2020,TCL,AL,ASO,ES,Federal Contract Tower,0,3,2,4,9,0,0,2,0,2,0,3,4,4,11,0,0,0,11
08/26/2020,TCL,AL,ASO,ES,Federal Contract Tower,0,11,19,36,66,0,2,13,8,23,0,13,32,44,89,24,14,38,127
08/27/2020,TCL,AL,ASO,ES,Federal Contract Tower,0,5,20,18,43,0,0,1,4,5,0,5,21,22,48,2,12,14,62
08/28/2020,TCL,AL,ASO,ES,Federal Contract Tower,0,8,18,0,26,0,0,2,0,2,0,8,20,0,28,2,0,2,30
08/29/2020,TCL,AL,ASO,ES,Federal Contract Tower,0,0,7,0,7,0,0,11,0,11,0,0,18,0,18,14,0,14,32
08/30/2020,TCL,AL,ASO,ES,Federal Contract Tower,0,0,15,0,15,0,0,21,1,22,0,0,36,1,37,52,0,52,89
08/31/2020,TCL,AL,ASO,ES,Federal Contract Tower,0,1,14,10,25,0,0,0,0,0,0,1,14,10,25,12,10,22,47
09/01/2020,TCL,AL,ASO,ES,Federal Contract Tower,0,6,11,22,39,0,0,16,3,19,0,6,27,25,58,48,18,66,124
09/02/2020,TCL,AL,ASO,ES,Federal Contract Tower,0,11,28,7,46,0,0,29,1,30,0,11,57,8,76,56,0,56,132
09/03/2020,TCL,AL,ASO,ES,Federal Contract Tower,0,8,29,15,52,0,2,37,4,43,0,10,66,19,95,10,12,22,117
09/04/2020,TCL,AL,ASO,ES,Federal Contract Tower,1,5,19,6,31,0,2,50,2,54,1,7,69,8,85,72,14,86,171
09/05/2020,TCL,AL,ASO,ES,Federal Contract Tower,0,9,4,0,13,0,0,35,0,35,0,9,39,0,48,36,0,36,84
09/06/2020,TCL,AL,ASO,ES,Federal Contract Tower,0,1,7,0,8,0,2,21,2,25,0,3,28,2,33,18,8,26,59
09/07/2020,TCL,AL,ASO,ES,Federal Contract Tower,0,1,20,1,22,0,0,41,2,43,0,1,61,3,65,6,0,6,71
09/08/2020,TCL,AL,ASO,ES,Federal Contract Tower,0,0,14,29,43,0,0,34,2,36,0,0,48,31,79,70,24,94,173
09/09/2020,TCL,AL,ASO,ES,Federal Contract Tower,0,4,15,16,35,0,5,29,13,47,0,9,44,29,82,68,22,90,172
09/10/2020,TCL,AL,ASO,ES,Federal Contract Tower,0,4,24,22,50,0,0,31,16,47,0,4,55,38,97,78,8,86,183
09/11/2020,TCL,AL,ASO,ES,Federal Contract Tower,0,5,15,9,29,0,0,25,4,29,0,5,40,13,58,16,50,66,124
09/12/2020,TCL,AL,ASO,ES,Federal Contract Tower,2,1,10,4,17,0,0,27,4,31,2,1,37,8,48,54,0,54,102
09/13/2020,TCL,AL,ASO,ES,Federal Contract Tower,0,2,18,0,20,0,6,14,6,26,0,8,32,6,46,12,0,12,58
09/14/2020,TCL,AL,ASO,ES,Federal Contract Tower,0,4,23,11,38,0,2,11,5,18,0,6,34,16,56,10,0,10,66
09/15/2020,TCL,AL,ASO,ES,Federal Contract Tower,0,15,19,25,59,0,0,8,1,9,0,15,27,26,68,18,20,38,106
09/16/2020,TCL,AL,ASO,ES,Federal Contract Tower,0,9,5,4,18,0,0,0,0,0,0,9,5,4,18,0,0,0,18
09/17/2020,TCL,AL,ASO,ES,Federal Contract Tower,0,14,12,10,36,0,0,30,2,32,0,14,42,12,68,28,14,42,110
09/18/2020,TCL,AL,ASO,ES,Federal Contract Tower,0,20,19,16,55,0,2,29,8,39,0,22,48,24,94,20,8,28,122
09/19/2020,TCL,AL,ASO,ES,Federal Contract Tower,0,2,12,2,16,0,4,57,2,63,0,6,69,4,79,52,0,52,131
09/20/2020,TCL,AL,ASO,ES,Federal Contract Tower,0,5,11,0,16,0,0,33,1,34,0,5,44,1,50,28,6,34,84
09/21/2020,TCL,AL,ASO,ES,Federal Contract Tower,0,5,28,16,49,0,0,31,10,41,0,5,59,26,90,22,0,22,112
09/22/2020,TCL,AL,ASO,ES,Federal Contract Tower,1,7,17,31,56,0,0,24,7,31,1,7,41,38,87,14,12,26,113
09/23/2020,TCL,AL,ASO,ES,Federal Contract Tower,1,13,22,2,38,0,2,13,3,18,1,15,35,5,56,18,2,20,76
09/24/2020,TCL,AL,ASO,ES,Federal Contract Tower,0,17,13,1,31,0,0,0,0,0,0,17,13,1,31,0,0,0,31
09/25/2020,TCL,AL,ASO,ES,Federal Contract Tower,4,38,25,6,73,0,4,8,8,20,4,42,33,14,93,46,0,46,139
09/26/2020,TCL,AL,ASO,ES,Federal Contract Tower,3,10,17,2,32,0,0,33,3,36,3,10,50,5,68,92,10,102,170
09/27/2020,TCL,AL,ASO,ES,Federal Contract Tower,2,2,24,5,33,0,6,46,7,59,2,8,70,12,92,18,0,18,110
09/28/2020,TCL,AL,ASO,ES,Federal Contract Tower,1,7,21,8,37,0,4,13,0,17,1,11,34,8,54,12,0,12,66
09/29/2020,TCL,AL,ASO,ES,Federal Contract Tower,0,8,19,8,35,0,0,21,5,26,0,8,40,13,61,66,8,74,135
09/30/2020,TCL,AL,ASO,ES,Federal Contract Tower,0,11,23,11,45,0,1,41,8,50,0,12,64,19,95,66,18,84,179
10/01/2020,TCL,AL,ASO,ES,Federal Contract Tower,0,22,27,14,63,0,6,33,5,44,0,28,60,19,107,18,0,18,125
10/02/2020,TCL,AL,ASO,ES,Federal Contract Tower,5,26,31,23,85,0,0,33,0,33,5,26,64,23,118,36,10,46,164
10/03/2020,TCL,AL,ASO,ES,Federal Contract Tower,3,19,37,0,59,0,0,26,0,26,3,19,63,0,85,24,0,24,109
10/04/2020,TCL,AL,ASO,ES,Federal Contract Tower,2,5,33,0,40,0,0,48,2,50,2,5,81,2,90,62,16,78,168
10/05/2020,TCL,AL,ASO,ES,Federal Contract Tower,0,6,8,18,32,0,3,40,4,47,0,9,48,22,79,26,20,46,125
10/06/2020,TCL,AL,ASO,ES,Federal Contract Tower,0,3,9,13,25,0,0,25,10,35,0,3,34,23,60,20,0,20,80
10/07/2020,TCL,AL,ASO,ES,Federal Contract Tower,0,13,18,32,63,0,8,35,4,47,0,21,53,36,110,30,2,32,142
10/08/2020,TCL,AL,ASO,ES,Federal Contract Tower,0,11,28,2,41,0,0,33,2,35,0,11,61,4,76,10,0,10,86
10/09/2020,TCL,AL,ASO,ES,Federal Contract Tower,2,9,27,0,38,0,0,2,0,2,2,9,29,0,40,0,0,0,40
10/10/2020,TCL,AL,ASO,ES,Federal Contract Tower,0,4,2,0,6,0,0,1,0,1,0,4,3,0,7,0,0,0,7
10/11/2020,TCL,AL,ASO,ES,Federal Contract Tower,2,3,11,0,16,0,0,0,0,0,2,3,11,0,16,0,0,0,16
10/12/2020,TCL,AL,ASO,ES,Federal Contract Tower,0,3,23,0,26,0,0,19,0,19,0,3,42,0,45,36,0,36,81
10/13/2020,TCL,AL,ASO,ES,Federal Contract Tower,0,9,24,30,63,0,0,37,18,55,0,9,61,48,118,50,26,76,194
10/14/2020,TCL,AL,ASO,ES,Federal Contract Tower,0,13,30,26,69,0,0,47,10,57,0,13,77,36,126,92,22,114,240
10/15/2020,TCL,AL,ASO,ES,Federal Contract Tower,0,15,20,50,85,0,2,39,7,48,0,17,59,57,133,32,4,36,169
10/16/2020,TCL,AL,ASO,ES,Federal Contract Tower,2,21,39,24,86,0,2,35,0,37,2,23,74,24,123,46,0,46,169
10/17/2020,TCL,AL,ASO,ES,Federal Contract Tower,0,23,47,0,70,0,8,46,0,54,0,31,93,0,124,160,0,160,284
10/18/2020,TCL,AL,ASO,ES,Federal Contract Tower,4,29,64,2,99,0,3,45,2,50,4,32,109,4,149,24,4,28,177
10/19/2020,TCL,AL,ASO,ES,Federal Contract Tower,0,6,24,14,44,0,0,42,4,46,0,6,66,18,90,66,4,70,160
10/20/2020,TCL,AL,ASO,ES,Federal Contract Tower,0,7,14,30,51,0,0,46,19,65,0,7,60,49,116,42,10,52,168
10/21/2020,TCL,AL,ASO,ES,Federal Contract Tower,0,13,21,24,58,0,0,35,4,39,0,13,56,28,97,62,12,74,171
10/22/2020,TCL,AL,ASO,ES,Federal Contract Tower,0,16,16,18,50,0,2,24,6,32,0,18,40,24,82,36,0,36,118
10/23/2020,TCL,AL,ASO,ES,Federal Contract Tower,2,14,23,28,67,0,0,16,6,22,2,14,39,34,89,74,18,92,181
10/24/2020,TCL,AL,ASO,ES,Federal Contract Tower,0,5,12,4,21,0,0,0,0,0,0,5,12,4,21,0,0,0,21
10/25/2020,TCL,AL,ASO,ES,Federal Contract Tower,2,5,33,8,48,0,2,18,0,20,2,7,51,8,68,12,0,12,80
10/26/2020,TCL,AL,ASO,ES,Federal Contract Tower,0,0,13,42,55,0,0,28,9,37,0,0,41,51,92,54,54,108,200
10/27/2020,TCL,AL,ASO,ES,Federal Contract Tower,0,16,20,34,70,0,0,6,0,6,0,16,26,34,76,20,34,54,130
10/28/2020,TCL,AL,ASO,ES,Federal Contract Tower,0,17,14,0,31,0,0,0,0,0,0,17,14,0,31,0,0,0,31
10/29/2020,TCL,AL,ASO,ES,Federal Contract Tower,1,18,16,17,52,0,0,4,2,6,1,18,20,19,58,24,60,84,142
10/30/2020,TCL,AL,ASO,ES,Federal Contract Tower,0,25,52,12,89,0,0,33,0,33,0,25,85,12,122,64,8,72,194
10/31/2020,TCL,AL,ASO,ES,Federal Contract Tower,1,16,17,0,34,0,0,39,0,39,1,16,56,0,73,50,0,50,123
11/01/2020,TCL,AL,ASO,ES,Federal Contract Tower,2,7,29,0,38,0,2,37,2,41,2,9,66,2,79,80,0,80,159
11/02/2020,TCL,AL,ASO,ES,Federal Contract Tower,1,4,7,12,24,0,0,27,3,30,1,4,34,15,54,86,22,108,162
11/03/2020,TCL,AL,ASO,ES,Federal Contract Tower,0,6,13,21,40,0,2,35,5,42,0,8,48,26,82,54,46,100,182
11/04/2020,TCL,AL,ASO,ES,Federal Contract Tower,1,13,7,2,23,0,0,43,4,47,1,13,50,6,70,54,0,54,124
11/05/2020,TCL,AL,ASO,ES,Federal Contract Tower,0,11,28,33,72,0,0,21,6,27,0,11,49,39,99,60,44,104,203
11/06/2020,TCL,AL,ASO,ES,Federal Contract Tower,2,17,11,27,57,0,4,24,9,37,2,21,35,36,94,50,28,78,172
11/07/2020,TCL,AL,ASO,ES,Federal Contract Tower,0,6,11,5,22,0,0,23,1,24,0,6,34,6,46,46,0,46,92
11/08/2020,TCL,AL,ASO,ES,Federal Contract Tower,0,3,27,15,45,0,2,19,0,21,0,5,46,15,66,6,0,6,72
11/09/2020,TCL,AL,ASO,ES,Federal Contract Tower,0,4,27,54,85,0,0,20,0,20,0,4,47,54,105,100,118,218,323
11/10/2020,TCL,AL,ASO,ES,Federal Contract Tower,0,5,11,12,28,0,0,5,2,7,0,5,16,14,35,205,24,229,264
11/11/2020,TCL,AL,ASO,ES,Federal Contract Tower,0,11,21,0,32,0,0,6,0,6,0,11,27,0,38,104,0,104,142
11/12/2020,TCL,AL,ASO,ES,Federal Contract Tower,0,9,10,29,48,0,0,15,5,20,0,9,25,34,68,26,0,26,94
11/13/2020,TCL,AL,ASO,ES,Federal Contract Tower,0,10,19,28,57,0,2,65,6,73,0,12,84,34,130,68,22,90,220
11/14/2020,TCL,AL,ASO,ES,Federal Contract Tower,0,2,15,0,17,0,2,60,0,62,0,4,75,0,79,74,0,74,153
11/15/2020,TCL,AL,ASO,ES,Federal Contract Tower,0,0,7,2,9,0,0,13,0,13,0,0,20,2,22,6,0,6,28
11/16/2020,TCL,AL,ASO,ES,Federal Contract Tower,0,3,10,16,29,0,2,26,4,32,0,5,36,20,61,10,12,22,83
11/17/2020,TCL,AL,ASO,ES,Federal Contract Tower,0,11,27,26,64,0,0,32,4,36,0,11,59,30,100,10,26,36,136
11/18/2020,TCL,AL,ASO,ES,Federal Contract Tower,0,8,11,36,55,0,1,52,11,64,0,9,63,47,119,68,0,68,187
11/19/2020,TCL,AL,ASO,ES,Federal Contract Tower,0,14,17,23,54,0,0,29,5,34,0,14,46,28,88,36,18,54,142
11/20/2020,TCL,AL,ASO,ES,Federal Contract Tower,1,27,31,22,81,0,4,43,14,61,1,31,74,36,142,24,26,50,192
11/21/2020,TCL,AL,ASO,ES,Federal Contract Tower,1,13,27,6,47,0,1,51,0,52,1,14,78,6,99,38,14,52,151
11/22/2020,TCL,AL,ASO,ES,Federal Contract Tower,3,6,35,0,44,0,0,26,8,34,3,6,61,8,78,52,24,76,154
11/23/2020,TCL,AL,ASO,ES,Federal Contract Tower,0,7,20,40,67,0,0,18,6,24,0,7,38,46,91,10,26,36,127
11/24/2020,TCL,AL,ASO,ES,Federal Contract Tower,0,4,24,25,53,0,0,41,2,43,0,4,65,27,96,4,18,22,118
11/25/2020,TCL,AL,ASO,ES,Federal Contract Tower,0,6,11,0,17,0,0,2,0,2,0,6,13,0,19,0,0,0,19
11/26/2020,TCL,AL,ASO,ES,Federal Contract Tower,0,2,11,0,13,0,0,11,0,11,0,2,22,0,24,8,0,8,32
11/27/2020,TCL,AL,ASO,ES,Federal Contract Tower,0,7,34,0,41,0,0,2,0,2,0,7,36,0,43,14,0,14,57
11/28/2020,TCL,AL,ASO,ES,Federal Contract Tower,0,14,73,0,87,0,0,25,0,25,0,14,98,0,112,120,0,120,232
11/29/2020,TCL,AL,ASO,ES,Federal Contract Tower,0,15,21,0,36,0,0,0,0,0,0,15,21,0,36,0,0,0,36
11/30/2020,TCL,AL,ASO,ES,Federal Contract Tower,0,5,13,8,26,0,0,11,0,11,0,5,24,8,37,0,0,0,37
12/01/2020,TCL,AL,ASO,ES,Federal Contract Tower,0,5,15,26,46,0,0,27,0,27,0,5,42,26,73,2,0,2,75
12/02/2020,TCL,AL,ASO,ES,Federal Contract Tower,0,10,9,22,41,0,0,35,9,44,0,10,44,31,85,26,0,26,111
12/03/2020,TCL,AL,ASO,ES,Federal Contract Tower,0,9,11,46,66,0,2,11,3,16,0,11,22,49,82,20,44,64,146
12/04/2020,TCL,AL,ASO,ES,Federal Contract Tower,2,7,20,8,37,0,2,4,0,6,2,9,24,8,43,10,0,10,53
12/05/2020,TCL,AL,ASO,ES,Federal Contract Tower,1,7,9,2,19,0,0,46,0,46,1,7,55,2,65,46,0,46,111
12/06/2020,TCL,AL,ASO,ES,Federal Contract Tower,2,6,13,0,21,0,0,23,0,23,2,6,36,0,44,48,0,48,92
12/07/2020,TCL,AL,ASO,ES,Federal Contract Tower,0,1,8,20,29,0,0,29,2,31,0,1,37,22,60,10,2,12,72
12/08/2020,TCL,AL,ASO,ES,Federal Contract Tower,0,8,13,14,35,0,0,26,20,46,0,8,39,34,81,26,14,40,121
12/09/2020,TCL,AL,ASO,ES,Federal Contract Tower,0,4,21,18,43,0,0,32,7,39,0,4,53,25,82,32,12,44,126
12/10/2020,TCL,AL,ASO,ES,Federal Contract Tower,0,9,11,20,40,0,2,38,4,44,0,11,49,24,84,38,24,62,146
12/11/2020,TCL,AL,ASO,ES,Federal Contract Tower,2,6,17,20,45,0,0,19,24,43,2,6,36,44,88,34,2,36,124
12/12/2020,TCL,AL,ASO,ES,Federal Contract Tower,2,0,20,0,22,0,0,2,0,2,2,0,22,0,24,16,0,16,40
12/13/2020,TCL,AL,ASO,ES,Federal Contract Tower,0,4,18,2,24,0,2,30,0,32,0,6,48,2,56,64,0,64,120
12/14/2020,TCL,AL,ASO,ES,Federal Contract Tower,0,2,11,6,19,0,0,4,0,4,0,2,15,6,23,0,0,0,23
12/15/2020,TCL,AL,ASO,ES,Federal Contract Tower,0,0,15,45,60,0,0,18,4,22,0,0,33,49,82,18,8,26,108
12/16/2020,TCL,AL,ASO,ES,Federal Contract Tower,0,4,11,0,15,0,0,0,0,0,0,4,11,0,15,0,0,0,15
12/17/2020,TCL,AL,ASO,ES,Federal Contract Tower,0,6,9,33,48,0,0,9,2,11,0,6,18,35,59,2,12,14,73
12/18/2020,TCL,AL,ASO,ES,Federal Contract Tower,2,4,14,11,31,0,0,27,5,32,2,4,41,16,63,14,4,18,81
12/19/2020,TCL,AL,ASO,ES,Federal Contract Tower,0,3,14,1,18,0,0,25,1,26,0,3,39,2,44,32,0,32,76
12/20/2020,TCL,AL,ASO,ES,Federal Contract Tower,2,2,18,2,24,0,2,0,0,2,2,4,18,2,26,4,0,4,30
12/21/2020,TCL,AL,ASO,ES,Federal Contract Tower,0,2,11,6,19,0,0,13,5,18,0,2,24,11,37,14,16,30,67
12/22/2020,TCL,AL,ASO,ES,Federal Contract Tower,0,3,15,16,34,0,0,41,0,41,0,3,56,16,75,36,12,48,123
12/23/2020,TCL,AL,ASO,ES,Federal Contract Tower,0,8,20,2,30,0,0,17,0,17,0,8,37,2,47,10,0,10,57
12/24/2020,TCL,AL,ASO,ES,Federal Contract Tower,0,1,7,0,8,0,2,1,0,3,0,3,8,0,11,0,0,0,11
12/25/2020,TCL,AL,ASO,ES,Federal Contract Tower,0,0,2,0,2,0,0,9,0,9,0,0,11,0,11,0,0,0,11
12/26/2020,TCL,AL,ASO,ES,Federal Contract Tower,0,1,14,0,15,0,0,27,0,27,0,1,41,0,42,20,0,20,62
12/27/2020,TCL,AL,ASO,ES,Federal Contract Tower,0,4,13,0,17,0,7,22,0,29,0,11,35,0,46,26,0,26,72
12/28/2020,TCL,AL,ASO,ES,Federal Contract Tower,0,1,13,0,14,0,0,21,0,21,0,1,34,0,35,18,0,18,53
12/29/2020,TCL,AL,ASO,ES,Federal Contract Tower,0,0,12,3,15,0,2,15,3,20,0,2,27,6,35,24,6,30,65
12/30/2020,TCL,AL,ASO,ES,Federal Contract Tower,2,0,12,5,19,0,0,22,4,26,2,0,34,9,45,16,6,22,67
12/31/2020,TCL,AL,ASO,ES,Federal Contract Tower,6,2,12,6,26,0,0,5,0,5,6,2,17,6,31,4,0,4,35
01/01/2021,TCL,AL,ASO,ES,Federal Contract Tower,2,2,7,0,11,0,0,1,0,1,2,2,8,0,12,0,0,0,12
01/02/2021,TCL,AL,ASO,ES,Federal Contract Tower,4,4,15,0,23,0,1,21,0,22,4,5,36,0,45,12,0,12,57
01/03/2021,TCL,AL,ASO,ES,Federal Contract Tower,1,2,13,0,16,0,0,37,0,37,1,2,50,0,53,40,0,40,93
01/04/2021,TCL,AL,ASO,ES,Federal Contract Tower,1,2,8,0,11,0,0,25,0,25,1,2,33,0,36,24,0,24,60
01/05/2021,TCL,AL,ASO,ES,Federal Contract Tower,2,4,13,8,27,0,0,21,0,21,2,4,34,8,48,0,0,0,48
01/06/2021,TCL,AL,ASO,ES,Federal Contract Tower,1,7,14,23,45,0,0,17,8,25,1,7,31,31,70,46,4,50,120
01/07/2021,TCL,AL,ASO,ES,Federal Contract Tower,1,20,9,0,30,0,2,3,0,5,1,22,12,0,35,0,0,0,35
01/08/2021,TCL,AL,ASO,ES,Federal Contract Tower,9,15,18,0,42,0,2,1,4,7,9,17,19,4,49,0,0,0,49
01/09/2021,TCL,AL,ASO,ES,Federal Contract Tower,0,7,22,0,29,0,2,28,0,30,0,9,50,0,59,48,0,48,107
01/10/2021,TCL,AL,ASO,ES,Federal Contract Tower,0,7,17,0,24,0,0,25,2,27,0,7,42,2,51,74,0,74,125
01/11/2021,TCL,AL,ASO,ES,Federal Contract Tower,3,14,13,0,30,0,0,2,0,2,3,14,15,0,32,0,0,0,32
01/12/2021,TCL,AL,ASO,ES,Federal Contract Tower,3,18,36,12,69,0,0,14,2,16,3,18,50,14,85,14,0,14,99
01/13/2021,TCL,AL,ASO,ES,Federal Contract Tower,0,14,10,2,26,0,0,13,0,13,0,14,23,2,39,0,0,0,39
01/14/2021,TCL,AL,ASO,ES,Federal Contract Tower,0,11,25,12,48,0,0,30,7,37,0,11,55,19,85,54,24,78,163
01/15/2021,TCL,AL,ASO,ES,Federal Contract Tower,2,6,10,12,30,0,0,25,2,27,2,6,35,14,57,8,22,30,87
01/16/2021,TCL,AL,ASO,ES,Federal Contract Tower,4,1,13,0,18,0,0,24,0,24,4,1,37,0,42,12,0,12,54
01/17/2021,TCL,AL,ASO,ES,Federal Contract Tower,2,2,12,0,16,0,0,29,0,29,2,2,41,0,45,42,0,42,87
01/18/2021,TCL,AL,ASO,ES,Federal Contract Tower,2,0,19,4,25,0,2,41,2,45,2,2,60,6,70,42,4,46,116
01/19/2021,TCL,AL,ASO,ES,Federal Contract Tower,0,0,11,22,33,0,0,17,3,20,0,0,28,25,53,24,80,104,157
01/20/2021,TCL,AL,ASO,ES,Federal Contract Tower,1,4,15,22,42,0,0,45,6,51,1,4,60,28,93,38,26,64,157
01/21/2021,TCL,AL,ASO,ES,Federal Contract Tower,1,11,16,0,28,0,0,0,0,0,1,11,16,0,28,0,0,0,28
01/22/2021,TCL,AL,ASO,ES,Federal Contract Tower,1,13,12,4,30,0,0,6,0,6,1,13,18,4,36,16,0,16,52
01/23/2021,TCL,AL,ASO,ES,Federal Contract Tower,0,2,10,4,16,0,0,85,1,86,0,2,95,5,102,98,0,98,200
01/24/2021,TCL,AL,ASO,ES,Federal Contract Tower,0,1,9,5,15,0,0,18,2,20,0,1,27,7,35,52,4,56,91
01/25/2021,TCL,AL,ASO,ES,Federal Contract Tower,1,1,13,0,15,0,0,8,0,8,1,1,21,0,23,0,0,0,23
01/26/2021,TCL,AL,ASO,ES,Federal Contract Tower,0,3,16,2,21,0,0,42,12,54,0,3,58,14,75,38,4,42,117
01/27/2021,TCL,AL,ASO,ES,Federal Contract Tower,3,5,20,29,57,0,0,8,8,16,3,5,28,37,73,16,8,24,97
01/28/2021,TCL,AL,ASO,ES,Federal Contract Tower,0,7,24,22,53,0,0,35,0,35,0,7,59,22,88,10,16,26,114
01/29/2021,TCL,AL,ASO,ES,Federal Contract Tower,3,11,18,24,56,0,0,40,3,43,3,11,58,27,99,50,10,60,159
01/30/2021,TCL,AL,ASO,ES,Federal Contract Tower,1,8,13,2,24,0,0,41,0,41,1,8,54,2,65,48,0,48,113
01/31/2021,TCL,AL,ASO,ES,Federal Contract Tower,2,3,8,2,15,0,0,11,0,11,2,3,19,2,26,0,0,0,26
02/01/2021,TCL,AL,ASO,ES,Federal Contract Tower,0,6,7,0,13,0,0,2,0,2,0,6,9,0,15,0,0,0,15
02/02/2021,TCL,AL,ASO,ES,Federal Contract Tower,2,6,16,36,60,0,0,34,8,42,2,6,50,44,102,6,10,16,118
02/03/2021,TCL,AL,ASO,ES,Federal Contract Tower,0,6,17,33,56,0,0,64,6,70,0,6,81,39,126,76,44,120,246
02/04/2021,TCL,AL,ASO,ES,Federal Contract Tower,2,2,27,22,53,0,0,23,9,32,2,2,50,31,85,8,16,24,109
02/05/2021,TCL,AL,ASO,ES,Federal Contract Tower,2,7,14,30,53,0,0,42,4,46,2,7,56,34,99,34,0,34,133
02/06/2021,TCL,AL,ASO,ES,Federal Contract Tower,0,2,10,2,14,0,2,18,7,27,0,4,28,9,41,16,2,18,59
02/07/2021,TCL,AL,ASO,ES,Federal Contract Tower,0,4,13,2,19,0,0,36,2,38,0,4,49,4,57,40,0,40,97
02/08/2021,TCL,AL,ASO,ES,Federal Contract Tower,0,4,14,8,26,0,0,41,8,49,0,4,55,16,75,32,30,62,137
02/09/2021,TCL,AL,ASO,ES,Federal Contract Tower,0,1,12,24,37,0,0,37,4,41,0,1,49,28,78,74,54,128,206
02/10/2021,TCL,AL,ASO,ES,Federal Contract Tower,2,5,22,20,49,0,0,49,10,59,2,5,71,30,108,58,30,88,196
02/11/2021,TCL,AL,ASO,ES,Federal Contract Tower,2,6,14,0,22,0,0,0,0,0,2,6,14,0,22,0,0,0,22
02/12/2021,TCL,AL,ASO,ES,Federal Contract Tower,0,6,17,2,25,0,0,0,0,0,0,6,17,2,25,0,0,0,25
02/13/2021,TCL,AL,ASO,ES,Federal Contract Tower,0,3,11,2,16,0,0,0,0,0,0,3,11,2,16,0,0,0,16
02/14/2021,TCL,AL,ASO,ES,Federal Contract Tower,0,2,8,0,10,0,0,7,0,7,0,2,15,0,17,70,0,70,87
02/15/2021,TCL,AL,ASO,ES,Federal Contract Tower,0,0,3,0,3,0,0,0,0,0,0,0,3,0,3,0,0,0,3
02/16/2021,TCL,AL,ASO,ES,Federal Contract Tower,0,2,10,0,12,0,0,7,0,7,0,2,17,0,19,4,0,4,23
02/17/2021,TCL,AL,ASO,ES,Federal Contract Tower,2,3,16,0,21,0,0,23,4,27,2,3,39,4,48,22,0,22,70
02/18/2021,TCL,AL,ASO,ES,Federal Contract Tower,0,5,8,0,13,0,0,0,0,0,0,5,8,0,13,0,0,0,13
02/19/2021,TCL,AL,ASO,ES,Federal Contract Tower,0,7,22,10,39,0,2,30,10,42,0,9,52,20,81,36,0,36,117
02/20/2021,TCL,AL,ASO,ES,Federal Contract Tower,0,6,20,0,26,0,0,69,17,86,0,6,89,17,112,42,0,42,154
02/21/2021,TCL,AL,ASO,ES,Federal Contract Tower,0,6,23,8,37,0,0,35,0,35,0,6,58,8,72,34,4,38,110
02/22/2021,TCL,AL,ASO,ES,Federal Contract Tower,0,4,22,3,29,0,0,32,0,32,0,4,54,3,61,8,8,16,77
02/23/2021,TCL,AL,ASO,ES,Federal Contract Tower,4,8,15,25,52,0,2,52,2,56,4,10,67,27,108,86,12,98,206
02/24/2021,TCL,AL,ASO,ES,Federal Contract Tower,1,13,26,19,59,0,0,63,8,71,1,13,89,27,130,136,14,150,280
02/25/2021,TCL,AL,ASO,ES,Federal Contract Tower,2,4,25,4,35,0,0,31,4,35,2,4,56,8,70,52,4,56,126
02/26/2021,TCL,AL,ASO,ES,Federal Contract Tower,1,7,9,6,23,0,4,13,0,17,1,11,22,6,40,11,34,45,85
02/27/2021,TCL,AL,ASO,ES,Federal Contract Tower,1,15,9,5,30,0,0,16,0,16,1,15,25,5,46,10,8,18,64
02/28/2021,TCL,AL,ASO,ES,Federal Contract Tower,0,5,18,10,33,0,0,4,0,4,0,5,22,10,37,10,0,10,47
03/01/2021,TCL,AL,ASO,ES,Federal Contract Tower,0,2,20,17,39,0,0,2,8,10,0,2,22,25,49,0,12,12,61
03/02/2021,TCL,AL,ASO,ES,Federal Contract Tower,3,12,12,15,42,0,0,4,12,16,3,12,16,27,58,0,12,12,70
03/03/2021,TCL,AL,ASO,ES,Federal Contract Tower,1,3,30,34,68,0,3,49,0,52,1,6,79,34,120,128,14,142,262
03/04/2021,TCL,AL,ASO,ES,Federal Contract Tower,0,1,20,22,43,0,0,51,0,51,0,1,71,22,94,76,20,96,190
03/05/2021,TCL,AL,ASO,ES,Federal Contract Tower,1,2,31,26,60,0,4,41,2,47,1,6,72,28,107,24,0,24,131
03/06/2021,TCL,AL,ASO,ES,Federal Contract Tower,0,8,18,0,26,0,1,38,5,44,0,9,56,5,70,42,0,42,112
03/07/2021,TCL,AL,ASO,ES,Federal Contract Tower,0,3,26,0,29,0,0,61,0,61,0,3,87,0,90,96,0,96,186
03/08/2021,TCL,AL,ASO,ES,Federal Contract Tower,0,3,21,24,48,0,0,50,2,52,0,3,71,26,100,96,6,102,202
03/09/2021,TCL,AL,ASO,ES,Federal Contract Tower,0,5,23,25,53,0,0,36,0,36,0,5,59,25,89,90,28,118,207
03/10/2021,TCL,AL,ASO,ES,Federal Contract Tower,0,3,17,28,48,0,0,29,4,33,0,3,46,32,81,80,0,80,161
03/12/2021,TCL,AL,ASO,ES,Federal Contract Tower,0,4,23,6,33,0,0,32,2,34,0,4,55,8,67,36,0,36,103
03/13/2021,TCL,AL,ASO,ES,Federal Contract Tower,0,1,16,2,19,0,0,47,0,47,0,1,63,2,66,66,0,66,132
03/14/2021,TCL,AL,ASO,ES,Federal Contract Tower,0,2,9,2,13,0,0,43,0,43,0,2,52,2,56,110,0,110,166
03/15/2021,TCL,AL,ASO,ES,Federal Contract Tower,0,3,12,3,18,0,0,1,0,1,0,3,13,3,19,0,6,6,25
03/16/2021,TCL,AL,ASO,ES,Federal Contract Tower,0,4,12,0,16,0,0,2,0,2,0,4,14,0,18,0,0,0,18
03/17/2021,TCL,AL,ASO,ES,Federal Contract Tower,2,1,4,0,7,0,0,0,0,0,2,1,4,0,7,0,0,0,7
03/18/2021,TCL,AL,ASO,ES,Federal Contract Tower,1,6,41,6,54,0,0,12,0,12,1,6,53,6,66,4,0,4,70
03/19/2021,TCL,AL,ASO,ES,Federal Contract Tower,0,5,24,4,33,0,0,13,0,13,0,5,37,4,46,20,0,20,66
03/20/2021,TCL,AL,ASO,ES,Federal Contract Tower,0,5,22,2,29,0,0,42,0,42,0,5,64,2,71,26,0,26,97
03/21/2021,TCL,AL,ASO,ES,Federal Contract Tower,0,1,30,1,32,0,0,49,6,55,0,1,79,7,87,62,2,64,151
03/22/2021,TCL,AL,ASO,ES,Federal Contract Tower,0,10,24,19,53,0,5,39,0,44,0,15,63,19,97,52,0,52,149
03/23/2021,TCL,AL,ASO,ES,Federal Contract Tower,0,7,16,1,24,0,0,5,0,5,0,7,21,1,29,0,0,0,29
03/24/2021,TCL,AL,ASO,ES,Federal Contract Tower,1,3,16,4,24,0,0,32,0,32,1,3,48,4,56,50,0,50,106
03/25/2021,TCL,AL,ASO,ES,Federal Contract Tower,1,2,9,0,12,0,0,1,0,1,1,2,10,0,13,0,0,0,13
03/26/2021,TCL,AL,ASO,ES,Federal Contract Tower,2,7,18,2,29,0,0,56,2,58,2,7,74,4,87,72,0,72,159
03/27/2021,TCL,AL,ASO,ES,Federal Contract Tower,0,1,14,0,15,0,0,0,0,0,0,1,14,0,15,0,0,0,15
03/28/2021,TCL,AL,ASO,ES,Federal Contract Tower,0,3,30,6,39,0,0,0,4,4,0,3,30,10,43,0,4,4,47
03/29/2021,TCL,AL,ASO,ES,Federal Contract Tower,0,11,24,32,67,0,0,50,2,52,0,11,74,34,119,48,34,82,201
03/30/2021,TCL,AL,ASO,ES,Federal Contract Tower,0,8,17,27,52,0,2,22,3,27,0,10,39,30,79,24,32,56,135
03/31/2021,TCL,AL,ASO,ES,Federal Contract Tower,2,5,10,0,17,0,0,0,0,0,2,5,10,0,17,0,0,0,17
04/01/2021,TCL,AL,ASO,ES,Federal Contract Tower,0,12,20,24,56,0,1,16,6,23,0,13,36,30,79,12,0,12,91
04/02/2021,TCL,AL,ASO,ES,Federal Contract Tower,0,3,18,0,21,0,0,39,0,39,0,3,57,0,60,52,0,52,112
04/03/2021,TCL,AL,ASO,ES,Federal Contract Tower,1,4,17,0,22,0,2,65,0,67,1,6,82,0,89,71,0,71,160
04/04/2021,TCL,AL,ASO,ES,Federal Contract Tower,0,4,11,0,15,0,0,33,0,33,0,4,44,0,48,6,0,6,54
04/05/2021,TCL,AL,ASO,ES,Federal Contract Tower,0,9,30,42,81,0,4,52,0,56,0,13,82,42,137,64,12,76,213
04/06/2021,TCL,AL,ASO,ES,Federal Contract Tower,0,3,10,37,50,0,0,40,6,46,0,3,50,43,96,20,40,60,156
04/07/2021,TCL,AL,ASO,ES,Federal Contract Tower,0,4,14,40,58,0,0,22,14,36,0,4,36,54,94,20,0,20,114
04/08/2021,TCL,AL,ASO,ES,Federal Contract Tower,1,4,17,12,34,0,0,25,2,27,1,4,42,14,61,26,64,90,151
04/09/2021,TCL,AL,ASO,ES,Federal Contract Tower,0,6,13,4,23,0,0,12,0,12,0,6,25,4,35,18,0,18,53
04/10/2021,TCL,AL,ASO,ES,Federal Contract Tower,0,3,16,0,19,0,1,21,0,22,0,4,37,0,41,64,0,64,105
04/11/2021,TCL,AL,ASO,ES,Federal Contract Tower,2,7,26,1,36,0,1,48,1,50,2,8,74,2,86,38,0,38,124
04/12/2021,TCL,AL,ASO,ES,Federal Contract Tower,0,5,23,26,54,0,1,36,4,41,0,6,59,30,95,16,8,24,119
04/13/2021,TCL,AL,ASO,ES,Federal Contract Tower,0,5,30,28,63,0,0,25,6,31,0,5,55,34,94,34,0,34,128
04/15/2021,TCL,AL,ASO,ES,Federal Contract Tower,0,10,22,45,77,0,4,30,0,34,0,14,52,45,111,48,10,58,169
04/16/2021,TCL,AL,ASO,ES,Federal Contract Tower,0,10,24,36,70,0,2,37,8,47,0,12,61,44,117,20,10,30,147
04/17/2021,TCL,AL,ASO,ES,Federal Contract Tower,0,2,22,0,24,0,3,22,4,29,0,5,44,4,53,18,0,18,71
04/18/2021,TCL,AL,ASO,ES,Federal Contract Tower,0,10,26,2,38,0,0,34,0,34,0,10,60,2,72,98,0,98,170
04/19/2021,TCL,AL,ASO,ES,Federal Contract Tower,0,0,26,4,30,0,1,42,2,45,0,1,68,6,75,18,0,18,93
04/20/2021,TCL,AL,ASO,ES,Federal Contract Tower,0,3,13,7,23,0,0,33,0,33,0,3,46,7,56,34,0,34,90
04/21/2021,TCL,AL,ASO,ES,Federal Contract Tower,0,2,17,2,21,0,0,23,10,33,0,2,40,12,54,4,4,8,62
04/22/2021,TCL,AL,ASO,ES,Federal Contract Tower,0,5,30,10,45,0,2,31,5,38,0,7,61,15,83,40,8,48,131
04/23/2021,TCL,AL,ASO,ES,Federal Contract Tower,0,1,15,7,23,0,2,26,2,30,0,3,41,9,53,120,6,126,179
04/24/2021,TCL,AL,ASO,ES,Federal Contract Tower,0,1,7,0,8,0,2,4,0,6,0,3,11,0,14,0,0,0,14
04/25/2021,TCL,AL,ASO,ES,Federal Contract Tower,0,3,14,0,17,0,2,29,0,31,0,5,43,0,48,62,0,62,110
04/26/2021,TCL,AL,ASO,ES,Federal Contract Tower,0,4,23,8,35,0,7,35,0,42,0,11,58,8,77,26,0,26,103
04/27/2021,TCL,AL,ASO,ES,Federal Contract Tower,0,3,26,20,49,0,0,26,2,28,0,3,52,22,77,48,10,58,135
04/28/2021,TCL,AL,ASO,ES,Federal Contract Tower,0,2,24,8,34,0,0,29,8,37,0,2,53,16,71,75,0,75,146
04/29/2021,TCL,AL,ASO,ES,Federal Contract Tower,0,5,37,2,44,0,5,13,2,20,0,10,50,4,64,34,0,34,98
04/30/2021,TCL,AL,ASO,ES,Federal Contract Tower,0,5,19,8,32,0,0,23,2,25,0,5,42,10,57,34,10,44,101
05/01/2021,TCL,AL,ASO,ES,Federal Contract Tower,0,2,26,0,28,0,2,47,0,49,0,4,73,0,77,78,0,78,155
05/02/2021,TCL,AL,ASO,ES,Federal Contract Tower,0,4,26,0,30,0,0,17,0,17,0,4,43,0,47,46,0,46,93
05/03/2021,TCL,AL,ASO,ES,Federal Contract Tower,0,7,7,0,14,0,0,2,0,2,0,7,9,0,16,0,0,0,16
05/04/2021,TCL,AL,ASO,ES,Federal Contract Tower,0,2,12,0,14,0,0,2,0,2,0,2,14,0,16,0,0,0,16
05/05/2021,TCL,AL,ASO,ES,Federal Contract Tower,0,4,13,0,17,0,0,14,2,16,0,4,27,2,33,24,0,24,57
05/06/2021,TCL,AL,ASO,ES,Federal Contract Tower,0,0,29,0,29,0,2,51,1,54,0,2,80,1,83,12,0,12,95
05/07/2021,TCL,AL,ASO,ES,Federal Contract Tower,0,0,12,0,12,0,2,40,4,46,0,2,52,4,58,38,0,38,96
05/08/2021,TCL,AL,ASO,ES,Federal Contract Tower,0,1,10,0,11,0,0,36,4,40,0,1,46,4,51,24,0,24,75
05/09/2021,TCL,AL,ASO,ES,Federal Contract Tower,0,0,8,0,8,0,4,11,0,15,0,4,19,0,23,0,0,0,23
05/10/2021,TCL,AL,ASO,ES,Federal Contract Tower,0,3,12,0,15,0,1,11,0,12,0,4,23,0,27,46,0,46,73
05/11/2021,TCL,AL,ASO,ES,Federal Contract Tower,0,0,19,2,21,0,0,3,0,3,0,0,22,2,24,0,0,0,24
05/12/2021,TCL,AL,ASO,ES,Federal Contract Tower,0,0,16,0,16,0,0,11,0,11,0,0,27,0,27,38,0,38,65
05/13/2021,TCL,AL,ASO,ES,Federal Contract Tower,0,1,24,0,25,0,0,41,2,43,0,1,65,2,68,70,4,74,142
05/14/2021,TCL,AL,ASO,ES,Federal Contract Tower,0,1,16,0,17,0,2,44,4,50,0,3,60,4,67,50,0,50,117
05/15/2021,TCL,AL,ASO,ES,Federal Contract Tower,0,0,2,0,2,0,0,69,4,73,0,0,71,4,75,30,0,30,105
05/16/2021,TCL,AL,ASO,ES,Federal Contract Tower,0,2,20,2,24,0,2,33,4,39,0,4,53,6,63,24,4,28,91
05/17/2021,TCL,AL,ASO,ES,Federal Contract Tower,0,5,20,3,28,0,0,38,4,42,0,5,58,7,70,26,4,30,100
05/18/2021,TCL,AL,ASO,ES,Federal Contract Tower,0,1,23,0,24,0,0,24,7,31,0,1,47,7,55,0,0,0,55
05/19/2021,TCL,AL,ASO,ES,Federal Contract Tower,0,3,19,4,26,0,0,21,14,35,0,3,40,18,61,34,12,46,107
05/20/2021,TCL,AL,ASO,ES,Federal Contract Tower,0,6,26,4,36,0,0,11,0,11,0,6,37,4,47,12,0,12,59
05/21/2021,TCL,AL,ASO,ES,Federal Contract Tower,0,6,24,6,36,0,2,28,6,36,0,8,52,12,72,80,0,80,152
05/22/2021,TCL,AL,ASO,ES,Federal Contract Tower,0,0,12,0,12,0,8,39,0,47,0,8,51,0,59,38,0,38,97
05/23/2021,TCL,AL,ASO,ES,Federal Contract Tower,0,2,14,0,16,0,0,31,2,33,0,2,45,2,49,36,4,40,89
05/24/2021,TCL,AL,ASO,ES,Federal Contract Tower,0,3,15,0,18,0,3,52,15,70,0,6,67,15,88,98,16,114,202
05/25/2021,TCL,AL,ASO,ES,Federal Contract Tower,0,2,26,12,40,0,0,25,4,29,0,2,51,16,69,60,0,60,129
05/26/2021,TCL,AL,ASO,ES,Federal Contract Tower,0,3,23,4,30,0,2,35,4,41,0,5,58,8,71,28,4,32,103
05/27/2021,TCL,AL,ASO,ES,Federal Contract Tower,0,3,23,8,34,0,0,31,4,35,0,3,54,12,69,38,4,42,111
05/28/2021,TCL,AL,ASO,ES,Federal Contract Tower,0,2,18,0,20,0,2,17,0,19,0,4,35,0,39,52,0,52,91
05/29/2021,TCL,AL,ASO,ES,Federal Contract Tower,0,3,16,0,19,0,0,15,0,15,0,3,31,0,34,0,0,0,34
05/30/2021,TCL,AL,ASO,ES,Federal Contract Tower,0,4,13,0,17,0,7,28,5,40,0,11,41,5,57,56,10,66,123
05/31/2021,TCL,AL,ASO,ES,Federal Contract Tower,0,0,15,0,15,0,0,46,0,46,0,0,61,0,61,58,0,58,119
06/01/2021,TCL,AL,ASO,ES,Federal Contract Tower,0,1,22,14,37,0,0,20,2,22,0,1,42,16,59,36,0,36,95
06/02/2021,TCL,AL,ASO,ES,Federal Contract Tower,0,4,19,0,23,0,0,16,0,16,0,4,35,0,39,36,0,36,75
06/03/2021,TCL,AL,ASO,ES,Federal Contract Tower,0,1,17,2,20,0,0,11,0,11,0,1,28,2,31,0,0,0,31
06/04/2021,TCL,AL,ASO,ES,Federal Contract Tower,0,0,22,20,42,0,4,40,6,50,0,4,62,26,92,96,0,96,188
06/05/2021,TCL,AL,ASO,ES,Federal Contract Tower,0,3,5,0,8,0,0,17,0,17,0,3,22,0,25,0,0,0,25
06/06/2021,TCL,AL,ASO,ES,Federal Contract Tower,0,0,6,0,6,0,0,0,0,0,0,0,6,0,6,0,0,0,6
06/07/2021,TCL,AL,ASO,ES,Federal Contract Tower,0,0,21,10,31,0,0,5,2,7,0,0,26,12,38,6,0,6,44
06/08/2021,TCL,AL,ASO,ES,Federal Contract Tower,0,0,17,0,17,0,0,7,0,7,0,0,24,0,24,0,0,0,24
06/09/2021,TCL,AL,ASO,ES,Federal Contract Tower,0,4,8,0,12,0,0,2,0,2,0,4,10,0,14,16,0,16,30
06/10/2021,TCL,AL,ASO,ES,Federal Contract Tower,0,5,21,0,26,0,0,0,0,0,0,5,21,0,26,0,0,0,26
06/11/2021,TCL,AL,ASO,ES,Federal Contract Tower,0,5,14,1,20,0,0,5,9,14,0,5,19,10,34,0,0,0,34
06/12/2021,TCL,AL,ASO,ES,Federal Contract Tower,0,5,8,1,14,0,0,16,1,17,0,5,24,2,31,32,0,32,63
06/13/2021,TCL,AL,ASO,ES,Federal Contract Tower,0,2,23,0,25,0,0,26,0,26,0,2,49,0,51,66,0,66,117
06/14/2021,TCL,AL,ASO,ES,Federal Contract Tower,0,4,17,8,29,0,0,13,1,14,0,4,30,9,43,31,0,31,74
06/15/2021,TCL,AL,ASO,ES,Federal Contract Tower,0,6,26,16,48,0,0,44,6,50,0,6,70,22,98,78,6,84,182
06/16/2021,TCL,AL,ASO,ES,Federal Contract Tower,0,5,31,32,68,0,0,47,8,55,0,5,78,40,123,98,14,112,235
06/17/2021,TCL,AL,ASO,ES,Federal Contract Tower,0,3,35,15,53,0,2,45,4,51,0,5,80,19,104,62,32,94,198
06/18/2021,TCL,AL,ASO,ES,Federal Contract Tower,0,14,28,0,42,0,2,34,0,36,0,16,62,0,78,82,0,82,160
06/21/2021,TCL,AL,ASO,ES,Federal Contract Tower,2,9,14,8,33,0,0,9,0,9,2,9,23,8,42,40,0,40,82
06/22/2021,TCL,AL,ASO,ES,Federal Contract Tower,0,6,17,12,35,0,1,19,10,30,0,7,36,22,65,22,2,24,89
06/23/2021,TCL,AL,ASO,ES,Federal Contract Tower,0,9,33,25,67,0,2,47,8,57,0,11,80,33,124,78,18,96,220
06/24/2021,TCL,AL,ASO,ES,Federal Contract Tower,0,2,31,19,52,0,0,24,14,38,0,2,55,33,90,10,14,24,114
06/25/2021,TCL,AL,ASO,ES,Federal Contract Tower,0,3,25,47,75,0,2,19,6,27,0,5,44,53,102,24,132,156,258
06/26/2021,TCL,AL,ASO,ES,Federal Contract Tower,0,3,16,2,21,0,2,32,0,34,0,5,48,2,55,16,0,16,71
06/27/2021,TCL,AL,ASO,ES,Federal Contract Tower,0,2,19,0,21,0,0,17,4,21,0,2,36,4,42,38,0,38,80
06/28/2021,TCL,AL,ASO,ES,Federal Contract Tower,0,6,15,28,49,0,6,41,18,65,0,12,56,46,114,82,40,122,236
06/29/2021,TCL,AL,ASO,ES,Federal Contract Tower,0,7,19,13,39,0,0,24,2,26,0,7,43,15,65,44,0,44,109
06/30/2021,TCL,AL,ASO,ES,Federal Contract Tower,0,3,25,18,46,0,0,25,2,27,0,3,50,20,73,124,46,170,243
07/01/2021,TCL,AL,ASO,ES,Federal Contract Tower,0,6,29,14,49,0,3,12,0,15,0,9,41,14,64,20,0,20,84
07/02/2021,TCL,AL,ASO,ES,Federal Contract Tower,0,1,14,0,15,0,0,4,0,4,0,1,18,0,19,20,0,20,39
07/03/2021,TCL,AL,ASO,ES,Federal Contract Tower,0,0,13,0,13,0,2,45,0,47,0,2,58,0,60,32,0,32,92
07/04/2021,TCL,AL,ASO,ES,Federal Contract Tower,0,0,1,0,1,0,0,23,0,23,0,0,24,0,24,34,0,34,58
07/05/2021,TCL,AL,ASO,ES,Federal Contract Tower,0,3,18,4,25,0,0,33,0,33,0,3,51,4,58,44,12,56,114
07/06/2021,TCL,AL,ASO,ES,Federal Contract Tower,0,5,15,10,30,0,0,14,0,14,0,5,29,10,44,64,32,96,140
07/07/2021,TCL,AL,ASO,ES,Federal Contract Tower,1,2,19,6,28,0,0,2,0,2,1,2,21,6,30,0,32,32,62
07/08/2021,TCL,AL,ASO,ES,Federal Contract Tower,0,4,9,0,13,0,0,2,0,2,0,4,11,0,15,0,0,0,15
07/09/2021,TCL,AL,ASO,ES,Federal Contract Tower,0,4,19,17,40,0,4,23,2,29,0,8,42,19,69,76,0,76,145
07/10/2021,TCL,AL,ASO,ES,Federal Contract Tower,0,0,11,3,14,0,0,30,2,32,0,0,41,5,46,18,6,24,70
07/11/2021,TCL,AL,ASO,ES,Federal Contract Tower,0,2,26,8,36,0,0,5,0,5,0,2,31,8,41,4,6,10,51
07/12/2021,TCL,AL,ASO,ES,Federal Contract Tower,0,2,16,2,20,0,0,9,5,14,0,2,25,7,34,22,0,22,56
07/13/2021,TCL,AL,ASO,ES,Federal Contract Tower,0,7,20,0,27,0,0,15,7,22,0,7,35,7,49,8,0,8,57
07/14/2021,TCL,AL,ASO,ES,Federal Contract Tower,0,5,20,6,31,0,0,51,2,53,0,5,71,8,84,62,14,76,160
07/15/2021,TCL,AL,ASO,ES,Federal Contract Tower,0,1,25,30,56,0,4,31,8,43,0,5,56,38,99,26,38,64,163
07/16/2021,TCL,AL,ASO,ES,Federal Contract Tower,0,3,14,5,22,0,1,21,7,29,0,4,35,12,51,72,0,72,123
07/17/2021,TCL,AL,ASO,ES,Federal Contract Tower,0,3,18,0,21,0,0,0,0,0,0,3,18,0,21,0,0,0,21
07/19/2021,TCL,AL,ASO,ES,Federal Contract Tower,0,2,17,6,25,0,0,11,2,13,0,2,28,8,38,48,56,104,142
07/20/2021,TCL,AL,ASO,ES,Federal Contract Tower,0,4,22,0,26,0,0,15,0,15,0,4,37,0,41,18,0,18,59
07/21/2021,TCL,AL,ASO,ES,Federal Contract Tower,0,5,23,11,39,0,0,14,4,18,0,5,37,15,57,52,32,84,141
07/22/2021,TCL,AL,ASO,ES,Federal Contract Tower,0,3,40,0,43,0,0,29,6,35,0,3,69,6,78,28,8,36,114
07/23/2021,TCL,AL,ASO,ES,Federal Contract Tower,0,0,19,0,19,0,0,21,0,21,0,0,40,0,40,36,0,36,76
07/24/2021,TCL,AL,ASO,ES,Federal Contract Tower,0,10,10,2,22,0,0,39,0,39,0,10,49,2,61,48,6,54,115
07/25/2021,TCL,AL,ASO,ES,Federal Contract Tower,0,2,13,4,19,0,1,30,2,33,0,3,43,6,52,30,6,36,88
07/26/2021,TCL,AL,ASO,ES,Federal Contract Tower,0,4,20,9,33,0,0,22,2,24,0,4,42,11,57,32,12,44,101
07/27/2021,TCL,AL,ASO,ES,Federal Contract Tower,0,8,21,4,33,0,0,19,0,19,0,8,40,4,52,18,0,18,70
07/28/2021,TCL,AL,ASO,ES,Federal Contract Tower,0,2,9,15,26,0,2,14,6,22,0,4,23,21,48,44,12,56,104
07/29/2021,TCL,AL,ASO,ES,Federal Contract Tower,0,8,30,15,53,0,1,38,3,42,0,9,68,18,95,96,16,112,207
07/30/2021,TCL,AL,ASO,ES,Federal Contract Tower,0,5,22,14,41,0,2,17,4,23,0,7,39,18,64,80,0,80,144
07/31/2021,TCL,AL,ASO,ES,Federal Contract Tower,0,6,13,0,19,0,2,19,2,23,0,8,32,2,42,50,0,50,92
08/01/2021,TCL,AL,ASO,ES,Federal Contract Tower,0,3,14,30,47,0,0,13,6,19,0,3,27,36,66,30,10,40,106
08/02/2021,TCL,AL,ASO,ES,Federal Contract Tower,0,5,15,0,20,0,0,7,5,12,0,5,22,5,32,6,14,20,52
08/03/2021,TCL,AL,ASO,ES,Federal Contract Tower,0,2,15,10,27,0,0,26,0,26,0,2,41,10,53,58,4,62,115
08/04/2021,TCL,AL,ASO,ES,Federal Contract Tower,0,2,20,10,32,0,0,23,4,27,0,2,43,14,59,20,0,20,79
08/05/2021,TCL,AL,ASO,ES,Federal Contract Tower,0,6,18,8,32,0,2,29,2,33,0,8,47,10,65,2,0,2,67
08/06/2021,TCL,AL,ASO,ES,Federal Contract Tower,0,1,20,18,39,0,0,26,8,34,0,1,46,26,73,60,8,68,141
08/07/2021,TCL,AL,ASO,ES,Federal Contract Tower,0,4,18,0,22,0,0,28,0,28,0,4,46,0,50,34,0,34,84
08/08/2021,TCL,AL,ASO,ES,Federal Contract Tower,0,0,23,0,23,0,0,24,0,24,0,0,47,0,47,30,0,30,77
08/09/2021,TCL,AL,ASO,ES,Federal Contract Tower,0,2,20,8,30,0,0,25,10,35,0,2,45,18,65,80,20,100,165
08/10/2021,TCL,AL,ASO,ES,Federal Contract Tower,0,4,15,2,21,0,0,33,2,35,0,4,48,4,56,56,0,56,112
08/11/2021,TCL,AL,ASO,ES,Federal Contract Tower,0,6,21,2,29,0,0,8,4,12,0,6,29,6,41,18,0,18,59
08/12/2021,TCL,AL,ASO,ES,Federal Contract Tower,0,6,42,0,48,0,4,18,6,28,0,10,60,6,76,0,2,2,78
08/13/2021,TCL,AL,ASO,ES,Federal Contract Tower,0,5,22,6,33,0,0,34,1,35,0,5,56,7,68,126,0,126,194
08/14/2021,TCL,AL,ASO,ES,Federal Contract Tower,0,3,12,1,16,0,3,22,1,26,0,6,34,2,42,50,0,50,92
08/15/2021,TCL,AL,ASO,ES,Federal Contract Tower,0,15,27,0,42,0,3,23,0,26,0,18,50,0,68,78,0,78,146
08/16/2021,TCL,AL,ASO,ES,Federal Contract Tower,0,9,20,2,31,0,0,20,0,20,0,9,40,2,51,40,4,44,95
08/17/2021,TCL,AL,ASO,ES,Federal Contract Tower,0,0,7,27,34,0,2,32,0,34,0,2,39,27,68,102,4,106,174
08/18/2021,TCL,AL,ASO,ES,Federal Contract Tower,0,4,25,17,46,0,1,41,3,45,0,5,66,20,91,56,32,88,179
08/19/2021,TCL,AL,ASO,ES,Federal Contract Tower,0,12,7,0,19,0,0,6,0,6,0,12,13,0,25,12,0,12,37
08/20/2021,TCL,AL,ASO,ES,Federal Contract Tower,0,4,20,2,26,0,0,4,0,4,0,4,24,2,30,24,0,24,54
08/21/2021,TCL,AL,ASO,ES,Federal Contract Tower,0,3,6,0,9,0,1,2,0,3,0,4,8,0,12,0,0,0,12
08/22/2021,TCL,AL,ASO,ES,Federal Contract Tower,0,2,18,9,29,0,4,17,3,24,0,6,35,12,53,48,0,48,101
08/23/2021,TCL,AL,ASO,ES,Federal Contract Tower,0,4,21,8,33,0,0,34,5,39,0,4,55,13,72,54,0,54,126
08/24/2021,TCL,AL,ASO,ES,Federal Contract Tower,0,11,24,10,45,0,4,23,3,30,0,15,47,13,75,30,0,30,105
08/25/2021,TCL,AL,ASO,ES,Federal Contract Tower,0,4,23,15,42,0,2,28,6,36,0,6,51,21,78,78,14,92,170
08/27/2021,TCL,AL,ASO,ES,Federal Contract Tower,0,7,17,12,36,0,1,32,10,43,0,8,49,22,79,33,6,39,118
08/28/2021,TCL,AL,ASO,ES,Federal Contract Tower,0,2,22,0,24,0,2,13,0,15,0,4,35,0,39,20,0,20,59
08/29/2021,TCL,AL,ASO,ES,Federal Contract Tower,0,4,24,0,28,0,0,9,0,9,0,4,33,0,37,14,0,14,51
08/30/2021,TCL,AL,ASO,ES,Federal Contract Tower,0,2,3,0,5,0,0,0,0,0,0,2,3,0,5,0,0,0,5
08/31/2021,TCL,AL,ASO,ES,Federal Contract Tower,0,0,7,0,7,0,0,0,0,0,0,0,7,0,7,0,0,0,7
09/01/2021,TCL,AL,ASO,ES,Federal Contract Tower,0,3,21,8,32,0,2,18,6,26,0,5,39,14,58,36,0,36,94
09/02/2021,TCL,AL,ASO,ES,Federal Contract Tower,2,5,30,22,59,0,2,34,4,40,2,7,64,26,99,52,8,60,159
09/03/2021,TCL,AL,ASO,ES,Federal Contract Tower,2,4,31,2,39,0,0,35,1,36,2,4,66,3,75,36,0,36,111
09/04/2021,TCL,AL,ASO,ES,Federal Contract Tower,0,4,11,0,15,0,0,24,0,24,0,4,35,0,39,44,0,44,83
09/05/2021,TCL,AL,ASO,ES,Federal Contract Tower,3,0,7,3,13,0,0,29,0,29,3,0,36,3,42,32,0,32,74
09/06/2021,TCL,AL,ASO,ES,Federal Contract Tower,0,2,35,0,37,0,0,21,0,21,0,2,56,0,58,10,0,10,68
09/07/2021,TCL,AL,ASO,ES,Federal Contract Tower,0,2,23,9,34,0,1,15,6,22,0,3,38,15,56,38,0,38,94
09/08/2021,TCL,AL,ASO,ES,Federal Contract Tower,0,4,23,5,32,0,0,19,2,21,0,4,42,7,53,10,0,10,63
09/09/2021,TCL,AL,ASO,ES,Federal Contract Tower,0,5,32,20,57,0,0,35,6,41,0,5,67,26,98,20,0,20,118
09/10/2021,TCL,AL,ASO,ES,Federal Contract Tower,0,10,24,22,56,0,0,26,2,28,0,10,50,24,84,24,0,24,108
09/11/2021,TCL,AL,ASO,ES,Federal Contract Tower,0,21,29,0,50,0,0,20,2,22,0,21,49,2,72,16,0,16,88
09/12/2021,TCL,AL,ASO,ES,Federal Contract Tower,0,5,34,2,41,0,0,29,0,29,0,5,63,2,70,22,0,22,92
09/13/2021,TCL,AL,ASO,ES,Federal Contract Tower,0,6,18,24,48,0,0,17,0,17,0,6,35,24,65,32,0,32,97
09/14/2021,TCL,AL,ASO,ES,Federal Contract Tower,0,4,24,6,34,0,0,11,2,13,0,4,35,8,47,26,0,26,73
09/15/2021,TCL,AL,ASO,ES,Federal Contract Tower,2,2,15,18,37,0,0,1,0,1,2,2,16,18,38,0,32,32,70
09/16/2021,TCL,AL,ASO,ES,Federal Contract Tower,0,1,21,26,48,0,0,2,0,2,0,1,23,26,50,0,40,40,90
09/17/2021,TCL,AL,ASO,ES,Federal Contract Tower,4,11,29,15,59,0,0,1,1,2,4,11,30,16,61,10,0,10,71
09/18/2021,TCL,AL,ASO,ES,Federal Contract Tower,0,2,8,0,10,0,0,0,1,1,0,2,8,1,11,0,0,0,11
09/19/2021,TCL,AL,ASO,ES,Federal Contract Tower,0,8,23,0,31,0,0,7,0,7,0,8,30,0,38,0,0,0,38
09/20/2021,TCL,AL,ASO,ES,Federal Contract Tower,0,4,14,4,22,0,2,9,0,11,0,6,23,4,33,34,0,34,67
09/21/2021,TCL,AL,ASO,ES,Federal Contract Tower,0,1,12,2,15,0,0,4,0,4,0,1,16,2,19,14,0,14,33
09/22/2021,TCL,AL,ASO,ES,Federal Contract Tower,0,6,28,12,46,0,0,15,4,19,0,6,43,16,65,0,0,0,65
09/23/2021,TCL,AL,ASO,ES,Federal Contract Tower,0,15,31,11,57,0,0,48,5,53,0,15,79,16,110,36,0,36,146
09/24/2021,TCL,AL,ASO,ES,Federal Contract Tower,0,17,62,12,91,0,2,28,6,36,0,19,90,18,127,26,4,30,157
09/25/2021,TCL,AL,ASO,ES,Federal Contract Tower,0,3,29,0,32,0,0,20,1,21,0,3,49,1,53,0,2,2,55
09/26/2021,TCL,AL,ASO,ES,Federal Contract Tower,0,22,64,0,86,0,0,47,0,47,0,22,111,0,133,14,0,14,147
09/27/2021,TCL,AL,ASO,ES,Federal Contract Tower,0,2,31,20,53,0,0,51,4,55,0,2,82,24,108,70,26,96,204
09/28/2021,TCL,AL,ASO,ES,Federal Contract Tower,0,2,14,34,50,0,0,35,6,41,0,2,49,40,91,40,0,40,131
09/29/2021,TCL,AL,ASO,ES,Federal Contract Tower,0,5,22,24,51,0,0,17,4,21,0,5,39,28,72,18,56,74,146
09/30/2021,TCL,AL,ASO,ES,Federal Contract Tower,0,4,31,32,67,0,2,10,1,13,0,6,41,33,80,138,0,138,218
10/02/2021,TCL,AL,ASO,ES,Federal Contract Tower,0,53,124,0,177,0,2,31,0,33,0,55,155,0,210,122,0,122,332
10/03/2021,TCL,AL,ASO,ES,Federal Contract Tower,0,45,74,1,120,0,0,4,3,7,0,45,78,4,127,0,8,8,135
10/04/2021,TCL,AL,ASO,ES,Federal Contract Tower,0,2,18,24,44,0,0,16,7,23,0,2,34,31,67,10,8,18,85
10/05/2021,TCL,AL,ASO,ES,Federal Contract Tower,0,0,23,0,23,0,0,2,0,2,0,0,25,0,25,0,0,0,25
10/06/2021,TCL,AL,ASO,ES,Federal Contract Tower,0,7,17,4,28,0,0,6,0,6,0,7,23,4,34,6,16,22,56
10/07/2021,TCL,AL,ASO,ES,Federal Contract Tower,0,6,13,12,31,0,1,7,6,14,0,7,20,18,45,0,0,0,45
10/09/2021,TCL,AL,ASO,ES,Federal Contract Tower,0,8,21,3,32,0,1,34,1,36,0,9,55,4,68,38,0,38,106
10/10/2021,TCL,AL,ASO,ES,Federal Contract Tower,0,2,28,0,30,0,4,29,0,33,0,6,57,0,63,28,0,28,91
10/11/2021,TCL,AL,ASO,ES,Federal Contract Tower,0,6,21,0,27,0,0,17,0,17,0,6,38,0,44,4,0,4,48
10/12/2021,TCL,AL,ASO,ES,Federal Contract Tower,0,13,27,25,65,0,0,17,4,21,0,13,44,29,86,44,134,178,264
10/13/2021,TCL,AL,ASO,ES,Federal Contract Tower,0,7,28,39,74,0,2,25,13,40,0,9,53,52,114,64,68,132,246
10/14/2021,TCL,AL,ASO,ES,Federal Contract Tower,0,16,36,26,78,0,0,34,0,34,0,16,70,26,112,18,20,38,150
10/15/2021,TCL,AL,ASO,ES,Federal Contract Tower,0,15,23,37,75,0,4,18,2,24,0,19,41,39,99,20,16,36,135
10/16/2021,TCL,AL,ASO,ES,Federal Contract Tower,0,3,17,0,20,0,0,13,0,13,0,3,30,0,33,36,0,36,69
10/17/2021,TCL,AL,ASO,ES,Federal Contract Tower,0,6,27,17,50,0,2,23,1,26,0,8,50,18,76,0,0,0,76
10/18/2021,TCL,AL,ASO,ES,Federal Contract Tower,0,4,27,30,61,0,0,34,8,42,0,4,61,38,103,108,24,132,235
10/19/2021,TCL,AL,ASO,ES,Federal Contract Tower,0,4,22,16,42,0,0,30,0,30,0,4,52,16,72,30,20,50,122
10/20/2021,TCL,AL,ASO,ES,Federal Contract Tower,1,6,20,37,64,0,0,15,4,19,1,6,35,41,83,32,22,54,137
10/21/2021,TCL,AL,ASO,ES,Federal Contract Tower,1,16,18,9,44,0,1,10,2,13,1,17,28,11,57,38,0,38,95
10/22/2021,TCL,AL,ASO,ES,Federal Contract Tower,1,42,71,21,135,0,2,40,16,58,1,44,111,37,193,2,0,2,195
10/23/2021,TCL,AL,ASO,ES,Federal Contract Tower,4,35,112,2,153,0,1,54,18,73,4,36,166,20,226,12,0,12,238
10/24/2021,TCL,AL,ASO,ES,Federal Contract Tower,0,36,60,3,99,0,0,44,3,47,0,36,104,6,146,2,0,2,148
10/25/2021,TCL,AL,ASO,ES,Federal Contract Tower,0,9,16,10,35,0,0,11,0,11,0,9,27,10,46,0,10,10,56
10/26/2021,TCL,AL,ASO,ES,Federal Contract Tower,3,9,26,7,45,0,0,42,3,45,3,9,68,10,90,82,0,82,172
10/27/2021,TCL,AL,ASO,ES,Federal Contract Tower,0,14,28,16,58,0,0,29,2,31,0,14,57,18,89,22,10,32,121
10/28/2021,TCL,AL,ASO,ES,Federal Contract Tower,0,20,31,5,56,0,0,12,0,12,0,20,43,5,68,8,0,8,76
10/29/2021,TCL,AL,ASO,ES,Federal Contract Tower,0,10,18,2,30,0,0,1,0,1,0,10,19,2,31,0,0,0,31
10/30/2021,TCL,AL,ASO,ES,Federal Contract Tower,0,2,17,0,19,0,0,11,0,11,0,2,28,0,30,0,0,0,30
10/31/2021,TCL,AL,ASO,ES,Federal Contract Tower,0,11,41,0,52,0,0,51,0,51,0,11,92,0,103,50,0,50,153
11/01/2021,TCL,AL,ASO,ES,Federal Contract Tower,0,2,21,20,43,0,2,26,0,28,0,4,47,20,71,44,0,44,115
11/02/2021,TCL,AL,ASO,ES,Federal Contract Tower,0,10,38,16,64,0,0,41,2,43,0,10,79,18,107,40,6,46,153
11/03/2021,TCL,AL,ASO,ES,Federal Contract Tower,2,11,20,18,51,0,0,25,6,31,2,11,45,24,82,14,40,54,136
11/04/2021,TCL,AL,ASO,ES,Federal Contract Tower,3,10,39,12,64,0,0,0,0,0,3,10,39,12,64,0,0,0,64
11/05/2021,TCL,AL,ASO,ES,Federal Contract Tower,0,38,69,24,131,0,0,35,6,41,0,38,104,30,172,40,60,100,272
11/06/2021,TCL,AL,ASO,ES,Federal Contract Tower,4,56,117,0,177,0,2,51,2,55,4,58,168,2,232,152,0,152,384
11/07/2021,TCL,AL,ASO,ES,Federal Contract Tower,0,32,106,0,138,0,0,55,0,55,0,32,161,0,193,34,0,34,227
11/08/2021,TCL,AL,ASO,ES,Federal Contract Tower,0,3,20,20,43,0,0,32,3,35,0,3,52,23,78,80,16,96,174
11/09/2021,TCL,AL,ASO,ES,Federal Contract Tower,0,3,27,16,46,0,0,48,2,50,0,3,75,18,96,54,0,54,150
11/10/2021,TCL,AL,ASO,ES,Federal Contract Tower,0,6,19,16,41,0,0,31,3,34,0,6,50,19,75,32,8,40,115
11/11/2021,TCL,AL,ASO,ES,Federal Contract Tower,0,3,18,0,21,0,0,5,0,5,0,3,23,0,26,12,0,12,38
11/12/2021,TCL,AL,ASO,ES,Federal Contract Tower,0,12,36,12,60,0,0,25,10,35,0,12,61,22,95,40,0,40,135
11/13/2021,TCL,AL,ASO,ES,Federal Contract Tower,2,4,23,0,29,0,1,29,2,32,2,5,52,2,61,4,10,14,75
11/14/2021,TCL,AL,ASO,ES,Federal Contract Tower,0,8,26,2,36,0,0,49,2,51,0,8,75,4,87,38,4,42,129
11/15/2021,TCL,AL,ASO,ES,Federal Contract Tower,0,2,14,22,38,0,0,27,4,31,0,2,41,26,69,24,18,42,111
11/16/2021,TCL,AL,ASO,ES,Federal Contract Tower,2,14,20,18,54,0,0,31,4,35,2,14,51,22,89,74,0,74,163
11/17/2021,TCL,AL,ASO,ES,Federal Contract Tower,0,13,22,14,49,0,0,38,6,44,0,13,60,20,93,78,0,78,171
11/18/2021,TCL,AL,ASO,ES,Federal Contract Tower,0,23,39,0,62,0,0,3,0,3,0,23,42,0,65,0,0,0,65
11/19/2021,TCL,AL,ASO,ES,Federal Contract Tower,1,31,64,4,100,0,4,33,6,43,1,35,97,10,143,32,6,38,181
11/20/2021,TCL,AL,ASO,ES,Federal Contract Tower,7,43,104,0,154,0,2,33,9,44,7,45,137,9,198,142,0,142,340
11/21/2021,TCL,AL,ASO,ES,Federal Contract Tower,2,13,53,4,72,0,0,27,4,31,2,13,80,8,103,26,0,26,129
11/22/2021,TCL,AL,ASO,ES,Federal Contract Tower,7,12,34,8,61,0,0,18,0,18,7,12,52,8,79,18,14,32,111
11/23/2021,TCL,AL,ASO,ES,Federal Contract Tower,4,26,29,10,69,0,0,52,8,60,4,26,81,18,129,56,0,56,185
11/24/2021,TCL,AL,ASO,ES,Federal Contract Tower,3,12,18,12,45,0,2,31,0,33,3,14,49,12,78,82,0,82,160
11/25/2021,TCL,AL,ASO,ES,Federal Contract Tower,1,3,3,0,7,0,5,6,0,11,1,8,9,0,18,0,0,0,18
11/26/2021,TCL,AL,ASO,ES,Federal Contract Tower,6,3,14,0,23,0,2,17,0,19,6,5,31,0,42,4,0,4,46
11/27/2021,TCL,AL,ASO,ES,Federal Contract Tower,0,4,17,0,21,0,0,15,0,15,0,4,32,0,36,0,0,0,36
11/28/2021,TCL,AL,ASO,ES,Federal Contract Tower,0,4,38,0,42,0,0,26,0,26,0,4,64,0,68,16,0,16,84
11/29/2021,TCL,AL,ASO,ES,Federal Contract Tower,1,8,18,14,41,0,0,23,6,29,1,8,41,20,70,30,2,32,102
11/30/2021,TCL,AL,ASO,ES,Federal Contract Tower,1,10,15,10,36,0,0,33,2,35,1,10,48,12,71,6,12,18,89
12/01/2021,TCL,AL,ASO,ES,Federal Contract Tower,1,5,23,32,61,0,0,37,10,47,1,5,60,42,108,66,24,90,198
12/02/2021,TCL,AL,ASO,ES,Federal Contract Tower,1,13,30,14,58,0,0,33,8,41,1,13,63,22,99,26,0,26,125
12/03/2021,TCL,AL,ASO,ES,Federal Contract Tower,2,11,18,14,45,0,2,39,7,48,2,13,57,21,93,114,4,118,211
12/04/2021,TCL,AL,ASO,ES,Federal Contract Tower,2,8,13,2,25,0,0,10,0,10,2,8,23,2,35,34,0,34,69
12/05/2021,TCL,AL,ASO,ES,Federal Contract Tower,0,0,17,4,21,0,0,23,0,23,0,0,40,4,44,10,0,10,54
12/06/2021,TCL,AL,ASO,ES,Federal Contract Tower,0,5,15,4,24,0,0,0,0,0,0,5,15,4,24,0,6,6,30
12/07/2021,TCL,AL,ASO,ES,Federal Contract Tower,0,14,33,34,81,0,0,10,0,10,0,14,43,34,91,72,74,146,237
12/08/2021,TCL,AL,ASO,ES,Federal Contract Tower,0,14,23,34,71,0,0,23,6,29,0,14,46,40,100,56,64,120,220
12/09/2021,TCL,AL,ASO,ES,Federal Contract Tower,4,22,21,18,65,0,0,6,1,7,4,22,27,19,72,2,10,12,84
12/10/2021,TCL,AL,ASO,ES,Federal Contract Tower,1,19,35,0,55,0,0,0,0,0,1,19,35,0,55,2,0,2,57
12/11/2021,TCL,AL,ASO,ES,Federal Contract Tower,1,5,7,0,13,0,0,0,0,0,1,5,7,0,13,0,0,0,13
12/12/2021,TCL,AL,ASO,ES,Federal Contract Tower,1,1,23,0,25,0,0,38,2,40,1,1,61,2,65,38,0,38,103
12/13/2021,TCL,AL,ASO,ES,Federal Contract Tower,1,6,23,20,50,0,2,49,4,55,1,8,72,24,105,140,22,162,267
12/14/2021,TCL,AL,ASO,ES,Federal Contract Tower,0,8,12,20,40,0,0,24,8,32,0,8,36,28,72,32,12,44,116
12/15/2021,TCL,AL,ASO,ES,Federal Contract Tower,2,11,28,24,65,0,0,34,5,39,2,11,62,29,104,50,16,66,170
12/16/2021,TCL,AL,ASO,ES,Federal Contract Tower,0,12,28,40,80,0,0,17,0,17,0,12,45,40,97,36,112,148,245
12/17/2021,TCL,AL,ASO,ES,Federal Contract Tower,0,7,23,4,34,0,0,0,0,0,0,7,23,4,34,12,14,26,60
12/18/2021,TCL,AL,ASO,ES,Federal Contract Tower,0,2,3,7,12,0,0,0,0,0,0,2,3,7,12,0,0,0,12
12/19/2021,TCL,AL,ASO,ES,Federal Contract Tower,0,2,9,2,13,0,0,2,0,2,0,2,11,2,15,14,0,14,29
12/21/2021,TCL,AL,ASO,ES,Federal Contract Tower,0,0,21,12,33,0,0,15,0,15,0,0,36,12,48,22,54,76,124
12/22/2021,TCL,AL,ASO,ES,Federal Contract Tower,0,6,18,6,30,0,0,37,10,47,0,6,55,16,77,50,0,50,127
12/23/2021,TCL,AL,ASO,ES,Federal Contract Tower,0,8,13,0,21,0,1,27,0,28,0,9,40,0,49,42,0,42,91
12/24/2021,TCL,AL,ASO,ES,Federal Contract Tower,0,0,17,0,17,0,0,5,0,5,0,0,22,0,22,4,0,4,26
12/25/2021,TCL,AL,ASO,ES,Federal Contract Tower,0,0,0,0,0,0,0,0,0,0,0,0,0,0,0,0,0,0,0
12/26/2021,TCL,AL,ASO,ES,Federal Contract Tower,0,4,14,0,18,0,2,7,0,9,0,6,21,0,27,8,0,8,35
12/27/2021,TCL,AL,ASO,ES,Federal Contract Tower,0,3,34,0,37,0,0,10,0,10,0,3,44,0,47,20,0,20,67
12/28/2021,TCL,AL,ASO,ES,Federal Contract Tower,2,3,13,0,18,0,4,2,0,6,2,7,15,0,24,32,0,32,56
12/29/2021,TCL,AL,ASO,ES,Federal Contract Tower,0,1,20,0,21,0,2,4,0,6,0,3,24,0,27,10,0,10,37
12/30/2021,TCL,AL,ASO,ES,Federal Contract Tower,2,3,19,0,24,0,0,4,0,4,2,3,23,0,28,2,0,2,30
12/31/2021,TCL,AL,ASO,ES,Federal Contract Tower,0,1,10,0,11,0,6,1,0,7,0,7,11,0,18,0,0,0,18
01/01/2022,TCL,AL,ASO,ES,Federal Contract Tower,4,9,10,0,23,0,0,1,0,1,4,9,11,0,24,0,0,0,24
01/02/2022,TCL,AL,ASO,ES,Federal Contract Tower,0,2,22,0,24,0,0,2,0,2,0,2,24,0,26,4,0,4,30
01/03/2022,TCL,AL,ASO,ES,Federal Contract Tower,0,0,21,0,21,0,0,5,0,5,0,0,26,0,26,0,0,0,26
01/04/2022,TCL,AL,ASO,ES,Federal Contract Tower,2,4,15,2,23,0,0,33,2,35,2,4,48,4,58,54,0,54,112
01/05/2022,TCL,AL,ASO,ES,Federal Contract Tower,2,7,19,14,42,0,0,21,8,29,2,7,40,22,71,60,14,74,145
01/06/2022,TCL,AL,ASO,ES,Federal Contract Tower,2,5,20,6,33,0,0,2,0,2,2,5,22,6,35,0,0,0,35
01/07/2022,TCL,AL,ASO,ES,Federal Contract Tower,2,8,32,19,61,0,0,39,15,54,2,8,71,34,115,50,10,60,175
01/08/2022,TCL,AL,ASO,ES,Federal Contract Tower,1,5,9,19,34,0,0,46,6,52,1,5,55,25,86,60,34,94,180
01/09/2022,TCL,AL,ASO,ES,Federal Contract Tower,1,7,13,0,21,0,0,0,0,0,1,7,13,0,21,0,0,0,21
01/10/2022,TCL,AL,ASO,ES,Federal Contract Tower,4,11,38,4,57,0,0,29,3,32,4,11,67,7,89,8,0,8,97
01/11/2022,TCL,AL,ASO,ES,Federal Contract Tower,0,17,47,12,76,0,0,32,2,34,0,17,79,14,110,28,0,28,138
01/12/2022,TCL,AL,ASO,ES,Federal Contract Tower,0,6,33,0,39,0,0,45,0,45,0,6,78,0,84,126,0,126,210
01/13/2022,TCL,AL,ASO,ES,Federal Contract Tower,0,9,19,2,30,0,1,25,0,26,0,10,44,2,56,24,0,24,80
01/14/2022,TCL,AL,ASO,ES,Federal Contract Tower,0,7,27,12,46,0,1,26,0,27,0,8,53,12,73,62,8,70,143
01/15/2022,TCL,AL,ASO,ES,Federal Contract Tower,0,2,18,0,20,0,0,3,0,3,0,2,21,0,23,0,0,0,23
01/16/2022,TCL,AL,ASO,ES,Federal Contract Tower,2,3,13,0,18,0,0,0,0,0,2,3,13,0,18,0,0,0,18
01/17/2022,TCL,AL,ASO,ES,Federal Contract Tower,0,7,25,3,35,0,0,24,0,24,0,7,49,3,59,104,0,104,163
01/18/2022,TCL,AL,ASO,ES,Federal Contract Tower,2,5,27,16,50,0,0,42,0,42,2,5,69,16,92,106,4,110,202
01/19/2022,TCL,AL,ASO,ES,Federal Contract Tower,1,4,22,22,49,0,0,16,2,18,1,4,38,24,67,24,44,68,135
01/20/2022,TCL,AL,ASO,ES,Federal Contract Tower,3,7,19,4,33,0,0,2,1,3,3,7,21,5,36,0,0,0,36
01/21/2022,TCL,AL,ASO,ES,Federal Contract Tower,3,3,33,15,54,0,0,13,8,21,3,3,46,23,75,10,6,16,91
01/22/2022,TCL,AL,ASO,ES,Federal Contract Tower,0,1,23,0,24,0,0,41,0,41,0,1,64,0,65,36,0,36,101
01/23/2022,TCL,AL,ASO,ES,Federal Contract Tower,0,2,29,0,31,0,2,47,8,57,0,4,76,8,88,36,0,36,124
01/24/2022,TCL,AL,ASO,ES,Federal Contract Tower,4,12,16,12,44,0,0,38,0,38,4,12,54,12,82,72,0,72,154
01/25/2022,TCL,AL,ASO,ES,Federal Contract Tower,0,5,21,25,51,0,0,18,11,29,0,5,39,36,80,26,2,28,108
01/26/2022,TCL,AL,ASO,ES,Federal Contract Tower,2,4,20,12,38,0,2,27,0,29,2,6,47,12,67,28,0,28,95
01/27/2022,TCL,AL,ASO,ES,Federal Contract Tower,0,3,22,16,41,0,0,32,6,38,0,3,54,22,79,62,0,62,141
01/28/2022,TCL,AL,ASO,ES,Federal Contract Tower,2,1,15,6,24,0,2,12,2,16,2,3,27,8,40,12,0,12,52
01/29/2022,TCL,AL,ASO,ES,Federal Contract Tower,0,5,18,6,29,0,0,8,0,8,0,5,26,6,37,0,12,12,49
01/30/2022,TCL,AL,ASO,ES,Federal Contract Tower,1,0,16,2,19,0,0,26,2,28,1,0,42,4,47,22,4,26,73
01/31/2022,TCL,AL,ASO,ES,Federal Contract Tower,1,3,24,28,56,0,0,50,13,63,1,3,74,41,119,108,0,108,227
02/01/2022,TCL,AL,ASO,ES,Federal Contract Tower,1,8,34,27,70,0,0,40,16,56,1,8,74,43,126,80,18,98,224
02/02/2022,TCL,AL,ASO,ES,Federal Contract Tower,2,7,25,0,34,0,0,2,0,2,2,7,27,0,36,0,0,0,36
02/03/2022,TCL,AL,ASO,ES,Federal Contract Tower,1,8,16,0,25,0,0,0,0,0,1,8,16,0,25,0,0,0,25
02/04/2022,TCL,AL,ASO,ES,Federal Contract Tower,0,14,16,0,30,0,0,1,0,1,0,14,17,0,31,0,0,0,31
02/05/2022,TCL,AL,ASO,ES,Federal Contract Tower,1,8,17,4,30,0,0,34,0,34,1,8,51,4,64,66,0,66,130
02/06/2022,TCL,AL,ASO,ES,Federal Contract Tower,0,3,21,0,24,0,0,38,0,38,0,3,59,0,62,34,0,34,96
02/07/2022,TCL,AL,ASO,ES,Federal Contract Tower,0,0,22,30,52,0,0,26,18,44,0,0,48,48,96,6,26,32,128
02/08/2022,TCL,AL,ASO,ES,Federal Contract Tower,3,10,19,18,50,0,0,22,4,26,3,10,41,22,76,24,10,34,110
02/09/2022,TCL,AL,ASO,ES,Federal Contract Tower,2,6,21,11,40,0,0,28,5,33,2,6,49,16,73,94,12,106,179
02/10/2022,TCL,AL,ASO,ES,Federal Contract Tower,0,13,26,1,40,0,0,45,2,47,0,13,71,3,87,76,0,76,163
02/11/2022,TCL,AL,ASO,ES,Federal Contract Tower,1,3,37,8,49,0,4,35,3,42,1,7,72,11,91,60,24,84,175
02/12/2022,TCL,AL,ASO,ES,Federal Contract Tower,0,3,22,2,27,0,0,46,0,46,0,3,68,2,73,40,4,44,117
02/13/2022,TCL,AL,ASO,ES,Federal Contract Tower,1,3,16,3,23,0,2,28,3,33,1,5,44,6,56,20,14,34,90
02/14/2022,TCL,AL,ASO,ES,Federal Contract Tower,0,6,20,15,41,0,0,40,11,51,0,6,60,26,92,106,32,138,230
02/15/2022,TCL,AL,ASO,ES,Federal Contract Tower,0,9,31,9,49,0,4,37,9,50,0,13,68,18,99,52,28,80,179
02/16/2022,TCL,AL,ASO,ES,Federal Contract Tower,2,11,16,9,38,0,0,18,4,22,2,11,34,13,60,10,4,14,74
02/17/2022,TCL,AL,ASO,ES,Federal Contract Tower,1,6,5,4,16,0,0,1,0,1,1,6,6,4,17,0,0,0,17
02/18/2022,TCL,AL,ASO,ES,Federal Contract Tower,2,14,36,9,61,0,0,15,9,24,2,14,51,18,85,80,0,80,165
02/19/2022,TCL,AL,ASO,ES,Federal Contract Tower,2,5,15,2,24,0,0,53,0,53,2,5,68,2,77,54,0,54,131
02/20/2022,TCL,AL,ASO,ES,Federal Contract Tower,1,9,29,2,41,0,0,52,10,62,1,9,81,12,103,42,14,56,159
02/21/2022,TCL,AL,ASO,ES,Federal Contract Tower,1,0,20,0,21,0,0,4,1,5,1,0,24,1,26,0,0,0,26
02/22/2022,TCL,AL,ASO,ES,Federal Contract Tower,3,2,16,2,23,0,0,7,0,7,3,2,23,2,30,16,0,16,46
02/23/2022,TCL,AL,ASO,ES,Federal Contract Tower,2,8,23,6,39,0,0,2,0,2,2,8,25,6,41,0,0,0,41
02/24/2022,TCL,AL,ASO,ES,Federal Contract Tower,1,9,19,4,33,0,2,11,0,13,1,11,30,4,46,18,0,18,64
02/25/2022,TCL,AL,ASO,ES,Federal Contract Tower,2,8,21,24,55,0,0,17,11,28,2,8,38,35,83,76,0,76,159
02/26/2022,TCL,AL,ASO,ES,Federal Contract Tower,0,2,19,4,25,0,0,22,0,22,0,2,41,4,47,14,0,14,61
02/27/2022,TCL,AL,ASO,ES,Federal Contract Tower,2,5,31,0,38,0,0,0,0,0,2,5,31,0,38,0,0,0,38
02/28/2022,TCL,AL,ASO,ES,Federal Contract Tower,0,12,25,19,56,0,0,45,0,45,0,12,70,19,101,56,16,72,173
03/01/2022,TCL,AL,ASO,ES,Federal Contract Tower,2,5,27,16,50,0,0,44,3,47,2,5,71,19,97,44,0,44,141
03/02/2022,TCL,AL,ASO,ES,Federal Contract Tower,1,3,18,17,39,0,0,34,4,38,1,3,52,21,77,38,16,54,131
03/03/2022,TCL,AL,ASO,ES,Federal Contract Tower,3,7,28,9,47,0,0,46,6,52,3,7,74,15,99,54,0,54,153
03/04/2022,TCL,AL,ASO,ES,Federal Contract Tower,3,14,27,11,55,0,0,53,4,57,3,14,80,15,112,94,0,94,206
03/05/2022,TCL,AL,ASO,ES,Federal Contract Tower,0,8,22,1,31,0,0,39,1,40,0,8,61,2,71,40,0,40,111
03/06/2022,TCL,AL,ASO,ES,Federal Contract Tower,1,10,33,4,48,0,0,22,2,24,1,10,55,6,72,38,8,46,118
03/07/2022,TCL,AL,ASO,ES,Federal Contract Tower,0,5,10,6,21,0,0,12,0,12,0,5,22,6,33,6,0,6,39
03/08/2022,TCL,AL,ASO,ES,Federal Contract Tower,2,10,15,21,48,0,0,17,0,17,2,10,32,21,65,14,6,20,85
03/09/2022,TCL,AL,ASO,ES,Federal Contract Tower,0,12,30,24,66,0,0,16,0,16,0,12,46,24,82,80,32,112,194
03/10/2022,TCL,AL,ASO,ES,Federal Contract Tower,0,12,24,26,62,0,1,53,11,65,0,13,77,37,127,58,0,58,185
03/11/2022,TCL,AL,ASO,ES,Federal Contract Tower,1,10,31,22,64,0,0,16,2,18,1,10,47,24,82,40,40,80,162
03/12/2022,TCL,AL,ASO,ES,Federal Contract Tower,2,8,8,4,22,0,0,9,0,9,2,8,17,4,31,0,0,0,31
03/13/2022,TCL,AL,ASO,ES,Federal Contract Tower,0,7,17,11,35,0,0,32,3,35,0,7,49,14,70,16,18,34,104
03/14/2022,TCL,AL,ASO,ES,Federal Contract Tower,0,3,15,20,38,0,0,46,2,48,0,3,61,22,86,88,14,102,188
03/15/2022,TCL,AL,ASO,ES,Federal Contract Tower,2,1,26,8,37,0,0,3,0,3,2,1,29,8,40,0,0,0,40
03/16/2022,TCL,AL,ASO,ES,Federal Contract Tower,0,2,21,0,23,0,0,6,0,6,0,2,27,0,29,14,0,14,43
03/17/2022,TCL,AL,ASO,ES,Federal Contract Tower,0,9,17,6,32,0,0,18,0,18,0,9,35,6,50,36,0,36,86
03/18/2022,TCL,AL,ASO,ES,Federal Contract Tower,0,5,13,0,18,0,0,4,0,4,0,5,17,0,22,20,0,20,42
03/19/2022,TCL,AL,ASO,ES,Federal Contract Tower,0,8,21,0,29,0,0,28,0,28,0,8,49,0,57,36,0,36,93
03/20/2022,TCL,AL,ASO,ES,Federal Contract Tower,0,4,32,11,47,0,3,61,0,64,0,7,93,11,111,128,0,128,239
03/21/2022,TCL,AL,ASO,ES,Federal Contract Tower,0,4,30,16,50,0,0,27,0,27,0,4,57,16,77,72,0,72,149
03/22/2022,TCL,AL,ASO,ES,Federal Contract Tower,0,5,20,4,29,0,0,4,0,4,0,5,24,4,33,0,0,0,33
03/23/2022,TCL,AL,ASO,ES,Federal Contract Tower,0,6,27,2,35,0,0,11,0,11,0,6,38,2,46,50,18,68,114
03/24/2022,TCL,AL,ASO,ES,Federal Contract Tower,0,3,33,2,38,0,0,11,10,21,0,3,44,12,59,0,0,0,59
03/25/2022,TCL,AL,ASO,ES,Federal Contract Tower,0,14,30,7,51,0,0,31,0,31,0,14,61,7,82,62,0,62,144
03/26/2022,TCL,AL,ASO,ES,Federal Contract Tower,2,6,21,0,29,0,0,30,0,30,2,6,51,0,59,30,0,30,89
03/27/2022,TCL,AL,ASO,ES,Federal Contract Tower,0,7,34,2,43,0,2,61,2,65,0,9,95,4,108,84,18,102,210
03/28/2022,TCL,AL,ASO,ES,Federal Contract Tower,1,3,31,4,39,0,0,38,5,43,1,3,69,9,82,84,8,92,174
03/29/2022,TCL,AL,ASO,ES,Federal Contract Tower,4,4,38,0,46,0,0,18,4,22,4,4,56,4,68,46,0,46,114
03/30/2022,TCL,AL,ASO,ES,Federal Contract Tower,1,4,18,0,23,0,0,4,2,6,1,4,22,2,29,22,0,22,51
03/31/2022,TCL,AL,ASO,ES,Federal Contract Tower,2,9,25,0,36,0,0,21,0,21,2,9,46,0,57,22,0,22,79
04/01/2022,TCL,AL,ASO,ES,Federal Contract Tower,1,4,37,24,66,0,2,51,7,60,1,6,88,31,126,104,8,112,238
04/02/2022,TCL,AL,ASO,ES,Federal Contract Tower,0,6,6,1,13,0,1,33,2,36,0,7,39,3,49,38,0,38,87
04/03/2022,TCL,AL,ASO,ES,Federal Contract Tower,1,3,31,10,45,0,0,64,2,66,1,3,95,12,111,98,10,108,219
04/04/2022,TCL,AL,ASO,ES,Federal Contract Tower,0,3,31,9,43,0,0,34,11,45,0,3,65,20,88,48,10,58,146
04/05/2022,TCL,AL,ASO,ES,Federal Contract Tower,4,8,13,2,27,0,0,10,0,10,4,8,23,2,37,0,0,0,37
04/06/2022,TCL,AL,ASO,ES,Federal Contract Tower,3,8,8,2,21,0,0,2,0,2,3,8,10,2,23,0,0,0,23
04/07/2022,TCL,AL,ASO,ES,Federal Contract Tower,0,3,19,3,25,0,0,37,1,38,0,3,56,4,63,38,0,38,101
04/08/2022,TCL,AL,ASO,ES,Federal Contract Tower,2,10,39,4,55,0,0,28,0,28,2,10,67,4,83,38,0,38,121
04/09/2022,TCL,AL,ASO,ES,Federal Contract Tower,0,9,12,0,21,0,0,30,0,30,0,9,42,0,51,10,0,10,61
04/10/2022,TCL,AL,ASO,ES,Federal Contract Tower,1,7,25,4,37,0,0,34,6,40,1,7,59,10,77,36,6,42,119
04/11/2022,TCL,AL,ASO,ES,Federal Contract Tower,0,4,28,4,36,0,0,7,0,7,0,4,35,4,43,8,0,8,51
04/12/2022,TCL,AL,ASO,ES,Federal Contract Tower,1,12,22,7,42,0,0,14,1,15,1,12,36,8,57,26,14,40,97
04/13/2022,TCL,AL,ASO,ES,Federal Contract Tower,0,2,16,14,32,0,0,5,0,5,0,2,21,14,37,0,0,0,37
04/14/2022,TCL,AL,ASO,ES,Federal Contract Tower,1,13,26,13,53,0,1,28,4,33,1,14,54,17,86,10,6,16,102
04/15/2022,TCL,AL,ASO,ES,Federal Contract Tower,0,14,32,6,52,0,0,42,8,50,0,14,74,14,102,74,18,92,194
04/16/2022,TCL,AL,ASO,ES,Federal Contract Tower,0,5,13,0,18,0,0,1,0,1,0,5,14,0,19,0,0,0,19
04/17/2022,TCL,AL,ASO,ES,Federal Contract Tower,0,6,10,0,16,0,0,6,0,6,0,6,16,0,22,22,0,22,44
04/18/2022,TCL,AL,ASO,ES,Federal Contract Tower,0,10,38,4,52,0,0,11,0,11,0,10,49,4,63,22,0,22,85
04/19/2022,TCL,AL,ASO,ES,Federal Contract Tower,0,5,29,15,49,0,0,42,6,48,0,5,71,21,97,2,4,6,103
04/20/2022,TCL,AL,ASO,ES,Federal Contract Tower,0,19,26,6,51,0,0,30,10,40,0,19,56,16,91,28,14,42,133
04/21/2022,TCL,AL,ASO,ES,Federal Contract Tower,0,9,23,9,41,0,0,40,0,40,0,9,63,9,81,6,0,6,87
04/22/2022,TCL,AL,ASO,ES,Federal Contract Tower,0,8,25,11,44,0,2,49,25,76,0,10,74,36,120,30,0,30,150
04/23/2022,TCL,AL,ASO,ES,Federal Contract Tower,0,3,10,0,13,0,0,45,0,45,0,3,55,0,58,46,0,46,104
04/24/2022,TCL,AL,ASO,ES,Federal Contract Tower,0,15,19,8,42,0,0,35,0,35,0,15,54,8,77,20,0,20,97
04/25/2022,TCL,AL,ASO,ES,Federal Contract Tower,0,12,23,0,35,0,1,14,0,15,0,13,37,0,50,24,0,24,74
04/26/2022,TCL,AL,ASO,ES,Federal Contract Tower,0,11,24,12,47,0,0,12,0,12,0,11,36,12,59,6,0,6,65
04/27/2022,TCL,AL,ASO,ES,Federal Contract Tower,0,9,22,7,38,0,0,38,6,44,0,9,60,13,82,74,0,74,156
04/28/2022,TCL,AL,ASO,ES,Federal Contract Tower,0,11,31,2,44,0,0,39,2,41,0,11,70,4,85,22,0,22,107
04/29/2022,TCL,AL,ASO,ES,Federal Contract Tower,0,13,26,4,43,0,4,29,2,35,0,17,55,6,78,40,0,40,118
04/30/2022,TCL,AL,ASO,ES,Federal Contract Tower,0,0,17,0,17,0,0,9,0,9,0,0,26,0,26,20,0,20,46
05/01/2022,TCL,AL,ASO,ES,Federal Contract Tower,0,8,14,1,23,0,0,20,5,25,0,8,34,6,48,22,4,26,74
05/02/2022,TCL,AL,ASO,ES,Federal Contract Tower,0,7,18,6,31,0,0,27,0,27,0,7,45,6,58,58,0,58,116
05/03/2022,TCL,AL,ASO,ES,Federal Contract Tower,0,8,27,7,42,0,0,13,0,13,0,8,40,7,55,4,0,4,59
05/04/2022,TCL,AL,ASO,ES,Federal Contract Tower,0,2,17,3,22,0,0,12,3,15,0,2,29,6,37,20,0,20,57
05/05/2022,TCL,AL,ASO,ES,Federal Contract Tower,0,16,33,16,65,0,0,19,0,19,0,16,52,16,84,6,0,6,90
05/06/2022,TCL,AL,ASO,ES,Federal Contract Tower,0,15,41,8,64,0,0,11,0,11,0,15,52,8,75,9,6,15,90
05/07/2022,TCL,AL,ASO,ES,Federal Contract Tower,0,16,34,0,50,0,0,26,0,26,0,16,60,0,76,8,0,8,84
05/08/2022,TCL,AL,ASO,ES,Federal Contract Tower,1,12,15,0,28,0,2,25,0,27,1,14,40,0,55,10,0,10,65
05/09/2022,TCL,AL,ASO,ES,Federal Contract Tower,0,5,40,2,47,0,2,54,0,56,0,7,94,2,103,148,0,148,251
05/10/2022,TCL,AL,ASO,ES,Federal Contract Tower,0,4,28,14,46,0,2,44,0,46,0,6,72,14,92,64,18,82,174
05/11/2022,TCL,AL,ASO,ES,Federal Contract Tower,4,3,21,8,36,0,0,43,0,43,4,3,64,8,79,76,0,76,155
05/12/2022,TCL,AL,ASO,ES,Federal Contract Tower,1,8,25,4,38,0,0,24,0,24,1,8,49,4,62,40,0,40,102
05/13/2022,TCL,AL,ASO,ES,Federal Contract Tower,2,11,23,24,60,0,2,24,11,37,2,13,47,35,97,64,2,66,163
05/14/2022,TCL,AL,ASO,ES,Federal Contract Tower,1,8,19,0,28,0,0,20,0,20,1,8,39,0,48,34,0,34,82
05/15/2022,TCL,AL,ASO,ES,Federal Contract Tower,0,0,16,2,18,0,0,28,2,30,0,0,44,4,48,0,0,0,48
05/16/2022,TCL,AL,ASO,ES,Federal Contract Tower,0,6,30,0,36,0,1,11,1,13,0,7,41,1,49,36,0,36,85
05/17/2022,TCL,AL,ASO,ES,Federal Contract Tower,2,4,16,10,32,0,0,30,6,36,2,4,46,16,68,50,0,50,118
05/18/2022,TCL,AL,ASO,ES,Federal Contract Tower,1,7,31,1,40,0,2,47,0,49,1,9,78,1,89,60,0,60,149
05/19/2022,TCL,AL,ASO,ES,Federal Contract Tower,0,10,24,0,34,0,0,28,0,28,0,10,52,0,62,14,0,14,76
05/20/2022,TCL,AL,ASO,ES,Federal Contract Tower,1,6,20,2,29,0,2,16,0,18,1,8,36,2,47,42,0,42,89
05/21/2022,TCL,AL,ASO,ES,Federal Contract Tower,1,6,10,2,19,0,2,19,0,21,1,8,29,2,40,20,0,20,60
05/22/2022,TCL,AL,ASO,ES,Federal Contract Tower,1,3,11,4,19,0,0,7,2,9,1,3,18,6,28,0,14,14,42
05/23/2022,TCL,AL,ASO,ES,Federal Contract Tower,6,6,22,4,38,0,0,6,0,6,6,6,28,4,44,26,24,50,94
05/24/2022,TCL,AL,ASO,ES,Federal Contract Tower,2,15,19,0,36,0,0,6,0,6,2,15,25,0,42,10,0,10,52
05/25/2022,TCL,AL,ASO,ES,Federal Contract Tower,2,4,12,2,20,0,0,3,0,3,2,4,15,2,23,8,14,22,45
05/26/2022,TCL,AL,ASO,ES,Federal Contract Tower,1,10,23,0,34,0,0,11,0,11,1,10,34,0,45,0,0,0,45
05/27/2022,TCL,AL,ASO,ES,Federal Contract Tower,0,3,12,0,15,0,0,41,0,41,0,3,53,0,56,42,0,42,98
05/28/2022,TCL,AL,ASO,ES,Federal Contract Tower,0,4,16,0,20,0,2,38,0,40,0,6,54,0,60,8,0,8,68
05/29/2022,TCL,AL,ASO,ES,Federal Contract Tower,0,0,15,0,15,0,0,23,0,23,0,0,38,0,38,20,0,20,58
05/30/2022,TCL,AL,ASO,ES,Federal Contract Tower,0,7,10,0,17,0,0,15,0,15,0,7,25,0,32,22,0,22,54
05/31/2022,TCL,AL,ASO,ES,Federal Contract Tower,0,5,35,4,44,0,0,33,6,39,0,5,68,10,83,38,4,42,125
06/01/2022,TCL,AL,ASO,ES,Federal Contract Tower,0,15,28,26,69,0,0,30,8,38,0,15,58,34,107,66,8,74,181
06/02/2022,TCL,AL,ASO,ES,Federal Contract Tower,0,8,16,2,26,0,0,17,0,17,0,8,33,2,43,48,24,72,115
06/03/2022,TCL,AL,ASO,ES,Federal Contract Tower,0,9,30,8,47,0,0,10,0,10,0,9,40,8,57,18,0,18,75
06/04/2022,TCL,AL,ASO,ES,Federal Contract Tower,0,4,19,0,23,0,0,30,0,30,0,4,49,0,53,34,0,34,87
06/05/2022,TCL,AL,ASO,ES,Federal Contract Tower,2,4,11,6,23,0,0,30,0,30,2,4,41,6,53,38,0,38,91
06/06/2022,TCL,AL,ASO,ES,Federal Contract Tower,0,2,24,4,30,0,0,32,16,48,0,2,56,20,78,70,0,70,148
06/07/2022,TCL,AL,ASO,ES,Federal Contract Tower,0,4,25,6,35,0,0,33,6,39,0,4,58,12,74,42,4,46,120
06/08/2022,TCL,AL,ASO,ES,Federal Contract Tower,0,10,20,3,33,0,0,16,1,17,0,10,36,4,50,80,0,80,130
06/09/2022,TCL,AL,ASO,ES,Federal Contract Tower,1,9,32,6,48,0,0,0,28,28,1,9,32,34,76,20,0,20,96
06/10/2022,TCL,AL,ASO,ES,Federal Contract Tower,1,3,30,12,46,0,0,38,10,48,1,3,68,22,94,36,0,36,130
06/11/2022,TCL,AL,ASO,ES,Federal Contract Tower,0,9,16,3,28,0,0,16,0,16,0,9,32,3,44,12,0,12,56
06/12/2022,TCL,AL,ASO,ES,Federal Contract Tower,2,7,16,1,26,0,0,20,1,21,2,7,36,2,47,4,0,4,51
06/13/2022,TCL,AL,ASO,ES,Federal Contract Tower,0,5,29,13,47,0,0,23,7,30,0,5,52,20,77,42,6,48,125
06/14/2022,TCL,AL,ASO,ES,Federal Contract Tower,0,4,33,2,39,0,0,19,10,29,0,4,52,12,68,34,0,34,102
06/15/2022,TCL,AL,ASO,ES,Federal Contract Tower,0,4,56,9,69,0,0,37,8,45,0,4,93,17,114,116,48,164,278
06/16/2022,TCL,AL,ASO,ES,Federal Contract Tower,0,5,35,23,63,0,0,24,9,33,0,5,59,32,96,34,0,34,130
06/17/2022,TCL,AL,ASO,ES,Federal Contract Tower,1,6,21,6,34,0,2,17,8,27,1,8,38,14,61,8,14,22,83
06/18/2022,TCL,AL,ASO,ES,Federal Contract Tower,0,0,12,0,12,0,2,22,0,24,0,2,34,0,36,46,0,46,82
06/19/2022,TCL,AL,ASO,ES,Federal Contract Tower,0,8,18,2,28,0,2,18,2,22,0,10,36,4,50,10,0,10,60
06/20/2022,TCL,AL,ASO,ES,Federal Contract Tower,0,3,25,2,30,0,2,27,0,29,0,5,52,2,59,74,0,74,133
06/21/2022,TCL,AL,ASO,ES,Federal Contract Tower,0,10,15,7,32,0,0,16,5,21,0,10,31,12,53,26,8,34,87
06/22/2022,TCL,AL,ASO,ES,Federal Contract Tower,3,13,23,34,73,0,0,27,8,35,3,13,50,42,108,52,2,54,162
06/23/2022,TCL,AL,ASO,ES,Federal Contract Tower,0,12,18,12,42,0,0,31,2,33,0,12,49,14,75,68,10,78,153
06/24/2022,TCL,AL,ASO,ES,Federal Contract Tower,0,15,15,20,50,0,0,28,16,44,0,15,43,36,94,22,10,32,126
06/25/2022,TCL,AL,ASO,ES,Federal Contract Tower,0,6,9,0,15,0,6,26,2,34,0,12,35,2,49,34,0,34,83
06/26/2022,TCL,AL,ASO,ES,Federal Contract Tower,0,5,19,3,27,0,0,26,4,30,0,5,45,7,57,56,0,56,113
06/27/2022,TCL,AL,ASO,ES,Federal Contract Tower,0,3,15,10,28,0,0,26,4,30,0,3,41,14,58,48,8,56,114
06/28/2022,TCL,AL,ASO,ES,Federal Contract Tower,0,2,11,26,39,0,0,19,12,31,0,2,30,38,70,54,16,70,140
06/29/2022,TCL,AL,ASO,ES,Federal Contract Tower,0,8,36,0,44,0,0,20,6,26,0,8,56,6,70,66,0,66,136
06/30/2022,TCL,AL,ASO,ES,Federal Contract Tower,0,4,24,12,40,0,0,12,8,20,0,4,36,20,60,4,0,4,64
07/01/2022,TCL,AL,ASO,ES,Federal Contract Tower,0,4,30,2,36,0,0,19,0,19,0,4,49,2,55,22,0,22,77
07/02/2022,TCL,AL,ASO,ES,Federal Contract Tower,0,5,15,0,20,0,0,13,0,13,0,5,28,0,33,18,0,18,51
07/03/2022,TCL,AL,ASO,ES,Federal Contract Tower,0,0,10,0,10,0,0,19,0,19,0,0,29,0,29,44,0,44,73
07/04/2022,TCL,AL,ASO,ES,Federal Contract Tower,0,0,11,0,11,0,0,13,0,13,0,0,24,0,24,42,0,42,66
07/05/2022,TCL,AL,ASO,ES,Federal Contract Tower,0,4,25,4,33,0,0,13,10,23,0,4,38,14,56,8,0,8,64
07/06/2022,TCL,AL,ASO,ES,Federal Contract Tower,0,7,20,7,34,0,0,28,9,37,0,7,48,16,71,60,8,68,139
07/07/2022,TCL,AL,ASO,ES,Federal Contract Tower,0,0,22,2,24,0,0,29,2,31,0,0,51,4,55,34,0,34,89
07/08/2022,TCL,AL,ASO,ES,Federal Contract Tower,0,7,22,7,36,0,0,36,15,51,0,7,58,22,87,42,20,62,149
07/09/2022,TCL,AL,ASO,ES,Federal Contract Tower,0,0,11,0,11,0,0,30,0,30,0,0,41,0,41,26,0,26,67
07/10/2022,TCL,AL,ASO,ES,Federal Contract Tower,0,1,27,0,28,0,2,14,2,18,0,3,41,2,46,4,24,28,74
07/11/2022,TCL,AL,ASO,ES,Federal Contract Tower,0,6,31,24,61,0,0,40,7,47,0,6,71,31,108,50,8,58,166
07/12/2022,TCL,AL,ASO,ES,Federal Contract Tower,0,3,28,8,39,0,0,18,0,18,0,3,46,8,57,106,0,106,163
07/13/2022,TCL,AL,ASO,ES,Federal Contract Tower,0,2,20,1,23,0,0,16,4,20,0,2,36,5,43,12,0,12,55
07/14/2022,TCL,AL,ASO,ES,Federal Contract Tower,0,12,21,24,57,0,0,19,0,19,0,12,40,24,76,26,18,44,120
07/15/2022,TCL,AL,ASO,ES,Federal Contract Tower,0,8,18,18,44,0,0,44,10,54,0,8,62,28,98,78,22,100,198
07/16/2022,TCL,AL,ASO,ES,Federal Contract Tower,0,2,8,0,10,0,2,27,4,33,0,4,35,4,43,2,0,2,45
07/17/2022,TCL,AL,ASO,ES,Federal Contract Tower,0,2,14,0,16,0,0,22,0,22,0,2,36,0,38,8,0,8,46
07/18/2022,TCL,AL,ASO,ES,Federal Contract Tower,0,9,25,14,48,0,0,27,6,33,0,9,52,20,81,76,8,84,165
07/19/2022,TCL,AL,ASO,ES,Federal Contract Tower,0,12,25,4,41,0,0,7,0,7,0,12,32,4,48,0,0,0,48
07/20/2022,TCL,AL,ASO,ES,Federal Contract Tower,1,12,34,16,63,0,0,24,0,24,1,12,58,16,87,42,12,54,141
07/21/2022,TCL,AL,ASO,ES,Federal Contract Tower,0,4,23,2,29,0,0,14,3,17,0,4,37,5,46,26,0,26,72
07/22/2022,TCL,AL,ASO,ES,Federal Contract Tower,0,6,22,0,28,0,0,11,8,19,0,6,33,8,47,18,0,18,65
07/23/2022,TCL,AL,ASO,ES,Federal Contract Tower,0,2,11,0,13,0,0,24,0,24,0,2,35,0,37,14,0,14,51
07/24/2022,TCL,AL,ASO,ES,Federal Contract Tower,0,8,19,2,29,0,0,33,2,35,0,8,52,4,64,30,0,30,94
07/25/2022,TCL,AL,ASO,ES,Federal Contract Tower,0,5,28,8,41,0,0,19,2,21,0,5,47,10,62,32,0,32,94
07/26/2022,TCL,AL,ASO,ES,Federal Contract Tower,0,11,24,15,50,0,0,17,4,21,0,11,41,19,71,42,24,66,137
07/27/2022,TCL,AL,ASO,ES,Federal Contract Tower,0,3,29,16,48,0,0,39,12,51,0,3,68,28,99,62,22,84,183
07/28/2022,TCL,AL,ASO,ES,Federal Contract Tower,0,1,42,16,59,0,0,26,9,35,0,1,68,25,94,16,22,38,132
07/29/2022,TCL,AL,ASO,ES,Federal Contract Tower,0,2,24,17,43,0,0,20,9,29,0,2,44,26,72,66,4,70,142
07/30/2022,TCL,AL,ASO,ES,Federal Contract Tower,0,3,10,2,15,0,0,14,2,16,0,3,24,4,31,22,0,22,53
07/31/2022,TCL,AL,ASO,ES,Federal Contract Tower,0,1,29,0,30,0,4,10,0,14,0,5,39,0,44,8,0,8,52
08/01/2022,TCL,AL,ASO,ES,Federal Contract Tower,0,3,26,8,37,0,2,41,4,47,0,5,67,12,84,42,0,42,126
08/02/2022,TCL,AL,ASO,ES,Federal Contract Tower,0,8,20,2,30,0,0,13,6,19,0,8,33,8,49,6,0,6,55
08/03/2022,TCL,AL,ASO,ES,Federal Contract Tower,0,10,32,0,42,0,0,21,6,27,0,10,53,6,69,68,4,72,141
08/04/2022,TCL,AL,ASO,ES,Federal Contract Tower,0,17,40,7,64,0,0,18,4,22,0,17,58,11,86,48,6,54,140
08/05/2022,TCL,AL,ASO,ES,Federal Contract Tower,0,18,29,32,79,0,0,26,7,33,0,18,55,39,112,44,0,44,156
08/06/2022,TCL,AL,ASO,ES,Federal Contract Tower,0,2,19,1,22,0,0,27,1,28,0,2,46,2,50,16,0,16,66
08/07/2022,TCL,AL,ASO,ES,Federal Contract Tower,0,4,16,4,24,0,0,33,2,35,0,4,49,6,59,74,0,74,133
08/08/2022,TCL,AL,ASO,ES,Federal Contract Tower,0,6,21,12,39,0,0,31,8,39,0,6,52,20,78,24,0,24,102
08/09/2022,TCL,AL,ASO,ES,Federal Contract Tower,0,6,24,10,40,0,1,20,4,25,0,7,44,14,65,48,0,48,113
08/10/2022,TCL,AL,ASO,ES,Federal Contract Tower,0,11,21,8,40,0,1,15,5,21,0,12,36,13,61,40,8,48,109
08/11/2022,TCL,AL,ASO,ES,Federal Contract Tower,0,10,33,6,49,0,0,22,0,22,0,10,55,6,71,56,8,64,135
08/12/2022,TCL,AL,ASO,ES,Federal Contract Tower,1,20,40,25,86,0,2,23,11,36,1,22,63,36,122,50,0,50,172
08/13/2022,TCL,AL,ASO,ES,Federal Contract Tower,0,11,25,0,36,0,2,39,0,41,0,13,64,0,77,42,0,42,119
08/14/2022,TCL,AL,ASO,ES,Federal Contract Tower,0,11,33,2,46,0,0,50,7,57,0,11,83,9,103,24,46,70,173
08/15/2022,TCL,AL,ASO,ES,Federal Contract Tower,0,8,20,8,36,0,0,27,4,31,0,8,47,12,67,22,2,24,91
08/16/2022,TCL,AL,ASO,ES,Federal Contract Tower,0,7,17,6,30,0,0,17,24,41,0,7,34,30,71,40,2,42,113
08/17/2022,TCL,AL,ASO,ES,Federal Contract Tower,0,4,29,2,35,0,0,8,0,8,0,4,37,2,43,12,0,12,55
08/18/2022,TCL,AL,ASO,ES,Federal Contract Tower,0,11,18,8,37,0,0,28,8,36,0,11,46,16,73,42,4,46,119
08/19/2022,TCL,AL,ASO,ES,Federal Contract Tower,0,14,40,4,58,0,0,26,8,34,0,14,66,12,92,76,12,88,180
08/20/2022,TCL,AL,ASO,ES,Federal Contract Tower,0,5,14,0,19,0,0,0,10,10,0,5,14,10,29,0,0,0,29
08/21/2022,TCL,AL,ASO,ES,Federal Contract Tower,0,9,24,0,33,0,0,8,0,8,0,9,32,0,41,30,0,30,71
08/22/2022,TCL,AL,ASO,ES,Federal Contract Tower,0,10,16,0,26,0,0,2,2,4,0,10,18,2,30,0,0,0,30
08/23/2022,TCL,AL,ASO,ES,Federal Contract Tower,0,7,13,4,24,0,0,7,0,7,0,7,20,4,31,10,0,10,41
08/24/2022,TCL,AL,ASO,ES,Federal Contract Tower,0,13,12,10,35,0,0,8,2,10,0,13,20,12,45,18,0,18,63
08/25/2022,TCL,AL,ASO,ES,Federal Contract Tower,0,3,21,11,35,0,0,5,0,5,0,3,26,11,40,0,0,0,40
08/26/2022,TCL,AL,ASO,ES,Federal Contract Tower,0,8,21,6,35,0,2,13,12,27,0,10,34,18,62,34,18,52,114
08/27/2022,TCL,AL,ASO,ES,Federal Contract Tower,0,4,14,0,18,0,0,14,0,14,0,4,28,0,32,22,0,22,54
08/28/2022,TCL,AL,ASO,ES,Federal Contract Tower,0,6,18,4,28,0,2,28,7,37,0,8,46,11,65,18,0,18,83
08/29/2022,TCL,AL,ASO,ES,Federal Contract Tower,0,5,23,8,36,0,0,35,13,48,0,5,58,21,84,66,30,96,180
08/30/2022,TCL,AL,ASO,ES,Federal Contract Tower,0,8,12,0,20,0,1,14,4,19,0,9,26,4,39,38,0,38,77
08/31/2022,TCL,AL,ASO,ES,Federal Contract Tower,0,10,21,21,52,0,2,30,11,43,0,12,51,32,95,62,44,106,201
09/01/2022,TCL,AL,ASO,ES,Federal Contract Tower,0,5,33,0,38,0,0,12,2,14,0,5,45,2,52,6,0,6,58
09/02/2022,TCL,AL,ASO,ES,Federal Contract Tower,1,7,57,0,65,0,0,3,0,3,1,7,60,0,68,10,0,10,78
09/03/2022,TCL,AL,ASO,ES,Federal Contract Tower,1,21,25,0,47,0,0,8,0,8,1,21,33,0,55,0,0,0,55
09/04/2022,TCL,AL,ASO,ES,Federal Contract Tower,1,15,24,0,40,0,0,2,0,2,1,15,26,0,42,2,0,2,44
09/05/2022,TCL,AL,ASO,ES,Federal Contract Tower,0,2,17,0,19,0,0,11,0,11,0,2,28,0,30,0,0,0,30
09/06/2022,TCL,AL,ASO,ES,Federal Contract Tower,0,3,23,5,31,0,0,10,10,20,0,3,33,15,51,10,12,22,73
09/07/2022,TCL,AL,ASO,ES,Federal Contract Tower,0,12,23,10,45,0,5,28,0,33,0,17,51,10,78,36,0,36,114
09/08/2022,TCL,AL,ASO,ES,Federal Contract Tower,0,10,32,4,46,0,0,25,12,37,0,10,57,16,83,26,0,26,109
09/09/2022,TCL,AL,ASO,ES,Federal Contract Tower,4,6,28,6,44,0,0,20,0,20,4,6,48,6,64,26,0,26,90
09/10/2022,TCL,AL,ASO,ES,Federal Contract Tower,0,6,15,2,23,0,0,4,0,4,0,6,19,2,27,0,0,0,27
09/11/2022,TCL,AL,ASO,ES,Federal Contract Tower,0,11,27,8,46,0,0,12,0,12,0,11,39,8,58,28,0,28,86
09/12/2022,TCL,AL,ASO,ES,Federal Contract Tower,0,3,30,5,38,0,0,7,3,10,0,3,37,8,48,10,0,10,58
09/13/2022,TCL,AL,ASO,ES,Federal Contract Tower,0,7,32,6,45,0,10,42,7,59,0,17,74,13,104,20,0,20,124
09/14/2022,TCL,AL,ASO,ES,Federal Contract Tower,0,5,24,7,36,0,2,68,10,80,0,7,92,17,116,88,0,88,204
09/15/2022,TCL,AL,ASO,ES,Federal Contract Tower,0,16,42,10,68,0,0,26,10,36,0,16,68,20,104,58,12,70,174
09/16/2022,TCL,AL,ASO,ES,Federal Contract Tower,0,28,53,9,90,0,4,31,25,60,0,32,84,34,150,32,0,32,182
09/17/2022,TCL,AL,ASO,ES,Federal Contract Tower,0,7,44,0,51,0,0,38,0,38,0,7,82,0,89,8,0,8,97
09/18/2022,TCL,AL,ASO,ES,Federal Contract Tower,0,23,62,8,93,0,0,50,0,50,0,23,112,8,143,46,0,46,189
09/19/2022,TCL,AL,ASO,ES,Federal Contract Tower,0,11,25,2,38,0,0,28,25,53,0,11,53,27,91,38,12,50,141
09/20/2022,TCL,AL,ASO,ES,Federal Contract Tower,0,4,28,33,65,0,0,40,5,45,0,4,68,38,110,28,0,28,138
09/21/2022,TCL,AL,ASO,ES,Federal Contract Tower,0,6,25,12,43,0,0,29,10,39,0,6,54,22,82,24,0,24,106
09/22/2022,TCL,AL,ASO,ES,Federal Contract Tower,0,6,32,19,57,0,0,42,19,61,0,6,74,38,118,50,26,76,194
09/23/2022,TCL,AL,ASO,ES,Federal Contract Tower,0,18,41,4,63,0,0,39,28,67,0,18,80,32,130,18,0,18,148
09/24/2022,TCL,AL,ASO,ES,Federal Contract Tower,1,12,39,0,52,0,9,23,0,32,1,21,62,0,84,16,0,16,100
09/25/2022,TCL,AL,ASO,ES,Federal Contract Tower,1,25,57,0,83,0,0,24,0,24,1,25,81,0,107,46,0,46,153
09/26/2022,TCL,AL,ASO,ES,Federal Contract Tower,1,7,23,14,45,0,0,22,22,44,1,7,45,36,89,0,8,8,97
09/27/2022,TCL,AL,ASO,ES,Federal Contract Tower,0,4,19,12,35,0,0,21,14,35,0,4,40,26,70,10,0,10,80
09/28/2022,TCL,AL,ASO,ES,Federal Contract Tower,0,12,29,9,50,0,4,38,7,49,0,16,67,16,99,24,10,34,133
09/29/2022,TCL,AL,ASO,ES,Federal Contract Tower,0,20,32,20,72,0,2,41,24,67,0,22,73,44,139,28,28,56,195
09/30/2022,TCL,AL,ASO,ES,Federal Contract Tower,5,13,32,7,57,0,2,28,6,36,5,15,60,13,93,28,12,40,133
10/01/2022,TCL,AL,ASO,ES,Federal Contract Tower,0,5,18,0,23,0,0,28,4,32,0,5,46,4,55,12,0,12,67
10/02/2022,TCL,AL,ASO,ES,Federal Contract Tower,0,10,27,0,37,0,0,23,0,23,0,10,50,0,60,20,0,20,80
10/03/2022,TCL,AL,ASO,ES,Federal Contract Tower,0,4,29,20,53,0,6,41,27,74,0,10,70,47,127,104,0,104,231
10/04/2022,TCL,AL,ASO,ES,Federal Contract Tower,0,3,23,6,32,0,0,29,18,47,0,3,52,24,79,104,0,104,183
10/05/2022,TCL,AL,ASO,ES,Federal Contract Tower,0,7,27,13,47,0,0,54,4,58,0,7,81,17,105,76,0,76,181
10/06/2022,TCL,AL,ASO,ES,Federal Contract Tower,0,15,37,16,68,0,0,29,6,35,0,15,66,22,103,10,0,10,113
10/07/2022,TCL,AL,ASO,ES,Federal Contract Tower,0,68,89,0,157,0,2,70,10,82,0,70,159,10,239,12,0,12,251
10/08/2022,TCL,AL,ASO,ES,Federal Contract Tower,5,67,113,0,185,0,0,50,8,58,5,67,163,8,243,30,0,30,273
10/09/2022,TCL,AL,ASO,ES,Federal Contract Tower,0,96,123,0,219,0,3,43,2,48,0,99,166,2,267,0,0,0,267
10/10/2022,TCL,AL,ASO,ES,Federal Contract Tower,0,8,27,0,35,0,0,38,0,38,0,8,65,0,73,24,0,24,97
10/11/2022,TCL,AL,ASO,ES,Federal Contract Tower,0,1,21,25,47,0,0,42,18,60,0,1,63,43,107,74,4,78,185
10/12/2022,TCL,AL,ASO,ES,Federal Contract Tower,0,6,27,0,33,0,0,4,0,4,0,6,31,0,37,8,0,8,45
10/13/2022,TCL,AL,ASO,ES,Federal Contract Tower,0,2,31,22,55,0,0,18,5,23,0,2,49,27,78,6,0,6,84
10/14/2022,TCL,AL,ASO,ES,Federal Contract Tower,2,10,33,18,63,0,1,28,24,53,2,11,61,42,116,40,22,62,178
10/15/2022,TCL,AL,ASO,ES,Federal Contract Tower,0,8,21,4,33,0,0,0,0,0,0,8,21,4,33,0,0,0,33
10/16/2022,TCL,AL,ASO,ES,Federal Contract Tower,0,6,34,2,42,0,0,43,0,43,0,6,77,2,85,8,0,8,93
10/17/2022,TCL,AL,ASO,ES,Federal Contract Tower,0,6,27,14,47,0,4,27,15,46,0,10,54,29,93,24,8,32,125
10/18/2022,TCL,AL,ASO,ES,Federal Contract Tower,0,7,19,23,49,0,1,27,2,30,0,8,46,25,79,18,0,18,97
10/19/2022,TCL,AL,ASO,ES,Federal Contract Tower,0,6,18,7,31,0,0,34,8,42,0,6,52,15,73,70,12,82,155
10/20/2022,TCL,AL,ASO,ES,Federal Contract Tower,0,16,34,6,56,0,0,20,3,23,0,16,54,9,79,6,12,18,97
10/21/2022,TCL,AL,ASO,ES,Federal Contract Tower,1,33,52,6,92,0,0,48,18,66,1,33,100,24,158,12,32,44,202
10/22/2022,TCL,AL,ASO,ES,Federal Contract Tower,0,34,95,0,129,0,0,23,0,23,0,34,118,0,152,6,0,6,158
10/23/2022,TCL,AL,ASO,ES,Federal Contract Tower,0,34,68,2,104,0,2,70,0,72,0,36,138,2,176,10,0,10,186
10/24/2022,TCL,AL,ASO,ES,Federal Contract Tower,0,19,19,10,48,0,0,42,31,73,0,19,61,41,121,34,42,76,197
10/25/2022,TCL,AL,ASO,ES,Federal Contract Tower,0,7,17,0,24,0,0,9,0,9,0,7,26,0,33,12,0,12,45
10/26/2022,TCL,AL,ASO,ES,Federal Contract Tower,0,3,37,4,44,0,4,40,33,77,0,7,77,37,121,30,6,36,157
10/27/2022,TCL,AL,ASO,ES,Federal Contract Tower,0,6,30,17,53,0,0,22,16,38,0,6,52,33,91,0,10,10,101
10/28/2022,TCL,AL,ASO,ES,Federal Contract Tower,0,8,36,19,63,0,0,37,12,49,0,8,73,31,112,68,18,86,198
10/29/2022,TCL,AL,ASO,ES,Federal Contract Tower,0,2,10,0,12,0,0,11,0,11,0,2,21,0,23,20,0,20,43
10/30/2022,TCL,AL,ASO,ES,Federal Contract Tower,0,6,30,0,36,0,0,1,0,1,0,6,31,0,37,0,0,0,37
10/31/2022,TCL,AL,ASO,ES,Federal Contract Tower,0,15,15,6,36,0,2,18,2,22,0,17,33,8,58,18,0,18,76
11/01/2022,TCL,AL,ASO,ES,Federal Contract Tower,0,8,19,17,44,0,15,23,11,49,0,23,42,28,93,0,0,0,93
11/02/2022,TCL,AL,ASO,ES,Federal Contract Tower,1,11,17,25,54,0,0,34,16,50,1,11,51,41,104,20,2,22,126
11/03/2022,TCL,AL,ASO,ES,Federal Contract Tower,0,12,27,20,59,0,4,32,3,39,0,16,59,23,98,60,10,70,168
11/04/2022,TCL,AL,ASO,ES,Federal Contract Tower,3,12,25,15,55,0,0,33,24,57,3,12,58,39,112,12,0,12,124
11/05/2022,TCL,AL,ASO,ES,Federal Contract Tower,1,3,14,0,18,0,0,0,0,0,1,3,14,0,18,0,0,0,18
11/06/2022,TCL,AL,ASO,ES,Federal Contract Tower,0,7,34,4,45,0,0,25,0,25,0,7,59,4,70,16,8,24,94
11/07/2022,TCL,AL,ASO,ES,Federal Contract Tower,1,13,20,12,46,0,0,42,1,43,1,13,62,13,89,52,16,68,157
11/08/2022,TCL,AL,ASO,ES,Federal Contract Tower,1,8,26,12,47,0,0,33,6,39,1,8,59,18,86,52,0,52,138
11/09/2022,TCL,AL,ASO,ES,Federal Contract Tower,2,10,38,10,60,0,0,24,13,37,2,10,62,23,97,74,0,74,171
11/10/2022,TCL,AL,ASO,ES,Federal Contract Tower,0,8,23,31,62,0,6,18,17,41,0,14,41,48,103,12,14,26,129
11/11/2022,TCL,AL,ASO,ES,Federal Contract Tower,2,7,24,3,36,0,2,6,0,8,2,9,30,3,44,16,0,16,60
11/12/2022,TCL,AL,ASO,ES,Federal Contract Tower,1,5,18,4,28,0,0,1,0,1,1,5,19,4,29,0,0,0,29
11/13/2022,TCL,AL,ASO,ES,Federal Contract Tower,1,3,21,0,25,0,0,25,0,25,1,3,46,0,50,6,0,6,56
11/14/2022,TCL,AL,ASO,ES,Federal Contract Tower,1,5,29,8,43,0,0,29,10,39,1,5,58,18,82,28,0,28,110
11/15/2022,TCL,AL,ASO,ES,Federal Contract Tower,1,2,14,0,17,0,0,0,0,0,1,2,14,0,17,0,0,0,17
11/16/2022,TCL,AL,ASO,ES,Federal Contract Tower,2,9,16,12,39,0,2,30,16,48,2,11,46,28,87,26,8,34,121
11/17/2022,TCL,AL,ASO,ES,Federal Contract Tower,0,14,36,8,58,0,0,32,8,40,0,14,68,16,98,18,0,18,116
11/18/2022,TCL,AL,ASO,ES,Federal Contract Tower,3,18,35,7,63,0,0,43,20,63,3,18,78,27,126,34,0,34,160
11/19/2022,TCL,AL,ASO,ES,Federal Contract Tower,4,7,33,4,48,0,6,19,10,35,4,13,52,14,83,0,0,0,83
11/20/2022,TCL,AL,ASO,ES,Federal Contract Tower,0,7,27,2,36,0,0,35,0,35,0,7,62,2,71,6,0,6,77
11/21/2022,TCL,AL,ASO,ES,Federal Contract Tower,0,4,16,10,30,0,0,44,12,56,0,4,60,22,86,30,14,44,130
11/22/2022,TCL,AL,ASO,ES,Federal Contract Tower,2,5,21,4,32,0,4,17,10,31,2,9,38,14,63,28,0,28,91
11/23/2022,TCL,AL,ASO,ES,Federal Contract Tower,0,7,22,10,39,0,2,28,4,34,0,9,50,14,73,48,0,48,121
11/24/2022,TCL,AL,ASO,ES,Federal Contract Tower,0,6,5,0,11,0,0,10,0,10,0,6,15,0,21,8,0,8,29
11/25/2022,TCL,AL,ASO,ES,Federal Contract Tower,0,27,45,0,72,0,2,2,16,20,0,29,47,16,92,0,0,0,92
11/26/2022,TCL,AL,ASO,ES,Federal Contract Tower,0,50,98,4,152,0,2,6,8,16,0,52,104,12,168,0,12,12,180
11/27/2022,TCL,AL,ASO,ES,Federal Contract Tower,0,36,77,4,117,0,0,26,0,26,0,36,103,4,143,0,0,0,143
11/28/2022,TCL,AL,ASO,ES,Federal Contract Tower,2,2,29,2,35,0,2,37,1,40,2,4,66,3,75,30,0,30,105
11/29/2022,TCL,AL,ASO,ES,Federal Contract Tower,0,8,11,0,19,0,0,16,0,16,0,8,27,0,35,42,0,42,77
11/30/2022,TCL,AL,ASO,ES,Federal Contract Tower,2,5,14,3,24,0,4,25,0,29,2,9,39,3,53,0,0,0,53
12/01/2022,TCL,AL,ASO,ES,Federal Contract Tower,0,16,21,8,45,0,0,34,4,38,0,16,55,12,83,16,0,16,99
12/02/2022,TCL,AL,ASO,ES,Federal Contract Tower,0,5,29,4,38,0,0,24,8,32,0,5,53,12,70,42,26,68,138
12/03/2022,TCL,AL,ASO,ES,Federal Contract Tower,2,2,11,2,17,0,0,0,0,0,2,2,11,2,17,0,0,0,17
12/04/2022,TCL,AL,ASO,ES,Federal Contract Tower,0,11,27,5,43,0,4,17,0,21,0,15,44,5,64,0,0,0,64
12/05/2022,TCL,AL,ASO,ES,Federal Contract Tower,0,5,27,3,35,0,0,7,1,8,0,5,34,4,43,10,0,10,53
12/06/2022,TCL,AL,ASO,ES,Federal Contract Tower,0,9,25,10,44,0,0,10,0,10,0,9,35,10,54,8,0,8,62
12/07/2022,TCL,AL,ASO,ES,Federal Contract Tower,2,9,29,3,43,0,0,17,4,21,2,9,46,7,64,4,0,4,68
12/08/2022,TCL,AL,ASO,ES,Federal Contract Tower,0,17,34,11,62,0,0,18,4,22,0,17,52,15,84,6,30,36,120
12/09/2022,TCL,AL,ASO,ES,Federal Contract Tower,2,14,35,4,55,0,0,14,16,30,2,14,49,20,85,40,14,54,139
12/10/2022,TCL,AL,ASO,ES,Federal Contract Tower,0,6,18,0,24,0,0,0,0,0,0,6,18,0,24,0,0,0,24
12/11/2022,TCL,AL,ASO,ES,Federal Contract Tower,0,10,13,0,23,0,0,0,0,0,0,10,13,0,23,0,0,0,23
12/12/2022,TCL,AL,ASO,ES,Federal Contract Tower,1,5,22,4,32,0,0,0,0,0,1,5,22,4,32,0,0,0,32
12/13/2022,TCL,AL,ASO,ES,Federal Contract Tower,0,12,30,10,52,0,0,2,7,9,0,12,32,17,61,4,0,4,65
12/14/2022,TCL,AL,ASO,ES,Federal Contract Tower,1,6,4,0,11,0,0,0,0,0,1,6,4,0,11,0,0,0,11
12/15/2022,TCL,AL,ASO,ES,Federal Contract Tower,0,8,25,4,37,0,0,32,4,36,0,8,57,8,73,8,10,18,91
12/16/2022,TCL,AL,ASO,ES,Federal Contract Tower,0,9,29,16,54,0,0,40,5,45,0,9,69,21,99,22,0,22,121
12/17/2022,TCL,AL,ASO,ES,Federal Contract Tower,0,3,14,0,17,0,0,11,0,11,0,3,25,0,28,4,0,4,32
12/18/2022,TCL,AL,ASO,ES,Federal Contract Tower,1,8,12,0,21,0,2,28,2,32,1,10,40,2,53,10,0,10,63
12/19/2022,TCL,AL,ASO,ES,Federal Contract Tower,0,4,8,28,40,0,0,24,10,34,0,4,32,38,74,0,14,14,88
12/20/2022,TCL,AL,ASO,ES,Federal Contract Tower,0,2,18,2,22,0,0,0,0,0,0,2,18,2,22,0,0,0,22
12/21/2022,TCL,AL,ASO,ES,Federal Contract Tower,0,6,26,22,54,0,0,23,2,25,0,6,49,24,79,20,20,40,119
12/22/2022,TCL,AL,ASO,ES,Federal Contract Tower,0,7,29,0,36,0,0,8,0,8,0,7,37,0,44,0,0,0,44
12/23/2022,TCL,AL,ASO,ES,Federal Contract Tower,0,3,20,0,23,0,0,12,0,12,0,3,32,0,35,0,0,0,35
12/24/2022,TCL,AL,ASO,ES,Federal Contract Tower,0,0,8,0,8,0,4,2,0,6,0,4,10,0,14,0,0,0,14
12/25/2022,TCL,AL,ASO,ES,Federal Contract Tower,0,1,3,0,4,0,2,3,0,5,0,3,6,0,9,0,0,0,9
12/26/2022,TCL,AL,ASO,ES,Federal Contract Tower,2,5,22,0,29,0,2,17,0,19,2,7,39,0,48,26,0,26,74
12/27/2022,TCL,AL,ASO,ES,Federal Contract Tower,0,2,18,0,20,0,0,25,10,35,0,2,43,10,55,18,0,18,73
12/28/2022,TCL,AL,ASO,ES,Federal Contract Tower,0,11,24,3,38,0,0,0,0,0,0,11,24,3,38,26,0,26,64
12/29/2022,TCL,AL,ASO,ES,Federal Contract Tower,0,2,25,4,31,0,0,27,2,29,0,2,52,6,60,34,0,34,94
12/30/2022,TCL,AL,ASO,ES,Federal Contract Tower,0,0,23,0,23,0,0,5,0,5,0,0,28,0,28,8,0,8,36
12/31/2022,TCL,AL,ASO,ES,Federal Contract Tower,0,3,8,0,11,0,0,6,0,6,0,3,14,0,17,0,0,0,17
01/01/2023,TCL,AL,ASO,ES,Federal Contract Tower,2,5,12,0,19,0,0,29,0,29,2,5,41,0,48,32,0,32,80
01/02/2023,TCL,AL,ASO,ES,Federal Contract Tower,0,2,14,0,16,0,0,7,0,7,0,2,21,0,23,0,0,0,23
01/03/2023,TCL,AL,ASO,ES,Federal Contract Tower,0,7,8,0,15,0,0,0,0,0,0,7,8,0,15,0,0,0,15
01/04/2023,TCL,AL,ASO,ES,Federal Contract Tower,0,2,19,8,29,0,0,27,4,31,0,2,46,12,60,22,0,22,82
01/05/2023,TCL,AL,ASO,ES,Federal Contract Tower,0,16,16,14,46,0,4,28,3,35,0,20,44,17,81,8,0,8,89
01/06/2023,TCL,AL,ASO,ES,Federal Contract Tower,1,8,23,15,47,0,0,39,4,43,1,8,62,19,90,12,0,12,102
01/07/2023,TCL,AL,ASO,ES,Federal Contract Tower,1,2,26,1,30,0,0,51,1,52,1,2,77,2,82,30,0,30,112
01/08/2023,TCL,AL,ASO,ES,Federal Contract Tower,0,8,22,4,34,0,0,0,0,0,0,8,22,4,34,0,0,0,34
01/09/2023,TCL,AL,ASO,ES,Federal Contract Tower,1,7,26,14,48,0,0,40,10,50,1,7,66,24,98,66,0,66,164
01/10/2023,TCL,AL,ASO,ES,Federal Contract Tower,1,3,21,9,34,0,0,18,3,21,1,3,39,12,55,40,0,40,95
01/11/2023,TCL,AL,ASO,ES,Federal Contract Tower,0,2,18,4,24,0,0,4,0,4,0,2,22,4,28,0,0,0,28
01/12/2023,TCL,AL,ASO,ES,Federal Contract Tower,2,5,15,0,22,0,0,0,0,0,2,5,15,0,22,0,0,0,22
01/13/2023,TCL,AL,ASO,ES,Federal Contract Tower,2,5,21,12,40,0,2,7,0,9,2,7,28,12,49,0,0,0,49
01/14/2023,TCL,AL,ASO,ES,Federal Contract Tower,0,5,14,6,25,0,0,26,0,26,0,5,40,6,51,0,0,0,51
01/15/2023,TCL,AL,ASO,ES,Federal Contract Tower,0,3,9,2,14,0,3,46,0,49,0,6,55,2,63,52,0,52,115
01/16/2023,TCL,AL,ASO,ES,Federal Contract Tower,2,1,24,1,28,0,4,22,0,26,2,5,46,1,54,12,0,12,66
01/17/2023,TCL,AL,ASO,ES,Federal Contract Tower,2,6,31,4,43,0,0,7,0,7,2,6,38,4,50,0,0,0,50
01/18/2023,TCL,AL,ASO,ES,Federal Contract Tower,2,2,20,0,24,0,0,0,0,0,2,2,20,0,24,0,0,0,24
01/19/2023,TCL,AL,ASO,ES,Federal Contract Tower,0,6,29,2,37,0,0,32,0,32,0,6,61,2,69,20,0,20,89
01/20/2023,TCL,AL,ASO,ES,Federal Contract Tower,1,8,31,12,52,0,4,32,2,38,1,12,63,14,90,36,0,36,126
01/21/2023,TCL,AL,ASO,ES,Federal Contract Tower,0,2,4,4,10,0,0,28,0,28,0,2,32,4,38,16,0,16,54
01/22/2023,TCL,AL,ASO,ES,Federal Contract Tower,2,3,22,0,27,0,0,3,0,3,2,3,25,0,30,0,0,0,30
01/23/2023,TCL,AL,ASO,ES,Federal Contract Tower,1,3,25,15,44,0,0,50,5,55,1,3,75,20,99,86,2,88,187
01/24/2023,TCL,AL,ASO,ES,Federal Contract Tower,1,7,26,16,50,0,0,31,5,36,1,7,57,21,86,140,6,146,232
01/25/2023,TCL,AL,ASO,ES,Federal Contract Tower,0,3,16,5,24,0,0,7,0,7,0,3,23,5,31,0,0,0,31
01/26/2023,TCL,AL,ASO,ES,Federal Contract Tower,0,2,29,4,35,0,0,27,0,27,0,2,56,4,62,56,12,68,130
01/27/2023,TCL,AL,ASO,ES,Federal Contract Tower,3,8,31,16,58,0,0,52,2,54,3,8,83,18,112,68,12,80,192
01/28/2023,TCL,AL,ASO,ES,Federal Contract Tower,0,6,19,16,41,0,2,54,0,56,0,8,73,16,97,70,18,88,185
01/29/2023,TCL,AL,ASO,ES,Federal Contract Tower,0,3,25,1,29,0,0,6,0,6,0,3,31,1,35,2,0,2,37
01/30/2023,TCL,AL,ASO,ES,Federal Contract Tower,1,6,30,10,47,0,0,4,0,4,1,6,34,10,51,12,0,12,63
01/31/2023,TCL,AL,ASO,ES,Federal Contract Tower,0,10,12,0,22,0,0,0,0,0,0,10,12,0,22,0,0,0,22
02/01/2023,TCL,AL,ASO,ES,Federal Contract Tower,1,5,21,0,27,0,0,4,0,4,1,5,25,0,31,18,0,18,49
02/02/2023,TCL,AL,ASO,ES,Federal Contract Tower,0,13,10,0,23,0,0,0,0,0,0,13,10,0,23,0,0,0,23
02/03/2023,TCL,AL,ASO,ES,Federal Contract Tower,3,6,20,8,37,0,2,34,3,39,3,8,54,11,76,66,4,70,146
02/04/2023,TCL,AL,ASO,ES,Federal Contract Tower,0,7,23,0,30,0,0,48,0,48,0,7,71,0,78,32,0,32,110
02/05/2023,TCL,AL,ASO,ES,Federal Contract Tower,0,2,21,0,23,0,2,42,15,59,0,4,63,15,82,78,0,78,160
02/06/2023,TCL,AL,ASO,ES,Federal Contract Tower,0,6,43,8,57,0,4,41,4,49,0,10,84,12,106,146,0,146,252
02/07/2023,TCL,AL,ASO,ES,Federal Contract Tower,3,8,18,26,55,0,2,42,10,54,3,10,60,36,109,48,12,60,169
02/08/2023,TCL,AL,ASO,ES,Federal Contract Tower,1,1,33,4,39,0,0,0,6,6,1,1,33,10,45,2,28,30,75
02/09/2023,TCL,AL,ASO,ES,Federal Contract Tower,2,8,21,4,35,0,2,23,20,45,2,10,44,24,80,32,2,34,114
02/10/2023,TCL,AL,ASO,ES,Federal Contract Tower,0,8,33,11,52,0,0,19,10,29,0,8,52,21,81,27,0,27,108
02/11/2023,TCL,AL,ASO,ES,Federal Contract Tower,0,4,15,0,19,0,0,1,0,1,0,4,16,0,20,0,0,0,20
02/12/2023,TCL,AL,ASO,ES,Federal Contract Tower,0,6,21,0,27,0,1,27,4,32,0,7,48,4,59,32,0,32,91
02/13/2023,TCL,AL,ASO,ES,Federal Contract Tower,0,5,16,8,29,0,0,25,10,35,0,5,41,18,64,18,28,46,110
02/14/2023,TCL,AL,ASO,ES,Federal Contract Tower,2,8,15,0,25,0,5,19,4,28,2,13,34,4,53,16,0,16,69
02/15/2023,TCL,AL,ASO,ES,Federal Contract Tower,1,6,19,0,26,0,2,10,0,12,1,8,29,0,38,0,0,0,38
02/16/2023,TCL,AL,ASO,ES,Federal Contract Tower,1,7,12,0,20,0,0,3,0,3,1,7,15,0,23,0,0,0,23
02/17/2023,TCL,AL,ASO,ES,Federal Contract Tower,2,11,31,2,46,0,4,21,0,25,2,15,52,2,71,98,0,98,169
02/18/2023,TCL,AL,ASO,ES,Federal Contract Tower,0,9,27,0,36,0,0,47,0,47,0,9,74,0,83,38,0,38,121
02/19/2023,TCL,AL,ASO,ES,Federal Contract Tower,0,12,19,0,31,0,2,44,6,52,0,14,63,6,83,50,0,50,133
02/20/2023,TCL,AL,ASO,ES,Federal Contract Tower,2,12,38,0,52,0,0,30,0,30,2,12,68,0,82,50,0,50,132
02/21/2023,TCL,AL,ASO,ES,Federal Contract Tower,2,5,25,5,37,0,0,7,0,7,2,5,32,5,44,36,8,44,88
02/22/2023,TCL,AL,ASO,ES,Federal Contract Tower,1,4,20,9,34,0,4,11,0,15,1,8,31,9,49,0,4,4,53
02/23/2023,TCL,AL,ASO,ES,Federal Contract Tower,0,10,28,2,40,0,0,13,0,13,0,10,41,2,53,8,0,8,61
02/24/2023,TCL,AL,ASO,ES,Federal Contract Tower,1,12,31,0,44,0,0,7,1,8,1,12,38,1,52,18,0,18,70
02/25/2023,TCL,AL,ASO,ES,Federal Contract Tower,0,7,38,2,47,0,0,6,0,6,0,7,44,2,53,8,0,8,61
02/26/2023,TCL,AL,ASO,ES,Federal Contract Tower,0,12,24,0,36,0,0,15,0,15,0,12,39,0,51,22,0,22,73
02/27/2023,TCL,AL,ASO,ES,Federal Contract Tower,0,7,18,0,25,0,0,18,0,18,0,7,36,0,43,0,0,0,43
02/28/2023,TCL,AL,ASO,ES,Federal Contract Tower,0,5,34,7,46,0,2,36,7,45,0,7,70,14,91,80,0,80,171
03/01/2023,TCL,AL,ASO,ES,Federal Contract Tower,0,11,29,10,50,0,3,19,0,22,0,14,48,10,72,48,0,48,120
03/02/2023,TCL,AL,ASO,ES,Federal Contract Tower,0,8,26,3,37,0,0,4,0,4,0,8,30,3,41,0,10,10,51
03/03/2023,TCL,AL,ASO,ES,Federal Contract Tower,1,10,22,0,33,0,0,7,0,7,1,10,29,0,40,4,0,4,44
03/04/2023,TCL,AL,ASO,ES,Federal Contract Tower,0,8,28,1,37,0,0,56,0,56,0,8,84,1,93,72,0,72,165
03/05/2023,TCL,AL,ASO,ES,Federal Contract Tower,0,18,25,0,43,0,0,66,0,66,0,18,91,0,109,46,0,46,155
03/06/2023,TCL,AL,ASO,ES,Federal Contract Tower,0,6,16,6,28,0,3,50,3,56,0,9,66,9,84,74,12,86,170
03/07/2023,TCL,AL,ASO,ES,Federal Contract Tower,0,4,15,14,33,0,0,21,12,33,0,4,36,26,66,26,0,26,92
03/08/2023,TCL,AL,ASO,ES,Federal Contract Tower,0,2,23,18,43,0,0,20,4,24,0,2,43,22,67,4,18,22,89
03/09/2023,TCL,AL,ASO,ES,Federal Contract Tower,0,6,19,8,33,0,0,7,0,7,0,6,26,8,40,10,12,22,62
03/10/2023,TCL,AL,ASO,ES,Federal Contract Tower,0,2,44,0,46,0,5,19,6,30,0,7,63,6,76,20,4,24,100
03/11/2023,TCL,AL,ASO,ES,Federal Contract Tower,0,6,19,8,33,0,1,48,0,49,0,7,67,8,82,96,0,96,178
03/12/2023,TCL,AL,ASO,ES,Federal Contract Tower,0,0,9,0,9,0,0,0,0,0,0,0,9,0,9,0,0,0,9
03/13/2023,TCL,AL,ASO,ES,Federal Contract Tower,0,11,18,3,32,0,0,37,2,39,0,11,55,5,71,60,10,70,141
03/14/2023,TCL,AL,ASO,ES,Federal Contract Tower,0,3,10,4,17,0,0,29,0,29,0,3,39,4,46,26,0,26,72
03/15/2023,TCL,AL,ASO,ES,Federal Contract Tower,0,5,32,14,51,0,4,59,0,63,0,9,91,14,114,96,12,108,222
03/16/2023,TCL,AL,ASO,ES,Federal Contract Tower,1,5,31,5,42,0,0,56,8,64,1,5,87,13,106,40,0,40,146
03/17/2023,TCL,AL,ASO,ES,Federal Contract Tower,0,3,9,0,12,0,0,5,0,5,0,3,14,0,17,0,0,0,17
03/18/2023,TCL,AL,ASO,ES,Federal Contract Tower,2,7,11,0,20,0,2,30,2,34,2,9,41,2,54,50,0,50,104
03/19/2023,TCL,AL,ASO,ES,Federal Contract Tower,2,6,34,4,46,0,0,37,4,41,2,6,71,8,87,8,0,8,95
03/20/2023,TCL,AL,ASO,ES,Federal Contract Tower,0,4,26,7,37,0,0,37,4,41,0,4,63,11,78,76,0,76,154
03/21/2023,TCL,AL,ASO,ES,Federal Contract Tower,0,4,19,10,33,0,0,32,19,51,0,4,51,29,84,38,8,46,130
03/22/2023,TCL,AL,ASO,ES,Federal Contract Tower,2,11,39,17,69,0,4,44,14,62,2,15,83,31,131,32,2,34,165
03/23/2023,TCL,AL,ASO,ES,Federal Contract Tower,0,13,28,11,52,0,0,47,9,56,0,13,75,20,108,24,2,26,134
03/24/2023,TCL,AL,ASO,ES,Federal Contract Tower,0,7,34,11,52,0,0,7,2,9,0,7,41,13,61,30,20,50,111
03/25/2023,TCL,AL,ASO,ES,Federal Contract Tower,2,5,21,4,32,0,0,21,0,21,2,5,42,4,53,26,0,26,79
03/26/2023,TCL,AL,ASO,ES,Federal Contract Tower,0,7,23,3,33,0,0,27,2,29,0,7,50,5,62,60,0,60,122
03/27/2023,TCL,AL,ASO,ES,Federal Contract Tower,0,10,17,10,37,0,0,53,0,53,0,10,70,10,90,72,0,72,162
03/28/2023,TCL,AL,ASO,ES,Federal Contract Tower,1,6,28,16,51,0,0,22,6,28,1,6,50,22,79,22,14,36,115
03/29/2023,TCL,AL,ASO,ES,Federal Contract Tower,0,7,25,12,44,0,6,68,5,79,0,13,93,17,123,28,0,28,151
03/30/2023,TCL,AL,ASO,ES,Federal Contract Tower,1,21,41,10,73,0,0,33,14,47,1,21,74,24,120,50,6,56,176
03/31/2023,TCL,AL,ASO,ES,Federal Contract Tower,0,17,36,0,53,0,2,5,0,7,0,19,41,0,60,4,0,4,64
04/01/2023,TCL,AL,ASO,ES,Federal Contract Tower,0,6,8,0,14,0,0,8,1,9,0,6,16,1,23,6,0,6,29
04/02/2023,TCL,AL,ASO,ES,Federal Contract Tower,1,15,46,0,62,0,2,58,0,60,1,17,104,0,122,52,0,52,174
04/03/2023,TCL,AL,ASO,ES,Federal Contract Tower,4,5,24,0,33,0,0,2,0,2,4,5,26,0,35,10,0,10,45
04/04/2023,TCL,AL,ASO,ES,Federal Contract Tower,0,8,58,2,68,0,0,18,0,18,0,8,76,2,86,32,0,32,118
04/05/2023,TCL,AL,ASO,ES,Federal Contract Tower,2,18,33,8,61,0,2,49,4,55,2,20,82,12,116,58,0,58,174
04/06/2023,TCL,AL,ASO,ES,Federal Contract Tower,1,18,26,0,45,0,1,10,3,14,1,19,36,3,59,8,8,16,75
04/07/2023,TCL,AL,ASO,ES,Federal Contract Tower,0,4,20,4,28,0,0,3,0,3,0,4,23,4,31,12,22,34,65
04/08/2023,TCL,AL,ASO,ES,Federal Contract Tower,1,0,4,0,5,0,0,0,0,0,1,0,4,0,5,0,0,0,5
04/09/2023,TCL,AL,ASO,ES,Federal Contract Tower,0,9,15,0,24,0,2,13,2,17,0,11,28,2,41,0,6,6,47
04/10/2023,TCL,AL,ASO,ES,Federal Contract Tower,0,5,36,15,56,0,78,10,0,88,0,83,46,15,144,44,42,86,230
04/11/2023,TCL,AL,ASO,ES,Federal Contract Tower,1,10,30,30,71,0,2,52,6,60,1,12,82,36,131,24,4,28,159
04/12/2023,TCL,AL,ASO,ES,Federal Contract Tower,1,8,26,18,53,0,0,49,14,63,1,8,75,32,116,62,0,62,178
04/13/2023,TCL,AL,ASO,ES,Federal Contract Tower,0,13,23,4,40,0,0,4,0,4,0,13,27,4,44,12,0,12,56
04/14/2023,TCL,AL,ASO,ES,Federal Contract Tower,3,8,41,9,61,0,0,19,16,35,3,8,60,25,96,34,0,34,130
04/15/2023,TCL,AL,ASO,ES,Federal Contract Tower,0,4,21,6,31,0,0,27,0,27,0,4,48,6,58,66,0,66,124
04/16/2023,TCL,AL,ASO,ES,Federal Contract Tower,0,11,29,6,46,0,4,15,2,21,0,15,44,8,67,14,0,14,81
04/17/2023,TCL,AL,ASO,ES,Federal Contract Tower,1,7,21,14,43,0,2,50,2,54,1,9,71,16,97,52,4,56,153
04/18/2023,TCL,AL,ASO,ES,Federal Contract Tower,0,12,23,17,52,0,0,48,4,52,0,12,71,21,104,50,0,50,154
04/19/2023,TCL,AL,ASO,ES,Federal Contract Tower,0,14,19,10,43,0,2,42,8,52,0,16,61,18,95,84,0,84,179
04/20/2023,TCL,AL,ASO,ES,Federal Contract Tower,0,14,40,12,66,0,2,51,9,62,0,16,91,21,128,30,14,44,172
04/21/2023,TCL,AL,ASO,ES,Federal Contract Tower,1,8,21,2,32,0,0,22,0,22,1,8,43,2,54,56,0,56,110
04/22/2023,TCL,AL,ASO,ES,Federal Contract Tower,1,9,36,4,50,0,0,47,0,47,1,9,83,4,97,24,6,30,127
04/23/2023,TCL,AL,ASO,ES,Federal Contract Tower,0,5,35,3,43,0,0,29,0,29,0,5,64,3,72,6,0,6,78
04/24/2023,TCL,AL,ASO,ES,Federal Contract Tower,0,12,27,6,45,0,0,45,12,57,0,12,72,18,102,32,0,32,134
04/25/2023,TCL,AL,ASO,ES,Federal Contract Tower,0,1,16,6,23,0,0,41,7,48,0,1,57,13,71,32,0,32,103
04/26/2023,TCL,AL,ASO,ES,Federal Contract Tower,0,2,22,31,55,0,3,22,13,38,0,5,44,44,93,30,68,98,191
04/27/2023,TCL,AL,ASO,ES,Federal Contract Tower,0,7,23,1,31,0,0,2,0,2,0,7,25,1,33,0,0,0,33
04/28/2023,TCL,AL,ASO,ES,Federal Contract Tower,0,6,31,8,45,0,6,32,4,42,0,12,63,12,87,48,12,60,147
04/29/2023,TCL,AL,ASO,ES,Federal Contract Tower,0,0,7,2,9,0,0,25,1,26,0,0,32,3,35,0,2,2,37
04/30/2023,TCL,AL,ASO,ES,Federal Contract Tower,0,5,28,1,34,0,4,11,13,28,0,9,39,14,62,6,0,6,68
05/01/2023,TCL,AL,ASO,ES,Federal Contract Tower,0,9,16,10,35,0,2,15,5,22,0,11,31,15,57,4,0,4,61
05/02/2023,TCL,AL,ASO,ES,Federal Contract Tower,0,2,23,10,35,0,2,23,4,29,0,4,46,14,64,0,0,0,64
05/03/2023,TCL,AL,ASO,ES,Federal Contract Tower,0,3,31,9,43,0,0,33,0,33,0,3,64,9,76,58,0,58,134
05/04/2023,TCL,AL,ASO,ES,Federal Contract Tower,0,18,25,24,67,0,0,43,1,44,0,18,68,25,111,16,26,42,153
05/05/2023,TCL,AL,ASO,ES,Federal Contract Tower,1,19,58,43,121,0,1,19,2,22,1,20,77,45,143,2,0,2,145
05/06/2023,TCL,AL,ASO,ES,Federal Contract Tower,0,7,15,0,22,0,0,15,2,17,0,7,30,2,39,10,0,10,49
05/07/2023,TCL,AL,ASO,ES,Federal Contract Tower,0,19,34,0,53,0,2,28,2,32,0,21,62,2,85,44,0,44,129
05/08/2023,TCL,AL,ASO,ES,Federal Contract Tower,0,9,28,13,50,0,6,15,0,21,0,15,43,13,71,42,0,42,113
05/09/2023,TCL,AL,ASO,ES,Federal Contract Tower,2,6,23,6,37,0,0,13,2,15,2,6,36,8,52,52,0,52,104
05/10/2023,TCL,AL,ASO,ES,Federal Contract Tower,0,7,15,19,41,0,1,18,13,32,0,8,33,32,73,50,8,58,131
05/11/2023,TCL,AL,ASO,ES,Federal Contract Tower,0,12,12,19,43,0,0,12,3,15,0,12,24,22,58,22,0,22,80
05/12/2023,TCL,AL,ASO,ES,Federal Contract Tower,0,6,30,14,50,0,0,35,0,35,0,6,65,14,85,74,12,86,171
05/13/2023,TCL,AL,ASO,ES,Federal Contract Tower,2,8,20,0,30,0,0,33,2,35,2,8,53,2,65,26,0,26,91
05/14/2023,TCL,AL,ASO,ES,Federal Contract Tower,0,4,18,2,24,0,4,24,0,28,0,8,42,2,52,4,0,4,56
05/15/2023,TCL,AL,ASO,ES,Federal Contract Tower,2,3,10,2,17,0,8,37,5,50,2,11,47,7,67,66,2,68,135
05/16/2023,TCL,AL,ASO,ES,Federal Contract Tower,0,1,18,4,23,0,2,7,3,12,0,3,25,7,35,18,0,18,53
05/17/2023,TCL,AL,ASO,ES,Federal Contract Tower,0,4,11,1,16,0,0,15,2,17,0,4,26,3,33,38,0,38,71
05/18/2023,TCL,AL,ASO,ES,Federal Contract Tower,0,12,33,0,45,0,0,10,0,10,0,12,43,0,55,0,0,0,55
05/19/2023,TCL,AL,ASO,ES,Federal Contract Tower,0,5,32,0,37,0,6,19,0,25,0,11,51,0,62,46,0,46,108
05/20/2023,TCL,AL,ASO,ES,Federal Contract Tower,0,3,11,0,14,0,0,3,0,3,0,3,14,0,17,0,0,0,17
05/21/2023,TCL,AL,ASO,ES,Federal Contract Tower,0,5,24,20,49,0,2,25,4,31,0,7,49,24,80,16,4,20,100
05/22/2023,TCL,AL,ASO,ES,Federal Contract Tower,0,2,22,16,40,0,0,15,2,17,0,2,37,18,57,8,0,8,65
05/23/2023,TCL,AL,ASO,ES,Federal Contract Tower,2,4,24,6,36,0,0,4,0,4,2,4,28,6,40,16,0,16,56
05/24/2023,TCL,AL,ASO,ES,Federal Contract Tower,2,8,34,18,62,0,1,23,5,29,2,9,57,23,91,16,6,22,113
05/25/2023,TCL,AL,ASO,ES,Federal Contract Tower,0,7,27,11,45,0,0,0,0,0,0,7,27,11,45,22,10,32,77
05/26/2023,TCL,AL,ASO,ES,Federal Contract Tower,0,3,30,0,33,0,4,30,2,36,0,7,60,2,69,42,4,46,115
05/27/2023,TCL,AL,ASO,ES,Federal Contract Tower,0,2,12,1,15,0,4,30,6,40,0,6,42,7,55,20,0,20,75
05/28/2023,TCL,AL,ASO,ES,Federal Contract Tower,0,0,1,0,1,0,0,26,0,26,0,0,27,0,27,40,0,40,67
05/29/2023,TCL,AL,ASO,ES,Federal Contract Tower,0,1,20,0,21,0,0,36,0,36,0,1,56,0,57,6,0,6,63
05/30/2023,TCL,AL,ASO,ES,Federal Contract Tower,2,1,28,16,47,0,0,31,4,35,2,1,59,20,82,26,0,26,108
05/31/2023,TCL,AL,ASO,ES,Federal Contract Tower,2,2,25,0,29,0,0,35,9,44,2,2,60,9,73,20,0,20,93
06/01/2023,TCL,AL,ASO,ES,Federal Contract Tower,0,3,34,0,37,0,0,38,0,38,0,3,72,0,75,40,0,40,115
06/02/2023,TCL,AL,ASO,ES,Federal Contract Tower,0,4,18,5,27,0,0,27,8,35,0,4,45,13,62,60,4,64,126
06/03/2023,TCL,AL,ASO,ES,Federal Contract Tower,0,3,16,0,19,0,0,30,5,35,0,3,46,5,54,28,0,28,82
06/04/2023,TCL,AL,ASO,ES,Federal Contract Tower,0,2,19,2,23,0,0,31,8,39,0,2,50,10,62,18,0,18,80
06/05/2023,TCL,AL,ASO,ES,Federal Contract Tower,1,4,10,0,15,0,0,22,0,22,1,4,32,0,37,8,0,8,45
06/06/2023,TCL,AL,ASO,ES,Federal Contract Tower,0,7,21,14,42,0,0,32,2,34,0,7,53,16,76,12,0,12,88
06/07/2023,TCL,AL,ASO,ES,Federal Contract Tower,0,4,13,12,29,0,5,26,0,31,0,9,39,12,60,8,0,8,68
06/08/2023,TCL,AL,ASO,ES,Federal Contract Tower,0,8,28,10,46,0,0,27,2,29,0,8,55,12,75,30,0,30,105
06/09/2023,TCL,AL,ASO,ES,Federal Contract Tower,0,4,22,31,57,0,2,43,15,60,0,6,65,46,117,0,2,2,119
06/10/2023,TCL,AL,ASO,ES,Federal Contract Tower,0,0,11,5,16,0,0,16,11,27,0,0,27,16,43,12,48,60,103
06/11/2023,TCL,AL,ASO,ES,Federal Contract Tower,0,4,18,4,26,0,0,7,0,7,0,4,25,4,33,16,0,16,49
06/12/2023,TCL,AL,ASO,ES,Federal Contract Tower,2,1,23,12,38,0,0,10,10,20,2,1,33,22,58,4,0,4,62
06/13/2023,TCL,AL,ASO,ES,Federal Contract Tower,0,6,16,13,35,0,0,14,3,17,0,6,30,16,52,8,0,8,60
06/14/2023,TCL,AL,ASO,ES,Federal Contract Tower,0,4,13,0,17,0,0,11,0,11,0,4,24,0,28,2,0,2,30
06/15/2023,TCL,AL,ASO,ES,Federal Contract Tower,0,5,9,0,14,0,0,8,2,10,0,5,17,2,24,0,10,10,34
06/16/2023,TCL,AL,ASO,ES,Federal Contract Tower,0,6,19,5,30,0,0,12,9,21,0,6,31,14,51,20,0,20,71
06/17/2023,TCL,AL,ASO,ES,Federal Contract Tower,0,4,12,0,16,0,0,23,0,23,0,4,35,0,39,24,0,24,63
06/18/2023,TCL,AL,ASO,ES,Federal Contract Tower,0,8,19,0,27,0,4,4,0,8,0,12,23,0,35,20,0,20,55
06/19/2023,TCL,AL,ASO,ES,Federal Contract Tower,0,2,15,1,18,0,0,23,0,23,0,2,38,1,41,0,0,0,41
06/20/2023,TCL,AL,ASO,ES,Federal Contract Tower,0,3,23,16,42,0,0,38,9,47,0,3,61,25,89,22,12,34,123
06/21/2023,TCL,AL,ASO,ES,Federal Contract Tower,0,4,19,10,33,0,2,15,0,17,0,6,34,10,50,8,0,8,58
06/22/2023,TCL,AL,ASO,ES,Federal Contract Tower,0,8,16,13,37,0,0,16,2,18,0,8,32,15,55,12,4,16,71
06/23/2023,TCL,AL,ASO,ES,Federal Contract Tower,0,2,20,6,28,0,0,26,4,30,0,2,46,10,58,20,0,20,78
06/24/2023,TCL,AL,ASO,ES,Federal Contract Tower,0,3,8,0,11,0,0,80,1,81,0,3,88,1,92,20,0,20,112
06/25/2023,TCL,AL,ASO,ES,Federal Contract Tower,0,5,22,0,27,0,2,21,2,25,0,7,43,2,52,6,0,6,58
06/26/2023,TCL,AL,ASO,ES,Federal Contract Tower,0,6,18,2,26,0,0,29,2,31,0,6,47,4,57,36,0,36,93
06/27/2023,TCL,AL,ASO,ES,Federal Contract Tower,0,3,24,2,29,0,0,28,4,32,0,3,52,6,61,20,0,20,81
06/28/2023,TCL,AL,ASO,ES,Federal Contract Tower,0,6,22,4,32,0,0,40,10,50,0,6,62,14,82,22,0,22,104
06/29/2023,TCL,AL,ASO,ES,Federal Contract Tower,0,5,27,4,36,0,0,34,2,36,0,5,61,6,72,36,0,36,108
06/30/2023,TCL,AL,ASO,ES,Federal Contract Tower,0,4,31,4,39,0,4,25,2,31,0,8,56,6,70,16,0,16,86
07/01/2023,TCL,AL,ASO,ES,Federal Contract Tower,0,1,15,1,17,0,0,31,4,35,0,1,46,5,52,58,0,58,110
07/02/2023,TCL,AL,ASO,ES,Federal Contract Tower,0,0,11,0,11,0,2,15,0,17,0,2,26,0,28,0,0,0,28
07/03/2023,TCL,AL,ASO,ES,Federal Contract Tower,0,0,6,5,11,0,0,22,2,24,0,0,28,7,35,6,0,6,41
07/04/2023,TCL,AL,ASO,ES,Federal Contract Tower,0,8,7,0,15,0,2,19,0,21,0,10,26,0,36,0,0,0,36
07/05/2023,TCL,AL,ASO,ES,Federal Contract Tower,0,1,21,0,22,0,0,0,0,0,0,1,21,0,22,0,0,0,22
07/06/2023,TCL,AL,ASO,ES,Federal Contract Tower,0,7,25,6,38,0,0,17,4,21,0,7,42,10,59,22,4,26,85
07/07/2023,TCL,AL,ASO,ES,Federal Contract Tower,0,5,16,6,27,0,0,15,0,15,0,5,31,6,42,0,0,0,42
07/08/2023,TCL,AL,ASO,ES,Federal Contract Tower,0,0,11,0,11,0,0,11,0,11,0,0,22,0,22,28,0,28,50
07/09/2023,TCL,AL,ASO,ES,Federal Contract Tower,0,4,17,0,21,0,0,9,0,9,0,4,26,0,30,22,0,22,52
07/10/2023,TCL,AL,ASO,ES,Federal Contract Tower,1,4,21,31,57,0,4,22,4,30,1,8,43,35,87,22,42,64,151
07/11/2023,TCL,AL,ASO,ES,Federal Contract Tower,0,7,24,24,55,0,3,30,6,39,0,10,54,30,94,18,0,18,112
07/12/2023,TCL,AL,ASO,ES,Federal Contract Tower,0,2,30,6,38,0,3,35,0,38,0,5,65,6,76,24,0,24,100
07/13/2023,TCL,AL,ASO,ES,Federal Contract Tower,0,5,14,0,19,0,0,4,0,4,0,5,18,0,23,0,0,0,23
07/14/2023,TCL,AL,ASO,ES,Federal Contract Tower,0,1,15,0,16,0,0,9,0,9,0,1,24,0,25,6,0,6,31
07/15/2023,TCL,AL,ASO,ES,Federal Contract Tower,0,0,10,1,11,0,0,26,2,28,0,0,36,3,39,46,0,46,85
07/16/2023,TCL,AL,ASO,ES,Federal Contract Tower,0,2,12,7,21,0,0,25,5,30,0,2,37,12,51,14,0,14,65
07/17/2023,TCL,AL,ASO,ES,Federal Contract Tower,0,2,26,9,37,0,1,31,2,34,0,3,57,11,71,16,4,20,91
07/18/2023,TCL,AL,ASO,ES,Federal Contract Tower,0,5,27,6,38,0,0,24,0,24,0,5,51,6,62,28,0,28,90
07/19/2023,TCL,AL,ASO,ES,Federal Contract Tower,0,2,27,11,40,0,0,23,3,26,0,2,50,14,66,34,18,52,118
07/20/2023,TCL,AL,ASO,ES,Federal Contract Tower,0,0,11,0,11,0,0,7,0,7,0,0,18,0,18,0,0,0,18
07/21/2023,TCL,AL,ASO,ES,Federal Contract Tower,0,1,18,2,21,0,2,22,0,24,0,3,40,2,45,30,0,30,75
07/22/2023,TCL,AL,ASO,ES,Federal Contract Tower,0,1,19,0,20,0,0,5,0,5,0,1,24,0,25,6,0,6,31
07/23/2023,TCL,AL,ASO,ES,Federal Contract Tower,0,0,30,2,32,0,0,36,0,36,0,0,66,2,68,16,0,16,84
07/24/2023,TCL,AL,ASO,ES,Federal Contract Tower,0,3,6,16,25,0,2,63,6,71,0,5,69,22,96,50,14,64,160
07/25/2023,TCL,AL,ASO,ES,Federal Contract Tower,0,4,18,12,34,0,6,53,0,59,0,10,71,12,93,40,0,40,133
07/26/2023,TCL,AL,ASO,ES,Federal Contract Tower,0,6,24,16,46,0,4,48,8,60,0,10,72,24,106,36,2,38,144
07/27/2023,TCL,AL,ASO,ES,Federal Contract Tower,0,5,32,18,55,0,0,40,1,41,0,5,72,19,96,40,18,58,154
07/28/2023,TCL,AL,ASO,ES,Federal Contract Tower,0,8,28,9,45,0,0,24,7,31,0,8,52,16,76,18,12,30,106
07/29/2023,TCL,AL,ASO,ES,Federal Contract Tower,0,0,15,0,15,0,0,29,0,29,0,0,44,0,44,42,0,42,86
07/30/2023,TCL,AL,ASO,ES,Federal Contract Tower,0,2,27,2,31,0,0,33,0,33,0,2,60,2,64,18,0,18,82
07/31/2023,TCL,AL,ASO,ES,Federal Contract Tower,0,12,29,18,59,0,0,50,12,62,0,12,79,30,121,88,2,90,211
08/01/2023,TCL,AL,ASO,ES,Federal Contract Tower,0,8,24,4,36,0,1,35,4,40,0,9,59,8,76,30,0,30,106
08/02/2023,TCL,AL,ASO,ES,Federal Contract Tower,0,4,14,5,23,0,0,48,10,58,0,4,62,15,81,28,0,28,109
08/03/2023,TCL,AL,ASO,ES,Federal Contract Tower,1,2,16,12,31,0,2,28,0,30,1,4,44,12,61,38,0,38,99
08/04/2023,TCL,AL,ASO,ES,Federal Contract Tower,0,10,17,0,27,0,0,14,0,14,0,10,31,0,41,14,0,14,55
08/05/2023,TCL,AL,ASO,ES,Federal Contract Tower,0,5,18,3,26,0,0,27,0,27,0,5,45,3,53,38,0,38,91
08/06/2023,TCL,AL,ASO,ES,Federal Contract Tower,0,5,13,0,18,0,4,25,0,29,0,9,38,0,47,4,0,4,51
08/07/2023,TCL,AL,ASO,ES,Federal Contract Tower,0,2,26,10,38,0,0,33,3,36,0,2,59,13,74,48,10,58,132
08/08/2023,TCL,AL,ASO,ES,Federal Contract Tower,0,9,16,2,27,0,0,15,0,15,0,9,31,2,42,22,0,22,64
08/09/2023,TCL,AL,ASO,ES,Federal Contract Tower,1,4,21,27,53,0,2,22,4,28,1,6,43,31,81,26,38,64,145
08/10/2023,TCL,AL,ASO,ES,Federal Contract Tower,0,6,20,0,26,0,0,21,0,21,0,6,41,0,47,2,8,10,57
08/11/2023,TCL,AL,ASO,ES,Federal Contract Tower,0,5,31,4,40,0,0,31,20,51,0,5,62,24,91,22,8,30,121
08/12/2023,TCL,AL,ASO,ES,Federal Contract Tower,0,4,9,2,15,0,0,39,4,43,0,4,48,6,58,58,0,58,116
08/13/2023,TCL,AL,ASO,ES,Federal Contract Tower,0,5,15,4,24,0,4,32,0,36,0,9,47,4,60,0,0,0,60
08/14/2023,TCL,AL,ASO,ES,Federal Contract Tower,0,11,28,10,49,0,2,29,2,33,0,13,57,12,82,20,0,20,102
08/15/2023,TCL,AL,ASO,ES,Federal Contract Tower,0,9,20,5,34,0,1,32,6,39,0,10,52,11,73,36,0,36,109
08/16/2023,TCL,AL,ASO,ES,Federal Contract Tower,0,2,30,6,38,0,0,60,10,70,0,2,90,16,108,82,0,82,190
08/17/2023,TCL,AL,ASO,ES,Federal Contract Tower,0,5,22,4,31,0,2,42,16,60,0,7,64,20,91,64,0,64,155
08/18/2023,TCL,AL,ASO,ES,Federal Contract Tower,0,0,41,2,43,0,4,51,4,59,0,4,92,6,102,32,0,32,134
08/19/2023,TCL,AL,ASO,ES,Federal Contract Tower,0,0,19,0,19,0,0,37,4,41,0,0,56,4,60,30,0,30,90
08/20/2023,TCL,AL,ASO,ES,Federal Contract Tower,0,6,30,2,38,0,3,23,1,27,0,9,53,3,65,0,0,0,65
08/21/2023,TCL,AL,ASO,ES,Federal Contract Tower,0,3,20,18,41,0,0,14,2,16,0,3,34,20,57,40,4,44,101
08/22/2023,TCL,AL,ASO,ES,Federal Contract Tower,0,6,29,15,50,0,0,17,12,29,0,6,46,27,79,22,6,28,107
08/23/2023,TCL,AL,ASO,ES,Federal Contract Tower,0,3,28,0,31,0,0,17,1,18,0,3,45,1,49,4,0,4,53
08/24/2023,TCL,AL,ASO,ES,Federal Contract Tower,0,4,20,27,51,0,0,19,8,27,0,4,39,35,78,0,8,8,86
08/25/2023,TCL,AL,ASO,ES,Federal Contract Tower,0,3,23,3,29,0,0,22,1,23,0,3,45,4,52,44,0,44,96
08/26/2023,TCL,AL,ASO,ES,Federal Contract Tower,0,0,12,2,14,0,0,40,1,41,0,0,52,3,55,44,0,44,99
08/27/2023,TCL,AL,ASO,ES,Federal Contract Tower,0,2,22,0,24,0,0,23,0,23,0,2,45,0,47,18,0,18,65
08/28/2023,TCL,AL,ASO,ES,Federal Contract Tower,0,2,19,15,36,0,6,18,0,24,0,8,37,15,60,8,14,22,82
08/29/2023,TCL,AL,ASO,ES,Federal Contract Tower,0,2,35,10,47,0,0,16,0,16,0,2,51,10,63,10,10,20,83
08/30/2023,TCL,AL,ASO,ES,Federal Contract Tower,0,2,28,20,50,0,4,32,19,55,0,6,60,39,105,26,0,26,131
08/31/2023,TCL,AL,ASO,ES,Federal Contract Tower,0,6,29,19,54,0,1,51,4,56,0,7,80,23,110,38,0,38,148
